1.000000e+00,0.000000e+00,0.000000e+00,0.000000e+00,0.000000e+00,0.000000e+00,0.000000e+00,0.000000e+00,0.000000e+00,0.000000e+00,0.000000e+00,0.000000e+00,0.000000e+00,0.000000e+00,0.000000e+00
1.000000e+00,0.000000e+00,0.000000e+00,0.000000e+00,0.000000e+00,0.000000e+00,0.000000e+00,0.000000e+00,0.000000e+00,0.000000e+00,0.000000e+00,0.000000e+00,0.000000e+00,0.000000e+00,0.000000e+00
1.000000e+00,0.000000e+00,0.000000e+00,0.000000e+00,0.000000e+00,0.000000e+00,0.000000e+00,0.000000e+00,0.000000e+00,0.000000e+00,0.000000e+00,0.000000e+00,0.000000e+00,0.000000e+00,0.000000e+00
1.000000e+00,0.000000e+00,0.000000e+00,0.000000e+00,0.000000e+00,0.000000e+00,0.000000e+00,0.000000e+00,0.000000e+00,0.000000e+00,0.000000e+00,0.000000e+00,0.000000e+00,0.000000e+00,0.000000e+00
1.000000e+00,0.000000e+00,0.000000e+00,0.000000e+00,0.000000e+00,0.000000e+00,0.000000e+00,0.000000e+00,0.000000e+00,0.000000e+00,0.000000e+00,0.000000e+00,0.000000e+00,0.000000e+00,0.000000e+00
1.000000e+00,0.000000e+00,0.000000e+00,0.000000e+00,0.000000e+00,0.000000e+00,0.000000e+00,0.000000e+00,0.000000e+00,0.000000e+00,0.000000e+00,0.000000e+00,0.000000e+00,0.000000e+00,0.000000e+00
1.000000e+00,0.000000e+00,0.000000e+00,0.000000e+00,0.000000e+00,0.000000e+00,0.000000e+00,0.000000e+00,0.000000e+00,0.000000e+00,0.000000e+00,0.000000e+00,0.000000e+00,0.000000e+00,0.000000e+00
1.000000e+00,0.000000e+00,0.000000e+00,0.000000e+00,0.000000e+00,0.000000e+00,0.000000e+00,0.000000e+00,0.000000e+00,0.000000e+00,0.000000e+00,0.000000e+00,0.000000e+00,0.000000e+00,0.000000e+00
1.000000e+00,0.000000e+00,0.000000e+00,0.000000e+00,0.000000e+00,0.000000e+00,0.000000e+00,0.000000e+00,0.000000e+00,0.000000e+00,0.000000e+00,0.000000e+00,0.000000e+00,0.000000e+00,0.000000e+00
1.000000e+00,0.000000e+00,0.000000e+00,0.000000e+00,0.000000e+00,0.000000e+00,0.000000e+00,0.000000e+00,0.000000e+00,0.000000e+00,0.000000e+00,0.000000e+00,0.000000e+00,0.000000e+00,0.000000e+00
1.000000e+00,0.000000e+00,0.000000e+00,0.000000e+00,0.000000e+00,0.000000e+00,0.000000e+00,0.000000e+00,0.000000e+00,0.000000e+00,0.000000e+00,0.000000e+00,0.000000e+00,0.000000e+00,0.000000e+00
1.000000e+00,0.000000e+00,0.000000e+00,0.000000e+00,0.000000e+00,0.000000e+00,0.000000e+00,0.000000e+00,0.000000e+00,0.000000e+00,0.000000e+00,0.000000e+00,0.000000e+00,0.000000e+00,0.000000e+00
1.000000e+00,0.000000e+00,0.000000e+00,0.000000e+00,0.000000e+00,0.000000e+00,0.000000e+00,0.000000e+00,0.000000e+00,0.000000e+00,0.000000e+00,0.000000e+00,0.000000e+00,0.000000e+00,0.000000e+00
1.000000e+00,0.000000e+00,0.000000e+00,0.000000e+00,0.000000e+00,0.000000e+00,0.000000e+00,0.000000e+00,0.000000e+00,0.000000e+00,0.000000e+00,0.000000e+00,0.000000e+00,0.000000e+00,0.000000e+00
1.000000e+00,0.000000e+00,0.000000e+00,0.000000e+00,0.000000e+00,0.000000e+00,0.000000e+00,0.000000e+00,0.000000e+00,0.000000e+00,0.000000e+00,0.000000e+00,0.000000e+00,0.000000e+00,0.000000e+00
1.000000e+00,0.000000e+00,0.000000e+00,0.000000e+00,0.000000e+00,0.000000e+00,0.000000e+00,0.000000e+00,0.000000e+00,0.000000e+00,0.000000e+00,0.000000e+00,0.000000e+00,0.000000e+00,0.000000e+00
1.000000e+00,0.000000e+00,0.000000e+00,0.000000e+00,0.000000e+00,0.000000e+00,0.000000e+00,0.000000e+00,0.000000e+00,0.000000e+00,0.000000e+00,0.000000e+00,0.000000e+00,0.000000e+00,0.000000e+00
1.000000e+00,0.000000e+00,0.000000e+00,0.000000e+00,0.000000e+00,0.000000e+00,0.000000e+00,0.000000e+00,0.000000e+00,0.000000e+00,0.000000e+00,0.000000e+00,0.000000e+00,0.000000e+00,0.000000e+00
1.000000e+00,0.000000e+00,0.000000e+00,0.000000e+00,0.000000e+00,0.000000e+00,0.000000e+00,0.000000e+00,0.000000e+00,0.000000e+00,0.000000e+00,0.000000e+00,0.000000e+00,0.000000e+00,0.000000e+00
1.000000e+00,0.000000e+00,0.000000e+00,0.000000e+00,0.000000e+00,0.000000e+00,0.000000e+00,0.000000e+00,0.000000e+00,0.000000e+00,0.000000e+00,0.000000e+00,0.000000e+00,0.000000e+00,0.000000e+00
1.000000e+00,0.000000e+00,0.000000e+00,0.000000e+00,0.000000e+00,0.000000e+00,0.000000e+00,0.000000e+00,0.000000e+00,0.000000e+00,0.000000e+00,0.000000e+00,0.000000e+00,0.000000e+00,0.000000e+00
1.000000e+00,0.000000e+00,0.000000e+00,0.000000e+00,0.000000e+00,0.000000e+00,0.000000e+00,0.000000e+00,0.000000e+00,0.000000e+00,0.000000e+00,0.000000e+00,0.000000e+00,0.000000e+00,0.000000e+00
1.000000e+00,0.000000e+00,0.000000e+00,0.000000e+00,0.000000e+00,0.000000e+00,0.000000e+00,0.000000e+00,0.000000e+00,0.000000e+00,0.000000e+00,0.000000e+00,0.000000e+00,0.000000e+00,0.000000e+00
1.000000e+00,0.000000e+00,0.000000e+00,0.000000e+00,0.000000e+00,0.000000e+00,0.000000e+00,0.000000e+00,0.000000e+00,0.000000e+00,0.000000e+00,0.000000e+00,0.000000e+00,0.000000e+00,0.000000e+00
1.000000e+00,0.000000e+00,0.000000e+00,0.000000e+00,0.000000e+00,0.000000e+00,0.000000e+00,0.000000e+00,0.000000e+00,0.000000e+00,0.000000e+00,0.000000e+00,0.000000e+00,0.000000e+00,0.000000e+00
1.000000e+00,0.000000e+00,0.000000e+00,0.000000e+00,0.000000e+00,0.000000e+00,0.000000e+00,0.000000e+00,0.000000e+00,0.000000e+00,0.000000e+00,0.000000e+00,0.000000e+00,0.000000e+00,0.000000e+00
1.000000e+00,0.000000e+00,0.000000e+00,0.000000e+00,0.000000e+00,0.000000e+00,0.000000e+00,0.000000e+00,0.000000e+00,0.000000e+00,0.000000e+00,0.000000e+00,0.000000e+00,0.000000e+00,0.000000e+00
1.000000e+00,0.000000e+00,0.000000e+00,0.000000e+00,0.000000e+00,0.000000e+00,0.000000e+00,0.000000e+00,0.000000e+00,0.000000e+00,0.000000e+00,0.000000e+00,0.000000e+00,0.000000e+00,0.000000e+00
1.000000e+00,0.000000e+00,0.000000e+00,0.000000e+00,0.000000e+00,0.000000e+00,0.000000e+00,0.000000e+00,0.000000e+00,0.000000e+00,0.000000e+00,0.000000e+00,0.000000e+00,0.000000e+00,0.000000e+00
1.000000e+00,0.000000e+00,0.000000e+00,0.000000e+00,0.000000e+00,0.000000e+00,0.000000e+00,0.000000e+00,0.000000e+00,0.000000e+00,0.000000e+00,0.000000e+00,0.000000e+00,0.000000e+00,0.000000e+00
1.000000e+00,0.000000e+00,0.000000e+00,0.000000e+00,0.000000e+00,0.000000e+00,0.000000e+00,0.000000e+00,0.000000e+00,0.000000e+00,0.000000e+00,0.000000e+00,0.000000e+00,0.000000e+00,0.000000e+00
1.000000e+00,0.000000e+00,0.000000e+00,0.000000e+00,0.000000e+00,0.000000e+00,0.000000e+00,0.000000e+00,0.000000e+00,0.000000e+00,0.000000e+00,0.000000e+00,0.000000e+00,0.000000e+00,0.000000e+00
1.000000e+00,0.000000e+00,0.000000e+00,0.000000e+00,0.000000e+00,0.000000e+00,0.000000e+00,0.000000e+00,0.000000e+00,0.000000e+00,0.000000e+00,0.000000e+00,0.000000e+00,0.000000e+00,0.000000e+00
1.000000e+00,0.000000e+00,0.000000e+00,0.000000e+00,0.000000e+00,0.000000e+00,0.000000e+00,0.000000e+00,0.000000e+00,0.000000e+00,0.000000e+00,0.000000e+00,0.000000e+00,0.000000e+00,0.000000e+00
1.000000e+00,0.000000e+00,0.000000e+00,0.000000e+00,0.000000e+00,0.000000e+00,0.000000e+00,0.000000e+00,0.000000e+00,0.000000e+00,0.000000e+00,0.000000e+00,0.000000e+00,0.000000e+00,0.000000e+00
1.000000e+00,0.000000e+00,0.000000e+00,0.000000e+00,0.000000e+00,0.000000e+00,0.000000e+00,0.000000e+00,0.000000e+00,0.000000e+00,0.000000e+00,0.000000e+00,0.000000e+00,0.000000e+00,0.000000e+00
1.000000e+00,0.000000e+00,0.000000e+00,0.000000e+00,0.000000e+00,0.000000e+00,0.000000e+00,0.000000e+00,0.000000e+00,0.000000e+00,0.000000e+00,0.000000e+00,0.000000e+00,0.000000e+00,0.000000e+00
4.246936e-01,7.013141e-02,2.676475e-02,1.861406e-01,3.080760e-02,3.147097e-02,1.186886e-02,3.447653e-02,2.818114e-02,3.789423e-03,2.207250e-02,5.495519e-02,2.362691e-02,5.908487e-03,4.511212e-02
3.478397e-01,7.589214e-02,4.379207e-02,2.225362e-01,3.778613e-02,3.026555e-02,1.355372e-02,3.976513e-02,3.030401e-02,4.296958e-03,2.233195e-02,5.342579e-02,2.186062e-02,6.214855e-03,5.013538e-02
2.559177e-01,7.098740e-02,9.238467e-02,2.961881e-01,3.216955e-02,2.364472e-02,1.096812e-02,3.883575e-02,2.859712e-02,4.318460e-03,2.007939e-02,4.525505e-02,1.872322e-02,5.963139e-03,5.596770e-02
3.293950e-01,7.170678e-02,7.495672e-02,2.442519e-01,3.505958e-02,2.349892e-02,9.971347e-03,3.239627e-02,2.666027e-02,4.019044e-03,2.068087e-02,4.110410e-02,2.159229e-02,7.375485e-03,5.733148e-02
2.644631e-01,7.495139e-02,8.618529e-02,3.269016e-01,3.449363e-02,1.968887e-02,8.697932e-03,2.947439e-02,2.362588e-02,3.265795e-03,1.887705e-02,3.524580e-02,1.830845e-02,6.419858e-03,4.940104e-02
2.215113e-01,6.317142e-02,1.591354e-01,3.447270e-01,3.195109e-02,1.637028e-02,7.270999e-03,2.823199e-02,1.863998e-02,2.711965e-03,1.754423e-02,2.845213e-02,1.503509e-02,5.284456e-03,3.996264e-02
2.719883e-01,5.920456e-02,1.583256e-01,3.052343e-01,3.279317e-02,1.620499e-02,7.023605e-03,2.511052e-02,1.685610e-02,2.820388e-03,1.686550e-02,2.703726e-02,1.547169e-02,5.367255e-03,3.969691e-02
4.252092e-01,4.854367e-02,1.163718e-01,2.268453e-01,2.560270e-02,1.599564e-02,6.118838e-03,2.002418e-02,1.388037e-02,2.614089e-03,1.400452e-02,2.622293e-02,1.706183e-02,5.119885e-03,3.638523e-02
1.000000e+00,0.000000e+00,0.000000e+00,0.000000e+00,0.000000e+00,0.000000e+00,0.000000e+00,0.000000e+00,0.000000e+00,0.000000e+00,0.000000e+00,0.000000e+00,0.000000e+00,0.000000e+00,0.000000e+00
1.000000e+00,0.000000e+00,0.000000e+00,0.000000e+00,0.000000e+00,0.000000e+00,0.000000e+00,0.000000e+00,0.000000e+00,0.000000e+00,0.000000e+00,0.000000e+00,0.000000e+00,0.000000e+00,0.000000e+00
4.567473e-01,2.852765e-02,1.188555e-01,1.569975e-01,1.292696e-02,1.772217e-02,5.632446e-03,1.143258e-01,6.968863e-03,1.500193e-03,1.188776e-02,2.800158e-02,1.696908e-02,2.980049e-03,1.995727e-02
4.319677e-01,2.159042e-02,1.088775e-01,1.196476e-01,1.075384e-02,1.733108e-02,6.125277e-03,2.113533e-01,5.419218e-03,1.214220e-03,9.579648e-03,2.240377e-02,1.550656e-02,2.496180e-03,1.573353e-02
3.627468e-01,1.581811e-02,8.186536e-02,8.576486e-02,8.407194e-03,1.458439e-02,6.612052e-03,3.679979e-01,4.010685e-03,9.553127e-04,7.581505e-03,1.711608e-02,1.256760e-02,2.101815e-03,1.187034e-02
2.997635e-01,1.145330e-02,5.834753e-02,6.067592e-02,6.868734e-03,1.286518e-02,8.709879e-03,4.992459e-01,2.924862e-03,7.351240e-04,5.596270e-03,1.262223e-02,1.007994e-02,1.594873e-03,8.516768e-03
2.551955e-01,8.354566e-03,4.235899e-02,4.326121e-02,5.619189e-03,1.430297e-02,1.193697e-02,5.854999e-01,2.153731e-03,6.056136e-04,4.207899e-03,9.933303e-03,8.868625e-03,1.294630e-03,6.406929e-03
1.969581e-01,5.958261e-03,3.043909e-02,3.063386e-02,4.525403e-03,1.157385e-02,1.107155e-02,6.830620e-01,1.561249e-03,4.609704e-04,3.086384e-03,7.562764e-03,7.450041e-03,1.001746e-03,4.654772e-03
1.628124e-01,4.284984e-03,2.187503e-02,2.178075e-02,4.242194e-03,9.339154e-03,9.288171e-03,7.461652e-01,1.166079e-03,3.688406e-04,2.334018e-03,5.819459e-03,6.318044e-03,7.757865e-04,3.429914e-03
1.211877e-01,3.038928e-03,1.543109e-02,1.539023e-02,4.682690e-03,6.708237e-03,7.078776e-03,8.119681e-01,8.382438e-04,2.701344e-04,1.684133e-03,4.132205e-03,4.622764e-03,5.489619e-04,2.417857e-03
8.993783e-02,2.155849e-03,1.087320e-02,1.089297e-02,4.586136e-03,4.852426e-03,5.394674e-03,8.608032e-01,5.979427e-04,1.990118e-04,1.210546e-03,2.956082e-03,3.439520e-03,3.898586e-04,1.710800e-03
6.738896e-02,1.553081e-03,7.705404e-03,7.810087e-03,4.137113e-03,3.673306e-03,4.133398e-03,8.956022e-01,4.338009e-04,1.582090e-04,9.024221e-04,2.227155e-03,2.748847e-03,2.826576e-04,1.243458e-03
5.321899e-02,1.126087e-03,5.457263e-03,5.565210e-03,4.733499e-03,2.722892e-03,3.352809e-03,9.177960e-01,3.203139e-04,1.324288e-04,6.730598e-04,1.646698e-03,2.142658e-03,2.059056e-04,9.062631e-04
4.626289e-02,8.287913e-04,3.880172e-03,3.969689e-03,6.399191e-03,2.076653e-03,2.856480e-03,9.290212e-01,2.465978e-04,1.314362e-04,5.093056e-04,1.266548e-03,1.730965e-03,1.517744e-04,6.683394e-04
4.960331e-02,6.516493e-04,2.913404e-03,3.091691e-03,7.839369e-03,1.784884e-03,2.695050e-03,9.265922e-01,2.427943e-04,1.699200e-04,4.970668e-04,1.360152e-03,1.811718e-03,1.411693e-04,6.056886e-04
7.180478e-02,5.009057e-04,2.247298e-03,2.494146e-03,7.782668e-03,2.774782e-03,2.995945e-03,9.032204e-01,2.412659e-04,2.178244e-04,5.333743e-04,1.755363e-03,2.784190e-03,1.137539e-04,5.333319e-04
6.601082e-02,3.721020e-04,1.667778e-03,1.907304e-03,8.413072e-03,4.762398e-03,3.167553e-03,9.059215e-01,2.198983e-04,2.000812e-04,6.566445e-04,1.824019e-03,4.343344e-03,9.145259e-05,4.421640e-04
1.083452e-01,4.828252e-04,1.283439e-03,1.561503e-03,1.038762e-02,1.766102e-02,2.780829e-03,8.240488e-01,7.275813e-04,2.002095e-04,4.288971e-03,4.025698e-03,2.276245e-02,1.135065e-04,1.330339e-03
1.265900e-01,1.555818e-03,1.084008e-03,1.835908e-03,9.040507e-03,2.082700e-02,2.199492e-03,6.854471e-01,9.390606e-03,1.238306e-03,2.102725e-02,1.151403e-02,1.044404e-01,3.498003e-04,3.459740e-03
1.286819e-01,5.190462e-03,1.240314e-03,3.432683e-03,7.307758e-03,1.729877e-02,1.842438e-03,5.113807e-01,2.807762e-02,3.999459e-03,2.724685e-02,2.219420e-02,2.339206e-01,7.645192e-04,7.421709e-03
1.286503e-01,2.110183e-02,2.718000e-03,2.040981e-02,7.144036e-03,1.349928e-02,2.105684e-03,3.693811e-01,1.594867e-01,9.944716e-03,2.916841e-02,2.883675e-02,1.886573e-01,1.196753e-03,1.769930e-02
1.308173e-01,3.565760e-02,6.389335e-03,6.039149e-02,6.110189e-03,1.160356e-02,1.769807e-03,2.697424e-01,2.302622e-01,1.282655e-02,2.642835e-02,2.702399e-02,1.509369e-01,1.286655e-03,2.875368e-02
1.192128e-01,3.953193e-02,1.690727e-02,1.279900e-01,4.936965e-03,9.956471e-03,1.311670e-03,1.908108e-01,2.923927e-01,1.083229e-02,2.251878e-02,2.237422e-02,1.155517e-01,1.145366e-03,2.452703e-02
2.456035e-01,3.311724e-02,1.773134e-02,1.084277e-01,5.002738e-03,9.164723e-03,1.043012e-03,1.398049e-01,2.618347e-01,8.369226e-03,2.926270e-02,2.168893e-02,9.775548e-02,1.467715e-03,1.972606e-02
3.260306e-01,2.814494e-02,1.648696e-02,8.233263e-02,7.619111e-03,7.261579e-03,1.087356e-03,1.059989e-01,2.659405e-01,6.474242e-03,3.296043e-02,2.030921e-02,8.098544e-02,1.490272e-03,1.687785e-02
3.373512e-01,2.613047e-02,1.242993e-02,6.015921e-02,1.069684e-02,5.959501e-03,1.158275e-03,8.181429e-02,3.341004e-01,4.696388e-03,3.331557e-02,1.630536e-02,6.106329e-02,1.740713e-03,1.307859e-02
3.266422e-01,2.042145e-02,1.072913e-02,4.397083e-02,1.467253e-02,8.855607e-03,8.752080e-03,1.758302e-01,2.837743e-01,3.492108e-03,2.912725e-02,1.311442e-02,4.906246e-02,1.499353e-03,1.005606e-02
3.120681e-01,2.305252e-02,1.906903e-02,3.596536e-02,3.792786e-02,3.191463e-02,1.302749e-02,1.503777e-01,2.781237e-01,3.405837e-03,2.266874e-02,1.089247e-02,5.020113e-02,1.737465e-03,9.568017e-03
2.923144e-01,2.997425e-02,2.623805e-02,3.386952e-02,7.029693e-02,3.210631e-02,1.819506e-02,1.260787e-01,2.755991e-01,3.838622e-03,1.904174e-02,9.636468e-03,5.126894e-02,1.829559e-03,9.712338e-03
2.511538e-01,6.062473e-02,2.797345e-02,9.223751e-02,6.888066e-02,2.693179e-02,1.417385e-02,1.083702e-01,2.336083e-01,9.991008e-03,2.581652e-02,1.080538e-02,4.900950e-02,1.872430e-03,1.855088e-02
1.953679e-01,9.421757e-02,2.100110e-02,7.142657e-02,5.581803e-02,2.113659e-02,1.052267e-02,7.698160e-02,3.327826e-01,1.146923e-02,2.387187e-02,9.139766e-03,4.282868e-02,1.939237e-03,3.149663e-02
2.059245e-01,8.121013e-02,1.879623e-02,8.189207e-02,5.409976e-02,1.981441e-02,1.025575e-02,6.039674e-02,3.176468e-01,1.747341e-02,2.341097e-02,1.369771e-02,3.927590e-02,1.882259e-03,5.422333e-02
1.765151e-01,8.241613e-02,5.962567e-02,1.579893e-01,5.195493e-02,2.040211e-02,9.370526e-03,4.711846e-02,2.583033e-01,1.772880e-02,1.955660e-02,1.250881e-02,3.198512e-02,1.635595e-03,5.288957e-02
2.829585e-01,7.700883e-02,4.669428e-02,1.321243e-01,4.406398e-02,2.181386e-02,7.877475e-03,3.485509e-02,2.172912e-01,1.543032e-02,1.652260e-02,1.243538e-02,3.002040e-02,1.699798e-03,5.920396e-02
4.172428e-01,6.446958e-02,3.381861e-02,1.000689e-01,3.605745e-02,1.863207e-02,6.070395e-03,2.791732e-02,1.708517e-01,1.216279e-02,1.434934e-02,1.266735e-02,2.377196e-02,2.049044e-03,5.987069e-02
1.000000e+00,0.000000e+00,0.000000e+00,0.000000e+00,0.000000e+00,0.000000e+00,0.000000e+00,0.000000e+00,0.000000e+00,0.000000e+00,0.000000e+00,0.000000e+00,0.000000e+00,0.000000e+00,0.000000e+00
1.000000e+00,0.000000e+00,0.000000e+00,0.000000e+00,0.000000e+00,0.000000e+00,0.000000e+00,0.000000e+00,0.000000e+00,0.000000e+00,0.000000e+00,0.000000e+00,0.000000e+00,0.000000e+00,0.000000e+00
1.000000e+00,0.000000e+00,0.000000e+00,0.000000e+00,0.000000e+00,0.000000e+00,0.000000e+00,0.000000e+00,0.000000e+00,0.000000e+00,0.000000e+00,0.000000e+00,0.000000e+00,0.000000e+00,0.000000e+00
4.913134e-01,5.658239e-02,3.470350e-02,1.332534e-01,3.216142e-02,3.330424e-02,8.929613e-03,2.957105e-02,7.572751e-02,6.158169e-03,1.594648e-02,1.914229e-02,2.197355e-02,3.311746e-03,3.792120e-02
4.912481e-01,4.203765e-02,3.675148e-02,9.638920e-02,2.887579e-02,4.780990e-02,7.696508e-02,3.524985e-02,5.440088e-02,4.662839e-03,1.224519e-02,1.875538e-02,2.274450e-02,2.642410e-03,2.922174e-02
3.649873e-01,3.616918e-02,2.823870e-02,7.407967e-02,2.909637e-02,4.481948e-02,2.540278e-01,2.807161e-02,4.004334e-02,7.833023e-03,1.846891e-02,1.855019e-02,2.486531e-02,2.279654e-03,2.846946e-02
2.672842e-01,4.792102e-02,2.776161e-02,6.666002e-02,2.601573e-02,4.913472e-02,3.333272e-01,2.138812e-02,3.091937e-02,1.727575e-02,2.731302e-02,2.494186e-02,2.358744e-02,3.320276e-03,3.314949e-02
1.890839e-01,3.538858e-02,2.125223e-02,5.133619e-02,1.894977e-02,3.669899e-02,3.640760e-01,1.574298e-02,2.404346e-02,7.686146e-02,5.158746e-02,6.080763e-02,2.409122e-02,3.351657e-03,2.672845e-02
1.332172e-01,2.561145e-02,1.526143e-02,4.032265e-02,1.396130e-02,2.706194e-02,2.970322e-01,1.134604e-02,2.385530e-02,9.743526e-02,1.034827e-01,1.312498e-01,4.898105e-02,3.703989e-03,2.747755e-02
9.481647e-02,1.825262e-02,1.085639e-02,2.962636e-02,1.006545e-02,1.966500e-02,2.181882e-01,8.171606e-03,1.910444e-02,1.048618e-01,1.318214e-01,1.565855e-01,1.488814e-01,5.129937e-03,2.397338e-02
6.651045e-02,1.314704e-02,8.441032e-03,2.188469e-02,7.723002e-03,1.404634e-02,1.546594e-01,5.909087e-03,2.112960e-02,3.237722e-01,9.843168e-02,1.159102e-01,1.166476e-01,6.443026e-03,2.534468e-02
4.670876e-02,9.641699e-03,7.637959e-03,1.769364e-02,7.557147e-03,9.994780e-03,1.088197e-01,4.666155e-03,4.697581e-02,4.624113e-01,7.295243e-02,8.448855e-02,9.276226e-02,5.932951e-03,2.175685e-02
3.773936e-02,9.112792e-03,7.069978e-03,1.763866e-02,2.467362e-02,8.530487e-03,7.795450e-02,4.153481e-03,1.218912e-01,4.657214e-01,6.878667e-02,6.103969e-02,6.571137e-02,1.341185e-02,1.656504e-02
3.450112e-02,1.029429e-02,5.512448e-03,1.717245e-02,2.113989e-02,7.388434e-03,5.565353e-02,7.846471e-03,1.578204e-01,4.929980e-01,6.376178e-02,4.632919e-02,5.072951e-02,1.404470e-02,1.480785e-02
2.829109e-02,1.084866e-02,5.700351e-03,2.014095e-02,1.819435e-02,5.947400e-03,4.243257e-02,6.157615e-02,2.016525e-01,4.362884e-01,5.517082e-02,3.464301e-02,4.135322e-02,2.389555e-02,1.386497e-02
2.600673e-02,2.210712e-02,4.805254e-03,2.557252e-02,1.412463e-02,5.106374e-03,3.011350e-02,5.114217e-02,2.451323e-01,4.079401e-01,5.661793e-02,2.829221e-02,3.539759e-02,3.603204e-02,1.160942e-02
2.153960e-02,2.567863e-02,4.387681e-03,3.056740e-02,1.093698e-02,4.844677e-03,2.184413e-02,5.398331e-02,3.207958e-01,3.405810e-01,5.515330e-02,2.428681e-02,3.077701e-02,4.388192e-02,1.074173e-02
1.955312e-02,3.008111e-02,6.045403e-03,6.055331e-02,9.689663e-03,6.002089e-03,1.554604e-02,4.212139e-02,3.695733e-01,2.480592e-01,8.430568e-02,2.280517e-02,2.978761e-02,4.385877e-02,1.201807e-02
1.563355e-02,3.228617e-02,6.140851e-03,5.098374e-02,8.866264e-03,8.560537e-03,1.114119e-02,3.210408e-02,4.550687e-01,1.886700e-01,9.559072e-02,1.785748e-02,2.470291e-02,4.157513e-02,1.081860e-02
1.477010e-02,3.051334e-02,8.896003e-03,5.607519e-02,9.348143e-03,1.245069e-02,8.402837e-03,4.399167e-02,4.587750e-01,1.402901e-01,1.232309e-01,2.051563e-02,2.362075e-02,3.934771e-02,9.771818e-03
1.898193e-02,3.102079e-02,4.444414e-02,1.415297e-01,1.653007e-02,1.045827e-02,6.142310e-03,4.664252e-02,3.978221e-01,9.978700e-02,1.134005e-01,1.584743e-02,1.969262e-02,2.987441e-02,7.826182e-03
6.967393e-02,4.259526e-02,4.186743e-02,1.068872e-01,6.842098e-02,1.245044e-02,4.794502e-03,3.629299e-02,3.724822e-01,7.200982e-02,1.078576e-01,1.278677e-02,1.638727e-02,2.630470e-02,9.188847e-03
5.203930e-02,3.458521e-02,3.329297e-02,1.020526e-01,7.523326e-02,1.001422e-02,3.556087e-03,2.889829e-02,4.696290e-01,5.368946e-02,7.889267e-02,9.508191e-03,1.343921e-02,2.040542e-02,1.476400e-02
3.852479e-02,2.734884e-02,2.514753e-02,7.989480e-02,7.269631e-02,8.902145e-03,2.648676e-03,2.314118e-02,5.719382e-01,3.926657e-02,5.877565e-02,7.291706e-03,1.277550e-02,1.702931e-02,1.461877e-02
2.771373e-02,2.495943e-02,1.829553e-02,5.843522e-02,5.640078e-02,6.863090e-03,1.949803e-03,1.673888e-02,6.765472e-01,2.915480e-02,4.283250e-02,5.333515e-03,9.620350e-03,1.234199e-02,1.281315e-02
2.073781e-02,1.847187e-02,1.357658e-02,4.654428e-02,4.019596e-02,5.060931e-03,1.399326e-03,1.346483e-02,7.431445e-01,2.124997e-02,4.161551e-02,4.432824e-03,1.054063e-02,8.942828e-03,1.062209e-02
1.558833e-02,1.444875e-02,1.006362e-02,3.770643e-02,2.980298e-02,5.592579e-03,1.064953e-03,1.004596e-02,7.298722e-01,1.755223e-02,7.785708e-02,8.553355e-03,2.561811e-02,6.604953e-03,9.628471e-03
1.276105e-02,1.174737e-02,7.931823e-03,3.179625e-02,2.231808e-02,4.858572e-03,8.324698e-04,7.411148e-03,7.366909e-01,1.363654e-02,8.494398e-02,9.377557e-03,4.048077e-02,5.809089e-03,9.404381e-03
1.010859e-02,9.866679e-03,6.037393e-03,2.579286e-02,1.641659e-02,4.373533e-03,6.436869e-04,6.009038e-03,6.669387e-01,1.133885e-02,1.526055e-01,1.470334e-02,6.025779e-02,5.079625e-03,9.827808e-03
9.005792e-03,9.590875e-03,5.849067e-03,2.480357e-02,1.489713e-02,3.494421e-03,6.106691e-04,4.773959e-03,5.195258e-01,2.038564e-02,2.885128e-01,1.917541e-02,6.247680e-02,5.958690e-03,1.093942e-02
9.360421e-03,8.176163e-03,5.148837e-03,2.207214e-02,1.486997e-02,2.735676e-03,6.196750e-04,6.657080e-03,3.904929e-01,4.397855e-02,3.874521e-01,2.240487e-02,6.551913e-02,1.055053e-02,9.961938e-03
1.008172e-02,7.148347e-03,4.138106e-03,1.821812e-02,1.171374e-02,2.564327e-03,5.068324e-04,7.222235e-03,2.839499e-01,5.910303e-02,4.879816e-01,2.351462e-02,5.441011e-02,2.144593e-02,8.001367e-03
1.792217e-02,1.934372e-02,1.063258e-02,1.671993e-02,9.410203e-03,8.985000e-03,7.307630e-04,1.456038e-02,2.173250e-01,6.159695e-02,5.173302e-01,2.232495e-02,4.264718e-02,3.210248e-02,8.368553e-03
2.076956e-02,1.676688e-02,9.473352e-03,1.349152e-02,7.146877e-03,2.287126e-02,1.403738e-03,3.476145e-02,1.576375e-01,8.726849e-02,5.383765e-01,1.761111e-02,3.222314e-02,3.340413e-02,6.794477e-03
3.363341e-02,1.813153e-02,1.607420e-02,1.474047e-02,6.298465e-03,6.293374e-02,1.792779e-03,3.897774e-02,1.270311e-01,1.099749e-01,4.916393e-01,1.729593e-02,2.632775e-02,2.862506e-02,6.523579e-03
5.319767e-02,1.539170e-02,1.424149e-02,1.348918e-02,6.776534e-03,5.670570e-02,2.025239e-03,3.158109e-02,1.027007e-01,1.763537e-01,4.404055e-01,2.351672e-02,2.250461e-02,3.104337e-02,1.006681e-02
6.263271e-02,1.304943e-02,1.194997e-02,1.157977e-02,7.302148e-03,4.494920e-02,1.992473e-03,2.822312e-02,8.871255e-02,2.358109e-01,4.033298e-01,2.752441e-02,1.939719e-02,3.160977e-02,1.193651e-02
6.499301e-02,1.011540e-02,1.951475e-02,1.749297e-02,1.071470e-02,3.470277e-02,2.832417e-03,6.165659e-02,7.249948e-02,2.339237e-01,3.893825e-01,2.615454e-02,1.901009e-02,2.638183e-02,1.062534e-02
6.848418e-02,8.202694e-03,2.397735e-02,3.658133e-02,5.107434e-02,2.741120e-02,4.967227e-03,5.094289e-02,6.316591e-02,2.073419e-01,3.608847e-01,4.045792e-02,1.973482e-02,2.315187e-02,1.362162e-02
6.825399e-02,8.152592e-03,3.694727e-02,4.300756e-02,7.237224e-02,2.184150e-02,5.581119e-03,4.630663e-02,1.147231e-01,1.718578e-01,3.288795e-01,3.575240e-02,1.596998e-02,1.879180e-02,1.156249e-02
6.120511e-02,1.417672e-02,3.598559e-02,3.980231e-02,8.371185e-02,1.663782e-02,5.852866e-03,3.676583e-02,2.562185e-01,1.301343e-01,2.567223e-01,2.654642e-02,1.198864e-02,1.524440e-02,9.007322e-03
5.639544e-02,1.567208e-02,3.346314e-02,3.682882e-02,1.109146e-01,1.405400e-02,5.388010e-03,3.265260e-02,3.355844e-01,1.028108e-01,2.043526e-01,2.047518e-02,1.042954e-02,1.423452e-02,6.744155e-03
5.406139e-02,2.069749e-02,2.979088e-02,3.233518e-02,1.483826e-01,1.263966e-02,6.478829e-03,3.597147e-02,3.927932e-01,7.796315e-02,1.469403e-01,1.487774e-02,8.489659e-03,1.262920e-02,5.949209e-03
6.049795e-02,3.205392e-02,7.637496e-02,3.211859e-02,1.618934e-01,1.090837e-02,5.788243e-03,3.853687e-02,3.653557e-01,6.566608e-02,1.077192e-01,1.139983e-02,7.274886e-03,1.564694e-02,8.765118e-03
7.385826e-02,4.196252e-02,8.118820e-02,2.587960e-02,1.768714e-01,8.830506e-03,6.678454e-03,3.898919e-02,3.747948e-01,5.248810e-02,7.783486e-02,8.640164e-03,5.678363e-03,1.575189e-02,1.055377e-02
9.344746e-02,5.737818e-02,1.559478e-01,3.014619e-02,1.548687e-01,7.463628e-03,6.802637e-03,3.471638e-02,3.096433e-01,4.519309e-02,5.570362e-02,8.113977e-03,5.526929e-03,1.359028e-02,2.145783e-02
1.292052e-01,6.140713e-02,1.868300e-01,2.617751e-02,1.514000e-01,6.817603e-03,8.297987e-03,4.843523e-02,2.622104e-01,3.557281e-02,3.968771e-02,7.552419e-03,5.112852e-03,1.227236e-02,1.902079e-02
1.417931e-01,9.034820e-02,1.851188e-01,2.200345e-02,1.677353e-01,8.555295e-03,7.522240e-03,4.580319e-02,2.288378e-01,2.919487e-02,2.883090e-02,6.344744e-03,4.454467e-03,1.418404e-02,1.927356e-02
1.373951e-01,1.013614e-01,1.785501e-01,1.753246e-02,1.975854e-01,8.327875e-03,6.711376e-03,5.644719e-02,1.973133e-01,2.502405e-02,2.074596e-02,4.899544e-03,3.929423e-03,1.867222e-02,2.550451e-02
1.128395e-01,7.912553e-02,1.285390e-01,1.545833e-02,2.417552e-01,7.309257e-03,5.591425e-03,1.867932e-01,1.502514e-01,1.800876e-02,1.469732e-02,3.592486e-03,3.324469e-03,1.363061e-02,1.908338e-02
9.130822e-02,5.632472e-02,9.362424e-02,1.292418e-02,2.921831e-01,9.238536e-03,7.053107e-03,2.790699e-01,1.063706e-01,1.274544e-02,1.054932e-02,2.783886e-03,2.701581e-03,9.565935e-03,1.355721e-02
8.816278e-02,3.986162e-02,6.690704e-02,1.038207e-02,4.329979e-01,1.368845e-02,8.055841e-03,2.251207e-01,7.509392e-02,9.649148e-03,8.203679e-03,2.190428e-03,2.553907e-03,6.716555e-03,1.041591e-02
1.383323e-01,2.816958e-02,4.726311e-02,8.664207e-03,4.685057e-01,1.116865e-02,7.020305e-03,2.044856e-01,5.290648e-02,8.798510e-03,6.701593e-03,2.944803e-03,2.311204e-03,4.773971e-03,7.953913e-03
1.833147e-01,1.996560e-02,3.381329e-02,6.716368e-03,5.013605e-01,8.684548e-03,7.267327e-03,1.729586e-01,3.762283e-02,9.021697e-03,5.018434e-03,2.688191e-03,1.965080e-03,3.442578e-03,6.160174e-03
2.898974e-01,1.446331e-02,2.401682e-02,5.862502e-03,4.386494e-01,7.655506e-03,6.784001e-03,1.511026e-01,3.035453e-02,1.265291e-02,3.961864e-03,3.259964e-03,3.250815e-03,2.583161e-03,5.505249e-03
4.275113e-01,1.055773e-02,1.707117e-02,4.752968e-03,3.609706e-01,8.028155e-03,6.684572e-03,1.123799e-01,2.276601e-02,1.010214e-02,3.223086e-03,4.824184e-03,3.980610e-03,2.110064e-03,5.037529e-03
1.000000e+00,0.000000e+00,0.000000e+00,0.000000e+00,0.000000e+00,0.000000e+00,0.000000e+00,0.000000e+00,0.000000e+00,0.000000e+00,0.000000e+00,0.000000e+00,0.000000e+00,0.000000e+00,0.000000e+00
1.000000e+00,0.000000e+00,0.000000e+00,0.000000e+00,0.000000e+00,0.000000e+00,0.000000e+00,0.000000e+00,0.000000e+00,0.000000e+00,0.000000e+00,0.000000e+00,0.000000e+00,0.000000e+00,0.000000e+00
1.000000e+00,0.000000e+00,0.000000e+00,0.000000e+00,0.000000e+00,0.000000e+00,0.000000e+00,0.000000e+00,0.000000e+00,0.000000e+00,0.000000e+00,0.000000e+00,0.000000e+00,0.000000e+00,0.000000e+00
4.056531e-01,1.015393e-02,5.598683e-03,2.535351e-02,9.740051e-02,4.789696e-02,5.566094e-03,3.172038e-02,2.014402e-02,6.403942e-03,8.664425e-03,2.315193e-02,2.918064e-01,1.635653e-03,1.885040e-02
4.094983e-01,9.478346e-03,4.959386e-03,1.976703e-02,6.900219e-02,3.784285e-02,4.705985e-03,2.262736e-02,1.593142e-02,5.087036e-03,7.531052e-03,1.919702e-02,3.506226e-01,1.582630e-03,2.216680e-02
4.289185e-01,8.294619e-03,5.487100e-03,1.520592e-02,4.893873e-02,3.170910e-02,3.982598e-03,1.609867e-02,1.220353e-02,4.454448e-03,7.314255e-03,1.492154e-02,3.723312e-01,1.579354e-03,2.856036e-02
4.929675e-01,6.331489e-03,4.555890e-03,1.102118e-02,3.468201e-02,2.896827e-02,4.747151e-03,1.165906e-02,9.594309e-03,4.698149e-03,6.422135e-03,1.201936e-02,3.196734e-01,1.722947e-03,5.093709e-02
4.332742e-01,4.875783e-03,4.154080e-03,8.041852e-03,2.466484e-02,2.748290e-02,4.817281e-03,8.273724e-03,8.048347e-03,6.226840e-03,5.625899e-03,9.897475e-03,3.412234e-01,1.897947e-03,1.114954e-01
3.877814e-01,3.954752e-03,8.005706e-03,6.670710e-03,1.792850e-02,2.470681e-02,4.975229e-03,6.224626e-03,7.316362e-03,1.463600e-02,6.980268e-03,8.535383e-03,3.284734e-01,2.901457e-03,1.709094e-01
3.279223e-01,3.173328e-03,3.658191e-02,6.804561e-03,1.467287e-02,1.876396e-02,8.920042e-03,9.937707e-03,6.490731e-03,2.117489e-02,5.996377e-03,6.561564e-03,2.388199e-01,2.556936e-03,2.916229e-01
2.639396e-01,3.194037e-03,3.570010e-02,6.652686e-03,2.192151e-02,1.597409e-02,7.432087e-03,7.768946e-03,5.831687e-03,2.041987e-02,4.441306e-03,4.845580e-03,1.709921e-01,2.187954e-03,4.286984e-01
2.314861e-01,6.570752e-03,5.019679e-02,9.238619e-03,3.719902e-02,1.649523e-02,7.722698e-03,7.740468e-03,1.118730e-02,3.499249e-02,3.636883e-03,3.827453e-03,1.215290e-01,2.020276e-03,4.561569e-01
1.913560e-01,7.839118e-03,7.241499e-02,1.125826e-02,4.011883e-02,1.595222e-02,7.280354e-03,8.925374e-03,1.354793e-02,3.969961e-02,3.206180e-03,3.135836e-03,8.657006e-02,2.057702e-03,4.966375e-01
1.453586e-01,1.029170e-02,6.361647e-02,1.865007e-01,3.096478e-02,1.365957e-02,5.457332e-03,9.215179e-03,2.513647e-02,4.621498e-02,1.670817e-02,5.743595e-03,6.384806e-02,1.732344e-03,3.755521e-01
1.215633e-01,2.957776e-02,4.785888e-02,1.536479e-01,2.387317e-02,1.488600e-02,4.123784e-03,8.441507e-03,3.410885e-02,1.519701e-01,2.439236e-02,1.945048e-02,5.366878e-02,1.901446e-03,3.105357e-01
1.110690e-01,3.586012e-02,3.522850e-02,1.141829e-01,2.064426e-02,1.250283e-02,3.220255e-03,8.978773e-03,3.360756e-02,1.241513e-01,4.192673e-02,2.879861e-02,5.768639e-02,2.253778e-03,3.698890e-01
1.117676e-01,3.182543e-02,2.707022e-02,8.152910e-02,1.691614e-02,1.238361e-02,2.654035e-03,7.389834e-03,2.742685e-02,1.935947e-01,3.966142e-02,2.302114e-02,5.441203e-02,5.397433e-03,3.649504e-01
9.892580e-02,2.704718e-02,2.241655e-02,5.835656e-02,1.279844e-02,1.155896e-02,2.068805e-03,5.980217e-03,2.570787e-02,2.761391e-01,3.362914e-02,1.687630e-02,4.322620e-02,6.720553e-03,3.585483e-01
7.894774e-02,2.515118e-02,1.798340e-02,4.194803e-02,1.019341e-02,1.207870e-02,1.620630e-03,4.614919e-03,2.280597e-02,2.483469e-01,5.094001e-02,1.536695e-02,5.358209e-02,1.973672e-02,3.966833e-01
5.664008e-02,3.291340e-02,1.331213e-02,2.970036e-02,7.483128e-03,8.935177e-03,1.170842e-03,3.428971e-03,2.050562e-02,2.011300e-01,3.798534e-02,1.127362e-02,3.950341e-02,1.989885e-02,5.161191e-01
4.032008e-02,1.786624e-01,2.753613e-02,3.293702e-02,5.785301e-03,6.621945e-03,8.478112e-04,2.623663e-03,6.888886e-02,1.749538e-01,2.915477e-02,8.658422e-03,3.021528e-02,1.455759e-02,3.782370e-01
3.425287e-02,1.510785e-01,4.899067e-02,4.111139e-02,4.611752e-03,5.891876e-03,7.888630e-04,2.343480e-03,1.103027e-01,1.329001e-01,2.275276e-02,8.444657e-03,2.529986e-02,2.316597e-02,3.880646e-01
3.956514e-02,1.297164e-01,5.466589e-02,3.644932e-02,3.932671e-03,8.884696e-03,8.740320e-04,2.964263e-03,1.124894e-01,1.134471e-01,2.818337e-02,1.096324e-02,2.925846e-02,3.540739e-02,3.931987e-01
3.659581e-02,9.844855e-02,4.422769e-02,2.658765e-02,3.722224e-03,7.494069e-03,7.145210e-04,2.424865e-03,1.177795e-01,1.240947e-01,3.060364e-02,8.646897e-03,2.360092e-02,6.473811e-02,4.103209e-01
9.900919e-02,1.038154e-01,3.714886e-02,3.169892e-02,3.579731e-03,1.008145e-02,9.823468e-04,2.885698e-03,1.595175e-01,9.554281e-02,2.461599e-02,9.027081e-03,2.086784e-02,5.953287e-02,3.416943e-01
2.052761e-01,9.587605e-02,2.846251e-02,2.724127e-02,3.149908e-03,1.309886e-02,1.103886e-03,3.186583e-03,1.633560e-01,7.333338e-02,1.990086e-02,1.093831e-02,2.026567e-02,5.686117e-02,2.779494e-01
2.139623e-01,1.300283e-01,2.149495e-02,2.209079e-02,3.150834e-03,1.053744e-02,8.727304e-04,2.750224e-03,1.983250e-01,6.022256e-02,1.629561e-02,8.719004e-03,1.649115e-02,4.924566e-02,2.458133e-01
1.947315e-01,1.152646e-01,1.638698e-02,1.706824e-02,3.056256e-03,9.739618e-03,6.650251e-04,2.153163e-03,1.767901e-01,4.701678e-02,1.358734e-02,6.678985e-03,1.284750e-02,4.790176e-02,3.361121e-01
1.550853e-01,8.995833e-02,1.296490e-02,1.293937e-02,2.280974e-03,8.864504e-03,5.031449e-04,1.643070e-03,1.746467e-01,4.738657e-02,1.075725e-02,4.973420e-03,1.011819e-02,5.004387e-02,4.178344e-01
1.106428e-01,6.711041e-02,1.835286e-02,1.207098e-02,1.694123e-03,6.400998e-03,3.677698e-04,1.177659e-03,3.636464e-01,3.746071e-02,8.896326e-03,3.847221e-03,8.451383e-03,4.344591e-02,3.164344e-01
8.074789e-02,5.015530e-02,3.429736e-02,9.361287e-03,1.415681e-03,4.766255e-03,3.227835e-04,9.332389e-04,3.658228e-01,6.072773e-02,1.177395e-02,3.118767e-03,9.313802e-03,6.076564e-02,3.064775e-01
6.866135e-02,3.717617e-02,5.557365e-02,7.392545e-03,1.420375e-03,4.080486e-03,3.749015e-04,1.320832e-03,2.700309e-01,5.544929e-02,1.057619e-02,2.629940e-03,1.047990e-02,6.091030e-02,4.139231e-01
5.203043e-02,2.759882e-02,1.198188e-01,6.236870e-03,1.803895e-03,4.059040e-03,4.072533e-04,1.470854e-03,1.959623e-01,6.565525e-02,1.017293e-02,2.331275e-03,1.078289e-02,4.998821e-02,4.516811e-01
4.100578e-02,2.141855e-02,1.991732e-01,5.212438e-03,3.479990e-03,6.743982e-03,9.004251e-04,2.114520e-03,1.413484e-01,7.126522e-02,9.245410e-03,2.405809e-03,1.023764e-02,3.845800e-02,4.469906e-01
4.027567e-02,2.054012e-02,1.746838e-01,5.271162e-03,5.944934e-03,9.032266e-03,4.579993e-03,3.181810e-03,1.109845e-01,1.631100e-01,1.039114e-02,2.957452e-03,1.829053e-02,2.971199e-02,4.010447e-01
3.872581e-02,2.914428e-02,1.918443e-01,1.731456e-02,8.052683e-03,7.843402e-03,3.784532e-03,4.318293e-03,1.010744e-01,1.349783e-01,1.458561e-02,4.556267e-03,2.757631e-02,2.272379e-02,3.934774e-01
4.429353e-02,2.583107e-02,1.473873e-01,1.608532e-02,8.741315e-03,7.200845e-03,2.952646e-03,5.946144e-03,9.815083e-02,1.549289e-01,1.556925e-02,4.677006e-03,3.084699e-02,1.893396e-02,4.184549e-01
4.943240e-02,1.948688e-02,1.210722e-01,1.698472e-02,1.252948e-02,6.186536e-03,2.386027e-03,9.292351e-03,7.323972e-02,1.570325e-01,1.519288e-02,4.030159e-03,2.534054e-02,1.716273e-02,4.706308e-01
7.169130e-02,2.062768e-02,1.047396e-01,1.689615e-02,1.974482e-02,1.072039e-02,2.870868e-03,7.496236e-03,5.614093e-02,1.155639e-01,1.525607e-02,3.105372e-03,2.182574e-02,1.340986e-02,5.199110e-01
1.419322e-01,3.614400e-02,9.153195e-02,3.455477e-02,3.869185e-02,1.948183e-02,5.250089e-03,8.183753e-03,4.714043e-02,1.014254e-01,1.389306e-02,2.671057e-03,1.809219e-02,1.033231e-02,4.306751e-01
1.706859e-01,6.138541e-02,9.982579e-02,5.889863e-02,4.992175e-02,2.428924e-02,8.927421e-03,1.291364e-02,4.089113e-02,8.831075e-02,1.146835e-02,2.915305e-03,1.496937e-02,9.074057e-03,3.455233e-01
1.866917e-01,5.902289e-02,7.671051e-02,1.034714e-01,7.839482e-02,3.009133e-02,2.438762e-02,1.729226e-02,3.460864e-02,7.207562e-02,1.034879e-02,4.555621e-03,1.247887e-02,7.555669e-03,2.823143e-01
2.366111e-01,6.011423e-02,5.927337e-02,9.947900e-02,7.932515e-02,3.003453e-02,2.509145e-02,2.288517e-02,3.103260e-02,6.419048e-02,9.268244e-03,6.322459e-03,1.225603e-02,6.263752e-03,2.578525e-01
3.087836e-01,5.600455e-02,4.578500e-02,1.095252e-01,7.963965e-02,2.886062e-02,2.075469e-02,3.510247e-02,2.947046e-02,4.758042e-02,1.018371e-02,1.109830e-02,1.482307e-02,6.118490e-03,1.962699e-01
4.126482e-01,4.501716e-02,3.776522e-02,8.769325e-02,6.968810e-02,2.310786e-02,1.648043e-02,6.043904e-02,2.533571e-02,3.495805e-02,1.045144e-02,1.270213e-02,1.516037e-02,6.016519e-03,1.425366e-01
4.142210e-01,3.843589e-02,3.591377e-02,8.992225e-02,5.879103e-02,1.857690e-02,1.247430e-02,1.328216e-01,3.010063e-02,2.604270e-02,9.796022e-03,1.174804e-02,1.231679e-02,5.703320e-03,1.031358e-01
4.189951e-01,3.216940e-02,5.461109e-02,8.327358e-02,4.725486e-02,1.743709e-02,9.688016e-03,1.526148e-01,4.033124e-02,2.320054e-02,1.076111e-02,1.295122e-02,1.114459e-02,5.221450e-03,8.034587e-02
3.052681e-01,2.394231e-02,8.565056e-02,1.909873e-01,3.434243e-02,1.575788e-02,7.106992e-03,1.612719e-01,3.212314e-02,1.900758e-02,1.865463e-02,2.098229e-02,2.312899e-02,3.798560e-03,5.797729e-02
2.809593e-01,2.061745e-02,1.038689e-01,2.160583e-01,2.569046e-02,1.482039e-02,5.241328e-03,1.237478e-01,2.970145e-02,1.938730e-02,3.069593e-02,4.655460e-02,2.861771e-02,5.054724e-03,4.898421e-02
2.050803e-01,1.498806e-02,9.655766e-02,1.929051e-01,1.830129e-02,1.098174e-02,3.845157e-03,9.459680e-02,2.243323e-02,1.619044e-02,8.888529e-02,5.606594e-02,1.353251e-01,8.143342e-03,3.570055e-02
1.590012e-01,1.114178e-02,8.496086e-02,1.434063e-01,1.317499e-02,8.748135e-03,2.780240e-03,7.081308e-02,2.157555e-02,1.321929e-02,1.917323e-01,7.525553e-02,1.630794e-01,1.229821e-02,2.881313e-02
1.172209e-01,1.618137e-02,8.983372e-02,1.066705e-01,9.655904e-03,9.348644e-03,2.054811e-03,5.730611e-02,4.812309e-02,1.085896e-02,1.891806e-01,6.743620e-02,1.666900e-01,2.154505e-02,8.789419e-02
8.359014e-02,1.760904e-02,8.476213e-02,1.135801e-01,7.212978e-03,1.011451e-02,1.462443e-03,4.791422e-02,7.755843e-02,9.158195e-03,1.879099e-01,6.564780e-02,2.055603e-01,1.985676e-02,6.806304e-02
6.106745e-02,2.158279e-02,6.853450e-02,1.021412e-01,5.847448e-03,1.050075e-02,1.075898e-03,3.508388e-02,9.153871e-02,8.329851e-03,2.370679e-01,6.270047e-02,1.862387e-01,3.907892e-02,6.921158e-02
4.407663e-02,1.713964e-02,5.197480e-02,1.335104e-01,4.395728e-03,9.779377e-03,7.739186e-04,2.523204e-02,7.983559e-02,7.318144e-03,2.873615e-01,5.548226e-02,1.373857e-01,9.407420e-02,5.166006e-02
3.242245e-02,1.449217e-02,4.238624e-02,1.328615e-01,3.660835e-03,2.353021e-02,6.051467e-04,1.866414e-02,6.827638e-02,7.247676e-03,3.263170e-01,4.855997e-02,9.997185e-02,1.427722e-01,3.823217e-02
2.442560e-02,1.276959e-02,4.197764e-02,1.237280e-01,3.873164e-03,3.032668e-02,5.345249e-04,1.393639e-02,7.074381e-02,8.025467e-03,3.988655e-01,3.896897e-02,7.244764e-02,1.283859e-01,3.099107e-02
1.919650e-02,1.432819e-02,3.726881e-02,1.033942e-01,4.796102e-03,2.338427e-02,4.185794e-04,1.068306e-02,7.245361e-02,7.773665e-03,4.551673e-01,3.453188e-02,5.283832e-02,1.398127e-01,2.395278e-02
1.629774e-02,1.581035e-02,2.849898e-02,7.450130e-02,4.971688e-03,1.829227e-02,3.539970e-04,7.945335e-03,9.618419e-02,1.037710e-02,4.313471e-01,2.771067e-02,3.870404e-02,2.108598e-01,1.814547e-02
1.201016e-02,1.509371e-02,2.085378e-02,5.246165e-02,3.673924e-03,1.327194e-02,2.647037e-04,5.879459e-03,1.313114e-01,8.354403e-03,3.314548e-01,2.066524e-02,2.780921e-02,3.428964e-01,1.399923e-02
9.002757e-03,1.824287e-02,1.567608e-02,3.687878e-02,2.818739e-03,1.026099e-02,1.925276e-04,4.229497e-03,1.649817e-01,6.800298e-03,2.557825e-01,1.554533e-02,1.980348e-02,4.282199e-01,1.156461e-02
7.542447e-03,3.699090e-02,2.938300e-02,2.630266e-02,2.301949e-03,8.659638e-03,1.722510e-04,4.133244e-03,1.609848e-01,5.646793e-03,2.339124e-01,1.133634e-02,1.453365e-02,4.474523e-01,1.064767e-02
6.938439e-03,5.249058e-02,3.862194e-02,1.922403e-02,2.110097e-03,9.862481e-03,1.546978e-04,4.434997e-03,1.674228e-01,5.689826e-03,1.827453e-01,8.270733e-03,1.058630e-02,4.821068e-01,9.340888e-03
7.092966e-03,4.810251e-02,7.166255e-02,1.830620e-02,2.284534e-03,1.041372e-02,2.154858e-04,3.523064e-03,2.867476e-01,7.098485e-03,1.354088e-01,6.399325e-03,7.926017e-03,3.856990e-01,9.119819e-03
6.042678e-03,5.592617e-02,5.562742e-02,1.304694e-02,1.827736e-03,9.273781e-03,1.767901e-04,2.717773e-03,2.251694e-01,5.493775e-03,9.735332e-02,4.734805e-03,5.762071e-03,5.056845e-01,1.116290e-02
1.213855e-02,8.046079e-02,4.276976e-02,9.552919e-03,2.333785e-03,9.714867e-03,1.481732e-04,2.265229e-03,1.898368e-01,6.035933e-03,7.083348e-02,3.425817e-03,4.310425e-03,5.296339e-01,3.653954e-02
1.523575e-02,7.768716e-02,3.689228e-02,7.253319e-03,4.295488e-03,5.542229e-02,1.461058e-04,7.240546e-03,1.820848e-01,8.572159e-03,5.231693e-02,2.438905e-03,3.593391e-03,4.730969e-01,7.372393e-02
2.077674e-02,6.911746e-02,3.083746e-02,5.737213e-03,8.419775e-03,8.167484e-02,1.627629e-04,1.069951e-02,1.812868e-01,1.160213e-02,3.902347e-02,1.747709e-03,3.191703e-03,4.291824e-01,1.065400e-01
