1.000000e+00,0.000000e+00,0.000000e+00,0.000000e+00,0.000000e+00,0.000000e+00,0.000000e+00,0.000000e+00,0.000000e+00,0.000000e+00,0.000000e+00,0.000000e+00,0.000000e+00,0.000000e+00,0.000000e+00
1.000000e+00,0.000000e+00,0.000000e+00,0.000000e+00,0.000000e+00,0.000000e+00,0.000000e+00,0.000000e+00,0.000000e+00,0.000000e+00,0.000000e+00,0.000000e+00,0.000000e+00,0.000000e+00,0.000000e+00
1.000000e+00,0.000000e+00,0.000000e+00,0.000000e+00,0.000000e+00,0.000000e+00,0.000000e+00,0.000000e+00,0.000000e+00,0.000000e+00,0.000000e+00,0.000000e+00,0.000000e+00,0.000000e+00,0.000000e+00
1.000000e+00,0.000000e+00,0.000000e+00,0.000000e+00,0.000000e+00,0.000000e+00,0.000000e+00,0.000000e+00,0.000000e+00,0.000000e+00,0.000000e+00,0.000000e+00,0.000000e+00,0.000000e+00,0.000000e+00
1.000000e+00,0.000000e+00,0.000000e+00,0.000000e+00,0.000000e+00,0.000000e+00,0.000000e+00,0.000000e+00,0.000000e+00,0.000000e+00,0.000000e+00,0.000000e+00,0.000000e+00,0.000000e+00,0.000000e+00
1.000000e+00,0.000000e+00,0.000000e+00,0.000000e+00,0.000000e+00,0.000000e+00,0.000000e+00,0.000000e+00,0.000000e+00,0.000000e+00,0.000000e+00,0.000000e+00,0.000000e+00,0.000000e+00,0.000000e+00
1.000000e+00,0.000000e+00,0.000000e+00,0.000000e+00,0.000000e+00,0.000000e+00,0.000000e+00,0.000000e+00,0.000000e+00,0.000000e+00,0.000000e+00,0.000000e+00,0.000000e+00,0.000000e+00,0.000000e+00
1.000000e+00,0.000000e+00,0.000000e+00,0.000000e+00,0.000000e+00,0.000000e+00,0.000000e+00,0.000000e+00,0.000000e+00,0.000000e+00,0.000000e+00,0.000000e+00,0.000000e+00,0.000000e+00,0.000000e+00
1.000000e+00,0.000000e+00,0.000000e+00,0.000000e+00,0.000000e+00,0.000000e+00,0.000000e+00,0.000000e+00,0.000000e+00,0.000000e+00,0.000000e+00,0.000000e+00,0.000000e+00,0.000000e+00,0.000000e+00
1.000000e+00,0.000000e+00,0.000000e+00,0.000000e+00,0.000000e+00,0.000000e+00,0.000000e+00,0.000000e+00,0.000000e+00,0.000000e+00,0.000000e+00,0.000000e+00,0.000000e+00,0.000000e+00,0.000000e+00
1.000000e+00,0.000000e+00,0.000000e+00,0.000000e+00,0.000000e+00,0.000000e+00,0.000000e+00,0.000000e+00,0.000000e+00,0.000000e+00,0.000000e+00,0.000000e+00,0.000000e+00,0.000000e+00,0.000000e+00
1.000000e+00,0.000000e+00,0.000000e+00,0.000000e+00,0.000000e+00,0.000000e+00,0.000000e+00,0.000000e+00,0.000000e+00,0.000000e+00,0.000000e+00,0.000000e+00,0.000000e+00,0.000000e+00,0.000000e+00
1.000000e+00,0.000000e+00,0.000000e+00,0.000000e+00,0.000000e+00,0.000000e+00,0.000000e+00,0.000000e+00,0.000000e+00,0.000000e+00,0.000000e+00,0.000000e+00,0.000000e+00,0.000000e+00,0.000000e+00
1.000000e+00,0.000000e+00,0.000000e+00,0.000000e+00,0.000000e+00,0.000000e+00,0.000000e+00,0.000000e+00,0.000000e+00,0.000000e+00,0.000000e+00,0.000000e+00,0.000000e+00,0.000000e+00,0.000000e+00
1.000000e+00,0.000000e+00,0.000000e+00,0.000000e+00,0.000000e+00,0.000000e+00,0.000000e+00,0.000000e+00,0.000000e+00,0.000000e+00,0.000000e+00,0.000000e+00,0.000000e+00,0.000000e+00,0.000000e+00
1.000000e+00,0.000000e+00,0.000000e+00,0.000000e+00,0.000000e+00,0.000000e+00,0.000000e+00,0.000000e+00,0.000000e+00,0.000000e+00,0.000000e+00,0.000000e+00,0.000000e+00,0.000000e+00,0.000000e+00
1.000000e+00,0.000000e+00,0.000000e+00,0.000000e+00,0.000000e+00,0.000000e+00,0.000000e+00,0.000000e+00,0.000000e+00,0.000000e+00,0.000000e+00,0.000000e+00,0.000000e+00,0.000000e+00,0.000000e+00
1.000000e+00,0.000000e+00,0.000000e+00,0.000000e+00,0.000000e+00,0.000000e+00,0.000000e+00,0.000000e+00,0.000000e+00,0.000000e+00,0.000000e+00,0.000000e+00,0.000000e+00,0.000000e+00,0.000000e+00
1.000000e+00,0.000000e+00,0.000000e+00,0.000000e+00,0.000000e+00,0.000000e+00,0.000000e+00,0.000000e+00,0.000000e+00,0.000000e+00,0.000000e+00,0.000000e+00,0.000000e+00,0.000000e+00,0.000000e+00
1.000000e+00,0.000000e+00,0.000000e+00,0.000000e+00,0.000000e+00,0.000000e+00,0.000000e+00,0.000000e+00,0.000000e+00,0.000000e+00,0.000000e+00,0.000000e+00,0.000000e+00,0.000000e+00,0.000000e+00
1.000000e+00,0.000000e+00,0.000000e+00,0.000000e+00,0.000000e+00,0.000000e+00,0.000000e+00,0.000000e+00,0.000000e+00,0.000000e+00,0.000000e+00,0.000000e+00,0.000000e+00,0.000000e+00,0.000000e+00
1.000000e+00,0.000000e+00,0.000000e+00,0.000000e+00,0.000000e+00,0.000000e+00,0.000000e+00,0.000000e+00,0.000000e+00,0.000000e+00,0.000000e+00,0.000000e+00,0.000000e+00,0.000000e+00,0.000000e+00
1.000000e+00,0.000000e+00,0.000000e+00,0.000000e+00,0.000000e+00,0.000000e+00,0.000000e+00,0.000000e+00,0.000000e+00,0.000000e+00,0.000000e+00,0.000000e+00,0.000000e+00,0.000000e+00,0.000000e+00
1.000000e+00,0.000000e+00,0.000000e+00,0.000000e+00,0.000000e+00,0.000000e+00,0.000000e+00,0.000000e+00,0.000000e+00,0.000000e+00,0.000000e+00,0.000000e+00,0.000000e+00,0.000000e+00,0.000000e+00
1.000000e+00,0.000000e+00,0.000000e+00,0.000000e+00,0.000000e+00,0.000000e+00,0.000000e+00,0.000000e+00,0.000000e+00,0.000000e+00,0.000000e+00,0.000000e+00,0.000000e+00,0.000000e+00,0.000000e+00
1.000000e+00,0.000000e+00,0.000000e+00,0.000000e+00,0.000000e+00,0.000000e+00,0.000000e+00,0.000000e+00,0.000000e+00,0.000000e+00,0.000000e+00,0.000000e+00,0.000000e+00,0.000000e+00,0.000000e+00
1.000000e+00,0.000000e+00,0.000000e+00,0.000000e+00,0.000000e+00,0.000000e+00,0.000000e+00,0.000000e+00,0.000000e+00,0.000000e+00,0.000000e+00,0.000000e+00,0.000000e+00,0.000000e+00,0.000000e+00
1.000000e+00,0.000000e+00,0.000000e+00,0.000000e+00,0.000000e+00,0.000000e+00,0.000000e+00,0.000000e+00,0.000000e+00,0.000000e+00,0.000000e+00,0.000000e+00,0.000000e+00,0.000000e+00,0.000000e+00
1.000000e+00,0.000000e+00,0.000000e+00,0.000000e+00,0.000000e+00,0.000000e+00,0.000000e+00,0.000000e+00,0.000000e+00,0.000000e+00,0.000000e+00,0.000000e+00,0.000000e+00,0.000000e+00,0.000000e+00
1.000000e+00,0.000000e+00,0.000000e+00,0.000000e+00,0.000000e+00,0.000000e+00,0.000000e+00,0.000000e+00,0.000000e+00,0.000000e+00,0.000000e+00,0.000000e+00,0.000000e+00,0.000000e+00,0.000000e+00
1.000000e+00,0.000000e+00,0.000000e+00,0.000000e+00,0.000000e+00,0.000000e+00,0.000000e+00,0.000000e+00,0.000000e+00,0.000000e+00,0.000000e+00,0.000000e+00,0.000000e+00,0.000000e+00,0.000000e+00
1.000000e+00,0.000000e+00,0.000000e+00,0.000000e+00,0.000000e+00,0.000000e+00,0.000000e+00,0.000000e+00,0.000000e+00,0.000000e+00,0.000000e+00,0.000000e+00,0.000000e+00,0.000000e+00,0.000000e+00
1.000000e+00,0.000000e+00,0.000000e+00,0.000000e+00,0.000000e+00,0.000000e+00,0.000000e+00,0.000000e+00,0.000000e+00,0.000000e+00,0.000000e+00,0.000000e+00,0.000000e+00,0.000000e+00,0.000000e+00
1.000000e+00,0.000000e+00,0.000000e+00,0.000000e+00,0.000000e+00,0.000000e+00,0.000000e+00,0.000000e+00,0.000000e+00,0.000000e+00,0.000000e+00,0.000000e+00,0.000000e+00,0.000000e+00,0.000000e+00
1.000000e+00,0.000000e+00,0.000000e+00,0.000000e+00,0.000000e+00,0.000000e+00,0.000000e+00,0.000000e+00,0.000000e+00,0.000000e+00,0.000000e+00,0.000000e+00,0.000000e+00,0.000000e+00,0.000000e+00
4.734299e-01,6.801829e-02,7.308166e-02,1.576225e-01,1.031100e-02,1.525516e-02,3.845444e-03,1.592004e-02,2.530041e-02,4.983762e-03,3.210968e-02,2.560224e-02,1.442995e-02,1.207157e-02,6.801845e-02
1.000000e+00,0.000000e+00,0.000000e+00,0.000000e+00,0.000000e+00,0.000000e+00,0.000000e+00,0.000000e+00,0.000000e+00,0.000000e+00,0.000000e+00,0.000000e+00,0.000000e+00,0.000000e+00,0.000000e+00
4.871159e-01,5.907377e-02,8.355843e-02,1.322084e-01,1.097401e-02,1.416769e-02,3.698669e-03,1.509650e-02,2.743920e-02,5.029995e-03,3.547384e-02,2.504159e-02,1.648542e-02,1.282806e-02,7.180849e-02
1.000000e+00,0.000000e+00,0.000000e+00,0.000000e+00,0.000000e+00,0.000000e+00,0.000000e+00,0.000000e+00,0.000000e+00,0.000000e+00,0.000000e+00,0.000000e+00,0.000000e+00,0.000000e+00,0.000000e+00
1.000000e+00,0.000000e+00,0.000000e+00,0.000000e+00,0.000000e+00,0.000000e+00,0.000000e+00,0.000000e+00,0.000000e+00,0.000000e+00,0.000000e+00,0.000000e+00,0.000000e+00,0.000000e+00,0.000000e+00
1.000000e+00,0.000000e+00,0.000000e+00,0.000000e+00,0.000000e+00,0.000000e+00,0.000000e+00,0.000000e+00,0.000000e+00,0.000000e+00,0.000000e+00,0.000000e+00,0.000000e+00,0.000000e+00,0.000000e+00
1.000000e+00,0.000000e+00,0.000000e+00,0.000000e+00,0.000000e+00,0.000000e+00,0.000000e+00,0.000000e+00,0.000000e+00,0.000000e+00,0.000000e+00,0.000000e+00,0.000000e+00,0.000000e+00,0.000000e+00
1.000000e+00,0.000000e+00,0.000000e+00,0.000000e+00,0.000000e+00,0.000000e+00,0.000000e+00,0.000000e+00,0.000000e+00,0.000000e+00,0.000000e+00,0.000000e+00,0.000000e+00,0.000000e+00,0.000000e+00
1.000000e+00,0.000000e+00,0.000000e+00,0.000000e+00,0.000000e+00,0.000000e+00,0.000000e+00,0.000000e+00,0.000000e+00,0.000000e+00,0.000000e+00,0.000000e+00,0.000000e+00,0.000000e+00,0.000000e+00
1.000000e+00,0.000000e+00,0.000000e+00,0.000000e+00,0.000000e+00,0.000000e+00,0.000000e+00,0.000000e+00,0.000000e+00,0.000000e+00,0.000000e+00,0.000000e+00,0.000000e+00,0.000000e+00,0.000000e+00
1.000000e+00,0.000000e+00,0.000000e+00,0.000000e+00,0.000000e+00,0.000000e+00,0.000000e+00,0.000000e+00,0.000000e+00,0.000000e+00,0.000000e+00,0.000000e+00,0.000000e+00,0.000000e+00,0.000000e+00
1.000000e+00,0.000000e+00,0.000000e+00,0.000000e+00,0.000000e+00,0.000000e+00,0.000000e+00,0.000000e+00,0.000000e+00,0.000000e+00,0.000000e+00,0.000000e+00,0.000000e+00,0.000000e+00,0.000000e+00
1.000000e+00,0.000000e+00,0.000000e+00,0.000000e+00,0.000000e+00,0.000000e+00,0.000000e+00,0.000000e+00,0.000000e+00,0.000000e+00,0.000000e+00,0.000000e+00,0.000000e+00,0.000000e+00,0.000000e+00
1.000000e+00,0.000000e+00,0.000000e+00,0.000000e+00,0.000000e+00,0.000000e+00,0.000000e+00,0.000000e+00,0.000000e+00,0.000000e+00,0.000000e+00,0.000000e+00,0.000000e+00,0.000000e+00,0.000000e+00
1.000000e+00,0.000000e+00,0.000000e+00,0.000000e+00,0.000000e+00,0.000000e+00,0.000000e+00,0.000000e+00,0.000000e+00,0.000000e+00,0.000000e+00,0.000000e+00,0.000000e+00,0.000000e+00,0.000000e+00
1.000000e+00,0.000000e+00,0.000000e+00,0.000000e+00,0.000000e+00,0.000000e+00,0.000000e+00,0.000000e+00,0.000000e+00,0.000000e+00,0.000000e+00,0.000000e+00,0.000000e+00,0.000000e+00,0.000000e+00
1.000000e+00,0.000000e+00,0.000000e+00,0.000000e+00,0.000000e+00,0.000000e+00,0.000000e+00,0.000000e+00,0.000000e+00,0.000000e+00,0.000000e+00,0.000000e+00,0.000000e+00,0.000000e+00,0.000000e+00
1.000000e+00,0.000000e+00,0.000000e+00,0.000000e+00,0.000000e+00,0.000000e+00,0.000000e+00,0.000000e+00,0.000000e+00,0.000000e+00,0.000000e+00,0.000000e+00,0.000000e+00,0.000000e+00,0.000000e+00
1.000000e+00,0.000000e+00,0.000000e+00,0.000000e+00,0.000000e+00,0.000000e+00,0.000000e+00,0.000000e+00,0.000000e+00,0.000000e+00,0.000000e+00,0.000000e+00,0.000000e+00,0.000000e+00,0.000000e+00
1.000000e+00,0.000000e+00,0.000000e+00,0.000000e+00,0.000000e+00,0.000000e+00,0.000000e+00,0.000000e+00,0.000000e+00,0.000000e+00,0.000000e+00,0.000000e+00,0.000000e+00,0.000000e+00,0.000000e+00
1.000000e+00,0.000000e+00,0.000000e+00,0.000000e+00,0.000000e+00,0.000000e+00,0.000000e+00,0.000000e+00,0.000000e+00,0.000000e+00,0.000000e+00,0.000000e+00,0.000000e+00,0.000000e+00,0.000000e+00
1.000000e+00,0.000000e+00,0.000000e+00,0.000000e+00,0.000000e+00,0.000000e+00,0.000000e+00,0.000000e+00,0.000000e+00,0.000000e+00,0.000000e+00,0.000000e+00,0.000000e+00,0.000000e+00,0.000000e+00
1.000000e+00,0.000000e+00,0.000000e+00,0.000000e+00,0.000000e+00,0.000000e+00,0.000000e+00,0.000000e+00,0.000000e+00,0.000000e+00,0.000000e+00,0.000000e+00,0.000000e+00,0.000000e+00,0.000000e+00
1.000000e+00,0.000000e+00,0.000000e+00,0.000000e+00,0.000000e+00,0.000000e+00,0.000000e+00,0.000000e+00,0.000000e+00,0.000000e+00,0.000000e+00,0.000000e+00,0.000000e+00,0.000000e+00,0.000000e+00
1.000000e+00,0.000000e+00,0.000000e+00,0.000000e+00,0.000000e+00,0.000000e+00,0.000000e+00,0.000000e+00,0.000000e+00,0.000000e+00,0.000000e+00,0.000000e+00,0.000000e+00,0.000000e+00,0.000000e+00
1.000000e+00,0.000000e+00,0.000000e+00,0.000000e+00,0.000000e+00,0.000000e+00,0.000000e+00,0.000000e+00,0.000000e+00,0.000000e+00,0.000000e+00,0.000000e+00,0.000000e+00,0.000000e+00,0.000000e+00
4.655105e-01,3.333518e-02,2.648236e-02,6.329554e-02,3.853333e-03,1.652672e-02,1.438670e-03,3.921045e-03,1.089399e-02,6.198349e-03,2.921366e-01,2.579257e-02,9.836020e-03,1.581675e-02,2.496233e-02
4.529458e-01,2.899358e-02,3.089006e-02,8.954458e-02,1.320387e-02,2.245736e-02,1.881449e-03,5.554971e-03,1.866938e-02,1.381527e-02,2.523391e-01,2.338821e-02,1.120090e-02,1.384864e-02,2.126680e-02
1.000000e+00,0.000000e+00,0.000000e+00,0.000000e+00,0.000000e+00,0.000000e+00,0.000000e+00,0.000000e+00,0.000000e+00,0.000000e+00,0.000000e+00,0.000000e+00,0.000000e+00,0.000000e+00,0.000000e+00
1.000000e+00,0.000000e+00,0.000000e+00,0.000000e+00,0.000000e+00,0.000000e+00,0.000000e+00,0.000000e+00,0.000000e+00,0.000000e+00,0.000000e+00,0.000000e+00,0.000000e+00,0.000000e+00,0.000000e+00
4.987063e-01,2.352226e-02,1.560216e-02,5.972643e-02,1.601286e-02,4.773444e-02,2.851821e-03,5.178547e-03,4.010393e-02,9.254532e-02,1.199723e-01,2.328118e-02,1.912656e-02,1.323938e-02,2.239655e-02
4.959126e-01,2.128077e-02,1.225573e-02,5.142398e-02,1.769093e-02,4.867266e-02,2.723170e-03,4.239174e-03,5.233369e-02,1.016196e-01,9.968951e-02,3.339323e-02,2.168031e-02,1.335877e-02,2.372587e-02
4.545128e-01,1.811328e-02,8.946211e-03,4.066886e-02,1.387428e-02,7.759984e-02,2.539188e-03,3.226903e-03,4.451609e-02,8.324061e-02,1.122338e-01,7.978341e-02,2.724458e-02,1.128866e-02,2.221147e-02
4.292351e-01,1.603571e-02,8.170842e-03,3.928602e-02,1.194808e-02,1.139439e-01,2.820649e-03,2.918883e-03,3.720438e-02,6.546238e-02,1.041768e-01,1.052434e-01,2.875418e-02,1.005977e-02,2.473984e-02
3.758113e-01,2.609036e-02,1.532471e-02,3.412572e-02,1.581655e-02,8.881790e-02,2.615922e-03,3.015351e-03,5.349667e-02,8.150899e-02,9.886387e-02,1.262096e-01,3.436523e-02,1.139526e-02,3.254260e-02
3.294670e-01,3.224089e-02,2.155683e-02,2.792304e-02,2.086568e-02,7.267581e-02,4.856163e-03,4.554355e-03,6.357096e-02,1.535946e-01,8.179838e-02,1.067856e-01,3.182530e-02,1.670680e-02,3.157867e-02
2.918016e-01,2.990983e-02,2.076833e-02,2.271958e-02,2.322769e-02,6.025177e-02,1.108611e-02,6.322503e-03,6.122030e-02,2.356427e-01,6.977926e-02,8.483694e-02,3.284847e-02,2.142373e-02,2.816113e-02
2.892423e-01,3.020585e-02,2.116376e-02,1.768740e-02,2.474774e-02,4.928641e-02,8.746823e-03,5.473817e-03,5.426630e-02,2.875783e-01,5.762699e-02,6.638649e-02,3.692892e-02,2.017737e-02,3.048157e-02
2.159953e-01,2.319120e-02,2.015766e-02,1.372978e-02,5.374476e-02,3.611453e-02,9.109224e-03,8.372324e-03,6.748664e-02,3.805407e-01,4.605047e-02,4.967193e-02,3.347692e-02,1.528803e-02,2.707068e-02
1.837697e-01,2.043660e-02,2.304395e-02,1.107900e-02,1.526593e-01,2.847232e-02,3.692769e-02,3.031350e-02,5.576566e-02,3.262382e-01,3.631235e-02,3.570722e-02,2.756340e-02,1.172134e-02,1.998986e-02
1.860464e-01,2.342225e-02,4.287095e-02,1.557337e-02,2.241709e-01,2.657709e-02,6.523330e-02,2.714173e-02,4.618053e-02,2.434059e-01,2.738330e-02,2.608321e-02,2.119333e-02,8.766131e-03,1.595171e-02
1.353424e-01,1.885837e-02,1.016696e-01,1.795885e-02,3.138505e-01,2.158736e-02,8.691880e-02,2.428006e-02,3.522716e-02,1.725176e-01,1.974068e-02,1.848112e-02,1.541277e-02,6.166115e-03,1.198873e-02
1.036604e-01,1.712751e-02,8.696735e-02,1.374053e-02,4.704487e-01,1.982940e-02,6.334498e-02,1.779272e-02,2.732771e-02,1.227551e-01,1.520982e-02,1.360561e-02,1.157949e-02,4.382230e-03,1.222844e-02
8.502955e-02,2.837442e-02,8.939297e-02,2.579282e-02,4.556892e-01,3.002597e-02,5.001672e-02,1.412675e-02,3.541953e-02,9.754291e-02,2.900210e-02,1.353759e-02,1.265390e-02,3.252071e-03,3.014346e-02
6.108444e-02,2.859653e-02,2.438705e-01,6.026855e-02,3.593896e-01,2.280213e-02,3.706986e-02,1.163637e-02,3.238080e-02,7.274018e-02,2.187041e-02,1.012272e-02,9.644177e-03,2.301261e-03,2.622241e-02
4.523974e-02,2.482470e-02,3.883123e-01,7.459740e-02,2.711449e-01,1.749494e-02,2.693524e-02,1.096484e-02,3.291679e-02,5.422913e-02,1.680252e-02,7.618947e-03,7.627742e-03,1.624309e-03,1.966647e-02
4.333118e-02,2.500063e-02,4.307341e-01,6.818749e-02,2.242967e-01,1.387396e-02,1.984140e-02,6.099400e-02,3.133372e-02,4.020752e-02,1.339975e-02,6.117716e-03,6.610927e-03,1.179017e-03,1.489189e-02
4.674830e-02,2.631067e-02,4.409885e-01,8.278350e-02,1.681019e-01,1.134948e-02,1.765505e-02,1.136850e-01,2.507856e-02,3.295015e-02,1.046107e-02,4.693048e-03,5.244075e-03,8.727822e-04,1.307790e-02
5.032814e-02,5.011646e-02,4.275889e-01,8.035374e-02,1.304437e-01,1.050864e-02,1.805797e-02,1.246505e-01,3.316354e-02,3.570697e-02,1.073806e-02,4.167266e-03,7.313860e-03,6.903077e-04,1.617196e-02
5.623867e-02,5.132390e-02,3.940286e-01,6.513309e-02,1.157796e-01,1.075503e-02,4.900100e-02,1.371578e-01,3.614093e-02,3.232068e-02,1.064058e-02,4.442524e-03,1.834238e-02,6.690696e-04,1.802617e-02
5.941799e-02,6.030285e-02,3.171467e-01,8.013238e-02,1.041755e-01,1.238109e-02,4.156361e-02,1.141381e-01,4.954039e-02,3.800032e-02,1.065971e-02,1.335719e-02,3.369144e-02,2.787285e-03,6.270547e-02
9.057005e-02,8.405738e-02,2.426120e-01,7.545900e-02,1.171542e-01,1.505898e-02,3.497015e-02,9.558649e-02,6.181813e-02,3.965851e-02,1.027410e-02,1.252058e-02,4.079533e-02,3.775675e-03,7.568951e-02
2.105286e-01,7.073190e-02,1.761149e-01,6.153952e-02,1.076265e-01,1.449765e-02,3.072271e-02,7.329359e-02,7.025556e-02,3.300922e-02,1.072254e-02,1.458769e-02,5.537409e-02,4.004347e-03,6.699133e-02
2.406346e-01,6.046270e-02,1.287898e-01,4.916669e-02,9.055335e-02,1.452454e-02,2.683788e-02,5.438444e-02,6.791180e-02,2.489421e-02,1.199737e-02,1.206685e-02,1.318253e-01,3.599100e-03,8.235147e-02
2.713587e-01,4.709096e-02,9.247790e-02,3.737301e-02,6.593131e-02,1.658100e-02,1.996948e-02,3.951764e-02,5.325456e-02,1.831339e-02,1.143875e-02,1.155369e-02,1.995650e-01,2.948068e-03,1.126266e-01
2.588881e-01,3.440158e-02,6.599011e-02,2.695971e-02,4.695014e-02,1.742074e-02,1.556834e-02,2.854668e-02,3.859507e-02,1.370404e-02,9.538845e-03,9.254464e-03,2.614508e-01,3.033732e-03,1.696977e-01
2.120768e-01,2.479264e-02,4.682892e-02,1.919521e-02,3.342490e-02,1.529781e-02,1.165982e-02,2.041268e-02,2.801721e-02,1.023608e-02,7.915477e-03,7.194041e-03,2.719321e-01,2.916605e-03,2.880997e-01
1.675915e-01,1.779490e-02,3.352464e-02,1.404826e-02,2.435893e-02,1.196215e-02,1.196891e-02,1.514133e-02,2.086860e-02,7.776451e-03,7.180107e-03,7.733020e-03,2.236141e-01,2.895108e-03,4.335421e-01
1.289211e-01,1.261784e-02,2.457723e-02,1.083749e-02,1.984747e-02,1.112805e-02,1.239889e-02,1.713293e-02,1.671602e-02,5.958975e-03,8.374459e-03,7.684837e-03,1.850320e-01,2.665786e-03,5.361069e-01
1.068197e-01,8.955525e-03,2.056931e-02,1.537206e-02,1.658648e-02,9.609862e-03,1.318970e-02,7.061870e-02,1.274681e-02,4.682928e-03,9.379764e-03,6.413633e-03,1.545051e-01,2.734920e-03,5.478154e-01
9.939659e-02,8.718164e-03,1.927381e-02,3.102117e-02,7.010902e-02,3.487047e-02,1.520812e-02,5.492797e-02,3.532727e-02,3.958196e-03,7.874239e-03,5.097123e-03,1.444201e-01,2.140546e-03,4.676573e-01
1.244208e-01,8.690533e-03,2.026808e-02,3.957357e-02,8.527643e-02,4.427448e-02,1.650799e-02,4.870164e-02,5.676205e-02,3.542273e-03,6.587888e-03,4.787154e-03,1.184078e-01,1.829897e-03,4.203694e-01
1.009610e-01,1.071337e-02,2.519403e-02,6.102762e-02,8.578297e-02,4.737898e-02,1.628762e-02,8.130784e-02,1.225569e-01,4.810391e-03,8.866847e-03,6.652645e-03,9.549355e-02,1.626998e-03,3.313393e-01
7.383042e-02,1.395182e-02,6.730216e-02,1.207902e-01,6.914193e-02,3.917616e-02,1.399355e-02,7.647783e-02,1.267746e-01,5.620293e-03,9.675751e-03,6.022948e-03,7.937219e-02,1.392216e-03,2.964779e-01
5.897339e-02,1.444660e-02,1.115717e-01,1.209137e-01,5.393574e-02,3.234819e-02,1.187458e-02,1.286936e-01,1.245238e-01,7.230399e-03,1.282319e-02,5.918281e-03,6.280226e-02,1.160828e-03,2.527837e-01
4.164590e-02,1.222293e-02,2.693343e-01,1.678219e-01,3.813103e-02,2.293337e-02,8.400370e-03,9.354948e-02,9.571674e-02,7.040222e-03,1.217366e-02,4.888946e-03,4.652081e-02,8.612884e-04,1.787591e-01
3.132670e-02,1.235518e-02,3.210553e-01,2.097257e-01,2.764085e-02,1.805501e-02,6.385766e-03,7.182389e-02,7.592869e-02,9.736213e-03,3.855764e-02,5.204100e-03,4.286171e-02,7.104962e-04,1.286328e-01
2.255467e-02,9.601491e-03,2.279572e-01,2.300812e-01,1.951084e-02,1.297386e-02,4.520366e-03,5.576091e-02,6.092804e-02,8.094420e-03,2.093128e-01,4.496086e-03,3.894382e-02,2.972628e-03,9.229171e-02
1.613726e-02,7.042545e-03,1.614800e-01,1.964926e-01,1.392324e-02,9.424605e-03,3.215580e-03,4.130737e-02,4.782994e-02,6.839021e-03,3.741261e-01,5.400307e-03,4.397534e-02,4.549102e-03,6.825699e-02
1.169048e-02,6.581726e-03,1.135714e-01,1.500586e-01,1.030969e-02,6.797120e-03,2.273308e-03,2.924811e-02,7.863505e-02,5.232764e-03,3.924531e-01,4.320981e-03,4.470913e-02,9.119371e-03,1.349991e-01
8.566210e-03,6.671051e-03,8.137257e-02,1.072860e-01,7.999822e-03,5.030034e-03,1.599141e-03,2.056445e-02,1.013318e-01,3.988430e-03,3.061123e-01,3.143096e-03,3.321499e-02,2.310611e-02,2.900140e-01
6.240916e-03,6.112908e-03,6.280856e-02,8.086368e-02,5.751664e-03,3.719064e-03,1.127562e-03,1.442686e-02,2.739549e-01,3.384648e-03,2.174612e-01,2.546128e-03,2.529161e-02,1.947563e-02,2.768347e-01
5.088177e-03,5.844991e-03,4.837167e-02,5.688525e-02,4.250840e-03,2.891358e-03,8.148390e-04,1.015370e-02,2.287674e-01,2.877606e-03,1.532254e-01,1.823560e-03,1.805094e-02,1.938741e-02,4.415668e-01
4.411185e-03,6.143444e-03,3.546570e-02,3.993173e-02,3.103333e-03,2.389181e-03,5.954472e-04,7.154769e-03,1.821600e-01,2.474378e-03,1.089686e-01,1.316497e-03,1.290853e-02,1.659795e-02,5.763793e-01
3.559575e-03,5.678736e-03,2.591697e-02,2.807295e-02,2.200220e-03,2.186303e-03,4.217983e-04,5.022616e-03,1.597830e-01,2.101949e-03,7.650807e-02,9.547577e-04,9.220974e-03,1.310345e-02,6.652687e-01
4.300727e-03,6.872666e-03,1.977924e-02,1.986452e-02,1.632308e-03,2.023542e-03,3.053073e-04,3.530539e-03,1.408328e-01,2.028732e-03,5.393974e-02,7.215762e-04,6.752526e-03,1.293914e-02,7.244767e-01
5.711887e-03,8.515123e-03,1.512705e-02,1.403944e-02,1.400713e-03,2.057507e-03,2.265865e-04,2.496475e-03,1.202019e-01,2.046508e-03,3.848721e-02,5.391642e-04,5.019152e-03,1.318208e-02,7.709492e-01
7.947431e-03,1.156608e-02,2.110499e-02,1.079794e-02,1.311595e-03,3.114281e-03,2.223732e-04,1.868674e-03,1.354605e-01,3.126733e-03,2.764009e-02,5.283845e-04,3.889076e-03,1.297040e-02,7.584514e-01
1.056746e-02,1.122379e-02,1.662182e-02,7.876904e-03,1.233574e-03,3.138305e-03,2.151789e-04,1.521197e-03,1.236461e-01,7.641257e-03,2.043279e-02,5.074385e-04,3.133893e-03,1.387640e-02,7.783639e-01
1.282708e-02,1.178072e-02,1.326371e-02,5.727907e-03,1.433460e-03,2.736027e-03,1.684903e-04,1.385402e-03,1.372598e-01,1.042409e-02,1.555834e-02,4.951266e-04,2.804318e-03,1.603703e-02,7.680985e-01
1.101964e-02,1.331964e-02,9.820562e-03,4.213158e-03,1.176646e-03,2.559098e-03,1.262188e-04,1.142455e-03,2.249684e-01,1.136189e-02,1.183769e-02,4.691205e-04,2.554827e-03,1.598503e-02,6.894456e-01
9.076509e-03,1.055143e-02,8.850396e-03,4.166708e-03,1.155125e-03,7.264941e-03,1.225097e-04,2.105020e-03,3.820660e-01,8.875957e-03,1.269933e-02,7.759343e-04,6.304463e-03,1.311612e-02,5.328696e-01
7.397299e-03,9.032974e-03,7.468070e-03,4.662783e-03,1.083524e-03,1.726348e-02,9.371026e-05,2.373499e-03,4.061264e-01,7.102667e-03,6.002293e-02,5.068793e-03,2.408465e-02,1.023598e-02,4.379832e-01
7.563558e-03,8.254129e-03,8.462926e-03,5.261485e-03,1.710958e-03,2.341160e-02,1.851497e-04,7.191907e-03,3.746482e-01,5.854872e-03,9.388703e-02,2.163635e-02,4.679713e-02,8.757286e-03,3.863774e-01
7.717365e-03,1.024150e-02,1.271988e-02,8.213732e-03,2.231096e-03,3.023264e-02,2.549315e-04,5.747681e-03,4.702792e-01,5.013911e-03,7.573484e-02,3.353222e-02,4.819644e-02,6.446782e-03,2.834378e-01
6.253568e-03,1.040446e-02,1.217284e-02,8.945775e-03,2.024524e-03,2.343077e-02,1.416791e-03,4.910002e-03,4.325193e-01,4.898543e-03,6.586424e-02,3.761055e-02,1.593493e-01,5.632363e-03,2.245669e-01
5.688784e-03,1.533341e-02,4.095317e-02,2.383352e-02,3.968857e-03,2.361657e-02,3.769737e-03,1.707027e-02,4.030731e-01,5.500999e-03,7.008621e-02,3.907402e-02,1.491395e-01,4.677454e-03,1.942145e-01
5.643042e-03,2.177759e-02,3.276644e-02,2.054521e-02,6.215981e-03,4.542466e-02,3.117277e-03,2.217899e-02,4.405113e-01,4.333914e-03,5.461373e-02,3.067689e-02,1.375099e-01,3.567427e-03,1.711177e-01
5.752624e-03,3.400535e-02,2.460910e-02,1.700557e-02,9.813795e-03,9.369197e-02,2.365295e-03,2.362350e-02,4.680408e-01,3.202950e-03,4.136553e-02,2.299987e-02,1.267967e-01,2.755327e-03,1.239717e-01
4.773934e-03,6.310454e-02,1.901655e-02,1.681484e-02,8.919479e-03,1.269484e-01,1.926880e-03,1.872544e-02,4.802018e-01,2.904288e-03,2.951307e-02,1.695657e-02,1.143290e-01,2.450062e-03,9.341516e-02
4.934778e-03,9.094383e-02,1.380833e-02,1.475064e-02,8.396609e-03,1.497568e-01,1.675526e-03,1.587407e-02,4.518153e-01,3.217843e-03,2.153769e-02,1.246286e-02,1.381149e-01,2.422398e-03,7.028843e-02
5.428978e-03,1.110438e-01,1.040550e-02,1.512275e-02,9.451635e-03,1.550202e-01,1.664711e-03,1.240799e-02,4.593196e-01,4.124244e-03,1.569548e-02,9.033678e-03,1.297342e-01,2.176700e-03,5.937058e-02
6.353037e-03,1.737221e-01,8.095071e-03,1.452264e-02,1.036412e-02,1.374980e-01,1.431528e-03,9.804889e-03,4.269522e-01,4.640412e-03,1.150472e-02,6.591131e-03,1.194104e-01,1.639115e-03,6.747066e-02
7.897183e-03,2.771613e-01,6.380142e-03,1.659614e-02,1.074834e-02,1.068122e-01,1.230833e-03,7.771764e-03,3.669760e-01,5.656570e-03,8.597969e-03,4.952176e-03,1.063863e-01,1.364153e-03,7.146897e-02
8.191502e-03,4.096093e-01,5.486040e-03,1.369130e-02,8.260516e-03,7.650377e-02,9.682182e-04,5.903924e-03,2.908353e-01,8.757600e-03,6.635123e-03,3.882630e-03,8.830783e-02,1.167312e-03,7.179971e-02
1.226741e-02,4.277439e-01,4.387594e-03,1.127391e-02,6.272263e-03,5.621038e-02,7.656282e-04,5.014234e-03,2.928599e-01,8.235489e-03,5.377735e-03,3.111457e-03,9.471349e-02,1.347150e-03,7.041952e-02
3.010657e-02,4.323695e-01,3.296155e-03,9.016387e-03,5.080511e-03,4.073592e-02,6.155084e-04,4.685585e-03,2.532574e-01,6.301228e-03,4.195143e-03,2.778769e-03,1.475378e-01,1.431800e-03,5.859175e-02
4.953364e-02,3.311854e-01,2.651225e-03,7.229714e-03,4.070446e-03,2.928607e-02,6.275336e-04,3.845554e-03,1.829409e-01,4.923956e-03,3.615541e-03,4.619237e-03,3.242994e-01,1.484989e-03,4.968641e-02
7.008879e-02,2.452008e-01,2.147028e-03,5.744152e-03,3.681656e-03,2.149493e-02,6.474421e-04,3.514330e-03,1.323227e-01,3.578826e-03,2.982160e-03,5.501553e-03,4.567453e-01,1.949069e-03,4.440134e-02
5.292874e-02,1.741087e-01,2.828056e-03,4.758661e-03,4.990604e-03,1.570152e-02,5.793587e-04,2.618024e-03,9.484881e-02,2.737880e-03,2.393672e-03,4.701283e-03,5.971120e-01,2.308748e-03,3.738400e-02
4.003749e-02,1.230682e-01,5.427698e-03,4.538309e-03,7.966064e-03,1.311723e-02,1.056028e-03,3.266481e-03,6.870051e-02,2.635720e-03,3.194874e-03,7.160988e-03,6.725347e-01,2.466715e-03,4.482904e-02
3.214097e-02,8.812740e-02,1.990870e-02,7.819859e-03,1.028259e-02,1.190981e-02,1.072767e-03,6.133269e-03,5.074935e-02,3.626410e-03,6.079792e-03,1.114506e-02,6.887456e-01,6.460530e-03,5.579794e-02
2.511230e-02,6.280234e-02,1.736953e-02,7.494961e-03,8.360777e-03,1.155863e-02,2.096556e-03,4.804441e-03,3.776795e-02,2.822858e-02,1.149357e-02,2.572320e-02,6.811566e-01,8.234209e-03,6.779635e-02
1.853900e-02,4.487642e-02,2.397475e-02,7.512624e-03,6.877668e-03,1.028363e-02,2.397999e-03,3.556878e-03,3.225434e-02,7.534885e-02,1.532218e-02,2.707869e-02,6.120082e-01,7.473814e-03,1.124950e-01
1.592705e-02,3.162191e-02,3.259146e-02,6.423539e-03,7.338322e-03,9.667943e-03,3.750528e-03,3.267771e-03,2.844779e-02,1.354774e-01,1.969550e-02,2.261847e-02,4.477905e-01,7.686505e-03,2.276953e-01
1.303866e-02,2.247786e-02,3.010583e-02,6.657948e-03,1.066792e-02,8.442133e-03,2.995304e-03,2.576838e-03,2.867235e-02,2.078646e-01,1.625787e-02,1.692429e-02,3.184458e-01,5.689013e-03,3.091835e-01
1.030390e-02,1.612112e-02,2.165500e-02,5.201043e-03,8.301311e-03,6.116252e-03,2.126327e-03,1.858793e-03,2.352497e-02,3.532452e-01,1.729205e-02,1.341675e-02,2.286373e-01,4.258642e-03,2.879414e-01
8.068671e-03,1.166011e-02,1.610402e-02,4.881026e-03,7.970301e-03,4.997572e-03,1.739973e-03,1.537642e-03,1.971648e-02,5.162168e-01,1.424483e-02,1.000275e-02,1.612622e-01,3.180205e-03,2.184174e-01
5.925962e-03,8.339854e-03,1.179430e-02,3.578548e-03,5.709778e-03,3.859390e-03,1.325208e-03,1.110362e-03,1.439451e-02,6.541085e-01,1.126524e-02,7.343333e-03,1.138720e-01,2.341995e-03,1.550310e-01
4.731687e-03,6.180720e-03,1.131429e-02,4.364636e-03,4.287614e-03,4.457964e-03,1.044107e-03,1.725479e-03,1.182463e-02,7.162447e-01,2.062958e-02,1.008586e-02,8.752596e-02,1.852167e-03,1.137305e-01
4.016838e-03,4.581579e-03,8.529226e-03,3.646154e-03,3.109725e-03,4.191503e-03,7.832522e-04,1.241594e-03,9.402141e-03,7.763939e-01,2.299879e-02,1.090271e-02,6.475219e-02,2.129660e-03,8.332063e-02
3.599646e-03,3.378782e-03,6.239519e-03,2.755933e-03,2.219551e-03,3.149537e-03,5.720041e-04,8.871237e-04,7.215651e-03,8.268397e-01,2.076267e-02,1.033646e-02,4.795468e-02,1.894183e-03,6.219453e-02
3.756534e-03,2.738396e-03,6.006871e-03,3.118334e-03,1.968016e-03,3.006597e-03,5.005774e-04,1.456690e-03,7.754933e-03,8.430556e-01,2.216551e-02,1.513385e-02,4.172022e-02,2.297275e-03,4.532060e-02
3.740430e-03,2.269894e-03,6.126169e-03,2.896334e-03,3.020578e-03,2.372090e-03,4.739585e-04,1.929279e-03,1.035067e-02,8.386329e-01,2.909742e-02,1.982136e-02,4.263398e-02,3.255100e-03,3.337983e-02
5.950483e-03,5.269216e-03,7.016783e-03,4.356158e-03,3.283545e-03,3.173588e-03,3.882819e-04,2.260927e-03,3.046538e-02,8.035747e-01,3.375274e-02,2.255588e-02,4.070897e-02,7.697679e-03,2.954570e-02
4.591576e-03,3.763302e-03,5.238828e-03,3.483586e-03,8.604662e-03,3.115028e-03,6.736418e-04,5.109262e-03,4.117650e-02,8.115308e-01,2.644167e-02,2.091560e-02,3.642314e-02,7.438917e-03,2.149345e-02
3.996573e-03,2.688499e-03,3.925203e-03,2.828642e-03,9.702272e-03,3.200978e-03,5.562155e-04,8.022938e-03,3.849299e-02,8.359822e-01,2.029943e-02,1.864001e-02,2.975460e-02,6.645589e-03,1.526379e-02
3.534761e-03,1.980706e-03,2.870855e-03,2.133270e-03,7.310613e-03,3.089583e-03,4.270507e-04,5.891176e-03,2.768086e-02,8.796072e-01,1.442225e-02,1.357318e-02,2.152931e-02,4.819126e-03,1.113009e-02
2.711205e-03,1.402582e-03,2.118674e-03,1.540839e-03,7.859451e-03,2.239092e-03,4.042872e-04,4.589663e-03,2.241312e-02,9.063656e-01,1.046524e-02,1.040046e-02,1.592901e-02,3.690731e-03,7.870073e-03
3.470690e-03,1.027779e-03,2.220200e-03,2.126405e-03,2.105654e-02,2.122045e-03,1.759949e-03,6.690695e-02,2.379280e-02,8.300376e-01,8.176759e-03,8.371933e-03,2.056780e-02,2.707348e-03,5.655179e-03
4.316746e-03,9.141895e-04,2.745308e-03,1.605703e-03,3.318064e-02,1.661236e-03,1.605951e-03,4.997170e-02,2.028492e-02,8.469396e-01,6.799405e-03,6.923251e-03,1.650725e-02,2.489698e-03,4.054365e-03
5.201763e-03,7.825805e-04,2.266003e-03,1.484215e-03,5.038783e-02,1.529029e-03,3.575702e-03,1.092873e-01,2.687213e-02,7.650820e-01,6.281544e-03,7.701475e-03,1.454990e-02,2.027275e-03,2.971190e-03
8.157864e-03,8.033733e-04,1.772556e-03,2.086211e-03,5.584510e-02,5.181405e-03,2.749536e-03,1.631817e-01,4.326313e-02,6.569446e-01,9.999054e-03,2.658769e-02,1.946654e-02,1.637693e-03,2.323554e-03
1.433115e-02,7.249793e-04,1.404537e-03,2.234381e-03,6.206692e-02,7.485062e-03,2.097096e-03,1.466259e-01,4.260276e-02,6.563177e-01,1.090048e-02,3.085279e-02,1.924629e-02,1.324462e-03,1.785505e-03
1.879280e-02,1.092202e-03,3.901400e-03,3.970808e-03,5.693872e-02,3.282249e-02,2.022795e-03,1.915518e-01,5.042316e-02,5.576900e-01,2.010147e-02,3.202914e-02,2.566883e-02,1.270751e-03,1.723555e-03
4.142823e-02,1.925649e-03,1.044766e-02,5.758673e-03,4.896586e-02,3.561315e-02,1.866648e-03,1.635153e-01,8.346714e-02,5.211993e-01,1.905917e-02,3.524837e-02,2.875108e-02,1.001038e-03,1.752704e-03
5.745175e-02,1.922822e-03,2.124263e-02,1.672765e-02,4.657174e-02,2.806911e-02,2.208379e-03,2.552424e-01,7.954948e-02,4.217216e-01,1.593141e-02,2.832567e-02,2.283836e-02,7.485075e-04,1.448499e-03
7.013111e-02,3.897975e-03,3.452458e-02,3.110185e-02,4.400020e-02,2.265692e-02,2.569370e-03,2.035759e-01,9.000774e-02,4.434580e-01,1.295160e-02,2.205041e-02,1.707133e-02,5.908335e-04,1.412234e-03
7.751679e-02,6.760584e-03,3.266031e-02,2.968073e-02,3.899562e-02,1.758414e-02,2.576401e-03,1.529006e-01,1.043236e-01,4.947593e-01,1.052992e-02,1.687127e-02,1.283053e-02,5.477908e-04,1.462403e-03
8.474664e-02,2.222710e-02,5.173475e-02,3.650346e-02,4.529371e-02,1.611679e-02,3.628145e-03,1.528473e-01,1.293478e-01,4.209986e-01,8.553283e-03,1.420407e-02,1.054583e-02,7.782069e-04,2.474386e-03
1.210339e-01,2.702423e-02,4.393005e-02,3.416175e-02,3.838947e-02,1.431939e-02,4.328693e-03,1.614885e-01,1.334538e-01,3.878912e-01,7.073785e-03,1.250636e-02,8.177518e-03,1.250770e-03,4.970631e-03
1.279707e-01,3.596807e-02,3.524265e-02,3.097330e-02,3.545541e-02,1.312565e-02,4.169079e-03,1.703662e-01,1.346718e-01,3.793975e-01,5.832767e-03,1.021812e-02,6.926017e-03,1.504438e-03,8.178260e-03
1.173649e-01,3.698900e-02,2.791254e-02,2.622768e-02,2.895596e-02,1.136551e-02,3.700942e-03,2.363241e-01,1.239516e-01,3.587437e-01,4.883983e-03,8.075400e-03,5.621863e-03,1.427733e-03,8.455070e-03
1.137131e-01,3.635507e-02,2.210208e-02,2.081707e-02,2.431140e-02,1.092078e-02,3.709768e-03,2.701797e-01,1.133298e-01,3.568502e-01,4.089678e-03,7.535569e-03,6.330814e-03,1.571673e-03,8.183213e-03
1.546027e-01,3.084655e-02,1.809007e-02,1.723836e-02,2.277891e-02,1.993436e-02,3.829880e-03,2.754132e-01,8.780389e-02,3.336462e-01,3.736923e-03,1.056467e-02,1.116524e-02,1.568833e-03,8.780327e-03
2.838283e-01,2.327539e-02,1.468999e-02,1.417719e-02,1.760140e-02,2.168943e-02,3.753876e-03,2.439864e-01,6.438710e-02,2.362386e-01,7.823077e-03,3.649469e-02,2.272865e-02,1.623365e-03,7.702509e-03
2.855188e-01,1.772927e-02,1.445062e-02,1.989416e-02,1.340107e-02,3.304286e-02,2.934607e-03,2.226898e-01,4.760728e-02,1.678482e-01,1.475749e-02,8.347516e-02,6.767567e-02,2.103593e-03,6.871447e-03
2.112840e-01,1.276827e-02,1.038205e-02,1.649498e-02,1.030115e-02,2.615999e-02,2.236170e-03,1.697583e-01,3.507277e-02,1.184566e-01,5.812855e-02,1.031353e-01,2.182788e-01,1.879666e-03,5.663313e-03
1.769119e-01,9.145914e-03,7.475754e-03,1.283566e-02,7.680528e-03,1.997317e-02,1.693210e-03,1.279439e-01,2.798652e-02,8.360130e-02,8.336146e-02,1.263664e-01,3.087071e-01,1.914411e-03,4.402858e-03
1.267059e-01,6.501134e-03,5.422654e-03,9.337077e-03,5.783000e-03,1.433346e-02,1.220936e-03,9.545841e-02,2.945637e-02,5.891909e-02,9.324819e-02,1.384990e-01,4.103495e-01,1.505344e-03,3.259908e-03
1.014205e-01,4.798735e-03,4.619976e-03,7.390434e-03,6.795839e-03,1.217604e-02,1.083781e-03,8.052276e-02,3.595019e-02,4.373783e-02,1.234278e-01,1.306774e-01,4.429473e-01,1.292711e-03,3.158774e-03
9.544291e-02,3.958109e-03,4.417690e-03,6.304365e-03,1.283080e-02,1.357801e-02,1.160880e-03,7.133217e-02,4.551409e-02,3.504865e-02,1.321478e-01,1.623436e-01,4.108520e-01,1.717614e-03,3.351333e-03
1.404800e-01,5.411388e-03,7.760764e-03,5.502713e-03,2.440802e-02,1.305659e-02,1.350000e-03,6.723475e-02,5.036775e-02,3.784120e-02,1.143001e-01,1.687841e-01,3.574907e-01,2.974801e-03,3.037124e-03
1.706885e-01,6.861872e-03,1.357742e-02,5.121144e-03,4.543041e-02,1.066052e-02,1.392484e-03,7.383856e-02,6.342797e-02,3.429006e-02,9.203568e-02,1.681457e-01,3.065740e-01,4.970943e-03,2.984717e-03
2.153870e-01,8.805165e-03,2.165246e-02,1.935222e-02,6.887759e-02,1.304705e-02,1.554050e-03,6.529954e-02,6.608483e-02,3.101638e-02,7.827879e-02,1.650466e-01,2.371040e-01,4.226623e-03,4.267672e-03
2.867943e-01,8.884601e-03,1.912659e-02,1.738586e-02,7.369260e-02,2.397197e-02,1.501250e-03,5.906257e-02,6.000566e-02,2.946476e-02,6.595501e-02,1.651562e-01,1.770232e-01,7.260104e-03,4.715309e-03
3.222924e-01,1.159578e-02,1.937244e-02,1.648918e-02,7.871138e-02,3.003098e-02,1.609671e-03,5.931799e-02,6.242296e-02,3.151714e-02,5.426167e-02,1.666860e-01,1.311984e-01,8.128477e-03,6.365645e-03
3.831747e-01,1.935736e-02,1.671959e-02,1.735081e-02,6.558869e-02,3.118077e-02,1.500394e-03,4.887483e-02,6.025945e-02,3.625736e-02,4.708652e-02,1.540304e-01,9.877047e-02,8.938873e-03,1.090991e-02
3.482640e-01,2.381334e-02,1.534310e-02,1.419980e-02,6.003544e-02,2.406494e-02,1.582623e-03,4.488003e-02,7.416068e-02,6.684554e-02,5.046529e-02,1.747362e-01,7.761964e-02,1.277575e-02,1.121372e-02
3.219090e-01,2.989933e-02,2.319780e-02,1.156399e-02,6.740837e-02,1.888985e-02,1.688931e-03,5.280551e-02,7.827168e-02,1.310661e-01,4.678181e-02,1.351508e-01,5.854429e-02,1.307189e-02,9.750690e-03
2.905684e-01,3.432399e-02,2.031303e-02,1.112211e-02,6.440899e-02,1.473912e-02,1.622194e-03,4.263701e-02,7.905322e-02,2.288188e-01,3.847445e-02,1.018276e-01,4.450234e-02,1.821899e-02,9.369759e-03
2.595366e-01,4.062665e-02,1.870137e-02,1.086036e-02,6.631166e-02,1.248794e-02,2.452319e-03,3.599618e-02,1.123068e-01,2.649207e-01,3.366119e-02,7.840727e-02,3.547484e-02,1.980981e-02,8.446324e-03
2.054201e-01,4.317605e-02,2.952147e-02,5.641257e-02,1.260450e-01,1.255815e-02,3.501491e-03,4.261605e-02,1.425823e-01,1.972616e-01,2.661073e-02,6.046873e-02,3.062481e-02,1.462193e-02,8.579065e-03
1.585881e-01,4.856604e-02,2.451823e-02,4.715859e-02,1.172521e-01,1.078750e-02,3.783747e-03,3.880549e-02,2.782754e-01,1.619437e-01,2.282979e-02,4.468240e-02,2.295202e-02,1.200718e-02,7.849785e-03
1.234861e-01,5.938853e-02,2.374441e-02,3.640806e-02,1.210450e-01,9.951218e-03,5.003643e-03,3.809670e-02,3.538510e-01,1.459206e-01,1.671063e-02,3.203040e-02,1.731494e-02,9.539953e-03,7.508730e-03
1.223680e-01,5.026065e-02,3.415141e-02,5.480559e-02,1.526800e-01,1.142700e-02,6.137964e-03,5.999558e-02,3.358095e-01,1.065645e-01,1.261076e-02,2.519668e-02,1.351560e-02,7.149411e-03,7.327354e-03
1.359135e-01,3.975534e-02,2.809597e-02,5.171408e-02,1.928829e-01,1.670645e-02,9.969427e-03,5.950718e-02,3.356543e-01,7.706071e-02,9.622114e-03,1.917574e-02,1.071418e-02,5.551629e-03,7.676512e-03
1.744116e-01,3.551155e-02,2.477936e-02,4.910219e-02,2.098067e-01,1.734322e-02,1.255488e-02,7.424480e-02,2.983190e-01,5.581554e-02,7.874309e-03,1.599707e-02,1.002633e-02,5.153001e-03,9.060561e-03
1.739165e-01,3.034119e-02,1.850464e-02,3.745887e-02,2.606320e-01,1.919610e-02,1.239073e-02,7.492940e-02,2.912087e-01,4.116795e-02,6.377926e-03,1.279135e-02,7.807809e-03,5.044010e-03,8.232902e-03
2.376320e-01,3.071160e-02,1.342679e-02,3.064503e-02,2.425875e-01,2.580243e-02,1.115859e-02,6.851135e-02,2.653368e-01,3.122458e-02,6.813389e-03,1.433513e-02,7.184258e-03,5.081833e-03,9.548790e-03
3.486627e-01,3.273115e-02,1.322194e-02,2.557145e-02,1.787748e-01,2.577026e-02,1.443213e-02,8.164489e-02,2.058100e-01,2.310151e-02,7.850977e-03,1.645056e-02,8.529941e-03,4.814339e-03,1.263339e-02
2.968512e-01,2.527185e-02,1.113734e-02,1.944623e-02,1.349698e-01,2.729477e-02,3.256472e-02,2.452684e-01,1.479086e-01,1.790748e-02,6.234556e-03,1.306911e-02,7.794048e-03,3.873556e-03,1.040831e-02
2.471669e-01,1.930042e-02,9.934770e-03,1.420077e-02,1.077204e-01,2.509635e-02,2.280900e-01,1.907844e-01,1.078906e-01,1.470921e-02,4.841286e-03,9.973297e-03,7.545817e-03,3.242099e-03,9.503704e-03
2.162524e-01,1.513472e-02,8.349060e-03,1.126691e-02,9.298576e-02,2.376233e-02,3.630377e-01,1.366298e-01,7.987702e-02,1.460699e-02,4.689893e-03,1.275585e-02,9.090154e-03,2.789358e-03,8.772020e-03
1.801599e-01,1.144635e-02,6.263656e-03,9.366276e-03,8.120441e-02,2.096690e-02,4.746209e-01,9.767718e-02,5.727654e-02,1.281241e-02,9.091877e-03,1.446648e-02,9.125300e-03,2.147452e-03,1.337429e-02
2.070354e-01,9.710900e-03,4.620590e-03,9.495657e-03,7.478139e-02,2.229879e-02,4.930840e-01,7.032131e-02,4.116687e-02,1.145840e-02,1.068895e-02,1.588966e-02,1.276618e-02,3.247022e-03,1.343491e-02
2.498221e-01,7.798739e-03,3.449086e-03,7.969411e-03,6.471830e-02,2.212413e-02,5.070289e-01,5.030454e-02,2.943067e-02,8.536203e-03,8.913405e-03,1.407975e-02,1.181197e-02,2.825510e-03,1.118728e-02
2.648001e-01,6.274455e-03,2.722223e-03,6.746172e-03,5.143799e-02,1.981510e-02,5.451338e-01,3.553120e-02,2.108568e-02,6.330074e-03,7.021235e-03,1.114439e-02,9.463497e-03,2.627003e-03,9.867089e-03
3.445674e-01,5.558957e-03,2.478647e-03,6.691758e-03,4.382028e-02,2.337506e-02,4.885200e-01,2.545570e-02,1.630536e-02,5.239221e-03,6.517127e-03,9.753675e-03,8.003738e-03,2.927388e-03,1.078571e-02
