1.000000e+00,0.000000e+00,0.000000e+00,0.000000e+00,0.000000e+00,0.000000e+00,0.000000e+00,0.000000e+00,0.000000e+00,0.000000e+00,0.000000e+00,0.000000e+00,0.000000e+00,0.000000e+00,0.000000e+00
1.000000e+00,0.000000e+00,0.000000e+00,0.000000e+00,0.000000e+00,0.000000e+00,0.000000e+00,0.000000e+00,0.000000e+00,0.000000e+00,0.000000e+00,0.000000e+00,0.000000e+00,0.000000e+00,0.000000e+00
1.000000e+00,0.000000e+00,0.000000e+00,0.000000e+00,0.000000e+00,0.000000e+00,0.000000e+00,0.000000e+00,0.000000e+00,0.000000e+00,0.000000e+00,0.000000e+00,0.000000e+00,0.000000e+00,0.000000e+00
1.000000e+00,0.000000e+00,0.000000e+00,0.000000e+00,0.000000e+00,0.000000e+00,0.000000e+00,0.000000e+00,0.000000e+00,0.000000e+00,0.000000e+00,0.000000e+00,0.000000e+00,0.000000e+00,0.000000e+00
1.000000e+00,0.000000e+00,0.000000e+00,0.000000e+00,0.000000e+00,0.000000e+00,0.000000e+00,0.000000e+00,0.000000e+00,0.000000e+00,0.000000e+00,0.000000e+00,0.000000e+00,0.000000e+00,0.000000e+00
1.000000e+00,0.000000e+00,0.000000e+00,0.000000e+00,0.000000e+00,0.000000e+00,0.000000e+00,0.000000e+00,0.000000e+00,0.000000e+00,0.000000e+00,0.000000e+00,0.000000e+00,0.000000e+00,0.000000e+00
1.000000e+00,0.000000e+00,0.000000e+00,0.000000e+00,0.000000e+00,0.000000e+00,0.000000e+00,0.000000e+00,0.000000e+00,0.000000e+00,0.000000e+00,0.000000e+00,0.000000e+00,0.000000e+00,0.000000e+00
1.000000e+00,0.000000e+00,0.000000e+00,0.000000e+00,0.000000e+00,0.000000e+00,0.000000e+00,0.000000e+00,0.000000e+00,0.000000e+00,0.000000e+00,0.000000e+00,0.000000e+00,0.000000e+00,0.000000e+00
1.000000e+00,0.000000e+00,0.000000e+00,0.000000e+00,0.000000e+00,0.000000e+00,0.000000e+00,0.000000e+00,0.000000e+00,0.000000e+00,0.000000e+00,0.000000e+00,0.000000e+00,0.000000e+00,0.000000e+00
1.000000e+00,0.000000e+00,0.000000e+00,0.000000e+00,0.000000e+00,0.000000e+00,0.000000e+00,0.000000e+00,0.000000e+00,0.000000e+00,0.000000e+00,0.000000e+00,0.000000e+00,0.000000e+00,0.000000e+00
1.000000e+00,0.000000e+00,0.000000e+00,0.000000e+00,0.000000e+00,0.000000e+00,0.000000e+00,0.000000e+00,0.000000e+00,0.000000e+00,0.000000e+00,0.000000e+00,0.000000e+00,0.000000e+00,0.000000e+00
1.000000e+00,0.000000e+00,0.000000e+00,0.000000e+00,0.000000e+00,0.000000e+00,0.000000e+00,0.000000e+00,0.000000e+00,0.000000e+00,0.000000e+00,0.000000e+00,0.000000e+00,0.000000e+00,0.000000e+00
1.000000e+00,0.000000e+00,0.000000e+00,0.000000e+00,0.000000e+00,0.000000e+00,0.000000e+00,0.000000e+00,0.000000e+00,0.000000e+00,0.000000e+00,0.000000e+00,0.000000e+00,0.000000e+00,0.000000e+00
1.000000e+00,0.000000e+00,0.000000e+00,0.000000e+00,0.000000e+00,0.000000e+00,0.000000e+00,0.000000e+00,0.000000e+00,0.000000e+00,0.000000e+00,0.000000e+00,0.000000e+00,0.000000e+00,0.000000e+00
1.000000e+00,0.000000e+00,0.000000e+00,0.000000e+00,0.000000e+00,0.000000e+00,0.000000e+00,0.000000e+00,0.000000e+00,0.000000e+00,0.000000e+00,0.000000e+00,0.000000e+00,0.000000e+00,0.000000e+00
1.000000e+00,0.000000e+00,0.000000e+00,0.000000e+00,0.000000e+00,0.000000e+00,0.000000e+00,0.000000e+00,0.000000e+00,0.000000e+00,0.000000e+00,0.000000e+00,0.000000e+00,0.000000e+00,0.000000e+00
1.000000e+00,0.000000e+00,0.000000e+00,0.000000e+00,0.000000e+00,0.000000e+00,0.000000e+00,0.000000e+00,0.000000e+00,0.000000e+00,0.000000e+00,0.000000e+00,0.000000e+00,0.000000e+00,0.000000e+00
1.000000e+00,0.000000e+00,0.000000e+00,0.000000e+00,0.000000e+00,0.000000e+00,0.000000e+00,0.000000e+00,0.000000e+00,0.000000e+00,0.000000e+00,0.000000e+00,0.000000e+00,0.000000e+00,0.000000e+00
1.000000e+00,0.000000e+00,0.000000e+00,0.000000e+00,0.000000e+00,0.000000e+00,0.000000e+00,0.000000e+00,0.000000e+00,0.000000e+00,0.000000e+00,0.000000e+00,0.000000e+00,0.000000e+00,0.000000e+00
1.000000e+00,0.000000e+00,0.000000e+00,0.000000e+00,0.000000e+00,0.000000e+00,0.000000e+00,0.000000e+00,0.000000e+00,0.000000e+00,0.000000e+00,0.000000e+00,0.000000e+00,0.000000e+00,0.000000e+00
1.000000e+00,0.000000e+00,0.000000e+00,0.000000e+00,0.000000e+00,0.000000e+00,0.000000e+00,0.000000e+00,0.000000e+00,0.000000e+00,0.000000e+00,0.000000e+00,0.000000e+00,0.000000e+00,0.000000e+00
1.000000e+00,0.000000e+00,0.000000e+00,0.000000e+00,0.000000e+00,0.000000e+00,0.000000e+00,0.000000e+00,0.000000e+00,0.000000e+00,0.000000e+00,0.000000e+00,0.000000e+00,0.000000e+00,0.000000e+00
1.000000e+00,0.000000e+00,0.000000e+00,0.000000e+00,0.000000e+00,0.000000e+00,0.000000e+00,0.000000e+00,0.000000e+00,0.000000e+00,0.000000e+00,0.000000e+00,0.000000e+00,0.000000e+00,0.000000e+00
1.000000e+00,0.000000e+00,0.000000e+00,0.000000e+00,0.000000e+00,0.000000e+00,0.000000e+00,0.000000e+00,0.000000e+00,0.000000e+00,0.000000e+00,0.000000e+00,0.000000e+00,0.000000e+00,0.000000e+00
1.000000e+00,0.000000e+00,0.000000e+00,0.000000e+00,0.000000e+00,0.000000e+00,0.000000e+00,0.000000e+00,0.000000e+00,0.000000e+00,0.000000e+00,0.000000e+00,0.000000e+00,0.000000e+00,0.000000e+00
1.000000e+00,0.000000e+00,0.000000e+00,0.000000e+00,0.000000e+00,0.000000e+00,0.000000e+00,0.000000e+00,0.000000e+00,0.000000e+00,0.000000e+00,0.000000e+00,0.000000e+00,0.000000e+00,0.000000e+00
1.000000e+00,0.000000e+00,0.000000e+00,0.000000e+00,0.000000e+00,0.000000e+00,0.000000e+00,0.000000e+00,0.000000e+00,0.000000e+00,0.000000e+00,0.000000e+00,0.000000e+00,0.000000e+00,0.000000e+00
1.000000e+00,0.000000e+00,0.000000e+00,0.000000e+00,0.000000e+00,0.000000e+00,0.000000e+00,0.000000e+00,0.000000e+00,0.000000e+00,0.000000e+00,0.000000e+00,0.000000e+00,0.000000e+00,0.000000e+00
1.000000e+00,0.000000e+00,0.000000e+00,0.000000e+00,0.000000e+00,0.000000e+00,0.000000e+00,0.000000e+00,0.000000e+00,0.000000e+00,0.000000e+00,0.000000e+00,0.000000e+00,0.000000e+00,0.000000e+00
1.000000e+00,0.000000e+00,0.000000e+00,0.000000e+00,0.000000e+00,0.000000e+00,0.000000e+00,0.000000e+00,0.000000e+00,0.000000e+00,0.000000e+00,0.000000e+00,0.000000e+00,0.000000e+00,0.000000e+00
1.000000e+00,0.000000e+00,0.000000e+00,0.000000e+00,0.000000e+00,0.000000e+00,0.000000e+00,0.000000e+00,0.000000e+00,0.000000e+00,0.000000e+00,0.000000e+00,0.000000e+00,0.000000e+00,0.000000e+00
1.000000e+00,0.000000e+00,0.000000e+00,0.000000e+00,0.000000e+00,0.000000e+00,0.000000e+00,0.000000e+00,0.000000e+00,0.000000e+00,0.000000e+00,0.000000e+00,0.000000e+00,0.000000e+00,0.000000e+00
4.842754e-01,4.718775e-02,3.790614e-02,1.180380e-01,7.441449e-03,3.035772e-02,4.253489e-03,2.636581e-02,3.374618e-02,4.456840e-03,7.194825e-02,1.880192e-02,7.838810e-03,1.643516e-02,9.094708e-02
3.995602e-01,5.354154e-02,4.046169e-02,1.437936e-01,8.629659e-03,2.951979e-02,4.102135e-03,2.401869e-02,4.885312e-02,4.560972e-03,9.219743e-02,1.941726e-02,8.490779e-03,2.111606e-02,1.017370e-01
2.992046e-01,4.591905e-02,4.079072e-02,1.247591e-01,8.354981e-03,5.034672e-02,3.518618e-03,2.161023e-02,5.211627e-02,4.787998e-03,2.057572e-01,2.234901e-02,8.769423e-03,2.467302e-02,8.704304e-02
2.591469e-01,4.593490e-02,3.699563e-02,1.128296e-01,8.513002e-03,5.120530e-02,3.686067e-03,1.823300e-02,6.414009e-02,6.399034e-03,2.127863e-01,2.054849e-02,8.984420e-03,4.140601e-02,1.091913e-01
1.967487e-01,5.651744e-02,5.349413e-02,1.689472e-01,8.497328e-03,4.456094e-02,3.378540e-03,2.135239e-02,8.624770e-02,5.676970e-03,1.872834e-01,2.020660e-02,8.904403e-03,3.798291e-02,1.002013e-01
1.721670e-01,5.887616e-02,4.673434e-02,1.578458e-01,8.384396e-03,3.507756e-02,3.101105e-03,1.661785e-02,8.886929e-02,6.280562e-03,1.926218e-01,1.942221e-02,9.096161e-03,8.012438e-02,1.047814e-01
1.492021e-01,5.967847e-02,4.542313e-02,1.567926e-01,8.319091e-03,3.028512e-02,3.123054e-03,1.377875e-02,9.725052e-02,7.030895e-03,1.717959e-01,1.778168e-02,9.356258e-03,1.080529e-01,1.221296e-01
1.627935e-01,5.857731e-02,3.947387e-02,1.481810e-01,8.568319e-03,2.671298e-02,3.139222e-03,1.162975e-02,9.561291e-02,7.624417e-03,1.557407e-01,1.837282e-02,1.018782e-02,1.221772e-01,1.312082e-01
2.032707e-01,5.635822e-02,3.240474e-02,1.321652e-01,8.297449e-03,2.461396e-02,2.903399e-03,1.006721e-02,8.154711e-02,7.671574e-03,1.504450e-01,1.991253e-02,1.075555e-02,1.229712e-01,1.366162e-01
2.421445e-01,5.571766e-02,2.755470e-02,1.167273e-01,8.017202e-03,2.418395e-02,2.875809e-03,9.211998e-03,7.234111e-02,7.900408e-03,1.431769e-01,2.075859e-02,1.078563e-02,1.174979e-01,1.411064e-01
2.324799e-01,8.911596e-02,4.213991e-02,1.731501e-01,8.107298e-03,1.992114e-02,2.623468e-03,1.133308e-02,6.327186e-02,6.343164e-03,1.135253e-01,1.943529e-02,9.660487e-03,8.873499e-02,1.201580e-01
2.912943e-01,8.125100e-02,3.821889e-02,1.617812e-01,8.491077e-03,1.818397e-02,2.885280e-03,1.140523e-02,6.211759e-02,5.812899e-03,1.009521e-01,2.026191e-02,1.258847e-02,7.064385e-02,1.141122e-01
4.268178e-01,6.634243e-02,2.937574e-02,1.248173e-01,8.549891e-03,1.611576e-02,3.036831e-03,1.030062e-02,4.779052e-02,4.964819e-03,7.840638e-02,1.929934e-02,1.319879e-02,5.534301e-02,9.564072e-02
4.169293e-01,7.338493e-02,4.326061e-02,1.406643e-01,1.017633e-02,1.606350e-02,3.742564e-03,1.251138e-02,4.314277e-02,4.836811e-03,7.099117e-02,2.067809e-02,1.440355e-02,4.221314e-02,8.700150e-02
1.000000e+00,0.000000e+00,0.000000e+00,0.000000e+00,0.000000e+00,0.000000e+00,0.000000e+00,0.000000e+00,0.000000e+00,0.000000e+00,0.000000e+00,0.000000e+00,0.000000e+00,0.000000e+00,0.000000e+00
1.000000e+00,0.000000e+00,0.000000e+00,0.000000e+00,0.000000e+00,0.000000e+00,0.000000e+00,0.000000e+00,0.000000e+00,0.000000e+00,0.000000e+00,0.000000e+00,0.000000e+00,0.000000e+00,0.000000e+00
1.000000e+00,0.000000e+00,0.000000e+00,0.000000e+00,0.000000e+00,0.000000e+00,0.000000e+00,0.000000e+00,0.000000e+00,0.000000e+00,0.000000e+00,0.000000e+00,0.000000e+00,0.000000e+00,0.000000e+00
1.000000e+00,0.000000e+00,0.000000e+00,0.000000e+00,0.000000e+00,0.000000e+00,0.000000e+00,0.000000e+00,0.000000e+00,0.000000e+00,0.000000e+00,0.000000e+00,0.000000e+00,0.000000e+00,0.000000e+00
1.000000e+00,0.000000e+00,0.000000e+00,0.000000e+00,0.000000e+00,0.000000e+00,0.000000e+00,0.000000e+00,0.000000e+00,0.000000e+00,0.000000e+00,0.000000e+00,0.000000e+00,0.000000e+00,0.000000e+00
4.274602e-01,2.780490e-02,1.200421e-02,4.099876e-02,1.057752e-02,3.607058e-01,3.581316e-03,7.289052e-03,1.050989e-02,1.625279e-02,2.285975e-02,1.279804e-02,1.030282e-02,1.025366e-02,2.660132e-02
4.356094e-01,2.162401e-02,1.064917e-02,3.156431e-02,8.807326e-03,3.249710e-01,2.887623e-03,5.963462e-03,1.072229e-02,7.061322e-02,1.926665e-02,9.344237e-03,8.004415e-03,1.296252e-02,2.701031e-02
4.291618e-01,1.673559e-02,9.346454e-03,2.481972e-02,7.331438e-03,2.896751e-01,2.307704e-03,5.482710e-03,1.412361e-02,1.202939e-01,1.762334e-02,7.105302e-03,6.424909e-03,1.560453e-02,3.396386e-02
3.428059e-01,1.287354e-02,7.421531e-03,1.770624e-02,6.212926e-03,3.456708e-01,1.796045e-03,4.429402e-03,1.416949e-02,1.700158e-01,2.123896e-02,5.164792e-03,4.625486e-03,1.564638e-02,3.022274e-02
2.642579e-01,1.019546e-02,6.236561e-03,1.303606e-02,5.128598e-03,3.458327e-01,1.337009e-03,3.758138e-03,1.383557e-02,2.557012e-01,2.396882e-02,3.830442e-03,3.627907e-03,1.455117e-02,3.470244e-02
2.371968e-01,7.648196e-03,5.328008e-03,9.915554e-03,4.127508e-03,3.425217e-01,1.255280e-03,4.196355e-03,1.684599e-02,2.886017e-01,2.170634e-02,2.953419e-03,3.059655e-03,1.648645e-02,3.815708e-02
1.754741e-01,5.793705e-03,4.012897e-03,7.629953e-03,3.172096e-03,2.633405e-01,1.131386e-03,4.385409e-03,2.930572e-02,4.055629e-01,1.829468e-02,2.324667e-03,5.147326e-03,1.586933e-02,5.855534e-02
1.229981e-01,4.090084e-03,2.814775e-03,5.386174e-03,2.233981e-03,1.874865e-01,8.293099e-04,3.104976e-03,2.652461e-02,5.564981e-01,1.337735e-02,1.667516e-03,4.074928e-03,1.138802e-02,5.752569e-02
8.617809e-02,3.367388e-03,1.994027e-03,3.817752e-03,1.585738e-03,1.322041e-01,6.153431e-04,2.290232e-03,8.094730e-02,6.186965e-01,9.660085e-03,1.268534e-03,3.212578e-03,8.033986e-03,4.612839e-02
6.048767e-02,3.126976e-03,1.432853e-03,2.744201e-03,1.157985e-03,9.432913e-02,4.695659e-04,1.653902e-03,2.207474e-01,5.028097e-01,7.075067e-03,9.663455e-04,2.841974e-03,6.073188e-03,9.408407e-02
4.260550e-02,2.520940e-03,1.027555e-03,1.995405e-03,9.012275e-04,6.683183e-02,3.849836e-04,1.196575e-03,2.923997e-01,3.789170e-01,5.303022e-03,7.803385e-04,3.241437e-03,5.100852e-03,1.967937e-01
3.053824e-02,1.891801e-03,8.248544e-04,1.631143e-03,9.263912e-04,4.747783e-02,3.633542e-04,8.960922e-04,4.304899e-01,2.663624e-01,3.948553e-03,6.208332e-04,4.200723e-03,5.184171e-03,2.046437e-01
2.150440e-02,1.378027e-03,5.949261e-04,1.162883e-03,1.117077e-03,3.413051e-02,2.845250e-04,6.421413e-04,3.466924e-01,1.866984e-01,4.102962e-03,5.771550e-04,6.076574e-03,8.548286e-03,3.864897e-01
1.520076e-02,1.029548e-03,4.205559e-04,8.252890e-04,1.054655e-03,2.485599e-02,2.291931e-04,4.610532e-04,3.264666e-01,1.307665e-01,3.126655e-03,4.841311e-04,5.719731e-03,8.886928e-03,4.804724e-01
1.301460e-02,8.269157e-04,4.258516e-04,8.584741e-04,8.279138e-04,2.093905e-02,2.157710e-04,3.460631e-04,4.716599e-01,9.177338e-02,2.957518e-03,7.122487e-04,7.365310e-03,8.728193e-03,3.793488e-01
1.103468e-02,7.280196e-04,3.567764e-04,7.687892e-04,9.104254e-04,4.142415e-02,2.788533e-04,3.078151e-04,4.036917e-01,6.450666e-02,8.745719e-03,1.022865e-03,1.095136e-02,1.819135e-02,4.370808e-01
9.835648e-03,6.600467e-04,2.935914e-04,6.633955e-04,7.824789e-04,4.262028e-02,2.570819e-04,2.740042e-04,4.019749e-01,4.545135e-02,1.667335e-02,2.289909e-03,1.243662e-02,2.736289e-02,4.384244e-01
8.591226e-03,6.235107e-04,2.302997e-04,5.376376e-04,5.996005e-04,3.731962e-02,2.053820e-04,2.197141e-04,3.990813e-01,3.231125e-02,1.402771e-02,2.364002e-03,1.107071e-02,3.478983e-02,4.580282e-01
8.031210e-03,7.724756e-04,8.899266e-04,7.346323e-04,5.598800e-04,3.233339e-02,3.254780e-04,3.509142e-04,4.335809e-01,2.367245e-02,1.601684e-02,4.268076e-03,1.755684e-02,3.409933e-02,4.268076e-01
9.485279e-03,1.105712e-03,3.873321e-03,9.647780e-04,7.722827e-04,2.382723e-02,3.324691e-04,7.029336e-04,3.417822e-01,1.871925e-02,2.279403e-02,4.545868e-03,2.119942e-02,3.688303e-02,5.130122e-01
8.867947e-03,1.477664e-03,8.101927e-03,1.774729e-03,1.238432e-03,1.834131e-02,4.642721e-04,1.340395e-03,2.715956e-01,1.809247e-02,4.930871e-02,5.837211e-03,3.168642e-02,3.749858e-02,5.443743e-01
9.958595e-03,2.870235e-03,6.373885e-02,3.323190e-03,2.123549e-03,1.349366e-02,5.599013e-04,1.099963e-03,3.308348e-01,1.955147e-02,5.039890e-02,5.681057e-03,3.352874e-02,3.876848e-02,4.240686e-01
8.892741e-03,4.112905e-03,9.877954e-02,3.137408e-03,5.561215e-03,9.695280e-03,5.140901e-04,9.350281e-04,2.392498e-01,1.703196e-02,1.083720e-01,4.960616e-03,3.213107e-02,4.881468e-02,4.178116e-01
7.917676e-03,3.710865e-03,1.146291e-01,4.108798e-03,2.610521e-02,9.025214e-03,2.183573e-03,2.266347e-03,1.838341e-01,2.092460e-02,9.784956e-02,5.869378e-03,4.052709e-02,7.713950e-02,4.039090e-01
7.082579e-03,6.068239e-03,1.467880e-01,4.103404e-03,3.326378e-02,1.156061e-02,1.922547e-03,4.750383e-03,1.361970e-01,5.149706e-02,9.262075e-02,5.416817e-03,3.825818e-02,7.043675e-02,3.900339e-01
5.543235e-03,4.747545e-03,1.182698e-01,4.935280e-03,8.114009e-02,8.409618e-03,2.088285e-03,7.705749e-03,1.029674e-01,4.510825e-02,7.033623e-02,4.398585e-03,3.037484e-02,5.626633e-02,4.577087e-01
4.698385e-03,4.090999e-03,9.398802e-02,4.781961e-03,2.449954e-01,6.013691e-03,1.716485e-03,3.309196e-02,7.916057e-02,4.202149e-02,5.409336e-02,3.730032e-03,2.402395e-02,4.746328e-02,3.561304e-01
4.352181e-03,4.200858e-03,8.387074e-02,4.169905e-03,3.571778e-01,4.414943e-03,1.782034e-03,2.774892e-02,6.370891e-02,4.487994e-02,4.168013e-02,3.004159e-03,1.956540e-02,3.862309e-02,3.008210e-01
8.331731e-03,1.063812e-02,7.756843e-02,6.456181e-03,2.984160e-01,4.065091e-03,1.675779e-03,3.814090e-02,5.122387e-02,1.678323e-01,4.819515e-02,3.962881e-03,1.848464e-02,4.276372e-02,2.222452e-01
1.050812e-02,1.699566e-02,1.284845e-01,8.815674e-03,2.721836e-01,3.345729e-03,1.735369e-03,6.518254e-02,4.860312e-02,1.972246e-01,3.822935e-02,3.460967e-03,1.525641e-02,3.221141e-02,1.577629e-01
1.422063e-02,1.948552e-02,1.888621e-01,8.716858e-03,2.508929e-01,2.743562e-03,1.624659e-03,1.269245e-01,3.943306e-02,1.611826e-01,2.977122e-02,2.881436e-03,1.233992e-02,2.622862e-02,1.146923e-01
1.917633e-02,1.595462e-02,1.974380e-01,8.846427e-03,3.277183e-01,2.439091e-03,2.260032e-03,1.091521e-01,3.036455e-02,1.509786e-01,2.199313e-02,2.402554e-03,9.280656e-03,2.046822e-02,8.152746e-02
2.743436e-02,1.476514e-02,1.667944e-01,7.411181e-03,4.125479e-01,3.020782e-03,4.060482e-03,8.155284e-02,2.545669e-02,1.573506e-01,1.667189e-02,2.090923e-03,7.476006e-03,1.596227e-02,5.740454e-02
3.046563e-02,1.415440e-02,1.201692e-01,2.432424e-02,5.116796e-01,5.209508e-03,5.632405e-03,7.284123e-02,1.857075e-02,1.246013e-01,1.229048e-02,2.217267e-03,5.670182e-03,1.150016e-02,4.067368e-02
4.144577e-02,1.429539e-02,9.005043e-02,3.258006e-02,5.662394e-01,6.831697e-03,5.184670e-03,6.186005e-02,1.511645e-02,1.099843e-01,9.333568e-03,4.511684e-03,4.610414e-03,8.464471e-03,2.949166e-02
7.647005e-02,1.559398e-02,8.052661e-02,2.695898e-02,5.557556e-01,8.221748e-03,4.159777e-03,4.940373e-02,1.299713e-02,1.164027e-01,1.188384e-02,6.623888e-03,4.053627e-03,8.677971e-03,2.227043e-02
7.818583e-02,2.273165e-02,6.341770e-02,1.445687e-01,4.670611e-01,1.593477e-02,4.278146e-03,5.227761e-02,9.874506e-03,9.519532e-02,1.049016e-02,8.903593e-03,3.695815e-03,6.376300e-03,1.700886e-02
1.185104e-01,2.541770e-02,6.054214e-02,1.177668e-01,4.191231e-01,1.772721e-02,4.547869e-03,5.146617e-02,8.719256e-03,1.284005e-01,8.705954e-03,1.572957e-02,3.488604e-03,5.253497e-03,1.460133e-02
2.543581e-01,2.535839e-02,5.259001e-02,9.204514e-02,3.530395e-01,1.679220e-02,4.007477e-03,3.832836e-02,8.201431e-03,9.879873e-02,9.248130e-03,2.228593e-02,5.997322e-03,4.925235e-03,1.402398e-02
3.667458e-01,2.731128e-02,4.457029e-02,7.561068e-02,2.629521e-01,1.861424e-02,3.466618e-03,2.845244e-02,8.613110e-03,9.551330e-02,1.206471e-02,2.724279e-02,1.001349e-02,4.797132e-03,1.403204e-02
4.286812e-01,3.398377e-02,3.661741e-02,8.076720e-02,2.055995e-01,2.188511e-02,4.311779e-03,2.398286e-02,9.116700e-03,7.208040e-02,1.574659e-02,3.595465e-02,1.291940e-02,4.910246e-03,1.344314e-02
4.252709e-01,3.467975e-02,4.044287e-02,1.605990e-01,1.535967e-01,2.038479e-02,3.767975e-03,1.995767e-02,1.155243e-02,5.346983e-02,1.435567e-02,3.066861e-02,1.169277e-02,4.958948e-03,1.460200e-02
4.124838e-01,3.224842e-02,3.455383e-02,1.332235e-01,1.205487e-01,1.093594e-01,5.000932e-03,2.719793e-02,1.150698e-02,3.899905e-02,1.666392e-02,2.585863e-02,1.046812e-02,6.566913e-03,1.531981e-02
2.997057e-01,2.395503e-02,2.655289e-02,1.058228e-01,1.118657e-01,1.067019e-01,4.200771e-03,2.266620e-01,8.451452e-03,2.867868e-02,1.326259e-02,1.974662e-02,7.856894e-03,5.293834e-03,1.124307e-02
2.257386e-01,2.027587e-02,2.553514e-02,9.927411e-02,1.151798e-01,1.618834e-01,4.471884e-03,2.713144e-01,8.316405e-03,2.375093e-02,1.135009e-02,1.400526e-02,6.261584e-03,4.052260e-03,8.590233e-03
2.053286e-01,1.939644e-02,2.660937e-02,8.728337e-02,1.341666e-01,1.847042e-01,4.860083e-03,2.509308e-01,1.780136e-02,3.097150e-02,9.995412e-03,1.020835e-02,4.756395e-03,3.351564e-03,9.635856e-03
1.456984e-01,1.630984e-02,3.088002e-02,6.632523e-02,1.168274e-01,1.666940e-01,3.878646e-03,2.355001e-01,5.241866e-02,1.316107e-01,9.092184e-03,7.306279e-03,3.689909e-03,3.696830e-03,1.007183e-02
1.032067e-01,1.160979e-02,2.215050e-02,4.693540e-02,8.201469e-02,1.288930e-01,2.874243e-03,1.665725e-01,7.508963e-02,2.908335e-01,1.480237e-02,5.440117e-03,5.829765e-03,5.326438e-03,3.842130e-02
7.321838e-02,8.658614e-03,1.567122e-02,3.292620e-02,5.801883e-02,9.121083e-02,2.060936e-03,1.173114e-01,1.493222e-01,2.906870e-01,2.964629e-02,3.981731e-03,8.980175e-03,5.783635e-03,1.125225e-01
5.142581e-02,6.163029e-03,1.101453e-02,2.308471e-02,4.067426e-02,6.391726e-02,1.446479e-03,8.215986e-02,1.869962e-01,2.492543e-01,2.204775e-02,2.799939e-03,6.438349e-03,4.752701e-03,2.478248e-01
3.642568e-02,4.469932e-03,8.248053e-03,1.646240e-02,2.854379e-02,4.494623e-02,1.020642e-03,5.768068e-02,2.356049e-01,2.140439e-01,1.625120e-02,1.982812e-03,4.855756e-03,3.701007e-03,3.257630e-01
2.568851e-02,3.245800e-03,5.780689e-03,1.153655e-02,2.018053e-02,3.154748e-02,7.186669e-04,4.038787e-02,2.456502e-01,1.541476e-01,1.177720e-02,1.396171e-03,3.571457e-03,2.756890e-03,4.416144e-01
1.815402e-02,2.547178e-03,4.056060e-03,8.087767e-03,1.423498e-02,2.216346e-02,5.050144e-04,2.828263e-02,2.974215e-01,1.109591e-01,8.669322e-03,9.850294e-04,2.694884e-03,2.379768e-03,4.788593e-01
1.328907e-02,2.225769e-03,2.887026e-03,5.678600e-03,1.015772e-02,1.567802e-02,3.571487e-04,1.981084e-02,3.045613e-01,7.801428e-02,8.057239e-03,7.137818e-04,2.380655e-03,3.947570e-03,5.322410e-01
1.104182e-02,2.624600e-03,2.119460e-03,4.057177e-03,7.343567e-03,1.111126e-02,2.589725e-04,1.389595e-02,3.626252e-01,5.479796e-02,6.841834e-03,5.355255e-04,2.220910e-03,4.775039e-03,5.157508e-01
1.323978e-02,3.286995e-03,1.569359e-03,2.886867e-03,5.501290e-03,8.033294e-03,1.922224e-04,9.758867e-03,3.329653e-01,3.853751e-02,6.102915e-03,4.202724e-04,2.101618e-03,6.562191e-03,5.688416e-01
1.111111e-02,2.676649e-03,1.311570e-03,2.076814e-03,4.158077e-03,6.256614e-03,1.548430e-04,6.853484e-03,3.684706e-01,2.722251e-02,5.377240e-03,3.326773e-04,1.727394e-03,1.337247e-02,5.488980e-01
9.459412e-03,2.118943e-03,1.018687e-03,1.483127e-03,3.097229e-03,5.075253e-03,1.236634e-04,4.829061e-03,4.061469e-01,1.916663e-02,4.748299e-03,2.564791e-04,1.547970e-03,1.229437e-02,5.286340e-01
7.197780e-03,1.727809e-03,1.139853e-03,1.148616e-03,2.366162e-03,3.728559e-03,9.179855e-05,3.447952e-03,5.687662e-01,1.385737e-02,3.607010e-03,2.091603e-04,1.147418e-03,9.665282e-03,3.818990e-01
5.478968e-03,1.655400e-03,8.814714e-04,8.387745e-04,1.959282e-03,2.776580e-03,7.250005e-05,2.443043e-03,6.771050e-01,1.077016e-02,3.370397e-03,1.873870e-04,1.009561e-03,8.844756e-03,2.826067e-01
4.146209e-03,1.405472e-03,8.998818e-04,9.755403e-04,1.887356e-03,1.984144e-03,5.570430e-05,1.783496e-03,7.641791e-01,8.473100e-03,2.471112e-03,1.501759e-04,7.387936e-04,6.611499e-03,2.042385e-01
3.406905e-03,3.463795e-03,1.717078e-02,3.999947e-03,1.876762e-03,1.449016e-03,4.129128e-05,1.275914e-03,7.819425e-01,7.408676e-03,2.018237e-03,1.760372e-04,6.264845e-04,5.035788e-03,1.701079e-01
4.239186e-03,5.232573e-03,3.950384e-02,4.056607e-03,3.506502e-03,1.205268e-03,4.012285e-05,1.216556e-03,6.907917e-01,1.174050e-02,2.967584e-03,3.082546e-04,1.025119e-03,8.458010e-03,2.257081e-01
5.092041e-03,5.142529e-03,9.047727e-02,3.669481e-03,3.218920e-03,1.114029e-03,3.585399e-05,1.148635e-03,5.629562e-01,2.444370e-02,3.067533e-03,3.456111e-04,9.172369e-04,2.191959e-02,2.764514e-01
6.558824e-03,1.023280e-02,7.187110e-02,3.854278e-03,2.713319e-03,1.440643e-03,3.824406e-05,1.392576e-03,5.598122e-01,3.642573e-02,6.091258e-03,6.202984e-04,1.929433e-03,1.994519e-02,2.770741e-01
1.096152e-02,1.359951e-02,5.993892e-02,1.612339e-02,4.236499e-03,1.628554e-03,8.616769e-05,3.908325e-03,5.855900e-01,3.925033e-02,6.837958e-03,9.068887e-04,2.912643e-03,1.938172e-02,2.346376e-01
2.939891e-02,3.686691e-02,5.386339e-02,1.635777e-02,3.994734e-03,2.659166e-03,1.509125e-04,3.998693e-03,5.008111e-01,3.941949e-02,7.484992e-03,1.909186e-03,9.987445e-03,2.298399e-02,2.701133e-01
3.146591e-02,3.332407e-02,4.091692e-02,1.613487e-02,5.907222e-03,3.296951e-03,5.833434e-04,3.972859e-03,4.045336e-01,3.155274e-02,9.326547e-03,2.926003e-03,1.131106e-01,1.738713e-02,2.855613e-01
3.502265e-02,2.584361e-02,2.908282e-02,1.603007e-02,5.353942e-03,4.980479e-03,9.281483e-04,3.579878e-03,2.920746e-01,2.272218e-02,7.173277e-03,4.710074e-03,3.269053e-01,1.234362e-02,2.132494e-01
3.715824e-02,2.344228e-02,2.073932e-02,1.417997e-02,4.187120e-03,5.644490e-03,1.618995e-03,3.563724e-03,2.131802e-01,1.736849e-02,5.628407e-03,5.108422e-03,4.777774e-01,8.759887e-03,1.616431e-01
2.968434e-02,2.888407e-02,1.593658e-02,1.410013e-02,3.302393e-03,6.981607e-03,1.418518e-03,3.153961e-03,1.691743e-01,1.562608e-02,4.802088e-03,6.946423e-03,5.709282e-01,6.346617e-03,1.227147e-01
2.764203e-02,8.644252e-02,1.160211e-02,4.155435e-02,2.590380e-03,6.215094e-03,1.220834e-03,2.483489e-03,2.466915e-01,1.130221e-02,4.654997e-03,8.646067e-03,4.519024e-01,4.834956e-03,9.221705e-02
2.024572e-02,6.659474e-02,9.046044e-03,6.268746e-02,3.273768e-03,7.034047e-03,1.395532e-03,1.908110e-03,1.927154e-01,8.110810e-03,1.551388e-02,1.844348e-02,5.201714e-01,3.701832e-03,6.915774e-02
1.522653e-02,5.389674e-02,6.984983e-03,5.783588e-02,4.593131e-03,5.996341e-03,2.658051e-03,1.425938e-03,1.386495e-01,1.321038e-02,2.415666e-02,2.441335e-02,5.929770e-01,3.763660e-03,5.421176e-02
3.020290e-02,3.942902e-02,5.250812e-03,4.389263e-02,4.373890e-03,7.361960e-03,4.369690e-03,1.088500e-03,1.017221e-01,2.330135e-02,2.913891e-02,5.114399e-02,5.645627e-01,6.381195e-03,8.778033e-02
4.258192e-02,2.879836e-02,3.951024e-03,3.165395e-02,3.552347e-03,8.354402e-03,4.085807e-03,8.210875e-04,7.395098e-02,3.243067e-02,3.631875e-02,7.558204e-02,5.650530e-01,6.747103e-03,8.611858e-02
4.283511e-02,2.072445e-02,2.961858e-03,2.226703e-02,2.993754e-03,9.189472e-03,3.094578e-03,6.918403e-04,5.393659e-02,3.133769e-02,3.398704e-02,1.679527e-01,5.388057e-01,6.865714e-03,6.235650e-02
4.536041e-02,1.488824e-02,2.189878e-03,1.574603e-02,2.844253e-03,9.707655e-03,2.409231e-03,5.561986e-04,3.933633e-02,3.321287e-02,5.231089e-02,2.434599e-01,4.823600e-01,9.307997e-03,4.631018e-02
3.807624e-02,1.099019e-02,1.693699e-03,1.126544e-02,2.488825e-03,8.056562e-03,1.904489e-03,5.989257e-04,3.257916e-02,3.400351e-02,1.016394e-01,3.440286e-01,3.502884e-01,2.627107e-02,3.611548e-02
2.788964e-02,8.246491e-03,1.266469e-03,7.955010e-03,1.880724e-03,6.100642e-03,1.362135e-03,5.718064e-04,2.460811e-02,2.788871e-02,2.354095e-01,2.606565e-01,2.469446e-01,1.230570e-01,2.616267e-02
2.149598e-02,6.672469e-03,2.435111e-03,5.845866e-03,2.504833e-03,5.826862e-03,1.024233e-03,7.725061e-04,2.358760e-02,2.431367e-02,2.784596e-01,2.001091e-01,1.748358e-01,2.325374e-01,1.957889e-02
1.656392e-02,5.039969e-03,2.148766e-03,5.014992e-03,3.642361e-03,5.397165e-03,7.761477e-04,8.391617e-04,2.293330e-02,1.873006e-02,3.174103e-01,1.433179e-01,1.242217e-01,3.187083e-01,1.525591e-02
1.287335e-02,3.983013e-03,1.726889e-03,4.010790e-03,4.333338e-03,4.425602e-03,6.031211e-04,7.249990e-04,2.067661e-02,1.457894e-02,3.573757e-01,1.019884e-01,8.754125e-02,3.738926e-01,1.126542e-02
9.866184e-03,3.092297e-03,1.327871e-03,2.933424e-03,4.008931e-03,3.723598e-03,4.534838e-04,5.826070e-04,1.837911e-02,1.134671e-02,4.141936e-01,7.506636e-02,6.147727e-02,3.853300e-01,8.218556e-03
8.824749e-03,2.361703e-03,1.124029e-03,2.215324e-03,3.416103e-03,3.137201e-03,3.393143e-04,4.803893e-04,1.636143e-02,9.721101e-03,4.589991e-01,5.631072e-02,4.329501e-02,3.873649e-01,6.048909e-03
6.487160e-03,1.899212e-03,1.158941e-03,2.121658e-03,3.216640e-03,2.391617e-03,2.584233e-04,3.823270e-04,4.187857e-02,8.912408e-03,4.172362e-01,4.644497e-02,3.042729e-02,4.325534e-01,4.631229e-03
4.652748e-03,4.374009e-03,1.770540e-03,2.044321e-03,3.317972e-03,2.079963e-03,1.969351e-04,2.963196e-04,1.870030e-01,1.101361e-02,3.402247e-01,3.425575e-02,2.135386e-02,3.789032e-01,8.513041e-03
3.597756e-03,5.166169e-03,6.488564e-03,1.784498e-03,3.442653e-03,4.021832e-03,2.049568e-04,2.832810e-04,2.985873e-01,1.509592e-02,2.789041e-01,2.517797e-02,1.507006e-02,3.323898e-01,9.785194e-03
3.146243e-03,4.213773e-03,4.999474e-03,1.475619e-03,2.737963e-03,6.196377e-03,1.933527e-04,3.139130e-04,3.824441e-01,2.228206e-02,2.505093e-01,1.875899e-02,1.078690e-02,2.791907e-01,1.275131e-02
2.783992e-03,3.306938e-03,3.681110e-03,1.963982e-03,2.118685e-03,2.417244e-02,5.524039e-04,5.124470e-04,4.987357e-01,2.087269e-02,1.999258e-01,1.402502e-02,8.792042e-03,2.057542e-01,1.280264e-02
2.525146e-03,2.670152e-03,2.928771e-03,3.037050e-03,1.601994e-03,2.113768e-02,4.183800e-04,4.578163e-04,6.039407e-01,1.708512e-02,1.638390e-01,1.039106e-02,7.793474e-03,1.492651e-01,1.290861e-02
3.381924e-03,2.372671e-03,2.174912e-03,2.953130e-03,1.525900e-03,1.532705e-02,3.189026e-04,3.954002e-04,5.531307e-01,1.920481e-02,2.457490e-01,9.580388e-03,1.149177e-02,1.214719e-01,1.092152e-02
3.261820e-03,7.145684e-03,1.706997e-03,2.876848e-03,1.818857e-03,1.095856e-02,2.484445e-04,3.133221e-04,4.740861e-01,3.079825e-02,3.108550e-01,1.433170e-02,2.533146e-02,1.072026e-01,9.064411e-03
2.978970e-03,6.246734e-03,5.333798e-03,2.741243e-03,3.863453e-03,1.225431e-02,1.658715e-03,1.905293e-03,3.569165e-01,1.328794e-01,3.099307e-01,1.504833e-02,5.226338e-02,8.899096e-02,6.988177e-03
2.393902e-03,5.224378e-03,5.834874e-03,2.134626e-03,1.750166e-02,8.851610e-03,1.416834e-03,1.670164e-03,3.243777e-01,2.634612e-01,2.356221e-01,1.276596e-02,4.261220e-02,7.093371e-02,5.199128e-03
2.107573e-03,8.157828e-03,1.541850e-02,1.691300e-03,1.684599e-02,8.328701e-03,1.298684e-03,4.322262e-03,3.426014e-01,3.001817e-01,1.891636e-01,1.061423e-02,3.435269e-02,6.088461e-02,4.031064e-03
1.533104e-02,1.618658e-02,9.389071e-02,1.466006e-03,2.055156e-02,1.048550e-02,1.710844e-03,5.636806e-03,2.926344e-01,3.035255e-01,1.422436e-01,7.783464e-03,2.452867e-02,4.918592e-02,1.483944e-02
2.124770e-02,6.028972e-02,7.134847e-02,1.839963e-03,3.148209e-02,2.003942e-02,1.476974e-03,5.515864e-03,3.423388e-01,2.603304e-01,1.020875e-01,5.713935e-03,1.752270e-02,3.778917e-02,2.097730e-02
2.926729e-02,6.747642e-02,1.520888e-01,6.795427e-03,6.233063e-02,1.716038e-02,4.417030e-03,1.470844e-02,3.028433e-01,1.964186e-01,7.227574e-02,4.225290e-03,1.256913e-02,2.805018e-02,2.937340e-02
2.946695e-02,9.286869e-02,1.814748e-01,1.331919e-02,5.983032e-02,1.345936e-02,4.146723e-03,2.080590e-02,2.972599e-01,1.604601e-01,5.178460e-02,3.411514e-03,9.257532e-03,2.099085e-02,4.146347e-02
3.480726e-02,1.311396e-01,1.674587e-01,1.704313e-02,6.100973e-02,1.525912e-02,5.448158e-03,2.170914e-02,3.077450e-01,1.286249e-01,3.783602e-02,2.941786e-03,7.731298e-03,1.664373e-02,4.460234e-02
3.803886e-02,1.250457e-01,1.657774e-01,2.191077e-02,6.182541e-02,1.326634e-02,9.673230e-03,1.273756e-01,2.420598e-01,1.054463e-01,2.969440e-02,2.630781e-03,8.376943e-03,1.319351e-02,3.568497e-02
3.568089e-02,9.907230e-02,1.479662e-01,2.085355e-02,6.502530e-02,1.093965e-02,1.733440e-02,2.887649e-01,1.735037e-01,7.500567e-02,2.144228e-02,1.987771e-03,6.733857e-03,9.709321e-03,2.598029e-02
5.131845e-02,7.951650e-02,1.230162e-01,1.619741e-02,6.399552e-02,2.302470e-02,4.062711e-02,3.430222e-01,1.454476e-01,5.993233e-02,1.650627e-02,2.229839e-03,6.633408e-03,7.702654e-03,2.082993e-02
7.995069e-02,6.035155e-02,1.127553e-01,1.483245e-02,8.602774e-02,2.788456e-02,9.255578e-02,3.035456e-01,1.225912e-01,4.825800e-02,1.672054e-02,4.082501e-03,5.986892e-03,7.037092e-03,1.742012e-02
7.129931e-02,4.462035e-02,8.702300e-02,1.311856e-02,7.038072e-02,2.811868e-02,2.603790e-01,2.554335e-01,8.871359e-02,3.652845e-02,1.451640e-02,4.625790e-03,5.395909e-03,5.454050e-03,1.439265e-02
9.634466e-02,3.580862e-02,6.842540e-02,1.334682e-02,1.022808e-01,2.461696e-02,3.080360e-01,2.038933e-01,7.867680e-02,2.720736e-02,1.187562e-02,6.755385e-03,5.915469e-03,4.343725e-03,1.247306e-02
1.572377e-01,3.035316e-02,5.142624e-02,1.472984e-02,1.283776e-01,2.830423e-02,2.950938e-01,1.615188e-01,7.277660e-02,2.023758e-02,9.809410e-03,7.681932e-03,6.769039e-03,3.779767e-03,1.190434e-02
2.049204e-01,2.778666e-02,3.871330e-02,2.228877e-02,1.298408e-01,5.010446e-02,2.597583e-01,1.291234e-01,7.707356e-02,1.642034e-02,8.509269e-03,9.490938e-03,7.115033e-03,3.556101e-03,1.529864e-02
2.542910e-01,2.199691e-02,3.018931e-02,2.069146e-02,1.100460e-01,1.073776e-01,1.919587e-01,1.383964e-01,6.874464e-02,1.289904e-02,8.111804e-03,9.935365e-03,7.044116e-03,4.111929e-03,1.420565e-02
2.377429e-01,1.689907e-02,2.496069e-02,1.817686e-02,9.950073e-02,1.182882e-01,1.395713e-01,2.421521e-01,5.583235e-02,9.729089e-03,6.984623e-03,9.260237e-03,6.156482e-03,3.622972e-03,1.112230e-02
3.274482e-01,1.434075e-02,2.347302e-02,1.562835e-02,9.085599e-02,1.233298e-01,1.052167e-01,1.918947e-01,4.508802e-02,8.969271e-03,7.488601e-03,8.757473e-03,5.632716e-03,6.500864e-03,2.537566e-02
3.621069e-01,1.189867e-02,2.453385e-02,1.472289e-02,8.207081e-02,1.145295e-01,8.208657e-02,1.632061e-01,6.107817e-02,9.213308e-03,8.865383e-03,7.287356e-03,4.992090e-03,9.191489e-03,4.421698e-02
4.181822e-01,1.285696e-02,2.225421e-02,1.847148e-02,8.990861e-02,8.987823e-02,5.969272e-02,1.217570e-01,7.384557e-02,8.791372e-03,1.089419e-02,6.968172e-03,5.028799e-03,1.273301e-02,4.873749e-02
3.942458e-01,2.341256e-02,2.097133e-02,3.347797e-02,8.915407e-02,7.149667e-02,4.506464e-02,9.979083e-02,9.630539e-02,1.120177e-02,1.490751e-02,7.691341e-03,4.854944e-03,1.690721e-02,7.051800e-02
2.945847e-01,3.188482e-02,1.735660e-02,5.447002e-02,6.747482e-02,5.314219e-02,3.265416e-02,7.125968e-02,2.221915e-01,1.337529e-02,1.611972e-02,6.294130e-03,4.064417e-03,1.632418e-02,9.880383e-02
2.064184e-01,2.944912e-02,1.247152e-02,4.771480e-02,4.737987e-02,3.737304e-02,2.286567e-02,4.989640e-02,3.983625e-01,1.236139e-02,1.269122e-02,4.530762e-03,3.460034e-03,1.164448e-02,1.033807e-01
1.446285e-01,3.746439e-02,9.240619e-03,3.968967e-02,3.329332e-02,2.638888e-02,1.601661e-02,3.494573e-02,5.143385e-01,1.908435e-02,1.005756e-02,3.291483e-03,2.984778e-03,8.408500e-03,1.001670e-01
1.017808e-01,1.628583e-01,6.839731e-03,3.615241e-02,2.360918e-02,1.875248e-02,1.122523e-02,2.448715e-02,4.816577e-01,2.447306e-02,8.791783e-03,2.497233e-03,3.269829e-03,6.914005e-03,8.669101e-02
7.184786e-02,3.208487e-01,5.524829e-03,3.022858e-02,1.684858e-02,1.345580e-02,7.871484e-03,1.719582e-02,3.911539e-01,3.185364e-02,7.160394e-03,1.866704e-03,2.959243e-03,6.239831e-03,7.494456e-02
5.119769e-02,4.163034e-01,5.413036e-03,2.686321e-02,1.259941e-02,9.823848e-03,5.528703e-03,1.214673e-02,3.451378e-01,3.558613e-02,5.674617e-03,1.426066e-03,2.530707e-03,5.116567e-03,6.465209e-02
3.617600e-02,5.154299e-01,4.087891e-03,2.225605e-02,9.042100e-03,7.151832e-03,3.874406e-03,8.558082e-03,3.057567e-01,2.568091e-02,4.169821e-03,1.051981e-03,1.925194e-03,3.738355e-03,5.110083e-02
2.572939e-02,5.919709e-01,3.068322e-03,1.705240e-02,6.555045e-03,5.100154e-03,2.716706e-03,6.025655e-03,2.752676e-01,1.858226e-02,3.069978e-03,8.174909e-04,1.532858e-03,2.777377e-03,3.973392e-02
1.892797e-02,6.213635e-01,3.724081e-03,2.032407e-02,5.380120e-03,3.745383e-03,1.916224e-03,4.859474e-03,2.668938e-01,1.381616e-02,2.733622e-03,8.162413e-04,1.770811e-03,2.165783e-03,3.156286e-02
1.451714e-02,5.905839e-01,3.323593e-03,1.857202e-02,4.358194e-03,2.811695e-03,1.356389e-03,3.866037e-03,2.876522e-01,1.022237e-02,2.270366e-03,9.159989e-04,2.215093e-03,2.078964e-03,5.525608e-02
1.483293e-02,4.804440e-01,4.153663e-03,1.779335e-02,5.587946e-03,2.312533e-03,1.039593e-03,5.399934e-03,3.210751e-01,7.783008e-03,3.165801e-03,1.414101e-03,8.853115e-03,2.940528e-03,1.232045e-01
1.223822e-02,4.253443e-01,4.363942e-02,3.190417e-02,6.071893e-03,2.077617e-03,7.947370e-04,6.356064e-03,3.044246e-01,9.446369e-03,2.984651e-03,1.387104e-03,8.141035e-03,2.467520e-03,1.427222e-01
9.547568e-03,4.004875e-01,6.895180e-02,6.329255e-02,5.254928e-03,3.753855e-03,5.878063e-04,4.775451e-03,2.810599e-01,1.169513e-02,9.242176e-03,3.505980e-03,1.685032e-02,2.018685e-03,1.189764e-01
7.376670e-03,3.305775e-01,1.725525e-01,1.153535e-01,4.862829e-03,2.784653e-03,4.454021e-04,5.041676e-03,2.305837e-01,1.047167e-02,1.104061e-02,3.721762e-03,1.607985e-02,1.598557e-03,8.750903e-02
9.209107e-03,2.494932e-01,1.735145e-01,1.441318e-01,1.288977e-02,3.749176e-03,6.319623e-04,1.711479e-02,2.275547e-01,7.783690e-03,1.768128e-02,3.127910e-03,1.666736e-02,1.958791e-03,1.144919e-01
1.296994e-02,1.780102e-01,2.330974e-01,1.477035e-01,2.014289e-02,5.045963e-03,9.173616e-04,6.059811e-02,2.049023e-01,5.969718e-03,1.556301e-02,2.646469e-03,1.412215e-02,1.874293e-03,9.643672e-02
1.602346e-02,1.396207e-01,2.723993e-01,1.213246e-01,1.652012e-02,5.215365e-03,8.877780e-04,1.271711e-01,1.659526e-01,7.643687e-03,1.652580e-02,2.538307e-03,1.127361e-02,2.982207e-03,9.392141e-02
2.341994e-02,1.406893e-01,2.289785e-01,9.710218e-02,1.869513e-02,6.061934e-03,1.002452e-03,2.087726e-01,1.504161e-01,8.197557e-03,1.727164e-02,2.420044e-03,9.469100e-03,4.108376e-03,8.339517e-02
2.269501e-02,1.212517e-01,1.899547e-01,7.151584e-02,1.956248e-02,5.138457e-03,1.375849e-03,3.499703e-01,1.182942e-01,7.023976e-03,1.339965e-02,1.914626e-03,7.363014e-03,3.592493e-03,6.694783e-02
2.319019e-02,9.562580e-02,1.653669e-01,5.634629e-02,2.244502e-02,5.213162e-03,1.996973e-03,4.622566e-01,9.045873e-02,5.717357e-03,1.018722e-02,1.527263e-03,5.746357e-03,3.111254e-03,5.081091e-02
2.789023e-02,8.068944e-02,1.637920e-01,4.495812e-02,2.573872e-02,4.679509e-03,2.505317e-03,5.170106e-01,6.843770e-02,4.931198e-03,7.974200e-03,1.389375e-03,4.497875e-03,2.738943e-03,4.276685e-02
4.770214e-02,8.504255e-02,1.427485e-01,3.516584e-02,2.938595e-02,5.399962e-03,3.347697e-03,5.322737e-01,5.958566e-02,4.519433e-03,6.342436e-03,1.602192e-03,4.908033e-03,3.088324e-03,3.888761e-02
6.833908e-02,1.115819e-01,1.140850e-01,2.732719e-02,3.356263e-02,6.036133e-03,4.161698e-03,5.030869e-01,6.985731e-02,5.478716e-03,5.376057e-03,1.774396e-03,5.142095e-03,3.938791e-03,4.025204e-02
1.260241e-01,1.020633e-01,8.591858e-02,2.015674e-02,3.016901e-02,6.516349e-03,7.427135e-03,4.086595e-01,8.585688e-02,7.570345e-03,4.785297e-03,2.516437e-03,5.428979e-03,1.465034e-02,9.225705e-02
2.998872e-01,8.446741e-02,6.425187e-02,1.624786e-02,2.318532e-02,1.299573e-02,9.614353e-03,3.072345e-01,7.103364e-02,6.895973e-03,4.405617e-03,6.100574e-03,5.674357e-03,1.255829e-02,7.544727e-02
4.432697e-01,7.412837e-02,4.711613e-02,1.314847e-02,1.830553e-02,1.596968e-02,1.163556e-02,2.235048e-01,5.912813e-02,6.316261e-03,3.900375e-03,8.217368e-03,6.303841e-03,1.053640e-02,5.851939e-02
1.000000e+00,0.000000e+00,0.000000e+00,0.000000e+00,0.000000e+00,0.000000e+00,0.000000e+00,0.000000e+00,0.000000e+00,0.000000e+00,0.000000e+00,0.000000e+00,0.000000e+00,0.000000e+00,0.000000e+00
1.000000e+00,0.000000e+00,0.000000e+00,0.000000e+00,0.000000e+00,0.000000e+00,0.000000e+00,0.000000e+00,0.000000e+00,0.000000e+00,0.000000e+00,0.000000e+00,0.000000e+00,0.000000e+00,0.000000e+00
1.000000e+00,0.000000e+00,0.000000e+00,0.000000e+00,0.000000e+00,0.000000e+00,0.000000e+00,0.000000e+00,0.000000e+00,0.000000e+00,0.000000e+00,0.000000e+00,0.000000e+00,0.000000e+00,0.000000e+00
1.000000e+00,0.000000e+00,0.000000e+00,0.000000e+00,0.000000e+00,0.000000e+00,0.000000e+00,0.000000e+00,0.000000e+00,0.000000e+00,0.000000e+00,0.000000e+00,0.000000e+00,0.000000e+00,0.000000e+00
1.000000e+00,0.000000e+00,0.000000e+00,0.000000e+00,0.000000e+00,0.000000e+00,0.000000e+00,0.000000e+00,0.000000e+00,0.000000e+00,0.000000e+00,0.000000e+00,0.000000e+00,0.000000e+00,0.000000e+00
1.000000e+00,0.000000e+00,0.000000e+00,0.000000e+00,0.000000e+00,0.000000e+00,0.000000e+00,0.000000e+00,0.000000e+00,0.000000e+00,0.000000e+00,0.000000e+00,0.000000e+00,0.000000e+00,0.000000e+00
1.000000e+00,0.000000e+00,0.000000e+00,0.000000e+00,0.000000e+00,0.000000e+00,0.000000e+00,0.000000e+00,0.000000e+00,0.000000e+00,0.000000e+00,0.000000e+00,0.000000e+00,0.000000e+00,0.000000e+00
4.584776e-01,2.054980e-02,1.169919e-02,5.183606e-02,7.629509e-03,2.743761e-02,4.926448e-02,6.658971e-02,1.844271e-02,7.944230e-03,4.259815e-02,5.892624e-02,1.464175e-01,4.910748e-03,2.727650e-02
3.451795e-01,1.468470e-02,8.695679e-03,4.106242e-02,6.231503e-03,2.034103e-02,4.043974e-02,5.015092e-02,1.868503e-02,7.135485e-03,7.695165e-02,6.081354e-02,2.609156e-01,1.218821e-02,3.652500e-02
2.446236e-01,1.040156e-02,6.227112e-03,3.005601e-02,6.896161e-03,1.440725e-02,2.952760e-02,3.601438e-02,2.083698e-02,7.070925e-03,1.502749e-01,5.745953e-02,3.141528e-01,1.398109e-02,5.807012e-02
1.741096e-01,7.867876e-03,4.754054e-03,2.506016e-02,1.571888e-02,1.056562e-02,2.126761e-02,2.783585e-02,6.379212e-02,7.202405e-03,1.250939e-01,5.902652e-02,3.850102e-01,1.841693e-02,5.427831e-02
1.244423e-01,5.660990e-03,4.297232e-03,2.141169e-02,1.843715e-02,7.899259e-03,1.510345e-02,2.290951e-02,5.553227e-02,1.323620e-02,1.300350e-01,6.052201e-02,4.457788e-01,1.925635e-02,5.547777e-02
