1.000000e+00,0.000000e+00,0.000000e+00,0.000000e+00,0.000000e+00,0.000000e+00,0.000000e+00,0.000000e+00,0.000000e+00,0.000000e+00,0.000000e+00,0.000000e+00,0.000000e+00,0.000000e+00,0.000000e+00
1.000000e+00,0.000000e+00,0.000000e+00,0.000000e+00,0.000000e+00,0.000000e+00,0.000000e+00,0.000000e+00,0.000000e+00,0.000000e+00,0.000000e+00,0.000000e+00,0.000000e+00,0.000000e+00,0.000000e+00
1.000000e+00,0.000000e+00,0.000000e+00,0.000000e+00,0.000000e+00,0.000000e+00,0.000000e+00,0.000000e+00,0.000000e+00,0.000000e+00,0.000000e+00,0.000000e+00,0.000000e+00,0.000000e+00,0.000000e+00
1.000000e+00,0.000000e+00,0.000000e+00,0.000000e+00,0.000000e+00,0.000000e+00,0.000000e+00,0.000000e+00,0.000000e+00,0.000000e+00,0.000000e+00,0.000000e+00,0.000000e+00,0.000000e+00,0.000000e+00
1.000000e+00,0.000000e+00,0.000000e+00,0.000000e+00,0.000000e+00,0.000000e+00,0.000000e+00,0.000000e+00,0.000000e+00,0.000000e+00,0.000000e+00,0.000000e+00,0.000000e+00,0.000000e+00,0.000000e+00
1.000000e+00,0.000000e+00,0.000000e+00,0.000000e+00,0.000000e+00,0.000000e+00,0.000000e+00,0.000000e+00,0.000000e+00,0.000000e+00,0.000000e+00,0.000000e+00,0.000000e+00,0.000000e+00,0.000000e+00
1.000000e+00,0.000000e+00,0.000000e+00,0.000000e+00,0.000000e+00,0.000000e+00,0.000000e+00,0.000000e+00,0.000000e+00,0.000000e+00,0.000000e+00,0.000000e+00,0.000000e+00,0.000000e+00,0.000000e+00
1.000000e+00,0.000000e+00,0.000000e+00,0.000000e+00,0.000000e+00,0.000000e+00,0.000000e+00,0.000000e+00,0.000000e+00,0.000000e+00,0.000000e+00,0.000000e+00,0.000000e+00,0.000000e+00,0.000000e+00
1.000000e+00,0.000000e+00,0.000000e+00,0.000000e+00,0.000000e+00,0.000000e+00,0.000000e+00,0.000000e+00,0.000000e+00,0.000000e+00,0.000000e+00,0.000000e+00,0.000000e+00,0.000000e+00,0.000000e+00
1.000000e+00,0.000000e+00,0.000000e+00,0.000000e+00,0.000000e+00,0.000000e+00,0.000000e+00,0.000000e+00,0.000000e+00,0.000000e+00,0.000000e+00,0.000000e+00,0.000000e+00,0.000000e+00,0.000000e+00
1.000000e+00,0.000000e+00,0.000000e+00,0.000000e+00,0.000000e+00,0.000000e+00,0.000000e+00,0.000000e+00,0.000000e+00,0.000000e+00,0.000000e+00,0.000000e+00,0.000000e+00,0.000000e+00,0.000000e+00
1.000000e+00,0.000000e+00,0.000000e+00,0.000000e+00,0.000000e+00,0.000000e+00,0.000000e+00,0.000000e+00,0.000000e+00,0.000000e+00,0.000000e+00,0.000000e+00,0.000000e+00,0.000000e+00,0.000000e+00
1.000000e+00,0.000000e+00,0.000000e+00,0.000000e+00,0.000000e+00,0.000000e+00,0.000000e+00,0.000000e+00,0.000000e+00,0.000000e+00,0.000000e+00,0.000000e+00,0.000000e+00,0.000000e+00,0.000000e+00
1.000000e+00,0.000000e+00,0.000000e+00,0.000000e+00,0.000000e+00,0.000000e+00,0.000000e+00,0.000000e+00,0.000000e+00,0.000000e+00,0.000000e+00,0.000000e+00,0.000000e+00,0.000000e+00,0.000000e+00
1.000000e+00,0.000000e+00,0.000000e+00,0.000000e+00,0.000000e+00,0.000000e+00,0.000000e+00,0.000000e+00,0.000000e+00,0.000000e+00,0.000000e+00,0.000000e+00,0.000000e+00,0.000000e+00,0.000000e+00
1.000000e+00,0.000000e+00,0.000000e+00,0.000000e+00,0.000000e+00,0.000000e+00,0.000000e+00,0.000000e+00,0.000000e+00,0.000000e+00,0.000000e+00,0.000000e+00,0.000000e+00,0.000000e+00,0.000000e+00
1.000000e+00,0.000000e+00,0.000000e+00,0.000000e+00,0.000000e+00,0.000000e+00,0.000000e+00,0.000000e+00,0.000000e+00,0.000000e+00,0.000000e+00,0.000000e+00,0.000000e+00,0.000000e+00,0.000000e+00
1.000000e+00,0.000000e+00,0.000000e+00,0.000000e+00,0.000000e+00,0.000000e+00,0.000000e+00,0.000000e+00,0.000000e+00,0.000000e+00,0.000000e+00,0.000000e+00,0.000000e+00,0.000000e+00,0.000000e+00
1.000000e+00,0.000000e+00,0.000000e+00,0.000000e+00,0.000000e+00,0.000000e+00,0.000000e+00,0.000000e+00,0.000000e+00,0.000000e+00,0.000000e+00,0.000000e+00,0.000000e+00,0.000000e+00,0.000000e+00
1.000000e+00,0.000000e+00,0.000000e+00,0.000000e+00,0.000000e+00,0.000000e+00,0.000000e+00,0.000000e+00,0.000000e+00,0.000000e+00,0.000000e+00,0.000000e+00,0.000000e+00,0.000000e+00,0.000000e+00
1.000000e+00,0.000000e+00,0.000000e+00,0.000000e+00,0.000000e+00,0.000000e+00,0.000000e+00,0.000000e+00,0.000000e+00,0.000000e+00,0.000000e+00,0.000000e+00,0.000000e+00,0.000000e+00,0.000000e+00
1.000000e+00,0.000000e+00,0.000000e+00,0.000000e+00,0.000000e+00,0.000000e+00,0.000000e+00,0.000000e+00,0.000000e+00,0.000000e+00,0.000000e+00,0.000000e+00,0.000000e+00,0.000000e+00,0.000000e+00
1.000000e+00,0.000000e+00,0.000000e+00,0.000000e+00,0.000000e+00,0.000000e+00,0.000000e+00,0.000000e+00,0.000000e+00,0.000000e+00,0.000000e+00,0.000000e+00,0.000000e+00,0.000000e+00,0.000000e+00
1.000000e+00,0.000000e+00,0.000000e+00,0.000000e+00,0.000000e+00,0.000000e+00,0.000000e+00,0.000000e+00,0.000000e+00,0.000000e+00,0.000000e+00,0.000000e+00,0.000000e+00,0.000000e+00,0.000000e+00
1.000000e+00,0.000000e+00,0.000000e+00,0.000000e+00,0.000000e+00,0.000000e+00,0.000000e+00,0.000000e+00,0.000000e+00,0.000000e+00,0.000000e+00,0.000000e+00,0.000000e+00,0.000000e+00,0.000000e+00
1.000000e+00,0.000000e+00,0.000000e+00,0.000000e+00,0.000000e+00,0.000000e+00,0.000000e+00,0.000000e+00,0.000000e+00,0.000000e+00,0.000000e+00,0.000000e+00,0.000000e+00,0.000000e+00,0.000000e+00
1.000000e+00,0.000000e+00,0.000000e+00,0.000000e+00,0.000000e+00,0.000000e+00,0.000000e+00,0.000000e+00,0.000000e+00,0.000000e+00,0.000000e+00,0.000000e+00,0.000000e+00,0.000000e+00,0.000000e+00
1.000000e+00,0.000000e+00,0.000000e+00,0.000000e+00,0.000000e+00,0.000000e+00,0.000000e+00,0.000000e+00,0.000000e+00,0.000000e+00,0.000000e+00,0.000000e+00,0.000000e+00,0.000000e+00,0.000000e+00
1.000000e+00,0.000000e+00,0.000000e+00,0.000000e+00,0.000000e+00,0.000000e+00,0.000000e+00,0.000000e+00,0.000000e+00,0.000000e+00,0.000000e+00,0.000000e+00,0.000000e+00,0.000000e+00,0.000000e+00
1.000000e+00,0.000000e+00,0.000000e+00,0.000000e+00,0.000000e+00,0.000000e+00,0.000000e+00,0.000000e+00,0.000000e+00,0.000000e+00,0.000000e+00,0.000000e+00,0.000000e+00,0.000000e+00,0.000000e+00
1.000000e+00,0.000000e+00,0.000000e+00,0.000000e+00,0.000000e+00,0.000000e+00,0.000000e+00,0.000000e+00,0.000000e+00,0.000000e+00,0.000000e+00,0.000000e+00,0.000000e+00,0.000000e+00,0.000000e+00
1.000000e+00,0.000000e+00,0.000000e+00,0.000000e+00,0.000000e+00,0.000000e+00,0.000000e+00,0.000000e+00,0.000000e+00,0.000000e+00,0.000000e+00,0.000000e+00,0.000000e+00,0.000000e+00,0.000000e+00
1.000000e+00,0.000000e+00,0.000000e+00,0.000000e+00,0.000000e+00,0.000000e+00,0.000000e+00,0.000000e+00,0.000000e+00,0.000000e+00,0.000000e+00,0.000000e+00,0.000000e+00,0.000000e+00,0.000000e+00
1.000000e+00,0.000000e+00,0.000000e+00,0.000000e+00,0.000000e+00,0.000000e+00,0.000000e+00,0.000000e+00,0.000000e+00,0.000000e+00,0.000000e+00,0.000000e+00,0.000000e+00,0.000000e+00,0.000000e+00
1.000000e+00,0.000000e+00,0.000000e+00,0.000000e+00,0.000000e+00,0.000000e+00,0.000000e+00,0.000000e+00,0.000000e+00,0.000000e+00,0.000000e+00,0.000000e+00,0.000000e+00,0.000000e+00,0.000000e+00
1.000000e+00,0.000000e+00,0.000000e+00,0.000000e+00,0.000000e+00,0.000000e+00,0.000000e+00,0.000000e+00,0.000000e+00,0.000000e+00,0.000000e+00,0.000000e+00,0.000000e+00,0.000000e+00,0.000000e+00
1.000000e+00,0.000000e+00,0.000000e+00,0.000000e+00,0.000000e+00,0.000000e+00,0.000000e+00,0.000000e+00,0.000000e+00,0.000000e+00,0.000000e+00,0.000000e+00,0.000000e+00,0.000000e+00,0.000000e+00
1.000000e+00,0.000000e+00,0.000000e+00,0.000000e+00,0.000000e+00,0.000000e+00,0.000000e+00,0.000000e+00,0.000000e+00,0.000000e+00,0.000000e+00,0.000000e+00,0.000000e+00,0.000000e+00,0.000000e+00
1.000000e+00,0.000000e+00,0.000000e+00,0.000000e+00,0.000000e+00,0.000000e+00,0.000000e+00,0.000000e+00,0.000000e+00,0.000000e+00,0.000000e+00,0.000000e+00,0.000000e+00,0.000000e+00,0.000000e+00
1.000000e+00,0.000000e+00,0.000000e+00,0.000000e+00,0.000000e+00,0.000000e+00,0.000000e+00,0.000000e+00,0.000000e+00,0.000000e+00,0.000000e+00,0.000000e+00,0.000000e+00,0.000000e+00,0.000000e+00
1.000000e+00,0.000000e+00,0.000000e+00,0.000000e+00,0.000000e+00,0.000000e+00,0.000000e+00,0.000000e+00,0.000000e+00,0.000000e+00,0.000000e+00,0.000000e+00,0.000000e+00,0.000000e+00,0.000000e+00
1.000000e+00,0.000000e+00,0.000000e+00,0.000000e+00,0.000000e+00,0.000000e+00,0.000000e+00,0.000000e+00,0.000000e+00,0.000000e+00,0.000000e+00,0.000000e+00,0.000000e+00,0.000000e+00,0.000000e+00
1.000000e+00,0.000000e+00,0.000000e+00,0.000000e+00,0.000000e+00,0.000000e+00,0.000000e+00,0.000000e+00,0.000000e+00,0.000000e+00,0.000000e+00,0.000000e+00,0.000000e+00,0.000000e+00,0.000000e+00
1.000000e+00,0.000000e+00,0.000000e+00,0.000000e+00,0.000000e+00,0.000000e+00,0.000000e+00,0.000000e+00,0.000000e+00,0.000000e+00,0.000000e+00,0.000000e+00,0.000000e+00,0.000000e+00,0.000000e+00
1.000000e+00,0.000000e+00,0.000000e+00,0.000000e+00,0.000000e+00,0.000000e+00,0.000000e+00,0.000000e+00,0.000000e+00,0.000000e+00,0.000000e+00,0.000000e+00,0.000000e+00,0.000000e+00,0.000000e+00
1.000000e+00,0.000000e+00,0.000000e+00,0.000000e+00,0.000000e+00,0.000000e+00,0.000000e+00,0.000000e+00,0.000000e+00,0.000000e+00,0.000000e+00,0.000000e+00,0.000000e+00,0.000000e+00,0.000000e+00
1.000000e+00,0.000000e+00,0.000000e+00,0.000000e+00,0.000000e+00,0.000000e+00,0.000000e+00,0.000000e+00,0.000000e+00,0.000000e+00,0.000000e+00,0.000000e+00,0.000000e+00,0.000000e+00,0.000000e+00
1.000000e+00,0.000000e+00,0.000000e+00,0.000000e+00,0.000000e+00,0.000000e+00,0.000000e+00,0.000000e+00,0.000000e+00,0.000000e+00,0.000000e+00,0.000000e+00,0.000000e+00,0.000000e+00,0.000000e+00
1.000000e+00,0.000000e+00,0.000000e+00,0.000000e+00,0.000000e+00,0.000000e+00,0.000000e+00,0.000000e+00,0.000000e+00,0.000000e+00,0.000000e+00,0.000000e+00,0.000000e+00,0.000000e+00,0.000000e+00
1.000000e+00,0.000000e+00,0.000000e+00,0.000000e+00,0.000000e+00,0.000000e+00,0.000000e+00,0.000000e+00,0.000000e+00,0.000000e+00,0.000000e+00,0.000000e+00,0.000000e+00,0.000000e+00,0.000000e+00
1.000000e+00,0.000000e+00,0.000000e+00,0.000000e+00,0.000000e+00,0.000000e+00,0.000000e+00,0.000000e+00,0.000000e+00,0.000000e+00,0.000000e+00,0.000000e+00,0.000000e+00,0.000000e+00,0.000000e+00
1.000000e+00,0.000000e+00,0.000000e+00,0.000000e+00,0.000000e+00,0.000000e+00,0.000000e+00,0.000000e+00,0.000000e+00,0.000000e+00,0.000000e+00,0.000000e+00,0.000000e+00,0.000000e+00,0.000000e+00
1.000000e+00,0.000000e+00,0.000000e+00,0.000000e+00,0.000000e+00,0.000000e+00,0.000000e+00,0.000000e+00,0.000000e+00,0.000000e+00,0.000000e+00,0.000000e+00,0.000000e+00,0.000000e+00,0.000000e+00
1.000000e+00,0.000000e+00,0.000000e+00,0.000000e+00,0.000000e+00,0.000000e+00,0.000000e+00,0.000000e+00,0.000000e+00,0.000000e+00,0.000000e+00,0.000000e+00,0.000000e+00,0.000000e+00,0.000000e+00
1.000000e+00,0.000000e+00,0.000000e+00,0.000000e+00,0.000000e+00,0.000000e+00,0.000000e+00,0.000000e+00,0.000000e+00,0.000000e+00,0.000000e+00,0.000000e+00,0.000000e+00,0.000000e+00,0.000000e+00
1.000000e+00,0.000000e+00,0.000000e+00,0.000000e+00,0.000000e+00,0.000000e+00,0.000000e+00,0.000000e+00,0.000000e+00,0.000000e+00,0.000000e+00,0.000000e+00,0.000000e+00,0.000000e+00,0.000000e+00
1.000000e+00,0.000000e+00,0.000000e+00,0.000000e+00,0.000000e+00,0.000000e+00,0.000000e+00,0.000000e+00,0.000000e+00,0.000000e+00,0.000000e+00,0.000000e+00,0.000000e+00,0.000000e+00,0.000000e+00
1.000000e+00,0.000000e+00,0.000000e+00,0.000000e+00,0.000000e+00,0.000000e+00,0.000000e+00,0.000000e+00,0.000000e+00,0.000000e+00,0.000000e+00,0.000000e+00,0.000000e+00,0.000000e+00,0.000000e+00
1.000000e+00,0.000000e+00,0.000000e+00,0.000000e+00,0.000000e+00,0.000000e+00,0.000000e+00,0.000000e+00,0.000000e+00,0.000000e+00,0.000000e+00,0.000000e+00,0.000000e+00,0.000000e+00,0.000000e+00
1.000000e+00,0.000000e+00,0.000000e+00,0.000000e+00,0.000000e+00,0.000000e+00,0.000000e+00,0.000000e+00,0.000000e+00,0.000000e+00,0.000000e+00,0.000000e+00,0.000000e+00,0.000000e+00,0.000000e+00
1.000000e+00,0.000000e+00,0.000000e+00,0.000000e+00,0.000000e+00,0.000000e+00,0.000000e+00,0.000000e+00,0.000000e+00,0.000000e+00,0.000000e+00,0.000000e+00,0.000000e+00,0.000000e+00,0.000000e+00
4.293531e-01,9.226186e-03,4.706248e-03,1.633530e-02,1.990569e-03,1.078213e-02,1.479006e-03,3.178426e-03,2.147597e-03,1.854859e-03,4.682448e-01,1.393021e-02,5.880716e-03,2.152370e-02,9.367153e-03
3.032386e-01,6.830457e-03,3.531973e-03,1.159749e-02,1.716593e-03,1.004337e-02,1.120993e-03,2.365610e-03,1.771788e-03,4.722240e-03,6.053443e-01,1.197506e-02,4.193063e-03,2.255601e-02,8.992467e-03
2.133744e-01,5.102130e-03,2.640978e-03,8.358919e-03,1.691050e-03,9.738881e-03,8.984460e-04,1.736598e-03,1.655292e-03,7.137678e-03,7.013434e-01,1.193562e-02,3.031723e-03,2.311579e-02,8.239056e-03
1.494169e-01,3.610031e-03,1.879084e-03,5.884534e-03,1.364884e-03,8.483115e-03,6.460870e-04,1.223968e-03,1.292208e-03,6.543584e-03,7.819842e-01,1.048573e-02,2.153201e-03,1.887174e-02,6.160824e-03
1.047795e-01,2.721232e-03,1.541751e-03,4.219936e-03,1.278173e-03,1.369036e-02,6.230499e-04,8.995126e-04,1.933461e-03,4.749603e-02,7.693220e-01,1.477211e-02,1.554487e-03,2.229411e-02,1.287434e-02
7.351680e-02,2.326512e-03,1.632370e-03,3.127055e-03,1.266541e-03,1.384519e-02,8.430965e-04,7.125563e-04,3.846162e-03,1.311335e-01,6.803439e-01,3.018749e-02,1.149177e-03,2.716898e-02,2.890074e-02
5.163645e-02,1.899596e-03,2.144135e-03,2.322670e-03,1.257843e-03,1.305820e-02,1.179722e-03,7.582624e-04,4.745334e-03,2.048486e-01,6.282019e-01,3.380008e-02,8.781393e-04,2.551747e-02,2.775157e-02
3.620891e-02,1.473486e-03,1.588841e-03,1.694232e-03,1.010198e-03,1.341004e-02,9.373994e-04,5.580268e-04,4.288333e-03,2.172931e-01,6.389450e-01,3.530994e-02,6.835465e-04,2.270749e-02,2.389148e-02
2.545914e-02,1.211378e-03,1.183496e-03,1.215304e-03,8.509363e-04,1.558919e-02,8.146068e-04,4.286467e-04,3.432125e-03,2.608398e-01,6.191329e-01,3.212183e-02,5.551626e-04,1.712592e-02,2.003963e-02
1.787170e-02,9.960482e-04,8.369289e-04,8.547472e-04,7.178531e-04,1.556813e-02,6.061079e-04,3.072829e-04,2.571391e-03,3.690097e-01,5.376992e-01,2.468932e-02,4.886354e-04,1.228330e-02,1.549970e-02
1.256632e-02,8.940186e-04,6.505176e-04,6.023014e-04,6.574820e-04,3.303411e-02,5.896232e-04,2.426262e-04,1.969419e-03,5.044776e-01,4.013976e-01,2.197844e-02,4.740805e-04,8.898747e-03,1.156722e-02
8.843339e-03,2.393828e-03,5.235248e-04,4.333750e-04,6.070971e-04,3.070892e-02,5.739842e-04,1.939726e-04,1.630533e-03,6.010445e-01,3.197655e-01,1.681227e-02,4.570533e-04,6.522107e-03,9.490037e-03
6.247197e-03,2.447176e-03,4.253481e-04,3.268556e-04,5.899117e-04,3.892733e-02,6.746723e-04,1.715463e-04,1.536592e-03,6.186395e-01,3.033678e-01,1.400759e-02,6.969190e-04,4.721924e-03,7.219663e-03
4.500498e-03,2.676333e-03,3.354290e-04,2.799693e-04,5.899051e-04,5.257735e-02,7.071277e-04,1.306607e-04,2.593998e-03,5.411486e-01,3.605522e-01,2.256050e-02,2.182908e-03,3.716028e-03,5.448510e-03
3.316816e-03,3.505331e-02,4.009654e-03,2.983845e-04,1.231875e-03,4.181037e-02,7.478308e-04,1.194892e-04,2.647238e-03,5.203035e-01,3.351232e-01,2.839130e-02,2.878072e-03,3.040705e-03,2.102817e-02
2.461468e-03,2.702225e-02,3.565843e-03,2.582429e-04,1.839598e-03,3.973783e-02,1.208002e-03,2.220327e-04,3.833745e-03,5.847945e-01,2.861301e-01,2.688506e-02,3.063493e-03,2.297632e-03,1.668020e-02
2.475910e-03,2.899733e-02,7.836754e-03,5.299496e-04,5.248244e-03,4.089253e-02,1.594474e-03,9.220878e-04,8.554040e-03,5.414338e-01,2.992066e-01,3.838255e-02,7.196247e-03,2.313334e-03,1.441614e-02
2.676452e-03,2.343592e-02,7.094126e-03,4.178490e-04,5.750921e-03,2.994862e-02,1.322254e-03,8.731958e-04,7.538393e-03,5.673841e-01,2.963153e-01,3.348076e-02,9.195046e-03,3.416091e-03,1.115101e-02
4.036022e-03,1.851987e-02,5.377700e-03,3.480649e-04,5.892246e-03,2.239920e-02,9.492054e-04,7.481555e-04,6.074335e-03,4.661865e-01,3.673185e-01,7.051913e-02,1.226606e-02,1.045974e-02,8.905357e-03
4.220348e-03,1.331999e-02,3.982789e-03,6.977973e-04,4.500747e-03,1.731597e-02,7.296652e-04,1.502347e-03,5.680636e-03,3.552497e-01,2.833302e-01,2.223547e-01,7.117787e-02,9.503936e-03,6.433263e-03
6.028136e-03,9.551396e-03,3.020072e-03,8.975125e-04,5.064174e-03,1.428497e-02,6.879465e-04,2.227727e-03,5.555840e-03,2.923706e-01,2.414894e-01,2.970843e-01,1.091707e-01,7.678147e-03,4.889116e-03
1.222203e-02,1.056427e-02,6.540585e-03,9.641851e-04,3.297900e-02,3.337677e-02,2.868198e-03,5.196681e-03,6.956914e-03,2.723182e-01,2.349732e-01,2.804800e-01,8.605485e-02,1.044785e-02,4.057309e-03
1.188330e-02,1.238541e-02,1.244176e-02,9.694125e-04,8.802953e-02,2.864377e-02,1.014660e-02,2.860674e-02,1.114379e-02,2.259707e-01,2.293689e-01,2.478721e-01,6.901523e-02,2.002298e-02,3.499748e-03
1.274619e-02,1.246302e-02,1.445112e-02,2.564446e-03,1.759608e-01,2.661835e-02,2.053915e-02,5.250532e-02,7.152198e-02,1.613573e-01,1.682967e-01,2.047221e-01,5.742557e-02,1.500900e-02,3.819006e-03
1.732372e-02,1.044731e-02,1.404662e-02,3.802708e-03,1.880435e-01,3.020318e-02,3.247517e-02,1.171596e-01,8.623380e-02,1.229715e-01,1.361449e-01,1.665712e-01,5.953056e-02,1.157661e-02,3.469576e-03
1.718212e-02,7.885171e-03,1.268449e-02,4.471743e-03,1.600440e-01,2.659796e-02,3.938772e-02,3.023778e-01,6.640154e-02,8.816499e-02,9.730519e-02,1.206544e-01,4.542040e-02,8.403282e-03,3.019240e-03
2.808050e-02,1.130782e-02,1.771866e-02,7.059371e-03,2.151888e-01,2.379972e-02,8.539233e-02,2.457187e-01,6.009042e-02,7.870650e-02,7.035201e-02,9.157926e-02,5.484856e-02,6.581679e-03,3.575649e-03
4.508541e-02,1.106180e-02,1.776524e-02,1.412736e-02,2.651859e-01,2.472937e-02,1.203270e-01,2.037343e-01,5.746233e-02,6.285192e-02,5.127883e-02,6.638461e-02,4.992741e-02,4.773339e-03,5.305171e-03
5.784701e-02,3.265856e-02,1.803803e-02,2.028070e-02,2.769742e-01,2.412670e-02,9.932382e-02,1.489108e-01,1.058432e-01,4.886834e-02,4.544759e-02,5.068219e-02,5.789638e-02,3.608207e-03,9.494307e-03
5.146704e-02,2.422073e-02,1.524410e-02,1.980851e-02,2.499077e-01,2.886147e-02,7.907230e-02,1.064602e-01,8.536799e-02,3.518524e-02,3.825384e-02,3.868443e-02,2.034877e-01,2.726786e-03,2.125194e-02
4.080030e-02,1.787533e-02,1.167611e-02,1.766071e-02,2.135339e-01,2.669190e-02,5.857489e-02,7.610595e-02,6.588344e-02,2.516062e-02,3.546748e-02,3.121617e-02,3.399637e-01,2.337578e-03,3.705193e-02
3.356330e-02,1.277889e-02,8.754349e-03,1.434955e-02,1.862763e-01,2.153435e-02,4.350890e-02,5.407581e-02,4.746428e-02,1.897218e-02,5.567925e-02,4.869451e-02,4.012964e-01,1.737718e-03,5.131425e-02
2.673117e-02,9.095728e-03,6.548070e-03,1.045008e-02,1.693776e-01,1.604872e-02,3.150972e-02,3.856714e-02,3.448735e-02,1.357628e-02,5.158947e-02,5.475615e-02,4.846509e-01,1.246405e-03,5.136523e-02
2.347883e-02,6.730900e-03,5.330084e-03,7.832439e-03,1.245810e-01,1.316609e-02,2.253351e-02,2.745146e-02,2.605637e-02,1.026575e-02,5.105250e-02,5.712365e-02,5.697463e-01,1.053750e-03,5.359738e-02
2.273264e-02,5.616515e-03,7.946830e-03,7.394057e-03,9.143754e-02,1.541084e-02,1.671056e-02,2.091487e-02,2.056396e-02,1.053745e-02,8.024681e-02,6.905825e-02,5.614933e-01,1.142286e-03,6.879404e-02
1.762034e-02,4.784259e-03,7.957146e-03,5.751717e-03,6.568818e-02,1.193969e-02,1.221066e-02,1.512275e-02,1.527764e-02,1.226139e-02,7.493252e-02,5.831785e-02,5.168321e-01,1.216764e-03,1.800870e-01
1.281214e-02,3.916549e-03,7.027271e-03,4.402393e-03,4.636759e-02,9.260432e-03,8.687668e-03,1.077317e-02,1.132388e-02,2.434181e-02,5.812294e-02,4.280057e-02,4.342958e-01,1.121194e-03,3.247465e-01
9.269899e-03,2.903127e-03,5.552554e-03,3.352782e-03,3.287658e-02,6.910454e-03,6.233037e-03,7.677910e-03,8.555844e-03,3.482196e-02,4.371069e-02,3.072213e-02,3.297484e-01,8.618151e-04,4.768028e-01
6.678646e-03,2.812114e-03,4.684979e-03,2.664890e-03,2.349807e-02,5.061249e-03,4.598220e-03,8.677251e-03,9.503628e-03,3.866958e-02,3.415191e-02,2.301972e-02,2.395828e-01,8.004069e-04,5.955966e-01
4.788101e-03,2.431677e-03,3.327709e-03,2.165291e-03,1.650589e-02,3.744331e-03,3.243448e-03,6.268314e-03,9.736174e-03,6.191684e-02,2.633031e-02,1.775576e-02,1.716702e-01,6.397951e-04,6.694762e-01
3.461029e-03,2.201300e-03,2.374507e-03,1.658452e-03,1.159433e-02,2.832684e-03,2.332564e-03,4.497360e-03,1.091518e-02,1.273422e-01,1.948037e-02,1.363232e-02,1.216606e-01,5.112542e-04,6.755059e-01
3.168016e-03,9.146680e-03,2.327048e-03,7.160369e-03,8.540002e-03,2.631226e-03,1.652325e-03,3.495126e-03,2.636697e-02,1.248759e-01,1.491127e-02,1.050736e-02,8.560898e-02,5.127158e-04,6.990960e-01
2.567073e-03,8.136874e-03,1.751322e-03,5.214112e-03,6.183780e-03,2.393646e-03,1.185287e-03,3.538802e-03,5.751922e-02,1.068357e-01,1.166002e-02,7.875062e-03,6.018362e-02,4.478015e-04,7.245076e-01
2.911544e-03,1.068854e-02,1.569184e-03,4.986894e-03,5.212349e-03,3.375139e-03,9.380436e-04,7.781288e-03,2.472906e-01,7.922164e-02,8.797888e-03,5.969874e-03,4.248220e-02,3.681185e-04,5.784068e-01
5.416966e-03,1.524185e-02,2.071162e-03,6.599413e-03,6.455716e-03,5.332656e-03,1.137024e-03,5.960971e-02,3.009818e-01,5.930219e-02,6.293688e-03,4.244047e-03,2.982340e-02,3.040486e-04,4.971864e-01
1.217181e-02,2.002357e-02,1.953070e-03,9.124491e-03,1.215591e-02,6.553242e-03,1.526688e-03,5.336959e-02,3.482798e-01,5.338949e-02,4.672850e-03,3.096087e-03,2.095349e-02,3.810099e-04,4.523489e-01
2.000120e-02,2.733928e-02,1.969407e-03,1.458027e-02,1.462294e-02,6.903909e-03,2.104879e-03,7.753856e-02,3.394397e-01,3.813997e-02,3.604546e-03,2.322144e-03,1.504525e-02,4.366142e-04,4.359514e-01
2.989177e-02,2.686239e-02,2.489475e-03,2.899824e-02,1.807082e-02,7.376867e-03,2.614060e-03,7.131269e-02,3.218990e-01,2.886190e-02,3.178324e-03,2.305040e-03,1.198218e-02,5.220126e-04,4.436353e-01
4.734771e-02,2.223536e-02,2.282897e-03,3.990469e-02,1.862777e-02,9.215932e-03,1.755100e-02,7.256651e-02,3.030645e-01,2.283180e-02,4.687207e-03,4.383428e-03,1.595620e-02,7.586720e-04,4.185864e-01
4.133497e-02,2.015947e-02,2.258772e-03,7.402169e-02,1.419302e-02,1.205980e-02,1.320534e-02,5.293893e-02,2.627727e-01,1.766342e-02,2.148690e-02,3.142758e-02,1.085603e-01,2.739821e-03,3.251773e-01
3.644726e-02,1.781655e-02,2.127021e-03,6.407222e-02,1.072097e-02,1.355131e-02,1.019585e-02,3.799608e-02,2.025344e-01,1.406431e-02,3.672376e-02,5.228209e-02,2.545696e-01,3.365364e-03,2.435333e-01
3.408023e-02,1.913259e-02,1.717284e-03,5.051076e-02,7.848002e-03,1.354335e-02,7.395035e-03,2.718341e-02,1.846209e-01,1.114046e-02,3.283288e-02,7.069045e-02,3.562925e-01,3.770180e-03,1.792419e-01
3.696806e-02,2.543998e-02,1.380283e-03,4.155875e-02,5.987043e-03,1.384136e-02,5.531920e-03,2.044750e-02,2.721300e-01,8.759838e-03,2.744446e-02,6.181637e-02,3.455540e-01,3.066729e-03,1.300737e-01
3.039285e-02,2.806132e-02,1.726060e-03,3.101858e-02,6.126157e-03,1.906592e-02,4.351024e-03,1.569747e-02,2.757091e-01,6.547187e-03,2.309180e-02,8.520569e-02,3.753361e-01,3.736798e-03,9.393395e-02
2.470583e-02,1.583001e-01,5.211081e-03,4.511356e-02,5.015834e-03,2.125839e-02,3.320003e-03,1.169821e-02,2.693836e-01,6.609813e-03,1.901950e-02,7.756449e-02,2.760240e-01,5.201890e-03,7.157376e-02
2.695170e-02,1.375129e-01,2.294644e-02,3.792386e-02,8.168623e-03,2.545200e-02,2.937592e-03,1.287775e-02,2.910833e-01,6.978432e-03,2.217409e-02,6.322920e-02,2.615867e-01,8.333665e-03,7.184380e-02
4.203785e-02,1.985590e-01,2.361859e-02,3.689324e-02,8.661886e-03,2.463951e-02,2.493216e-03,1.022030e-02,2.995032e-01,8.551586e-03,1.792852e-02,4.822508e-02,2.055752e-01,9.326358e-03,6.376644e-02
4.391692e-02,2.313302e-01,2.042386e-02,3.051398e-02,1.421337e-02,5.122413e-02,2.703877e-03,9.061472e-03,3.149680e-01,7.309577e-03,1.399314e-02,3.588075e-02,1.646378e-01,7.565861e-03,5.225711e-02
5.109925e-02,2.885772e-01,1.584732e-02,3.004820e-02,1.745423e-02,4.551771e-02,2.319942e-03,7.301125e-03,3.116701e-01,5.774830e-03,1.062984e-02,2.775288e-02,1.354071e-01,6.125689e-03,4.447454e-02
5.494262e-02,3.506148e-01,1.232981e-02,3.067677e-02,1.826488e-02,4.060459e-02,1.925828e-03,6.488136e-03,2.748894e-01,4.835137e-03,8.094542e-03,2.209994e-02,1.284387e-01,4.905584e-03,4.088926e-02
5.206054e-02,3.979775e-01,9.319523e-03,3.202407e-02,1.838129e-02,3.375478e-02,1.506573e-03,4.922927e-03,2.554290e-01,4.386199e-03,6.027921e-03,1.990301e-02,1.207934e-01,4.091062e-03,3.942212e-02
4.003837e-02,4.535752e-01,7.309891e-03,2.817108e-02,1.755726e-02,2.699575e-02,1.184675e-03,4.130097e-03,2.128159e-01,4.242825e-03,4.975385e-03,2.112664e-02,1.407581e-01,3.385101e-03,3.373373e-02
3.129531e-02,3.988588e-01,5.613886e-03,2.329414e-02,1.532402e-02,2.235074e-02,9.499417e-04,3.267998e-03,1.661359e-01,3.598586e-03,4.165722e-03,2.300772e-02,2.659224e-01,2.735669e-03,3.347914e-02
2.606694e-02,3.181928e-01,4.647444e-03,1.849617e-02,1.234571e-02,1.981412e-02,7.498898e-04,2.547073e-03,1.337372e-01,2.708482e-03,3.666730e-03,3.758995e-02,3.902137e-01,2.422805e-03,2.680096e-02
2.329445e-02,2.441091e-01,4.835734e-03,1.811743e-02,1.206466e-02,1.567410e-02,6.681966e-04,2.255927e-03,1.119842e-01,2.195893e-03,3.672841e-03,4.691344e-02,4.881662e-01,2.787319e-03,2.326062e-02
2.644507e-02,2.128563e-01,8.865116e-03,1.665437e-02,1.247699e-02,1.339286e-02,8.846035e-04,2.472357e-03,9.969519e-02,1.864516e-03,3.821008e-03,4.946262e-02,5.242853e-01,2.950449e-03,2.387329e-02
3.114108e-02,1.633978e-01,1.149395e-02,1.513944e-02,1.491838e-02,1.277985e-02,1.238249e-03,2.351815e-03,8.483795e-02,1.925807e-03,4.107771e-03,7.321300e-02,5.610613e-01,2.961512e-03,1.943214e-02
5.297463e-02,1.299173e-01,9.692132e-03,1.172821e-02,1.543364e-02,1.392866e-02,2.185141e-03,2.489845e-03,8.513096e-02,1.830740e-03,4.778267e-03,1.072532e-01,5.429391e-01,2.660090e-03,1.705814e-02
4.954270e-02,9.703466e-02,7.331493e-03,8.559787e-03,1.390851e-02,1.340585e-02,2.304226e-03,2.308326e-03,7.182981e-02,1.630879e-03,4.415610e-03,1.551183e-01,5.573097e-01,2.100467e-03,1.319970e-02
5.420145e-02,7.933717e-02,6.663850e-03,6.300993e-03,1.571320e-02,1.400368e-02,2.647452e-03,2.570284e-03,8.040407e-02,1.654806e-03,3.913470e-03,1.418506e-01,5.772985e-01,2.898142e-03,1.054238e-02
5.381085e-02,6.192508e-02,6.429545e-03,4.562967e-03,1.502655e-02,1.302953e-02,2.775645e-03,3.018329e-03,7.608585e-02,1.475262e-03,3.411242e-03,1.307673e-01,6.166420e-01,3.035391e-03,8.004541e-03
7.287478e-02,4.576996e-02,5.734152e-03,3.511422e-03,1.280598e-02,1.053796e-02,2.450887e-03,3.489024e-03,6.076833e-02,1.640459e-03,4.997972e-03,1.143361e-01,6.499783e-01,4.623291e-03,6.481451e-03
8.552803e-02,3.904711e-02,2.084338e-02,3.480938e-03,2.822174e-02,9.071892e-03,4.014727e-03,1.106396e-02,6.239989e-02,3.047814e-03,7.852819e-03,1.230203e-01,5.922796e-01,4.489274e-03,5.638626e-03
7.436961e-02,2.934721e-02,4.925740e-02,5.045695e-03,2.606305e-02,7.788431e-03,5.305560e-03,7.638959e-02,6.284887e-02,1.158709e-02,1.470515e-02,1.116925e-01,5.004362e-01,3.600494e-03,2.156321e-02
5.654180e-02,2.162883e-02,4.615791e-02,5.587252e-03,1.966497e-02,7.044836e-03,4.056013e-03,7.436156e-02,6.741909e-02,1.907026e-02,2.290649e-02,1.077379e-01,5.053864e-01,3.249788e-03,3.918694e-02
4.322140e-02,1.833701e-02,6.645735e-02,6.056769e-03,1.587732e-02,5.332232e-03,3.544075e-03,5.764630e-02,7.300162e-02,2.161628e-02,2.634938e-02,8.682320e-02,3.916297e-01,3.700392e-03,1.804070e-01
3.099447e-02,1.315323e-02,4.848940e-02,5.092209e-03,1.155428e-02,4.164818e-03,2.498310e-03,4.115722e-02,6.197927e-02,1.560518e-02,1.948614e-02,6.086972e-02,2.748592e-01,3.069970e-03,4.070267e-01
2.220454e-02,9.277800e-03,3.405734e-02,3.593772e-03,8.793770e-03,3.123344e-03,1.764426e-03,2.889821e-02,4.638550e-02,1.135997e-02,1.406621e-02,4.262984e-02,1.926043e-01,2.678365e-03,5.785627e-01
1.632319e-02,6.755285e-03,2.435784e-02,2.803274e-03,6.487028e-03,2.870633e-03,1.248824e-03,2.054837e-02,4.604451e-02,8.336508e-03,1.079137e-02,2.988502e-02,1.350929e-01,2.818000e-03,6.856372e-01
1.779017e-02,5.167468e-03,1.880471e-02,2.232421e-03,4.826012e-03,4.283659e-03,9.112773e-04,1.465242e-02,4.377665e-02,6.242439e-03,8.253349e-03,2.097621e-02,9.481005e-02,3.109328e-03,7.541638e-01
2.897350e-02,4.194387e-03,1.350742e-02,1.691469e-03,3.587426e-03,3.227415e-03,6.607685e-04,1.033685e-02,3.329735e-02,4.620853e-03,6.281317e-03,1.469794e-02,6.645416e-02,2.727793e-03,8.057413e-01
4.201913e-02,5.049338e-03,9.632075e-03,1.283103e-03,2.686385e-03,2.679055e-03,4.780012e-04,7.257932e-03,2.391781e-02,3.311231e-03,4.595019e-03,1.029679e-02,4.654860e-02,2.243636e-03,8.380018e-01
6.918337e-02,6.266493e-03,7.233322e-03,1.063981e-03,2.330791e-03,2.999755e-03,4.103800e-04,5.137708e-03,1.789161e-02,2.737427e-03,3.478121e-03,7.228959e-03,3.269573e-02,4.373518e-03,8.369688e-01
5.151887e-02,9.219066e-03,5.401545e-03,1.460631e-03,1.752208e-03,2.637369e-03,2.924240e-04,3.610843e-03,1.563188e-02,2.314806e-03,2.529602e-03,5.134403e-03,2.304799e-02,3.942959e-03,8.715054e-01
7.308551e-02,9.588684e-03,4.718754e-03,1.640027e-03,2.065592e-03,3.110070e-03,2.858669e-04,2.753766e-03,1.835229e-02,3.805797e-03,2.437278e-03,3.785252e-03,1.665889e-02,1.361238e-02,8.440998e-01
8.190782e-02,8.925840e-03,3.638307e-03,1.423810e-03,2.198180e-03,3.236113e-03,2.522113e-04,1.999080e-03,1.497317e-02,3.041588e-03,1.965370e-03,2.702510e-03,1.185357e-02,1.136199e-02,8.505204e-01
7.530741e-02,3.346245e-02,4.850562e-03,6.478007e-03,2.741210e-03,3.975389e-03,2.241496e-04,1.750706e-03,1.495548e-02,3.642474e-03,1.964276e-03,2.200069e-03,8.571341e-03,1.440604e-02,8.254704e-01
6.113000e-02,2.472433e-02,3.595506e-03,4.916716e-03,2.530925e-03,3.405103e-03,1.697445e-04,1.375761e-03,1.388086e-02,3.191993e-03,1.507869e-03,1.618310e-03,6.282993e-03,1.356909e-02,8.581008e-01
4.732267e-02,1.861863e-02,3.380668e-03,4.294501e-03,2.022647e-03,2.648477e-03,1.309000e-04,1.279006e-03,1.633071e-02,5.256421e-03,1.289337e-03,1.369083e-03,4.701406e-03,1.534009e-02,8.760154e-01
3.844801e-02,1.321922e-02,2.745495e-03,3.361258e-03,1.617837e-03,2.211962e-03,1.036920e-04,1.298295e-03,1.641816e-02,9.480931e-03,1.226065e-03,1.189069e-03,3.451740e-03,3.635445e-02,8.688738e-01
3.133801e-02,9.585631e-03,2.371010e-03,2.762595e-03,1.243873e-03,2.043373e-03,1.168183e-04,1.487561e-03,1.511378e-02,1.342113e-02,1.686877e-03,1.000257e-03,2.515742e-03,8.580354e-02,8.295099e-01
2.744720e-02,6.874958e-03,2.045981e-03,2.156690e-03,1.129015e-03,1.754500e-03,1.366371e-04,1.769478e-03,3.987453e-02,5.200782e-02,4.602578e-03,2.510876e-03,4.307708e-03,1.008414e-01,7.525407e-01
3.094357e-02,5.135012e-03,2.624119e-03,2.003478e-03,1.357548e-03,1.499388e-03,1.645305e-04,2.250147e-03,6.031936e-02,1.429151e-01,6.096892e-03,3.884825e-03,8.619979e-03,1.217286e-01,6.104575e-01
4.493196e-02,4.118214e-03,3.485551e-03,1.638541e-03,1.310789e-03,2.159864e-03,1.784733e-04,2.050534e-03,6.212852e-02,1.821244e-01,1.833608e-02,5.094910e-03,2.414320e-02,9.627598e-02,5.520230e-01
6.016418e-02,4.552159e-03,6.134450e-03,2.346529e-03,3.996061e-03,4.194959e-03,6.687298e-04,3.207591e-03,6.064764e-02,1.688780e-01,3.223963e-02,5.385291e-03,5.728553e-02,7.289493e-02,5.174043e-01
5.485078e-02,4.577886e-03,5.085343e-03,6.965390e-03,8.552747e-02,3.778589e-03,7.756695e-04,3.091293e-03,5.191837e-02,1.403103e-01,2.813688e-02,4.064805e-03,5.105364e-02,5.151687e-02,5.083467e-01
6.114601e-02,6.581143e-03,5.866227e-03,5.138331e-02,1.458054e-01,1.112170e-02,3.478524e-03,9.162869e-03,1.340738e-01,1.027589e-01,2.392449e-02,5.454767e-03,4.393896e-02,3.645767e-02,3.588462e-01
7.332180e-02,7.899862e-03,4.367142e-03,3.988369e-02,1.409898e-01,2.108848e-02,4.228664e-03,8.475991e-03,2.865872e-01,7.492786e-02,1.911532e-02,5.710275e-03,3.371953e-02,2.576754e-02,2.539169e-01
7.809070e-02,1.137738e-02,3.585975e-03,3.754589e-02,1.163207e-01,3.434546e-02,5.126447e-03,1.159390e-02,3.996928e-01,5.391159e-02,1.442400e-02,6.498718e-03,2.877669e-02,1.816086e-02,1.805489e-01
6.340761e-02,2.059882e-02,2.789799e-03,4.437434e-02,1.009093e-01,5.224970e-02,4.385364e-03,1.039164e-02,4.799342e-01,3.915645e-02,1.207316e-02,5.968257e-03,2.248040e-02,1.278937e-02,1.284917e-01
5.250822e-02,1.740217e-02,2.335936e-03,4.142100e-02,1.229643e-01,4.962953e-02,8.177623e-03,3.727489e-02,5.095692e-01,2.779515e-02,9.551214e-03,4.751461e-03,1.741543e-02,9.015664e-03,9.018828e-02
7.048435e-02,2.638731e-02,3.751185e-03,4.971918e-02,9.922979e-02,1.377185e-01,9.304455e-03,2.945927e-02,4.045319e-01,2.111294e-02,7.876436e-03,2.082256e-02,3.224482e-02,7.294654e-03,8.006263e-02
7.775348e-02,3.499445e-02,5.587200e-03,5.033436e-02,7.954478e-02,1.870321e-01,8.994448e-03,2.240842e-02,3.430636e-01,1.710804e-02,8.969054e-03,2.359309e-02,5.878237e-02,5.940399e-03,7.589424e-02
6.491031e-02,6.990522e-02,1.652714e-02,1.660521e-01,6.386203e-02,1.336561e-01,7.350527e-03,1.693777e-02,2.923822e-01,1.399193e-02,8.538611e-03,1.936211e-02,4.761691e-02,4.531183e-03,7.437583e-02
5.484101e-02,6.687632e-02,1.625759e-02,1.239319e-01,5.032266e-02,9.910589e-02,7.798357e-03,1.504230e-02,2.391270e-01,1.516956e-02,1.449525e-02,1.619882e-02,1.054495e-01,7.885042e-03,1.674987e-01
4.125800e-02,6.152302e-02,1.289064e-02,9.053422e-02,3.940689e-02,7.587498e-02,1.030446e-02,1.193848e-02,1.800668e-01,1.168175e-02,1.166024e-02,1.263378e-02,2.945354e-01,6.862722e-03,1.388286e-01
3.268734e-02,4.657628e-02,1.063363e-02,6.448145e-02,2.892636e-02,5.419298e-02,1.106798e-02,8.476437e-03,1.374642e-01,9.662078e-03,9.013357e-03,1.024785e-02,4.046636e-01,5.376637e-03,1.665298e-01
2.580459e-02,3.385410e-02,9.221532e-03,4.661664e-02,2.189226e-02,3.949602e-02,1.142467e-02,6.372093e-03,1.004970e-01,1.037089e-02,8.823439e-03,1.152002e-02,5.100028e-01,7.373868e-03,1.567301e-01
2.112347e-02,2.490807e-02,1.023849e-02,3.335233e-02,1.571807e-02,2.837077e-02,9.226507e-03,4.588049e-03,7.506166e-02,6.152890e-02,9.497264e-03,2.273466e-02,5.500085e-01,7.335004e-03,1.263082e-01
2.116452e-02,1.767686e-02,7.308053e-03,2.352936e-02,1.123981e-02,2.126468e-02,7.374544e-03,3.236789e-03,5.681947e-02,1.181498e-01,2.557332e-02,4.056538e-02,4.184527e-01,1.000386e-02,2.176408e-01
1.767898e-02,1.256247e-02,5.438642e-03,1.702647e-02,8.262226e-03,1.586301e-02,5.920632e-03,2.468845e-03,4.295806e-02,1.536679e-01,4.329683e-02,5.081291e-02,3.232783e-01,1.059912e-02,2.901656e-01
1.701912e-02,9.191481e-03,3.997484e-03,1.276051e-02,6.269275e-03,1.172699e-02,4.398850e-03,1.771584e-03,3.593367e-02,1.484528e-01,5.010409e-02,7.178997e-02,2.406924e-01,1.653749e-02,3.693542e-01
1.442782e-02,7.093208e-03,2.947489e-03,9.602865e-03,4.786948e-03,8.590197e-03,3.289142e-03,1.253366e-03,3.182701e-02,1.558358e-01,6.074093e-02,9.031200e-02,1.961506e-01,2.108269e-02,3.920599e-01
1.225422e-02,9.628171e-03,4.481834e-03,7.222101e-03,3.906392e-03,6.320561e-03,2.362641e-03,9.441660e-04,3.711317e-02,1.365709e-01,6.874868e-02,1.314210e-01,1.953610e-01,2.173115e-02,3.619339e-01
9.192147e-03,9.330748e-03,4.038468e-03,5.183117e-03,3.399727e-03,4.614623e-03,1.837782e-03,7.742442e-04,5.160356e-02,1.222732e-01,5.415509e-02,2.638521e-01,1.499182e-01,1.711543e-02,3.027116e-01
6.809774e-03,1.068484e-02,7.375123e-03,3.731063e-03,4.776871e-03,3.607566e-03,1.451091e-03,7.583817e-04,5.929776e-02,1.082463e-01,4.767548e-02,3.760951e-01,1.277484e-01,1.371961e-02,2.280226e-01
5.882295e-03,2.429640e-02,2.762932e-02,2.792921e-03,9.382087e-03,3.401234e-03,2.275962e-03,2.540445e-03,1.143031e-01,8.945072e-02,4.111487e-02,3.777479e-01,1.103313e-01,1.316424e-02,1.756873e-01
4.543757e-03,2.022430e-02,2.439866e-02,2.049213e-03,1.025363e-02,3.096140e-03,3.387849e-03,3.442222e-03,1.383409e-01,1.166157e-01,3.272860e-02,4.178134e-01,8.426949e-02,1.076046e-02,1.280757e-01
3.856465e-03,1.882608e-02,3.052714e-02,1.628668e-03,1.123796e-02,2.597141e-03,2.803615e-03,1.704087e-02,2.672849e-01,9.635109e-02,3.094195e-02,3.516807e-01,6.649730e-02,8.001696e-03,9.072438e-02
4.060475e-03,1.424118e-02,2.888371e-02,1.344593e-03,2.184442e-02,4.496021e-03,3.067827e-03,5.837322e-02,3.909750e-01,7.344498e-02,2.447289e-02,2.572352e-01,4.791961e-02,5.771744e-03,6.386910e-02
3.157447e-03,1.062948e-02,2.066541e-02,9.948065e-04,1.824819e-02,3.321995e-03,2.424009e-03,4.867624e-02,5.572748e-01,5.238877e-02,1.736392e-02,1.822117e-01,3.381050e-02,4.054760e-03,4.477802e-02
2.637938e-03,7.947068e-03,1.469389e-02,5.659390e-03,1.575959e-02,5.494257e-03,1.765410e-03,3.457433e-02,6.744602e-01,3.738566e-02,1.238382e-02,1.288141e-01,2.409138e-02,2.844879e-03,3.148805e-02
2.145705e-03,6.245151e-03,1.037284e-02,5.499980e-03,1.600695e-02,5.406166e-03,1.371285e-03,2.434116e-02,7.600526e-01,2.679450e-02,8.976121e-03,9.094153e-02,1.775170e-02,1.995184e-03,2.209911e-02
3.456599e-03,6.485250e-03,8.275350e-03,7.452334e-02,2.797458e-02,7.163856e-03,1.155808e-03,1.961333e-02,7.269418e-01,2.116303e-02,6.639247e-03,6.434926e-02,1.353529e-02,1.416512e-03,1.730679e-02
8.511873e-03,7.874517e-03,1.080443e-02,1.531507e-01,3.758269e-02,9.301092e-03,1.028852e-03,1.956713e-02,6.502959e-01,2.032636e-02,6.766602e-03,4.682212e-02,1.184302e-02,1.048855e-03,1.507589e-02
1.694255e-02,6.583437e-03,8.852135e-03,1.113861e-01,8.207159e-02,8.125200e-03,2.027522e-03,1.843242e-02,6.705450e-01,1.487068e-02,5.869371e-03,3.315489e-02,8.980841e-03,7.552973e-04,1.140291e-02
2.047693e-02,1.084032e-02,2.049183e-02,1.996364e-01,9.176858e-02,7.882592e-03,1.881735e-03,1.994862e-02,5.570589e-01,1.449848e-02,8.066431e-03,2.428562e-02,7.509778e-03,6.351931e-04,1.501848e-02
3.128687e-02,9.155516e-03,1.670912e-02,1.516080e-01,1.429892e-01,1.049709e-02,2.290036e-03,2.678943e-02,5.546803e-01,1.122713e-02,6.780153e-03,1.737196e-02,5.586230e-03,5.959912e-04,1.243281e-02
4.792529e-02,1.021775e-02,2.052663e-02,2.024305e-01,1.559623e-01,9.384858e-03,2.809034e-03,4.502290e-02,4.620622e-01,9.058233e-03,5.707779e-03,1.290901e-02,4.247478e-03,5.018431e-04,1.123416e-02
5.908636e-02,1.102671e-02,2.505018e-02,2.399271e-01,1.935070e-01,1.046648e-02,4.832259e-03,5.407657e-02,3.689214e-01,6.660121e-03,4.385740e-03,9.463535e-03,3.231239e-03,4.121392e-04,8.953165e-03
8.755904e-02,1.426338e-02,2.114415e-02,2.118671e-01,2.451553e-01,1.193900e-02,5.873653e-03,4.752631e-02,3.220943e-01,5.434114e-03,4.510374e-03,7.512997e-03,3.002748e-03,6.827892e-04,1.143473e-02
1.212078e-01,2.752342e-02,1.696231e-02,1.727871e-01,2.039822e-01,1.911801e-02,1.005455e-02,4.210232e-02,3.436874e-01,4.885623e-03,8.875880e-03,1.064450e-02,3.525568e-03,1.344333e-03,1.329896e-02
1.818523e-01,3.728322e-02,1.387714e-02,1.359945e-01,1.609670e-01,3.400782e-02,1.074793e-02,3.208748e-02,3.291699e-01,6.285058e-03,1.370437e-02,1.325113e-02,4.995344e-03,3.687328e-03,2.208951e-02
1.297094e-01,5.281032e-02,1.365005e-02,1.044502e-01,1.151426e-01,7.545060e-02,7.783911e-03,2.266020e-02,2.516916e-01,7.175320e-02,2.349888e-02,1.186006e-02,5.316131e-03,1.030187e-02,1.039210e-01
9.212352e-02,4.044473e-02,1.006072e-02,8.530138e-02,8.153930e-02,1.255726e-01,6.099697e-03,1.612201e-02,2.528963e-01,8.751322e-02,2.555673e-02,8.629478e-03,7.644850e-03,8.828590e-03,1.516668e-01
6.659768e-02,2.940529e-02,7.208482e-03,6.100491e-02,5.867426e-02,9.366389e-02,4.621712e-03,1.144567e-02,2.019288e-01,6.949168e-02,4.391762e-02,6.198903e-03,1.076505e-02,8.995580e-03,3.260805e-01
4.782075e-02,2.609363e-02,5.789727e-03,5.246856e-02,4.173175e-02,6.886236e-02,3.374794e-03,8.191214e-03,3.981979e-01,5.243327e-02,3.485397e-02,4.523912e-03,8.464404e-03,7.581750e-03,2.396120e-01
4.375381e-02,2.217660e-02,4.822381e-03,3.890669e-02,3.344879e-02,4.972045e-02,2.651397e-03,6.068339e-03,3.437428e-01,4.492019e-02,5.844381e-02,4.196417e-03,1.002532e-02,5.227003e-02,2.848530e-01
5.545355e-02,1.856608e-02,3.798300e-03,2.756576e-02,2.519515e-02,3.663841e-02,1.983955e-03,4.340091e-03,2.808023e-01,3.541585e-02,5.191015e-02,3.517845e-03,8.250953e-03,1.611342e-01,2.854274e-01
5.572928e-02,1.562862e-02,3.029412e-03,2.011365e-02,1.931647e-02,3.756027e-02,1.717789e-03,3.149964e-03,2.555680e-01,2.703603e-02,3.849829e-02,2.906992e-03,8.911009e-03,1.716283e-01,3.392059e-01
5.930223e-02,1.721849e-02,2.996008e-03,1.471142e-02,1.630140e-02,3.267123e-02,1.656914e-03,2.283040e-03,2.371648e-01,2.086115e-02,2.849904e-02,2.223050e-03,7.859201e-03,2.065186e-01,3.497335e-01
4.519184e-02,2.575789e-02,4.333112e-03,1.095329e-02,1.197040e-02,2.564545e-02,1.218060e-03,1.627309e-03,2.753891e-01,1.866957e-02,2.059076e-02,1.937485e-03,6.346714e-03,1.826670e-01,3.677021e-01
3.464097e-02,2.166974e-02,3.221955e-03,7.778155e-03,9.360867e-03,1.898349e-02,9.367645e-04,1.163781e-03,2.376392e-01,1.793236e-02,1.474242e-02,1.392141e-03,4.693164e-03,2.383099e-01,3.875351e-01
