1.000000e+00,0.000000e+00,0.000000e+00,0.000000e+00,0.000000e+00,0.000000e+00,0.000000e+00,0.000000e+00,0.000000e+00,0.000000e+00,0.000000e+00,0.000000e+00,0.000000e+00,0.000000e+00,0.000000e+00
1.000000e+00,0.000000e+00,0.000000e+00,0.000000e+00,0.000000e+00,0.000000e+00,0.000000e+00,0.000000e+00,0.000000e+00,0.000000e+00,0.000000e+00,0.000000e+00,0.000000e+00,0.000000e+00,0.000000e+00
1.000000e+00,0.000000e+00,0.000000e+00,0.000000e+00,0.000000e+00,0.000000e+00,0.000000e+00,0.000000e+00,0.000000e+00,0.000000e+00,0.000000e+00,0.000000e+00,0.000000e+00,0.000000e+00,0.000000e+00
1.000000e+00,0.000000e+00,0.000000e+00,0.000000e+00,0.000000e+00,0.000000e+00,0.000000e+00,0.000000e+00,0.000000e+00,0.000000e+00,0.000000e+00,0.000000e+00,0.000000e+00,0.000000e+00,0.000000e+00
1.000000e+00,0.000000e+00,0.000000e+00,0.000000e+00,0.000000e+00,0.000000e+00,0.000000e+00,0.000000e+00,0.000000e+00,0.000000e+00,0.000000e+00,0.000000e+00,0.000000e+00,0.000000e+00,0.000000e+00
1.000000e+00,0.000000e+00,0.000000e+00,0.000000e+00,0.000000e+00,0.000000e+00,0.000000e+00,0.000000e+00,0.000000e+00,0.000000e+00,0.000000e+00,0.000000e+00,0.000000e+00,0.000000e+00,0.000000e+00
1.000000e+00,0.000000e+00,0.000000e+00,0.000000e+00,0.000000e+00,0.000000e+00,0.000000e+00,0.000000e+00,0.000000e+00,0.000000e+00,0.000000e+00,0.000000e+00,0.000000e+00,0.000000e+00,0.000000e+00
1.000000e+00,0.000000e+00,0.000000e+00,0.000000e+00,0.000000e+00,0.000000e+00,0.000000e+00,0.000000e+00,0.000000e+00,0.000000e+00,0.000000e+00,0.000000e+00,0.000000e+00,0.000000e+00,0.000000e+00
1.000000e+00,0.000000e+00,0.000000e+00,0.000000e+00,0.000000e+00,0.000000e+00,0.000000e+00,0.000000e+00,0.000000e+00,0.000000e+00,0.000000e+00,0.000000e+00,0.000000e+00,0.000000e+00,0.000000e+00
1.000000e+00,0.000000e+00,0.000000e+00,0.000000e+00,0.000000e+00,0.000000e+00,0.000000e+00,0.000000e+00,0.000000e+00,0.000000e+00,0.000000e+00,0.000000e+00,0.000000e+00,0.000000e+00,0.000000e+00
1.000000e+00,0.000000e+00,0.000000e+00,0.000000e+00,0.000000e+00,0.000000e+00,0.000000e+00,0.000000e+00,0.000000e+00,0.000000e+00,0.000000e+00,0.000000e+00,0.000000e+00,0.000000e+00,0.000000e+00
1.000000e+00,0.000000e+00,0.000000e+00,0.000000e+00,0.000000e+00,0.000000e+00,0.000000e+00,0.000000e+00,0.000000e+00,0.000000e+00,0.000000e+00,0.000000e+00,0.000000e+00,0.000000e+00,0.000000e+00
1.000000e+00,0.000000e+00,0.000000e+00,0.000000e+00,0.000000e+00,0.000000e+00,0.000000e+00,0.000000e+00,0.000000e+00,0.000000e+00,0.000000e+00,0.000000e+00,0.000000e+00,0.000000e+00,0.000000e+00
1.000000e+00,0.000000e+00,0.000000e+00,0.000000e+00,0.000000e+00,0.000000e+00,0.000000e+00,0.000000e+00,0.000000e+00,0.000000e+00,0.000000e+00,0.000000e+00,0.000000e+00,0.000000e+00,0.000000e+00
1.000000e+00,0.000000e+00,0.000000e+00,0.000000e+00,0.000000e+00,0.000000e+00,0.000000e+00,0.000000e+00,0.000000e+00,0.000000e+00,0.000000e+00,0.000000e+00,0.000000e+00,0.000000e+00,0.000000e+00
1.000000e+00,0.000000e+00,0.000000e+00,0.000000e+00,0.000000e+00,0.000000e+00,0.000000e+00,0.000000e+00,0.000000e+00,0.000000e+00,0.000000e+00,0.000000e+00,0.000000e+00,0.000000e+00,0.000000e+00
1.000000e+00,0.000000e+00,0.000000e+00,0.000000e+00,0.000000e+00,0.000000e+00,0.000000e+00,0.000000e+00,0.000000e+00,0.000000e+00,0.000000e+00,0.000000e+00,0.000000e+00,0.000000e+00,0.000000e+00
1.000000e+00,0.000000e+00,0.000000e+00,0.000000e+00,0.000000e+00,0.000000e+00,0.000000e+00,0.000000e+00,0.000000e+00,0.000000e+00,0.000000e+00,0.000000e+00,0.000000e+00,0.000000e+00,0.000000e+00
1.000000e+00,0.000000e+00,0.000000e+00,0.000000e+00,0.000000e+00,0.000000e+00,0.000000e+00,0.000000e+00,0.000000e+00,0.000000e+00,0.000000e+00,0.000000e+00,0.000000e+00,0.000000e+00,0.000000e+00
1.000000e+00,0.000000e+00,0.000000e+00,0.000000e+00,0.000000e+00,0.000000e+00,0.000000e+00,0.000000e+00,0.000000e+00,0.000000e+00,0.000000e+00,0.000000e+00,0.000000e+00,0.000000e+00,0.000000e+00
1.000000e+00,0.000000e+00,0.000000e+00,0.000000e+00,0.000000e+00,0.000000e+00,0.000000e+00,0.000000e+00,0.000000e+00,0.000000e+00,0.000000e+00,0.000000e+00,0.000000e+00,0.000000e+00,0.000000e+00
1.000000e+00,0.000000e+00,0.000000e+00,0.000000e+00,0.000000e+00,0.000000e+00,0.000000e+00,0.000000e+00,0.000000e+00,0.000000e+00,0.000000e+00,0.000000e+00,0.000000e+00,0.000000e+00,0.000000e+00
1.000000e+00,0.000000e+00,0.000000e+00,0.000000e+00,0.000000e+00,0.000000e+00,0.000000e+00,0.000000e+00,0.000000e+00,0.000000e+00,0.000000e+00,0.000000e+00,0.000000e+00,0.000000e+00,0.000000e+00
1.000000e+00,0.000000e+00,0.000000e+00,0.000000e+00,0.000000e+00,0.000000e+00,0.000000e+00,0.000000e+00,0.000000e+00,0.000000e+00,0.000000e+00,0.000000e+00,0.000000e+00,0.000000e+00,0.000000e+00
1.000000e+00,0.000000e+00,0.000000e+00,0.000000e+00,0.000000e+00,0.000000e+00,0.000000e+00,0.000000e+00,0.000000e+00,0.000000e+00,0.000000e+00,0.000000e+00,0.000000e+00,0.000000e+00,0.000000e+00
1.000000e+00,0.000000e+00,0.000000e+00,0.000000e+00,0.000000e+00,0.000000e+00,0.000000e+00,0.000000e+00,0.000000e+00,0.000000e+00,0.000000e+00,0.000000e+00,0.000000e+00,0.000000e+00,0.000000e+00
1.000000e+00,0.000000e+00,0.000000e+00,0.000000e+00,0.000000e+00,0.000000e+00,0.000000e+00,0.000000e+00,0.000000e+00,0.000000e+00,0.000000e+00,0.000000e+00,0.000000e+00,0.000000e+00,0.000000e+00
1.000000e+00,0.000000e+00,0.000000e+00,0.000000e+00,0.000000e+00,0.000000e+00,0.000000e+00,0.000000e+00,0.000000e+00,0.000000e+00,0.000000e+00,0.000000e+00,0.000000e+00,0.000000e+00,0.000000e+00
1.000000e+00,0.000000e+00,0.000000e+00,0.000000e+00,0.000000e+00,0.000000e+00,0.000000e+00,0.000000e+00,0.000000e+00,0.000000e+00,0.000000e+00,0.000000e+00,0.000000e+00,0.000000e+00,0.000000e+00
1.000000e+00,0.000000e+00,0.000000e+00,0.000000e+00,0.000000e+00,0.000000e+00,0.000000e+00,0.000000e+00,0.000000e+00,0.000000e+00,0.000000e+00,0.000000e+00,0.000000e+00,0.000000e+00,0.000000e+00
1.000000e+00,0.000000e+00,0.000000e+00,0.000000e+00,0.000000e+00,0.000000e+00,0.000000e+00,0.000000e+00,0.000000e+00,0.000000e+00,0.000000e+00,0.000000e+00,0.000000e+00,0.000000e+00,0.000000e+00
1.000000e+00,0.000000e+00,0.000000e+00,0.000000e+00,0.000000e+00,0.000000e+00,0.000000e+00,0.000000e+00,0.000000e+00,0.000000e+00,0.000000e+00,0.000000e+00,0.000000e+00,0.000000e+00,0.000000e+00
1.000000e+00,0.000000e+00,0.000000e+00,0.000000e+00,0.000000e+00,0.000000e+00,0.000000e+00,0.000000e+00,0.000000e+00,0.000000e+00,0.000000e+00,0.000000e+00,0.000000e+00,0.000000e+00,0.000000e+00
1.000000e+00,0.000000e+00,0.000000e+00,0.000000e+00,0.000000e+00,0.000000e+00,0.000000e+00,0.000000e+00,0.000000e+00,0.000000e+00,0.000000e+00,0.000000e+00,0.000000e+00,0.000000e+00,0.000000e+00
1.000000e+00,0.000000e+00,0.000000e+00,0.000000e+00,0.000000e+00,0.000000e+00,0.000000e+00,0.000000e+00,0.000000e+00,0.000000e+00,0.000000e+00,0.000000e+00,0.000000e+00,0.000000e+00,0.000000e+00
1.000000e+00,0.000000e+00,0.000000e+00,0.000000e+00,0.000000e+00,0.000000e+00,0.000000e+00,0.000000e+00,0.000000e+00,0.000000e+00,0.000000e+00,0.000000e+00,0.000000e+00,0.000000e+00,0.000000e+00
1.000000e+00,0.000000e+00,0.000000e+00,0.000000e+00,0.000000e+00,0.000000e+00,0.000000e+00,0.000000e+00,0.000000e+00,0.000000e+00,0.000000e+00,0.000000e+00,0.000000e+00,0.000000e+00,0.000000e+00
1.000000e+00,0.000000e+00,0.000000e+00,0.000000e+00,0.000000e+00,0.000000e+00,0.000000e+00,0.000000e+00,0.000000e+00,0.000000e+00,0.000000e+00,0.000000e+00,0.000000e+00,0.000000e+00,0.000000e+00
1.000000e+00,0.000000e+00,0.000000e+00,0.000000e+00,0.000000e+00,0.000000e+00,0.000000e+00,0.000000e+00,0.000000e+00,0.000000e+00,0.000000e+00,0.000000e+00,0.000000e+00,0.000000e+00,0.000000e+00
1.000000e+00,0.000000e+00,0.000000e+00,0.000000e+00,0.000000e+00,0.000000e+00,0.000000e+00,0.000000e+00,0.000000e+00,0.000000e+00,0.000000e+00,0.000000e+00,0.000000e+00,0.000000e+00,0.000000e+00
1.000000e+00,0.000000e+00,0.000000e+00,0.000000e+00,0.000000e+00,0.000000e+00,0.000000e+00,0.000000e+00,0.000000e+00,0.000000e+00,0.000000e+00,0.000000e+00,0.000000e+00,0.000000e+00,0.000000e+00
1.000000e+00,0.000000e+00,0.000000e+00,0.000000e+00,0.000000e+00,0.000000e+00,0.000000e+00,0.000000e+00,0.000000e+00,0.000000e+00,0.000000e+00,0.000000e+00,0.000000e+00,0.000000e+00,0.000000e+00
1.000000e+00,0.000000e+00,0.000000e+00,0.000000e+00,0.000000e+00,0.000000e+00,0.000000e+00,0.000000e+00,0.000000e+00,0.000000e+00,0.000000e+00,0.000000e+00,0.000000e+00,0.000000e+00,0.000000e+00
1.000000e+00,0.000000e+00,0.000000e+00,0.000000e+00,0.000000e+00,0.000000e+00,0.000000e+00,0.000000e+00,0.000000e+00,0.000000e+00,0.000000e+00,0.000000e+00,0.000000e+00,0.000000e+00,0.000000e+00
1.000000e+00,0.000000e+00,0.000000e+00,0.000000e+00,0.000000e+00,0.000000e+00,0.000000e+00,0.000000e+00,0.000000e+00,0.000000e+00,0.000000e+00,0.000000e+00,0.000000e+00,0.000000e+00,0.000000e+00
1.000000e+00,0.000000e+00,0.000000e+00,0.000000e+00,0.000000e+00,0.000000e+00,0.000000e+00,0.000000e+00,0.000000e+00,0.000000e+00,0.000000e+00,0.000000e+00,0.000000e+00,0.000000e+00,0.000000e+00
1.000000e+00,0.000000e+00,0.000000e+00,0.000000e+00,0.000000e+00,0.000000e+00,0.000000e+00,0.000000e+00,0.000000e+00,0.000000e+00,0.000000e+00,0.000000e+00,0.000000e+00,0.000000e+00,0.000000e+00
1.000000e+00,0.000000e+00,0.000000e+00,0.000000e+00,0.000000e+00,0.000000e+00,0.000000e+00,0.000000e+00,0.000000e+00,0.000000e+00,0.000000e+00,0.000000e+00,0.000000e+00,0.000000e+00,0.000000e+00
1.000000e+00,0.000000e+00,0.000000e+00,0.000000e+00,0.000000e+00,0.000000e+00,0.000000e+00,0.000000e+00,0.000000e+00,0.000000e+00,0.000000e+00,0.000000e+00,0.000000e+00,0.000000e+00,0.000000e+00
1.000000e+00,0.000000e+00,0.000000e+00,0.000000e+00,0.000000e+00,0.000000e+00,0.000000e+00,0.000000e+00,0.000000e+00,0.000000e+00,0.000000e+00,0.000000e+00,0.000000e+00,0.000000e+00,0.000000e+00
1.000000e+00,0.000000e+00,0.000000e+00,0.000000e+00,0.000000e+00,0.000000e+00,0.000000e+00,0.000000e+00,0.000000e+00,0.000000e+00,0.000000e+00,0.000000e+00,0.000000e+00,0.000000e+00,0.000000e+00
1.000000e+00,0.000000e+00,0.000000e+00,0.000000e+00,0.000000e+00,0.000000e+00,0.000000e+00,0.000000e+00,0.000000e+00,0.000000e+00,0.000000e+00,0.000000e+00,0.000000e+00,0.000000e+00,0.000000e+00
1.000000e+00,0.000000e+00,0.000000e+00,0.000000e+00,0.000000e+00,0.000000e+00,0.000000e+00,0.000000e+00,0.000000e+00,0.000000e+00,0.000000e+00,0.000000e+00,0.000000e+00,0.000000e+00,0.000000e+00
4.774052e-01,2.352614e-02,6.240512e-02,1.773917e-02,6.109649e-02,1.616157e-01,3.350864e-02,9.009789e-03,1.765107e-02,1.756723e-02,1.439493e-02,2.986447e-02,2.685034e-02,9.035379e-03,3.833030e-02
4.704044e-01,2.658082e-02,6.032322e-02,1.646391e-02,6.294208e-02,1.447111e-01,2.723069e-02,8.324147e-03,2.225341e-02,2.251194e-02,1.521843e-02,2.280225e-02,2.398832e-02,1.587645e-02,6.036881e-02
4.726447e-01,2.581965e-02,8.582125e-02,1.417904e-02,5.519049e-02,1.230032e-01,2.205735e-02,9.089480e-03,1.989223e-02,2.056685e-02,1.439744e-02,1.829780e-02,2.101712e-02,3.175753e-02,6.626580e-02
1.000000e+00,0.000000e+00,0.000000e+00,0.000000e+00,0.000000e+00,0.000000e+00,0.000000e+00,0.000000e+00,0.000000e+00,0.000000e+00,0.000000e+00,0.000000e+00,0.000000e+00,0.000000e+00,0.000000e+00
4.757430e-01,2.031387e-02,1.543044e-01,1.337171e-02,3.657656e-02,8.657067e-02,1.261435e-02,9.931194e-03,1.603360e-02,2.048259e-02,1.294069e-02,1.257083e-02,1.461772e-02,4.379265e-02,7.013623e-02
4.497204e-01,1.856962e-02,1.456689e-01,1.264656e-02,2.833777e-02,7.620332e-02,9.291206e-03,8.365098e-03,2.071746e-02,2.124316e-02,2.037791e-02,1.007940e-02,1.228964e-02,5.908674e-02,1.074028e-01
4.914918e-01,1.525953e-02,1.133259e-01,1.119205e-02,2.184082e-02,6.768134e-02,6.948373e-03,6.962071e-03,2.105146e-02,2.217147e-02,2.360977e-02,9.342784e-03,1.178454e-02,6.966811e-02,1.076701e-01
3.479370e-01,2.101075e-02,8.546556e-02,1.819217e-02,1.570969e-02,5.417220e-02,5.015073e-03,4.986653e-03,3.280460e-02,3.264368e-02,2.598659e-02,1.023208e-02,1.024594e-02,1.307444e-01,2.048536e-01
2.437329e-01,1.974054e-02,6.290733e-02,1.294194e-02,1.102442e-02,3.904214e-02,3.514696e-03,3.497614e-03,2.883101e-02,2.453987e-02,2.239161e-02,7.299352e-03,7.252251e-03,1.983662e-01,3.149181e-01
1.717401e-01,1.591833e-02,4.450220e-02,9.271102e-03,7.938376e-03,3.015928e-02,2.487767e-03,2.512710e-03,3.189724e-02,1.981598e-02,4.475901e-02,6.653244e-03,5.889990e-03,2.350000e-01,3.714546e-01
1.209253e-01,1.301250e-02,3.134721e-02,6.571108e-03,6.051138e-03,2.724581e-02,1.758632e-03,1.808004e-03,3.699583e-02,1.675403e-02,5.306327e-02,5.374595e-03,6.267782e-03,3.949131e-01,2.779117e-01
8.505814e-02,9.522502e-03,2.198312e-02,4.697694e-03,4.380415e-03,1.966943e-02,1.249998e-03,1.296107e-03,4.199024e-02,1.290805e-02,4.921845e-02,4.293685e-03,5.186535e-03,5.331880e-01,2.053577e-01
5.977408e-02,7.189250e-03,1.549907e-02,3.305560e-03,3.822317e-03,1.387923e-02,8.858212e-04,9.203978e-04,5.956940e-02,9.743543e-03,3.599796e-02,3.089332e-03,3.737002e-03,6.339991e-01,1.485879e-01
4.220195e-02,5.426349e-03,1.096605e-02,2.340200e-03,2.884162e-03,1.004657e-02,6.591076e-04,6.685865e-04,1.243541e-01,7.388249e-03,2.631463e-02,2.239407e-03,2.707487e-03,6.551700e-01,1.066331e-01
3.012679e-02,2.327642e-02,8.563505e-03,1.713539e-03,2.391398e-03,7.732674e-03,6.610296e-04,5.360214e-04,1.800237e-01,6.025588e-03,1.877089e-02,1.615216e-03,1.976566e-03,6.400869e-01,7.649973e-02
2.206946e-02,3.188572e-02,6.530500e-03,1.357449e-03,2.191570e-03,7.047534e-03,6.226263e-04,4.349159e-04,2.812854e-01,4.870679e-03,1.351857e-02,1.223606e-03,1.598947e-03,5.705625e-01,5.480058e-02
1.672101e-02,1.073943e-01,1.011351e-02,1.114983e-03,2.948269e-03,1.000214e-02,1.021034e-03,9.849662e-04,2.792159e-01,6.401184e-03,1.154354e-02,8.953071e-04,1.348437e-03,5.084743e-01,4.182110e-02
1.277687e-02,9.969838e-02,9.804516e-03,9.550346e-04,2.634827e-03,8.745970e-03,7.604797e-04,1.301409e-03,3.237236e-01,6.664118e-03,1.183158e-02,8.647187e-04,1.946373e-03,4.771122e-01,4.117990e-02
9.965223e-03,2.340314e-01,1.175675e-02,1.330239e-03,8.055501e-03,6.588193e-03,7.503029e-04,4.196219e-03,3.129413e-01,6.261729e-03,1.105145e-02,7.406336e-04,2.141312e-03,3.578129e-01,3.237693e-02
8.474903e-03,2.316076e-01,8.863354e-03,1.230353e-03,6.046673e-03,4.964985e-03,5.548961e-04,3.035373e-03,3.164327e-01,6.367401e-03,1.216015e-02,1.057547e-03,3.346056e-03,2.739428e-01,1.219152e-01
7.696894e-03,1.867130e-01,6.701763e-03,1.177163e-03,5.113095e-03,3.808615e-03,4.273721e-04,2.175500e-03,3.579700e-01,7.936133e-03,1.709678e-02,1.881735e-03,3.831815e-03,2.702158e-01,1.272544e-01
8.235593e-03,1.893683e-01,8.882693e-03,1.593183e-03,6.042989e-03,5.023922e-03,3.428773e-04,1.985898e-03,3.412480e-01,1.282254e-02,3.079360e-02,3.124314e-03,8.530276e-03,2.271013e-01,1.549046e-01
6.485344e-03,2.256996e-01,3.594796e-02,1.721943e-02,7.218937e-03,3.797226e-03,2.783488e-04,1.940643e-03,3.474282e-01,1.547139e-02,2.493936e-02,2.405294e-03,6.611337e-03,1.664997e-01,1.380572e-01
5.932134e-03,2.861160e-01,3.731881e-02,2.119878e-02,6.967941e-03,3.420260e-03,2.684990e-04,2.025805e-03,3.302312e-01,1.781208e-02,2.613975e-02,2.279634e-03,6.231087e-03,1.345040e-01,1.195540e-01
5.246129e-03,2.292660e-01,4.365971e-02,1.731093e-02,6.359929e-03,4.092387e-03,2.299652e-04,1.621351e-03,3.267320e-01,3.952023e-02,3.013128e-02,1.981639e-03,5.534518e-03,1.202135e-01,1.681004e-01
4.478083e-03,2.141247e-01,4.201822e-02,1.361088e-02,5.190773e-03,4.757009e-03,2.266936e-04,1.375852e-03,3.204008e-01,5.313642e-02,3.152300e-02,3.201827e-03,7.930672e-03,1.296963e-01,1.683287e-01
4.614937e-03,1.818374e-01,3.744268e-02,1.682211e-02,4.190487e-03,4.646733e-03,2.886854e-04,1.271932e-03,3.461729e-01,7.208826e-02,3.770218e-02,4.621915e-03,1.054871e-02,1.376640e-01,1.400871e-01
5.127914e-03,1.513495e-01,3.970286e-02,6.712843e-02,4.040685e-03,4.293776e-03,3.727938e-04,1.597723e-03,3.897329e-01,7.600102e-02,3.041783e-02,3.919951e-03,9.973630e-03,1.027959e-01,1.135451e-01
8.918193e-03,1.258680e-01,5.821077e-02,8.477703e-02,5.251713e-03,4.643164e-03,6.309754e-04,3.021607e-03,4.151865e-01,7.573630e-02,2.556533e-02,3.080623e-03,8.476553e-03,8.749317e-02,9.314007e-02
1.043807e-02,1.278110e-01,7.637453e-02,1.029155e-01,4.993806e-03,4.266361e-03,5.762271e-04,2.432362e-03,4.181980e-01,6.682359e-02,2.015950e-02,2.999443e-03,6.708894e-03,6.494149e-02,9.036118e-02
9.118114e-03,1.458319e-01,8.942558e-02,8.198872e-02,4.830849e-03,3.886027e-03,4.798971e-04,2.665463e-03,3.935140e-01,7.761107e-02,1.587355e-02,2.348273e-03,5.129089e-03,5.187523e-02,1.154222e-01
3.749245e-02,1.628399e-01,1.429489e-01,7.942237e-02,8.121104e-03,5.394903e-03,5.660165e-04,1.303053e-02,3.115635e-01,7.701147e-02,1.482025e-02,2.505366e-03,4.301121e-03,4.203940e-02,9.794272e-02
3.450634e-02,1.396430e-01,2.037418e-01,1.235419e-01,9.072438e-03,5.674336e-03,6.726233e-04,1.010504e-02,2.548010e-01,7.676594e-02,1.506974e-02,3.217031e-03,5.369523e-03,3.096651e-02,8.685279e-02
3.519729e-02,1.164035e-01,2.508872e-01,1.097617e-01,1.339355e-02,6.325626e-03,8.384165e-04,1.510186e-02,2.192498e-01,1.082111e-01,1.451326e-02,3.211873e-03,5.327053e-03,2.461460e-02,7.696313e-02
3.222694e-02,1.063052e-01,2.860446e-01,1.101806e-01,1.538741e-02,6.968320e-03,8.587879e-04,1.653790e-02,2.062672e-01,1.134818e-01,1.321404e-02,3.270425e-03,5.080226e-03,1.947490e-02,6.470160e-02
3.642805e-02,9.573437e-02,2.393637e-01,9.244051e-02,1.925721e-02,8.108896e-03,8.991739e-04,1.906010e-02,2.347606e-01,1.352744e-01,1.530502e-02,3.352548e-03,5.097318e-03,1.889869e-02,7.601929e-02
1.201633e-01,8.482513e-02,1.819948e-01,7.882114e-02,2.118738e-02,1.067162e-02,1.362991e-03,2.107002e-02,2.234907e-01,1.287721e-01,1.633630e-02,6.029354e-03,5.310563e-03,2.332370e-02,7.664090e-02
1.775379e-01,7.856654e-02,1.467511e-01,7.310416e-02,2.674809e-02,1.261128e-02,2.020680e-03,2.606427e-02,2.260767e-01,9.905044e-02,1.722454e-02,7.995873e-03,5.630786e-03,2.091838e-02,7.969930e-02
2.267539e-01,7.495518e-02,1.115654e-01,5.620595e-02,2.699623e-02,1.254537e-02,2.175348e-03,3.893624e-02,2.230278e-01,7.496624e-02,1.725442e-02,7.870153e-03,5.241309e-03,3.239795e-02,8.910845e-02
2.847840e-01,7.297546e-02,8.223764e-02,4.419443e-02,2.873117e-02,1.457256e-02,2.179399e-03,3.446264e-02,2.198016e-01,5.510215e-02,1.741218e-02,7.861032e-03,5.140229e-03,3.350272e-02,9.704281e-02
2.907594e-01,7.062990e-02,6.288983e-02,3.497821e-02,2.709100e-02,1.483994e-02,1.952157e-03,3.195720e-02,1.841772e-01,4.722476e-02,1.571277e-02,6.716306e-03,4.255283e-03,4.445193e-02,1.623640e-01
2.852694e-01,6.639901e-02,6.504729e-02,3.040740e-02,2.034513e-02,1.186210e-02,1.825381e-03,2.411704e-02,1.519561e-01,4.194912e-02,1.423312e-02,6.210492e-03,3.514300e-03,5.291672e-02,2.239474e-01
4.035123e-01,5.713997e-02,6.394592e-02,3.372547e-02,1.722871e-02,1.084759e-02,1.893134e-03,1.913382e-02,1.252659e-01,3.115039e-02,1.337227e-02,6.823977e-03,3.791499e-03,4.061214e-02,1.715568e-01
4.149620e-01,4.695016e-02,9.486388e-02,3.750017e-02,1.412851e-02,9.806899e-03,2.782494e-03,1.704878e-02,1.114579e-01,3.149648e-02,1.088924e-02,6.368392e-03,4.207616e-03,3.179805e-02,1.657394e-01
1.000000e+00,0.000000e+00,0.000000e+00,0.000000e+00,0.000000e+00,0.000000e+00,0.000000e+00,0.000000e+00,0.000000e+00,0.000000e+00,0.000000e+00,0.000000e+00,0.000000e+00,0.000000e+00,0.000000e+00
1.000000e+00,0.000000e+00,0.000000e+00,0.000000e+00,0.000000e+00,0.000000e+00,0.000000e+00,0.000000e+00,0.000000e+00,0.000000e+00,0.000000e+00,0.000000e+00,0.000000e+00,0.000000e+00,0.000000e+00
4.348213e-01,3.184605e-02,7.451257e-02,1.330571e-01,8.164437e-03,1.360138e-02,2.124125e-03,8.162872e-03,5.550224e-02,1.617206e-02,7.082568e-03,7.032701e-03,1.242276e-01,1.288125e-02,7.081160e-02
3.067231e-01,2.333838e-02,5.680457e-02,1.002658e-01,5.950971e-03,1.105785e-02,1.520283e-03,5.784243e-03,3.948338e-02,1.152821e-02,5.398962e-03,5.549976e-03,3.672402e-01,9.039585e-03,5.031446e-02
2.150915e-01,1.643845e-02,4.050193e-02,7.356268e-02,4.472394e-03,8.252559e-03,1.103489e-03,4.084934e-03,2.867972e-02,8.164810e-03,4.003575e-03,4.233766e-03,5.494434e-01,6.346278e-03,3.562054e-02
1.524280e-01,1.166339e-02,2.858998e-02,5.762589e-02,3.684877e-03,6.850896e-03,8.296759e-04,3.059215e-03,2.705874e-02,5.978546e-03,5.151545e-03,4.427982e-03,6.622196e-01,4.936185e-03,2.549548e-02
1.083278e-01,8.927585e-03,2.018465e-02,4.461346e-02,3.881146e-03,1.129426e-02,7.024622e-04,2.857089e-03,2.312342e-02,4.505075e-03,9.100095e-03,6.325855e-03,7.323595e-01,3.752062e-03,2.004553e-02
8.615752e-02,1.518514e-02,1.427175e-02,3.314909e-02,2.889464e-03,9.734943e-03,5.197165e-04,2.436976e-03,2.918063e-02,4.226869e-03,8.337095e-03,1.130969e-02,7.642666e-01,3.290540e-03,1.504405e-02
6.428027e-02,1.687058e-02,1.007505e-02,2.364904e-02,2.223303e-03,9.594891e-03,4.050703e-04,2.196477e-03,4.732783e-02,3.148520e-03,6.491978e-03,1.109049e-02,7.876276e-01,2.534006e-03,1.248496e-02
4.894697e-02,1.556458e-02,8.544375e-03,1.743960e-02,4.508309e-03,9.922939e-03,6.124550e-04,2.697381e-03,7.428445e-02,2.506679e-03,5.828945e-03,9.171373e-03,7.864220e-01,2.750080e-03,1.079986e-02
4.643036e-02,1.267694e-02,7.029047e-03,1.271718e-02,5.367429e-03,1.152046e-02,7.951327e-04,4.185186e-03,7.069212e-02,1.987467e-03,4.667935e-03,7.710699e-03,8.001953e-01,3.802061e-03,1.022264e-02
3.866884e-02,1.070079e-02,5.290884e-03,9.324515e-03,8.393243e-03,1.519083e-02,1.037527e-03,3.582721e-03,7.815098e-02,1.485945e-03,3.658449e-03,6.529452e-03,8.043714e-01,3.683568e-03,9.930808e-03
3.212798e-02,2.904641e-02,6.200971e-03,7.068960e-03,1.335409e-02,1.963116e-02,1.994964e-03,5.767577e-03,9.619188e-02,1.458598e-03,3.240659e-03,8.796794e-03,7.618973e-01,3.128224e-03,1.009435e-02
2.811763e-02,3.313695e-02,5.099816e-03,5.185771e-03,1.579326e-02,2.284837e-02,2.191163e-03,5.202630e-03,9.376895e-02,1.111776e-03,2.597080e-03,9.319744e-03,7.639336e-01,2.512096e-03,9.181129e-03
2.877804e-02,3.301360e-02,6.055600e-03,4.840724e-03,3.648664e-02,2.964890e-02,7.242297e-03,1.525559e-02,1.172252e-01,8.715228e-04,2.290301e-03,7.370103e-03,6.994157e-01,2.058859e-03,9.446973e-03
5.223219e-02,4.646266e-02,6.572714e-03,9.635490e-03,3.677665e-02,3.053992e-02,5.828791e-03,1.469851e-02,1.052880e-01,1.669535e-03,2.194875e-03,7.419143e-03,6.502909e-01,2.224143e-03,2.816641e-02
5.646635e-02,5.422339e-02,6.555035e-03,7.780631e-03,3.978742e-02,3.156298e-02,6.983488e-03,1.741508e-02,1.063002e-01,1.379027e-03,1.959665e-03,7.341637e-03,6.379153e-01,2.152973e-03,2.217681e-02
5.405668e-02,6.632346e-02,6.442907e-03,6.633579e-03,3.320527e-02,3.134999e-02,5.580022e-03,1.496078e-02,9.743921e-02,1.731985e-03,2.615086e-03,9.126050e-03,6.422296e-01,2.166007e-03,2.613941e-02
5.443303e-02,6.574822e-02,2.119563e-02,7.827893e-03,2.781925e-02,3.061457e-02,6.384729e-03,1.750052e-02,1.001049e-01,3.039686e-03,3.769651e-03,1.001195e-02,6.161026e-01,2.965992e-03,3.248138e-02
5.206179e-02,6.335296e-02,2.299859e-02,7.024158e-03,2.374508e-02,3.514018e-02,5.561521e-03,2.172001e-02,1.465449e-01,3.085958e-03,6.762147e-03,1.038496e-02,5.655786e-01,3.065283e-03,3.297383e-02
6.017225e-02,9.167171e-02,3.104951e-02,1.385286e-02,2.033995e-02,4.078285e-02,6.144030e-03,2.055416e-02,1.918034e-01,5.230180e-03,6.288873e-03,1.195231e-02,4.521854e-01,3.562590e-03,4.440992e-02
1.001486e-01,9.908050e-02,2.530642e-02,1.304014e-02,2.203600e-02,5.580344e-02,6.481044e-03,2.240397e-02,1.880150e-01,4.281122e-03,5.537647e-03,1.325195e-02,4.013809e-01,3.418921e-03,3.981431e-02
1.145161e-01,7.875478e-02,4.239439e-02,1.671598e-02,3.737148e-02,5.438151e-02,1.119101e-02,2.694620e-02,1.769516e-01,3.531800e-03,4.455511e-03,1.128167e-02,3.871477e-01,2.724338e-03,3.163584e-02
1.505682e-01,6.551827e-02,3.463969e-02,1.342202e-02,3.920334e-02,5.020647e-02,1.033394e-02,2.149819e-02,1.604441e-01,2.730389e-03,3.326206e-03,1.240899e-02,4.091682e-01,2.160889e-03,2.437107e-02
1.728196e-01,5.717668e-02,3.064599e-02,1.244088e-02,4.479528e-02,4.990889e-02,1.317258e-02,1.931521e-02,1.430289e-01,2.271052e-03,2.807891e-03,1.712844e-02,4.121043e-01,1.881689e-03,2.050264e-02
2.209536e-01,5.014256e-02,2.345276e-02,1.156056e-02,3.922219e-02,6.702448e-02,1.252963e-02,1.876275e-02,1.423693e-01,1.918508e-03,2.556119e-03,1.821474e-02,3.693439e-01,1.799069e-03,2.014985e-02
2.949334e-01,4.911127e-02,1.812947e-02,1.692799e-02,3.624660e-02,8.663077e-02,1.588951e-02,1.571667e-02,1.357889e-01,2.911777e-03,2.919990e-03,1.693400e-02,2.840539e-01,1.753239e-03,2.205259e-02
3.099560e-01,5.570225e-02,1.783731e-02,3.238290e-02,3.984615e-02,9.740621e-02,2.196392e-02,1.530920e-02,1.250005e-01,3.509596e-03,4.332992e-03,1.788422e-02,2.370158e-01,2.108139e-03,1.974489e-02
3.661110e-01,5.062067e-02,1.875338e-02,3.346761e-02,3.428399e-02,1.239431e-01,1.798446e-02,1.566156e-02,1.147296e-01,4.086977e-03,4.409438e-03,1.622192e-02,1.772051e-01,2.438211e-03,2.008310e-02
3.891569e-01,5.277986e-02,1.421913e-02,2.809210e-02,3.227951e-02,1.441351e-01,1.555980e-02,1.362147e-02,1.345830e-01,4.073621e-03,4.140305e-03,1.391378e-02,1.307405e-01,2.454180e-03,2.025077e-02
4.161654e-01,6.075908e-02,1.371236e-02,3.850163e-02,3.563825e-02,1.397367e-01,1.690383e-02,1.376328e-02,1.213035e-01,4.812454e-03,4.076720e-03,1.454215e-02,9.792995e-02,2.448544e-03,1.970629e-02
4.552454e-01,5.535413e-02,1.112481e-02,3.241921e-02,3.643345e-02,1.221300e-01,1.948961e-02,2.006418e-02,1.227405e-01,4.241164e-03,3.820096e-03,1.363702e-02,8.083478e-02,2.386119e-03,2.007956e-02
4.695979e-01,5.237329e-02,1.074115e-02,2.894446e-02,4.180730e-02,1.141964e-01,1.750884e-02,4.893763e-02,1.092093e-01,3.555049e-03,3.449464e-03,1.255829e-02,6.565554e-02,2.397424e-03,1.906800e-02
1.000000e+00,0.000000e+00,0.000000e+00,0.000000e+00,0.000000e+00,0.000000e+00,0.000000e+00,0.000000e+00,0.000000e+00,0.000000e+00,0.000000e+00,0.000000e+00,0.000000e+00,0.000000e+00,0.000000e+00
4.122982e-01,4.106114e-02,1.245640e-02,1.935104e-02,3.686586e-02,6.878988e-02,1.093900e-02,2.517287e-01,7.134290e-02,2.462744e-03,2.318229e-03,7.747414e-03,4.876789e-02,1.816559e-03,1.205407e-02
3.041429e-01,2.962044e-02,1.019577e-02,1.447716e-02,2.687200e-02,5.050814e-02,8.258835e-03,4.507297e-01,5.123543e-02,1.755052e-03,1.699038e-03,5.811227e-03,3.473021e-02,1.305481e-03,8.658539e-03
2.347618e-01,2.183144e-02,8.136136e-03,1.203243e-02,2.005870e-02,3.907213e-02,5.978910e-03,5.812416e-01,3.733137e-02,1.274687e-03,1.369455e-03,4.808526e-03,2.473182e-02,9.515383e-04,6.419387e-03
2.066442e-01,2.386963e-02,9.315908e-03,5.164120e-02,1.564922e-02,3.129996e-02,4.398549e-03,4.736052e-01,2.821189e-02,4.222183e-03,6.326670e-02,4.494426e-02,3.216035e-02,2.344197e-03,8.426533e-03
1.447993e-01,1.700127e-02,7.155791e-03,1.393250e-01,1.195974e-02,2.209868e-02,3.202800e-03,3.722566e-01,2.031644e-02,3.773846e-03,1.299798e-01,7.919877e-02,3.402488e-02,8.914675e-03,5.992361e-03
1.017215e-01,1.197932e-02,5.082860e-03,1.266131e-01,8.692245e-03,1.559038e-02,2.304820e-03,2.709282e-01,1.468169e-02,3.626681e-03,2.397254e-01,9.012315e-02,5.104975e-02,5.353616e-02,4.344689e-03
7.512636e-02,8.486739e-03,3.827692e-03,9.351298e-02,7.759533e-03,1.109594e-02,1.745493e-03,1.911898e-01,1.230493e-02,9.632999e-03,2.916455e-01,1.618229e-01,4.402140e-02,8.425925e-02,3.568571e-03
5.692547e-02,6.063779e-03,2.923900e-03,6.715215e-02,7.456653e-03,7.882550e-03,1.401791e-03,1.355255e-01,1.105770e-02,1.597087e-02,2.716564e-01,2.377032e-01,4.213431e-02,1.328901e-01,3.255619e-03
4.145306e-02,5.453526e-03,2.468251e-03,4.756005e-02,1.122937e-02,5.612204e-03,1.028038e-03,9.540842e-02,1.264192e-02,1.240193e-02,1.998478e-01,3.599373e-01,7.897216e-02,1.228907e-01,3.095287e-03
3.274509e-02,4.039904e-03,2.068461e-03,3.390821e-02,1.067697e-02,4.106998e-03,7.579509e-04,6.775436e-02,2.400326e-02,1.202246e-02,1.527307e-01,3.908410e-01,7.381414e-02,1.844139e-01,6.116591e-03
2.347441e-02,3.046191e-03,1.833941e-03,2.386077e-02,8.703662e-03,3.179544e-03,5.517673e-04,4.824735e-02,4.004364e-02,1.651051e-02,1.160690e-01,4.224839e-01,7.311446e-02,2.134791e-01,5.401766e-03
1.650434e-02,2.492291e-03,1.472200e-03,1.676369e-02,6.579397e-03,2.309659e-03,3.895512e-04,3.392891e-02,1.570902e-01,1.346855e-02,8.673014e-02,4.117326e-01,5.760428e-02,1.886102e-01,4.323944e-03
1.160156e-02,8.196583e-03,1.524425e-03,1.176374e-02,5.358402e-03,1.744760e-03,2.746308e-04,2.383471e-02,2.938539e-01,1.006159e-02,6.301281e-02,3.025169e-01,4.190226e-02,2.200464e-01,4.307371e-03
8.410702e-03,4.990739e-02,3.995371e-03,8.974426e-03,1.108404e-02,2.838738e-03,2.208689e-04,1.698420e-02,3.797080e-01,7.173160e-03,4.663917e-02,2.121749e-01,2.963571e-02,2.174005e-01,4.852895e-03
6.347694e-03,9.848729e-02,8.053784e-03,4.288272e-02,1.223872e-02,4.189578e-03,1.788195e-04,1.354711e-02,3.943867e-01,5.561176e-03,3.435441e-02,1.487726e-01,2.119635e-02,2.058083e-01,3.994728e-03
4.818415e-03,2.425759e-01,7.689058e-03,3.856820e-02,9.928294e-03,5.771594e-03,1.304215e-04,9.920314e-03,3.580712e-01,4.379981e-03,2.734143e-02,1.047557e-01,1.617421e-02,1.656272e-01,4.248195e-03
1.002276e-02,3.352171e-01,8.553266e-03,3.478355e-02,2.748969e-02,6.363610e-03,1.373419e-04,9.061711e-03,3.160415e-01,3.696719e-03,2.720897e-02,7.396698e-02,1.247865e-02,1.262075e-01,8.770679e-03
8.573780e-03,4.434444e-01,6.804320e-03,2.973767e-02,2.163302e-02,7.611054e-03,1.046919e-04,6.775190e-03,2.809279e-01,3.305287e-03,2.134348e-02,5.204710e-02,9.196483e-03,9.598505e-02,1.251055e-02
7.668801e-03,4.811422e-01,6.935739e-03,2.943154e-02,1.807607e-02,1.027388e-02,9.391505e-05,6.921544e-03,2.692965e-01,5.266849e-03,1.716402e-02,3.688513e-02,7.115656e-03,6.941374e-02,3.431445e-02
8.872231e-03,4.829198e-01,6.142293e-03,2.947418e-02,1.578937e-02,1.007530e-02,9.166196e-05,1.536378e-02,3.019056e-01,4.211679e-03,1.365476e-02,2.598467e-02,5.339476e-03,5.298431e-02,2.719091e-02
7.455553e-03,4.425672e-01,4.945773e-03,9.241952e-02,1.191223e-02,9.840846e-03,7.105118e-05,1.495183e-02,2.947038e-01,6.447356e-03,1.310977e-02,1.842339e-02,4.148059e-03,3.867100e-02,4.033259e-02
9.883299e-03,3.486239e-01,4.678632e-03,9.172834e-02,1.264673e-02,1.079034e-02,9.632673e-05,3.275905e-02,3.273489e-01,8.848561e-03,2.249658e-02,1.391857e-02,5.270960e-03,3.236159e-02,7.854821e-02
1.273531e-02,3.009936e-01,4.213316e-03,7.138817e-02,1.378734e-02,1.114756e-02,1.267654e-04,4.037800e-02,3.436140e-01,1.040982e-02,2.169993e-02,1.022231e-02,5.428487e-03,2.869428e-02,1.251611e-01
9.315217e-03,2.451075e-01,4.703399e-03,5.425058e-02,9.871675e-03,8.053722e-03,9.111881e-05,2.845584e-02,4.736301e-01,9.654080e-03,1.593418e-02,7.374888e-03,4.077546e-03,2.046972e-02,1.090104e-01
1.447464e-02,2.058031e-01,5.295745e-02,6.093178e-02,1.446158e-02,9.111889e-03,3.654224e-04,2.917431e-02,4.644643e-01,1.125706e-02,1.445208e-02,5.671689e-03,4.363876e-03,1.626989e-02,9.624095e-02
1.621180e-02,2.645030e-01,5.392733e-02,4.897721e-02,1.227979e-02,9.524588e-03,3.799422e-04,2.292599e-02,3.930490e-01,2.347378e-02,1.127506e-02,4.384947e-03,3.622361e-03,1.714082e-02,1.183244e-01
1.665191e-02,2.314324e-01,4.370550e-02,3.656047e-02,1.429271e-02,9.898689e-03,3.754822e-04,1.691216e-02,3.249932e-01,2.529685e-02,9.063336e-03,3.252301e-03,3.160939e-03,1.661023e-02,2.477938e-01
1.350662e-02,1.894990e-01,3.843769e-02,3.695797e-02,1.303027e-02,7.819178e-03,3.692855e-04,1.296168e-02,3.150056e-01,3.752609e-02,6.920143e-03,2.397978e-03,3.422677e-03,1.330859e-02,3.088372e-01
9.789131e-03,1.417399e-01,1.797601e-01,4.127447e-02,9.474348e-03,5.667181e-03,2.743612e-04,9.502261e-03,2.558628e-01,4.130140e-02,5.246985e-03,1.874176e-03,2.659482e-03,9.617855e-03,2.859556e-01
1.445276e-02,1.142617e-01,3.024407e-01,4.373854e-02,1.222652e-02,5.556270e-03,5.387604e-04,1.517250e-02,2.184087e-01,4.140466e-02,4.814235e-03,1.621017e-03,2.832496e-03,8.781687e-03,2.137495e-01
2.261465e-02,9.947474e-02,2.970939e-01,4.936473e-02,2.139158e-02,8.793890e-03,8.189972e-04,3.639983e-02,1.996792e-01,5.698686e-02,6.898699e-03,1.552239e-03,3.010647e-03,1.277043e-02,1.831496e-01
2.644583e-02,8.667527e-02,3.341527e-01,3.947702e-02,2.368964e-02,7.620078e-03,1.508548e-03,1.049589e-01,1.682146e-01,4.352217e-02,7.332484e-03,1.262270e-03,2.895466e-03,1.157807e-02,1.406671e-01
2.574589e-02,8.505557e-02,3.471751e-01,2.995041e-02,2.358762e-02,6.849871e-03,2.335857e-03,1.473802e-01,1.644603e-01,3.550968e-02,5.978995e-03,1.012152e-03,3.108759e-03,1.038434e-02,1.114653e-01
2.643746e-02,1.104157e-01,3.061805e-01,2.276745e-02,2.932531e-02,7.881534e-03,7.865814e-03,1.668697e-01,1.773624e-01,2.900247e-02,4.810028e-03,8.975992e-04,4.995934e-03,1.084517e-02,9.434296e-02
3.482717e-02,1.537936e-01,2.212137e-01,1.636712e-02,3.179856e-02,7.793170e-03,2.019227e-02,2.156485e-01,1.836592e-01,2.455201e-02,3.730965e-03,7.848855e-04,4.516808e-03,9.161813e-03,7.196023e-02
4.583997e-02,1.618233e-01,1.581643e-01,1.189709e-02,3.533601e-02,1.127153e-02,1.988411e-02,2.422737e-01,2.119792e-01,2.491166e-02,3.691132e-03,9.105272e-04,5.159474e-03,9.112897e-03,5.774507e-02
8.035500e-02,1.444031e-01,1.125680e-01,8.881702e-03,3.254750e-02,1.669049e-02,1.795685e-02,2.684122e-01,2.286429e-01,2.585446e-02,3.569642e-03,1.159792e-03,5.894711e-03,7.608771e-03,4.545489e-02
1.167290e-01,1.332144e-01,7.938103e-02,6.702891e-03,2.836377e-02,1.629544e-02,1.603444e-02,2.540915e-01,2.743908e-01,2.125044e-02,2.934614e-03,1.434651e-03,4.989271e-03,6.669697e-03,3.751797e-02
2.025502e-01,1.322825e-01,5.684093e-02,5.667012e-03,2.536494e-02,1.518084e-02,1.628986e-02,1.961302e-01,2.844853e-01,1.789268e-02,2.616078e-03,3.051014e-03,4.420790e-03,6.006549e-03,3.122098e-02
3.434766e-01,1.073752e-01,4.040959e-02,4.843657e-03,2.097744e-02,1.273159e-02,1.411667e-02,1.447566e-01,2.553132e-01,1.485190e-02,2.671170e-03,4.742653e-03,3.943692e-03,4.701080e-03,2.508888e-02
4.634911e-01,8.686734e-02,2.965094e-02,4.273389e-03,1.719400e-02,1.195744e-02,1.620235e-02,1.068145e-01,2.167718e-01,1.183318e-02,2.389035e-03,5.202334e-03,3.578298e-03,3.845574e-03,1.992869e-02
1.000000e+00,0.000000e+00,0.000000e+00,0.000000e+00,0.000000e+00,0.000000e+00,0.000000e+00,0.000000e+00,0.000000e+00,0.000000e+00,0.000000e+00,0.000000e+00,0.000000e+00,0.000000e+00,0.000000e+00
1.000000e+00,0.000000e+00,0.000000e+00,0.000000e+00,0.000000e+00,0.000000e+00,0.000000e+00,0.000000e+00,0.000000e+00,0.000000e+00,0.000000e+00,0.000000e+00,0.000000e+00,0.000000e+00,0.000000e+00
1.000000e+00,0.000000e+00,0.000000e+00,0.000000e+00,0.000000e+00,0.000000e+00,0.000000e+00,0.000000e+00,0.000000e+00,0.000000e+00,0.000000e+00,0.000000e+00,0.000000e+00,0.000000e+00,0.000000e+00
1.000000e+00,0.000000e+00,0.000000e+00,0.000000e+00,0.000000e+00,0.000000e+00,0.000000e+00,0.000000e+00,0.000000e+00,0.000000e+00,0.000000e+00,0.000000e+00,0.000000e+00,0.000000e+00,0.000000e+00
1.000000e+00,0.000000e+00,0.000000e+00,0.000000e+00,0.000000e+00,0.000000e+00,0.000000e+00,0.000000e+00,0.000000e+00,0.000000e+00,0.000000e+00,0.000000e+00,0.000000e+00,0.000000e+00,0.000000e+00
3.724936e-01,1.929500e-02,1.525215e-02,1.660131e-02,9.283212e-03,1.233119e-02,3.911476e-02,5.851351e-02,9.868846e-02,3.361715e-02,2.052715e-02,2.605864e-02,1.226968e-02,1.880761e-01,7.787801e-02
2.628984e-01,1.397827e-02,1.156480e-02,1.181151e-02,7.231781e-03,9.871469e-03,2.770554e-02,4.151846e-02,1.763939e-01,4.133841e-02,2.110529e-02,1.855697e-02,1.124863e-02,2.243400e-01,1.204365e-01
1.861983e-01,1.104489e-02,1.323933e-02,1.009264e-02,9.661481e-03,8.271185e-03,1.978953e-02,3.243779e-02,2.984756e-01,4.011768e-02,2.914742e-02,1.485739e-02,2.531105e-02,1.967385e-01,1.046172e-01
1.314666e-01,8.201027e-03,1.023797e-02,7.750876e-03,7.662161e-03,5.978835e-03,1.391285e-02,2.308289e-02,4.554364e-01,5.145174e-02,2.124710e-02,1.064797e-02,1.855463e-02,1.490265e-01,8.534234e-02
1.002953e-01,7.725600e-03,7.992922e-03,5.845195e-03,1.633251e-02,5.616124e-03,9.995265e-03,1.710350e-02,4.025246e-01,4.289028e-02,2.190510e-02,7.704691e-03,1.698993e-02,2.104212e-01,1.266578e-01
8.369931e-02,7.280498e-03,7.849086e-03,4.684976e-03,1.617978e-02,6.646664e-03,7.138438e-03,1.219063e-02,3.797900e-01,3.417853e-02,2.163098e-02,5.530280e-03,1.263797e-02,2.002855e-01,2.002774e-01
6.134293e-02,5.563785e-03,5.809632e-03,3.351455e-03,1.163519e-02,6.245670e-03,5.024681e-03,8.547949e-03,3.558310e-01,2.471599e-02,1.710580e-02,3.958975e-03,9.894776e-03,1.518703e-01,3.291019e-01
4.554711e-02,4.906783e-03,4.236649e-03,2.497691e-03,9.598850e-03,5.065092e-03,3.592680e-03,6.052541e-03,5.051631e-01,1.839316e-02,1.504929e-02,3.050161e-03,8.012386e-03,1.156115e-01,2.532231e-01
3.384321e-02,5.899997e-03,3.091814e-03,1.895608e-03,7.394670e-03,3.899478e-03,2.527584e-03,4.248850e-03,6.189225e-01,1.375828e-02,1.186643e-02,2.166335e-03,5.802992e-03,8.961888e-02,1.950634e-01
2.754319e-02,6.962988e-03,5.801191e-03,4.921060e-03,8.740129e-03,3.737399e-03,1.815024e-03,3.117157e-03,6.767694e-01,1.090950e-02,9.405923e-03,1.604862e-03,4.269430e-03,6.638789e-02,1.680149e-01
2.531875e-02,8.414951e-03,7.314283e-03,3.618488e-03,8.030017e-03,3.348037e-03,1.305015e-03,2.246229e-03,6.330567e-01,8.989427e-03,8.101089e-03,1.152922e-03,3.139847e-03,1.084244e-01,1.775398e-01
1.881154e-02,6.551913e-03,5.682761e-03,2.593810e-03,6.533861e-03,2.555012e-03,9.314004e-04,1.731126e-03,6.995159e-01,6.894333e-03,6.953212e-03,8.305652e-04,2.350141e-03,8.942609e-02,1.486383e-01
2.103951e-02,6.263081e-03,5.195055e-03,2.054841e-03,6.316024e-03,2.223997e-03,6.646535e-04,1.444603e-03,6.672183e-01,8.854303e-03,7.996606e-03,6.695048e-04,2.106526e-03,9.909705e-02,1.688560e-01
1.593614e-02,5.017799e-03,4.301224e-03,1.626955e-03,6.577022e-03,2.004523e-03,5.215383e-04,1.563543e-03,6.773434e-01,1.578454e-02,1.156906e-02,7.404247e-04,3.161857e-03,9.024778e-02,1.636042e-01
1.678880e-02,4.215902e-03,6.978279e-03,2.414444e-03,1.238713e-02,1.940421e-03,4.981612e-04,1.977147e-02,6.892031e-01,1.861480e-02,1.454236e-02,8.288405e-04,5.195143e-03,6.777826e-02,1.388429e-01
1.668996e-02,4.509096e-03,5.123115e-02,1.228501e-02,1.417700e-02,2.456471e-03,3.915006e-04,1.648100e-02,6.659107e-01,1.881043e-02,1.920874e-02,1.765552e-03,8.583194e-03,5.078417e-02,1.167160e-01
2.436168e-02,4.866838e-03,7.067561e-02,2.354191e-02,1.960150e-02,3.229793e-03,3.444609e-04,1.458343e-02,6.344453e-01,1.569171e-02,2.792166e-02,2.018304e-03,1.002067e-02,4.080538e-02,1.078918e-01
6.931965e-02,8.793971e-03,8.593376e-02,3.154314e-02,3.810998e-02,3.875171e-03,4.895113e-04,2.075214e-02,5.259327e-01,1.497613e-02,4.846399e-02,6.979346e-03,1.990106e-02,3.586411e-02,8.906547e-02
6.636489e-02,1.540334e-02,1.917635e-01,1.091167e-01,4.368184e-02,3.615909e-03,5.407774e-04,1.718506e-02,3.851093e-01,1.345970e-02,3.821330e-02,6.123236e-03,1.569830e-02,2.688491e-02,6.683920e-02
1.563690e-01,2.421995e-02,1.678838e-01,1.114457e-01,7.009330e-02,5.796890e-03,1.200886e-03,2.861163e-02,2.921366e-01,1.137734e-02,2.961722e-02,6.136497e-03,1.234305e-02,2.300268e-02,5.976538e-02
1.929506e-01,3.965142e-02,1.352001e-01,1.552022e-01,8.189968e-02,1.102085e-02,3.508718e-03,4.136333e-02,2.201273e-01,1.057278e-02,2.285350e-02,5.777910e-03,1.027224e-02,1.838691e-02,5.121250e-02
2.453299e-01,4.622897e-02,1.070648e-01,1.534785e-01,9.273285e-02,1.398534e-02,4.811609e-03,3.863869e-02,1.781883e-01,1.041412e-02,1.864111e-02,6.125851e-03,9.098084e-03,1.695799e-02,5.830385e-02
2.886479e-01,6.479739e-02,8.211371e-02,1.559053e-01,8.978920e-02,1.648587e-02,5.491392e-03,3.257414e-02,1.471817e-01,8.422720e-03,1.789464e-02,9.419804e-03,9.038649e-03,1.440270e-02,5.783498e-02
3.276918e-01,7.047448e-02,6.208520e-02,1.423773e-01,9.977199e-02,1.958766e-02,8.243583e-03,3.180761e-02,1.278247e-01,6.631000e-03,2.050305e-02,1.256781e-02,1.031942e-02,1.442702e-02,4.568731e-02
3.814162e-01,6.434699e-02,4.594496e-02,1.172328e-01,9.412586e-02,1.838112e-02,8.675124e-03,2.835248e-02,1.218098e-01,6.159494e-03,2.434444e-02,1.756593e-02,1.226807e-02,1.650326e-02,4.287350e-02
3.647701e-01,8.986975e-02,3.472352e-02,1.523843e-01,7.883435e-02,1.523429e-02,6.640272e-03,2.360260e-02,1.016028e-01,5.265079e-03,2.334797e-02,2.983040e-02,1.663688e-02,1.523731e-02,4.202029e-02
4.144735e-01,7.878380e-02,2.613360e-02,1.404805e-01,6.499663e-02,1.436380e-02,5.233371e-03,2.104595e-02,9.898595e-02,4.868384e-03,2.303319e-02,3.220583e-02,1.816555e-02,1.484298e-02,4.238696e-02
