1.000000e+00,0.000000e+00,0.000000e+00,0.000000e+00,0.000000e+00,0.000000e+00,0.000000e+00,0.000000e+00,0.000000e+00,0.000000e+00,0.000000e+00,0.000000e+00,0.000000e+00,0.000000e+00,0.000000e+00
1.000000e+00,0.000000e+00,0.000000e+00,0.000000e+00,0.000000e+00,0.000000e+00,0.000000e+00,0.000000e+00,0.000000e+00,0.000000e+00,0.000000e+00,0.000000e+00,0.000000e+00,0.000000e+00,0.000000e+00
1.000000e+00,0.000000e+00,0.000000e+00,0.000000e+00,0.000000e+00,0.000000e+00,0.000000e+00,0.000000e+00,0.000000e+00,0.000000e+00,0.000000e+00,0.000000e+00,0.000000e+00,0.000000e+00,0.000000e+00
1.000000e+00,0.000000e+00,0.000000e+00,0.000000e+00,0.000000e+00,0.000000e+00,0.000000e+00,0.000000e+00,0.000000e+00,0.000000e+00,0.000000e+00,0.000000e+00,0.000000e+00,0.000000e+00,0.000000e+00
1.000000e+00,0.000000e+00,0.000000e+00,0.000000e+00,0.000000e+00,0.000000e+00,0.000000e+00,0.000000e+00,0.000000e+00,0.000000e+00,0.000000e+00,0.000000e+00,0.000000e+00,0.000000e+00,0.000000e+00
1.000000e+00,0.000000e+00,0.000000e+00,0.000000e+00,0.000000e+00,0.000000e+00,0.000000e+00,0.000000e+00,0.000000e+00,0.000000e+00,0.000000e+00,0.000000e+00,0.000000e+00,0.000000e+00,0.000000e+00
1.000000e+00,0.000000e+00,0.000000e+00,0.000000e+00,0.000000e+00,0.000000e+00,0.000000e+00,0.000000e+00,0.000000e+00,0.000000e+00,0.000000e+00,0.000000e+00,0.000000e+00,0.000000e+00,0.000000e+00
1.000000e+00,0.000000e+00,0.000000e+00,0.000000e+00,0.000000e+00,0.000000e+00,0.000000e+00,0.000000e+00,0.000000e+00,0.000000e+00,0.000000e+00,0.000000e+00,0.000000e+00,0.000000e+00,0.000000e+00
1.000000e+00,0.000000e+00,0.000000e+00,0.000000e+00,0.000000e+00,0.000000e+00,0.000000e+00,0.000000e+00,0.000000e+00,0.000000e+00,0.000000e+00,0.000000e+00,0.000000e+00,0.000000e+00,0.000000e+00
1.000000e+00,0.000000e+00,0.000000e+00,0.000000e+00,0.000000e+00,0.000000e+00,0.000000e+00,0.000000e+00,0.000000e+00,0.000000e+00,0.000000e+00,0.000000e+00,0.000000e+00,0.000000e+00,0.000000e+00
1.000000e+00,0.000000e+00,0.000000e+00,0.000000e+00,0.000000e+00,0.000000e+00,0.000000e+00,0.000000e+00,0.000000e+00,0.000000e+00,0.000000e+00,0.000000e+00,0.000000e+00,0.000000e+00,0.000000e+00
1.000000e+00,0.000000e+00,0.000000e+00,0.000000e+00,0.000000e+00,0.000000e+00,0.000000e+00,0.000000e+00,0.000000e+00,0.000000e+00,0.000000e+00,0.000000e+00,0.000000e+00,0.000000e+00,0.000000e+00
1.000000e+00,0.000000e+00,0.000000e+00,0.000000e+00,0.000000e+00,0.000000e+00,0.000000e+00,0.000000e+00,0.000000e+00,0.000000e+00,0.000000e+00,0.000000e+00,0.000000e+00,0.000000e+00,0.000000e+00
1.000000e+00,0.000000e+00,0.000000e+00,0.000000e+00,0.000000e+00,0.000000e+00,0.000000e+00,0.000000e+00,0.000000e+00,0.000000e+00,0.000000e+00,0.000000e+00,0.000000e+00,0.000000e+00,0.000000e+00
1.000000e+00,0.000000e+00,0.000000e+00,0.000000e+00,0.000000e+00,0.000000e+00,0.000000e+00,0.000000e+00,0.000000e+00,0.000000e+00,0.000000e+00,0.000000e+00,0.000000e+00,0.000000e+00,0.000000e+00
1.000000e+00,0.000000e+00,0.000000e+00,0.000000e+00,0.000000e+00,0.000000e+00,0.000000e+00,0.000000e+00,0.000000e+00,0.000000e+00,0.000000e+00,0.000000e+00,0.000000e+00,0.000000e+00,0.000000e+00
1.000000e+00,0.000000e+00,0.000000e+00,0.000000e+00,0.000000e+00,0.000000e+00,0.000000e+00,0.000000e+00,0.000000e+00,0.000000e+00,0.000000e+00,0.000000e+00,0.000000e+00,0.000000e+00,0.000000e+00
1.000000e+00,0.000000e+00,0.000000e+00,0.000000e+00,0.000000e+00,0.000000e+00,0.000000e+00,0.000000e+00,0.000000e+00,0.000000e+00,0.000000e+00,0.000000e+00,0.000000e+00,0.000000e+00,0.000000e+00
1.000000e+00,0.000000e+00,0.000000e+00,0.000000e+00,0.000000e+00,0.000000e+00,0.000000e+00,0.000000e+00,0.000000e+00,0.000000e+00,0.000000e+00,0.000000e+00,0.000000e+00,0.000000e+00,0.000000e+00
1.000000e+00,0.000000e+00,0.000000e+00,0.000000e+00,0.000000e+00,0.000000e+00,0.000000e+00,0.000000e+00,0.000000e+00,0.000000e+00,0.000000e+00,0.000000e+00,0.000000e+00,0.000000e+00,0.000000e+00
1.000000e+00,0.000000e+00,0.000000e+00,0.000000e+00,0.000000e+00,0.000000e+00,0.000000e+00,0.000000e+00,0.000000e+00,0.000000e+00,0.000000e+00,0.000000e+00,0.000000e+00,0.000000e+00,0.000000e+00
1.000000e+00,0.000000e+00,0.000000e+00,0.000000e+00,0.000000e+00,0.000000e+00,0.000000e+00,0.000000e+00,0.000000e+00,0.000000e+00,0.000000e+00,0.000000e+00,0.000000e+00,0.000000e+00,0.000000e+00
1.000000e+00,0.000000e+00,0.000000e+00,0.000000e+00,0.000000e+00,0.000000e+00,0.000000e+00,0.000000e+00,0.000000e+00,0.000000e+00,0.000000e+00,0.000000e+00,0.000000e+00,0.000000e+00,0.000000e+00
1.000000e+00,0.000000e+00,0.000000e+00,0.000000e+00,0.000000e+00,0.000000e+00,0.000000e+00,0.000000e+00,0.000000e+00,0.000000e+00,0.000000e+00,0.000000e+00,0.000000e+00,0.000000e+00,0.000000e+00
1.000000e+00,0.000000e+00,0.000000e+00,0.000000e+00,0.000000e+00,0.000000e+00,0.000000e+00,0.000000e+00,0.000000e+00,0.000000e+00,0.000000e+00,0.000000e+00,0.000000e+00,0.000000e+00,0.000000e+00
1.000000e+00,0.000000e+00,0.000000e+00,0.000000e+00,0.000000e+00,0.000000e+00,0.000000e+00,0.000000e+00,0.000000e+00,0.000000e+00,0.000000e+00,0.000000e+00,0.000000e+00,0.000000e+00,0.000000e+00
1.000000e+00,0.000000e+00,0.000000e+00,0.000000e+00,0.000000e+00,0.000000e+00,0.000000e+00,0.000000e+00,0.000000e+00,0.000000e+00,0.000000e+00,0.000000e+00,0.000000e+00,0.000000e+00,0.000000e+00
1.000000e+00,0.000000e+00,0.000000e+00,0.000000e+00,0.000000e+00,0.000000e+00,0.000000e+00,0.000000e+00,0.000000e+00,0.000000e+00,0.000000e+00,0.000000e+00,0.000000e+00,0.000000e+00,0.000000e+00
1.000000e+00,0.000000e+00,0.000000e+00,0.000000e+00,0.000000e+00,0.000000e+00,0.000000e+00,0.000000e+00,0.000000e+00,0.000000e+00,0.000000e+00,0.000000e+00,0.000000e+00,0.000000e+00,0.000000e+00
1.000000e+00,0.000000e+00,0.000000e+00,0.000000e+00,0.000000e+00,0.000000e+00,0.000000e+00,0.000000e+00,0.000000e+00,0.000000e+00,0.000000e+00,0.000000e+00,0.000000e+00,0.000000e+00,0.000000e+00
1.000000e+00,0.000000e+00,0.000000e+00,0.000000e+00,0.000000e+00,0.000000e+00,0.000000e+00,0.000000e+00,0.000000e+00,0.000000e+00,0.000000e+00,0.000000e+00,0.000000e+00,0.000000e+00,0.000000e+00
1.000000e+00,0.000000e+00,0.000000e+00,0.000000e+00,0.000000e+00,0.000000e+00,0.000000e+00,0.000000e+00,0.000000e+00,0.000000e+00,0.000000e+00,0.000000e+00,0.000000e+00,0.000000e+00,0.000000e+00
1.000000e+00,0.000000e+00,0.000000e+00,0.000000e+00,0.000000e+00,0.000000e+00,0.000000e+00,0.000000e+00,0.000000e+00,0.000000e+00,0.000000e+00,0.000000e+00,0.000000e+00,0.000000e+00,0.000000e+00
1.000000e+00,0.000000e+00,0.000000e+00,0.000000e+00,0.000000e+00,0.000000e+00,0.000000e+00,0.000000e+00,0.000000e+00,0.000000e+00,0.000000e+00,0.000000e+00,0.000000e+00,0.000000e+00,0.000000e+00
1.000000e+00,0.000000e+00,0.000000e+00,0.000000e+00,0.000000e+00,0.000000e+00,0.000000e+00,0.000000e+00,0.000000e+00,0.000000e+00,0.000000e+00,0.000000e+00,0.000000e+00,0.000000e+00,0.000000e+00
1.000000e+00,0.000000e+00,0.000000e+00,0.000000e+00,0.000000e+00,0.000000e+00,0.000000e+00,0.000000e+00,0.000000e+00,0.000000e+00,0.000000e+00,0.000000e+00,0.000000e+00,0.000000e+00,0.000000e+00
1.000000e+00,0.000000e+00,0.000000e+00,0.000000e+00,0.000000e+00,0.000000e+00,0.000000e+00,0.000000e+00,0.000000e+00,0.000000e+00,0.000000e+00,0.000000e+00,0.000000e+00,0.000000e+00,0.000000e+00
1.000000e+00,0.000000e+00,0.000000e+00,0.000000e+00,0.000000e+00,0.000000e+00,0.000000e+00,0.000000e+00,0.000000e+00,0.000000e+00,0.000000e+00,0.000000e+00,0.000000e+00,0.000000e+00,0.000000e+00
1.000000e+00,0.000000e+00,0.000000e+00,0.000000e+00,0.000000e+00,0.000000e+00,0.000000e+00,0.000000e+00,0.000000e+00,0.000000e+00,0.000000e+00,0.000000e+00,0.000000e+00,0.000000e+00,0.000000e+00
1.000000e+00,0.000000e+00,0.000000e+00,0.000000e+00,0.000000e+00,0.000000e+00,0.000000e+00,0.000000e+00,0.000000e+00,0.000000e+00,0.000000e+00,0.000000e+00,0.000000e+00,0.000000e+00,0.000000e+00
1.000000e+00,0.000000e+00,0.000000e+00,0.000000e+00,0.000000e+00,0.000000e+00,0.000000e+00,0.000000e+00,0.000000e+00,0.000000e+00,0.000000e+00,0.000000e+00,0.000000e+00,0.000000e+00,0.000000e+00
1.000000e+00,0.000000e+00,0.000000e+00,0.000000e+00,0.000000e+00,0.000000e+00,0.000000e+00,0.000000e+00,0.000000e+00,0.000000e+00,0.000000e+00,0.000000e+00,0.000000e+00,0.000000e+00,0.000000e+00
1.000000e+00,0.000000e+00,0.000000e+00,0.000000e+00,0.000000e+00,0.000000e+00,0.000000e+00,0.000000e+00,0.000000e+00,0.000000e+00,0.000000e+00,0.000000e+00,0.000000e+00,0.000000e+00,0.000000e+00
1.000000e+00,0.000000e+00,0.000000e+00,0.000000e+00,0.000000e+00,0.000000e+00,0.000000e+00,0.000000e+00,0.000000e+00,0.000000e+00,0.000000e+00,0.000000e+00,0.000000e+00,0.000000e+00,0.000000e+00
1.000000e+00,0.000000e+00,0.000000e+00,0.000000e+00,0.000000e+00,0.000000e+00,0.000000e+00,0.000000e+00,0.000000e+00,0.000000e+00,0.000000e+00,0.000000e+00,0.000000e+00,0.000000e+00,0.000000e+00
1.000000e+00,0.000000e+00,0.000000e+00,0.000000e+00,0.000000e+00,0.000000e+00,0.000000e+00,0.000000e+00,0.000000e+00,0.000000e+00,0.000000e+00,0.000000e+00,0.000000e+00,0.000000e+00,0.000000e+00
1.000000e+00,0.000000e+00,0.000000e+00,0.000000e+00,0.000000e+00,0.000000e+00,0.000000e+00,0.000000e+00,0.000000e+00,0.000000e+00,0.000000e+00,0.000000e+00,0.000000e+00,0.000000e+00,0.000000e+00
1.000000e+00,0.000000e+00,0.000000e+00,0.000000e+00,0.000000e+00,0.000000e+00,0.000000e+00,0.000000e+00,0.000000e+00,0.000000e+00,0.000000e+00,0.000000e+00,0.000000e+00,0.000000e+00,0.000000e+00
1.000000e+00,0.000000e+00,0.000000e+00,0.000000e+00,0.000000e+00,0.000000e+00,0.000000e+00,0.000000e+00,0.000000e+00,0.000000e+00,0.000000e+00,0.000000e+00,0.000000e+00,0.000000e+00,0.000000e+00
1.000000e+00,0.000000e+00,0.000000e+00,0.000000e+00,0.000000e+00,0.000000e+00,0.000000e+00,0.000000e+00,0.000000e+00,0.000000e+00,0.000000e+00,0.000000e+00,0.000000e+00,0.000000e+00,0.000000e+00
1.000000e+00,0.000000e+00,0.000000e+00,0.000000e+00,0.000000e+00,0.000000e+00,0.000000e+00,0.000000e+00,0.000000e+00,0.000000e+00,0.000000e+00,0.000000e+00,0.000000e+00,0.000000e+00,0.000000e+00
1.000000e+00,0.000000e+00,0.000000e+00,0.000000e+00,0.000000e+00,0.000000e+00,0.000000e+00,0.000000e+00,0.000000e+00,0.000000e+00,0.000000e+00,0.000000e+00,0.000000e+00,0.000000e+00,0.000000e+00
1.000000e+00,0.000000e+00,0.000000e+00,0.000000e+00,0.000000e+00,0.000000e+00,0.000000e+00,0.000000e+00,0.000000e+00,0.000000e+00,0.000000e+00,0.000000e+00,0.000000e+00,0.000000e+00,0.000000e+00
1.000000e+00,0.000000e+00,0.000000e+00,0.000000e+00,0.000000e+00,0.000000e+00,0.000000e+00,0.000000e+00,0.000000e+00,0.000000e+00,0.000000e+00,0.000000e+00,0.000000e+00,0.000000e+00,0.000000e+00
1.000000e+00,0.000000e+00,0.000000e+00,0.000000e+00,0.000000e+00,0.000000e+00,0.000000e+00,0.000000e+00,0.000000e+00,0.000000e+00,0.000000e+00,0.000000e+00,0.000000e+00,0.000000e+00,0.000000e+00
1.000000e+00,0.000000e+00,0.000000e+00,0.000000e+00,0.000000e+00,0.000000e+00,0.000000e+00,0.000000e+00,0.000000e+00,0.000000e+00,0.000000e+00,0.000000e+00,0.000000e+00,0.000000e+00,0.000000e+00
1.000000e+00,0.000000e+00,0.000000e+00,0.000000e+00,0.000000e+00,0.000000e+00,0.000000e+00,0.000000e+00,0.000000e+00,0.000000e+00,0.000000e+00,0.000000e+00,0.000000e+00,0.000000e+00,0.000000e+00
1.000000e+00,0.000000e+00,0.000000e+00,0.000000e+00,0.000000e+00,0.000000e+00,0.000000e+00,0.000000e+00,0.000000e+00,0.000000e+00,0.000000e+00,0.000000e+00,0.000000e+00,0.000000e+00,0.000000e+00
4.937104e-01,9.111403e-03,3.403032e-02,2.292825e-02,8.727668e-03,8.710698e-02,1.160245e-01,1.438648e-01,6.266486e-03,1.343270e-03,2.049020e-02,2.172983e-02,1.806758e-02,4.650079e-03,1.194816e-02
3.833369e-01,6.885335e-03,3.580352e-02,1.793750e-02,6.674631e-03,7.385586e-02,1.900693e-01,2.195037e-01,4.651613e-03,1.011880e-03,1.474333e-02,1.668872e-02,1.600755e-02,3.528661e-03,9.301381e-03
2.850153e-01,5.303073e-03,3.118369e-02,1.369560e-02,5.162989e-03,7.031702e-02,2.948744e-01,2.406375e-01,3.439502e-03,7.964702e-04,1.046313e-02,1.222665e-02,1.715689e-02,2.636990e-03,7.090718e-03
2.227085e-01,4.252022e-03,2.657129e-02,1.196187e-02,4.559178e-03,6.244015e-02,3.259342e-01,2.965909e-01,2.655645e-03,6.879233e-04,7.459703e-03,9.246082e-03,1.694851e-02,2.133734e-03,5.850330e-03
1.753021e-01,3.468062e-03,2.091422e-02,1.032380e-02,4.744310e-03,5.451261e-02,4.247915e-01,2.682156e-01,2.081542e-03,7.777585e-04,5.360647e-03,7.148592e-03,1.543722e-02,1.710841e-03,5.211178e-03
1.773814e-01,2.989078e-03,2.089549e-02,1.148852e-02,5.963970e-03,5.160563e-02,4.334819e-01,2.602130e-01,1.874803e-03,1.278864e-03,3.985120e-03,6.441454e-03,1.408848e-02,1.556087e-03,6.756167e-03
2.555268e-01,5.111654e-03,3.308199e-02,1.932660e-02,1.826652e-02,5.512085e-02,3.384415e-01,2.180519e-01,2.776238e-03,1.252458e-02,3.979222e-03,8.338861e-03,1.266589e-02,2.346510e-03,1.444093e-02
3.470943e-01,7.099347e-03,3.275742e-02,1.823833e-02,2.616039e-02,5.340734e-02,2.535830e-01,1.771160e-01,2.751069e-03,2.630350e-02,4.713406e-03,1.768464e-02,1.349646e-02,2.382158e-03,1.721258e-02
3.390827e-01,9.725861e-03,2.924173e-02,1.813767e-02,3.717662e-02,4.582585e-02,1.884463e-01,1.714531e-01,2.913062e-03,9.350565e-02,4.939072e-03,2.059959e-02,1.367944e-02,2.574285e-03,2.269917e-02
4.172766e-01,1.055786e-02,2.350854e-02,1.556061e-02,3.386848e-02,4.402274e-02,1.418010e-01,1.576309e-01,2.689221e-03,8.291969e-02,4.735772e-03,2.248958e-02,1.455072e-02,2.714255e-03,2.567406e-02
4.499018e-01,1.042658e-02,1.928060e-02,1.399323e-02,3.085027e-02,4.128626e-02,1.281958e-01,1.652035e-01,2.547031e-03,6.665668e-02,4.166472e-03,2.140119e-02,1.512123e-02,2.640147e-03,2.832916e-02
3.232424e-01,1.007238e-02,1.722199e-02,2.730085e-02,2.362250e-02,1.222328e-01,9.149938e-02,1.172091e-01,1.021569e-02,8.609055e-02,1.196276e-02,8.220800e-02,2.897761e-02,3.295882e-03,4.484812e-02
2.275261e-01,2.188731e-02,1.258208e-02,5.999699e-02,1.769951e-02,1.125105e-01,6.934100e-02,8.245338e-02,5.109846e-02,1.148414e-01,1.572144e-02,6.409353e-02,5.245018e-02,3.107684e-03,9.469041e-02
1.599431e-01,2.389898e-02,9.417411e-03,6.695635e-02,1.283154e-02,1.332358e-01,5.032444e-02,5.797176e-02,6.252548e-02,9.960984e-02,1.611743e-02,4.754701e-02,8.030166e-02,3.629830e-03,1.756893e-01
1.138073e-01,1.785576e-02,6.972144e-03,5.157197e-02,9.790869e-03,1.575292e-01,3.557816e-02,4.072800e-02,4.899310e-02,7.439145e-02,1.507859e-02,3.647088e-02,8.623452e-02,3.146967e-03,3.018510e-01
9.014669e-02,2.909083e-02,5.756991e-03,5.857444e-02,1.021536e-02,1.233510e-01,2.571308e-02,2.881352e-02,2.281033e-01,5.448247e-02,1.417184e-02,3.128603e-02,6.693706e-02,3.951702e-03,2.294057e-01
6.666839e-02,2.133756e-02,4.609389e-03,4.242118e-02,8.475238e-03,9.303695e-02,1.847724e-02,2.038287e-02,2.001086e-01,4.048750e-02,2.553040e-02,3.079391e-02,2.036842e-01,1.979232e-02,2.041942e-01
5.039832e-02,1.513828e-02,3.576010e-03,3.027259e-02,6.355660e-03,7.040346e-02,1.314782e-02,1.436592e-02,1.421876e-01,3.613621e-02,4.084181e-02,4.246972e-02,2.895222e-01,2.915150e-02,2.160329e-01
4.502115e-02,1.108942e-02,2.834859e-03,2.183224e-02,4.992220e-03,5.269176e-02,9.356339e-03,1.015933e-02,1.043438e-01,4.590805e-02,7.206337e-02,6.599322e-02,2.765303e-01,6.630969e-02,2.108743e-01
3.738178e-02,8.392998e-03,2.610328e-03,1.583547e-02,4.956252e-03,3.822451e-02,6.724710e-03,7.220314e-03,9.267706e-02,9.553204e-02,7.423621e-02,8.111382e-02,2.141425e-01,8.762127e-02,2.333308e-01
6.498171e-02,7.008267e-03,3.367241e-03,1.205025e-02,5.121177e-03,2.760792e-02,4.958381e-03,5.488986e-03,7.954109e-02,1.407657e-01,9.233837e-02,7.607642e-02,1.628895e-01,1.175510e-01,2.002539e-01
7.477877e-02,6.585968e-03,4.675266e-03,1.048312e-02,5.540991e-03,2.126453e-02,3.726915e-03,4.760193e-03,6.876605e-02,1.648662e-01,1.175377e-01,8.106309e-02,1.243126e-01,1.545815e-01,1.570572e-01
6.920391e-02,9.371920e-03,4.564256e-03,7.806181e-03,5.048252e-03,1.578450e-02,2.773443e-03,3.912502e-03,5.683560e-02,1.296016e-01,1.767231e-01,7.356384e-02,9.017429e-02,2.382815e-01,1.163551e-01
5.295919e-02,1.370975e-02,4.648281e-03,5.990192e-03,5.336277e-03,1.346191e-02,2.182111e-03,3.610959e-03,4.536860e-02,9.416736e-02,2.604713e-01,8.814554e-02,6.470472e-02,2.585320e-01,8.671183e-02
4.124904e-02,3.014680e-02,1.258848e-02,5.077137e-03,4.796710e-03,1.211753e-02,2.131907e-03,6.181934e-03,6.239797e-02,6.768657e-02,3.569920e-01,9.116384e-02,4.616571e-02,1.981147e-01,6.318966e-02
3.324009e-02,2.637813e-02,9.214631e-03,3.679284e-03,3.787726e-03,9.524453e-03,1.582707e-03,4.949490e-03,5.433018e-02,4.813633e-02,4.576493e-01,7.218547e-02,3.258561e-02,1.967196e-01,4.603703e-02
2.766589e-02,5.139370e-02,1.309527e-02,3.891715e-03,7.343716e-03,1.030012e-02,1.705788e-03,1.208530e-02,2.001181e-01,3.467306e-02,3.846353e-01,5.500264e-02,2.317872e-02,1.422687e-01,3.264196e-02
2.001768e-02,9.671567e-02,9.885777e-03,5.211711e-03,1.701315e-02,1.146420e-02,1.246401e-03,9.212005e-03,3.468488e-01,2.544799e-02,2.731330e-01,3.913645e-02,1.635257e-02,1.036815e-01,2.463302e-02
1.444886e-02,9.509211e-02,7.268016e-03,5.028933e-03,2.631733e-02,1.158863e-02,9.574996e-04,7.454662e-03,4.882163e-01,1.827477e-02,1.931445e-01,2.807576e-02,1.174130e-02,7.458735e-02,1.780405e-02
1.134804e-02,9.083804e-02,6.644768e-03,2.254268e-02,3.388964e-02,1.250877e-02,7.021960e-04,5.603796e-03,5.464644e-01,1.663182e-02,1.391702e-01,2.049688e-02,9.209428e-03,5.695505e-02,2.699437e-02
1.166167e-02,1.162958e-01,6.453830e-03,1.991943e-02,2.887424e-02,1.020726e-02,5.225586e-04,4.099545e-03,5.300531e-01,2.402022e-02,1.016333e-01,1.519588e-02,7.230347e-03,5.327821e-02,7.055464e-02
4.064646e-02,1.400418e-01,6.546036e-03,2.960807e-02,3.398297e-02,1.118824e-02,5.086783e-04,7.464586e-03,4.319912e-01,2.409590e-02,8.294158e-02,1.433331e-02,8.429499e-03,5.462655e-02,1.135951e-01
5.885118e-02,1.332234e-01,5.599641e-03,2.223145e-02,2.801424e-02,1.016115e-02,5.182989e-04,5.927029e-03,3.513069e-01,2.362261e-02,7.476627e-02,1.411663e-02,9.201631e-03,1.272959e-01,1.351638e-01
5.201142e-02,1.042273e-01,5.177292e-03,1.923670e-02,2.416074e-02,8.866963e-03,4.830344e-04,5.936888e-03,3.260008e-01,2.399348e-02,5.912400e-02,1.157778e-02,8.626379e-03,1.216941e-01,2.288833e-01
6.969509e-02,1.025541e-01,2.031985e-02,3.425130e-02,2.805994e-02,8.235336e-03,8.240117e-04,9.411398e-03,2.935239e-01,1.994792e-02,5.704214e-02,1.116277e-02,9.263452e-03,1.210926e-01,2.146163e-01
1.176916e-01,1.393856e-01,1.840246e-02,2.704540e-02,2.566935e-02,8.911365e-03,1.062700e-03,1.015091e-02,2.357090e-01,1.583453e-02,6.020775e-02,1.223109e-02,9.645506e-03,1.287502e-01,1.893026e-01
9.720088e-02,1.232968e-01,1.407115e-02,2.105294e-02,2.361386e-02,7.384402e-03,1.215305e-03,1.006247e-02,2.291474e-01,1.333495e-02,5.013365e-02,9.781621e-03,1.225343e-02,1.270886e-01,2.603627e-01
8.341962e-02,1.012060e-01,1.192694e-02,2.329678e-02,2.201004e-02,6.378321e-03,1.296401e-03,1.108840e-02,3.144012e-01,1.397535e-02,3.949960e-02,7.709067e-03,1.157458e-02,1.130199e-01,2.391978e-01
1.019312e-01,8.492211e-02,1.696427e-02,4.434701e-02,2.156704e-02,6.565491e-03,1.533538e-03,1.848131e-02,3.447881e-01,1.279503e-02,3.510388e-02,8.277562e-03,1.288671e-02,8.518881e-02,2.046480e-01
1.184713e-01,6.984586e-02,5.395412e-02,8.329283e-02,2.060961e-02,6.548853e-03,1.612649e-03,1.611290e-02,3.527617e-01,1.104026e-02,2.833129e-02,7.577405e-03,9.835741e-03,6.098769e-02,1.590178e-01
2.145121e-01,6.995150e-02,4.709239e-02,7.669990e-02,1.957683e-02,9.531927e-03,2.331479e-03,1.571378e-02,3.085216e-01,1.021019e-02,2.479768e-02,9.576816e-03,9.507608e-03,4.711537e-02,1.348609e-01
2.400675e-01,6.375712e-02,6.578907e-02,8.904189e-02,2.030134e-02,9.758702e-03,2.207285e-03,1.386186e-02,2.711708e-01,1.362488e-02,2.287723e-02,1.001061e-02,8.884444e-03,3.741885e-02,1.312285e-01
2.809897e-01,5.665014e-02,1.088738e-01,1.243009e-01,1.686732e-02,8.780191e-03,2.315148e-03,1.261478e-02,2.049431e-01,1.132697e-02,2.014841e-02,1.278594e-02,7.918286e-03,2.932597e-02,1.021593e-01
3.781490e-01,4.522542e-02,1.216918e-01,1.165417e-01,1.381028e-02,8.543757e-03,2.446976e-03,1.313675e-02,1.527715e-01,9.119255e-03,1.760121e-02,1.319710e-02,7.718285e-03,2.164579e-02,7.840122e-02
4.719384e-01,4.404664e-02,9.818078e-02,9.300759e-02,1.232045e-02,8.267612e-03,2.201698e-03,1.340302e-02,1.243061e-01,8.601935e-03,1.672047e-02,1.294685e-02,8.878344e-03,1.729723e-02,6.788289e-02
1.000000e+00,0.000000e+00,0.000000e+00,0.000000e+00,0.000000e+00,0.000000e+00,0.000000e+00,0.000000e+00,0.000000e+00,0.000000e+00,0.000000e+00,0.000000e+00,0.000000e+00,0.000000e+00,0.000000e+00
4.437698e-01,5.104432e-02,6.974268e-02,9.447783e-02,9.047629e-03,8.079550e-03,2.280896e-03,1.300150e-02,9.232026e-02,6.037503e-03,1.288381e-02,1.113533e-02,1.138499e-02,1.448246e-02,1.603114e-01
4.174578e-01,4.176667e-02,5.755058e-02,7.709493e-02,7.498448e-03,8.376966e-03,3.145205e-03,1.029885e-02,8.076470e-02,7.062119e-03,1.058255e-02,1.374116e-02,1.049031e-02,4.493302e-02,2.092366e-01
4.560778e-01,3.219799e-02,4.510365e-02,6.120466e-02,6.392703e-03,8.985993e-03,3.085795e-03,8.905318e-03,6.084974e-02,6.644073e-03,1.162619e-02,1.497979e-02,1.168683e-02,7.134212e-02,2.009174e-01
4.230891e-01,2.424612e-02,3.377226e-02,4.451561e-02,5.011867e-03,7.870127e-03,2.534072e-03,6.857766e-03,4.647419e-02,5.628130e-03,1.008338e-02,1.178720e-02,1.007691e-02,1.663250e-01,2.017283e-01
3.427528e-01,1.775043e-02,2.450167e-02,3.169743e-02,3.879849e-03,6.168062e-03,2.152504e-03,5.080498e-03,3.649115e-02,7.389798e-03,8.289650e-03,9.080694e-03,7.825057e-03,2.754492e-01,2.214912e-01
2.463285e-01,1.271574e-02,1.740587e-02,2.223595e-02,2.783700e-03,4.610279e-03,1.538054e-03,3.579350e-03,2.977762e-02,1.971271e-02,1.304729e-02,7.605044e-03,5.908948e-03,3.747530e-01,2.379980e-01
1.771121e-01,9.471226e-03,1.253175e-02,1.573047e-02,2.458191e-03,3.476814e-03,1.115222e-03,2.549949e-03,4.547690e-02,1.637929e-02,1.713659e-02,5.995313e-03,6.238217e-03,4.561070e-01,2.282210e-01
1.245876e-01,6.734532e-03,8.919011e-03,1.104352e-02,1.793468e-03,2.580982e-03,7.997209e-04,1.796157e-03,4.084711e-02,2.069933e-02,1.412005e-02,4.237650e-03,4.449566e-03,5.723231e-01,1.850682e-01
8.729436e-02,4.729797e-03,6.295554e-03,7.734986e-03,1.272585e-03,2.068577e-03,5.711102e-04,1.260980e-03,3.371343e-02,5.202436e-02,1.082009e-02,3.016592e-03,3.166772e-03,6.370112e-01,1.490195e-01
6.117110e-02,3.353849e-03,4.483320e-03,5.427451e-03,9.367114e-04,1.484876e-03,4.061477e-04,8.840977e-04,4.376008e-02,5.163984e-02,1.049967e-02,2.134731e-03,2.297683e-03,6.887692e-01,1.227512e-01
4.291950e-02,2.353996e-03,3.174911e-03,3.833272e-03,7.142025e-04,1.226390e-03,3.368282e-04,6.571386e-04,4.484526e-02,1.077001e-01,9.420307e-03,1.714860e-03,1.870688e-03,6.840541e-01,9.517837e-02
3.047371e-02,1.747614e-03,2.437782e-03,2.848971e-03,7.054230e-04,1.209566e-03,2.670647e-04,4.788008e-04,6.516905e-02,1.216301e-01,6.191255e-02,2.444672e-03,4.689658e-03,5.514107e-01,1.525744e-01
2.169312e-02,1.574476e-03,2.980561e-03,2.335434e-03,9.810809e-04,1.211412e-03,2.325202e-04,3.922000e-04,8.121438e-02,1.274740e-01,8.739061e-02,3.936929e-03,7.811045e-03,4.749165e-01,1.858557e-01
1.640671e-02,2.226839e-03,9.500322e-03,3.255790e-03,2.088718e-03,1.884929e-03,7.980422e-04,2.553716e-03,9.867829e-02,1.504400e-01,8.439343e-02,5.367139e-03,1.010561e-02,3.890032e-01,2.232972e-01
1.217537e-02,2.756794e-03,9.686531e-03,4.036041e-03,2.347380e-03,2.377561e-03,6.511024e-04,2.495563e-03,1.379718e-01,1.557017e-01,7.206463e-02,5.059886e-03,9.061618e-03,3.907505e-01,1.928635e-01
9.729171e-03,4.482886e-03,4.592244e-02,5.136733e-03,1.277114e-02,2.369070e-03,9.300070e-04,4.149596e-03,1.539452e-01,1.308202e-01,7.573745e-02,4.617296e-03,1.012747e-02,3.375434e-01,2.017179e-01
7.756301e-03,4.269113e-03,4.195882e-02,6.718774e-03,7.504881e-02,2.958341e-03,1.909704e-03,8.885427e-03,1.516003e-01,1.634835e-01,6.924193e-02,4.994542e-03,1.589169e-02,2.598797e-01,1.854030e-01
7.949147e-03,3.615289e-03,7.252964e-02,1.221263e-02,1.397982e-01,2.911831e-03,2.894023e-03,3.825437e-02,1.479939e-01,1.381141e-01,6.073760e-02,4.207977e-03,1.431906e-02,2.072093e-01,1.472530e-01
5.681488e-03,2.748153e-03,5.113448e-02,8.636908e-03,1.076544e-01,2.424914e-03,2.124524e-03,2.761997e-02,3.901691e-01,9.720621e-02,4.289778e-02,3.041694e-03,1.021474e-02,1.451167e-01,1.033290e-01
4.214842e-03,2.086415e-03,3.602271e-02,6.242428e-03,8.744621e-02,2.225954e-03,1.563120e-03,2.069882e-02,5.572124e-01,6.874557e-02,3.016931e-02,2.167473e-03,7.195484e-03,1.015985e-01,7.241078e-02
2.061700e-02,1.912295e-03,2.589809e-02,4.671894e-03,1.144119e-01,1.923069e-03,1.298854e-03,1.756575e-02,6.116849e-01,4.903582e-02,2.141779e-02,1.599611e-03,5.339848e-03,7.125665e-02,5.136655e-02
6.075077e-02,4.024492e-03,1.916241e-02,7.024070e-03,1.702733e-01,7.747407e-03,1.274976e-03,2.058198e-02,5.619398e-01,3.514083e-02,1.679594e-02,1.871034e-03,5.217483e-03,5.065035e-02,3.754506e-02
8.342285e-02,1.239607e-02,1.554918e-02,1.558078e-02,1.832602e-01,1.162264e-02,1.295185e-03,2.869652e-02,5.149197e-01,2.655133e-02,1.626486e-02,7.795067e-03,7.277029e-03,3.850349e-02,3.686505e-02
7.848599e-02,2.806508e-02,1.931131e-02,1.000331e-01,1.741363e-01,2.212148e-02,1.433530e-03,3.498296e-02,4.132729e-01,1.991187e-02,1.658489e-02,1.459146e-02,8.592915e-03,2.821794e-02,4.025832e-02
8.384904e-02,3.648892e-02,1.728746e-02,1.011498e-01,1.787714e-01,2.750053e-02,1.254497e-03,3.211611e-02,3.945134e-01,1.703781e-02,1.666478e-02,1.610913e-02,9.499896e-03,2.099375e-02,4.676355e-02
7.961725e-02,3.509470e-02,1.767652e-02,1.562054e-01,1.314275e-01,4.616309e-02,9.440696e-04,2.463526e-02,3.718483e-01,1.707688e-02,2.834898e-02,2.063617e-02,1.000487e-02,1.544327e-02,4.487772e-02
1.188591e-01,3.185639e-02,2.254128e-02,1.244637e-01,1.340926e-01,1.256291e-01,1.531667e-03,2.585130e-02,2.959257e-01,1.585582e-02,3.292481e-02,1.707541e-02,7.815133e-03,1.153185e-02,3.404619e-02
1.498671e-01,3.192862e-02,3.453501e-02,1.124889e-01,1.106942e-01,1.805033e-01,2.170188e-03,2.342658e-02,2.205807e-01,3.093577e-02,4.014105e-02,1.421083e-02,6.539942e-03,9.870868e-03,3.210692e-02
1.388140e-01,5.416653e-02,4.881724e-02,1.184929e-01,8.298083e-02,1.590397e-01,2.269104e-03,2.021270e-02,1.822846e-01,8.049938e-02,3.992168e-02,1.149361e-02,5.357809e-03,8.022822e-03,4.762701e-02
1.105224e-01,6.038259e-02,4.320811e-02,9.175320e-02,6.035607e-02,1.267076e-01,2.158331e-03,1.506049e-02,1.688686e-01,1.861714e-01,3.639871e-02,8.942610e-03,5.219365e-03,9.591281e-03,7.465921e-02
1.173387e-01,6.291060e-02,5.037428e-02,8.067058e-02,5.055096e-02,9.803345e-02,2.507309e-03,1.543138e-02,1.411096e-01,2.478007e-01,3.161305e-02,8.077614e-03,5.898957e-03,1.180864e-02,7.587415e-02
8.644576e-02,7.219601e-02,7.459228e-02,1.088694e-01,3.770960e-02,6.954762e-02,1.895392e-03,1.179940e-02,1.543504e-01,2.628870e-01,2.484100e-02,6.744788e-03,5.677169e-03,8.879151e-03,7.356501e-02
8.593009e-02,5.689309e-02,6.229836e-02,8.182209e-02,3.151666e-02,5.018136e-02,1.587681e-03,9.256377e-03,1.406250e-01,2.557573e-01,2.194416e-02,5.432512e-03,6.045755e-03,8.802239e-03,1.819074e-01
1.026835e-01,4.951175e-02,4.871468e-02,6.547299e-02,2.499896e-02,4.176139e-02,1.356342e-03,7.070718e-03,1.510598e-01,2.036986e-01,1.706545e-02,4.222335e-03,5.863264e-03,8.403560e-03,2.681167e-01
1.304339e-01,5.025374e-02,3.632301e-02,4.828551e-02,3.062720e-02,3.432278e-02,1.322283e-03,5.407073e-03,1.418528e-01,1.457911e-01,1.385951e-02,3.251172e-03,5.647437e-03,9.257313e-03,3.433652e-01
1.128394e-01,3.978433e-02,2.597383e-02,3.478960e-02,2.357253e-02,2.727440e-02,1.210397e-03,4.292106e-03,2.128412e-01,1.055075e-01,1.551014e-02,2.835054e-03,7.486353e-03,9.868136e-03,3.762151e-01
1.151850e-01,3.355628e-02,1.846943e-02,2.482490e-02,2.599976e-02,2.085773e-02,1.200269e-03,3.200478e-03,3.313796e-01,7.479790e-02,1.974645e-02,2.582273e-03,1.110597e-02,1.008285e-02,3.070112e-01
8.480873e-02,2.389321e-02,1.295478e-02,1.749291e-02,1.915397e-02,1.509969e-02,8.862027e-04,2.359191e-03,5.175867e-01,5.252113e-02,1.511182e-02,1.938581e-03,9.327950e-03,7.505540e-03,2.193596e-01
7.470036e-02,1.713794e-02,9.090697e-03,1.231192e-02,1.402177e-02,1.109419e-02,6.490325e-04,1.721837e-03,6.271951e-01,3.700605e-02,1.182569e-02,1.576852e-03,9.398240e-03,6.311765e-03,1.659585e-01
5.825445e-02,1.247066e-02,6.423865e-03,8.659055e-03,1.022951e-02,8.076352e-03,4.788079e-04,1.260209e-03,6.927307e-01,2.613622e-02,1.023284e-02,1.273605e-03,8.798318e-03,5.692757e-03,1.492827e-01
4.351311e-02,9.053349e-03,4.563365e-03,6.290579e-03,7.337387e-03,5.958988e-03,3.530413e-04,9.794123e-04,7.757636e-01,1.848466e-02,7.659791e-03,1.119924e-03,6.992185e-03,4.282922e-03,1.076477e-01
5.914339e-02,6.770344e-03,5.516341e-03,5.135044e-03,5.635432e-03,5.230593e-03,3.705451e-04,8.847727e-04,7.190626e-01,1.454675e-02,3.978901e-02,3.757445e-03,1.869142e-02,1.377559e-02,1.016908e-01
5.317231e-02,5.019297e-03,4.298721e-03,4.103192e-03,4.570571e-03,5.023178e-03,3.518978e-04,1.022855e-03,5.830044e-01,1.174158e-02,1.344159e-01,1.336874e-02,5.486371e-02,1.959544e-02,1.054482e-01
4.524702e-02,3.676577e-03,3.260253e-03,3.326241e-03,3.949473e-03,4.544716e-03,3.349142e-04,1.049326e-03,5.304693e-01,8.793543e-03,1.478736e-01,2.004861e-02,1.087511e-01,1.688396e-02,1.017914e-01
3.299814e-02,2.708934e-03,2.774565e-03,2.741912e-03,4.001476e-03,3.808225e-03,3.573282e-04,3.754455e-03,4.213618e-01,6.725768e-03,1.482098e-01,2.748747e-02,2.405542e-01,1.303234e-02,8.948360e-02
2.370651e-02,2.155851e-03,2.213186e-03,3.152016e-03,3.244461e-03,3.557407e-03,3.180166e-04,3.759367e-03,3.228870e-01,5.044322e-03,1.109035e-01,4.063639e-02,4.009072e-01,9.321121e-03,6.819363e-02
1.924341e-02,1.732553e-03,1.703993e-03,2.522758e-03,2.532346e-03,3.513420e-03,6.593587e-04,3.792878e-03,2.340621e-01,3.851184e-03,7.992060e-02,4.083093e-02,5.477166e-01,6.849969e-03,5.106781e-02
1.872147e-02,1.605312e-03,1.375929e-03,2.344601e-03,2.006450e-03,5.253417e-03,9.625515e-04,4.071337e-03,1.742078e-01,3.405342e-03,5.768721e-02,3.651274e-02,6.476019e-01,5.363553e-03,3.888036e-02
1.444490e-02,1.402228e-03,1.100153e-03,2.366150e-03,1.952269e-03,1.128263e-02,9.456497e-04,3.631464e-03,1.288711e-01,3.519542e-03,4.311692e-02,3.513174e-02,7.196103e-01,4.428840e-03,2.819618e-02
1.196259e-02,1.352068e-03,9.950729e-04,2.839771e-03,1.758924e-03,1.819040e-02,1.156324e-03,2.820086e-03,9.334742e-02,5.027355e-03,3.650131e-02,3.830267e-02,7.598227e-01,4.521963e-03,2.140135e-02
3.338562e-02,4.175976e-03,2.074069e-03,7.586888e-03,1.935123e-03,2.023801e-02,1.656436e-03,2.230310e-03,2.108533e-01,5.744535e-03,2.979298e-02,4.126412e-02,5.974926e-01,9.263155e-03,3.230693e-02
3.128983e-02,3.303082e-03,1.557811e-03,7.501664e-03,2.066545e-03,1.633343e-02,1.269399e-03,1.670841e-03,1.604219e-01,7.025969e-02,6.887603e-02,7.333746e-02,5.192223e-01,1.773348e-02,2.515658e-02
4.940885e-02,2.813096e-03,1.305984e-03,7.119370e-03,2.378595e-03,1.811648e-02,1.342998e-03,1.301891e-03,1.356001e-01,9.238212e-02,8.735628e-02,1.514658e-01,4.101300e-01,1.896651e-02,2.031192e-02
3.560159e-02,2.184794e-03,9.452121e-04,5.202478e-03,1.884536e-03,1.460340e-02,1.001733e-03,9.335472e-04,1.105606e-01,8.230530e-02,8.588037e-02,3.189190e-01,3.110102e-01,1.410174e-02,1.486553e-02
2.581092e-02,1.740768e-03,6.805048e-04,3.747207e-03,1.479444e-03,1.072413e-02,7.552308e-04,6.657791e-04,9.484772e-02,7.622818e-02,7.931392e-02,4.380977e-01,2.440982e-01,1.061885e-02,1.119138e-02
1.937357e-02,2.044737e-03,6.883003e-04,2.709057e-03,4.563689e-03,7.591226e-03,6.159026e-04,5.090551e-04,8.869971e-02,6.080815e-02,7.772449e-02,4.678956e-01,2.455145e-01,9.175946e-03,1.208607e-02
1.417314e-02,2.343346e-03,6.866568e-04,2.073613e-03,3.981017e-03,5.510780e-03,4.641834e-04,4.528726e-04,7.440548e-02,6.322913e-02,1.299076e-01,4.631199e-01,2.128862e-01,1.172278e-02,1.504332e-02
1.086232e-02,4.083787e-03,6.867069e-04,1.515023e-03,3.551934e-03,4.138250e-03,3.738288e-04,4.289240e-04,6.801024e-02,5.033005e-02,2.348987e-01,3.950660e-01,1.592641e-01,5.202271e-02,1.476743e-02
1.017190e-02,4.118218e-03,8.759806e-04,1.127016e-03,2.735498e-03,3.532752e-03,3.235593e-04,4.718875e-04,5.259706e-02,3.708799e-02,3.728954e-01,3.026012e-01,1.138986e-01,8.478476e-02,1.277814e-02
8.158249e-03,4.858270e-03,9.710179e-04,9.219227e-04,2.435688e-03,2.781265e-03,2.637618e-04,4.225926e-04,4.373953e-02,2.808832e-02,4.785985e-01,2.290240e-01,8.149800e-02,1.073474e-01,1.089142e-02
6.649103e-03,6.414735e-03,1.434757e-03,1.433909e-03,9.733868e-03,2.507943e-03,3.628118e-04,4.515853e-04,4.384604e-02,2.821181e-02,5.486143e-01,1.740603e-01,5.810168e-02,1.098887e-01,8.288488e-03
4.948710e-03,4.695233e-03,1.157734e-03,1.478576e-03,1.341517e-02,2.107557e-03,4.432171e-04,3.562444e-04,3.392337e-02,2.213431e-02,6.386226e-01,1.299146e-01,4.124913e-02,9.953080e-02,6.022796e-03
3.678504e-03,1.563885e-02,3.089379e-03,2.350095e-03,1.069610e-01,2.075499e-03,5.634169e-04,3.105036e-04,4.048637e-02,2.147372e-02,5.761037e-01,1.021003e-01,2.923403e-02,9.002019e-02,5.914579e-03
2.884327e-03,1.236072e-02,3.706498e-03,2.162744e-03,8.769144e-02,1.708939e-03,4.479791e-04,3.857561e-04,9.102553e-02,1.904298e-02,5.880417e-01,8.574493e-02,2.081837e-02,7.923152e-02,4.746658e-03
2.361726e-03,1.017590e-02,3.787376e-03,1.948546e-03,6.610318e-02,1.509139e-03,3.293129e-04,3.656303e-04,1.581587e-01,2.310986e-02,5.621159e-01,7.461850e-02,1.498282e-02,7.620442e-02,4.229018e-03
3.674002e-03,1.263643e-02,7.532294e-03,2.346580e-03,4.919387e-02,4.505814e-02,6.985777e-04,1.777486e-03,2.096840e-01,3.248443e-02,4.822076e-01,5.973866e-02,1.146832e-02,7.523089e-02,6.268783e-03
4.325563e-03,1.019065e-02,1.008159e-02,4.998258e-03,3.831997e-02,3.335227e-02,6.262211e-04,8.284800e-03,3.093928e-01,2.856475e-02,4.095123e-01,4.522469e-02,9.019121e-03,8.064154e-02,7.465504e-03
9.823919e-03,7.815864e-03,1.196923e-02,1.050779e-02,3.147431e-02,2.558144e-02,9.947218e-04,2.178901e-02,3.132988e-01,2.494787e-02,4.146877e-01,4.138946e-02,9.214538e-03,7.006691e-02,6.438484e-03
4.106742e-02,6.104633e-03,3.034079e-02,4.031166e-02,3.433266e-02,1.926224e-02,1.630869e-03,6.522596e-02,3.101684e-01,3.036703e-02,3.142371e-01,3.244002e-02,1.153940e-02,5.684446e-02,6.127418e-03
4.322857e-02,6.021016e-03,2.679772e-02,5.113350e-02,7.620115e-02,1.695647e-02,2.563815e-03,5.379913e-02,2.743949e-01,3.373251e-02,2.903505e-01,3.831503e-02,1.906390e-02,5.796574e-02,9.476062e-03
3.579285e-02,5.916649e-03,2.276427e-02,3.778302e-02,5.939928e-02,1.481189e-02,2.596791e-03,4.282489e-02,2.036167e-01,3.239826e-02,3.887133e-01,5.048840e-02,3.639691e-02,4.822400e-02,1.827273e-02
4.164097e-02,5.799395e-03,3.557064e-02,2.775216e-02,4.902302e-02,1.472823e-02,3.475684e-03,5.114841e-02,1.676528e-01,4.189157e-02,3.724979e-01,5.993485e-02,5.375621e-02,5.188957e-02,2.323868e-02
6.693031e-02,5.933584e-03,9.612641e-02,2.112109e-02,6.318328e-02,1.562390e-02,9.680457e-03,7.110713e-02,1.308263e-01,3.801717e-02,2.934440e-01,6.568546e-02,5.651765e-02,4.320089e-02,2.260234e-02
6.340261e-02,6.309298e-03,1.322450e-01,1.675302e-02,1.874636e-01,3.211049e-02,4.388707e-02,5.084421e-02,9.299329e-02,2.704690e-02,2.088482e-01,4.779491e-02,4.297768e-02,3.116537e-02,1.615836e-02
6.516667e-02,5.273241e-03,1.076873e-01,1.257407e-02,3.439060e-01,3.176340e-02,5.731644e-02,3.598055e-02,6.744039e-02,1.980632e-02,1.496112e-01,3.420654e-02,3.351242e-02,2.403106e-02,1.172442e-02
7.504708e-02,6.050319e-03,8.004820e-02,1.157975e-02,4.184325e-01,4.200175e-02,9.162617e-02,2.644527e-02,4.883477e-02,1.467041e-02,1.085012e-01,2.472866e-02,2.479756e-02,1.737331e-02,9.863124e-03
6.930249e-02,7.086121e-03,7.703881e-02,1.880471e-02,4.962845e-01,3.801502e-02,8.962157e-02,2.284822e-02,3.610774e-02,1.048655e-02,7.778559e-02,1.804073e-02,1.849758e-02,1.257536e-02,7.505040e-03
8.766025e-02,8.833557e-03,6.183211e-02,1.595582e-02,5.616046e-01,3.412753e-02,7.129877e-02,1.870140e-02,2.835963e-02,7.576518e-03,5.741761e-02,1.464388e-02,1.488852e-02,9.870077e-03,7.229694e-03
1.004780e-01,2.816151e-02,5.553661e-02,1.865598e-02,4.910906e-01,4.011440e-02,6.209179e-02,1.560367e-02,3.049685e-02,1.099268e-02,4.260876e-02,1.349208e-02,1.283552e-02,8.878002e-03,6.896354e-02
1.061366e-01,4.268340e-02,4.623063e-02,2.660584e-02,5.050933e-01,4.009153e-02,5.406519e-02,1.526270e-02,3.239376e-02,8.895848e-03,3.479483e-02,1.348041e-02,1.135050e-02,7.340366e-03,5.557502e-02
1.073741e-01,3.861531e-02,3.806867e-02,2.694761e-02,5.438090e-01,3.838991e-02,4.037830e-02,3.632001e-02,2.634224e-02,6.992472e-03,2.777954e-02,1.141538e-02,1.115983e-02,5.784517e-03,4.062311e-02
9.538168e-02,3.089622e-02,3.098214e-02,2.508362e-02,4.806684e-01,3.372896e-02,3.107944e-02,1.717971e-01,2.168003e-02,5.159887e-03,2.075852e-02,9.606427e-03,9.552647e-03,4.257709e-03,2.936725e-02
8.756001e-02,2.416518e-02,2.331861e-02,1.889756e-02,4.336042e-01,2.707179e-02,2.312507e-02,2.847951e-01,1.963229e-02,3.720523e-03,1.511766e-02,7.420277e-03,7.635922e-03,3.138486e-03,2.079722e-02
8.344409e-02,1.994056e-02,1.882544e-02,1.575093e-02,3.694509e-01,2.579808e-02,2.010464e-02,3.821708e-01,1.617387e-02,2.855693e-03,1.151137e-02,6.229715e-03,9.685226e-03,2.508881e-03,1.554978e-02
8.365390e-02,1.520737e-02,1.514165e-02,1.373602e-02,2.893955e-01,2.293991e-02,1.741640e-02,4.900629e-01,1.278267e-02,2.135723e-03,8.667022e-03,5.245446e-03,1.004639e-02,1.897139e-03,1.167201e-02
1.538692e-01,1.467751e-02,1.360288e-02,1.455559e-02,2.526959e-01,2.303893e-02,1.564927e-02,4.587994e-01,1.181219e-02,1.998439e-03,7.269585e-03,6.155439e-03,1.291730e-02,1.747433e-03,1.121086e-02
2.768981e-01,1.797660e-02,1.528947e-02,1.611473e-02,1.922093e-01,2.701447e-02,1.490261e-02,3.771246e-01,1.061488e-02,2.446345e-03,7.099195e-03,1.143724e-02,1.264319e-02,2.966098e-03,1.526310e-02
2.498816e-01,2.030074e-02,1.256914e-02,3.650957e-02,1.404419e-01,2.501851e-02,1.335218e-02,2.952141e-01,1.454924e-02,3.063630e-03,1.390105e-02,1.786384e-02,1.377373e-01,2.558162e-03,1.703894e-02
2.055292e-01,1.527445e-02,9.342395e-03,3.103912e-02,9.965767e-02,2.367476e-02,1.357612e-02,2.194246e-01,1.275757e-02,3.309436e-03,1.545939e-02,2.138137e-02,3.073103e-01,2.350648e-03,1.991300e-02
1.726564e-01,1.196700e-02,6.959651e-03,2.827097e-02,7.088779e-02,2.295337e-02,3.888835e-02,1.564003e-01,1.564130e-02,3.197520e-03,1.464352e-02,3.387894e-02,3.997071e-01,3.324304e-03,2.062345e-02
1.254712e-01,9.342399e-03,5.183614e-03,2.616191e-02,5.075894e-02,2.390748e-02,3.869558e-02,1.097048e-01,1.451791e-02,1.047916e-02,1.569439e-02,5.035931e-02,4.706340e-01,3.439456e-03,4.564996e-02
9.691962e-02,6.682222e-03,3.802214e-03,1.870280e-02,3.591540e-02,2.349867e-02,2.826445e-02,7.684520e-02,1.120014e-02,8.846600e-03,1.407855e-02,5.577311e-02,5.691850e-01,2.727641e-03,4.755837e-02
1.079564e-01,6.262244e-03,2.978016e-03,1.380026e-02,2.686065e-02,1.873808e-02,2.431644e-02,5.385278e-02,9.347360e-03,1.737194e-02,1.321060e-02,8.996100e-02,5.677251e-01,3.883362e-03,4.373581e-02
8.410133e-02,4.562890e-03,2.234281e-03,1.017189e-02,2.130319e-02,1.838731e-02,1.994559e-02,3.780108e-02,8.984093e-03,3.831657e-02,2.078930e-02,2.005828e-01,4.950416e-01,3.916192e-03,3.386186e-02
6.335691e-02,3.367804e-03,1.661416e-03,7.312441e-03,1.629273e-02,1.527833e-02,1.471156e-02,2.647933e-02,1.006122e-02,4.107406e-02,2.323374e-02,2.924359e-01,4.547690e-01,4.099892e-03,2.586572e-02
4.509168e-02,3.405217e-03,1.225062e-03,5.188147e-03,1.206616e-02,1.101224e-02,1.050659e-02,1.854999e-02,1.420794e-02,5.109140e-02,1.921581e-02,3.056540e-01,4.786969e-01,3.608644e-03,2.048028e-02
3.178043e-02,6.039148e-03,1.144373e-03,3.651093e-03,9.313205e-03,7.791106e-03,7.374987e-03,1.303803e-02,3.565220e-02,4.799313e-02,1.519637e-02,3.378186e-01,4.642941e-01,3.141153e-03,1.577213e-02
2.241757e-02,8.886730e-03,9.533144e-04,2.575468e-03,7.824037e-03,5.516251e-03,5.165459e-03,9.148295e-03,1.043925e-01,4.525790e-02,1.256497e-02,3.403810e-01,4.210143e-01,2.366885e-03,1.153536e-02
1.605275e-02,9.795226e-03,8.435551e-04,1.943657e-03,7.885451e-03,4.148270e-03,3.666990e-03,6.550346e-03,1.191425e-01,6.233619e-02,1.252505e-02,4.297865e-01,3.139710e-01,2.354332e-03,8.998076e-03
1.158148e-02,1.255521e-02,7.867334e-04,1.556090e-03,7.710402e-03,3.885130e-03,2.634675e-03,5.680502e-03,2.007280e-01,5.184648e-02,1.630875e-02,4.446208e-01,2.314107e-01,2.016837e-03,6.678161e-03
