1.000000e+00,0.000000e+00,0.000000e+00,0.000000e+00,0.000000e+00,0.000000e+00,0.000000e+00,0.000000e+00,0.000000e+00,0.000000e+00,0.000000e+00,0.000000e+00,0.000000e+00,0.000000e+00,0.000000e+00
1.000000e+00,0.000000e+00,0.000000e+00,0.000000e+00,0.000000e+00,0.000000e+00,0.000000e+00,0.000000e+00,0.000000e+00,0.000000e+00,0.000000e+00,0.000000e+00,0.000000e+00,0.000000e+00,0.000000e+00
1.000000e+00,0.000000e+00,0.000000e+00,0.000000e+00,0.000000e+00,0.000000e+00,0.000000e+00,0.000000e+00,0.000000e+00,0.000000e+00,0.000000e+00,0.000000e+00,0.000000e+00,0.000000e+00,0.000000e+00
1.000000e+00,0.000000e+00,0.000000e+00,0.000000e+00,0.000000e+00,0.000000e+00,0.000000e+00,0.000000e+00,0.000000e+00,0.000000e+00,0.000000e+00,0.000000e+00,0.000000e+00,0.000000e+00,0.000000e+00
1.000000e+00,0.000000e+00,0.000000e+00,0.000000e+00,0.000000e+00,0.000000e+00,0.000000e+00,0.000000e+00,0.000000e+00,0.000000e+00,0.000000e+00,0.000000e+00,0.000000e+00,0.000000e+00,0.000000e+00
1.000000e+00,0.000000e+00,0.000000e+00,0.000000e+00,0.000000e+00,0.000000e+00,0.000000e+00,0.000000e+00,0.000000e+00,0.000000e+00,0.000000e+00,0.000000e+00,0.000000e+00,0.000000e+00,0.000000e+00
1.000000e+00,0.000000e+00,0.000000e+00,0.000000e+00,0.000000e+00,0.000000e+00,0.000000e+00,0.000000e+00,0.000000e+00,0.000000e+00,0.000000e+00,0.000000e+00,0.000000e+00,0.000000e+00,0.000000e+00
1.000000e+00,0.000000e+00,0.000000e+00,0.000000e+00,0.000000e+00,0.000000e+00,0.000000e+00,0.000000e+00,0.000000e+00,0.000000e+00,0.000000e+00,0.000000e+00,0.000000e+00,0.000000e+00,0.000000e+00
1.000000e+00,0.000000e+00,0.000000e+00,0.000000e+00,0.000000e+00,0.000000e+00,0.000000e+00,0.000000e+00,0.000000e+00,0.000000e+00,0.000000e+00,0.000000e+00,0.000000e+00,0.000000e+00,0.000000e+00
1.000000e+00,0.000000e+00,0.000000e+00,0.000000e+00,0.000000e+00,0.000000e+00,0.000000e+00,0.000000e+00,0.000000e+00,0.000000e+00,0.000000e+00,0.000000e+00,0.000000e+00,0.000000e+00,0.000000e+00
1.000000e+00,0.000000e+00,0.000000e+00,0.000000e+00,0.000000e+00,0.000000e+00,0.000000e+00,0.000000e+00,0.000000e+00,0.000000e+00,0.000000e+00,0.000000e+00,0.000000e+00,0.000000e+00,0.000000e+00
1.000000e+00,0.000000e+00,0.000000e+00,0.000000e+00,0.000000e+00,0.000000e+00,0.000000e+00,0.000000e+00,0.000000e+00,0.000000e+00,0.000000e+00,0.000000e+00,0.000000e+00,0.000000e+00,0.000000e+00
1.000000e+00,0.000000e+00,0.000000e+00,0.000000e+00,0.000000e+00,0.000000e+00,0.000000e+00,0.000000e+00,0.000000e+00,0.000000e+00,0.000000e+00,0.000000e+00,0.000000e+00,0.000000e+00,0.000000e+00
1.000000e+00,0.000000e+00,0.000000e+00,0.000000e+00,0.000000e+00,0.000000e+00,0.000000e+00,0.000000e+00,0.000000e+00,0.000000e+00,0.000000e+00,0.000000e+00,0.000000e+00,0.000000e+00,0.000000e+00
1.000000e+00,0.000000e+00,0.000000e+00,0.000000e+00,0.000000e+00,0.000000e+00,0.000000e+00,0.000000e+00,0.000000e+00,0.000000e+00,0.000000e+00,0.000000e+00,0.000000e+00,0.000000e+00,0.000000e+00
1.000000e+00,0.000000e+00,0.000000e+00,0.000000e+00,0.000000e+00,0.000000e+00,0.000000e+00,0.000000e+00,0.000000e+00,0.000000e+00,0.000000e+00,0.000000e+00,0.000000e+00,0.000000e+00,0.000000e+00
1.000000e+00,0.000000e+00,0.000000e+00,0.000000e+00,0.000000e+00,0.000000e+00,0.000000e+00,0.000000e+00,0.000000e+00,0.000000e+00,0.000000e+00,0.000000e+00,0.000000e+00,0.000000e+00,0.000000e+00
1.000000e+00,0.000000e+00,0.000000e+00,0.000000e+00,0.000000e+00,0.000000e+00,0.000000e+00,0.000000e+00,0.000000e+00,0.000000e+00,0.000000e+00,0.000000e+00,0.000000e+00,0.000000e+00,0.000000e+00
1.000000e+00,0.000000e+00,0.000000e+00,0.000000e+00,0.000000e+00,0.000000e+00,0.000000e+00,0.000000e+00,0.000000e+00,0.000000e+00,0.000000e+00,0.000000e+00,0.000000e+00,0.000000e+00,0.000000e+00
1.000000e+00,0.000000e+00,0.000000e+00,0.000000e+00,0.000000e+00,0.000000e+00,0.000000e+00,0.000000e+00,0.000000e+00,0.000000e+00,0.000000e+00,0.000000e+00,0.000000e+00,0.000000e+00,0.000000e+00
1.000000e+00,0.000000e+00,0.000000e+00,0.000000e+00,0.000000e+00,0.000000e+00,0.000000e+00,0.000000e+00,0.000000e+00,0.000000e+00,0.000000e+00,0.000000e+00,0.000000e+00,0.000000e+00,0.000000e+00
1.000000e+00,0.000000e+00,0.000000e+00,0.000000e+00,0.000000e+00,0.000000e+00,0.000000e+00,0.000000e+00,0.000000e+00,0.000000e+00,0.000000e+00,0.000000e+00,0.000000e+00,0.000000e+00,0.000000e+00
1.000000e+00,0.000000e+00,0.000000e+00,0.000000e+00,0.000000e+00,0.000000e+00,0.000000e+00,0.000000e+00,0.000000e+00,0.000000e+00,0.000000e+00,0.000000e+00,0.000000e+00,0.000000e+00,0.000000e+00
1.000000e+00,0.000000e+00,0.000000e+00,0.000000e+00,0.000000e+00,0.000000e+00,0.000000e+00,0.000000e+00,0.000000e+00,0.000000e+00,0.000000e+00,0.000000e+00,0.000000e+00,0.000000e+00,0.000000e+00
1.000000e+00,0.000000e+00,0.000000e+00,0.000000e+00,0.000000e+00,0.000000e+00,0.000000e+00,0.000000e+00,0.000000e+00,0.000000e+00,0.000000e+00,0.000000e+00,0.000000e+00,0.000000e+00,0.000000e+00
1.000000e+00,0.000000e+00,0.000000e+00,0.000000e+00,0.000000e+00,0.000000e+00,0.000000e+00,0.000000e+00,0.000000e+00,0.000000e+00,0.000000e+00,0.000000e+00,0.000000e+00,0.000000e+00,0.000000e+00
1.000000e+00,0.000000e+00,0.000000e+00,0.000000e+00,0.000000e+00,0.000000e+00,0.000000e+00,0.000000e+00,0.000000e+00,0.000000e+00,0.000000e+00,0.000000e+00,0.000000e+00,0.000000e+00,0.000000e+00
1.000000e+00,0.000000e+00,0.000000e+00,0.000000e+00,0.000000e+00,0.000000e+00,0.000000e+00,0.000000e+00,0.000000e+00,0.000000e+00,0.000000e+00,0.000000e+00,0.000000e+00,0.000000e+00,0.000000e+00
1.000000e+00,0.000000e+00,0.000000e+00,0.000000e+00,0.000000e+00,0.000000e+00,0.000000e+00,0.000000e+00,0.000000e+00,0.000000e+00,0.000000e+00,0.000000e+00,0.000000e+00,0.000000e+00,0.000000e+00
1.000000e+00,0.000000e+00,0.000000e+00,0.000000e+00,0.000000e+00,0.000000e+00,0.000000e+00,0.000000e+00,0.000000e+00,0.000000e+00,0.000000e+00,0.000000e+00,0.000000e+00,0.000000e+00,0.000000e+00
1.000000e+00,0.000000e+00,0.000000e+00,0.000000e+00,0.000000e+00,0.000000e+00,0.000000e+00,0.000000e+00,0.000000e+00,0.000000e+00,0.000000e+00,0.000000e+00,0.000000e+00,0.000000e+00,0.000000e+00
1.000000e+00,0.000000e+00,0.000000e+00,0.000000e+00,0.000000e+00,0.000000e+00,0.000000e+00,0.000000e+00,0.000000e+00,0.000000e+00,0.000000e+00,0.000000e+00,0.000000e+00,0.000000e+00,0.000000e+00
1.000000e+00,0.000000e+00,0.000000e+00,0.000000e+00,0.000000e+00,0.000000e+00,0.000000e+00,0.000000e+00,0.000000e+00,0.000000e+00,0.000000e+00,0.000000e+00,0.000000e+00,0.000000e+00,0.000000e+00
1.000000e+00,0.000000e+00,0.000000e+00,0.000000e+00,0.000000e+00,0.000000e+00,0.000000e+00,0.000000e+00,0.000000e+00,0.000000e+00,0.000000e+00,0.000000e+00,0.000000e+00,0.000000e+00,0.000000e+00
1.000000e+00,0.000000e+00,0.000000e+00,0.000000e+00,0.000000e+00,0.000000e+00,0.000000e+00,0.000000e+00,0.000000e+00,0.000000e+00,0.000000e+00,0.000000e+00,0.000000e+00,0.000000e+00,0.000000e+00
1.000000e+00,0.000000e+00,0.000000e+00,0.000000e+00,0.000000e+00,0.000000e+00,0.000000e+00,0.000000e+00,0.000000e+00,0.000000e+00,0.000000e+00,0.000000e+00,0.000000e+00,0.000000e+00,0.000000e+00
4.655339e-01,5.096351e-02,3.786455e-02,1.496257e-01,1.976321e-02,3.573580e-02,1.182016e-02,3.765650e-02,2.220517e-02,3.488394e-03,2.894639e-02,5.283021e-02,3.015655e-02,9.069384e-03,4.434061e-02
4.252814e-01,5.465036e-02,5.164585e-02,1.752705e-01,2.055604e-02,3.167075e-02,1.153927e-02,3.894341e-02,2.193880e-02,3.045649e-03,3.049893e-02,5.497742e-02,2.995766e-02,8.733380e-03,4.129061e-02
4.817986e-01,5.270147e-02,4.118028e-02,1.546881e-01,1.983682e-02,2.819495e-02,1.036067e-02,3.223092e-02,2.199021e-02,2.795537e-03,2.749119e-02,4.908633e-02,2.954208e-02,8.326581e-03,3.977625e-02
4.710109e-01,5.363948e-02,4.304964e-02,1.568173e-01,2.160088e-02,2.958052e-02,1.014802e-02,2.921225e-02,2.024871e-02,2.753817e-03,2.772179e-02,5.418625e-02,3.085557e-02,7.836582e-03,4.133829e-02
4.492457e-01,5.396886e-02,6.438327e-02,1.612927e-01,2.272116e-02,2.696073e-02,9.384257e-03,2.886513e-02,1.722061e-02,2.754835e-03,2.991499e-02,5.522155e-02,2.955430e-02,7.500582e-03,4.101138e-02
4.865396e-01,5.021972e-02,6.892104e-02,1.423991e-01,2.111924e-02,2.472641e-02,8.708551e-03,2.532456e-02,1.518865e-02,2.970867e-03,2.652582e-02,5.132333e-02,2.783460e-02,6.651622e-03,4.154694e-02
1.000000e+00,0.000000e+00,0.000000e+00,0.000000e+00,0.000000e+00,0.000000e+00,0.000000e+00,0.000000e+00,0.000000e+00,0.000000e+00,0.000000e+00,0.000000e+00,0.000000e+00,0.000000e+00,0.000000e+00
1.000000e+00,0.000000e+00,0.000000e+00,0.000000e+00,0.000000e+00,0.000000e+00,0.000000e+00,0.000000e+00,0.000000e+00,0.000000e+00,0.000000e+00,0.000000e+00,0.000000e+00,0.000000e+00,0.000000e+00
1.000000e+00,0.000000e+00,0.000000e+00,0.000000e+00,0.000000e+00,0.000000e+00,0.000000e+00,0.000000e+00,0.000000e+00,0.000000e+00,0.000000e+00,0.000000e+00,0.000000e+00,0.000000e+00,0.000000e+00
1.000000e+00,0.000000e+00,0.000000e+00,0.000000e+00,0.000000e+00,0.000000e+00,0.000000e+00,0.000000e+00,0.000000e+00,0.000000e+00,0.000000e+00,0.000000e+00,0.000000e+00,0.000000e+00,0.000000e+00
1.000000e+00,0.000000e+00,0.000000e+00,0.000000e+00,0.000000e+00,0.000000e+00,0.000000e+00,0.000000e+00,0.000000e+00,0.000000e+00,0.000000e+00,0.000000e+00,0.000000e+00,0.000000e+00,0.000000e+00
1.000000e+00,0.000000e+00,0.000000e+00,0.000000e+00,0.000000e+00,0.000000e+00,0.000000e+00,0.000000e+00,0.000000e+00,0.000000e+00,0.000000e+00,0.000000e+00,0.000000e+00,0.000000e+00,0.000000e+00
1.000000e+00,0.000000e+00,0.000000e+00,0.000000e+00,0.000000e+00,0.000000e+00,0.000000e+00,0.000000e+00,0.000000e+00,0.000000e+00,0.000000e+00,0.000000e+00,0.000000e+00,0.000000e+00,0.000000e+00
3.644274e-01,1.356061e-02,3.022156e-02,3.396137e-02,1.141131e-02,4.312001e-02,3.921639e-01,4.064316e-02,4.377974e-03,1.132931e-03,1.019882e-02,1.970593e-02,2.097669e-02,2.228188e-03,1.187013e-02
2.604015e-01,1.001433e-02,2.727360e-02,2.795213e-02,9.924361e-03,6.341367e-02,4.816778e-01,5.494542e-02,3.218503e-03,1.091456e-03,7.309889e-03,1.584139e-02,2.654078e-02,1.684733e-03,8.710457e-03
1.842044e-01,7.156440e-03,2.007568e-02,2.011207e-02,7.776425e-03,6.149812e-02,6.040608e-01,4.577601e-02,2.335421e-03,8.689919e-04,5.145233e-03,1.134852e-02,2.223916e-02,1.202892e-03,6.200043e-03
1.317615e-01,5.468783e-03,1.481600e-02,1.590442e-02,1.556498e-02,5.200657e-02,6.782167e-01,3.879180e-02,1.808866e-03,3.914937e-03,3.849890e-03,8.227122e-03,2.291617e-02,1.095715e-03,5.656703e-03
1.048708e-01,5.820679e-03,1.348181e-02,1.896969e-02,6.597112e-02,5.925978e-02,6.035932e-01,3.547943e-02,1.896095e-03,3.938382e-02,4.371811e-03,7.410814e-03,2.631648e-02,2.379717e-03,1.079494e-02
1.258201e-01,6.563217e-03,2.466636e-02,2.261168e-02,9.475932e-02,8.006009e-02,4.573701e-01,2.939133e-02,2.792655e-03,9.647223e-02,5.262043e-03,7.910962e-03,2.651993e-02,2.964962e-03,1.683513e-02
2.238354e-01,5.631447e-03,2.184252e-02,1.949266e-02,1.039749e-01,7.399561e-02,3.310415e-01,2.339566e-02,3.170800e-03,1.359439e-01,4.686899e-03,9.199999e-03,2.183053e-02,3.311789e-03,1.864655e-02
2.030714e-01,4.977720e-03,1.696243e-02,1.462149e-02,1.303855e-01,5.729625e-02,2.464360e-01,1.990499e-02,3.247040e-03,2.471375e-01,4.191041e-03,7.595049e-03,1.819643e-02,4.663747e-03,2.131348e-02
1.489316e-01,4.273982e-03,1.226540e-02,1.089303e-02,9.842261e-02,4.937379e-02,1.750529e-01,1.434515e-02,3.195635e-03,2.854017e-01,4.265055e-03,6.109616e-03,1.959081e-02,3.820059e-03,1.640587e-01
1.063859e-01,4.555694e-03,9.372215e-03,8.885950e-03,7.027338e-02,4.112422e-02,1.238585e-01,1.032823e-02,7.107006e-03,3.934576e-01,4.208885e-03,5.467111e-03,2.179693e-02,3.255029e-03,1.899233e-01
7.502005e-02,7.570750e-03,8.797295e-03,8.117115e-03,5.070907e-02,2.922309e-02,8.928935e-02,7.614187e-03,1.942953e-01,3.177117e-01,6.220154e-03,4.712013e-03,1.955031e-02,3.501447e-03,1.776682e-01
5.422438e-02,1.681668e-02,7.442311e-03,7.653424e-03,3.629573e-02,2.133137e-02,6.477103e-02,5.727529e-03,2.285673e-01,2.732850e-01,9.992199e-02,1.824287e-02,2.053225e-02,5.595517e-03,1.395927e-01
4.051308e-02,1.561642e-02,6.449444e-03,6.940772e-03,2.599560e-02,1.522667e-02,4.746157e-02,4.202334e-03,3.237768e-01,2.117016e-01,1.515808e-01,2.551689e-02,1.725534e-02,7.294362e-03,1.004685e-01
3.041434e-02,1.138997e-02,4.565953e-03,5.454600e-03,1.833083e-02,1.082498e-02,3.340580e-02,3.005820e-03,2.604984e-01,1.523639e-01,3.380468e-01,3.202049e-02,1.236210e-02,1.681862e-02,7.049738e-02
2.407896e-02,9.620288e-03,3.236814e-03,4.716569e-03,1.297788e-02,7.829246e-03,2.347296e-02,2.259164e-03,2.099585e-01,1.104286e-01,4.341551e-01,4.037439e-02,9.009298e-03,5.832449e-02,4.955778e-02
2.108861e-02,8.161731e-03,3.047149e-03,3.493718e-03,1.757409e-02,7.812999e-03,1.688380e-02,4.903957e-03,1.519812e-01,8.226807e-02,4.864961e-01,3.668503e-02,7.292968e-03,1.169991e-01,3.531152e-02
1.511926e-02,8.442387e-03,2.363721e-03,2.539994e-03,1.943212e-02,5.918993e-03,1.184465e-02,3.626420e-03,1.093180e-01,5.952304e-02,5.339301e-01,3.004710e-02,5.687352e-03,1.669190e-01,2.528781e-02
1.081443e-02,6.903819e-03,1.727407e-03,1.905122e-03,1.705876e-02,4.420111e-03,8.329800e-03,2.649050e-03,7.737633e-02,4.290866e-02,6.510302e-01,2.382801e-02,4.211668e-03,1.287906e-01,1.804599e-02
7.691451e-03,2.020174e-02,1.408496e-03,1.380364e-03,2.500427e-02,3.873413e-03,5.861820e-03,1.927618e-03,5.689494e-02,3.056688e-02,6.258097e-01,2.130909e-02,3.272844e-03,1.803682e-01,1.442909e-02
5.663733e-03,2.461248e-02,1.310382e-03,1.067884e-03,2.380977e-02,6.662853e-03,4.173519e-03,1.582593e-03,4.994299e-02,2.169890e-02,6.334202e-01,2.037169e-02,2.838949e-03,1.913576e-01,1.148642e-02
6.693031e-03,5.712145e-02,1.105003e-02,1.975038e-03,2.185122e-02,1.867027e-02,3.225723e-03,7.783403e-03,6.361066e-02,1.622283e-02,5.776360e-01,1.674230e-02,2.545791e-03,1.851317e-01,9.740500e-03
6.761807e-03,7.515086e-02,1.490289e-02,9.682155e-03,2.312810e-02,1.994661e-02,2.406256e-03,8.498767e-03,1.632461e-01,1.270996e-02,4.513300e-01,1.316793e-02,2.463007e-03,1.876502e-01,8.955246e-03
5.659441e-03,1.076631e-01,3.057399e-02,1.413586e-02,2.142288e-02,1.925030e-02,1.734563e-03,7.969569e-03,2.129553e-01,1.301568e-02,3.314066e-01,1.021312e-02,2.238775e-03,2.074602e-01,1.430047e-02
5.262556e-03,9.372891e-02,3.019525e-02,8.998854e-02,2.456111e-02,1.664531e-02,1.315814e-03,7.584494e-03,2.805604e-01,1.605692e-02,2.400145e-01,8.748846e-03,2.964715e-03,1.590628e-01,2.330967e-02
5.972759e-03,9.083966e-02,2.712026e-02,6.718066e-02,2.676656e-02,1.460854e-02,1.008205e-03,7.267294e-03,3.486170e-01,2.308060e-02,1.748047e-01,6.667688e-03,3.515405e-03,1.224618e-01,8.008879e-02
9.635007e-03,7.500899e-02,2.467429e-02,1.544608e-01,3.092380e-02,1.219992e-02,7.914829e-04,1.670304e-02,3.427990e-01,2.014916e-02,1.359113e-01,5.581559e-03,4.704877e-03,9.472190e-02,7.173491e-02
9.262380e-03,7.039498e-02,2.245268e-02,1.120052e-01,2.460403e-02,1.293157e-02,6.166783e-04,1.364164e-02,4.345597e-01,2.575103e-02,1.121287e-01,4.714190e-03,6.075761e-03,8.570830e-02,6.515306e-02
1.952100e-02,7.367008e-02,2.555902e-02,8.333620e-02,3.908673e-02,2.477816e-02,7.466699e-04,1.537505e-02,3.975300e-01,2.584451e-02,1.101844e-01,4.049205e-03,8.450268e-03,9.794195e-02,7.392669e-02
2.008658e-02,1.250975e-01,2.243980e-02,6.154281e-02,3.945670e-02,2.464366e-02,5.780921e-04,1.247555e-02,3.864509e-01,2.974477e-02,9.748461e-02,3.026497e-03,8.611264e-03,9.394722e-02,7.441406e-02
1.519870e-02,1.068578e-01,2.072176e-02,6.484194e-02,2.859743e-02,1.748479e-02,4.184276e-04,8.923743e-03,4.736227e-01,2.973516e-02,6.924738e-02,2.229567e-03,6.419958e-03,6.703542e-02,8.866522e-02
1.329638e-02,1.101919e-01,1.957510e-02,5.115209e-02,2.131034e-02,1.304178e-02,3.555284e-04,6.596602e-03,5.114651e-01,2.581184e-02,5.163780e-02,1.711452e-03,5.431806e-03,5.049611e-02,1.179262e-01
1.673432e-02,1.362108e-01,2.308022e-02,4.439922e-02,2.446876e-02,1.720307e-02,4.117017e-04,8.396433e-03,4.869447e-01,1.954418e-02,4.367003e-02,1.328117e-03,5.486387e-03,4.839472e-02,1.237274e-01
3.431297e-02,1.366875e-01,2.119160e-02,3.505646e-02,4.559901e-02,1.975443e-02,9.031298e-04,8.866164e-03,3.859804e-01,1.546062e-02,3.255010e-02,1.081783e-03,5.304595e-03,4.318537e-02,2.140658e-01
4.848268e-02,1.216749e-01,3.870466e-02,2.733017e-02,5.594069e-02,2.688554e-02,2.579237e-03,8.509205e-03,2.880262e-01,1.219108e-02,2.310937e-02,8.870654e-04,5.392228e-03,3.685092e-02,3.034360e-01
6.619481e-02,1.800902e-01,3.698342e-02,2.184343e-02,6.965055e-02,3.122764e-02,3.114467e-03,9.352477e-03,2.350340e-01,9.139674e-03,1.660071e-02,8.231952e-04,7.281351e-03,2.984477e-02,2.828193e-01
8.935440e-02,2.297041e-01,2.914240e-02,1.825530e-02,7.205945e-02,4.015362e-02,3.889328e-03,9.131406e-03,1.996039e-01,6.963721e-03,1.209976e-02,7.024644e-04,6.303840e-03,2.878033e-02,2.538560e-01
1.045937e-01,2.078286e-01,2.813636e-02,2.493354e-02,8.062101e-02,4.916442e-02,5.242953e-03,1.448655e-02,1.499666e-01,6.195994e-03,9.413440e-03,1.220611e-03,6.020247e-03,2.386504e-02,2.883109e-01
1.366076e-01,1.615136e-01,2.448607e-02,2.955280e-02,6.497400e-02,4.531932e-02,4.896806e-03,1.705161e-02,1.142911e-01,7.127927e-03,7.879151e-03,1.858978e-03,6.223468e-03,2.180845e-02,3.564090e-01
1.383648e-01,1.767204e-01,3.702738e-02,4.104556e-02,5.265851e-02,3.874882e-02,3.843801e-03,1.340229e-02,8.519243e-02,6.370493e-03,7.901764e-03,2.846239e-03,5.953747e-03,1.931625e-02,3.706075e-01
1.803851e-01,1.451125e-01,3.374255e-02,4.583343e-02,4.178467e-02,3.103286e-02,3.089030e-03,1.041211e-02,6.584068e-02,6.421092e-03,8.102430e-03,4.427590e-03,6.545457e-03,1.939720e-02,3.978732e-01
1.438264e-01,1.088671e-01,3.077111e-02,4.779392e-02,2.984447e-02,2.217308e-02,2.270594e-03,7.495679e-03,5.734517e-02,7.529080e-03,7.583219e-03,4.231391e-03,6.077634e-03,2.028666e-02,5.039045e-01
1.181623e-01,8.280535e-02,1.071186e-01,7.806985e-02,2.135978e-02,1.623228e-02,1.706943e-03,5.696283e-03,4.701772e-02,6.583383e-03,8.856386e-03,4.241591e-03,5.308468e-03,2.973779e-02,4.671032e-01
1.025775e-01,6.276323e-02,1.039025e-01,6.357196e-02,1.526867e-02,1.266394e-02,1.325002e-03,4.600118e-03,3.702997e-02,5.964846e-03,1.084443e-02,3.687524e-03,4.376148e-03,8.015366e-02,4.912704e-01
9.236453e-02,5.599266e-02,1.223364e-01,7.936642e-02,1.143700e-02,9.733316e-03,1.091262e-03,3.956116e-03,4.737096e-02,5.485173e-03,1.095268e-02,4.412063e-03,5.539439e-03,7.560924e-02,4.743527e-01
1.428735e-01,4.383755e-02,1.068491e-01,6.122958e-02,8.790851e-03,8.605885e-03,9.426801e-04,4.587142e-03,4.538124e-02,5.640144e-03,1.361052e-02,5.677689e-03,1.225853e-02,9.911735e-02,4.405983e-01
1.165763e-01,3.347002e-02,8.475848e-02,4.401571e-02,6.383806e-03,6.837132e-03,7.161867e-04,3.409046e-03,4.494001e-02,7.790579e-03,1.179276e-02,4.688291e-03,9.718202e-03,1.503660e-01,4.745374e-01
9.708818e-02,3.059712e-02,6.155920e-02,3.263633e-02,4.716408e-03,5.578909e-03,5.486080e-04,2.639405e-03,5.864639e-02,1.026192e-02,9.760905e-03,4.516371e-03,9.657631e-03,1.422625e-01,5.295301e-01
7.206937e-02,2.454388e-02,4.405202e-02,2.336579e-02,3.467646e-03,4.277185e-03,4.339596e-04,1.891680e-03,5.915374e-02,3.741015e-02,9.532984e-03,4.385907e-03,8.130799e-03,2.268104e-01,4.804745e-01
5.244880e-02,3.982253e-02,3.189949e-02,1.685940e-02,2.489655e-03,3.107545e-03,3.966439e-04,1.361217e-03,5.349736e-02,3.145268e-02,1.277315e-02,4.730324e-03,6.098126e-03,3.114919e-01,4.315712e-01
3.707461e-02,2.865728e-02,2.249470e-02,1.181510e-02,1.752013e-03,2.230865e-03,2.956965e-04,9.563839e-04,3.979564e-02,2.408857e-02,1.036763e-02,3.499796e-03,4.364474e-03,4.633639e-01,3.492433e-01
2.625490e-02,2.032728e-02,1.654043e-02,8.305241e-03,1.299706e-03,1.651996e-03,2.259029e-04,6.791209e-04,3.032419e-02,2.348290e-02,1.617986e-02,2.946888e-03,3.323739e-03,5.672512e-01,2.812065e-01
1.853094e-02,1.426821e-02,1.166840e-02,5.819752e-03,9.515338e-04,1.185276e-03,1.615794e-04,4.772122e-04,2.181827e-02,2.153368e-02,1.290190e-02,2.113832e-03,2.423517e-03,6.666241e-01,2.195217e-01
1.316170e-02,1.003155e-02,8.244157e-03,4.084282e-03,7.151157e-04,8.710616e-04,1.175679e-04,3.383700e-04,1.708962e-02,2.577419e-02,1.173669e-02,1.561315e-03,1.813934e-03,6.843845e-01,2.200759e-01
9.251067e-03,7.048510e-03,5.940889e-03,2.869834e-03,5.409629e-04,6.275942e-04,9.143054e-05,2.408188e-04,1.533861e-02,3.170775e-02,1.127598e-02,1.179184e-03,1.661185e-03,5.956229e-01,3.166033e-01
6.487418e-03,4.941888e-03,4.240172e-03,2.012579e-03,3.994629e-04,4.568044e-04,7.172066e-05,1.714461e-04,1.140616e-02,4.237728e-02,9.706757e-03,9.208027e-04,1.374673e-03,5.798830e-01,3.355498e-01
4.584681e-03,3.517726e-03,3.184987e-03,1.462860e-03,3.824407e-04,3.776359e-04,8.254826e-05,1.486456e-04,1.024443e-02,4.833291e-02,1.140821e-02,1.354600e-03,3.181295e-03,4.768858e-01,4.348513e-01
3.333043e-03,2.612178e-03,2.772421e-03,1.173224e-03,5.016070e-04,5.035431e-04,1.713433e-04,2.478053e-04,8.931717e-03,7.938771e-02,1.894679e-02,2.202423e-03,8.229407e-03,3.563389e-01,5.146478e-01
2.541631e-03,1.119884e-02,4.255375e-02,9.761224e-04,5.964870e-03,6.574799e-04,4.934890e-04,2.546114e-04,1.766015e-02,8.330189e-02,1.255073e-01,6.092244e-03,2.881798e-02,2.607778e-01,4.132018e-01
2.108248e-03,1.739712e-02,1.269666e-01,2.495588e-03,1.133537e-02,1.044541e-03,2.558401e-03,8.770447e-03,7.238089e-02,9.307061e-02,1.089564e-01,5.152255e-03,2.567519e-02,1.933661e-01,3.287222e-01
1.926075e-03,2.235328e-02,3.037269e-01,3.499276e-03,1.397128e-02,2.132029e-03,3.662572e-03,8.018064e-03,5.962091e-02,7.757184e-02,9.708626e-02,3.956544e-03,2.039030e-02,1.392214e-01,2.428633e-01
3.936194e-03,3.366331e-02,4.198319e-01,3.753841e-03,4.023639e-02,3.713123e-03,3.248522e-03,5.932978e-03,6.865319e-02,5.994160e-02,7.119361e-02,2.809253e-03,1.441007e-02,9.776532e-02,1.709106e-01
1.336377e-02,2.891539e-02,4.654727e-01,1.296366e-02,9.388730e-02,1.391104e-02,3.293003e-03,4.514714e-03,6.258026e-02,4.427539e-02,5.174599e-02,2.098383e-03,1.032916e-02,6.859563e-02,1.240536e-01
3.990417e-02,2.355696e-02,4.467442e-01,1.005799e-02,1.755385e-01,2.441592e-02,3.786954e-03,3.344088e-03,4.866235e-02,3.176690e-02,3.820889e-02,1.763676e-03,7.812987e-03,4.882905e-02,9.560737e-02
9.659759e-02,2.428491e-02,4.114215e-01,8.569190e-03,1.981584e-01,3.876205e-02,4.555378e-03,2.765981e-03,3.741045e-02,2.374077e-02,2.853398e-02,3.241067e-03,1.040607e-02,3.817126e-02,7.338135e-02
1.325732e-01,3.536037e-02,3.562410e-01,1.125940e-02,1.947306e-01,6.746194e-02,5.533440e-03,3.640876e-03,2.994733e-02,1.804841e-02,2.469484e-02,9.235946e-03,1.545527e-02,3.580668e-02,6.001075e-02
1.419289e-01,4.392701e-02,3.211595e-01,2.232620e-02,1.821570e-01,1.089745e-01,4.956634e-03,3.925534e-03,2.211493e-02,1.486127e-02,2.416955e-02,1.621511e-02,1.439668e-02,3.268358e-02,4.620348e-02
1.775375e-01,4.424027e-02,2.923658e-01,2.229595e-02,1.734619e-01,9.750104e-02,4.219372e-03,5.252549e-03,1.699338e-02,3.111731e-02,2.573520e-02,2.721358e-02,1.636258e-02,3.072053e-02,3.498303e-02
1.924510e-01,4.114664e-02,2.204802e-01,3.314003e-02,1.578284e-01,7.581848e-02,3.733102e-03,1.240911e-02,1.926687e-02,3.860264e-02,5.380302e-02,6.344489e-02,2.128921e-02,4.064195e-02,2.594447e-02
1.757851e-01,1.056369e-01,1.622162e-01,4.501482e-02,1.461800e-01,1.108813e-01,3.786715e-03,1.216780e-02,2.098154e-02,3.439941e-02,5.383134e-02,5.400702e-02,1.718554e-02,3.429697e-02,2.362926e-02
1.612560e-01,1.416737e-01,1.181544e-01,4.815179e-02,1.200225e-01,1.898580e-01,3.476325e-03,9.996186e-03,3.087255e-02,3.141646e-02,4.320539e-02,3.990545e-02,1.354828e-02,2.658083e-02,2.188204e-02
1.208813e-01,1.175189e-01,8.683197e-02,4.313349e-02,9.356694e-02,2.318999e-01,2.658309e-03,7.586021e-03,1.155724e-01,6.136940e-02,3.771684e-02,2.833936e-02,1.023231e-02,2.006318e-02,2.262964e-02
8.534247e-02,8.320474e-02,6.090639e-02,3.061057e-02,6.596046e-02,1.635918e-01,1.882552e-03,5.326331e-03,9.849876e-02,3.144286e-01,2.781074e-02,1.989673e-02,7.551599e-03,1.417864e-02,2.080962e-02
6.120136e-02,5.913756e-02,4.275418e-02,2.205484e-02,4.663976e-02,1.157959e-01,1.342563e-03,3.769384e-03,1.259106e-01,4.401171e-01,2.143225e-02,1.399898e-02,6.319028e-03,1.036832e-02,2.915826e-02
4.445897e-02,4.275618e-02,3.372646e-02,3.355655e-02,3.315269e-02,8.139906e-02,9.845207e-04,3.109960e-03,1.984726e-01,4.519194e-01,1.891874e-02,1.003834e-02,7.045184e-03,7.332782e-03,3.312853e-02
3.487723e-02,3.031613e-02,2.682364e-02,2.492560e-02,2.488183e-02,5.800424e-02,7.523858e-04,2.610311e-03,1.672734e-01,5.560618e-01,1.750918e-02,7.154312e-03,6.226336e-03,5.320625e-03,3.726295e-02
5.842662e-02,2.456719e-02,2.340766e-02,1.974726e-02,2.991212e-02,4.213521e-02,8.854604e-04,2.820231e-03,1.632064e-01,5.108920e-01,1.559929e-02,5.282587e-03,6.130775e-03,5.441823e-03,9.154540e-02
5.028464e-02,1.936260e-02,1.746139e-02,1.466854e-02,2.836927e-02,2.979446e-02,7.079294e-04,2.482568e-03,2.792548e-01,4.450624e-01,1.228347e-02,3.784109e-03,4.964391e-03,4.377767e-03,8.714165e-02
4.500828e-02,1.581036e-02,1.363128e-02,1.105714e-02,2.395532e-02,2.107940e-02,5.512747e-04,2.075643e-03,3.862911e-01,3.669022e-01,9.667705e-03,2.719935e-03,3.941668e-03,3.671005e-03,9.363765e-02
3.204349e-02,1.207145e-02,1.048725e-02,8.353869e-03,1.689682e-02,1.482182e-02,3.911390e-04,1.473876e-03,5.237848e-01,2.913279e-01,6.931515e-03,1.943225e-03,2.920862e-03,2.627139e-03,7.392488e-02
3.213299e-02,9.613498e-03,7.526912e-03,6.004424e-03,1.231888e-02,1.066570e-02,2.992265e-04,1.094720e-03,5.650413e-01,2.187477e-01,5.870375e-03,1.400075e-03,3.049226e-03,2.594698e-03,1.236402e-01
4.414030e-02,8.141919e-03,5.609958e-03,4.307906e-03,9.118233e-03,8.318271e-03,2.343467e-04,8.267071e-04,6.162154e-01,1.549673e-01,5.343867e-03,1.039713e-03,3.180424e-03,4.009841e-03,1.345459e-01
3.811748e-02,7.250345e-03,1.608904e-02,3.646245e-03,6.545141e-03,6.370806e-03,1.875995e-04,7.062285e-04,6.981399e-01,1.097716e-01,4.548934e-03,9.220006e-04,2.881887e-03,3.935868e-03,1.008870e-01
5.399671e-02,7.807785e-03,1.574678e-02,2.733297e-03,4.792932e-03,6.593334e-03,1.764669e-04,5.700798e-04,6.286538e-01,8.441612e-02,7.823671e-03,8.926137e-04,2.692522e-03,6.623792e-02,1.168660e-01
3.984049e-02,8.889616e-03,3.730637e-02,2.880067e-03,3.748607e-03,4.758462e-03,1.427537e-04,4.446792e-04,6.736637e-01,6.190976e-02,5.894132e-03,7.393302e-04,2.007866e-03,5.582434e-02,1.019498e-01
5.152219e-02,9.910740e-03,3.370458e-02,2.526545e-03,3.267351e-03,4.613168e-03,1.332977e-04,4.337046e-04,5.982612e-01,8.262855e-02,5.205343e-03,6.900259e-04,1.812477e-03,5.098548e-02,1.543054e-01
4.915468e-02,9.559760e-03,4.231879e-02,7.640190e-03,2.692441e-03,4.036028e-03,1.499562e-04,4.122737e-04,6.251847e-01,6.809384e-02,4.253701e-03,1.038855e-03,2.378270e-03,4.310562e-02,1.399810e-01
3.733084e-02,8.669464e-03,5.316198e-02,7.425268e-03,1.990584e-03,3.244690e-03,1.211289e-04,4.026957e-04,6.383402e-01,6.697659e-02,3.890431e-03,1.068231e-03,3.280494e-03,3.364315e-02,1.404543e-01
3.736906e-02,7.593136e-03,4.106909e-02,9.605879e-03,1.732227e-03,3.078998e-03,1.577298e-04,4.346742e-04,5.742831e-01,5.269370e-02,1.102148e-02,1.359726e-03,1.462572e-02,2.476502e-02,2.202106e-01
6.630901e-02,9.383878e-03,3.741866e-02,1.063787e-02,1.607369e-03,5.470237e-03,2.690950e-04,1.006489e-03,5.033926e-01,3.809524e-02,1.062331e-02,1.758027e-03,2.078061e-02,1.836985e-02,2.748778e-01
9.115639e-02,8.777226e-03,2.731921e-02,8.860928e-03,1.811803e-03,8.089117e-03,4.765691e-04,1.246449e-03,4.355609e-01,2.737011e-02,1.089550e-02,2.130237e-03,3.998914e-02,1.341271e-02,3.229038e-01
1.239893e-01,8.449966e-03,2.130907e-02,7.429354e-03,2.480888e-03,1.001989e-02,3.729264e-03,7.679570e-03,3.555149e-01,2.203608e-02,1.054538e-02,5.427910e-03,7.199206e-02,1.319409e-02,3.362023e-01
1.326100e-01,6.429883e-03,1.535346e-02,6.130438e-03,2.398499e-03,9.926728e-03,5.299061e-03,6.752199e-03,2.593471e-01,1.719948e-02,9.856533e-03,1.140801e-02,2.309962e-01,1.159000e-02,2.747024e-01
1.060375e-01,5.309272e-03,1.089770e-02,5.410738e-03,2.439912e-03,1.193222e-02,4.179291e-03,4.981006e-03,1.916792e-01,1.385632e-02,1.365882e-02,1.297861e-02,4.080861e-01,9.787957e-03,1.987654e-01
1.491156e-01,1.686944e-02,8.728972e-03,1.467348e-02,4.007494e-03,1.347168e-02,3.198092e-03,3.794745e-03,1.500967e-01,1.123463e-02,1.542654e-02,3.234751e-02,4.249108e-01,8.970402e-03,1.431539e-01
1.270526e-01,2.580385e-02,6.643805e-03,2.446410e-02,6.785491e-03,1.254888e-02,2.666378e-03,2.911692e-03,1.142312e-01,1.304720e-02,7.303736e-02,7.949539e-02,3.907782e-01,1.374755e-02,1.067863e-01
9.717143e-02,1.880599e-02,4.982956e-03,2.807274e-02,5.556828e-03,9.401737e-03,1.926400e-03,2.174987e-03,8.870116e-02,1.448620e-02,1.228552e-01,1.021512e-01,4.123899e-01,1.463636e-02,7.668693e-02
7.325133e-02,1.383559e-02,3.914881e-03,2.116962e-02,4.649369e-03,7.080372e-03,1.487162e-03,1.606436e-03,7.342467e-02,2.360838e-02,1.231594e-01,1.832646e-01,3.976715e-01,1.515838e-02,5.671837e-02
6.741655e-02,1.128015e-02,3.153326e-03,1.683120e-02,6.472753e-03,5.753228e-03,1.540402e-03,1.289799e-03,6.626919e-02,5.448167e-02,1.099560e-01,2.224054e-01,3.710639e-01,1.650202e-02,4.558446e-02
1.454930e-01,1.124529e-02,4.444305e-03,1.392514e-02,8.199106e-03,1.826155e-02,1.451207e-03,2.193486e-03,6.019661e-02,5.091947e-02,1.058431e-01,2.382590e-01,2.882098e-01,1.764024e-02,3.371873e-02
1.491081e-01,1.107257e-02,7.538956e-03,1.070306e-02,9.785825e-03,5.730728e-02,1.443051e-03,4.615868e-03,5.356017e-02,4.979216e-02,1.218479e-01,2.422176e-01,2.207850e-01,3.442549e-02,2.579704e-02
1.982651e-01,1.654368e-02,1.046603e-02,8.108308e-03,8.685341e-03,4.653624e-02,1.245839e-03,5.335761e-03,3.913608e-02,3.758684e-02,1.957227e-01,1.918411e-01,1.607536e-01,5.779663e-02,2.197674e-02
1.451118e-01,1.292824e-02,8.460676e-03,6.025195e-03,7.366412e-03,3.348101e-02,9.803378e-04,4.080185e-03,2.860208e-02,3.320744e-02,3.624344e-01,1.540202e-01,1.137496e-01,7.270910e-02,1.684345e-02
2.122631e-01,1.546703e-02,1.412969e-02,9.266452e-03,8.803794e-03,2.913329e-02,1.143807e-03,3.938676e-03,2.548271e-02,3.810081e-02,3.175773e-01,1.405408e-01,8.283413e-02,8.271582e-02,1.860262e-02
2.414837e-01,1.267187e-02,1.142234e-02,7.942619e-03,7.460892e-03,2.480981e-02,1.058326e-03,4.255570e-03,2.664183e-02,3.143637e-02,3.067987e-01,1.180297e-01,5.945466e-02,1.276395e-01,1.889416e-02
1.962620e-01,1.316655e-02,1.104011e-02,6.494914e-03,2.109594e-02,1.804624e-02,9.261296e-04,4.027506e-03,3.828352e-02,3.018963e-02,3.928493e-01,9.081120e-02,4.186250e-02,1.185301e-01,1.641436e-02
1.389090e-01,9.772164e-03,8.397520e-03,4.673915e-03,1.707919e-02,1.278327e-02,7.210415e-04,3.023811e-03,4.123518e-02,3.123941e-02,5.241293e-01,6.628726e-02,2.939549e-02,9.993076e-02,1.242270e-02
9.923548e-02,8.970063e-03,7.498209e-03,3.462904e-03,1.430415e-02,1.303805e-02,5.768898e-04,2.617930e-03,6.132565e-02,3.122293e-02,5.837331e-01,5.534165e-02,2.071151e-02,8.854207e-02,9.419392e-03
7.212872e-02,7.152822e-03,6.910603e-03,3.484698e-03,1.577323e-02,1.615129e-02,7.874989e-04,4.086561e-03,5.872001e-02,2.543185e-02,6.527977e-01,4.944325e-02,1.480120e-02,6.525762e-02,7.073012e-03
5.306977e-02,5.606794e-03,6.824608e-03,6.360703e-03,2.067440e-02,1.380397e-02,8.483095e-04,5.494229e-03,7.359593e-02,2.363907e-02,6.778854e-01,4.173215e-02,1.089330e-02,5.310877e-02,6.462721e-03
3.965227e-02,5.055824e-03,8.529894e-03,1.067937e-02,3.160827e-02,1.005348e-02,6.910978e-04,4.654768e-03,9.148265e-02,1.805206e-02,6.947680e-01,3.335758e-02,8.029428e-03,3.821299e-02,5.172483e-03
3.879115e-02,4.432207e-03,1.103163e-02,1.566108e-02,7.502773e-02,8.176939e-03,6.177623e-04,1.321506e-02,1.089244e-01,2.122344e-02,6.320000e-01,2.731801e-02,7.330418e-03,3.158303e-02,4.667194e-03
3.361795e-02,5.603657e-03,1.284944e-02,9.508125e-02,6.539921e-02,7.710147e-03,5.876958e-04,1.937895e-02,1.357631e-01,1.961932e-02,5.182283e-01,3.003988e-02,1.416773e-02,3.498689e-02,6.966541e-03
3.033124e-02,7.412760e-03,2.008782e-02,9.528407e-02,5.233743e-02,9.003980e-03,7.276275e-04,2.387246e-02,1.725764e-01,2.157396e-02,4.459268e-01,3.061482e-02,1.587231e-02,6.288865e-02,1.148974e-02
3.112384e-02,8.293488e-03,3.470692e-02,7.652138e-02,4.571776e-02,1.491470e-02,1.435329e-03,2.071167e-02,1.708890e-01,3.077377e-02,4.267404e-01,2.705954e-02,2.289949e-02,6.735742e-02,2.085542e-02
3.227010e-02,7.913071e-03,5.313348e-02,5.738655e-02,6.461143e-02,3.321690e-02,7.446373e-03,3.029577e-02,2.181460e-01,3.412348e-02,3.244083e-01,2.361070e-02,2.545259e-02,6.383502e-02,2.415034e-02
3.759593e-02,6.398425e-03,4.960717e-02,4.156265e-02,1.504500e-01,1.144760e-01,5.009826e-02,2.213216e-02,1.634722e-01,2.562813e-02,2.347493e-01,1.699129e-02,2.223175e-02,4.729015e-02,1.731671e-02
5.952178e-02,6.863755e-03,5.487284e-02,2.981413e-02,2.447962e-01,1.227988e-01,4.841986e-02,1.870910e-02,1.436636e-01,2.060658e-02,1.658540e-01,1.308903e-02,1.888118e-02,3.437788e-02,1.773132e-02
6.444800e-02,8.121069e-03,5.035580e-02,2.374441e-02,3.107532e-01,1.394114e-01,8.017229e-02,1.929969e-02,1.080950e-01,1.508540e-02,1.177168e-01,9.570106e-03,1.477087e-02,2.507121e-02,1.338473e-02
5.628761e-02,1.015233e-02,5.668224e-02,3.280731e-02,3.492885e-01,1.470551e-01,1.005661e-01,2.353371e-02,8.320713e-02,1.096868e-02,8.301059e-02,6.930518e-03,1.183022e-02,1.780386e-02,9.876152e-03
6.208391e-02,1.541544e-02,6.396119e-02,5.884609e-02,3.168896e-01,1.630058e-01,7.674033e-02,2.385163e-02,7.104787e-02,1.265833e-02,6.012522e-02,5.741430e-03,1.090371e-02,1.318533e-02,4.554408e-02
7.069594e-02,2.105019e-02,6.199116e-02,5.467714e-02,3.446622e-01,1.853455e-01,6.107118e-02,2.851612e-02,5.856523e-02,1.011772e-02,4.433061e-02,4.781007e-03,8.201484e-03,9.945285e-03,3.604923e-02
8.820671e-02,3.085943e-02,9.328668e-02,8.001287e-02,2.900070e-01,1.527832e-01,4.526987e-02,6.210267e-02,5.147370e-02,1.351976e-02,3.337023e-02,4.610530e-03,7.741849e-03,8.036158e-03,3.871931e-02
7.485115e-02,2.479852e-02,7.703608e-02,7.870147e-02,2.502864e-01,1.226757e-01,3.338910e-02,2.221734e-01,3.766609e-02,1.007921e-02,2.426329e-02,3.584420e-03,7.029230e-03,5.798702e-03,2.766714e-02
6.737178e-02,1.965700e-02,7.330699e-02,6.734740e-02,2.194767e-01,8.994818e-02,2.535333e-02,3.513273e-01,2.809607e-02,7.591380e-03,1.815245e-02,2.734163e-03,5.794394e-03,4.161460e-03,1.968139e-02
6.336476e-02,1.590149e-02,6.439179e-02,5.461648e-02,2.222421e-01,6.883447e-02,1.986958e-02,4.261234e-01,2.169847e-02,5.810966e-03,1.329458e-02,2.158637e-03,4.596016e-03,3.005118e-03,1.409210e-02
7.986823e-02,1.616613e-02,5.337734e-02,4.819120e-02,2.256855e-01,5.447308e-02,1.603447e-02,4.486789e-01,2.144467e-02,5.368852e-03,9.929306e-03,2.030260e-03,4.988813e-03,2.282121e-03,1.148113e-02
9.793535e-02,1.595727e-02,6.646716e-02,3.995818e-02,1.735318e-01,4.624118e-02,1.795955e-02,4.869789e-01,1.759089e-02,5.027404e-03,7.505076e-03,2.991335e-03,7.878389e-03,1.906492e-03,1.207100e-02
1.568355e-01,1.553586e-02,7.422095e-02,3.324024e-02,1.436637e-01,4.725264e-02,1.861456e-02,4.517347e-01,1.413256e-02,4.455060e-03,5.773066e-03,3.409647e-03,1.601227e-02,1.711989e-03,1.340734e-02
1.668811e-01,1.467889e-02,7.834060e-02,4.478317e-02,1.053653e-01,5.687932e-02,4.093426e-02,3.316375e-01,1.714840e-02,6.389580e-03,8.756454e-03,9.403201e-03,1.019823e-01,1.543351e-03,1.527661e-02
1.465137e-01,1.324458e-02,8.281595e-02,4.307832e-02,7.589331e-02,5.628430e-02,8.321360e-02,2.375486e-01,1.560594e-02,8.286704e-03,1.014713e-02,2.642115e-02,1.773287e-01,1.711361e-03,2.190680e-02
1.490194e-01,1.170664e-02,6.021236e-02,4.308215e-02,5.372151e-02,4.720591e-02,9.957243e-02,1.668736e-01,1.346492e-02,7.079783e-03,1.097362e-02,5.875221e-02,2.561944e-01,2.119146e-03,2.002202e-02
1.097645e-01,8.408225e-03,4.219062e-02,3.186710e-02,3.776125e-02,8.497352e-02,8.786738e-02,1.170873e-01,9.827825e-03,5.687308e-03,1.698714e-02,6.707788e-02,3.624268e-01,1.582261e-03,1.649090e-02
8.168895e-02,5.937074e-03,2.956229e-02,2.265498e-02,2.665380e-02,8.898571e-02,6.372176e-02,8.208160e-02,7.337315e-03,5.003931e-03,2.583522e-02,7.106149e-02,4.702634e-01,1.168918e-03,1.804366e-02
5.925062e-02,4.238892e-03,2.073725e-02,1.614316e-02,1.919451e-02,6.450907e-02,4.655464e-02,5.811489e-02,5.745784e-03,9.733151e-03,4.067811e-02,9.178784e-02,5.431625e-01,1.496070e-03,1.865354e-02
4.346070e-02,3.457143e-03,1.460930e-02,1.204321e-02,1.390912e-02,4.744611e-02,3.404551e-02,4.077455e-02,6.570785e-03,1.906154e-02,4.246714e-02,9.497108e-02,6.065149e-01,2.262013e-03,1.840697e-02
3.085701e-02,3.017515e-03,1.090389e-02,8.585196e-03,1.068655e-02,3.399546e-02,2.402728e-02,2.860701e-02,6.257054e-03,4.423271e-02,4.595555e-02,1.165143e-01,6.191664e-01,1.815531e-03,1.537861e-02
2.180703e-02,2.344531e-03,7.695800e-03,6.087975e-03,7.781804e-03,2.425410e-02,1.693046e-02,2.023261e-02,7.741875e-03,1.234867e-01,7.247567e-02,1.818154e-01,4.947487e-01,1.361873e-03,1.123555e-02
1.548656e-02,1.975147e-03,5.515508e-03,4.382063e-03,6.129907e-03,1.723286e-02,1.198818e-02,1.433642e-02,1.092785e-02,1.739098e-01,7.331322e-02,2.628235e-01,3.925020e-01,1.194670e-03,8.282290e-03
1.109175e-02,1.662115e-03,4.038156e-03,3.237326e-03,5.273548e-03,1.263587e-02,8.425064e-03,1.023624e-02,1.665651e-02,1.804645e-01,8.264014e-02,3.482717e-01,3.082628e-01,1.060226e-03,6.044031e-03
7.958167e-03,1.455172e-03,2.930721e-03,2.709077e-03,4.379326e-02,8.981830e-03,6.145683e-03,7.566444e-03,1.670277e-01,1.378317e-01,7.034022e-02,3.120878e-01,2.260778e-01,7.789787e-04,4.315415e-03
5.830714e-03,1.201419e-03,2.210890e-03,2.225588e-03,3.937136e-02,6.606050e-03,5.448012e-03,1.306950e-02,3.054882e-01,9.944658e-02,6.022595e-02,2.901685e-01,1.648213e-01,7.924064e-04,3.093582e-03
4.942106e-03,1.506353e-03,2.081519e-03,5.575286e-03,4.568562e-02,7.030401e-03,4.315027e-03,4.602821e-02,3.987999e-01,7.884200e-02,5.614305e-02,2.209396e-01,1.247410e-01,1.000665e-03,2.369212e-03
4.872599e-03,2.444435e-03,2.249924e-03,5.788445e-03,4.572359e-02,6.263165e-03,3.663052e-03,8.096996e-02,4.694278e-01,6.841702e-02,5.085611e-02,1.634894e-01,9.290621e-02,1.070186e-03,1.858013e-03
4.435927e-03,2.337122e-03,2.611752e-03,5.038521e-03,3.806023e-02,5.663772e-03,3.285329e-03,1.001869e-01,5.588532e-01,5.145219e-02,4.089581e-02,1.173492e-01,6.740649e-02,1.012580e-03,1.410940e-03
3.868104e-03,2.067386e-03,3.871787e-03,7.741773e-03,3.190268e-02,5.941412e-03,2.892350e-03,1.625146e-01,5.765335e-01,3.729764e-02,3.145516e-02,8.325308e-02,4.866737e-02,8.324329e-04,1.160747e-03
5.046394e-03,2.023160e-03,4.585724e-03,1.368732e-02,2.633398e-02,6.396817e-03,2.415224e-03,1.688813e-01,6.225485e-01,2.970328e-02,2.278656e-02,5.886642e-02,3.461939e-02,6.232187e-04,1.482767e-03
1.210475e-02,4.515945e-03,3.805748e-03,1.135260e-02,4.689044e-02,8.775728e-03,2.454254e-03,1.249799e-01,6.762195e-01,2.194356e-02,1.638906e-02,4.154186e-02,2.470572e-02,5.561562e-04,3.764800e-03
1.955170e-02,5.714168e-03,3.801217e-03,2.224519e-02,4.567425e-02,7.842332e-03,2.446666e-03,1.120083e-01,6.898578e-01,1.930709e-02,1.240124e-02,3.051026e-02,1.845956e-02,5.967466e-04,9.583385e-03
2.172707e-02,6.976304e-03,5.106820e-03,6.065803e-02,5.191333e-02,5.905770e-03,1.845993e-03,1.598539e-01,6.156998e-01,1.448765e-02,1.045923e-02,2.207981e-02,1.357891e-02,4.880650e-04,9.219211e-03
3.131462e-02,6.496472e-03,4.722189e-03,5.264674e-02,5.051455e-02,4.865998e-03,1.535936e-03,1.612257e-01,6.248792e-01,1.243279e-02,8.675014e-03,1.613631e-02,9.903057e-03,5.721040e-04,1.407923e-02
7.307649e-02,8.606371e-03,4.252322e-03,4.455835e-02,5.930297e-02,4.769593e-03,1.453581e-03,1.538575e-01,5.947708e-01,1.066643e-02,7.493126e-03,1.225079e-02,7.271070e-03,5.811680e-04,1.708942e-02
7.204270e-02,1.141487e-02,2.578653e-02,1.159752e-01,8.365919e-02,4.183637e-03,1.730643e-03,1.706513e-01,4.635138e-01,9.351161e-03,6.859907e-03,9.137748e-03,5.553635e-03,5.166168e-04,1.962296e-02
5.727954e-02,8.230086e-03,1.836473e-02,8.450586e-02,7.591083e-02,3.077444e-03,1.410877e-03,3.571979e-01,3.576601e-01,6.575693e-03,5.046105e-03,6.508759e-03,3.977507e-03,3.905120e-04,1.386400e-02
4.477368e-02,6.404768e-03,1.320202e-02,6.062257e-02,6.272446e-02,2.330545e-03,1.215406e-03,5.276151e-01,2.552670e-01,4.617613e-03,3.717725e-03,4.610986e-03,2.813192e-03,2.966897e-04,9.788292e-03
3.698350e-02,4.923470e-03,9.643046e-03,4.377997e-02,4.836445e-02,1.893230e-03,1.001641e-03,6.551229e-01,1.796408e-01,3.265590e-03,2.900287e-03,3.306275e-03,2.016292e-03,2.261668e-04,6.932454e-03
