1.000000e+00,0.000000e+00,0.000000e+00,0.000000e+00,0.000000e+00,0.000000e+00,0.000000e+00,0.000000e+00,0.000000e+00,0.000000e+00,0.000000e+00,0.000000e+00,0.000000e+00,0.000000e+00,0.000000e+00
1.000000e+00,0.000000e+00,0.000000e+00,0.000000e+00,0.000000e+00,0.000000e+00,0.000000e+00,0.000000e+00,0.000000e+00,0.000000e+00,0.000000e+00,0.000000e+00,0.000000e+00,0.000000e+00,0.000000e+00
1.000000e+00,0.000000e+00,0.000000e+00,0.000000e+00,0.000000e+00,0.000000e+00,0.000000e+00,0.000000e+00,0.000000e+00,0.000000e+00,0.000000e+00,0.000000e+00,0.000000e+00,0.000000e+00,0.000000e+00
1.000000e+00,0.000000e+00,0.000000e+00,0.000000e+00,0.000000e+00,0.000000e+00,0.000000e+00,0.000000e+00,0.000000e+00,0.000000e+00,0.000000e+00,0.000000e+00,0.000000e+00,0.000000e+00,0.000000e+00
1.000000e+00,0.000000e+00,0.000000e+00,0.000000e+00,0.000000e+00,0.000000e+00,0.000000e+00,0.000000e+00,0.000000e+00,0.000000e+00,0.000000e+00,0.000000e+00,0.000000e+00,0.000000e+00,0.000000e+00
1.000000e+00,0.000000e+00,0.000000e+00,0.000000e+00,0.000000e+00,0.000000e+00,0.000000e+00,0.000000e+00,0.000000e+00,0.000000e+00,0.000000e+00,0.000000e+00,0.000000e+00,0.000000e+00,0.000000e+00
1.000000e+00,0.000000e+00,0.000000e+00,0.000000e+00,0.000000e+00,0.000000e+00,0.000000e+00,0.000000e+00,0.000000e+00,0.000000e+00,0.000000e+00,0.000000e+00,0.000000e+00,0.000000e+00,0.000000e+00
1.000000e+00,0.000000e+00,0.000000e+00,0.000000e+00,0.000000e+00,0.000000e+00,0.000000e+00,0.000000e+00,0.000000e+00,0.000000e+00,0.000000e+00,0.000000e+00,0.000000e+00,0.000000e+00,0.000000e+00
1.000000e+00,0.000000e+00,0.000000e+00,0.000000e+00,0.000000e+00,0.000000e+00,0.000000e+00,0.000000e+00,0.000000e+00,0.000000e+00,0.000000e+00,0.000000e+00,0.000000e+00,0.000000e+00,0.000000e+00
1.000000e+00,0.000000e+00,0.000000e+00,0.000000e+00,0.000000e+00,0.000000e+00,0.000000e+00,0.000000e+00,0.000000e+00,0.000000e+00,0.000000e+00,0.000000e+00,0.000000e+00,0.000000e+00,0.000000e+00
1.000000e+00,0.000000e+00,0.000000e+00,0.000000e+00,0.000000e+00,0.000000e+00,0.000000e+00,0.000000e+00,0.000000e+00,0.000000e+00,0.000000e+00,0.000000e+00,0.000000e+00,0.000000e+00,0.000000e+00
1.000000e+00,0.000000e+00,0.000000e+00,0.000000e+00,0.000000e+00,0.000000e+00,0.000000e+00,0.000000e+00,0.000000e+00,0.000000e+00,0.000000e+00,0.000000e+00,0.000000e+00,0.000000e+00,0.000000e+00
1.000000e+00,0.000000e+00,0.000000e+00,0.000000e+00,0.000000e+00,0.000000e+00,0.000000e+00,0.000000e+00,0.000000e+00,0.000000e+00,0.000000e+00,0.000000e+00,0.000000e+00,0.000000e+00,0.000000e+00
1.000000e+00,0.000000e+00,0.000000e+00,0.000000e+00,0.000000e+00,0.000000e+00,0.000000e+00,0.000000e+00,0.000000e+00,0.000000e+00,0.000000e+00,0.000000e+00,0.000000e+00,0.000000e+00,0.000000e+00
1.000000e+00,0.000000e+00,0.000000e+00,0.000000e+00,0.000000e+00,0.000000e+00,0.000000e+00,0.000000e+00,0.000000e+00,0.000000e+00,0.000000e+00,0.000000e+00,0.000000e+00,0.000000e+00,0.000000e+00
1.000000e+00,0.000000e+00,0.000000e+00,0.000000e+00,0.000000e+00,0.000000e+00,0.000000e+00,0.000000e+00,0.000000e+00,0.000000e+00,0.000000e+00,0.000000e+00,0.000000e+00,0.000000e+00,0.000000e+00
1.000000e+00,0.000000e+00,0.000000e+00,0.000000e+00,0.000000e+00,0.000000e+00,0.000000e+00,0.000000e+00,0.000000e+00,0.000000e+00,0.000000e+00,0.000000e+00,0.000000e+00,0.000000e+00,0.000000e+00
1.000000e+00,0.000000e+00,0.000000e+00,0.000000e+00,0.000000e+00,0.000000e+00,0.000000e+00,0.000000e+00,0.000000e+00,0.000000e+00,0.000000e+00,0.000000e+00,0.000000e+00,0.000000e+00,0.000000e+00
1.000000e+00,0.000000e+00,0.000000e+00,0.000000e+00,0.000000e+00,0.000000e+00,0.000000e+00,0.000000e+00,0.000000e+00,0.000000e+00,0.000000e+00,0.000000e+00,0.000000e+00,0.000000e+00,0.000000e+00
1.000000e+00,0.000000e+00,0.000000e+00,0.000000e+00,0.000000e+00,0.000000e+00,0.000000e+00,0.000000e+00,0.000000e+00,0.000000e+00,0.000000e+00,0.000000e+00,0.000000e+00,0.000000e+00,0.000000e+00
1.000000e+00,0.000000e+00,0.000000e+00,0.000000e+00,0.000000e+00,0.000000e+00,0.000000e+00,0.000000e+00,0.000000e+00,0.000000e+00,0.000000e+00,0.000000e+00,0.000000e+00,0.000000e+00,0.000000e+00
1.000000e+00,0.000000e+00,0.000000e+00,0.000000e+00,0.000000e+00,0.000000e+00,0.000000e+00,0.000000e+00,0.000000e+00,0.000000e+00,0.000000e+00,0.000000e+00,0.000000e+00,0.000000e+00,0.000000e+00
1.000000e+00,0.000000e+00,0.000000e+00,0.000000e+00,0.000000e+00,0.000000e+00,0.000000e+00,0.000000e+00,0.000000e+00,0.000000e+00,0.000000e+00,0.000000e+00,0.000000e+00,0.000000e+00,0.000000e+00
1.000000e+00,0.000000e+00,0.000000e+00,0.000000e+00,0.000000e+00,0.000000e+00,0.000000e+00,0.000000e+00,0.000000e+00,0.000000e+00,0.000000e+00,0.000000e+00,0.000000e+00,0.000000e+00,0.000000e+00
1.000000e+00,0.000000e+00,0.000000e+00,0.000000e+00,0.000000e+00,0.000000e+00,0.000000e+00,0.000000e+00,0.000000e+00,0.000000e+00,0.000000e+00,0.000000e+00,0.000000e+00,0.000000e+00,0.000000e+00
1.000000e+00,0.000000e+00,0.000000e+00,0.000000e+00,0.000000e+00,0.000000e+00,0.000000e+00,0.000000e+00,0.000000e+00,0.000000e+00,0.000000e+00,0.000000e+00,0.000000e+00,0.000000e+00,0.000000e+00
1.000000e+00,0.000000e+00,0.000000e+00,0.000000e+00,0.000000e+00,0.000000e+00,0.000000e+00,0.000000e+00,0.000000e+00,0.000000e+00,0.000000e+00,0.000000e+00,0.000000e+00,0.000000e+00,0.000000e+00
1.000000e+00,0.000000e+00,0.000000e+00,0.000000e+00,0.000000e+00,0.000000e+00,0.000000e+00,0.000000e+00,0.000000e+00,0.000000e+00,0.000000e+00,0.000000e+00,0.000000e+00,0.000000e+00,0.000000e+00
1.000000e+00,0.000000e+00,0.000000e+00,0.000000e+00,0.000000e+00,0.000000e+00,0.000000e+00,0.000000e+00,0.000000e+00,0.000000e+00,0.000000e+00,0.000000e+00,0.000000e+00,0.000000e+00,0.000000e+00
1.000000e+00,0.000000e+00,0.000000e+00,0.000000e+00,0.000000e+00,0.000000e+00,0.000000e+00,0.000000e+00,0.000000e+00,0.000000e+00,0.000000e+00,0.000000e+00,0.000000e+00,0.000000e+00,0.000000e+00
1.000000e+00,0.000000e+00,0.000000e+00,0.000000e+00,0.000000e+00,0.000000e+00,0.000000e+00,0.000000e+00,0.000000e+00,0.000000e+00,0.000000e+00,0.000000e+00,0.000000e+00,0.000000e+00,0.000000e+00
1.000000e+00,0.000000e+00,0.000000e+00,0.000000e+00,0.000000e+00,0.000000e+00,0.000000e+00,0.000000e+00,0.000000e+00,0.000000e+00,0.000000e+00,0.000000e+00,0.000000e+00,0.000000e+00,0.000000e+00
1.000000e+00,0.000000e+00,0.000000e+00,0.000000e+00,0.000000e+00,0.000000e+00,0.000000e+00,0.000000e+00,0.000000e+00,0.000000e+00,0.000000e+00,0.000000e+00,0.000000e+00,0.000000e+00,0.000000e+00
1.000000e+00,0.000000e+00,0.000000e+00,0.000000e+00,0.000000e+00,0.000000e+00,0.000000e+00,0.000000e+00,0.000000e+00,0.000000e+00,0.000000e+00,0.000000e+00,0.000000e+00,0.000000e+00,0.000000e+00
1.000000e+00,0.000000e+00,0.000000e+00,0.000000e+00,0.000000e+00,0.000000e+00,0.000000e+00,0.000000e+00,0.000000e+00,0.000000e+00,0.000000e+00,0.000000e+00,0.000000e+00,0.000000e+00,0.000000e+00
1.000000e+00,0.000000e+00,0.000000e+00,0.000000e+00,0.000000e+00,0.000000e+00,0.000000e+00,0.000000e+00,0.000000e+00,0.000000e+00,0.000000e+00,0.000000e+00,0.000000e+00,0.000000e+00,0.000000e+00
1.000000e+00,0.000000e+00,0.000000e+00,0.000000e+00,0.000000e+00,0.000000e+00,0.000000e+00,0.000000e+00,0.000000e+00,0.000000e+00,0.000000e+00,0.000000e+00,0.000000e+00,0.000000e+00,0.000000e+00
1.000000e+00,0.000000e+00,0.000000e+00,0.000000e+00,0.000000e+00,0.000000e+00,0.000000e+00,0.000000e+00,0.000000e+00,0.000000e+00,0.000000e+00,0.000000e+00,0.000000e+00,0.000000e+00,0.000000e+00
1.000000e+00,0.000000e+00,0.000000e+00,0.000000e+00,0.000000e+00,0.000000e+00,0.000000e+00,0.000000e+00,0.000000e+00,0.000000e+00,0.000000e+00,0.000000e+00,0.000000e+00,0.000000e+00,0.000000e+00
1.000000e+00,0.000000e+00,0.000000e+00,0.000000e+00,0.000000e+00,0.000000e+00,0.000000e+00,0.000000e+00,0.000000e+00,0.000000e+00,0.000000e+00,0.000000e+00,0.000000e+00,0.000000e+00,0.000000e+00
1.000000e+00,0.000000e+00,0.000000e+00,0.000000e+00,0.000000e+00,0.000000e+00,0.000000e+00,0.000000e+00,0.000000e+00,0.000000e+00,0.000000e+00,0.000000e+00,0.000000e+00,0.000000e+00,0.000000e+00
1.000000e+00,0.000000e+00,0.000000e+00,0.000000e+00,0.000000e+00,0.000000e+00,0.000000e+00,0.000000e+00,0.000000e+00,0.000000e+00,0.000000e+00,0.000000e+00,0.000000e+00,0.000000e+00,0.000000e+00
1.000000e+00,0.000000e+00,0.000000e+00,0.000000e+00,0.000000e+00,0.000000e+00,0.000000e+00,0.000000e+00,0.000000e+00,0.000000e+00,0.000000e+00,0.000000e+00,0.000000e+00,0.000000e+00,0.000000e+00
1.000000e+00,0.000000e+00,0.000000e+00,0.000000e+00,0.000000e+00,0.000000e+00,0.000000e+00,0.000000e+00,0.000000e+00,0.000000e+00,0.000000e+00,0.000000e+00,0.000000e+00,0.000000e+00,0.000000e+00
1.000000e+00,0.000000e+00,0.000000e+00,0.000000e+00,0.000000e+00,0.000000e+00,0.000000e+00,0.000000e+00,0.000000e+00,0.000000e+00,0.000000e+00,0.000000e+00,0.000000e+00,0.000000e+00,0.000000e+00
1.000000e+00,0.000000e+00,0.000000e+00,0.000000e+00,0.000000e+00,0.000000e+00,0.000000e+00,0.000000e+00,0.000000e+00,0.000000e+00,0.000000e+00,0.000000e+00,0.000000e+00,0.000000e+00,0.000000e+00
1.000000e+00,0.000000e+00,0.000000e+00,0.000000e+00,0.000000e+00,0.000000e+00,0.000000e+00,0.000000e+00,0.000000e+00,0.000000e+00,0.000000e+00,0.000000e+00,0.000000e+00,0.000000e+00,0.000000e+00
1.000000e+00,0.000000e+00,0.000000e+00,0.000000e+00,0.000000e+00,0.000000e+00,0.000000e+00,0.000000e+00,0.000000e+00,0.000000e+00,0.000000e+00,0.000000e+00,0.000000e+00,0.000000e+00,0.000000e+00
1.000000e+00,0.000000e+00,0.000000e+00,0.000000e+00,0.000000e+00,0.000000e+00,0.000000e+00,0.000000e+00,0.000000e+00,0.000000e+00,0.000000e+00,0.000000e+00,0.000000e+00,0.000000e+00,0.000000e+00
1.000000e+00,0.000000e+00,0.000000e+00,0.000000e+00,0.000000e+00,0.000000e+00,0.000000e+00,0.000000e+00,0.000000e+00,0.000000e+00,0.000000e+00,0.000000e+00,0.000000e+00,0.000000e+00,0.000000e+00
1.000000e+00,0.000000e+00,0.000000e+00,0.000000e+00,0.000000e+00,0.000000e+00,0.000000e+00,0.000000e+00,0.000000e+00,0.000000e+00,0.000000e+00,0.000000e+00,0.000000e+00,0.000000e+00,0.000000e+00
1.000000e+00,0.000000e+00,0.000000e+00,0.000000e+00,0.000000e+00,0.000000e+00,0.000000e+00,0.000000e+00,0.000000e+00,0.000000e+00,0.000000e+00,0.000000e+00,0.000000e+00,0.000000e+00,0.000000e+00
1.000000e+00,0.000000e+00,0.000000e+00,0.000000e+00,0.000000e+00,0.000000e+00,0.000000e+00,0.000000e+00,0.000000e+00,0.000000e+00,0.000000e+00,0.000000e+00,0.000000e+00,0.000000e+00,0.000000e+00
1.000000e+00,0.000000e+00,0.000000e+00,0.000000e+00,0.000000e+00,0.000000e+00,0.000000e+00,0.000000e+00,0.000000e+00,0.000000e+00,0.000000e+00,0.000000e+00,0.000000e+00,0.000000e+00,0.000000e+00
4.216528e-01,1.121615e-02,1.222071e-01,7.533556e-02,8.852025e-03,1.421246e-02,4.417741e-03,2.871971e-01,3.824856e-03,9.826046e-04,9.325351e-03,1.796182e-02,1.208904e-02,1.858153e-03,8.867281e-03
2.980169e-01,7.884415e-03,9.215540e-02,5.830648e-02,7.142116e-03,1.042711e-02,3.248271e-03,4.838511e-01,2.713494e-03,6.943797e-04,6.720425e-03,1.264553e-02,8.612663e-03,1.326824e-03,6.254885e-03
2.096260e-01,5.536777e-03,6.896432e-02,4.611893e-02,5.816835e-03,7.726522e-03,2.689408e-03,6.257718e-01,1.935862e-03,4.909468e-04,4.846616e-03,8.874360e-03,6.240222e-03,9.492962e-04,4.412193e-03
1.470457e-01,3.898561e-03,4.936418e-02,3.327049e-02,4.413649e-03,5.909309e-03,2.491178e-03,7.338124e-01,1.362702e-03,3.474738e-04,3.520063e-03,6.240433e-03,4.530313e-03,6.949633e-04,3.098623e-03
1.030988e-01,2.742829e-03,3.505233e-02,2.364596e-02,3.798989e-03,4.622458e-03,5.720017e-03,8.070577e-01,9.591376e-04,2.491932e-04,2.581068e-03,4.391325e-03,3.396276e-03,5.022755e-04,2.181655e-03
7.220217e-02,1.929294e-03,2.463146e-02,1.658849e-02,3.208400e-03,4.022349e-03,6.458559e-03,8.435758e-01,6.756625e-04,2.063782e-04,3.771577e-03,7.223278e-03,1.297580e-02,8.995539e-04,1.631223e-03
5.059897e-02,1.358056e-03,1.733661e-02,1.167056e-02,2.634129e-03,3.047311e-03,4.909124e-03,6.979534e-01,4.949635e-04,1.408422e-03,7.606870e-03,9.624839e-03,1.527131e-01,2.130484e-03,3.651313e-02
3.551259e-02,9.696652e-04,1.221136e-02,8.206340e-03,2.113366e-03,2.340542e-03,3.629080e-03,5.254713e-01,3.723899e-04,2.662103e-03,7.305476e-03,9.743941e-03,2.543991e-01,1.027827e-02,1.247844e-01
2.488044e-02,7.024193e-04,8.569947e-03,5.777951e-03,1.591509e-03,1.778448e-03,2.639803e-03,3.695574e-01,3.739441e-04,2.931104e-03,6.003197e-03,9.096821e-03,3.301428e-01,1.074513e-02,2.252090e-01
1.744159e-02,6.726802e-04,6.059189e-03,4.101606e-03,1.202028e-03,1.397421e-03,1.915478e-03,2.590394e-01,8.087270e-04,2.595998e-03,5.198757e-03,8.160317e-03,3.347310e-01,1.792222e-02,3.387536e-01
1.266108e-02,1.066078e-03,4.398228e-03,3.617507e-03,1.907139e-03,8.334152e-03,1.600569e-03,1.814513e-01,1.199879e-02,1.236399e-02,1.464252e-02,4.481649e-02,3.736989e-01,2.502418e-02,3.024190e-01
1.028256e-02,3.032383e-03,3.199310e-03,3.795669e-03,2.215364e-03,1.830300e-02,1.208231e-03,1.271030e-01,4.658896e-02,1.785579e-02,7.398202e-02,6.003241e-02,3.013983e-01,4.813847e-02,2.828644e-01
8.325947e-03,4.405098e-03,2.607767e-03,4.126808e-03,4.680578e-03,3.113012e-02,1.098323e-03,8.931388e-02,5.772316e-02,1.704507e-02,9.397571e-02,8.984220e-02,2.804672e-01,9.090114e-02,2.243569e-01
6.135671e-03,3.517403e-03,2.019180e-03,5.239247e-03,6.877735e-03,2.672834e-02,8.784106e-04,6.270953e-02,6.665206e-02,1.339174e-02,1.282076e-01,2.000961e-01,2.104212e-01,1.089249e-01,1.582008e-01
4.489840e-03,4.355937e-03,2.973859e-03,4.831573e-03,8.835411e-03,2.118820e-02,6.912492e-04,4.402063e-02,7.072654e-02,1.026203e-02,1.481392e-01,2.898885e-01,1.552073e-01,1.228373e-01,1.115524e-01
3.496818e-03,4.325804e-03,4.531817e-03,4.518526e-03,8.477587e-03,1.582554e-02,5.177340e-04,3.102663e-02,1.286563e-01,1.214409e-02,1.642893e-01,2.468771e-01,1.100873e-01,1.865243e-01,7.870109e-02
3.335944e-03,3.935942e-03,4.304754e-03,4.002177e-03,7.324130e-03,1.260425e-02,3.797949e-04,2.189624e-02,1.527360e-01,1.022567e-02,2.468706e-01,1.879099e-01,7.784948e-02,2.098853e-01,5.673988e-02
3.288031e-03,4.312715e-03,3.695331e-03,3.336814e-03,6.939618e-03,1.038718e-02,2.838858e-04,1.553200e-02,1.763002e-01,9.659719e-03,2.971623e-01,1.397083e-01,5.564410e-02,2.313933e-01,4.235660e-02
4.411338e-03,3.612017e-03,2.807671e-03,2.690341e-03,5.460033e-03,7.927428e-03,2.125682e-04,1.103280e-02,2.755309e-01,1.235643e-02,2.700098e-01,1.090866e-01,3.925189e-02,2.256836e-01,2.992677e-02
5.185259e-03,3.256648e-03,2.481032e-03,2.227882e-03,4.551888e-03,6.220702e-03,1.564384e-04,7.828620e-03,3.264729e-01,1.202877e-02,2.530761e-01,8.340683e-02,2.778421e-02,2.441342e-01,2.118864e-02
4.307964e-03,2.606459e-03,2.171758e-03,1.655836e-03,3.376431e-03,4.925993e-03,1.167913e-04,5.526688e-03,3.358287e-01,9.206967e-03,2.358135e-01,6.291901e-02,1.978706e-02,2.967824e-01,1.497447e-02
4.426436e-03,1.063843e-02,8.839349e-03,1.287485e-03,2.763226e-03,6.174722e-03,1.072274e-04,4.020432e-03,3.600985e-01,8.846318e-03,2.118378e-01,4.801089e-02,1.425102e-02,3.077419e-01,1.095620e-02
3.951388e-03,9.029675e-03,7.554106e-03,1.013755e-03,2.204499e-03,5.191803e-03,8.496200e-05,2.858138e-03,3.723484e-01,8.028174e-03,2.287472e-01,3.878570e-02,1.025686e-02,3.020594e-01,7.885925e-03
3.973913e-03,1.038606e-02,1.012295e-02,8.496952e-04,2.164402e-03,6.264375e-03,1.202368e-04,2.378644e-03,3.938549e-01,8.922821e-03,2.267396e-01,3.226021e-02,7.724720e-03,2.884001e-01,5.837353e-03
4.465897e-03,9.497950e-03,9.284778e-03,8.861860e-04,2.064950e-03,5.496049e-03,1.110649e-04,2.354670e-03,4.620589e-01,8.061092e-03,1.967976e-01,2.434412e-02,5.732446e-03,2.645274e-01,4.316892e-03
1.020873e-02,8.489791e-03,3.399271e-02,5.473857e-03,3.816803e-03,5.222347e-03,2.101806e-04,5.104465e-03,4.960671e-01,1.041384e-02,1.923868e-01,1.740507e-02,4.226367e-03,2.031187e-01,3.863213e-03
1.013479e-02,1.005325e-02,3.056705e-02,4.469845e-03,4.878766e-03,5.313164e-03,1.712830e-04,4.567811e-03,5.724828e-01,1.253469e-02,1.460810e-01,1.235079e-02,3.137904e-03,1.771402e-01,6.116548e-03
1.125135e-02,9.460222e-03,3.612203e-02,5.705632e-03,5.284971e-03,6.412795e-03,2.560187e-04,7.159333e-03,6.128945e-01,1.148793e-02,1.193349e-01,8.778629e-03,2.553210e-03,1.578472e-01,5.451223e-03
1.845242e-02,8.428612e-03,8.489466e-02,7.943049e-03,4.673182e-03,8.537496e-03,2.176356e-04,6.862885e-03,5.934758e-01,1.020735e-02,9.401998e-02,6.225495e-03,2.067664e-03,1.483658e-01,5.627960e-03
2.402439e-02,7.732232e-03,9.093811e-02,6.735383e-03,5.831218e-03,1.145468e-02,2.927895e-04,7.480292e-03,5.505031e-01,1.012277e-02,8.458000e-02,4.506356e-03,1.798775e-03,1.888274e-01,5.172487e-03
3.107407e-02,7.314943e-03,9.709208e-02,9.758314e-03,1.316503e-02,1.443452e-02,4.669441e-04,2.311547e-02,5.246863e-01,1.201493e-02,8.015158e-02,5.794409e-03,7.584436e-03,1.672496e-01,6.097353e-03
3.891904e-02,1.136652e-02,7.993232e-02,8.704091e-03,1.734581e-02,4.023633e-02,1.149478e-03,1.863535e-02,4.845714e-01,1.039199e-02,1.076777e-01,5.547152e-03,6.657764e-03,1.611131e-01,7.752032e-03
4.976700e-02,1.057295e-02,7.829689e-02,9.089424e-03,2.323299e-02,7.766858e-02,2.028774e-03,2.442768e-02,4.194337e-01,1.156515e-02,1.064200e-01,5.562554e-03,5.831912e-03,1.685351e-01,7.567309e-03
7.324561e-02,1.139813e-02,1.253098e-01,2.340206e-02,4.327178e-02,7.746549e-02,3.221147e-03,8.382919e-02,3.183193e-01,8.676167e-03,8.038554e-02,5.859602e-03,6.164885e-03,1.332765e-01,6.174718e-03
1.185942e-01,1.191917e-02,9.781095e-02,5.130759e-02,8.209868e-02,6.687761e-02,4.642230e-03,6.497456e-02,2.679814e-01,7.421823e-03,7.339943e-02,1.264638e-02,9.803652e-03,1.234690e-01,7.053245e-03
1.113143e-01,1.363896e-02,1.040520e-01,5.505927e-02,1.085491e-01,5.422978e-02,5.758412e-03,7.227323e-02,2.225807e-01,1.779422e-02,7.054694e-02,3.346957e-02,1.877274e-02,1.041513e-01,7.809327e-03
1.238420e-01,1.360895e-02,7.679556e-02,4.408118e-02,1.180882e-01,5.525638e-02,5.966022e-03,5.844828e-02,1.870570e-01,1.364507e-02,7.058389e-02,8.293734e-02,2.429345e-02,1.173858e-01,8.010828e-03
1.333437e-01,1.376909e-02,5.760920e-02,3.415660e-02,1.015923e-01,5.276197e-02,9.322820e-03,5.858229e-02,1.568249e-01,1.106146e-02,7.289247e-02,1.223128e-01,3.367046e-02,1.335185e-01,8.581433e-03
1.164210e-01,1.573566e-02,5.801090e-02,3.011096e-02,1.065628e-01,4.761713e-02,1.889922e-02,1.474378e-01,1.259184e-01,2.138488e-02,5.663299e-02,1.003743e-01,3.927499e-02,1.080855e-01,7.533526e-03
1.052408e-01,1.965297e-02,4.612529e-02,2.215341e-02,1.035779e-01,4.166791e-02,1.033627e-01,1.933934e-01,9.621476e-02,2.882024e-02,4.072368e-02,7.324225e-02,3.423142e-02,8.548831e-02,6.104944e-03
1.283739e-01,2.803149e-02,5.600283e-02,1.717848e-02,9.262195e-02,4.013883e-02,1.329539e-01,1.813801e-01,8.140467e-02,5.819514e-02,3.050554e-02,5.449003e-02,2.849921e-02,6.485381e-02,5.370148e-03
1.990696e-01,2.593292e-02,4.654290e-02,1.304553e-02,8.128963e-02,3.612786e-02,1.343211e-01,1.555300e-01,1.080757e-01,5.757431e-02,2.280989e-02,4.363418e-02,2.246455e-02,4.830523e-02,5.276509e-03
2.564723e-01,2.159239e-02,4.194635e-02,1.036477e-02,7.724410e-02,3.027127e-02,1.181336e-01,1.564716e-01,1.175069e-01,6.248434e-02,1.699945e-02,3.401566e-02,1.668220e-02,3.499879e-02,4.816249e-03
2.918950e-01,1.837941e-02,3.271040e-02,8.168955e-03,6.125838e-02,2.399664e-02,9.760811e-02,1.263967e-01,1.335706e-01,1.199829e-01,1.299012e-02,2.996890e-02,1.275604e-02,2.528294e-02,5.034850e-03
3.602563e-01,1.705996e-02,2.885844e-02,7.712652e-03,4.763403e-02,2.182745e-02,8.304380e-02,1.021141e-01,1.284342e-01,1.295528e-01,1.003134e-02,2.821133e-02,1.018508e-02,1.835216e-02,6.726450e-03
4.285913e-01,1.502103e-02,2.582341e-02,8.721717e-03,4.362441e-02,2.000833e-02,6.620821e-02,8.228952e-02,1.093321e-01,1.300121e-01,8.163087e-03,2.994358e-02,1.009303e-02,1.378803e-02,8.380105e-03
4.490713e-01,1.337971e-02,3.000334e-02,1.240867e-02,4.074513e-02,2.011934e-02,6.969739e-02,1.011898e-01,8.742631e-02,1.102538e-01,7.160338e-03,2.905482e-02,1.029805e-02,1.018319e-02,9.008759e-03
4.793211e-01,1.228849e-02,2.752212e-02,1.809089e-02,4.015525e-02,1.812558e-02,6.416774e-02,1.251319e-01,6.750535e-02,9.254570e-02,5.629901e-03,2.470388e-02,9.451374e-03,7.831517e-03,7.529235e-03
1.000000e+00,0.000000e+00,0.000000e+00,0.000000e+00,0.000000e+00,0.000000e+00,0.000000e+00,0.000000e+00,0.000000e+00,0.000000e+00,0.000000e+00,0.000000e+00,0.000000e+00,0.000000e+00,0.000000e+00
1.000000e+00,0.000000e+00,0.000000e+00,0.000000e+00,0.000000e+00,0.000000e+00,0.000000e+00,0.000000e+00,0.000000e+00,0.000000e+00,0.000000e+00,0.000000e+00,0.000000e+00,0.000000e+00,0.000000e+00
3.892720e-01,8.473132e-03,4.162103e-02,1.884955e-02,2.432564e-02,2.444308e-02,4.577747e-02,3.027219e-01,2.751116e-02,6.629941e-02,4.514389e-03,2.167556e-02,9.690503e-03,4.768177e-03,1.005687e-02
3.208530e-01,9.267151e-03,3.588157e-02,2.672605e-02,2.490944e-02,2.423545e-02,3.324142e-02,3.400295e-01,2.186541e-02,1.108547e-01,4.063217e-03,1.679854e-02,9.035381e-03,4.462170e-03,1.777698e-02
2.287652e-01,7.417663e-03,2.878034e-02,3.170765e-02,1.899808e-02,2.118075e-02,2.413146e-02,3.288352e-01,1.697100e-02,1.121787e-01,3.131952e-02,6.737466e-02,5.294859e-02,1.359620e-02,1.579501e-02
1.610934e-01,5.357148e-03,2.052779e-02,2.395662e-02,1.404127e-02,1.518953e-02,1.712416e-02,2.397840e-01,1.242698e-02,1.000397e-01,1.219219e-01,1.815195e-01,4.087663e-02,3.479465e-02,1.134671e-02
1.133219e-01,3.973824e-03,1.464895e-02,1.765133e-02,1.291687e-02,1.123728e-02,1.362326e-02,1.766538e-01,1.083164e-02,7.879932e-02,2.735842e-01,1.948100e-01,2.967968e-02,3.977345e-02,8.494478e-03
7.942215e-02,2.934543e-03,1.051894e-02,1.258699e-02,1.054293e-02,8.284780e-03,1.014250e-02,1.254410e-01,9.071897e-03,5.608329e-02,2.971224e-01,2.286213e-01,2.112286e-02,1.220886e-01,6.015749e-03
5.594713e-02,2.269892e-03,7.467988e-03,9.737929e-03,7.922719e-03,7.558856e-03,7.488255e-03,8.806948e-02,7.384985e-03,3.990617e-02,3.587804e-01,1.676568e-01,1.496994e-02,2.205273e-01,4.312210e-03
3.937427e-02,1.733298e-03,5.282092e-03,7.327889e-03,5.932637e-03,6.591444e-03,5.430672e-03,6.179662e-02,6.883228e-03,2.811819e-02,3.746268e-01,1.364683e-01,1.066546e-02,3.067050e-01,3.064067e-03
2.819922e-02,4.517217e-03,5.191318e-03,5.830330e-03,4.685520e-03,4.452556e-02,3.922748e-03,4.359252e-02,8.598206e-03,2.007561e-02,4.143088e-01,9.889354e-02,8.272536e-03,3.070403e-01,2.346494e-03
2.000445e-02,3.457405e-03,3.708642e-03,4.567355e-03,3.451467e-03,4.204751e-02,2.765778e-03,3.056838e-02,7.034956e-03,1.437923e-02,4.272673e-01,7.262849e-02,6.733794e-03,3.594995e-01,1.885732e-03
1.431139e-02,9.674056e-03,2.841611e-03,3.714856e-03,3.217896e-03,3.707142e-02,1.957499e-03,2.147084e-02,1.130193e-02,1.058011e-02,3.820530e-01,5.723246e-02,5.431869e-03,4.372623e-01,1.878791e-03
1.020119e-02,2.262047e-02,5.886913e-03,3.748038e-03,5.576102e-03,2.935533e-02,1.471747e-03,1.509761e-02,3.191980e-02,2.538472e-02,3.646729e-01,4.237814e-02,4.232908e-03,4.326320e-01,4.822118e-03
7.363584e-03,2.052470e-02,5.936988e-03,3.351415e-03,6.297102e-03,2.412215e-02,1.045396e-03,1.066500e-02,5.541771e-02,2.021400e-02,3.346788e-01,3.103292e-02,3.322244e-03,4.719656e-01,4.062373e-03
5.217941e-03,1.761242e-02,4.684820e-03,2.445946e-03,5.710503e-03,2.275089e-02,7.365635e-04,7.487136e-03,6.609208e-02,1.577675e-02,3.049889e-01,2.283948e-02,2.763198e-03,5.178974e-01,2.995954e-03
3.709221e-03,1.350738e-02,3.566821e-03,1.904125e-03,4.778688e-03,2.514229e-02,5.197397e-04,5.254931e-03,5.818196e-02,1.280254e-02,2.714262e-01,1.721651e-02,2.337062e-03,5.774491e-01,2.203321e-03
2.670562e-03,1.058389e-02,2.537485e-03,1.758849e-03,3.837775e-03,2.966526e-02,3.737041e-04,3.688145e-03,6.816194e-02,1.259277e-02,2.845547e-01,1.547984e-02,1.179900e-02,5.505239e-01,1.772150e-03
2.061544e-03,2.130623e-02,1.882574e-03,1.424178e-03,3.358942e-03,9.586640e-02,2.749416e-04,2.627292e-03,1.601055e-01,1.103665e-02,2.231206e-01,1.455759e-02,1.026497e-02,4.506921e-01,1.420508e-03
1.569415e-03,2.971573e-02,1.379464e-03,1.197685e-03,2.688388e-03,2.288781e-01,1.988656e-04,1.912919e-03,1.997530e-01,9.120254e-03,1.701774e-01,1.106993e-02,7.516400e-03,3.335247e-01,1.297679e-03
3.626678e-03,3.214092e-02,1.415310e-03,1.880120e-03,3.695178e-03,2.242787e-01,1.733652e-04,1.503705e-03,2.658351e-01,1.221054e-02,1.655694e-01,9.861024e-03,6.623254e-03,2.695453e-01,1.641425e-03
3.255669e-03,2.977277e-02,1.032133e-03,1.970662e-03,2.998900e-03,1.860627e-01,1.309965e-04,1.098019e-03,2.940094e-01,1.302013e-02,2.126481e-01,1.340163e-02,8.944103e-03,2.301981e-01,1.456688e-03
3.100593e-03,2.321523e-02,7.970671e-04,1.611783e-03,2.839388e-03,1.319548e-01,1.392853e-04,8.704683e-04,2.919956e-01,1.638500e-02,3.265662e-01,1.265257e-02,1.301857e-02,1.732571e-01,1.596223e-03
2.455324e-03,1.742583e-02,6.523618e-04,1.257210e-03,3.723965e-03,9.335379e-02,2.485108e-04,8.054883e-04,2.570807e-01,1.326145e-02,4.579689e-01,1.032710e-02,1.616689e-02,1.238439e-01,1.428575e-03
2.566347e-03,1.520600e-02,6.620965e-04,9.714121e-04,4.557405e-03,6.689527e-02,3.703561e-04,1.013203e-03,2.534001e-01,1.021591e-02,5.244404e-01,8.519731e-03,2.225225e-02,8.717328e-02,1.756224e-03
2.366394e-03,1.796194e-02,7.736557e-04,1.149024e-03,6.196233e-03,5.075624e-02,3.812683e-04,5.883644e-03,3.036342e-01,8.044860e-03,4.763340e-01,9.154115e-03,5.442964e-02,6.125984e-02,1.674938e-03
2.316397e-03,2.850050e-02,1.211337e-03,1.358168e-03,7.907344e-03,4.523221e-02,3.694491e-04,5.569672e-02,3.687491e-01,6.584753e-03,3.786272e-01,9.417255e-03,4.921899e-02,4.318605e-02,1.624461e-03
2.300675e-03,3.420936e-02,1.197596e-03,1.061003e-03,8.694571e-03,9.095781e-02,3.283895e-04,4.902732e-02,4.474825e-01,5.070765e-03,2.732892e-01,6.882926e-03,4.735560e-02,3.030359e-02,1.838726e-03
1.992707e-03,5.671988e-02,9.625055e-04,9.827331e-04,7.816687e-03,8.965613e-02,3.173802e-04,3.701262e-02,5.418367e-01,3.776789e-03,1.923253e-01,4.968747e-03,3.818155e-02,2.126552e-02,2.184754e-03
1.972505e-03,1.076976e-01,1.010034e-03,2.711338e-03,1.110287e-02,7.406495e-02,2.661888e-04,2.889853e-02,5.719096e-01,3.403247e-03,1.385121e-01,4.152501e-03,3.045829e-02,1.508918e-02,8.751040e-03
2.723518e-03,9.549320e-02,9.509462e-04,4.298341e-03,1.651685e-02,5.784617e-02,2.717205e-04,2.758780e-02,4.842871e-01,3.327733e-03,1.180320e-01,2.416660e-02,1.262010e-01,1.237527e-02,2.592175e-02
8.433001e-03,8.723087e-02,2.102424e-03,6.556119e-03,2.610202e-02,4.729971e-02,7.447952e-04,3.786931e-02,4.339564e-01,2.717917e-03,1.109029e-01,2.812584e-02,1.743693e-01,9.034377e-03,2.455505e-02
8.265588e-03,8.514861e-02,2.160518e-03,7.723395e-03,2.139561e-02,5.291452e-02,7.697908e-04,2.950525e-02,4.185996e-01,3.007735e-03,8.669793e-02,2.094695e-02,2.328439e-01,6.753370e-03,2.326727e-02
1.305256e-02,6.819613e-02,2.566367e-03,6.480006e-03,1.731794e-02,6.569204e-02,1.857975e-03,4.235792e-02,3.283923e-01,2.550606e-03,6.705248e-02,1.568397e-02,3.397729e-01,6.042466e-03,2.298421e-02
2.500704e-02,6.075579e-02,3.897658e-03,1.025140e-02,1.602055e-02,5.927420e-02,1.899971e-03,3.399101e-02,2.736765e-01,2.547927e-03,4.863761e-02,1.186674e-02,4.164693e-01,5.212935e-03,3.049125e-02
4.095601e-02,5.180318e-02,3.561989e-03,8.454768e-03,1.282820e-02,4.756068e-02,1.880334e-03,2.488382e-02,2.016400e-01,2.079780e-03,3.511719e-02,1.219361e-02,5.218189e-01,4.281661e-03,3.093983e-02
4.398827e-02,4.122604e-02,3.129673e-03,6.471413e-03,1.188544e-02,3.932400e-02,1.934709e-03,1.844058e-02,1.475948e-01,1.560271e-03,2.542275e-02,1.253092e-02,6.191322e-01,3.251821e-03,2.410710e-02
4.961563e-02,6.566221e-02,1.740003e-02,3.863964e-02,1.960977e-02,3.755102e-02,2.587523e-03,1.588433e-02,1.177079e-01,2.230261e-03,1.949695e-02,1.380829e-02,5.740053e-01,2.885063e-03,2.291607e-02
7.272790e-02,5.361430e-02,3.543346e-02,7.375750e-02,1.879939e-02,3.870773e-02,2.646174e-03,1.742830e-02,9.429632e-02,4.538802e-03,2.170512e-02,2.433128e-02,5.158206e-01,3.764529e-03,2.242857e-02
1.060906e-01,5.058513e-02,3.018944e-02,5.745796e-02,2.148852e-02,5.341108e-02,3.985748e-03,1.548429e-02,8.685407e-02,4.235748e-03,1.887175e-02,2.374086e-02,4.931552e-01,5.184883e-03,2.926472e-02
2.026095e-01,4.968660e-02,4.210563e-02,5.395194e-02,2.062262e-02,4.979087e-02,6.324645e-03,1.722232e-02,7.951252e-02,4.772146e-03,1.831057e-02,3.875948e-02,3.801326e-01,4.822289e-03,3.137621e-02
3.025472e-01,4.128944e-02,3.856540e-02,4.343182e-02,1.767323e-02,4.421480e-02,6.973060e-03,1.735315e-02,7.272647e-02,4.464191e-03,1.754401e-02,5.541281e-02,3.054418e-01,4.879226e-03,2.748344e-02
2.847023e-01,3.701255e-02,2.922189e-02,3.484676e-02,2.031675e-02,4.082256e-02,8.361240e-03,1.896110e-02,9.182987e-02,4.180721e-03,1.677835e-02,4.577538e-02,3.358685e-01,5.290873e-03,2.603121e-02
3.103923e-01,3.289494e-02,2.417935e-02,2.703326e-02,1.816883e-02,3.775746e-02,8.234525e-03,2.019356e-02,8.088243e-02,4.799373e-03,1.333957e-02,3.979863e-02,3.563600e-01,4.732990e-03,2.123273e-02
3.966775e-01,2.670643e-02,1.915307e-02,2.231545e-02,1.745993e-02,3.582104e-02,7.784531e-03,1.813451e-02,6.893590e-02,4.296928e-03,1.081105e-02,3.561309e-02,3.116031e-01,4.896153e-03,1.979125e-02
4.173473e-01,2.369349e-02,1.497547e-02,2.043393e-02,2.586468e-02,3.383972e-02,8.444320e-03,1.505495e-02,6.370478e-02,3.417574e-03,9.478556e-03,4.234274e-02,3.013039e-01,3.817571e-03,1.628103e-02
3.627761e-01,2.231421e-02,1.245234e-02,1.655286e-02,3.786293e-02,3.020026e-02,9.025096e-03,1.221117e-02,5.947071e-02,2.691949e-03,8.080170e-03,5.744983e-02,3.537620e-01,2.896782e-03,1.225363e-02
3.183607e-01,3.044435e-02,1.205341e-02,1.643484e-02,3.558898e-02,2.787144e-02,7.895174e-03,1.294153e-02,6.126902e-02,2.712017e-03,6.253941e-03,4.725416e-02,4.066606e-01,2.600621e-03,1.165914e-02
2.723571e-01,3.990755e-02,1.257900e-02,1.328509e-02,4.008262e-02,2.910647e-02,6.852773e-03,1.401541e-02,6.775615e-02,2.065261e-03,5.131376e-03,4.040618e-02,4.447340e-01,2.226500e-03,9.494460e-03
2.473014e-01,5.030647e-02,1.308037e-02,1.234719e-02,4.344427e-02,3.133677e-02,7.486908e-03,1.453748e-02,8.933958e-02,1.738831e-03,4.362014e-03,4.004530e-02,4.332224e-01,1.937988e-03,9.512990e-03
2.130031e-01,5.844460e-02,1.414588e-02,1.077490e-02,4.253638e-02,4.014520e-02,7.349083e-03,1.652724e-02,1.064450e-01,1.547822e-03,3.724985e-03,4.186301e-02,4.254017e-01,1.696156e-03,1.639490e-02
1.691508e-01,6.054744e-02,1.323226e-02,9.182769e-03,4.608333e-02,4.105883e-02,8.709748e-03,1.503522e-02,1.127069e-01,1.210209e-03,3.251327e-03,4.638360e-02,4.570900e-01,1.374326e-03,1.498326e-02
1.823389e-01,5.598949e-02,1.095078e-02,1.590187e-02,4.176416e-02,3.627193e-02,8.665579e-03,1.460811e-02,9.164037e-02,1.110900e-03,4.373237e-03,4.978290e-02,4.710866e-01,1.499358e-03,1.401586e-02
1.883572e-01,4.673922e-02,9.806200e-03,1.601727e-02,4.175212e-02,3.440862e-02,1.790341e-02,1.590201e-02,7.663754e-02,1.010810e-03,4.411584e-03,5.521315e-02,4.789490e-01,1.479313e-03,1.141259e-02
1.802372e-01,3.797573e-02,8.198341e-03,1.321132e-02,3.495618e-02,3.061774e-02,1.983498e-02,1.312257e-02,6.388781e-02,9.615281e-04,4.772705e-03,1.128142e-01,4.693907e-01,1.361499e-03,8.657481e-03
1.937171e-01,3.546057e-02,8.499580e-03,1.407633e-02,3.520380e-02,3.371686e-02,2.020678e-02,1.240493e-02,6.353582e-02,8.597150e-04,4.638465e-03,1.050303e-01,4.636244e-01,1.308638e-03,7.716790e-03
2.253534e-01,3.778338e-02,8.347188e-03,1.678525e-02,3.132609e-02,3.072109e-02,1.792321e-02,1.782466e-02,6.027101e-02,9.648582e-04,5.725845e-03,1.126779e-01,4.242578e-01,2.325317e-03,7.713112e-03
2.392616e-01,3.551504e-02,1.028125e-02,4.810845e-02,3.505224e-02,3.063305e-02,1.428713e-02,4.167516e-02,5.222287e-02,1.118954e-03,5.869078e-03,8.252388e-02,3.931628e-01,2.600051e-03,7.688430e-03
2.948272e-01,3.174932e-02,8.754157e-03,3.695610e-02,3.155276e-02,2.600687e-02,1.106723e-02,4.893208e-02,4.276920e-02,9.887374e-04,7.986441e-03,9.516715e-02,3.542782e-01,2.829243e-03,6.135324e-03
3.433476e-01,2.608616e-02,7.748882e-03,3.188035e-02,3.242233e-02,2.161218e-02,9.198916e-03,1.150443e-01,3.446539e-02,8.275197e-04,9.718729e-03,8.548879e-02,2.741110e-01,3.188038e-03,4.859807e-03
2.981441e-01,1.858800e-02,6.050606e-03,2.387958e-02,2.529742e-02,1.595737e-02,8.067647e-03,3.092085e-01,2.476275e-02,6.090981e-04,7.585367e-03,6.080911e-02,1.949308e-01,2.497182e-03,3.612462e-03
2.374817e-01,1.319119e-02,4.824784e-03,1.812195e-02,1.992049e-02,1.216441e-02,6.506152e-03,4.778645e-01,1.759683e-02,4.427760e-04,5.649166e-03,4.307363e-02,1.385853e-01,1.878906e-03,2.698214e-03
2.061729e-01,9.497912e-03,4.942546e-03,1.326715e-02,1.509254e-02,1.877607e-02,1.339564e-02,5.678349e-01,1.261429e-02,3.507592e-04,4.194682e-03,3.076918e-02,9.939285e-02,1.436676e-03,2.261962e-03
1.954551e-01,6.865120e-03,4.254465e-03,9.873472e-03,1.216853e-02,2.274258e-02,1.577430e-02,6.232772e-01,9.483375e-03,2.730113e-04,3.147944e-03,2.228539e-02,7.137364e-02,1.086575e-03,1.939300e-03
1.943607e-01,5.244264e-03,3.779793e-03,7.456716e-03,1.166694e-02,2.286857e-02,1.726278e-02,6.565046e-01,7.734825e-03,2.368380e-04,2.511954e-03,1.620657e-02,5.158096e-02,8.488094e-04,1.735557e-03
1.706304e-01,3.849105e-03,3.143106e-03,5.961869e-03,9.752389e-03,1.935413e-02,1.574067e-02,7.133367e-01,5.562158e-03,2.422721e-04,1.922703e-03,1.172277e-02,3.675850e-02,6.274770e-04,1.395764e-03
1.713490e-01,2.843526e-03,2.705512e-03,5.346585e-03,8.501815e-03,1.650438e-02,1.349913e-02,7.365100e-01,4.056081e-03,2.861184e-04,1.505972e-03,8.737968e-03,2.646544e-02,4.748754e-04,1.213630e-03
2.227084e-01,2.918981e-03,2.604911e-03,9.607376e-03,9.073564e-03,1.866945e-02,1.089424e-02,6.519684e-01,9.437481e-03,3.706945e-03,6.825210e-03,1.701854e-02,2.891868e-02,1.566215e-03,4.081680e-03
1.953900e-01,3.696190e-03,2.292697e-03,1.885405e-02,7.586060e-03,8.590280e-02,9.071527e-03,4.833303e-01,1.314070e-02,2.993735e-03,7.765757e-03,1.505926e-02,1.488137e-01,1.286371e-03,4.816868e-03
1.879575e-01,4.637225e-03,2.409509e-03,2.427553e-02,6.705396e-03,9.748916e-02,7.744179e-03,3.572212e-01,1.802760e-02,3.011557e-03,9.521144e-03,1.639119e-02,2.553427e-01,1.202438e-03,8.063659e-03
1.510384e-01,7.199242e-02,2.909435e-03,3.521071e-02,6.838211e-03,7.286604e-02,6.065723e-03,2.518481e-01,1.082393e-01,4.144802e-03,8.101752e-03,1.491183e-02,2.526908e-01,1.083101e-03,1.205944e-02
1.315917e-01,6.006370e-02,3.393466e-03,3.862061e-02,7.083327e-03,6.018817e-02,4.945289e-03,1.783300e-01,8.819242e-02,5.061972e-03,1.448915e-02,2.023016e-02,3.689743e-01,1.297549e-03,1.753836e-02
1.240964e-01,4.334754e-02,3.087380e-03,3.019940e-02,6.346431e-03,4.858247e-02,3.886514e-03,1.262129e-01,6.948844e-02,5.731820e-03,3.167617e-02,3.823232e-02,4.447432e-01,3.528868e-03,2.084023e-02
1.653182e-01,4.213477e-02,2.695367e-03,2.203617e-02,7.456653e-03,3.567734e-02,3.294387e-03,8.974933e-02,1.064133e-01,4.532190e-03,2.553253e-02,3.853060e-02,4.289072e-01,2.968057e-03,2.475405e-02
2.122787e-01,3.592381e-02,2.259027e-03,1.867976e-02,7.552386e-03,3.096602e-02,3.146300e-03,6.446335e-02,9.177262e-02,3.625190e-03,1.896714e-02,4.041243e-02,4.461650e-01,2.482031e-03,2.130628e-02
1.493430e-01,2.028699e-01,4.228224e-03,1.798886e-02,5.456078e-03,2.261426e-02,2.236333e-03,4.515550e-02,1.633895e-01,3.239560e-03,1.390637e-02,3.028854e-02,3.159601e-01,1.777795e-03,2.154618e-02
1.144258e-01,1.798953e-01,4.037545e-03,1.730315e-02,6.257073e-03,2.962249e-02,1.671487e-03,3.220094e-02,3.021910e-01,2.540902e-03,1.687630e-02,2.552380e-02,2.481244e-01,1.472248e-03,1.785760e-02
8.111896e-02,1.878263e-01,6.006184e-03,2.946609e-02,4.935412e-03,2.309452e-02,1.207528e-03,2.277277e-02,4.173328e-01,1.961083e-03,1.312351e-02,1.892848e-02,1.779473e-01,1.069422e-03,1.320972e-02
9.655026e-02,1.428737e-01,1.221352e-02,3.081793e-02,7.516644e-03,2.528626e-02,1.606985e-03,2.146143e-02,4.307812e-01,2.689629e-03,2.063554e-02,2.011433e-02,1.496152e-01,1.444767e-03,3.639264e-02
1.308093e-01,1.067620e-01,4.298718e-02,3.585681e-02,1.579847e-02,2.433443e-02,2.543622e-03,2.392709e-02,3.833491e-01,3.940318e-03,2.051665e-02,1.820314e-02,1.180523e-01,2.128883e-03,7.079078e-02
1.233591e-01,8.055145e-02,1.605698e-01,4.521212e-02,1.502850e-02,1.953314e-02,2.113015e-03,2.304845e-02,2.887554e-01,1.031948e-02,1.660093e-02,1.436558e-02,8.698843e-02,2.929989e-03,1.106247e-01
1.411982e-01,6.077158e-02,1.282335e-01,3.469740e-02,2.124433e-02,2.000229e-02,3.138807e-03,2.304258e-02,2.222654e-01,9.836607e-03,1.351955e-02,1.083992e-02,6.432699e-02,4.537390e-03,2.423455e-01
1.540996e-01,5.369827e-02,1.951610e-01,3.569716e-02,3.158316e-02,2.201585e-02,6.507514e-03,2.064431e-02,1.838306e-01,8.940546e-03,1.177896e-02,9.085371e-03,4.749022e-02,4.326581e-03,2.151409e-01
1.662169e-01,5.043466e-02,1.509763e-01,3.049976e-02,7.451490e-02,2.604403e-02,2.333833e-02,1.711526e-02,1.872642e-01,6.872104e-03,9.373526e-03,7.458124e-03,3.850275e-02,4.813451e-03,2.065757e-01
1.328558e-01,4.874482e-02,1.778297e-01,8.363847e-02,1.180610e-01,2.333220e-02,2.799060e-02,1.762076e-02,1.608465e-01,5.687951e-03,7.596964e-03,5.865816e-03,2.820904e-02,3.827673e-03,1.578927e-01
1.294381e-01,5.185894e-02,1.647267e-01,6.842685e-02,1.166538e-01,2.272171e-02,2.428439e-02,1.693734e-02,2.077167e-01,6.957348e-03,6.601421e-03,4.918751e-03,2.327115e-02,3.348443e-03,1.521384e-01
1.003463e-01,3.713000e-02,1.157018e-01,5.013274e-02,3.013096e-01,1.754314e-02,4.968188e-02,1.749676e-02,1.587329e-01,4.956185e-03,5.132760e-03,3.825979e-03,1.652633e-02,2.474395e-03,1.190093e-01
1.125902e-01,2.981920e-02,8.268701e-02,3.793608e-02,3.679372e-01,1.867292e-02,3.674834e-02,1.808608e-02,1.695942e-01,5.431916e-03,1.009383e-02,3.828858e-03,1.281103e-02,2.867649e-03,9.089545e-02
1.091251e-01,2.700321e-02,6.664596e-02,2.823457e-02,3.075698e-01,5.022326e-02,2.660344e-02,1.435165e-02,1.248461e-01,1.341482e-02,2.947823e-02,5.318514e-03,1.389979e-02,1.521472e-02,1.680708e-01
9.513144e-02,3.311113e-02,5.137125e-02,3.431736e-02,2.340577e-01,4.342207e-02,1.893600e-02,1.102842e-02,1.170856e-01,3.083908e-02,3.444609e-02,4.341514e-03,1.344103e-02,1.965116e-02,2.588202e-01
7.569256e-02,3.825410e-02,4.180309e-02,4.184783e-02,1.665877e-01,3.263927e-02,1.341700e-02,8.060755e-03,1.122816e-01,5.268538e-02,3.254317e-02,3.739721e-03,1.360509e-02,1.714344e-02,3.496993e-01
5.888486e-02,2.836955e-02,3.204390e-02,3.180212e-02,1.191319e-01,2.829187e-02,9.519635e-03,5.961357e-03,8.666865e-02,1.216346e-01,4.037064e-02,3.268252e-03,1.679401e-02,2.446651e-02,3.927922e-01
4.224046e-02,2.020454e-02,2.342574e-02,2.251196e-02,8.413292e-02,2.203584e-02,6.710216e-03,4.213170e-03,6.167658e-02,1.007080e-01,3.101989e-02,2.413161e-03,1.285579e-02,2.934586e-02,5.365059e-01
3.251819e-02,2.425200e-02,3.174001e-02,1.676346e-02,6.019118e-02,1.771310e-02,4.768125e-03,3.060973e-03,5.350118e-02,9.451736e-02,2.538579e-02,2.032994e-03,9.907370e-03,3.021598e-02,5.934323e-01
2.872482e-02,2.329786e-02,2.612859e-02,1.191626e-02,4.254273e-02,1.826556e-02,3.376486e-03,2.215267e-03,4.518214e-02,1.010341e-01,2.608360e-02,1.523854e-03,7.325024e-03,3.096075e-02,6.314230e-01
2.286124e-02,2.550115e-02,4.424798e-02,9.997802e-03,3.035710e-02,1.461160e-02,2.416431e-03,1.644004e-03,9.665534e-02,1.622493e-01,1.969413e-02,1.277086e-03,5.530958e-03,2.293161e-02,5.400243e-01
2.373016e-02,2.317873e-02,3.638731e-02,7.391941e-03,2.260528e-02,1.334972e-02,1.794782e-03,1.346757e-03,1.080894e-01,1.793875e-01,1.684031e-02,1.189734e-03,4.573742e-03,2.208379e-02,5.380509e-01
3.628302e-02,3.172496e-02,2.784727e-02,5.510666e-03,1.636552e-02,1.071284e-02,1.290068e-03,1.018651e-03,1.153142e-01,1.523292e-01,1.396810e-02,1.009373e-03,3.798959e-03,2.166457e-02,5.611627e-01
3.461237e-02,4.256828e-02,2.109626e-02,4.335364e-03,1.210766e-02,8.994838e-03,9.657429e-04,8.496951e-04,2.117498e-01,1.370809e-01,1.076379e-02,9.673103e-04,5.192975e-03,2.074609e-02,4.879690e-01
2.813805e-02,4.708350e-02,1.614926e-02,3.248544e-03,8.671423e-03,7.168397e-03,7.054713e-04,6.375265e-04,2.249917e-01,1.725667e-01,8.195584e-03,8.463080e-04,5.616180e-03,1.974027e-02,4.562411e-01
3.547273e-02,1.500266e-01,1.546103e-02,2.929052e-03,6.484961e-03,6.143153e-03,5.499662e-04,5.733890e-04,2.077288e-01,1.383255e-01,6.723412e-03,1.086084e-03,7.821023e-03,2.012113e-02,4.005532e-01
6.013754e-02,2.136088e-01,1.333205e-02,2.877025e-03,5.796542e-03,6.177533e-03,4.706818e-04,9.661685e-04,1.565019e-01,1.002787e-01,5.387053e-03,1.352802e-03,9.659054e-03,2.785374e-02,3.956004e-01
