1.000000e+00,0.000000e+00,0.000000e+00,0.000000e+00,0.000000e+00,0.000000e+00,0.000000e+00,0.000000e+00,0.000000e+00,0.000000e+00,0.000000e+00,0.000000e+00,0.000000e+00,0.000000e+00,0.000000e+00
1.000000e+00,0.000000e+00,0.000000e+00,0.000000e+00,0.000000e+00,0.000000e+00,0.000000e+00,0.000000e+00,0.000000e+00,0.000000e+00,0.000000e+00,0.000000e+00,0.000000e+00,0.000000e+00,0.000000e+00
1.000000e+00,0.000000e+00,0.000000e+00,0.000000e+00,0.000000e+00,0.000000e+00,0.000000e+00,0.000000e+00,0.000000e+00,0.000000e+00,0.000000e+00,0.000000e+00,0.000000e+00,0.000000e+00,0.000000e+00
1.000000e+00,0.000000e+00,0.000000e+00,0.000000e+00,0.000000e+00,0.000000e+00,0.000000e+00,0.000000e+00,0.000000e+00,0.000000e+00,0.000000e+00,0.000000e+00,0.000000e+00,0.000000e+00,0.000000e+00
1.000000e+00,0.000000e+00,0.000000e+00,0.000000e+00,0.000000e+00,0.000000e+00,0.000000e+00,0.000000e+00,0.000000e+00,0.000000e+00,0.000000e+00,0.000000e+00,0.000000e+00,0.000000e+00,0.000000e+00
1.000000e+00,0.000000e+00,0.000000e+00,0.000000e+00,0.000000e+00,0.000000e+00,0.000000e+00,0.000000e+00,0.000000e+00,0.000000e+00,0.000000e+00,0.000000e+00,0.000000e+00,0.000000e+00,0.000000e+00
1.000000e+00,0.000000e+00,0.000000e+00,0.000000e+00,0.000000e+00,0.000000e+00,0.000000e+00,0.000000e+00,0.000000e+00,0.000000e+00,0.000000e+00,0.000000e+00,0.000000e+00,0.000000e+00,0.000000e+00
1.000000e+00,0.000000e+00,0.000000e+00,0.000000e+00,0.000000e+00,0.000000e+00,0.000000e+00,0.000000e+00,0.000000e+00,0.000000e+00,0.000000e+00,0.000000e+00,0.000000e+00,0.000000e+00,0.000000e+00
1.000000e+00,0.000000e+00,0.000000e+00,0.000000e+00,0.000000e+00,0.000000e+00,0.000000e+00,0.000000e+00,0.000000e+00,0.000000e+00,0.000000e+00,0.000000e+00,0.000000e+00,0.000000e+00,0.000000e+00
1.000000e+00,0.000000e+00,0.000000e+00,0.000000e+00,0.000000e+00,0.000000e+00,0.000000e+00,0.000000e+00,0.000000e+00,0.000000e+00,0.000000e+00,0.000000e+00,0.000000e+00,0.000000e+00,0.000000e+00
1.000000e+00,0.000000e+00,0.000000e+00,0.000000e+00,0.000000e+00,0.000000e+00,0.000000e+00,0.000000e+00,0.000000e+00,0.000000e+00,0.000000e+00,0.000000e+00,0.000000e+00,0.000000e+00,0.000000e+00
1.000000e+00,0.000000e+00,0.000000e+00,0.000000e+00,0.000000e+00,0.000000e+00,0.000000e+00,0.000000e+00,0.000000e+00,0.000000e+00,0.000000e+00,0.000000e+00,0.000000e+00,0.000000e+00,0.000000e+00
1.000000e+00,0.000000e+00,0.000000e+00,0.000000e+00,0.000000e+00,0.000000e+00,0.000000e+00,0.000000e+00,0.000000e+00,0.000000e+00,0.000000e+00,0.000000e+00,0.000000e+00,0.000000e+00,0.000000e+00
1.000000e+00,0.000000e+00,0.000000e+00,0.000000e+00,0.000000e+00,0.000000e+00,0.000000e+00,0.000000e+00,0.000000e+00,0.000000e+00,0.000000e+00,0.000000e+00,0.000000e+00,0.000000e+00,0.000000e+00
1.000000e+00,0.000000e+00,0.000000e+00,0.000000e+00,0.000000e+00,0.000000e+00,0.000000e+00,0.000000e+00,0.000000e+00,0.000000e+00,0.000000e+00,0.000000e+00,0.000000e+00,0.000000e+00,0.000000e+00
1.000000e+00,0.000000e+00,0.000000e+00,0.000000e+00,0.000000e+00,0.000000e+00,0.000000e+00,0.000000e+00,0.000000e+00,0.000000e+00,0.000000e+00,0.000000e+00,0.000000e+00,0.000000e+00,0.000000e+00
1.000000e+00,0.000000e+00,0.000000e+00,0.000000e+00,0.000000e+00,0.000000e+00,0.000000e+00,0.000000e+00,0.000000e+00,0.000000e+00,0.000000e+00,0.000000e+00,0.000000e+00,0.000000e+00,0.000000e+00
1.000000e+00,0.000000e+00,0.000000e+00,0.000000e+00,0.000000e+00,0.000000e+00,0.000000e+00,0.000000e+00,0.000000e+00,0.000000e+00,0.000000e+00,0.000000e+00,0.000000e+00,0.000000e+00,0.000000e+00
1.000000e+00,0.000000e+00,0.000000e+00,0.000000e+00,0.000000e+00,0.000000e+00,0.000000e+00,0.000000e+00,0.000000e+00,0.000000e+00,0.000000e+00,0.000000e+00,0.000000e+00,0.000000e+00,0.000000e+00
1.000000e+00,0.000000e+00,0.000000e+00,0.000000e+00,0.000000e+00,0.000000e+00,0.000000e+00,0.000000e+00,0.000000e+00,0.000000e+00,0.000000e+00,0.000000e+00,0.000000e+00,0.000000e+00,0.000000e+00
1.000000e+00,0.000000e+00,0.000000e+00,0.000000e+00,0.000000e+00,0.000000e+00,0.000000e+00,0.000000e+00,0.000000e+00,0.000000e+00,0.000000e+00,0.000000e+00,0.000000e+00,0.000000e+00,0.000000e+00
1.000000e+00,0.000000e+00,0.000000e+00,0.000000e+00,0.000000e+00,0.000000e+00,0.000000e+00,0.000000e+00,0.000000e+00,0.000000e+00,0.000000e+00,0.000000e+00,0.000000e+00,0.000000e+00,0.000000e+00
1.000000e+00,0.000000e+00,0.000000e+00,0.000000e+00,0.000000e+00,0.000000e+00,0.000000e+00,0.000000e+00,0.000000e+00,0.000000e+00,0.000000e+00,0.000000e+00,0.000000e+00,0.000000e+00,0.000000e+00
1.000000e+00,0.000000e+00,0.000000e+00,0.000000e+00,0.000000e+00,0.000000e+00,0.000000e+00,0.000000e+00,0.000000e+00,0.000000e+00,0.000000e+00,0.000000e+00,0.000000e+00,0.000000e+00,0.000000e+00
1.000000e+00,0.000000e+00,0.000000e+00,0.000000e+00,0.000000e+00,0.000000e+00,0.000000e+00,0.000000e+00,0.000000e+00,0.000000e+00,0.000000e+00,0.000000e+00,0.000000e+00,0.000000e+00,0.000000e+00
1.000000e+00,0.000000e+00,0.000000e+00,0.000000e+00,0.000000e+00,0.000000e+00,0.000000e+00,0.000000e+00,0.000000e+00,0.000000e+00,0.000000e+00,0.000000e+00,0.000000e+00,0.000000e+00,0.000000e+00
1.000000e+00,0.000000e+00,0.000000e+00,0.000000e+00,0.000000e+00,0.000000e+00,0.000000e+00,0.000000e+00,0.000000e+00,0.000000e+00,0.000000e+00,0.000000e+00,0.000000e+00,0.000000e+00,0.000000e+00
1.000000e+00,0.000000e+00,0.000000e+00,0.000000e+00,0.000000e+00,0.000000e+00,0.000000e+00,0.000000e+00,0.000000e+00,0.000000e+00,0.000000e+00,0.000000e+00,0.000000e+00,0.000000e+00,0.000000e+00
1.000000e+00,0.000000e+00,0.000000e+00,0.000000e+00,0.000000e+00,0.000000e+00,0.000000e+00,0.000000e+00,0.000000e+00,0.000000e+00,0.000000e+00,0.000000e+00,0.000000e+00,0.000000e+00,0.000000e+00
1.000000e+00,0.000000e+00,0.000000e+00,0.000000e+00,0.000000e+00,0.000000e+00,0.000000e+00,0.000000e+00,0.000000e+00,0.000000e+00,0.000000e+00,0.000000e+00,0.000000e+00,0.000000e+00,0.000000e+00
1.000000e+00,0.000000e+00,0.000000e+00,0.000000e+00,0.000000e+00,0.000000e+00,0.000000e+00,0.000000e+00,0.000000e+00,0.000000e+00,0.000000e+00,0.000000e+00,0.000000e+00,0.000000e+00,0.000000e+00
1.000000e+00,0.000000e+00,0.000000e+00,0.000000e+00,0.000000e+00,0.000000e+00,0.000000e+00,0.000000e+00,0.000000e+00,0.000000e+00,0.000000e+00,0.000000e+00,0.000000e+00,0.000000e+00,0.000000e+00
1.000000e+00,0.000000e+00,0.000000e+00,0.000000e+00,0.000000e+00,0.000000e+00,0.000000e+00,0.000000e+00,0.000000e+00,0.000000e+00,0.000000e+00,0.000000e+00,0.000000e+00,0.000000e+00,0.000000e+00
1.000000e+00,0.000000e+00,0.000000e+00,0.000000e+00,0.000000e+00,0.000000e+00,0.000000e+00,0.000000e+00,0.000000e+00,0.000000e+00,0.000000e+00,0.000000e+00,0.000000e+00,0.000000e+00,0.000000e+00
1.000000e+00,0.000000e+00,0.000000e+00,0.000000e+00,0.000000e+00,0.000000e+00,0.000000e+00,0.000000e+00,0.000000e+00,0.000000e+00,0.000000e+00,0.000000e+00,0.000000e+00,0.000000e+00,0.000000e+00
1.000000e+00,0.000000e+00,0.000000e+00,0.000000e+00,0.000000e+00,0.000000e+00,0.000000e+00,0.000000e+00,0.000000e+00,0.000000e+00,0.000000e+00,0.000000e+00,0.000000e+00,0.000000e+00,0.000000e+00
1.000000e+00,0.000000e+00,0.000000e+00,0.000000e+00,0.000000e+00,0.000000e+00,0.000000e+00,0.000000e+00,0.000000e+00,0.000000e+00,0.000000e+00,0.000000e+00,0.000000e+00,0.000000e+00,0.000000e+00
1.000000e+00,0.000000e+00,0.000000e+00,0.000000e+00,0.000000e+00,0.000000e+00,0.000000e+00,0.000000e+00,0.000000e+00,0.000000e+00,0.000000e+00,0.000000e+00,0.000000e+00,0.000000e+00,0.000000e+00
1.000000e+00,0.000000e+00,0.000000e+00,0.000000e+00,0.000000e+00,0.000000e+00,0.000000e+00,0.000000e+00,0.000000e+00,0.000000e+00,0.000000e+00,0.000000e+00,0.000000e+00,0.000000e+00,0.000000e+00
1.000000e+00,0.000000e+00,0.000000e+00,0.000000e+00,0.000000e+00,0.000000e+00,0.000000e+00,0.000000e+00,0.000000e+00,0.000000e+00,0.000000e+00,0.000000e+00,0.000000e+00,0.000000e+00,0.000000e+00
1.000000e+00,0.000000e+00,0.000000e+00,0.000000e+00,0.000000e+00,0.000000e+00,0.000000e+00,0.000000e+00,0.000000e+00,0.000000e+00,0.000000e+00,0.000000e+00,0.000000e+00,0.000000e+00,0.000000e+00
4.936770e-01,5.733667e-02,3.318275e-02,1.731752e-01,1.541957e-02,2.837289e-02,9.073920e-03,4.209568e-02,2.487726e-02,2.713531e-03,3.055480e-02,3.662346e-02,1.368188e-02,5.279310e-03,3.393599e-02
4.653028e-01,6.101607e-02,3.018859e-02,1.767619e-01,2.389738e-02,3.003143e-02,9.584536e-03,3.795209e-02,2.777025e-02,3.109148e-03,3.132376e-02,4.300864e-02,1.634216e-02,6.577335e-03,3.713392e-02
3.619295e-01,5.923744e-02,4.011645e-02,2.448677e-01,2.719330e-02,2.854245e-02,9.020494e-03,4.556417e-02,3.251487e-02,3.178412e-03,3.232144e-02,5.523482e-02,1.683928e-02,6.785804e-03,3.665395e-02
3.619951e-01,7.673188e-02,3.645843e-02,2.342111e-01,3.041496e-02,2.640646e-02,9.343141e-03,3.835870e-02,3.202933e-02,3.765366e-03,3.273473e-02,5.047394e-02,1.665345e-02,8.039918e-03,4.238356e-02
3.589984e-01,8.981556e-02,3.308657e-02,2.293361e-01,3.083831e-02,2.476460e-02,8.956163e-03,3.247640e-02,3.167577e-02,4.806962e-03,3.140128e-02,4.795875e-02,1.829956e-02,8.237372e-03,4.934818e-02
3.815403e-01,9.997097e-02,2.860323e-02,2.118339e-01,3.007198e-02,2.564640e-02,8.667493e-03,2.788344e-02,2.862473e-02,4.972597e-03,2.850447e-02,4.457512e-02,2.051696e-02,7.882651e-03,5.070579e-02
4.152916e-01,9.326920e-02,2.597031e-02,1.864190e-01,2.709415e-02,2.464386e-02,7.871030e-03,2.384071e-02,2.697529e-02,5.239490e-03,2.794225e-02,4.473137e-02,2.387019e-02,9.758155e-03,5.708339e-02
1.000000e+00,0.000000e+00,0.000000e+00,0.000000e+00,0.000000e+00,0.000000e+00,0.000000e+00,0.000000e+00,0.000000e+00,0.000000e+00,0.000000e+00,0.000000e+00,0.000000e+00,0.000000e+00,0.000000e+00
1.000000e+00,0.000000e+00,0.000000e+00,0.000000e+00,0.000000e+00,0.000000e+00,0.000000e+00,0.000000e+00,0.000000e+00,0.000000e+00,0.000000e+00,0.000000e+00,0.000000e+00,0.000000e+00,0.000000e+00
1.000000e+00,0.000000e+00,0.000000e+00,0.000000e+00,0.000000e+00,0.000000e+00,0.000000e+00,0.000000e+00,0.000000e+00,0.000000e+00,0.000000e+00,0.000000e+00,0.000000e+00,0.000000e+00,0.000000e+00
1.000000e+00,0.000000e+00,0.000000e+00,0.000000e+00,0.000000e+00,0.000000e+00,0.000000e+00,0.000000e+00,0.000000e+00,0.000000e+00,0.000000e+00,0.000000e+00,0.000000e+00,0.000000e+00,0.000000e+00
1.000000e+00,0.000000e+00,0.000000e+00,0.000000e+00,0.000000e+00,0.000000e+00,0.000000e+00,0.000000e+00,0.000000e+00,0.000000e+00,0.000000e+00,0.000000e+00,0.000000e+00,0.000000e+00,0.000000e+00
1.000000e+00,0.000000e+00,0.000000e+00,0.000000e+00,0.000000e+00,0.000000e+00,0.000000e+00,0.000000e+00,0.000000e+00,0.000000e+00,0.000000e+00,0.000000e+00,0.000000e+00,0.000000e+00,0.000000e+00
1.000000e+00,0.000000e+00,0.000000e+00,0.000000e+00,0.000000e+00,0.000000e+00,0.000000e+00,0.000000e+00,0.000000e+00,0.000000e+00,0.000000e+00,0.000000e+00,0.000000e+00,0.000000e+00,0.000000e+00
1.000000e+00,0.000000e+00,0.000000e+00,0.000000e+00,0.000000e+00,0.000000e+00,0.000000e+00,0.000000e+00,0.000000e+00,0.000000e+00,0.000000e+00,0.000000e+00,0.000000e+00,0.000000e+00,0.000000e+00
4.036439e-01,2.048959e-02,2.356713e-02,9.034707e-02,2.506725e-01,1.162511e-01,1.652244e-02,1.238854e-02,5.499857e-03,4.577476e-03,9.850124e-03,1.424620e-02,1.296247e-02,2.737998e-03,1.624362e-02
2.830914e-01,1.466268e-02,1.671841e-02,6.695735e-02,4.368443e-01,9.795958e-02,2.129973e-02,1.061207e-02,3.872043e-03,4.858608e-03,1.003985e-02,1.016010e-02,9.418182e-03,1.969003e-03,1.153663e-02
1.995444e-01,1.065519e-02,1.191703e-02,4.880689e-02,5.477965e-01,9.062535e-02,2.258034e-02,1.024066e-02,2.925433e-03,1.078109e-02,1.723287e-02,7.356001e-03,8.167506e-03,1.604429e-03,9.766256e-03
1.398664e-01,7.577581e-03,8.573593e-03,3.689129e-02,4.175739e-01,6.635702e-02,2.944849e-02,9.620058e-03,2.784616e-03,1.307325e-02,1.806254e-01,4.707919e-02,2.003224e-02,5.028976e-03,1.546790e-02
9.793548e-02,5.318384e-03,6.040378e-03,2.684782e-02,2.940668e-01,4.676253e-02,2.194397e-02,6.961718e-03,3.291896e-03,1.016783e-02,3.077438e-01,4.713362e-02,1.032108e-01,4.128153e-03,1.844678e-02
6.859524e-02,3.769409e-03,4.300771e-03,1.927556e-02,2.073315e-01,3.331427e-02,3.239919e-02,5.184724e-03,3.784180e-03,8.059938e-03,2.503895e-01,1.033028e-01,2.384783e-01,6.470298e-03,1.534426e-02
4.844571e-02,4.994652e-03,3.389079e-03,2.330369e-02,1.524725e-01,3.010626e-02,4.532743e-02,4.172415e-03,7.395213e-03,1.211864e-02,3.140501e-01,1.363966e-01,1.767814e-01,1.850861e-02,2.253756e-02
3.396658e-02,4.514408e-03,2.627561e-03,2.165016e-02,1.075086e-01,2.200134e-02,3.247318e-02,3.076299e-03,1.740061e-02,1.514349e-02,3.285339e-01,1.791314e-01,1.464416e-01,6.585731e-02,1.967353e-02
2.384971e-02,7.072615e-03,1.933669e-03,1.592858e-02,7.551947e-02,1.615596e-02,2.275456e-02,2.204258e-03,3.565526e-02,1.443742e-02,3.680084e-01,1.527601e-01,1.067770e-01,1.346469e-01,2.229610e-02
1.675254e-02,6.029483e-03,1.363646e-03,1.120598e-02,5.289941e-02,1.214341e-02,1.593429e-02,1.582283e-03,2.897251e-02,1.394374e-02,3.786376e-01,1.134327e-01,7.604023e-02,2.471064e-01,2.395578e-02
1.189783e-02,7.017720e-03,1.025732e-03,7.956884e-03,3.707100e-02,1.041333e-02,1.116796e-02,1.359079e-03,2.708659e-02,1.274191e-02,3.953105e-01,8.405690e-02,5.462134e-02,3.102734e-01,2.799977e-02
8.419058e-03,1.192061e-02,7.469745e-04,5.631217e-03,2.605724e-02,8.151074e-03,7.819955e-03,1.087430e-03,3.011994e-02,9.574901e-03,2.883502e-01,6.051305e-02,3.872464e-02,4.726735e-01,3.021017e-02
5.940949e-03,1.526781e-02,5.408134e-04,3.980734e-03,1.833654e-02,6.455630e-03,5.475010e-03,9.331739e-04,3.844668e-02,6.947675e-03,2.095353e-01,4.262739e-02,2.727481e-02,5.910756e-01,2.716181e-02
4.216163e-03,5.139813e-02,4.533955e-04,2.858323e-03,1.428843e-02,8.837093e-03,3.835774e-03,7.232415e-04,2.587542e-01,4.966723e-03,1.471044e-01,2.985059e-02,1.916893e-02,4.340394e-01,1.950519e-02
3.625746e-03,5.598835e-02,6.802578e-04,8.648053e-03,4.112246e-02,9.595804e-03,2.724567e-03,1.813764e-03,3.787349e-01,3.654348e-03,1.038045e-01,2.096553e-02,1.397136e-02,3.394472e-01,1.522311e-02
3.077101e-03,6.336568e-02,8.581817e-04,7.682161e-03,5.211143e-02,1.103670e-02,1.929200e-03,6.225502e-03,4.557065e-01,2.696241e-03,7.392570e-02,1.480959e-02,1.050293e-02,2.850409e-01,1.103223e-02
2.551351e-03,6.242974e-02,1.036919e-03,6.461250e-03,4.185825e-02,9.035530e-03,1.354020e-03,5.426713e-03,5.694568e-01,2.118095e-03,5.333012e-02,1.040533e-02,7.557964e-03,2.175128e-01,9.465149e-03
2.080259e-03,6.673981e-02,9.780793e-04,5.146368e-03,2.992862e-02,9.084905e-03,9.521671e-04,4.159341e-03,6.492597e-01,2.456056e-03,3.901391e-02,7.350239e-03,5.929369e-03,1.664322e-01,1.048897e-02
1.568781e-03,6.243235e-02,1.012906e-03,5.327356e-03,2.105431e-02,6.902494e-03,6.686252e-04,3.144158e-03,7.252339e-01,3.287663e-03,2.878684e-02,5.277431e-03,4.443722e-03,1.178754e-01,1.298412e-02
1.393106e-03,5.600932e-02,8.553430e-04,5.367542e-03,1.517388e-02,5.546933e-03,4.771844e-04,3.409643e-03,7.748936e-01,3.250977e-03,2.200619e-02,3.834918e-03,4.056246e-03,8.943482e-02,1.429037e-02
1.223317e-03,4.475962e-02,6.594484e-04,4.422387e-03,1.102348e-02,4.267099e-03,3.488540e-04,3.484650e-03,8.010293e-01,4.777479e-03,1.760492e-02,2.792778e-03,4.169600e-03,8.292319e-02,1.651395e-02
6.807964e-03,4.394483e-02,2.697675e-03,1.562137e-02,2.249853e-02,3.929756e-03,6.421136e-04,1.367971e-02,7.464010e-01,7.202790e-03,2.316343e-02,2.742011e-03,7.355914e-03,7.640517e-02,2.690782e-02
1.330063e-02,4.319578e-02,8.368551e-03,2.091240e-02,4.783499e-02,5.784072e-03,2.821666e-03,1.690451e-02,6.633101e-01,2.199642e-02,2.176047e-02,2.632548e-03,1.643245e-02,7.593761e-02,3.880789e-02
1.081310e-02,3.760114e-02,1.471733e-02,8.480748e-02,3.627834e-02,4.833643e-03,2.058885e-03,1.204469e-02,6.270764e-01,2.169399e-02,1.753420e-02,2.814767e-03,1.481261e-02,5.432390e-02,5.858949e-02
1.031196e-02,3.332932e-02,1.315397e-01,1.155984e-01,2.851056e-02,4.078186e-03,1.524299e-03,8.802785e-03,5.016907e-01,1.760722e-02,2.711703e-02,4.282548e-03,1.490907e-02,4.430937e-02,5.638882e-02
9.107191e-03,3.203220e-02,1.697590e-01,9.864838e-02,2.984359e-02,4.433646e-03,1.414696e-03,6.785319e-03,4.044088e-01,1.706539e-02,5.439243e-02,5.806795e-03,2.608456e-02,6.548522e-02,7.473284e-02
9.907361e-03,2.681204e-02,1.554381e-01,7.165033e-02,2.675257e-02,4.367080e-03,1.208298e-03,5.303374e-03,3.101000e-01,3.546346e-02,8.631329e-02,5.364899e-03,2.327382e-02,1.339165e-01,1.041289e-01
1.532367e-02,2.492209e-02,1.268242e-01,5.539698e-02,2.809455e-02,6.778514e-03,2.331089e-03,1.220619e-02,2.483126e-01,3.116246e-02,1.318879e-01,4.957296e-03,2.500124e-02,1.129816e-01,1.738196e-01
3.731848e-02,3.076924e-02,1.890250e-01,5.432842e-02,4.461078e-02,2.303902e-02,4.880328e-03,2.684372e-02,2.050462e-01,2.426300e-02,1.073778e-01,4.079679e-03,1.912289e-02,8.427233e-02,1.450231e-01
4.625753e-02,4.628279e-02,1.726882e-01,6.656636e-02,6.866147e-02,1.119651e-01,8.586050e-03,2.354906e-02,1.505383e-01,1.803013e-02,7.960270e-02,3.213324e-03,1.492282e-02,6.271528e-02,1.264208e-01
4.983759e-02,5.122448e-02,1.351165e-01,6.059707e-02,9.567336e-02,1.560249e-01,8.923545e-03,2.075974e-02,1.087440e-01,1.449248e-02,5.794439e-02,2.735985e-03,1.576162e-02,4.795790e-02,1.742064e-01
4.994852e-02,6.214722e-02,1.121974e-01,1.000709e-01,1.477081e-01,1.689422e-01,1.007437e-02,2.527341e-02,8.033213e-02,1.061939e-02,4.377632e-02,2.573345e-03,1.278662e-02,3.637738e-02,1.371727e-01
3.655509e-02,4.514833e-02,7.963539e-02,8.131664e-02,3.780394e-01,1.218557e-01,7.911521e-03,2.129978e-02,5.655353e-02,7.454178e-03,3.123927e-02,1.913330e-03,9.376885e-03,2.553412e-02,9.616692e-02
3.006689e-02,3.505730e-02,5.897109e-02,6.154706e-02,3.994733e-01,8.891079e-02,8.372269e-03,1.494958e-01,3.985647e-02,5.458360e-03,2.737571e-02,1.459590e-03,8.365853e-03,1.791487e-02,6.767470e-02
4.752895e-02,3.399750e-02,4.551752e-02,4.757761e-02,3.082221e-01,6.541749e-02,7.930060e-03,3.204668e-01,2.807535e-02,4.052698e-03,2.193762e-02,1.161546e-03,7.725638e-03,1.265747e-02,4.773174e-02
5.216742e-02,2.659914e-02,3.635591e-02,3.434888e-02,2.217594e-01,4.652461e-02,9.449767e-03,4.830193e-01,1.977821e-02,2.881349e-03,1.645064e-02,9.817013e-04,7.270939e-03,8.941491e-03,3.347134e-02
3.743163e-02,1.892747e-02,2.711079e-02,2.430757e-02,1.568629e-01,3.295681e-02,1.774100e-02,6.210341e-01,1.388899e-02,2.040871e-03,1.171907e-02,7.627571e-04,5.482313e-03,6.272100e-03,2.346171e-02
2.837523e-02,1.364563e-02,2.383579e-02,1.756465e-02,1.118490e-01,2.643201e-02,2.074274e-02,7.084240e-01,9.835718e-03,1.514459e-03,8.542271e-03,7.498820e-04,7.516949e-03,4.410437e-03,1.656132e-02
2.098769e-02,9.744027e-03,1.825003e-02,1.262135e-02,8.066687e-02,1.936092e-02,2.069527e-02,7.820570e-01,6.910073e-03,1.086317e-03,6.236813e-03,6.051993e-04,6.048789e-03,3.101594e-03,1.162809e-02
1.653239e-02,7.111023e-03,1.353997e-02,9.028977e-03,5.997115e-02,1.442446e-02,1.635688e-02,8.365139e-01,4.873688e-03,7.804991e-04,4.532358e-03,6.100998e-04,5.331777e-03,2.188398e-03,8.204532e-03
1.350834e-02,5.286039e-03,1.023959e-02,6.587511e-03,4.573487e-02,1.207506e-02,1.233988e-02,8.730003e-01,3.496038e-03,6.108528e-04,3.520641e-03,9.369053e-04,5.237003e-03,1.563720e-03,5.863387e-03
1.196926e-02,4.120646e-03,8.200292e-03,4.959049e-03,3.902280e-02,1.008115e-02,1.013104e-02,8.940908e-01,2.549632e-03,5.013734e-04,2.825500e-03,1.046789e-03,5.073545e-03,1.118796e-03,4.309379e-03
1.410505e-02,3.364122e-03,6.268711e-03,4.079026e-03,3.342189e-02,8.864332e-03,8.289402e-03,9.070735e-01,1.861941e-03,4.125615e-04,2.277249e-03,1.244397e-03,4.693432e-03,7.996284e-04,3.244867e-03
1.794143e-02,2.551684e-03,4.977279e-03,3.176954e-03,2.671476e-02,1.182131e-02,8.551455e-03,9.085793e-01,1.420481e-03,3.236888e-04,1.808302e-03,2.218977e-03,6.340329e-03,6.533212e-04,2.920711e-03
2.424319e-02,1.996860e-03,4.633371e-03,3.013495e-03,2.199781e-02,1.267993e-02,7.819001e-03,9.049544e-01,1.260823e-03,2.712046e-04,1.645652e-03,4.993641e-03,7.002038e-03,6.060405e-04,2.882494e-03
3.746561e-02,2.041603e-03,5.085134e-03,4.691930e-03,1.954572e-02,1.547325e-02,7.175086e-03,8.790893e-01,1.395708e-03,2.714153e-04,1.841635e-03,1.257307e-02,9.078128e-03,7.688615e-04,3.503475e-03
5.253952e-02,2.041851e-03,4.945515e-03,6.496902e-03,1.681733e-02,1.715067e-02,6.217857e-03,8.597100e-01,1.497802e-03,2.789813e-04,1.925074e-03,1.596042e-02,9.924443e-03,8.468121e-04,3.646801e-03
7.815598e-02,1.999859e-03,4.593044e-03,7.246192e-03,1.435450e-02,1.890219e-02,5.221264e-03,8.339427e-01,1.531849e-03,2.764896e-04,1.966980e-03,1.668899e-02,1.043488e-02,8.969610e-04,3.788114e-03
1.008771e-01,7.189310e-03,8.726809e-03,2.370336e-02,1.139976e-02,3.329575e-02,4.697338e-03,6.689930e-01,1.265571e-02,2.102699e-03,8.909496e-03,5.868848e-02,2.474777e-02,7.347473e-03,2.666603e-02
7.995315e-02,9.504311e-03,7.587625e-03,2.956964e-02,8.745706e-03,3.653979e-02,3.749701e-03,5.022573e-01,3.504495e-02,1.055485e-02,1.072918e-02,5.177334e-02,9.807089e-02,8.131091e-03,1.077885e-01
6.005370e-02,1.423361e-02,5.875144e-03,3.137849e-02,6.624203e-03,3.137663e-02,2.835310e-03,3.595206e-01,7.414599e-02,2.318444e-02,1.150186e-02,4.256066e-02,1.171479e-01,7.071518e-03,2.124899e-01
6.991215e-02,3.174783e-02,5.083976e-03,2.963759e-02,8.308955e-03,2.514689e-02,2.818216e-03,2.692991e-01,1.258673e-01,3.736625e-02,1.547045e-02,3.606684e-02,1.176763e-01,6.853429e-03,2.187447e-01
8.396102e-02,5.139682e-02,4.053959e-03,3.300377e-02,8.101732e-03,2.357112e-02,3.005726e-03,1.960052e-01,1.385786e-01,3.786825e-02,1.403101e-02,2.777960e-02,1.946588e-01,5.899790e-03,1.780846e-01
7.575385e-02,4.459161e-02,3.045705e-03,2.607494e-02,6.717541e-03,1.774768e-02,2.520023e-03,1.393919e-01,1.132398e-01,2.751589e-02,1.232635e-02,2.072344e-02,3.564341e-01,5.682866e-03,1.482342e-01
7.124917e-02,3.278312e-02,2.302701e-03,1.904744e-02,5.970353e-03,1.314409e-02,2.195907e-03,1.007670e-01,8.330495e-02,1.945156e-02,9.316220e-03,1.584282e-02,5.106949e-01,4.341674e-03,1.095880e-01
6.042176e-02,2.385462e-02,1.832744e-03,1.359708e-02,5.764345e-03,9.614200e-03,1.809155e-03,7.200507e-02,6.162013e-02,1.367981e-02,6.843067e-03,1.211889e-02,6.244057e-01,3.291853e-03,8.914144e-02
5.129312e-02,1.745178e-02,1.370547e-03,9.597163e-03,4.684433e-03,6.994897e-03,1.542471e-03,5.116339e-02,4.407279e-02,9.659886e-03,4.947668e-03,9.950075e-03,7.203926e-01,2.502695e-03,6.437641e-02
4.416098e-02,1.381678e-02,1.424474e-03,6.862506e-03,5.024524e-03,5.174817e-03,1.369779e-03,3.633417e-02,3.294644e-02,6.811160e-03,3.685766e-03,8.653114e-03,7.853475e-01,1.845758e-03,4.654218e-02
3.256589e-02,1.042895e-02,1.388124e-03,4.872092e-03,4.847344e-03,3.841810e-03,1.266808e-03,2.610513e-02,2.419768e-02,4.837791e-03,2.674227e-03,7.127662e-03,8.413270e-01,1.333754e-03,3.318577e-02
2.504882e-02,7.476879e-03,1.145929e-03,3.423402e-03,5.235865e-03,2.893752e-03,1.034346e-03,1.900246e-02,1.734670e-02,3.393502e-03,1.912368e-03,5.384749e-03,8.821545e-01,9.388825e-04,2.360785e-02
2.063477e-02,6.771910e-03,1.419375e-03,2.440079e-03,6.702907e-03,2.614459e-03,9.819942e-04,1.529844e-02,1.479541e-02,2.408751e-03,1.432864e-03,4.068018e-03,9.025165e-01,7.149307e-04,1.719956e-02
1.604260e-02,7.379428e-03,1.804763e-03,1.728815e-03,5.342918e-03,2.631685e-03,8.453610e-04,1.191484e-02,1.338605e-02,1.703550e-03,1.056742e-03,3.091971e-03,9.202431e-01,5.556974e-04,1.227245e-02
1.344024e-02,1.123547e-02,2.354504e-03,1.234665e-03,4.649756e-03,4.254417e-03,9.556345e-04,9.889891e-03,1.786948e-02,1.207023e-03,8.089176e-04,2.624373e-03,9.198587e-01,4.734332e-04,9.143494e-03
1.475092e-02,6.127017e-02,1.692886e-02,2.013406e-03,3.791905e-03,1.163015e-02,8.231911e-04,7.802050e-03,6.231342e-02,1.434759e-03,1.232817e-03,1.004260e-02,7.969677e-01,6.448386e-04,8.353109e-03
2.811035e-02,4.726925e-02,2.208731e-02,2.110551e-03,4.324499e-03,1.460695e-02,1.560273e-03,1.094355e-02,6.316040e-02,1.147969e-03,1.402579e-03,8.648050e-03,7.855404e-01,1.097977e-03,7.989834e-03
3.763358e-02,3.551961e-02,1.679253e-02,1.780888e-03,4.640841e-03,1.503746e-02,1.865925e-03,1.070442e-02,5.251819e-02,8.429512e-04,1.202879e-03,9.526717e-03,8.039470e-01,9.886859e-04,6.998297e-03
8.548546e-02,2.660599e-02,4.477486e-02,1.697533e-02,4.667656e-03,1.888109e-02,1.634871e-03,1.729287e-02,4.146715e-02,9.053707e-04,1.508455e-03,1.277667e-02,7.196383e-01,9.707542e-04,6.415057e-03
1.025349e-01,1.997608e-02,3.312696e-02,1.337168e-02,4.090603e-03,3.122469e-02,1.719562e-03,1.724932e-02,3.474487e-02,7.321019e-04,1.608379e-03,1.689074e-02,7.166221e-01,8.380418e-04,5.269879e-03
1.008959e-01,1.508945e-02,2.390845e-02,1.017938e-02,4.869347e-03,4.437795e-02,1.772887e-03,1.326958e-02,3.653485e-02,5.512555e-04,1.496425e-03,2.344650e-02,7.191105e-01,6.298097e-04,3.867660e-03
8.929282e-02,1.154286e-02,1.737318e-02,8.344977e-03,6.586367e-03,4.739840e-02,2.006731e-03,1.106339e-02,3.200376e-02,6.135538e-04,1.388122e-03,2.601317e-02,7.424977e-01,4.862871e-04,3.388624e-03
7.613046e-02,1.191188e-02,1.343587e-02,1.682000e-02,9.565405e-03,5.181969e-02,1.852343e-03,1.130282e-02,2.575179e-02,8.388090e-04,2.061908e-03,3.257469e-02,7.422208e-01,6.602426e-04,3.053271e-03
6.603960e-02,9.950742e-03,9.732473e-03,1.522869e-02,9.500130e-03,4.870709e-02,1.600366e-03,8.580271e-03,2.123092e-02,1.134789e-03,9.827522e-03,4.086740e-02,7.524776e-01,1.663128e-03,3.459279e-03
6.943902e-02,8.584427e-03,7.974896e-03,1.442052e-02,1.059003e-02,5.404222e-02,2.071088e-03,9.004579e-03,1.975920e-02,2.344947e-03,1.808903e-02,6.630351e-02,7.091459e-01,1.658319e-03,6.572252e-03
6.332684e-02,3.666353e-02,3.036755e-02,1.218863e-01,1.541517e-02,4.101005e-02,1.794688e-03,8.260053e-03,4.556307e-02,2.297266e-03,1.662892e-02,7.245412e-02,5.339406e-01,1.552662e-03,8.839151e-03
6.351884e-02,2.789636e-02,2.440513e-02,9.386386e-02,1.319357e-02,3.483012e-02,2.047283e-03,9.542378e-03,5.870260e-02,2.498958e-03,2.179748e-02,1.161545e-01,5.183355e-01,1.632061e-03,1.158136e-02
6.868105e-02,2.240093e-02,1.839321e-02,7.322118e-02,1.007083e-02,3.622293e-02,1.801600e-03,7.044964e-03,4.894636e-02,2.551581e-03,2.291342e-02,1.617741e-01,5.119197e-01,1.887986e-03,1.217019e-02
5.987569e-02,1.996622e-02,1.905802e-02,6.683944e-02,8.360630e-03,2.860327e-02,1.890473e-03,5.481477e-03,4.688086e-02,2.550029e-03,2.043909e-02,2.541486e-01,4.484950e-01,4.813613e-03,1.259756e-02
4.418603e-02,1.628862e-02,1.402415e-02,4.930035e-02,6.380954e-03,2.160721e-02,1.584111e-03,4.330543e-03,4.014572e-02,2.152502e-03,1.630901e-02,2.975998e-01,4.720950e-01,3.573985e-03,1.042197e-02
3.225053e-02,1.204756e-02,9.999866e-03,3.592128e-02,5.054135e-03,1.623160e-02,1.399403e-03,3.769896e-03,3.041191e-02,1.977423e-03,1.305555e-02,3.721411e-01,4.518098e-01,3.051036e-03,1.087899e-02
2.312613e-02,8.639676e-03,7.305776e-03,2.552782e-02,4.001791e-03,1.293173e-02,1.179358e-03,2.735026e-03,2.352259e-02,1.539848e-03,1.047251e-02,3.288206e-01,5.385273e-01,2.410269e-03,9.259639e-03
1.637227e-02,6.125032e-03,5.288698e-03,1.803518e-02,4.112804e-03,1.182529e-02,1.928079e-03,2.144385e-03,1.887879e-02,1.324089e-03,8.164484e-03,4.340811e-01,4.613762e-01,1.769888e-03,8.573643e-03
1.318556e-02,5.345859e-03,4.938475e-03,1.372325e-02,1.184789e-02,2.288671e-02,2.811124e-03,2.328477e-03,2.571477e-02,1.411513e-03,9.856602e-03,4.399462e-01,4.352875e-01,1.949864e-03,8.766203e-03
9.464310e-03,4.166377e-03,3.630038e-03,1.005678e-02,1.020336e-02,1.922509e-02,2.629645e-03,1.796914e-03,2.274589e-02,1.154795e-03,8.297126e-03,5.246872e-01,3.737286e-01,1.397085e-03,6.816781e-03
6.797290e-03,3.639634e-03,2.683825e-03,7.157946e-03,1.100068e-02,1.450066e-02,2.033006e-03,1.336658e-03,2.105490e-02,9.190725e-04,6.136095e-03,5.557782e-01,3.609085e-01,9.901968e-04,5.063363e-03
5.181154e-03,4.721255e-03,2.873813e-03,5.306493e-03,1.126258e-02,1.506717e-02,2.401585e-03,1.790069e-03,3.228152e-02,8.088453e-04,5.653550e-03,5.481501e-01,3.597178e-01,7.919878e-04,3.992118e-03
5.303054e-03,4.713034e-03,3.367418e-03,4.790140e-03,1.114543e-02,4.403558e-02,2.316603e-03,1.955666e-03,3.155499e-02,7.957063e-04,1.017446e-02,4.517779e-01,4.225646e-01,2.213103e-03,3.292260e-03
1.941535e-02,5.467440e-03,3.231686e-03,5.279179e-03,1.493972e-02,4.078494e-02,3.102955e-03,5.629615e-03,4.180166e-02,9.457240e-04,1.729199e-02,3.852144e-01,4.511225e-01,2.960580e-03,2.812195e-03
2.808049e-02,1.033126e-02,4.722328e-03,5.402778e-03,3.063720e-02,3.790950e-02,6.207095e-03,1.090979e-02,7.676803e-02,8.880072e-04,1.623009e-02,3.357766e-01,4.312166e-01,2.757057e-03,2.163150e-03
2.448386e-02,1.211540e-02,5.506294e-03,4.630385e-03,2.871712e-02,3.691568e-02,5.721995e-03,1.007818e-02,1.030955e-01,1.210968e-03,1.609380e-02,2.687977e-01,4.759338e-01,4.291723e-03,2.407587e-03
2.999210e-02,1.510321e-02,6.175487e-03,4.574569e-03,2.929914e-02,3.361069e-02,5.393883e-03,9.822571e-03,1.208252e-01,2.795967e-03,2.334081e-02,2.218675e-01,4.886751e-01,5.743911e-03,2.779763e-03
4.106429e-02,1.523903e-02,5.456691e-03,4.237385e-03,2.604936e-02,2.997142e-02,5.061277e-03,1.096357e-02,1.168469e-01,2.603850e-03,2.411611e-02,1.830955e-01,5.256284e-01,6.987389e-03,2.678720e-03
3.826906e-02,2.013582e-02,5.422004e-03,3.584514e-03,2.159546e-02,4.606908e-02,5.841586e-03,8.916402e-03,1.367273e-01,2.240751e-03,1.916607e-02,1.646111e-01,5.196893e-01,5.198789e-03,2.532690e-03
4.074657e-02,2.246746e-02,7.185981e-03,3.999588e-03,2.583316e-02,5.188965e-02,1.039647e-02,1.973676e-02,2.062682e-01,1.755193e-03,1.501996e-02,1.738375e-01,4.146262e-01,3.883071e-03,2.354203e-03
4.744629e-02,1.839959e-02,1.184072e-02,1.450581e-02,2.582905e-02,3.953615e-02,9.399442e-03,6.713324e-02,1.688682e-01,1.657266e-03,1.406278e-02,1.678907e-01,4.080808e-01,3.175889e-03,2.174074e-03
4.560838e-02,1.765499e-02,1.666832e-02,1.340395e-02,2.164743e-02,4.117733e-02,7.544860e-03,6.203296e-02,1.464690e-01,1.533912e-03,1.055071e-02,1.251562e-01,4.850765e-01,2.822362e-03,2.653130e-03
4.877278e-02,2.300508e-02,3.448270e-02,2.325540e-02,2.379325e-02,5.217534e-02,8.249236e-03,6.666031e-02,1.619471e-01,3.236165e-03,7.865712e-03,9.241827e-02,4.458448e-01,2.280496e-03,6.013412e-03
4.332709e-02,3.023153e-02,3.303751e-02,2.687246e-02,3.089784e-02,5.604682e-02,1.454468e-02,8.463064e-02,2.280800e-01,2.669731e-03,5.831212e-03,7.180350e-02,3.616773e-01,1.788063e-03,8.561673e-03
4.642930e-02,5.644197e-02,2.933826e-02,2.338788e-02,3.922267e-02,6.185848e-02,1.377704e-02,7.673196e-02,2.787413e-01,2.580053e-03,5.086978e-03,5.912105e-02,2.900823e-01,2.244525e-03,1.495631e-02
7.252040e-02,8.542299e-02,3.692405e-02,2.848501e-02,4.127434e-02,4.958276e-02,1.495987e-02,7.848272e-02,3.080781e-01,3.204368e-03,4.224475e-03,4.479463e-02,2.109756e-01,2.359788e-03,1.871097e-02
7.299555e-02,9.359653e-02,3.336741e-02,2.223875e-02,3.236278e-02,4.800982e-02,1.241475e-02,6.496531e-02,3.090859e-01,3.511948e-03,3.687697e-03,3.398701e-02,2.474358e-01,2.126124e-03,2.021463e-02
8.841582e-02,8.810177e-02,3.461279e-02,1.799814e-02,2.723597e-02,5.180445e-02,1.897194e-02,9.177534e-02,3.129817e-01,3.483617e-03,3.242078e-03,2.795483e-02,2.152389e-01,1.943722e-03,1.623894e-02
1.075925e-01,7.287629e-02,3.813096e-02,1.628820e-02,2.351319e-02,4.402830e-02,1.850870e-02,1.555029e-01,2.404436e-01,4.192349e-03,3.389067e-03,2.919297e-02,2.312886e-01,2.020620e-03,1.303189e-02
1.053462e-01,5.553075e-02,3.170505e-02,1.364616e-02,2.003396e-02,3.394541e-02,1.776496e-02,2.816581e-01,1.742428e-01,3.400295e-03,2.914750e-03,2.949340e-02,2.191860e-01,1.627751e-03,9.504521e-03
1.449659e-01,4.640808e-02,3.228731e-02,1.769669e-02,1.894597e-02,3.124711e-02,1.991867e-02,3.250368e-01,1.409456e-01,3.219261e-03,2.769340e-03,2.326207e-02,1.802628e-01,1.818810e-03,1.121570e-02
1.878379e-01,3.489501e-02,2.637412e-02,1.469165e-02,2.898073e-02,4.419711e-02,2.168389e-02,2.960958e-01,1.064321e-01,3.177687e-03,4.440623e-03,2.233410e-02,1.981733e-01,1.732684e-03,8.953303e-03
2.321632e-01,2.714524e-02,2.175606e-02,1.381222e-02,3.333439e-02,8.160526e-02,2.584345e-02,2.518054e-01,8.142592e-02,2.830043e-03,4.349466e-03,2.196113e-02,1.920475e-01,1.439980e-03,8.480791e-03
2.493066e-01,2.014759e-02,2.330970e-02,1.334213e-02,3.279048e-02,6.914425e-02,2.382541e-02,3.167030e-01,6.233285e-02,2.326630e-03,4.093999e-03,1.910635e-02,1.548512e-01,1.193375e-03,7.526522e-03
2.607499e-01,1.561969e-02,2.501482e-02,1.557399e-02,3.237852e-02,5.930511e-02,2.157897e-02,3.660952e-01,5.028110e-02,1.855085e-03,3.983124e-03,1.693207e-02,1.227256e-01,9.734579e-04,6.933359e-03
2.179963e-01,1.148529e-02,2.424796e-02,2.198704e-02,2.553951e-02,4.788289e-02,1.871603e-02,4.773138e-01,3.665224e-02,1.674069e-03,3.963893e-03,1.611017e-02,8.964592e-02,8.438213e-04,5.941111e-03
1.650291e-01,9.655937e-03,2.363184e-02,1.978161e-02,1.917876e-02,5.304753e-02,1.726139e-02,3.792959e-01,2.954795e-02,5.229631e-03,2.917629e-02,2.357548e-02,2.139775e-01,1.563768e-03,1.004734e-02
1.226946e-01,8.468007e-03,1.813360e-02,1.745984e-02,1.405026e-02,4.172270e-02,1.413897e-02,2.985411e-01,2.754594e-02,7.099280e-03,5.957166e-02,2.113623e-02,3.213784e-01,1.490607e-03,2.656878e-02
8.778872e-02,6.240578e-03,1.305866e-02,1.283749e-02,1.068319e-02,3.071225e-02,1.090210e-02,2.233281e-01,2.079762e-02,6.200862e-03,6.810389e-02,1.747530e-02,3.754952e-01,1.258669e-03,1.151173e-01
6.356972e-02,4.451349e-03,9.726909e-03,9.523417e-03,8.211930e-03,2.383376e-02,8.678506e-03,1.598607e-01,1.523860e-02,5.080376e-03,5.775139e-02,1.459739e-02,4.880947e-01,1.064177e-03,1.303171e-01
4.524612e-02,3.342281e-03,7.087416e-03,6.725361e-03,7.244165e-03,1.837638e-02,6.280628e-03,1.122954e-01,1.101491e-02,4.232297e-03,4.773834e-02,1.320384e-02,4.988543e-01,1.020169e-03,2.173384e-01
3.195417e-02,2.486671e-03,5.534443e-03,4.848540e-03,6.153944e-03,1.358136e-02,4.429322e-03,7.869773e-02,9.237986e-03,4.723459e-03,3.618624e-02,9.765008e-03,3.860849e-01,1.273128e-03,4.050431e-01
2.254749e-02,1.929599e-03,5.140949e-03,3.703025e-03,4.884727e-03,9.964689e-03,3.127590e-03,5.520978e-02,7.709357e-03,8.083796e-03,2.744333e-02,7.239794e-03,2.811205e-01,1.058759e-03,5.608366e-01
1.593086e-02,2.153156e-03,4.026844e-03,2.688421e-03,3.760237e-03,7.132030e-03,2.210594e-03,3.876219e-02,6.294244e-03,1.258671e-02,2.011530e-02,5.220715e-03,1.993654e-01,7.808529e-04,6.789724e-01
1.131160e-02,2.009751e-03,3.219801e-03,1.972252e-03,2.829965e-03,5.711176e-03,1.611749e-03,2.732970e-02,7.026980e-03,2.612403e-02,1.452531e-02,3.744575e-03,1.408676e-01,5.938728e-04,7.511216e-01
8.198718e-03,1.549637e-03,2.491428e-03,1.396156e-03,2.198046e-03,8.030780e-03,1.160060e-03,1.923542e-02,7.659771e-03,2.874281e-02,1.031749e-02,2.675069e-03,9.868933e-02,4.696559e-04,8.071856e-01
6.426989e-03,2.925842e-02,1.897190e-03,1.208375e-03,2.084398e-03,6.472988e-03,8.217794e-04,1.351999e-02,2.036940e-01,2.277613e-02,7.428339e-03,2.005602e-03,6.926037e-02,3.439483e-04,6.328015e-01
5.619177e-03,8.577412e-02,2.493820e-03,4.933326e-02,2.360438e-03,9.349572e-03,5.933872e-04,9.543727e-03,2.773485e-01,3.085443e-02,5.803972e-03,1.619778e-03,4.890433e-02,2.533387e-04,4.701482e-01
7.293960e-03,9.690896e-02,2.531171e-03,1.811838e-01,2.354110e-03,1.276830e-02,4.410079e-04,8.360600e-03,2.462033e-01,2.690410e-02,2.486666e-02,3.522290e-03,4.110910e-02,2.702811e-04,3.452824e-01
1.498106e-02,8.969830e-02,2.456076e-03,1.384905e-01,5.778471e-03,1.150444e-02,4.516551e-04,7.551055e-03,2.417355e-01,2.537766e-02,4.793939e-02,4.585464e-03,4.100226e-02,5.065532e-04,3.679416e-01
1.390588e-02,1.185514e-01,6.265074e-03,1.077790e-01,6.100980e-03,1.435593e-02,4.145401e-04,1.519294e-02,2.093269e-01,1.915741e-02,8.145034e-02,5.682922e-03,3.622246e-02,1.450691e-03,3.641436e-01
1.026377e-02,2.275263e-01,8.513462e-03,1.194835e-01,4.436810e-03,1.093044e-02,3.012199e-04,1.119294e-02,2.011633e-01,2.296191e-02,6.118806e-02,4.234044e-03,2.643717e-02,1.351823e-03,2.900153e-01
8.393432e-03,2.567694e-01,7.727284e-03,1.189281e-01,3.514923e-03,8.997242e-03,2.363722e-04,8.504891e-03,2.031705e-01,2.344970e-02,7.907231e-02,4.035382e-03,2.546515e-02,2.427952e-03,2.493074e-01
7.055392e-03,3.022585e-01,6.711425e-03,1.076632e-01,2.915622e-03,7.089701e-03,2.235675e-04,9.541913e-03,2.209860e-01,2.088166e-02,9.786025e-02,4.099397e-03,2.577022e-02,3.217988e-03,1.837252e-01
6.377763e-03,3.503793e-01,1.154386e-02,1.111441e-01,2.467299e-03,5.984315e-03,2.612302e-04,1.269728e-02,2.153991e-01,2.487546e-02,8.900398e-02,3.834429e-03,2.407675e-02,3.281506e-03,1.386737e-01
1.225066e-02,3.412760e-01,4.598738e-02,1.140916e-01,2.658315e-03,4.779202e-03,2.884204e-04,2.356822e-02,1.896616e-01,3.085862e-02,7.235316e-02,3.500720e-03,2.102437e-02,3.788649e-03,1.339132e-01
3.266555e-02,4.186938e-01,3.951883e-02,9.125803e-02,6.231912e-03,4.862749e-03,8.071749e-04,1.892256e-02,1.849140e-01,2.334109e-02,5.398682e-02,2.967103e-03,1.593235e-02,3.577054e-03,1.023210e-01
2.746877e-02,3.929942e-01,9.617956e-02,1.349645e-01,8.536234e-03,5.916363e-03,9.117709e-04,1.613742e-02,1.562902e-01,1.808407e-02,3.882036e-02,2.356353e-03,1.161517e-02,2.729288e-03,8.699583e-02
3.918717e-02,3.121585e-01,1.855312e-01,1.776061e-01,1.488211e-02,5.038871e-03,1.130569e-03,1.776464e-02,1.252960e-01,1.348211e-02,2.824410e-02,1.845475e-03,8.680290e-03,2.070023e-03,6.708278e-02
4.833679e-02,2.518331e-01,2.372135e-01,1.708483e-01,1.418161e-02,5.534774e-03,9.256353e-04,1.321465e-02,1.050613e-01,1.616028e-02,2.643264e-02,1.786084e-03,6.884173e-03,2.920299e-03,9.866689e-02
9.468050e-02,2.013923e-01,2.606762e-01,1.343702e-01,2.458173e-02,6.472174e-03,1.221439e-03,1.094127e-02,9.727087e-02,1.857611e-02,2.217776e-02,2.538750e-03,6.067437e-03,4.779467e-03,1.142538e-01
1.911757e-01,1.674606e-01,2.145661e-01,1.423495e-01,3.934265e-02,1.024187e-02,2.998889e-03,1.026210e-02,8.079851e-02,1.599659e-02,1.916398e-02,4.586055e-03,6.069742e-03,4.458290e-03,9.052948e-02
2.444902e-01,1.409857e-01,1.675957e-01,1.244588e-01,7.561228e-02,1.856589e-02,1.213486e-02,1.321707e-02,8.603213e-02,1.412130e-02,1.552309e-02,7.946910e-03,7.111637e-03,4.275102e-03,6.792931e-02
2.085785e-01,1.026291e-01,1.201679e-01,1.096932e-01,2.041065e-01,2.877451e-02,5.038623e-02,2.189745e-02,6.365579e-02,1.376698e-02,1.217769e-02,6.194348e-03,5.950031e-03,3.495618e-03,4.852613e-02
1.556015e-01,7.237375e-02,8.551070e-02,8.078676e-02,3.438442e-01,3.485065e-02,6.907043e-02,4.394609e-02,4.500940e-02,1.326307e-02,9.356161e-03,4.512867e-03,4.739163e-03,2.636569e-03,3.449870e-02
1.524238e-01,5.232278e-02,6.467040e-02,6.687076e-02,3.295000e-01,3.679269e-02,6.002850e-02,1.414154e-01,3.276400e-02,1.314769e-02,1.324126e-02,4.294000e-03,5.298088e-03,2.053846e-03,2.517683e-02
1.262373e-01,3.717779e-02,5.221379e-02,5.142298e-02,4.011259e-01,2.883944e-02,4.676931e-02,1.547326e-01,2.401518e-02,1.422265e-02,2.454384e-02,3.529745e-03,4.507162e-03,1.711561e-03,2.895072e-02
9.378363e-02,2.617785e-02,3.778943e-02,3.728980e-02,4.100561e-01,2.234459e-02,4.091826e-02,1.700540e-01,1.819033e-02,3.425789e-02,5.539797e-02,2.952481e-03,4.465337e-03,1.488503e-03,4.483385e-02
6.869952e-02,1.849172e-02,2.672826e-02,2.643323e-02,5.031402e-01,1.737825e-02,3.182177e-02,1.654369e-01,1.415277e-02,3.165084e-02,4.901230e-02,2.684501e-03,3.847475e-03,1.323837e-03,3.919841e-02
5.339249e-02,1.309815e-02,1.883074e-02,1.877571e-02,6.221873e-01,1.469952e-02,2.368012e-02,1.225152e-01,1.036145e-02,2.312427e-02,3.931846e-02,2.830279e-03,3.707684e-03,1.138745e-03,3.233990e-02
5.356734e-02,9.633275e-03,1.392708e-02,1.379175e-02,6.736671e-01,3.321719e-02,1.781333e-02,9.580156e-02,7.736173e-03,1.699059e-02,3.048043e-02,3.664707e-03,4.156023e-03,1.966720e-03,2.358675e-02
5.840956e-02,7.160875e-03,1.029238e-02,1.007418e-02,6.618989e-01,5.924729e-02,1.474328e-02,7.624793e-02,5.807618e-03,1.277254e-02,4.583690e-02,6.119584e-03,4.932295e-03,8.799370e-03,1.765730e-02
5.518314e-02,6.589386e-03,8.204898e-03,7.511986e-03,5.888481e-01,8.799244e-02,1.555315e-02,6.138706e-02,4.465519e-03,1.053503e-02,8.744849e-02,1.579072e-02,5.520076e-03,3.104561e-02,1.392443e-02
6.576466e-02,5.861058e-03,7.065345e-03,5.870004e-03,4.541744e-01,1.984666e-01,1.121328e-02,4.740098e-02,3.477560e-03,8.162533e-03,1.106493e-01,1.455775e-02,5.234397e-03,5.159422e-02,1.050791e-02
5.887827e-02,5.268149e-03,5.796944e-03,4.339222e-03,3.401718e-01,3.201953e-01,8.036228e-03,3.479819e-02,2.686276e-03,5.969802e-03,1.369221e-01,1.104322e-02,4.305848e-03,5.364302e-02,7.945587e-03
