1.000000e+00,0.000000e+00,0.000000e+00,0.000000e+00,0.000000e+00,0.000000e+00,0.000000e+00,0.000000e+00,0.000000e+00,0.000000e+00,0.000000e+00,0.000000e+00,0.000000e+00,0.000000e+00,0.000000e+00
1.000000e+00,0.000000e+00,0.000000e+00,0.000000e+00,0.000000e+00,0.000000e+00,0.000000e+00,0.000000e+00,0.000000e+00,0.000000e+00,0.000000e+00,0.000000e+00,0.000000e+00,0.000000e+00,0.000000e+00
1.000000e+00,0.000000e+00,0.000000e+00,0.000000e+00,0.000000e+00,0.000000e+00,0.000000e+00,0.000000e+00,0.000000e+00,0.000000e+00,0.000000e+00,0.000000e+00,0.000000e+00,0.000000e+00,0.000000e+00
1.000000e+00,0.000000e+00,0.000000e+00,0.000000e+00,0.000000e+00,0.000000e+00,0.000000e+00,0.000000e+00,0.000000e+00,0.000000e+00,0.000000e+00,0.000000e+00,0.000000e+00,0.000000e+00,0.000000e+00
1.000000e+00,0.000000e+00,0.000000e+00,0.000000e+00,0.000000e+00,0.000000e+00,0.000000e+00,0.000000e+00,0.000000e+00,0.000000e+00,0.000000e+00,0.000000e+00,0.000000e+00,0.000000e+00,0.000000e+00
1.000000e+00,0.000000e+00,0.000000e+00,0.000000e+00,0.000000e+00,0.000000e+00,0.000000e+00,0.000000e+00,0.000000e+00,0.000000e+00,0.000000e+00,0.000000e+00,0.000000e+00,0.000000e+00,0.000000e+00
1.000000e+00,0.000000e+00,0.000000e+00,0.000000e+00,0.000000e+00,0.000000e+00,0.000000e+00,0.000000e+00,0.000000e+00,0.000000e+00,0.000000e+00,0.000000e+00,0.000000e+00,0.000000e+00,0.000000e+00
1.000000e+00,0.000000e+00,0.000000e+00,0.000000e+00,0.000000e+00,0.000000e+00,0.000000e+00,0.000000e+00,0.000000e+00,0.000000e+00,0.000000e+00,0.000000e+00,0.000000e+00,0.000000e+00,0.000000e+00
1.000000e+00,0.000000e+00,0.000000e+00,0.000000e+00,0.000000e+00,0.000000e+00,0.000000e+00,0.000000e+00,0.000000e+00,0.000000e+00,0.000000e+00,0.000000e+00,0.000000e+00,0.000000e+00,0.000000e+00
1.000000e+00,0.000000e+00,0.000000e+00,0.000000e+00,0.000000e+00,0.000000e+00,0.000000e+00,0.000000e+00,0.000000e+00,0.000000e+00,0.000000e+00,0.000000e+00,0.000000e+00,0.000000e+00,0.000000e+00
1.000000e+00,0.000000e+00,0.000000e+00,0.000000e+00,0.000000e+00,0.000000e+00,0.000000e+00,0.000000e+00,0.000000e+00,0.000000e+00,0.000000e+00,0.000000e+00,0.000000e+00,0.000000e+00,0.000000e+00
1.000000e+00,0.000000e+00,0.000000e+00,0.000000e+00,0.000000e+00,0.000000e+00,0.000000e+00,0.000000e+00,0.000000e+00,0.000000e+00,0.000000e+00,0.000000e+00,0.000000e+00,0.000000e+00,0.000000e+00
1.000000e+00,0.000000e+00,0.000000e+00,0.000000e+00,0.000000e+00,0.000000e+00,0.000000e+00,0.000000e+00,0.000000e+00,0.000000e+00,0.000000e+00,0.000000e+00,0.000000e+00,0.000000e+00,0.000000e+00
1.000000e+00,0.000000e+00,0.000000e+00,0.000000e+00,0.000000e+00,0.000000e+00,0.000000e+00,0.000000e+00,0.000000e+00,0.000000e+00,0.000000e+00,0.000000e+00,0.000000e+00,0.000000e+00,0.000000e+00
1.000000e+00,0.000000e+00,0.000000e+00,0.000000e+00,0.000000e+00,0.000000e+00,0.000000e+00,0.000000e+00,0.000000e+00,0.000000e+00,0.000000e+00,0.000000e+00,0.000000e+00,0.000000e+00,0.000000e+00
1.000000e+00,0.000000e+00,0.000000e+00,0.000000e+00,0.000000e+00,0.000000e+00,0.000000e+00,0.000000e+00,0.000000e+00,0.000000e+00,0.000000e+00,0.000000e+00,0.000000e+00,0.000000e+00,0.000000e+00
1.000000e+00,0.000000e+00,0.000000e+00,0.000000e+00,0.000000e+00,0.000000e+00,0.000000e+00,0.000000e+00,0.000000e+00,0.000000e+00,0.000000e+00,0.000000e+00,0.000000e+00,0.000000e+00,0.000000e+00
1.000000e+00,0.000000e+00,0.000000e+00,0.000000e+00,0.000000e+00,0.000000e+00,0.000000e+00,0.000000e+00,0.000000e+00,0.000000e+00,0.000000e+00,0.000000e+00,0.000000e+00,0.000000e+00,0.000000e+00
1.000000e+00,0.000000e+00,0.000000e+00,0.000000e+00,0.000000e+00,0.000000e+00,0.000000e+00,0.000000e+00,0.000000e+00,0.000000e+00,0.000000e+00,0.000000e+00,0.000000e+00,0.000000e+00,0.000000e+00
1.000000e+00,0.000000e+00,0.000000e+00,0.000000e+00,0.000000e+00,0.000000e+00,0.000000e+00,0.000000e+00,0.000000e+00,0.000000e+00,0.000000e+00,0.000000e+00,0.000000e+00,0.000000e+00,0.000000e+00
1.000000e+00,0.000000e+00,0.000000e+00,0.000000e+00,0.000000e+00,0.000000e+00,0.000000e+00,0.000000e+00,0.000000e+00,0.000000e+00,0.000000e+00,0.000000e+00,0.000000e+00,0.000000e+00,0.000000e+00
1.000000e+00,0.000000e+00,0.000000e+00,0.000000e+00,0.000000e+00,0.000000e+00,0.000000e+00,0.000000e+00,0.000000e+00,0.000000e+00,0.000000e+00,0.000000e+00,0.000000e+00,0.000000e+00,0.000000e+00
1.000000e+00,0.000000e+00,0.000000e+00,0.000000e+00,0.000000e+00,0.000000e+00,0.000000e+00,0.000000e+00,0.000000e+00,0.000000e+00,0.000000e+00,0.000000e+00,0.000000e+00,0.000000e+00,0.000000e+00
1.000000e+00,0.000000e+00,0.000000e+00,0.000000e+00,0.000000e+00,0.000000e+00,0.000000e+00,0.000000e+00,0.000000e+00,0.000000e+00,0.000000e+00,0.000000e+00,0.000000e+00,0.000000e+00,0.000000e+00
1.000000e+00,0.000000e+00,0.000000e+00,0.000000e+00,0.000000e+00,0.000000e+00,0.000000e+00,0.000000e+00,0.000000e+00,0.000000e+00,0.000000e+00,0.000000e+00,0.000000e+00,0.000000e+00,0.000000e+00
1.000000e+00,0.000000e+00,0.000000e+00,0.000000e+00,0.000000e+00,0.000000e+00,0.000000e+00,0.000000e+00,0.000000e+00,0.000000e+00,0.000000e+00,0.000000e+00,0.000000e+00,0.000000e+00,0.000000e+00
1.000000e+00,0.000000e+00,0.000000e+00,0.000000e+00,0.000000e+00,0.000000e+00,0.000000e+00,0.000000e+00,0.000000e+00,0.000000e+00,0.000000e+00,0.000000e+00,0.000000e+00,0.000000e+00,0.000000e+00
1.000000e+00,0.000000e+00,0.000000e+00,0.000000e+00,0.000000e+00,0.000000e+00,0.000000e+00,0.000000e+00,0.000000e+00,0.000000e+00,0.000000e+00,0.000000e+00,0.000000e+00,0.000000e+00,0.000000e+00
1.000000e+00,0.000000e+00,0.000000e+00,0.000000e+00,0.000000e+00,0.000000e+00,0.000000e+00,0.000000e+00,0.000000e+00,0.000000e+00,0.000000e+00,0.000000e+00,0.000000e+00,0.000000e+00,0.000000e+00
1.000000e+00,0.000000e+00,0.000000e+00,0.000000e+00,0.000000e+00,0.000000e+00,0.000000e+00,0.000000e+00,0.000000e+00,0.000000e+00,0.000000e+00,0.000000e+00,0.000000e+00,0.000000e+00,0.000000e+00
1.000000e+00,0.000000e+00,0.000000e+00,0.000000e+00,0.000000e+00,0.000000e+00,0.000000e+00,0.000000e+00,0.000000e+00,0.000000e+00,0.000000e+00,0.000000e+00,0.000000e+00,0.000000e+00,0.000000e+00
1.000000e+00,0.000000e+00,0.000000e+00,0.000000e+00,0.000000e+00,0.000000e+00,0.000000e+00,0.000000e+00,0.000000e+00,0.000000e+00,0.000000e+00,0.000000e+00,0.000000e+00,0.000000e+00,0.000000e+00
1.000000e+00,0.000000e+00,0.000000e+00,0.000000e+00,0.000000e+00,0.000000e+00,0.000000e+00,0.000000e+00,0.000000e+00,0.000000e+00,0.000000e+00,0.000000e+00,0.000000e+00,0.000000e+00,0.000000e+00
1.000000e+00,0.000000e+00,0.000000e+00,0.000000e+00,0.000000e+00,0.000000e+00,0.000000e+00,0.000000e+00,0.000000e+00,0.000000e+00,0.000000e+00,0.000000e+00,0.000000e+00,0.000000e+00,0.000000e+00
1.000000e+00,0.000000e+00,0.000000e+00,0.000000e+00,0.000000e+00,0.000000e+00,0.000000e+00,0.000000e+00,0.000000e+00,0.000000e+00,0.000000e+00,0.000000e+00,0.000000e+00,0.000000e+00,0.000000e+00
1.000000e+00,0.000000e+00,0.000000e+00,0.000000e+00,0.000000e+00,0.000000e+00,0.000000e+00,0.000000e+00,0.000000e+00,0.000000e+00,0.000000e+00,0.000000e+00,0.000000e+00,0.000000e+00,0.000000e+00
1.000000e+00,0.000000e+00,0.000000e+00,0.000000e+00,0.000000e+00,0.000000e+00,0.000000e+00,0.000000e+00,0.000000e+00,0.000000e+00,0.000000e+00,0.000000e+00,0.000000e+00,0.000000e+00,0.000000e+00
1.000000e+00,0.000000e+00,0.000000e+00,0.000000e+00,0.000000e+00,0.000000e+00,0.000000e+00,0.000000e+00,0.000000e+00,0.000000e+00,0.000000e+00,0.000000e+00,0.000000e+00,0.000000e+00,0.000000e+00
1.000000e+00,0.000000e+00,0.000000e+00,0.000000e+00,0.000000e+00,0.000000e+00,0.000000e+00,0.000000e+00,0.000000e+00,0.000000e+00,0.000000e+00,0.000000e+00,0.000000e+00,0.000000e+00,0.000000e+00
1.000000e+00,0.000000e+00,0.000000e+00,0.000000e+00,0.000000e+00,0.000000e+00,0.000000e+00,0.000000e+00,0.000000e+00,0.000000e+00,0.000000e+00,0.000000e+00,0.000000e+00,0.000000e+00,0.000000e+00
1.000000e+00,0.000000e+00,0.000000e+00,0.000000e+00,0.000000e+00,0.000000e+00,0.000000e+00,0.000000e+00,0.000000e+00,0.000000e+00,0.000000e+00,0.000000e+00,0.000000e+00,0.000000e+00,0.000000e+00
1.000000e+00,0.000000e+00,0.000000e+00,0.000000e+00,0.000000e+00,0.000000e+00,0.000000e+00,0.000000e+00,0.000000e+00,0.000000e+00,0.000000e+00,0.000000e+00,0.000000e+00,0.000000e+00,0.000000e+00
1.000000e+00,0.000000e+00,0.000000e+00,0.000000e+00,0.000000e+00,0.000000e+00,0.000000e+00,0.000000e+00,0.000000e+00,0.000000e+00,0.000000e+00,0.000000e+00,0.000000e+00,0.000000e+00,0.000000e+00
1.000000e+00,0.000000e+00,0.000000e+00,0.000000e+00,0.000000e+00,0.000000e+00,0.000000e+00,0.000000e+00,0.000000e+00,0.000000e+00,0.000000e+00,0.000000e+00,0.000000e+00,0.000000e+00,0.000000e+00
1.000000e+00,0.000000e+00,0.000000e+00,0.000000e+00,0.000000e+00,0.000000e+00,0.000000e+00,0.000000e+00,0.000000e+00,0.000000e+00,0.000000e+00,0.000000e+00,0.000000e+00,0.000000e+00,0.000000e+00
1.000000e+00,0.000000e+00,0.000000e+00,0.000000e+00,0.000000e+00,0.000000e+00,0.000000e+00,0.000000e+00,0.000000e+00,0.000000e+00,0.000000e+00,0.000000e+00,0.000000e+00,0.000000e+00,0.000000e+00
1.000000e+00,0.000000e+00,0.000000e+00,0.000000e+00,0.000000e+00,0.000000e+00,0.000000e+00,0.000000e+00,0.000000e+00,0.000000e+00,0.000000e+00,0.000000e+00,0.000000e+00,0.000000e+00,0.000000e+00
1.000000e+00,0.000000e+00,0.000000e+00,0.000000e+00,0.000000e+00,0.000000e+00,0.000000e+00,0.000000e+00,0.000000e+00,0.000000e+00,0.000000e+00,0.000000e+00,0.000000e+00,0.000000e+00,0.000000e+00
1.000000e+00,0.000000e+00,0.000000e+00,0.000000e+00,0.000000e+00,0.000000e+00,0.000000e+00,0.000000e+00,0.000000e+00,0.000000e+00,0.000000e+00,0.000000e+00,0.000000e+00,0.000000e+00,0.000000e+00
1.000000e+00,0.000000e+00,0.000000e+00,0.000000e+00,0.000000e+00,0.000000e+00,0.000000e+00,0.000000e+00,0.000000e+00,0.000000e+00,0.000000e+00,0.000000e+00,0.000000e+00,0.000000e+00,0.000000e+00
1.000000e+00,0.000000e+00,0.000000e+00,0.000000e+00,0.000000e+00,0.000000e+00,0.000000e+00,0.000000e+00,0.000000e+00,0.000000e+00,0.000000e+00,0.000000e+00,0.000000e+00,0.000000e+00,0.000000e+00
1.000000e+00,0.000000e+00,0.000000e+00,0.000000e+00,0.000000e+00,0.000000e+00,0.000000e+00,0.000000e+00,0.000000e+00,0.000000e+00,0.000000e+00,0.000000e+00,0.000000e+00,0.000000e+00,0.000000e+00
1.000000e+00,0.000000e+00,0.000000e+00,0.000000e+00,0.000000e+00,0.000000e+00,0.000000e+00,0.000000e+00,0.000000e+00,0.000000e+00,0.000000e+00,0.000000e+00,0.000000e+00,0.000000e+00,0.000000e+00
1.000000e+00,0.000000e+00,0.000000e+00,0.000000e+00,0.000000e+00,0.000000e+00,0.000000e+00,0.000000e+00,0.000000e+00,0.000000e+00,0.000000e+00,0.000000e+00,0.000000e+00,0.000000e+00,0.000000e+00
1.000000e+00,0.000000e+00,0.000000e+00,0.000000e+00,0.000000e+00,0.000000e+00,0.000000e+00,0.000000e+00,0.000000e+00,0.000000e+00,0.000000e+00,0.000000e+00,0.000000e+00,0.000000e+00,0.000000e+00
1.000000e+00,0.000000e+00,0.000000e+00,0.000000e+00,0.000000e+00,0.000000e+00,0.000000e+00,0.000000e+00,0.000000e+00,0.000000e+00,0.000000e+00,0.000000e+00,0.000000e+00,0.000000e+00,0.000000e+00
4.891495e-01,1.108046e-02,2.073157e-02,7.264032e-02,1.192167e-02,6.462217e-02,4.982224e-03,1.688304e-02,2.138776e-01,1.191902e-02,1.515352e-02,9.339038e-03,4.572835e-02,1.451762e-03,1.051972e-02
3.439010e-01,9.501133e-03,1.485287e-02,5.778972e-02,9.133486e-03,5.614705e-02,5.128797e-03,1.208000e-02,3.218283e-01,1.061857e-02,1.499754e-02,7.540007e-03,1.243182e-01,1.075725e-03,1.108749e-02
2.425186e-01,7.341478e-03,1.087006e-02,4.665913e-02,7.537792e-03,4.719996e-02,5.874762e-03,9.065471e-03,3.536479e-01,8.891043e-03,1.514770e-02,6.999951e-03,2.208766e-01,8.227980e-04,1.654668e-02
1.703905e-01,6.041155e-03,8.225286e-03,4.325255e-02,5.838301e-03,3.523277e-02,4.679986e-03,6.438632e-03,3.987429e-01,6.996769e-03,1.105465e-02,6.511802e-03,2.800475e-01,6.202303e-04,1.592706e-02
1.203608e-01,5.673722e-03,5.959356e-03,3.319069e-02,4.343434e-03,2.636063e-02,3.483925e-03,4.879336e-03,3.261275e-01,5.038222e-03,8.275160e-03,5.826805e-03,4.356996e-01,5.057049e-04,1.427511e-02
8.499457e-02,4.984150e-03,4.326005e-03,2.504858e-02,3.324660e-03,2.012136e-02,2.568123e-03,3.565210e-03,2.434630e-01,3.604233e-03,6.213138e-03,5.759244e-03,5.799688e-01,3.676141e-04,1.169131e-02
6.228613e-02,3.757323e-03,3.109142e-03,1.787185e-02,2.539252e-03,1.724783e-02,1.915554e-03,2.565985e-03,1.710941e-01,2.533595e-03,4.426720e-03,6.114806e-03,6.944361e-01,2.665832e-04,9.835010e-03
4.675459e-02,3.147122e-03,2.235090e-03,1.278649e-02,1.999892e-03,1.391892e-02,1.397484e-03,1.941686e-03,1.208351e-01,1.781509e-03,3.208360e-03,7.535808e-03,7.741676e-01,1.995254e-04,8.090897e-03
3.453427e-02,2.646139e-03,1.801887e-03,9.354826e-03,1.679552e-03,1.150365e-02,1.071239e-03,1.481283e-03,8.549153e-02,1.260546e-03,2.335182e-03,7.149693e-03,8.326564e-01,1.547209e-04,6.879159e-03
2.472705e-02,2.077166e-03,1.328110e-03,6.630271e-03,1.671823e-03,8.744297e-03,7.899568e-04,1.088804e-03,6.051274e-02,8.916296e-04,1.785651e-03,7.584664e-03,8.768253e-01,1.192612e-04,5.223332e-03
1.803435e-02,3.007456e-03,1.323096e-03,4.796631e-03,2.279986e-03,7.533677e-03,6.749550e-04,1.006041e-03,4.678204e-02,6.557687e-04,1.452200e-03,1.298444e-02,8.946294e-01,1.275045e-04,4.712542e-03
1.722512e-02,2.077587e-02,3.712892e-03,5.087507e-03,3.173429e-03,7.401434e-03,7.800925e-04,1.072685e-03,4.155110e-02,5.574786e-04,1.494682e-03,2.984681e-02,8.629246e-01,3.936244e-04,4.002748e-03
1.959476e-02,2.670451e-02,3.984392e-03,4.124788e-03,4.779957e-03,1.970104e-02,8.620321e-04,1.092819e-03,4.492316e-02,4.740289e-04,1.776306e-03,2.845397e-02,8.385406e-01,9.707075e-04,4.017005e-03
2.999881e-02,2.096972e-02,3.329038e-03,3.280987e-03,5.771938e-03,1.716518e-02,1.339248e-03,1.250238e-03,3.815432e-02,4.000299e-04,1.554851e-03,3.138356e-02,8.400581e-01,1.475229e-03,3.868815e-03
4.000904e-02,1.802736e-02,3.664081e-03,2.752201e-03,6.076652e-03,1.740610e-02,1.546260e-03,1.334356e-03,3.679015e-02,4.502329e-04,1.594261e-03,3.950217e-02,8.239992e-01,3.178000e-03,3.670025e-03
3.281135e-02,1.359097e-02,2.848307e-03,2.166347e-03,6.348804e-03,1.536095e-02,1.524240e-03,1.199583e-03,3.165085e-02,3.682012e-04,1.294995e-03,4.373569e-02,8.406941e-01,2.648102e-03,3.757491e-03
2.861616e-02,1.087007e-02,3.233394e-03,1.847786e-03,8.422915e-03,1.322795e-02,2.173494e-03,1.958733e-03,2.717740e-02,3.996876e-04,1.150989e-03,4.174981e-02,8.532112e-01,2.320155e-03,3.640368e-03
2.455123e-02,8.955460e-03,3.138222e-03,1.608404e-03,1.014071e-02,1.123929e-02,2.742779e-03,3.457566e-03,2.345651e-02,3.263487e-04,9.737618e-04,3.866107e-02,8.644831e-01,1.769817e-03,4.495722e-03
2.333654e-02,1.038969e-02,7.331722e-03,2.017037e-03,1.156295e-02,1.028164e-02,2.365807e-03,5.634718e-03,2.181402e-02,3.899019e-04,8.210442e-04,3.089280e-02,8.672874e-01,1.506920e-03,4.367824e-03
2.939040e-02,1.863782e-02,9.868006e-03,4.196149e-03,1.276695e-02,1.734833e-02,2.777055e-03,9.660028e-03,3.783773e-02,7.930781e-04,1.768238e-03,2.423884e-02,8.228762e-01,1.567050e-03,6.274130e-03
2.965884e-02,3.478301e-02,1.254264e-02,3.390543e-03,1.436768e-02,2.865553e-02,2.746420e-03,2.324785e-02,5.433573e-02,7.664863e-04,1.491170e-03,1.766163e-02,7.627598e-01,1.635445e-03,1.195725e-02
4.493369e-02,8.012733e-02,1.521761e-02,3.481422e-03,2.021000e-02,3.895828e-02,3.810909e-03,2.840441e-02,9.451158e-02,1.165846e-03,2.110819e-03,1.380327e-02,6.367081e-01,1.533374e-03,1.502335e-02
6.159088e-02,8.870456e-02,1.527126e-02,3.226456e-03,2.660319e-02,4.931435e-02,5.536402e-03,3.485858e-02,1.465483e-01,9.991277e-04,1.770712e-03,1.017632e-02,5.368423e-01,1.623853e-03,1.693367e-02
1.072936e-01,1.037313e-01,1.351313e-02,3.913403e-03,2.585378e-02,4.893865e-02,4.961125e-03,3.335743e-02,1.757775e-01,1.202589e-03,1.976479e-03,8.967796e-03,4.503303e-01,2.268240e-03,1.791469e-02
1.434913e-01,9.340976e-02,1.008147e-02,3.579092e-03,1.989724e-02,6.703375e-02,3.728527e-03,2.668472e-02,1.744795e-01,1.085971e-03,1.675456e-03,7.013233e-03,4.285704e-01,2.288268e-03,1.698142e-02
1.752797e-01,8.195956e-02,7.793145e-03,3.230219e-03,1.666263e-02,8.593119e-02,3.001090e-03,2.258676e-02,1.662577e-01,9.496274e-04,1.441068e-03,5.397432e-03,4.136533e-01,2.035314e-03,1.382131e-02
1.906176e-01,7.706681e-02,7.991368e-03,4.521958e-03,1.529028e-02,1.078033e-01,2.519001e-03,2.143541e-02,1.864932e-01,7.916451e-04,1.505960e-03,5.018141e-03,3.660812e-01,1.967029e-03,1.089713e-02
2.148155e-01,6.728967e-02,6.112503e-03,4.307369e-03,1.291717e-02,1.051032e-01,2.057343e-03,1.051063e-01,1.522235e-01,6.115413e-04,1.337104e-03,3.981059e-03,3.138830e-01,1.665714e-03,8.589260e-03
2.510247e-01,4.873470e-02,4.948111e-03,3.760812e-03,9.843589e-03,1.019018e-01,2.844604e-03,1.976098e-01,1.117935e-01,4.800549e-04,1.380759e-03,3.290974e-03,2.544340e-01,1.276089e-03,6.676522e-03
2.252519e-01,3.468378e-02,3.894421e-03,2.979292e-03,7.520971e-03,7.329529e-02,3.206830e-03,3.791298e-01,7.948995e-02,3.730308e-04,1.276382e-03,2.795943e-03,1.801972e-01,9.568133e-04,4.948462e-03
1.921747e-01,2.458007e-02,2.994675e-03,2.914928e-03,6.782141e-03,5.601535e-02,2.846815e-03,5.173552e-01,5.610429e-02,3.198501e-04,1.768842e-03,4.149020e-03,1.273246e-01,7.361578e-04,3.933393e-03
1.420269e-01,1.731407e-02,2.501818e-03,4.944724e-03,7.099566e-03,4.301615e-02,3.841932e-03,4.540784e-01,4.083557e-02,6.495687e-04,8.473490e-03,3.315311e-02,2.375492e-01,6.728828e-04,3.842653e-03
1.014215e-01,1.224125e-02,1.890417e-03,5.378799e-03,6.301606e-03,3.105178e-02,6.286397e-03,3.445773e-01,2.945766e-02,8.050866e-04,8.461701e-03,5.342907e-02,3.950678e-01,6.436198e-04,2.985885e-03
7.235374e-02,8.680067e-03,1.492321e-03,4.905940e-03,5.477511e-03,2.275335e-02,1.790557e-02,2.505536e-01,2.278246e-02,8.044568e-04,9.244572e-03,2.320708e-01,3.474972e-01,1.111720e-03,2.366545e-03
5.093585e-02,6.194187e-03,1.741441e-03,3.721020e-03,4.253240e-03,1.705766e-02,1.772082e-02,1.770318e-01,1.733583e-02,9.375674e-04,8.351287e-03,4.077749e-01,2.839108e-01,1.236804e-03,1.796771e-03
3.598036e-02,4.384833e-03,1.409397e-03,2.678869e-03,3.206656e-03,1.291952e-02,1.758137e-02,1.251537e-01,1.374512e-02,1.555480e-03,9.766471e-03,5.385035e-01,2.302047e-01,1.472904e-03,1.437147e-03
2.532314e-02,3.168805e-03,1.291698e-03,1.940165e-03,2.409337e-03,1.054269e-02,1.340258e-02,8.834321e-02,1.064456e-02,5.755999e-03,1.709706e-02,6.508942e-01,1.668653e-01,1.197805e-03,1.123468e-03
1.803024e-02,3.011170e-03,1.830223e-03,1.379627e-03,2.135910e-03,7.688164e-03,9.549205e-03,6.212922e-02,8.931960e-03,1.078973e-02,3.573957e-02,7.141809e-01,1.224111e-01,1.317710e-03,8.752704e-04
1.271645e-02,2.201620e-03,1.368544e-03,9.791827e-04,1.748101e-03,5.600093e-03,6.748356e-03,4.358827e-02,7.101572e-03,1.028699e-02,9.600792e-02,7.219101e-01,8.793902e-02,1.159455e-03,6.444084e-04
8.929087e-03,1.563673e-03,9.726829e-04,6.880290e-04,1.315221e-03,3.942812e-03,4.728748e-03,3.052323e-02,5.341286e-03,8.249857e-03,8.707103e-02,7.836212e-01,6.172324e-02,8.695986e-04,4.603269e-04
6.263637e-03,1.109605e-03,6.902494e-04,4.840786e-04,9.904836e-04,2.784243e-03,3.312500e-03,2.137079e-02,3.946185e-03,6.364496e-03,7.676806e-02,8.316544e-01,4.326121e-02,6.727328e-04,3.272740e-04
4.523669e-03,1.136554e-03,6.969423e-04,3.679332e-04,8.306071e-04,2.156468e-03,2.327210e-03,1.502923e-02,2.978232e-03,4.917717e-03,7.054280e-02,8.633285e-01,3.032134e-02,6.011076e-04,2.416776e-04
3.580765e-03,9.318768e-04,5.247642e-04,2.677614e-04,8.066853e-04,1.598233e-03,1.633285e-03,1.054768e-02,2.442427e-03,4.186717e-03,6.535137e-02,8.860475e-01,2.124971e-02,6.277486e-04,2.034185e-04
4.126084e-03,1.248330e-03,5.559204e-04,2.343538e-04,1.262446e-03,1.409285e-03,1.161359e-03,7.501563e-03,2.109336e-03,4.059585e-03,6.723695e-02,8.932535e-01,1.492524e-02,6.824333e-04,2.335486e-04
3.802003e-03,1.456836e-03,7.325993e-04,2.858782e-04,1.543804e-03,1.288654e-03,8.227671e-04,5.469471e-03,1.812290e-03,4.430839e-03,1.361667e-01,8.303825e-01,1.050877e-02,1.041763e-03,2.551518e-04
3.374180e-03,1.428244e-03,8.811801e-04,2.983331e-04,2.162261e-03,1.275744e-03,6.073415e-04,4.105254e-03,1.775750e-03,5.355733e-03,2.176967e-01,7.514684e-01,7.472097e-03,1.772998e-03,3.257138e-04
7.618235e-03,3.105447e-03,1.388905e-02,2.415223e-03,1.869861e-02,3.541268e-03,7.198528e-04,8.781915e-03,2.649011e-03,8.492867e-03,2.218889e-01,6.994233e-01,5.859901e-03,2.496868e-03,4.195358e-04
1.110847e-02,7.053419e-03,1.819299e-02,3.363445e-03,4.198095e-02,9.234888e-03,1.002930e-03,9.451265e-03,2.818445e-03,8.182044e-03,2.644519e-01,6.145889e-01,4.783373e-03,3.352540e-03,4.344594e-04
1.308484e-02,1.246002e-02,1.807469e-02,5.292466e-03,6.006328e-02,1.490183e-02,1.345910e-03,8.670096e-03,3.203657e-03,6.626358e-03,3.016976e-01,5.438425e-01,3.950658e-03,6.265847e-03,5.202327e-04
1.344159e-02,2.321777e-02,4.167970e-02,9.390209e-03,6.240766e-02,1.988385e-02,1.371507e-03,1.255788e-02,3.956934e-03,5.479822e-03,3.737179e-01,4.212370e-01,2.975796e-03,7.920722e-03,7.616077e-04
1.356028e-02,2.674502e-02,4.798773e-02,9.667200e-03,5.282142e-02,2.185204e-02,1.233950e-03,1.499576e-02,4.452608e-03,4.787821e-03,4.586960e-01,3.294668e-01,2.342101e-03,1.036624e-02,1.024955e-03
1.847873e-02,2.543316e-02,6.585681e-02,9.748562e-03,4.187467e-02,1.841379e-02,1.082468e-03,1.529864e-02,5.620002e-03,5.850100e-03,4.899444e-01,2.807710e-01,2.514729e-03,1.815180e-02,9.611763e-04
3.602028e-02,2.602701e-02,1.012808e-01,1.011653e-02,3.204655e-02,1.528915e-02,8.945013e-04,1.643015e-02,6.791185e-03,6.377225e-03,4.997506e-01,2.207775e-01,2.165751e-03,2.472562e-02,1.307028e-03
2.988787e-02,2.830714e-02,8.500721e-02,8.018976e-03,2.473833e-02,1.204418e-02,6.678276e-04,1.329074e-02,7.943369e-03,6.397845e-03,5.951802e-01,1.612983e-01,1.668386e-03,2.434387e-02,1.205723e-03
2.692491e-02,2.152024e-02,6.759767e-02,6.851886e-03,1.800920e-02,9.606816e-03,5.046484e-04,1.192741e-02,8.870011e-03,5.289531e-03,6.693403e-01,1.230527e-01,1.309663e-03,2.801455e-02,1.180511e-03
2.774195e-02,1.675636e-02,5.707410e-02,7.711269e-03,1.330065e-02,8.274943e-03,4.039020e-04,1.503584e-02,1.151283e-02,5.172966e-03,7.047527e-01,9.416810e-02,1.077431e-03,3.591391e-02,1.103105e-03
2.567524e-02,1.326114e-02,4.724523e-02,7.739685e-03,9.754776e-03,8.758168e-03,3.296870e-04,1.422215e-02,1.321633e-02,5.929301e-03,7.409443e-01,7.001228e-02,8.610204e-04,4.099694e-02,1.053854e-03
2.028996e-02,1.043211e-02,4.021254e-02,6.569191e-03,7.297255e-03,6.808737e-03,2.455265e-04,1.139448e-02,1.268263e-02,4.954290e-03,7.924936e-01,5.156621e-02,6.376376e-04,3.332670e-02,1.089176e-03
2.233311e-02,7.969202e-03,5.035049e-02,8.665009e-03,6.057791e-03,6.859336e-03,2.511726e-04,2.220499e-02,1.790490e-02,4.675211e-03,7.831644e-01,3.721800e-02,5.523033e-04,3.085271e-02,9.414119e-04
2.418914e-02,6.284199e-03,5.098530e-02,1.949240e-02,6.847927e-03,6.222293e-03,2.279735e-04,5.472846e-02,3.139817e-02,7.752576e-03,7.379453e-01,2.672078e-02,4.342259e-04,2.564473e-02,1.126568e-03
2.317142e-02,4.846841e-03,5.124811e-02,3.052143e-02,7.722592e-03,5.398151e-03,2.452055e-04,5.864100e-02,3.983609e-02,9.894561e-03,7.254454e-01,1.913717e-02,3.387710e-04,2.217606e-02,1.377178e-03
2.878024e-02,3.759302e-03,6.595965e-02,6.869978e-02,1.193113e-02,5.916083e-03,3.640661e-04,5.680435e-02,4.057701e-02,1.064367e-02,6.703030e-01,1.445931e-02,3.764562e-04,1.987607e-02,1.549885e-03
2.856334e-02,2.948614e-03,6.288961e-02,8.681249e-02,1.582190e-02,5.023276e-03,3.487637e-04,5.615570e-02,4.192765e-02,1.237742e-02,6.563397e-01,1.058590e-02,3.432380e-04,1.824341e-02,1.618962e-03
3.510594e-02,2.701929e-03,5.181342e-02,7.699277e-02,1.801934e-02,5.557242e-03,3.796634e-04,4.882330e-02,4.898652e-02,1.358638e-02,6.588290e-01,8.231083e-03,3.727479e-04,2.856642e-02,2.034227e-03
3.833133e-02,2.552164e-03,4.287956e-02,6.381440e-02,1.385819e-02,4.787946e-03,3.766360e-04,4.506826e-02,7.761575e-02,2.011422e-02,6.303452e-01,6.254555e-03,3.971593e-04,5.175980e-02,1.844837e-03
3.885254e-02,2.784892e-03,3.447703e-02,4.782934e-02,1.065029e-02,4.690208e-03,3.244433e-04,3.455346e-02,1.118126e-01,1.966702e-02,6.327482e-01,4.690011e-03,4.118977e-04,5.431866e-02,2.189430e-03
4.691619e-02,3.413674e-03,2.745213e-02,3.815675e-02,9.975649e-03,1.628421e-02,5.617916e-04,3.228024e-02,1.543940e-01,1.657465e-02,5.452807e-01,4.150641e-03,6.313477e-04,1.010091e-01,2.919022e-03
5.246105e-02,4.550498e-03,2.322101e-02,3.014838e-02,8.425919e-03,3.455522e-02,5.190045e-04,3.214521e-02,1.865118e-01,1.496009e-02,4.618714e-01,3.804839e-03,8.517195e-04,1.420782e-01,3.895678e-03
6.165090e-02,6.247513e-03,1.917952e-02,2.397020e-02,6.787849e-03,6.364650e-02,5.115225e-04,2.890764e-02,1.962587e-01,1.984277e-02,3.751982e-01,3.576959e-03,1.001666e-03,1.875756e-01,5.644500e-03
7.728156e-02,8.005046e-03,1.465835e-02,1.870089e-02,5.288025e-03,7.939121e-02,5.014212e-04,2.396718e-02,1.740795e-01,1.911438e-02,3.571550e-01,3.753666e-03,1.027807e-03,2.106985e-01,6.377545e-03
8.853261e-02,1.195891e-02,1.122374e-02,1.429096e-02,4.204247e-03,1.118532e-01,4.613269e-04,1.937847e-02,1.584783e-01,1.709771e-02,3.140396e-01,3.936394e-03,1.084894e-03,2.352643e-01,8.195307e-03
1.007560e-01,1.893461e-02,9.767309e-03,1.175721e-02,3.654195e-03,1.422297e-01,5.326360e-04,1.884481e-02,1.604788e-01,1.557466e-02,2.462587e-01,4.252648e-03,1.337934e-03,2.557504e-01,9.870382e-03
9.079447e-02,2.740366e-02,2.504231e-02,1.008575e-02,3.638924e-03,1.098144e-01,4.073885e-04,1.398963e-02,1.673934e-01,1.360077e-02,2.011816e-01,4.672013e-03,1.293915e-03,2.814305e-01,4.925118e-02
6.445996e-02,2.238416e-02,2.301210e-02,7.635813e-03,2.811323e-03,7.887851e-02,2.967532e-04,9.904886e-03,1.351411e-01,1.154202e-02,2.586426e-01,4.573466e-03,1.543364e-03,3.311708e-01,4.800315e-02
4.563461e-02,1.690143e-02,2.434698e-02,6.017771e-03,2.054832e-03,5.588740e-02,2.195756e-04,7.052453e-03,1.061383e-01,9.558034e-03,4.121159e-01,4.435481e-03,1.314915e-03,2.725635e-01,3.575873e-02
3.246003e-02,1.323973e-02,2.165118e-02,5.517145e-03,1.558925e-03,3.959183e-02,1.768011e-04,5.118783e-03,1.078540e-01,8.694127e-03,5.184965e-01,4.739320e-03,1.426056e-03,2.113723e-01,2.810318e-02
2.334759e-02,9.871708e-03,1.606951e-02,4.763252e-03,1.551709e-03,2.805245e-02,1.750218e-04,3.827828e-03,8.423968e-02,7.537980e-03,6.205145e-01,5.621227e-03,1.721504e-03,1.726224e-01,2.008356e-02
1.702411e-02,7.312187e-03,1.157325e-02,4.199989e-03,2.194413e-03,1.994721e-02,1.898124e-04,2.831361e-03,6.300401e-02,8.603443e-03,7.008766e-01,8.944881e-03,2.204739e-03,1.367295e-01,1.436449e-02
1.216661e-02,5.259575e-03,8.207726e-03,3.469247e-03,2.954651e-03,1.415211e-02,2.130424e-04,2.107751e-03,4.519669e-02,9.245642e-03,7.562706e-01,1.257326e-02,2.422760e-03,1.155717e-01,1.018856e-02
8.628258e-03,3.766681e-03,5.795017e-03,2.480092e-03,2.500234e-03,9.994420e-03,1.719673e-04,1.522744e-03,3.203062e-02,2.113856e-02,7.893830e-01,1.654772e-02,1.874130e-03,9.696002e-02,7.206526e-03
6.091340e-03,2.705884e-03,4.085886e-03,1.751686e-03,2.078956e-03,7.133282e-03,1.512292e-04,1.107461e-03,2.259002e-02,5.392671e-02,8.024540e-01,1.457163e-02,1.418206e-03,7.476560e-02,5.168125e-03
4.311192e-03,1.996139e-03,2.964424e-03,1.324050e-03,3.070484e-03,5.114213e-03,2.452011e-04,1.015399e-03,2.255574e-02,9.260439e-02,7.698749e-01,1.993274e-02,1.197534e-03,6.983537e-02,3.958195e-03
3.052551e-03,1.431981e-03,2.093914e-03,9.663266e-04,2.643735e-03,3.642964e-03,2.282319e-04,8.043675e-04,1.811509e-02,1.043183e-01,7.790648e-01,1.926573e-02,1.117159e-03,6.036527e-02,2.889647e-03
2.148996e-03,1.095581e-03,1.483720e-03,7.895596e-04,2.022781e-03,2.627276e-03,1.765325e-04,5.740075e-04,1.475383e-02,7.981750e-02,8.193219e-01,1.844727e-02,1.282447e-03,5.312151e-02,2.337157e-03
1.518924e-03,1.117758e-03,1.096163e-03,9.131127e-04,2.250256e-03,2.180740e-03,1.710412e-04,4.840870e-04,3.778814e-02,5.967701e-02,8.067067e-01,2.759190e-02,2.483994e-03,5.419126e-02,1.828943e-03
1.107679e-03,1.172968e-03,1.085558e-03,1.739163e-03,3.462573e-03,2.056146e-03,2.169136e-04,7.305087e-04,3.976898e-02,4.458947e-02,8.102583e-01,2.980696e-02,3.449519e-03,5.888350e-02,1.671705e-03
1.020081e-03,1.753853e-03,1.222816e-03,1.743328e-03,3.634268e-03,4.855847e-03,1.151259e-03,3.461770e-03,3.349755e-02,3.556269e-02,8.136843e-01,3.163423e-02,5.010054e-03,6.036344e-02,1.404423e-03
9.220635e-04,3.214476e-03,1.579493e-03,1.822307e-03,4.125018e-03,4.498238e-03,1.309409e-03,3.976875e-03,4.155328e-02,2.880376e-02,7.968066e-01,3.465525e-02,5.558160e-03,6.993660e-02,1.238389e-03
7.374724e-04,2.604559e-02,1.622152e-03,1.672987e-03,4.053630e-03,3.993941e-03,9.644689e-04,3.153400e-03,2.801204e-01,2.119219e-02,5.756630e-01,2.571774e-02,4.419095e-03,4.959377e-02,1.050132e-03
9.874641e-04,1.880963e-01,1.876909e-02,1.766544e-03,4.011034e-03,1.485881e-02,7.039786e-04,2.811321e-03,2.553407e-01,2.091403e-02,4.282194e-01,1.820392e-02,3.384442e-03,3.530098e-02,6.631830e-03
1.529367e-03,2.569345e-01,2.004210e-02,1.824998e-03,5.526169e-03,2.074880e-02,5.103822e-04,2.696994e-03,3.080721e-01,1.937646e-02,3.115291e-01,1.286086e-02,2.479354e-03,2.527214e-02,1.059665e-02
1.781661e-03,3.200661e-01,3.666273e-02,4.947583e-03,1.108785e-02,1.916867e-02,4.136438e-04,5.067774e-03,3.229620e-01,1.650210e-02,2.188614e-01,9.088218e-03,1.856654e-03,1.787549e-02,1.365811e-02
2.096276e-03,3.731802e-01,3.735237e-02,5.769383e-03,1.983948e-02,1.962047e-02,4.347425e-04,5.690959e-03,3.340138e-01,1.428769e-02,1.534350e-01,6.409783e-03,1.422023e-03,1.269032e-02,1.375753e-02
3.731922e-03,3.464356e-01,4.565235e-02,3.405961e-02,3.552539e-02,1.865293e-02,5.086937e-04,1.860781e-02,3.435734e-01,1.396148e-02,1.078333e-01,4.713954e-03,1.423036e-03,8.954620e-03,1.636586e-02
7.097274e-03,3.208369e-01,3.243674e-02,2.792330e-02,6.063108e-02,1.787224e-02,5.699020e-04,3.454881e-02,3.888249e-01,9.987779e-03,7.556988e-02,3.335661e-03,1.088917e-03,6.397804e-03,1.287879e-02
8.323673e-03,2.865436e-01,2.314345e-02,2.619711e-02,6.497301e-02,1.551087e-02,6.740383e-04,5.281870e-02,4.410786e-01,8.174057e-03,5.304926e-02,2.402029e-03,9.987408e-04,4.552078e-03,1.156076e-02
9.809867e-03,2.974997e-01,1.942421e-02,1.028611e-01,5.106200e-02,1.165938e-02,5.330823e-04,6.081345e-02,3.727444e-01,8.906451e-03,3.827492e-02,2.052355e-03,1.246972e-03,3.248491e-03,1.986364e-02
1.390094e-02,2.628106e-01,1.946286e-02,1.305613e-01,4.816603e-02,9.266496e-03,5.287047e-04,7.193181e-02,3.633067e-01,1.843952e-02,3.096449e-02,1.995470e-03,2.275187e-03,2.388629e-03,2.400130e-02
1.860492e-02,2.673377e-01,2.683682e-02,1.029149e-01,4.675547e-02,7.238396e-03,4.965514e-04,7.411334e-02,3.744395e-01,2.385717e-02,2.312824e-02,1.985284e-03,2.131129e-03,1.847280e-03,2.831325e-02
1.991925e-02,2.789156e-01,4.085827e-02,1.119547e-01,3.705230e-02,5.454549e-03,4.367519e-04,5.367054e-02,3.412907e-01,3.633511e-02,1.822053e-02,2.697462e-03,4.214854e-03,1.544281e-03,4.743517e-02
3.669459e-02,2.182731e-01,8.498199e-02,9.624094e-02,4.124770e-02,5.952630e-03,5.923141e-04,4.409068e-02,3.103170e-01,5.387774e-02,1.465820e-02,2.745327e-03,4.095047e-03,1.653746e-03,8.457895e-02
6.506684e-02,1.722534e-01,1.162314e-01,1.035821e-01,4.571998e-02,8.146584e-03,8.283014e-04,4.270248e-02,2.752864e-01,5.695854e-02,1.292422e-02,3.153246e-03,4.176748e-03,1.922848e-03,9.104686e-02
8.490293e-02,1.383718e-01,1.065762e-01,8.778807e-02,5.588539e-02,1.254788e-02,1.025097e-03,5.333336e-02,2.553759e-01,6.111383e-02,1.166580e-02,2.862621e-03,3.983411e-03,3.498015e-03,1.210697e-01
1.232439e-01,1.317707e-01,9.215939e-02,7.572066e-02,6.630130e-02,2.030427e-02,2.633650e-03,6.153511e-02,2.355887e-01,4.723421e-02,1.409377e-02,2.944862e-03,5.586590e-03,6.725246e-03,1.141576e-01
1.595566e-01,1.211853e-01,7.803284e-02,7.656791e-02,7.225300e-02,2.260451e-02,3.717276e-03,6.684494e-02,2.234237e-01,3.485439e-02,1.659612e-02,3.976151e-03,5.891128e-03,9.426720e-03,1.050695e-01
1.816689e-01,1.155163e-01,6.442658e-02,6.748810e-02,6.111939e-02,2.826374e-02,3.482289e-03,6.438328e-02,1.953528e-01,3.057318e-02,1.826179e-02,4.774765e-03,8.083181e-03,1.450522e-02,1.421005e-01
2.562647e-01,1.043799e-01,5.053061e-02,6.247709e-02,4.937387e-02,2.568754e-02,3.105921e-03,4.915477e-02,1.805309e-01,2.475258e-02,3.044984e-02,1.237411e-02,9.064376e-03,1.813645e-02,1.237174e-01
3.430749e-01,8.301096e-02,3.795609e-02,5.129297e-02,4.004978e-02,2.616520e-02,2.741062e-03,3.669506e-02,1.685775e-01,2.289287e-02,3.171816e-02,1.353410e-02,9.705571e-03,2.001509e-02,1.125708e-01
3.361264e-01,8.337405e-02,4.871647e-02,6.736628e-02,2.989927e-02,2.040064e-02,2.370452e-03,2.698384e-02,1.420392e-01,2.424036e-02,3.018771e-02,1.548534e-02,8.536279e-03,2.072666e-02,1.435471e-01
4.933414e-01,6.055090e-02,3.896901e-02,5.335704e-02,2.198871e-02,1.926516e-02,2.579906e-03,2.021391e-02,1.024935e-01,1.755601e-02,2.345319e-02,1.863037e-02,7.725558e-03,1.620455e-02,1.036709e-01
1.000000e+00,0.000000e+00,0.000000e+00,0.000000e+00,0.000000e+00,0.000000e+00,0.000000e+00,0.000000e+00,0.000000e+00,0.000000e+00,0.000000e+00,0.000000e+00,0.000000e+00,0.000000e+00,0.000000e+00
3.932925e-01,4.399221e-02,9.467641e-02,1.548620e-01,1.243246e-02,1.541634e-02,2.065786e-03,1.059642e-02,6.237771e-02,1.117942e-02,1.348404e-02,2.258487e-02,9.537765e-02,8.766778e-03,5.889552e-02
2.942376e-01,5.444308e-02,8.746949e-02,2.106373e-01,9.494996e-03,1.196673e-02,1.550664e-03,7.535398e-03,4.587281e-02,8.375596e-03,9.717697e-03,1.679133e-02,1.935083e-01,6.173346e-03,4.222568e-02
2.121745e-01,3.909489e-02,6.527258e-02,1.569789e-01,7.154771e-03,9.751460e-03,1.209022e-03,5.317518e-03,3.374088e-02,6.103194e-03,7.607046e-03,1.351236e-02,4.061481e-01,4.333546e-03,3.160129e-02
1.531542e-01,2.786028e-02,4.737767e-02,1.121588e-01,5.454792e-03,8.369590e-03,9.851693e-04,4.561820e-03,2.628692e-02,4.311687e-03,6.696573e-03,1.639983e-02,5.601524e-01,3.103494e-03,2.312685e-02
1.118106e-01,1.979158e-02,3.335127e-02,7.877100e-02,4.338457e-03,6.511941e-03,7.909292e-04,3.511097e-03,1.867920e-02,3.025897e-03,5.024560e-03,1.368333e-02,6.820496e-01,2.219698e-03,1.644090e-02
8.867227e-02,1.391838e-02,2.336765e-02,5.520238e-02,3.310901e-03,5.521259e-03,6.034327e-04,2.736424e-03,1.325183e-02,2.121902e-03,3.568993e-03,1.242879e-02,7.620974e-01,1.573068e-03,1.162532e-02
6.522832e-02,9.774980e-03,1.636602e-02,3.866864e-02,2.602126e-03,5.011450e-03,5.036055e-04,2.245282e-03,9.458330e-03,1.488153e-03,2.531432e-03,1.044753e-02,8.263651e-01,1.105403e-03,8.203615e-03
5.036522e-02,7.113690e-03,1.204164e-02,2.718076e-02,4.701257e-03,1.030774e-02,3.168727e-03,4.526820e-03,7.183857e-03,1.070068e-03,1.946287e-03,1.066922e-02,8.526692e-01,1.042578e-03,6.012913e-03
3.988832e-02,5.385579e-03,8.810467e-03,1.911814e-02,5.890306e-03,2.539716e-02,2.880969e-03,4.958102e-03,6.196637e-03,7.729537e-04,1.516013e-03,8.271311e-03,8.658786e-01,7.665348e-04,4.268894e-03
3.019021e-02,4.517557e-03,6.519403e-03,1.349656e-02,7.343566e-03,2.240492e-02,2.416890e-03,4.476382e-03,6.853925e-03,6.017414e-04,1.305781e-03,6.345725e-03,8.898515e-01,5.754209e-04,3.100431e-03
2.559286e-02,4.484843e-03,4.901487e-03,9.649550e-03,8.834172e-03,2.559277e-02,2.092575e-03,3.893329e-03,7.567218e-03,4.955936e-04,1.629933e-03,5.782709e-03,8.964337e-01,5.217282e-04,2.527657e-03
2.193437e-02,4.019867e-03,3.629333e-03,6.857299e-03,1.158554e-02,2.233830e-02,1.866070e-03,3.769321e-03,7.771070e-03,3.849451e-04,1.409778e-03,4.992910e-03,9.069716e-01,4.190386e-04,2.050689e-03
4.219530e-02,2.954079e-02,1.389784e-02,2.741867e-02,2.287450e-02,2.897297e-02,2.502065e-03,7.010256e-03,1.178635e-02,1.004057e-03,2.179867e-03,7.110616e-03,7.854454e-01,4.669238e-04,1.759448e-02
9.848864e-02,2.866343e-02,2.420641e-02,3.164712e-02,2.145099e-02,2.442839e-02,2.690224e-03,1.203343e-02,1.765131e-02,1.687761e-03,3.417059e-03,8.710272e-03,6.926983e-01,5.948377e-04,3.163189e-02
1.202697e-01,2.628235e-02,1.925558e-02,2.470556e-02,2.179436e-02,2.159244e-02,4.123975e-03,1.179534e-02,1.903479e-02,1.399074e-03,3.028790e-03,7.384034e-03,6.906492e-01,7.198201e-04,2.796513e-02
1.270084e-01,2.329370e-02,1.578818e-02,1.831906e-02,1.862225e-02,2.007400e-02,4.559387e-03,1.700470e-02,2.001925e-02,1.687905e-03,2.833308e-03,6.311184e-03,7.003890e-01,1.140431e-03,2.294925e-02
1.509353e-01,2.299160e-02,1.217855e-02,1.392444e-02,1.821943e-02,1.927571e-02,4.253051e-03,1.827286e-02,2.588505e-02,1.410908e-03,2.302916e-03,5.478468e-03,6.853806e-01,1.175227e-03,1.831588e-02
2.433618e-01,2.711486e-02,9.341124e-03,1.174930e-02,1.546575e-02,2.206326e-02,3.556032e-03,1.615891e-02,4.148693e-02,1.253633e-03,2.128573e-03,6.419998e-03,5.820315e-01,1.606510e-03,1.626178e-02
3.201466e-01,3.335753e-02,7.333898e-03,1.052948e-02,1.385958e-02,2.705299e-02,3.389592e-03,1.654219e-02,5.443044e-02,1.034688e-03,2.075039e-03,8.404807e-03,4.847092e-01,1.674317e-03,1.545974e-02
3.601059e-01,3.564281e-02,8.334550e-03,2.887948e-02,1.408265e-02,2.988164e-02,5.070435e-03,1.669150e-02,4.890835e-02,9.317236e-04,2.405355e-03,1.738170e-02,4.129337e-01,1.702827e-03,1.704733e-02
3.795671e-01,3.548072e-02,7.413355e-03,2.244599e-02,1.357732e-02,5.148777e-02,4.605205e-03,1.736305e-02,5.789137e-02,9.023942e-04,2.290409e-03,1.722464e-02,3.733337e-01,1.772512e-03,1.464449e-02
4.142110e-01,3.722801e-02,6.904658e-03,1.792983e-02,1.353090e-02,7.277100e-02,6.664427e-03,2.366897e-02,6.313001e-02,7.929291e-04,2.138936e-03,1.602100e-02,3.117207e-01,1.610807e-03,1.167684e-02
4.125977e-01,4.031223e-02,1.233096e-02,1.727469e-02,1.263607e-02,6.435604e-02,1.057281e-02,9.906656e-02,5.432997e-02,8.518691e-04,2.733564e-03,1.604826e-02,2.425162e-01,1.795947e-03,1.257720e-02
3.906390e-01,3.156708e-02,1.074192e-02,1.326127e-02,9.820476e-03,4.892118e-02,1.017838e-02,2.412565e-01,4.024294e-02,7.095470e-04,2.312989e-03,1.317499e-02,1.754455e-01,1.429295e-03,1.029901e-02
3.829769e-01,2.412663e-02,9.370666e-03,1.083348e-02,8.060545e-03,3.946166e-02,9.593336e-03,3.356583e-01,3.035546e-02,6.786432e-04,2.089606e-03,1.157335e-02,1.251559e-01,1.197671e-03,8.867814e-03
3.319378e-01,1.734346e-02,8.348614e-03,8.221157e-03,8.057876e-03,3.241444e-02,9.227732e-03,4.538414e-01,2.227458e-02,5.599838e-04,1.712797e-03,9.398195e-03,8.908202e-02,9.539792e-04,6.625930e-03
2.877626e-01,1.254732e-02,6.623778e-03,6.292568e-03,7.543253e-03,2.579498e-02,8.073322e-03,5.512195e-01,1.641566e-02,4.485563e-04,1.418105e-03,7.330611e-03,6.291165e-02,7.204047e-04,4.897688e-03
2.596010e-01,8.973089e-03,5.376215e-03,5.030644e-03,6.403350e-03,2.293478e-02,7.417786e-03,6.150689e-01,1.198037e-02,3.510742e-04,1.425369e-03,6.250449e-03,4.483687e-02,5.626236e-04,3.787449e-03
2.148144e-01,6.499062e-03,4.723919e-03,4.764837e-03,7.775698e-03,1.703911e-02,6.798880e-03,6.871951e-01,8.792063e-03,2.946583e-04,1.242503e-03,4.869988e-03,3.190942e-02,4.206730e-04,2.859757e-03
1.674533e-01,4.753227e-03,4.318068e-03,4.522948e-03,1.012160e-02,1.260905e-02,6.667738e-03,7.527439e-01,6.382364e-03,2.527925e-04,1.156364e-03,3.785915e-03,2.277165e-02,3.164427e-04,2.144607e-03
1.375735e-01,3.433658e-03,3.545389e-03,3.959944e-03,9.211592e-03,9.592354e-03,7.162618e-03,7.983116e-01,4.586757e-03,2.082943e-04,9.820504e-04,3.107423e-03,1.636259e-02,2.518318e-04,1.710281e-03
1.156770e-01,2.546527e-03,2.939805e-03,3.779525e-03,8.578416e-03,7.362532e-03,7.879369e-03,8.309194e-01,3.424576e-03,1.885510e-04,8.306238e-04,2.512961e-03,1.181287e-02,1.983263e-04,1.349439e-03
9.467040e-02,1.845013e-03,2.437275e-03,3.555314e-03,7.656545e-03,6.249971e-03,8.397466e-03,8.596287e-01,2.461848e-03,1.556899e-04,7.094821e-04,2.221159e-03,8.797825e-03,1.645984e-04,1.048675e-03
9.353182e-02,1.370498e-03,2.768978e-03,3.801763e-03,7.402239e-03,5.274867e-03,9.123832e-03,8.640112e-01,1.834029e-03,1.546627e-04,6.845524e-04,2.301945e-03,6.674368e-03,1.458179e-04,9.193724e-04
8.499963e-02,1.067621e-03,2.545943e-03,3.594348e-03,6.904289e-03,4.490265e-03,9.533364e-03,8.764272e-01,1.386774e-03,1.533697e-04,6.223235e-04,2.154896e-03,5.194908e-03,1.191608e-04,8.058416e-04
7.828724e-02,7.853550e-04,2.195101e-03,3.171309e-03,5.813907e-03,9.108271e-03,1.377366e-02,8.765336e-01,1.047490e-03,1.836886e-04,5.093605e-04,2.339358e-03,5.456548e-03,1.019466e-04,6.931066e-04
8.864959e-02,6.253221e-04,1.823490e-03,2.759888e-03,4.980750e-03,1.192784e-02,1.087068e-02,8.637947e-01,8.709317e-04,4.381593e-04,7.183733e-04,4.275020e-03,7.417647e-03,1.152147e-04,7.323181e-04
