1.000000e+00,0.000000e+00,0.000000e+00,0.000000e+00,0.000000e+00,0.000000e+00,0.000000e+00,0.000000e+00,0.000000e+00,0.000000e+00,0.000000e+00,0.000000e+00,0.000000e+00,0.000000e+00,0.000000e+00
1.000000e+00,0.000000e+00,0.000000e+00,0.000000e+00,0.000000e+00,0.000000e+00,0.000000e+00,0.000000e+00,0.000000e+00,0.000000e+00,0.000000e+00,0.000000e+00,0.000000e+00,0.000000e+00,0.000000e+00
1.000000e+00,0.000000e+00,0.000000e+00,0.000000e+00,0.000000e+00,0.000000e+00,0.000000e+00,0.000000e+00,0.000000e+00,0.000000e+00,0.000000e+00,0.000000e+00,0.000000e+00,0.000000e+00,0.000000e+00
1.000000e+00,0.000000e+00,0.000000e+00,0.000000e+00,0.000000e+00,0.000000e+00,0.000000e+00,0.000000e+00,0.000000e+00,0.000000e+00,0.000000e+00,0.000000e+00,0.000000e+00,0.000000e+00,0.000000e+00
1.000000e+00,0.000000e+00,0.000000e+00,0.000000e+00,0.000000e+00,0.000000e+00,0.000000e+00,0.000000e+00,0.000000e+00,0.000000e+00,0.000000e+00,0.000000e+00,0.000000e+00,0.000000e+00,0.000000e+00
1.000000e+00,0.000000e+00,0.000000e+00,0.000000e+00,0.000000e+00,0.000000e+00,0.000000e+00,0.000000e+00,0.000000e+00,0.000000e+00,0.000000e+00,0.000000e+00,0.000000e+00,0.000000e+00,0.000000e+00
1.000000e+00,0.000000e+00,0.000000e+00,0.000000e+00,0.000000e+00,0.000000e+00,0.000000e+00,0.000000e+00,0.000000e+00,0.000000e+00,0.000000e+00,0.000000e+00,0.000000e+00,0.000000e+00,0.000000e+00
1.000000e+00,0.000000e+00,0.000000e+00,0.000000e+00,0.000000e+00,0.000000e+00,0.000000e+00,0.000000e+00,0.000000e+00,0.000000e+00,0.000000e+00,0.000000e+00,0.000000e+00,0.000000e+00,0.000000e+00
1.000000e+00,0.000000e+00,0.000000e+00,0.000000e+00,0.000000e+00,0.000000e+00,0.000000e+00,0.000000e+00,0.000000e+00,0.000000e+00,0.000000e+00,0.000000e+00,0.000000e+00,0.000000e+00,0.000000e+00
1.000000e+00,0.000000e+00,0.000000e+00,0.000000e+00,0.000000e+00,0.000000e+00,0.000000e+00,0.000000e+00,0.000000e+00,0.000000e+00,0.000000e+00,0.000000e+00,0.000000e+00,0.000000e+00,0.000000e+00
1.000000e+00,0.000000e+00,0.000000e+00,0.000000e+00,0.000000e+00,0.000000e+00,0.000000e+00,0.000000e+00,0.000000e+00,0.000000e+00,0.000000e+00,0.000000e+00,0.000000e+00,0.000000e+00,0.000000e+00
1.000000e+00,0.000000e+00,0.000000e+00,0.000000e+00,0.000000e+00,0.000000e+00,0.000000e+00,0.000000e+00,0.000000e+00,0.000000e+00,0.000000e+00,0.000000e+00,0.000000e+00,0.000000e+00,0.000000e+00
1.000000e+00,0.000000e+00,0.000000e+00,0.000000e+00,0.000000e+00,0.000000e+00,0.000000e+00,0.000000e+00,0.000000e+00,0.000000e+00,0.000000e+00,0.000000e+00,0.000000e+00,0.000000e+00,0.000000e+00
1.000000e+00,0.000000e+00,0.000000e+00,0.000000e+00,0.000000e+00,0.000000e+00,0.000000e+00,0.000000e+00,0.000000e+00,0.000000e+00,0.000000e+00,0.000000e+00,0.000000e+00,0.000000e+00,0.000000e+00
1.000000e+00,0.000000e+00,0.000000e+00,0.000000e+00,0.000000e+00,0.000000e+00,0.000000e+00,0.000000e+00,0.000000e+00,0.000000e+00,0.000000e+00,0.000000e+00,0.000000e+00,0.000000e+00,0.000000e+00
1.000000e+00,0.000000e+00,0.000000e+00,0.000000e+00,0.000000e+00,0.000000e+00,0.000000e+00,0.000000e+00,0.000000e+00,0.000000e+00,0.000000e+00,0.000000e+00,0.000000e+00,0.000000e+00,0.000000e+00
1.000000e+00,0.000000e+00,0.000000e+00,0.000000e+00,0.000000e+00,0.000000e+00,0.000000e+00,0.000000e+00,0.000000e+00,0.000000e+00,0.000000e+00,0.000000e+00,0.000000e+00,0.000000e+00,0.000000e+00
1.000000e+00,0.000000e+00,0.000000e+00,0.000000e+00,0.000000e+00,0.000000e+00,0.000000e+00,0.000000e+00,0.000000e+00,0.000000e+00,0.000000e+00,0.000000e+00,0.000000e+00,0.000000e+00,0.000000e+00
1.000000e+00,0.000000e+00,0.000000e+00,0.000000e+00,0.000000e+00,0.000000e+00,0.000000e+00,0.000000e+00,0.000000e+00,0.000000e+00,0.000000e+00,0.000000e+00,0.000000e+00,0.000000e+00,0.000000e+00
1.000000e+00,0.000000e+00,0.000000e+00,0.000000e+00,0.000000e+00,0.000000e+00,0.000000e+00,0.000000e+00,0.000000e+00,0.000000e+00,0.000000e+00,0.000000e+00,0.000000e+00,0.000000e+00,0.000000e+00
1.000000e+00,0.000000e+00,0.000000e+00,0.000000e+00,0.000000e+00,0.000000e+00,0.000000e+00,0.000000e+00,0.000000e+00,0.000000e+00,0.000000e+00,0.000000e+00,0.000000e+00,0.000000e+00,0.000000e+00
1.000000e+00,0.000000e+00,0.000000e+00,0.000000e+00,0.000000e+00,0.000000e+00,0.000000e+00,0.000000e+00,0.000000e+00,0.000000e+00,0.000000e+00,0.000000e+00,0.000000e+00,0.000000e+00,0.000000e+00
1.000000e+00,0.000000e+00,0.000000e+00,0.000000e+00,0.000000e+00,0.000000e+00,0.000000e+00,0.000000e+00,0.000000e+00,0.000000e+00,0.000000e+00,0.000000e+00,0.000000e+00,0.000000e+00,0.000000e+00
1.000000e+00,0.000000e+00,0.000000e+00,0.000000e+00,0.000000e+00,0.000000e+00,0.000000e+00,0.000000e+00,0.000000e+00,0.000000e+00,0.000000e+00,0.000000e+00,0.000000e+00,0.000000e+00,0.000000e+00
1.000000e+00,0.000000e+00,0.000000e+00,0.000000e+00,0.000000e+00,0.000000e+00,0.000000e+00,0.000000e+00,0.000000e+00,0.000000e+00,0.000000e+00,0.000000e+00,0.000000e+00,0.000000e+00,0.000000e+00
1.000000e+00,0.000000e+00,0.000000e+00,0.000000e+00,0.000000e+00,0.000000e+00,0.000000e+00,0.000000e+00,0.000000e+00,0.000000e+00,0.000000e+00,0.000000e+00,0.000000e+00,0.000000e+00,0.000000e+00
1.000000e+00,0.000000e+00,0.000000e+00,0.000000e+00,0.000000e+00,0.000000e+00,0.000000e+00,0.000000e+00,0.000000e+00,0.000000e+00,0.000000e+00,0.000000e+00,0.000000e+00,0.000000e+00,0.000000e+00
1.000000e+00,0.000000e+00,0.000000e+00,0.000000e+00,0.000000e+00,0.000000e+00,0.000000e+00,0.000000e+00,0.000000e+00,0.000000e+00,0.000000e+00,0.000000e+00,0.000000e+00,0.000000e+00,0.000000e+00
1.000000e+00,0.000000e+00,0.000000e+00,0.000000e+00,0.000000e+00,0.000000e+00,0.000000e+00,0.000000e+00,0.000000e+00,0.000000e+00,0.000000e+00,0.000000e+00,0.000000e+00,0.000000e+00,0.000000e+00
1.000000e+00,0.000000e+00,0.000000e+00,0.000000e+00,0.000000e+00,0.000000e+00,0.000000e+00,0.000000e+00,0.000000e+00,0.000000e+00,0.000000e+00,0.000000e+00,0.000000e+00,0.000000e+00,0.000000e+00
1.000000e+00,0.000000e+00,0.000000e+00,0.000000e+00,0.000000e+00,0.000000e+00,0.000000e+00,0.000000e+00,0.000000e+00,0.000000e+00,0.000000e+00,0.000000e+00,0.000000e+00,0.000000e+00,0.000000e+00
1.000000e+00,0.000000e+00,0.000000e+00,0.000000e+00,0.000000e+00,0.000000e+00,0.000000e+00,0.000000e+00,0.000000e+00,0.000000e+00,0.000000e+00,0.000000e+00,0.000000e+00,0.000000e+00,0.000000e+00
1.000000e+00,0.000000e+00,0.000000e+00,0.000000e+00,0.000000e+00,0.000000e+00,0.000000e+00,0.000000e+00,0.000000e+00,0.000000e+00,0.000000e+00,0.000000e+00,0.000000e+00,0.000000e+00,0.000000e+00
1.000000e+00,0.000000e+00,0.000000e+00,0.000000e+00,0.000000e+00,0.000000e+00,0.000000e+00,0.000000e+00,0.000000e+00,0.000000e+00,0.000000e+00,0.000000e+00,0.000000e+00,0.000000e+00,0.000000e+00
1.000000e+00,0.000000e+00,0.000000e+00,0.000000e+00,0.000000e+00,0.000000e+00,0.000000e+00,0.000000e+00,0.000000e+00,0.000000e+00,0.000000e+00,0.000000e+00,0.000000e+00,0.000000e+00,0.000000e+00
1.000000e+00,0.000000e+00,0.000000e+00,0.000000e+00,0.000000e+00,0.000000e+00,0.000000e+00,0.000000e+00,0.000000e+00,0.000000e+00,0.000000e+00,0.000000e+00,0.000000e+00,0.000000e+00,0.000000e+00
1.000000e+00,0.000000e+00,0.000000e+00,0.000000e+00,0.000000e+00,0.000000e+00,0.000000e+00,0.000000e+00,0.000000e+00,0.000000e+00,0.000000e+00,0.000000e+00,0.000000e+00,0.000000e+00,0.000000e+00
1.000000e+00,0.000000e+00,0.000000e+00,0.000000e+00,0.000000e+00,0.000000e+00,0.000000e+00,0.000000e+00,0.000000e+00,0.000000e+00,0.000000e+00,0.000000e+00,0.000000e+00,0.000000e+00,0.000000e+00
1.000000e+00,0.000000e+00,0.000000e+00,0.000000e+00,0.000000e+00,0.000000e+00,0.000000e+00,0.000000e+00,0.000000e+00,0.000000e+00,0.000000e+00,0.000000e+00,0.000000e+00,0.000000e+00,0.000000e+00
1.000000e+00,0.000000e+00,0.000000e+00,0.000000e+00,0.000000e+00,0.000000e+00,0.000000e+00,0.000000e+00,0.000000e+00,0.000000e+00,0.000000e+00,0.000000e+00,0.000000e+00,0.000000e+00,0.000000e+00
4.865762e-01,3.320286e-02,2.619792e-02,1.815172e-01,1.821923e-02,2.447495e-02,1.096897e-02,6.562472e-02,1.778915e-02,2.059730e-03,2.160900e-02,6.579240e-02,2.217744e-02,3.939001e-03,1.985124e-02
3.592121e-01,2.813166e-02,7.188465e-02,2.488528e-01,2.138673e-02,2.418224e-02,9.821760e-03,7.822389e-02,1.855458e-02,2.020852e-03,2.321073e-02,7.238553e-02,2.070848e-02,3.876404e-03,1.754759e-02
3.367814e-01,4.065810e-02,6.573668e-02,2.426149e-01,2.968122e-02,2.416481e-02,9.124910e-03,6.137076e-02,2.245810e-02,2.559890e-03,2.728437e-02,7.635035e-02,2.604748e-02,6.441523e-03,2.872547e-02
2.771627e-01,3.849512e-02,9.006408e-02,2.910580e-01,3.254206e-02,2.239628e-02,8.417584e-03,5.649932e-02,2.281020e-02,2.519763e-03,2.704354e-02,7.358734e-02,2.444207e-02,6.182096e-03,2.677993e-02
2.220169e-01,3.491431e-02,1.345984e-01,3.265072e-01,3.154938e-02,1.853337e-02,7.525413e-03,5.099684e-02,2.045057e-02,2.916725e-03,2.608737e-02,6.546597e-02,2.308590e-02,6.085606e-03,2.926610e-02
1.917018e-01,3.636222e-02,1.689267e-01,3.499045e-01,2.918297e-02,1.642009e-02,6.871418e-03,4.272326e-02,1.954724e-02,2.733545e-03,2.678065e-02,5.359291e-02,2.008924e-02,6.368782e-03,2.879465e-02
3.126130e-01,3.428883e-02,1.357449e-01,2.847180e-01,2.788186e-02,1.632626e-02,5.989443e-03,3.364196e-02,1.732750e-02,2.433394e-03,2.518639e-02,4.818709e-02,2.291769e-02,5.828484e-03,2.691523e-02
3.264173e-01,3.697260e-02,1.140630e-01,2.786836e-01,2.869883e-02,1.869108e-02,6.213578e-03,2.887263e-02,1.630774e-02,2.397622e-03,2.683613e-02,5.618029e-02,2.640434e-02,5.882912e-03,2.737839e-02
4.005572e-01,3.707939e-02,8.834106e-02,2.380776e-01,2.893463e-02,1.951827e-02,6.557560e-03,2.409914e-02,1.658055e-02,2.331105e-03,2.450795e-02,5.360614e-02,2.825422e-02,5.343677e-03,2.621149e-02
4.094057e-01,4.202544e-02,9.587232e-02,2.382081e-01,2.653398e-02,1.803545e-02,6.505005e-03,2.231348e-02,1.415105e-02,2.105101e-03,2.313429e-02,4.646568e-02,2.442810e-02,4.683591e-03,2.613273e-02
1.000000e+00,0.000000e+00,0.000000e+00,0.000000e+00,0.000000e+00,0.000000e+00,0.000000e+00,0.000000e+00,0.000000e+00,0.000000e+00,0.000000e+00,0.000000e+00,0.000000e+00,0.000000e+00,0.000000e+00
1.000000e+00,0.000000e+00,0.000000e+00,0.000000e+00,0.000000e+00,0.000000e+00,0.000000e+00,0.000000e+00,0.000000e+00,0.000000e+00,0.000000e+00,0.000000e+00,0.000000e+00,0.000000e+00,0.000000e+00
1.000000e+00,0.000000e+00,0.000000e+00,0.000000e+00,0.000000e+00,0.000000e+00,0.000000e+00,0.000000e+00,0.000000e+00,0.000000e+00,0.000000e+00,0.000000e+00,0.000000e+00,0.000000e+00,0.000000e+00
1.000000e+00,0.000000e+00,0.000000e+00,0.000000e+00,0.000000e+00,0.000000e+00,0.000000e+00,0.000000e+00,0.000000e+00,0.000000e+00,0.000000e+00,0.000000e+00,0.000000e+00,0.000000e+00,0.000000e+00
1.000000e+00,0.000000e+00,0.000000e+00,0.000000e+00,0.000000e+00,0.000000e+00,0.000000e+00,0.000000e+00,0.000000e+00,0.000000e+00,0.000000e+00,0.000000e+00,0.000000e+00,0.000000e+00,0.000000e+00
1.000000e+00,0.000000e+00,0.000000e+00,0.000000e+00,0.000000e+00,0.000000e+00,0.000000e+00,0.000000e+00,0.000000e+00,0.000000e+00,0.000000e+00,0.000000e+00,0.000000e+00,0.000000e+00,0.000000e+00
1.000000e+00,0.000000e+00,0.000000e+00,0.000000e+00,0.000000e+00,0.000000e+00,0.000000e+00,0.000000e+00,0.000000e+00,0.000000e+00,0.000000e+00,0.000000e+00,0.000000e+00,0.000000e+00,0.000000e+00
1.000000e+00,0.000000e+00,0.000000e+00,0.000000e+00,0.000000e+00,0.000000e+00,0.000000e+00,0.000000e+00,0.000000e+00,0.000000e+00,0.000000e+00,0.000000e+00,0.000000e+00,0.000000e+00,0.000000e+00
1.000000e+00,0.000000e+00,0.000000e+00,0.000000e+00,0.000000e+00,0.000000e+00,0.000000e+00,0.000000e+00,0.000000e+00,0.000000e+00,0.000000e+00,0.000000e+00,0.000000e+00,0.000000e+00,0.000000e+00
1.000000e+00,0.000000e+00,0.000000e+00,0.000000e+00,0.000000e+00,0.000000e+00,0.000000e+00,0.000000e+00,0.000000e+00,0.000000e+00,0.000000e+00,0.000000e+00,0.000000e+00,0.000000e+00,0.000000e+00
1.000000e+00,0.000000e+00,0.000000e+00,0.000000e+00,0.000000e+00,0.000000e+00,0.000000e+00,0.000000e+00,0.000000e+00,0.000000e+00,0.000000e+00,0.000000e+00,0.000000e+00,0.000000e+00,0.000000e+00
4.416618e-01,1.616360e-02,1.911575e-02,1.292953e-01,5.037926e-03,1.519731e-01,9.931785e-03,9.971784e-03,8.433627e-03,2.001725e-03,8.638982e-03,4.631851e-02,1.348116e-01,1.062450e-03,1.558213e-02
3.101924e-01,1.449201e-02,1.366682e-02,1.032533e-01,3.814237e-03,1.142894e-01,7.045440e-03,7.065772e-03,6.445428e-03,1.469478e-03,6.199585e-03,3.264176e-02,3.652357e-01,7.454366e-04,1.344316e-02
2.173136e-01,1.079002e-02,9.800548e-03,7.801127e-02,2.937294e-03,8.232541e-02,4.965337e-03,4.983450e-03,4.651020e-03,1.056865e-03,4.476804e-03,2.316039e-02,5.442743e-01,5.221006e-04,1.073161e-02
1.523120e-01,7.584380e-03,6.909981e-03,5.505677e-02,2.268379e-03,5.987130e-02,3.543174e-03,3.518893e-03,3.346763e-03,7.414755e-04,3.254415e-03,1.739860e-02,6.761528e-01,3.669214e-04,7.674176e-03
1.067515e-01,5.316235e-03,4.841429e-03,3.863576e-02,1.640345e-03,4.229160e-02,2.488139e-03,2.482176e-03,2.361255e-03,5.205791e-04,2.313751e-03,1.312178e-02,7.715719e-01,2.569887e-04,5.406622e-03
7.486615e-02,3.724955e-03,3.390391e-03,2.706861e-02,1.187924e-03,2.989153e-02,1.749576e-03,1.746773e-03,1.660329e-03,3.648702e-04,1.631460e-03,9.880805e-03,8.388522e-01,1.799505e-04,3.804543e-03
5.292603e-02,2.622606e-03,2.385305e-03,1.896178e-02,9.880597e-04,2.141343e-02,1.255625e-03,1.284151e-03,1.204689e-03,2.562682e-04,1.209415e-03,8.810679e-03,8.838071e-01,1.354401e-04,2.739530e-03
3.784410e-02,1.849871e-03,1.681294e-03,1.328305e-02,1.004090e-03,1.533967e-02,9.046969e-04,1.040557e-03,8.884348e-04,1.804830e-04,8.709381e-04,7.476394e-03,9.155564e-01,1.005253e-04,1.979499e-03
2.909593e-02,1.320285e-03,1.200492e-03,9.333546e-03,1.839452e-03,1.360735e-02,8.244656e-04,1.125629e-03,7.070031e-04,1.298900e-04,6.535483e-04,6.552370e-03,9.320257e-01,8.734847e-05,1.497060e-03
2.304457e-02,1.021788e-03,1.042831e-03,6.565856e-03,4.002195e-03,2.695457e-02,1.207093e-03,1.467511e-03,6.351102e-04,9.461764e-05,5.696629e-04,5.701481e-03,9.262625e-01,8.180592e-05,1.348473e-03
1.924051e-02,8.594082e-04,1.081107e-03,4.671713e-03,5.922994e-03,5.643499e-02,1.438427e-03,1.743280e-03,6.651191e-04,7.421969e-05,5.023445e-04,4.992198e-03,9.010730e-01,8.466061e-05,1.216035e-03
1.923154e-02,9.556351e-04,3.108988e-03,3.452756e-03,7.104327e-03,7.848462e-02,1.639411e-03,2.261722e-03,8.927617e-04,1.030998e-04,5.175629e-04,3.948689e-03,8.769420e-01,8.545656e-05,1.271433e-03
1.781238e-02,1.187286e-03,3.234124e-03,2.511169e-03,8.391789e-03,9.281796e-02,1.767107e-03,2.611388e-03,1.176661e-03,9.657463e-05,6.141379e-04,3.204469e-03,8.631087e-01,8.292643e-05,1.383290e-03
2.040854e-02,6.603815e-03,1.595573e-02,2.289750e-03,8.258854e-03,7.133517e-02,3.341825e-03,4.979317e-03,3.910197e-03,3.334917e-04,1.959378e-03,3.604423e-03,8.534322e-01,1.378273e-04,3.449467e-03
2.084769e-02,1.752500e-02,1.387273e-02,1.882808e-03,6.499821e-03,5.205095e-02,2.844176e-03,4.469823e-03,1.194040e-02,3.970871e-04,2.434504e-03,3.470004e-03,8.573545e-01,1.780321e-04,4.232499e-03
2.505785e-02,6.692958e-02,1.018130e-01,1.106985e-02,5.364001e-03,3.803242e-02,2.241818e-03,4.164573e-03,4.574212e-02,2.256088e-03,2.270248e-03,3.310579e-03,6.810488e-01,2.365838e-04,1.046252e-02
2.848356e-02,5.075651e-02,2.940953e-01,1.843029e-02,5.908203e-03,2.792730e-02,2.021734e-03,7.410770e-03,4.115053e-02,2.802503e-03,2.285260e-03,2.934442e-03,5.024288e-01,3.740909e-04,1.299080e-02
4.524132e-02,4.067462e-02,3.129108e-01,2.389078e-02,8.657051e-03,2.436234e-02,2.981290e-03,1.191718e-02,4.332980e-02,3.268927e-03,2.963857e-03,2.703273e-03,4.182576e-01,9.458195e-04,5.789539e-02
5.418259e-02,3.092694e-02,4.096363e-01,3.405961e-02,7.894015e-03,1.949912e-02,2.420163e-03,1.434151e-02,3.656501e-02,4.904988e-03,3.608412e-03,3.319534e-03,3.036906e-01,9.087613e-04,7.404247e-02
6.900974e-02,2.549534e-02,3.340353e-01,3.004566e-02,1.873023e-02,2.409525e-02,4.703132e-03,2.694534e-02,5.220888e-02,4.486917e-03,6.914261e-03,4.969900e-03,3.229535e-01,1.839817e-03,7.356686e-02
7.024254e-02,1.896014e-02,2.554299e-01,3.932089e-02,1.842389e-02,2.524216e-02,4.487400e-03,9.405678e-02,4.503691e-02,4.120619e-03,1.353473e-02,1.169609e-02,3.360102e-01,3.620339e-03,5.981738e-02
6.907073e-02,1.372262e-02,1.855196e-01,3.288296e-02,1.583922e-02,2.263517e-02,3.899524e-03,1.945116e-01,3.807057e-02,4.043764e-03,2.240618e-02,1.416167e-02,3.067030e-01,5.671606e-03,7.086178e-02
6.595135e-02,1.014772e-02,1.410179e-01,3.114388e-02,1.638590e-02,1.811890e-02,3.427678e-03,2.838050e-01,3.090918e-02,3.160378e-03,2.615384e-02,1.159910e-02,2.726495e-01,5.445034e-03,8.008468e-02
4.837577e-02,7.185174e-03,1.086653e-01,2.353423e-02,1.275920e-02,1.286083e-02,3.558812e-03,4.599037e-01,2.219547e-02,2.332482e-03,2.198934e-02,8.367015e-03,2.014127e-01,4.024307e-03,6.283559e-02
4.044381e-02,5.528779e-03,8.179765e-02,1.765064e-02,1.029586e-02,9.702104e-03,7.006534e-03,5.742637e-01,1.647598e-02,1.892866e-03,1.647476e-02,6.115281e-03,1.596828e-01,3.014591e-03,4.965462e-02
3.179699e-02,4.058172e-03,5.979376e-02,1.604567e-02,8.864198e-03,6.977763e-03,6.104976e-03,6.796860e-01,1.181116e-02,1.493341e-03,1.224781e-02,4.388609e-03,1.162510e-01,2.275962e-03,3.820458e-02
2.516399e-02,3.019494e-03,4.374844e-02,1.342110e-02,1.031534e-02,6.475406e-03,3.794076e-02,7.252991e-01,8.335983e-03,1.209970e-03,9.135887e-03,3.268334e-03,8.297261e-02,1.644620e-03,2.804896e-02
2.216237e-02,2.337768e-03,3.235686e-02,1.321685e-02,1.122406e-02,9.044112e-03,1.103593e-01,7.017391e-01,5.970091e-03,8.900805e-04,6.590988e-03,2.511642e-03,5.951855e-02,1.229566e-03,2.084871e-02
1.797504e-02,1.657569e-03,2.318231e-02,1.085810e-02,1.435114e-02,6.610907e-03,8.074860e-02,7.758636e-01,4.209104e-03,6.301200e-04,4.679542e-03,1.785968e-03,4.181537e-02,8.830743e-04,1.474952e-02
1.504852e-02,1.211237e-03,1.649921e-02,8.314660e-03,1.924711e-02,5.132014e-03,6.073373e-02,8.250836e-01,3.013913e-03,4.515642e-04,3.438874e-03,1.285644e-03,2.944526e-02,6.499819e-04,1.044471e-02
1.312988e-02,8.999903e-04,1.181585e-02,6.289852e-03,2.029620e-02,3.899534e-03,4.461266e-02,8.645737e-01,2.170283e-03,3.213734e-04,2.501521e-03,9.223475e-04,2.074528e-02,4.677523e-04,7.353794e-03
1.325811e-02,8.320053e-04,8.660079e-03,4.959490e-03,1.961005e-02,3.434877e-03,3.665606e-02,8.872708e-01,1.594653e-03,2.531089e-04,1.932873e-03,7.712893e-04,1.519141e-02,3.422679e-04,5.232900e-03
1.317545e-02,7.444093e-04,6.272708e-03,3.797254e-03,1.975213e-02,3.056477e-03,3.042663e-02,9.041489e-01,1.186981e-03,2.007450e-04,1.446222e-03,6.447794e-04,1.111355e-02,2.556620e-04,3.778072e-03
1.488223e-02,5.705009e-04,4.494622e-03,3.117769e-03,1.770613e-02,2.483290e-03,2.313870e-02,9.199783e-01,8.683018e-04,1.510520e-04,1.044000e-03,5.188219e-04,8.157345e-03,1.859865e-04,2.702908e-03
2.022571e-02,4.873189e-04,3.351002e-03,2.715612e-03,1.468869e-02,2.574432e-03,1.878251e-02,9.263477e-01,6.538601e-04,1.352972e-04,8.209456e-04,6.240825e-04,6.484566e-03,1.516830e-04,1.956559e-03
2.881694e-02,4.102754e-04,2.691814e-03,2.948612e-03,1.167602e-02,4.885786e-03,1.437247e-02,9.238948e-01,4.970863e-04,1.758291e-04,9.532885e-04,1.333699e-03,5.734675e-03,1.638932e-04,1.444843e-03
5.508210e-02,3.586081e-04,2.294679e-03,2.769856e-03,9.531021e-03,7.490071e-03,1.168968e-02,8.935311e-01,4.190352e-04,2.365739e-04,2.520637e-03,2.476748e-03,1.009622e-02,1.457390e-04,1.357842e-03
4.054141e-02,2.782829e-04,1.734580e-03,2.136816e-03,7.016322e-03,5.712140e-03,8.615553e-03,7.289413e-01,4.520773e-04,1.413883e-03,1.336288e-02,6.424169e-02,1.227783e-01,1.052176e-03,1.722590e-03
2.856069e-02,2.139035e-04,1.227733e-03,1.593772e-03,5.003130e-03,4.073724e-03,6.134000e-03,5.252932e-01,3.960678e-04,4.451656e-03,5.602284e-02,2.529561e-01,9.582512e-02,1.696809e-02,1.279882e-03
2.018629e-02,1.651723e-04,8.695991e-04,1.200575e-03,3.588794e-03,2.942441e-03,4.484907e-03,3.697598e-01,6.734914e-04,5.197347e-03,1.006604e-01,3.934628e-01,6.954748e-02,2.633935e-02,9.214504e-04
1.441866e-02,1.404552e-04,6.252178e-04,9.732233e-04,2.562303e-03,2.344867e-03,3.211907e-03,2.606645e-01,1.090426e-03,4.813932e-03,1.288670e-01,5.086247e-01,4.927854e-02,2.168881e-02,6.953924e-04
1.022292e-02,2.439566e-04,4.662592e-04,7.527812e-04,2.207401e-03,1.815900e-03,2.308107e-03,1.826712e-01,1.260927e-03,6.388571e-03,1.704988e-01,5.557048e-01,3.482706e-02,3.012025e-02,5.110633e-04
7.222810e-03,1.980490e-04,3.413762e-04,6.540167e-04,2.213206e-03,1.398221e-03,1.636424e-03,1.279398e-01,1.341377e-03,6.412088e-03,1.939093e-01,6.045800e-01,2.459000e-02,2.718939e-02,3.738376e-04
5.116294e-03,2.065490e-04,3.158940e-04,4.983390e-04,2.282686e-03,1.261391e-03,1.172029e-03,8.962666e-02,1.219784e-03,5.497363e-03,2.127503e-01,6.387202e-01,1.732472e-02,2.373106e-02,2.765997e-04
3.617402e-03,2.329897e-03,7.862301e-04,3.754005e-04,2.541135e-03,9.991900e-04,8.554755e-04,6.287763e-02,7.234828e-03,4.204651e-03,2.747866e-01,5.982354e-01,1.225061e-02,2.869180e-02,2.137605e-04
2.590853e-03,1.839713e-03,7.273025e-04,3.125801e-04,2.136350e-03,8.297732e-04,6.334292e-04,4.419754e-02,1.208377e-02,3.337839e-03,3.362838e-01,5.544844e-01,8.804875e-03,3.157701e-02,1.607111e-04
1.836310e-03,2.130008e-03,6.026342e-04,2.377044e-04,1.610873e-03,6.975495e-04,4.516396e-04,3.097668e-02,4.338867e-02,2.527158e-03,3.867609e-01,4.849731e-01,6.510330e-03,3.714883e-02,1.476643e-04
1.311132e-03,2.075121e-03,4.583648e-04,1.851966e-04,1.465860e-03,5.740926e-04,3.198407e-04,2.171275e-02,1.096552e-01,1.883807e-03,4.209090e-01,3.979160e-01,4.779350e-03,3.662278e-02,1.314961e-04
1.105478e-03,3.686870e-03,6.011727e-04,2.335492e-04,2.551226e-03,5.085560e-04,2.285996e-04,1.538740e-02,1.729989e-01,1.630662e-03,4.775192e-01,2.822573e-01,3.544828e-03,3.759677e-02,1.494381e-04
1.007806e-03,9.372712e-03,1.100618e-03,2.582186e-04,2.434770e-03,4.660059e-04,1.622343e-04,1.090645e-02,2.723693e-01,3.070586e-03,4.486730e-01,1.989641e-01,2.566665e-03,4.820732e-02,4.401633e-04
1.068723e-03,1.166918e-02,2.658011e-03,5.645780e-04,5.716556e-03,4.176333e-04,1.179117e-04,7.975149e-03,3.348531e-01,3.847014e-03,4.452910e-01,1.397833e-01,1.839469e-03,4.306668e-02,1.131623e-03
1.495245e-03,1.381705e-02,4.238710e-03,1.478423e-03,9.492630e-03,8.892069e-04,1.074695e-04,6.972568e-03,4.007543e-01,5.565958e-03,4.199027e-01,9.856941e-02,1.440228e-03,3.409227e-02,1.183839e-03
1.886116e-03,1.166472e-02,3.606746e-03,1.664650e-03,1.129797e-02,1.175656e-03,1.401545e-04,5.810361e-03,5.081993e-01,5.645525e-03,3.510647e-01,6.958238e-02,1.248199e-03,2.605661e-02,9.568566e-04
2.220976e-03,1.182291e-02,3.475608e-03,1.706926e-03,1.201612e-02,1.961551e-03,2.307470e-04,4.809669e-03,6.219515e-01,6.591452e-03,2.626792e-01,4.947906e-02,1.151650e-03,1.901662e-02,8.860084e-04
4.447347e-03,1.171904e-02,5.878004e-03,2.427449e-03,1.286447e-02,2.614302e-03,2.380479e-04,7.139656e-03,6.892089e-01,1.620762e-02,1.945283e-01,3.603941e-02,1.121140e-03,1.449009e-02,1.076207e-03
7.568053e-03,1.167049e-02,6.634201e-03,3.214491e-03,1.538155e-02,3.796626e-03,2.971458e-04,8.655690e-03,7.314874e-01,2.022357e-02,1.512341e-01,2.609424e-02,1.056040e-03,1.134008e-02,1.346313e-03
9.854560e-03,1.250107e-02,5.401246e-03,3.611126e-03,2.418835e-02,5.711954e-03,3.582660e-04,7.656477e-03,7.616666e-01,2.437749e-02,1.129348e-01,1.858284e-02,9.135776e-04,9.266313e-03,2.975325e-03
9.487076e-03,1.302178e-02,4.145625e-03,3.052625e-03,2.480903e-02,6.880693e-03,4.349670e-04,7.148318e-03,7.931403e-01,2.950123e-02,8.302103e-02,1.361975e-02,9.368855e-04,7.542395e-03,3.258353e-03
1.645458e-02,1.819141e-02,7.951776e-03,3.933609e-03,4.887105e-02,8.944297e-03,6.025059e-03,7.249149e-02,6.993762e-01,3.473542e-02,6.110823e-02,1.010310e-02,3.305552e-03,5.915510e-03,2.592752e-03
1.920362e-02,1.402899e-02,6.269976e-03,4.302036e-03,1.296779e-01,1.157412e-02,9.615548e-03,5.463329e-02,6.568516e-01,3.314211e-02,4.370683e-02,7.251419e-03,2.624696e-03,4.956772e-03,2.161083e-03
1.683817e-02,1.002286e-02,5.476994e-03,7.154209e-03,2.387545e-01,1.403532e-02,4.278105e-02,4.259267e-02,5.548711e-01,2.443824e-02,3.077482e-02,5.145319e-03,1.926578e-03,3.578309e-03,1.609884e-03
1.800093e-02,1.012823e-02,5.742011e-03,1.109379e-02,2.916316e-01,1.651020e-02,5.536674e-02,3.850187e-02,5.012203e-01,2.057728e-02,2.196286e-02,3.831588e-03,1.549575e-03,2.658514e-03,1.224477e-03
2.291942e-02,1.251342e-02,4.967897e-03,1.264656e-02,2.527218e-01,1.707403e-02,4.293873e-02,3.193027e-02,5.628366e-01,1.583179e-02,1.597956e-02,2.825163e-03,1.288356e-03,2.322418e-03,1.204004e-03
6.469135e-02,1.607094e-02,6.184718e-03,1.684907e-02,2.394611e-01,2.885494e-02,3.250636e-02,3.364336e-02,5.212492e-01,1.205788e-02,1.590192e-02,3.714682e-03,3.231010e-03,2.781259e-03,2.802230e-03
1.222132e-01,1.753538e-02,6.482522e-03,2.773198e-02,2.188304e-01,3.422296e-02,2.778243e-02,4.837422e-02,4.569176e-01,9.133793e-03,1.472457e-02,6.114780e-03,4.165134e-03,2.569992e-03,3.201027e-03
2.287656e-01,1.803285e-02,6.800367e-03,3.208552e-02,1.698886e-01,3.046864e-02,2.051870e-02,4.054121e-02,4.057634e-01,8.016864e-03,1.378021e-02,1.038825e-02,6.466434e-03,2.937828e-03,5.545663e-03
3.005151e-01,1.442853e-02,5.567256e-03,3.300317e-02,1.442454e-01,2.618555e-02,1.545088e-02,1.112627e-01,3.045009e-01,5.956418e-03,1.294297e-02,1.131426e-02,7.140059e-03,2.883084e-03,4.603948e-03
2.775233e-01,1.135265e-02,4.809233e-03,2.936224e-02,1.282762e-01,2.162548e-02,1.190083e-02,2.511391e-01,2.268907e-01,4.281494e-03,1.070080e-02,1.014155e-02,5.983524e-03,2.408616e-03,3.604316e-03
2.463287e-01,8.729284e-03,4.484727e-03,2.391549e-02,1.029357e-01,1.723023e-02,9.798956e-03,3.890719e-01,1.665671e-01,3.110614e-03,8.935516e-03,8.669052e-03,4.998527e-03,2.029749e-03,3.194512e-03
1.969611e-01,6.439132e-03,3.783450e-03,1.824950e-02,7.666881e-02,1.440573e-02,8.275437e-03,5.343915e-01,1.171765e-01,2.204615e-03,6.636890e-03,6.748357e-03,4.075260e-03,1.506778e-03,2.476969e-03
1.718229e-01,4.774156e-03,3.028011e-03,1.380475e-02,5.706011e-02,1.425829e-02,7.819411e-03,6.255079e-01,8.236989e-02,1.578121e-03,5.133181e-03,5.719884e-03,3.897575e-03,1.129624e-03,2.096280e-03
1.475595e-01,3.678777e-03,2.513498e-03,1.023857e-02,4.308750e-02,1.182593e-02,6.929040e-03,7.008423e-01,5.849648e-02,1.161003e-03,3.873732e-03,4.304197e-03,3.059309e-03,8.259126e-04,1.604313e-03
1.199876e-01,2.819163e-03,2.177445e-03,7.676856e-03,3.260199e-02,1.057338e-02,7.983126e-03,7.629552e-01,4.127407e-02,8.525687e-04,2.939966e-03,3.333305e-03,2.964444e-03,6.153864e-04,1.245505e-03
9.383670e-02,2.147967e-03,1.986441e-03,5.779442e-03,2.613219e-02,8.926661e-03,1.031768e-02,8.122749e-01,2.920131e-02,6.168604e-04,2.143331e-03,2.453291e-03,2.797101e-03,4.551909e-04,9.308857e-04
9.477304e-02,2.264066e-03,2.043226e-03,4.854120e-03,1.966956e-02,8.439003e-03,9.497759e-03,8.285638e-01,2.130403e-02,5.202643e-04,1.672080e-03,2.255851e-03,2.736560e-03,4.556846e-04,9.508865e-04
1.404719e-01,3.873941e-03,2.511729e-03,5.685960e-03,1.537489e-02,1.526499e-02,8.835852e-03,7.729325e-01,1.745970e-02,7.456805e-04,2.099220e-03,5.435428e-03,5.644943e-03,8.662589e-04,2.797041e-03
1.851137e-01,3.814023e-03,2.216491e-03,6.042961e-03,1.205320e-02,2.056346e-02,7.819843e-03,7.175299e-01,1.485216e-02,9.452540e-04,3.047314e-03,9.080948e-03,1.270302e-02,9.487569e-04,3.268924e-03
1.780345e-01,3.744588e-03,2.141619e-03,6.872207e-03,9.541519e-03,4.271020e-02,7.407380e-03,5.649608e-01,1.381160e-02,9.023914e-04,5.216574e-03,9.936764e-03,1.460493e-01,8.787892e-04,7.791851e-03
1.476744e-01,4.038107e-03,2.704137e-03,7.001610e-03,7.730187e-03,4.227367e-02,6.942734e-03,4.291999e-01,1.298713e-02,1.256613e-03,5.701746e-03,9.933862e-03,3.017959e-01,1.321993e-03,1.943795e-02
1.194682e-01,3.032147e-03,2.995915e-03,5.619468e-03,6.726218e-03,4.119804e-02,9.054225e-03,3.033737e-01,1.073150e-02,1.507456e-03,6.873596e-03,1.139526e-02,4.595982e-01,1.831990e-03,1.659410e-02
9.757057e-02,2.366294e-03,2.428043e-03,4.438278e-03,5.692901e-03,3.778329e-02,7.751070e-03,2.145234e-01,8.847902e-03,1.445551e-03,1.174214e-02,1.306116e-02,5.713342e-01,1.471070e-03,1.954412e-02
9.043148e-02,4.589999e-03,3.239497e-03,8.359035e-03,9.909607e-03,3.351371e-02,7.801265e-03,1.513594e-01,2.343365e-02,3.976001e-03,1.157955e-02,2.227671e-02,6.092112e-01,1.855439e-03,1.846343e-02
8.474554e-02,6.279113e-03,3.907023e-03,1.150220e-02,1.322323e-02,3.715305e-02,6.844182e-03,1.079525e-01,3.156498e-02,4.257710e-03,2.587774e-02,3.792909e-02,5.972617e-01,2.720376e-03,2.878163e-02
6.354292e-02,5.232561e-03,3.170004e-03,9.604827e-03,9.854009e-03,3.045701e-02,4.917266e-03,7.591458e-02,4.379927e-02,3.985140e-03,5.574363e-02,8.120755e-02,5.833222e-01,3.352701e-03,2.589629e-02
5.079385e-02,5.078010e-03,8.655680e-03,1.112341e-02,2.416329e-02,2.525010e-02,3.950943e-03,5.359068e-02,1.031612e-01,4.586908e-03,4.958548e-02,9.499516e-02,5.389200e-01,3.161652e-03,2.298369e-02
4.321200e-02,4.906215e-03,1.578546e-02,9.755096e-03,2.420009e-02,2.005049e-02,3.283577e-03,3.807727e-02,1.015216e-01,6.707962e-03,4.894533e-02,9.943503e-02,5.381875e-01,3.242150e-03,4.269018e-02
4.076348e-02,1.019090e-02,2.065228e-02,8.477551e-03,2.959826e-02,1.801321e-02,4.468911e-03,2.912208e-02,1.596069e-01,9.110956e-03,4.081401e-02,1.266146e-01,4.516706e-01,2.762889e-03,4.813328e-02
3.432345e-02,9.699309e-03,3.185443e-02,6.510696e-03,3.718158e-02,4.044037e-02,4.946279e-03,2.449855e-02,1.545085e-01,7.579420e-03,4.251081e-02,1.841135e-01,3.730049e-01,2.347784e-03,4.648032e-02
3.240997e-02,2.354652e-02,5.199125e-02,2.168613e-02,4.054354e-02,4.520475e-02,5.037081e-03,2.024142e-02,1.400048e-01,6.929243e-03,3.215658e-02,1.956341e-01,3.360425e-01,2.124467e-03,4.644763e-02
4.369041e-02,3.286584e-02,5.140439e-02,1.687709e-02,4.265036e-02,6.620866e-02,5.956080e-03,4.530097e-02,1.561848e-01,5.442525e-03,2.423450e-02,1.583572e-01,2.742541e-01,2.266129e-03,7.430695e-02
4.387133e-02,3.348709e-02,1.328494e-01,2.894061e-02,6.294834e-02,6.472743e-02,6.652665e-03,8.015914e-02,1.310233e-01,5.134018e-03,1.868463e-02,1.147769e-01,2.072448e-01,2.078844e-03,6.742139e-02
7.364899e-02,4.050039e-02,1.201481e-01,3.293356e-02,5.670602e-02,6.968176e-02,5.739245e-03,8.182584e-02,1.396121e-01,8.340552e-03,1.518391e-02,8.169094e-02,1.552429e-01,2.162433e-03,1.165833e-01
1.262221e-01,4.520090e-02,8.995715e-02,2.953818e-02,5.314426e-02,8.140374e-02,5.480898e-03,6.612649e-02,1.298901e-01,6.655101e-03,1.139952e-02,5.816748e-02,1.114397e-01,1.925742e-03,1.834487e-01
2.274988e-01,4.637259e-02,7.082072e-02,2.934515e-02,4.931219e-02,7.479657e-02,5.065832e-03,5.556713e-02,1.223257e-01,6.006588e-03,9.132636e-03,4.339164e-02,8.374756e-02,2.171624e-03,1.744453e-01
2.392967e-01,9.010847e-02,7.694657e-02,8.771124e-02,3.967971e-02,5.691281e-02,4.507714e-03,4.669394e-02,9.384042e-02,6.725139e-03,8.328385e-03,3.861375e-02,6.234362e-02,2.019502e-03,1.462720e-01
3.173599e-01,7.795838e-02,7.987419e-02,1.093013e-01,3.068808e-02,4.701091e-02,3.931930e-03,3.838593e-02,7.237742e-02,6.586045e-03,8.565038e-03,4.021579e-02,4.792602e-02,1.943391e-03,1.178757e-01
3.732421e-01,6.553409e-02,6.549756e-02,8.492395e-02,3.608499e-02,4.044841e-02,7.174294e-03,3.529974e-02,8.224295e-02,5.814718e-03,8.114249e-03,3.480354e-02,4.998273e-02,2.131002e-03,1.087058e-01
4.072103e-01,5.557946e-02,5.270226e-02,6.226849e-02,3.340807e-02,3.650560e-02,7.847580e-03,3.722855e-02,7.899955e-02,4.658137e-03,7.074178e-03,2.656608e-02,8.022561e-02,2.102018e-03,1.076242e-01
3.142582e-01,4.564260e-02,4.464424e-02,8.467775e-02,2.841614e-02,3.264324e-02,6.200722e-03,2.713578e-02,7.934171e-02,2.125988e-02,1.969332e-02,1.996830e-02,8.178697e-02,2.071741e-03,1.922595e-01
2.357349e-01,3.512435e-02,3.201089e-02,6.099159e-02,2.114076e-02,2.568123e-02,4.450608e-03,1.980831e-02,1.562542e-01,2.300560e-02,1.972203e-02,1.448812e-02,7.389125e-02,6.652815e-03,2.710434e-01
1.718143e-01,2.853321e-02,2.378850e-02,5.533187e-02,1.609693e-02,1.908411e-02,3.225874e-03,1.546733e-02,3.111798e-01,2.164952e-02,2.719793e-02,1.090634e-02,6.433769e-02,6.116466e-03,2.252701e-01
1.222799e-01,2.514922e-02,1.881157e-02,5.841747e-02,1.203100e-02,1.419249e-02,2.347752e-03,1.113897e-02,4.571652e-01,1.783246e-02,2.136520e-02,8.940015e-03,5.184773e-02,5.468982e-03,1.730121e-01
1.085127e-01,2.664420e-02,1.559120e-02,4.512533e-02,1.279321e-02,1.190466e-02,1.842125e-03,8.886006e-03,3.813820e-01,1.614571e-02,2.619213e-02,6.838921e-03,4.494562e-02,3.232281e-02,2.608734e-01
8.165847e-02,1.961842e-02,1.130171e-02,3.190709e-02,9.496159e-03,9.200706e-03,1.344434e-03,6.328135e-03,3.085822e-01,1.305945e-02,1.971075e-02,4.955358e-03,3.290750e-02,4.889175e-02,4.010379e-01
5.897747e-02,1.504526e-02,1.520798e-02,2.285695e-02,7.080576e-03,6.902651e-03,9.963869e-04,4.572995e-03,2.554570e-01,1.091455e-02,1.455955e-02,3.649645e-03,2.382297e-02,6.950228e-02,4.904538e-01
4.888199e-02,1.115004e-02,1.170728e-02,1.615907e-02,5.246877e-03,5.825162e-03,7.429904e-04,3.249843e-03,1.889876e-01,8.960647e-03,1.074010e-02,2.587279e-03,1.716053e-02,1.090997e-01,5.595008e-01
4.490312e-02,1.048969e-02,1.286055e-02,1.154597e-02,3.862126e-03,5.635930e-03,5.484353e-04,2.337404e-03,1.443920e-01,7.593578e-03,7.817543e-03,1.861960e-03,1.279460e-02,9.392433e-02,6.394327e-01
3.949555e-02,9.972012e-03,1.062299e-02,8.220075e-03,3.196428e-03,5.972144e-03,4.261898e-04,1.671674e-03,1.266896e-01,6.448599e-03,6.136165e-03,1.329105e-03,9.359896e-03,8.646994e-02,6.839896e-01
2.878821e-02,1.483771e-02,1.436838e-02,5.882866e-03,2.700492e-03,5.226176e-03,3.223153e-04,1.214688e-03,1.280594e-01,9.442412e-03,4.797777e-03,1.007204e-03,7.109177e-03,7.800436e-02,6.982388e-01
2.167679e-02,3.072931e-02,4.719529e-02,5.530426e-03,2.524110e-03,4.911329e-03,2.649652e-04,8.730146e-04,1.796748e-01,1.778143e-02,5.573255e-03,1.427740e-03,7.365235e-03,8.231344e-02,5.921589e-01
1.692718e-02,3.236847e-02,3.889485e-02,4.104978e-03,2.905815e-03,4.374020e-03,2.099231e-04,6.484895e-04,1.519158e-01,2.165669e-02,5.812893e-03,1.068777e-03,5.695628e-03,1.396657e-01,5.737508e-01
1.339237e-02,3.468862e-02,3.974652e-02,3.360282e-03,3.378920e-03,3.808701e-03,1.934397e-04,4.793523e-04,1.540724e-01,2.281501e-02,4.869883e-03,1.477376e-03,4.829699e-03,1.670218e-01,5.458655e-01
1.203428e-02,3.699017e-02,3.278669e-02,2.545218e-03,3.327244e-03,3.353539e-03,1.989970e-04,3.846509e-04,1.574917e-01,2.439385e-02,4.393024e-03,1.498946e-03,4.639861e-03,2.476666e-01,4.682952e-01
1.763039e-02,3.370687e-02,3.341813e-02,2.400598e-03,3.607856e-03,2.607714e-03,1.781685e-04,7.621738e-04,1.620637e-01,2.333349e-02,3.719145e-03,1.223475e-03,3.833917e-03,2.216274e-01,4.898870e-01
4.936732e-02,3.953844e-02,3.225747e-02,5.096402e-03,6.034534e-03,3.611417e-03,4.592250e-04,4.031735e-03,1.405403e-01,1.878457e-02,3.993501e-03,1.215075e-03,3.477758e-03,1.859174e-01,5.056748e-01
5.178134e-02,2.939001e-02,2.518557e-02,4.254681e-03,5.124751e-03,3.410687e-03,3.948314e-04,3.446027e-03,1.444614e-01,2.198156e-02,4.035521e-03,1.002050e-03,2.733396e-03,1.741161e-01,5.286821e-01
4.635553e-02,2.325898e-02,1.903074e-02,3.583178e-03,5.836466e-03,3.257714e-03,3.869616e-04,3.308045e-03,2.655910e-01,1.828195e-02,5.319809e-03,1.155560e-03,3.974719e-03,1.332610e-01,4.673983e-01
5.266242e-02,1.859893e-02,1.658811e-02,1.143878e-02,6.802760e-03,5.883864e-03,7.328800e-04,4.463471e-03,3.735318e-01,1.495128e-02,1.046613e-02,1.778809e-03,8.028099e-03,1.015616e-01,3.725110e-01
1.105790e-01,1.845781e-02,5.992949e-02,2.701681e-02,1.690362e-02,9.045186e-03,2.380936e-03,2.087432e-02,3.163209e-01,1.370374e-02,1.410888e-02,2.396961e-03,9.204149e-03,7.774513e-02,3.013331e-01
9.350619e-02,2.397179e-02,7.074293e-02,3.053436e-02,3.287703e-02,9.353657e-03,2.460074e-03,1.814106e-02,2.701668e-01,1.375162e-02,4.233803e-02,2.391349e-03,2.135060e-02,5.642291e-02,3.119916e-01
1.090090e-01,2.128639e-02,1.023113e-01,3.377880e-02,3.830228e-02,8.689476e-03,4.595818e-03,5.374839e-02,2.143195e-01,1.391266e-02,6.089693e-02,2.588613e-03,3.008168e-02,4.391446e-02,2.625648e-01
1.882713e-01,2.291457e-02,1.281463e-01,3.663170e-02,4.823853e-02,9.172404e-03,4.016555e-03,6.430737e-02,1.689341e-01,1.233676e-02,4.913127e-02,4.689472e-03,2.332212e-02,3.688673e-02,2.030007e-01
2.818552e-01,3.475139e-02,1.070753e-01,3.031239e-02,4.322321e-02,1.090856e-02,3.688045e-03,6.814282e-02,1.394078e-01,1.246277e-02,3.694810e-02,6.246271e-03,1.847104e-02,3.587376e-02,1.706333e-01
3.685184e-01,5.375836e-02,8.965232e-02,2.888758e-02,4.411081e-02,1.170831e-02,3.482022e-03,5.284978e-02,1.147117e-01,1.196468e-02,2.753751e-02,6.232698e-03,1.508988e-02,3.886087e-02,1.326350e-01
3.821748e-01,6.071092e-02,8.106331e-02,3.035059e-02,5.351914e-02,1.421388e-02,2.976989e-03,3.857867e-02,1.017319e-01,1.119158e-02,2.399826e-02,5.955723e-03,1.639514e-02,4.531310e-02,1.318260e-01
3.671046e-01,8.252847e-02,6.980039e-02,6.754453e-02,6.583955e-02,2.035097e-02,3.746176e-03,3.491542e-02,9.107481e-02,1.000136e-02,1.925208e-02,6.366502e-03,1.497968e-02,3.905631e-02,1.074391e-01
4.625481e-01,7.236607e-02,5.191630e-02,6.208860e-02,6.187257e-02,1.829027e-02,3.578489e-03,2.748264e-02,8.077852e-02,8.303855e-03,1.565515e-02,8.650202e-03,1.288742e-02,3.056391e-02,8.301786e-02
4.514595e-01,7.479426e-02,4.193589e-02,8.441685e-02,8.225276e-02,2.134520e-02,3.877050e-03,4.703748e-02,6.356929e-02,6.282822e-03,1.307964e-02,1.082242e-02,1.244417e-02,2.232963e-02,6.435308e-02
3.891827e-01,5.828303e-02,3.296471e-02,7.082412e-02,7.065096e-02,1.748495e-02,3.572950e-03,2.109718e-01,4.843299e-02,4.531172e-03,1.038905e-02,8.904208e-03,1.103145e-02,1.602265e-02,4.675326e-02
2.905948e-01,4.148372e-02,2.918096e-02,5.829313e-02,5.377391e-02,1.484877e-02,3.181614e-03,4.032495e-01,3.468316e-02,3.257111e-03,8.074289e-03,6.497152e-03,8.666663e-03,1.127909e-02,3.293607e-02
2.154910e-01,2.938396e-02,2.641660e-02,5.094244e-02,3.976998e-02,1.360326e-02,2.442806e-03,5.442698e-01,2.510026e-02,2.415627e-03,7.410108e-03,5.094609e-03,6.391333e-03,7.944416e-03,2.332384e-02
1.533091e-01,2.067410e-02,2.116327e-02,4.993223e-02,2.983874e-02,2.241844e-02,1.759463e-03,6.121072e-01,1.822834e-02,2.038864e-03,1.844261e-02,1.577546e-02,1.189161e-02,5.948212e-03,1.647239e-02
1.080178e-01,1.458752e-02,1.507182e-02,4.065152e-02,2.096593e-02,1.597244e-02,1.242367e-03,5.719777e-01,1.305344e-02,3.052613e-03,1.343109e-01,2.411518e-02,1.711405e-02,8.131802e-03,1.173491e-02
7.568938e-02,1.033737e-02,1.056698e-02,2.974623e-02,1.469852e-02,1.122695e-02,8.746534e-04,4.121683e-01,9.259676e-03,5.442070e-03,3.362171e-01,3.187843e-02,2.554296e-02,1.780161e-02,8.549769e-03
5.303446e-02,7.342602e-03,7.510905e-03,2.129720e-02,1.033693e-02,7.909886e-03,6.255695e-04,2.923452e-01,7.357414e-03,1.629813e-02,3.919448e-01,8.856855e-02,5.330952e-02,3.239267e-02,9.726190e-03
3.719429e-02,5.185953e-03,5.387270e-03,1.514716e-02,7.321381e-03,5.827350e-03,4.743877e-04,2.067649e-01,5.881871e-03,2.015075e-02,3.492643e-01,2.421384e-01,5.710386e-02,3.502186e-02,7.136319e-03
2.613419e-02,3.781036e-03,4.651630e-03,1.090401e-02,6.131112e-03,4.232130e-03,3.479956e-04,1.454389e-01,7.029628e-03,4.730362e-02,3.423344e-01,2.738194e-01,7.077739e-02,5.052131e-02,6.593267e-03
1.838515e-02,2.955877e-03,6.859575e-03,7.865598e-03,6.270485e-03,3.073853e-03,3.190494e-04,1.033051e-01,1.140965e-02,8.005904e-02,3.269678e-01,2.818672e-01,7.925697e-02,6.331705e-02,8.087688e-03
1.385206e-02,1.913662e-02,6.499690e-02,5.945085e-03,1.552321e-02,2.883072e-03,5.482861e-04,7.725135e-02,8.567524e-02,7.091015e-02,2.924203e-01,2.092034e-01,6.358701e-02,6.995884e-02,8.108494e-03
9.910420e-03,4.817300e-02,4.937219e-02,4.656057e-03,1.292494e-02,4.895810e-03,4.147429e-04,5.513169e-02,2.958227e-01,5.099480e-02,2.094987e-01,1.478718e-01,4.518139e-02,5.851771e-02,6.634131e-03
7.264036e-03,6.177534e-02,4.230547e-02,5.988366e-03,1.173994e-02,5.329155e-03,4.033016e-04,4.558231e-02,4.229864e-01,3.734668e-02,1.603917e-01,1.044292e-01,3.220242e-02,5.648777e-02,5.767921e-03
5.599781e-03,5.943391e-02,3.582152e-02,6.309967e-02,9.520844e-03,6.651361e-03,2.897206e-04,3.537187e-02,4.745764e-01,2.990424e-02,1.182441e-01,7.392256e-02,2.521862e-02,5.507423e-02,7.271273e-03
4.947084e-03,7.589164e-02,3.215399e-02,5.923134e-02,8.318727e-03,6.146153e-03,2.137542e-04,2.622893e-02,5.338991e-01,3.064220e-02,8.690546e-02,5.212712e-02,1.899706e-02,5.421887e-02,1.007862e-02
