1.000000e+00,0.000000e+00,0.000000e+00,0.000000e+00,0.000000e+00,0.000000e+00,0.000000e+00,0.000000e+00,0.000000e+00,0.000000e+00,0.000000e+00,0.000000e+00,0.000000e+00,0.000000e+00,0.000000e+00
1.000000e+00,0.000000e+00,0.000000e+00,0.000000e+00,0.000000e+00,0.000000e+00,0.000000e+00,0.000000e+00,0.000000e+00,0.000000e+00,0.000000e+00,0.000000e+00,0.000000e+00,0.000000e+00,0.000000e+00
1.000000e+00,0.000000e+00,0.000000e+00,0.000000e+00,0.000000e+00,0.000000e+00,0.000000e+00,0.000000e+00,0.000000e+00,0.000000e+00,0.000000e+00,0.000000e+00,0.000000e+00,0.000000e+00,0.000000e+00
1.000000e+00,0.000000e+00,0.000000e+00,0.000000e+00,0.000000e+00,0.000000e+00,0.000000e+00,0.000000e+00,0.000000e+00,0.000000e+00,0.000000e+00,0.000000e+00,0.000000e+00,0.000000e+00,0.000000e+00
1.000000e+00,0.000000e+00,0.000000e+00,0.000000e+00,0.000000e+00,0.000000e+00,0.000000e+00,0.000000e+00,0.000000e+00,0.000000e+00,0.000000e+00,0.000000e+00,0.000000e+00,0.000000e+00,0.000000e+00
1.000000e+00,0.000000e+00,0.000000e+00,0.000000e+00,0.000000e+00,0.000000e+00,0.000000e+00,0.000000e+00,0.000000e+00,0.000000e+00,0.000000e+00,0.000000e+00,0.000000e+00,0.000000e+00,0.000000e+00
1.000000e+00,0.000000e+00,0.000000e+00,0.000000e+00,0.000000e+00,0.000000e+00,0.000000e+00,0.000000e+00,0.000000e+00,0.000000e+00,0.000000e+00,0.000000e+00,0.000000e+00,0.000000e+00,0.000000e+00
1.000000e+00,0.000000e+00,0.000000e+00,0.000000e+00,0.000000e+00,0.000000e+00,0.000000e+00,0.000000e+00,0.000000e+00,0.000000e+00,0.000000e+00,0.000000e+00,0.000000e+00,0.000000e+00,0.000000e+00
1.000000e+00,0.000000e+00,0.000000e+00,0.000000e+00,0.000000e+00,0.000000e+00,0.000000e+00,0.000000e+00,0.000000e+00,0.000000e+00,0.000000e+00,0.000000e+00,0.000000e+00,0.000000e+00,0.000000e+00
1.000000e+00,0.000000e+00,0.000000e+00,0.000000e+00,0.000000e+00,0.000000e+00,0.000000e+00,0.000000e+00,0.000000e+00,0.000000e+00,0.000000e+00,0.000000e+00,0.000000e+00,0.000000e+00,0.000000e+00
1.000000e+00,0.000000e+00,0.000000e+00,0.000000e+00,0.000000e+00,0.000000e+00,0.000000e+00,0.000000e+00,0.000000e+00,0.000000e+00,0.000000e+00,0.000000e+00,0.000000e+00,0.000000e+00,0.000000e+00
1.000000e+00,0.000000e+00,0.000000e+00,0.000000e+00,0.000000e+00,0.000000e+00,0.000000e+00,0.000000e+00,0.000000e+00,0.000000e+00,0.000000e+00,0.000000e+00,0.000000e+00,0.000000e+00,0.000000e+00
1.000000e+00,0.000000e+00,0.000000e+00,0.000000e+00,0.000000e+00,0.000000e+00,0.000000e+00,0.000000e+00,0.000000e+00,0.000000e+00,0.000000e+00,0.000000e+00,0.000000e+00,0.000000e+00,0.000000e+00
1.000000e+00,0.000000e+00,0.000000e+00,0.000000e+00,0.000000e+00,0.000000e+00,0.000000e+00,0.000000e+00,0.000000e+00,0.000000e+00,0.000000e+00,0.000000e+00,0.000000e+00,0.000000e+00,0.000000e+00
1.000000e+00,0.000000e+00,0.000000e+00,0.000000e+00,0.000000e+00,0.000000e+00,0.000000e+00,0.000000e+00,0.000000e+00,0.000000e+00,0.000000e+00,0.000000e+00,0.000000e+00,0.000000e+00,0.000000e+00
1.000000e+00,0.000000e+00,0.000000e+00,0.000000e+00,0.000000e+00,0.000000e+00,0.000000e+00,0.000000e+00,0.000000e+00,0.000000e+00,0.000000e+00,0.000000e+00,0.000000e+00,0.000000e+00,0.000000e+00
1.000000e+00,0.000000e+00,0.000000e+00,0.000000e+00,0.000000e+00,0.000000e+00,0.000000e+00,0.000000e+00,0.000000e+00,0.000000e+00,0.000000e+00,0.000000e+00,0.000000e+00,0.000000e+00,0.000000e+00
1.000000e+00,0.000000e+00,0.000000e+00,0.000000e+00,0.000000e+00,0.000000e+00,0.000000e+00,0.000000e+00,0.000000e+00,0.000000e+00,0.000000e+00,0.000000e+00,0.000000e+00,0.000000e+00,0.000000e+00
1.000000e+00,0.000000e+00,0.000000e+00,0.000000e+00,0.000000e+00,0.000000e+00,0.000000e+00,0.000000e+00,0.000000e+00,0.000000e+00,0.000000e+00,0.000000e+00,0.000000e+00,0.000000e+00,0.000000e+00
1.000000e+00,0.000000e+00,0.000000e+00,0.000000e+00,0.000000e+00,0.000000e+00,0.000000e+00,0.000000e+00,0.000000e+00,0.000000e+00,0.000000e+00,0.000000e+00,0.000000e+00,0.000000e+00,0.000000e+00
1.000000e+00,0.000000e+00,0.000000e+00,0.000000e+00,0.000000e+00,0.000000e+00,0.000000e+00,0.000000e+00,0.000000e+00,0.000000e+00,0.000000e+00,0.000000e+00,0.000000e+00,0.000000e+00,0.000000e+00
1.000000e+00,0.000000e+00,0.000000e+00,0.000000e+00,0.000000e+00,0.000000e+00,0.000000e+00,0.000000e+00,0.000000e+00,0.000000e+00,0.000000e+00,0.000000e+00,0.000000e+00,0.000000e+00,0.000000e+00
1.000000e+00,0.000000e+00,0.000000e+00,0.000000e+00,0.000000e+00,0.000000e+00,0.000000e+00,0.000000e+00,0.000000e+00,0.000000e+00,0.000000e+00,0.000000e+00,0.000000e+00,0.000000e+00,0.000000e+00
1.000000e+00,0.000000e+00,0.000000e+00,0.000000e+00,0.000000e+00,0.000000e+00,0.000000e+00,0.000000e+00,0.000000e+00,0.000000e+00,0.000000e+00,0.000000e+00,0.000000e+00,0.000000e+00,0.000000e+00
1.000000e+00,0.000000e+00,0.000000e+00,0.000000e+00,0.000000e+00,0.000000e+00,0.000000e+00,0.000000e+00,0.000000e+00,0.000000e+00,0.000000e+00,0.000000e+00,0.000000e+00,0.000000e+00,0.000000e+00
1.000000e+00,0.000000e+00,0.000000e+00,0.000000e+00,0.000000e+00,0.000000e+00,0.000000e+00,0.000000e+00,0.000000e+00,0.000000e+00,0.000000e+00,0.000000e+00,0.000000e+00,0.000000e+00,0.000000e+00
1.000000e+00,0.000000e+00,0.000000e+00,0.000000e+00,0.000000e+00,0.000000e+00,0.000000e+00,0.000000e+00,0.000000e+00,0.000000e+00,0.000000e+00,0.000000e+00,0.000000e+00,0.000000e+00,0.000000e+00
1.000000e+00,0.000000e+00,0.000000e+00,0.000000e+00,0.000000e+00,0.000000e+00,0.000000e+00,0.000000e+00,0.000000e+00,0.000000e+00,0.000000e+00,0.000000e+00,0.000000e+00,0.000000e+00,0.000000e+00
1.000000e+00,0.000000e+00,0.000000e+00,0.000000e+00,0.000000e+00,0.000000e+00,0.000000e+00,0.000000e+00,0.000000e+00,0.000000e+00,0.000000e+00,0.000000e+00,0.000000e+00,0.000000e+00,0.000000e+00
1.000000e+00,0.000000e+00,0.000000e+00,0.000000e+00,0.000000e+00,0.000000e+00,0.000000e+00,0.000000e+00,0.000000e+00,0.000000e+00,0.000000e+00,0.000000e+00,0.000000e+00,0.000000e+00,0.000000e+00
1.000000e+00,0.000000e+00,0.000000e+00,0.000000e+00,0.000000e+00,0.000000e+00,0.000000e+00,0.000000e+00,0.000000e+00,0.000000e+00,0.000000e+00,0.000000e+00,0.000000e+00,0.000000e+00,0.000000e+00
1.000000e+00,0.000000e+00,0.000000e+00,0.000000e+00,0.000000e+00,0.000000e+00,0.000000e+00,0.000000e+00,0.000000e+00,0.000000e+00,0.000000e+00,0.000000e+00,0.000000e+00,0.000000e+00,0.000000e+00
1.000000e+00,0.000000e+00,0.000000e+00,0.000000e+00,0.000000e+00,0.000000e+00,0.000000e+00,0.000000e+00,0.000000e+00,0.000000e+00,0.000000e+00,0.000000e+00,0.000000e+00,0.000000e+00,0.000000e+00
1.000000e+00,0.000000e+00,0.000000e+00,0.000000e+00,0.000000e+00,0.000000e+00,0.000000e+00,0.000000e+00,0.000000e+00,0.000000e+00,0.000000e+00,0.000000e+00,0.000000e+00,0.000000e+00,0.000000e+00
1.000000e+00,0.000000e+00,0.000000e+00,0.000000e+00,0.000000e+00,0.000000e+00,0.000000e+00,0.000000e+00,0.000000e+00,0.000000e+00,0.000000e+00,0.000000e+00,0.000000e+00,0.000000e+00,0.000000e+00
1.000000e+00,0.000000e+00,0.000000e+00,0.000000e+00,0.000000e+00,0.000000e+00,0.000000e+00,0.000000e+00,0.000000e+00,0.000000e+00,0.000000e+00,0.000000e+00,0.000000e+00,0.000000e+00,0.000000e+00
1.000000e+00,0.000000e+00,0.000000e+00,0.000000e+00,0.000000e+00,0.000000e+00,0.000000e+00,0.000000e+00,0.000000e+00,0.000000e+00,0.000000e+00,0.000000e+00,0.000000e+00,0.000000e+00,0.000000e+00
1.000000e+00,0.000000e+00,0.000000e+00,0.000000e+00,0.000000e+00,0.000000e+00,0.000000e+00,0.000000e+00,0.000000e+00,0.000000e+00,0.000000e+00,0.000000e+00,0.000000e+00,0.000000e+00,0.000000e+00
1.000000e+00,0.000000e+00,0.000000e+00,0.000000e+00,0.000000e+00,0.000000e+00,0.000000e+00,0.000000e+00,0.000000e+00,0.000000e+00,0.000000e+00,0.000000e+00,0.000000e+00,0.000000e+00,0.000000e+00
1.000000e+00,0.000000e+00,0.000000e+00,0.000000e+00,0.000000e+00,0.000000e+00,0.000000e+00,0.000000e+00,0.000000e+00,0.000000e+00,0.000000e+00,0.000000e+00,0.000000e+00,0.000000e+00,0.000000e+00
1.000000e+00,0.000000e+00,0.000000e+00,0.000000e+00,0.000000e+00,0.000000e+00,0.000000e+00,0.000000e+00,0.000000e+00,0.000000e+00,0.000000e+00,0.000000e+00,0.000000e+00,0.000000e+00,0.000000e+00
1.000000e+00,0.000000e+00,0.000000e+00,0.000000e+00,0.000000e+00,0.000000e+00,0.000000e+00,0.000000e+00,0.000000e+00,0.000000e+00,0.000000e+00,0.000000e+00,0.000000e+00,0.000000e+00,0.000000e+00
4.706379e-01,6.007968e-02,2.533232e-02,1.499392e-01,1.617163e-02,2.685437e-02,7.881115e-03,2.523165e-02,2.860073e-02,4.485998e-03,3.417979e-02,5.069631e-02,2.654798e-02,1.157059e-02,6.179077e-02
4.713229e-01,6.191715e-02,2.260347e-02,1.442609e-01,1.574360e-02,2.595579e-02,7.476876e-03,2.216412e-02,3.234034e-02,4.435967e-03,3.773049e-02,4.764086e-02,2.781730e-02,1.361437e-02,6.497586e-02
4.841266e-01,6.264193e-02,2.028759e-02,1.352656e-01,1.662527e-02,2.665626e-02,7.514911e-03,2.025237e-02,2.953357e-02,4.565347e-03,3.656837e-02,4.706349e-02,2.771233e-02,1.395263e-02,6.723371e-02
3.704789e-01,5.756395e-02,8.019073e-02,2.049186e-01,1.555430e-02,2.411777e-02,6.365785e-03,2.895257e-02,2.612608e-02,4.007233e-03,3.665971e-02,5.054775e-02,2.417075e-02,1.147893e-02,5.886687e-02
3.276109e-01,6.111637e-02,9.699638e-02,2.209610e-01,1.808816e-02,2.214673e-02,6.972457e-03,2.775832e-02,2.766587e-02,4.574533e-03,3.729665e-02,5.169716e-02,2.277717e-02,1.092786e-02,6.341052e-02
3.495025e-01,5.811485e-02,9.427369e-02,1.966137e-01,1.584965e-02,2.034717e-02,6.173216e-03,2.675312e-02,3.062435e-02,5.660392e-03,4.064106e-02,4.643941e-02,2.300916e-02,1.284750e-02,7.315020e-02
4.059367e-01,5.524496e-02,7.985850e-02,1.706934e-01,1.396329e-02,2.030976e-02,5.424554e-03,2.322030e-02,2.972268e-02,5.570135e-03,4.011929e-02,4.174541e-02,2.292763e-02,1.264264e-02,7.262072e-02
1.000000e+00,0.000000e+00,0.000000e+00,0.000000e+00,0.000000e+00,0.000000e+00,0.000000e+00,0.000000e+00,0.000000e+00,0.000000e+00,0.000000e+00,0.000000e+00,0.000000e+00,0.000000e+00,0.000000e+00
1.000000e+00,0.000000e+00,0.000000e+00,0.000000e+00,0.000000e+00,0.000000e+00,0.000000e+00,0.000000e+00,0.000000e+00,0.000000e+00,0.000000e+00,0.000000e+00,0.000000e+00,0.000000e+00,0.000000e+00
1.000000e+00,0.000000e+00,0.000000e+00,0.000000e+00,0.000000e+00,0.000000e+00,0.000000e+00,0.000000e+00,0.000000e+00,0.000000e+00,0.000000e+00,0.000000e+00,0.000000e+00,0.000000e+00,0.000000e+00
1.000000e+00,0.000000e+00,0.000000e+00,0.000000e+00,0.000000e+00,0.000000e+00,0.000000e+00,0.000000e+00,0.000000e+00,0.000000e+00,0.000000e+00,0.000000e+00,0.000000e+00,0.000000e+00,0.000000e+00
1.000000e+00,0.000000e+00,0.000000e+00,0.000000e+00,0.000000e+00,0.000000e+00,0.000000e+00,0.000000e+00,0.000000e+00,0.000000e+00,0.000000e+00,0.000000e+00,0.000000e+00,0.000000e+00,0.000000e+00
1.000000e+00,0.000000e+00,0.000000e+00,0.000000e+00,0.000000e+00,0.000000e+00,0.000000e+00,0.000000e+00,0.000000e+00,0.000000e+00,0.000000e+00,0.000000e+00,0.000000e+00,0.000000e+00,0.000000e+00
1.000000e+00,0.000000e+00,0.000000e+00,0.000000e+00,0.000000e+00,0.000000e+00,0.000000e+00,0.000000e+00,0.000000e+00,0.000000e+00,0.000000e+00,0.000000e+00,0.000000e+00,0.000000e+00,0.000000e+00
1.000000e+00,0.000000e+00,0.000000e+00,0.000000e+00,0.000000e+00,0.000000e+00,0.000000e+00,0.000000e+00,0.000000e+00,0.000000e+00,0.000000e+00,0.000000e+00,0.000000e+00,0.000000e+00,0.000000e+00
1.000000e+00,0.000000e+00,0.000000e+00,0.000000e+00,0.000000e+00,0.000000e+00,0.000000e+00,0.000000e+00,0.000000e+00,0.000000e+00,0.000000e+00,0.000000e+00,0.000000e+00,0.000000e+00,0.000000e+00
1.000000e+00,0.000000e+00,0.000000e+00,0.000000e+00,0.000000e+00,0.000000e+00,0.000000e+00,0.000000e+00,0.000000e+00,0.000000e+00,0.000000e+00,0.000000e+00,0.000000e+00,0.000000e+00,0.000000e+00
4.782018e-01,3.900050e-02,7.692822e-03,9.476436e-02,9.117226e-03,1.810266e-02,2.339872e-03,5.218521e-03,1.699919e-02,1.567442e-01,2.687135e-02,9.275830e-02,2.113986e-02,7.325065e-03,2.372428e-02
3.351758e-01,3.263590e-02,5.983035e-03,8.989786e-02,7.081370e-03,1.302062e-02,1.665731e-03,3.863395e-03,1.735908e-02,1.131245e-01,2.195473e-01,1.064977e-01,1.653688e-02,1.785367e-02,1.975715e-02
2.362458e-01,2.612174e-02,4.880087e-03,1.366648e-01,1.091041e-02,1.072164e-02,1.236438e-03,3.187497e-03,3.370912e-02,8.299249e-02,2.962274e-01,1.041657e-01,1.227509e-02,2.291340e-02,1.774845e-02
1.661915e-01,2.249515e-02,4.521071e-03,1.118623e-01,2.207307e-02,9.310034e-03,9.468909e-04,2.727774e-03,3.309188e-02,6.144574e-02,3.650539e-01,1.215966e-01,9.031866e-03,5.406272e-02,1.558950e-02
1.170135e-01,1.635354e-02,3.433842e-03,8.584266e-02,1.968832e-02,7.702164e-03,7.305163e-04,2.035711e-03,2.803993e-02,4.591592e-02,3.861797e-01,2.040327e-01,6.859636e-03,6.404143e-02,1.213045e-02
8.327809e-02,1.164622e-02,2.468622e-03,6.276295e-02,2.562014e-02,5.931774e-03,5.880237e-04,1.544547e-03,2.043232e-02,3.298496e-02,4.119058e-01,2.325669e-01,5.125826e-03,9.440328e-02,8.740563e-03
5.846113e-02,8.197126e-03,1.757728e-03,4.408119e-02,2.023629e-02,6.090058e-03,4.596183e-04,1.114033e-03,1.452650e-02,2.366907e-02,4.396812e-01,2.780374e-01,4.188880e-03,9.327677e-02,6.223041e-03
4.111930e-02,5.795532e-03,1.261826e-03,3.105126e-02,2.074590e-02,4.833608e-03,3.632658e-04,8.196125e-04,1.060958e-02,1.714337e-02,4.563780e-01,3.217409e-01,3.511626e-03,8.018882e-02,4.437475e-03
2.884752e-02,4.147565e-03,9.186207e-04,2.181939e-02,2.364205e-02,3.785720e-03,2.696575e-04,5.870060e-04,7.892584e-03,1.227324e-02,5.139940e-01,3.102148e-01,3.135895e-03,6.514379e-02,3.328223e-03
2.026528e-02,3.115910e-03,6.926943e-04,1.536642e-02,2.408890e-02,3.119522e-03,2.117344e-04,4.307890e-04,5.970703e-03,9.227055e-03,5.637003e-01,2.967590e-01,2.781515e-03,5.121778e-02,3.052380e-03
1.435110e-02,3.080414e-03,5.332440e-04,1.078057e-02,2.253984e-02,2.649565e-03,1.727524e-04,3.385363e-04,5.154911e-03,8.037059e-03,6.161415e-01,2.635770e-01,2.668267e-03,4.682419e-02,3.151061e-03
1.047376e-02,3.909986e-03,4.155910e-04,7.572015e-03,1.635853e-02,2.090401e-03,1.424925e-04,3.604338e-04,7.011829e-03,6.617316e-03,6.472590e-01,2.549672e-01,2.455245e-03,3.775132e-02,2.614956e-03
7.364122e-03,2.900334e-03,3.013200e-04,5.321747e-03,1.207026e-02,1.571298e-03,1.203666e-04,2.819088e-04,7.983752e-03,5.087184e-03,7.309151e-01,1.947999e-01,2.156263e-03,2.718857e-02,1.937933e-03
5.258520e-03,1.188748e-02,3.126904e-04,3.762373e-03,1.060880e-02,2.272391e-03,1.902269e-04,4.759852e-04,6.619733e-02,4.478398e-03,6.944976e-01,1.761387e-01,1.844313e-03,2.011249e-02,1.962685e-03
3.786800e-03,1.090673e-02,3.907258e-04,2.675054e-03,1.413816e-02,2.160189e-03,7.938810e-04,7.204651e-04,1.033816e-01,4.558076e-03,6.805496e-01,1.575013e-01,1.554902e-03,1.502977e-02,1.852846e-03
2.921788e-03,1.475529e-02,6.207060e-04,1.925981e-03,1.238899e-02,3.351880e-03,1.855281e-03,1.887484e-03,1.255500e-01,3.712332e-03,6.824148e-01,1.345888e-01,1.509574e-03,1.088035e-02,1.636810e-03
2.230176e-03,1.372215e-02,6.238065e-04,1.370343e-03,9.338104e-03,3.862170e-03,1.595139e-03,1.578784e-03,1.073976e-01,3.096181e-03,7.270543e-01,1.117046e-01,7.335409e-03,7.827350e-03,1.263995e-03
1.800361e-03,2.199448e-02,1.802100e-03,9.884547e-04,8.276399e-03,3.882326e-03,1.370856e-03,1.268392e-03,9.145469e-02,2.549971e-03,7.615764e-01,8.462107e-02,1.166312e-02,5.677182e-03,1.074229e-03
1.937715e-03,6.451134e-02,8.716186e-03,7.496496e-04,1.529720e-02,4.422849e-03,1.381795e-03,3.550397e-03,1.741867e-01,2.383195e-03,6.424999e-01,6.211133e-02,1.326415e-02,4.110763e-03,8.768553e-04
2.592748e-03,9.595770e-02,9.211381e-03,5.802503e-04,1.798489e-02,5.856059e-03,1.263425e-03,4.508441e-03,2.947049e-01,3.177156e-03,4.965144e-01,4.975947e-02,1.402440e-02,3.136607e-03,7.282346e-04
3.043443e-03,1.118088e-01,1.038601e-02,4.735362e-04,2.595163e-02,9.523435e-03,1.722932e-03,1.978472e-02,3.315867e-01,3.485862e-03,4.268434e-01,3.666540e-02,1.566269e-02,2.341062e-03,7.202151e-04
2.810165e-03,1.871108e-01,9.985482e-03,4.004175e-04,2.569685e-02,1.024575e-02,1.367343e-03,2.920270e-02,3.680488e-01,3.289796e-03,3.212003e-01,2.607471e-02,1.211779e-02,1.775844e-03,6.732184e-04
3.100996e-03,2.115213e-01,1.015302e-02,6.479555e-04,2.517118e-02,9.243989e-03,1.043913e-03,5.458025e-02,4.074268e-01,3.595983e-03,2.414817e-01,1.972754e-02,9.929150e-03,1.376963e-03,9.992379e-04
3.406025e-03,1.977674e-01,1.116076e-02,7.500915e-04,2.764787e-02,8.406233e-03,8.395987e-04,1.695067e-01,3.744216e-01,3.979968e-03,1.781523e-01,1.435625e-02,7.610470e-03,1.118553e-03,8.762534e-04
3.898055e-03,2.210250e-01,9.391123e-03,6.752281e-04,3.232574e-02,1.393355e-02,7.176044e-04,1.486882e-01,4.128485e-01,4.207981e-03,1.345929e-01,1.035145e-02,5.515746e-03,1.001442e-03,8.274994e-04
4.585451e-03,2.709188e-01,7.814290e-03,6.459394e-04,3.545187e-02,1.424399e-02,6.376593e-04,1.167463e-01,4.306442e-01,5.309995e-03,9.918211e-02,7.721015e-03,3.982269e-03,1.074684e-03,1.041438e-03
6.326285e-03,2.254266e-01,7.061364e-03,6.549599e-04,7.589087e-02,1.609801e-02,1.913471e-03,1.159506e-01,4.608818e-01,8.516784e-03,7.019644e-02,5.811844e-03,3.066030e-03,1.353474e-03,8.515067e-04
1.121243e-02,1.931064e-01,7.109760e-03,1.690511e-03,9.310277e-02,1.721276e-02,2.612991e-03,1.110938e-01,4.882355e-01,1.570387e-02,4.957644e-02,4.298850e-03,2.593126e-03,1.399375e-03,1.051425e-03
1.572572e-02,1.661510e-01,6.225738e-03,2.107802e-03,8.947431e-02,1.647778e-02,1.166125e-02,1.266310e-01,5.051700e-01,1.627329e-02,3.510293e-02,3.522411e-03,2.941808e-03,1.197140e-03,1.337819e-03
2.048696e-02,1.579125e-01,5.013904e-03,2.062727e-03,7.915228e-02,1.502569e-02,3.373729e-02,1.342859e-01,4.923148e-01,2.511417e-02,2.488423e-02,3.830275e-03,3.227670e-03,1.072262e-03,1.879363e-03
1.809004e-02,1.145664e-01,3.842897e-03,1.612030e-03,5.995693e-02,1.065182e-02,1.213399e-01,2.701961e-01,3.565511e-01,1.812576e-02,1.746447e-02,2.716235e-03,2.642090e-03,8.230733e-04,1.421074e-03
2.297615e-02,8.282959e-02,2.915068e-03,1.325550e-03,4.346046e-02,7.931604e-03,2.251501e-01,3.142886e-01,2.661901e-01,1.314531e-02,1.231747e-02,2.056866e-03,3.389713e-03,6.344292e-04,1.389046e-03
2.698237e-02,6.097361e-02,2.314287e-03,1.125403e-03,3.179841e-02,6.525964e-03,3.427644e-01,3.000488e-01,1.983597e-01,9.887394e-03,8.873635e-03,1.726173e-03,6.784677e-03,5.071628e-04,1.327992e-03
3.097065e-02,4.440495e-02,1.752490e-03,9.427805e-04,2.374909e-02,5.397812e-03,4.963759e-01,2.229645e-01,1.486120e-01,7.106106e-03,6.340328e-03,1.590810e-03,8.085066e-03,4.115672e-04,1.296015e-03
3.524327e-02,3.304434e-02,1.570409e-03,8.753746e-04,1.990141e-02,4.418259e-03,6.036637e-01,1.672177e-01,1.137182e-01,5.111437e-03,4.590760e-03,1.343555e-03,7.711296e-03,3.272944e-04,1.262949e-03
5.194019e-02,2.540104e-02,1.899956e-03,1.142821e-03,2.629402e-02,4.990632e-03,6.489167e-01,1.314708e-01,8.545400e-02,3.840507e-03,4.283014e-03,2.149381e-03,9.770941e-03,3.414365e-04,2.104652e-03
4.074045e-02,1.851409e-02,1.462272e-03,8.521854e-04,1.921199e-02,4.240157e-03,7.289293e-01,1.016792e-01,6.360108e-02,2.720941e-03,3.127323e-03,1.707792e-03,1.118509e-02,2.611234e-04,1.767023e-03
3.041462e-02,1.364415e-02,1.182686e-03,6.569245e-04,1.387074e-02,3.626497e-03,7.949996e-01,7.496480e-02,4.712318e-02,1.947981e-03,2.374007e-03,1.375885e-03,1.208994e-02,2.098200e-04,1.519212e-03
2.350254e-02,9.661414e-03,8.983075e-04,4.965410e-04,9.903579e-03,2.888621e-03,8.473810e-01,5.368429e-02,3.685527e-02,1.381489e-03,1.723731e-03,1.084235e-03,9.049073e-03,1.614423e-04,1.328527e-03
1.846305e-02,6.885786e-03,7.370053e-04,3.794702e-04,7.627985e-03,2.304362e-03,8.815083e-01,3.850555e-02,3.241047e-02,9.900909e-04,1.465248e-03,8.632927e-04,6.621231e-03,1.232121e-04,1.115021e-03
1.714348e-02,4.965636e-03,6.446723e-04,3.108579e-04,5.929493e-03,2.388185e-03,9.036779e-01,2.845260e-02,2.621038e-02,7.444249e-04,2.028695e-03,8.861912e-04,5.404075e-03,1.040631e-04,1.109317e-03
1.579678e-02,3.725095e-03,6.340540e-04,2.449388e-04,5.297589e-03,2.677378e-03,9.204379e-01,2.057883e-02,1.925002e-02,6.684656e-04,2.610385e-03,1.116109e-03,4.771556e-03,2.418723e-04,1.949009e-03
1.248240e-02,3.155937e-03,5.306326e-04,2.496896e-04,4.852164e-03,2.890355e-03,8.744110e-01,1.510321e-02,1.534148e-02,1.105304e-03,2.155401e-02,2.379689e-03,6.689856e-03,9.450905e-04,3.830923e-02
9.566474e-03,2.372913e-03,4.282226e-04,2.101669e-04,3.713257e-03,2.460690e-03,6.846237e-01,1.099334e-02,1.110497e-02,1.831326e-03,3.871522e-02,2.909265e-03,6.330997e-02,1.299446e-03,1.664611e-01
6.970583e-03,1.679607e-03,3.182409e-04,1.547611e-04,2.726251e-03,1.886369e-03,4.995163e-01,7.807128e-03,7.983266e-03,2.204754e-03,4.392104e-02,2.522697e-03,8.002884e-02,1.238034e-03,3.410421e-01
5.192032e-03,1.266387e-03,2.554045e-04,2.815926e-04,3.153348e-03,1.918895e-03,3.718027e-01,5.562617e-03,9.835152e-03,9.432184e-03,3.940452e-02,3.836668e-03,1.050454e-01,4.012967e-03,4.390001e-01
3.820821e-03,9.181739e-04,3.053770e-04,3.043414e-04,3.339601e-03,2.339707e-03,2.648014e-01,3.939768e-03,8.023587e-03,2.109856e-02,2.910722e-02,4.893632e-03,1.461508e-01,3.767379e-03,5.071896e-01
2.878624e-03,6.576339e-04,2.551577e-04,2.841790e-04,3.282042e-03,2.781921e-03,1.888781e-01,2.813108e-03,6.809876e-03,2.669347e-02,2.423799e-02,1.028875e-02,1.814004e-01,3.472536e-03,5.452662e-01
2.154403e-03,1.306580e-03,6.909964e-04,5.100919e-04,7.925850e-03,2.214206e-03,1.342781e-01,2.052756e-03,2.325629e-01,2.031707e-02,1.727180e-02,2.950720e-02,1.558541e-01,3.612861e-03,3.897409e-01
2.892874e-03,1.623625e-03,1.341817e-03,2.407389e-03,1.442123e-02,2.430698e-03,9.484001e-02,1.759882e-03,1.792268e-01,1.605256e-02,2.442168e-02,5.184081e-02,2.868628e-01,9.561585e-03,3.103162e-01
3.140057e-03,1.279431e-03,1.390756e-03,2.598507e-03,1.289161e-02,3.913981e-03,6.715363e-02,1.337518e-03,1.381228e-01,1.343967e-02,2.406792e-02,7.529474e-02,3.879867e-01,1.188599e-02,2.554967e-01
4.123578e-03,1.303000e-03,1.681263e-03,4.895185e-03,1.397796e-02,5.279900e-03,4.743470e-02,1.240984e-03,1.183941e-01,1.569556e-02,3.334155e-02,9.596133e-02,4.542601e-01,1.566213e-02,1.867486e-01
3.407300e-03,1.033260e-03,1.443794e-03,6.177683e-03,1.154085e-02,5.660757e-03,3.339831e-02,9.945116e-04,9.027136e-02,1.388796e-02,5.489600e-02,1.135076e-01,5.146914e-01,1.305303e-02,1.360361e-01
3.485677e-03,1.020898e-03,2.205960e-03,5.364215e-03,1.596174e-02,5.226433e-03,2.368983e-02,1.243814e-03,7.619298e-02,1.200501e-02,8.805160e-02,8.989386e-02,5.304639e-01,1.039516e-02,1.347989e-01
3.707855e-03,1.197740e-03,7.008119e-03,4.038416e-03,1.537713e-01,4.236587e-03,1.843679e-02,2.136139e-03,7.914089e-02,8.621975e-03,1.046789e-01,6.967426e-02,4.315171e-01,7.408307e-03,1.044257e-01
4.648960e-03,2.146294e-03,1.033883e-02,1.063452e-02,2.194818e-01,1.682859e-02,1.378423e-02,1.054117e-02,1.479741e-01,8.118425e-03,8.368357e-02,5.493360e-02,3.343267e-01,5.367634e-03,7.719149e-02
5.760723e-03,2.929120e-03,1.315330e-02,9.290992e-02,2.073133e-01,3.604896e-02,1.004695e-02,1.068527e-02,1.554492e-01,6.368647e-03,9.417306e-02,4.752472e-02,2.588971e-01,3.923696e-03,5.481596e-02
5.817494e-03,2.619972e-03,1.334701e-02,7.376181e-02,1.716032e-01,3.045832e-02,7.105888e-03,8.286601e-03,1.379503e-01,5.860896e-03,1.567888e-01,8.270083e-02,2.604889e-01,3.470821e-03,3.973915e-02
5.444400e-03,1.923122e-03,1.065836e-02,5.209216e-02,1.273218e-01,2.214189e-02,5.234502e-03,1.709182e-02,1.086026e-01,5.471692e-03,2.473977e-01,7.973282e-02,2.857711e-01,2.712915e-03,2.840319e-02
7.247518e-03,2.202961e-03,8.702219e-03,3.756668e-02,9.818013e-02,1.763684e-02,4.151336e-03,5.735802e-02,1.872083e-01,5.129544e-03,2.140352e-01,8.150189e-02,2.566244e-01,2.117739e-03,2.033720e-02
1.271413e-02,3.413783e-03,1.368764e-02,2.757049e-02,1.099742e-01,1.320821e-02,4.221685e-03,9.036623e-02,2.760264e-01,4.690186e-03,1.687108e-01,6.295583e-02,1.959746e-01,1.593933e-03,1.489194e-02
1.979209e-02,8.405922e-03,2.122219e-02,2.346450e-02,9.808178e-02,1.559263e-02,4.346769e-03,1.992412e-01,2.801916e-01,4.625632e-03,1.229695e-01,4.641681e-02,1.424213e-01,1.293826e-03,1.193422e-02
1.624894e-02,1.103579e-02,1.930146e-02,1.683679e-02,7.856943e-02,2.735636e-02,3.782073e-03,2.034669e-01,3.771760e-01,3.934200e-03,8.787122e-02,3.443827e-02,1.092246e-01,9.519333e-04,9.805927e-03
1.616472e-02,1.432920e-02,1.778164e-02,1.224056e-02,6.267960e-02,3.148261e-02,2.004986e-02,1.970465e-01,4.380798e-01,4.163238e-03,6.194621e-02,2.533725e-02,8.906592e-02,7.250464e-04,8.907757e-03
1.725007e-02,1.608554e-02,1.403881e-02,9.081980e-03,5.123724e-02,2.945031e-02,1.286232e-01,2.107576e-01,3.818678e-01,3.780413e-03,4.376392e-02,1.796653e-02,6.654712e-02,5.733588e-04,8.976029e-03
2.435341e-02,1.989371e-02,1.192963e-02,7.403357e-03,4.248727e-02,3.155124e-02,1.591246e-01,1.784752e-01,4.048777e-01,5.191164e-03,3.300135e-02,1.354886e-02,5.757487e-02,6.459116e-04,9.941630e-03
3.428442e-02,2.728922e-02,9.235997e-03,5.745990e-03,4.054548e-02,2.851441e-02,2.096289e-01,1.574905e-01,3.832046e-01,7.878104e-03,2.403319e-02,9.895043e-03,5.186685e-02,6.513527e-04,9.735852e-03
3.967921e-02,2.764983e-02,6.779212e-03,4.250809e-03,3.674424e-02,2.428693e-02,2.854181e-01,1.221181e-01,3.705519e-01,8.901426e-03,1.713526e-02,7.214101e-03,3.982498e-02,5.950048e-04,8.850760e-03
4.619272e-02,2.424122e-02,5.725221e-03,3.403346e-03,3.665211e-02,2.070988e-02,3.513801e-01,9.568512e-02,3.463073e-01,7.320836e-03,1.256186e-02,6.186731e-03,3.344639e-02,5.508115e-04,9.636339e-03
5.480974e-02,2.254036e-02,5.301998e-03,2.905655e-03,3.775246e-02,2.047041e-02,3.974963e-01,7.954950e-02,3.173718e-01,6.152261e-03,9.966150e-03,6.184718e-03,3.065888e-02,4.431498e-04,8.396597e-03
5.773897e-02,2.042904e-02,4.302435e-03,2.552985e-03,3.345671e-02,1.743676e-02,4.197621e-01,6.704584e-02,3.178741e-01,4.892971e-03,7.651817e-03,5.423006e-03,3.310880e-02,3.907713e-04,7.933717e-03
6.025697e-02,1.760380e-02,3.654538e-03,2.313493e-03,2.935608e-02,1.543150e-02,4.589051e-01,5.474982e-02,2.964075e-01,3.805728e-03,6.342631e-03,4.685540e-03,3.698567e-02,3.224582e-04,9.179253e-03
7.218579e-02,1.398163e-02,3.074396e-03,2.028566e-03,2.600128e-02,1.303203e-02,4.631199e-01,5.648970e-02,2.966145e-01,2.937788e-03,4.970005e-03,3.912413e-03,3.231231e-02,2.460325e-04,9.093590e-03
7.288571e-02,1.054432e-02,3.449704e-03,2.225552e-03,2.271883e-02,1.414293e-02,5.336656e-01,5.567252e-02,2.255468e-01,2.326993e-03,4.501033e-03,4.599180e-03,3.729413e-02,2.314298e-04,1.019529e-02
8.645168e-02,8.163934e-03,3.337550e-03,2.298584e-03,2.139433e-02,1.614974e-02,5.725372e-01,5.205473e-02,1.678246e-01,1.938957e-03,4.208331e-03,6.293105e-03,4.581194e-02,2.196349e-04,1.131570e-02
1.226483e-01,6.636339e-03,3.819955e-03,2.835769e-03,2.266711e-02,1.659919e-02,5.550287e-01,5.904726e-02,1.291963e-01,1.820482e-03,3.462709e-03,8.073873e-03,5.472302e-02,1.938729e-04,1.324708e-02
1.385122e-01,5.472655e-03,3.211445e-03,2.962226e-03,2.760909e-02,1.999982e-02,5.377380e-01,6.064591e-02,1.033774e-01,1.552831e-03,3.320840e-03,8.141420e-03,7.637687e-02,1.677186e-04,1.091154e-02
1.670796e-01,4.605799e-03,3.121481e-03,3.268386e-03,2.968145e-02,2.099860e-02,4.926785e-01,6.330827e-02,8.061150e-02,1.286643e-03,3.678982e-03,8.935494e-03,1.110255e-01,1.985779e-04,9.521203e-03
2.033243e-01,7.527948e-03,4.879788e-03,3.313418e-03,2.934223e-02,2.162385e-02,4.530397e-01,7.188182e-02,6.165292e-02,1.588570e-03,4.888917e-03,8.883050e-03,1.140681e-01,1.157563e-03,1.282780e-02
1.716190e-01,9.821638e-03,6.463794e-03,4.224331e-03,2.732056e-02,2.604952e-02,4.382856e-01,6.113174e-02,4.820899e-02,5.160889e-03,9.347054e-03,8.612689e-03,1.421553e-01,3.675486e-03,3.792352e-02
1.339283e-01,7.837891e-03,6.218643e-03,3.696137e-03,2.360221e-02,2.238620e-02,4.056412e-01,4.922340e-02,3.761635e-02,2.634202e-02,2.598490e-02,7.724523e-03,1.158092e-01,7.535155e-03,1.264539e-01
9.727293e-02,5.531227e-03,4.520221e-03,2.897898e-03,1.830981e-02,1.644854e-02,2.958793e-01,3.533677e-02,2.846054e-02,4.136270e-02,2.911057e-02,5.986778e-03,9.788239e-02,6.932999e-03,3.140673e-01
6.916618e-02,3.902200e-03,3.363378e-03,2.328356e-03,1.389901e-02,1.236701e-02,2.128879e-01,2.504292e-02,2.128376e-02,4.584210e-02,3.326569e-02,4.922199e-03,1.339068e-01,6.153623e-03,4.116688e-01
4.860856e-02,2.742390e-03,2.379809e-03,1.812508e-03,1.284479e-02,9.406146e-03,1.500564e-01,1.761867e-02,1.626635e-02,4.298429e-02,3.271272e-02,4.250735e-03,1.525039e-01,4.611165e-03,5.012016e-01
3.436774e-02,1.926914e-03,1.693393e-03,1.385961e-03,1.422154e-02,6.960194e-03,1.059588e-01,1.256489e-02,1.371361e-02,3.520922e-02,3.904496e-02,5.337579e-03,1.894929e-01,3.626427e-03,5.344959e-01
2.478592e-02,1.449873e-03,1.320145e-03,1.172021e-03,1.875704e-02,9.166455e-03,7.624437e-02,8.923296e-03,2.398665e-02,3.490902e-02,3.131355e-02,1.690985e-02,3.269086e-01,5.692541e-03,4.184606e-01
1.836826e-02,1.222020e-03,2.595949e-03,9.779710e-04,4.938426e-02,7.772488e-03,5.776433e-02,7.696808e-03,2.443518e-02,3.001819e-02,3.304192e-02,2.652080e-02,3.428027e-01,7.040323e-03,3.903588e-01
1.350212e-02,1.396387e-03,5.438957e-03,1.352456e-03,4.759463e-02,1.054199e-02,4.295404e-02,6.098611e-03,2.921172e-02,2.991870e-02,2.674991e-02,4.374031e-02,4.365253e-01,1.197906e-02,2.929958e-01
1.262465e-02,1.603358e-03,6.675264e-03,1.613273e-03,4.215202e-02,1.583976e-02,3.098936e-02,7.097980e-03,2.964590e-02,3.433180e-02,4.015648e-02,5.957595e-02,4.830911e-01,1.441787e-02,2.201851e-01
1.375360e-02,1.858937e-03,7.654323e-03,2.493798e-03,5.809244e-02,1.843178e-02,2.807694e-02,1.180041e-02,3.659803e-02,4.742125e-02,4.879936e-02,8.670770e-02,4.400040e-01,1.247502e-02,1.858324e-01
3.044138e-02,3.671397e-03,8.215147e-03,2.127405e-02,5.466098e-02,2.472991e-02,2.024948e-02,3.033446e-02,5.637122e-02,4.379976e-02,5.026909e-02,7.110334e-02,4.409329e-01,1.180814e-02,1.321387e-01
3.590372e-02,3.284708e-03,1.040810e-02,2.706454e-02,6.245022e-02,2.875560e-02,1.540047e-02,6.665550e-02,4.812355e-02,3.546885e-02,5.301578e-02,5.877857e-02,4.438325e-01,9.827169e-03,1.010307e-01
3.655745e-02,2.479762e-03,9.047601e-03,2.386078e-02,5.891563e-02,2.225223e-02,1.371651e-02,2.394758e-01,3.681715e-02,2.728684e-02,4.733241e-02,4.475523e-02,3.538275e-01,8.203869e-03,7.547130e-02
4.037687e-02,1.926608e-03,8.644175e-03,1.945369e-02,4.557230e-02,2.106166e-02,1.217085e-02,2.997122e-01,2.783240e-02,1.986391e-02,3.697937e-02,4.499237e-02,3.623193e-01,5.970466e-03,5.312390e-02
5.049966e-02,1.864407e-03,7.289935e-03,1.635961e-02,3.760412e-02,3.054542e-02,1.016322e-02,3.478866e-01,2.493140e-02,1.421964e-02,2.827867e-02,4.042835e-02,3.472627e-01,4.404045e-03,3.826226e-02
8.344552e-02,7.957673e-03,7.489414e-03,1.904731e-02,4.280161e-02,3.744549e-02,9.298014e-03,3.085372e-01,3.178358e-02,1.069710e-02,2.329279e-02,3.830580e-02,3.463775e-01,3.647472e-03,2.987349e-02
6.834789e-02,5.984212e-03,1.271370e-02,3.951766e-02,3.857799e-02,3.056238e-02,9.103825e-03,4.204420e-01,2.371428e-02,7.608371e-03,1.678463e-02,2.785645e-02,2.745945e-01,2.609417e-03,2.158264e-02
6.223084e-02,4.778639e-03,1.852920e-02,4.808237e-02,3.072117e-02,3.157420e-02,1.007297e-02,5.087291e-01,1.738227e-02,5.678557e-03,1.231349e-02,2.155839e-02,2.104579e-01,2.118918e-03,1.577192e-02
5.800974e-02,4.173691e-03,2.310039e-02,4.471214e-02,2.480990e-02,3.421055e-02,9.947429e-03,5.810659e-01,1.302643e-02,5.262901e-03,9.998272e-03,1.812896e-02,1.599170e-01,1.746207e-03,1.189045e-02
5.543774e-02,3.570705e-03,2.362764e-02,3.733278e-02,2.138582e-02,2.844158e-02,7.867835e-03,6.602353e-01,1.005621e-02,4.398075e-03,7.721317e-03,1.475408e-02,1.145340e-01,1.436235e-03,9.200788e-03
4.410142e-02,2.765281e-03,1.936385e-02,3.087408e-02,1.927164e-02,2.203854e-02,7.178089e-03,7.352810e-01,7.716002e-03,4.548762e-03,6.142088e-03,1.130502e-02,8.102755e-02,1.089922e-03,7.296820e-03
5.602488e-02,3.017420e-03,1.605298e-02,2.610984e-02,2.486918e-02,2.375119e-02,6.607895e-03,7.431955e-01,7.521113e-03,6.403830e-03,5.775667e-03,1.070599e-02,5.831520e-02,1.029138e-03,1.062014e-02
8.028258e-02,5.527358e-03,1.773011e-02,2.653263e-02,2.907426e-02,1.075651e-01,6.317949e-03,6.177188e-01,8.886063e-03,9.532987e-03,8.760436e-03,1.484817e-02,4.436677e-02,1.852751e-03,2.100402e-02
9.402606e-02,5.167495e-03,1.441602e-02,2.255140e-02,2.284882e-02,2.348149e-01,4.975421e-03,4.785372e-01,8.036518e-03,9.874100e-03,3.437800e-02,1.894526e-02,3.193012e-02,1.985124e-03,1.751351e-02
1.326039e-01,4.362551e-03,1.211647e-02,1.919911e-02,1.803171e-02,2.947848e-01,4.054562e-03,3.832694e-01,7.197130e-03,7.345451e-03,5.578711e-02,2.217102e-02,2.364519e-02,2.025146e-03,1.340652e-02
1.285156e-01,6.136946e-03,1.430732e-02,2.152482e-02,1.700197e-02,3.715746e-01,5.210855e-03,3.081377e-01,1.099042e-02,5.963861e-03,5.723934e-02,1.975908e-02,1.812587e-02,3.487790e-03,1.202381e-02
9.317379e-02,4.826076e-03,1.055316e-02,1.522083e-02,1.305008e-02,4.638391e-01,4.172311e-03,2.188692e-01,8.178559e-03,5.872738e-03,1.122020e-01,1.909363e-02,1.325281e-02,8.310125e-03,9.385653e-03
6.652144e-02,3.516980e-03,7.563892e-03,1.067370e-02,1.007900e-02,5.247493e-01,3.168531e-03,1.546367e-01,5.780202e-03,4.492912e-03,1.688091e-01,1.495439e-02,9.698015e-03,8.595651e-03,6.760143e-03
4.689109e-02,2.486533e-03,5.412212e-03,7.491785e-03,7.188475e-03,4.841631e-01,2.335455e-03,1.084261e-01,4.088204e-03,3.411403e-03,2.877281e-01,1.858144e-02,7.349651e-03,9.625919e-03,4.820512e-03
3.290827e-02,1.758682e-03,3.829230e-03,5.257546e-03,5.073659e-03,3.675995e-01,1.690382e-03,7.594129e-02,2.935622e-03,2.555815e-03,4.591426e-01,2.057038e-02,5.631164e-03,1.168042e-02,3.425517e-03
2.320678e-02,2.055783e-03,2.942227e-03,3.706480e-03,3.670337e-03,2.635799e-01,1.224637e-03,5.321364e-02,3.149980e-03,2.402999e-03,5.306866e-01,3.270328e-02,4.427675e-03,6.869996e-02,4.329806e-03
1.627901e-02,2.873067e-03,2.109444e-03,2.603539e-03,2.611581e-03,1.860881e-01,8.677469e-04,3.726901e-02,3.773122e-03,2.290060e-03,5.438684e-01,4.930326e-02,3.255932e-03,1.430271e-01,3.780651e-03
1.141400e-02,8.610650e-03,1.542234e-03,1.825636e-03,1.859947e-03,1.409176e-01,6.115602e-04,2.610976e-02,5.401688e-03,1.972627e-03,5.414024e-01,6.471573e-02,2.376896e-03,1.875019e-01,3.737396e-03
8.164681e-03,3.288313e-02,8.712903e-03,1.496034e-03,1.515150e-03,1.138420e-01,8.507652e-04,2.320342e-02,1.948394e-02,3.310681e-03,5.306580e-01,9.264245e-02,1.746455e-03,1.585594e-01,2.931106e-03
5.808454e-03,3.428006e-02,6.501568e-03,1.082756e-03,1.224675e-03,8.891554e-02,6.592745e-04,1.679707e-02,4.315762e-02,2.745360e-03,5.206004e-01,1.257676e-01,1.319672e-03,1.488890e-01,2.251033e-03
4.821981e-03,6.526332e-02,1.900304e-02,1.350989e-03,1.827645e-03,9.737021e-02,9.082743e-04,5.271463e-02,7.442605e-02,2.590442e-03,4.609357e-01,9.604217e-02,1.046346e-03,1.200704e-01,1.628914e-03
3.480463e-03,7.312845e-02,1.684722e-02,1.075500e-03,1.586588e-03,8.308966e-02,7.691982e-04,4.062310e-02,9.181493e-02,2.584538e-03,4.889784e-01,8.595186e-02,7.701174e-04,1.081199e-01,1.180087e-03
2.768414e-03,7.754978e-02,1.751125e-02,8.912620e-04,1.611707e-03,8.797286e-02,6.816236e-04,4.205171e-02,1.089642e-01,4.315696e-03,4.618607e-01,8.442108e-02,6.648172e-04,1.077257e-01,1.009135e-03
2.901300e-03,1.021485e-01,2.010257e-02,8.426226e-04,2.008881e-03,6.827705e-02,5.279214e-04,3.232579e-02,1.424513e-01,8.188223e-03,4.289491e-01,7.016908e-02,7.244594e-04,1.189810e-01,1.402250e-03
3.307074e-03,1.263636e-01,2.123479e-02,8.930342e-04,4.396513e-03,5.332169e-02,3.911076e-04,2.483036e-02,1.972273e-01,8.871075e-03,3.904068e-01,5.287996e-02,6.994996e-04,1.135509e-01,1.626301e-03
5.857941e-03,1.401316e-01,2.218262e-02,1.916980e-03,9.064993e-03,4.627278e-02,3.130055e-04,2.892229e-02,2.006032e-01,7.687701e-03,3.854431e-01,3.894363e-02,1.066211e-03,1.099448e-01,1.649049e-03
1.040199e-02,1.300270e-01,2.191709e-02,2.329653e-03,1.441070e-02,3.482006e-02,2.550936e-04,2.336450e-02,2.422063e-01,6.713801e-03,3.630254e-01,2.820794e-02,8.510209e-04,1.197743e-01,1.695132e-03
1.477640e-02,1.165874e-01,3.425046e-02,8.012980e-03,2.006585e-02,2.913946e-02,2.353432e-04,3.539718e-02,2.811831e-01,5.792713e-03,3.189290e-01,2.012612e-02,7.405371e-04,1.130348e-01,1.728672e-03
2.296053e-02,9.209460e-02,3.935159e-02,8.800983e-03,2.034804e-02,2.631284e-02,2.001313e-04,3.201901e-02,3.206437e-01,4.891051e-03,3.075848e-01,1.425991e-02,5.855043e-04,1.081459e-01,1.801506e-03
2.105213e-02,7.885968e-02,3.742781e-02,7.424755e-03,1.847370e-02,3.011628e-02,1.581591e-04,2.586565e-02,3.899441e-01,3.947262e-03,2.836193e-01,1.006346e-02,4.773814e-04,9.101152e-02,1.558843e-03
2.895318e-02,6.300812e-02,6.692924e-02,1.561511e-02,2.911674e-02,2.448074e-02,2.270804e-04,3.549247e-02,4.008810e-01,4.700464e-03,2.509299e-01,7.182741e-03,4.151094e-04,6.996436e-02,2.103845e-03
3.321722e-02,5.949119e-02,1.338205e-01,2.139892e-02,2.818138e-02,2.546003e-02,1.922272e-04,5.573631e-02,3.649925e-01,4.799281e-03,2.092272e-01,5.147978e-03,3.422203e-04,5.435844e-02,3.634617e-03
3.279354e-02,5.045789e-02,1.093469e-01,1.854301e-02,2.094133e-02,5.311433e-02,1.594316e-04,4.757478e-02,4.160319e-01,5.434581e-03,1.838395e-01,3.670620e-03,2.908264e-04,5.438786e-02,3.413548e-03
3.561907e-02,4.201709e-02,9.201667e-02,2.078123e-02,1.670495e-02,4.713337e-02,1.801513e-04,6.643341e-02,3.977720e-01,5.534213e-03,2.186691e-01,2.669199e-03,2.584968e-04,5.063966e-02,3.571454e-03
3.541457e-02,3.147198e-02,7.006283e-02,1.660991e-02,1.245876e-02,3.999743e-02,1.443667e-04,6.201997e-02,4.391012e-01,5.062380e-03,2.265945e-01,1.906081e-03,2.142331e-04,5.577230e-02,3.169499e-03
3.547497e-02,2.361090e-02,5.105742e-02,1.244200e-02,9.215183e-03,5.508063e-02,1.574306e-04,4.744964e-02,4.701863e-01,4.384329e-03,2.264958e-01,1.409800e-03,2.247393e-04,5.982240e-02,2.988433e-03
3.993143e-02,1.935618e-02,3.770297e-02,9.380098e-03,6.992461e-03,4.906285e-02,1.519144e-04,4.742727e-02,4.595042e-01,3.980091e-03,2.460750e-01,1.054034e-03,2.235343e-04,7.607862e-02,3.079412e-03
4.282533e-02,1.500272e-02,2.791422e-02,6.949473e-03,5.171223e-03,3.880795e-02,1.294554e-04,3.618306e-02,4.129956e-01,3.851112e-03,3.223527e-01,8.810094e-04,2.023387e-04,8.353432e-02,3.199517e-03
6.276838e-02,1.560947e-02,2.095718e-02,5.865088e-03,4.993321e-03,3.524391e-02,2.591900e-04,3.171361e-02,3.777078e-01,3.239259e-03,3.066688e-01,8.131712e-04,3.547109e-04,1.294600e-01,4.346100e-03
8.591756e-02,1.486953e-02,1.567541e-02,5.597341e-03,5.311174e-03,3.312900e-02,3.587477e-04,2.786389e-02,3.586004e-01,2.666100e-03,3.092126e-01,1.013672e-03,5.667247e-04,1.334833e-01,5.734574e-03
1.479202e-01,1.742143e-02,1.544726e-02,1.016305e-02,1.386726e-02,4.317490e-02,9.951630e-04,2.367487e-02,2.858712e-01,2.095603e-03,2.927455e-01,5.439693e-03,2.021180e-03,1.319348e-01,7.227883e-03
1.684220e-01,4.487729e-02,2.668304e-02,1.420139e-02,1.943786e-02,3.683210e-02,1.914416e-03,6.774251e-02,2.370780e-01,2.448421e-03,2.436440e-01,6.085490e-03,2.610322e-03,1.131855e-01,1.483768e-02
1.419182e-01,1.237356e-01,3.792151e-02,3.709524e-02,1.572618e-02,3.055564e-02,1.741864e-03,5.372409e-02,1.743080e-01,4.209619e-03,1.788469e-01,2.159144e-02,1.406106e-02,8.810896e-02,7.645576e-02
9.943546e-02,1.414876e-01,3.071226e-02,2.767035e-02,1.103412e-02,2.148787e-02,1.221766e-03,3.766809e-02,1.503520e-01,8.172654e-03,1.782904e-01,2.537290e-02,1.486803e-02,6.279837e-02,1.894283e-01
7.016832e-02,1.326353e-01,3.268506e-02,2.415748e-02,8.176139e-03,1.602522e-02,9.162451e-04,2.688459e-02,1.167647e-01,1.225709e-02,1.998144e-01,2.786379e-02,2.693021e-02,1.675397e-01,1.371818e-01
4.919204e-02,9.762202e-02,2.691079e-02,1.727556e-02,5.885159e-03,1.140800e-02,6.586724e-04,1.902106e-02,8.841940e-02,9.683611e-03,1.768414e-01,2.710047e-02,2.484865e-02,3.433065e-01,1.018266e-01
3.447887e-02,6.859766e-02,1.895261e-02,1.229381e-02,5.000358e-03,8.081360e-03,4.777733e-04,1.345043e-02,7.606384e-02,7.377285e-03,1.608280e-01,1.998398e-02,1.820654e-02,4.758200e-01,8.038744e-02
2.416175e-02,4.880735e-02,1.329225e-02,8.817950e-03,4.111062e-03,5.983402e-03,3.461535e-04,9.455039e-03,6.787693e-02,5.427147e-03,1.271344e-01,1.448136e-02,1.285042e-02,5.999030e-01,5.735173e-02
1.695082e-02,3.691471e-02,9.358291e-03,6.355039e-03,3.068973e-03,1.140865e-02,2.637060e-04,6.749844e-03,6.269219e-02,4.012332e-03,1.379970e-01,1.049167e-02,9.066976e-03,6.428334e-01,4.183637e-02
1.193344e-02,2.755347e-02,6.623342e-03,4.908860e-03,2.372090e-03,1.210098e-02,1.950154e-04,4.827748e-03,5.422346e-02,3.089406e-03,1.586032e-01,7.725412e-03,6.481430e-03,6.690736e-01,3.028854e-02
