1.000000e+00,0.000000e+00,0.000000e+00,0.000000e+00,0.000000e+00,0.000000e+00,0.000000e+00,0.000000e+00,0.000000e+00,0.000000e+00,0.000000e+00,0.000000e+00,0.000000e+00,0.000000e+00,0.000000e+00
1.000000e+00,0.000000e+00,0.000000e+00,0.000000e+00,0.000000e+00,0.000000e+00,0.000000e+00,0.000000e+00,0.000000e+00,0.000000e+00,0.000000e+00,0.000000e+00,0.000000e+00,0.000000e+00,0.000000e+00
1.000000e+00,0.000000e+00,0.000000e+00,0.000000e+00,0.000000e+00,0.000000e+00,0.000000e+00,0.000000e+00,0.000000e+00,0.000000e+00,0.000000e+00,0.000000e+00,0.000000e+00,0.000000e+00,0.000000e+00
1.000000e+00,0.000000e+00,0.000000e+00,0.000000e+00,0.000000e+00,0.000000e+00,0.000000e+00,0.000000e+00,0.000000e+00,0.000000e+00,0.000000e+00,0.000000e+00,0.000000e+00,0.000000e+00,0.000000e+00
1.000000e+00,0.000000e+00,0.000000e+00,0.000000e+00,0.000000e+00,0.000000e+00,0.000000e+00,0.000000e+00,0.000000e+00,0.000000e+00,0.000000e+00,0.000000e+00,0.000000e+00,0.000000e+00,0.000000e+00
1.000000e+00,0.000000e+00,0.000000e+00,0.000000e+00,0.000000e+00,0.000000e+00,0.000000e+00,0.000000e+00,0.000000e+00,0.000000e+00,0.000000e+00,0.000000e+00,0.000000e+00,0.000000e+00,0.000000e+00
1.000000e+00,0.000000e+00,0.000000e+00,0.000000e+00,0.000000e+00,0.000000e+00,0.000000e+00,0.000000e+00,0.000000e+00,0.000000e+00,0.000000e+00,0.000000e+00,0.000000e+00,0.000000e+00,0.000000e+00
1.000000e+00,0.000000e+00,0.000000e+00,0.000000e+00,0.000000e+00,0.000000e+00,0.000000e+00,0.000000e+00,0.000000e+00,0.000000e+00,0.000000e+00,0.000000e+00,0.000000e+00,0.000000e+00,0.000000e+00
1.000000e+00,0.000000e+00,0.000000e+00,0.000000e+00,0.000000e+00,0.000000e+00,0.000000e+00,0.000000e+00,0.000000e+00,0.000000e+00,0.000000e+00,0.000000e+00,0.000000e+00,0.000000e+00,0.000000e+00
1.000000e+00,0.000000e+00,0.000000e+00,0.000000e+00,0.000000e+00,0.000000e+00,0.000000e+00,0.000000e+00,0.000000e+00,0.000000e+00,0.000000e+00,0.000000e+00,0.000000e+00,0.000000e+00,0.000000e+00
1.000000e+00,0.000000e+00,0.000000e+00,0.000000e+00,0.000000e+00,0.000000e+00,0.000000e+00,0.000000e+00,0.000000e+00,0.000000e+00,0.000000e+00,0.000000e+00,0.000000e+00,0.000000e+00,0.000000e+00
1.000000e+00,0.000000e+00,0.000000e+00,0.000000e+00,0.000000e+00,0.000000e+00,0.000000e+00,0.000000e+00,0.000000e+00,0.000000e+00,0.000000e+00,0.000000e+00,0.000000e+00,0.000000e+00,0.000000e+00
1.000000e+00,0.000000e+00,0.000000e+00,0.000000e+00,0.000000e+00,0.000000e+00,0.000000e+00,0.000000e+00,0.000000e+00,0.000000e+00,0.000000e+00,0.000000e+00,0.000000e+00,0.000000e+00,0.000000e+00
1.000000e+00,0.000000e+00,0.000000e+00,0.000000e+00,0.000000e+00,0.000000e+00,0.000000e+00,0.000000e+00,0.000000e+00,0.000000e+00,0.000000e+00,0.000000e+00,0.000000e+00,0.000000e+00,0.000000e+00
1.000000e+00,0.000000e+00,0.000000e+00,0.000000e+00,0.000000e+00,0.000000e+00,0.000000e+00,0.000000e+00,0.000000e+00,0.000000e+00,0.000000e+00,0.000000e+00,0.000000e+00,0.000000e+00,0.000000e+00
1.000000e+00,0.000000e+00,0.000000e+00,0.000000e+00,0.000000e+00,0.000000e+00,0.000000e+00,0.000000e+00,0.000000e+00,0.000000e+00,0.000000e+00,0.000000e+00,0.000000e+00,0.000000e+00,0.000000e+00
1.000000e+00,0.000000e+00,0.000000e+00,0.000000e+00,0.000000e+00,0.000000e+00,0.000000e+00,0.000000e+00,0.000000e+00,0.000000e+00,0.000000e+00,0.000000e+00,0.000000e+00,0.000000e+00,0.000000e+00
1.000000e+00,0.000000e+00,0.000000e+00,0.000000e+00,0.000000e+00,0.000000e+00,0.000000e+00,0.000000e+00,0.000000e+00,0.000000e+00,0.000000e+00,0.000000e+00,0.000000e+00,0.000000e+00,0.000000e+00
1.000000e+00,0.000000e+00,0.000000e+00,0.000000e+00,0.000000e+00,0.000000e+00,0.000000e+00,0.000000e+00,0.000000e+00,0.000000e+00,0.000000e+00,0.000000e+00,0.000000e+00,0.000000e+00,0.000000e+00
1.000000e+00,0.000000e+00,0.000000e+00,0.000000e+00,0.000000e+00,0.000000e+00,0.000000e+00,0.000000e+00,0.000000e+00,0.000000e+00,0.000000e+00,0.000000e+00,0.000000e+00,0.000000e+00,0.000000e+00
1.000000e+00,0.000000e+00,0.000000e+00,0.000000e+00,0.000000e+00,0.000000e+00,0.000000e+00,0.000000e+00,0.000000e+00,0.000000e+00,0.000000e+00,0.000000e+00,0.000000e+00,0.000000e+00,0.000000e+00
1.000000e+00,0.000000e+00,0.000000e+00,0.000000e+00,0.000000e+00,0.000000e+00,0.000000e+00,0.000000e+00,0.000000e+00,0.000000e+00,0.000000e+00,0.000000e+00,0.000000e+00,0.000000e+00,0.000000e+00
1.000000e+00,0.000000e+00,0.000000e+00,0.000000e+00,0.000000e+00,0.000000e+00,0.000000e+00,0.000000e+00,0.000000e+00,0.000000e+00,0.000000e+00,0.000000e+00,0.000000e+00,0.000000e+00,0.000000e+00
1.000000e+00,0.000000e+00,0.000000e+00,0.000000e+00,0.000000e+00,0.000000e+00,0.000000e+00,0.000000e+00,0.000000e+00,0.000000e+00,0.000000e+00,0.000000e+00,0.000000e+00,0.000000e+00,0.000000e+00
1.000000e+00,0.000000e+00,0.000000e+00,0.000000e+00,0.000000e+00,0.000000e+00,0.000000e+00,0.000000e+00,0.000000e+00,0.000000e+00,0.000000e+00,0.000000e+00,0.000000e+00,0.000000e+00,0.000000e+00
1.000000e+00,0.000000e+00,0.000000e+00,0.000000e+00,0.000000e+00,0.000000e+00,0.000000e+00,0.000000e+00,0.000000e+00,0.000000e+00,0.000000e+00,0.000000e+00,0.000000e+00,0.000000e+00,0.000000e+00
1.000000e+00,0.000000e+00,0.000000e+00,0.000000e+00,0.000000e+00,0.000000e+00,0.000000e+00,0.000000e+00,0.000000e+00,0.000000e+00,0.000000e+00,0.000000e+00,0.000000e+00,0.000000e+00,0.000000e+00
1.000000e+00,0.000000e+00,0.000000e+00,0.000000e+00,0.000000e+00,0.000000e+00,0.000000e+00,0.000000e+00,0.000000e+00,0.000000e+00,0.000000e+00,0.000000e+00,0.000000e+00,0.000000e+00,0.000000e+00
1.000000e+00,0.000000e+00,0.000000e+00,0.000000e+00,0.000000e+00,0.000000e+00,0.000000e+00,0.000000e+00,0.000000e+00,0.000000e+00,0.000000e+00,0.000000e+00,0.000000e+00,0.000000e+00,0.000000e+00
1.000000e+00,0.000000e+00,0.000000e+00,0.000000e+00,0.000000e+00,0.000000e+00,0.000000e+00,0.000000e+00,0.000000e+00,0.000000e+00,0.000000e+00,0.000000e+00,0.000000e+00,0.000000e+00,0.000000e+00
1.000000e+00,0.000000e+00,0.000000e+00,0.000000e+00,0.000000e+00,0.000000e+00,0.000000e+00,0.000000e+00,0.000000e+00,0.000000e+00,0.000000e+00,0.000000e+00,0.000000e+00,0.000000e+00,0.000000e+00
1.000000e+00,0.000000e+00,0.000000e+00,0.000000e+00,0.000000e+00,0.000000e+00,0.000000e+00,0.000000e+00,0.000000e+00,0.000000e+00,0.000000e+00,0.000000e+00,0.000000e+00,0.000000e+00,0.000000e+00
1.000000e+00,0.000000e+00,0.000000e+00,0.000000e+00,0.000000e+00,0.000000e+00,0.000000e+00,0.000000e+00,0.000000e+00,0.000000e+00,0.000000e+00,0.000000e+00,0.000000e+00,0.000000e+00,0.000000e+00
1.000000e+00,0.000000e+00,0.000000e+00,0.000000e+00,0.000000e+00,0.000000e+00,0.000000e+00,0.000000e+00,0.000000e+00,0.000000e+00,0.000000e+00,0.000000e+00,0.000000e+00,0.000000e+00,0.000000e+00
1.000000e+00,0.000000e+00,0.000000e+00,0.000000e+00,0.000000e+00,0.000000e+00,0.000000e+00,0.000000e+00,0.000000e+00,0.000000e+00,0.000000e+00,0.000000e+00,0.000000e+00,0.000000e+00,0.000000e+00
1.000000e+00,0.000000e+00,0.000000e+00,0.000000e+00,0.000000e+00,0.000000e+00,0.000000e+00,0.000000e+00,0.000000e+00,0.000000e+00,0.000000e+00,0.000000e+00,0.000000e+00,0.000000e+00,0.000000e+00
1.000000e+00,0.000000e+00,0.000000e+00,0.000000e+00,0.000000e+00,0.000000e+00,0.000000e+00,0.000000e+00,0.000000e+00,0.000000e+00,0.000000e+00,0.000000e+00,0.000000e+00,0.000000e+00,0.000000e+00
1.000000e+00,0.000000e+00,0.000000e+00,0.000000e+00,0.000000e+00,0.000000e+00,0.000000e+00,0.000000e+00,0.000000e+00,0.000000e+00,0.000000e+00,0.000000e+00,0.000000e+00,0.000000e+00,0.000000e+00
1.000000e+00,0.000000e+00,0.000000e+00,0.000000e+00,0.000000e+00,0.000000e+00,0.000000e+00,0.000000e+00,0.000000e+00,0.000000e+00,0.000000e+00,0.000000e+00,0.000000e+00,0.000000e+00,0.000000e+00
1.000000e+00,0.000000e+00,0.000000e+00,0.000000e+00,0.000000e+00,0.000000e+00,0.000000e+00,0.000000e+00,0.000000e+00,0.000000e+00,0.000000e+00,0.000000e+00,0.000000e+00,0.000000e+00,0.000000e+00
1.000000e+00,0.000000e+00,0.000000e+00,0.000000e+00,0.000000e+00,0.000000e+00,0.000000e+00,0.000000e+00,0.000000e+00,0.000000e+00,0.000000e+00,0.000000e+00,0.000000e+00,0.000000e+00,0.000000e+00
1.000000e+00,0.000000e+00,0.000000e+00,0.000000e+00,0.000000e+00,0.000000e+00,0.000000e+00,0.000000e+00,0.000000e+00,0.000000e+00,0.000000e+00,0.000000e+00,0.000000e+00,0.000000e+00,0.000000e+00
1.000000e+00,0.000000e+00,0.000000e+00,0.000000e+00,0.000000e+00,0.000000e+00,0.000000e+00,0.000000e+00,0.000000e+00,0.000000e+00,0.000000e+00,0.000000e+00,0.000000e+00,0.000000e+00,0.000000e+00
1.000000e+00,0.000000e+00,0.000000e+00,0.000000e+00,0.000000e+00,0.000000e+00,0.000000e+00,0.000000e+00,0.000000e+00,0.000000e+00,0.000000e+00,0.000000e+00,0.000000e+00,0.000000e+00,0.000000e+00
1.000000e+00,0.000000e+00,0.000000e+00,0.000000e+00,0.000000e+00,0.000000e+00,0.000000e+00,0.000000e+00,0.000000e+00,0.000000e+00,0.000000e+00,0.000000e+00,0.000000e+00,0.000000e+00,0.000000e+00
1.000000e+00,0.000000e+00,0.000000e+00,0.000000e+00,0.000000e+00,0.000000e+00,0.000000e+00,0.000000e+00,0.000000e+00,0.000000e+00,0.000000e+00,0.000000e+00,0.000000e+00,0.000000e+00,0.000000e+00
1.000000e+00,0.000000e+00,0.000000e+00,0.000000e+00,0.000000e+00,0.000000e+00,0.000000e+00,0.000000e+00,0.000000e+00,0.000000e+00,0.000000e+00,0.000000e+00,0.000000e+00,0.000000e+00,0.000000e+00
1.000000e+00,0.000000e+00,0.000000e+00,0.000000e+00,0.000000e+00,0.000000e+00,0.000000e+00,0.000000e+00,0.000000e+00,0.000000e+00,0.000000e+00,0.000000e+00,0.000000e+00,0.000000e+00,0.000000e+00
1.000000e+00,0.000000e+00,0.000000e+00,0.000000e+00,0.000000e+00,0.000000e+00,0.000000e+00,0.000000e+00,0.000000e+00,0.000000e+00,0.000000e+00,0.000000e+00,0.000000e+00,0.000000e+00,0.000000e+00
4.502224e-01,2.061190e-02,5.187546e-02,9.012046e-02,7.463434e-03,3.530986e-02,1.278302e-02,2.155416e-01,6.566016e-03,1.312513e-03,1.543332e-02,5.464379e-02,1.900754e-02,3.086016e-03,1.602268e-02
3.363684e-01,1.467167e-02,3.965465e-02,6.501127e-02,5.505152e-03,2.704066e-02,1.111847e-02,4.170491e-01,4.668925e-03,9.670513e-04,1.118498e-02,3.886050e-02,1.401780e-02,2.376452e-03,1.150492e-02
2.592567e-01,1.044759e-02,3.004102e-02,4.722977e-02,4.022871e-03,2.107213e-02,1.028057e-02,5.562888e-01,3.322017e-03,7.298073e-04,8.181754e-03,2.817948e-02,1.075340e-02,1.897365e-03,8.296744e-03
2.132614e-01,7.512884e-03,2.360796e-02,3.427930e-02,3.015610e-03,1.682767e-02,9.401988e-03,6.454569e-01,2.401490e-03,5.702811e-04,6.157198e-03,2.101997e-02,8.707807e-03,1.649172e-03,6.130331e-03
1.577493e-01,5.325804e-03,1.752210e-02,2.454538e-02,2.243691e-03,1.247247e-02,7.501225e-03,7.390972e-01,1.701335e-03,4.106657e-04,4.432510e-03,1.497338e-02,6.412744e-03,1.253084e-03,4.359031e-03
1.160267e-01,3.777781e-03,1.260553e-02,1.750391e-02,1.846464e-03,8.986186e-03,6.380750e-03,8.089592e-01,1.204470e-03,2.974935e-04,3.177819e-03,1.053892e-02,4.675286e-03,9.293990e-04,3.090030e-03
8.223715e-02,2.666582e-03,9.082534e-03,1.235705e-02,1.571439e-03,6.359043e-03,5.539251e-03,8.631830e-01,8.477222e-04,2.138821e-04,2.250694e-03,7.414220e-03,3.427296e-03,6.711178e-04,2.179002e-03
5.824094e-02,1.883221e-03,6.549482e-03,8.755761e-03,1.528491e-03,4.505387e-03,4.638765e-03,9.017446e-01,5.991422e-04,1.586494e-04,1.602622e-03,5.223426e-03,2.543989e-03,4.841436e-04,1.541335e-03
4.223558e-02,1.342281e-03,4.774169e-03,6.222706e-03,2.316792e-03,3.219984e-03,4.329834e-03,9.267011e-01,4.275166e-04,1.300516e-04,1.155366e-03,3.708566e-03,1.987031e-03,3.508832e-04,1.098152e-03
3.130791e-02,9.653061e-04,3.490971e-03,4.423466e-03,3.507141e-03,2.311376e-03,3.628674e-03,9.439013e-01,3.042364e-04,1.063735e-04,8.333084e-04,2.640205e-03,1.545944e-03,2.522164e-04,7.815776e-04
2.373206e-02,6.972267e-04,2.574191e-03,3.137933e-03,3.500782e-03,1.738334e-03,3.389350e-03,9.560229e-01,2.226660e-04,1.036324e-04,6.286826e-04,2.007416e-03,1.479231e-03,1.850878e-04,5.805360e-04
1.929531e-02,5.121783e-04,1.899015e-03,2.263115e-03,4.608985e-03,1.275652e-03,3.202928e-03,9.629616e-01,1.661191e-04,9.425200e-05,4.687996e-04,1.471637e-03,1.205752e-03,1.385209e-04,4.361971e-04
1.604015e-02,3.730808e-04,1.437308e-03,1.652328e-03,4.486679e-03,9.857200e-04,3.256705e-03,9.684600e-01,1.238008e-04,8.449439e-05,3.617173e-04,1.165683e-03,1.133922e-03,1.053923e-04,3.331334e-04
1.483907e-02,2.868620e-04,1.124630e-03,1.225619e-03,4.414578e-03,1.782801e-03,4.335132e-03,9.684104e-01,1.114162e-04,1.280443e-04,3.192030e-04,1.033618e-03,1.565766e-03,9.118154e-05,3.317495e-04
1.316222e-02,2.173255e-04,8.442709e-04,8.986900e-04,3.902880e-03,1.861457e-03,3.643103e-03,9.700907e-01,1.107984e-04,1.365267e-04,3.311327e-04,1.084105e-03,3.333677e-03,8.137294e-05,3.017691e-04
9.803946e-03,1.781554e-04,6.210566e-04,7.009349e-04,2.818245e-03,1.368586e-03,2.609048e-03,7.923240e-01,3.317127e-04,1.170897e-02,6.517178e-02,1.766946e-02,3.707275e-02,5.708314e-02,5.382501e-04
6.934294e-03,1.327139e-04,4.378597e-04,5.712428e-04,1.992334e-03,9.776291e-04,1.839180e-03,5.649870e-01,2.584338e-04,2.559770e-02,6.540240e-02,2.320339e-02,3.489475e-02,2.720766e-01,6.945497e-04
5.007962e-03,1.045339e-04,3.115346e-04,4.560722e-04,1.540329e-03,7.055849e-04,1.347817e-03,4.050601e-01,2.340011e-04,1.946631e-02,2.476061e-01,5.943244e-02,2.604459e-02,2.321502e-01,5.325055e-04
3.549890e-03,7.980062e-05,2.205567e-04,3.633762e-04,1.154548e-03,5.065121e-04,9.516065e-04,2.837456e-01,2.072121e-04,1.590424e-02,4.047163e-01,9.014660e-02,1.844271e-02,1.796328e-01,3.782692e-04
2.597915e-03,7.140368e-05,1.661435e-04,3.788910e-04,1.117836e-03,4.309797e-04,7.059601e-04,1.990236e-01,3.444722e-04,1.306396e-02,5.015961e-01,1.279651e-01,1.315863e-02,1.390809e-01,2.981492e-04
1.917175e-03,6.016259e-05,1.291576e-04,3.778183e-04,1.120721e-03,3.937920e-04,5.357767e-04,1.394442e-01,5.753570e-04,1.734038e-02,5.527329e-01,1.639959e-01,9.495202e-03,1.116610e-01,2.203910e-04
1.468214e-03,6.770484e-05,1.151409e-04,2.889912e-04,1.132127e-03,3.773602e-04,4.341207e-04,9.767099e-02,6.888091e-04,2.080148e-02,6.271233e-01,1.470317e-01,6.915810e-03,9.571116e-02,1.731179e-04
1.078682e-03,5.318842e-05,9.101615e-05,2.139463e-04,8.604854e-04,3.106038e-04,3.143214e-04,6.837936e-02,6.177126e-04,1.566027e-02,7.149084e-01,1.236140e-01,4.931138e-03,6.882877e-02,1.381805e-04
8.336059e-04,4.883084e-04,3.382740e-04,1.716621e-04,1.312094e-03,2.838519e-04,2.637611e-04,4.791698e-02,1.163518e-03,1.299342e-02,7.544134e-01,1.212323e-01,4.107873e-03,5.433044e-02,1.504899e-04
6.088670e-04,4.351903e-04,3.405889e-04,1.550345e-04,1.483867e-03,2.345715e-04,1.995034e-04,3.355096e-02,1.636785e-03,9.397699e-03,8.029673e-01,1.035895e-01,3.259654e-03,4.200260e-02,1.377537e-04
4.707197e-04,2.218803e-03,7.198731e-04,1.575344e-04,1.875015e-03,2.480446e-04,1.634771e-04,2.349744e-02,5.327481e-03,7.055798e-03,8.267344e-01,8.811373e-02,2.544536e-03,4.064284e-02,2.302607e-04
3.461782e-04,1.566120e-03,5.292147e-04,1.278353e-04,2.099212e-03,2.279868e-04,1.380997e-04,1.645471e-02,6.105800e-03,5.011728e-03,8.657255e-01,6.508243e-02,2.179449e-03,3.423765e-02,1.680583e-04
2.475141e-04,1.122793e-03,3.890173e-04,9.534107e-05,1.782933e-03,2.382151e-04,1.090314e-04,1.152080e-02,5.210154e-03,3.563958e-03,9.001492e-01,4.754402e-02,1.900841e-03,2.600418e-02,1.219284e-04
2.166436e-04,2.025627e-03,3.925001e-04,1.100612e-04,7.951129e-03,5.827830e-04,3.369076e-04,8.108644e-03,1.211281e-01,2.558757e-03,7.965801e-01,3.646803e-02,2.247811e-03,2.118379e-02,1.090574e-04
1.631908e-04,5.353822e-03,4.364267e-04,9.886820e-05,5.819436e-03,7.125553e-04,2.547126e-04,5.690740e-03,1.161904e-01,1.867034e-03,8.135154e-01,3.068600e-02,2.889724e-03,1.619319e-02,1.284899e-04
1.452664e-04,1.019484e-02,4.486831e-04,1.159679e-04,4.197891e-03,2.137072e-03,1.914722e-04,4.051712e-03,1.006536e-01,1.660237e-03,8.328379e-01,2.600318e-02,5.366084e-03,1.184847e-02,1.475744e-04
3.699231e-04,1.566883e-02,2.684378e-03,5.802779e-04,1.712598e-02,3.287466e-03,2.759947e-04,2.260725e-02,2.754313e-01,1.781018e-03,6.237934e-01,1.985092e-02,7.662875e-03,8.712965e-03,1.673855e-04
4.120449e-04,2.066869e-02,2.083709e-03,4.575213e-04,1.425739e-02,4.385963e-03,2.090266e-04,1.654960e-02,4.647596e-01,1.472784e-03,4.476555e-01,1.436276e-02,6.346362e-03,6.215252e-03,1.637798e-04
6.384483e-03,3.623103e-02,5.592292e-03,7.804249e-04,8.891091e-02,6.151615e-03,9.417591e-04,2.581296e-02,4.684382e-01,1.487247e-03,3.378492e-01,1.049620e-02,5.273640e-03,5.067622e-03,5.824867e-04
8.765170e-03,5.789026e-02,4.876104e-03,7.429395e-04,1.198296e-01,7.021750e-03,1.437044e-03,1.988039e-02,4.932994e-01,3.839476e-03,2.630849e-01,8.101779e-03,3.962823e-03,5.483707e-03,1.784717e-03
1.439309e-02,5.828293e-02,5.622607e-03,3.990746e-03,1.544519e-01,5.413087e-03,1.849162e-03,4.785462e-02,4.998786e-01,3.035843e-03,1.904703e-01,5.971612e-03,3.027956e-03,4.152341e-03,1.605212e-03
2.331568e-02,5.232345e-02,7.003374e-03,9.917055e-03,1.947418e-01,4.780546e-03,1.833607e-03,5.966402e-02,4.795962e-01,4.126905e-03,1.477693e-01,4.712940e-03,2.364065e-03,3.792302e-03,4.058736e-03
3.545310e-02,5.237760e-02,6.908200e-03,1.083195e-02,1.779662e-01,4.690120e-03,1.865482e-03,8.049814e-02,4.890221e-01,5.108261e-03,1.185817e-01,3.867599e-03,1.939131e-03,3.246326e-03,7.644031e-03
6.050162e-02,4.104381e-02,6.429988e-03,1.799894e-02,2.420459e-01,5.257580e-03,2.418491e-03,6.749035e-02,4.465092e-01,3.815890e-03,8.650578e-02,3.279782e-03,1.748575e-03,3.522257e-03,1.143181e-02
7.178433e-02,3.905274e-02,5.517931e-03,2.225512e-02,2.340334e-01,5.099617e-03,2.463158e-03,5.741989e-02,4.700780e-01,3.926530e-03,6.307955e-02,3.400776e-03,1.620962e-03,4.105332e-03,1.616270e-02
1.084566e-01,4.189209e-02,5.340273e-03,4.226372e-02,2.433605e-01,6.678788e-03,3.396118e-03,4.785526e-02,4.266697e-01,3.026000e-03,4.723966e-02,4.000471e-03,2.172752e-03,3.402929e-03,1.424515e-02
1.334244e-01,5.970971e-02,5.978510e-03,4.558907e-02,2.263105e-01,7.249353e-03,2.828079e-03,3.718996e-02,3.983158e-01,4.600626e-03,3.576098e-02,4.823616e-03,2.429613e-03,3.157338e-03,3.263254e-02
1.390541e-01,7.264187e-02,4.797046e-03,4.224604e-02,2.270069e-01,7.556068e-03,2.248409e-03,2.811495e-02,4.051463e-01,4.256985e-03,2.670138e-02,4.958224e-03,2.324937e-03,3.130593e-03,2.981610e-02
1.160152e-01,7.508402e-02,5.288268e-03,7.191368e-02,2.447790e-01,1.110817e-02,2.255010e-03,2.970523e-02,3.821515e-01,5.296572e-03,1.974412e-02,3.800187e-03,2.151256e-03,2.429266e-03,2.827843e-02
1.074126e-01,6.857064e-02,5.209317e-03,9.680697e-02,2.263314e-01,1.041372e-02,2.300544e-03,7.035589e-02,3.603988e-01,6.355918e-03,1.491115e-02,3.080834e-03,2.099640e-03,1.979831e-03,2.377268e-02
1.109829e-01,1.332585e-01,5.409902e-03,8.303920e-02,1.981596e-01,1.008460e-02,1.889090e-03,9.490240e-02,3.136420e-01,7.332584e-03,1.133709e-02,2.743030e-03,1.821223e-03,1.617927e-03,2.378003e-02
1.140955e-01,1.239055e-01,4.771444e-03,6.129767e-02,1.522703e-01,7.972778e-03,1.560815e-03,2.612197e-01,2.354006e-01,5.539316e-03,8.500901e-03,2.354963e-03,1.606760e-03,1.319926e-03,1.818389e-02
9.432057e-02,1.011582e-01,4.697770e-03,4.511628e-02,1.121689e-01,7.395896e-03,1.453434e-03,4.331853e-01,1.715166e-01,4.083024e-03,6.443402e-03,2.076104e-03,1.588211e-03,1.041826e-03,1.375446e-02
7.832326e-02,7.203720e-02,3.916332e-03,3.249365e-02,8.099302e-02,9.195512e-03,2.297771e-03,5.748601e-01,1.229563e-01,3.037744e-03,4.806533e-03,2.085845e-03,2.205105e-03,7.878934e-04,1.000371e-02
6.666988e-02,5.236126e-02,3.361775e-03,2.332121e-02,5.954944e-02,9.187672e-03,2.858320e-03,6.748658e-01,8.915652e-02,2.291925e-03,3.641688e-03,1.740534e-03,3.129726e-03,6.059438e-04,7.258254e-03
7.713141e-02,4.238540e-02,3.780717e-03,1.789545e-02,4.312690e-02,1.412657e-02,2.917941e-03,7.095046e-01,6.708086e-02,1.773056e-03,3.380923e-03,4.201279e-03,5.292099e-03,6.022391e-04,6.800518e-03
1.049456e-01,3.263120e-02,3.626789e-03,1.354218e-02,3.198122e-02,1.320476e-02,3.100268e-03,7.246721e-01,5.361232e-02,1.330038e-03,2.790092e-03,3.784186e-03,4.449827e-03,6.013248e-04,5.728066e-03
1.157874e-01,2.491883e-02,3.840337e-03,1.033090e-02,2.369545e-02,1.159151e-02,3.201232e-03,7.496559e-01,4.165231e-02,9.825912e-04,2.303198e-03,3.308648e-03,3.632337e-03,5.057001e-04,4.593715e-03
1.175317e-01,1.811588e-02,3.643227e-03,7.645522e-03,1.724709e-02,1.085387e-02,3.309442e-03,7.774858e-01,3.168625e-02,7.527398e-04,1.936076e-03,2.765204e-03,2.927523e-03,4.183755e-04,3.681184e-03
1.290177e-01,1.337818e-02,3.464367e-03,5.847865e-03,1.342489e-02,1.120427e-02,4.062063e-03,7.829212e-01,2.584364e-02,6.215502e-04,1.771671e-03,2.513390e-03,2.525403e-03,3.744627e-04,3.029305e-03
2.356994e-01,1.260402e-02,3.587057e-03,1.568662e-02,1.067976e-02,2.805169e-02,4.007165e-03,6.290333e-01,2.465241e-02,1.853696e-03,3.331134e-03,9.325136e-03,7.165052e-03,1.159534e-03,1.316391e-02
2.271895e-01,1.346785e-02,3.335049e-03,2.619217e-02,9.097900e-03,5.080771e-02,3.948864e-03,5.285256e-01,3.276937e-02,4.115738e-03,1.026861e-02,2.425993e-02,4.637170e-02,1.780089e-03,1.786995e-02
1.897795e-01,1.109711e-02,2.668338e-03,2.447705e-02,6.725599e-03,7.871678e-02,3.969884e-03,3.888192e-01,2.664453e-02,3.208588e-03,1.150270e-02,2.710759e-02,2.079369e-01,1.626820e-03,1.571941e-02
1.652675e-01,8.804213e-03,2.239591e-03,1.847972e-02,4.941448e-03,6.924221e-02,3.773917e-03,2.843212e-01,2.178329e-02,2.634274e-03,1.057886e-02,3.171994e-02,3.611304e-01,1.411737e-03,1.367167e-02
1.335507e-01,6.807875e-03,1.698196e-03,1.360434e-02,3.602564e-03,5.518348e-02,3.332226e-03,2.026501e-01,1.642448e-02,2.116443e-03,8.289543e-03,2.781192e-02,5.129392e-01,1.075090e-03,1.091376e-02
1.051705e-01,5.120595e-03,1.248628e-03,9.629260e-03,2.720052e-03,4.041461e-02,2.639156e-03,1.425104e-01,1.398160e-02,1.587903e-03,6.314200e-03,2.589981e-02,6.337756e-01,8.174254e-04,8.170222e-03
7.465854e-02,3.792609e-03,9.120044e-04,6.783110e-03,2.064399e-03,3.116321e-02,2.188793e-03,9.997471e-02,1.122001e-02,1.152955e-03,4.863507e-03,2.306296e-02,7.316136e-01,6.322826e-04,5.917204e-03
5.476816e-02,4.666189e-03,2.370119e-03,8.496108e-03,2.046988e-03,2.686100e-02,3.447239e-03,7.019763e-02,2.341640e-02,1.613689e-03,4.136509e-03,2.981400e-02,7.620421e-01,8.541149e-04,5.269683e-03
4.141273e-02,3.952087e-03,2.128747e-03,6.760560e-03,1.854306e-03,2.998054e-02,3.513427e-03,4.941866e-02,2.331766e-02,1.647136e-03,7.943338e-03,1.303433e-01,6.909474e-01,2.359895e-03,4.420108e-03
3.538491e-02,3.759855e-03,2.305199e-03,5.465833e-03,4.531650e-03,3.610333e-02,3.301123e-03,3.527550e-02,3.005664e-02,1.799947e-03,1.588375e-02,1.417947e-01,6.770663e-01,2.703936e-03,4.567352e-03
2.909499e-02,4.137161e-03,3.830289e-03,4.213271e-03,1.003815e-02,3.066846e-02,2.840360e-03,2.511380e-02,2.506467e-02,2.187731e-03,1.237167e-02,1.332338e-01,7.103612e-01,2.429811e-03,4.414679e-03
2.268817e-02,3.190818e-03,3.575090e-03,2.986531e-03,9.829043e-03,2.228870e-02,2.368314e-03,1.778469e-02,1.887563e-02,2.497778e-03,9.641401e-03,1.924427e-01,6.849265e-01,1.853193e-03,5.051430e-03
3.080263e-02,2.545790e-03,3.517540e-03,2.283312e-03,1.485077e-02,1.737082e-02,2.420138e-03,1.401430e-02,1.494644e-02,3.214228e-03,7.443738e-03,1.687392e-01,7.119614e-01,1.530347e-03,4.359276e-03
2.349479e-02,2.933832e-03,9.774800e-03,1.787558e-03,2.503419e-02,1.335570e-02,2.773227e-03,1.647112e-02,1.705455e-02,4.894084e-03,6.521612e-03,2.290257e-01,6.395921e-01,1.386502e-03,5.900213e-03
1.980266e-02,3.594201e-03,1.110414e-02,1.688713e-03,4.707409e-02,1.199031e-02,3.561110e-03,3.943556e-02,2.178911e-02,4.571257e-03,6.819209e-03,2.508138e-01,5.715700e-01,1.119121e-03,5.066720e-03
2.717229e-02,9.182978e-03,3.736036e-02,1.414023e-02,5.941333e-02,1.482106e-02,4.214366e-03,8.468489e-02,3.431623e-02,5.108230e-03,6.211782e-03,1.855227e-01,5.122985e-01,1.019664e-03,4.533462e-03
2.723530e-02,1.276899e-02,3.415956e-02,1.161160e-02,6.727975e-02,4.126628e-02,1.082067e-02,8.688167e-02,1.300321e-01,4.168360e-03,5.387150e-03,1.324963e-01,4.309198e-01,8.710769e-04,4.101546e-03
3.038311e-02,1.484796e-02,4.115145e-02,2.752782e-02,1.061098e-01,3.559604e-02,1.677579e-02,1.442170e-01,1.510600e-01,3.373512e-03,4.273021e-03,9.362225e-02,3.262189e-01,6.406232e-04,4.202659e-03
4.553907e-02,1.749005e-02,3.443803e-02,2.306719e-02,8.548352e-02,4.283961e-02,1.316689e-02,1.821142e-01,1.823164e-01,4.528785e-03,4.204878e-03,6.689465e-02,2.866004e-01,7.462489e-04,1.057010e-02
1.346730e-01,2.014217e-02,2.943220e-02,2.443293e-02,7.645127e-02,4.451584e-02,1.198704e-02,1.707996e-01,1.684335e-01,4.769188e-03,3.773650e-03,4.995878e-02,2.411364e-01,1.401017e-03,1.809339e-02
2.442459e-01,2.725347e-02,2.647582e-02,2.817392e-02,5.964003e-02,4.815777e-02,9.683318e-03,1.347154e-01,1.590700e-01,7.067122e-03,4.158388e-03,3.874198e-02,1.779530e-01,2.395284e-03,3.226864e-02
2.988000e-01,3.004537e-02,1.992947e-02,2.301265e-02,5.105153e-02,7.096289e-02,8.658764e-03,1.212418e-01,1.552468e-01,6.084015e-03,4.878428e-03,3.064081e-02,1.430946e-01,2.741665e-03,3.361126e-02
3.221934e-01,3.081929e-02,2.002870e-02,3.189299e-02,4.392316e-02,7.695892e-02,8.008569e-03,1.319687e-01,1.426277e-01,5.699984e-03,6.053498e-03,2.573290e-02,1.184858e-01,3.263373e-03,3.234307e-02
3.903133e-01,3.084457e-02,1.634243e-02,2.543143e-02,3.788042e-02,8.713306e-02,6.973129e-03,9.970955e-02,1.185170e-01,4.468759e-03,4.861673e-03,1.953277e-02,1.263628e-01,2.893348e-03,2.873565e-02
4.110573e-01,2.951450e-02,1.406182e-02,3.456892e-02,4.786339e-02,8.125354e-02,1.590812e-02,8.579191e-02,1.105887e-01,3.722857e-03,4.331888e-03,1.596893e-02,1.158052e-01,2.503312e-03,2.705956e-02
4.096295e-01,2.954274e-02,1.108215e-02,3.108926e-02,4.390478e-02,1.228545e-01,1.285240e-02,6.574249e-02,1.254444e-01,3.112143e-03,3.776529e-03,1.273288e-02,1.031400e-01,2.168913e-03,2.292746e-02
4.189276e-01,2.569558e-02,9.118825e-03,2.466303e-02,5.566280e-02,9.286205e-02,4.921022e-02,6.095080e-02,1.424773e-01,2.871724e-03,3.672282e-03,1.041608e-02,7.812012e-02,2.480662e-03,2.287089e-02
4.639999e-01,2.621376e-02,8.322498e-03,2.119437e-02,6.266205e-02,7.075859e-02,4.344740e-02,5.962009e-02,1.366644e-01,3.436850e-03,5.085896e-03,1.125298e-02,5.903299e-02,3.419249e-03,2.488894e-02
4.205976e-01,5.795622e-02,1.259557e-02,4.082429e-02,4.783349e-02,5.364906e-02,3.155654e-02,4.519171e-02,1.322955e-01,5.616019e-03,1.280000e-02,1.513576e-02,5.005552e-02,4.053839e-03,6.983890e-02
3.189572e-01,5.670977e-02,9.569313e-03,5.330791e-02,3.968797e-02,5.408980e-02,2.369041e-02,3.189887e-02,1.289301e-01,1.935357e-02,6.062492e-02,1.201008e-02,4.747117e-02,5.771487e-03,1.379274e-01
2.446826e-01,4.714849e-02,8.674317e-03,6.249061e-02,2.988905e-02,4.332108e-02,1.712703e-02,2.454126e-02,2.301365e-01,1.792547e-02,6.264484e-02,1.161434e-02,5.257307e-02,7.728272e-03,1.395031e-01
1.734335e-01,3.400870e-02,7.146782e-03,4.575982e-02,2.157817e-02,3.267539e-02,1.210119e-02,1.772504e-02,2.501946e-01,2.239120e-02,5.427924e-02,8.718142e-03,4.662813e-02,3.151946e-02,2.418406e-01
1.250477e-01,2.418177e-02,5.783780e-03,3.231036e-02,1.602331e-02,2.792929e-02,8.597316e-03,1.276375e-02,2.031604e-01,1.889314e-02,6.485062e-02,6.350233e-03,3.774428e-02,5.726813e-02,3.590959e-01
8.844915e-02,1.912807e-02,7.003450e-03,2.558707e-02,1.189979e-02,2.041239e-02,6.044656e-03,9.070191e-03,3.552659e-01,1.452167e-02,4.719188e-02,4.571356e-03,2.720993e-02,4.415471e-02,3.194898e-01
6.422248e-02,1.427096e-02,5.119784e-03,1.828766e-02,9.006863e-03,1.613772e-02,4.287601e-03,6.391951e-03,3.083597e-01,1.094793e-02,3.471828e-02,3.261261e-03,1.971723e-02,3.965645e-02,4.456141e-01
4.720372e-02,1.628911e-02,6.271770e-03,1.585798e-02,6.734867e-03,1.358457e-02,3.042100e-03,4.534659e-03,4.333200e-01,8.682220e-03,2.491601e-02,2.480602e-03,1.470431e-02,3.035276e-02,3.720253e-01
3.638437e-02,1.475436e-02,5.735691e-03,1.182047e-02,4.953411e-03,1.148134e-02,2.244086e-03,3.330393e-03,4.095827e-01,6.703305e-03,1.804685e-02,1.857299e-03,1.168170e-02,3.514744e-02,4.262766e-01
2.795168e-02,1.180576e-02,4.685839e-03,8.384006e-03,3.770875e-03,9.663430e-03,1.592522e-03,2.357144e-03,3.129518e-01,5.558589e-03,1.323264e-02,1.324757e-03,8.731951e-03,4.863554e-02,5.393534e-01
3.114698e-02,1.008042e-02,3.812923e-03,5.980149e-03,3.003887e-03,1.022250e-02,1.162110e-03,1.714323e-03,2.452154e-01,5.852950e-03,9.939648e-03,1.039858e-03,7.715983e-03,7.123543e-02,5.918775e-01
2.601885e-02,1.489094e-02,6.659109e-03,4.332423e-03,3.114178e-03,7.898046e-03,8.392603e-04,1.348156e-03,1.977190e-01,5.571853e-03,8.306072e-03,7.737112e-04,6.287964e-03,6.396864e-02,6.522718e-01
2.200706e-02,1.443567e-02,6.894881e-03,3.450047e-03,2.678318e-03,6.017650e-03,6.427861e-04,1.119628e-03,2.312759e-01,1.023773e-02,6.290460e-03,6.014064e-04,5.153016e-03,5.660773e-02,6.325877e-01
1.786016e-02,1.308012e-02,6.029846e-03,2.441312e-03,2.055554e-03,4.304111e-03,4.689108e-04,8.578399e-04,1.887687e-01,9.695303e-03,4.633671e-03,4.415556e-04,3.831397e-03,6.108925e-02,6.844422e-01
1.600852e-02,1.131615e-02,8.859584e-03,2.364823e-03,1.836921e-03,3.250928e-03,3.678439e-04,6.688010e-04,2.243795e-01,1.232081e-02,3.559655e-03,3.785416e-04,2.951113e-03,5.440421e-02,6.573325e-01
1.785889e-02,1.520961e-02,1.284798e-02,1.940627e-03,1.809475e-03,2.642293e-03,2.809667e-04,5.781730e-04,1.910664e-01,1.382232e-02,3.094855e-03,4.083440e-04,3.087296e-03,7.211264e-02,6.632401e-01
1.688337e-02,1.368652e-02,1.082119e-02,1.452412e-03,1.455264e-03,2.192504e-03,2.120068e-04,4.431923e-04,1.543113e-01,1.633642e-02,2.609800e-03,3.485681e-04,2.528714e-03,1.154595e-01,6.612593e-01
1.377284e-02,1.565050e-02,9.265366e-03,1.412423e-03,1.141567e-03,1.868491e-03,1.686832e-04,3.518791e-04,1.654642e-01,2.414110e-02,3.528466e-03,5.236305e-04,2.148849e-03,1.294295e-01,6.311326e-01
1.932763e-02,1.210368e-02,7.658757e-03,1.798838e-03,1.097645e-03,1.779707e-03,1.431220e-04,8.516259e-04,1.476898e-01,4.174737e-02,4.169229e-03,5.079924e-04,1.955880e-03,2.037900e-01,5.553787e-01
6.037692e-02,2.192985e-02,1.389033e-02,1.252125e-02,5.538157e-03,4.950147e-03,1.012526e-03,1.704906e-02,1.596271e-01,3.606275e-02,6.039810e-03,1.170095e-03,2.796819e-03,1.726950e-01,4.843401e-01
8.211569e-02,2.458507e-02,1.177444e-02,1.497096e-02,7.074763e-03,4.432723e-03,8.409544e-04,1.423994e-02,1.525539e-01,3.103551e-02,5.035389e-03,1.051334e-03,2.623825e-03,1.537648e-01,4.939007e-01
1.426138e-01,3.687139e-02,1.575919e-02,6.082576e-02,1.689836e-02,6.315117e-03,1.815038e-03,2.154585e-02,1.358170e-01,2.370940e-02,6.482397e-03,2.690518e-03,4.935523e-03,1.206936e-01,4.030272e-01
1.955456e-01,5.632351e-02,2.290648e-02,4.679732e-02,1.589929e-02,6.585502e-03,1.672534e-03,1.915176e-02,1.249825e-01,1.969117e-02,5.883681e-03,2.936896e-03,5.110105e-03,1.033492e-01,3.731645e-01
2.731945e-01,5.258020e-02,2.301130e-02,4.079781e-02,2.665097e-02,8.867456e-03,2.178878e-03,2.188565e-02,1.179756e-01,1.481761e-02,7.751172e-03,6.113991e-03,8.016020e-03,7.822940e-02,3.179295e-01
3.526750e-01,5.605603e-02,1.988515e-02,3.435199e-02,4.759050e-02,1.108406e-02,2.349588e-03,2.263212e-02,1.117133e-01,1.133134e-02,8.268690e-03,8.223230e-03,1.124109e-02,5.966790e-02,2.429301e-01
4.582193e-01,4.884876e-02,1.602369e-02,4.113605e-02,4.361898e-02,1.199269e-02,2.377672e-03,1.919626e-02,8.837905e-02,8.896592e-03,9.919027e-03,1.577682e-02,1.220758e-02,4.402220e-02,1.793853e-01
1.000000e+00,0.000000e+00,0.000000e+00,0.000000e+00,0.000000e+00,0.000000e+00,0.000000e+00,0.000000e+00,0.000000e+00,0.000000e+00,0.000000e+00,0.000000e+00,0.000000e+00,0.000000e+00,0.000000e+00
1.000000e+00,0.000000e+00,0.000000e+00,0.000000e+00,0.000000e+00,0.000000e+00,0.000000e+00,0.000000e+00,0.000000e+00,0.000000e+00,0.000000e+00,0.000000e+00,0.000000e+00,0.000000e+00,0.000000e+00
1.000000e+00,0.000000e+00,0.000000e+00,0.000000e+00,0.000000e+00,0.000000e+00,0.000000e+00,0.000000e+00,0.000000e+00,0.000000e+00,0.000000e+00,0.000000e+00,0.000000e+00,0.000000e+00,0.000000e+00
4.512390e-01,8.139198e-02,2.254650e-02,1.730354e-01,3.186735e-02,1.235897e-02,2.511055e-03,1.031007e-02,4.484241e-02,6.935118e-03,1.097708e-02,2.909763e-02,1.643062e-02,1.685117e-02,8.960561e-02
4.918737e-01,7.026752e-02,3.535109e-02,1.616580e-01,3.060056e-02,1.400946e-02,3.041194e-03,1.007101e-02,3.610238e-02,5.966768e-03,1.040437e-02,3.156493e-02,1.657098e-02,1.310425e-02,6.941380e-02
4.964775e-01,5.758303e-02,6.542090e-02,1.417055e-01,4.031156e-02,1.379708e-02,3.162113e-03,2.687102e-02,3.263218e-02,4.732275e-03,1.029763e-02,2.873283e-02,1.548374e-02,1.043357e-02,5.235910e-02
1.000000e+00,0.000000e+00,0.000000e+00,0.000000e+00,0.000000e+00,0.000000e+00,0.000000e+00,0.000000e+00,0.000000e+00,0.000000e+00,0.000000e+00,0.000000e+00,0.000000e+00,0.000000e+00,0.000000e+00
1.000000e+00,0.000000e+00,0.000000e+00,0.000000e+00,0.000000e+00,0.000000e+00,0.000000e+00,0.000000e+00,0.000000e+00,0.000000e+00,0.000000e+00,0.000000e+00,0.000000e+00,0.000000e+00,0.000000e+00
4.823098e-01,3.117873e-02,4.481784e-02,7.746264e-02,3.137897e-02,2.697687e-02,7.418464e-03,1.989313e-01,1.743367e-02,2.832808e-03,8.659979e-03,2.144254e-02,1.667933e-02,5.449795e-03,2.702720e-02
4.934127e-01,2.354126e-02,3.478693e-02,5.711820e-02,2.644658e-02,2.254935e-02,9.071314e-03,2.566240e-01,1.378952e-02,2.194887e-03,6.550071e-03,1.666289e-02,1.262726e-02,4.029122e-03,2.059589e-02
1.000000e+00,0.000000e+00,0.000000e+00,0.000000e+00,0.000000e+00,0.000000e+00,0.000000e+00,0.000000e+00,0.000000e+00,0.000000e+00,0.000000e+00,0.000000e+00,0.000000e+00,0.000000e+00,0.000000e+00
4.987387e-01,2.785449e-02,2.561015e-02,4.198953e-02,2.224714e-02,2.729372e-02,8.816110e-03,1.961288e-01,1.698017e-02,2.798577e-03,8.757908e-03,1.893168e-02,7.504111e-02,4.980537e-03,2.383143e-02
4.497976e-01,2.591619e-02,2.058990e-02,3.566666e-02,1.833558e-02,2.450936e-02,2.719624e-02,1.606670e-01,1.613774e-02,2.724972e-03,1.068304e-02,2.175551e-02,1.553429e-01,4.779367e-03,2.589796e-02
4.678441e-01,2.371231e-02,1.484929e-02,3.097808e-02,1.435358e-02,2.246360e-02,4.471523e-02,1.157365e-01,1.382723e-02,2.674957e-03,1.004040e-02,2.818779e-02,1.764255e-01,5.928899e-03,2.826253e-02
4.429159e-01,1.846056e-02,1.064330e-02,2.413544e-02,1.126639e-02,4.187652e-02,4.137191e-02,8.263458e-02,1.249361e-02,2.143198e-03,9.386717e-03,8.067886e-02,1.871462e-01,6.963574e-03,2.788323e-02
3.808435e-01,1.440727e-02,7.675492e-03,1.931404e-02,8.641963e-03,5.687819e-02,3.743984e-02,5.821006e-02,1.029241e-02,2.040718e-03,1.085807e-02,1.245133e-01,2.427046e-01,5.405155e-03,2.077538e-02
4.267290e-01,1.027536e-02,5.440657e-03,1.366242e-02,6.221774e-03,5.566813e-02,3.038421e-02,4.084299e-02,7.609883e-03,2.310832e-03,9.688552e-03,1.803287e-01,1.911364e-01,4.722761e-03,1.497828e-02
3.186332e-01,7.433476e-03,3.849909e-03,9.628640e-03,4.636582e-03,4.130326e-02,2.673059e-02,2.866421e-02,5.825276e-03,5.102954e-03,9.685039e-03,3.653711e-01,1.588663e-01,3.644595e-03,1.062476e-02
2.320397e-01,5.421691e-03,2.719271e-03,6.761130e-03,3.659845e-03,2.961977e-02,2.090614e-02,2.009010e-02,4.641769e-03,5.858041e-03,8.759835e-03,5.184427e-01,1.308252e-01,2.744785e-03,7.510089e-03
1.717333e-01,3.946646e-03,1.926310e-03,4.745307e-03,2.684294e-03,2.088354e-02,1.478500e-02,1.408822e-02,3.894065e-03,7.505842e-03,1.092753e-02,6.399046e-01,9.514806e-02,2.521015e-03,5.306319e-03
1.244358e-01,2.960023e-03,1.382236e-03,3.336467e-03,1.988208e-03,1.487565e-02,1.056677e-02,9.979724e-03,3.390572e-03,9.862809e-03,2.087195e-02,7.200264e-01,6.944849e-02,3.071333e-03,3.803578e-03
9.115317e-02,2.101078e-03,9.942659e-04,2.352313e-03,1.445597e-03,1.064047e-02,7.700861e-03,7.147823e-03,2.574052e-03,1.221890e-02,2.614104e-02,7.808890e-01,4.902180e-02,2.942110e-03,2.677497e-03
7.246879e-02,2.384647e-03,1.290738e-03,1.716367e-03,1.428710e-03,7.898696e-03,5.583796e-03,5.240963e-03,2.885105e-03,1.360398e-02,3.741725e-02,8.059943e-01,3.479142e-02,5.325344e-03,1.969962e-03
5.754479e-02,2.885726e-03,1.472669e-03,1.255018e-03,1.219330e-03,7.705127e-03,3.950075e-03,3.777030e-03,4.381374e-03,1.309741e-02,4.320282e-02,8.264869e-01,2.467782e-02,6.886139e-03,1.457725e-03
4.921919e-02,1.495520e-02,2.249561e-03,1.161727e-03,4.187850e-03,6.779730e-03,2.868844e-03,3.027437e-03,8.715988e-02,1.479984e-02,8.534008e-02,7.013860e-01,1.751786e-02,7.602572e-03,1.744272e-03
3.676775e-02,2.188943e-02,2.160465e-03,1.078501e-03,5.454182e-03,1.040568e-02,2.087545e-03,2.818700e-03,1.898032e-01,1.273654e-02,1.203225e-01,5.727127e-01,1.253624e-02,7.500134e-03,1.726527e-03
3.048428e-02,2.121475e-02,2.196486e-02,5.205712e-03,1.628520e-02,3.245405e-02,1.995541e-02,3.999351e-02,1.920317e-01,1.371487e-02,1.320185e-01,4.556660e-01,9.468370e-03,7.797858e-03,1.744987e-03
2.271995e-02,6.030669e-02,1.595943e-02,4.048127e-03,1.390423e-02,4.474048e-02,1.407515e-02,2.869728e-02,2.953286e-01,1.261128e-02,1.402159e-01,3.295542e-01,7.268773e-03,7.525530e-03,3.044295e-03
1.750168e-02,5.967987e-02,1.703642e-02,9.305045e-03,1.344369e-02,4.930745e-02,1.006032e-02,2.451440e-02,4.195912e-01,1.128022e-02,1.184779e-01,2.343478e-01,5.723470e-03,6.030466e-03,3.699962e-03
1.269683e-02,4.466870e-02,1.481875e-02,7.497580e-02,1.450251e-02,5.213373e-02,7.054656e-03,2.070785e-02,4.882588e-01,9.410163e-03,8.358179e-02,1.642594e-01,4.176959e-03,4.399651e-03,4.354399e-03
1.005034e-02,3.371582e-02,1.193002e-02,6.406096e-02,1.990059e-02,4.627931e-02,4.986055e-03,1.688085e-02,5.999933e-01,7.443482e-03,5.931407e-02,1.152119e-01,3.040760e-03,3.186693e-03,4.005753e-03
1.173764e-02,2.806154e-02,1.101295e-02,5.300507e-02,2.870540e-02,4.863273e-02,3.602337e-03,1.491790e-02,6.475487e-01,8.239207e-03,4.349600e-02,8.123909e-02,2.340512e-03,2.681857e-03,1.477906e-02
1.262839e-02,2.952821e-02,1.209157e-02,4.647364e-02,3.081610e-02,1.197228e-01,2.775952e-03,1.467660e-02,5.662632e-01,1.449512e-02,3.196907e-02,5.715863e-02,2.076805e-03,3.788778e-03,5.553522e-02
1.154150e-02,3.006697e-02,1.944807e-02,1.832046e-01,2.542463e-02,9.972743e-02,2.094961e-03,1.789045e-02,4.421661e-01,1.885938e-02,2.478341e-02,4.033399e-02,2.063656e-03,3.251015e-03,7.914388e-02
1.183611e-02,3.714361e-02,2.432887e-02,2.612426e-01,1.904023e-02,8.395293e-02,1.501967e-03,1.418413e-02,3.683859e-01,1.838344e-02,2.417587e-02,2.896443e-02,2.487405e-03,2.840309e-03,1.015322e-01
3.615460e-02,3.365685e-02,1.916101e-02,2.104369e-01,2.184185e-02,1.003728e-01,1.227785e-03,1.866006e-02,3.315531e-01,1.964220e-02,2.466986e-02,2.229090e-02,4.067300e-03,3.645467e-03,1.526193e-01
7.869726e-02,4.641368e-02,1.648413e-02,1.689681e-01,2.707263e-02,1.034335e-01,1.016010e-03,2.852062e-02,2.818483e-01,2.296694e-02,2.672190e-02,1.763250e-02,4.065176e-03,7.889461e-03,1.682698e-01
8.706897e-02,5.570966e-02,1.980942e-02,1.248646e-01,3.960384e-02,9.852170e-02,1.250333e-03,3.065516e-02,2.885186e-01,2.883144e-02,2.486774e-02,1.286388e-02,4.710118e-03,8.213272e-03,1.745113e-01
1.183581e-01,6.244409e-02,2.202339e-02,1.225459e-01,5.024089e-02,8.063976e-02,3.066804e-03,5.669707e-02,2.824988e-01,2.388556e-02,2.183086e-02,9.743940e-03,5.409564e-03,6.905177e-03,1.337100e-01
1.337372e-01,6.001852e-02,2.984308e-02,2.083285e-01,4.876849e-02,5.965383e-02,3.369423e-03,6.332850e-02,2.261572e-01,2.237290e-02,1.673833e-02,7.482540e-03,4.413360e-03,5.121168e-03,1.106669e-01
1.700676e-01,5.692470e-02,3.678224e-02,2.356981e-01,4.751106e-02,4.461821e-02,3.515519e-03,5.703818e-02,1.916522e-01,2.955644e-02,1.358902e-02,6.391965e-03,4.349474e-03,4.315047e-03,9.799033e-02
2.255032e-01,6.246081e-02,6.310949e-02,2.000577e-01,4.539500e-02,3.521619e-02,3.248685e-03,5.745035e-02,1.555376e-01,3.706788e-02,1.220479e-02,5.425804e-03,3.947466e-03,5.091236e-03,8.828386e-02
2.134781e-01,4.959619e-02,1.016558e-01,1.848417e-01,4.443474e-02,2.667435e-02,3.333949e-03,1.363298e-01,1.232817e-01,2.868398e-02,1.158491e-02,4.121625e-03,3.325159e-03,4.753848e-03,6.390408e-02
1.963475e-01,3.660870e-02,1.037495e-01,1.449813e-01,4.524634e-02,2.019493e-02,1.420649e-02,2.589986e-01,9.403540e-02,2.063107e-02,9.983827e-03,3.061715e-03,3.233068e-03,3.569601e-03,4.515188e-02
1.962612e-01,2.638257e-02,8.464973e-02,1.116077e-01,4.269252e-02,1.589818e-02,1.542259e-02,3.752768e-01,6.860090e-02,1.490122e-02,8.667374e-03,2.415454e-03,2.629217e-03,2.718668e-03,3.187584e-02
1.906988e-01,1.937017e-02,6.573283e-02,8.413870e-02,5.677161e-02,1.404177e-02,2.175565e-02,4.500259e-01,4.936146e-02,1.099846e-02,7.405525e-03,2.108720e-03,2.577968e-03,2.209312e-03,2.280308e-02
