1.000000e+00,0.000000e+00,0.000000e+00,0.000000e+00,0.000000e+00,0.000000e+00,0.000000e+00,0.000000e+00,0.000000e+00,0.000000e+00,0.000000e+00,0.000000e+00,0.000000e+00,0.000000e+00,0.000000e+00
1.000000e+00,0.000000e+00,0.000000e+00,0.000000e+00,0.000000e+00,0.000000e+00,0.000000e+00,0.000000e+00,0.000000e+00,0.000000e+00,0.000000e+00,0.000000e+00,0.000000e+00,0.000000e+00,0.000000e+00
1.000000e+00,0.000000e+00,0.000000e+00,0.000000e+00,0.000000e+00,0.000000e+00,0.000000e+00,0.000000e+00,0.000000e+00,0.000000e+00,0.000000e+00,0.000000e+00,0.000000e+00,0.000000e+00,0.000000e+00
1.000000e+00,0.000000e+00,0.000000e+00,0.000000e+00,0.000000e+00,0.000000e+00,0.000000e+00,0.000000e+00,0.000000e+00,0.000000e+00,0.000000e+00,0.000000e+00,0.000000e+00,0.000000e+00,0.000000e+00
1.000000e+00,0.000000e+00,0.000000e+00,0.000000e+00,0.000000e+00,0.000000e+00,0.000000e+00,0.000000e+00,0.000000e+00,0.000000e+00,0.000000e+00,0.000000e+00,0.000000e+00,0.000000e+00,0.000000e+00
1.000000e+00,0.000000e+00,0.000000e+00,0.000000e+00,0.000000e+00,0.000000e+00,0.000000e+00,0.000000e+00,0.000000e+00,0.000000e+00,0.000000e+00,0.000000e+00,0.000000e+00,0.000000e+00,0.000000e+00
1.000000e+00,0.000000e+00,0.000000e+00,0.000000e+00,0.000000e+00,0.000000e+00,0.000000e+00,0.000000e+00,0.000000e+00,0.000000e+00,0.000000e+00,0.000000e+00,0.000000e+00,0.000000e+00,0.000000e+00
1.000000e+00,0.000000e+00,0.000000e+00,0.000000e+00,0.000000e+00,0.000000e+00,0.000000e+00,0.000000e+00,0.000000e+00,0.000000e+00,0.000000e+00,0.000000e+00,0.000000e+00,0.000000e+00,0.000000e+00
1.000000e+00,0.000000e+00,0.000000e+00,0.000000e+00,0.000000e+00,0.000000e+00,0.000000e+00,0.000000e+00,0.000000e+00,0.000000e+00,0.000000e+00,0.000000e+00,0.000000e+00,0.000000e+00,0.000000e+00
1.000000e+00,0.000000e+00,0.000000e+00,0.000000e+00,0.000000e+00,0.000000e+00,0.000000e+00,0.000000e+00,0.000000e+00,0.000000e+00,0.000000e+00,0.000000e+00,0.000000e+00,0.000000e+00,0.000000e+00
1.000000e+00,0.000000e+00,0.000000e+00,0.000000e+00,0.000000e+00,0.000000e+00,0.000000e+00,0.000000e+00,0.000000e+00,0.000000e+00,0.000000e+00,0.000000e+00,0.000000e+00,0.000000e+00,0.000000e+00
1.000000e+00,0.000000e+00,0.000000e+00,0.000000e+00,0.000000e+00,0.000000e+00,0.000000e+00,0.000000e+00,0.000000e+00,0.000000e+00,0.000000e+00,0.000000e+00,0.000000e+00,0.000000e+00,0.000000e+00
1.000000e+00,0.000000e+00,0.000000e+00,0.000000e+00,0.000000e+00,0.000000e+00,0.000000e+00,0.000000e+00,0.000000e+00,0.000000e+00,0.000000e+00,0.000000e+00,0.000000e+00,0.000000e+00,0.000000e+00
1.000000e+00,0.000000e+00,0.000000e+00,0.000000e+00,0.000000e+00,0.000000e+00,0.000000e+00,0.000000e+00,0.000000e+00,0.000000e+00,0.000000e+00,0.000000e+00,0.000000e+00,0.000000e+00,0.000000e+00
1.000000e+00,0.000000e+00,0.000000e+00,0.000000e+00,0.000000e+00,0.000000e+00,0.000000e+00,0.000000e+00,0.000000e+00,0.000000e+00,0.000000e+00,0.000000e+00,0.000000e+00,0.000000e+00,0.000000e+00
1.000000e+00,0.000000e+00,0.000000e+00,0.000000e+00,0.000000e+00,0.000000e+00,0.000000e+00,0.000000e+00,0.000000e+00,0.000000e+00,0.000000e+00,0.000000e+00,0.000000e+00,0.000000e+00,0.000000e+00
1.000000e+00,0.000000e+00,0.000000e+00,0.000000e+00,0.000000e+00,0.000000e+00,0.000000e+00,0.000000e+00,0.000000e+00,0.000000e+00,0.000000e+00,0.000000e+00,0.000000e+00,0.000000e+00,0.000000e+00
1.000000e+00,0.000000e+00,0.000000e+00,0.000000e+00,0.000000e+00,0.000000e+00,0.000000e+00,0.000000e+00,0.000000e+00,0.000000e+00,0.000000e+00,0.000000e+00,0.000000e+00,0.000000e+00,0.000000e+00
1.000000e+00,0.000000e+00,0.000000e+00,0.000000e+00,0.000000e+00,0.000000e+00,0.000000e+00,0.000000e+00,0.000000e+00,0.000000e+00,0.000000e+00,0.000000e+00,0.000000e+00,0.000000e+00,0.000000e+00
1.000000e+00,0.000000e+00,0.000000e+00,0.000000e+00,0.000000e+00,0.000000e+00,0.000000e+00,0.000000e+00,0.000000e+00,0.000000e+00,0.000000e+00,0.000000e+00,0.000000e+00,0.000000e+00,0.000000e+00
1.000000e+00,0.000000e+00,0.000000e+00,0.000000e+00,0.000000e+00,0.000000e+00,0.000000e+00,0.000000e+00,0.000000e+00,0.000000e+00,0.000000e+00,0.000000e+00,0.000000e+00,0.000000e+00,0.000000e+00
1.000000e+00,0.000000e+00,0.000000e+00,0.000000e+00,0.000000e+00,0.000000e+00,0.000000e+00,0.000000e+00,0.000000e+00,0.000000e+00,0.000000e+00,0.000000e+00,0.000000e+00,0.000000e+00,0.000000e+00
1.000000e+00,0.000000e+00,0.000000e+00,0.000000e+00,0.000000e+00,0.000000e+00,0.000000e+00,0.000000e+00,0.000000e+00,0.000000e+00,0.000000e+00,0.000000e+00,0.000000e+00,0.000000e+00,0.000000e+00
1.000000e+00,0.000000e+00,0.000000e+00,0.000000e+00,0.000000e+00,0.000000e+00,0.000000e+00,0.000000e+00,0.000000e+00,0.000000e+00,0.000000e+00,0.000000e+00,0.000000e+00,0.000000e+00,0.000000e+00
1.000000e+00,0.000000e+00,0.000000e+00,0.000000e+00,0.000000e+00,0.000000e+00,0.000000e+00,0.000000e+00,0.000000e+00,0.000000e+00,0.000000e+00,0.000000e+00,0.000000e+00,0.000000e+00,0.000000e+00
1.000000e+00,0.000000e+00,0.000000e+00,0.000000e+00,0.000000e+00,0.000000e+00,0.000000e+00,0.000000e+00,0.000000e+00,0.000000e+00,0.000000e+00,0.000000e+00,0.000000e+00,0.000000e+00,0.000000e+00
1.000000e+00,0.000000e+00,0.000000e+00,0.000000e+00,0.000000e+00,0.000000e+00,0.000000e+00,0.000000e+00,0.000000e+00,0.000000e+00,0.000000e+00,0.000000e+00,0.000000e+00,0.000000e+00,0.000000e+00
1.000000e+00,0.000000e+00,0.000000e+00,0.000000e+00,0.000000e+00,0.000000e+00,0.000000e+00,0.000000e+00,0.000000e+00,0.000000e+00,0.000000e+00,0.000000e+00,0.000000e+00,0.000000e+00,0.000000e+00
1.000000e+00,0.000000e+00,0.000000e+00,0.000000e+00,0.000000e+00,0.000000e+00,0.000000e+00,0.000000e+00,0.000000e+00,0.000000e+00,0.000000e+00,0.000000e+00,0.000000e+00,0.000000e+00,0.000000e+00
1.000000e+00,0.000000e+00,0.000000e+00,0.000000e+00,0.000000e+00,0.000000e+00,0.000000e+00,0.000000e+00,0.000000e+00,0.000000e+00,0.000000e+00,0.000000e+00,0.000000e+00,0.000000e+00,0.000000e+00
1.000000e+00,0.000000e+00,0.000000e+00,0.000000e+00,0.000000e+00,0.000000e+00,0.000000e+00,0.000000e+00,0.000000e+00,0.000000e+00,0.000000e+00,0.000000e+00,0.000000e+00,0.000000e+00,0.000000e+00
1.000000e+00,0.000000e+00,0.000000e+00,0.000000e+00,0.000000e+00,0.000000e+00,0.000000e+00,0.000000e+00,0.000000e+00,0.000000e+00,0.000000e+00,0.000000e+00,0.000000e+00,0.000000e+00,0.000000e+00
1.000000e+00,0.000000e+00,0.000000e+00,0.000000e+00,0.000000e+00,0.000000e+00,0.000000e+00,0.000000e+00,0.000000e+00,0.000000e+00,0.000000e+00,0.000000e+00,0.000000e+00,0.000000e+00,0.000000e+00
1.000000e+00,0.000000e+00,0.000000e+00,0.000000e+00,0.000000e+00,0.000000e+00,0.000000e+00,0.000000e+00,0.000000e+00,0.000000e+00,0.000000e+00,0.000000e+00,0.000000e+00,0.000000e+00,0.000000e+00
1.000000e+00,0.000000e+00,0.000000e+00,0.000000e+00,0.000000e+00,0.000000e+00,0.000000e+00,0.000000e+00,0.000000e+00,0.000000e+00,0.000000e+00,0.000000e+00,0.000000e+00,0.000000e+00,0.000000e+00
1.000000e+00,0.000000e+00,0.000000e+00,0.000000e+00,0.000000e+00,0.000000e+00,0.000000e+00,0.000000e+00,0.000000e+00,0.000000e+00,0.000000e+00,0.000000e+00,0.000000e+00,0.000000e+00,0.000000e+00
1.000000e+00,0.000000e+00,0.000000e+00,0.000000e+00,0.000000e+00,0.000000e+00,0.000000e+00,0.000000e+00,0.000000e+00,0.000000e+00,0.000000e+00,0.000000e+00,0.000000e+00,0.000000e+00,0.000000e+00
1.000000e+00,0.000000e+00,0.000000e+00,0.000000e+00,0.000000e+00,0.000000e+00,0.000000e+00,0.000000e+00,0.000000e+00,0.000000e+00,0.000000e+00,0.000000e+00,0.000000e+00,0.000000e+00,0.000000e+00
1.000000e+00,0.000000e+00,0.000000e+00,0.000000e+00,0.000000e+00,0.000000e+00,0.000000e+00,0.000000e+00,0.000000e+00,0.000000e+00,0.000000e+00,0.000000e+00,0.000000e+00,0.000000e+00,0.000000e+00
1.000000e+00,0.000000e+00,0.000000e+00,0.000000e+00,0.000000e+00,0.000000e+00,0.000000e+00,0.000000e+00,0.000000e+00,0.000000e+00,0.000000e+00,0.000000e+00,0.000000e+00,0.000000e+00,0.000000e+00
1.000000e+00,0.000000e+00,0.000000e+00,0.000000e+00,0.000000e+00,0.000000e+00,0.000000e+00,0.000000e+00,0.000000e+00,0.000000e+00,0.000000e+00,0.000000e+00,0.000000e+00,0.000000e+00,0.000000e+00
1.000000e+00,0.000000e+00,0.000000e+00,0.000000e+00,0.000000e+00,0.000000e+00,0.000000e+00,0.000000e+00,0.000000e+00,0.000000e+00,0.000000e+00,0.000000e+00,0.000000e+00,0.000000e+00,0.000000e+00
1.000000e+00,0.000000e+00,0.000000e+00,0.000000e+00,0.000000e+00,0.000000e+00,0.000000e+00,0.000000e+00,0.000000e+00,0.000000e+00,0.000000e+00,0.000000e+00,0.000000e+00,0.000000e+00,0.000000e+00
1.000000e+00,0.000000e+00,0.000000e+00,0.000000e+00,0.000000e+00,0.000000e+00,0.000000e+00,0.000000e+00,0.000000e+00,0.000000e+00,0.000000e+00,0.000000e+00,0.000000e+00,0.000000e+00,0.000000e+00
1.000000e+00,0.000000e+00,0.000000e+00,0.000000e+00,0.000000e+00,0.000000e+00,0.000000e+00,0.000000e+00,0.000000e+00,0.000000e+00,0.000000e+00,0.000000e+00,0.000000e+00,0.000000e+00,0.000000e+00
1.000000e+00,0.000000e+00,0.000000e+00,0.000000e+00,0.000000e+00,0.000000e+00,0.000000e+00,0.000000e+00,0.000000e+00,0.000000e+00,0.000000e+00,0.000000e+00,0.000000e+00,0.000000e+00,0.000000e+00
4.802682e-01,3.408258e-02,6.409874e-03,8.891305e-02,2.003448e-02,8.123700e-02,4.022241e-02,2.623405e-02,2.171239e-02,1.305306e-03,4.525948e-03,1.158352e-01,7.035256e-02,4.511986e-04,8.415854e-03
3.946590e-01,3.456657e-02,7.165955e-03,9.741563e-02,2.466177e-02,1.036052e-01,4.296745e-02,2.783890e-02,2.419333e-02,1.302500e-03,4.567515e-03,1.417923e-01,8.640229e-02,4.565942e-04,8.405002e-03
3.411822e-01,3.660418e-02,8.099243e-03,1.088087e-01,3.119902e-02,1.111386e-01,4.404902e-02,2.748116e-02,2.524344e-02,1.466664e-03,4.644951e-03,1.572832e-01,9.318931e-02,4.685302e-04,9.141850e-03
2.943939e-01,4.308423e-02,8.638944e-03,1.246695e-01,4.010903e-02,1.150422e-01,4.751781e-02,2.577116e-02,2.945174e-02,1.660807e-03,4.528556e-03,1.526795e-01,1.014048e-01,4.837597e-04,1.056408e-02
2.235812e-01,3.855231e-02,1.569339e-02,1.669783e-01,4.823781e-02,1.103335e-01,4.191567e-02,3.729394e-02,2.917210e-02,1.739456e-03,5.598886e-03,1.654761e-01,1.042905e-01,5.221294e-04,1.061476e-02
1.656359e-01,3.220377e-02,3.395759e-02,2.226629e-01,4.450294e-02,9.453637e-02,3.337268e-02,5.033664e-02,2.745513e-02,1.889574e-03,6.720366e-03,1.742028e-01,1.015160e-01,5.283546e-04,1.047898e-02
1.752752e-01,4.253643e-02,3.079413e-02,2.213150e-01,5.283527e-02,8.238371e-02,2.885248e-02,3.996490e-02,3.045224e-02,2.693955e-03,8.329166e-03,1.666232e-01,1.000305e-01,1.072187e-03,1.684170e-02
2.018463e-01,4.921283e-02,2.589843e-02,2.087103e-01,5.280616e-02,7.367596e-02,2.383925e-02,3.175374e-02,3.201446e-02,3.339527e-03,9.203660e-03,1.604960e-01,1.023814e-01,1.547122e-03,2.327499e-02
1.568830e-01,5.224748e-02,5.759177e-02,3.135251e-01,4.613418e-02,5.657577e-02,1.760472e-02,3.002259e-02,2.477716e-02,2.864019e-03,8.584423e-03,1.299112e-01,7.880212e-02,1.459538e-03,2.301693e-02
1.669927e-01,5.132953e-02,1.130891e-01,2.913590e-01,4.104316e-02,4.664367e-02,1.389574e-02,2.814100e-02,2.163718e-02,3.702268e-03,1.194439e-02,1.108015e-01,6.895310e-02,2.064187e-03,2.840342e-02
2.239692e-01,4.947804e-02,1.026026e-01,2.505628e-01,3.495827e-02,4.113185e-02,1.178744e-02,2.643596e-02,2.194394e-02,5.725932e-03,1.584149e-02,9.704317e-02,7.078266e-02,3.430661e-03,4.430593e-02
1.621926e-01,4.204980e-02,8.807224e-02,4.187989e-01,2.470125e-02,2.901998e-02,8.362819e-03,1.962085e-02,2.142874e-02,7.714684e-03,1.229624e-02,6.823523e-02,5.006643e-02,2.470513e-03,4.496974e-02
1.167189e-01,3.271527e-02,6.600526e-02,5.467434e-01,1.817629e-02,2.114865e-02,6.308373e-03,1.408870e-02,1.922579e-02,8.661528e-03,1.389696e-02,4.848109e-02,4.207166e-02,1.851024e-03,4.390716e-02
8.285519e-02,3.213277e-02,4.854345e-02,4.674505e-01,1.321249e-02,1.851935e-02,4.979319e-03,1.011099e-02,8.204971e-02,1.099270e-02,1.608420e-02,3.604561e-02,1.276422e-01,1.487686e-03,4.789383e-02
5.820985e-02,3.162311e-02,3.473498e-02,3.464053e-01,9.407479e-03,1.485943e-02,3.809338e-03,7.183639e-03,1.551487e-01,9.894920e-03,1.162982e-02,2.589856e-02,2.526097e-01,1.070055e-03,3.751514e-02
4.088189e-02,2.961183e-02,2.542420e-02,2.569118e-01,6.766585e-03,1.233467e-02,2.817730e-03,5.082511e-03,1.791578e-01,7.863055e-03,8.383918e-03,1.900131e-02,3.753191e-01,7.740037e-04,2.966951e-02
2.920235e-02,2.279883e-02,1.806605e-02,1.820596e-01,4.858396e-03,1.370083e-02,2.044071e-03,3.634618e-03,1.306356e-01,5.578396e-03,5.931329e-03,1.353716e-02,5.454347e-01,5.443025e-04,2.197371e-02
2.154365e-02,1.660869e-02,1.305448e-02,1.310464e-01,3.529098e-03,1.209669e-02,1.479424e-03,2.661697e-03,9.527324e-02,3.940888e-03,4.507905e-03,1.048465e-02,6.672885e-01,3.898420e-04,1.609474e-02
1.947362e-02,1.254152e-02,9.656631e-03,9.268061e-02,2.706332e-03,1.111062e-02,1.219361e-03,2.137236e-03,7.107542e-02,2.868824e-03,3.536041e-03,1.605945e-02,7.393518e-01,4.640499e-04,1.511841e-02
1.696297e-02,9.557478e-03,7.061692e-03,6.520906e-02,2.111323e-03,9.106840e-03,9.675752e-04,2.028111e-03,5.258253e-02,2.058815e-03,2.596493e-03,1.523230e-02,8.000265e-01,3.853698e-04,1.411295e-02
2.021651e-02,1.089028e-02,8.276436e-03,4.862447e-02,2.503159e-03,1.122809e-02,8.751710e-04,2.530672e-03,4.307041e-02,1.959130e-03,2.640082e-03,2.466236e-02,8.072989e-01,8.482297e-04,1.437610e-02
1.799913e-02,1.243247e-02,7.494655e-03,3.496789e-02,2.180383e-03,1.919978e-02,9.221370e-04,2.974804e-03,4.095137e-02,1.651932e-03,3.168590e-03,2.899382e-02,8.118681e-01,8.840507e-04,1.431084e-02
1.677031e-02,9.574066e-03,6.250863e-03,2.517975e-02,2.976019e-03,2.402648e-02,1.719111e-03,3.136712e-03,3.648744e-02,1.324625e-03,3.019060e-03,4.204145e-02,8.112877e-01,7.581683e-04,1.544826e-02
2.202621e-02,8.490060e-03,7.232910e-03,1.841895e-02,4.863406e-03,6.331889e-02,5.874351e-03,6.543970e-03,3.113581e-02,1.186431e-03,3.131200e-03,4.783722e-02,7.656949e-01,8.174573e-04,1.342826e-02
2.667622e-02,6.827179e-03,5.589979e-03,1.334021e-02,5.202889e-03,8.955604e-02,5.179300e-03,6.708127e-03,2.435283e-02,9.963824e-04,2.672232e-03,4.974568e-02,7.518736e-01,6.602947e-04,1.061899e-02
7.399403e-02,6.190608e-03,4.821589e-03,1.011818e-02,5.801213e-03,1.155552e-01,5.147739e-03,5.441909e-03,2.074168e-02,9.062680e-04,3.421595e-03,4.660857e-02,6.917001e-01,1.248686e-03,8.302611e-03
9.868697e-02,5.242817e-03,4.104313e-03,8.120218e-03,1.019426e-02,9.183405e-02,4.512309e-03,4.103427e-03,1.619687e-02,8.711313e-04,3.108120e-03,6.256057e-02,6.817565e-01,1.060494e-03,7.647979e-03
8.906580e-02,4.088223e-03,3.406350e-03,6.097492e-03,1.268358e-02,7.014415e-02,4.040716e-03,3.694855e-03,1.288918e-02,8.000348e-04,2.601733e-03,8.693054e-02,6.963130e-01,8.620673e-04,6.382272e-03
9.976815e-02,8.012045e-03,4.765137e-03,1.015732e-02,1.262993e-02,5.423094e-02,3.275938e-03,2.899166e-03,1.746388e-02,1.282329e-03,2.665334e-03,1.033237e-01,6.701117e-01,1.093999e-03,8.320476e-03
7.871793e-02,6.520511e-03,3.955174e-03,7.244721e-03,1.416165e-02,4.431436e-02,2.580952e-03,2.634162e-03,1.386444e-02,9.643084e-04,2.030334e-03,9.348368e-02,7.227027e-01,8.054205e-04,6.019650e-03
7.581688e-02,8.498343e-03,4.884591e-03,5.340304e-03,1.663299e-02,5.223277e-02,2.357342e-03,3.304631e-03,1.643855e-02,8.027085e-04,1.820568e-03,8.021593e-02,7.264783e-01,7.132217e-04,4.462934e-03
6.943230e-02,2.203395e-02,2.211163e-02,1.011150e-02,1.726975e-02,5.226389e-02,2.159050e-03,5.099403e-03,2.026797e-02,1.018533e-03,1.836348e-03,6.540176e-02,7.038803e-01,9.208140e-04,6.192846e-03
8.280914e-02,2.359205e-02,2.128406e-02,9.463698e-03,1.885347e-02,4.573677e-02,2.601201e-03,1.269123e-02,2.857759e-02,8.189824e-04,1.975984e-03,5.198859e-02,6.921629e-01,1.990122e-03,5.454236e-03
1.104710e-01,2.161637e-02,2.359567e-02,8.505967e-03,2.155449e-02,3.986915e-02,4.132863e-03,3.621570e-02,3.285851e-02,7.509859e-04,1.683623e-03,4.015925e-02,6.517836e-01,2.267742e-03,4.535233e-03
8.949119e-02,1.872942e-02,5.157508e-02,7.365816e-03,1.769043e-02,3.217416e-02,6.775655e-03,1.532127e-01,2.673554e-02,1.084328e-03,1.447484e-03,2.854033e-02,5.560702e-01,1.895142e-03,7.212513e-03
7.725765e-02,2.696047e-02,5.799204e-02,6.589660e-03,1.847691e-02,3.121954e-02,1.299962e-02,2.152487e-01,2.706007e-02,1.779843e-03,1.250175e-03,2.318951e-02,4.907460e-01,1.528612e-03,7.701242e-03
8.230177e-02,3.106671e-02,6.268784e-02,6.834709e-03,1.852022e-02,3.205649e-02,2.995323e-02,2.798064e-01,2.548975e-02,1.700251e-03,1.605208e-03,1.748808e-02,4.006320e-01,1.328520e-03,8.528841e-03
7.789598e-02,3.696701e-02,5.466687e-02,6.541476e-03,2.258393e-02,3.000973e-02,3.492355e-02,3.380363e-01,2.986785e-02,1.630591e-03,1.829784e-03,1.345607e-02,3.415371e-01,1.131980e-03,8.921826e-03
7.242803e-02,3.835653e-02,4.384456e-02,6.957116e-03,2.380959e-02,2.689106e-02,2.875938e-02,4.003303e-01,3.727587e-02,1.704285e-03,2.449894e-03,1.016058e-02,2.950186e-01,1.076127e-03,1.093815e-02
6.637667e-02,3.205341e-02,3.482070e-02,6.540284e-03,2.230860e-02,2.110251e-02,2.780641e-02,4.970217e-01,3.867306e-02,2.175397e-03,2.689527e-03,7.985539e-03,2.293278e-01,1.103695e-03,1.001474e-02
7.002991e-02,2.672384e-02,3.614056e-02,7.816519e-03,2.488995e-02,2.363194e-02,5.154550e-02,5.165561e-01,3.688921e-02,2.383878e-03,2.419018e-03,6.685012e-03,1.837068e-01,1.090658e-03,9.491173e-03
1.006829e-01,2.343153e-02,4.133520e-02,1.102456e-02,2.763654e-02,2.754384e-02,4.498255e-02,5.240737e-01,3.340543e-02,3.182018e-03,2.527114e-03,5.549952e-03,1.385889e-01,1.424582e-03,1.461121e-02
1.610379e-01,2.259577e-02,3.735039e-02,1.101324e-02,2.983708e-02,2.795884e-02,3.996578e-02,5.121843e-01,2.840661e-02,3.940525e-03,2.904779e-03,5.311674e-03,9.907985e-02,1.882282e-03,1.653100e-02
2.253259e-01,2.164406e-02,3.677740e-02,1.185384e-02,3.524334e-02,3.424502e-02,3.517495e-02,4.659845e-01,2.767138e-02,4.449587e-03,3.657400e-03,8.619390e-03,7.168929e-02,2.174614e-03,1.548932e-02
3.108731e-01,1.947617e-02,3.353831e-02,1.198773e-02,3.445752e-02,3.532456e-02,2.891912e-02,4.112654e-01,2.352938e-02,4.573305e-03,4.440941e-03,1.200604e-02,5.279913e-02,2.548220e-03,1.426107e-02
4.013066e-01,1.635369e-02,2.713988e-02,1.145866e-02,3.404767e-02,3.190627e-02,2.288485e-02,3.527033e-01,2.120824e-02,4.328705e-03,4.596983e-03,1.614351e-02,4.015603e-02,2.694724e-03,1.307087e-02
4.561307e-01,1.564279e-02,2.270719e-02,1.150292e-02,3.842534e-02,3.372274e-02,1.861914e-02,3.025904e-01,2.137695e-02,4.255366e-03,5.164768e-03,2.078067e-02,3.176659e-02,3.175839e-03,1.413856e-02
1.000000e+00,0.000000e+00,0.000000e+00,0.000000e+00,0.000000e+00,0.000000e+00,0.000000e+00,0.000000e+00,0.000000e+00,0.000000e+00,0.000000e+00,0.000000e+00,0.000000e+00,0.000000e+00,0.000000e+00
1.000000e+00,0.000000e+00,0.000000e+00,0.000000e+00,0.000000e+00,0.000000e+00,0.000000e+00,0.000000e+00,0.000000e+00,0.000000e+00,0.000000e+00,0.000000e+00,0.000000e+00,0.000000e+00,0.000000e+00
4.474701e-01,1.471004e-02,1.841497e-02,1.759217e-02,2.850144e-02,4.484041e-02,1.272465e-02,1.750541e-01,1.765651e-02,5.098945e-03,1.182024e-02,4.076144e-02,1.252410e-01,7.764618e-03,3.234927e-02
3.407470e-01,1.213445e-02,1.403986e-02,1.868622e-02,2.105536e-02,5.147623e-02,9.925538e-03,1.272186e-01,1.387812e-02,4.254462e-03,1.801131e-02,3.490761e-02,2.862859e-01,6.021371e-03,4.135792e-02
2.475997e-01,9.580545e-03,1.129537e-02,1.690508e-02,1.556530e-02,4.338409e-02,9.397127e-03,9.043750e-02,1.562044e-02,3.702663e-03,1.404659e-02,3.202717e-02,4.250498e-01,6.215543e-03,5.917304e-02
1.762900e-01,6.924847e-03,8.270702e-03,1.307045e-02,1.129439e-02,3.883366e-02,7.156395e-03,6.413653e-02,1.175705e-02,2.750608e-03,1.121097e-02,5.762172e-02,5.408229e-01,4.589203e-03,4.527054e-02
1.299114e-01,5.041362e-03,6.133768e-03,9.554210e-03,8.922791e-03,4.322347e-02,5.605761e-03,4.517771e-02,8.580881e-03,1.985383e-03,8.413485e-03,6.748103e-02,6.232412e-01,3.458572e-03,3.326898e-02
9.186733e-02,3.570138e-03,4.608661e-03,6.704081e-03,7.118456e-03,3.349490e-02,4.111819e-03,3.166907e-02,6.121209e-03,1.527707e-03,6.278647e-03,1.649031e-01,6.113517e-01,2.448871e-03,2.422438e-02
6.468505e-02,2.692781e-03,3.387025e-03,4.795479e-03,5.992369e-03,3.353761e-02,3.120931e-03,2.218564e-02,4.419916e-03,1.373827e-03,4.738791e-03,1.585342e-01,6.704099e-01,1.901818e-03,1.822469e-02
4.562183e-02,1.940184e-03,2.500609e-03,3.391373e-03,4.593466e-03,2.808412e-02,2.367219e-03,1.553567e-02,3.143155e-03,1.700113e-03,3.743720e-03,1.797678e-01,6.920543e-01,1.366850e-03,1.418966e-02
3.204947e-02,1.417696e-03,2.049596e-03,2.391092e-03,3.762135e-03,2.130011e-02,2.073739e-03,1.088661e-02,2.273397e-03,3.801850e-03,3.299731e-03,2.708627e-01,6.293716e-01,9.860004e-04,1.347428e-02
2.252389e-02,1.089728e-03,3.406058e-03,1.705206e-03,4.808227e-03,1.822642e-02,1.577339e-03,7.663577e-03,1.666959e-03,7.125574e-03,4.902012e-03,2.320994e-01,6.799707e-01,7.866200e-04,1.244822e-02
1.583813e-02,8.266892e-04,5.515951e-03,1.215445e-03,5.083985e-03,1.361678e-02,1.322669e-03,5.517922e-03,1.553048e-03,1.760161e-02,7.520451e-03,1.949167e-01,7.100431e-01,6.856364e-04,1.874189e-02
1.113405e-02,6.394507e-04,6.508527e-03,8.861966e-04,5.082292e-03,1.021229e-02,1.016334e-03,4.114463e-03,1.581478e-03,4.362397e-02,1.424110e-02,1.537336e-01,7.230252e-01,6.040361e-04,2.359702e-02
7.819603e-03,5.036044e-04,6.489044e-03,6.408585e-04,4.399420e-03,7.258714e-03,7.588673e-04,3.121695e-03,1.558927e-03,6.432406e-02,2.597599e-02,1.286525e-01,7.242199e-01,5.753085e-04,2.370151e-02
5.498059e-03,3.808166e-04,5.040086e-03,4.936487e-04,3.494011e-03,5.147140e-03,5.805214e-04,2.628077e-03,2.103606e-03,1.092040e-01,3.484758e-02,1.051116e-01,6.997859e-01,4.767065e-04,2.520825e-02
3.867283e-03,2.812669e-04,3.761339e-03,4.280741e-04,2.855029e-03,3.654764e-03,6.237407e-04,3.766995e-03,2.242500e-03,1.222927e-01,3.938970e-02,8.211648e-02,7.107219e-01,3.593758e-04,2.363886e-02
2.772325e-03,2.648012e-04,2.955087e-03,5.105802e-04,4.389985e-03,2.611409e-03,9.023178e-04,1.313027e-02,6.905962e-03,1.676153e-01,4.104131e-02,7.186165e-02,6.584213e-01,2.913302e-04,2.632641e-02
2.013546e-03,2.960877e-04,2.259866e-03,4.908977e-04,4.095603e-03,1.885724e-03,7.779549e-04,1.686830e-02,1.278171e-02,2.104191e-01,4.822589e-02,7.068333e-02,6.047088e-01,2.375246e-04,2.425564e-02
1.569076e-03,1.853920e-03,5.797555e-03,4.699422e-04,7.875526e-03,1.457923e-03,1.281529e-03,3.168674e-02,4.449495e-02,2.694152e-01,4.419650e-02,5.867388e-02,5.076669e-01,2.477441e-04,2.331257e-02
1.224040e-03,1.692466e-03,5.762357e-03,4.682204e-04,6.017767e-03,1.067294e-03,1.276114e-03,1.285453e-01,4.277148e-02,2.955345e-01,3.864785e-02,4.865490e-02,4.077736e-01,2.285695e-04,2.033552e-02
1.416852e-03,1.267388e-03,1.691223e-02,1.132783e-03,5.640542e-03,7.864384e-04,1.007851e-03,3.548977e-01,3.243345e-02,2.178273e-01,2.848738e-02,3.461457e-02,2.885431e-01,1.796390e-04,1.485273e-02
5.243482e-03,1.367657e-03,2.410809e-02,5.423603e-03,2.202746e-02,1.288994e-03,2.388616e-03,4.452297e-01,6.608634e-02,1.663033e-01,2.059785e-02,2.535677e-02,2.028250e-01,1.602460e-04,1.159288e-02
1.272193e-02,1.630664e-03,2.680141e-02,1.118913e-02,3.418905e-02,1.714344e-03,2.682939e-03,5.016520e-01,8.959322e-02,1.307214e-01,1.538588e-02,1.923143e-02,1.431112e-01,1.965608e-04,9.178856e-03
3.794965e-02,3.066153e-03,2.533994e-02,5.173909e-02,5.463724e-02,6.485001e-03,3.692480e-03,4.752564e-01,1.040453e-01,9.783353e-02,1.221092e-02,1.465667e-02,1.018386e-01,3.284706e-04,1.092063e-02
4.129574e-02,2.963213e-03,2.500706e-02,1.428420e-01,5.828876e-02,5.851187e-03,3.194472e-03,4.541972e-01,9.253343e-02,7.188781e-02,9.412806e-03,1.096052e-02,7.226128e-02,3.269170e-04,8.977608e-03
4.140757e-02,3.488945e-03,2.140136e-02,1.274619e-01,6.437905e-02,4.359677e-03,2.754881e-03,4.671940e-01,1.411179e-01,5.243706e-02,7.023309e-03,8.340157e-03,5.128776e-02,2.575750e-04,7.088891e-03
3.389539e-02,3.095042e-03,1.656420e-02,1.173905e-01,5.219007e-02,3.241559e-03,2.086078e-03,5.603427e-01,1.218329e-01,3.693905e-02,5.141855e-03,5.900050e-03,3.602808e-02,1.937714e-04,5.158723e-03
2.565821e-02,2.278481e-03,1.192315e-02,8.823342e-02,4.071171e-02,2.346637e-03,1.536148e-03,6.707304e-01,9.381140e-02,2.587534e-02,3.667156e-03,4.156582e-03,2.528317e-02,1.404398e-04,3.647829e-03
1.993498e-02,1.938558e-03,1.001919e-02,7.177494e-02,2.934613e-02,2.213855e-03,1.246191e-03,7.505921e-01,6.767729e-02,1.814516e-02,3.065025e-03,3.142782e-03,1.797274e-02,1.117108e-04,2.819389e-03
1.828932e-02,1.824502e-03,9.009678e-03,5.554717e-02,2.163770e-02,2.445786e-03,9.811918e-04,8.082305e-01,4.821640e-02,1.279994e-02,2.608814e-03,2.493177e-03,1.288923e-02,1.408662e-04,2.885718e-03
3.209267e-02,2.060256e-03,7.637687e-03,4.264861e-02,1.644814e-02,3.812706e-03,9.025246e-04,8.237098e-01,4.161697e-02,9.229104e-03,2.605371e-03,2.751106e-03,9.730686e-03,2.593903e-04,4.494920e-03
6.297255e-02,2.657192e-03,1.248710e-02,3.716041e-02,1.729647e-02,7.902998e-03,1.443693e-03,7.817513e-01,4.188760e-02,1.216022e-02,2.472063e-03,2.950930e-03,7.329547e-03,5.516102e-04,8.976231e-03
9.121508e-02,3.061335e-03,1.781549e-02,3.519677e-02,2.263651e-02,1.123801e-02,1.776391e-03,7.463195e-01,3.586991e-02,1.279844e-02,2.484625e-03,2.995915e-03,5.803539e-03,8.543498e-04,9.934084e-03
1.235928e-01,3.020716e-03,2.548729e-02,3.448932e-02,2.974197e-02,1.035365e-02,2.490836e-03,7.123864e-01,2.822483e-02,9.894746e-03,2.489675e-03,3.256810e-03,4.681085e-03,1.087656e-03,8.802195e-03
1.387214e-01,3.573979e-03,3.366438e-02,3.168442e-02,3.480622e-02,1.147310e-02,2.798207e-03,6.890374e-01,2.288361e-02,8.521060e-03,3.189959e-03,3.849501e-03,3.878920e-03,1.840557e-03,1.007721e-02
1.244858e-01,8.920652e-03,4.207762e-02,2.589340e-02,3.099594e-02,1.219187e-01,2.491199e-03,4.894335e-01,1.901016e-02,3.625198e-02,1.530702e-02,6.080568e-03,4.658895e-03,8.975771e-03,6.349873e-02
9.178372e-02,8.272183e-03,3.379205e-02,1.834976e-02,2.244846e-02,2.025690e-01,1.902799e-03,3.430628e-01,2.138286e-02,1.057157e-01,1.735695e-02,5.263746e-03,5.051756e-03,1.484303e-02,1.082051e-01
6.597672e-02,8.676507e-03,2.473141e-02,1.299283e-02,1.604852e-02,2.321585e-01,1.498222e-03,2.403243e-01,5.659726e-02,1.381176e-01,4.025996e-02,6.535075e-03,6.861728e-03,2.120623e-02,1.280152e-01
4.801216e-02,6.988658e-03,1.759515e-02,9.262418e-03,1.139263e-02,2.308066e-01,1.303888e-03,1.684504e-01,4.192854e-02,1.672512e-01,7.924332e-02,1.006038e-02,6.509551e-03,6.661266e-02,1.345824e-01
3.403484e-02,5.931342e-03,1.246744e-02,6.568764e-03,8.009782e-03,1.826355e-01,9.503449e-04,1.179941e-01,3.096996e-02,1.476119e-01,2.014090e-01,1.140703e-02,6.080886e-03,9.088948e-02,1.430395e-01
2.391253e-02,4.541644e-03,8.758257e-03,4.627066e-03,5.616146e-03,1.319021e-01,6.711369e-04,8.262546e-02,2.685226e-02,1.153174e-01,3.612367e-01,1.227484e-02,4.660325e-03,1.032910e-01,1.137131e-01
1.677780e-02,3.458438e-03,6.138043e-03,3.256490e-03,3.936793e-03,9.405167e-02,4.712494e-04,5.784009e-02,2.504481e-02,8.371507e-02,5.175563e-01,1.945002e-02,4.156756e-03,7.922551e-02,8.492089e-02
1.199781e-02,1.005386e-02,4.496527e-03,2.401237e-03,3.217950e-03,7.090507e-02,3.549371e-04,4.065409e-02,1.667556e-01,6.345306e-02,4.624245e-01,2.644319e-02,4.599520e-03,6.717730e-02,6.506530e-02
8.473460e-03,9.997436e-03,3.164362e-03,1.733477e-03,2.342358e-03,5.853241e-02,2.525252e-04,2.847438e-02,1.771301e-01,5.469140e-02,5.118202e-01,3.018096e-02,4.540498e-03,5.659905e-02,5.206739e-02
5.966021e-03,8.334219e-03,2.242749e-03,1.361229e-03,1.914100e-03,4.304600e-02,1.834425e-04,1.993622e-02,1.394301e-01,3.983798e-02,6.278306e-01,2.681302e-02,4.126976e-03,4.105048e-02,3.792687e-02
4.366407e-03,8.457567e-03,1.673701e-03,1.741412e-03,2.250210e-03,3.128816e-02,1.466926e-04,1.399424e-02,1.242242e-01,3.357361e-02,6.856802e-01,2.375265e-02,7.260582e-03,3.104175e-02,3.054866e-02
3.374054e-03,1.137294e-01,1.116249e-02,2.210348e-03,4.157669e-03,2.267463e-02,3.558773e-04,1.051794e-02,1.635722e-01,3.278272e-02,5.539310e-01,1.792475e-02,1.121748e-02,2.524460e-02,2.714487e-02
2.591049e-03,1.055442e-01,1.465977e-02,2.729331e-03,4.815130e-03,1.711251e-02,2.568217e-03,1.687374e-02,2.413078e-01,4.101190e-02,4.498781e-01,1.623665e-02,2.930223e-02,2.954947e-02,2.581998e-02
2.344971e-03,1.160363e-01,1.787555e-02,4.703014e-03,5.417163e-03,2.987516e-02,2.325624e-03,1.643936e-02,3.008058e-01,5.011308e-02,3.523961e-01,1.460317e-02,3.466125e-02,2.571851e-02,2.668495e-02
8.238174e-03,9.369773e-02,2.728603e-02,7.960064e-03,1.433311e-02,4.735266e-02,3.605534e-03,4.999001e-02,2.796433e-01,1.008038e-01,2.664683e-01,1.175189e-02,3.337734e-02,2.453541e-02,3.095660e-02
6.915730e-03,7.420483e-02,3.537194e-02,8.936008e-02,3.687246e-02,5.738144e-02,6.076987e-03,5.482489e-02,2.678102e-01,8.268404e-02,1.972463e-01,1.160181e-02,3.354035e-02,1.789559e-02,2.821341e-02
7.047690e-03,6.051226e-02,3.253993e-02,1.323446e-01,3.203442e-02,5.582285e-02,6.001562e-03,4.303697e-02,2.433242e-01,8.614981e-02,1.706991e-01,1.565425e-02,5.050896e-02,1.334602e-02,5.097738e-02
9.782279e-03,4.598587e-02,2.818145e-02,1.106432e-01,3.531805e-02,4.743886e-02,6.348593e-03,3.795391e-02,2.299076e-01,8.932339e-02,1.646515e-01,2.187081e-02,8.876608e-02,1.087593e-02,7.295243e-02
8.520250e-03,3.675387e-02,2.207160e-02,1.014785e-01,2.904556e-02,3.482811e-02,5.878992e-03,3.641761e-02,2.420246e-01,7.854933e-02,1.509423e-01,2.505754e-02,1.133849e-01,9.376347e-03,1.056704e-01
1.019523e-02,3.194172e-02,1.715708e-02,9.176262e-02,2.858463e-02,2.627127e-02,5.197881e-03,5.323698e-02,2.402540e-01,9.672886e-02,1.292585e-01,2.427134e-02,1.064239e-01,1.070270e-02,1.280133e-01
8.784467e-03,3.897167e-02,1.463350e-02,6.855506e-02,2.207056e-02,2.407346e-02,6.145529e-03,6.274395e-02,2.170275e-01,8.933932e-02,1.100794e-01,2.506832e-02,9.812002e-02,1.218963e-02,2.021976e-01
1.029085e-02,4.903432e-02,1.553637e-02,4.987128e-02,2.044863e-02,1.863052e-02,7.369824e-03,7.465543e-02,2.553397e-01,7.393195e-02,8.367085e-02,1.957190e-02,8.295483e-02,1.144117e-02,2.272524e-01
9.554049e-03,6.774206e-02,1.445032e-02,4.236555e-02,1.693191e-02,1.660401e-02,9.577964e-03,8.040809e-02,2.895680e-01,7.002692e-02,6.301181e-02,1.519787e-02,9.656689e-02,8.611303e-03,1.993833e-01
1.347773e-02,7.742870e-02,1.574017e-02,9.415603e-02,1.649966e-02,1.414817e-02,7.338561e-03,6.742891e-02,3.395164e-01,5.425134e-02,5.383715e-02,1.211861e-02,7.488804e-02,6.988616e-03,1.521819e-01
1.140820e-02,6.171402e-02,1.211176e-02,7.888980e-02,1.324829e-02,1.680434e-02,5.471167e-03,4.980415e-02,4.520718e-01,4.075897e-02,5.053166e-02,1.246275e-02,7.285010e-02,5.236904e-03,1.166361e-01
8.876077e-03,5.266876e-02,9.504756e-03,6.866858e-02,9.631677e-03,1.643098e-02,3.955700e-03,3.510560e-02,3.540506e-01,3.025463e-02,6.731810e-02,1.048450e-01,1.499593e-01,4.018423e-03,8.471195e-02
6.650098e-03,3.748323e-02,6.862753e-03,5.991605e-02,6.831591e-03,1.580958e-02,2.805820e-03,2.459187e-02,2.527664e-01,2.202064e-02,6.279286e-02,1.922069e-01,2.450327e-01,3.112357e-03,6.111713e-02
5.340036e-03,2.699134e-02,4.897691e-03,5.176215e-02,4.920339e-03,1.535243e-02,1.980294e-03,1.722663e-02,1.866437e-01,1.625689e-02,6.041576e-02,2.043207e-01,3.570745e-01,2.358752e-03,4.445880e-02
4.101160e-03,1.978231e-02,3.722182e-03,3.803145e-02,3.727067e-03,1.472700e-02,1.418471e-03,1.206496e-02,1.406808e-01,1.360048e-02,7.575461e-02,2.522604e-01,3.850806e-01,2.011529e-03,3.303698e-02
3.025215e-03,1.428988e-02,2.662137e-03,2.685037e-02,2.682452e-03,1.251333e-02,1.001251e-03,8.449397e-03,1.054863e-01,1.073086e-02,8.800542e-02,3.375511e-01,3.602569e-01,1.611440e-03,2.488395e-02
2.183605e-03,1.067071e-02,1.956663e-03,1.884969e-02,1.984305e-03,9.228745e-03,7.055861e-04,5.920567e-03,8.048718e-02,8.775658e-03,7.156894e-02,4.664435e-01,3.017710e-01,1.294930e-03,1.815885e-02
1.595674e-03,1.235490e-02,1.565540e-03,1.321327e-02,1.443572e-03,6.805689e-03,5.014819e-04,4.157325e-03,6.820268e-02,7.462609e-03,6.244942e-02,5.466810e-01,2.580866e-01,1.234412e-03,1.424584e-02
1.160160e-03,1.249879e-02,1.144483e-03,9.265852e-03,1.032415e-03,5.029747e-03,3.521166e-04,2.915052e-03,5.684743e-02,5.734707e-03,5.952447e-02,6.374146e-01,1.956214e-01,1.107139e-03,1.035163e-02
9.016682e-04,6.883535e-02,1.129906e-03,6.501540e-03,8.236096e-04,3.629603e-03,2.474649e-04,2.052356e-03,5.543399e-02,4.530258e-03,6.844848e-02,6.169917e-01,1.618592e-01,1.050843e-03,7.564071e-03
6.649221e-04,8.996479e-02,1.147641e-03,4.567403e-03,7.490999e-04,2.677859e-03,1.750276e-04,1.483439e-03,5.908059e-02,3.401620e-03,9.964344e-02,6.145837e-01,1.154606e-01,9.707534e-04,5.429178e-03
6.889891e-04,8.674540e-02,6.154917e-03,3.359998e-03,1.076226e-03,2.716310e-03,1.348560e-04,1.599857e-03,6.027251e-02,3.489815e-03,1.388355e-01,6.078815e-01,8.214246e-02,9.709734e-04,3.930687e-03
6.253155e-04,7.778730e-02,5.482912e-03,2.407540e-03,1.456570e-03,2.026032e-03,1.137641e-04,1.253478e-03,4.540215e-02,3.928740e-03,3.055309e-01,4.922987e-01,5.784537e-02,9.733670e-04,2.867826e-03
6.031885e-04,5.736288e-02,4.629561e-03,1.762942e-03,2.105718e-03,1.494632e-03,1.130762e-04,1.085446e-03,3.306274e-02,3.362609e-03,4.813924e-01,3.693237e-01,4.063114e-02,1.020162e-03,2.049782e-03
7.486009e-04,4.182458e-02,3.672137e-03,1.330020e-03,7.215253e-03,1.197926e-03,2.598620e-04,8.942337e-04,2.806094e-02,3.734162e-03,5.607407e-01,3.176856e-01,2.888330e-02,2.223630e-03,1.529045e-03
1.116235e-03,3.122740e-02,3.133776e-03,1.058897e-03,2.431470e-02,1.093679e-03,6.500953e-04,9.963667e-04,3.316236e-02,3.301542e-03,6.183169e-01,2.572667e-01,2.048553e-02,2.746758e-03,1.129079e-03
3.005116e-03,2.384658e-02,6.641032e-03,2.119549e-03,7.536854e-02,1.209682e-03,1.394591e-03,4.611502e-03,3.227995e-02,3.908300e-03,6.044997e-01,2.208982e-01,1.480811e-02,4.489371e-03,9.197918e-04
3.595565e-03,1.803645e-02,5.904919e-03,2.006553e-03,7.376307e-02,1.664128e-03,1.431589e-03,9.090085e-03,1.529555e-01,4.817068e-03,4.873359e-01,2.217901e-01,1.135373e-02,5.175517e-03,1.079801e-03
4.177807e-03,1.333009e-02,6.490296e-03,5.703770e-03,6.362390e-02,2.852132e-03,1.280570e-03,6.416384e-02,1.721531e-01,4.942243e-03,4.180788e-01,2.270439e-01,9.950906e-03,5.022196e-03,1.186332e-03
3.636262e-03,9.760345e-03,5.208110e-03,5.210129e-03,5.389235e-02,2.916752e-03,1.754215e-03,6.856757e-02,3.322720e-01,4.517686e-03,3.141927e-01,1.835521e-01,9.079239e-03,3.928909e-03,1.511634e-03
3.872659e-03,7.468510e-03,4.913940e-03,6.922378e-03,4.749452e-02,4.698223e-03,2.388212e-03,6.899774e-02,4.339978e-01,4.339540e-03,2.533113e-01,1.436830e-01,1.113543e-02,3.503172e-03,3.273532e-03
8.242588e-03,6.691629e-03,5.468312e-03,6.418786e-03,4.629591e-02,7.935611e-03,2.347218e-03,1.290689e-01,4.535500e-01,4.890402e-03,1.948201e-01,1.116475e-01,1.516327e-02,2.912337e-03,4.547411e-03
2.892439e-02,8.210200e-03,2.349693e-02,4.216298e-02,1.358331e-01,3.381106e-02,7.116553e-03,1.048618e-01,3.645444e-01,4.800244e-03,1.430225e-01,8.019263e-02,1.590564e-02,2.412079e-03,4.705392e-03
8.652850e-02,1.020039e-02,2.547683e-02,4.674735e-02,1.724153e-01,5.863465e-02,7.071113e-03,7.934804e-02,2.981734e-01,6.633083e-03,1.054876e-01,5.677193e-02,1.264942e-02,3.075314e-03,3.078704e-02
8.652775e-02,4.556655e-02,2.162562e-02,4.025035e-02,1.783342e-01,6.199585e-02,6.473847e-03,6.095638e-02,3.029920e-01,8.404305e-03,7.578279e-02,4.014362e-02,9.439090e-03,2.467538e-03,5.904011e-02
8.615492e-02,5.886044e-02,2.309364e-02,5.615736e-02,1.912717e-01,6.370182e-02,6.175264e-03,6.307210e-02,2.864830e-01,8.265430e-03,6.319299e-02,2.917851e-02,7.465048e-03,2.088760e-03,5.483905e-02
9.529497e-02,6.987814e-02,1.752571e-02,4.704183e-02,2.035859e-01,5.703077e-02,5.423306e-03,6.369668e-02,3.125956e-01,6.666628e-03,4.917108e-02,2.099520e-02,5.788651e-03,1.924354e-03,4.338122e-02
1.025326e-01,7.889014e-02,1.454253e-02,3.983589e-02,2.136102e-01,5.425860e-02,4.805869e-03,6.248591e-02,3.085742e-01,5.879636e-03,3.611484e-02,1.528716e-02,4.852992e-03,2.762898e-03,5.556642e-02
1.027477e-01,7.769549e-02,1.132428e-02,3.140549e-02,2.009571e-01,5.594223e-02,4.307128e-03,6.554673e-02,3.421781e-01,5.264872e-03,2.753266e-02,1.154358e-02,4.515490e-03,3.535282e-03,5.550392e-02
8.830330e-02,6.207427e-02,9.052124e-03,2.471796e-02,1.956374e-01,4.542477e-02,4.495401e-03,1.383945e-01,3.484603e-01,4.159155e-03,2.103538e-02,8.537045e-03,3.955891e-03,3.226866e-03,4.252563e-02
9.502627e-02,5.195200e-02,8.461500e-03,2.253260e-02,1.953920e-01,4.288995e-02,5.930120e-03,1.710516e-01,3.405711e-01,3.399884e-03,1.693993e-02,6.608777e-03,3.996462e-03,2.968485e-03,3.227935e-02
8.524082e-02,4.095396e-02,8.163811e-03,1.988943e-02,1.660484e-01,3.838012e-02,5.677223e-03,2.874978e-01,2.968865e-01,2.872075e-03,1.271731e-02,4.883967e-03,3.740187e-03,2.808542e-03,2.423988e-02
9.442707e-02,3.362552e-02,1.509516e-02,1.963624e-02,1.258488e-01,3.106541e-02,9.900657e-03,3.962495e-01,2.327582e-01,2.483229e-03,1.028788e-02,4.169212e-03,4.017530e-03,2.459356e-03,1.797632e-02
9.966122e-02,2.898789e-02,2.361900e-02,2.269323e-02,1.118032e-01,3.516571e-02,1.591862e-02,4.249496e-01,1.825156e-01,2.283587e-03,9.296069e-03,3.994082e-03,2.244213e-02,2.326311e-03,1.434395e-02
1.555030e-01,2.354690e-02,3.368748e-02,2.271332e-02,8.979751e-02,6.239551e-02,1.685390e-02,3.921632e-01,1.316303e-01,2.652175e-03,9.081373e-03,1.727062e-02,2.614653e-02,2.625761e-03,1.393244e-02
1.243660e-01,1.735035e-02,3.661908e-02,2.114927e-02,6.603678e-02,5.441155e-02,6.008536e-02,3.564760e-01,9.479830e-02,7.040829e-03,2.661826e-02,4.785066e-02,7.287345e-02,2.507964e-03,1.181624e-02
9.222362e-02,1.236863e-02,2.595627e-02,1.675194e-02,4.689982e-02,4.113705e-02,6.688587e-02,2.507538e-01,6.710456e-02,7.148239e-03,4.016796e-02,7.214825e-02,2.487578e-01,1.840506e-03,9.855788e-03
7.996170e-02,9.377798e-03,1.821797e-02,1.280382e-02,3.312270e-02,3.328853e-02,6.462756e-02,1.757012e-01,4.821550e-02,9.230377e-03,6.876284e-02,8.402968e-02,3.506164e-01,2.875844e-03,9.168038e-03
6.653681e-02,7.155174e-03,1.281836e-02,9.301261e-03,2.354829e-02,2.546114e-02,8.679730e-02,1.231574e-01,3.508202e-02,7.411202e-03,6.862671e-02,1.851063e-01,3.341407e-01,7.180803e-03,7.676475e-03
4.805887e-02,5.383397e-03,9.193637e-03,6.980016e-03,1.670920e-02,1.861704e-02,6.541157e-02,8.652437e-02,3.111534e-02,6.883665e-03,1.071306e-01,2.525459e-01,3.244999e-01,1.444395e-02,6.502543e-03
3.394346e-02,4.005509e-03,6.555972e-03,5.149079e-03,1.196785e-02,1.336801e-02,4.721985e-02,6.075005e-02,3.109412e-02,7.879980e-03,1.066589e-01,3.633640e-01,2.791649e-01,2.298424e-02,5.894032e-03
2.416967e-02,3.237712e-03,4.794743e-03,4.271057e-03,9.339128e-03,1.032651e-02,3.369901e-02,4.312164e-02,6.273447e-02,1.314905e-02,1.227311e-01,3.800224e-01,2.218577e-01,6.030748e-02,6.238419e-03
1.717705e-02,2.383567e-03,3.407208e-03,3.159393e-03,6.727316e-03,7.363617e-03,2.364009e-02,3.023096e-02,7.758396e-02,1.081436e-02,1.282053e-01,4.453576e-01,1.656016e-01,7.301144e-02,5.336617e-03
1.216566e-02,1.917189e-03,2.669340e-03,2.300962e-03,4.935768e-03,5.360780e-03,1.655655e-02,2.117868e-02,1.186727e-01,8.929901e-03,1.722219e-01,4.228879e-01,1.184869e-01,8.721889e-02,4.496892e-03
8.654214e-03,1.642471e-03,2.414208e-03,1.981047e-03,4.493391e-03,3.900266e-03,1.160251e-02,1.486713e-02,2.691110e-01,7.919149e-03,1.523392e-01,3.600247e-01,8.342477e-02,7.410329e-02,3.522727e-03
6.432148e-03,1.330149e-03,1.773435e-03,1.679437e-03,3.846563e-03,2.929237e-03,8.130822e-03,1.045058e-02,3.797979e-01,6.580443e-03,1.346999e-01,2.937490e-01,5.875817e-02,8.696704e-02,2.875215e-03
5.220913e-03,1.747427e-03,1.397983e-03,1.462754e-03,4.695527e-03,2.243460e-03,5.703464e-03,7.405776e-03,5.042984e-01,6.648301e-03,1.104338e-01,2.126960e-01,4.125353e-02,9.246983e-02,2.322805e-03
4.092341e-03,1.387730e-03,1.245630e-03,1.073685e-03,3.502682e-03,1.830500e-03,3.993586e-03,5.192339e-03,6.222125e-01,5.286303e-03,8.605521e-02,1.509453e-01,2.895058e-02,8.252691e-02,1.704777e-03
3.293622e-03,1.141160e-03,1.366906e-03,8.788632e-04,2.704804e-03,1.679472e-03,2.800173e-03,3.656250e-03,7.031507e-01,4.945605e-03,6.763194e-02,1.074239e-01,2.033636e-02,7.772575e-02,1.264456e-03
3.102403e-03,9.659267e-04,1.682001e-03,7.557027e-04,2.028044e-03,1.921766e-03,1.965025e-03,2.604950e-03,7.341849e-01,3.904594e-03,5.789543e-02,7.608201e-02,1.430750e-02,9.763621e-02,9.635715e-04
2.807666e-03,1.281884e-03,2.356755e-03,6.854325e-04,1.654792e-03,2.030924e-03,1.379526e-03,1.856392e-03,7.826123e-01,3.077095e-03,4.736356e-02,5.354913e-02,1.009852e-02,8.840368e-02,8.422956e-04
