1.000000e+00,0.000000e+00,0.000000e+00,0.000000e+00,0.000000e+00,0.000000e+00,0.000000e+00,0.000000e+00,0.000000e+00,0.000000e+00,0.000000e+00,0.000000e+00,0.000000e+00,0.000000e+00,0.000000e+00
1.000000e+00,0.000000e+00,0.000000e+00,0.000000e+00,0.000000e+00,0.000000e+00,0.000000e+00,0.000000e+00,0.000000e+00,0.000000e+00,0.000000e+00,0.000000e+00,0.000000e+00,0.000000e+00,0.000000e+00
1.000000e+00,0.000000e+00,0.000000e+00,0.000000e+00,0.000000e+00,0.000000e+00,0.000000e+00,0.000000e+00,0.000000e+00,0.000000e+00,0.000000e+00,0.000000e+00,0.000000e+00,0.000000e+00,0.000000e+00
1.000000e+00,0.000000e+00,0.000000e+00,0.000000e+00,0.000000e+00,0.000000e+00,0.000000e+00,0.000000e+00,0.000000e+00,0.000000e+00,0.000000e+00,0.000000e+00,0.000000e+00,0.000000e+00,0.000000e+00
1.000000e+00,0.000000e+00,0.000000e+00,0.000000e+00,0.000000e+00,0.000000e+00,0.000000e+00,0.000000e+00,0.000000e+00,0.000000e+00,0.000000e+00,0.000000e+00,0.000000e+00,0.000000e+00,0.000000e+00
1.000000e+00,0.000000e+00,0.000000e+00,0.000000e+00,0.000000e+00,0.000000e+00,0.000000e+00,0.000000e+00,0.000000e+00,0.000000e+00,0.000000e+00,0.000000e+00,0.000000e+00,0.000000e+00,0.000000e+00
1.000000e+00,0.000000e+00,0.000000e+00,0.000000e+00,0.000000e+00,0.000000e+00,0.000000e+00,0.000000e+00,0.000000e+00,0.000000e+00,0.000000e+00,0.000000e+00,0.000000e+00,0.000000e+00,0.000000e+00
1.000000e+00,0.000000e+00,0.000000e+00,0.000000e+00,0.000000e+00,0.000000e+00,0.000000e+00,0.000000e+00,0.000000e+00,0.000000e+00,0.000000e+00,0.000000e+00,0.000000e+00,0.000000e+00,0.000000e+00
1.000000e+00,0.000000e+00,0.000000e+00,0.000000e+00,0.000000e+00,0.000000e+00,0.000000e+00,0.000000e+00,0.000000e+00,0.000000e+00,0.000000e+00,0.000000e+00,0.000000e+00,0.000000e+00,0.000000e+00
1.000000e+00,0.000000e+00,0.000000e+00,0.000000e+00,0.000000e+00,0.000000e+00,0.000000e+00,0.000000e+00,0.000000e+00,0.000000e+00,0.000000e+00,0.000000e+00,0.000000e+00,0.000000e+00,0.000000e+00
1.000000e+00,0.000000e+00,0.000000e+00,0.000000e+00,0.000000e+00,0.000000e+00,0.000000e+00,0.000000e+00,0.000000e+00,0.000000e+00,0.000000e+00,0.000000e+00,0.000000e+00,0.000000e+00,0.000000e+00
1.000000e+00,0.000000e+00,0.000000e+00,0.000000e+00,0.000000e+00,0.000000e+00,0.000000e+00,0.000000e+00,0.000000e+00,0.000000e+00,0.000000e+00,0.000000e+00,0.000000e+00,0.000000e+00,0.000000e+00
1.000000e+00,0.000000e+00,0.000000e+00,0.000000e+00,0.000000e+00,0.000000e+00,0.000000e+00,0.000000e+00,0.000000e+00,0.000000e+00,0.000000e+00,0.000000e+00,0.000000e+00,0.000000e+00,0.000000e+00
1.000000e+00,0.000000e+00,0.000000e+00,0.000000e+00,0.000000e+00,0.000000e+00,0.000000e+00,0.000000e+00,0.000000e+00,0.000000e+00,0.000000e+00,0.000000e+00,0.000000e+00,0.000000e+00,0.000000e+00
1.000000e+00,0.000000e+00,0.000000e+00,0.000000e+00,0.000000e+00,0.000000e+00,0.000000e+00,0.000000e+00,0.000000e+00,0.000000e+00,0.000000e+00,0.000000e+00,0.000000e+00,0.000000e+00,0.000000e+00
1.000000e+00,0.000000e+00,0.000000e+00,0.000000e+00,0.000000e+00,0.000000e+00,0.000000e+00,0.000000e+00,0.000000e+00,0.000000e+00,0.000000e+00,0.000000e+00,0.000000e+00,0.000000e+00,0.000000e+00
1.000000e+00,0.000000e+00,0.000000e+00,0.000000e+00,0.000000e+00,0.000000e+00,0.000000e+00,0.000000e+00,0.000000e+00,0.000000e+00,0.000000e+00,0.000000e+00,0.000000e+00,0.000000e+00,0.000000e+00
1.000000e+00,0.000000e+00,0.000000e+00,0.000000e+00,0.000000e+00,0.000000e+00,0.000000e+00,0.000000e+00,0.000000e+00,0.000000e+00,0.000000e+00,0.000000e+00,0.000000e+00,0.000000e+00,0.000000e+00
1.000000e+00,0.000000e+00,0.000000e+00,0.000000e+00,0.000000e+00,0.000000e+00,0.000000e+00,0.000000e+00,0.000000e+00,0.000000e+00,0.000000e+00,0.000000e+00,0.000000e+00,0.000000e+00,0.000000e+00
1.000000e+00,0.000000e+00,0.000000e+00,0.000000e+00,0.000000e+00,0.000000e+00,0.000000e+00,0.000000e+00,0.000000e+00,0.000000e+00,0.000000e+00,0.000000e+00,0.000000e+00,0.000000e+00,0.000000e+00
1.000000e+00,0.000000e+00,0.000000e+00,0.000000e+00,0.000000e+00,0.000000e+00,0.000000e+00,0.000000e+00,0.000000e+00,0.000000e+00,0.000000e+00,0.000000e+00,0.000000e+00,0.000000e+00,0.000000e+00
1.000000e+00,0.000000e+00,0.000000e+00,0.000000e+00,0.000000e+00,0.000000e+00,0.000000e+00,0.000000e+00,0.000000e+00,0.000000e+00,0.000000e+00,0.000000e+00,0.000000e+00,0.000000e+00,0.000000e+00
1.000000e+00,0.000000e+00,0.000000e+00,0.000000e+00,0.000000e+00,0.000000e+00,0.000000e+00,0.000000e+00,0.000000e+00,0.000000e+00,0.000000e+00,0.000000e+00,0.000000e+00,0.000000e+00,0.000000e+00
1.000000e+00,0.000000e+00,0.000000e+00,0.000000e+00,0.000000e+00,0.000000e+00,0.000000e+00,0.000000e+00,0.000000e+00,0.000000e+00,0.000000e+00,0.000000e+00,0.000000e+00,0.000000e+00,0.000000e+00
1.000000e+00,0.000000e+00,0.000000e+00,0.000000e+00,0.000000e+00,0.000000e+00,0.000000e+00,0.000000e+00,0.000000e+00,0.000000e+00,0.000000e+00,0.000000e+00,0.000000e+00,0.000000e+00,0.000000e+00
1.000000e+00,0.000000e+00,0.000000e+00,0.000000e+00,0.000000e+00,0.000000e+00,0.000000e+00,0.000000e+00,0.000000e+00,0.000000e+00,0.000000e+00,0.000000e+00,0.000000e+00,0.000000e+00,0.000000e+00
1.000000e+00,0.000000e+00,0.000000e+00,0.000000e+00,0.000000e+00,0.000000e+00,0.000000e+00,0.000000e+00,0.000000e+00,0.000000e+00,0.000000e+00,0.000000e+00,0.000000e+00,0.000000e+00,0.000000e+00
1.000000e+00,0.000000e+00,0.000000e+00,0.000000e+00,0.000000e+00,0.000000e+00,0.000000e+00,0.000000e+00,0.000000e+00,0.000000e+00,0.000000e+00,0.000000e+00,0.000000e+00,0.000000e+00,0.000000e+00
1.000000e+00,0.000000e+00,0.000000e+00,0.000000e+00,0.000000e+00,0.000000e+00,0.000000e+00,0.000000e+00,0.000000e+00,0.000000e+00,0.000000e+00,0.000000e+00,0.000000e+00,0.000000e+00,0.000000e+00
1.000000e+00,0.000000e+00,0.000000e+00,0.000000e+00,0.000000e+00,0.000000e+00,0.000000e+00,0.000000e+00,0.000000e+00,0.000000e+00,0.000000e+00,0.000000e+00,0.000000e+00,0.000000e+00,0.000000e+00
1.000000e+00,0.000000e+00,0.000000e+00,0.000000e+00,0.000000e+00,0.000000e+00,0.000000e+00,0.000000e+00,0.000000e+00,0.000000e+00,0.000000e+00,0.000000e+00,0.000000e+00,0.000000e+00,0.000000e+00
1.000000e+00,0.000000e+00,0.000000e+00,0.000000e+00,0.000000e+00,0.000000e+00,0.000000e+00,0.000000e+00,0.000000e+00,0.000000e+00,0.000000e+00,0.000000e+00,0.000000e+00,0.000000e+00,0.000000e+00
1.000000e+00,0.000000e+00,0.000000e+00,0.000000e+00,0.000000e+00,0.000000e+00,0.000000e+00,0.000000e+00,0.000000e+00,0.000000e+00,0.000000e+00,0.000000e+00,0.000000e+00,0.000000e+00,0.000000e+00
1.000000e+00,0.000000e+00,0.000000e+00,0.000000e+00,0.000000e+00,0.000000e+00,0.000000e+00,0.000000e+00,0.000000e+00,0.000000e+00,0.000000e+00,0.000000e+00,0.000000e+00,0.000000e+00,0.000000e+00
1.000000e+00,0.000000e+00,0.000000e+00,0.000000e+00,0.000000e+00,0.000000e+00,0.000000e+00,0.000000e+00,0.000000e+00,0.000000e+00,0.000000e+00,0.000000e+00,0.000000e+00,0.000000e+00,0.000000e+00
1.000000e+00,0.000000e+00,0.000000e+00,0.000000e+00,0.000000e+00,0.000000e+00,0.000000e+00,0.000000e+00,0.000000e+00,0.000000e+00,0.000000e+00,0.000000e+00,0.000000e+00,0.000000e+00,0.000000e+00
1.000000e+00,0.000000e+00,0.000000e+00,0.000000e+00,0.000000e+00,0.000000e+00,0.000000e+00,0.000000e+00,0.000000e+00,0.000000e+00,0.000000e+00,0.000000e+00,0.000000e+00,0.000000e+00,0.000000e+00
1.000000e+00,0.000000e+00,0.000000e+00,0.000000e+00,0.000000e+00,0.000000e+00,0.000000e+00,0.000000e+00,0.000000e+00,0.000000e+00,0.000000e+00,0.000000e+00,0.000000e+00,0.000000e+00,0.000000e+00
1.000000e+00,0.000000e+00,0.000000e+00,0.000000e+00,0.000000e+00,0.000000e+00,0.000000e+00,0.000000e+00,0.000000e+00,0.000000e+00,0.000000e+00,0.000000e+00,0.000000e+00,0.000000e+00,0.000000e+00
1.000000e+00,0.000000e+00,0.000000e+00,0.000000e+00,0.000000e+00,0.000000e+00,0.000000e+00,0.000000e+00,0.000000e+00,0.000000e+00,0.000000e+00,0.000000e+00,0.000000e+00,0.000000e+00,0.000000e+00
1.000000e+00,0.000000e+00,0.000000e+00,0.000000e+00,0.000000e+00,0.000000e+00,0.000000e+00,0.000000e+00,0.000000e+00,0.000000e+00,0.000000e+00,0.000000e+00,0.000000e+00,0.000000e+00,0.000000e+00
1.000000e+00,0.000000e+00,0.000000e+00,0.000000e+00,0.000000e+00,0.000000e+00,0.000000e+00,0.000000e+00,0.000000e+00,0.000000e+00,0.000000e+00,0.000000e+00,0.000000e+00,0.000000e+00,0.000000e+00
1.000000e+00,0.000000e+00,0.000000e+00,0.000000e+00,0.000000e+00,0.000000e+00,0.000000e+00,0.000000e+00,0.000000e+00,0.000000e+00,0.000000e+00,0.000000e+00,0.000000e+00,0.000000e+00,0.000000e+00
1.000000e+00,0.000000e+00,0.000000e+00,0.000000e+00,0.000000e+00,0.000000e+00,0.000000e+00,0.000000e+00,0.000000e+00,0.000000e+00,0.000000e+00,0.000000e+00,0.000000e+00,0.000000e+00,0.000000e+00
1.000000e+00,0.000000e+00,0.000000e+00,0.000000e+00,0.000000e+00,0.000000e+00,0.000000e+00,0.000000e+00,0.000000e+00,0.000000e+00,0.000000e+00,0.000000e+00,0.000000e+00,0.000000e+00,0.000000e+00
1.000000e+00,0.000000e+00,0.000000e+00,0.000000e+00,0.000000e+00,0.000000e+00,0.000000e+00,0.000000e+00,0.000000e+00,0.000000e+00,0.000000e+00,0.000000e+00,0.000000e+00,0.000000e+00,0.000000e+00
1.000000e+00,0.000000e+00,0.000000e+00,0.000000e+00,0.000000e+00,0.000000e+00,0.000000e+00,0.000000e+00,0.000000e+00,0.000000e+00,0.000000e+00,0.000000e+00,0.000000e+00,0.000000e+00,0.000000e+00
1.000000e+00,0.000000e+00,0.000000e+00,0.000000e+00,0.000000e+00,0.000000e+00,0.000000e+00,0.000000e+00,0.000000e+00,0.000000e+00,0.000000e+00,0.000000e+00,0.000000e+00,0.000000e+00,0.000000e+00
1.000000e+00,0.000000e+00,0.000000e+00,0.000000e+00,0.000000e+00,0.000000e+00,0.000000e+00,0.000000e+00,0.000000e+00,0.000000e+00,0.000000e+00,0.000000e+00,0.000000e+00,0.000000e+00,0.000000e+00
1.000000e+00,0.000000e+00,0.000000e+00,0.000000e+00,0.000000e+00,0.000000e+00,0.000000e+00,0.000000e+00,0.000000e+00,0.000000e+00,0.000000e+00,0.000000e+00,0.000000e+00,0.000000e+00,0.000000e+00
4.518408e-01,2.356111e-02,6.569223e-03,1.499347e-02,2.399794e-01,2.102697e-01,3.586858e-03,2.949513e-03,2.199377e-03,9.084858e-03,4.970501e-03,8.893324e-03,7.304761e-03,3.799006e-03,9.998225e-03
3.238543e-01,3.128540e-02,5.813982e-03,1.151789e-02,3.608603e-01,1.650519e-01,2.838235e-03,2.217388e-03,2.749807e-03,2.197988e-02,5.112587e-03,6.288201e-03,5.328408e-03,1.122216e-02,4.387961e-02
2.312011e-01,4.512170e-02,4.782182e-03,8.242710e-03,2.821285e-01,1.529476e-01,2.086107e-03,1.710163e-03,2.331847e-02,5.438326e-02,4.307404e-03,4.481053e-03,4.098699e-03,2.476259e-02,1.564284e-01
1.680367e-01,6.232297e-02,4.907179e-03,6.036453e-03,2.318058e-01,1.447575e-01,1.571236e-03,1.520142e-03,3.123631e-02,7.248165e-02,3.827460e-03,3.266307e-03,3.321432e-03,4.991315e-02,2.149957e-01
1.332859e-01,5.635093e-02,6.446769e-03,4.596332e-03,1.854652e-01,1.294976e-01,1.182123e-03,1.350855e-03,2.522755e-02,6.462816e-02,3.227800e-03,2.415701e-03,2.716347e-03,1.235563e-01,2.600524e-01
1.386533e-01,5.576040e-02,1.208086e-02,3.729508e-03,1.567846e-01,1.082838e-01,1.018786e-03,1.519715e-03,2.019199e-02,5.512415e-02,3.836825e-03,2.046491e-03,2.581069e-03,1.294802e-01,3.089083e-01
1.207870e-01,4.853380e-02,1.394316e-02,3.080328e-03,1.200758e-01,8.564977e-02,8.238161e-04,1.819023e-03,2.178204e-02,5.127964e-02,5.216857e-03,1.751986e-03,2.297276e-03,1.605137e-01,3.624458e-01
1.193402e-01,4.610671e-02,1.503708e-02,3.228997e-03,9.436084e-02,7.429234e-02,7.533040e-04,1.953547e-03,3.402134e-02,6.336518e-02,7.056932e-03,1.745049e-03,2.333457e-03,1.727251e-01,3.636800e-01
1.464095e-01,4.274054e-02,1.391944e-02,3.473941e-03,7.266413e-02,6.119961e-02,6.974741e-04,2.138135e-03,3.174482e-02,7.734899e-02,7.487581e-03,1.652234e-03,2.270956e-03,1.715779e-01,3.646747e-01
2.596337e-01,3.733213e-02,1.151159e-02,4.222660e-03,6.206342e-02,5.698014e-02,8.870357e-04,2.826943e-03,2.589102e-02,6.770813e-02,6.627921e-03,2.116404e-03,2.963422e-03,1.549598e-01,3.042756e-01
2.674239e-01,2.997741e-02,9.618048e-03,4.764890e-03,4.876181e-02,4.787930e-02,8.197640e-04,2.740747e-03,4.022642e-02,6.296772e-02,8.118910e-03,2.425328e-03,4.408758e-03,1.771526e-01,2.927144e-01
3.127902e-01,2.551785e-02,8.573378e-03,6.452625e-03,4.274227e-02,4.119371e-02,8.718111e-04,3.312963e-03,5.557949e-02,5.324260e-02,1.230373e-02,2.455107e-03,5.707354e-03,1.708065e-01,2.584504e-01
4.039856e-01,2.184772e-02,8.502649e-03,8.954108e-03,3.927168e-02,3.543813e-02,1.033479e-03,5.468580e-03,4.878045e-02,4.068957e-02,1.605111e-02,4.186236e-03,5.977868e-03,1.440292e-01,2.157837e-01
2.886285e-01,1.850884e-01,7.039754e-03,7.011024e-02,2.899794e-02,2.562196e-02,7.877467e-04,4.189495e-03,4.378626e-02,2.965502e-02,1.791723e-02,8.092393e-03,8.296441e-03,1.021781e-01,1.796106e-01
2.023171e-01,1.330147e-01,5.318817e-03,5.193577e-02,2.034823e-02,1.826748e-02,5.702023e-04,2.955604e-03,4.405798e-02,2.508539e-02,1.496028e-02,6.545444e-03,9.677020e-03,8.251867e-02,3.824273e-01
1.422073e-01,9.412348e-02,3.808341e-03,3.638679e-02,1.479391e-02,1.351431e-02,4.134321e-04,2.082633e-03,3.467351e-02,1.842273e-02,1.137407e-02,4.645771e-03,7.413255e-03,1.438743e-01,4.722662e-01
1.000657e-01,6.691097e-02,2.706140e-03,2.556850e-02,1.052747e-02,9.728006e-03,3.031090e-04,1.476902e-03,3.532156e-02,1.460360e-02,8.447174e-03,3.444876e-03,5.595224e-03,1.233149e-01,5.919859e-01
7.020624e-02,4.935831e-02,1.920084e-03,1.798610e-02,7.405424e-03,7.063658e-03,2.223698e-04,1.038217e-03,3.068431e-02,1.208684e-02,6.202347e-03,2.588154e-03,4.215312e-03,1.393527e-01,6.496699e-01
5.145409e-02,3.726424e-02,1.385818e-03,1.274528e-02,5.446000e-03,5.441405e-03,1.996897e-04,7.566584e-04,2.807738e-02,1.013280e-02,5.378942e-03,2.146611e-03,3.899148e-03,1.612700e-01,6.744020e-01
3.658368e-02,3.609120e-02,1.462601e-03,2.022801e-02,3.878766e-03,4.005757e-03,1.603819e-04,5.404192e-04,9.572484e-02,8.211329e-03,4.359239e-03,1.775542e-03,2.914195e-03,1.196506e-01,6.644135e-01
2.701635e-02,3.315826e-02,1.309834e-03,1.474216e-02,2.787615e-03,2.966853e-03,1.404118e-04,4.008737e-04,1.064978e-01,7.615439e-03,5.374383e-03,1.564310e-03,2.283040e-03,1.289711e-01,6.651715e-01
2.321031e-02,4.388013e-02,1.155664e-03,1.071357e-02,2.159042e-03,2.450757e-03,1.307194e-04,3.242125e-04,9.438351e-02,7.837822e-03,7.421570e-03,1.935739e-03,2.118078e-03,2.012473e-01,6.010317e-01
1.721469e-02,1.552849e-01,1.383919e-03,8.435707e-03,1.530442e-03,1.821583e-03,9.915746e-05,2.394720e-04,8.947212e-02,6.637598e-03,9.095776e-03,2.849972e-03,1.828576e-03,1.942046e-01,5.099015e-01
2.372650e-02,1.433626e-01,1.688645e-03,6.735346e-03,1.442722e-03,1.719818e-03,1.117934e-04,2.484788e-04,7.902402e-02,8.192504e-03,8.837391e-03,2.718614e-03,3.018388e-03,2.933989e-01,4.257744e-01
2.273667e-02,1.274130e-01,1.814656e-03,5.305442e-03,1.083564e-03,1.572827e-03,1.064438e-04,2.539368e-04,8.091167e-02,1.375060e-02,8.890195e-03,2.606124e-03,2.989782e-03,3.765955e-01,3.539697e-01
1.848217e-02,1.591869e-01,2.080169e-03,5.361571e-03,8.441136e-04,1.696933e-03,8.928491e-05,2.263458e-04,1.622420e-01,2.787475e-02,1.068663e-02,2.967455e-03,3.571620e-03,3.173438e-01,2.873462e-01
5.108597e-02,1.819763e-01,3.585614e-03,7.448082e-03,2.852463e-03,5.628028e-03,1.146945e-04,5.839648e-04,1.764524e-01,2.758264e-02,1.197253e-02,2.657913e-03,4.759599e-03,2.457411e-01,2.775587e-01
4.417388e-02,2.507228e-01,3.458423e-03,1.332009e-02,2.144475e-03,4.661664e-03,1.114462e-04,5.609468e-04,1.955921e-01,2.417967e-02,1.018823e-02,3.932165e-03,4.948881e-03,1.751445e-01,2.668607e-01
5.364946e-02,2.177141e-01,3.925896e-03,1.169947e-02,3.293073e-03,6.127921e-03,1.198598e-04,7.609824e-04,2.110602e-01,2.178846e-02,1.040637e-02,3.314037e-03,5.616101e-03,1.408349e-01,3.096892e-01
5.494508e-02,1.833312e-01,1.638171e-02,7.947530e-02,2.166170e-02,7.493394e-03,3.333058e-04,8.483845e-03,2.428630e-01,1.641906e-02,1.168546e-02,3.462403e-03,6.684944e-03,1.004286e-01,2.463510e-01
9.006300e-02,1.623987e-01,2.188848e-02,6.751975e-02,2.284343e-02,8.332800e-03,3.841012e-04,8.575883e-03,2.059619e-01,1.473524e-02,1.238352e-02,4.080262e-03,7.142646e-03,8.031880e-02,2.933715e-01
8.000370e-02,1.504945e-01,6.800282e-02,1.433985e-01,5.520925e-02,1.460928e-02,2.159021e-03,2.397346e-02,1.593030e-01,1.057860e-02,1.075200e-02,3.304040e-03,6.044182e-03,5.707440e-02,2.150932e-01
1.042509e-01,1.242969e-01,1.151039e-01,1.282637e-01,6.676984e-02,1.576426e-02,2.250041e-03,2.017925e-02,1.359990e-01,9.937399e-03,1.122159e-02,4.583445e-03,7.205001e-03,5.677227e-02,1.974025e-01
1.723092e-01,1.106683e-01,9.665865e-02,9.846008e-02,7.269133e-02,1.628891e-02,3.196693e-03,4.271544e-02,1.283294e-01,9.123020e-03,1.023846e-02,5.702686e-03,7.078409e-03,4.755420e-02,1.789852e-01
1.931221e-01,9.245131e-02,7.994259e-02,7.955896e-02,7.462173e-02,1.532665e-02,3.879953e-03,3.916996e-02,1.114237e-01,9.679852e-03,1.018014e-02,6.382766e-03,1.095060e-02,4.499898e-02,2.283107e-01
1.801501e-01,7.851937e-02,1.235948e-01,1.512092e-01,5.787703e-02,1.368025e-02,3.358069e-03,3.062109e-02,8.867517e-02,7.653426e-03,1.170936e-02,6.560334e-03,9.936368e-03,3.477799e-02,2.016774e-01
2.549233e-01,6.644185e-02,1.114583e-01,1.415163e-01,5.057816e-02,1.361533e-02,3.547770e-03,3.511712e-02,7.561105e-02,6.855907e-03,1.202816e-02,8.052604e-03,1.012107e-02,2.736129e-02,1.827717e-01
2.892627e-01,6.376625e-02,9.458385e-02,1.741221e-01,4.651627e-02,1.434577e-02,3.585459e-03,3.550626e-02,6.401470e-02,5.815373e-03,1.122910e-02,9.791300e-03,9.579292e-03,2.309432e-02,1.547872e-01
3.636175e-01,5.284225e-02,7.557777e-02,1.450632e-01,4.143304e-02,1.470818e-02,3.307045e-03,5.504446e-02,5.542950e-02,5.263587e-03,1.053404e-02,1.372964e-02,9.551993e-03,2.283508e-02,1.310627e-01
4.571750e-01,4.198744e-02,5.903539e-02,1.116780e-01,3.643057e-02,1.492990e-02,3.513181e-03,6.621395e-02,4.609355e-02,5.163246e-03,1.082025e-02,1.666212e-02,1.025152e-02,2.171881e-02,9.832698e-02
1.000000e+00,0.000000e+00,0.000000e+00,0.000000e+00,0.000000e+00,0.000000e+00,0.000000e+00,0.000000e+00,0.000000e+00,0.000000e+00,0.000000e+00,0.000000e+00,0.000000e+00,0.000000e+00,0.000000e+00
4.775453e-01,3.719723e-02,7.375322e-02,8.561297e-02,2.123152e-02,2.448007e-02,3.673266e-03,4.198378e-02,9.517987e-02,7.231648e-03,1.507167e-02,1.172763e-02,1.931860e-02,1.458948e-02,7.140374e-02
1.000000e+00,0.000000e+00,0.000000e+00,0.000000e+00,0.000000e+00,0.000000e+00,0.000000e+00,0.000000e+00,0.000000e+00,0.000000e+00,0.000000e+00,0.000000e+00,0.000000e+00,0.000000e+00,0.000000e+00
1.000000e+00,0.000000e+00,0.000000e+00,0.000000e+00,0.000000e+00,0.000000e+00,0.000000e+00,0.000000e+00,0.000000e+00,0.000000e+00,0.000000e+00,0.000000e+00,0.000000e+00,0.000000e+00,0.000000e+00
1.000000e+00,0.000000e+00,0.000000e+00,0.000000e+00,0.000000e+00,0.000000e+00,0.000000e+00,0.000000e+00,0.000000e+00,0.000000e+00,0.000000e+00,0.000000e+00,0.000000e+00,0.000000e+00,0.000000e+00
4.861633e-01,2.811490e-02,3.229076e-02,1.309129e-01,2.533374e-02,2.089442e-02,3.267463e-03,1.730847e-02,1.522390e-01,7.823853e-03,1.230892e-02,1.648498e-02,1.598077e-02,6.287731e-03,4.458874e-02
4.211179e-01,3.080842e-02,2.406888e-02,1.034722e-01,3.275090e-02,4.020130e-02,3.246589e-03,1.644234e-02,2.196349e-01,7.201965e-03,9.247473e-03,1.309077e-02,1.286312e-02,4.578451e-03,6.127480e-02
3.229059e-01,2.595039e-02,1.994341e-02,1.521413e-01,9.863357e-02,3.616798e-02,6.018393e-03,2.918372e-02,2.283704e-01,5.386618e-03,7.136404e-03,9.962823e-03,1.003917e-02,3.283298e-03,4.487659e-02
2.898628e-01,2.806629e-02,1.579708e-02,1.240597e-01,1.216385e-01,7.884624e-02,8.295221e-03,2.912143e-02,2.353096e-01,4.558355e-03,5.670989e-03,7.970369e-03,8.379836e-03,2.500504e-03,3.992312e-02
2.910614e-01,4.600783e-02,1.582634e-02,1.025736e-01,1.189561e-01,8.150891e-02,9.517396e-03,3.661406e-02,2.192968e-01,7.507205e-03,4.600035e-03,6.343512e-03,7.221500e-03,2.207378e-03,5.075789e-02
2.857895e-01,5.659369e-02,5.689389e-02,1.283497e-01,1.027090e-01,8.717056e-02,9.206791e-03,3.775491e-02,1.664491e-01,7.942381e-03,3.955112e-03,5.817982e-03,5.933056e-03,1.934558e-03,4.349966e-02
2.851375e-01,6.100225e-02,4.887801e-02,1.162374e-01,1.101917e-01,9.317815e-02,1.125171e-02,3.679799e-02,1.730809e-01,8.140366e-03,3.605483e-03,5.498827e-03,5.314296e-03,1.845177e-03,3.984026e-02
2.613167e-01,7.582504e-02,4.854449e-02,1.286743e-01,1.280728e-01,9.495588e-02,1.729610e-02,3.061001e-02,1.541099e-01,8.200209e-03,3.284588e-03,4.808953e-03,5.300974e-03,1.526428e-03,3.747366e-02
2.625121e-01,8.040765e-02,3.836449e-02,1.104752e-01,1.417996e-01,9.696656e-02,1.852532e-02,2.459524e-02,1.705152e-01,8.400992e-03,3.329382e-03,4.199213e-03,4.780217e-03,1.295821e-03,3.383299e-02
2.102488e-01,1.036869e-01,3.510165e-02,1.789535e-01,1.414983e-01,8.675190e-02,2.167118e-02,3.673590e-02,1.291520e-01,8.555058e-03,3.115493e-03,3.480782e-03,4.511482e-03,1.048562e-03,3.548838e-02
1.621795e-01,7.525231e-02,2.547359e-02,1.741034e-01,2.300973e-01,6.389422e-02,1.796136e-02,1.159375e-01,9.194738e-02,6.414567e-03,3.785537e-03,2.906259e-03,3.740488e-03,9.306732e-04,2.537589e-02
1.569324e-01,5.589897e-02,1.919708e-02,1.409343e-01,3.503520e-01,5.175146e-02,1.534196e-02,1.011518e-01,6.623966e-02,5.749110e-03,9.390528e-03,2.787090e-03,4.096970e-03,1.082473e-03,1.909414e-02
1.113113e-01,4.337799e-02,1.505666e-02,1.362482e-01,3.688996e-01,4.407232e-02,1.760830e-02,7.137208e-02,4.705572e-02,9.946157e-03,1.807792e-02,3.320471e-03,7.946692e-02,8.634438e-04,3.332281e-02
7.843921e-02,3.185895e-02,1.093936e-02,2.034568e-01,2.940831e-01,3.245631e-02,1.474209e-02,5.029415e-02,3.384361e-02,1.007425e-02,2.668726e-02,3.685670e-03,1.791186e-01,6.151091e-04,2.970563e-02
5.530461e-02,2.273879e-02,8.288056e-03,1.540432e-01,2.466604e-01,2.341754e-02,1.153393e-02,3.565411e-02,2.408801e-02,7.363625e-03,2.439922e-02,9.580469e-03,3.480936e-01,4.579329e-04,2.837652e-02
3.969402e-02,1.609881e-02,6.464249e-03,1.088124e-01,2.017795e-01,1.846977e-02,8.241041e-03,2.569612e-02,1.715879e-02,5.190853e-03,1.800602e-02,1.273082e-02,4.984137e-01,3.278280e-04,2.291602e-02
2.820027e-02,1.128857e-02,4.686056e-03,7.629735e-02,1.477652e-01,1.347826e-02,5.800540e-03,1.821992e-02,1.214494e-02,3.640225e-03,1.286570e-02,1.347153e-02,6.354427e-01,2.331349e-04,1.646562e-02
2.065479e-02,7.924379e-03,3.370648e-03,5.345269e-02,1.094760e-01,1.018100e-02,4.166280e-03,1.311343e-02,8.618698e-03,2.552402e-03,9.257084e-03,1.819829e-02,7.271627e-01,1.700509e-04,1.170153e-02
1.666849e-02,5.587258e-03,2.480998e-03,3.747699e-02,7.870606e-02,8.476433e-03,3.060806e-03,9.506363e-03,6.199576e-03,1.797616e-03,6.876071e-03,2.442707e-02,7.902800e-01,1.817415e-04,8.274511e-03
1.509770e-02,3.982026e-03,1.791702e-03,2.636400e-02,6.218043e-02,7.401823e-03,2.185911e-03,6.913995e-03,4.449761e-03,1.267382e-03,5.365803e-03,3.126570e-02,8.255481e-01,1.461840e-04,6.039436e-03
1.402081e-02,2.886210e-03,1.326925e-03,1.853611e-02,5.576005e-02,6.706724e-03,1.643706e-03,5.222442e-03,3.708068e-03,9.036465e-04,4.255103e-03,4.197892e-02,8.384444e-01,1.565291e-04,4.450306e-03
1.161471e-02,2.075520e-03,9.668138e-04,1.301601e-02,5.172368e-02,5.708562e-03,1.191819e-03,3.820586e-03,3.172930e-03,6.428892e-04,3.197359e-03,4.631430e-02,8.532075e-01,1.300197e-04,3.217280e-03
9.742313e-03,1.558563e-03,7.639315e-04,9.143188e-03,5.434126e-02,5.340404e-03,9.784568e-04,2.839058e-03,2.931128e-03,4.722331e-04,2.415009e-03,5.908820e-02,8.478438e-01,1.097997e-04,2.432657e-03
7.748306e-03,1.195694e-03,6.474250e-04,6.451584e-03,5.141469e-02,4.861989e-03,9.939759e-04,2.332835e-03,3.512062e-03,3.628703e-04,1.999035e-03,5.879855e-02,8.577465e-01,1.157931e-04,1.818604e-03
6.657535e-03,1.247692e-03,1.149036e-03,4.650529e-03,5.936456e-02,4.456015e-03,8.995435e-04,2.380964e-03,3.268895e-03,3.437379e-04,2.327766e-03,7.406525e-02,8.376099e-01,1.205116e-04,1.458032e-03
6.768564e-03,1.114168e-03,1.738980e-03,3.330281e-03,5.246059e-02,4.491436e-03,7.177729e-04,2.007615e-03,2.740581e-03,3.265075e-04,2.547561e-03,7.576981e-02,8.445843e-01,2.074785e-04,1.194327e-03
6.918526e-03,8.893001e-04,2.254399e-03,2.361820e-03,4.771378e-02,6.005387e-03,6.762074e-04,2.039805e-03,2.329932e-03,3.680559e-04,3.041956e-03,1.206038e-01,8.035654e-01,1.858747e-04,1.045686e-03
8.737914e-03,8.245042e-04,4.268541e-03,1.738242e-03,6.026930e-02,9.032563e-03,1.673774e-03,7.965053e-03,2.194034e-03,4.180380e-04,3.639363e-03,1.362142e-01,7.619243e-01,1.864427e-04,9.137088e-04
1.184300e-02,6.920171e-04,3.501391e-03,1.302461e-03,4.945951e-02,1.220074e-02,1.709662e-03,6.018695e-03,2.024475e-03,4.921633e-04,3.527906e-03,1.800594e-01,7.262236e-01,1.864561e-04,7.584041e-04
1.329484e-02,8.842778e-04,4.881712e-03,1.088971e-03,3.888369e-02,2.585555e-02,1.892306e-03,5.272296e-03,2.846009e-03,9.126858e-04,3.406288e-03,1.523280e-01,7.473813e-01,2.881852e-04,7.838765e-04
1.132910e-02,7.910917e-04,4.060561e-03,1.076520e-03,2.803267e-02,4.287461e-02,1.602446e-03,4.249365e-03,2.969794e-03,8.293985e-04,5.490520e-03,1.181750e-01,7.773767e-01,4.428380e-04,6.994370e-04
1.123355e-02,9.328038e-04,4.128838e-03,1.326508e-03,3.448415e-02,3.487222e-02,5.706569e-03,6.688494e-03,1.769169e-02,1.211064e-03,8.313481e-03,1.180716e-01,7.537101e-01,5.170571e-04,1.111873e-03
3.038622e-02,3.021345e-03,6.457044e-03,3.371302e-03,8.570594e-02,3.771788e-02,1.139253e-02,1.075508e-02,4.281134e-02,1.955344e-03,7.974713e-03,1.060275e-01,6.501459e-01,6.017626e-04,1.676098e-03
2.890809e-02,2.458635e-03,5.245083e-03,3.320722e-03,9.945733e-02,3.769577e-02,1.130406e-02,1.282497e-02,4.276222e-02,2.438483e-03,1.827554e-02,9.300363e-02,6.383960e-01,5.874862e-04,3.321975e-03
3.347034e-02,2.014060e-03,5.454110e-03,3.099358e-03,7.541861e-02,3.525271e-02,9.307806e-03,1.246572e-02,3.867240e-02,2.762311e-03,3.906537e-02,8.072342e-02,6.553193e-01,8.349079e-04,6.139603e-03
5.212934e-02,1.906220e-03,4.783825e-03,2.927831e-03,9.558859e-02,2.682203e-02,7.927120e-03,1.196998e-02,4.178327e-02,2.601780e-03,4.525902e-02,7.326514e-02,6.254452e-01,1.109449e-03,6.481175e-03
4.430260e-02,1.555599e-03,4.480816e-03,2.490877e-03,2.299001e-01,1.930189e-02,6.528700e-03,9.819751e-03,3.389322e-02,2.086750e-03,4.713326e-02,5.838033e-02,5.335237e-01,9.610552e-04,5.641365e-03
4.608482e-02,2.175275e-03,3.760131e-03,3.064256e-03,3.959522e-01,1.540526e-02,7.167788e-03,9.301892e-03,2.912112e-02,1.677932e-03,3.368432e-02,4.424627e-02,4.034157e-01,7.234744e-04,4.219617e-03
5.217350e-02,2.939840e-03,3.286977e-03,3.809825e-03,5.078735e-01,1.151862e-02,6.315886e-03,1.164055e-02,4.181162e-02,1.654808e-03,2.416073e-02,3.367455e-02,2.947592e-01,5.431119e-04,3.837381e-03
4.390036e-02,2.356227e-02,1.203371e-02,3.081102e-02,4.598154e-01,9.498638e-03,6.026399e-03,1.259253e-02,1.288519e-01,2.591795e-03,1.982011e-02,2.865701e-02,2.138569e-01,5.107358e-04,7.471403e-03
3.888652e-02,3.494027e-02,1.880586e-02,4.208815e-02,3.621380e-01,2.150801e-02,8.602167e-03,1.379756e-02,2.420494e-01,4.226387e-03,1.691191e-02,2.345899e-02,1.608203e-01,4.511206e-04,1.131545e-02
3.317743e-02,4.276355e-02,1.735924e-02,4.171922e-02,2.847942e-01,2.002955e-02,1.454193e-02,1.080031e-02,3.462045e-01,5.464448e-03,1.468965e-02,1.903542e-02,1.339639e-01,4.605955e-04,1.499609e-02
2.755255e-02,3.636626e-02,1.430821e-02,5.016828e-02,2.154204e-01,1.769213e-02,2.307251e-02,1.412395e-02,4.505779e-01,5.262756e-03,1.174899e-02,1.446754e-02,1.069813e-01,4.340973e-04,1.182310e-02
2.384930e-02,4.290895e-02,1.407680e-02,4.980288e-02,1.567986e-01,2.232012e-02,2.301824e-02,1.085063e-02,5.161319e-01,1.104185e-02,1.135915e-02,1.203990e-02,8.932116e-02,8.083336e-04,1.567222e-02
3.389750e-02,4.716422e-02,1.425301e-02,5.513602e-02,1.272134e-01,2.051871e-02,2.046318e-02,8.496737e-03,4.465004e-01,1.652783e-02,4.089709e-02,1.903026e-02,1.233374e-01,1.543866e-03,2.502048e-02
2.665282e-02,5.204633e-02,1.019725e-02,3.955118e-02,9.324411e-02,1.790810e-02,1.504199e-02,6.244801e-03,4.749428e-01,1.209206e-02,3.087448e-02,1.618353e-02,1.839074e-01,1.176525e-03,1.993661e-02
2.125094e-02,8.686110e-02,7.728193e-03,3.282419e-02,6.744215e-02,1.812386e-02,1.080501e-02,4.501291e-03,5.537956e-01,1.019271e-02,2.275795e-02,1.320527e-02,1.325324e-01,9.744695e-04,1.700487e-02
1.627336e-02,6.615136e-02,6.220134e-03,2.949605e-02,5.804460e-02,2.874136e-02,8.207402e-03,3.309172e-03,4.620230e-01,7.923022e-03,2.456958e-02,1.384203e-02,2.364022e-01,8.006909e-04,3.799603e-02
1.243998e-02,4.897238e-02,5.008125e-03,2.997157e-02,4.838715e-02,2.993722e-02,5.920923e-03,2.420422e-03,3.503211e-01,5.707229e-03,2.184734e-02,2.344226e-02,3.808456e-01,6.358378e-04,3.414278e-02
1.000662e-02,3.446910e-02,3.751266e-03,2.176307e-02,3.978718e-02,2.254239e-02,4.204719e-03,1.810860e-03,2.489362e-01,4.039784e-03,2.238402e-02,2.242639e-02,5.358002e-01,5.021794e-04,2.757604e-02
3.979732e-02,2.637621e-02,4.388929e-03,1.692463e-02,5.354162e-02,1.728331e-02,3.730500e-03,2.771716e-03,1.858404e-01,3.062444e-03,2.180522e-02,2.084628e-02,5.814158e-01,4.581647e-04,2.175742e-02
6.172067e-02,2.023673e-02,3.595246e-03,1.270390e-02,4.756825e-02,1.301637e-02,3.148759e-03,2.780561e-03,1.344874e-01,2.331988e-03,1.744558e-02,2.427039e-02,6.369293e-01,4.524055e-04,1.931245e-02
5.632336e-02,1.665722e-02,3.068726e-03,9.713275e-03,4.242962e-02,1.149671e-02,2.970245e-03,2.834779e-03,9.844068e-02,1.786746e-03,1.478132e-02,2.697623e-02,6.965656e-01,4.409330e-04,1.551450e-02
4.733572e-02,1.271816e-02,3.155001e-03,7.084806e-03,3.700945e-02,9.808542e-03,2.790306e-03,2.546545e-03,7.031415e-02,1.420076e-03,1.274218e-02,5.776013e-02,7.230886e-01,3.837605e-04,1.184262e-02
3.612678e-02,1.013730e-02,2.593239e-03,5.220247e-03,3.214422e-02,9.168807e-03,2.423263e-03,2.239903e-03,5.032995e-02,1.214866e-03,1.045224e-02,6.177314e-02,7.667815e-01,3.993475e-04,8.995223e-03
2.748083e-02,7.754576e-03,2.334362e-03,3.982176e-03,2.620449e-02,1.167364e-02,2.333515e-03,2.093596e-03,4.047789e-02,1.371292e-03,9.517115e-03,9.920888e-02,7.580922e-01,4.300551e-04,7.045405e-03
2.082482e-02,8.865634e-03,2.637123e-03,3.083591e-03,2.088479e-02,1.444108e-02,2.100540e-03,1.851741e-03,4.192555e-02,2.220016e-03,9.591116e-03,1.191762e-01,7.454200e-01,4.975949e-04,6.480210e-03
1.594968e-02,1.106501e-02,2.421412e-03,2.362534e-03,1.594941e-02,2.248486e-02,1.795853e-03,1.668322e-03,4.499795e-02,2.565006e-03,9.387994e-03,1.241998e-01,7.384839e-01,1.226338e-03,5.441826e-03
1.261631e-02,9.170793e-03,2.636869e-03,1.876245e-03,1.373439e-02,2.003324e-02,1.687440e-03,1.702754e-03,3.491309e-02,2.262834e-03,7.613892e-03,1.528919e-01,7.334334e-01,1.061710e-03,4.365222e-03
1.610504e-02,7.431419e-03,4.018360e-03,1.681024e-03,1.528759e-02,1.657996e-02,2.700901e-03,2.192761e-02,2.691723e-02,1.937072e-03,6.268476e-03,1.398687e-01,7.341506e-01,1.332618e-03,3.793455e-03
1.413068e-02,5.704277e-03,4.879056e-03,1.294549e-03,1.543514e-02,1.329498e-02,2.878859e-03,2.036516e-02,2.122946e-02,1.562827e-03,4.886114e-03,1.586142e-01,7.313262e-01,1.201284e-03,3.197226e-03
2.439870e-02,4.767789e-03,5.596620e-03,1.123047e-03,1.790453e-02,1.269954e-02,3.353150e-03,1.743072e-02,1.847764e-02,1.659920e-03,4.330594e-03,1.490498e-01,7.344611e-01,1.899522e-03,2.847339e-03
2.755035e-02,5.302257e-03,1.096473e-02,2.661650e-03,1.869690e-02,1.925851e-02,3.886529e-03,1.835810e-02,1.688999e-02,3.366106e-03,8.318946e-03,1.707059e-01,6.884091e-01,2.655236e-03,2.975691e-03
2.535905e-02,6.048504e-03,1.110169e-02,2.672379e-03,1.758127e-02,2.562337e-02,4.585794e-03,1.510700e-02,1.578602e-02,3.247082e-03,7.608262e-03,1.884491e-01,6.718996e-01,2.470411e-03,2.460455e-03
2.470444e-02,2.351620e-02,1.010015e-02,2.166480e-03,1.800440e-02,2.448063e-02,3.901876e-03,1.145224e-02,2.297272e-02,3.028363e-03,5.738689e-03,1.642947e-01,6.815467e-01,2.052740e-03,2.039698e-03
2.286267e-02,9.472957e-02,1.372577e-02,2.321251e-03,1.443037e-02,3.485184e-02,2.906204e-03,8.423918e-03,2.880977e-02,2.693413e-03,5.202299e-03,1.355229e-01,6.289982e-01,1.632147e-03,2.889746e-03
2.833481e-02,1.092632e-01,1.583018e-02,2.310492e-03,1.305781e-02,3.807916e-02,2.408578e-03,6.942402e-03,3.671542e-02,2.520637e-03,7.032699e-03,1.325889e-01,6.001455e-01,1.620133e-03,3.150135e-03
4.177599e-02,1.604150e-01,1.370202e-02,3.809766e-03,1.087423e-02,3.386570e-02,1.895230e-03,5.719338e-03,4.512298e-02,2.669401e-03,1.317547e-02,1.074417e-01,5.515811e-01,1.830445e-03,6.121562e-03
4.966912e-02,1.519248e-01,1.128116e-02,3.482610e-03,1.084822e-02,2.805193e-02,1.662359e-03,5.347549e-03,4.211622e-02,2.223858e-03,1.094930e-02,8.750010e-02,5.805105e-01,1.930596e-03,1.250169e-02
4.701182e-02,1.219430e-01,1.188623e-02,3.292487e-03,2.455664e-02,2.839081e-02,3.262089e-03,7.812626e-03,5.092898e-02,2.120583e-03,9.490314e-03,1.251627e-01,5.521112e-01,1.623284e-03,1.040719e-02
4.971462e-02,1.131916e-01,2.381638e-02,2.967900e-03,2.808315e-02,4.266204e-02,4.469601e-03,1.146177e-02,5.361862e-02,2.639363e-03,7.313346e-03,1.043614e-01,5.441008e-01,1.528838e-03,1.007061e-02
5.247081e-02,1.221295e-01,4.700910e-02,2.756794e-03,2.736253e-02,6.489138e-02,7.488474e-03,1.272639e-02,5.818697e-02,4.572979e-03,5.675278e-03,9.090662e-02,4.898664e-01,1.616691e-03,1.234006e-02
5.267191e-02,1.031370e-01,6.127217e-02,3.855665e-03,2.686247e-02,7.236746e-02,9.576307e-03,1.768708e-02,5.385927e-02,4.346832e-03,4.586000e-03,6.716877e-02,5.065410e-01,1.848251e-03,1.421984e-02
5.016417e-02,9.299876e-02,5.420964e-02,3.277388e-03,3.568419e-02,8.428646e-02,1.203987e-02,1.682917e-02,4.909065e-02,3.326710e-03,3.970172e-03,5.318696e-02,5.235060e-01,2.782461e-03,1.464745e-02
5.054694e-02,7.649221e-02,4.093699e-02,2.551918e-03,3.957237e-02,1.009573e-01,1.246424e-02,1.789628e-02,5.005313e-02,2.451998e-03,3.167532e-03,4.351154e-02,5.449973e-01,2.297453e-03,1.210278e-02
6.044249e-02,6.381273e-02,3.122631e-02,2.606655e-03,3.305823e-02,1.011496e-01,1.036042e-02,1.809199e-02,4.853869e-02,2.037705e-03,3.130774e-03,3.833938e-02,5.740833e-01,2.425023e-03,1.069664e-02
8.406956e-02,6.274071e-02,3.095400e-02,3.400960e-03,3.480731e-02,1.389893e-01,1.055585e-02,2.210410e-02,5.384430e-02,2.419712e-03,3.151401e-03,3.527160e-02,5.023512e-01,3.572950e-03,1.176704e-02
9.922890e-02,6.361860e-02,3.187583e-02,4.589627e-03,3.609312e-02,1.488927e-01,1.071437e-02,2.610257e-02,6.016983e-02,3.077129e-03,4.778876e-03,3.200644e-02,4.586644e-01,4.919657e-03,1.526803e-02
1.462863e-01,6.273663e-02,2.839864e-02,5.456774e-03,3.571397e-02,1.470050e-01,1.026305e-02,2.963871e-02,5.188425e-02,2.983640e-03,5.056489e-03,4.164813e-02,4.069741e-01,6.919589e-03,1.903471e-02
1.479839e-01,7.624701e-02,3.184618e-02,6.506729e-03,3.202580e-02,1.545760e-01,9.476713e-03,3.074331e-02,5.024141e-02,2.848036e-03,5.219237e-03,3.525305e-02,3.878032e-01,6.978744e-03,2.225066e-02
1.329641e-01,6.834935e-02,2.714648e-02,5.704310e-03,3.809967e-02,1.357346e-01,9.678537e-03,2.733467e-02,7.354470e-02,2.663414e-03,5.694219e-03,3.029335e-02,4.150060e-01,5.744097e-03,2.204261e-02
1.223211e-01,6.366310e-02,2.539973e-02,4.973263e-03,5.237263e-02,1.105682e-01,1.019424e-02,2.478529e-02,9.009501e-02,2.940518e-03,1.021317e-02,2.773783e-02,4.213076e-01,4.675545e-03,2.875289e-02
9.894523e-02,4.887167e-02,2.644913e-02,3.988355e-03,4.140937e-02,7.955864e-02,1.035491e-02,2.051284e-02,6.731496e-02,6.995058e-03,7.931786e-03,2.690163e-02,5.100771e-01,4.435097e-03,4.625429e-02
8.619827e-02,3.725698e-02,2.896021e-02,3.513200e-03,3.542163e-02,5.886693e-02,2.372356e-02,2.516429e-02,5.437914e-02,9.790490e-03,7.132607e-03,2.448085e-02,4.474427e-01,5.829487e-03,1.518398e-01
6.488739e-02,2.652483e-02,2.652133e-02,6.071132e-03,2.601528e-02,4.313678e-02,2.161069e-02,2.709745e-02,4.084046e-02,1.181341e-02,6.931509e-03,1.799951e-02,3.357133e-01,4.551486e-03,3.402855e-01
4.599303e-02,1.864015e-02,1.889682e-02,4.624305e-03,1.829805e-02,3.076210e-02,1.537300e-02,1.927833e-02,3.042770e-02,8.819897e-03,5.096536e-03,1.266214e-02,2.376091e-01,3.619439e-03,5.298995e-01
3.366153e-02,1.392794e-02,1.392701e-02,8.680867e-03,1.336841e-02,2.598026e-02,1.088724e-02,1.367394e-02,3.526761e-02,7.110747e-03,5.393573e-03,9.035952e-03,1.679394e-01,4.502143e-03,6.366434e-01
2.864930e-02,1.185166e-02,1.045191e-02,1.226769e-02,1.019119e-02,4.988174e-02,7.752816e-03,9.777652e-03,3.240561e-02,8.978982e-03,1.035167e-02,7.574580e-03,1.238182e-01,4.106450e-03,6.719405e-01
2.273858e-02,9.492129e-03,7.772463e-03,1.094310e-02,8.844198e-03,3.971974e-02,5.538263e-03,7.203039e-03,3.983791e-02,8.619657e-03,2.092529e-02,5.873657e-03,9.458929e-02,9.246915e-03,7.086557e-01
1.646938e-02,7.567272e-03,5.603560e-03,8.067247e-03,6.401089e-03,2.975082e-02,3.899997e-03,5.118486e-03,3.903710e-02,9.439126e-03,2.416865e-02,4.806094e-03,7.347444e-02,1.312970e-02,7.530670e-01
1.186750e-02,6.539120e-03,3.977420e-03,5.758680e-03,4.632948e-03,2.151704e-02,2.739637e-03,3.592838e-03,4.085476e-02,8.991851e-03,2.135749e-02,3.699055e-03,5.397834e-02,2.238679e-02,7.881064e-01
8.721234e-03,1.192703e-02,3.883875e-03,4.179788e-03,3.657105e-03,1.718778e-02,1.943380e-03,2.565855e-03,3.510898e-02,6.915206e-03,2.975733e-02,3.262419e-03,4.181512e-02,2.612358e-02,8.029512e-01
6.488933e-03,2.185798e-02,4.489832e-03,3.068047e-03,2.828164e-03,1.342996e-02,1.370408e-03,1.843112e-03,3.259323e-02,8.223373e-03,2.399079e-02,2.513246e-03,3.025644e-02,3.658842e-02,8.104580e-01
5.445951e-03,5.500114e-02,7.782437e-03,2.302882e-03,2.410765e-03,1.114990e-02,9.696236e-04,1.311808e-03,3.069844e-02,7.717858e-03,2.080381e-02,1.950784e-03,2.228534e-02,6.967712e-02,7.604921e-01
6.716626e-03,1.115749e-01,1.711179e-02,1.939121e-03,2.141661e-03,1.461278e-02,7.669092e-04,1.194901e-03,2.889110e-02,9.764246e-03,1.764273e-02,1.549314e-03,1.688092e-02,1.063652e-01,6.628478e-01
7.699553e-03,1.830579e-01,1.549724e-02,1.596487e-03,1.999815e-03,1.962435e-02,6.102775e-04,1.386801e-03,3.622267e-02,9.922959e-03,1.400889e-02,1.247042e-03,1.406784e-02,1.306621e-01,5.623960e-01
8.553451e-03,1.916540e-01,1.280816e-02,1.228517e-03,1.823024e-03,1.505200e-02,4.458298e-04,1.218862e-03,4.140570e-02,8.835753e-03,1.089174e-02,1.001007e-03,1.076664e-02,2.013870e-01,4.929283e-01
1.020249e-02,1.886612e-01,1.595843e-02,1.140894e-03,2.095835e-03,1.194806e-02,5.222285e-04,3.877515e-03,5.925277e-02,9.388890e-03,9.725508e-03,8.222189e-04,8.797881e-03,2.812730e-01,3.963330e-01
1.432951e-02,1.872946e-01,1.696144e-02,9.745758e-04,4.129689e-03,9.625145e-03,6.115198e-04,3.999098e-03,1.067220e-01,9.058481e-03,9.231701e-03,6.928290e-04,7.144912e-03,3.139520e-01,3.152725e-01
2.296258e-02,1.518927e-01,1.943073e-02,1.061602e-03,4.892856e-03,7.578828e-03,5.464898e-04,3.759626e-03,1.988499e-01,3.153783e-02,9.474498e-03,9.218982e-04,6.891892e-03,3.054692e-01,2.347294e-01
3.194113e-02,1.211669e-01,2.012558e-02,1.973581e-03,6.541558e-03,6.017122e-03,5.182840e-04,3.906239e-03,3.014920e-01,5.228493e-02,1.586157e-02,3.368643e-03,1.257488e-02,2.528430e-01,1.693846e-01
3.194809e-02,1.039729e-01,5.620956e-02,4.044454e-03,1.678473e-02,4.615094e-03,5.913884e-04,4.453229e-03,3.426246e-01,6.540268e-02,2.271607e-02,4.806133e-03,1.546855e-02,2.017625e-01,1.246001e-01
2.676640e-02,1.013912e-01,6.320120e-02,3.286428e-03,1.391607e-02,5.518464e-03,4.882386e-04,3.276277e-03,3.116508e-01,7.391897e-02,5.741607e-02,8.705784e-03,1.818955e-02,1.982204e-01,1.140542e-01
2.380585e-02,8.053152e-02,7.954232e-02,4.346422e-03,1.402287e-02,6.024639e-03,4.634454e-04,2.994815e-03,3.302892e-01,9.384286e-02,4.916562e-02,7.319058e-03,1.504344e-02,1.554765e-01,1.371315e-01
2.752022e-02,7.179888e-02,7.018653e-02,6.517936e-03,1.716289e-02,9.544443e-03,5.087369e-04,3.238986e-03,4.103259e-01,7.802068e-02,3.743185e-02,5.654350e-03,1.168995e-02,1.223501e-01,1.280486e-01
3.163986e-02,5.983189e-02,1.327347e-01,2.895494e-02,3.081817e-02,9.207414e-03,7.108648e-04,1.660284e-02,3.924178e-01,6.053944e-02,2.855579e-02,4.428895e-03,9.110148e-03,9.072060e-02,1.037266e-01
5.294268e-02,9.054049e-02,1.373985e-01,2.336097e-02,3.607709e-02,1.335288e-02,8.583138e-04,3.278494e-02,3.564732e-01,4.550450e-02,2.166800e-02,3.559683e-03,7.678738e-03,8.997855e-02,8.782152e-02
5.836011e-02,9.995927e-02,1.202533e-01,2.061620e-02,4.482421e-02,2.105720e-02,2.375076e-03,3.484243e-02,3.187911e-01,3.412414e-02,1.624656e-02,2.725338e-03,6.032162e-03,1.305974e-01,8.919553e-02
7.208203e-02,1.129554e-01,9.940057e-02,4.670973e-02,4.651159e-02,1.985627e-02,2.661958e-03,4.740454e-02,2.621882e-01,2.545206e-02,1.402579e-02,3.215677e-03,7.514979e-03,1.442905e-01,9.573077e-02
