1.000000e+00,0.000000e+00,0.000000e+00,0.000000e+00,0.000000e+00,0.000000e+00,0.000000e+00,0.000000e+00,0.000000e+00,0.000000e+00,0.000000e+00,0.000000e+00,0.000000e+00,0.000000e+00,0.000000e+00
1.000000e+00,0.000000e+00,0.000000e+00,0.000000e+00,0.000000e+00,0.000000e+00,0.000000e+00,0.000000e+00,0.000000e+00,0.000000e+00,0.000000e+00,0.000000e+00,0.000000e+00,0.000000e+00,0.000000e+00
1.000000e+00,0.000000e+00,0.000000e+00,0.000000e+00,0.000000e+00,0.000000e+00,0.000000e+00,0.000000e+00,0.000000e+00,0.000000e+00,0.000000e+00,0.000000e+00,0.000000e+00,0.000000e+00,0.000000e+00
1.000000e+00,0.000000e+00,0.000000e+00,0.000000e+00,0.000000e+00,0.000000e+00,0.000000e+00,0.000000e+00,0.000000e+00,0.000000e+00,0.000000e+00,0.000000e+00,0.000000e+00,0.000000e+00,0.000000e+00
1.000000e+00,0.000000e+00,0.000000e+00,0.000000e+00,0.000000e+00,0.000000e+00,0.000000e+00,0.000000e+00,0.000000e+00,0.000000e+00,0.000000e+00,0.000000e+00,0.000000e+00,0.000000e+00,0.000000e+00
1.000000e+00,0.000000e+00,0.000000e+00,0.000000e+00,0.000000e+00,0.000000e+00,0.000000e+00,0.000000e+00,0.000000e+00,0.000000e+00,0.000000e+00,0.000000e+00,0.000000e+00,0.000000e+00,0.000000e+00
1.000000e+00,0.000000e+00,0.000000e+00,0.000000e+00,0.000000e+00,0.000000e+00,0.000000e+00,0.000000e+00,0.000000e+00,0.000000e+00,0.000000e+00,0.000000e+00,0.000000e+00,0.000000e+00,0.000000e+00
1.000000e+00,0.000000e+00,0.000000e+00,0.000000e+00,0.000000e+00,0.000000e+00,0.000000e+00,0.000000e+00,0.000000e+00,0.000000e+00,0.000000e+00,0.000000e+00,0.000000e+00,0.000000e+00,0.000000e+00
1.000000e+00,0.000000e+00,0.000000e+00,0.000000e+00,0.000000e+00,0.000000e+00,0.000000e+00,0.000000e+00,0.000000e+00,0.000000e+00,0.000000e+00,0.000000e+00,0.000000e+00,0.000000e+00,0.000000e+00
1.000000e+00,0.000000e+00,0.000000e+00,0.000000e+00,0.000000e+00,0.000000e+00,0.000000e+00,0.000000e+00,0.000000e+00,0.000000e+00,0.000000e+00,0.000000e+00,0.000000e+00,0.000000e+00,0.000000e+00
1.000000e+00,0.000000e+00,0.000000e+00,0.000000e+00,0.000000e+00,0.000000e+00,0.000000e+00,0.000000e+00,0.000000e+00,0.000000e+00,0.000000e+00,0.000000e+00,0.000000e+00,0.000000e+00,0.000000e+00
1.000000e+00,0.000000e+00,0.000000e+00,0.000000e+00,0.000000e+00,0.000000e+00,0.000000e+00,0.000000e+00,0.000000e+00,0.000000e+00,0.000000e+00,0.000000e+00,0.000000e+00,0.000000e+00,0.000000e+00
1.000000e+00,0.000000e+00,0.000000e+00,0.000000e+00,0.000000e+00,0.000000e+00,0.000000e+00,0.000000e+00,0.000000e+00,0.000000e+00,0.000000e+00,0.000000e+00,0.000000e+00,0.000000e+00,0.000000e+00
1.000000e+00,0.000000e+00,0.000000e+00,0.000000e+00,0.000000e+00,0.000000e+00,0.000000e+00,0.000000e+00,0.000000e+00,0.000000e+00,0.000000e+00,0.000000e+00,0.000000e+00,0.000000e+00,0.000000e+00
1.000000e+00,0.000000e+00,0.000000e+00,0.000000e+00,0.000000e+00,0.000000e+00,0.000000e+00,0.000000e+00,0.000000e+00,0.000000e+00,0.000000e+00,0.000000e+00,0.000000e+00,0.000000e+00,0.000000e+00
1.000000e+00,0.000000e+00,0.000000e+00,0.000000e+00,0.000000e+00,0.000000e+00,0.000000e+00,0.000000e+00,0.000000e+00,0.000000e+00,0.000000e+00,0.000000e+00,0.000000e+00,0.000000e+00,0.000000e+00
1.000000e+00,0.000000e+00,0.000000e+00,0.000000e+00,0.000000e+00,0.000000e+00,0.000000e+00,0.000000e+00,0.000000e+00,0.000000e+00,0.000000e+00,0.000000e+00,0.000000e+00,0.000000e+00,0.000000e+00
1.000000e+00,0.000000e+00,0.000000e+00,0.000000e+00,0.000000e+00,0.000000e+00,0.000000e+00,0.000000e+00,0.000000e+00,0.000000e+00,0.000000e+00,0.000000e+00,0.000000e+00,0.000000e+00,0.000000e+00
1.000000e+00,0.000000e+00,0.000000e+00,0.000000e+00,0.000000e+00,0.000000e+00,0.000000e+00,0.000000e+00,0.000000e+00,0.000000e+00,0.000000e+00,0.000000e+00,0.000000e+00,0.000000e+00,0.000000e+00
1.000000e+00,0.000000e+00,0.000000e+00,0.000000e+00,0.000000e+00,0.000000e+00,0.000000e+00,0.000000e+00,0.000000e+00,0.000000e+00,0.000000e+00,0.000000e+00,0.000000e+00,0.000000e+00,0.000000e+00
1.000000e+00,0.000000e+00,0.000000e+00,0.000000e+00,0.000000e+00,0.000000e+00,0.000000e+00,0.000000e+00,0.000000e+00,0.000000e+00,0.000000e+00,0.000000e+00,0.000000e+00,0.000000e+00,0.000000e+00
1.000000e+00,0.000000e+00,0.000000e+00,0.000000e+00,0.000000e+00,0.000000e+00,0.000000e+00,0.000000e+00,0.000000e+00,0.000000e+00,0.000000e+00,0.000000e+00,0.000000e+00,0.000000e+00,0.000000e+00
1.000000e+00,0.000000e+00,0.000000e+00,0.000000e+00,0.000000e+00,0.000000e+00,0.000000e+00,0.000000e+00,0.000000e+00,0.000000e+00,0.000000e+00,0.000000e+00,0.000000e+00,0.000000e+00,0.000000e+00
1.000000e+00,0.000000e+00,0.000000e+00,0.000000e+00,0.000000e+00,0.000000e+00,0.000000e+00,0.000000e+00,0.000000e+00,0.000000e+00,0.000000e+00,0.000000e+00,0.000000e+00,0.000000e+00,0.000000e+00
1.000000e+00,0.000000e+00,0.000000e+00,0.000000e+00,0.000000e+00,0.000000e+00,0.000000e+00,0.000000e+00,0.000000e+00,0.000000e+00,0.000000e+00,0.000000e+00,0.000000e+00,0.000000e+00,0.000000e+00
1.000000e+00,0.000000e+00,0.000000e+00,0.000000e+00,0.000000e+00,0.000000e+00,0.000000e+00,0.000000e+00,0.000000e+00,0.000000e+00,0.000000e+00,0.000000e+00,0.000000e+00,0.000000e+00,0.000000e+00
1.000000e+00,0.000000e+00,0.000000e+00,0.000000e+00,0.000000e+00,0.000000e+00,0.000000e+00,0.000000e+00,0.000000e+00,0.000000e+00,0.000000e+00,0.000000e+00,0.000000e+00,0.000000e+00,0.000000e+00
1.000000e+00,0.000000e+00,0.000000e+00,0.000000e+00,0.000000e+00,0.000000e+00,0.000000e+00,0.000000e+00,0.000000e+00,0.000000e+00,0.000000e+00,0.000000e+00,0.000000e+00,0.000000e+00,0.000000e+00
1.000000e+00,0.000000e+00,0.000000e+00,0.000000e+00,0.000000e+00,0.000000e+00,0.000000e+00,0.000000e+00,0.000000e+00,0.000000e+00,0.000000e+00,0.000000e+00,0.000000e+00,0.000000e+00,0.000000e+00
1.000000e+00,0.000000e+00,0.000000e+00,0.000000e+00,0.000000e+00,0.000000e+00,0.000000e+00,0.000000e+00,0.000000e+00,0.000000e+00,0.000000e+00,0.000000e+00,0.000000e+00,0.000000e+00,0.000000e+00
1.000000e+00,0.000000e+00,0.000000e+00,0.000000e+00,0.000000e+00,0.000000e+00,0.000000e+00,0.000000e+00,0.000000e+00,0.000000e+00,0.000000e+00,0.000000e+00,0.000000e+00,0.000000e+00,0.000000e+00
1.000000e+00,0.000000e+00,0.000000e+00,0.000000e+00,0.000000e+00,0.000000e+00,0.000000e+00,0.000000e+00,0.000000e+00,0.000000e+00,0.000000e+00,0.000000e+00,0.000000e+00,0.000000e+00,0.000000e+00
1.000000e+00,0.000000e+00,0.000000e+00,0.000000e+00,0.000000e+00,0.000000e+00,0.000000e+00,0.000000e+00,0.000000e+00,0.000000e+00,0.000000e+00,0.000000e+00,0.000000e+00,0.000000e+00,0.000000e+00
1.000000e+00,0.000000e+00,0.000000e+00,0.000000e+00,0.000000e+00,0.000000e+00,0.000000e+00,0.000000e+00,0.000000e+00,0.000000e+00,0.000000e+00,0.000000e+00,0.000000e+00,0.000000e+00,0.000000e+00
1.000000e+00,0.000000e+00,0.000000e+00,0.000000e+00,0.000000e+00,0.000000e+00,0.000000e+00,0.000000e+00,0.000000e+00,0.000000e+00,0.000000e+00,0.000000e+00,0.000000e+00,0.000000e+00,0.000000e+00
4.364945e-01,7.144433e-02,6.615704e-02,1.785319e-01,2.213137e-02,2.112063e-02,8.674128e-03,2.599583e-02,2.319484e-02,3.779431e-03,2.791521e-02,3.360552e-02,2.219561e-02,8.733960e-03,5.002572e-02
1.000000e+00,0.000000e+00,0.000000e+00,0.000000e+00,0.000000e+00,0.000000e+00,0.000000e+00,0.000000e+00,0.000000e+00,0.000000e+00,0.000000e+00,0.000000e+00,0.000000e+00,0.000000e+00,0.000000e+00
1.000000e+00,0.000000e+00,0.000000e+00,0.000000e+00,0.000000e+00,0.000000e+00,0.000000e+00,0.000000e+00,0.000000e+00,0.000000e+00,0.000000e+00,0.000000e+00,0.000000e+00,0.000000e+00,0.000000e+00
1.000000e+00,0.000000e+00,0.000000e+00,0.000000e+00,0.000000e+00,0.000000e+00,0.000000e+00,0.000000e+00,0.000000e+00,0.000000e+00,0.000000e+00,0.000000e+00,0.000000e+00,0.000000e+00,0.000000e+00
1.000000e+00,0.000000e+00,0.000000e+00,0.000000e+00,0.000000e+00,0.000000e+00,0.000000e+00,0.000000e+00,0.000000e+00,0.000000e+00,0.000000e+00,0.000000e+00,0.000000e+00,0.000000e+00,0.000000e+00
1.000000e+00,0.000000e+00,0.000000e+00,0.000000e+00,0.000000e+00,0.000000e+00,0.000000e+00,0.000000e+00,0.000000e+00,0.000000e+00,0.000000e+00,0.000000e+00,0.000000e+00,0.000000e+00,0.000000e+00
1.000000e+00,0.000000e+00,0.000000e+00,0.000000e+00,0.000000e+00,0.000000e+00,0.000000e+00,0.000000e+00,0.000000e+00,0.000000e+00,0.000000e+00,0.000000e+00,0.000000e+00,0.000000e+00,0.000000e+00
1.000000e+00,0.000000e+00,0.000000e+00,0.000000e+00,0.000000e+00,0.000000e+00,0.000000e+00,0.000000e+00,0.000000e+00,0.000000e+00,0.000000e+00,0.000000e+00,0.000000e+00,0.000000e+00,0.000000e+00
1.000000e+00,0.000000e+00,0.000000e+00,0.000000e+00,0.000000e+00,0.000000e+00,0.000000e+00,0.000000e+00,0.000000e+00,0.000000e+00,0.000000e+00,0.000000e+00,0.000000e+00,0.000000e+00,0.000000e+00
1.000000e+00,0.000000e+00,0.000000e+00,0.000000e+00,0.000000e+00,0.000000e+00,0.000000e+00,0.000000e+00,0.000000e+00,0.000000e+00,0.000000e+00,0.000000e+00,0.000000e+00,0.000000e+00,0.000000e+00
1.000000e+00,0.000000e+00,0.000000e+00,0.000000e+00,0.000000e+00,0.000000e+00,0.000000e+00,0.000000e+00,0.000000e+00,0.000000e+00,0.000000e+00,0.000000e+00,0.000000e+00,0.000000e+00,0.000000e+00
1.000000e+00,0.000000e+00,0.000000e+00,0.000000e+00,0.000000e+00,0.000000e+00,0.000000e+00,0.000000e+00,0.000000e+00,0.000000e+00,0.000000e+00,0.000000e+00,0.000000e+00,0.000000e+00,0.000000e+00
1.000000e+00,0.000000e+00,0.000000e+00,0.000000e+00,0.000000e+00,0.000000e+00,0.000000e+00,0.000000e+00,0.000000e+00,0.000000e+00,0.000000e+00,0.000000e+00,0.000000e+00,0.000000e+00,0.000000e+00
1.000000e+00,0.000000e+00,0.000000e+00,0.000000e+00,0.000000e+00,0.000000e+00,0.000000e+00,0.000000e+00,0.000000e+00,0.000000e+00,0.000000e+00,0.000000e+00,0.000000e+00,0.000000e+00,0.000000e+00
1.000000e+00,0.000000e+00,0.000000e+00,0.000000e+00,0.000000e+00,0.000000e+00,0.000000e+00,0.000000e+00,0.000000e+00,0.000000e+00,0.000000e+00,0.000000e+00,0.000000e+00,0.000000e+00,0.000000e+00
1.000000e+00,0.000000e+00,0.000000e+00,0.000000e+00,0.000000e+00,0.000000e+00,0.000000e+00,0.000000e+00,0.000000e+00,0.000000e+00,0.000000e+00,0.000000e+00,0.000000e+00,0.000000e+00,0.000000e+00
1.000000e+00,0.000000e+00,0.000000e+00,0.000000e+00,0.000000e+00,0.000000e+00,0.000000e+00,0.000000e+00,0.000000e+00,0.000000e+00,0.000000e+00,0.000000e+00,0.000000e+00,0.000000e+00,0.000000e+00
1.000000e+00,0.000000e+00,0.000000e+00,0.000000e+00,0.000000e+00,0.000000e+00,0.000000e+00,0.000000e+00,0.000000e+00,0.000000e+00,0.000000e+00,0.000000e+00,0.000000e+00,0.000000e+00,0.000000e+00
1.000000e+00,0.000000e+00,0.000000e+00,0.000000e+00,0.000000e+00,0.000000e+00,0.000000e+00,0.000000e+00,0.000000e+00,0.000000e+00,0.000000e+00,0.000000e+00,0.000000e+00,0.000000e+00,0.000000e+00
1.000000e+00,0.000000e+00,0.000000e+00,0.000000e+00,0.000000e+00,0.000000e+00,0.000000e+00,0.000000e+00,0.000000e+00,0.000000e+00,0.000000e+00,0.000000e+00,0.000000e+00,0.000000e+00,0.000000e+00
1.000000e+00,0.000000e+00,0.000000e+00,0.000000e+00,0.000000e+00,0.000000e+00,0.000000e+00,0.000000e+00,0.000000e+00,0.000000e+00,0.000000e+00,0.000000e+00,0.000000e+00,0.000000e+00,0.000000e+00
1.000000e+00,0.000000e+00,0.000000e+00,0.000000e+00,0.000000e+00,0.000000e+00,0.000000e+00,0.000000e+00,0.000000e+00,0.000000e+00,0.000000e+00,0.000000e+00,0.000000e+00,0.000000e+00,0.000000e+00
4.265570e-01,7.928757e-03,3.648484e-02,2.255343e-02,3.760846e-03,1.217724e-02,6.326037e-03,4.380071e-01,1.693678e-03,1.057618e-03,5.119693e-03,1.401637e-02,1.244515e-02,2.555132e-03,9.317156e-03
3.812677e-01,6.566542e-03,2.963860e-02,1.761474e-02,4.051539e-03,1.005131e-02,6.083778e-03,5.054466e-01,1.383038e-03,1.047175e-03,4.294217e-03,1.194735e-02,1.026876e-02,2.406960e-03,7.931627e-03
3.018284e-01,5.022176e-03,2.425062e-02,1.456377e-02,4.049766e-03,8.045350e-03,5.220298e-03,6.048191e-01,1.094883e-03,9.209546e-04,3.469558e-03,1.028460e-02,8.323262e-03,2.051463e-03,6.055851e-03
2.339949e-01,3.719577e-03,1.894574e-02,1.111312e-02,4.238061e-03,6.190460e-03,4.593895e-03,6.920718e-01,8.745740e-04,8.574518e-04,2.703369e-03,7.841941e-03,6.599217e-03,1.645911e-03,4.610034e-03
1.819307e-01,2.721040e-03,1.458105e-02,8.388327e-03,4.244863e-03,4.689605e-03,4.212723e-03,7.601565e-01,6.586128e-04,7.587399e-04,2.053887e-03,5.798196e-03,5.115656e-03,1.249911e-03,3.440260e-03
1.346302e-01,1.941856e-03,1.180054e-02,6.264050e-03,3.724402e-03,3.447299e-03,3.693372e-03,8.206152e-01,4.666651e-04,5.528579e-04,1.500951e-03,4.162170e-03,3.839741e-03,9.083082e-04,2.452476e-03
9.796125e-02,1.389451e-03,9.246854e-03,4.699149e-03,3.173016e-03,2.537360e-03,3.096779e-03,8.677552e-01,3.328677e-04,4.076992e-04,1.102018e-03,2.974321e-03,2.895202e-03,6.742144e-04,1.754698e-03
7.420621e-02,1.032500e-03,6.856075e-03,3.464429e-03,3.144179e-03,1.968388e-03,2.530064e-03,8.983220e-01,2.869967e-04,3.446875e-04,9.798461e-04,2.379258e-03,2.598118e-03,5.985378e-04,1.288687e-03
5.799342e-02,1.083970e-03,5.069734e-03,3.014448e-03,4.276408e-03,1.549930e-03,1.919133e-03,7.662632e-01,1.289656e-03,1.432400e-02,4.386394e-02,2.017056e-02,6.826092e-02,9.271298e-03,1.649372e-03
4.113296e-02,8.222747e-04,3.570944e-03,5.720040e-03,3.202737e-03,1.152078e-03,1.366370e-03,5.748139e-01,2.130972e-03,1.588490e-02,5.686448e-02,1.481740e-01,1.254694e-01,1.836798e-02,1.327070e-03
2.904283e-02,6.181559e-04,2.513895e-03,7.329225e-03,2.307561e-03,8.315402e-04,9.818579e-04,4.072222e-01,1.933553e-03,1.892000e-02,5.663741e-02,2.396170e-01,1.847731e-01,4.615206e-02,1.119634e-03
2.060043e-02,6.073622e-04,1.852088e-03,2.271788e-02,2.023875e-03,6.476435e-04,8.113708e-04,2.893686e-01,4.383735e-03,1.890524e-02,5.910226e-02,3.686493e-01,1.509425e-01,5.843709e-02,9.506848e-04
1.465376e-02,5.042264e-04,1.425170e-03,2.236046e-02,1.890512e-03,2.906007e-03,6.238186e-04,2.033535e-01,5.941771e-03,1.664661e-02,9.554369e-02,4.789534e-01,1.098460e-01,4.463007e-02,7.209611e-04
1.100624e-02,7.655097e-04,1.627177e-03,2.524573e-02,1.972238e-03,1.883737e-02,6.114483e-04,1.432088e-01,1.028573e-02,1.390088e-02,9.220282e-02,5.676842e-01,7.898049e-02,3.252191e-02,1.149443e-03
8.376828e-03,7.982704e-04,1.310915e-03,2.289099e-02,1.938911e-03,1.556196e-02,4.800768e-04,1.005091e-01,1.188014e-02,1.454566e-02,9.224783e-02,6.461660e-01,5.681968e-02,2.542100e-02,1.052584e-03
6.451836e-03,6.526232e-04,1.031323e-03,2.018496e-02,2.311872e-03,1.337925e-02,3.540459e-04,7.041866e-02,1.013230e-02,1.295572e-02,1.118271e-01,6.890103e-01,4.041882e-02,1.989480e-02,9.764189e-04
4.954959e-03,5.249372e-04,8.744500e-04,1.738478e-02,3.056090e-03,1.214721e-02,2.577094e-04,4.935571e-02,7.917667e-03,9.554675e-03,1.196214e-01,7.303084e-01,2.848922e-02,1.462089e-02,9.318498e-04
3.600395e-03,5.263471e-04,6.843966e-04,1.317859e-02,7.598102e-03,1.137553e-02,1.897570e-04,3.460697e-02,5.771697e-03,6.836723e-03,1.397413e-01,7.442303e-01,2.010903e-02,1.075968e-02,7.911004e-04
2.601189e-03,6.746193e-04,6.677918e-04,9.376468e-03,1.554673e-02,8.926086e-03,1.419118e-04,2.427096e-02,4.252818e-03,4.915600e-03,1.084548e-01,7.971845e-01,1.419110e-02,8.151788e-03,6.435552e-04
1.946359e-03,8.299445e-04,6.026120e-04,6.745167e-03,2.948794e-02,6.479821e-03,1.085403e-04,1.716416e-02,3.135772e-03,3.563655e-03,8.400676e-02,8.289503e-01,1.006972e-02,6.430577e-03,4.786078e-04
2.084676e-03,2.137646e-03,1.040294e-03,4.989602e-03,6.651561e-02,7.330502e-03,1.607231e-04,1.362476e-02,2.323988e-03,2.635626e-03,6.194232e-02,8.220130e-01,7.227442e-03,5.628767e-03,3.450236e-04
2.258171e-03,3.953401e-03,1.171590e-03,3.761987e-03,1.066002e-01,1.212250e-02,7.272913e-04,1.120712e-02,1.774708e-03,2.036616e-03,4.786513e-02,7.965267e-01,5.218410e-03,4.527004e-03,2.491306e-04
3.275439e-03,5.268374e-03,1.620152e-03,3.308730e-03,9.932544e-02,1.389663e-02,2.132337e-03,1.093454e-02,1.586943e-03,1.605841e-03,4.402499e-02,8.050370e-01,3.887736e-03,3.865768e-03,2.300083e-04
6.064202e-03,4.425958e-03,1.451544e-03,2.474184e-03,8.230516e-02,1.178794e-02,2.636623e-03,9.487258e-03,2.095023e-03,1.483688e-03,8.027898e-02,7.884353e-01,3.187403e-03,3.637362e-03,2.493799e-04
8.136712e-03,3.412246e-03,1.116322e-03,1.817351e-03,6.080218e-02,1.111209e-02,2.346548e-03,7.350008e-03,1.796985e-03,1.558363e-03,1.141006e-01,7.800307e-01,2.781644e-03,3.391947e-03,2.462021e-04
1.229720e-02,2.714648e-03,9.528867e-04,1.430414e-03,4.726690e-02,1.003058e-02,3.319157e-03,7.418878e-03,1.751688e-03,2.140576e-03,2.117395e-01,6.921831e-01,3.287905e-03,3.172386e-03,2.941617e-04
1.926798e-02,2.296522e-03,8.296606e-04,1.169198e-03,3.804050e-02,1.038692e-02,3.843867e-03,6.579403e-03,2.555057e-03,2.863556e-03,2.426248e-01,6.623368e-01,3.792683e-03,2.952699e-03,4.603955e-04
2.669510e-02,2.271215e-03,9.327210e-04,1.024174e-03,3.174036e-02,1.050569e-02,3.906508e-03,5.528679e-03,3.125090e-03,5.343541e-03,2.250007e-01,6.764095e-01,3.760924e-03,3.083689e-03,6.720480e-04
2.865498e-02,2.330450e-03,1.398629e-03,9.143902e-04,2.638453e-02,1.071151e-02,4.381236e-03,4.841665e-03,3.484777e-03,8.310866e-03,2.265736e-01,6.729076e-01,3.498195e-03,4.483348e-03,1.124274e-03
3.504720e-02,2.313180e-03,2.374131e-03,1.007400e-03,2.819243e-02,1.085945e-02,5.110927e-03,4.894380e-03,3.721469e-03,1.547322e-02,2.409574e-01,6.381197e-01,5.426985e-03,5.410082e-03,1.091997e-03
3.613064e-02,4.984498e-03,5.578809e-03,9.442304e-04,3.432401e-02,2.018459e-02,6.355291e-03,4.710084e-03,3.770418e-03,1.276451e-02,2.578796e-01,6.008887e-01,4.821198e-03,5.221979e-03,1.441528e-03
3.946815e-02,1.473786e-02,1.528049e-02,1.041443e-03,6.576939e-02,7.316424e-02,7.310738e-03,6.181858e-03,9.981782e-03,1.060999e-02,1.996063e-01,5.451745e-01,3.981818e-03,5.238729e-03,2.452698e-03
3.900824e-02,1.312372e-02,2.709744e-02,1.116523e-03,8.442385e-02,6.512072e-02,1.044410e-02,2.201031e-02,1.302631e-02,8.609243e-03,1.455436e-01,5.605823e-01,3.174808e-03,4.614480e-03,2.104389e-03
3.604048e-02,1.030955e-02,2.309544e-02,1.760502e-03,7.258489e-02,5.221801e-02,7.928499e-03,2.865734e-02,1.278797e-02,6.442908e-03,1.068483e-01,6.324553e-01,3.510161e-03,3.609717e-03,1.750912e-03
3.283000e-02,7.823201e-03,1.903073e-02,1.803400e-03,6.391255e-02,5.138664e-02,6.313083e-03,3.169794e-02,1.432332e-02,4.965682e-03,7.854240e-02,6.787974e-01,4.347750e-03,2.740219e-03,1.485703e-03
2.663340e-02,6.167321e-03,1.568035e-02,1.509147e-03,8.949585e-02,4.453573e-02,5.552323e-03,2.719682e-02,2.335234e-02,1.370934e-02,5.977556e-02,6.781222e-01,4.497709e-03,2.386279e-03,1.385660e-03
2.111720e-02,4.658235e-03,1.235305e-02,1.348666e-03,1.287984e-01,3.314089e-02,5.196490e-03,2.350052e-02,2.980927e-02,1.620229e-02,4.795966e-02,6.677000e-01,5.161514e-03,1.943355e-03,1.110431e-03
1.811082e-02,3.623212e-03,1.519437e-02,1.830468e-03,1.394492e-01,2.358094e-02,4.512739e-03,1.243695e-01,3.170878e-02,1.527187e-02,3.839923e-02,5.751930e-01,6.438854e-03,1.503447e-03,8.135565e-04
1.887446e-02,3.205099e-03,3.040206e-02,2.844444e-02,1.525102e-01,1.782245e-02,5.294673e-03,2.252568e-01,2.831165e-02,2.136705e-02,3.767851e-02,4.228387e-01,6.040156e-03,1.341098e-03,6.124949e-04
1.749055e-02,5.288688e-03,3.428727e-02,2.635511e-02,1.480146e-01,1.315907e-02,4.219784e-03,2.037641e-01,1.851369e-01,1.732581e-02,2.911538e-02,3.091019e-01,5.221860e-03,1.015687e-03,5.032684e-04
1.559260e-02,6.443616e-03,2.570281e-02,2.002429e-02,1.449560e-01,1.123666e-02,3.268966e-03,1.442907e-01,3.717033e-01,1.373071e-02,2.074535e-02,2.171011e-01,3.897697e-03,7.747369e-04,5.313237e-04
1.662130e-02,7.957928e-03,1.870473e-02,1.562441e-02,1.694191e-01,1.290896e-02,2.800808e-03,1.018440e-01,4.701610e-01,1.044216e-02,1.519857e-02,1.530452e-01,3.941400e-03,6.929027e-04,6.375961e-04
1.763504e-02,2.439384e-02,1.373028e-02,1.726553e-02,1.448167e-01,1.589154e-02,2.424043e-03,7.175303e-02,5.271460e-01,9.422081e-03,1.333586e-02,1.091921e-01,3.029589e-02,7.121519e-04,1.985967e-03
1.576311e-02,4.740497e-02,9.957456e-03,1.903742e-02,1.232068e-01,1.351941e-02,1.954077e-03,5.094642e-02,5.967842e-01,7.728013e-03,1.057795e-02,7.730256e-02,2.311191e-02,8.190967e-04,1.886616e-03
1.456585e-02,6.713746e-02,8.436392e-03,1.108464e-01,9.658276e-02,1.163958e-02,1.443847e-03,3.945599e-02,5.567994e-01,7.282384e-03,9.490682e-03,5.477206e-02,1.829192e-02,7.160177e-04,2.539218e-03
1.489436e-02,8.473027e-02,1.189352e-02,1.775067e-01,7.362500e-02,9.288209e-03,1.055582e-03,2.907887e-02,5.043089e-01,1.361065e-02,1.261998e-02,3.907727e-02,1.565802e-02,1.157649e-03,1.149496e-02
3.666095e-02,7.356087e-02,1.510548e-02,1.354174e-01,7.008711e-02,7.970599e-03,1.095908e-03,2.294103e-02,4.560564e-01,2.103467e-02,3.191005e-02,2.980447e-02,1.852329e-02,1.745970e-02,6.237195e-02
2.941792e-02,7.050987e-02,2.049263e-02,9.942028e-02,5.199374e-02,6.968086e-03,9.444852e-04,1.869854e-02,3.729214e-01,2.952618e-02,7.765797e-02,2.224409e-02,2.154836e-02,5.284938e-02,1.248070e-01
2.257312e-02,5.553492e-02,1.637278e-02,7.167017e-02,4.481199e-02,6.028487e-03,1.280263e-03,1.575867e-02,3.500413e-01,3.450097e-02,9.233661e-02,1.735696e-02,4.118654e-02,4.289418e-02,1.876530e-01
1.980255e-02,4.215052e-02,4.694087e-02,5.592887e-02,4.376409e-02,5.381074e-03,1.501054e-03,4.647592e-02,2.997457e-01,2.977677e-02,9.933236e-02,1.322399e-02,6.319262e-02,3.310532e-02,1.996782e-01
2.843224e-02,3.660492e-02,4.180185e-02,4.066848e-02,4.529264e-02,5.011403e-03,1.730969e-03,3.350927e-02,2.279849e-01,2.593632e-02,9.430137e-02,1.025807e-02,5.750909e-02,3.875140e-02,3.122070e-01
3.754199e-02,3.487942e-02,3.515962e-02,3.314305e-02,4.385745e-02,6.699528e-03,2.054010e-03,2.447280e-02,1.745266e-01,2.203066e-02,1.067837e-01,8.811465e-03,4.680116e-02,4.099197e-02,3.822466e-01
3.323260e-02,2.622746e-02,2.634854e-02,2.469713e-02,3.258869e-02,6.137061e-03,1.656678e-03,1.733068e-02,1.344295e-01,1.737996e-02,1.939671e-01,6.974888e-03,3.544507e-02,1.599313e-01,2.836533e-01
2.431772e-02,1.889000e-02,1.887592e-02,1.796896e-02,2.376523e-02,5.113027e-03,1.185836e-03,1.221733e-02,9.978835e-02,1.297903e-02,2.671093e-01,5.591326e-03,2.574879e-02,2.663384e-01,2.001108e-01
1.780839e-02,1.414440e-02,1.439409e-02,1.302249e-02,1.714403e-02,4.271354e-03,8.529176e-04,8.625044e-03,7.473750e-02,9.955852e-03,3.297095e-01,4.530841e-03,1.868337e-02,3.307976e-01,1.413226e-01
1.347269e-02,1.566676e-02,1.584476e-02,1.045868e-02,1.246203e-02,5.505051e-03,6.277769e-04,6.102158e-03,1.050314e-01,8.712101e-03,2.831554e-01,3.449616e-03,1.361435e-02,4.048511e-01,1.010460e-01
1.029390e-02,1.389912e-02,1.199883e-02,7.942974e-03,9.259547e-03,5.062534e-03,4.564546e-04,4.319111e-03,1.449587e-01,7.071760e-03,2.209131e-01,2.810818e-03,9.734576e-03,4.791306e-01,7.214812e-02
7.431800e-03,1.042714e-02,8.827078e-03,5.673009e-03,7.144426e-03,3.763581e-03,3.252195e-04,3.038981e-03,2.232228e-01,5.499050e-03,1.607224e-01,2.046021e-03,6.859686e-03,5.031667e-01,5.185210e-02
5.967333e-03,7.983145e-03,7.115903e-03,4.087131e-03,5.463065e-03,3.361325e-03,2.380850e-04,2.147260e-03,2.427890e-01,4.094945e-03,1.147548e-01,1.507793e-03,4.837131e-03,5.558161e-01,3.983711e-02
6.683107e-03,8.171722e-03,2.228655e-02,3.204862e-03,4.487120e-03,6.223786e-03,2.089267e-04,1.601421e-03,2.293999e-01,3.236386e-03,8.172829e-02,1.196978e-03,3.477383e-03,5.929997e-01,3.509388e-02
7.603625e-03,8.583498e-03,3.370341e-02,3.111008e-03,3.678559e-03,1.016427e-02,2.414318e-04,1.341457e-03,2.318028e-01,2.713491e-03,5.840124e-02,1.138644e-03,2.560110e-03,6.003526e-01,3.460382e-02
1.185059e-02,6.834741e-03,2.811119e-02,2.390659e-03,2.830964e-03,1.037070e-02,2.530004e-04,1.235924e-03,1.963793e-01,2.998540e-03,4.170141e-02,9.780192e-04,1.877190e-03,6.544013e-01,3.778649e-02
2.119577e-02,6.496408e-03,2.954572e-02,1.978327e-03,3.323899e-03,9.152122e-03,2.002916e-04,1.094337e-03,1.719531e-01,4.856665e-03,3.145702e-02,8.065671e-04,1.477392e-03,6.820855e-01,3.437691e-02
3.208348e-02,6.861729e-03,4.733821e-02,3.620935e-03,4.464920e-03,8.952507e-03,2.483249e-04,5.561352e-03,2.020942e-01,5.778478e-03,2.348274e-02,7.731118e-04,1.340480e-03,6.119183e-01,4.548128e-02
2.958627e-02,5.503062e-03,3.480604e-02,2.906239e-03,4.561692e-03,6.808783e-03,1.918689e-04,4.244736e-03,1.974895e-01,5.245091e-03,1.777630e-02,6.042173e-04,1.117005e-03,5.887153e-01,1.004439e-01
2.706302e-02,5.173426e-03,2.676564e-02,9.821048e-03,5.467294e-03,5.317680e-03,1.523018e-04,5.099133e-03,2.934985e-01,5.134875e-03,1.321887e-02,4.787688e-04,1.191578e-03,4.531216e-01,1.484963e-01
2.706358e-02,4.036422e-03,1.946307e-02,7.783774e-03,5.353650e-03,4.077394e-03,1.197197e-04,4.111178e-03,3.091860e-01,5.852442e-03,9.736158e-03,3.852781e-04,1.320699e-03,3.474925e-01,2.540182e-01
2.924637e-02,3.349499e-03,1.502260e-02,1.273438e-02,5.860779e-03,3.361403e-03,9.727931e-05,5.228070e-03,3.621998e-01,7.033189e-03,8.342691e-03,3.817608e-04,1.320228e-03,2.539435e-01,2.918784e-01
2.708674e-02,2.604228e-03,1.138091e-02,1.104809e-02,5.786864e-03,2.602339e-03,7.554241e-05,5.276135e-03,4.839611e-01,6.499478e-03,7.422573e-03,3.499255e-04,1.215992e-03,1.832026e-01,2.514874e-01
2.106684e-02,1.946166e-03,8.162024e-03,7.796894e-03,4.369018e-03,2.089022e-03,5.443466e-05,3.831817e-03,5.378162e-01,6.271109e-03,6.279037e-03,2.682192e-04,1.010352e-03,1.307138e-01,2.683251e-01
1.520572e-02,1.460072e-03,5.797112e-03,5.577795e-03,3.236094e-03,1.773844e-03,3.986787e-05,2.770552e-03,6.603376e-01,5.224372e-03,5.057405e-03,2.271354e-04,9.647163e-04,9.363453e-02,1.986932e-01
1.087427e-02,1.090438e-03,4.138821e-03,4.081541e-03,2.332913e-03,1.351916e-03,3.145813e-05,1.991129e-03,7.482880e-01,7.923139e-03,3.876043e-03,2.245630e-04,1.008887e-03,6.613029e-02,1.466566e-01
1.718947e-02,9.256661e-04,9.542881e-03,6.080733e-03,2.681799e-03,1.788753e-03,1.454074e-04,2.157504e-03,7.632158e-01,1.996034e-02,3.864618e-03,6.217703e-04,1.814246e-03,5.014807e-02,1.198629e-01
1.803051e-02,1.454784e-03,2.647031e-02,5.981882e-03,2.595387e-03,1.489431e-03,1.823179e-04,2.124877e-03,7.382045e-01,2.255099e-02,5.490550e-03,2.560071e-03,5.947652e-03,3.697802e-02,1.299388e-01
1.667817e-02,3.371593e-03,3.259002e-02,5.474179e-03,3.161826e-03,1.680848e-03,3.692716e-04,2.500242e-03,6.225629e-01,1.857359e-02,1.101328e-02,4.506411e-03,2.782879e-02,3.126412e-02,2.184248e-01
2.463828e-02,2.856959e-02,1.044117e-01,1.583106e-02,5.377032e-03,2.378172e-03,5.459230e-04,3.161337e-03,5.289442e-01,1.851335e-02,9.605816e-03,4.234422e-03,2.459622e-02,2.740086e-02,2.017921e-01
2.555066e-02,4.360760e-02,1.002354e-01,2.281762e-02,6.492667e-03,2.925701e-03,5.588870e-04,7.345470e-03,4.781138e-01,1.738734e-02,1.084588e-02,3.772484e-03,2.755922e-02,2.114571e-02,2.316417e-01
3.119779e-02,7.125602e-02,1.049638e-01,2.086144e-02,6.034419e-03,2.473426e-03,4.843925e-04,4.762441e-02,3.778084e-01,1.482084e-02,1.088561e-02,3.503505e-03,2.539119e-02,1.772967e-02,2.649652e-01
3.746037e-02,1.308982e-01,1.621782e-01,1.857245e-02,7.367858e-03,2.621161e-03,5.538547e-04,5.670967e-02,2.885356e-01,1.165341e-02,8.746692e-03,2.807353e-03,1.908272e-02,1.899327e-02,2.338191e-01
3.978985e-02,1.725917e-01,2.038017e-01,1.863822e-02,9.247491e-03,3.815477e-03,1.466292e-03,8.555594e-02,2.244943e-01,1.058693e-02,8.411716e-03,3.074154e-03,1.755312e-02,1.725738e-02,1.837157e-01
6.119327e-02,1.708934e-01,1.742870e-01,1.760321e-02,1.820333e-02,4.591998e-03,1.978195e-03,1.646286e-01,1.759462e-01,1.024539e-02,7.413011e-03,3.143569e-03,1.692445e-02,1.688210e-02,1.560664e-01
6.445991e-02,1.494271e-01,1.484765e-01,1.589798e-02,2.057398e-02,7.800223e-03,4.638421e-03,2.763495e-01,1.348812e-01,8.636680e-03,5.953963e-03,3.072792e-03,1.863694e-02,1.303703e-02,1.281578e-01
1.021897e-01,1.246061e-01,1.236173e-01,1.293181e-02,1.780644e-02,1.846367e-02,3.296194e-02,3.194799e-01,1.002837e-01,6.698444e-03,5.069680e-03,4.688276e-03,2.040964e-02,9.959810e-03,1.008336e-01
1.153487e-01,1.154275e-01,9.568065e-02,1.013865e-02,1.547721e-02,1.978882e-02,1.038237e-01,3.046682e-01,8.430327e-02,5.752794e-03,4.081882e-03,4.765471e-03,2.072481e-02,7.739967e-03,9.227831e-02
1.184141e-01,9.323710e-02,8.032790e-02,8.950878e-03,1.304103e-02,2.077804e-02,2.158720e-01,2.581885e-01,7.244054e-02,5.057038e-03,3.356238e-03,5.665968e-03,1.871443e-02,6.228683e-03,7.972763e-02
1.384791e-01,8.216444e-02,6.789147e-02,7.779670e-03,1.236828e-02,1.912339e-02,2.356668e-01,2.649698e-01,6.208723e-02,4.239710e-03,2.702566e-03,5.246838e-03,1.676472e-02,5.639852e-03,7.487614e-02
1.523510e-01,7.545914e-02,5.990869e-02,7.916001e-03,1.269125e-02,1.690711e-02,2.382992e-01,2.775690e-01,6.713472e-02,3.925157e-03,2.262748e-03,5.189911e-03,1.488874e-02,4.853580e-03,6.064370e-02
1.705750e-01,5.654577e-02,4.826790e-02,7.637242e-03,1.218966e-02,1.910914e-02,2.885533e-01,2.587575e-01,5.795771e-02,3.310326e-03,2.213552e-03,8.217963e-03,1.596802e-02,4.689030e-03,4.600783e-02
1.709447e-01,4.371598e-02,3.843262e-02,6.330843e-03,1.265039e-02,1.852359e-02,3.636854e-01,2.223329e-01,4.935071e-02,3.453782e-03,2.309215e-03,8.633114e-03,1.578273e-02,4.666951e-03,3.918700e-02
1.694711e-01,3.298838e-02,3.110007e-02,5.399776e-03,1.298598e-02,1.741862e-02,4.054166e-01,2.174014e-01,4.317081e-02,3.678608e-03,2.729252e-03,8.390338e-03,1.572580e-02,4.216617e-03,2.990662e-02
2.272967e-01,2.551147e-02,2.497888e-02,5.363904e-03,1.309112e-02,1.815427e-02,3.567666e-01,2.261620e-01,3.753923e-02,4.567804e-03,3.858333e-03,1.191077e-02,1.551713e-02,3.518299e-03,2.576344e-02
2.811113e-01,1.996001e-02,2.073317e-02,5.578972e-03,1.346766e-02,1.853649e-02,3.200021e-01,2.254139e-01,3.329398e-02,5.171400e-03,3.879017e-03,1.369248e-02,1.470350e-02,3.010689e-03,2.144531e-02
3.585007e-01,1.668496e-02,1.862904e-02,5.905276e-03,1.504456e-02,1.900456e-02,2.710929e-01,2.060566e-01,3.007410e-02,5.809220e-03,4.287403e-03,1.444325e-02,1.322621e-02,2.716222e-03,1.852496e-02
4.289497e-01,1.378660e-02,1.628312e-02,7.271704e-03,1.504364e-02,1.962180e-02,2.213508e-01,1.918730e-01,2.495362e-02,6.636176e-03,4.343737e-03,1.785433e-02,1.301173e-02,2.455719e-03,1.656423e-02
4.726081e-01,1.228992e-02,1.538612e-02,8.875275e-03,1.617510e-02,1.992584e-02,1.847112e-01,1.860956e-01,2.035348e-02,6.970956e-03,4.580334e-03,2.037177e-02,1.369808e-02,2.428552e-03,1.552965e-02
1.000000e+00,0.000000e+00,0.000000e+00,0.000000e+00,0.000000e+00,0.000000e+00,0.000000e+00,0.000000e+00,0.000000e+00,0.000000e+00,0.000000e+00,0.000000e+00,0.000000e+00,0.000000e+00,0.000000e+00
1.000000e+00,0.000000e+00,0.000000e+00,0.000000e+00,0.000000e+00,0.000000e+00,0.000000e+00,0.000000e+00,0.000000e+00,0.000000e+00,0.000000e+00,0.000000e+00,0.000000e+00,0.000000e+00,0.000000e+00
4.781545e-01,1.304255e-02,1.137895e-02,2.954124e-02,1.677740e-02,2.620690e-02,8.989467e-02,1.156240e-01,2.045476e-02,6.278463e-02,1.709107e-02,3.540735e-02,4.915187e-02,3.133835e-03,3.135620e-02
4.330573e-01,1.426130e-02,1.243443e-02,4.054932e-02,1.672411e-02,2.640270e-02,7.316504e-02,8.944669e-02,2.773932e-02,9.480865e-02,2.031246e-02,4.982124e-02,5.723035e-02,4.855814e-03,3.919122e-02
4.101961e-01,1.476105e-02,1.008881e-02,4.382526e-02,1.573893e-02,2.449252e-02,6.501234e-02,6.893886e-02,3.108438e-02,1.025685e-01,3.137848e-02,5.970789e-02,7.255621e-02,6.909444e-03,4.274121e-02
3.459257e-01,1.486273e-02,8.555917e-03,8.500896e-02,1.722338e-02,2.358596e-02,4.675112e-02,4.952538e-02,7.410078e-02,9.385721e-02,3.182156e-02,9.150673e-02,6.627753e-02,6.113855e-03,4.488325e-02
3.353873e-01,1.607367e-02,6.983602e-03,8.873785e-02,1.592566e-02,2.927225e-02,3.414054e-02,3.539626e-02,8.069458e-02,7.926182e-02,3.189387e-02,1.107346e-01,7.800216e-02,6.345131e-03,5.115072e-02
3.313766e-01,1.306017e-02,6.032207e-03,7.304853e-02,1.963814e-02,2.437946e-02,2.587255e-02,2.508158e-02,1.009216e-01,7.142301e-02,3.383189e-02,9.580693e-02,9.031274e-02,6.346612e-03,8.286794e-02
3.670037e-01,1.056837e-02,1.035799e-02,6.486423e-02,2.461341e-02,3.150393e-02,1.930194e-02,1.798458e-02,9.407467e-02,9.078067e-02,2.847366e-02,8.285923e-02,7.769617e-02,6.773788e-03,7.314373e-02
3.307315e-01,9.117788e-03,9.294741e-03,5.049673e-02,2.926483e-02,3.522331e-02,1.514811e-02,1.279754e-02,8.196712e-02,1.592954e-01,2.777203e-02,8.207825e-02,6.984429e-02,6.756465e-03,8.021192e-02
2.646801e-01,9.406852e-03,1.355279e-02,4.195564e-02,3.062104e-02,4.860111e-02,1.251357e-02,1.314515e-02,7.604000e-02,1.874691e-01,3.146258e-02,9.132703e-02,7.953934e-02,6.229171e-03,9.345658e-02
1.914332e-01,1.096242e-02,3.659891e-02,9.115494e-02,3.123650e-02,3.990384e-02,1.056851e-02,1.980047e-02,7.622084e-02,1.562711e-01,3.575573e-02,7.740065e-02,8.508003e-02,5.304107e-03,1.323088e-01
1.767482e-01,1.034910e-02,4.344445e-02,8.173572e-02,3.847048e-02,3.195383e-02,1.129555e-02,2.291363e-02,7.065175e-02,1.565509e-01,4.579695e-02,6.408875e-02,7.298777e-02,6.729995e-03,1.662829e-01
2.025586e-01,1.507408e-02,6.680603e-02,1.004146e-01,4.391191e-02,2.757479e-02,1.327308e-02,2.510176e-02,7.563519e-02,1.168716e-01,4.661763e-02,5.725154e-02,7.151680e-02,5.313312e-03,1.320790e-01
2.442346e-01,1.677869e-02,5.548843e-02,8.803255e-02,4.301527e-02,2.456622e-02,1.883803e-02,3.497138e-02,8.445401e-02,1.086714e-01,4.213260e-02,4.866535e-02,7.785953e-02,4.076845e-03,1.082151e-01
3.295537e-01,1.841152e-02,4.946429e-02,8.047314e-02,3.538505e-02,2.705927e-02,1.456279e-02,4.260724e-02,7.703755e-02,8.610246e-02,3.507306e-02,5.148592e-02,6.911834e-02,3.510649e-03,8.015496e-02
3.558753e-01,1.886977e-02,3.879474e-02,6.053894e-02,3.068402e-02,3.214335e-02,1.126145e-02,8.058520e-02,6.268591e-02,9.378976e-02,2.899909e-02,4.775357e-02,6.575043e-02,3.619211e-03,6.864925e-02
4.036412e-01,1.691146e-02,2.836037e-02,4.595639e-02,2.914735e-02,3.108624e-02,8.991326e-03,7.147862e-02,5.569394e-02,1.235635e-01,2.461837e-02,4.457352e-02,5.665323e-02,3.325031e-03,5.599936e-02
3.658760e-01,1.393688e-02,2.582342e-02,3.489901e-02,2.918107e-02,2.476388e-02,7.812477e-03,2.101246e-01,4.313418e-02,9.639090e-02,2.066173e-02,3.780701e-02,4.537201e-02,2.564771e-03,4.165203e-02
3.706894e-01,1.172340e-02,2.086177e-02,2.941465e-02,2.577728e-02,2.330424e-02,1.198076e-02,2.722444e-01,3.368108e-02,7.451180e-02,1.721789e-02,3.621958e-02,3.622361e-02,2.030281e-03,3.411986e-02
4.093782e-01,9.990862e-03,1.650627e-02,2.438968e-02,2.262209e-02,2.292891e-02,1.202170e-02,3.002860e-01,2.519252e-02,5.662316e-02,1.333154e-02,2.906495e-02,2.750644e-02,1.725962e-03,2.843173e-02
4.125662e-01,8.342355e-03,1.285644e-02,1.956291e-02,2.509947e-02,2.063685e-02,1.343764e-02,3.259315e-01,1.926436e-02,6.227073e-02,1.018563e-02,2.203326e-02,2.400738e-02,1.572445e-03,2.223284e-02
3.340259e-01,6.701593e-03,1.042727e-02,1.577651e-02,2.272887e-02,1.844050e-02,1.174459e-02,4.513317e-01,1.458446e-02,5.364651e-02,7.739730e-03,1.619641e-02,1.886448e-02,1.401948e-03,1.638956e-02
2.898916e-01,5.470733e-03,8.178120e-03,1.252432e-02,2.098877e-02,1.566294e-02,9.289234e-03,5.194281e-01,1.135443e-02,5.888961e-02,6.111783e-03,1.271890e-02,1.578588e-02,1.171962e-03,1.253355e-02
2.693032e-01,4.991722e-03,7.743688e-03,1.086135e-02,1.751647e-02,1.548815e-02,9.703540e-03,5.542099e-01,1.026792e-02,5.308175e-02,5.635340e-03,1.143888e-02,1.690286e-02,1.163410e-03,1.169183e-02
2.449749e-01,4.681769e-03,6.794528e-03,8.450091e-03,1.588728e-02,1.307091e-02,8.809544e-03,6.020464e-01,8.429937e-03,4.684132e-02,5.298367e-03,9.701801e-03,1.344916e-02,1.024803e-03,1.053915e-02
2.341134e-01,4.415643e-03,5.791766e-03,6.863830e-03,1.624982e-02,1.117648e-02,8.084415e-03,6.370639e-01,6.987127e-03,3.555525e-02,5.036202e-03,8.567622e-03,1.071084e-02,9.522605e-04,8.431404e-03
2.434769e-01,4.371872e-03,8.425424e-03,7.016852e-03,1.675690e-02,1.381012e-02,1.181106e-02,6.306434e-01,5.964740e-03,2.531344e-02,4.614584e-03,9.695917e-03,9.585110e-03,1.048631e-03,7.465077e-03
3.087506e-01,4.735540e-03,9.498548e-03,7.284996e-03,1.482086e-02,1.511056e-02,1.123094e-02,5.654747e-01,5.940091e-03,1.848061e-02,4.750736e-03,1.376885e-02,9.504342e-03,1.443196e-03,9.205472e-03
3.813798e-01,5.614545e-03,9.773754e-03,9.392980e-03,1.305391e-02,1.794141e-02,1.104536e-02,4.837056e-01,6.019969e-03,1.372441e-02,5.160487e-03,1.872234e-02,1.044881e-02,1.980630e-03,1.203613e-02
3.577860e-01,5.044598e-03,8.838600e-03,8.796260e-03,1.325621e-02,2.066478e-02,1.067718e-02,5.060849e-01,6.507669e-03,1.007727e-02,6.097814e-03,2.179017e-02,1.096631e-02,2.023430e-03,1.138875e-02
3.386939e-01,4.748798e-03,8.123074e-03,9.112841e-03,1.272533e-02,1.988179e-02,9.422285e-03,5.316949e-01,6.963443e-03,7.563827e-03,6.395405e-03,2.225664e-02,9.958578e-03,1.870402e-03,1.058886e-02
3.011513e-01,4.423988e-03,8.311381e-03,1.015681e-02,1.238837e-02,1.764473e-02,7.689781e-03,5.827572e-01,6.912877e-03,5.586776e-03,5.168443e-03,1.974914e-02,7.815007e-03,1.564596e-03,8.679600e-03
3.128620e-01,4.669006e-03,9.638177e-03,1.027402e-02,1.184163e-02,1.536145e-02,6.362633e-03,5.814346e-01,6.084609e-03,4.305483e-03,4.349479e-03,1.747923e-02,6.734064e-03,1.361740e-03,7.241832e-03
3.212543e-01,4.083253e-03,9.892886e-03,8.979376e-03,1.084450e-02,1.301815e-02,5.481165e-03,5.863646e-01,4.638593e-03,3.302125e-03,3.608825e-03,1.512394e-02,6.156193e-03,1.132450e-03,6.119618e-03
3.316079e-01,3.173575e-03,9.170227e-03,7.226773e-03,8.883016e-03,1.049925e-02,4.646973e-03,5.935431e-01,3.357692e-03,2.478159e-03,2.869122e-03,1.153508e-02,5.153970e-03,9.303940e-04,4.924743e-03
3.737389e-01,2.755456e-03,9.052150e-03,6.497405e-03,7.807417e-03,9.171199e-03,4.335860e-03,5.549047e-01,2.607420e-03,2.187971e-03,3.341877e-03,1.222070e-02,6.410184e-03,9.002434e-04,4.068429e-03
3.666995e-01,4.171097e-03,1.642827e-02,2.349327e-02,5.910240e-03,1.357956e-02,3.684225e-03,4.237314e-01,5.176148e-03,4.012437e-03,1.122373e-02,6.608232e-02,4.868076e-02,1.980118e-03,5.146902e-03
3.715014e-01,3.227879e-03,1.236813e-02,2.180301e-02,4.741398e-03,1.168616e-02,2.916096e-03,3.010648e-01,5.364489e-03,4.685509e-03,2.949445e-02,7.935435e-02,1.375128e-01,9.648269e-03,4.631209e-03
4.348861e-01,4.977741e-03,1.013648e-02,3.872009e-02,7.362030e-03,1.707665e-02,3.966270e-03,2.156693e-01,2.049079e-02,4.375712e-03,3.321195e-02,7.762822e-02,1.104427e-01,1.330655e-02,7.749360e-03
4.431713e-01,5.464809e-03,7.682477e-03,2.919976e-02,9.082365e-03,1.292220e-02,3.337122e-03,1.518403e-01,1.917901e-02,7.541673e-03,3.486392e-02,9.377283e-02,1.260391e-01,4.881142e-02,7.091619e-03
3.569202e-01,5.223592e-03,6.045648e-03,2.103590e-02,8.574165e-03,1.167325e-02,2.703531e-03,1.068418e-01,2.304429e-02,6.919229e-03,3.300090e-02,1.955884e-01,1.458083e-01,7.090279e-02,5.717921e-03
2.551670e-01,4.495068e-03,4.320145e-03,1.506407e-02,6.403642e-03,9.420296e-03,1.979314e-03,7.487613e-02,7.587284e-02,8.318923e-03,2.694517e-02,2.820768e-01,1.289641e-01,1.003386e-01,5.757926e-03
1.888064e-01,5.657677e-03,3.133684e-03,1.101572e-02,4.682208e-03,8.510242e-03,1.516142e-03,5.255133e-02,1.724283e-01,1.196083e-02,3.133057e-02,2.456822e-01,9.976992e-02,1.568569e-01,6.097832e-03
1.378011e-01,2.911141e-02,2.544967e-03,7.987519e-03,3.600245e-03,8.624920e-03,1.118465e-03,3.686208e-02,2.500927e-01,9.933048e-03,3.090980e-02,1.987675e-01,7.608137e-02,1.979385e-01,8.626372e-03
9.659459e-02,2.743926e-02,2.047338e-03,5.668318e-03,2.784458e-03,6.608984e-03,7.898193e-04,2.582124e-02,4.048291e-01,7.452680e-03,3.039920e-02,1.569543e-01,5.431773e-02,1.718377e-01,6.455187e-03
6.773508e-02,2.780686e-02,1.777103e-03,4.029756e-03,2.161944e-03,5.173663e-03,5.547486e-04,1.808798e-02,5.105092e-01,6.457117e-03,2.904132e-02,1.130134e-01,3.850295e-02,1.701258e-01,5.023123e-03
4.756463e-02,2.642194e-02,1.864785e-03,2.881260e-03,1.626536e-03,4.292547e-03,3.893971e-04,1.269206e-02,5.477511e-01,1.062487e-02,2.636871e-02,8.030964e-02,2.717292e-02,2.055616e-01,4.478110e-03
3.340687e-02,1.998955e-02,1.649023e-03,2.168244e-03,1.282300e-03,3.243500e-03,2.737825e-04,8.964900e-03,5.639296e-01,1.097152e-02,2.156712e-02,5.656564e-02,1.931849e-02,2.531447e-01,3.524883e-03
2.355575e-02,1.823771e-02,1.847365e-03,1.643393e-03,1.116712e-03,2.708475e-03,1.933417e-04,6.340771e-03,5.681268e-01,1.119101e-02,1.887526e-02,4.014197e-02,1.393316e-02,2.888166e-01,3.271717e-03
1.673577e-02,1.577875e-02,3.580234e-03,1.257945e-03,8.683332e-04,3.605524e-03,1.378479e-04,4.466104e-03,4.537626e-01,8.273961e-03,1.956594e-02,2.828305e-02,1.008882e-02,4.269083e-01,6.686816e-03
1.191547e-02,1.584820e-02,3.385855e-03,9.533931e-04,6.396903e-04,3.099000e-03,9.835253e-05,3.131544e-03,3.503611e-01,6.157711e-03,1.585366e-02,1.989970e-02,7.173855e-03,5.548209e-01,6.661632e-03
