1.000000e+00,0.000000e+00,0.000000e+00,0.000000e+00,0.000000e+00,0.000000e+00,0.000000e+00,0.000000e+00,0.000000e+00,0.000000e+00,0.000000e+00,0.000000e+00,0.000000e+00,0.000000e+00,0.000000e+00
1.000000e+00,0.000000e+00,0.000000e+00,0.000000e+00,0.000000e+00,0.000000e+00,0.000000e+00,0.000000e+00,0.000000e+00,0.000000e+00,0.000000e+00,0.000000e+00,0.000000e+00,0.000000e+00,0.000000e+00
1.000000e+00,0.000000e+00,0.000000e+00,0.000000e+00,0.000000e+00,0.000000e+00,0.000000e+00,0.000000e+00,0.000000e+00,0.000000e+00,0.000000e+00,0.000000e+00,0.000000e+00,0.000000e+00,0.000000e+00
1.000000e+00,0.000000e+00,0.000000e+00,0.000000e+00,0.000000e+00,0.000000e+00,0.000000e+00,0.000000e+00,0.000000e+00,0.000000e+00,0.000000e+00,0.000000e+00,0.000000e+00,0.000000e+00,0.000000e+00
1.000000e+00,0.000000e+00,0.000000e+00,0.000000e+00,0.000000e+00,0.000000e+00,0.000000e+00,0.000000e+00,0.000000e+00,0.000000e+00,0.000000e+00,0.000000e+00,0.000000e+00,0.000000e+00,0.000000e+00
1.000000e+00,0.000000e+00,0.000000e+00,0.000000e+00,0.000000e+00,0.000000e+00,0.000000e+00,0.000000e+00,0.000000e+00,0.000000e+00,0.000000e+00,0.000000e+00,0.000000e+00,0.000000e+00,0.000000e+00
1.000000e+00,0.000000e+00,0.000000e+00,0.000000e+00,0.000000e+00,0.000000e+00,0.000000e+00,0.000000e+00,0.000000e+00,0.000000e+00,0.000000e+00,0.000000e+00,0.000000e+00,0.000000e+00,0.000000e+00
1.000000e+00,0.000000e+00,0.000000e+00,0.000000e+00,0.000000e+00,0.000000e+00,0.000000e+00,0.000000e+00,0.000000e+00,0.000000e+00,0.000000e+00,0.000000e+00,0.000000e+00,0.000000e+00,0.000000e+00
1.000000e+00,0.000000e+00,0.000000e+00,0.000000e+00,0.000000e+00,0.000000e+00,0.000000e+00,0.000000e+00,0.000000e+00,0.000000e+00,0.000000e+00,0.000000e+00,0.000000e+00,0.000000e+00,0.000000e+00
1.000000e+00,0.000000e+00,0.000000e+00,0.000000e+00,0.000000e+00,0.000000e+00,0.000000e+00,0.000000e+00,0.000000e+00,0.000000e+00,0.000000e+00,0.000000e+00,0.000000e+00,0.000000e+00,0.000000e+00
1.000000e+00,0.000000e+00,0.000000e+00,0.000000e+00,0.000000e+00,0.000000e+00,0.000000e+00,0.000000e+00,0.000000e+00,0.000000e+00,0.000000e+00,0.000000e+00,0.000000e+00,0.000000e+00,0.000000e+00
1.000000e+00,0.000000e+00,0.000000e+00,0.000000e+00,0.000000e+00,0.000000e+00,0.000000e+00,0.000000e+00,0.000000e+00,0.000000e+00,0.000000e+00,0.000000e+00,0.000000e+00,0.000000e+00,0.000000e+00
1.000000e+00,0.000000e+00,0.000000e+00,0.000000e+00,0.000000e+00,0.000000e+00,0.000000e+00,0.000000e+00,0.000000e+00,0.000000e+00,0.000000e+00,0.000000e+00,0.000000e+00,0.000000e+00,0.000000e+00
1.000000e+00,0.000000e+00,0.000000e+00,0.000000e+00,0.000000e+00,0.000000e+00,0.000000e+00,0.000000e+00,0.000000e+00,0.000000e+00,0.000000e+00,0.000000e+00,0.000000e+00,0.000000e+00,0.000000e+00
1.000000e+00,0.000000e+00,0.000000e+00,0.000000e+00,0.000000e+00,0.000000e+00,0.000000e+00,0.000000e+00,0.000000e+00,0.000000e+00,0.000000e+00,0.000000e+00,0.000000e+00,0.000000e+00,0.000000e+00
1.000000e+00,0.000000e+00,0.000000e+00,0.000000e+00,0.000000e+00,0.000000e+00,0.000000e+00,0.000000e+00,0.000000e+00,0.000000e+00,0.000000e+00,0.000000e+00,0.000000e+00,0.000000e+00,0.000000e+00
1.000000e+00,0.000000e+00,0.000000e+00,0.000000e+00,0.000000e+00,0.000000e+00,0.000000e+00,0.000000e+00,0.000000e+00,0.000000e+00,0.000000e+00,0.000000e+00,0.000000e+00,0.000000e+00,0.000000e+00
1.000000e+00,0.000000e+00,0.000000e+00,0.000000e+00,0.000000e+00,0.000000e+00,0.000000e+00,0.000000e+00,0.000000e+00,0.000000e+00,0.000000e+00,0.000000e+00,0.000000e+00,0.000000e+00,0.000000e+00
1.000000e+00,0.000000e+00,0.000000e+00,0.000000e+00,0.000000e+00,0.000000e+00,0.000000e+00,0.000000e+00,0.000000e+00,0.000000e+00,0.000000e+00,0.000000e+00,0.000000e+00,0.000000e+00,0.000000e+00
1.000000e+00,0.000000e+00,0.000000e+00,0.000000e+00,0.000000e+00,0.000000e+00,0.000000e+00,0.000000e+00,0.000000e+00,0.000000e+00,0.000000e+00,0.000000e+00,0.000000e+00,0.000000e+00,0.000000e+00
1.000000e+00,0.000000e+00,0.000000e+00,0.000000e+00,0.000000e+00,0.000000e+00,0.000000e+00,0.000000e+00,0.000000e+00,0.000000e+00,0.000000e+00,0.000000e+00,0.000000e+00,0.000000e+00,0.000000e+00
1.000000e+00,0.000000e+00,0.000000e+00,0.000000e+00,0.000000e+00,0.000000e+00,0.000000e+00,0.000000e+00,0.000000e+00,0.000000e+00,0.000000e+00,0.000000e+00,0.000000e+00,0.000000e+00,0.000000e+00
1.000000e+00,0.000000e+00,0.000000e+00,0.000000e+00,0.000000e+00,0.000000e+00,0.000000e+00,0.000000e+00,0.000000e+00,0.000000e+00,0.000000e+00,0.000000e+00,0.000000e+00,0.000000e+00,0.000000e+00
1.000000e+00,0.000000e+00,0.000000e+00,0.000000e+00,0.000000e+00,0.000000e+00,0.000000e+00,0.000000e+00,0.000000e+00,0.000000e+00,0.000000e+00,0.000000e+00,0.000000e+00,0.000000e+00,0.000000e+00
1.000000e+00,0.000000e+00,0.000000e+00,0.000000e+00,0.000000e+00,0.000000e+00,0.000000e+00,0.000000e+00,0.000000e+00,0.000000e+00,0.000000e+00,0.000000e+00,0.000000e+00,0.000000e+00,0.000000e+00
1.000000e+00,0.000000e+00,0.000000e+00,0.000000e+00,0.000000e+00,0.000000e+00,0.000000e+00,0.000000e+00,0.000000e+00,0.000000e+00,0.000000e+00,0.000000e+00,0.000000e+00,0.000000e+00,0.000000e+00
1.000000e+00,0.000000e+00,0.000000e+00,0.000000e+00,0.000000e+00,0.000000e+00,0.000000e+00,0.000000e+00,0.000000e+00,0.000000e+00,0.000000e+00,0.000000e+00,0.000000e+00,0.000000e+00,0.000000e+00
1.000000e+00,0.000000e+00,0.000000e+00,0.000000e+00,0.000000e+00,0.000000e+00,0.000000e+00,0.000000e+00,0.000000e+00,0.000000e+00,0.000000e+00,0.000000e+00,0.000000e+00,0.000000e+00,0.000000e+00
1.000000e+00,0.000000e+00,0.000000e+00,0.000000e+00,0.000000e+00,0.000000e+00,0.000000e+00,0.000000e+00,0.000000e+00,0.000000e+00,0.000000e+00,0.000000e+00,0.000000e+00,0.000000e+00,0.000000e+00
1.000000e+00,0.000000e+00,0.000000e+00,0.000000e+00,0.000000e+00,0.000000e+00,0.000000e+00,0.000000e+00,0.000000e+00,0.000000e+00,0.000000e+00,0.000000e+00,0.000000e+00,0.000000e+00,0.000000e+00
1.000000e+00,0.000000e+00,0.000000e+00,0.000000e+00,0.000000e+00,0.000000e+00,0.000000e+00,0.000000e+00,0.000000e+00,0.000000e+00,0.000000e+00,0.000000e+00,0.000000e+00,0.000000e+00,0.000000e+00
1.000000e+00,0.000000e+00,0.000000e+00,0.000000e+00,0.000000e+00,0.000000e+00,0.000000e+00,0.000000e+00,0.000000e+00,0.000000e+00,0.000000e+00,0.000000e+00,0.000000e+00,0.000000e+00,0.000000e+00
1.000000e+00,0.000000e+00,0.000000e+00,0.000000e+00,0.000000e+00,0.000000e+00,0.000000e+00,0.000000e+00,0.000000e+00,0.000000e+00,0.000000e+00,0.000000e+00,0.000000e+00,0.000000e+00,0.000000e+00
1.000000e+00,0.000000e+00,0.000000e+00,0.000000e+00,0.000000e+00,0.000000e+00,0.000000e+00,0.000000e+00,0.000000e+00,0.000000e+00,0.000000e+00,0.000000e+00,0.000000e+00,0.000000e+00,0.000000e+00
1.000000e+00,0.000000e+00,0.000000e+00,0.000000e+00,0.000000e+00,0.000000e+00,0.000000e+00,0.000000e+00,0.000000e+00,0.000000e+00,0.000000e+00,0.000000e+00,0.000000e+00,0.000000e+00,0.000000e+00
1.000000e+00,0.000000e+00,0.000000e+00,0.000000e+00,0.000000e+00,0.000000e+00,0.000000e+00,0.000000e+00,0.000000e+00,0.000000e+00,0.000000e+00,0.000000e+00,0.000000e+00,0.000000e+00,0.000000e+00
1.000000e+00,0.000000e+00,0.000000e+00,0.000000e+00,0.000000e+00,0.000000e+00,0.000000e+00,0.000000e+00,0.000000e+00,0.000000e+00,0.000000e+00,0.000000e+00,0.000000e+00,0.000000e+00,0.000000e+00
1.000000e+00,0.000000e+00,0.000000e+00,0.000000e+00,0.000000e+00,0.000000e+00,0.000000e+00,0.000000e+00,0.000000e+00,0.000000e+00,0.000000e+00,0.000000e+00,0.000000e+00,0.000000e+00,0.000000e+00
1.000000e+00,0.000000e+00,0.000000e+00,0.000000e+00,0.000000e+00,0.000000e+00,0.000000e+00,0.000000e+00,0.000000e+00,0.000000e+00,0.000000e+00,0.000000e+00,0.000000e+00,0.000000e+00,0.000000e+00
1.000000e+00,0.000000e+00,0.000000e+00,0.000000e+00,0.000000e+00,0.000000e+00,0.000000e+00,0.000000e+00,0.000000e+00,0.000000e+00,0.000000e+00,0.000000e+00,0.000000e+00,0.000000e+00,0.000000e+00
1.000000e+00,0.000000e+00,0.000000e+00,0.000000e+00,0.000000e+00,0.000000e+00,0.000000e+00,0.000000e+00,0.000000e+00,0.000000e+00,0.000000e+00,0.000000e+00,0.000000e+00,0.000000e+00,0.000000e+00
1.000000e+00,0.000000e+00,0.000000e+00,0.000000e+00,0.000000e+00,0.000000e+00,0.000000e+00,0.000000e+00,0.000000e+00,0.000000e+00,0.000000e+00,0.000000e+00,0.000000e+00,0.000000e+00,0.000000e+00
1.000000e+00,0.000000e+00,0.000000e+00,0.000000e+00,0.000000e+00,0.000000e+00,0.000000e+00,0.000000e+00,0.000000e+00,0.000000e+00,0.000000e+00,0.000000e+00,0.000000e+00,0.000000e+00,0.000000e+00
1.000000e+00,0.000000e+00,0.000000e+00,0.000000e+00,0.000000e+00,0.000000e+00,0.000000e+00,0.000000e+00,0.000000e+00,0.000000e+00,0.000000e+00,0.000000e+00,0.000000e+00,0.000000e+00,0.000000e+00
1.000000e+00,0.000000e+00,0.000000e+00,0.000000e+00,0.000000e+00,0.000000e+00,0.000000e+00,0.000000e+00,0.000000e+00,0.000000e+00,0.000000e+00,0.000000e+00,0.000000e+00,0.000000e+00,0.000000e+00
1.000000e+00,0.000000e+00,0.000000e+00,0.000000e+00,0.000000e+00,0.000000e+00,0.000000e+00,0.000000e+00,0.000000e+00,0.000000e+00,0.000000e+00,0.000000e+00,0.000000e+00,0.000000e+00,0.000000e+00
1.000000e+00,0.000000e+00,0.000000e+00,0.000000e+00,0.000000e+00,0.000000e+00,0.000000e+00,0.000000e+00,0.000000e+00,0.000000e+00,0.000000e+00,0.000000e+00,0.000000e+00,0.000000e+00,0.000000e+00
1.000000e+00,0.000000e+00,0.000000e+00,0.000000e+00,0.000000e+00,0.000000e+00,0.000000e+00,0.000000e+00,0.000000e+00,0.000000e+00,0.000000e+00,0.000000e+00,0.000000e+00,0.000000e+00,0.000000e+00
1.000000e+00,0.000000e+00,0.000000e+00,0.000000e+00,0.000000e+00,0.000000e+00,0.000000e+00,0.000000e+00,0.000000e+00,0.000000e+00,0.000000e+00,0.000000e+00,0.000000e+00,0.000000e+00,0.000000e+00
1.000000e+00,0.000000e+00,0.000000e+00,0.000000e+00,0.000000e+00,0.000000e+00,0.000000e+00,0.000000e+00,0.000000e+00,0.000000e+00,0.000000e+00,0.000000e+00,0.000000e+00,0.000000e+00,0.000000e+00
1.000000e+00,0.000000e+00,0.000000e+00,0.000000e+00,0.000000e+00,0.000000e+00,0.000000e+00,0.000000e+00,0.000000e+00,0.000000e+00,0.000000e+00,0.000000e+00,0.000000e+00,0.000000e+00,0.000000e+00
1.000000e+00,0.000000e+00,0.000000e+00,0.000000e+00,0.000000e+00,0.000000e+00,0.000000e+00,0.000000e+00,0.000000e+00,0.000000e+00,0.000000e+00,0.000000e+00,0.000000e+00,0.000000e+00,0.000000e+00
1.000000e+00,0.000000e+00,0.000000e+00,0.000000e+00,0.000000e+00,0.000000e+00,0.000000e+00,0.000000e+00,0.000000e+00,0.000000e+00,0.000000e+00,0.000000e+00,0.000000e+00,0.000000e+00,0.000000e+00
1.000000e+00,0.000000e+00,0.000000e+00,0.000000e+00,0.000000e+00,0.000000e+00,0.000000e+00,0.000000e+00,0.000000e+00,0.000000e+00,0.000000e+00,0.000000e+00,0.000000e+00,0.000000e+00,0.000000e+00
1.000000e+00,0.000000e+00,0.000000e+00,0.000000e+00,0.000000e+00,0.000000e+00,0.000000e+00,0.000000e+00,0.000000e+00,0.000000e+00,0.000000e+00,0.000000e+00,0.000000e+00,0.000000e+00,0.000000e+00
1.000000e+00,0.000000e+00,0.000000e+00,0.000000e+00,0.000000e+00,0.000000e+00,0.000000e+00,0.000000e+00,0.000000e+00,0.000000e+00,0.000000e+00,0.000000e+00,0.000000e+00,0.000000e+00,0.000000e+00
4.578653e-01,6.226737e-02,4.470694e-02,1.120648e-01,1.612179e-02,3.499132e-02,1.462361e-02,3.250512e-02,3.172311e-02,5.069840e-03,3.887071e-02,3.648795e-02,2.413117e-02,1.858046e-02,6.999046e-02
3.569601e-01,5.580568e-02,3.808890e-02,1.199016e-01,1.623481e-02,4.412760e-02,1.294442e-02,2.727444e-02,5.320980e-02,6.854885e-03,5.282485e-02,5.412205e-02,3.832765e-02,2.816842e-02,9.515472e-02
3.297238e-01,5.345344e-02,3.751116e-02,1.324417e-01,1.693584e-02,4.218094e-02,1.163051e-02,2.386334e-02,6.134835e-02,7.770662e-03,5.384992e-02,5.713643e-02,4.005620e-02,2.736377e-02,1.047339e-01
4.236154e-01,4.797901e-02,3.187484e-02,1.115957e-01,1.604674e-02,3.778556e-02,9.761688e-03,2.014281e-02,4.861263e-02,6.577066e-03,4.356247e-02,4.963226e-02,3.613824e-02,2.221777e-02,9.445779e-02
1.000000e+00,0.000000e+00,0.000000e+00,0.000000e+00,0.000000e+00,0.000000e+00,0.000000e+00,0.000000e+00,0.000000e+00,0.000000e+00,0.000000e+00,0.000000e+00,0.000000e+00,0.000000e+00,0.000000e+00
1.000000e+00,0.000000e+00,0.000000e+00,0.000000e+00,0.000000e+00,0.000000e+00,0.000000e+00,0.000000e+00,0.000000e+00,0.000000e+00,0.000000e+00,0.000000e+00,0.000000e+00,0.000000e+00,0.000000e+00
1.000000e+00,0.000000e+00,0.000000e+00,0.000000e+00,0.000000e+00,0.000000e+00,0.000000e+00,0.000000e+00,0.000000e+00,0.000000e+00,0.000000e+00,0.000000e+00,0.000000e+00,0.000000e+00,0.000000e+00
4.277816e-01,7.173935e-02,2.191512e-02,1.528428e-01,9.575920e-03,2.847547e-02,5.993376e-03,1.083654e-02,2.239589e-02,6.220520e-03,2.207793e-02,4.357368e-02,3.714781e-02,1.124511e-02,1.281789e-01
3.024485e-01,5.741950e-02,1.828417e-02,1.525556e-01,7.086081e-03,3.783079e-02,4.677735e-03,8.134917e-03,1.896787e-02,5.005868e-03,1.579703e-02,3.113982e-02,2.325568e-01,7.924509e-03,1.001709e-01
2.123329e-01,4.253174e-02,1.327452e-02,1.163019e-01,5.264114e-03,3.019387e-02,3.540955e-03,5.800149e-03,1.808324e-02,3.693890e-03,1.142712e-02,2.278815e-02,4.281403e-01,5.570946e-03,8.105621e-02
1.487487e-01,3.077643e-02,9.715607e-03,8.544301e-02,3.886724e-03,2.289124e-02,2.763347e-03,4.104395e-03,1.436580e-02,2.773189e-03,8.116626e-03,1.635730e-02,5.808713e-01,3.904297e-03,6.528205e-02
1.041794e-01,2.196337e-02,6.987395e-03,6.006635e-02,2.913926e-03,1.668635e-02,2.027913e-03,2.904783e-03,1.178136e-02,2.026658e-03,5.867823e-03,1.163252e-02,6.231137e-01,2.743684e-03,1.251048e-01
7.295094e-02,1.598745e-02,5.183729e-03,4.253560e-02,2.172916e-03,1.207717e-02,1.498052e-03,2.055648e-03,1.115822e-02,1.505857e-03,4.260747e-03,8.453301e-03,6.897311e-01,1.927262e-03,1.285020e-01
5.108523e-02,1.181581e-02,3.792335e-03,3.014822e-02,1.576762e-03,8.792470e-03,1.085532e-03,1.454256e-03,1.073128e-02,1.092357e-03,3.033676e-03,6.122720e-03,7.607875e-01,1.350818e-03,1.071310e-01
3.583848e-02,8.402217e-03,3.099418e-03,2.123216e-02,1.431349e-03,6.341735e-03,8.162489e-04,1.031310e-03,7.952242e-03,8.525855e-04,2.172415e-03,4.428565e-03,8.032794e-01,9.508262e-04,1.021710e-01
2.514146e-02,5.995781e-03,2.858692e-03,1.499806e-02,1.142396e-03,4.628514e-03,6.096939e-04,7.394626e-04,5.921049e-03,7.161811e-04,1.574474e-03,3.199636e-03,8.196562e-01,6.739823e-04,1.121444e-01
1.779450e-02,5.370774e-03,9.488689e-03,1.241124e-02,3.214225e-03,3.765983e-03,4.188117e-03,1.940910e-03,1.178523e-02,9.561806e-04,1.242087e-03,2.686971e-03,6.550528e-01,4.913260e-04,2.696109e-01
1.278322e-02,4.025178e-03,8.301537e-03,9.858740e-03,2.568270e-03,1.488542e-02,6.366346e-03,2.296163e-03,9.928803e-03,8.780278e-04,1.309394e-03,3.658650e-03,6.161810e-01,3.665552e-04,3.065927e-01
9.949369e-03,9.788307e-03,8.264467e-02,1.431910e-02,2.338779e-03,3.657391e-02,6.456247e-03,1.923331e-03,5.430815e-02,1.662620e-03,1.675991e-03,4.064553e-03,4.952905e-01,3.436302e-04,2.786608e-01
7.637437e-03,1.020958e-02,6.318212e-02,1.123088e-02,1.729065e-03,6.452804e-02,5.433525e-03,1.379876e-03,8.333060e-02,3.383025e-03,7.129190e-03,1.034281e-02,4.174987e-01,3.651027e-04,3.126200e-01
6.081636e-03,1.274769e-02,5.359936e-02,8.856318e-03,1.287472e-03,6.030409e-02,5.693330e-03,1.263577e-03,1.200591e-01,3.714765e-03,1.143376e-02,1.822924e-02,3.805721e-01,5.150355e-04,3.156425e-01
5.809794e-03,2.161007e-02,3.900642e-02,6.439094e-03,1.142948e-03,4.303110e-02,4.529640e-03,9.102577e-04,2.184483e-01,5.059503e-03,1.027304e-02,1.819867e-02,2.768077e-01,5.252980e-04,3.482082e-01
4.880797e-03,2.486415e-02,3.082352e-02,5.379273e-03,9.780085e-04,3.452972e-02,1.518621e-02,7.981788e-04,2.863492e-01,1.699672e-02,9.085147e-03,1.875643e-02,2.401585e-01,1.086591e-03,3.101276e-01
4.026567e-03,2.238825e-02,2.321338e-02,5.439851e-03,8.005726e-04,2.574138e-02,1.158503e-02,6.293311e-04,2.314998e-01,5.037195e-02,9.382339e-03,1.719861e-02,2.047985e-01,1.019123e-03,3.919053e-01
5.682861e-03,2.147982e-02,2.404797e-02,4.194564e-02,8.513205e-04,2.896378e-02,8.494910e-03,1.194664e-03,2.398697e-01,7.675109e-02,1.256209e-02,1.820908e-02,1.507493e-01,1.289102e-03,3.679087e-01
6.228295e-03,1.798243e-02,1.857528e-02,3.319060e-02,1.003304e-03,2.231465e-02,7.036651e-03,2.171597e-03,2.093236e-01,8.194121e-02,1.243711e-02,1.636088e-02,1.120254e-01,1.399868e-03,4.580092e-01
6.498652e-03,1.772772e-02,2.284106e-02,8.857439e-02,5.734466e-03,1.694070e-02,6.983262e-03,2.395810e-02,2.154934e-01,8.020552e-02,1.646272e-02,1.325510e-02,9.121979e-02,1.736021e-03,3.923692e-01
9.459372e-03,1.457062e-02,2.262259e-02,1.119141e-01,6.380003e-03,1.419248e-02,7.305611e-03,2.066058e-02,1.759774e-01,9.268147e-02,1.776590e-02,1.227625e-02,8.404430e-02,1.879913e-03,4.082694e-01
9.637284e-03,1.079305e-02,1.794423e-02,9.634890e-02,5.871411e-03,1.251427e-02,5.964679e-03,1.689998e-02,1.288248e-01,7.883263e-02,3.036264e-02,1.196222e-02,8.374995e-02,2.707005e-03,4.875870e-01
8.595347e-03,8.207988e-03,1.471764e-02,7.602060e-02,4.901679e-03,1.062356e-02,4.574305e-03,1.334430e-02,1.008831e-01,6.691812e-02,3.214642e-02,1.013539e-02,6.953186e-02,5.236214e-03,5.741634e-01
7.360831e-03,6.385763e-03,1.072919e-02,5.595389e-02,4.900866e-03,1.003870e-02,3.826102e-03,1.045523e-02,1.036568e-01,5.137299e-02,4.237787e-02,9.457744e-03,8.909373e-02,1.031428e-02,5.840759e-01
8.854570e-03,5.797202e-03,8.556878e-03,4.555485e-02,4.279289e-03,1.124815e-02,2.788159e-03,9.304253e-03,1.180005e-01,3.946124e-02,3.841287e-02,7.361559e-03,6.806976e-02,1.078822e-02,6.215225e-01
1.575880e-02,4.569699e-03,6.621597e-03,3.288175e-02,3.819529e-03,9.233865e-03,2.052538e-03,7.078727e-03,8.914112e-02,3.061563e-02,3.300933e-02,6.671550e-03,5.268895e-02,1.091721e-02,6.949397e-01
1.735974e-02,4.076046e-03,5.087825e-03,2.624019e-02,3.633434e-03,1.336822e-02,1.496847e-03,5.220148e-03,6.752704e-02,2.452217e-02,9.575535e-02,1.401558e-02,5.020022e-02,9.269111e-03,6.622280e-01
1.645493e-02,5.068160e-03,7.728028e-03,3.817754e-02,5.431140e-03,1.017002e-02,1.213241e-03,5.002070e-03,5.624945e-02,1.906526e-02,1.951833e-01,4.810003e-02,7.341056e-02,8.891849e-03,5.098544e-01
2.226005e-02,6.605317e-03,1.020951e-02,3.804195e-02,7.788677e-03,7.926570e-03,1.060599e-03,5.275849e-03,4.966725e-02,1.954585e-02,2.273272e-01,4.716473e-02,7.231299e-02,1.001711e-02,4.747963e-01
3.479327e-02,7.698062e-03,3.052872e-02,4.798725e-02,8.791486e-03,7.354591e-03,1.137238e-03,6.138402e-03,4.647069e-02,1.518107e-02,2.015640e-01,3.876607e-02,6.150001e-02,1.111324e-02,4.809759e-01
5.289269e-02,8.953469e-03,3.067428e-02,4.520940e-02,1.281196e-02,7.803838e-03,1.983882e-03,1.258623e-02,3.985082e-02,1.288490e-02,2.037837e-01,3.575323e-02,5.456740e-02,1.303813e-02,4.672060e-01
4.041384e-02,1.418902e-02,2.644842e-02,2.945227e-01,2.141647e-02,6.718512e-03,1.525563e-03,1.002924e-02,3.151746e-02,9.122301e-03,1.433966e-01,2.521969e-02,3.841762e-02,9.224423e-03,3.278380e-01
6.910083e-02,5.076112e-02,2.562096e-02,2.340410e-01,2.776378e-02,1.959532e-02,2.589793e-03,1.275194e-02,3.359757e-02,8.306679e-03,2.061776e-01,2.014624e-02,3.191470e-02,1.972821e-02,2.379043e-01
7.621873e-02,7.985711e-02,3.198388e-02,2.544397e-01,3.282348e-02,3.571848e-02,3.129074e-03,1.499797e-02,3.893045e-02,7.431042e-03,1.842938e-01,1.848899e-02,2.494240e-02,2.702439e-02,1.697206e-01
1.371834e-01,6.235334e-02,2.740170e-02,1.871461e-01,3.013969e-02,3.644974e-02,2.571779e-03,1.235886e-02,3.095313e-02,7.946516e-03,2.155777e-01,1.572007e-02,1.882143e-02,9.460788e-02,1.207688e-01
1.313391e-01,5.218121e-02,2.875955e-02,1.381077e-01,2.611478e-02,3.611950e-02,2.330301e-03,9.594265e-03,2.705349e-02,6.545490e-03,2.732511e-01,1.610853e-02,1.466663e-02,1.513564e-01,8.647195e-02
9.914508e-02,3.706900e-02,2.070689e-02,9.723742e-02,1.876243e-02,2.705261e-02,1.707787e-03,6.843404e-03,2.021829e-02,5.101811e-03,3.852574e-01,1.688030e-02,1.054411e-02,1.926695e-01,6.080398e-02
7.983644e-02,2.697631e-02,1.538328e-02,6.843912e-02,1.364238e-02,2.180637e-02,1.220725e-03,4.852435e-03,1.548257e-02,4.007425e-03,3.420852e-01,1.941860e-02,7.596846e-03,3.353840e-01,4.386833e-02
5.852110e-02,1.925958e-02,1.140800e-02,4.831467e-02,1.025638e-02,1.677158e-02,9.177512e-04,3.556718e-03,1.212909e-02,3.676943e-03,3.900617e-01,1.620027e-02,5.485286e-03,3.723119e-01,3.112898e-02
4.141889e-02,1.372981e-02,8.284400e-03,3.399106e-02,8.445071e-03,1.240090e-02,6.802047e-04,2.527132e-03,9.402137e-03,4.268280e-03,4.879522e-01,1.379425e-02,4.071579e-03,3.369767e-01,2.205746e-02
2.931828e-02,9.866551e-03,7.554030e-03,2.385316e-02,8.572542e-03,1.086779e-02,5.091286e-04,1.813811e-03,8.580283e-03,4.564166e-03,4.924322e-01,1.321207e-02,3.169308e-03,3.699059e-01,1.578083e-02
2.065299e-02,8.693541e-03,7.877319e-03,1.680155e-02,2.001162e-02,1.177809e-02,4.711356e-04,1.330829e-03,1.224031e-02,9.255207e-03,4.547730e-01,1.209816e-02,2.418565e-03,4.102275e-01,1.137011e-02
1.461111e-02,6.265951e-03,7.064449e-03,1.181198e-02,1.522906e-02,9.152046e-03,3.651440e-04,1.014168e-03,1.834437e-02,1.432832e-02,4.644692e-01,1.076072e-02,1.911851e-03,4.164597e-01,8.211865e-03
1.031344e-02,4.849228e-03,5.751266e-03,8.302202e-03,1.115532e-02,7.408576e-03,2.733538e-04,7.201714e-04,1.443694e-02,2.066336e-02,4.964083e-01,9.346787e-03,1.830953e-03,4.025480e-01,5.992148e-03
7.293008e-03,4.055877e-03,4.493489e-03,5.904304e-03,8.589636e-03,6.567361e-03,2.724542e-04,5.196811e-04,1.265732e-02,2.763579e-02,5.335467e-01,8.223409e-03,1.797199e-03,3.736845e-01,4.759317e-03
5.175915e-03,6.874163e-03,3.977108e-03,4.160608e-03,6.446929e-03,5.974106e-03,2.543298e-04,3.757335e-04,1.026976e-02,3.943681e-02,5.965379e-01,7.353895e-03,1.437163e-03,3.076735e-01,4.052076e-03
3.723266e-03,5.055400e-03,3.045411e-03,2.928567e-03,4.797257e-03,4.410452e-03,2.174831e-04,2.838449e-04,8.014467e-03,7.765509e-02,6.450880e-01,6.068728e-03,1.223532e-03,2.344013e-01,3.087240e-03
3.020967e-03,5.726240e-03,3.842568e-03,2.168939e-03,5.170770e-03,4.962250e-03,9.549597e-04,1.038284e-03,2.046813e-02,1.114049e-01,6.398508e-01,6.606624e-03,1.175466e-03,1.911070e-01,2.502118e-03
2.846988e-03,6.714023e-03,7.755639e-03,2.377986e-03,7.410342e-03,1.610582e-02,3.011893e-03,4.207689e-03,6.014213e-02,1.169701e-01,5.943752e-01,5.960796e-03,1.303525e-03,1.686280e-01,2.189907e-03
2.916642e-03,1.135320e-02,6.496977e-03,3.579461e-03,1.319241e-02,3.365306e-02,2.525231e-03,6.955333e-03,1.041443e-01,1.363209e-01,5.235970e-01,5.634572e-03,3.193910e-03,1.439332e-01,2.503878e-03
2.610269e-03,1.024832e-02,4.750375e-03,3.774462e-03,2.653179e-02,5.708666e-02,2.269042e-03,5.303318e-03,1.522095e-01,1.223470e-01,4.605526e-01,5.844773e-03,6.483205e-03,1.373768e-01,2.611926e-03
3.753117e-03,1.140334e-02,3.651456e-03,8.469190e-03,3.980961e-02,8.059105e-02,1.941933e-03,5.561983e-03,1.858402e-01,9.180357e-02,4.149466e-01,7.637180e-03,2.223253e-02,1.186612e-01,3.697167e-03
3.383503e-03,9.473482e-03,2.605279e-03,8.843550e-03,3.326799e-02,8.950830e-02,1.502005e-03,6.312137e-03,1.603767e-01,6.797594e-02,3.812745e-01,7.915797e-02,5.061100e-02,1.012509e-01,4.456775e-03
3.971231e-03,8.053580e-03,2.182258e-03,9.429041e-03,3.331579e-02,7.780755e-02,1.348532e-03,8.578395e-03,2.283090e-01,5.027875e-02,3.126798e-01,9.379986e-02,7.782525e-02,8.819424e-02,4.226698e-03
1.484467e-02,1.178786e-02,7.878959e-03,7.077915e-03,1.349467e-01,5.648664e-02,1.215203e-03,6.462814e-03,2.318107e-01,3.780948e-02,2.491202e-01,8.032746e-02,7.824244e-02,7.429925e-02,7.689709e-03
1.752144e-02,1.163838e-02,1.039231e-02,6.408388e-03,1.894092e-01,4.313181e-02,1.529074e-03,7.998752e-03,3.108889e-01,2.941233e-02,1.843658e-01,6.400780e-02,5.949261e-02,5.681992e-02,6.983215e-03
2.093360e-02,1.364155e-02,8.538092e-03,5.670489e-03,2.389505e-01,3.150767e-02,1.542795e-03,9.196296e-03,3.782537e-01,2.210515e-02,1.314639e-01,4.662771e-02,4.281185e-02,4.064390e-02,8.112819e-03
1.925519e-02,2.353562e-02,9.973008e-03,1.517128e-02,2.367686e-01,2.487323e-02,2.451912e-03,1.373527e-02,4.222821e-01,1.773068e-02,9.782302e-02,3.910223e-02,3.803977e-02,2.938728e-02,9.870806e-03
1.758131e-02,2.201159e-02,1.131480e-02,2.474597e-02,2.582175e-01,2.097733e-02,3.001681e-03,2.027499e-02,3.698548e-01,1.528777e-02,8.371586e-02,4.783236e-02,6.836994e-02,2.136580e-02,1.544833e-02
1.395604e-02,1.726164e-02,9.872620e-03,2.129726e-02,1.890463e-01,1.554222e-02,2.851345e-03,1.909698e-02,2.992296e-01,1.201258e-02,1.082785e-01,1.106568e-01,1.516914e-01,1.552502e-02,1.368164e-02
1.447453e-02,2.236364e-02,1.319918e-02,2.378831e-02,1.453905e-01,1.230671e-02,3.058350e-03,1.654935e-02,3.132113e-01,1.152737e-02,1.169657e-01,9.448735e-02,1.783432e-01,1.294794e-02,2.138666e-02
1.082717e-02,2.354872e-02,9.969539e-03,4.896066e-02,1.053088e-01,8.930360e-03,2.311677e-03,1.259886e-02,4.568245e-01,9.190367e-03,8.466935e-02,6.675100e-02,1.316159e-01,9.381577e-03,1.911156e-02
8.518431e-03,1.822450e-02,9.239171e-03,8.241035e-02,8.665761e-02,9.809878e-03,1.959894e-03,9.490584e-03,4.201795e-01,8.466767e-03,1.171127e-01,5.663361e-02,1.350165e-01,7.972820e-03,2.830775e-02
1.183664e-02,1.558018e-02,1.000515e-02,9.853894e-02,7.289761e-02,1.164948e-02,2.431199e-03,1.067566e-02,3.384910e-01,8.228356e-03,1.437035e-01,5.565876e-02,1.730360e-01,1.138585e-02,3.588166e-02
1.184416e-02,1.164157e-02,9.793525e-03,7.218486e-02,5.350369e-02,9.256900e-03,1.815375e-03,8.470068e-03,2.495688e-01,6.668356e-03,1.507483e-01,4.476086e-02,2.129502e-01,1.310256e-02,1.436908e-01
9.690983e-03,9.056525e-03,8.225045e-03,5.566585e-02,4.372372e-02,7.276167e-03,1.791227e-03,9.650790e-03,1.892074e-01,5.887826e-03,1.410979e-01,3.541139e-02,1.824102e-01,1.218490e-02,2.887201e-01
7.124522e-03,8.126092e-03,6.892449e-03,4.167562e-02,3.140856e-02,5.965562e-03,1.407287e-03,1.043732e-02,1.493552e-01,4.760760e-03,1.051180e-01,2.663060e-02,1.408127e-01,1.049404e-02,4.497914e-01
6.313950e-03,1.324574e-02,6.808642e-03,3.704088e-02,2.302032e-02,7.768740e-03,1.056603e-03,7.675563e-03,1.544854e-01,4.592494e-03,8.482231e-02,2.024915e-02,1.049491e-01,1.022032e-02,5.177508e-01
4.643369e-03,1.670833e-02,8.540605e-03,4.538213e-02,1.667665e-02,1.366203e-02,7.888299e-04,7.419796e-03,2.054068e-01,4.128498e-03,6.773257e-02,1.547320e-02,8.377165e-02,8.824689e-03,5.008409e-01
3.639146e-03,3.120926e-02,9.931996e-03,1.722978e-01,1.184024e-02,1.546802e-02,5.646083e-04,5.350338e-03,2.662481e-01,3.327667e-03,5.013856e-02,1.198427e-02,5.950928e-02,6.505942e-03,3.519848e-01
6.113424e-03,2.909232e-02,1.051340e-02,1.269017e-01,1.081427e-02,6.635668e-02,7.179528e-04,6.651130e-03,3.705161e-01,2.723311e-03,4.135594e-02,9.117850e-03,5.934683e-02,5.220897e-03,2.545582e-01
7.192232e-03,2.433346e-02,8.573396e-03,1.293871e-01,9.934465e-03,6.314456e-02,6.826894e-04,1.025179e-02,4.744506e-01,3.597115e-03,3.011349e-02,6.921128e-03,4.604755e-02,3.902707e-03,1.814677e-01
9.877963e-03,3.540492e-02,6.832763e-03,1.179641e-01,1.057552e-02,5.833232e-02,6.706847e-04,1.391786e-02,5.477371e-01,3.385090e-03,2.195221e-02,5.079047e-03,3.682156e-02,2.895091e-03,1.285539e-01
1.124692e-02,3.914736e-02,4.994958e-03,9.752557e-02,1.478270e-02,7.026342e-02,6.564010e-04,1.456498e-02,6.013030e-01,3.131979e-03,1.580094e-02,3.697936e-03,2.838307e-02,2.173045e-03,9.232783e-02
1.923146e-02,6.638817e-02,4.171512e-03,1.307915e-01,1.383497e-02,7.795785e-02,6.375697e-04,4.115122e-02,5.356332e-01,2.644260e-03,1.482669e-02,3.246585e-03,2.095896e-02,2.207365e-03,6.631875e-02
2.672733e-02,6.086110e-02,4.814086e-03,1.073031e-01,1.421106e-02,8.155095e-02,8.482632e-04,7.468483e-02,5.442478e-01,2.058048e-03,1.375588e-02,2.682513e-03,1.566021e-02,2.033359e-03,4.856142e-02
3.082271e-02,7.125416e-02,5.600797e-03,7.968765e-02,1.820809e-02,8.867972e-02,1.178387e-03,6.725097e-02,5.685875e-01,1.589478e-03,1.082973e-02,2.326063e-03,1.653286e-02,1.707040e-03,3.574480e-02
3.754346e-02,6.113399e-02,5.166053e-03,6.150499e-02,1.983787e-02,1.584185e-01,1.053677e-03,5.662708e-02,4.983451e-01,2.519675e-03,8.928569e-03,2.847693e-03,4.462630e-02,1.474721e-03,3.997236e-02
3.802301e-02,5.700350e-02,5.589745e-03,5.513021e-02,1.968748e-02,1.616060e-01,9.335882e-04,4.829083e-02,4.883957e-01,3.833871e-03,7.706316e-03,3.322884e-03,6.949320e-02,1.166731e-03,3.981692e-02
3.296778e-02,1.241207e-01,4.509928e-03,5.012504e-02,1.706386e-02,1.921914e-01,7.216219e-04,3.522472e-02,4.139352e-01,6.080396e-03,5.795038e-03,2.672174e-03,7.051759e-02,9.810287e-04,4.309342e-02
2.886526e-02,1.646262e-01,3.550217e-03,5.750163e-02,1.365053e-02,1.718699e-01,5.549717e-04,2.550690e-02,3.989124e-01,1.393206e-02,4.426972e-03,2.089462e-03,6.316432e-02,1.011346e-03,5.033791e-02
2.254421e-02,1.408437e-01,2.580449e-03,4.279808e-02,9.835208e-03,1.319284e-01,4.058184e-04,1.810832e-02,4.260255e-01,1.676073e-02,3.318446e-03,1.551311e-03,4.874153e-02,1.068339e-03,1.334899e-01
1.758159e-02,1.571821e-01,2.364764e-03,3.689362e-02,6.924421e-03,9.692326e-02,2.873613e-04,1.280630e-02,4.823519e-01,1.480434e-02,3.208492e-03,1.423932e-03,3.460125e-02,1.351776e-03,1.312949e-01
1.529792e-02,1.550111e-01,2.637780e-03,2.661089e-02,4.936920e-03,7.631068e-02,2.264317e-04,9.621703e-03,4.114196e-01,2.355948e-02,4.447021e-03,1.459518e-03,2.587909e-02,4.685058e-03,2.378968e-01
2.988521e-02,1.419675e-01,4.055937e-03,2.069071e-02,6.715557e-03,9.085967e-02,8.076197e-04,2.359825e-02,3.508688e-01,2.218604e-02,9.514181e-03,1.575878e-03,2.376871e-02,6.491636e-03,2.670143e-01
4.137164e-02,1.090320e-01,4.664287e-03,1.627347e-02,6.456585e-03,1.377511e-01,1.083304e-03,4.726879e-02,3.155839e-01,1.807437e-02,1.079083e-02,1.726892e-03,2.054219e-02,6.048680e-03,2.633319e-01
4.616179e-02,8.346954e-02,4.986871e-03,1.378695e-02,6.774127e-03,1.040841e-01,1.105411e-03,3.455561e-02,2.727646e-01,1.600032e-02,9.286745e-03,2.480393e-03,1.961228e-02,1.281828e-02,3.721130e-01
3.958738e-02,8.398584e-02,6.349302e-03,1.095347e-02,6.020691e-03,7.376578e-02,1.004747e-03,2.450623e-02,2.680817e-01,3.580637e-02,8.193082e-03,2.343573e-03,2.271246e-02,1.409039e-02,4.025990e-01
3.543598e-02,1.076655e-01,1.056079e-02,1.015988e-02,7.420103e-03,5.316445e-02,1.356957e-03,1.766320e-02,3.076283e-01,4.135435e-02,8.511081e-03,2.566396e-03,2.673192e-02,1.541052e-02,3.543705e-01
3.660204e-02,8.492067e-02,3.260559e-02,1.619409e-02,7.415505e-03,3.929311e-02,2.676599e-03,1.826308e-02,3.093445e-01,4.134124e-02,1.016821e-02,4.029051e-03,4.748698e-02,2.864300e-02,3.210163e-01
9.605870e-02,6.970081e-02,3.273433e-02,1.930694e-02,1.495028e-02,2.986460e-02,2.590573e-03,1.672747e-02,2.374910e-01,3.227939e-02,1.453028e-02,4.957936e-03,1.444517e-01,2.856639e-02,2.557896e-01
9.219369e-02,5.851496e-02,3.302846e-02,2.430979e-02,1.306051e-02,2.210065e-02,2.203942e-03,1.600270e-02,1.867243e-01,2.636791e-02,1.536752e-02,8.265601e-03,2.637511e-01,3.012337e-02,2.079854e-01
1.169887e-01,4.534517e-02,2.683447e-02,2.650225e-02,1.035776e-02,1.770868e-02,1.903508e-03,1.154241e-02,1.363405e-01,2.499872e-02,1.557893e-02,1.198329e-02,3.004771e-01,2.884304e-02,2.245954e-01
1.048213e-01,3.222044e-02,2.084726e-02,2.173709e-02,7.548430e-03,1.346711e-02,1.570176e-03,1.224350e-02,9.695344e-02,1.986010e-02,1.491955e-02,1.022467e-02,2.442776e-01,2.240676e-02,3.769026e-01
1.243628e-01,2.385028e-02,2.453354e-02,2.541640e-02,6.626975e-03,1.093054e-02,1.382662e-03,1.515076e-02,7.285354e-02,1.852975e-02,1.386186e-02,9.448688e-03,1.844065e-01,1.879755e-02,4.498481e-01
1.036712e-01,1.728225e-02,2.862670e-02,2.144079e-02,5.363870e-03,8.515333e-03,1.482213e-03,4.232463e-02,5.290900e-02,1.399353e-02,1.089335e-02,7.433783e-03,1.342230e-01,1.411660e-02,5.377238e-01
9.537050e-02,1.276683e-02,3.632110e-02,1.905483e-02,5.026396e-03,6.836575e-03,1.994764e-03,6.737658e-02,3.905424e-02,1.212407e-02,8.638251e-03,6.289599e-03,9.740070e-02,1.033725e-02,5.814084e-01
9.315234e-02,9.526196e-03,6.572100e-02,2.971590e-02,9.004363e-03,6.540230e-03,2.832933e-03,2.063429e-01,2.785837e-02,8.855212e-03,6.832406e-03,5.095735e-03,6.935044e-02,7.403447e-03,4.517686e-01
1.051121e-01,7.442873e-03,6.864183e-02,3.983726e-02,1.159676e-02,7.366363e-03,3.365044e-03,3.122091e-01,2.015742e-02,6.687537e-03,5.555808e-03,4.454084e-03,4.981086e-02,5.321152e-03,3.524418e-01
8.771060e-02,6.584199e-03,6.003817e-02,4.144113e-02,1.575183e-02,6.331387e-03,3.665960e-03,4.536337e-01,1.453168e-02,4.814929e-03,4.261037e-03,3.614973e-03,3.548811e-02,3.781822e-03,2.583504e-01
7.335037e-02,5.923356e-03,4.860436e-02,4.053801e-02,2.708296e-02,4.931323e-03,3.320822e-03,5.524349e-01,1.071883e-02,3.482085e-03,3.305238e-03,2.842224e-03,2.522214e-02,2.711727e-03,1.955317e-01
6.217746e-02,7.747102e-03,3.802874e-02,3.642253e-02,3.086848e-02,4.108406e-03,2.673123e-03,5.908557e-01,8.640280e-03,3.154290e-03,3.098818e-03,2.346501e-03,1.805552e-02,2.145360e-03,1.896776e-01
6.239733e-02,7.949417e-03,3.023148e-02,3.137149e-02,3.276998e-02,3.394013e-03,2.014347e-03,5.394880e-01,6.784421e-03,4.017721e-03,3.131488e-03,2.185893e-03,1.312103e-02,2.177403e-03,2.589660e-01
6.177501e-02,9.011808e-03,2.534267e-02,2.551095e-02,3.027711e-02,2.777820e-03,1.643206e-03,5.019469e-01,5.885654e-03,6.187548e-03,3.061221e-03,2.181513e-03,9.828434e-03,2.497628e-03,3.120725e-01
7.257844e-02,1.358560e-02,2.153159e-02,1.975568e-02,2.501949e-02,2.296910e-03,1.531949e-03,4.605810e-01,5.834434e-03,5.961080e-03,2.673089e-03,2.372762e-03,7.478037e-03,3.516666e-03,3.552833e-01
8.041783e-02,1.651577e-02,2.087125e-02,1.618156e-02,2.148605e-02,2.137137e-03,1.659401e-03,4.496959e-01,5.938605e-03,6.731104e-03,2.451745e-03,2.405219e-03,5.841153e-03,4.362870e-03,3.633044e-01
9.395254e-02,1.908472e-02,2.180514e-02,1.352451e-02,2.057615e-02,2.166948e-03,1.992578e-03,5.081141e-01,8.082774e-03,8.851701e-03,2.416935e-03,2.630932e-03,4.896897e-03,4.688715e-03,2.872154e-01
1.475519e-01,1.865476e-02,1.868794e-02,1.202583e-02,2.081431e-02,3.637793e-03,3.158607e-03,5.232660e-01,9.969483e-03,1.079122e-02,3.005764e-03,4.749259e-03,4.570622e-03,5.485323e-03,2.136313e-01
1.900185e-01,1.521715e-02,1.489766e-02,1.038621e-02,2.094009e-02,4.118461e-03,3.985463e-03,5.498589e-01,9.631074e-03,1.140865e-02,3.031229e-03,5.127987e-03,4.015813e-03,4.946853e-03,1.524160e-01
2.669901e-01,1.192191e-02,1.147259e-02,9.290580e-03,2.197170e-02,4.607171e-03,3.829489e-03,5.218881e-01,1.010822e-02,1.320910e-02,2.828804e-03,5.240268e-03,3.534597e-03,4.458694e-03,1.086487e-01
3.523590e-01,9.697542e-03,9.477563e-03,8.623118e-03,1.940946e-02,5.497398e-03,3.990211e-03,4.734236e-01,9.966454e-03,1.132010e-02,3.086789e-03,6.544939e-03,3.274804e-03,4.398867e-03,7.893018e-02
3.878920e-01,7.365968e-03,7.756753e-03,7.609671e-03,1.445437e-02,7.146626e-03,3.849306e-03,4.689683e-01,8.485994e-03,8.527930e-03,3.176286e-03,1.052000e-02,3.503078e-03,3.738815e-03,5.700488e-02
4.377764e-01,1.007611e-02,7.151155e-03,1.220885e-02,1.418620e-02,7.435753e-03,3.361165e-03,4.146500e-01,1.077647e-02,7.366654e-03,5.480135e-03,1.585040e-02,6.303188e-03,3.082653e-03,4.429490e-02
4.077207e-01,1.587659e-02,9.764033e-03,6.234356e-02,1.566578e-02,7.696233e-03,2.807964e-03,3.588213e-01,1.771590e-02,9.794055e-03,1.093215e-02,2.492370e-02,1.679833e-02,2.672741e-03,3.646695e-02
3.407880e-01,3.141242e-02,2.305592e-02,1.599693e-01,2.363837e-02,6.730068e-03,2.168410e-03,2.587548e-01,3.311193e-02,7.895254e-03,1.470275e-02,3.185347e-02,3.469382e-02,2.522722e-03,2.870269e-02
3.105807e-01,2.664356e-02,2.109905e-02,1.669989e-01,2.202242e-02,6.951044e-03,1.777661e-03,1.882948e-01,5.869087e-02,6.651412e-03,4.679351e-02,3.308441e-02,7.211430e-02,4.974803e-03,3.332260e-02
3.387497e-01,2.110802e-02,2.075424e-02,1.240759e-01,1.768209e-02,5.914300e-03,1.348175e-03,1.576412e-01,5.751535e-02,5.315414e-03,5.998655e-02,3.400963e-02,9.137541e-02,1.072422e-02,5.379970e-02
2.593373e-01,2.825338e-02,1.596095e-02,9.593755e-02,1.423048e-02,4.622417e-03,1.014832e-03,1.115917e-01,2.574693e-01,3.803741e-03,5.498203e-02,3.044203e-02,7.020701e-02,8.011479e-03,4.413576e-02
1.895721e-01,4.813221e-02,1.236231e-02,1.437809e-01,1.258626e-02,5.422691e-03,7.502030e-04,7.864587e-02,3.466746e-01,3.023999e-03,4.257488e-02,2.369582e-02,5.232379e-02,5.883749e-03,3.457060e-02
1.329458e-01,2.342341e-01,9.089557e-03,1.181560e-01,8.921555e-03,5.506692e-03,5.263527e-04,5.506886e-02,3.142626e-01,2.158475e-03,3.106176e-02,1.819891e-02,4.078675e-02,4.174680e-03,2.490795e-02
9.396242e-02,2.761891e-01,6.849005e-03,9.293670e-02,7.647624e-03,5.226815e-03,3.809969e-04,3.863804e-02,3.754681e-01,1.631757e-03,2.631807e-02,1.388541e-02,3.304083e-02,3.184866e-03,2.464028e-02
6.738564e-02,2.840149e-01,5.553974e-03,9.367595e-02,6.272512e-03,4.343227e-03,2.909690e-04,2.718703e-02,4.184309e-01,1.227056e-03,1.994383e-02,1.064277e-02,3.188409e-02,2.543930e-03,2.660321e-02
6.101223e-02,2.674170e-01,2.036447e-02,9.443656e-02,3.238138e-02,4.382206e-02,2.810433e-03,2.490365e-02,3.648829e-01,1.168192e-03,1.869197e-02,8.833698e-03,3.134830e-02,2.340334e-03,2.558692e-02
7.305539e-02,2.149725e-01,1.737919e-02,8.092498e-02,5.470384e-02,6.746875e-02,3.196069e-03,2.006918e-02,3.797702e-01,1.305180e-03,1.710888e-02,6.846127e-03,2.804095e-02,2.629542e-03,3.252930e-02
1.013648e-01,1.864621e-01,1.629458e-02,5.984875e-02,6.029177e-02,5.948773e-02,3.138457e-03,1.722266e-02,3.697986e-01,2.949391e-03,1.470647e-02,6.134705e-03,2.936139e-02,4.211829e-03,6.872685e-02
9.138568e-02,1.983104e-01,1.684758e-02,4.697615e-02,6.992543e-02,4.984363e-02,3.049672e-03,1.544706e-02,3.762763e-01,5.701824e-03,1.273782e-02,5.544643e-03,3.361911e-02,4.173644e-03,7.016108e-02
9.060098e-02,1.611812e-01,1.719386e-02,4.033790e-02,6.866188e-02,3.833383e-02,4.605894e-03,1.715109e-02,4.419837e-01,5.890870e-03,1.279806e-02,8.996820e-03,3.431127e-02,3.377296e-03,5.457532e-02
9.682413e-02,1.964728e-01,1.355537e-02,3.386830e-02,5.657609e-02,3.025301e-02,4.199999e-03,1.412563e-02,4.439784e-01,7.877578e-03,1.082759e-02,8.758878e-03,3.851973e-02,2.733744e-03,4.142869e-02
1.102197e-01,2.029174e-01,1.145203e-02,3.132049e-02,4.936009e-02,2.405739e-02,5.556269e-03,1.263754e-02,4.082052e-01,1.105200e-02,9.584615e-03,9.329466e-03,6.738830e-02,2.778935e-03,4.414052e-02
1.851328e-01,1.651313e-01,1.001818e-02,2.669136e-02,4.947885e-02,2.071084e-02,5.846918e-03,1.271115e-02,3.771537e-01,9.148467e-03,1.113470e-02,1.736390e-02,6.631449e-02,3.648247e-03,3.951508e-02
2.103537e-01,1.339555e-01,7.960537e-03,2.158367e-02,4.640818e-02,2.098727e-02,9.169804e-03,1.159806e-02,3.469449e-01,8.838931e-03,1.117948e-02,1.939089e-02,1.113309e-01,4.335289e-03,3.596281e-02
2.462252e-01,1.003551e-01,6.486455e-03,1.764143e-02,3.477228e-02,2.433885e-02,8.367218e-03,1.013680e-02,2.586091e-01,9.293170e-03,1.377833e-02,3.561389e-02,1.973705e-01,5.977923e-03,3.103364e-02
2.231890e-01,7.223374e-02,4.926096e-03,1.430036e-02,2.503981e-02,2.816395e-02,6.809010e-03,7.635930e-03,1.867908e-01,1.034323e-02,1.802915e-02,6.467795e-02,3.030344e-01,6.899382e-03,2.792709e-02
1.746446e-01,5.415995e-02,4.821511e-03,1.156445e-02,1.836624e-02,2.441974e-02,4.984721e-03,5.423639e-03,1.380726e-01,1.514852e-02,1.844784e-02,7.772848e-02,4.199743e-01,6.320852e-03,2.592258e-02
1.344109e-01,4.035401e-02,4.218119e-03,1.030647e-02,1.316548e-02,1.945645e-02,3.847453e-03,3.878787e-03,1.126066e-01,5.738705e-02,2.341734e-02,1.212067e-01,4.163766e-01,5.210236e-03,3.415778e-02
1.040632e-01,3.036383e-02,3.179573e-03,8.210605e-03,9.419777e-03,1.490310e-02,2.822585e-03,2.727597e-03,9.506965e-02,1.092932e-01,2.353965e-02,1.474233e-01,3.943862e-01,4.251419e-03,5.034627e-02
8.429763e-02,2.223849e-02,2.386559e-03,6.057149e-03,6.759132e-03,1.776562e-02,2.021220e-03,1.926804e-03,7.996462e-02,1.610682e-01,2.633499e-02,1.925992e-01,3.392414e-01,3.337915e-03,5.400094e-02
5.953419e-02,1.598638e-02,3.619917e-03,4.506376e-03,5.302889e-03,1.445907e-02,1.948918e-03,1.664407e-03,7.093473e-02,2.861476e-01,2.370788e-02,1.981650e-01,2.653139e-01,2.470137e-03,4.623855e-02
4.273169e-02,1.166452e-02,2.918460e-03,4.252361e-03,5.041675e-03,1.243758e-02,1.970205e-03,1.283564e-03,8.047167e-02,4.016506e-01,2.311300e-02,1.789547e-01,1.948322e-01,1.896679e-03,3.678102e-02
3.030793e-02,8.819600e-03,2.149653e-03,3.641535e-03,3.840887e-03,9.026836e-03,1.590035e-03,1.062787e-03,8.261953e-02,3.820006e-01,4.520557e-02,2.553508e-01,1.453542e-01,1.512208e-03,2.751780e-02
2.132940e-02,6.732671e-03,1.541973e-03,2.713651e-03,2.888250e-03,6.439638e-03,1.242413e-03,7.843987e-04,8.714317e-02,3.355229e-01,6.893678e-02,3.349384e-01,1.085189e-01,1.228892e-03,2.003848e-02
