1.000000e+00,0.000000e+00,0.000000e+00,0.000000e+00,0.000000e+00,0.000000e+00,0.000000e+00,0.000000e+00,0.000000e+00,0.000000e+00,0.000000e+00,0.000000e+00,0.000000e+00,0.000000e+00,0.000000e+00
1.000000e+00,0.000000e+00,0.000000e+00,0.000000e+00,0.000000e+00,0.000000e+00,0.000000e+00,0.000000e+00,0.000000e+00,0.000000e+00,0.000000e+00,0.000000e+00,0.000000e+00,0.000000e+00,0.000000e+00
1.000000e+00,0.000000e+00,0.000000e+00,0.000000e+00,0.000000e+00,0.000000e+00,0.000000e+00,0.000000e+00,0.000000e+00,0.000000e+00,0.000000e+00,0.000000e+00,0.000000e+00,0.000000e+00,0.000000e+00
1.000000e+00,0.000000e+00,0.000000e+00,0.000000e+00,0.000000e+00,0.000000e+00,0.000000e+00,0.000000e+00,0.000000e+00,0.000000e+00,0.000000e+00,0.000000e+00,0.000000e+00,0.000000e+00,0.000000e+00
1.000000e+00,0.000000e+00,0.000000e+00,0.000000e+00,0.000000e+00,0.000000e+00,0.000000e+00,0.000000e+00,0.000000e+00,0.000000e+00,0.000000e+00,0.000000e+00,0.000000e+00,0.000000e+00,0.000000e+00
1.000000e+00,0.000000e+00,0.000000e+00,0.000000e+00,0.000000e+00,0.000000e+00,0.000000e+00,0.000000e+00,0.000000e+00,0.000000e+00,0.000000e+00,0.000000e+00,0.000000e+00,0.000000e+00,0.000000e+00
1.000000e+00,0.000000e+00,0.000000e+00,0.000000e+00,0.000000e+00,0.000000e+00,0.000000e+00,0.000000e+00,0.000000e+00,0.000000e+00,0.000000e+00,0.000000e+00,0.000000e+00,0.000000e+00,0.000000e+00
1.000000e+00,0.000000e+00,0.000000e+00,0.000000e+00,0.000000e+00,0.000000e+00,0.000000e+00,0.000000e+00,0.000000e+00,0.000000e+00,0.000000e+00,0.000000e+00,0.000000e+00,0.000000e+00,0.000000e+00
1.000000e+00,0.000000e+00,0.000000e+00,0.000000e+00,0.000000e+00,0.000000e+00,0.000000e+00,0.000000e+00,0.000000e+00,0.000000e+00,0.000000e+00,0.000000e+00,0.000000e+00,0.000000e+00,0.000000e+00
1.000000e+00,0.000000e+00,0.000000e+00,0.000000e+00,0.000000e+00,0.000000e+00,0.000000e+00,0.000000e+00,0.000000e+00,0.000000e+00,0.000000e+00,0.000000e+00,0.000000e+00,0.000000e+00,0.000000e+00
1.000000e+00,0.000000e+00,0.000000e+00,0.000000e+00,0.000000e+00,0.000000e+00,0.000000e+00,0.000000e+00,0.000000e+00,0.000000e+00,0.000000e+00,0.000000e+00,0.000000e+00,0.000000e+00,0.000000e+00
1.000000e+00,0.000000e+00,0.000000e+00,0.000000e+00,0.000000e+00,0.000000e+00,0.000000e+00,0.000000e+00,0.000000e+00,0.000000e+00,0.000000e+00,0.000000e+00,0.000000e+00,0.000000e+00,0.000000e+00
1.000000e+00,0.000000e+00,0.000000e+00,0.000000e+00,0.000000e+00,0.000000e+00,0.000000e+00,0.000000e+00,0.000000e+00,0.000000e+00,0.000000e+00,0.000000e+00,0.000000e+00,0.000000e+00,0.000000e+00
1.000000e+00,0.000000e+00,0.000000e+00,0.000000e+00,0.000000e+00,0.000000e+00,0.000000e+00,0.000000e+00,0.000000e+00,0.000000e+00,0.000000e+00,0.000000e+00,0.000000e+00,0.000000e+00,0.000000e+00
1.000000e+00,0.000000e+00,0.000000e+00,0.000000e+00,0.000000e+00,0.000000e+00,0.000000e+00,0.000000e+00,0.000000e+00,0.000000e+00,0.000000e+00,0.000000e+00,0.000000e+00,0.000000e+00,0.000000e+00
1.000000e+00,0.000000e+00,0.000000e+00,0.000000e+00,0.000000e+00,0.000000e+00,0.000000e+00,0.000000e+00,0.000000e+00,0.000000e+00,0.000000e+00,0.000000e+00,0.000000e+00,0.000000e+00,0.000000e+00
1.000000e+00,0.000000e+00,0.000000e+00,0.000000e+00,0.000000e+00,0.000000e+00,0.000000e+00,0.000000e+00,0.000000e+00,0.000000e+00,0.000000e+00,0.000000e+00,0.000000e+00,0.000000e+00,0.000000e+00
1.000000e+00,0.000000e+00,0.000000e+00,0.000000e+00,0.000000e+00,0.000000e+00,0.000000e+00,0.000000e+00,0.000000e+00,0.000000e+00,0.000000e+00,0.000000e+00,0.000000e+00,0.000000e+00,0.000000e+00
1.000000e+00,0.000000e+00,0.000000e+00,0.000000e+00,0.000000e+00,0.000000e+00,0.000000e+00,0.000000e+00,0.000000e+00,0.000000e+00,0.000000e+00,0.000000e+00,0.000000e+00,0.000000e+00,0.000000e+00
1.000000e+00,0.000000e+00,0.000000e+00,0.000000e+00,0.000000e+00,0.000000e+00,0.000000e+00,0.000000e+00,0.000000e+00,0.000000e+00,0.000000e+00,0.000000e+00,0.000000e+00,0.000000e+00,0.000000e+00
1.000000e+00,0.000000e+00,0.000000e+00,0.000000e+00,0.000000e+00,0.000000e+00,0.000000e+00,0.000000e+00,0.000000e+00,0.000000e+00,0.000000e+00,0.000000e+00,0.000000e+00,0.000000e+00,0.000000e+00
1.000000e+00,0.000000e+00,0.000000e+00,0.000000e+00,0.000000e+00,0.000000e+00,0.000000e+00,0.000000e+00,0.000000e+00,0.000000e+00,0.000000e+00,0.000000e+00,0.000000e+00,0.000000e+00,0.000000e+00
1.000000e+00,0.000000e+00,0.000000e+00,0.000000e+00,0.000000e+00,0.000000e+00,0.000000e+00,0.000000e+00,0.000000e+00,0.000000e+00,0.000000e+00,0.000000e+00,0.000000e+00,0.000000e+00,0.000000e+00
1.000000e+00,0.000000e+00,0.000000e+00,0.000000e+00,0.000000e+00,0.000000e+00,0.000000e+00,0.000000e+00,0.000000e+00,0.000000e+00,0.000000e+00,0.000000e+00,0.000000e+00,0.000000e+00,0.000000e+00
1.000000e+00,0.000000e+00,0.000000e+00,0.000000e+00,0.000000e+00,0.000000e+00,0.000000e+00,0.000000e+00,0.000000e+00,0.000000e+00,0.000000e+00,0.000000e+00,0.000000e+00,0.000000e+00,0.000000e+00
1.000000e+00,0.000000e+00,0.000000e+00,0.000000e+00,0.000000e+00,0.000000e+00,0.000000e+00,0.000000e+00,0.000000e+00,0.000000e+00,0.000000e+00,0.000000e+00,0.000000e+00,0.000000e+00,0.000000e+00
1.000000e+00,0.000000e+00,0.000000e+00,0.000000e+00,0.000000e+00,0.000000e+00,0.000000e+00,0.000000e+00,0.000000e+00,0.000000e+00,0.000000e+00,0.000000e+00,0.000000e+00,0.000000e+00,0.000000e+00
1.000000e+00,0.000000e+00,0.000000e+00,0.000000e+00,0.000000e+00,0.000000e+00,0.000000e+00,0.000000e+00,0.000000e+00,0.000000e+00,0.000000e+00,0.000000e+00,0.000000e+00,0.000000e+00,0.000000e+00
1.000000e+00,0.000000e+00,0.000000e+00,0.000000e+00,0.000000e+00,0.000000e+00,0.000000e+00,0.000000e+00,0.000000e+00,0.000000e+00,0.000000e+00,0.000000e+00,0.000000e+00,0.000000e+00,0.000000e+00
1.000000e+00,0.000000e+00,0.000000e+00,0.000000e+00,0.000000e+00,0.000000e+00,0.000000e+00,0.000000e+00,0.000000e+00,0.000000e+00,0.000000e+00,0.000000e+00,0.000000e+00,0.000000e+00,0.000000e+00
1.000000e+00,0.000000e+00,0.000000e+00,0.000000e+00,0.000000e+00,0.000000e+00,0.000000e+00,0.000000e+00,0.000000e+00,0.000000e+00,0.000000e+00,0.000000e+00,0.000000e+00,0.000000e+00,0.000000e+00
1.000000e+00,0.000000e+00,0.000000e+00,0.000000e+00,0.000000e+00,0.000000e+00,0.000000e+00,0.000000e+00,0.000000e+00,0.000000e+00,0.000000e+00,0.000000e+00,0.000000e+00,0.000000e+00,0.000000e+00
1.000000e+00,0.000000e+00,0.000000e+00,0.000000e+00,0.000000e+00,0.000000e+00,0.000000e+00,0.000000e+00,0.000000e+00,0.000000e+00,0.000000e+00,0.000000e+00,0.000000e+00,0.000000e+00,0.000000e+00
1.000000e+00,0.000000e+00,0.000000e+00,0.000000e+00,0.000000e+00,0.000000e+00,0.000000e+00,0.000000e+00,0.000000e+00,0.000000e+00,0.000000e+00,0.000000e+00,0.000000e+00,0.000000e+00,0.000000e+00
1.000000e+00,0.000000e+00,0.000000e+00,0.000000e+00,0.000000e+00,0.000000e+00,0.000000e+00,0.000000e+00,0.000000e+00,0.000000e+00,0.000000e+00,0.000000e+00,0.000000e+00,0.000000e+00,0.000000e+00
1.000000e+00,0.000000e+00,0.000000e+00,0.000000e+00,0.000000e+00,0.000000e+00,0.000000e+00,0.000000e+00,0.000000e+00,0.000000e+00,0.000000e+00,0.000000e+00,0.000000e+00,0.000000e+00,0.000000e+00
1.000000e+00,0.000000e+00,0.000000e+00,0.000000e+00,0.000000e+00,0.000000e+00,0.000000e+00,0.000000e+00,0.000000e+00,0.000000e+00,0.000000e+00,0.000000e+00,0.000000e+00,0.000000e+00,0.000000e+00
1.000000e+00,0.000000e+00,0.000000e+00,0.000000e+00,0.000000e+00,0.000000e+00,0.000000e+00,0.000000e+00,0.000000e+00,0.000000e+00,0.000000e+00,0.000000e+00,0.000000e+00,0.000000e+00,0.000000e+00
1.000000e+00,0.000000e+00,0.000000e+00,0.000000e+00,0.000000e+00,0.000000e+00,0.000000e+00,0.000000e+00,0.000000e+00,0.000000e+00,0.000000e+00,0.000000e+00,0.000000e+00,0.000000e+00,0.000000e+00
1.000000e+00,0.000000e+00,0.000000e+00,0.000000e+00,0.000000e+00,0.000000e+00,0.000000e+00,0.000000e+00,0.000000e+00,0.000000e+00,0.000000e+00,0.000000e+00,0.000000e+00,0.000000e+00,0.000000e+00
1.000000e+00,0.000000e+00,0.000000e+00,0.000000e+00,0.000000e+00,0.000000e+00,0.000000e+00,0.000000e+00,0.000000e+00,0.000000e+00,0.000000e+00,0.000000e+00,0.000000e+00,0.000000e+00,0.000000e+00
1.000000e+00,0.000000e+00,0.000000e+00,0.000000e+00,0.000000e+00,0.000000e+00,0.000000e+00,0.000000e+00,0.000000e+00,0.000000e+00,0.000000e+00,0.000000e+00,0.000000e+00,0.000000e+00,0.000000e+00
1.000000e+00,0.000000e+00,0.000000e+00,0.000000e+00,0.000000e+00,0.000000e+00,0.000000e+00,0.000000e+00,0.000000e+00,0.000000e+00,0.000000e+00,0.000000e+00,0.000000e+00,0.000000e+00,0.000000e+00
1.000000e+00,0.000000e+00,0.000000e+00,0.000000e+00,0.000000e+00,0.000000e+00,0.000000e+00,0.000000e+00,0.000000e+00,0.000000e+00,0.000000e+00,0.000000e+00,0.000000e+00,0.000000e+00,0.000000e+00
1.000000e+00,0.000000e+00,0.000000e+00,0.000000e+00,0.000000e+00,0.000000e+00,0.000000e+00,0.000000e+00,0.000000e+00,0.000000e+00,0.000000e+00,0.000000e+00,0.000000e+00,0.000000e+00,0.000000e+00
1.000000e+00,0.000000e+00,0.000000e+00,0.000000e+00,0.000000e+00,0.000000e+00,0.000000e+00,0.000000e+00,0.000000e+00,0.000000e+00,0.000000e+00,0.000000e+00,0.000000e+00,0.000000e+00,0.000000e+00
1.000000e+00,0.000000e+00,0.000000e+00,0.000000e+00,0.000000e+00,0.000000e+00,0.000000e+00,0.000000e+00,0.000000e+00,0.000000e+00,0.000000e+00,0.000000e+00,0.000000e+00,0.000000e+00,0.000000e+00
1.000000e+00,0.000000e+00,0.000000e+00,0.000000e+00,0.000000e+00,0.000000e+00,0.000000e+00,0.000000e+00,0.000000e+00,0.000000e+00,0.000000e+00,0.000000e+00,0.000000e+00,0.000000e+00,0.000000e+00
1.000000e+00,0.000000e+00,0.000000e+00,0.000000e+00,0.000000e+00,0.000000e+00,0.000000e+00,0.000000e+00,0.000000e+00,0.000000e+00,0.000000e+00,0.000000e+00,0.000000e+00,0.000000e+00,0.000000e+00
1.000000e+00,0.000000e+00,0.000000e+00,0.000000e+00,0.000000e+00,0.000000e+00,0.000000e+00,0.000000e+00,0.000000e+00,0.000000e+00,0.000000e+00,0.000000e+00,0.000000e+00,0.000000e+00,0.000000e+00
1.000000e+00,0.000000e+00,0.000000e+00,0.000000e+00,0.000000e+00,0.000000e+00,0.000000e+00,0.000000e+00,0.000000e+00,0.000000e+00,0.000000e+00,0.000000e+00,0.000000e+00,0.000000e+00,0.000000e+00
1.000000e+00,0.000000e+00,0.000000e+00,0.000000e+00,0.000000e+00,0.000000e+00,0.000000e+00,0.000000e+00,0.000000e+00,0.000000e+00,0.000000e+00,0.000000e+00,0.000000e+00,0.000000e+00,0.000000e+00
1.000000e+00,0.000000e+00,0.000000e+00,0.000000e+00,0.000000e+00,0.000000e+00,0.000000e+00,0.000000e+00,0.000000e+00,0.000000e+00,0.000000e+00,0.000000e+00,0.000000e+00,0.000000e+00,0.000000e+00
1.000000e+00,0.000000e+00,0.000000e+00,0.000000e+00,0.000000e+00,0.000000e+00,0.000000e+00,0.000000e+00,0.000000e+00,0.000000e+00,0.000000e+00,0.000000e+00,0.000000e+00,0.000000e+00,0.000000e+00
1.000000e+00,0.000000e+00,0.000000e+00,0.000000e+00,0.000000e+00,0.000000e+00,0.000000e+00,0.000000e+00,0.000000e+00,0.000000e+00,0.000000e+00,0.000000e+00,0.000000e+00,0.000000e+00,0.000000e+00
1.000000e+00,0.000000e+00,0.000000e+00,0.000000e+00,0.000000e+00,0.000000e+00,0.000000e+00,0.000000e+00,0.000000e+00,0.000000e+00,0.000000e+00,0.000000e+00,0.000000e+00,0.000000e+00,0.000000e+00
1.000000e+00,0.000000e+00,0.000000e+00,0.000000e+00,0.000000e+00,0.000000e+00,0.000000e+00,0.000000e+00,0.000000e+00,0.000000e+00,0.000000e+00,0.000000e+00,0.000000e+00,0.000000e+00,0.000000e+00
1.000000e+00,0.000000e+00,0.000000e+00,0.000000e+00,0.000000e+00,0.000000e+00,0.000000e+00,0.000000e+00,0.000000e+00,0.000000e+00,0.000000e+00,0.000000e+00,0.000000e+00,0.000000e+00,0.000000e+00
1.000000e+00,0.000000e+00,0.000000e+00,0.000000e+00,0.000000e+00,0.000000e+00,0.000000e+00,0.000000e+00,0.000000e+00,0.000000e+00,0.000000e+00,0.000000e+00,0.000000e+00,0.000000e+00,0.000000e+00
1.000000e+00,0.000000e+00,0.000000e+00,0.000000e+00,0.000000e+00,0.000000e+00,0.000000e+00,0.000000e+00,0.000000e+00,0.000000e+00,0.000000e+00,0.000000e+00,0.000000e+00,0.000000e+00,0.000000e+00
1.000000e+00,0.000000e+00,0.000000e+00,0.000000e+00,0.000000e+00,0.000000e+00,0.000000e+00,0.000000e+00,0.000000e+00,0.000000e+00,0.000000e+00,0.000000e+00,0.000000e+00,0.000000e+00,0.000000e+00
1.000000e+00,0.000000e+00,0.000000e+00,0.000000e+00,0.000000e+00,0.000000e+00,0.000000e+00,0.000000e+00,0.000000e+00,0.000000e+00,0.000000e+00,0.000000e+00,0.000000e+00,0.000000e+00,0.000000e+00
4.063398e-01,1.271358e-02,3.155939e-02,5.505320e-02,5.801312e-02,2.136353e-01,1.268510e-01,4.313754e-02,3.210470e-03,2.548426e-03,5.498671e-03,1.823505e-02,1.531358e-02,1.141656e-03,6.749256e-03
3.404171e-01,1.180573e-02,2.805056e-02,4.205311e-02,8.836977e-02,2.362338e-01,1.544010e-01,3.776154e-02,3.539929e-03,8.830898e-03,5.227461e-03,1.703489e-02,1.813649e-02,1.386274e-03,6.751462e-03
3.112864e-01,9.902357e-03,3.019721e-02,3.164380e-02,7.775936e-02,2.233687e-01,2.016725e-01,5.420405e-02,4.177429e-03,1.196193e-02,4.969468e-03,1.487867e-02,1.533639e-02,1.580954e-03,7.060719e-03
2.403597e-01,8.528549e-03,2.725684e-02,2.507161e-02,7.508802e-02,1.875833e-01,1.737211e-01,6.339670e-02,7.061929e-03,8.729894e-02,1.194553e-02,1.293724e-02,2.155651e-02,3.394034e-03,5.479989e-02
1.982435e-01,8.909861e-03,3.172449e-02,2.413948e-02,5.430946e-02,1.987109e-01,1.305732e-01,5.423723e-02,1.067802e-02,7.752624e-02,2.954355e-02,1.264640e-02,3.211194e-02,4.200500e-03,1.324452e-01
1.797934e-01,1.406615e-02,2.402749e-02,7.227406e-02,3.932571e-02,1.505329e-01,9.233526e-02,3.977433e-02,5.154259e-02,7.937321e-02,3.363039e-02,1.518125e-02,5.354332e-02,6.957032e-03,1.476429e-01
1.418281e-01,1.116456e-02,1.750344e-02,5.790963e-02,2.801433e-02,1.223102e-01,6.496894e-02,2.859208e-02,4.042278e-02,5.844044e-02,3.477555e-02,1.437462e-02,1.016442e-01,7.145783e-03,2.709053e-01
1.065758e-01,8.343593e-03,1.260115e-02,4.552243e-02,2.162411e-02,1.157556e-01,4.592690e-02,2.027485e-02,2.982404e-02,4.180970e-02,3.344537e-02,1.925756e-02,1.519902e-01,6.049385e-03,3.409993e-01
7.831438e-02,6.196438e-03,9.626309e-03,3.388011e-02,2.753302e-02,8.803637e-02,3.225683e-02,1.431191e-02,2.266292e-02,2.997754e-02,3.491314e-02,1.832819e-01,1.702929e-01,4.699362e-03,2.640168e-01
5.633322e-02,4.955972e-03,8.160835e-03,2.779954e-02,2.745304e-02,6.801397e-02,2.265146e-02,1.011631e-02,1.737256e-02,2.230179e-02,3.557786e-02,2.861007e-01,1.772760e-01,4.516384e-03,2.313703e-01
4.017107e-02,3.641489e-03,6.427255e-03,2.034927e-02,2.141435e-02,5.353437e-02,1.599555e-02,7.245609e-03,1.295909e-02,1.604184e-02,2.902370e-02,3.589891e-01,2.209150e-01,4.333319e-03,1.889590e-01
2.844223e-02,2.692305e-03,5.378241e-03,1.498408e-02,4.951530e-02,4.031455e-02,1.272437e-02,7.211416e-03,1.132801e-02,1.149320e-02,3.390387e-02,4.343132e-01,2.085667e-01,3.590806e-03,1.355417e-01
2.047819e-02,1.968326e-03,3.943331e-03,1.060639e-02,3.636528e-02,2.939382e-02,9.171817e-03,6.346264e-03,8.422331e-03,8.112747e-03,2.439584e-02,5.852524e-01,1.572210e-01,2.643038e-03,9.567919e-02
1.680617e-02,2.259685e-03,3.278295e-03,2.696120e-02,3.175299e-02,4.419680e-02,8.984701e-03,7.671262e-03,9.819862e-03,7.503633e-03,2.314750e-02,5.620705e-01,1.857329e-01,2.201217e-03,6.761324e-02
1.335466e-02,2.507249e-03,2.825665e-03,4.182094e-02,2.611626e-02,4.926963e-02,8.455707e-03,1.310864e-02,2.261137e-02,6.827363e-03,3.604685e-02,4.586273e-01,2.647790e-01,4.949442e-03,4.869991e-02
1.060564e-02,1.893800e-03,2.440814e-03,3.677135e-02,1.918333e-02,3.848248e-02,6.175981e-03,1.093764e-02,1.699525e-02,6.265279e-03,1.139252e-01,4.144625e-01,2.829542e-01,4.181652e-03,3.472481e-02
8.738466e-03,1.436553e-03,2.237378e-03,3.085336e-02,2.359838e-02,2.853082e-02,4.763694e-03,1.474165e-02,2.998437e-02,6.499793e-03,1.884193e-01,3.195468e-01,3.129662e-01,3.138982e-03,2.454424e-02
8.484448e-03,1.627750e-03,3.507300e-03,2.750862e-02,3.036316e-02,2.848861e-02,4.125183e-03,7.477381e-02,6.692237e-02,5.268740e-03,1.509649e-01,2.625439e-01,3.156857e-01,2.345076e-03,1.739035e-02
1.004797e-02,3.201754e-03,4.845294e-03,2.727584e-02,3.067250e-02,2.408891e-02,3.611090e-03,1.399214e-01,1.670592e-01,4.438278e-03,1.123489e-01,1.924147e-01,2.656939e-01,1.756429e-03,1.262383e-02
1.260339e-02,3.537423e-03,1.149614e-02,2.836521e-02,3.432074e-02,1.918502e-02,3.270831e-03,2.253638e-01,2.104488e-01,3.711673e-03,8.281393e-02,1.451689e-01,2.086503e-01,1.354952e-03,9.708940e-03
1.765222e-02,8.248126e-03,4.510498e-02,5.676714e-02,4.440168e-02,1.671762e-02,3.591544e-03,2.419490e-01,2.320225e-01,3.377969e-03,6.026361e-02,1.038049e-01,1.546368e-01,1.126433e-03,1.033552e-02
3.302911e-02,1.034174e-02,5.316668e-02,5.843344e-02,6.461928e-02,1.838902e-02,5.419102e-03,2.256780e-01,2.814045e-01,3.095918e-03,4.502378e-02,7.486483e-02,1.148556e-01,9.824247e-04,1.069652e-02
4.240572e-02,1.769918e-02,5.859455e-02,5.661099e-02,5.613823e-02,1.535729e-02,7.342238e-03,2.721885e-01,2.855703e-01,3.025596e-03,3.367567e-02,5.350452e-02,8.735877e-02,8.957783e-04,9.632646e-03
4.343440e-02,3.337083e-02,8.395848e-02,1.298483e-01,6.517284e-02,1.643691e-02,9.342302e-03,2.362587e-01,2.367064e-01,6.130845e-03,2.513105e-02,3.824302e-02,6.441452e-02,9.638692e-04,1.058746e-02
3.264114e-02,5.380861e-02,9.773086e-02,2.283456e-01,5.072874e-02,1.330086e-02,6.816198e-03,1.694649e-01,1.947755e-01,2.524550e-02,3.252459e-02,2.750408e-02,5.023233e-02,9.982017e-04,1.588290e-02
2.309806e-02,4.892465e-02,9.853163e-02,2.739381e-01,4.345428e-02,1.133229e-02,4.924546e-03,1.200809e-01,1.985746e-01,1.986893e-02,8.451273e-02,1.994838e-02,3.659716e-02,3.349818e-03,1.286397e-02
1.623777e-02,3.489901e-02,7.497887e-02,2.786266e-01,3.092304e-02,8.029034e-03,3.548545e-03,8.445369e-02,2.131741e-01,1.586414e-02,1.584703e-01,2.413075e-02,3.810839e-02,4.163484e-03,1.439227e-02
1.146033e-02,2.461130e-02,5.320821e-02,2.272775e-01,2.219600e-02,5.770690e-03,2.517149e-03,5.948950e-02,1.582694e-01,1.139938e-02,3.176762e-01,3.098472e-02,4.765420e-02,1.621804e-02,1.126741e-02
8.198285e-03,1.748208e-02,3.773651e-02,2.104068e-01,2.591749e-02,4.273684e-03,1.941298e-03,4.217622e-02,1.176224e-01,8.837283e-03,3.936866e-01,3.369658e-02,3.727703e-02,5.129971e-02,9.448082e-03
6.333688e-03,1.256400e-02,2.779668e-02,1.934436e-01,2.524968e-02,3.725604e-03,1.466727e-03,3.309452e-02,9.194626e-02,7.070812e-03,4.444157e-01,3.279857e-02,2.802059e-02,8.459797e-02,7.475567e-03
4.742518e-03,8.924730e-03,1.982719e-02,1.398837e-01,2.363781e-02,3.698966e-03,1.053227e-03,2.335725e-02,6.614415e-02,5.409679e-03,5.568304e-01,2.609208e-02,2.334909e-02,9.099558e-02,6.053709e-03
4.747201e-03,7.696388e-03,1.488782e-02,1.053927e-01,2.658884e-02,4.264907e-03,7.659694e-04,1.665355e-02,5.126216e-02,4.666141e-03,5.733118e-01,2.456804e-02,1.731611e-02,1.432033e-01,4.675139e-03
4.973896e-03,1.237231e-02,1.261077e-02,7.519899e-02,2.784747e-02,5.252141e-03,5.514625e-04,1.184302e-02,4.628728e-02,4.753525e-03,5.168599e-01,2.319158e-02,1.294366e-02,2.407426e-01,4.571476e-03
5.053996e-03,1.193212e-02,9.518764e-03,5.472313e-02,2.335057e-02,5.361686e-03,4.062963e-04,8.508855e-03,3.717510e-02,4.269576e-03,4.609107e-01,1.982804e-02,9.298102e-03,3.459388e-01,3.724304e-03
4.790478e-03,2.495281e-02,1.139392e-02,4.118961e-02,3.873464e-02,6.491121e-03,3.486478e-04,6.669372e-03,4.091884e-02,4.165516e-03,4.022869e-01,1.587405e-02,6.923382e-03,3.912683e-01,3.992443e-03
6.329370e-03,2.267233e-02,1.104409e-01,2.964235e-02,2.894889e-02,7.839347e-02,3.563680e-04,8.645611e-03,3.475511e-02,6.933536e-03,3.031412e-01,1.250520e-02,5.651256e-03,3.481652e-01,3.419212e-03
6.549669e-03,2.446333e-02,8.151039e-02,2.117001e-02,2.209425e-02,7.303327e-02,2.914317e-04,8.106381e-03,3.799982e-02,6.393107e-03,2.309846e-01,1.011637e-02,4.193020e-03,4.696376e-01,3.456737e-03
7.683575e-03,1.889947e-02,5.948197e-02,1.528533e-02,1.674117e-02,6.282638e-02,2.146607e-04,6.388855e-03,3.342598e-02,1.019926e-02,2.701223e-01,8.060229e-03,3.528581e-03,4.836237e-01,3.518539e-03
6.767172e-03,2.772732e-02,5.634676e-02,1.105312e-02,2.750224e-02,4.668273e-02,1.649971e-04,4.620228e-03,3.620382e-02,8.913698e-03,2.060947e-01,6.114229e-03,2.654506e-03,5.561095e-01,3.044986e-03
7.846230e-03,2.350129e-02,4.954893e-02,8.042661e-03,2.400961e-02,3.826690e-02,1.272462e-04,3.560966e-03,3.497755e-02,7.308672e-03,1.540685e-01,4.567824e-03,2.110829e-03,6.395179e-01,2.544848e-03
8.735567e-03,1.676066e-02,4.697794e-02,6.276221e-03,2.435931e-02,2.859430e-02,1.842996e-04,3.071633e-03,5.039272e-02,4.360440e-02,1.652550e-01,4.169010e-03,2.638844e-03,5.929379e-01,6.042149e-03
1.230489e-02,1.209186e-02,5.315235e-02,7.697375e-03,1.954019e-02,2.262979e-02,1.934627e-04,3.424227e-03,5.945978e-02,3.711153e-02,1.284400e-01,3.571138e-03,3.557204e-03,6.318898e-01,4.936379e-03
1.896847e-02,8.689316e-03,4.690192e-02,5.816801e-03,1.411581e-02,1.727648e-02,1.831734e-04,3.024571e-03,6.637593e-02,5.377842e-02,1.036946e-01,2.848937e-03,3.179392e-03,6.493266e-01,5.819546e-03
2.637557e-02,6.682809e-03,5.319145e-02,7.778988e-03,1.395688e-02,1.495893e-02,3.199285e-04,9.316947e-03,8.896466e-02,7.563945e-02,9.059545e-02,7.326576e-03,1.236004e-02,5.789874e-01,1.354493e-02
2.681780e-02,6.184416e-03,7.625040e-02,7.841954e-03,1.602141e-02,1.122447e-02,3.605522e-04,4.095447e-02,1.323853e-01,7.195272e-02,8.620295e-02,6.278923e-03,1.063736e-02,4.962326e-01,1.065470e-02
4.303487e-02,5.379900e-03,7.469033e-02,1.707596e-02,1.426081e-02,9.068822e-03,3.426850e-04,4.325064e-02,2.425274e-01,7.891982e-02,7.533108e-02,6.501582e-03,9.450570e-03,3.693070e-01,1.085862e-02
6.157234e-02,4.763411e-03,8.468356e-02,1.521824e-02,1.328941e-02,8.297467e-03,4.113747e-04,4.080908e-02,2.866900e-01,9.254305e-02,6.362989e-02,5.327594e-03,7.264487e-03,3.031972e-01,1.230289e-02
7.662944e-02,4.294528e-03,7.900676e-02,1.347045e-02,1.497876e-02,7.497193e-03,5.636560e-04,4.419241e-02,2.619426e-01,8.679685e-02,5.576521e-02,4.348918e-03,5.463207e-03,3.321562e-01,1.289372e-02
9.142845e-02,3.552610e-03,7.207102e-02,1.091834e-02,1.595051e-02,7.723830e-03,5.341815e-04,3.856126e-02,2.181429e-01,7.180251e-02,5.273179e-02,3.689083e-03,4.461722e-03,3.893206e-01,1.911116e-02
1.104333e-01,6.513394e-03,6.903105e-02,1.481969e-02,1.699070e-02,8.003876e-03,1.176558e-03,7.982339e-02,2.331774e-01,5.588392e-02,4.375717e-02,4.232827e-03,4.280834e-03,3.260413e-01,2.583458e-02
1.329466e-01,1.429938e-02,5.877483e-02,2.457614e-02,1.640789e-02,1.014426e-02,2.551181e-03,7.054806e-02,2.276473e-01,4.374512e-02,3.716310e-02,4.680733e-03,5.836590e-03,3.063449e-01,4.433393e-02
1.693918e-01,1.388847e-02,4.743126e-02,2.428695e-02,3.728291e-02,1.249694e-02,2.512551e-03,7.266233e-02,1.925931e-01,3.314885e-02,2.925449e-02,4.382171e-03,6.324634e-03,3.111109e-01,4.323263e-02
1.738578e-01,1.402656e-02,3.774229e-02,3.829101e-02,3.530736e-02,1.779937e-02,2.823526e-03,9.578805e-02,1.779892e-01,2.556181e-02,3.096438e-02,8.225503e-03,1.865895e-02,2.725669e-01,5.039724e-02
1.569739e-01,2.775698e-02,3.602604e-02,4.517437e-02,2.741022e-02,2.337020e-02,2.594681e-03,9.047953e-02,2.456248e-01,2.047672e-02,2.545694e-02,7.918215e-03,3.349569e-02,1.993029e-01,5.793876e-02
1.176246e-01,2.959264e-02,2.748009e-02,4.096091e-02,2.033437e-02,1.996460e-02,2.003725e-03,6.623169e-02,3.602570e-01,2.110084e-02,1.993586e-02,6.376677e-03,3.422425e-02,1.406875e-01,9.322520e-02
1.030700e-01,3.348653e-02,2.130493e-02,3.468028e-02,1.642490e-02,1.824851e-02,2.244857e-03,7.068282e-02,4.151767e-01,1.674035e-02,2.427161e-02,5.800969e-03,4.668969e-02,1.031856e-01,8.799221e-02
9.550808e-02,4.020710e-02,1.569103e-02,2.935564e-02,1.323381e-02,2.423833e-02,2.192110e-03,5.177910e-02,3.898486e-01,1.270521e-02,1.837891e-02,6.490265e-03,1.430084e-01,7.268127e-02,8.468217e-02
7.433332e-02,3.590146e-02,1.168255e-02,2.719876e-02,1.007297e-02,2.090953e-02,2.106366e-03,3.701336e-02,3.445636e-01,9.253904e-03,1.422972e-02,6.053766e-03,2.886088e-01,5.107651e-02,6.699538e-02
5.803822e-02,4.415931e-02,1.256151e-02,3.470600e-02,7.769099e-03,2.124050e-02,1.863408e-03,2.629512e-02,3.812888e-01,7.211451e-03,1.170176e-02,6.795540e-03,2.934908e-01,3.622496e-02,5.665361e-02
4.324379e-02,3.374580e-02,9.314618e-03,2.793632e-02,6.591760e-03,2.022047e-02,1.563071e-03,1.859084e-02,2.824125e-01,5.194424e-03,9.971569e-03,8.820530e-03,4.622497e-01,2.549152e-02,4.465314e-02
3.248471e-02,2.391208e-02,6.682523e-03,1.995028e-02,5.644359e-03,1.584799e-02,1.187594e-03,1.311339e-02,1.984382e-01,3.669146e-03,7.663877e-03,8.383059e-03,6.112894e-01,1.809523e-02,3.363819e-02
2.931853e-02,1.778290e-02,5.211685e-03,1.467269e-02,5.482680e-03,1.324634e-02,9.903075e-04,9.272446e-03,1.403742e-01,2.634853e-03,6.146741e-03,8.356828e-03,7.044439e-01,1.396236e-02,2.810358e-02
2.319189e-02,1.311217e-02,3.995432e-03,1.052318e-02,9.129131e-03,1.021892e-02,1.100518e-03,6.668661e-03,1.006629e-01,2.195479e-03,5.812156e-03,1.592363e-02,7.586905e-01,1.017653e-02,2.859900e-02
2.102154e-02,1.126963e-02,4.645581e-03,7.583405e-03,1.611997e-02,1.745575e-02,1.043977e-03,4.739637e-03,7.177130e-02,2.223080e-03,6.140967e-03,2.661048e-02,7.725270e-01,8.032294e-03,2.881545e-02
1.586620e-02,1.140747e-02,2.996038e-02,5.759825e-03,1.978326e-02,2.135378e-02,1.048416e-03,3.570000e-03,5.100783e-02,2.889546e-03,5.910673e-03,2.443545e-02,7.765829e-01,6.067415e-03,2.435689e-02
1.948048e-02,9.816783e-03,8.467817e-02,5.436078e-03,2.318824e-02,9.732897e-02,1.928921e-03,4.288798e-03,3.797999e-02,4.824669e-03,4.770260e-03,1.860851e-02,6.456216e-01,5.129540e-03,3.691902e-02
3.598566e-02,1.211302e-02,1.132730e-01,6.025464e-03,3.426534e-02,1.927026e-01,1.150177e-02,3.547068e-03,3.038912e-02,4.481967e-03,3.976537e-03,1.351315e-02,4.969029e-01,3.977752e-03,3.734471e-02
4.559030e-02,1.638294e-02,1.635349e-01,9.840285e-03,5.453544e-02,2.108963e-01,1.714999e-02,4.479324e-03,4.646446e-02,6.878055e-03,3.202698e-03,9.762476e-03,3.665214e-01,2.874804e-03,4.188672e-02
4.647305e-02,1.887687e-02,1.431376e-01,7.380743e-02,7.860215e-02,2.332576e-01,1.961517e-02,9.320928e-03,5.927380e-02,6.218537e-03,2.566683e-03,7.058118e-03,2.660345e-01,2.050189e-03,3.370736e-02
8.017848e-02,1.970829e-02,1.342849e-01,7.369506e-02,1.227607e-01,2.112670e-01,2.072056e-02,1.127834e-02,5.696026e-02,5.018763e-03,1.945980e-03,5.165106e-03,2.281812e-01,1.518995e-03,2.731632e-02
9.097883e-02,2.184860e-02,1.045743e-01,5.960053e-02,1.786354e-01,2.103014e-01,1.762244e-02,1.022049e-02,7.038249e-02,3.864003e-03,1.573284e-03,4.116586e-03,2.015719e-01,1.289781e-03,2.341985e-02
6.892375e-02,1.948499e-02,7.368477e-02,4.417036e-02,1.351756e-01,4.196113e-01,1.289699e-02,7.548518e-03,5.020832e-02,2.975427e-03,1.639773e-03,2.940590e-03,1.421696e-01,9.348640e-04,1.763504e-02
4.908282e-02,1.399735e-02,5.170519e-02,3.133006e-02,9.497370e-02,5.849022e-01,9.045780e-03,5.366750e-03,3.521832e-02,6.878541e-03,1.934077e-03,2.083860e-03,9.956080e-02,6.950162e-04,1.322552e-02
3.477013e-02,9.953141e-03,3.621128e-02,2.198450e-02,6.649870e-02,5.470619e-01,6.334299e-03,3.771580e-03,2.544190e-02,1.588945e-01,2.106056e-03,1.473413e-03,6.972183e-02,7.455659e-04,1.503123e-02
2.537522e-02,7.189931e-03,2.538248e-02,1.551250e-02,4.660005e-02,4.503521e-01,4.441657e-03,2.685813e-03,2.093441e-02,3.204137e-01,2.362396e-03,1.046811e-03,4.887855e-02,1.283434e-03,2.754092e-02
1.924969e-02,5.372580e-03,1.801217e-02,1.116579e-02,3.285873e-02,4.268418e-01,3.161196e-03,1.966970e-03,2.474482e-02,3.816819e-01,2.779031e-03,7.440400e-04,3.434238e-02,1.395820e-03,3.568316e-02
1.551850e-02,4.213260e-03,1.420009e-02,8.633861e-03,2.329494e-02,4.330636e-01,2.315593e-03,1.799643e-03,3.057417e-02,4.051581e-01,4.073184e-03,5.419556e-04,2.426453e-02,1.577601e-03,3.077090e-02
1.343757e-02,3.450973e-03,1.149552e-02,6.608897e-03,1.730490e-02,3.712160e-01,1.819729e-03,1.826543e-03,2.770224e-02,4.965447e-01,4.215277e-03,4.078298e-04,1.766579e-02,1.447212e-03,2.485686e-02
1.569212e-02,1.021860e-02,9.378507e-03,5.537129e-03,1.394120e-02,2.737238e-01,1.527956e-03,2.107143e-03,4.052525e-02,5.681300e-01,4.493864e-03,3.404638e-04,1.344511e-02,1.672394e-03,3.926653e-02
1.155803e-02,8.519531e-03,7.081185e-03,4.618590e-03,1.011598e-02,2.014743e-01,1.104060e-03,1.677777e-03,5.517395e-02,5.771418e-01,4.561552e-03,3.138369e-04,9.758636e-03,1.725746e-03,1.051750e-01
8.601230e-03,1.098642e-02,5.397285e-03,3.317408e-03,7.272126e-03,1.461577e-01,8.191320e-04,1.379899e-03,4.557338e-02,6.217311e-01,1.048139e-02,3.863267e-04,7.267485e-03,5.563111e-03,1.250660e-01
7.317546e-03,1.638735e-02,4.834617e-03,2.385303e-03,5.318462e-03,1.396401e-01,7.490612e-04,1.352999e-03,5.218576e-02,5.077721e-01,1.061838e-01,4.577281e-04,5.367180e-03,3.994582e-02,1.101022e-01
6.080107e-03,1.711932e-02,4.325088e-03,1.780601e-03,3.748973e-03,1.048723e-01,8.972390e-04,1.018344e-03,6.897635e-02,3.593505e-01,2.696989e-01,2.100166e-03,4.036646e-03,7.332470e-02,8.267076e-02
4.644904e-03,1.237860e-02,3.366614e-03,1.300310e-03,2.659146e-03,8.044509e-02,8.248743e-04,7.745723e-04,4.989494e-02,2.519825e-01,3.899632e-01,3.303900e-03,2.987969e-03,1.363440e-01,5.912944e-02
3.530417e-03,8.820535e-03,2.630746e-03,9.481553e-04,1.893732e-03,6.535123e-02,6.617706e-04,5.716523e-04,3.579556e-02,1.766019e-01,4.784017e-01,3.453509e-03,2.244475e-03,1.770501e-01,4.204453e-02
3.176700e-03,9.013186e-03,2.784443e-03,1.462508e-03,2.137449e-03,4.747113e-02,5.584909e-04,5.768032e-04,4.490832e-02,1.255220e-01,5.029832e-01,3.446349e-03,1.666031e-03,2.231204e-01,3.117299e-02
2.283777e-03,7.267294e-03,2.062572e-03,1.278230e-03,1.785944e-03,3.434682e-02,4.429196e-04,4.519137e-04,9.343107e-02,8.852335e-02,4.564500e-01,5.154693e-03,1.234783e-03,2.824203e-01,2.286631e-02
1.717028e-03,6.390809e-03,1.533392e-03,1.000355e-03,1.308720e-03,2.496106e-02,3.237978e-04,3.536924e-04,1.371726e-01,6.211677e-02,3.502567e-01,4.360585e-03,9.393852e-04,3.911765e-01,1.638871e-02
1.575787e-03,6.080109e-03,1.131233e-03,1.000870e-03,9.890232e-04,1.985460e-02,2.543817e-04,3.269153e-04,2.485956e-01,4.460924e-02,2.773488e-01,4.045871e-03,1.179346e-03,3.810697e-01,1.193849e-02
1.185305e-03,6.086750e-03,8.464381e-04,9.865694e-04,7.834812e-04,1.453251e-02,1.849796e-04,3.515998e-04,3.304391e-01,3.154236e-02,2.128773e-01,3.626948e-03,9.653759e-04,3.869814e-01,8.609881e-03
8.925880e-04,5.053181e-03,6.266076e-04,7.389835e-04,5.753099e-04,1.096577e-02,1.337373e-04,2.987533e-04,2.997495e-01,2.217605e-02,1.630430e-01,3.829525e-03,8.023261e-04,4.848387e-01,6.275923e-03
6.552552e-04,7.132812e-03,5.091799e-04,6.057492e-04,5.167242e-04,8.038018e-03,9.486705e-05,2.274573e-04,3.827383e-01,1.573485e-02,1.228705e-01,2.808140e-03,6.149261e-04,4.529009e-01,4.552284e-03
5.127194e-04,8.699905e-03,4.329551e-04,8.363520e-04,6.049515e-04,6.173477e-03,6.817481e-05,2.226045e-04,4.111223e-01,1.136334e-02,9.343251e-02,2.048907e-03,4.951248e-04,4.605856e-01,3.401087e-03
5.819130e-04,1.894704e-02,1.093895e-03,1.471890e-03,2.412917e-03,5.205898e-03,6.102041e-05,2.010856e-03,5.033071e-01,8.417861e-03,7.083337e-02,1.458096e-03,3.871737e-04,3.809953e-01,2.815605e-03
8.619388e-04,2.572559e-02,2.646427e-03,1.770434e-03,2.565060e-03,5.088570e-03,5.117819e-05,2.455632e-03,5.379363e-01,6.690731e-03,6.084718e-02,1.044070e-03,3.485482e-04,3.480448e-01,3.923492e-03
1.222981e-03,1.943556e-02,2.395230e-03,1.824053e-03,1.930996e-03,4.186763e-03,3.825051e-05,1.812643e-03,6.060244e-01,4.898676e-03,4.412377e-02,7.973767e-04,4.327979e-04,3.006508e-01,1.022567e-02
2.991540e-03,1.502343e-02,2.388470e-03,1.405707e-03,1.671747e-03,3.984669e-03,3.299092e-05,1.475982e-03,5.493311e-01,3.611633e-03,3.272390e-02,5.920121e-04,4.041725e-04,3.727325e-01,1.163015e-02
5.876636e-03,3.785918e-02,1.112823e-02,1.711507e-03,2.485042e-03,5.630366e-03,7.406460e-05,8.742069e-03,5.232474e-01,2.927534e-03,2.548557e-02,4.520830e-04,5.102570e-04,3.527161e-01,2.115397e-02
7.438061e-03,3.169606e-02,1.313476e-02,5.620882e-03,3.159118e-03,4.783929e-03,7.558581e-05,8.234814e-03,5.712045e-01,2.489574e-03,1.841189e-02,3.670399e-04,6.131538e-04,2.880560e-01,4.471466e-02
8.300514e-03,2.704667e-02,1.066254e-02,4.358117e-03,4.733859e-03,4.556906e-03,7.189925e-05,8.655273e-03,5.677263e-01,2.225568e-03,1.389945e-02,2.936731e-04,5.026268e-04,3.052942e-01,4.167245e-02
1.333208e-02,2.510801e-02,2.692678e-02,2.963786e-02,1.373802e-02,4.552452e-03,1.830469e-04,1.868502e-02,5.540872e-01,2.728011e-03,1.124808e-02,3.365958e-04,5.829064e-04,2.441371e-01,5.471687e-02
2.960839e-02,2.018025e-02,2.136310e-02,2.677393e-02,1.640883e-02,4.962125e-03,2.377859e-04,2.375307e-02,5.034629e-01,2.874384e-03,1.210668e-02,2.969358e-04,6.905849e-04,2.571863e-01,8.009474e-02
8.427520e-02,1.879583e-02,2.229705e-02,2.519584e-02,1.762633e-02,6.699387e-03,3.364906e-04,2.224804e-02,4.062364e-01,2.671458e-03,2.220270e-02,3.639631e-04,1.027519e-03,2.990295e-01,7.099435e-02
1.105703e-01,1.828113e-02,3.864716e-02,4.109491e-02,1.616577e-02,6.692447e-03,3.398804e-04,1.852768e-02,3.284655e-01,4.805827e-03,1.816730e-02,7.473899e-04,1.745140e-03,2.356190e-01,1.601305e-01
1.164484e-01,2.116170e-02,5.340447e-02,7.419227e-02,1.395768e-02,6.364552e-03,4.220739e-04,1.383907e-02,2.706116e-01,7.195272e-03,1.420753e-02,9.386269e-04,2.116446e-03,1.692514e-01,2.358889e-01
8.270178e-02,1.538937e-02,4.302477e-02,5.213330e-02,9.925292e-03,4.548725e-03,3.073332e-04,9.712324e-03,1.952911e-01,1.033363e-02,1.042792e-02,7.862702e-04,1.579545e-03,1.313624e-01,4.324762e-01
6.091483e-02,1.146533e-02,3.232741e-02,3.675767e-02,7.225991e-03,3.363445e-03,2.341157e-04,6.865185e-03,1.425797e-01,1.717447e-02,9.169987e-03,9.460589e-04,1.525898e-03,1.471516e-01,5.222983e-01
4.437049e-02,8.471599e-03,2.407148e-02,2.606495e-02,5.221036e-03,2.611585e-03,2.140451e-04,4.935946e-03,1.039172e-01,1.391914e-02,1.356278e-02,1.068566e-03,1.218435e-03,1.844669e-01,5.658859e-01
3.243397e-02,6.268376e-03,1.743435e-02,1.841780e-02,3.708897e-03,2.067400e-03,1.758913e-04,3.489375e-03,7.495829e-02,1.132633e-02,2.568451e-02,1.759378e-03,1.134877e-03,3.303487e-01,4.707918e-01
2.467294e-02,5.261790e-03,1.295798e-02,1.343217e-02,2.803496e-03,1.660910e-03,2.628713e-04,2.478870e-03,6.414407e-02,1.242592e-02,3.964226e-02,2.066076e-03,1.485020e-03,4.201818e-01,3.965238e-01
1.761022e-02,3.790143e-03,9.430597e-03,9.459526e-03,2.095658e-03,1.307314e-03,3.194683e-04,1.779804e-03,4.901865e-02,1.312662e-02,4.008975e-02,1.492782e-03,1.104524e-03,5.553839e-01,2.939910e-01
1.255243e-02,2.698157e-03,6.670999e-03,6.636235e-03,1.591133e-03,1.077643e-03,2.645239e-04,1.261851e-03,3.929805e-02,1.202052e-02,4.594723e-02,1.072488e-03,8.099310e-04,6.544034e-01,2.136953e-01
1.061795e-02,2.127166e-03,4.951991e-03,4.695244e-03,1.374459e-03,2.961948e-03,2.817468e-04,1.087659e-03,3.840205e-02,4.304112e-02,4.865403e-02,8.734051e-04,7.241018e-04,6.877302e-01,1.524769e-01
7.703333e-03,1.533963e-03,3.526963e-03,3.298668e-03,1.001185e-03,2.213234e-03,2.048287e-04,7.756193e-04,3.162715e-02,4.379958e-02,5.840300e-02,6.362803e-04,5.316740e-04,7.363546e-01,1.083899e-01
6.165890e-03,1.129446e-03,2.643312e-03,2.349010e-03,7.795687e-04,3.283562e-03,1.697768e-04,6.112318e-04,2.924167e-02,4.027558e-02,7.445633e-02,4.774196e-04,4.110696e-04,7.582508e-01,7.975528e-02
7.109444e-03,1.240348e-03,4.440790e-03,2.050412e-03,1.946686e-03,1.674411e-02,2.104661e-04,1.358102e-03,2.616455e-02,5.498886e-02,6.836324e-02,5.174860e-04,3.894263e-04,7.579904e-01,5.648569e-02
6.223495e-03,1.004486e-03,4.769856e-03,1.679296e-03,1.973965e-03,2.022743e-02,1.816636e-04,1.158007e-03,3.215492e-02,5.948861e-02,5.878170e-02,6.497030e-04,2.968971e-04,7.715198e-01,3.989014e-02
8.923211e-03,1.102335e-03,7.131909e-03,1.798451e-03,2.922625e-03,2.746031e-02,3.327382e-04,2.232944e-03,3.466667e-02,4.612250e-02,5.768042e-02,2.465731e-03,4.535841e-04,7.784765e-01,2.823006e-02
8.932002e-03,1.395143e-03,1.380613e-02,1.920274e-03,3.488448e-03,3.280956e-02,3.097033e-04,2.056897e-03,3.727139e-02,3.615223e-02,5.731788e-02,2.283750e-03,4.285536e-04,7.815688e-01,2.025928e-02
6.854823e-03,1.600263e-03,1.108793e-02,1.546345e-03,3.185031e-03,3.073039e-02,2.727074e-04,1.516532e-03,7.511750e-02,3.276356e-02,5.344553e-02,2.399884e-03,3.945754e-04,7.645229e-01,1.456207e-02
6.602496e-03,4.049900e-03,1.304796e-02,2.956077e-03,9.467050e-03,3.293284e-02,3.548521e-04,2.065529e-03,1.562836e-01,2.845895e-02,4.656984e-02,2.521537e-03,5.105563e-04,6.817560e-01,1.242270e-02
9.656966e-03,5.567864e-03,1.375190e-02,4.376629e-03,1.374709e-02,3.091424e-02,4.881934e-04,2.470582e-03,2.318853e-01,3.595731e-02,4.382832e-02,2.719421e-03,6.214930e-04,5.929570e-01,1.105771e-02
1.127626e-02,5.646445e-03,1.083636e-02,4.053330e-03,1.210463e-02,2.531339e-02,3.742950e-04,2.223113e-03,3.395513e-01,3.759336e-02,3.726571e-02,2.228268e-03,4.942711e-04,5.014251e-01,9.614117e-03
1.576912e-02,5.674542e-03,9.042999e-03,4.203852e-03,1.256684e-02,2.277213e-02,3.273187e-04,4.973282e-03,4.664628e-01,4.471738e-02,2.755520e-02,1.672750e-03,4.015447e-04,3.748876e-01,8.972655e-03
2.763508e-02,9.690766e-03,7.412088e-03,6.608694e-03,1.279255e-02,1.827557e-02,2.646185e-04,5.762926e-03,5.615401e-01,4.647661e-02,1.983352e-02,1.268464e-03,3.639317e-04,2.711214e-01,1.095372e-02
4.327983e-02,1.553364e-02,6.580342e-03,6.068598e-03,1.533595e-02,2.621341e-02,2.281781e-04,5.582151e-03,6.054094e-01,4.267980e-02,1.641652e-02,1.122452e-03,4.157760e-04,1.999488e-01,1.518520e-02
4.859260e-02,1.917312e-02,5.129902e-03,1.091447e-02,1.391419e-02,2.438214e-02,1.926640e-04,6.712611e-03,6.270062e-01,4.269630e-02,1.467007e-02,1.263636e-03,8.728039e-04,1.483371e-01,3.614220e-02
5.286963e-02,2.405128e-02,5.352367e-03,1.799974e-02,1.420341e-02,2.016570e-02,4.470168e-04,2.909147e-02,6.370360e-01,3.636938e-02,1.368673e-02,1.609690e-03,1.089094e-03,1.144230e-01,3.160543e-02
6.029347e-02,3.059781e-02,8.229526e-03,3.346380e-02,1.456481e-02,1.974791e-02,4.631968e-04,2.963621e-02,5.660769e-01,3.975601e-02,1.979756e-02,5.412502e-03,3.188707e-03,1.158671e-01,5.290447e-02
7.334334e-02,3.743414e-02,7.164167e-03,3.263139e-02,1.278216e-02,2.081825e-02,6.016685e-04,2.259419e-02,5.441214e-01,4.099983e-02,2.036697e-02,7.070121e-03,5.180640e-03,9.198907e-02,8.290260e-02
6.830059e-02,3.500112e-02,8.295203e-03,2.627004e-02,9.508142e-03,2.099702e-02,5.290674e-04,1.631198e-02,4.596992e-01,7.200930e-02,1.890004e-02,5.745812e-03,5.323127e-03,7.250364e-02,1.806058e-01
1.252296e-01,3.681643e-02,8.218839e-03,3.044372e-02,8.737199e-03,2.507603e-02,8.996530e-04,1.350849e-02,3.855444e-01,5.652146e-02,2.272293e-02,6.459418e-03,2.049773e-02,7.228751e-02,1.870366e-01
1.153211e-01,3.856260e-02,1.492494e-02,4.185526e-02,7.969664e-03,2.033694e-02,1.114426e-03,1.151909e-02,3.425903e-01,6.480831e-02,3.432126e-02,1.118683e-02,2.885318e-02,6.786536e-02,1.987707e-01
8.637429e-02,4.208997e-02,1.174484e-01,6.657492e-02,7.556607e-03,1.523555e-02,9.567293e-04,9.697366e-03,3.008896e-01,6.450814e-02,3.970128e-02,1.009504e-02,3.148378e-02,5.437413e-02,1.530143e-01
9.065011e-02,3.926966e-02,1.174713e-01,6.047153e-02,9.459019e-03,1.959421e-02,1.352834e-03,1.350672e-02,2.509654e-01,9.698322e-02,6.152059e-02,9.631271e-03,2.865800e-02,5.325324e-02,1.472129e-01
1.099166e-01,3.160898e-02,1.186311e-01,6.849226e-02,2.304040e-02,4.938225e-02,1.744179e-03,2.643428e-02,1.910698e-01,7.955180e-02,6.696013e-02,7.132480e-03,2.149756e-02,5.237650e-02,1.521617e-01
1.224970e-01,3.155636e-02,1.353114e-01,6.091403e-02,4.634900e-02,5.576974e-02,1.689097e-03,2.937648e-02,1.468006e-01,8.634672e-02,5.069860e-02,5.353880e-03,1.658055e-02,6.208207e-02,1.486744e-01
1.585952e-01,3.461550e-02,1.167614e-01,7.119635e-02,3.826953e-02,5.708267e-02,1.504846e-03,2.143824e-02,1.292016e-01,8.229776e-02,6.172238e-02,4.853241e-03,1.557251e-02,5.187417e-02,1.550146e-01
1.445624e-01,2.727247e-02,9.462620e-02,6.761902e-02,3.067962e-02,5.489615e-02,1.308266e-03,1.755889e-02,1.208219e-01,6.423514e-02,1.375159e-01,7.124892e-03,2.648832e-02,5.096623e-02,1.543245e-01
1.109472e-01,2.229202e-02,7.004496e-02,5.066638e-02,2.358640e-02,5.455546e-02,1.153883e-03,1.338025e-02,1.155832e-01,4.970489e-02,1.566768e-01,9.165118e-03,3.333169e-02,6.402639e-02,2.248853e-01
8.457161e-02,3.249374e-02,5.901146e-02,5.424292e-02,2.100317e-02,4.001208e-02,9.825929e-04,1.005234e-02,2.391644e-01,3.646675e-02,1.414045e-01,8.205233e-03,2.946578e-02,7.194298e-02,1.709804e-01
6.744818e-02,2.676563e-02,4.335035e-02,3.973933e-02,1.753201e-02,3.071152e-02,7.871208e-04,7.232746e-03,2.850344e-01,2.725502e-02,1.333693e-01,6.576834e-03,2.468817e-02,1.275092e-01,1.620001e-01
