1.000000e+00,0.000000e+00,0.000000e+00,0.000000e+00,0.000000e+00,0.000000e+00,0.000000e+00,0.000000e+00,0.000000e+00,0.000000e+00,0.000000e+00,0.000000e+00,0.000000e+00,0.000000e+00,0.000000e+00
1.000000e+00,0.000000e+00,0.000000e+00,0.000000e+00,0.000000e+00,0.000000e+00,0.000000e+00,0.000000e+00,0.000000e+00,0.000000e+00,0.000000e+00,0.000000e+00,0.000000e+00,0.000000e+00,0.000000e+00
1.000000e+00,0.000000e+00,0.000000e+00,0.000000e+00,0.000000e+00,0.000000e+00,0.000000e+00,0.000000e+00,0.000000e+00,0.000000e+00,0.000000e+00,0.000000e+00,0.000000e+00,0.000000e+00,0.000000e+00
1.000000e+00,0.000000e+00,0.000000e+00,0.000000e+00,0.000000e+00,0.000000e+00,0.000000e+00,0.000000e+00,0.000000e+00,0.000000e+00,0.000000e+00,0.000000e+00,0.000000e+00,0.000000e+00,0.000000e+00
1.000000e+00,0.000000e+00,0.000000e+00,0.000000e+00,0.000000e+00,0.000000e+00,0.000000e+00,0.000000e+00,0.000000e+00,0.000000e+00,0.000000e+00,0.000000e+00,0.000000e+00,0.000000e+00,0.000000e+00
1.000000e+00,0.000000e+00,0.000000e+00,0.000000e+00,0.000000e+00,0.000000e+00,0.000000e+00,0.000000e+00,0.000000e+00,0.000000e+00,0.000000e+00,0.000000e+00,0.000000e+00,0.000000e+00,0.000000e+00
1.000000e+00,0.000000e+00,0.000000e+00,0.000000e+00,0.000000e+00,0.000000e+00,0.000000e+00,0.000000e+00,0.000000e+00,0.000000e+00,0.000000e+00,0.000000e+00,0.000000e+00,0.000000e+00,0.000000e+00
1.000000e+00,0.000000e+00,0.000000e+00,0.000000e+00,0.000000e+00,0.000000e+00,0.000000e+00,0.000000e+00,0.000000e+00,0.000000e+00,0.000000e+00,0.000000e+00,0.000000e+00,0.000000e+00,0.000000e+00
1.000000e+00,0.000000e+00,0.000000e+00,0.000000e+00,0.000000e+00,0.000000e+00,0.000000e+00,0.000000e+00,0.000000e+00,0.000000e+00,0.000000e+00,0.000000e+00,0.000000e+00,0.000000e+00,0.000000e+00
1.000000e+00,0.000000e+00,0.000000e+00,0.000000e+00,0.000000e+00,0.000000e+00,0.000000e+00,0.000000e+00,0.000000e+00,0.000000e+00,0.000000e+00,0.000000e+00,0.000000e+00,0.000000e+00,0.000000e+00
1.000000e+00,0.000000e+00,0.000000e+00,0.000000e+00,0.000000e+00,0.000000e+00,0.000000e+00,0.000000e+00,0.000000e+00,0.000000e+00,0.000000e+00,0.000000e+00,0.000000e+00,0.000000e+00,0.000000e+00
1.000000e+00,0.000000e+00,0.000000e+00,0.000000e+00,0.000000e+00,0.000000e+00,0.000000e+00,0.000000e+00,0.000000e+00,0.000000e+00,0.000000e+00,0.000000e+00,0.000000e+00,0.000000e+00,0.000000e+00
1.000000e+00,0.000000e+00,0.000000e+00,0.000000e+00,0.000000e+00,0.000000e+00,0.000000e+00,0.000000e+00,0.000000e+00,0.000000e+00,0.000000e+00,0.000000e+00,0.000000e+00,0.000000e+00,0.000000e+00
1.000000e+00,0.000000e+00,0.000000e+00,0.000000e+00,0.000000e+00,0.000000e+00,0.000000e+00,0.000000e+00,0.000000e+00,0.000000e+00,0.000000e+00,0.000000e+00,0.000000e+00,0.000000e+00,0.000000e+00
1.000000e+00,0.000000e+00,0.000000e+00,0.000000e+00,0.000000e+00,0.000000e+00,0.000000e+00,0.000000e+00,0.000000e+00,0.000000e+00,0.000000e+00,0.000000e+00,0.000000e+00,0.000000e+00,0.000000e+00
1.000000e+00,0.000000e+00,0.000000e+00,0.000000e+00,0.000000e+00,0.000000e+00,0.000000e+00,0.000000e+00,0.000000e+00,0.000000e+00,0.000000e+00,0.000000e+00,0.000000e+00,0.000000e+00,0.000000e+00
1.000000e+00,0.000000e+00,0.000000e+00,0.000000e+00,0.000000e+00,0.000000e+00,0.000000e+00,0.000000e+00,0.000000e+00,0.000000e+00,0.000000e+00,0.000000e+00,0.000000e+00,0.000000e+00,0.000000e+00
1.000000e+00,0.000000e+00,0.000000e+00,0.000000e+00,0.000000e+00,0.000000e+00,0.000000e+00,0.000000e+00,0.000000e+00,0.000000e+00,0.000000e+00,0.000000e+00,0.000000e+00,0.000000e+00,0.000000e+00
1.000000e+00,0.000000e+00,0.000000e+00,0.000000e+00,0.000000e+00,0.000000e+00,0.000000e+00,0.000000e+00,0.000000e+00,0.000000e+00,0.000000e+00,0.000000e+00,0.000000e+00,0.000000e+00,0.000000e+00
1.000000e+00,0.000000e+00,0.000000e+00,0.000000e+00,0.000000e+00,0.000000e+00,0.000000e+00,0.000000e+00,0.000000e+00,0.000000e+00,0.000000e+00,0.000000e+00,0.000000e+00,0.000000e+00,0.000000e+00
1.000000e+00,0.000000e+00,0.000000e+00,0.000000e+00,0.000000e+00,0.000000e+00,0.000000e+00,0.000000e+00,0.000000e+00,0.000000e+00,0.000000e+00,0.000000e+00,0.000000e+00,0.000000e+00,0.000000e+00
1.000000e+00,0.000000e+00,0.000000e+00,0.000000e+00,0.000000e+00,0.000000e+00,0.000000e+00,0.000000e+00,0.000000e+00,0.000000e+00,0.000000e+00,0.000000e+00,0.000000e+00,0.000000e+00,0.000000e+00
1.000000e+00,0.000000e+00,0.000000e+00,0.000000e+00,0.000000e+00,0.000000e+00,0.000000e+00,0.000000e+00,0.000000e+00,0.000000e+00,0.000000e+00,0.000000e+00,0.000000e+00,0.000000e+00,0.000000e+00
1.000000e+00,0.000000e+00,0.000000e+00,0.000000e+00,0.000000e+00,0.000000e+00,0.000000e+00,0.000000e+00,0.000000e+00,0.000000e+00,0.000000e+00,0.000000e+00,0.000000e+00,0.000000e+00,0.000000e+00
1.000000e+00,0.000000e+00,0.000000e+00,0.000000e+00,0.000000e+00,0.000000e+00,0.000000e+00,0.000000e+00,0.000000e+00,0.000000e+00,0.000000e+00,0.000000e+00,0.000000e+00,0.000000e+00,0.000000e+00
1.000000e+00,0.000000e+00,0.000000e+00,0.000000e+00,0.000000e+00,0.000000e+00,0.000000e+00,0.000000e+00,0.000000e+00,0.000000e+00,0.000000e+00,0.000000e+00,0.000000e+00,0.000000e+00,0.000000e+00
1.000000e+00,0.000000e+00,0.000000e+00,0.000000e+00,0.000000e+00,0.000000e+00,0.000000e+00,0.000000e+00,0.000000e+00,0.000000e+00,0.000000e+00,0.000000e+00,0.000000e+00,0.000000e+00,0.000000e+00
1.000000e+00,0.000000e+00,0.000000e+00,0.000000e+00,0.000000e+00,0.000000e+00,0.000000e+00,0.000000e+00,0.000000e+00,0.000000e+00,0.000000e+00,0.000000e+00,0.000000e+00,0.000000e+00,0.000000e+00
1.000000e+00,0.000000e+00,0.000000e+00,0.000000e+00,0.000000e+00,0.000000e+00,0.000000e+00,0.000000e+00,0.000000e+00,0.000000e+00,0.000000e+00,0.000000e+00,0.000000e+00,0.000000e+00,0.000000e+00
1.000000e+00,0.000000e+00,0.000000e+00,0.000000e+00,0.000000e+00,0.000000e+00,0.000000e+00,0.000000e+00,0.000000e+00,0.000000e+00,0.000000e+00,0.000000e+00,0.000000e+00,0.000000e+00,0.000000e+00
1.000000e+00,0.000000e+00,0.000000e+00,0.000000e+00,0.000000e+00,0.000000e+00,0.000000e+00,0.000000e+00,0.000000e+00,0.000000e+00,0.000000e+00,0.000000e+00,0.000000e+00,0.000000e+00,0.000000e+00
1.000000e+00,0.000000e+00,0.000000e+00,0.000000e+00,0.000000e+00,0.000000e+00,0.000000e+00,0.000000e+00,0.000000e+00,0.000000e+00,0.000000e+00,0.000000e+00,0.000000e+00,0.000000e+00,0.000000e+00
1.000000e+00,0.000000e+00,0.000000e+00,0.000000e+00,0.000000e+00,0.000000e+00,0.000000e+00,0.000000e+00,0.000000e+00,0.000000e+00,0.000000e+00,0.000000e+00,0.000000e+00,0.000000e+00,0.000000e+00
1.000000e+00,0.000000e+00,0.000000e+00,0.000000e+00,0.000000e+00,0.000000e+00,0.000000e+00,0.000000e+00,0.000000e+00,0.000000e+00,0.000000e+00,0.000000e+00,0.000000e+00,0.000000e+00,0.000000e+00
1.000000e+00,0.000000e+00,0.000000e+00,0.000000e+00,0.000000e+00,0.000000e+00,0.000000e+00,0.000000e+00,0.000000e+00,0.000000e+00,0.000000e+00,0.000000e+00,0.000000e+00,0.000000e+00,0.000000e+00
1.000000e+00,0.000000e+00,0.000000e+00,0.000000e+00,0.000000e+00,0.000000e+00,0.000000e+00,0.000000e+00,0.000000e+00,0.000000e+00,0.000000e+00,0.000000e+00,0.000000e+00,0.000000e+00,0.000000e+00
1.000000e+00,0.000000e+00,0.000000e+00,0.000000e+00,0.000000e+00,0.000000e+00,0.000000e+00,0.000000e+00,0.000000e+00,0.000000e+00,0.000000e+00,0.000000e+00,0.000000e+00,0.000000e+00,0.000000e+00
1.000000e+00,0.000000e+00,0.000000e+00,0.000000e+00,0.000000e+00,0.000000e+00,0.000000e+00,0.000000e+00,0.000000e+00,0.000000e+00,0.000000e+00,0.000000e+00,0.000000e+00,0.000000e+00,0.000000e+00
1.000000e+00,0.000000e+00,0.000000e+00,0.000000e+00,0.000000e+00,0.000000e+00,0.000000e+00,0.000000e+00,0.000000e+00,0.000000e+00,0.000000e+00,0.000000e+00,0.000000e+00,0.000000e+00,0.000000e+00
1.000000e+00,0.000000e+00,0.000000e+00,0.000000e+00,0.000000e+00,0.000000e+00,0.000000e+00,0.000000e+00,0.000000e+00,0.000000e+00,0.000000e+00,0.000000e+00,0.000000e+00,0.000000e+00,0.000000e+00
1.000000e+00,0.000000e+00,0.000000e+00,0.000000e+00,0.000000e+00,0.000000e+00,0.000000e+00,0.000000e+00,0.000000e+00,0.000000e+00,0.000000e+00,0.000000e+00,0.000000e+00,0.000000e+00,0.000000e+00
1.000000e+00,0.000000e+00,0.000000e+00,0.000000e+00,0.000000e+00,0.000000e+00,0.000000e+00,0.000000e+00,0.000000e+00,0.000000e+00,0.000000e+00,0.000000e+00,0.000000e+00,0.000000e+00,0.000000e+00
1.000000e+00,0.000000e+00,0.000000e+00,0.000000e+00,0.000000e+00,0.000000e+00,0.000000e+00,0.000000e+00,0.000000e+00,0.000000e+00,0.000000e+00,0.000000e+00,0.000000e+00,0.000000e+00,0.000000e+00
1.000000e+00,0.000000e+00,0.000000e+00,0.000000e+00,0.000000e+00,0.000000e+00,0.000000e+00,0.000000e+00,0.000000e+00,0.000000e+00,0.000000e+00,0.000000e+00,0.000000e+00,0.000000e+00,0.000000e+00
1.000000e+00,0.000000e+00,0.000000e+00,0.000000e+00,0.000000e+00,0.000000e+00,0.000000e+00,0.000000e+00,0.000000e+00,0.000000e+00,0.000000e+00,0.000000e+00,0.000000e+00,0.000000e+00,0.000000e+00
1.000000e+00,0.000000e+00,0.000000e+00,0.000000e+00,0.000000e+00,0.000000e+00,0.000000e+00,0.000000e+00,0.000000e+00,0.000000e+00,0.000000e+00,0.000000e+00,0.000000e+00,0.000000e+00,0.000000e+00
1.000000e+00,0.000000e+00,0.000000e+00,0.000000e+00,0.000000e+00,0.000000e+00,0.000000e+00,0.000000e+00,0.000000e+00,0.000000e+00,0.000000e+00,0.000000e+00,0.000000e+00,0.000000e+00,0.000000e+00
1.000000e+00,0.000000e+00,0.000000e+00,0.000000e+00,0.000000e+00,0.000000e+00,0.000000e+00,0.000000e+00,0.000000e+00,0.000000e+00,0.000000e+00,0.000000e+00,0.000000e+00,0.000000e+00,0.000000e+00
1.000000e+00,0.000000e+00,0.000000e+00,0.000000e+00,0.000000e+00,0.000000e+00,0.000000e+00,0.000000e+00,0.000000e+00,0.000000e+00,0.000000e+00,0.000000e+00,0.000000e+00,0.000000e+00,0.000000e+00
1.000000e+00,0.000000e+00,0.000000e+00,0.000000e+00,0.000000e+00,0.000000e+00,0.000000e+00,0.000000e+00,0.000000e+00,0.000000e+00,0.000000e+00,0.000000e+00,0.000000e+00,0.000000e+00,0.000000e+00
1.000000e+00,0.000000e+00,0.000000e+00,0.000000e+00,0.000000e+00,0.000000e+00,0.000000e+00,0.000000e+00,0.000000e+00,0.000000e+00,0.000000e+00,0.000000e+00,0.000000e+00,0.000000e+00,0.000000e+00
1.000000e+00,0.000000e+00,0.000000e+00,0.000000e+00,0.000000e+00,0.000000e+00,0.000000e+00,0.000000e+00,0.000000e+00,0.000000e+00,0.000000e+00,0.000000e+00,0.000000e+00,0.000000e+00,0.000000e+00
1.000000e+00,0.000000e+00,0.000000e+00,0.000000e+00,0.000000e+00,0.000000e+00,0.000000e+00,0.000000e+00,0.000000e+00,0.000000e+00,0.000000e+00,0.000000e+00,0.000000e+00,0.000000e+00,0.000000e+00
1.000000e+00,0.000000e+00,0.000000e+00,0.000000e+00,0.000000e+00,0.000000e+00,0.000000e+00,0.000000e+00,0.000000e+00,0.000000e+00,0.000000e+00,0.000000e+00,0.000000e+00,0.000000e+00,0.000000e+00
1.000000e+00,0.000000e+00,0.000000e+00,0.000000e+00,0.000000e+00,0.000000e+00,0.000000e+00,0.000000e+00,0.000000e+00,0.000000e+00,0.000000e+00,0.000000e+00,0.000000e+00,0.000000e+00,0.000000e+00
1.000000e+00,0.000000e+00,0.000000e+00,0.000000e+00,0.000000e+00,0.000000e+00,0.000000e+00,0.000000e+00,0.000000e+00,0.000000e+00,0.000000e+00,0.000000e+00,0.000000e+00,0.000000e+00,0.000000e+00
4.653260e-01,2.490786e-02,1.051936e-02,8.099879e-02,2.415268e-02,6.983561e-02,2.743981e-02,3.565514e-02,2.554051e-02,1.852823e-03,9.602901e-03,1.134858e-01,9.057969e-02,2.214465e-03,1.788858e-02
3.910110e-01,2.879662e-02,1.887228e-02,1.357823e-01,3.129154e-02,6.454724e-02,2.990345e-02,5.945925e-02,2.486490e-02,1.718795e-03,9.785682e-03,1.059241e-01,7.731558e-02,2.133522e-03,1.859379e-02
3.589184e-01,3.258199e-02,1.878854e-02,1.397538e-01,4.189536e-02,6.788891e-02,2.758972e-02,4.918492e-02,2.912774e-02,2.274022e-03,1.396143e-02,1.178308e-01,7.510825e-02,2.963625e-03,2.213252e-02
3.415090e-01,3.485398e-02,2.690823e-02,1.423934e-01,4.502652e-02,6.465463e-02,2.688324e-02,4.426442e-02,2.957191e-02,2.936323e-03,1.593381e-02,1.250080e-01,7.292750e-02,3.207904e-03,2.392115e-02
3.856713e-01,3.868248e-02,2.616140e-02,1.423506e-01,4.139064e-02,5.501946e-02,2.181228e-02,3.548710e-02,2.958313e-02,4.613766e-03,1.670152e-02,1.063434e-01,6.036388e-02,4.132237e-03,3.168678e-02
3.873666e-01,4.639955e-02,2.380271e-02,1.493976e-01,3.829011e-02,4.848571e-02,1.832481e-02,2.842213e-02,3.255172e-02,6.404140e-03,1.637789e-02,9.529619e-02,5.512513e-02,4.735893e-03,4.901971e-02
3.054139e-01,4.406474e-02,3.087626e-02,3.060834e-01,2.868016e-02,3.701298e-02,1.321553e-02,2.855388e-02,2.625675e-02,5.608791e-03,1.611622e-02,7.366566e-02,4.127952e-02,3.918545e-03,3.925368e-02
2.492450e-01,3.571898e-02,4.349550e-02,3.010435e-01,2.405842e-02,3.061985e-02,1.029947e-02,1.274010e-01,2.227779e-02,4.976559e-03,1.793520e-02,6.176376e-02,3.542172e-02,3.839255e-03,3.190390e-02
1.796130e-01,2.533410e-02,3.701427e-02,2.162429e-01,1.759783e-02,2.205757e-02,7.527896e-03,3.684983e-01,1.567005e-02,3.522766e-03,1.302856e-02,4.355711e-02,2.502603e-02,2.767793e-03,2.254178e-02
1.271964e-01,1.781892e-02,3.093547e-02,1.563530e-01,1.251451e-02,1.580258e-02,5.543735e-03,5.449866e-01,1.101634e-02,2.484559e-03,9.290590e-03,3.056632e-02,1.761415e-02,2.024716e-03,1.585222e-02
9.175267e-02,1.262785e-02,2.433060e-02,1.128106e-01,9.093347e-03,1.166317e-02,4.157065e-03,6.702963e-01,7.774287e-03,1.767866e-03,6.815796e-03,2.155548e-02,1.246342e-02,1.714361e-03,1.117718e-02
6.622783e-02,8.918022e-03,1.730653e-02,8.074036e-02,7.021266e-03,8.636476e-03,3.042131e-03,6.089791e-01,5.691704e-03,2.568022e-03,4.288226e-02,8.162943e-02,3.789284e-02,2.053208e-02,7.931910e-03
4.637617e-02,6.259175e-03,1.227806e-02,5.867155e-02,5.022693e-03,6.078220e-03,2.144063e-03,4.513551e-01,4.009129e-03,2.039994e-03,2.527593e-01,9.602318e-02,2.722577e-02,2.419992e-02,5.557647e-03
3.249238e-02,4.388954e-03,8.603844e-03,4.152571e-02,3.557061e-03,4.264547e-03,1.508779e-03,3.185961e-01,2.873421e-03,2.203353e-03,3.653761e-01,1.449708e-01,2.012151e-02,4.561727e-02,3.900201e-03
2.277732e-02,3.089161e-03,6.032940e-03,2.936661e-02,2.582558e-03,3.019609e-03,1.066615e-03,2.233155e-01,2.412527e-03,4.158738e-03,4.228145e-01,1.913929e-01,1.454098e-02,7.067432e-02,2.755718e-03
1.597229e-02,2.191962e-03,4.242520e-03,2.087477e-02,2.228810e-03,2.332358e-03,7.743118e-04,1.565038e-01,2.432530e-03,6.921842e-03,5.421605e-01,1.712650e-01,1.036798e-02,5.976661e-02,1.964848e-03
1.118545e-02,1.740242e-03,3.019927e-03,1.489851e-02,3.524597e-03,1.697551e-03,9.080239e-04,1.096870e-01,1.201075e-02,5.143061e-03,6.589336e-01,1.253096e-01,7.328745e-03,4.313640e-02,1.476494e-03
7.844839e-03,1.318330e-03,2.303755e-03,1.146085e-02,7.080787e-03,1.297038e-03,1.317766e-03,7.715214e-02,1.665581e-02,4.167369e-03,7.326594e-01,9.860496e-02,5.290254e-03,3.175177e-02,1.094905e-03
5.545418e-03,1.704013e-03,2.014824e-03,8.759870e-03,2.179832e-02,1.168639e-03,1.598840e-03,5.452254e-02,7.268585e-02,3.349657e-03,7.192435e-01,7.834537e-02,4.299462e-03,2.387535e-02,1.088346e-03
4.100925e-03,2.451000e-03,2.316872e-03,7.312482e-03,3.187291e-02,1.733550e-03,1.465029e-03,3.917622e-02,7.364686e-02,6.701982e-03,6.896044e-01,1.084893e-01,5.689209e-03,2.444102e-02,9.982008e-04
3.158591e-03,2.646949e-03,2.416855e-03,6.392633e-03,5.118714e-02,2.334779e-03,1.689620e-03,2.822710e-02,6.707598e-02,7.648428e-03,6.789389e-01,1.188952e-01,6.332362e-03,2.196844e-02,1.087004e-03
3.305656e-03,2.437124e-03,4.223755e-03,4.971966e-03,1.634259e-01,2.699479e-03,5.040602e-03,2.367749e-02,6.807533e-02,6.025507e-03,5.997361e-01,9.094042e-02,5.347007e-03,1.795902e-02,2.134633e-03
3.622832e-03,3.231053e-03,7.436895e-03,4.171766e-03,1.973713e-01,3.955838e-03,6.760874e-03,1.973119e-02,6.923493e-02,5.212669e-03,5.690469e-01,7.635329e-02,5.422434e-03,2.569348e-02,2.754483e-03
7.128339e-03,4.670924e-03,1.512130e-02,9.207927e-03,2.348126e-01,8.711549e-03,5.939753e-03,2.446717e-02,8.924489e-02,6.701414e-03,4.816655e-01,7.690349e-02,7.273596e-03,2.515775e-02,2.993767e-03
1.174557e-02,6.527971e-03,3.032226e-02,1.164351e-02,1.882377e-01,8.968955e-03,4.450577e-03,3.052385e-02,1.191043e-01,1.799836e-02,4.217803e-01,7.617263e-02,1.325462e-02,5.540663e-02,3.862737e-03
1.477599e-02,7.596095e-03,2.864397e-02,9.652681e-03,1.411987e-01,7.361118e-03,3.262762e-03,2.524986e-02,1.265187e-01,2.302335e-02,3.281833e-01,6.345113e-02,1.335917e-02,1.986826e-01,9.040681e-03
2.162433e-02,7.221067e-02,3.149799e-02,1.000050e-02,1.107666e-01,6.639807e-03,2.662235e-03,2.130007e-02,1.875810e-01,2.009012e-02,2.627016e-01,4.804057e-02,1.196447e-02,1.850073e-01,7.912772e-03
2.298541e-02,1.248026e-01,3.159260e-02,9.796694e-03,8.909653e-02,6.097443e-03,2.040909e-03,1.874150e-02,2.157091e-01,2.265183e-02,1.914997e-01,3.483139e-02,9.162088e-03,2.126575e-01,8.334863e-03
2.424245e-02,1.388415e-01,2.926750e-02,1.299515e-02,1.227642e-01,5.990550e-03,1.887527e-03,1.823927e-02,2.451207e-01,3.828128e-02,1.423644e-01,2.798038e-02,7.485766e-03,1.779039e-01,6.635622e-03
2.866496e-02,1.750309e-01,2.894856e-02,4.862261e-02,1.649323e-01,8.896868e-03,2.481538e-03,4.699586e-02,1.974169e-01,3.627265e-02,1.015309e-01,2.064344e-02,5.778655e-03,1.280522e-01,5.731720e-03
3.419247e-02,1.872333e-01,5.352040e-02,9.595850e-02,1.644074e-01,1.159646e-02,2.522505e-03,6.642179e-02,1.589406e-01,3.434796e-02,7.357918e-02,1.615219e-02,4.727763e-03,9.094492e-02,5.454662e-03
5.026183e-02,1.586134e-01,5.636588e-02,1.007234e-01,2.335901e-01,1.302691e-02,2.580849e-03,6.287224e-02,1.432779e-01,3.249463e-02,5.632583e-02,1.322891e-02,4.952910e-03,6.693931e-02,4.745959e-03
8.494942e-02,1.358343e-01,1.439189e-01,8.605416e-02,2.322098e-01,1.635810e-02,2.072239e-03,4.545292e-02,1.056835e-01,3.054577e-02,4.439850e-02,1.089304e-02,4.644812e-03,5.232509e-02,4.659508e-03
1.582147e-01,1.552038e-01,1.142179e-01,8.691575e-02,2.115242e-01,1.485129e-02,2.230664e-03,3.684697e-02,9.248869e-02,2.689022e-02,3.381039e-02,1.420663e-02,4.657503e-03,3.839160e-02,9.549735e-03
2.573619e-01,1.527874e-01,8.633710e-02,7.967009e-02,1.685506e-01,1.481656e-02,2.502844e-03,3.404858e-02,8.406767e-02,2.269185e-02,2.820355e-02,1.893390e-02,5.765760e-03,2.969301e-02,1.456909e-02
3.394828e-01,1.259491e-01,6.932750e-02,1.022252e-01,1.350251e-01,1.385574e-02,2.624879e-03,3.172296e-02,7.088686e-02,1.910138e-02,2.368487e-02,2.267752e-02,6.972120e-03,2.213030e-02,1.433376e-02
3.446134e-01,1.177783e-01,5.254769e-02,1.127024e-01,9.899689e-02,1.216175e-02,2.219405e-03,2.661999e-02,1.017843e-01,2.230635e-02,2.656053e-02,2.345598e-02,1.410831e-02,1.841516e-02,2.572953e-02
3.408201e-01,1.084305e-01,4.095168e-02,9.224410e-02,7.403184e-02,1.158776e-02,1.914833e-03,2.137570e-02,1.054807e-01,3.384567e-02,3.146921e-02,2.405435e-02,2.003381e-02,2.407756e-02,6.968231e-02
3.854067e-01,9.364003e-02,3.846968e-02,6.953049e-02,5.579260e-02,1.016821e-02,1.838815e-03,1.733388e-02,9.172378e-02,2.859586e-02,4.005279e-02,2.049574e-02,3.389989e-02,5.316106e-02,5.989046e-02
2.924813e-01,7.410540e-02,3.012998e-02,4.926421e-02,3.991914e-02,7.959164e-03,1.460113e-03,1.254691e-02,9.245336e-02,2.886819e-02,3.817916e-02,1.554750e-02,2.734053e-02,1.936187e-01,9.612633e-02
2.179953e-01,5.620401e-02,2.640816e-02,3.591431e-02,2.844322e-02,6.095045e-03,1.221618e-03,8.913648e-03,1.170700e-01,2.243950e-02,2.961089e-02,1.136353e-02,1.944559e-02,2.844328e-01,1.344424e-01
2.364706e-01,4.691147e-02,2.236744e-02,3.085308e-02,2.326718e-02,9.246429e-03,1.730078e-03,8.467792e-03,1.001331e-01,1.923502e-02,4.099786e-02,1.109858e-02,1.713770e-02,2.916758e-01,1.404079e-01
2.039371e-01,3.375578e-02,1.627732e-02,2.203620e-02,1.666153e-02,9.496919e-03,1.657892e-03,6.296391e-03,7.495131e-02,1.540369e-02,3.411289e-02,9.074487e-03,1.272464e-02,4.326366e-01,1.109772e-01
1.533354e-01,2.418140e-02,1.170639e-02,1.556563e-02,1.233639e-02,8.450468e-03,1.270593e-03,4.527219e-03,6.158454e-02,1.433377e-02,3.810511e-02,6.701109e-03,9.141985e-03,5.502348e-01,8.852518e-02
1.159663e-01,1.714967e-02,8.351299e-03,1.128255e-02,9.000093e-03,6.843210e-03,9.363845e-04,3.207162e-03,7.051851e-02,1.910973e-02,3.536535e-02,4.892477e-03,6.572642e-03,6.190585e-01,7.174610e-02
1.084402e-01,1.274920e-02,6.884093e-03,8.686885e-03,6.925376e-03,7.510622e-03,9.129038e-04,2.412013e-03,7.161904e-02,2.818078e-02,4.103640e-02,4.039759e-03,5.072036e-03,6.417239e-01,5.380684e-02
7.919311e-02,1.079069e-02,5.695657e-03,6.174276e-03,4.995686e-03,6.948737e-03,6.899487e-04,1.784396e-03,6.731229e-02,5.290829e-02,3.470227e-02,3.124483e-03,3.786557e-03,6.827436e-01,3.914997e-02
5.712204e-02,8.447275e-03,4.617819e-03,4.387936e-03,3.751978e-03,6.063760e-03,5.101432e-04,1.289345e-03,7.234506e-02,1.043063e-01,3.004095e-02,2.362513e-03,2.852737e-03,6.729744e-01,2.892768e-02
4.146601e-02,6.492042e-03,8.183487e-03,4.041442e-03,2.922100e-03,5.098064e-03,4.425594e-04,1.341005e-03,8.860643e-02,1.228968e-01,3.099943e-02,1.936077e-03,2.102785e-03,6.611232e-01,2.234868e-02
3.487775e-02,4.899783e-03,6.708561e-03,3.125152e-03,3.134462e-03,4.857227e-03,3.568272e-04,1.442240e-03,1.124392e-01,2.046120e-01,2.485452e-02,1.507941e-03,1.564621e-03,5.792031e-01,1.641675e-02
2.704147e-02,3.595615e-03,5.069512e-03,2.293567e-03,2.679447e-03,4.139522e-03,2.918108e-04,1.318135e-03,1.164451e-01,2.966297e-01,2.057796e-02,1.111554e-03,1.127850e-03,5.052224e-01,1.245641e-02
2.247441e-02,2.831201e-03,4.019076e-03,1.648452e-03,2.500730e-03,3.726769e-03,2.178384e-04,1.040401e-03,1.071558e-01,3.478173e-01,1.593325e-02,8.563582e-04,9.009883e-04,4.682269e-01,2.065063e-02
2.311435e-02,4.175765e-03,4.762323e-03,1.622531e-03,4.067564e-03,4.663864e-03,2.087141e-04,1.301075e-03,1.365321e-01,4.000636e-01,1.362137e-02,9.026146e-04,1.131276e-03,3.725315e-01,3.130130e-02
3.584740e-02,5.900561e-03,4.428492e-03,4.335278e-03,1.126001e-02,5.036209e-03,2.575701e-04,2.851061e-03,2.292839e-01,3.769895e-01,1.414645e-02,3.055013e-03,3.117866e-03,2.765549e-01,2.693575e-02
3.881323e-02,1.650008e-02,3.810357e-02,4.878785e-02,1.994419e-02,7.096990e-03,5.454334e-04,7.797096e-03,2.587955e-01,3.052705e-01,1.475172e-02,3.939147e-03,5.106200e-03,2.006900e-01,3.385862e-02
5.771133e-02,2.514407e-02,5.840196e-02,5.069115e-02,2.548103e-02,1.010627e-02,7.949517e-04,1.561901e-02,2.730167e-01,2.655943e-01,1.243844e-02,3.833162e-03,5.091172e-03,1.489478e-01,4.712868e-02
5.401960e-02,3.487837e-02,5.755234e-02,6.938540e-02,2.310896e-02,1.582840e-02,7.207915e-04,1.317055e-02,2.903350e-01,2.331226e-01,9.616201e-03,2.946756e-03,4.365426e-03,1.063129e-01,8.463681e-02
6.949562e-02,3.322284e-02,4.714159e-02,5.855089e-02,2.583482e-02,3.523892e-02,9.942111e-04,1.225660e-02,2.878461e-01,1.898619e-01,7.888714e-03,2.686225e-03,4.434022e-03,7.659114e-02,1.479565e-01
6.443928e-02,3.409361e-02,3.638678e-02,4.429867e-02,3.092708e-02,1.209863e-01,1.229599e-03,1.352021e-02,3.212364e-01,1.393912e-01,6.347253e-03,2.063272e-03,4.455170e-03,5.645541e-02,1.241697e-01
4.802103e-02,2.799975e-02,2.956362e-02,1.197638e-01,2.265112e-02,9.112495e-02,9.212988e-04,1.570216e-02,3.470750e-01,1.067019e-01,7.756592e-03,1.993311e-03,3.887221e-03,4.018688e-02,1.366514e-01
5.101294e-02,2.382282e-02,2.438427e-02,1.170759e-01,1.928179e-02,1.345026e-01,9.142410e-04,2.921868e-02,2.794948e-01,8.397895e-02,1.307679e-02,2.467423e-03,3.595911e-03,3.002954e-02,1.871434e-01
4.964452e-02,2.417458e-02,4.754154e-02,1.351788e-01,2.338845e-02,1.194243e-01,7.859690e-04,4.040452e-02,2.204161e-01,6.754545e-02,1.277019e-02,3.261662e-03,3.243033e-03,2.216057e-02,2.300603e-01
4.298620e-02,3.111187e-02,5.107598e-02,1.133157e-01,2.411664e-02,9.586360e-02,6.844534e-04,3.205197e-02,1.960390e-01,5.369014e-02,1.061332e-02,2.652145e-03,2.477502e-03,1.671775e-02,3.266037e-01
4.171287e-02,3.612234e-02,5.382493e-02,1.182639e-01,2.152996e-02,7.431917e-02,6.525744e-04,2.705836e-02,1.947806e-01,7.895846e-02,9.159132e-03,3.101309e-03,3.103089e-03,1.241568e-02,3.249976e-01
3.276323e-02,2.869827e-02,4.000493e-02,1.076187e-01,1.850921e-02,1.045071e-01,7.833322e-04,2.550989e-02,1.582848e-01,1.528831e-01,4.593220e-02,4.677128e-03,1.494807e-02,1.028350e-02,2.545964e-01
2.304951e-02,2.255204e-02,2.961491e-02,7.670147e-02,1.428819e-02,1.463834e-01,7.179974e-04,1.814666e-02,1.139289e-01,3.074242e-01,3.554501e-02,3.612679e-03,1.346032e-02,8.288946e-03,1.862858e-01
1.638379e-02,1.662341e-02,2.207133e-02,6.000953e-02,1.316367e-02,1.329672e-01,5.755322e-04,1.343564e-02,9.941167e-02,2.776100e-01,9.537391e-02,6.512309e-03,8.263898e-02,2.127864e-02,1.419443e-01
1.175977e-02,1.248051e-02,1.640503e-02,4.505210e-02,1.154066e-02,1.052282e-01,4.600712e-04,9.659052e-03,1.405041e-01,2.364710e-01,1.002136e-01,7.876821e-03,9.422109e-02,8.136372e-02,1.267642e-01
8.372398e-03,9.095476e-03,1.154850e-02,3.184791e-02,8.594590e-03,7.490065e-02,3.419089e-04,6.812196e-03,1.775757e-01,1.739016e-01,7.928024e-02,5.960150e-03,7.062488e-02,1.080080e-01,2.331357e-01
6.332733e-03,6.472101e-03,8.160987e-03,2.256196e-02,6.486764e-03,5.276642e-02,2.989839e-04,5.235367e-03,3.048029e-01,1.259532e-01,5.860604e-02,4.792527e-03,5.436938e-02,1.221103e-01,2.210503e-01
4.602718e-03,4.686085e-03,5.926334e-03,1.609050e-02,5.700319e-03,3.759488e-02,2.486924e-04,3.991400e-03,3.027788e-01,9.250312e-02,4.637704e-02,3.917598e-03,4.562011e-02,2.017568e-01,2.282055e-01
3.866267e-03,5.267033e-03,4.821688e-03,1.144907e-02,6.563875e-03,2.682259e-02,2.097069e-04,2.853719e-03,2.606306e-01,6.516383e-02,4.416963e-02,3.212825e-03,4.071170e-02,2.291377e-01,2.951198e-01
5.453739e-03,4.802034e-03,3.750401e-03,8.284217e-03,6.019494e-03,2.001079e-02,2.251818e-04,2.050024e-03,3.132298e-01,4.606511e-02,3.760022e-02,2.577106e-03,3.168161e-02,2.351838e-01,2.830664e-01
4.228911e-03,3.846195e-03,1.574806e-02,7.045681e-03,5.484896e-03,1.690412e-02,3.484625e-04,4.708596e-03,3.926576e-01,3.249323e-02,3.062543e-02,2.226408e-03,2.586442e-02,2.200341e-01,2.377838e-01
3.163141e-03,3.528098e-03,1.347042e-02,5.146414e-03,5.016101e-03,1.381740e-02,2.689701e-04,3.700005e-03,4.339107e-01,2.311155e-02,2.319814e-02,1.643584e-03,1.851553e-02,2.546394e-01,1.968705e-01
2.705154e-03,3.849894e-03,1.203350e-02,4.127232e-03,5.233297e-03,1.198297e-02,2.348373e-04,3.021393e-03,4.429010e-01,1.648764e-02,2.024260e-02,1.272964e-03,1.359519e-02,2.776010e-01,1.847114e-01
2.979984e-03,4.940035e-03,3.942872e-02,3.461482e-03,5.750741e-03,9.061170e-03,1.955636e-04,3.631881e-03,4.312001e-01,1.216727e-02,2.062759e-02,1.028570e-03,1.016606e-02,2.840599e-01,1.713010e-01
2.706624e-03,4.730461e-03,3.023111e-02,2.534763e-03,5.049627e-03,6.811338e-03,1.541479e-04,2.836985e-03,4.279372e-01,8.856144e-03,2.003570e-02,8.261628e-04,7.472657e-03,3.244331e-01,1.553840e-01
4.612371e-03,1.072105e-02,2.777402e-02,2.144413e-03,7.277761e-03,5.419216e-03,1.615763e-04,2.637837e-03,4.051977e-01,6.707111e-03,2.072240e-02,6.436039e-04,5.961603e-03,2.885000e-01,2.115193e-01
6.763180e-03,1.044668e-02,3.349337e-02,2.252782e-03,6.086195e-03,4.578126e-03,2.011398e-04,1.981369e-03,4.383885e-01,6.723276e-03,2.281546e-02,8.140216e-04,6.066285e-03,2.473641e-01,2.120256e-01
5.973266e-03,8.294119e-03,2.554500e-02,1.706064e-03,5.032828e-03,3.501442e-03,1.744697e-04,1.459828e-03,4.349385e-01,5.847709e-03,2.300340e-02,6.616114e-04,5.768257e-03,2.062359e-01,2.718576e-01
5.753822e-03,6.767451e-03,1.931760e-02,1.311982e-03,3.914245e-03,2.946476e-03,1.510388e-04,1.150364e-03,4.116128e-01,5.854944e-03,2.270454e-02,5.204675e-04,4.860840e-03,2.379781e-01,2.751553e-01
5.736669e-03,6.364623e-03,1.714949e-02,1.546201e-03,3.975725e-03,2.549362e-03,1.431436e-04,1.076708e-03,4.419273e-01,4.768490e-03,2.356042e-02,3.954846e-04,4.018565e-03,2.833973e-01,2.033905e-01
1.208893e-02,6.635536e-03,4.146004e-02,4.410109e-03,7.245169e-03,5.679658e-03,2.273411e-04,4.451163e-03,4.146329e-01,4.272313e-03,1.932756e-02,3.226048e-04,3.375337e-03,3.244278e-01,1.514435e-01
1.262546e-02,7.331754e-03,4.192369e-02,5.281822e-03,6.996533e-03,7.605283e-03,2.090615e-04,4.237679e-03,4.122927e-01,3.975796e-03,1.497905e-02,2.767610e-04,2.807340e-03,3.367185e-01,1.427386e-01
1.321909e-02,6.019580e-03,3.365293e-02,4.255515e-03,6.473854e-03,7.983647e-03,1.714113e-04,3.244566e-03,3.882105e-01,3.597644e-03,1.139669e-02,2.147225e-04,2.211832e-03,3.979132e-01,1.214348e-01
1.411951e-02,4.852841e-03,2.883196e-02,3.729440e-03,6.372094e-03,2.224858e-02,2.093017e-04,7.029276e-03,3.845743e-01,3.141760e-03,8.618076e-03,1.636130e-04,1.640580e-03,4.250549e-01,8.941378e-02
1.619419e-02,3.684909e-03,2.166403e-02,2.838131e-03,5.586093e-03,2.121733e-02,1.623801e-04,5.730157e-03,3.652194e-01,3.259040e-03,6.510929e-03,1.401650e-04,1.275196e-03,4.733461e-01,7.317192e-02
2.327244e-02,4.491347e-03,4.815643e-02,7.078973e-03,1.032160e-02,2.159670e-02,1.880164e-04,8.495528e-03,3.779899e-01,5.479801e-03,6.400333e-03,1.940879e-04,1.090741e-03,4.125493e-01,7.269491e-02
2.348201e-02,9.103821e-03,4.402408e-02,6.690926e-03,1.318779e-02,2.202747e-02,1.807756e-04,1.021795e-02,3.858708e-01,5.665042e-03,5.408052e-03,2.604279e-04,1.113062e-03,4.112016e-01,6.156629e-02
2.632008e-02,2.293502e-02,3.536095e-02,7.633601e-03,3.169164e-02,1.616746e-02,3.301818e-04,1.323404e-02,4.244017e-01,8.722602e-03,4.648976e-03,2.632896e-04,1.111785e-03,3.581622e-01,4.901649e-02
4.477413e-02,2.744315e-02,3.850669e-02,1.123821e-02,4.248250e-02,1.860670e-02,2.764588e-04,2.281176e-02,4.222381e-01,1.196614e-02,5.231405e-03,9.526334e-04,1.343216e-03,2.995681e-01,5.256080e-02
4.033729e-02,4.580613e-02,4.135359e-02,2.377795e-02,3.846199e-02,1.458320e-02,2.328556e-04,1.961954e-02,4.391783e-01,2.471267e-02,4.386728e-03,9.549947e-04,1.922686e-03,2.199357e-01,8.473638e-02
3.864193e-02,5.186987e-02,6.430509e-02,3.161919e-02,3.822424e-02,1.190558e-02,3.600938e-04,9.275414e-02,3.817419e-01,2.143694e-02,4.864071e-03,1.441570e-03,2.306254e-03,1.848218e-01,7.370739e-02
3.956414e-02,5.178728e-02,9.916496e-02,4.952505e-02,3.662397e-02,1.230782e-02,4.042612e-04,1.061171e-01,3.473205e-01,2.171567e-02,6.751542e-03,1.757889e-03,2.871053e-03,1.517352e-01,7.235362e-02
5.268270e-02,4.401084e-02,9.072869e-02,5.551581e-02,4.234397e-02,1.370522e-02,4.207015e-04,1.195169e-01,3.554590e-01,1.906041e-02,6.744189e-03,2.273939e-03,2.949794e-03,1.331461e-01,6.144178e-02
6.254115e-02,4.854224e-02,7.652517e-02,4.774368e-02,4.252892e-02,1.186792e-02,7.786542e-04,1.210664e-01,3.469988e-01,1.557001e-02,7.109842e-03,2.578983e-03,3.482775e-03,1.508923e-01,6.177327e-02
6.624477e-02,5.147134e-02,6.156325e-02,3.931091e-02,4.190550e-02,9.836527e-03,1.038041e-03,1.074807e-01,3.340925e-01,1.426570e-02,6.025370e-03,2.568217e-03,3.330523e-03,1.501336e-01,1.107330e-01
7.334264e-02,7.916072e-02,5.039287e-02,5.003433e-02,5.908923e-02,1.243006e-02,1.504924e-03,1.099702e-01,3.062290e-01,1.716629e-02,7.248912e-03,3.734068e-03,4.033387e-03,1.137314e-01,1.119321e-01
8.195371e-02,1.214645e-01,4.023719e-02,4.178846e-02,5.990360e-02,1.206805e-02,1.502161e-03,1.024311e-01,2.781035e-01,3.038385e-02,6.925397e-03,5.090669e-03,3.911456e-03,8.766538e-02,1.265710e-01
9.928334e-02,1.069990e-01,3.458719e-02,4.890238e-02,5.720394e-02,1.174526e-02,1.798289e-03,1.823504e-01,2.376817e-01,3.265660e-02,6.222082e-03,6.831767e-03,4.410823e-03,6.547701e-02,1.038502e-01
1.038609e-01,1.048582e-01,2.989498e-02,3.648821e-02,4.535097e-02,1.475735e-02,2.979632e-03,2.732135e-01,1.966933e-01,2.497654e-02,4.964747e-03,7.945374e-03,4.308961e-03,5.143383e-02,9.827351e-02
1.251904e-01,1.209323e-01,2.648250e-02,2.707708e-02,3.580908e-02,1.763891e-02,3.444672e-03,3.006229e-01,1.713152e-01,2.015943e-02,3.931697e-03,6.880497e-03,3.989053e-03,4.085769e-02,9.566859e-02
1.739132e-01,1.372540e-01,2.855923e-02,2.098688e-02,2.799071e-02,1.779435e-02,9.317907e-03,2.636852e-01,1.601703e-01,1.671114e-02,4.264339e-03,1.103084e-02,5.178426e-03,3.822024e-02,8.492324e-02
1.886440e-01,1.186618e-01,3.168735e-02,1.675697e-02,2.334340e-02,1.738984e-02,1.094562e-02,3.085856e-01,1.335702e-01,3.213904e-02,4.011980e-03,1.003263e-02,5.598295e-03,2.936603e-02,6.926715e-02
1.548961e-01,9.359489e-02,5.149347e-02,1.619526e-02,1.727650e-02,1.822070e-02,8.640029e-03,2.535219e-01,9.910905e-02,1.547186e-01,1.674119e-02,2.205661e-02,1.086402e-02,2.344663e-02,5.922498e-02
1.106207e-01,6.856424e-02,3.762349e-02,1.387035e-02,1.236401e-02,1.633199e-02,8.505339e-03,1.872474e-01,9.059061e-02,1.450710e-01,5.125852e-02,1.961461e-02,3.259350e-02,1.243931e-01,8.135109e-02
7.850099e-02,4.838409e-02,2.647199e-02,1.113850e-02,9.043111e-03,1.225273e-02,1.069320e-02,1.464785e-01,7.106555e-02,1.044292e-01,7.575421e-02,1.791014e-02,6.203191e-02,2.539387e-01,7.190714e-02
5.569963e-02,3.413375e-02,1.862352e-02,8.575930e-03,6.722786e-03,1.018738e-02,8.567001e-03,1.095537e-01,6.755292e-02,7.719937e-02,7.647599e-02,1.642359e-02,4.778751e-02,3.887947e-01,7.370214e-02
3.968135e-02,2.423054e-02,1.309417e-02,7.284277e-03,5.257905e-03,8.501780e-03,7.051251e-03,7.957708e-02,6.673406e-02,6.437005e-02,7.630356e-02,1.463588e-02,3.475488e-02,4.955416e-01,6.298152e-02
2.813775e-02,1.903804e-02,9.244302e-03,5.437649e-03,3.795163e-03,6.550902e-03,4.952887e-03,5.583743e-02,6.435627e-02,4.653392e-02,6.110466e-02,1.082168e-02,2.477937e-02,6.137981e-01,4.561182e-02
2.012198e-02,1.593937e-02,7.586470e-03,3.975535e-03,3.182251e-03,5.279210e-03,3.509729e-03,3.910080e-02,6.421563e-02,3.398331e-02,4.559440e-02,7.681950e-03,1.756327e-02,6.977472e-01,3.451884e-02
1.471344e-02,1.210122e-02,5.606359e-03,2.905757e-03,2.502983e-03,5.721029e-03,2.478084e-03,2.739450e-02,6.878132e-02,2.403360e-02,3.306314e-02,5.485260e-03,1.250368e-02,7.567075e-01,2.600205e-02
1.108961e-02,1.903808e-02,1.208287e-02,2.217237e-03,2.316736e-03,9.558428e-03,1.812331e-03,1.927938e-02,7.054467e-02,1.812632e-02,2.403176e-02,4.055687e-03,9.195256e-03,7.761843e-01,2.046727e-02
9.720962e-03,1.622424e-02,1.866834e-02,2.526881e-03,2.646810e-03,8.458258e-03,1.342345e-03,1.366477e-02,1.450893e-01,1.611889e-02,1.898288e-02,3.300664e-03,8.343807e-03,7.144156e-01,2.049629e-02
1.094587e-02,1.331041e-02,1.973651e-02,2.356182e-03,3.687623e-03,7.259750e-03,1.025981e-03,9.978069e-03,1.824667e-01,1.294019e-02,1.544052e-02,2.497173e-03,6.723478e-03,6.912837e-01,2.034782e-02
1.148916e-02,1.036258e-02,2.140705e-02,1.799391e-03,3.619906e-03,6.157727e-03,7.614761e-04,7.394404e-03,2.035999e-01,2.326408e-02,1.582642e-02,1.868563e-03,5.985820e-03,6.244726e-01,6.199083e-02
1.134934e-02,8.018896e-03,2.354676e-02,1.386821e-03,3.983298e-03,4.970535e-03,5.646473e-04,5.883195e-03,2.598065e-01,2.709699e-02,1.436895e-02,1.353856e-03,4.573147e-03,5.703644e-01,6.273276e-02
1.431836e-02,9.634307e-03,8.988836e-02,9.876022e-03,1.294072e-02,4.399405e-03,4.657435e-04,7.789570e-03,2.649689e-01,3.592416e-02,1.326141e-02,1.086055e-03,3.740664e-03,4.369280e-01,9.477825e-02
1.680252e-02,8.421369e-03,7.025290e-02,7.430550e-03,1.291698e-02,4.011410e-03,3.937851e-04,6.086177e-03,2.865163e-01,3.338752e-02,1.048179e-02,8.782336e-04,3.201105e-03,3.719737e-01,1.672456e-01
2.221866e-02,7.449884e-03,5.285534e-02,5.661365e-03,1.169432e-02,3.726109e-03,3.190882e-04,4.771176e-03,2.754712e-01,2.783114e-02,8.305502e-03,6.941068e-04,2.665817e-03,3.913566e-01,1.849797e-01
3.516727e-02,6.406555e-03,3.828143e-02,4.702399e-03,1.396861e-02,4.796318e-03,2.835219e-04,4.433592e-03,2.858343e-01,2.175080e-02,7.562348e-03,6.694793e-04,2.935995e-03,3.563610e-01,2.168464e-01
4.333281e-02,6.083598e-03,2.950676e-02,7.409347e-03,1.682252e-02,5.109802e-03,2.931351e-04,6.567937e-03,2.805066e-01,1.821999e-02,1.060219e-02,8.858072e-04,1.017487e-02,2.972155e-01,2.672692e-01
5.250503e-02,5.625454e-03,2.373593e-02,6.895090e-03,1.792148e-02,5.529680e-03,3.134374e-04,6.067583e-03,2.485945e-01,2.074067e-02,9.197010e-03,9.184553e-04,8.867055e-03,2.601957e-01,3.328929e-01
7.015756e-02,6.854118e-03,5.681435e-02,1.409381e-02,3.176120e-02,5.519857e-03,8.957610e-04,5.436539e-02,2.239747e-01,1.707258e-02,8.920143e-03,9.677506e-04,7.823928e-03,2.478193e-01,2.529596e-01
1.075136e-01,8.379972e-03,5.890669e-02,1.429362e-02,3.391276e-02,6.474649e-03,1.080122e-03,5.451111e-02,2.127331e-01,1.472016e-02,7.889062e-03,1.441163e-03,6.707873e-03,2.711697e-01,2.002664e-01
1.321560e-01,9.396706e-03,4.810468e-02,1.266352e-02,2.790414e-02,5.791658e-03,1.071937e-03,6.069240e-02,2.671497e-01,2.327174e-02,7.900472e-03,1.963522e-03,5.660850e-03,2.133619e-01,1.829108e-01
1.530362e-01,1.177577e-02,5.090098e-02,1.184216e-02,3.496863e-02,5.175004e-03,1.051718e-03,9.091139e-02,2.889042e-01,2.038072e-02,6.238925e-03,1.787800e-03,4.764679e-03,1.781872e-01,1.400746e-01
2.962818e-01,1.352783e-02,4.308300e-02,1.276978e-02,3.905202e-02,6.192015e-03,1.254762e-03,7.701723e-02,2.387436e-01,1.694495e-02,5.257501e-03,2.588253e-03,4.928517e-03,1.351112e-01,1.072475e-01
3.654733e-01,1.429457e-02,3.361147e-02,1.455680e-02,8.660237e-02,8.068954e-03,3.316878e-03,7.515343e-02,1.930651e-01,1.274586e-02,4.577687e-03,3.831026e-03,5.371225e-03,1.017551e-01,7.757618e-02
3.633202e-01,1.471134e-02,2.441051e-02,1.851016e-02,1.862949e-01,2.992876e-02,9.032674e-03,5.652755e-02,1.425073e-01,1.003191e-02,4.187402e-03,5.285599e-03,6.524322e-03,7.225212e-02,5.647525e-02
4.133454e-01,1.623189e-02,2.043818e-02,3.053223e-02,1.696444e-01,3.517926e-02,7.340869e-03,4.208609e-02,1.056143e-01,8.614587e-03,9.492607e-03,1.600092e-02,2.427517e-02,5.254086e-02,4.866326e-02
3.202840e-01,2.828285e-02,1.487551e-02,3.019245e-02,1.519176e-01,3.578072e-02,5.427598e-03,2.970121e-02,1.272308e-01,1.470571e-02,1.455928e-02,1.663218e-02,3.147565e-02,4.163294e-02,1.373015e-01
2.251973e-01,2.682337e-02,1.056858e-02,2.562779e-02,1.082130e-01,2.908737e-02,3.873399e-03,2.087058e-02,3.267334e-01,1.342119e-02,1.183258e-02,1.256543e-02,2.569691e-02,2.969404e-02,1.297950e-01
1.578240e-01,1.942032e-02,7.490162e-03,1.848572e-02,7.602820e-02,2.301917e-02,2.750209e-03,1.464343e-02,5.033933e-01,2.141916e-02,8.841014e-03,9.023910e-03,1.965718e-02,2.232516e-02,9.567910e-02
1.109495e-01,1.556180e-02,5.291913e-03,1.354575e-02,5.367239e-02,1.830281e-02,1.974500e-03,1.029654e-02,6.082777e-01,3.900642e-02,6.887781e-03,6.488431e-03,1.536430e-02,1.739568e-02,7.698458e-02
7.801864e-02,2.399626e-02,4.305913e-03,1.001244e-02,3.761771e-02,1.289269e-02,1.393256e-03,7.223005e-03,6.921514e-01,3.355327e-02,5.245449e-03,4.811836e-03,1.145655e-02,1.880607e-02,5.851552e-02
5.614681e-02,3.216415e-02,3.073477e-03,7.361128e-03,2.646543e-02,9.410662e-03,1.025717e-03,5.087621e-03,6.535200e-01,2.745659e-02,4.155969e-03,3.557215e-03,1.206920e-02,2.103464e-02,1.374713e-01
4.330015e-02,2.918106e-02,2.319278e-03,5.265115e-03,1.854616e-02,6.849188e-03,7.432919e-04,3.593586e-03,5.488106e-01,2.358908e-02,3.470005e-03,2.654491e-03,9.630360e-03,8.295155e-02,2.190961e-01
3.193678e-02,2.751480e-02,2.289571e-03,3.791827e-03,1.299141e-02,4.870597e-03,5.426868e-04,2.521878e-03,5.089526e-01,2.042681e-02,3.284907e-03,2.191129e-03,7.632466e-03,2.014610e-01,1.695916e-01
2.421988e-02,2.158766e-02,2.347755e-03,2.786886e-03,9.132122e-03,3.534552e-03,3.961847e-04,1.787325e-03,3.723958e-01,1.472350e-02,3.663728e-03,2.167648e-03,9.993378e-03,3.405137e-01,1.907499e-01
2.429513e-02,1.757681e-02,1.082214e-02,2.600411e-03,6.680198e-03,3.751052e-03,3.269974e-04,1.681580e-03,2.685061e-01,1.114175e-02,3.583256e-03,1.808226e-03,8.923836e-03,3.690730e-01,2.692296e-01
1.745364e-02,1.249848e-02,8.064357e-03,1.833932e-03,4.718596e-03,2.706897e-03,2.325513e-04,1.182645e-03,1.905381e-01,8.204930e-03,2.721952e-03,1.276174e-03,6.318939e-03,5.147327e-01,2.275162e-01
1.329993e-02,8.996997e-03,6.059841e-03,1.338178e-03,3.368022e-03,2.040633e-03,1.690556e-04,8.397171e-04,1.390630e-01,6.824426e-03,2.443681e-03,9.103294e-04,4.505629e-03,5.964435e-01,2.136972e-01
1.130938e-02,7.292392e-03,7.479964e-03,1.135418e-03,2.716494e-03,1.656595e-03,1.393006e-04,6.256180e-04,1.119222e-01,9.267686e-03,2.547042e-03,7.355001e-04,3.855288e-03,5.400288e-01,2.992883e-01
8.951604e-03,5.523141e-03,5.896735e-03,9.415436e-04,2.076422e-03,1.275094e-03,1.113810e-04,4.438266e-04,8.843087e-02,8.554921e-03,2.171787e-03,5.374900e-04,2.901663e-03,5.971876e-01,2.749959e-01
8.763039e-03,4.210914e-03,4.551316e-03,6.854365e-04,1.574600e-03,1.127151e-03,9.395237e-05,3.190463e-04,7.670711e-02,1.065248e-02,2.340965e-03,4.398566e-04,2.425047e-03,6.382054e-01,2.479036e-01
7.524467e-03,3.456805e-03,3.831271e-03,5.212589e-04,1.264034e-03,9.153674e-04,7.881573e-05,2.323403e-04,9.901757e-02,2.320468e-02,4.079666e-03,3.751567e-04,2.046387e-03,6.207438e-01,2.327084e-01
