1.000000e+00,0.000000e+00,0.000000e+00,0.000000e+00,0.000000e+00,0.000000e+00,0.000000e+00,0.000000e+00,0.000000e+00,0.000000e+00,0.000000e+00,0.000000e+00,0.000000e+00,0.000000e+00,0.000000e+00
1.000000e+00,0.000000e+00,0.000000e+00,0.000000e+00,0.000000e+00,0.000000e+00,0.000000e+00,0.000000e+00,0.000000e+00,0.000000e+00,0.000000e+00,0.000000e+00,0.000000e+00,0.000000e+00,0.000000e+00
1.000000e+00,0.000000e+00,0.000000e+00,0.000000e+00,0.000000e+00,0.000000e+00,0.000000e+00,0.000000e+00,0.000000e+00,0.000000e+00,0.000000e+00,0.000000e+00,0.000000e+00,0.000000e+00,0.000000e+00
1.000000e+00,0.000000e+00,0.000000e+00,0.000000e+00,0.000000e+00,0.000000e+00,0.000000e+00,0.000000e+00,0.000000e+00,0.000000e+00,0.000000e+00,0.000000e+00,0.000000e+00,0.000000e+00,0.000000e+00
1.000000e+00,0.000000e+00,0.000000e+00,0.000000e+00,0.000000e+00,0.000000e+00,0.000000e+00,0.000000e+00,0.000000e+00,0.000000e+00,0.000000e+00,0.000000e+00,0.000000e+00,0.000000e+00,0.000000e+00
1.000000e+00,0.000000e+00,0.000000e+00,0.000000e+00,0.000000e+00,0.000000e+00,0.000000e+00,0.000000e+00,0.000000e+00,0.000000e+00,0.000000e+00,0.000000e+00,0.000000e+00,0.000000e+00,0.000000e+00
1.000000e+00,0.000000e+00,0.000000e+00,0.000000e+00,0.000000e+00,0.000000e+00,0.000000e+00,0.000000e+00,0.000000e+00,0.000000e+00,0.000000e+00,0.000000e+00,0.000000e+00,0.000000e+00,0.000000e+00
1.000000e+00,0.000000e+00,0.000000e+00,0.000000e+00,0.000000e+00,0.000000e+00,0.000000e+00,0.000000e+00,0.000000e+00,0.000000e+00,0.000000e+00,0.000000e+00,0.000000e+00,0.000000e+00,0.000000e+00
1.000000e+00,0.000000e+00,0.000000e+00,0.000000e+00,0.000000e+00,0.000000e+00,0.000000e+00,0.000000e+00,0.000000e+00,0.000000e+00,0.000000e+00,0.000000e+00,0.000000e+00,0.000000e+00,0.000000e+00
1.000000e+00,0.000000e+00,0.000000e+00,0.000000e+00,0.000000e+00,0.000000e+00,0.000000e+00,0.000000e+00,0.000000e+00,0.000000e+00,0.000000e+00,0.000000e+00,0.000000e+00,0.000000e+00,0.000000e+00
1.000000e+00,0.000000e+00,0.000000e+00,0.000000e+00,0.000000e+00,0.000000e+00,0.000000e+00,0.000000e+00,0.000000e+00,0.000000e+00,0.000000e+00,0.000000e+00,0.000000e+00,0.000000e+00,0.000000e+00
1.000000e+00,0.000000e+00,0.000000e+00,0.000000e+00,0.000000e+00,0.000000e+00,0.000000e+00,0.000000e+00,0.000000e+00,0.000000e+00,0.000000e+00,0.000000e+00,0.000000e+00,0.000000e+00,0.000000e+00
4.903045e-01,2.089301e-02,2.244920e-01,5.984044e-02,1.598265e-02,2.226627e-02,5.071246e-03,3.889056e-02,1.038745e-02,6.080149e-03,1.934842e-02,3.296283e-02,2.229812e-02,5.401145e-03,2.578129e-02
1.000000e+00,0.000000e+00,0.000000e+00,0.000000e+00,0.000000e+00,0.000000e+00,0.000000e+00,0.000000e+00,0.000000e+00,0.000000e+00,0.000000e+00,0.000000e+00,0.000000e+00,0.000000e+00,0.000000e+00
1.000000e+00,0.000000e+00,0.000000e+00,0.000000e+00,0.000000e+00,0.000000e+00,0.000000e+00,0.000000e+00,0.000000e+00,0.000000e+00,0.000000e+00,0.000000e+00,0.000000e+00,0.000000e+00,0.000000e+00
1.000000e+00,0.000000e+00,0.000000e+00,0.000000e+00,0.000000e+00,0.000000e+00,0.000000e+00,0.000000e+00,0.000000e+00,0.000000e+00,0.000000e+00,0.000000e+00,0.000000e+00,0.000000e+00,0.000000e+00
1.000000e+00,0.000000e+00,0.000000e+00,0.000000e+00,0.000000e+00,0.000000e+00,0.000000e+00,0.000000e+00,0.000000e+00,0.000000e+00,0.000000e+00,0.000000e+00,0.000000e+00,0.000000e+00,0.000000e+00
1.000000e+00,0.000000e+00,0.000000e+00,0.000000e+00,0.000000e+00,0.000000e+00,0.000000e+00,0.000000e+00,0.000000e+00,0.000000e+00,0.000000e+00,0.000000e+00,0.000000e+00,0.000000e+00,0.000000e+00
1.000000e+00,0.000000e+00,0.000000e+00,0.000000e+00,0.000000e+00,0.000000e+00,0.000000e+00,0.000000e+00,0.000000e+00,0.000000e+00,0.000000e+00,0.000000e+00,0.000000e+00,0.000000e+00,0.000000e+00
1.000000e+00,0.000000e+00,0.000000e+00,0.000000e+00,0.000000e+00,0.000000e+00,0.000000e+00,0.000000e+00,0.000000e+00,0.000000e+00,0.000000e+00,0.000000e+00,0.000000e+00,0.000000e+00,0.000000e+00
1.000000e+00,0.000000e+00,0.000000e+00,0.000000e+00,0.000000e+00,0.000000e+00,0.000000e+00,0.000000e+00,0.000000e+00,0.000000e+00,0.000000e+00,0.000000e+00,0.000000e+00,0.000000e+00,0.000000e+00
1.000000e+00,0.000000e+00,0.000000e+00,0.000000e+00,0.000000e+00,0.000000e+00,0.000000e+00,0.000000e+00,0.000000e+00,0.000000e+00,0.000000e+00,0.000000e+00,0.000000e+00,0.000000e+00,0.000000e+00
1.000000e+00,0.000000e+00,0.000000e+00,0.000000e+00,0.000000e+00,0.000000e+00,0.000000e+00,0.000000e+00,0.000000e+00,0.000000e+00,0.000000e+00,0.000000e+00,0.000000e+00,0.000000e+00,0.000000e+00
1.000000e+00,0.000000e+00,0.000000e+00,0.000000e+00,0.000000e+00,0.000000e+00,0.000000e+00,0.000000e+00,0.000000e+00,0.000000e+00,0.000000e+00,0.000000e+00,0.000000e+00,0.000000e+00,0.000000e+00
1.000000e+00,0.000000e+00,0.000000e+00,0.000000e+00,0.000000e+00,0.000000e+00,0.000000e+00,0.000000e+00,0.000000e+00,0.000000e+00,0.000000e+00,0.000000e+00,0.000000e+00,0.000000e+00,0.000000e+00
1.000000e+00,0.000000e+00,0.000000e+00,0.000000e+00,0.000000e+00,0.000000e+00,0.000000e+00,0.000000e+00,0.000000e+00,0.000000e+00,0.000000e+00,0.000000e+00,0.000000e+00,0.000000e+00,0.000000e+00
1.000000e+00,0.000000e+00,0.000000e+00,0.000000e+00,0.000000e+00,0.000000e+00,0.000000e+00,0.000000e+00,0.000000e+00,0.000000e+00,0.000000e+00,0.000000e+00,0.000000e+00,0.000000e+00,0.000000e+00
1.000000e+00,0.000000e+00,0.000000e+00,0.000000e+00,0.000000e+00,0.000000e+00,0.000000e+00,0.000000e+00,0.000000e+00,0.000000e+00,0.000000e+00,0.000000e+00,0.000000e+00,0.000000e+00,0.000000e+00
1.000000e+00,0.000000e+00,0.000000e+00,0.000000e+00,0.000000e+00,0.000000e+00,0.000000e+00,0.000000e+00,0.000000e+00,0.000000e+00,0.000000e+00,0.000000e+00,0.000000e+00,0.000000e+00,0.000000e+00
1.000000e+00,0.000000e+00,0.000000e+00,0.000000e+00,0.000000e+00,0.000000e+00,0.000000e+00,0.000000e+00,0.000000e+00,0.000000e+00,0.000000e+00,0.000000e+00,0.000000e+00,0.000000e+00,0.000000e+00
1.000000e+00,0.000000e+00,0.000000e+00,0.000000e+00,0.000000e+00,0.000000e+00,0.000000e+00,0.000000e+00,0.000000e+00,0.000000e+00,0.000000e+00,0.000000e+00,0.000000e+00,0.000000e+00,0.000000e+00
1.000000e+00,0.000000e+00,0.000000e+00,0.000000e+00,0.000000e+00,0.000000e+00,0.000000e+00,0.000000e+00,0.000000e+00,0.000000e+00,0.000000e+00,0.000000e+00,0.000000e+00,0.000000e+00,0.000000e+00
1.000000e+00,0.000000e+00,0.000000e+00,0.000000e+00,0.000000e+00,0.000000e+00,0.000000e+00,0.000000e+00,0.000000e+00,0.000000e+00,0.000000e+00,0.000000e+00,0.000000e+00,0.000000e+00,0.000000e+00
1.000000e+00,0.000000e+00,0.000000e+00,0.000000e+00,0.000000e+00,0.000000e+00,0.000000e+00,0.000000e+00,0.000000e+00,0.000000e+00,0.000000e+00,0.000000e+00,0.000000e+00,0.000000e+00,0.000000e+00
1.000000e+00,0.000000e+00,0.000000e+00,0.000000e+00,0.000000e+00,0.000000e+00,0.000000e+00,0.000000e+00,0.000000e+00,0.000000e+00,0.000000e+00,0.000000e+00,0.000000e+00,0.000000e+00,0.000000e+00
1.000000e+00,0.000000e+00,0.000000e+00,0.000000e+00,0.000000e+00,0.000000e+00,0.000000e+00,0.000000e+00,0.000000e+00,0.000000e+00,0.000000e+00,0.000000e+00,0.000000e+00,0.000000e+00,0.000000e+00
1.000000e+00,0.000000e+00,0.000000e+00,0.000000e+00,0.000000e+00,0.000000e+00,0.000000e+00,0.000000e+00,0.000000e+00,0.000000e+00,0.000000e+00,0.000000e+00,0.000000e+00,0.000000e+00,0.000000e+00
1.000000e+00,0.000000e+00,0.000000e+00,0.000000e+00,0.000000e+00,0.000000e+00,0.000000e+00,0.000000e+00,0.000000e+00,0.000000e+00,0.000000e+00,0.000000e+00,0.000000e+00,0.000000e+00,0.000000e+00
1.000000e+00,0.000000e+00,0.000000e+00,0.000000e+00,0.000000e+00,0.000000e+00,0.000000e+00,0.000000e+00,0.000000e+00,0.000000e+00,0.000000e+00,0.000000e+00,0.000000e+00,0.000000e+00,0.000000e+00
1.000000e+00,0.000000e+00,0.000000e+00,0.000000e+00,0.000000e+00,0.000000e+00,0.000000e+00,0.000000e+00,0.000000e+00,0.000000e+00,0.000000e+00,0.000000e+00,0.000000e+00,0.000000e+00,0.000000e+00
1.000000e+00,0.000000e+00,0.000000e+00,0.000000e+00,0.000000e+00,0.000000e+00,0.000000e+00,0.000000e+00,0.000000e+00,0.000000e+00,0.000000e+00,0.000000e+00,0.000000e+00,0.000000e+00,0.000000e+00
1.000000e+00,0.000000e+00,0.000000e+00,0.000000e+00,0.000000e+00,0.000000e+00,0.000000e+00,0.000000e+00,0.000000e+00,0.000000e+00,0.000000e+00,0.000000e+00,0.000000e+00,0.000000e+00,0.000000e+00
1.000000e+00,0.000000e+00,0.000000e+00,0.000000e+00,0.000000e+00,0.000000e+00,0.000000e+00,0.000000e+00,0.000000e+00,0.000000e+00,0.000000e+00,0.000000e+00,0.000000e+00,0.000000e+00,0.000000e+00
1.000000e+00,0.000000e+00,0.000000e+00,0.000000e+00,0.000000e+00,0.000000e+00,0.000000e+00,0.000000e+00,0.000000e+00,0.000000e+00,0.000000e+00,0.000000e+00,0.000000e+00,0.000000e+00,0.000000e+00
1.000000e+00,0.000000e+00,0.000000e+00,0.000000e+00,0.000000e+00,0.000000e+00,0.000000e+00,0.000000e+00,0.000000e+00,0.000000e+00,0.000000e+00,0.000000e+00,0.000000e+00,0.000000e+00,0.000000e+00
1.000000e+00,0.000000e+00,0.000000e+00,0.000000e+00,0.000000e+00,0.000000e+00,0.000000e+00,0.000000e+00,0.000000e+00,0.000000e+00,0.000000e+00,0.000000e+00,0.000000e+00,0.000000e+00,0.000000e+00
1.000000e+00,0.000000e+00,0.000000e+00,0.000000e+00,0.000000e+00,0.000000e+00,0.000000e+00,0.000000e+00,0.000000e+00,0.000000e+00,0.000000e+00,0.000000e+00,0.000000e+00,0.000000e+00,0.000000e+00
1.000000e+00,0.000000e+00,0.000000e+00,0.000000e+00,0.000000e+00,0.000000e+00,0.000000e+00,0.000000e+00,0.000000e+00,0.000000e+00,0.000000e+00,0.000000e+00,0.000000e+00,0.000000e+00,0.000000e+00
1.000000e+00,0.000000e+00,0.000000e+00,0.000000e+00,0.000000e+00,0.000000e+00,0.000000e+00,0.000000e+00,0.000000e+00,0.000000e+00,0.000000e+00,0.000000e+00,0.000000e+00,0.000000e+00,0.000000e+00
1.000000e+00,0.000000e+00,0.000000e+00,0.000000e+00,0.000000e+00,0.000000e+00,0.000000e+00,0.000000e+00,0.000000e+00,0.000000e+00,0.000000e+00,0.000000e+00,0.000000e+00,0.000000e+00,0.000000e+00
1.000000e+00,0.000000e+00,0.000000e+00,0.000000e+00,0.000000e+00,0.000000e+00,0.000000e+00,0.000000e+00,0.000000e+00,0.000000e+00,0.000000e+00,0.000000e+00,0.000000e+00,0.000000e+00,0.000000e+00
1.000000e+00,0.000000e+00,0.000000e+00,0.000000e+00,0.000000e+00,0.000000e+00,0.000000e+00,0.000000e+00,0.000000e+00,0.000000e+00,0.000000e+00,0.000000e+00,0.000000e+00,0.000000e+00,0.000000e+00
1.000000e+00,0.000000e+00,0.000000e+00,0.000000e+00,0.000000e+00,0.000000e+00,0.000000e+00,0.000000e+00,0.000000e+00,0.000000e+00,0.000000e+00,0.000000e+00,0.000000e+00,0.000000e+00,0.000000e+00
1.000000e+00,0.000000e+00,0.000000e+00,0.000000e+00,0.000000e+00,0.000000e+00,0.000000e+00,0.000000e+00,0.000000e+00,0.000000e+00,0.000000e+00,0.000000e+00,0.000000e+00,0.000000e+00,0.000000e+00
1.000000e+00,0.000000e+00,0.000000e+00,0.000000e+00,0.000000e+00,0.000000e+00,0.000000e+00,0.000000e+00,0.000000e+00,0.000000e+00,0.000000e+00,0.000000e+00,0.000000e+00,0.000000e+00,0.000000e+00
1.000000e+00,0.000000e+00,0.000000e+00,0.000000e+00,0.000000e+00,0.000000e+00,0.000000e+00,0.000000e+00,0.000000e+00,0.000000e+00,0.000000e+00,0.000000e+00,0.000000e+00,0.000000e+00,0.000000e+00
1.000000e+00,0.000000e+00,0.000000e+00,0.000000e+00,0.000000e+00,0.000000e+00,0.000000e+00,0.000000e+00,0.000000e+00,0.000000e+00,0.000000e+00,0.000000e+00,0.000000e+00,0.000000e+00,0.000000e+00
1.000000e+00,0.000000e+00,0.000000e+00,0.000000e+00,0.000000e+00,0.000000e+00,0.000000e+00,0.000000e+00,0.000000e+00,0.000000e+00,0.000000e+00,0.000000e+00,0.000000e+00,0.000000e+00,0.000000e+00
4.687707e-01,3.608765e-02,2.750883e-02,8.304814e-02,4.904887e-03,2.503023e-02,2.864651e-03,9.356526e-03,4.518864e-02,3.654136e-03,1.504377e-01,1.724606e-02,6.600080e-03,3.330430e-02,8.599748e-02
3.610932e-01,4.938896e-02,3.909635e-02,1.248687e-01,4.943942e-03,2.316127e-02,2.669598e-03,1.183826e-02,6.741937e-02,3.342433e-03,1.564570e-01,1.726205e-02,7.072009e-03,3.609164e-02,9.529519e-02
3.205293e-01,5.932583e-02,3.243368e-02,1.299907e-01,6.670166e-03,2.216169e-02,2.940985e-03,1.083715e-02,7.669005e-02,4.305808e-03,1.482453e-01,2.124081e-02,1.016936e-02,4.258774e-02,1.118715e-01
3.054083e-01,6.303474e-02,2.775625e-02,1.249389e-01,9.477249e-03,2.288611e-02,3.717991e-03,1.140731e-02,7.861651e-02,5.728641e-03,1.315244e-01,2.378587e-02,1.233930e-02,4.868568e-02,1.306927e-01
2.574843e-01,6.787995e-02,2.848558e-02,1.304015e-01,1.369727e-02,2.723844e-02,5.251470e-03,1.187141e-02,8.526903e-02,6.177191e-03,1.261482e-01,2.760966e-02,1.385651e-02,5.507242e-02,1.435572e-01
2.381240e-01,7.160517e-02,2.718690e-02,1.252044e-01,1.427949e-02,2.749519e-02,5.816791e-03,1.236201e-02,8.403544e-02,7.516186e-03,1.127335e-01,2.700650e-02,1.418686e-02,6.057507e-02,1.718726e-01
2.671369e-01,6.999019e-02,2.433843e-02,1.139712e-01,1.434430e-02,3.114450e-02,5.965970e-03,1.219814e-02,7.535680e-02,8.108063e-03,9.948730e-02,2.744547e-02,1.565248e-02,6.049076e-02,1.743695e-01
2.469608e-01,7.715370e-02,4.164896e-02,1.592543e-01,1.296497e-02,2.789481e-02,5.404940e-03,1.561789e-02,7.681455e-02,6.834298e-03,8.529940e-02,2.528850e-02,1.447275e-02,4.955680e-02,1.548334e-01
3.127084e-01,7.053158e-02,3.541708e-02,1.473297e-01,1.241820e-02,2.592073e-02,5.398712e-03,1.496654e-02,6.918937e-02,5.928028e-03,7.848161e-02,2.522277e-02,1.658212e-02,4.604446e-02,1.338607e-01
2.989661e-01,7.418635e-02,5.337128e-02,1.743595e-01,1.265968e-02,2.530354e-02,6.091754e-03,1.872906e-02,6.633399e-02,4.947688e-03,7.162026e-02,2.491128e-02,1.532660e-02,3.857872e-02,1.146142e-01
3.401924e-01,6.540801e-02,4.339497e-02,1.565752e-01,1.226847e-02,2.401650e-02,5.544684e-03,1.694958e-02,6.672769e-02,4.655332e-03,7.478197e-02,2.719510e-02,1.785275e-02,4.007994e-02,1.043574e-01
3.738638e-01,5.794997e-02,4.323395e-02,1.421810e-01,1.544025e-02,2.972171e-02,7.815413e-03,2.122731e-02,5.639031e-02,4.154093e-03,7.148365e-02,3.543667e-02,2.000743e-02,3.399911e-02,8.709540e-02
3.250448e-01,5.038136e-02,3.806342e-02,1.321650e-01,1.321738e-02,2.491924e-02,6.307687e-03,2.148586e-02,9.450887e-02,7.465962e-03,5.636412e-02,3.279293e-02,2.537168e-02,3.030238e-02,1.416094e-01
2.422196e-01,4.557356e-02,8.007558e-02,2.652431e-01,1.100392e-02,1.830426e-02,4.680282e-03,2.186658e-02,8.609773e-02,5.776447e-03,4.144929e-02,2.455128e-02,1.942356e-02,2.182180e-02,1.119130e-01
1.746174e-01,3.513253e-02,1.306682e-01,3.963141e-01,8.111119e-03,1.308632e-02,3.312124e-03,1.569828e-02,6.149377e-02,4.241794e-03,3.015992e-02,1.757252e-02,1.387556e-02,1.539961e-02,8.031688e-02
1.226546e-01,2.625400e-02,9.547717e-02,5.470698e-01,5.781571e-03,9.194561e-03,2.328998e-03,1.103958e-02,4.592096e-02,4.114517e-03,3.332857e-02,1.247013e-02,9.965917e-03,1.092483e-02,6.347487e-02
8.620468e-02,2.253893e-02,7.686165e-02,3.867032e-01,4.144171e-03,6.618661e-03,1.656744e-03,7.736525e-03,4.349419e-02,8.537292e-03,2.750575e-02,8.950244e-03,7.561663e-03,2.687152e-02,2.846148e-01
6.137491e-02,1.741664e-02,5.701289e-02,2.714523e-01,3.049190e-03,5.140858e-03,1.194751e-03,5.431179e-03,9.041701e-02,1.335022e-02,3.059816e-02,8.099378e-03,6.634131e-03,6.388102e-02,3.649474e-01
4.713586e-02,1.435959e-02,4.680727e-02,1.911368e-01,2.529536e-03,4.653563e-03,9.162502e-04,3.846348e-03,1.397467e-01,1.775665e-02,3.714462e-02,8.862247e-03,6.908374e-03,9.017429e-02,3.880219e-01
3.481771e-02,1.130413e-02,3.377976e-02,1.340502e-01,2.004601e-03,3.713641e-03,6.571502e-04,2.755714e-03,1.138000e-01,2.119954e-02,8.327717e-02,1.359105e-02,5.863744e-03,1.150654e-01,4.241203e-01
2.741340e-02,9.222537e-03,2.420911e-02,9.448260e-02,2.462470e-03,3.122672e-03,4.867392e-04,2.004792e-03,9.220663e-02,2.396441e-02,1.366484e-01,2.421110e-02,5.977551e-03,1.049718e-01,4.486159e-01
2.205187e-02,6.674136e-03,1.797855e-02,6.671659e-02,1.297680e-02,2.836686e-03,4.559154e-04,1.711981e-03,7.064078e-02,6.846388e-02,2.338611e-01,4.499587e-02,7.599433e-03,1.093587e-01,3.336777e-01
2.053943e-02,4.799947e-03,1.264561e-02,4.685648e-02,3.085675e-02,2.295923e-03,3.900088e-04,1.434094e-03,5.200712e-02,6.558330e-02,3.324131e-01,8.332291e-02,9.376224e-03,8.713336e-02,2.503458e-01
1.886778e-02,3.523757e-03,9.016659e-03,3.317070e-02,6.457782e-02,1.903221e-03,4.809755e-04,1.745809e-03,4.036432e-02,6.557705e-02,3.659443e-01,1.303763e-01,1.132982e-02,6.932566e-02,1.837959e-01
1.854779e-02,2.663341e-03,7.345424e-03,2.521486e-02,6.897828e-02,2.123177e-03,5.870223e-04,4.147776e-03,3.302999e-02,6.926757e-02,4.209235e-01,1.350774e-01,1.305873e-02,5.953578e-02,1.394994e-01
1.485676e-02,2.011711e-03,8.025007e-03,1.927416e-02,5.661315e-02,2.689053e-03,6.381809e-04,1.269309e-02,2.669198e-02,5.555713e-02,5.419512e-01,1.026412e-01,1.001338e-02,4.471718e-02,1.016268e-01
1.584971e-02,4.185598e-03,1.444592e-02,1.633974e-02,5.693615e-02,5.995694e-03,2.950657e-03,2.977997e-02,5.142087e-02,4.528524e-02,5.448281e-01,7.463516e-02,8.300351e-03,5.056461e-02,7.848231e-02
3.588492e-02,5.254607e-03,1.757886e-02,1.420116e-02,7.246510e-02,1.467694e-02,2.940035e-03,3.653653e-02,1.554781e-01,3.999430e-02,4.159712e-01,5.247862e-02,6.606677e-03,4.345156e-02,8.648149e-02
5.628067e-02,9.614793e-03,1.680382e-02,1.985585e-02,6.919224e-02,1.992348e-02,2.323723e-03,3.253560e-02,2.292730e-01,3.691379e-02,3.119389e-01,3.750804e-02,7.319066e-03,3.324804e-02,1.172691e-01
4.768087e-02,8.197424e-03,3.982863e-02,9.365310e-02,6.284591e-02,2.367758e-02,2.214885e-03,9.840842e-02,2.237783e-01,2.910735e-02,2.271686e-01,2.668604e-02,6.549141e-03,2.377282e-02,8.643099e-02
4.767572e-02,1.461695e-02,4.771571e-02,1.396588e-01,7.165956e-02,4.735110e-02,2.949007e-03,7.479049e-02,2.263604e-01,2.841829e-02,1.662935e-01,1.997765e-02,1.127578e-02,1.807811e-02,8.317895e-02
4.502869e-02,3.883816e-02,5.893640e-02,1.069315e-01,9.037994e-02,4.539621e-02,3.332128e-03,6.061650e-02,3.077092e-01,2.451957e-02,1.177626e-01,1.435798e-02,8.923068e-03,1.354813e-02,6.372005e-02
4.740255e-02,1.369826e-01,4.453455e-02,9.743821e-02,6.994809e-02,3.447227e-02,2.606660e-03,4.429820e-02,3.363172e-01,2.244282e-02,8.569238e-02,1.074851e-02,7.399014e-03,9.679854e-03,5.003711e-02
4.471128e-02,1.134386e-01,3.734143e-02,9.899496e-02,8.102317e-02,2.826569e-02,3.492367e-03,8.124680e-02,3.743849e-01,1.751585e-02,6.225298e-02,7.936490e-03,6.376553e-03,7.125698e-03,3.589327e-02
3.825410e-02,9.289435e-02,4.565196e-02,2.287736e-01,6.082721e-02,2.083538e-02,2.552246e-03,6.997941e-02,3.302463e-01,1.790204e-02,4.582037e-02,5.723175e-03,4.988224e-03,5.228851e-03,3.032286e-02
3.339650e-02,8.071100e-02,3.923698e-02,2.064331e-01,5.123100e-02,1.647881e-02,1.956128e-03,5.448307e-02,3.934585e-01,4.216052e-02,3.475682e-02,4.202108e-03,5.432825e-03,3.922623e-03,3.213998e-02
2.988588e-02,8.257659e-02,5.147361e-02,1.982354e-01,4.333644e-02,1.331860e-02,1.593156e-03,4.470510e-02,4.076609e-01,5.378756e-02,2.654623e-02,3.578750e-03,5.296501e-03,3.003209e-03,3.500205e-02
2.573333e-02,1.269159e-01,6.239208e-02,1.841355e-01,3.452031e-02,1.021599e-02,1.357297e-03,3.400895e-02,3.665222e-01,7.430216e-02,2.006921e-02,3.472597e-03,4.883670e-03,2.300180e-03,4.917058e-02
2.071497e-02,1.296824e-01,7.470200e-02,2.217588e-01,2.537795e-02,8.670891e-03,1.081882e-03,2.528688e-02,3.155579e-01,8.252987e-02,2.111602e-02,5.254218e-03,5.905397e-03,1.839840e-03,6.052109e-02
2.178644e-02,1.320645e-01,7.251896e-02,2.266650e-01,1.843703e-02,1.139786e-02,9.919871e-04,1.851213e-02,2.637254e-01,6.516377e-02,4.279066e-02,4.740359e-02,1.799291e-02,2.485442e-03,5.806435e-02
4.517122e-02,1.117536e-01,5.723679e-02,1.903374e-01,1.468677e-02,9.995160e-03,9.325364e-04,1.553779e-02,2.835062e-01,5.016873e-02,7.493518e-02,6.158714e-02,3.063953e-02,2.942661e-03,5.056939e-02
7.042339e-02,9.312007e-02,4.136344e-02,1.445108e-01,1.213165e-02,9.888781e-03,9.648406e-04,1.226139e-02,2.574254e-01,3.840638e-02,1.107001e-01,9.449841e-02,6.956169e-02,3.910723e-03,4.083306e-02
5.699946e-02,8.111826e-02,4.387174e-02,1.115708e-01,1.221179e-02,9.088835e-03,9.569096e-04,1.032465e-02,2.841840e-01,1.050719e-01,1.044331e-01,7.334258e-02,6.221735e-02,4.738153e-03,3.987048e-02
5.498595e-02,8.432616e-02,3.389809e-02,9.099513e-02,1.518174e-02,1.096427e-02,1.062280e-03,9.163690e-03,3.499654e-01,9.985647e-02,9.657464e-02,6.140802e-02,5.456495e-02,4.059979e-03,3.299326e-02
1.105936e-01,8.493902e-02,2.974185e-02,1.084187e-01,1.669027e-02,1.709915e-02,1.062372e-03,8.370925e-03,3.200583e-01,8.542397e-02,7.731199e-02,5.652820e-02,4.497354e-02,5.240397e-03,3.354768e-02
1.552413e-01,1.061322e-01,2.392952e-02,1.060776e-01,1.739351e-02,1.839674e-02,1.608645e-03,8.408906e-03,2.936848e-01,8.091564e-02,6.559596e-02,4.388544e-02,3.573074e-02,8.124772e-03,3.487420e-02
1.565234e-01,9.884588e-02,3.168985e-02,8.151233e-02,1.715620e-02,3.079093e-02,2.236386e-03,6.998560e-03,2.195221e-01,6.451804e-02,1.704751e-01,3.629561e-02,2.889452e-02,2.565344e-02,2.888768e-02
1.117652e-01,7.127653e-02,2.390254e-02,5.810663e-02,1.227676e-02,2.425887e-02,1.693120e-03,5.081810e-03,1.544467e-01,4.688405e-02,3.883270e-01,3.893439e-02,2.090899e-02,2.126313e-02,2.087438e-02
7.907428e-02,5.116258e-02,1.816463e-02,4.163607e-02,8.800788e-03,1.880197e-02,1.262093e-03,3.703861e-03,1.095988e-01,3.386340e-02,5.300038e-01,4.759297e-02,1.537924e-02,2.596509e-02,1.499037e-02
5.635516e-02,3.599859e-02,1.277863e-02,2.948879e-02,6.421441e-03,1.398952e-02,9.289103e-04,2.641395e-03,7.697838e-02,2.392321e-02,6.502045e-01,3.974685e-02,1.111876e-02,2.860505e-02,1.082073e-02
4.184107e-02,2.698059e-02,9.519531e-03,2.207221e-02,9.385011e-03,1.145282e-02,8.184289e-04,2.009783e-03,5.629792e-02,1.888455e-02,6.585993e-01,7.054070e-02,8.338223e-03,5.281352e-02,1.044635e-02
3.261789e-02,2.082797e-02,7.890900e-03,1.635019e-02,9.835938e-03,1.009220e-02,7.219284e-04,1.849910e-03,4.406983e-02,1.467136e-02,6.753361e-01,7.911276e-02,6.138709e-03,7.136280e-02,9.121447e-03
2.381212e-02,1.550295e-02,6.150786e-03,1.250894e-02,9.425506e-03,8.163678e-03,6.850153e-04,1.720425e-03,3.378091e-02,1.340198e-02,7.012621e-01,6.914387e-02,4.744550e-03,9.290916e-02,6.787926e-03
1.890898e-02,1.163364e-02,4.722669e-03,9.634952e-03,7.934961e-03,7.022635e-03,6.224999e-04,1.474426e-03,2.519382e-02,1.202962e-02,7.444706e-01,5.654022e-02,3.774150e-03,9.079202e-02,5.244736e-03
1.403104e-02,8.409609e-03,3.463323e-03,6.912535e-03,6.215177e-03,5.246777e-03,4.937999e-04,1.169280e-03,1.874072e-02,9.396928e-03,7.873945e-01,4.647517e-02,3.275065e-03,8.501250e-02,3.763548e-03
1.207929e-02,6.587594e-03,2.837857e-03,5.090502e-03,5.301703e-03,4.221756e-03,5.208891e-04,1.643836e-03,1.590710e-02,9.510364e-03,7.994524e-01,4.385030e-02,3.145970e-03,8.710524e-02,2.745220e-03
9.701143e-03,6.140310e-03,2.333999e-03,4.659776e-03,1.298161e-02,3.838161e-03,9.315066e-04,3.032041e-03,1.300705e-02,8.449655e-03,8.063343e-01,3.795771e-02,3.631074e-03,8.465032e-02,2.351245e-03
7.182845e-03,4.566413e-03,1.734526e-03,4.232650e-03,3.198263e-02,3.435120e-03,1.477329e-03,6.555778e-03,1.032356e-02,6.547927e-03,7.981988e-01,3.167069e-02,3.518471e-03,8.680345e-02,1.769772e-03
5.589341e-03,4.065038e-03,1.411649e-03,5.615960e-03,1.257171e-01,5.342396e-03,2.296861e-03,9.030753e-03,1.749806e-02,5.898613e-03,6.809768e-01,2.897753e-02,3.504653e-03,1.023884e-01,1.686833e-03
4.444840e-03,4.161830e-03,2.091367e-03,1.035876e-02,1.607365e-01,6.789164e-03,2.557427e-03,2.342086e-02,2.435830e-02,5.479327e-03,5.755562e-01,3.425858e-02,7.960252e-03,1.321376e-01,5.689012e-03
4.771521e-03,7.916049e-03,1.349334e-02,4.654390e-02,1.736515e-01,6.998613e-03,2.021915e-03,4.696143e-02,6.554829e-02,7.180598e-03,4.418143e-01,3.074561e-02,8.928309e-03,1.227166e-01,2.070807e-02
8.656451e-03,6.520380e-03,1.808696e-02,3.968313e-02,1.564573e-01,6.006485e-03,1.470465e-03,2.535014e-01,5.078422e-02,5.460906e-03,3.165999e-01,2.431071e-02,8.010576e-03,8.778910e-02,1.666203e-02
9.138622e-03,6.322885e-03,5.921345e-02,9.084753e-02,1.765718e-01,6.011487e-03,1.408924e-03,2.802783e-01,4.014970e-02,4.342016e-03,2.268776e-01,1.798947e-02,6.210896e-03,6.168624e-02,1.295105e-02
1.301927e-02,1.379740e-02,1.231496e-01,1.083689e-01,2.053568e-01,9.503115e-03,1.818947e-03,2.435351e-01,3.619137e-02,3.977872e-03,1.641023e-01,1.304099e-02,4.771411e-03,4.344958e-02,1.591743e-02
2.195732e-02,2.597900e-02,1.694966e-01,1.009594e-01,2.143342e-01,1.275038e-02,2.182378e-03,2.282006e-01,3.421535e-02,3.933587e-03,1.173362e-01,9.512556e-03,3.669596e-03,3.097205e-02,2.450086e-02
3.269385e-02,3.927606e-02,2.013549e-01,1.110769e-01,2.210817e-01,1.534698e-02,3.182189e-03,1.913540e-01,3.479152e-02,3.967150e-03,8.534751e-02,7.474120e-03,3.175165e-03,2.251681e-02,2.736118e-02
4.713802e-02,6.499655e-02,2.728252e-01,9.470163e-02,2.031415e-01,1.293379e-02,3.323894e-03,1.510249e-01,2.766718e-02,3.592006e-03,6.383087e-02,7.370338e-03,2.883265e-03,1.775212e-02,2.681874e-02
7.448989e-02,5.527674e-02,3.413041e-01,8.477044e-02,1.734865e-01,1.112314e-02,3.061920e-03,1.322863e-01,2.315417e-02,3.281306e-03,5.196279e-02,8.678806e-03,3.183400e-03,1.390553e-02,2.003496e-02
1.077019e-01,5.415952e-02,2.576354e-01,1.097143e-01,1.668885e-01,1.080020e-02,2.860217e-03,1.530949e-01,2.228685e-02,3.244364e-03,5.362348e-02,2.323492e-02,4.948683e-03,1.418777e-02,1.561914e-02
1.280350e-01,5.455937e-02,2.068988e-01,1.320902e-01,1.707200e-01,1.384077e-02,2.996668e-03,1.494241e-01,2.699763e-02,5.693924e-03,5.106568e-02,2.508209e-02,5.456861e-03,1.386594e-02,1.327289e-02
9.052011e-02,4.839182e-02,1.494294e-01,2.852334e-01,1.271117e-01,1.388629e-02,2.230143e-03,1.047895e-01,2.060385e-02,4.581261e-03,4.604000e-02,2.347387e-02,6.384210e-02,9.793401e-03,1.007306e-02
6.349935e-02,3.724899e-02,1.059783e-01,2.449358e-01,9.380142e-02,1.618033e-02,1.725064e-03,7.343859e-02,1.496016e-02,3.343929e-03,3.511928e-02,5.123015e-02,2.438329e-01,6.957679e-03,7.747993e-03
4.470158e-02,2.737679e-02,7.445271e-02,1.773038e-01,6.954081e-02,1.843047e-02,1.551475e-03,5.153484e-02,1.162363e-02,2.495145e-03,3.038539e-02,1.350933e-01,3.442965e-01,5.122487e-03,6.091042e-03
3.135599e-02,1.952510e-02,5.225157e-02,1.248977e-01,5.049690e-02,1.371467e-02,1.207289e-03,3.618929e-02,8.537113e-03,1.864985e-03,2.889219e-02,2.233202e-01,3.996878e-01,3.689595e-03,4.369574e-03
2.199212e-02,1.371488e-02,3.660163e-02,8.748999e-02,3.743431e-02,1.004502e-02,9.605591e-04,2.545111e-02,6.373907e-03,1.402578e-03,2.298794e-02,2.106014e-01,5.192040e-01,2.644768e-03,3.095818e-03
1.543029e-02,9.622176e-03,2.563986e-02,6.127326e-02,3.115615e-02,7.178991e-03,7.112165e-04,1.786832e-02,4.951303e-03,1.011849e-03,1.718980e-02,1.733594e-01,6.305392e-01,1.881677e-03,2.186493e-03
1.090032e-02,6.774337e-03,1.799761e-02,4.293519e-02,2.506833e-02,5.578711e-03,6.195340e-04,1.278972e-02,3.932043e-03,8.142572e-04,1.392982e-02,1.734302e-01,6.822438e-01,1.379339e-03,1.606780e-03
7.773931e-03,4.814929e-03,1.265218e-02,3.013029e-02,3.514920e-02,4.138235e-03,5.586405e-04,9.304046e-03,5.101492e-03,7.568453e-04,1.164732e-02,1.832422e-01,6.925715e-01,1.006050e-03,1.153074e-03
5.585214e-03,3.472470e-03,9.013142e-03,2.115337e-02,4.560389e-02,3.163941e-03,5.655538e-04,9.290040e-03,7.299095e-03,1.277711e-03,1.010579e-02,1.702730e-01,7.116313e-01,7.292982e-04,8.361906e-04
4.022358e-03,2.453698e-03,6.377789e-03,1.485128e-02,3.558322e-02,2.440501e-03,4.502772e-04,1.127215e-02,1.358516e-02,1.445731e-03,1.034603e-02,1.759297e-01,7.201139e-01,5.284875e-04,5.997586e-04
2.894015e-03,1.802620e-03,4.533302e-03,1.042494e-02,2.670239e-02,2.240204e-03,3.327954e-04,9.351449e-03,2.156441e-02,1.480439e-03,9.600725e-03,2.152512e-01,6.930004e-01,3.895128e-04,4.316302e-04
2.058399e-03,1.367939e-03,3.180695e-03,7.300721e-03,2.162421e-02,1.601686e-03,2.792882e-04,6.607438e-03,1.949462e-01,1.484537e-03,8.241984e-03,1.875475e-01,5.631565e-01,2.766426e-04,3.262984e-04
1.509717e-03,1.314639e-03,2.300034e-03,5.287508e-03,1.731453e-02,1.304529e-03,6.339394e-04,1.872806e-02,2.679413e-01,2.348029e-03,7.453788e-03,1.690537e-01,5.042990e-01,2.020220e-04,3.092103e-04
1.197020e-03,1.144039e-03,1.680790e-03,3.807099e-03,1.539827e-02,3.747836e-03,6.675158e-04,1.572090e-02,3.487315e-01,5.336713e-03,7.774321e-03,1.654464e-01,4.288394e-01,1.572207e-04,3.509458e-04
1.373069e-03,1.042170e-03,1.806984e-03,3.340635e-03,1.608905e-02,4.519279e-03,5.992273e-04,2.773885e-02,3.311484e-01,7.200197e-03,1.265085e-02,1.448164e-01,4.470682e-01,1.663310e-04,4.404370e-04
1.829029e-03,8.118683e-04,1.336889e-03,2.532844e-03,3.609494e-02,3.276553e-03,6.808405e-04,2.060406e-02,4.447235e-01,5.760517e-03,1.243596e-02,1.086012e-01,3.608150e-01,1.366973e-04,3.600071e-04
2.872517e-03,6.515720e-04,1.194354e-03,2.235626e-03,7.275986e-02,2.616653e-03,9.808850e-04,2.256109e-02,4.798347e-01,5.029382e-03,1.573940e-02,8.364863e-02,3.093514e-01,1.246902e-04,3.992761e-04
3.902267e-03,5.475712e-04,2.996359e-03,3.066477e-03,7.188193e-02,1.949026e-03,1.038356e-03,2.031322e-01,3.741468e-01,4.018499e-03,1.722564e-02,6.627724e-02,2.492875e-01,1.276903e-04,4.024153e-04
5.437037e-03,4.736009e-04,5.041474e-03,4.034608e-03,8.835694e-02,1.554729e-03,1.288995e-03,3.428840e-01,2.840137e-01,3.261161e-03,1.818311e-02,5.184624e-02,1.931470e-01,1.151648e-04,3.622737e-04
1.064185e-02,7.385561e-04,2.143863e-02,1.073970e-02,1.355173e-01,2.842657e-03,1.736964e-03,3.590897e-01,2.212484e-01,3.308475e-03,1.775132e-02,5.216670e-02,1.622392e-01,1.684973e-04,3.719679e-04
1.405271e-02,9.197555e-04,1.965696e-02,1.139432e-02,1.284876e-01,2.485120e-03,1.535061e-03,4.585078e-01,1.634312e-01,3.105856e-03,1.702383e-02,4.844612e-02,1.302971e-01,2.184132e-04,4.381999e-04
1.487752e-02,1.035873e-03,2.419392e-02,1.154020e-02,1.102693e-01,1.929222e-03,2.001759e-03,5.633204e-01,1.208513e-01,2.386343e-03,1.496841e-02,3.543581e-02,9.656426e-02,2.704638e-04,3.551789e-04
1.931913e-02,1.599234e-03,2.653343e-02,1.038561e-02,9.101429e-02,8.776298e-03,2.918453e-03,6.361189e-01,9.104300e-02,2.072054e-03,1.171355e-02,2.752801e-02,7.016336e-02,3.949635e-04,4.197601e-04
2.725097e-02,2.759648e-03,3.487949e-02,1.426771e-02,9.150339e-02,2.028355e-02,1.771959e-02,6.240382e-01,7.643048e-02,2.117711e-03,1.028328e-02,2.411409e-02,5.315393e-02,3.967759e-04,8.011779e-04
4.305808e-02,3.789783e-03,3.100449e-02,2.287530e-02,1.347541e-01,2.965019e-02,1.553825e-02,5.852726e-01,6.492904e-02,2.358501e-03,8.078463e-03,1.850202e-02,3.875126e-02,5.044329e-04,9.334743e-04
6.093094e-02,5.000576e-03,2.455081e-02,2.365917e-02,1.979616e-01,3.459817e-02,1.327798e-02,5.151508e-01,6.881142e-02,1.962326e-03,6.979117e-03,1.618951e-02,2.925197e-02,5.675942e-04,1.107917e-03
7.949133e-02,1.131818e-02,2.212885e-02,2.430615e-02,2.073422e-01,4.136126e-02,2.153494e-02,4.666759e-01,6.069811e-02,2.563497e-03,6.035127e-03,2.304186e-02,2.941043e-02,9.046131e-04,3.187503e-03
9.764477e-02,2.320706e-02,2.245899e-02,3.076503e-02,1.618933e-01,5.492516e-02,2.143977e-02,3.576924e-01,6.401704e-02,4.601187e-02,1.405128e-02,2.428824e-02,4.838729e-02,3.066611e-03,3.015122e-02
7.786829e-02,2.436604e-02,2.109790e-02,6.585035e-02,1.167805e-01,7.583571e-02,1.604362e-02,2.515045e-01,6.058203e-02,1.044168e-01,2.673016e-02,3.101221e-02,6.362633e-02,2.877290e-03,6.140827e-02
6.111572e-02,3.132600e-02,1.952726e-02,7.578053e-02,8.468379e-02,7.533383e-02,1.159906e-02,1.768524e-01,1.147157e-01,8.520395e-02,5.389993e-02,6.928266e-02,5.553965e-02,6.467596e-03,7.867192e-02
5.424061e-02,3.099953e-02,1.647592e-02,6.670062e-02,5.993967e-02,9.692878e-02,8.531148e-03,1.245332e-01,1.025842e-01,9.022906e-02,7.619002e-02,1.027238e-01,4.867467e-02,2.327244e-02,9.797637e-02
4.610085e-02,2.475185e-02,1.695569e-02,5.172637e-02,4.307964e-02,9.397657e-02,6.946622e-03,8.796865e-02,7.761353e-02,1.033567e-01,1.877598e-01,1.041175e-01,3.532878e-02,4.270630e-02,7.761112e-02
3.323784e-02,2.509725e-02,1.385401e-02,3.724324e-02,3.200954e-02,6.748760e-02,5.090063e-03,6.220407e-02,7.058020e-02,7.432453e-02,2.809196e-01,1.502277e-01,3.029474e-02,6.187108e-02,5.555848e-02
2.356096e-02,1.918242e-02,1.111086e-02,2.623500e-02,2.710622e-02,4.799776e-02,3.717926e-03,4.380864e-02,7.312112e-02,5.267859e-02,2.902926e-01,2.490882e-01,2.455712e-02,6.771566e-02,3.982697e-02
1.733353e-02,1.568514e-02,8.492224e-03,1.895965e-02,2.182944e-02,6.023773e-02,2.854754e-03,3.155559e-02,6.456083e-02,3.794518e-02,4.234913e-01,1.811530e-01,1.886741e-02,6.672122e-02,3.031300e-02
1.235665e-02,1.192023e-02,6.616489e-03,1.355445e-02,1.832876e-02,4.454255e-02,2.162954e-03,2.233431e-02,6.279870e-02,2.761858e-02,5.299733e-01,1.406287e-01,1.449270e-02,7.040654e-02,2.226507e-02
1.026682e-02,1.189333e-02,5.308670e-03,9.775145e-03,2.134898e-02,3.323513e-02,1.643812e-03,1.628584e-02,5.923507e-02,2.202290e-02,6.019539e-01,1.019448e-01,1.071129e-02,7.837790e-02,1.599639e-02
7.450044e-03,1.253315e-02,4.022136e-03,6.896256e-03,1.662298e-02,2.438840e-02,1.162621e-03,1.144478e-02,6.910349e-02,1.729255e-02,5.059232e-01,7.847369e-02,8.474150e-03,2.242564e-01,1.195611e-02
5.402347e-03,5.662787e-02,3.792958e-03,4.887089e-03,2.034946e-02,1.909638e-02,8.426772e-04,8.043155e-03,8.398487e-02,1.453238e-02,3.806292e-01,5.701519e-02,7.139839e-03,3.275641e-01,1.009247e-02
4.536300e-03,1.451435e-01,4.877269e-03,3.638496e-03,1.605461e-02,3.506414e-02,6.677124e-04,6.204982e-03,1.018100e-01,1.134646e-02,2.702989e-01,4.019808e-02,5.528559e-03,3.455800e-01,9.050955e-03
3.352388e-03,2.458695e-01,3.663321e-03,2.627072e-03,1.139590e-02,7.374378e-02,4.740677e-04,4.411999e-03,1.488214e-01,8.133522e-03,1.903993e-01,2.827277e-02,4.066105e-03,2.676719e-01,7.097032e-03
2.631113e-03,3.424352e-01,2.749094e-03,2.329377e-03,8.233336e-03,6.694123e-02,3.364505e-04,3.796443e-03,2.093555e-01,5.794922e-03,1.339581e-01,1.982882e-02,2.939292e-03,1.930185e-01,5.652659e-03
2.782897e-03,4.286803e-01,3.130470e-03,8.784859e-03,9.373144e-03,7.226268e-02,2.586659e-04,4.956443e-03,2.070327e-01,4.611005e-03,9.440988e-02,1.391056e-02,2.173502e-03,1.381920e-01,9.440844e-03
7.957891e-03,4.663785e-01,5.088313e-03,1.315603e-02,2.782192e-02,7.721506e-02,3.490423e-04,5.167762e-03,1.991722e-01,3.746308e-03,6.712524e-02,9.783009e-03,1.779163e-03,1.003407e-01,1.491884e-02
8.727068e-03,4.742339e-01,6.120132e-03,4.943877e-02,2.426227e-02,5.927452e-02,3.496165e-04,8.686910e-03,1.594333e-01,5.341144e-03,4.778291e-02,6.916780e-03,1.525703e-03,7.180860e-02,7.609832e-02
1.101412e-02,4.423950e-01,7.191543e-03,5.684901e-02,1.929011e-02,4.474975e-02,3.305119e-04,1.019234e-02,1.291668e-01,7.416633e-03,3.427605e-02,4.910627e-03,1.342304e-03,5.174368e-02,1.791314e-01
2.574482e-02,4.278980e-01,1.991917e-02,6.330097e-02,2.434463e-02,3.243724e-02,3.331060e-04,1.893833e-02,1.089761e-01,7.564523e-03,2.523738e-02,3.616351e-03,1.292477e-03,3.725857e-02,2.031384e-01
5.212509e-02,3.480142e-01,1.155329e-01,8.003724e-02,4.547669e-02,2.463348e-02,6.290185e-04,3.486206e-02,8.710458e-02,6.590775e-03,1.858624e-02,2.638383e-03,1.128389e-03,2.713902e-02,1.555019e-01
1.135749e-01,3.632983e-01,9.065746e-02,5.973365e-02,5.182567e-02,2.156360e-02,6.839904e-04,2.987497e-02,1.056509e-01,5.290984e-03,1.502477e-02,2.308149e-03,1.416096e-03,2.130535e-02,1.177912e-01
1.704438e-01,3.046890e-01,7.043428e-02,5.422856e-02,6.333462e-02,2.865366e-02,1.265339e-03,2.714558e-02,1.135245e-01,5.356494e-03,2.731973e-02,7.948769e-03,6.493211e-03,2.307070e-02,9.609178e-02
1.328577e-01,2.285123e-01,1.413706e-01,1.778270e-01,5.072534e-02,2.288698e-02,1.164917e-03,2.036015e-02,8.406403e-02,5.824116e-03,2.392290e-02,8.965696e-03,6.600265e-03,1.743525e-02,7.748277e-02
9.589308e-02,1.624489e-01,1.692393e-01,3.309178e-01,3.858107e-02,1.634721e-02,9.028786e-04,1.507348e-02,6.025452e-02,4.762890e-03,2.323312e-02,7.142672e-03,6.944608e-03,1.238637e-02,5.587199e-02
1.007468e-01,1.171339e-01,1.853213e-01,3.805521e-01,4.152755e-02,1.285749e-02,8.877221e-04,1.804003e-02,4.627507e-02,5.495082e-03,2.740655e-02,7.821452e-03,6.015636e-03,9.689049e-03,4.023022e-02
1.298400e-01,9.449304e-02,2.079123e-01,3.446152e-01,4.390953e-02,1.074087e-02,1.116701e-03,2.261057e-02,3.998974e-02,6.210773e-03,3.697723e-02,9.022994e-03,6.321030e-03,8.902060e-03,3.733781e-02
1.580332e-01,7.534548e-02,2.029440e-01,2.857838e-01,7.771886e-02,1.031721e-02,1.711090e-03,2.672301e-02,3.928680e-02,2.605855e-02,3.788350e-02,7.881936e-03,5.889320e-03,8.536693e-03,3.588647e-02
1.366172e-01,6.243286e-02,2.039512e-01,2.843817e-01,9.470287e-02,1.254485e-02,2.583502e-03,2.658188e-02,3.211344e-02,6.461340e-02,3.074667e-02,6.148040e-03,4.863169e-03,7.061603e-03,3.065752e-02
1.183709e-01,4.960710e-02,1.706599e-01,2.378292e-01,7.528889e-02,1.186433e-02,2.637141e-03,2.207282e-02,2.786398e-02,2.097272e-01,2.636592e-02,5.355217e-03,5.278215e-03,6.426433e-03,3.065262e-02
2.117625e-01,5.083583e-02,1.406298e-01,1.802060e-01,7.366262e-02,1.562372e-02,2.879806e-03,2.116257e-02,3.275739e-02,1.804945e-01,2.398792e-02,8.546840e-03,5.996155e-03,9.106904e-03,4.234754e-02
2.707001e-01,5.880631e-02,1.104623e-01,1.564699e-01,5.836781e-02,1.640783e-02,3.146653e-03,1.950235e-02,3.103838e-02,1.512351e-01,2.331306e-02,1.416393e-02,7.364862e-03,1.139394e-02,6.762739e-02
1.945338e-01,2.030508e-01,9.480891e-02,1.889514e-01,4.229319e-02,1.232017e-02,2.354342e-03,1.409191e-02,2.586664e-02,1.186349e-01,1.895882e-02,1.100110e-02,7.155989e-03,8.126030e-03,5.785192e-02
1.379022e-01,2.809166e-01,9.085326e-02,1.346462e-01,2.980332e-02,9.494969e-03,1.681204e-03,9.905560e-03,3.543071e-02,1.017761e-01,1.868236e-02,8.072524e-03,6.510876e-03,1.367456e-02,1.206495e-01
9.684789e-02,2.183951e-01,6.661396e-02,9.432302e-02,2.094225e-02,6.871931e-03,1.223163e-03,6.940084e-03,5.700009e-02,8.359874e-02,1.983960e-02,6.000385e-03,5.722377e-03,1.618321e-01,1.538493e-01
6.789182e-02,1.545790e-01,4.756057e-02,6.605706e-02,1.512813e-02,4.917465e-03,8.809750e-04,4.871021e-03,5.571539e-02,6.131044e-02,2.014605e-02,4.361002e-03,4.975341e-03,3.697105e-01,1.218953e-01
4.897309e-02,1.137416e-01,3.401159e-02,4.638525e-02,2.934619e-02,3.883204e-03,6.930314e-04,3.447661e-03,6.269542e-02,4.419117e-02,6.960103e-02,3.252962e-03,9.395812e-03,3.999190e-01,1.304630e-01
3.470096e-02,8.080228e-02,2.423626e-02,3.261190e-02,2.245878e-02,2.911832e-03,5.396929e-04,2.452310e-03,1.368850e-01,3.949150e-02,5.007519e-02,2.377964e-03,6.812490e-03,3.365663e-01,2.270777e-01
2.456701e-02,5.926178e-02,1.739867e-02,2.290465e-02,1.677738e-02,2.300392e-03,4.921713e-04,1.731566e-03,2.117331e-01,3.590180e-02,3.590026e-02,1.876152e-03,5.334516e-03,3.368769e-01,2.269437e-01
1.772491e-02,4.772995e-02,1.306786e-02,2.042269e-02,1.278561e-02,1.957513e-03,6.579560e-04,1.248234e-03,3.803295e-01,2.740406e-02,2.636222e-02,1.439116e-03,3.930659e-03,2.465342e-01,1.984056e-01
1.394922e-02,3.911795e-02,9.877823e-03,1.751750e-02,9.640574e-03,2.279469e-03,5.325536e-04,9.447872e-04,4.546009e-01,2.449824e-02,2.444304e-02,2.146324e-03,5.170571e-03,1.902068e-01,2.050744e-01
1.435390e-02,4.586893e-02,8.945923e-03,1.756356e-02,1.226651e-02,2.183895e-03,5.670754e-04,9.189069e-04,4.570126e-01,3.148016e-02,2.598431e-02,2.542999e-03,9.221997e-03,1.445979e-01,2.264914e-01
1.216817e-02,6.989302e-02,1.523242e-02,2.793292e-02,9.940249e-03,2.369002e-03,4.971729e-04,8.911185e-04,4.832698e-01,3.040957e-02,2.501026e-02,3.079499e-03,1.013661e-02,1.038920e-01,2.052783e-01
1.324645e-02,5.465656e-02,1.193101e-02,2.113155e-02,8.629415e-03,2.194694e-03,5.385382e-04,8.742973e-04,5.363402e-01,3.537175e-02,2.659486e-02,3.903128e-03,1.617301e-02,7.772401e-02,1.906905e-01
4.381589e-02,4.145121e-02,1.273287e-02,2.527967e-02,1.384464e-02,2.775245e-03,9.767255e-04,1.801403e-02,4.834607e-01,3.653285e-02,3.934374e-02,7.454887e-03,3.845133e-02,5.648834e-02,1.793779e-01
5.725721e-02,7.358682e-02,1.190856e-02,2.575330e-02,1.598489e-02,5.195116e-03,8.945053e-04,1.633137e-02,4.372205e-01,3.602588e-02,2.966299e-02,6.707872e-03,3.921905e-02,4.135706e-02,2.028949e-01
4.481281e-02,7.129101e-02,1.878783e-02,2.619676e-02,1.254795e-02,4.155686e-03,7.255226e-04,1.341540e-02,4.863460e-01,3.529045e-02,2.158730e-02,5.664970e-03,3.478252e-02,2.944030e-02,1.949555e-01
3.797609e-02,6.757970e-02,2.364274e-02,4.994868e-02,9.426475e-03,3.997465e-03,5.576622e-04,1.034793e-02,4.676958e-01,3.231997e-02,1.671161e-02,5.246189e-03,2.697799e-02,2.116727e-02,2.264044e-01
5.814398e-02,6.796946e-02,2.445705e-02,5.357262e-02,1.923000e-02,6.154184e-03,1.226304e-03,1.375275e-02,4.081718e-01,3.134257e-02,1.528332e-02,6.581163e-03,2.493180e-02,1.554360e-02,2.536394e-01
