1.000000e+00,0.000000e+00,0.000000e+00,0.000000e+00,0.000000e+00,0.000000e+00,0.000000e+00,0.000000e+00,0.000000e+00,0.000000e+00,0.000000e+00,0.000000e+00,0.000000e+00,0.000000e+00,0.000000e+00
1.000000e+00,0.000000e+00,0.000000e+00,0.000000e+00,0.000000e+00,0.000000e+00,0.000000e+00,0.000000e+00,0.000000e+00,0.000000e+00,0.000000e+00,0.000000e+00,0.000000e+00,0.000000e+00,0.000000e+00
1.000000e+00,0.000000e+00,0.000000e+00,0.000000e+00,0.000000e+00,0.000000e+00,0.000000e+00,0.000000e+00,0.000000e+00,0.000000e+00,0.000000e+00,0.000000e+00,0.000000e+00,0.000000e+00,0.000000e+00
1.000000e+00,0.000000e+00,0.000000e+00,0.000000e+00,0.000000e+00,0.000000e+00,0.000000e+00,0.000000e+00,0.000000e+00,0.000000e+00,0.000000e+00,0.000000e+00,0.000000e+00,0.000000e+00,0.000000e+00
1.000000e+00,0.000000e+00,0.000000e+00,0.000000e+00,0.000000e+00,0.000000e+00,0.000000e+00,0.000000e+00,0.000000e+00,0.000000e+00,0.000000e+00,0.000000e+00,0.000000e+00,0.000000e+00,0.000000e+00
1.000000e+00,0.000000e+00,0.000000e+00,0.000000e+00,0.000000e+00,0.000000e+00,0.000000e+00,0.000000e+00,0.000000e+00,0.000000e+00,0.000000e+00,0.000000e+00,0.000000e+00,0.000000e+00,0.000000e+00
1.000000e+00,0.000000e+00,0.000000e+00,0.000000e+00,0.000000e+00,0.000000e+00,0.000000e+00,0.000000e+00,0.000000e+00,0.000000e+00,0.000000e+00,0.000000e+00,0.000000e+00,0.000000e+00,0.000000e+00
1.000000e+00,0.000000e+00,0.000000e+00,0.000000e+00,0.000000e+00,0.000000e+00,0.000000e+00,0.000000e+00,0.000000e+00,0.000000e+00,0.000000e+00,0.000000e+00,0.000000e+00,0.000000e+00,0.000000e+00
1.000000e+00,0.000000e+00,0.000000e+00,0.000000e+00,0.000000e+00,0.000000e+00,0.000000e+00,0.000000e+00,0.000000e+00,0.000000e+00,0.000000e+00,0.000000e+00,0.000000e+00,0.000000e+00,0.000000e+00
1.000000e+00,0.000000e+00,0.000000e+00,0.000000e+00,0.000000e+00,0.000000e+00,0.000000e+00,0.000000e+00,0.000000e+00,0.000000e+00,0.000000e+00,0.000000e+00,0.000000e+00,0.000000e+00,0.000000e+00
1.000000e+00,0.000000e+00,0.000000e+00,0.000000e+00,0.000000e+00,0.000000e+00,0.000000e+00,0.000000e+00,0.000000e+00,0.000000e+00,0.000000e+00,0.000000e+00,0.000000e+00,0.000000e+00,0.000000e+00
1.000000e+00,0.000000e+00,0.000000e+00,0.000000e+00,0.000000e+00,0.000000e+00,0.000000e+00,0.000000e+00,0.000000e+00,0.000000e+00,0.000000e+00,0.000000e+00,0.000000e+00,0.000000e+00,0.000000e+00
1.000000e+00,0.000000e+00,0.000000e+00,0.000000e+00,0.000000e+00,0.000000e+00,0.000000e+00,0.000000e+00,0.000000e+00,0.000000e+00,0.000000e+00,0.000000e+00,0.000000e+00,0.000000e+00,0.000000e+00
1.000000e+00,0.000000e+00,0.000000e+00,0.000000e+00,0.000000e+00,0.000000e+00,0.000000e+00,0.000000e+00,0.000000e+00,0.000000e+00,0.000000e+00,0.000000e+00,0.000000e+00,0.000000e+00,0.000000e+00
1.000000e+00,0.000000e+00,0.000000e+00,0.000000e+00,0.000000e+00,0.000000e+00,0.000000e+00,0.000000e+00,0.000000e+00,0.000000e+00,0.000000e+00,0.000000e+00,0.000000e+00,0.000000e+00,0.000000e+00
1.000000e+00,0.000000e+00,0.000000e+00,0.000000e+00,0.000000e+00,0.000000e+00,0.000000e+00,0.000000e+00,0.000000e+00,0.000000e+00,0.000000e+00,0.000000e+00,0.000000e+00,0.000000e+00,0.000000e+00
1.000000e+00,0.000000e+00,0.000000e+00,0.000000e+00,0.000000e+00,0.000000e+00,0.000000e+00,0.000000e+00,0.000000e+00,0.000000e+00,0.000000e+00,0.000000e+00,0.000000e+00,0.000000e+00,0.000000e+00
1.000000e+00,0.000000e+00,0.000000e+00,0.000000e+00,0.000000e+00,0.000000e+00,0.000000e+00,0.000000e+00,0.000000e+00,0.000000e+00,0.000000e+00,0.000000e+00,0.000000e+00,0.000000e+00,0.000000e+00
1.000000e+00,0.000000e+00,0.000000e+00,0.000000e+00,0.000000e+00,0.000000e+00,0.000000e+00,0.000000e+00,0.000000e+00,0.000000e+00,0.000000e+00,0.000000e+00,0.000000e+00,0.000000e+00,0.000000e+00
1.000000e+00,0.000000e+00,0.000000e+00,0.000000e+00,0.000000e+00,0.000000e+00,0.000000e+00,0.000000e+00,0.000000e+00,0.000000e+00,0.000000e+00,0.000000e+00,0.000000e+00,0.000000e+00,0.000000e+00
1.000000e+00,0.000000e+00,0.000000e+00,0.000000e+00,0.000000e+00,0.000000e+00,0.000000e+00,0.000000e+00,0.000000e+00,0.000000e+00,0.000000e+00,0.000000e+00,0.000000e+00,0.000000e+00,0.000000e+00
1.000000e+00,0.000000e+00,0.000000e+00,0.000000e+00,0.000000e+00,0.000000e+00,0.000000e+00,0.000000e+00,0.000000e+00,0.000000e+00,0.000000e+00,0.000000e+00,0.000000e+00,0.000000e+00,0.000000e+00
1.000000e+00,0.000000e+00,0.000000e+00,0.000000e+00,0.000000e+00,0.000000e+00,0.000000e+00,0.000000e+00,0.000000e+00,0.000000e+00,0.000000e+00,0.000000e+00,0.000000e+00,0.000000e+00,0.000000e+00
1.000000e+00,0.000000e+00,0.000000e+00,0.000000e+00,0.000000e+00,0.000000e+00,0.000000e+00,0.000000e+00,0.000000e+00,0.000000e+00,0.000000e+00,0.000000e+00,0.000000e+00,0.000000e+00,0.000000e+00
1.000000e+00,0.000000e+00,0.000000e+00,0.000000e+00,0.000000e+00,0.000000e+00,0.000000e+00,0.000000e+00,0.000000e+00,0.000000e+00,0.000000e+00,0.000000e+00,0.000000e+00,0.000000e+00,0.000000e+00
1.000000e+00,0.000000e+00,0.000000e+00,0.000000e+00,0.000000e+00,0.000000e+00,0.000000e+00,0.000000e+00,0.000000e+00,0.000000e+00,0.000000e+00,0.000000e+00,0.000000e+00,0.000000e+00,0.000000e+00
1.000000e+00,0.000000e+00,0.000000e+00,0.000000e+00,0.000000e+00,0.000000e+00,0.000000e+00,0.000000e+00,0.000000e+00,0.000000e+00,0.000000e+00,0.000000e+00,0.000000e+00,0.000000e+00,0.000000e+00
1.000000e+00,0.000000e+00,0.000000e+00,0.000000e+00,0.000000e+00,0.000000e+00,0.000000e+00,0.000000e+00,0.000000e+00,0.000000e+00,0.000000e+00,0.000000e+00,0.000000e+00,0.000000e+00,0.000000e+00
4.717854e-01,6.319884e-02,2.564699e-02,1.720909e-01,1.738933e-02,2.562371e-02,8.138934e-03,2.804662e-02,3.188007e-02,3.579260e-03,4.170622e-02,4.027927e-02,1.766529e-02,9.291036e-03,4.367824e-02
3.680073e-01,6.584635e-02,4.238065e-02,2.380750e-01,2.364501e-02,2.675277e-02,8.908946e-03,4.011154e-02,3.644167e-02,3.127756e-03,4.025422e-02,3.863321e-02,1.631991e-02,9.459341e-03,4.203630e-02
3.038600e-01,6.286795e-02,5.301949e-02,2.818930e-01,2.855381e-02,2.616065e-02,9.341211e-03,4.135137e-02,3.698054e-02,2.782742e-03,4.806203e-02,4.096089e-02,1.566958e-02,1.053278e-02,3.796399e-02
3.309586e-01,6.556480e-02,4.490557e-02,2.584800e-01,3.151163e-02,2.492278e-02,9.822682e-03,3.392479e-02,3.968916e-02,2.881244e-03,5.014297e-02,3.926464e-02,1.706403e-02,1.227803e-02,3.858908e-02
3.175693e-01,6.302204e-02,4.775700e-02,2.465123e-01,3.613402e-02,2.756367e-02,1.004342e-02,3.296924e-02,3.701419e-02,2.813512e-03,4.666626e-02,5.726142e-02,2.435958e-02,1.152848e-02,3.878559e-02
3.658218e-01,6.207757e-02,4.074968e-02,2.189738e-01,3.547570e-02,2.747121e-02,9.605009e-03,2.893692e-02,3.332990e-02,2.839570e-03,4.119832e-02,5.638031e-02,2.619137e-02,1.104455e-02,3.990418e-02
2.951962e-01,6.502442e-02,6.235208e-02,3.098171e-01,2.985969e-02,2.257447e-02,8.128788e-03,2.911402e-02,2.868609e-02,2.310905e-03,3.477146e-02,4.651497e-02,2.171374e-02,8.897947e-03,3.503811e-02
3.058328e-01,5.712134e-02,6.861956e-02,2.996661e-01,2.700262e-02,2.140366e-02,7.458561e-03,2.970014e-02,2.893338e-02,2.378839e-03,3.735103e-02,4.667657e-02,2.455099e-02,9.034021e-03,3.427041e-02
4.169349e-01,4.872128e-02,5.076984e-02,2.336653e-01,2.322429e-02,2.142379e-02,7.026964e-03,2.416040e-02,2.571079e-02,2.196726e-03,3.079638e-02,4.424900e-02,3.085700e-02,8.039243e-03,3.222418e-02
4.175909e-01,4.867858e-02,5.356737e-02,2.255514e-01,2.285976e-02,2.556107e-02,8.240573e-03,2.507770e-02,2.358926e-02,2.290511e-03,2.909074e-02,4.642203e-02,3.073608e-02,6.849754e-03,3.389438e-02
4.238195e-01,5.007870e-02,5.457146e-02,2.056881e-01,2.084227e-02,2.841135e-02,8.786686e-03,2.416949e-02,2.140938e-02,2.654356e-03,2.904016e-02,5.227006e-02,3.239308e-02,6.460694e-03,3.940467e-02
1.000000e+00,0.000000e+00,0.000000e+00,0.000000e+00,0.000000e+00,0.000000e+00,0.000000e+00,0.000000e+00,0.000000e+00,0.000000e+00,0.000000e+00,0.000000e+00,0.000000e+00,0.000000e+00,0.000000e+00
1.000000e+00,0.000000e+00,0.000000e+00,0.000000e+00,0.000000e+00,0.000000e+00,0.000000e+00,0.000000e+00,0.000000e+00,0.000000e+00,0.000000e+00,0.000000e+00,0.000000e+00,0.000000e+00,0.000000e+00
1.000000e+00,0.000000e+00,0.000000e+00,0.000000e+00,0.000000e+00,0.000000e+00,0.000000e+00,0.000000e+00,0.000000e+00,0.000000e+00,0.000000e+00,0.000000e+00,0.000000e+00,0.000000e+00,0.000000e+00
1.000000e+00,0.000000e+00,0.000000e+00,0.000000e+00,0.000000e+00,0.000000e+00,0.000000e+00,0.000000e+00,0.000000e+00,0.000000e+00,0.000000e+00,0.000000e+00,0.000000e+00,0.000000e+00,0.000000e+00
1.000000e+00,0.000000e+00,0.000000e+00,0.000000e+00,0.000000e+00,0.000000e+00,0.000000e+00,0.000000e+00,0.000000e+00,0.000000e+00,0.000000e+00,0.000000e+00,0.000000e+00,0.000000e+00,0.000000e+00
1.000000e+00,0.000000e+00,0.000000e+00,0.000000e+00,0.000000e+00,0.000000e+00,0.000000e+00,0.000000e+00,0.000000e+00,0.000000e+00,0.000000e+00,0.000000e+00,0.000000e+00,0.000000e+00,0.000000e+00
1.000000e+00,0.000000e+00,0.000000e+00,0.000000e+00,0.000000e+00,0.000000e+00,0.000000e+00,0.000000e+00,0.000000e+00,0.000000e+00,0.000000e+00,0.000000e+00,0.000000e+00,0.000000e+00,0.000000e+00
1.000000e+00,0.000000e+00,0.000000e+00,0.000000e+00,0.000000e+00,0.000000e+00,0.000000e+00,0.000000e+00,0.000000e+00,0.000000e+00,0.000000e+00,0.000000e+00,0.000000e+00,0.000000e+00,0.000000e+00
1.000000e+00,0.000000e+00,0.000000e+00,0.000000e+00,0.000000e+00,0.000000e+00,0.000000e+00,0.000000e+00,0.000000e+00,0.000000e+00,0.000000e+00,0.000000e+00,0.000000e+00,0.000000e+00,0.000000e+00
1.000000e+00,0.000000e+00,0.000000e+00,0.000000e+00,0.000000e+00,0.000000e+00,0.000000e+00,0.000000e+00,0.000000e+00,0.000000e+00,0.000000e+00,0.000000e+00,0.000000e+00,0.000000e+00,0.000000e+00
1.000000e+00,0.000000e+00,0.000000e+00,0.000000e+00,0.000000e+00,0.000000e+00,0.000000e+00,0.000000e+00,0.000000e+00,0.000000e+00,0.000000e+00,0.000000e+00,0.000000e+00,0.000000e+00,0.000000e+00
1.000000e+00,0.000000e+00,0.000000e+00,0.000000e+00,0.000000e+00,0.000000e+00,0.000000e+00,0.000000e+00,0.000000e+00,0.000000e+00,0.000000e+00,0.000000e+00,0.000000e+00,0.000000e+00,0.000000e+00
1.000000e+00,0.000000e+00,0.000000e+00,0.000000e+00,0.000000e+00,0.000000e+00,0.000000e+00,0.000000e+00,0.000000e+00,0.000000e+00,0.000000e+00,0.000000e+00,0.000000e+00,0.000000e+00,0.000000e+00
1.000000e+00,0.000000e+00,0.000000e+00,0.000000e+00,0.000000e+00,0.000000e+00,0.000000e+00,0.000000e+00,0.000000e+00,0.000000e+00,0.000000e+00,0.000000e+00,0.000000e+00,0.000000e+00,0.000000e+00
1.000000e+00,0.000000e+00,0.000000e+00,0.000000e+00,0.000000e+00,0.000000e+00,0.000000e+00,0.000000e+00,0.000000e+00,0.000000e+00,0.000000e+00,0.000000e+00,0.000000e+00,0.000000e+00,0.000000e+00
1.000000e+00,0.000000e+00,0.000000e+00,0.000000e+00,0.000000e+00,0.000000e+00,0.000000e+00,0.000000e+00,0.000000e+00,0.000000e+00,0.000000e+00,0.000000e+00,0.000000e+00,0.000000e+00,0.000000e+00
1.000000e+00,0.000000e+00,0.000000e+00,0.000000e+00,0.000000e+00,0.000000e+00,0.000000e+00,0.000000e+00,0.000000e+00,0.000000e+00,0.000000e+00,0.000000e+00,0.000000e+00,0.000000e+00,0.000000e+00
1.000000e+00,0.000000e+00,0.000000e+00,0.000000e+00,0.000000e+00,0.000000e+00,0.000000e+00,0.000000e+00,0.000000e+00,0.000000e+00,0.000000e+00,0.000000e+00,0.000000e+00,0.000000e+00,0.000000e+00
1.000000e+00,0.000000e+00,0.000000e+00,0.000000e+00,0.000000e+00,0.000000e+00,0.000000e+00,0.000000e+00,0.000000e+00,0.000000e+00,0.000000e+00,0.000000e+00,0.000000e+00,0.000000e+00,0.000000e+00
1.000000e+00,0.000000e+00,0.000000e+00,0.000000e+00,0.000000e+00,0.000000e+00,0.000000e+00,0.000000e+00,0.000000e+00,0.000000e+00,0.000000e+00,0.000000e+00,0.000000e+00,0.000000e+00,0.000000e+00
1.000000e+00,0.000000e+00,0.000000e+00,0.000000e+00,0.000000e+00,0.000000e+00,0.000000e+00,0.000000e+00,0.000000e+00,0.000000e+00,0.000000e+00,0.000000e+00,0.000000e+00,0.000000e+00,0.000000e+00
1.000000e+00,0.000000e+00,0.000000e+00,0.000000e+00,0.000000e+00,0.000000e+00,0.000000e+00,0.000000e+00,0.000000e+00,0.000000e+00,0.000000e+00,0.000000e+00,0.000000e+00,0.000000e+00,0.000000e+00
1.000000e+00,0.000000e+00,0.000000e+00,0.000000e+00,0.000000e+00,0.000000e+00,0.000000e+00,0.000000e+00,0.000000e+00,0.000000e+00,0.000000e+00,0.000000e+00,0.000000e+00,0.000000e+00,0.000000e+00
1.000000e+00,0.000000e+00,0.000000e+00,0.000000e+00,0.000000e+00,0.000000e+00,0.000000e+00,0.000000e+00,0.000000e+00,0.000000e+00,0.000000e+00,0.000000e+00,0.000000e+00,0.000000e+00,0.000000e+00
1.000000e+00,0.000000e+00,0.000000e+00,0.000000e+00,0.000000e+00,0.000000e+00,0.000000e+00,0.000000e+00,0.000000e+00,0.000000e+00,0.000000e+00,0.000000e+00,0.000000e+00,0.000000e+00,0.000000e+00
1.000000e+00,0.000000e+00,0.000000e+00,0.000000e+00,0.000000e+00,0.000000e+00,0.000000e+00,0.000000e+00,0.000000e+00,0.000000e+00,0.000000e+00,0.000000e+00,0.000000e+00,0.000000e+00,0.000000e+00
1.000000e+00,0.000000e+00,0.000000e+00,0.000000e+00,0.000000e+00,0.000000e+00,0.000000e+00,0.000000e+00,0.000000e+00,0.000000e+00,0.000000e+00,0.000000e+00,0.000000e+00,0.000000e+00,0.000000e+00
1.000000e+00,0.000000e+00,0.000000e+00,0.000000e+00,0.000000e+00,0.000000e+00,0.000000e+00,0.000000e+00,0.000000e+00,0.000000e+00,0.000000e+00,0.000000e+00,0.000000e+00,0.000000e+00,0.000000e+00
1.000000e+00,0.000000e+00,0.000000e+00,0.000000e+00,0.000000e+00,0.000000e+00,0.000000e+00,0.000000e+00,0.000000e+00,0.000000e+00,0.000000e+00,0.000000e+00,0.000000e+00,0.000000e+00,0.000000e+00
1.000000e+00,0.000000e+00,0.000000e+00,0.000000e+00,0.000000e+00,0.000000e+00,0.000000e+00,0.000000e+00,0.000000e+00,0.000000e+00,0.000000e+00,0.000000e+00,0.000000e+00,0.000000e+00,0.000000e+00
1.000000e+00,0.000000e+00,0.000000e+00,0.000000e+00,0.000000e+00,0.000000e+00,0.000000e+00,0.000000e+00,0.000000e+00,0.000000e+00,0.000000e+00,0.000000e+00,0.000000e+00,0.000000e+00,0.000000e+00
1.000000e+00,0.000000e+00,0.000000e+00,0.000000e+00,0.000000e+00,0.000000e+00,0.000000e+00,0.000000e+00,0.000000e+00,0.000000e+00,0.000000e+00,0.000000e+00,0.000000e+00,0.000000e+00,0.000000e+00
4.320876e-01,3.022736e-02,3.856597e-03,6.626899e-02,2.947809e-03,1.172439e-02,1.823917e-03,3.706594e-03,2.886763e-02,9.513049e-03,4.531233e-03,1.237246e-02,1.120650e-02,2.974470e-03,3.778914e-01
3.038536e-01,2.642053e-02,6.468530e-03,7.351859e-02,3.012181e-03,1.010759e-02,1.550743e-03,2.717011e-03,9.410736e-02,2.142546e-02,1.456918e-02,9.161761e-03,1.424520e-02,4.344083e-03,4.144981e-01
2.130321e-01,2.163476e-02,7.844824e-03,5.792611e-02,2.393115e-03,7.791112e-03,1.176304e-03,1.945772e-03,1.234435e-01,4.702352e-02,1.221593e-02,6.630068e-03,1.243869e-02,5.244211e-03,4.792600e-01
1.516604e-01,3.916914e-02,2.116165e-02,6.181611e-02,2.956846e-03,6.801808e-03,1.049794e-03,1.883030e-03,1.460664e-01,4.884814e-02,1.002194e-02,5.672226e-03,1.103917e-02,8.684042e-03,4.831693e-01
1.132615e-01,2.962763e-02,1.602226e-02,4.352561e-02,2.263719e-03,5.998611e-03,8.576172e-04,1.496319e-03,1.047178e-01,3.589326e-02,7.688446e-03,4.400094e-03,8.103988e-03,9.400474e-02,5.321384e-01
1.070447e-01,4.897453e-02,1.573170e-02,3.887822e-02,5.142595e-03,9.305673e-03,1.155014e-03,2.383202e-03,7.801862e-02,2.647997e-02,7.384056e-03,5.235467e-03,8.710559e-03,9.260896e-02,5.529467e-01
1.543220e-01,5.395223e-02,4.800581e-02,5.270593e-02,6.781313e-03,9.557024e-03,1.238422e-03,2.982804e-03,5.901052e-02,1.950711e-02,7.092751e-03,8.515384e-03,9.244196e-03,9.898545e-02,4.680990e-01
1.812970e-01,4.706977e-02,3.861978e-02,4.361343e-02,6.082654e-03,9.857329e-03,1.166944e-03,2.806567e-03,4.466954e-02,1.431690e-02,6.712989e-03,8.022136e-03,9.435930e-03,1.403500e-01,4.459791e-01
1.498715e-01,3.386195e-02,2.722986e-02,3.083584e-02,4.741789e-03,7.502124e-03,8.561034e-04,2.017111e-03,3.541453e-02,1.088453e-02,6.261229e-03,7.658278e-03,8.970396e-03,2.286623e-01,4.452325e-01
1.115056e-01,2.489432e-02,2.079367e-02,2.297343e-02,3.637518e-03,5.572021e-03,6.958726e-04,1.474043e-03,3.682508e-02,1.321373e-02,6.590818e-03,6.262335e-03,7.011230e-03,2.998216e-01,4.387287e-01
8.394588e-02,1.821652e-02,1.607769e-02,1.637777e-02,2.862132e-03,4.427518e-03,6.255276e-04,1.104634e-03,3.419514e-02,1.530918e-02,7.015803e-03,5.110781e-03,6.894737e-03,3.897702e-01,3.980665e-01
6.885781e-02,1.394698e-02,1.222159e-02,1.197299e-02,2.425054e-03,3.466098e-03,5.310250e-04,8.386229e-04,3.416359e-02,1.402156e-02,6.470846e-03,4.427154e-03,6.173506e-03,5.196232e-01,3.008600e-01
5.853270e-02,1.098317e-02,9.507802e-03,8.661897e-03,2.492431e-03,2.979749e-03,5.185896e-04,7.597859e-04,3.716981e-02,1.497027e-02,7.136334e-03,4.477357e-03,6.249351e-03,6.074144e-01,2.281464e-01
4.270517e-02,7.773511e-03,6.850746e-03,6.089310e-03,1.831710e-03,2.239939e-03,3.947412e-04,5.419800e-04,2.986042e-02,1.774408e-02,6.405894e-03,3.317943e-03,4.419545e-03,6.995847e-01,1.702403e-01
3.047319e-02,5.526635e-03,5.038433e-03,4.285266e-03,1.380525e-03,1.667545e-03,3.071598e-04,3.945010e-04,2.512517e-02,9.445512e-02,5.900614e-03,2.710698e-03,3.429701e-03,6.969580e-01,1.223474e-01
2.163995e-02,3.912096e-03,3.635852e-03,3.027915e-03,1.021061e-03,1.413755e-03,2.331223e-04,3.122182e-04,2.079431e-02,2.404579e-01,5.511462e-03,2.295126e-03,2.848561e-03,6.057210e-01,8.717567e-02
1.584789e-02,2.835196e-03,2.782899e-03,2.819807e-03,1.019829e-03,1.456634e-03,2.088645e-04,1.364622e-03,2.098420e-02,4.047246e-01,1.215184e-02,2.989694e-03,9.891298e-03,4.564492e-01,6.447341e-02
1.151411e-02,2.328109e-03,2.198071e-03,3.202931e-03,3.688534e-03,1.605879e-03,3.032577e-04,1.290178e-03,4.067659e-02,4.207943e-01,1.746060e-02,4.399772e-03,1.829210e-02,4.218011e-01,5.044439e-02
8.311173e-03,3.126950e-03,2.571386e-03,5.743824e-03,1.260892e-02,3.481881e-03,4.767206e-03,1.928161e-02,5.320937e-02,3.516890e-01,3.279823e-02,6.109708e-03,3.879819e-02,4.189485e-01,3.855408e-02
6.386335e-03,7.447501e-03,3.422990e-03,5.676701e-03,3.911204e-02,1.458207e-02,1.194455e-02,2.239435e-02,2.405023e-01,2.516229e-01,2.622052e-02,4.691336e-03,3.901651e-02,2.992765e-01,2.770345e-02
5.184067e-03,1.151269e-02,2.886911e-03,4.262612e-03,4.213209e-02,2.785994e-02,1.449680e-02,1.602799e-02,4.123270e-01,1.778038e-01,1.871046e-02,3.318225e-03,3.246594e-02,2.112677e-01,1.974376e-02
4.423720e-03,1.560228e-02,2.186322e-03,3.272776e-03,3.362543e-02,3.507468e-02,1.085077e-02,1.126328e-02,5.557309e-01,1.248362e-01,1.353758e-02,2.348295e-03,2.507771e-02,1.479180e-01,1.425198e-02
5.422484e-03,2.124881e-02,4.441692e-03,5.536458e-03,3.825044e-02,3.239002e-02,1.043176e-02,9.504807e-03,6.377953e-01,8.896460e-02,9.734969e-03,1.684007e-03,1.971436e-02,1.035500e-01,1.133031e-02
9.891894e-03,1.825337e-02,1.579414e-02,5.493049e-03,4.922573e-02,2.387604e-02,9.395448e-03,4.564984e-02,6.563854e-01,6.251083e-02,7.038804e-03,1.203590e-03,1.441660e-02,7.252505e-02,8.340250e-03
2.424954e-02,1.697443e-02,2.673399e-02,8.958661e-03,5.290577e-02,1.793370e-02,7.535564e-03,1.758865e-01,5.493662e-01,4.423731e-02,5.239856e-03,9.025476e-04,1.060260e-02,5.086429e-02,7.608993e-03
2.382892e-02,1.266984e-02,4.813986e-02,1.385856e-02,4.604556e-02,1.345569e-02,6.966072e-03,3.345579e-01,4.157636e-01,3.112104e-02,3.888549e-03,6.763258e-04,7.705854e-03,3.564668e-02,5.675481e-03
2.291698e-02,1.221878e-02,7.930128e-02,1.760934e-02,3.770749e-02,1.402308e-02,6.935567e-03,4.395905e-01,3.052295e-01,2.304525e-02,3.092024e-03,6.308315e-04,6.073214e-03,2.504366e-02,6.582576e-03
3.339665e-02,1.494224e-02,9.366067e-02,2.245685e-02,3.860981e-02,1.326379e-02,6.640611e-03,4.748202e-01,2.515769e-01,1.725183e-02,2.763644e-03,7.146309e-04,5.062590e-03,1.764189e-02,7.197762e-03
5.313660e-02,2.261961e-02,1.108603e-01,2.494064e-02,4.214048e-02,1.483059e-02,6.761696e-03,4.664394e-01,1.980035e-01,1.684357e-02,4.748926e-03,2.479330e-03,5.352982e-03,1.326640e-02,1.757603e-02
1.465119e-01,2.258421e-02,8.242446e-02,2.010927e-02,4.421382e-02,1.294829e-02,5.834480e-03,3.932658e-01,2.226971e-01,1.270946e-02,4.186179e-03,2.929785e-03,4.338425e-03,9.812873e-03,1.543399e-02
2.240610e-01,2.344940e-02,7.118097e-02,1.988657e-02,3.782355e-02,1.621059e-02,6.584430e-03,3.603563e-01,1.729980e-01,1.431395e-02,4.622265e-03,5.755817e-03,4.714782e-03,1.000167e-02,2.804070e-02
3.441096e-01,2.858355e-02,5.861364e-02,1.983914e-02,3.692327e-02,1.991750e-02,6.116247e-03,2.833789e-01,1.343234e-01,1.541179e-02,4.848983e-03,9.096077e-03,4.795919e-03,9.295104e-03,2.474686e-02
4.303586e-01,3.323469e-02,5.170141e-02,2.238397e-02,3.723392e-02,2.735374e-02,5.946887e-03,2.087350e-01,1.029081e-01,1.591736e-02,5.033999e-03,1.226100e-02,5.691896e-03,1.076578e-02,3.047366e-02
4.126492e-01,4.787137e-02,5.351369e-02,3.071459e-02,3.851246e-02,4.921909e-02,6.847232e-03,1.541817e-01,7.827108e-02,1.935858e-02,8.175143e-03,2.613845e-02,1.067152e-02,1.733922e-02,4.653673e-02
1.000000e+00,0.000000e+00,0.000000e+00,0.000000e+00,0.000000e+00,0.000000e+00,0.000000e+00,0.000000e+00,0.000000e+00,0.000000e+00,0.000000e+00,0.000000e+00,0.000000e+00,0.000000e+00,0.000000e+00
1.000000e+00,0.000000e+00,0.000000e+00,0.000000e+00,0.000000e+00,0.000000e+00,0.000000e+00,0.000000e+00,0.000000e+00,0.000000e+00,0.000000e+00,0.000000e+00,0.000000e+00,0.000000e+00,0.000000e+00
4.717945e-01,2.524942e-02,3.695809e-02,1.974438e-02,2.450324e-02,4.053845e-02,8.291541e-03,6.734382e-02,3.604864e-02,1.159629e-02,8.616230e-03,7.824522e-02,1.265030e-01,1.181157e-02,3.275555e-02
4.382967e-01,2.042045e-02,3.508895e-02,1.530748e-02,2.086987e-02,3.531274e-02,8.206751e-03,5.417410e-02,3.149863e-02,1.188760e-02,7.994598e-03,1.038293e-01,1.739222e-01,1.276130e-02,3.042934e-02
3.314788e-01,4.537740e-02,3.749397e-02,2.887469e-02,1.903465e-02,3.517816e-02,8.569066e-03,3.970847e-02,4.413680e-02,1.341010e-02,6.933141e-03,1.422225e-01,2.116184e-01,1.100612e-02,2.495768e-02
2.895057e-01,3.675896e-02,2.840357e-02,2.240289e-02,1.732443e-02,3.456186e-02,7.025860e-03,2.896690e-02,3.636013e-02,1.036811e-02,6.067688e-03,2.524208e-01,2.032455e-01,8.098769e-03,1.848881e-02
2.297282e-01,2.794131e-02,2.142373e-02,1.632607e-02,1.371349e-02,2.906640e-02,5.361285e-03,2.123255e-02,2.764497e-02,8.287545e-03,4.984516e-03,3.377610e-01,2.358487e-01,5.886252e-03,1.479398e-02
1.898446e-01,2.209227e-02,1.919696e-02,1.162718e-02,1.298669e-02,3.393141e-02,4.676089e-03,1.521443e-02,1.996105e-02,6.750784e-03,4.226050e-03,3.535430e-01,2.873095e-01,4.579206e-03,1.406082e-02
1.556824e-01,1.876811e-02,1.923654e-02,8.395831e-03,1.398146e-02,3.197793e-02,4.341138e-03,1.087618e-02,1.478854e-02,5.473325e-03,3.263490e-03,3.314478e-01,3.660282e-01,3.589112e-03,1.215001e-02
1.379418e-01,2.135798e-02,2.571118e-02,1.405547e-02,1.547714e-02,2.694591e-02,3.806385e-03,9.157056e-03,1.519176e-02,1.653031e-02,6.339581e-03,2.592233e-01,4.268773e-01,7.212325e-03,1.417261e-02
1.294484e-01,1.829659e-02,3.014409e-02,1.176492e-02,2.147616e-02,2.738937e-02,6.731011e-03,1.414054e-02,1.664840e-02,1.590589e-02,6.596010e-03,2.490059e-01,4.315801e-01,6.969203e-03,1.390350e-02
1.049299e-01,1.634404e-02,2.983747e-02,1.000713e-02,4.120375e-02,5.354593e-02,1.428482e-02,1.563780e-02,1.624259e-02,1.374665e-02,5.989629e-03,2.374470e-01,4.159456e-01,5.935789e-03,1.890194e-02
1.048653e-01,1.933461e-02,3.645161e-02,1.141258e-02,7.146974e-02,1.168029e-01,2.320908e-02,1.532162e-02,2.276674e-02,1.105445e-02,5.350601e-03,1.834164e-01,3.509012e-01,5.760723e-03,2.188238e-02
1.018577e-01,2.203335e-02,4.433031e-02,1.901452e-02,6.697499e-02,1.568251e-01,2.510512e-02,3.873976e-02,3.890452e-02,9.911524e-03,6.995718e-03,1.428172e-01,2.971662e-01,5.251226e-03,2.407272e-02
1.006384e-01,2.595599e-02,6.579378e-02,2.097141e-02,7.519505e-02,1.734042e-01,3.685814e-02,4.245377e-02,4.629619e-02,8.029437e-03,5.513278e-03,1.078621e-01,2.538699e-01,4.160755e-03,3.299755e-02
8.987421e-02,2.309312e-02,5.245849e-02,1.588158e-02,6.933276e-02,1.768351e-01,3.216844e-02,3.124902e-02,4.364134e-02,6.259173e-03,4.482644e-03,8.512037e-02,2.945735e-01,3.551683e-03,7.147849e-02
7.373616e-02,6.390467e-02,5.525990e-02,1.142601e-01,9.129095e-02,1.569711e-01,2.661512e-02,3.264867e-02,3.996218e-02,6.762019e-03,3.927847e-03,6.131496e-02,2.130859e-01,2.604758e-03,5.765570e-02
7.359824e-02,6.613518e-02,4.409638e-02,8.410252e-02,8.445163e-02,2.365794e-01,2.155871e-02,2.951462e-02,5.805711e-02,7.597056e-03,3.730177e-03,4.582173e-02,1.876563e-01,2.389492e-03,5.471151e-02
9.536684e-02,5.579414e-02,3.750513e-02,9.093623e-02,1.054750e-01,2.147485e-01,2.563528e-02,2.817025e-02,5.982065e-02,6.710817e-03,3.822689e-03,3.851160e-02,1.865691e-01,1.897522e-03,4.903623e-02
1.483584e-01,4.672271e-02,3.496221e-02,8.761501e-02,7.830404e-02,2.484083e-01,2.038155e-02,2.416824e-02,4.568650e-02,5.971803e-03,3.648071e-03,3.385042e-02,1.815935e-01,1.553381e-03,3.877588e-02
1.597375e-01,3.549978e-02,2.644640e-02,6.532931e-02,6.847440e-02,3.266390e-01,1.553847e-02,2.322908e-02,3.619169e-02,4.933937e-03,6.522062e-03,2.696102e-02,1.725192e-01,1.976204e-03,3.000196e-02
1.400912e-01,2.561061e-02,1.893473e-02,4.648789e-02,5.214459e-02,4.834369e-01,1.151591e-02,1.912812e-02,2.593232e-02,4.596450e-03,5.805884e-03,1.946863e-02,1.231215e-01,1.930981e-03,2.179430e-02
1.076609e-01,1.968107e-02,1.357398e-02,3.278259e-02,3.778582e-02,6.183630e-01,8.108725e-03,1.372628e-02,1.832894e-02,7.864681e-03,4.225625e-03,1.367973e-02,8.640853e-02,1.705870e-03,1.610422e-02
7.979359e-02,1.487268e-02,9.714101e-03,2.335387e-02,2.695134e-02,6.360546e-01,5.718192e-03,9.707248e-03,1.605655e-02,8.639824e-02,3.764785e-03,9.625638e-03,6.060075e-02,2.015113e-03,1.537331e-02
7.421252e-02,1.195080e-02,7.272659e-03,1.697795e-02,1.955944e-02,5.899246e-01,4.192729e-03,7.131494e-03,2.965456e-02,1.637875e-01,3.272153e-03,6.784689e-03,4.274539e-02,3.650809e-03,1.888274e-02
5.411306e-02,8.598386e-03,5.248581e-03,1.223022e-02,1.382715e-02,4.549647e-01,2.983370e-03,5.070078e-03,3.844006e-02,3.441210e-01,3.787953e-03,4.781386e-03,3.009368e-02,4.164777e-03,1.757567e-02
3.804605e-02,6.137164e-03,3.749980e-03,9.929164e-03,9.704248e-03,3.335685e-01,2.110175e-03,3.567263e-03,5.311281e-02,4.891088e-01,4.972116e-03,3.431177e-03,2.197196e-02,3.574657e-03,1.701609e-02
2.681090e-02,4.668336e-03,2.825571e-03,1.108849e-02,7.166527e-03,2.407149e-01,1.592248e-03,2.599164e-03,1.445031e-01,4.616234e-01,7.364817e-03,2.536023e-03,1.724488e-02,3.215668e-03,6.604598e-02
1.891440e-02,3.331391e-03,2.010288e-03,8.829664e-03,5.136242e-03,1.698537e-01,1.184002e-03,1.915601e-03,2.037790e-01,3.437641e-01,7.012572e-03,1.880038e-03,1.413821e-02,3.446884e-03,2.148041e-01
1.353909e-02,2.431115e-03,1.781431e-03,8.790374e-03,3.907517e-03,1.196615e-01,8.821546e-04,1.486279e-03,2.567757e-01,2.466067e-01,1.441276e-02,1.670600e-03,2.872812e-02,6.368441e-03,2.929583e-01
9.736024e-03,1.825084e-03,1.473076e-03,6.396927e-03,3.375666e-03,8.435237e-02,6.567055e-04,1.135692e-03,2.247520e-01,1.832838e-01,1.369831e-02,1.413036e-03,2.124740e-02,4.871097e-02,3.979430e-01
7.018658e-03,1.360567e-03,1.153529e-03,4.719150e-03,2.777714e-03,5.939968e-02,5.222094e-04,8.744472e-04,1.981261e-01,1.342116e-01,1.395267e-02,1.388753e-03,1.681179e-02,6.185821e-02,4.958249e-01
5.504568e-03,9.956468e-04,9.171879e-04,3.595750e-03,2.128167e-03,4.272363e-02,4.327086e-04,6.710174e-04,1.806719e-01,9.545479e-02,1.244143e-02,1.357093e-03,1.319834e-02,6.107412e-02,5.788337e-01
4.389763e-03,7.715320e-04,8.181545e-04,2.940163e-03,1.623893e-03,3.200033e-02,3.345513e-04,4.885715e-04,2.216746e-01,6.829264e-02,1.388193e-02,1.353797e-03,1.353945e-02,5.233047e-02,5.855601e-01
3.675292e-03,7.510167e-04,1.817252e-03,6.248720e-03,1.758198e-03,4.143849e-02,4.400126e-04,5.215204e-04,2.161912e-01,4.884443e-02,3.152070e-02,6.950471e-03,3.901809e-02,4.145026e-02,5.593743e-01
3.028883e-03,8.388887e-04,3.050852e-03,7.616979e-03,2.353156e-03,3.390433e-02,3.979090e-04,5.217007e-04,1.923184e-01,3.763202e-02,5.543374e-02,1.359189e-02,5.926983e-02,3.448496e-02,5.555565e-01
2.272180e-03,6.715460e-04,3.302048e-03,9.232295e-03,3.044995e-03,2.596015e-02,3.022155e-04,5.006236e-04,1.404184e-01,2.732927e-02,1.239455e-01,2.369276e-02,8.821696e-02,2.742016e-02,5.236909e-01
1.887545e-03,9.400111e-04,4.549745e-03,7.815397e-03,7.191082e-02,1.832384e-02,2.648339e-04,3.253121e-03,1.080938e-01,1.978493e-02,1.247949e-01,3.243095e-02,7.810831e-02,3.085787e-02,4.969840e-01
1.627836e-03,9.876001e-04,6.470626e-03,8.413530e-03,6.603877e-02,1.431669e-02,2.360826e-04,4.200016e-03,8.755118e-02,1.506678e-02,1.280297e-01,3.309788e-02,7.922710e-02,3.247255e-02,5.222636e-01
1.729945e-03,9.324357e-04,6.602101e-03,7.173738e-03,6.420509e-02,1.162649e-02,2.245836e-04,4.369205e-03,6.637917e-02,1.175618e-02,1.350747e-01,3.070642e-02,9.657791e-02,4.209424e-02,5.205479e-01
2.646161e-03,1.068886e-03,1.862190e-02,8.849930e-03,7.707287e-02,1.179740e-02,6.019159e-04,5.482834e-03,5.937978e-02,1.269299e-02,1.288765e-01,3.876085e-02,1.175934e-01,4.065321e-02,4.759014e-01
3.019121e-03,1.424414e-03,3.589493e-02,8.720236e-03,6.663448e-02,1.005040e-02,7.028319e-04,6.094783e-03,5.019662e-02,2.595959e-02,1.236906e-01,4.671242e-02,1.397788e-01,4.716869e-02,4.339521e-01
5.863538e-03,2.229091e-03,1.944783e-01,1.084101e-02,6.385522e-02,8.945817e-03,4.218201e-03,4.696794e-02,4.382478e-02,2.085466e-02,1.028318e-01,3.585151e-02,1.089050e-01,4.022092e-02,3.101122e-01
6.689910e-03,2.563722e-02,2.530571e-01,1.242175e-02,1.309807e-01,9.620788e-03,3.256529e-03,4.249357e-02,5.729599e-02,1.707901e-02,7.709397e-02,2.608029e-02,8.193125e-02,3.083853e-02,2.255233e-01
1.779268e-02,4.310758e-02,2.061602e-01,1.103332e-02,1.628061e-01,6.429723e-02,2.718559e-03,3.946165e-02,9.936740e-02,1.605018e-02,5.657640e-02,2.121958e-02,6.208412e-02,2.598686e-02,1.713380e-01
2.201738e-02,3.871523e-02,2.043942e-01,1.390922e-02,2.101139e-01,7.444264e-02,2.701574e-03,4.642089e-02,9.426287e-02,1.918010e-02,4.125574e-02,2.414938e-02,4.706017e-02,2.344025e-02,1.379364e-01
2.783162e-02,4.459761e-02,1.952153e-01,2.091552e-02,2.119051e-01,1.000215e-01,2.233857e-03,6.522332e-02,8.814280e-02,2.269612e-02,3.095836e-02,2.912375e-02,3.639878e-02,1.849006e-02,1.062463e-01
2.537398e-02,3.294422e-02,1.827563e-01,4.800912e-02,1.802515e-01,8.019590e-02,1.815729e-03,1.922269e-01,8.342414e-02,1.602953e-02,2.221258e-02,2.118149e-02,2.596048e-02,1.311355e-02,7.450452e-02
2.053325e-02,2.335444e-02,1.305842e-01,3.733480e-02,1.422894e-01,5.769795e-02,1.375105e-03,4.038578e-01,6.155572e-02,1.123906e-02,1.562728e-02,1.495331e-02,1.823383e-02,9.199129e-03,5.216474e-02
1.804422e-02,1.659170e-02,9.316694e-02,2.838830e-02,1.049454e-01,4.166769e-02,2.309271e-03,5.653853e-01,4.388139e-02,7.988792e-03,1.121918e-02,1.053605e-02,1.287052e-02,6.456917e-03,3.654826e-02
1.973614e-02,1.239527e-02,6.700295e-02,3.811848e-02,8.154541e-02,6.750157e-02,2.687221e-03,5.398157e-01,3.211761e-02,6.156327e-03,1.811936e-02,1.318089e-02,6.903764e-02,4.594849e-03,2.799051e-02
1.724600e-02,1.052018e-02,5.408968e-02,5.834127e-02,6.452842e-02,1.132125e-01,4.365671e-03,4.159674e-01,3.202727e-02,1.053328e-02,3.309068e-02,3.724366e-02,1.186307e-01,3.584379e-03,2.661883e-02
1.287934e-02,7.773307e-03,3.909563e-02,6.190763e-02,4.717814e-02,8.593547e-02,4.357130e-03,2.934862e-01,3.213045e-02,9.051306e-03,3.637173e-02,5.405913e-02,2.918859e-01,2.796545e-03,2.109204e-02
9.259848e-03,5.779084e-03,2.769239e-02,4.785113e-02,3.369822e-02,6.256151e-02,3.136115e-03,2.068674e-01,2.855531e-02,7.768204e-03,3.442826e-02,4.964685e-02,4.647254e-01,2.109927e-03,1.592029e-02
6.794136e-03,5.461759e-03,2.039587e-02,3.473467e-02,2.565396e-02,4.636903e-02,2.702902e-03,1.454208e-01,2.729596e-02,1.198291e-02,2.718593e-02,4.768842e-02,5.646325e-01,2.419078e-03,3.126197e-02
5.068985e-03,4.250641e-03,1.443603e-02,2.479665e-02,2.173524e-02,3.799441e-02,2.335176e-03,1.019820e-01,2.582280e-02,2.315170e-02,4.287172e-02,6.609912e-02,6.014107e-01,2.750510e-03,2.529426e-02
3.792220e-03,3.545645e-03,1.035975e-02,1.761209e-02,1.629085e-02,2.825975e-02,1.711091e-03,7.156467e-02,2.257353e-02,2.977318e-02,5.482892e-02,8.682813e-02,6.296327e-01,2.822405e-03,2.040514e-02
2.793132e-03,3.512622e-03,7.640416e-03,1.311998e-02,1.270007e-02,2.007552e-02,1.227574e-03,5.065875e-02,2.688660e-02,9.101032e-02,5.860306e-02,8.737706e-02,6.055216e-01,2.733369e-03,1.613995e-02
2.113312e-03,3.579937e-03,5.883000e-03,9.445935e-03,1.038422e-02,1.455299e-02,9.190747e-04,3.559010e-02,2.825069e-02,2.424780e-01,5.212404e-02,9.024204e-02,4.890708e-01,2.677613e-03,1.268821e-02
1.919754e-03,6.122718e-03,1.067409e-01,7.011878e-03,1.095771e-02,1.124315e-02,1.608492e-03,3.025071e-02,3.340188e-02,2.539142e-01,4.747751e-02,6.976172e-02,4.067800e-01,2.856137e-03,9.953241e-03
4.173753e-03,5.441308e-03,7.763832e-02,7.506823e-03,9.270642e-03,1.504524e-02,1.546565e-03,2.300704e-02,3.548609e-02,3.071303e-01,1.055732e-01,7.928593e-02,3.114807e-01,8.813972e-03,8.600090e-03
6.568912e-03,4.828932e-03,5.506008e-02,6.887795e-03,9.167038e-03,1.159223e-02,1.174228e-03,1.647006e-02,4.406212e-02,3.243638e-01,1.561543e-01,9.351623e-02,2.305679e-01,2.999663e-02,9.589677e-03
1.116764e-02,4.438206e-03,3.927889e-02,9.365587e-03,9.517444e-03,1.326640e-02,9.545166e-04,1.198685e-02,5.411809e-02,2.647400e-01,2.096401e-01,1.066884e-01,1.666926e-01,8.831125e-02,9.834004e-03
1.773650e-02,4.048115e-03,2.799893e-02,1.182083e-02,9.206312e-03,1.300323e-02,8.212851e-04,8.902596e-03,5.118520e-02,2.114138e-01,2.862920e-01,1.236041e-01,1.196310e-01,1.058160e-01,8.520194e-03
3.857731e-02,7.268291e-03,2.127059e-02,1.219039e-02,1.972950e-02,1.293581e-02,9.460528e-04,7.537739e-03,5.326438e-02,1.649933e-01,3.192084e-01,1.591624e-01,8.615796e-02,8.724606e-02,9.511827e-03
5.296285e-02,6.486429e-03,1.556702e-02,1.000805e-02,1.722615e-02,1.153931e-02,8.605238e-04,6.809696e-03,4.463267e-02,1.372745e-01,3.663527e-01,1.871204e-01,6.281587e-02,7.253270e-02,7.811009e-03
8.953160e-02,5.702697e-03,1.144864e-02,8.664924e-03,1.407046e-02,9.921194e-03,8.564175e-04,7.295097e-03,3.396503e-02,1.158610e-01,4.232157e-01,1.647764e-01,4.586676e-02,6.257669e-02,6.247435e-03
1.062484e-01,4.509203e-03,8.707725e-03,6.699281e-03,1.112842e-02,1.875682e-02,1.445900e-03,8.815909e-03,2.599678e-02,8.683210e-02,4.758631e-01,1.560639e-01,3.377236e-02,5.049499e-02,4.665061e-03
1.129232e-01,4.818414e-03,6.363830e-03,5.047917e-03,9.333848e-03,1.484722e-02,1.103967e-03,7.047312e-03,1.947845e-02,6.426737e-02,5.362111e-01,1.490969e-01,2.459052e-02,4.106496e-02,3.805065e-03
8.483773e-02,8.825793e-03,5.397298e-03,4.873413e-03,2.020717e-02,1.273889e-02,1.107158e-03,8.202669e-03,2.032707e-02,5.501908e-02,5.010318e-01,2.208929e-01,1.829707e-02,3.376236e-02,4.479630e-03
6.367069e-02,9.561016e-03,9.766092e-03,4.511129e-03,3.296949e-02,1.203450e-02,1.000093e-03,4.093219e-02,2.028281e-02,4.633745e-02,4.449572e-01,2.608139e-01,1.412308e-02,3.160384e-02,7.436588e-03
5.158562e-02,1.575437e-02,1.443328e-02,6.420319e-03,9.697675e-02,1.400174e-02,1.411564e-03,5.092159e-02,8.437479e-02,3.811586e-02,3.734130e-01,2.050345e-01,1.059557e-02,3.031588e-02,6.645173e-03
3.872333e-02,1.268348e-02,1.853327e-02,1.079698e-02,8.227334e-02,1.418722e-02,1.145372e-03,3.892022e-02,3.011210e-01,2.738765e-02,2.748817e-01,1.449960e-01,7.598289e-03,2.162922e-02,5.122910e-03
3.072738e-02,1.188306e-02,3.283806e-02,7.072305e-02,9.847879e-02,1.613764e-02,1.032701e-03,6.015363e-02,3.311876e-01,2.018401e-02,1.984981e-01,1.032006e-01,5.554200e-03,1.541107e-02,3.990195e-03
3.577898e-02,1.110718e-02,5.847668e-02,1.223374e-01,1.082579e-01,1.712573e-02,1.140264e-03,5.481705e-02,3.388694e-01,1.552854e-02,1.447715e-01,7.262784e-02,4.124734e-03,1.094562e-02,4.091122e-03
4.983063e-02,1.087262e-02,7.873744e-02,2.088785e-01,1.094866e-01,1.679181e-02,1.144470e-03,6.330669e-02,2.775347e-01,1.229567e-02,1.037240e-01,5.128441e-02,3.486715e-03,8.054565e-03,4.571185e-03
1.503931e-01,1.154726e-02,7.397474e-02,1.745788e-01,1.507154e-01,2.041830e-02,1.589519e-03,5.118551e-02,2.192054e-01,1.062582e-02,7.912856e-02,4.055177e-02,4.239644e-03,7.361954e-03,4.484203e-03
1.720819e-01,1.643974e-02,6.695992e-02,2.417298e-01,1.445551e-01,2.017805e-02,2.458238e-03,4.978343e-02,1.653556e-01,8.449792e-03,6.061195e-02,3.413266e-02,5.097948e-03,8.523558e-03,3.642285e-03
2.611557e-01,1.699657e-02,6.191496e-02,1.976666e-01,1.254391e-01,2.023338e-02,2.322257e-03,3.813741e-02,1.297241e-01,7.369985e-03,7.295199e-02,3.594783e-02,6.728199e-03,1.907060e-02,4.341281e-03
2.943070e-01,1.608551e-02,4.948158e-02,1.516379e-01,1.022598e-01,2.559566e-02,2.051716e-03,3.137376e-02,1.096409e-01,1.575926e-02,1.016313e-01,4.253424e-02,8.641887e-03,4.211923e-02,6.880268e-03
2.316166e-01,1.879890e-02,4.111122e-02,1.686792e-01,7.869710e-02,2.161583e-02,2.363219e-03,2.775770e-02,1.027319e-01,1.842845e-02,1.248038e-01,8.508751e-02,1.773246e-02,5.309643e-02,7.479661e-03
1.656392e-01,3.197265e-02,3.342663e-02,2.515892e-01,5.792385e-02,1.636468e-02,1.791772e-03,2.037991e-02,8.788119e-02,1.699468e-02,1.658345e-01,7.637108e-02,2.209186e-02,4.251211e-02,9.226647e-03
1.179922e-01,2.301983e-02,2.418643e-02,1.902128e-01,4.175806e-02,1.210923e-02,1.287700e-03,1.537715e-02,7.166202e-02,1.470996e-02,3.131522e-01,5.556464e-02,2.922171e-02,8.065788e-02,9.088244e-03
8.509315e-02,1.694686e-02,1.763729e-02,1.361662e-01,3.153063e-02,9.476893e-03,9.556859e-04,1.120744e-02,6.658699e-02,1.381042e-02,2.772464e-01,4.151113e-02,2.604204e-02,2.466147e-01,1.917413e-02
6.060393e-02,1.231145e-02,1.264577e-02,9.558929e-02,2.646049e-02,6.936050e-03,7.075925e-04,7.955275e-03,5.939217e-02,1.129619e-02,2.083451e-01,2.949251e-02,1.913388e-02,4.312545e-01,1.787571e-02
4.590579e-02,9.599935e-03,1.065122e-02,6.713916e-02,1.937385e-02,6.178051e-03,5.663354e-04,5.645682e-03,5.656206e-02,9.443661e-03,1.532019e-01,2.075570e-02,1.361285e-02,5.636262e-01,1.773767e-02
3.478553e-02,7.106707e-03,8.358410e-03,4.707505e-02,1.439661e-02,5.075791e-03,4.180671e-04,3.999940e-03,4.720814e-02,7.576032e-03,1.116668e-01,1.459534e-02,9.595254e-03,6.729882e-01,1.515415e-02
2.809166e-02,6.011720e-03,8.877435e-03,3.325099e-02,1.052702e-02,6.125656e-03,3.255125e-04,2.885381e-03,4.657707e-02,5.987680e-03,7.990947e-02,1.028319e-02,6.851466e-03,7.396035e-01,1.469234e-02
2.113648e-02,4.675808e-03,6.704281e-03,2.351617e-02,7.605723e-03,5.367144e-03,2.385724e-04,2.050550e-03,4.212261e-02,4.489072e-03,5.727076e-02,7.226888e-03,4.920515e-03,7.969389e-01,1.573663e-02
2.301072e-02,4.880054e-03,6.067200e-03,1.659898e-02,5.646028e-03,5.682946e-03,1.917616e-04,1.565438e-03,4.403493e-02,3.659227e-03,4.357023e-02,5.108619e-03,3.620639e-03,8.107663e-01,2.559697e-02
1.943731e-02,4.977394e-03,5.924742e-03,1.173143e-02,4.127461e-03,8.787964e-03,1.537069e-04,1.186332e-03,3.925618e-02,3.169792e-03,3.139690e-02,3.635111e-03,2.794979e-03,8.326079e-01,3.081282e-02
1.919466e-02,7.263424e-03,5.118866e-03,8.340252e-03,3.081162e-03,8.123682e-03,1.258154e-04,9.609177e-04,3.528216e-02,2.907190e-03,2.275290e-02,2.573093e-03,2.203867e-03,8.520128e-01,3.005932e-02
1.962397e-02,1.734589e-02,2.256685e-02,6.846655e-03,2.810648e-03,9.542152e-03,2.030783e-04,1.670645e-03,3.765607e-02,3.054197e-03,1.673171e-02,1.865748e-03,2.091919e-03,8.235159e-01,3.447464e-02
1.720876e-02,1.435398e-02,1.859629e-02,4.979492e-03,2.265964e-03,7.806882e-03,1.600291e-04,1.360757e-03,3.093048e-02,2.493388e-03,1.207865e-02,1.325932e-03,1.608865e-03,8.513765e-01,3.345412e-02
1.558568e-02,1.712338e-02,1.858311e-02,4.018892e-03,1.946655e-03,6.431788e-03,1.948449e-04,1.587447e-03,3.580198e-02,2.286538e-03,8.893610e-03,9.770409e-04,1.332109e-03,8.389672e-01,4.626980e-02
1.417193e-02,1.539233e-02,1.536313e-02,3.028269e-03,1.580511e-03,5.312000e-03,1.659453e-04,1.576019e-03,3.549230e-02,2.173589e-03,6.602102e-03,7.138270e-04,1.125975e-03,8.424649e-01,5.483722e-02
1.960620e-02,1.764435e-02,3.861321e-02,3.642740e-03,2.077079e-03,4.812493e-03,3.114408e-04,4.653204e-03,3.776120e-02,2.325205e-03,5.057766e-03,5.618468e-04,1.292512e-03,8.028232e-01,5.881764e-02
2.015906e-02,1.954967e-02,2.944893e-02,2.757562e-03,2.130440e-03,3.612481e-03,2.500653e-04,4.789613e-03,3.934801e-02,2.348241e-03,4.112833e-03,4.022300e-04,1.178238e-03,8.150050e-01,5.490767e-02
2.088085e-02,1.918102e-02,2.979421e-02,3.260936e-03,6.032445e-03,2.964509e-03,3.408037e-04,3.398394e-02,6.139655e-02,1.887436e-03,3.377535e-03,2.974944e-04,1.116650e-03,7.719809e-01,4.350472e-02
