1.000000e+00,0.000000e+00,0.000000e+00,0.000000e+00,0.000000e+00,0.000000e+00,0.000000e+00,0.000000e+00,0.000000e+00,0.000000e+00,0.000000e+00,0.000000e+00,0.000000e+00,0.000000e+00,0.000000e+00
1.000000e+00,0.000000e+00,0.000000e+00,0.000000e+00,0.000000e+00,0.000000e+00,0.000000e+00,0.000000e+00,0.000000e+00,0.000000e+00,0.000000e+00,0.000000e+00,0.000000e+00,0.000000e+00,0.000000e+00
1.000000e+00,0.000000e+00,0.000000e+00,0.000000e+00,0.000000e+00,0.000000e+00,0.000000e+00,0.000000e+00,0.000000e+00,0.000000e+00,0.000000e+00,0.000000e+00,0.000000e+00,0.000000e+00,0.000000e+00
1.000000e+00,0.000000e+00,0.000000e+00,0.000000e+00,0.000000e+00,0.000000e+00,0.000000e+00,0.000000e+00,0.000000e+00,0.000000e+00,0.000000e+00,0.000000e+00,0.000000e+00,0.000000e+00,0.000000e+00
1.000000e+00,0.000000e+00,0.000000e+00,0.000000e+00,0.000000e+00,0.000000e+00,0.000000e+00,0.000000e+00,0.000000e+00,0.000000e+00,0.000000e+00,0.000000e+00,0.000000e+00,0.000000e+00,0.000000e+00
1.000000e+00,0.000000e+00,0.000000e+00,0.000000e+00,0.000000e+00,0.000000e+00,0.000000e+00,0.000000e+00,0.000000e+00,0.000000e+00,0.000000e+00,0.000000e+00,0.000000e+00,0.000000e+00,0.000000e+00
1.000000e+00,0.000000e+00,0.000000e+00,0.000000e+00,0.000000e+00,0.000000e+00,0.000000e+00,0.000000e+00,0.000000e+00,0.000000e+00,0.000000e+00,0.000000e+00,0.000000e+00,0.000000e+00,0.000000e+00
1.000000e+00,0.000000e+00,0.000000e+00,0.000000e+00,0.000000e+00,0.000000e+00,0.000000e+00,0.000000e+00,0.000000e+00,0.000000e+00,0.000000e+00,0.000000e+00,0.000000e+00,0.000000e+00,0.000000e+00
1.000000e+00,0.000000e+00,0.000000e+00,0.000000e+00,0.000000e+00,0.000000e+00,0.000000e+00,0.000000e+00,0.000000e+00,0.000000e+00,0.000000e+00,0.000000e+00,0.000000e+00,0.000000e+00,0.000000e+00
1.000000e+00,0.000000e+00,0.000000e+00,0.000000e+00,0.000000e+00,0.000000e+00,0.000000e+00,0.000000e+00,0.000000e+00,0.000000e+00,0.000000e+00,0.000000e+00,0.000000e+00,0.000000e+00,0.000000e+00
1.000000e+00,0.000000e+00,0.000000e+00,0.000000e+00,0.000000e+00,0.000000e+00,0.000000e+00,0.000000e+00,0.000000e+00,0.000000e+00,0.000000e+00,0.000000e+00,0.000000e+00,0.000000e+00,0.000000e+00
1.000000e+00,0.000000e+00,0.000000e+00,0.000000e+00,0.000000e+00,0.000000e+00,0.000000e+00,0.000000e+00,0.000000e+00,0.000000e+00,0.000000e+00,0.000000e+00,0.000000e+00,0.000000e+00,0.000000e+00
1.000000e+00,0.000000e+00,0.000000e+00,0.000000e+00,0.000000e+00,0.000000e+00,0.000000e+00,0.000000e+00,0.000000e+00,0.000000e+00,0.000000e+00,0.000000e+00,0.000000e+00,0.000000e+00,0.000000e+00
1.000000e+00,0.000000e+00,0.000000e+00,0.000000e+00,0.000000e+00,0.000000e+00,0.000000e+00,0.000000e+00,0.000000e+00,0.000000e+00,0.000000e+00,0.000000e+00,0.000000e+00,0.000000e+00,0.000000e+00
1.000000e+00,0.000000e+00,0.000000e+00,0.000000e+00,0.000000e+00,0.000000e+00,0.000000e+00,0.000000e+00,0.000000e+00,0.000000e+00,0.000000e+00,0.000000e+00,0.000000e+00,0.000000e+00,0.000000e+00
1.000000e+00,0.000000e+00,0.000000e+00,0.000000e+00,0.000000e+00,0.000000e+00,0.000000e+00,0.000000e+00,0.000000e+00,0.000000e+00,0.000000e+00,0.000000e+00,0.000000e+00,0.000000e+00,0.000000e+00
1.000000e+00,0.000000e+00,0.000000e+00,0.000000e+00,0.000000e+00,0.000000e+00,0.000000e+00,0.000000e+00,0.000000e+00,0.000000e+00,0.000000e+00,0.000000e+00,0.000000e+00,0.000000e+00,0.000000e+00
1.000000e+00,0.000000e+00,0.000000e+00,0.000000e+00,0.000000e+00,0.000000e+00,0.000000e+00,0.000000e+00,0.000000e+00,0.000000e+00,0.000000e+00,0.000000e+00,0.000000e+00,0.000000e+00,0.000000e+00
1.000000e+00,0.000000e+00,0.000000e+00,0.000000e+00,0.000000e+00,0.000000e+00,0.000000e+00,0.000000e+00,0.000000e+00,0.000000e+00,0.000000e+00,0.000000e+00,0.000000e+00,0.000000e+00,0.000000e+00
1.000000e+00,0.000000e+00,0.000000e+00,0.000000e+00,0.000000e+00,0.000000e+00,0.000000e+00,0.000000e+00,0.000000e+00,0.000000e+00,0.000000e+00,0.000000e+00,0.000000e+00,0.000000e+00,0.000000e+00
1.000000e+00,0.000000e+00,0.000000e+00,0.000000e+00,0.000000e+00,0.000000e+00,0.000000e+00,0.000000e+00,0.000000e+00,0.000000e+00,0.000000e+00,0.000000e+00,0.000000e+00,0.000000e+00,0.000000e+00
1.000000e+00,0.000000e+00,0.000000e+00,0.000000e+00,0.000000e+00,0.000000e+00,0.000000e+00,0.000000e+00,0.000000e+00,0.000000e+00,0.000000e+00,0.000000e+00,0.000000e+00,0.000000e+00,0.000000e+00
1.000000e+00,0.000000e+00,0.000000e+00,0.000000e+00,0.000000e+00,0.000000e+00,0.000000e+00,0.000000e+00,0.000000e+00,0.000000e+00,0.000000e+00,0.000000e+00,0.000000e+00,0.000000e+00,0.000000e+00
1.000000e+00,0.000000e+00,0.000000e+00,0.000000e+00,0.000000e+00,0.000000e+00,0.000000e+00,0.000000e+00,0.000000e+00,0.000000e+00,0.000000e+00,0.000000e+00,0.000000e+00,0.000000e+00,0.000000e+00
1.000000e+00,0.000000e+00,0.000000e+00,0.000000e+00,0.000000e+00,0.000000e+00,0.000000e+00,0.000000e+00,0.000000e+00,0.000000e+00,0.000000e+00,0.000000e+00,0.000000e+00,0.000000e+00,0.000000e+00
1.000000e+00,0.000000e+00,0.000000e+00,0.000000e+00,0.000000e+00,0.000000e+00,0.000000e+00,0.000000e+00,0.000000e+00,0.000000e+00,0.000000e+00,0.000000e+00,0.000000e+00,0.000000e+00,0.000000e+00
1.000000e+00,0.000000e+00,0.000000e+00,0.000000e+00,0.000000e+00,0.000000e+00,0.000000e+00,0.000000e+00,0.000000e+00,0.000000e+00,0.000000e+00,0.000000e+00,0.000000e+00,0.000000e+00,0.000000e+00
1.000000e+00,0.000000e+00,0.000000e+00,0.000000e+00,0.000000e+00,0.000000e+00,0.000000e+00,0.000000e+00,0.000000e+00,0.000000e+00,0.000000e+00,0.000000e+00,0.000000e+00,0.000000e+00,0.000000e+00
1.000000e+00,0.000000e+00,0.000000e+00,0.000000e+00,0.000000e+00,0.000000e+00,0.000000e+00,0.000000e+00,0.000000e+00,0.000000e+00,0.000000e+00,0.000000e+00,0.000000e+00,0.000000e+00,0.000000e+00
1.000000e+00,0.000000e+00,0.000000e+00,0.000000e+00,0.000000e+00,0.000000e+00,0.000000e+00,0.000000e+00,0.000000e+00,0.000000e+00,0.000000e+00,0.000000e+00,0.000000e+00,0.000000e+00,0.000000e+00
1.000000e+00,0.000000e+00,0.000000e+00,0.000000e+00,0.000000e+00,0.000000e+00,0.000000e+00,0.000000e+00,0.000000e+00,0.000000e+00,0.000000e+00,0.000000e+00,0.000000e+00,0.000000e+00,0.000000e+00
1.000000e+00,0.000000e+00,0.000000e+00,0.000000e+00,0.000000e+00,0.000000e+00,0.000000e+00,0.000000e+00,0.000000e+00,0.000000e+00,0.000000e+00,0.000000e+00,0.000000e+00,0.000000e+00,0.000000e+00
1.000000e+00,0.000000e+00,0.000000e+00,0.000000e+00,0.000000e+00,0.000000e+00,0.000000e+00,0.000000e+00,0.000000e+00,0.000000e+00,0.000000e+00,0.000000e+00,0.000000e+00,0.000000e+00,0.000000e+00
1.000000e+00,0.000000e+00,0.000000e+00,0.000000e+00,0.000000e+00,0.000000e+00,0.000000e+00,0.000000e+00,0.000000e+00,0.000000e+00,0.000000e+00,0.000000e+00,0.000000e+00,0.000000e+00,0.000000e+00
1.000000e+00,0.000000e+00,0.000000e+00,0.000000e+00,0.000000e+00,0.000000e+00,0.000000e+00,0.000000e+00,0.000000e+00,0.000000e+00,0.000000e+00,0.000000e+00,0.000000e+00,0.000000e+00,0.000000e+00
1.000000e+00,0.000000e+00,0.000000e+00,0.000000e+00,0.000000e+00,0.000000e+00,0.000000e+00,0.000000e+00,0.000000e+00,0.000000e+00,0.000000e+00,0.000000e+00,0.000000e+00,0.000000e+00,0.000000e+00
1.000000e+00,0.000000e+00,0.000000e+00,0.000000e+00,0.000000e+00,0.000000e+00,0.000000e+00,0.000000e+00,0.000000e+00,0.000000e+00,0.000000e+00,0.000000e+00,0.000000e+00,0.000000e+00,0.000000e+00
1.000000e+00,0.000000e+00,0.000000e+00,0.000000e+00,0.000000e+00,0.000000e+00,0.000000e+00,0.000000e+00,0.000000e+00,0.000000e+00,0.000000e+00,0.000000e+00,0.000000e+00,0.000000e+00,0.000000e+00
1.000000e+00,0.000000e+00,0.000000e+00,0.000000e+00,0.000000e+00,0.000000e+00,0.000000e+00,0.000000e+00,0.000000e+00,0.000000e+00,0.000000e+00,0.000000e+00,0.000000e+00,0.000000e+00,0.000000e+00
1.000000e+00,0.000000e+00,0.000000e+00,0.000000e+00,0.000000e+00,0.000000e+00,0.000000e+00,0.000000e+00,0.000000e+00,0.000000e+00,0.000000e+00,0.000000e+00,0.000000e+00,0.000000e+00,0.000000e+00
1.000000e+00,0.000000e+00,0.000000e+00,0.000000e+00,0.000000e+00,0.000000e+00,0.000000e+00,0.000000e+00,0.000000e+00,0.000000e+00,0.000000e+00,0.000000e+00,0.000000e+00,0.000000e+00,0.000000e+00
1.000000e+00,0.000000e+00,0.000000e+00,0.000000e+00,0.000000e+00,0.000000e+00,0.000000e+00,0.000000e+00,0.000000e+00,0.000000e+00,0.000000e+00,0.000000e+00,0.000000e+00,0.000000e+00,0.000000e+00
1.000000e+00,0.000000e+00,0.000000e+00,0.000000e+00,0.000000e+00,0.000000e+00,0.000000e+00,0.000000e+00,0.000000e+00,0.000000e+00,0.000000e+00,0.000000e+00,0.000000e+00,0.000000e+00,0.000000e+00
1.000000e+00,0.000000e+00,0.000000e+00,0.000000e+00,0.000000e+00,0.000000e+00,0.000000e+00,0.000000e+00,0.000000e+00,0.000000e+00,0.000000e+00,0.000000e+00,0.000000e+00,0.000000e+00,0.000000e+00
1.000000e+00,0.000000e+00,0.000000e+00,0.000000e+00,0.000000e+00,0.000000e+00,0.000000e+00,0.000000e+00,0.000000e+00,0.000000e+00,0.000000e+00,0.000000e+00,0.000000e+00,0.000000e+00,0.000000e+00
1.000000e+00,0.000000e+00,0.000000e+00,0.000000e+00,0.000000e+00,0.000000e+00,0.000000e+00,0.000000e+00,0.000000e+00,0.000000e+00,0.000000e+00,0.000000e+00,0.000000e+00,0.000000e+00,0.000000e+00
1.000000e+00,0.000000e+00,0.000000e+00,0.000000e+00,0.000000e+00,0.000000e+00,0.000000e+00,0.000000e+00,0.000000e+00,0.000000e+00,0.000000e+00,0.000000e+00,0.000000e+00,0.000000e+00,0.000000e+00
1.000000e+00,0.000000e+00,0.000000e+00,0.000000e+00,0.000000e+00,0.000000e+00,0.000000e+00,0.000000e+00,0.000000e+00,0.000000e+00,0.000000e+00,0.000000e+00,0.000000e+00,0.000000e+00,0.000000e+00
1.000000e+00,0.000000e+00,0.000000e+00,0.000000e+00,0.000000e+00,0.000000e+00,0.000000e+00,0.000000e+00,0.000000e+00,0.000000e+00,0.000000e+00,0.000000e+00,0.000000e+00,0.000000e+00,0.000000e+00
1.000000e+00,0.000000e+00,0.000000e+00,0.000000e+00,0.000000e+00,0.000000e+00,0.000000e+00,0.000000e+00,0.000000e+00,0.000000e+00,0.000000e+00,0.000000e+00,0.000000e+00,0.000000e+00,0.000000e+00
1.000000e+00,0.000000e+00,0.000000e+00,0.000000e+00,0.000000e+00,0.000000e+00,0.000000e+00,0.000000e+00,0.000000e+00,0.000000e+00,0.000000e+00,0.000000e+00,0.000000e+00,0.000000e+00,0.000000e+00
1.000000e+00,0.000000e+00,0.000000e+00,0.000000e+00,0.000000e+00,0.000000e+00,0.000000e+00,0.000000e+00,0.000000e+00,0.000000e+00,0.000000e+00,0.000000e+00,0.000000e+00,0.000000e+00,0.000000e+00
1.000000e+00,0.000000e+00,0.000000e+00,0.000000e+00,0.000000e+00,0.000000e+00,0.000000e+00,0.000000e+00,0.000000e+00,0.000000e+00,0.000000e+00,0.000000e+00,0.000000e+00,0.000000e+00,0.000000e+00
1.000000e+00,0.000000e+00,0.000000e+00,0.000000e+00,0.000000e+00,0.000000e+00,0.000000e+00,0.000000e+00,0.000000e+00,0.000000e+00,0.000000e+00,0.000000e+00,0.000000e+00,0.000000e+00,0.000000e+00
1.000000e+00,0.000000e+00,0.000000e+00,0.000000e+00,0.000000e+00,0.000000e+00,0.000000e+00,0.000000e+00,0.000000e+00,0.000000e+00,0.000000e+00,0.000000e+00,0.000000e+00,0.000000e+00,0.000000e+00
1.000000e+00,0.000000e+00,0.000000e+00,0.000000e+00,0.000000e+00,0.000000e+00,0.000000e+00,0.000000e+00,0.000000e+00,0.000000e+00,0.000000e+00,0.000000e+00,0.000000e+00,0.000000e+00,0.000000e+00
1.000000e+00,0.000000e+00,0.000000e+00,0.000000e+00,0.000000e+00,0.000000e+00,0.000000e+00,0.000000e+00,0.000000e+00,0.000000e+00,0.000000e+00,0.000000e+00,0.000000e+00,0.000000e+00,0.000000e+00
1.000000e+00,0.000000e+00,0.000000e+00,0.000000e+00,0.000000e+00,0.000000e+00,0.000000e+00,0.000000e+00,0.000000e+00,0.000000e+00,0.000000e+00,0.000000e+00,0.000000e+00,0.000000e+00,0.000000e+00
1.000000e+00,0.000000e+00,0.000000e+00,0.000000e+00,0.000000e+00,0.000000e+00,0.000000e+00,0.000000e+00,0.000000e+00,0.000000e+00,0.000000e+00,0.000000e+00,0.000000e+00,0.000000e+00,0.000000e+00
1.000000e+00,0.000000e+00,0.000000e+00,0.000000e+00,0.000000e+00,0.000000e+00,0.000000e+00,0.000000e+00,0.000000e+00,0.000000e+00,0.000000e+00,0.000000e+00,0.000000e+00,0.000000e+00,0.000000e+00
1.000000e+00,0.000000e+00,0.000000e+00,0.000000e+00,0.000000e+00,0.000000e+00,0.000000e+00,0.000000e+00,0.000000e+00,0.000000e+00,0.000000e+00,0.000000e+00,0.000000e+00,0.000000e+00,0.000000e+00
3.954921e-01,1.373516e-02,3.639263e-01,1.315973e-01,4.768328e-03,1.233759e-02,2.733392e-03,2.305233e-02,3.057417e-03,1.092040e-03,7.165666e-03,1.683649e-02,1.077820e-02,1.293993e-03,1.213362e-02
4.068040e-01,1.071165e-02,3.651077e-01,1.049212e-01,4.659338e-03,1.288695e-02,2.342883e-03,2.175277e-02,6.502691e-03,3.590923e-03,9.903671e-03,1.510688e-02,1.441384e-02,2.680831e-03,1.861463e-02
4.283384e-01,9.101596e-03,3.175004e-01,1.087095e-01,5.475244e-03,1.448673e-02,2.367561e-03,2.460046e-02,9.313645e-03,3.830799e-03,1.286106e-02,1.799869e-02,2.169012e-02,2.390359e-03,2.133541e-02
3.254309e-01,6.908027e-03,3.364843e-01,7.816782e-02,3.898926e-03,1.075882e-02,1.734748e-03,1.791617e-02,2.021681e-02,3.439122e-02,1.180878e-02,1.352307e-02,1.891115e-02,1.587055e-02,1.039786e-01
2.333395e-01,6.329609e-03,2.571017e-01,2.609981e-01,3.282715e-03,7.951372e-03,1.478909e-03,1.323995e-02,4.004716e-02,2.742935e-02,1.093646e-02,9.786835e-03,1.426295e-02,1.136115e-02,1.024543e-01
1.635447e-01,6.575944e-03,1.828566e-01,3.668970e-01,2.470960e-03,5.696550e-03,1.188992e-03,9.305807e-03,4.861208e-02,2.904334e-02,8.968909e-03,7.074190e-03,1.055976e-02,8.118091e-03,1.490871e-01
1.146230e-01,1.687860e-02,1.295803e-01,4.525540e-01,2.050295e-03,4.365875e-03,1.023945e-03,6.520056e-03,9.181590e-02,2.277416e-02,8.397724e-03,5.093048e-03,8.151513e-03,5.711384e-03,1.304601e-01
8.029506e-02,2.216664e-02,9.096997e-02,3.305316e-01,1.503261e-03,3.342077e-03,7.489712e-04,4.565418e-03,1.308773e-01,2.054195e-02,7.288646e-03,3.621459e-03,6.985475e-03,4.290883e-03,2.922713e-01
5.633530e-02,2.345658e-02,6.379459e-02,2.317694e-01,1.080911e-03,2.459588e-03,5.348120e-04,3.197563e-03,1.244582e-01,1.544744e-02,5.183048e-03,2.599576e-03,5.549581e-03,5.299816e-03,4.588335e-01
3.951383e-02,1.718662e-02,4.475612e-02,1.623755e-01,7.657136e-04,1.748147e-03,3.766096e-04,2.240149e-03,9.596040e-02,1.170676e-02,4.092038e-03,1.961062e-03,3.975663e-03,1.754033e-02,5.958011e-01
2.786591e-02,1.227685e-02,3.148310e-02,1.136869e-01,5.472093e-04,1.266883e-03,2.689388e-04,1.572976e-03,6.896714e-02,1.250805e-02,7.923706e-03,1.911509e-03,2.980162e-03,4.946549e-02,6.672752e-01
2.014040e-02,8.760029e-03,2.266180e-02,7.964592e-02,4.072418e-04,9.232264e-04,1.924261e-04,1.103634e-03,4.906360e-02,3.228807e-02,1.113830e-02,1.587224e-03,2.375773e-03,2.378944e-01,5.318180e-01
1.706784e-02,7.510241e-03,1.834721e-02,5.588894e-02,3.842891e-04,7.223650e-04,1.476363e-04,7.931754e-04,3.638601e-02,5.247040e-02,3.877186e-02,1.863961e-03,2.405494e-03,2.556323e-01,5.116082e-01
1.278764e-02,5.448410e-03,1.350825e-02,3.913109e-02,3.157211e-04,5.512239e-04,1.101271e-04,5.607963e-04,2.577949e-02,8.253668e-02,3.204837e-02,1.475301e-03,1.838298e-03,4.052585e-01,3.786500e-01
9.281012e-03,3.938538e-03,9.929664e-03,2.741168e-02,3.297020e-04,4.923223e-04,9.438608e-05,4.019983e-04,1.879884e-02,8.662514e-02,2.382697e-02,1.088184e-03,1.435079e-03,5.113819e-01,3.049647e-01
6.651895e-03,2.833703e-03,7.132621e-03,1.919618e-02,3.245985e-04,3.930605e-04,8.218893e-05,2.855622e-04,1.411845e-02,9.825155e-02,1.751778e-02,8.117891e-04,1.109584e-03,5.810050e-01,2.502860e-01
4.856837e-03,2.085524e-03,5.666099e-03,1.346375e-02,4.124980e-04,3.762119e-04,9.163566e-05,2.293908e-04,1.780236e-02,1.165383e-01,1.706544e-02,9.197868e-04,1.207389e-03,5.826721e-01,2.366127e-01
3.576980e-03,1.666155e-03,4.518637e-03,9.449413e-03,5.710725e-04,4.343084e-04,8.956850e-05,1.861433e-04,1.862161e-02,2.106173e-01,1.419026e-02,7.399711e-04,1.039018e-03,5.336062e-01,2.006933e-01
4.202701e-03,4.654623e-03,5.048493e-03,6.747222e-03,1.263462e-03,8.825153e-04,1.476402e-04,2.542143e-04,5.565808e-02,3.327554e-01,1.766101e-02,7.341081e-04,1.419443e-03,4.145033e-01,1.540678e-01
3.745218e-02,5.168009e-03,1.026642e-02,5.681568e-03,8.287201e-03,2.893111e-03,4.999468e-04,1.682711e-03,1.105805e-01,3.058766e-01,1.662271e-02,6.584089e-04,1.709229e-03,3.168090e-01,1.758124e-01
6.845001e-02,8.060838e-03,3.296012e-02,8.351741e-03,1.674577e-02,4.097260e-03,6.980543e-04,3.892919e-03,1.557645e-01,2.520069e-01,1.750551e-02,9.190752e-04,2.838315e-03,2.476495e-01,1.800596e-01
6.457980e-02,8.640314e-03,3.076199e-02,6.463263e-03,1.529678e-02,3.572843e-03,5.386483e-04,7.235131e-03,1.841398e-01,2.318418e-01,1.615303e-02,9.610978e-04,3.231967e-03,2.075420e-01,2.190416e-01
6.353495e-02,1.046378e-02,4.520067e-02,9.779176e-03,1.632596e-02,3.315040e-03,4.752616e-04,1.403976e-02,2.204897e-01,2.072396e-01,1.621650e-02,1.086446e-03,3.214928e-03,1.620620e-01,2.265562e-01
1.050022e-01,1.085898e-02,5.127835e-02,1.532942e-02,2.103331e-02,8.486483e-03,5.015085e-04,1.568558e-02,2.576045e-01,1.519424e-01,2.630073e-02,1.949359e-03,4.155111e-03,1.385812e-01,1.912908e-01
1.096296e-01,1.552463e-02,6.333613e-02,1.819395e-02,3.510920e-02,1.143218e-02,7.470515e-04,3.793740e-02,2.471368e-01,1.240772e-01,3.045947e-02,2.476735e-03,4.718048e-03,1.519871e-01,1.472344e-01
1.002739e-01,1.399623e-02,5.439954e-02,1.435399e-02,4.785325e-02,2.266061e-02,1.375235e-03,7.300647e-02,2.517836e-01,1.092985e-01,2.562018e-02,2.134695e-03,4.122683e-03,1.730214e-01,1.060997e-01
1.085862e-01,1.923431e-02,4.663213e-02,1.279719e-01,5.063392e-02,2.054339e-02,1.285421e-03,6.454540e-02,2.047502e-01,9.043074e-02,1.904754e-02,2.101315e-03,3.440707e-03,1.247031e-01,1.160937e-01
1.035115e-01,2.337034e-02,3.655038e-02,2.087464e-01,3.799671e-02,1.826622e-02,1.011696e-03,4.572520e-02,1.792652e-01,7.171901e-02,1.979856e-02,2.279855e-03,3.591864e-03,8.780843e-02,1.603585e-01
1.137032e-01,2.283124e-02,2.945029e-02,1.791687e-01,3.223442e-02,2.177109e-02,1.128631e-03,3.263080e-02,2.029766e-01,6.420769e-02,7.026208e-02,5.710284e-03,1.166561e-02,6.607987e-02,1.461795e-01
8.236078e-02,1.943772e-02,2.167831e-02,1.332532e-01,2.342681e-02,1.623654e-02,9.444665e-04,2.314459e-02,2.254018e-01,6.453583e-02,1.105799e-01,1.832377e-02,7.890992e-02,4.767879e-02,1.340875e-01
5.995101e-02,1.555099e-02,1.598700e-02,1.052625e-01,1.784280e-02,1.219218e-02,8.235919e-04,1.755545e-02,1.769984e-01,5.755670e-02,1.365682e-01,4.478051e-02,2.026617e-01,3.515781e-02,1.011113e-01
4.373981e-02,1.279654e-02,1.240828e-02,8.753479e-02,1.438399e-02,8.991267e-03,9.712206e-04,1.635300e-02,1.382432e-01,4.239985e-02,2.238071e-01,5.464272e-02,2.217715e-01,2.723649e-02,9.472027e-02
4.153012e-02,9.682143e-03,9.446451e-03,8.264138e-02,1.441888e-02,8.755774e-03,9.654597e-04,1.266075e-02,1.173327e-01,3.445306e-02,2.891121e-01,6.390320e-02,1.900773e-01,2.308543e-02,1.019352e-01
4.418644e-02,7.293988e-03,8.561660e-03,7.238018e-02,4.184414e-02,9.611106e-03,1.614235e-03,1.382825e-02,1.011900e-01,2.910795e-02,2.629942e-01,6.288224e-02,1.596912e-01,1.818978e-02,1.666247e-01
3.683579e-02,5.595775e-03,1.371174e-02,9.037737e-02,5.065039e-02,8.664953e-03,2.031149e-03,5.449205e-02,1.012918e-01,3.067690e-02,2.776734e-01,5.223092e-02,1.383375e-01,1.372760e-02,1.237027e-01
3.356526e-02,4.351992e-03,4.173052e-02,1.702724e-01,6.630335e-02,1.131517e-02,2.438227e-03,6.892604e-02,8.876126e-02,2.998397e-02,2.331024e-01,4.162198e-02,1.087425e-01,1.045279e-02,8.843219e-02
3.877268e-02,8.042131e-03,8.752699e-02,1.241557e-01,1.085384e-01,9.588419e-03,2.960709e-03,7.479732e-02,9.693223e-02,3.790160e-02,1.999114e-01,3.387240e-02,9.074280e-02,1.235547e-02,7.390168e-02
4.211405e-02,6.665650e-03,7.871927e-02,9.149978e-02,1.795509e-01,1.187306e-02,4.143721e-03,8.716832e-02,8.289255e-02,4.901579e-02,1.883846e-01,2.711295e-02,8.041096e-02,1.191479e-02,5.853360e-02
4.710623e-02,4.995595e-03,5.732326e-02,6.529839e-02,3.137361e-01,2.387070e-02,9.258224e-03,6.830199e-02,7.168030e-02,5.120152e-02,1.480418e-01,1.979123e-02,6.207869e-02,9.841610e-03,4.747437e-02
4.083395e-02,4.896598e-03,4.902643e-02,5.878498e-02,3.692664e-01,3.515618e-02,1.444300e-02,1.273121e-01,5.263540e-02,3.900159e-02,1.061104e-01,1.440075e-02,4.511147e-02,8.133398e-03,3.488732e-02
5.491868e-02,4.370999e-03,3.564548e-02,4.333404e-02,4.708257e-01,3.590428e-02,1.446545e-02,1.012537e-01,4.087834e-02,3.295959e-02,8.088432e-02,1.218984e-02,3.369797e-02,1.249500e-02,2.617661e-02
6.177547e-02,4.205858e-03,2.648942e-02,3.593050e-02,5.416360e-01,3.012993e-02,1.262105e-02,1.007644e-01,3.333895e-02,2.563744e-02,6.105200e-02,1.066102e-02,2.680145e-02,9.956970e-03,1.899948e-02
7.089546e-02,6.329049e-03,1.980851e-02,3.636728e-02,5.860988e-01,2.446939e-02,1.085249e-02,8.677538e-02,3.949104e-02,2.002155e-02,4.724162e-02,8.681985e-03,2.138351e-02,7.274312e-03,1.430960e-02
7.080761e-02,5.016649e-03,1.683563e-02,7.088056e-02,5.531060e-01,2.077173e-02,1.551403e-02,1.222723e-01,3.735588e-02,1.443379e-02,3.451158e-02,7.420374e-03,1.584733e-02,5.152816e-03,1.007360e-02
1.274365e-01,4.418171e-03,1.504904e-02,1.164303e-01,4.558411e-01,2.535881e-02,1.410637e-02,1.199383e-01,5.072913e-02,1.142758e-02,2.738506e-02,7.659016e-03,1.273543e-02,3.821518e-03,7.663619e-03
1.460037e-01,3.877925e-03,3.077408e-02,1.892163e-01,3.486623e-01,2.253673e-02,1.116105e-02,1.282361e-01,5.312009e-02,9.136526e-03,2.276897e-02,1.308438e-02,1.222290e-02,2.900869e-03,6.298092e-03
2.088569e-01,5.505880e-03,3.629310e-02,2.364087e-01,2.798542e-01,1.914684e-02,8.569865e-03,9.376822e-02,5.119771e-02,8.466519e-03,1.860532e-02,1.372938e-02,1.058388e-02,2.757798e-03,6.255626e-03
3.340579e-01,1.022263e-02,3.314334e-02,1.996186e-01,2.148928e-01,1.812131e-02,8.408304e-03,7.080539e-02,4.481028e-02,7.095853e-03,1.591469e-02,2.009500e-02,1.178155e-02,3.049336e-03,7.983051e-03
3.952868e-01,1.613095e-02,3.428641e-02,2.046571e-01,1.769109e-01,1.690725e-02,8.154385e-03,5.203459e-02,3.840633e-02,5.403308e-03,1.218816e-02,1.892570e-02,1.058483e-02,2.687484e-03,7.435911e-03
3.866870e-01,1.950109e-02,2.654599e-02,2.570979e-01,1.556564e-01,1.604853e-02,7.629823e-03,4.545559e-02,3.024846e-02,4.448572e-03,1.155754e-02,1.937977e-02,1.092802e-02,2.150381e-03,6.664928e-03
3.964505e-01,1.918719e-02,2.104994e-02,2.128183e-01,1.445385e-01,1.543961e-02,8.949196e-03,1.052537e-01,2.301118e-02,3.514365e-03,1.200236e-02,1.874197e-02,1.031792e-02,1.956084e-03,6.769230e-03
3.267177e-01,1.697787e-02,1.714171e-02,1.584993e-01,1.112674e-01,1.307197e-02,7.943677e-03,2.898451e-01,1.663352e-02,2.619917e-03,9.337189e-03,1.476067e-02,8.161109e-03,1.454659e-03,5.568390e-03
2.712038e-01,1.702732e-02,1.452054e-02,1.163269e-01,8.552449e-02,1.177600e-02,7.240791e-03,4.280007e-01,1.250353e-02,2.102702e-03,7.951908e-03,1.197913e-02,7.015502e-03,1.156909e-03,5.669783e-03
3.387130e-01,1.823894e-02,1.664567e-02,8.762799e-02,6.668278e-02,1.423477e-02,9.631285e-03,3.960237e-01,1.040101e-02,2.191009e-03,8.564739e-03,1.377137e-02,8.511452e-03,1.504625e-03,7.257655e-03
2.923881e-01,1.396087e-02,1.492192e-02,6.440985e-02,4.849556e-02,1.220025e-02,9.077044e-03,5.036582e-01,7.812068e-03,1.730333e-03,6.549592e-03,1.097484e-02,7.003707e-03,1.226559e-03,5.591072e-03
2.504451e-01,1.038458e-02,1.323716e-02,4.696836e-02,3.542379e-02,1.001153e-02,8.300410e-03,5.928156e-01,5.647182e-03,1.395636e-03,5.096648e-03,9.262838e-03,5.667832e-03,1.058408e-03,4.284860e-03
1.919612e-01,7.339289e-03,1.019245e-02,3.342941e-02,2.612767e-02,7.545934e-03,8.462241e-03,6.914859e-01,4.079902e-03,1.007342e-03,3.650420e-03,6.666214e-03,4.169820e-03,7.867225e-04,3.095395e-03
1.662206e-01,5.357993e-03,8.489516e-03,2.420818e-02,2.048648e-02,6.625564e-03,9.686137e-03,7.404172e-01,3.104066e-03,7.943411e-04,2.857606e-03,5.151526e-03,3.441664e-03,7.229771e-04,2.436107e-03
2.289523e-01,4.569811e-03,9.153995e-03,1.810890e-02,1.708242e-02,9.685612e-03,1.673209e-02,6.716378e-01,2.838494e-03,8.688826e-04,2.876920e-03,7.753719e-03,5.054722e-03,9.245249e-04,3.759847e-03
2.612206e-01,5.065520e-03,9.140253e-03,1.675582e-02,1.566154e-02,1.240822e-02,1.368622e-02,6.068665e-01,3.822689e-03,1.994767e-03,5.987833e-03,1.941898e-02,1.937903e-02,1.887346e-03,6.704638e-03
2.534040e-01,6.920780e-03,1.029716e-02,2.815834e-02,1.657155e-02,1.224099e-02,1.089340e-02,5.229085e-01,1.502079e-02,1.371348e-02,1.900996e-02,2.572042e-02,4.667851e-02,3.199147e-03,1.526299e-02
1.906205e-01,1.657068e-02,1.472447e-02,8.263901e-02,1.546140e-02,1.063424e-02,9.393398e-03,3.687407e-01,9.625848e-02,4.886888e-02,2.113529e-02,2.392128e-02,4.759934e-02,3.436211e-03,4.999613e-02
1.364805e-01,3.142802e-02,1.242281e-02,8.338129e-02,1.244210e-02,8.967274e-03,7.201457e-03,2.589497e-01,2.117192e-01,6.559255e-02,1.880211e-02,1.772184e-02,4.000165e-02,2.870268e-03,9.201919e-02
9.755310e-02,1.246866e-01,1.195696e-02,7.189644e-02,8.882653e-03,6.782264e-03,5.176752e-03,1.814109e-01,2.760353e-01,5.697626e-02,1.386691e-02,1.282310e-02,2.939076e-02,2.615346e-03,9.994665e-02
7.605166e-02,1.781381e-01,1.091848e-02,6.914032e-02,7.150797e-03,6.566309e-03,4.634120e-03,1.290172e-01,3.289451e-01,4.670681e-02,1.304875e-02,1.007473e-02,2.924564e-02,2.915759e-03,8.744620e-02
6.474238e-02,2.068728e-01,9.405209e-03,6.051119e-02,5.587468e-03,5.577958e-03,3.582988e-03,9.273765e-02,3.533716e-01,4.891438e-02,1.249103e-02,8.440278e-03,3.272854e-02,5.399686e-03,8.963688e-02
5.341921e-02,1.841455e-01,1.158005e-02,6.023034e-02,6.678415e-03,5.840957e-03,2.761446e-03,6.578814e-02,4.371638e-01,3.862625e-02,1.204405e-02,1.038076e-02,3.198458e-02,6.358385e-03,7.299820e-02
5.190368e-02,1.554082e-01,9.047850e-03,5.438359e-02,6.403596e-03,1.679066e-02,2.313323e-03,4.800021e-02,4.229512e-01,2.754998e-02,1.193908e-02,1.085601e-02,1.129363e-01,6.335975e-03,6.318043e-02
1.157319e-01,1.134977e-01,7.560283e-03,4.027800e-02,8.159340e-03,2.383928e-02,3.405224e-03,3.987695e-02,3.216483e-01,2.035290e-02,1.360565e-02,2.334009e-02,1.915120e-01,6.778656e-03,7.041369e-02
8.640487e-02,8.015652e-02,5.457619e-03,2.883256e-02,6.836278e-03,2.743827e-02,2.610230e-03,2.799769e-02,2.263236e-01,1.445980e-02,1.178782e-02,2.443138e-02,3.973629e-01,4.882358e-03,5.501815e-02
6.136319e-02,5.672241e-02,4.058692e-03,2.077357e-02,5.047300e-03,2.612036e-02,1.953370e-03,1.961911e-02,1.587578e-01,1.045365e-02,1.050933e-02,2.202059e-02,5.589082e-01,3.783979e-03,3.990838e-02
5.908535e-02,4.199862e-02,3.123813e-03,1.652586e-02,4.780247e-03,3.423823e-02,1.828282e-03,1.384268e-02,1.155335e-01,8.647708e-03,1.593606e-02,4.107559e-02,6.068240e-01,5.393430e-03,3.116659e-02
5.156082e-02,3.069923e-02,3.128357e-03,1.375140e-02,4.923373e-03,3.584857e-02,1.829104e-03,9.810724e-03,8.698636e-02,1.057898e-02,4.664068e-02,7.924755e-02,5.329381e-01,6.103059e-03,8.595366e-02
4.361343e-02,2.321255e-02,2.664694e-03,1.193538e-02,5.378979e-03,2.900472e-02,1.588746e-03,6.923933e-03,8.273642e-02,1.806874e-02,5.100351e-02,6.679283e-02,4.563608e-01,4.851301e-02,1.522022e-01
3.084055e-02,1.672915e-02,2.354100e-03,8.834413e-03,4.276325e-03,2.091164e-02,1.163005e-03,5.052755e-03,9.416918e-02,2.665106e-02,6.323783e-02,5.373947e-02,3.387679e-01,1.081971e-01,2.250754e-01
2.210340e-02,1.235249e-02,2.392757e-03,6.811263e-03,4.920056e-03,1.598233e-02,9.114232e-04,3.750325e-03,9.259381e-02,2.798108e-02,5.558964e-02,3.936683e-02,2.436590e-01,1.279464e-01,3.436391e-01
1.733677e-02,1.100092e-02,9.306015e-03,5.069801e-03,4.792363e-03,1.217798e-02,7.664638e-04,2.931966e-03,7.476418e-02,4.564283e-02,5.452836e-02,3.232460e-02,1.734100e-01,1.493758e-01,4.065719e-01
1.467960e-02,1.130019e-02,2.203528e-02,4.208634e-03,4.159124e-03,9.596341e-03,8.654641e-04,4.687730e-03,8.471404e-02,5.839167e-02,5.369369e-02,2.311002e-02,1.233785e-01,1.154076e-01,4.697721e-01
1.408858e-02,2.014974e-02,2.857444e-02,3.610520e-03,3.786524e-03,8.059579e-03,7.713065e-04,4.501973e-03,9.416215e-02,6.766172e-02,4.063680e-02,1.635747e-02,8.711869e-02,9.146916e-02,5.190513e-01
1.157333e-02,5.423012e-02,4.848600e-02,6.320380e-03,4.961340e-03,8.526590e-03,7.634062e-04,1.032485e-02,1.465635e-01,5.579764e-02,3.003754e-02,1.164938e-02,6.251942e-02,7.156096e-02,4.766855e-01
1.199703e-02,8.573818e-02,4.856860e-02,5.406668e-03,4.676746e-03,7.243938e-03,8.048847e-04,9.945357e-03,1.472800e-01,6.390854e-02,2.203014e-02,8.271730e-03,4.536606e-02,5.610835e-02,4.826538e-01
1.350063e-02,1.596834e-01,7.826488e-02,6.779701e-03,6.906773e-03,6.429362e-03,1.540412e-03,1.512955e-02,1.376317e-01,5.690368e-02,1.652975e-02,5.878174e-03,3.245988e-02,4.659693e-02,4.157652e-01
1.685830e-02,2.066629e-01,6.269136e-02,5.405677e-03,6.555644e-03,5.693492e-03,1.216659e-03,1.205172e-02,1.198238e-01,6.713179e-02,1.221934e-02,4.312154e-03,2.472772e-02,4.008004e-02,4.145694e-01
2.745975e-02,1.633862e-01,1.335941e-01,5.302068e-03,9.663552e-03,9.191937e-03,1.122028e-03,1.233103e-02,9.251382e-02,6.772429e-02,9.804512e-03,3.097343e-03,1.823573e-02,5.452351e-02,3.920501e-01
2.942962e-02,1.203121e-01,2.486353e-01,5.669914e-03,8.578820e-03,9.569637e-03,1.194214e-03,1.177167e-02,6.937050e-02,7.988530e-02,7.359844e-03,2.284786e-03,1.370288e-02,6.027088e-02,3.319645e-01
2.833418e-02,8.724509e-02,3.524618e-01,5.701690e-03,7.217501e-03,7.795121e-03,9.135677e-04,9.705173e-03,5.141020e-02,1.007208e-01,5.548289e-03,1.656815e-03,9.874716e-03,5.339555e-02,2.780195e-01
2.242900e-02,6.589990e-02,4.480685e-01,1.492587e-02,6.262460e-03,5.640638e-03,6.985334e-04,6.877437e-03,4.094895e-02,9.094112e-02,4.198393e-03,1.381428e-03,7.207937e-03,3.812943e-02,2.463904e-01
2.071263e-02,5.451760e-02,4.587123e-01,1.339530e-02,5.324094e-03,4.336951e-03,5.570046e-04,5.077371e-03,3.291330e-02,9.600016e-02,3.255518e-03,1.050624e-03,5.257599e-03,2.770385e-02,2.711857e-01
1.547381e-02,4.120748e-02,4.365232e-01,1.281301e-02,3.863019e-03,3.221569e-03,4.083464e-04,3.579891e-03,2.963764e-02,8.700354e-02,2.802210e-03,8.731804e-04,4.243935e-03,1.994907e-02,3.384000e-01
1.978900e-02,3.218231e-02,4.133578e-01,2.143238e-02,3.247451e-03,2.990938e-03,3.660180e-04,2.704953e-03,3.948784e-02,6.882811e-02,5.306987e-03,1.208630e-03,4.995458e-03,1.956378e-02,3.645384e-01
3.306159e-02,3.140461e-02,3.258996e-01,1.858316e-02,3.565768e-03,2.978132e-03,3.098641e-04,2.321216e-03,5.938656e-02,5.553919e-02,7.349294e-03,1.342904e-03,4.874745e-03,2.072788e-02,4.326554e-01
3.522074e-02,4.114521e-02,2.649430e-01,2.849386e-02,3.139176e-03,3.022319e-03,2.895148e-04,1.995126e-03,1.487847e-01,4.543965e-02,1.001597e-02,2.259990e-03,5.522640e-03,2.503666e-02,3.846914e-01
8.155064e-02,4.879382e-02,1.897090e-01,2.479117e-02,3.866115e-03,3.561507e-03,3.485206e-04,2.215675e-03,1.999195e-01,4.552110e-02,1.360067e-02,2.815995e-03,9.692684e-03,3.481362e-02,3.388000e-01
1.214211e-01,5.459839e-02,1.392134e-01,3.356034e-02,3.187332e-03,4.009629e-03,3.831282e-04,1.939128e-03,2.408574e-01,3.683345e-02,1.405725e-02,3.810870e-03,9.760909e-03,4.438265e-02,2.919850e-01
1.575292e-01,5.430280e-02,1.014693e-01,3.184894e-02,2.859453e-03,4.032555e-03,4.360015e-04,2.180109e-03,2.452524e-01,3.106419e-02,1.604439e-02,7.014192e-03,1.682308e-02,5.404484e-02,2.750986e-01
1.731263e-01,4.672553e-02,7.299230e-02,2.371858e-02,2.844965e-03,3.622231e-03,4.508844e-04,2.222385e-03,2.245644e-01,2.588296e-02,1.707246e-02,6.627299e-03,2.071695e-02,7.118805e-02,3.082448e-01
1.943533e-01,5.002273e-02,5.574224e-02,2.136801e-02,3.748298e-03,3.573733e-03,4.965191e-04,2.945656e-03,2.441992e-01,2.327252e-02,1.588233e-02,7.498871e-03,2.713049e-02,6.720501e-02,2.825612e-01
1.716583e-01,5.095000e-02,4.169526e-02,1.602023e-02,5.749925e-03,3.409201e-03,4.545638e-04,2.831005e-03,2.415725e-01,1.903656e-02,1.350415e-02,5.792505e-03,2.306971e-02,6.642244e-02,3.378336e-01
1.822449e-01,4.589372e-02,3.425945e-02,1.505943e-02,8.786500e-03,4.169351e-03,6.431506e-04,4.134638e-03,2.594265e-01,1.613433e-02,1.254274e-02,5.400348e-03,2.449347e-02,5.075554e-02,3.360560e-01
2.034105e-01,9.028988e-02,2.645596e-02,1.429374e-02,9.536583e-03,5.326609e-03,7.715552e-04,4.549852e-03,2.298208e-01,1.257605e-02,1.086584e-02,4.877965e-03,2.648785e-02,4.160790e-02,3.191290e-01
1.603681e-01,8.642132e-02,2.039703e-02,1.368731e-02,7.613320e-03,4.695575e-03,6.044383e-04,3.595601e-03,3.374743e-01,1.162105e-02,8.237484e-03,4.087911e-03,2.296966e-02,3.320493e-02,2.850220e-01
1.333730e-01,9.965254e-02,1.748129e-02,1.091444e-02,5.705012e-03,3.797186e-03,4.934580e-04,3.124384e-03,3.686280e-01,1.493618e-02,6.520750e-03,3.709930e-03,2.054606e-02,3.751461e-02,2.736032e-01
1.225895e-01,1.139080e-01,1.484759e-02,8.930746e-03,4.341010e-03,3.375045e-03,4.046533e-04,2.682697e-03,3.666493e-01,2.423477e-02,5.771725e-03,3.452618e-03,1.738034e-02,4.835862e-02,2.630734e-01
1.302636e-01,9.936625e-02,1.753935e-02,7.164889e-03,3.994318e-03,3.368612e-03,3.454083e-04,2.415196e-03,3.668557e-01,2.799967e-02,6.012033e-03,3.831416e-03,1.612931e-02,5.556776e-02,2.591465e-01
1.073227e-01,8.607315e-02,1.632818e-02,5.330868e-03,3.231067e-03,2.800717e-03,3.216753e-04,2.357516e-03,3.598481e-01,3.205488e-02,6.119263e-03,3.448308e-03,1.437643e-02,7.813337e-02,2.822537e-01
8.144525e-02,6.735294e-02,1.428481e-02,3.923760e-03,2.476374e-03,2.132046e-03,2.394482e-04,1.922443e-03,3.313163e-01,4.021973e-02,5.258571e-03,2.604198e-03,1.134431e-02,6.864365e-02,3.668361e-01
5.933012e-02,4.988240e-02,1.229340e-02,3.831963e-03,1.905210e-03,1.691278e-03,1.813282e-04,1.573042e-03,3.465310e-01,3.008721e-02,4.640111e-03,2.043281e-03,1.019536e-02,5.175650e-02,4.240577e-01
4.265988e-02,3.829354e-02,9.786943e-03,3.109036e-03,1.469916e-03,1.332614e-03,1.361671e-04,1.187759e-03,3.096408e-01,2.246195e-02,3.686405e-03,1.506316e-03,7.798808e-03,3.949865e-02,5.174312e-01
3.054942e-02,2.716057e-02,9.266908e-03,4.057399e-03,1.583825e-03,1.192388e-03,1.754872e-04,3.828575e-03,2.882922e-01,1.623321e-02,3.989933e-03,1.257625e-03,8.613467e-03,2.991872e-02,5.738803e-01
2.295157e-02,1.981145e-02,1.285244e-02,4.323927e-03,1.795120e-03,9.483497e-04,1.521354e-04,4.021875e-03,2.103281e-01,1.177284e-02,3.177207e-03,9.331646e-04,6.291046e-03,2.223772e-02,6.784031e-01
1.785623e-02,1.506057e-02,4.667503e-02,3.233539e-02,5.711195e-03,9.011122e-04,3.201354e-04,1.136519e-02,1.708951e-01,8.588187e-03,2.967985e-03,8.726647e-04,5.713549e-03,1.584958e-02,6.648881e-01
1.481687e-02,1.389564e-02,5.447421e-02,2.442998e-02,6.533945e-03,1.988797e-03,1.669775e-03,1.271011e-02,1.304557e-01,6.698599e-03,2.827455e-03,1.076895e-03,6.676207e-03,1.135793e-02,7.103879e-01
1.538928e-02,1.163328e-02,8.526923e-02,1.947496e-02,8.167375e-03,3.304251e-03,4.727590e-03,2.726536e-02,9.599369e-02,5.448832e-03,2.734738e-03,1.079055e-03,6.728112e-03,8.270356e-03,7.045139e-01
1.623495e-02,9.674422e-03,1.799094e-01,1.474639e-02,9.330173e-03,6.046063e-03,2.363129e-02,4.759295e-02,6.871168e-02,4.451543e-03,2.390997e-03,9.970688e-04,6.069394e-03,5.921783e-03,6.042919e-01
1.440241e-02,8.050178e-03,1.777754e-01,1.061500e-02,1.003673e-02,4.863069e-03,1.705427e-01,5.837044e-02,4.958283e-02,3.607786e-03,1.857420e-03,7.863380e-04,5.589807e-03,4.213142e-03,4.797068e-01
1.383676e-02,8.515530e-03,1.696760e-01,8.416022e-03,1.613340e-02,4.500692e-03,2.687588e-01,7.434766e-02,3.889619e-02,3.490340e-03,1.498030e-03,6.899859e-04,7.459393e-03,2.986434e-03,3.807948e-01
1.427010e-02,7.186239e-03,1.270403e-01,7.618544e-03,2.809609e-02,5.295760e-03,2.848196e-01,1.693806e-01,3.054118e-02,3.964705e-03,1.506173e-03,6.579357e-04,8.471685e-03,2.129793e-03,3.090213e-01
1.421699e-02,6.156444e-03,9.652526e-02,8.377903e-03,4.095447e-02,5.058712e-03,2.921062e-01,2.226955e-01,2.668671e-02,6.518580e-03,1.446856e-03,5.978920e-04,1.180814e-02,1.556883e-03,2.652935e-01
1.638737e-02,5.969977e-03,7.469583e-02,8.542778e-03,3.947933e-02,4.718171e-03,2.967571e-01,2.647917e-01,2.336555e-02,7.481001e-03,1.498864e-03,6.057173e-04,1.795159e-02,1.243183e-03,2.365119e-01
2.195147e-02,5.847318e-03,5.492150e-02,7.061199e-03,3.331012e-02,4.585650e-03,3.715440e-01,2.240738e-01,2.260854e-02,8.288174e-03,1.453754e-03,7.665667e-04,3.532072e-02,1.012005e-03,2.072552e-01
3.609207e-02,6.031023e-03,4.152117e-02,6.919370e-03,2.661590e-02,4.911906e-03,3.686177e-01,1.917770e-01,2.086020e-02,7.365425e-03,1.472145e-03,1.288194e-03,4.265798e-02,9.390699e-04,2.429310e-01
4.856008e-02,6.680545e-03,3.479260e-02,8.469875e-03,2.670274e-02,7.168340e-03,3.435305e-01,1.991822e-01,2.553313e-02,7.009100e-03,1.630376e-03,2.350029e-03,3.691044e-02,9.245608e-04,2.505556e-01
5.654967e-02,8.324421e-03,3.505694e-02,8.162661e-03,2.814947e-02,6.975383e-03,3.248124e-01,2.128071e-01,4.979309e-02,6.755750e-03,1.554822e-03,2.295962e-03,3.072874e-02,8.996387e-04,2.271340e-01
6.832781e-02,9.770660e-03,3.260117e-02,6.770782e-03,2.947699e-02,7.799858e-03,3.690658e-01,1.730475e-01,7.079039e-02,5.936218e-03,1.656506e-03,2.853596e-03,2.848189e-02,1.075439e-03,1.923455e-01
8.850038e-02,8.932907e-03,2.680427e-02,6.032601e-03,3.053463e-02,8.924574e-03,3.878065e-01,1.858287e-01,7.518835e-02,4.884435e-03,2.148931e-03,4.250628e-03,2.531786e-02,1.193868e-03,1.436515e-01
1.405471e-01,9.243585e-03,2.290947e-02,5.974978e-03,3.205945e-02,1.007724e-02,3.697147e-01,1.817542e-01,7.981190e-02,4.241100e-03,2.947144e-03,6.632965e-03,2.468345e-02,1.444254e-03,1.079585e-01
2.040067e-01,8.773934e-03,1.857783e-02,5.424411e-03,2.744734e-02,1.407351e-02,3.591540e-01,1.693397e-01,7.501660e-02,4.094010e-03,3.177035e-03,1.025857e-02,2.034013e-02,1.388962e-03,7.892720e-02
2.390300e-01,7.722501e-03,1.527015e-02,4.904174e-03,2.353334e-02,1.417023e-02,3.880331e-01,1.430435e-01,6.840454e-02,4.102158e-03,3.495375e-03,1.117625e-02,1.777055e-02,1.431825e-03,5.791236e-02
2.989840e-01,7.502120e-03,1.317837e-02,5.362431e-03,2.193269e-02,1.477019e-02,3.586168e-01,1.259569e-01,6.953828e-02,3.839459e-03,4.510756e-03,1.310205e-02,1.840733e-02,1.414537e-03,4.288405e-02
3.467879e-01,7.597098e-03,1.072645e-02,5.789471e-03,2.124555e-02,1.537508e-02,3.286384e-01,1.176921e-01,6.554260e-02,3.462882e-03,6.213605e-03,1.551216e-02,2.050746e-02,1.427933e-03,3.348128e-02
3.910018e-01,7.531156e-03,9.397129e-03,6.276023e-03,1.962497e-02,1.776754e-02,2.965761e-01,1.154210e-01,5.972430e-02,3.404691e-03,7.336542e-03,1.799063e-02,1.916212e-02,1.483402e-03,2.730269e-02
4.194586e-01,9.475250e-03,9.766445e-03,1.616679e-02,1.950923e-02,3.014607e-02,2.378917e-01,1.025573e-01,4.639594e-02,4.675339e-03,9.511560e-03,3.881660e-02,2.613727e-02,1.862766e-03,2.762917e-02
3.499322e-01,1.033174e-02,8.067477e-03,2.011798e-02,1.563396e-02,3.896780e-02,2.215043e-01,7.895358e-02,3.775128e-02,7.283432e-03,1.684923e-02,1.034415e-01,5.782009e-02,1.834241e-03,3.151122e-02
3.347362e-01,1.120899e-02,7.141498e-03,2.081352e-02,1.515178e-02,4.155470e-02,2.177479e-01,6.574662e-02,3.184284e-02,9.607578e-03,2.983987e-02,8.967720e-02,8.476667e-02,2.551862e-03,3.761277e-02
3.625021e-01,9.122835e-03,5.943506e-03,1.954988e-02,1.233055e-02,3.877294e-02,1.657815e-01,4.964852e-02,2.496932e-02,1.027653e-02,3.547230e-02,8.450959e-02,1.389986e-01,4.951411e-03,3.717036e-02
3.489883e-01,9.203337e-03,5.495158e-03,1.758220e-02,1.146316e-02,3.704617e-02,1.304960e-01,3.806525e-02,1.909600e-02,1.537540e-02,3.041696e-02,6.361417e-02,2.197784e-01,5.311014e-03,4.806849e-02
2.680998e-01,7.064576e-03,6.772485e-03,1.321133e-02,1.337172e-02,3.388982e-02,1.021642e-01,2.746803e-02,1.616950e-02,7.338682e-02,2.516269e-02,6.842048e-02,2.918856e-01,5.918449e-03,4.701445e-02
1.901883e-01,5.439344e-03,5.267249e-03,1.013925e-02,1.385863e-02,2.803403e-02,7.786962e-02,1.934500e-02,1.194382e-02,1.309238e-01,1.917607e-02,7.032732e-02,3.669344e-01,4.951463e-03,4.560173e-02
1.347241e-01,3.962632e-03,3.855166e-03,7.307929e-03,1.363722e-02,2.083547e-02,5.633050e-02,1.363274e-02,9.095212e-03,2.947836e-01,1.478809e-02,6.154864e-02,3.011849e-01,3.872402e-03,6.044143e-02
9.462550e-02,2.960495e-03,2.903908e-03,5.247417e-03,1.230454e-02,1.518338e-02,4.014846e-02,9.623484e-03,7.431567e-03,4.439816e-01,1.096367e-02,6.665743e-02,2.358034e-01,2.929604e-03,4.923553e-02
6.705792e-02,2.149832e-03,2.378347e-03,3.949623e-03,1.393371e-02,1.242293e-02,3.077998e-02,9.466056e-03,6.621650e-03,5.586144e-01,8.693508e-03,5.525619e-02,1.756585e-01,2.241168e-03,5.077615e-02
4.768286e-02,2.050791e-03,2.242287e-03,3.087889e-03,1.098013e-02,9.129802e-03,2.203057e-02,6.933571e-03,6.639746e-03,5.277387e-01,6.899651e-03,5.544595e-02,2.331335e-01,1.898345e-03,6.410625e-02
3.387790e-02,1.958446e-03,2.947608e-03,3.273905e-03,1.997596e-02,6.876458e-03,1.786325e-02,8.575655e-03,8.488214e-03,5.533291e-01,5.679896e-03,4.242756e-02,2.006489e-01,1.472424e-03,9.260474e-02
