1.000000e+00,0.000000e+00,0.000000e+00,0.000000e+00,0.000000e+00,0.000000e+00,0.000000e+00,0.000000e+00,0.000000e+00,0.000000e+00,0.000000e+00,0.000000e+00,0.000000e+00,0.000000e+00,0.000000e+00
1.000000e+00,0.000000e+00,0.000000e+00,0.000000e+00,0.000000e+00,0.000000e+00,0.000000e+00,0.000000e+00,0.000000e+00,0.000000e+00,0.000000e+00,0.000000e+00,0.000000e+00,0.000000e+00,0.000000e+00
1.000000e+00,0.000000e+00,0.000000e+00,0.000000e+00,0.000000e+00,0.000000e+00,0.000000e+00,0.000000e+00,0.000000e+00,0.000000e+00,0.000000e+00,0.000000e+00,0.000000e+00,0.000000e+00,0.000000e+00
1.000000e+00,0.000000e+00,0.000000e+00,0.000000e+00,0.000000e+00,0.000000e+00,0.000000e+00,0.000000e+00,0.000000e+00,0.000000e+00,0.000000e+00,0.000000e+00,0.000000e+00,0.000000e+00,0.000000e+00
1.000000e+00,0.000000e+00,0.000000e+00,0.000000e+00,0.000000e+00,0.000000e+00,0.000000e+00,0.000000e+00,0.000000e+00,0.000000e+00,0.000000e+00,0.000000e+00,0.000000e+00,0.000000e+00,0.000000e+00
1.000000e+00,0.000000e+00,0.000000e+00,0.000000e+00,0.000000e+00,0.000000e+00,0.000000e+00,0.000000e+00,0.000000e+00,0.000000e+00,0.000000e+00,0.000000e+00,0.000000e+00,0.000000e+00,0.000000e+00
1.000000e+00,0.000000e+00,0.000000e+00,0.000000e+00,0.000000e+00,0.000000e+00,0.000000e+00,0.000000e+00,0.000000e+00,0.000000e+00,0.000000e+00,0.000000e+00,0.000000e+00,0.000000e+00,0.000000e+00
1.000000e+00,0.000000e+00,0.000000e+00,0.000000e+00,0.000000e+00,0.000000e+00,0.000000e+00,0.000000e+00,0.000000e+00,0.000000e+00,0.000000e+00,0.000000e+00,0.000000e+00,0.000000e+00,0.000000e+00
1.000000e+00,0.000000e+00,0.000000e+00,0.000000e+00,0.000000e+00,0.000000e+00,0.000000e+00,0.000000e+00,0.000000e+00,0.000000e+00,0.000000e+00,0.000000e+00,0.000000e+00,0.000000e+00,0.000000e+00
1.000000e+00,0.000000e+00,0.000000e+00,0.000000e+00,0.000000e+00,0.000000e+00,0.000000e+00,0.000000e+00,0.000000e+00,0.000000e+00,0.000000e+00,0.000000e+00,0.000000e+00,0.000000e+00,0.000000e+00
1.000000e+00,0.000000e+00,0.000000e+00,0.000000e+00,0.000000e+00,0.000000e+00,0.000000e+00,0.000000e+00,0.000000e+00,0.000000e+00,0.000000e+00,0.000000e+00,0.000000e+00,0.000000e+00,0.000000e+00
1.000000e+00,0.000000e+00,0.000000e+00,0.000000e+00,0.000000e+00,0.000000e+00,0.000000e+00,0.000000e+00,0.000000e+00,0.000000e+00,0.000000e+00,0.000000e+00,0.000000e+00,0.000000e+00,0.000000e+00
1.000000e+00,0.000000e+00,0.000000e+00,0.000000e+00,0.000000e+00,0.000000e+00,0.000000e+00,0.000000e+00,0.000000e+00,0.000000e+00,0.000000e+00,0.000000e+00,0.000000e+00,0.000000e+00,0.000000e+00
1.000000e+00,0.000000e+00,0.000000e+00,0.000000e+00,0.000000e+00,0.000000e+00,0.000000e+00,0.000000e+00,0.000000e+00,0.000000e+00,0.000000e+00,0.000000e+00,0.000000e+00,0.000000e+00,0.000000e+00
1.000000e+00,0.000000e+00,0.000000e+00,0.000000e+00,0.000000e+00,0.000000e+00,0.000000e+00,0.000000e+00,0.000000e+00,0.000000e+00,0.000000e+00,0.000000e+00,0.000000e+00,0.000000e+00,0.000000e+00
1.000000e+00,0.000000e+00,0.000000e+00,0.000000e+00,0.000000e+00,0.000000e+00,0.000000e+00,0.000000e+00,0.000000e+00,0.000000e+00,0.000000e+00,0.000000e+00,0.000000e+00,0.000000e+00,0.000000e+00
1.000000e+00,0.000000e+00,0.000000e+00,0.000000e+00,0.000000e+00,0.000000e+00,0.000000e+00,0.000000e+00,0.000000e+00,0.000000e+00,0.000000e+00,0.000000e+00,0.000000e+00,0.000000e+00,0.000000e+00
1.000000e+00,0.000000e+00,0.000000e+00,0.000000e+00,0.000000e+00,0.000000e+00,0.000000e+00,0.000000e+00,0.000000e+00,0.000000e+00,0.000000e+00,0.000000e+00,0.000000e+00,0.000000e+00,0.000000e+00
1.000000e+00,0.000000e+00,0.000000e+00,0.000000e+00,0.000000e+00,0.000000e+00,0.000000e+00,0.000000e+00,0.000000e+00,0.000000e+00,0.000000e+00,0.000000e+00,0.000000e+00,0.000000e+00,0.000000e+00
1.000000e+00,0.000000e+00,0.000000e+00,0.000000e+00,0.000000e+00,0.000000e+00,0.000000e+00,0.000000e+00,0.000000e+00,0.000000e+00,0.000000e+00,0.000000e+00,0.000000e+00,0.000000e+00,0.000000e+00
1.000000e+00,0.000000e+00,0.000000e+00,0.000000e+00,0.000000e+00,0.000000e+00,0.000000e+00,0.000000e+00,0.000000e+00,0.000000e+00,0.000000e+00,0.000000e+00,0.000000e+00,0.000000e+00,0.000000e+00
1.000000e+00,0.000000e+00,0.000000e+00,0.000000e+00,0.000000e+00,0.000000e+00,0.000000e+00,0.000000e+00,0.000000e+00,0.000000e+00,0.000000e+00,0.000000e+00,0.000000e+00,0.000000e+00,0.000000e+00
1.000000e+00,0.000000e+00,0.000000e+00,0.000000e+00,0.000000e+00,0.000000e+00,0.000000e+00,0.000000e+00,0.000000e+00,0.000000e+00,0.000000e+00,0.000000e+00,0.000000e+00,0.000000e+00,0.000000e+00
1.000000e+00,0.000000e+00,0.000000e+00,0.000000e+00,0.000000e+00,0.000000e+00,0.000000e+00,0.000000e+00,0.000000e+00,0.000000e+00,0.000000e+00,0.000000e+00,0.000000e+00,0.000000e+00,0.000000e+00
1.000000e+00,0.000000e+00,0.000000e+00,0.000000e+00,0.000000e+00,0.000000e+00,0.000000e+00,0.000000e+00,0.000000e+00,0.000000e+00,0.000000e+00,0.000000e+00,0.000000e+00,0.000000e+00,0.000000e+00
1.000000e+00,0.000000e+00,0.000000e+00,0.000000e+00,0.000000e+00,0.000000e+00,0.000000e+00,0.000000e+00,0.000000e+00,0.000000e+00,0.000000e+00,0.000000e+00,0.000000e+00,0.000000e+00,0.000000e+00
1.000000e+00,0.000000e+00,0.000000e+00,0.000000e+00,0.000000e+00,0.000000e+00,0.000000e+00,0.000000e+00,0.000000e+00,0.000000e+00,0.000000e+00,0.000000e+00,0.000000e+00,0.000000e+00,0.000000e+00
1.000000e+00,0.000000e+00,0.000000e+00,0.000000e+00,0.000000e+00,0.000000e+00,0.000000e+00,0.000000e+00,0.000000e+00,0.000000e+00,0.000000e+00,0.000000e+00,0.000000e+00,0.000000e+00,0.000000e+00
1.000000e+00,0.000000e+00,0.000000e+00,0.000000e+00,0.000000e+00,0.000000e+00,0.000000e+00,0.000000e+00,0.000000e+00,0.000000e+00,0.000000e+00,0.000000e+00,0.000000e+00,0.000000e+00,0.000000e+00
1.000000e+00,0.000000e+00,0.000000e+00,0.000000e+00,0.000000e+00,0.000000e+00,0.000000e+00,0.000000e+00,0.000000e+00,0.000000e+00,0.000000e+00,0.000000e+00,0.000000e+00,0.000000e+00,0.000000e+00
1.000000e+00,0.000000e+00,0.000000e+00,0.000000e+00,0.000000e+00,0.000000e+00,0.000000e+00,0.000000e+00,0.000000e+00,0.000000e+00,0.000000e+00,0.000000e+00,0.000000e+00,0.000000e+00,0.000000e+00
1.000000e+00,0.000000e+00,0.000000e+00,0.000000e+00,0.000000e+00,0.000000e+00,0.000000e+00,0.000000e+00,0.000000e+00,0.000000e+00,0.000000e+00,0.000000e+00,0.000000e+00,0.000000e+00,0.000000e+00
1.000000e+00,0.000000e+00,0.000000e+00,0.000000e+00,0.000000e+00,0.000000e+00,0.000000e+00,0.000000e+00,0.000000e+00,0.000000e+00,0.000000e+00,0.000000e+00,0.000000e+00,0.000000e+00,0.000000e+00
1.000000e+00,0.000000e+00,0.000000e+00,0.000000e+00,0.000000e+00,0.000000e+00,0.000000e+00,0.000000e+00,0.000000e+00,0.000000e+00,0.000000e+00,0.000000e+00,0.000000e+00,0.000000e+00,0.000000e+00
1.000000e+00,0.000000e+00,0.000000e+00,0.000000e+00,0.000000e+00,0.000000e+00,0.000000e+00,0.000000e+00,0.000000e+00,0.000000e+00,0.000000e+00,0.000000e+00,0.000000e+00,0.000000e+00,0.000000e+00
1.000000e+00,0.000000e+00,0.000000e+00,0.000000e+00,0.000000e+00,0.000000e+00,0.000000e+00,0.000000e+00,0.000000e+00,0.000000e+00,0.000000e+00,0.000000e+00,0.000000e+00,0.000000e+00,0.000000e+00
1.000000e+00,0.000000e+00,0.000000e+00,0.000000e+00,0.000000e+00,0.000000e+00,0.000000e+00,0.000000e+00,0.000000e+00,0.000000e+00,0.000000e+00,0.000000e+00,0.000000e+00,0.000000e+00,0.000000e+00
1.000000e+00,0.000000e+00,0.000000e+00,0.000000e+00,0.000000e+00,0.000000e+00,0.000000e+00,0.000000e+00,0.000000e+00,0.000000e+00,0.000000e+00,0.000000e+00,0.000000e+00,0.000000e+00,0.000000e+00
1.000000e+00,0.000000e+00,0.000000e+00,0.000000e+00,0.000000e+00,0.000000e+00,0.000000e+00,0.000000e+00,0.000000e+00,0.000000e+00,0.000000e+00,0.000000e+00,0.000000e+00,0.000000e+00,0.000000e+00
1.000000e+00,0.000000e+00,0.000000e+00,0.000000e+00,0.000000e+00,0.000000e+00,0.000000e+00,0.000000e+00,0.000000e+00,0.000000e+00,0.000000e+00,0.000000e+00,0.000000e+00,0.000000e+00,0.000000e+00
1.000000e+00,0.000000e+00,0.000000e+00,0.000000e+00,0.000000e+00,0.000000e+00,0.000000e+00,0.000000e+00,0.000000e+00,0.000000e+00,0.000000e+00,0.000000e+00,0.000000e+00,0.000000e+00,0.000000e+00
1.000000e+00,0.000000e+00,0.000000e+00,0.000000e+00,0.000000e+00,0.000000e+00,0.000000e+00,0.000000e+00,0.000000e+00,0.000000e+00,0.000000e+00,0.000000e+00,0.000000e+00,0.000000e+00,0.000000e+00
1.000000e+00,0.000000e+00,0.000000e+00,0.000000e+00,0.000000e+00,0.000000e+00,0.000000e+00,0.000000e+00,0.000000e+00,0.000000e+00,0.000000e+00,0.000000e+00,0.000000e+00,0.000000e+00,0.000000e+00
1.000000e+00,0.000000e+00,0.000000e+00,0.000000e+00,0.000000e+00,0.000000e+00,0.000000e+00,0.000000e+00,0.000000e+00,0.000000e+00,0.000000e+00,0.000000e+00,0.000000e+00,0.000000e+00,0.000000e+00
1.000000e+00,0.000000e+00,0.000000e+00,0.000000e+00,0.000000e+00,0.000000e+00,0.000000e+00,0.000000e+00,0.000000e+00,0.000000e+00,0.000000e+00,0.000000e+00,0.000000e+00,0.000000e+00,0.000000e+00
1.000000e+00,0.000000e+00,0.000000e+00,0.000000e+00,0.000000e+00,0.000000e+00,0.000000e+00,0.000000e+00,0.000000e+00,0.000000e+00,0.000000e+00,0.000000e+00,0.000000e+00,0.000000e+00,0.000000e+00
1.000000e+00,0.000000e+00,0.000000e+00,0.000000e+00,0.000000e+00,0.000000e+00,0.000000e+00,0.000000e+00,0.000000e+00,0.000000e+00,0.000000e+00,0.000000e+00,0.000000e+00,0.000000e+00,0.000000e+00
1.000000e+00,0.000000e+00,0.000000e+00,0.000000e+00,0.000000e+00,0.000000e+00,0.000000e+00,0.000000e+00,0.000000e+00,0.000000e+00,0.000000e+00,0.000000e+00,0.000000e+00,0.000000e+00,0.000000e+00
1.000000e+00,0.000000e+00,0.000000e+00,0.000000e+00,0.000000e+00,0.000000e+00,0.000000e+00,0.000000e+00,0.000000e+00,0.000000e+00,0.000000e+00,0.000000e+00,0.000000e+00,0.000000e+00,0.000000e+00
1.000000e+00,0.000000e+00,0.000000e+00,0.000000e+00,0.000000e+00,0.000000e+00,0.000000e+00,0.000000e+00,0.000000e+00,0.000000e+00,0.000000e+00,0.000000e+00,0.000000e+00,0.000000e+00,0.000000e+00
1.000000e+00,0.000000e+00,0.000000e+00,0.000000e+00,0.000000e+00,0.000000e+00,0.000000e+00,0.000000e+00,0.000000e+00,0.000000e+00,0.000000e+00,0.000000e+00,0.000000e+00,0.000000e+00,0.000000e+00
1.000000e+00,0.000000e+00,0.000000e+00,0.000000e+00,0.000000e+00,0.000000e+00,0.000000e+00,0.000000e+00,0.000000e+00,0.000000e+00,0.000000e+00,0.000000e+00,0.000000e+00,0.000000e+00,0.000000e+00
1.000000e+00,0.000000e+00,0.000000e+00,0.000000e+00,0.000000e+00,0.000000e+00,0.000000e+00,0.000000e+00,0.000000e+00,0.000000e+00,0.000000e+00,0.000000e+00,0.000000e+00,0.000000e+00,0.000000e+00
1.000000e+00,0.000000e+00,0.000000e+00,0.000000e+00,0.000000e+00,0.000000e+00,0.000000e+00,0.000000e+00,0.000000e+00,0.000000e+00,0.000000e+00,0.000000e+00,0.000000e+00,0.000000e+00,0.000000e+00
1.000000e+00,0.000000e+00,0.000000e+00,0.000000e+00,0.000000e+00,0.000000e+00,0.000000e+00,0.000000e+00,0.000000e+00,0.000000e+00,0.000000e+00,0.000000e+00,0.000000e+00,0.000000e+00,0.000000e+00
1.000000e+00,0.000000e+00,0.000000e+00,0.000000e+00,0.000000e+00,0.000000e+00,0.000000e+00,0.000000e+00,0.000000e+00,0.000000e+00,0.000000e+00,0.000000e+00,0.000000e+00,0.000000e+00,0.000000e+00
4.575226e-01,5.045645e-02,2.709363e-02,1.963999e-01,1.897705e-02,2.575503e-02,9.107173e-03,2.973303e-02,2.219110e-02,2.548147e-03,2.705399e-02,7.145755e-02,2.527529e-02,5.939600e-03,3.048960e-02
4.174263e-01,6.277320e-02,2.611790e-02,2.157912e-01,2.396785e-02,2.474032e-02,1.009623e-02,2.650839e-02,2.580906e-02,2.952021e-03,2.851364e-02,6.823193e-02,2.712790e-02,6.338650e-03,3.360551e-02
4.220653e-01,7.072414e-02,2.350209e-02,2.081937e-01,2.576699e-02,2.509765e-02,1.004859e-02,2.320667e-02,2.761159e-02,3.352524e-03,2.690310e-02,6.256880e-02,2.773461e-02,6.477917e-03,3.674640e-02
3.404907e-01,6.829859e-02,3.613794e-02,3.050787e-01,2.305292e-02,2.119664e-02,8.152423e-03,3.041634e-02,2.319811e-02,2.744180e-03,2.504000e-02,5.514763e-02,2.318213e-02,5.777170e-03,3.208654e-02
3.207938e-01,5.323959e-02,7.193992e-02,2.455829e-01,1.965253e-02,2.296527e-02,2.485938e-02,9.608384e-02,1.782499e-02,2.228824e-03,2.103634e-02,4.980323e-02,2.383390e-02,4.503747e-03,2.565176e-02
2.570819e-01,4.016129e-02,9.643098e-02,1.974327e-01,1.561549e-02,2.842598e-02,3.508238e-02,2.075582e-01,1.332831e-02,1.786944e-03,1.749327e-02,4.370094e-02,2.261286e-02,3.464352e-03,1.982440e-02
2.390583e-01,3.137406e-02,1.329683e-01,1.501777e-01,1.278516e-02,2.926064e-02,4.854105e-02,2.599724e-01,9.748351e-03,1.502527e-03,1.322129e-02,3.368212e-02,1.928407e-02,2.838304e-03,1.558573e-02
2.781523e-01,2.516330e-02,1.308832e-01,1.109297e-01,1.055092e-02,2.630553e-02,4.685396e-02,2.948749e-01,7.350819e-03,1.319218e-03,1.069492e-02,2.638377e-02,1.526990e-02,2.568066e-03,1.269949e-02
3.990540e-01,2.256913e-02,1.042271e-01,8.307437e-02,8.924557e-03,2.425817e-02,4.081933e-02,2.489595e-01,6.067456e-03,1.300730e-03,9.429041e-03,2.254076e-02,1.396625e-02,2.576455e-03,1.223323e-02
3.328104e-01,1.669663e-02,9.360346e-02,6.015300e-02,7.468618e-03,2.249485e-02,6.370554e-02,3.503720e-01,4.442376e-03,1.052628e-03,7.115774e-03,1.697916e-02,1.114572e-02,2.175208e-03,9.784770e-03
2.846741e-01,1.204576e-02,8.084056e-02,4.367054e-02,5.830713e-03,1.923719e-02,5.653989e-02,4.577480e-01,3.193970e-03,8.560940e-04,5.180741e-03,1.246664e-02,8.605747e-03,1.657386e-03,7.452724e-03
3.230157e-01,9.013402e-03,6.654356e-02,3.152129e-02,5.086114e-03,1.794561e-02,5.686440e-02,4.556682e-01,2.435001e-03,8.488795e-04,4.040212e-03,1.068815e-02,7.760606e-03,1.410394e-03,7.158530e-03
3.140041e-01,7.133922e-03,6.037101e-02,2.329855e-02,4.758107e-03,1.703814e-02,6.442142e-02,4.773130e-01,1.893013e-03,9.033937e-04,3.280535e-03,9.607954e-03,7.567551e-03,1.328914e-03,7.080377e-03
3.341069e-01,5.885262e-03,4.985245e-02,1.737456e-02,4.898755e-03,1.764178e-02,6.131682e-02,4.749579e-01,1.595112e-03,9.799001e-04,2.958416e-03,9.696223e-03,8.149650e-03,1.666956e-03,8.919410e-03
3.576242e-01,4.984189e-03,4.532890e-02,1.347751e-02,5.183440e-03,1.977969e-02,6.920539e-02,4.442996e-01,1.453119e-03,1.077548e-03,2.699179e-03,1.181999e-02,9.775785e-03,1.804577e-03,1.148679e-02
3.751286e-01,4.695367e-03,4.230696e-02,1.108605e-02,5.664622e-03,2.318864e-02,7.147689e-02,4.170321e-01,1.546919e-03,1.311969e-03,2.852080e-03,1.509523e-02,1.155841e-02,2.206503e-03,1.484962e-02
3.832249e-01,4.106855e-03,3.344832e-02,8.753790e-03,5.896578e-03,2.117641e-02,7.070386e-02,4.082567e-01,1.984201e-03,1.785452e-03,3.417663e-03,2.075866e-02,1.641728e-02,2.603260e-03,1.746605e-02
2.851613e-01,3.325141e-03,2.481593e-02,8.938119e-03,5.533839e-03,1.571159e-02,5.436446e-02,4.657235e-01,2.756635e-03,6.263719e-03,1.164216e-02,2.772836e-02,6.126383e-02,1.037584e-02,1.639558e-02
2.064020e-01,2.950925e-03,1.788310e-02,1.908712e-02,4.290129e-03,1.177844e-02,3.875591e-02,3.737940e-01,8.474141e-03,9.084798e-03,3.612204e-02,3.991779e-02,1.912405e-01,1.812654e-02,2.209266e-02
1.449679e-01,2.494766e-03,1.306816e-02,3.789070e-02,3.467564e-03,8.744971e-03,2.729579e-02,2.632849e-01,1.415773e-02,8.253585e-03,4.417132e-02,3.610042e-02,3.372464e-01,1.891761e-02,3.993823e-02
1.016588e-01,1.873608e-03,9.390467e-03,3.901153e-02,3.200146e-03,6.298624e-03,1.920449e-02,1.847359e-01,1.424258e-02,6.503528e-03,4.573238e-02,2.824853e-02,4.652792e-01,1.625857e-02,5.836168e-02
7.134243e-02,1.368041e-03,6.736641e-03,3.800403e-02,3.630051e-03,4.740249e-03,1.351342e-02,1.308984e-01,2.178512e-02,5.515949e-03,5.166928e-02,2.671167e-02,5.206575e-01,1.273665e-02,9.069058e-02
5.083360e-02,1.225349e-03,5.456398e-03,1.183680e-01,5.881803e-03,3.902991e-03,9.655925e-03,9.367440e-02,3.469094e-02,7.513295e-03,5.873141e-02,2.353502e-02,4.959937e-01,1.048284e-02,8.005431e-02
3.620139e-02,9.437159e-04,5.994678e-03,1.032172e-01,8.312935e-03,3.600674e-03,6.896439e-03,6.715292e-02,2.969280e-02,7.361597e-03,1.080270e-01,2.408795e-02,4.939517e-01,8.066572e-03,9.649245e-02
2.791220e-02,9.678638e-04,2.117749e-02,8.223916e-02,1.354254e-02,2.893387e-03,5.161261e-03,4.879189e-02,3.632105e-02,1.134579e-02,1.052070e-01,2.597790e-02,4.866169e-01,7.957920e-03,1.238876e-01
2.099355e-02,9.874059e-04,4.633757e-02,6.135955e-02,1.327114e-02,2.549766e-03,3.810520e-03,4.000635e-02,3.588901e-02,9.332753e-03,9.816178e-02,2.615078e-02,4.723961e-01,6.701848e-03,1.620518e-01
1.709683e-02,2.822386e-03,6.319817e-02,4.523518e-02,1.179183e-02,6.650717e-03,3.629172e-03,3.475315e-02,4.483647e-02,9.733899e-03,7.967769e-02,3.232820e-02,4.523988e-01,5.945196e-03,1.899023e-01
1.390331e-02,9.073122e-03,7.767234e-02,3.525202e-02,2.040901e-02,7.272908e-03,3.064335e-03,2.642533e-02,8.139625e-02,1.236933e-02,6.628052e-02,3.040263e-02,3.774592e-01,5.393815e-03,2.336258e-01
1.119684e-02,1.105423e-02,7.197887e-02,2.768729e-02,2.110334e-02,7.773274e-03,2.792633e-03,2.684594e-02,9.213561e-02,1.344885e-02,5.629458e-02,3.072380e-02,3.605928e-01,5.739251e-03,2.606326e-01
9.105984e-03,1.265131e-02,5.497284e-02,2.470864e-02,1.636952e-02,7.635154e-03,2.293481e-03,3.988954e-02,1.810794e-01,1.089955e-02,4.656590e-02,2.981538e-02,3.261603e-01,1.101133e-02,2.268416e-01
7.612580e-03,1.817594e-02,4.252833e-02,1.976518e-02,1.343747e-02,1.385177e-02,1.695054e-03,3.223302e-02,2.937594e-01,1.138629e-02,4.217248e-02,2.424465e-02,2.579204e-01,1.119210e-02,2.100252e-01
5.934569e-03,1.373625e-02,3.023885e-02,1.796141e-02,1.009816e-02,1.058580e-02,1.249859e-03,2.326335e-02,4.242220e-01,1.049606e-02,6.106330e-02,1.910157e-02,2.094899e-01,8.311030e-03,1.542479e-01
5.184121e-03,1.108478e-02,2.277064e-02,2.112205e-02,1.204919e-02,8.672288e-03,1.069885e-03,1.925980e-02,3.548955e-01,1.366369e-02,1.488614e-01,3.329808e-02,2.144754e-01,1.042010e-02,1.231731e-01
4.957237e-03,8.116795e-03,2.167004e-02,2.172572e-02,1.276806e-02,6.338609e-03,1.762787e-03,1.230481e-01,2.682803e-01,1.117337e-02,1.591408e-01,5.696196e-02,2.030318e-01,1.017598e-02,9.084842e-02
7.437868e-03,7.000788e-03,2.842634e-02,1.117152e-01,1.757836e-02,5.783787e-03,1.718421e-03,1.314504e-01,2.474118e-01,9.236993e-03,1.423151e-01,4.230978e-02,1.546362e-01,1.369986e-02,7.927920e-02
2.681644e-02,9.181435e-03,5.185510e-02,1.257739e-01,2.731694e-02,7.504075e-03,2.977806e-03,1.496856e-01,2.088279e-01,8.778112e-03,1.148485e-01,3.141963e-02,1.195097e-01,1.617939e-02,9.932546e-02
1.045866e-01,1.183345e-02,4.745707e-02,9.917898e-02,9.531154e-02,1.569026e-02,2.953167e-03,1.207494e-01,1.597828e-01,9.942694e-03,1.125783e-01,2.613518e-02,9.472956e-02,2.195050e-02,7.712048e-02
1.402002e-01,1.366565e-02,5.499042e-02,7.975257e-02,1.442949e-01,1.664693e-02,3.394930e-03,1.101983e-01,1.352199e-01,8.257454e-03,9.237318e-02,2.203071e-02,7.875199e-02,3.189859e-02,6.832425e-02
1.108880e-01,1.461764e-02,4.152740e-02,5.932201e-02,1.112570e-01,1.835380e-02,2.707124e-03,8.232221e-02,1.619775e-01,9.342370e-03,8.887400e-02,2.185315e-02,7.129569e-02,7.481329e-02,1.308489e-01
8.048811e-02,1.327997e-02,3.194675e-02,4.430548e-02,7.978944e-02,1.512137e-02,2.076077e-03,5.854915e-02,2.203342e-01,8.704927e-03,1.071081e-01,2.071252e-02,5.819208e-02,1.529984e-01,1.063933e-01
5.890559e-02,1.313513e-02,2.655889e-02,3.306291e-02,5.790268e-02,1.309387e-02,1.656881e-03,4.147223e-02,2.719877e-01,9.048238e-03,1.144142e-01,1.639737e-02,4.622852e-02,1.984251e-01,9.771059e-02
4.187936e-02,9.588487e-03,1.904506e-02,2.334242e-02,4.092240e-02,9.805978e-03,1.200015e-03,2.935204e-02,2.156894e-01,7.796914e-03,9.963138e-02,1.226487e-02,3.350421e-02,3.855276e-01,7.044981e-02
2.991444e-02,7.637647e-03,1.367917e-02,1.680314e-02,2.913810e-02,7.490342e-03,8.717873e-04,2.062907e-02,1.878379e-01,7.311799e-03,1.624124e-01,9.828531e-03,2.447145e-02,4.309784e-01,5.099577e-02
2.195395e-02,5.807535e-03,9.858419e-03,1.213302e-02,2.207289e-02,6.112682e-03,6.607954e-04,1.451036e-02,1.464127e-01,6.226824e-03,1.751775e-01,8.351980e-03,1.808053e-02,5.157872e-01,3.685369e-02
1.566160e-02,4.520325e-03,7.023192e-03,8.606265e-03,1.598434e-02,4.820763e-03,4.959185e-04,1.020497e-02,1.205011e-01,5.525358e-03,1.441971e-01,6.558673e-03,1.312433e-02,6.155789e-01,2.719726e-02
1.106784e-02,3.339035e-03,5.003140e-03,6.142927e-03,1.196842e-02,3.593773e-03,3.601502e-04,7.160481e-03,1.284205e-01,5.199860e-03,1.134490e-01,5.165948e-03,9.453991e-03,6.691118e-01,2.056308e-02
7.911592e-03,2.671007e-03,3.605001e-03,4.540013e-03,9.159532e-03,2.880809e-03,2.939581e-04,5.039335e-03,1.733892e-01,4.751170e-03,8.822715e-02,4.511372e-03,6.736010e-03,6.704683e-01,1.581557e-02
6.576507e-03,2.742129e-03,3.745066e-03,4.193929e-03,1.053904e-02,2.648161e-03,2.968385e-04,3.606600e-03,2.501059e-01,4.309528e-03,6.725052e-02,3.343522e-03,4.780232e-03,6.230997e-01,1.276234e-02
5.927363e-03,2.477030e-03,2.951413e-03,3.552223e-03,9.065310e-03,4.033369e-03,3.106812e-04,2.647093e-03,2.827209e-01,3.734901e-03,5.007904e-02,2.586673e-03,3.453898e-03,6.156662e-01,1.079391e-02
4.584653e-03,3.341866e-03,4.242355e-03,2.967252e-03,9.782793e-03,5.359133e-03,2.689159e-04,2.088385e-03,3.242481e-01,2.940566e-03,3.769238e-02,1.876580e-03,2.484899e-03,5.886917e-01,9.430470e-03
3.987452e-03,3.846919e-03,4.083559e-03,2.474486e-03,8.158972e-03,7.790906e-03,2.252090e-04,1.683528e-03,3.503395e-01,2.473488e-03,2.815710e-02,1.381546e-03,1.810091e-03,5.747631e-01,8.824184e-03
3.798225e-03,3.519120e-03,3.422825e-03,2.490637e-03,6.443804e-03,6.795571e-03,1.838312e-04,2.290098e-03,3.869026e-01,2.499652e-03,2.052545e-02,9.950302e-04,1.850092e-03,5.515311e-01,6.751885e-03
4.107248e-03,3.636021e-03,3.152609e-03,3.704042e-03,5.702910e-03,1.057977e-02,1.648664e-04,1.679605e-03,4.054536e-01,2.298630e-03,1.638557e-02,7.743649e-04,1.701198e-03,5.298678e-01,1.079177e-02
7.144262e-03,5.526174e-03,5.221580e-03,3.062417e-03,4.742536e-03,1.038218e-02,1.679413e-04,1.301782e-03,4.063970e-01,2.739245e-03,2.924298e-02,6.303829e-04,1.871588e-03,5.075589e-01,1.401088e-02
6.601176e-03,4.822370e-03,6.501854e-03,3.196078e-03,4.426346e-03,2.193269e-02,2.545832e-04,2.361965e-03,4.108099e-01,3.535044e-03,2.676735e-02,7.091127e-04,2.526493e-03,4.913464e-01,1.420863e-02
5.459450e-03,3.827671e-03,6.595539e-03,3.011915e-03,3.806287e-03,1.834584e-02,2.198595e-04,2.529889e-03,3.385454e-01,4.922556e-03,2.411243e-02,6.197391e-04,2.073714e-03,5.716215e-01,1.430820e-02
6.639037e-03,4.151561e-03,1.523361e-02,4.773038e-03,4.555325e-03,1.748175e-02,2.604803e-04,2.177446e-03,3.052407e-01,8.102790e-03,2.893087e-02,6.364750e-04,2.000144e-03,5.797081e-01,2.010870e-02
1.905569e-02,4.033903e-03,2.234399e-02,7.686770e-03,8.405978e-03,1.470012e-02,5.454004e-04,3.273834e-03,2.635501e-01,2.513276e-02,3.708200e-02,7.973302e-04,2.203003e-03,5.673493e-01,2.383983e-02
1.567669e-02,3.598349e-03,2.462879e-02,7.388724e-03,1.136821e-02,1.102354e-02,5.177774e-04,1.297391e-02,2.132953e-01,4.027634e-02,3.577805e-02,9.260892e-04,2.387986e-03,5.912124e-01,2.894793e-02
1.323506e-02,3.356289e-03,2.426308e-02,6.238973e-03,1.189496e-02,9.244407e-03,4.805941e-04,1.539748e-02,1.651324e-01,4.369111e-02,3.473722e-02,8.534194e-04,2.363973e-03,6.441248e-01,2.498616e-02
1.104265e-02,2.890472e-03,2.551766e-02,8.991232e-03,1.433020e-02,7.412768e-03,6.182006e-04,4.648256e-02,1.477099e-01,5.144033e-02,3.050767e-02,7.683274e-04,2.361367e-03,6.304294e-01,1.949727e-02
1.212159e-02,4.348740e-03,4.636586e-02,1.137290e-02,1.715163e-02,1.087126e-02,1.321106e-03,1.021190e-01,1.650425e-01,5.169614e-02,2.748569e-02,8.340024e-04,2.602258e-03,5.302261e-01,1.644134e-02
1.306014e-02,9.649185e-03,4.372606e-02,1.552854e-02,3.215547e-02,1.679936e-02,1.635962e-03,1.398672e-01,1.695084e-01,7.211256e-02,2.408026e-02,8.095623e-04,2.370257e-03,4.449388e-01,1.375819e-02
1.184868e-02,1.718483e-02,5.771761e-02,1.879262e-02,3.273024e-02,1.488998e-02,1.592915e-03,2.169988e-01,1.613604e-01,7.391686e-02,2.156154e-02,1.214276e-03,3.842195e-03,3.519118e-01,1.443722e-02
1.108620e-02,2.841675e-02,5.409405e-02,1.836428e-02,3.556093e-02,3.234429e-02,2.162679e-03,2.638738e-01,2.009487e-01,6.063069e-02,1.811417e-02,1.318769e-03,4.564565e-03,2.547336e-01,1.378654e-02
1.524819e-02,3.629055e-02,4.525377e-02,4.227100e-02,4.221387e-02,5.949417e-02,2.679243e-03,2.562513e-01,2.252408e-01,6.184173e-02,1.438376e-02,1.814861e-03,5.393689e-03,1.790931e-01,1.252996e-02
1.884765e-02,4.099532e-02,3.331625e-02,3.320977e-02,7.264348e-02,4.992539e-02,3.123996e-03,1.983036e-01,3.406826e-01,4.980116e-02,1.131167e-02,1.663436e-03,5.452764e-03,1.281753e-01,1.254771e-02
2.621052e-02,3.898745e-02,2.452717e-02,4.223514e-02,9.806453e-02,3.730752e-02,3.230925e-03,1.977272e-01,3.766576e-01,3.853199e-02,9.013926e-03,1.400013e-03,5.089791e-03,9.060485e-02,1.041143e-02
1.911937e-02,3.044377e-02,1.832868e-02,2.584133e-01,7.270114e-02,2.677344e-02,2.371317e-03,1.387600e-01,2.807540e-01,2.761849e-02,3.476582e-02,3.156655e-03,1.490092e-02,6.348539e-02,8.407759e-03
1.348467e-02,2.148127e-02,1.312327e-02,2.623605e-01,5.397088e-02,2.018368e-02,1.753119e-03,9.721158e-02,1.980268e-01,2.179957e-02,1.170706e-01,1.424305e-02,1.130690e-01,4.448783e-02,7.734281e-03
9.568536e-03,1.532028e-02,9.574844e-03,2.873469e-01,4.385236e-02,1.536004e-02,1.323002e-03,6.813055e-02,1.405295e-01,1.662950e-02,1.353968e-01,3.135078e-02,1.887403e-01,3.119209e-02,5.684547e-03
6.870864e-03,1.092466e-02,6.860493e-03,2.359592e-01,3.406259e-02,1.320910e-02,1.095107e-03,4.783006e-02,1.010432e-01,1.207175e-02,1.408784e-01,5.183337e-02,3.113027e-01,2.191453e-02,4.144059e-03
5.053659e-03,7.674520e-03,4.829010e-03,1.686130e-01,3.141874e-02,9.587917e-03,8.349416e-04,3.351377e-02,8.115688e-02,9.371399e-03,1.820787e-01,4.868172e-02,3.985389e-01,1.541793e-02,3.228951e-03
3.690473e-03,5.440863e-03,3.414874e-03,1.194692e-01,2.362947e-02,7.938527e-03,6.536389e-04,2.356346e-02,5.818853e-02,6.810263e-03,1.417659e-01,5.769154e-02,5.344689e-01,1.091510e-02,2.359188e-03
2.747347e-03,3.847533e-03,2.448741e-03,8.398217e-02,1.804106e-02,6.345525e-03,7.188639e-04,1.668495e-02,4.227311e-02,6.027527e-03,1.068753e-01,9.908415e-02,6.014260e-01,7.771089e-03,1.726633e-03
2.338920e-03,2.773517e-03,1.986383e-03,5.911285e-02,1.495682e-02,5.242301e-03,6.159626e-04,1.325251e-02,3.459467e-02,5.663875e-03,8.139625e-02,1.571803e-01,6.138184e-01,5.763614e-03,1.303636e-03
2.106941e-03,1.984424e-03,1.625559e-03,4.152936e-02,1.739038e-02,3.955502e-03,7.226787e-04,5.165841e-02,3.161140e-02,4.651315e-03,5.939844e-02,1.377405e-01,6.406156e-01,4.077087e-03,9.324688e-04
1.842560e-03,1.521703e-03,1.427572e-03,2.926564e-02,1.994076e-02,2.884064e-03,6.486985e-04,4.158431e-02,3.744770e-02,6.427024e-03,4.506990e-02,1.323774e-01,6.758482e-01,3.001654e-03,7.128168e-04
1.816828e-03,1.240961e-03,1.277484e-03,2.061948e-02,1.550953e-02,2.946413e-03,5.833263e-04,3.119589e-02,3.835808e-02,1.602872e-02,3.573163e-02,2.231563e-01,6.088120e-01,2.195348e-03,5.280684e-04
1.451270e-03,9.753780e-04,1.077757e-03,1.447940e-02,2.146287e-02,2.231547e-03,1.027989e-03,2.237145e-02,4.310305e-02,1.529848e-02,2.844621e-02,3.713136e-01,4.747038e-01,1.643334e-03,4.138372e-04
1.401353e-03,1.159315e-03,1.231411e-03,1.020642e-02,2.116004e-02,1.858066e-03,1.298574e-03,1.649766e-02,4.824646e-02,3.312191e-02,2.224864e-02,4.527918e-01,3.865904e-01,1.668167e-03,5.197885e-04
1.826784e-03,1.108186e-03,1.245385e-03,7.268364e-03,1.830197e-02,1.726437e-03,9.653189e-04,1.357320e-02,4.140298e-02,4.527320e-02,2.031794e-02,5.272232e-01,3.178614e-01,1.462877e-03,4.428304e-04
1.924654e-03,1.417339e-03,1.576193e-03,5.274442e-03,1.652696e-02,1.548469e-03,7.033719e-04,1.098535e-02,3.715150e-02,6.404272e-02,2.081508e-02,5.894266e-01,2.470531e-01,1.200008e-03,3.542663e-04
1.650166e-03,1.266363e-03,1.737597e-03,4.204409e-03,2.080890e-02,1.329593e-03,5.174581e-04,1.130622e-02,5.903351e-02,6.750066e-02,1.873189e-02,6.293520e-01,1.814311e-01,8.714549e-04,2.587139e-04
1.222610e-03,1.158386e-03,1.605343e-03,3.187246e-03,2.211893e-02,9.761587e-04,4.393028e-04,1.421243e-02,1.791685e-01,4.940863e-02,1.594336e-02,5.794877e-01,1.302676e-01,6.186905e-04,1.850472e-04
9.318328e-04,1.112487e-03,1.489842e-03,2.366590e-03,1.788051e-02,7.865084e-04,3.669694e-04,1.229646e-02,2.068449e-01,4.414828e-02,1.303852e-02,6.046439e-01,9.349672e-02,4.584386e-04,1.379973e-04
7.420868e-04,1.060992e-03,1.430726e-03,2.090764e-03,1.467490e-02,6.687610e-04,3.289945e-04,1.831490e-02,2.967217e-01,3.486481e-02,1.150266e-02,5.498125e-01,6.733748e-02,3.449850e-04,1.037425e-04
7.759308e-04,1.695864e-03,1.599241e-03,2.059679e-03,1.635038e-02,7.901905e-04,3.465991e-04,1.817848e-02,3.089436e-01,3.199893e-02,1.088613e-02,5.580701e-01,4.782961e-02,3.652234e-04,1.100407e-04
1.262250e-03,2.586171e-03,2.716199e-03,2.511036e-03,2.317131e-02,1.373271e-03,4.396890e-04,2.518146e-02,3.467412e-01,3.526090e-02,1.559629e-02,5.068035e-01,3.562581e-02,5.158723e-04,2.151272e-04
1.740779e-03,3.541386e-03,3.035321e-03,3.081138e-03,2.160927e-02,2.021540e-03,5.948812e-04,3.486443e-02,4.092095e-01,3.926047e-02,3.518566e-02,4.118276e-01,3.020613e-02,2.206977e-03,1.614939e-03
1.974270e-03,2.814268e-03,4.052679e-03,5.966582e-03,1.876149e-02,2.615371e-03,1.523615e-03,7.458772e-02,3.531726e-01,3.576587e-02,5.185925e-02,4.039346e-01,3.218997e-02,5.342162e-03,5.439573e-03
1.911106e-03,2.144210e-03,5.093823e-03,6.144928e-03,1.682035e-02,2.148508e-03,1.534879e-03,2.252570e-01,2.687511e-01,2.611114e-02,6.445726e-02,3.294974e-01,3.700123e-02,8.840461e-03,4.286581e-03
2.379410e-03,3.453276e-03,6.749240e-03,8.737390e-03,1.921812e-02,2.682712e-03,1.622907e-03,2.564168e-01,3.001486e-01,2.038670e-02,6.407953e-02,2.658938e-01,3.496417e-02,9.568789e-03,3.698534e-03
4.573704e-03,5.852685e-03,1.131195e-02,4.648489e-02,2.042751e-02,2.213431e-02,2.040520e-03,2.680748e-01,3.185279e-01,1.462290e-02,4.980746e-02,1.953668e-01,2.973056e-02,7.291547e-03,3.752460e-03
5.444425e-03,7.630512e-03,1.128912e-02,7.396922e-02,2.169393e-02,2.281968e-02,2.211794e-03,2.042834e-01,4.302355e-01,1.109585e-02,3.677696e-02,1.396600e-01,2.261514e-02,5.355430e-03,4.919006e-03
7.160411e-03,1.168641e-02,1.049697e-02,7.757639e-02,2.974960e-02,2.175775e-02,2.679621e-03,1.680651e-01,5.048662e-01,9.019798e-03,2.792993e-02,9.946526e-02,1.817765e-02,4.909999e-03,6.458818e-03
7.405886e-03,1.733312e-02,1.228047e-02,1.228769e-01,3.395609e-02,2.442857e-02,2.165746e-03,1.230376e-01,5.149291e-01,9.196088e-03,2.597396e-02,7.465281e-02,1.751051e-02,4.735671e-03,9.517582e-03
1.601698e-02,1.737107e-02,1.334681e-02,9.762797e-02,6.484630e-02,2.347065e-02,3.437004e-03,1.001007e-01,5.451038e-01,9.576378e-03,2.214791e-02,5.504183e-02,1.436072e-02,6.341306e-03,1.121061e-02
4.166491e-02,2.059886e-02,1.935704e-02,8.843379e-02,1.018020e-01,2.012243e-02,4.077225e-03,9.074478e-02,4.992900e-01,1.037259e-02,2.424650e-02,4.186685e-02,1.456206e-02,1.096942e-02,1.189160e-02
9.099403e-02,2.989556e-02,3.121265e-02,8.568044e-02,1.057414e-01,1.889903e-02,4.906933e-03,8.119108e-02,4.346204e-01,1.170608e-02,2.762817e-02,3.186395e-02,1.601861e-02,1.735773e-02,1.228401e-02
1.257358e-01,3.249137e-02,2.997292e-02,7.640085e-02,1.170638e-01,1.733661e-02,4.936115e-03,7.470234e-02,3.952694e-01,1.361694e-02,3.329538e-02,2.490180e-02,1.483862e-02,2.304198e-02,1.639611e-02
1.029332e-01,5.102584e-02,4.149568e-02,1.754690e-01,9.487151e-02,1.401613e-02,3.621678e-03,5.477678e-02,3.111929e-01,1.445150e-02,4.058137e-02,2.663891e-02,1.783708e-02,1.783197e-02,3.325657e-02
1.601568e-01,5.982363e-02,3.657153e-02,1.423120e-01,8.840101e-02,1.342879e-02,3.486071e-03,5.491484e-02,2.932305e-01,1.552911e-02,3.591289e-02,2.456173e-02,1.709296e-02,1.786021e-02,3.671791e-02
2.566031e-01,5.687878e-02,3.536782e-02,1.153624e-01,7.124090e-02,1.263730e-02,2.938501e-03,5.474991e-02,2.473894e-01,1.381251e-02,3.774108e-02,2.386628e-02,1.551109e-02,1.950451e-02,3.639647e-02
3.290932e-01,5.446228e-02,5.067430e-02,1.104372e-01,5.237284e-02,1.282986e-02,2.819561e-03,4.201123e-02,1.891205e-01,1.213717e-02,3.497829e-02,2.509394e-02,1.482356e-02,1.949556e-02,4.965056e-02
2.933678e-01,5.135027e-02,5.507127e-02,1.043937e-01,3.742293e-02,1.120193e-02,2.325250e-03,3.021943e-02,1.466354e-01,1.493222e-02,2.761495e-02,2.086581e-02,1.286038e-02,1.600761e-02,1.757310e-01
3.796489e-01,4.806058e-02,5.895490e-02,1.023811e-01,3.003393e-02,1.165664e-02,2.939553e-03,2.998991e-02,1.099389e-01,1.214395e-02,2.912904e-02,1.866189e-02,1.566502e-02,1.498050e-02,1.358151e-01
4.565971e-01,4.285526e-02,5.656278e-02,8.471659e-02,2.404711e-02,1.434855e-02,3.811266e-03,2.664205e-02,8.275138e-02,1.206211e-02,3.014590e-02,2.130212e-02,1.824601e-02,1.821505e-02,1.076967e-01
4.885632e-01,3.319973e-02,4.456229e-02,6.339493e-02,1.861613e-02,1.401508e-02,3.561484e-03,2.127007e-02,6.645855e-02,1.395057e-02,3.845510e-02,2.199451e-02,2.121941e-02,6.652362e-02,8.421537e-02
4.808767e-01,2.694812e-02,3.556818e-02,5.008333e-02,1.675102e-02,1.346305e-02,3.248757e-03,1.744164e-02,9.957910e-02,1.962786e-02,3.832662e-02,1.795130e-02,3.538385e-02,6.718992e-02,7.756060e-02
4.405866e-01,2.247837e-02,2.672536e-02,5.059307e-02,1.371384e-02,1.201115e-02,2.518978e-03,1.417762e-02,1.860781e-01,2.694257e-02,3.404014e-02,1.374507e-02,3.148520e-02,5.056462e-02,7.433935e-02
4.202956e-01,2.367287e-02,2.091775e-02,6.033700e-02,1.255422e-02,1.255829e-02,2.085352e-03,1.132582e-02,2.579618e-01,2.433704e-02,2.718366e-02,1.039814e-02,2.373021e-02,3.632766e-02,5.631467e-02
4.734780e-01,2.178591e-02,1.692568e-02,5.338235e-02,1.177763e-02,1.196126e-02,2.253419e-03,1.120276e-02,2.013226e-01,2.864558e-02,4.403579e-02,9.723509e-03,3.200895e-02,3.579689e-02,4.569975e-02
4.844642e-01,1.823552e-02,1.649978e-02,4.054802e-02,1.052371e-02,9.382552e-03,1.698971e-03,8.580053e-03,1.499221e-01,2.347830e-02,9.565647e-02,1.304071e-02,4.146394e-02,4.070934e-02,4.579636e-02
3.705605e-01,1.618226e-02,1.552542e-02,3.013738e-02,2.849622e-02,7.315913e-03,1.358581e-03,7.341422e-03,1.832674e-01,2.163931e-02,1.037693e-01,9.491420e-03,3.365075e-02,8.249161e-02,8.877244e-02
2.793567e-01,1.629985e-02,2.625890e-02,2.866641e-02,4.192190e-02,6.846750e-03,1.998218e-03,1.428430e-02,2.423615e-01,1.793003e-02,1.025554e-01,7.193645e-03,2.819938e-02,7.759278e-02,1.085342e-01
2.134429e-01,1.450560e-02,2.257026e-02,2.145340e-02,3.126480e-02,4.721825e-02,2.022563e-03,1.170028e-02,2.447703e-01,1.516282e-02,8.530256e-02,7.943086e-03,2.568524e-02,5.923467e-02,1.977233e-01
1.664488e-01,1.275484e-02,5.457199e-02,1.898483e-02,2.600190e-02,3.724793e-02,2.070722e-03,9.336163e-03,2.374933e-01,1.444095e-02,9.809297e-02,6.909776e-03,2.225976e-02,5.866252e-02,2.347235e-01
1.256323e-01,1.066120e-02,8.284414e-02,1.557293e-02,2.045819e-02,2.869711e-02,1.652301e-03,7.510179e-03,2.039620e-01,1.340945e-02,2.052706e-01,7.307045e-03,3.040946e-02,6.374383e-02,1.828693e-01
8.949059e-02,9.804722e-03,1.003506e-01,2.469754e-02,2.024292e-02,2.200053e-02,1.582616e-03,7.484562e-03,2.296403e-01,1.792634e-02,2.042975e-01,6.191754e-03,3.302298e-02,6.423083e-02,1.690362e-01
6.639710e-02,1.066878e-02,8.886695e-02,2.228909e-02,2.339445e-02,1.727044e-02,1.654209e-03,6.855162e-03,2.517678e-01,2.170018e-02,1.971065e-01,5.963676e-03,3.884528e-02,6.296809e-02,1.842523e-01
4.970816e-02,8.576535e-03,6.826614e-02,2.277592e-02,1.828462e-02,1.582714e-02,1.264462e-03,6.208265e-03,2.752735e-01,1.932906e-02,2.667691e-01,7.756294e-03,3.652675e-02,6.043901e-02,1.429951e-01
3.810883e-02,6.755791e-03,5.166855e-02,2.154885e-02,1.477035e-02,1.261539e-02,9.509836e-04,5.395228e-03,2.338889e-01,1.963719e-02,3.795430e-01,1.045172e-02,3.966302e-02,5.912989e-02,1.058723e-01
2.888648e-02,5.740615e-03,3.793615e-02,1.720061e-02,1.196495e-02,9.599391e-03,6.935304e-04,4.270325e-03,2.052605e-01,1.812998e-02,4.679993e-01,9.779174e-03,3.764737e-02,6.799825e-02,7.689346e-02
2.570720e-02,4.961565e-03,3.889604e-02,1.429075e-02,1.015416e-02,1.336827e-02,1.377317e-03,1.633811e-02,1.682218e-01,2.699021e-02,5.023836e-01,1.184392e-02,3.497002e-02,6.885872e-02,6.163824e-02
2.127156e-02,5.423330e-03,3.672467e-02,1.403235e-02,2.280241e-02,1.024141e-02,1.813108e-03,1.542791e-02,1.305610e-01,3.030060e-02,5.456136e-01,1.346896e-02,3.139265e-02,6.507866e-02,5.584781e-02
1.818601e-02,4.992205e-03,3.740183e-02,1.945382e-02,1.936281e-02,7.752496e-03,1.391500e-03,1.709656e-02,1.204116e-01,2.951103e-02,5.671842e-01,1.280071e-02,3.113948e-02,6.792510e-02,4.539074e-02
1.456277e-02,4.494473e-03,3.443369e-02,1.884218e-02,1.793053e-02,5.991648e-03,1.161783e-03,1.572680e-02,9.633073e-02,3.744169e-02,5.809797e-01,1.296366e-02,2.948723e-02,8.709000e-02,4.256312e-02
1.266180e-02,3.645474e-03,4.086960e-02,1.846657e-02,1.831920e-02,4.938565e-03,9.946164e-04,2.440774e-02,7.155439e-02,3.926976e-02,6.072118e-01,1.552232e-02,2.651459e-02,7.851329e-02,3.711032e-02
1.288452e-02,3.196868e-03,4.901680e-02,1.550946e-02,1.619142e-02,3.837852e-03,7.955365e-04,7.143462e-02,5.454193e-02,5.494156e-02,5.567797e-01,1.441054e-02,2.350451e-02,9.359872e-02,2.935592e-02
1.518402e-02,2.927377e-03,6.222117e-02,1.422675e-02,1.383062e-02,4.183969e-03,8.943107e-04,1.132802e-01,4.186763e-02,5.824929e-02,5.271193e-01,1.112422e-02,1.918186e-02,9.393712e-02,2.177214e-02
2.901937e-02,4.522178e-03,1.038539e-01,2.243722e-02,1.366637e-02,5.235878e-03,1.140259e-03,1.290671e-01,3.807592e-02,5.347216e-02,4.791737e-01,8.804209e-03,1.491674e-02,8.045933e-02,1.615562e-02
4.374386e-02,8.267437e-03,1.178722e-01,2.708140e-02,1.478641e-02,6.600213e-03,8.936978e-04,1.238732e-01,3.365809e-02,9.054607e-02,4.260827e-01,7.058835e-03,1.139574e-02,7.621984e-02,1.192032e-02
5.348156e-02,1.284432e-02,1.112653e-01,2.922109e-02,2.041272e-02,7.356759e-03,7.956493e-04,1.715354e-01,3.800447e-02,1.014023e-01,3.463801e-01,5.342287e-03,8.750416e-03,8.377200e-02,9.435610e-03
4.375192e-02,1.323855e-02,1.043875e-01,2.446252e-02,2.708778e-02,5.620694e-03,7.023585e-04,3.198795e-01,3.445865e-02,8.350677e-02,2.473402e-01,3.820908e-03,6.257711e-03,7.873750e-02,6.747495e-03
4.144981e-02,1.175811e-02,9.982385e-02,1.936762e-02,2.919771e-02,4.734531e-03,8.908769e-04,4.154659e-01,3.641062e-02,6.683619e-02,1.776112e-01,2.841697e-03,4.703235e-03,8.390425e-02,5.004451e-03
4.505172e-02,1.933748e-02,8.873229e-02,1.595737e-02,4.406493e-02,4.652061e-03,9.480323e-04,3.752156e-01,4.050582e-02,8.041526e-02,1.271828e-01,2.477587e-03,5.411889e-03,1.456000e-01,4.447149e-03
5.001988e-02,2.326832e-02,7.667120e-02,1.329140e-02,5.795781e-02,3.954711e-03,9.254426e-04,3.972169e-01,3.903004e-02,1.009320e-01,9.209923e-02,2.250631e-03,4.317691e-03,1.339366e-01,4.128189e-03
5.574489e-02,2.879076e-02,5.998268e-02,1.092075e-02,6.184272e-02,3.398125e-03,1.303372e-03,3.910225e-01,4.553892e-02,1.090636e-01,6.572076e-02,1.951198e-03,3.442958e-03,1.575589e-01,3.717880e-03
7.611439e-02,4.094165e-02,4.427011e-02,9.232947e-03,6.438924e-02,3.126675e-03,1.762140e-03,3.400782e-01,6.863653e-02,1.426442e-01,4.718618e-02,2.244831e-03,2.946487e-03,1.517249e-01,4.701504e-03
1.006314e-01,4.037552e-02,3.246517e-02,7.710631e-03,6.281845e-02,2.959317e-03,1.885295e-03,3.202179e-01,9.266561e-02,1.569464e-01,3.421736e-02,2.660795e-03,2.515909e-03,1.369438e-01,4.986363e-03
1.592812e-01,3.771524e-02,2.445817e-02,6.605688e-03,5.353999e-02,3.374004e-03,2.317631e-03,3.188787e-01,1.049846e-01,1.445673e-01,2.533894e-02,3.643269e-03,2.282631e-03,1.076005e-01,5.412102e-03
2.233003e-01,3.345563e-02,1.902374e-02,6.521402e-03,4.719072e-02,3.772894e-03,2.763944e-03,3.255421e-01,1.043243e-01,1.167966e-01,1.891825e-02,4.503652e-03,2.092337e-03,8.642732e-02,5.366892e-03
2.756372e-01,2.541555e-02,1.724319e-02,1.000251e-02,3.628419e-02,4.612071e-03,3.506155e-03,3.745046e-01,7.736535e-02,8.555227e-02,1.399944e-02,4.954960e-03,1.917758e-03,6.412042e-02,4.884361e-03
2.745284e-01,1.840517e-02,1.382317e-02,1.153216e-02,2.780135e-02,5.908725e-03,3.429721e-03,4.596063e-01,5.576899e-02,6.201572e-02,1.057574e-02,5.122772e-03,1.934473e-03,4.560477e-02,3.942563e-03
2.597026e-01,1.328975e-02,1.071473e-02,1.247020e-02,2.261456e-02,6.225755e-03,3.170039e-03,5.369191e-01,3.993006e-02,4.401600e-02,8.204640e-03,5.236350e-03,2.171399e-03,3.215048e-02,3.184240e-03
2.180875e-01,9.545715e-03,7.953288e-03,1.074692e-02,1.934750e-02,5.214560e-03,2.716040e-03,6.292986e-01,2.836175e-02,3.099139e-02,6.118933e-03,4.496681e-03,2.079372e-03,2.258084e-02,2.460888e-03
1.725332e-01,6.772505e-03,5.839529e-03,8.513857e-03,1.677586e-02,3.987046e-03,2.198383e-03,7.144684e-01,1.996156e-02,2.177178e-02,4.414171e-03,3.418857e-03,1.687435e-03,1.583656e-02,1.820849e-03
