1.000000e+00,0.000000e+00,0.000000e+00,0.000000e+00,0.000000e+00,0.000000e+00,0.000000e+00,0.000000e+00,0.000000e+00,0.000000e+00,0.000000e+00,0.000000e+00,0.000000e+00,0.000000e+00,0.000000e+00
1.000000e+00,0.000000e+00,0.000000e+00,0.000000e+00,0.000000e+00,0.000000e+00,0.000000e+00,0.000000e+00,0.000000e+00,0.000000e+00,0.000000e+00,0.000000e+00,0.000000e+00,0.000000e+00,0.000000e+00
1.000000e+00,0.000000e+00,0.000000e+00,0.000000e+00,0.000000e+00,0.000000e+00,0.000000e+00,0.000000e+00,0.000000e+00,0.000000e+00,0.000000e+00,0.000000e+00,0.000000e+00,0.000000e+00,0.000000e+00
1.000000e+00,0.000000e+00,0.000000e+00,0.000000e+00,0.000000e+00,0.000000e+00,0.000000e+00,0.000000e+00,0.000000e+00,0.000000e+00,0.000000e+00,0.000000e+00,0.000000e+00,0.000000e+00,0.000000e+00
1.000000e+00,0.000000e+00,0.000000e+00,0.000000e+00,0.000000e+00,0.000000e+00,0.000000e+00,0.000000e+00,0.000000e+00,0.000000e+00,0.000000e+00,0.000000e+00,0.000000e+00,0.000000e+00,0.000000e+00
1.000000e+00,0.000000e+00,0.000000e+00,0.000000e+00,0.000000e+00,0.000000e+00,0.000000e+00,0.000000e+00,0.000000e+00,0.000000e+00,0.000000e+00,0.000000e+00,0.000000e+00,0.000000e+00,0.000000e+00
1.000000e+00,0.000000e+00,0.000000e+00,0.000000e+00,0.000000e+00,0.000000e+00,0.000000e+00,0.000000e+00,0.000000e+00,0.000000e+00,0.000000e+00,0.000000e+00,0.000000e+00,0.000000e+00,0.000000e+00
1.000000e+00,0.000000e+00,0.000000e+00,0.000000e+00,0.000000e+00,0.000000e+00,0.000000e+00,0.000000e+00,0.000000e+00,0.000000e+00,0.000000e+00,0.000000e+00,0.000000e+00,0.000000e+00,0.000000e+00
1.000000e+00,0.000000e+00,0.000000e+00,0.000000e+00,0.000000e+00,0.000000e+00,0.000000e+00,0.000000e+00,0.000000e+00,0.000000e+00,0.000000e+00,0.000000e+00,0.000000e+00,0.000000e+00,0.000000e+00
1.000000e+00,0.000000e+00,0.000000e+00,0.000000e+00,0.000000e+00,0.000000e+00,0.000000e+00,0.000000e+00,0.000000e+00,0.000000e+00,0.000000e+00,0.000000e+00,0.000000e+00,0.000000e+00,0.000000e+00
1.000000e+00,0.000000e+00,0.000000e+00,0.000000e+00,0.000000e+00,0.000000e+00,0.000000e+00,0.000000e+00,0.000000e+00,0.000000e+00,0.000000e+00,0.000000e+00,0.000000e+00,0.000000e+00,0.000000e+00
1.000000e+00,0.000000e+00,0.000000e+00,0.000000e+00,0.000000e+00,0.000000e+00,0.000000e+00,0.000000e+00,0.000000e+00,0.000000e+00,0.000000e+00,0.000000e+00,0.000000e+00,0.000000e+00,0.000000e+00
1.000000e+00,0.000000e+00,0.000000e+00,0.000000e+00,0.000000e+00,0.000000e+00,0.000000e+00,0.000000e+00,0.000000e+00,0.000000e+00,0.000000e+00,0.000000e+00,0.000000e+00,0.000000e+00,0.000000e+00
1.000000e+00,0.000000e+00,0.000000e+00,0.000000e+00,0.000000e+00,0.000000e+00,0.000000e+00,0.000000e+00,0.000000e+00,0.000000e+00,0.000000e+00,0.000000e+00,0.000000e+00,0.000000e+00,0.000000e+00
1.000000e+00,0.000000e+00,0.000000e+00,0.000000e+00,0.000000e+00,0.000000e+00,0.000000e+00,0.000000e+00,0.000000e+00,0.000000e+00,0.000000e+00,0.000000e+00,0.000000e+00,0.000000e+00,0.000000e+00
1.000000e+00,0.000000e+00,0.000000e+00,0.000000e+00,0.000000e+00,0.000000e+00,0.000000e+00,0.000000e+00,0.000000e+00,0.000000e+00,0.000000e+00,0.000000e+00,0.000000e+00,0.000000e+00,0.000000e+00
1.000000e+00,0.000000e+00,0.000000e+00,0.000000e+00,0.000000e+00,0.000000e+00,0.000000e+00,0.000000e+00,0.000000e+00,0.000000e+00,0.000000e+00,0.000000e+00,0.000000e+00,0.000000e+00,0.000000e+00
1.000000e+00,0.000000e+00,0.000000e+00,0.000000e+00,0.000000e+00,0.000000e+00,0.000000e+00,0.000000e+00,0.000000e+00,0.000000e+00,0.000000e+00,0.000000e+00,0.000000e+00,0.000000e+00,0.000000e+00
1.000000e+00,0.000000e+00,0.000000e+00,0.000000e+00,0.000000e+00,0.000000e+00,0.000000e+00,0.000000e+00,0.000000e+00,0.000000e+00,0.000000e+00,0.000000e+00,0.000000e+00,0.000000e+00,0.000000e+00
1.000000e+00,0.000000e+00,0.000000e+00,0.000000e+00,0.000000e+00,0.000000e+00,0.000000e+00,0.000000e+00,0.000000e+00,0.000000e+00,0.000000e+00,0.000000e+00,0.000000e+00,0.000000e+00,0.000000e+00
1.000000e+00,0.000000e+00,0.000000e+00,0.000000e+00,0.000000e+00,0.000000e+00,0.000000e+00,0.000000e+00,0.000000e+00,0.000000e+00,0.000000e+00,0.000000e+00,0.000000e+00,0.000000e+00,0.000000e+00
1.000000e+00,0.000000e+00,0.000000e+00,0.000000e+00,0.000000e+00,0.000000e+00,0.000000e+00,0.000000e+00,0.000000e+00,0.000000e+00,0.000000e+00,0.000000e+00,0.000000e+00,0.000000e+00,0.000000e+00
1.000000e+00,0.000000e+00,0.000000e+00,0.000000e+00,0.000000e+00,0.000000e+00,0.000000e+00,0.000000e+00,0.000000e+00,0.000000e+00,0.000000e+00,0.000000e+00,0.000000e+00,0.000000e+00,0.000000e+00
1.000000e+00,0.000000e+00,0.000000e+00,0.000000e+00,0.000000e+00,0.000000e+00,0.000000e+00,0.000000e+00,0.000000e+00,0.000000e+00,0.000000e+00,0.000000e+00,0.000000e+00,0.000000e+00,0.000000e+00
1.000000e+00,0.000000e+00,0.000000e+00,0.000000e+00,0.000000e+00,0.000000e+00,0.000000e+00,0.000000e+00,0.000000e+00,0.000000e+00,0.000000e+00,0.000000e+00,0.000000e+00,0.000000e+00,0.000000e+00
1.000000e+00,0.000000e+00,0.000000e+00,0.000000e+00,0.000000e+00,0.000000e+00,0.000000e+00,0.000000e+00,0.000000e+00,0.000000e+00,0.000000e+00,0.000000e+00,0.000000e+00,0.000000e+00,0.000000e+00
1.000000e+00,0.000000e+00,0.000000e+00,0.000000e+00,0.000000e+00,0.000000e+00,0.000000e+00,0.000000e+00,0.000000e+00,0.000000e+00,0.000000e+00,0.000000e+00,0.000000e+00,0.000000e+00,0.000000e+00
1.000000e+00,0.000000e+00,0.000000e+00,0.000000e+00,0.000000e+00,0.000000e+00,0.000000e+00,0.000000e+00,0.000000e+00,0.000000e+00,0.000000e+00,0.000000e+00,0.000000e+00,0.000000e+00,0.000000e+00
1.000000e+00,0.000000e+00,0.000000e+00,0.000000e+00,0.000000e+00,0.000000e+00,0.000000e+00,0.000000e+00,0.000000e+00,0.000000e+00,0.000000e+00,0.000000e+00,0.000000e+00,0.000000e+00,0.000000e+00
4.819390e-01,3.893856e-02,3.488636e-02,1.585206e-01,1.342725e-02,3.398380e-02,8.636608e-03,3.159113e-02,2.791199e-02,2.006121e-03,3.566301e-02,6.703579e-02,2.588257e-02,7.488453e-03,3.208886e-02
4.286363e-01,4.012347e-02,5.671475e-02,1.807655e-01,1.388449e-02,3.443871e-02,9.171762e-03,3.729536e-02,2.751133e-02,1.961691e-03,4.238978e-02,6.507337e-02,2.368115e-02,7.546605e-03,3.080582e-02
4.565434e-01,4.153578e-02,5.364781e-02,1.659232e-01,1.446071e-02,3.328406e-02,8.608223e-03,3.096837e-02,2.595993e-02,2.261916e-03,4.464831e-02,5.876791e-02,2.183342e-02,8.979972e-03,3.257699e-02
4.288126e-01,4.263253e-02,7.260243e-02,1.737736e-01,1.523790e-02,3.145361e-02,9.378106e-03,3.435419e-02,2.600043e-02,2.250739e-03,4.524655e-02,5.613060e-02,2.072169e-02,8.755134e-03,3.264992e-02
1.000000e+00,0.000000e+00,0.000000e+00,0.000000e+00,0.000000e+00,0.000000e+00,0.000000e+00,0.000000e+00,0.000000e+00,0.000000e+00,0.000000e+00,0.000000e+00,0.000000e+00,0.000000e+00,0.000000e+00
1.000000e+00,0.000000e+00,0.000000e+00,0.000000e+00,0.000000e+00,0.000000e+00,0.000000e+00,0.000000e+00,0.000000e+00,0.000000e+00,0.000000e+00,0.000000e+00,0.000000e+00,0.000000e+00,0.000000e+00
4.949942e-01,3.638828e-02,7.265478e-02,1.827075e-01,1.417501e-02,2.514064e-02,7.780803e-03,2.816640e-02,1.739581e-02,1.767121e-03,3.048364e-02,3.992335e-02,1.869473e-02,5.811867e-03,2.391585e-02
4.971751e-01,3.473205e-02,8.896723e-02,1.848501e-01,1.222917e-02,2.382040e-02,6.954136e-03,2.499405e-02,1.449298e-02,1.872418e-03,2.622133e-02,3.578244e-02,1.786301e-02,5.067640e-03,2.497798e-02
1.000000e+00,0.000000e+00,0.000000e+00,0.000000e+00,0.000000e+00,0.000000e+00,0.000000e+00,0.000000e+00,0.000000e+00,0.000000e+00,0.000000e+00,0.000000e+00,0.000000e+00,0.000000e+00,0.000000e+00
1.000000e+00,0.000000e+00,0.000000e+00,0.000000e+00,0.000000e+00,0.000000e+00,0.000000e+00,0.000000e+00,0.000000e+00,0.000000e+00,0.000000e+00,0.000000e+00,0.000000e+00,0.000000e+00,0.000000e+00
1.000000e+00,0.000000e+00,0.000000e+00,0.000000e+00,0.000000e+00,0.000000e+00,0.000000e+00,0.000000e+00,0.000000e+00,0.000000e+00,0.000000e+00,0.000000e+00,0.000000e+00,0.000000e+00,0.000000e+00
1.000000e+00,0.000000e+00,0.000000e+00,0.000000e+00,0.000000e+00,0.000000e+00,0.000000e+00,0.000000e+00,0.000000e+00,0.000000e+00,0.000000e+00,0.000000e+00,0.000000e+00,0.000000e+00,0.000000e+00
1.000000e+00,0.000000e+00,0.000000e+00,0.000000e+00,0.000000e+00,0.000000e+00,0.000000e+00,0.000000e+00,0.000000e+00,0.000000e+00,0.000000e+00,0.000000e+00,0.000000e+00,0.000000e+00,0.000000e+00
1.000000e+00,0.000000e+00,0.000000e+00,0.000000e+00,0.000000e+00,0.000000e+00,0.000000e+00,0.000000e+00,0.000000e+00,0.000000e+00,0.000000e+00,0.000000e+00,0.000000e+00,0.000000e+00,0.000000e+00
1.000000e+00,0.000000e+00,0.000000e+00,0.000000e+00,0.000000e+00,0.000000e+00,0.000000e+00,0.000000e+00,0.000000e+00,0.000000e+00,0.000000e+00,0.000000e+00,0.000000e+00,0.000000e+00,0.000000e+00
1.000000e+00,0.000000e+00,0.000000e+00,0.000000e+00,0.000000e+00,0.000000e+00,0.000000e+00,0.000000e+00,0.000000e+00,0.000000e+00,0.000000e+00,0.000000e+00,0.000000e+00,0.000000e+00,0.000000e+00
1.000000e+00,0.000000e+00,0.000000e+00,0.000000e+00,0.000000e+00,0.000000e+00,0.000000e+00,0.000000e+00,0.000000e+00,0.000000e+00,0.000000e+00,0.000000e+00,0.000000e+00,0.000000e+00,0.000000e+00
1.000000e+00,0.000000e+00,0.000000e+00,0.000000e+00,0.000000e+00,0.000000e+00,0.000000e+00,0.000000e+00,0.000000e+00,0.000000e+00,0.000000e+00,0.000000e+00,0.000000e+00,0.000000e+00,0.000000e+00
1.000000e+00,0.000000e+00,0.000000e+00,0.000000e+00,0.000000e+00,0.000000e+00,0.000000e+00,0.000000e+00,0.000000e+00,0.000000e+00,0.000000e+00,0.000000e+00,0.000000e+00,0.000000e+00,0.000000e+00
1.000000e+00,0.000000e+00,0.000000e+00,0.000000e+00,0.000000e+00,0.000000e+00,0.000000e+00,0.000000e+00,0.000000e+00,0.000000e+00,0.000000e+00,0.000000e+00,0.000000e+00,0.000000e+00,0.000000e+00
1.000000e+00,0.000000e+00,0.000000e+00,0.000000e+00,0.000000e+00,0.000000e+00,0.000000e+00,0.000000e+00,0.000000e+00,0.000000e+00,0.000000e+00,0.000000e+00,0.000000e+00,0.000000e+00,0.000000e+00
1.000000e+00,0.000000e+00,0.000000e+00,0.000000e+00,0.000000e+00,0.000000e+00,0.000000e+00,0.000000e+00,0.000000e+00,0.000000e+00,0.000000e+00,0.000000e+00,0.000000e+00,0.000000e+00,0.000000e+00
1.000000e+00,0.000000e+00,0.000000e+00,0.000000e+00,0.000000e+00,0.000000e+00,0.000000e+00,0.000000e+00,0.000000e+00,0.000000e+00,0.000000e+00,0.000000e+00,0.000000e+00,0.000000e+00,0.000000e+00
4.447103e-01,7.008860e-02,2.348198e-02,2.768017e-01,1.973650e-02,1.440369e-02,8.917389e-03,6.176759e-03,1.962416e-02,5.931540e-03,5.098377e-03,1.314986e-02,1.879704e-02,1.414946e-03,7.166711e-02
4.060255e-01,7.333432e-02,3.813820e-02,3.214545e-01,1.896031e-02,1.306062e-02,7.923584e-03,5.777420e-03,1.595257e-02,5.462122e-03,5.516904e-03,1.190494e-02,1.525662e-02,1.338257e-03,5.989411e-02
3.285519e-01,6.680961e-02,1.700163e-01,3.021393e-01,1.524444e-02,1.073936e-02,6.259101e-03,5.629477e-03,1.207402e-02,4.364017e-03,5.540889e-03,1.036066e-02,1.171226e-02,1.237290e-03,4.932148e-02
2.527449e-01,4.791209e-02,3.600275e-01,2.330186e-01,1.145079e-02,8.684590e-03,5.288923e-03,8.497451e-03,8.929785e-03,3.212297e-03,4.735288e-03,8.400581e-03,1.004693e-02,9.742257e-04,3.607600e-02
3.726279e-01,3.593199e-02,3.151860e-01,1.748367e-01,1.156353e-02,1.019347e-02,5.519064e-03,9.413408e-03,7.099811e-03,2.471569e-03,6.434538e-03,9.882243e-03,9.425525e-03,1.245021e-03,2.816917e-02
3.452909e-01,2.666218e-02,3.993350e-01,1.318502e-01,1.081940e-02,1.244344e-02,6.262102e-03,9.891242e-03,5.494361e-03,1.900127e-03,6.398846e-03,1.098587e-02,1.012817e-02,1.108652e-03,2.142953e-02
3.372430e-01,2.210342e-02,4.213212e-01,1.076088e-01,9.245546e-03,2.178778e-02,5.223614e-03,8.596029e-03,4.909554e-03,2.727677e-03,6.890349e-03,1.869514e-02,1.091035e-02,2.468105e-03,2.026954e-02
2.566146e-01,1.711789e-02,3.297338e-01,8.889711e-02,6.655938e-03,2.528223e-02,4.037505e-03,6.519962e-03,7.331431e-03,2.631924e-02,1.762316e-02,1.216785e-01,6.300862e-02,4.486857e-03,2.469328e-02
1.875816e-01,2.511721e-02,3.334044e-01,1.154389e-01,6.820856e-03,1.955299e-02,3.304472e-03,5.366905e-03,3.487795e-02,4.275041e-02,1.401485e-02,8.622110e-02,5.647483e-02,4.433293e-03,6.464036e-02
1.369082e-01,2.259770e-02,3.321269e-01,9.333375e-02,1.135765e-02,1.615082e-02,3.176237e-03,6.418777e-03,4.708534e-02,5.653211e-02,1.272040e-02,6.194261e-02,6.727606e-02,1.200571e-02,1.203677e-01
9.737784e-02,5.152931e-02,2.357256e-01,6.751103e-02,1.138845e-02,1.467078e-02,2.305094e-03,4.962016e-03,1.244223e-01,6.394927e-02,1.124844e-02,4.400843e-02,5.736140e-02,1.032774e-02,2.032124e-01
6.997431e-02,5.044336e-02,1.676129e-01,5.533586e-02,9.097596e-03,1.414678e-02,1.666999e-03,4.107419e-03,1.779774e-01,6.252071e-02,1.086312e-02,3.125599e-02,4.969881e-02,8.371935e-03,2.869268e-01
5.076929e-02,4.185238e-02,1.175957e-01,3.955151e-02,7.950567e-03,1.383122e-02,1.259262e-03,2.995620e-03,1.457747e-01,4.891716e-02,1.134304e-02,2.236099e-02,4.216330e-02,7.622288e-03,4.460130e-01
3.643646e-02,3.258842e-02,8.253078e-02,2.852308e-02,5.739636e-03,1.291522e-02,9.060202e-04,2.177772e-03,1.762355e-01,3.997874e-02,9.029772e-03,1.579936e-02,3.064651e-02,5.750783e-03,5.207420e-01
2.623574e-02,3.589223e-02,6.018230e-02,2.631041e-02,4.191502e-03,1.118702e-02,6.699674e-04,1.580417e-03,3.113464e-01,3.682305e-02,6.858144e-03,1.129271e-02,2.246900e-02,4.801922e-03,4.401592e-01
3.322870e-02,4.918718e-02,4.753235e-02,3.081571e-02,3.617225e-03,1.693995e-02,8.387817e-04,1.225453e-03,3.113867e-01,3.419180e-02,9.459162e-03,1.040550e-02,2.267050e-02,1.789315e-02,4.106078e-01
7.534546e-02,4.036266e-02,3.439600e-02,2.416008e-02,3.273037e-03,1.633342e-02,6.981815e-04,9.173579e-04,2.307908e-01,2.661164e-02,1.084372e-02,8.482418e-03,1.948176e-02,1.624361e-02,4.920599e-01
6.450848e-02,3.569960e-02,2.575163e-02,1.885813e-02,2.650616e-03,1.323109e-02,5.302579e-04,7.035228e-04,3.656203e-01,2.170277e-02,8.664593e-03,6.684917e-03,1.538011e-02,2.262128e-02,3.973927e-01
9.198855e-02,3.115099e-02,2.087622e-02,1.428991e-02,2.746682e-03,1.384921e-02,4.879510e-04,6.146926e-04,2.714526e-01,1.666749e-02,8.061424e-03,5.418504e-03,1.250781e-02,4.128840e-02,4.685996e-01
1.106399e-01,2.472416e-02,1.632852e-02,1.164803e-02,3.440569e-03,1.264190e-02,5.327980e-04,1.161088e-03,2.082953e-01,1.270367e-02,6.566453e-03,4.091164e-03,9.533442e-03,7.968938e-02,4.980037e-01
1.033354e-01,2.152422e-02,1.637140e-02,1.107546e-02,3.898181e-03,1.135031e-02,4.951734e-04,1.004021e-03,1.686477e-01,1.064209e-02,5.505013e-03,3.138261e-03,7.424392e-03,1.149827e-01,5.206057e-01
8.236247e-02,1.634449e-02,1.325094e-02,7.892602e-03,3.023067e-03,9.150228e-03,3.734367e-04,7.707290e-04,1.280151e-01,1.167063e-02,4.517461e-03,2.240265e-03,5.495993e-03,1.750034e-01,5.398893e-01
9.439532e-02,2.749622e-02,1.726953e-02,2.400008e-02,7.604019e-03,1.220438e-02,7.417309e-04,3.740313e-03,1.163784e-01,1.078061e-02,1.017885e-02,3.055235e-03,7.989474e-03,1.963007e-01,4.678652e-01
1.019987e-01,2.221494e-02,1.330795e-02,1.824747e-02,6.983289e-03,1.298814e-02,6.586437e-04,3.073229e-03,1.091480e-01,1.040329e-02,1.237235e-02,2.545208e-03,7.668437e-03,2.368823e-01,4.415080e-01
9.915260e-02,1.775197e-02,1.054834e-02,1.324194e-02,6.225434e-03,1.113098e-02,5.951304e-04,2.645760e-03,1.312764e-01,1.470053e-02,1.352465e-02,2.155307e-03,6.664839e-03,2.737264e-01,3.966598e-01
2.544882e-01,1.636916e-02,8.462081e-03,1.276105e-02,7.233141e-03,1.198851e-02,7.074410e-04,3.372830e-03,1.245133e-01,1.214533e-02,1.385619e-02,2.872844e-03,6.826704e-03,2.149275e-01,3.094756e-01
2.913865e-01,1.583550e-02,1.128029e-02,2.428387e-02,8.657877e-03,1.280340e-02,1.863553e-03,4.604825e-03,1.620509e-01,1.125511e-02,1.514522e-02,3.945867e-03,7.940265e-03,1.870863e-01,2.418605e-01
3.122358e-01,1.703928e-02,2.559420e-02,2.634541e-02,1.293663e-02,1.781792e-02,2.715377e-03,9.425481e-03,1.895436e-01,2.330579e-02,1.564788e-02,4.333849e-03,8.177062e-03,1.498484e-01,1.850333e-01
2.459933e-01,1.391012e-02,9.498169e-02,2.869789e-02,1.066090e-02,1.389261e-02,2.093388e-03,9.439725e-03,1.767623e-01,1.172945e-01,1.380518e-02,3.643281e-03,8.708549e-03,1.137041e-01,1.464126e-01
2.331021e-01,1.296556e-02,8.861928e-02,4.283867e-02,1.118441e-02,1.294958e-02,1.749827e-03,1.127251e-02,2.089147e-01,1.073565e-01,1.832774e-02,3.610089e-03,1.169200e-02,1.018673e-01,1.335498e-01
1.896330e-01,1.075875e-02,6.498430e-02,3.380853e-02,1.647126e-02,1.228927e-02,1.679766e-03,1.089952e-02,2.388892e-01,1.078172e-01,2.467660e-02,3.284383e-03,1.331029e-02,1.468603e-01,1.246375e-01
1.659849e-01,8.627594e-03,5.185930e-02,2.830509e-02,5.489019e-02,1.082529e-02,1.622581e-03,3.797747e-02,2.190794e-01,1.033636e-01,3.039341e-02,2.894846e-03,1.361907e-02,1.527357e-01,1.178215e-01
2.509531e-01,7.886441e-03,5.938327e-02,2.667180e-02,8.706400e-02,1.349345e-02,2.120792e-03,6.037660e-02,1.638819e-01,8.504722e-02,2.414110e-02,3.383945e-03,1.133106e-02,1.171678e-01,8.709748e-02
2.918901e-01,1.840735e-02,5.414033e-02,3.519898e-02,1.305553e-01,1.747224e-02,4.962946e-03,6.383482e-02,1.206733e-01,6.423624e-02,1.989804e-02,3.178681e-03,9.061817e-03,8.937787e-02,7.711194e-02
2.846616e-01,4.200885e-02,5.748114e-02,3.279317e-02,1.695656e-01,2.798923e-02,6.508491e-03,6.086088e-02,9.029862e-02,5.557432e-02,1.617308e-02,2.558749e-03,8.492792e-03,7.187179e-02,7.316174e-02
2.182613e-01,7.027751e-02,4.949547e-02,4.389425e-02,2.479785e-01,4.042242e-02,1.978885e-02,7.070600e-02,6.646454e-02,4.313054e-02,1.202369e-02,1.864095e-03,7.486722e-03,5.118521e-02,5.702085e-02
1.592442e-01,8.136602e-02,4.678045e-02,1.875448e-01,2.266901e-01,3.368907e-02,1.972877e-02,6.457651e-02,4.974708e-02,3.217646e-02,8.981840e-03,1.682534e-03,5.886971e-03,3.593446e-02,4.597069e-02
1.175827e-01,7.466917e-02,5.071919e-02,3.330700e-01,1.857147e-01,2.655297e-02,1.534631e-02,4.857362e-02,4.078675e-02,2.655855e-02,1.087588e-02,1.945375e-03,4.840837e-03,2.529054e-02,3.747343e-02
8.255472e-02,5.351729e-02,3.930076e-02,4.000970e-01,1.312958e-01,1.923237e-02,1.086579e-02,3.426195e-02,2.908757e-02,1.970894e-02,1.207113e-01,2.611462e-03,1.253712e-02,1.773155e-02,2.648641e-02
5.792220e-02,3.934459e-02,3.893523e-02,4.484332e-01,9.286557e-02,1.387412e-02,7.940233e-03,2.419364e-02,2.156841e-02,1.578999e-02,1.722632e-01,7.334617e-03,2.771349e-02,1.251923e-02,1.930231e-02
4.061582e-02,2.768953e-02,2.770723e-02,3.340386e-01,6.586953e-02,9.939557e-03,5.708007e-03,1.697491e-02,1.577206e-02,5.109429e-02,2.553546e-01,1.702466e-02,1.061197e-01,1.136613e-02,1.472545e-02
2.848865e-02,1.945785e-02,1.983130e-02,2.389754e-01,4.711727e-02,7.132296e-03,4.112736e-03,1.196751e-02,1.159158e-02,5.039829e-02,2.495622e-01,2.167975e-02,2.634506e-01,1.288156e-02,1.335301e-02
2.014890e-02,1.366275e-02,1.506030e-02,1.689782e-01,3.512555e-02,5.113324e-03,2.938087e-03,9.450407e-03,9.058186e-03,5.639246e-02,2.063136e-01,1.803205e-02,4.180205e-01,1.118730e-02,1.051834e-02
1.450372e-02,1.047660e-02,1.446114e-02,1.291483e-01,2.796507e-02,4.002549e-03,2.443636e-03,7.626798e-03,1.337518e-02,2.222622e-01,1.731980e-01,1.393466e-02,3.261510e-01,1.679491e-02,2.365629e-02
1.210142e-02,8.379217e-03,1.404589e-02,1.062404e-01,2.435344e-02,3.279536e-03,2.236511e-03,7.919630e-03,2.057471e-02,2.592698e-01,1.729768e-01,1.377181e-02,2.644689e-01,5.694385e-02,3.343802e-02
9.543968e-03,1.025821e-02,1.408484e-02,8.106568e-02,1.896572e-02,2.743855e-03,1.622817e-03,7.861535e-03,3.522006e-02,1.993396e-01,1.476233e-01,1.717336e-02,2.158067e-01,1.343713e-01,1.043191e-01
7.399736e-03,1.212128e-02,1.404761e-02,6.223878e-02,1.392793e-02,2.423315e-03,1.178452e-03,7.444450e-03,3.963792e-02,1.430187e-01,1.201172e-01,1.640237e-02,1.701366e-01,1.812522e-01,2.086535e-01
5.745660e-03,1.097177e-02,1.374944e-02,4.484653e-02,1.011341e-02,2.112739e-03,8.338320e-04,5.412788e-03,4.089848e-02,1.016906e-01,9.355865e-02,1.225622e-02,1.251421e-01,1.711086e-01,3.615592e-01
4.814192e-03,1.305077e-02,2.240479e-02,3.296204e-02,7.681257e-03,2.012047e-03,6.191196e-04,4.070162e-03,4.473227e-02,7.350932e-02,7.631035e-02,1.044470e-02,9.789896e-02,1.433806e-01,4.661095e-01
4.284338e-03,1.272848e-02,2.241453e-02,2.399513e-02,5.787375e-03,2.260627e-03,4.564718e-04,2.973265e-03,4.146462e-02,5.643035e-02,7.029022e-02,8.537086e-03,7.650450e-02,1.292216e-01,5.426514e-01
5.248509e-03,1.371529e-02,1.880682e-02,1.930284e-02,4.923149e-03,8.479778e-03,4.105848e-04,2.754119e-03,7.276005e-02,8.213218e-02,1.104622e-01,1.055302e-02,6.711442e-02,1.107734e-01,4.725636e-01
6.652004e-03,1.868707e-02,3.521856e-02,1.630426e-02,1.491480e-02,9.214048e-03,5.454019e-04,2.722177e-03,1.850900e-01,9.613353e-02,1.120356e-01,9.785333e-03,5.434657e-02,8.719873e-02,3.511518e-01
8.640535e-03,2.939608e-02,5.261419e-02,1.406337e-02,2.035311e-02,1.189785e-02,1.460316e-03,5.000010e-03,2.361889e-01,1.406821e-01,9.151483e-02,8.387969e-03,4.336520e-02,7.731617e-02,2.591194e-01
1.128004e-02,3.267566e-02,5.815243e-02,1.600005e-02,3.331082e-02,1.177126e-02,1.968485e-03,5.772111e-03,2.185501e-01,2.124664e-01,9.496947e-02,8.666523e-03,4.162485e-02,6.216076e-02,1.906311e-01
1.021865e-02,2.587456e-02,4.858774e-02,1.506982e-02,4.260922e-02,1.247524e-02,2.075114e-03,5.479937e-03,1.911445e-01,3.294270e-01,8.099400e-02,7.348112e-03,3.861285e-02,5.015103e-02,1.399322e-01
1.127708e-02,3.310211e-02,5.167373e-02,1.124260e-02,3.626174e-02,9.688127e-03,1.697437e-03,4.304574e-03,1.459550e-01,4.174126e-01,8.415765e-02,7.374640e-03,4.047722e-02,3.988031e-02,1.054952e-01
1.009595e-02,2.750338e-02,1.641303e-01,8.454559e-03,3.249468e-02,7.297297e-03,1.449539e-03,1.132938e-02,1.126242e-01,3.983141e-01,7.241891e-02,6.988765e-03,3.629234e-02,3.375330e-02,7.685323e-02
1.044473e-02,4.033612e-02,2.894256e-01,7.207960e-03,3.279918e-02,6.589897e-03,1.718342e-03,1.800059e-02,9.487045e-02,3.323648e-01,5.383477e-02,5.523586e-03,2.695413e-02,2.457249e-02,5.535730e-02
2.422007e-02,8.733041e-02,3.019860e-01,7.152436e-03,3.935337e-02,7.359925e-03,5.604242e-03,2.606052e-02,9.520794e-02,2.834737e-01,3.865235e-02,4.551405e-03,2.016683e-02,1.825434e-02,4.062644e-02
2.992691e-02,1.461653e-01,2.369339e-01,5.715415e-03,4.932196e-02,6.628989e-03,8.347393e-03,6.623324e-02,9.464116e-02,2.598349e-01,2.902562e-02,3.596184e-03,1.876407e-02,1.448584e-02,3.037911e-02
2.660348e-02,2.048851e-01,1.952560e-01,4.618165e-03,5.187078e-02,7.465167e-03,9.008678e-03,1.020074e-01,7.887827e-02,2.432556e-01,2.174661e-02,3.486544e-03,1.767798e-02,1.053548e-02,2.270481e-02
2.241250e-02,1.781192e-01,1.616724e-01,3.479528e-03,5.388584e-02,7.326900e-03,8.954738e-03,1.468537e-01,7.103020e-02,2.850999e-01,1.579336e-02,2.791776e-03,1.662839e-02,7.748514e-03,1.820295e-02
1.784691e-02,1.450610e-01,1.249584e-01,2.763049e-03,5.194508e-02,8.085240e-03,7.997688e-03,2.795206e-01,5.849052e-02,2.560273e-01,1.128614e-02,2.144404e-03,1.436334e-02,5.724099e-03,1.378622e-02
1.767887e-02,1.277270e-01,1.167605e-01,2.324492e-03,4.809530e-02,8.642029e-03,2.266949e-02,3.332888e-01,4.737221e-02,2.378868e-01,8.049642e-03,1.818333e-03,1.171606e-02,4.510675e-03,1.145977e-02
1.787875e-02,9.379197e-02,1.100232e-01,2.099775e-03,4.204144e-02,7.493860e-03,1.125339e-01,3.552663e-01,3.513780e-02,1.951635e-01,5.743787e-03,1.630431e-03,8.909533e-03,3.350768e-03,8.934912e-03
2.275709e-02,7.034442e-02,1.181995e-01,2.804872e-03,4.273956e-02,8.665800e-03,2.285892e-01,2.958749e-01,2.906035e-02,1.562023e-01,4.177758e-03,1.612603e-03,7.315617e-03,2.619210e-03,9.036774e-03
2.744550e-02,5.378015e-02,1.040511e-01,2.719866e-03,4.137505e-02,8.488412e-03,3.464441e-01,2.426156e-01,2.485988e-02,1.274255e-01,3.088246e-03,1.561926e-03,6.019132e-03,2.054596e-03,8.070932e-03
3.213519e-02,4.144254e-02,8.108818e-02,2.611014e-03,3.411536e-02,8.036956e-03,4.538974e-01,2.062336e-01,2.070476e-02,9.779657e-02,2.408962e-03,1.470268e-03,4.955196e-03,1.621187e-03,1.148279e-02
4.891394e-02,3.303765e-02,6.980694e-02,2.738560e-03,3.240478e-02,8.309988e-03,4.318652e-01,2.018833e-01,4.196139e-02,7.437815e-02,2.113857e-03,1.797101e-03,5.167379e-03,1.743796e-03,4.387798e-02
6.727198e-02,2.657921e-02,5.989503e-02,2.652295e-03,3.055722e-02,7.380306e-03,4.097410e-01,1.915043e-01,4.790634e-02,5.578012e-02,1.857645e-03,2.061133e-03,5.598315e-03,1.982230e-03,8.923297e-02
9.701626e-02,2.191365e-02,4.690591e-02,2.559024e-03,2.450967e-02,8.971523e-03,4.361264e-01,1.769609e-01,4.271292e-02,4.049855e-02,1.620430e-03,2.175852e-03,6.078930e-03,2.820616e-03,8.912937e-02
1.469997e-01,1.933510e-02,3.661305e-02,2.669601e-03,2.105260e-02,8.601744e-03,4.131278e-01,1.619402e-01,5.941954e-02,2.983731e-02,1.638266e-03,3.220507e-03,7.497707e-03,2.812968e-03,8.523381e-02
1.978756e-01,1.625706e-02,2.862836e-02,3.561977e-03,1.836211e-02,9.463334e-03,3.925851e-01,1.658690e-01,5.888515e-02,2.220458e-02,3.479038e-03,5.814687e-03,8.389250e-03,2.698405e-03,6.592639e-02
2.398227e-01,1.978073e-02,2.281040e-02,5.053565e-03,1.659412e-02,1.785992e-02,3.465219e-01,1.418593e-01,5.798957e-02,1.997408e-02,1.953256e-02,1.110559e-02,1.218820e-02,3.648032e-03,6.525932e-02
1.991740e-01,2.117457e-02,1.704553e-02,5.926347e-03,1.425796e-02,2.052735e-02,2.714391e-01,1.079680e-01,5.679396e-02,3.815639e-02,8.420724e-02,1.499852e-02,1.355078e-02,5.878979e-03,1.289013e-01
1.796963e-01,1.726728e-02,1.309610e-02,5.498388e-03,1.188147e-02,2.246435e-02,2.415731e-01,9.089009e-02,4.766971e-02,9.897557e-02,1.178232e-01,1.689246e-02,1.693713e-02,1.285846e-02,1.064765e-01
1.817596e-01,1.394011e-02,1.022055e-02,6.050079e-03,1.191558e-02,2.000753e-02,1.993439e-01,9.844846e-02,4.738721e-02,1.567111e-01,1.133678e-01,1.883891e-02,1.730276e-02,1.366036e-02,9.104604e-02
1.432147e-01,1.047792e-02,8.066211e-03,6.478830e-03,9.395443e-03,1.706176e-02,1.427283e-01,7.120468e-02,3.458309e-02,3.311333e-01,8.402567e-02,1.473722e-02,1.651504e-02,1.081698e-02,9.956083e-02
1.149013e-01,8.029202e-03,6.105502e-03,8.469640e-03,7.316329e-03,1.558845e-02,1.015081e-01,5.118605e-02,2.602082e-02,4.542238e-01,6.306401e-02,1.262016e-02,2.012857e-02,8.966836e-03,1.018712e-01
8.835661e-02,5.974924e-03,4.868940e-03,1.123660e-02,6.383883e-03,1.540186e-02,7.219435e-02,3.775762e-02,2.044616e-02,5.574068e-01,5.396131e-02,1.270265e-02,2.618019e-02,7.006304e-03,8.012173e-02
1.086479e-01,4.964330e-03,4.940481e-03,2.026371e-02,5.753933e-03,1.865765e-02,5.130205e-02,3.928526e-02,1.631396e-02,5.779492e-01,4.317268e-02,1.760220e-02,2.309019e-02,5.591745e-03,6.246467e-02
1.208065e-01,4.074836e-03,4.617210e-03,1.906027e-02,6.386826e-03,1.498356e-02,3.642477e-02,5.530830e-02,1.302544e-02,5.982209e-01,3.618184e-02,2.207421e-02,1.926440e-02,4.244370e-03,4.532648e-02
1.584354e-01,3.150939e-03,3.955446e-03,1.512335e-02,7.122347e-03,1.254246e-02,2.661622e-02,4.651662e-02,1.046106e-02,5.921670e-01,4.038974e-02,2.404055e-02,1.924909e-02,4.191319e-03,3.603840e-02
1.451153e-01,2.316382e-03,3.414790e-03,1.200272e-02,7.216164e-03,1.284329e-02,1.984050e-02,4.905457e-02,7.928998e-03,6.243607e-01,3.367727e-02,2.118803e-02,2.084281e-02,3.302646e-03,3.689576e-02
1.289403e-01,1.733623e-03,3.235252e-03,9.080090e-03,6.480813e-03,1.133701e-02,1.469401e-02,4.669017e-02,5.877181e-03,6.603767e-01,2.841514e-02,1.609064e-02,2.017334e-02,2.598365e-03,4.427738e-02
9.838828e-02,1.528382e-03,5.572291e-03,6.631669e-03,6.848714e-03,8.377334e-03,1.060003e-02,3.479563e-02,5.035339e-03,7.313431e-01,2.239384e-02,1.215143e-02,1.751053e-02,2.056820e-03,3.676661e-02
7.714470e-02,1.309863e-03,5.653064e-03,4.818134e-03,6.401917e-03,8.433010e-03,7.592050e-03,2.604076e-02,4.677051e-03,7.742929e-01,2.728352e-02,1.208962e-02,1.501170e-02,2.094936e-03,2.715673e-02
6.128982e-02,1.778648e-03,8.109914e-03,4.039444e-03,5.421166e-03,7.106343e-03,5.349895e-03,1.844121e-02,8.609270e-03,7.298599e-01,9.249352e-02,1.898491e-02,1.581948e-02,2.500548e-03,2.019591e-02
6.496166e-02,6.263823e-03,3.157235e-02,5.972246e-03,9.126984e-03,5.555214e-03,3.834494e-03,1.601054e-02,2.829644e-02,6.767790e-01,9.170026e-02,2.193249e-02,1.951874e-02,2.583378e-03,1.589229e-02
5.133292e-02,3.433371e-02,1.560467e-01,8.920411e-03,1.420855e-02,4.673603e-03,2.884463e-03,1.801590e-02,5.606266e-02,5.212288e-01,8.203106e-02,1.876129e-02,1.723542e-02,2.118027e-03,1.214638e-02
3.680684e-02,2.434278e-01,1.291313e-01,8.435621e-03,1.109280e-02,3.583685e-03,2.065215e-03,1.269250e-02,9.020818e-02,3.688627e-01,5.787007e-02,1.328035e-02,1.220394e-02,1.492148e-03,8.846764e-03
2.592131e-02,4.106676e-01,1.018241e-01,1.511400e-02,8.009916e-03,2.583848e-03,1.451495e-03,8.905864e-03,1.003487e-01,2.589858e-01,4.072446e-02,9.390338e-03,8.682820e-03,1.047338e-03,6.342365e-03
1.827946e-02,5.586353e-01,7.464699e-02,1.653873e-02,5.715046e-03,1.947129e-03,1.017938e-03,6.240643e-03,8.198914e-02,1.835825e-01,3.057973e-02,6.788144e-03,6.881026e-03,7.404957e-04,6.417671e-03
1.304524e-02,6.542614e-01,5.309450e-02,3.322631e-02,4.017808e-03,1.472495e-03,7.133337e-04,4.391437e-03,6.107454e-02,1.289043e-01,2.610645e-02,6.554383e-03,6.720957e-03,7.692045e-04,5.647599e-03
1.151104e-02,6.913238e-01,3.834782e-02,3.372677e-02,2.938891e-03,2.321564e-03,5.124124e-04,3.100361e-03,5.070512e-02,9.687693e-02,3.741636e-02,6.309143e-03,6.693543e-03,9.920851e-04,1.722418e-02
9.055576e-03,6.356995e-01,3.466072e-02,1.254556e-01,2.561498e-03,1.836655e-03,3.679607e-04,2.533594e-03,5.626746e-02,6.901833e-02,3.078069e-02,7.402732e-03,7.101629e-03,1.360412e-03,1.589756e-02
1.528534e-02,5.743983e-01,2.914427e-02,1.197233e-01,4.996742e-03,4.663451e-03,4.580901e-04,2.196459e-03,1.003795e-01,5.237095e-02,5.957653e-02,7.614629e-03,1.246159e-02,1.965887e-03,1.476503e-02
2.680619e-02,5.246823e-01,2.641839e-02,1.697026e-01,1.102078e-02,5.635881e-03,6.062398e-04,4.927998e-03,1.047646e-01,3.801997e-02,4.482899e-02,6.312445e-03,1.165473e-02,1.934124e-03,2.268480e-02
4.312211e-02,4.578011e-01,2.216112e-02,1.569744e-01,9.203091e-03,4.708936e-03,4.634669e-04,4.437836e-03,1.786065e-01,3.218779e-02,3.366439e-02,4.903317e-03,9.639634e-03,2.816091e-03,3.931023e-02
3.921979e-02,3.962120e-01,2.060803e-02,1.537240e-01,8.378229e-03,3.844084e-03,4.034177e-04,4.673641e-03,2.603271e-01,2.895099e-02,2.755238e-02,4.026808e-03,8.491742e-03,2.647530e-03,4.094027e-02
3.863590e-02,3.369954e-01,2.098650e-02,1.314786e-01,6.665578e-03,3.049949e-03,3.402281e-04,4.143594e-03,3.529775e-01,2.780613e-02,2.540878e-02,3.545280e-03,8.382674e-03,3.408819e-03,3.617511e-02
4.744563e-02,2.716000e-01,3.220534e-02,1.227303e-01,6.347600e-03,3.068988e-03,3.973280e-04,5.095577e-03,3.840490e-01,3.798626e-02,2.703175e-02,4.988579e-03,1.269340e-02,3.903959e-03,4.045627e-02
6.697802e-02,2.489878e-01,5.243691e-02,9.996018e-02,5.196937e-03,5.169961e-03,4.883979e-04,4.645980e-03,3.200570e-01,4.740826e-02,2.617942e-02,8.337617e-03,1.543133e-02,1.095895e-02,8.776334e-02
1.157887e-01,1.940220e-01,4.293260e-02,8.317995e-02,4.376130e-03,5.299464e-03,5.194551e-04,5.658482e-03,3.489471e-01,4.940173e-02,3.027220e-02,1.278915e-02,1.886940e-02,1.075778e-02,7.718582e-02
1.346079e-01,1.586114e-01,4.048289e-02,6.905077e-02,3.238115e-03,5.704040e-03,4.372767e-04,4.669863e-03,2.920968e-01,1.355884e-01,2.955042e-02,1.251933e-02,2.037084e-02,9.898591e-03,8.317327e-02
1.804951e-01,1.362304e-01,3.038886e-02,5.150310e-02,2.423347e-03,4.990162e-03,4.785282e-04,3.708469e-03,2.444589e-01,1.698096e-01,4.044989e-02,1.563284e-02,2.384470e-02,1.176146e-02,8.382472e-02
1.780863e-01,1.181063e-01,2.194463e-02,3.788866e-02,1.754993e-03,4.036240e-03,4.665066e-04,2.731868e-03,1.817360e-01,2.641768e-01,7.074197e-02,1.886865e-02,1.854742e-02,1.377510e-02,6.713858e-02
1.537340e-01,8.523868e-02,1.551546e-02,2.682457e-02,1.267218e-03,3.392125e-03,4.946999e-04,2.183411e-03,1.315035e-01,2.099296e-01,2.509821e-01,3.636610e-02,1.413313e-02,1.997926e-02,4.845612e-02
1.268069e-01,6.061915e-02,1.088736e-02,1.887615e-02,9.656295e-04,2.769104e-03,4.161905e-04,1.773107e-03,9.483533e-02,1.516723e-01,4.295649e-01,3.599100e-02,1.051111e-02,1.937215e-02,3.493957e-02
1.075623e-01,5.080648e-02,7.732830e-03,1.335228e-02,9.615399e-04,2.698162e-03,4.172176e-04,1.489717e-03,7.133768e-02,1.124694e-01,5.079264e-01,5.154330e-02,9.220628e-03,3.572578e-02,2.675619e-02
7.968429e-02,3.987182e-02,5.694671e-03,9.535113e-03,8.792250e-04,2.522073e-03,3.557366e-04,1.183431e-03,5.302520e-02,8.434153e-02,5.209258e-01,1.272068e-01,7.984164e-03,4.642504e-02,2.036512e-02
5.812810e-02,3.261099e-02,4.509404e-03,6.897576e-03,1.615210e-03,2.437585e-03,3.164473e-04,1.069979e-03,4.204263e-02,6.662309e-02,4.910623e-01,1.900675e-01,7.463304e-03,7.914849e-02,1.600743e-02
4.145253e-02,2.379752e-02,3.786325e-03,5.058286e-03,3.274451e-03,2.295356e-03,8.613709e-04,2.148449e-03,3.467786e-02,5.353422e-02,4.386825e-01,3.074814e-01,6.381963e-03,6.346830e-02,1.309946e-02
2.917831e-02,1.706347e-02,2.708220e-03,3.608272e-03,3.087308e-03,1.901120e-03,1.958531e-03,1.741952e-03,3.602411e-02,3.845203e-02,5.509766e-01,2.526205e-01,5.393752e-03,4.576120e-02,9.524589e-03
2.112114e-02,1.316746e-02,2.071094e-03,2.661151e-03,3.658319e-03,1.926887e-03,3.151492e-03,1.733738e-03,4.125402e-02,2.955147e-02,6.051683e-01,2.278999e-01,5.307680e-03,3.416909e-02,7.158156e-03
1.802760e-02,1.148017e-02,2.242866e-02,4.521659e-03,1.793103e-02,5.783515e-03,4.076881e-03,1.619909e-01,4.091356e-02,2.341310e-02,4.619037e-01,1.917470e-01,5.332873e-03,2.529808e-02,5.151214e-03
1.551492e-02,1.647107e-02,2.136587e-02,3.814333e-03,5.644081e-02,1.294440e-02,9.744292e-03,1.250442e-01,8.461332e-02,1.879751e-02,4.291043e-01,1.772733e-01,4.736782e-03,2.031159e-02,3.823261e-03
1.482470e-02,1.389834e-02,1.723222e-02,3.035607e-03,9.244011e-02,1.617748e-02,1.674896e-02,9.565903e-02,1.319799e-01,3.014446e-02,3.638119e-01,1.807850e-01,4.201598e-03,1.615038e-02,2.910304e-03
1.421494e-02,1.073432e-02,1.720509e-02,9.087024e-03,1.092860e-01,2.020314e-02,1.466086e-02,2.284433e-01,1.027553e-01,2.416413e-02,2.758058e-01,1.563767e-01,3.223080e-03,1.178037e-02,2.059861e-03
1.693363e-02,9.588963e-03,1.790011e-02,1.868743e-02,1.150330e-01,2.522823e-02,1.198037e-02,3.125650e-01,9.144535e-02,2.060448e-02,2.090759e-01,1.382603e-01,2.585135e-03,8.639035e-03,1.473067e-03
2.546389e-02,8.740049e-03,2.130422e-02,4.573244e-02,1.000630e-01,2.836784e-02,9.842103e-03,3.669565e-01,8.079630e-02,1.943398e-02,1.579635e-01,1.248257e-01,2.064668e-03,7.301787e-03,1.144024e-03
3.844231e-02,9.688739e-03,2.411848e-02,4.322018e-02,1.069392e-01,2.958792e-02,1.159063e-02,3.264551e-01,1.016173e-01,1.865572e-02,1.314343e-01,1.492250e-01,1.775201e-03,6.056477e-03,1.193518e-03
7.500249e-02,1.030029e-02,3.879840e-02,5.308989e-02,9.316301e-02,2.483845e-02,1.322463e-02,3.356431e-01,8.660159e-02,1.986149e-02,1.175011e-01,1.219223e-01,2.065250e-03,6.521198e-03,1.466822e-03
9.959570e-02,1.272936e-02,4.929473e-02,4.537319e-02,1.275590e-01,1.985682e-02,1.155178e-02,2.804389e-01,8.255178e-02,2.252788e-02,1.037858e-01,1.304919e-01,2.877589e-03,8.284552e-03,3.080994e-03
1.004737e-01,1.107066e-02,6.522211e-02,3.574526e-02,1.339466e-01,1.563685e-02,1.199684e-02,2.837803e-01,7.607906e-02,2.575881e-02,9.201901e-02,1.308665e-01,3.534995e-03,1.070887e-02,3.160413e-03
8.288587e-02,9.506365e-03,1.007217e-01,4.197648e-02,1.668720e-01,1.265064e-02,1.403480e-02,3.117397e-01,5.847749e-02,1.941793e-02,6.960693e-02,9.814902e-02,3.156066e-03,8.421049e-03,2.383898e-03
8.571178e-02,1.090616e-02,9.579562e-02,9.732915e-02,2.250482e-01,1.613399e-02,1.158600e-02,2.336410e-01,4.879353e-02,1.741771e-02,5.853903e-02,8.468159e-02,4.238654e-03,7.388061e-03,2.789493e-03
9.706015e-02,1.310337e-02,1.355507e-01,7.659435e-02,2.245745e-01,1.993650e-02,1.092288e-02,1.857218e-01,6.852047e-02,2.823877e-02,5.348722e-02,7.104199e-02,4.349825e-03,6.542120e-03,4.355183e-03
1.420681e-01,2.349985e-02,1.582462e-01,6.267519e-02,1.958216e-01,2.148934e-02,1.087349e-02,1.390247e-01,8.209835e-02,3.862677e-02,4.869955e-02,5.724464e-02,5.791409e-03,7.851313e-03,5.989451e-03
1.501777e-01,2.596149e-02,1.375010e-01,5.116156e-02,2.089188e-01,2.746837e-02,1.190660e-02,1.104580e-01,1.389250e-01,3.279963e-02,4.012375e-02,4.607443e-02,5.844895e-03,6.577414e-03,6.101199e-03
2.273055e-01,3.423140e-02,1.018499e-01,5.174201e-02,1.799661e-01,2.433580e-02,1.072457e-02,8.802252e-02,1.571640e-01,2.679353e-02,3.353129e-02,4.215270e-02,7.669378e-03,6.788671e-03,7.722762e-03
3.122095e-01,3.673340e-02,7.267938e-02,4.728448e-02,1.559637e-01,2.275660e-02,8.953722e-03,7.268666e-02,1.450660e-01,3.197362e-02,2.821153e-02,4.155137e-02,8.693267e-03,5.607424e-03,9.629369e-03
2.478646e-01,2.621219e-02,5.164867e-02,4.946521e-02,1.364451e-01,1.713984e-02,7.754452e-03,2.631050e-01,1.075484e-01,2.293450e-02,2.050159e-02,3.183565e-02,6.644693e-03,3.959485e-03,6.940485e-03
2.114834e-01,2.151300e-02,3.910628e-02,3.999731e-02,1.185549e-01,1.321896e-02,5.845021e-03,3.923775e-01,8.723265e-02,1.656585e-02,1.530400e-02,2.443656e-02,5.716057e-03,2.949115e-03,5.699452e-03
1.522173e-01,1.545539e-02,2.769552e-02,2.879020e-02,8.609163e-02,9.440431e-03,4.182905e-03,5.629804e-01,6.279521e-02,1.162836e-02,1.093565e-02,1.744789e-02,4.193203e-03,2.081455e-03,4.064366e-03
1.136917e-01,1.104777e-02,1.972157e-02,2.070819e-02,6.209444e-02,7.677369e-03,2.988969e-03,6.814723e-01,4.415865e-02,8.227721e-03,7.949661e-03,1.268149e-02,3.146676e-03,1.488138e-03,2.945366e-03
8.368209e-02,7.769840e-03,1.385734e-02,1.459680e-02,4.513326e-02,5.516398e-03,2.144170e-03,7.706053e-01,3.100493e-02,5.769834e-03,5.602989e-03,8.956213e-03,2.237856e-03,1.047474e-03,2.075485e-03
6.289716e-02,5.498011e-03,9.774233e-03,1.029919e-02,3.241431e-02,4.545444e-03,1.576385e-03,8.328995e-01,2.174404e-02,4.054432e-03,3.971707e-03,6.346833e-03,1.760161e-03,7.420296e-04,1.476559e-03
8.330822e-02,4.017806e-03,8.599056e-03,7.796735e-03,2.394365e-02,2.743722e-02,1.196445e-03,8.119100e-01,1.527738e-02,2.932173e-03,3.852632e-03,5.540592e-03,2.459446e-03,5.824806e-04,1.146071e-03
7.755026e-02,2.863380e-03,6.399876e-03,5.854321e-03,1.914902e-02,4.732911e-02,8.597022e-04,8.117248e-01,1.079501e-02,2.138402e-03,3.787508e-03,6.386844e-03,3.857383e-03,4.556304e-04,8.487774e-04
9.725380e-02,2.108365e-03,6.023001e-03,4.819748e-03,1.587687e-02,1.866469e-01,7.203803e-04,6.401275e-01,8.069148e-03,1.802656e-03,8.040526e-03,1.651039e-02,1.052318e-02,5.546933e-04,9.228106e-04
7.151122e-02,1.511452e-03,4.452738e-03,4.015907e-03,1.127227e-02,2.339570e-01,5.768021e-04,4.639438e-01,5.724182e-03,2.775875e-03,1.250474e-02,4.681356e-02,1.378531e-01,5.192672e-04,2.568094e-03
5.032961e-02,1.086612e-03,3.192962e-03,3.102438e-03,7.989259e-03,1.773261e-01,6.740033e-04,3.250768e-01,4.187893e-03,3.548540e-03,1.403002e-02,5.007379e-02,3.519611e-01,5.086276e-04,6.912188e-03
3.555600e-02,8.082710e-04,2.299308e-03,2.345000e-03,5.760243e-03,1.296223e-01,6.982484e-04,2.282235e-01,4.327975e-03,4.130444e-03,1.678124e-02,9.637530e-02,4.659562e-01,4.837143e-04,6.632256e-03
2.706196e-02,1.245106e-03,2.363967e-03,2.697345e-03,5.218745e-03,1.028159e-01,7.766419e-04,1.622071e-01,1.727302e-02,6.709612e-03,2.058444e-02,2.376297e-01,4.059612e-01,1.766884e-03,5.688507e-03
2.162901e-02,4.197305e-03,2.354486e-03,2.201125e-03,5.002285e-03,7.705510e-02,6.546698e-04,1.138215e-01,2.695639e-02,1.021933e-02,7.864508e-02,3.192313e-01,3.290555e-01,4.069465e-03,4.907431e-03
1.954354e-02,1.040149e-02,2.930024e-03,2.138825e-03,4.998143e-03,5.645552e-02,6.558503e-04,7.988938e-02,3.392422e-02,4.631686e-02,8.170229e-02,3.970264e-01,2.550868e-01,4.667815e-03,4.262753e-03
1.670837e-02,1.188428e-02,4.030596e-03,1.697495e-03,5.116320e-03,4.143779e-02,6.078957e-04,5.619207e-02,3.261948e-02,9.589916e-02,1.133647e-01,4.145173e-01,1.970377e-01,5.579252e-03,3.307485e-03
2.386547e-02,2.208144e-02,5.277506e-03,1.476803e-03,1.078784e-02,3.086355e-02,5.523049e-04,4.025032e-02,4.538151e-02,8.641197e-02,1.522219e-01,4.203038e-01,1.491811e-01,8.688893e-03,2.655514e-03
3.580689e-02,3.027262e-02,2.524303e-02,2.019609e-03,1.961878e-02,2.697278e-02,7.215192e-04,3.637410e-02,5.246567e-02,7.688703e-02,1.520387e-01,4.228420e-01,1.088821e-01,7.612078e-03,2.243021e-03
2.778492e-02,3.529009e-02,2.338716e-02,1.973778e-03,3.538692e-02,2.098047e-02,6.775643e-04,2.737657e-02,4.905394e-02,5.998075e-02,2.552938e-01,3.718248e-01,7.772269e-02,1.139516e-02,1.871299e-03
2.186750e-02,4.826708e-02,1.931213e-02,1.704175e-03,6.035765e-02,1.689258e-02,6.583768e-04,1.994065e-02,5.572064e-02,4.901561e-02,3.334369e-01,3.032361e-01,5.537764e-02,1.242785e-02,1.785108e-03
