1.000000e+00,0.000000e+00,0.000000e+00,0.000000e+00,0.000000e+00,0.000000e+00,0.000000e+00,0.000000e+00,0.000000e+00,0.000000e+00,0.000000e+00,0.000000e+00,0.000000e+00,0.000000e+00,0.000000e+00
1.000000e+00,0.000000e+00,0.000000e+00,0.000000e+00,0.000000e+00,0.000000e+00,0.000000e+00,0.000000e+00,0.000000e+00,0.000000e+00,0.000000e+00,0.000000e+00,0.000000e+00,0.000000e+00,0.000000e+00
1.000000e+00,0.000000e+00,0.000000e+00,0.000000e+00,0.000000e+00,0.000000e+00,0.000000e+00,0.000000e+00,0.000000e+00,0.000000e+00,0.000000e+00,0.000000e+00,0.000000e+00,0.000000e+00,0.000000e+00
1.000000e+00,0.000000e+00,0.000000e+00,0.000000e+00,0.000000e+00,0.000000e+00,0.000000e+00,0.000000e+00,0.000000e+00,0.000000e+00,0.000000e+00,0.000000e+00,0.000000e+00,0.000000e+00,0.000000e+00
1.000000e+00,0.000000e+00,0.000000e+00,0.000000e+00,0.000000e+00,0.000000e+00,0.000000e+00,0.000000e+00,0.000000e+00,0.000000e+00,0.000000e+00,0.000000e+00,0.000000e+00,0.000000e+00,0.000000e+00
1.000000e+00,0.000000e+00,0.000000e+00,0.000000e+00,0.000000e+00,0.000000e+00,0.000000e+00,0.000000e+00,0.000000e+00,0.000000e+00,0.000000e+00,0.000000e+00,0.000000e+00,0.000000e+00,0.000000e+00
1.000000e+00,0.000000e+00,0.000000e+00,0.000000e+00,0.000000e+00,0.000000e+00,0.000000e+00,0.000000e+00,0.000000e+00,0.000000e+00,0.000000e+00,0.000000e+00,0.000000e+00,0.000000e+00,0.000000e+00
1.000000e+00,0.000000e+00,0.000000e+00,0.000000e+00,0.000000e+00,0.000000e+00,0.000000e+00,0.000000e+00,0.000000e+00,0.000000e+00,0.000000e+00,0.000000e+00,0.000000e+00,0.000000e+00,0.000000e+00
1.000000e+00,0.000000e+00,0.000000e+00,0.000000e+00,0.000000e+00,0.000000e+00,0.000000e+00,0.000000e+00,0.000000e+00,0.000000e+00,0.000000e+00,0.000000e+00,0.000000e+00,0.000000e+00,0.000000e+00
1.000000e+00,0.000000e+00,0.000000e+00,0.000000e+00,0.000000e+00,0.000000e+00,0.000000e+00,0.000000e+00,0.000000e+00,0.000000e+00,0.000000e+00,0.000000e+00,0.000000e+00,0.000000e+00,0.000000e+00
1.000000e+00,0.000000e+00,0.000000e+00,0.000000e+00,0.000000e+00,0.000000e+00,0.000000e+00,0.000000e+00,0.000000e+00,0.000000e+00,0.000000e+00,0.000000e+00,0.000000e+00,0.000000e+00,0.000000e+00
1.000000e+00,0.000000e+00,0.000000e+00,0.000000e+00,0.000000e+00,0.000000e+00,0.000000e+00,0.000000e+00,0.000000e+00,0.000000e+00,0.000000e+00,0.000000e+00,0.000000e+00,0.000000e+00,0.000000e+00
1.000000e+00,0.000000e+00,0.000000e+00,0.000000e+00,0.000000e+00,0.000000e+00,0.000000e+00,0.000000e+00,0.000000e+00,0.000000e+00,0.000000e+00,0.000000e+00,0.000000e+00,0.000000e+00,0.000000e+00
1.000000e+00,0.000000e+00,0.000000e+00,0.000000e+00,0.000000e+00,0.000000e+00,0.000000e+00,0.000000e+00,0.000000e+00,0.000000e+00,0.000000e+00,0.000000e+00,0.000000e+00,0.000000e+00,0.000000e+00
1.000000e+00,0.000000e+00,0.000000e+00,0.000000e+00,0.000000e+00,0.000000e+00,0.000000e+00,0.000000e+00,0.000000e+00,0.000000e+00,0.000000e+00,0.000000e+00,0.000000e+00,0.000000e+00,0.000000e+00
1.000000e+00,0.000000e+00,0.000000e+00,0.000000e+00,0.000000e+00,0.000000e+00,0.000000e+00,0.000000e+00,0.000000e+00,0.000000e+00,0.000000e+00,0.000000e+00,0.000000e+00,0.000000e+00,0.000000e+00
1.000000e+00,0.000000e+00,0.000000e+00,0.000000e+00,0.000000e+00,0.000000e+00,0.000000e+00,0.000000e+00,0.000000e+00,0.000000e+00,0.000000e+00,0.000000e+00,0.000000e+00,0.000000e+00,0.000000e+00
1.000000e+00,0.000000e+00,0.000000e+00,0.000000e+00,0.000000e+00,0.000000e+00,0.000000e+00,0.000000e+00,0.000000e+00,0.000000e+00,0.000000e+00,0.000000e+00,0.000000e+00,0.000000e+00,0.000000e+00
1.000000e+00,0.000000e+00,0.000000e+00,0.000000e+00,0.000000e+00,0.000000e+00,0.000000e+00,0.000000e+00,0.000000e+00,0.000000e+00,0.000000e+00,0.000000e+00,0.000000e+00,0.000000e+00,0.000000e+00
1.000000e+00,0.000000e+00,0.000000e+00,0.000000e+00,0.000000e+00,0.000000e+00,0.000000e+00,0.000000e+00,0.000000e+00,0.000000e+00,0.000000e+00,0.000000e+00,0.000000e+00,0.000000e+00,0.000000e+00
1.000000e+00,0.000000e+00,0.000000e+00,0.000000e+00,0.000000e+00,0.000000e+00,0.000000e+00,0.000000e+00,0.000000e+00,0.000000e+00,0.000000e+00,0.000000e+00,0.000000e+00,0.000000e+00,0.000000e+00
1.000000e+00,0.000000e+00,0.000000e+00,0.000000e+00,0.000000e+00,0.000000e+00,0.000000e+00,0.000000e+00,0.000000e+00,0.000000e+00,0.000000e+00,0.000000e+00,0.000000e+00,0.000000e+00,0.000000e+00
1.000000e+00,0.000000e+00,0.000000e+00,0.000000e+00,0.000000e+00,0.000000e+00,0.000000e+00,0.000000e+00,0.000000e+00,0.000000e+00,0.000000e+00,0.000000e+00,0.000000e+00,0.000000e+00,0.000000e+00
1.000000e+00,0.000000e+00,0.000000e+00,0.000000e+00,0.000000e+00,0.000000e+00,0.000000e+00,0.000000e+00,0.000000e+00,0.000000e+00,0.000000e+00,0.000000e+00,0.000000e+00,0.000000e+00,0.000000e+00
1.000000e+00,0.000000e+00,0.000000e+00,0.000000e+00,0.000000e+00,0.000000e+00,0.000000e+00,0.000000e+00,0.000000e+00,0.000000e+00,0.000000e+00,0.000000e+00,0.000000e+00,0.000000e+00,0.000000e+00
1.000000e+00,0.000000e+00,0.000000e+00,0.000000e+00,0.000000e+00,0.000000e+00,0.000000e+00,0.000000e+00,0.000000e+00,0.000000e+00,0.000000e+00,0.000000e+00,0.000000e+00,0.000000e+00,0.000000e+00
1.000000e+00,0.000000e+00,0.000000e+00,0.000000e+00,0.000000e+00,0.000000e+00,0.000000e+00,0.000000e+00,0.000000e+00,0.000000e+00,0.000000e+00,0.000000e+00,0.000000e+00,0.000000e+00,0.000000e+00
1.000000e+00,0.000000e+00,0.000000e+00,0.000000e+00,0.000000e+00,0.000000e+00,0.000000e+00,0.000000e+00,0.000000e+00,0.000000e+00,0.000000e+00,0.000000e+00,0.000000e+00,0.000000e+00,0.000000e+00
1.000000e+00,0.000000e+00,0.000000e+00,0.000000e+00,0.000000e+00,0.000000e+00,0.000000e+00,0.000000e+00,0.000000e+00,0.000000e+00,0.000000e+00,0.000000e+00,0.000000e+00,0.000000e+00,0.000000e+00
1.000000e+00,0.000000e+00,0.000000e+00,0.000000e+00,0.000000e+00,0.000000e+00,0.000000e+00,0.000000e+00,0.000000e+00,0.000000e+00,0.000000e+00,0.000000e+00,0.000000e+00,0.000000e+00,0.000000e+00
1.000000e+00,0.000000e+00,0.000000e+00,0.000000e+00,0.000000e+00,0.000000e+00,0.000000e+00,0.000000e+00,0.000000e+00,0.000000e+00,0.000000e+00,0.000000e+00,0.000000e+00,0.000000e+00,0.000000e+00
1.000000e+00,0.000000e+00,0.000000e+00,0.000000e+00,0.000000e+00,0.000000e+00,0.000000e+00,0.000000e+00,0.000000e+00,0.000000e+00,0.000000e+00,0.000000e+00,0.000000e+00,0.000000e+00,0.000000e+00
1.000000e+00,0.000000e+00,0.000000e+00,0.000000e+00,0.000000e+00,0.000000e+00,0.000000e+00,0.000000e+00,0.000000e+00,0.000000e+00,0.000000e+00,0.000000e+00,0.000000e+00,0.000000e+00,0.000000e+00
1.000000e+00,0.000000e+00,0.000000e+00,0.000000e+00,0.000000e+00,0.000000e+00,0.000000e+00,0.000000e+00,0.000000e+00,0.000000e+00,0.000000e+00,0.000000e+00,0.000000e+00,0.000000e+00,0.000000e+00
1.000000e+00,0.000000e+00,0.000000e+00,0.000000e+00,0.000000e+00,0.000000e+00,0.000000e+00,0.000000e+00,0.000000e+00,0.000000e+00,0.000000e+00,0.000000e+00,0.000000e+00,0.000000e+00,0.000000e+00
1.000000e+00,0.000000e+00,0.000000e+00,0.000000e+00,0.000000e+00,0.000000e+00,0.000000e+00,0.000000e+00,0.000000e+00,0.000000e+00,0.000000e+00,0.000000e+00,0.000000e+00,0.000000e+00,0.000000e+00
1.000000e+00,0.000000e+00,0.000000e+00,0.000000e+00,0.000000e+00,0.000000e+00,0.000000e+00,0.000000e+00,0.000000e+00,0.000000e+00,0.000000e+00,0.000000e+00,0.000000e+00,0.000000e+00,0.000000e+00
1.000000e+00,0.000000e+00,0.000000e+00,0.000000e+00,0.000000e+00,0.000000e+00,0.000000e+00,0.000000e+00,0.000000e+00,0.000000e+00,0.000000e+00,0.000000e+00,0.000000e+00,0.000000e+00,0.000000e+00
1.000000e+00,0.000000e+00,0.000000e+00,0.000000e+00,0.000000e+00,0.000000e+00,0.000000e+00,0.000000e+00,0.000000e+00,0.000000e+00,0.000000e+00,0.000000e+00,0.000000e+00,0.000000e+00,0.000000e+00
1.000000e+00,0.000000e+00,0.000000e+00,0.000000e+00,0.000000e+00,0.000000e+00,0.000000e+00,0.000000e+00,0.000000e+00,0.000000e+00,0.000000e+00,0.000000e+00,0.000000e+00,0.000000e+00,0.000000e+00
1.000000e+00,0.000000e+00,0.000000e+00,0.000000e+00,0.000000e+00,0.000000e+00,0.000000e+00,0.000000e+00,0.000000e+00,0.000000e+00,0.000000e+00,0.000000e+00,0.000000e+00,0.000000e+00,0.000000e+00
1.000000e+00,0.000000e+00,0.000000e+00,0.000000e+00,0.000000e+00,0.000000e+00,0.000000e+00,0.000000e+00,0.000000e+00,0.000000e+00,0.000000e+00,0.000000e+00,0.000000e+00,0.000000e+00,0.000000e+00
1.000000e+00,0.000000e+00,0.000000e+00,0.000000e+00,0.000000e+00,0.000000e+00,0.000000e+00,0.000000e+00,0.000000e+00,0.000000e+00,0.000000e+00,0.000000e+00,0.000000e+00,0.000000e+00,0.000000e+00
1.000000e+00,0.000000e+00,0.000000e+00,0.000000e+00,0.000000e+00,0.000000e+00,0.000000e+00,0.000000e+00,0.000000e+00,0.000000e+00,0.000000e+00,0.000000e+00,0.000000e+00,0.000000e+00,0.000000e+00
1.000000e+00,0.000000e+00,0.000000e+00,0.000000e+00,0.000000e+00,0.000000e+00,0.000000e+00,0.000000e+00,0.000000e+00,0.000000e+00,0.000000e+00,0.000000e+00,0.000000e+00,0.000000e+00,0.000000e+00
1.000000e+00,0.000000e+00,0.000000e+00,0.000000e+00,0.000000e+00,0.000000e+00,0.000000e+00,0.000000e+00,0.000000e+00,0.000000e+00,0.000000e+00,0.000000e+00,0.000000e+00,0.000000e+00,0.000000e+00
1.000000e+00,0.000000e+00,0.000000e+00,0.000000e+00,0.000000e+00,0.000000e+00,0.000000e+00,0.000000e+00,0.000000e+00,0.000000e+00,0.000000e+00,0.000000e+00,0.000000e+00,0.000000e+00,0.000000e+00
1.000000e+00,0.000000e+00,0.000000e+00,0.000000e+00,0.000000e+00,0.000000e+00,0.000000e+00,0.000000e+00,0.000000e+00,0.000000e+00,0.000000e+00,0.000000e+00,0.000000e+00,0.000000e+00,0.000000e+00
1.000000e+00,0.000000e+00,0.000000e+00,0.000000e+00,0.000000e+00,0.000000e+00,0.000000e+00,0.000000e+00,0.000000e+00,0.000000e+00,0.000000e+00,0.000000e+00,0.000000e+00,0.000000e+00,0.000000e+00
1.000000e+00,0.000000e+00,0.000000e+00,0.000000e+00,0.000000e+00,0.000000e+00,0.000000e+00,0.000000e+00,0.000000e+00,0.000000e+00,0.000000e+00,0.000000e+00,0.000000e+00,0.000000e+00,0.000000e+00
4.906383e-01,1.713735e-02,1.389264e-02,3.176098e-02,9.819854e-03,3.290946e-02,1.716313e-02,3.101462e-01,6.415494e-03,1.587837e-03,7.523626e-03,1.968337e-02,2.438261e-02,3.070964e-03,1.386814e-02
3.443146e-01,1.209078e-02,1.249717e-02,2.462223e-02,7.484384e-03,2.359377e-02,1.217674e-02,5.083226e-01,4.562195e-03,1.131548e-03,5.747392e-03,1.409672e-02,1.729798e-02,2.262748e-03,9.799168e-03
2.412957e-01,8.503730e-03,9.655552e-03,1.749752e-02,5.450265e-03,1.706755e-02,9.107618e-03,6.525209e-01,3.210670e-03,8.012623e-04,4.172173e-03,9.902231e-03,1.216641e-02,1.738720e-03,6.909667e-03
1.691421e-01,5.979554e-03,7.551623e-03,1.253275e-02,3.990788e-03,1.255971e-02,7.508838e-03,7.531658e-01,2.263892e-03,5.690695e-04,3.019706e-03,6.953124e-03,8.574677e-03,1.324305e-03,4.863957e-03
1.185197e-01,4.193615e-03,5.637609e-03,8.904255e-03,3.278716e-03,9.087383e-03,2.927005e-02,8.015655e-01,1.589103e-03,4.034244e-04,2.161651e-03,4.877834e-03,6.161208e-03,9.378012e-04,3.412083e-03
8.298928e-02,2.942430e-03,4.071866e-03,6.275602e-03,3.114256e-03,6.595595e-03,7.398307e-02,8.057424e-01,1.119285e-03,3.026309e-04,1.550671e-03,3.428842e-03,4.811591e-03,6.682813e-04,2.404116e-03
5.813174e-02,2.064927e-03,2.971110e-03,4.415964e-03,2.995462e-03,5.046607e-03,1.673865e-01,7.458565e-01,7.935266e-04,2.258285e-04,1.118677e-03,2.422654e-03,4.393826e-03,4.781296e-04,1.698473e-03
4.072126e-02,1.457347e-03,2.171984e-03,3.131436e-03,5.061438e-03,3.803252e-03,3.256169e-01,6.095470e-01,5.650008e-04,1.869591e-04,8.638406e-04,1.797508e-03,3.479449e-03,3.616105e-04,1.235079e-03
2.868890e-02,1.042599e-03,1.624995e-03,2.230838e-03,5.378783e-03,4.293188e-03,3.806694e-01,5.689285e-01,4.274908e-04,1.647325e-04,6.760436e-04,1.399510e-03,3.302753e-03,2.715770e-04,9.006729e-04
2.038307e-02,7.543591e-04,1.246917e-03,1.606233e-03,6.077326e-03,3.884240e-03,4.419196e-01,5.168915e-01,3.510143e-04,1.446865e-04,5.605443e-04,1.274982e-03,4.010604e-03,2.100377e-04,6.848904e-04
1.595399e-02,5.957161e-04,1.192912e-03,1.188861e-03,6.431408e-03,8.514801e-03,4.921716e-01,4.648984e-01,3.355473e-04,1.843343e-04,5.002733e-04,1.416889e-03,5.808161e-03,1.632525e-04,6.438960e-04
1.794912e-02,5.644618e-04,1.527667e-03,9.544477e-04,8.091304e-03,1.844299e-02,5.192176e-01,4.211598e-01,4.388531e-04,3.483938e-04,4.877663e-04,1.936319e-03,8.001262e-03,1.320638e-04,7.479781e-04
5.617290e-02,6.793495e-04,2.531315e-03,1.179495e-03,1.305525e-02,3.695050e-02,4.421301e-01,4.319019e-01,7.242128e-04,4.393870e-04,6.108079e-04,2.611746e-03,9.961352e-03,1.329998e-04,9.186600e-04
1.077140e-01,7.355945e-04,3.701285e-03,1.525091e-03,1.361120e-02,5.707134e-02,3.967075e-01,3.999807e-01,7.724055e-04,4.843120e-04,7.091303e-04,3.635529e-03,1.197177e-02,1.250733e-04,1.255170e-03
1.438979e-01,1.077467e-03,5.138742e-03,2.151959e-03,1.234973e-02,6.586479e-02,3.619765e-01,3.820811e-01,8.027921e-04,1.002502e-03,1.150424e-03,5.776507e-03,1.342609e-02,1.936293e-04,3.109937e-03
1.034540e-01,1.331351e-03,4.464131e-03,2.340578e-03,9.034531e-03,6.993742e-02,2.701912e-01,2.826153e-01,1.045364e-03,1.766762e-03,1.560871e-03,4.520936e-03,2.376739e-01,2.052455e-04,9.858544e-03
7.299470e-02,9.856971e-04,3.203528e-03,1.813596e-03,6.518169e-03,5.736131e-02,1.948453e-01,2.045893e-01,8.342059e-04,1.366921e-03,1.411277e-03,3.407027e-03,4.318842e-01,1.602358e-04,1.862457e-02
5.268412e-02,2.241671e-03,2.369248e-03,2.156062e-03,7.853703e-03,4.101888e-02,1.390710e-01,1.454226e-01,1.818726e-02,2.721056e-03,1.295237e-03,2.914562e-03,5.486302e-01,3.226586e-04,3.311176e-02
3.737650e-02,3.872477e-03,1.704901e-03,1.917678e-03,5.732219e-03,2.997734e-02,9.816580e-02,1.022739e-01,1.452962e-02,2.710947e-03,1.054038e-03,2.398668e-03,6.612288e-01,2.765594e-04,3.678062e-02
2.637346e-02,2.956491e-03,1.207357e-03,1.471951e-03,4.121636e-03,2.208398e-02,6.934696e-02,7.173210e-02,1.151155e-02,1.998337e-03,1.045669e-03,4.066375e-03,7.459705e-01,2.285347e-04,3.588513e-02
1.921609e-02,6.844257e-03,1.816749e-03,1.256796e-03,3.155401e-03,2.008142e-02,4.918625e-02,5.033383e-02,3.004083e-02,1.719301e-03,1.056825e-03,5.115007e-03,7.830549e-01,4.775056e-04,2.664482e-02
1.428075e-02,5.115497e-03,1.512643e-03,1.222888e-03,2.965868e-03,2.140694e-02,3.498867e-02,3.538963e-02,2.421112e-02,1.256999e-03,1.412607e-03,8.433095e-03,8.263925e-01,6.911748e-04,2.071958e-02
1.221997e-02,5.003924e-03,2.717516e-03,1.447704e-03,5.204191e-03,1.863552e-02,2.527601e-02,2.495452e-02,2.006193e-02,2.384576e-03,1.772206e-03,1.033983e-02,8.399776e-01,3.563347e-03,2.644112e-02
1.167961e-02,4.346883e-03,6.623555e-03,2.020531e-03,8.226709e-03,2.050218e-02,1.827435e-02,1.803127e-02,1.603141e-02,2.988865e-03,5.103416e-03,2.003821e-02,7.955147e-01,4.451174e-03,6.616712e-02
8.996052e-03,4.706713e-03,1.134751e-02,1.794500e-03,9.510105e-03,1.540921e-02,1.296001e-02,1.275350e-02,1.190266e-02,9.324398e-03,5.103099e-03,1.746781e-02,7.466150e-01,4.012886e-03,1.280966e-01
7.532336e-03,3.825346e-03,1.450465e-02,1.442922e-03,1.028972e-02,1.195317e-02,9.128421e-03,9.062349e-03,8.854652e-03,9.779276e-03,5.194939e-03,1.501849e-02,5.901909e-01,2.996061e-03,3.002267e-01
5.417466e-03,2.803474e-03,1.550482e-02,1.223288e-03,8.496135e-03,8.702536e-03,6.457978e-03,7.171573e-03,6.398985e-03,1.076556e-02,5.662502e-03,1.308131e-02,4.709470e-01,2.207638e-03,4.351597e-01
3.856135e-03,2.042823e-03,1.409603e-02,9.678628e-04,6.872299e-03,6.124210e-03,4.582120e-03,8.107379e-03,5.030559e-03,1.335366e-02,7.260348e-03,9.696761e-03,3.552585e-01,1.619892e-03,5.611314e-01
2.719282e-03,1.445956e-03,1.154387e-02,8.502894e-04,5.237132e-03,4.300893e-03,3.263676e-03,9.362019e-03,3.904686e-03,1.360083e-02,7.184851e-03,7.126380e-03,2.551653e-01,1.169743e-03,6.731250e-01
1.978601e-03,1.039091e-03,1.223284e-02,2.078616e-03,1.104280e-02,3.029452e-03,2.756560e-03,6.959642e-02,3.587643e-03,1.364050e-02,7.480503e-03,5.316626e-03,1.870456e-01,8.663879e-04,6.783084e-01
2.129404e-03,1.390352e-03,1.933445e-02,7.026976e-03,1.617928e-02,2.317930e-03,2.623536e-03,2.527672e-01,6.038646e-03,1.027836e-02,6.991635e-03,4.147728e-03,1.324804e-01,6.463121e-04,5.356478e-01
2.990094e-03,3.512015e-03,1.899223e-02,7.443462e-03,2.091214e-02,2.160688e-03,2.800178e-03,3.443902e-01,2.237318e-02,7.869047e-03,5.868228e-03,3.157922e-03,9.381919e-02,5.010006e-04,4.632103e-01
7.516490e-03,1.237522e-02,2.207073e-02,8.413238e-03,2.478780e-02,3.497209e-03,3.658458e-03,3.860880e-01,4.592399e-02,6.477412e-03,4.882517e-03,2.600654e-03,6.676962e-02,4.885152e-04,4.044500e-01
1.234795e-02,2.062904e-02,2.200036e-02,8.758470e-03,2.273589e-02,7.451768e-03,3.145044e-03,3.213266e-01,6.656924e-02,6.206117e-03,4.257030e-03,2.101087e-03,4.989956e-02,6.858789e-04,4.518860e-01
1.500793e-02,2.195940e-02,2.609974e-02,8.112507e-03,2.306674e-02,7.152263e-03,3.548410e-03,2.627759e-01,7.484142e-02,6.421230e-03,3.262902e-03,1.630734e-03,3.810909e-02,7.709861e-04,5.072408e-01
2.198544e-02,2.647973e-02,2.731461e-02,7.220915e-03,3.195033e-02,8.308663e-03,4.825967e-03,2.233641e-01,1.096275e-01,1.007879e-02,2.413117e-03,1.393087e-03,2.891617e-02,1.694914e-03,4.944268e-01
3.434955e-02,2.940119e-02,2.918921e-02,6.193581e-03,4.364151e-02,8.367354e-03,5.989733e-03,1.965411e-01,1.397670e-01,1.260503e-02,1.804749e-03,1.468143e-03,2.208265e-02,2.245579e-03,4.663536e-01
6.201256e-02,3.545296e-02,3.807443e-02,7.336824e-03,5.042968e-02,9.861214e-03,6.617362e-03,1.825867e-01,1.620855e-01,1.680003e-02,1.551370e-03,2.293318e-03,1.770185e-02,2.423708e-03,4.047726e-01
9.756902e-02,3.824068e-02,4.662169e-02,7.884309e-03,5.729534e-02,9.885794e-03,7.498112e-03,1.555084e-01,1.754536e-01,2.400347e-02,1.429081e-03,3.981540e-03,1.511821e-02,2.873749e-03,3.566371e-01
1.708800e-01,4.294934e-02,4.109909e-02,8.145713e-03,5.892920e-02,1.197555e-02,8.019792e-03,1.267247e-01,1.814035e-01,3.409006e-02,1.494782e-03,4.359920e-03,1.379521e-02,3.104201e-03,2.930290e-01
1.239691e-01,3.623430e-02,3.145814e-02,1.345866e-02,4.247607e-02,1.410490e-02,5.865776e-03,8.915404e-02,1.320171e-01,2.254725e-01,6.189404e-03,5.273413e-03,1.148544e-02,2.559438e-03,2.602819e-01
8.794284e-02,3.083300e-02,2.499976e-02,2.271997e-02,3.073543e-02,1.294105e-02,4.748997e-03,6.273817e-02,1.133203e-01,2.308637e-01,4.163874e-02,5.077663e-03,1.239787e-02,3.722733e-03,3.153198e-01
6.354114e-02,2.451498e-02,1.809142e-02,1.840951e-02,2.261551e-02,1.287396e-02,3.459612e-03,4.417431e-02,1.124585e-01,1.926309e-01,5.021349e-02,4.719444e-03,1.519031e-02,7.506325e-03,4.096006e-01
4.662212e-02,2.436321e-02,1.540347e-02,1.927787e-02,1.639459e-02,1.184092e-02,2.602817e-03,3.142019e-02,1.423457e-01,2.311647e-01,4.185975e-02,5.608328e-03,1.576163e-02,9.160141e-03,3.861745e-01
3.511120e-02,1.841967e-02,1.181905e-02,1.407629e-02,1.180763e-02,1.053152e-02,2.010883e-03,2.261067e-02,1.071273e-01,1.933214e-01,3.428961e-02,4.537304e-03,1.249479e-02,4.028763e-02,4.815551e-01
3.509236e-02,2.177859e-02,8.848342e-03,1.109689e-02,9.632072e-03,1.455802e-02,1.786494e-03,1.668063e-02,1.206383e-01,1.427236e-01,2.686212e-02,3.670516e-03,1.408374e-02,4.338627e-02,5.291620e-01
2.949753e-02,2.581532e-02,7.733980e-03,1.071759e-02,8.855058e-03,1.290485e-02,1.518945e-03,1.214731e-02,1.405035e-01,1.110989e-01,2.306056e-02,3.164983e-03,1.155190e-02,7.076443e-02,5.306652e-01
3.539027e-02,2.552755e-02,7.493434e-03,9.227846e-03,7.493607e-03,1.157302e-02,1.316343e-03,8.887320e-03,1.636901e-01,8.545861e-02,2.052148e-02,2.571136e-03,9.904706e-03,6.401086e-02,5.469338e-01
4.210117e-02,2.046487e-02,6.324464e-03,6.821725e-03,1.015894e-02,9.014409e-03,9.915192e-04,6.403787e-03,1.540922e-01,6.261227e-02,2.034758e-02,1.989259e-03,8.676946e-03,1.210013e-01,5.289996e-01
5.098546e-02,2.148027e-02,5.712619e-03,6.831419e-03,9.475324e-03,7.617383e-03,8.572458e-04,4.689077e-03,2.708661e-01,5.055308e-02,1.856737e-02,1.951315e-03,9.012297e-03,9.821208e-02,4.431889e-01
5.975062e-02,2.099679e-02,5.694901e-03,5.817412e-03,7.826190e-03,7.668356e-03,7.717822e-04,3.519376e-03,2.987259e-01,3.968338e-02,1.666601e-02,1.837834e-03,8.981713e-03,1.222992e-01,3.997606e-01
6.868520e-02,1.867773e-02,5.240461e-03,4.434036e-03,6.261164e-03,8.205332e-03,6.286517e-04,2.619097e-03,2.767030e-01,3.064896e-02,1.521037e-02,1.461889e-03,7.096662e-03,2.211785e-01,3.329489e-01
6.950325e-02,1.735873e-02,5.223105e-03,3.593048e-03,5.641084e-03,6.944713e-03,6.146893e-04,2.061164e-03,2.455427e-01,2.851140e-02,1.344813e-02,1.512595e-03,7.263125e-03,2.860506e-01,3.067317e-01
6.265131e-02,1.477569e-02,4.717524e-03,2.729663e-03,5.085957e-03,5.941088e-03,5.807097e-04,1.541110e-03,2.505567e-01,4.598599e-02,1.295219e-02,1.463159e-03,7.192218e-03,3.218775e-01,2.619492e-01
5.788104e-02,1.534609e-02,4.783961e-03,2.225673e-03,5.291668e-03,5.891344e-03,6.504970e-04,1.255541e-03,2.744932e-01,9.300291e-02,1.876067e-02,2.117284e-03,1.213461e-02,2.898312e-01,2.163343e-01
4.467934e-02,1.276402e-02,6.007640e-03,1.806706e-03,4.115329e-03,5.265968e-03,6.149292e-04,9.612023e-04,2.970121e-01,1.791112e-01,1.629670e-02,4.056350e-03,1.582817e-02,2.275768e-01,1.839036e-01
3.416789e-02,1.009856e-02,4.512116e-03,1.516184e-03,3.108786e-03,6.025712e-03,5.612325e-04,7.155414e-04,2.530447e-01,3.140782e-01,1.545699e-02,7.859495e-03,3.716171e-02,1.702746e-01,1.414182e-01
2.748982e-02,8.002129e-03,3.388878e-03,3.392640e-03,4.719205e-03,6.223002e-03,1.062584e-03,3.500385e-03,1.866839e-01,3.419532e-01,1.667980e-02,7.587459e-03,1.466013e-01,1.311841e-01,1.115315e-01
2.633320e-02,9.560973e-03,2.507199e-03,3.703043e-03,1.382894e-02,9.495895e-03,1.756954e-03,3.648308e-03,2.083247e-01,2.952352e-01,2.675311e-02,7.119611e-03,1.936506e-01,1.054413e-01,9.264087e-02
3.864885e-02,8.977091e-03,2.981808e-03,9.817219e-03,2.100643e-02,2.825025e-02,3.291123e-03,5.974385e-03,3.013577e-01,2.160915e-01,2.116504e-02,7.883387e-03,1.930943e-01,7.474710e-02,6.671394e-02
5.488381e-02,1.011697e-02,2.333540e-03,1.006645e-02,1.728827e-02,6.153430e-02,2.736365e-03,7.013264e-03,3.576409e-01,1.540214e-01,2.095616e-02,1.084656e-02,1.880676e-01,5.272735e-02,4.976705e-02
6.053796e-02,8.620827e-03,1.900891e-03,9.416576e-03,2.254882e-02,8.641055e-02,2.494509e-03,1.015547e-02,3.475221e-01,1.092531e-01,2.542260e-02,1.560178e-02,2.263003e-01,3.729454e-02,3.652007e-02
7.222036e-02,1.270616e-02,4.056999e-03,4.508482e-02,2.980407e-02,8.343692e-02,2.662967e-03,1.915054e-02,3.787980e-01,7.770352e-02,3.035102e-02,1.874774e-02,1.711010e-01,2.649193e-02,2.768395e-02
1.114893e-01,1.015539e-02,3.414341e-03,3.441219e-02,5.114639e-02,1.308322e-01,2.876013e-03,1.797003e-02,3.690431e-01,5.482133e-02,2.481516e-02,1.761289e-02,1.320861e-01,1.883194e-02,2.049369e-02
1.509778e-01,1.241725e-02,4.365952e-03,3.266732e-02,4.284472e-02,2.419242e-01,3.975897e-03,1.407299e-02,2.702561e-01,3.933902e-02,2.173308e-02,2.202566e-02,1.069904e-01,1.382553e-02,2.258411e-02
1.727572e-01,1.055201e-02,7.192422e-03,2.515576e-02,3.544222e-02,2.805598e-01,8.591138e-03,1.502004e-02,2.099441e-01,2.806635e-02,2.381952e-02,2.537554e-02,1.279338e-01,1.066468e-02,1.892537e-02
1.317104e-01,8.773899e-03,6.188791e-03,1.861661e-02,2.584682e-02,4.116135e-01,7.545479e-03,1.090611e-02,1.528509e-01,2.023048e-02,1.870965e-02,2.843397e-02,1.342261e-01,8.264136e-03,1.608322e-02
1.011627e-01,2.968216e-02,1.323075e-02,2.893765e-02,1.849302e-02,4.477751e-01,5.977910e-03,7.875548e-03,1.207646e-01,1.587688e-02,1.644927e-02,3.617658e-02,1.297779e-01,7.078338e-03,2.074159e-02
9.160052e-02,2.415252e-02,1.027747e-02,2.653415e-02,1.442907e-02,3.883468e-01,5.257980e-03,6.022553e-03,1.062078e-01,1.200742e-02,1.581040e-02,3.388342e-02,2.420855e-01,5.381142e-03,1.800333e-02
8.230501e-02,1.858536e-02,8.804762e-03,2.126628e-02,1.082446e-02,3.154754e-01,4.443136e-03,4.443333e-03,7.590895e-02,8.794587e-03,1.203838e-02,2.683340e-02,3.911726e-01,4.581909e-03,1.452237e-02
6.236918e-02,1.321757e-02,6.232055e-03,1.526089e-02,7.933686e-03,2.665887e-01,3.747673e-03,3.140924e-03,5.336118e-02,6.407711e-03,1.021794e-02,2.507350e-02,5.120438e-01,3.317996e-03,1.108708e-02
4.587716e-02,9.620612e-03,4.394163e-03,1.126978e-02,6.096694e-03,2.557243e-01,3.125775e-03,2.228522e-03,3.787123e-02,5.172275e-03,1.349746e-02,4.870927e-02,5.451304e-01,2.635864e-03,8.646525e-03
3.457925e-02,6.889001e-03,3.248893e-03,8.671710e-03,4.700155e-03,2.443168e-01,2.954886e-03,1.593887e-03,2.691235e-02,5.191822e-03,1.903049e-02,9.199347e-02,5.394146e-01,1.906709e-03,8.595891e-03
2.579931e-02,4.923029e-03,2.307731e-03,6.347618e-03,3.522862e-03,2.281689e-01,2.404873e-03,1.131377e-03,1.919254e-02,8.343773e-03,2.594836e-02,1.471814e-01,5.155945e-01,1.379632e-03,7.754057e-03
2.673143e-02,3.916058e-03,1.698411e-03,5.060328e-03,3.220975e-03,1.968520e-01,4.297892e-03,8.633350e-04,1.414672e-02,2.123565e-02,3.782787e-02,2.133639e-01,4.625027e-01,1.183342e-03,7.099363e-03
1.893917e-02,2.814648e-03,1.249375e-03,3.638006e-03,2.932861e-03,1.398274e-01,3.173444e-03,6.631024e-04,1.016246e-02,3.076260e-02,4.578647e-02,2.476204e-01,4.825040e-01,1.708713e-03,8.217496e-03
1.360403e-02,2.067133e-03,1.642196e-03,2.687391e-03,3.683513e-03,9.918777e-02,2.380702e-03,5.839588e-04,7.726585e-03,5.085719e-02,4.820773e-02,2.461881e-01,5.075362e-01,1.875199e-03,1.177226e-02
9.904743e-03,1.762965e-03,2.190598e-03,2.420629e-03,3.577826e-03,7.003478e-02,1.954534e-03,1.804217e-03,5.938429e-03,1.133895e-01,4.752317e-02,1.964750e-01,5.259770e-01,1.863406e-03,1.518331e-02
7.206857e-03,1.489963e-03,1.919052e-03,2.304310e-03,3.408748e-03,4.956140e-02,1.462378e-03,2.046790e-03,5.036118e-03,1.678996e-01,4.802446e-02,1.750770e-01,5.110090e-01,1.722000e-03,2.183230e-02
5.178477e-03,1.265555e-03,2.763246e-03,2.102706e-03,4.233299e-03,3.475757e-02,1.089843e-03,2.203854e-03,7.012032e-03,2.374247e-01,4.292684e-02,1.466729e-01,4.931476e-01,1.331015e-03,1.789033e-02
3.873043e-03,1.253493e-03,6.808306e-03,3.949323e-03,7.396367e-02,2.449868e-02,9.370304e-04,5.819120e-03,1.323432e-02,2.513752e-01,3.780529e-02,1.110374e-01,4.508099e-01,1.002620e-03,1.363247e-02
3.090570e-03,1.180017e-03,1.773984e-02,5.666651e-03,1.382593e-01,1.794467e-02,1.246016e-03,1.450032e-02,2.288411e-02,2.670796e-01,3.140310e-02,8.202803e-02,3.860336e-01,7.636255e-04,1.018061e-02
5.191686e-03,1.671403e-03,2.030016e-02,6.367876e-03,2.243196e-01,2.116374e-02,1.400585e-03,1.344183e-02,6.440172e-02,2.697358e-01,2.714392e-02,5.863138e-02,2.781827e-01,5.781147e-04,7.469536e-03
8.478339e-03,2.150397e-03,7.624643e-02,1.578083e-02,2.879308e-01,2.144469e-02,2.639460e-03,1.585031e-02,9.127010e-02,2.089630e-01,2.159097e-02,4.221376e-02,1.993943e-01,4.676065e-04,5.578976e-03
2.396005e-02,3.599819e-03,1.694688e-01,3.165535e-02,3.004682e-01,1.683554e-02,3.024217e-03,1.550440e-02,8.083939e-02,1.547239e-01,2.083131e-02,3.042898e-02,1.434364e-01,6.490495e-04,4.574669e-03
5.293754e-02,7.092273e-03,1.524090e-01,2.542873e-02,3.504713e-01,1.743742e-02,3.436315e-03,1.561362e-02,8.315045e-02,1.226528e-01,2.140960e-02,2.505446e-02,1.075735e-01,4.169140e-03,1.116393e-02
7.942548e-02,1.106848e-02,1.256920e-01,2.384562e-02,3.377836e-01,1.539916e-02,3.686260e-03,1.823641e-02,6.762519e-02,1.113572e-01,2.975672e-02,2.665522e-02,9.061079e-02,1.662426e-02,4.223362e-02
1.142309e-01,1.610350e-02,1.172669e-01,2.590025e-02,3.008271e-01,1.677647e-02,3.921721e-03,3.888787e-02,5.300038e-02,1.156359e-01,2.800128e-02,2.650578e-02,7.318772e-02,1.888934e-02,5.086485e-02
1.342095e-01,4.687295e-02,1.162131e-01,2.798625e-02,2.864810e-01,1.743045e-02,4.538416e-03,3.332607e-02,6.027877e-02,9.234048e-02,2.984148e-02,2.247412e-02,5.636048e-02,1.617559e-02,5.547138e-02
1.239453e-01,4.468617e-02,1.015918e-01,6.300009e-02,2.198329e-01,1.537749e-02,3.917094e-03,2.689368e-02,1.590972e-01,8.135032e-02,2.442947e-02,1.929003e-02,4.324401e-02,1.354069e-02,5.980382e-02
1.272019e-01,4.129227e-02,7.670707e-02,6.295564e-02,1.833882e-01,1.435698e-02,3.617190e-03,2.229567e-02,2.590350e-01,6.753406e-02,2.045541e-02,1.681315e-02,3.569084e-02,1.100778e-02,5.764885e-02
1.049843e-01,3.315752e-02,5.734575e-02,5.635086e-02,1.422031e-01,1.183482e-02,3.095556e-03,1.661742e-02,3.855091e-01,6.047734e-02,1.703653e-02,1.356003e-02,3.117232e-02,9.240337e-03,5.741498e-02
1.455616e-01,2.723570e-02,4.362291e-02,4.767207e-02,1.770043e-01,1.234602e-02,3.152869e-03,1.639356e-02,3.597082e-01,4.761024e-02,1.502070e-02,1.271963e-02,3.090515e-02,8.253105e-03,5.279387e-02
1.891178e-01,2.364592e-02,3.220958e-02,4.192827e-02,1.527659e-01,1.168485e-02,3.005203e-03,1.562309e-02,3.609135e-01,4.012845e-02,1.508503e-02,1.275251e-02,2.997252e-02,8.660085e-03,6.250727e-02
2.142882e-01,2.685419e-02,2.514352e-02,3.941165e-02,1.251401e-01,1.151490e-02,2.957469e-03,2.625642e-02,3.697234e-01,3.273018e-02,1.641756e-02,1.354287e-02,3.335965e-02,8.712387e-03,5.394758e-02
2.767166e-01,3.803973e-02,1.987598e-02,3.876645e-02,1.098215e-01,1.225367e-02,2.978320e-03,4.305378e-02,3.196771e-01,2.485901e-02,1.570283e-02,1.383458e-02,3.130128e-02,8.321673e-03,4.479757e-02
2.924117e-01,5.869831e-02,1.885319e-02,3.354865e-02,9.931339e-02,1.684757e-02,2.869038e-03,9.016059e-02,2.632537e-01,1.804602e-02,1.496716e-02,1.172544e-02,3.057417e-02,6.994665e-03,4.173642e-02
3.228889e-01,5.292057e-02,1.641440e-02,4.706611e-02,7.580342e-02,1.566735e-02,2.484177e-03,6.837045e-02,2.593765e-01,1.589252e-02,2.072566e-02,1.557175e-02,2.737878e-02,8.332842e-03,5.110651e-02
2.773082e-01,4.437228e-02,1.525290e-02,3.878735e-02,5.871715e-02,1.460584e-02,2.181112e-03,5.153249e-02,3.030904e-01,1.474052e-02,2.097244e-02,1.387761e-02,2.669021e-02,1.712500e-02,1.007465e-01
2.055885e-01,4.041314e-02,1.595660e-02,4.079429e-02,4.200304e-02,1.130854e-02,1.573441e-03,3.631500e-02,3.627026e-01,1.253217e-02,2.005176e-02,1.303885e-02,2.082291e-02,1.728605e-02,1.596131e-01
2.163960e-01,3.323555e-02,1.488202e-02,3.252158e-02,3.160786e-02,1.055447e-02,1.344638e-03,2.757595e-02,4.027129e-01,1.186724e-02,1.874070e-02,1.142253e-02,1.877485e-02,1.841949e-02,1.499442e-01
2.480294e-01,2.813078e-02,1.492413e-02,2.975363e-02,2.427784e-02,1.180663e-02,1.442141e-03,2.374799e-02,3.997230e-01,1.029837e-02,1.621822e-02,1.059747e-02,1.579420e-02,2.409928e-02,1.411570e-01
2.052170e-01,2.474526e-02,1.232211e-02,2.642072e-02,1.981304e-02,1.021913e-02,1.131533e-03,1.694440e-02,4.226843e-01,1.350827e-02,1.365617e-02,7.945210e-03,1.228468e-02,3.683730e-02,1.762709e-01
1.640135e-01,2.142847e-02,1.006729e-02,1.973952e-02,1.749586e-02,7.833383e-03,8.451535e-04,1.249416e-02,4.577273e-01,1.313628e-02,1.158244e-02,5.831338e-03,9.335997e-03,4.172263e-02,2.067467e-01
1.282876e-01,1.696143e-02,7.379220e-03,1.532539e-02,1.297128e-02,6.669282e-03,6.385529e-04,8.937524e-03,5.656129e-01,1.077320e-02,8.759278e-03,4.290365e-03,7.192957e-03,3.078721e-02,1.754138e-01
1.192149e-01,1.592219e-02,1.042016e-02,2.589592e-02,1.388987e-02,5.952500e-03,6.704286e-04,8.354922e-03,5.931491e-01,1.207412e-02,1.180549e-02,4.443943e-03,1.068671e-02,2.495956e-02,1.425602e-01
9.829409e-02,1.300828e-02,8.963900e-03,2.338300e-02,1.242845e-02,5.190006e-03,8.187355e-04,8.934338e-03,6.398103e-01,1.179025e-02,2.104864e-02,5.950246e-03,2.536344e-02,1.903251e-02,1.059838e-01
7.419813e-02,1.264365e-02,8.501863e-03,2.368503e-02,1.459117e-02,7.074491e-03,8.020175e-04,1.000940e-02,6.601584e-01,9.193588e-03,2.669145e-02,1.310129e-02,4.277465e-02,1.366656e-02,8.290832e-02
5.778232e-02,9.474884e-03,6.306064e-03,2.171005e-02,1.512388e-02,5.475645e-03,8.499071e-04,8.360275e-03,6.606413e-01,6.924028e-03,3.015727e-02,2.052165e-02,8.589000e-02,9.932850e-03,6.084990e-02
4.570833e-02,6.977432e-03,4.622978e-03,1.982517e-02,1.238288e-02,5.362345e-03,1.018972e-03,6.623623e-03,4.946709e-01,5.069371e-03,2.737932e-02,8.017937e-02,2.387266e-01,7.188994e-03,4.426365e-02
3.552857e-02,5.223036e-03,3.411501e-03,1.663951e-02,9.188768e-03,1.035315e-02,1.445496e-03,7.083167e-03,3.543858e-01,3.692696e-03,2.419392e-02,9.809074e-02,3.939254e-01,5.097833e-03,3.174038e-02
3.108456e-02,5.658528e-03,3.092301e-03,1.411748e-02,8.375161e-03,1.326574e-02,1.455915e-03,1.566317e-02,2.627606e-01,2.904361e-03,2.009653e-02,1.007431e-01,4.929244e-01,3.641871e-03,2.421619e-02
3.580064e-02,1.103836e-02,8.282725e-03,3.166325e-02,1.020204e-02,2.036345e-02,1.838107e-03,2.530935e-02,2.503550e-01,3.765984e-03,1.792998e-02,1.126790e-01,4.471228e-01,2.781211e-03,2.086808e-02
7.875524e-02,1.305981e-02,1.261269e-02,3.372131e-02,1.705602e-02,3.306989e-02,6.568620e-03,3.283786e-02,2.420914e-01,5.722594e-03,1.688971e-02,1.012029e-01,3.796180e-01,2.419323e-03,2.437456e-02
1.241604e-01,1.831637e-02,1.263641e-02,3.089551e-02,3.417859e-02,7.623824e-02,7.581184e-03,3.151014e-02,2.457646e-01,5.928657e-03,1.417443e-02,7.822976e-02,2.906915e-01,3.111962e-03,2.658224e-02
1.273153e-01,1.830151e-02,1.034086e-02,3.022420e-02,7.691663e-02,7.786676e-02,9.720629e-03,4.454775e-02,2.520546e-01,5.181511e-03,1.179133e-02,5.839882e-02,2.538362e-01,3.072514e-03,2.043130e-02
1.109256e-01,1.533670e-02,8.096964e-03,2.592359e-02,7.970063e-02,6.085546e-02,1.023233e-02,2.142958e-01,2.149594e-01,3.978266e-03,9.210374e-03,4.225378e-02,1.865175e-01,2.389136e-03,1.532438e-02
1.145416e-01,1.186280e-02,7.259716e-03,2.286580e-02,9.142082e-02,5.479448e-02,7.288440e-02,2.589722e-01,1.648359e-01,3.124529e-03,7.621993e-03,3.220829e-02,1.441085e-01,1.978537e-03,1.152029e-02
9.207990e-02,8.602679e-03,6.061065e-03,1.703040e-02,9.371339e-02,4.387091e-02,1.812987e-01,2.801418e-01,1.181976e-01,2.344956e-03,5.739048e-03,2.336362e-02,1.176343e-01,1.443880e-03,8.477792e-03
8.628918e-02,6.538667e-03,4.980769e-03,1.222273e-02,6.888375e-02,3.545188e-02,2.064368e-01,3.737430e-01,8.438372e-02,1.896879e-03,4.334485e-03,1.718458e-02,9.030378e-02,1.070889e-03,6.278854e-03
9.652467e-02,4.968576e-03,4.520696e-03,9.000167e-03,5.092875e-02,2.950535e-02,3.124727e-01,3.372874e-01,6.179283e-02,1.686531e-03,3.418102e-03,1.370982e-02,6.863286e-02,8.011417e-04,4.750348e-03
1.000286e-01,3.930226e-03,4.071303e-03,6.740047e-03,3.956055e-02,2.454264e-02,4.253240e-01,2.755258e-01,4.601777e-02,1.542116e-03,3.183316e-03,1.177578e-02,5.332046e-02,6.470717e-04,3.790161e-03
9.209742e-02,3.255646e-03,4.192857e-03,5.161478e-03,3.159329e-02,2.077348e-02,5.202981e-01,2.162502e-01,3.325985e-02,1.826472e-03,3.154367e-03,1.115164e-02,5.285218e-02,6.674954e-04,3.465466e-03
9.187794e-02,2.842898e-03,4.267788e-03,4.273649e-03,2.666879e-02,2.046330e-02,5.925528e-01,1.648653e-01,2.407767e-02,2.359655e-03,3.348037e-03,1.049993e-02,4.719213e-02,7.654706e-04,3.944571e-03
8.209228e-02,2.805303e-03,4.054585e-03,3.661939e-03,2.456902e-02,2.150391e-02,6.366278e-01,1.205883e-01,1.809830e-02,3.497239e-03,6.094140e-03,1.166935e-02,5.222888e-02,1.011708e-03,1.149729e-02
9.733915e-02,2.961438e-03,1.062526e-02,3.797582e-03,2.462979e-02,1.965830e-02,6.338086e-01,9.066892e-02,1.535657e-02,6.433453e-03,8.059712e-03,1.159852e-02,5.806080e-02,1.624015e-03,1.537798e-02
1.216175e-01,3.872456e-03,1.762554e-02,5.016614e-03,3.486777e-02,2.425677e-02,5.682433e-01,7.093526e-02,1.226234e-02,2.775604e-02,7.742039e-03,1.059667e-02,7.106995e-02,3.855337e-03,2.028237e-02
1.283347e-01,5.022758e-03,4.196207e-02,3.843395e-03,2.765181e-02,3.785800e-02,4.858182e-01,5.238108e-02,1.013200e-02,2.574276e-02,6.748063e-03,7.827481e-03,1.054348e-01,1.559175e-02,4.565109e-02
9.498575e-02,6.304617e-03,4.027743e-02,3.030897e-03,2.330431e-02,7.421961e-02,3.917813e-01,3.819010e-02,8.812231e-03,5.604048e-02,8.955730e-03,6.047755e-03,1.064483e-01,2.612398e-02,1.154775e-01
6.716963e-02,5.103762e-03,2.853000e-02,2.222506e-03,1.677073e-02,1.214415e-01,3.074370e-01,2.736279e-02,8.924641e-03,1.026349e-01,1.678052e-02,7.897237e-03,8.019630e-02,4.727456e-02,1.602540e-01
4.745039e-02,3.684999e-03,2.008194e-02,1.672320e-03,1.232274e-02,1.107463e-01,2.266019e-01,1.982977e-02,8.422406e-03,2.012507e-01,3.003946e-02,1.771919e-02,5.856000e-02,6.998661e-02,1.716314e-01
3.423962e-02,2.657183e-03,1.413072e-02,1.292644e-03,9.763741e-03,1.158747e-01,1.910805e-01,1.491581e-02,6.894347e-03,2.246485e-01,6.583951e-02,3.058663e-02,4.604225e-02,1.032007e-01,1.388331e-01
2.450403e-02,1.896647e-03,9.970868e-03,1.045470e-03,7.398132e-03,8.450845e-02,1.343189e-01,1.121465e-02,5.557127e-03,3.116539e-01,8.654759e-02,4.342457e-02,3.379935e-02,1.101856e-01,1.339748e-01
1.746428e-02,1.360951e-03,6.999006e-03,7.892636e-04,5.280571e-03,6.245082e-02,9.416294e-02,7.964950e-03,4.282156e-03,3.848895e-01,1.317774e-01,4.626115e-02,2.485210e-02,9.669492e-02,1.147700e-01
1.282791e-02,1.227420e-03,4.986590e-03,7.448680e-04,4.008098e-03,4.562004e-02,6.596132e-02,5.711074e-03,6.917946e-03,3.826798e-01,1.898256e-01,6.217683e-02,1.911952e-02,1.137911e-01,8.440197e-02
9.317258e-03,1.022874e-03,3.530515e-03,6.029124e-04,2.939792e-03,3.283088e-02,4.619602e-02,4.029699e-03,7.356621e-03,3.338656e-01,2.912708e-01,8.298881e-02,1.415767e-02,1.062936e-01,6.359693e-02
6.858609e-03,1.063341e-03,2.543682e-03,4.850870e-04,2.266062e-03,2.504770e-02,3.236032e-02,2.862646e-03,9.620881e-03,2.895311e-01,3.866543e-01,7.715034e-02,1.071769e-02,1.005795e-01,5.225866e-02
5.343239e-03,1.743723e-03,1.893682e-03,3.665330e-04,1.831615e-03,2.779988e-02,2.273707e-02,2.052684e-03,1.596490e-02,2.150777e-01,4.871237e-01,7.519883e-02,8.777928e-03,9.411059e-02,3.997802e-02
4.554078e-03,2.043890e-03,1.387901e-03,3.054981e-04,1.621382e-03,2.445016e-02,1.607332e-02,1.520635e-03,2.057531e-02,1.625611e-01,5.877622e-01,6.477228e-02,6.897550e-03,7.647625e-02,2.899853e-02
3.550268e-03,2.754661e-03,1.003821e-03,3.116651e-04,1.931826e-03,2.536996e-02,1.127813e-02,1.105401e-03,7.146397e-02,1.183867e-01,6.147208e-01,5.691865e-02,6.082901e-03,6.431235e-02,2.080886e-02
3.011439e-03,4.527200e-03,9.813099e-04,4.905185e-04,1.052237e-02,2.568965e-02,8.716338e-03,6.941647e-03,2.570727e-01,9.240021e-02,4.722279e-01,4.238566e-02,6.082827e-03,5.400931e-02,1.494091e-02
4.212023e-03,7.907194e-03,3.505399e-03,1.837156e-03,1.471174e-02,3.413276e-02,9.262116e-03,2.131480e-02,3.924479e-01,7.385196e-02,3.483824e-01,3.018224e-02,5.366029e-03,4.200535e-02,1.088087e-02
3.398120e-03,1.405220e-02,6.671312e-03,4.712728e-02,1.927017e-02,3.205614e-02,6.505989e-03,1.526314e-02,4.902479e-01,5.241328e-02,2.495223e-01,2.126130e-02,4.099479e-03,2.955256e-02,8.558805e-03
4.887217e-03,1.407029e-02,8.026382e-03,5.720598e-02,3.161222e-02,2.848152e-02,4.619052e-03,1.304167e-02,5.601558e-01,3.972643e-02,1.867799e-01,1.559218e-02,3.647115e-03,2.166209e-02,1.049208e-02
8.624395e-03,1.973796e-02,1.005228e-02,5.435320e-02,5.249885e-02,2.342921e-02,3.325871e-03,9.396571e-03,5.609709e-01,3.780552e-02,1.461565e-01,1.165136e-02,4.438998e-03,1.681834e-02,4.074007e-02
1.057458e-02,2.472973e-02,4.519115e-02,5.619495e-02,5.900503e-02,1.824342e-02,2.654440e-03,9.077268e-03,5.510235e-01,3.335433e-02,1.189139e-01,9.662859e-03,8.181892e-03,1.289620e-02,4.029672e-02
1.420274e-02,2.683233e-02,4.255224e-02,4.796762e-02,6.188772e-02,1.447558e-02,2.308405e-03,1.006527e-02,5.752103e-01,3.109305e-02,1.066454e-01,7.900611e-03,9.449692e-03,1.412101e-02,3.528804e-02
1.423821e-02,8.094701e-02,4.366835e-02,4.800561e-02,5.167887e-02,1.412827e-02,1.863207e-03,1.038770e-02,5.633988e-01,3.111544e-02,8.270173e-02,6.221443e-03,8.317612e-03,1.236386e-02,3.096389e-02
1.819779e-02,7.240873e-02,1.139278e-01,5.971281e-02,4.713636e-02,1.280053e-02,1.844092e-03,3.052254e-02,4.894306e-01,2.757738e-02,7.533227e-02,5.487181e-03,1.066136e-02,1.195828e-02,2.300226e-02
3.427140e-02,6.898361e-02,1.255468e-01,5.221575e-02,1.295228e-01,1.976592e-02,5.002320e-03,2.584975e-02,4.228938e-01,2.225885e-02,5.470769e-02,4.041093e-03,8.217259e-03,9.640325e-03,1.708271e-02
4.502163e-02,5.502673e-02,1.313843e-01,1.820192e-01,1.312077e-01,2.011041e-02,4.811838e-03,2.392301e-02,3.118276e-01,1.904259e-02,4.262228e-02,4.299676e-03,8.118916e-03,7.171032e-03,1.341319e-02
6.390356e-02,4.833622e-02,1.198409e-01,2.209636e-01,1.179614e-01,2.290374e-02,4.702199e-03,3.212854e-02,2.325494e-01,2.996568e-02,6.771895e-02,8.113328e-03,1.246408e-02,6.141353e-03,1.230725e-02
6.557104e-02,3.845194e-02,1.050801e-01,1.837397e-01,9.278798e-02,2.453436e-02,4.488311e-03,6.942817e-02,1.781818e-01,3.710282e-02,1.402315e-01,9.358749e-03,3.386160e-02,6.035370e-03,1.114647e-02
6.959871e-02,3.245752e-02,8.755164e-02,1.843315e-01,7.974315e-02,1.971516e-02,4.245520e-03,6.599472e-02,1.490112e-01,4.648413e-02,1.773186e-01,1.170890e-02,5.585388e-02,5.853412e-03,1.013196e-02
