1.000000e+00,0.000000e+00,0.000000e+00,0.000000e+00,0.000000e+00,0.000000e+00,0.000000e+00,0.000000e+00,0.000000e+00,0.000000e+00,0.000000e+00,0.000000e+00,0.000000e+00,0.000000e+00,0.000000e+00
1.000000e+00,0.000000e+00,0.000000e+00,0.000000e+00,0.000000e+00,0.000000e+00,0.000000e+00,0.000000e+00,0.000000e+00,0.000000e+00,0.000000e+00,0.000000e+00,0.000000e+00,0.000000e+00,0.000000e+00
1.000000e+00,0.000000e+00,0.000000e+00,0.000000e+00,0.000000e+00,0.000000e+00,0.000000e+00,0.000000e+00,0.000000e+00,0.000000e+00,0.000000e+00,0.000000e+00,0.000000e+00,0.000000e+00,0.000000e+00
1.000000e+00,0.000000e+00,0.000000e+00,0.000000e+00,0.000000e+00,0.000000e+00,0.000000e+00,0.000000e+00,0.000000e+00,0.000000e+00,0.000000e+00,0.000000e+00,0.000000e+00,0.000000e+00,0.000000e+00
1.000000e+00,0.000000e+00,0.000000e+00,0.000000e+00,0.000000e+00,0.000000e+00,0.000000e+00,0.000000e+00,0.000000e+00,0.000000e+00,0.000000e+00,0.000000e+00,0.000000e+00,0.000000e+00,0.000000e+00
1.000000e+00,0.000000e+00,0.000000e+00,0.000000e+00,0.000000e+00,0.000000e+00,0.000000e+00,0.000000e+00,0.000000e+00,0.000000e+00,0.000000e+00,0.000000e+00,0.000000e+00,0.000000e+00,0.000000e+00
1.000000e+00,0.000000e+00,0.000000e+00,0.000000e+00,0.000000e+00,0.000000e+00,0.000000e+00,0.000000e+00,0.000000e+00,0.000000e+00,0.000000e+00,0.000000e+00,0.000000e+00,0.000000e+00,0.000000e+00
1.000000e+00,0.000000e+00,0.000000e+00,0.000000e+00,0.000000e+00,0.000000e+00,0.000000e+00,0.000000e+00,0.000000e+00,0.000000e+00,0.000000e+00,0.000000e+00,0.000000e+00,0.000000e+00,0.000000e+00
1.000000e+00,0.000000e+00,0.000000e+00,0.000000e+00,0.000000e+00,0.000000e+00,0.000000e+00,0.000000e+00,0.000000e+00,0.000000e+00,0.000000e+00,0.000000e+00,0.000000e+00,0.000000e+00,0.000000e+00
1.000000e+00,0.000000e+00,0.000000e+00,0.000000e+00,0.000000e+00,0.000000e+00,0.000000e+00,0.000000e+00,0.000000e+00,0.000000e+00,0.000000e+00,0.000000e+00,0.000000e+00,0.000000e+00,0.000000e+00
1.000000e+00,0.000000e+00,0.000000e+00,0.000000e+00,0.000000e+00,0.000000e+00,0.000000e+00,0.000000e+00,0.000000e+00,0.000000e+00,0.000000e+00,0.000000e+00,0.000000e+00,0.000000e+00,0.000000e+00
1.000000e+00,0.000000e+00,0.000000e+00,0.000000e+00,0.000000e+00,0.000000e+00,0.000000e+00,0.000000e+00,0.000000e+00,0.000000e+00,0.000000e+00,0.000000e+00,0.000000e+00,0.000000e+00,0.000000e+00
1.000000e+00,0.000000e+00,0.000000e+00,0.000000e+00,0.000000e+00,0.000000e+00,0.000000e+00,0.000000e+00,0.000000e+00,0.000000e+00,0.000000e+00,0.000000e+00,0.000000e+00,0.000000e+00,0.000000e+00
1.000000e+00,0.000000e+00,0.000000e+00,0.000000e+00,0.000000e+00,0.000000e+00,0.000000e+00,0.000000e+00,0.000000e+00,0.000000e+00,0.000000e+00,0.000000e+00,0.000000e+00,0.000000e+00,0.000000e+00
1.000000e+00,0.000000e+00,0.000000e+00,0.000000e+00,0.000000e+00,0.000000e+00,0.000000e+00,0.000000e+00,0.000000e+00,0.000000e+00,0.000000e+00,0.000000e+00,0.000000e+00,0.000000e+00,0.000000e+00
1.000000e+00,0.000000e+00,0.000000e+00,0.000000e+00,0.000000e+00,0.000000e+00,0.000000e+00,0.000000e+00,0.000000e+00,0.000000e+00,0.000000e+00,0.000000e+00,0.000000e+00,0.000000e+00,0.000000e+00
1.000000e+00,0.000000e+00,0.000000e+00,0.000000e+00,0.000000e+00,0.000000e+00,0.000000e+00,0.000000e+00,0.000000e+00,0.000000e+00,0.000000e+00,0.000000e+00,0.000000e+00,0.000000e+00,0.000000e+00
1.000000e+00,0.000000e+00,0.000000e+00,0.000000e+00,0.000000e+00,0.000000e+00,0.000000e+00,0.000000e+00,0.000000e+00,0.000000e+00,0.000000e+00,0.000000e+00,0.000000e+00,0.000000e+00,0.000000e+00
1.000000e+00,0.000000e+00,0.000000e+00,0.000000e+00,0.000000e+00,0.000000e+00,0.000000e+00,0.000000e+00,0.000000e+00,0.000000e+00,0.000000e+00,0.000000e+00,0.000000e+00,0.000000e+00,0.000000e+00
1.000000e+00,0.000000e+00,0.000000e+00,0.000000e+00,0.000000e+00,0.000000e+00,0.000000e+00,0.000000e+00,0.000000e+00,0.000000e+00,0.000000e+00,0.000000e+00,0.000000e+00,0.000000e+00,0.000000e+00
1.000000e+00,0.000000e+00,0.000000e+00,0.000000e+00,0.000000e+00,0.000000e+00,0.000000e+00,0.000000e+00,0.000000e+00,0.000000e+00,0.000000e+00,0.000000e+00,0.000000e+00,0.000000e+00,0.000000e+00
1.000000e+00,0.000000e+00,0.000000e+00,0.000000e+00,0.000000e+00,0.000000e+00,0.000000e+00,0.000000e+00,0.000000e+00,0.000000e+00,0.000000e+00,0.000000e+00,0.000000e+00,0.000000e+00,0.000000e+00
1.000000e+00,0.000000e+00,0.000000e+00,0.000000e+00,0.000000e+00,0.000000e+00,0.000000e+00,0.000000e+00,0.000000e+00,0.000000e+00,0.000000e+00,0.000000e+00,0.000000e+00,0.000000e+00,0.000000e+00
1.000000e+00,0.000000e+00,0.000000e+00,0.000000e+00,0.000000e+00,0.000000e+00,0.000000e+00,0.000000e+00,0.000000e+00,0.000000e+00,0.000000e+00,0.000000e+00,0.000000e+00,0.000000e+00,0.000000e+00
1.000000e+00,0.000000e+00,0.000000e+00,0.000000e+00,0.000000e+00,0.000000e+00,0.000000e+00,0.000000e+00,0.000000e+00,0.000000e+00,0.000000e+00,0.000000e+00,0.000000e+00,0.000000e+00,0.000000e+00
1.000000e+00,0.000000e+00,0.000000e+00,0.000000e+00,0.000000e+00,0.000000e+00,0.000000e+00,0.000000e+00,0.000000e+00,0.000000e+00,0.000000e+00,0.000000e+00,0.000000e+00,0.000000e+00,0.000000e+00
1.000000e+00,0.000000e+00,0.000000e+00,0.000000e+00,0.000000e+00,0.000000e+00,0.000000e+00,0.000000e+00,0.000000e+00,0.000000e+00,0.000000e+00,0.000000e+00,0.000000e+00,0.000000e+00,0.000000e+00
1.000000e+00,0.000000e+00,0.000000e+00,0.000000e+00,0.000000e+00,0.000000e+00,0.000000e+00,0.000000e+00,0.000000e+00,0.000000e+00,0.000000e+00,0.000000e+00,0.000000e+00,0.000000e+00,0.000000e+00
1.000000e+00,0.000000e+00,0.000000e+00,0.000000e+00,0.000000e+00,0.000000e+00,0.000000e+00,0.000000e+00,0.000000e+00,0.000000e+00,0.000000e+00,0.000000e+00,0.000000e+00,0.000000e+00,0.000000e+00
1.000000e+00,0.000000e+00,0.000000e+00,0.000000e+00,0.000000e+00,0.000000e+00,0.000000e+00,0.000000e+00,0.000000e+00,0.000000e+00,0.000000e+00,0.000000e+00,0.000000e+00,0.000000e+00,0.000000e+00
1.000000e+00,0.000000e+00,0.000000e+00,0.000000e+00,0.000000e+00,0.000000e+00,0.000000e+00,0.000000e+00,0.000000e+00,0.000000e+00,0.000000e+00,0.000000e+00,0.000000e+00,0.000000e+00,0.000000e+00
1.000000e+00,0.000000e+00,0.000000e+00,0.000000e+00,0.000000e+00,0.000000e+00,0.000000e+00,0.000000e+00,0.000000e+00,0.000000e+00,0.000000e+00,0.000000e+00,0.000000e+00,0.000000e+00,0.000000e+00
1.000000e+00,0.000000e+00,0.000000e+00,0.000000e+00,0.000000e+00,0.000000e+00,0.000000e+00,0.000000e+00,0.000000e+00,0.000000e+00,0.000000e+00,0.000000e+00,0.000000e+00,0.000000e+00,0.000000e+00
1.000000e+00,0.000000e+00,0.000000e+00,0.000000e+00,0.000000e+00,0.000000e+00,0.000000e+00,0.000000e+00,0.000000e+00,0.000000e+00,0.000000e+00,0.000000e+00,0.000000e+00,0.000000e+00,0.000000e+00
1.000000e+00,0.000000e+00,0.000000e+00,0.000000e+00,0.000000e+00,0.000000e+00,0.000000e+00,0.000000e+00,0.000000e+00,0.000000e+00,0.000000e+00,0.000000e+00,0.000000e+00,0.000000e+00,0.000000e+00
1.000000e+00,0.000000e+00,0.000000e+00,0.000000e+00,0.000000e+00,0.000000e+00,0.000000e+00,0.000000e+00,0.000000e+00,0.000000e+00,0.000000e+00,0.000000e+00,0.000000e+00,0.000000e+00,0.000000e+00
1.000000e+00,0.000000e+00,0.000000e+00,0.000000e+00,0.000000e+00,0.000000e+00,0.000000e+00,0.000000e+00,0.000000e+00,0.000000e+00,0.000000e+00,0.000000e+00,0.000000e+00,0.000000e+00,0.000000e+00
1.000000e+00,0.000000e+00,0.000000e+00,0.000000e+00,0.000000e+00,0.000000e+00,0.000000e+00,0.000000e+00,0.000000e+00,0.000000e+00,0.000000e+00,0.000000e+00,0.000000e+00,0.000000e+00,0.000000e+00
1.000000e+00,0.000000e+00,0.000000e+00,0.000000e+00,0.000000e+00,0.000000e+00,0.000000e+00,0.000000e+00,0.000000e+00,0.000000e+00,0.000000e+00,0.000000e+00,0.000000e+00,0.000000e+00,0.000000e+00
1.000000e+00,0.000000e+00,0.000000e+00,0.000000e+00,0.000000e+00,0.000000e+00,0.000000e+00,0.000000e+00,0.000000e+00,0.000000e+00,0.000000e+00,0.000000e+00,0.000000e+00,0.000000e+00,0.000000e+00
1.000000e+00,0.000000e+00,0.000000e+00,0.000000e+00,0.000000e+00,0.000000e+00,0.000000e+00,0.000000e+00,0.000000e+00,0.000000e+00,0.000000e+00,0.000000e+00,0.000000e+00,0.000000e+00,0.000000e+00
1.000000e+00,0.000000e+00,0.000000e+00,0.000000e+00,0.000000e+00,0.000000e+00,0.000000e+00,0.000000e+00,0.000000e+00,0.000000e+00,0.000000e+00,0.000000e+00,0.000000e+00,0.000000e+00,0.000000e+00
1.000000e+00,0.000000e+00,0.000000e+00,0.000000e+00,0.000000e+00,0.000000e+00,0.000000e+00,0.000000e+00,0.000000e+00,0.000000e+00,0.000000e+00,0.000000e+00,0.000000e+00,0.000000e+00,0.000000e+00
1.000000e+00,0.000000e+00,0.000000e+00,0.000000e+00,0.000000e+00,0.000000e+00,0.000000e+00,0.000000e+00,0.000000e+00,0.000000e+00,0.000000e+00,0.000000e+00,0.000000e+00,0.000000e+00,0.000000e+00
1.000000e+00,0.000000e+00,0.000000e+00,0.000000e+00,0.000000e+00,0.000000e+00,0.000000e+00,0.000000e+00,0.000000e+00,0.000000e+00,0.000000e+00,0.000000e+00,0.000000e+00,0.000000e+00,0.000000e+00
1.000000e+00,0.000000e+00,0.000000e+00,0.000000e+00,0.000000e+00,0.000000e+00,0.000000e+00,0.000000e+00,0.000000e+00,0.000000e+00,0.000000e+00,0.000000e+00,0.000000e+00,0.000000e+00,0.000000e+00
1.000000e+00,0.000000e+00,0.000000e+00,0.000000e+00,0.000000e+00,0.000000e+00,0.000000e+00,0.000000e+00,0.000000e+00,0.000000e+00,0.000000e+00,0.000000e+00,0.000000e+00,0.000000e+00,0.000000e+00
1.000000e+00,0.000000e+00,0.000000e+00,0.000000e+00,0.000000e+00,0.000000e+00,0.000000e+00,0.000000e+00,0.000000e+00,0.000000e+00,0.000000e+00,0.000000e+00,0.000000e+00,0.000000e+00,0.000000e+00
1.000000e+00,0.000000e+00,0.000000e+00,0.000000e+00,0.000000e+00,0.000000e+00,0.000000e+00,0.000000e+00,0.000000e+00,0.000000e+00,0.000000e+00,0.000000e+00,0.000000e+00,0.000000e+00,0.000000e+00
1.000000e+00,0.000000e+00,0.000000e+00,0.000000e+00,0.000000e+00,0.000000e+00,0.000000e+00,0.000000e+00,0.000000e+00,0.000000e+00,0.000000e+00,0.000000e+00,0.000000e+00,0.000000e+00,0.000000e+00
1.000000e+00,0.000000e+00,0.000000e+00,0.000000e+00,0.000000e+00,0.000000e+00,0.000000e+00,0.000000e+00,0.000000e+00,0.000000e+00,0.000000e+00,0.000000e+00,0.000000e+00,0.000000e+00,0.000000e+00
1.000000e+00,0.000000e+00,0.000000e+00,0.000000e+00,0.000000e+00,0.000000e+00,0.000000e+00,0.000000e+00,0.000000e+00,0.000000e+00,0.000000e+00,0.000000e+00,0.000000e+00,0.000000e+00,0.000000e+00
1.000000e+00,0.000000e+00,0.000000e+00,0.000000e+00,0.000000e+00,0.000000e+00,0.000000e+00,0.000000e+00,0.000000e+00,0.000000e+00,0.000000e+00,0.000000e+00,0.000000e+00,0.000000e+00,0.000000e+00
1.000000e+00,0.000000e+00,0.000000e+00,0.000000e+00,0.000000e+00,0.000000e+00,0.000000e+00,0.000000e+00,0.000000e+00,0.000000e+00,0.000000e+00,0.000000e+00,0.000000e+00,0.000000e+00,0.000000e+00
1.000000e+00,0.000000e+00,0.000000e+00,0.000000e+00,0.000000e+00,0.000000e+00,0.000000e+00,0.000000e+00,0.000000e+00,0.000000e+00,0.000000e+00,0.000000e+00,0.000000e+00,0.000000e+00,0.000000e+00
1.000000e+00,0.000000e+00,0.000000e+00,0.000000e+00,0.000000e+00,0.000000e+00,0.000000e+00,0.000000e+00,0.000000e+00,0.000000e+00,0.000000e+00,0.000000e+00,0.000000e+00,0.000000e+00,0.000000e+00
1.000000e+00,0.000000e+00,0.000000e+00,0.000000e+00,0.000000e+00,0.000000e+00,0.000000e+00,0.000000e+00,0.000000e+00,0.000000e+00,0.000000e+00,0.000000e+00,0.000000e+00,0.000000e+00,0.000000e+00
1.000000e+00,0.000000e+00,0.000000e+00,0.000000e+00,0.000000e+00,0.000000e+00,0.000000e+00,0.000000e+00,0.000000e+00,0.000000e+00,0.000000e+00,0.000000e+00,0.000000e+00,0.000000e+00,0.000000e+00
1.000000e+00,0.000000e+00,0.000000e+00,0.000000e+00,0.000000e+00,0.000000e+00,0.000000e+00,0.000000e+00,0.000000e+00,0.000000e+00,0.000000e+00,0.000000e+00,0.000000e+00,0.000000e+00,0.000000e+00
1.000000e+00,0.000000e+00,0.000000e+00,0.000000e+00,0.000000e+00,0.000000e+00,0.000000e+00,0.000000e+00,0.000000e+00,0.000000e+00,0.000000e+00,0.000000e+00,0.000000e+00,0.000000e+00,0.000000e+00
4.863068e-01,1.889674e-02,8.429027e-03,2.477959e-02,3.751495e-02,5.099180e-02,1.200719e-01,1.664703e-01,6.296800e-03,2.617171e-03,6.382853e-03,1.960470e-02,2.907507e-02,3.109222e-03,1.945306e-02
3.425396e-01,1.354632e-02,7.249378e-03,1.796744e-02,3.708119e-02,4.346447e-02,1.639627e-01,3.073634e-01,4.546047e-03,1.953692e-03,4.804380e-03,1.427659e-02,2.503736e-02,2.272414e-03,1.393502e-02
2.401965e-01,9.613371e-03,7.189066e-03,1.310834e-02,3.181717e-02,3.957255e-02,2.576479e-01,3.488139e-01,3.225397e-03,1.492780e-03,3.540108e-03,1.040740e-02,2.161344e-02,1.797501e-03,9.964627e-03
1.684424e-01,6.909678e-03,7.437163e-03,1.083498e-02,2.812129e-02,4.160634e-02,3.645581e-01,3.191408e-01,2.325419e-03,1.539723e-03,2.665036e-03,7.587317e-03,2.992202e-02,1.442597e-03,7.467117e-03
1.182514e-01,5.068595e-03,5.931697e-03,8.037790e-03,2.376294e-02,3.909063e-02,5.003093e-01,2.583490e-01,1.668002e-03,1.381201e-03,1.966412e-03,5.440339e-03,2.406981e-02,1.210311e-03,5.462496e-03
8.388776e-02,3.795386e-03,4.311649e-03,5.839610e-03,2.299456e-02,5.480498e-02,5.944262e-01,1.947033e-01,1.235115e-03,1.863457e-03,1.572439e-03,4.147708e-03,2.088921e-02,9.320381e-04,4.596582e-03
6.001388e-02,3.266942e-03,3.272512e-03,4.285753e-03,6.032152e-02,6.390837e-02,6.141268e-01,1.440557e-01,1.127609e-03,1.012288e-02,1.692125e-03,4.069327e-03,2.378418e-02,8.189649e-04,5.133392e-03
4.320726e-02,2.747677e-03,3.050529e-03,3.332370e-03,1.730344e-01,4.765889e-02,4.931982e-01,1.081967e-01,1.599004e-03,8.497413e-02,1.733145e-03,3.428489e-03,2.324077e-02,8.567576e-04,9.741785e-03
3.094200e-02,2.418751e-03,2.476079e-03,2.541636e-03,2.879058e-01,3.480871e-02,3.725719e-01,7.784361e-02,1.583461e-03,1.526531e-01,1.732688e-03,2.684385e-03,1.819686e-02,8.258467e-04,1.081523e-02
2.245600e-02,2.016729e-03,2.037505e-03,1.827804e-03,3.395011e-01,2.650625e-02,2.767800e-01,5.510918e-02,1.279836e-03,2.429951e-01,1.408311e-03,2.009005e-03,1.336810e-02,1.136336e-03,1.156866e-02
1.645688e-02,3.583086e-03,2.701325e-03,1.371380e-03,2.567400e-01,4.992695e-02,3.573498e-01,3.976894e-02,1.027518e-03,1.904649e-01,1.791735e-02,6.539539e-03,2.303901e-02,6.055737e-03,2.705760e-02
1.205850e-02,3.534090e-03,3.721443e-03,1.056008e-03,1.851406e-01,4.537864e-02,3.239430e-01,2.886078e-02,1.239131e-03,1.790015e-01,3.179083e-02,2.310940e-02,6.760360e-02,1.991230e-02,7.365008e-02
8.645020e-03,2.623917e-03,2.653589e-03,7.538708e-04,1.317675e-01,3.465579e-02,2.308099e-01,2.028629e-02,1.199382e-03,3.273444e-01,3.055078e-02,1.916604e-02,5.011621e-02,2.754931e-02,1.118780e-01
6.239798e-03,2.010279e-03,1.917210e-03,5.453505e-04,9.454706e-02,3.707660e-02,1.775529e-01,1.439933e-02,2.092481e-03,3.158960e-01,6.279738e-02,2.475794e-02,6.779980e-02,1.009843e-01,9.138353e-02
4.745879e-03,1.555929e-03,1.473207e-03,4.936347e-04,6.796961e-02,4.980646e-02,1.355549e-01,1.036405e-02,3.524343e-03,3.178298e-01,1.061752e-01,3.915285e-02,5.453143e-02,1.323224e-01,7.450037e-02
4.030099e-03,1.209085e-03,1.134928e-03,5.606299e-04,4.898212e-02,4.059714e-02,9.578902e-02,8.793383e-03,4.791786e-03,2.588315e-01,1.962051e-01,5.802167e-02,3.987779e-02,1.770673e-01,6.410851e-02
3.777441e-03,1.380862e-03,9.854806e-04,1.025772e-03,4.336117e-02,3.034512e-02,6.731282e-02,6.962832e-03,2.521333e-02,2.691404e-01,2.224639e-01,6.051996e-02,3.003539e-02,1.775760e-01,5.989944e-02
3.476515e-03,6.703020e-03,8.459926e-04,8.684931e-04,3.088203e-02,2.254873e-02,4.719315e-02,4.999814e-03,3.479480e-02,2.267330e-01,2.361020e-01,6.853144e-02,2.275373e-02,2.435231e-01,5.004413e-02
2.738550e-03,1.483550e-02,7.958669e-04,6.794096e-04,2.198991e-02,1.850108e-02,3.308949e-02,3.630954e-03,3.744607e-02,1.786126e-01,2.799503e-01,5.764842e-02,1.704997e-02,2.863971e-01,4.663474e-02
2.137906e-03,1.553399e-02,7.768659e-04,5.413635e-04,1.576108e-02,1.737750e-02,2.322669e-02,2.668794e-03,3.954317e-02,1.305437e-01,3.574836e-01,6.580888e-02,1.242543e-02,2.810941e-01,3.507691e-02
1.945615e-03,1.445155e-02,9.146007e-04,5.292093e-04,1.218037e-02,2.918741e-02,1.646626e-02,2.176422e-03,5.378607e-02,1.055403e-01,3.902223e-01,1.025060e-01,9.631613e-03,2.354800e-01,2.498233e-02
3.135234e-03,1.547621e-02,8.206959e-04,4.710718e-04,9.352805e-03,3.376110e-02,1.161391e-02,1.709706e-03,7.815688e-02,8.561451e-02,4.405806e-01,1.009437e-01,8.116390e-03,1.921255e-01,1.812169e-02
5.442698e-03,3.967246e-02,2.330070e-03,5.631901e-04,8.161281e-03,4.502386e-02,8.237765e-03,1.446421e-03,1.086873e-01,7.101092e-02,4.059655e-01,1.143169e-01,9.145965e-03,1.642560e-01,1.573959e-02
8.158296e-03,3.859412e-02,4.159144e-03,8.608679e-04,8.145840e-03,5.630724e-02,5.925666e-03,1.408588e-03,1.249644e-01,7.337496e-02,4.044138e-01,1.000463e-01,9.246847e-03,1.507612e-01,1.363267e-02
8.259753e-03,3.208650e-02,3.007085e-03,1.371528e-03,8.730914e-03,6.382690e-02,4.376633e-03,1.928957e-03,2.978047e-01,7.095534e-02,3.005600e-01,7.220809e-02,7.676252e-03,1.164624e-01,1.074498e-02
9.313192e-03,3.522205e-02,2.477719e-03,8.642178e-03,1.005520e-02,4.908353e-02,3.339268e-03,4.291744e-03,4.020181e-01,7.167775e-02,2.325589e-01,5.537869e-02,1.014470e-02,9.341551e-02,1.238149e-02
1.187854e-02,3.305999e-02,2.738473e-03,9.392776e-03,1.281800e-02,4.632073e-02,2.954561e-03,9.842027e-03,5.005757e-01,6.931801e-02,1.702571e-01,3.930695e-02,8.724885e-03,7.213701e-02,1.067519e-02
1.446310e-02,3.544980e-02,3.405953e-03,1.075925e-02,2.636772e-02,4.155856e-02,2.955885e-03,1.080488e-02,5.871454e-01,5.028778e-02,1.222083e-01,2.773429e-02,6.677148e-03,5.189620e-02,8.285763e-03
1.763417e-02,3.860394e-02,4.582481e-03,1.848815e-02,3.965903e-02,3.391295e-02,2.695089e-03,1.096758e-02,6.342537e-01,3.859462e-02,8.854686e-02,1.965630e-02,5.251612e-03,3.781945e-02,9.334107e-03
2.467246e-02,4.475429e-02,5.551340e-03,2.524941e-02,7.005457e-02,2.783971e-02,2.327350e-03,8.908169e-03,6.239305e-01,3.042309e-02,6.471603e-02,1.425102e-02,4.487001e-03,2.841160e-02,2.442355e-02
8.002544e-02,5.703796e-02,5.911839e-03,2.493836e-02,1.210961e-01,2.581315e-02,2.385600e-03,7.652778e-03,5.335516e-01,2.498769e-02,4.948701e-02,1.173499e-02,4.239787e-03,2.385782e-02,2.727989e-02
1.196362e-01,8.336270e-02,7.456645e-03,2.697866e-02,1.162949e-01,2.874085e-02,2.766112e-03,7.150999e-03,4.556315e-01,2.347873e-02,4.030182e-02,1.177315e-02,5.388056e-03,2.871007e-02,4.232969e-02
1.812055e-01,8.185134e-02,1.289289e-02,3.526572e-02,9.814946e-02,2.933509e-02,3.676730e-03,8.507690e-03,3.561673e-01,5.242110e-02,3.561237e-02,1.466531e-02,8.270741e-03,2.347109e-02,5.850767e-02
2.122870e-01,8.986449e-02,1.025428e-02,3.756446e-02,8.523903e-02,2.564680e-02,3.601761e-03,8.560088e-03,3.393944e-01,5.266342e-02,3.049759e-02,1.617572e-02,8.245117e-03,2.422480e-02,5.578097e-02
1.930605e-01,7.852930e-02,1.109502e-02,4.623791e-02,7.802732e-02,2.633854e-02,4.773949e-03,2.999157e-02,3.813317e-01,4.131377e-02,2.532708e-02,1.537539e-02,7.138924e-03,1.886032e-02,4.259865e-02
1.927986e-01,9.506552e-02,1.085565e-02,4.337795e-02,7.064988e-02,4.365658e-02,5.390550e-03,2.831638e-02,3.769903e-01,3.506825e-02,2.099010e-02,1.514984e-02,8.580320e-03,1.562104e-02,3.748900e-02
1.942711e-01,8.784636e-02,1.394797e-02,8.214607e-02,7.452485e-02,4.235104e-02,6.595778e-03,2.781416e-02,3.224402e-01,4.639930e-02,2.653171e-02,1.865897e-02,1.023620e-02,1.190348e-02,3.433282e-02
2.499213e-01,7.136832e-02,1.516069e-02,8.210904e-02,6.071825e-02,4.057469e-02,6.905410e-03,2.489901e-02,2.507781e-01,7.254577e-02,3.219648e-02,2.668054e-02,2.240676e-02,1.089461e-02,3.284097e-02
2.680520e-01,5.618874e-02,1.527379e-02,9.377148e-02,4.954043e-02,3.374061e-02,6.729335e-03,2.039665e-02,1.918714e-01,1.164984e-01,3.960790e-02,3.150935e-02,3.628407e-02,1.045565e-02,3.008015e-02
1.894209e-01,3.972806e-02,1.169503e-02,7.035303e-02,3.688944e-02,2.559911e-02,5.002891e-03,1.502138e-02,1.375104e-01,3.079491e-01,4.135464e-02,2.986410e-02,5.833299e-02,7.977331e-03,2.330156e-02
1.340293e-01,2.845039e-02,8.686222e-03,5.134794e-02,2.641138e-02,1.907106e-02,3.836636e-03,1.390269e-02,9.953955e-02,4.767923e-01,3.380056e-02,2.610382e-02,5.375709e-02,5.913218e-03,1.835781e-02
9.466865e-02,2.054242e-02,6.920393e-03,4.090078e-02,1.949586e-02,1.854411e-02,3.164627e-03,1.055222e-02,7.390646e-02,5.944695e-01,3.074534e-02,2.197438e-02,4.595560e-02,4.589810e-03,1.356986e-02
6.779574e-02,1.472946e-02,5.060478e-03,3.393555e-02,1.415591e-02,1.937202e-02,2.471337e-03,1.213857e-02,6.728655e-02,6.570042e-01,2.633839e-02,1.782304e-02,4.804563e-02,3.655217e-03,1.018797e-02
4.774784e-02,1.054426e-02,3.648317e-03,2.699830e-02,1.038606e-02,1.500722e-02,1.997827e-03,1.077076e-02,5.286378e-02,7.219462e-01,2.561783e-02,1.523478e-02,4.503063e-02,3.068906e-03,9.137343e-03
3.642325e-02,9.998585e-03,5.630930e-03,8.834889e-02,8.109828e-03,1.337254e-02,1.819236e-03,1.278992e-02,1.379396e-01,5.945555e-01,2.406236e-02,1.324316e-02,4.136562e-02,3.113128e-03,9.227499e-03
3.230517e-02,7.676259e-03,5.000075e-03,1.493247e-01,7.915607e-03,1.798241e-02,1.740102e-03,9.426234e-03,1.193462e-01,5.176532e-01,4.523954e-02,1.682967e-02,5.078209e-02,6.362567e-03,1.241616e-02
2.465380e-02,5.997950e-03,5.211422e-03,1.212995e-01,8.166936e-03,1.371385e-02,1.651716e-03,7.783780e-03,9.398118e-02,5.081592e-01,8.084886e-02,1.761461e-02,7.405731e-02,1.073020e-02,2.612968e-02
2.142186e-02,5.233250e-03,8.656057e-03,9.082691e-02,8.006662e-03,1.040411e-02,1.249841e-03,7.481159e-03,7.865728e-02,4.018005e-01,8.866113e-02,1.647606e-02,6.515886e-02,3.273071e-02,1.632357e-01
1.729715e-02,4.912714e-03,1.695644e-02,6.550192e-02,9.482819e-03,7.585321e-03,9.434006e-04,7.717073e-03,6.836038e-02,3.115518e-01,8.297080e-02,1.315557e-02,5.123395e-02,6.940973e-02,2.729210e-01
1.527308e-02,5.289953e-03,1.523593e-02,4.866775e-02,1.476782e-02,5.725538e-03,8.040337e-04,9.774510e-03,5.600340e-02,2.260621e-01,6.416810e-02,1.058564e-02,4.066088e-02,6.029779e-02,4.266835e-01
1.212330e-02,6.800778e-03,1.650821e-02,6.877714e-02,1.381704e-02,4.152861e-03,6.278490e-04,2.737129e-02,8.288202e-02,1.920294e-01,5.375341e-02,9.344436e-03,4.245182e-02,5.066898e-02,4.186914e-01
9.993006e-03,7.498354e-03,3.479439e-02,1.182539e-01,1.634805e-02,3.197258e-03,5.197978e-04,6.784472e-02,8.540907e-02,1.373484e-01,4.593581e-02,8.188765e-03,3.998797e-02,4.324966e-02,3.814309e-01
1.042777e-02,1.267417e-02,5.169130e-02,2.543619e-01,4.534657e-02,3.238135e-03,5.229443e-04,5.101634e-02,7.882156e-02,9.735426e-02,3.315121e-02,5.958244e-03,2.953355e-02,3.085635e-02,2.950457e-01
1.097821e-02,1.464678e-02,5.644878e-02,3.568401e-01,7.644312e-02,4.604664e-03,9.152154e-04,3.665876e-02,6.247595e-02,6.888375e-02,2.386799e-02,4.234442e-03,2.180714e-02,2.195395e-02,2.392411e-01
8.695571e-03,1.117250e-02,4.596627e-02,5.273575e-01,6.239010e-02,3.497138e-03,9.116136e-04,2.631883e-02,4.680424e-02,4.834727e-02,1.690972e-02,3.015451e-03,1.533562e-02,1.537786e-02,1.679003e-01
1.166542e-02,8.948148e-03,3.445723e-02,6.356493e-01,5.476274e-02,3.382388e-03,9.113441e-04,1.990125e-02,3.816330e-02,3.473086e-02,1.342323e-02,2.318736e-03,1.104473e-02,1.079818e-02,1.198431e-01
4.949085e-02,1.377197e-02,3.198415e-02,6.035990e-01,5.283308e-02,3.821794e-03,1.197019e-03,2.082655e-02,4.177500e-02,2.940780e-02,1.360349e-02,3.812140e-03,9.717274e-03,8.224686e-03,1.159352e-01
7.934923e-02,1.474111e-02,2.547910e-02,5.902462e-01,4.867405e-02,5.051832e-03,1.986759e-03,2.191329e-02,4.281883e-02,2.355161e-02,1.865059e-02,8.738035e-03,1.134082e-02,6.772535e-03,1.006860e-01
1.621360e-01,1.614848e-02,2.498687e-02,4.920077e-01,5.327493e-02,5.322339e-03,2.245380e-03,2.239602e-02,4.106825e-02,2.066880e-02,2.644065e-02,2.571160e-02,1.941677e-02,7.023490e-03,8.115280e-02
1.815354e-01,1.793356e-02,2.171302e-02,4.030145e-01,6.016607e-02,5.548524e-03,2.252729e-03,2.201945e-02,4.319265e-02,1.741382e-02,4.569472e-02,6.178671e-02,4.113787e-02,1.377168e-02,6.281935e-02
1.946285e-01,1.890493e-02,2.123150e-02,3.224723e-01,6.019282e-02,6.978853e-03,2.217489e-03,1.793629e-02,5.805071e-02,1.670716e-02,5.380613e-02,6.237929e-02,4.193255e-02,4.532287e-02,7.723865e-02
1.525032e-01,2.744455e-02,1.823557e-02,4.107627e-01,5.616817e-02,5.636942e-03,2.336089e-03,1.677705e-02,6.000922e-02,1.310723e-02,4.941244e-02,5.785835e-02,3.627639e-02,3.438491e-02,5.908727e-02
1.149405e-01,2.629487e-02,3.013108e-02,4.904839e-01,4.339940e-02,4.496980e-03,1.747851e-03,1.250165e-02,6.008730e-02,1.123240e-02,3.972301e-02,5.124972e-02,3.113417e-02,2.573618e-02,5.684106e-02
8.913459e-02,2.451507e-02,3.125631e-02,4.483660e-01,3.317149e-02,5.004768e-03,1.342504e-03,9.381548e-03,7.668189e-02,2.114810e-02,3.654990e-02,4.460850e-02,2.908089e-02,2.625877e-02,1.234998e-01
7.038043e-02,2.389401e-02,4.902576e-02,3.359734e-01,2.440957e-02,4.618993e-03,1.080003e-03,7.454637e-03,8.574659e-02,2.993737e-02,3.280244e-02,3.446603e-02,2.253008e-02,4.386909e-02,2.338116e-01
5.101714e-02,1.815348e-02,4.464902e-02,2.361743e-01,1.776619e-02,4.359227e-03,8.051777e-04,5.236079e-03,6.427296e-02,2.141401e-02,2.482527e-02,2.436862e-02,1.609115e-02,1.734617e-01,2.974057e-01
4.165200e-02,1.787760e-02,3.733813e-02,1.687319e-01,1.411989e-02,4.466877e-03,7.009707e-04,3.779528e-03,6.207881e-02,1.678234e-02,2.005951e-02,1.855547e-02,1.169687e-02,2.060395e-01,3.761206e-01
3.112958e-02,1.381167e-02,2.944382e-02,1.185616e-01,1.012972e-02,3.558964e-03,5.215325e-04,2.662208e-03,4.946139e-02,2.072445e-02,1.595351e-02,1.343883e-02,8.372022e-03,3.531738e-01,3.290569e-01
2.370050e-02,1.115632e-02,2.100850e-02,8.305709e-02,7.287627e-03,2.705469e-03,3.851619e-04,1.876405e-03,4.018420e-02,1.677760e-02,1.300019e-02,1.043763e-02,6.278449e-03,4.958824e-01,2.662625e-01
1.709375e-02,8.147600e-03,1.482911e-02,5.816260e-02,5.168851e-03,1.961743e-03,2.771401e-04,1.320109e-03,3.215064e-02,1.722166e-02,1.074150e-02,7.531215e-03,4.564120e-03,6.063669e-01,2.144631e-01
1.200389e-02,5.728569e-03,1.054830e-02,4.071952e-02,3.633816e-03,1.384435e-03,1.999204e-04,9.251644e-04,2.308274e-02,1.920359e-02,7.997005e-03,5.284450e-03,3.211079e-03,6.956434e-01,1.704341e-01
8.464823e-03,4.033142e-03,7.434702e-03,2.850520e-02,2.570380e-03,9.839296e-04,1.423807e-04,6.482076e-04,1.674473e-02,2.893312e-02,5.981578e-03,3.714600e-03,2.283719e-03,7.472415e-01,1.423180e-01
6.004145e-03,2.852287e-03,5.298836e-03,1.995569e-02,1.818903e-03,7.077893e-04,1.022863e-04,4.541885e-04,1.389223e-02,5.077380e-02,4.819636e-03,2.613562e-03,1.648324e-03,7.635348e-01,1.255235e-01
4.402220e-03,2.043920e-03,3.790828e-03,1.398213e-02,1.321447e-03,5.671978e-04,8.275166e-05,3.207625e-04,1.554369e-02,4.096114e-02,4.707073e-03,1.868139e-03,1.241513e-03,7.868544e-01,1.223127e-01
3.097084e-03,1.437439e-03,2.747153e-03,9.788275e-03,9.359657e-04,4.084999e-04,5.884305e-05,2.248414e-04,1.183930e-02,5.105129e-02,4.330850e-03,1.326066e-03,9.137033e-04,8.184721e-01,9.336860e-02
2.208135e-03,1.043334e-03,2.088193e-03,6.860583e-03,6.698213e-04,3.069178e-04,4.607468e-05,1.585290e-04,1.785243e-02,6.488997e-02,4.314327e-03,9.496081e-04,6.935642e-04,8.211530e-01,7.676560e-02
1.631576e-03,8.540626e-04,1.962374e-03,4.828054e-03,4.969927e-04,2.681235e-04,3.727327e-05,1.154037e-04,5.353767e-02,1.186024e-01,8.178070e-03,6.851000e-04,5.951530e-04,7.426457e-01,6.556212e-02
1.279512e-03,6.658015e-04,1.512983e-03,3.394654e-03,3.676708e-04,3.492991e-04,3.430487e-05,8.475009e-05,1.801482e-01,1.239159e-01,6.624510e-03,4.944626e-04,4.353458e-04,6.279508e-01,5.274183e-02
1.042425e-03,5.160983e-04,1.197586e-03,2.383523e-03,2.740437e-04,2.941885e-04,3.297882e-05,6.379346e-05,2.208945e-01,1.203024e-01,5.310108e-03,3.582470e-04,3.221706e-04,5.969055e-01,5.010241e-02
1.058709e-03,3.956948e-04,1.186819e-03,1.676846e-03,2.657211e-04,2.470863e-04,3.260913e-05,4.923227e-05,1.756279e-01,1.465296e-01,4.265592e-03,2.742531e-04,2.464323e-04,6.300389e-01,3.810453e-02
1.272117e-03,4.411375e-04,2.260142e-03,1.194518e-03,3.333425e-04,2.614129e-04,4.518346e-05,1.741067e-04,3.322749e-01,1.571781e-01,3.873430e-03,2.278526e-04,2.192963e-04,4.694108e-01,3.083364e-02
2.364339e-03,7.850801e-04,3.053088e-03,9.051058e-04,1.114543e-03,7.036498e-04,1.016204e-04,4.985445e-04,4.173437e-01,1.970963e-01,3.817368e-03,2.482867e-04,2.909132e-04,3.483378e-01,2.333965e-02
3.897019e-03,1.497295e-03,4.921692e-03,7.084456e-04,5.487722e-03,1.429235e-03,8.849257e-05,3.711052e-03,5.357187e-01,1.532109e-01,3.292206e-03,1.979867e-04,2.542567e-04,2.677357e-01,1.784925e-02
5.590089e-03,1.452334e-03,6.455396e-03,5.594689e-04,8.307959e-03,1.421805e-03,7.310642e-05,6.773595e-03,6.270478e-01,1.276433e-01,2.467697e-03,1.697636e-04,2.112672e-04,1.981760e-01,1.365040e-02
1.808648e-02,2.478637e-03,7.583456e-02,2.060247e-03,1.618360e-02,1.962260e-03,7.686439e-05,9.814480e-03,5.605453e-01,1.305349e-01,3.741666e-03,6.522204e-04,9.509716e-04,1.505943e-01,2.648343e-02
2.418645e-02,3.523714e-03,6.062499e-02,2.276859e-03,2.625927e-02,1.757951e-03,8.796420e-05,2.227515e-02,5.754808e-01,1.350593e-01,4.003307e-03,7.989268e-04,1.015443e-03,1.174633e-01,2.518656e-02
4.428424e-02,3.360119e-03,4.673342e-02,2.218943e-03,3.830123e-02,1.776381e-03,6.957032e-05,2.271343e-02,5.808331e-01,1.111675e-01,4.475570e-03,1.202381e-03,1.116597e-03,1.108281e-01,3.091946e-02
4.712914e-02,3.779624e-03,4.044141e-02,4.060012e-03,3.734954e-02,2.139298e-03,7.067206e-05,3.932170e-02,5.866374e-01,8.613598e-02,4.586940e-03,1.852053e-03,1.216695e-03,1.023389e-01,4.294065e-02
4.967779e-02,4.989406e-03,3.475671e-02,4.036045e-03,3.261949e-02,2.472768e-03,7.542227e-05,3.845041e-02,5.857766e-01,8.746767e-02,4.488494e-03,1.885653e-03,1.258936e-03,9.828269e-02,5.376196e-02
4.575559e-02,4.698329e-03,3.432476e-02,4.537366e-03,2.957365e-02,2.167431e-03,8.673794e-05,4.088504e-02,6.334148e-01,6.859501e-02,3.840577e-03,1.646501e-03,1.001775e-03,8.701391e-02,4.245855e-02
4.589075e-02,3.822123e-03,3.457596e-02,3.405942e-03,2.239436e-02,2.712615e-03,7.116164e-05,3.068912e-02,6.336484e-01,5.680224e-02,3.354926e-03,1.291949e-03,9.073765e-04,7.572094e-02,8.471218e-02
3.505282e-02,4.468981e-03,2.669465e-02,5.426736e-03,1.637064e-02,2.176809e-03,5.672458e-05,2.172534e-02,4.949299e-01,4.289804e-02,3.127678e-03,1.380356e-03,1.761821e-03,5.675600e-02,2.871736e-01
2.581335e-02,6.676638e-03,2.433491e-02,7.507517e-03,1.237454e-02,2.483963e-03,6.453688e-05,1.533175e-02,4.918512e-01,3.836221e-02,4.625367e-03,1.356665e-03,2.719536e-03,6.500376e-02,3.014941e-01
2.125291e-02,5.803079e-03,1.734256e-02,5.798431e-03,1.015135e-02,2.908388e-03,6.278144e-05,1.092627e-02,4.352691e-01,3.553455e-02,7.532094e-03,1.102842e-03,2.850089e-03,6.399382e-02,3.794718e-01
1.582696e-02,4.320174e-03,1.234894e-02,4.121465e-03,7.230204e-03,2.263621e-03,5.729826e-05,7.678132e-03,3.839434e-01,3.545152e-02,5.672709e-03,9.169498e-04,2.498031e-03,1.015592e-01,4.161113e-01
1.184036e-02,4.394601e-03,9.233990e-03,3.399822e-03,5.084626e-03,1.672979e-03,5.949252e-05,5.388406e-03,3.382574e-01,3.028651e-02,4.881071e-03,9.430497e-04,2.075203e-03,9.713282e-02,4.853497e-01
1.010670e-02,3.993829e-03,6.563754e-03,2.476897e-03,3.582766e-03,1.511361e-03,6.625093e-05,3.785472e-03,2.623461e-01,2.799126e-02,3.998852e-03,7.972791e-04,1.757319e-03,2.035212e-01,4.675010e-01
8.507073e-03,2.885273e-03,4.614636e-03,1.742698e-03,2.526595e-03,1.168667e-03,5.145678e-05,2.656851e-03,1.984052e-01,2.854067e-02,3.693190e-03,7.640203e-04,1.857753e-03,3.157430e-01,4.268430e-01
7.671449e-03,2.183428e-03,3.254694e-03,1.231631e-03,1.779269e-03,9.726878e-04,4.730147e-05,1.866097e-03,1.466006e-01,2.836583e-02,3.409959e-03,7.260161e-04,1.575134e-03,4.116455e-01,3.886704e-01
6.051330e-03,1.621162e-03,2.302208e-03,8.694890e-04,1.255682e-03,7.440869e-04,5.140097e-05,1.309627e-03,1.040730e-01,3.063246e-02,3.241440e-03,5.752149e-04,1.134943e-03,5.122895e-01,3.338485e-01
4.701125e-03,1.264742e-03,1.649839e-03,6.154134e-04,8.954349e-04,5.593569e-04,4.204365e-05,9.219751e-04,7.358585e-02,2.565814e-02,2.947388e-03,4.467749e-04,8.811349e-04,6.273018e-01,2.585290e-01
3.603789e-03,9.907970e-04,1.220616e-03,4.382005e-04,6.783326e-04,4.475254e-04,3.710432e-05,6.478500e-04,5.195281e-02,2.125666e-02,2.540342e-03,3.584894e-04,7.785787e-04,7.094475e-01,2.056014e-01
2.732761e-03,7.199637e-04,8.692270e-04,3.076342e-04,4.820088e-04,3.427879e-04,3.101991e-05,4.560919e-04,3.690655e-02,2.098784e-02,2.195650e-03,2.685867e-04,5.691762e-04,7.700189e-01,1.631118e-01
2.025318e-03,5.399225e-04,6.180946e-04,2.163256e-04,3.434232e-04,2.610341e-04,2.471157e-05,3.206223e-04,2.669158e-02,1.915099e-02,1.943967e-03,1.990395e-04,4.396747e-04,8.184704e-01,1.287549e-01
2.074737e-03,1.208715e-03,1.426343e-03,2.473475e-04,4.078390e-04,2.840419e-04,4.603967e-05,2.354980e-04,4.111546e-02,6.130990e-02,3.241203e-03,2.673902e-04,6.375790e-04,7.382435e-01,1.492544e-01
2.047525e-03,2.249773e-03,1.962976e-03,2.035318e-04,6.170154e-04,3.788215e-04,5.766213e-05,2.076926e-04,8.082801e-02,9.266487e-02,3.797260e-03,3.121337e-04,7.902974e-04,6.347135e-01,1.791689e-01
3.311127e-03,3.286597e-03,1.683126e-03,2.266676e-04,1.266465e-03,8.285103e-04,6.580993e-05,1.922170e-04,1.277233e-01,7.657421e-02,5.004148e-03,3.210309e-04,1.033901e-03,5.310015e-01,2.474813e-01
4.820190e-03,2.652044e-03,1.893186e-03,2.227146e-04,1.251554e-03,8.325199e-04,9.857533e-05,3.489275e-04,1.953292e-01,6.323819e-02,5.390445e-03,2.938815e-04,1.085786e-03,4.279701e-01,2.945727e-01
7.743699e-03,2.489421e-03,2.067511e-03,2.483793e-04,1.339108e-03,8.250378e-04,1.051637e-04,3.485343e-04,2.368338e-01,5.809777e-02,5.438845e-03,3.208079e-04,1.490931e-03,3.253921e-01,3.572589e-01
9.411789e-03,2.488828e-03,7.292397e-03,8.063886e-04,1.810296e-03,7.927043e-04,1.591219e-04,1.615085e-03,3.352229e-01,5.305959e-02,5.658550e-03,4.869435e-04,2.426423e-03,2.295979e-01,3.491710e-01
8.296969e-03,3.401620e-03,7.641648e-03,1.595941e-03,2.070976e-03,1.189678e-03,2.066088e-04,1.569482e-03,4.134409e-01,7.476713e-02,1.727733e-02,1.433322e-03,1.223250e-02,1.628506e-01,2.920252e-01
7.072795e-03,5.080489e-03,8.986803e-03,3.735773e-03,1.810523e-03,9.268314e-04,1.677845e-04,1.173469e-03,5.630890e-01,5.434919e-02,1.397192e-02,1.735077e-03,1.364880e-02,1.142024e-01,2.100490e-01
8.446451e-03,4.395399e-03,6.633991e-03,3.188802e-03,1.610504e-03,1.261758e-03,2.424288e-04,1.140519e-03,5.359991e-01,3.994278e-02,2.777597e-02,5.065386e-03,9.201302e-02,8.202534e-02,1.902585e-01
8.027775e-03,4.834800e-03,8.177587e-03,8.736883e-03,1.059668e-02,2.141733e-03,1.254583e-03,2.067373e-03,4.223410e-01,3.087271e-02,5.872893e-02,1.409868e-02,2.226028e-01,5.762951e-02,1.478890e-01
8.705750e-03,4.473083e-03,5.216231e-02,3.380830e-02,7.405633e-02,4.606101e-03,6.951287e-03,3.565674e-02,3.437279e-01,2.212725e-02,4.833532e-02,1.078284e-02,1.971205e-01,4.051015e-02,1.169762e-01
1.590544e-02,1.274293e-02,4.157681e-02,3.807390e-02,9.001147e-02,2.014911e-02,9.658726e-03,3.576675e-02,3.676453e-01,1.638602e-02,3.659004e-02,9.688759e-03,1.837282e-01,2.869551e-02,9.338102e-02
2.640824e-02,3.392685e-02,3.512639e-02,3.073667e-02,8.665303e-02,2.995499e-02,1.280682e-02,3.578848e-02,3.818856e-01,1.252243e-02,2.734230e-02,8.844564e-03,1.833840e-01,2.045634e-02,7.416326e-02
3.562630e-02,3.425197e-02,2.662481e-02,2.340597e-02,8.147988e-02,2.569119e-02,1.166367e-01,3.908348e-02,3.657658e-01,9.554866e-03,1.980415e-02,7.048349e-03,1.376223e-01,1.454202e-02,6.286232e-02
4.025405e-02,3.268387e-02,1.995115e-02,1.829128e-02,8.427648e-02,2.281262e-02,1.138919e-01,3.279460e-02,4.133537e-01,7.420477e-03,1.529699e-02,7.198930e-03,1.322870e-01,1.031959e-02,4.916730e-02
5.558862e-02,3.130136e-02,1.843349e-02,7.906194e-02,9.224430e-02,2.073701e-02,9.953801e-02,3.095824e-02,3.944501e-01,6.002360e-03,1.354176e-02,1.115056e-02,1.025128e-01,7.503588e-03,3.697579e-02
3.942408e-02,2.618836e-02,1.558368e-02,6.960802e-02,1.266555e-01,1.664804e-02,7.483541e-02,2.195915e-02,2.899008e-01,4.723904e-03,1.785734e-02,1.073413e-02,2.178912e-01,5.667982e-03,6.232245e-02
2.851207e-02,2.082004e-02,1.166161e-02,6.478862e-02,1.421470e-01,1.319269e-02,6.334323e-02,1.575723e-02,2.270917e-01,5.145216e-03,1.718008e-02,1.077910e-02,2.944329e-01,5.127512e-03,8.002102e-02
1.999554e-02,1.486362e-02,8.475954e-03,4.669447e-02,1.132794e-01,9.637996e-03,4.673395e-02,1.104586e-02,1.603550e-01,6.351980e-03,1.359941e-02,1.285320e-02,3.793931e-01,3.818294e-03,1.529023e-01
1.407492e-02,1.063618e-02,6.118254e-03,3.317438e-02,8.583450e-02,7.463795e-03,3.786876e-02,7.750785e-03,1.138882e-01,6.522798e-03,1.048844e-02,1.473557e-02,4.406539e-01,2.873166e-03,2.079164e-01
9.972876e-03,7.613310e-03,4.500767e-03,2.329715e-02,6.111935e-02,5.585642e-03,2.805612e-02,5.440388e-03,8.026442e-02,5.332953e-03,8.349722e-03,2.051220e-02,5.440150e-01,2.087845e-03,1.938522e-01
7.722415e-03,5.422087e-03,3.173532e-03,1.633128e-02,4.306520e-02,5.490798e-03,2.020828e-02,3.822838e-03,5.663343e-02,6.782354e-03,7.950511e-03,6.237466e-02,6.079469e-01,1.700824e-03,1.513750e-01
5.582297e-03,3.845709e-03,2.380970e-03,1.148670e-02,3.157180e-02,4.554028e-03,1.476864e-02,2.818871e-03,4.048961e-02,6.726407e-03,1.002919e-02,6.300991e-02,6.579139e-01,1.271844e-03,1.435502e-01
4.582214e-03,2.962199e-03,1.981329e-03,8.683667e-03,2.705209e-02,5.464935e-03,1.483769e-02,4.264442e-03,3.024902e-02,1.555300e-02,1.433212e-02,1.002775e-01,6.320022e-01,1.534093e-03,1.362235e-01
3.544981e-03,2.273384e-03,1.764917e-03,6.557842e-03,2.642781e-02,4.362889e-03,1.272465e-02,4.350579e-03,2.228110e-02,1.243590e-02,1.648451e-02,1.211672e-01,6.146753e-01,1.272155e-03,1.496768e-01
3.536219e-03,1.761871e-03,1.722463e-03,5.065909e-03,3.228982e-02,4.949532e-03,2.425825e-02,6.979088e-03,1.913081e-02,1.213394e-02,2.033242e-02,1.919538e-01,5.326927e-01,1.539085e-03,1.416541e-01
4.779316e-03,1.675659e-03,1.774252e-03,3.983769e-03,2.510771e-02,4.995058e-03,1.947193e-02,8.813568e-03,1.556878e-02,2.389902e-02,2.782442e-02,3.293012e-01,4.266676e-01,2.146816e-03,1.039909e-01
6.016955e-03,2.328576e-03,3.505445e-03,3.138399e-03,2.392904e-02,4.119190e-03,1.494136e-02,1.327472e-02,1.375701e-02,2.299989e-02,2.499150e-02,4.679022e-01,3.212201e-01,2.094055e-03,7.578158e-02
7.329809e-03,3.014847e-03,6.088385e-03,3.374207e-03,2.480146e-02,4.507826e-03,1.184978e-02,2.527940e-02,1.873112e-02,3.291608e-02,2.699988e-02,5.059487e-01,2.529500e-01,5.847139e-03,7.036140e-02
1.041391e-02,3.742636e-03,7.429473e-03,4.865864e-03,2.134680e-02,5.535645e-03,8.744991e-03,3.692747e-02,2.311854e-02,3.311696e-02,2.981106e-02,5.577852e-01,1.907284e-01,7.990155e-03,5.844292e-02
1.006463e-02,3.918907e-03,1.906190e-02,8.251515e-03,1.899637e-02,5.709478e-03,6.508471e-03,6.629839e-02,2.218973e-02,4.479875e-02,5.578602e-02,4.654246e-01,2.148470e-01,1.200223e-02,4.614199e-02
8.755145e-03,3.326947e-03,4.562328e-02,1.757259e-02,2.473549e-02,4.290014e-03,5.664210e-03,1.469139e-01,2.652370e-02,4.217138e-02,5.658599e-02,3.591415e-01,2.110776e-01,1.030033e-02,3.731795e-02
1.096168e-02,8.999864e-03,9.517193e-02,1.604874e-02,2.172681e-02,3.425721e-03,4.964471e-03,1.143079e-01,5.196734e-02,9.327205e-02,5.496935e-02,2.963936e-01,1.563319e-01,1.908349e-02,5.237518e-02
1.279826e-02,8.218843e-03,7.789723e-02,2.913669e-02,1.762444e-02,3.945099e-03,3.615866e-03,8.451458e-02,2.442900e-01,8.453722e-02,4.188012e-02,2.123189e-01,1.109802e-01,1.904516e-02,4.919745e-02
3.119612e-02,9.534923e-03,6.394007e-02,3.741638e-02,1.576015e-02,5.370113e-03,2.744483e-03,6.324749e-02,2.721159e-01,8.292100e-02,3.564814e-02,1.614578e-01,8.151331e-02,2.613891e-02,1.109952e-01
3.458431e-02,9.000249e-03,5.063826e-02,2.922035e-02,1.357273e-02,4.331798e-03,2.194736e-03,4.996036e-02,3.497152e-01,6.225183e-02,2.742066e-02,1.261525e-01,5.846234e-02,2.947989e-02,1.530148e-01
2.691909e-02,6.562009e-03,3.577627e-02,2.091732e-02,1.023365e-02,3.258954e-03,1.627475e-03,3.637575e-02,4.671277e-01,4.523461e-02,2.210050e-02,9.259640e-02,4.264466e-02,2.734634e-02,1.612793e-01
2.729951e-02,5.271645e-03,2.607452e-02,1.647232e-02,9.559395e-03,2.958316e-03,1.630808e-03,2.956706e-02,4.754508e-01,3.623969e-02,1.746309e-02,7.132705e-02,3.205966e-02,2.390128e-02,2.247249e-01
2.593694e-02,4.131933e-03,1.891069e-02,1.273791e-02,8.083590e-03,4.256541e-03,1.280650e-03,2.204231e-02,4.158318e-01,2.712737e-02,1.524664e-02,5.080326e-02,2.640420e-02,1.884479e-02,3.483614e-01
2.300219e-02,3.370525e-03,1.429752e-02,9.188915e-03,7.715610e-03,3.133059e-03,1.027213e-03,1.618587e-02,4.002851e-01,1.998571e-02,1.543631e-02,3.589648e-02,1.987116e-02,1.617684e-02,4.144275e-01
