1.000000e+00,0.000000e+00,0.000000e+00,0.000000e+00,0.000000e+00,0.000000e+00,0.000000e+00,0.000000e+00,0.000000e+00,0.000000e+00,0.000000e+00,0.000000e+00,0.000000e+00,0.000000e+00,0.000000e+00
1.000000e+00,0.000000e+00,0.000000e+00,0.000000e+00,0.000000e+00,0.000000e+00,0.000000e+00,0.000000e+00,0.000000e+00,0.000000e+00,0.000000e+00,0.000000e+00,0.000000e+00,0.000000e+00,0.000000e+00
1.000000e+00,0.000000e+00,0.000000e+00,0.000000e+00,0.000000e+00,0.000000e+00,0.000000e+00,0.000000e+00,0.000000e+00,0.000000e+00,0.000000e+00,0.000000e+00,0.000000e+00,0.000000e+00,0.000000e+00
4.898317e-01,1.346926e-01,8.690067e-02,1.625083e-01,7.022042e-03,9.063822e-03,1.596656e-03,4.371287e-03,1.086255e-02,9.438910e-03,6.657034e-03,1.986163e-02,8.922013e-03,1.324870e-03,4.694586e-02
1.000000e+00,0.000000e+00,0.000000e+00,0.000000e+00,0.000000e+00,0.000000e+00,0.000000e+00,0.000000e+00,0.000000e+00,0.000000e+00,0.000000e+00,0.000000e+00,0.000000e+00,0.000000e+00,0.000000e+00
1.000000e+00,0.000000e+00,0.000000e+00,0.000000e+00,0.000000e+00,0.000000e+00,0.000000e+00,0.000000e+00,0.000000e+00,0.000000e+00,0.000000e+00,0.000000e+00,0.000000e+00,0.000000e+00,0.000000e+00
1.000000e+00,0.000000e+00,0.000000e+00,0.000000e+00,0.000000e+00,0.000000e+00,0.000000e+00,0.000000e+00,0.000000e+00,0.000000e+00,0.000000e+00,0.000000e+00,0.000000e+00,0.000000e+00,0.000000e+00
1.000000e+00,0.000000e+00,0.000000e+00,0.000000e+00,0.000000e+00,0.000000e+00,0.000000e+00,0.000000e+00,0.000000e+00,0.000000e+00,0.000000e+00,0.000000e+00,0.000000e+00,0.000000e+00,0.000000e+00
1.000000e+00,0.000000e+00,0.000000e+00,0.000000e+00,0.000000e+00,0.000000e+00,0.000000e+00,0.000000e+00,0.000000e+00,0.000000e+00,0.000000e+00,0.000000e+00,0.000000e+00,0.000000e+00,0.000000e+00
1.000000e+00,0.000000e+00,0.000000e+00,0.000000e+00,0.000000e+00,0.000000e+00,0.000000e+00,0.000000e+00,0.000000e+00,0.000000e+00,0.000000e+00,0.000000e+00,0.000000e+00,0.000000e+00,0.000000e+00
1.000000e+00,0.000000e+00,0.000000e+00,0.000000e+00,0.000000e+00,0.000000e+00,0.000000e+00,0.000000e+00,0.000000e+00,0.000000e+00,0.000000e+00,0.000000e+00,0.000000e+00,0.000000e+00,0.000000e+00
1.000000e+00,0.000000e+00,0.000000e+00,0.000000e+00,0.000000e+00,0.000000e+00,0.000000e+00,0.000000e+00,0.000000e+00,0.000000e+00,0.000000e+00,0.000000e+00,0.000000e+00,0.000000e+00,0.000000e+00
1.000000e+00,0.000000e+00,0.000000e+00,0.000000e+00,0.000000e+00,0.000000e+00,0.000000e+00,0.000000e+00,0.000000e+00,0.000000e+00,0.000000e+00,0.000000e+00,0.000000e+00,0.000000e+00,0.000000e+00
1.000000e+00,0.000000e+00,0.000000e+00,0.000000e+00,0.000000e+00,0.000000e+00,0.000000e+00,0.000000e+00,0.000000e+00,0.000000e+00,0.000000e+00,0.000000e+00,0.000000e+00,0.000000e+00,0.000000e+00
1.000000e+00,0.000000e+00,0.000000e+00,0.000000e+00,0.000000e+00,0.000000e+00,0.000000e+00,0.000000e+00,0.000000e+00,0.000000e+00,0.000000e+00,0.000000e+00,0.000000e+00,0.000000e+00,0.000000e+00
1.000000e+00,0.000000e+00,0.000000e+00,0.000000e+00,0.000000e+00,0.000000e+00,0.000000e+00,0.000000e+00,0.000000e+00,0.000000e+00,0.000000e+00,0.000000e+00,0.000000e+00,0.000000e+00,0.000000e+00
1.000000e+00,0.000000e+00,0.000000e+00,0.000000e+00,0.000000e+00,0.000000e+00,0.000000e+00,0.000000e+00,0.000000e+00,0.000000e+00,0.000000e+00,0.000000e+00,0.000000e+00,0.000000e+00,0.000000e+00
1.000000e+00,0.000000e+00,0.000000e+00,0.000000e+00,0.000000e+00,0.000000e+00,0.000000e+00,0.000000e+00,0.000000e+00,0.000000e+00,0.000000e+00,0.000000e+00,0.000000e+00,0.000000e+00,0.000000e+00
1.000000e+00,0.000000e+00,0.000000e+00,0.000000e+00,0.000000e+00,0.000000e+00,0.000000e+00,0.000000e+00,0.000000e+00,0.000000e+00,0.000000e+00,0.000000e+00,0.000000e+00,0.000000e+00,0.000000e+00
1.000000e+00,0.000000e+00,0.000000e+00,0.000000e+00,0.000000e+00,0.000000e+00,0.000000e+00,0.000000e+00,0.000000e+00,0.000000e+00,0.000000e+00,0.000000e+00,0.000000e+00,0.000000e+00,0.000000e+00
1.000000e+00,0.000000e+00,0.000000e+00,0.000000e+00,0.000000e+00,0.000000e+00,0.000000e+00,0.000000e+00,0.000000e+00,0.000000e+00,0.000000e+00,0.000000e+00,0.000000e+00,0.000000e+00,0.000000e+00
1.000000e+00,0.000000e+00,0.000000e+00,0.000000e+00,0.000000e+00,0.000000e+00,0.000000e+00,0.000000e+00,0.000000e+00,0.000000e+00,0.000000e+00,0.000000e+00,0.000000e+00,0.000000e+00,0.000000e+00
1.000000e+00,0.000000e+00,0.000000e+00,0.000000e+00,0.000000e+00,0.000000e+00,0.000000e+00,0.000000e+00,0.000000e+00,0.000000e+00,0.000000e+00,0.000000e+00,0.000000e+00,0.000000e+00,0.000000e+00
1.000000e+00,0.000000e+00,0.000000e+00,0.000000e+00,0.000000e+00,0.000000e+00,0.000000e+00,0.000000e+00,0.000000e+00,0.000000e+00,0.000000e+00,0.000000e+00,0.000000e+00,0.000000e+00,0.000000e+00
1.000000e+00,0.000000e+00,0.000000e+00,0.000000e+00,0.000000e+00,0.000000e+00,0.000000e+00,0.000000e+00,0.000000e+00,0.000000e+00,0.000000e+00,0.000000e+00,0.000000e+00,0.000000e+00,0.000000e+00
1.000000e+00,0.000000e+00,0.000000e+00,0.000000e+00,0.000000e+00,0.000000e+00,0.000000e+00,0.000000e+00,0.000000e+00,0.000000e+00,0.000000e+00,0.000000e+00,0.000000e+00,0.000000e+00,0.000000e+00
1.000000e+00,0.000000e+00,0.000000e+00,0.000000e+00,0.000000e+00,0.000000e+00,0.000000e+00,0.000000e+00,0.000000e+00,0.000000e+00,0.000000e+00,0.000000e+00,0.000000e+00,0.000000e+00,0.000000e+00
1.000000e+00,0.000000e+00,0.000000e+00,0.000000e+00,0.000000e+00,0.000000e+00,0.000000e+00,0.000000e+00,0.000000e+00,0.000000e+00,0.000000e+00,0.000000e+00,0.000000e+00,0.000000e+00,0.000000e+00
1.000000e+00,0.000000e+00,0.000000e+00,0.000000e+00,0.000000e+00,0.000000e+00,0.000000e+00,0.000000e+00,0.000000e+00,0.000000e+00,0.000000e+00,0.000000e+00,0.000000e+00,0.000000e+00,0.000000e+00
1.000000e+00,0.000000e+00,0.000000e+00,0.000000e+00,0.000000e+00,0.000000e+00,0.000000e+00,0.000000e+00,0.000000e+00,0.000000e+00,0.000000e+00,0.000000e+00,0.000000e+00,0.000000e+00,0.000000e+00
1.000000e+00,0.000000e+00,0.000000e+00,0.000000e+00,0.000000e+00,0.000000e+00,0.000000e+00,0.000000e+00,0.000000e+00,0.000000e+00,0.000000e+00,0.000000e+00,0.000000e+00,0.000000e+00,0.000000e+00
1.000000e+00,0.000000e+00,0.000000e+00,0.000000e+00,0.000000e+00,0.000000e+00,0.000000e+00,0.000000e+00,0.000000e+00,0.000000e+00,0.000000e+00,0.000000e+00,0.000000e+00,0.000000e+00,0.000000e+00
1.000000e+00,0.000000e+00,0.000000e+00,0.000000e+00,0.000000e+00,0.000000e+00,0.000000e+00,0.000000e+00,0.000000e+00,0.000000e+00,0.000000e+00,0.000000e+00,0.000000e+00,0.000000e+00,0.000000e+00
1.000000e+00,0.000000e+00,0.000000e+00,0.000000e+00,0.000000e+00,0.000000e+00,0.000000e+00,0.000000e+00,0.000000e+00,0.000000e+00,0.000000e+00,0.000000e+00,0.000000e+00,0.000000e+00,0.000000e+00
1.000000e+00,0.000000e+00,0.000000e+00,0.000000e+00,0.000000e+00,0.000000e+00,0.000000e+00,0.000000e+00,0.000000e+00,0.000000e+00,0.000000e+00,0.000000e+00,0.000000e+00,0.000000e+00,0.000000e+00
1.000000e+00,0.000000e+00,0.000000e+00,0.000000e+00,0.000000e+00,0.000000e+00,0.000000e+00,0.000000e+00,0.000000e+00,0.000000e+00,0.000000e+00,0.000000e+00,0.000000e+00,0.000000e+00,0.000000e+00
1.000000e+00,0.000000e+00,0.000000e+00,0.000000e+00,0.000000e+00,0.000000e+00,0.000000e+00,0.000000e+00,0.000000e+00,0.000000e+00,0.000000e+00,0.000000e+00,0.000000e+00,0.000000e+00,0.000000e+00
1.000000e+00,0.000000e+00,0.000000e+00,0.000000e+00,0.000000e+00,0.000000e+00,0.000000e+00,0.000000e+00,0.000000e+00,0.000000e+00,0.000000e+00,0.000000e+00,0.000000e+00,0.000000e+00,0.000000e+00
1.000000e+00,0.000000e+00,0.000000e+00,0.000000e+00,0.000000e+00,0.000000e+00,0.000000e+00,0.000000e+00,0.000000e+00,0.000000e+00,0.000000e+00,0.000000e+00,0.000000e+00,0.000000e+00,0.000000e+00
1.000000e+00,0.000000e+00,0.000000e+00,0.000000e+00,0.000000e+00,0.000000e+00,0.000000e+00,0.000000e+00,0.000000e+00,0.000000e+00,0.000000e+00,0.000000e+00,0.000000e+00,0.000000e+00,0.000000e+00
1.000000e+00,0.000000e+00,0.000000e+00,0.000000e+00,0.000000e+00,0.000000e+00,0.000000e+00,0.000000e+00,0.000000e+00,0.000000e+00,0.000000e+00,0.000000e+00,0.000000e+00,0.000000e+00,0.000000e+00
1.000000e+00,0.000000e+00,0.000000e+00,0.000000e+00,0.000000e+00,0.000000e+00,0.000000e+00,0.000000e+00,0.000000e+00,0.000000e+00,0.000000e+00,0.000000e+00,0.000000e+00,0.000000e+00,0.000000e+00
1.000000e+00,0.000000e+00,0.000000e+00,0.000000e+00,0.000000e+00,0.000000e+00,0.000000e+00,0.000000e+00,0.000000e+00,0.000000e+00,0.000000e+00,0.000000e+00,0.000000e+00,0.000000e+00,0.000000e+00
1.000000e+00,0.000000e+00,0.000000e+00,0.000000e+00,0.000000e+00,0.000000e+00,0.000000e+00,0.000000e+00,0.000000e+00,0.000000e+00,0.000000e+00,0.000000e+00,0.000000e+00,0.000000e+00,0.000000e+00
1.000000e+00,0.000000e+00,0.000000e+00,0.000000e+00,0.000000e+00,0.000000e+00,0.000000e+00,0.000000e+00,0.000000e+00,0.000000e+00,0.000000e+00,0.000000e+00,0.000000e+00,0.000000e+00,0.000000e+00
1.000000e+00,0.000000e+00,0.000000e+00,0.000000e+00,0.000000e+00,0.000000e+00,0.000000e+00,0.000000e+00,0.000000e+00,0.000000e+00,0.000000e+00,0.000000e+00,0.000000e+00,0.000000e+00,0.000000e+00
1.000000e+00,0.000000e+00,0.000000e+00,0.000000e+00,0.000000e+00,0.000000e+00,0.000000e+00,0.000000e+00,0.000000e+00,0.000000e+00,0.000000e+00,0.000000e+00,0.000000e+00,0.000000e+00,0.000000e+00
1.000000e+00,0.000000e+00,0.000000e+00,0.000000e+00,0.000000e+00,0.000000e+00,0.000000e+00,0.000000e+00,0.000000e+00,0.000000e+00,0.000000e+00,0.000000e+00,0.000000e+00,0.000000e+00,0.000000e+00
1.000000e+00,0.000000e+00,0.000000e+00,0.000000e+00,0.000000e+00,0.000000e+00,0.000000e+00,0.000000e+00,0.000000e+00,0.000000e+00,0.000000e+00,0.000000e+00,0.000000e+00,0.000000e+00,0.000000e+00
1.000000e+00,0.000000e+00,0.000000e+00,0.000000e+00,0.000000e+00,0.000000e+00,0.000000e+00,0.000000e+00,0.000000e+00,0.000000e+00,0.000000e+00,0.000000e+00,0.000000e+00,0.000000e+00,0.000000e+00
1.000000e+00,0.000000e+00,0.000000e+00,0.000000e+00,0.000000e+00,0.000000e+00,0.000000e+00,0.000000e+00,0.000000e+00,0.000000e+00,0.000000e+00,0.000000e+00,0.000000e+00,0.000000e+00,0.000000e+00
1.000000e+00,0.000000e+00,0.000000e+00,0.000000e+00,0.000000e+00,0.000000e+00,0.000000e+00,0.000000e+00,0.000000e+00,0.000000e+00,0.000000e+00,0.000000e+00,0.000000e+00,0.000000e+00,0.000000e+00
1.000000e+00,0.000000e+00,0.000000e+00,0.000000e+00,0.000000e+00,0.000000e+00,0.000000e+00,0.000000e+00,0.000000e+00,0.000000e+00,0.000000e+00,0.000000e+00,0.000000e+00,0.000000e+00,0.000000e+00
1.000000e+00,0.000000e+00,0.000000e+00,0.000000e+00,0.000000e+00,0.000000e+00,0.000000e+00,0.000000e+00,0.000000e+00,0.000000e+00,0.000000e+00,0.000000e+00,0.000000e+00,0.000000e+00,0.000000e+00
1.000000e+00,0.000000e+00,0.000000e+00,0.000000e+00,0.000000e+00,0.000000e+00,0.000000e+00,0.000000e+00,0.000000e+00,0.000000e+00,0.000000e+00,0.000000e+00,0.000000e+00,0.000000e+00,0.000000e+00
1.000000e+00,0.000000e+00,0.000000e+00,0.000000e+00,0.000000e+00,0.000000e+00,0.000000e+00,0.000000e+00,0.000000e+00,0.000000e+00,0.000000e+00,0.000000e+00,0.000000e+00,0.000000e+00,0.000000e+00
1.000000e+00,0.000000e+00,0.000000e+00,0.000000e+00,0.000000e+00,0.000000e+00,0.000000e+00,0.000000e+00,0.000000e+00,0.000000e+00,0.000000e+00,0.000000e+00,0.000000e+00,0.000000e+00,0.000000e+00
4.448885e-01,8.660947e-03,1.027503e-02,1.562667e-01,4.569295e-03,1.732617e-02,3.401909e-03,3.610239e-03,5.396195e-02,7.184572e-03,1.475313e-02,1.388977e-02,2.300118e-01,3.816813e-03,2.738319e-02
3.173505e-01,6.613864e-03,7.511348e-03,1.190139e-01,3.914013e-03,1.565565e-02,4.184670e-03,3.206089e-03,4.826311e-02,1.339110e-02,1.507440e-02,1.880653e-02,3.356384e-01,5.672373e-03,8.570401e-02
2.230024e-01,4.793287e-03,5.412781e-03,8.381727e-02,3.064595e-03,1.161085e-02,3.187530e-03,2.325414e-03,3.975433e-02,2.168159e-02,1.624175e-02,3.300455e-02,2.800510e-01,7.037682e-03,2.650150e-01
1.562704e-01,3.904172e-03,6.605403e-03,5.883907e-02,9.067175e-03,8.293526e-03,2.394174e-03,1.685962e-03,3.438308e-02,2.193902e-02,1.284625e-02,2.643560e-02,2.297754e-01,9.280299e-03,4.182805e-01
1.094686e-01,2.979273e-03,5.640976e-03,4.123524e-02,9.036521e-03,6.000548e-03,1.798896e-03,1.205545e-03,2.676583e-02,1.766668e-02,9.362330e-03,1.868356e-02,1.630148e-01,8.427518e-03,5.787137e-01
7.669413e-02,2.482219e-03,5.894103e-03,2.898924e-02,7.052743e-03,5.007481e-03,1.287238e-03,8.601620e-04,2.696765e-02,1.307739e-02,6.765425e-03,1.313170e-02,1.150827e-01,6.413650e-03,6.902941e-01
5.383517e-02,2.657195e-03,4.685410e-03,2.041879e-02,5.759949e-03,4.786014e-03,9.253861e-04,6.333018e-04,2.724238e-02,9.741983e-03,5.571879e-03,9.648841e-03,8.241007e-02,8.338998e-03,7.633446e-01
3.875919e-02,2.513561e-03,3.490751e-03,1.467548e-02,4.245923e-03,2.380617e-02,6.982620e-04,4.943609e-04,2.259726e-02,1.642345e-02,8.648803e-03,8.726684e-03,6.213485e-02,1.048465e-02,7.823006e-01
2.769916e-02,2.649945e-03,3.199109e-03,1.037701e-02,3.028080e-03,2.207955e-02,5.333604e-04,4.076223e-04,2.024840e-02,1.818978e-02,1.527762e-02,7.201839e-03,5.038808e-02,8.881699e-03,8.098388e-01
2.061156e-02,3.938582e-03,3.401542e-03,7.391104e-03,2.167921e-03,1.754181e-02,3.930677e-04,3.661037e-04,1.900869e-02,2.022203e-02,2.915308e-02,5.908727e-03,4.143190e-02,8.225877e-03,8.202381e-01
1.718123e-02,9.120485e-03,4.577365e-03,5.338743e-03,1.873646e-03,1.303894e-02,2.912180e-04,4.179498e-04,3.881566e-02,2.952509e-02,2.502315e-02,4.302882e-03,3.066038e-02,9.298571e-03,8.105348e-01
1.546103e-02,4.148393e-02,6.223717e-03,4.087291e-03,1.604953e-03,1.095522e-02,2.291914e-04,4.770831e-04,4.781298e-02,2.760904e-02,2.576694e-02,3.296602e-03,2.345028e-02,1.189240e-02,7.796494e-01
1.334177e-02,6.364353e-02,8.773252e-03,3.786854e-03,1.410444e-03,1.009205e-02,2.178049e-04,5.129654e-04,1.185403e-01,3.552407e-02,2.015991e-02,2.556964e-03,1.845244e-02,1.862497e-02,6.843627e-01
1.115261e-02,6.026651e-02,7.625138e-03,4.123814e-03,1.088953e-03,1.284219e-02,2.004614e-04,5.995663e-04,2.207753e-01,3.765959e-02,2.487865e-02,3.664984e-03,2.051609e-02,1.792152e-02,5.766846e-01
8.318621e-03,4.451325e-02,5.852619e-03,4.959621e-03,8.868854e-04,1.098563e-02,1.667232e-04,5.710621e-04,3.229863e-01,3.776764e-02,4.734862e-02,6.115238e-03,3.250328e-02,1.609382e-02,4.609306e-01
6.660727e-03,3.211476e-02,4.432213e-03,4.396069e-03,9.918890e-04,8.539273e-03,1.806967e-04,6.233421e-04,3.541909e-01,3.021073e-02,6.688872e-02,1.608359e-02,1.060537e-01,1.283334e-02,3.558000e-01
5.881850e-03,2.800272e-02,8.048085e-03,5.003991e-03,6.064672e-03,6.669364e-03,2.975675e-04,2.419609e-03,2.652550e-01,2.479485e-02,1.363779e-01,2.325632e-02,1.611716e-01,1.302113e-02,3.137354e-01
5.350683e-03,3.393422e-02,1.345767e-02,5.081685e-03,1.165842e-02,6.573531e-03,4.318524e-04,2.730529e-03,2.095922e-01,2.001926e-02,1.449725e-01,1.994885e-02,1.446424e-01,2.372771e-02,3.578785e-01
4.525960e-03,4.709448e-02,2.114753e-02,4.137197e-02,1.158421e-01,7.083026e-03,1.045495e-03,3.859316e-03,2.359667e-01,1.444545e-02,1.045434e-01,1.430732e-02,1.052710e-01,1.772271e-02,2.657737e-01
3.703493e-03,6.983429e-02,1.985631e-02,3.670094e-02,9.263940e-02,8.875521e-03,9.381119e-04,3.779996e-03,3.156478e-01,1.065547e-02,7.770139e-02,1.045904e-02,7.894069e-02,1.427886e-02,2.559887e-01
3.343050e-03,9.779206e-02,1.887555e-02,3.841152e-02,8.534905e-02,9.771286e-03,1.055321e-03,3.819191e-03,3.798739e-01,9.845681e-03,5.786113e-02,7.799491e-03,6.342985e-02,1.074697e-02,2.120260e-01
3.137152e-03,1.884297e-01,2.117123e-02,5.746216e-02,7.601544e-02,1.037947e-02,9.250086e-04,3.074899e-03,3.545090e-01,1.431493e-02,4.900543e-02,5.903319e-03,4.811511e-02,7.986587e-03,1.595706e-01
2.469879e-03,1.978828e-01,1.973406e-02,5.404888e-02,5.451196e-02,7.498285e-03,6.867038e-04,2.221529e-03,4.260894e-01,1.313163e-02,4.405405e-02,5.032551e-03,3.951782e-02,1.125673e-02,1.218637e-01
1.994769e-03,1.418908e-01,1.801141e-02,4.276051e-02,3.872241e-02,5.560685e-03,6.232213e-04,1.964426e-03,3.318644e-01,1.501705e-02,6.135455e-02,1.614596e-02,1.755901e-01,1.143898e-02,1.370608e-01
1.546112e-03,9.964357e-02,1.398841e-02,3.164155e-02,2.803926e-02,4.058112e-03,5.495417e-04,1.853522e-03,2.381700e-01,1.372127e-02,1.092035e-01,1.702870e-02,2.491915e-01,1.525474e-02,1.761103e-01
1.131931e-03,7.001039e-02,1.058865e-02,2.256726e-02,2.115672e-02,2.970902e-03,4.472538e-04,1.886373e-03,1.698204e-01,1.038332e-02,8.221537e-02,1.370837e-02,2.291848e-01,1.568529e-02,3.482430e-01
8.932278e-04,4.933023e-02,8.421210e-03,1.652524e-02,1.652805e-02,2.364470e-03,6.826633e-04,7.451084e-03,1.244341e-01,1.134966e-02,9.504050e-02,1.372940e-02,2.415351e-01,5.632589e-02,3.553892e-01
1.453171e-03,4.046489e-02,1.199885e-02,3.107149e-02,2.557517e-02,3.176076e-03,1.585771e-03,1.992628e-02,1.591483e-01,1.186053e-02,7.306208e-02,1.155028e-02,1.789486e-01,5.239776e-02,3.777808e-01
2.243531e-03,3.385803e-02,2.354217e-02,1.097378e-01,2.527562e-02,6.558381e-03,1.583513e-03,1.533012e-02,1.335882e-01,1.166462e-02,7.216382e-02,9.705665e-03,1.311341e-01,4.271970e-02,3.808949e-01
2.838424e-03,2.630701e-02,2.466081e-02,9.174109e-02,2.193079e-02,6.635643e-03,1.258525e-03,1.187116e-02,1.011903e-01,2.579866e-02,9.895745e-02,7.996820e-03,9.765407e-02,4.594901e-02,4.352103e-01
3.674943e-03,1.977564e-02,1.959624e-02,6.859279e-02,1.679883e-02,6.215793e-03,9.544495e-04,9.054208e-03,7.943790e-02,2.223367e-02,8.024687e-02,5.846258e-03,7.032422e-02,9.869672e-02,4.985515e-01
2.997921e-03,1.504570e-02,1.470764e-02,5.052010e-02,1.248950e-02,5.136370e-03,7.102832e-04,6.838392e-03,6.559000e-02,1.793753e-02,5.781879e-02,4.227218e-03,5.065912e-02,1.024415e-01,5.928800e-01
7.458526e-03,1.261043e-02,1.314436e-02,3.760685e-02,9.259189e-03,4.919464e-03,5.714344e-04,4.942651e-03,6.406580e-02,1.553554e-02,5.281616e-02,3.553251e-03,3.966648e-02,8.622134e-02,6.476286e-01
1.059593e-02,1.093827e-02,1.447039e-02,2.760120e-02,6.954292e-03,5.489798e-03,5.001498e-04,3.599682e-03,5.718405e-02,1.611653e-02,5.440418e-02,3.507797e-03,3.497829e-02,6.978465e-02,6.838748e-01
2.240776e-02,9.580155e-03,1.398201e-02,2.044916e-02,5.311021e-03,6.582205e-03,4.723347e-04,2.846265e-03,4.866037e-02,1.435189e-02,6.572802e-02,3.817377e-03,3.378138e-02,6.929456e-02,6.827355e-01
2.065732e-02,8.221082e-03,1.351537e-02,1.522350e-02,4.427720e-03,5.307265e-03,3.767472e-04,2.340923e-03,4.120199e-02,1.349090e-02,1.438740e-01,4.488075e-03,5.988952e-02,9.157918e-02,5.754064e-01
2.001655e-02,8.599930e-03,1.366406e-02,1.158515e-02,6.957448e-03,4.287433e-03,3.360171e-04,2.013699e-03,4.194821e-02,1.223494e-02,1.852774e-01,5.840327e-03,8.482024e-02,1.131493e-01,4.892693e-01
2.039231e-02,9.993697e-03,1.549524e-02,8.444568e-03,1.461555e-02,3.967036e-03,3.275108e-04,1.785330e-03,1.173214e-01,1.011133e-02,1.679591e-01,4.442937e-03,6.592073e-02,1.480078e-01,4.112155e-01
2.181011e-02,1.059132e-02,2.224239e-02,6.407395e-03,1.267669e-02,5.045921e-03,3.657812e-04,2.608136e-03,2.012171e-01,8.429709e-03,1.331458e-01,3.411435e-03,4.957818e-02,1.895010e-01,3.329690e-01
2.675905e-02,1.158053e-02,2.583622e-02,4.822284e-03,1.130027e-02,6.065256e-03,3.229224e-04,2.629769e-03,1.691993e-01,6.788744e-03,9.827343e-02,2.520467e-03,3.688405e-02,3.176283e-01,2.793895e-01
3.256623e-02,9.013565e-03,2.347171e-02,3.806845e-03,9.154634e-03,5.888477e-03,3.352215e-04,4.621183e-03,1.433087e-01,5.403080e-03,7.084676e-02,2.064251e-03,2.805081e-02,4.232873e-01,2.381812e-01
3.305402e-02,7.077378e-03,3.457355e-02,4.136466e-03,8.161300e-03,4.688738e-03,4.052047e-04,1.296554e-02,1.195658e-01,4.547524e-03,5.217673e-02,1.694543e-03,2.221045e-02,5.017279e-01,1.930149e-01
3.838884e-02,5.953148e-03,1.338331e-01,7.553136e-03,1.280828e-02,4.619188e-03,7.105092e-04,2.319668e-02,1.027325e-01,5.165146e-03,3.966404e-02,1.549016e-03,1.739609e-02,4.265492e-01,1.798812e-01
4.772419e-02,5.947123e-03,2.232624e-01,1.594584e-02,1.914415e-02,4.920564e-03,8.698726e-04,4.366979e-02,9.096767e-02,5.255363e-03,3.380641e-02,2.504047e-03,1.591913e-02,3.529950e-01,1.370684e-01
4.779948e-02,5.894168e-03,2.389346e-01,2.145778e-02,2.856579e-02,4.575581e-03,1.058773e-03,9.307545e-02,7.518093e-02,4.660375e-03,2.644241e-02,2.558813e-03,1.228299e-02,3.287611e-01,1.087518e-01
5.045140e-02,5.450906e-03,2.561078e-01,2.047994e-02,4.731045e-02,3.696253e-03,1.180655e-03,1.323434e-01,8.667526e-02,4.275580e-03,1.919779e-02,1.901663e-03,8.753799e-03,2.780615e-01,8.411364e-02
4.873219e-02,7.677294e-03,2.600543e-01,3.234885e-02,4.350379e-02,3.044596e-03,1.146981e-03,2.311229e-01,7.246277e-02,3.450626e-03,1.402225e-02,1.483524e-03,6.338628e-03,2.107337e-01,6.387757e-02
5.908397e-02,8.897019e-03,2.702250e-01,3.856645e-02,5.552125e-02,3.236816e-03,9.427422e-04,1.990655e-01,1.149424e-01,3.455754e-03,1.139332e-02,1.362612e-03,4.710660e-03,1.794699e-01,4.912662e-02
6.791517e-02,7.851719e-03,2.732145e-01,6.499591e-02,4.831694e-02,4.493601e-03,9.240471e-04,1.973242e-01,1.307250e-01,4.669795e-03,1.263485e-02,2.499321e-03,5.114459e-03,1.426528e-01,3.666774e-02
9.695594e-02,8.454060e-03,2.375124e-01,6.821541e-02,7.407179e-02,5.546873e-03,9.432537e-04,1.945599e-01,1.257021e-01,6.336481e-03,1.636820e-02,3.462944e-03,4.298455e-03,1.277683e-01,2.980383e-02
1.243200e-01,8.705352e-03,2.012709e-01,7.344753e-02,7.640518e-02,6.827783e-03,9.796438e-04,1.669079e-01,1.777532e-01,6.792535e-03,1.850060e-02,5.003137e-03,3.935175e-03,1.042241e-01,2.492684e-02
1.681965e-01,1.052235e-02,1.712262e-01,6.051660e-02,6.600276e-02,8.484633e-03,1.394932e-03,1.616300e-01,1.969922e-01,7.684459e-03,1.718502e-02,5.961140e-03,3.863113e-03,9.996476e-02,2.037530e-02
2.388486e-01,2.364500e-02,1.224649e-01,6.631596e-02,4.889352e-02,9.044711e-03,1.708842e-03,1.185357e-01,1.802175e-01,1.782334e-02,2.530734e-02,1.312606e-02,1.328035e-02,7.388336e-02,4.690480e-02
3.105764e-01,4.518167e-02,9.534824e-02,7.813449e-02,3.929201e-02,9.256338e-03,2.266277e-03,8.885421e-02,1.463566e-01,1.473674e-02,2.746089e-02,1.317835e-02,1.860096e-02,5.401627e-02,5.674055e-02
3.512094e-01,3.950761e-02,6.992087e-02,7.845975e-02,2.920061e-02,1.019205e-02,2.431192e-03,6.656339e-02,1.237864e-01,1.894248e-02,3.326460e-02,1.543879e-02,3.267977e-02,4.341526e-02,8.498779e-02
3.736030e-01,3.444610e-02,5.424546e-02,5.970670e-02,2.180458e-02,1.203712e-02,2.244598e-03,4.876320e-02,1.165411e-01,2.077145e-02,5.240240e-02,1.396329e-02,4.151270e-02,5.778421e-02,9.017411e-02
3.156443e-01,2.858094e-02,3.923569e-02,4.515563e-02,1.682721e-02,1.526486e-02,1.836338e-03,3.513745e-02,9.459473e-02,2.046116e-02,7.166862e-02,1.902067e-02,8.704634e-02,7.477527e-02,1.347508e-01
2.555630e-01,2.366124e-02,2.915091e-02,4.391686e-02,1.458025e-02,1.903225e-02,1.561912e-03,2.539552e-02,9.654173e-02,2.341295e-02,9.848958e-02,2.199080e-02,1.167976e-01,6.491511e-02,1.649903e-01
2.267578e-01,1.988408e-02,2.190452e-02,3.651141e-02,1.306791e-02,3.252730e-02,1.988272e-03,1.824862e-02,7.767865e-02,2.185238e-02,1.131691e-01,3.815075e-02,1.327570e-01,7.529633e-02,1.702058e-01
1.688796e-01,1.482441e-02,1.710139e-02,2.888578e-02,1.379363e-02,2.580539e-02,1.723963e-03,1.297641e-02,6.372243e-02,1.761026e-02,1.975116e-01,3.289003e-02,1.203146e-01,1.125185e-01,1.714421e-01
1.228601e-01,1.096539e-02,1.243741e-02,2.255327e-02,1.142272e-02,2.248806e-02,1.392902e-03,9.155400e-03,5.609057e-02,1.939619e-02,1.913496e-01,2.534284e-02,8.866364e-02,1.385009e-01,2.673810e-01
9.004487e-02,8.176832e-03,8.928776e-03,1.693190e-02,8.758796e-03,1.854890e-02,1.106298e-03,6.465957e-03,4.193237e-02,1.978207e-02,1.594840e-01,1.896334e-02,6.541305e-02,1.522642e-01,3.831987e-01
6.868302e-02,5.779713e-03,6.358429e-03,1.216194e-02,7.037289e-03,1.397526e-02,9.701187e-04,4.632423e-03,3.197024e-02,1.845965e-02,1.179210e-01,1.445323e-02,4.649042e-02,1.304791e-01,5.206282e-01
4.812908e-02,4.063942e-03,4.742165e-03,8.554013e-03,5.405005e-03,9.990840e-03,7.094736e-04,3.503453e-03,2.316426e-02,1.344212e-02,8.833645e-02,1.032058e-02,3.270575e-02,1.022045e-01,6.447284e-01
3.377863e-02,2.902865e-03,4.511109e-03,6.045581e-03,4.170525e-03,7.691180e-03,6.126856e-04,3.040540e-03,1.706348e-02,9.945087e-03,6.861297e-02,7.421378e-03,2.317231e-02,8.389875e-02,7.271329e-01
2.492596e-02,2.690151e-03,5.746508e-02,4.971649e-03,4.901291e-03,8.524822e-03,6.317453e-04,8.586851e-03,1.485618e-02,7.659106e-03,6.115691e-02,5.461325e-03,1.659611e-02,8.722761e-02,6.943452e-01
1.940516e-02,2.380324e-03,1.111232e-01,5.770158e-03,6.957840e-03,1.678090e-02,6.116017e-04,3.292881e-02,1.310106e-02,6.323925e-03,5.026368e-02,3.978122e-03,1.197225e-02,8.434434e-02,6.340587e-01
1.775407e-02,2.881583e-03,1.937396e-01,6.386586e-03,1.287244e-02,7.871854e-02,6.907721e-04,4.607828e-02,1.005289e-02,5.929942e-03,3.838490e-02,2.842520e-03,8.706384e-03,1.176013e-01,4.573601e-01
1.530930e-02,3.690454e-03,3.599671e-01,8.401967e-03,1.718160e-02,7.214389e-02,8.566509e-04,4.416513e-02,7.697382e-03,4.567740e-03,2.744180e-02,2.003679e-03,6.185856e-03,1.090790e-01,3.213085e-01
1.431691e-02,1.205159e-02,4.515196e-01,5.934130e-02,1.879247e-02,6.895779e-02,6.778405e-04,3.235329e-02,6.286611e-03,3.434609e-03,2.060892e-02,1.433450e-03,4.476805e-03,7.999967e-02,2.257491e-01
3.447627e-02,1.740931e-02,4.787126e-01,5.036041e-02,1.607291e-02,5.400081e-02,5.330218e-04,2.788568e-02,1.070713e-02,6.601087e-03,5.652835e-02,2.209583e-03,5.368395e-03,7.711005e-02,1.620244e-01
3.314557e-02,1.715208e-02,4.612954e-01,4.239414e-02,1.210609e-02,4.038166e-02,3.927828e-04,2.094446e-02,1.290313e-02,1.552486e-02,1.507570e-01,4.246294e-03,8.105576e-03,6.207885e-02,1.185721e-01
2.956391e-02,1.976563e-02,3.901172e-01,1.256476e-01,9.751187e-03,3.019407e-02,3.722010e-04,1.744964e-02,4.937335e-02,2.223079e-02,1.485680e-01,5.403572e-03,1.245175e-02,5.419736e-02,8.491369e-02
2.667661e-02,2.725917e-02,3.216463e-01,1.169081e-01,9.291489e-03,2.245067e-02,3.018282e-04,1.496187e-02,1.602247e-01,2.838649e-02,1.307889e-01,5.662690e-03,1.222096e-02,5.644847e-02,6.677170e-02
2.231256e-02,2.883354e-02,2.718017e-01,1.297104e-01,7.576465e-03,1.642554e-02,2.501324e-04,1.136952e-02,2.413546e-01,3.771932e-02,1.016023e-01,4.902675e-03,1.082618e-02,4.528405e-02,7.003112e-02
2.853939e-02,2.779514e-02,2.243980e-01,1.013708e-01,8.009581e-03,1.371859e-02,4.138097e-04,1.254063e-02,2.462911e-01,6.089182e-02,1.081247e-01,5.271114e-03,1.869440e-02,7.162468e-02,7.231618e-02
2.671359e-02,3.504295e-02,1.944202e-01,9.160157e-02,7.695143e-03,1.156957e-02,5.147969e-04,1.308556e-02,2.644922e-01,5.583124e-02,1.048685e-01,6.493132e-03,2.666067e-02,7.054692e-02,9.046394e-02
3.351747e-02,3.165685e-02,1.469851e-01,7.164977e-02,6.127852e-03,1.197718e-02,1.004210e-03,1.242470e-02,2.419362e-01,5.956519e-02,1.390417e-01,9.073609e-03,4.524449e-02,7.570131e-02,1.140945e-01
2.956805e-02,3.828059e-02,1.126768e-01,5.480468e-02,4.927021e-03,1.085629e-02,1.193987e-03,9.673757e-03,2.713428e-01,5.792844e-02,1.122008e-01,1.254296e-02,5.032438e-02,9.844307e-02,1.352364e-01
3.770671e-02,2.994347e-02,8.753197e-02,3.998116e-02,5.300496e-03,8.528369e-03,1.075671e-03,7.610830e-03,2.487783e-01,6.108995e-02,9.986481e-02,1.497227e-02,7.728571e-02,9.318051e-02,1.871498e-01
3.194637e-02,2.512365e-02,6.503384e-02,2.970239e-02,5.983728e-03,7.050897e-03,9.633158e-04,6.494358e-03,2.803569e-01,5.036129e-02,8.023243e-02,1.233874e-02,6.272150e-02,8.956987e-02,2.521207e-01
3.294276e-02,2.045182e-02,5.025702e-02,2.353912e-02,6.793045e-03,5.881454e-03,9.059483e-04,5.434808e-03,2.898383e-01,4.116429e-02,6.315469e-02,1.007371e-02,5.020463e-02,7.765663e-02,3.217018e-01
4.015630e-02,1.636914e-02,4.053987e-02,1.740327e-02,6.575680e-03,4.863845e-03,1.067110e-03,4.788298e-03,2.309563e-01,3.180658e-02,4.855891e-02,8.073281e-03,4.327964e-02,6.808819e-02,4.374735e-01
9.132648e-02,1.550665e-02,4.957761e-02,1.350397e-02,9.640301e-03,5.877699e-03,1.147699e-03,4.461631e-03,1.786497e-01,2.644841e-02,3.980323e-02,6.561136e-03,3.681455e-02,6.320016e-02,4.574807e-01
1.192401e-01,1.715652e-02,4.986474e-02,1.158569e-02,1.064207e-02,8.724633e-03,1.565147e-03,4.255421e-03,1.585534e-01,2.463202e-02,3.953853e-02,6.838499e-03,3.649918e-02,7.263710e-02,4.382669e-01
1.786397e-01,1.577255e-02,4.825358e-02,9.881985e-03,1.121486e-02,8.878835e-03,4.102231e-03,5.611134e-03,1.415738e-01,3.001736e-02,4.463829e-02,1.048772e-02,4.279913e-02,7.022548e-02,3.779034e-01
2.021602e-01,1.860781e-02,5.410671e-02,9.432456e-03,2.966583e-02,1.201203e-02,6.309739e-03,7.757325e-03,1.141000e-01,4.446416e-02,3.645489e-02,1.258427e-02,3.792058e-02,5.886696e-02,3.555570e-01
1.615667e-01,1.526888e-02,4.133104e-02,8.259803e-03,9.710156e-02,1.042135e-02,7.814806e-03,9.051352e-03,9.035684e-02,9.790774e-02,2.855342e-02,1.003435e-02,3.332217e-02,4.910912e-02,3.399009e-01
1.664922e-01,1.660653e-02,3.439632e-02,9.076435e-03,1.292625e-01,1.304760e-02,8.213367e-03,1.889728e-02,8.222350e-02,1.106871e-01,2.312824e-02,1.123866e-02,5.941308e-02,3.809138e-02,2.792259e-01
1.911926e-01,1.452099e-02,2.724170e-02,1.096675e-02,1.289649e-01,1.956761e-02,8.834296e-03,2.982162e-02,7.357101e-02,1.116465e-01,2.320473e-02,2.094274e-02,9.047211e-02,2.999940e-02,2.190531e-01
1.634212e-01,1.568008e-02,3.317804e-02,9.467004e-03,1.198789e-01,2.184504e-02,8.877516e-03,4.176642e-02,6.920856e-02,9.074220e-02,2.073063e-02,3.547857e-02,1.505677e-01,2.489608e-02,1.942621e-01
1.379487e-01,1.564253e-02,4.253856e-02,8.206634e-03,1.281217e-01,2.250421e-02,1.069918e-02,7.805783e-02,6.363141e-02,8.713969e-02,1.775197e-02,3.322208e-02,1.717240e-01,1.939408e-02,1.634174e-01
1.237877e-01,1.388815e-02,1.055714e-01,8.315125e-03,1.105263e-01,2.095761e-02,1.334081e-02,1.418094e-01,5.397702e-02,6.722152e-02,1.315488e-02,2.748704e-02,1.593841e-01,1.463114e-02,1.259479e-01
1.314382e-01,1.174098e-02,9.850871e-02,2.174353e-02,8.954068e-02,1.752687e-02,1.331009e-02,1.720138e-01,4.598498e-02,5.633756e-02,1.049734e-02,2.039981e-02,2.029917e-01,1.104761e-02,9.691820e-02
1.038102e-01,9.340273e-03,8.815014e-02,3.820393e-02,8.512094e-02,1.629399e-02,1.455681e-02,1.487828e-01,3.691784e-02,6.178593e-02,1.186551e-02,1.616625e-02,2.533786e-01,8.633925e-03,1.069930e-01
7.830382e-02,7.877754e-03,8.150768e-02,3.745594e-02,8.091297e-02,1.375387e-02,1.519518e-02,1.741457e-01,3.075965e-02,6.986101e-02,1.959236e-02,1.347778e-02,2.420800e-01,8.810263e-03,1.262659e-01
5.643297e-02,5.856594e-03,6.594944e-02,3.059860e-02,6.424767e-02,1.004093e-02,1.339883e-02,2.730038e-01,2.325049e-02,7.604750e-02,1.957223e-02,1.060907e-02,2.120654e-01,7.591531e-03,1.313350e-01
4.333869e-02,4.740777e-03,5.112247e-02,2.983424e-02,4.793809e-02,1.094951e-02,1.079044e-02,1.967524e-01,1.812819e-02,6.160875e-02,2.532990e-02,1.750117e-02,3.575991e-01,6.585184e-03,1.177810e-01
3.151615e-02,3.407544e-03,3.621480e-02,2.236605e-02,3.442903e-02,9.201539e-03,7.960871e-03,1.402482e-01,1.390616e-02,4.988215e-02,2.506550e-02,2.222405e-02,4.838074e-01,5.649302e-03,1.141213e-01
2.270175e-02,2.459280e-03,2.573491e-02,1.747909e-02,2.599335e-02,7.448812e-03,5.796100e-03,1.038444e-01,1.114897e-02,5.162182e-02,3.651524e-02,2.699376e-02,4.938881e-01,4.564526e-03,1.638099e-01
1.891471e-02,2.529918e-03,2.815673e-02,1.290387e-02,2.305621e-02,5.684444e-03,4.620135e-03,7.567413e-02,1.208371e-02,4.148868e-02,3.273106e-02,2.710730e-02,4.729843e-01,3.595612e-03,2.384692e-01
1.383943e-02,1.810356e-03,2.473761e-02,1.040778e-02,1.855612e-02,4.297575e-03,5.116092e-03,6.784918e-02,8.827845e-03,3.366224e-02,2.751760e-02,2.167393e-02,3.913212e-01,2.756694e-03,3.676263e-01
1.108311e-02,1.349939e-03,1.943596e-02,7.741749e-03,1.515654e-02,3.781172e-03,4.165940e-03,4.886031e-02,6.783933e-03,3.437330e-02,2.268684e-02,1.758811e-02,3.200538e-01,2.083171e-03,4.848562e-01
8.447087e-03,1.148245e-03,1.577382e-02,6.122426e-03,1.310169e-02,3.588312e-03,4.038649e-03,3.772691e-02,5.700597e-03,1.694889e-01,1.986544e-02,2.198615e-02,2.380508e-01,1.886756e-03,4.530742e-01
6.612049e-03,9.333057e-04,1.222956e-02,4.972939e-03,1.216915e-02,4.165857e-03,4.015734e-03,2.991438e-02,4.716111e-03,2.915815e-01,1.790343e-02,2.627647e-02,1.899485e-01,1.621626e-03,3.929394e-01
5.825507e-03,7.370788e-04,8.732567e-03,4.159929e-03,1.121260e-02,5.842154e-03,3.164453e-03,2.289701e-02,3.966910e-03,4.105639e-01,1.625657e-02,2.693020e-02,1.683691e-01,2.096822e-03,3.092452e-01
4.724233e-03,6.090708e-04,6.240196e-03,4.043757e-03,1.257712e-02,6.911904e-03,2.912864e-03,1.851257e-02,3.743384e-03,4.324279e-01,2.172907e-02,3.090880e-02,1.861611e-01,5.540360e-03,2.629577e-01
4.155692e-03,7.052352e-04,4.556455e-03,4.048045e-03,2.265706e-02,6.119205e-03,2.806133e-03,2.143057e-02,7.584384e-03,4.331684e-01,2.684896e-02,5.112353e-02,1.870200e-01,2.600954e-02,2.017668e-01
4.061278e-03,6.519326e-04,3.391566e-03,4.194909e-03,7.393679e-02,4.472509e-03,4.195796e-03,7.120199e-02,1.207705e-02,3.902574e-01,3.305035e-02,4.379223e-02,1.713653e-01,2.318286e-02,1.601681e-01
4.291010e-03,5.057843e-04,2.715113e-03,3.272024e-03,1.886005e-01,3.322175e-03,7.890351e-03,1.384721e-01,1.013843e-02,2.963421e-01,3.184563e-02,3.214964e-02,1.458106e-01,1.793052e-02,1.167139e-01
1.339454e-02,1.231679e-03,5.206318e-03,4.637986e-03,2.955116e-01,5.620804e-03,4.164562e-02,1.499634e-01,8.851138e-03,2.169235e-01,2.510578e-02,2.698351e-02,1.075396e-01,1.427187e-02,8.311257e-02
1.847218e-02,2.062618e-03,9.697211e-03,5.618272e-03,4.078423e-01,5.986292e-03,6.662001e-02,1.329104e-01,6.904274e-03,1.580533e-01,1.933656e-02,1.949463e-02,7.780494e-02,1.024360e-02,5.895347e-02
1.996510e-02,2.684278e-03,2.040875e-02,1.282053e-02,4.390074e-01,5.208605e-03,5.561058e-02,1.712547e-01,6.692442e-03,1.199398e-01,1.645966e-02,1.513428e-02,6.069855e-02,7.766132e-03,4.634913e-02
2.796479e-02,3.714271e-03,3.627967e-02,2.845879e-02,4.786610e-01,4.499563e-03,4.646018e-02,1.599801e-01,7.167604e-03,8.479808e-02,1.588281e-02,1.214985e-02,5.466580e-02,5.671127e-03,3.364637e-02
3.211639e-02,3.460364e-03,4.759798e-02,3.432024e-02,5.382861e-01,4.806525e-03,3.583479e-02,1.278905e-01,6.350143e-03,5.961876e-02,1.559052e-02,1.047450e-02,5.556184e-02,4.043629e-03,2.404770e-02
4.246111e-02,4.178859e-03,4.113508e-02,4.377721e-02,4.947525e-01,2.765369e-02,3.530610e-02,9.895196e-02,8.185897e-03,4.208863e-02,2.534193e-02,1.116353e-02,1.019810e-01,2.938871e-03,2.008368e-02
4.185906e-02,4.840485e-03,3.342939e-02,4.741192e-02,4.318452e-01,5.005500e-02,2.949631e-02,7.607351e-02,9.988773e-03,2.960713e-02,2.487542e-02,1.480049e-02,1.881759e-01,2.221145e-03,1.532029e-02
4.147449e-02,3.640740e-03,2.351562e-02,3.487246e-02,3.280064e-01,6.686290e-02,2.449663e-02,5.925756e-02,1.872318e-02,2.081754e-02,2.373380e-02,2.143271e-02,3.200172e-01,1.622172e-03,1.152657e-02
2.952643e-02,2.649087e-03,1.656311e-02,2.448757e-02,2.317203e-01,5.333828e-02,1.739549e-02,4.156482e-02,1.416544e-02,1.460852e-02,1.689989e-02,1.951982e-02,5.082067e-01,1.180355e-03,8.174219e-03
2.108657e-02,1.933275e-03,1.163949e-02,1.719490e-02,1.646929e-01,4.020550e-02,1.224597e-02,2.913678e-02,1.358404e-02,1.029154e-02,1.208200e-02,1.847045e-02,6.407354e-01,8.698675e-04,5.831308e-03
1.596059e-02,1.665922e-03,8.491476e-03,1.262332e-02,1.279014e-01,4.477264e-02,9.124064e-03,2.066697e-02,1.381663e-02,7.315689e-03,9.114966e-03,2.774205e-02,6.957090e-01,6.653574e-04,4.429929e-03
1.226698e-02,2.275653e-03,7.514392e-03,9.019746e-03,1.017389e-01,4.677335e-02,7.045295e-03,1.505919e-02,1.297342e-02,5.455762e-03,6.834097e-03,2.886429e-02,7.396818e-01,7.192278e-04,3.777823e-03
9.084445e-03,1.965048e-03,5.544046e-03,7.561721e-03,7.313784e-02,5.765096e-02,5.519366e-03,1.300102e-02,1.063628e-02,7.223059e-03,1.120112e-02,4.231624e-02,7.500698e-01,1.186555e-03,3.902431e-03
6.566833e-03,1.531961e-03,7.010530e-03,5.883288e-03,9.270984e-02,4.074008e-02,4.739567e-03,1.289411e-02,1.259583e-02,9.895803e-03,1.054188e-02,3.467303e-02,7.542598e-01,8.814241e-04,5.075988e-03
5.089656e-03,1.455520e-03,6.600227e-03,6.988948e-03,7.316522e-02,3.014673e-02,3.532543e-03,1.713718e-02,1.272766e-02,2.242552e-02,1.576604e-02,3.430776e-02,7.641453e-01,7.889569e-04,5.722638e-03
4.216391e-03,1.496006e-03,6.836241e-03,6.324135e-03,6.432716e-02,2.230186e-02,2.609859e-03,1.636349e-02,1.378860e-02,4.935151e-02,3.519881e-02,3.755011e-02,7.289369e-01,1.150217e-03,9.548668e-03
3.405005e-03,1.326888e-03,5.555872e-03,6.248894e-03,5.140535e-02,1.659492e-02,1.889643e-03,1.651577e-02,1.907573e-02,1.051919e-01,7.387638e-02,3.741837e-02,6.457224e-01,2.241715e-03,1.353110e-02
2.649675e-03,1.437648e-03,5.220559e-03,4.912167e-03,3.896572e-02,1.189410e-02,1.401290e-03,1.599372e-02,7.396187e-02,1.556799e-01,8.680297e-02,3.954391e-02,5.364168e-01,3.567981e-03,2.155163e-02
2.701463e-03,1.674246e-03,6.699804e-03,4.971823e-03,2.784455e-02,9.120854e-03,1.048035e-03,1.486585e-02,6.214760e-02,2.340575e-01,9.037799e-02,4.183379e-02,4.130720e-01,3.076019e-03,8.650850e-02
2.597405e-03,1.034890e-02,9.017731e-03,5.230752e-03,2.461661e-02,6.650366e-03,7.941820e-04,1.249719e-02,1.190489e-01,2.466132e-01,8.956179e-02,4.007913e-02,3.078647e-01,2.820855e-03,1.222582e-01
2.258126e-03,1.941985e-02,8.219209e-03,5.860013e-03,1.784012e-02,5.407562e-03,5.782581e-04,1.084868e-02,3.184109e-01,1.792545e-01,6.569932e-02,2.962761e-02,2.177568e-01,2.118490e-03,1.167005e-01
2.533416e-03,2.335910e-02,6.829585e-03,1.652436e-02,1.337934e-02,8.374073e-03,4.381649e-04,1.120025e-02,4.598019e-01,1.334072e-01,4.829877e-02,2.170928e-02,1.541282e-01,1.619713e-03,9.839660e-02
3.987878e-03,2.207709e-02,6.029435e-03,3.612056e-02,1.414509e-02,1.096083e-02,4.364619e-04,1.164388e-02,5.201121e-01,1.037757e-01,3.904478e-02,1.659700e-02,1.108575e-01,1.437773e-03,1.027739e-01
6.165464e-03,1.893550e-02,6.277465e-03,1.293793e-01,1.561181e-02,1.016997e-02,4.672844e-04,2.446771e-02,4.913387e-01,8.317371e-02,3.549252e-02,1.293519e-02,8.088826e-02,1.572142e-03,8.312501e-02
8.434214e-03,1.623232e-02,5.835257e-03,9.466972e-02,1.589290e-02,1.269242e-02,5.537052e-04,3.478569e-02,5.806981e-01,6.378618e-02,2.883877e-02,9.680643e-03,5.813104e-02,1.600692e-03,6.816840e-02
2.458080e-02,2.126160e-02,6.082691e-03,8.582047e-02,3.176549e-02,1.273516e-02,1.258932e-03,5.824372e-02,5.466423e-01,5.766772e-02,2.618125e-02,7.837732e-03,4.279782e-02,2.245292e-03,7.487904e-02
3.105411e-02,3.692909e-02,2.713787e-02,8.536633e-02,4.779109e-02,1.040929e-02,1.604257e-03,1.127951e-01,4.803130e-01,4.255563e-02,2.042224e-02,6.119970e-03,3.108748e-02,2.074682e-03,6.433985e-02
5.857664e-02,4.360580e-02,2.361044e-02,6.591599e-02,6.069621e-02,1.118830e-02,1.615318e-03,1.247829e-01,4.628403e-01,3.521492e-02,1.678951e-02,5.919834e-03,2.327780e-02,4.117481e-03,6.184857e-02
5.947559e-02,4.210828e-02,2.906109e-02,5.257088e-02,5.400754e-02,9.864435e-03,1.369096e-03,1.599483e-01,4.072985e-01,3.783808e-02,1.545001e-02,5.047809e-03,1.803936e-02,9.170274e-03,9.875070e-02
7.661314e-02,3.815253e-02,2.701841e-02,4.021941e-02,5.192913e-02,9.271652e-03,1.118127e-03,1.238436e-01,3.629345e-01,4.275002e-02,1.478844e-02,4.731187e-03,1.492694e-02,1.645517e-02,1.752477e-01
9.416164e-02,5.479594e-02,3.445754e-02,3.025685e-02,5.914686e-02,1.616688e-02,1.238323e-03,9.309378e-02,3.004378e-01,4.314502e-02,1.420952e-02,3.868324e-03,1.178868e-02,2.913706e-02,2.140957e-01
9.476051e-02,8.904906e-02,4.186685e-02,2.322290e-02,5.393852e-02,2.206547e-02,1.315748e-03,6.948470e-02,2.742257e-01,4.577381e-02,1.089777e-02,2.918682e-03,1.045664e-02,3.540227e-02,2.246214e-01
9.464637e-02,1.186051e-01,3.916615e-02,1.757220e-02,4.386490e-02,2.243785e-02,1.391787e-03,5.596326e-02,2.399893e-01,3.788436e-02,9.159926e-03,2.258633e-03,9.824939e-03,8.340526e-02,2.238299e-01
9.223734e-02,1.495476e-01,4.225727e-02,1.465162e-02,3.607967e-02,1.813091e-02,2.422711e-03,5.158748e-02,1.996114e-01,3.554798e-02,9.043251e-03,1.820087e-03,9.349320e-03,1.187193e-01,2.189941e-01
1.015972e-01,1.319923e-01,8.671966e-02,1.574438e-02,3.984530e-02,1.580396e-02,3.861862e-03,5.256460e-02,1.542729e-01,3.023985e-02,7.501719e-03,1.586370e-03,7.382324e-03,1.521575e-01,1.987300e-01
1.357811e-01,1.070344e-01,1.399528e-01,2.843979e-02,4.295434e-02,1.888958e-02,4.731929e-03,5.394339e-02,1.147287e-01,2.836665e-02,7.177206e-03,2.992477e-03,7.356060e-03,1.386886e-01,1.689630e-01
1.974282e-01,9.579535e-02,1.233685e-01,2.624805e-02,3.863417e-02,1.788924e-02,4.192483e-03,5.104294e-02,9.133758e-02,2.941054e-02,7.585444e-03,4.833145e-03,7.532726e-03,1.379453e-01,1.667564e-01
