1.000000e+00,0.000000e+00,0.000000e+00,0.000000e+00,0.000000e+00,0.000000e+00,0.000000e+00,0.000000e+00,0.000000e+00,0.000000e+00,0.000000e+00,0.000000e+00,0.000000e+00,0.000000e+00,0.000000e+00
1.000000e+00,0.000000e+00,0.000000e+00,0.000000e+00,0.000000e+00,0.000000e+00,0.000000e+00,0.000000e+00,0.000000e+00,0.000000e+00,0.000000e+00,0.000000e+00,0.000000e+00,0.000000e+00,0.000000e+00
1.000000e+00,0.000000e+00,0.000000e+00,0.000000e+00,0.000000e+00,0.000000e+00,0.000000e+00,0.000000e+00,0.000000e+00,0.000000e+00,0.000000e+00,0.000000e+00,0.000000e+00,0.000000e+00,0.000000e+00
1.000000e+00,0.000000e+00,0.000000e+00,0.000000e+00,0.000000e+00,0.000000e+00,0.000000e+00,0.000000e+00,0.000000e+00,0.000000e+00,0.000000e+00,0.000000e+00,0.000000e+00,0.000000e+00,0.000000e+00
1.000000e+00,0.000000e+00,0.000000e+00,0.000000e+00,0.000000e+00,0.000000e+00,0.000000e+00,0.000000e+00,0.000000e+00,0.000000e+00,0.000000e+00,0.000000e+00,0.000000e+00,0.000000e+00,0.000000e+00
1.000000e+00,0.000000e+00,0.000000e+00,0.000000e+00,0.000000e+00,0.000000e+00,0.000000e+00,0.000000e+00,0.000000e+00,0.000000e+00,0.000000e+00,0.000000e+00,0.000000e+00,0.000000e+00,0.000000e+00
1.000000e+00,0.000000e+00,0.000000e+00,0.000000e+00,0.000000e+00,0.000000e+00,0.000000e+00,0.000000e+00,0.000000e+00,0.000000e+00,0.000000e+00,0.000000e+00,0.000000e+00,0.000000e+00,0.000000e+00
1.000000e+00,0.000000e+00,0.000000e+00,0.000000e+00,0.000000e+00,0.000000e+00,0.000000e+00,0.000000e+00,0.000000e+00,0.000000e+00,0.000000e+00,0.000000e+00,0.000000e+00,0.000000e+00,0.000000e+00
1.000000e+00,0.000000e+00,0.000000e+00,0.000000e+00,0.000000e+00,0.000000e+00,0.000000e+00,0.000000e+00,0.000000e+00,0.000000e+00,0.000000e+00,0.000000e+00,0.000000e+00,0.000000e+00,0.000000e+00
1.000000e+00,0.000000e+00,0.000000e+00,0.000000e+00,0.000000e+00,0.000000e+00,0.000000e+00,0.000000e+00,0.000000e+00,0.000000e+00,0.000000e+00,0.000000e+00,0.000000e+00,0.000000e+00,0.000000e+00
1.000000e+00,0.000000e+00,0.000000e+00,0.000000e+00,0.000000e+00,0.000000e+00,0.000000e+00,0.000000e+00,0.000000e+00,0.000000e+00,0.000000e+00,0.000000e+00,0.000000e+00,0.000000e+00,0.000000e+00
1.000000e+00,0.000000e+00,0.000000e+00,0.000000e+00,0.000000e+00,0.000000e+00,0.000000e+00,0.000000e+00,0.000000e+00,0.000000e+00,0.000000e+00,0.000000e+00,0.000000e+00,0.000000e+00,0.000000e+00
1.000000e+00,0.000000e+00,0.000000e+00,0.000000e+00,0.000000e+00,0.000000e+00,0.000000e+00,0.000000e+00,0.000000e+00,0.000000e+00,0.000000e+00,0.000000e+00,0.000000e+00,0.000000e+00,0.000000e+00
1.000000e+00,0.000000e+00,0.000000e+00,0.000000e+00,0.000000e+00,0.000000e+00,0.000000e+00,0.000000e+00,0.000000e+00,0.000000e+00,0.000000e+00,0.000000e+00,0.000000e+00,0.000000e+00,0.000000e+00
1.000000e+00,0.000000e+00,0.000000e+00,0.000000e+00,0.000000e+00,0.000000e+00,0.000000e+00,0.000000e+00,0.000000e+00,0.000000e+00,0.000000e+00,0.000000e+00,0.000000e+00,0.000000e+00,0.000000e+00
1.000000e+00,0.000000e+00,0.000000e+00,0.000000e+00,0.000000e+00,0.000000e+00,0.000000e+00,0.000000e+00,0.000000e+00,0.000000e+00,0.000000e+00,0.000000e+00,0.000000e+00,0.000000e+00,0.000000e+00
1.000000e+00,0.000000e+00,0.000000e+00,0.000000e+00,0.000000e+00,0.000000e+00,0.000000e+00,0.000000e+00,0.000000e+00,0.000000e+00,0.000000e+00,0.000000e+00,0.000000e+00,0.000000e+00,0.000000e+00
1.000000e+00,0.000000e+00,0.000000e+00,0.000000e+00,0.000000e+00,0.000000e+00,0.000000e+00,0.000000e+00,0.000000e+00,0.000000e+00,0.000000e+00,0.000000e+00,0.000000e+00,0.000000e+00,0.000000e+00
1.000000e+00,0.000000e+00,0.000000e+00,0.000000e+00,0.000000e+00,0.000000e+00,0.000000e+00,0.000000e+00,0.000000e+00,0.000000e+00,0.000000e+00,0.000000e+00,0.000000e+00,0.000000e+00,0.000000e+00
1.000000e+00,0.000000e+00,0.000000e+00,0.000000e+00,0.000000e+00,0.000000e+00,0.000000e+00,0.000000e+00,0.000000e+00,0.000000e+00,0.000000e+00,0.000000e+00,0.000000e+00,0.000000e+00,0.000000e+00
1.000000e+00,0.000000e+00,0.000000e+00,0.000000e+00,0.000000e+00,0.000000e+00,0.000000e+00,0.000000e+00,0.000000e+00,0.000000e+00,0.000000e+00,0.000000e+00,0.000000e+00,0.000000e+00,0.000000e+00
1.000000e+00,0.000000e+00,0.000000e+00,0.000000e+00,0.000000e+00,0.000000e+00,0.000000e+00,0.000000e+00,0.000000e+00,0.000000e+00,0.000000e+00,0.000000e+00,0.000000e+00,0.000000e+00,0.000000e+00
1.000000e+00,0.000000e+00,0.000000e+00,0.000000e+00,0.000000e+00,0.000000e+00,0.000000e+00,0.000000e+00,0.000000e+00,0.000000e+00,0.000000e+00,0.000000e+00,0.000000e+00,0.000000e+00,0.000000e+00
1.000000e+00,0.000000e+00,0.000000e+00,0.000000e+00,0.000000e+00,0.000000e+00,0.000000e+00,0.000000e+00,0.000000e+00,0.000000e+00,0.000000e+00,0.000000e+00,0.000000e+00,0.000000e+00,0.000000e+00
1.000000e+00,0.000000e+00,0.000000e+00,0.000000e+00,0.000000e+00,0.000000e+00,0.000000e+00,0.000000e+00,0.000000e+00,0.000000e+00,0.000000e+00,0.000000e+00,0.000000e+00,0.000000e+00,0.000000e+00
1.000000e+00,0.000000e+00,0.000000e+00,0.000000e+00,0.000000e+00,0.000000e+00,0.000000e+00,0.000000e+00,0.000000e+00,0.000000e+00,0.000000e+00,0.000000e+00,0.000000e+00,0.000000e+00,0.000000e+00
1.000000e+00,0.000000e+00,0.000000e+00,0.000000e+00,0.000000e+00,0.000000e+00,0.000000e+00,0.000000e+00,0.000000e+00,0.000000e+00,0.000000e+00,0.000000e+00,0.000000e+00,0.000000e+00,0.000000e+00
1.000000e+00,0.000000e+00,0.000000e+00,0.000000e+00,0.000000e+00,0.000000e+00,0.000000e+00,0.000000e+00,0.000000e+00,0.000000e+00,0.000000e+00,0.000000e+00,0.000000e+00,0.000000e+00,0.000000e+00
1.000000e+00,0.000000e+00,0.000000e+00,0.000000e+00,0.000000e+00,0.000000e+00,0.000000e+00,0.000000e+00,0.000000e+00,0.000000e+00,0.000000e+00,0.000000e+00,0.000000e+00,0.000000e+00,0.000000e+00
1.000000e+00,0.000000e+00,0.000000e+00,0.000000e+00,0.000000e+00,0.000000e+00,0.000000e+00,0.000000e+00,0.000000e+00,0.000000e+00,0.000000e+00,0.000000e+00,0.000000e+00,0.000000e+00,0.000000e+00
1.000000e+00,0.000000e+00,0.000000e+00,0.000000e+00,0.000000e+00,0.000000e+00,0.000000e+00,0.000000e+00,0.000000e+00,0.000000e+00,0.000000e+00,0.000000e+00,0.000000e+00,0.000000e+00,0.000000e+00
1.000000e+00,0.000000e+00,0.000000e+00,0.000000e+00,0.000000e+00,0.000000e+00,0.000000e+00,0.000000e+00,0.000000e+00,0.000000e+00,0.000000e+00,0.000000e+00,0.000000e+00,0.000000e+00,0.000000e+00
1.000000e+00,0.000000e+00,0.000000e+00,0.000000e+00,0.000000e+00,0.000000e+00,0.000000e+00,0.000000e+00,0.000000e+00,0.000000e+00,0.000000e+00,0.000000e+00,0.000000e+00,0.000000e+00,0.000000e+00
1.000000e+00,0.000000e+00,0.000000e+00,0.000000e+00,0.000000e+00,0.000000e+00,0.000000e+00,0.000000e+00,0.000000e+00,0.000000e+00,0.000000e+00,0.000000e+00,0.000000e+00,0.000000e+00,0.000000e+00
1.000000e+00,0.000000e+00,0.000000e+00,0.000000e+00,0.000000e+00,0.000000e+00,0.000000e+00,0.000000e+00,0.000000e+00,0.000000e+00,0.000000e+00,0.000000e+00,0.000000e+00,0.000000e+00,0.000000e+00
1.000000e+00,0.000000e+00,0.000000e+00,0.000000e+00,0.000000e+00,0.000000e+00,0.000000e+00,0.000000e+00,0.000000e+00,0.000000e+00,0.000000e+00,0.000000e+00,0.000000e+00,0.000000e+00,0.000000e+00
1.000000e+00,0.000000e+00,0.000000e+00,0.000000e+00,0.000000e+00,0.000000e+00,0.000000e+00,0.000000e+00,0.000000e+00,0.000000e+00,0.000000e+00,0.000000e+00,0.000000e+00,0.000000e+00,0.000000e+00
1.000000e+00,0.000000e+00,0.000000e+00,0.000000e+00,0.000000e+00,0.000000e+00,0.000000e+00,0.000000e+00,0.000000e+00,0.000000e+00,0.000000e+00,0.000000e+00,0.000000e+00,0.000000e+00,0.000000e+00
1.000000e+00,0.000000e+00,0.000000e+00,0.000000e+00,0.000000e+00,0.000000e+00,0.000000e+00,0.000000e+00,0.000000e+00,0.000000e+00,0.000000e+00,0.000000e+00,0.000000e+00,0.000000e+00,0.000000e+00
1.000000e+00,0.000000e+00,0.000000e+00,0.000000e+00,0.000000e+00,0.000000e+00,0.000000e+00,0.000000e+00,0.000000e+00,0.000000e+00,0.000000e+00,0.000000e+00,0.000000e+00,0.000000e+00,0.000000e+00
1.000000e+00,0.000000e+00,0.000000e+00,0.000000e+00,0.000000e+00,0.000000e+00,0.000000e+00,0.000000e+00,0.000000e+00,0.000000e+00,0.000000e+00,0.000000e+00,0.000000e+00,0.000000e+00,0.000000e+00
1.000000e+00,0.000000e+00,0.000000e+00,0.000000e+00,0.000000e+00,0.000000e+00,0.000000e+00,0.000000e+00,0.000000e+00,0.000000e+00,0.000000e+00,0.000000e+00,0.000000e+00,0.000000e+00,0.000000e+00
1.000000e+00,0.000000e+00,0.000000e+00,0.000000e+00,0.000000e+00,0.000000e+00,0.000000e+00,0.000000e+00,0.000000e+00,0.000000e+00,0.000000e+00,0.000000e+00,0.000000e+00,0.000000e+00,0.000000e+00
1.000000e+00,0.000000e+00,0.000000e+00,0.000000e+00,0.000000e+00,0.000000e+00,0.000000e+00,0.000000e+00,0.000000e+00,0.000000e+00,0.000000e+00,0.000000e+00,0.000000e+00,0.000000e+00,0.000000e+00
1.000000e+00,0.000000e+00,0.000000e+00,0.000000e+00,0.000000e+00,0.000000e+00,0.000000e+00,0.000000e+00,0.000000e+00,0.000000e+00,0.000000e+00,0.000000e+00,0.000000e+00,0.000000e+00,0.000000e+00
1.000000e+00,0.000000e+00,0.000000e+00,0.000000e+00,0.000000e+00,0.000000e+00,0.000000e+00,0.000000e+00,0.000000e+00,0.000000e+00,0.000000e+00,0.000000e+00,0.000000e+00,0.000000e+00,0.000000e+00
1.000000e+00,0.000000e+00,0.000000e+00,0.000000e+00,0.000000e+00,0.000000e+00,0.000000e+00,0.000000e+00,0.000000e+00,0.000000e+00,0.000000e+00,0.000000e+00,0.000000e+00,0.000000e+00,0.000000e+00
1.000000e+00,0.000000e+00,0.000000e+00,0.000000e+00,0.000000e+00,0.000000e+00,0.000000e+00,0.000000e+00,0.000000e+00,0.000000e+00,0.000000e+00,0.000000e+00,0.000000e+00,0.000000e+00,0.000000e+00
1.000000e+00,0.000000e+00,0.000000e+00,0.000000e+00,0.000000e+00,0.000000e+00,0.000000e+00,0.000000e+00,0.000000e+00,0.000000e+00,0.000000e+00,0.000000e+00,0.000000e+00,0.000000e+00,0.000000e+00
1.000000e+00,0.000000e+00,0.000000e+00,0.000000e+00,0.000000e+00,0.000000e+00,0.000000e+00,0.000000e+00,0.000000e+00,0.000000e+00,0.000000e+00,0.000000e+00,0.000000e+00,0.000000e+00,0.000000e+00
1.000000e+00,0.000000e+00,0.000000e+00,0.000000e+00,0.000000e+00,0.000000e+00,0.000000e+00,0.000000e+00,0.000000e+00,0.000000e+00,0.000000e+00,0.000000e+00,0.000000e+00,0.000000e+00,0.000000e+00
1.000000e+00,0.000000e+00,0.000000e+00,0.000000e+00,0.000000e+00,0.000000e+00,0.000000e+00,0.000000e+00,0.000000e+00,0.000000e+00,0.000000e+00,0.000000e+00,0.000000e+00,0.000000e+00,0.000000e+00
1.000000e+00,0.000000e+00,0.000000e+00,0.000000e+00,0.000000e+00,0.000000e+00,0.000000e+00,0.000000e+00,0.000000e+00,0.000000e+00,0.000000e+00,0.000000e+00,0.000000e+00,0.000000e+00,0.000000e+00
1.000000e+00,0.000000e+00,0.000000e+00,0.000000e+00,0.000000e+00,0.000000e+00,0.000000e+00,0.000000e+00,0.000000e+00,0.000000e+00,0.000000e+00,0.000000e+00,0.000000e+00,0.000000e+00,0.000000e+00
1.000000e+00,0.000000e+00,0.000000e+00,0.000000e+00,0.000000e+00,0.000000e+00,0.000000e+00,0.000000e+00,0.000000e+00,0.000000e+00,0.000000e+00,0.000000e+00,0.000000e+00,0.000000e+00,0.000000e+00
1.000000e+00,0.000000e+00,0.000000e+00,0.000000e+00,0.000000e+00,0.000000e+00,0.000000e+00,0.000000e+00,0.000000e+00,0.000000e+00,0.000000e+00,0.000000e+00,0.000000e+00,0.000000e+00,0.000000e+00
1.000000e+00,0.000000e+00,0.000000e+00,0.000000e+00,0.000000e+00,0.000000e+00,0.000000e+00,0.000000e+00,0.000000e+00,0.000000e+00,0.000000e+00,0.000000e+00,0.000000e+00,0.000000e+00,0.000000e+00
4.757211e-01,6.590988e-03,3.425340e-01,3.552612e-02,2.949855e-03,2.731553e-02,5.475783e-03,5.631332e-02,1.709144e-03,1.442434e-03,6.623326e-03,1.923958e-02,9.766595e-03,1.639645e-03,7.152526e-03
3.923446e-01,4.948275e-03,4.019532e-01,4.411317e-02,2.459552e-03,2.584945e-02,6.620656e-03,8.274497e-02,1.414276e-03,1.492516e-03,5.545849e-03,1.528852e-02,7.779500e-03,1.597525e-03,5.847917e-03
3.002208e-01,3.688871e-03,4.860460e-01,3.467737e-02,1.840783e-03,1.921650e-02,5.158913e-03,6.621025e-02,3.673205e-03,4.014755e-02,6.197837e-03,1.165578e-02,7.366901e-03,8.046988e-03,5.852354e-03
2.111574e-01,2.650904e-03,4.149582e-01,2.518036e-02,1.310404e-03,1.356862e-02,3.629614e-03,4.675938e-02,2.463646e-02,4.138193e-02,1.455175e-02,9.286002e-03,8.756715e-03,1.644363e-01,1.773604e-02
1.479929e-01,1.937072e-03,3.127471e-01,1.791181e-02,9.342685e-04,9.536193e-03,2.549441e-03,3.294976e-02,3.647002e-02,3.503038e-02,3.257170e-02,8.283436e-03,7.135645e-03,3.324663e-01,2.148408e-02
1.036529e-01,1.546816e-03,2.295764e-01,1.270487e-02,6.663401e-04,6.696957e-03,1.804045e-03,2.318940e-02,9.384626e-02,2.940621e-02,8.091079e-02,9.206865e-03,5.604773e-03,3.760007e-01,2.518675e-02
7.259474e-02,1.245058e-03,1.648944e-01,9.052284e-03,4.815111e-04,4.715341e-03,1.282004e-03,1.630939e-02,1.108542e-01,2.646059e-02,1.575618e-01,8.436486e-03,4.239122e-03,4.011957e-01,2.067739e-02
5.090408e-02,1.192059e-03,1.169910e-01,6.478384e-03,3.654559e-04,3.488154e-03,9.184725e-04,1.145964e-02,9.564955e-02,2.536788e-02,1.705107e-01,6.782944e-03,3.146258e-03,4.909651e-01,1.578036e-02
3.580344e-02,1.091103e-03,8.218908e-02,5.524615e-03,3.046632e-04,2.816205e-03,6.631109e-04,8.089119e-03,8.862309e-02,2.043643e-02,1.920876e-01,6.142259e-03,2.521295e-03,5.412758e-01,1.243225e-02
2.526104e-02,1.326765e-03,5.761307e-02,5.963833e-03,3.012514e-04,2.329108e-03,4.956290e-04,5.776937e-03,8.010562e-02,1.741710e-02,1.836699e-01,6.349721e-03,2.314946e-03,6.010194e-01,1.005568e-02
1.783104e-02,6.746164e-03,4.056970e-02,4.827177e-03,1.185469e-03,2.031524e-02,4.034833e-04,4.125392e-03,1.327899e-01,2.055320e-02,2.204121e-01,5.742113e-03,1.838043e-03,5.137470e-01,8.913962e-03
1.256187e-02,5.968640e-03,2.846505e-02,3.757705e-03,1.041710e-03,1.884764e-02,2.929069e-04,2.901829e-03,1.276549e-01,2.082990e-02,2.605716e-01,5.991782e-03,1.815462e-03,5.022699e-01,7.029062e-03
8.946090e-03,7.055722e-03,2.025413e-02,2.768659e-03,1.439475e-03,1.896723e-02,2.321009e-04,2.172690e-03,1.004502e-01,1.865654e-02,3.416608e-01,5.845067e-03,1.860590e-03,4.644701e-01,5.220689e-03
6.405051e-03,5.139335e-03,1.431182e-02,2.077800e-03,1.111795e-03,1.492280e-02,1.737840e-04,1.688021e-03,7.307199e-02,1.452551e-02,3.993827e-01,4.982143e-03,2.239762e-03,4.562154e-01,3.752086e-03
4.594396e-03,4.392314e-03,1.029045e-02,1.640617e-03,2.069159e-03,1.188762e-02,2.826071e-04,1.389158e-03,6.245955e-02,1.204643e-02,4.422004e-01,4.209056e-03,2.376621e-03,4.372481e-01,2.913604e-03
3.459220e-03,4.511097e-03,7.292984e-03,1.269772e-03,3.219573e-03,1.161226e-02,2.640777e-04,1.134039e-03,7.594271e-02,1.278456e-02,4.515190e-01,4.202235e-03,2.774896e-03,4.177596e-01,2.254071e-03
2.760688e-03,4.047394e-03,5.182355e-03,1.303145e-03,7.153736e-03,1.678817e-02,3.347470e-04,2.174199e-03,1.647993e-01,1.329341e-02,3.797754e-01,3.633563e-03,3.054046e-03,3.940002e-01,1.699711e-03
3.067707e-03,5.401308e-03,6.564089e-03,3.492945e-03,2.993917e-02,4.512168e-02,8.406038e-04,7.267532e-03,2.128744e-01,2.827274e-02,3.015038e-01,3.050764e-03,3.246589e-03,3.478929e-01,1.463898e-03
5.395955e-03,5.194196e-03,5.056430e-03,2.813346e-03,1.653128e-01,6.392693e-02,4.510989e-03,6.231666e-03,1.881402e-01,3.391190e-02,2.233008e-01,2.546030e-03,2.778631e-03,2.896992e-01,1.180956e-03
6.761848e-03,4.828859e-03,3.851259e-03,2.212696e-03,3.062435e-01,6.719508e-02,8.105094e-03,5.321232e-03,1.617273e-01,3.312778e-02,1.620660e-01,2.254084e-03,2.426732e-03,2.329118e-01,9.667560e-04
2.097660e-02,8.447457e-03,4.386991e-03,2.878217e-03,2.592480e-01,5.269016e-02,6.502805e-03,4.904967e-03,2.252574e-01,3.634717e-02,1.589008e-01,7.154526e-03,4.930384e-03,2.021689e-01,5.205751e-03
4.255593e-02,1.355451e-02,6.947225e-03,3.771806e-03,2.102592e-01,4.727548e-02,1.004167e-02,4.940585e-03,2.702227e-01,5.775475e-02,1.297401e-01,9.426058e-03,7.376926e-03,1.616040e-01,2.452900e-02
4.069886e-02,3.137200e-02,1.577071e-02,1.669217e-02,1.949183e-01,5.764958e-02,9.957799e-03,6.906532e-03,2.495590e-01,6.627856e-02,1.032717e-01,9.449173e-03,7.672180e-03,1.173789e-01,7.242458e-02
3.365041e-02,3.702166e-02,6.100984e-02,4.263945e-02,1.505566e-01,4.792837e-02,7.728464e-03,7.284542e-03,1.934615e-01,1.177473e-01,7.395694e-02,7.427507e-03,6.529812e-03,8.332426e-02,1.297334e-01
4.125450e-02,3.763856e-02,1.031927e-01,7.207289e-02,1.433371e-01,4.557169e-02,7.424314e-03,1.030041e-02,1.788222e-01,1.092915e-01,5.474404e-02,6.691520e-03,5.784723e-03,6.099386e-02,1.228800e-01
8.154832e-02,4.607124e-02,1.224056e-01,6.504229e-02,1.358953e-01,6.848841e-02,1.016705e-02,1.699684e-02,1.623697e-01,8.846362e-02,5.215551e-02,6.224634e-03,7.194885e-03,4.473646e-02,9.224010e-02
1.095349e-01,5.579044e-02,1.232963e-01,6.800671e-02,1.321663e-01,8.146597e-02,1.074162e-02,1.659833e-02,1.545467e-01,8.238353e-02,4.550342e-02,6.233615e-03,7.605546e-03,3.409846e-02,7.202817e-02
1.082495e-01,7.769305e-02,1.791642e-01,8.229126e-02,1.162601e-01,7.495271e-02,8.981081e-03,1.482064e-02,1.225660e-01,7.296518e-02,4.180521e-02,7.376610e-03,8.440079e-03,2.671502e-02,5.771933e-02
1.102666e-01,9.663334e-02,1.771745e-01,8.603743e-02,1.048392e-01,7.793119e-02,7.509022e-03,1.575679e-02,1.140752e-01,6.632590e-02,3.973843e-02,7.260544e-03,9.840528e-03,2.573496e-02,6.087637e-02
1.362765e-01,1.107057e-01,1.558113e-01,7.991248e-02,1.011723e-01,6.898145e-02,7.250063e-03,1.654475e-02,1.041062e-01,7.088259e-02,3.953540e-02,7.117731e-03,1.148323e-02,2.916439e-02,6.105610e-02
1.189914e-01,1.316151e-01,1.182286e-01,7.385068e-02,9.145296e-02,1.251181e-01,5.868614e-03,1.324993e-02,8.857329e-02,7.397182e-02,3.732945e-02,6.675637e-03,1.448175e-02,2.419379e-02,7.639883e-02
1.005538e-01,1.278249e-01,9.041851e-02,8.563420e-02,7.155202e-02,1.662764e-01,4.654733e-03,1.027582e-02,7.884630e-02,8.102442e-02,3.862472e-02,8.476467e-03,2.294863e-02,1.909355e-02,9.379551e-02
7.497799e-02,1.177762e-01,7.692555e-02,1.621244e-01,5.266947e-02,1.369393e-01,3.637337e-03,7.567204e-03,7.082831e-02,1.047938e-01,6.493501e-02,1.082387e-02,2.268599e-02,1.441807e-02,7.889734e-02
7.918729e-02,1.043799e-01,5.555086e-02,1.360484e-01,3.967559e-02,1.380526e-01,3.289225e-03,5.912939e-03,1.045029e-01,8.971915e-02,1.064255e-01,2.513580e-02,2.895666e-02,2.365386e-02,5.950926e-02
6.783345e-02,8.374860e-02,4.032602e-02,1.102874e-01,2.892881e-02,1.336961e-01,2.818774e-03,4.874388e-03,9.441386e-02,8.838631e-02,1.644621e-01,5.094766e-02,4.850411e-02,3.658026e-02,4.419214e-02
5.137239e-02,6.011260e-02,2.911329e-02,8.000386e-02,2.045007e-02,1.367867e-01,2.273038e-03,3.825990e-03,6.979619e-02,8.406210e-02,2.584366e-01,1.006363e-01,3.916048e-02,3.203080e-02,3.193957e-02
3.726269e-02,4.298516e-02,2.070522e-02,5.724258e-02,1.439084e-02,1.227312e-01,1.682740e-03,2.786594e-03,4.996282e-02,7.947028e-02,3.819192e-01,1.119816e-01,2.948119e-02,2.445886e-02,2.293899e-02
2.866456e-02,3.047417e-02,1.470209e-02,4.058964e-02,1.018755e-02,8.938397e-02,1.225008e-03,2.058486e-03,3.571947e-02,5.913368e-02,5.289067e-01,1.032132e-01,2.122486e-02,1.828470e-02,1.623189e-02
2.317907e-02,2.198805e-02,1.037470e-02,2.863193e-02,7.629755e-03,6.380685e-02,9.389805e-04,1.539044e-03,2.668324e-02,4.317634e-02,6.073671e-01,1.227519e-01,1.550434e-02,1.498564e-02,1.144310e-02
2.558690e-02,1.729118e-02,7.504193e-03,2.030502e-02,6.099883e-03,4.616748e-02,7.527908e-04,1.294967e-03,2.215713e-02,3.688593e-02,6.142659e-01,1.680142e-01,1.241239e-02,1.307237e-02,8.189751e-03
2.337444e-02,3.568560e-02,9.216480e-03,1.449176e-02,9.403083e-03,3.484892e-02,9.490311e-04,1.820054e-03,2.945616e-02,3.432520e-02,4.910591e-01,2.777068e-01,1.403880e-02,1.707817e-02,6.546355e-03
1.845229e-02,3.201306e-02,7.393260e-03,1.027668e-02,8.507632e-03,2.649244e-02,1.063848e-03,2.893887e-03,4.467814e-02,2.904160e-02,4.635735e-01,3.251555e-01,1.085924e-02,1.475508e-02,4.843832e-03
1.517329e-02,3.087260e-02,6.992118e-03,7.399984e-03,8.350086e-03,2.263347e-02,1.021596e-03,4.249074e-03,5.241929e-02,2.318007e-02,4.004560e-01,3.986267e-01,8.358736e-03,1.620518e-02,4.061782e-03
1.688918e-02,2.701604e-02,6.362377e-03,6.179278e-03,1.264801e-02,1.703726e-02,1.614069e-03,8.215664e-03,6.274745e-02,1.825627e-02,4.689729e-01,3.309531e-01,6.517553e-03,1.334542e-02,3.245370e-03
1.863444e-02,2.422233e-02,6.131440e-03,4.716676e-03,1.930964e-02,1.324160e-02,2.018219e-03,7.832446e-03,7.540729e-02,1.601397e-02,5.197955e-01,2.724552e-01,5.714765e-03,1.181715e-02,2.689274e-03
3.417308e-02,3.119330e-02,6.407879e-03,4.396558e-03,2.121122e-02,1.340649e-02,3.036492e-03,1.484821e-02,1.071738e-01,1.430066e-02,5.170800e-01,2.138289e-01,4.832712e-03,1.105936e-02,3.051275e-03
3.357989e-02,2.789937e-02,5.201621e-03,3.560655e-03,2.164844e-02,1.053643e-02,4.290861e-03,1.305909e-02,1.177424e-01,1.127309e-02,5.709554e-01,1.649155e-01,3.870479e-03,8.692412e-03,2.774369e-03
5.855704e-02,3.407594e-02,4.859185e-03,5.107395e-03,2.145842e-02,1.177097e-02,3.425676e-03,1.194821e-02,9.826101e-02,1.410097e-02,5.735761e-01,1.441491e-01,6.539170e-03,8.172831e-03,3.997968e-03
4.484686e-02,6.049474e-02,6.227300e-03,3.930687e-03,1.885264e-02,9.310842e-03,2.638436e-03,1.058796e-02,8.308768e-02,1.911191e-02,5.830213e-01,1.369459e-01,8.921498e-03,8.892924e-03,3.129247e-03
3.423341e-02,1.285897e-01,1.077398e-02,3.281129e-03,1.994501e-02,7.886739e-03,2.258030e-03,2.669961e-02,1.402188e-01,1.663494e-02,4.638749e-01,1.239464e-01,1.113678e-02,7.979065e-03,2.541487e-03
2.549908e-02,1.489427e-01,8.979764e-03,2.659667e-03,1.903865e-02,7.840824e-03,1.676241e-03,2.176572e-02,3.130879e-01,1.617638e-02,3.280361e-01,8.875941e-02,9.089289e-03,6.536719e-03,1.911622e-03
2.055234e-02,1.260823e-01,7.219754e-03,2.558122e-03,2.744041e-02,7.314093e-03,1.461655e-03,4.405556e-02,4.334898e-01,1.569889e-02,2.362855e-01,6.354430e-02,7.610542e-03,5.252259e-03,1.434484e-03
1.900077e-02,1.021790e-01,6.483299e-03,5.774583e-03,4.119740e-02,6.686689e-03,1.321956e-03,4.078643e-02,5.387120e-01,1.475265e-02,1.674897e-01,4.493325e-02,5.517306e-03,3.909551e-03,1.255553e-03
2.114151e-02,8.614888e-02,5.586420e-03,1.118022e-02,7.372804e-02,6.481441e-03,1.697219e-03,4.663149e-02,5.756882e-01,1.220817e-02,1.186184e-01,3.197103e-02,4.134977e-03,3.019524e-03,1.764438e-03
1.781624e-02,6.538095e-02,4.247083e-03,8.492613e-03,1.419424e-01,5.399676e-03,2.000329e-03,3.885503e-02,5.930421e-01,9.869584e-03,8.394041e-02,2.244909e-02,2.964322e-03,2.280058e-03,1.320108e-03
1.765584e-02,4.899621e-02,3.677372e-03,1.537931e-02,2.350498e-01,4.663895e-03,3.068284e-03,6.892116e-02,5.151795e-01,7.575503e-03,5.910701e-02,1.579138e-02,2.136214e-03,1.672737e-03,1.125781e-03
1.756443e-02,3.661204e-02,2.916360e-03,1.724614e-02,3.506379e-01,4.135904e-03,2.904390e-03,5.993345e-02,4.450515e-01,6.307974e-03,4.164069e-02,1.113720e-02,1.555861e-03,1.265364e-03,1.090843e-03
2.949354e-02,4.044292e-02,2.897339e-03,2.012881e-02,3.879469e-01,4.073790e-03,2.294628e-03,5.018789e-02,4.144648e-01,6.372733e-03,2.973940e-02,8.161306e-03,1.227921e-03,1.159104e-03,1.409053e-03
5.729645e-02,5.378756e-02,3.991055e-03,1.772046e-02,3.740047e-01,5.602017e-03,8.257062e-03,5.057726e-02,3.862208e-01,6.080964e-03,2.319167e-02,7.677337e-03,1.835437e-03,1.226337e-03,2.530993e-03
8.387843e-02,6.258230e-02,5.838300e-03,2.156297e-02,3.400614e-01,3.351311e-02,1.704838e-02,4.599159e-02,3.325155e-01,6.421253e-03,2.368964e-02,1.368032e-02,4.134180e-03,1.960648e-03,7.121952e-03
5.945595e-02,4.837902e-02,4.668472e-03,2.106741e-02,2.514290e-01,8.776248e-02,2.055767e-02,3.275793e-02,2.550922e-01,8.014125e-02,3.400908e-02,1.130890e-02,1.947498e-02,1.009286e-02,6.380284e-02
4.202170e-02,3.555218e-02,3.463052e-03,1.784164e-02,1.793122e-01,1.605242e-01,1.841175e-02,2.379662e-02,1.964724e-01,8.179432e-02,4.472492e-02,9.022458e-03,3.572382e-02,1.707944e-02,1.342593e-01
3.129109e-02,2.599405e-02,2.665376e-03,1.385641e-02,1.292796e-01,1.405364e-01,1.391959e-02,1.694547e-02,1.528085e-01,1.446841e-01,3.987819e-02,8.621145e-03,3.476571e-02,4.311521e-02,2.016392e-01
2.933335e-02,1.952596e-02,2.525063e-03,1.172627e-02,9.257392e-02,1.021494e-01,1.117546e-02,1.245428e-02,1.488258e-01,1.373353e-01,4.233601e-02,7.439616e-03,3.383431e-02,1.158174e-01,2.329478e-01
3.445356e-02,1.520664e-02,3.281313e-03,1.195509e-02,6.608628e-02,7.423064e-02,9.563131e-03,9.469153e-03,1.339118e-01,1.486311e-01,4.380682e-02,7.520926e-03,3.176712e-02,1.809251e-01,2.291914e-01
2.727653e-02,1.150719e-02,3.470685e-03,9.108773e-03,4.808258e-02,5.303103e-02,7.821837e-03,7.397419e-03,1.162901e-01,1.152999e-01,4.692455e-02,9.725057e-03,2.548718e-02,3.340232e-01,1.845540e-01
2.140201e-02,9.419285e-03,3.488353e-03,6.532017e-03,3.630228e-02,3.861840e-02,6.195719e-03,5.410474e-03,9.462142e-02,8.471574e-02,5.479879e-02,8.514149e-03,1.939851e-02,4.273011e-01,1.832817e-01
1.861603e-02,8.853868e-03,4.235980e-03,4.997352e-03,2.662480e-02,3.391352e-02,4.406669e-03,4.062840e-03,7.499200e-02,8.196504e-02,5.810272e-02,1.686940e-02,2.253928e-02,4.778926e-01,1.619279e-01
2.397704e-02,8.817221e-03,5.216382e-03,3.888434e-03,1.992166e-02,2.914570e-02,3.305921e-03,3.308020e-03,7.675491e-02,7.974610e-02,7.307112e-02,1.787522e-02,2.094023e-02,4.809210e-01,1.531110e-01
3.324011e-02,7.631641e-03,5.710844e-03,3.186353e-03,1.505201e-02,2.673516e-02,2.526413e-03,2.661378e-03,7.591271e-02,8.973510e-02,7.569475e-02,1.547933e-02,1.895130e-02,4.611883e-01,1.662946e-01
2.650900e-02,5.958215e-03,8.196553e-03,2.684956e-03,1.174008e-02,2.010185e-02,1.991005e-03,2.593534e-03,6.310111e-02,1.037102e-01,6.294013e-02,1.194789e-02,1.644809e-02,5.314342e-01,1.306431e-01
2.871614e-02,4.995991e-03,9.690633e-03,3.162690e-03,2.052145e-02,1.547887e-02,2.096405e-03,3.567414e-03,6.191736e-02,1.689244e-01,7.453319e-02,1.063526e-02,1.667274e-02,4.751578e-01,1.039297e-01
2.211149e-02,4.246555e-03,7.540214e-03,3.706802e-03,2.654592e-02,1.324547e-02,2.124050e-03,6.013276e-03,5.860697e-02,2.263417e-01,9.794681e-02,2.356407e-02,4.252132e-02,3.871303e-01,7.835508e-02
2.032894e-02,5.161515e-03,8.242822e-03,4.960313e-03,2.661573e-02,1.163779e-02,2.768620e-03,2.311310e-02,7.187234e-02,2.921355e-01,9.459315e-02,2.027253e-02,4.730730e-02,3.103489e-01,6.064145e-02
2.399844e-02,7.349715e-03,8.180220e-03,1.335686e-02,2.697478e-02,9.498973e-03,2.631297e-03,1.949682e-02,1.084881e-01,3.308193e-01,8.936238e-02,1.550687e-02,3.912899e-02,2.554170e-01,4.979026e-02
2.743585e-02,3.148981e-02,1.122352e-02,1.182229e-02,2.750320e-02,2.019781e-02,2.402112e-03,1.665376e-02,1.322132e-01,3.281982e-01,7.632203e-02,1.177675e-02,3.379349e-02,2.049802e-01,6.398778e-02
4.518352e-02,4.194498e-02,1.316470e-02,9.743091e-03,3.013037e-02,2.259088e-02,2.122513e-03,1.381651e-02,1.834691e-01,2.952377e-01,6.459910e-02,8.932391e-03,2.819281e-02,1.556578e-01,8.521438e-02
4.380120e-02,4.294346e-02,4.760713e-02,7.856099e-02,3.353607e-02,1.869617e-02,1.976522e-03,1.412559e-02,2.363487e-01,2.238321e-01,4.621039e-02,6.901095e-03,2.039106e-02,1.095390e-01,7.553051e-02
5.842652e-02,4.309677e-02,7.197005e-02,7.082126e-02,2.768865e-02,1.685074e-02,1.646212e-03,1.563777e-02,2.788610e-01,1.937189e-01,3.321009e-02,5.167625e-03,1.523336e-02,7.836049e-02,8.931050e-02
7.143474e-02,4.173081e-02,6.553867e-02,5.400755e-02,3.272681e-02,1.968833e-02,5.399719e-03,2.820627e-02,2.946033e-01,1.492763e-01,2.382205e-02,3.908724e-03,1.982266e-02,5.639585e-02,1.334382e-01
6.011629e-02,5.980447e-02,5.204889e-02,4.063893e-02,2.426166e-02,1.745984e-02,7.225751e-03,2.428169e-02,2.625336e-01,1.150568e-01,1.719269e-02,2.991337e-03,1.642707e-01,3.968310e-02,1.124343e-01
4.549598e-02,5.460058e-02,3.839487e-02,2.886559e-02,1.731526e-02,1.599690e-02,7.769833e-03,1.818307e-02,1.922638e-01,8.177564e-02,1.226900e-02,2.160934e-03,3.687083e-01,2.782670e-02,8.837356e-02
3.250526e-02,7.452144e-02,4.940769e-02,2.292907e-02,1.273128e-02,1.332503e-02,8.925121e-03,1.285490e-02,1.617618e-01,5.978232e-02,9.321581e-03,1.992774e-03,4.457964e-01,1.990537e-02,7.423993e-02
2.295642e-02,5.251499e-02,3.559743e-02,1.816632e-02,9.524139e-03,1.289032e-02,2.570106e-02,9.121585e-03,1.157954e-01,4.336915e-02,7.531949e-03,8.045588e-03,5.659758e-01,1.422211e-02,5.858780e-02
1.638912e-02,3.697545e-02,2.498609e-02,1.403143e-02,6.998106e-03,1.059117e-02,2.684586e-02,6.425398e-03,8.332702e-02,3.180654e-02,7.113111e-03,2.234411e-02,6.533509e-01,1.022312e-02,4.859251e-02
1.263742e-02,2.623122e-02,1.765208e-02,1.066751e-02,5.426779e-03,1.071214e-02,3.787458e-02,4.514606e-03,5.935566e-02,2.416657e-02,1.800546e-02,1.439009e-01,5.753593e-01,7.415313e-03,4.608044e-02
1.000962e-02,1.856348e-02,1.239406e-02,7.733447e-03,4.066905e-03,1.220785e-02,4.576408e-02,3.170441e-03,4.193411e-02,1.922647e-02,1.755960e-02,2.810490e-01,4.833531e-01,5.496471e-03,3.747132e-02
7.862823e-03,1.307048e-02,8.687527e-03,5.476894e-03,3.020105e-03,1.336914e-02,3.462053e-02,2.308343e-03,2.957054e-02,1.649294e-02,1.699751e-02,3.764930e-01,4.403118e-01,4.204562e-03,2.751374e-02
5.736578e-03,9.221783e-03,6.092180e-03,3.867622e-03,2.750235e-03,9.556524e-03,2.479717e-02,1.657535e-03,2.083140e-02,1.588334e-02,1.620142e-02,4.382946e-01,4.204113e-01,3.339499e-03,2.135878e-02
4.103910e-03,6.704716e-03,4.282606e-03,2.799266e-03,3.463262e-03,6.899007e-03,1.753055e-02,1.241214e-03,1.492835e-02,2.007035e-02,1.883569e-02,4.976647e-01,3.812591e-01,2.736975e-03,1.748024e-02
2.967370e-03,5.354417e-03,3.201430e-03,2.588187e-03,3.971939e-03,4.985178e-03,1.238863e-02,1.345049e-03,1.164837e-02,4.742718e-02,2.467032e-02,4.701792e-01,3.940838e-01,2.159930e-03,1.302895e-02
2.115063e-03,3.865476e-03,2.910097e-03,2.305442e-03,5.142708e-03,3.576370e-03,8.885538e-03,3.754599e-03,9.051739e-03,4.600612e-02,3.388382e-02,4.716817e-01,3.959877e-01,1.591214e-03,9.242438e-03
1.929917e-03,3.028048e-03,2.993805e-03,3.340497e-03,2.232884e-02,2.898309e-03,6.902038e-03,2.188453e-02,1.913768e-02,4.932096e-02,5.005995e-02,4.650206e-01,3.434271e-01,1.193223e-03,6.534494e-03
1.464435e-03,2.556440e-03,2.327797e-03,3.697889e-03,3.364807e-02,2.132356e-03,5.027848e-03,1.709626e-02,2.821604e-01,3.562490e-02,3.753170e-02,3.285989e-01,2.426579e-01,8.477159e-04,4.627418e-03
1.522328e-03,1.994597e-03,2.345199e-03,3.045340e-02,4.536643e-02,4.981998e-03,3.848763e-03,2.321826e-02,4.175691e-01,2.909285e-02,2.957643e-02,2.321137e-01,1.734080e-01,9.144582e-04,3.594456e-03
1.516973e-03,2.190063e-03,2.066547e-03,2.467694e-02,3.707022e-02,6.971568e-03,2.722815e-03,1.672410e-02,5.576734e-01,2.248540e-02,3.250255e-02,1.652974e-01,1.239941e-01,1.030934e-03,3.077057e-03
1.415930e-03,2.263846e-03,1.957302e-03,2.654768e-02,3.177264e-02,8.802215e-03,2.008857e-03,1.254588e-02,5.324408e-01,1.893950e-02,7.583036e-02,1.408591e-01,1.408125e-01,9.084112e-04,2.894887e-03
2.484873e-03,2.443011e-03,2.016766e-03,2.594302e-02,2.540955e-02,8.099159e-03,1.648840e-03,9.224281e-03,4.406378e-01,1.798483e-02,1.073159e-01,1.375389e-01,2.149320e-01,9.645931e-04,3.356558e-03
3.443180e-03,1.967135e-03,2.094528e-03,4.080845e-02,2.472584e-02,8.138921e-03,1.329628e-03,7.060036e-03,3.291147e-01,2.127609e-02,1.482406e-01,1.757489e-01,2.303875e-01,2.281073e-03,3.383539e-03
3.315773e-03,1.545889e-03,2.049654e-03,4.548900e-02,2.264075e-02,6.917248e-03,1.201763e-03,5.335815e-03,2.369763e-01,2.411265e-02,2.000721e-01,2.084878e-01,2.363135e-01,2.399442e-03,3.142396e-03
3.572171e-03,1.241716e-03,3.058910e-03,3.824949e-02,3.846157e-02,5.407632e-03,1.093032e-03,4.072774e-03,1.732432e-01,2.161751e-02,2.559139e-01,1.979351e-01,2.504382e-01,2.932370e-03,2.762451e-03
3.273247e-03,1.588300e-03,6.693843e-03,2.927644e-02,5.734707e-02,4.615449e-03,1.005415e-03,3.138319e-03,1.285929e-01,1.718647e-02,2.269047e-01,1.955989e-01,3.137593e-01,7.404350e-03,3.615414e-03
3.127044e-03,1.486199e-03,1.038926e-02,2.611891e-02,4.832123e-02,4.099257e-03,9.358111e-04,6.383120e-03,9.386539e-02,2.389786e-02,2.444170e-01,2.223359e-01,2.966761e-01,1.413928e-02,3.807653e-03
3.530476e-03,5.056442e-03,1.135243e-02,2.269988e-02,3.755434e-02,6.325081e-03,7.890413e-04,7.733296e-03,8.522993e-02,1.284351e-01,2.183525e-01,1.792455e-01,2.714424e-01,1.799972e-02,4.253994e-03
4.194110e-03,6.950495e-03,1.984070e-02,1.723640e-02,3.282695e-02,8.238457e-03,9.261697e-04,1.613665e-02,7.582960e-02,2.064594e-01,1.986435e-01,1.415451e-01,2.402879e-01,2.477583e-02,6.108751e-03
9.928694e-03,5.442039e-03,2.648947e-02,1.347774e-02,2.712218e-02,6.961808e-03,7.746351e-03,1.508795e-01,5.836582e-02,2.177849e-01,1.594441e-01,1.083208e-01,1.838287e-01,1.927633e-02,4.931719e-03
9.275770e-03,4.101052e-03,4.146890e-02,1.044247e-02,2.063999e-02,5.399191e-03,7.287350e-03,3.411074e-01,4.600978e-02,1.640979e-01,1.170073e-01,8.108944e-02,1.346454e-01,1.371871e-02,3.709387e-03
9.047054e-03,3.743416e-03,4.111991e-02,9.994181e-03,1.607968e-02,5.228919e-03,5.411375e-03,4.994757e-01,3.731808e-02,1.222244e-01,8.373373e-02,5.871302e-02,9.551148e-02,9.644011e-03,2.755007e-03
1.201514e-02,4.799590e-03,3.557394e-02,9.510865e-03,1.769369e-02,6.821036e-03,4.988408e-03,6.006444e-01,3.095615e-02,9.667401e-02,6.064758e-02,4.235044e-02,6.818663e-02,6.887198e-03,2.250937e-03
1.246921e-02,4.142439e-03,2.848575e-02,8.093761e-03,1.979132e-02,7.500798e-03,4.159217e-03,6.892813e-01,2.348049e-02,7.355253e-02,4.336005e-02,3.024305e-02,4.869134e-02,5.045299e-03,1.703349e-03
1.553099e-02,3.690721e-03,2.145342e-02,7.116520e-03,2.002462e-02,7.970964e-03,3.546119e-03,7.547283e-01,1.743191e-02,5.572576e-02,3.106014e-02,2.147964e-02,3.499183e-02,3.701529e-03,1.547451e-03
1.494310e-02,2.836902e-03,1.544078e-02,5.445697e-03,1.712856e-02,6.917381e-03,2.768030e-03,8.137424e-01,1.286140e-02,4.111240e-02,2.214409e-02,1.537207e-02,2.530484e-02,2.718059e-03,1.264317e-03
1.902054e-02,2.964899e-03,1.243040e-02,5.164060e-03,2.265579e-02,6.182494e-03,2.485918e-03,8.363634e-01,1.077539e-02,3.310933e-02,1.587613e-02,1.130732e-02,1.821393e-02,2.089184e-03,1.361292e-03
3.332542e-02,4.298772e-03,1.326244e-02,9.572473e-03,2.494548e-02,8.066416e-03,3.194688e-03,8.034521e-01,1.054142e-02,4.351021e-02,1.257540e-02,1.219348e-02,1.467716e-02,1.773303e-03,4.611239e-03
5.546165e-02,4.849800e-03,1.384783e-02,1.196731e-02,2.790662e-02,1.159058e-02,5.626100e-03,7.563416e-01,1.108502e-02,5.375250e-02,1.038181e-02,1.532696e-02,1.462767e-02,1.495268e-03,5.739415e-03
8.550896e-02,6.653264e-03,1.509885e-02,1.385891e-02,2.388456e-02,1.723616e-02,5.874820e-03,7.127396e-01,1.156313e-02,4.463780e-02,9.538261e-03,2.799883e-02,1.438051e-02,2.526436e-03,8.499997e-03
8.726387e-02,9.063235e-03,1.596541e-02,1.422627e-02,2.074981e-02,1.806248e-02,5.713590e-03,7.188938e-01,1.313947e-02,3.574494e-02,8.352197e-03,2.647935e-02,1.217549e-02,4.588664e-03,9.581478e-03
1.225447e-01,1.221033e-02,2.036356e-02,3.480248e-02,1.978411e-02,3.528864e-02,5.599424e-03,5.627445e-01,3.173627e-02,3.433163e-02,3.364651e-02,4.074717e-02,2.229725e-02,7.608102e-03,1.629544e-02
1.017976e-01,1.688518e-02,1.534721e-02,3.458167e-02,1.475206e-02,2.863677e-02,4.154542e-03,4.045209e-01,5.426061e-02,7.888503e-02,1.003322e-01,7.717104e-02,3.824522e-02,1.122828e-02,1.920168e-02
8.453763e-02,2.127959e-02,1.210066e-02,3.961592e-02,1.333262e-02,2.380784e-02,3.354568e-03,3.151850e-01,6.966552e-02,8.325738e-02,1.598293e-01,6.821524e-02,4.899442e-02,3.574517e-02,2.107918e-02
7.210727e-02,1.818545e-02,9.667638e-03,3.335340e-02,1.171172e-02,2.220866e-02,2.563714e-03,2.225363e-01,7.207630e-02,6.948435e-02,2.346378e-01,6.397649e-02,5.106571e-02,9.841438e-02,1.801081e-02
5.306699e-02,1.411208e-02,7.013245e-03,2.445571e-02,9.199107e-03,1.756413e-02,1.897004e-03,1.562163e-01,5.628676e-02,5.258192e-02,2.972328e-01,5.062669e-02,3.728247e-02,2.077999e-01,1.466496e-02
4.671705e-02,1.171957e-02,5.188080e-03,1.778084e-02,7.118070e-03,1.419124e-02,1.430662e-03,1.097338e-01,4.555615e-02,4.346143e-02,2.802872e-01,4.699951e-02,2.841655e-02,3.287762e-01,1.262366e-02
3.921526e-02,1.030175e-02,4.061742e-03,1.268470e-02,5.508652e-03,1.148690e-02,1.064749e-03,7.747509e-02,4.471240e-02,3.465366e-02,2.580899e-01,3.641567e-02,2.083304e-02,4.316230e-01,1.187351e-02
3.145518e-02,8.159773e-03,3.075011e-03,9.004808e-03,4.201531e-03,8.489703e-03,7.663327e-04,5.452234e-02,4.336186e-02,2.567628e-02,2.187596e-01,2.753679e-02,1.491307e-02,5.403217e-01,9.756120e-03
3.106953e-02,6.240431e-03,2.397548e-03,6.397928e-03,3.089624e-03,6.761638e-03,5.690040e-04,3.830045e-02,4.113515e-02,2.000221e-02,1.867792e-01,2.329108e-02,1.089193e-02,6.141819e-01,8.892318e-03
2.541325e-02,4.692929e-03,1.776175e-03,4.521215e-03,2.249493e-03,5.472829e-03,4.218802e-04,2.687089e-02,3.657011e-02,1.660373e-02,1.732008e-01,2.176556e-02,7.929895e-03,6.648768e-01,7.634389e-03
2.000650e-02,3.617738e-03,1.509178e-03,3.633890e-03,1.951722e-03,4.649971e-03,3.185196e-04,1.898764e-02,6.797893e-02,1.927179e-02,1.624237e-01,2.087484e-02,6.496891e-03,6.601871e-01,8.091629e-03
1.795746e-02,3.803819e-03,1.403791e-03,3.106372e-03,1.853045e-03,4.068285e-03,2.399465e-04,1.341433e-02,1.113999e-01,1.854345e-02,1.606361e-01,1.624437e-02,6.126948e-03,6.315777e-01,9.624450e-03
1.662224e-02,4.018465e-03,2.090746e-03,4.704607e-03,2.377214e-03,5.098051e-03,2.236022e-04,1.228198e-02,1.376192e-01,1.721423e-02,1.706049e-01,1.297897e-02,7.086334e-03,5.967610e-01,1.031845e-02
1.458159e-02,2.880265e-02,3.196545e-02,4.881138e-03,3.168707e-03,5.120413e-03,2.371482e-04,9.339777e-03,1.486052e-01,1.500359e-02,1.459336e-01,9.995638e-03,7.876538e-03,5.632738e-01,1.121481e-02
1.600808e-02,4.837945e-02,5.231130e-02,5.144909e-03,3.837462e-03,5.315206e-03,2.457003e-04,7.950420e-03,1.699238e-01,1.474911e-02,1.167601e-01,7.238764e-03,7.371747e-03,5.333490e-01,1.141499e-02
1.881853e-02,3.515925e-02,2.373743e-01,1.039292e-02,4.231131e-03,7.861166e-03,5.290299e-04,9.943434e-03,1.325345e-01,1.082090e-02,9.417216e-02,5.215046e-03,6.433900e-03,4.165783e-01,9.935477e-03
2.478676e-02,3.210790e-02,3.677988e-01,1.444526e-02,5.232002e-03,1.263800e-02,4.358684e-04,7.960907e-03,1.298601e-01,8.473602e-03,7.066642e-02,3.831544e-03,4.789679e-03,3.052802e-01,1.169291e-02
2.189424e-02,2.578040e-02,5.188978e-01,2.173796e-02,4.693398e-03,1.006627e-02,3.200140e-04,6.040653e-03,1.006539e-01,6.187546e-03,5.003154e-02,2.718019e-03,3.422267e-03,2.180754e-01,9.480488e-03
2.786755e-02,2.049285e-02,6.115692e-01,2.351150e-02,1.188825e-02,8.920140e-03,3.687225e-04,5.542029e-03,7.573763e-02,4.469737e-03,3.578892e-02,1.969724e-03,2.506705e-03,1.606287e-01,8.738333e-03
3.722159e-02,2.027369e-02,6.488100e-01,2.412052e-02,2.858634e-02,7.378651e-03,4.041995e-04,6.041710e-03,6.447709e-02,3.602457e-03,2.577098e-02,1.515382e-03,1.922928e-03,1.194783e-01,1.039608e-02
5.705681e-02,4.501102e-02,5.624626e-01,4.022667e-02,4.818138e-02,6.994905e-03,4.581586e-04,3.013878e-02,7.467717e-02,4.270636e-03,1.990429e-02,1.660992e-03,2.555534e-03,8.534248e-02,2.105855e-02
7.772908e-02,5.308343e-02,5.251186e-01,3.495685e-02,6.511095e-02,7.496491e-03,6.012079e-04,3.575989e-02,8.450575e-02,5.866679e-03,1.644106e-02,2.409209e-03,2.732193e-03,6.559990e-02,2.258866e-02
9.139060e-02,4.613737e-02,4.949929e-01,3.032055e-02,7.503694e-02,6.557669e-03,7.223663e-04,3.485361e-02,1.062402e-01,6.108430e-03,1.348816e-02,2.764007e-03,2.611558e-03,6.498580e-02,2.378983e-02
1.169192e-01,6.034835e-02,4.254333e-01,2.455385e-02,7.880372e-02,5.623306e-03,9.021094e-04,4.242330e-02,1.242803e-01,5.764933e-03,1.064549e-02,2.454942e-03,3.080904e-03,7.834435e-02,2.042187e-02
1.466768e-01,5.463637e-02,3.446253e-01,2.028814e-02,1.103861e-01,5.185885e-03,9.750499e-04,4.872162e-02,1.480438e-01,5.915435e-03,8.413606e-03,2.750998e-03,3.129095e-03,8.173209e-02,1.851976e-02
1.173346e-01,2.000972e-01,2.554499e-01,6.869734e-02,7.875814e-02,4.697307e-03,8.692264e-04,3.459807e-02,1.108748e-01,7.189880e-03,1.840067e-02,1.439444e-02,6.256028e-03,5.772625e-02,2.465601e-02
1.650794e-01,1.576113e-01,1.842304e-01,7.712253e-02,5.678237e-02,6.716251e-03,9.098669e-04,2.622383e-02,9.386988e-02,1.631930e-02,5.866645e-02,3.037885e-02,5.123939e-02,4.486560e-02,2.998450e-02
2.637138e-01,1.216006e-01,1.339388e-01,6.695276e-02,4.136347e-02,6.630197e-03,1.074532e-03,1.980578e-02,9.353237e-02,3.704755e-02,6.423756e-02,3.301130e-02,5.372528e-02,3.642786e-02,2.693812e-02
3.099357e-01,1.001748e-01,9.558858e-02,6.402780e-02,3.176948e-02,7.451002e-03,1.140516e-03,1.663251e-02,8.332822e-02,3.819819e-02,7.593439e-02,3.931821e-02,7.046290e-02,3.660725e-02,2.943047e-02
3.652829e-01,7.590707e-02,6.863319e-02,5.922242e-02,2.546432e-02,7.979922e-03,1.497108e-03,1.414467e-02,7.033681e-02,4.796115e-02,8.250275e-02,4.384091e-02,7.154137e-02,3.288859e-02,3.279685e-02
