1.000000e+00,0.000000e+00,0.000000e+00,0.000000e+00,0.000000e+00,0.000000e+00,0.000000e+00,0.000000e+00,0.000000e+00,0.000000e+00,0.000000e+00,0.000000e+00,0.000000e+00,0.000000e+00,0.000000e+00
1.000000e+00,0.000000e+00,0.000000e+00,0.000000e+00,0.000000e+00,0.000000e+00,0.000000e+00,0.000000e+00,0.000000e+00,0.000000e+00,0.000000e+00,0.000000e+00,0.000000e+00,0.000000e+00,0.000000e+00
1.000000e+00,0.000000e+00,0.000000e+00,0.000000e+00,0.000000e+00,0.000000e+00,0.000000e+00,0.000000e+00,0.000000e+00,0.000000e+00,0.000000e+00,0.000000e+00,0.000000e+00,0.000000e+00,0.000000e+00
1.000000e+00,0.000000e+00,0.000000e+00,0.000000e+00,0.000000e+00,0.000000e+00,0.000000e+00,0.000000e+00,0.000000e+00,0.000000e+00,0.000000e+00,0.000000e+00,0.000000e+00,0.000000e+00,0.000000e+00
1.000000e+00,0.000000e+00,0.000000e+00,0.000000e+00,0.000000e+00,0.000000e+00,0.000000e+00,0.000000e+00,0.000000e+00,0.000000e+00,0.000000e+00,0.000000e+00,0.000000e+00,0.000000e+00,0.000000e+00
1.000000e+00,0.000000e+00,0.000000e+00,0.000000e+00,0.000000e+00,0.000000e+00,0.000000e+00,0.000000e+00,0.000000e+00,0.000000e+00,0.000000e+00,0.000000e+00,0.000000e+00,0.000000e+00,0.000000e+00
1.000000e+00,0.000000e+00,0.000000e+00,0.000000e+00,0.000000e+00,0.000000e+00,0.000000e+00,0.000000e+00,0.000000e+00,0.000000e+00,0.000000e+00,0.000000e+00,0.000000e+00,0.000000e+00,0.000000e+00
1.000000e+00,0.000000e+00,0.000000e+00,0.000000e+00,0.000000e+00,0.000000e+00,0.000000e+00,0.000000e+00,0.000000e+00,0.000000e+00,0.000000e+00,0.000000e+00,0.000000e+00,0.000000e+00,0.000000e+00
1.000000e+00,0.000000e+00,0.000000e+00,0.000000e+00,0.000000e+00,0.000000e+00,0.000000e+00,0.000000e+00,0.000000e+00,0.000000e+00,0.000000e+00,0.000000e+00,0.000000e+00,0.000000e+00,0.000000e+00
1.000000e+00,0.000000e+00,0.000000e+00,0.000000e+00,0.000000e+00,0.000000e+00,0.000000e+00,0.000000e+00,0.000000e+00,0.000000e+00,0.000000e+00,0.000000e+00,0.000000e+00,0.000000e+00,0.000000e+00
1.000000e+00,0.000000e+00,0.000000e+00,0.000000e+00,0.000000e+00,0.000000e+00,0.000000e+00,0.000000e+00,0.000000e+00,0.000000e+00,0.000000e+00,0.000000e+00,0.000000e+00,0.000000e+00,0.000000e+00
1.000000e+00,0.000000e+00,0.000000e+00,0.000000e+00,0.000000e+00,0.000000e+00,0.000000e+00,0.000000e+00,0.000000e+00,0.000000e+00,0.000000e+00,0.000000e+00,0.000000e+00,0.000000e+00,0.000000e+00
1.000000e+00,0.000000e+00,0.000000e+00,0.000000e+00,0.000000e+00,0.000000e+00,0.000000e+00,0.000000e+00,0.000000e+00,0.000000e+00,0.000000e+00,0.000000e+00,0.000000e+00,0.000000e+00,0.000000e+00
1.000000e+00,0.000000e+00,0.000000e+00,0.000000e+00,0.000000e+00,0.000000e+00,0.000000e+00,0.000000e+00,0.000000e+00,0.000000e+00,0.000000e+00,0.000000e+00,0.000000e+00,0.000000e+00,0.000000e+00
1.000000e+00,0.000000e+00,0.000000e+00,0.000000e+00,0.000000e+00,0.000000e+00,0.000000e+00,0.000000e+00,0.000000e+00,0.000000e+00,0.000000e+00,0.000000e+00,0.000000e+00,0.000000e+00,0.000000e+00
1.000000e+00,0.000000e+00,0.000000e+00,0.000000e+00,0.000000e+00,0.000000e+00,0.000000e+00,0.000000e+00,0.000000e+00,0.000000e+00,0.000000e+00,0.000000e+00,0.000000e+00,0.000000e+00,0.000000e+00
1.000000e+00,0.000000e+00,0.000000e+00,0.000000e+00,0.000000e+00,0.000000e+00,0.000000e+00,0.000000e+00,0.000000e+00,0.000000e+00,0.000000e+00,0.000000e+00,0.000000e+00,0.000000e+00,0.000000e+00
1.000000e+00,0.000000e+00,0.000000e+00,0.000000e+00,0.000000e+00,0.000000e+00,0.000000e+00,0.000000e+00,0.000000e+00,0.000000e+00,0.000000e+00,0.000000e+00,0.000000e+00,0.000000e+00,0.000000e+00
1.000000e+00,0.000000e+00,0.000000e+00,0.000000e+00,0.000000e+00,0.000000e+00,0.000000e+00,0.000000e+00,0.000000e+00,0.000000e+00,0.000000e+00,0.000000e+00,0.000000e+00,0.000000e+00,0.000000e+00
1.000000e+00,0.000000e+00,0.000000e+00,0.000000e+00,0.000000e+00,0.000000e+00,0.000000e+00,0.000000e+00,0.000000e+00,0.000000e+00,0.000000e+00,0.000000e+00,0.000000e+00,0.000000e+00,0.000000e+00
1.000000e+00,0.000000e+00,0.000000e+00,0.000000e+00,0.000000e+00,0.000000e+00,0.000000e+00,0.000000e+00,0.000000e+00,0.000000e+00,0.000000e+00,0.000000e+00,0.000000e+00,0.000000e+00,0.000000e+00
1.000000e+00,0.000000e+00,0.000000e+00,0.000000e+00,0.000000e+00,0.000000e+00,0.000000e+00,0.000000e+00,0.000000e+00,0.000000e+00,0.000000e+00,0.000000e+00,0.000000e+00,0.000000e+00,0.000000e+00
1.000000e+00,0.000000e+00,0.000000e+00,0.000000e+00,0.000000e+00,0.000000e+00,0.000000e+00,0.000000e+00,0.000000e+00,0.000000e+00,0.000000e+00,0.000000e+00,0.000000e+00,0.000000e+00,0.000000e+00
1.000000e+00,0.000000e+00,0.000000e+00,0.000000e+00,0.000000e+00,0.000000e+00,0.000000e+00,0.000000e+00,0.000000e+00,0.000000e+00,0.000000e+00,0.000000e+00,0.000000e+00,0.000000e+00,0.000000e+00
1.000000e+00,0.000000e+00,0.000000e+00,0.000000e+00,0.000000e+00,0.000000e+00,0.000000e+00,0.000000e+00,0.000000e+00,0.000000e+00,0.000000e+00,0.000000e+00,0.000000e+00,0.000000e+00,0.000000e+00
1.000000e+00,0.000000e+00,0.000000e+00,0.000000e+00,0.000000e+00,0.000000e+00,0.000000e+00,0.000000e+00,0.000000e+00,0.000000e+00,0.000000e+00,0.000000e+00,0.000000e+00,0.000000e+00,0.000000e+00
1.000000e+00,0.000000e+00,0.000000e+00,0.000000e+00,0.000000e+00,0.000000e+00,0.000000e+00,0.000000e+00,0.000000e+00,0.000000e+00,0.000000e+00,0.000000e+00,0.000000e+00,0.000000e+00,0.000000e+00
1.000000e+00,0.000000e+00,0.000000e+00,0.000000e+00,0.000000e+00,0.000000e+00,0.000000e+00,0.000000e+00,0.000000e+00,0.000000e+00,0.000000e+00,0.000000e+00,0.000000e+00,0.000000e+00,0.000000e+00
1.000000e+00,0.000000e+00,0.000000e+00,0.000000e+00,0.000000e+00,0.000000e+00,0.000000e+00,0.000000e+00,0.000000e+00,0.000000e+00,0.000000e+00,0.000000e+00,0.000000e+00,0.000000e+00,0.000000e+00
1.000000e+00,0.000000e+00,0.000000e+00,0.000000e+00,0.000000e+00,0.000000e+00,0.000000e+00,0.000000e+00,0.000000e+00,0.000000e+00,0.000000e+00,0.000000e+00,0.000000e+00,0.000000e+00,0.000000e+00
1.000000e+00,0.000000e+00,0.000000e+00,0.000000e+00,0.000000e+00,0.000000e+00,0.000000e+00,0.000000e+00,0.000000e+00,0.000000e+00,0.000000e+00,0.000000e+00,0.000000e+00,0.000000e+00,0.000000e+00
1.000000e+00,0.000000e+00,0.000000e+00,0.000000e+00,0.000000e+00,0.000000e+00,0.000000e+00,0.000000e+00,0.000000e+00,0.000000e+00,0.000000e+00,0.000000e+00,0.000000e+00,0.000000e+00,0.000000e+00
1.000000e+00,0.000000e+00,0.000000e+00,0.000000e+00,0.000000e+00,0.000000e+00,0.000000e+00,0.000000e+00,0.000000e+00,0.000000e+00,0.000000e+00,0.000000e+00,0.000000e+00,0.000000e+00,0.000000e+00
1.000000e+00,0.000000e+00,0.000000e+00,0.000000e+00,0.000000e+00,0.000000e+00,0.000000e+00,0.000000e+00,0.000000e+00,0.000000e+00,0.000000e+00,0.000000e+00,0.000000e+00,0.000000e+00,0.000000e+00
1.000000e+00,0.000000e+00,0.000000e+00,0.000000e+00,0.000000e+00,0.000000e+00,0.000000e+00,0.000000e+00,0.000000e+00,0.000000e+00,0.000000e+00,0.000000e+00,0.000000e+00,0.000000e+00,0.000000e+00
1.000000e+00,0.000000e+00,0.000000e+00,0.000000e+00,0.000000e+00,0.000000e+00,0.000000e+00,0.000000e+00,0.000000e+00,0.000000e+00,0.000000e+00,0.000000e+00,0.000000e+00,0.000000e+00,0.000000e+00
1.000000e+00,0.000000e+00,0.000000e+00,0.000000e+00,0.000000e+00,0.000000e+00,0.000000e+00,0.000000e+00,0.000000e+00,0.000000e+00,0.000000e+00,0.000000e+00,0.000000e+00,0.000000e+00,0.000000e+00
1.000000e+00,0.000000e+00,0.000000e+00,0.000000e+00,0.000000e+00,0.000000e+00,0.000000e+00,0.000000e+00,0.000000e+00,0.000000e+00,0.000000e+00,0.000000e+00,0.000000e+00,0.000000e+00,0.000000e+00
1.000000e+00,0.000000e+00,0.000000e+00,0.000000e+00,0.000000e+00,0.000000e+00,0.000000e+00,0.000000e+00,0.000000e+00,0.000000e+00,0.000000e+00,0.000000e+00,0.000000e+00,0.000000e+00,0.000000e+00
1.000000e+00,0.000000e+00,0.000000e+00,0.000000e+00,0.000000e+00,0.000000e+00,0.000000e+00,0.000000e+00,0.000000e+00,0.000000e+00,0.000000e+00,0.000000e+00,0.000000e+00,0.000000e+00,0.000000e+00
1.000000e+00,0.000000e+00,0.000000e+00,0.000000e+00,0.000000e+00,0.000000e+00,0.000000e+00,0.000000e+00,0.000000e+00,0.000000e+00,0.000000e+00,0.000000e+00,0.000000e+00,0.000000e+00,0.000000e+00
1.000000e+00,0.000000e+00,0.000000e+00,0.000000e+00,0.000000e+00,0.000000e+00,0.000000e+00,0.000000e+00,0.000000e+00,0.000000e+00,0.000000e+00,0.000000e+00,0.000000e+00,0.000000e+00,0.000000e+00
1.000000e+00,0.000000e+00,0.000000e+00,0.000000e+00,0.000000e+00,0.000000e+00,0.000000e+00,0.000000e+00,0.000000e+00,0.000000e+00,0.000000e+00,0.000000e+00,0.000000e+00,0.000000e+00,0.000000e+00
1.000000e+00,0.000000e+00,0.000000e+00,0.000000e+00,0.000000e+00,0.000000e+00,0.000000e+00,0.000000e+00,0.000000e+00,0.000000e+00,0.000000e+00,0.000000e+00,0.000000e+00,0.000000e+00,0.000000e+00
1.000000e+00,0.000000e+00,0.000000e+00,0.000000e+00,0.000000e+00,0.000000e+00,0.000000e+00,0.000000e+00,0.000000e+00,0.000000e+00,0.000000e+00,0.000000e+00,0.000000e+00,0.000000e+00,0.000000e+00
1.000000e+00,0.000000e+00,0.000000e+00,0.000000e+00,0.000000e+00,0.000000e+00,0.000000e+00,0.000000e+00,0.000000e+00,0.000000e+00,0.000000e+00,0.000000e+00,0.000000e+00,0.000000e+00,0.000000e+00
1.000000e+00,0.000000e+00,0.000000e+00,0.000000e+00,0.000000e+00,0.000000e+00,0.000000e+00,0.000000e+00,0.000000e+00,0.000000e+00,0.000000e+00,0.000000e+00,0.000000e+00,0.000000e+00,0.000000e+00
1.000000e+00,0.000000e+00,0.000000e+00,0.000000e+00,0.000000e+00,0.000000e+00,0.000000e+00,0.000000e+00,0.000000e+00,0.000000e+00,0.000000e+00,0.000000e+00,0.000000e+00,0.000000e+00,0.000000e+00
1.000000e+00,0.000000e+00,0.000000e+00,0.000000e+00,0.000000e+00,0.000000e+00,0.000000e+00,0.000000e+00,0.000000e+00,0.000000e+00,0.000000e+00,0.000000e+00,0.000000e+00,0.000000e+00,0.000000e+00
1.000000e+00,0.000000e+00,0.000000e+00,0.000000e+00,0.000000e+00,0.000000e+00,0.000000e+00,0.000000e+00,0.000000e+00,0.000000e+00,0.000000e+00,0.000000e+00,0.000000e+00,0.000000e+00,0.000000e+00
1.000000e+00,0.000000e+00,0.000000e+00,0.000000e+00,0.000000e+00,0.000000e+00,0.000000e+00,0.000000e+00,0.000000e+00,0.000000e+00,0.000000e+00,0.000000e+00,0.000000e+00,0.000000e+00,0.000000e+00
1.000000e+00,0.000000e+00,0.000000e+00,0.000000e+00,0.000000e+00,0.000000e+00,0.000000e+00,0.000000e+00,0.000000e+00,0.000000e+00,0.000000e+00,0.000000e+00,0.000000e+00,0.000000e+00,0.000000e+00
1.000000e+00,0.000000e+00,0.000000e+00,0.000000e+00,0.000000e+00,0.000000e+00,0.000000e+00,0.000000e+00,0.000000e+00,0.000000e+00,0.000000e+00,0.000000e+00,0.000000e+00,0.000000e+00,0.000000e+00
1.000000e+00,0.000000e+00,0.000000e+00,0.000000e+00,0.000000e+00,0.000000e+00,0.000000e+00,0.000000e+00,0.000000e+00,0.000000e+00,0.000000e+00,0.000000e+00,0.000000e+00,0.000000e+00,0.000000e+00
1.000000e+00,0.000000e+00,0.000000e+00,0.000000e+00,0.000000e+00,0.000000e+00,0.000000e+00,0.000000e+00,0.000000e+00,0.000000e+00,0.000000e+00,0.000000e+00,0.000000e+00,0.000000e+00,0.000000e+00
1.000000e+00,0.000000e+00,0.000000e+00,0.000000e+00,0.000000e+00,0.000000e+00,0.000000e+00,0.000000e+00,0.000000e+00,0.000000e+00,0.000000e+00,0.000000e+00,0.000000e+00,0.000000e+00,0.000000e+00
4.899336e-01,2.875045e-03,1.192616e-02,9.080428e-03,3.506175e-03,2.850672e-02,1.978485e-02,4.001604e-01,1.148479e-03,4.305292e-04,2.905396e-03,1.388837e-02,1.098216e-02,1.021804e-03,3.849874e-03
3.757319e-01,2.594334e-03,1.348607e-02,7.057747e-03,4.522771e-03,4.080064e-02,6.518669e-02,4.597070e-01,9.093930e-04,4.248411e-04,2.323402e-03,1.070233e-02,1.218339e-02,1.097411e-03,3.272166e-03
2.766123e-01,2.230670e-03,1.402683e-02,5.458967e-03,4.295406e-03,3.876420e-02,2.005477e-01,4.308665e-01,7.171230e-04,3.911391e-04,1.714215e-03,7.754297e-03,1.311684e-02,9.265197e-04,2.577362e-03
1.987177e-01,1.751390e-03,1.332629e-02,6.407632e-03,6.569402e-03,3.075516e-02,2.318186e-01,4.863759e-01,5.619252e-04,4.770720e-04,1.270570e-03,5.642638e-03,1.356760e-02,7.882469e-04,1.969930e-03
1.428600e-01,1.523108e-03,1.087760e-02,6.514366e-03,3.541832e-02,2.662789e-02,2.597860e-01,4.791886e-01,6.482152e-04,6.434985e-03,1.151555e-03,4.094779e-03,2.147986e-02,7.542451e-04,2.640523e-03
1.007033e-01,1.223176e-03,8.275880e-03,4.929061e-03,5.947785e-02,2.177210e-02,3.220331e-01,4.104187e-01,7.711051e-04,3.349603e-02,1.480700e-03,3.403858e-03,2.456349e-02,1.210034e-03,6.241647e-03
8.228989e-02,2.123795e-03,7.294830e-03,4.576500e-03,7.708782e-02,2.062150e-02,2.458473e-01,3.108298e-01,1.477073e-03,1.989444e-01,3.012438e-03,3.392256e-03,2.301813e-02,4.877280e-03,1.460701e-02
5.837462e-02,1.838370e-03,6.677683e-03,4.933871e-03,6.017489e-02,1.595688e-02,1.829846e-01,2.281816e-01,2.276463e-03,3.472847e-01,5.509145e-03,5.214269e-03,3.746859e-02,6.476403e-03,3.664795e-02
4.171287e-02,1.440267e-03,5.370269e-03,3.567589e-03,4.759205e-02,1.498139e-02,1.404096e-01,1.617409e-01,2.035915e-03,3.353443e-01,9.714509e-03,1.726495e-02,6.877808e-02,1.451684e-02,1.355304e-01
3.084617e-02,1.128160e-03,3.991745e-03,2.691495e-03,3.493398e-02,1.570244e-02,1.016785e-01,1.133110e-01,1.876536e-03,3.298336e-01,2.256860e-02,4.137850e-02,6.594624e-02,5.413166e-02,1.799814e-01
2.697963e-02,9.689466e-04,3.229022e-03,2.427602e-03,2.563084e-02,2.292966e-02,8.004887e-02,7.962888e-02,2.030613e-03,3.067406e-01,4.736117e-02,8.419348e-02,6.173168e-02,9.622241e-02,1.598766e-01
1.915241e-02,1.232552e-03,2.579447e-03,2.229076e-03,1.879900e-02,1.658244e-02,5.657810e-02,5.587725e-02,4.747823e-03,2.315065e-01,4.860628e-02,1.079970e-01,5.168332e-02,2.680745e-01,1.143543e-01
1.435245e-02,1.245097e-03,2.223218e-03,1.968184e-03,1.438466e-02,1.297463e-02,4.487918e-02,3.956055e-02,7.402209e-03,2.012121e-01,6.728458e-02,1.298301e-01,4.062238e-02,3.369486e-01,8.511203e-02
1.156635e-02,1.422239e-03,1.668240e-03,1.502669e-03,1.074039e-02,9.851084e-03,3.198170e-02,2.799145e-02,1.038467e-02,1.670353e-01,1.008690e-01,1.086565e-01,2.987168e-02,4.219881e-01,6.447061e-02
8.525754e-03,1.098778e-02,2.217586e-03,1.308521e-03,1.266046e-02,7.969678e-03,2.264243e-02,2.047814e-02,9.007456e-02,1.207274e-01,1.289403e-01,8.008426e-02,2.119838e-02,4.214322e-01,5.075247e-02
6.127851e-03,1.387230e-02,2.674283e-03,1.731604e-03,1.383593e-02,8.579552e-03,1.646863e-02,2.003942e-02,2.034502e-01,8.851446e-02,1.412609e-01,6.159229e-02,1.568807e-02,3.648394e-01,4.132513e-02
4.393453e-03,3.228357e-02,2.312095e-03,2.581465e-03,1.467453e-02,4.513808e-02,1.160722e-02,2.143745e-02,3.270853e-01,6.272490e-02,1.089207e-01,4.384930e-02,1.381562e-02,2.779595e-01,3.121678e-02
3.280830e-03,3.530573e-02,1.717456e-03,2.204104e-03,1.625555e-02,6.344999e-02,8.235662e-03,1.606736e-02,4.543827e-01,4.413952e-02,7.888730e-02,3.122178e-02,1.115192e-02,2.107484e-01,2.295178e-02
3.575478e-03,3.272883e-02,1.734195e-03,1.960704e-03,2.361479e-02,8.001243e-02,6.188991e-03,1.211809e-02,5.301194e-01,3.126216e-02,5.643725e-02,2.228664e-02,1.042816e-02,1.711515e-01,1.638141e-02
5.259350e-03,4.036659e-02,2.628204e-03,8.264283e-02,3.123310e-02,1.120304e-01,4.481124e-03,1.346536e-02,4.719512e-01,2.283512e-02,4.205952e-02,1.573795e-02,9.747031e-03,1.275377e-01,1.802451e-02
8.782051e-03,3.357662e-02,3.710622e-03,2.174787e-01,2.521478e-02,1.029718e-01,3.194833e-03,1.004181e-02,3.998853e-01,1.736163e-02,3.945087e-02,1.133382e-02,8.973652e-03,9.020803e-02,2.781549e-02
1.636179e-02,2.942741e-02,4.240596e-03,1.711912e-01,4.551101e-02,1.191554e-01,2.657595e-03,8.113206e-03,3.819175e-01,1.573415e-02,3.612070e-02,9.399544e-03,2.434339e-02,6.726244e-02,6.856414e-02
1.652879e-02,3.201165e-02,5.017405e-03,1.298944e-01,6.063730e-02,1.241372e-01,2.175631e-03,8.082109e-03,3.997244e-01,1.357910e-02,2.778408e-02,7.390208e-03,3.712947e-02,4.826404e-02,8.764422e-02
1.526531e-02,3.270067e-02,4.609514e-03,9.765758e-02,4.987525e-02,1.030885e-01,1.599360e-03,5.957172e-03,4.350600e-01,1.292494e-02,2.095183e-02,5.770879e-03,4.729974e-02,3.490352e-02,1.323357e-01
1.584349e-02,3.096926e-02,5.358507e-03,1.037439e-01,3.760775e-02,8.149524e-02,1.162808e-03,4.880533e-03,4.965857e-01,1.228773e-02,1.693458e-02,4.110951e-03,3.413445e-02,2.494134e-02,1.299437e-01
1.642752e-02,3.875062e-02,6.290681e-03,8.429000e-02,2.672141e-02,6.066212e-02,8.311084e-04,3.749109e-03,4.731990e-01,2.365933e-02,1.309945e-02,2.942408e-03,2.453959e-02,1.807052e-02,2.067671e-01
1.444636e-02,4.536805e-02,8.251898e-03,7.164931e-02,1.916274e-02,4.543262e-02,6.067157e-04,3.214151e-03,4.874408e-01,2.659011e-02,1.052089e-02,2.237521e-03,1.824114e-02,1.347531e-02,2.333624e-01
3.496768e-02,1.207454e-01,1.203798e-02,5.640431e-02,2.065792e-02,5.072305e-02,7.844855e-04,8.205477e-03,4.136080e-01,2.211636e-02,1.129761e-02,2.026869e-03,1.985716e-02,1.272381e-02,2.138440e-01
4.092196e-02,1.279062e-01,2.523300e-02,6.338555e-02,1.605117e-02,5.870780e-02,9.319870e-04,9.119658e-03,3.654899e-01,2.626221e-02,9.616684e-03,1.789523e-03,1.598376e-02,9.966911e-03,2.286336e-01
4.002881e-02,1.291156e-01,2.418523e-02,4.744478e-02,1.250873e-02,7.223884e-02,9.637133e-04,7.931637e-03,2.972465e-01,2.225788e-02,7.150189e-03,1.447907e-03,1.287812e-02,8.554218e-03,3.160478e-01
3.945086e-02,1.551969e-01,2.044320e-02,5.861420e-02,9.252455e-03,5.948508e-02,7.474963e-04,6.856039e-03,2.644646e-01,1.781715e-02,6.184979e-03,1.465906e-03,9.682005e-03,6.680824e-03,3.436583e-01
7.251994e-02,1.181252e-01,1.578626e-02,4.777499e-02,7.036200e-03,5.379499e-02,6.368814e-04,5.527569e-03,1.986385e-01,1.563648e-02,1.551943e-02,1.408173e-02,1.075565e-02,1.782747e-02,4.063387e-01
7.172387e-02,9.177519e-02,1.180874e-02,3.598835e-02,5.522773e-03,4.214238e-02,5.039886e-04,4.136615e-03,1.448791e-01,1.202301e-02,1.458312e-02,1.267998e-02,1.095138e-02,4.657558e-02,4.947059e-01
5.495766e-02,6.925814e-02,1.074457e-02,2.764807e-02,4.066320e-03,2.977080e-02,4.406291e-04,2.970572e-03,1.157654e-01,1.075901e-02,1.289342e-02,1.013565e-02,8.447483e-03,1.383887e-01,5.037537e-01
4.013553e-02,4.928530e-02,7.979567e-03,1.957797e-02,2.981700e-03,2.105636e-02,3.356361e-04,2.100801e-03,9.083215e-02,8.576857e-03,1.164363e-02,8.140938e-03,6.683397e-03,2.825181e-01,4.481521e-01
2.884749e-02,3.509559e-02,6.162695e-03,1.403807e-02,2.324098e-03,1.495892e-02,2.471927e-04,1.480048e-03,8.580831e-02,6.924756e-03,1.493060e-02,6.280831e-03,5.618494e-03,4.246597e-01,3.526231e-01
2.026707e-02,2.467741e-02,4.409732e-03,9.838682e-03,1.673655e-03,1.052044e-02,1.788413e-04,1.037471e-03,7.224019e-02,5.362168e-03,1.211490e-02,4.530886e-03,4.486708e-03,5.096050e-01,3.190569e-01
1.421676e-02,1.731562e-02,3.133654e-03,6.892475e-03,1.183275e-03,7.421796e-03,1.285853e-04,7.272644e-04,6.146018e-02,5.517484e-03,1.036180e-02,3.297903e-03,3.540080e-03,5.523506e-01,3.124525e-01
9.968545e-03,1.213270e-02,2.232226e-03,4.829276e-03,8.476904e-04,5.365996e-03,9.471638e-05,5.109821e-04,4.602795e-02,7.023435e-02,8.728608e-03,2.395844e-03,2.754382e-03,5.219440e-01,3.119327e-01
7.011600e-03,8.514251e-03,1.623246e-03,3.389443e-03,6.144417e-04,3.855805e-03,7.190474e-05,3.610708e-04,3.247339e-02,1.925068e-01,6.447999e-03,1.779494e-03,2.088072e-03,4.948766e-01,2.443860e-01
4.969892e-03,5.993056e-03,1.196073e-03,2.391268e-03,4.873959e-04,2.874420e-03,8.080007e-05,2.628876e-04,2.293575e-02,2.805442e-01,5.449517e-03,1.446517e-03,1.875312e-03,4.244100e-01,2.450829e-01
3.622350e-03,4.296491e-03,1.036540e-03,1.751191e-03,5.777078e-04,2.223350e-03,1.912416e-04,2.373006e-04,1.649203e-02,4.229663e-01,8.662312e-03,2.260439e-03,2.594865e-03,3.207752e-01,2.123126e-01
2.850494e-03,3.237954e-03,1.118452e-03,1.426034e-03,7.243460e-04,2.427657e-03,3.922982e-04,2.684162e-04,1.199529e-02,5.261439e-01,2.064189e-02,6.654553e-03,6.563042e-03,2.388955e-01,1.766602e-01
2.697079e-03,3.802915e-03,4.230241e-03,1.922693e-03,1.717251e-03,7.359161e-03,1.236493e-03,7.579215e-04,1.792010e-02,4.714758e-01,1.116268e-01,1.754991e-02,3.422051e-02,1.715041e-01,1.519790e-01
4.561939e-03,3.725554e-03,2.407311e-02,2.899312e-03,3.348453e-03,1.682509e-02,7.891461e-03,2.585090e-03,2.115598e-02,4.118529e-01,1.738265e-01,2.947201e-02,5.275177e-02,1.271231e-01,1.179078e-01
5.129115e-03,7.596930e-03,4.301848e-02,5.807103e-03,9.493776e-03,5.925266e-02,7.206133e-03,2.822750e-03,8.939683e-02,2.987147e-01,2.237943e-01,2.842265e-02,4.312164e-02,9.097363e-02,8.524927e-02
4.211732e-03,7.774932e-03,6.449017e-02,4.362415e-02,3.412126e-02,4.603672e-02,5.428308e-03,3.277755e-03,2.460698e-01,2.108167e-01,1.591569e-01,2.017958e-02,3.094665e-02,6.384096e-02,6.002434e-02
5.818898e-03,6.930103e-03,5.754776e-02,4.089777e-02,3.955496e-02,3.796861e-02,4.235431e-03,5.256463e-03,4.080909e-01,1.508347e-01,1.167375e-01,1.445188e-02,2.348280e-02,4.510604e-02,4.308618e-02
1.322446e-02,9.684507e-03,4.536649e-02,4.552917e-02,5.669224e-02,5.066480e-02,3.667274e-03,5.242252e-03,4.659172e-01,1.111414e-01,8.833909e-02,1.161399e-02,2.333378e-02,3.282596e-02,3.675744e-02
1.935864e-02,2.116027e-02,3.835790e-02,5.525371e-02,5.098355e-02,5.407770e-02,3.398656e-03,5.397025e-03,4.760983e-01,9.215086e-02,7.649178e-02,1.046911e-02,2.398270e-02,2.543541e-02,4.738441e-02
3.310948e-02,2.374632e-02,2.955246e-02,4.347445e-02,4.949956e-02,5.957789e-02,3.233267e-03,8.463492e-03,4.752849e-01,7.227959e-02,6.099010e-02,1.027513e-02,6.117471e-02,2.020449e-02,4.913420e-02
3.528173e-02,5.248579e-02,2.469130e-02,3.291444e-02,4.068404e-02,8.231010e-02,2.706258e-03,1.555984e-02,4.102249e-01,6.192131e-02,4.486708e-02,1.187801e-02,1.055273e-01,1.677821e-02,6.216963e-02
3.760350e-02,5.997150e-02,2.125125e-02,2.493910e-02,3.824447e-02,9.125395e-02,2.507748e-03,5.353340e-02,3.880107e-01,5.704341e-02,3.241703e-02,1.014591e-02,1.014464e-01,1.312108e-02,6.851050e-02
5.021196e-02,6.650517e-02,2.374131e-02,1.900032e-02,3.363190e-02,1.068041e-01,3.508391e-03,5.760166e-02,3.733094e-01,4.988379e-02,2.405609e-02,9.001806e-03,9.901156e-02,1.075026e-02,7.298232e-02
5.239081e-02,1.063918e-01,3.476642e-02,1.635948e-02,2.627696e-02,9.989478e-02,8.626651e-03,9.442963e-02,2.947835e-01,6.083117e-02,1.882177e-02,7.153855e-03,8.412350e-02,8.203730e-03,8.694601e-02
4.450883e-02,1.122621e-01,6.161148e-02,1.405512e-02,2.214416e-02,7.828503e-02,9.272325e-03,1.047234e-01,2.307217e-01,1.080526e-01,1.814277e-02,6.014275e-03,8.165130e-02,7.017931e-03,1.015371e-01
3.197131e-02,8.173133e-02,1.149383e-01,1.245198e-02,1.613673e-02,5.616157e-02,1.054335e-02,9.713512e-02,1.637732e-01,2.001777e-01,3.590318e-02,2.508289e-02,6.985654e-02,6.874661e-03,7.726212e-02
2.258530e-02,5.794373e-02,1.231446e-01,1.131115e-02,1.227337e-02,4.065224e-02,2.625976e-02,8.565320e-02,1.158976e-01,2.663149e-01,4.122976e-02,7.027738e-02,5.494993e-02,1.388916e-02,5.761785e-02
1.675190e-02,4.144730e-02,8.806746e-02,1.016250e-02,1.723113e-02,3.158948e-02,1.376605e-01,7.992563e-02,8.268134e-02,1.944491e-01,7.237830e-02,6.116450e-02,4.376003e-02,7.997224e-02,4.275855e-02
1.278875e-02,2.995620e-02,6.172499e-02,7.701006e-03,1.363936e-02,2.275477e-02,1.055343e-01,5.965240e-02,6.002203e-02,1.395517e-01,1.021067e-01,5.163639e-02,3.355172e-02,2.675903e-01,3.178949e-02
9.259995e-03,2.122307e-02,4.324251e-02,5.656863e-03,9.823626e-03,1.635706e-02,7.539842e-02,4.329334e-02,4.561337e-02,9.872720e-02,8.236393e-02,4.245989e-02,2.406926e-02,4.598970e-01,2.261449e-02
7.128622e-03,1.505967e-02,3.058661e-02,4.767285e-03,7.902994e-03,1.391523e-02,5.442601e-02,3.611270e-02,3.408723e-02,7.197287e-02,1.395075e-01,3.068303e-02,1.712254e-02,5.198550e-01,1.687277e-02
5.240894e-03,1.084244e-02,2.149840e-02,3.688186e-03,5.919553e-03,1.089762e-02,3.818658e-02,2.563128e-02,3.327739e-02,5.161900e-02,1.111734e-01,2.300255e-02,1.215765e-02,6.347308e-01,1.213432e-02
8.359496e-03,8.622373e-03,1.534984e-02,3.341993e-03,4.350470e-03,1.113257e-02,2.692023e-02,1.814372e-02,3.933258e-02,3.947447e-02,9.478340e-02,1.675389e-02,9.114882e-03,6.950443e-01,9.275843e-03
6.587512e-03,1.462287e-02,2.642213e-02,8.398501e-03,5.931484e-03,1.522989e-02,1.987254e-02,2.040111e-02,7.471962e-02,2.971829e-02,7.188053e-02,1.207592e-02,8.206157e-03,6.784475e-01,7.485997e-03
5.517526e-03,1.213301e-02,8.532405e-02,3.130954e-02,1.598545e-02,1.988028e-02,1.589693e-02,1.604223e-02,1.008111e-01,2.947752e-02,5.245227e-02,8.920752e-03,7.371958e-03,5.926647e-01,6.212778e-03
6.332950e-03,1.872779e-02,6.787658e-02,3.323077e-02,2.158800e-02,5.178512e-02,1.206653e-02,1.150441e-02,1.789969e-01,2.788758e-02,7.286853e-02,8.181233e-03,1.821874e-02,4.578880e-01,1.284697e-02
5.954883e-03,2.288070e-02,5.436830e-02,2.590222e-02,1.843531e-02,4.040505e-02,9.281097e-03,8.187601e-03,1.649890e-01,2.886633e-02,1.853659e-01,7.360596e-03,1.917192e-02,3.909365e-01,1.789457e-02
4.399479e-03,1.725241e-02,4.148170e-02,1.865825e-02,1.392196e-02,3.177392e-02,6.913752e-03,5.762557e-03,1.200951e-01,2.909280e-02,2.020568e-01,6.708874e-03,1.582297e-02,4.707307e-01,1.532880e-02
3.359902e-03,1.252958e-02,5.408233e-02,1.355799e-02,1.211131e-02,2.384968e-02,5.396298e-03,4.292796e-03,8.927247e-02,3.303753e-02,1.625630e-01,5.002813e-03,1.225634e-02,5.558158e-01,1.287220e-02
3.091599e-03,9.217639e-03,1.074399e-01,1.114264e-02,1.334860e-02,1.844359e-02,4.447050e-03,5.365897e-03,6.794074e-02,3.437902e-02,1.480949e-01,4.011173e-03,1.334557e-02,5.474780e-01,1.225372e-02
1.376810e-02,9.284965e-03,2.183225e-01,1.794855e-02,2.961184e-02,2.408030e-02,4.894109e-03,6.502114e-03,5.657101e-02,3.803516e-02,1.248149e-01,4.358388e-03,1.232103e-02,4.230604e-01,1.642663e-02
2.004113e-02,8.758009e-03,2.902862e-01,2.775903e-02,3.565937e-02,3.123553e-02,4.305440e-03,1.275195e-02,4.817685e-02,3.924150e-02,1.074059e-01,4.700542e-03,1.065106e-02,3.439254e-01,1.510218e-02
2.681218e-02,2.644020e-02,3.094866e-01,3.859068e-02,3.180565e-02,3.665154e-02,4.094792e-03,2.281372e-02,5.827007e-02,4.155765e-02,9.655115e-02,5.404055e-03,1.153827e-02,2.747714e-01,1.521199e-02
4.693120e-02,2.748994e-02,2.776932e-01,3.764947e-02,2.876305e-02,3.144763e-02,3.758417e-03,3.961968e-02,5.347038e-02,4.689989e-02,1.081544e-01,1.026353e-02,1.720887e-02,2.568220e-01,1.382834e-02
7.793625e-02,2.884509e-02,2.395476e-01,5.810081e-02,3.183293e-02,4.943141e-02,3.174936e-03,3.750428e-02,4.697738e-02,4.152195e-02,9.289162e-02,1.673557e-02,2.379794e-02,2.363038e-01,1.539835e-02
8.864240e-02,5.551298e-02,2.195199e-01,6.030208e-02,6.492784e-02,6.389228e-02,2.912108e-03,3.506541e-02,4.418775e-02,4.350886e-02,8.434509e-02,1.514211e-02,2.056652e-02,1.879106e-01,1.356403e-02
1.066930e-01,5.655947e-02,1.847107e-01,5.279880e-02,6.514106e-02,5.489468e-02,3.296019e-03,3.714602e-02,7.400763e-02,5.129040e-02,7.412043e-02,1.443648e-02,1.977276e-02,1.830229e-01,2.210957e-02
7.551581e-02,4.178320e-02,1.913488e-01,3.784739e-02,4.600319e-02,4.222650e-02,2.365956e-03,2.629668e-02,5.446355e-02,2.500506e-01,5.534102e-02,1.056680e-02,1.616779e-02,1.297704e-01,2.025241e-02
5.357599e-02,3.053085e-02,1.435807e-01,2.868612e-02,3.342772e-02,3.138694e-02,1.846458e-03,1.858655e-02,4.914679e-02,3.877895e-01,6.421342e-02,9.405626e-03,2.556493e-02,1.016908e-01,2.056753e-02
3.799906e-02,2.174055e-02,1.011081e-01,2.051000e-02,2.666969e-02,2.349381e-02,1.723023e-03,1.324588e-02,4.914534e-02,4.550211e-01,7.063340e-02,1.204186e-02,2.524394e-02,1.202489e-01,2.117532e-02
2.668581e-02,1.586486e-02,7.090708e-02,1.466937e-02,1.909140e-02,1.705918e-02,1.265254e-03,9.304213e-03,3.975138e-02,4.376168e-01,8.894946e-02,1.505471e-02,2.824697e-02,1.740126e-01,4.152082e-02
1.875044e-02,1.153941e-02,4.992468e-02,1.091708e-02,1.398711e-02,1.231217e-02,9.197974e-04,6.536537e-03,3.386504e-02,3.310301e-01,1.302579e-01,1.326734e-02,2.881455e-02,3.035330e-01,3.434490e-02
1.362480e-02,9.092194e-03,3.710629e-02,9.702020e-03,1.028563e-02,9.596002e-03,7.182437e-04,4.797754e-03,3.813045e-02,2.327650e-01,1.389489e-01,1.005146e-02,2.102446e-02,4.383727e-01,2.578408e-02
1.035644e-02,7.662058e-03,2.692633e-02,7.399680e-03,7.270152e-03,7.859590e-03,5.493481e-04,3.512668e-03,3.229998e-02,1.634463e-01,1.018714e-01,7.282081e-03,1.490992e-02,5.859030e-01,2.275098e-02
9.767385e-03,6.229243e-03,1.978659e-02,7.392305e-03,5.619352e-03,7.333721e-03,5.609503e-04,2.766329e-03,3.270566e-02,1.155736e-01,7.355482e-02,5.496644e-03,1.181001e-02,6.809952e-01,2.040817e-02
7.674670e-03,4.444116e-03,1.635313e-02,1.413822e-02,2.333368e-02,5.590078e-03,2.666913e-03,1.439081e-02,3.681943e-02,8.369095e-02,5.351683e-02,4.481771e-03,1.224114e-02,7.042351e-01,1.642319e-02
8.912137e-03,3.414631e-03,1.275956e-02,1.070900e-02,2.641460e-02,4.871996e-03,2.598132e-03,1.090518e-02,3.472972e-02,6.026082e-02,4.188491e-02,4.997170e-03,2.621330e-02,7.305213e-01,2.080750e-02
7.093382e-03,2.591983e-03,9.541003e-03,9.408796e-03,2.475308e-02,4.047980e-03,2.250313e-03,1.120903e-02,3.095160e-02,4.326298e-02,3.146147e-02,4.249482e-03,2.027841e-02,7.798734e-01,1.902707e-02
5.669579e-03,2.113168e-03,8.081705e-03,7.468507e-03,1.898500e-02,3.883630e-03,2.342977e-03,1.564874e-02,2.381055e-02,4.611401e-02,2.666218e-02,3.659167e-03,1.877790e-02,7.874661e-01,2.931676e-02
4.173382e-03,1.540138e-03,7.752888e-03,6.980045e-03,2.412674e-02,3.733650e-03,4.616830e-03,5.978716e-02,2.056777e-02,4.139369e-02,2.609125e-02,3.256029e-03,1.608623e-02,7.544279e-01,2.546621e-02
3.246387e-03,1.156461e-03,8.242218e-03,8.392452e-03,4.178882e-02,3.205550e-03,1.897570e-02,2.028089e-01,1.845350e-02,4.905663e-02,2.088987e-02,2.899126e-03,1.309170e-02,5.753771e-01,3.241555e-02
2.438384e-03,8.888508e-04,1.066582e-02,5.963991e-02,5.724316e-02,2.458104e-03,1.399656e-02,3.145440e-01,1.848925e-02,4.213136e-02,1.807427e-02,2.736399e-03,1.114352e-02,4.129425e-01,3.260786e-02
2.542300e-03,8.136198e-04,1.893492e-02,1.315385e-01,4.580851e-02,2.003624e-03,1.005953e-02,3.912193e-01,1.563889e-02,3.690563e-02,1.784461e-02,2.295317e-03,1.080227e-02,2.899645e-01,2.362849e-02
4.464808e-03,2.736696e-02,3.791466e-02,1.428251e-01,5.523288e-02,3.217897e-03,8.002706e-03,2.830968e-01,1.536850e-01,3.213788e-02,1.661631e-02,2.497149e-03,9.081015e-03,2.032079e-01,2.065293e-02
1.012796e-02,2.440826e-02,1.162257e-01,2.121694e-01,7.978284e-02,3.285186e-03,7.847419e-03,2.126743e-01,1.287481e-01,2.383486e-02,1.421033e-02,2.056740e-03,7.033685e-03,1.425114e-01,1.508381e-02
1.201794e-02,2.472580e-02,1.064357e-01,3.347222e-01,9.258260e-02,4.271206e-03,8.567922e-03,1.546723e-01,1.108764e-01,1.953737e-02,1.219512e-02,1.679918e-03,5.565775e-03,9.978611e-02,1.236370e-02
1.482374e-02,3.355422e-02,9.441584e-02,3.768927e-01,1.435798e-01,5.918206e-03,1.062942e-02,1.127418e-01,9.609275e-02,1.556784e-02,1.004601e-02,1.335580e-03,4.263707e-03,6.987125e-02,1.026721e-02
1.704973e-02,3.073097e-02,1.089643e-01,4.481196e-01,1.308341e-01,5.140860e-03,8.128399e-03,9.618749e-02,7.353216e-02,1.237899e-02,7.716542e-03,1.033426e-03,3.223501e-03,4.892574e-02,8.034213e-03
2.515201e-02,3.041985e-02,9.854250e-02,4.385101e-01,1.200718e-01,4.890002e-03,6.935943e-03,1.537943e-01,6.119978e-02,9.838799e-03,6.364847e-03,9.273285e-04,2.761520e-03,3.426305e-02,6.328216e-03
3.262922e-02,2.813410e-02,9.610147e-02,3.688920e-01,1.102792e-01,4.576504e-03,5.885592e-03,2.621615e-01,4.640675e-02,7.699235e-03,5.152375e-03,8.241387e-04,2.181977e-03,2.399561e-02,5.080374e-03
3.351278e-02,2.334649e-02,7.429383e-02,2.637984e-01,9.432581e-02,4.662937e-03,4.797582e-03,4.329523e-01,3.499286e-02,5.724119e-03,4.054017e-03,7.368167e-04,1.934099e-03,1.681769e-02,4.050241e-03
3.515217e-02,2.208263e-02,6.119392e-02,1.898715e-01,8.330418e-02,5.902869e-03,4.140576e-03,5.443001e-01,2.684526e-02,4.961837e-03,3.368285e-03,6.693058e-04,1.687551e-03,1.181867e-02,4.701079e-03
3.354974e-02,2.185068e-02,5.297503e-02,1.371783e-01,7.025776e-02,6.680040e-03,3.763242e-03,6.267858e-01,2.483509e-02,4.230945e-03,3.002181e-03,5.917903e-04,1.445041e-03,8.298279e-03,4.556066e-03
3.540082e-02,2.059951e-02,5.130606e-02,1.021090e-01,5.465237e-02,7.397844e-03,3.807302e-03,6.857247e-01,1.940381e-02,3.951381e-03,2.501128e-03,6.128900e-04,1.803997e-03,5.880719e-03,4.848463e-03
3.807257e-02,2.725490e-02,1.064117e-01,1.201611e-01,4.245720e-02,7.510744e-03,3.243706e-03,5.937566e-01,1.863526e-02,7.790081e-03,4.841636e-03,4.351450e-03,4.171103e-03,4.597576e-03,1.674435e-02
2.928174e-02,2.715764e-02,8.457899e-02,1.281223e-01,3.103598e-02,7.964081e-03,4.867343e-03,4.304142e-01,1.035450e-01,1.429562e-02,1.169549e-02,6.553221e-03,5.521604e-02,3.439616e-03,6.183273e-02
2.265405e-02,3.296500e-02,6.767875e-02,1.485287e-01,2.222336e-02,1.018791e-02,6.156566e-03,3.083900e-01,9.720632e-02,1.258728e-02,1.144661e-02,6.096169e-03,1.980155e-01,2.494330e-03,5.336953e-02
1.753776e-02,3.084778e-02,5.484249e-02,1.136378e-01,1.652529e-02,9.262392e-03,7.477101e-03,2.167925e-01,1.259044e-01,1.090661e-02,9.895919e-03,6.229931e-03,3.258746e-01,3.806355e-03,5.045917e-02
1.443440e-02,2.547686e-02,3.894370e-02,8.406010e-02,1.369595e-02,8.862834e-03,7.966880e-03,1.522701e-01,1.010178e-01,8.050783e-03,9.496492e-03,6.776391e-03,4.795366e-01,2.734259e-03,4.667684e-02
1.317337e-02,2.435478e-02,2.931581e-02,1.096530e-01,1.738294e-02,1.068720e-02,8.313883e-03,1.068019e-01,2.072062e-01,8.609808e-03,7.927796e-03,7.611616e-03,4.047327e-01,2.561141e-03,4.166794e-02
1.393244e-02,2.097235e-02,2.345693e-02,1.097425e-01,1.463118e-02,8.816464e-03,6.584632e-03,7.512401e-02,3.341507e-01,7.795245e-03,7.606799e-03,1.351567e-02,3.246293e-01,4.136323e-03,3.490547e-02
1.082803e-02,1.600560e-02,1.669129e-02,7.901488e-02,1.264486e-02,7.087220e-03,5.640993e-03,5.284037e-02,2.561477e-01,5.709387e-03,1.203961e-02,1.824081e-02,4.645481e-01,3.280688e-03,3.928050e-02
1.294789e-02,1.295520e-02,1.215368e-02,5.781709e-02,1.378186e-02,6.205247e-03,4.751979e-03,3.733451e-02,2.070438e-01,4.831820e-03,1.026486e-02,1.930173e-02,5.557425e-01,2.632220e-03,4.223559e-02
1.216833e-02,1.065542e-02,8.823856e-03,4.788775e-02,1.186440e-02,7.894530e-03,3.564997e-03,2.651927e-02,1.665855e-01,4.752468e-03,1.634442e-02,1.830682e-02,6.185849e-01,2.217286e-03,4.382998e-02
1.260979e-02,1.090895e-02,6.577140e-03,3.546211e-02,1.037571e-02,7.080051e-03,2.812090e-03,1.871096e-02,1.433402e-01,4.969395e-03,1.405406e-02,2.266156e-02,6.563209e-01,1.852702e-03,5.226433e-02
1.243688e-02,4.515457e-02,8.666543e-03,9.063450e-02,1.333861e-02,1.029284e-02,2.205671e-03,1.520105e-02,1.767755e-01,4.040539e-03,1.367117e-02,1.907882e-02,5.261264e-01,1.683948e-03,6.069294e-02
1.220304e-02,6.043976e-02,7.205969e-03,7.343800e-02,1.513400e-02,2.166009e-02,2.210469e-03,1.282160e-02,1.783614e-01,3.303633e-03,1.837064e-02,1.525155e-02,4.847132e-01,1.522966e-03,9.336361e-02
1.933719e-02,5.246156e-02,2.152170e-02,7.917715e-02,3.200438e-02,2.284087e-02,3.628159e-03,4.222428e-02,1.467183e-01,2.825001e-03,1.622422e-02,1.233167e-02,4.267420e-01,1.410022e-03,1.205535e-01
6.497309e-02,4.190701e-02,1.772646e-02,7.091840e-02,2.439164e-02,3.040961e-02,3.075094e-03,3.287650e-02,1.211340e-01,2.624071e-03,1.766696e-02,1.611724e-02,4.477335e-01,6.607672e-03,1.018387e-01
1.161732e-01,3.743427e-02,1.387982e-02,5.812065e-02,2.334817e-02,4.485543e-02,3.020948e-03,2.622781e-02,1.086186e-01,3.600835e-03,2.866378e-02,2.808051e-02,3.591781e-01,1.950729e-02,1.292906e-01
9.030437e-02,4.907785e-02,1.055619e-02,4.589224e-02,1.979548e-02,3.685106e-02,2.486364e-03,2.022123e-02,2.348846e-01,1.097086e-02,3.279687e-02,3.367051e-02,2.750299e-01,1.885389e-02,1.186085e-01
7.382337e-02,1.299128e-01,9.106790e-03,3.836418e-02,1.720230e-02,3.155027e-02,2.234789e-03,1.602431e-02,2.767687e-01,1.249879e-02,2.844043e-02,3.169698e-02,2.136733e-01,1.625930e-02,1.024437e-01
5.476188e-02,1.072337e-01,1.052837e-02,4.334305e-02,1.396233e-02,2.768150e-02,3.436430e-03,1.261670e-02,3.586760e-01,1.103910e-02,2.411213e-02,2.690632e-02,2.173915e-01,1.243928e-02,7.587172e-02
4.502233e-02,8.384968e-02,2.421012e-02,1.073569e-01,1.592907e-02,4.420648e-02,3.973977e-03,1.284274e-02,3.687961e-01,9.377096e-03,2.096746e-02,2.051557e-02,1.778397e-01,9.207223e-03,5.590568e-02
6.065033e-02,7.578117e-02,1.981233e-02,9.574751e-02,2.165565e-02,4.841655e-02,4.637425e-03,1.208770e-02,4.195921e-01,9.143637e-03,2.073714e-02,1.562674e-02,1.368812e-01,1.096510e-02,4.826539e-02
5.873285e-02,5.832530e-02,1.731811e-02,9.498456e-02,2.755369e-02,4.159626e-02,4.261562e-03,2.552979e-02,4.854465e-01,7.341211e-03,2.147228e-02,1.338466e-02,1.002952e-01,8.374798e-03,3.538328e-02
4.927234e-02,4.734731e-02,1.349207e-02,7.330168e-02,2.239410e-02,3.340125e-02,3.349043e-03,2.286025e-02,5.699968e-01,6.523138e-03,3.138360e-02,1.015345e-02,7.276948e-02,1.004537e-02,3.371006e-02
3.491556e-02,3.716873e-02,1.130995e-02,5.392167e-02,1.670139e-02,2.452432e-02,2.373976e-03,1.661330e-02,6.334711e-01,7.705993e-03,4.633388e-02,8.803963e-03,5.629121e-02,1.773824e-02,3.212676e-02
2.481428e-02,2.743082e-02,1.098151e-02,4.870768e-02,1.485669e-02,1.818406e-02,1.711455e-03,1.240778e-02,6.772931e-01,7.380228e-03,5.706491e-02,7.470489e-03,4.399964e-02,1.721656e-02,3.048088e-02
1.775401e-02,2.061694e-02,1.600429e-02,3.783496e-02,1.149859e-02,1.306967e-02,1.237582e-03,9.142580e-03,6.926658e-01,1.010517e-02,6.566594e-02,5.850412e-03,3.338302e-02,3.128948e-02,3.388164e-02
1.285815e-02,1.503483e-02,1.835544e-02,3.042011e-02,9.191697e-03,9.577282e-03,8.904109e-04,6.598062e-03,5.364994e-01,8.643504e-03,1.456028e-01,8.099612e-03,2.932368e-02,1.410431e-01,2.786206e-02
9.700507e-03,1.136617e-02,1.815175e-02,2.500898e-02,8.221074e-03,7.542287e-03,6.678445e-04,4.778596e-03,4.046784e-01,9.133412e-03,1.751811e-01,6.860058e-03,2.420100e-02,2.667452e-01,2.776370e-02
9.100409e-03,8.977985e-03,3.047593e-02,3.935672e-02,6.388559e-03,7.280724e-03,6.115810e-04,3.784603e-03,3.674731e-01,9.680889e-03,1.738817e-01,5.519545e-03,1.766336e-02,2.920341e-01,2.777082e-02
8.311812e-03,7.183528e-03,2.599819e-02,3.313464e-02,1.047990e-02,6.078212e-03,7.758791e-04,2.785933e-03,2.696584e-01,2.363472e-02,1.653726e-01,4.331516e-03,1.335703e-02,2.677786e-01,1.611190e-01
8.601012e-03,5.687292e-03,2.351933e-02,3.478799e-02,1.290719e-02,5.181168e-03,9.948090e-04,3.200511e-03,2.043662e-01,2.434837e-02,1.966356e-01,4.046846e-03,1.085785e-02,2.512190e-01,2.136468e-01
8.056838e-03,4.892490e-03,2.085521e-02,2.572191e-02,1.213675e-02,4.940687e-03,9.155872e-04,2.518694e-03,1.532390e-01,3.571083e-02,2.189735e-01,3.299342e-03,9.278171e-03,2.821302e-01,2.173309e-01
6.771198e-03,4.310953e-03,1.869947e-02,1.871849e-02,1.342524e-02,4.869424e-03,9.314324e-04,2.104430e-03,1.213353e-01,5.443650e-02,2.078188e-01,2.517072e-03,7.772700e-03,2.518113e-01,2.844778e-01
5.967268e-03,3.638921e-03,2.285159e-02,1.360261e-02,1.433003e-02,5.199397e-03,1.000074e-03,2.280196e-03,1.144111e-01,9.992134e-02,2.030512e-01,2.262812e-03,6.806818e-03,2.300228e-01,2.746539e-01
5.151679e-03,2.815716e-03,1.990227e-02,1.002413e-02,2.343681e-02,5.731571e-03,9.636572e-04,3.059350e-03,8.878733e-02,2.092618e-01,1.715785e-01,1.857998e-03,5.912140e-03,2.152994e-01,2.362178e-01
4.132442e-03,2.118618e-03,1.536409e-02,7.537952e-03,2.888210e-02,5.961974e-03,1.410158e-03,3.339229e-03,7.087775e-02,3.452509e-01,1.393359e-01,1.575546e-03,9.057608e-03,1.910788e-01,1.740769e-01
3.578970e-03,1.684806e-03,1.134876e-02,6.962283e-03,4.997151e-02,5.297915e-03,1.562636e-03,4.362165e-03,5.410583e-02,3.919926e-01,1.206160e-01,2.306018e-03,1.284229e-02,1.751488e-01,1.582196e-01
2.788852e-03,1.276437e-03,8.136429e-03,5.662289e-03,5.726176e-02,4.812994e-03,1.780596e-03,3.560470e-03,4.071882e-02,3.644305e-01,1.221172e-01,4.122284e-03,2.101575e-02,2.172333e-01,1.450822e-01
2.893760e-03,1.185229e-03,6.240710e-03,6.041086e-03,4.933880e-02,1.022677e-02,1.515302e-03,2.901682e-03,2.988562e-02,2.845603e-01,1.347618e-01,1.413173e-02,4.676554e-02,2.952253e-01,1.143264e-01
7.093229e-03,1.359926e-03,6.205081e-03,7.209729e-03,5.411937e-02,6.347865e-02,2.494129e-03,5.946343e-03,2.314484e-02,3.007959e-01,1.241674e-01,1.958252e-02,5.342826e-02,2.435540e-01,8.742061e-02
1.747978e-02,1.187474e-03,1.596916e-02,1.546164e-02,4.283572e-02,1.439419e-01,6.733492e-03,9.388671e-03,1.672819e-02,2.969361e-01,1.149815e-01,2.054776e-02,4.832207e-02,1.879494e-01,6.153727e-02
3.229930e-02,6.032819e-03,1.369888e-02,1.340579e-02,8.380408e-02,1.196693e-01,5.689833e-03,1.639564e-02,6.499880e-02,2.670679e-01,1.136852e-01,3.239825e-02,5.287710e-02,1.344628e-01,4.351438e-02
4.638407e-02,6.556299e-03,1.567861e-02,1.556003e-02,8.676666e-02,9.108687e-02,4.764912e-03,3.799368e-02,6.831329e-02,2.753065e-01,1.058940e-01,5.495505e-02,6.360809e-02,9.611816e-02,3.101382e-02
