1.000000e+00,0.000000e+00,0.000000e+00,0.000000e+00,0.000000e+00,0.000000e+00,0.000000e+00,0.000000e+00,0.000000e+00,0.000000e+00,0.000000e+00,0.000000e+00,0.000000e+00,0.000000e+00,0.000000e+00
1.000000e+00,0.000000e+00,0.000000e+00,0.000000e+00,0.000000e+00,0.000000e+00,0.000000e+00,0.000000e+00,0.000000e+00,0.000000e+00,0.000000e+00,0.000000e+00,0.000000e+00,0.000000e+00,0.000000e+00
1.000000e+00,0.000000e+00,0.000000e+00,0.000000e+00,0.000000e+00,0.000000e+00,0.000000e+00,0.000000e+00,0.000000e+00,0.000000e+00,0.000000e+00,0.000000e+00,0.000000e+00,0.000000e+00,0.000000e+00
1.000000e+00,0.000000e+00,0.000000e+00,0.000000e+00,0.000000e+00,0.000000e+00,0.000000e+00,0.000000e+00,0.000000e+00,0.000000e+00,0.000000e+00,0.000000e+00,0.000000e+00,0.000000e+00,0.000000e+00
1.000000e+00,0.000000e+00,0.000000e+00,0.000000e+00,0.000000e+00,0.000000e+00,0.000000e+00,0.000000e+00,0.000000e+00,0.000000e+00,0.000000e+00,0.000000e+00,0.000000e+00,0.000000e+00,0.000000e+00
1.000000e+00,0.000000e+00,0.000000e+00,0.000000e+00,0.000000e+00,0.000000e+00,0.000000e+00,0.000000e+00,0.000000e+00,0.000000e+00,0.000000e+00,0.000000e+00,0.000000e+00,0.000000e+00,0.000000e+00
1.000000e+00,0.000000e+00,0.000000e+00,0.000000e+00,0.000000e+00,0.000000e+00,0.000000e+00,0.000000e+00,0.000000e+00,0.000000e+00,0.000000e+00,0.000000e+00,0.000000e+00,0.000000e+00,0.000000e+00
1.000000e+00,0.000000e+00,0.000000e+00,0.000000e+00,0.000000e+00,0.000000e+00,0.000000e+00,0.000000e+00,0.000000e+00,0.000000e+00,0.000000e+00,0.000000e+00,0.000000e+00,0.000000e+00,0.000000e+00
1.000000e+00,0.000000e+00,0.000000e+00,0.000000e+00,0.000000e+00,0.000000e+00,0.000000e+00,0.000000e+00,0.000000e+00,0.000000e+00,0.000000e+00,0.000000e+00,0.000000e+00,0.000000e+00,0.000000e+00
1.000000e+00,0.000000e+00,0.000000e+00,0.000000e+00,0.000000e+00,0.000000e+00,0.000000e+00,0.000000e+00,0.000000e+00,0.000000e+00,0.000000e+00,0.000000e+00,0.000000e+00,0.000000e+00,0.000000e+00
1.000000e+00,0.000000e+00,0.000000e+00,0.000000e+00,0.000000e+00,0.000000e+00,0.000000e+00,0.000000e+00,0.000000e+00,0.000000e+00,0.000000e+00,0.000000e+00,0.000000e+00,0.000000e+00,0.000000e+00
1.000000e+00,0.000000e+00,0.000000e+00,0.000000e+00,0.000000e+00,0.000000e+00,0.000000e+00,0.000000e+00,0.000000e+00,0.000000e+00,0.000000e+00,0.000000e+00,0.000000e+00,0.000000e+00,0.000000e+00
1.000000e+00,0.000000e+00,0.000000e+00,0.000000e+00,0.000000e+00,0.000000e+00,0.000000e+00,0.000000e+00,0.000000e+00,0.000000e+00,0.000000e+00,0.000000e+00,0.000000e+00,0.000000e+00,0.000000e+00
1.000000e+00,0.000000e+00,0.000000e+00,0.000000e+00,0.000000e+00,0.000000e+00,0.000000e+00,0.000000e+00,0.000000e+00,0.000000e+00,0.000000e+00,0.000000e+00,0.000000e+00,0.000000e+00,0.000000e+00
1.000000e+00,0.000000e+00,0.000000e+00,0.000000e+00,0.000000e+00,0.000000e+00,0.000000e+00,0.000000e+00,0.000000e+00,0.000000e+00,0.000000e+00,0.000000e+00,0.000000e+00,0.000000e+00,0.000000e+00
1.000000e+00,0.000000e+00,0.000000e+00,0.000000e+00,0.000000e+00,0.000000e+00,0.000000e+00,0.000000e+00,0.000000e+00,0.000000e+00,0.000000e+00,0.000000e+00,0.000000e+00,0.000000e+00,0.000000e+00
1.000000e+00,0.000000e+00,0.000000e+00,0.000000e+00,0.000000e+00,0.000000e+00,0.000000e+00,0.000000e+00,0.000000e+00,0.000000e+00,0.000000e+00,0.000000e+00,0.000000e+00,0.000000e+00,0.000000e+00
1.000000e+00,0.000000e+00,0.000000e+00,0.000000e+00,0.000000e+00,0.000000e+00,0.000000e+00,0.000000e+00,0.000000e+00,0.000000e+00,0.000000e+00,0.000000e+00,0.000000e+00,0.000000e+00,0.000000e+00
1.000000e+00,0.000000e+00,0.000000e+00,0.000000e+00,0.000000e+00,0.000000e+00,0.000000e+00,0.000000e+00,0.000000e+00,0.000000e+00,0.000000e+00,0.000000e+00,0.000000e+00,0.000000e+00,0.000000e+00
1.000000e+00,0.000000e+00,0.000000e+00,0.000000e+00,0.000000e+00,0.000000e+00,0.000000e+00,0.000000e+00,0.000000e+00,0.000000e+00,0.000000e+00,0.000000e+00,0.000000e+00,0.000000e+00,0.000000e+00
1.000000e+00,0.000000e+00,0.000000e+00,0.000000e+00,0.000000e+00,0.000000e+00,0.000000e+00,0.000000e+00,0.000000e+00,0.000000e+00,0.000000e+00,0.000000e+00,0.000000e+00,0.000000e+00,0.000000e+00
1.000000e+00,0.000000e+00,0.000000e+00,0.000000e+00,0.000000e+00,0.000000e+00,0.000000e+00,0.000000e+00,0.000000e+00,0.000000e+00,0.000000e+00,0.000000e+00,0.000000e+00,0.000000e+00,0.000000e+00
1.000000e+00,0.000000e+00,0.000000e+00,0.000000e+00,0.000000e+00,0.000000e+00,0.000000e+00,0.000000e+00,0.000000e+00,0.000000e+00,0.000000e+00,0.000000e+00,0.000000e+00,0.000000e+00,0.000000e+00
1.000000e+00,0.000000e+00,0.000000e+00,0.000000e+00,0.000000e+00,0.000000e+00,0.000000e+00,0.000000e+00,0.000000e+00,0.000000e+00,0.000000e+00,0.000000e+00,0.000000e+00,0.000000e+00,0.000000e+00
1.000000e+00,0.000000e+00,0.000000e+00,0.000000e+00,0.000000e+00,0.000000e+00,0.000000e+00,0.000000e+00,0.000000e+00,0.000000e+00,0.000000e+00,0.000000e+00,0.000000e+00,0.000000e+00,0.000000e+00
1.000000e+00,0.000000e+00,0.000000e+00,0.000000e+00,0.000000e+00,0.000000e+00,0.000000e+00,0.000000e+00,0.000000e+00,0.000000e+00,0.000000e+00,0.000000e+00,0.000000e+00,0.000000e+00,0.000000e+00
1.000000e+00,0.000000e+00,0.000000e+00,0.000000e+00,0.000000e+00,0.000000e+00,0.000000e+00,0.000000e+00,0.000000e+00,0.000000e+00,0.000000e+00,0.000000e+00,0.000000e+00,0.000000e+00,0.000000e+00
1.000000e+00,0.000000e+00,0.000000e+00,0.000000e+00,0.000000e+00,0.000000e+00,0.000000e+00,0.000000e+00,0.000000e+00,0.000000e+00,0.000000e+00,0.000000e+00,0.000000e+00,0.000000e+00,0.000000e+00
1.000000e+00,0.000000e+00,0.000000e+00,0.000000e+00,0.000000e+00,0.000000e+00,0.000000e+00,0.000000e+00,0.000000e+00,0.000000e+00,0.000000e+00,0.000000e+00,0.000000e+00,0.000000e+00,0.000000e+00
1.000000e+00,0.000000e+00,0.000000e+00,0.000000e+00,0.000000e+00,0.000000e+00,0.000000e+00,0.000000e+00,0.000000e+00,0.000000e+00,0.000000e+00,0.000000e+00,0.000000e+00,0.000000e+00,0.000000e+00
1.000000e+00,0.000000e+00,0.000000e+00,0.000000e+00,0.000000e+00,0.000000e+00,0.000000e+00,0.000000e+00,0.000000e+00,0.000000e+00,0.000000e+00,0.000000e+00,0.000000e+00,0.000000e+00,0.000000e+00
1.000000e+00,0.000000e+00,0.000000e+00,0.000000e+00,0.000000e+00,0.000000e+00,0.000000e+00,0.000000e+00,0.000000e+00,0.000000e+00,0.000000e+00,0.000000e+00,0.000000e+00,0.000000e+00,0.000000e+00
1.000000e+00,0.000000e+00,0.000000e+00,0.000000e+00,0.000000e+00,0.000000e+00,0.000000e+00,0.000000e+00,0.000000e+00,0.000000e+00,0.000000e+00,0.000000e+00,0.000000e+00,0.000000e+00,0.000000e+00
1.000000e+00,0.000000e+00,0.000000e+00,0.000000e+00,0.000000e+00,0.000000e+00,0.000000e+00,0.000000e+00,0.000000e+00,0.000000e+00,0.000000e+00,0.000000e+00,0.000000e+00,0.000000e+00,0.000000e+00
1.000000e+00,0.000000e+00,0.000000e+00,0.000000e+00,0.000000e+00,0.000000e+00,0.000000e+00,0.000000e+00,0.000000e+00,0.000000e+00,0.000000e+00,0.000000e+00,0.000000e+00,0.000000e+00,0.000000e+00
1.000000e+00,0.000000e+00,0.000000e+00,0.000000e+00,0.000000e+00,0.000000e+00,0.000000e+00,0.000000e+00,0.000000e+00,0.000000e+00,0.000000e+00,0.000000e+00,0.000000e+00,0.000000e+00,0.000000e+00
1.000000e+00,0.000000e+00,0.000000e+00,0.000000e+00,0.000000e+00,0.000000e+00,0.000000e+00,0.000000e+00,0.000000e+00,0.000000e+00,0.000000e+00,0.000000e+00,0.000000e+00,0.000000e+00,0.000000e+00
1.000000e+00,0.000000e+00,0.000000e+00,0.000000e+00,0.000000e+00,0.000000e+00,0.000000e+00,0.000000e+00,0.000000e+00,0.000000e+00,0.000000e+00,0.000000e+00,0.000000e+00,0.000000e+00,0.000000e+00
1.000000e+00,0.000000e+00,0.000000e+00,0.000000e+00,0.000000e+00,0.000000e+00,0.000000e+00,0.000000e+00,0.000000e+00,0.000000e+00,0.000000e+00,0.000000e+00,0.000000e+00,0.000000e+00,0.000000e+00
1.000000e+00,0.000000e+00,0.000000e+00,0.000000e+00,0.000000e+00,0.000000e+00,0.000000e+00,0.000000e+00,0.000000e+00,0.000000e+00,0.000000e+00,0.000000e+00,0.000000e+00,0.000000e+00,0.000000e+00
1.000000e+00,0.000000e+00,0.000000e+00,0.000000e+00,0.000000e+00,0.000000e+00,0.000000e+00,0.000000e+00,0.000000e+00,0.000000e+00,0.000000e+00,0.000000e+00,0.000000e+00,0.000000e+00,0.000000e+00
1.000000e+00,0.000000e+00,0.000000e+00,0.000000e+00,0.000000e+00,0.000000e+00,0.000000e+00,0.000000e+00,0.000000e+00,0.000000e+00,0.000000e+00,0.000000e+00,0.000000e+00,0.000000e+00,0.000000e+00
1.000000e+00,0.000000e+00,0.000000e+00,0.000000e+00,0.000000e+00,0.000000e+00,0.000000e+00,0.000000e+00,0.000000e+00,0.000000e+00,0.000000e+00,0.000000e+00,0.000000e+00,0.000000e+00,0.000000e+00
1.000000e+00,0.000000e+00,0.000000e+00,0.000000e+00,0.000000e+00,0.000000e+00,0.000000e+00,0.000000e+00,0.000000e+00,0.000000e+00,0.000000e+00,0.000000e+00,0.000000e+00,0.000000e+00,0.000000e+00
1.000000e+00,0.000000e+00,0.000000e+00,0.000000e+00,0.000000e+00,0.000000e+00,0.000000e+00,0.000000e+00,0.000000e+00,0.000000e+00,0.000000e+00,0.000000e+00,0.000000e+00,0.000000e+00,0.000000e+00
1.000000e+00,0.000000e+00,0.000000e+00,0.000000e+00,0.000000e+00,0.000000e+00,0.000000e+00,0.000000e+00,0.000000e+00,0.000000e+00,0.000000e+00,0.000000e+00,0.000000e+00,0.000000e+00,0.000000e+00
1.000000e+00,0.000000e+00,0.000000e+00,0.000000e+00,0.000000e+00,0.000000e+00,0.000000e+00,0.000000e+00,0.000000e+00,0.000000e+00,0.000000e+00,0.000000e+00,0.000000e+00,0.000000e+00,0.000000e+00
1.000000e+00,0.000000e+00,0.000000e+00,0.000000e+00,0.000000e+00,0.000000e+00,0.000000e+00,0.000000e+00,0.000000e+00,0.000000e+00,0.000000e+00,0.000000e+00,0.000000e+00,0.000000e+00,0.000000e+00
1.000000e+00,0.000000e+00,0.000000e+00,0.000000e+00,0.000000e+00,0.000000e+00,0.000000e+00,0.000000e+00,0.000000e+00,0.000000e+00,0.000000e+00,0.000000e+00,0.000000e+00,0.000000e+00,0.000000e+00
1.000000e+00,0.000000e+00,0.000000e+00,0.000000e+00,0.000000e+00,0.000000e+00,0.000000e+00,0.000000e+00,0.000000e+00,0.000000e+00,0.000000e+00,0.000000e+00,0.000000e+00,0.000000e+00,0.000000e+00
1.000000e+00,0.000000e+00,0.000000e+00,0.000000e+00,0.000000e+00,0.000000e+00,0.000000e+00,0.000000e+00,0.000000e+00,0.000000e+00,0.000000e+00,0.000000e+00,0.000000e+00,0.000000e+00,0.000000e+00
1.000000e+00,0.000000e+00,0.000000e+00,0.000000e+00,0.000000e+00,0.000000e+00,0.000000e+00,0.000000e+00,0.000000e+00,0.000000e+00,0.000000e+00,0.000000e+00,0.000000e+00,0.000000e+00,0.000000e+00
1.000000e+00,0.000000e+00,0.000000e+00,0.000000e+00,0.000000e+00,0.000000e+00,0.000000e+00,0.000000e+00,0.000000e+00,0.000000e+00,0.000000e+00,0.000000e+00,0.000000e+00,0.000000e+00,0.000000e+00
1.000000e+00,0.000000e+00,0.000000e+00,0.000000e+00,0.000000e+00,0.000000e+00,0.000000e+00,0.000000e+00,0.000000e+00,0.000000e+00,0.000000e+00,0.000000e+00,0.000000e+00,0.000000e+00,0.000000e+00
1.000000e+00,0.000000e+00,0.000000e+00,0.000000e+00,0.000000e+00,0.000000e+00,0.000000e+00,0.000000e+00,0.000000e+00,0.000000e+00,0.000000e+00,0.000000e+00,0.000000e+00,0.000000e+00,0.000000e+00
1.000000e+00,0.000000e+00,0.000000e+00,0.000000e+00,0.000000e+00,0.000000e+00,0.000000e+00,0.000000e+00,0.000000e+00,0.000000e+00,0.000000e+00,0.000000e+00,0.000000e+00,0.000000e+00,0.000000e+00
1.000000e+00,0.000000e+00,0.000000e+00,0.000000e+00,0.000000e+00,0.000000e+00,0.000000e+00,0.000000e+00,0.000000e+00,0.000000e+00,0.000000e+00,0.000000e+00,0.000000e+00,0.000000e+00,0.000000e+00
1.000000e+00,0.000000e+00,0.000000e+00,0.000000e+00,0.000000e+00,0.000000e+00,0.000000e+00,0.000000e+00,0.000000e+00,0.000000e+00,0.000000e+00,0.000000e+00,0.000000e+00,0.000000e+00,0.000000e+00
1.000000e+00,0.000000e+00,0.000000e+00,0.000000e+00,0.000000e+00,0.000000e+00,0.000000e+00,0.000000e+00,0.000000e+00,0.000000e+00,0.000000e+00,0.000000e+00,0.000000e+00,0.000000e+00,0.000000e+00
1.000000e+00,0.000000e+00,0.000000e+00,0.000000e+00,0.000000e+00,0.000000e+00,0.000000e+00,0.000000e+00,0.000000e+00,0.000000e+00,0.000000e+00,0.000000e+00,0.000000e+00,0.000000e+00,0.000000e+00
1.000000e+00,0.000000e+00,0.000000e+00,0.000000e+00,0.000000e+00,0.000000e+00,0.000000e+00,0.000000e+00,0.000000e+00,0.000000e+00,0.000000e+00,0.000000e+00,0.000000e+00,0.000000e+00,0.000000e+00
4.400249e-01,3.087532e-02,1.680514e-02,3.263865e-02,3.788516e-03,2.351107e-02,1.803780e-03,6.683330e-03,6.539963e-03,3.330865e-03,3.476835e-01,2.798669e-02,8.433419e-03,1.441690e-02,3.547809e-02
3.371684e-01,2.569834e-02,1.526064e-02,2.638454e-02,3.124317e-03,1.985041e-02,1.352975e-03,5.828501e-03,7.055875e-03,4.243125e-03,4.583504e-01,3.125240e-02,6.485325e-03,2.842182e-02,2.952297e-02
2.789994e-01,2.154419e-02,1.284922e-02,2.333805e-02,3.143334e-03,2.022672e-02,1.294456e-03,6.342282e-03,8.649848e-03,3.912319e-03,5.015180e-01,2.919514e-02,5.258045e-03,5.817366e-02,2.555533e-02
2.340299e-01,1.856419e-02,1.455112e-02,2.023368e-02,5.184457e-03,5.063989e-02,2.839833e-03,1.032115e-02,1.123873e-02,4.687473e-03,5.095406e-01,3.085195e-02,4.936233e-03,6.310220e-02,1.927864e-02
1.712227e-01,1.528141e-02,1.311140e-02,1.688340e-02,1.581614e-02,3.996596e-02,2.534697e-03,1.093557e-02,1.873312e-02,4.961491e-02,5.040197e-01,4.166688e-02,3.902889e-03,7.654449e-02,1.976672e-02
1.213680e-01,1.280208e-02,9.855482e-03,1.272055e-02,1.917873e-02,3.018516e-02,2.089559e-03,8.086828e-03,2.334831e-02,1.184440e-01,5.022793e-01,4.329181e-02,3.113394e-03,7.765547e-02,1.558119e-02
9.188975e-02,1.028349e-02,7.232395e-03,9.278735e-03,1.381416e-02,2.458368e-02,1.595812e-03,5.875160e-03,1.847526e-02,1.470248e-01,5.446327e-01,3.525710e-02,2.819676e-03,7.498716e-02,1.225005e-02
7.104982e-02,8.239875e-03,5.206015e-03,7.040487e-03,9.934009e-03,2.266588e-02,1.231907e-03,4.394312e-03,1.794417e-02,1.703902e-01,5.669004e-01,3.173614e-02,2.727661e-03,6.957754e-02,1.096148e-02
5.038038e-02,1.329843e-02,4.520883e-03,5.368113e-03,7.638484e-03,1.656100e-02,1.188745e-03,3.297950e-03,2.295952e-02,2.085052e-01,5.187814e-01,4.622139e-02,2.135737e-03,8.355846e-02,1.558434e-02
3.784059e-02,9.689895e-03,3.432099e-03,3.799825e-03,5.468074e-03,1.382492e-02,9.605632e-04,2.401108e-03,1.675771e-02,1.728179e-01,6.065449e-01,3.670454e-02,1.578262e-03,7.567091e-02,1.250871e-02
2.659400e-02,6.892283e-03,2.430963e-03,2.665389e-03,3.847927e-03,1.030413e-02,6.809107e-04,1.688072e-03,1.188800e-02,1.572007e-01,6.816931e-01,2.678088e-02,1.123049e-03,5.692165e-02,9.288870e-03
1.867604e-02,5.007364e-03,1.717688e-03,1.895012e-03,3.922482e-03,7.426085e-03,4.869050e-04,1.198704e-03,1.561029e-02,3.859859e-01,4.899059e-01,1.937397e-02,9.620411e-04,4.100254e-02,6.829031e-03
1.311316e-02,3.779640e-03,1.228937e-03,1.365789e-03,5.007238e-03,5.309972e-03,3.663255e-04,8.811021e-04,1.501131e-02,5.597170e-01,3.455935e-01,1.374795e-02,7.564722e-04,2.914555e-02,4.976048e-03
9.285085e-03,4.506516e-03,9.486582e-04,1.001414e-03,4.030414e-03,5.520401e-03,3.131782e-04,6.574213e-04,1.269481e-02,6.838378e-01,2.426227e-01,9.697202e-03,5.773905e-04,2.059025e-02,3.716821e-03
6.626179e-03,5.521602e-03,7.029932e-04,8.477815e-04,4.037409e-03,4.609956e-03,2.309808e-04,4.782889e-04,1.515170e-02,7.609531e-01,1.739959e-01,7.928753e-03,6.755218e-04,1.504780e-02,3.192018e-03
4.730423e-03,7.007694e-03,5.174857e-04,6.631382e-04,3.473993e-03,3.944722e-03,1.655376e-04,3.413520e-04,1.550248e-02,8.141659e-01,1.278983e-01,6.813356e-03,8.612995e-04,1.146152e-02,2.452748e-03
3.830138e-03,1.478474e-01,2.724278e-03,5.547695e-04,4.042702e-03,7.450179e-03,1.649284e-04,3.036743e-04,3.326350e-02,6.674775e-01,1.125751e-01,6.224241e-03,2.848444e-03,8.476757e-03,2.216355e-03
3.768187e-03,1.329226e-01,6.740119e-02,2.010721e-03,7.168398e-03,6.665917e-03,3.002695e-04,2.003896e-03,3.237075e-02,6.265936e-01,1.008101e-01,5.559470e-03,2.894877e-03,7.176776e-03,2.353189e-03
4.421622e-03,1.344439e-01,2.327227e-01,2.166097e-03,7.816942e-03,1.355336e-02,3.969145e-04,1.658643e-03,2.814402e-02,4.871590e-01,7.290266e-02,4.200659e-03,2.268519e-03,5.462935e-03,2.682040e-03
9.416685e-03,1.400809e-01,3.653563e-01,2.490187e-03,7.015505e-03,1.953712e-02,6.587403e-04,1.759005e-03,2.638461e-02,3.634472e-01,5.240463e-02,3.238138e-03,1.709791e-03,4.042507e-03,2.458779e-03
1.777650e-02,1.314017e-01,4.620479e-01,4.018716e-03,6.813261e-03,2.060054e-02,1.025248e-03,2.794739e-03,2.604508e-02,2.797619e-01,3.825144e-02,2.743214e-03,1.380545e-03,3.063175e-03,2.276153e-03
3.479304e-02,1.723113e-01,4.327646e-01,7.313629e-03,1.075410e-02,2.131690e-02,1.293613e-03,3.678120e-03,4.936426e-02,2.205493e-01,3.433872e-02,3.939445e-03,2.282332e-03,2.905851e-03,2.394778e-03
4.373929e-02,1.760424e-01,3.618283e-01,8.544710e-03,1.318497e-02,2.412808e-02,1.473500e-03,5.800899e-03,5.953312e-02,2.557746e-01,3.504286e-02,5.321129e-03,2.814314e-03,3.880188e-03,2.891621e-03
4.672212e-02,2.452777e-01,2.791984e-01,8.171436e-03,1.381211e-02,2.298816e-02,1.554352e-03,5.567218e-03,5.646772e-02,2.748286e-01,2.756015e-02,5.610854e-03,2.646302e-03,4.020936e-03,5.573977e-03
5.282410e-02,1.949390e-01,2.180134e-01,7.222063e-03,1.236145e-02,4.623935e-02,1.768926e-03,6.595367e-03,4.402745e-02,3.653222e-01,2.087336e-02,5.541965e-03,2.983689e-03,4.394961e-03,1.689269e-02
5.904265e-02,1.446046e-01,1.696527e-01,7.295727e-03,1.326477e-02,4.976234e-02,2.414987e-03,7.397755e-03,3.441181e-02,4.439945e-01,1.766673e-02,6.259081e-03,6.426006e-03,4.593072e-03,3.321320e-02
6.421728e-02,1.071602e-01,1.754596e-01,8.450134e-03,1.284215e-02,4.241321e-02,2.397005e-03,8.564144e-03,2.859100e-02,4.846908e-01,1.711343e-02,5.830531e-03,5.987627e-03,6.537444e-03,2.974538e-02
8.070061e-02,7.811690e-02,1.359051e-01,7.743959e-03,1.382754e-02,3.503856e-02,1.852703e-03,7.719009e-03,2.790040e-02,5.201951e-01,1.558624e-02,5.068403e-03,5.222341e-03,2.090514e-02,4.421799e-02
1.138912e-01,5.721124e-02,1.014386e-01,6.056929e-03,1.516122e-02,3.006522e-02,1.530120e-03,6.372032e-03,7.548574e-02,4.700912e-01,1.361648e-02,4.297324e-03,4.601202e-03,3.567648e-02,6.450503e-02
1.539664e-01,4.230850e-02,7.573700e-02,4.842066e-03,1.469096e-02,2.404560e-02,1.400832e-03,5.894778e-03,1.291272e-01,3.886895e-01,1.553191e-02,3.973833e-03,4.914688e-03,7.630549e-02,5.857130e-02
1.755502e-01,3.162639e-02,5.536141e-02,3.746527e-03,2.596623e-02,1.838406e-02,1.250028e-03,6.085523e-03,1.853538e-01,3.149831e-01,1.696645e-02,3.256697e-03,4.770094e-03,9.146641e-02,6.523307e-02
1.844670e-01,2.568025e-02,4.085593e-02,4.320844e-03,2.120799e-02,1.735867e-02,1.322644e-03,7.172924e-03,2.922742e-01,2.275294e-01,2.346530e-02,3.223738e-03,4.382974e-03,8.451833e-02,6.221984e-02
2.010367e-01,1.868381e-02,3.051950e-02,3.361386e-03,1.818040e-02,2.274827e-02,1.288237e-03,8.427839e-03,3.674809e-01,1.615401e-01,2.651457e-02,3.314499e-03,3.819192e-03,8.557695e-02,4.750760e-02
2.800018e-01,2.371364e-02,2.674381e-02,1.736130e-02,2.520910e-02,2.717675e-02,2.673496e-03,9.765212e-03,3.177356e-01,1.139399e-01,2.599455e-02,1.413529e-02,6.437567e-03,7.105722e-02,3.805468e-02
3.578089e-01,1.955388e-02,2.037541e-02,1.429101e-02,2.605571e-02,2.458358e-02,2.283075e-03,7.533411e-03,2.787442e-01,8.085996e-02,2.393642e-02,1.528605e-02,8.174232e-03,8.302004e-02,3.749406e-02
3.766503e-01,1.647622e-02,1.798106e-02,1.579433e-02,2.417278e-02,2.747436e-02,2.602264e-03,1.008782e-02,2.779717e-01,5.856002e-02,2.293720e-02,1.726005e-02,8.987142e-03,8.897255e-02,3.407223e-02
3.622250e-01,1.474277e-02,1.433615e-02,1.354104e-02,2.931420e-02,2.538242e-02,2.086779e-03,8.474046e-03,2.683872e-01,4.330094e-02,2.225165e-02,1.496616e-02,8.108315e-03,1.261429e-01,4.674046e-02
2.987483e-01,1.379586e-02,1.899040e-02,2.616973e-02,3.317229e-02,2.187126e-02,1.651370e-03,2.267498e-02,3.227630e-01,3.437003e-02,2.097537e-02,1.395892e-02,7.398577e-03,1.128511e-01,5.060872e-02
2.268645e-01,1.213804e-02,9.768832e-02,8.763792e-02,3.884795e-02,1.981517e-02,1.240019e-03,2.142723e-02,3.019119e-01,2.853076e-02,1.670555e-02,1.147721e-02,6.152427e-03,8.439746e-02,4.516549e-02
1.638033e-01,9.884146e-03,2.886031e-01,7.728705e-02,3.317434e-02,1.528224e-02,8.952128e-04,1.736306e-02,2.484314e-01,2.324283e-02,1.222463e-02,8.257200e-03,4.464971e-03,6.148736e-02,3.559913e-02
1.243941e-01,7.991275e-03,4.091789e-01,6.478655e-02,3.119719e-02,1.188532e-02,6.561053e-04,1.739354e-02,2.191209e-01,2.038008e-02,8.994289e-03,5.929070e-03,3.254233e-03,4.702773e-02,2.781069e-02
9.261064e-02,6.766424e-03,5.220651e-01,5.272428e-02,2.346672e-02,9.059886e-03,4.770694e-04,1.446731e-02,1.697825e-01,2.723591e-02,6.594173e-03,4.212929e-03,2.322562e-03,3.547632e-02,3.273811e-02
8.176720e-02,8.098294e-03,5.335465e-01,5.079923e-02,2.133447e-02,7.599041e-03,3.823908e-04,1.390558e-02,1.669972e-01,3.193460e-02,5.086794e-03,3.044680e-03,1.723005e-03,3.661219e-02,3.716882e-02
7.130837e-02,9.343752e-03,4.406574e-01,4.187590e-02,1.604037e-02,6.019264e-03,2.939224e-04,1.043810e-02,1.469676e-01,1.213846e-01,3.957500e-03,2.173135e-03,1.310015e-03,3.111397e-02,9.711609e-02
6.092010e-02,9.681933e-03,4.342254e-01,4.312041e-02,1.250916e-02,4.722661e-03,2.404377e-04,8.004263e-03,1.201790e-01,1.427249e-01,3.103626e-03,1.618940e-03,1.020162e-03,2.389417e-02,1.340348e-01
4.311608e-02,7.583241e-03,4.117547e-01,3.071694e-02,8.791630e-03,3.439281e-03,1.741585e-04,5.614538e-03,8.966876e-02,1.689783e-01,2.697814e-03,1.155674e-03,7.332294e-04,2.082853e-02,2.047471e-01
3.094553e-02,6.641845e-03,3.396674e-01,2.197860e-02,6.393201e-03,2.747733e-03,1.773692e-04,4.021591e-03,6.900646e-02,2.115315e-01,8.792228e-03,1.698080e-03,9.807174e-04,4.107222e-02,2.543455e-01
2.835664e-02,7.329182e-03,2.683178e-01,1.595988e-02,4.752860e-03,2.531762e-03,1.862844e-04,2.898376e-03,5.461702e-02,2.099169e-01,1.478372e-02,1.925668e-03,1.051252e-03,9.289578e-02,2.944769e-01
2.024009e-02,6.190648e-03,2.108166e-01,1.138719e-02,3.430470e-03,2.230815e-03,2.254854e-04,2.139964e-03,4.231559e-02,1.748251e-01,7.950006e-02,1.768227e-03,1.163412e-03,2.036142e-01,2.401521e-01
1.599721e-02,5.169490e-03,1.535947e-01,8.268381e-03,2.648294e-03,2.296939e-03,3.463261e-04,2.122900e-03,3.245633e-02,1.504241e-01,1.722534e-01,4.035254e-03,1.481525e-03,2.790692e-01,1.698360e-01
1.197262e-02,3.878618e-03,1.083450e-01,6.044306e-03,2.033237e-03,1.927551e-03,3.138243e-04,1.672109e-03,2.596715e-02,1.194586e-01,2.021077e-01,4.154544e-03,1.280775e-03,3.911940e-01,1.196499e-01
9.014334e-03,2.878314e-03,7.614746e-02,5.191606e-03,1.658277e-03,2.177804e-03,2.610740e-04,1.485954e-03,2.757009e-02,8.794629e-02,2.139931e-01,4.190872e-03,1.015014e-03,4.823532e-01,8.411665e-02
7.360824e-03,2.165390e-03,5.341255e-02,4.242597e-03,1.410675e-03,1.982089e-03,2.192762e-04,1.317542e-03,3.105577e-02,6.451111e-02,2.247206e-01,5.600219e-03,8.487063e-04,5.419460e-01,5.920666e-02
5.333131e-03,1.616310e-03,3.745933e-02,3.585604e-03,1.249718e-03,1.755591e-03,2.046485e-04,1.058852e-03,3.861856e-02,4.837621e-02,2.167392e-01,4.744077e-03,6.531264e-04,5.968339e-01,4.177165e-02
4.065346e-03,2.562500e-03,2.757398e-02,8.183624e-03,1.002345e-02,9.720712e-03,1.658847e-03,1.281119e-03,8.681420e-02,3.602307e-02,2.129463e-01,4.017489e-03,8.158338e-04,5.641804e-01,3.013322e-02
3.209158e-03,2.329491e-03,2.012038e-02,1.707450e-02,1.483835e-02,1.061600e-02,1.904727e-03,1.900244e-03,9.476020e-02,2.811872e-02,2.112225e-01,3.502551e-03,2.298675e-03,5.653932e-01,2.271131e-02
3.326356e-03,2.049019e-03,1.450169e-02,1.597841e-02,1.237818e-02,1.594428e-02,1.661791e-03,1.707107e-03,9.228748e-02,2.171945e-02,2.388808e-01,4.649590e-03,4.382884e-03,5.535479e-01,1.698500e-02
2.599859e-03,1.807075e-03,1.024389e-02,1.302070e-02,9.747117e-03,1.846625e-02,1.289869e-03,1.277856e-03,7.806230e-02,1.740897e-02,3.118879e-01,5.948433e-03,1.174727e-02,5.040429e-01,1.244953e-02
2.122605e-03,1.977537e-03,7.227279e-03,9.884392e-03,8.755296e-03,1.893108e-02,9.886982e-04,9.475995e-04,7.516985e-02,1.459335e-02,3.590805e-01,8.876903e-03,2.107593e-02,4.613228e-01,9.046141e-03
2.172997e-03,2.044414e-03,5.388994e-03,8.044881e-03,1.062268e-02,2.011584e-02,1.177119e-03,3.136029e-03,1.409264e-01,1.543314e-02,3.698311e-01,8.239052e-03,2.018767e-02,3.861137e-01,6.565992e-03
1.664886e-03,1.705493e-03,3.816317e-03,5.909630e-03,8.139791e-03,1.509893e-02,9.095500e-04,2.282537e-03,1.232054e-01,1.266764e-02,4.482619e-01,7.526735e-03,1.717107e-02,3.469223e-01,4.717834e-03
1.286651e-03,1.843760e-03,2.765005e-03,4.880768e-03,6.868592e-03,1.640773e-02,7.164183e-04,2.159671e-03,1.446383e-01,1.270664e-02,4.950126e-01,8.929956e-03,1.485387e-02,2.832334e-01,3.696625e-03
9.677975e-04,2.261110e-03,1.989519e-03,3.678331e-03,5.606258e-03,1.324279e-02,5.640842e-04,1.639572e-03,2.151401e-01,1.216318e-02,5.051569e-01,9.925844e-03,1.257127e-02,2.123595e-01,2.733647e-03
1.496492e-03,9.516052e-03,2.673731e-03,8.202347e-03,9.426412e-03,1.268916e-02,6.726857e-04,6.960007e-03,3.597053e-01,1.881409e-02,3.929767e-01,8.652659e-03,1.282129e-02,1.531145e-01,2.278570e-03
2.491572e-03,4.397820e-02,3.872474e-03,2.936201e-02,1.206588e-02,1.008193e-02,5.987795e-04,1.127233e-02,4.099911e-01,1.747180e-02,3.264495e-01,9.148693e-03,1.253491e-02,1.086838e-01,1.997076e-03
2.946186e-03,5.638209e-02,3.372500e-03,2.507951e-02,1.156377e-02,8.148298e-03,5.281749e-04,1.131672e-02,5.069736e-01,1.556722e-02,2.604367e-01,8.196607e-03,1.019580e-02,7.729132e-02,2.001607e-03
4.067075e-03,7.604443e-02,4.270798e-03,2.194766e-02,1.233728e-02,8.032181e-03,1.129028e-03,3.351779e-02,5.345802e-01,1.216651e-02,2.111495e-01,8.951105e-03,1.361452e-02,5.564813e-02,2.543821e-03
5.391380e-03,9.211718e-02,6.918744e-03,1.631597e-02,1.267716e-02,6.771817e-03,1.850874e-03,9.277894e-02,5.361699e-01,1.011644e-02,1.584833e-01,7.017257e-03,1.111742e-02,3.989702e-02,2.376660e-03
5.756929e-03,8.822029e-02,1.591230e-02,1.187731e-02,1.524761e-02,5.817711e-03,5.535921e-03,1.522381e-01,5.280178e-01,8.373424e-03,1.183861e-01,5.253718e-03,8.648079e-03,2.874024e-02,1.974459e-03
5.868938e-03,1.052881e-01,1.429533e-02,8.398397e-03,1.523461e-02,7.243756e-03,1.074718e-02,1.878372e-01,5.177094e-01,6.712234e-03,8.578435e-02,4.043738e-03,8.308953e-03,2.057655e-02,1.951180e-03
6.087842e-03,1.090296e-01,1.183243e-02,5.979163e-03,1.962534e-02,1.158262e-02,1.416710e-02,1.924972e-01,5.312070e-01,5.996724e-03,6.331638e-02,3.317614e-03,8.181998e-03,1.525196e-02,1.927044e-03
1.312601e-02,1.170757e-01,1.155219e-02,4.438054e-03,2.972209e-02,3.153034e-02,2.406680e-02,2.188888e-01,4.671799e-01,5.278309e-03,4.517351e-02,4.234068e-03,1.357537e-02,1.128775e-02,2.871190e-03
1.756305e-02,1.180245e-01,1.110624e-02,3.389429e-03,3.111219e-02,3.494212e-02,3.295826e-02,2.359272e-01,4.431962e-01,5.092138e-03,3.207730e-02,3.912913e-03,1.883494e-02,8.255932e-03,3.607720e-03
2.291923e-02,1.271200e-01,1.182511e-02,2.609777e-03,3.326711e-02,2.925181e-02,4.314053e-02,2.202338e-01,4.469342e-01,4.565058e-03,2.284762e-02,3.198568e-03,2.064320e-02,6.177779e-03,5.266197e-03
2.727387e-02,1.081230e-01,1.672662e-02,2.184732e-03,4.252783e-02,2.855981e-02,6.849740e-02,1.975443e-01,4.543319e-01,5.509854e-03,1.655443e-02,3.178451e-03,1.894332e-02,4.788052e-03,5.256421e-03
3.201773e-02,9.354745e-02,2.406618e-02,1.767191e-03,4.395652e-02,2.564842e-02,1.194586e-01,1.639624e-01,4.448440e-01,6.443370e-03,1.222290e-02,2.829764e-03,2.023937e-02,3.620771e-03,5.375272e-03
3.959463e-02,8.342458e-02,2.635094e-02,1.628192e-03,4.182353e-02,2.315969e-02,1.596818e-01,1.353084e-01,4.475039e-01,5.770789e-03,9.013695e-03,2.237930e-03,1.604869e-02,2.635984e-03,5.817128e-03
4.777106e-02,7.466554e-02,2.333655e-02,1.671975e-03,3.965122e-02,1.964309e-02,1.598997e-01,1.208195e-01,4.790954e-01,4.858620e-03,6.936603e-03,1.852564e-03,1.277475e-02,1.949244e-03,5.074231e-03
8.245279e-02,7.272375e-02,2.464518e-02,4.697829e-03,4.762453e-02,2.767775e-02,1.392358e-01,1.047780e-01,4.260564e-01,9.536010e-03,1.051624e-02,3.936129e-03,2.983334e-02,1.736331e-03,1.455001e-02
8.969125e-02,7.266796e-02,2.002350e-02,1.127806e-02,3.789169e-02,3.354473e-02,1.066328e-01,7.630131e-02,3.613128e-01,2.117776e-02,1.786834e-02,9.161231e-03,9.248244e-02,1.781963e-03,4.818416e-02
1.545588e-01,6.291177e-02,2.035841e-02,1.636053e-02,2.935840e-02,3.308088e-02,8.951387e-02,6.172493e-02,2.722567e-01,4.768192e-02,2.099301e-02,1.222875e-02,8.827627e-02,3.571767e-03,8.712406e-02
2.429852e-01,4.917556e-02,1.717420e-02,1.325722e-02,2.453606e-02,3.025348e-02,6.888146e-02,4.707933e-02,2.080904e-01,4.106151e-02,1.944136e-02,1.274509e-02,9.978564e-02,5.777673e-03,1.197559e-01
3.061059e-01,3.998928e-02,1.743155e-02,1.096051e-02,2.285457e-02,2.544230e-02,5.286508e-02,3.984697e-02,1.610397e-01,3.118651e-02,1.669149e-02,1.421371e-02,1.132273e-01,6.454257e-03,1.416909e-01
3.085582e-01,3.681815e-02,1.615806e-02,2.540966e-02,3.556248e-02,2.905312e-02,3.933995e-02,3.270996e-02,1.222788e-01,2.469774e-02,1.802341e-02,4.941771e-02,1.336222e-01,7.765975e-03,1.205846e-01
3.050208e-01,3.119947e-02,1.343980e-02,3.383682e-02,2.923844e-02,2.839218e-02,2.978048e-02,3.097997e-02,9.956113e-02,2.361058e-02,2.151737e-02,6.800844e-02,1.765033e-01,8.038475e-03,1.008727e-01
3.843158e-01,2.835839e-02,1.399677e-02,2.911390e-02,2.585869e-02,2.514094e-02,2.492712e-02,4.098919e-02,8.424419e-02,1.748021e-02,1.696880e-02,6.178920e-02,1.631890e-01,6.870923e-03,7.675683e-02
4.346298e-01,2.666996e-02,1.525120e-02,2.729280e-02,2.390412e-02,2.534074e-02,2.527124e-02,4.698082e-02,7.356147e-02,1.284654e-02,1.299743e-02,5.072390e-02,1.509199e-01,5.687754e-03,6.792227e-02
4.275294e-01,2.311757e-02,1.551409e-02,2.569328e-02,2.301220e-02,2.269041e-02,2.325040e-02,1.109561e-01,6.170590e-02,9.353002e-03,1.006745e-02,4.052578e-02,1.445936e-01,4.521928e-03,5.746887e-02
3.907055e-01,2.381515e-02,2.602532e-02,8.733275e-02,2.101033e-02,2.625263e-02,1.770880e-02,1.404076e-01,4.789465e-02,7.796367e-03,8.379783e-03,3.717473e-02,1.173006e-01,3.398753e-03,4.479709e-02
4.142318e-01,1.903587e-02,3.639425e-02,8.006204e-02,1.866498e-02,3.288169e-02,1.370803e-02,1.539906e-01,3.611401e-02,5.992850e-03,7.194077e-03,3.353079e-02,1.122377e-01,2.567838e-03,3.339346e-02
4.130527e-01,1.538292e-02,3.144946e-02,6.314079e-02,1.698785e-02,4.857276e-02,1.330011e-02,1.849781e-01,2.811055e-02,4.553789e-03,5.811474e-03,3.108791e-02,1.155335e-01,1.981098e-03,2.605701e-02
3.988360e-01,1.280753e-02,2.758977e-02,4.731790e-02,1.417214e-02,9.577367e-02,1.485312e-02,1.664167e-01,2.131482e-02,3.499381e-03,5.508112e-03,2.612640e-02,1.420560e-01,1.664505e-03,2.206397e-02
3.770345e-01,1.011636e-02,2.437192e-02,3.456079e-02,1.240566e-02,1.389345e-01,1.698517e-02,1.637368e-01,1.630399e-02,2.695295e-03,4.624888e-03,2.027064e-02,1.591653e-01,1.328159e-03,1.746596e-02
3.186733e-01,9.851476e-03,2.486571e-02,2.486368e-02,1.041748e-02,1.380176e-01,1.507794e-02,1.814872e-01,1.589926e-02,2.092197e-03,3.639513e-03,1.501398e-02,2.250503e-01,1.127750e-03,1.392257e-02
2.579270e-01,8.743873e-03,2.595119e-02,1.787709e-02,1.179268e-02,1.128738e-01,1.281830e-02,1.490595e-01,2.037025e-02,1.557013e-03,2.831916e-03,1.119569e-02,3.552021e-01,9.164406e-04,1.088309e-02
2.321133e-01,9.685881e-03,2.946271e-02,1.396837e-02,1.318771e-02,9.839889e-02,1.255778e-02,1.261523e-01,3.167228e-02,1.271983e-03,2.227451e-03,8.490116e-03,4.102097e-01,8.659951e-04,9.735473e-03
1.819136e-01,1.212467e-02,1.033432e-01,1.244500e-02,1.113687e-02,9.981193e-02,1.023721e-02,1.278366e-01,2.738721e-02,6.742691e-03,4.381057e-02,2.369327e-02,3.248054e-01,3.817004e-03,1.089472e-02
1.801373e-01,1.131674e-02,9.558480e-02,1.068061e-02,9.015786e-03,1.103291e-01,1.002889e-02,1.214128e-01,2.292242e-02,1.945254e-02,7.692870e-02,2.965385e-02,2.769397e-01,8.739626e-03,1.685710e-02
1.353196e-01,1.155535e-02,7.043095e-02,9.301639e-03,7.120725e-03,9.167263e-02,1.069861e-02,8.934977e-02,3.102942e-02,3.188815e-02,1.008835e-01,2.796207e-02,2.258748e-01,4.250517e-02,1.144075e-01
9.594299e-02,1.138972e-02,5.237832e-02,9.455229e-03,6.110619e-03,7.002378e-02,1.079183e-02,6.407446e-02,3.175021e-02,7.476538e-02,1.149261e-01,2.269088e-02,1.755905e-01,4.254181e-02,2.175681e-01
7.205183e-02,9.904865e-03,3.944805e-02,9.695189e-03,7.272427e-03,5.146838e-02,8.358816e-03,4.623633e-02,2.890520e-02,8.988395e-02,1.018789e-01,1.760550e-02,1.395188e-01,3.691895e-02,3.408529e-01
5.810148e-02,1.012328e-02,3.161131e-02,7.894424e-03,1.895954e-02,3.734035e-02,6.628619e-03,3.306087e-02,2.859072e-02,8.682460e-02,9.563838e-02,1.456484e-02,1.123695e-01,3.723658e-02,4.210554e-01
4.612403e-02,1.023387e-02,2.411354e-02,6.667383e-03,3.166603e-02,2.761898e-02,5.236682e-03,2.412604e-02,4.324519e-02,7.940775e-02,8.595622e-02,1.120178e-02,9.278928e-02,3.215773e-02,4.794555e-01
3.425279e-02,1.449918e-02,1.887919e-02,5.603347e-03,2.381486e-02,2.277367e-02,3.821389e-03,1.705900e-02,1.187971e-01,6.483205e-02,7.659124e-02,9.444758e-03,7.230476e-02,3.900989e-02,4.783168e-01
3.606853e-02,1.649722e-02,2.327538e-02,6.781548e-03,1.975934e-02,1.843307e-02,2.850266e-03,1.212625e-02,1.953496e-01,5.133162e-02,6.773626e-02,7.329509e-03,5.502736e-02,3.636971e-02,4.510643e-01
5.282987e-02,1.859869e-02,1.870447e-02,5.517218e-03,1.902045e-02,1.528032e-02,2.231893e-03,8.669159e-03,2.109121e-01,4.299846e-02,5.834557e-02,5.459283e-03,4.198055e-02,4.562897e-02,4.538230e-01
9.799592e-02,2.040333e-02,1.816767e-02,4.476926e-03,1.741697e-02,1.193753e-02,1.955649e-03,6.802997e-03,2.020093e-01,3.212188e-02,6.772972e-02,4.927637e-03,3.437879e-02,5.762620e-02,4.220495e-01
2.126154e-01,1.835483e-02,1.344892e-02,3.277508e-03,5.328741e-02,9.427018e-03,1.595230e-03,5.122236e-03,1.682287e-01,2.280214e-02,5.578221e-02,4.239365e-03,2.838021e-02,6.419636e-02,3.392423e-01
2.163105e-01,1.796655e-02,1.080929e-02,2.378519e-03,6.963289e-02,8.159313e-03,1.225204e-03,3.794977e-03,1.341543e-01,1.639562e-02,4.625311e-02,3.103430e-03,2.063548e-02,5.860031e-02,3.905805e-01
2.286161e-01,1.578302e-02,8.976003e-03,2.120066e-03,5.542707e-02,1.321098e-02,1.251895e-03,3.099834e-03,1.427542e-01,1.715764e-02,3.543119e-02,2.706636e-03,1.642460e-02,9.246632e-02,3.645744e-01
2.001310e-01,1.258501e-02,7.212803e-03,1.652782e-03,4.026733e-02,1.298631e-02,1.021831e-03,2.299156e-03,1.546119e-01,2.651283e-02,2.688815e-02,2.352255e-03,1.353219e-02,1.599725e-01,3.379739e-01
1.503896e-01,9.870669e-03,6.996502e-03,1.727328e-03,2.837575e-02,1.253359e-02,8.315485e-04,1.741112e-03,2.147158e-01,2.609726e-02,2.315683e-02,1.945393e-03,1.057950e-02,2.070943e-01,3.039448e-01
1.115899e-01,7.301464e-03,5.430728e-03,1.288473e-03,2.002324e-02,1.293303e-02,6.275122e-04,1.248308e-03,1.656639e-01,1.971005e-02,4.900634e-02,1.521583e-03,8.385502e-03,2.599882e-01,3.352818e-01
8.173446e-02,5.616612e-03,9.973969e-03,1.158192e-03,1.435261e-02,1.418133e-02,5.272086e-04,1.646467e-03,1.287356e-01,1.409006e-02,5.627005e-02,1.192886e-03,6.566842e-03,2.074685e-01,4.564853e-01
7.850590e-02,5.210348e-03,4.616833e-02,2.537430e-03,1.228242e-02,1.913808e-02,4.619973e-04,2.450325e-03,1.134227e-01,1.042606e-02,4.285090e-02,1.080990e-03,4.867136e-03,1.806182e-01,4.799792e-01
8.047052e-02,5.954167e-03,1.302141e-01,3.551018e-03,1.109386e-02,1.953580e-02,4.328831e-04,3.502218e-03,1.125597e-01,1.059347e-02,3.114597e-02,9.684348e-04,3.597450e-03,1.391858e-01,4.471946e-01
1.002291e-01,6.451828e-03,1.277961e-01,4.311227e-03,1.648998e-02,1.712115e-02,7.757521e-04,1.017099e-02,1.389484e-01,1.701366e-02,2.320121e-02,9.650287e-04,3.017532e-03,1.189155e-01,4.145925e-01
1.048476e-01,6.126634e-03,1.169039e-01,4.837840e-03,1.874194e-02,1.315489e-02,7.882003e-04,2.564952e-02,1.542314e-01,1.678673e-02,1.791569e-02,9.307851e-04,2.353136e-03,1.020230e-01,4.147087e-01
1.140157e-01,5.328700e-03,1.209199e-01,4.433780e-03,1.675626e-02,1.191285e-02,6.712186e-04,2.594005e-02,1.661857e-01,1.551806e-02,1.334654e-02,9.084172e-04,1.908013e-03,9.557706e-02,4.065778e-01
1.139081e-01,5.151300e-03,1.317147e-01,8.712405e-03,2.290599e-02,1.071608e-02,7.144025e-04,6.099853e-02,1.574366e-01,1.624294e-02,1.021470e-02,9.402800e-04,1.578673e-03,7.733217e-02,3.814331e-01
1.067954e-01,4.498011e-03,1.573904e-01,1.083474e-02,2.524430e-02,1.040729e-02,6.342369e-04,6.521253e-02,1.736639e-01,2.728961e-02,7.943608e-03,8.412407e-04,1.314584e-03,7.240837e-02,3.355218e-01
9.986143e-02,4.522881e-03,1.471081e-01,9.717986e-03,2.178269e-02,1.104589e-02,5.430343e-04,5.182774e-02,2.108661e-01,2.941774e-02,6.270356e-03,8.494955e-04,1.118685e-03,6.618295e-02,3.388850e-01
9.699269e-02,4.785733e-03,1.253252e-01,8.889278e-03,2.042377e-02,1.780231e-02,5.510370e-04,4.155974e-02,2.190183e-01,2.331986e-02,5.329033e-03,1.560791e-03,1.423782e-03,5.677921e-02,3.762392e-01
1.123599e-01,7.065983e-03,9.892590e-02,8.481858e-03,2.075464e-02,1.439014e-02,5.769811e-04,3.878107e-02,2.095306e-01,2.529740e-02,4.578959e-03,2.267690e-03,1.441251e-03,6.557599e-02,3.899717e-01
1.003462e-01,1.063717e-02,7.532787e-02,7.231858e-03,2.340056e-02,1.078077e-02,4.911939e-04,3.971851e-02,2.453949e-01,2.282304e-02,3.716772e-03,2.517714e-03,1.396805e-03,7.216085e-02,3.840558e-01
1.185389e-01,1.292302e-02,5.821219e-02,9.786323e-03,2.520533e-02,1.015637e-02,4.338537e-04,5.446621e-02,2.912235e-01,2.499828e-02,3.636220e-03,5.367571e-03,2.359146e-03,6.178742e-02,3.209057e-01
1.743410e-01,1.222491e-02,4.667033e-02,1.743267e-02,2.174784e-02,9.593613e-03,5.388681e-04,4.243902e-02,2.877882e-01,2.849955e-02,6.918036e-03,1.119558e-02,8.269594e-03,4.734667e-02,2.849941e-01
1.919568e-01,1.122786e-02,3.534842e-02,2.220847e-02,1.643853e-02,1.534853e-02,6.469474e-04,3.128746e-02,2.681741e-01,3.117486e-02,9.238435e-03,1.147701e-02,1.095183e-02,3.626319e-02,3.082576e-01
1.631647e-01,1.006766e-02,2.559889e-02,2.692703e-02,1.217834e-02,1.348877e-02,6.773677e-04,2.298385e-02,2.944252e-01,3.477161e-02,1.766194e-02,1.297644e-02,1.856336e-02,3.522396e-02,3.112909e-01
1.166450e-01,9.930547e-03,2.312370e-02,6.650519e-02,8.959316e-03,1.018711e-02,5.931923e-04,1.678519e-02,2.608713e-01,5.725034e-02,9.256364e-02,2.192084e-02,3.744099e-02,4.098630e-02,2.362374e-01
1.013135e-01,9.477150e-03,2.131202e-02,7.440251e-02,7.267937e-03,8.740602e-03,6.549187e-04,1.266490e-02,2.333679e-01,7.192700e-02,1.448155e-01,2.032528e-02,3.591935e-02,7.427649e-02,1.835350e-01
1.205990e-01,1.031491e-02,2.021022e-02,1.041097e-01,7.875117e-03,8.594805e-03,1.044181e-03,1.131682e-02,1.890914e-01,6.855598e-02,1.544544e-01,2.012911e-02,3.708471e-02,1.049498e-01,1.416699e-01
1.966353e-01,9.909691e-03,1.601272e-02,8.622566e-02,7.487291e-03,9.347143e-03,1.433572e-03,9.060175e-03,1.565846e-01,7.186463e-02,1.317929e-01,1.728738e-02,3.172573e-02,1.452203e-01,1.094130e-01
2.405412e-01,8.273802e-03,1.203021e-02,6.429257e-02,7.740012e-03,8.677801e-03,1.489237e-03,7.136610e-03,1.283450e-01,6.889907e-02,1.454892e-01,1.566069e-02,2.725324e-02,1.753159e-01,8.885549e-02
2.050310e-01,7.044677e-03,9.449792e-03,5.168986e-02,6.988922e-03,7.800774e-03,1.252181e-03,5.203952e-03,1.409116e-01,6.437383e-02,1.359423e-01,1.286156e-02,2.182286e-02,2.388364e-01,9.079030e-02
2.258821e-01,5.982142e-03,6.961208e-03,3.921982e-02,7.302280e-03,7.058516e-03,1.262633e-03,3.963849e-03,1.075735e-01,7.450689e-02,1.549006e-01,1.101493e-02,1.783414e-02,2.464771e-01,9.006038e-02
2.208486e-01,4.496904e-03,5.053713e-03,2.997429e-02,6.985558e-03,6.486044e-03,1.143658e-03,3.169528e-03,9.262963e-02,1.604950e-01,1.471855e-01,9.466196e-03,1.488801e-02,2.224042e-01,7.477316e-02
1.664578e-01,3.311093e-03,3.655618e-03,2.274743e-02,1.106585e-02,5.322897e-03,9.606642e-04,2.613050e-03,7.605299e-02,2.452046e-01,1.332401e-01,8.027522e-03,1.251718e-02,1.991502e-01,1.096731e-01
1.192972e-01,2.702851e-03,2.762092e-03,1.785113e-02,1.283934e-02,4.671327e-03,8.424630e-04,2.116861e-03,6.818829e-02,2.593775e-01,1.463973e-01,7.907273e-03,1.277057e-02,1.712997e-01,1.709760e-01
9.675396e-02,2.098846e-03,2.036431e-03,1.528153e-02,1.243664e-02,5.480595e-03,8.011477e-04,1.629957e-03,5.833574e-02,2.433877e-01,1.965258e-01,8.170443e-03,1.546195e-02,1.761854e-01,1.654139e-01
8.107488e-02,1.671915e-03,1.485746e-03,1.321165e-02,1.298983e-02,5.216740e-03,7.614763e-04,1.296842e-03,4.765912e-02,2.588628e-01,2.297430e-01,9.200393e-03,1.710684e-02,1.585101e-01,1.612086e-01
6.465781e-02,1.614692e-03,2.004657e-03,1.457818e-02,1.341811e-02,5.436846e-03,1.074326e-03,4.658000e-03,4.192624e-02,3.396630e-01,2.196148e-01,1.107837e-02,1.814739e-02,1.266134e-01,1.355142e-01
4.792560e-02,1.260390e-03,1.692634e-03,1.579527e-02,1.246889e-02,1.023227e-01,4.833888e-03,4.265743e-03,3.302836e-02,3.077283e-01,2.104688e-01,1.036462e-02,1.705401e-02,9.505870e-02,1.357321e-01
