1.000000e+00,0.000000e+00,0.000000e+00,0.000000e+00,0.000000e+00,0.000000e+00,0.000000e+00,0.000000e+00,0.000000e+00,0.000000e+00,0.000000e+00,0.000000e+00,0.000000e+00,0.000000e+00,0.000000e+00
1.000000e+00,0.000000e+00,0.000000e+00,0.000000e+00,0.000000e+00,0.000000e+00,0.000000e+00,0.000000e+00,0.000000e+00,0.000000e+00,0.000000e+00,0.000000e+00,0.000000e+00,0.000000e+00,0.000000e+00
1.000000e+00,0.000000e+00,0.000000e+00,0.000000e+00,0.000000e+00,0.000000e+00,0.000000e+00,0.000000e+00,0.000000e+00,0.000000e+00,0.000000e+00,0.000000e+00,0.000000e+00,0.000000e+00,0.000000e+00
1.000000e+00,0.000000e+00,0.000000e+00,0.000000e+00,0.000000e+00,0.000000e+00,0.000000e+00,0.000000e+00,0.000000e+00,0.000000e+00,0.000000e+00,0.000000e+00,0.000000e+00,0.000000e+00,0.000000e+00
1.000000e+00,0.000000e+00,0.000000e+00,0.000000e+00,0.000000e+00,0.000000e+00,0.000000e+00,0.000000e+00,0.000000e+00,0.000000e+00,0.000000e+00,0.000000e+00,0.000000e+00,0.000000e+00,0.000000e+00
1.000000e+00,0.000000e+00,0.000000e+00,0.000000e+00,0.000000e+00,0.000000e+00,0.000000e+00,0.000000e+00,0.000000e+00,0.000000e+00,0.000000e+00,0.000000e+00,0.000000e+00,0.000000e+00,0.000000e+00
1.000000e+00,0.000000e+00,0.000000e+00,0.000000e+00,0.000000e+00,0.000000e+00,0.000000e+00,0.000000e+00,0.000000e+00,0.000000e+00,0.000000e+00,0.000000e+00,0.000000e+00,0.000000e+00,0.000000e+00
1.000000e+00,0.000000e+00,0.000000e+00,0.000000e+00,0.000000e+00,0.000000e+00,0.000000e+00,0.000000e+00,0.000000e+00,0.000000e+00,0.000000e+00,0.000000e+00,0.000000e+00,0.000000e+00,0.000000e+00
1.000000e+00,0.000000e+00,0.000000e+00,0.000000e+00,0.000000e+00,0.000000e+00,0.000000e+00,0.000000e+00,0.000000e+00,0.000000e+00,0.000000e+00,0.000000e+00,0.000000e+00,0.000000e+00,0.000000e+00
1.000000e+00,0.000000e+00,0.000000e+00,0.000000e+00,0.000000e+00,0.000000e+00,0.000000e+00,0.000000e+00,0.000000e+00,0.000000e+00,0.000000e+00,0.000000e+00,0.000000e+00,0.000000e+00,0.000000e+00
1.000000e+00,0.000000e+00,0.000000e+00,0.000000e+00,0.000000e+00,0.000000e+00,0.000000e+00,0.000000e+00,0.000000e+00,0.000000e+00,0.000000e+00,0.000000e+00,0.000000e+00,0.000000e+00,0.000000e+00
1.000000e+00,0.000000e+00,0.000000e+00,0.000000e+00,0.000000e+00,0.000000e+00,0.000000e+00,0.000000e+00,0.000000e+00,0.000000e+00,0.000000e+00,0.000000e+00,0.000000e+00,0.000000e+00,0.000000e+00
1.000000e+00,0.000000e+00,0.000000e+00,0.000000e+00,0.000000e+00,0.000000e+00,0.000000e+00,0.000000e+00,0.000000e+00,0.000000e+00,0.000000e+00,0.000000e+00,0.000000e+00,0.000000e+00,0.000000e+00
1.000000e+00,0.000000e+00,0.000000e+00,0.000000e+00,0.000000e+00,0.000000e+00,0.000000e+00,0.000000e+00,0.000000e+00,0.000000e+00,0.000000e+00,0.000000e+00,0.000000e+00,0.000000e+00,0.000000e+00
1.000000e+00,0.000000e+00,0.000000e+00,0.000000e+00,0.000000e+00,0.000000e+00,0.000000e+00,0.000000e+00,0.000000e+00,0.000000e+00,0.000000e+00,0.000000e+00,0.000000e+00,0.000000e+00,0.000000e+00
1.000000e+00,0.000000e+00,0.000000e+00,0.000000e+00,0.000000e+00,0.000000e+00,0.000000e+00,0.000000e+00,0.000000e+00,0.000000e+00,0.000000e+00,0.000000e+00,0.000000e+00,0.000000e+00,0.000000e+00
1.000000e+00,0.000000e+00,0.000000e+00,0.000000e+00,0.000000e+00,0.000000e+00,0.000000e+00,0.000000e+00,0.000000e+00,0.000000e+00,0.000000e+00,0.000000e+00,0.000000e+00,0.000000e+00,0.000000e+00
1.000000e+00,0.000000e+00,0.000000e+00,0.000000e+00,0.000000e+00,0.000000e+00,0.000000e+00,0.000000e+00,0.000000e+00,0.000000e+00,0.000000e+00,0.000000e+00,0.000000e+00,0.000000e+00,0.000000e+00
1.000000e+00,0.000000e+00,0.000000e+00,0.000000e+00,0.000000e+00,0.000000e+00,0.000000e+00,0.000000e+00,0.000000e+00,0.000000e+00,0.000000e+00,0.000000e+00,0.000000e+00,0.000000e+00,0.000000e+00
1.000000e+00,0.000000e+00,0.000000e+00,0.000000e+00,0.000000e+00,0.000000e+00,0.000000e+00,0.000000e+00,0.000000e+00,0.000000e+00,0.000000e+00,0.000000e+00,0.000000e+00,0.000000e+00,0.000000e+00
1.000000e+00,0.000000e+00,0.000000e+00,0.000000e+00,0.000000e+00,0.000000e+00,0.000000e+00,0.000000e+00,0.000000e+00,0.000000e+00,0.000000e+00,0.000000e+00,0.000000e+00,0.000000e+00,0.000000e+00
1.000000e+00,0.000000e+00,0.000000e+00,0.000000e+00,0.000000e+00,0.000000e+00,0.000000e+00,0.000000e+00,0.000000e+00,0.000000e+00,0.000000e+00,0.000000e+00,0.000000e+00,0.000000e+00,0.000000e+00
1.000000e+00,0.000000e+00,0.000000e+00,0.000000e+00,0.000000e+00,0.000000e+00,0.000000e+00,0.000000e+00,0.000000e+00,0.000000e+00,0.000000e+00,0.000000e+00,0.000000e+00,0.000000e+00,0.000000e+00
1.000000e+00,0.000000e+00,0.000000e+00,0.000000e+00,0.000000e+00,0.000000e+00,0.000000e+00,0.000000e+00,0.000000e+00,0.000000e+00,0.000000e+00,0.000000e+00,0.000000e+00,0.000000e+00,0.000000e+00
1.000000e+00,0.000000e+00,0.000000e+00,0.000000e+00,0.000000e+00,0.000000e+00,0.000000e+00,0.000000e+00,0.000000e+00,0.000000e+00,0.000000e+00,0.000000e+00,0.000000e+00,0.000000e+00,0.000000e+00
1.000000e+00,0.000000e+00,0.000000e+00,0.000000e+00,0.000000e+00,0.000000e+00,0.000000e+00,0.000000e+00,0.000000e+00,0.000000e+00,0.000000e+00,0.000000e+00,0.000000e+00,0.000000e+00,0.000000e+00
1.000000e+00,0.000000e+00,0.000000e+00,0.000000e+00,0.000000e+00,0.000000e+00,0.000000e+00,0.000000e+00,0.000000e+00,0.000000e+00,0.000000e+00,0.000000e+00,0.000000e+00,0.000000e+00,0.000000e+00
1.000000e+00,0.000000e+00,0.000000e+00,0.000000e+00,0.000000e+00,0.000000e+00,0.000000e+00,0.000000e+00,0.000000e+00,0.000000e+00,0.000000e+00,0.000000e+00,0.000000e+00,0.000000e+00,0.000000e+00
1.000000e+00,0.000000e+00,0.000000e+00,0.000000e+00,0.000000e+00,0.000000e+00,0.000000e+00,0.000000e+00,0.000000e+00,0.000000e+00,0.000000e+00,0.000000e+00,0.000000e+00,0.000000e+00,0.000000e+00
1.000000e+00,0.000000e+00,0.000000e+00,0.000000e+00,0.000000e+00,0.000000e+00,0.000000e+00,0.000000e+00,0.000000e+00,0.000000e+00,0.000000e+00,0.000000e+00,0.000000e+00,0.000000e+00,0.000000e+00
1.000000e+00,0.000000e+00,0.000000e+00,0.000000e+00,0.000000e+00,0.000000e+00,0.000000e+00,0.000000e+00,0.000000e+00,0.000000e+00,0.000000e+00,0.000000e+00,0.000000e+00,0.000000e+00,0.000000e+00
1.000000e+00,0.000000e+00,0.000000e+00,0.000000e+00,0.000000e+00,0.000000e+00,0.000000e+00,0.000000e+00,0.000000e+00,0.000000e+00,0.000000e+00,0.000000e+00,0.000000e+00,0.000000e+00,0.000000e+00
1.000000e+00,0.000000e+00,0.000000e+00,0.000000e+00,0.000000e+00,0.000000e+00,0.000000e+00,0.000000e+00,0.000000e+00,0.000000e+00,0.000000e+00,0.000000e+00,0.000000e+00,0.000000e+00,0.000000e+00
1.000000e+00,0.000000e+00,0.000000e+00,0.000000e+00,0.000000e+00,0.000000e+00,0.000000e+00,0.000000e+00,0.000000e+00,0.000000e+00,0.000000e+00,0.000000e+00,0.000000e+00,0.000000e+00,0.000000e+00
1.000000e+00,0.000000e+00,0.000000e+00,0.000000e+00,0.000000e+00,0.000000e+00,0.000000e+00,0.000000e+00,0.000000e+00,0.000000e+00,0.000000e+00,0.000000e+00,0.000000e+00,0.000000e+00,0.000000e+00
1.000000e+00,0.000000e+00,0.000000e+00,0.000000e+00,0.000000e+00,0.000000e+00,0.000000e+00,0.000000e+00,0.000000e+00,0.000000e+00,0.000000e+00,0.000000e+00,0.000000e+00,0.000000e+00,0.000000e+00
1.000000e+00,0.000000e+00,0.000000e+00,0.000000e+00,0.000000e+00,0.000000e+00,0.000000e+00,0.000000e+00,0.000000e+00,0.000000e+00,0.000000e+00,0.000000e+00,0.000000e+00,0.000000e+00,0.000000e+00
1.000000e+00,0.000000e+00,0.000000e+00,0.000000e+00,0.000000e+00,0.000000e+00,0.000000e+00,0.000000e+00,0.000000e+00,0.000000e+00,0.000000e+00,0.000000e+00,0.000000e+00,0.000000e+00,0.000000e+00
1.000000e+00,0.000000e+00,0.000000e+00,0.000000e+00,0.000000e+00,0.000000e+00,0.000000e+00,0.000000e+00,0.000000e+00,0.000000e+00,0.000000e+00,0.000000e+00,0.000000e+00,0.000000e+00,0.000000e+00
1.000000e+00,0.000000e+00,0.000000e+00,0.000000e+00,0.000000e+00,0.000000e+00,0.000000e+00,0.000000e+00,0.000000e+00,0.000000e+00,0.000000e+00,0.000000e+00,0.000000e+00,0.000000e+00,0.000000e+00
1.000000e+00,0.000000e+00,0.000000e+00,0.000000e+00,0.000000e+00,0.000000e+00,0.000000e+00,0.000000e+00,0.000000e+00,0.000000e+00,0.000000e+00,0.000000e+00,0.000000e+00,0.000000e+00,0.000000e+00
1.000000e+00,0.000000e+00,0.000000e+00,0.000000e+00,0.000000e+00,0.000000e+00,0.000000e+00,0.000000e+00,0.000000e+00,0.000000e+00,0.000000e+00,0.000000e+00,0.000000e+00,0.000000e+00,0.000000e+00
1.000000e+00,0.000000e+00,0.000000e+00,0.000000e+00,0.000000e+00,0.000000e+00,0.000000e+00,0.000000e+00,0.000000e+00,0.000000e+00,0.000000e+00,0.000000e+00,0.000000e+00,0.000000e+00,0.000000e+00
1.000000e+00,0.000000e+00,0.000000e+00,0.000000e+00,0.000000e+00,0.000000e+00,0.000000e+00,0.000000e+00,0.000000e+00,0.000000e+00,0.000000e+00,0.000000e+00,0.000000e+00,0.000000e+00,0.000000e+00
1.000000e+00,0.000000e+00,0.000000e+00,0.000000e+00,0.000000e+00,0.000000e+00,0.000000e+00,0.000000e+00,0.000000e+00,0.000000e+00,0.000000e+00,0.000000e+00,0.000000e+00,0.000000e+00,0.000000e+00
1.000000e+00,0.000000e+00,0.000000e+00,0.000000e+00,0.000000e+00,0.000000e+00,0.000000e+00,0.000000e+00,0.000000e+00,0.000000e+00,0.000000e+00,0.000000e+00,0.000000e+00,0.000000e+00,0.000000e+00
1.000000e+00,0.000000e+00,0.000000e+00,0.000000e+00,0.000000e+00,0.000000e+00,0.000000e+00,0.000000e+00,0.000000e+00,0.000000e+00,0.000000e+00,0.000000e+00,0.000000e+00,0.000000e+00,0.000000e+00
1.000000e+00,0.000000e+00,0.000000e+00,0.000000e+00,0.000000e+00,0.000000e+00,0.000000e+00,0.000000e+00,0.000000e+00,0.000000e+00,0.000000e+00,0.000000e+00,0.000000e+00,0.000000e+00,0.000000e+00
1.000000e+00,0.000000e+00,0.000000e+00,0.000000e+00,0.000000e+00,0.000000e+00,0.000000e+00,0.000000e+00,0.000000e+00,0.000000e+00,0.000000e+00,0.000000e+00,0.000000e+00,0.000000e+00,0.000000e+00
1.000000e+00,0.000000e+00,0.000000e+00,0.000000e+00,0.000000e+00,0.000000e+00,0.000000e+00,0.000000e+00,0.000000e+00,0.000000e+00,0.000000e+00,0.000000e+00,0.000000e+00,0.000000e+00,0.000000e+00
1.000000e+00,0.000000e+00,0.000000e+00,0.000000e+00,0.000000e+00,0.000000e+00,0.000000e+00,0.000000e+00,0.000000e+00,0.000000e+00,0.000000e+00,0.000000e+00,0.000000e+00,0.000000e+00,0.000000e+00
1.000000e+00,0.000000e+00,0.000000e+00,0.000000e+00,0.000000e+00,0.000000e+00,0.000000e+00,0.000000e+00,0.000000e+00,0.000000e+00,0.000000e+00,0.000000e+00,0.000000e+00,0.000000e+00,0.000000e+00
1.000000e+00,0.000000e+00,0.000000e+00,0.000000e+00,0.000000e+00,0.000000e+00,0.000000e+00,0.000000e+00,0.000000e+00,0.000000e+00,0.000000e+00,0.000000e+00,0.000000e+00,0.000000e+00,0.000000e+00
1.000000e+00,0.000000e+00,0.000000e+00,0.000000e+00,0.000000e+00,0.000000e+00,0.000000e+00,0.000000e+00,0.000000e+00,0.000000e+00,0.000000e+00,0.000000e+00,0.000000e+00,0.000000e+00,0.000000e+00
1.000000e+00,0.000000e+00,0.000000e+00,0.000000e+00,0.000000e+00,0.000000e+00,0.000000e+00,0.000000e+00,0.000000e+00,0.000000e+00,0.000000e+00,0.000000e+00,0.000000e+00,0.000000e+00,0.000000e+00
3.604355e-01,5.985879e-03,1.859743e-02,2.051177e-02,3.395009e-03,8.832663e-03,3.890779e-03,5.357751e-01,1.872188e-03,1.052915e-03,5.457650e-03,1.293833e-02,9.656440e-03,2.570333e-03,9.028089e-03
2.723590e-01,4.536773e-03,1.360600e-02,1.481930e-02,3.487278e-03,7.225834e-03,3.308599e-03,6.479542e-01,1.396449e-03,9.700012e-04,4.195541e-03,1.011931e-02,7.363601e-03,2.149282e-03,6.508872e-03
3.090163e-01,3.810629e-03,1.096863e-02,1.234313e-02,3.887304e-03,6.300589e-03,2.808888e-03,5.794290e-01,1.535656e-03,1.268648e-03,1.261862e-02,2.658459e-02,1.531344e-02,8.864568e-03,5.250049e-03
2.948826e-01,3.197443e-03,8.790778e-03,1.406850e-02,3.995721e-03,6.048361e-03,2.367066e-03,4.955517e-01,2.736250e-03,2.391519e-03,3.821629e-02,6.333071e-02,3.853831e-02,2.047794e-02,5.406849e-03
2.140747e-01,3.131081e-03,7.295549e-03,3.283907e-02,3.662160e-03,5.864127e-03,1.798821e-03,3.577074e-01,6.266914e-03,4.567144e-03,1.279770e-01,6.670874e-02,9.970446e-02,5.511212e-02,1.329066e-02
1.528592e-01,5.448816e-03,5.968720e-03,5.142853e-02,5.340353e-03,5.517644e-03,1.628915e-03,2.515579e-01,1.158052e-02,1.304509e-02,1.504372e-01,6.357199e-02,1.239138e-01,8.970399e-02,6.799731e-02
1.072934e-01,3.007505e-02,9.926694e-03,1.893899e-01,7.144736e-03,4.157573e-03,1.285972e-03,1.769745e-01,3.492092e-02,1.282543e-02,1.283911e-01,5.079944e-02,1.143760e-01,7.826589e-02,5.417338e-02
7.918825e-02,3.495566e-02,1.020701e-02,1.781750e-01,2.086116e-02,3.627212e-03,1.033492e-03,1.242442e-01,1.148334e-01,1.364572e-02,1.738423e-01,4.040130e-02,8.918671e-02,6.500390e-02,5.079476e-02
6.092406e-02,3.110860e-02,2.082949e-02,2.019886e-01,2.309547e-02,5.064294e-03,1.107648e-03,8.842698e-02,1.036266e-01,1.131179e-02,1.759002e-01,3.045116e-02,6.933457e-02,6.697133e-02,1.098593e-01
5.076706e-02,2.453802e-02,2.778151e-02,1.664759e-01,3.421124e-02,8.492374e-03,1.725455e-03,6.333254e-02,8.147073e-02,9.149431e-03,1.884598e-01,2.845050e-02,9.017068e-02,5.219629e-02,1.727784e-01
4.846697e-02,1.778940e-02,2.103077e-02,1.316678e-01,2.608096e-02,1.259037e-02,1.508131e-03,4.470308e-02,5.874409e-02,9.044539e-03,2.264198e-01,2.704081e-02,1.372487e-01,4.117126e-02,1.964934e-01
4.271155e-02,1.331195e-02,1.586355e-02,1.017220e-01,1.919942e-02,1.644262e-02,1.683234e-03,3.241467e-02,4.325997e-02,9.234626e-03,2.484790e-01,2.871565e-02,1.671108e-01,3.310127e-02,2.267497e-01
4.123199e-02,1.053491e-02,1.494551e-02,7.231661e-02,1.423494e-02,1.389688e-02,1.475675e-03,5.278518e-02,3.221432e-02,8.605449e-03,2.147395e-01,3.257200e-02,1.965500e-01,3.122601e-02,2.626710e-01
4.745080e-02,8.245543e-03,1.474048e-02,5.168534e-02,1.605588e-02,1.103731e-02,2.627059e-03,9.846278e-02,2.535242e-02,8.101148e-03,1.723949e-01,2.626847e-02,1.648101e-01,3.329326e-02,3.194745e-01
6.883028e-02,8.237241e-03,1.757256e-02,3.904099e-02,4.270470e-02,1.002984e-02,4.791806e-03,1.750851e-01,2.627328e-02,1.162866e-02,1.295836e-01,1.979686e-02,1.288415e-01,3.573022e-02,2.818533e-01
1.060675e-01,1.087292e-02,3.937646e-02,3.438756e-02,4.841410e-02,1.232700e-02,7.680561e-03,2.504450e-01,2.274466e-02,1.323048e-02,9.324934e-02,1.492541e-02,9.714023e-02,2.701775e-02,2.221210e-01
1.499361e-01,1.437902e-02,4.344051e-02,3.589182e-02,7.954736e-02,1.692412e-02,1.204964e-02,2.680718e-01,2.355856e-02,1.513756e-02,6.784989e-02,1.159472e-02,7.469072e-02,2.073661e-02,1.661916e-01
1.556587e-01,1.494730e-02,7.171951e-02,6.202760e-02,8.373547e-02,1.678284e-02,1.275716e-02,2.984229e-01,2.167069e-02,1.196146e-02,5.073046e-02,9.830292e-03,5.597844e-02,1.489199e-02,1.188852e-01
1.725096e-01,2.439461e-02,1.021194e-01,5.817888e-02,1.073094e-01,1.697654e-02,1.691403e-02,2.690406e-01,2.291654e-02,1.117613e-02,4.059203e-02,9.277269e-03,4.770575e-02,1.142951e-02,8.945969e-02
1.789906e-01,4.246913e-02,1.076478e-01,6.452601e-02,1.145740e-01,2.175204e-02,2.324945e-02,2.310108e-01,3.926951e-02,9.983536e-03,3.212379e-02,9.646066e-03,4.813296e-02,8.398454e-03,6.822580e-02
1.634815e-01,4.531344e-02,9.165373e-02,5.074592e-02,1.538432e-01,2.728964e-02,2.784364e-02,2.269461e-01,6.109826e-02,1.070053e-02,2.469761e-02,8.255796e-03,5.141719e-02,6.487575e-03,5.022588e-02
1.520179e-01,4.193756e-02,8.568802e-02,4.152844e-02,1.754790e-01,2.663229e-02,3.096479e-02,2.472195e-01,6.354365e-02,1.016252e-02,1.814548e-02,7.675603e-03,5.627373e-02,4.936313e-03,3.779522e-02
1.389489e-01,3.723427e-02,9.999029e-02,3.338239e-02,1.936526e-01,2.356939e-02,3.207133e-02,2.628417e-01,5.685724e-02,9.397377e-03,1.318296e-02,6.839573e-03,5.866604e-02,3.816322e-03,2.954954e-02
1.471063e-01,3.773717e-02,1.202426e-01,2.705495e-02,1.898440e-01,2.244343e-02,2.878188e-02,2.489457e-01,5.697192e-02,9.064681e-03,9.753851e-03,7.267326e-03,6.698152e-02,3.407095e-03,2.439748e-02
1.427799e-01,4.700369e-02,9.574010e-02,2.791722e-02,2.820222e-01,2.395226e-02,3.443773e-02,2.055568e-01,4.518899e-02,7.640848e-03,7.784325e-03,7.217035e-03,5.057812e-02,2.769025e-03,1.941174e-02
1.083037e-01,4.635658e-02,7.251424e-02,1.040823e-01,2.148012e-01,1.901935e-02,2.470301e-02,1.450836e-01,3.449558e-02,7.168225e-03,5.976307e-02,4.576132e-02,9.782492e-02,2.304826e-03,1.781817e-02
1.001095e-01,4.323152e-02,5.389228e-02,8.930447e-02,1.704760e-01,1.514605e-02,1.800374e-02,1.036312e-01,3.159790e-02,8.289931e-03,1.189420e-01,7.897812e-02,1.459797e-01,3.666643e-03,1.875088e-02
7.971205e-02,3.392539e-02,4.385551e-02,8.106579e-02,1.265060e-01,1.278664e-02,1.304031e-02,7.365945e-02,3.079326e-02,1.496634e-02,1.597472e-01,8.988309e-02,1.885929e-01,5.998580e-03,4.546745e-02
6.517467e-02,3.389725e-02,3.414520e-02,7.163276e-02,9.762162e-02,1.087119e-02,9.823587e-03,5.224997e-02,2.807950e-02,3.555946e-02,1.769511e-01,7.603593e-02,2.269357e-01,1.803501e-02,6.298703e-02
6.492502e-02,3.123562e-02,2.590933e-02,5.729476e-02,7.103269e-02,1.273984e-02,7.578472e-03,3.681027e-02,3.104846e-02,6.858758e-02,1.502104e-01,7.350419e-02,1.904032e-01,4.693014e-02,1.317900e-01
9.988935e-02,2.420290e-02,1.869280e-02,4.225369e-02,5.087034e-02,4.293600e-02,5.633375e-03,2.616386e-02,2.849437e-02,1.249170e-01,1.398007e-01,9.395331e-02,1.435428e-01,5.133010e-02,1.073194e-01
1.509240e-01,1.971198e-02,1.354876e-02,3.105039e-02,3.673070e-02,4.154874e-02,4.210509e-03,1.873440e-02,2.637198e-02,1.479204e-01,1.641324e-01,8.869372e-02,1.069503e-01,6.661630e-02,8.285545e-02
2.239371e-01,1.488189e-02,9.783553e-03,2.381045e-02,2.664952e-02,3.526133e-02,3.230177e-03,1.360342e-02,2.171694e-02,1.318372e-01,1.484275e-01,8.777782e-02,8.082943e-02,1.067778e-01,7.147589e-02
2.937793e-01,1.139346e-02,7.086981e-03,1.786715e-02,1.959431e-02,2.840778e-02,2.432716e-03,9.738440e-03,1.734373e-02,1.457540e-01,1.493026e-01,8.614764e-02,6.033080e-02,9.573237e-02,5.508874e-02
2.535596e-01,9.663167e-03,5.685490e-03,1.386726e-02,1.572389e-02,2.204444e-02,1.804731e-03,7.028979e-03,1.435055e-02,1.590523e-01,1.648872e-01,1.268007e-01,4.702196e-02,1.158902e-01,4.261964e-02
1.844428e-01,7.082261e-03,4.239824e-03,1.002720e-02,1.148216e-02,1.610610e-02,1.340169e-03,5.008060e-03,1.246854e-02,2.475239e-01,1.896849e-01,1.413960e-01,3.440969e-02,1.013243e-01,3.346407e-02
1.367727e-01,6.975682e-03,4.780806e-03,7.298960e-03,9.810304e-03,1.256605e-02,1.128125e-03,3.805764e-03,1.504840e-02,3.127328e-01,1.658736e-01,1.610815e-01,2.529632e-02,1.104648e-01,2.636419e-02
1.022845e-01,1.069606e-02,1.281425e-02,5.300628e-03,9.929068e-03,3.195557e-02,2.783287e-03,4.229770e-03,1.704208e-02,3.563299e-01,1.599532e-01,1.569020e-01,1.851291e-02,9.039733e-02,2.086945e-02
8.146975e-02,1.646232e-02,4.019671e-02,4.439340e-03,1.613615e-02,5.580282e-02,6.365155e-03,1.552660e-02,1.748780e-02,3.177571e-01,1.671685e-01,1.465944e-01,1.421473e-02,8.336619e-02,1.701244e-02
7.133958e-02,2.412096e-02,7.523327e-02,5.691011e-03,2.008666e-02,7.126067e-02,1.221295e-02,4.925485e-02,2.216101e-02,2.879651e-01,1.539111e-01,1.081200e-01,1.042399e-02,7.533804e-02,1.288077e-02
8.055296e-02,3.698271e-02,8.210354e-02,5.340102e-03,1.667098e-02,7.480663e-02,1.298443e-02,5.840458e-02,2.399123e-02,2.897563e-01,1.573280e-01,7.974798e-02,7.696774e-03,6.400570e-02,9.628074e-03
7.722466e-02,4.556435e-02,8.681972e-02,4.908405e-03,1.413468e-02,7.283910e-02,1.028143e-02,5.280174e-02,2.412853e-02,3.134936e-01,1.755942e-01,5.726849e-02,5.825810e-03,5.181281e-02,7.302487e-03
6.552015e-02,3.768935e-02,6.363553e-02,4.350856e-03,1.139548e-02,6.144185e-02,7.800627e-03,4.429714e-02,2.170137e-02,4.375159e-01,1.551841e-01,4.042979e-02,4.264453e-03,3.945265e-02,5.320694e-03
6.015107e-02,2.956066e-02,4.642081e-02,3.964700e-03,1.001275e-02,5.468673e-02,5.914391e-03,3.939166e-02,1.997591e-02,5.463313e-01,1.173757e-01,2.863269e-02,3.169243e-03,3.036496e-02,4.047298e-03
4.925922e-02,2.292947e-02,3.303460e-02,3.020841e-03,7.632882e-03,4.217570e-02,4.339089e-03,2.929224e-02,1.974801e-02,6.539693e-01,8.567671e-02,2.031756e-02,2.333733e-03,2.321948e-02,3.051117e-03
5.822062e-02,2.471510e-02,2.424521e-02,2.520270e-03,6.493072e-03,3.109397e-02,3.572251e-03,2.535227e-02,2.352478e-02,6.940002e-01,6.467916e-02,1.489538e-02,1.892509e-03,2.168488e-02,3.110311e-03
8.753109e-02,2.625616e-02,2.150407e-02,2.912769e-03,9.214695e-03,2.435121e-02,9.091167e-03,3.288184e-02,2.890043e-02,6.674913e-01,4.989331e-02,1.170293e-02,1.941504e-03,2.187719e-02,4.450265e-03
1.476769e-01,2.545918e-02,1.827595e-02,3.007779e-03,9.448647e-03,2.007861e-02,8.163263e-03,2.575424e-02,2.995128e-02,6.360618e-01,3.636123e-02,1.000562e-02,1.825165e-03,2.019727e-02,7.732975e-03
1.979661e-01,2.295891e-02,1.827467e-02,3.150137e-03,1.223755e-02,1.687403e-02,8.363029e-03,2.087419e-02,3.511123e-02,5.961617e-01,2.742947e-02,9.298145e-03,2.092909e-03,1.894511e-02,1.026286e-02
2.204506e-01,1.967250e-02,1.968751e-02,2.750464e-03,1.700885e-02,1.323001e-02,7.284035e-03,1.837126e-02,4.140888e-02,5.822486e-01,2.012879e-02,8.367915e-03,2.126643e-03,1.710323e-02,1.016080e-02
2.442449e-01,1.996333e-02,3.358369e-02,3.466759e-03,1.908225e-02,1.482702e-02,8.002925e-03,2.258222e-02,4.543836e-02,5.268798e-01,1.722540e-02,9.647211e-03,3.489893e-03,1.364603e-02,1.792028e-02
2.098920e-01,2.400365e-02,7.344222e-02,4.191598e-03,1.487806e-02,2.223164e-02,6.185856e-03,1.700789e-02,3.479190e-02,5.011055e-01,3.996252e-02,1.134419e-02,3.601689e-03,1.770608e-02,1.965528e-02
1.619331e-01,2.486419e-02,6.211528e-02,5.683260e-03,1.091859e-02,2.154216e-02,4.417155e-03,1.247242e-02,2.936938e-02,4.073200e-01,1.842142e-01,1.699404e-02,6.175562e-03,3.210342e-02,1.987731e-02
1.148881e-01,2.005998e-02,4.566143e-02,5.611638e-03,8.036541e-03,1.947698e-02,3.152974e-03,8.972445e-03,2.533324e-02,3.125566e-01,3.011118e-01,2.174927e-02,5.780176e-03,9.085520e-02,1.675360e-02
8.169040e-02,2.008132e-02,3.476319e-02,6.880812e-03,6.530906e-03,1.907795e-02,2.323845e-03,6.940502e-03,2.607142e-02,2.362016e-01,4.317159e-01,1.960367e-02,5.007303e-03,9.030737e-02,1.280386e-02
5.855871e-02,2.358083e-02,2.674291e-02,6.531360e-03,5.254636e-03,3.124547e-02,1.782184e-03,5.429795e-03,2.548356e-02,1.702034e-01,5.277199e-01,2.230613e-02,4.044782e-03,8.040357e-02,1.071291e-02
4.328307e-02,2.261775e-02,2.061956e-02,5.127752e-03,4.136480e-03,2.676874e-02,1.357687e-03,4.598489e-03,2.712495e-02,1.225200e-01,6.113128e-01,2.490021e-02,3.259806e-03,7.389122e-02,8.481532e-03
3.265579e-02,1.784673e-02,1.541656e-02,3.954496e-03,3.500447e-03,2.463665e-02,1.294405e-03,4.600538e-03,2.278444e-02,9.767554e-02,6.709217e-01,2.624804e-02,2.891552e-03,6.900065e-02,6.572572e-03
2.480769e-02,1.402516e-02,1.186837e-02,3.098893e-03,3.147634e-03,2.338826e-02,1.034164e-03,3.995460e-03,1.788905e-02,8.882174e-02,6.927744e-01,2.433044e-02,2.920564e-03,8.119806e-02,6.700208e-03
1.846988e-02,1.428946e-02,1.095199e-02,2.363130e-03,3.485747e-03,1.785030e-02,8.659865e-04,3.361135e-03,2.086402e-02,6.995106e-02,6.472310e-01,3.105230e-02,2.240062e-03,1.513689e-01,5.655110e-03
1.428406e-02,1.070071e-02,8.097941e-03,1.771980e-03,2.655348e-03,1.458103e-02,6.433012e-04,2.590402e-03,2.150893e-02,5.504034e-02,6.702325e-01,2.824643e-02,1.858672e-03,1.631981e-01,4.590231e-03
1.160559e-02,1.601140e-02,1.663510e-02,2.469312e-03,3.817920e-03,1.337392e-02,8.447851e-04,5.911396e-03,3.080767e-02,4.443288e-02,6.452515e-01,2.908054e-02,1.572458e-03,1.744494e-01,3.736182e-03
1.129467e-02,1.718055e-02,8.092305e-02,1.780352e-02,7.950570e-03,1.984136e-02,2.237544e-03,3.443057e-02,4.007248e-02,4.056348e-02,5.410020e-01,2.115286e-02,1.519063e-03,1.610889e-01,2.939390e-03
1.118231e-02,2.089474e-02,6.352800e-02,1.692925e-02,9.600602e-03,2.553493e-02,2.286788e-03,3.425732e-02,6.086396e-02,3.940213e-02,5.130302e-01,1.583715e-02,1.337146e-03,1.828033e-01,2.512188e-03
2.177623e-02,2.985312e-02,5.402558e-02,1.284893e-02,1.027076e-02,3.050419e-02,1.951991e-03,2.857445e-02,6.179934e-02,3.343997e-02,5.352180e-01,1.366940e-02,1.321117e-03,1.609524e-01,3.794493e-03
2.377419e-02,2.545589e-02,1.351779e-01,2.253698e-02,1.487613e-02,4.394262e-02,1.898339e-03,3.579802e-02,8.703554e-02,2.930722e-02,4.215845e-01,1.124218e-02,1.307739e-03,1.417274e-01,4.335349e-03
3.561486e-02,2.722796e-02,1.572205e-01,2.659258e-02,1.907357e-02,4.672734e-02,1.595018e-03,3.796630e-02,1.125037e-01,2.709042e-02,3.581307e-01,1.008924e-02,1.381183e-03,1.340354e-01,4.751240e-03
4.770114e-02,2.659256e-02,1.374699e-01,2.373094e-02,1.996211e-02,4.655712e-02,1.252961e-03,3.747202e-02,1.848119e-01,2.307906e-02,2.968782e-01,8.392774e-03,1.647282e-03,1.383821e-01,6.069939e-03
5.028623e-02,2.589340e-02,1.183281e-01,2.080078e-02,1.894121e-02,5.136834e-02,1.008750e-03,3.237680e-02,2.150379e-01,1.913062e-02,2.752777e-01,7.054764e-03,1.938101e-03,1.558659e-01,6.691345e-03
5.135096e-02,2.299636e-02,1.088011e-01,1.598521e-02,1.624649e-02,5.098305e-02,9.827178e-04,3.009892e-02,2.424950e-01,1.655000e-02,2.869520e-01,5.968724e-03,2.380604e-03,1.417195e-01,6.489213e-03
4.941098e-02,2.101289e-02,8.992039e-02,1.226348e-02,1.289777e-02,4.738481e-02,8.473858e-04,3.098648e-02,2.696702e-01,1.477242e-02,2.656531e-01,4.639898e-03,1.912615e-03,1.721313e-01,6.496220e-03
5.257938e-02,1.697055e-02,7.539232e-02,9.044988e-03,1.005501e-02,3.943666e-02,7.179496e-04,2.822435e-02,2.824265e-01,1.322222e-02,2.716352e-01,4.217677e-03,1.586874e-03,1.884923e-01,5.998081e-03
6.258935e-02,2.050582e-02,1.770535e-01,1.548309e-02,1.328457e-02,3.138100e-02,9.518362e-04,2.404341e-02,2.662801e-01,1.159495e-02,2.220876e-01,3.095087e-03,1.240212e-03,1.434321e-01,6.977336e-03
6.975602e-02,2.987679e-02,1.307874e-01,1.214028e-02,1.452587e-02,4.829539e-02,1.000821e-03,1.949380e-02,3.079035e-01,1.110579e-02,2.209852e-01,2.262349e-03,1.008228e-03,1.200551e-01,1.080345e-02
7.153848e-02,7.749881e-02,1.140965e-01,1.695108e-02,1.634795e-02,5.539060e-02,8.479448e-04,2.534990e-02,3.135531e-01,1.154010e-02,1.661952e-01,1.802750e-03,1.117605e-03,9.696437e-02,3.080562e-02
6.909938e-02,9.415137e-02,8.850025e-02,1.462356e-02,1.574653e-02,7.456864e-02,6.394565e-04,2.148065e-02,3.592226e-01,9.763552e-03,1.332024e-01,1.463231e-03,9.924967e-04,8.766599e-02,2.887993e-02
7.263269e-02,1.067571e-01,7.422297e-02,1.249484e-02,1.657252e-02,7.194746e-02,5.189619e-04,2.108405e-02,3.968774e-01,8.517869e-03,1.016403e-01,1.216235e-03,8.627203e-04,8.485921e-02,2.979575e-02
7.148097e-02,1.032865e-01,5.787564e-02,1.178429e-02,2.262128e-02,5.968103e-02,4.245553e-04,2.296560e-02,4.579299e-01,6.597227e-03,8.060699e-02,1.091941e-03,8.161770e-04,7.932246e-02,2.351549e-02
7.214506e-02,9.563463e-02,4.447524e-02,1.007018e-02,2.922074e-02,4.742819e-02,3.470143e-04,2.568294e-02,5.103967e-01,5.403905e-03,6.437521e-02,9.935366e-04,7.130326e-04,7.268516e-02,2.042854e-02
9.081067e-02,8.974767e-02,3.754412e-02,1.080023e-02,2.976307e-02,4.496999e-02,4.127023e-04,3.580764e-02,4.802355e-01,4.549871e-03,6.364614e-02,1.980410e-03,1.175942e-03,8.638841e-02,2.216771e-02
1.300867e-01,7.668545e-02,3.220474e-02,1.054315e-02,3.212936e-02,4.062258e-02,6.995260e-04,7.306236e-02,4.188876e-01,4.249515e-03,5.551234e-02,2.063066e-03,1.313068e-03,9.995513e-02,2.198542e-02
1.420233e-01,6.790797e-02,2.757121e-02,9.312231e-03,3.128525e-02,4.413581e-02,7.864861e-04,8.542137e-02,3.928846e-01,3.991694e-03,5.691136e-02,1.892532e-03,1.220315e-03,1.140098e-01,2.064610e-02
1.475954e-01,6.782572e-02,2.247959e-02,7.527173e-03,2.799661e-02,3.711213e-02,7.843176e-04,6.830873e-02,3.866036e-01,3.305207e-03,6.297103e-02,2.069934e-03,1.224725e-03,1.481438e-01,1.605211e-02
1.513286e-01,7.351381e-02,1.789819e-02,6.239144e-03,2.515304e-02,3.083355e-02,7.578537e-04,5.474388e-02,3.595165e-01,3.178732e-03,5.447730e-02,2.329445e-03,1.237026e-03,2.053608e-01,1.343223e-02
1.749436e-01,7.223469e-02,1.596831e-02,5.298400e-03,2.064152e-02,2.852181e-02,8.952651e-04,4.072929e-02,3.119899e-01,3.490319e-03,5.124631e-02,2.780549e-03,1.334963e-03,2.548440e-01,1.508114e-02
1.545330e-01,7.381725e-02,1.728858e-02,7.447149e-03,1.537651e-02,4.385811e-02,7.572472e-04,2.941505e-02,2.348288e-01,7.978818e-03,5.110618e-02,1.178271e-02,3.689841e-03,2.293307e-01,1.187900e-01
1.137584e-01,5.781998e-02,1.404027e-02,6.194565e-03,1.099000e-02,9.638306e-02,5.543663e-04,2.077165e-02,1.711324e-01,7.578899e-03,5.287297e-02,1.231103e-02,3.740197e-03,2.005334e-01,2.313189e-01
1.029401e-01,4.649380e-02,1.290369e-02,7.642061e-03,8.437140e-03,8.439520e-02,6.899375e-04,1.551605e-02,1.370009e-01,2.169254e-02,5.901572e-02,1.178592e-02,4.416683e-03,2.354347e-01,2.516356e-01
9.730521e-02,3.704143e-02,1.065919e-02,6.262037e-03,6.357030e-03,6.970172e-02,6.576423e-04,1.123034e-02,1.132877e-01,1.867059e-02,6.229241e-02,1.031193e-02,4.092632e-03,3.642026e-01,1.879276e-01
9.762713e-02,3.073950e-02,9.765482e-03,5.667281e-03,5.399840e-03,5.854999e-02,1.058380e-03,8.619428e-03,1.055183e-01,1.942021e-02,7.149622e-02,9.865758e-03,5.025232e-03,4.010149e-01,1.702324e-01
1.372111e-01,2.965452e-02,7.932015e-03,5.664093e-03,5.361499e-03,4.718605e-02,1.220513e-03,6.655636e-03,1.265729e-01,2.288659e-02,7.765238e-02,1.088441e-02,6.345602e-03,3.508309e-01,1.639418e-01
1.476685e-01,3.571275e-02,3.395210e-02,2.736176e-02,1.622760e-02,3.742326e-02,2.224333e-03,6.361825e-03,1.635472e-01,2.940095e-02,6.012404e-02,1.044395e-02,7.706406e-03,2.773429e-01,1.445024e-01
1.828665e-01,3.635901e-02,5.062502e-02,6.745831e-02,2.455839e-02,3.396822e-02,2.967809e-03,6.678482e-03,1.377136e-01,3.964307e-02,5.014811e-02,1.224223e-02,9.756695e-03,2.124101e-01,1.326044e-01
1.510460e-01,3.296346e-02,4.452138e-02,6.326061e-02,1.817542e-02,2.553780e-02,2.193374e-03,5.278263e-03,1.205561e-01,1.243335e-01,4.395238e-02,9.718779e-03,1.267057e-02,1.509540e-01,1.948383e-01
1.185645e-01,2.650956e-02,3.955097e-02,4.574973e-02,1.330921e-02,1.923286e-02,1.595114e-03,4.123048e-03,1.257290e-01,1.633126e-01,4.581819e-02,7.624043e-03,2.772125e-02,1.085500e-01,2.526100e-01
1.837943e-01,2.195463e-02,3.054971e-02,3.418808e-02,1.109720e-02,1.821498e-02,1.386303e-03,4.427225e-03,1.079609e-01,1.337993e-01,6.843375e-02,8.168402e-03,3.520531e-02,1.205270e-01,2.202927e-01
2.180514e-01,1.902631e-02,2.590986e-02,2.742410e-02,8.791759e-03,1.975456e-02,1.328518e-03,4.812125e-03,1.137384e-01,1.055165e-01,6.508376e-02,7.593702e-03,2.938359e-02,1.309482e-01,2.226373e-01
2.177552e-01,3.320075e-02,2.362900e-02,2.353489e-02,7.251521e-03,1.774489e-02,1.388093e-03,4.689730e-03,1.242831e-01,8.306142e-02,5.042066e-02,7.225171e-03,2.326338e-02,1.562792e-01,2.262730e-01
2.458925e-01,5.196583e-02,2.034913e-02,2.267608e-02,6.533054e-03,1.479303e-02,1.488415e-03,4.867443e-03,1.464818e-01,7.025117e-02,3.957023e-02,6.794172e-03,1.918701e-02,1.594538e-01,1.896964e-01
1.761501e-01,6.252415e-02,2.593134e-02,3.078656e-02,4.940592e-03,1.092416e-02,1.085478e-03,3.514193e-03,2.510467e-01,6.032724e-02,2.851523e-02,5.527942e-03,1.433135e-02,1.124967e-01,2.118984e-01
1.879909e-01,6.475316e-02,1.974607e-02,3.654400e-02,2.659750e-02,1.478843e-02,1.703378e-03,3.729184e-03,2.805056e-01,5.917846e-02,2.250623e-02,4.366874e-03,2.039620e-02,8.095591e-02,1.762381e-01
1.363637e-01,6.567375e-02,2.110373e-02,5.555873e-02,2.084874e-02,1.125033e-02,1.284843e-03,3.539458e-03,3.750997e-01,5.324415e-02,1.691895e-02,3.466318e-03,1.641068e-02,5.754871e-02,1.616882e-01
1.248035e-01,7.746816e-02,1.662086e-02,5.317039e-02,3.240459e-02,1.767687e-02,1.443253e-03,8.465337e-03,4.060352e-01,4.443000e-02,1.520250e-02,3.050441e-03,1.926986e-02,4.394500e-02,1.360140e-01
1.165638e-01,6.857784e-02,1.601760e-02,4.676958e-02,8.040302e-02,4.194824e-02,3.522056e-03,9.425424e-03,4.054569e-01,3.320192e-02,1.503736e-02,2.576960e-03,1.561853e-02,3.231022e-02,1.125705e-01
1.091861e-01,7.845864e-02,2.249435e-02,1.187938e-01,7.827750e-02,4.615825e-02,5.187344e-03,2.395329e-02,3.406858e-01,2.711524e-02,1.292879e-02,2.371410e-03,1.214625e-02,2.392523e-02,9.831801e-02
1.168202e-01,7.775512e-02,2.658010e-02,1.971603e-01,8.528539e-02,6.039428e-02,8.486469e-03,2.612780e-02,2.611454e-01,2.100185e-02,1.104612e-02,2.543678e-03,1.070620e-02,1.788579e-02,7.706120e-02
1.342481e-01,8.476305e-02,2.416608e-02,1.819679e-01,9.806029e-02,9.878043e-02,8.513469e-03,2.506839e-02,2.225801e-01,1.675828e-02,1.062640e-02,2.568178e-03,1.319084e-02,1.464466e-02,6.406375e-02
1.712696e-01,9.056500e-02,2.018827e-02,1.420182e-01,8.565138e-02,1.155800e-01,7.093022e-03,2.009173e-02,2.034485e-01,1.318442e-02,1.133570e-02,4.798334e-03,2.321024e-02,1.323491e-02,7.833065e-02
1.956062e-01,9.588052e-02,1.773418e-02,1.281495e-01,6.933694e-02,9.831779e-02,5.910205e-03,1.611126e-02,1.745074e-01,1.302711e-02,1.182836e-02,8.598824e-03,2.845275e-02,1.095976e-02,1.255791e-01
2.572394e-01,1.210278e-01,1.506411e-02,9.942263e-02,5.273055e-02,7.633010e-02,5.372046e-03,1.306076e-02,1.829523e-01,1.138987e-02,1.358404e-02,1.111480e-02,3.156476e-02,8.679263e-03,1.004677e-01
2.507490e-01,9.559567e-02,2.696493e-02,1.118469e-01,3.861042e-02,7.312296e-02,8.167195e-03,1.400060e-02,1.588086e-01,9.164174e-03,1.313887e-02,1.065855e-02,1.069782e-01,6.375646e-03,7.581828e-02
2.852340e-01,7.648888e-02,2.795368e-02,9.295294e-02,2.868185e-02,6.265856e-02,9.341380e-03,1.466982e-02,1.242506e-01,8.532564e-03,1.197932e-02,1.301647e-02,1.649875e-01,5.439384e-03,7.381301e-02
2.952946e-01,5.725978e-02,2.196239e-02,6.685239e-02,2.242671e-02,4.917489e-02,7.939750e-03,2.156517e-02,9.503883e-02,6.545594e-03,1.043478e-02,1.262232e-02,2.680449e-01,4.843296e-03,5.999453e-02
2.822777e-01,4.210868e-02,1.622693e-02,4.778003e-02,1.656087e-02,4.084587e-02,6.844589e-03,2.191185e-02,6.929995e-02,4.980177e-03,8.560720e-03,1.327350e-02,3.808585e-01,3.700665e-03,4.476986e-02
2.158588e-01,3.144531e-02,1.380756e-02,3.686697e-02,1.306244e-02,3.237714e-02,5.827168e-03,1.813675e-02,5.136700e-02,3.847708e-03,6.626828e-03,1.637249e-02,5.176592e-01,2.646659e-03,3.409792e-02
1.622292e-01,2.337526e-02,1.009803e-02,2.689695e-02,1.004111e-02,2.416660e-02,4.272928e-03,1.348717e-02,3.969247e-02,2.804636e-03,5.342302e-03,2.198304e-02,6.287005e-01,1.875668e-03,2.503410e-02
1.240580e-01,1.879449e-02,7.450604e-03,1.936869e-02,8.233169e-03,1.937983e-02,3.269311e-03,1.059632e-02,3.581360e-02,2.097821e-03,4.482974e-03,2.998401e-02,6.965866e-01,1.374921e-03,1.850966e-02
9.686930e-02,1.526655e-02,5.658912e-03,1.410277e-02,7.098814e-03,2.079908e-02,2.832502e-03,8.523214e-03,3.401076e-02,1.541213e-03,4.409272e-03,2.703281e-02,7.467914e-01,1.075876e-03,1.398749e-02
7.293498e-02,1.199666e-02,4.974379e-03,1.024625e-02,6.652152e-03,2.955754e-02,3.233566e-03,7.330157e-03,2.941410e-02,1.141370e-03,4.018051e-03,2.392140e-02,7.831393e-01,8.387932e-04,1.060124e-02
5.397831e-02,2.007123e-02,6.794603e-03,7.421903e-03,6.191826e-03,9.859403e-02,2.442926e-03,6.353837e-03,4.329976e-02,1.075434e-03,6.118484e-03,2.000673e-02,7.179685e-01,9.026308e-04,8.779705e-03
4.750948e-02,4.519492e-02,9.648595e-03,6.030668e-03,8.479884e-03,8.616250e-02,2.071298e-03,8.113562e-03,1.773642e-01,9.568256e-04,4.920805e-03,1.524577e-02,5.805866e-01,6.789520e-04,7.035924e-03
5.935563e-02,4.137371e-02,1.375684e-02,5.617525e-03,1.264228e-02,8.630604e-02,4.163729e-03,1.213137e-02,1.781669e-01,1.034816e-03,3.823217e-03,1.159915e-02,5.638970e-01,5.350196e-04,5.596863e-03
6.862158e-02,6.593452e-02,3.730073e-02,1.740238e-02,1.403543e-02,9.345803e-02,4.321841e-03,1.695126e-02,2.322944e-01,2.290297e-03,3.264269e-03,8.938373e-03,4.266481e-01,4.752493e-04,8.063491e-03
7.177638e-02,6.658144e-02,3.654496e-02,1.465154e-02,1.770878e-02,1.003224e-01,5.479937e-03,2.904261e-02,2.631628e-01,2.138719e-03,3.231413e-03,6.813327e-03,3.737586e-01,4.769933e-04,8.310033e-03
7.329002e-02,7.780318e-02,2.959720e-02,1.554106e-02,1.898576e-02,9.429039e-02,6.482726e-03,6.839048e-02,2.600290e-01,2.907104e-03,3.903566e-03,6.469182e-03,3.252743e-01,8.667281e-04,1.616934e-02
7.851093e-02,5.961209e-02,2.245696e-02,1.304565e-02,1.899160e-02,8.586545e-02,6.741010e-03,1.499644e-01,2.540640e-01,2.475186e-03,3.543019e-03,5.800853e-03,2.847420e-01,8.037009e-04,1.338315e-02
8.670172e-02,5.164024e-02,2.165854e-02,3.079773e-02,1.992022e-02,7.086315e-02,5.887137e-03,2.140461e-01,2.231361e-01,7.992983e-03,6.498974e-03,9.437636e-03,2.276880e-01,1.402270e-03,2.232916e-02
7.726269e-02,6.108469e-02,2.135875e-02,2.461188e-02,1.556963e-02,6.536646e-02,5.266498e-03,1.819401e-01,2.234174e-01,8.487701e-03,6.151616e-03,9.172174e-03,2.248107e-01,1.450316e-03,7.404949e-02
6.816063e-02,6.759795e-02,1.685041e-02,1.880495e-02,1.230807e-02,6.889981e-02,4.530289e-03,1.423425e-01,2.292259e-01,6.967243e-03,5.389546e-03,7.772957e-03,2.084359e-01,1.508650e-03,1.412053e-01
6.863628e-02,5.750840e-02,1.556019e-02,1.430961e-02,1.134635e-02,8.418191e-02,4.515364e-03,1.108155e-01,2.229137e-01,6.264500e-03,4.416345e-03,6.590959e-03,2.500579e-01,1.656924e-03,1.412261e-01
8.905861e-02,4.755396e-02,1.267800e-02,1.160475e-02,1.220328e-02,8.913944e-02,6.506131e-03,8.118337e-02,2.156081e-01,5.195560e-03,3.619521e-03,5.779795e-03,2.993320e-01,1.540075e-03,1.189974e-01
1.009540e-01,4.132311e-02,1.077636e-02,9.330449e-03,1.148380e-02,8.880535e-02,8.265408e-03,5.886955e-02,1.803586e-01,4.762402e-03,2.850744e-03,6.182469e-03,3.612559e-01,1.546407e-03,1.132355e-01
1.514726e-01,3.280012e-02,8.248869e-03,7.727606e-03,1.043222e-02,8.479819e-02,7.967139e-03,4.328766e-02,1.479783e-01,4.002484e-03,2.844325e-03,6.872611e-03,3.952178e-01,1.578750e-03,9.477142e-02
2.493328e-01,2.657020e-02,6.419293e-03,6.526443e-03,8.901712e-03,7.693515e-02,7.839108e-03,3.225569e-02,1.142855e-01,3.408091e-03,3.476380e-03,8.227869e-03,3.774219e-01,1.841724e-03,7.655811e-02
2.714279e-01,2.129328e-02,6.225898e-03,1.049445e-02,7.703114e-03,1.398929e-01,6.129274e-03,2.590276e-02,9.219312e-02,3.765841e-03,2.314609e-02,3.191870e-02,2.866428e-01,3.529302e-03,6.973451e-02
4.077539e-01,1.900945e-02,5.425881e-03,9.722468e-03,7.481614e-03,1.048203e-01,5.100859e-03,2.093893e-02,7.043467e-02,3.493703e-03,2.024856e-02,2.574110e-02,2.392544e-01,3.903071e-03,5.667120e-02
4.698444e-01,1.943652e-02,7.689103e-03,2.433851e-02,1.144916e-02,9.017311e-02,4.522096e-03,1.737365e-02,6.399416e-02,3.978959e-03,3.192189e-02,2.938455e-02,1.750034e-01,3.911503e-03,4.697902e-02
3.894096e-01,1.613564e-02,7.021386e-03,1.925587e-02,9.386043e-03,9.679021e-02,3.751882e-03,1.266396e-02,4.719007e-02,3.982419e-03,1.946043e-01,3.640052e-02,1.240082e-01,4.000367e-03,3.539951e-02
3.001674e-01,1.273664e-02,5.795968e-03,1.430711e-02,7.101593e-03,1.492775e-01,3.132201e-03,9.298497e-03,3.384345e-02,3.400454e-03,2.952259e-01,4.735968e-02,8.768316e-02,4.375718e-03,2.629478e-02
2.742940e-01,1.280901e-02,5.829954e-03,1.213926e-02,5.514127e-03,1.311866e-01,2.699666e-03,7.367219e-03,2.694424e-02,3.551385e-03,3.767301e-01,5.191369e-02,6.224552e-02,5.637724e-03,2.113747e-02
2.184096e-01,1.164427e-02,1.220688e-02,1.092755e-02,5.410282e-03,9.715444e-02,2.315909e-03,5.821484e-03,2.025045e-02,3.337827e-03,4.954088e-01,5.147937e-02,4.391558e-02,5.684962e-03,1.603246e-02
1.830504e-01,1.889643e-02,1.757031e-02,8.746488e-03,5.159460e-03,7.178795e-02,2.030839e-03,5.714623e-03,1.999224e-02,5.160045e-03,5.318360e-01,5.969217e-02,3.165424e-02,2.384543e-02,1.486330e-02
1.318061e-01,2.320263e-02,3.051122e-02,6.766623e-03,6.118802e-03,5.295535e-02,1.879595e-03,7.047679e-03,2.214451e-02,1.111254e-02,5.299654e-01,8.942851e-02,2.293299e-02,5.269937e-02,1.142868e-02
9.406338e-02,1.787968e-02,2.449233e-02,5.000114e-03,5.058232e-03,3.918220e-02,2.057142e-03,5.356588e-03,1.677397e-02,9.611409e-03,6.395413e-01,7.700745e-02,1.653097e-02,3.909874e-02,8.346515e-03
7.214753e-02,2.198482e-02,3.772940e-02,4.216577e-03,8.153548e-03,2.998776e-02,1.022991e-02,1.403816e-02,2.086979e-02,1.397194e-02,6.343545e-01,7.972910e-02,1.222597e-02,3.364620e-02,6.714803e-03
6.669922e-02,6.007189e-02,9.966608e-02,4.109851e-03,1.363110e-02,4.173372e-02,1.417190e-02,4.825997e-02,2.711068e-02,2.423513e-02,4.653549e-01,6.497695e-02,9.215930e-03,5.452652e-02,6.236223e-03
5.732193e-02,1.984788e-01,1.095782e-01,3.226430e-03,1.251344e-02,3.591946e-02,1.186807e-02,3.991612e-02,3.454570e-02,3.024322e-02,3.411666e-01,4.884490e-02,6.979593e-03,6.446171e-02,4.935959e-03
6.736004e-02,3.247143e-01,9.083392e-02,3.377648e-03,1.084460e-02,2.941625e-02,8.757086e-03,3.217327e-02,3.535511e-02,4.526335e-02,2.511147e-01,3.628724e-02,5.403476e-03,5.412136e-02,4.977657e-03
1.028255e-01,3.393779e-01,7.887116e-02,6.224277e-03,1.946018e-02,2.710871e-02,7.491423e-03,3.100380e-02,3.979878e-02,4.083281e-02,2.185499e-01,3.019105e-02,6.701254e-03,4.459019e-02,6.972996e-03
