1.000000e+00,0.000000e+00,0.000000e+00,0.000000e+00,0.000000e+00,0.000000e+00,0.000000e+00,0.000000e+00,0.000000e+00,0.000000e+00,0.000000e+00,0.000000e+00,0.000000e+00,0.000000e+00,0.000000e+00
1.000000e+00,0.000000e+00,0.000000e+00,0.000000e+00,0.000000e+00,0.000000e+00,0.000000e+00,0.000000e+00,0.000000e+00,0.000000e+00,0.000000e+00,0.000000e+00,0.000000e+00,0.000000e+00,0.000000e+00
1.000000e+00,0.000000e+00,0.000000e+00,0.000000e+00,0.000000e+00,0.000000e+00,0.000000e+00,0.000000e+00,0.000000e+00,0.000000e+00,0.000000e+00,0.000000e+00,0.000000e+00,0.000000e+00,0.000000e+00
1.000000e+00,0.000000e+00,0.000000e+00,0.000000e+00,0.000000e+00,0.000000e+00,0.000000e+00,0.000000e+00,0.000000e+00,0.000000e+00,0.000000e+00,0.000000e+00,0.000000e+00,0.000000e+00,0.000000e+00
1.000000e+00,0.000000e+00,0.000000e+00,0.000000e+00,0.000000e+00,0.000000e+00,0.000000e+00,0.000000e+00,0.000000e+00,0.000000e+00,0.000000e+00,0.000000e+00,0.000000e+00,0.000000e+00,0.000000e+00
1.000000e+00,0.000000e+00,0.000000e+00,0.000000e+00,0.000000e+00,0.000000e+00,0.000000e+00,0.000000e+00,0.000000e+00,0.000000e+00,0.000000e+00,0.000000e+00,0.000000e+00,0.000000e+00,0.000000e+00
1.000000e+00,0.000000e+00,0.000000e+00,0.000000e+00,0.000000e+00,0.000000e+00,0.000000e+00,0.000000e+00,0.000000e+00,0.000000e+00,0.000000e+00,0.000000e+00,0.000000e+00,0.000000e+00,0.000000e+00
1.000000e+00,0.000000e+00,0.000000e+00,0.000000e+00,0.000000e+00,0.000000e+00,0.000000e+00,0.000000e+00,0.000000e+00,0.000000e+00,0.000000e+00,0.000000e+00,0.000000e+00,0.000000e+00,0.000000e+00
1.000000e+00,0.000000e+00,0.000000e+00,0.000000e+00,0.000000e+00,0.000000e+00,0.000000e+00,0.000000e+00,0.000000e+00,0.000000e+00,0.000000e+00,0.000000e+00,0.000000e+00,0.000000e+00,0.000000e+00
1.000000e+00,0.000000e+00,0.000000e+00,0.000000e+00,0.000000e+00,0.000000e+00,0.000000e+00,0.000000e+00,0.000000e+00,0.000000e+00,0.000000e+00,0.000000e+00,0.000000e+00,0.000000e+00,0.000000e+00
1.000000e+00,0.000000e+00,0.000000e+00,0.000000e+00,0.000000e+00,0.000000e+00,0.000000e+00,0.000000e+00,0.000000e+00,0.000000e+00,0.000000e+00,0.000000e+00,0.000000e+00,0.000000e+00,0.000000e+00
1.000000e+00,0.000000e+00,0.000000e+00,0.000000e+00,0.000000e+00,0.000000e+00,0.000000e+00,0.000000e+00,0.000000e+00,0.000000e+00,0.000000e+00,0.000000e+00,0.000000e+00,0.000000e+00,0.000000e+00
1.000000e+00,0.000000e+00,0.000000e+00,0.000000e+00,0.000000e+00,0.000000e+00,0.000000e+00,0.000000e+00,0.000000e+00,0.000000e+00,0.000000e+00,0.000000e+00,0.000000e+00,0.000000e+00,0.000000e+00
1.000000e+00,0.000000e+00,0.000000e+00,0.000000e+00,0.000000e+00,0.000000e+00,0.000000e+00,0.000000e+00,0.000000e+00,0.000000e+00,0.000000e+00,0.000000e+00,0.000000e+00,0.000000e+00,0.000000e+00
1.000000e+00,0.000000e+00,0.000000e+00,0.000000e+00,0.000000e+00,0.000000e+00,0.000000e+00,0.000000e+00,0.000000e+00,0.000000e+00,0.000000e+00,0.000000e+00,0.000000e+00,0.000000e+00,0.000000e+00
1.000000e+00,0.000000e+00,0.000000e+00,0.000000e+00,0.000000e+00,0.000000e+00,0.000000e+00,0.000000e+00,0.000000e+00,0.000000e+00,0.000000e+00,0.000000e+00,0.000000e+00,0.000000e+00,0.000000e+00
1.000000e+00,0.000000e+00,0.000000e+00,0.000000e+00,0.000000e+00,0.000000e+00,0.000000e+00,0.000000e+00,0.000000e+00,0.000000e+00,0.000000e+00,0.000000e+00,0.000000e+00,0.000000e+00,0.000000e+00
1.000000e+00,0.000000e+00,0.000000e+00,0.000000e+00,0.000000e+00,0.000000e+00,0.000000e+00,0.000000e+00,0.000000e+00,0.000000e+00,0.000000e+00,0.000000e+00,0.000000e+00,0.000000e+00,0.000000e+00
1.000000e+00,0.000000e+00,0.000000e+00,0.000000e+00,0.000000e+00,0.000000e+00,0.000000e+00,0.000000e+00,0.000000e+00,0.000000e+00,0.000000e+00,0.000000e+00,0.000000e+00,0.000000e+00,0.000000e+00
1.000000e+00,0.000000e+00,0.000000e+00,0.000000e+00,0.000000e+00,0.000000e+00,0.000000e+00,0.000000e+00,0.000000e+00,0.000000e+00,0.000000e+00,0.000000e+00,0.000000e+00,0.000000e+00,0.000000e+00
1.000000e+00,0.000000e+00,0.000000e+00,0.000000e+00,0.000000e+00,0.000000e+00,0.000000e+00,0.000000e+00,0.000000e+00,0.000000e+00,0.000000e+00,0.000000e+00,0.000000e+00,0.000000e+00,0.000000e+00
1.000000e+00,0.000000e+00,0.000000e+00,0.000000e+00,0.000000e+00,0.000000e+00,0.000000e+00,0.000000e+00,0.000000e+00,0.000000e+00,0.000000e+00,0.000000e+00,0.000000e+00,0.000000e+00,0.000000e+00
1.000000e+00,0.000000e+00,0.000000e+00,0.000000e+00,0.000000e+00,0.000000e+00,0.000000e+00,0.000000e+00,0.000000e+00,0.000000e+00,0.000000e+00,0.000000e+00,0.000000e+00,0.000000e+00,0.000000e+00
1.000000e+00,0.000000e+00,0.000000e+00,0.000000e+00,0.000000e+00,0.000000e+00,0.000000e+00,0.000000e+00,0.000000e+00,0.000000e+00,0.000000e+00,0.000000e+00,0.000000e+00,0.000000e+00,0.000000e+00
1.000000e+00,0.000000e+00,0.000000e+00,0.000000e+00,0.000000e+00,0.000000e+00,0.000000e+00,0.000000e+00,0.000000e+00,0.000000e+00,0.000000e+00,0.000000e+00,0.000000e+00,0.000000e+00,0.000000e+00
1.000000e+00,0.000000e+00,0.000000e+00,0.000000e+00,0.000000e+00,0.000000e+00,0.000000e+00,0.000000e+00,0.000000e+00,0.000000e+00,0.000000e+00,0.000000e+00,0.000000e+00,0.000000e+00,0.000000e+00
1.000000e+00,0.000000e+00,0.000000e+00,0.000000e+00,0.000000e+00,0.000000e+00,0.000000e+00,0.000000e+00,0.000000e+00,0.000000e+00,0.000000e+00,0.000000e+00,0.000000e+00,0.000000e+00,0.000000e+00
1.000000e+00,0.000000e+00,0.000000e+00,0.000000e+00,0.000000e+00,0.000000e+00,0.000000e+00,0.000000e+00,0.000000e+00,0.000000e+00,0.000000e+00,0.000000e+00,0.000000e+00,0.000000e+00,0.000000e+00
1.000000e+00,0.000000e+00,0.000000e+00,0.000000e+00,0.000000e+00,0.000000e+00,0.000000e+00,0.000000e+00,0.000000e+00,0.000000e+00,0.000000e+00,0.000000e+00,0.000000e+00,0.000000e+00,0.000000e+00
1.000000e+00,0.000000e+00,0.000000e+00,0.000000e+00,0.000000e+00,0.000000e+00,0.000000e+00,0.000000e+00,0.000000e+00,0.000000e+00,0.000000e+00,0.000000e+00,0.000000e+00,0.000000e+00,0.000000e+00
1.000000e+00,0.000000e+00,0.000000e+00,0.000000e+00,0.000000e+00,0.000000e+00,0.000000e+00,0.000000e+00,0.000000e+00,0.000000e+00,0.000000e+00,0.000000e+00,0.000000e+00,0.000000e+00,0.000000e+00
1.000000e+00,0.000000e+00,0.000000e+00,0.000000e+00,0.000000e+00,0.000000e+00,0.000000e+00,0.000000e+00,0.000000e+00,0.000000e+00,0.000000e+00,0.000000e+00,0.000000e+00,0.000000e+00,0.000000e+00
1.000000e+00,0.000000e+00,0.000000e+00,0.000000e+00,0.000000e+00,0.000000e+00,0.000000e+00,0.000000e+00,0.000000e+00,0.000000e+00,0.000000e+00,0.000000e+00,0.000000e+00,0.000000e+00,0.000000e+00
1.000000e+00,0.000000e+00,0.000000e+00,0.000000e+00,0.000000e+00,0.000000e+00,0.000000e+00,0.000000e+00,0.000000e+00,0.000000e+00,0.000000e+00,0.000000e+00,0.000000e+00,0.000000e+00,0.000000e+00
1.000000e+00,0.000000e+00,0.000000e+00,0.000000e+00,0.000000e+00,0.000000e+00,0.000000e+00,0.000000e+00,0.000000e+00,0.000000e+00,0.000000e+00,0.000000e+00,0.000000e+00,0.000000e+00,0.000000e+00
1.000000e+00,0.000000e+00,0.000000e+00,0.000000e+00,0.000000e+00,0.000000e+00,0.000000e+00,0.000000e+00,0.000000e+00,0.000000e+00,0.000000e+00,0.000000e+00,0.000000e+00,0.000000e+00,0.000000e+00
1.000000e+00,0.000000e+00,0.000000e+00,0.000000e+00,0.000000e+00,0.000000e+00,0.000000e+00,0.000000e+00,0.000000e+00,0.000000e+00,0.000000e+00,0.000000e+00,0.000000e+00,0.000000e+00,0.000000e+00
1.000000e+00,0.000000e+00,0.000000e+00,0.000000e+00,0.000000e+00,0.000000e+00,0.000000e+00,0.000000e+00,0.000000e+00,0.000000e+00,0.000000e+00,0.000000e+00,0.000000e+00,0.000000e+00,0.000000e+00
1.000000e+00,0.000000e+00,0.000000e+00,0.000000e+00,0.000000e+00,0.000000e+00,0.000000e+00,0.000000e+00,0.000000e+00,0.000000e+00,0.000000e+00,0.000000e+00,0.000000e+00,0.000000e+00,0.000000e+00
1.000000e+00,0.000000e+00,0.000000e+00,0.000000e+00,0.000000e+00,0.000000e+00,0.000000e+00,0.000000e+00,0.000000e+00,0.000000e+00,0.000000e+00,0.000000e+00,0.000000e+00,0.000000e+00,0.000000e+00
1.000000e+00,0.000000e+00,0.000000e+00,0.000000e+00,0.000000e+00,0.000000e+00,0.000000e+00,0.000000e+00,0.000000e+00,0.000000e+00,0.000000e+00,0.000000e+00,0.000000e+00,0.000000e+00,0.000000e+00
1.000000e+00,0.000000e+00,0.000000e+00,0.000000e+00,0.000000e+00,0.000000e+00,0.000000e+00,0.000000e+00,0.000000e+00,0.000000e+00,0.000000e+00,0.000000e+00,0.000000e+00,0.000000e+00,0.000000e+00
1.000000e+00,0.000000e+00,0.000000e+00,0.000000e+00,0.000000e+00,0.000000e+00,0.000000e+00,0.000000e+00,0.000000e+00,0.000000e+00,0.000000e+00,0.000000e+00,0.000000e+00,0.000000e+00,0.000000e+00
1.000000e+00,0.000000e+00,0.000000e+00,0.000000e+00,0.000000e+00,0.000000e+00,0.000000e+00,0.000000e+00,0.000000e+00,0.000000e+00,0.000000e+00,0.000000e+00,0.000000e+00,0.000000e+00,0.000000e+00
1.000000e+00,0.000000e+00,0.000000e+00,0.000000e+00,0.000000e+00,0.000000e+00,0.000000e+00,0.000000e+00,0.000000e+00,0.000000e+00,0.000000e+00,0.000000e+00,0.000000e+00,0.000000e+00,0.000000e+00
1.000000e+00,0.000000e+00,0.000000e+00,0.000000e+00,0.000000e+00,0.000000e+00,0.000000e+00,0.000000e+00,0.000000e+00,0.000000e+00,0.000000e+00,0.000000e+00,0.000000e+00,0.000000e+00,0.000000e+00
1.000000e+00,0.000000e+00,0.000000e+00,0.000000e+00,0.000000e+00,0.000000e+00,0.000000e+00,0.000000e+00,0.000000e+00,0.000000e+00,0.000000e+00,0.000000e+00,0.000000e+00,0.000000e+00,0.000000e+00
1.000000e+00,0.000000e+00,0.000000e+00,0.000000e+00,0.000000e+00,0.000000e+00,0.000000e+00,0.000000e+00,0.000000e+00,0.000000e+00,0.000000e+00,0.000000e+00,0.000000e+00,0.000000e+00,0.000000e+00
4.436812e-01,6.304200e-02,6.130459e-02,2.635393e-01,1.745791e-02,1.529612e-02,4.248914e-03,2.241928e-02,1.488963e-02,2.387784e-03,2.137916e-02,2.147466e-02,1.309439e-02,5.585748e-03,3.019927e-02
1.000000e+00,0.000000e+00,0.000000e+00,0.000000e+00,0.000000e+00,0.000000e+00,0.000000e+00,0.000000e+00,0.000000e+00,0.000000e+00,0.000000e+00,0.000000e+00,0.000000e+00,0.000000e+00,0.000000e+00
1.000000e+00,0.000000e+00,0.000000e+00,0.000000e+00,0.000000e+00,0.000000e+00,0.000000e+00,0.000000e+00,0.000000e+00,0.000000e+00,0.000000e+00,0.000000e+00,0.000000e+00,0.000000e+00,0.000000e+00
4.900043e-01,5.707614e-02,6.047763e-02,2.157767e-01,1.440743e-02,2.144513e-02,5.090831e-03,1.915330e-02,1.112440e-02,2.158147e-03,1.787468e-02,2.988483e-02,2.087316e-02,4.694830e-03,2.995845e-02
1.000000e+00,0.000000e+00,0.000000e+00,0.000000e+00,0.000000e+00,0.000000e+00,0.000000e+00,0.000000e+00,0.000000e+00,0.000000e+00,0.000000e+00,0.000000e+00,0.000000e+00,0.000000e+00,0.000000e+00
1.000000e+00,0.000000e+00,0.000000e+00,0.000000e+00,0.000000e+00,0.000000e+00,0.000000e+00,0.000000e+00,0.000000e+00,0.000000e+00,0.000000e+00,0.000000e+00,0.000000e+00,0.000000e+00,0.000000e+00
1.000000e+00,0.000000e+00,0.000000e+00,0.000000e+00,0.000000e+00,0.000000e+00,0.000000e+00,0.000000e+00,0.000000e+00,0.000000e+00,0.000000e+00,0.000000e+00,0.000000e+00,0.000000e+00,0.000000e+00
1.000000e+00,0.000000e+00,0.000000e+00,0.000000e+00,0.000000e+00,0.000000e+00,0.000000e+00,0.000000e+00,0.000000e+00,0.000000e+00,0.000000e+00,0.000000e+00,0.000000e+00,0.000000e+00,0.000000e+00
1.000000e+00,0.000000e+00,0.000000e+00,0.000000e+00,0.000000e+00,0.000000e+00,0.000000e+00,0.000000e+00,0.000000e+00,0.000000e+00,0.000000e+00,0.000000e+00,0.000000e+00,0.000000e+00,0.000000e+00
1.000000e+00,0.000000e+00,0.000000e+00,0.000000e+00,0.000000e+00,0.000000e+00,0.000000e+00,0.000000e+00,0.000000e+00,0.000000e+00,0.000000e+00,0.000000e+00,0.000000e+00,0.000000e+00,0.000000e+00
1.000000e+00,0.000000e+00,0.000000e+00,0.000000e+00,0.000000e+00,0.000000e+00,0.000000e+00,0.000000e+00,0.000000e+00,0.000000e+00,0.000000e+00,0.000000e+00,0.000000e+00,0.000000e+00,0.000000e+00
1.000000e+00,0.000000e+00,0.000000e+00,0.000000e+00,0.000000e+00,0.000000e+00,0.000000e+00,0.000000e+00,0.000000e+00,0.000000e+00,0.000000e+00,0.000000e+00,0.000000e+00,0.000000e+00,0.000000e+00
1.000000e+00,0.000000e+00,0.000000e+00,0.000000e+00,0.000000e+00,0.000000e+00,0.000000e+00,0.000000e+00,0.000000e+00,0.000000e+00,0.000000e+00,0.000000e+00,0.000000e+00,0.000000e+00,0.000000e+00
1.000000e+00,0.000000e+00,0.000000e+00,0.000000e+00,0.000000e+00,0.000000e+00,0.000000e+00,0.000000e+00,0.000000e+00,0.000000e+00,0.000000e+00,0.000000e+00,0.000000e+00,0.000000e+00,0.000000e+00
1.000000e+00,0.000000e+00,0.000000e+00,0.000000e+00,0.000000e+00,0.000000e+00,0.000000e+00,0.000000e+00,0.000000e+00,0.000000e+00,0.000000e+00,0.000000e+00,0.000000e+00,0.000000e+00,0.000000e+00
3.704117e-01,7.077980e-03,4.730317e-02,1.733202e-02,7.735709e-03,3.531015e-02,6.204514e-02,4.028621e-01,2.314098e-03,1.344737e-03,8.482903e-03,1.698535e-02,1.183269e-02,1.967175e-03,6.995064e-03
2.600767e-01,5.063633e-03,3.668954e-02,1.362496e-02,6.248081e-03,2.711693e-02,4.398179e-02,5.683192e-01,1.665706e-03,1.351509e-03,7.061643e-03,1.238351e-02,9.129930e-03,2.303137e-03,4.983583e-03
1.828109e-01,3.631245e-03,2.658627e-02,1.050090e-02,4.742982e-03,2.156620e-02,3.100624e-02,4.871349e-01,1.394895e-03,8.858602e-03,3.620562e-02,8.222438e-02,8.610634e-02,1.314734e-02,4.083150e-03
1.281980e-01,2.561637e-03,1.871478e-02,9.815534e-03,3.419261e-03,1.555900e-02,2.187866e-02,3.504006e-01,1.097061e-03,4.507295e-02,4.562445e-02,2.326792e-01,9.423894e-02,2.747345e-02,3.266387e-03
8.998046e-02,1.829405e-03,1.316017e-02,8.958332e-03,2.889738e-03,1.108606e-02,1.544565e-02,2.581250e-01,1.113263e-03,3.365010e-02,4.015095e-02,4.053159e-01,9.014037e-02,2.571214e-02,2.442454e-03
6.313285e-02,1.323959e-03,9.317867e-03,7.983320e-03,3.521151e-03,8.028730e-03,1.119486e-02,1.893324e-01,1.568031e-03,2.583203e-02,4.196476e-02,5.388260e-01,6.792989e-02,2.827731e-02,1.766808e-03
4.426562e-02,1.022770e-03,6.934864e-03,8.607007e-03,4.890094e-03,5.980049e-03,8.131528e-03,1.347998e-01,4.321605e-03,2.480054e-02,6.964375e-02,5.918036e-01,4.893297e-02,4.449042e-02,1.375391e-03
3.124003e-02,9.834432e-04,5.235865e-03,1.677701e-02,9.122291e-03,7.027164e-03,5.830733e-03,9.558813e-02,5.837851e-03,2.089118e-02,1.072536e-01,6.177467e-01,3.585675e-02,3.941162e-02,1.197635e-03
2.197150e-02,7.885121e-04,3.847132e-03,1.642763e-02,1.399026e-02,5.929939e-03,4.162082e-03,6.732596e-02,7.240369e-03,2.045506e-02,1.918920e-01,5.834861e-01,2.622271e-02,3.533318e-02,9.276055e-04
1.551614e-02,7.682104e-04,2.748418e-03,1.161159e-02,5.059187e-02,4.357784e-03,3.330742e-03,4.735082e-02,4.994296e-02,1.532374e-02,2.889316e-01,4.623540e-01,2.054083e-02,2.553358e-02,1.097726e-03
1.138973e-02,7.990577e-04,2.166078e-03,8.468721e-03,7.010600e-02,3.297531e-03,2.546750e-03,3.355130e-02,5.151302e-02,1.679369e-02,3.565121e-01,3.996689e-01,1.885593e-02,2.287546e-02,1.455690e-03
8.475633e-03,7.743165e-04,1.683622e-03,6.076695e-03,7.168353e-02,2.746416e-03,1.952283e-03,2.365474e-02,4.613277e-02,2.169914e-02,4.006115e-01,3.761657e-01,1.786070e-02,1.903786e-02,1.445073e-03
6.141504e-03,1.435933e-03,1.290152e-03,4.333095e-03,6.450878e-02,2.289418e-03,2.310380e-03,1.717839e-02,7.471406e-02,1.846066e-02,3.927177e-01,3.843971e-01,1.416453e-02,1.484036e-02,1.217947e-03
4.514305e-03,3.214499e-03,1.103051e-03,3.115457e-03,5.738991e-02,2.288449e-03,5.487953e-03,1.280520e-02,1.740105e-01,1.379957e-02,3.797141e-01,3.196988e-01,1.067070e-02,1.114636e-02,1.041190e-03
3.912207e-03,5.308191e-02,2.617637e-03,2.500905e-03,4.729883e-02,3.809068e-03,4.719802e-03,1.213120e-02,2.824123e-01,1.049561e-02,3.198518e-01,2.374816e-01,9.512953e-03,9.175695e-03,9.984353e-04
3.083838e-03,1.333790e-01,3.390003e-03,1.992957e-03,3.531864e-02,5.085517e-03,4.136007e-03,9.889210e-03,3.051988e-01,8.781816e-03,2.909495e-01,1.806521e-01,8.882919e-03,8.272480e-03,9.873218e-04
2.368508e-03,2.788927e-01,3.548654e-03,1.721495e-03,2.780982e-02,4.008217e-03,2.996652e-03,7.309181e-03,3.103037e-01,6.242321e-03,2.138585e-01,1.272600e-01,6.561801e-03,6.107313e-03,1.011075e-03
2.499588e-03,2.211753e-01,5.457270e-03,1.292410e-02,3.685106e-02,6.646845e-03,2.241473e-03,7.134976e-03,4.351015e-01,5.766341e-03,1.586812e-01,9.211865e-02,6.124325e-03,5.011480e-03,2.265956e-03
4.051055e-03,1.847855e-01,5.465481e-03,1.156991e-02,4.653493e-02,8.256717e-03,1.738449e-03,7.453981e-03,5.234357e-01,4.861583e-03,1.224910e-01,6.635518e-02,5.379405e-03,5.101079e-03,2.520016e-03
6.987964e-03,2.203510e-01,7.096063e-03,1.289749e-02,5.775607e-02,1.103279e-02,1.331119e-03,8.336923e-03,5.200477e-01,3.858761e-03,9.039398e-02,4.705634e-02,4.259271e-03,5.814298e-03,2.780248e-03
1.260337e-02,2.154833e-01,1.310135e-02,1.339127e-02,9.424879e-02,1.076251e-02,1.040274e-03,5.783983e-02,4.667809e-01,3.072216e-03,6.577075e-02,3.332615e-02,3.756791e-03,5.809918e-03,3.012565e-03
1.958676e-02,2.296212e-01,1.849299e-02,1.661350e-02,9.759720e-02,1.484587e-02,1.381821e-03,9.169286e-02,4.077682e-01,3.672763e-03,4.734090e-02,2.474317e-02,6.799794e-03,5.971491e-03,1.387148e-02
2.146339e-02,2.108718e-01,2.044662e-02,1.375325e-02,1.250930e-01,1.692108e-02,1.660639e-03,8.510815e-02,4.249993e-01,4.017228e-03,3.395431e-02,1.831836e-02,5.630217e-03,5.388605e-03,1.237413e-02
2.197544e-02,1.839129e-01,2.377817e-02,1.084748e-02,1.501567e-01,1.400993e-02,1.838432e-03,1.019560e-01,4.313688e-01,3.273372e-03,2.457343e-02,1.322153e-02,4.452022e-03,4.899170e-03,9.736762e-03
2.523167e-02,1.640567e-01,2.997636e-02,8.663211e-03,1.321191e-01,1.716657e-02,2.180464e-03,1.023028e-01,4.634432e-01,3.999454e-03,1.891263e-02,1.004016e-02,5.257500e-03,6.363646e-03,1.028663e-02
2.719679e-02,1.304370e-01,2.843224e-02,7.717601e-03,1.274070e-01,1.700666e-02,3.465253e-03,1.084450e-01,4.978539e-01,7.657367e-03,1.492173e-02,7.923136e-03,4.992844e-03,6.603093e-03,9.940392e-03
2.925491e-02,1.019859e-01,2.537763e-02,6.302428e-03,1.180226e-01,1.383763e-02,1.056420e-02,1.060706e-01,5.382049e-01,1.135791e-02,1.171529e-02,6.301150e-03,6.219434e-03,5.891902e-03,8.893365e-03
2.685664e-02,7.681386e-02,2.014893e-02,4.723917e-03,1.050659e-01,1.039581e-02,1.583730e-02,1.311144e-01,5.608555e-01,1.740303e-02,8.806212e-03,4.744444e-03,5.127816e-03,5.203271e-03,6.902900e-03
4.328340e-02,6.224141e-02,2.315737e-02,4.629254e-03,9.217018e-02,1.016779e-02,1.542589e-02,1.809066e-01,4.958210e-01,4.070042e-02,7.137898e-03,5.203620e-03,5.124804e-03,5.714730e-03,8.315548e-03
5.633456e-02,6.471130e-02,8.029819e-02,1.176814e-02,7.049923e-02,2.372382e-02,1.381448e-02,1.479924e-01,3.795286e-01,6.079733e-02,2.000725e-02,2.203426e-02,2.005426e-02,4.792568e-03,2.364353e-02
4.428264e-02,5.164457e-02,1.818302e-01,2.852674e-02,5.425173e-02,1.969272e-02,1.629310e-02,1.113807e-01,2.714991e-01,8.552873e-02,2.778780e-02,3.897477e-02,4.036458e-02,3.978274e-03,2.396435e-02
3.161488e-02,3.707514e-02,1.304093e-01,2.514798e-02,6.255454e-02,1.828584e-02,7.459490e-02,8.865304e-02,1.985403e-01,6.764439e-02,5.801107e-02,1.063128e-01,6.055636e-02,2.090869e-02,1.969077e-02
2.297005e-02,2.642385e-02,9.340820e-02,2.189305e-02,5.179375e-02,1.570730e-02,6.379732e-02,7.571184e-02,1.438455e-01,4.998917e-02,1.278794e-01,1.553123e-01,4.995979e-02,8.630551e-02,1.500299e-02
1.634770e-02,1.859467e-02,6.573946e-02,1.614596e-02,3.886143e-02,1.222829e-02,5.110416e-02,5.774841e-02,1.026517e-01,3.607289e-02,1.575677e-01,2.510959e-01,4.009210e-02,1.240923e-01,1.165735e-02
1.154723e-02,1.308183e-02,4.609383e-02,1.175464e-02,2.816462e-02,8.904513e-03,3.630112e-02,4.246746e-02,8.116797e-02,2.602824e-02,1.457341e-01,3.061436e-01,3.032039e-02,2.036124e-01,8.678069e-03
8.258496e-03,9.236502e-03,3.233184e-02,8.995103e-03,2.173795e-02,7.161533e-03,2.562147e-02,3.455435e-02,7.094629e-02,1.944885e-02,2.567992e-01,2.476686e-01,2.232178e-02,2.284866e-01,6.431449e-03
5.820801e-03,6.799618e-03,2.289393e-02,7.129185e-03,3.001599e-02,5.201111e-03,1.803494e-02,2.443191e-02,1.100152e-01,1.533987e-02,2.230750e-01,2.501315e-01,1.613079e-02,2.597816e-01,5.198628e-03
4.115847e-03,4.817444e-03,1.604959e-02,5.092185e-03,2.133554e-02,3.709337e-03,1.265712e-02,1.717544e-02,9.263373e-02,1.131698e-02,1.811242e-01,1.824328e-01,1.141463e-02,4.322698e-01,3.855320e-03
2.912113e-03,4.224085e-03,1.147588e-02,3.727807e-03,1.531570e-02,2.715323e-03,8.870974e-03,1.208816e-02,1.066307e-01,8.313071e-03,1.472887e-01,1.334081e-01,8.163262e-03,5.318167e-01,3.049284e-03
2.191374e-03,3.277821e-03,8.153684e-03,2.912429e-03,1.112557e-02,2.929446e-03,6.223126e-03,8.503356e-03,1.045914e-01,6.401439e-03,1.093948e-01,9.537491e-02,5.814684e-03,6.307608e-01,2.345148e-03
1.602112e-03,2.453014e-03,5.831301e-03,2.756875e-03,8.526620e-03,2.540745e-03,4.392513e-03,6.006138e-03,1.024224e-01,5.235470e-03,8.569834e-02,6.828512e-02,4.260767e-03,6.982515e-01,1.737150e-03
1.308638e-03,2.130802e-03,5.247546e-03,2.374623e-03,6.410045e-03,2.039837e-03,3.094234e-03,4.305529e-03,8.234277e-02,4.800770e-03,7.053429e-02,4.861120e-02,3.227009e-03,7.622488e-01,1.323925e-03
1.625426e-03,1.865864e-03,6.425374e-03,5.372511e-03,5.566971e-03,4.968608e-03,2.250120e-03,5.181629e-03,7.594392e-02,6.517319e-03,7.289752e-02,3.583959e-02,1.088858e-02,7.633126e-01,1.343954e-03
2.215437e-03,2.337761e-03,7.458656e-03,7.850345e-03,5.488287e-03,9.187982e-03,1.841786e-03,5.431459e-03,7.654112e-02,1.040728e-02,9.951670e-02,2.776511e-02,1.217463e-02,7.301882e-01,1.595267e-03
3.789092e-03,3.203957e-03,1.153800e-01,3.132972e-02,5.410769e-03,1.136423e-02,1.584951e-03,2.529662e-02,1.088149e-01,1.223241e-02,9.458487e-02,2.070574e-02,1.335708e-02,5.511927e-01,1.753032e-03
5.067267e-03,6.346825e-03,1.777248e-01,4.233479e-02,5.470646e-03,1.539878e-02,1.540009e-03,2.743992e-02,1.908690e-01,1.438748e-02,7.916532e-02,1.538056e-02,1.183620e-02,4.045018e-01,2.536544e-03
8.040732e-03,5.396891e-03,3.205175e-01,4.858338e-02,5.619286e-03,1.283611e-02,1.933248e-03,5.200331e-02,1.557373e-01,1.136114e-02,5.848059e-02,1.092871e-02,8.763315e-03,2.975208e-01,2.277611e-03
1.029351e-02,8.070332e-03,4.513143e-01,4.079507e-02,2.041776e-02,1.881784e-02,5.293016e-03,4.192129e-02,1.256961e-01,8.420338e-03,4.167099e-02,7.681734e-03,6.336953e-03,2.113822e-01,1.888578e-03
1.583504e-02,9.324349e-03,5.241728e-01,4.003365e-02,2.877736e-02,1.956156e-02,5.721865e-03,5.013760e-02,1.075572e-01,6.767469e-03,3.019166e-02,5.527312e-03,4.713749e-03,1.494863e-01,2.192146e-03
2.403178e-02,1.743765e-02,4.757102e-01,4.276014e-02,6.070805e-02,2.593725e-02,7.230869e-03,5.225877e-02,1.448267e-01,7.486196e-03,2.258704e-02,4.006308e-03,3.666109e-03,1.076743e-01,3.678673e-03
3.321508e-02,2.744168e-02,3.539647e-01,4.599448e-02,9.600884e-02,5.523163e-02,9.520954e-03,4.826410e-02,2.070887e-01,7.858081e-03,1.800515e-02,3.006937e-03,3.330361e-03,8.454323e-02,6.526176e-03
2.918127e-02,8.117177e-02,2.749100e-01,1.111242e-01,8.111671e-02,4.015062e-02,7.022089e-03,3.815446e-02,2.046357e-01,1.226328e-02,1.900622e-02,4.080243e-03,8.365600e-03,5.976849e-02,2.904934e-02
2.050336e-02,6.822836e-02,2.293214e-01,7.952443e-02,5.704687e-02,2.882995e-02,4.975162e-03,2.677443e-02,1.448715e-01,2.221618e-01,1.833008e-02,3.830148e-03,2.540476e-02,4.207850e-02,2.811922e-02
1.447854e-02,5.719800e-02,1.735565e-01,5.720216e-02,4.168159e-02,2.302814e-02,3.893359e-03,1.878008e-02,1.084347e-01,3.482732e-01,1.707782e-02,4.648960e-03,6.947054e-02,3.187806e-02,3.039832e-02
1.015867e-02,4.069154e-02,1.216862e-01,4.029257e-02,3.054087e-02,1.794000e-02,2.866888e-03,1.315592e-02,8.194316e-02,3.721437e-01,3.050670e-02,6.036785e-03,1.158889e-01,6.730864e-02,4.883939e-02
7.115130e-03,2.860395e-02,8.523706e-02,2.825752e-02,2.201379e-02,1.355625e-02,2.037871e-03,9.211098e-03,6.020761e-02,3.299393e-01,3.092536e-02,5.102381e-03,1.010904e-01,1.993095e-01,7.739285e-02
5.003399e-03,2.092658e-02,6.029023e-02,1.995709e-02,1.904359e-02,1.093374e-02,1.473508e-03,6.612956e-03,7.122615e-02,2.386053e-01,6.093069e-02,4.339654e-03,1.023517e-01,3.017175e-01,7.658795e-02
3.587025e-03,1.739603e-02,4.283069e-02,1.410277e-02,1.417904e-02,8.359267e-03,1.051281e-03,4.671817e-03,1.272516e-01,1.697509e-01,5.378423e-02,3.717909e-03,7.424095e-02,3.557940e-01,1.092826e-01
2.611694e-03,1.380747e-02,3.031171e-02,9.904440e-03,1.964853e-02,6.317756e-03,7.818111e-04,3.339097e-03,1.599929e-01,1.215781e-01,5.098853e-02,2.772598e-03,5.350438e-02,4.143876e-01,1.100534e-01
2.012678e-03,1.132739e-02,2.198275e-02,7.014686e-03,1.446243e-02,5.136371e-03,5.788438e-04,2.377506e-03,2.432255e-01,8.611341e-02,4.031137e-02,1.996668e-03,3.768760e-02,4.145868e-01,1.111861e-01
1.600312e-03,1.047218e-02,1.584462e-02,4.978454e-03,1.056703e-02,5.009921e-03,4.380043e-04,1.699009e-03,2.637452e-01,6.151988e-02,3.304780e-02,1.486175e-03,2.719941e-02,4.377323e-01,1.246597e-01
1.410180e-03,1.118017e-02,1.132337e-02,3.593415e-03,7.669741e-03,4.253134e-03,3.435423e-04,1.204498e-03,2.769708e-01,4.856546e-02,2.903401e-02,1.903323e-03,2.103386e-02,4.684849e-01,1.130296e-01
1.354584e-03,9.213740e-03,8.142992e-03,2.587456e-03,5.840896e-03,3.215541e-03,2.625057e-04,9.091503e-04,4.101204e-01,3.590697e-02,2.264045e-02,1.435605e-03,1.501996e-02,4.009647e-01,8.238512e-02
1.574978e-03,7.033125e-03,6.316368e-03,2.002802e-03,1.200907e-02,3.280062e-03,3.479832e-04,1.068150e-03,5.031145e-01,2.672822e-02,1.779108e-02,1.057976e-03,1.076005e-02,3.483532e-01,5.856243e-02
1.383295e-03,5.085507e-03,4.776796e-03,3.673509e-03,9.976727e-03,3.008975e-03,2.986856e-04,1.676483e-03,5.701804e-01,2.105653e-02,1.974087e-02,1.134015e-03,9.533871e-03,3.036943e-01,4.478008e-02
1.240022e-03,4.415016e-03,5.391275e-03,3.902273e-03,1.000737e-02,3.799149e-03,2.618509e-04,2.363403e-03,5.573720e-01,2.161744e-02,3.666389e-02,1.360663e-03,9.151473e-03,3.038235e-01,3.863073e-02
2.754941e-03,3.803881e-03,1.932055e-02,9.063398e-03,9.078096e-02,3.825730e-03,2.171651e-03,2.269488e-02,5.223035e-01,1.874703e-02,3.148202e-02,1.141763e-03,7.435041e-03,2.358873e-01,2.858744e-02
2.508717e-03,3.644719e-03,5.549325e-02,4.495116e-02,1.659901e-01,3.698459e-03,1.802265e-03,2.729703e-02,4.571016e-01,1.429415e-02,2.416991e-02,8.830949e-04,5.863770e-03,1.704596e-01,2.184230e-02
2.271278e-03,3.585259e-03,1.780114e-01,1.136799e-01,1.287063e-01,3.421487e-03,1.376562e-03,2.281568e-02,3.664259e-01,1.454231e-02,1.815663e-02,6.824690e-04,4.430100e-03,1.230232e-01,1.887155e-02
1.298542e-02,5.980590e-03,1.876692e-01,8.713982e-02,1.108185e-01,9.803498e-03,1.352031e-03,1.908038e-02,2.922717e-01,1.631613e-02,2.734317e-02,8.682922e-04,4.774076e-03,1.161047e-01,1.074926e-01
3.173987e-02,8.222148e-03,2.611819e-01,7.248022e-02,1.054148e-01,1.461952e-02,1.371054e-03,1.863834e-02,2.298415e-01,1.420117e-02,2.201412e-02,8.175174e-04,4.075212e-03,1.116903e-01,1.036924e-01
3.411624e-02,2.367141e-02,2.764361e-01,1.349139e-01,1.087164e-01,2.875662e-02,3.475613e-03,1.542167e-02,1.756376e-01,1.201815e-02,1.686887e-02,7.026427e-04,3.188494e-03,8.117589e-02,8.490050e-02
3.960157e-02,2.903271e-02,3.250539e-01,1.403760e-01,8.998112e-02,3.324586e-02,3.297596e-03,1.299218e-02,1.419116e-01,1.445747e-02,1.376054e-02,6.672383e-04,2.465728e-03,6.377697e-02,8.937942e-02
4.954869e-02,2.515458e-02,4.011352e-01,1.035161e-01,8.676919e-02,2.656734e-02,2.362847e-03,1.065267e-02,1.200667e-01,1.181349e-02,1.266558e-02,6.035922e-04,2.019483e-03,5.255407e-02,9.457044e-02
5.004529e-02,2.420446e-02,3.025557e-01,8.161784e-02,1.134883e-01,2.781867e-02,5.512119e-02,1.255733e-01,9.062027e-02,9.335428e-03,9.616466e-03,5.812668e-04,1.832982e-03,4.060911e-02,6.697980e-02
5.337524e-02,2.295883e-02,2.286263e-01,6.809816e-02,1.867076e-01,3.181481e-02,5.429409e-02,1.788356e-01,7.822236e-02,8.138982e-03,7.237365e-03,5.596417e-04,1.729755e-03,3.116212e-02,4.823919e-02
7.641664e-02,2.668427e-02,1.654297e-01,5.681497e-02,1.784115e-01,3.094864e-02,3.968721e-02,2.737479e-01,6.945502e-02,6.684134e-03,6.221899e-03,8.572795e-04,1.770193e-03,2.614503e-02,4.072570e-02
9.695661e-02,2.757650e-02,1.232821e-01,4.498173e-02,1.549637e-01,2.721885e-02,2.877791e-02,3.009849e-01,9.295690e-02,1.238382e-02,1.058602e-02,2.296865e-03,2.755944e-03,2.520386e-02,4.907424e-02
8.154350e-02,7.359968e-02,1.007674e-01,5.923571e-02,1.216888e-01,2.949676e-02,2.094766e-02,2.465976e-01,9.141063e-02,2.575162e-02,4.373025e-02,5.082428e-03,1.219935e-02,3.049474e-02,5.745399e-02
5.835018e-02,8.741622e-02,8.401746e-02,8.903584e-02,8.717897e-02,2.232773e-02,1.482704e-02,1.743571e-01,1.467827e-01,3.779624e-02,7.408701e-02,8.216183e-03,1.976024e-02,3.188243e-02,6.396461e-02
4.125310e-02,6.966838e-02,6.473156e-02,6.416284e-02,6.200080e-02,1.628759e-02,1.046098e-02,1.225600e-01,1.719694e-01,3.317089e-02,2.033672e-01,6.921293e-03,3.819790e-02,4.100487e-02,5.424323e-02
2.892550e-02,4.993395e-02,4.709527e-02,4.504875e-02,4.572762e-02,1.151104e-02,7.340219e-03,8.586725e-02,2.590774e-01,2.438573e-02,2.226962e-01,5.520559e-03,3.475989e-02,8.035905e-02,5.175156e-02
2.100082e-02,3.586381e-02,3.535037e-02,3.186728e-02,3.339215e-02,8.484853e-03,5.191396e-03,6.013459e-02,4.095774e-01,1.856283e-02,1.684163e-01,4.219177e-03,2.534941e-02,1.027400e-01,3.984962e-02
2.041497e-02,2.542088e-02,2.930242e-02,2.259351e-02,2.417035e-02,2.407151e-02,4.870584e-03,4.561897e-02,5.087589e-01,1.340295e-02,1.315185e-01,3.760316e-03,2.542746e-02,8.918430e-02,3.148434e-02
3.221425e-02,1.843029e-02,3.026356e-02,1.705811e-02,1.785210e-02,1.322371e-01,4.420381e-03,3.308670e-02,4.570589e-01,9.929360e-03,1.017302e-01,3.205285e-03,1.861903e-02,9.984114e-02,2.405360e-02
2.769605e-02,1.338253e-02,2.269584e-02,1.262923e-02,1.335056e-02,1.421706e-01,3.224195e-03,2.326957e-02,4.110000e-01,8.179769e-03,8.687534e-02,3.396945e-03,1.379448e-02,1.966951e-01,2.163973e-02
2.080447e-02,1.175674e-02,1.671101e-02,9.046473e-03,9.872567e-03,1.136136e-01,2.295512e-03,1.632967e-02,4.262302e-01,8.321628e-03,6.956119e-02,3.000669e-03,1.005341e-02,2.635269e-01,1.887604e-02
1.600030e-02,8.000747e-02,1.412855e-02,6.896490e-03,1.028130e-02,8.102396e-02,1.697529e-03,1.149017e-02,4.323782e-01,1.141885e-02,5.251791e-02,2.391856e-03,7.863048e-03,2.121035e-01,5.980076e-02
1.383062e-02,1.140530e-01,1.991284e-02,1.371965e-02,2.871119e-02,5.928802e-02,1.365145e-03,9.176699e-03,4.544673e-01,1.285905e-02,3.825927e-02,1.973168e-03,6.142780e-03,1.565934e-01,6.964782e-02
1.194092e-02,1.345976e-01,5.663139e-02,2.512710e-02,3.688108e-02,4.915588e-02,1.077397e-03,8.315217e-03,4.095989e-01,1.149282e-02,2.819181e-02,1.494016e-03,4.441818e-03,1.188522e-01,1.022018e-01
1.363038e-02,1.355153e-01,6.727677e-02,3.723571e-02,5.022980e-02,5.329939e-02,9.873206e-04,7.465692e-03,3.830937e-01,1.196088e-02,2.201574e-02,1.281902e-03,3.514050e-03,9.195444e-02,1.205389e-01
1.013021e-02,9.986203e-02,8.642079e-02,2.676676e-02,3.649065e-02,4.000460e-02,7.132438e-04,5.256039e-03,2.952805e-01,1.383118e-02,1.831328e-02,1.005767e-03,2.601815e-03,1.086122e-01,2.547109e-01
7.492679e-03,8.098934e-02,6.808386e-02,2.160784e-02,2.862647e-02,2.900530e-02,5.572688e-04,3.728990e-03,3.545107e-01,1.956064e-02,1.663455e-02,1.131264e-03,2.465401e-03,1.081106e-01,2.574951e-01
6.854577e-03,6.409847e-02,5.327779e-02,1.707990e-02,2.642586e-02,2.235167e-02,4.714833e-04,2.781045e-03,4.009792e-01,2.034376e-02,1.550798e-02,2.041623e-03,3.910851e-03,1.067454e-01,2.571304e-01
9.061644e-03,5.104372e-02,6.362285e-02,9.574616e-02,3.264221e-02,1.706734e-02,3.749852e-04,2.883716e-03,3.889247e-01,2.182880e-02,1.366887e-02,1.678334e-03,3.170087e-03,7.709860e-02,2.211880e-01
1.496585e-02,4.079860e-02,5.975997e-02,1.033094e-01,4.212958e-02,2.219470e-02,3.447573e-04,2.472488e-03,3.750172e-01,2.778080e-02,1.482016e-02,1.539006e-03,2.883582e-03,6.405073e-02,2.279332e-01
1.124688e-02,3.078432e-02,5.019154e-02,8.004925e-02,3.135401e-02,1.650911e-02,2.597175e-04,1.809905e-03,3.401460e-01,2.808283e-02,2.378109e-02,1.280109e-03,2.463659e-03,6.111973e-02,3.209219e-01
8.052688e-03,2.593095e-02,3.633532e-02,5.908680e-02,2.255287e-02,1.178641e-02,1.929187e-04,1.289225e-03,4.654720e-01,2.649185e-02,1.982279e-02,1.083624e-03,2.815244e-03,4.381491e-02,2.752724e-01
6.140602e-03,2.296278e-02,2.686129e-02,4.552145e-02,1.734939e-02,8.672666e-03,1.807754e-04,1.005093e-03,5.578351e-01,2.377635e-02,2.054526e-02,1.089255e-03,4.533570e-03,3.253078e-02,2.309956e-01
5.006247e-03,1.962074e-02,2.176379e-02,4.639911e-02,1.261904e-02,6.246790e-03,1.717887e-04,9.362664e-04,6.569201e-01,1.834449e-02,1.605058e-02,8.165339e-04,3.549434e-03,2.308301e-02,1.684721e-01
3.698498e-03,1.431129e-02,1.552989e-02,3.330036e-02,8.891371e-03,4.749924e-03,1.401505e-04,6.727575e-04,7.256269e-01,2.362839e-02,1.288699e-02,7.803426e-04,4.101915e-03,1.782042e-02,1.338607e-01
2.676400e-03,1.023322e-02,1.113753e-02,2.361094e-02,6.336884e-03,3.493449e-03,1.261555e-04,5.010797e-04,5.933679e-01,1.978290e-02,1.313451e-02,1.052968e-03,3.087735e-02,1.423372e-02,2.694350e-01
1.936657e-03,7.417674e-03,8.045264e-03,1.660189e-02,5.007545e-03,2.619666e-03,1.108266e-04,3.980529e-04,4.409904e-01,1.497274e-02,1.042640e-02,1.406455e-03,3.504252e-02,1.730658e-02,4.377173e-01
1.387235e-03,5.421859e-03,6.002701e-03,1.165534e-02,5.349685e-03,2.024586e-03,1.258959e-04,3.817580e-04,3.164416e-01,1.542004e-02,1.073005e-02,1.874193e-03,5.080593e-02,2.626285e-02,5.461162e-01
1.015147e-03,3.898245e-03,5.083801e-03,8.217464e-03,1.482791e-02,1.611948e-03,1.942858e-03,2.197863e-03,2.304172e-01,1.245140e-02,1.437328e-02,2.216824e-03,5.698365e-02,2.342844e-02,6.213339e-01
7.634604e-04,2.911830e-03,4.531648e-03,5.816667e-03,1.119133e-02,1.192734e-03,1.698515e-03,1.803824e-03,2.589450e-01,1.096654e-02,1.844242e-02,2.670675e-03,4.472019e-02,2.965695e-02,6.046882e-01
9.418002e-04,2.322839e-03,4.880975e-03,5.532841e-03,2.562889e-02,1.381234e-03,1.511388e-03,2.164441e-03,2.297626e-01,1.118448e-02,8.399113e-02,3.855538e-03,3.589429e-02,1.166155e-01,4.743319e-01
9.923632e-04,2.034529e-03,6.128431e-03,9.083598e-03,2.036321e-02,1.379647e-03,1.433781e-03,1.922816e-03,1.944068e-01,8.932003e-03,2.145416e-01,3.289344e-03,2.706661e-02,1.623503e-01,3.460749e-01
9.768957e-04,1.634734e-03,4.659072e-03,7.061397e-03,2.499132e-02,1.447893e-03,1.855349e-03,2.029039e-03,1.412278e-01,1.867609e-02,3.092906e-01,3.234047e-03,2.186523e-02,2.030614e-01,2.579890e-01
8.072277e-04,1.678935e-03,4.494908e-03,5.083495e-03,2.479131e-02,4.468593e-03,3.539683e-03,1.553563e-03,1.033344e-01,7.038479e-02,3.710788e-01,3.456350e-03,1.627927e-02,2.063005e-01,1.827482e-01
8.409017e-04,1.285656e-03,3.332476e-03,3.694112e-03,2.085336e-02,5.154400e-03,3.040483e-03,1.348428e-03,7.493795e-02,6.955671e-02,4.475760e-01,3.252390e-03,1.353690e-02,2.211636e-01,1.304266e-01
8.325995e-04,1.004202e-03,2.613212e-03,4.861036e-03,2.813041e-02,5.087635e-03,4.094992e-03,2.346758e-03,6.907522e-02,6.430066e-02,5.037050e-01,3.539911e-03,1.175566e-02,2.061488e-01,9.250387e-02
9.557370e-04,1.021552e-03,6.460257e-03,2.810757e-02,3.098531e-02,6.302400e-03,3.640994e-03,6.266211e-03,9.749635e-02,5.603213e-02,5.250266e-01,4.854507e-03,1.129002e-02,1.533012e-01,6.825919e-02
9.595433e-04,1.469293e-03,1.296729e-02,3.440045e-02,2.665102e-02,5.083628e-03,2.835530e-03,6.881127e-03,2.498977e-01,4.132409e-02,4.475939e-01,3.814574e-03,8.852683e-03,1.085356e-01,4.873360e-02
7.492742e-04,1.336980e-03,3.252949e-02,1.944684e-01,2.027644e-02,4.765014e-03,2.082016e-03,6.803158e-03,2.690744e-01,2.983860e-02,3.187256e-01,2.752420e-03,6.321844e-03,7.609561e-02,3.418084e-02
1.176491e-03,2.257549e-03,6.742658e-02,1.457882e-01,1.817598e-02,3.870208e-03,1.802342e-03,7.972348e-03,3.996657e-01,2.293076e-02,2.422549e-01,2.183107e-03,4.711637e-03,5.549029e-02,2.429386e-02
4.639558e-03,2.083921e-02,8.431655e-02,1.246446e-01,1.678494e-02,5.015558e-03,1.336564e-03,6.155612e-03,4.412857e-01,2.036693e-02,1.936255e-01,1.890491e-03,3.551187e-03,4.853503e-02,2.701262e-02
8.024614e-03,2.604570e-02,2.498568e-01,1.237107e-01,1.652832e-02,9.156780e-03,1.363128e-03,5.483130e-03,3.419725e-01,1.571951e-02,1.426320e-01,1.410820e-03,2.617115e-03,3.543631e-02,2.004250e-02
1.457504e-02,3.598449e-02,3.318813e-01,1.168259e-01,1.720623e-02,1.161570e-02,1.279892e-03,4.760035e-03,2.952653e-01,1.693480e-02,1.042657e-01,1.148436e-03,2.304784e-03,2.705725e-02,1.889513e-02
1.043067e-02,2.547426e-02,2.366891e-01,2.261472e-01,2.349148e-02,8.630864e-03,1.081216e-03,3.534748e-03,2.109035e-01,1.261384e-02,2.014301e-01,1.717638e-03,4.081516e-03,1.958671e-02,1.418710e-02
7.315438e-03,1.827721e-02,1.664482e-01,3.667037e-01,2.249078e-02,6.182909e-03,8.437365e-04,2.503525e-03,1.509017e-01,9.141994e-03,2.205921e-01,1.442428e-03,3.141815e-03,1.400053e-02,1.001385e-02
5.169881e-03,1.288196e-02,1.166221e-01,3.009328e-01,2.391839e-02,4.418533e-03,6.230010e-04,1.803714e-03,1.068764e-01,7.574644e-03,3.538142e-01,1.656331e-03,2.844923e-03,5.341060e-02,7.452556e-03
3.693418e-03,9.055278e-03,8.178455e-02,2.302323e-01,2.233910e-02,3.280806e-03,4.573247e-04,1.458535e-03,7.523269e-02,5.714271e-03,4.260715e-01,2.687525e-03,2.224633e-03,1.302536e-01,5.514596e-03
2.995730e-03,6.507067e-03,5.778787e-02,1.661759e-01,2.038324e-02,3.892196e-02,4.475013e-04,4.797506e-03,5.385877e-02,4.959865e-03,4.948360e-01,5.067622e-03,4.595623e-03,1.337615e-01,4.903906e-03
2.732753e-03,4.994419e-03,4.074359e-02,1.174516e-01,2.339705e-02,3.271461e-02,3.760922e-04,3.599776e-03,3.930932e-02,4.974159e-03,5.708694e-01,4.593961e-03,3.904958e-03,1.466017e-01,3.736570e-03
2.977681e-03,4.816562e-03,2.991550e-02,8.298717e-02,3.093070e-02,5.481057e-02,2.856355e-04,2.793681e-03,2.830664e-02,3.891133e-03,5.636360e-01,3.829895e-03,3.141303e-03,1.847569e-01,2.920574e-03
5.155220e-03,5.633311e-03,2.250294e-02,6.014272e-02,3.708076e-02,8.531509e-02,2.547181e-04,2.897209e-03,2.390981e-02,3.665918e-03,5.436791e-01,3.675774e-03,2.453048e-03,2.009535e-01,2.680945e-03
5.133203e-03,4.612034e-03,1.638644e-02,4.588487e-02,2.834947e-02,7.733176e-02,2.363575e-04,2.490744e-03,5.128947e-02,3.168801e-03,4.715499e-01,5.487768e-03,1.968083e-03,2.839308e-01,2.180228e-03
5.040159e-03,6.264305e-03,1.233021e-02,3.658361e-02,5.935077e-02,5.949895e-02,2.660894e-04,2.626169e-03,1.116402e-01,3.055705e-03,4.181390e-01,6.103705e-03,2.256255e-03,2.748884e-01,1.956455e-03
4.833378e-03,4.931001e-03,9.642104e-03,2.758448e-02,5.411628e-02,4.387171e-02,2.193116e-04,2.373050e-03,1.240778e-01,2.401537e-03,4.152180e-01,7.478868e-03,2.292092e-03,2.994460e-01,1.514387e-03
4.156372e-03,5.980696e-03,9.230186e-03,1.983293e-02,4.643864e-02,3.667804e-02,1.876421e-04,2.150452e-03,2.021629e-01,2.223026e-03,3.577575e-01,6.895402e-03,1.865633e-03,3.031220e-01,1.318547e-03
4.190638e-03,4.699139e-02,1.125446e-01,1.746417e-02,6.191822e-02,3.140724e-02,2.494934e-04,3.056730e-03,1.995554e-01,2.604577e-03,2.815420e-01,5.372011e-03,1.644232e-03,2.297023e-01,1.756988e-03
4.236765e-03,3.532385e-02,1.007318e-01,1.617354e-02,5.322167e-02,2.499527e-02,2.404130e-04,4.573937e-03,3.123478e-01,4.492104e-03,2.148627e-01,4.215154e-03,1.620769e-03,2.210426e-01,1.921633e-03
4.768245e-03,2.772569e-02,7.740982e-02,1.548539e-02,4.423602e-02,2.162858e-02,2.433357e-04,5.064201e-03,4.441759e-01,6.516255e-03,1.561878e-01,3.083775e-03,1.582984e-03,1.860741e-01,5.817913e-03
1.118892e-02,2.444498e-02,9.785433e-02,2.236529e-02,4.050864e-02,1.828271e-02,4.188014e-04,4.458746e-03,4.819995e-01,7.759077e-03,1.124519e-01,2.220893e-03,1.496546e-03,1.541194e-01,2.043034e-02
1.592643e-02,2.130005e-02,1.138077e-01,2.287486e-02,3.277332e-02,1.549585e-02,3.892029e-04,3.639773e-03,5.321004e-01,8.147365e-03,8.134033e-02,1.609091e-03,1.214213e-03,1.217862e-01,2.759518e-02
2.645532e-02,2.115992e-02,1.122246e-01,2.178267e-02,3.230216e-02,1.392690e-02,3.400316e-04,3.963243e-03,5.617241e-01,8.168067e-03,6.189681e-02,1.181918e-03,9.674873e-04,9.527677e-02,3.863003e-02
2.391987e-02,4.997233e-02,1.657384e-01,1.331619e-01,2.556402e-02,1.131918e-02,2.983641e-04,3.754127e-03,4.197676e-01,8.786308e-03,4.442713e-02,8.750521e-04,9.164973e-04,6.834514e-02,4.315408e-02
5.025880e-02,7.927860e-02,2.228934e-01,1.107676e-01,2.401068e-02,1.185275e-02,3.200238e-04,3.797221e-03,3.422320e-01,6.913386e-03,3.803982e-02,8.292479e-04,1.153360e-03,5.669822e-02,5.095482e-02
7.712957e-02,9.581588e-02,2.055332e-01,1.329329e-01,7.657224e-02,1.885506e-02,1.033860e-03,6.411194e-03,2.569500e-01,5.075135e-03,3.096658e-02,1.103405e-03,2.107725e-03,4.974982e-02,3.976343e-02
1.443239e-01,8.152419e-02,1.749690e-01,1.170695e-01,1.252793e-01,2.852241e-02,1.290259e-03,7.233750e-03,2.089877e-01,3.706818e-03,2.956966e-02,1.532818e-03,3.412507e-03,4.266521e-02,2.991294e-02
