1.000000e+00,0.000000e+00,0.000000e+00,0.000000e+00,0.000000e+00,0.000000e+00,0.000000e+00,0.000000e+00,0.000000e+00,0.000000e+00,0.000000e+00,0.000000e+00,0.000000e+00,0.000000e+00,0.000000e+00
1.000000e+00,0.000000e+00,0.000000e+00,0.000000e+00,0.000000e+00,0.000000e+00,0.000000e+00,0.000000e+00,0.000000e+00,0.000000e+00,0.000000e+00,0.000000e+00,0.000000e+00,0.000000e+00,0.000000e+00
1.000000e+00,0.000000e+00,0.000000e+00,0.000000e+00,0.000000e+00,0.000000e+00,0.000000e+00,0.000000e+00,0.000000e+00,0.000000e+00,0.000000e+00,0.000000e+00,0.000000e+00,0.000000e+00,0.000000e+00
1.000000e+00,0.000000e+00,0.000000e+00,0.000000e+00,0.000000e+00,0.000000e+00,0.000000e+00,0.000000e+00,0.000000e+00,0.000000e+00,0.000000e+00,0.000000e+00,0.000000e+00,0.000000e+00,0.000000e+00
1.000000e+00,0.000000e+00,0.000000e+00,0.000000e+00,0.000000e+00,0.000000e+00,0.000000e+00,0.000000e+00,0.000000e+00,0.000000e+00,0.000000e+00,0.000000e+00,0.000000e+00,0.000000e+00,0.000000e+00
1.000000e+00,0.000000e+00,0.000000e+00,0.000000e+00,0.000000e+00,0.000000e+00,0.000000e+00,0.000000e+00,0.000000e+00,0.000000e+00,0.000000e+00,0.000000e+00,0.000000e+00,0.000000e+00,0.000000e+00
1.000000e+00,0.000000e+00,0.000000e+00,0.000000e+00,0.000000e+00,0.000000e+00,0.000000e+00,0.000000e+00,0.000000e+00,0.000000e+00,0.000000e+00,0.000000e+00,0.000000e+00,0.000000e+00,0.000000e+00
1.000000e+00,0.000000e+00,0.000000e+00,0.000000e+00,0.000000e+00,0.000000e+00,0.000000e+00,0.000000e+00,0.000000e+00,0.000000e+00,0.000000e+00,0.000000e+00,0.000000e+00,0.000000e+00,0.000000e+00
1.000000e+00,0.000000e+00,0.000000e+00,0.000000e+00,0.000000e+00,0.000000e+00,0.000000e+00,0.000000e+00,0.000000e+00,0.000000e+00,0.000000e+00,0.000000e+00,0.000000e+00,0.000000e+00,0.000000e+00
1.000000e+00,0.000000e+00,0.000000e+00,0.000000e+00,0.000000e+00,0.000000e+00,0.000000e+00,0.000000e+00,0.000000e+00,0.000000e+00,0.000000e+00,0.000000e+00,0.000000e+00,0.000000e+00,0.000000e+00
1.000000e+00,0.000000e+00,0.000000e+00,0.000000e+00,0.000000e+00,0.000000e+00,0.000000e+00,0.000000e+00,0.000000e+00,0.000000e+00,0.000000e+00,0.000000e+00,0.000000e+00,0.000000e+00,0.000000e+00
1.000000e+00,0.000000e+00,0.000000e+00,0.000000e+00,0.000000e+00,0.000000e+00,0.000000e+00,0.000000e+00,0.000000e+00,0.000000e+00,0.000000e+00,0.000000e+00,0.000000e+00,0.000000e+00,0.000000e+00
1.000000e+00,0.000000e+00,0.000000e+00,0.000000e+00,0.000000e+00,0.000000e+00,0.000000e+00,0.000000e+00,0.000000e+00,0.000000e+00,0.000000e+00,0.000000e+00,0.000000e+00,0.000000e+00,0.000000e+00
1.000000e+00,0.000000e+00,0.000000e+00,0.000000e+00,0.000000e+00,0.000000e+00,0.000000e+00,0.000000e+00,0.000000e+00,0.000000e+00,0.000000e+00,0.000000e+00,0.000000e+00,0.000000e+00,0.000000e+00
1.000000e+00,0.000000e+00,0.000000e+00,0.000000e+00,0.000000e+00,0.000000e+00,0.000000e+00,0.000000e+00,0.000000e+00,0.000000e+00,0.000000e+00,0.000000e+00,0.000000e+00,0.000000e+00,0.000000e+00
1.000000e+00,0.000000e+00,0.000000e+00,0.000000e+00,0.000000e+00,0.000000e+00,0.000000e+00,0.000000e+00,0.000000e+00,0.000000e+00,0.000000e+00,0.000000e+00,0.000000e+00,0.000000e+00,0.000000e+00
1.000000e+00,0.000000e+00,0.000000e+00,0.000000e+00,0.000000e+00,0.000000e+00,0.000000e+00,0.000000e+00,0.000000e+00,0.000000e+00,0.000000e+00,0.000000e+00,0.000000e+00,0.000000e+00,0.000000e+00
1.000000e+00,0.000000e+00,0.000000e+00,0.000000e+00,0.000000e+00,0.000000e+00,0.000000e+00,0.000000e+00,0.000000e+00,0.000000e+00,0.000000e+00,0.000000e+00,0.000000e+00,0.000000e+00,0.000000e+00
1.000000e+00,0.000000e+00,0.000000e+00,0.000000e+00,0.000000e+00,0.000000e+00,0.000000e+00,0.000000e+00,0.000000e+00,0.000000e+00,0.000000e+00,0.000000e+00,0.000000e+00,0.000000e+00,0.000000e+00
1.000000e+00,0.000000e+00,0.000000e+00,0.000000e+00,0.000000e+00,0.000000e+00,0.000000e+00,0.000000e+00,0.000000e+00,0.000000e+00,0.000000e+00,0.000000e+00,0.000000e+00,0.000000e+00,0.000000e+00
1.000000e+00,0.000000e+00,0.000000e+00,0.000000e+00,0.000000e+00,0.000000e+00,0.000000e+00,0.000000e+00,0.000000e+00,0.000000e+00,0.000000e+00,0.000000e+00,0.000000e+00,0.000000e+00,0.000000e+00
1.000000e+00,0.000000e+00,0.000000e+00,0.000000e+00,0.000000e+00,0.000000e+00,0.000000e+00,0.000000e+00,0.000000e+00,0.000000e+00,0.000000e+00,0.000000e+00,0.000000e+00,0.000000e+00,0.000000e+00
1.000000e+00,0.000000e+00,0.000000e+00,0.000000e+00,0.000000e+00,0.000000e+00,0.000000e+00,0.000000e+00,0.000000e+00,0.000000e+00,0.000000e+00,0.000000e+00,0.000000e+00,0.000000e+00,0.000000e+00
1.000000e+00,0.000000e+00,0.000000e+00,0.000000e+00,0.000000e+00,0.000000e+00,0.000000e+00,0.000000e+00,0.000000e+00,0.000000e+00,0.000000e+00,0.000000e+00,0.000000e+00,0.000000e+00,0.000000e+00
1.000000e+00,0.000000e+00,0.000000e+00,0.000000e+00,0.000000e+00,0.000000e+00,0.000000e+00,0.000000e+00,0.000000e+00,0.000000e+00,0.000000e+00,0.000000e+00,0.000000e+00,0.000000e+00,0.000000e+00
1.000000e+00,0.000000e+00,0.000000e+00,0.000000e+00,0.000000e+00,0.000000e+00,0.000000e+00,0.000000e+00,0.000000e+00,0.000000e+00,0.000000e+00,0.000000e+00,0.000000e+00,0.000000e+00,0.000000e+00
1.000000e+00,0.000000e+00,0.000000e+00,0.000000e+00,0.000000e+00,0.000000e+00,0.000000e+00,0.000000e+00,0.000000e+00,0.000000e+00,0.000000e+00,0.000000e+00,0.000000e+00,0.000000e+00,0.000000e+00
1.000000e+00,0.000000e+00,0.000000e+00,0.000000e+00,0.000000e+00,0.000000e+00,0.000000e+00,0.000000e+00,0.000000e+00,0.000000e+00,0.000000e+00,0.000000e+00,0.000000e+00,0.000000e+00,0.000000e+00
1.000000e+00,0.000000e+00,0.000000e+00,0.000000e+00,0.000000e+00,0.000000e+00,0.000000e+00,0.000000e+00,0.000000e+00,0.000000e+00,0.000000e+00,0.000000e+00,0.000000e+00,0.000000e+00,0.000000e+00
1.000000e+00,0.000000e+00,0.000000e+00,0.000000e+00,0.000000e+00,0.000000e+00,0.000000e+00,0.000000e+00,0.000000e+00,0.000000e+00,0.000000e+00,0.000000e+00,0.000000e+00,0.000000e+00,0.000000e+00
1.000000e+00,0.000000e+00,0.000000e+00,0.000000e+00,0.000000e+00,0.000000e+00,0.000000e+00,0.000000e+00,0.000000e+00,0.000000e+00,0.000000e+00,0.000000e+00,0.000000e+00,0.000000e+00,0.000000e+00
1.000000e+00,0.000000e+00,0.000000e+00,0.000000e+00,0.000000e+00,0.000000e+00,0.000000e+00,0.000000e+00,0.000000e+00,0.000000e+00,0.000000e+00,0.000000e+00,0.000000e+00,0.000000e+00,0.000000e+00
1.000000e+00,0.000000e+00,0.000000e+00,0.000000e+00,0.000000e+00,0.000000e+00,0.000000e+00,0.000000e+00,0.000000e+00,0.000000e+00,0.000000e+00,0.000000e+00,0.000000e+00,0.000000e+00,0.000000e+00
1.000000e+00,0.000000e+00,0.000000e+00,0.000000e+00,0.000000e+00,0.000000e+00,0.000000e+00,0.000000e+00,0.000000e+00,0.000000e+00,0.000000e+00,0.000000e+00,0.000000e+00,0.000000e+00,0.000000e+00
1.000000e+00,0.000000e+00,0.000000e+00,0.000000e+00,0.000000e+00,0.000000e+00,0.000000e+00,0.000000e+00,0.000000e+00,0.000000e+00,0.000000e+00,0.000000e+00,0.000000e+00,0.000000e+00,0.000000e+00
1.000000e+00,0.000000e+00,0.000000e+00,0.000000e+00,0.000000e+00,0.000000e+00,0.000000e+00,0.000000e+00,0.000000e+00,0.000000e+00,0.000000e+00,0.000000e+00,0.000000e+00,0.000000e+00,0.000000e+00
1.000000e+00,0.000000e+00,0.000000e+00,0.000000e+00,0.000000e+00,0.000000e+00,0.000000e+00,0.000000e+00,0.000000e+00,0.000000e+00,0.000000e+00,0.000000e+00,0.000000e+00,0.000000e+00,0.000000e+00
1.000000e+00,0.000000e+00,0.000000e+00,0.000000e+00,0.000000e+00,0.000000e+00,0.000000e+00,0.000000e+00,0.000000e+00,0.000000e+00,0.000000e+00,0.000000e+00,0.000000e+00,0.000000e+00,0.000000e+00
1.000000e+00,0.000000e+00,0.000000e+00,0.000000e+00,0.000000e+00,0.000000e+00,0.000000e+00,0.000000e+00,0.000000e+00,0.000000e+00,0.000000e+00,0.000000e+00,0.000000e+00,0.000000e+00,0.000000e+00
1.000000e+00,0.000000e+00,0.000000e+00,0.000000e+00,0.000000e+00,0.000000e+00,0.000000e+00,0.000000e+00,0.000000e+00,0.000000e+00,0.000000e+00,0.000000e+00,0.000000e+00,0.000000e+00,0.000000e+00
1.000000e+00,0.000000e+00,0.000000e+00,0.000000e+00,0.000000e+00,0.000000e+00,0.000000e+00,0.000000e+00,0.000000e+00,0.000000e+00,0.000000e+00,0.000000e+00,0.000000e+00,0.000000e+00,0.000000e+00
1.000000e+00,0.000000e+00,0.000000e+00,0.000000e+00,0.000000e+00,0.000000e+00,0.000000e+00,0.000000e+00,0.000000e+00,0.000000e+00,0.000000e+00,0.000000e+00,0.000000e+00,0.000000e+00,0.000000e+00
1.000000e+00,0.000000e+00,0.000000e+00,0.000000e+00,0.000000e+00,0.000000e+00,0.000000e+00,0.000000e+00,0.000000e+00,0.000000e+00,0.000000e+00,0.000000e+00,0.000000e+00,0.000000e+00,0.000000e+00
1.000000e+00,0.000000e+00,0.000000e+00,0.000000e+00,0.000000e+00,0.000000e+00,0.000000e+00,0.000000e+00,0.000000e+00,0.000000e+00,0.000000e+00,0.000000e+00,0.000000e+00,0.000000e+00,0.000000e+00
1.000000e+00,0.000000e+00,0.000000e+00,0.000000e+00,0.000000e+00,0.000000e+00,0.000000e+00,0.000000e+00,0.000000e+00,0.000000e+00,0.000000e+00,0.000000e+00,0.000000e+00,0.000000e+00,0.000000e+00
1.000000e+00,0.000000e+00,0.000000e+00,0.000000e+00,0.000000e+00,0.000000e+00,0.000000e+00,0.000000e+00,0.000000e+00,0.000000e+00,0.000000e+00,0.000000e+00,0.000000e+00,0.000000e+00,0.000000e+00
1.000000e+00,0.000000e+00,0.000000e+00,0.000000e+00,0.000000e+00,0.000000e+00,0.000000e+00,0.000000e+00,0.000000e+00,0.000000e+00,0.000000e+00,0.000000e+00,0.000000e+00,0.000000e+00,0.000000e+00
1.000000e+00,0.000000e+00,0.000000e+00,0.000000e+00,0.000000e+00,0.000000e+00,0.000000e+00,0.000000e+00,0.000000e+00,0.000000e+00,0.000000e+00,0.000000e+00,0.000000e+00,0.000000e+00,0.000000e+00
1.000000e+00,0.000000e+00,0.000000e+00,0.000000e+00,0.000000e+00,0.000000e+00,0.000000e+00,0.000000e+00,0.000000e+00,0.000000e+00,0.000000e+00,0.000000e+00,0.000000e+00,0.000000e+00,0.000000e+00
1.000000e+00,0.000000e+00,0.000000e+00,0.000000e+00,0.000000e+00,0.000000e+00,0.000000e+00,0.000000e+00,0.000000e+00,0.000000e+00,0.000000e+00,0.000000e+00,0.000000e+00,0.000000e+00,0.000000e+00
1.000000e+00,0.000000e+00,0.000000e+00,0.000000e+00,0.000000e+00,0.000000e+00,0.000000e+00,0.000000e+00,0.000000e+00,0.000000e+00,0.000000e+00,0.000000e+00,0.000000e+00,0.000000e+00,0.000000e+00
1.000000e+00,0.000000e+00,0.000000e+00,0.000000e+00,0.000000e+00,0.000000e+00,0.000000e+00,0.000000e+00,0.000000e+00,0.000000e+00,0.000000e+00,0.000000e+00,0.000000e+00,0.000000e+00,0.000000e+00
1.000000e+00,0.000000e+00,0.000000e+00,0.000000e+00,0.000000e+00,0.000000e+00,0.000000e+00,0.000000e+00,0.000000e+00,0.000000e+00,0.000000e+00,0.000000e+00,0.000000e+00,0.000000e+00,0.000000e+00
1.000000e+00,0.000000e+00,0.000000e+00,0.000000e+00,0.000000e+00,0.000000e+00,0.000000e+00,0.000000e+00,0.000000e+00,0.000000e+00,0.000000e+00,0.000000e+00,0.000000e+00,0.000000e+00,0.000000e+00
1.000000e+00,0.000000e+00,0.000000e+00,0.000000e+00,0.000000e+00,0.000000e+00,0.000000e+00,0.000000e+00,0.000000e+00,0.000000e+00,0.000000e+00,0.000000e+00,0.000000e+00,0.000000e+00,0.000000e+00
1.000000e+00,0.000000e+00,0.000000e+00,0.000000e+00,0.000000e+00,0.000000e+00,0.000000e+00,0.000000e+00,0.000000e+00,0.000000e+00,0.000000e+00,0.000000e+00,0.000000e+00,0.000000e+00,0.000000e+00
1.000000e+00,0.000000e+00,0.000000e+00,0.000000e+00,0.000000e+00,0.000000e+00,0.000000e+00,0.000000e+00,0.000000e+00,0.000000e+00,0.000000e+00,0.000000e+00,0.000000e+00,0.000000e+00,0.000000e+00
1.000000e+00,0.000000e+00,0.000000e+00,0.000000e+00,0.000000e+00,0.000000e+00,0.000000e+00,0.000000e+00,0.000000e+00,0.000000e+00,0.000000e+00,0.000000e+00,0.000000e+00,0.000000e+00,0.000000e+00
1.000000e+00,0.000000e+00,0.000000e+00,0.000000e+00,0.000000e+00,0.000000e+00,0.000000e+00,0.000000e+00,0.000000e+00,0.000000e+00,0.000000e+00,0.000000e+00,0.000000e+00,0.000000e+00,0.000000e+00
4.670310e-01,1.549889e-02,3.748598e-03,1.713776e-02,3.668251e-03,4.355304e-01,1.545065e-03,4.922053e-03,4.208612e-03,2.120336e-03,1.320284e-02,6.567907e-03,7.525181e-03,5.227240e-03,1.206587e-02
3.790805e-01,1.221216e-02,2.813268e-03,2.481636e-02,3.138787e-03,4.684140e-01,1.988932e-03,4.207499e-03,1.010741e-02,2.595863e-02,2.109221e-02,5.012642e-03,8.322225e-03,6.998408e-03,2.583698e-02
2.662194e-01,9.061744e-03,1.979384e-03,2.113862e-02,2.334094e-03,5.295851e-01,1.673823e-03,3.048553e-03,1.479989e-02,2.351325e-02,2.390528e-02,3.931334e-03,7.073715e-03,5.747841e-02,3.425740e-02
1.867042e-01,6.977102e-03,1.435701e-03,1.606396e-02,2.120712e-03,4.847004e-01,1.404306e-03,2.805687e-03,2.125922e-02,1.931862e-02,5.857477e-02,3.556708e-03,5.217560e-03,1.205035e-01,6.935751e-02
1.312046e-01,5.964457e-03,1.101627e-03,1.257431e-02,2.216739e-03,3.682269e-01,1.134550e-03,2.589665e-03,7.976418e-02,1.756708e-02,1.023248e-01,3.546621e-03,3.905336e-03,1.382649e-01,1.296142e-01
9.214633e-02,4.502334e-03,8.656780e-04,1.075533e-02,1.278173e-02,2.587046e-01,1.012402e-03,2.067777e-03,7.886203e-02,2.482007e-02,1.437099e-01,4.804710e-03,3.734869e-03,2.384440e-01,1.227882e-01
6.465615e-02,3.209513e-03,6.334454e-04,7.792012e-03,1.003358e-02,1.816374e-01,7.263938e-04,1.463609e-03,6.070437e-02,1.525913e-01,1.791791e-01,6.843938e-03,3.358372e-03,2.225159e-01,1.046549e-01
4.545360e-02,2.422710e-03,5.036660e-04,5.736010e-03,8.783816e-03,1.277135e-01,5.389757e-04,1.049094e-03,4.907281e-02,2.032646e-01,2.280192e-01,1.279058e-02,3.388332e-03,2.243042e-01,8.695887e-02
3.256708e-02,2.912552e-03,1.147846e-03,1.038279e-02,2.323134e-02,9.338178e-02,9.850709e-04,2.306560e-03,5.338739e-02,1.718125e-01,2.081144e-01,1.841186e-02,4.236027e-02,2.100884e-01,1.289102e-01
2.432197e-02,3.253117e-03,1.092061e-03,1.845164e-02,2.766633e-02,6.889202e-02,9.266807e-04,2.208559e-03,5.580332e-02,1.527628e-01,2.358371e-01,4.609472e-02,3.600955e-02,1.764793e-01,1.502008e-01
1.980600e-02,4.469293e-03,4.885521e-03,4.618212e-02,2.517484e-02,6.226505e-02,9.236882e-04,1.853156e-03,5.948412e-02,1.154015e-01,2.854184e-01,9.807749e-02,3.383616e-02,1.326909e-01,1.095318e-01
1.671742e-02,3.478796e-03,4.213900e-03,4.460846e-02,1.998174e-02,5.972685e-02,8.127130e-04,1.639917e-03,4.546949e-02,8.458585e-02,3.585117e-01,1.458812e-01,3.085806e-02,1.051743e-01,7.833967e-02
1.560572e-02,2.658053e-03,3.202537e-03,3.398868e-02,1.457012e-02,4.649968e-02,6.618042e-04,1.377023e-03,3.508011e-02,6.332169e-02,4.542913e-01,1.660176e-01,2.402052e-02,8.285850e-02,5.584675e-02
1.883282e-02,2.751144e-03,2.469602e-03,2.430229e-02,1.081440e-02,3.389233e-02,5.325736e-04,1.148614e-03,2.766474e-02,5.340491e-02,5.206441e-01,1.770013e-01,2.005709e-02,6.660348e-02,3.988070e-02
2.044236e-02,2.882285e-03,1.956536e-03,1.731994e-02,8.379192e-03,2.472849e-02,4.377795e-04,1.023169e-03,2.231733e-02,6.548525e-02,5.345145e-01,2.020711e-01,1.689546e-02,5.280206e-02,2.874456e-02
2.460582e-02,3.687163e-03,1.546848e-03,1.256108e-02,6.577080e-03,1.851700e-02,4.524881e-04,1.081911e-03,2.016506e-02,5.926777e-02,5.706538e-01,2.049101e-01,1.389325e-02,4.017016e-02,2.191048e-02
2.141584e-02,5.353243e-03,2.673475e-03,9.929004e-03,2.644837e-02,1.413371e-02,1.423320e-03,1.384499e-03,2.546544e-02,6.520820e-02,5.546438e-01,2.091501e-01,1.219268e-02,3.131704e-02,1.926126e-02
1.826352e-02,6.509284e-03,3.934671e-03,7.861390e-03,3.619879e-02,1.218276e-02,2.209592e-03,1.634819e-03,3.459262e-02,6.674937e-02,5.463573e-01,2.097409e-01,1.136585e-02,2.350167e-02,1.889744e-02
1.400706e-02,7.168804e-03,3.849613e-03,6.101800e-03,2.791599e-02,1.396502e-02,1.787500e-03,1.823006e-03,3.364613e-02,6.017171e-02,5.991376e-01,1.797163e-01,1.690803e-02,1.906957e-02,1.473185e-02
1.125757e-02,9.391332e-03,4.202534e-03,5.516785e-03,2.151076e-02,1.717899e-02,1.436414e-03,2.160514e-03,3.487873e-02,6.126040e-02,5.999665e-01,1.766782e-01,2.357031e-02,1.816170e-02,1.282923e-02
8.537466e-03,7.751036e-03,3.149940e-03,4.582033e-03,1.551131e-02,1.658826e-02,1.025489e-03,1.944959e-03,4.362959e-02,4.658340e-02,6.166627e-01,1.836842e-01,2.257938e-02,1.774177e-02,1.002842e-02
6.971134e-03,1.094597e-02,7.637039e-03,5.939053e-03,1.378010e-02,1.297264e-02,7.567322e-04,4.273749e-03,8.302656e-02,3.951478e-02,5.063620e-01,2.448854e-01,3.428188e-02,1.888419e-02,9.768755e-03
5.849091e-03,1.533833e-02,8.916633e-03,5.496869e-03,3.634894e-02,1.214384e-02,1.330833e-03,5.410881e-03,2.126738e-01,3.106727e-02,4.092473e-01,2.046747e-01,2.863367e-02,1.483516e-02,8.032707e-03
4.431748e-03,1.787660e-02,9.807367e-03,1.423958e-02,2.782298e-02,1.059251e-02,1.155316e-03,2.098316e-02,3.699181e-01,2.520416e-02,2.997132e-01,1.527368e-01,2.259523e-02,1.395855e-02,8.964643e-03
3.227999e-03,1.582455e-02,8.013548e-03,1.791158e-02,2.189263e-02,8.035632e-03,8.732689e-04,2.148573e-02,5.231870e-01,1.862142e-02,2.146670e-01,1.101058e-01,1.709825e-02,1.162479e-02,7.430681e-03
3.061961e-03,1.370034e-02,8.904063e-03,1.764907e-02,2.194206e-02,6.607827e-03,7.225915e-04,1.582669e-02,6.014069e-01,1.988369e-02,1.631058e-01,8.024807e-02,1.639680e-02,1.268132e-02,1.786269e-02
2.764033e-03,3.550079e-02,2.089361e-02,1.728820e-02,2.432906e-02,9.286590e-03,7.144586e-04,1.208696e-02,6.010031e-01,1.995206e-02,1.422416e-01,5.826384e-02,1.775772e-02,1.797916e-02,1.993887e-02
4.761164e-03,2.835692e-02,5.539919e-02,2.146428e-02,2.795459e-02,9.485791e-03,1.149891e-03,4.915651e-02,5.646836e-01,1.583899e-02,1.199398e-01,4.172532e-02,2.351739e-02,2.075573e-02,1.581081e-02
1.016249e-02,3.466083e-02,1.232147e-01,3.263507e-02,4.106557e-02,9.636698e-03,1.345122e-03,4.148212e-02,5.224152e-01,1.504437e-02,8.585301e-02,2.941307e-02,1.805868e-02,1.887270e-02,1.614033e-02
1.997452e-02,5.866940e-02,1.785109e-01,3.475541e-02,5.478201e-02,1.059583e-02,1.603403e-03,3.667346e-02,4.398101e-01,1.649175e-02,6.182218e-02,2.088812e-02,1.462242e-02,3.289651e-02,1.790393e-02
2.926266e-02,5.985566e-02,2.912949e-01,5.363888e-02,5.261068e-02,1.032973e-02,1.620552e-03,3.366687e-02,3.292376e-01,2.634539e-02,4.423850e-02,1.478018e-02,1.074329e-02,2.529800e-02,1.707702e-02
3.775757e-02,6.614756e-02,3.407074e-01,9.617335e-02,5.579276e-02,8.546561e-03,1.683339e-03,3.201680e-02,2.490606e-01,2.532530e-02,3.198017e-02,1.062627e-02,7.772414e-03,1.997200e-02,1.643796e-02
5.511231e-02,6.774463e-02,3.632531e-01,9.408814e-02,7.897467e-02,1.039336e-02,2.223665e-03,4.211134e-02,1.907878e-01,2.196664e-02,2.338754e-02,7.751249e-03,5.851411e-03,1.751669e-02,1.883749e-02
5.314542e-02,7.644939e-02,3.441077e-01,1.683325e-01,7.897896e-02,8.860988e-03,2.501396e-03,4.229778e-02,1.483971e-01,1.988509e-02,1.701359e-02,5.749282e-03,4.328347e-03,1.276219e-02,1.719011e-02
6.658207e-02,9.308182e-02,3.211889e-01,1.862323e-01,8.881253e-02,9.651622e-03,3.338711e-03,4.751917e-02,1.168747e-01,1.923566e-02,1.297839e-02,4.600024e-03,3.638743e-03,1.019304e-02,1.607222e-02
9.987678e-02,1.185570e-01,2.646330e-01,1.528542e-01,8.861393e-02,1.216012e-02,3.795185e-03,5.144794e-02,1.165084e-01,2.630496e-02,1.195538e-02,4.663785e-03,3.309038e-03,1.097834e-02,3.434189e-02
2.177894e-01,1.037232e-01,1.996516e-01,1.200498e-01,9.497495e-02,1.295091e-02,3.783094e-03,4.075641e-02,1.058544e-01,2.546110e-02,1.261048e-02,6.977239e-03,4.106618e-03,1.210949e-02,3.920135e-02
2.406926e-01,1.035938e-01,1.542882e-01,1.320371e-01,9.214494e-02,1.962877e-02,5.393532e-03,3.272343e-02,1.040569e-01,2.611608e-02,1.597481e-02,1.075294e-02,6.048696e-03,1.226065e-02,4.428747e-02
2.685284e-01,9.050372e-02,1.154279e-01,1.032992e-01,6.911181e-02,2.232975e-02,4.517131e-03,2.450745e-02,1.110832e-01,2.849665e-02,1.593356e-02,1.134540e-02,5.877167e-03,2.134026e-02,1.076983e-01
2.002348e-01,7.021021e-02,8.628245e-02,7.444000e-02,4.910620e-02,1.995565e-02,3.309277e-03,1.740010e-02,9.474622e-02,2.631722e-02,1.254040e-02,8.525184e-03,4.842183e-03,3.367289e-02,2.984172e-01
1.426056e-01,5.725439e-02,6.078849e-02,5.336229e-02,3.502498e-02,1.801092e-02,2.610613e-03,1.227558e-02,1.302660e-01,3.961330e-02,1.041259e-02,6.438222e-03,4.924712e-03,5.944535e-02,3.669670e-01
1.004307e-01,6.274005e-02,4.533285e-02,5.223328e-02,2.492559e-02,1.378364e-02,1.908245e-03,8.681562e-03,1.703787e-01,3.605445e-02,8.359136e-03,4.978991e-03,7.580722e-03,5.121452e-02,4.113976e-01
7.869024e-02,6.753551e-02,3.434411e-02,4.535247e-02,2.107264e-02,1.442724e-02,1.791480e-03,6.409907e-03,1.962911e-01,3.047876e-02,9.259721e-03,4.963935e-03,1.679129e-02,4.373144e-02,4.288602e-01
6.048466e-02,1.873068e-01,2.442483e-02,3.651118e-02,1.565933e-02,1.102037e-02,1.292612e-03,4.563631e-03,2.083122e-01,2.839369e-02,7.385030e-03,3.829402e-03,1.645863e-02,3.347596e-02,3.608816e-01
4.465456e-02,3.321809e-01,1.743876e-02,2.886990e-02,1.122910e-02,8.242066e-03,9.281353e-04,3.237759e-03,1.846193e-01,2.459301e-02,5.559379e-03,2.876268e-03,1.390732e-02,2.810675e-02,2.935568e-01
3.565286e-02,3.354199e-01,1.261424e-02,2.449355e-02,9.023428e-03,6.523814e-03,6.817102e-04,2.326672e-03,2.654866e-01,3.222660e-02,5.730297e-03,2.486412e-03,1.276249e-02,2.415487e-02,2.304165e-01
2.629381e-02,3.071228e-01,9.294285e-03,1.503123e-01,6.422418e-03,4.847453e-03,4.839500e-04,1.779728e-03,2.451000e-01,2.426080e-02,1.129999e-02,2.443284e-03,1.155804e-02,1.765092e-02,1.811302e-01
1.889307e-02,2.527258e-01,6.902288e-03,1.315392e-01,4.715894e-03,3.714589e-03,3.442826e-04,1.293808e-03,2.668808e-01,1.880540e-02,9.725947e-02,3.883370e-03,3.036105e-02,1.582667e-02,1.468543e-01
1.416057e-02,1.849374e-01,5.622825e-03,1.051619e-01,6.208306e-03,3.440008e-03,3.152212e-04,1.034016e-03,2.314717e-01,1.467417e-02,2.344018e-01,4.616551e-03,5.296458e-02,1.319261e-02,1.277984e-01
1.039798e-02,1.524722e-01,4.657002e-03,9.664662e-02,6.273699e-03,3.461784e-03,3.707553e-04,1.088470e-03,3.394056e-01,1.144061e-02,1.932473e-01,4.962468e-03,6.703199e-02,1.155025e-02,9.699327e-02
9.584953e-03,1.797238e-01,6.415553e-03,9.372629e-02,6.196354e-03,1.398894e-02,8.893224e-04,1.737635e-03,3.285003e-01,1.039335e-02,1.654764e-01,5.252751e-03,7.467082e-02,1.610201e-02,8.734147e-02
9.695883e-03,1.871698e-01,6.822426e-03,7.347867e-02,6.355748e-03,1.774503e-02,9.443976e-04,1.797323e-03,3.030494e-01,8.061297e-03,1.248565e-01,5.582785e-03,1.151107e-01,1.417749e-02,1.251525e-01
8.396436e-03,1.610167e-01,1.128850e-02,7.354234e-02,6.608655e-03,2.022363e-02,9.673757e-04,3.617535e-03,3.088780e-01,6.369555e-03,8.967619e-02,5.773500e-03,1.525216e-01,1.112334e-02,1.399967e-01
1.019535e-02,1.321059e-01,1.156409e-02,5.387696e-02,8.936845e-03,1.744669e-02,1.093027e-03,5.005376e-03,2.419504e-01,4.893805e-03,6.563711e-02,5.292038e-03,1.495590e-01,1.329663e-02,2.791468e-01
1.055415e-02,1.112276e-01,1.068692e-02,4.173610e-02,7.453437e-03,1.364901e-02,8.889359e-04,4.704438e-03,1.876601e-01,4.146764e-03,4.687937e-02,4.532362e-03,1.629731e-01,1.097712e-02,3.819307e-01
1.302543e-02,9.905574e-02,3.135385e-02,1.053726e-01,9.366719e-03,1.377125e-02,8.597903e-04,8.957462e-03,1.804954e-01,5.055409e-03,3.677830e-02,4.952870e-03,1.749021e-01,9.065146e-03,3.069880e-01
1.152693e-02,8.385406e-02,1.578483e-01,1.392691e-01,7.960249e-03,1.309054e-02,6.778908e-04,8.202394e-03,1.559080e-01,7.359025e-03,3.188729e-02,6.474072e-03,1.336249e-01,8.214008e-03,2.341034e-01
1.719135e-02,8.182999e-02,1.578522e-01,1.069984e-01,8.148519e-03,3.114460e-02,1.351152e-03,1.364077e-02,1.665845e-01,7.624601e-03,2.584243e-02,7.840916e-03,1.712124e-01,7.292867e-03,1.954453e-01
2.134680e-02,8.105446e-02,1.272703e-01,7.851248e-02,2.125806e-02,2.956757e-02,3.020797e-03,1.186835e-02,2.760293e-01,6.901150e-03,2.024283e-02,7.140499e-03,1.645254e-01,5.663081e-03,1.455988e-01
2.001298e-02,7.382352e-02,9.238395e-02,5.772087e-02,1.928841e-02,2.630793e-02,3.392356e-03,9.267604e-03,4.187822e-01,5.624138e-03,1.506749e-02,5.976690e-03,1.396851e-01,4.376403e-03,1.082903e-01
2.048039e-02,5.726307e-02,6.618567e-02,4.323979e-02,3.219894e-02,2.796715e-02,4.383057e-03,7.566171e-03,5.372742e-01,5.377269e-03,1.079590e-02,4.284448e-03,1.001062e-01,3.238394e-03,7.963934e-02
2.369847e-02,4.593756e-02,5.480736e-02,1.305802e-01,3.025470e-02,2.526216e-02,3.506983e-03,7.065544e-03,5.175170e-01,1.028648e-02,9.693149e-03,4.620638e-03,7.297820e-02,2.485006e-03,6.130649e-02
5.365551e-02,3.810104e-02,5.025794e-02,1.020909e-01,3.102715e-02,2.552399e-02,3.875955e-03,1.141450e-02,5.459900e-01,1.606082e-02,8.567770e-03,4.075591e-03,5.317877e-02,3.026476e-03,5.315354e-02
7.516212e-02,4.445194e-02,4.293537e-02,9.384584e-02,3.862033e-02,3.097477e-02,3.505239e-03,1.074257e-02,4.845639e-01,2.787383e-02,9.730927e-03,5.141417e-03,4.943288e-02,3.230055e-03,7.978880e-02
5.372733e-02,3.640983e-02,3.903478e-02,9.250637e-02,2.767054e-02,2.192517e-02,2.470685e-03,7.745659e-03,4.828265e-01,4.334682e-02,1.216355e-02,3.967602e-03,3.798524e-02,2.455018e-03,1.357650e-01
3.788682e-02,3.841760e-02,3.429365e-02,7.043099e-02,1.943774e-02,1.542225e-02,1.747611e-03,5.461053e-03,5.206106e-01,4.362482e-02,9.538756e-03,3.871150e-03,2.823721e-02,2.385706e-03,1.686341e-01
2.722973e-02,2.820734e-02,2.571485e-02,5.001284e-02,1.370232e-02,1.108899e-02,1.256640e-03,3.896269e-03,4.540488e-01,3.748431e-02,1.872613e-02,6.742073e-03,3.909269e-02,1.058309e-01,1.769661e-01
2.061623e-02,2.151077e-02,1.920542e-02,3.539610e-02,1.788796e-02,8.446345e-03,9.107852e-04,2.843662e-03,3.877994e-01,2.920032e-02,3.853205e-02,5.590369e-03,5.409855e-02,1.757166e-01,1.822454e-01
1.520435e-02,1.588902e-02,1.472000e-02,2.570767e-02,1.427499e-02,6.142384e-03,6.722169e-04,2.225024e-03,4.738345e-01,2.549918e-02,3.448286e-02,7.033795e-03,4.516302e-02,1.435326e-01,1.756184e-01
1.168322e-02,1.294537e-02,1.163264e-02,1.832022e-02,1.077292e-02,4.733725e-03,5.217097e-04,1.736570e-03,3.731287e-01,2.420425e-02,2.800379e-02,6.172292e-03,3.893466e-02,2.209062e-01,2.363037e-01
8.360605e-03,9.141903e-03,8.197592e-03,1.282992e-02,7.543531e-03,3.349431e-03,3.660668e-04,1.216735e-03,2.629878e-01,1.871784e-02,1.988670e-02,4.357769e-03,2.744386e-02,4.418470e-01,1.737532e-01
5.985240e-03,6.514369e-03,6.415796e-03,9.001227e-03,5.304320e-03,2.468615e-03,2.621504e-04,8.661870e-04,1.906497e-01,1.681758e-02,1.753793e-02,3.210041e-03,2.043805e-02,5.307373e-01,1.837915e-01
4.335183e-03,4.862812e-03,6.193403e-03,6.354411e-03,4.043949e-03,2.069043e-03,1.951781e-04,6.711936e-04,1.436228e-01,2.080217e-02,2.627498e-02,2.394314e-03,1.663653e-02,5.017554e-01,2.597886e-01
3.204136e-03,4.519971e-03,5.802911e-03,4.542978e-03,2.980207e-03,1.906477e-03,1.555899e-04,5.615968e-04,1.125452e-01,2.688538e-02,2.047409e-02,1.781533e-03,1.194785e-02,4.848406e-01,3.178514e-01
2.408227e-03,5.129500e-03,5.832584e-03,3.638018e-03,2.225702e-03,2.351561e-03,1.517906e-04,6.103429e-04,1.446379e-01,7.042181e-02,1.671389e-02,1.548838e-03,1.001354e-02,3.994485e-01,3.348678e-01
2.505311e-03,9.110193e-03,8.725692e-03,2.880716e-03,1.689618e-03,2.056310e-03,1.632753e-04,4.901125e-04,1.393956e-01,7.737520e-02,1.623818e-02,1.895001e-03,8.959239e-03,4.540892e-01,2.744264e-01
2.576340e-03,8.208878e-03,9.178911e-03,2.844812e-03,1.442588e-03,1.940512e-03,1.806076e-04,3.855695e-04,1.376605e-01,6.138276e-02,7.630666e-02,1.863753e-03,1.319195e-02,4.093276e-01,2.735085e-01
3.844658e-03,7.392018e-03,9.781571e-03,2.978405e-03,3.327810e-03,2.229359e-03,2.205531e-04,7.272942e-04,1.153477e-01,4.828446e-02,1.397079e-01,1.922432e-03,1.658781e-02,3.974244e-01,2.502236e-01
5.367334e-03,7.105973e-03,1.061729e-02,3.983700e-03,4.545766e-03,2.818923e-03,4.989061e-04,8.075921e-04,1.050778e-01,5.781386e-02,1.366647e-01,2.087733e-03,1.625702e-02,3.812882e-01,2.650652e-01
5.022690e-03,6.406188e-03,9.772010e-03,4.029523e-03,4.293239e-03,3.095951e-03,5.364158e-04,7.623563e-04,9.869698e-02,6.075126e-02,1.330260e-01,3.086197e-03,2.047244e-02,3.569589e-01,2.930899e-01
5.952954e-03,4.702256e-03,8.043697e-03,4.418525e-03,6.659459e-03,2.858779e-03,7.961846e-04,1.335890e-03,7.601005e-02,9.985468e-02,1.282143e-01,5.271291e-03,2.189230e-02,3.677096e-01,2.662801e-01
8.003601e-03,4.410586e-03,7.396467e-03,6.478739e-03,1.072091e-02,5.029280e-03,1.117027e-03,1.595726e-03,7.270999e-02,2.409466e-01,1.071626e-01,6.176683e-03,2.409141e-02,2.871616e-01,2.169988e-01
1.693151e-02,7.186389e-03,1.509332e-02,4.269044e-02,3.091623e-02,9.470356e-03,1.461430e-03,2.278855e-03,7.536673e-02,2.747487e-01,9.471859e-02,7.607771e-03,2.825832e-02,2.097166e-01,1.835547e-01
2.959546e-02,6.479251e-03,1.272672e-02,3.420887e-02,2.435918e-02,1.706381e-02,1.293740e-03,1.816141e-03,6.258496e-02,3.765320e-01,8.622829e-02,1.348391e-02,3.268512e-02,1.521451e-01,1.487974e-01
2.248679e-02,7.305557e-03,1.501308e-02,2.465498e-02,2.700605e-02,1.356304e-02,1.196640e-03,2.224062e-03,5.092607e-02,4.798293e-01,9.121364e-02,1.204732e-02,3.183977e-02,1.100555e-01,1.106382e-01
1.678876e-02,5.635439e-03,1.629329e-02,1.757319e-02,5.342774e-02,1.050310e-02,1.657981e-03,1.366120e-02,4.115370e-02,5.563278e-01,7.421537e-02,9.840881e-03,2.683387e-02,7.817347e-02,7.791415e-02
1.520056e-02,5.673888e-03,1.343039e-02,1.774643e-02,1.192969e-01,3.083261e-02,1.441914e-03,1.415861e-02,3.875253e-02,5.067323e-01,7.625534e-02,1.759662e-02,3.123004e-02,5.527183e-02,5.638003e-02
1.323622e-02,4.868648e-03,1.025933e-02,1.332190e-02,1.032485e-01,4.450068e-02,1.167243e-03,1.215042e-02,3.421190e-02,5.495807e-01,7.683289e-02,2.299509e-02,3.314152e-02,3.997239e-02,4.051263e-02
1.377572e-02,3.873713e-03,7.848105e-03,1.104813e-02,8.025224e-02,4.134698e-02,9.138286e-04,1.390803e-02,2.713827e-02,5.512661e-01,8.236823e-02,6.419276e-02,4.244588e-02,2.941269e-02,3.020925e-02
1.249612e-02,3.504849e-03,6.511684e-03,1.167176e-02,6.613828e-02,4.534128e-02,7.378277e-04,1.245811e-02,2.484890e-02,5.838608e-01,7.593191e-02,6.614362e-02,4.537274e-02,2.150613e-02,2.347596e-02
1.114547e-02,2.935993e-03,5.152643e-03,1.124984e-02,5.033559e-02,3.269788e-02,6.768921e-04,9.592925e-03,2.837468e-02,6.295091e-01,6.419869e-02,7.175256e-02,4.943069e-02,1.573246e-02,1.721459e-02
1.364147e-02,3.350536e-03,5.755112e-03,6.920349e-02,4.726187e-02,2.647726e-02,9.645915e-04,1.088223e-02,3.643814e-02,5.715348e-01,5.941092e-02,8.014717e-02,4.899676e-02,1.185517e-02,1.408052e-02
1.446075e-02,3.091302e-03,5.959986e-03,6.037804e-02,3.928113e-02,2.206877e-02,1.112724e-03,8.653052e-03,3.333537e-02,5.929012e-01,6.241135e-02,8.824720e-02,4.678176e-02,9.947685e-03,1.136970e-02
1.480125e-02,3.443455e-03,4.919747e-03,4.666590e-02,2.909443e-02,1.762599e-02,8.958095e-04,7.018656e-03,2.918048e-02,6.184194e-01,5.641160e-02,1.028197e-01,4.910233e-02,9.898950e-03,9.702276e-03
1.922579e-02,3.619568e-03,4.172006e-03,3.886234e-02,2.410959e-02,1.558198e-02,8.981704e-04,7.318202e-03,3.066331e-02,5.933895e-01,5.243973e-02,1.257648e-01,6.632566e-02,9.230834e-03,8.398504e-03
3.571765e-02,3.769543e-03,5.173177e-03,3.277021e-02,2.456551e-02,3.916329e-02,1.347987e-03,1.366383e-02,4.050982e-02,5.531061e-01,5.857211e-02,1.088903e-01,6.719354e-02,8.333685e-03,7.223188e-03
3.775747e-02,3.806740e-03,6.694079e-03,3.317365e-02,3.602744e-02,6.841541e-02,8.221320e-03,2.771304e-02,3.624091e-02,4.962593e-01,5.217500e-02,9.375192e-02,8.305551e-02,8.575760e-03,8.132422e-03
3.981761e-02,3.407111e-03,6.559652e-03,3.889432e-02,4.310381e-02,1.353435e-01,1.076776e-02,4.110507e-02,2.911959e-02,4.408630e-01,4.143517e-02,7.766984e-02,7.830918e-02,6.925131e-03,6.679369e-03
6.088802e-02,3.740486e-03,8.516375e-03,2.859822e-02,8.307957e-02,1.106798e-01,1.021164e-02,3.238902e-02,2.761545e-02,4.017679e-01,3.306431e-02,7.397707e-02,1.141340e-01,6.058300e-03,5.279899e-03
6.399615e-02,3.432079e-03,8.311726e-03,2.274708e-02,8.410013e-02,2.215523e-01,8.064993e-03,2.715974e-02,2.363022e-02,3.136562e-01,2.644476e-02,7.495897e-02,1.120108e-01,5.212658e-03,4.722210e-03
5.140422e-02,2.566287e-03,6.545573e-03,1.862877e-02,7.008395e-02,2.288562e-01,6.015386e-03,2.087435e-02,1.882791e-02,2.281509e-01,2.602431e-02,1.086509e-01,2.041394e-01,4.571356e-03,4.660438e-03
4.138103e-02,1.914822e-03,5.338001e-03,1.330070e-02,5.833129e-02,1.644122e-01,4.665725e-03,1.655484e-02,1.353964e-02,1.619966e-01,3.024059e-02,2.776733e-01,1.961516e-01,7.103377e-03,7.396265e-03
3.426218e-02,1.465082e-03,4.520964e-03,9.631891e-03,5.410400e-02,1.166079e-01,3.696952e-03,2.010104e-02,9.994454e-03,1.153333e-01,3.050428e-02,4.118911e-01,1.733831e-01,8.229763e-03,6.273952e-03
2.875642e-02,1.880343e-03,4.518853e-03,6.895818e-03,8.510894e-02,8.213086e-02,4.791051e-03,1.620036e-02,1.060439e-02,8.165113e-02,2.331845e-02,5.078980e-01,1.342967e-01,6.462272e-03,5.486437e-03
2.364118e-02,1.574257e-03,4.172862e-03,4.991940e-03,7.808383e-02,5.783488e-02,4.092864e-03,1.541859e-02,8.302523e-03,5.756001e-02,1.959119e-02,6.011974e-01,1.134800e-01,5.041617e-03,5.016891e-03
2.082120e-02,1.534086e-03,3.457834e-03,3.943784e-03,6.938473e-02,4.389279e-02,3.357628e-03,1.383315e-02,6.757844e-03,4.089215e-02,2.872080e-02,5.015071e-01,2.535764e-01,3.906515e-03,4.413968e-03
1.613609e-02,1.357253e-03,3.416199e-03,3.318256e-03,5.151536e-02,3.421398e-02,2.640301e-03,1.143461e-02,5.346288e-03,2.916709e-02,2.849812e-02,3.979668e-01,4.071894e-01,3.426766e-03,4.373396e-03
1.268495e-02,1.490108e-03,5.487977e-03,2.711757e-03,4.403238e-02,2.452281e-02,2.123766e-03,9.814255e-03,8.879499e-03,2.116192e-02,3.150081e-02,3.273650e-01,5.010774e-01,2.504681e-03,4.642630e-03
9.414847e-03,1.359181e-03,4.711344e-03,3.438259e-03,4.609514e-02,2.057805e-02,1.922871e-03,1.081958e-02,8.650373e-03,2.074049e-02,3.292440e-02,2.475594e-01,5.853993e-01,2.218980e-03,4.167760e-03
6.786733e-03,1.231532e-03,3.992582e-03,2.772291e-03,3.855786e-02,1.499427e-02,1.437385e-03,9.072555e-03,1.126799e-02,2.473907e-02,3.683262e-02,2.017702e-01,6.381428e-01,1.951307e-03,6.450682e-03
4.923361e-03,1.279137e-03,8.258768e-03,2.720954e-03,3.123528e-02,1.074205e-02,1.094659e-03,1.912078e-02,3.205281e-02,2.494090e-02,3.736956e-02,1.745623e-01,6.403531e-01,1.572049e-03,9.774284e-03
4.428864e-03,1.924360e-03,2.963497e-02,9.903541e-03,2.606085e-02,8.809145e-03,9.221155e-04,1.931902e-02,7.233828e-02,4.610340e-02,4.926810e-02,1.354509e-01,4.949834e-01,4.291697e-03,9.656131e-02
4.771740e-03,2.419635e-03,3.337013e-02,1.220838e-02,2.069519e-02,6.988443e-03,7.642771e-04,1.479621e-02,7.924498e-02,4.023993e-02,5.039220e-02,9.692208e-02,3.565094e-01,7.327892e-03,2.733495e-01
1.363914e-02,2.580362e-03,2.866765e-02,1.934060e-02,1.885587e-02,5.899418e-03,6.562693e-04,1.154818e-02,1.089640e-01,3.382534e-02,7.108773e-02,7.350507e-02,2.602870e-01,3.430641e-02,3.168370e-01
1.466013e-02,2.212458e-03,2.134909e-02,1.462468e-02,1.695631e-02,4.757734e-03,5.295418e-04,8.933753e-03,1.126972e-01,2.819731e-02,1.479689e-01,5.392019e-02,1.931866e-01,8.145812e-02,2.985480e-01
1.183781e-02,1.778403e-03,1.579584e-02,1.075379e-02,1.387507e-02,4.548121e-03,3.907776e-04,6.627962e-03,8.549343e-02,2.030997e-02,3.566807e-01,4.240206e-02,1.414359e-01,7.582942e-02,2.122408e-01
1.030403e-02,1.447503e-03,1.185337e-02,7.927909e-03,1.027293e-02,8.950779e-03,2.961398e-04,4.827981e-03,6.166305e-02,1.504268e-02,5.214444e-01,3.321352e-02,1.009746e-01,6.201414e-02,1.497670e-01
1.143697e-02,1.726019e-03,1.068696e-02,6.659160e-03,7.915718e-03,3.317440e-02,2.946231e-04,3.627585e-03,4.763114e-02,1.759309e-02,5.921866e-01,2.843570e-02,7.455015e-02,5.672298e-02,1.073589e-01
1.427741e-02,2.878000e-03,1.050575e-02,6.177397e-03,6.373839e-03,2.982888e-02,4.294923e-04,3.081499e-03,5.750922e-02,2.985364e-02,6.255361e-01,2.415915e-02,5.443427e-02,5.518597e-02,7.976940e-02
1.353594e-02,2.824619e-03,9.617562e-03,5.807675e-03,6.733675e-03,2.209157e-02,5.999801e-04,2.534376e-03,7.525004e-02,9.986184e-02,5.736791e-01,2.014951e-02,4.060929e-02,6.291176e-02,6.379305e-02
1.270329e-02,2.716083e-03,7.560865e-03,6.104440e-03,5.535215e-03,1.722034e-02,5.132695e-04,1.954080e-03,6.169996e-02,2.203423e-01,4.972807e-01,1.616314e-02,3.105029e-02,6.375417e-02,5.540179e-02
1.236555e-02,2.436250e-03,6.152445e-03,9.984681e-03,7.045233e-03,1.390985e-02,6.686441e-04,1.994353e-03,4.999928e-02,3.258148e-01,4.250914e-01,1.501960e-02,2.382412e-02,5.915778e-02,4.653610e-02
9.454131e-03,1.990552e-03,4.588190e-03,8.951569e-03,8.263187e-03,1.008717e-02,6.354782e-04,1.537219e-03,3.962197e-02,4.326238e-01,3.573297e-01,1.565788e-02,1.893705e-02,5.052503e-02,3.979711e-02
7.908130e-03,2.308996e-03,3.701100e-03,7.620452e-03,7.176147e-03,7.364471e-03,5.347790e-04,1.181113e-03,3.187452e-02,4.092731e-01,4.108146e-01,2.415383e-02,1.642504e-02,3.964431e-02,3.001946e-02
8.123999e-03,1.196213e-02,4.061134e-03,6.838903e-03,7.443353e-03,5.614843e-03,4.776602e-04,9.244138e-04,4.093739e-02,4.080192e-01,3.907401e-01,4.050780e-02,1.718811e-02,3.374512e-02,2.341577e-02
1.190940e-02,1.716107e-02,4.787972e-03,6.330331e-03,9.078389e-03,4.894339e-03,5.885311e-04,1.337659e-03,8.883704e-02,3.407865e-01,3.810938e-01,5.766508e-02,2.127148e-02,3.339972e-02,2.085873e-02
1.924087e-02,2.396374e-02,8.849004e-03,5.807851e-03,8.083317e-03,5.596396e-03,1.093748e-03,4.833270e-03,9.041110e-02,2.645067e-01,4.287295e-01,7.135448e-02,1.939603e-02,3.181398e-02,1.632003e-02
2.219376e-02,3.436960e-02,1.294185e-02,4.378656e-03,7.204321e-03,5.235945e-03,1.235375e-03,5.190275e-03,9.150846e-02,2.269573e-01,4.675920e-01,6.418645e-02,1.521823e-02,2.830426e-02,1.348355e-02
4.298396e-02,3.855423e-02,1.396344e-02,4.916625e-03,7.717629e-03,6.269970e-03,1.800067e-03,1.239521e-02,8.155333e-02,2.367609e-01,4.341969e-01,6.576957e-02,1.352017e-02,2.733061e-02,1.226743e-02
5.738498e-02,3.821168e-02,1.112208e-02,4.619558e-03,7.254530e-03,6.242268e-03,1.545022e-03,1.074559e-02,7.837509e-02,3.379601e-01,3.431750e-01,5.817813e-02,1.109216e-02,2.367408e-02,1.041978e-02
5.969693e-02,4.672027e-02,9.056426e-03,4.297554e-03,7.464340e-03,5.163063e-03,1.242944e-03,9.321751e-03,1.122043e-01,4.113184e-01,2.498158e-01,4.477903e-02,8.780187e-03,2.164051e-02,8.498555e-03
4.892247e-02,5.828426e-02,1.022931e-02,5.687405e-03,1.307129e-02,4.242474e-03,1.245378e-03,2.234623e-02,2.452939e-01,3.491151e-01,1.779442e-01,3.273727e-02,6.789131e-03,1.760141e-02,6.490108e-03
3.874266e-02,5.548453e-02,1.216008e-02,5.304643e-03,2.324416e-02,3.790246e-03,1.337571e-03,2.907766e-02,3.606901e-01,2.961074e-01,1.258299e-01,2.376781e-02,5.044927e-03,1.462834e-02,4.790036e-03
3.741955e-02,5.638457e-02,1.996313e-02,1.334055e-02,3.168491e-02,3.557751e-03,1.462993e-03,6.725183e-02,4.171824e-01,2.227891e-01,9.070110e-02,1.813717e-02,4.247426e-03,1.159441e-02,4.283039e-03
3.594315e-02,5.275385e-02,1.561023e-02,1.256368e-02,3.152971e-02,4.779003e-03,1.176026e-03,6.228336e-02,5.052586e-01,1.807042e-01,6.560040e-02,1.380592e-02,3.281609e-03,1.057048e-02,4.139761e-03
4.066065e-02,6.375917e-02,1.291628e-02,2.179074e-02,3.606790e-02,6.517078e-03,1.114511e-03,6.139944e-02,5.159863e-01,1.398667e-01,4.925568e-02,1.126516e-02,3.403718e-03,8.614347e-03,2.738233e-02
3.437969e-02,5.115114e-02,4.833085e-02,6.874169e-02,5.128258e-02,6.471863e-03,2.591994e-03,1.396051e-01,4.159033e-01,1.063768e-01,3.542005e-02,8.343693e-03,2.964208e-03,6.583889e-03,2.185311e-02
4.735462e-02,4.151740e-02,4.297249e-02,7.571886e-02,1.261877e-01,1.618828e-02,4.450365e-03,1.379676e-01,3.683328e-01,7.995135e-02,2.606772e-02,6.303284e-03,2.724398e-03,5.050806e-03,1.921227e-02
4.442040e-02,8.366615e-02,8.112762e-02,8.850291e-02,1.197822e-01,1.417094e-02,3.907718e-03,1.381322e-01,3.035924e-01,6.282324e-02,1.884004e-02,4.818469e-03,2.867468e-03,4.066840e-03,2.928140e-02
5.420027e-02,7.612896e-02,7.022758e-02,7.663899e-02,1.677652e-01,1.707043e-02,4.367535e-03,1.377472e-01,2.924125e-01,5.080056e-02,1.404075e-02,3.854964e-03,2.346079e-03,3.951232e-03,2.844770e-02
4.393715e-02,6.392977e-02,1.106261e-01,1.556556e-01,1.469678e-01,1.426700e-02,3.817603e-03,1.404613e-01,2.271513e-01,3.980450e-02,1.032961e-02,3.562112e-03,2.026913e-03,2.881866e-03,3.458146e-02
4.642383e-02,5.121595e-02,1.240869e-01,1.848408e-01,1.343172e-01,1.645278e-02,4.578887e-03,1.370084e-01,1.891953e-01,4.034959e-02,8.243035e-03,4.020514e-03,2.705629e-03,2.218591e-03,5.434261e-02
5.651860e-02,4.546054e-02,1.340418e-01,1.776960e-01,1.458062e-01,3.080843e-02,7.033463e-03,1.053166e-01,1.816926e-01,3.825758e-02,6.403487e-03,3.434121e-03,4.982620e-03,1.678622e-03,6.086936e-02
6.588750e-02,5.334239e-02,1.600588e-01,1.537067e-01,1.331733e-01,4.717674e-02,9.397015e-03,7.963526e-02,1.726345e-01,3.785094e-02,5.386229e-03,3.004260e-03,5.150420e-03,1.462248e-03,7.213375e-02
8.920768e-02,6.430300e-02,1.469339e-01,1.452878e-01,1.234070e-01,5.333973e-02,1.224107e-02,6.142702e-02,1.717611e-01,3.471907e-02,4.747598e-03,3.090131e-03,6.433178e-03,1.276568e-03,8.182519e-02
