1.000000e+00,0.000000e+00,0.000000e+00,0.000000e+00,0.000000e+00,0.000000e+00,0.000000e+00,0.000000e+00,0.000000e+00,0.000000e+00,0.000000e+00,0.000000e+00,0.000000e+00,0.000000e+00,0.000000e+00
1.000000e+00,0.000000e+00,0.000000e+00,0.000000e+00,0.000000e+00,0.000000e+00,0.000000e+00,0.000000e+00,0.000000e+00,0.000000e+00,0.000000e+00,0.000000e+00,0.000000e+00,0.000000e+00,0.000000e+00
1.000000e+00,0.000000e+00,0.000000e+00,0.000000e+00,0.000000e+00,0.000000e+00,0.000000e+00,0.000000e+00,0.000000e+00,0.000000e+00,0.000000e+00,0.000000e+00,0.000000e+00,0.000000e+00,0.000000e+00
1.000000e+00,0.000000e+00,0.000000e+00,0.000000e+00,0.000000e+00,0.000000e+00,0.000000e+00,0.000000e+00,0.000000e+00,0.000000e+00,0.000000e+00,0.000000e+00,0.000000e+00,0.000000e+00,0.000000e+00
1.000000e+00,0.000000e+00,0.000000e+00,0.000000e+00,0.000000e+00,0.000000e+00,0.000000e+00,0.000000e+00,0.000000e+00,0.000000e+00,0.000000e+00,0.000000e+00,0.000000e+00,0.000000e+00,0.000000e+00
1.000000e+00,0.000000e+00,0.000000e+00,0.000000e+00,0.000000e+00,0.000000e+00,0.000000e+00,0.000000e+00,0.000000e+00,0.000000e+00,0.000000e+00,0.000000e+00,0.000000e+00,0.000000e+00,0.000000e+00
1.000000e+00,0.000000e+00,0.000000e+00,0.000000e+00,0.000000e+00,0.000000e+00,0.000000e+00,0.000000e+00,0.000000e+00,0.000000e+00,0.000000e+00,0.000000e+00,0.000000e+00,0.000000e+00,0.000000e+00
1.000000e+00,0.000000e+00,0.000000e+00,0.000000e+00,0.000000e+00,0.000000e+00,0.000000e+00,0.000000e+00,0.000000e+00,0.000000e+00,0.000000e+00,0.000000e+00,0.000000e+00,0.000000e+00,0.000000e+00
1.000000e+00,0.000000e+00,0.000000e+00,0.000000e+00,0.000000e+00,0.000000e+00,0.000000e+00,0.000000e+00,0.000000e+00,0.000000e+00,0.000000e+00,0.000000e+00,0.000000e+00,0.000000e+00,0.000000e+00
1.000000e+00,0.000000e+00,0.000000e+00,0.000000e+00,0.000000e+00,0.000000e+00,0.000000e+00,0.000000e+00,0.000000e+00,0.000000e+00,0.000000e+00,0.000000e+00,0.000000e+00,0.000000e+00,0.000000e+00
1.000000e+00,0.000000e+00,0.000000e+00,0.000000e+00,0.000000e+00,0.000000e+00,0.000000e+00,0.000000e+00,0.000000e+00,0.000000e+00,0.000000e+00,0.000000e+00,0.000000e+00,0.000000e+00,0.000000e+00
1.000000e+00,0.000000e+00,0.000000e+00,0.000000e+00,0.000000e+00,0.000000e+00,0.000000e+00,0.000000e+00,0.000000e+00,0.000000e+00,0.000000e+00,0.000000e+00,0.000000e+00,0.000000e+00,0.000000e+00
1.000000e+00,0.000000e+00,0.000000e+00,0.000000e+00,0.000000e+00,0.000000e+00,0.000000e+00,0.000000e+00,0.000000e+00,0.000000e+00,0.000000e+00,0.000000e+00,0.000000e+00,0.000000e+00,0.000000e+00
1.000000e+00,0.000000e+00,0.000000e+00,0.000000e+00,0.000000e+00,0.000000e+00,0.000000e+00,0.000000e+00,0.000000e+00,0.000000e+00,0.000000e+00,0.000000e+00,0.000000e+00,0.000000e+00,0.000000e+00
1.000000e+00,0.000000e+00,0.000000e+00,0.000000e+00,0.000000e+00,0.000000e+00,0.000000e+00,0.000000e+00,0.000000e+00,0.000000e+00,0.000000e+00,0.000000e+00,0.000000e+00,0.000000e+00,0.000000e+00
1.000000e+00,0.000000e+00,0.000000e+00,0.000000e+00,0.000000e+00,0.000000e+00,0.000000e+00,0.000000e+00,0.000000e+00,0.000000e+00,0.000000e+00,0.000000e+00,0.000000e+00,0.000000e+00,0.000000e+00
1.000000e+00,0.000000e+00,0.000000e+00,0.000000e+00,0.000000e+00,0.000000e+00,0.000000e+00,0.000000e+00,0.000000e+00,0.000000e+00,0.000000e+00,0.000000e+00,0.000000e+00,0.000000e+00,0.000000e+00
1.000000e+00,0.000000e+00,0.000000e+00,0.000000e+00,0.000000e+00,0.000000e+00,0.000000e+00,0.000000e+00,0.000000e+00,0.000000e+00,0.000000e+00,0.000000e+00,0.000000e+00,0.000000e+00,0.000000e+00
1.000000e+00,0.000000e+00,0.000000e+00,0.000000e+00,0.000000e+00,0.000000e+00,0.000000e+00,0.000000e+00,0.000000e+00,0.000000e+00,0.000000e+00,0.000000e+00,0.000000e+00,0.000000e+00,0.000000e+00
1.000000e+00,0.000000e+00,0.000000e+00,0.000000e+00,0.000000e+00,0.000000e+00,0.000000e+00,0.000000e+00,0.000000e+00,0.000000e+00,0.000000e+00,0.000000e+00,0.000000e+00,0.000000e+00,0.000000e+00
1.000000e+00,0.000000e+00,0.000000e+00,0.000000e+00,0.000000e+00,0.000000e+00,0.000000e+00,0.000000e+00,0.000000e+00,0.000000e+00,0.000000e+00,0.000000e+00,0.000000e+00,0.000000e+00,0.000000e+00
1.000000e+00,0.000000e+00,0.000000e+00,0.000000e+00,0.000000e+00,0.000000e+00,0.000000e+00,0.000000e+00,0.000000e+00,0.000000e+00,0.000000e+00,0.000000e+00,0.000000e+00,0.000000e+00,0.000000e+00
1.000000e+00,0.000000e+00,0.000000e+00,0.000000e+00,0.000000e+00,0.000000e+00,0.000000e+00,0.000000e+00,0.000000e+00,0.000000e+00,0.000000e+00,0.000000e+00,0.000000e+00,0.000000e+00,0.000000e+00
1.000000e+00,0.000000e+00,0.000000e+00,0.000000e+00,0.000000e+00,0.000000e+00,0.000000e+00,0.000000e+00,0.000000e+00,0.000000e+00,0.000000e+00,0.000000e+00,0.000000e+00,0.000000e+00,0.000000e+00
1.000000e+00,0.000000e+00,0.000000e+00,0.000000e+00,0.000000e+00,0.000000e+00,0.000000e+00,0.000000e+00,0.000000e+00,0.000000e+00,0.000000e+00,0.000000e+00,0.000000e+00,0.000000e+00,0.000000e+00
1.000000e+00,0.000000e+00,0.000000e+00,0.000000e+00,0.000000e+00,0.000000e+00,0.000000e+00,0.000000e+00,0.000000e+00,0.000000e+00,0.000000e+00,0.000000e+00,0.000000e+00,0.000000e+00,0.000000e+00
1.000000e+00,0.000000e+00,0.000000e+00,0.000000e+00,0.000000e+00,0.000000e+00,0.000000e+00,0.000000e+00,0.000000e+00,0.000000e+00,0.000000e+00,0.000000e+00,0.000000e+00,0.000000e+00,0.000000e+00
1.000000e+00,0.000000e+00,0.000000e+00,0.000000e+00,0.000000e+00,0.000000e+00,0.000000e+00,0.000000e+00,0.000000e+00,0.000000e+00,0.000000e+00,0.000000e+00,0.000000e+00,0.000000e+00,0.000000e+00
1.000000e+00,0.000000e+00,0.000000e+00,0.000000e+00,0.000000e+00,0.000000e+00,0.000000e+00,0.000000e+00,0.000000e+00,0.000000e+00,0.000000e+00,0.000000e+00,0.000000e+00,0.000000e+00,0.000000e+00
1.000000e+00,0.000000e+00,0.000000e+00,0.000000e+00,0.000000e+00,0.000000e+00,0.000000e+00,0.000000e+00,0.000000e+00,0.000000e+00,0.000000e+00,0.000000e+00,0.000000e+00,0.000000e+00,0.000000e+00
1.000000e+00,0.000000e+00,0.000000e+00,0.000000e+00,0.000000e+00,0.000000e+00,0.000000e+00,0.000000e+00,0.000000e+00,0.000000e+00,0.000000e+00,0.000000e+00,0.000000e+00,0.000000e+00,0.000000e+00
1.000000e+00,0.000000e+00,0.000000e+00,0.000000e+00,0.000000e+00,0.000000e+00,0.000000e+00,0.000000e+00,0.000000e+00,0.000000e+00,0.000000e+00,0.000000e+00,0.000000e+00,0.000000e+00,0.000000e+00
1.000000e+00,0.000000e+00,0.000000e+00,0.000000e+00,0.000000e+00,0.000000e+00,0.000000e+00,0.000000e+00,0.000000e+00,0.000000e+00,0.000000e+00,0.000000e+00,0.000000e+00,0.000000e+00,0.000000e+00
1.000000e+00,0.000000e+00,0.000000e+00,0.000000e+00,0.000000e+00,0.000000e+00,0.000000e+00,0.000000e+00,0.000000e+00,0.000000e+00,0.000000e+00,0.000000e+00,0.000000e+00,0.000000e+00,0.000000e+00
1.000000e+00,0.000000e+00,0.000000e+00,0.000000e+00,0.000000e+00,0.000000e+00,0.000000e+00,0.000000e+00,0.000000e+00,0.000000e+00,0.000000e+00,0.000000e+00,0.000000e+00,0.000000e+00,0.000000e+00
1.000000e+00,0.000000e+00,0.000000e+00,0.000000e+00,0.000000e+00,0.000000e+00,0.000000e+00,0.000000e+00,0.000000e+00,0.000000e+00,0.000000e+00,0.000000e+00,0.000000e+00,0.000000e+00,0.000000e+00
1.000000e+00,0.000000e+00,0.000000e+00,0.000000e+00,0.000000e+00,0.000000e+00,0.000000e+00,0.000000e+00,0.000000e+00,0.000000e+00,0.000000e+00,0.000000e+00,0.000000e+00,0.000000e+00,0.000000e+00
1.000000e+00,0.000000e+00,0.000000e+00,0.000000e+00,0.000000e+00,0.000000e+00,0.000000e+00,0.000000e+00,0.000000e+00,0.000000e+00,0.000000e+00,0.000000e+00,0.000000e+00,0.000000e+00,0.000000e+00
1.000000e+00,0.000000e+00,0.000000e+00,0.000000e+00,0.000000e+00,0.000000e+00,0.000000e+00,0.000000e+00,0.000000e+00,0.000000e+00,0.000000e+00,0.000000e+00,0.000000e+00,0.000000e+00,0.000000e+00
1.000000e+00,0.000000e+00,0.000000e+00,0.000000e+00,0.000000e+00,0.000000e+00,0.000000e+00,0.000000e+00,0.000000e+00,0.000000e+00,0.000000e+00,0.000000e+00,0.000000e+00,0.000000e+00,0.000000e+00
1.000000e+00,0.000000e+00,0.000000e+00,0.000000e+00,0.000000e+00,0.000000e+00,0.000000e+00,0.000000e+00,0.000000e+00,0.000000e+00,0.000000e+00,0.000000e+00,0.000000e+00,0.000000e+00,0.000000e+00
1.000000e+00,0.000000e+00,0.000000e+00,0.000000e+00,0.000000e+00,0.000000e+00,0.000000e+00,0.000000e+00,0.000000e+00,0.000000e+00,0.000000e+00,0.000000e+00,0.000000e+00,0.000000e+00,0.000000e+00
1.000000e+00,0.000000e+00,0.000000e+00,0.000000e+00,0.000000e+00,0.000000e+00,0.000000e+00,0.000000e+00,0.000000e+00,0.000000e+00,0.000000e+00,0.000000e+00,0.000000e+00,0.000000e+00,0.000000e+00
1.000000e+00,0.000000e+00,0.000000e+00,0.000000e+00,0.000000e+00,0.000000e+00,0.000000e+00,0.000000e+00,0.000000e+00,0.000000e+00,0.000000e+00,0.000000e+00,0.000000e+00,0.000000e+00,0.000000e+00
1.000000e+00,0.000000e+00,0.000000e+00,0.000000e+00,0.000000e+00,0.000000e+00,0.000000e+00,0.000000e+00,0.000000e+00,0.000000e+00,0.000000e+00,0.000000e+00,0.000000e+00,0.000000e+00,0.000000e+00
1.000000e+00,0.000000e+00,0.000000e+00,0.000000e+00,0.000000e+00,0.000000e+00,0.000000e+00,0.000000e+00,0.000000e+00,0.000000e+00,0.000000e+00,0.000000e+00,0.000000e+00,0.000000e+00,0.000000e+00
1.000000e+00,0.000000e+00,0.000000e+00,0.000000e+00,0.000000e+00,0.000000e+00,0.000000e+00,0.000000e+00,0.000000e+00,0.000000e+00,0.000000e+00,0.000000e+00,0.000000e+00,0.000000e+00,0.000000e+00
1.000000e+00,0.000000e+00,0.000000e+00,0.000000e+00,0.000000e+00,0.000000e+00,0.000000e+00,0.000000e+00,0.000000e+00,0.000000e+00,0.000000e+00,0.000000e+00,0.000000e+00,0.000000e+00,0.000000e+00
1.000000e+00,0.000000e+00,0.000000e+00,0.000000e+00,0.000000e+00,0.000000e+00,0.000000e+00,0.000000e+00,0.000000e+00,0.000000e+00,0.000000e+00,0.000000e+00,0.000000e+00,0.000000e+00,0.000000e+00
1.000000e+00,0.000000e+00,0.000000e+00,0.000000e+00,0.000000e+00,0.000000e+00,0.000000e+00,0.000000e+00,0.000000e+00,0.000000e+00,0.000000e+00,0.000000e+00,0.000000e+00,0.000000e+00,0.000000e+00
1.000000e+00,0.000000e+00,0.000000e+00,0.000000e+00,0.000000e+00,0.000000e+00,0.000000e+00,0.000000e+00,0.000000e+00,0.000000e+00,0.000000e+00,0.000000e+00,0.000000e+00,0.000000e+00,0.000000e+00
1.000000e+00,0.000000e+00,0.000000e+00,0.000000e+00,0.000000e+00,0.000000e+00,0.000000e+00,0.000000e+00,0.000000e+00,0.000000e+00,0.000000e+00,0.000000e+00,0.000000e+00,0.000000e+00,0.000000e+00
1.000000e+00,0.000000e+00,0.000000e+00,0.000000e+00,0.000000e+00,0.000000e+00,0.000000e+00,0.000000e+00,0.000000e+00,0.000000e+00,0.000000e+00,0.000000e+00,0.000000e+00,0.000000e+00,0.000000e+00
1.000000e+00,0.000000e+00,0.000000e+00,0.000000e+00,0.000000e+00,0.000000e+00,0.000000e+00,0.000000e+00,0.000000e+00,0.000000e+00,0.000000e+00,0.000000e+00,0.000000e+00,0.000000e+00,0.000000e+00
1.000000e+00,0.000000e+00,0.000000e+00,0.000000e+00,0.000000e+00,0.000000e+00,0.000000e+00,0.000000e+00,0.000000e+00,0.000000e+00,0.000000e+00,0.000000e+00,0.000000e+00,0.000000e+00,0.000000e+00
1.000000e+00,0.000000e+00,0.000000e+00,0.000000e+00,0.000000e+00,0.000000e+00,0.000000e+00,0.000000e+00,0.000000e+00,0.000000e+00,0.000000e+00,0.000000e+00,0.000000e+00,0.000000e+00,0.000000e+00
1.000000e+00,0.000000e+00,0.000000e+00,0.000000e+00,0.000000e+00,0.000000e+00,0.000000e+00,0.000000e+00,0.000000e+00,0.000000e+00,0.000000e+00,0.000000e+00,0.000000e+00,0.000000e+00,0.000000e+00
1.000000e+00,0.000000e+00,0.000000e+00,0.000000e+00,0.000000e+00,0.000000e+00,0.000000e+00,0.000000e+00,0.000000e+00,0.000000e+00,0.000000e+00,0.000000e+00,0.000000e+00,0.000000e+00,0.000000e+00
1.000000e+00,0.000000e+00,0.000000e+00,0.000000e+00,0.000000e+00,0.000000e+00,0.000000e+00,0.000000e+00,0.000000e+00,0.000000e+00,0.000000e+00,0.000000e+00,0.000000e+00,0.000000e+00,0.000000e+00
1.000000e+00,0.000000e+00,0.000000e+00,0.000000e+00,0.000000e+00,0.000000e+00,0.000000e+00,0.000000e+00,0.000000e+00,0.000000e+00,0.000000e+00,0.000000e+00,0.000000e+00,0.000000e+00,0.000000e+00
1.000000e+00,0.000000e+00,0.000000e+00,0.000000e+00,0.000000e+00,0.000000e+00,0.000000e+00,0.000000e+00,0.000000e+00,0.000000e+00,0.000000e+00,0.000000e+00,0.000000e+00,0.000000e+00,0.000000e+00
1.000000e+00,0.000000e+00,0.000000e+00,0.000000e+00,0.000000e+00,0.000000e+00,0.000000e+00,0.000000e+00,0.000000e+00,0.000000e+00,0.000000e+00,0.000000e+00,0.000000e+00,0.000000e+00,0.000000e+00
4.417204e-01,1.771907e-02,2.455090e-01,5.684889e-02,5.694243e-03,4.063066e-02,2.181873e-02,8.188861e-02,5.881002e-03,1.779345e-03,7.939354e-03,2.816903e-02,2.630840e-02,2.152978e-03,1.594025e-02
3.388700e-01,1.301248e-02,3.190699e-01,5.307738e-02,4.698511e-03,3.076796e-02,2.187182e-02,1.545008e-01,4.241361e-03,1.309850e-03,5.866453e-03,2.047414e-02,1.923540e-02,1.627372e-03,1.137653e-02
2.704635e-01,9.303655e-03,3.266999e-01,4.656994e-02,3.606130e-03,2.238171e-02,2.072188e-02,2.537665e-01,3.063121e-03,9.588453e-04,4.300196e-03,1.471813e-02,1.400785e-02,1.286652e-03,8.152024e-03
2.473613e-01,6.809311e-03,3.383829e-01,3.885832e-02,3.046696e-03,1.774791e-02,2.417098e-02,2.888896e-01,2.313235e-03,7.540887e-04,3.224964e-03,1.077713e-02,1.037991e-02,1.108938e-03,6.174611e-03
2.223813e-01,4.992705e-03,3.425934e-01,3.493556e-02,2.493681e-03,1.395932e-02,2.173039e-02,3.309565e-01,1.743846e-03,5.885203e-04,2.412908e-03,8.017794e-03,7.675280e-03,8.857581e-04,4.633137e-03
1.898689e-01,3.702103e-03,3.394816e-01,3.408104e-02,1.979048e-03,1.067425e-02,1.665378e-02,3.839741e-01,1.361472e-03,4.782591e-04,1.842168e-03,5.971917e-03,5.784538e-03,7.114411e-04,3.435455e-03
1.544865e-01,2.762992e-03,3.201771e-01,3.866675e-02,1.674121e-03,8.541476e-03,1.310468e-02,4.450538e-01,1.131022e-03,4.935622e-04,1.469693e-03,4.592194e-03,4.623834e-03,6.263002e-04,2.595926e-03
1.244113e-01,2.542578e-03,2.405347e-01,3.212120e-02,2.103755e-03,9.582890e-03,1.246773e-02,5.576172e-01,1.366062e-03,6.951201e-04,2.440415e-03,4.204646e-03,4.307318e-03,1.147473e-03,4.457654e-03
9.805976e-02,3.861601e-03,1.760097e-01,2.615212e-02,3.930733e-03,1.212846e-02,9.686955e-03,5.771077e-01,9.122977e-03,1.566381e-02,1.988705e-02,6.394485e-03,2.140320e-02,4.685063e-03,1.590639e-02
7.027811e-02,3.114795e-03,1.249641e-01,1.982937e-02,3.366794e-03,9.304542e-03,6.988346e-03,4.483562e-01,1.126790e-02,1.874734e-01,3.584664e-02,9.131789e-03,4.508450e-02,7.765364e-03,1.722816e-02
4.960778e-02,2.651760e-03,8.761338e-02,1.427264e-02,2.509540e-03,6.716842e-03,5.000522e-03,3.177137e-01,1.961061e-02,3.623969e-01,3.016837e-02,1.155662e-02,5.827553e-02,1.144698e-02,2.045880e-02
3.491434e-02,2.172603e-03,6.159590e-02,1.055526e-02,1.923580e-03,4.908159e-03,3.577430e-03,2.245062e-01,2.313143e-02,4.983198e-01,2.367193e-02,1.155632e-02,6.774577e-02,1.220274e-02,1.921855e-02
2.468841e-02,1.695012e-03,4.316432e-02,8.154664e-03,1.771154e-03,3.980025e-03,2.650411e-03,1.581744e-01,3.474068e-02,6.038264e-01,2.841681e-02,1.364804e-02,4.886048e-02,1.109128e-02,1.513789e-02
1.766854e-02,1.393678e-03,3.037764e-02,6.755050e-03,1.585591e-03,3.567158e-03,1.951363e-03,1.108917e-01,2.549324e-02,6.238557e-01,6.623124e-02,1.762477e-02,3.890722e-02,3.314133e-02,2.055569e-02
1.250678e-02,1.970529e-03,2.154114e-02,5.343216e-03,1.389040e-03,2.958427e-03,1.399780e-03,7.770151e-02,2.113269e-02,5.220100e-01,9.297689e-02,2.755682e-02,4.225836e-02,1.423647e-01,2.689016e-02
9.231734e-03,1.471157e-02,1.665739e-02,3.944420e-03,1.636569e-03,2.401674e-03,1.004409e-03,5.450751e-02,1.798431e-02,3.998382e-01,8.038530e-02,2.245006e-02,3.108574e-02,2.460856e-01,9.807551e-02
6.644665e-03,4.199678e-02,1.224799e-02,2.787520e-03,1.733672e-03,1.919165e-03,7.115445e-04,3.819168e-02,1.491740e-02,3.009973e-01,6.168301e-02,1.690545e-02,2.311480e-02,2.533510e-01,2.227981e-01
5.815633e-03,8.535939e-02,9.538987e-03,2.116165e-03,1.346031e-03,3.430272e-03,5.557121e-04,2.690640e-02,3.412509e-02,2.189997e-01,4.761015e-02,1.348403e-02,1.757327e-02,2.558133e-01,2.773258e-01
4.247159e-03,8.480310e-02,6.806815e-03,1.631310e-03,1.037946e-03,5.665336e-03,4.457865e-04,1.894468e-02,9.622550e-02,1.578157e-01,3.755205e-02,1.276614e-02,1.413496e-02,3.266555e-01,2.312681e-01
3.120110e-03,8.244604e-02,4.832505e-03,1.364787e-03,7.799531e-04,4.678984e-03,3.307641e-04,1.341459e-02,8.678433e-02,1.117750e-01,2.964675e-02,9.510619e-03,1.055539e-02,4.600252e-01,1.807350e-01
3.055037e-03,9.190030e-02,3.845504e-03,1.750922e-03,9.174908e-04,8.668141e-03,2.744530e-04,1.067113e-02,1.080329e-01,7.900237e-02,2.542276e-02,6.942266e-03,9.474626e-03,5.178843e-01,1.321578e-01
2.557293e-03,1.301381e-01,2.924065e-03,1.522322e-03,1.009232e-03,1.258004e-02,2.226935e-04,8.312630e-03,1.852458e-01,5.570025e-02,2.061715e-02,5.033594e-03,7.968551e-03,4.695194e-01,9.664882e-02
2.858263e-03,1.264449e-01,2.253135e-03,1.532228e-03,4.407044e-03,1.166477e-02,2.835873e-04,7.684541e-03,3.544964e-01,3.912347e-02,1.506700e-02,3.587556e-03,6.066402e-03,3.562119e-01,6.831882e-02
4.990826e-03,2.109848e-01,2.273985e-03,1.263382e-02,3.773018e-03,1.130475e-02,3.977221e-04,7.356014e-03,2.968719e-01,2.891522e-02,4.407370e-02,3.830183e-03,1.068236e-02,2.987247e-01,6.318695e-02
9.464329e-03,2.139305e-01,2.167866e-03,1.249219e-02,3.247914e-03,1.129343e-02,4.463154e-04,6.664479e-03,2.766520e-01,2.182884e-02,9.298413e-02,8.887747e-03,2.763824e-02,2.581883e-01,5.411366e-02
1.657912e-02,1.714497e-01,5.077295e-03,1.562269e-02,2.264884e-02,1.793543e-02,1.318958e-03,5.904268e-03,3.518074e-01,1.636576e-02,8.934334e-02,8.038666e-03,3.120305e-02,2.014935e-01,4.521202e-02
2.622507e-02,1.333181e-01,1.212911e-02,2.090072e-02,5.078614e-02,2.586203e-02,4.993097e-03,8.210856e-03,3.867305e-01,1.256891e-02,6.929927e-02,6.330099e-03,2.805393e-02,1.729831e-01,4.160903e-02
2.614582e-02,1.042997e-01,1.780600e-02,2.329806e-02,9.013347e-02,4.130423e-02,5.636794e-03,6.197093e-03,3.216691e-01,1.437186e-02,5.571432e-02,5.009303e-03,3.153713e-02,1.308609e-01,1.260162e-01
2.246358e-02,7.549107e-02,1.407623e-02,1.668937e-02,7.497701e-02,3.245289e-02,4.683024e-03,4.453722e-03,2.309671e-01,1.444340e-02,4.173585e-02,3.654350e-03,2.443736e-02,9.275620e-02,3.467188e-01
2.117866e-02,5.912876e-02,1.233665e-02,1.211871e-02,6.126180e-02,2.584423e-02,3.867127e-03,3.287092e-03,1.851171e-01,3.373476e-02,3.081655e-02,2.748457e-03,1.786017e-02,6.835185e-02,4.623480e-01
2.394323e-02,5.024908e-02,1.136256e-02,9.054781e-03,5.104251e-02,2.371376e-02,3.235151e-03,2.812054e-03,1.518311e-01,4.821358e-02,2.281710e-02,2.119442e-03,1.369308e-02,5.098891e-02,5.349237e-01
3.493856e-02,5.696992e-02,6.203900e-02,1.031325e-02,5.995591e-02,3.523828e-02,4.910693e-03,1.145895e-02,1.236737e-01,3.972225e-02,1.804935e-02,2.058373e-03,1.471830e-02,4.865444e-02,4.772990e-01
3.494688e-02,4.425974e-02,1.004579e-01,1.985755e-02,4.664185e-02,2.965048e-02,3.765943e-03,8.527972e-03,8.976214e-02,6.809360e-02,1.285326e-02,1.602249e-03,1.063257e-02,3.459016e-02,4.943577e-01
2.497350e-02,3.166438e-02,8.687792e-02,1.579060e-02,3.290264e-02,2.115392e-02,2.653006e-03,6.038474e-03,6.518940e-02,1.641206e-01,9.805580e-03,1.447123e-03,8.042816e-03,2.490675e-02,5.044333e-01
1.749479e-02,2.346508e-02,9.638426e-02,1.113064e-02,2.305230e-02,1.487594e-02,1.863379e-03,4.233446e-03,4.705856e-02,1.405624e-01,7.469460e-03,1.273451e-03,5.695064e-03,2.172164e-02,5.837196e-01
1.240655e-02,1.902174e-02,1.015579e-01,7.975398e-03,1.626897e-02,1.113199e-02,1.396370e-03,3.372615e-03,3.753313e-02,1.650323e-01,4.665506e-02,3.264900e-02,1.929720e-02,3.777694e-02,4.879249e-01
8.774264e-03,1.369593e-02,7.543305e-02,5.736457e-03,1.141195e-02,8.194516e-03,1.008218e-03,2.715274e-03,3.083371e-02,1.671158e-01,1.019898e-01,4.637037e-02,2.087754e-02,5.041450e-02,4.554286e-01
6.205209e-03,9.807719e-03,5.544990e-02,4.338405e-03,8.202306e-03,6.116887e-03,7.328492e-04,1.961744e-03,2.273927e-02,3.327744e-01,9.440376e-02,3.864883e-02,1.973850e-02,4.820716e-02,3.506731e-01
4.572179e-03,7.259385e-03,3.975371e-02,5.638936e-03,6.102980e-03,4.576642e-03,5.674340e-04,1.454736e-03,1.860934e-02,4.340363e-01,1.166652e-01,3.170865e-02,1.564687e-02,5.334082e-02,2.600669e-01
3.401301e-03,5.627146e-03,2.896751e-02,1.309949e-02,3.031134e-02,3.794916e-03,7.697240e-04,1.196456e-03,4.049299e-02,4.234396e-01,1.258891e-01,2.407286e-02,1.154238e-02,6.676012e-02,2.206351e-01
2.449712e-03,4.279551e-03,2.045109e-02,9.793251e-03,2.234465e-02,2.959046e-03,5.580605e-04,8.607429e-04,3.197204e-02,5.656698e-01,9.797724e-02,1.754245e-02,8.675320e-03,5.037890e-02,1.640881e-01
1.877579e-03,3.428106e-03,1.535746e-02,1.038971e-02,1.714383e-02,3.744742e-03,4.503575e-04,1.126495e-03,2.580678e-02,6.592020e-01,7.813075e-02,1.321335e-02,7.422184e-03,4.176668e-02,1.209401e-01
2.130765e-03,3.143441e-03,1.220568e-02,1.166268e-02,1.298783e-02,1.547436e-02,3.926128e-04,9.555705e-04,2.105408e-02,6.608868e-01,1.065021e-01,2.142010e-02,7.835864e-03,3.418470e-02,8.916353e-02
1.632795e-03,2.328893e-03,8.717823e-03,1.212987e-02,4.972742e-02,1.121832e-02,4.423756e-04,8.682967e-04,1.742022e-02,4.992155e-01,1.101561e-01,1.701451e-02,6.311281e-03,3.055350e-02,2.322631e-01
1.751122e-03,1.944943e-03,7.093794e-03,1.309983e-02,1.205424e-01,8.356562e-03,5.506265e-04,1.576788e-03,2.232823e-02,3.750374e-01,1.121859e-01,1.473188e-02,6.092074e-03,3.191417e-02,2.827943e-01
5.696027e-03,7.376895e-03,3.903601e-02,1.651836e-02,2.289589e-01,1.224211e-02,4.070384e-03,3.222321e-03,5.193862e-02,2.699607e-01,1.053181e-01,1.270347e-02,1.023538e-02,2.916559e-02,2.035571e-01
1.257684e-02,7.553044e-03,3.028503e-02,1.246044e-02,3.603950e-01,1.464426e-02,1.453117e-02,3.797450e-03,4.567762e-02,2.038453e-01,9.233929e-02,1.123539e-02,1.179894e-02,3.080816e-02,1.480520e-01
1.418745e-02,8.020604e-03,2.576091e-02,2.701461e-02,4.715661e-01,1.108143e-02,1.169717e-02,1.002471e-02,6.008807e-02,1.433600e-01,6.923836e-02,9.229670e-03,1.106911e-02,2.202850e-02,1.056333e-01
1.306690e-02,2.605770e-02,5.099867e-02,5.470369e-02,3.954251e-01,8.483453e-03,8.612810e-03,9.862268e-03,1.533659e-01,1.053334e-01,5.497853e-02,8.385717e-03,1.172464e-02,1.586692e-02,8.313437e-02
1.480536e-02,4.393982e-02,4.442683e-02,6.068411e-02,3.372970e-01,9.325994e-03,7.545547e-03,8.016414e-03,2.324545e-01,8.022874e-02,5.206635e-02,9.878013e-03,1.492653e-02,1.210211e-02,7.230279e-02
2.175426e-02,3.382339e-02,6.127590e-02,1.008713e-01,3.230740e-01,9.209978e-03,1.035912e-02,3.129021e-02,2.304761e-01,5.704004e-02,3.902264e-02,8.340238e-03,1.324951e-02,8.728351e-03,5.148498e-02
3.356772e-02,3.586831e-02,5.037665e-02,8.827310e-02,3.102118e-01,1.104142e-02,1.418002e-02,2.598793e-02,2.855395e-01,4.162226e-02,3.604084e-02,8.169999e-03,1.481587e-02,6.599275e-03,3.770533e-02
4.041506e-02,5.827752e-02,4.313994e-02,7.909154e-02,2.747442e-01,1.307143e-02,1.503437e-02,2.261517e-02,3.176578e-01,3.377470e-02,3.485296e-02,1.025837e-02,1.697760e-02,5.575724e-03,3.451367e-02
5.579145e-02,4.640977e-02,3.767721e-02,9.078050e-02,3.046293e-01,2.776451e-02,1.260501e-02,2.572075e-02,2.669922e-01,2.567927e-02,3.348468e-02,1.655865e-02,2.257093e-02,4.407486e-03,2.892832e-02
6.428077e-02,3.923631e-02,4.045764e-02,1.156287e-01,2.943840e-01,3.541200e-02,1.136508e-02,3.370777e-02,2.218544e-01,2.006142e-02,3.525564e-02,2.863199e-02,3.113429e-02,3.901815e-03,2.468823e-02
4.668347e-02,3.260122e-02,3.348835e-02,1.099155e-01,2.216412e-01,8.622521e-02,8.225960e-03,2.381723e-02,1.681793e-01,1.537274e-02,4.888273e-02,1.231485e-01,5.619268e-02,3.832385e-03,2.179351e-02
3.736290e-02,2.398391e-02,2.672159e-02,8.188616e-02,1.586516e-01,8.139884e-02,6.262452e-03,1.738331e-02,1.242197e-01,1.468455e-02,8.936198e-02,2.185818e-01,9.950754e-02,3.463692e-03,1.652998e-02
2.725434e-02,1.727017e-02,1.954283e-02,5.913137e-02,1.118320e-01,7.374663e-02,4.567968e-03,1.243563e-02,9.127694e-02,1.285568e-02,9.659498e-02,3.270628e-01,1.303744e-01,3.213288e-03,1.284090e-02
1.954327e-02,1.332256e-02,1.439254e-02,4.194378e-02,7.897006e-02,5.976415e-02,3.319896e-03,9.017158e-03,8.117028e-02,1.067174e-02,8.008873e-02,4.470231e-01,1.277250e-01,3.299041e-03,9.748753e-03
1.376504e-02,1.018596e-02,1.018816e-02,2.942607e-02,5.543756e-02,4.339500e-02,2.333737e-03,6.323452e-03,6.262909e-02,8.877249e-03,5.995512e-02,5.852191e-01,1.019866e-01,3.175107e-03,7.102715e-03
9.715226e-03,7.654713e-03,7.315932e-03,2.067289e-02,3.908094e-02,3.087641e-02,1.669838e-03,4.461073e-03,5.072714e-02,1.612012e-02,4.562857e-02,6.782959e-01,7.948665e-02,2.927890e-03,5.366760e-03
6.869835e-03,5.667592e-03,5.322000e-03,1.451100e-02,2.834391e-02,2.189428e-02,1.241369e-03,3.165237e-03,4.634463e-02,2.025423e-02,3.547985e-02,7.416179e-01,6.282269e-02,2.397603e-03,4.067842e-03
4.846442e-03,5.225036e-03,3.967520e-03,1.017284e-02,2.041806e-02,1.542727e-02,8.954834e-04,2.227092e-03,4.256706e-02,2.544479e-02,2.742462e-02,7.878798e-01,4.866061e-02,1.816205e-03,3.027137e-03
3.432546e-03,4.326883e-03,2.956701e-03,7.147115e-03,1.460929e-02,1.088727e-02,6.438990e-04,1.589259e-03,4.236414e-02,3.215514e-02,2.169360e-02,8.125432e-01,4.196291e-02,1.408241e-03,2.279830e-03
2.573911e-03,4.735570e-03,2.377986e-03,5.075951e-03,1.097536e-02,7.801990e-03,4.580686e-04,1.270026e-03,4.358865e-02,3.424261e-02,2.042476e-02,8.292440e-01,3.444864e-02,1.087185e-03,1.695256e-03
3.850035e-03,5.531518e-03,5.806006e-03,3.749892e-03,8.633836e-03,9.456324e-03,3.574808e-04,2.068350e-03,3.475769e-02,4.408642e-02,2.689080e-02,8.269050e-01,2.552674e-02,9.726476e-04,1.407313e-03
3.600900e-03,6.645910e-03,1.081357e-02,2.823243e-03,1.161618e-02,7.055831e-03,2.862610e-04,2.593954e-03,3.403333e-02,3.962223e-02,2.420493e-02,8.333498e-01,2.117927e-02,9.353459e-04,1.239202e-03
4.003261e-03,6.260933e-03,8.953130e-03,2.185401e-03,1.049752e-01,5.184144e-03,1.484245e-03,2.390493e-03,8.430416e-02,3.562132e-02,2.430758e-02,7.019671e-01,1.644021e-02,8.687224e-04,1.054186e-03
3.287528e-03,5.238005e-03,7.082278e-03,1.795242e-03,7.959736e-02,4.391016e-03,1.135105e-03,2.396188e-03,8.838142e-02,4.169873e-02,2.683277e-02,7.150410e-01,2.121950e-02,1.033792e-03,8.700811e-04
2.842780e-03,4.519786e-03,5.600881e-03,1.471543e-03,5.863422e-02,3.377268e-03,8.362096e-04,2.523296e-03,9.993335e-02,4.282898e-02,3.159569e-02,7.215583e-01,2.242211e-02,1.152066e-03,7.035418e-04
3.099202e-03,3.849099e-03,4.351754e-03,1.237788e-03,4.228916e-02,2.612350e-03,6.321428e-04,3.084247e-03,1.303526e-01,4.289269e-02,4.076260e-02,7.032354e-01,1.918906e-02,1.664598e-03,7.473772e-04
3.139672e-03,3.412005e-03,3.625388e-03,1.112309e-03,3.016974e-02,1.925499e-03,4.709082e-04,3.838104e-03,1.240747e-01,3.868826e-02,4.800027e-02,7.236980e-01,1.559608e-02,1.604288e-03,6.447688e-04
7.312820e-03,5.251219e-03,5.440465e-03,1.257417e-03,2.403869e-02,1.901484e-03,4.804046e-04,5.680679e-03,1.500336e-01,4.061856e-02,5.178726e-02,6.898502e-01,1.270264e-02,2.910264e-03,7.342580e-04
7.907734e-03,4.584176e-03,4.634481e-03,9.993250e-04,1.941786e-02,1.620903e-03,5.184271e-04,5.930149e-03,1.351143e-01,5.306248e-02,7.262088e-02,6.792790e-01,9.722643e-03,3.882400e-03,7.052525e-04
1.201043e-02,4.138800e-03,5.832584e-03,9.570806e-04,1.966470e-02,3.211269e-03,2.354316e-03,1.180784e-02,1.084089e-01,8.089470e-02,1.389810e-01,5.976367e-01,7.621652e-03,5.602695e-03,8.773668e-04
2.311170e-02,1.557037e-02,9.828842e-03,9.535709e-04,2.399786e-02,5.195441e-03,5.197966e-03,2.011453e-02,1.200420e-01,8.665735e-02,1.576213e-01,5.157743e-01,6.093804e-03,8.447697e-03,1.393335e-03
1.976734e-02,1.673023e-02,1.023560e-02,8.701166e-04,3.927062e-02,5.028679e-03,5.746899e-03,2.226257e-02,1.939493e-01,9.260550e-02,1.522326e-01,4.253738e-01,4.719248e-03,9.971209e-03,1.236377e-03
1.595457e-02,2.257198e-02,1.803168e-02,1.010088e-03,3.335913e-02,4.843316e-03,4.420177e-03,2.375217e-02,1.583295e-01,2.166187e-01,1.348551e-01,3.280005e-01,3.676434e-03,3.338877e-02,1.187965e-03
1.409846e-02,2.954026e-02,4.051112e-02,1.263130e-03,4.399622e-02,4.945382e-03,3.564902e-03,3.071851e-02,1.812175e-01,1.982883e-01,1.366157e-01,2.561935e-01,3.326460e-03,5.412500e-02,1.595627e-03
1.331713e-02,3.097755e-02,6.914479e-02,2.518397e-03,6.586795e-02,4.937042e-03,2.985416e-03,4.941363e-02,1.671129e-01,2.217877e-01,1.147616e-01,1.939456e-01,3.611267e-03,5.813131e-02,1.487648e-03
2.991963e-02,3.203470e-02,6.761391e-02,3.107440e-03,6.380157e-02,5.138713e-03,2.988794e-03,5.977426e-02,1.601796e-01,2.081117e-01,9.630378e-02,1.403044e-01,3.099797e-03,1.256603e-01,1.961388e-03
6.889009e-02,2.999811e-02,6.315923e-02,4.565378e-03,6.739444e-02,5.706478e-03,2.657518e-03,6.016264e-02,1.590327e-01,1.796656e-01,1.021597e-01,1.105287e-01,3.195643e-03,1.392009e-01,3.682924e-03
1.031890e-01,2.414687e-02,5.200845e-02,6.024683e-03,7.293741e-02,5.342948e-03,2.365906e-03,1.054380e-01,1.620570e-01,1.443853e-01,8.159388e-02,8.436773e-02,3.011359e-03,1.492855e-01,3.846034e-03
1.088331e-01,1.930421e-02,4.062620e-02,4.938818e-03,6.146781e-02,4.843692e-03,1.943949e-03,9.880181e-02,1.595884e-01,1.050479e-01,7.966524e-02,6.224782e-02,2.442422e-03,2.450810e-01,5.167745e-03
1.148211e-01,1.797311e-02,3.264586e-02,4.204790e-03,5.478803e-02,5.260646e-03,1.584470e-03,9.023572e-02,1.956305e-01,7.947956e-02,7.394227e-02,4.837212e-02,2.381769e-03,2.733678e-01,5.312263e-03
9.504237e-02,1.903438e-02,2.516300e-02,3.334186e-03,4.591525e-02,4.602444e-03,1.208084e-03,7.301582e-02,1.581939e-01,7.135940e-02,6.119413e-02,3.446872e-02,2.014924e-03,3.996395e-01,5.813875e-03
9.128752e-02,2.011962e-02,2.368372e-02,3.036554e-03,4.546209e-02,3.804514e-03,1.033532e-03,6.188478e-02,1.521436e-01,6.477073e-02,6.858885e-02,2.754740e-02,1.694772e-03,4.287432e-01,6.199100e-03
9.476238e-02,2.003895e-02,2.730169e-02,7.134736e-03,4.406235e-02,3.589872e-03,9.408864e-04,5.816720e-02,1.293049e-01,6.365043e-02,1.599502e-01,3.223876e-02,2.318716e-03,3.495736e-01,6.965312e-03
1.455994e-01,1.680302e-02,2.464933e-02,6.044188e-03,4.238854e-02,6.083475e-03,1.113903e-03,4.605168e-02,1.047015e-01,5.982618e-02,1.808840e-01,2.416283e-02,2.525745e-03,3.325319e-01,6.634272e-03
1.291159e-01,1.514608e-02,2.345102e-02,4.968383e-03,3.469924e-02,7.347426e-03,9.517206e-04,3.336601e-02,8.695450e-02,5.564170e-02,2.465561e-01,2.031409e-02,2.492051e-03,3.298401e-01,9.155668e-03
9.281218e-02,1.123317e-02,1.796371e-02,3.767229e-03,2.535913e-02,6.231848e-03,6.957648e-04,2.344778e-02,6.392628e-02,4.056379e-02,3.607967e-01,1.990381e-02,2.096442e-03,3.234087e-01,7.793551e-03
6.930299e-02,8.325468e-03,1.401735e-02,3.137110e-03,1.903278e-02,5.651519e-03,5.185676e-04,1.656027e-02,4.788477e-02,3.034004e-02,4.430332e-01,2.292175e-02,2.250724e-03,3.109589e-01,6.064691e-03
5.003373e-02,6.508170e-03,1.051215e-02,2.553531e-03,1.374957e-02,4.616158e-03,4.070204e-04,1.169811e-02,3.588841e-02,2.393116e-02,4.189450e-01,2.012476e-02,1.926379e-03,3.942509e-01,4.855058e-03
3.660148e-02,5.372380e-03,8.344540e-03,2.398417e-03,1.024905e-02,3.754917e-03,3.338209e-04,8.378994e-03,3.005959e-02,1.830568e-02,4.699979e-01,1.618116e-02,1.709588e-03,3.845004e-01,3.812206e-03
2.975129e-02,5.135251e-03,8.119003e-03,3.442108e-03,1.047912e-02,4.532456e-03,4.137857e-04,6.124986e-03,2.772676e-02,5.994261e-02,4.669508e-01,1.561817e-02,2.797741e-03,3.509360e-01,8.029977e-03
2.562390e-02,5.849827e-03,6.373967e-03,2.795693e-03,8.500230e-03,6.128244e-03,6.995865e-04,4.805406e-03,2.617624e-02,6.475720e-02,3.886393e-01,1.380104e-02,2.380880e-03,4.351135e-01,8.355033e-03
2.038581e-02,1.095597e-02,6.725977e-03,2.180208e-03,6.566428e-03,4.968357e-03,7.347887e-04,3.486251e-03,2.477814e-02,6.600502e-02,3.388187e-01,1.229957e-02,1.926016e-03,4.918758e-01,8.292980e-03
1.724534e-02,1.339249e-02,9.324698e-03,2.001120e-03,5.140125e-03,4.352009e-03,8.320499e-04,2.837499e-03,3.212714e-02,5.869962e-02,3.049283e-01,9.914677e-03,1.702415e-03,5.302877e-01,7.214778e-03
1.276286e-02,1.403119e-02,7.291942e-03,1.859734e-03,4.041612e-03,6.873772e-03,6.248243e-04,2.073875e-03,2.689689e-02,4.539756e-02,3.081043e-01,1.284840e-02,1.585553e-03,5.494096e-01,6.197868e-03
1.102757e-02,1.698340e-02,6.729214e-03,4.099932e-03,3.712566e-03,9.053843e-03,5.092237e-04,1.755191e-03,2.899540e-02,3.477693e-02,3.603421e-01,1.342625e-02,2.382014e-03,4.998878e-01,6.318646e-03
8.167550e-03,2.620177e-02,6.362311e-03,3.993402e-03,2.828054e-03,4.158921e-02,3.890004e-04,1.403932e-03,6.729908e-02,2.712766e-02,3.008086e-01,1.217489e-02,2.557859e-03,4.922358e-01,6.860855e-03
8.688807e-03,3.587794e-02,7.593381e-03,6.386639e-03,2.467983e-03,4.659906e-02,5.503601e-04,1.339599e-03,1.301904e-01,2.613296e-02,2.575558e-01,1.216210e-02,3.686414e-03,4.530707e-01,7.697789e-03
7.246336e-03,4.753029e-02,6.317545e-03,5.110755e-03,2.141714e-03,3.714439e-02,4.868657e-04,1.124097e-03,1.554953e-01,2.497135e-02,2.311483e-01,1.122496e-02,3.315992e-03,4.594016e-01,7.340455e-03
2.683703e-02,4.555317e-02,1.743326e-02,1.126961e-02,4.808352e-03,3.516496e-02,9.643967e-04,2.004071e-03,2.115090e-01,2.919885e-02,1.954752e-01,9.762953e-03,4.963488e-03,3.967569e-01,8.298710e-03
4.211302e-02,3.920436e-02,2.293404e-02,3.761266e-02,6.362629e-03,3.173570e-02,1.131824e-03,5.470698e-03,2.185016e-01,2.804473e-02,1.774220e-01,9.934460e-03,8.015998e-03,3.624611e-01,9.055130e-03
3.880636e-02,3.470629e-02,2.948394e-02,3.029684e-02,9.174818e-03,2.531057e-02,1.046049e-03,5.566260e-03,1.996879e-01,2.753131e-02,1.496177e-01,9.180294e-03,8.172891e-03,4.048340e-01,2.658472e-02
5.651410e-02,3.497434e-02,4.685271e-02,3.069790e-02,1.190357e-02,4.069418e-02,2.013563e-03,7.696374e-03,2.053310e-01,2.577259e-02,1.179196e-01,7.101273e-03,8.103134e-03,3.519818e-01,5.244391e-02
5.846329e-02,2.928927e-02,1.916184e-01,4.590011e-02,1.220107e-02,3.966238e-02,2.792333e-03,1.248483e-02,1.645242e-01,1.975393e-02,8.917132e-02,5.255457e-03,7.119020e-03,2.809882e-01,4.077623e-02
5.775172e-02,2.586829e-02,2.572281e-01,5.827916e-02,1.225228e-02,3.321973e-02,2.379479e-03,1.289212e-02,1.378265e-01,1.500899e-02,7.031012e-02,3.887748e-03,5.726455e-03,2.768689e-01,3.050048e-02
4.925957e-02,2.336256e-02,2.527976e-01,6.731856e-02,1.181344e-02,2.715993e-02,1.997106e-03,1.611778e-02,1.062614e-01,1.112896e-02,5.214803e-02,2.783014e-03,4.348442e-03,3.512509e-01,2.225274e-02
4.615079e-02,2.073417e-02,2.083131e-01,5.686127e-02,1.068910e-02,2.296958e-02,1.635661e-03,1.297053e-02,9.834399e-02,9.879787e-03,3.860119e-02,2.045167e-03,3.381279e-03,4.490982e-01,1.832612e-02
4.983652e-02,1.811218e-02,1.621192e-01,5.131186e-02,1.079204e-02,2.362259e-02,1.458960e-03,1.110781e-02,1.095109e-01,9.281557e-03,3.152958e-02,1.606329e-03,2.920489e-03,4.997585e-01,1.703144e-02
7.380903e-02,1.895855e-02,1.581043e-01,4.479516e-02,1.112375e-02,2.795465e-02,1.587344e-03,1.262932e-02,1.379716e-01,1.430950e-02,2.604234e-02,1.825161e-03,2.968471e-03,4.408637e-01,2.705717e-02
8.618797e-02,3.312670e-02,1.212440e-01,3.580128e-02,1.576655e-02,2.260744e-02,1.547972e-03,1.435525e-02,1.591527e-01,1.909053e-02,2.436114e-02,2.529431e-03,4.612809e-03,4.325827e-01,2.703359e-02
8.902989e-02,6.885882e-02,1.006224e-01,3.010294e-02,1.991703e-02,2.102809e-02,1.729929e-03,1.601926e-02,1.440945e-01,2.291661e-02,2.220146e-02,2.529806e-03,5.843337e-03,4.149730e-01,4.013296e-02
8.508724e-02,8.449686e-02,9.638496e-02,3.596522e-02,1.638296e-02,2.333057e-02,1.624236e-03,1.394369e-02,1.258269e-01,1.060818e-01,2.788211e-02,6.876440e-03,7.979129e-03,3.047740e-01,6.336387e-02
6.919736e-02,7.273488e-02,8.209876e-02,3.087901e-02,1.230898e-02,2.385603e-02,1.283690e-03,1.030242e-02,1.018643e-01,1.048683e-01,3.641330e-02,1.126869e-02,1.079580e-02,2.318462e-01,2.002822e-01
6.205648e-02,7.440896e-02,1.144526e-01,3.598078e-02,1.000423e-02,2.021877e-02,1.017002e-03,7.912368e-03,9.579977e-02,1.138984e-01,7.811473e-02,1.647092e-02,1.922543e-02,1.863178e-01,1.641217e-01
4.630324e-02,5.853607e-02,1.029117e-01,2.858287e-02,7.314445e-03,1.585179e-02,7.284479e-04,5.748067e-03,8.495845e-02,1.036524e-01,1.118291e-01,1.503652e-02,1.722260e-02,2.816480e-01,1.196763e-01
3.448824e-02,4.693840e-02,8.087258e-02,2.129037e-02,5.356673e-03,1.229931e-02,5.197187e-04,4.127029e-03,7.595778e-02,9.405078e-02,1.184330e-01,1.165092e-02,1.327220e-02,3.899332e-01,9.080987e-02
2.830305e-02,4.362918e-02,1.615200e-01,3.798684e-02,4.613750e-03,1.271754e-02,4.994734e-04,3.577838e-03,9.694552e-02,7.224934e-02,1.202793e-01,9.919195e-03,1.013221e-02,3.293701e-01,6.825671e-02
2.277121e-02,3.453588e-02,1.535030e-01,3.096609e-02,3.775676e-03,1.008737e-02,4.049003e-04,2.726211e-03,1.246892e-01,5.929071e-02,1.294107e-01,7.540362e-03,7.613807e-03,3.542646e-01,5.842031e-02
1.872059e-02,4.033193e-02,1.221806e-01,2.568214e-02,5.331409e-03,8.451829e-03,4.737963e-04,2.196210e-03,1.711909e-01,4.502563e-02,1.128144e-01,5.829737e-03,6.339926e-03,3.560597e-01,7.937117e-02
1.444006e-02,3.263289e-02,8.771358e-02,1.824639e-02,7.232422e-03,6.585582e-03,3.792244e-04,1.606762e-03,2.341354e-01,3.491323e-02,8.639129e-02,4.174166e-03,4.967126e-03,3.651099e-01,1.014720e-01
1.232098e-02,2.456061e-02,6.298983e-02,1.285473e-02,1.109488e-02,5.112578e-03,2.851077e-04,1.185069e-03,2.453112e-01,2.753225e-02,7.700292e-02,3.008690e-03,4.150743e-03,4.114452e-01,1.011453e-01
1.162814e-02,2.225706e-02,5.400686e-02,9.400541e-03,8.840966e-03,5.825851e-03,2.667165e-04,1.055473e-03,2.458484e-01,2.355843e-02,5.608756e-02,2.185423e-03,3.622544e-03,4.676214e-01,8.779471e-02
1.268519e-02,1.687580e-02,3.981587e-02,6.696306e-03,6.573266e-03,5.017860e-03,2.030934e-04,8.009548e-04,1.933705e-01,1.861848e-02,4.229240e-02,1.581995e-03,2.739685e-03,5.595436e-01,9.318507e-02
1.351002e-02,1.411275e-02,3.347790e-02,6.703817e-03,5.654836e-03,5.094013e-03,2.291352e-04,1.134714e-03,2.201827e-01,1.536674e-02,3.207736e-02,1.241375e-03,2.477228e-03,5.746424e-01,7.409503e-02
1.420734e-02,1.068786e-02,2.474292e-02,5.253579e-03,4.591935e-03,4.327878e-03,1.754228e-04,8.807355e-04,2.364640e-01,1.207499e-02,2.521401e-02,9.147099e-04,2.110066e-03,5.890084e-01,6.934625e-02
1.573062e-02,8.936978e-03,2.944262e-02,5.637894e-03,6.978916e-03,3.568489e-03,1.895816e-04,4.200912e-03,2.745115e-01,9.205416e-03,2.079223e-02,7.175109e-04,1.996280e-03,5.623137e-01,5.577744e-02
1.895858e-02,1.482346e-02,3.315370e-02,5.707519e-03,1.020563e-02,3.326306e-03,1.655142e-04,9.183789e-03,3.144595e-01,8.592675e-03,1.627239e-02,5.535963e-04,1.786620e-03,5.155256e-01,4.728509e-02
1.937373e-02,1.502200e-02,1.049606e-01,5.639096e-02,2.112405e-02,2.691880e-03,2.225096e-04,1.870835e-02,2.996209e-01,9.068226e-03,1.463941e-02,4.783819e-04,1.962734e-03,3.962515e-01,3.948482e-02
2.613260e-02,1.592729e-02,9.682968e-02,5.363156e-02,4.336537e-02,3.495160e-03,1.953616e-04,1.980004e-02,3.323521e-01,1.333619e-02,1.326928e-02,6.277356e-04,2.373652e-03,3.256222e-01,5.304177e-02
3.558989e-02,1.572645e-02,9.030883e-02,6.965187e-02,9.969001e-02,4.459648e-03,2.700055e-04,4.338317e-02,3.113726e-01,1.101769e-02,1.096019e-02,1.094490e-03,2.374403e-03,2.625254e-01,4.157535e-02
5.520098e-02,1.527162e-02,7.966172e-02,6.417404e-02,1.431154e-01,4.827486e-03,2.927535e-04,5.510192e-02,3.041286e-01,9.815793e-03,9.962738e-03,1.082595e-03,2.041118e-03,2.225643e-01,3.275890e-02
5.765440e-02,1.356456e-02,6.423555e-02,1.183801e-01,2.150266e-01,5.005779e-03,3.255138e-04,7.203192e-02,2.544509e-01,7.463686e-03,7.353283e-03,8.423449e-04,1.538133e-03,1.583480e-01,2.377919e-02
6.676114e-02,1.245962e-02,5.798507e-02,2.017511e-01,1.914446e-01,4.321635e-03,2.475621e-04,6.174038e-02,2.443173e-01,7.346172e-03,6.043340e-03,7.342474e-04,1.171921e-03,1.164924e-01,2.718357e-02
6.977829e-02,1.334580e-02,9.588984e-02,2.596453e-01,1.695163e-01,3.937124e-03,2.351679e-04,5.665304e-02,2.038162e-01,8.171923e-03,4.793391e-03,7.753622e-04,9.131281e-04,8.607902e-02,2.645008e-02
8.370030e-02,1.288780e-02,1.303569e-01,2.329120e-01,1.479765e-01,4.057166e-03,3.183598e-04,5.395916e-02,2.133675e-01,1.059080e-02,5.033717e-03,8.144935e-04,7.231513e-04,7.805248e-02,2.524964e-02
9.422587e-02,1.270007e-02,1.497970e-01,1.926313e-01,1.314738e-01,4.580955e-03,3.807905e-04,4.850356e-02,2.451808e-01,1.458375e-02,4.545279e-03,1.035650e-03,7.010107e-04,6.023000e-02,3.943000e-02
7.277501e-02,1.527542e-02,1.501147e-01,1.499179e-01,9.444182e-02,4.197781e-03,3.391787e-04,3.490000e-02,2.091076e-01,3.129708e-02,4.173572e-03,1.043488e-03,8.001531e-04,5.041348e-02,1.812027e-01
5.589129e-02,1.501752e-02,1.538847e-01,1.076124e-01,6.718551e-02,3.820538e-03,3.491230e-04,2.471384e-02,1.816377e-01,6.726220e-02,4.248003e-03,9.879948e-04,7.509802e-04,7.534984e-02,2.412884e-01
