1.000000e+00,0.000000e+00,0.000000e+00,0.000000e+00,0.000000e+00,0.000000e+00,0.000000e+00,0.000000e+00,0.000000e+00,0.000000e+00,0.000000e+00,0.000000e+00,0.000000e+00,0.000000e+00,0.000000e+00
1.000000e+00,0.000000e+00,0.000000e+00,0.000000e+00,0.000000e+00,0.000000e+00,0.000000e+00,0.000000e+00,0.000000e+00,0.000000e+00,0.000000e+00,0.000000e+00,0.000000e+00,0.000000e+00,0.000000e+00
1.000000e+00,0.000000e+00,0.000000e+00,0.000000e+00,0.000000e+00,0.000000e+00,0.000000e+00,0.000000e+00,0.000000e+00,0.000000e+00,0.000000e+00,0.000000e+00,0.000000e+00,0.000000e+00,0.000000e+00
1.000000e+00,0.000000e+00,0.000000e+00,0.000000e+00,0.000000e+00,0.000000e+00,0.000000e+00,0.000000e+00,0.000000e+00,0.000000e+00,0.000000e+00,0.000000e+00,0.000000e+00,0.000000e+00,0.000000e+00
1.000000e+00,0.000000e+00,0.000000e+00,0.000000e+00,0.000000e+00,0.000000e+00,0.000000e+00,0.000000e+00,0.000000e+00,0.000000e+00,0.000000e+00,0.000000e+00,0.000000e+00,0.000000e+00,0.000000e+00
1.000000e+00,0.000000e+00,0.000000e+00,0.000000e+00,0.000000e+00,0.000000e+00,0.000000e+00,0.000000e+00,0.000000e+00,0.000000e+00,0.000000e+00,0.000000e+00,0.000000e+00,0.000000e+00,0.000000e+00
1.000000e+00,0.000000e+00,0.000000e+00,0.000000e+00,0.000000e+00,0.000000e+00,0.000000e+00,0.000000e+00,0.000000e+00,0.000000e+00,0.000000e+00,0.000000e+00,0.000000e+00,0.000000e+00,0.000000e+00
1.000000e+00,0.000000e+00,0.000000e+00,0.000000e+00,0.000000e+00,0.000000e+00,0.000000e+00,0.000000e+00,0.000000e+00,0.000000e+00,0.000000e+00,0.000000e+00,0.000000e+00,0.000000e+00,0.000000e+00
1.000000e+00,0.000000e+00,0.000000e+00,0.000000e+00,0.000000e+00,0.000000e+00,0.000000e+00,0.000000e+00,0.000000e+00,0.000000e+00,0.000000e+00,0.000000e+00,0.000000e+00,0.000000e+00,0.000000e+00
1.000000e+00,0.000000e+00,0.000000e+00,0.000000e+00,0.000000e+00,0.000000e+00,0.000000e+00,0.000000e+00,0.000000e+00,0.000000e+00,0.000000e+00,0.000000e+00,0.000000e+00,0.000000e+00,0.000000e+00
1.000000e+00,0.000000e+00,0.000000e+00,0.000000e+00,0.000000e+00,0.000000e+00,0.000000e+00,0.000000e+00,0.000000e+00,0.000000e+00,0.000000e+00,0.000000e+00,0.000000e+00,0.000000e+00,0.000000e+00
1.000000e+00,0.000000e+00,0.000000e+00,0.000000e+00,0.000000e+00,0.000000e+00,0.000000e+00,0.000000e+00,0.000000e+00,0.000000e+00,0.000000e+00,0.000000e+00,0.000000e+00,0.000000e+00,0.000000e+00
1.000000e+00,0.000000e+00,0.000000e+00,0.000000e+00,0.000000e+00,0.000000e+00,0.000000e+00,0.000000e+00,0.000000e+00,0.000000e+00,0.000000e+00,0.000000e+00,0.000000e+00,0.000000e+00,0.000000e+00
1.000000e+00,0.000000e+00,0.000000e+00,0.000000e+00,0.000000e+00,0.000000e+00,0.000000e+00,0.000000e+00,0.000000e+00,0.000000e+00,0.000000e+00,0.000000e+00,0.000000e+00,0.000000e+00,0.000000e+00
1.000000e+00,0.000000e+00,0.000000e+00,0.000000e+00,0.000000e+00,0.000000e+00,0.000000e+00,0.000000e+00,0.000000e+00,0.000000e+00,0.000000e+00,0.000000e+00,0.000000e+00,0.000000e+00,0.000000e+00
1.000000e+00,0.000000e+00,0.000000e+00,0.000000e+00,0.000000e+00,0.000000e+00,0.000000e+00,0.000000e+00,0.000000e+00,0.000000e+00,0.000000e+00,0.000000e+00,0.000000e+00,0.000000e+00,0.000000e+00
1.000000e+00,0.000000e+00,0.000000e+00,0.000000e+00,0.000000e+00,0.000000e+00,0.000000e+00,0.000000e+00,0.000000e+00,0.000000e+00,0.000000e+00,0.000000e+00,0.000000e+00,0.000000e+00,0.000000e+00
1.000000e+00,0.000000e+00,0.000000e+00,0.000000e+00,0.000000e+00,0.000000e+00,0.000000e+00,0.000000e+00,0.000000e+00,0.000000e+00,0.000000e+00,0.000000e+00,0.000000e+00,0.000000e+00,0.000000e+00
1.000000e+00,0.000000e+00,0.000000e+00,0.000000e+00,0.000000e+00,0.000000e+00,0.000000e+00,0.000000e+00,0.000000e+00,0.000000e+00,0.000000e+00,0.000000e+00,0.000000e+00,0.000000e+00,0.000000e+00
1.000000e+00,0.000000e+00,0.000000e+00,0.000000e+00,0.000000e+00,0.000000e+00,0.000000e+00,0.000000e+00,0.000000e+00,0.000000e+00,0.000000e+00,0.000000e+00,0.000000e+00,0.000000e+00,0.000000e+00
1.000000e+00,0.000000e+00,0.000000e+00,0.000000e+00,0.000000e+00,0.000000e+00,0.000000e+00,0.000000e+00,0.000000e+00,0.000000e+00,0.000000e+00,0.000000e+00,0.000000e+00,0.000000e+00,0.000000e+00
1.000000e+00,0.000000e+00,0.000000e+00,0.000000e+00,0.000000e+00,0.000000e+00,0.000000e+00,0.000000e+00,0.000000e+00,0.000000e+00,0.000000e+00,0.000000e+00,0.000000e+00,0.000000e+00,0.000000e+00
1.000000e+00,0.000000e+00,0.000000e+00,0.000000e+00,0.000000e+00,0.000000e+00,0.000000e+00,0.000000e+00,0.000000e+00,0.000000e+00,0.000000e+00,0.000000e+00,0.000000e+00,0.000000e+00,0.000000e+00
1.000000e+00,0.000000e+00,0.000000e+00,0.000000e+00,0.000000e+00,0.000000e+00,0.000000e+00,0.000000e+00,0.000000e+00,0.000000e+00,0.000000e+00,0.000000e+00,0.000000e+00,0.000000e+00,0.000000e+00
1.000000e+00,0.000000e+00,0.000000e+00,0.000000e+00,0.000000e+00,0.000000e+00,0.000000e+00,0.000000e+00,0.000000e+00,0.000000e+00,0.000000e+00,0.000000e+00,0.000000e+00,0.000000e+00,0.000000e+00
1.000000e+00,0.000000e+00,0.000000e+00,0.000000e+00,0.000000e+00,0.000000e+00,0.000000e+00,0.000000e+00,0.000000e+00,0.000000e+00,0.000000e+00,0.000000e+00,0.000000e+00,0.000000e+00,0.000000e+00
1.000000e+00,0.000000e+00,0.000000e+00,0.000000e+00,0.000000e+00,0.000000e+00,0.000000e+00,0.000000e+00,0.000000e+00,0.000000e+00,0.000000e+00,0.000000e+00,0.000000e+00,0.000000e+00,0.000000e+00
1.000000e+00,0.000000e+00,0.000000e+00,0.000000e+00,0.000000e+00,0.000000e+00,0.000000e+00,0.000000e+00,0.000000e+00,0.000000e+00,0.000000e+00,0.000000e+00,0.000000e+00,0.000000e+00,0.000000e+00
1.000000e+00,0.000000e+00,0.000000e+00,0.000000e+00,0.000000e+00,0.000000e+00,0.000000e+00,0.000000e+00,0.000000e+00,0.000000e+00,0.000000e+00,0.000000e+00,0.000000e+00,0.000000e+00,0.000000e+00
1.000000e+00,0.000000e+00,0.000000e+00,0.000000e+00,0.000000e+00,0.000000e+00,0.000000e+00,0.000000e+00,0.000000e+00,0.000000e+00,0.000000e+00,0.000000e+00,0.000000e+00,0.000000e+00,0.000000e+00
1.000000e+00,0.000000e+00,0.000000e+00,0.000000e+00,0.000000e+00,0.000000e+00,0.000000e+00,0.000000e+00,0.000000e+00,0.000000e+00,0.000000e+00,0.000000e+00,0.000000e+00,0.000000e+00,0.000000e+00
1.000000e+00,0.000000e+00,0.000000e+00,0.000000e+00,0.000000e+00,0.000000e+00,0.000000e+00,0.000000e+00,0.000000e+00,0.000000e+00,0.000000e+00,0.000000e+00,0.000000e+00,0.000000e+00,0.000000e+00
1.000000e+00,0.000000e+00,0.000000e+00,0.000000e+00,0.000000e+00,0.000000e+00,0.000000e+00,0.000000e+00,0.000000e+00,0.000000e+00,0.000000e+00,0.000000e+00,0.000000e+00,0.000000e+00,0.000000e+00
1.000000e+00,0.000000e+00,0.000000e+00,0.000000e+00,0.000000e+00,0.000000e+00,0.000000e+00,0.000000e+00,0.000000e+00,0.000000e+00,0.000000e+00,0.000000e+00,0.000000e+00,0.000000e+00,0.000000e+00
1.000000e+00,0.000000e+00,0.000000e+00,0.000000e+00,0.000000e+00,0.000000e+00,0.000000e+00,0.000000e+00,0.000000e+00,0.000000e+00,0.000000e+00,0.000000e+00,0.000000e+00,0.000000e+00,0.000000e+00
1.000000e+00,0.000000e+00,0.000000e+00,0.000000e+00,0.000000e+00,0.000000e+00,0.000000e+00,0.000000e+00,0.000000e+00,0.000000e+00,0.000000e+00,0.000000e+00,0.000000e+00,0.000000e+00,0.000000e+00
1.000000e+00,0.000000e+00,0.000000e+00,0.000000e+00,0.000000e+00,0.000000e+00,0.000000e+00,0.000000e+00,0.000000e+00,0.000000e+00,0.000000e+00,0.000000e+00,0.000000e+00,0.000000e+00,0.000000e+00
1.000000e+00,0.000000e+00,0.000000e+00,0.000000e+00,0.000000e+00,0.000000e+00,0.000000e+00,0.000000e+00,0.000000e+00,0.000000e+00,0.000000e+00,0.000000e+00,0.000000e+00,0.000000e+00,0.000000e+00
1.000000e+00,0.000000e+00,0.000000e+00,0.000000e+00,0.000000e+00,0.000000e+00,0.000000e+00,0.000000e+00,0.000000e+00,0.000000e+00,0.000000e+00,0.000000e+00,0.000000e+00,0.000000e+00,0.000000e+00
1.000000e+00,0.000000e+00,0.000000e+00,0.000000e+00,0.000000e+00,0.000000e+00,0.000000e+00,0.000000e+00,0.000000e+00,0.000000e+00,0.000000e+00,0.000000e+00,0.000000e+00,0.000000e+00,0.000000e+00
1.000000e+00,0.000000e+00,0.000000e+00,0.000000e+00,0.000000e+00,0.000000e+00,0.000000e+00,0.000000e+00,0.000000e+00,0.000000e+00,0.000000e+00,0.000000e+00,0.000000e+00,0.000000e+00,0.000000e+00
1.000000e+00,0.000000e+00,0.000000e+00,0.000000e+00,0.000000e+00,0.000000e+00,0.000000e+00,0.000000e+00,0.000000e+00,0.000000e+00,0.000000e+00,0.000000e+00,0.000000e+00,0.000000e+00,0.000000e+00
1.000000e+00,0.000000e+00,0.000000e+00,0.000000e+00,0.000000e+00,0.000000e+00,0.000000e+00,0.000000e+00,0.000000e+00,0.000000e+00,0.000000e+00,0.000000e+00,0.000000e+00,0.000000e+00,0.000000e+00
1.000000e+00,0.000000e+00,0.000000e+00,0.000000e+00,0.000000e+00,0.000000e+00,0.000000e+00,0.000000e+00,0.000000e+00,0.000000e+00,0.000000e+00,0.000000e+00,0.000000e+00,0.000000e+00,0.000000e+00
1.000000e+00,0.000000e+00,0.000000e+00,0.000000e+00,0.000000e+00,0.000000e+00,0.000000e+00,0.000000e+00,0.000000e+00,0.000000e+00,0.000000e+00,0.000000e+00,0.000000e+00,0.000000e+00,0.000000e+00
1.000000e+00,0.000000e+00,0.000000e+00,0.000000e+00,0.000000e+00,0.000000e+00,0.000000e+00,0.000000e+00,0.000000e+00,0.000000e+00,0.000000e+00,0.000000e+00,0.000000e+00,0.000000e+00,0.000000e+00
1.000000e+00,0.000000e+00,0.000000e+00,0.000000e+00,0.000000e+00,0.000000e+00,0.000000e+00,0.000000e+00,0.000000e+00,0.000000e+00,0.000000e+00,0.000000e+00,0.000000e+00,0.000000e+00,0.000000e+00
1.000000e+00,0.000000e+00,0.000000e+00,0.000000e+00,0.000000e+00,0.000000e+00,0.000000e+00,0.000000e+00,0.000000e+00,0.000000e+00,0.000000e+00,0.000000e+00,0.000000e+00,0.000000e+00,0.000000e+00
1.000000e+00,0.000000e+00,0.000000e+00,0.000000e+00,0.000000e+00,0.000000e+00,0.000000e+00,0.000000e+00,0.000000e+00,0.000000e+00,0.000000e+00,0.000000e+00,0.000000e+00,0.000000e+00,0.000000e+00
1.000000e+00,0.000000e+00,0.000000e+00,0.000000e+00,0.000000e+00,0.000000e+00,0.000000e+00,0.000000e+00,0.000000e+00,0.000000e+00,0.000000e+00,0.000000e+00,0.000000e+00,0.000000e+00,0.000000e+00
1.000000e+00,0.000000e+00,0.000000e+00,0.000000e+00,0.000000e+00,0.000000e+00,0.000000e+00,0.000000e+00,0.000000e+00,0.000000e+00,0.000000e+00,0.000000e+00,0.000000e+00,0.000000e+00,0.000000e+00
1.000000e+00,0.000000e+00,0.000000e+00,0.000000e+00,0.000000e+00,0.000000e+00,0.000000e+00,0.000000e+00,0.000000e+00,0.000000e+00,0.000000e+00,0.000000e+00,0.000000e+00,0.000000e+00,0.000000e+00
1.000000e+00,0.000000e+00,0.000000e+00,0.000000e+00,0.000000e+00,0.000000e+00,0.000000e+00,0.000000e+00,0.000000e+00,0.000000e+00,0.000000e+00,0.000000e+00,0.000000e+00,0.000000e+00,0.000000e+00
1.000000e+00,0.000000e+00,0.000000e+00,0.000000e+00,0.000000e+00,0.000000e+00,0.000000e+00,0.000000e+00,0.000000e+00,0.000000e+00,0.000000e+00,0.000000e+00,0.000000e+00,0.000000e+00,0.000000e+00
1.000000e+00,0.000000e+00,0.000000e+00,0.000000e+00,0.000000e+00,0.000000e+00,0.000000e+00,0.000000e+00,0.000000e+00,0.000000e+00,0.000000e+00,0.000000e+00,0.000000e+00,0.000000e+00,0.000000e+00
1.000000e+00,0.000000e+00,0.000000e+00,0.000000e+00,0.000000e+00,0.000000e+00,0.000000e+00,0.000000e+00,0.000000e+00,0.000000e+00,0.000000e+00,0.000000e+00,0.000000e+00,0.000000e+00,0.000000e+00
1.000000e+00,0.000000e+00,0.000000e+00,0.000000e+00,0.000000e+00,0.000000e+00,0.000000e+00,0.000000e+00,0.000000e+00,0.000000e+00,0.000000e+00,0.000000e+00,0.000000e+00,0.000000e+00,0.000000e+00
1.000000e+00,0.000000e+00,0.000000e+00,0.000000e+00,0.000000e+00,0.000000e+00,0.000000e+00,0.000000e+00,0.000000e+00,0.000000e+00,0.000000e+00,0.000000e+00,0.000000e+00,0.000000e+00,0.000000e+00
1.000000e+00,0.000000e+00,0.000000e+00,0.000000e+00,0.000000e+00,0.000000e+00,0.000000e+00,0.000000e+00,0.000000e+00,0.000000e+00,0.000000e+00,0.000000e+00,0.000000e+00,0.000000e+00,0.000000e+00
1.000000e+00,0.000000e+00,0.000000e+00,0.000000e+00,0.000000e+00,0.000000e+00,0.000000e+00,0.000000e+00,0.000000e+00,0.000000e+00,0.000000e+00,0.000000e+00,0.000000e+00,0.000000e+00,0.000000e+00
1.000000e+00,0.000000e+00,0.000000e+00,0.000000e+00,0.000000e+00,0.000000e+00,0.000000e+00,0.000000e+00,0.000000e+00,0.000000e+00,0.000000e+00,0.000000e+00,0.000000e+00,0.000000e+00,0.000000e+00
4.644764e-01,7.911883e-03,5.945596e-02,2.744189e-02,3.837949e-03,1.703726e-01,1.442229e-02,1.120537e-01,9.296343e-03,2.253236e-03,4.984843e-02,2.411552e-02,1.602768e-02,1.236213e-02,2.612403e-02
4.198230e-01,6.408264e-03,8.928521e-02,2.913319e-02,3.512299e-03,1.405444e-01,1.459469e-02,1.872544e-01,7.252523e-03,1.967305e-03,3.719326e-02,1.860799e-02,1.272948e-02,1.024374e-02,2.145014e-02
4.342613e-01,6.291432e-03,1.078409e-01,2.618946e-02,3.522120e-03,1.346029e-01,1.469507e-02,1.750070e-01,5.960966e-03,2.180612e-03,2.855268e-02,1.462716e-02,1.048363e-02,1.227687e-02,2.350789e-02
3.087500e-01,5.964692e-03,1.218151e-01,2.186924e-02,2.690808e-03,2.264432e-01,1.063706e-02,1.265881e-01,1.024772e-02,3.323064e-03,2.319711e-02,1.130862e-02,1.027384e-02,5.993739e-02,5.695394e-02
2.182607e-01,5.733955e-03,9.673982e-02,1.577549e-02,1.932154e-03,2.583226e-01,7.636365e-03,8.886570e-02,1.567142e-02,3.727243e-03,6.062500e-02,9.298815e-03,8.351415e-03,1.414634e-01,6.759586e-02
1.534277e-01,5.098797e-03,7.493079e-02,1.117087e-02,1.401487e-03,1.911816e-01,5.460541e-03,6.227016e-02,2.867622e-02,4.580030e-03,1.029380e-01,7.273723e-03,6.194550e-03,2.352609e-01,1.101346e-01
1.076535e-01,4.106546e-03,5.332415e-02,8.000293e-03,1.052953e-03,1.359370e-01,3.869158e-03,4.363213e-02,2.850168e-02,8.171407e-03,1.997661e-01,6.189282e-03,4.547175e-03,3.142387e-01,8.100989e-02
7.565623e-02,4.395162e-03,3.765929e-02,6.242034e-03,9.741644e-04,9.730604e-02,2.774731e-03,3.063365e-02,3.403604e-02,2.184816e-02,2.291310e-01,5.701095e-03,3.456899e-03,3.866536e-01,6.353197e-02
5.334199e-02,1.563621e-02,2.655787e-02,5.622731e-03,3.023028e-03,7.271804e-02,2.037712e-03,2.153922e-02,1.919073e-01,2.928263e-02,2.029581e-01,5.391845e-03,2.691991e-03,3.183334e-01,4.895785e-02
3.761701e-02,2.809341e-02,1.870685e-02,1.257642e-02,3.953103e-03,6.531702e-02,1.451508e-03,1.510423e-02,3.184736e-01,2.647835e-02,1.509256e-01,4.709853e-03,2.353841e-03,2.777393e-01,3.649991e-02
2.651971e-02,5.344566e-02,1.326730e-02,1.892826e-02,3.651053e-03,7.129827e-02,1.031898e-03,1.060558e-02,3.998677e-01,2.058547e-02,1.157966e-01,4.957815e-03,3.037278e-03,2.282740e-01,2.873347e-02
1.867663e-02,4.907184e-02,9.345680e-03,1.927955e-02,3.718724e-03,7.407571e-02,7.405255e-04,7.449811e-03,5.251818e-01,1.479870e-02,8.384602e-02,3.740740e-03,2.898640e-03,1.665896e-01,2.058600e-02
1.331963e-02,5.110279e-02,6.691653e-03,4.897812e-02,6.295972e-03,9.866026e-02,5.898908e-04,5.552506e-03,5.557355e-01,1.070039e-02,5.991326e-02,2.851429e-03,2.876611e-03,1.216817e-01,1.505032e-02
9.768845e-03,7.051338e-02,4.851337e-03,5.292491e-02,1.006591e-02,1.394834e-01,4.661714e-04,4.121139e-03,5.532372e-01,7.762554e-03,4.382085e-02,2.164182e-03,2.824616e-03,8.595475e-02,1.204074e-02
7.168630e-03,1.039989e-01,3.579754e-03,1.199088e-01,8.686129e-03,1.428746e-01,3.678745e-04,3.532310e-03,4.864788e-01,6.235670e-03,3.470808e-02,1.639377e-03,4.485137e-03,6.030683e-02,1.602902e-02
5.289170e-03,1.385426e-01,2.969218e-03,1.099729e-01,7.934622e-03,1.583644e-01,3.338345e-04,3.267614e-03,4.780219e-01,5.709904e-03,2.675061e-02,1.229660e-03,4.532283e-03,4.244956e-02,1.463174e-02
5.982247e-03,1.046339e-01,3.046614e-03,8.125486e-02,2.005639e-02,1.960990e-01,1.352542e-03,5.264313e-03,5.090765e-01,4.801867e-03,2.103643e-02,9.746480e-04,4.856660e-03,3.027313e-02,1.129093e-02
6.144625e-03,7.916880e-02,6.014207e-03,1.159660e-01,2.306673e-02,2.346156e-01,1.873400e-03,8.901039e-03,4.532299e-01,7.945588e-03,1.546955e-02,8.033024e-04,4.463094e-03,2.155241e-02,2.078563e-02
8.951359e-03,6.371724e-02,1.313161e-02,1.065653e-01,2.649196e-02,2.087168e-01,1.751891e-03,7.864205e-03,4.241179e-01,2.223582e-02,1.196156e-02,7.404163e-04,3.939862e-03,1.641193e-02,8.340213e-02
2.016203e-02,6.344827e-02,1.951460e-02,1.844525e-01,5.972964e-02,1.621107e-01,1.886227e-03,9.529570e-03,3.675035e-01,1.868120e-02,1.135538e-02,8.896301e-04,3.256607e-03,1.224173e-02,6.523842e-02
3.303724e-02,7.153080e-02,2.347162e-02,2.138191e-01,1.087281e-01,1.234733e-01,3.533143e-03,1.147859e-02,3.214508e-01,1.482318e-02,9.131012e-03,8.851358e-04,2.631031e-03,9.050234e-03,5.295669e-02
4.938003e-02,1.010793e-01,2.009053e-02,1.781076e-01,1.112673e-01,9.261563e-02,3.487146e-03,9.557722e-03,3.201828e-01,1.404396e-02,6.946765e-03,1.215192e-03,2.993802e-03,6.891084e-03,8.214120e-02
3.788142e-02,1.041233e-01,1.566542e-02,3.382150e-01,8.711141e-02,6.520941e-02,2.494067e-03,7.155577e-03,2.528620e-01,1.002585e-02,1.064011e-02,1.198233e-03,3.334104e-03,4.887313e-03,5.919672e-02
2.654976e-02,8.575729e-02,1.384198e-02,3.935089e-01,6.540751e-02,4.574494e-02,1.772446e-03,5.048275e-03,1.835215e-01,7.118355e-03,1.212600e-01,2.068613e-03,2.736227e-03,4.158285e-03,4.150605e-02
1.874039e-02,6.046561e-02,1.041146e-02,3.867477e-01,4.813617e-02,3.211772e-02,1.250121e-03,3.651155e-03,1.334764e-01,5.119366e-03,2.510869e-01,1.236233e-02,2.222728e-03,5.090298e-03,2.912163e-02
1.316700e-02,4.235661e-02,7.403527e-03,2.898885e-01,3.425215e-02,2.277595e-02,8.792437e-04,2.588437e-03,9.390109e-02,3.636126e-03,4.375838e-01,2.125173e-02,1.767111e-03,8.122617e-03,2.042612e-02
9.307747e-03,2.967885e-02,5.511650e-03,2.149761e-01,2.536258e-02,1.712851e-02,6.319384e-04,2.034494e-03,6.599252e-02,2.596868e-03,5.240543e-01,7.193054e-02,1.478809e-03,1.498896e-02,1.432621e-02
6.680082e-03,2.082936e-02,4.277266e-03,1.598103e-01,2.240688e-02,1.435137e-02,4.580047e-04,1.581064e-03,4.648479e-02,1.897199e-03,5.001686e-01,1.787713e-01,1.289748e-03,3.085922e-02,1.013490e-02
4.885074e-03,1.462515e-02,3.109992e-03,1.134717e-01,7.387699e-02,1.420365e-02,3.359931e-04,1.154240e-03,3.266273e-02,1.425612e-03,4.824571e-01,2.159024e-01,1.652371e-03,3.304839e-02,7.188715e-03
3.621850e-03,1.030081e-02,2.297481e-03,8.089039e-02,1.029575e-01,1.517398e-02,2.474114e-04,8.942201e-04,2.301786e-02,1.047723e-03,4.185278e-01,2.973198e-01,1.474021e-03,3.711185e-02,5.117367e-03
2.689769e-03,7.300759e-03,1.725455e-03,5.818462e-02,1.674174e-01,1.222959e-02,1.878387e-04,6.559396e-04,1.639432e-02,7.738438e-04,3.546050e-01,3.331536e-01,1.250478e-03,3.968986e-02,3.741517e-03
2.073983e-03,5.234046e-03,1.311940e-03,4.100222e-02,2.956118e-01,9.606787e-03,1.517645e-04,5.210019e-04,1.171532e-02,5.690292e-04,2.970310e-01,2.800599e-01,1.123189e-03,5.117330e-02,2.814750e-03
2.228610e-03,3.789109e-03,9.850543e-04,2.914839e-02,3.561909e-01,7.438804e-03,1.246998e-04,4.182451e-04,8.849420e-03,4.561225e-04,3.064721e-01,2.160572e-01,8.875362e-04,6.481134e-02,2.142425e-03
2.001134e-03,3.201965e-03,1.064313e-03,2.076062e-02,2.917346e-01,7.603816e-03,1.606345e-04,4.570506e-04,6.871581e-03,5.081546e-04,4.150178e-01,1.607542e-01,1.270228e-03,8.695498e-02,1.638936e-03
1.562740e-03,2.535440e-03,1.100272e-03,1.459339e-02,2.120291e-01,1.010885e-02,1.432861e-04,4.081536e-04,4.943206e-03,5.263858e-04,5.392246e-01,1.177837e-01,1.208449e-03,9.261115e-02,1.221307e-03
1.212121e-03,2.162618e-03,8.794343e-04,1.024081e-02,1.573331e-01,7.552921e-03,1.133142e-04,3.115134e-04,3.542776e-03,6.773394e-04,6.377937e-01,8.417772e-02,1.244191e-03,9.183280e-02,9.256901e-04
1.061890e-03,1.877760e-03,9.799702e-04,7.220032e-03,1.129939e-01,6.201599e-03,1.072740e-04,2.894591e-04,2.649533e-03,1.279363e-03,7.059175e-01,6.303468e-02,1.346659e-03,9.429062e-02,7.497163e-04
9.543623e-04,1.907992e-03,1.125866e-03,5.094147e-03,8.057013e-02,4.826507e-03,1.035589e-04,2.541157e-04,1.991171e-03,2.334912e-03,7.602110e-01,5.034622e-02,1.243349e-03,8.837345e-02,6.632137e-04
1.410771e-03,1.832722e-03,9.086203e-04,3.587008e-03,5.678563e-02,3.750461e-03,1.091912e-04,2.386581e-04,1.459599e-03,2.325261e-03,8.150166e-01,3.768444e-02,1.300327e-03,7.299711e-02,5.935961e-04
1.102011e-03,3.014997e-03,7.699023e-04,2.537317e-03,4.126653e-02,3.142675e-03,1.281236e-04,2.540374e-04,1.374112e-03,3.042401e-03,8.346330e-01,2.935382e-02,1.098105e-03,7.758226e-02,7.007354e-04
1.070248e-03,3.335135e-03,6.860327e-04,1.815414e-03,3.084661e-02,4.078268e-03,2.131687e-04,4.468172e-04,1.407598e-03,3.968361e-03,8.372749e-01,2.455148e-02,9.378733e-04,8.855291e-02,8.151688e-04
1.855806e-03,2.783729e-03,1.379537e-03,1.546884e-03,3.121272e-02,4.250241e-03,9.137512e-04,9.749143e-03,1.478409e-03,4.696416e-03,8.295940e-01,1.935600e-02,9.195362e-04,8.922594e-02,1.037859e-03
5.917433e-03,2.580748e-02,7.945953e-03,1.732365e-03,1.063168e-01,1.139311e-02,1.087539e-03,9.654531e-03,9.920713e-03,5.768029e-03,7.054656e-01,1.454103e-02,8.494597e-04,9.093555e-02,2.664394e-03
1.893270e-02,2.725129e-02,3.481339e-02,6.061536e-03,2.029547e-01,3.000724e-02,1.223294e-03,2.455579e-02,1.030065e-02,6.197205e-03,5.433209e-01,1.076398e-02,9.074692e-04,7.913397e-02,3.575829e-03
3.597485e-02,2.979877e-02,1.058682e-01,3.111607e-02,2.452652e-01,3.593892e-02,1.553053e-03,2.608668e-02,1.023873e-02,6.391084e-03,3.976376e-01,7.950462e-03,8.585483e-04,6.003965e-02,5.282133e-03
5.900338e-02,2.761271e-02,1.479644e-01,3.095396e-02,2.553366e-01,4.474300e-02,2.476472e-03,2.104965e-02,8.655691e-03,6.034961e-03,3.323278e-01,6.408203e-03,1.218955e-03,5.116527e-02,5.049013e-03
5.984112e-02,4.079895e-02,2.318793e-01,2.418819e-02,2.545787e-01,6.154377e-02,2.779308e-03,1.633649e-02,7.592332e-03,4.496062e-03,2.460564e-01,4.937134e-03,1.118308e-03,3.974215e-02,4.111779e-03
7.717156e-02,4.203204e-02,2.798826e-01,2.361703e-02,2.433023e-01,5.458985e-02,2.915897e-03,1.787629e-02,9.052999e-03,4.125614e-03,1.900810e-01,5.796957e-03,1.364469e-03,4.083844e-02,7.352979e-03
9.296528e-02,5.140401e-02,2.894337e-01,2.920111e-02,2.200161e-01,4.920167e-02,3.186129e-03,3.017633e-02,1.531868e-02,3.944783e-03,1.507432e-01,1.385887e-02,2.193878e-03,3.652194e-02,1.183426e-02
9.828144e-02,6.285948e-02,3.553992e-01,2.371017e-02,1.896155e-01,4.929873e-02,2.470542e-03,2.656619e-02,1.274240e-02,3.283814e-03,1.168182e-01,1.768799e-02,2.679190e-03,2.793716e-02,1.065007e-02
1.254652e-01,5.792284e-02,3.565434e-01,2.940353e-02,1.837791e-01,4.442117e-02,2.597834e-03,2.913070e-02,1.106681e-02,2.863366e-03,1.053189e-01,1.761474e-02,3.138870e-03,2.156334e-02,9.170308e-03
1.929172e-01,4.938043e-02,2.761926e-01,4.970733e-02,1.607212e-01,5.136037e-02,3.399896e-03,3.495677e-02,1.502057e-02,3.850824e-03,1.092376e-01,2.293881e-02,3.470675e-03,1.782151e-02,9.024244e-03
2.003423e-01,4.017495e-02,2.106625e-01,4.919566e-02,1.259799e-01,1.501458e-01,4.394086e-03,5.119939e-02,1.277937e-02,3.830598e-03,1.039360e-01,2.276736e-02,3.125710e-03,1.362700e-02,7.839398e-03
2.096758e-01,2.908255e-02,1.586752e-01,3.858599e-02,9.177793e-02,2.496177e-01,4.833856e-03,4.384348e-02,1.011354e-02,7.698252e-03,1.161892e-01,2.034463e-02,2.621520e-03,1.054007e-02,6.400347e-03
1.667041e-01,2.074781e-02,1.122822e-01,2.747571e-02,6.515379e-02,2.645727e-01,4.100492e-03,3.203361e-02,7.815479e-03,6.173650e-03,2.608940e-01,1.681289e-02,2.514370e-03,7.761609e-03,4.957599e-03
1.403987e-01,1.485902e-02,7.976659e-02,1.944067e-02,4.607341e-02,3.584588e-01,3.908377e-03,2.346544e-02,6.314146e-03,4.665527e-03,2.707398e-01,2.011706e-02,2.228925e-03,5.698507e-03,3.865117e-03
1.494740e-01,1.213932e-02,5.890679e-02,1.488829e-02,3.372006e-02,4.017049e-01,4.495223e-03,1.873562e-02,7.574764e-03,6.221959e-03,2.455781e-01,3.013581e-02,4.535530e-03,6.512540e-03,5.377082e-03
1.731905e-01,1.116290e-02,4.513017e-02,1.212970e-02,2.457398e-02,4.422167e-01,4.712941e-03,1.436828e-02,6.533714e-03,7.182064e-03,2.012799e-01,3.919408e-02,4.844918e-03,7.204507e-03,6.275738e-03
1.233619e-01,7.971255e-03,3.193339e-02,8.535109e-03,1.780806e-02,5.206076e-01,3.908228e-03,1.013915e-02,4.646207e-03,5.761138e-03,1.775735e-01,7.348207e-02,3.718003e-03,5.657603e-03,4.896850e-03
8.671269e-02,5.604924e-03,2.248226e-02,6.009409e-03,1.258466e-02,4.764872e-01,2.886463e-03,7.119455e-03,3.296419e-03,4.629767e-03,1.472520e-01,2.144736e-01,2.726315e-03,4.096383e-03,3.638458e-03
6.090151e-02,3.941563e-03,1.583033e-02,4.240104e-03,8.889196e-03,3.904665e-01,2.103503e-03,5.006541e-03,2.348226e-03,3.569200e-03,1.314498e-01,3.636700e-01,1.990696e-03,2.982152e-03,2.610789e-03
4.265866e-02,2.816345e-03,1.148956e-02,3.012394e-03,6.550716e-03,2.808389e-01,1.567609e-03,3.514305e-03,1.903227e-03,2.617600e-03,1.122915e-01,5.252483e-01,1.434168e-03,2.129424e-03,1.927250e-03
2.988937e-02,2.040411e-03,8.496756e-03,2.155491e-03,5.071498e-03,2.047562e-01,1.299837e-03,2.472215e-03,1.751559e-03,2.054468e-03,1.090382e-01,6.268837e-01,1.045555e-03,1.542869e-03,1.501834e-03
2.138345e-02,3.845368e-03,1.320329e-02,1.610814e-03,1.143057e-02,1.659556e-01,3.231016e-03,2.523784e-03,4.996767e-03,2.275016e-03,8.488329e-02,6.810341e-01,8.246269e-04,1.457051e-03,1.345230e-03
1.503665e-02,2.724282e-03,9.426612e-03,1.139519e-03,8.616772e-03,1.181042e-01,2.319351e-03,1.811786e-03,4.052459e-03,6.706933e-03,6.298158e-02,7.632160e-01,7.512728e-04,2.129834e-03,9.827211e-04
1.062326e-02,2.083720e-03,7.850396e-03,8.197385e-04,4.284488e-02,8.427764e-02,2.771068e-03,1.492240e-03,5.624639e-03,6.837251e-03,4.770438e-02,7.835964e-01,6.835951e-04,1.993696e-03,7.971217e-04
7.900403e-03,1.874428e-03,7.833505e-03,6.340265e-04,4.766328e-02,7.114435e-02,3.920606e-03,2.260042e-03,1.569163e-02,2.599696e-02,4.818078e-02,7.615582e-01,9.501395e-04,3.452156e-03,9.394731e-04
5.655574e-03,1.721915e-03,1.384270e-02,4.790503e-04,8.556996e-02,7.260165e-02,4.620746e-03,3.175654e-03,2.697894e-02,2.406548e-02,4.686866e-02,7.093769e-01,9.199698e-04,3.368491e-03,7.543031e-04
4.430210e-03,1.496413e-03,2.305357e-02,4.089409e-04,1.357003e-01,5.479981e-02,9.180528e-03,4.916214e-02,2.168235e-02,1.844550e-02,3.467672e-02,6.418951e-01,9.791821e-04,3.503331e-03,5.859574e-04
3.392882e-03,1.478386e-03,1.995021e-02,1.208250e-03,1.648534e-01,6.429919e-02,6.581297e-03,4.469249e-02,2.191231e-02,1.362247e-02,3.170376e-02,6.192964e-01,3.009543e-03,3.506605e-03,4.928812e-04
3.157273e-03,1.655058e-03,1.728540e-02,1.542309e-03,1.571607e-01,5.688597e-02,5.249437e-03,4.140085e-02,5.495855e-02,1.144928e-02,5.196196e-02,5.802647e-01,1.247274e-02,3.974661e-03,5.810814e-04
5.012179e-03,1.358039e-03,1.378159e-02,1.426166e-03,1.471384e-01,4.300258e-02,1.979041e-02,9.617316e-02,6.073271e-02,1.261762e-02,8.976825e-02,4.689442e-01,3.518192e-02,4.123279e-03,9.495901e-04
5.964541e-03,1.178759e-03,1.540399e-02,1.836263e-03,1.308450e-01,3.226418e-02,6.312941e-02,2.046545e-01,5.202198e-02,1.263572e-02,9.298566e-02,3.437364e-01,3.916667e-02,3.286966e-03,8.900337e-04
5.234051e-03,1.300145e-03,2.358423e-02,2.207813e-03,1.061036e-01,3.112343e-02,6.225997e-02,3.531025e-01,5.172049e-02,1.072838e-02,7.433502e-02,2.432299e-01,3.176707e-02,2.420530e-03,8.828519e-04
4.946959e-03,2.050147e-03,2.225674e-02,2.413825e-03,7.808051e-02,2.452357e-02,1.439547e-01,3.964692e-01,4.342169e-02,8.377088e-03,5.405509e-02,1.709064e-01,4.574373e-02,1.843089e-03,9.572994e-04
4.399278e-03,2.118733e-03,2.283289e-02,2.317765e-03,5.724542e-02,2.275706e-02,2.483684e-01,3.562150e-01,3.586090e-02,6.935545e-03,4.322759e-02,1.201039e-01,7.513364e-02,1.419671e-03,1.064353e-03
3.579929e-03,2.050938e-03,1.706610e-02,1.804356e-03,4.179203e-02,1.809654e-02,3.553190e-01,2.938194e-01,3.406563e-02,6.439064e-03,7.206478e-02,8.436800e-02,6.721567e-02,1.052271e-03,1.266365e-03
3.413716e-03,2.780558e-03,1.412423e-02,1.818766e-03,3.389478e-02,1.507208e-02,3.581031e-01,2.645632e-01,3.871147e-02,8.570120e-03,1.307455e-01,5.936596e-02,6.521758e-02,8.179445e-04,2.800952e-03
4.490028e-03,4.086139e-03,1.154538e-02,1.633523e-03,3.223835e-02,1.400231e-02,3.586520e-01,2.811141e-01,4.007092e-02,1.037166e-02,1.182618e-01,4.234256e-02,7.650069e-02,8.217630e-04,3.868835e-03
6.602754e-03,7.367588e-03,1.552143e-02,2.438098e-03,3.939708e-02,1.448851e-02,3.339152e-01,3.004103e-01,5.410646e-02,1.388245e-02,1.133897e-01,3.142479e-02,6.134147e-02,8.821337e-04,4.832032e-03
7.685346e-03,8.761928e-03,1.882487e-02,2.395576e-03,5.078568e-02,1.407334e-02,2.887204e-01,3.505636e-01,7.690091e-02,1.567673e-02,8.964107e-02,2.499548e-02,4.573518e-02,9.436337e-04,4.296318e-03
1.264734e-02,8.946938e-03,1.987865e-02,2.575358e-03,6.239272e-02,1.288025e-02,2.296239e-01,4.317376e-01,8.614421e-02,1.277924e-02,6.379177e-02,1.874828e-02,3.306897e-02,1.009227e-03,3.775565e-03
1.629153e-02,1.094067e-02,2.182247e-02,2.843559e-03,7.277472e-02,1.195509e-02,1.879098e-01,4.497953e-01,1.236698e-01,1.258456e-02,4.591422e-02,1.459851e-02,2.457879e-02,1.083299e-03,3.237737e-03
1.881070e-02,1.376333e-02,1.712746e-02,2.529836e-03,6.403090e-02,1.189538e-02,1.423797e-01,4.707748e-01,1.763204e-01,1.344922e-02,3.336184e-02,1.151318e-02,1.927995e-02,1.350381e-03,3.412826e-03
3.183422e-02,1.328103e-02,1.397805e-02,3.928161e-03,6.248348e-02,1.074520e-02,1.036430e-01,5.111867e-01,1.674207e-01,2.403848e-02,2.445698e-02,9.318960e-03,1.807066e-02,1.955225e-03,3.659141e-03
3.862353e-02,1.132660e-02,1.091478e-02,4.488708e-03,5.098651e-02,9.140092e-03,7.497179e-02,5.923103e-01,1.328590e-01,2.512169e-02,1.809089e-02,7.954645e-03,1.721039e-02,2.085366e-03,3.915781e-03
4.911299e-02,9.463123e-03,9.036937e-03,4.723257e-03,3.871381e-02,8.594195e-03,5.355989e-02,6.643367e-01,9.732366e-02,2.442456e-02,1.358529e-02,7.713073e-03,1.302664e-02,2.174585e-03,4.211353e-03
8.350030e-02,9.011853e-03,1.016393e-02,6.832205e-03,3.534852e-02,1.357178e-02,3.923408e-02,6.503479e-01,7.737726e-02,2.537000e-02,1.611146e-02,9.963686e-03,1.406592e-02,2.583914e-03,6.517227e-03
7.527450e-02,1.089803e-02,1.025139e-02,1.624083e-02,2.735695e-02,1.917507e-02,2.807984e-02,5.196707e-01,6.844162e-02,1.509028e-01,2.701853e-02,1.396029e-02,1.904488e-02,2.227093e-03,1.145755e-02
9.832403e-02,9.174271e-03,8.783846e-03,2.110283e-02,2.226707e-02,1.783056e-02,2.065793e-02,4.796183e-01,7.086816e-02,1.511078e-01,4.161039e-02,2.085574e-02,2.215091e-02,2.954166e-03,1.269412e-02
9.109817e-02,9.108130e-03,8.720982e-03,2.794665e-02,1.875347e-02,1.940435e-02,1.530636e-02,4.007148e-01,1.113316e-01,1.508849e-01,5.868858e-02,3.130359e-02,3.611760e-02,3.493073e-03,1.712786e-02
8.793405e-02,7.675097e-03,1.244601e-02,3.311356e-02,1.746251e-02,1.800472e-02,1.156028e-02,3.246184e-01,9.437930e-02,2.294345e-01,6.088613e-02,2.785319e-02,4.940385e-02,3.172424e-03,2.205601e-02
6.736916e-02,6.603933e-03,1.221482e-02,3.633247e-02,2.026949e-02,1.649280e-02,9.085220e-03,2.329182e-01,8.291896e-02,3.526664e-01,5.990972e-02,2.227429e-02,5.482944e-02,2.633484e-03,2.348154e-02
5.025252e-02,5.160869e-03,9.527249e-03,2.791592e-02,3.886247e-02,1.369238e-02,9.472231e-03,1.651226e-01,6.161639e-02,4.824240e-01,4.791471e-02,1.622654e-02,4.417548e-02,2.308476e-03,2.532828e-02
3.719469e-02,3.708528e-03,6.959428e-03,2.065537e-02,3.281591e-02,1.260509e-02,6.888029e-03,1.167964e-01,4.404511e-02,6.062225e-01,3.554900e-02,1.162696e-02,3.574922e-02,1.771686e-03,2.741214e-02
2.611088e-02,2.600234e-03,4.984251e-03,1.447870e-02,2.527982e-02,9.212997e-03,5.095656e-03,9.435259e-02,3.091997e-02,6.857495e-01,2.716310e-02,8.217866e-03,3.236699e-02,1.277523e-03,3.218998e-02
2.594655e-02,1.996910e-03,4.367491e-03,1.108743e-02,2.211033e-02,9.168865e-03,4.980844e-03,7.715009e-02,2.273943e-02,6.687603e-01,2.203143e-02,6.117538e-03,3.604478e-02,1.296379e-03,8.620171e-02
1.974530e-02,1.481849e-03,3.427185e-03,8.136889e-03,1.665939e-02,7.819295e-03,3.661687e-03,6.264555e-02,1.641803e-02,7.156167e-01,2.054910e-02,4.942512e-03,3.046455e-02,1.342123e-03,8.708989e-02
1.666610e-02,1.114323e-03,2.692435e-03,5.903218e-03,1.234362e-02,9.285177e-03,2.626030e-03,4.751688e-02,1.179506e-02,7.510445e-01,3.091110e-02,5.069584e-03,3.080055e-02,3.634142e-03,6.859739e-02
1.503834e-02,9.437905e-04,2.323878e-03,4.500630e-03,8.999385e-03,9.749494e-03,1.881992e-03,3.561949e-02,8.751656e-03,7.841390e-01,4.302496e-02,5.873370e-03,2.512900e-02,3.429477e-03,5.059553e-02
1.252263e-02,8.151012e-04,3.587902e-02,3.376461e-03,7.953770e-03,9.882398e-03,1.546304e-03,3.548891e-02,6.663275e-03,7.223912e-01,8.283575e-02,7.673595e-03,3.171748e-02,2.774788e-03,3.847927e-02
2.191490e-02,8.477137e-04,6.218980e-02,2.511146e-03,6.472161e-03,8.376606e-03,1.160947e-03,2.552118e-02,4.841106e-03,7.436768e-01,6.338250e-02,5.922728e-03,2.339110e-02,2.147364e-03,2.764392e-02
5.068016e-02,1.185647e-03,6.242967e-02,1.834549e-03,7.282675e-03,9.580216e-03,1.217370e-03,1.818812e-02,3.458437e-03,7.538013e-01,4.730060e-02,4.571490e-03,1.721775e-02,1.716481e-03,1.953561e-02
8.038720e-02,4.956966e-03,6.566793e-02,6.041385e-03,1.994262e-02,1.466182e-02,5.359357e-03,1.479040e-02,4.547260e-03,7.100329e-01,3.900496e-02,4.318092e-03,1.351997e-02,1.515044e-03,1.525418e-02
9.021227e-02,1.792843e-02,9.940654e-02,7.887545e-02,2.198019e-02,1.773322e-02,6.252098e-03,1.252823e-02,1.409661e-02,5.705917e-01,3.339176e-02,8.069276e-03,1.416060e-02,1.276948e-03,1.349674e-02
1.134345e-01,1.983227e-02,8.664890e-02,6.818437e-02,1.786706e-02,1.798614e-02,5.064483e-03,1.029050e-02,1.222333e-02,5.873364e-01,2.670892e-02,8.296993e-03,1.205335e-02,1.395498e-03,1.267734e-02
1.656728e-01,1.686082e-02,7.407273e-02,5.605625e-02,1.364548e-02,1.461458e-02,3.984396e-03,9.101984e-03,9.073828e-03,5.774009e-01,2.027227e-02,9.527698e-03,9.769725e-03,2.536183e-03,1.741030e-02
2.159884e-01,1.611179e-02,6.391947e-02,4.368941e-02,1.101444e-02,1.205251e-02,3.519180e-03,9.438588e-03,7.240813e-03,5.574963e-01,1.575579e-02,1.094706e-02,8.164529e-03,3.536884e-03,2.112482e-02
2.115714e-01,1.467814e-02,1.831636e-01,3.983788e-02,8.712530e-03,1.057533e-02,3.455041e-03,7.795483e-03,5.519321e-03,4.587377e-01,1.290696e-02,1.296614e-02,7.706342e-03,3.232308e-03,1.914173e-02
2.826066e-01,1.467058e-02,1.563902e-01,3.552840e-02,1.075936e-02,1.007420e-02,3.227989e-03,6.158415e-03,4.605561e-03,4.235605e-01,1.137214e-02,1.432164e-02,7.384813e-03,2.667295e-03,1.667228e-02
3.657750e-01,1.620210e-02,1.251398e-01,3.086248e-02,1.149819e-02,9.041296e-03,2.948392e-03,5.626590e-03,9.657097e-03,3.694399e-01,1.230649e-02,1.275169e-02,6.892878e-03,2.598976e-03,1.925915e-02
4.128451e-01,1.644980e-02,9.086107e-02,6.229259e-02,3.941702e-02,2.164287e-02,3.116549e-03,6.940552e-03,1.249449e-02,2.792765e-01,1.432368e-02,1.336384e-02,6.557572e-03,3.040987e-03,1.737737e-02
4.631456e-01,1.684154e-02,7.555480e-02,9.114769e-02,3.685880e-02,1.974695e-02,3.095509e-03,6.913566e-03,1.176439e-02,2.148680e-01,1.587268e-02,1.796531e-02,6.554507e-03,3.218298e-03,1.645247e-02
4.636215e-01,1.363224e-02,8.049779e-02,1.478633e-01,4.045682e-02,1.856310e-02,2.401804e-03,5.782911e-03,9.773050e-03,1.668819e-01,1.329123e-02,1.587664e-02,6.456664e-03,2.556573e-03,1.234457e-02
4.143662e-01,7.624731e-02,6.493923e-02,1.287317e-01,3.753324e-02,1.609008e-02,2.575656e-03,4.794518e-03,7.439118e-02,1.206510e-01,1.978760e-02,1.620033e-02,7.799066e-03,2.299885e-03,1.359322e-02
3.340219e-01,9.114362e-02,5.166434e-02,2.168533e-01,3.794596e-02,1.440848e-02,2.767499e-03,6.101611e-03,9.142902e-02,8.829948e-02,1.810585e-02,1.542352e-02,9.162894e-03,2.968013e-03,1.970450e-02
2.465654e-01,1.295330e-01,3.731363e-02,2.228793e-01,2.729408e-02,1.104441e-02,2.008075e-03,4.775605e-03,1.734908e-01,6.484613e-02,2.869643e-02,1.260967e-02,9.986678e-03,3.016913e-03,2.593992e-02
1.905180e-01,1.873592e-01,2.659863e-02,1.907757e-01,1.954722e-02,8.848962e-03,1.486282e-03,3.752105e-03,2.442759e-01,4.753664e-02,2.867156e-02,1.134391e-02,1.232230e-02,3.551042e-03,2.341258e-02
1.344037e-01,2.912822e-01,1.914938e-02,1.617156e-01,1.377914e-02,6.300737e-03,1.051948e-03,2.695677e-03,2.679741e-01,3.394976e-02,2.519057e-02,8.519365e-03,1.049228e-02,3.735226e-03,1.976023e-02
9.429202e-02,2.593862e-01,1.437280e-02,1.194231e-01,9.657393e-03,4.439928e-03,7.550292e-04,1.947087e-03,2.526627e-01,2.605571e-02,1.537968e-01,2.964819e-02,1.060332e-02,8.522308e-03,1.443749e-02
6.631295e-02,2.074915e-01,1.229792e-02,9.141048e-02,6.778365e-03,3.179708e-03,5.528402e-04,1.388417e-03,2.729946e-01,1.920544e-02,2.109543e-01,8.027245e-02,9.242259e-03,6.591215e-03,1.132758e-02
4.651733e-02,1.463534e-01,9.186286e-03,6.663899e-02,4.764445e-03,2.273228e-03,4.035072e-04,9.894704e-04,2.002551e-01,1.352622e-02,2.247798e-01,2.647331e-01,6.600508e-03,4.790885e-03,8.187737e-03
3.260161e-02,1.026455e-01,6.526194e-03,4.700837e-02,3.354040e-03,1.626032e-03,2.862214e-04,7.013013e-04,1.423392e-01,9.513649e-03,2.798568e-01,3.596132e-01,4.672720e-03,3.465767e-03,5.789421e-03
2.286565e-02,7.192689e-02,4.606944e-03,3.307350e-02,2.481115e-03,1.157699e-03,2.034646e-04,4.976699e-04,1.012063e-01,6.871842e-03,2.573119e-01,4.870417e-01,3.391421e-03,3.276210e-03,4.087708e-03
1.601367e-02,5.040717e-02,3.288165e-03,2.328216e-02,3.180128e-03,8.391054e-04,1.655252e-04,3.545376e-04,7.160451e-02,5.783090e-03,2.979822e-01,5.177698e-01,2.694697e-03,3.738556e-03,2.896741e-03
1.124641e-02,3.542319e-02,2.475047e-03,1.644317e-02,2.031049e-02,2.451136e-03,2.082462e-04,2.635321e-04,5.025974e-02,4.473874e-03,2.513604e-01,5.973675e-01,2.750735e-03,2.892225e-03,2.074397e-03
7.952289e-03,2.490682e-02,1.839716e-03,1.162273e-02,3.174361e-02,3.358115e-03,2.699141e-04,2.211660e-04,3.558421e-02,3.967430e-03,2.945559e-01,5.760449e-01,3.548848e-03,2.802267e-03,1.582091e-03
5.651937e-03,1.761807e-02,1.445589e-03,8.251969e-03,2.981887e-02,1.065343e-02,3.505921e-04,2.634927e-04,2.542717e-02,3.637268e-03,4.332841e-01,4.567212e-01,3.252215e-03,2.365831e-03,1.258356e-03
4.347633e-03,1.397647e-02,1.533471e-03,6.052683e-03,2.387181e-02,6.608357e-02,6.079710e-04,7.862448e-04,1.940496e-02,3.844165e-03,4.721584e-01,3.810788e-01,2.946050e-03,2.106748e-03,1.200990e-03
3.284788e-03,1.016214e-02,1.149142e-03,4.323321e-03,1.770405e-02,5.690876e-02,4.761127e-04,7.756914e-04,1.691410e-02,5.153304e-03,4.991442e-01,3.763546e-01,4.194351e-03,2.308919e-03,1.146587e-03
2.815507e-03,8.194038e-03,1.058386e-03,3.102684e-03,2.128020e-02,5.355422e-02,4.197423e-04,8.680854e-04,1.723619e-02,1.107442e-02,5.002732e-01,3.703566e-01,5.882761e-03,2.779608e-03,1.104377e-03
3.503251e-03,6.221580e-03,1.889832e-03,2.317480e-03,1.832962e-02,4.975544e-02,1.006452e-03,1.733686e-03,1.807998e-02,1.077658e-02,4.829640e-01,3.917647e-01,6.238714e-03,4.471756e-03,9.470251e-04
3.617371e-03,5.606524e-03,2.257539e-03,1.810442e-03,2.522819e-02,1.123568e-01,1.734109e-03,1.685253e-03,1.333333e-02,8.263300e-03,5.197026e-01,2.946920e-01,5.357432e-03,3.410021e-03,9.453157e-04
5.587603e-03,5.977629e-03,4.441274e-03,1.544146e-03,4.232869e-02,8.784880e-02,4.001135e-03,2.209482e-03,1.251384e-02,7.355090e-03,5.650491e-01,2.510663e-01,5.893811e-03,3.149124e-03,1.034088e-03
1.299808e-02,1.401093e-02,1.643130e-02,1.635001e-03,5.010215e-02,7.913867e-02,5.524303e-03,3.120821e-03,3.789155e-02,8.399274e-03,5.179083e-01,2.351183e-01,1.243054e-02,3.334596e-03,1.956266e-03
1.539772e-02,1.033330e-02,1.601667e-02,1.315720e-03,6.649747e-02,1.626452e-01,3.618148e-02,1.577464e-02,3.593975e-02,1.092293e-02,4.140263e-01,1.984979e-01,1.206767e-02,2.873406e-03,1.510006e-03
2.085290e-02,1.340823e-02,1.505303e-02,1.351563e-03,9.535673e-02,1.795605e-01,2.682174e-02,2.008667e-02,8.497657e-02,1.102145e-02,3.314042e-01,1.802801e-01,1.455559e-02,2.981682e-03,2.289135e-03
2.127408e-02,1.608025e-02,1.394888e-02,1.581011e-03,1.342668e-01,1.526860e-01,1.992705e-02,1.895244e-02,1.165523e-01,9.305851e-03,2.947776e-01,1.724391e-01,2.030396e-02,4.010233e-03,3.894526e-03
1.882970e-02,1.380728e-02,1.396700e-02,1.946969e-03,1.107814e-01,1.325490e-01,1.560585e-02,3.230015e-02,1.113168e-01,8.261802e-03,2.341989e-01,2.688216e-01,2.679761e-02,7.437339e-03,3.378685e-03
2.073389e-02,1.218491e-02,1.311667e-02,3.005575e-03,1.108886e-01,1.458386e-01,1.592218e-02,3.682127e-02,1.093119e-01,7.378852e-03,1.710113e-01,3.181469e-01,2.667395e-02,6.011990e-03,2.953377e-03
2.618277e-02,1.734231e-02,1.730744e-02,6.398255e-03,1.060604e-01,1.419064e-01,1.586841e-02,4.999195e-02,1.421206e-01,8.390442e-03,1.249173e-01,3.132145e-01,2.234267e-02,5.169092e-03,2.787551e-03
3.273705e-02,1.968839e-02,1.544716e-02,8.589956e-03,8.988042e-02,1.600001e-01,1.261078e-02,4.467268e-02,1.502107e-01,7.594778e-03,9.704071e-02,3.177001e-01,3.370324e-02,6.590725e-03,3.533296e-03
2.721729e-02,1.655290e-02,1.435657e-02,3.199098e-02,8.068262e-02,2.111791e-01,1.066933e-02,3.712364e-02,1.172550e-01,7.269685e-03,7.711506e-02,2.489834e-01,1.103688e-01,5.116240e-03,4.119399e-03
