1.000000e+00,0.000000e+00,0.000000e+00,0.000000e+00,0.000000e+00,0.000000e+00,0.000000e+00,0.000000e+00,0.000000e+00,0.000000e+00,0.000000e+00,0.000000e+00,0.000000e+00,0.000000e+00,0.000000e+00
1.000000e+00,0.000000e+00,0.000000e+00,0.000000e+00,0.000000e+00,0.000000e+00,0.000000e+00,0.000000e+00,0.000000e+00,0.000000e+00,0.000000e+00,0.000000e+00,0.000000e+00,0.000000e+00,0.000000e+00
1.000000e+00,0.000000e+00,0.000000e+00,0.000000e+00,0.000000e+00,0.000000e+00,0.000000e+00,0.000000e+00,0.000000e+00,0.000000e+00,0.000000e+00,0.000000e+00,0.000000e+00,0.000000e+00,0.000000e+00
1.000000e+00,0.000000e+00,0.000000e+00,0.000000e+00,0.000000e+00,0.000000e+00,0.000000e+00,0.000000e+00,0.000000e+00,0.000000e+00,0.000000e+00,0.000000e+00,0.000000e+00,0.000000e+00,0.000000e+00
1.000000e+00,0.000000e+00,0.000000e+00,0.000000e+00,0.000000e+00,0.000000e+00,0.000000e+00,0.000000e+00,0.000000e+00,0.000000e+00,0.000000e+00,0.000000e+00,0.000000e+00,0.000000e+00,0.000000e+00
1.000000e+00,0.000000e+00,0.000000e+00,0.000000e+00,0.000000e+00,0.000000e+00,0.000000e+00,0.000000e+00,0.000000e+00,0.000000e+00,0.000000e+00,0.000000e+00,0.000000e+00,0.000000e+00,0.000000e+00
1.000000e+00,0.000000e+00,0.000000e+00,0.000000e+00,0.000000e+00,0.000000e+00,0.000000e+00,0.000000e+00,0.000000e+00,0.000000e+00,0.000000e+00,0.000000e+00,0.000000e+00,0.000000e+00,0.000000e+00
1.000000e+00,0.000000e+00,0.000000e+00,0.000000e+00,0.000000e+00,0.000000e+00,0.000000e+00,0.000000e+00,0.000000e+00,0.000000e+00,0.000000e+00,0.000000e+00,0.000000e+00,0.000000e+00,0.000000e+00
1.000000e+00,0.000000e+00,0.000000e+00,0.000000e+00,0.000000e+00,0.000000e+00,0.000000e+00,0.000000e+00,0.000000e+00,0.000000e+00,0.000000e+00,0.000000e+00,0.000000e+00,0.000000e+00,0.000000e+00
1.000000e+00,0.000000e+00,0.000000e+00,0.000000e+00,0.000000e+00,0.000000e+00,0.000000e+00,0.000000e+00,0.000000e+00,0.000000e+00,0.000000e+00,0.000000e+00,0.000000e+00,0.000000e+00,0.000000e+00
1.000000e+00,0.000000e+00,0.000000e+00,0.000000e+00,0.000000e+00,0.000000e+00,0.000000e+00,0.000000e+00,0.000000e+00,0.000000e+00,0.000000e+00,0.000000e+00,0.000000e+00,0.000000e+00,0.000000e+00
1.000000e+00,0.000000e+00,0.000000e+00,0.000000e+00,0.000000e+00,0.000000e+00,0.000000e+00,0.000000e+00,0.000000e+00,0.000000e+00,0.000000e+00,0.000000e+00,0.000000e+00,0.000000e+00,0.000000e+00
1.000000e+00,0.000000e+00,0.000000e+00,0.000000e+00,0.000000e+00,0.000000e+00,0.000000e+00,0.000000e+00,0.000000e+00,0.000000e+00,0.000000e+00,0.000000e+00,0.000000e+00,0.000000e+00,0.000000e+00
1.000000e+00,0.000000e+00,0.000000e+00,0.000000e+00,0.000000e+00,0.000000e+00,0.000000e+00,0.000000e+00,0.000000e+00,0.000000e+00,0.000000e+00,0.000000e+00,0.000000e+00,0.000000e+00,0.000000e+00
1.000000e+00,0.000000e+00,0.000000e+00,0.000000e+00,0.000000e+00,0.000000e+00,0.000000e+00,0.000000e+00,0.000000e+00,0.000000e+00,0.000000e+00,0.000000e+00,0.000000e+00,0.000000e+00,0.000000e+00
1.000000e+00,0.000000e+00,0.000000e+00,0.000000e+00,0.000000e+00,0.000000e+00,0.000000e+00,0.000000e+00,0.000000e+00,0.000000e+00,0.000000e+00,0.000000e+00,0.000000e+00,0.000000e+00,0.000000e+00
1.000000e+00,0.000000e+00,0.000000e+00,0.000000e+00,0.000000e+00,0.000000e+00,0.000000e+00,0.000000e+00,0.000000e+00,0.000000e+00,0.000000e+00,0.000000e+00,0.000000e+00,0.000000e+00,0.000000e+00
1.000000e+00,0.000000e+00,0.000000e+00,0.000000e+00,0.000000e+00,0.000000e+00,0.000000e+00,0.000000e+00,0.000000e+00,0.000000e+00,0.000000e+00,0.000000e+00,0.000000e+00,0.000000e+00,0.000000e+00
1.000000e+00,0.000000e+00,0.000000e+00,0.000000e+00,0.000000e+00,0.000000e+00,0.000000e+00,0.000000e+00,0.000000e+00,0.000000e+00,0.000000e+00,0.000000e+00,0.000000e+00,0.000000e+00,0.000000e+00
1.000000e+00,0.000000e+00,0.000000e+00,0.000000e+00,0.000000e+00,0.000000e+00,0.000000e+00,0.000000e+00,0.000000e+00,0.000000e+00,0.000000e+00,0.000000e+00,0.000000e+00,0.000000e+00,0.000000e+00
1.000000e+00,0.000000e+00,0.000000e+00,0.000000e+00,0.000000e+00,0.000000e+00,0.000000e+00,0.000000e+00,0.000000e+00,0.000000e+00,0.000000e+00,0.000000e+00,0.000000e+00,0.000000e+00,0.000000e+00
1.000000e+00,0.000000e+00,0.000000e+00,0.000000e+00,0.000000e+00,0.000000e+00,0.000000e+00,0.000000e+00,0.000000e+00,0.000000e+00,0.000000e+00,0.000000e+00,0.000000e+00,0.000000e+00,0.000000e+00
1.000000e+00,0.000000e+00,0.000000e+00,0.000000e+00,0.000000e+00,0.000000e+00,0.000000e+00,0.000000e+00,0.000000e+00,0.000000e+00,0.000000e+00,0.000000e+00,0.000000e+00,0.000000e+00,0.000000e+00
1.000000e+00,0.000000e+00,0.000000e+00,0.000000e+00,0.000000e+00,0.000000e+00,0.000000e+00,0.000000e+00,0.000000e+00,0.000000e+00,0.000000e+00,0.000000e+00,0.000000e+00,0.000000e+00,0.000000e+00
1.000000e+00,0.000000e+00,0.000000e+00,0.000000e+00,0.000000e+00,0.000000e+00,0.000000e+00,0.000000e+00,0.000000e+00,0.000000e+00,0.000000e+00,0.000000e+00,0.000000e+00,0.000000e+00,0.000000e+00
1.000000e+00,0.000000e+00,0.000000e+00,0.000000e+00,0.000000e+00,0.000000e+00,0.000000e+00,0.000000e+00,0.000000e+00,0.000000e+00,0.000000e+00,0.000000e+00,0.000000e+00,0.000000e+00,0.000000e+00
1.000000e+00,0.000000e+00,0.000000e+00,0.000000e+00,0.000000e+00,0.000000e+00,0.000000e+00,0.000000e+00,0.000000e+00,0.000000e+00,0.000000e+00,0.000000e+00,0.000000e+00,0.000000e+00,0.000000e+00
1.000000e+00,0.000000e+00,0.000000e+00,0.000000e+00,0.000000e+00,0.000000e+00,0.000000e+00,0.000000e+00,0.000000e+00,0.000000e+00,0.000000e+00,0.000000e+00,0.000000e+00,0.000000e+00,0.000000e+00
1.000000e+00,0.000000e+00,0.000000e+00,0.000000e+00,0.000000e+00,0.000000e+00,0.000000e+00,0.000000e+00,0.000000e+00,0.000000e+00,0.000000e+00,0.000000e+00,0.000000e+00,0.000000e+00,0.000000e+00
1.000000e+00,0.000000e+00,0.000000e+00,0.000000e+00,0.000000e+00,0.000000e+00,0.000000e+00,0.000000e+00,0.000000e+00,0.000000e+00,0.000000e+00,0.000000e+00,0.000000e+00,0.000000e+00,0.000000e+00
1.000000e+00,0.000000e+00,0.000000e+00,0.000000e+00,0.000000e+00,0.000000e+00,0.000000e+00,0.000000e+00,0.000000e+00,0.000000e+00,0.000000e+00,0.000000e+00,0.000000e+00,0.000000e+00,0.000000e+00
1.000000e+00,0.000000e+00,0.000000e+00,0.000000e+00,0.000000e+00,0.000000e+00,0.000000e+00,0.000000e+00,0.000000e+00,0.000000e+00,0.000000e+00,0.000000e+00,0.000000e+00,0.000000e+00,0.000000e+00
1.000000e+00,0.000000e+00,0.000000e+00,0.000000e+00,0.000000e+00,0.000000e+00,0.000000e+00,0.000000e+00,0.000000e+00,0.000000e+00,0.000000e+00,0.000000e+00,0.000000e+00,0.000000e+00,0.000000e+00
1.000000e+00,0.000000e+00,0.000000e+00,0.000000e+00,0.000000e+00,0.000000e+00,0.000000e+00,0.000000e+00,0.000000e+00,0.000000e+00,0.000000e+00,0.000000e+00,0.000000e+00,0.000000e+00,0.000000e+00
1.000000e+00,0.000000e+00,0.000000e+00,0.000000e+00,0.000000e+00,0.000000e+00,0.000000e+00,0.000000e+00,0.000000e+00,0.000000e+00,0.000000e+00,0.000000e+00,0.000000e+00,0.000000e+00,0.000000e+00
1.000000e+00,0.000000e+00,0.000000e+00,0.000000e+00,0.000000e+00,0.000000e+00,0.000000e+00,0.000000e+00,0.000000e+00,0.000000e+00,0.000000e+00,0.000000e+00,0.000000e+00,0.000000e+00,0.000000e+00
1.000000e+00,0.000000e+00,0.000000e+00,0.000000e+00,0.000000e+00,0.000000e+00,0.000000e+00,0.000000e+00,0.000000e+00,0.000000e+00,0.000000e+00,0.000000e+00,0.000000e+00,0.000000e+00,0.000000e+00
1.000000e+00,0.000000e+00,0.000000e+00,0.000000e+00,0.000000e+00,0.000000e+00,0.000000e+00,0.000000e+00,0.000000e+00,0.000000e+00,0.000000e+00,0.000000e+00,0.000000e+00,0.000000e+00,0.000000e+00
1.000000e+00,0.000000e+00,0.000000e+00,0.000000e+00,0.000000e+00,0.000000e+00,0.000000e+00,0.000000e+00,0.000000e+00,0.000000e+00,0.000000e+00,0.000000e+00,0.000000e+00,0.000000e+00,0.000000e+00
1.000000e+00,0.000000e+00,0.000000e+00,0.000000e+00,0.000000e+00,0.000000e+00,0.000000e+00,0.000000e+00,0.000000e+00,0.000000e+00,0.000000e+00,0.000000e+00,0.000000e+00,0.000000e+00,0.000000e+00
1.000000e+00,0.000000e+00,0.000000e+00,0.000000e+00,0.000000e+00,0.000000e+00,0.000000e+00,0.000000e+00,0.000000e+00,0.000000e+00,0.000000e+00,0.000000e+00,0.000000e+00,0.000000e+00,0.000000e+00
1.000000e+00,0.000000e+00,0.000000e+00,0.000000e+00,0.000000e+00,0.000000e+00,0.000000e+00,0.000000e+00,0.000000e+00,0.000000e+00,0.000000e+00,0.000000e+00,0.000000e+00,0.000000e+00,0.000000e+00
1.000000e+00,0.000000e+00,0.000000e+00,0.000000e+00,0.000000e+00,0.000000e+00,0.000000e+00,0.000000e+00,0.000000e+00,0.000000e+00,0.000000e+00,0.000000e+00,0.000000e+00,0.000000e+00,0.000000e+00
1.000000e+00,0.000000e+00,0.000000e+00,0.000000e+00,0.000000e+00,0.000000e+00,0.000000e+00,0.000000e+00,0.000000e+00,0.000000e+00,0.000000e+00,0.000000e+00,0.000000e+00,0.000000e+00,0.000000e+00
1.000000e+00,0.000000e+00,0.000000e+00,0.000000e+00,0.000000e+00,0.000000e+00,0.000000e+00,0.000000e+00,0.000000e+00,0.000000e+00,0.000000e+00,0.000000e+00,0.000000e+00,0.000000e+00,0.000000e+00
1.000000e+00,0.000000e+00,0.000000e+00,0.000000e+00,0.000000e+00,0.000000e+00,0.000000e+00,0.000000e+00,0.000000e+00,0.000000e+00,0.000000e+00,0.000000e+00,0.000000e+00,0.000000e+00,0.000000e+00
1.000000e+00,0.000000e+00,0.000000e+00,0.000000e+00,0.000000e+00,0.000000e+00,0.000000e+00,0.000000e+00,0.000000e+00,0.000000e+00,0.000000e+00,0.000000e+00,0.000000e+00,0.000000e+00,0.000000e+00
1.000000e+00,0.000000e+00,0.000000e+00,0.000000e+00,0.000000e+00,0.000000e+00,0.000000e+00,0.000000e+00,0.000000e+00,0.000000e+00,0.000000e+00,0.000000e+00,0.000000e+00,0.000000e+00,0.000000e+00
1.000000e+00,0.000000e+00,0.000000e+00,0.000000e+00,0.000000e+00,0.000000e+00,0.000000e+00,0.000000e+00,0.000000e+00,0.000000e+00,0.000000e+00,0.000000e+00,0.000000e+00,0.000000e+00,0.000000e+00
1.000000e+00,0.000000e+00,0.000000e+00,0.000000e+00,0.000000e+00,0.000000e+00,0.000000e+00,0.000000e+00,0.000000e+00,0.000000e+00,0.000000e+00,0.000000e+00,0.000000e+00,0.000000e+00,0.000000e+00
1.000000e+00,0.000000e+00,0.000000e+00,0.000000e+00,0.000000e+00,0.000000e+00,0.000000e+00,0.000000e+00,0.000000e+00,0.000000e+00,0.000000e+00,0.000000e+00,0.000000e+00,0.000000e+00,0.000000e+00
1.000000e+00,0.000000e+00,0.000000e+00,0.000000e+00,0.000000e+00,0.000000e+00,0.000000e+00,0.000000e+00,0.000000e+00,0.000000e+00,0.000000e+00,0.000000e+00,0.000000e+00,0.000000e+00,0.000000e+00
1.000000e+00,0.000000e+00,0.000000e+00,0.000000e+00,0.000000e+00,0.000000e+00,0.000000e+00,0.000000e+00,0.000000e+00,0.000000e+00,0.000000e+00,0.000000e+00,0.000000e+00,0.000000e+00,0.000000e+00
1.000000e+00,0.000000e+00,0.000000e+00,0.000000e+00,0.000000e+00,0.000000e+00,0.000000e+00,0.000000e+00,0.000000e+00,0.000000e+00,0.000000e+00,0.000000e+00,0.000000e+00,0.000000e+00,0.000000e+00
1.000000e+00,0.000000e+00,0.000000e+00,0.000000e+00,0.000000e+00,0.000000e+00,0.000000e+00,0.000000e+00,0.000000e+00,0.000000e+00,0.000000e+00,0.000000e+00,0.000000e+00,0.000000e+00,0.000000e+00
1.000000e+00,0.000000e+00,0.000000e+00,0.000000e+00,0.000000e+00,0.000000e+00,0.000000e+00,0.000000e+00,0.000000e+00,0.000000e+00,0.000000e+00,0.000000e+00,0.000000e+00,0.000000e+00,0.000000e+00
1.000000e+00,0.000000e+00,0.000000e+00,0.000000e+00,0.000000e+00,0.000000e+00,0.000000e+00,0.000000e+00,0.000000e+00,0.000000e+00,0.000000e+00,0.000000e+00,0.000000e+00,0.000000e+00,0.000000e+00
1.000000e+00,0.000000e+00,0.000000e+00,0.000000e+00,0.000000e+00,0.000000e+00,0.000000e+00,0.000000e+00,0.000000e+00,0.000000e+00,0.000000e+00,0.000000e+00,0.000000e+00,0.000000e+00,0.000000e+00
1.000000e+00,0.000000e+00,0.000000e+00,0.000000e+00,0.000000e+00,0.000000e+00,0.000000e+00,0.000000e+00,0.000000e+00,0.000000e+00,0.000000e+00,0.000000e+00,0.000000e+00,0.000000e+00,0.000000e+00
1.000000e+00,0.000000e+00,0.000000e+00,0.000000e+00,0.000000e+00,0.000000e+00,0.000000e+00,0.000000e+00,0.000000e+00,0.000000e+00,0.000000e+00,0.000000e+00,0.000000e+00,0.000000e+00,0.000000e+00
1.000000e+00,0.000000e+00,0.000000e+00,0.000000e+00,0.000000e+00,0.000000e+00,0.000000e+00,0.000000e+00,0.000000e+00,0.000000e+00,0.000000e+00,0.000000e+00,0.000000e+00,0.000000e+00,0.000000e+00
1.000000e+00,0.000000e+00,0.000000e+00,0.000000e+00,0.000000e+00,0.000000e+00,0.000000e+00,0.000000e+00,0.000000e+00,0.000000e+00,0.000000e+00,0.000000e+00,0.000000e+00,0.000000e+00,0.000000e+00
3.614271e-01,4.630772e-02,3.425045e-03,8.196343e-02,3.538345e-02,6.562562e-02,3.466131e-02,3.131832e-03,8.680931e-02,1.816527e-02,9.906998e-02,1.301995e-02,5.251925e-02,3.585551e-02,6.263527e-02
2.686208e-01,4.098610e-02,2.982489e-03,1.344773e-01,2.789963e-02,5.722850e-02,2.711379e-02,3.781596e-03,8.160389e-02,1.783871e-02,1.076789e-01,1.462994e-02,6.366269e-02,7.934259e-02,7.215316e-02
1.923934e-01,2.908134e-02,2.274808e-03,9.870872e-02,2.046549e-02,4.191944e-02,1.910688e-02,2.903093e-03,6.606513e-02,1.374634e-02,1.053805e-01,1.181340e-02,5.059369e-02,2.927820e-01,5.276572e-02
1.349352e-01,2.100928e-02,1.684448e-03,6.933237e-02,1.459949e-02,3.038071e-02,1.338609e-02,2.040672e-03,5.621429e-02,9.873327e-03,8.345956e-02,8.543251e-03,3.614209e-02,4.793941e-01,3.900513e-02
9.636866e-02,2.193400e-02,3.593722e-03,5.676175e-02,1.259713e-02,2.571472e-02,9.460639e-03,1.477393e-03,8.503225e-02,7.896578e-03,6.337432e-02,9.068432e-03,2.874362e-02,4.880718e-01,8.990502e-02
7.894917e-02,2.120368e-02,4.909797e-03,4.073150e-02,9.782249e-03,2.658911e-02,6.741183e-03,1.135129e-03,8.436090e-02,7.207927e-03,4.707959e-02,7.287550e-03,2.191054e-02,5.549073e-01,8.720440e-02
5.719520e-02,2.169090e-02,3.640768e-03,2.882355e-02,8.109451e-03,2.194858e-02,4.755829e-03,8.120312e-04,8.938757e-02,5.759417e-03,3.525270e-02,6.024768e-03,1.631275e-02,5.987437e-01,1.015429e-01
4.234881e-02,2.000677e-02,3.267600e-03,2.096250e-02,7.038638e-03,2.148778e-02,3.497606e-03,6.594729e-04,1.193943e-01,5.165602e-03,2.650815e-02,5.048870e-03,1.215328e-02,6.034724e-01,1.089883e-01
3.070763e-02,1.512359e-02,2.872678e-03,1.478355e-02,5.167322e-03,1.750561e-02,2.477915e-03,4.843138e-04,8.989982e-02,4.416494e-03,2.322910e-02,3.664874e-03,8.917417e-03,6.736709e-01,1.070788e-01
2.309523e-02,1.510886e-02,2.332257e-03,1.049943e-02,5.347066e-03,1.399393e-02,1.802990e-03,3.699177e-04,7.706079e-02,5.088385e-03,2.151411e-02,2.671617e-03,7.405981e-03,7.033497e-01,1.103597e-01
1.654038e-02,1.202436e-02,2.217988e-03,7.416256e-03,3.986841e-03,1.081029e-02,1.314819e-03,3.208277e-04,7.243967e-02,1.000521e-02,1.657074e-02,1.930889e-03,5.668912e-03,7.126785e-01,1.260743e-01
1.189291e-02,1.498376e-02,1.951874e-03,5.292334e-03,3.224625e-03,8.611592e-03,9.699769e-04,2.554983e-04,1.022671e-01,1.458798e-02,1.379744e-02,1.419769e-03,4.233652e-03,6.858500e-01,1.306615e-01
8.722866e-03,2.274872e-02,2.610159e-03,3.934694e-03,3.773497e-03,6.416715e-03,7.534874e-04,2.113555e-04,1.529124e-01,2.601705e-02,1.172643e-02,1.036100e-03,3.280353e-03,6.387916e-01,1.170646e-01
6.184568e-03,1.664774e-02,1.992908e-03,2.769548e-03,2.814633e-03,4.530091e-03,5.371273e-04,1.572468e-04,3.113745e-01,2.309165e-02,8.452726e-03,7.339875e-04,2.342382e-03,5.306970e-01,8.767387e-02
4.738781e-03,1.252501e-02,1.900680e-03,2.134243e-03,3.034238e-03,3.398285e-03,3.922224e-04,1.232853e-04,3.558974e-01,2.880960e-02,6.816226e-03,5.563104e-04,1.696467e-03,4.919420e-01,8.603527e-02
3.718631e-03,1.107831e-02,2.359950e-03,1.550263e-03,2.503039e-03,2.464914e-03,2.801764e-04,1.005038e-04,3.420641e-01,3.199746e-02,8.255369e-03,5.337369e-04,1.235434e-03,5.287304e-01,6.312769e-02
2.857395e-03,8.264892e-03,1.935405e-03,1.136207e-03,2.073626e-03,1.849564e-03,2.005870e-04,8.446171e-05,3.412920e-01,2.702492e-02,6.683597e-03,4.013573e-04,8.983436e-04,5.567077e-01,4.858992e-02
2.167189e-03,5.904997e-03,1.572373e-03,8.424736e-04,1.613164e-03,1.391995e-03,1.507286e-04,1.009507e-04,2.713165e-01,3.302697e-02,1.989123e-02,3.544999e-04,7.374440e-04,6.175502e-01,4.337922e-02
1.571249e-03,4.315911e-03,1.316866e-03,6.096836e-04,1.209684e-03,1.209720e-03,1.145295e-04,8.220033e-05,1.973145e-01,3.548003e-02,1.032419e-01,3.955513e-04,5.979728e-04,6.189921e-01,3.354811e-02
1.133506e-03,3.131579e-03,9.826140e-04,4.418791e-04,8.910017e-04,9.502152e-04,8.487882e-05,6.090196e-05,1.402801e-01,2.978309e-02,1.474507e-01,3.802495e-04,4.675887e-04,6.496848e-01,2.427692e-02
8.250442e-04,2.278176e-03,7.093650e-04,3.263560e-04,7.215554e-04,7.281202e-04,6.322579e-05,4.823267e-05,1.029163e-01,2.323234e-02,1.490968e-01,3.829901e-04,3.490693e-04,7.011337e-01,1.718880e-02
6.107087e-04,1.623686e-03,5.183137e-04,2.425002e-04,5.553042e-04,6.136487e-04,5.292007e-05,4.199626e-05,7.380262e-02,1.814241e-02,1.540910e-01,3.122572e-04,2.550089e-04,7.367847e-01,1.235291e-02
5.067816e-04,1.160608e-03,3.891335e-04,1.861439e-04,4.740489e-04,4.852989e-04,7.668119e-05,4.696790e-05,5.241420e-02,1.702803e-02,1.460864e-01,3.127704e-04,2.095377e-04,7.715580e-01,9.065365e-03
7.757527e-04,9.280358e-04,3.953999e-04,2.572692e-04,1.893724e-03,7.273997e-04,2.391246e-04,1.070075e-04,3.951435e-02,2.569613e-02,1.344828e-01,4.137124e-04,2.289862e-04,7.875727e-01,6.767619e-03
1.111462e-03,8.199360e-04,4.851246e-04,3.214651e-04,2.086811e-03,8.836398e-04,2.991240e-04,1.472224e-04,2.889577e-02,2.518045e-02,1.252555e-01,4.101292e-04,2.483689e-04,8.086246e-01,5.230301e-03
1.147099e-03,8.277232e-04,7.710262e-04,3.454904e-04,1.787697e-03,9.663285e-04,2.348676e-04,2.004062e-04,2.146662e-02,2.100317e-02,1.483269e-01,5.361099e-04,3.072488e-04,7.982587e-01,3.820522e-03
9.625365e-04,7.189141e-04,7.097932e-04,3.131058e-04,1.313678e-03,1.037459e-03,1.719424e-04,1.676101e-04,1.540739e-02,1.697793e-02,1.756815e-01,6.453214e-04,3.302148e-04,7.828074e-01,2.755167e-03
9.783512e-04,1.564872e-03,9.557743e-04,3.508895e-04,2.797785e-03,4.107527e-03,2.621122e-04,1.546196e-04,1.182976e-02,1.669305e-02,1.713595e-01,9.243024e-04,4.431889e-04,7.852432e-01,2.334977e-03
9.273459e-04,1.661789e-03,1.054178e-03,3.292789e-04,3.652444e-03,3.862697e-03,2.396530e-04,1.549151e-04,8.890774e-03,1.428930e-02,1.910169e-01,1.606910e-03,9.881854e-04,7.694696e-01,1.855899e-03
7.893400e-04,1.643428e-03,8.688704e-04,2.868804e-04,4.180088e-03,3.451256e-03,2.008139e-04,1.326334e-04,6.649320e-03,1.632211e-02,2.169523e-01,2.120782e-03,1.395931e-03,7.434921e-01,1.514157e-03
6.509500e-04,4.623590e-03,9.645527e-04,2.814885e-04,5.266507e-03,7.674322e-03,4.637400e-04,1.737346e-04,6.104098e-03,2.725754e-02,3.159156e-01,5.306912e-03,1.778346e-03,6.216382e-01,1.900360e-03
5.678210e-04,6.140917e-03,9.054854e-04,3.383250e-04,2.002824e-02,1.823911e-02,3.128502e-03,3.176843e-04,1.453924e-02,3.608098e-02,3.357504e-01,5.647209e-03,1.723927e-03,5.544720e-01,2.120192e-03
7.220486e-04,4.502857e-03,1.032845e-03,6.506133e-04,2.052548e-02,1.795817e-02,4.302382e-03,3.695432e-03,1.378831e-02,5.930277e-02,3.714411e-01,6.073408e-03,2.009408e-03,4.918569e-01,2.138302e-03
1.216214e-03,4.308155e-03,2.345396e-03,8.869043e-04,2.168349e-02,2.041682e-02,4.418042e-03,3.964107e-03,1.340974e-02,9.407471e-02,3.693368e-01,7.841879e-03,2.451873e-03,4.447391e-01,8.906820e-03
3.138579e-03,3.740008e-03,2.650262e-02,5.736250e-03,3.429671e-02,1.558059e-02,4.169794e-03,5.335737e-02,1.234604e-02,1.030162e-01,3.166262e-01,8.394683e-03,3.086550e-03,4.020543e-01,7.954132e-03
2.193141e-02,7.312418e-03,7.915606e-02,2.932811e-02,8.603863e-02,1.662204e-02,5.408914e-03,6.355154e-02,1.512831e-02,8.419473e-02,2.533129e-01,9.953354e-03,4.217941e-03,3.152099e-01,8.633760e-03
3.572606e-02,1.434084e-02,8.083486e-02,3.104212e-02,1.563790e-01,2.867896e-02,5.593918e-03,4.969286e-02,2.165577e-02,7.207917e-02,1.938730e-01,9.243837e-03,6.126828e-03,2.824703e-01,1.226251e-02
5.446130e-02,1.820944e-02,1.235470e-01,4.564895e-02,1.778205e-01,2.952591e-02,5.878333e-03,6.363352e-02,3.125999e-02,5.438275e-02,1.530142e-01,8.643536e-03,6.496443e-03,2.162614e-01,1.121674e-02
6.397314e-02,4.683864e-02,1.122116e-01,3.972062e-02,1.700014e-01,2.992849e-02,5.110158e-03,5.333447e-02,8.491668e-02,4.444755e-02,1.137215e-01,9.604530e-03,6.511262e-03,1.713477e-01,4.833227e-02
8.136888e-02,4.351761e-02,1.155254e-01,4.912712e-02,1.580130e-01,3.010938e-02,5.880046e-03,5.438527e-02,1.397585e-01,3.320490e-02,9.120113e-02,1.091679e-02,6.711913e-03,1.275112e-01,5.276883e-02
9.817719e-02,4.019697e-02,1.607825e-01,6.444047e-02,1.250209e-01,4.898035e-02,5.331137e-03,4.661626e-02,1.252226e-01,2.457085e-02,8.112384e-02,1.092575e-02,5.981039e-03,1.046289e-01,5.800128e-02
1.059961e-01,3.454493e-02,1.617497e-01,5.681691e-02,9.851008e-02,1.474279e-01,8.165497e-03,4.945062e-02,1.069254e-01,1.807334e-02,7.088158e-02,1.034853e-02,6.425304e-03,7.912695e-02,4.555715e-02
9.442881e-02,2.840815e-02,1.445792e-01,4.305799e-02,7.187460e-02,3.158526e-01,8.514921e-03,4.131676e-02,7.871357e-02,1.351732e-02,5.282904e-02,8.318561e-03,5.427878e-03,5.668360e-02,3.647713e-02
1.114676e-01,2.244975e-02,1.127744e-01,3.259403e-02,5.208361e-02,3.962423e-01,2.911740e-02,4.277983e-02,5.667850e-02,1.316109e-02,4.289984e-02,8.240810e-03,6.120373e-03,4.168565e-02,3.170474e-02
1.155061e-01,1.801637e-02,9.218613e-02,2.703853e-02,3.855631e-02,4.377703e-01,6.473769e-02,4.905903e-02,4.185811e-02,1.195006e-02,3.191695e-02,7.363552e-03,7.750206e-03,3.033599e-02,2.595472e-02
1.026020e-01,1.437079e-02,6.875023e-02,2.012332e-02,2.898330e-02,5.225784e-01,7.707226e-02,4.019991e-02,3.232374e-02,1.163643e-02,2.368933e-02,6.798319e-03,8.343139e-03,2.150456e-02,2.102433e-02
1.081645e-01,1.209537e-02,5.472624e-02,1.551837e-02,2.637960e-02,4.886928e-01,1.420508e-01,3.567434e-02,3.262177e-02,1.206199e-02,1.900507e-02,9.846356e-03,9.893585e-03,1.552484e-02,1.774431e-02
1.076785e-01,1.939755e-02,4.499839e-02,1.474195e-02,2.636630e-02,4.736246e-01,1.662157e-01,3.080614e-02,3.059707e-02,1.030376e-02,1.834457e-02,1.108663e-02,1.311281e-02,1.172823e-02,2.099775e-02
8.037578e-02,2.817011e-02,3.524720e-02,5.962682e-02,2.181073e-02,3.874704e-01,1.450150e-01,2.263828e-02,3.529803e-02,1.594518e-02,5.928025e-02,3.958876e-02,2.457870e-02,9.996239e-03,3.495851e-02
6.000816e-02,2.173055e-02,2.545201e-02,4.596183e-02,1.742620e-02,3.328562e-01,1.215919e-01,1.648640e-02,2.921316e-02,1.684196e-02,8.859093e-02,5.698143e-02,8.055238e-02,8.542260e-03,7.776450e-02
4.587691e-02,1.550034e-02,1.891572e-02,3.567893e-02,1.426100e-02,2.540849e-01,1.038624e-01,1.210560e-02,2.303158e-02,1.377022e-02,8.290590e-02,1.032875e-01,1.673834e-01,7.069502e-03,1.022662e-01
3.714835e-02,1.127811e-02,1.419636e-02,2.955464e-02,1.330536e-02,1.979915e-01,8.622789e-02,8.665150e-03,2.040761e-02,1.366813e-02,7.651771e-02,1.418911e-01,2.626376e-01,5.417483e-03,8.109295e-02
2.713339e-02,9.424818e-03,1.146435e-02,2.202490e-02,1.319178e-02,2.030655e-01,6.111076e-02,6.229482e-03,1.581632e-02,1.152520e-02,6.557538e-02,1.634967e-01,3.273138e-01,5.144199e-03,5.748335e-02
1.968795e-02,6.676445e-03,8.355392e-03,1.567020e-02,9.374193e-03,1.767611e-01,4.343785e-02,4.400825e-03,1.184868e-02,2.836001e-02,6.293651e-02,3.196129e-01,2.482437e-01,3.781641e-03,4.085265e-02
1.464903e-02,4.705582e-03,5.961836e-03,1.105891e-02,6.707050e-03,1.382275e-01,3.061215e-02,3.096443e-03,9.059687e-03,3.983605e-02,5.463744e-02,4.707674e-01,1.790301e-01,2.813087e-03,2.883771e-02
1.062100e-02,3.306076e-03,4.186749e-03,7.779881e-03,4.751314e-03,9.935356e-02,2.148489e-02,2.184672e-03,8.963389e-03,4.143293e-02,4.389670e-02,6.021223e-01,1.276017e-01,2.073813e-03,2.024099e-02
7.586946e-03,2.380539e-03,2.942313e-03,5.499293e-03,4.224572e-03,7.046559e-02,1.507219e-02,1.556770e-03,5.388241e-02,4.380791e-02,3.602326e-02,6.466770e-01,9.410095e-02,1.548107e-03,1.423212e-02
5.560464e-03,2.100509e-03,2.095480e-03,3.878364e-03,3.324520e-03,5.041559e-02,1.055821e-02,1.126893e-03,8.739959e-02,3.488762e-02,2.780950e-02,6.912632e-01,6.837585e-02,1.210266e-03,9.993995e-03
3.943759e-03,1.859578e-03,1.497212e-03,2.734740e-03,2.604468e-03,3.566526e-02,7.398038e-03,8.103676e-04,8.484828e-02,2.799471e-02,2.030440e-02,7.532061e-01,4.916615e-02,9.215336e-04,7.045429e-03
2.871881e-03,1.633427e-03,1.065923e-03,1.929891e-03,8.593269e-03,2.533081e-02,5.475960e-03,6.545231e-04,3.007668e-01,2.357977e-02,1.560408e-02,5.716600e-01,3.511727e-02,6.900032e-04,5.026374e-03
2.085870e-03,1.542488e-03,7.688520e-04,1.450541e-03,8.084646e-03,2.043432e-02,4.184359e-03,8.365515e-04,4.164381e-01,3.076183e-02,1.883986e-02,4.626868e-01,2.750820e-02,7.024892e-04,3.675062e-03
1.497752e-03,1.679095e-03,5.506278e-04,1.082181e-03,6.249121e-03,2.271079e-02,3.131474e-03,9.444025e-04,4.863701e-01,2.714792e-02,2.714998e-02,3.940760e-01,2.396453e-02,7.421058e-04,2.703813e-03
1.100207e-03,1.760335e-03,4.218074e-04,1.227950e-03,5.146424e-03,2.031387e-02,2.365762e-03,2.469319e-03,5.182493e-01,2.365487e-02,3.145219e-02,3.545442e-01,3.442542e-02,6.727564e-04,2.195518e-03
9.248313e-04,1.955704e-03,4.153796e-04,1.275267e-03,6.030994e-03,1.547299e-02,1.871228e-03,8.546910e-03,5.790998e-01,1.909061e-02,2.594078e-02,3.039610e-01,3.300083e-02,5.230062e-04,1.890541e-03
1.552443e-03,2.352862e-03,3.693476e-04,1.153446e-03,1.000744e-02,2.897290e-02,2.416766e-03,9.460373e-03,6.552527e-01,1.533648e-02,2.124791e-02,2.214314e-01,2.810986e-02,4.536645e-04,1.882290e-03
3.109208e-03,2.141128e-03,8.932818e-04,2.509848e-03,2.891973e-02,2.587677e-02,4.054450e-03,5.388794e-02,6.719311e-01,1.116264e-02,1.559345e-02,1.568540e-01,2.120936e-02,3.624652e-04,1.494610e-03
5.804584e-03,3.470451e-03,8.543945e-04,4.305154e-03,6.504575e-02,5.263017e-02,4.376890e-03,4.044577e-02,6.737823e-01,8.505411e-03,1.162959e-02,1.114035e-01,1.604120e-02,3.882830e-04,1.316505e-03
7.441040e-03,3.265392e-03,9.345264e-04,3.424258e-02,1.228165e-01,4.117503e-02,3.834035e-03,3.935584e-02,6.402448e-01,6.207485e-03,8.378881e-03,7.891595e-02,1.166542e-02,2.926890e-04,1.229845e-03
9.050382e-03,5.135959e-03,9.002782e-04,3.047247e-02,1.415657e-01,3.676165e-02,3.869693e-03,3.742573e-02,6.566586e-01,4.592338e-03,6.312239e-03,5.595116e-02,9.714706e-03,2.604167e-04,1.328566e-03
1.287871e-02,5.398372e-03,1.324386e-03,3.132567e-02,2.387000e-01,3.008370e-02,6.400091e-03,6.595829e-02,5.520428e-01,3.375101e-03,4.593141e-03,3.938486e-02,7.034401e-03,2.611066e-04,1.239266e-03
2.107500e-02,8.373112e-03,3.504690e-03,2.635419e-02,2.411900e-01,3.219529e-02,9.385440e-03,8.348869e-02,5.244287e-01,3.910236e-03,3.449061e-03,2.797103e-02,8.008232e-03,3.315236e-04,6.334842e-03
2.634531e-02,1.219737e-02,4.942920e-03,2.374642e-02,2.430886e-01,2.919279e-02,9.541291e-03,1.016763e-01,5.038795e-01,5.853117e-03,2.648821e-03,1.988278e-02,6.681116e-03,3.884969e-04,9.935149e-03
2.936235e-02,2.153730e-02,5.228557e-03,1.798461e-02,2.130315e-01,2.405853e-02,1.628595e-02,9.654112e-02,5.378047e-01,5.118032e-03,2.188226e-03,1.438401e-02,7.149925e-03,4.165838e-04,8.908639e-03
3.824524e-02,2.355503e-02,4.670009e-03,1.525468e-02,2.267587e-01,2.244391e-02,1.472994e-02,9.851182e-02,5.256506e-01,4.168801e-03,1.832042e-03,1.046467e-02,5.905802e-03,6.419605e-04,7.166760e-03
4.978959e-02,2.775267e-02,4.157389e-03,1.434126e-02,2.346879e-01,2.337681e-02,1.342648e-02,9.560785e-02,5.098218e-01,3.599640e-03,1.652586e-03,8.164617e-03,5.783756e-03,9.679696e-04,6.869689e-03
5.995203e-02,2.934144e-02,3.884334e-03,1.404386e-02,2.276829e-01,2.119553e-02,1.524345e-02,8.822522e-02,5.143874e-01,4.627740e-03,1.513909e-03,6.448658e-03,4.883704e-03,1.421034e-03,7.148858e-03
7.096997e-02,3.294905e-02,4.108397e-03,1.453144e-02,1.971067e-01,2.177677e-02,1.724180e-02,7.926998e-02,5.319160e-01,6.351423e-03,1.916576e-03,5.476893e-03,4.578655e-03,2.344166e-03,9.462161e-03
9.521893e-02,7.380445e-02,4.002801e-03,1.155026e-02,1.519959e-01,2.926032e-02,1.295255e-02,6.196465e-02,5.063700e-01,7.840597e-03,2.270233e-03,4.622703e-03,4.772852e-03,4.187291e-03,2.918643e-02
1.370681e-01,7.713060e-02,4.058013e-03,9.621534e-03,1.138641e-01,4.364718e-02,1.555606e-02,5.287631e-02,4.492228e-01,2.385720e-02,3.118684e-03,5.074389e-03,1.246927e-02,5.216813e-03,4.721894e-02
1.959855e-01,6.903518e-02,5.562866e-03,9.401279e-03,8.379999e-02,5.094438e-02,2.922955e-02,4.167353e-02,3.791857e-01,2.833265e-02,3.725196e-03,7.229629e-03,1.865913e-02,6.345965e-03,7.088941e-02
2.919825e-01,5.619792e-02,7.590973e-03,9.141864e-03,6.105517e-02,4.825992e-02,5.998027e-02,3.318007e-02,2.848987e-01,2.952884e-02,5.820398e-03,1.616404e-02,1.800098e-02,8.674630e-03,6.952366e-02
3.709306e-01,4.799485e-02,1.008286e-02,1.038187e-02,4.549129e-02,4.347616e-02,6.309156e-02,2.774142e-02,2.202997e-01,3.677253e-02,7.533991e-03,2.104614e-02,1.787042e-02,9.557880e-03,6.772878e-02
3.283402e-01,5.275553e-02,1.275013e-02,1.261101e-02,3.335894e-02,4.610549e-02,5.309121e-02,2.413373e-02,1.618406e-01,7.244740e-02,1.852226e-02,2.345531e-02,2.009480e-02,1.292428e-02,1.275692e-01
2.422653e-01,4.069062e-02,1.026502e-02,1.170346e-02,2.419453e-02,3.573521e-02,7.101662e-02,1.755281e-02,1.285676e-01,7.014307e-02,1.736357e-02,2.316294e-02,7.354642e-02,1.445201e-02,2.193408e-01
1.733981e-01,3.065880e-02,8.646477e-03,2.153957e-02,1.831907e-02,2.876026e-02,7.679197e-02,1.297051e-02,9.550752e-02,7.939941e-02,2.008703e-02,3.923704e-02,9.646238e-02,1.235063e-02,2.858713e-01
1.225360e-01,2.180302e-02,8.774015e-03,1.924325e-02,1.547136e-02,2.113580e-02,5.858782e-02,9.596616e-03,6.910701e-02,1.041036e-01,1.569744e-02,3.316724e-02,1.859854e-01,9.577867e-03,3.052137e-01
8.968180e-02,1.585632e-02,9.611282e-03,1.583834e-02,1.466056e-02,1.764202e-02,4.455950e-02,7.023588e-03,5.065200e-02,8.945709e-02,1.220424e-02,3.300951e-02,2.864967e-01,7.495548e-03,3.058115e-01
6.515709e-02,1.129326e-02,7.228946e-03,1.123858e-02,1.166549e-02,1.467726e-02,3.179156e-02,4.961540e-03,3.605273e-02,8.198769e-02,1.222150e-02,2.601308e-02,2.615106e-01,6.351038e-03,4.178497e-01
4.571370e-02,8.040262e-03,5.481187e-03,8.332433e-03,1.462777e-02,1.064623e-02,2.233627e-02,3.578721e-03,2.702854e-02,7.342818e-02,1.056693e-02,1.907988e-02,1.888898e-01,4.686368e-03,5.575637e-01
3.208444e-02,6.143860e-03,5.722231e-03,6.826493e-03,1.589954e-02,7.851735e-03,1.572178e-02,2.613619e-03,2.224039e-02,6.379236e-02,9.330914e-03,1.404802e-02,1.395886e-01,3.825273e-03,6.543108e-01
2.248956e-02,4.378312e-03,5.637248e-03,9.038072e-03,1.272611e-02,5.638622e-03,1.221593e-02,1.910641e-02,1.969854e-02,4.978971e-02,8.993101e-03,1.097941e-02,1.236778e-01,2.823262e-03,6.928080e-01
1.581654e-02,3.490996e-03,4.673601e-03,1.114681e-02,1.858504e-02,4.228078e-03,8.708781e-03,1.432081e-02,2.274408e-02,3.900073e-02,7.279023e-03,8.735408e-03,9.009792e-02,2.609498e-03,7.485627e-01
1.132421e-02,2.730120e-03,8.561774e-03,3.760041e-02,5.856266e-02,3.172725e-03,6.420379e-03,2.274677e-02,1.885406e-02,2.784568e-02,7.946708e-03,7.518759e-03,6.849133e-02,2.015691e-03,7.162087e-01
9.314705e-03,4.513965e-03,1.097637e-02,1.478584e-01,1.328753e-01,5.694844e-03,5.256309e-03,1.954451e-02,3.922530e-02,1.996024e-02,1.367170e-02,5.671594e-03,5.268769e-02,1.989425e-03,5.307595e-01
7.374165e-03,1.017528e-02,1.163994e-02,1.305225e-01,1.409614e-01,1.273810e-02,4.863913e-03,1.849891e-02,1.476505e-01,1.640607e-02,2.587514e-02,5.692428e-03,5.300654e-02,2.462966e-03,4.121322e-01
5.604362e-03,1.583591e-02,8.689485e-03,9.440634e-02,1.044446e-01,9.507838e-03,3.569824e-03,1.404317e-02,3.670853e-01,1.222191e-02,2.224635e-02,4.582623e-03,4.294484e-02,1.963541e-03,2.928539e-01
4.053684e-03,1.468342e-02,6.257570e-03,6.861561e-02,7.466780e-02,6.970097e-03,2.540611e-03,9.954504e-03,5.420188e-01,9.214647e-03,1.693192e-02,3.391032e-03,3.150353e-02,1.480576e-03,2.077162e-01
3.121177e-03,1.153388e-02,4.614793e-03,4.901527e-02,5.820516e-02,5.680921e-03,2.000411e-03,7.306227e-03,6.243646e-01,7.685290e-03,3.402964e-02,3.714236e-03,3.708442e-02,1.809472e-03,1.498345e-01
2.826330e-03,9.355189e-03,3.345805e-03,3.523226e-02,4.289617e-02,4.377075e-03,1.474745e-03,5.409349e-03,6.505437e-01,1.023640e-02,7.911009e-02,3.990189e-03,3.586027e-02,5.005985e-03,1.103365e-01
2.934798e-03,7.190371e-03,2.893697e-03,2.628329e-02,3.629899e-02,3.446460e-03,1.326954e-03,6.879658e-03,7.040213e-01,8.599333e-03,8.097656e-02,3.172333e-03,3.136001e-02,5.286540e-03,7.932978e-02
2.594815e-03,5.506039e-03,2.279429e-03,1.869140e-02,2.896604e-02,2.834249e-03,9.870663e-04,5.140726e-03,7.425650e-01,6.784580e-03,8.547171e-02,2.788053e-03,2.720034e-02,9.805455e-03,5.838513e-02
2.257522e-03,4.549953e-03,1.927219e-03,1.321361e-02,2.535726e-02,2.461566e-03,7.537673e-04,3.721529e-03,7.544147e-01,5.828219e-03,9.239943e-02,2.343063e-03,2.091580e-02,2.277014e-02,4.708624e-02
1.817775e-03,3.541407e-03,1.425141e-03,9.335408e-03,1.814329e-02,2.081497e-03,5.345311e-04,2.636011e-03,8.163197e-01,4.834263e-03,6.838810e-02,1.840199e-03,1.530659e-02,1.893626e-02,3.485984e-02
1.461977e-03,4.846341e-03,1.323653e-03,6.636931e-03,1.293170e-02,3.071212e-03,3.895900e-04,1.903098e-03,8.422922e-01,4.511766e-03,5.093510e-02,1.547857e-03,1.202757e-02,2.835854e-02,2.776238e-02
1.855217e-03,7.967638e-03,3.119619e-03,5.094128e-03,9.798978e-03,4.235502e-03,3.292051e-04,1.646503e-03,8.484155e-01,4.587263e-03,3.951840e-02,1.403287e-03,9.932466e-03,3.591520e-02,2.618109e-02
3.556393e-03,9.067951e-03,4.464245e-03,4.549662e-03,7.711097e-03,5.579205e-03,2.821992e-04,2.316480e-03,8.452646e-01,4.946200e-03,3.400490e-02,3.206458e-03,9.359313e-03,4.298364e-02,2.270772e-02
6.061764e-03,9.861905e-03,3.598944e-03,3.703690e-03,6.659469e-03,4.945796e-03,2.520147e-04,3.086148e-03,8.277550e-01,4.798115e-03,3.159661e-02,4.731356e-03,9.918598e-03,6.206017e-02,2.097049e-02
1.714233e-02,1.609661e-02,1.286769e-02,8.455535e-03,1.608474e-02,6.871494e-03,1.059480e-03,4.564520e-02,7.586570e-01,6.272948e-03,2.637280e-02,4.899768e-03,1.081429e-02,5.101032e-02,1.774977e-02
1.877073e-02,2.675716e-02,1.083340e-02,8.495857e-03,1.580264e-02,1.022750e-02,1.825275e-03,3.585484e-02,7.687462e-01,5.325867e-03,2.015127e-02,3.982268e-03,1.313013e-02,4.427981e-02,1.581697e-02
2.862547e-02,2.050482e-02,2.347861e-02,6.977812e-03,1.330071e-02,2.306736e-02,3.950788e-02,1.702114e-01,5.896896e-01,4.005481e-03,1.504797e-02,3.074484e-03,1.111900e-02,3.868631e-02,1.270308e-02
3.794518e-02,1.585064e-02,2.726623e-02,5.235143e-03,1.855147e-02,7.891086e-02,2.918333e-02,1.241989e-01,5.900387e-01,3.045435e-03,1.105506e-02,2.735394e-03,1.153998e-02,3.105682e-02,1.338690e-02
5.202254e-02,1.620641e-02,3.038337e-02,5.834740e-03,2.476613e-02,9.032363e-02,2.092146e-02,9.491267e-02,6.073697e-01,2.647518e-03,8.222563e-03,2.258503e-03,9.527348e-03,2.286180e-02,1.174161e-02
5.297291e-02,6.319577e-02,3.548493e-02,7.470729e-03,3.100043e-02,7.429136e-02,1.522571e-02,6.934090e-02,5.665816e-01,3.602516e-03,7.533814e-03,2.537142e-03,1.154379e-02,2.481649e-02,3.440187e-02
5.110906e-02,5.741047e-02,6.668242e-02,3.985439e-02,4.644691e-02,5.395730e-02,1.097315e-02,8.925162e-02,5.088391e-01,4.201750e-03,6.283844e-03,2.389165e-03,9.940951e-03,1.905711e-02,3.360274e-02
8.306697e-02,5.448012e-02,6.575660e-02,7.038360e-02,9.255372e-02,5.346098e-02,8.881792e-03,7.210960e-02,4.091980e-01,6.703416e-03,5.481603e-03,2.661533e-03,1.133783e-02,1.524117e-02,4.868307e-02
6.885847e-02,5.886420e-02,7.510206e-02,1.629795e-01,9.899423e-02,4.084598e-02,6.702453e-03,5.542475e-02,3.404132e-01,1.158947e-02,5.543321e-03,2.683827e-03,9.314130e-03,1.096397e-02,5.172053e-02
6.396852e-02,1.460680e-01,6.042588e-02,1.352885e-01,9.703983e-02,4.041617e-02,5.122340e-03,4.035131e-02,3.215482e-01,1.267120e-02,6.217611e-03,2.657684e-03,7.768151e-03,8.492985e-03,5.196368e-02
6.373776e-02,1.428235e-01,5.865367e-02,1.653360e-01,1.047324e-01,5.850253e-02,4.913511e-03,3.725075e-02,2.853029e-01,1.284834e-02,7.132216e-03,5.579197e-03,7.696136e-03,6.387369e-03,3.910370e-02
4.508793e-02,1.113187e-01,6.608432e-02,2.461444e-01,7.529569e-02,4.297187e-02,3.646551e-03,2.646836e-02,2.365262e-01,5.495596e-02,4.043383e-02,6.252582e-03,8.308413e-03,4.821821e-03,3.168332e-02
3.169617e-02,8.238929e-02,7.072859e-02,3.363134e-01,5.570133e-02,3.254475e-02,2.788066e-03,1.877286e-02,1.868326e-01,4.314999e-02,9.662366e-02,6.709819e-03,6.714802e-03,4.996280e-03,2.403846e-02
2.285951e-02,5.848891e-02,5.743894e-02,2.933115e-01,3.980939e-02,2.326228e-02,2.147927e-03,1.362154e-02,1.524168e-01,3.224744e-02,2.201669e-01,1.278422e-02,7.492611e-03,4.062422e-02,2.332789e-02
1.649912e-02,4.147350e-02,4.103207e-02,2.387627e-01,2.963873e-02,1.689221e-02,1.688338e-03,1.024703e-02,1.134603e-01,2.330467e-02,2.582497e-01,2.362425e-02,8.738786e-03,1.560087e-01,2.037994e-02
1.250311e-02,2.983532e-02,2.909402e-02,1.754671e-01,2.395772e-02,1.708351e-02,1.349120e-03,9.444755e-03,9.140322e-02,1.695186e-02,3.178646e-01,3.151820e-02,9.209395e-03,2.194352e-01,1.488300e-02
8.985590e-03,2.289721e-02,2.063380e-02,1.247168e-01,1.741622e-02,1.628899e-02,9.600464e-04,6.666731e-03,9.252349e-02,1.216275e-02,2.784072e-01,2.807388e-02,7.235175e-03,3.524002e-01,1.063206e-02
6.332672e-03,5.408935e-02,1.624166e-02,8.879748e-02,1.641850e-02,1.346138e-02,6.893815e-04,4.746861e-03,1.853782e-01,8.772469e-03,2.815280e-01,2.143493e-02,5.384562e-03,2.885664e-01,8.158223e-03
4.529476e-03,4.214739e-02,1.236120e-02,6.264951e-02,1.201043e-02,1.783228e-02,4.929755e-04,3.368458e-03,2.830614e-01,6.255637e-03,2.177634e-01,1.562370e-02,4.059078e-03,3.114965e-01,6.348664e-03
3.240239e-03,3.272930e-02,8.848399e-03,4.415774e-02,8.613585e-03,2.082054e-02,3.511246e-04,2.384219e-03,3.352422e-01,4.505475e-03,1.849243e-01,1.140331e-02,3.031469e-03,3.348759e-01,4.872330e-03
2.338136e-03,2.349885e-02,6.319826e-03,3.147774e-02,6.196884e-03,1.804316e-02,2.509835e-04,1.677475e-03,3.633514e-01,3.833397e-03,1.741339e-01,8.722409e-03,2.965286e-03,3.531008e-01,4.089900e-03
1.791429e-03,1.685471e-02,5.090533e-03,2.363212e-02,5.322486e-03,2.360842e-02,2.282743e-04,1.227301e-03,4.156820e-01,5.901466e-03,1.728774e-01,9.835772e-03,8.810242e-03,3.046811e-01,4.456889e-03
1.427800e-03,1.699647e-02,4.071155e-03,1.842621e-02,4.933356e-03,2.208237e-02,2.171853e-04,8.939871e-04,3.767721e-01,6.893033e-03,2.072603e-01,1.128128e-02,1.439854e-02,3.062024e-01,8.143816e-03
1.052708e-03,1.250727e-02,3.431906e-03,1.576552e-02,3.806683e-03,1.615242e-02,1.755361e-04,6.944420e-04,4.814585e-01,8.982717e-03,1.774639e-01,8.402330e-03,1.171280e-02,2.460266e-01,1.236659e-02
8.716573e-04,1.142537e-02,3.831688e-03,1.271586e-02,3.209950e-03,1.460554e-02,2.156310e-04,5.667928e-04,5.466706e-01,1.631688e-02,1.451330e-01,6.352731e-03,9.475152e-03,2.138469e-01,1.476221e-02
9.195097e-04,3.011186e-02,7.536632e-03,2.264924e-02,2.784362e-03,2.918291e-02,4.581288e-04,7.791833e-04,5.351803e-01,3.078561e-02,1.384636e-01,5.278374e-03,9.732661e-03,1.619185e-01,2.421897e-02
1.048862e-03,4.298754e-02,3.609981e-02,4.439463e-02,2.851266e-03,2.717349e-02,4.331070e-04,2.279188e-03,5.221720e-01,3.534279e-02,1.137814e-01,4.108869e-03,9.095555e-03,1.254092e-01,3.282235e-02
1.623814e-03,6.878402e-02,4.040932e-02,8.745170e-02,2.269005e-03,2.397262e-02,3.172581e-04,1.840983e-03,4.931785e-01,2.723217e-02,1.022085e-01,3.038099e-03,9.287391e-03,9.489021e-02,4.349636e-02
2.386523e-03,6.160558e-02,3.240867e-02,7.258715e-02,2.127490e-03,2.651222e-02,3.416416e-04,1.529586e-03,3.734569e-01,3.364987e-02,2.579560e-01,4.775203e-03,1.273028e-02,8.104391e-02,3.688890e-02
2.870927e-03,5.396401e-02,2.465779e-02,5.465362e-02,3.022258e-03,2.222061e-02,3.788571e-04,1.120954e-03,2.767700e-01,3.515446e-02,4.183239e-01,3.897789e-03,1.147250e-02,6.192568e-02,2.956666e-02
2.953879e-03,6.564882e-02,1.022423e-01,5.431605e-02,6.855226e-03,1.994733e-02,1.357990e-03,9.286387e-03,3.081004e-01,3.265645e-02,3.125966e-01,3.201237e-03,1.031254e-02,4.770993e-02,2.281487e-02
4.058364e-03,6.406360e-02,2.205748e-01,6.717217e-02,9.508278e-03,2.078337e-02,1.194925e-03,9.976984e-03,2.683360e-01,5.024933e-02,2.202422e-01,2.315875e-03,7.423576e-03,3.433448e-02,1.976606e-02
7.985348e-03,6.604771e-02,3.108180e-01,7.044334e-02,1.742785e-02,3.001224e-02,1.766352e-03,1.649074e-02,2.274293e-01,4.675948e-02,1.548319e-01,1.681536e-03,5.452075e-03,2.489193e-02,1.796223e-02
1.593205e-02,6.923534e-02,3.679605e-01,7.105413e-02,1.914734e-02,3.055900e-02,1.859861e-03,2.349905e-02,2.034551e-01,4.466796e-02,1.090729e-01,1.307269e-03,4.119425e-03,1.818383e-02,1.994636e-02
1.936767e-02,8.658948e-02,3.356417e-01,5.396540e-02,2.322883e-02,3.759946e-02,1.966725e-03,4.294389e-02,2.505036e-01,3.571165e-02,7.665846e-02,1.031836e-03,3.211562e-03,1.391784e-02,1.766200e-02
