1.000000e+00,0.000000e+00,0.000000e+00,0.000000e+00,0.000000e+00,0.000000e+00,0.000000e+00,0.000000e+00,0.000000e+00,0.000000e+00,0.000000e+00,0.000000e+00,0.000000e+00,0.000000e+00,0.000000e+00
1.000000e+00,0.000000e+00,0.000000e+00,0.000000e+00,0.000000e+00,0.000000e+00,0.000000e+00,0.000000e+00,0.000000e+00,0.000000e+00,0.000000e+00,0.000000e+00,0.000000e+00,0.000000e+00,0.000000e+00
1.000000e+00,0.000000e+00,0.000000e+00,0.000000e+00,0.000000e+00,0.000000e+00,0.000000e+00,0.000000e+00,0.000000e+00,0.000000e+00,0.000000e+00,0.000000e+00,0.000000e+00,0.000000e+00,0.000000e+00
1.000000e+00,0.000000e+00,0.000000e+00,0.000000e+00,0.000000e+00,0.000000e+00,0.000000e+00,0.000000e+00,0.000000e+00,0.000000e+00,0.000000e+00,0.000000e+00,0.000000e+00,0.000000e+00,0.000000e+00
1.000000e+00,0.000000e+00,0.000000e+00,0.000000e+00,0.000000e+00,0.000000e+00,0.000000e+00,0.000000e+00,0.000000e+00,0.000000e+00,0.000000e+00,0.000000e+00,0.000000e+00,0.000000e+00,0.000000e+00
1.000000e+00,0.000000e+00,0.000000e+00,0.000000e+00,0.000000e+00,0.000000e+00,0.000000e+00,0.000000e+00,0.000000e+00,0.000000e+00,0.000000e+00,0.000000e+00,0.000000e+00,0.000000e+00,0.000000e+00
1.000000e+00,0.000000e+00,0.000000e+00,0.000000e+00,0.000000e+00,0.000000e+00,0.000000e+00,0.000000e+00,0.000000e+00,0.000000e+00,0.000000e+00,0.000000e+00,0.000000e+00,0.000000e+00,0.000000e+00
1.000000e+00,0.000000e+00,0.000000e+00,0.000000e+00,0.000000e+00,0.000000e+00,0.000000e+00,0.000000e+00,0.000000e+00,0.000000e+00,0.000000e+00,0.000000e+00,0.000000e+00,0.000000e+00,0.000000e+00
1.000000e+00,0.000000e+00,0.000000e+00,0.000000e+00,0.000000e+00,0.000000e+00,0.000000e+00,0.000000e+00,0.000000e+00,0.000000e+00,0.000000e+00,0.000000e+00,0.000000e+00,0.000000e+00,0.000000e+00
1.000000e+00,0.000000e+00,0.000000e+00,0.000000e+00,0.000000e+00,0.000000e+00,0.000000e+00,0.000000e+00,0.000000e+00,0.000000e+00,0.000000e+00,0.000000e+00,0.000000e+00,0.000000e+00,0.000000e+00
1.000000e+00,0.000000e+00,0.000000e+00,0.000000e+00,0.000000e+00,0.000000e+00,0.000000e+00,0.000000e+00,0.000000e+00,0.000000e+00,0.000000e+00,0.000000e+00,0.000000e+00,0.000000e+00,0.000000e+00
1.000000e+00,0.000000e+00,0.000000e+00,0.000000e+00,0.000000e+00,0.000000e+00,0.000000e+00,0.000000e+00,0.000000e+00,0.000000e+00,0.000000e+00,0.000000e+00,0.000000e+00,0.000000e+00,0.000000e+00
1.000000e+00,0.000000e+00,0.000000e+00,0.000000e+00,0.000000e+00,0.000000e+00,0.000000e+00,0.000000e+00,0.000000e+00,0.000000e+00,0.000000e+00,0.000000e+00,0.000000e+00,0.000000e+00,0.000000e+00
1.000000e+00,0.000000e+00,0.000000e+00,0.000000e+00,0.000000e+00,0.000000e+00,0.000000e+00,0.000000e+00,0.000000e+00,0.000000e+00,0.000000e+00,0.000000e+00,0.000000e+00,0.000000e+00,0.000000e+00
1.000000e+00,0.000000e+00,0.000000e+00,0.000000e+00,0.000000e+00,0.000000e+00,0.000000e+00,0.000000e+00,0.000000e+00,0.000000e+00,0.000000e+00,0.000000e+00,0.000000e+00,0.000000e+00,0.000000e+00
1.000000e+00,0.000000e+00,0.000000e+00,0.000000e+00,0.000000e+00,0.000000e+00,0.000000e+00,0.000000e+00,0.000000e+00,0.000000e+00,0.000000e+00,0.000000e+00,0.000000e+00,0.000000e+00,0.000000e+00
1.000000e+00,0.000000e+00,0.000000e+00,0.000000e+00,0.000000e+00,0.000000e+00,0.000000e+00,0.000000e+00,0.000000e+00,0.000000e+00,0.000000e+00,0.000000e+00,0.000000e+00,0.000000e+00,0.000000e+00
1.000000e+00,0.000000e+00,0.000000e+00,0.000000e+00,0.000000e+00,0.000000e+00,0.000000e+00,0.000000e+00,0.000000e+00,0.000000e+00,0.000000e+00,0.000000e+00,0.000000e+00,0.000000e+00,0.000000e+00
1.000000e+00,0.000000e+00,0.000000e+00,0.000000e+00,0.000000e+00,0.000000e+00,0.000000e+00,0.000000e+00,0.000000e+00,0.000000e+00,0.000000e+00,0.000000e+00,0.000000e+00,0.000000e+00,0.000000e+00
1.000000e+00,0.000000e+00,0.000000e+00,0.000000e+00,0.000000e+00,0.000000e+00,0.000000e+00,0.000000e+00,0.000000e+00,0.000000e+00,0.000000e+00,0.000000e+00,0.000000e+00,0.000000e+00,0.000000e+00
1.000000e+00,0.000000e+00,0.000000e+00,0.000000e+00,0.000000e+00,0.000000e+00,0.000000e+00,0.000000e+00,0.000000e+00,0.000000e+00,0.000000e+00,0.000000e+00,0.000000e+00,0.000000e+00,0.000000e+00
1.000000e+00,0.000000e+00,0.000000e+00,0.000000e+00,0.000000e+00,0.000000e+00,0.000000e+00,0.000000e+00,0.000000e+00,0.000000e+00,0.000000e+00,0.000000e+00,0.000000e+00,0.000000e+00,0.000000e+00
1.000000e+00,0.000000e+00,0.000000e+00,0.000000e+00,0.000000e+00,0.000000e+00,0.000000e+00,0.000000e+00,0.000000e+00,0.000000e+00,0.000000e+00,0.000000e+00,0.000000e+00,0.000000e+00,0.000000e+00
1.000000e+00,0.000000e+00,0.000000e+00,0.000000e+00,0.000000e+00,0.000000e+00,0.000000e+00,0.000000e+00,0.000000e+00,0.000000e+00,0.000000e+00,0.000000e+00,0.000000e+00,0.000000e+00,0.000000e+00
1.000000e+00,0.000000e+00,0.000000e+00,0.000000e+00,0.000000e+00,0.000000e+00,0.000000e+00,0.000000e+00,0.000000e+00,0.000000e+00,0.000000e+00,0.000000e+00,0.000000e+00,0.000000e+00,0.000000e+00
1.000000e+00,0.000000e+00,0.000000e+00,0.000000e+00,0.000000e+00,0.000000e+00,0.000000e+00,0.000000e+00,0.000000e+00,0.000000e+00,0.000000e+00,0.000000e+00,0.000000e+00,0.000000e+00,0.000000e+00
1.000000e+00,0.000000e+00,0.000000e+00,0.000000e+00,0.000000e+00,0.000000e+00,0.000000e+00,0.000000e+00,0.000000e+00,0.000000e+00,0.000000e+00,0.000000e+00,0.000000e+00,0.000000e+00,0.000000e+00
1.000000e+00,0.000000e+00,0.000000e+00,0.000000e+00,0.000000e+00,0.000000e+00,0.000000e+00,0.000000e+00,0.000000e+00,0.000000e+00,0.000000e+00,0.000000e+00,0.000000e+00,0.000000e+00,0.000000e+00
1.000000e+00,0.000000e+00,0.000000e+00,0.000000e+00,0.000000e+00,0.000000e+00,0.000000e+00,0.000000e+00,0.000000e+00,0.000000e+00,0.000000e+00,0.000000e+00,0.000000e+00,0.000000e+00,0.000000e+00
1.000000e+00,0.000000e+00,0.000000e+00,0.000000e+00,0.000000e+00,0.000000e+00,0.000000e+00,0.000000e+00,0.000000e+00,0.000000e+00,0.000000e+00,0.000000e+00,0.000000e+00,0.000000e+00,0.000000e+00
1.000000e+00,0.000000e+00,0.000000e+00,0.000000e+00,0.000000e+00,0.000000e+00,0.000000e+00,0.000000e+00,0.000000e+00,0.000000e+00,0.000000e+00,0.000000e+00,0.000000e+00,0.000000e+00,0.000000e+00
1.000000e+00,0.000000e+00,0.000000e+00,0.000000e+00,0.000000e+00,0.000000e+00,0.000000e+00,0.000000e+00,0.000000e+00,0.000000e+00,0.000000e+00,0.000000e+00,0.000000e+00,0.000000e+00,0.000000e+00
1.000000e+00,0.000000e+00,0.000000e+00,0.000000e+00,0.000000e+00,0.000000e+00,0.000000e+00,0.000000e+00,0.000000e+00,0.000000e+00,0.000000e+00,0.000000e+00,0.000000e+00,0.000000e+00,0.000000e+00
1.000000e+00,0.000000e+00,0.000000e+00,0.000000e+00,0.000000e+00,0.000000e+00,0.000000e+00,0.000000e+00,0.000000e+00,0.000000e+00,0.000000e+00,0.000000e+00,0.000000e+00,0.000000e+00,0.000000e+00
1.000000e+00,0.000000e+00,0.000000e+00,0.000000e+00,0.000000e+00,0.000000e+00,0.000000e+00,0.000000e+00,0.000000e+00,0.000000e+00,0.000000e+00,0.000000e+00,0.000000e+00,0.000000e+00,0.000000e+00
1.000000e+00,0.000000e+00,0.000000e+00,0.000000e+00,0.000000e+00,0.000000e+00,0.000000e+00,0.000000e+00,0.000000e+00,0.000000e+00,0.000000e+00,0.000000e+00,0.000000e+00,0.000000e+00,0.000000e+00
1.000000e+00,0.000000e+00,0.000000e+00,0.000000e+00,0.000000e+00,0.000000e+00,0.000000e+00,0.000000e+00,0.000000e+00,0.000000e+00,0.000000e+00,0.000000e+00,0.000000e+00,0.000000e+00,0.000000e+00
1.000000e+00,0.000000e+00,0.000000e+00,0.000000e+00,0.000000e+00,0.000000e+00,0.000000e+00,0.000000e+00,0.000000e+00,0.000000e+00,0.000000e+00,0.000000e+00,0.000000e+00,0.000000e+00,0.000000e+00
1.000000e+00,0.000000e+00,0.000000e+00,0.000000e+00,0.000000e+00,0.000000e+00,0.000000e+00,0.000000e+00,0.000000e+00,0.000000e+00,0.000000e+00,0.000000e+00,0.000000e+00,0.000000e+00,0.000000e+00
1.000000e+00,0.000000e+00,0.000000e+00,0.000000e+00,0.000000e+00,0.000000e+00,0.000000e+00,0.000000e+00,0.000000e+00,0.000000e+00,0.000000e+00,0.000000e+00,0.000000e+00,0.000000e+00,0.000000e+00
1.000000e+00,0.000000e+00,0.000000e+00,0.000000e+00,0.000000e+00,0.000000e+00,0.000000e+00,0.000000e+00,0.000000e+00,0.000000e+00,0.000000e+00,0.000000e+00,0.000000e+00,0.000000e+00,0.000000e+00
1.000000e+00,0.000000e+00,0.000000e+00,0.000000e+00,0.000000e+00,0.000000e+00,0.000000e+00,0.000000e+00,0.000000e+00,0.000000e+00,0.000000e+00,0.000000e+00,0.000000e+00,0.000000e+00,0.000000e+00
1.000000e+00,0.000000e+00,0.000000e+00,0.000000e+00,0.000000e+00,0.000000e+00,0.000000e+00,0.000000e+00,0.000000e+00,0.000000e+00,0.000000e+00,0.000000e+00,0.000000e+00,0.000000e+00,0.000000e+00
1.000000e+00,0.000000e+00,0.000000e+00,0.000000e+00,0.000000e+00,0.000000e+00,0.000000e+00,0.000000e+00,0.000000e+00,0.000000e+00,0.000000e+00,0.000000e+00,0.000000e+00,0.000000e+00,0.000000e+00
1.000000e+00,0.000000e+00,0.000000e+00,0.000000e+00,0.000000e+00,0.000000e+00,0.000000e+00,0.000000e+00,0.000000e+00,0.000000e+00,0.000000e+00,0.000000e+00,0.000000e+00,0.000000e+00,0.000000e+00
1.000000e+00,0.000000e+00,0.000000e+00,0.000000e+00,0.000000e+00,0.000000e+00,0.000000e+00,0.000000e+00,0.000000e+00,0.000000e+00,0.000000e+00,0.000000e+00,0.000000e+00,0.000000e+00,0.000000e+00
1.000000e+00,0.000000e+00,0.000000e+00,0.000000e+00,0.000000e+00,0.000000e+00,0.000000e+00,0.000000e+00,0.000000e+00,0.000000e+00,0.000000e+00,0.000000e+00,0.000000e+00,0.000000e+00,0.000000e+00
1.000000e+00,0.000000e+00,0.000000e+00,0.000000e+00,0.000000e+00,0.000000e+00,0.000000e+00,0.000000e+00,0.000000e+00,0.000000e+00,0.000000e+00,0.000000e+00,0.000000e+00,0.000000e+00,0.000000e+00
4.478218e-01,1.486919e-02,3.879913e-02,4.172432e-02,9.449159e-03,9.743442e-02,2.304917e-01,4.036304e-02,4.793950e-03,1.387761e-03,7.762890e-03,2.249325e-02,2.814915e-02,1.371474e-03,1.308890e-02
3.327638e-01,1.069902e-02,3.586444e-02,3.226350e-02,7.271623e-03,7.344248e-02,1.743190e-01,2.751499e-01,3.481469e-03,1.023673e-03,5.643595e-03,1.675416e-02,2.085229e-02,1.033845e-03,9.437301e-03
2.563261e-01,7.632219e-03,2.660873e-02,2.306511e-02,5.363111e-03,5.442544e-02,1.351574e-01,4.490159e-01,2.507382e-03,7.486248e-04,4.094695e-03,1.204042e-02,1.540600e-02,7.975709e-04,6.811399e-03
1.949721e-01,5.433472e-03,2.077540e-02,1.652686e-02,3.950579e-03,4.094914e-02,1.269456e-01,5.595514e-01,1.804176e-03,5.477985e-04,2.922158e-03,8.617105e-03,1.141765e-02,6.015185e-04,4.985127e-03
2.074248e-01,4.395948e-03,1.593426e-02,1.222481e-02,3.128091e-03,3.199119e-02,1.217381e-01,5.781485e-01,1.354164e-03,4.615888e-04,2.255841e-03,6.711549e-03,9.274381e-03,5.092780e-04,4.447491e-03
2.856652e-01,4.263377e-03,1.278313e-02,9.938827e-03,3.159005e-03,2.827732e-02,1.024895e-01,5.275115e-01,1.117174e-03,4.900012e-04,2.101825e-03,6.692811e-03,1.000356e-02,4.689131e-04,5.037806e-03
3.078298e-01,3.743355e-03,1.222557e-02,7.915766e-03,3.757706e-03,2.377253e-02,8.051728e-02,5.350477e-01,9.898393e-04,5.198662e-04,1.925696e-03,6.839610e-03,9.516555e-03,5.100807e-04,4.888647e-03
3.430068e-01,3.340447e-03,1.048313e-02,6.424999e-03,5.940149e-03,2.025216e-02,6.177722e-02,5.209219e-01,1.062579e-03,8.130015e-04,1.958495e-03,8.151755e-03,9.487776e-03,8.194101e-04,5.560179e-03
3.259789e-01,2.855387e-03,9.704120e-03,5.480960e-03,7.504358e-03,1.936111e-02,4.945101e-02,5.490556e-01,1.181972e-03,8.983815e-04,1.954848e-03,1.019445e-02,9.641810e-03,1.019220e-03,5.717930e-03
3.854747e-01,2.551058e-03,9.242435e-03,5.053709e-03,7.664550e-03,1.957733e-02,3.734243e-02,4.937856e-01,1.496713e-03,9.876080e-04,2.345562e-03,1.647532e-02,1.045526e-02,1.235544e-03,6.312193e-03
4.520996e-01,2.200839e-03,9.626394e-03,4.460624e-03,7.250254e-03,1.926914e-02,2.972509e-02,4.345618e-01,1.508895e-03,9.136163e-04,2.290438e-03,1.851261e-02,1.004656e-02,1.297153e-03,6.236992e-03
1.000000e+00,0.000000e+00,0.000000e+00,0.000000e+00,0.000000e+00,0.000000e+00,0.000000e+00,0.000000e+00,0.000000e+00,0.000000e+00,0.000000e+00,0.000000e+00,0.000000e+00,0.000000e+00,0.000000e+00
1.000000e+00,0.000000e+00,0.000000e+00,0.000000e+00,0.000000e+00,0.000000e+00,0.000000e+00,0.000000e+00,0.000000e+00,0.000000e+00,0.000000e+00,0.000000e+00,0.000000e+00,0.000000e+00,0.000000e+00
1.000000e+00,0.000000e+00,0.000000e+00,0.000000e+00,0.000000e+00,0.000000e+00,0.000000e+00,0.000000e+00,0.000000e+00,0.000000e+00,0.000000e+00,0.000000e+00,0.000000e+00,0.000000e+00,0.000000e+00
1.000000e+00,0.000000e+00,0.000000e+00,0.000000e+00,0.000000e+00,0.000000e+00,0.000000e+00,0.000000e+00,0.000000e+00,0.000000e+00,0.000000e+00,0.000000e+00,0.000000e+00,0.000000e+00,0.000000e+00
4.069961e-01,6.895931e-03,1.470753e-02,2.006556e-02,5.493023e-03,2.173737e-02,8.718298e-03,2.858914e-01,1.818541e-02,1.998941e-02,4.678118e-02,5.644570e-02,3.235359e-02,2.639962e-02,2.933980e-02
3.012921e-01,5.656280e-03,1.109099e-02,2.021769e-02,4.895032e-03,1.691715e-02,6.242857e-03,2.047655e-01,2.004206e-02,1.976081e-02,7.351591e-02,1.178548e-01,1.355523e-01,3.688248e-02,2.531399e-02
2.141263e-01,8.334920e-03,9.770254e-03,5.920143e-02,6.748801e-03,1.273514e-02,4.745675e-03,1.456124e-01,1.029846e-01,2.674178e-02,7.343301e-02,1.142985e-01,1.513755e-01,4.043818e-02,2.945344e-02
1.508011e-01,1.592755e-02,1.176161e-02,8.654102e-02,5.735895e-03,1.014507e-02,3.613533e-03,1.028708e-01,1.822000e-01,3.441756e-02,5.932244e-02,1.027323e-01,1.315269e-01,3.715028e-02,6.525389e-02
1.061445e-01,3.574719e-02,9.230250e-03,6.314448e-02,5.421707e-03,7.712421e-03,2.620809e-03,7.227767e-02,3.805190e-01,2.626362e-02,4.312458e-02,7.286477e-02,9.396931e-02,2.637485e-02,5.458489e-02
7.483363e-02,4.768543e-02,7.551564e-03,1.128659e-01,5.156931e-03,5.853934e-03,1.926243e-03,5.108549e-02,4.624244e-01,1.916859e-02,3.254839e-02,5.171753e-02,6.666250e-02,1.865236e-02,4.186704e-02
5.421828e-02,4.327828e-02,6.147619e-03,1.146982e-01,7.662266e-03,4.682199e-03,1.554621e-03,3.598309e-02,5.590265e-01,1.391814e-02,2.752849e-02,3.706704e-02,4.789968e-02,1.310829e-02,3.322720e-02
3.871077e-02,3.493541e-02,4.984342e-03,2.942003e-01,7.139326e-03,4.732194e-03,1.110012e-03,2.557120e-02,4.544756e-01,1.022948e-02,2.843347e-02,2.670477e-02,3.531857e-02,9.248053e-03,2.420646e-02
3.460444e-02,4.123923e-02,4.943427e-03,2.377855e-01,1.362311e-02,1.068959e-02,1.154533e-03,1.889346e-02,5.172542e-01,7.559205e-03,3.195316e-02,2.007919e-02,2.872160e-02,6.667220e-03,2.483220e-02
2.768597e-02,3.653015e-02,5.348870e-03,3.270547e-01,2.016871e-02,9.076130e-03,1.072225e-03,2.097271e-02,4.514540e-01,6.503620e-03,2.827686e-02,1.540897e-02,2.335477e-02,4.799582e-03,2.229271e-02
2.643698e-02,3.362361e-02,4.827643e-03,2.921786e-01,2.627535e-02,1.058854e-02,1.552583e-03,1.663556e-02,4.882454e-01,5.879056e-03,2.562144e-02,1.228001e-02,2.229891e-02,3.640756e-03,2.991556e-02
2.226682e-02,4.365506e-02,1.509866e-02,3.385980e-01,2.068055e-02,8.225123e-03,1.231438e-03,1.432843e-02,4.213523e-01,8.991485e-03,2.260339e-02,9.989611e-03,2.001762e-02,2.984156e-03,4.997738e-02
2.252040e-02,4.404363e-02,1.546848e-02,2.777026e-01,1.517859e-02,6.441070e-03,9.439670e-04,1.121170e-02,4.844695e-01,1.010502e-02,1.815552e-02,7.411862e-03,1.592430e-02,2.921844e-03,6.750156e-02
1.825441e-02,4.028881e-02,1.984395e-02,2.297418e-01,1.123956e-02,4.839852e-03,7.079607e-04,1.106652e-02,5.214667e-01,1.855141e-02,2.150664e-02,5.708315e-03,1.374767e-02,4.332794e-03,7.870354e-02
2.572110e-02,3.499388e-02,3.955689e-02,1.728163e-01,8.662613e-03,3.655243e-03,5.550095e-04,8.645258e-03,5.668973e-01,2.259381e-02,1.908364e-02,4.936600e-03,1.229630e-02,7.004227e-03,7.258175e-02
4.207890e-02,3.464809e-02,5.079055e-02,1.314929e-01,9.829966e-03,4.341848e-03,6.732590e-04,8.845408e-03,5.580027e-01,2.572734e-02,2.237248e-02,4.283948e-03,1.223912e-02,6.516531e-03,8.815701e-02
5.773903e-02,2.975610e-02,7.964472e-02,1.038488e-01,1.136943e-02,6.010123e-03,1.181161e-03,8.357170e-03,5.045458e-01,2.814749e-02,1.844441e-02,3.478612e-03,1.064565e-02,1.711145e-02,1.197200e-01
9.792148e-02,3.962724e-02,6.144526e-02,7.930074e-02,2.587729e-02,7.444747e-03,1.751541e-03,9.201800e-03,4.526743e-01,2.404793e-02,1.600515e-02,2.840341e-03,9.965099e-03,2.018039e-02,1.517167e-01
8.094328e-02,4.340215e-02,5.217754e-02,6.334627e-02,2.098294e-02,5.988529e-03,1.412247e-03,7.983226e-03,5.196262e-01,2.338969e-02,1.208903e-02,2.331647e-03,8.990884e-03,1.539061e-02,1.419457e-01
9.646924e-02,3.821775e-02,5.533020e-02,5.127834e-02,4.103591e-02,6.240582e-03,6.256803e-03,6.812027e-02,4.475458e-01,2.008476e-02,1.590937e-02,2.400145e-03,2.630127e-02,1.294477e-02,1.118647e-01
1.018382e-01,3.354343e-02,5.485697e-02,4.297000e-02,4.411326e-02,7.622362e-03,1.774639e-02,1.113644e-01,3.796643e-01,1.612113e-02,1.938043e-02,2.833669e-03,6.915979e-02,1.074501e-02,8.804068e-02
9.362376e-02,3.092725e-02,4.732804e-02,3.599706e-02,3.415034e-02,6.671371e-03,1.805380e-02,2.282016e-01,3.043003e-01,1.167548e-02,1.769387e-02,2.401602e-03,9.489517e-02,7.898991e-03,6.618140e-02
9.360271e-02,2.734603e-02,3.812465e-02,2.812674e-02,2.700996e-02,1.002350e-02,1.365087e-02,1.888974e-01,2.478783e-01,8.647677e-03,1.456389e-02,2.949031e-03,2.391507e-01,5.825389e-03,5.420313e-02
8.097179e-02,4.777005e-02,2.870494e-02,2.113173e-02,2.773911e-02,1.091918e-02,1.024462e-02,2.128357e-01,2.445569e-01,6.390629e-03,1.151106e-02,2.522550e-03,2.425321e-01,4.206475e-03,4.796309e-02
8.318521e-02,4.471069e-02,2.149408e-02,1.582311e-02,2.584379e-02,1.248816e-02,8.312035e-03,2.317684e-01,1.974700e-01,5.348808e-03,8.690689e-03,3.092394e-03,3.028213e-01,3.112127e-03,3.583913e-02
8.836453e-02,4.407718e-02,1.714080e-02,1.288707e-02,3.008006e-02,1.195421e-02,7.067671e-03,2.376008e-01,1.737169e-01,5.092367e-03,7.551402e-03,3.185142e-03,3.291889e-01,2.353746e-03,2.973911e-02
9.649129e-02,3.658752e-02,1.507648e-02,1.101380e-02,3.241023e-02,1.149277e-02,6.815451e-03,2.067619e-01,1.464811e-01,8.400678e-03,6.851137e-03,3.178422e-03,3.814765e-01,2.081824e-03,3.488092e-02
1.503707e-01,3.644121e-02,1.257812e-02,9.834226e-03,3.206656e-02,1.733480e-02,6.686896e-03,1.787441e-01,1.327915e-01,9.438850e-03,6.480348e-03,4.300127e-03,3.699060e-01,1.858606e-03,3.116792e-02
1.904000e-01,3.107376e-02,1.019406e-02,8.986356e-03,3.067876e-02,1.774682e-02,6.260988e-03,1.528874e-01,1.071199e-01,8.218012e-03,6.264362e-03,4.906404e-03,3.965456e-01,1.692783e-03,2.702496e-02
1.966970e-01,2.781966e-02,1.117412e-02,7.161044e-03,2.968273e-02,2.412645e-02,1.444278e-02,1.224783e-01,9.819274e-02,7.668605e-03,5.825248e-03,4.820648e-03,3.743048e-01,2.052722e-03,7.355323e-02
1.715357e-01,2.410106e-02,5.302892e-02,9.472678e-03,3.897089e-02,2.213001e-02,1.149756e-02,1.245019e-01,8.646338e-02,7.834778e-03,1.117828e-02,4.951139e-03,3.543003e-01,2.353195e-03,7.768027e-02
2.773181e-01,2.483553e-02,5.513443e-02,1.301162e-02,3.806499e-02,2.211135e-02,1.204256e-02,9.862015e-02,7.477532e-02,1.092854e-02,8.981273e-03,5.130633e-03,2.911574e-01,2.550303e-03,6.533784e-02
2.913027e-01,2.702895e-02,1.287119e-01,4.075325e-02,3.791685e-02,2.077558e-02,1.115655e-02,7.945189e-02,5.978083e-02,1.130811e-02,7.710929e-03,6.519756e-03,2.227772e-01,2.505957e-03,5.229967e-02
3.613366e-01,3.243826e-02,1.135844e-01,4.803749e-02,4.313313e-02,1.981815e-02,1.315701e-02,6.042435e-02,5.264510e-02,1.187819e-02,7.604557e-03,7.714531e-03,1.782187e-01,2.892326e-03,4.711724e-02
3.787923e-01,3.235688e-02,1.085811e-01,8.070995e-02,6.017866e-02,1.864145e-02,1.686651e-02,5.073443e-02,4.217264e-02,1.112090e-02,1.161691e-02,1.160331e-02,1.355104e-01,2.816893e-03,3.829768e-02
3.976052e-01,2.994163e-02,1.022557e-01,1.137999e-01,5.818300e-02,1.725399e-02,1.370961e-02,4.095907e-02,3.856410e-02,1.596043e-02,1.192746e-02,1.509565e-02,1.008324e-01,2.755384e-03,4.115644e-02
4.330371e-01,3.686910e-02,7.891094e-02,9.985334e-02,5.408705e-02,1.755398e-02,1.301432e-02,3.346287e-02,5.836699e-02,1.491592e-02,1.206266e-02,1.857938e-02,7.913317e-02,2.942349e-03,4.721076e-02
4.379225e-01,4.108018e-02,6.745435e-02,8.483977e-02,5.991337e-02,1.567229e-02,1.397616e-02,3.544076e-02,6.868841e-02,1.147520e-02,1.006013e-02,1.742137e-02,7.753675e-02,2.884143e-03,5.563458e-02
3.859375e-01,5.293778e-02,5.709576e-02,9.161782e-02,8.753505e-02,1.723377e-02,2.628207e-02,6.871293e-02,6.409784e-02,9.529687e-03,8.914546e-03,1.807242e-02,6.159190e-02,2.854346e-03,4.758660e-02
3.876342e-01,6.410130e-02,4.699825e-02,8.435569e-02,9.604771e-02,1.778927e-02,2.617453e-02,8.321314e-02,6.388009e-02,8.193627e-03,7.255051e-03,1.700131e-02,5.079559e-02,2.790405e-03,4.376981e-02
3.938113e-01,8.053941e-02,4.174452e-02,7.859074e-02,1.016995e-01,2.104557e-02,2.406580e-02,7.490852e-02,6.897782e-02,6.910892e-03,6.023471e-03,1.456150e-02,4.677229e-02,2.682634e-03,3.766594e-02
4.284906e-01,7.599866e-02,3.634674e-02,7.404856e-02,9.068842e-02,2.231702e-02,2.249227e-02,6.659438e-02,5.991192e-02,6.268164e-03,5.923158e-03,1.484753e-02,5.297709e-02,3.069029e-03,4.002639e-02
3.236700e-01,9.071344e-02,9.154053e-02,1.237556e-01,1.117315e-01,2.350483e-02,1.998321e-02,7.198311e-02,4.341285e-02,5.593601e-03,4.981968e-03,1.169240e-02,3.874590e-02,2.445390e-03,3.624561e-02
3.137776e-01,9.091070e-02,1.195899e-01,1.125199e-01,1.216338e-01,2.658369e-02,1.940000e-02,5.692312e-02,4.518749e-02,5.757816e-03,4.349538e-03,9.894111e-03,3.503748e-02,2.105520e-03,3.632937e-02
3.304433e-01,9.048206e-02,1.035138e-01,1.046547e-01,1.370313e-01,2.926269e-02,1.776025e-02,5.481474e-02,3.975558e-02,6.145618e-03,5.597956e-03,1.270186e-02,3.022066e-02,2.675138e-03,3.494031e-02
4.219887e-01,7.522650e-02,8.191963e-02,8.661666e-02,1.088960e-01,2.637374e-02,1.438096e-02,4.297904e-02,4.410560e-02,5.763105e-03,9.490464e-03,1.929106e-02,2.815222e-02,3.619000e-03,3.119730e-02
1.000000e+00,0.000000e+00,0.000000e+00,0.000000e+00,0.000000e+00,0.000000e+00,0.000000e+00,0.000000e+00,0.000000e+00,0.000000e+00,0.000000e+00,0.000000e+00,0.000000e+00,0.000000e+00,0.000000e+00
3.876170e-01,1.310865e-01,7.875286e-02,1.494559e-01,6.050001e-02,2.196738e-02,7.923443e-03,2.333742e-02,2.765737e-02,8.934205e-03,1.171781e-02,2.066971e-02,1.807224e-02,4.209187e-03,4.809885e-02
2.742284e-01,1.419869e-01,8.530813e-02,2.772900e-01,4.306732e-02,1.581482e-02,5.610637e-03,1.662211e-02,2.098159e-02,1.335062e-02,1.105850e-02,1.543305e-02,1.354790e-02,3.124058e-03,6.257600e-02
2.003079e-01,1.089588e-01,2.276050e-01,2.557402e-01,3.067517e-02,1.217557e-02,4.076152e-03,1.231450e-02,1.755826e-02,1.256048e-02,9.929795e-03,1.304237e-02,1.089933e-02,3.376745e-03,8.077960e-02
1.524588e-01,8.234435e-02,2.013716e-01,1.838804e-01,2.175668e-02,9.916253e-03,2.906943e-03,9.077910e-03,1.952900e-02,1.907017e-02,9.098506e-03,9.905840e-03,9.476751e-03,9.475375e-03,2.597314e-01
1.124918e-01,6.782228e-02,1.752083e-01,2.038756e-01,1.570394e-02,7.490329e-03,2.254408e-03,6.722151e-03,3.921728e-02,2.268447e-02,8.375580e-03,7.542628e-03,8.254459e-03,8.136414e-03,3.142203e-01
8.324537e-02,9.041321e-02,1.274553e-01,1.486592e-01,1.105740e-02,5.739355e-03,1.612278e-03,4.870438e-03,9.397923e-02,3.781347e-02,6.998017e-03,5.503259e-03,7.061475e-03,1.015561e-02,3.654363e-01
6.449993e-02,9.624109e-02,9.232458e-02,1.095585e-01,7.777775e-03,4.290439e-03,1.159179e-03,3.591435e-03,1.569598e-01,4.818391e-02,5.477568e-03,4.001706e-03,6.045668e-03,1.057229e-02,3.893161e-01
6.501611e-02,1.236523e-01,6.737034e-02,7.984575e-02,5.577844e-03,3.408282e-03,8.420920e-04,2.665982e-03,2.820064e-01,4.687327e-02,4.823428e-03,2.903749e-03,5.387485e-03,8.871377e-03,3.007555e-01
5.270388e-02,1.276748e-01,4.848868e-02,5.723481e-02,3.923913e-03,2.643696e-03,6.005080e-04,1.950147e-03,3.221456e-01,5.297321e-02,3.948957e-03,2.531572e-03,4.805453e-03,1.069025e-02,3.076846e-01
9.668256e-02,1.282802e-01,5.109531e-02,4.782827e-02,3.140461e-03,2.292167e-03,4.839557e-04,1.692118e-03,2.947512e-01,5.256468e-02,5.639909e-03,2.965133e-03,6.338883e-03,2.459800e-02,2.816472e-01
8.587107e-02,1.143076e-01,1.022682e-01,4.221031e-02,3.167516e-03,3.149675e-03,4.498976e-04,1.977671e-03,3.247781e-01,4.365231e-02,1.087668e-02,5.206178e-03,7.529776e-03,2.324413e-02,2.313109e-01
6.381469e-02,8.478754e-02,1.531611e-01,7.267876e-02,2.701869e-03,2.634391e-03,3.952333e-04,2.448879e-03,3.284290e-01,5.756906e-02,1.519720e-02,5.229264e-03,1.397958e-02,1.775727e-02,1.792161e-01
6.335915e-02,6.507646e-02,1.236919e-01,5.829041e-02,5.440415e-03,2.949951e-03,1.383347e-03,1.109714e-02,2.636565e-01,4.646442e-02,7.105763e-02,9.021318e-03,6.603406e-02,1.487658e-02,1.976006e-01
5.787397e-02,4.786435e-02,1.016308e-01,5.209266e-02,7.807081e-03,3.058436e-03,2.215905e-03,5.806803e-02,1.906802e-01,3.700023e-02,1.267306e-01,8.456478e-03,9.132300e-02,1.245152e-02,2.027468e-01
5.612312e-02,3.663116e-02,8.623733e-02,8.755663e-02,1.259299e-02,4.271756e-03,3.453089e-03,1.545074e-01,1.386564e-01,3.899400e-02,1.068569e-01,6.540040e-03,8.481774e-02,1.037646e-02,1.723849e-01
5.518562e-02,3.859449e-02,7.263821e-02,8.166482e-02,2.142695e-02,1.332547e-02,4.495003e-03,2.227008e-01,1.088744e-01,4.605817e-02,8.948489e-02,5.786831e-03,7.147396e-02,9.143366e-03,1.591471e-01
5.967002e-02,5.181989e-02,6.075808e-02,6.605766e-02,3.131327e-02,1.232397e-02,6.501549e-03,2.645957e-01,1.103338e-01,4.793180e-02,7.007752e-02,4.958116e-03,5.883951e-02,8.297603e-03,1.465216e-01
6.150507e-02,6.951100e-02,5.335050e-02,4.992956e-02,3.453619e-02,1.325594e-02,6.739090e-03,2.621890e-01,1.391801e-01,4.230353e-02,5.275098e-02,5.184137e-03,7.341808e-02,7.491481e-03,1.286553e-01
5.860023e-02,7.625792e-02,4.391320e-02,3.677727e-02,3.451771e-02,1.510123e-02,7.460214e-03,2.448971e-01,1.544071e-01,3.542262e-02,3.888349e-02,5.315320e-03,1.009427e-01,6.716672e-03,1.407872e-01
7.474902e-02,9.768979e-02,3.401670e-02,2.713491e-02,3.447576e-02,1.593932e-02,1.285373e-02,1.948667e-01,1.870005e-01,3.649772e-02,2.796860e-02,5.138055e-03,9.698547e-02,5.545450e-03,1.491383e-01
9.399445e-02,9.553119e-02,3.077547e-02,2.123597e-02,3.336182e-02,2.033598e-02,1.394486e-02,1.538119e-01,2.167331e-01,3.214161e-02,2.048289e-02,4.724922e-03,1.056418e-01,5.998823e-03,1.512852e-01
1.181796e-01,9.742318e-02,2.657647e-02,1.719438e-02,3.492295e-02,1.798464e-02,1.820682e-02,1.442065e-01,2.180836e-01,2.842028e-02,1.572530e-02,5.190977e-03,9.843884e-02,5.595224e-03,1.538513e-01
1.605422e-01,8.936222e-02,2.339370e-02,1.452637e-02,3.333045e-02,1.450588e-02,3.191319e-02,1.927342e-01,1.849613e-01,2.521087e-02,1.186791e-02,6.416663e-03,8.104701e-02,4.918680e-03,1.252694e-01
2.487485e-01,7.838612e-02,2.241715e-02,1.652423e-02,3.076603e-02,1.434292e-02,3.947471e-02,1.850881e-01,1.350339e-01,3.043656e-02,1.371250e-02,1.842520e-02,5.965082e-02,5.289080e-03,1.017042e-01
3.393655e-01,6.977660e-02,1.977565e-02,1.818364e-02,2.421678e-02,1.705335e-02,3.094207e-02,1.335212e-01,1.004501e-01,4.448171e-02,1.861528e-02,2.010399e-02,4.473573e-02,1.070190e-02,1.080766e-01
4.202676e-01,5.674564e-02,1.899900e-02,2.630300e-02,2.083063e-02,2.598986e-02,2.295204e-02,9.751077e-02,7.413726e-02,3.512762e-02,2.975731e-02,3.294989e-02,3.878430e-02,1.114100e-02,8.850414e-02
4.602556e-01,4.558860e-02,3.503544e-02,3.329887e-02,1.999241e-02,3.436991e-02,1.870022e-02,7.174913e-02,5.489694e-02,2.721046e-02,4.222060e-02,4.189065e-02,3.396136e-02,1.145800e-02,6.937180e-02
4.987095e-01,3.615923e-02,4.039519e-02,2.737863e-02,1.736441e-02,3.542517e-02,1.476392e-02,5.478566e-02,4.145573e-02,4.741859e-02,4.999322e-02,3.839917e-02,2.763238e-02,1.556031e-02,5.455885e-02
4.706140e-01,3.136593e-02,4.541606e-02,2.266463e-02,1.469132e-02,3.354665e-02,1.118729e-02,4.241464e-02,3.189593e-02,5.848239e-02,9.231831e-02,3.775586e-02,2.476834e-02,3.288285e-02,4.999578e-02
4.838973e-01,2.728401e-02,3.926227e-02,2.429985e-02,1.634016e-02,3.350689e-02,1.020960e-02,3.930193e-02,2.584590e-02,4.580057e-02,1.080883e-01,3.647109e-02,2.410370e-02,4.379639e-02,4.179195e-02
4.642851e-01,2.230089e-02,3.349197e-02,2.224389e-02,1.370268e-02,2.826073e-02,8.772301e-03,3.026169e-02,2.109487e-02,3.417125e-02,1.694979e-01,4.105276e-02,2.101892e-02,5.602487e-02,3.382022e-02
4.474589e-01,2.074445e-02,3.009431e-02,2.819649e-02,1.316974e-02,2.403207e-02,7.286395e-03,2.658430e-02,2.021969e-02,2.670459e-02,1.878110e-01,5.239457e-02,1.929658e-02,6.642465e-02,2.958221e-02
4.849823e-01,2.165020e-02,4.341133e-02,3.127681e-02,1.925651e-02,2.168321e-02,7.491058e-03,2.509038e-02,2.001737e-02,2.077131e-02,1.544493e-01,4.315146e-02,1.514996e-02,6.812490e-02,2.349378e-02
3.830230e-01,1.784249e-02,3.884264e-02,2.455881e-02,1.767556e-02,1.811289e-02,6.109159e-03,2.069797e-02,3.494962e-02,1.751651e-02,1.808994e-01,3.646732e-02,1.276008e-02,1.724885e-01,1.805607e-02
3.022121e-01,2.960845e-02,4.719812e-02,2.042971e-02,2.184416e-02,2.025081e-02,5.707268e-03,1.851783e-02,5.018598e-02,1.789729e-02,2.012268e-01,3.005736e-02,1.014428e-02,2.103476e-01,1.437220e-02
2.521404e-01,4.022520e-02,4.873809e-02,4.475600e-02,2.482161e-02,2.738494e-02,5.052722e-03,1.838863e-02,1.028236e-01,1.587537e-02,1.801045e-01,2.508075e-02,8.858482e-03,1.905771e-01,1.517246e-02
1.975035e-01,4.196946e-02,2.082121e-01,5.225831e-02,2.453294e-02,2.392730e-02,3.856492e-03,2.411162e-02,9.457622e-02,1.251076e-02,1.374557e-01,1.824286e-02,6.799436e-03,1.423673e-01,1.167589e-02
1.406574e-01,5.934543e-02,1.698328e-01,3.963282e-02,2.685206e-02,5.971450e-02,2.901556e-03,1.836333e-02,2.223066e-01,1.716845e-02,1.031813e-01,1.333807e-02,5.145322e-03,1.122726e-01,9.287746e-03
1.021488e-01,9.470840e-02,1.345683e-01,6.432883e-02,3.723254e-02,6.209803e-02,2.582841e-03,1.760586e-02,2.907903e-01,1.377273e-02,7.725304e-02,9.452103e-03,4.664400e-03,8.084601e-02,7.947685e-03
7.732777e-02,1.119958e-01,1.825677e-01,6.601094e-02,4.973033e-02,5.718553e-02,2.409307e-03,1.603036e-02,2.936056e-01,1.154808e-02,5.606157e-02,6.784299e-03,3.708893e-03,5.704636e-02,7.987496e-03
7.132522e-02,1.469238e-01,1.512667e-01,6.536222e-02,5.435799e-02,7.144709e-02,2.456407e-03,3.656456e-02,2.870551e-01,9.184921e-03,4.387611e-02,5.213602e-03,4.111376e-03,4.049846e-02,1.035636e-02
6.006384e-02,1.145963e-01,1.868312e-01,1.459187e-01,5.490912e-02,5.991850e-02,2.350494e-03,5.299517e-02,2.285694e-01,7.452636e-03,3.865858e-02,4.303925e-03,5.090935e-03,2.847131e-02,9.869913e-03
6.812185e-02,1.162309e-01,2.075937e-01,1.177687e-01,6.479069e-02,5.586031e-02,2.732830e-03,5.599134e-02,2.215095e-01,7.736188e-03,3.550754e-02,5.898356e-03,9.332493e-03,2.053154e-02,1.039408e-02
5.964505e-02,1.389472e-01,1.643797e-01,1.093874e-01,5.500693e-02,5.902403e-02,2.231618e-03,1.022454e-01,2.271153e-01,6.323034e-03,3.390451e-02,6.175885e-03,1.061421e-02,1.462515e-02,1.037451e-02
5.383996e-02,1.350380e-01,1.246617e-01,9.894065e-02,4.352660e-02,6.871760e-02,1.915270e-03,1.185443e-01,2.826764e-01,6.297445e-03,2.682977e-02,7.027342e-03,9.536789e-03,1.058210e-02,1.186608e-02
3.962672e-02,1.013969e-01,9.271780e-02,3.180261e-01,3.132533e-02,4.968866e-02,1.361520e-03,8.581930e-02,2.187598e-01,7.135549e-03,2.263800e-02,5.218377e-03,7.107415e-03,7.484998e-03,1.169345e-02
3.297221e-02,7.501157e-02,8.803433e-02,4.419566e-01,2.329095e-02,3.842363e-02,9.999142e-04,7.009920e-02,1.685483e-01,9.090807e-03,2.227141e-02,3.960510e-03,5.524046e-03,5.406046e-03,1.441050e-02
5.115467e-02,7.074604e-02,1.025817e-01,3.405184e-01,2.495861e-02,3.346450e-02,9.781799e-04,7.613029e-02,1.780000e-01,2.679865e-02,2.656318e-02,4.280468e-03,5.220971e-03,5.423564e-03,5.318081e-02
5.436850e-02,7.130869e-02,1.153528e-01,2.964638e-01,2.834206e-02,3.767967e-02,9.083418e-04,6.345479e-02,1.721151e-01,2.706990e-02,6.125807e-02,4.635035e-03,5.303559e-03,4.998304e-03,5.674148e-02
4.702848e-02,6.534420e-02,9.321144e-02,3.021614e-01,4.088313e-02,2.916938e-02,1.306305e-03,8.074205e-02,1.581166e-01,2.356206e-02,6.754933e-02,9.864529e-03,1.252382e-02,4.583019e-03,6.395424e-02
4.245821e-02,5.397875e-02,8.194693e-02,2.773215e-01,3.399564e-02,2.229971e-02,1.314199e-03,5.985622e-02,1.266856e-01,4.114224e-02,6.232608e-02,9.449933e-03,1.222680e-02,9.057318e-03,1.659409e-01
8.018361e-02,5.136801e-02,7.975661e-02,2.260519e-01,3.641908e-02,2.009103e-02,1.561428e-03,5.742766e-02,1.040060e-01,4.651228e-02,6.332543e-02,9.874030e-03,1.218060e-02,2.349300e-02,1.877493e-01
1.387285e-01,7.077050e-02,6.436841e-02,1.818268e-01,2.980080e-02,1.696923e-02,1.816887e-03,4.309053e-02,1.063102e-01,4.555620e-02,4.912268e-02,1.174349e-02,1.344562e-02,2.035820e-02,2.060919e-01
2.496666e-01,6.294265e-02,4.837047e-02,1.369944e-01,2.985390e-02,2.377971e-02,2.064844e-03,3.412513e-02,1.189796e-01,3.783911e-02,3.948545e-02,1.530324e-02,1.454983e-02,1.606341e-02,1.699816e-01
2.286329e-01,6.256233e-02,4.000205e-02,1.397963e-01,2.627170e-02,2.388646e-02,2.705666e-03,2.662443e-02,1.718676e-01,3.490229e-02,3.317776e-02,1.574002e-02,1.999610e-02,1.389318e-02,1.599411e-01
3.231495e-01,4.934647e-02,3.377354e-02,1.237305e-01,2.378723e-02,2.650932e-02,3.024368e-03,2.207283e-02,1.601602e-01,2.700826e-02,2.834493e-02,2.260320e-02,1.873530e-02,1.177587e-02,1.259785e-01
3.872083e-01,4.249317e-02,2.510648e-02,1.072724e-01,2.251693e-02,2.588389e-02,2.913798e-03,1.674417e-02,1.488241e-01,2.038674e-02,2.802774e-02,2.803876e-02,2.136772e-02,1.068565e-02,1.125301e-01
4.462101e-01,3.779798e-02,1.979919e-02,9.827142e-02,1.816683e-02,3.191200e-02,4.633232e-03,1.549947e-02,1.159312e-01,1.565949e-02,3.155543e-02,4.065650e-02,2.411024e-02,9.754534e-03,9.004228e-02
1.000000e+00,0.000000e+00,0.000000e+00,0.000000e+00,0.000000e+00,0.000000e+00,0.000000e+00,0.000000e+00,0.000000e+00,0.000000e+00,0.000000e+00,0.000000e+00,0.000000e+00,0.000000e+00,0.000000e+00
1.000000e+00,0.000000e+00,0.000000e+00,0.000000e+00,0.000000e+00,0.000000e+00,0.000000e+00,0.000000e+00,0.000000e+00,0.000000e+00,0.000000e+00,0.000000e+00,0.000000e+00,0.000000e+00,0.000000e+00
1.000000e+00,0.000000e+00,0.000000e+00,0.000000e+00,0.000000e+00,0.000000e+00,0.000000e+00,0.000000e+00,0.000000e+00,0.000000e+00,0.000000e+00,0.000000e+00,0.000000e+00,0.000000e+00,0.000000e+00
1.000000e+00,0.000000e+00,0.000000e+00,0.000000e+00,0.000000e+00,0.000000e+00,0.000000e+00,0.000000e+00,0.000000e+00,0.000000e+00,0.000000e+00,0.000000e+00,0.000000e+00,0.000000e+00,0.000000e+00
1.000000e+00,0.000000e+00,0.000000e+00,0.000000e+00,0.000000e+00,0.000000e+00,0.000000e+00,0.000000e+00,0.000000e+00,0.000000e+00,0.000000e+00,0.000000e+00,0.000000e+00,0.000000e+00,0.000000e+00
1.000000e+00,0.000000e+00,0.000000e+00,0.000000e+00,0.000000e+00,0.000000e+00,0.000000e+00,0.000000e+00,0.000000e+00,0.000000e+00,0.000000e+00,0.000000e+00,0.000000e+00,0.000000e+00,0.000000e+00
4.995651e-01,3.001467e-02,7.368624e-03,1.202821e-01,3.994553e-02,3.602534e-02,1.457420e-02,2.847694e-02,1.164770e-01,4.523513e-03,1.607816e-02,2.661712e-02,2.384913e-02,2.920286e-03,3.328227e-02
4.583469e-01,2.785189e-02,6.434180e-03,1.966980e-01,4.407732e-02,3.622534e-02,1.157750e-02,3.077254e-02,1.004861e-01,3.470837e-03,1.327950e-02,2.103516e-02,1.962704e-02,2.224798e-03,2.789296e-02
4.634081e-01,2.791519e-02,5.650330e-03,2.094357e-01,4.979286e-02,4.221470e-02,9.513344e-03,2.850005e-02,8.693559e-02,2.795659e-03,1.136900e-02,1.818553e-02,1.714320e-02,1.875788e-03,2.526492e-02
3.845135e-01,3.254515e-02,5.433154e-03,1.789557e-01,7.646171e-02,8.100812e-02,9.330719e-03,2.499516e-02,1.290363e-01,2.565357e-03,9.883507e-03,1.439148e-02,1.699855e-02,1.891345e-03,3.199029e-02
3.115685e-01,3.456346e-02,4.616472e-03,1.484953e-01,8.581910e-02,1.647738e-01,9.432660e-03,3.010444e-02,1.398889e-01,2.633255e-03,8.698935e-03,1.130735e-02,1.384264e-02,1.670654e-03,3.258465e-02
2.331297e-01,6.581666e-02,8.327606e-03,2.816827e-01,7.291871e-02,1.210305e-01,6.934307e-03,2.558800e-02,1.058349e-01,2.258685e-03,8.383071e-03,1.012455e-02,1.068905e-02,1.454578e-03,4.582702e-02
1.837624e-01,5.729467e-02,6.749097e-02,3.730850e-01,5.726075e-02,8.919945e-02,5.030795e-03,2.307540e-02,7.766799e-02,2.290137e-03,9.183209e-03,7.410488e-03,7.613194e-03,1.439456e-03,3.819612e-02
1.460460e-01,4.396857e-02,7.301062e-02,4.672616e-01,4.512006e-02,6.602809e-02,3.662303e-03,3.225518e-02,5.882769e-02,2.581803e-03,1.689305e-02,5.590121e-03,5.635330e-03,1.605940e-03,3.151365e-02
1.443416e-01,3.838939e-02,7.803490e-02,3.489664e-01,3.771289e-02,5.022861e-02,3.883760e-03,1.817211e-01,5.404714e-02,3.155774e-03,1.572469e-02,4.708497e-03,4.476869e-03,3.179674e-03,3.142860e-02
1.760524e-01,3.984412e-02,7.187872e-02,2.643957e-01,3.432235e-02,3.744536e-02,4.380603e-03,2.576694e-01,4.756653e-02,4.470794e-03,1.637244e-02,4.101977e-03,4.615217e-03,3.744625e-03,3.313977e-02
1.996444e-01,3.129660e-02,7.428029e-02,2.023416e-01,2.983515e-02,2.999686e-02,4.014188e-03,3.150643e-01,3.901000e-02,6.258409e-03,1.865947e-02,6.250282e-03,5.836071e-03,3.823189e-03,3.368922e-02
1.636411e-01,2.916747e-02,6.820337e-02,2.052886e-01,2.488785e-02,2.640199e-02,1.427933e-02,2.350104e-01,4.268555e-02,1.128164e-02,3.756131e-02,9.159666e-03,9.174749e-02,3.375488e-03,3.730872e-02
1.580047e-01,2.484435e-02,5.122008e-02,1.778184e-01,2.160986e-02,2.151029e-02,1.674736e-02,1.732356e-01,3.280021e-02,1.011219e-02,3.346230e-02,9.779422e-03,2.328933e-01,2.597127e-03,3.336492e-02
3.069522e-01,3.182747e-02,3.768456e-02,1.366399e-01,1.820129e-02,1.864352e-02,1.396378e-02,1.232033e-01,3.995012e-02,7.878243e-03,2.591954e-02,8.400953e-03,1.958961e-01,2.803945e-03,3.203502e-02
3.319366e-01,2.489411e-02,2.677910e-02,1.006927e-01,1.652301e-02,1.572155e-02,1.165468e-02,8.710240e-02,2.936198e-02,6.058316e-03,2.739227e-02,1.024003e-02,2.788811e-01,2.604355e-03,3.015783e-02
3.527818e-01,1.886406e-02,1.923010e-02,7.152549e-02,1.480439e-02,2.349412e-02,9.755538e-03,6.405109e-02,2.223559e-02,5.010090e-03,3.394606e-02,2.976828e-02,2.949465e-01,5.866839e-03,3.372008e-02
2.822591e-01,1.380945e-02,1.378269e-02,5.070314e-02,1.119047e-02,2.913127e-02,7.455530e-03,4.518706e-02,1.617356e-02,4.819429e-03,4.349326e-02,4.573128e-02,4.046735e-01,7.107011e-03,2.448328e-02
2.228039e-01,9.845103e-03,9.879184e-03,3.581535e-02,8.960230e-03,8.601269e-02,6.593066e-03,3.203399e-02,1.218429e-02,5.275827e-03,6.749380e-02,8.369714e-02,3.950782e-01,6.479905e-03,1.784726e-02
2.325580e-01,8.069762e-03,2.174133e-02,2.749890e-02,1.045038e-02,7.557592e-02,6.445865e-03,2.371131e-02,1.282942e-02,1.769790e-02,1.012549e-01,1.310466e-01,3.062854e-01,9.954616e-03,1.487963e-02
1.931237e-01,7.348447e-03,1.750294e-02,2.293557e-02,1.013919e-02,6.391901e-02,6.605311e-03,1.719498e-02,1.522429e-02,3.153092e-02,1.247497e-01,2.112987e-01,2.565253e-01,9.174150e-03,1.272784e-02
1.584262e-01,6.307383e-03,1.278970e-02,1.649279e-02,8.092027e-03,5.038004e-02,4.942602e-03,1.218074e-02,1.665012e-02,3.838052e-02,1.052579e-01,3.614483e-01,1.918157e-01,7.277871e-03,9.558063e-03
1.233250e-01,5.529777e-03,9.294838e-03,1.165136e-02,6.063754e-03,3.753460e-02,3.579858e-03,8.588624e-03,1.823677e-02,4.657080e-02,8.252326e-02,4.972938e-01,1.367225e-01,5.903194e-03,7.181862e-03
1.476368e-01,7.167325e-03,9.053712e-03,8.423756e-03,5.086454e-03,2.918027e-02,2.737573e-03,6.356640e-03,1.945634e-02,5.704312e-02,8.770742e-02,5.085069e-01,9.866549e-02,6.713389e-03,6.264748e-03
2.150061e-01,7.693735e-03,1.537693e-02,6.718460e-03,5.039161e-03,5.213201e-02,2.683392e-03,5.933996e-03,1.570980e-02,5.832399e-02,7.089762e-02,4.622814e-01,7.125032e-02,5.293230e-03,5.659811e-03
2.637665e-01,3.369033e-02,1.727268e-02,6.374756e-03,1.603254e-02,3.974923e-02,2.192338e-03,6.421291e-03,2.210999e-02,6.885805e-02,6.693383e-02,3.917283e-01,5.425142e-02,5.365442e-03,5.253315e-03
3.204855e-01,3.656145e-02,2.069667e-02,9.883977e-03,1.515887e-02,3.194867e-02,2.013444e-03,8.763139e-03,2.727628e-02,6.061726e-02,6.274451e-02,3.474233e-01,4.140509e-02,6.302405e-03,8.719474e-03
2.646258e-01,2.821857e-02,9.721120e-02,2.100311e-02,1.341143e-02,2.683866e-02,2.066879e-03,3.539826e-02,2.729710e-02,5.244077e-02,6.053052e-02,3.270205e-01,3.168122e-02,5.048063e-03,7.207972e-03
2.477214e-01,2.732322e-02,1.257840e-01,2.429617e-02,1.238680e-02,2.292037e-02,2.090148e-03,3.409111e-02,3.445544e-02,4.865028e-02,5.240330e-02,3.301919e-01,2.591528e-02,4.519087e-03,7.251508e-03
2.139876e-01,4.471797e-02,1.127763e-01,2.094530e-02,1.884368e-02,1.979727e-02,2.250533e-03,4.402993e-02,1.184089e-01,4.958319e-02,5.045685e-02,2.669561e-01,2.196440e-02,7.890398e-03,7.391644e-03
1.731428e-01,5.366952e-02,9.079640e-02,1.920288e-02,2.080614e-02,1.608563e-02,1.954443e-03,4.515380e-02,2.319812e-01,5.054320e-02,4.504952e-02,2.175080e-01,1.915145e-02,7.803746e-03,7.151295e-03
