1.000000e+00,0.000000e+00,0.000000e+00,0.000000e+00,0.000000e+00,0.000000e+00,0.000000e+00,0.000000e+00,0.000000e+00,0.000000e+00,0.000000e+00,0.000000e+00,0.000000e+00,0.000000e+00,0.000000e+00
1.000000e+00,0.000000e+00,0.000000e+00,0.000000e+00,0.000000e+00,0.000000e+00,0.000000e+00,0.000000e+00,0.000000e+00,0.000000e+00,0.000000e+00,0.000000e+00,0.000000e+00,0.000000e+00,0.000000e+00
1.000000e+00,0.000000e+00,0.000000e+00,0.000000e+00,0.000000e+00,0.000000e+00,0.000000e+00,0.000000e+00,0.000000e+00,0.000000e+00,0.000000e+00,0.000000e+00,0.000000e+00,0.000000e+00,0.000000e+00
1.000000e+00,0.000000e+00,0.000000e+00,0.000000e+00,0.000000e+00,0.000000e+00,0.000000e+00,0.000000e+00,0.000000e+00,0.000000e+00,0.000000e+00,0.000000e+00,0.000000e+00,0.000000e+00,0.000000e+00
1.000000e+00,0.000000e+00,0.000000e+00,0.000000e+00,0.000000e+00,0.000000e+00,0.000000e+00,0.000000e+00,0.000000e+00,0.000000e+00,0.000000e+00,0.000000e+00,0.000000e+00,0.000000e+00,0.000000e+00
1.000000e+00,0.000000e+00,0.000000e+00,0.000000e+00,0.000000e+00,0.000000e+00,0.000000e+00,0.000000e+00,0.000000e+00,0.000000e+00,0.000000e+00,0.000000e+00,0.000000e+00,0.000000e+00,0.000000e+00
1.000000e+00,0.000000e+00,0.000000e+00,0.000000e+00,0.000000e+00,0.000000e+00,0.000000e+00,0.000000e+00,0.000000e+00,0.000000e+00,0.000000e+00,0.000000e+00,0.000000e+00,0.000000e+00,0.000000e+00
1.000000e+00,0.000000e+00,0.000000e+00,0.000000e+00,0.000000e+00,0.000000e+00,0.000000e+00,0.000000e+00,0.000000e+00,0.000000e+00,0.000000e+00,0.000000e+00,0.000000e+00,0.000000e+00,0.000000e+00
1.000000e+00,0.000000e+00,0.000000e+00,0.000000e+00,0.000000e+00,0.000000e+00,0.000000e+00,0.000000e+00,0.000000e+00,0.000000e+00,0.000000e+00,0.000000e+00,0.000000e+00,0.000000e+00,0.000000e+00
1.000000e+00,0.000000e+00,0.000000e+00,0.000000e+00,0.000000e+00,0.000000e+00,0.000000e+00,0.000000e+00,0.000000e+00,0.000000e+00,0.000000e+00,0.000000e+00,0.000000e+00,0.000000e+00,0.000000e+00
1.000000e+00,0.000000e+00,0.000000e+00,0.000000e+00,0.000000e+00,0.000000e+00,0.000000e+00,0.000000e+00,0.000000e+00,0.000000e+00,0.000000e+00,0.000000e+00,0.000000e+00,0.000000e+00,0.000000e+00
1.000000e+00,0.000000e+00,0.000000e+00,0.000000e+00,0.000000e+00,0.000000e+00,0.000000e+00,0.000000e+00,0.000000e+00,0.000000e+00,0.000000e+00,0.000000e+00,0.000000e+00,0.000000e+00,0.000000e+00
1.000000e+00,0.000000e+00,0.000000e+00,0.000000e+00,0.000000e+00,0.000000e+00,0.000000e+00,0.000000e+00,0.000000e+00,0.000000e+00,0.000000e+00,0.000000e+00,0.000000e+00,0.000000e+00,0.000000e+00
1.000000e+00,0.000000e+00,0.000000e+00,0.000000e+00,0.000000e+00,0.000000e+00,0.000000e+00,0.000000e+00,0.000000e+00,0.000000e+00,0.000000e+00,0.000000e+00,0.000000e+00,0.000000e+00,0.000000e+00
1.000000e+00,0.000000e+00,0.000000e+00,0.000000e+00,0.000000e+00,0.000000e+00,0.000000e+00,0.000000e+00,0.000000e+00,0.000000e+00,0.000000e+00,0.000000e+00,0.000000e+00,0.000000e+00,0.000000e+00
1.000000e+00,0.000000e+00,0.000000e+00,0.000000e+00,0.000000e+00,0.000000e+00,0.000000e+00,0.000000e+00,0.000000e+00,0.000000e+00,0.000000e+00,0.000000e+00,0.000000e+00,0.000000e+00,0.000000e+00
1.000000e+00,0.000000e+00,0.000000e+00,0.000000e+00,0.000000e+00,0.000000e+00,0.000000e+00,0.000000e+00,0.000000e+00,0.000000e+00,0.000000e+00,0.000000e+00,0.000000e+00,0.000000e+00,0.000000e+00
1.000000e+00,0.000000e+00,0.000000e+00,0.000000e+00,0.000000e+00,0.000000e+00,0.000000e+00,0.000000e+00,0.000000e+00,0.000000e+00,0.000000e+00,0.000000e+00,0.000000e+00,0.000000e+00,0.000000e+00
1.000000e+00,0.000000e+00,0.000000e+00,0.000000e+00,0.000000e+00,0.000000e+00,0.000000e+00,0.000000e+00,0.000000e+00,0.000000e+00,0.000000e+00,0.000000e+00,0.000000e+00,0.000000e+00,0.000000e+00
1.000000e+00,0.000000e+00,0.000000e+00,0.000000e+00,0.000000e+00,0.000000e+00,0.000000e+00,0.000000e+00,0.000000e+00,0.000000e+00,0.000000e+00,0.000000e+00,0.000000e+00,0.000000e+00,0.000000e+00
1.000000e+00,0.000000e+00,0.000000e+00,0.000000e+00,0.000000e+00,0.000000e+00,0.000000e+00,0.000000e+00,0.000000e+00,0.000000e+00,0.000000e+00,0.000000e+00,0.000000e+00,0.000000e+00,0.000000e+00
1.000000e+00,0.000000e+00,0.000000e+00,0.000000e+00,0.000000e+00,0.000000e+00,0.000000e+00,0.000000e+00,0.000000e+00,0.000000e+00,0.000000e+00,0.000000e+00,0.000000e+00,0.000000e+00,0.000000e+00
1.000000e+00,0.000000e+00,0.000000e+00,0.000000e+00,0.000000e+00,0.000000e+00,0.000000e+00,0.000000e+00,0.000000e+00,0.000000e+00,0.000000e+00,0.000000e+00,0.000000e+00,0.000000e+00,0.000000e+00
1.000000e+00,0.000000e+00,0.000000e+00,0.000000e+00,0.000000e+00,0.000000e+00,0.000000e+00,0.000000e+00,0.000000e+00,0.000000e+00,0.000000e+00,0.000000e+00,0.000000e+00,0.000000e+00,0.000000e+00
1.000000e+00,0.000000e+00,0.000000e+00,0.000000e+00,0.000000e+00,0.000000e+00,0.000000e+00,0.000000e+00,0.000000e+00,0.000000e+00,0.000000e+00,0.000000e+00,0.000000e+00,0.000000e+00,0.000000e+00
1.000000e+00,0.000000e+00,0.000000e+00,0.000000e+00,0.000000e+00,0.000000e+00,0.000000e+00,0.000000e+00,0.000000e+00,0.000000e+00,0.000000e+00,0.000000e+00,0.000000e+00,0.000000e+00,0.000000e+00
1.000000e+00,0.000000e+00,0.000000e+00,0.000000e+00,0.000000e+00,0.000000e+00,0.000000e+00,0.000000e+00,0.000000e+00,0.000000e+00,0.000000e+00,0.000000e+00,0.000000e+00,0.000000e+00,0.000000e+00
1.000000e+00,0.000000e+00,0.000000e+00,0.000000e+00,0.000000e+00,0.000000e+00,0.000000e+00,0.000000e+00,0.000000e+00,0.000000e+00,0.000000e+00,0.000000e+00,0.000000e+00,0.000000e+00,0.000000e+00
1.000000e+00,0.000000e+00,0.000000e+00,0.000000e+00,0.000000e+00,0.000000e+00,0.000000e+00,0.000000e+00,0.000000e+00,0.000000e+00,0.000000e+00,0.000000e+00,0.000000e+00,0.000000e+00,0.000000e+00
1.000000e+00,0.000000e+00,0.000000e+00,0.000000e+00,0.000000e+00,0.000000e+00,0.000000e+00,0.000000e+00,0.000000e+00,0.000000e+00,0.000000e+00,0.000000e+00,0.000000e+00,0.000000e+00,0.000000e+00
1.000000e+00,0.000000e+00,0.000000e+00,0.000000e+00,0.000000e+00,0.000000e+00,0.000000e+00,0.000000e+00,0.000000e+00,0.000000e+00,0.000000e+00,0.000000e+00,0.000000e+00,0.000000e+00,0.000000e+00
1.000000e+00,0.000000e+00,0.000000e+00,0.000000e+00,0.000000e+00,0.000000e+00,0.000000e+00,0.000000e+00,0.000000e+00,0.000000e+00,0.000000e+00,0.000000e+00,0.000000e+00,0.000000e+00,0.000000e+00
1.000000e+00,0.000000e+00,0.000000e+00,0.000000e+00,0.000000e+00,0.000000e+00,0.000000e+00,0.000000e+00,0.000000e+00,0.000000e+00,0.000000e+00,0.000000e+00,0.000000e+00,0.000000e+00,0.000000e+00
1.000000e+00,0.000000e+00,0.000000e+00,0.000000e+00,0.000000e+00,0.000000e+00,0.000000e+00,0.000000e+00,0.000000e+00,0.000000e+00,0.000000e+00,0.000000e+00,0.000000e+00,0.000000e+00,0.000000e+00
1.000000e+00,0.000000e+00,0.000000e+00,0.000000e+00,0.000000e+00,0.000000e+00,0.000000e+00,0.000000e+00,0.000000e+00,0.000000e+00,0.000000e+00,0.000000e+00,0.000000e+00,0.000000e+00,0.000000e+00
1.000000e+00,0.000000e+00,0.000000e+00,0.000000e+00,0.000000e+00,0.000000e+00,0.000000e+00,0.000000e+00,0.000000e+00,0.000000e+00,0.000000e+00,0.000000e+00,0.000000e+00,0.000000e+00,0.000000e+00
1.000000e+00,0.000000e+00,0.000000e+00,0.000000e+00,0.000000e+00,0.000000e+00,0.000000e+00,0.000000e+00,0.000000e+00,0.000000e+00,0.000000e+00,0.000000e+00,0.000000e+00,0.000000e+00,0.000000e+00
1.000000e+00,0.000000e+00,0.000000e+00,0.000000e+00,0.000000e+00,0.000000e+00,0.000000e+00,0.000000e+00,0.000000e+00,0.000000e+00,0.000000e+00,0.000000e+00,0.000000e+00,0.000000e+00,0.000000e+00
1.000000e+00,0.000000e+00,0.000000e+00,0.000000e+00,0.000000e+00,0.000000e+00,0.000000e+00,0.000000e+00,0.000000e+00,0.000000e+00,0.000000e+00,0.000000e+00,0.000000e+00,0.000000e+00,0.000000e+00
1.000000e+00,0.000000e+00,0.000000e+00,0.000000e+00,0.000000e+00,0.000000e+00,0.000000e+00,0.000000e+00,0.000000e+00,0.000000e+00,0.000000e+00,0.000000e+00,0.000000e+00,0.000000e+00,0.000000e+00
1.000000e+00,0.000000e+00,0.000000e+00,0.000000e+00,0.000000e+00,0.000000e+00,0.000000e+00,0.000000e+00,0.000000e+00,0.000000e+00,0.000000e+00,0.000000e+00,0.000000e+00,0.000000e+00,0.000000e+00
1.000000e+00,0.000000e+00,0.000000e+00,0.000000e+00,0.000000e+00,0.000000e+00,0.000000e+00,0.000000e+00,0.000000e+00,0.000000e+00,0.000000e+00,0.000000e+00,0.000000e+00,0.000000e+00,0.000000e+00
1.000000e+00,0.000000e+00,0.000000e+00,0.000000e+00,0.000000e+00,0.000000e+00,0.000000e+00,0.000000e+00,0.000000e+00,0.000000e+00,0.000000e+00,0.000000e+00,0.000000e+00,0.000000e+00,0.000000e+00
1.000000e+00,0.000000e+00,0.000000e+00,0.000000e+00,0.000000e+00,0.000000e+00,0.000000e+00,0.000000e+00,0.000000e+00,0.000000e+00,0.000000e+00,0.000000e+00,0.000000e+00,0.000000e+00,0.000000e+00
1.000000e+00,0.000000e+00,0.000000e+00,0.000000e+00,0.000000e+00,0.000000e+00,0.000000e+00,0.000000e+00,0.000000e+00,0.000000e+00,0.000000e+00,0.000000e+00,0.000000e+00,0.000000e+00,0.000000e+00
1.000000e+00,0.000000e+00,0.000000e+00,0.000000e+00,0.000000e+00,0.000000e+00,0.000000e+00,0.000000e+00,0.000000e+00,0.000000e+00,0.000000e+00,0.000000e+00,0.000000e+00,0.000000e+00,0.000000e+00
1.000000e+00,0.000000e+00,0.000000e+00,0.000000e+00,0.000000e+00,0.000000e+00,0.000000e+00,0.000000e+00,0.000000e+00,0.000000e+00,0.000000e+00,0.000000e+00,0.000000e+00,0.000000e+00,0.000000e+00
1.000000e+00,0.000000e+00,0.000000e+00,0.000000e+00,0.000000e+00,0.000000e+00,0.000000e+00,0.000000e+00,0.000000e+00,0.000000e+00,0.000000e+00,0.000000e+00,0.000000e+00,0.000000e+00,0.000000e+00
1.000000e+00,0.000000e+00,0.000000e+00,0.000000e+00,0.000000e+00,0.000000e+00,0.000000e+00,0.000000e+00,0.000000e+00,0.000000e+00,0.000000e+00,0.000000e+00,0.000000e+00,0.000000e+00,0.000000e+00
1.000000e+00,0.000000e+00,0.000000e+00,0.000000e+00,0.000000e+00,0.000000e+00,0.000000e+00,0.000000e+00,0.000000e+00,0.000000e+00,0.000000e+00,0.000000e+00,0.000000e+00,0.000000e+00,0.000000e+00
1.000000e+00,0.000000e+00,0.000000e+00,0.000000e+00,0.000000e+00,0.000000e+00,0.000000e+00,0.000000e+00,0.000000e+00,0.000000e+00,0.000000e+00,0.000000e+00,0.000000e+00,0.000000e+00,0.000000e+00
4.998887e-01,1.214321e-02,3.814182e-02,4.700714e-02,5.898423e-03,1.638079e-01,1.449028e-02,9.663836e-02,9.517374e-03,1.480834e-03,5.965763e-03,2.487908e-02,5.801588e-02,1.809887e-03,2.031534e-02
3.969865e-01,9.060055e-03,2.986849e-02,3.465546e-02,4.866705e-03,1.204144e-01,1.234185e-02,3.022065e-01,6.849403e-03,1.132050e-03,4.627125e-03,1.835687e-02,4.198936e-02,1.485907e-03,1.515930e-02
3.192601e-01,6.840176e-03,2.286517e-02,2.558683e-02,3.840531e-03,8.904018e-02,1.127396e-02,4.551939e-01,4.953054e-03,8.637132e-04,3.589415e-03,1.354107e-02,3.044823e-02,1.277583e-03,1.142614e-02
2.551000e-01,5.064555e-03,1.686260e-02,1.899182e-02,2.960344e-03,6.644695e-02,9.653251e-03,5.755471e-01,3.569881e-03,6.485401e-04,2.786074e-03,1.014494e-02,2.258608e-02,1.234836e-03,8.403056e-03
2.190829e-01,3.707526e-03,1.215729e-02,1.375391e-02,2.458825e-03,4.761772e-02,7.964544e-03,6.572678e-01,2.545945e-03,4.797067e-04,2.136588e-03,7.435399e-03,1.634779e-02,1.015745e-03,6.028275e-03
1.739914e-01,2.749059e-03,9.560773e-03,1.047750e-02,2.071014e-03,3.421877e-02,6.547742e-03,7.342398e-01,1.802642e-03,3.500199e-04,1.619862e-03,5.447364e-03,1.173250e-02,8.518703e-04,4.339706e-03
1.379339e-01,1.972220e-03,6.982999e-03,7.643080e-03,2.031172e-03,2.447757e-02,5.848192e-03,7.940922e-01,1.274538e-03,2.644715e-04,1.212273e-03,3.967240e-03,8.565850e-03,6.278025e-04,3.106520e-03
1.201733e-01,1.461486e-03,5.179197e-03,5.663286e-03,2.479575e-03,1.782371e-02,6.447989e-03,8.257287e-01,9.310131e-04,2.540997e-04,1.004993e-03,3.168322e-03,6.873810e-03,4.806524e-04,2.329788e-03
9.321246e-02,1.078658e-03,4.137818e-03,4.299522e-03,2.899753e-03,1.267878e-02,9.401890e-03,8.605812e-01,6.710439e-04,2.119805e-04,8.094572e-04,2.379527e-03,5.565368e-03,3.645954e-04,1.707968e-03
7.830200e-02,8.273333e-04,3.675035e-03,3.602580e-03,4.287100e-03,9.643398e-03,1.455600e-02,8.748465e-01,5.064987e-04,2.425512e-04,6.997258e-04,1.969600e-03,5.252533e-03,2.841183e-04,1.305099e-03
6.521991e-02,6.362248e-04,2.788209e-03,2.757856e-03,4.786086e-03,7.843751e-03,1.409476e-02,8.922257e-01,3.911096e-04,2.210437e-04,6.512966e-04,1.708718e-03,5.453629e-03,2.320720e-04,9.896812e-04
7.379324e-02,5.527255e-04,2.124390e-03,2.140513e-03,1.014009e-02,1.160794e-02,1.206287e-02,8.780087e-01,3.865101e-04,2.365150e-04,7.392468e-04,1.605974e-03,5.496643e-03,1.962449e-04,9.084945e-04
6.762937e-02,4.603877e-04,1.651214e-03,1.677332e-03,1.213355e-02,1.847075e-02,1.299342e-02,8.617181e-01,3.491661e-04,2.561789e-04,1.591152e-03,1.787948e-03,1.787095e-02,1.802284e-04,1.230323e-03
5.383119e-02,7.855861e-04,1.273875e-03,2.899953e-03,1.109597e-02,1.704414e-02,9.681177e-03,6.945589e-01,9.992388e-03,5.469972e-03,1.650343e-02,5.889078e-02,1.059010e-01,7.996376e-03,4.075288e-03
4.350159e-02,1.894103e-03,1.078745e-03,1.525081e-02,9.652121e-03,1.313797e-02,7.382122e-03,4.998432e-01,1.129434e-01,1.460060e-02,2.924275e-02,6.393832e-02,1.633008e-01,8.547048e-03,1.568650e-02
3.283145e-02,2.036511e-03,8.778825e-04,1.881273e-02,7.260024e-03,9.799884e-03,5.411281e-03,3.512402e-01,1.021652e-01,1.208540e-02,8.666470e-02,5.501361e-02,2.934369e-01,7.016847e-03,1.534750e-02
2.636788e-02,2.535952e-03,9.740846e-04,1.904765e-02,5.567835e-03,8.734153e-03,3.894564e-03,2.472331e-01,9.717624e-02,1.139655e-02,7.973394e-02,5.602847e-02,4.119723e-01,6.117353e-03,2.321997e-02
2.451774e-02,3.182138e-03,1.164314e-03,1.610409e-02,4.260554e-03,9.364055e-03,2.891468e-03,1.734542e-01,9.612291e-02,1.431821e-02,6.506907e-02,5.909096e-02,4.492306e-01,6.008376e-03,7.522139e-02
1.994055e-02,3.371385e-03,1.588026e-03,1.790239e-02,5.011951e-03,1.397986e-02,2.422275e-03,1.215594e-01,8.976205e-02,4.815377e-02,6.608890e-02,8.132226e-02,4.255199e-01,5.661951e-03,9.771532e-02
1.642814e-02,1.414100e-02,1.714251e-02,1.674739e-02,4.232813e-02,1.034812e-02,1.971962e-03,8.613262e-02,1.972395e-01,3.633133e-02,6.097218e-02,7.437678e-02,3.337069e-01,5.068850e-03,8.706454e-02
1.610991e-02,2.040804e-02,2.455307e-02,1.636918e-02,4.308289e-02,8.075419e-03,1.574740e-03,6.373248e-02,1.984929e-01,3.116276e-02,5.397824e-02,5.856704e-02,2.666396e-01,6.608748e-03,1.906449e-01
1.497316e-02,2.227919e-02,3.145599e-02,1.248988e-02,3.184076e-02,6.109800e-03,1.154706e-03,4.568428e-02,1.568770e-01,2.362987e-02,4.208859e-02,4.523569e-02,2.042597e-01,7.975467e-03,3.539459e-01
1.274056e-02,3.425996e-02,4.371908e-02,9.969749e-03,2.781293e-02,5.255928e-03,1.079696e-03,4.952929e-02,2.521507e-01,1.920978e-02,3.708313e-02,3.687618e-02,1.644694e-01,6.678774e-03,2.991648e-01
1.250800e-02,8.531378e-02,4.525777e-02,8.517498e-03,2.582151e-02,4.264507e-03,9.087757e-04,4.243020e-02,3.362395e-01,1.460331e-02,2.933315e-02,2.702751e-02,1.172412e-01,5.211466e-03,2.453219e-01
1.168557e-02,1.205048e-01,3.592524e-02,7.385533e-03,2.735446e-02,4.799643e-03,7.228059e-04,3.288706e-02,4.269469e-01,1.062946e-02,2.105837e-02,1.904538e-02,8.249496e-02,3.792177e-03,1.947677e-01
1.148356e-02,1.480557e-01,2.961441e-02,9.815587e-03,3.660385e-02,4.305363e-03,7.931214e-04,3.817482e-02,4.826269e-01,7.704030e-03,1.493090e-02,1.341895e-02,5.808951e-02,2.700339e-03,1.416830e-01
1.581128e-02,1.346487e-01,2.479169e-02,1.026131e-02,1.487959e-01,5.175062e-03,2.608152e-03,4.234965e-02,4.471064e-01,5.572539e-03,1.068631e-02,9.444415e-03,4.095260e-02,1.941032e-03,9.985487e-02
1.834053e-02,1.355844e-01,2.045349e-02,1.337676e-02,1.496012e-01,5.213973e-03,2.868449e-03,5.229405e-02,4.816436e-01,4.417976e-03,7.801803e-03,6.709005e-03,2.934948e-02,1.417050e-03,7.092828e-02
1.990232e-02,1.162266e-01,1.589510e-02,1.656285e-02,1.374879e-01,4.514010e-03,2.882472e-03,1.136299e-01,4.871015e-01,3.244627e-03,5.921253e-03,4.777278e-03,2.087267e-02,1.031061e-03,4.995047e-02
2.195701e-02,8.816040e-02,1.607331e-02,7.139222e-02,1.439845e-01,3.560496e-03,2.606412e-03,1.914955e-01,3.991463e-01,2.527420e-03,4.722000e-03,3.475912e-03,1.488174e-02,7.345339e-04,3.528220e-02
2.105060e-02,6.663288e-02,1.265321e-02,5.764639e-02,1.371992e-01,2.670341e-03,1.969000e-03,3.544608e-01,3.021803e-01,1.793607e-03,3.478349e-03,2.480876e-03,1.050289e-02,5.206577e-04,2.476099e-02
1.660770e-02,5.067583e-02,9.064458e-03,4.188849e-02,1.091781e-01,1.998227e-03,1.423791e-03,5.085765e-01,2.297098e-01,1.271810e-03,2.655846e-03,1.823271e-03,7.405030e-03,3.668357e-04,1.735430e-02
1.241670e-02,3.602133e-02,8.962185e-03,1.418822e-01,8.002684e-02,1.941324e-03,1.032809e-03,4.855170e-01,1.622323e-01,1.388029e-03,3.548186e-02,7.501516e-03,1.286859e-02,3.234298e-04,1.240380e-02
8.743985e-03,2.531528e-02,6.907517e-03,2.024587e-01,5.770149e-02,1.786380e-03,7.317172e-04,3.869451e-01,1.144460e-01,1.522508e-03,8.213265e-02,6.124277e-02,4.088752e-02,3.964487e-04,8.781906e-03
6.133572e-03,1.773209e-02,4.969209e-03,1.705202e-01,4.060320e-02,1.517212e-03,5.147874e-04,2.757415e-01,8.025913e-02,1.452946e-03,1.806806e-01,1.347259e-01,7.828262e-02,6.914906e-04,6.175443e-03
4.302086e-03,1.242495e-02,3.664091e-03,1.326756e-01,2.850453e-02,1.370607e-03,3.629263e-04,1.950353e-01,5.627900e-02,1.645048e-03,2.877571e-01,1.527649e-01,1.177481e-01,1.068976e-03,4.396718e-03
3.020596e-03,8.714695e-03,2.802356e-03,9.356837e-02,2.032837e-02,1.009795e-03,2.561612e-04,1.371585e-01,4.010422e-02,1.850064e-03,3.789715e-01,1.690887e-01,1.377809e-01,2.122244e-03,3.223561e-03
2.151961e-03,6.117292e-03,3.051952e-03,6.597524e-02,1.497136e-02,7.960264e-04,1.848794e-04,9.635404e-02,2.898919e-02,2.947663e-03,4.313007e-01,1.470449e-01,1.938600e-01,3.568934e-03,2.685895e-03
1.614626e-03,4.321697e-03,4.560272e-03,4.754257e-02,1.164096e-02,7.636527e-04,1.537559e-04,6.798037e-02,2.111648e-02,9.590272e-03,4.634490e-01,1.401020e-01,2.125856e-01,8.382535e-03,6.196345e-03
1.226794e-03,3.071706e-03,4.416927e-03,3.467504e-02,9.064789e-03,9.311154e-04,1.534065e-04,4.797190e-02,1.526051e-02,2.449632e-02,4.664916e-01,1.775034e-01,1.912498e-01,1.358833e-02,9.898361e-03
9.692014e-04,2.273776e-03,6.174611e-03,2.513947e-02,8.645693e-03,8.355775e-04,1.261222e-04,3.384637e-02,1.155950e-02,3.110406e-02,5.096167e-01,1.651491e-01,1.662051e-01,2.395546e-02,1.439921e-02
8.386180e-04,1.686907e-03,9.176825e-03,1.815252e-02,1.799720e-02,9.152918e-04,1.960463e-04,2.577895e-02,1.064307e-02,7.156648e-02,4.847687e-01,1.552419e-01,1.503927e-01,3.414539e-02,1.849937e-02
1.064799e-03,1.513550e-03,2.058475e-02,1.395673e-02,2.062711e-02,1.363730e-03,2.000771e-04,2.564636e-02,9.617733e-03,1.009796e-01,4.235224e-01,1.418914e-01,1.379365e-01,6.090908e-02,4.018612e-02
3.694664e-03,2.715365e-03,2.760252e-02,1.115053e-02,3.218917e-02,3.090488e-03,6.739921e-04,4.647381e-02,2.034464e-02,1.109768e-01,3.757280e-01,1.136582e-01,1.103333e-01,5.551665e-02,8.585180e-02
6.251310e-03,1.939894e-03,2.499638e-02,4.043200e-02,2.499662e-02,2.979997e-02,2.127862e-02,1.603428e-01,1.449798e-02,1.201738e-01,2.829631e-01,8.110292e-02,7.929108e-02,4.015469e-02,7.177883e-02
1.684201e-02,1.471179e-03,2.662148e-02,9.592823e-02,2.079372e-02,6.673937e-02,3.116130e-02,1.810687e-01,1.079771e-02,1.247795e-01,2.267254e-01,5.799071e-02,5.777992e-02,2.926998e-02,5.203080e-02
4.343714e-02,1.383196e-03,2.535863e-02,1.078077e-01,2.335936e-02,7.341716e-02,3.035953e-02,1.405979e-01,1.093307e-02,1.791002e-01,2.171546e-01,4.297075e-02,4.508267e-02,2.217982e-02,3.685835e-02
5.381497e-02,1.889668e-03,2.513376e-02,9.603640e-02,2.955614e-02,5.431099e-02,2.253374e-02,1.076840e-01,1.117079e-02,2.921453e-01,1.927941e-01,3.156862e-02,3.425306e-02,2.094861e-02,2.615988e-02
7.367205e-02,2.555639e-03,3.398351e-02,1.368138e-01,3.360957e-02,4.361384e-02,1.755065e-02,8.851228e-02,1.121701e-02,3.160724e-01,1.505386e-01,2.444740e-02,3.176739e-02,1.660108e-02,1.904487e-02
9.321506e-02,3.863737e-03,4.362641e-02,1.259275e-01,3.669532e-02,3.466626e-02,1.289260e-02,6.836490e-02,9.660594e-03,3.697816e-01,1.212026e-01,2.433643e-02,2.902281e-02,1.266308e-02,1.408120e-02
1.370302e-01,5.761431e-03,7.596473e-02,1.039750e-01,4.944926e-02,2.617481e-02,9.505789e-03,5.225999e-02,9.974975e-03,3.646337e-01,9.344006e-02,2.398196e-02,2.435335e-02,1.177861e-02,1.171619e-02
1.667988e-01,7.852538e-03,7.042257e-02,8.318393e-02,5.708975e-02,2.647124e-02,7.119832e-03,3.924080e-02,9.825667e-03,3.787814e-01,7.761599e-02,2.866350e-02,2.158583e-02,1.493982e-02,1.040840e-02
1.883136e-01,7.440569e-03,8.681937e-02,7.595170e-02,5.122051e-02,2.102182e-02,6.254223e-03,4.748984e-02,1.052319e-02,3.696172e-01,6.023541e-02,3.124251e-02,1.908059e-02,1.566337e-02,9.126154e-03
2.459063e-01,1.018258e-02,9.320796e-02,6.207855e-02,6.576464e-02,2.013706e-02,7.875911e-03,6.454001e-02,1.375599e-02,2.967448e-01,4.686041e-02,2.882808e-02,1.831626e-02,1.557995e-02,1.022155e-02
3.477054e-01,1.550769e-02,7.373093e-02,5.045874e-02,6.296413e-02,2.228394e-02,1.034469e-02,5.374638e-02,1.975457e-02,2.264143e-01,3.880972e-02,2.945135e-02,1.501061e-02,1.450813e-02,1.930944e-02
4.175534e-01,1.741128e-02,5.652413e-02,4.067126e-02,6.981404e-02,2.686547e-02,1.023299e-02,4.304130e-02,2.538574e-02,1.668811e-01,3.662592e-02,3.373269e-02,1.341669e-02,1.546576e-02,2.637822e-02
4.226158e-01,2.447481e-02,4.142712e-02,5.178516e-02,5.413551e-02,2.506874e-02,7.767464e-03,3.537355e-02,4.251856e-02,1.383188e-01,3.268076e-02,3.578519e-02,1.671956e-02,1.328364e-02,5.804536e-02
4.102682e-01,2.740066e-02,3.133612e-02,6.117028e-02,4.115599e-02,2.267817e-02,5.980196e-03,2.998840e-02,4.790467e-02,1.118268e-01,2.750856e-02,3.864872e-02,2.449741e-02,1.271705e-02,1.069188e-01
3.555930e-01,3.067360e-02,2.284570e-02,5.383114e-02,3.050390e-02,2.178070e-02,4.366130e-03,2.313825e-02,1.144444e-01,9.946480e-02,2.341179e-02,3.324458e-02,2.704307e-02,1.396045e-02,1.456985e-01
3.722965e-01,2.994284e-02,1.703178e-02,4.819945e-02,2.849481e-02,2.460452e-02,3.656053e-03,1.868090e-02,1.398550e-01,7.492900e-02,2.094596e-02,3.226494e-02,4.488298e-02,1.278904e-02,1.314264e-01
3.997846e-01,3.218216e-02,1.287883e-02,5.416662e-02,2.936880e-02,2.872891e-02,3.238648e-03,1.444094e-02,1.259039e-01,5.689472e-02,1.986740e-02,3.471510e-02,5.143439e-02,1.082677e-02,1.255683e-01
4.529080e-01,3.028905e-02,1.003577e-02,5.408985e-02,2.462828e-02,2.976665e-02,3.195582e-03,1.199280e-02,1.019411e-01,4.465334e-02,1.660318e-02,3.838963e-02,5.246422e-02,9.304454e-03,1.197381e-01
4.814258e-01,3.102480e-02,8.516386e-03,5.101256e-02,2.441461e-02,2.751989e-02,3.131462e-03,1.078133e-02,8.288107e-02,3.448084e-02,1.540974e-02,3.777057e-02,7.438597e-02,8.823112e-03,1.084218e-01
3.535285e-01,5.920968e-02,1.072112e-02,8.390801e-02,3.481472e-02,2.593903e-02,4.181073e-03,1.762742e-02,1.620853e-01,2.689176e-02,1.431150e-02,2.933902e-02,8.363859e-02,7.257253e-03,8.654709e-02
2.909126e-01,5.759403e-02,8.890998e-03,7.872764e-02,2.869334e-02,3.188739e-02,3.743452e-03,1.381440e-02,1.370690e-01,1.953874e-02,1.350466e-02,3.138048e-02,2.075435e-01,5.787958e-03,7.091191e-02
2.564799e-01,4.932368e-02,6.797957e-03,6.354943e-02,2.304385e-02,2.667171e-02,3.220369e-03,1.104018e-02,1.216382e-01,1.412111e-02,1.152650e-02,2.752396e-02,3.286156e-01,4.297821e-03,5.214970e-02
2.014946e-01,6.280969e-02,6.043639e-03,5.249508e-02,1.718006e-02,2.334468e-02,2.435060e-03,9.635991e-03,1.499544e-01,1.077639e-02,9.344075e-03,2.154000e-02,3.878984e-01,3.313190e-03,4.173464e-02
1.636916e-01,8.442385e-02,4.656014e-03,4.076275e-02,1.302271e-02,2.802046e-02,1.841436e-03,8.345713e-03,2.117228e-01,8.125885e-03,7.073423e-03,1.588161e-02,3.760545e-01,2.592109e-03,3.378504e-02
1.186001e-01,1.011447e-01,1.572852e-02,8.372408e-02,1.016291e-02,2.682951e-02,1.405403e-03,1.141883e-02,2.623396e-01,1.025780e-02,5.879128e-03,1.315810e-02,2.973130e-01,2.114855e-03,3.992339e-02
9.084002e-02,8.906077e-02,1.373436e-02,6.559389e-02,1.456647e-02,3.771891e-02,2.008510e-03,2.060794e-02,3.282855e-01,1.264148e-02,5.509695e-03,1.132707e-02,2.596102e-01,2.967271e-03,4.552782e-02
7.736041e-02,6.861189e-02,1.279368e-02,5.744655e-02,4.197511e-02,7.246843e-02,9.483367e-03,6.364331e-02,3.176079e-01,1.160612e-02,4.859576e-03,8.879674e-03,2.155440e-01,2.329967e-03,3.539003e-02
8.422720e-02,6.095178e-02,1.908940e-02,8.251727e-02,4.733391e-02,7.178637e-02,7.871776e-03,8.158095e-02,2.970852e-01,1.688821e-02,4.676959e-03,7.230110e-03,1.729930e-01,1.922838e-03,4.384495e-02
9.640883e-02,4.942319e-02,1.441163e-02,7.126996e-02,5.323267e-02,1.176564e-01,7.008032e-03,8.154918e-02,2.687343e-01,1.617430e-02,4.941717e-03,5.814564e-03,1.400440e-01,1.733508e-03,7.159769e-02
9.509116e-02,3.780068e-02,1.199666e-02,7.253198e-02,5.750814e-02,1.769724e-01,7.729987e-03,1.436183e-01,2.120546e-01,1.287522e-02,5.145680e-03,5.223163e-03,1.032508e-01,1.366714e-03,5.683450e-02
1.296264e-01,3.035711e-02,8.790065e-03,6.314500e-02,5.593173e-02,2.455344e-01,7.053495e-03,1.209201e-01,1.877168e-01,9.748879e-03,4.627102e-03,5.887300e-03,8.367361e-02,1.174986e-03,4.581299e-02
1.423261e-01,2.483244e-02,6.477122e-03,6.115823e-02,4.914136e-02,2.589198e-01,1.216504e-02,1.424456e-01,1.640679e-01,7.240693e-03,4.583891e-03,6.451773e-03,8.379605e-02,1.064061e-03,3.532990e-02
1.189067e-01,2.053998e-02,4.746137e-03,5.067843e-02,4.275492e-02,2.134834e-01,9.406401e-03,2.974830e-01,1.391785e-01,5.190258e-03,3.572792e-03,4.860366e-03,6.171434e-02,9.449110e-04,2.653982e-02
9.578424e-02,1.663825e-02,3.612638e-03,4.161856e-02,3.809240e-02,1.674431e-01,7.764699e-03,4.353446e-01,1.177216e-01,3.760180e-03,2.747842e-03,3.652683e-03,4.519757e-02,7.769826e-04,1.984462e-02
6.991131e-02,1.218600e-02,2.836810e-03,3.077267e-02,3.212667e-02,1.220928e-01,5.837617e-03,5.815902e-01,8.853648e-02,2.664771e-03,1.995576e-03,2.661620e-03,3.217603e-02,5.609376e-04,1.405046e-02
6.081077e-02,1.005473e-02,2.889387e-03,2.354744e-02,2.728443e-02,8.800203e-02,4.915081e-03,6.604099e-01,7.714022e-02,1.903266e-03,2.093603e-03,2.262573e-03,2.795227e-02,4.458873e-04,1.028833e-02
5.555513e-02,1.022727e-02,5.041537e-03,2.006616e-02,2.595316e-02,6.464624e-02,4.730340e-03,6.756113e-01,7.676959e-02,1.402233e-03,3.057590e-03,3.212126e-03,4.437909e-02,3.876870e-04,8.960521e-03
7.778721e-02,9.933567e-03,6.558555e-03,2.212462e-02,2.019959e-02,5.015938e-02,3.696340e-03,5.917474e-01,8.155555e-02,1.321812e-03,8.703683e-03,1.789713e-02,9.850638e-02,3.670382e-04,9.441679e-03
8.605792e-02,7.809507e-03,5.217977e-03,1.967338e-02,1.545817e-02,4.107613e-02,2.977757e-03,4.610884e-01,6.773372e-02,1.262330e-03,2.187048e-02,3.851167e-02,2.209517e-01,3.378414e-04,9.972885e-03
1.001577e-01,6.889016e-03,5.005311e-03,1.805726e-02,1.447890e-02,3.788722e-02,7.119388e-03,3.324337e-01,5.730701e-02,1.933898e-03,3.166021e-02,3.672102e-02,3.398530e-01,3.738396e-04,1.012258e-02
1.374370e-01,6.232854e-03,6.129103e-03,1.478098e-02,1.153681e-02,3.813954e-02,9.178609e-03,2.337018e-01,4.270758e-02,3.842999e-03,3.398480e-02,4.003873e-02,4.017258e-01,5.986979e-04,1.996467e-02
1.305185e-01,5.378779e-03,5.551879e-03,1.137850e-02,8.888209e-03,4.381289e-02,1.130502e-02,1.641756e-01,3.108857e-02,4.221443e-03,4.230097e-02,4.115250e-02,4.548470e-01,7.636941e-04,4.461649e-02
1.185869e-01,4.146588e-03,3.979807e-03,8.325276e-03,6.776507e-03,4.351043e-02,9.023723e-03,1.153638e-01,2.298850e-02,4.116026e-03,4.705891e-02,4.083396e-02,5.257747e-01,1.723906e-03,4.779098e-02
8.818690e-02,2.999248e-03,3.117589e-03,5.953914e-03,4.957127e-03,3.265854e-02,7.517171e-03,8.086503e-02,1.647834e-02,4.436215e-03,7.281613e-02,7.359963e-02,5.220224e-01,1.447542e-03,8.294427e-02
7.333428e-02,2.196826e-03,2.446250e-03,4.441781e-03,4.548758e-03,5.156878e-02,9.422491e-03,5.713982e-02,1.242495e-02,7.999640e-03,9.871335e-02,9.682600e-02,4.947702e-01,1.714077e-03,8.245277e-02
5.595238e-02,1.574650e-03,2.055605e-03,3.392643e-03,6.893084e-03,8.257432e-02,5.310698e-02,4.753021e-02,9.652108e-03,9.317488e-03,1.019043e-01,9.032037e-02,4.665339e-01,1.585567e-03,6.760634e-02
5.375394e-02,1.179926e-03,1.935555e-03,2.817111e-03,9.225863e-03,1.046236e-01,4.910119e-02,3.861290e-02,8.338686e-03,1.001377e-02,9.465674e-02,1.368267e-01,4.343567e-01,1.342385e-03,5.321496e-02
4.560657e-02,1.058664e-03,5.322106e-03,2.662400e-03,1.400564e-02,1.238751e-01,3.954712e-02,4.793421e-02,1.177409e-02,1.461640e-02,7.536185e-02,2.307468e-01,3.420480e-01,1.687340e-03,4.375373e-02
4.381779e-02,1.277826e-03,7.188856e-03,2.923730e-03,3.100247e-02,9.037760e-02,3.156867e-02,6.043584e-02,1.517502e-02,1.892407e-02,6.181929e-02,3.121367e-01,2.742361e-01,5.421359e-03,4.369462e-02
5.104624e-02,4.668812e-03,1.364904e-02,8.635934e-03,5.373921e-02,6.861071e-02,2.829435e-02,1.586731e-01,3.111331e-02,2.448395e-02,4.763740e-02,2.524772e-01,2.080555e-01,7.967320e-03,4.094793e-02
5.373044e-02,4.256843e-03,2.237552e-02,2.315924e-02,6.543434e-02,5.089747e-02,3.360334e-02,2.649677e-01,2.882948e-02,2.114893e-02,3.589922e-02,1.932294e-01,1.572221e-01,6.381524e-03,3.886446e-02
6.856903e-02,6.652375e-03,2.303139e-02,3.034548e-02,7.753986e-02,4.037307e-02,3.190275e-02,2.763031e-01,3.273160e-02,2.030652e-02,2.812158e-02,1.889457e-01,1.268256e-01,6.599977e-03,4.175199e-02
1.061119e-01,7.445323e-03,4.447623e-02,5.202078e-02,8.731893e-02,3.612381e-02,2.636984e-02,2.470849e-01,3.476737e-02,1.732558e-02,2.678486e-02,1.481309e-01,1.136115e-01,7.650663e-03,4.477734e-02
1.650602e-01,1.151251e-02,5.019187e-02,4.546669e-02,8.109140e-02,3.587060e-02,2.349585e-02,1.989232e-01,3.240347e-02,1.508607e-02,2.095912e-02,1.322972e-01,1.166838e-01,1.087460e-02,6.008347e-02
2.139779e-01,2.278595e-02,6.619494e-02,3.877757e-02,8.267982e-02,3.357077e-02,2.508267e-02,1.438587e-01,3.349055e-02,1.384578e-02,1.735862e-02,1.294024e-01,1.073162e-01,1.152516e-02,6.013298e-02
2.973475e-01,2.229932e-02,5.197226e-02,4.264247e-02,8.117261e-02,2.887461e-02,2.804794e-02,1.167172e-01,3.255501e-02,1.088504e-02,1.446668e-02,1.031228e-01,1.106530e-01,9.512605e-03,4.973096e-02
3.151903e-01,2.468940e-02,3.950828e-02,6.089861e-02,8.523438e-02,2.956510e-02,2.879848e-02,1.114627e-01,3.282190e-02,9.004327e-03,1.167152e-02,9.008429e-02,1.129688e-01,7.553098e-03,4.054886e-02
3.772162e-01,2.671962e-02,2.948447e-02,5.118267e-02,6.895855e-02,3.391428e-02,2.774527e-02,9.073488e-02,3.532778e-02,7.670173e-03,9.237166e-03,7.282467e-02,1.282246e-01,6.019970e-03,3.473980e-02
4.258492e-01,2.633893e-02,2.225494e-02,4.041324e-02,5.413179e-02,3.726550e-02,2.473784e-02,7.039554e-02,3.531020e-02,6.849832e-03,7.358239e-03,6.591976e-02,1.465818e-01,5.403643e-03,3.118956e-02
3.185714e-01,6.095556e-02,2.191459e-02,1.657032e-01,4.586910e-02,3.030462e-02,2.097267e-02,5.106631e-02,4.145788e-02,1.118046e-02,1.627407e-02,6.866004e-02,1.109935e-01,4.813649e-03,3.126300e-02
3.036487e-01,4.793556e-02,1.828692e-02,1.509165e-01,3.363239e-02,2.662547e-02,1.801938e-02,3.874938e-02,4.835606e-02,1.490643e-02,1.781997e-02,1.193405e-01,1.214185e-01,6.079017e-03,3.426528e-02
3.348525e-01,3.759001e-02,1.445396e-02,1.527397e-01,2.614498e-02,2.477619e-02,1.802411e-02,3.081075e-02,5.842499e-02,1.385191e-02,2.415502e-02,9.445006e-02,1.329203e-01,5.082794e-03,3.172269e-02
4.003786e-01,3.555810e-02,2.216033e-02,1.585497e-01,1.955833e-02,1.973672e-02,1.366609e-02,2.393849e-02,5.475591e-02,1.094951e-02,2.372197e-02,7.041679e-02,1.019029e-01,7.107639e-03,3.759883e-02
4.701254e-01,2.843660e-02,1.717938e-02,1.353337e-01,1.528535e-02,1.677861e-02,1.059167e-02,1.810285e-02,4.736094e-02,8.650819e-03,3.411983e-02,5.130645e-02,9.930847e-02,8.486820e-03,3.893314e-02
4.961270e-01,2.269991e-02,1.319257e-02,9.818816e-02,1.188078e-02,1.609510e-02,9.287440e-03,1.309807e-02,3.969779e-02,7.710314e-03,2.558740e-02,3.746744e-02,1.102128e-01,9.066130e-03,8.968902e-02
1.000000e+00,0.000000e+00,0.000000e+00,0.000000e+00,0.000000e+00,0.000000e+00,0.000000e+00,0.000000e+00,0.000000e+00,0.000000e+00,0.000000e+00,0.000000e+00,0.000000e+00,0.000000e+00,0.000000e+00
1.000000e+00,0.000000e+00,0.000000e+00,0.000000e+00,0.000000e+00,0.000000e+00,0.000000e+00,0.000000e+00,0.000000e+00,0.000000e+00,0.000000e+00,0.000000e+00,0.000000e+00,0.000000e+00,0.000000e+00
1.000000e+00,0.000000e+00,0.000000e+00,0.000000e+00,0.000000e+00,0.000000e+00,0.000000e+00,0.000000e+00,0.000000e+00,0.000000e+00,0.000000e+00,0.000000e+00,0.000000e+00,0.000000e+00,0.000000e+00
1.000000e+00,0.000000e+00,0.000000e+00,0.000000e+00,0.000000e+00,0.000000e+00,0.000000e+00,0.000000e+00,0.000000e+00,0.000000e+00,0.000000e+00,0.000000e+00,0.000000e+00,0.000000e+00,0.000000e+00
1.000000e+00,0.000000e+00,0.000000e+00,0.000000e+00,0.000000e+00,0.000000e+00,0.000000e+00,0.000000e+00,0.000000e+00,0.000000e+00,0.000000e+00,0.000000e+00,0.000000e+00,0.000000e+00,0.000000e+00
1.000000e+00,0.000000e+00,0.000000e+00,0.000000e+00,0.000000e+00,0.000000e+00,0.000000e+00,0.000000e+00,0.000000e+00,0.000000e+00,0.000000e+00,0.000000e+00,0.000000e+00,0.000000e+00,0.000000e+00
4.686785e-01,4.515808e-03,7.022986e-03,1.577150e-02,1.949302e-02,3.018327e-02,4.125971e-03,3.562585e-03,1.924068e-02,5.168831e-03,1.491319e-02,4.507566e-02,7.790537e-02,3.913448e-03,2.804291e-01
3.714241e-01,4.872278e-03,1.029183e-02,1.814377e-02,4.012915e-02,2.421727e-02,6.741330e-03,1.593948e-02,8.100878e-02,5.249379e-03,1.949775e-02,4.618980e-02,7.055498e-02,3.522060e-03,2.822180e-01
3.843838e-01,6.918746e-03,1.171704e-02,2.512667e-02,3.841515e-02,2.195437e-02,8.333476e-03,2.095349e-02,9.486501e-02,6.800579e-03,2.276080e-02,6.982399e-02,5.783888e-02,3.362544e-03,2.267454e-01
2.938815e-01,1.972651e-02,9.506514e-03,2.065786e-02,3.345633e-02,1.733310e-02,6.879359e-03,1.551254e-02,2.295146e-01,5.990689e-03,2.483105e-02,7.428040e-02,5.030794e-02,2.845078e-03,1.952766e-01
2.254214e-01,1.920646e-02,2.183016e-02,4.926991e-02,3.405397e-02,1.800597e-02,6.571849e-03,3.062747e-02,2.738487e-01,7.581223e-03,3.110582e-02,7.543900e-02,5.283207e-02,3.119509e-03,1.510864e-01
2.010798e-01,1.884887e-02,2.618136e-02,3.737836e-02,4.667679e-02,2.644873e-02,8.755333e-03,6.540635e-02,2.797283e-01,8.738046e-03,3.036164e-02,6.485543e-02,4.935168e-02,3.313391e-03,1.328759e-01
1.668980e-01,2.546725e-02,2.131006e-02,2.750535e-02,5.267410e-02,2.523902e-02,1.332288e-02,5.106173e-02,3.896447e-01,8.201900e-03,2.367366e-02,5.651210e-02,3.952523e-02,2.636830e-03,9.632725e-02
1.581553e-01,3.151118e-02,1.986102e-02,2.471144e-02,5.707418e-02,3.831609e-02,1.448505e-02,4.121315e-02,4.192856e-01,1.175254e-02,1.979966e-02,4.942778e-02,3.595093e-02,2.751648e-03,7.570437e-02
1.382181e-01,3.789032e-02,2.169720e-02,2.173029e-02,6.831277e-02,3.418761e-02,2.292832e-02,4.093915e-02,4.359400e-01,1.675210e-02,1.563325e-02,3.881831e-02,4.616947e-02,2.423665e-03,5.835951e-02
1.152483e-01,5.016039e-02,1.732559e-02,2.034695e-02,7.690781e-02,3.234274e-02,2.027426e-02,3.531653e-02,4.643683e-01,1.506395e-02,1.156086e-02,2.890759e-02,6.345803e-02,2.025855e-03,4.669277e-02
9.148902e-02,4.000399e-02,1.351207e-02,1.548171e-02,7.082199e-02,2.539426e-02,4.729257e-02,3.719815e-02,5.061930e-01,1.342982e-02,8.658090e-03,2.090740e-02,7.346267e-02,1.518155e-03,3.463716e-02
7.827162e-02,3.688041e-02,1.339770e-02,1.313491e-02,6.865466e-02,2.324221e-02,8.222230e-02,3.424972e-02,4.860945e-01,2.713773e-02,7.340465e-03,1.809954e-02,7.444894e-02,1.556412e-03,3.526886e-02
7.091607e-02,4.019816e-02,1.275990e-02,1.290980e-02,7.898971e-02,2.212858e-02,8.137514e-02,4.521406e-02,4.884735e-01,2.407593e-02,6.298011e-03,1.521401e-02,6.563189e-02,1.644744e-03,3.417049e-02
8.071703e-02,3.879858e-02,9.761550e-03,1.110814e-02,9.170138e-02,2.241288e-02,7.042226e-02,4.957082e-02,5.054052e-01,1.922644e-02,5.057092e-03,1.272122e-02,5.296339e-02,1.812374e-03,2.832165e-02
6.857721e-02,3.332930e-02,7.279386e-03,8.329010e-03,8.424547e-02,1.958418e-02,5.452685e-02,5.320760e-02,5.750136e-01,1.824214e-02,3.996332e-03,9.286996e-03,3.839743e-02,1.794705e-03,2.418984e-02
6.054873e-02,2.781093e-02,5.672027e-03,6.369975e-03,8.463275e-02,1.600740e-02,5.267240e-02,6.076468e-02,6.111359e-01,1.454895e-02,3.142849e-03,6.755142e-03,2.857124e-02,1.572939e-03,1.979420e-02
6.538270e-02,3.106329e-02,7.321205e-03,5.256273e-03,7.460404e-02,2.484827e-02,5.294300e-02,7.918805e-02,5.884309e-01,1.541405e-02,2.869481e-03,5.220460e-03,2.719573e-02,1.409152e-03,1.885349e-02
9.300911e-02,2.955114e-02,6.502790e-03,4.812086e-03,6.086835e-02,2.937775e-02,4.517820e-02,7.813950e-02,5.939010e-01,1.275001e-02,2.828736e-03,4.454182e-03,2.155168e-02,1.347232e-03,1.572830e-02
1.473035e-01,4.750138e-02,5.538218e-03,4.923341e-03,5.008125e-02,2.760310e-02,3.664842e-02,7.395493e-02,5.554627e-01,9.993471e-03,2.928207e-03,4.735581e-03,1.766066e-02,1.763605e-03,1.390172e-02
2.165683e-01,5.571238e-02,5.192528e-03,5.328892e-03,4.320689e-02,2.644877e-02,2.831132e-02,6.862596e-02,5.025133e-01,8.047458e-03,2.858112e-03,5.826433e-03,1.550839e-02,2.358882e-03,1.349248e-02
2.967194e-01,5.863461e-02,4.957260e-03,5.378739e-03,3.622673e-02,2.515697e-02,2.173686e-02,6.566869e-02,4.333899e-01,7.198988e-03,3.042615e-03,7.906755e-03,1.473952e-02,2.823293e-03,1.641962e-02
3.930765e-01,4.984444e-02,7.006137e-03,8.038281e-03,2.986139e-02,2.802232e-02,1.948410e-02,5.588580e-02,3.383325e-01,7.241799e-03,4.240066e-03,1.283606e-02,2.127610e-02,3.397079e-03,2.145752e-02
4.173949e-01,4.355098e-02,8.391898e-03,1.010649e-02,3.104701e-02,2.479998e-02,2.035995e-02,5.830107e-02,2.977613e-01,7.398602e-03,4.527949e-03,1.329163e-02,3.750189e-02,3.258426e-03,2.230789e-02
4.600044e-01,4.370468e-02,1.157662e-02,1.242856e-02,2.671272e-02,2.689956e-02,1.719415e-02,6.739991e-02,2.161794e-01,7.793033e-03,1.325175e-02,2.439291e-02,3.653269e-02,3.397194e-03,3.253242e-02
4.063093e-01,4.631698e-02,9.377660e-03,1.304261e-02,2.080106e-02,4.026783e-02,1.539242e-02,4.990831e-02,1.783592e-01,8.251688e-03,1.012701e-01,3.236683e-02,3.651933e-02,1.117014e-02,3.064654e-02
3.322860e-01,4.250443e-02,7.586604e-03,1.422874e-02,1.562043e-02,4.321610e-02,1.235583e-02,3.799748e-02,1.464003e-01,1.523327e-02,1.984390e-01,4.209250e-02,3.944192e-02,2.605021e-02,2.654725e-02
2.585786e-01,3.576205e-02,5.666960e-03,1.194335e-02,1.133293e-02,3.363784e-02,9.597041e-03,2.786033e-02,1.076695e-01,4.984681e-02,3.185473e-01,3.328834e-02,2.898467e-02,4.663967e-02,2.064462e-02
2.086041e-01,2.858918e-02,4.330735e-03,1.103824e-02,8.819315e-03,2.662513e-02,8.287467e-03,2.091422e-02,7.873148e-02,5.149638e-02,4.199978e-01,2.860250e-02,2.318816e-02,6.534258e-02,1.543282e-02
1.623794e-01,2.177605e-02,3.148415e-03,8.514018e-03,6.624640e-03,1.998743e-02,6.301205e-03,1.527954e-02,5.762204e-02,4.944040e-02,5.098888e-01,2.422122e-02,1.796253e-02,8.563820e-02,1.121618e-02
1.147738e-01,1.661121e-02,2.241022e-03,6.141630e-03,4.767342e-03,1.472165e-02,4.451497e-03,1.073368e-02,4.244151e-02,4.292264e-02,5.799831e-01,1.946320e-02,1.306515e-02,1.196828e-01,7.999736e-03
8.176454e-02,1.265532e-02,1.604695e-03,4.429923e-03,3.523212e-03,1.111855e-02,3.146301e-03,7.537514e-03,3.107202e-02,3.645591e-02,6.505725e-01,1.570358e-02,1.000213e-02,1.245819e-01,5.831948e-03
5.914066e-02,1.084151e-02,1.190419e-03,3.149085e-03,2.695600e-03,8.479347e-03,2.222306e-03,5.318980e-03,2.769622e-02,2.764771e-02,7.133014e-01,1.370755e-02,7.733035e-03,1.126775e-01,4.198722e-03
4.255328e-02,9.532644e-03,1.165672e-03,2.257989e-03,2.158153e-03,7.354458e-03,1.585161e-03,3.805551e-03,3.004193e-02,2.056409e-02,7.441748e-01,1.275969e-02,6.428081e-03,1.125201e-01,3.098441e-03
3.027268e-02,8.580695e-03,1.054377e-03,1.636815e-03,1.771128e-03,1.226439e-02,1.129433e-03,2.701829e-03,3.115946e-02,1.629145e-02,7.244868e-01,1.094414e-02,5.326498e-03,1.500597e-01,2.320713e-03
2.144263e-02,9.214619e-03,9.998785e-04,1.203636e-03,1.427454e-03,2.341172e-02,8.031381e-04,1.918783e-03,3.491409e-02,1.314980e-02,6.367409e-01,9.078047e-03,4.132160e-03,2.398458e-01,1.717439e-03
1.522193e-02,1.439627e-02,1.016927e-03,8.828760e-04,1.173124e-03,4.067262e-02,5.744111e-04,1.372842e-03,4.105117e-02,1.075814e-02,5.627997e-01,7.850272e-03,3.207378e-03,2.976326e-01,1.389739e-03
1.091019e-02,2.082221e-02,1.024853e-03,6.405949e-04,9.676495e-04,6.868728e-02,4.127033e-04,9.822741e-04,4.991863e-02,8.488556e-03,5.061248e-01,7.177238e-03,2.516842e-03,3.201128e-01,1.213450e-03
7.889632e-03,4.643546e-02,1.585933e-03,4.686080e-04,8.685496e-04,1.069583e-01,3.018253e-04,7.177463e-04,6.353574e-02,6.964548e-03,4.597312e-01,5.864494e-03,2.107213e-03,2.952973e-01,1.273417e-03
