1.000000e+00,0.000000e+00,0.000000e+00,0.000000e+00,0.000000e+00,0.000000e+00,0.000000e+00,0.000000e+00,0.000000e+00,0.000000e+00,0.000000e+00,0.000000e+00,0.000000e+00,0.000000e+00,0.000000e+00
1.000000e+00,0.000000e+00,0.000000e+00,0.000000e+00,0.000000e+00,0.000000e+00,0.000000e+00,0.000000e+00,0.000000e+00,0.000000e+00,0.000000e+00,0.000000e+00,0.000000e+00,0.000000e+00,0.000000e+00
1.000000e+00,0.000000e+00,0.000000e+00,0.000000e+00,0.000000e+00,0.000000e+00,0.000000e+00,0.000000e+00,0.000000e+00,0.000000e+00,0.000000e+00,0.000000e+00,0.000000e+00,0.000000e+00,0.000000e+00
1.000000e+00,0.000000e+00,0.000000e+00,0.000000e+00,0.000000e+00,0.000000e+00,0.000000e+00,0.000000e+00,0.000000e+00,0.000000e+00,0.000000e+00,0.000000e+00,0.000000e+00,0.000000e+00,0.000000e+00
1.000000e+00,0.000000e+00,0.000000e+00,0.000000e+00,0.000000e+00,0.000000e+00,0.000000e+00,0.000000e+00,0.000000e+00,0.000000e+00,0.000000e+00,0.000000e+00,0.000000e+00,0.000000e+00,0.000000e+00
1.000000e+00,0.000000e+00,0.000000e+00,0.000000e+00,0.000000e+00,0.000000e+00,0.000000e+00,0.000000e+00,0.000000e+00,0.000000e+00,0.000000e+00,0.000000e+00,0.000000e+00,0.000000e+00,0.000000e+00
1.000000e+00,0.000000e+00,0.000000e+00,0.000000e+00,0.000000e+00,0.000000e+00,0.000000e+00,0.000000e+00,0.000000e+00,0.000000e+00,0.000000e+00,0.000000e+00,0.000000e+00,0.000000e+00,0.000000e+00
1.000000e+00,0.000000e+00,0.000000e+00,0.000000e+00,0.000000e+00,0.000000e+00,0.000000e+00,0.000000e+00,0.000000e+00,0.000000e+00,0.000000e+00,0.000000e+00,0.000000e+00,0.000000e+00,0.000000e+00
1.000000e+00,0.000000e+00,0.000000e+00,0.000000e+00,0.000000e+00,0.000000e+00,0.000000e+00,0.000000e+00,0.000000e+00,0.000000e+00,0.000000e+00,0.000000e+00,0.000000e+00,0.000000e+00,0.000000e+00
1.000000e+00,0.000000e+00,0.000000e+00,0.000000e+00,0.000000e+00,0.000000e+00,0.000000e+00,0.000000e+00,0.000000e+00,0.000000e+00,0.000000e+00,0.000000e+00,0.000000e+00,0.000000e+00,0.000000e+00
1.000000e+00,0.000000e+00,0.000000e+00,0.000000e+00,0.000000e+00,0.000000e+00,0.000000e+00,0.000000e+00,0.000000e+00,0.000000e+00,0.000000e+00,0.000000e+00,0.000000e+00,0.000000e+00,0.000000e+00
1.000000e+00,0.000000e+00,0.000000e+00,0.000000e+00,0.000000e+00,0.000000e+00,0.000000e+00,0.000000e+00,0.000000e+00,0.000000e+00,0.000000e+00,0.000000e+00,0.000000e+00,0.000000e+00,0.000000e+00
1.000000e+00,0.000000e+00,0.000000e+00,0.000000e+00,0.000000e+00,0.000000e+00,0.000000e+00,0.000000e+00,0.000000e+00,0.000000e+00,0.000000e+00,0.000000e+00,0.000000e+00,0.000000e+00,0.000000e+00
1.000000e+00,0.000000e+00,0.000000e+00,0.000000e+00,0.000000e+00,0.000000e+00,0.000000e+00,0.000000e+00,0.000000e+00,0.000000e+00,0.000000e+00,0.000000e+00,0.000000e+00,0.000000e+00,0.000000e+00
1.000000e+00,0.000000e+00,0.000000e+00,0.000000e+00,0.000000e+00,0.000000e+00,0.000000e+00,0.000000e+00,0.000000e+00,0.000000e+00,0.000000e+00,0.000000e+00,0.000000e+00,0.000000e+00,0.000000e+00
1.000000e+00,0.000000e+00,0.000000e+00,0.000000e+00,0.000000e+00,0.000000e+00,0.000000e+00,0.000000e+00,0.000000e+00,0.000000e+00,0.000000e+00,0.000000e+00,0.000000e+00,0.000000e+00,0.000000e+00
1.000000e+00,0.000000e+00,0.000000e+00,0.000000e+00,0.000000e+00,0.000000e+00,0.000000e+00,0.000000e+00,0.000000e+00,0.000000e+00,0.000000e+00,0.000000e+00,0.000000e+00,0.000000e+00,0.000000e+00
1.000000e+00,0.000000e+00,0.000000e+00,0.000000e+00,0.000000e+00,0.000000e+00,0.000000e+00,0.000000e+00,0.000000e+00,0.000000e+00,0.000000e+00,0.000000e+00,0.000000e+00,0.000000e+00,0.000000e+00
1.000000e+00,0.000000e+00,0.000000e+00,0.000000e+00,0.000000e+00,0.000000e+00,0.000000e+00,0.000000e+00,0.000000e+00,0.000000e+00,0.000000e+00,0.000000e+00,0.000000e+00,0.000000e+00,0.000000e+00
1.000000e+00,0.000000e+00,0.000000e+00,0.000000e+00,0.000000e+00,0.000000e+00,0.000000e+00,0.000000e+00,0.000000e+00,0.000000e+00,0.000000e+00,0.000000e+00,0.000000e+00,0.000000e+00,0.000000e+00
1.000000e+00,0.000000e+00,0.000000e+00,0.000000e+00,0.000000e+00,0.000000e+00,0.000000e+00,0.000000e+00,0.000000e+00,0.000000e+00,0.000000e+00,0.000000e+00,0.000000e+00,0.000000e+00,0.000000e+00
1.000000e+00,0.000000e+00,0.000000e+00,0.000000e+00,0.000000e+00,0.000000e+00,0.000000e+00,0.000000e+00,0.000000e+00,0.000000e+00,0.000000e+00,0.000000e+00,0.000000e+00,0.000000e+00,0.000000e+00
1.000000e+00,0.000000e+00,0.000000e+00,0.000000e+00,0.000000e+00,0.000000e+00,0.000000e+00,0.000000e+00,0.000000e+00,0.000000e+00,0.000000e+00,0.000000e+00,0.000000e+00,0.000000e+00,0.000000e+00
1.000000e+00,0.000000e+00,0.000000e+00,0.000000e+00,0.000000e+00,0.000000e+00,0.000000e+00,0.000000e+00,0.000000e+00,0.000000e+00,0.000000e+00,0.000000e+00,0.000000e+00,0.000000e+00,0.000000e+00
1.000000e+00,0.000000e+00,0.000000e+00,0.000000e+00,0.000000e+00,0.000000e+00,0.000000e+00,0.000000e+00,0.000000e+00,0.000000e+00,0.000000e+00,0.000000e+00,0.000000e+00,0.000000e+00,0.000000e+00
1.000000e+00,0.000000e+00,0.000000e+00,0.000000e+00,0.000000e+00,0.000000e+00,0.000000e+00,0.000000e+00,0.000000e+00,0.000000e+00,0.000000e+00,0.000000e+00,0.000000e+00,0.000000e+00,0.000000e+00
1.000000e+00,0.000000e+00,0.000000e+00,0.000000e+00,0.000000e+00,0.000000e+00,0.000000e+00,0.000000e+00,0.000000e+00,0.000000e+00,0.000000e+00,0.000000e+00,0.000000e+00,0.000000e+00,0.000000e+00
1.000000e+00,0.000000e+00,0.000000e+00,0.000000e+00,0.000000e+00,0.000000e+00,0.000000e+00,0.000000e+00,0.000000e+00,0.000000e+00,0.000000e+00,0.000000e+00,0.000000e+00,0.000000e+00,0.000000e+00
1.000000e+00,0.000000e+00,0.000000e+00,0.000000e+00,0.000000e+00,0.000000e+00,0.000000e+00,0.000000e+00,0.000000e+00,0.000000e+00,0.000000e+00,0.000000e+00,0.000000e+00,0.000000e+00,0.000000e+00
1.000000e+00,0.000000e+00,0.000000e+00,0.000000e+00,0.000000e+00,0.000000e+00,0.000000e+00,0.000000e+00,0.000000e+00,0.000000e+00,0.000000e+00,0.000000e+00,0.000000e+00,0.000000e+00,0.000000e+00
1.000000e+00,0.000000e+00,0.000000e+00,0.000000e+00,0.000000e+00,0.000000e+00,0.000000e+00,0.000000e+00,0.000000e+00,0.000000e+00,0.000000e+00,0.000000e+00,0.000000e+00,0.000000e+00,0.000000e+00
1.000000e+00,0.000000e+00,0.000000e+00,0.000000e+00,0.000000e+00,0.000000e+00,0.000000e+00,0.000000e+00,0.000000e+00,0.000000e+00,0.000000e+00,0.000000e+00,0.000000e+00,0.000000e+00,0.000000e+00
1.000000e+00,0.000000e+00,0.000000e+00,0.000000e+00,0.000000e+00,0.000000e+00,0.000000e+00,0.000000e+00,0.000000e+00,0.000000e+00,0.000000e+00,0.000000e+00,0.000000e+00,0.000000e+00,0.000000e+00
1.000000e+00,0.000000e+00,0.000000e+00,0.000000e+00,0.000000e+00,0.000000e+00,0.000000e+00,0.000000e+00,0.000000e+00,0.000000e+00,0.000000e+00,0.000000e+00,0.000000e+00,0.000000e+00,0.000000e+00
1.000000e+00,0.000000e+00,0.000000e+00,0.000000e+00,0.000000e+00,0.000000e+00,0.000000e+00,0.000000e+00,0.000000e+00,0.000000e+00,0.000000e+00,0.000000e+00,0.000000e+00,0.000000e+00,0.000000e+00
1.000000e+00,0.000000e+00,0.000000e+00,0.000000e+00,0.000000e+00,0.000000e+00,0.000000e+00,0.000000e+00,0.000000e+00,0.000000e+00,0.000000e+00,0.000000e+00,0.000000e+00,0.000000e+00,0.000000e+00
1.000000e+00,0.000000e+00,0.000000e+00,0.000000e+00,0.000000e+00,0.000000e+00,0.000000e+00,0.000000e+00,0.000000e+00,0.000000e+00,0.000000e+00,0.000000e+00,0.000000e+00,0.000000e+00,0.000000e+00
1.000000e+00,0.000000e+00,0.000000e+00,0.000000e+00,0.000000e+00,0.000000e+00,0.000000e+00,0.000000e+00,0.000000e+00,0.000000e+00,0.000000e+00,0.000000e+00,0.000000e+00,0.000000e+00,0.000000e+00
1.000000e+00,0.000000e+00,0.000000e+00,0.000000e+00,0.000000e+00,0.000000e+00,0.000000e+00,0.000000e+00,0.000000e+00,0.000000e+00,0.000000e+00,0.000000e+00,0.000000e+00,0.000000e+00,0.000000e+00
1.000000e+00,0.000000e+00,0.000000e+00,0.000000e+00,0.000000e+00,0.000000e+00,0.000000e+00,0.000000e+00,0.000000e+00,0.000000e+00,0.000000e+00,0.000000e+00,0.000000e+00,0.000000e+00,0.000000e+00
1.000000e+00,0.000000e+00,0.000000e+00,0.000000e+00,0.000000e+00,0.000000e+00,0.000000e+00,0.000000e+00,0.000000e+00,0.000000e+00,0.000000e+00,0.000000e+00,0.000000e+00,0.000000e+00,0.000000e+00
1.000000e+00,0.000000e+00,0.000000e+00,0.000000e+00,0.000000e+00,0.000000e+00,0.000000e+00,0.000000e+00,0.000000e+00,0.000000e+00,0.000000e+00,0.000000e+00,0.000000e+00,0.000000e+00,0.000000e+00
1.000000e+00,0.000000e+00,0.000000e+00,0.000000e+00,0.000000e+00,0.000000e+00,0.000000e+00,0.000000e+00,0.000000e+00,0.000000e+00,0.000000e+00,0.000000e+00,0.000000e+00,0.000000e+00,0.000000e+00
1.000000e+00,0.000000e+00,0.000000e+00,0.000000e+00,0.000000e+00,0.000000e+00,0.000000e+00,0.000000e+00,0.000000e+00,0.000000e+00,0.000000e+00,0.000000e+00,0.000000e+00,0.000000e+00,0.000000e+00
1.000000e+00,0.000000e+00,0.000000e+00,0.000000e+00,0.000000e+00,0.000000e+00,0.000000e+00,0.000000e+00,0.000000e+00,0.000000e+00,0.000000e+00,0.000000e+00,0.000000e+00,0.000000e+00,0.000000e+00
1.000000e+00,0.000000e+00,0.000000e+00,0.000000e+00,0.000000e+00,0.000000e+00,0.000000e+00,0.000000e+00,0.000000e+00,0.000000e+00,0.000000e+00,0.000000e+00,0.000000e+00,0.000000e+00,0.000000e+00
1.000000e+00,0.000000e+00,0.000000e+00,0.000000e+00,0.000000e+00,0.000000e+00,0.000000e+00,0.000000e+00,0.000000e+00,0.000000e+00,0.000000e+00,0.000000e+00,0.000000e+00,0.000000e+00,0.000000e+00
1.000000e+00,0.000000e+00,0.000000e+00,0.000000e+00,0.000000e+00,0.000000e+00,0.000000e+00,0.000000e+00,0.000000e+00,0.000000e+00,0.000000e+00,0.000000e+00,0.000000e+00,0.000000e+00,0.000000e+00
1.000000e+00,0.000000e+00,0.000000e+00,0.000000e+00,0.000000e+00,0.000000e+00,0.000000e+00,0.000000e+00,0.000000e+00,0.000000e+00,0.000000e+00,0.000000e+00,0.000000e+00,0.000000e+00,0.000000e+00
1.000000e+00,0.000000e+00,0.000000e+00,0.000000e+00,0.000000e+00,0.000000e+00,0.000000e+00,0.000000e+00,0.000000e+00,0.000000e+00,0.000000e+00,0.000000e+00,0.000000e+00,0.000000e+00,0.000000e+00
1.000000e+00,0.000000e+00,0.000000e+00,0.000000e+00,0.000000e+00,0.000000e+00,0.000000e+00,0.000000e+00,0.000000e+00,0.000000e+00,0.000000e+00,0.000000e+00,0.000000e+00,0.000000e+00,0.000000e+00
1.000000e+00,0.000000e+00,0.000000e+00,0.000000e+00,0.000000e+00,0.000000e+00,0.000000e+00,0.000000e+00,0.000000e+00,0.000000e+00,0.000000e+00,0.000000e+00,0.000000e+00,0.000000e+00,0.000000e+00
1.000000e+00,0.000000e+00,0.000000e+00,0.000000e+00,0.000000e+00,0.000000e+00,0.000000e+00,0.000000e+00,0.000000e+00,0.000000e+00,0.000000e+00,0.000000e+00,0.000000e+00,0.000000e+00,0.000000e+00
1.000000e+00,0.000000e+00,0.000000e+00,0.000000e+00,0.000000e+00,0.000000e+00,0.000000e+00,0.000000e+00,0.000000e+00,0.000000e+00,0.000000e+00,0.000000e+00,0.000000e+00,0.000000e+00,0.000000e+00
1.000000e+00,0.000000e+00,0.000000e+00,0.000000e+00,0.000000e+00,0.000000e+00,0.000000e+00,0.000000e+00,0.000000e+00,0.000000e+00,0.000000e+00,0.000000e+00,0.000000e+00,0.000000e+00,0.000000e+00
1.000000e+00,0.000000e+00,0.000000e+00,0.000000e+00,0.000000e+00,0.000000e+00,0.000000e+00,0.000000e+00,0.000000e+00,0.000000e+00,0.000000e+00,0.000000e+00,0.000000e+00,0.000000e+00,0.000000e+00
4.542348e-01,1.261417e-02,1.453224e-01,4.694700e-02,3.591450e-03,2.213642e-02,1.671839e-02,2.299439e-01,3.207723e-03,1.013590e-03,1.609767e-02,2.380903e-02,1.125407e-02,2.944049e-03,1.016547e-02
3.281205e-01,9.468525e-03,2.773403e-01,5.128731e-02,2.874013e-03,2.097796e-02,1.552159e-02,2.428777e-01,2.384845e-03,9.542335e-04,1.220316e-02,1.738593e-02,8.321248e-03,2.513822e-03,7.768902e-03
2.408126e-01,7.106306e-03,2.907857e-01,4.806383e-02,2.229303e-03,1.851802e-02,1.382439e-02,3.399302e-01,1.831363e-03,8.133958e-04,8.985419e-03,1.279127e-02,6.154546e-03,2.156372e-03,5.997345e-03
1.755457e-01,6.134830e-03,2.708267e-01,5.055711e-02,1.926235e-03,1.574790e-02,1.645771e-02,4.311757e-01,1.604330e-03,2.138147e-03,6.547353e-03,9.169213e-03,4.686474e-03,2.568171e-03,4.914450e-03
1.336285e-01,6.225137e-03,2.086860e-01,4.040867e-02,3.929986e-03,1.527448e-02,1.870899e-02,5.367240e-01,3.398481e-03,4.960436e-03,6.185547e-03,6.822301e-03,4.531238e-03,3.275250e-03,7.241024e-03
9.669427e-02,6.138656e-03,1.770179e-01,3.148122e-02,5.571394e-03,1.537285e-02,2.614297e-02,5.913719e-01,7.115495e-03,7.315600e-03,9.242959e-03,5.597137e-03,6.542516e-03,5.947902e-03,8.447228e-03
1.112517e-01,1.624801e-02,1.402174e-01,3.262490e-02,2.430310e-02,3.203102e-02,2.132879e-02,5.188378e-01,1.655542e-02,1.180386e-02,1.673386e-02,1.030955e-02,1.405505e-02,1.475857e-02,1.894097e-02
7.848122e-02,1.477241e-02,1.155539e-01,3.041136e-02,2.425534e-02,1.215668e-01,1.687364e-02,3.744699e-01,1.656635e-02,1.324934e-02,9.828208e-02,3.588641e-02,1.508714e-02,2.637254e-02,1.817157e-02
5.510373e-02,1.187267e-02,8.211083e-02,2.157038e-02,1.957515e-02,2.936336e-01,1.217467e-02,2.624741e-01,1.231897e-02,9.613623e-03,1.347121e-01,3.038288e-02,1.099741e-02,2.892556e-02,1.453424e-02
3.888464e-02,9.558825e-03,5.802254e-02,1.521337e-02,1.416989e-02,3.406334e-01,8.698894e-03,1.841466e-01,9.563913e-03,7.139663e-03,1.946049e-01,2.477609e-02,7.928637e-03,7.389051e-02,1.276816e-02
2.731009e-02,7.741231e-03,4.070411e-02,1.067391e-02,1.015141e-02,3.031062e-01,6.217108e-03,1.290826e-01,8.013941e-03,5.740894e-03,1.775011e-01,2.085730e-02,5.804794e-03,2.364488e-01,1.064648e-02
1.915574e-02,5.870514e-03,2.850164e-02,7.478217e-03,7.124202e-03,2.169545e-01,4.366943e-03,9.037286e-02,9.280719e-03,4.279059e-03,1.510652e-01,1.753396e-02,4.172540e-03,4.254823e-01,8.361692e-03
1.344936e-02,4.634864e-03,1.996480e-02,5.249269e-03,5.004395e-03,1.565174e-01,3.072412e-03,6.327268e-02,1.458999e-02,3.203957e-03,1.445658e-01,1.545048e-02,3.036336e-03,5.404180e-01,7.570219e-03
9.431407e-03,5.953130e-03,1.398113e-02,3.681483e-03,3.514630e-03,1.100313e-01,2.157184e-03,4.429784e-02,2.827786e-02,2.310533e-03,1.263698e-01,1.199666e-02,2.170511e-03,6.261761e-01,9.650419e-03
6.708490e-03,5.552955e-03,9.807884e-03,2.603881e-03,2.492325e-03,8.011180e-02,1.529400e-03,3.106544e-02,2.686726e-02,1.857275e-03,1.152711e-01,1.209271e-02,1.770966e-03,6.927912e-01,9.477335e-03
4.748583e-03,6.008603e-03,6.870483e-03,1.830050e-03,1.760604e-03,5.673875e-02,1.074571e-03,2.175908e-02,2.351648e-02,1.572655e-03,8.654419e-02,1.097289e-02,1.542860e-03,7.666436e-01,8.416593e-03
3.417179e-03,1.398071e-01,4.962975e-03,1.304361e-03,1.731592e-03,4.082378e-02,8.175940e-04,1.537275e-02,5.090018e-02,1.317879e-03,6.657869e-02,8.137113e-03,1.471323e-03,6.557761e-01,7.581269e-03
2.450779e-03,1.849105e-01,3.634750e-03,9.580784e-04,2.082665e-03,2.909191e-02,6.364046e-04,1.084363e-02,7.923801e-02,1.074305e-03,4.954626e-02,5.915415e-03,1.283913e-03,6.212014e-01,7.132004e-03
1.744620e-03,3.448143e-01,2.752087e-03,7.796465e-04,4.596957e-03,2.116904e-02,4.694104e-04,7.736077e-03,9.598562e-02,7.955950e-04,3.532769e-02,4.393908e-03,1.109617e-03,4.699751e-01,8.350293e-03
1.357498e-03,4.686071e-01,2.174148e-03,3.460961e-03,5.055138e-03,1.703708e-02,3.621288e-04,5.551383e-03,1.037789e-01,7.357008e-04,2.704215e-02,3.270051e-03,3.206405e-03,3.384661e-01,1.989523e-02
1.170054e-03,5.932491e-01,1.686823e-03,3.828626e-03,4.472407e-03,1.526512e-02,2.760997e-04,4.556605e-03,8.345602e-02,5.645149e-04,2.181007e-02,2.418663e-03,7.781056e-03,2.421761e-01,1.728873e-02
1.781376e-03,5.127080e-01,1.352867e-03,3.415658e-02,4.064174e-03,1.153391e-02,2.118150e-04,3.785127e-03,1.951885e-01,1.286340e-03,2.005396e-02,2.153347e-03,6.394680e-03,1.713174e-01,3.401204e-02
2.873343e-03,5.267767e-01,1.101937e-03,2.755680e-02,3.275559e-03,9.412413e-03,1.839973e-04,3.748616e-03,2.032579e-01,2.094345e-03,2.122884e-02,2.369580e-03,7.055356e-03,1.316540e-01,5.741066e-02
4.389846e-03,4.248475e-01,2.544909e-03,2.830309e-02,5.314355e-03,1.749014e-02,2.046813e-04,3.517060e-03,2.190120e-01,3.410388e-03,7.247792e-02,4.569585e-03,1.902113e-02,9.954655e-02,9.535088e-02
5.016157e-03,3.202324e-01,2.385602e-03,2.288842e-02,4.391261e-03,1.410933e-02,2.112380e-04,2.633455e-03,3.013042e-01,4.778171e-03,5.414513e-02,4.729686e-03,2.529815e-02,8.596025e-02,1.519167e-01
6.500147e-03,2.425707e-01,2.811726e-03,1.833082e-02,4.927779e-03,1.588690e-02,2.372196e-04,2.515193e-03,3.165216e-01,6.557553e-03,4.537376e-02,5.269637e-03,2.679809e-02,1.002549e-01,2.054439e-01
1.777195e-02,1.943185e-01,8.537663e-03,1.649029e-02,6.542611e-03,1.482507e-02,4.197406e-04,3.843172e-03,2.595189e-01,1.618058e-02,6.886703e-02,1.326803e-02,5.831648e-02,1.116630e-01,2.094370e-01
1.528210e-02,1.433031e-01,1.093932e-02,1.618201e-02,5.449454e-03,1.212643e-02,4.417649e-04,3.045899e-03,2.885341e-01,2.027763e-02,9.068586e-02,2.984060e-02,7.833046e-02,8.739403e-02,1.981673e-01
1.104413e-02,1.013093e-01,1.322150e-02,4.659456e-02,5.258637e-03,1.249477e-02,4.859229e-04,2.672052e-03,2.874036e-01,2.049572e-02,1.507851e-01,6.371724e-02,6.728045e-02,6.684086e-02,1.503962e-01
7.891377e-03,7.129159e-02,1.029574e-02,4.366075e-02,3.977443e-03,9.854557e-03,5.428357e-04,1.951621e-03,2.314309e-01,2.006649e-02,2.444424e-01,1.337097e-01,6.392559e-02,4.969738e-02,1.072617e-01
5.776811e-03,5.106238e-02,8.932372e-03,4.870920e-02,3.558293e-03,1.056139e-02,6.094084e-04,1.452988e-03,2.277217e-01,1.902057e-02,2.942724e-01,1.465177e-01,6.171653e-02,3.674907e-02,8.333923e-02
4.575473e-03,3.687060e-02,7.443042e-03,3.877074e-02,2.925472e-03,1.483543e-02,7.564297e-04,1.294469e-03,1.723288e-01,3.680351e-02,3.147482e-01,2.104819e-01,6.005605e-02,3.147728e-02,6.663252e-02
3.445762e-03,2.622489e-02,5.682285e-03,2.924509e-02,2.874550e-03,1.112968e-02,8.164216e-04,1.012813e-03,1.436410e-01,3.656218e-02,3.146438e-01,2.657901e-01,5.554879e-02,2.537085e-02,7.801173e-02
3.622186e-03,1.910268e-02,4.674166e-03,2.211689e-02,6.849831e-03,1.380734e-02,8.548841e-04,8.760951e-04,1.090635e-01,4.274837e-02,3.228063e-01,3.226100e-01,5.275547e-02,2.133423e-02,5.677809e-02
3.359872e-03,1.425304e-02,3.697263e-03,1.632925e-02,6.183377e-03,1.699167e-02,7.105149e-04,7.331594e-04,8.112067e-02,4.661167e-02,3.130111e-01,3.950771e-01,4.494076e-02,1.665285e-02,4.032765e-02
2.831528e-03,1.023760e-02,2.822889e-03,1.159517e-02,5.015919e-03,1.500022e-02,5.491888e-04,5.776022e-04,5.845935e-02,4.711116e-02,2.677601e-01,5.021326e-01,3.481357e-02,1.251472e-02,2.857834e-02
2.609379e-03,7.210025e-03,2.028968e-03,8.155867e-03,3.948967e-03,1.349490e-02,4.089896e-04,5.312911e-04,4.153953e-02,3.597995e-02,2.258434e-01,6.027333e-01,2.609620e-02,9.333641e-03,2.008557e-02
2.398300e-03,5.057655e-03,1.434287e-03,5.734730e-03,3.199493e-03,1.135529e-02,3.216547e-04,5.524822e-04,2.951717e-02,3.026136e-02,2.057672e-01,6.626096e-01,2.045028e-02,7.234811e-03,1.410567e-02
2.151744e-03,3.553687e-03,1.048109e-03,4.036805e-03,3.441710e-03,8.414749e-03,2.938710e-04,4.671813e-04,2.129626e-02,2.562199e-02,1.672015e-01,7.309777e-01,1.623298e-02,5.323990e-03,9.937790e-03
1.681702e-03,2.493348e-03,7.470045e-04,2.839407e-03,2.753483e-03,7.570236e-03,2.171824e-04,4.221003e-04,1.572200e-02,2.009347e-02,1.295461e-01,7.929465e-01,1.204707e-02,3.953296e-03,6.967131e-03
1.511711e-03,1.756198e-03,5.488060e-04,2.012257e-03,2.368666e-03,9.254843e-03,1.618284e-04,4.553215e-04,1.193298e-02,2.073470e-02,1.114198e-01,8.207450e-01,9.027347e-03,3.150678e-03,4.919839e-03
1.251757e-03,1.249885e-03,3.984658e-04,1.418648e-03,1.795770e-03,7.620467e-03,1.174578e-04,3.522247e-04,9.080383e-03,2.337157e-02,8.236179e-02,8.585969e-01,6.497910e-03,2.402316e-03,3.484393e-03
9.543435e-04,8.962357e-04,2.979205e-04,1.001710e-03,1.942885e-03,5.704805e-03,8.567014e-05,2.722112e-04,8.104486e-03,2.659386e-02,6.279577e-02,8.824114e-01,4.719015e-03,1.756377e-03,2.463247e-03
7.457599e-04,2.211621e-03,2.317338e-03,7.133797e-04,5.336445e-03,4.213955e-03,8.772227e-05,3.279556e-04,2.598941e-02,4.037618e-02,4.754835e-02,8.633614e-01,3.565808e-03,1.317455e-03,1.887255e-03
7.409792e-04,2.970738e-03,5.397802e-03,5.825737e-04,5.755823e-03,4.008399e-03,8.621873e-05,2.749443e-03,4.571397e-02,4.600099e-02,3.853491e-02,8.422657e-01,2.787184e-03,1.008137e-03,1.397173e-03
7.255060e-04,2.382627e-03,4.707332e-03,4.662880e-04,5.749598e-03,4.358188e-03,7.589519e-05,2.274386e-03,3.805831e-02,4.366800e-02,3.198298e-02,8.613946e-01,2.149067e-03,9.169581e-04,1.090278e-03
2.229281e-03,2.257341e-03,7.004037e-03,5.511201e-04,5.158542e-03,5.371137e-03,1.019654e-04,2.225857e-03,3.082193e-02,4.478384e-02,3.119448e-02,8.641255e-01,1.882653e-03,1.236154e-03,1.056201e-03
3.942637e-03,2.143593e-03,1.345286e-02,5.920510e-04,4.573433e-03,6.092895e-03,1.905185e-04,3.401327e-03,2.538274e-02,5.948055e-02,3.014998e-02,8.459439e-01,1.941276e-03,1.667408e-03,1.044853e-03
6.777627e-03,6.084694e-03,1.813844e-02,6.403462e-04,4.144980e-03,5.499333e-03,2.827244e-04,7.434438e-03,2.642717e-02,9.197446e-02,6.511147e-02,7.602338e-01,2.946474e-03,3.047233e-03,1.256839e-03
1.466763e-02,5.763832e-03,3.231819e-02,1.487350e-03,3.697568e-03,5.255975e-03,3.706334e-04,8.051527e-03,2.138511e-02,9.938034e-02,1.684962e-01,6.305641e-01,2.365741e-03,4.732187e-03,1.463697e-03
1.690325e-02,6.111336e-03,4.193744e-02,2.499512e-03,4.935081e-03,4.792213e-03,6.255382e-04,1.075462e-02,2.099691e-02,1.132798e-01,2.160955e-01,5.517286e-01,1.953051e-03,5.635092e-03,1.752160e-03
1.689461e-02,7.428357e-03,3.400161e-02,2.325363e-03,7.746601e-03,6.444114e-03,7.761095e-04,9.470293e-03,2.281446e-02,1.069108e-01,3.330659e-01,4.346893e-01,1.573888e-03,1.151656e-02,4.342099e-03
1.901441e-02,7.038569e-03,3.132710e-02,2.462217e-03,7.278076e-03,5.529797e-03,1.099176e-03,8.878047e-03,2.714167e-02,8.989723e-02,4.425354e-01,3.256719e-01,1.262387e-03,2.628460e-02,4.579351e-03
2.379888e-02,6.296442e-03,2.916163e-02,2.223557e-03,7.918963e-03,6.238746e-03,1.197880e-03,7.028679e-03,2.374458e-02,8.342791e-02,5.149119e-01,2.481632e-01,1.095165e-03,3.961191e-02,5.180457e-03
1.894473e-02,5.169544e-03,2.181367e-02,1.846334e-03,6.575378e-03,5.427876e-03,9.707151e-04,5.096435e-03,1.903044e-02,6.465281e-02,6.149984e-01,1.791981e-01,9.671538e-04,5.057929e-02,4.729132e-03
1.476548e-02,3.895438e-03,1.592217e-02,1.339936e-03,4.940444e-03,4.071997e-03,7.340679e-04,3.614426e-03,1.452641e-02,6.901164e-02,6.868352e-01,1.275743e-01,7.668579e-04,4.805321e-02,3.948472e-03
1.054619e-02,2.815028e-03,1.127867e-02,9.456561e-04,3.523768e-03,3.042811e-03,5.213193e-04,2.544820e-03,1.061703e-02,6.877761e-02,7.490197e-01,9.003769e-02,5.716538e-04,4.284698e-02,2.911097e-03
7.437438e-03,1.985778e-03,7.909656e-03,6.635803e-04,2.494591e-03,2.187474e-03,3.658664e-04,1.782735e-03,7.557187e-03,8.080857e-02,7.868682e-01,6.320372e-02,4.161075e-04,3.422602e-02,2.093190e-03
5.232788e-03,1.430053e-03,5.539840e-03,4.665684e-04,1.781125e-03,1.665798e-03,2.563108e-04,1.248527e-03,5.324072e-03,2.253191e-01,6.805289e-01,4.427388e-02,3.044287e-04,2.512040e-02,1.508207e-03
3.667035e-03,1.029238e-03,3.878569e-03,3.270885e-04,1.256349e-03,1.331804e-03,1.794582e-04,8.740034e-04,3.733445e-03,3.639122e-01,5.693731e-01,3.100342e-02,2.263661e-04,1.813154e-02,1.076311e-03
2.574800e-03,7.789405e-04,2.716087e-03,2.300188e-04,8.894425e-04,1.336528e-03,1.256981e-04,6.119123e-04,2.622207e-03,4.725671e-01,4.797066e-01,2.172207e-02,1.742003e-04,1.317567e-02,7.686030e-04
1.809075e-03,5.908426e-04,1.903217e-03,1.636039e-04,6.489765e-04,1.233844e-03,8.836261e-05,4.284048e-04,1.862502e-03,6.185110e-01,3.470696e-01,1.529507e-02,3.579119e-04,9.474808e-03,5.628234e-04
1.274571e-03,5.049393e-04,1.335971e-03,1.158888e-04,5.230424e-04,1.001796e-03,6.213901e-05,2.999452e-04,1.342925e-03,7.245550e-01,2.506733e-01,1.077698e-02,3.059548e-04,6.809050e-03,4.185363e-04
8.987425e-04,9.594634e-04,9.572901e-04,8.335729e-05,4.049527e-04,9.539439e-04,4.438240e-05,2.101150e-04,1.078463e-03,8.044702e-01,1.768380e-01,7.618827e-03,3.049530e-04,4.830927e-03,3.463568e-04
6.409492e-04,1.765268e-03,7.856413e-04,7.578636e-05,1.251068e-03,9.071660e-04,5.627581e-05,2.309341e-04,2.546185e-03,8.566308e-01,1.248197e-01,5.776993e-03,8.172575e-04,3.427864e-03,2.681798e-04
4.706262e-04,3.305966e-03,7.452699e-04,8.105759e-05,2.422281e-03,1.272487e-03,6.442341e-05,1.768528e-04,3.588321e-03,8.903803e-01,8.873884e-02,4.669047e-03,1.304442e-03,2.491483e-03,2.887021e-04
4.280994e-04,9.425059e-03,2.003240e-03,2.467479e-04,1.334833e-02,1.284129e-03,2.069696e-04,2.609520e-04,6.168157e-03,8.910706e-01,6.489612e-02,5.582701e-03,2.625198e-03,1.993198e-03,4.605288e-04
6.699996e-04,1.314540e-02,2.182544e-03,1.289260e-03,1.803618e-02,3.598381e-03,6.016455e-04,8.721752e-04,1.111238e-02,8.370926e-01,6.319985e-02,2.194828e-02,2.326996e-02,2.412833e-03,5.685669e-04
2.486993e-03,1.457431e-02,3.571180e-03,3.369112e-03,4.160326e-02,3.902043e-03,1.890630e-03,1.584971e-03,1.778024e-02,7.455505e-01,4.930999e-02,5.522529e-02,5.512574e-02,3.103330e-03,9.223975e-04
3.137278e-03,3.814284e-02,6.590058e-03,1.584659e-02,4.392116e-02,3.497525e-03,3.257402e-03,3.874704e-03,1.355599e-01,5.730128e-01,4.279869e-02,6.619588e-02,5.856529e-02,2.568675e-03,3.031268e-03
3.930949e-03,7.235882e-02,1.311739e-02,2.552028e-02,5.674148e-02,3.014280e-03,5.725937e-03,2.565677e-02,1.989758e-01,4.285927e-01,3.766137e-02,6.749731e-02,5.511092e-02,2.228715e-03,3.867264e-03
3.288916e-03,5.500781e-02,1.355607e-02,4.043724e-02,7.049535e-02,7.260353e-03,1.365672e-02,9.755398e-02,1.892568e-01,3.091682e-01,4.475165e-02,6.789827e-02,8.083808e-02,2.131245e-03,4.699336e-03
2.675835e-03,4.250234e-02,1.284447e-02,3.867742e-02,6.409480e-02,6.972400e-03,1.359223e-02,9.395236e-02,2.526537e-01,2.219667e-01,5.399684e-02,6.723809e-02,1.217323e-01,2.369228e-03,4.731190e-03
2.093838e-03,4.090679e-02,1.094531e-02,2.864779e-02,4.802323e-02,9.578028e-03,1.080067e-02,7.402823e-02,4.039722e-01,1.560394e-01,4.316092e-02,4.854312e-02,1.175332e-01,1.729063e-03,3.998233e-03
1.818215e-03,3.851757e-02,1.041133e-02,2.180391e-02,3.471176e-02,9.461760e-03,8.562302e-03,5.254082e-02,3.581778e-01,1.096561e-01,3.242112e-02,3.650109e-02,2.778584e-01,1.360226e-03,6.197556e-03
1.729057e-03,3.199419e-02,9.015631e-03,1.797855e-02,2.521027e-02,7.788076e-03,6.643495e-03,3.719065e-02,2.919304e-01,7.738133e-02,2.640260e-02,3.295143e-02,4.203874e-01,1.241464e-03,1.215550e-02
1.377982e-03,2.275037e-02,7.941152e-03,1.427608e-02,1.839551e-02,5.908761e-03,5.047260e-03,2.611378e-02,2.077835e-01,5.451851e-02,2.060325e-02,2.684161e-02,5.684119e-01,9.380839e-04,1.909221e-02
1.077898e-03,1.629682e-02,6.453742e-03,1.046289e-02,1.339448e-02,4.503249e-03,3.659586e-03,1.831185e-02,1.464073e-01,3.905579e-02,1.570879e-02,2.027236e-02,6.557820e-01,1.288757e-03,4.732449e-02
1.132871e-03,1.173488e-02,5.539426e-03,7.506433e-03,9.835288e-03,4.759977e-03,2.688386e-03,1.298773e-02,1.029336e-01,2.842619e-02,1.399691e-02,1.599288e-02,6.527680e-01,4.408451e-03,1.252889e-01
2.842492e-03,8.478481e-03,9.669281e-03,7.167931e-03,7.809210e-03,6.959853e-02,2.358931e-03,1.072879e-02,7.353132e-02,2.406193e-02,4.110195e-02,1.737916e-02,5.209988e-01,5.511779e-03,1.987614e-01
3.848778e-03,6.424754e-03,9.373390e-03,6.780645e-03,5.996414e-03,7.896347e-02,1.693910e-03,7.734187e-03,5.328410e-02,3.311612e-02,6.986843e-02,1.705845e-02,3.789277e-01,5.877349e-03,3.210523e-01
3.166419e-03,4.651517e-03,7.231643e-03,6.821637e-03,4.869535e-03,6.258228e-02,1.246865e-03,5.489525e-03,4.259414e-02,3.898212e-02,6.853895e-02,1.656071e-02,2.767121e-01,5.161021e-03,4.553915e-01
2.631185e-03,3.541138e-03,5.450498e-03,6.048534e-03,3.628746e-03,4.778709e-02,9.020699e-04,3.878886e-03,3.594663e-02,3.605676e-02,6.585949e-02,1.745815e-02,2.034833e-01,4.250870e-03,5.630766e-01
2.101114e-03,2.705388e-03,4.114938e-03,7.089323e-03,3.594294e-03,3.473496e-02,7.248663e-04,2.916907e-03,3.658588e-02,5.584323e-02,6.777150e-02,2.098471e-02,1.558732e-01,4.013032e-03,6.009465e-01
1.588019e-03,2.116251e-03,3.560140e-03,8.167772e-03,8.106980e-03,2.493380e-02,6.455043e-04,2.343646e-03,3.966786e-02,9.143268e-02,6.782703e-02,2.225679e-02,1.219612e-01,5.473770e-03,5.999184e-01
1.260882e-03,1.716685e-03,3.310163e-03,1.491145e-02,1.119489e-02,1.801597e-02,7.445905e-04,4.796042e-03,4.286120e-02,1.404764e-01,8.502261e-02,2.973918e-02,1.110788e-01,8.673330e-03,5.261978e-01
1.314020e-03,1.446812e-03,4.449438e-03,3.259295e-02,2.023954e-02,1.416370e-02,2.022050e-03,4.530567e-02,4.140796e-02,1.883201e-01,9.491802e-02,2.669746e-02,8.992938e-02,1.243711e-02,4.247558e-01
2.076170e-03,2.336189e-03,4.217654e-03,3.505340e-02,1.892339e-02,2.083611e-02,2.976757e-03,4.622976e-02,6.323423e-02,1.931216e-01,1.455667e-01,3.369628e-02,9.080812e-02,1.500825e-02,3.259154e-01
3.040904e-03,2.859778e-03,3.365870e-03,2.722747e-02,1.387625e-02,8.344098e-02,2.774417e-03,4.331621e-02,7.666867e-02,1.673611e-01,1.299912e-01,2.690092e-02,1.788998e-01,1.088584e-02,2.293907e-01
2.364052e-03,2.764091e-03,2.409059e-03,1.954067e-02,9.798563e-03,7.283329e-02,2.103591e-03,3.182743e-02,7.060479e-02,1.192390e-01,9.196893e-02,1.947095e-02,3.859279e-01,7.795730e-03,1.613520e-01
1.769248e-03,2.108664e-03,1.710760e-03,1.401002e-02,7.067519e-03,6.789576e-02,1.955023e-03,2.462578e-02,7.078612e-02,8.436791e-02,6.492538e-02,1.391437e-02,5.254288e-01,5.594243e-03,1.138404e-01
1.373112e-03,1.667441e-03,1.211195e-03,9.891486e-03,5.020650e-03,7.252654e-02,1.560733e-03,1.790406e-02,6.050732e-02,5.923992e-02,4.569805e-02,9.894695e-03,6.288587e-01,4.041755e-03,8.060437e-02
2.012513e-03,1.652899e-03,8.753327e-04,7.052314e-03,3.634818e-03,1.158714e-01,1.389808e-03,1.386669e-02,6.102864e-02,4.167306e-02,3.230710e-02,7.133877e-03,6.495128e-01,3.104877e-03,5.888397e-02
9.521106e-03,3.723905e-03,7.472250e-04,7.579688e-03,4.027537e-03,2.137932e-01,2.312784e-03,1.113421e-02,8.466353e-02,2.986397e-02,2.383434e-02,5.513885e-03,5.535880e-01,2.300268e-03,4.739636e-02
1.230032e-02,1.011258e-02,1.889115e-03,8.588862e-02,4.122639e-03,2.061085e-01,2.350227e-03,1.200371e-02,8.170915e-02,2.733761e-02,1.924368e-02,4.744650e-03,4.779978e-01,1.913699e-03,5.227774e-02
1.435072e-02,2.122123e-02,1.663316e-03,7.976574e-02,3.917421e-03,2.289939e-01,2.295867e-03,9.586464e-03,9.671918e-02,2.608849e-02,1.647251e-02,4.067626e-03,4.325892e-01,1.670311e-03,6.059809e-02
2.034882e-02,3.957016e-02,2.540062e-03,1.349824e-01,3.851532e-03,1.727069e-01,1.829506e-03,6.966969e-03,1.780790e-01,2.510400e-02,1.398852e-02,3.260890e-03,3.107796e-01,1.732078e-03,8.425955e-02
4.008365e-02,4.996756e-02,2.686887e-03,9.845027e-02,6.610947e-03,1.910909e-01,4.181587e-03,5.925283e-03,1.793626e-01,1.984275e-02,1.677079e-02,4.953418e-03,2.725789e-01,5.731460e-03,1.017630e-01
3.688665e-02,5.209452e-02,2.502098e-03,7.706191e-02,7.646741e-03,1.398303e-01,3.554612e-03,6.367142e-03,3.277185e-01,1.572460e-02,2.182834e-02,6.897278e-03,2.072810e-01,9.881558e-03,8.472471e-02
3.160868e-02,5.329703e-02,2.738527e-03,6.251497e-02,6.671074e-03,1.150051e-01,2.947458e-03,5.267482e-03,3.263069e-01,1.488402e-02,2.745429e-02,2.518264e-02,2.275098e-01,1.531453e-02,8.329742e-02
2.934678e-02,4.598107e-02,2.715323e-03,4.919503e-02,9.292595e-03,1.064754e-01,2.800160e-03,4.465432e-03,2.755912e-01,1.121534e-02,2.591037e-02,2.740409e-02,2.967362e-01,1.570269e-02,9.716828e-02
2.780417e-02,3.656742e-02,4.736851e-03,3.908040e-02,1.675436e-02,8.682459e-02,2.614203e-03,7.938868e-03,2.240128e-01,8.523682e-03,2.037181e-02,2.164218e-02,4.069265e-01,1.186628e-02,8.433589e-02
2.508900e-02,3.064025e-02,1.604825e-02,4.147949e-02,3.124052e-02,7.388968e-02,9.342212e-03,2.899290e-02,1.758927e-01,6.734245e-03,1.636070e-02,1.615213e-02,4.264125e-01,9.031292e-03,9.269417e-02
2.144320e-02,3.428826e-02,4.128123e-02,8.822592e-02,3.912327e-02,7.577757e-02,8.836502e-03,3.104801e-02,1.408589e-01,4.376089e-02,1.778273e-02,1.252622e-02,3.372080e-01,8.346730e-03,9.949262e-02
2.520296e-02,2.792919e-02,3.597740e-02,8.856204e-02,4.397212e-02,6.456860e-02,1.082416e-02,2.714940e-02,1.068605e-01,6.545378e-02,2.755979e-02,1.064100e-02,3.402718e-01,8.710230e-03,1.163170e-01
2.091926e-02,2.091475e-02,3.533031e-02,7.111044e-02,3.671644e-02,4.877341e-02,1.155149e-02,3.437799e-02,8.342847e-02,6.643840e-02,3.325096e-02,1.073606e-02,3.778356e-01,1.453526e-02,1.340811e-01
1.944187e-02,1.573091e-02,3.591884e-02,6.648302e-02,3.029741e-02,3.532501e-02,1.044108e-02,2.726244e-02,6.110391e-02,1.646569e-01,3.437021e-02,1.177526e-02,2.942979e-01,1.127389e-02,1.816214e-01
2.070437e-02,1.180017e-02,3.709377e-02,6.518798e-02,2.995331e-02,2.606118e-02,7.986269e-03,2.226687e-02,4.452160e-02,2.421775e-01,3.680237e-02,9.685450e-03,2.186256e-01,9.151663e-03,2.179819e-01
2.027086e-02,1.094523e-02,3.555451e-02,5.964170e-02,2.384633e-02,2.110624e-02,6.026337e-03,4.744800e-02,3.768532e-02,2.961085e-01,3.101949e-02,7.061728e-03,1.587536e-01,7.730737e-03,2.368014e-01
1.952515e-02,4.559087e-02,3.205671e-02,4.561425e-02,2.101989e-02,2.531009e-02,4.921959e-03,4.843886e-02,1.537078e-01,2.227176e-01,2.265883e-02,5.099474e-03,1.121025e-01,5.896782e-03,2.353393e-01
1.813010e-02,5.194576e-02,6.042287e-02,4.260768e-02,1.822207e-02,2.526911e-02,4.204486e-03,6.152557e-02,2.309103e-01,1.680556e-01,1.673553e-02,3.805057e-03,7.917566e-02,4.587470e-03,2.144027e-01
1.494937e-02,7.100391e-02,4.528531e-02,3.157524e-02,1.587857e-02,2.520467e-02,3.501606e-03,8.847018e-02,2.804477e-01,1.363340e-01,1.209829e-02,2.745540e-03,5.600516e-02,3.664852e-03,2.128356e-01
1.327111e-02,7.710444e-02,3.335655e-02,2.423891e-02,2.251405e-02,2.994174e-02,3.102534e-03,1.451007e-01,3.191718e-01,9.708344e-02,8.821005e-03,1.935027e-03,3.970320e-02,2.726240e-03,1.819293e-01
1.738158e-02,7.722638e-02,3.580695e-02,2.557809e-02,3.059126e-02,4.324852e-02,3.182059e-03,1.592848e-01,3.537626e-01,7.090838e-02,6.467083e-03,1.542363e-03,2.959604e-02,1.982215e-03,1.434416e-01
2.941426e-02,8.362196e-02,3.438624e-02,3.491342e-02,3.153581e-02,5.300489e-02,2.928870e-03,1.695836e-01,3.521964e-01,6.138294e-02,5.714704e-03,2.715700e-03,2.334337e-02,1.732082e-03,1.135257e-01
4.953770e-02,9.444755e-02,3.031733e-02,3.115835e-02,3.221345e-02,5.849697e-02,2.902241e-03,2.042476e-01,3.323080e-01,4.777090e-02,5.512203e-03,4.597275e-03,1.835514e-02,1.746397e-03,8.638888e-02
8.376972e-02,8.569483e-02,3.276949e-02,2.553001e-02,4.345900e-02,4.354286e-02,3.018770e-03,1.989762e-01,3.317556e-01,5.152431e-02,7.243193e-03,7.633859e-03,1.485107e-02,1.802643e-03,6.842847e-02
1.214346e-01,7.759062e-02,3.779633e-02,2.347105e-02,4.105697e-02,3.267551e-02,2.732511e-03,1.743530e-01,3.329967e-01,5.107491e-02,1.075060e-02,1.764888e-02,1.377356e-02,2.338458e-03,6.030629e-02
1.715772e-01,7.227424e-02,3.602764e-02,2.623450e-02,3.179487e-02,2.573584e-02,2.404343e-03,1.570093e-01,3.084530e-01,4.407413e-02,1.833594e-02,4.005889e-02,1.263013e-02,2.472748e-03,5.091729e-02
2.485263e-01,6.009276e-02,4.370875e-02,2.378229e-02,2.645385e-02,2.108799e-02,2.352616e-03,1.240584e-01,3.092960e-01,3.449734e-02,1.753226e-02,3.645099e-02,1.082950e-02,2.373190e-03,3.895779e-02
2.795167e-01,5.421832e-02,6.446274e-02,3.102764e-02,2.450336e-02,2.203421e-02,2.254852e-03,9.218701e-02,2.492841e-01,4.239782e-02,3.017481e-02,3.181556e-02,1.099044e-02,4.606351e-03,6.052605e-02
2.628575e-01,5.307084e-02,5.421552e-02,4.651223e-02,2.023331e-02,2.003054e-02,1.896810e-03,6.816660e-02,2.044542e-01,1.073611e-01,4.227533e-02,3.656804e-02,1.400883e-02,4.216657e-03,6.413242e-02
2.575365e-01,4.505568e-02,4.098488e-02,4.550721e-02,1.563528e-02,1.789326e-02,1.529319e-03,5.178282e-02,1.552257e-01,1.947991e-01,4.584184e-02,3.736316e-02,2.384958e-02,3.718661e-03,6.327694e-02
2.186603e-01,3.666817e-02,3.458830e-02,1.174221e-01,1.275570e-02,1.491899e-02,1.278941e-03,3.848059e-02,1.269154e-01,2.145974e-01,6.261185e-02,2.945543e-02,3.258045e-02,3.052650e-03,5.601379e-02
1.552990e-01,2.800916e-02,4.312446e-02,1.617531e-01,1.049435e-02,1.322455e-02,1.071759e-03,2.740820e-02,9.283234e-02,2.137948e-01,1.102512e-01,3.013529e-02,5.728048e-02,2.676094e-03,5.264533e-02
1.094666e-01,2.242568e-02,5.860008e-02,1.705259e-01,8.852739e-03,1.136782e-02,8.353916e-04,1.930172e-02,7.385407e-02,1.794958e-01,1.290274e-01,3.575863e-02,1.348684e-01,2.132069e-03,4.348777e-02
7.694221e-02,1.737857e-02,4.828517e-02,1.293959e-01,6.916885e-03,1.010784e-02,6.884647e-04,1.353863e-02,5.731642e-02,1.349883e-01,1.210574e-01,8.765361e-02,2.548898e-01,1.718755e-03,3.912206e-02
5.393848e-02,1.281680e-02,3.392855e-02,9.147602e-02,1.948241e-02,7.150025e-03,5.836890e-04,9.511008e-03,1.774514e-01,9.485673e-02,1.846523e-01,7.205565e-02,2.077744e-01,1.352721e-03,3.296985e-02
3.991741e-02,1.064742e-02,2.795697e-02,7.229078e-02,2.661126e-02,8.144186e-03,6.301032e-03,1.202771e-02,2.023215e-01,6.933848e-02,1.764162e-01,5.787928e-02,2.399650e-01,1.378932e-03,4.880387e-02
2.927372e-02,1.199028e-02,2.092827e-02,5.236822e-02,3.507794e-02,1.539495e-02,4.861810e-03,1.052439e-02,2.522717e-01,4.958672e-02,1.263942e-01,5.444686e-02,2.670699e-01,1.493861e-03,6.831720e-02
2.242889e-02,1.378028e-02,1.537681e-02,3.720225e-02,3.522471e-02,3.314716e-02,4.162767e-03,1.133264e-02,2.638275e-01,3.598762e-02,9.091308e-02,6.097209e-02,2.853796e-01,1.891922e-03,8.837269e-02
1.976041e-02,1.951352e-02,2.662721e-02,2.843983e-02,3.576596e-02,5.139588e-02,7.849072e-03,1.446703e-02,2.847616e-01,2.587988e-02,6.715700e-02,5.705318e-02,2.567349e-01,2.814583e-03,1.017799e-01
1.842322e-02,2.640214e-02,2.194102e-02,2.067965e-02,3.560798e-02,1.164353e-01,6.523673e-03,1.161240e-02,2.536998e-01,1.850572e-02,4.782346e-02,5.756256e-02,2.817138e-01,2.441751e-03,8.062751e-02
2.307627e-02,3.670650e-02,1.970996e-02,6.202995e-02,4.449004e-02,1.332817e-01,5.901906e-03,2.187099e-02,2.581952e-01,1.376060e-02,3.508446e-02,4.297194e-02,2.420774e-01,1.981670e-03,5.886148e-02
2.417178e-02,3.813100e-02,1.875058e-02,5.072637e-02,3.580084e-02,1.205096e-01,6.211851e-03,2.987070e-02,2.053491e-01,1.006330e-02,2.511084e-02,3.080557e-02,3.603008e-01,1.585747e-03,4.261197e-02
2.874150e-02,3.902642e-02,1.226853e-01,7.176659e-02,3.351060e-02,1.187789e-01,9.284604e-03,3.000791e-02,1.554602e-01,8.484766e-03,1.819510e-02,2.280897e-02,3.037864e-01,1.325041e-03,3.613773e-02
2.756987e-02,3.155256e-02,1.041135e-01,5.230935e-02,2.468812e-02,1.099508e-01,9.185519e-03,2.133923e-02,1.144105e-01,6.321115e-03,1.461490e-02,1.706749e-02,4.372957e-01,1.297740e-03,2.828360e-02
3.217724e-02,3.691119e-02,1.100693e-01,4.474404e-02,3.083357e-02,1.074443e-01,2.539043e-02,2.435232e-02,1.138811e-01,5.800724e-03,1.317879e-02,1.358590e-02,4.132796e-01,1.706587e-03,2.664491e-02
2.305192e-02,2.616157e-02,7.760414e-02,3.156920e-02,2.177224e-02,9.161523e-02,1.870969e-02,1.706484e-02,8.046278e-02,4.141664e-03,9.373141e-03,9.607129e-03,5.679749e-01,1.226386e-03,1.966519e-02
1.615426e-02,1.837089e-02,5.450775e-02,2.211574e-02,1.551692e-02,6.562929e-02,1.640190e-02,1.195125e-02,5.679635e-02,2.930083e-03,6.637882e-03,6.854140e-03,6.888330e-01,8.716377e-04,1.642895e-02
1.132946e-02,1.291069e-02,3.829616e-02,1.556305e-02,1.125866e-02,4.734691e-02,1.313447e-02,8.373491e-03,4.069625e-02,2.106173e-03,4.972524e-03,5.296926e-03,7.729928e-01,6.283575e-04,1.509409e-02
8.144901e-03,9.418678e-03,2.721551e-02,1.122678e-02,9.497052e-03,4.021754e-02,2.248446e-02,5.909866e-03,2.952275e-02,1.986853e-03,4.484701e-03,9.616560e-03,7.983800e-01,5.177570e-04,2.137652e-02
5.957758e-03,7.062999e-03,1.938407e-02,8.601557e-03,7.493264e-03,3.331897e-02,2.365529e-02,4.172749e-03,2.286974e-02,3.920438e-03,8.492300e-03,2.467846e-02,8.022368e-01,4.776765e-04,2.767792e-02
4.419059e-03,5.748147e-03,1.428938e-02,7.283591e-03,5.925302e-03,2.700140e-02,2.792758e-02,2.948534e-03,2.081422e-02,1.879096e-02,1.409529e-02,1.055167e-01,6.996967e-01,6.148670e-04,4.492825e-02
3.969844e-03,5.088913e-03,1.010956e-02,5.759927e-03,4.557265e-03,2.454886e-02,2.280542e-02,2.144104e-03,1.898159e-02,3.637125e-02,2.460962e-02,2.112891e-01,5.921172e-01,1.450310e-03,3.619703e-02
3.665009e-03,4.025274e-03,7.205895e-03,4.446529e-03,3.446799e-03,3.035691e-02,1.747476e-02,1.581920e-03,1.526110e-02,3.401995e-02,2.286118e-02,3.740596e-01,4.542040e-01,1.536684e-03,2.585443e-02
2.777918e-03,2.880059e-03,5.125575e-03,3.220341e-03,7.020057e-03,2.422024e-02,1.237176e-02,1.128725e-03,1.206405e-02,3.315818e-02,2.312875e-02,5.287514e-01,3.247653e-01,1.189461e-03,1.819825e-02
2.083991e-03,2.088266e-03,3.626203e-03,2.296525e-03,5.053095e-03,2.038830e-02,8.793233e-03,7.978747e-04,8.678328e-03,3.850478e-02,2.500574e-02,6.250210e-01,2.437250e-01,1.003306e-03,1.293440e-02
