1.000000e+00,0.000000e+00,0.000000e+00,0.000000e+00,0.000000e+00,0.000000e+00,0.000000e+00,0.000000e+00,0.000000e+00,0.000000e+00,0.000000e+00,0.000000e+00,0.000000e+00,0.000000e+00,0.000000e+00
1.000000e+00,0.000000e+00,0.000000e+00,0.000000e+00,0.000000e+00,0.000000e+00,0.000000e+00,0.000000e+00,0.000000e+00,0.000000e+00,0.000000e+00,0.000000e+00,0.000000e+00,0.000000e+00,0.000000e+00
1.000000e+00,0.000000e+00,0.000000e+00,0.000000e+00,0.000000e+00,0.000000e+00,0.000000e+00,0.000000e+00,0.000000e+00,0.000000e+00,0.000000e+00,0.000000e+00,0.000000e+00,0.000000e+00,0.000000e+00
1.000000e+00,0.000000e+00,0.000000e+00,0.000000e+00,0.000000e+00,0.000000e+00,0.000000e+00,0.000000e+00,0.000000e+00,0.000000e+00,0.000000e+00,0.000000e+00,0.000000e+00,0.000000e+00,0.000000e+00
1.000000e+00,0.000000e+00,0.000000e+00,0.000000e+00,0.000000e+00,0.000000e+00,0.000000e+00,0.000000e+00,0.000000e+00,0.000000e+00,0.000000e+00,0.000000e+00,0.000000e+00,0.000000e+00,0.000000e+00
1.000000e+00,0.000000e+00,0.000000e+00,0.000000e+00,0.000000e+00,0.000000e+00,0.000000e+00,0.000000e+00,0.000000e+00,0.000000e+00,0.000000e+00,0.000000e+00,0.000000e+00,0.000000e+00,0.000000e+00
1.000000e+00,0.000000e+00,0.000000e+00,0.000000e+00,0.000000e+00,0.000000e+00,0.000000e+00,0.000000e+00,0.000000e+00,0.000000e+00,0.000000e+00,0.000000e+00,0.000000e+00,0.000000e+00,0.000000e+00
1.000000e+00,0.000000e+00,0.000000e+00,0.000000e+00,0.000000e+00,0.000000e+00,0.000000e+00,0.000000e+00,0.000000e+00,0.000000e+00,0.000000e+00,0.000000e+00,0.000000e+00,0.000000e+00,0.000000e+00
1.000000e+00,0.000000e+00,0.000000e+00,0.000000e+00,0.000000e+00,0.000000e+00,0.000000e+00,0.000000e+00,0.000000e+00,0.000000e+00,0.000000e+00,0.000000e+00,0.000000e+00,0.000000e+00,0.000000e+00
1.000000e+00,0.000000e+00,0.000000e+00,0.000000e+00,0.000000e+00,0.000000e+00,0.000000e+00,0.000000e+00,0.000000e+00,0.000000e+00,0.000000e+00,0.000000e+00,0.000000e+00,0.000000e+00,0.000000e+00
1.000000e+00,0.000000e+00,0.000000e+00,0.000000e+00,0.000000e+00,0.000000e+00,0.000000e+00,0.000000e+00,0.000000e+00,0.000000e+00,0.000000e+00,0.000000e+00,0.000000e+00,0.000000e+00,0.000000e+00
1.000000e+00,0.000000e+00,0.000000e+00,0.000000e+00,0.000000e+00,0.000000e+00,0.000000e+00,0.000000e+00,0.000000e+00,0.000000e+00,0.000000e+00,0.000000e+00,0.000000e+00,0.000000e+00,0.000000e+00
1.000000e+00,0.000000e+00,0.000000e+00,0.000000e+00,0.000000e+00,0.000000e+00,0.000000e+00,0.000000e+00,0.000000e+00,0.000000e+00,0.000000e+00,0.000000e+00,0.000000e+00,0.000000e+00,0.000000e+00
1.000000e+00,0.000000e+00,0.000000e+00,0.000000e+00,0.000000e+00,0.000000e+00,0.000000e+00,0.000000e+00,0.000000e+00,0.000000e+00,0.000000e+00,0.000000e+00,0.000000e+00,0.000000e+00,0.000000e+00
1.000000e+00,0.000000e+00,0.000000e+00,0.000000e+00,0.000000e+00,0.000000e+00,0.000000e+00,0.000000e+00,0.000000e+00,0.000000e+00,0.000000e+00,0.000000e+00,0.000000e+00,0.000000e+00,0.000000e+00
1.000000e+00,0.000000e+00,0.000000e+00,0.000000e+00,0.000000e+00,0.000000e+00,0.000000e+00,0.000000e+00,0.000000e+00,0.000000e+00,0.000000e+00,0.000000e+00,0.000000e+00,0.000000e+00,0.000000e+00
1.000000e+00,0.000000e+00,0.000000e+00,0.000000e+00,0.000000e+00,0.000000e+00,0.000000e+00,0.000000e+00,0.000000e+00,0.000000e+00,0.000000e+00,0.000000e+00,0.000000e+00,0.000000e+00,0.000000e+00
1.000000e+00,0.000000e+00,0.000000e+00,0.000000e+00,0.000000e+00,0.000000e+00,0.000000e+00,0.000000e+00,0.000000e+00,0.000000e+00,0.000000e+00,0.000000e+00,0.000000e+00,0.000000e+00,0.000000e+00
1.000000e+00,0.000000e+00,0.000000e+00,0.000000e+00,0.000000e+00,0.000000e+00,0.000000e+00,0.000000e+00,0.000000e+00,0.000000e+00,0.000000e+00,0.000000e+00,0.000000e+00,0.000000e+00,0.000000e+00
1.000000e+00,0.000000e+00,0.000000e+00,0.000000e+00,0.000000e+00,0.000000e+00,0.000000e+00,0.000000e+00,0.000000e+00,0.000000e+00,0.000000e+00,0.000000e+00,0.000000e+00,0.000000e+00,0.000000e+00
1.000000e+00,0.000000e+00,0.000000e+00,0.000000e+00,0.000000e+00,0.000000e+00,0.000000e+00,0.000000e+00,0.000000e+00,0.000000e+00,0.000000e+00,0.000000e+00,0.000000e+00,0.000000e+00,0.000000e+00
1.000000e+00,0.000000e+00,0.000000e+00,0.000000e+00,0.000000e+00,0.000000e+00,0.000000e+00,0.000000e+00,0.000000e+00,0.000000e+00,0.000000e+00,0.000000e+00,0.000000e+00,0.000000e+00,0.000000e+00
1.000000e+00,0.000000e+00,0.000000e+00,0.000000e+00,0.000000e+00,0.000000e+00,0.000000e+00,0.000000e+00,0.000000e+00,0.000000e+00,0.000000e+00,0.000000e+00,0.000000e+00,0.000000e+00,0.000000e+00
1.000000e+00,0.000000e+00,0.000000e+00,0.000000e+00,0.000000e+00,0.000000e+00,0.000000e+00,0.000000e+00,0.000000e+00,0.000000e+00,0.000000e+00,0.000000e+00,0.000000e+00,0.000000e+00,0.000000e+00
1.000000e+00,0.000000e+00,0.000000e+00,0.000000e+00,0.000000e+00,0.000000e+00,0.000000e+00,0.000000e+00,0.000000e+00,0.000000e+00,0.000000e+00,0.000000e+00,0.000000e+00,0.000000e+00,0.000000e+00
1.000000e+00,0.000000e+00,0.000000e+00,0.000000e+00,0.000000e+00,0.000000e+00,0.000000e+00,0.000000e+00,0.000000e+00,0.000000e+00,0.000000e+00,0.000000e+00,0.000000e+00,0.000000e+00,0.000000e+00
1.000000e+00,0.000000e+00,0.000000e+00,0.000000e+00,0.000000e+00,0.000000e+00,0.000000e+00,0.000000e+00,0.000000e+00,0.000000e+00,0.000000e+00,0.000000e+00,0.000000e+00,0.000000e+00,0.000000e+00
1.000000e+00,0.000000e+00,0.000000e+00,0.000000e+00,0.000000e+00,0.000000e+00,0.000000e+00,0.000000e+00,0.000000e+00,0.000000e+00,0.000000e+00,0.000000e+00,0.000000e+00,0.000000e+00,0.000000e+00
1.000000e+00,0.000000e+00,0.000000e+00,0.000000e+00,0.000000e+00,0.000000e+00,0.000000e+00,0.000000e+00,0.000000e+00,0.000000e+00,0.000000e+00,0.000000e+00,0.000000e+00,0.000000e+00,0.000000e+00
1.000000e+00,0.000000e+00,0.000000e+00,0.000000e+00,0.000000e+00,0.000000e+00,0.000000e+00,0.000000e+00,0.000000e+00,0.000000e+00,0.000000e+00,0.000000e+00,0.000000e+00,0.000000e+00,0.000000e+00
1.000000e+00,0.000000e+00,0.000000e+00,0.000000e+00,0.000000e+00,0.000000e+00,0.000000e+00,0.000000e+00,0.000000e+00,0.000000e+00,0.000000e+00,0.000000e+00,0.000000e+00,0.000000e+00,0.000000e+00
1.000000e+00,0.000000e+00,0.000000e+00,0.000000e+00,0.000000e+00,0.000000e+00,0.000000e+00,0.000000e+00,0.000000e+00,0.000000e+00,0.000000e+00,0.000000e+00,0.000000e+00,0.000000e+00,0.000000e+00
1.000000e+00,0.000000e+00,0.000000e+00,0.000000e+00,0.000000e+00,0.000000e+00,0.000000e+00,0.000000e+00,0.000000e+00,0.000000e+00,0.000000e+00,0.000000e+00,0.000000e+00,0.000000e+00,0.000000e+00
1.000000e+00,0.000000e+00,0.000000e+00,0.000000e+00,0.000000e+00,0.000000e+00,0.000000e+00,0.000000e+00,0.000000e+00,0.000000e+00,0.000000e+00,0.000000e+00,0.000000e+00,0.000000e+00,0.000000e+00
1.000000e+00,0.000000e+00,0.000000e+00,0.000000e+00,0.000000e+00,0.000000e+00,0.000000e+00,0.000000e+00,0.000000e+00,0.000000e+00,0.000000e+00,0.000000e+00,0.000000e+00,0.000000e+00,0.000000e+00
1.000000e+00,0.000000e+00,0.000000e+00,0.000000e+00,0.000000e+00,0.000000e+00,0.000000e+00,0.000000e+00,0.000000e+00,0.000000e+00,0.000000e+00,0.000000e+00,0.000000e+00,0.000000e+00,0.000000e+00
1.000000e+00,0.000000e+00,0.000000e+00,0.000000e+00,0.000000e+00,0.000000e+00,0.000000e+00,0.000000e+00,0.000000e+00,0.000000e+00,0.000000e+00,0.000000e+00,0.000000e+00,0.000000e+00,0.000000e+00
1.000000e+00,0.000000e+00,0.000000e+00,0.000000e+00,0.000000e+00,0.000000e+00,0.000000e+00,0.000000e+00,0.000000e+00,0.000000e+00,0.000000e+00,0.000000e+00,0.000000e+00,0.000000e+00,0.000000e+00
1.000000e+00,0.000000e+00,0.000000e+00,0.000000e+00,0.000000e+00,0.000000e+00,0.000000e+00,0.000000e+00,0.000000e+00,0.000000e+00,0.000000e+00,0.000000e+00,0.000000e+00,0.000000e+00,0.000000e+00
1.000000e+00,0.000000e+00,0.000000e+00,0.000000e+00,0.000000e+00,0.000000e+00,0.000000e+00,0.000000e+00,0.000000e+00,0.000000e+00,0.000000e+00,0.000000e+00,0.000000e+00,0.000000e+00,0.000000e+00
1.000000e+00,0.000000e+00,0.000000e+00,0.000000e+00,0.000000e+00,0.000000e+00,0.000000e+00,0.000000e+00,0.000000e+00,0.000000e+00,0.000000e+00,0.000000e+00,0.000000e+00,0.000000e+00,0.000000e+00
1.000000e+00,0.000000e+00,0.000000e+00,0.000000e+00,0.000000e+00,0.000000e+00,0.000000e+00,0.000000e+00,0.000000e+00,0.000000e+00,0.000000e+00,0.000000e+00,0.000000e+00,0.000000e+00,0.000000e+00
1.000000e+00,0.000000e+00,0.000000e+00,0.000000e+00,0.000000e+00,0.000000e+00,0.000000e+00,0.000000e+00,0.000000e+00,0.000000e+00,0.000000e+00,0.000000e+00,0.000000e+00,0.000000e+00,0.000000e+00
1.000000e+00,0.000000e+00,0.000000e+00,0.000000e+00,0.000000e+00,0.000000e+00,0.000000e+00,0.000000e+00,0.000000e+00,0.000000e+00,0.000000e+00,0.000000e+00,0.000000e+00,0.000000e+00,0.000000e+00
1.000000e+00,0.000000e+00,0.000000e+00,0.000000e+00,0.000000e+00,0.000000e+00,0.000000e+00,0.000000e+00,0.000000e+00,0.000000e+00,0.000000e+00,0.000000e+00,0.000000e+00,0.000000e+00,0.000000e+00
1.000000e+00,0.000000e+00,0.000000e+00,0.000000e+00,0.000000e+00,0.000000e+00,0.000000e+00,0.000000e+00,0.000000e+00,0.000000e+00,0.000000e+00,0.000000e+00,0.000000e+00,0.000000e+00,0.000000e+00
1.000000e+00,0.000000e+00,0.000000e+00,0.000000e+00,0.000000e+00,0.000000e+00,0.000000e+00,0.000000e+00,0.000000e+00,0.000000e+00,0.000000e+00,0.000000e+00,0.000000e+00,0.000000e+00,0.000000e+00
1.000000e+00,0.000000e+00,0.000000e+00,0.000000e+00,0.000000e+00,0.000000e+00,0.000000e+00,0.000000e+00,0.000000e+00,0.000000e+00,0.000000e+00,0.000000e+00,0.000000e+00,0.000000e+00,0.000000e+00
1.000000e+00,0.000000e+00,0.000000e+00,0.000000e+00,0.000000e+00,0.000000e+00,0.000000e+00,0.000000e+00,0.000000e+00,0.000000e+00,0.000000e+00,0.000000e+00,0.000000e+00,0.000000e+00,0.000000e+00
1.000000e+00,0.000000e+00,0.000000e+00,0.000000e+00,0.000000e+00,0.000000e+00,0.000000e+00,0.000000e+00,0.000000e+00,0.000000e+00,0.000000e+00,0.000000e+00,0.000000e+00,0.000000e+00,0.000000e+00
1.000000e+00,0.000000e+00,0.000000e+00,0.000000e+00,0.000000e+00,0.000000e+00,0.000000e+00,0.000000e+00,0.000000e+00,0.000000e+00,0.000000e+00,0.000000e+00,0.000000e+00,0.000000e+00,0.000000e+00
1.000000e+00,0.000000e+00,0.000000e+00,0.000000e+00,0.000000e+00,0.000000e+00,0.000000e+00,0.000000e+00,0.000000e+00,0.000000e+00,0.000000e+00,0.000000e+00,0.000000e+00,0.000000e+00,0.000000e+00
4.920138e-01,9.160675e-03,1.432402e-02,3.475910e-02,4.660469e-03,1.073621e-02,5.038294e-03,3.784340e-01,2.876136e-03,1.123634e-03,7.868408e-03,1.780103e-02,1.132932e-02,1.500792e-03,8.374049e-03
1.000000e+00,0.000000e+00,0.000000e+00,0.000000e+00,0.000000e+00,0.000000e+00,0.000000e+00,0.000000e+00,0.000000e+00,0.000000e+00,0.000000e+00,0.000000e+00,0.000000e+00,0.000000e+00,0.000000e+00
1.000000e+00,0.000000e+00,0.000000e+00,0.000000e+00,0.000000e+00,0.000000e+00,0.000000e+00,0.000000e+00,0.000000e+00,0.000000e+00,0.000000e+00,0.000000e+00,0.000000e+00,0.000000e+00,0.000000e+00
1.000000e+00,0.000000e+00,0.000000e+00,0.000000e+00,0.000000e+00,0.000000e+00,0.000000e+00,0.000000e+00,0.000000e+00,0.000000e+00,0.000000e+00,0.000000e+00,0.000000e+00,0.000000e+00,0.000000e+00
4.729272e-01,5.142685e-03,6.303129e-03,1.432102e-02,6.211171e-03,1.040286e-02,5.427178e-03,4.400321e-01,1.913811e-03,9.950075e-04,4.219953e-03,1.546601e-02,1.031737e-02,1.118237e-03,5.202250e-03
3.583201e-01,3.904215e-03,5.208581e-03,1.100254e-02,5.910112e-03,8.861337e-03,5.048257e-03,5.691932e-01,1.499819e-03,8.097725e-04,3.381088e-03,1.290618e-02,8.947827e-03,9.389696e-04,4.067959e-03
2.786894e-01,2.850837e-03,4.118213e-03,8.116987e-03,6.912295e-03,6.834160e-03,4.138691e-03,6.640651e-01,1.139691e-03,6.089256e-04,2.523717e-03,9.505460e-03,6.841572e-03,7.087880e-04,2.946181e-03
2.089757e-01,2.087125e-03,3.479482e-03,6.156564e-03,6.217420e-03,5.250915e-03,3.444810e-03,7.460235e-01,8.517113e-04,5.044320e-04,1.976001e-03,7.022519e-03,5.192922e-03,5.828653e-04,2.233998e-03
1.897508e-01,1.683378e-03,2.926464e-03,5.267792e-03,6.194462e-03,4.549586e-03,2.681185e-03,7.706400e-01,9.403013e-04,6.445675e-04,1.686381e-03,5.881184e-03,4.449049e-03,6.806705e-04,2.024126e-03
1.722093e-01,1.418511e-03,2.902432e-03,5.667850e-03,6.597017e-03,6.222442e-03,2.214854e-03,7.867142e-01,1.333719e-03,7.436491e-04,1.649453e-03,5.034845e-03,4.158081e-03,9.339615e-04,2.199695e-03
2.291559e-01,2.416320e-03,3.492402e-03,6.237271e-03,9.368081e-03,7.222972e-03,1.872551e-03,6.879457e-01,2.639117e-02,1.889652e-03,3.807741e-03,6.140504e-03,7.435222e-03,2.528384e-03,4.096191e-03
1.776780e-01,3.092288e-03,3.812221e-03,1.887384e-02,1.014978e-02,8.486602e-03,1.421104e-03,5.839236e-01,1.197423e-01,3.713547e-03,1.563032e-02,9.062103e-03,2.789761e-02,8.520186e-03,7.996525e-03
1.264557e-01,3.966808e-03,4.315158e-03,2.036174e-02,7.333373e-03,6.228001e-03,1.067894e-03,4.212462e-01,3.214074e-01,3.742182e-03,1.408492e-02,7.842984e-03,2.870365e-02,7.825298e-03,2.541865e-02
9.003552e-02,4.324390e-03,3.800366e-03,1.788504e-02,5.283207e-03,5.093298e-03,7.999370e-04,2.969660e-01,4.599244e-01,7.439135e-03,1.679784e-02,6.390179e-03,2.942801e-02,9.218633e-03,4.661400e-02
6.552808e-02,4.162188e-03,3.275045e-03,1.416787e-02,5.044498e-03,5.460785e-03,6.527993e-04,2.125356e-01,3.535652e-01,9.436962e-03,1.452236e-01,5.373664e-03,4.795271e-02,4.736337e-02,8.025756e-02
5.595917e-02,4.327709e-03,3.225607e-03,1.177078e-02,6.327168e-03,7.316353e-03,6.678848e-04,1.498741e-01,2.948453e-01,9.389422e-03,1.213510e-01,4.732130e-03,4.119997e-02,6.001237e-02,2.290010e-01
4.465440e-02,3.671032e-03,2.607869e-03,8.343022e-03,7.142826e-03,8.468332e-03,6.213051e-04,1.051822e-01,2.221241e-01,7.455842e-03,9.720404e-02,3.638645e-03,3.159857e-02,1.346962e-01,3.225917e-01
3.783955e-02,6.379111e-03,6.889998e-03,6.441012e-03,5.789942e-03,1.337199e-02,5.666222e-04,7.378699e-02,2.182235e-01,9.392515e-03,7.023679e-02,3.034644e-03,2.437237e-02,1.391025e-01,3.845725e-01
3.198402e-02,1.377373e-02,2.529258e-02,5.315313e-03,4.599022e-03,3.090942e-02,6.865328e-04,5.185992e-02,2.248876e-01,2.001086e-02,5.805872e-02,3.632596e-03,2.173384e-02,1.257952e-01,3.814607e-01
3.367031e-02,1.918148e-02,2.527572e-02,4.148077e-03,3.699555e-03,2.885385e-02,6.082940e-04,3.649301e-02,2.185307e-01,2.261786e-02,5.087650e-02,3.334557e-03,1.786542e-02,1.502049e-01,3.846399e-01
4.963583e-02,2.108154e-02,5.379746e-02,3.323046e-03,4.021998e-03,2.251668e-02,7.357645e-04,2.613214e-02,1.987166e-01,3.395512e-02,4.227613e-02,3.025739e-03,1.820607e-02,1.822023e-01,3.403735e-01
5.128872e-02,1.894117e-02,5.058179e-02,2.539736e-03,4.725216e-03,1.661572e-02,6.201602e-04,1.881411e-02,2.521184e-01,4.392377e-02,3.428799e-02,2.367845e-03,1.457226e-02,2.155767e-01,2.730264e-01
4.205170e-02,1.497089e-02,4.162377e-02,1.840986e-03,4.042926e-03,1.224983e-02,4.614192e-04,1.338944e-02,2.440309e-01,5.387329e-02,2.520878e-02,1.842647e-03,1.086179e-02,2.702041e-01,2.633476e-01
3.210215e-02,1.261480e-02,6.733572e-02,2.181844e-03,4.405472e-03,8.955226e-03,3.495474e-04,1.063550e-02,2.901514e-01,7.997091e-02,2.105235e-02,1.483164e-03,8.170401e-03,2.243576e-01,2.362340e-01
2.355378e-02,1.055826e-02,5.675055e-02,1.638296e-03,4.275379e-03,6.412886e-03,2.707566e-04,8.239314e-03,2.823219e-01,9.135791e-02,1.606075e-02,1.096166e-03,5.848653e-03,2.921851e-01,1.994303e-01
2.454504e-02,1.315208e-02,5.317465e-02,1.511577e-03,5.530458e-03,4.813885e-03,2.339772e-04,6.739812e-03,2.966750e-01,1.040360e-01,1.573086e-02,8.673872e-04,4.622809e-03,2.372740e-01,2.310925e-01
2.326428e-02,1.097564e-02,4.385113e-02,1.284957e-03,5.819005e-03,4.010968e-03,1.958170e-04,6.106753e-03,3.495035e-01,8.815891e-02,1.516610e-02,6.653714e-04,3.732754e-03,2.136618e-01,2.336030e-01
2.055540e-02,8.213164e-03,3.246747e-02,1.127842e-03,5.005443e-03,3.029820e-03,1.642186e-04,5.072177e-03,3.880979e-01,7.941365e-02,1.392703e-02,6.060891e-04,3.133223e-03,1.902203e-01,2.489662e-01
2.138463e-02,6.439264e-03,2.671016e-02,1.622950e-03,4.880324e-03,2.338713e-03,1.702611e-04,7.125836e-03,4.584444e-01,7.184176e-02,1.599110e-02,6.022910e-04,3.256534e-03,1.727821e-01,2.064096e-01
1.719442e-02,5.088002e-03,3.212221e-02,2.929999e-03,5.393216e-03,1.741532e-03,1.430123e-04,7.156525e-03,5.318924e-01,7.381499e-02,1.488703e-02,5.645902e-04,2.905831e-03,1.352028e-01,1.689634e-01
1.640411e-02,7.255626e-03,5.452204e-02,3.252817e-03,5.095235e-03,1.396796e-03,1.906550e-04,5.860016e-03,4.831787e-01,1.121372e-01,1.540840e-02,1.179490e-03,3.664394e-03,1.490123e-01,1.414421e-01
1.352664e-02,6.079440e-03,5.729755e-02,2.788686e-03,4.035949e-03,1.112403e-03,2.137496e-04,4.720413e-03,3.830252e-01,2.296764e-01,1.488781e-02,1.391169e-03,4.454622e-03,1.433193e-01,1.334706e-01
1.920374e-02,5.303028e-03,5.859924e-02,2.717158e-03,4.013491e-03,1.269778e-03,2.085161e-04,4.270850e-03,2.767133e-01,3.398087e-01,1.556286e-02,1.550419e-03,7.440676e-03,1.157704e-01,1.475679e-01
1.593648e-02,6.097463e-03,1.224700e-01,9.796861e-03,7.099685e-03,2.482007e-03,4.611104e-04,4.892887e-03,2.108862e-01,3.423810e-01,3.554541e-02,6.222333e-03,2.278076e-02,8.720490e-02,1.257430e-01
1.489855e-02,4.859689e-03,1.348971e-01,1.049313e-02,1.287887e-02,2.996660e-03,4.592681e-04,4.577614e-03,1.534242e-01,3.198355e-01,7.699020e-02,1.080437e-02,6.084328e-02,7.331263e-02,1.187289e-01
2.862105e-02,5.359256e-03,1.653472e-01,2.081241e-02,2.319925e-02,5.481816e-03,1.635952e-03,6.300638e-03,1.150612e-01,3.197227e-01,8.243795e-02,1.193959e-02,5.967203e-02,5.729904e-02,9.710994e-02
3.579790e-02,5.845202e-03,1.642485e-01,2.115417e-02,2.489256e-02,9.481145e-03,2.895480e-03,9.351003e-03,8.913063e-02,3.236438e-01,8.545846e-02,2.074229e-02,8.526418e-02,4.331105e-02,7.878365e-02
5.129976e-02,6.144769e-03,1.346135e-01,1.815939e-02,1.981039e-02,1.666181e-02,3.405441e-03,1.431946e-02,6.879400e-02,3.257429e-01,8.132084e-02,2.567889e-02,1.267719e-01,3.910908e-02,6.816787e-02
5.986619e-02,6.265467e-03,9.938292e-02,2.361047e-02,1.512035e-02,2.606244e-02,2.926423e-03,1.657422e-02,5.636162e-02,2.527913e-01,6.948904e-02,6.268782e-02,2.086068e-01,3.609457e-02,6.416041e-02
5.076965e-02,5.623017e-03,7.400339e-02,2.080907e-02,1.244318e-02,3.094923e-02,3.396749e-03,1.674266e-02,4.195642e-02,1.902878e-01,5.940953e-02,7.932702e-02,3.206718e-01,2.770157e-02,6.590895e-02
3.749681e-02,4.647776e-03,5.541121e-02,2.386522e-02,9.724507e-03,2.511681e-02,3.834345e-03,2.131236e-02,3.395256e-02,1.381599e-01,5.842534e-02,1.014274e-01,3.957410e-01,2.246425e-02,6.842063e-02
2.814011e-02,3.714407e-03,3.985706e-02,1.857831e-02,7.334585e-03,2.445225e-02,3.429590e-03,2.383824e-02,2.566197e-02,1.007303e-01,7.998664e-02,1.173142e-01,4.153663e-01,1.885064e-02,9.274541e-02
2.380351e-02,3.293302e-03,3.032258e-02,1.858289e-02,6.137784e-03,2.668335e-02,3.988412e-03,4.172388e-02,2.306579e-02,8.144177e-02,1.254008e-01,1.006710e-01,3.621130e-01,1.621615e-02,1.365558e-01
1.893737e-02,2.839104e-03,2.213732e-02,1.674029e-02,5.490817e-03,5.187061e-02,3.339851e-03,3.514154e-02,2.480728e-02,6.397070e-02,1.535926e-01,1.196543e-01,3.511697e-01,1.248256e-02,1.178260e-01
1.860486e-02,2.709736e-03,1.763647e-02,1.344756e-02,5.940094e-03,4.499561e-02,3.105240e-03,2.630623e-02,2.485283e-02,5.373506e-02,1.396522e-01,1.029335e-01,4.410800e-01,9.735674e-03,9.526502e-02
3.256412e-02,5.053177e-03,2.636321e-02,4.209518e-02,1.301380e-02,4.990872e-02,3.439962e-03,5.505922e-02,3.376546e-02,5.183178e-02,1.094896e-01,1.170720e-01,3.837533e-01,7.793126e-03,6.879728e-02
4.086342e-02,4.380829e-03,2.396798e-02,3.960200e-02,2.918566e-02,4.019044e-02,8.979750e-03,5.902767e-02,3.886877e-02,4.413510e-02,9.752339e-02,1.016343e-01,4.137158e-01,6.258513e-03,5.166637e-02
4.747216e-02,3.824526e-03,2.161545e-02,3.740749e-02,3.189840e-02,3.544179e-02,8.330993e-03,4.546422e-02,3.841186e-02,3.368041e-02,8.261421e-02,7.271294e-02,4.965467e-01,4.768213e-03,3.981067e-02
5.265629e-02,3.448462e-03,1.943692e-02,4.818628e-02,2.991924e-02,4.186708e-02,8.356838e-03,3.743175e-02,5.673110e-02,2.825831e-02,6.227872e-02,5.270708e-02,5.239669e-01,3.492563e-03,3.126251e-02
5.054406e-02,4.023930e-03,2.397121e-02,2.333931e-01,3.252527e-02,3.880027e-02,7.443879e-03,3.593484e-02,5.439937e-02,2.245788e-02,4.577083e-02,3.783078e-02,3.873978e-01,2.573094e-03,2.293370e-02
4.187096e-02,4.051599e-03,2.203211e-02,4.223011e-01,2.461452e-02,2.931816e-02,5.574502e-03,2.634400e-02,4.141318e-02,1.836468e-02,4.042168e-02,2.814735e-02,2.767674e-01,1.853162e-03,1.692550e-02
2.987180e-02,3.377593e-03,1.871188e-02,5.241433e-01,1.800364e-02,2.114045e-02,4.061162e-03,1.868733e-02,2.984935e-02,1.418819e-02,8.800447e-02,2.129317e-02,1.952180e-01,1.343142e-03,1.210655e-02
2.124258e-02,2.841289e-03,1.387866e-02,5.157866e-01,1.425189e-02,1.555439e-02,3.064011e-03,1.345865e-02,2.278292e-02,1.162421e-02,1.834643e-01,2.331186e-02,1.483046e-01,1.347136e-03,9.086859e-03
1.519672e-02,2.026001e-03,9.887025e-03,3.647096e-01,1.188794e-02,2.983965e-02,2.261523e-03,9.643572e-03,1.693578e-02,1.317397e-02,3.668992e-01,2.652418e-02,1.233584e-01,1.207894e-03,6.448537e-03
1.121012e-02,1.451549e-03,6.998372e-03,2.605896e-01,2.454805e-02,2.185546e-02,1.633605e-03,6.861772e-03,1.640476e-02,1.470940e-02,4.832917e-01,4.265932e-02,1.019939e-01,1.107365e-03,4.685089e-03
1.122493e-02,1.123333e-03,5.137950e-03,1.908571e-01,2.667975e-02,1.970497e-02,1.275740e-03,6.526208e-03,2.229569e-02,4.754307e-02,4.898619e-01,6.563869e-02,1.068097e-01,1.821427e-03,3.499576e-03
1.015583e-02,8.703756e-04,3.730843e-03,1.384114e-01,3.029408e-02,1.686533e-02,1.225297e-03,5.102151e-03,2.545394e-02,1.024655e-01,4.980996e-01,6.434051e-02,9.652491e-02,3.648322e-03,2.811910e-03
9.577613e-03,1.789784e-03,3.360846e-03,1.022607e-01,3.944159e-02,1.480968e-02,1.261477e-03,7.113469e-03,6.589930e-02,1.056950e-01,4.475815e-01,6.890985e-02,1.253263e-01,4.706622e-03,2.266231e-03
1.102149e-02,2.322253e-03,7.243337e-03,7.549358e-02,1.019600e-01,1.551532e-02,2.413870e-03,8.470629e-02,7.114740e-02,8.703167e-02,3.383351e-01,6.103704e-02,1.342984e-01,5.165068e-03,2.309085e-03
1.295537e-02,2.926933e-03,1.328375e-02,5.522708e-02,1.759983e-01,1.319335e-02,3.036159e-03,9.072269e-02,1.213870e-01,6.462469e-02,2.488369e-01,5.340289e-02,1.380705e-01,4.191608e-03,2.142713e-03
2.946849e-02,3.540257e-03,1.660896e-02,4.130654e-02,2.044275e-01,1.542067e-02,4.456429e-03,1.024594e-01,1.089196e-01,6.696002e-02,1.845160e-01,6.373321e-02,1.509833e-01,4.109109e-03,3.090577e-03
3.525201e-02,3.714230e-03,1.646508e-02,3.107843e-02,2.426329e-01,1.671793e-02,4.935148e-03,1.042968e-01,1.001221e-01,5.125305e-02,1.463195e-01,7.365084e-02,1.658938e-01,4.288172e-03,3.379954e-03
3.561594e-02,3.348170e-03,1.527757e-02,2.296634e-02,2.388816e-01,1.942397e-02,6.389696e-03,1.036254e-01,8.591654e-02,4.039523e-02,1.180857e-01,1.306237e-01,1.706185e-01,4.575897e-03,4.255674e-03
3.634065e-02,3.991354e-03,2.430253e-02,3.214003e-02,2.165376e-01,1.713099e-02,6.575912e-03,2.295026e-01,7.026103e-02,3.069745e-02,8.604857e-02,1.042274e-01,1.340260e-01,4.622766e-03,3.595171e-03
3.780201e-02,3.830922e-03,3.784465e-02,5.338375e-02,1.936813e-01,1.421514e-02,5.957742e-03,3.053715e-01,6.232542e-02,2.304037e-02,6.245578e-02,9.094678e-02,1.010433e-01,4.427379e-03,3.673912e-03
5.581554e-02,1.023150e-02,4.097793e-02,6.135463e-02,2.121057e-01,2.690727e-02,6.753083e-03,2.775486e-01,7.648468e-02,2.149739e-02,4.631196e-02,7.787345e-02,7.572358e-02,5.557579e-03,4.857088e-03
6.506386e-02,1.077829e-02,4.459638e-02,5.798329e-02,2.713374e-01,3.565203e-02,1.035843e-02,2.499853e-01,6.950025e-02,1.647094e-02,3.547934e-02,6.885541e-02,5.494117e-02,4.998366e-03,3.999427e-03
5.188650e-02,8.212397e-03,3.828010e-02,4.650873e-02,2.179868e-01,2.652515e-02,1.059061e-02,4.137511e-01,5.348662e-02,1.161818e-02,2.555782e-02,5.023778e-02,3.888507e-02,3.622676e-03,2.850524e-03
5.142078e-02,6.206014e-03,2.928315e-02,3.494446e-02,1.745679e-01,2.002308e-02,8.185088e-03,5.405209e-01,3.854208e-02,8.221748e-03,1.846390e-02,3.748099e-02,2.746974e-02,2.617699e-03,2.052520e-03
4.433435e-02,4.579538e-03,2.171668e-02,2.540025e-02,1.419349e-01,1.500955e-02,6.635366e-03,6.451581e-01,2.720440e-02,5.786440e-03,1.307156e-02,2.649111e-02,1.933673e-02,1.875310e-03,1.465765e-03
3.473024e-02,3.250450e-03,1.549162e-02,1.801100e-02,1.064523e-01,1.072174e-02,5.105451e-03,7.393734e-01,1.907337e-02,4.055146e-03,9.179141e-03,1.859757e-02,1.360649e-02,1.321341e-03,1.030811e-03
2.684587e-02,2.330987e-03,1.102713e-02,1.279426e-02,8.292135e-02,7.683681e-03,3.938076e-03,8.055404e-01,1.336650e-02,2.840942e-03,6.444023e-03,1.304658e-02,9.564853e-03,9.313013e-04,7.241181e-04
2.227623e-02,1.680414e-03,7.891745e-03,9.132724e-03,6.215176e-02,5.617085e-03,3.083964e-03,8.551779e-01,9.371784e-03,1.992112e-03,4.532855e-03,9.170575e-03,6.741049e-03,6.676579e-04,5.121559e-04
2.202737e-02,1.241812e-03,5.646939e-03,6.533631e-03,4.862155e-02,4.162962e-03,2.482688e-03,8.859333e-01,6.619237e-03,1.399372e-03,3.216758e-03,6.474503e-03,4.772455e-03,4.996720e-04,3.678112e-04
2.324537e-02,9.500814e-04,4.056685e-03,4.687182e-03,3.782604e-02,3.376645e-03,2.238177e-03,9.067615e-01,4.742280e-03,9.858175e-04,2.330145e-03,4.645085e-03,3.463838e-03,3.838002e-04,3.073814e-04
2.665060e-02,7.689436e-04,3.134325e-03,3.491429e-03,2.856749e-02,2.678365e-03,2.225104e-03,9.201928e-01,3.448461e-03,7.016829e-04,1.685804e-03,3.366421e-03,2.518645e-03,3.020494e-04,2.678758e-04
2.837114e-02,6.630725e-04,2.516081e-03,2.734645e-03,2.310124e-02,2.040835e-03,2.178856e-03,9.293810e-01,2.546665e-03,5.071264e-04,1.223589e-03,2.440100e-03,1.824036e-03,2.430933e-04,2.285286e-04
3.711998e-02,5.497463e-04,2.206323e-03,2.235185e-03,1.717017e-02,1.782854e-03,2.509215e-03,9.294361e-01,1.881770e-03,3.970170e-04,9.455883e-04,1.906593e-03,1.388527e-03,2.054080e-04,2.655689e-04
3.892293e-02,4.582746e-04,2.004767e-03,1.970926e-03,1.290316e-02,1.413804e-03,2.541322e-03,9.342631e-01,1.383777e-03,3.263660e-04,7.714901e-04,1.520692e-03,1.082126e-03,1.745913e-04,2.626929e-04
3.782096e-02,3.768785e-04,1.807122e-03,1.746525e-03,1.011088e-02,1.181158e-03,2.963964e-03,9.393280e-01,1.033148e-03,2.838926e-04,6.878543e-04,1.301743e-03,9.215231e-04,1.507753e-04,2.855736e-04
3.535092e-02,2.976866e-04,1.671576e-03,1.571973e-03,7.768412e-03,1.016610e-03,4.085480e-03,9.443254e-01,7.733565e-04,2.458584e-04,6.019503e-04,1.051285e-03,8.041696e-04,1.304333e-04,3.048107e-04
3.386473e-02,2.396461e-04,1.780511e-03,1.404007e-03,6.015328e-03,8.982441e-04,4.548990e-03,9.478554e-01,5.746518e-04,2.477512e-04,5.342897e-04,8.775442e-04,6.911300e-04,1.206813e-04,3.470876e-04
3.187392e-02,2.095789e-04,1.775038e-03,1.203930e-03,5.360957e-03,8.202244e-04,5.359690e-03,9.502280e-01,4.568701e-04,2.524440e-04,4.883933e-04,7.642674e-04,6.717159e-04,1.169675e-04,4.180247e-04
3.619371e-02,1.955875e-04,1.673380e-03,1.044312e-03,4.878952e-03,9.161347e-04,6.017390e-03,9.457142e-01,3.826371e-04,2.492053e-04,4.968406e-04,8.074859e-04,7.438359e-04,1.229364e-04,5.634787e-04
4.369611e-02,1.961722e-04,1.775709e-03,1.026550e-03,4.560824e-03,9.075569e-04,5.382981e-03,9.389273e-01,3.247939e-04,2.396123e-04,5.011528e-04,9.145997e-04,7.783056e-04,1.241589e-04,6.442846e-04
5.338438e-02,2.012067e-04,1.676491e-03,9.626926e-04,4.716143e-03,9.594647e-04,5.639716e-03,9.288795e-01,2.672090e-04,2.222579e-04,4.958286e-04,9.552131e-04,8.173559e-04,1.123020e-04,7.103378e-04
5.826163e-02,2.183763e-04,1.444893e-03,8.617524e-04,4.861844e-03,2.215623e-03,7.443709e-03,9.204805e-01,2.503728e-04,2.100566e-04,5.526722e-04,1.045081e-03,1.140229e-03,1.167267e-04,8.966170e-04
5.268961e-02,1.951896e-04,1.373155e-03,8.359128e-04,4.560335e-03,3.293245e-03,8.029547e-03,9.252856e-01,2.325048e-04,1.887606e-04,5.243125e-04,8.360817e-04,1.048566e-03,9.832747e-05,8.089347e-04
6.140240e-02,1.800747e-04,1.258502e-03,8.008963e-04,3.857553e-03,3.217791e-03,6.431970e-03,9.196169e-01,1.933427e-04,1.553164e-04,4.385747e-04,7.166310e-04,9.241043e-04,8.648691e-05,7.193837e-04
8.701906e-02,3.911781e-04,1.557665e-03,3.513991e-03,4.085662e-03,4.519621e-03,4.819880e-03,8.748599e-01,5.176692e-03,9.413965e-04,3.031170e-03,3.456583e-03,3.611072e-03,7.101561e-04,2.305956e-03
1.012787e-01,3.035809e-03,1.364051e-03,4.489306e-03,6.076832e-03,1.278017e-02,4.242335e-03,8.162038e-01,8.187154e-03,2.007818e-03,5.058647e-03,3.899656e-03,1.709385e-02,8.564533e-04,1.342548e-02
1.135865e-01,6.671253e-03,1.323627e-03,5.178449e-03,7.531290e-03,1.477714e-02,5.126315e-03,7.616756e-01,1.221285e-02,5.584699e-03,6.995742e-03,5.754045e-03,2.342606e-02,1.041746e-03,2.911476e-02
8.589628e-02,1.137951e-01,3.947590e-03,2.544965e-02,5.932760e-03,1.137891e-02,3.771176e-03,5.418838e-01,8.204143e-02,1.994000e-02,6.657045e-03,7.961272e-03,2.863086e-02,1.614129e-03,6.110006e-02
6.790224e-02,2.070644e-01,3.399565e-03,2.459040e-02,4.479216e-03,8.908711e-03,2.871983e-03,3.811891e-01,1.671508e-01,2.121793e-02,6.736034e-03,7.689984e-03,2.695102e-02,1.689958e-03,6.815878e-02
5.213264e-02,2.337598e-01,2.697555e-03,2.072654e-02,3.310493e-03,6.728655e-03,2.122927e-03,2.673687e-01,2.837774e-01,1.680556e-02,5.821396e-03,6.031325e-03,2.273817e-02,1.408708e-03,7.457021e-02
3.691556e-02,2.940027e-01,2.345435e-03,2.114269e-02,2.379641e-03,5.009573e-03,1.494071e-03,1.871779e-01,3.553864e-01,1.194651e-02,4.382962e-03,4.628793e-03,1.808199e-02,1.080824e-03,5.402500e-02
2.707854e-02,2.389720e-01,1.811574e-03,1.674408e-02,1.806772e-03,3.671590e-03,1.063301e-03,1.310942e-01,4.333639e-01,8.456068e-03,4.410534e-03,3.743395e-03,1.587213e-02,9.850409e-04,1.109270e-01
1.929625e-02,3.127293e-01,1.692129e-03,2.674338e-02,1.291606e-03,2.646305e-03,7.465634e-04,9.178843e-02,4.335716e-01,6.017846e-03,4.002647e-03,4.107972e-03,1.401377e-02,1.112510e-03,8.023979e-02
1.708014e-02,2.573447e-01,3.918118e-03,2.928660e-02,1.162352e-03,2.200207e-03,5.531022e-04,6.441303e-02,4.649161e-01,4.842680e-03,7.965766e-03,8.158420e-03,2.133941e-02,5.667684e-03,1.111517e-01
1.557230e-02,1.905468e-01,4.048441e-03,2.582030e-02,1.650349e-03,1.987880e-03,5.026013e-04,4.588974e-02,4.363016e-01,3.545309e-03,2.852961e-02,1.053839e-02,5.338040e-02,6.819425e-03,1.748669e-01
1.503697e-02,1.395314e-01,1.260061e-02,2.937957e-02,5.642641e-03,1.821628e-03,6.601034e-04,3.803528e-02,4.899968e-01,2.873270e-03,2.711545e-02,1.149015e-02,4.974431e-02,9.179705e-03,1.668922e-01
1.306720e-02,1.067083e-01,1.356956e-02,2.437978e-02,6.249414e-03,1.929490e-03,1.008211e-03,3.060340e-02,5.075129e-01,2.301757e-03,2.720420e-02,1.142251e-02,3.990084e-02,1.583916e-02,1.983033e-01
1.584325e-02,7.674652e-02,7.275705e-02,4.190879e-02,1.620261e-02,2.794841e-03,3.326943e-03,8.102921e-02,4.320388e-01,1.849992e-03,2.353808e-02,9.588669e-03,3.299764e-02,1.439553e-02,1.749821e-01
3.359024e-02,5.788217e-02,8.461641e-02,4.133735e-02,3.778759e-02,1.033364e-02,5.925735e-03,7.835712e-02,4.015917e-01,2.152934e-03,2.270215e-02,9.604800e-03,2.841405e-02,1.607253e-02,1.696316e-01
3.582475e-02,4.436632e-02,1.492396e-01,4.961202e-02,4.589372e-02,1.171067e-02,1.867804e-02,8.937532e-02,3.000271e-01,2.159144e-03,1.958719e-02,9.031694e-03,2.823800e-02,1.328931e-02,1.829672e-01
3.544591e-02,3.957515e-02,1.940393e-01,4.808274e-02,5.640774e-02,1.207704e-02,1.695351e-02,7.800567e-02,2.331322e-01,1.117821e-02,3.258492e-02,1.328786e-02,3.830649e-02,1.133387e-02,1.795894e-01
3.785488e-02,3.763475e-02,1.551272e-01,4.190195e-02,5.401897e-02,1.131380e-02,1.472684e-02,7.474193e-02,1.941285e-01,1.161764e-02,4.686401e-02,1.521639e-02,5.097829e-02,1.236340e-02,2.415115e-01
5.079964e-02,3.834190e-02,1.299967e-01,3.781387e-02,4.482248e-02,9.918058e-03,1.210899e-02,5.894550e-02,2.087357e-01,6.062833e-02,4.986949e-02,1.376127e-02,5.664130e-02,1.056919e-02,2.170475e-01
6.065864e-02,3.370747e-02,9.809040e-02,3.059864e-02,4.679965e-02,1.162812e-02,1.011635e-02,4.569694e-02,1.754912e-01,1.318754e-01,5.586775e-02,1.415694e-02,8.331968e-02,9.222755e-03,1.927700e-01
5.973562e-02,2.627623e-02,7.712461e-02,2.425415e-02,4.984730e-02,1.136205e-02,8.722096e-03,3.837908e-02,1.381068e-01,1.852565e-01,4.754430e-02,1.189514e-02,1.397504e-01,7.620892e-03,1.741248e-01
4.515196e-02,1.931626e-02,5.514044e-02,1.917540e-02,4.546402e-02,9.823004e-03,8.181063e-03,4.179802e-02,1.040837e-01,3.175032e-01,3.812352e-02,9.310305e-03,1.485652e-01,5.505522e-03,1.328584e-01
3.998637e-02,1.581031e-02,4.088349e-02,2.102485e-02,4.546068e-02,1.139583e-02,7.683109e-03,4.164678e-02,8.796308e-02,3.479199e-01,3.068925e-02,8.911040e-03,1.630998e-01,4.295080e-03,1.332304e-01
3.334944e-02,1.307573e-02,3.047939e-02,1.667160e-02,4.003972e-02,1.149551e-02,5.762047e-03,3.273138e-02,7.515474e-02,3.669703e-01,3.023235e-02,7.943884e-03,1.484377e-01,4.054665e-03,1.836015e-01
4.616107e-02,1.185617e-02,2.271840e-02,1.271037e-02,3.647011e-02,9.123931e-03,4.394957e-03,2.881853e-02,5.416638e-02,4.740748e-01,2.297170e-02,6.319819e-03,1.136430e-01,3.128546e-03,1.534421e-01
4.406595e-02,8.964233e-03,1.655491e-02,1.000487e-02,3.110265e-02,8.397782e-03,3.720878e-03,7.023133e-02,3.900562e-02,5.205154e-01,1.828105e-02,6.742645e-03,9.529006e-02,2.448268e-03,1.246743e-01
8.840893e-02,9.178476e-03,1.219787e-02,1.428274e-02,3.755783e-02,4.014438e-02,3.334623e-03,6.948367e-02,3.101726e-02,3.868575e-01,1.973163e-02,1.275341e-02,1.693134e-01,2.645214e-03,1.030931e-01
8.344804e-02,7.758810e-03,8.935255e-03,1.483905e-02,5.019432e-02,8.991761e-02,2.794295e-03,5.337933e-02,2.616605e-02,2.806418e-01,2.358317e-02,3.065447e-02,2.388306e-01,2.961900e-03,8.589530e-02
6.107315e-02,8.037271e-03,1.826838e-02,4.544616e-02,3.797299e-02,6.665867e-02,2.137029e-03,7.722637e-02,4.968121e-02,1.983853e-01,2.787871e-02,5.361857e-02,2.875506e-01,2.386686e-03,6.367884e-02
4.343611e-02,1.297695e-02,1.325725e-02,3.564509e-02,2.708729e-02,4.785548e-02,1.535158e-03,5.452652e-02,2.925883e-01,1.390159e-01,2.140029e-02,4.338897e-02,2.202140e-01,1.694071e-03,4.537855e-02
3.258008e-02,1.000639e-02,1.128789e-02,4.909653e-02,2.160035e-02,3.446678e-02,1.213543e-03,5.182292e-02,4.548853e-01,9.747205e-02,1.549807e-02,3.067110e-02,1.560433e-01,1.217397e-03,3.213824e-02
4.699290e-02,1.147369e-02,1.828402e-02,1.199325e-01,2.754398e-02,3.242820e-02,1.395007e-03,3.837432e-02,4.416747e-01,6.911986e-02,1.456407e-02,2.347867e-02,1.191691e-01,1.435752e-03,3.413320e-02
8.909088e-02,1.289377e-02,1.828368e-02,1.300697e-01,5.081892e-02,3.090416e-02,2.384132e-03,3.310364e-02,4.207659e-01,4.947523e-02,1.416370e-02,2.394453e-02,9.532961e-02,1.647672e-03,2.712438e-02
1.162358e-01,1.526188e-02,1.435819e-02,1.178752e-01,4.686405e-02,2.599303e-02,2.862685e-03,2.629270e-02,3.782424e-01,3.529446e-02,1.320388e-02,2.266278e-02,1.616268e-01,1.784210e-03,2.144191e-02
9.931130e-02,1.760456e-02,2.958756e-02,2.677864e-01,4.797052e-02,2.102456e-02,2.752691e-03,3.524622e-02,2.793771e-01,2.559542e-02,1.294492e-02,2.018274e-02,1.220457e-01,1.675468e-03,1.689479e-02
9.679946e-02,1.727816e-02,3.322268e-02,3.552322e-01,4.646913e-02,1.870135e-02,2.444931e-03,3.844419e-02,2.111674e-01,2.015776e-02,1.585500e-02,1.835269e-02,1.081627e-01,1.792388e-03,1.592001e-02
7.736014e-02,2.185354e-02,6.211055e-02,4.485879e-01,3.729450e-02,1.412285e-02,1.848774e-03,3.539703e-02,1.651846e-01,1.497109e-02,1.398399e-02,1.450332e-02,7.856959e-02,1.798004e-03,1.241420e-02
7.007878e-02,1.850779e-02,5.772901e-02,4.849606e-01,2.918164e-02,1.090929e-02,1.578879e-03,2.664917e-02,1.584101e-01,1.446967e-02,4.370758e-02,1.294031e-02,5.881608e-02,1.685709e-03,1.037546e-02
6.557412e-02,2.540630e-02,4.879626e-02,3.724583e-01,2.161180e-02,8.638696e-03,1.233871e-03,1.960722e-02,1.344476e-01,1.470655e-02,2.085042e-01,1.135799e-02,5.278044e-02,2.776891e-03,1.209977e-02
1.352317e-01,3.903082e-02,4.208865e-02,3.045779e-01,2.296211e-02,9.494123e-03,1.542881e-03,2.150198e-02,1.253067e-01,1.553047e-02,1.938563e-01,1.136904e-02,5.075679e-02,4.988452e-03,2.176206e-02
2.057142e-01,4.681855e-02,3.786751e-02,2.351067e-01,3.561522e-02,1.508223e-02,1.937715e-03,2.697945e-02,1.238378e-01,1.466674e-02,1.564042e-01,1.023593e-02,5.077036e-02,8.625505e-03,3.033796e-02
2.972159e-01,3.975319e-02,3.164262e-02,2.082958e-01,3.228620e-02,1.758292e-02,2.621127e-03,2.821013e-02,1.120658e-01,1.381928e-02,1.214257e-01,1.526354e-02,4.125613e-02,9.638020e-03,2.892364e-02
3.521543e-01,3.506422e-02,2.460673e-02,1.764092e-01,2.763597e-02,1.676730e-02,2.304399e-03,2.275074e-02,1.243227e-01,1.525922e-02,9.599223e-02,1.605672e-02,5.075426e-02,1.134467e-02,2.857734e-02
3.204449e-01,3.510150e-02,2.131428e-02,1.664219e-01,2.226463e-02,1.905568e-02,2.300434e-03,1.899357e-02,1.873277e-01,1.762635e-02,7.441418e-02,1.617194e-02,6.136622e-02,9.907136e-03,2.728947e-02
2.483074e-01,3.793911e-02,1.818583e-02,1.564265e-01,1.703373e-02,6.338733e-02,1.991184e-03,1.839344e-02,2.266074e-01,1.651644e-02,7.786667e-02,2.666670e-02,5.588461e-02,1.015170e-02,2.464188e-02
2.157988e-01,4.511420e-02,1.581822e-02,1.300813e-01,1.858328e-02,7.639293e-02,2.610355e-03,1.688466e-02,2.593615e-01,1.400310e-02,6.512311e-02,3.063931e-02,7.559355e-02,8.328316e-03,2.566736e-02
2.454322e-01,4.488812e-02,1.336863e-02,1.119361e-01,1.539873e-02,6.939147e-02,2.540434e-03,1.626200e-02,2.682327e-01,1.159414e-02,5.667744e-02,3.487979e-02,6.938322e-02,8.128790e-03,3.188621e-02
2.645977e-01,4.037309e-02,1.089097e-02,1.056745e-01,1.502261e-02,9.467007e-02,2.551116e-03,1.523478e-02,2.409844e-01,1.177684e-02,4.584167e-02,3.446926e-02,5.832414e-02,7.621035e-03,5.196769e-02
1.930717e-01,4.058020e-02,8.532178e-03,1.215431e-01,1.082816e-02,8.152056e-02,1.885056e-03,1.184601e-02,3.599726e-01,1.016843e-02,3.511751e-02,2.566519e-02,4.298031e-02,6.410805e-03,4.987815e-02
1.432623e-01,5.735559e-02,6.582135e-03,1.365512e-01,8.864094e-03,8.533849e-02,1.449605e-03,1.018561e-02,4.039446e-01,1.097612e-02,2.794946e-02,2.074344e-02,3.536188e-02,5.600115e-03,4.583547e-02
1.021558e-01,8.639297e-02,5.539114e-03,1.305948e-01,8.220823e-03,7.229435e-02,1.174661e-03,8.521684e-03,4.611747e-01,1.174974e-02,2.077172e-02,1.496547e-02,3.075768e-02,4.410964e-03,4.127543e-02
7.189522e-02,1.922216e-01,5.424123e-03,1.139586e-01,6.121991e-03,5.569749e-02,8.440132e-04,6.467570e-03,4.468347e-01,8.965137e-03,1.487040e-02,1.062931e-02,2.688244e-02,3.333107e-03,3.585432e-02
5.278077e-02,1.634672e-01,4.829755e-03,9.685639e-02,1.996841e-02,8.260219e-02,1.369206e-03,8.375972e-03,4.853409e-01,6.570307e-03,1.152440e-02,7.578404e-03,2.304346e-02,2.653950e-03,3.303868e-02
3.743531e-02,2.210051e-01,6.628068e-03,1.477502e-01,1.428586e-02,6.332885e-02,9.714773e-04,7.953520e-03,4.298158e-01,5.150663e-03,9.581179e-03,6.007581e-03,1.686453e-02,2.019717e-03,3.120217e-02
3.303350e-02,1.946549e-01,5.854246e-03,1.319135e-01,1.720484e-02,5.081870e-02,9.467921e-04,1.036582e-02,4.689280e-01,6.926176e-03,7.465908e-03,4.360110e-03,1.342592e-02,1.785944e-03,5.231561e-02
2.560329e-02,1.475383e-01,1.007538e-02,2.334582e-01,1.688162e-02,4.683822e-02,9.061010e-04,1.964275e-02,4.199124e-01,8.997211e-03,6.480284e-03,3.475134e-03,1.084378e-02,1.388614e-03,4.795876e-02
5.652141e-02,1.176623e-01,2.937875e-02,2.205072e-01,3.813006e-02,4.626941e-02,2.620600e-03,5.562674e-02,3.444797e-01,1.189591e-02,6.309181e-03,2.911568e-03,9.428024e-03,1.588800e-03,5.667037e-02
9.370358e-02,1.451539e-01,2.596880e-02,1.823830e-01,9.030373e-02,5.010495e-02,6.258178e-03,4.853685e-02,2.699855e-01,8.871022e-03,5.645247e-03,2.313781e-03,7.469726e-03,1.258351e-03,6.204345e-02
8.080533e-02,2.123150e-01,3.649954e-02,1.879425e-01,9.079741e-02,4.046848e-02,6.870420e-03,4.519320e-02,2.048088e-01,8.135739e-03,5.087994e-03,2.084641e-03,6.369093e-03,1.221553e-03,7.140036e-02
8.571906e-02,1.941684e-01,5.951123e-02,2.181737e-01,8.213000e-02,3.602431e-02,6.985414e-03,4.606427e-02,1.679733e-01,8.204383e-03,4.384940e-03,2.600421e-03,6.397852e-03,1.264698e-03,8.039811e-02
1.152395e-01,1.756565e-01,5.071399e-02,2.142082e-01,8.263497e-02,3.458187e-02,1.059843e-02,4.981478e-02,1.620050e-01,8.831072e-03,5.123745e-03,3.700307e-03,8.314414e-03,1.587414e-03,7.698974e-02
1.632633e-01,1.500842e-01,4.287683e-02,1.818384e-01,8.005513e-02,2.910104e-02,1.243289e-02,8.681952e-02,1.501314e-01,7.932360e-03,5.385086e-03,4.207070e-03,1.064496e-02,2.437529e-03,7.279025e-02
2.012051e-01,1.196251e-01,3.432323e-02,1.429351e-01,7.129480e-02,2.353219e-02,1.285258e-02,1.701192e-01,1.185599e-01,6.609160e-03,5.882067e-03,5.196879e-03,1.047861e-02,4.530378e-03,7.285562e-02
