1.000000e+00,0.000000e+00,0.000000e+00,0.000000e+00,0.000000e+00,0.000000e+00,0.000000e+00,0.000000e+00,0.000000e+00,0.000000e+00,0.000000e+00,0.000000e+00,0.000000e+00,0.000000e+00,0.000000e+00
1.000000e+00,0.000000e+00,0.000000e+00,0.000000e+00,0.000000e+00,0.000000e+00,0.000000e+00,0.000000e+00,0.000000e+00,0.000000e+00,0.000000e+00,0.000000e+00,0.000000e+00,0.000000e+00,0.000000e+00
1.000000e+00,0.000000e+00,0.000000e+00,0.000000e+00,0.000000e+00,0.000000e+00,0.000000e+00,0.000000e+00,0.000000e+00,0.000000e+00,0.000000e+00,0.000000e+00,0.000000e+00,0.000000e+00,0.000000e+00
1.000000e+00,0.000000e+00,0.000000e+00,0.000000e+00,0.000000e+00,0.000000e+00,0.000000e+00,0.000000e+00,0.000000e+00,0.000000e+00,0.000000e+00,0.000000e+00,0.000000e+00,0.000000e+00,0.000000e+00
1.000000e+00,0.000000e+00,0.000000e+00,0.000000e+00,0.000000e+00,0.000000e+00,0.000000e+00,0.000000e+00,0.000000e+00,0.000000e+00,0.000000e+00,0.000000e+00,0.000000e+00,0.000000e+00,0.000000e+00
1.000000e+00,0.000000e+00,0.000000e+00,0.000000e+00,0.000000e+00,0.000000e+00,0.000000e+00,0.000000e+00,0.000000e+00,0.000000e+00,0.000000e+00,0.000000e+00,0.000000e+00,0.000000e+00,0.000000e+00
1.000000e+00,0.000000e+00,0.000000e+00,0.000000e+00,0.000000e+00,0.000000e+00,0.000000e+00,0.000000e+00,0.000000e+00,0.000000e+00,0.000000e+00,0.000000e+00,0.000000e+00,0.000000e+00,0.000000e+00
1.000000e+00,0.000000e+00,0.000000e+00,0.000000e+00,0.000000e+00,0.000000e+00,0.000000e+00,0.000000e+00,0.000000e+00,0.000000e+00,0.000000e+00,0.000000e+00,0.000000e+00,0.000000e+00,0.000000e+00
1.000000e+00,0.000000e+00,0.000000e+00,0.000000e+00,0.000000e+00,0.000000e+00,0.000000e+00,0.000000e+00,0.000000e+00,0.000000e+00,0.000000e+00,0.000000e+00,0.000000e+00,0.000000e+00,0.000000e+00
1.000000e+00,0.000000e+00,0.000000e+00,0.000000e+00,0.000000e+00,0.000000e+00,0.000000e+00,0.000000e+00,0.000000e+00,0.000000e+00,0.000000e+00,0.000000e+00,0.000000e+00,0.000000e+00,0.000000e+00
1.000000e+00,0.000000e+00,0.000000e+00,0.000000e+00,0.000000e+00,0.000000e+00,0.000000e+00,0.000000e+00,0.000000e+00,0.000000e+00,0.000000e+00,0.000000e+00,0.000000e+00,0.000000e+00,0.000000e+00
1.000000e+00,0.000000e+00,0.000000e+00,0.000000e+00,0.000000e+00,0.000000e+00,0.000000e+00,0.000000e+00,0.000000e+00,0.000000e+00,0.000000e+00,0.000000e+00,0.000000e+00,0.000000e+00,0.000000e+00
1.000000e+00,0.000000e+00,0.000000e+00,0.000000e+00,0.000000e+00,0.000000e+00,0.000000e+00,0.000000e+00,0.000000e+00,0.000000e+00,0.000000e+00,0.000000e+00,0.000000e+00,0.000000e+00,0.000000e+00
1.000000e+00,0.000000e+00,0.000000e+00,0.000000e+00,0.000000e+00,0.000000e+00,0.000000e+00,0.000000e+00,0.000000e+00,0.000000e+00,0.000000e+00,0.000000e+00,0.000000e+00,0.000000e+00,0.000000e+00
1.000000e+00,0.000000e+00,0.000000e+00,0.000000e+00,0.000000e+00,0.000000e+00,0.000000e+00,0.000000e+00,0.000000e+00,0.000000e+00,0.000000e+00,0.000000e+00,0.000000e+00,0.000000e+00,0.000000e+00
1.000000e+00,0.000000e+00,0.000000e+00,0.000000e+00,0.000000e+00,0.000000e+00,0.000000e+00,0.000000e+00,0.000000e+00,0.000000e+00,0.000000e+00,0.000000e+00,0.000000e+00,0.000000e+00,0.000000e+00
1.000000e+00,0.000000e+00,0.000000e+00,0.000000e+00,0.000000e+00,0.000000e+00,0.000000e+00,0.000000e+00,0.000000e+00,0.000000e+00,0.000000e+00,0.000000e+00,0.000000e+00,0.000000e+00,0.000000e+00
1.000000e+00,0.000000e+00,0.000000e+00,0.000000e+00,0.000000e+00,0.000000e+00,0.000000e+00,0.000000e+00,0.000000e+00,0.000000e+00,0.000000e+00,0.000000e+00,0.000000e+00,0.000000e+00,0.000000e+00
1.000000e+00,0.000000e+00,0.000000e+00,0.000000e+00,0.000000e+00,0.000000e+00,0.000000e+00,0.000000e+00,0.000000e+00,0.000000e+00,0.000000e+00,0.000000e+00,0.000000e+00,0.000000e+00,0.000000e+00
1.000000e+00,0.000000e+00,0.000000e+00,0.000000e+00,0.000000e+00,0.000000e+00,0.000000e+00,0.000000e+00,0.000000e+00,0.000000e+00,0.000000e+00,0.000000e+00,0.000000e+00,0.000000e+00,0.000000e+00
1.000000e+00,0.000000e+00,0.000000e+00,0.000000e+00,0.000000e+00,0.000000e+00,0.000000e+00,0.000000e+00,0.000000e+00,0.000000e+00,0.000000e+00,0.000000e+00,0.000000e+00,0.000000e+00,0.000000e+00
1.000000e+00,0.000000e+00,0.000000e+00,0.000000e+00,0.000000e+00,0.000000e+00,0.000000e+00,0.000000e+00,0.000000e+00,0.000000e+00,0.000000e+00,0.000000e+00,0.000000e+00,0.000000e+00,0.000000e+00
1.000000e+00,0.000000e+00,0.000000e+00,0.000000e+00,0.000000e+00,0.000000e+00,0.000000e+00,0.000000e+00,0.000000e+00,0.000000e+00,0.000000e+00,0.000000e+00,0.000000e+00,0.000000e+00,0.000000e+00
1.000000e+00,0.000000e+00,0.000000e+00,0.000000e+00,0.000000e+00,0.000000e+00,0.000000e+00,0.000000e+00,0.000000e+00,0.000000e+00,0.000000e+00,0.000000e+00,0.000000e+00,0.000000e+00,0.000000e+00
1.000000e+00,0.000000e+00,0.000000e+00,0.000000e+00,0.000000e+00,0.000000e+00,0.000000e+00,0.000000e+00,0.000000e+00,0.000000e+00,0.000000e+00,0.000000e+00,0.000000e+00,0.000000e+00,0.000000e+00
1.000000e+00,0.000000e+00,0.000000e+00,0.000000e+00,0.000000e+00,0.000000e+00,0.000000e+00,0.000000e+00,0.000000e+00,0.000000e+00,0.000000e+00,0.000000e+00,0.000000e+00,0.000000e+00,0.000000e+00
1.000000e+00,0.000000e+00,0.000000e+00,0.000000e+00,0.000000e+00,0.000000e+00,0.000000e+00,0.000000e+00,0.000000e+00,0.000000e+00,0.000000e+00,0.000000e+00,0.000000e+00,0.000000e+00,0.000000e+00
1.000000e+00,0.000000e+00,0.000000e+00,0.000000e+00,0.000000e+00,0.000000e+00,0.000000e+00,0.000000e+00,0.000000e+00,0.000000e+00,0.000000e+00,0.000000e+00,0.000000e+00,0.000000e+00,0.000000e+00
1.000000e+00,0.000000e+00,0.000000e+00,0.000000e+00,0.000000e+00,0.000000e+00,0.000000e+00,0.000000e+00,0.000000e+00,0.000000e+00,0.000000e+00,0.000000e+00,0.000000e+00,0.000000e+00,0.000000e+00
1.000000e+00,0.000000e+00,0.000000e+00,0.000000e+00,0.000000e+00,0.000000e+00,0.000000e+00,0.000000e+00,0.000000e+00,0.000000e+00,0.000000e+00,0.000000e+00,0.000000e+00,0.000000e+00,0.000000e+00
1.000000e+00,0.000000e+00,0.000000e+00,0.000000e+00,0.000000e+00,0.000000e+00,0.000000e+00,0.000000e+00,0.000000e+00,0.000000e+00,0.000000e+00,0.000000e+00,0.000000e+00,0.000000e+00,0.000000e+00
1.000000e+00,0.000000e+00,0.000000e+00,0.000000e+00,0.000000e+00,0.000000e+00,0.000000e+00,0.000000e+00,0.000000e+00,0.000000e+00,0.000000e+00,0.000000e+00,0.000000e+00,0.000000e+00,0.000000e+00
1.000000e+00,0.000000e+00,0.000000e+00,0.000000e+00,0.000000e+00,0.000000e+00,0.000000e+00,0.000000e+00,0.000000e+00,0.000000e+00,0.000000e+00,0.000000e+00,0.000000e+00,0.000000e+00,0.000000e+00
1.000000e+00,0.000000e+00,0.000000e+00,0.000000e+00,0.000000e+00,0.000000e+00,0.000000e+00,0.000000e+00,0.000000e+00,0.000000e+00,0.000000e+00,0.000000e+00,0.000000e+00,0.000000e+00,0.000000e+00
1.000000e+00,0.000000e+00,0.000000e+00,0.000000e+00,0.000000e+00,0.000000e+00,0.000000e+00,0.000000e+00,0.000000e+00,0.000000e+00,0.000000e+00,0.000000e+00,0.000000e+00,0.000000e+00,0.000000e+00
1.000000e+00,0.000000e+00,0.000000e+00,0.000000e+00,0.000000e+00,0.000000e+00,0.000000e+00,0.000000e+00,0.000000e+00,0.000000e+00,0.000000e+00,0.000000e+00,0.000000e+00,0.000000e+00,0.000000e+00
1.000000e+00,0.000000e+00,0.000000e+00,0.000000e+00,0.000000e+00,0.000000e+00,0.000000e+00,0.000000e+00,0.000000e+00,0.000000e+00,0.000000e+00,0.000000e+00,0.000000e+00,0.000000e+00,0.000000e+00
1.000000e+00,0.000000e+00,0.000000e+00,0.000000e+00,0.000000e+00,0.000000e+00,0.000000e+00,0.000000e+00,0.000000e+00,0.000000e+00,0.000000e+00,0.000000e+00,0.000000e+00,0.000000e+00,0.000000e+00
1.000000e+00,0.000000e+00,0.000000e+00,0.000000e+00,0.000000e+00,0.000000e+00,0.000000e+00,0.000000e+00,0.000000e+00,0.000000e+00,0.000000e+00,0.000000e+00,0.000000e+00,0.000000e+00,0.000000e+00
1.000000e+00,0.000000e+00,0.000000e+00,0.000000e+00,0.000000e+00,0.000000e+00,0.000000e+00,0.000000e+00,0.000000e+00,0.000000e+00,0.000000e+00,0.000000e+00,0.000000e+00,0.000000e+00,0.000000e+00
1.000000e+00,0.000000e+00,0.000000e+00,0.000000e+00,0.000000e+00,0.000000e+00,0.000000e+00,0.000000e+00,0.000000e+00,0.000000e+00,0.000000e+00,0.000000e+00,0.000000e+00,0.000000e+00,0.000000e+00
1.000000e+00,0.000000e+00,0.000000e+00,0.000000e+00,0.000000e+00,0.000000e+00,0.000000e+00,0.000000e+00,0.000000e+00,0.000000e+00,0.000000e+00,0.000000e+00,0.000000e+00,0.000000e+00,0.000000e+00
1.000000e+00,0.000000e+00,0.000000e+00,0.000000e+00,0.000000e+00,0.000000e+00,0.000000e+00,0.000000e+00,0.000000e+00,0.000000e+00,0.000000e+00,0.000000e+00,0.000000e+00,0.000000e+00,0.000000e+00
1.000000e+00,0.000000e+00,0.000000e+00,0.000000e+00,0.000000e+00,0.000000e+00,0.000000e+00,0.000000e+00,0.000000e+00,0.000000e+00,0.000000e+00,0.000000e+00,0.000000e+00,0.000000e+00,0.000000e+00
1.000000e+00,0.000000e+00,0.000000e+00,0.000000e+00,0.000000e+00,0.000000e+00,0.000000e+00,0.000000e+00,0.000000e+00,0.000000e+00,0.000000e+00,0.000000e+00,0.000000e+00,0.000000e+00,0.000000e+00
1.000000e+00,0.000000e+00,0.000000e+00,0.000000e+00,0.000000e+00,0.000000e+00,0.000000e+00,0.000000e+00,0.000000e+00,0.000000e+00,0.000000e+00,0.000000e+00,0.000000e+00,0.000000e+00,0.000000e+00
1.000000e+00,0.000000e+00,0.000000e+00,0.000000e+00,0.000000e+00,0.000000e+00,0.000000e+00,0.000000e+00,0.000000e+00,0.000000e+00,0.000000e+00,0.000000e+00,0.000000e+00,0.000000e+00,0.000000e+00
1.000000e+00,0.000000e+00,0.000000e+00,0.000000e+00,0.000000e+00,0.000000e+00,0.000000e+00,0.000000e+00,0.000000e+00,0.000000e+00,0.000000e+00,0.000000e+00,0.000000e+00,0.000000e+00,0.000000e+00
1.000000e+00,0.000000e+00,0.000000e+00,0.000000e+00,0.000000e+00,0.000000e+00,0.000000e+00,0.000000e+00,0.000000e+00,0.000000e+00,0.000000e+00,0.000000e+00,0.000000e+00,0.000000e+00,0.000000e+00
1.000000e+00,0.000000e+00,0.000000e+00,0.000000e+00,0.000000e+00,0.000000e+00,0.000000e+00,0.000000e+00,0.000000e+00,0.000000e+00,0.000000e+00,0.000000e+00,0.000000e+00,0.000000e+00,0.000000e+00
1.000000e+00,0.000000e+00,0.000000e+00,0.000000e+00,0.000000e+00,0.000000e+00,0.000000e+00,0.000000e+00,0.000000e+00,0.000000e+00,0.000000e+00,0.000000e+00,0.000000e+00,0.000000e+00,0.000000e+00
1.000000e+00,0.000000e+00,0.000000e+00,0.000000e+00,0.000000e+00,0.000000e+00,0.000000e+00,0.000000e+00,0.000000e+00,0.000000e+00,0.000000e+00,0.000000e+00,0.000000e+00,0.000000e+00,0.000000e+00
1.000000e+00,0.000000e+00,0.000000e+00,0.000000e+00,0.000000e+00,0.000000e+00,0.000000e+00,0.000000e+00,0.000000e+00,0.000000e+00,0.000000e+00,0.000000e+00,0.000000e+00,0.000000e+00,0.000000e+00
1.000000e+00,0.000000e+00,0.000000e+00,0.000000e+00,0.000000e+00,0.000000e+00,0.000000e+00,0.000000e+00,0.000000e+00,0.000000e+00,0.000000e+00,0.000000e+00,0.000000e+00,0.000000e+00,0.000000e+00
1.000000e+00,0.000000e+00,0.000000e+00,0.000000e+00,0.000000e+00,0.000000e+00,0.000000e+00,0.000000e+00,0.000000e+00,0.000000e+00,0.000000e+00,0.000000e+00,0.000000e+00,0.000000e+00,0.000000e+00
4.853808e-01,3.724325e-02,1.600295e-02,2.678452e-01,4.797208e-03,1.109388e-02,2.514992e-03,7.206413e-03,3.097123e-02,2.061225e-02,1.389518e-02,1.754299e-02,1.947910e-02,2.133228e-03,6.328126e-02
3.639416e-01,3.896284e-02,6.913814e-02,3.433477e-01,4.078868e-03,8.730486e-03,1.989230e-03,7.294557e-03,2.835148e-02,2.097892e-02,1.191213e-02,1.387202e-02,1.562543e-02,1.707588e-03,7.006900e-02
3.666154e-01,3.694543e-02,9.442262e-02,2.473075e-01,3.853486e-03,9.419704e-03,1.590391e-03,6.669798e-03,2.451838e-02,2.085648e-02,1.209896e-02,1.136719e-02,1.862876e-02,7.456676e-03,1.382492e-01
2.745423e-01,3.621490e-02,7.532290e-02,1.774189e-01,2.922647e-03,8.611341e-03,1.198221e-03,4.947774e-03,6.089616e-02,4.171991e-02,1.031213e-02,8.742601e-03,1.594507e-02,9.578075e-03,2.716271e-01
1.945606e-01,3.894172e-02,5.355957e-02,1.251408e-01,2.165910e-03,6.654820e-03,8.774261e-04,3.506179e-03,8.233404e-02,5.854875e-02,7.412620e-03,6.231508e-03,1.377967e-02,1.003135e-02,3.962550e-01
1.368027e-01,3.875658e-02,3.838944e-02,9.335133e-02,1.553663e-03,4.765611e-03,6.285191e-04,2.492499e-03,1.555466e-01,5.309992e-02,5.357509e-03,4.573321e-03,1.055563e-02,8.512355e-03,4.456143e-01
1.258470e-01,3.516961e-02,5.414490e-02,9.281977e-02,2.835545e-03,5.557578e-03,6.131581e-04,2.641191e-03,1.430753e-01,4.358323e-02,7.354083e-03,4.332774e-03,1.110788e-02,2.085835e-02,4.500596e-01
1.712097e-01,3.256981e-02,4.362714e-02,6.786255e-02,3.465231e-03,9.336067e-03,7.032644e-04,2.845209e-03,1.065595e-01,3.311335e-02,6.291895e-03,3.499362e-03,8.859845e-03,5.387677e-02,4.561803e-01
1.779502e-01,2.710567e-02,3.244373e-02,4.837790e-02,3.149836e-03,1.023936e-02,6.629444e-04,2.410420e-03,7.959446e-02,2.545349e-02,5.187732e-03,2.715258e-03,8.034755e-03,8.169405e-02,4.949802e-01
1.415246e-01,2.080631e-02,2.307921e-02,3.494878e-02,2.316757e-03,8.270836e-03,6.059086e-04,1.902848e-03,5.965145e-02,1.897860e-02,3.876692e-03,2.118334e-03,7.128525e-03,6.406544e-02,6.107257e-01
2.112967e-01,1.700761e-02,1.679622e-02,2.653421e-02,2.153435e-03,9.879004e-03,1.075253e-03,2.038710e-03,4.931465e-02,1.412213e-02,3.436841e-03,2.728438e-03,6.678315e-03,7.380167e-02,5.631368e-01
1.889422e-01,2.579759e-02,1.777909e-02,4.522483e-02,3.471663e-03,9.566544e-03,1.831868e-03,2.620364e-03,4.980995e-02,1.118284e-02,3.215788e-03,3.341382e-03,5.934133e-03,6.184281e-02,5.694390e-01
2.757608e-01,3.477515e-02,2.200506e-02,5.529711e-02,3.367348e-03,1.082821e-02,2.220447e-03,4.050318e-03,4.282235e-02,8.804876e-03,4.373764e-03,7.130664e-03,7.689400e-03,5.352057e-02,4.673541e-01
3.306427e-01,3.021585e-02,1.836441e-02,4.253177e-02,3.116833e-03,1.051841e-02,2.187805e-03,3.937540e-03,3.211483e-02,6.683983e-03,5.249996e-03,7.034862e-03,8.294200e-03,6.449343e-02,4.346135e-01
3.628273e-01,2.740668e-02,1.700912e-02,3.292916e-02,2.982409e-03,1.054960e-02,2.139243e-03,4.037821e-03,3.139058e-02,5.285702e-03,5.954783e-03,5.974053e-03,9.344651e-03,5.581138e-02,4.263576e-01
2.942443e-01,2.023417e-02,1.266070e-02,2.356314e-02,2.303650e-03,1.117177e-02,1.799803e-03,3.177207e-03,3.195287e-02,5.963037e-03,6.477927e-03,5.715709e-03,8.008872e-03,5.409336e-02,5.186336e-01
2.697655e-01,1.605752e-02,1.066458e-02,1.723878e-02,2.051228e-03,1.313375e-02,1.679397e-03,2.525782e-03,3.411214e-02,1.198706e-02,6.919034e-03,5.416412e-03,7.045987e-03,1.251504e-01,4.762525e-01
2.627699e-01,1.251050e-02,1.041682e-02,1.368812e-02,1.845626e-03,1.178689e-02,2.231924e-03,2.330415e-03,9.780747e-02,2.164436e-02,1.153849e-02,6.037489e-03,6.781214e-03,1.338259e-01,4.047849e-01
2.117842e-01,9.600989e-03,7.732333e-03,1.013410e-02,1.430518e-03,8.731571e-03,1.655993e-03,1.755522e-03,1.676823e-01,1.915917e-02,3.917748e-02,4.873406e-03,1.341234e-02,1.923475e-01,3.105226e-01
1.831524e-01,7.945629e-03,6.350828e-03,7.714995e-03,1.417152e-03,7.669412e-03,1.266892e-03,1.460378e-03,1.432587e-01,1.452625e-02,3.564900e-02,3.853346e-03,1.407443e-02,3.442868e-01,2.273737e-01
1.671157e-01,8.328696e-03,6.545430e-03,6.251950e-03,1.628098e-03,6.659172e-03,1.332252e-03,1.615073e-03,1.229931e-01,1.751830e-02,3.209628e-02,3.145191e-03,1.087984e-02,4.476798e-01,1.662111e-01
1.619805e-01,6.568990e-03,5.326380e-03,4.846417e-03,2.156802e-03,5.669240e-03,1.448113e-03,1.781228e-03,9.795030e-02,3.948471e-02,2.848868e-02,2.353439e-03,8.020571e-03,5.065171e-01,1.274076e-01
1.420006e-01,7.850226e-03,5.931370e-03,3.742443e-03,2.270898e-03,1.161123e-02,1.087946e-03,1.723776e-03,9.104822e-02,3.388280e-02,3.260965e-02,1.753161e-03,6.140633e-03,5.297579e-01,1.285891e-01
1.170280e-01,7.772886e-03,6.342536e-03,3.802594e-03,2.793556e-03,9.392628e-03,8.062511e-04,1.398364e-03,1.748792e-01,3.761686e-02,3.948843e-02,1.349389e-03,4.842549e-03,4.719663e-01,1.205204e-01
8.486421e-02,2.446925e-02,6.821712e-03,3.099335e-03,3.113217e-03,1.434730e-02,7.224932e-04,1.660218e-03,2.441452e-01,4.158826e-02,3.155215e-02,1.052548e-03,3.748036e-03,4.406022e-01,9.821382e-02
6.178899e-02,4.792554e-02,1.020016e-02,3.111824e-03,9.993424e-03,1.276685e-02,5.789938e-04,2.244006e-03,3.801282e-01,3.684565e-02,2.484419e-02,8.061207e-04,2.809337e-03,3.175930e-01,8.836371e-02
4.441239e-02,8.624078e-02,1.293235e-02,9.873308e-03,8.905916e-03,9.393331e-03,4.214912e-04,1.756085e-03,4.646271e-01,2.792900e-02,1.902363e-02,6.659035e-04,2.450037e-03,2.225925e-01,8.877621e-02
3.398699e-02,1.061115e-01,4.770944e-02,8.283200e-03,8.694058e-03,7.161859e-03,3.264737e-04,2.084605e-03,4.593093e-01,2.788996e-02,3.172164e-02,8.073339e-04,5.316813e-03,1.591672e-01,1.014296e-01
2.770517e-02,9.771389e-02,8.835325e-02,6.553616e-03,7.514728e-03,7.368126e-03,2.906686e-04,2.321198e-03,4.156018e-01,4.128674e-02,3.558298e-02,8.087773e-04,4.633843e-03,1.318240e-01,1.324412e-01
2.725305e-02,9.346201e-02,1.636794e-01,7.742929e-03,9.293277e-03,7.677819e-03,3.524129e-04,4.899619e-03,3.865570e-01,4.037905e-02,3.130168e-02,1.088679e-03,4.360142e-03,9.994628e-02,1.220066e-01
2.685208e-02,1.194154e-01,1.354192e-01,7.942716e-03,1.179498e-02,9.127203e-03,3.532060e-04,8.047790e-03,4.210068e-01,4.076083e-02,2.781107e-02,1.147170e-03,4.178655e-03,8.004700e-02,1.060958e-01
2.938881e-02,1.803569e-01,1.079627e-01,7.102244e-03,1.227055e-02,1.370515e-02,3.551170e-04,1.668611e-02,4.096261e-01,3.518984e-02,2.143046e-02,1.082063e-03,3.465150e-03,6.716473e-02,9.421395e-02
3.336804e-02,1.455706e-01,1.527845e-01,1.035788e-02,4.040322e-02,1.166055e-02,5.209359e-04,6.936746e-02,3.609832e-01,2.727761e-02,1.619189e-02,9.423983e-04,2.739940e-03,5.751040e-02,7.032125e-02
5.016091e-02,1.477635e-01,1.525732e-01,1.470013e-02,5.456849e-02,1.092614e-02,6.052125e-04,7.433563e-02,3.244285e-01,3.773121e-02,1.265354e-02,1.138551e-03,2.284849e-03,4.534120e-02,7.078888e-02
5.956186e-02,1.667789e-01,1.268813e-01,1.407526e-02,7.126788e-02,1.035707e-02,7.078391e-04,6.958546e-02,2.969638e-01,4.841590e-02,1.104705e-02,1.605424e-03,2.256176e-03,4.151408e-02,7.898201e-02
6.641418e-02,1.810619e-01,1.081107e-01,1.387828e-02,6.790864e-02,1.207978e-02,7.545237e-04,6.507154e-02,3.226463e-01,3.848866e-02,9.606645e-03,1.821958e-03,2.330112e-03,4.211814e-02,6.770866e-02
5.586236e-02,1.367958e-01,9.348799e-02,1.006518e-02,4.905366e-02,1.306161e-02,5.800091e-04,4.698827e-02,2.757540e-01,4.595063e-02,2.899180e-02,1.952671e-03,2.435767e-03,9.981361e-02,1.392066e-01
4.209540e-02,9.976207e-02,6.729732e-02,7.467523e-03,3.483166e-02,1.522286e-02,4.623899e-04,3.302819e-02,2.174095e-01,4.107583e-02,9.819074e-02,3.978857e-03,2.738726e-03,1.881289e-01,1.483100e-01
3.257636e-02,7.384503e-02,4.721732e-02,5.533353e-03,2.461624e-02,1.409091e-02,3.599585e-04,2.325270e-02,1.622047e-01,3.222714e-02,1.852457e-01,1.243922e-02,4.062714e-03,2.722528e-01,1.100759e-01
5.556836e-02,6.635327e-02,3.555812e-02,7.052688e-03,1.910474e-02,5.996686e-02,2.072023e-03,2.196734e-02,1.495896e-01,2.971972e-02,2.077299e-01,1.273251e-02,1.124439e-02,2.382777e-01,8.306268e-02
4.280560e-02,5.411521e-02,2.503199e-02,5.622438e-03,1.370361e-02,4.556117e-02,1.491845e-03,1.549182e-02,1.394848e-01,2.456062e-02,2.995546e-01,1.354598e-02,1.092316e-02,2.469792e-01,6.112789e-02
3.109426e-02,4.363617e-02,1.758392e-02,4.435773e-03,9.652499e-03,3.374285e-02,1.075279e-03,1.089919e-02,3.512481e-01,1.766130e-02,2.261800e-01,1.016027e-02,8.083856e-03,1.909856e-01,4.356093e-02
3.072276e-02,3.702702e-02,1.261059e-02,4.555115e-03,7.096151e-03,2.472859e-02,8.890352e-04,8.423825e-03,2.844072e-01,1.419211e-02,3.057645e-01,9.732164e-03,8.060776e-03,2.201799e-01,3.161031e-02
3.265309e-02,2.831136e-02,9.235828e-03,4.333983e-03,5.646451e-03,1.871879e-02,8.083615e-04,6.721475e-03,2.226044e-01,1.077051e-02,3.903078e-01,1.129269e-02,9.223307e-03,2.265490e-01,2.282295e-02
2.357317e-02,2.017724e-02,6.575533e-03,3.626989e-03,4.636172e-03,1.534745e-02,7.020545e-04,6.169785e-03,1.865047e-01,1.199211e-02,4.868749e-01,1.251119e-02,7.601089e-03,1.971578e-01,1.654984e-02
1.718924e-02,1.453318e-02,5.436652e-03,4.934585e-03,5.226103e-03,1.366928e-02,9.123564e-04,6.150890e-03,1.517059e-01,9.759549e-03,5.883794e-01,1.294271e-02,6.347474e-03,1.505449e-01,1.226775e-02
1.384865e-02,1.136294e-02,1.065433e-02,1.057380e-02,6.243115e-03,1.536642e-02,1.091817e-03,6.907562e-03,1.298351e-01,9.154830e-03,6.269440e-01,1.071248e-02,5.801929e-03,1.318237e-01,9.679356e-03
1.133911e-02,9.569060e-03,1.519590e-02,1.526036e-02,5.596285e-03,2.446191e-02,9.257338e-04,5.546640e-03,1.329119e-01,7.854210e-03,5.065174e-01,8.814551e-03,4.923790e-03,2.430983e-01,7.984938e-03
1.011537e-02,8.635999e-03,2.367262e-02,1.868028e-02,5.663107e-03,5.006977e-02,1.042197e-03,5.733900e-03,1.108551e-01,7.858983e-03,4.442999e-01,9.109724e-03,5.608873e-03,2.910499e-01,7.604351e-03
1.311315e-02,8.030218e-03,2.649491e-02,6.339430e-02,7.725865e-03,4.316291e-02,1.179108e-03,2.635827e-02,1.246466e-01,6.843762e-03,3.613957e-01,9.532770e-03,7.682791e-03,2.925189e-01,7.920787e-03
5.125183e-02,9.117524e-03,2.711957e-02,7.019907e-02,7.281933e-03,3.541349e-02,1.314688e-03,2.278699e-02,1.365474e-01,7.326275e-03,3.101312e-01,8.492475e-03,8.574636e-03,2.944371e-01,1.000589e-02
6.693424e-02,1.610139e-02,2.587302e-02,5.475412e-02,6.084184e-03,2.898446e-02,1.266249e-03,1.973611e-02,1.138730e-01,6.853908e-03,2.541869e-01,7.299654e-03,8.053262e-03,3.763799e-01,1.361964e-02
5.838975e-02,4.343536e-02,2.814984e-02,4.038035e-02,6.018121e-03,2.547736e-02,1.225262e-03,3.243154e-02,1.070995e-01,6.364612e-03,1.919813e-01,5.430040e-03,6.534773e-03,4.314227e-01,1.565950e-02
5.097495e-02,5.712488e-02,2.725465e-02,2.964886e-02,6.161068e-03,3.157173e-02,1.017095e-03,3.275815e-02,1.201072e-01,6.032689e-03,1.390991e-01,4.130271e-03,5.704641e-03,4.707004e-01,1.771433e-02
4.837508e-02,6.240415e-02,2.280880e-02,2.243443e-02,6.195560e-03,2.446439e-02,9.317937e-04,2.805448e-02,1.751238e-01,6.289818e-03,1.001249e-01,3.496702e-03,4.899321e-03,4.522598e-01,4.213694e-02
4.802956e-02,6.064628e-02,1.805216e-02,1.650277e-02,5.336376e-03,2.062467e-02,8.088124e-04,2.451844e-02,1.711373e-01,8.226150e-03,7.391079e-02,2.981139e-03,6.927616e-03,4.899758e-01,5.232218e-02
3.962393e-02,4.670264e-02,1.600225e-02,1.360330e-02,4.949669e-03,1.594931e-02,1.235404e-03,9.457463e-02,1.455861e-01,8.414969e-03,6.055272e-02,3.627281e-03,1.642366e-02,4.850679e-01,4.768622e-02
4.275903e-02,4.683056e-02,1.640028e-02,1.494419e-02,7.373674e-03,1.522481e-02,1.378818e-03,8.503501e-02,1.450560e-01,8.174578e-03,4.966256e-02,3.957978e-03,1.857654e-02,4.999563e-01,4.466971e-02
4.926166e-02,4.627727e-02,1.548784e-02,1.570969e-02,9.317726e-03,1.393065e-02,1.357401e-03,9.772135e-02,1.372469e-01,7.472453e-03,3.756529e-02,3.448258e-03,1.637186e-02,5.019681e-01,4.686348e-02
6.391711e-02,3.835722e-02,8.779447e-02,3.014211e-02,1.358922e-02,2.088793e-02,1.972542e-03,1.126291e-01,1.231655e-01,5.838930e-03,3.020564e-02,3.522702e-03,1.638704e-02,3.731800e-01,7.841048e-02
6.111915e-02,4.263863e-02,8.823606e-02,4.951409e-02,1.930308e-02,2.791097e-02,2.007613e-03,1.577096e-01,1.380627e-01,5.239439e-03,2.382759e-02,3.086043e-03,1.502591e-02,2.706023e-01,9.571682e-02
5.585395e-02,4.253400e-02,8.392169e-02,5.559450e-02,2.509984e-02,2.777746e-02,1.987079e-03,2.429659e-01,1.373409e-01,4.634834e-03,1.834444e-02,2.712202e-03,1.252082e-02,1.977873e-01,9.092504e-02
5.455365e-02,6.371120e-02,8.345494e-02,5.814069e-02,2.582151e-02,3.307337e-02,1.788105e-03,2.151720e-01,2.120531e-01,5.484015e-03,1.431596e-02,2.278233e-03,1.448571e-02,1.392740e-01,7.639354e-02
4.909474e-02,9.305384e-02,1.014572e-01,6.349511e-02,2.598464e-02,3.132828e-02,1.652004e-03,1.609589e-01,2.636596e-01,8.433515e-03,1.109059e-02,1.984580e-03,1.932887e-02,9.776551e-02,7.071265e-02
6.916437e-02,1.157772e-01,9.985439e-02,5.287476e-02,3.819838e-02,2.815344e-02,1.920732e-03,1.334138e-01,2.595663e-01,1.209305e-02,8.641987e-03,1.880183e-03,1.648507e-02,6.973875e-02,9.223752e-02
6.421836e-02,9.877184e-02,8.140497e-02,6.842753e-02,3.468910e-02,2.220431e-02,2.255132e-03,2.442949e-01,2.319832e-01,9.600247e-03,7.219263e-03,1.590862e-03,1.683989e-02,4.905793e-02,6.744242e-02
5.145229e-02,9.179489e-02,1.395722e-01,1.124863e-01,2.681623e-02,1.748312e-02,2.406281e-03,2.110082e-01,2.146149e-01,1.236255e-02,5.847689e-03,1.360778e-03,2.313520e-02,3.442432e-02,5.523499e-02
4.391206e-02,7.212280e-02,2.860930e-01,9.058999e-02,2.495993e-02,1.465291e-02,2.154449e-03,1.713937e-01,1.726352e-01,2.367568e-02,4.314911e-03,1.056980e-03,1.680231e-02,2.430050e-02,5.133554e-02
3.747313e-02,5.511238e-02,4.114879e-01,8.396369e-02,1.923899e-02,1.068975e-02,1.668108e-03,1.398765e-01,1.275874e-01,3.062637e-02,3.380504e-03,9.263456e-04,1.219246e-02,1.710846e-02,4.866791e-02
2.817666e-02,4.052113e-02,5.279694e-01,9.932470e-02,1.443023e-02,7.661801e-03,1.260955e-03,9.875692e-02,9.119210e-02,2.486617e-02,3.913772e-03,1.248497e-03,9.451175e-03,1.203795e-02,3.918863e-02
2.043650e-02,3.047414e-02,4.673026e-01,7.153857e-02,1.069486e-02,5.746276e-03,9.630423e-04,6.943502e-02,7.586803e-02,2.791666e-02,1.494945e-02,1.873377e-03,8.808455e-03,2.498746e-02,1.690057e-01
1.441338e-02,2.180790e-02,3.413166e-01,5.083521e-02,7.550349e-03,4.332701e-03,6.944219e-04,4.875191e-02,5.763252e-02,2.529209e-02,1.785312e-02,5.814031e-03,1.067492e-02,1.902102e-02,3.740098e-01
1.120356e-02,1.697472e-02,2.609707e-01,3.574593e-02,5.585102e-03,3.720115e-03,5.415903e-04,3.419379e-02,6.481652e-02,3.828019e-02,2.230798e-02,5.303539e-03,1.050703e-02,8.424704e-02,4.056022e-01
9.704666e-03,1.396612e-02,2.040502e-01,2.604245e-02,4.401945e-03,3.310913e-03,4.263179e-04,2.453496e-02,1.272660e-01,5.974295e-02,3.465855e-02,4.737893e-03,1.277996e-02,9.108937e-02,3.832877e-01
7.734907e-03,1.183217e-02,2.815023e-01,2.749412e-02,3.368485e-03,2.533290e-03,3.278033e-04,1.726914e-02,1.616243e-01,6.443852e-02,2.521912e-02,3.445853e-03,9.251341e-03,7.306486e-02,3.108937e-01
1.954614e-02,1.196995e-02,2.031234e-01,2.072780e-02,2.742900e-03,2.979466e-03,4.456115e-04,1.229550e-02,2.185555e-01,5.355332e-02,2.493288e-02,3.283256e-03,8.046359e-03,1.255132e-01,2.922846e-01
2.680557e-02,1.758635e-02,1.527440e-01,1.798861e-02,3.775975e-03,3.277438e-03,5.209212e-04,8.879734e-03,2.543499e-01,5.804368e-02,3.768881e-02,2.795170e-03,6.824560e-03,1.331169e-01,2.756024e-01
2.459889e-02,2.072328e-02,2.216905e-01,8.089002e-02,5.087445e-03,3.452432e-03,6.126087e-04,6.907646e-03,2.252211e-01,4.704164e-02,3.320699e-02,2.547842e-03,6.199691e-03,1.019139e-01,2.199059e-01
3.118833e-02,2.314289e-02,1.774803e-01,9.449746e-02,6.519907e-03,3.681466e-03,5.973942e-04,5.442772e-03,2.595475e-01,5.783486e-02,3.256383e-02,2.272544e-03,6.059657e-03,8.270817e-02,2.164630e-01
5.584421e-02,2.917174e-02,1.318016e-01,7.051150e-02,7.750772e-03,4.914633e-03,6.892465e-04,6.089821e-03,2.867581e-01,6.126138e-02,2.766545e-02,2.554434e-03,5.968777e-03,9.097144e-02,2.180469e-01
5.782584e-02,3.337263e-02,9.704795e-02,5.464577e-02,1.088947e-02,4.426843e-03,7.429495e-04,1.017589e-02,3.639919e-01,7.260577e-02,2.736772e-02,2.477324e-03,6.757151e-03,7.588003e-02,1.817928e-01
5.011147e-02,2.642068e-02,1.153055e-01,8.461657e-02,1.144680e-02,3.629662e-03,6.736657e-04,8.974261e-03,4.108323e-01,6.182228e-02,2.370892e-02,2.461005e-03,6.611208e-03,5.450288e-02,1.388828e-01
5.767679e-02,2.174877e-02,1.015511e-01,6.299558e-02,1.096048e-02,4.927540e-03,6.287056e-04,7.231338e-03,3.680568e-01,8.390868e-02,1.888850e-02,2.081357e-03,5.048517e-03,4.989710e-02,2.043987e-01
6.831208e-02,2.361215e-02,7.940860e-02,5.366189e-02,1.285150e-02,5.513862e-03,7.522926e-04,1.033688e-02,3.833105e-01,7.967945e-02,1.801059e-02,2.089608e-03,5.996530e-03,3.968964e-02,2.167744e-01
6.050032e-02,4.550186e-02,6.816143e-02,1.929970e-01,1.154927e-02,4.515792e-03,7.650469e-04,7.958085e-03,3.301542e-01,5.822014e-02,1.410440e-02,2.029035e-03,5.124245e-03,2.836086e-02,1.700583e-01
1.678422e-01,3.894598e-02,5.260587e-02,1.563431e-01,1.344758e-02,6.833619e-03,1.131829e-03,9.478373e-03,3.059744e-01,5.112638e-02,1.839863e-02,3.987362e-03,8.940340e-03,2.400127e-02,1.409430e-01
2.349658e-01,3.717028e-02,4.125526e-02,1.355347e-01,1.188647e-02,8.871245e-03,1.240777e-03,9.495231e-03,2.914813e-01,4.373919e-02,2.149463e-02,8.350281e-03,1.237669e-02,1.920845e-02,1.229296e-01
3.134218e-01,3.207017e-02,4.356664e-02,1.087920e-01,1.176158e-02,1.043151e-02,2.145986e-03,9.627254e-03,2.436552e-01,3.481123e-02,2.589710e-02,1.151438e-02,2.405902e-02,1.587864e-02,1.123675e-01
3.355048e-01,2.596693e-02,3.333374e-02,8.878515e-02,1.112997e-02,1.211545e-02,2.149486e-03,8.879572e-03,2.315435e-01,2.583802e-02,3.077140e-02,2.981648e-02,6.230500e-02,1.300938e-02,8.885115e-02
3.556393e-01,2.108303e-02,2.485343e-02,8.925433e-02,1.292135e-02,1.568527e-02,2.085368e-03,6.543368e-03,1.858272e-01,2.426392e-02,3.690328e-02,4.604215e-02,9.366450e-02,1.197287e-02,7.326069e-02
3.205906e-01,1.780609e-02,1.971142e-02,7.606494e-02,2.393226e-02,1.645194e-02,3.642873e-03,5.935487e-03,1.675088e-01,2.210235e-02,5.113323e-02,1.117296e-01,8.857700e-02,1.504219e-02,5.977128e-02
2.510397e-01,1.354895e-02,1.537476e-02,5.626624e-02,1.789065e-02,1.497038e-02,3.288699e-03,4.462563e-03,1.252502e-01,2.080271e-02,1.045025e-01,2.373738e-01,7.691745e-02,1.381550e-02,4.449600e-02
1.865873e-01,1.581025e-02,1.241630e-02,4.021893e-02,1.679708e-02,1.456539e-02,2.665507e-03,3.329765e-03,1.105809e-01,1.673722e-02,2.095388e-01,2.595632e-01,6.296255e-02,1.496034e-02,3.326637e-02
1.536044e-01,1.222205e-02,9.128766e-03,2.927165e-02,1.264143e-02,1.244500e-02,1.944957e-03,2.520401e-03,8.252113e-02,1.327948e-02,2.415369e-01,3.455460e-01,4.625170e-02,1.291439e-02,2.417170e-02
1.220859e-01,9.410984e-03,6.817887e-03,2.217064e-02,1.612291e-02,1.033842e-02,1.546494e-03,2.716352e-03,6.201439e-02,1.438291e-02,2.529034e-01,4.128639e-01,3.580876e-02,1.350030e-02,1.731678e-02
9.937202e-02,9.402255e-03,7.634503e-03,1.691564e-02,6.171424e-02,8.470535e-03,2.020997e-03,7.191684e-03,5.074086e-02,1.133991e-02,2.535730e-01,4.152203e-01,2.668960e-02,1.692143e-02,1.279307e-02
9.832975e-02,1.098852e-02,1.245266e-02,1.360313e-02,1.425307e-01,9.627931e-03,3.319550e-03,3.019975e-02,4.640372e-02,8.520510e-03,1.956646e-01,3.860805e-01,1.975238e-02,1.323261e-02,9.293688e-03
8.284660e-02,1.545967e-02,1.756088e-02,1.222301e-02,2.709710e-01,1.051513e-02,3.610504e-03,4.880977e-02,5.578378e-02,7.531224e-03,1.529612e-01,2.849346e-01,1.448814e-02,1.501361e-02,7.291003e-03
7.936585e-02,1.878958e-02,2.410952e-02,1.872011e-02,3.432193e-01,1.715677e-02,3.523612e-03,5.602608e-02,6.566744e-02,6.847347e-03,1.232607e-01,2.074786e-01,1.134761e-02,1.805880e-02,6.428724e-03
6.236492e-02,1.602373e-02,2.344121e-02,3.046224e-02,2.477058e-01,1.730853e-02,3.213421e-03,4.116417e-02,6.163692e-02,1.301997e-02,2.598656e-01,1.677351e-01,3.018002e-02,1.998626e-02,5.892205e-03
1.333633e-01,1.667254e-02,2.179747e-02,3.419602e-02,1.775847e-01,1.570763e-02,2.579235e-03,3.057644e-02,6.096118e-02,2.635952e-02,2.629595e-01,1.364575e-01,2.937625e-02,2.637827e-02,2.503052e-02
1.484583e-01,1.965676e-02,2.089545e-02,4.466796e-02,1.339078e-01,1.512564e-02,2.092690e-03,2.969944e-02,8.779207e-02,3.052953e-02,2.776330e-01,1.121319e-01,2.774347e-02,2.835922e-02,2.130679e-02
2.001766e-01,1.738031e-02,3.761543e-02,4.272712e-02,9.815532e-02,1.496164e-02,1.927573e-03,2.969724e-02,9.182261e-02,2.702971e-02,2.695244e-01,8.978727e-02,2.413992e-02,3.865118e-02,1.640373e-02
1.978195e-01,2.091401e-02,5.109613e-02,7.212336e-02,7.509951e-02,1.513745e-02,1.547374e-03,2.616778e-02,1.022525e-01,2.820726e-02,2.502107e-01,7.735319e-02,2.088686e-02,4.368451e-02,1.749990e-02
2.504306e-01,2.466215e-02,3.811557e-02,6.347127e-02,5.357015e-02,1.466128e-02,1.268560e-03,2.093418e-02,1.032872e-01,3.367630e-02,2.284453e-01,7.102394e-02,2.085849e-02,4.913927e-02,2.645579e-02
2.475044e-01,2.819027e-02,2.850024e-02,5.473941e-02,4.085745e-02,1.411603e-02,1.170468e-03,1.660362e-02,1.030375e-01,3.226667e-02,2.583943e-01,6.794983e-02,1.763918e-02,6.569140e-02,2.333921e-02
2.369508e-01,4.763127e-02,6.114344e-02,6.212980e-02,4.080284e-02,1.259625e-02,1.383843e-03,2.175444e-02,1.130860e-01,2.742575e-02,2.198305e-01,5.136144e-02,1.549226e-02,6.956275e-02,1.884861e-02
2.301745e-01,5.771662e-02,6.524665e-02,8.985808e-02,3.404581e-02,1.388714e-02,1.494970e-03,2.303799e-02,1.259846e-01,2.401239e-02,1.863122e-01,4.605274e-02,1.789877e-02,6.664389e-02,1.763373e-02
2.170639e-01,5.443228e-02,5.207152e-02,7.704017e-02,2.757706e-02,1.332890e-02,1.295493e-03,1.936958e-02,1.297597e-01,3.529799e-02,1.688416e-01,4.707151e-02,1.753056e-02,1.031883e-01,3.613148e-02
2.034108e-01,6.091767e-02,3.970902e-02,6.076022e-02,2.538778e-02,1.217272e-02,1.247322e-03,1.810838e-02,1.703688e-01,3.788853e-02,1.442958e-01,4.886975e-02,1.840819e-02,1.259457e-01,3.250940e-02
2.267125e-01,5.964199e-02,4.120014e-02,6.949066e-02,2.741334e-02,1.358468e-02,2.364692e-03,4.120943e-02,1.680836e-01,2.928576e-02,1.209983e-01,4.274477e-02,1.945695e-02,1.083165e-01,2.949673e-02
2.276893e-01,6.236644e-02,4.254695e-02,8.432424e-02,2.754125e-02,1.943268e-02,2.342829e-03,3.542489e-02,1.741955e-01,2.648445e-02,1.002028e-01,3.650591e-02,1.784867e-02,9.813008e-02,4.496397e-02
2.350515e-01,5.724626e-02,6.310492e-02,9.551035e-02,2.493515e-02,3.033776e-02,2.129771e-03,2.851905e-02,1.947540e-01,2.284244e-02,7.879488e-02,2.896809e-02,1.535017e-02,7.753232e-02,4.492325e-02
2.289065e-01,5.314299e-02,5.058442e-02,7.744275e-02,3.181939e-02,8.680759e-02,2.511782e-03,3.230575e-02,1.941121e-01,2.088146e-02,6.535625e-02,2.383489e-02,1.467056e-02,7.197038e-02,4.565317e-02
2.478723e-01,6.157935e-02,3.849124e-02,6.273297e-02,3.537047e-02,9.758514e-02,2.200386e-03,5.277054e-02,2.028641e-01,1.573122e-02,5.139779e-02,1.897682e-02,1.173964e-02,6.008955e-02,4.059847e-02
2.866244e-01,5.725451e-02,4.114724e-02,7.077945e-02,3.821770e-02,8.876911e-02,2.835691e-03,6.598763e-02,1.737623e-01,1.194441e-02,4.249430e-02,2.141321e-02,1.188726e-02,4.796777e-02,3.891496e-02
3.117431e-01,5.407147e-02,3.501999e-02,6.313492e-02,3.810678e-02,6.869699e-02,2.776064e-03,6.423531e-02,1.729929e-01,9.120662e-03,5.474087e-02,2.450191e-02,2.026084e-02,3.729121e-02,4.330694e-02
2.884543e-01,4.614621e-02,2.765998e-02,5.334138e-02,9.064575e-02,5.520889e-02,2.252689e-03,4.687763e-02,1.658076e-01,7.148296e-03,9.322031e-02,1.961171e-02,2.365070e-02,4.237811e-02,3.759646e-02
2.278839e-01,3.431737e-02,2.023489e-02,4.055941e-02,8.616258e-02,3.955725e-02,1.670043e-03,3.324082e-02,1.879865e-01,6.034341e-03,1.601557e-01,1.559698e-02,3.292134e-02,7.428087e-02,3.939799e-02
1.664065e-01,2.493618e-02,1.459349e-02,2.949131e-02,6.618713e-02,2.934855e-02,1.280423e-03,2.355605e-02,1.618400e-01,6.679681e-03,2.084994e-01,1.329521e-02,3.410488e-02,1.837268e-01,3.605448e-02
1.203850e-01,1.799600e-02,1.067361e-02,2.192953e-02,4.723227e-02,2.230641e-02,1.029466e-03,1.691222e-02,1.345498e-01,6.893422e-03,2.669364e-01,1.034668e-02,2.568783e-02,2.680596e-01,2.906178e-02
8.988137e-02,1.352906e-02,7.695687e-03,1.598036e-02,3.331488e-02,1.873333e-02,7.960662e-04,1.225837e-02,9.869929e-02,7.066874e-03,3.136517e-01,8.711729e-03,1.953397e-02,3.304371e-01,2.971018e-02
6.541678e-02,1.117260e-02,7.789075e-03,1.180426e-02,2.604302e-02,1.525954e-02,6.961904e-04,1.004752e-02,8.518088e-02,8.408544e-03,3.011899e-01,7.313319e-03,1.417362e-02,4.107832e-01,2.472158e-02
4.597886e-02,1.106918e-02,7.314153e-03,8.715697e-03,2.712442e-02,1.309370e-02,5.554382e-04,7.982937e-03,1.519563e-01,9.813843e-03,3.093718e-01,7.298439e-03,1.097538e-02,3.693925e-01,1.935733e-02
3.226525e-02,8.109278e-03,8.125002e-03,6.736852e-03,2.131120e-02,1.010747e-02,3.994915e-04,5.625157e-03,2.544563e-01,9.272362e-03,2.305988e-01,5.387163e-03,7.880215e-03,3.854263e-01,1.429916e-02
2.279153e-02,5.965084e-03,9.213591e-03,4.939420e-03,1.549416e-02,8.085571e-03,2.948420e-04,3.979333e-03,3.008079e-01,8.697359e-03,1.793069e-01,3.805174e-03,5.560865e-03,4.173735e-01,1.368478e-02
1.633492e-02,4.336714e-03,1.082181e-02,3.834821e-03,1.155793e-02,6.408730e-03,2.164096e-04,2.950647e-03,3.155701e-01,6.737879e-03,1.430903e-01,2.710009e-03,3.970546e-03,4.606168e-01,1.084233e-02
1.194671e-02,3.237572e-03,8.845100e-03,3.868550e-03,8.419322e-03,5.307294e-03,1.567694e-04,2.127519e-03,4.748021e-01,6.583169e-03,1.092685e-01,2.080418e-03,3.795566e-03,3.508687e-01,8.692713e-03
9.400931e-03,3.175143e-03,9.003344e-03,3.923953e-03,6.247548e-03,4.440494e-03,1.166938e-04,1.652471e-03,4.987423e-01,6.009068e-03,1.025594e-01,1.558058e-03,3.126468e-03,3.363124e-01,1.373176e-02
1.225321e-02,2.327319e-02,1.404633e-02,4.541790e-03,5.200808e-03,4.308170e-03,1.384412e-04,1.426716e-03,4.619123e-01,5.262679e-03,9.258559e-02,1.163280e-03,2.657218e-03,3.489116e-01,2.231868e-02
2.680824e-02,2.432956e-02,4.317472e-02,9.584157e-03,5.118170e-03,5.972123e-03,1.757467e-04,2.779565e-03,4.096907e-01,5.507095e-03,7.020024e-02,9.611466e-04,2.381413e-03,3.429860e-01,5.033116e-02
4.550119e-02,3.036271e-02,8.472880e-02,1.300083e-02,5.334898e-03,7.730093e-03,2.293324e-04,3.848389e-03,3.341855e-01,6.042323e-03,5.735191e-02,9.244753e-04,2.586658e-03,3.190152e-01,8.915771e-02
5.332862e-02,2.590666e-02,1.133134e-01,1.141680e-02,5.658560e-03,9.824924e-03,2.256181e-04,7.056198e-03,2.673378e-01,6.745570e-03,4.320761e-02,1.562954e-03,3.473573e-03,2.923345e-01,1.586073e-01
4.357189e-02,1.936368e-02,9.731880e-02,8.327742e-03,5.985494e-03,8.758272e-03,1.731384e-04,5.916471e-03,2.263979e-01,5.461113e-03,3.155340e-02,1.276073e-03,3.115059e-03,3.059582e-01,2.368229e-01
7.670687e-02,1.433692e-02,7.350558e-02,6.726868e-03,5.337527e-03,1.052997e-02,2.435679e-04,6.274419e-03,1.651026e-01,5.869743e-03,2.481410e-02,1.360661e-03,4.159051e-03,3.050772e-01,2.999549e-01
1.691752e-01,1.356619e-02,6.320621e-02,1.553149e-02,6.341169e-03,1.205522e-02,5.691734e-04,1.740708e-02,1.254232e-01,8.205382e-03,2.282446e-02,1.782277e-03,5.278024e-03,2.667151e-01,2.719198e-01
2.149631e-01,1.164485e-02,5.208702e-02,1.257648e-02,6.737461e-03,1.252541e-02,8.689224e-04,2.654121e-02,1.001846e-01,1.079703e-02,1.826860e-02,1.716406e-03,4.225834e-03,2.361857e-01,2.906774e-01
2.827930e-01,1.401187e-02,6.747630e-02,1.590858e-02,1.040280e-02,1.287818e-02,1.088981e-03,2.669032e-02,8.031341e-02,1.516384e-02,1.439366e-02,1.830218e-03,3.418701e-03,1.879925e-01,2.656376e-01
2.499661e-01,1.893009e-02,9.269652e-02,1.457936e-02,1.411692e-02,1.359658e-02,1.161618e-03,2.484985e-02,7.498281e-02,2.891614e-02,1.180678e-02,2.029011e-03,3.189370e-03,1.712617e-01,2.779171e-01
2.017310e-01,1.868870e-02,2.165204e-01,1.271524e-02,2.262329e-02,1.126793e-02,1.026410e-03,1.847018e-02,6.392726e-02,3.589899e-02,9.460763e-03,1.540848e-03,2.668288e-03,1.509520e-01,2.325087e-01
1.643423e-01,2.380817e-02,2.613851e-01,5.999680e-02,2.457689e-02,9.459221e-03,8.606330e-04,1.408475e-02,5.124006e-02,3.773934e-02,7.316723e-03,1.412759e-03,2.067323e-03,1.078299e-01,2.338801e-01
1.236657e-01,2.410061e-02,2.399265e-01,6.718002e-02,2.010487e-02,7.218529e-03,6.472585e-04,1.002746e-02,4.311139e-02,4.987578e-02,6.099314e-03,1.166251e-03,1.570052e-03,8.171925e-02,3.235870e-01
1.057457e-01,2.358191e-02,1.737902e-01,5.037620e-02,1.535068e-02,5.849683e-03,5.088053e-04,7.173550e-03,4.757677e-02,5.376745e-02,5.259686e-03,1.153570e-03,1.828108e-03,6.060853e-02,4.474291e-01
8.118143e-02,2.091799e-02,1.256745e-01,3.996763e-02,1.130492e-02,4.469787e-03,3.797944e-04,5.088599e-03,4.523281e-02,5.105549e-02,4.537913e-03,1.004591e-03,1.839207e-03,4.547980e-02,5.618655e-01
6.045086e-02,1.880251e-02,1.556007e-01,4.415853e-02,8.104791e-03,3.466857e-03,3.248437e-04,3.659980e-03,4.677636e-02,5.258343e-02,4.016036e-03,1.256503e-03,1.748185e-03,3.929459e-02,5.597558e-01
5.708300e-02,2.162801e-02,1.738658e-01,4.407335e-02,6.061317e-03,3.235563e-03,3.016174e-04,3.196772e-03,5.828343e-02,4.752817e-02,4.780327e-03,2.036198e-03,2.652682e-03,8.216299e-02,4.931108e-01
5.512394e-02,1.799257e-02,1.367195e-01,3.471747e-02,4.463553e-03,3.159076e-03,2.952139e-04,2.439638e-03,5.277311e-02,4.057643e-02,4.868741e-03,2.128119e-03,2.537360e-03,2.107572e-01,4.314480e-01
8.729614e-02,1.960535e-02,9.822077e-02,2.603514e-02,4.468755e-03,3.620151e-03,2.683021e-04,2.040874e-03,4.371135e-02,3.138579e-02,5.679288e-03,2.290797e-03,2.858684e-03,3.187152e-01,3.538034e-01
7.498247e-02,1.569792e-02,6.967390e-02,1.870188e-02,3.672180e-03,2.919185e-03,2.363196e-04,1.574357e-03,3.573638e-02,2.391682e-02,5.298844e-03,1.987863e-03,2.878157e-03,4.505438e-01,2.921799e-01
