1.000000e+00,0.000000e+00,0.000000e+00,0.000000e+00,0.000000e+00,0.000000e+00,0.000000e+00,0.000000e+00,0.000000e+00,0.000000e+00,0.000000e+00,0.000000e+00,0.000000e+00,0.000000e+00,0.000000e+00
1.000000e+00,0.000000e+00,0.000000e+00,0.000000e+00,0.000000e+00,0.000000e+00,0.000000e+00,0.000000e+00,0.000000e+00,0.000000e+00,0.000000e+00,0.000000e+00,0.000000e+00,0.000000e+00,0.000000e+00
1.000000e+00,0.000000e+00,0.000000e+00,0.000000e+00,0.000000e+00,0.000000e+00,0.000000e+00,0.000000e+00,0.000000e+00,0.000000e+00,0.000000e+00,0.000000e+00,0.000000e+00,0.000000e+00,0.000000e+00
1.000000e+00,0.000000e+00,0.000000e+00,0.000000e+00,0.000000e+00,0.000000e+00,0.000000e+00,0.000000e+00,0.000000e+00,0.000000e+00,0.000000e+00,0.000000e+00,0.000000e+00,0.000000e+00,0.000000e+00
1.000000e+00,0.000000e+00,0.000000e+00,0.000000e+00,0.000000e+00,0.000000e+00,0.000000e+00,0.000000e+00,0.000000e+00,0.000000e+00,0.000000e+00,0.000000e+00,0.000000e+00,0.000000e+00,0.000000e+00
1.000000e+00,0.000000e+00,0.000000e+00,0.000000e+00,0.000000e+00,0.000000e+00,0.000000e+00,0.000000e+00,0.000000e+00,0.000000e+00,0.000000e+00,0.000000e+00,0.000000e+00,0.000000e+00,0.000000e+00
1.000000e+00,0.000000e+00,0.000000e+00,0.000000e+00,0.000000e+00,0.000000e+00,0.000000e+00,0.000000e+00,0.000000e+00,0.000000e+00,0.000000e+00,0.000000e+00,0.000000e+00,0.000000e+00,0.000000e+00
1.000000e+00,0.000000e+00,0.000000e+00,0.000000e+00,0.000000e+00,0.000000e+00,0.000000e+00,0.000000e+00,0.000000e+00,0.000000e+00,0.000000e+00,0.000000e+00,0.000000e+00,0.000000e+00,0.000000e+00
1.000000e+00,0.000000e+00,0.000000e+00,0.000000e+00,0.000000e+00,0.000000e+00,0.000000e+00,0.000000e+00,0.000000e+00,0.000000e+00,0.000000e+00,0.000000e+00,0.000000e+00,0.000000e+00,0.000000e+00
1.000000e+00,0.000000e+00,0.000000e+00,0.000000e+00,0.000000e+00,0.000000e+00,0.000000e+00,0.000000e+00,0.000000e+00,0.000000e+00,0.000000e+00,0.000000e+00,0.000000e+00,0.000000e+00,0.000000e+00
1.000000e+00,0.000000e+00,0.000000e+00,0.000000e+00,0.000000e+00,0.000000e+00,0.000000e+00,0.000000e+00,0.000000e+00,0.000000e+00,0.000000e+00,0.000000e+00,0.000000e+00,0.000000e+00,0.000000e+00
1.000000e+00,0.000000e+00,0.000000e+00,0.000000e+00,0.000000e+00,0.000000e+00,0.000000e+00,0.000000e+00,0.000000e+00,0.000000e+00,0.000000e+00,0.000000e+00,0.000000e+00,0.000000e+00,0.000000e+00
1.000000e+00,0.000000e+00,0.000000e+00,0.000000e+00,0.000000e+00,0.000000e+00,0.000000e+00,0.000000e+00,0.000000e+00,0.000000e+00,0.000000e+00,0.000000e+00,0.000000e+00,0.000000e+00,0.000000e+00
1.000000e+00,0.000000e+00,0.000000e+00,0.000000e+00,0.000000e+00,0.000000e+00,0.000000e+00,0.000000e+00,0.000000e+00,0.000000e+00,0.000000e+00,0.000000e+00,0.000000e+00,0.000000e+00,0.000000e+00
1.000000e+00,0.000000e+00,0.000000e+00,0.000000e+00,0.000000e+00,0.000000e+00,0.000000e+00,0.000000e+00,0.000000e+00,0.000000e+00,0.000000e+00,0.000000e+00,0.000000e+00,0.000000e+00,0.000000e+00
1.000000e+00,0.000000e+00,0.000000e+00,0.000000e+00,0.000000e+00,0.000000e+00,0.000000e+00,0.000000e+00,0.000000e+00,0.000000e+00,0.000000e+00,0.000000e+00,0.000000e+00,0.000000e+00,0.000000e+00
1.000000e+00,0.000000e+00,0.000000e+00,0.000000e+00,0.000000e+00,0.000000e+00,0.000000e+00,0.000000e+00,0.000000e+00,0.000000e+00,0.000000e+00,0.000000e+00,0.000000e+00,0.000000e+00,0.000000e+00
1.000000e+00,0.000000e+00,0.000000e+00,0.000000e+00,0.000000e+00,0.000000e+00,0.000000e+00,0.000000e+00,0.000000e+00,0.000000e+00,0.000000e+00,0.000000e+00,0.000000e+00,0.000000e+00,0.000000e+00
1.000000e+00,0.000000e+00,0.000000e+00,0.000000e+00,0.000000e+00,0.000000e+00,0.000000e+00,0.000000e+00,0.000000e+00,0.000000e+00,0.000000e+00,0.000000e+00,0.000000e+00,0.000000e+00,0.000000e+00
1.000000e+00,0.000000e+00,0.000000e+00,0.000000e+00,0.000000e+00,0.000000e+00,0.000000e+00,0.000000e+00,0.000000e+00,0.000000e+00,0.000000e+00,0.000000e+00,0.000000e+00,0.000000e+00,0.000000e+00
1.000000e+00,0.000000e+00,0.000000e+00,0.000000e+00,0.000000e+00,0.000000e+00,0.000000e+00,0.000000e+00,0.000000e+00,0.000000e+00,0.000000e+00,0.000000e+00,0.000000e+00,0.000000e+00,0.000000e+00
1.000000e+00,0.000000e+00,0.000000e+00,0.000000e+00,0.000000e+00,0.000000e+00,0.000000e+00,0.000000e+00,0.000000e+00,0.000000e+00,0.000000e+00,0.000000e+00,0.000000e+00,0.000000e+00,0.000000e+00
1.000000e+00,0.000000e+00,0.000000e+00,0.000000e+00,0.000000e+00,0.000000e+00,0.000000e+00,0.000000e+00,0.000000e+00,0.000000e+00,0.000000e+00,0.000000e+00,0.000000e+00,0.000000e+00,0.000000e+00
1.000000e+00,0.000000e+00,0.000000e+00,0.000000e+00,0.000000e+00,0.000000e+00,0.000000e+00,0.000000e+00,0.000000e+00,0.000000e+00,0.000000e+00,0.000000e+00,0.000000e+00,0.000000e+00,0.000000e+00
1.000000e+00,0.000000e+00,0.000000e+00,0.000000e+00,0.000000e+00,0.000000e+00,0.000000e+00,0.000000e+00,0.000000e+00,0.000000e+00,0.000000e+00,0.000000e+00,0.000000e+00,0.000000e+00,0.000000e+00
1.000000e+00,0.000000e+00,0.000000e+00,0.000000e+00,0.000000e+00,0.000000e+00,0.000000e+00,0.000000e+00,0.000000e+00,0.000000e+00,0.000000e+00,0.000000e+00,0.000000e+00,0.000000e+00,0.000000e+00
1.000000e+00,0.000000e+00,0.000000e+00,0.000000e+00,0.000000e+00,0.000000e+00,0.000000e+00,0.000000e+00,0.000000e+00,0.000000e+00,0.000000e+00,0.000000e+00,0.000000e+00,0.000000e+00,0.000000e+00
1.000000e+00,0.000000e+00,0.000000e+00,0.000000e+00,0.000000e+00,0.000000e+00,0.000000e+00,0.000000e+00,0.000000e+00,0.000000e+00,0.000000e+00,0.000000e+00,0.000000e+00,0.000000e+00,0.000000e+00
1.000000e+00,0.000000e+00,0.000000e+00,0.000000e+00,0.000000e+00,0.000000e+00,0.000000e+00,0.000000e+00,0.000000e+00,0.000000e+00,0.000000e+00,0.000000e+00,0.000000e+00,0.000000e+00,0.000000e+00
1.000000e+00,0.000000e+00,0.000000e+00,0.000000e+00,0.000000e+00,0.000000e+00,0.000000e+00,0.000000e+00,0.000000e+00,0.000000e+00,0.000000e+00,0.000000e+00,0.000000e+00,0.000000e+00,0.000000e+00
1.000000e+00,0.000000e+00,0.000000e+00,0.000000e+00,0.000000e+00,0.000000e+00,0.000000e+00,0.000000e+00,0.000000e+00,0.000000e+00,0.000000e+00,0.000000e+00,0.000000e+00,0.000000e+00,0.000000e+00
1.000000e+00,0.000000e+00,0.000000e+00,0.000000e+00,0.000000e+00,0.000000e+00,0.000000e+00,0.000000e+00,0.000000e+00,0.000000e+00,0.000000e+00,0.000000e+00,0.000000e+00,0.000000e+00,0.000000e+00
1.000000e+00,0.000000e+00,0.000000e+00,0.000000e+00,0.000000e+00,0.000000e+00,0.000000e+00,0.000000e+00,0.000000e+00,0.000000e+00,0.000000e+00,0.000000e+00,0.000000e+00,0.000000e+00,0.000000e+00
1.000000e+00,0.000000e+00,0.000000e+00,0.000000e+00,0.000000e+00,0.000000e+00,0.000000e+00,0.000000e+00,0.000000e+00,0.000000e+00,0.000000e+00,0.000000e+00,0.000000e+00,0.000000e+00,0.000000e+00
1.000000e+00,0.000000e+00,0.000000e+00,0.000000e+00,0.000000e+00,0.000000e+00,0.000000e+00,0.000000e+00,0.000000e+00,0.000000e+00,0.000000e+00,0.000000e+00,0.000000e+00,0.000000e+00,0.000000e+00
1.000000e+00,0.000000e+00,0.000000e+00,0.000000e+00,0.000000e+00,0.000000e+00,0.000000e+00,0.000000e+00,0.000000e+00,0.000000e+00,0.000000e+00,0.000000e+00,0.000000e+00,0.000000e+00,0.000000e+00
1.000000e+00,0.000000e+00,0.000000e+00,0.000000e+00,0.000000e+00,0.000000e+00,0.000000e+00,0.000000e+00,0.000000e+00,0.000000e+00,0.000000e+00,0.000000e+00,0.000000e+00,0.000000e+00,0.000000e+00
1.000000e+00,0.000000e+00,0.000000e+00,0.000000e+00,0.000000e+00,0.000000e+00,0.000000e+00,0.000000e+00,0.000000e+00,0.000000e+00,0.000000e+00,0.000000e+00,0.000000e+00,0.000000e+00,0.000000e+00
1.000000e+00,0.000000e+00,0.000000e+00,0.000000e+00,0.000000e+00,0.000000e+00,0.000000e+00,0.000000e+00,0.000000e+00,0.000000e+00,0.000000e+00,0.000000e+00,0.000000e+00,0.000000e+00,0.000000e+00
1.000000e+00,0.000000e+00,0.000000e+00,0.000000e+00,0.000000e+00,0.000000e+00,0.000000e+00,0.000000e+00,0.000000e+00,0.000000e+00,0.000000e+00,0.000000e+00,0.000000e+00,0.000000e+00,0.000000e+00
1.000000e+00,0.000000e+00,0.000000e+00,0.000000e+00,0.000000e+00,0.000000e+00,0.000000e+00,0.000000e+00,0.000000e+00,0.000000e+00,0.000000e+00,0.000000e+00,0.000000e+00,0.000000e+00,0.000000e+00
1.000000e+00,0.000000e+00,0.000000e+00,0.000000e+00,0.000000e+00,0.000000e+00,0.000000e+00,0.000000e+00,0.000000e+00,0.000000e+00,0.000000e+00,0.000000e+00,0.000000e+00,0.000000e+00,0.000000e+00
1.000000e+00,0.000000e+00,0.000000e+00,0.000000e+00,0.000000e+00,0.000000e+00,0.000000e+00,0.000000e+00,0.000000e+00,0.000000e+00,0.000000e+00,0.000000e+00,0.000000e+00,0.000000e+00,0.000000e+00
1.000000e+00,0.000000e+00,0.000000e+00,0.000000e+00,0.000000e+00,0.000000e+00,0.000000e+00,0.000000e+00,0.000000e+00,0.000000e+00,0.000000e+00,0.000000e+00,0.000000e+00,0.000000e+00,0.000000e+00
1.000000e+00,0.000000e+00,0.000000e+00,0.000000e+00,0.000000e+00,0.000000e+00,0.000000e+00,0.000000e+00,0.000000e+00,0.000000e+00,0.000000e+00,0.000000e+00,0.000000e+00,0.000000e+00,0.000000e+00
4.893419e-01,4.745112e-02,7.151327e-02,1.620622e-01,6.501989e-02,3.550915e-02,7.710474e-03,5.326538e-02,4.629316e-03,4.251054e-03,6.415792e-03,1.241939e-02,1.792125e-02,2.525186e-03,1.996452e-02
1.000000e+00,0.000000e+00,0.000000e+00,0.000000e+00,0.000000e+00,0.000000e+00,0.000000e+00,0.000000e+00,0.000000e+00,0.000000e+00,0.000000e+00,0.000000e+00,0.000000e+00,0.000000e+00,0.000000e+00
1.000000e+00,0.000000e+00,0.000000e+00,0.000000e+00,0.000000e+00,0.000000e+00,0.000000e+00,0.000000e+00,0.000000e+00,0.000000e+00,0.000000e+00,0.000000e+00,0.000000e+00,0.000000e+00,0.000000e+00
1.000000e+00,0.000000e+00,0.000000e+00,0.000000e+00,0.000000e+00,0.000000e+00,0.000000e+00,0.000000e+00,0.000000e+00,0.000000e+00,0.000000e+00,0.000000e+00,0.000000e+00,0.000000e+00,0.000000e+00
3.857998e-01,3.420267e-02,3.712842e-02,6.892584e-02,4.142157e-02,2.780223e-02,7.664943e-03,3.613563e-02,1.931778e-01,2.810968e-02,8.719449e-03,7.514092e-03,2.852625e-02,3.870114e-03,9.100153e-02
2.733799e-01,2.465933e-02,2.603436e-02,4.838935e-02,2.997041e-02,2.021840e-02,5.381479e-03,2.548633e-02,2.717570e-01,2.473836e-02,6.937790e-03,5.329382e-03,2.232275e-02,4.307389e-03,2.110877e-01
1.924041e-01,1.780485e-02,1.825145e-02,3.392866e-02,2.120440e-02,1.425752e-02,3.779128e-03,1.792657e-02,4.352560e-01,2.115249e-02,4.961327e-03,3.743197e-03,1.593816e-02,3.963696e-03,1.954285e-01
1.415752e-01,1.301000e-02,1.283781e-02,2.381985e-02,1.507223e-02,1.059734e-02,2.707877e-03,1.259723e-02,4.771300e-01,1.530430e-02,3.791292e-03,2.657702e-03,1.158907e-02,9.529187e-03,2.477809e-01
1.163071e-01,9.826644e-03,9.187313e-03,1.686523e-02,1.077313e-02,8.753787e-03,2.069128e-03,8.949443e-03,4.168759e-01,1.153290e-02,5.539090e-03,2.035932e-03,9.303069e-03,2.949903e-02,3.424822e-01
9.186018e-02,7.405568e-03,6.626406e-03,1.198160e-02,7.670762e-03,1.155256e-02,1.717659e-03,6.453292e-03,4.186822e-01,9.877814e-03,8.470382e-03,2.436697e-03,9.037293e-03,4.293345e-02,3.632942e-01
9.387216e-02,5.735381e-03,4.760034e-03,9.161756e-03,5.604531e-03,1.089430e-02,1.605796e-03,4.817182e-03,4.117407e-01,3.712011e-02,1.575433e-02,4.771917e-03,1.192962e-02,8.064360e-02,3.015886e-01
1.656228e-01,4.988444e-03,3.484486e-03,7.304616e-03,4.450682e-03,9.467043e-03,1.495255e-03,3.808712e-03,3.216019e-01,2.881885e-02,4.014917e-02,5.167768e-03,1.769926e-02,7.717252e-02,3.087684e-01
1.788832e-01,5.340532e-03,2.550069e-03,7.240725e-03,3.269135e-03,1.130789e-02,1.230308e-03,2.893241e-03,3.040347e-01,2.419300e-02,3.474630e-02,4.825068e-03,1.642522e-02,1.210293e-01,2.820312e-01
1.714790e-01,4.499388e-03,2.073960e-03,1.129584e-02,2.443209e-03,9.894640e-03,1.118823e-03,3.762693e-03,3.274818e-01,2.148088e-02,3.397192e-02,7.340007e-03,1.857300e-02,1.408132e-01,2.437717e-01
1.233538e-01,3.446889e-03,2.703678e-03,9.657781e-03,1.859692e-03,7.034518e-03,8.049862e-04,2.832824e-03,5.046517e-01,1.604046e-02,2.482050e-02,5.602854e-03,1.588572e-02,9.953247e-02,1.817720e-01
9.155362e-02,4.158831e-03,4.109696e-03,9.804387e-03,4.039737e-03,5.689952e-03,8.422037e-04,4.039967e-03,4.629198e-01,1.307342e-02,2.975435e-02,6.584942e-03,2.249872e-02,7.968442e-02,2.612459e-01
7.077878e-02,4.651955e-03,7.539159e-03,1.212997e-02,4.571037e-03,5.009370e-03,1.267812e-03,2.312614e-02,3.717666e-01,1.066068e-02,3.316997e-02,7.250006e-03,3.379767e-02,5.963762e-02,3.546432e-01
6.577763e-02,8.771949e-03,1.944813e-02,1.921496e-02,7.203240e-03,5.849244e-03,2.519552e-03,1.127794e-01,2.979782e-01,8.992923e-03,3.047151e-02,8.025821e-03,3.469842e-02,4.462049e-02,3.336486e-01
7.571472e-02,2.042836e-02,2.946450e-02,2.355964e-02,1.441823e-02,6.741943e-03,2.734073e-03,1.651348e-01,2.431845e-01,8.219295e-03,2.647207e-02,9.062836e-03,3.357581e-02,3.347743e-02,3.078119e-01
1.068581e-01,5.552888e-02,3.816293e-02,2.213548e-02,2.807081e-02,6.735638e-03,2.605963e-03,1.492815e-01,2.177552e-01,9.998604e-03,2.046469e-02,7.922086e-03,3.729188e-02,2.511930e-02,2.720690e-01
1.265215e-01,7.340567e-02,4.947189e-02,1.918521e-02,4.603512e-02,1.117067e-02,3.796156e-03,1.196980e-01,1.939806e-01,1.288305e-02,1.601884e-02,6.380952e-03,5.280123e-02,2.029562e-02,2.483555e-01
2.068406e-01,7.900942e-02,5.073177e-02,1.992498e-02,5.602698e-02,1.552869e-02,4.996043e-03,1.013369e-01,1.508297e-01,1.513477e-02,1.266299e-02,6.125821e-03,5.740259e-02,1.598277e-02,2.074660e-01
3.192717e-01,6.747451e-02,4.214990e-02,2.002557e-02,4.475225e-02,1.546763e-02,4.686742e-03,7.480881e-02,1.142043e-01,2.104224e-02,1.143977e-02,6.407989e-03,5.044086e-02,1.381931e-02,1.940084e-01
4.338602e-01,5.643121e-02,3.270992e-02,2.308823e-02,3.389273e-02,1.779798e-02,3.838815e-03,5.415024e-02,9.103136e-02,2.193249e-02,1.099650e-02,8.499853e-03,4.167632e-02,1.119631e-02,1.588979e-01
4.442970e-01,4.702135e-02,2.488472e-02,4.571588e-02,2.677784e-02,2.129887e-02,3.445575e-03,4.494203e-02,7.185911e-02,2.367260e-02,1.846695e-02,2.769484e-02,4.816695e-02,1.096830e-02,1.407879e-01
4.845582e-01,3.947236e-02,2.102759e-02,5.904874e-02,2.388425e-02,2.100395e-02,3.594563e-03,3.928130e-02,5.439483e-02,2.081347e-02,2.913984e-02,3.564218e-02,4.643599e-02,1.097685e-02,1.107259e-01
1.000000e+00,0.000000e+00,0.000000e+00,0.000000e+00,0.000000e+00,0.000000e+00,0.000000e+00,0.000000e+00,0.000000e+00,0.000000e+00,0.000000e+00,0.000000e+00,0.000000e+00,0.000000e+00,0.000000e+00
1.000000e+00,0.000000e+00,0.000000e+00,0.000000e+00,0.000000e+00,0.000000e+00,0.000000e+00,0.000000e+00,0.000000e+00,0.000000e+00,0.000000e+00,0.000000e+00,0.000000e+00,0.000000e+00,0.000000e+00
1.000000e+00,0.000000e+00,0.000000e+00,0.000000e+00,0.000000e+00,0.000000e+00,0.000000e+00,0.000000e+00,0.000000e+00,0.000000e+00,0.000000e+00,0.000000e+00,0.000000e+00,0.000000e+00,0.000000e+00
1.000000e+00,0.000000e+00,0.000000e+00,0.000000e+00,0.000000e+00,0.000000e+00,0.000000e+00,0.000000e+00,0.000000e+00,0.000000e+00,0.000000e+00,0.000000e+00,0.000000e+00,0.000000e+00,0.000000e+00
1.000000e+00,0.000000e+00,0.000000e+00,0.000000e+00,0.000000e+00,0.000000e+00,0.000000e+00,0.000000e+00,0.000000e+00,0.000000e+00,0.000000e+00,0.000000e+00,0.000000e+00,0.000000e+00,0.000000e+00
4.420529e-01,1.819927e-02,6.898695e-02,2.287129e-02,8.531875e-03,1.563711e-02,2.482323e-03,1.153675e-02,4.409910e-02,1.672257e-02,7.345318e-02,1.922322e-02,2.492781e-02,1.199299e-01,1.113458e-01
3.361281e-01,1.493696e-02,1.623573e-01,2.047733e-02,8.902674e-03,3.062098e-02,2.781895e-03,1.864718e-02,5.814698e-02,2.328331e-02,6.972013e-02,1.608452e-02,2.453039e-02,1.058598e-01,1.075225e-01
2.563892e-01,1.342188e-02,2.079436e-01,1.762360e-02,7.677597e-03,7.767709e-02,2.711810e-03,1.580333e-02,5.601573e-02,2.522239e-02,6.585328e-02,1.300020e-02,2.314670e-02,9.708962e-02,1.204239e-01
1.939666e-01,1.099349e-02,2.182940e-01,2.088214e-02,7.850752e-03,1.724194e-01,3.505998e-03,1.491837e-02,4.821875e-02,2.473907e-02,6.089759e-02,1.016729e-02,1.932754e-02,8.470762e-02,1.091113e-01
1.442911e-01,1.784368e-02,2.300037e-01,2.041014e-02,7.080218e-03,2.538321e-01,2.596422e-03,1.196070e-02,6.184898e-02,2.091018e-02,4.498791e-02,8.334524e-03,1.822874e-02,6.225238e-02,9.541915e-02
1.081735e-01,3.384294e-02,3.501670e-01,2.479322e-02,7.356654e-03,1.991481e-01,1.894194e-03,1.091221e-02,5.884295e-02,1.739512e-02,3.340254e-02,6.834412e-03,1.825811e-02,4.487183e-02,8.410729e-02
8.619037e-02,5.661721e-02,3.970311e-01,2.149527e-02,1.396835e-02,1.451958e-01,1.525675e-03,1.669107e-02,5.257243e-02,1.657462e-02,2.478392e-02,5.199837e-03,1.455516e-02,3.698692e-02,1.106122e-01
7.545487e-02,6.206979e-02,3.621948e-01,1.846932e-02,2.271517e-02,1.036362e-01,1.244172e-03,2.247296e-02,6.286510e-02,1.608190e-02,1.866610e-02,3.824676e-03,1.091127e-02,4.053394e-02,1.788597e-01
6.920816e-02,5.631151e-02,3.891826e-01,2.269826e-02,3.870885e-02,7.591227e-02,1.322085e-03,3.434623e-02,6.887150e-02,1.557726e-02,1.393881e-02,2.919415e-03,8.634863e-03,3.878790e-02,1.635803e-01
7.511657e-02,5.766297e-02,3.591976e-01,1.882368e-02,3.694609e-02,5.600493e-02,1.362077e-03,3.124300e-02,7.976559e-02,1.387822e-02,1.030884e-02,2.277102e-03,7.648834e-03,4.459499e-02,2.051696e-01
9.117594e-02,6.159115e-02,2.936083e-01,2.112959e-02,4.234933e-02,4.443345e-02,1.852191e-03,3.229237e-02,8.510947e-02,1.463841e-02,8.487631e-03,2.189269e-03,6.397599e-03,6.404315e-02,2.307021e-01
1.232311e-01,6.399409e-02,2.305739e-01,2.258204e-02,4.879797e-02,3.702870e-02,2.840260e-03,3.773941e-02,9.534661e-02,1.901813e-02,8.722951e-03,2.687677e-03,6.331456e-03,9.555466e-02,2.055511e-01
2.053874e-01,5.753591e-02,1.681164e-01,2.793601e-02,4.064903e-02,3.530470e-02,2.552542e-03,3.185690e-02,9.655523e-02,2.590783e-02,1.022414e-02,7.566677e-03,6.586294e-03,9.165132e-02,1.921697e-01
1.489487e-01,1.173668e-01,1.291151e-01,3.397001e-02,2.999738e-02,2.851420e-02,1.928008e-03,2.262147e-02,7.798252e-02,2.883401e-02,3.003745e-02,1.513047e-02,1.000214e-02,1.003315e-01,2.252203e-01
1.375990e-01,1.045157e-01,9.810241e-02,3.226309e-02,2.226672e-02,3.608198e-02,1.774320e-03,1.676784e-02,6.603453e-02,2.405248e-02,1.054894e-01,1.860021e-02,1.124583e-02,1.409591e-01,1.842473e-01
1.359244e-01,7.949534e-02,7.559346e-02,2.754982e-02,1.665841e-02,4.042875e-02,2.336719e-03,1.381472e-02,5.542847e-02,1.830340e-02,1.386886e-01,2.085874e-02,1.247698e-02,2.276952e-01,1.347470e-01
1.009591e-01,5.925855e-02,5.507309e-02,2.085353e-02,1.238771e-02,3.317253e-02,1.917144e-03,9.859182e-03,4.513735e-02,1.398919e-02,3.126634e-01,1.783580e-02,1.048765e-02,2.097897e-01,9.661610e-02
8.975924e-02,4.305898e-02,3.940377e-02,1.534297e-02,9.498568e-03,2.569420e-02,1.719640e-03,7.236348e-03,3.763805e-02,1.087579e-02,3.834724e-01,2.134834e-02,1.007155e-02,2.357690e-01,6.911116e-02
1.513233e-01,3.179692e-02,2.781194e-02,1.241679e-02,8.320214e-03,1.928372e-02,1.773433e-03,6.099649e-03,4.072853e-02,1.302154e-02,3.917764e-01,1.996146e-02,8.739871e-03,2.177088e-01,4.923743e-02
1.325688e-01,2.273045e-02,1.970121e-02,1.504516e-02,1.090121e-02,1.438213e-02,1.759900e-03,5.950888e-03,5.860102e-02,2.195574e-02,4.399184e-01,1.696254e-02,9.126503e-03,1.927259e-01,3.767011e-02
9.521492e-02,1.653353e-02,1.394135e-02,1.485739e-02,1.101962e-02,1.203379e-02,1.327035e-03,4.874838e-03,7.987224e-02,4.043722e-02,4.585216e-01,1.536545e-02,9.037038e-03,1.961400e-01,3.082397e-02
7.094617e-02,1.288266e-02,1.021878e-02,2.101300e-02,1.196617e-02,1.015003e-02,1.091788e-03,4.789903e-03,1.167818e-01,5.116548e-02,4.742244e-01,1.431505e-02,1.029886e-02,1.663805e-01,2.377542e-02
6.500275e-02,1.262895e-02,7.847858e-03,4.583207e-02,1.022411e-02,1.755239e-02,9.302458e-04,4.591687e-03,1.136522e-01,4.099108e-02,4.942687e-01,1.619879e-02,1.514815e-02,1.347400e-01,2.039095e-02
5.114892e-02,9.849121e-03,7.771486e-03,6.672633e-02,9.421427e-03,3.381296e-02,1.253528e-03,1.522875e-02,8.888520e-02,3.792737e-02,5.123804e-01,1.792982e-02,1.999938e-02,1.112158e-01,1.644959e-02
3.705366e-02,8.905744e-03,7.002193e-03,6.663765e-02,1.140981e-02,2.550339e-02,1.052566e-03,2.181731e-02,1.572025e-01,4.453269e-02,4.690075e-01,2.010205e-02,2.168566e-02,9.460592e-02,1.348128e-02
2.673164e-02,7.554394e-03,5.552120e-03,5.724341e-02,1.034808e-02,2.253161e-02,8.229968e-04,1.851811e-02,3.342959e-01,3.549433e-02,3.670972e-01,1.540659e-02,1.642714e-02,7.121368e-02,1.076277e-02
2.031586e-02,7.754329e-03,6.211181e-03,7.717995e-02,9.615404e-03,2.018070e-02,7.972528e-04,1.570280e-02,3.061395e-01,2.962375e-02,4.108769e-01,1.341229e-02,1.887896e-02,5.252385e-02,1.078732e-02
1.586406e-02,7.770570e-03,6.594634e-03,6.597403e-02,1.266743e-02,1.971943e-02,9.399889e-04,1.209827e-02,2.457564e-01,2.380249e-02,4.866410e-01,1.925128e-02,2.801431e-02,4.260840e-02,1.229764e-02
1.700758e-02,1.029078e-02,7.759409e-03,6.513833e-02,1.266338e-02,2.126387e-02,9.669932e-04,9.968727e-03,2.301051e-01,2.096458e-02,4.475169e-01,3.324545e-02,6.011363e-02,4.277318e-02,2.022220e-02
2.606151e-02,1.760773e-02,1.224014e-02,5.497965e-02,2.271437e-02,2.080600e-02,1.602243e-03,9.075595e-03,2.102873e-01,2.386783e-02,3.913290e-01,4.413051e-02,8.714916e-02,5.065421e-02,2.749484e-02
3.928811e-02,1.992532e-02,1.493111e-02,4.638521e-02,3.941830e-02,1.923195e-02,2.440071e-03,1.128810e-02,2.066731e-01,2.994870e-02,3.430347e-01,4.480279e-02,9.731277e-02,5.368494e-02,3.163484e-02
6.308131e-02,2.296994e-02,1.567101e-02,3.667536e-02,6.409541e-02,2.222327e-02,3.344302e-03,1.988693e-02,1.756413e-01,2.631571e-02,3.098007e-01,5.274052e-02,9.259629e-02,6.027512e-02,3.468286e-02
8.901486e-02,2.217948e-02,1.340001e-02,2.865687e-02,5.658238e-02,2.206520e-02,3.936850e-03,2.593277e-02,1.688913e-01,2.288357e-02,2.615766e-01,9.974122e-02,7.910828e-02,7.042658e-02,3.560402e-02
1.261945e-01,2.223971e-02,1.100624e-02,2.295989e-02,4.401010e-02,2.113709e-02,3.796013e-03,2.517382e-02,1.875023e-01,1.770552e-02,1.986526e-01,1.425502e-01,6.371007e-02,7.997879e-02,3.338317e-02
1.334302e-01,1.882224e-02,8.997594e-03,1.758378e-02,3.278257e-02,2.035636e-02,3.614373e-03,2.769559e-02,1.593287e-01,1.365241e-02,1.634037e-01,2.464359e-01,5.847804e-02,6.779470e-02,2.762401e-02
1.215470e-01,1.485477e-02,6.900982e-03,1.357096e-02,2.484247e-02,1.879231e-02,3.486688e-03,3.401466e-02,1.266077e-01,1.084177e-02,1.333539e-01,3.491047e-01,6.472075e-02,5.583297e-02,2.152840e-02
1.320834e-01,1.438817e-02,7.355897e-03,1.152282e-02,2.015957e-02,1.933124e-02,3.171277e-03,2.729881e-02,9.473112e-02,8.858982e-03,1.226193e-01,4.120631e-01,5.428256e-02,5.162802e-02,2.050577e-02
1.566027e-01,1.660802e-02,8.002423e-03,1.213138e-02,1.863694e-02,2.212028e-02,3.385396e-03,2.339496e-02,7.657820e-02,7.931291e-03,1.097117e-01,4.338495e-01,4.928710e-02,4.176132e-02,1.999887e-02
2.433096e-01,1.901290e-02,1.177135e-02,1.750111e-02,2.847840e-02,2.087524e-02,4.553104e-03,3.232398e-02,6.230548e-02,6.952939e-03,9.837194e-02,3.562657e-01,4.353679e-02,3.622803e-02,1.851337e-02
2.732586e-01,2.926918e-02,2.146108e-02,3.145938e-02,2.836986e-02,2.036949e-02,4.855233e-03,6.476665e-02,5.811406e-02,5.877919e-03,8.403289e-02,2.915465e-01,3.554596e-02,3.066224e-02,2.041085e-02
2.316603e-01,2.797333e-02,4.975796e-02,3.837174e-02,2.441173e-02,1.917247e-02,5.943758e-03,1.751565e-01,4.794866e-02,5.000412e-03,6.458235e-02,2.375231e-01,2.902935e-02,2.604599e-02,1.742238e-02
1.763224e-01,3.126861e-02,1.969587e-01,2.989458e-02,1.887837e-02,1.669321e-02,1.422717e-02,2.009172e-01,3.848549e-02,3.941573e-03,4.589550e-02,1.689332e-01,2.421509e-02,1.863312e-02,1.473581e-02
1.306941e-01,2.731337e-02,2.854893e-01,2.191891e-02,1.487253e-02,1.293708e-02,6.668496e-02,2.042891e-01,3.394002e-02,3.131912e-03,3.232923e-02,1.193517e-01,2.189339e-02,1.312975e-02,1.202461e-02
1.073722e-01,5.245763e-02,2.666099e-01,1.990618e-02,2.054629e-02,1.422981e-02,6.924297e-02,1.954777e-01,8.974501e-02,3.834048e-03,2.469589e-02,8.591022e-02,2.638792e-02,9.381436e-03,1.420276e-02
8.653522e-02,5.962178e-02,2.127380e-01,1.630613e-02,2.763818e-02,1.530647e-02,7.525849e-02,1.878037e-01,1.820855e-01,5.396751e-03,2.024205e-02,6.275760e-02,2.681877e-02,7.414742e-03,1.407669e-02
6.700281e-02,5.252199e-02,1.950868e-01,1.260958e-02,3.027265e-02,1.368933e-02,1.011740e-01,1.784742e-01,1.869054e-01,1.457672e-02,2.394250e-02,4.803079e-02,4.664374e-02,6.179271e-03,2.289023e-02
5.916163e-02,4.947078e-02,1.748513e-01,1.544770e-02,5.838933e-02,1.991284e-02,9.969170e-02,1.436129e-01,2.271951e-01,1.463388e-02,2.019939e-02,3.493915e-02,5.349553e-02,4.911947e-03,2.408674e-02
5.475507e-02,4.934411e-02,1.815852e-01,1.873192e-02,8.703902e-02,2.986754e-02,1.005186e-01,1.140899e-01,2.274169e-01,1.597832e-02,1.717275e-02,2.632727e-02,5.147721e-02,3.614551e-03,2.208152e-02
5.026531e-02,4.867203e-02,1.797531e-01,2.524309e-02,8.176553e-02,6.270829e-02,8.354970e-02,9.048836e-02,2.415836e-01,1.827067e-02,1.867739e-02,2.016584e-02,5.304848e-02,2.594086e-03,2.321457e-02
5.150479e-02,4.501870e-02,1.966937e-01,2.503122e-02,6.435191e-02,1.054735e-01,6.495241e-02,6.622686e-02,2.010432e-01,5.286818e-02,2.751107e-02,1.834462e-02,4.124362e-02,2.053229e-03,3.768301e-02
5.233249e-02,5.071342e-02,1.881557e-01,2.098545e-02,5.536720e-02,1.108652e-01,5.368607e-02,5.254944e-02,1.893540e-01,6.761466e-02,4.773380e-02,1.549887e-02,3.539244e-02,2.088579e-03,5.766278e-02
7.079421e-02,4.147928e-02,1.895472e-01,1.883927e-02,5.203013e-02,1.316716e-01,3.844928e-02,4.864556e-02,1.619828e-01,5.688664e-02,5.867188e-02,1.426266e-02,3.001493e-02,3.327020e-03,8.339752e-02
6.395365e-02,3.307792e-02,1.410953e-01,1.464046e-02,3.925773e-02,2.979108e-01,2.723879e-02,3.516418e-02,1.170916e-01,5.924294e-02,5.771328e-02,1.159579e-02,2.385573e-02,3.710669e-03,7.445121e-02
4.865661e-02,2.470526e-02,1.049988e-01,1.145528e-02,2.794385e-02,4.384170e-01,1.923265e-02,2.470621e-02,8.288352e-02,5.960000e-02,4.804794e-02,1.977566e-02,3.090438e-02,2.897760e-03,5.577507e-02
3.448087e-02,1.784545e-02,7.359912e-02,8.131357e-03,1.961135e-02,4.093641e-01,1.347624e-02,1.735045e-02,5.841220e-02,1.515577e-01,5.790832e-02,4.753522e-02,4.122783e-02,2.868603e-03,4.663118e-02
2.520518e-02,1.369421e-02,5.435321e-02,7.324726e-03,1.407200e-02,3.056370e-01,9.475227e-03,1.294909e-02,4.356607e-02,1.985544e-01,8.310667e-02,1.281253e-01,5.338105e-02,3.412314e-03,4.714356e-02
1.959850e-02,1.014556e-02,4.095455e-02,6.393448e-03,1.096577e-02,2.521955e-01,6.820624e-03,1.007766e-02,3.296475e-02,2.547554e-01,8.670160e-02,1.791884e-01,4.165179e-02,5.444981e-03,4.214158e-02
1.444266e-02,8.727296e-03,4.265086e-02,6.832449e-03,1.523564e-02,1.909589e-01,4.864923e-03,7.571260e-03,3.000590e-02,1.988923e-01,1.057993e-01,3.018584e-01,3.065307e-02,1.037304e-02,3.113399e-02
1.029862e-02,9.405943e-03,3.277444e-02,5.041459e-03,1.243906e-02,1.384358e-01,3.462571e-03,5.491361e-03,3.645974e-02,1.776495e-01,1.151842e-01,3.060166e-01,2.348628e-02,4.460581e-02,7.924867e-02
7.643407e-03,2.722666e-02,4.788151e-02,4.822340e-03,1.200451e-02,1.009150e-01,2.500456e-03,6.251059e-03,5.025643e-02,1.583126e-01,1.033397e-01,2.583683e-01,3.448401e-02,4.887296e-02,1.371210e-01
6.376050e-03,4.955199e-02,7.696660e-02,8.376623e-03,1.560736e-02,7.721248e-02,1.820795e-03,5.831331e-03,4.970621e-02,1.593388e-01,8.504065e-02,2.185097e-01,3.198128e-02,5.317625e-02,1.605039e-01
5.474328e-03,1.148706e-01,1.203950e-01,8.706359e-03,3.709848e-02,6.148493e-02,1.501927e-03,6.755067e-03,1.213928e-01,1.183407e-01,6.485606e-02,1.573956e-01,2.346161e-02,4.017071e-02,1.180959e-01
5.892958e-03,1.839706e-01,1.603885e-01,1.210749e-02,3.380854e-02,4.511568e-02,1.358966e-03,7.720457e-03,1.472597e-01,9.459064e-02,5.032548e-02,1.144619e-01,1.931123e-02,3.187911e-02,9.180872e-02
6.956044e-03,2.466745e-01,1.466013e-01,1.795529e-02,3.995556e-02,3.730791e-02,1.365320e-03,8.441446e-03,1.706767e-01,8.960086e-02,3.985581e-02,8.251526e-02,1.843395e-02,2.412479e-02,6.953515e-02
6.423723e-03,2.932911e-01,1.125216e-01,2.365208e-02,3.829770e-02,3.621226e-02,1.022596e-03,8.145762e-03,1.850650e-01,8.125836e-02,3.199715e-02,5.891907e-02,1.651390e-02,2.564153e-02,8.103817e-02
9.126058e-03,3.492503e-01,9.087467e-02,2.159495e-02,3.183090e-02,2.964198e-02,8.302813e-04,7.936264e-03,1.816933e-01,6.871602e-02,2.560036e-02,4.204740e-02,1.573600e-02,3.531905e-02,8.980247e-02
1.208858e-02,3.463488e-01,7.852419e-02,2.054470e-02,2.606717e-02,2.596964e-02,8.634909e-04,1.141188e-02,1.959163e-01,5.175931e-02,2.187462e-02,3.061444e-02,1.685054e-02,6.516869e-02,9.599768e-02
1.281860e-02,2.903934e-01,7.121603e-02,3.179771e-02,2.128845e-02,2.456581e-02,7.029552e-04,1.086216e-02,2.210796e-01,4.394297e-02,1.790526e-02,2.180624e-02,1.293214e-02,5.851903e-02,1.601696e-01
1.984795e-02,2.697825e-01,1.102714e-01,3.330881e-02,3.666803e-02,2.127279e-02,8.632336e-04,1.881705e-02,2.027071e-01,3.904396e-02,1.444997e-02,1.557984e-02,1.071491e-02,5.058190e-02,1.560907e-01
5.100047e-02,2.666538e-01,1.046579e-01,2.908361e-02,5.884223e-02,2.505566e-02,9.681077e-04,1.772256e-02,1.820643e-01,3.235342e-02,1.153953e-02,1.138638e-02,9.574931e-03,4.417313e-02,1.549239e-01
1.029436e-01,2.252285e-01,9.017704e-02,3.359012e-02,8.794167e-02,2.895930e-02,1.325986e-03,4.884423e-02,1.473391e-01,2.535010e-02,9.820430e-03,8.707183e-03,8.333362e-03,3.912699e-02,1.423124e-01
1.007185e-01,1.900239e-01,1.214862e-01,4.838804e-02,1.423599e-01,3.548252e-02,2.138289e-03,6.189904e-02,1.196590e-01,1.901018e-02,7.842090e-03,6.628313e-03,6.914044e-03,3.101454e-02,1.064354e-01
1.042826e-01,1.967344e-01,1.284569e-01,4.214898e-02,1.731431e-01,3.713338e-02,2.634925e-03,6.636862e-02,1.053771e-01,1.435503e-02,6.359257e-03,5.290172e-03,6.157550e-03,2.753661e-02,8.402130e-02
1.040558e-01,1.765913e-01,1.175831e-01,5.951042e-02,1.893158e-01,5.836245e-02,4.924503e-03,9.118892e-02,8.086438e-02,1.132585e-02,5.907116e-03,5.093804e-03,5.595939e-03,2.172084e-02,6.795983e-02
1.903587e-01,1.407546e-01,8.918427e-02,6.570207e-02,1.573588e-01,4.840929e-02,4.693904e-03,8.291656e-02,8.122560e-02,1.518276e-02,8.947143e-03,7.057254e-03,7.644252e-03,2.194042e-02,7.862449e-02
2.252157e-01,1.162743e-01,7.110335e-02,1.197792e-01,1.248942e-01,4.035167e-02,3.913493e-03,7.097802e-02,8.637099e-02,1.297260e-02,8.699983e-03,8.688581e-03,8.053806e-03,1.618298e-02,8.652127e-02
3.371974e-01,9.363188e-02,6.760832e-02,1.077781e-01,1.010068e-01,3.421889e-02,4.346465e-03,5.589788e-02,7.311776e-02,1.023795e-02,9.558010e-03,1.087036e-02,8.511846e-03,1.478454e-02,7.123382e-02
4.441443e-01,8.015765e-02,5.593075e-02,9.214203e-02,7.596567e-02,2.778336e-02,3.641498e-03,4.256294e-02,6.099602e-02,8.186148e-03,9.502601e-03,1.198554e-02,8.284428e-03,1.405226e-02,6.466480e-02
1.000000e+00,0.000000e+00,0.000000e+00,0.000000e+00,0.000000e+00,0.000000e+00,0.000000e+00,0.000000e+00,0.000000e+00,0.000000e+00,0.000000e+00,0.000000e+00,0.000000e+00,0.000000e+00,0.000000e+00
1.000000e+00,0.000000e+00,0.000000e+00,0.000000e+00,0.000000e+00,0.000000e+00,0.000000e+00,0.000000e+00,0.000000e+00,0.000000e+00,0.000000e+00,0.000000e+00,0.000000e+00,0.000000e+00,0.000000e+00
4.363123e-01,5.987800e-02,4.610865e-02,1.801448e-01,3.075138e-02,1.265679e-02,1.764417e-03,1.959843e-02,9.683757e-02,5.762912e-03,1.183823e-02,7.417381e-03,7.083951e-03,1.075346e-02,7.309172e-02
3.972953e-01,4.926904e-02,1.246229e-01,1.921012e-01,2.289292e-02,1.010772e-02,1.507584e-03,1.570711e-02,8.076187e-02,5.281231e-03,1.113148e-02,7.435257e-03,6.640020e-03,9.136258e-03,6.610999e-02
3.256562e-01,3.807383e-02,1.218679e-01,1.630992e-01,1.695150e-02,7.979203e-03,1.167939e-03,1.216761e-02,1.085762e-01,6.400948e-03,1.337366e-02,6.113805e-03,5.582208e-03,2.542933e-02,1.475603e-01
3.554352e-01,3.391633e-02,9.855282e-02,1.192783e-01,1.342626e-02,7.140526e-03,1.128133e-03,9.700466e-03,9.731706e-02,5.431514e-03,1.157629e-02,5.889104e-03,4.946877e-03,6.451292e-02,1.717481e-01
3.134914e-01,3.077654e-02,7.533298e-02,8.842327e-02,9.830912e-03,5.813084e-03,9.738249e-04,7.350468e-03,9.281120e-02,7.216293e-03,9.146862e-03,5.170397e-03,3.972901e-03,1.090170e-01,2.406729e-01
2.572818e-01,2.443594e-02,5.658004e-02,6.340296e-02,7.458239e-03,4.877272e-03,8.018844e-04,5.331755e-03,1.011447e-01,6.566421e-03,6.993869e-03,3.925130e-03,3.257805e-03,1.479451e-01,3.099971e-01
2.527050e-01,2.396198e-02,4.624980e-02,4.646267e-02,6.690622e-03,9.139260e-03,1.243147e-03,4.533682e-03,1.108275e-01,9.063956e-03,7.903285e-03,3.756219e-03,2.816271e-03,1.811689e-01,2.934777e-01
2.180458e-01,1.919146e-02,3.372099e-02,3.295356e-02,5.420709e-03,7.060431e-03,1.108664e-03,3.289078e-03,9.601290e-02,1.327567e-02,7.730001e-03,3.430380e-03,2.718278e-03,3.089120e-01,2.471301e-01
1.766329e-01,1.439032e-02,2.813255e-02,2.341488e-02,4.329818e-03,6.023029e-03,9.617976e-04,2.456045e-03,7.378022e-02,5.579604e-02,1.137577e-02,3.077197e-03,2.505216e-03,4.015768e-01,1.955474e-01
1.313669e-01,1.089494e-02,2.233817e-02,1.665985e-02,3.391064e-03,6.133214e-03,8.005657e-04,2.050057e-03,6.849544e-02,1.930860e-01,1.573410e-02,4.074396e-03,3.804108e-03,3.665405e-01,1.546308e-01
9.905143e-02,1.206572e-02,2.030881e-02,1.241205e-02,3.594147e-03,8.851175e-03,1.460959e-03,2.528164e-03,1.156289e-01,2.099969e-01,3.137027e-02,6.654409e-03,5.718313e-03,3.342819e-01,1.360769e-01
7.346601e-02,4.132192e-02,1.569322e-02,9.176143e-03,4.599831e-03,3.901953e-02,1.281687e-03,2.256694e-03,2.556961e-01,1.645940e-01,2.420616e-02,6.481969e-03,1.351535e-02,2.402067e-01,1.084848e-01
5.711595e-02,5.054398e-02,1.254619e-02,7.035001e-03,8.161665e-03,3.935401e-02,1.261453e-03,2.530343e-03,3.252721e-01,1.680574e-01,1.902865e-02,5.297181e-03,1.149366e-02,1.911187e-01,1.011838e-01
4.804412e-02,1.178468e-01,1.359135e-02,1.101131e-02,9.658597e-03,3.704555e-02,1.013326e-03,6.894937e-03,3.215561e-01,1.775970e-01,1.473705e-02,4.596516e-03,9.804631e-03,1.358887e-01,9.071404e-02
8.755262e-02,1.263868e-01,1.102765e-02,1.623870e-02,3.057306e-02,3.940666e-02,8.929871e-04,1.375194e-02,2.970844e-01,1.381726e-01,1.201434e-02,3.895480e-03,8.636645e-03,9.991951e-02,1.144467e-01
1.010068e-01,1.250110e-01,1.077104e-02,3.503836e-02,3.655893e-02,3.478622e-02,8.116797e-04,3.935924e-02,2.652832e-01,1.117630e-01,1.031387e-02,3.402085e-03,8.392662e-03,7.127047e-02,1.462315e-01
1.439548e-01,1.416640e-01,8.530410e-03,2.946658e-02,4.075592e-02,3.184161e-02,1.078920e-03,3.589062e-02,2.569647e-01,8.754747e-02,8.526492e-03,3.480363e-03,1.229076e-02,5.173483e-02,1.462725e-01
1.734602e-01,1.404228e-01,6.754742e-03,2.539920e-02,4.986738e-02,3.454386e-02,1.227156e-03,4.374666e-02,2.590426e-01,6.425908e-02,9.570370e-03,6.101450e-03,1.757239e-02,3.837217e-02,1.296599e-01
2.020852e-01,1.180586e-01,6.449960e-03,2.999836e-02,4.131085e-02,5.363166e-02,2.544833e-03,4.184367e-02,2.231279e-01,4.702303e-02,9.580982e-03,3.508430e-02,3.059984e-02,3.040827e-02,1.282526e-01
1.928961e-01,8.815783e-02,5.758844e-03,3.730389e-02,3.507508e-02,6.146667e-02,5.617585e-03,3.177028e-02,1.802632e-01,3.402945e-02,1.469433e-02,7.277262e-02,9.966768e-02,2.725016e-02,1.132762e-01
1.920512e-01,6.630783e-02,6.110470e-03,3.845681e-02,2.930556e-02,6.428594e-02,1.127614e-02,2.548881e-02,1.458059e-01,2.512769e-02,1.984083e-02,9.330861e-02,1.556758e-01,2.669325e-02,1.002653e-01
1.734453e-01,5.246450e-02,7.896775e-03,2.842693e-02,2.234558e-02,4.723332e-02,8.021443e-03,1.809205e-02,1.323816e-01,1.985146e-02,2.969442e-02,8.888273e-02,2.732931e-01,2.111075e-02,7.686009e-02
1.857854e-01,3.966349e-02,6.095014e-03,2.218382e-02,1.845165e-02,4.130147e-02,6.979467e-03,1.317045e-02,1.082447e-01,1.681792e-02,3.185257e-02,2.031028e-01,2.321914e-01,1.821704e-02,5.594287e-02
1.818334e-01,2.942577e-02,4.650310e-03,1.634845e-02,1.428555e-02,3.151829e-02,5.595441e-03,9.631730e-03,8.967476e-02,1.825438e-02,3.801424e-02,3.013198e-01,2.002041e-01,1.798786e-02,4.125594e-02
1.599103e-01,2.611998e-02,8.064306e-03,1.309825e-02,1.610455e-02,2.722669e-02,4.800270e-03,7.256024e-03,8.596738e-02,2.337385e-02,4.357612e-02,3.634381e-01,1.739318e-01,1.697172e-02,3.016070e-02
1.776400e-01,3.670919e-02,3.380819e-02,1.098476e-02,1.523241e-02,2.031248e-02,3.681185e-03,6.122211e-03,8.194581e-02,2.292471e-02,5.203451e-02,3.681085e-01,1.331407e-01,1.486861e-02,2.248679e-02
1.866309e-01,2.813316e-02,1.574461e-01,1.175753e-02,2.097649e-02,1.744264e-02,4.589288e-03,1.157647e-02,6.714281e-02,2.404469e-02,5.796067e-02,2.851151e-01,9.899877e-02,1.170856e-02,1.647691e-02
3.354925e-01,2.182189e-02,1.448504e-01,1.826861e-02,1.768651e-02,1.982349e-02,3.965644e-03,9.445512e-03,4.923370e-02,2.565478e-02,4.816571e-02,2.124251e-01,7.101912e-02,9.027275e-03,1.311975e-02
4.005366e-01,1.974595e-02,1.565123e-01,2.409573e-02,1.528420e-02,2.774318e-02,3.157568e-03,7.477496e-03,3.706460e-02,2.394135e-02,4.644860e-02,1.590589e-01,5.177671e-02,9.851702e-03,1.730518e-02
4.386831e-01,1.677257e-02,1.551605e-01,4.840248e-02,1.471840e-02,3.045261e-02,3.396029e-03,7.199210e-03,3.466438e-02,1.906454e-02,4.161417e-02,1.231076e-01,4.065371e-02,8.142441e-03,1.796836e-02
3.477930e-01,1.618779e-02,2.580659e-01,5.034673e-02,1.366193e-02,3.896375e-02,2.922181e-03,5.492008e-03,3.562228e-02,2.006814e-02,4.748403e-02,9.340886e-02,4.270409e-02,7.240397e-03,2.003893e-02
2.562909e-01,3.321385e-02,1.973543e-01,1.163561e-01,1.411758e-02,3.779776e-02,2.956392e-03,5.586716e-03,5.628315e-02,2.098983e-02,7.208852e-02,1.072940e-01,5.054640e-02,6.837544e-03,2.228696e-02
2.007179e-01,3.373485e-02,1.450313e-01,1.088291e-01,1.352806e-02,3.212778e-02,2.944978e-03,4.775222e-03,6.831455e-02,2.278071e-02,1.141108e-01,1.509191e-01,6.567658e-02,8.307596e-03,2.820153e-02
1.463236e-01,2.991972e-02,1.075227e-01,2.303935e-01,1.190695e-02,2.405739e-02,2.223890e-03,4.149890e-03,6.706680e-02,7.434379e-02,1.050204e-01,1.108583e-01,5.479195e-02,7.009977e-03,2.441115e-02
1.417085e-01,4.840888e-02,7.647921e-02,1.902659e-01,1.282785e-02,2.112926e-02,2.058984e-03,5.517844e-03,9.089480e-02,1.409779e-01,1.007992e-01,9.150770e-02,4.192830e-02,7.190655e-03,2.830496e-02
1.614657e-01,4.977578e-02,5.499564e-02,1.477284e-01,2.208606e-02,1.928174e-02,2.007939e-03,9.231400e-03,9.841182e-02,2.125267e-01,7.799455e-02,7.821099e-02,3.219908e-02,6.424754e-03,2.765951e-02
2.016751e-01,5.164483e-02,4.174266e-02,1.168577e-01,3.236354e-02,1.979199e-02,2.521479e-03,2.566579e-02,1.026202e-01,2.155503e-01,6.352553e-02,6.743670e-02,2.388734e-02,8.689385e-03,2.602734e-02
2.458899e-01,4.518852e-02,3.292366e-02,8.926437e-02,3.800078e-02,1.852322e-02,3.230868e-03,4.018863e-02,9.029227e-02,2.446945e-01,4.717962e-02,5.401913e-02,1.878796e-02,8.781844e-03,2.303469e-02
2.380413e-01,4.238953e-02,2.563610e-02,6.573580e-02,4.695419e-02,1.597620e-02,3.810820e-03,7.178601e-02,9.394585e-02,2.771873e-01,3.440674e-02,4.056619e-02,1.634368e-02,8.456075e-03,1.876422e-02
2.205552e-01,4.226264e-02,1.982853e-02,4.768328e-02,6.062688e-02,1.486353e-02,3.574403e-03,1.112620e-01,1.073817e-01,2.770717e-01,2.541934e-02,2.963564e-02,1.533415e-02,9.141738e-03,1.535925e-02
2.358582e-01,3.973523e-02,1.531833e-02,3.566673e-02,5.479252e-02,1.308918e-02,4.022102e-03,1.546321e-01,9.955424e-02,2.679153e-01,1.943205e-02,2.255338e-02,1.469448e-02,9.688887e-03,1.304725e-02
2.325711e-01,3.675518e-02,1.228697e-02,2.656227e-02,4.438597e-02,1.130568e-02,5.347759e-03,1.887793e-01,8.641166e-02,2.894463e-01,1.465962e-02,1.772023e-02,1.301752e-02,9.528527e-03,1.122201e-02
2.205289e-01,3.767291e-02,9.532914e-03,1.963250e-02,3.592924e-02,9.049193e-03,4.871832e-03,2.022126e-01,7.694918e-02,3.298828e-01,1.090887e-02,1.344955e-02,1.106909e-02,8.266474e-03,1.004398e-02
2.406306e-01,4.143228e-02,7.545083e-03,1.434656e-02,2.810446e-02,7.401375e-03,4.411358e-03,2.091354e-01,6.956792e-02,3.334476e-01,8.145168e-03,1.031224e-02,8.649947e-03,7.059213e-03,9.810772e-03
2.654449e-01,6.748386e-02,6.442126e-03,1.077495e-02,2.155812e-02,6.174440e-03,3.953157e-03,2.009675e-01,7.321870e-02,3.050910e-01,6.323582e-03,8.357350e-03,6.486463e-03,6.247424e-03,1.147644e-02
3.035191e-01,6.081795e-02,5.314317e-03,8.057360e-03,1.680183e-02,5.446640e-03,3.510715e-03,1.649482e-01,7.469332e-02,3.227031e-01,5.174933e-03,7.409318e-03,4.998047e-03,5.109644e-03,1.149557e-02
4.119233e-01,5.206884e-02,5.268509e-03,6.385824e-03,1.434781e-02,5.492364e-03,3.221099e-03,1.243668e-01,6.705361e-02,2.763674e-01,4.520231e-03,7.369709e-03,4.001653e-03,4.453738e-03,1.315908e-02
4.793600e-01,4.235591e-02,4.727766e-03,5.031854e-03,1.263246e-02,5.217009e-03,3.241408e-03,1.051411e-01,6.342162e-02,2.492721e-01,3.949200e-03,6.519150e-03,3.293084e-03,4.077661e-03,1.175956e-02
