1.000000e+00,0.000000e+00,0.000000e+00,0.000000e+00,0.000000e+00,0.000000e+00,0.000000e+00,0.000000e+00,0.000000e+00,0.000000e+00,0.000000e+00,0.000000e+00,0.000000e+00,0.000000e+00,0.000000e+00
1.000000e+00,0.000000e+00,0.000000e+00,0.000000e+00,0.000000e+00,0.000000e+00,0.000000e+00,0.000000e+00,0.000000e+00,0.000000e+00,0.000000e+00,0.000000e+00,0.000000e+00,0.000000e+00,0.000000e+00
1.000000e+00,0.000000e+00,0.000000e+00,0.000000e+00,0.000000e+00,0.000000e+00,0.000000e+00,0.000000e+00,0.000000e+00,0.000000e+00,0.000000e+00,0.000000e+00,0.000000e+00,0.000000e+00,0.000000e+00
1.000000e+00,0.000000e+00,0.000000e+00,0.000000e+00,0.000000e+00,0.000000e+00,0.000000e+00,0.000000e+00,0.000000e+00,0.000000e+00,0.000000e+00,0.000000e+00,0.000000e+00,0.000000e+00,0.000000e+00
1.000000e+00,0.000000e+00,0.000000e+00,0.000000e+00,0.000000e+00,0.000000e+00,0.000000e+00,0.000000e+00,0.000000e+00,0.000000e+00,0.000000e+00,0.000000e+00,0.000000e+00,0.000000e+00,0.000000e+00
1.000000e+00,0.000000e+00,0.000000e+00,0.000000e+00,0.000000e+00,0.000000e+00,0.000000e+00,0.000000e+00,0.000000e+00,0.000000e+00,0.000000e+00,0.000000e+00,0.000000e+00,0.000000e+00,0.000000e+00
1.000000e+00,0.000000e+00,0.000000e+00,0.000000e+00,0.000000e+00,0.000000e+00,0.000000e+00,0.000000e+00,0.000000e+00,0.000000e+00,0.000000e+00,0.000000e+00,0.000000e+00,0.000000e+00,0.000000e+00
1.000000e+00,0.000000e+00,0.000000e+00,0.000000e+00,0.000000e+00,0.000000e+00,0.000000e+00,0.000000e+00,0.000000e+00,0.000000e+00,0.000000e+00,0.000000e+00,0.000000e+00,0.000000e+00,0.000000e+00
1.000000e+00,0.000000e+00,0.000000e+00,0.000000e+00,0.000000e+00,0.000000e+00,0.000000e+00,0.000000e+00,0.000000e+00,0.000000e+00,0.000000e+00,0.000000e+00,0.000000e+00,0.000000e+00,0.000000e+00
1.000000e+00,0.000000e+00,0.000000e+00,0.000000e+00,0.000000e+00,0.000000e+00,0.000000e+00,0.000000e+00,0.000000e+00,0.000000e+00,0.000000e+00,0.000000e+00,0.000000e+00,0.000000e+00,0.000000e+00
1.000000e+00,0.000000e+00,0.000000e+00,0.000000e+00,0.000000e+00,0.000000e+00,0.000000e+00,0.000000e+00,0.000000e+00,0.000000e+00,0.000000e+00,0.000000e+00,0.000000e+00,0.000000e+00,0.000000e+00
1.000000e+00,0.000000e+00,0.000000e+00,0.000000e+00,0.000000e+00,0.000000e+00,0.000000e+00,0.000000e+00,0.000000e+00,0.000000e+00,0.000000e+00,0.000000e+00,0.000000e+00,0.000000e+00,0.000000e+00
1.000000e+00,0.000000e+00,0.000000e+00,0.000000e+00,0.000000e+00,0.000000e+00,0.000000e+00,0.000000e+00,0.000000e+00,0.000000e+00,0.000000e+00,0.000000e+00,0.000000e+00,0.000000e+00,0.000000e+00
1.000000e+00,0.000000e+00,0.000000e+00,0.000000e+00,0.000000e+00,0.000000e+00,0.000000e+00,0.000000e+00,0.000000e+00,0.000000e+00,0.000000e+00,0.000000e+00,0.000000e+00,0.000000e+00,0.000000e+00
1.000000e+00,0.000000e+00,0.000000e+00,0.000000e+00,0.000000e+00,0.000000e+00,0.000000e+00,0.000000e+00,0.000000e+00,0.000000e+00,0.000000e+00,0.000000e+00,0.000000e+00,0.000000e+00,0.000000e+00
1.000000e+00,0.000000e+00,0.000000e+00,0.000000e+00,0.000000e+00,0.000000e+00,0.000000e+00,0.000000e+00,0.000000e+00,0.000000e+00,0.000000e+00,0.000000e+00,0.000000e+00,0.000000e+00,0.000000e+00
1.000000e+00,0.000000e+00,0.000000e+00,0.000000e+00,0.000000e+00,0.000000e+00,0.000000e+00,0.000000e+00,0.000000e+00,0.000000e+00,0.000000e+00,0.000000e+00,0.000000e+00,0.000000e+00,0.000000e+00
1.000000e+00,0.000000e+00,0.000000e+00,0.000000e+00,0.000000e+00,0.000000e+00,0.000000e+00,0.000000e+00,0.000000e+00,0.000000e+00,0.000000e+00,0.000000e+00,0.000000e+00,0.000000e+00,0.000000e+00
1.000000e+00,0.000000e+00,0.000000e+00,0.000000e+00,0.000000e+00,0.000000e+00,0.000000e+00,0.000000e+00,0.000000e+00,0.000000e+00,0.000000e+00,0.000000e+00,0.000000e+00,0.000000e+00,0.000000e+00
1.000000e+00,0.000000e+00,0.000000e+00,0.000000e+00,0.000000e+00,0.000000e+00,0.000000e+00,0.000000e+00,0.000000e+00,0.000000e+00,0.000000e+00,0.000000e+00,0.000000e+00,0.000000e+00,0.000000e+00
1.000000e+00,0.000000e+00,0.000000e+00,0.000000e+00,0.000000e+00,0.000000e+00,0.000000e+00,0.000000e+00,0.000000e+00,0.000000e+00,0.000000e+00,0.000000e+00,0.000000e+00,0.000000e+00,0.000000e+00
1.000000e+00,0.000000e+00,0.000000e+00,0.000000e+00,0.000000e+00,0.000000e+00,0.000000e+00,0.000000e+00,0.000000e+00,0.000000e+00,0.000000e+00,0.000000e+00,0.000000e+00,0.000000e+00,0.000000e+00
1.000000e+00,0.000000e+00,0.000000e+00,0.000000e+00,0.000000e+00,0.000000e+00,0.000000e+00,0.000000e+00,0.000000e+00,0.000000e+00,0.000000e+00,0.000000e+00,0.000000e+00,0.000000e+00,0.000000e+00
1.000000e+00,0.000000e+00,0.000000e+00,0.000000e+00,0.000000e+00,0.000000e+00,0.000000e+00,0.000000e+00,0.000000e+00,0.000000e+00,0.000000e+00,0.000000e+00,0.000000e+00,0.000000e+00,0.000000e+00
1.000000e+00,0.000000e+00,0.000000e+00,0.000000e+00,0.000000e+00,0.000000e+00,0.000000e+00,0.000000e+00,0.000000e+00,0.000000e+00,0.000000e+00,0.000000e+00,0.000000e+00,0.000000e+00,0.000000e+00
1.000000e+00,0.000000e+00,0.000000e+00,0.000000e+00,0.000000e+00,0.000000e+00,0.000000e+00,0.000000e+00,0.000000e+00,0.000000e+00,0.000000e+00,0.000000e+00,0.000000e+00,0.000000e+00,0.000000e+00
1.000000e+00,0.000000e+00,0.000000e+00,0.000000e+00,0.000000e+00,0.000000e+00,0.000000e+00,0.000000e+00,0.000000e+00,0.000000e+00,0.000000e+00,0.000000e+00,0.000000e+00,0.000000e+00,0.000000e+00
1.000000e+00,0.000000e+00,0.000000e+00,0.000000e+00,0.000000e+00,0.000000e+00,0.000000e+00,0.000000e+00,0.000000e+00,0.000000e+00,0.000000e+00,0.000000e+00,0.000000e+00,0.000000e+00,0.000000e+00
1.000000e+00,0.000000e+00,0.000000e+00,0.000000e+00,0.000000e+00,0.000000e+00,0.000000e+00,0.000000e+00,0.000000e+00,0.000000e+00,0.000000e+00,0.000000e+00,0.000000e+00,0.000000e+00,0.000000e+00
1.000000e+00,0.000000e+00,0.000000e+00,0.000000e+00,0.000000e+00,0.000000e+00,0.000000e+00,0.000000e+00,0.000000e+00,0.000000e+00,0.000000e+00,0.000000e+00,0.000000e+00,0.000000e+00,0.000000e+00
1.000000e+00,0.000000e+00,0.000000e+00,0.000000e+00,0.000000e+00,0.000000e+00,0.000000e+00,0.000000e+00,0.000000e+00,0.000000e+00,0.000000e+00,0.000000e+00,0.000000e+00,0.000000e+00,0.000000e+00
1.000000e+00,0.000000e+00,0.000000e+00,0.000000e+00,0.000000e+00,0.000000e+00,0.000000e+00,0.000000e+00,0.000000e+00,0.000000e+00,0.000000e+00,0.000000e+00,0.000000e+00,0.000000e+00,0.000000e+00
1.000000e+00,0.000000e+00,0.000000e+00,0.000000e+00,0.000000e+00,0.000000e+00,0.000000e+00,0.000000e+00,0.000000e+00,0.000000e+00,0.000000e+00,0.000000e+00,0.000000e+00,0.000000e+00,0.000000e+00
1.000000e+00,0.000000e+00,0.000000e+00,0.000000e+00,0.000000e+00,0.000000e+00,0.000000e+00,0.000000e+00,0.000000e+00,0.000000e+00,0.000000e+00,0.000000e+00,0.000000e+00,0.000000e+00,0.000000e+00
1.000000e+00,0.000000e+00,0.000000e+00,0.000000e+00,0.000000e+00,0.000000e+00,0.000000e+00,0.000000e+00,0.000000e+00,0.000000e+00,0.000000e+00,0.000000e+00,0.000000e+00,0.000000e+00,0.000000e+00
1.000000e+00,0.000000e+00,0.000000e+00,0.000000e+00,0.000000e+00,0.000000e+00,0.000000e+00,0.000000e+00,0.000000e+00,0.000000e+00,0.000000e+00,0.000000e+00,0.000000e+00,0.000000e+00,0.000000e+00
1.000000e+00,0.000000e+00,0.000000e+00,0.000000e+00,0.000000e+00,0.000000e+00,0.000000e+00,0.000000e+00,0.000000e+00,0.000000e+00,0.000000e+00,0.000000e+00,0.000000e+00,0.000000e+00,0.000000e+00
1.000000e+00,0.000000e+00,0.000000e+00,0.000000e+00,0.000000e+00,0.000000e+00,0.000000e+00,0.000000e+00,0.000000e+00,0.000000e+00,0.000000e+00,0.000000e+00,0.000000e+00,0.000000e+00,0.000000e+00
1.000000e+00,0.000000e+00,0.000000e+00,0.000000e+00,0.000000e+00,0.000000e+00,0.000000e+00,0.000000e+00,0.000000e+00,0.000000e+00,0.000000e+00,0.000000e+00,0.000000e+00,0.000000e+00,0.000000e+00
1.000000e+00,0.000000e+00,0.000000e+00,0.000000e+00,0.000000e+00,0.000000e+00,0.000000e+00,0.000000e+00,0.000000e+00,0.000000e+00,0.000000e+00,0.000000e+00,0.000000e+00,0.000000e+00,0.000000e+00
1.000000e+00,0.000000e+00,0.000000e+00,0.000000e+00,0.000000e+00,0.000000e+00,0.000000e+00,0.000000e+00,0.000000e+00,0.000000e+00,0.000000e+00,0.000000e+00,0.000000e+00,0.000000e+00,0.000000e+00
1.000000e+00,0.000000e+00,0.000000e+00,0.000000e+00,0.000000e+00,0.000000e+00,0.000000e+00,0.000000e+00,0.000000e+00,0.000000e+00,0.000000e+00,0.000000e+00,0.000000e+00,0.000000e+00,0.000000e+00
1.000000e+00,0.000000e+00,0.000000e+00,0.000000e+00,0.000000e+00,0.000000e+00,0.000000e+00,0.000000e+00,0.000000e+00,0.000000e+00,0.000000e+00,0.000000e+00,0.000000e+00,0.000000e+00,0.000000e+00
1.000000e+00,0.000000e+00,0.000000e+00,0.000000e+00,0.000000e+00,0.000000e+00,0.000000e+00,0.000000e+00,0.000000e+00,0.000000e+00,0.000000e+00,0.000000e+00,0.000000e+00,0.000000e+00,0.000000e+00
1.000000e+00,0.000000e+00,0.000000e+00,0.000000e+00,0.000000e+00,0.000000e+00,0.000000e+00,0.000000e+00,0.000000e+00,0.000000e+00,0.000000e+00,0.000000e+00,0.000000e+00,0.000000e+00,0.000000e+00
1.000000e+00,0.000000e+00,0.000000e+00,0.000000e+00,0.000000e+00,0.000000e+00,0.000000e+00,0.000000e+00,0.000000e+00,0.000000e+00,0.000000e+00,0.000000e+00,0.000000e+00,0.000000e+00,0.000000e+00
1.000000e+00,0.000000e+00,0.000000e+00,0.000000e+00,0.000000e+00,0.000000e+00,0.000000e+00,0.000000e+00,0.000000e+00,0.000000e+00,0.000000e+00,0.000000e+00,0.000000e+00,0.000000e+00,0.000000e+00
1.000000e+00,0.000000e+00,0.000000e+00,0.000000e+00,0.000000e+00,0.000000e+00,0.000000e+00,0.000000e+00,0.000000e+00,0.000000e+00,0.000000e+00,0.000000e+00,0.000000e+00,0.000000e+00,0.000000e+00
1.000000e+00,0.000000e+00,0.000000e+00,0.000000e+00,0.000000e+00,0.000000e+00,0.000000e+00,0.000000e+00,0.000000e+00,0.000000e+00,0.000000e+00,0.000000e+00,0.000000e+00,0.000000e+00,0.000000e+00
1.000000e+00,0.000000e+00,0.000000e+00,0.000000e+00,0.000000e+00,0.000000e+00,0.000000e+00,0.000000e+00,0.000000e+00,0.000000e+00,0.000000e+00,0.000000e+00,0.000000e+00,0.000000e+00,0.000000e+00
1.000000e+00,0.000000e+00,0.000000e+00,0.000000e+00,0.000000e+00,0.000000e+00,0.000000e+00,0.000000e+00,0.000000e+00,0.000000e+00,0.000000e+00,0.000000e+00,0.000000e+00,0.000000e+00,0.000000e+00
1.000000e+00,0.000000e+00,0.000000e+00,0.000000e+00,0.000000e+00,0.000000e+00,0.000000e+00,0.000000e+00,0.000000e+00,0.000000e+00,0.000000e+00,0.000000e+00,0.000000e+00,0.000000e+00,0.000000e+00
1.000000e+00,0.000000e+00,0.000000e+00,0.000000e+00,0.000000e+00,0.000000e+00,0.000000e+00,0.000000e+00,0.000000e+00,0.000000e+00,0.000000e+00,0.000000e+00,0.000000e+00,0.000000e+00,0.000000e+00
1.000000e+00,0.000000e+00,0.000000e+00,0.000000e+00,0.000000e+00,0.000000e+00,0.000000e+00,0.000000e+00,0.000000e+00,0.000000e+00,0.000000e+00,0.000000e+00,0.000000e+00,0.000000e+00,0.000000e+00
1.000000e+00,0.000000e+00,0.000000e+00,0.000000e+00,0.000000e+00,0.000000e+00,0.000000e+00,0.000000e+00,0.000000e+00,0.000000e+00,0.000000e+00,0.000000e+00,0.000000e+00,0.000000e+00,0.000000e+00
1.000000e+00,0.000000e+00,0.000000e+00,0.000000e+00,0.000000e+00,0.000000e+00,0.000000e+00,0.000000e+00,0.000000e+00,0.000000e+00,0.000000e+00,0.000000e+00,0.000000e+00,0.000000e+00,0.000000e+00
1.000000e+00,0.000000e+00,0.000000e+00,0.000000e+00,0.000000e+00,0.000000e+00,0.000000e+00,0.000000e+00,0.000000e+00,0.000000e+00,0.000000e+00,0.000000e+00,0.000000e+00,0.000000e+00,0.000000e+00
1.000000e+00,0.000000e+00,0.000000e+00,0.000000e+00,0.000000e+00,0.000000e+00,0.000000e+00,0.000000e+00,0.000000e+00,0.000000e+00,0.000000e+00,0.000000e+00,0.000000e+00,0.000000e+00,0.000000e+00
4.530559e-01,2.647603e-02,4.208835e-02,9.353575e-02,1.335893e-02,8.827817e-02,1.415436e-02,3.212789e-02,1.016087e-02,8.336082e-03,9.811326e-02,1.955330e-02,4.914430e-02,1.218558e-02,3.943120e-02
3.289277e-01,3.682933e-02,3.027228e-02,8.910102e-02,1.197862e-02,7.840874e-02,1.092786e-02,2.328975e-02,2.550914e-02,1.767543e-02,9.365087e-02,1.928835e-02,6.787378e-02,1.852685e-02,1.477403e-01
2.461388e-01,3.260688e-02,2.211722e-02,7.165527e-02,1.112421e-02,5.868976e-02,7.947671e-03,1.662034e-02,4.014494e-02,2.126862e-02,7.119597e-02,1.567449e-02,5.953048e-02,1.685433e-02,3.084310e-01
1.851220e-01,2.480746e-02,1.660103e-02,5.575635e-02,1.154140e-02,4.269965e-02,5.876127e-03,1.251189e-02,4.410186e-02,1.973022e-02,5.914897e-02,1.563976e-02,5.695289e-02,1.573612e-02,4.337742e-01
1.404154e-01,3.202622e-02,2.298347e-02,1.363684e-01,1.421729e-02,3.184285e-02,4.432775e-03,1.211392e-02,1.467899e-01,1.591227e-02,4.622479e-02,1.173835e-02,4.600409e-02,1.356707e-02,3.253631e-01
1.094532e-01,3.224298e-02,1.984299e-02,1.098525e-01,2.078710e-02,2.823104e-02,3.617162e-03,9.457685e-03,2.270679e-01,2.517971e-02,3.635367e-02,8.874731e-03,3.684240e-02,1.300209e-02,3.191948e-01
8.016664e-02,5.341299e-02,1.946356e-02,8.726786e-02,1.517871e-02,2.300349e-02,2.602055e-03,6.916213e-03,2.870287e-01,3.893649e-02,2.642054e-02,6.700242e-03,3.440478e-02,9.628278e-03,3.088694e-01
6.550470e-02,1.108638e-01,1.510620e-02,6.411056e-02,1.108869e-02,1.769864e-02,1.883921e-03,5.173309e-03,2.416299e-01,3.325145e-02,1.974260e-02,5.065857e-03,2.593704e-02,7.835577e-03,3.751077e-01
4.900375e-02,2.412314e-01,1.282245e-02,5.375320e-02,7.815531e-03,1.272565e-02,1.333770e-03,3.717732e-03,2.746696e-01,2.458701e-02,1.455552e-02,4.047319e-03,2.060990e-02,5.714702e-03,2.734124e-01
5.850973e-02,2.253865e-01,1.078523e-02,3.863106e-02,5.589257e-03,1.030563e-02,1.003277e-03,3.164679e-03,2.105149e-01,2.124951e-02,1.175569e-02,3.255208e-03,1.669635e-02,7.328588e-03,3.758244e-01
6.433283e-02,1.658132e-01,9.362495e-03,2.759833e-02,4.157478e-03,8.484154e-03,8.081171e-04,2.478926e-03,1.574845e-01,2.243815e-02,9.810365e-03,2.614241e-03,1.424567e-02,1.217723e-02,4.981943e-01
6.174939e-02,2.113022e-01,1.128948e-02,3.767008e-02,1.140606e-02,8.116455e-03,7.309785e-04,3.370021e-03,2.041416e-01,1.722493e-02,1.188058e-02,2.792321e-03,1.140987e-02,2.442617e-02,3.824898e-01
6.161416e-02,1.524433e-01,1.395372e-02,2.888179e-02,9.020889e-03,8.660560e-03,8.411633e-04,2.883342e-03,1.525936e-01,1.401082e-02,1.813148e-02,5.007696e-03,9.933890e-03,1.930375e-01,3.289860e-01
4.652340e-02,1.119348e-01,1.528511e-02,2.126354e-02,6.656337e-03,7.705832e-03,7.694789e-04,2.199866e-03,1.186908e-01,1.764571e-02,1.879602e-02,3.908757e-03,7.609087e-03,3.618791e-01,2.591321e-01
7.488942e-02,7.962405e-02,1.227441e-02,1.616725e-02,5.897496e-03,7.460047e-03,1.010925e-03,2.364805e-03,9.464049e-02,1.609030e-02,1.979584e-02,3.517103e-03,6.896007e-03,4.561988e-01,2.031731e-01
7.949404e-02,6.022214e-02,1.482872e-02,1.232371e-02,6.512768e-03,7.271008e-03,9.563082e-04,2.158156e-03,1.025604e-01,2.633207e-02,3.180338e-02,3.728074e-03,7.822644e-03,4.552904e-01,1.886962e-01
1.313850e-01,5.317534e-02,1.389067e-02,1.263141e-02,6.580735e-03,1.022222e-02,1.038003e-03,4.286798e-03,1.075707e-01,2.705561e-02,2.827913e-02,3.295364e-03,8.471644e-03,3.881868e-01,2.039307e-01
1.148629e-01,6.153646e-02,1.354942e-02,2.081760e-02,6.982218e-03,8.869844e-03,8.528166e-04,4.315881e-03,2.785133e-01,2.365016e-02,2.100219e-02,2.397998e-03,6.714139e-03,2.803146e-01,1.556205e-01
1.155092e-01,1.554378e-01,1.884688e-02,2.028326e-02,1.543460e-02,1.164544e-02,7.573870e-04,4.700306e-03,2.667115e-01,2.005251e-02,1.650542e-02,1.780623e-03,5.586746e-03,2.043997e-01,1.423487e-01
1.057849e-01,1.457451e-01,5.770686e-02,6.802388e-02,1.953068e-02,1.502497e-02,1.270417e-03,7.634071e-03,2.542515e-01,1.871586e-02,1.683527e-02,1.777894e-03,4.994624e-03,1.498521e-01,1.328519e-01
1.180911e-01,1.327896e-01,8.606022e-02,8.010139e-02,2.276076e-02,2.974134e-02,1.657685e-03,9.348584e-03,2.232592e-01,2.851162e-02,1.981056e-02,2.278588e-03,5.543961e-03,1.116012e-01,1.284443e-01
1.320483e-01,1.353820e-01,1.267322e-01,8.082722e-02,3.176824e-02,3.566803e-02,2.183798e-03,1.084615e-02,1.770532e-01,2.640358e-02,2.215241e-02,3.213785e-03,6.387618e-03,8.355633e-02,1.257773e-01
1.615858e-01,1.614188e-01,1.642188e-01,7.904281e-02,3.460548e-02,3.021531e-02,1.874499e-03,1.000314e-02,1.428753e-01,2.058319e-02,1.968127e-02,4.491930e-03,5.789784e-03,6.067517e-02,1.029387e-01
2.744860e-01,1.532779e-01,1.252780e-01,6.428910e-02,3.964657e-02,3.180274e-02,1.992826e-03,9.171483e-03,1.114045e-01,1.721853e-02,1.516873e-02,4.384502e-03,5.283227e-03,4.336034e-02,1.032357e-01
2.726567e-01,1.831797e-01,9.469463e-02,1.020719e-01,3.065356e-02,2.577009e-02,1.677633e-03,7.184043e-03,8.532400e-02,1.539870e-02,1.260723e-02,7.697913e-03,5.559682e-03,3.132099e-02,1.242033e-01
3.130832e-01,1.476293e-01,7.304031e-02,9.184369e-02,2.377086e-02,2.210423e-02,1.465848e-03,5.730508e-03,7.188082e-02,2.014521e-02,1.043821e-02,7.778092e-03,5.413159e-03,2.411371e-02,1.815629e-01
4.060352e-01,1.164345e-01,5.645593e-02,7.276356e-02,1.843970e-02,1.729980e-02,1.412127e-03,5.337783e-03,6.258820e-02,2.275627e-02,9.145811e-03,7.734822e-03,6.152184e-03,1.926546e-02,1.781787e-01
4.638977e-01,9.718353e-02,4.653519e-02,6.764235e-02,1.513176e-02,1.467706e-02,2.007108e-03,6.561035e-03,5.763829e-02,1.947245e-02,8.133108e-03,7.285174e-03,5.927169e-03,1.811495e-02,1.697931e-01
3.415705e-01,6.978749e-02,3.330485e-02,4.808560e-02,1.124815e-02,1.212961e-02,1.505067e-03,4.771177e-03,5.621300e-02,1.711990e-02,6.168209e-03,5.287369e-03,5.095009e-03,2.435722e-02,3.633568e-01
2.419196e-01,4.918366e-02,2.350655e-02,3.372433e-02,8.023323e-03,8.692383e-03,1.070688e-03,3.362102e-03,7.219385e-02,1.262049e-02,4.806507e-03,3.809133e-03,3.694851e-03,3.814806e-02,4.952444e-01
1.725067e-01,3.460710e-02,1.655071e-02,2.365685e-02,5.701827e-03,6.214796e-03,7.681831e-04,2.367520e-03,6.275434e-02,1.091163e-02,4.272625e-03,2.921181e-03,2.748943e-03,7.491878e-02,5.790988e-01
1.328864e-01,2.444070e-02,1.165093e-02,1.664408e-02,4.151261e-03,4.491416e-03,5.848394e-04,1.665338e-03,4.921962e-02,1.633997e-02,4.585593e-03,2.525238e-03,3.219130e-03,2.542793e-01,4.733161e-01
9.620818e-02,1.718776e-02,8.187983e-03,1.166011e-02,2.961355e-03,3.188772e-03,4.348183e-04,1.169212e-03,3.893028e-02,3.834142e-02,4.986893e-03,2.019136e-03,2.855107e-03,3.779473e-01,3.939216e-01
6.785788e-02,1.206445e-02,5.747479e-03,8.166526e-03,2.089563e-03,2.240169e-03,3.141018e-04,8.191903e-04,2.843105e-02,3.794989e-02,3.853108e-03,1.429451e-03,2.030384e-03,5.314670e-01,2.955398e-01
4.974490e-02,8.661769e-03,4.112942e-03,5.729962e-03,1.509546e-03,1.614441e-03,2.255647e-04,5.768869e-04,2.896956e-02,2.951821e-02,3.943258e-03,1.069543e-03,1.604758e-03,6.352212e-01,2.274974e-01
4.008859e-02,6.360162e-03,3.119934e-03,4.106660e-03,1.332109e-03,1.348467e-03,2.087964e-04,5.050428e-04,5.763402e-02,2.727357e-02,6.831311e-03,9.883178e-04,1.449778e-03,6.646256e-01,1.841276e-01
3.677831e-02,4.590761e-03,2.333225e-03,3.035999e-03,1.337513e-03,1.578146e-03,3.847723e-04,5.034153e-04,4.472956e-02,9.656893e-02,9.536235e-03,9.498075e-04,1.494525e-03,6.468559e-01,1.493229e-01
4.378443e-02,4.060821e-03,2.250035e-03,2.529873e-03,1.558131e-03,2.608938e-03,1.134300e-03,1.152564e-03,4.827603e-02,1.008818e-01,2.763316e-02,5.463477e-03,8.153661e-03,5.357811e-01,2.147316e-01
5.048326e-02,3.704428e-03,6.554900e-03,2.078307e-03,1.881753e-03,3.176960e-03,1.945468e-03,1.412166e-03,3.813485e-02,1.430372e-01,4.506880e-02,5.734744e-03,8.337682e-03,4.875759e-01,2.008735e-01
4.801098e-02,4.527081e-03,8.945577e-03,1.704979e-03,1.800938e-03,2.765959e-03,1.685213e-03,1.451934e-03,3.557226e-02,2.182358e-01,6.140460e-02,4.874783e-03,8.399135e-03,4.499407e-01,1.506801e-01
3.657835e-02,5.165429e-03,9.079630e-03,1.437906e-03,2.163024e-03,4.124820e-03,1.944628e-03,1.541129e-03,2.962977e-02,3.614605e-01,5.992864e-02,4.225091e-03,9.961143e-03,3.350587e-01,1.377012e-01
3.090334e-02,4.788347e-03,2.440615e-02,3.813651e-03,5.251145e-03,9.224268e-03,3.651103e-03,8.948671e-03,2.968886e-02,4.722911e-01,5.611014e-02,3.494196e-03,8.901379e-03,2.381448e-01,1.003829e-01
2.844032e-02,1.045529e-02,6.114110e-02,3.694943e-03,9.776055e-03,1.152896e-02,2.706200e-03,7.215851e-03,7.964921e-02,4.700515e-01,4.640115e-02,2.591690e-03,6.738666e-03,1.802177e-01,7.939132e-02
3.216205e-02,1.578008e-02,1.618304e-01,3.626034e-02,1.698749e-02,2.392226e-02,6.020501e-03,1.322238e-02,7.829148e-02,3.786449e-01,3.836314e-02,2.081454e-03,5.294115e-03,1.321724e-01,5.896699e-02
4.114028e-02,2.775261e-02,1.403057e-01,3.847637e-02,2.949299e-02,7.280759e-02,6.026637e-03,1.200275e-02,7.972771e-02,3.455449e-01,3.849273e-02,3.681112e-03,1.528821e-02,9.373191e-02,5.552861e-02
4.947513e-02,3.085499e-02,1.208784e-01,3.392760e-02,3.435991e-02,8.548743e-02,5.298270e-03,1.050418e-02,7.214934e-02,3.080725e-01,5.005161e-02,9.361028e-03,6.888152e-02,6.922857e-02,5.146958e-02
5.468253e-02,3.849325e-02,9.007478e-02,2.935172e-02,4.843079e-02,8.390009e-02,5.123303e-03,1.259234e-02,6.908242e-02,3.530448e-01,4.339764e-02,9.595715e-03,5.971705e-02,5.303109e-02,4.948250e-02
7.778367e-02,5.558097e-02,6.815058e-02,2.496752e-02,5.630621e-02,9.151641e-02,4.484756e-03,1.447317e-02,7.725391e-02,3.332271e-01,4.203878e-02,1.247067e-02,4.965958e-02,4.312501e-02,4.896167e-02
8.760895e-02,6.112843e-02,5.758690e-02,9.073196e-02,6.602513e-02,1.019616e-01,4.613488e-03,1.899165e-02,6.823894e-02,2.526279e-01,3.661383e-02,2.228885e-02,4.323954e-02,3.208591e-02,5.625687e-02
2.152038e-01,5.548384e-02,4.270597e-02,8.397021e-02,5.898072e-02,7.833621e-02,4.735324e-03,1.474035e-02,5.998176e-02,1.849008e-01,3.256261e-02,3.163243e-02,3.948532e-02,2.602891e-02,7.125177e-02
3.111981e-01,4.991452e-02,3.277033e-02,7.919113e-02,6.205199e-02,6.652568e-02,4.767435e-03,1.306124e-02,5.962360e-02,1.342137e-01,2.738735e-02,3.238953e-02,3.569965e-02,2.456116e-02,6.664459e-02
4.405018e-01,4.154897e-02,2.474891e-02,6.218046e-02,5.050068e-02,5.236554e-02,4.532686e-03,1.146715e-02,5.838129e-02,9.618246e-02,2.136523e-02,2.893779e-02,2.899508e-02,2.398441e-02,5.430745e-02
4.385644e-01,4.424870e-02,2.167247e-02,8.690565e-02,4.330811e-02,4.530345e-02,4.755981e-03,1.208222e-02,6.554030e-02,7.772112e-02,1.910028e-02,2.842480e-02,2.777068e-02,1.873790e-02,6.586391e-02
4.133738e-01,4.868672e-02,1.999794e-02,8.776753e-02,3.646363e-02,3.825772e-02,4.372145e-03,1.109395e-02,6.574465e-02,8.018973e-02,1.829718e-02,2.804253e-02,2.477881e-02,1.534596e-02,1.075876e-01
3.403127e-01,5.742589e-02,3.570450e-02,1.753262e-01,3.346065e-02,3.096686e-02,4.466522e-03,1.060062e-02,5.869608e-02,6.493927e-02,1.856519e-02,3.011745e-02,2.337464e-02,1.186773e-02,1.041757e-01
2.654755e-01,5.552337e-02,4.491633e-02,1.925035e-01,2.483644e-02,2.352952e-02,3.344881e-03,8.002896e-03,5.442464e-02,8.071436e-02,1.943207e-02,2.404425e-02,2.366473e-02,9.532464e-03,1.700550e-01
2.665126e-01,4.685352e-02,4.873266e-02,1.693411e-01,2.035091e-02,2.028852e-02,2.916583e-03,7.115141e-03,5.910533e-02,1.218659e-01,2.910956e-02,2.064221e-02,2.871366e-02,8.642095e-03,1.498103e-01
2.335254e-01,3.813311e-02,3.544742e-02,1.304335e-01,1.546322e-02,1.510789e-02,2.272876e-03,7.752979e-03,1.981132e-01,1.033725e-01,3.729669e-02,1.620150e-02,4.289174e-02,8.069317e-03,1.159186e-01
2.237092e-01,3.237196e-02,2.708266e-02,9.778065e-02,1.341164e-02,1.167856e-02,1.956706e-03,8.064774e-03,2.126146e-01,8.224022e-02,5.873431e-02,1.493170e-02,8.136615e-02,8.659833e-03,1.253971e-01
1.945751e-01,2.442388e-02,8.116177e-02,8.143168e-02,3.082574e-02,9.229398e-03,4.629794e-03,2.152715e-02,1.930432e-01,6.188543e-02,6.980927e-02,1.229635e-02,8.698909e-02,9.717119e-03,1.184550e-01
1.621992e-01,2.525757e-02,5.973268e-02,6.128943e-02,3.610881e-02,7.994522e-03,3.673690e-03,1.811421e-02,3.067971e-01,4.851823e-02,5.287374e-02,9.182206e-03,6.672873e-02,8.832918e-03,1.326969e-01
1.662506e-01,2.282560e-02,4.608047e-02,4.509594e-02,6.149565e-02,8.012114e-03,3.748899e-03,1.515365e-02,2.588330e-01,3.875057e-02,4.053758e-02,6.919296e-03,5.162109e-02,1.009603e-02,2.245795e-01
1.314169e-01,1.949446e-02,5.893082e-02,4.467233e-02,6.631003e-02,7.203840e-03,3.432345e-03,1.813806e-02,2.374229e-01,2.953138e-02,2.991515e-02,5.484401e-03,3.861347e-02,8.602222e-03,3.008317e-01
1.126670e-01,2.785536e-02,4.649729e-02,3.682578e-02,6.201148e-02,7.814473e-03,3.004513e-03,1.505416e-02,2.056791e-01,2.367487e-02,2.276519e-02,4.271141e-03,3.336703e-02,7.415028e-03,3.910977e-01
9.347317e-02,4.357051e-02,5.828233e-02,1.113141e-01,5.079658e-02,6.754417e-03,2.460085e-03,1.232485e-02,2.555923e-01,1.882176e-02,1.734916e-02,3.557727e-03,2.456238e-02,5.927742e-03,2.952129e-01
1.811540e-01,4.484846e-02,5.242708e-02,1.224292e-01,4.604512e-02,9.273317e-03,2.582220e-03,1.135255e-02,2.153781e-01,1.725703e-02,1.660111e-02,6.191446e-03,2.138472e-02,7.096722e-03,2.459789e-01
2.423850e-01,6.485857e-02,4.900751e-02,9.404073e-02,4.841487e-02,1.158762e-02,2.354706e-03,1.095945e-02,1.723489e-01,1.751303e-02,2.220901e-02,1.015312e-02,2.162485e-02,6.946478e-03,2.255961e-01
2.296464e-01,5.667977e-02,4.671843e-02,1.118905e-01,3.636363e-02,1.123296e-02,2.266794e-03,1.236851e-02,1.661567e-01,1.803905e-02,2.435322e-02,1.483044e-02,2.683539e-02,7.810717e-03,2.348075e-01
2.590616e-01,4.555692e-02,4.077387e-02,9.153099e-02,2.759741e-02,1.275490e-02,2.022492e-03,1.103891e-02,1.477857e-01,1.928041e-02,3.274993e-02,1.518272e-02,2.933981e-02,2.553969e-02,2.397847e-01
2.919177e-01,3.642121e-02,6.786472e-02,8.294585e-02,2.274765e-02,1.198319e-02,2.045271e-03,1.456985e-02,1.520677e-01,1.914881e-02,3.584498e-02,1.514455e-02,3.393140e-02,2.855271e-02,1.848144e-01
3.669381e-01,2.977731e-02,5.307245e-02,6.417644e-02,1.771215e-02,1.574057e-02,1.823308e-03,1.209482e-02,1.373459e-01,2.193992e-02,3.135008e-02,1.419854e-02,3.028613e-02,4.528393e-02,1.582605e-01
3.248584e-01,2.452127e-02,4.011457e-02,4.624377e-02,1.310278e-02,1.498998e-02,1.525669e-03,9.661254e-03,1.955101e-01,4.850722e-02,2.428392e-02,1.063273e-02,2.522563e-02,4.952153e-02,1.713011e-01
2.724476e-01,1.970430e-02,3.223282e-02,3.317630e-02,9.652602e-03,1.221699e-02,1.388977e-03,7.442350e-03,3.007672e-01,4.568635e-02,1.885214e-02,7.711410e-03,1.939344e-02,7.380013e-02,1.455274e-01
3.414621e-01,1.845851e-02,2.485934e-02,2.369546e-02,8.802519e-03,1.217018e-02,1.221056e-03,6.320023e-03,2.186233e-01,3.395126e-02,1.775234e-02,5.719444e-03,1.574364e-02,9.828200e-02,1.729389e-01
3.817354e-01,1.960557e-02,3.271585e-02,2.098673e-02,1.024382e-02,1.421300e-02,2.460677e-03,7.338025e-03,2.146749e-01,2.885183e-02,1.570734e-02,5.540160e-03,1.275473e-02,7.961581e-02,1.535562e-01
4.472644e-01,1.849408e-02,2.860977e-02,1.636414e-02,8.676019e-03,2.383947e-02,3.285639e-03,7.241695e-03,1.727394e-01,2.501997e-02,1.625263e-02,5.241397e-03,1.112555e-02,7.507554e-02,1.407703e-01
4.383839e-01,2.043475e-02,2.335605e-02,1.250175e-02,9.201519e-03,2.184434e-02,2.775881e-03,6.373425e-03,1.685321e-01,2.374580e-02,1.577445e-02,4.608864e-03,9.493133e-03,8.943260e-02,1.535415e-01
4.148979e-01,2.274571e-02,2.054543e-02,1.397207e-02,7.742248e-03,1.798568e-02,2.961883e-03,6.344683e-03,2.411566e-01,2.708302e-02,1.346010e-02,4.644199e-03,9.517866e-03,7.066264e-02,1.262800e-01
4.060568e-01,3.112751e-02,1.747222e-02,1.231233e-02,8.459564e-03,1.529764e-02,2.409661e-03,5.416035e-03,2.467897e-01,3.705233e-02,1.367908e-02,4.976455e-03,9.509215e-03,5.666424e-02,1.327773e-01
3.059672e-01,3.135620e-02,1.548989e-02,2.409695e-02,6.559007e-03,1.172864e-02,1.930181e-03,4.132550e-03,4.019101e-01,2.786495e-02,1.060107e-02,5.640923e-03,8.600204e-03,4.002246e-02,1.040998e-01
3.565595e-01,3.720905e-02,1.547052e-02,2.382930e-02,6.924977e-03,1.058097e-02,1.883711e-03,4.665032e-03,3.517627e-01,3.172062e-02,1.073682e-02,7.244133e-03,1.036898e-02,2.994616e-02,1.010975e-01
4.006995e-01,4.336661e-02,1.327427e-02,2.157474e-02,8.056047e-03,1.030833e-02,1.762560e-03,4.908560e-03,3.047380e-01,3.211313e-02,1.041213e-02,8.830870e-03,1.044990e-02,2.533712e-02,1.041682e-01
3.762193e-01,5.736630e-02,1.173937e-02,1.774736e-02,6.494133e-03,1.032257e-02,1.506654e-03,4.652612e-03,2.678088e-01,5.403378e-02,1.243120e-02,9.320240e-03,1.074311e-02,3.546641e-02,1.241482e-01
3.581899e-01,5.425127e-02,1.161245e-02,2.150831e-02,6.268729e-03,1.115920e-02,1.517494e-03,6.045534e-03,2.482464e-01,5.596500e-02,1.725548e-02,1.730302e-02,1.880310e-02,3.228539e-02,1.395886e-01
3.757237e-01,4.728903e-02,2.838608e-02,2.652179e-02,5.334958e-03,1.216468e-02,2.811864e-03,1.391525e-02,1.988546e-01,4.209300e-02,2.692275e-02,2.991076e-02,5.276689e-02,2.892923e-02,1.083754e-01
3.947075e-01,4.306342e-02,2.300279e-02,2.414842e-02,4.487564e-03,1.974782e-02,2.633299e-03,1.093068e-02,1.925240e-01,3.185409e-02,3.536224e-02,3.249586e-02,7.045852e-02,2.416957e-02,9.041421e-02
4.092311e-01,3.282361e-02,1.750312e-02,3.383029e-02,4.257001e-03,3.906520e-02,2.514535e-03,8.018189e-03,1.611046e-01,2.306190e-02,3.043631e-02,4.459720e-02,9.945323e-02,1.872091e-02,7.538282e-02
3.084443e-01,2.393731e-02,1.256638e-02,2.541393e-02,3.279698e-03,2.969454e-02,2.015401e-03,5.795226e-03,1.177398e-01,1.638079e-02,2.301879e-02,6.267996e-02,3.018548e-01,1.333023e-02,5.384890e-02
2.323578e-01,1.697273e-02,8.970999e-03,1.853515e-02,2.547286e-03,2.204446e-02,1.654942e-03,4.299961e-03,8.345568e-02,1.174599e-02,1.811593e-02,6.521758e-02,4.658308e-01,9.506607e-03,3.874408e-02
1.987662e-01,1.637474e-02,8.806237e-03,3.439782e-02,3.545884e-03,2.205716e-02,1.999216e-03,3.483396e-03,6.980246e-02,8.884024e-03,1.379512e-02,5.983416e-02,5.215612e-01,7.144609e-03,2.954779e-02
1.671589e-01,1.313867e-02,6.779669e-03,3.046192e-02,3.932806e-03,2.168082e-02,1.713614e-03,2.630115e-03,5.433779e-02,7.486392e-03,1.525552e-02,8.459394e-02,5.628904e-01,6.013210e-03,2.192628e-02
1.423564e-01,9.819207e-03,4.932679e-03,2.434918e-02,3.418748e-03,1.741207e-02,1.561466e-03,2.350769e-03,4.003135e-02,5.737659e-03,1.206756e-02,7.742234e-02,6.375971e-01,4.594895e-03,1.634856e-02
1.058486e-01,7.423980e-03,4.306798e-03,1.823629e-02,3.041808e-03,1.775757e-02,1.593882e-03,2.085881e-02,3.389991e-02,4.311765e-03,1.300223e-02,6.846020e-02,6.811799e-01,3.750077e-03,1.632813e-02
8.157229e-02,6.344131e-03,4.185236e-03,3.420497e-02,7.806390e-03,1.904039e-02,1.432229e-03,1.907139e-02,1.145105e-01,5.903535e-03,1.415097e-02,5.258614e-02,6.142979e-01,3.421865e-03,2.147215e-02
9.649737e-02,8.328119e-03,4.176940e-03,3.091750e-02,9.126889e-03,2.498667e-02,1.282712e-03,1.418132e-02,1.231966e-01,6.695120e-03,1.279430e-02,3.868201e-02,5.221763e-01,5.590924e-03,1.013671e-01
9.204602e-02,9.373896e-03,4.981182e-03,2.563868e-02,1.067091e-02,3.073567e-02,1.178662e-03,1.186065e-02,1.324363e-01,7.938038e-03,1.610709e-02,3.044693e-02,5.049187e-01,7.031349e-03,1.146359e-01
8.415855e-02,2.503267e-02,4.438596e-03,2.097595e-02,9.713079e-03,2.754566e-02,9.545526e-04,8.827423e-03,1.280030e-01,7.148403e-03,1.223152e-02,2.460197e-02,4.514899e-01,7.026575e-03,1.878521e-01
6.945743e-02,1.861943e-02,5.120907e-02,2.354977e-02,9.657502e-03,2.054300e-02,2.536966e-03,1.303090e-01,1.091538e-01,6.287795e-03,1.388238e-02,1.832615e-02,3.372496e-01,7.768872e-03,1.814492e-01
7.567886e-02,1.553890e-02,1.254548e-01,5.343570e-02,9.404648e-03,1.612954e-02,2.000977e-03,9.525387e-02,1.703102e-01,8.221193e-03,1.401317e-02,1.403581e-02,2.463376e-01,6.604807e-03,1.475799e-01
9.163252e-02,1.701970e-02,2.273548e-01,4.501783e-02,1.350785e-02,1.276817e-02,1.949241e-03,7.029650e-02,1.534894e-01,8.249935e-03,1.171621e-02,1.039864e-02,1.816927e-01,7.095527e-03,1.478110e-01
1.491066e-01,2.739364e-02,2.067684e-01,4.115202e-02,2.012221e-02,1.431222e-02,2.437028e-03,5.147371e-02,1.259373e-01,8.301798e-03,1.099482e-02,8.418821e-03,1.444378e-01,1.252303e-02,1.766206e-01
1.082770e-01,2.189487e-02,2.821653e-01,3.350781e-02,1.653512e-02,1.058982e-02,1.878275e-03,3.640146e-02,1.131458e-01,1.246727e-02,8.320917e-03,6.049978e-03,1.018346e-01,1.261370e-02,2.343182e-01
8.243564e-02,2.402755e-02,2.174260e-01,2.399602e-02,1.409491e-02,8.010429e-03,1.420999e-03,2.593251e-02,1.148568e-01,3.668468e-02,6.425143e-03,4.331302e-03,7.182617e-02,1.415406e-02,3.543778e-01
6.366224e-02,2.587953e-02,1.897158e-01,2.083388e-02,1.386783e-02,6.269011e-03,1.157584e-03,2.211082e-02,1.776442e-01,4.581604e-02,5.249917e-03,3.106224e-03,5.083700e-02,1.285548e-02,3.609944e-01
7.895976e-02,7.941388e-02,1.506084e-01,1.764772e-02,3.819769e-02,1.362000e-02,2.117872e-03,1.825926e-02,1.650443e-01,4.706059e-02,4.582581e-03,2.387310e-03,3.729492e-02,1.015753e-02,3.346481e-01
8.172770e-02,8.112550e-02,1.361523e-01,6.563328e-02,5.747868e-02,1.622542e-02,4.092379e-03,2.365635e-02,1.724948e-01,3.972246e-02,4.630691e-03,2.250876e-03,2.759315e-02,8.310683e-03,2.789057e-01
7.767534e-02,6.837098e-02,2.548680e-01,1.093344e-01,5.567598e-02,1.350231e-02,3.949245e-03,2.304113e-02,1.247089e-01,3.174665e-02,3.822728e-03,1.878255e-03,1.981915e-02,6.726047e-03,2.048808e-01
9.793913e-02,5.916049e-02,3.218759e-01,9.704471e-02,5.801275e-02,1.759170e-02,3.781666e-03,2.057305e-02,9.718785e-02,2.409626e-02,4.567856e-03,3.083777e-03,1.722265e-02,7.972086e-03,1.698901e-01
7.835066e-02,1.114927e-01,3.248366e-01,8.000191e-02,4.924162e-02,4.034694e-02,3.842401e-03,1.707510e-02,7.063293e-02,2.093669e-02,4.648704e-03,3.178747e-03,6.843447e-02,5.704043e-03,1.212765e-01
6.267235e-02,8.812460e-02,2.394245e-01,5.730610e-02,3.526291e-02,2.678088e-01,3.532618e-03,1.264469e-02,5.025227e-02,1.474272e-02,3.672517e-03,2.718032e-03,7.255927e-02,4.001608e-03,8.527702e-02
5.004702e-02,6.837419e-02,1.772687e-01,4.108986e-02,2.573904e-02,4.353443e-01,3.816443e-03,9.351295e-03,3.587708e-02,1.038786e-02,2.754511e-03,2.193353e-03,7.489403e-02,2.806664e-03,6.005570e-02
4.479649e-02,5.304277e-02,1.339856e-01,2.952870e-02,1.956013e-02,5.322937e-01,7.425343e-03,8.795131e-03,2.585156e-02,7.348612e-03,2.192050e-03,1.863691e-03,8.885835e-02,1.984303e-03,4.247365e-02
1.006500e-01,4.352652e-02,1.059461e-01,2.479250e-02,2.179055e-02,4.964275e-01,1.045823e-02,1.484197e-02,2.395140e-02,5.737667e-03,1.908557e-03,3.702833e-03,1.126148e-01,1.758697e-03,3.189266e-02
1.738591e-01,4.514004e-02,8.562721e-02,2.365249e-02,3.014939e-02,3.722679e-01,1.153880e-02,1.624671e-02,3.964325e-02,4.602318e-03,2.060243e-03,5.231922e-03,1.634818e-01,2.079273e-03,2.441948e-02
1.931647e-01,3.652360e-02,6.600164e-02,2.238468e-02,3.060756e-02,2.741138e-01,1.196285e-02,1.307345e-02,4.728093e-02,3.665209e-03,2.035709e-03,6.493179e-03,2.639647e-01,2.849793e-03,2.587829e-02
2.546358e-01,3.076394e-02,5.463132e-02,2.239326e-02,3.666599e-02,2.092200e-01,1.298030e-02,1.100682e-02,5.174284e-02,2.951775e-03,2.257922e-03,6.286805e-03,2.625520e-01,3.716365e-03,3.819492e-02
3.397632e-01,2.470127e-02,4.171799e-02,1.750090e-02,3.183419e-02,1.955827e-01,1.402810e-02,1.082166e-02,4.691800e-02,3.041907e-03,4.956212e-03,9.084102e-03,2.198444e-01,4.919592e-03,3.528588e-02
3.691060e-01,2.948655e-02,4.338895e-02,4.185921e-02,2.734707e-02,1.731192e-01,1.119494e-02,1.038876e-02,3.837585e-02,4.432280e-03,9.661474e-03,1.778681e-02,1.800527e-01,4.796461e-03,3.900370e-02
2.791473e-01,2.365782e-02,3.182152e-02,1.248401e-01,2.483290e-02,1.636286e-01,9.724329e-03,9.559033e-03,6.348745e-02,1.317140e-02,5.743770e-02,1.523279e-02,1.340847e-01,5.523701e-03,4.385068e-02
2.013339e-01,1.751974e-02,2.469620e-02,9.347555e-02,1.793352e-02,1.176865e-01,7.191399e-03,8.600717e-03,1.765224e-01,9.092287e-02,5.135783e-02,1.152467e-02,1.065775e-01,7.234671e-03,6.742255e-02
1.479169e-01,1.404497e-02,1.763282e-02,6.653201e-02,1.472352e-02,8.296774e-02,5.155766e-03,6.779087e-03,3.013316e-01,9.556183e-02,4.135932e-02,8.514607e-03,8.627053e-02,6.460567e-03,1.047487e-01
1.138619e-01,1.405098e-02,1.298511e-02,4.764291e-02,1.325456e-02,5.900134e-02,3.771665e-03,4.967522e-03,2.886273e-01,7.016544e-02,5.037541e-02,6.495542e-03,6.765477e-02,6.061030e-03,2.410845e-01
8.028983e-02,1.171699e-02,9.632006e-03,3.768549e-02,9.948300e-03,4.160271e-02,2.655666e-03,3.570770e-03,4.484240e-01,5.001626e-02,3.643256e-02,4.617086e-03,4.902641e-02,5.351121e-03,2.090307e-01
5.871741e-02,1.106904e-02,7.080937e-03,2.719233e-02,7.191376e-03,2.991050e-02,1.905020e-03,2.803116e-03,4.336520e-01,3.653307e-02,2.906431e-02,3.758316e-03,3.918357e-02,8.997251e-03,3.029417e-01
4.478441e-02,2.371345e-02,5.324265e-03,2.028724e-02,5.582904e-03,2.142613e-02,1.357773e-03,2.164424e-03,4.172353e-01,3.329907e-02,2.115795e-02,2.948430e-03,2.870860e-02,7.904036e-03,3.641061e-01
4.606597e-02,2.649432e-02,4.105317e-03,1.578611e-02,4.638155e-03,1.627770e-02,1.020840e-03,1.727394e-03,3.214440e-01,2.691276e-02,1.590960e-02,2.489734e-03,2.132179e-02,7.492156e-03,4.883142e-01
3.467321e-02,1.254375e-01,4.087308e-03,2.505272e-02,3.685808e-03,1.182836e-02,7.393940e-04,1.291875e-03,3.717192e-01,2.050622e-02,1.174269e-02,2.087673e-03,1.572094e-02,5.618143e-03,3.658090e-01
2.767603e-02,1.476479e-01,6.355964e-03,2.053166e-02,2.728284e-03,9.173132e-03,5.448752e-04,9.856091e-04,3.110834e-01,2.456988e-02,9.758965e-03,2.258666e-03,1.472009e-02,8.335086e-03,4.136305e-01
2.758034e-02,1.312508e-01,5.562255e-03,1.634328e-02,2.377054e-03,7.657569e-03,4.116002e-04,8.104228e-04,2.367178e-01,2.701779e-02,8.722459e-03,1.965968e-03,1.271607e-02,1.317090e-02,5.076958e-01
2.337686e-02,1.669028e-01,1.114057e-02,2.455799e-02,2.241417e-03,6.070675e-03,3.255542e-04,8.653810e-04,2.994604e-01,2.276674e-02,7.126700e-03,1.935807e-03,1.005418e-02,1.420975e-02,4.089652e-01
2.455084e-02,1.313243e-01,1.611981e-02,1.991483e-02,1.861250e-03,5.182679e-03,3.035117e-04,8.421866e-04,2.615813e-01,3.842397e-02,6.379401e-03,1.572666e-03,7.962897e-03,3.955081e-02,4.444296e-01
3.946823e-02,1.114824e-01,1.481194e-02,1.472901e-02,1.571382e-03,4.316543e-03,2.537031e-04,7.400523e-04,2.190095e-01,5.481040e-02,5.640481e-03,1.409692e-03,6.701253e-03,5.130755e-02,4.737479e-01
4.322395e-02,8.384420e-02,1.646644e-02,1.370740e-02,1.805363e-03,4.065332e-03,3.955543e-04,8.675304e-04,2.346985e-01,5.150541e-02,5.456936e-03,1.435963e-03,5.561144e-03,6.571011e-02,4.712562e-01
8.452102e-02,6.798293e-02,1.431090e-02,1.230125e-02,2.236919e-03,4.565672e-03,4.502422e-04,1.079595e-03,1.933789e-01,4.715364e-02,4.923303e-03,1.619531e-03,5.655814e-03,8.893038e-02,4.708900e-01
6.739424e-02,6.269873e-02,5.574506e-02,5.880815e-02,2.431915e-03,3.558524e-03,4.190283e-04,1.101301e-03,2.114310e-01,3.594818e-02,4.586291e-03,1.712017e-03,4.399446e-03,6.699056e-02,4.227756e-01
4.889315e-02,4.519947e-02,4.113239e-02,4.445342e-02,1.912006e-03,2.627995e-03,3.166647e-04,8.296843e-04,2.331306e-01,4.254960e-02,4.401751e-03,1.320855e-03,3.421602e-03,5.938602e-02,4.704248e-01
7.522874e-02,4.014784e-02,3.303501e-02,3.285427e-02,2.960870e-03,2.945094e-03,3.625901e-04,1.454362e-03,2.100640e-01,4.181368e-02,8.373732e-03,1.762598e-03,6.546095e-03,9.386782e-02,4.485834e-01
1.201547e-01,3.704260e-02,2.768482e-02,2.551998e-02,3.490658e-03,4.872652e-03,4.326193e-04,2.696674e-03,1.873628e-01,4.231533e-02,8.093139e-03,2.009545e-03,6.658988e-03,1.013806e-01,4.302849e-01
1.144054e-01,4.835688e-02,5.142022e-02,4.313081e-02,7.031946e-03,5.485254e-03,7.031505e-04,7.487097e-03,1.767107e-01,3.269960e-02,8.691742e-03,2.893323e-03,6.445619e-03,8.214819e-02,4.123901e-01
1.737356e-01,4.245968e-02,7.993370e-02,4.572697e-02,9.032456e-03,6.672180e-03,9.088919e-04,1.061393e-02,1.538772e-01,2.833324e-02,9.996791e-03,4.216965e-03,8.048886e-03,6.854904e-02,3.578945e-01
2.542045e-01,3.691104e-02,6.180624e-02,3.955322e-02,9.454777e-03,7.332185e-03,9.589675e-04,1.407878e-02,1.401043e-01,2.424807e-02,1.505409e-02,6.991887e-03,1.131090e-02,5.713429e-02,3.208568e-01
4.187803e-01,3.079184e-02,4.778635e-02,3.251648e-02,8.279941e-03,8.315993e-03,1.545876e-03,2.113817e-02,1.028041e-01,1.805076e-02,1.311120e-02,7.126512e-03,1.025996e-02,4.248440e-02,2.370082e-01
1.000000e+00,0.000000e+00,0.000000e+00,0.000000e+00,0.000000e+00,0.000000e+00,0.000000e+00,0.000000e+00,0.000000e+00,0.000000e+00,0.000000e+00,0.000000e+00,0.000000e+00,0.000000e+00,0.000000e+00
4.929210e-01,2.771775e-02,3.005873e-02,2.658774e-02,6.126488e-03,1.158164e-02,1.524672e-03,4.302731e-02,9.587680e-02,1.447910e-02,1.157597e-02,8.204627e-03,1.122827e-02,2.814635e-02,1.909436e-01
4.882192e-01,2.540331e-02,2.465434e-02,2.189883e-02,5.061426e-03,1.403087e-02,2.012191e-03,3.565050e-02,1.194055e-01,1.421322e-02,1.367525e-02,1.033936e-02,3.096291e-02,2.374427e-02,1.707288e-01
1.000000e+00,0.000000e+00,0.000000e+00,0.000000e+00,0.000000e+00,0.000000e+00,0.000000e+00,0.000000e+00,0.000000e+00,0.000000e+00,0.000000e+00,0.000000e+00,0.000000e+00,0.000000e+00,0.000000e+00
