1.000000e+00,0.000000e+00,0.000000e+00,0.000000e+00,0.000000e+00,0.000000e+00,0.000000e+00,0.000000e+00,0.000000e+00,0.000000e+00,0.000000e+00,0.000000e+00,0.000000e+00,0.000000e+00,0.000000e+00
1.000000e+00,0.000000e+00,0.000000e+00,0.000000e+00,0.000000e+00,0.000000e+00,0.000000e+00,0.000000e+00,0.000000e+00,0.000000e+00,0.000000e+00,0.000000e+00,0.000000e+00,0.000000e+00,0.000000e+00
1.000000e+00,0.000000e+00,0.000000e+00,0.000000e+00,0.000000e+00,0.000000e+00,0.000000e+00,0.000000e+00,0.000000e+00,0.000000e+00,0.000000e+00,0.000000e+00,0.000000e+00,0.000000e+00,0.000000e+00
1.000000e+00,0.000000e+00,0.000000e+00,0.000000e+00,0.000000e+00,0.000000e+00,0.000000e+00,0.000000e+00,0.000000e+00,0.000000e+00,0.000000e+00,0.000000e+00,0.000000e+00,0.000000e+00,0.000000e+00
1.000000e+00,0.000000e+00,0.000000e+00,0.000000e+00,0.000000e+00,0.000000e+00,0.000000e+00,0.000000e+00,0.000000e+00,0.000000e+00,0.000000e+00,0.000000e+00,0.000000e+00,0.000000e+00,0.000000e+00
1.000000e+00,0.000000e+00,0.000000e+00,0.000000e+00,0.000000e+00,0.000000e+00,0.000000e+00,0.000000e+00,0.000000e+00,0.000000e+00,0.000000e+00,0.000000e+00,0.000000e+00,0.000000e+00,0.000000e+00
1.000000e+00,0.000000e+00,0.000000e+00,0.000000e+00,0.000000e+00,0.000000e+00,0.000000e+00,0.000000e+00,0.000000e+00,0.000000e+00,0.000000e+00,0.000000e+00,0.000000e+00,0.000000e+00,0.000000e+00
1.000000e+00,0.000000e+00,0.000000e+00,0.000000e+00,0.000000e+00,0.000000e+00,0.000000e+00,0.000000e+00,0.000000e+00,0.000000e+00,0.000000e+00,0.000000e+00,0.000000e+00,0.000000e+00,0.000000e+00
1.000000e+00,0.000000e+00,0.000000e+00,0.000000e+00,0.000000e+00,0.000000e+00,0.000000e+00,0.000000e+00,0.000000e+00,0.000000e+00,0.000000e+00,0.000000e+00,0.000000e+00,0.000000e+00,0.000000e+00
1.000000e+00,0.000000e+00,0.000000e+00,0.000000e+00,0.000000e+00,0.000000e+00,0.000000e+00,0.000000e+00,0.000000e+00,0.000000e+00,0.000000e+00,0.000000e+00,0.000000e+00,0.000000e+00,0.000000e+00
1.000000e+00,0.000000e+00,0.000000e+00,0.000000e+00,0.000000e+00,0.000000e+00,0.000000e+00,0.000000e+00,0.000000e+00,0.000000e+00,0.000000e+00,0.000000e+00,0.000000e+00,0.000000e+00,0.000000e+00
1.000000e+00,0.000000e+00,0.000000e+00,0.000000e+00,0.000000e+00,0.000000e+00,0.000000e+00,0.000000e+00,0.000000e+00,0.000000e+00,0.000000e+00,0.000000e+00,0.000000e+00,0.000000e+00,0.000000e+00
1.000000e+00,0.000000e+00,0.000000e+00,0.000000e+00,0.000000e+00,0.000000e+00,0.000000e+00,0.000000e+00,0.000000e+00,0.000000e+00,0.000000e+00,0.000000e+00,0.000000e+00,0.000000e+00,0.000000e+00
1.000000e+00,0.000000e+00,0.000000e+00,0.000000e+00,0.000000e+00,0.000000e+00,0.000000e+00,0.000000e+00,0.000000e+00,0.000000e+00,0.000000e+00,0.000000e+00,0.000000e+00,0.000000e+00,0.000000e+00
1.000000e+00,0.000000e+00,0.000000e+00,0.000000e+00,0.000000e+00,0.000000e+00,0.000000e+00,0.000000e+00,0.000000e+00,0.000000e+00,0.000000e+00,0.000000e+00,0.000000e+00,0.000000e+00,0.000000e+00
1.000000e+00,0.000000e+00,0.000000e+00,0.000000e+00,0.000000e+00,0.000000e+00,0.000000e+00,0.000000e+00,0.000000e+00,0.000000e+00,0.000000e+00,0.000000e+00,0.000000e+00,0.000000e+00,0.000000e+00
1.000000e+00,0.000000e+00,0.000000e+00,0.000000e+00,0.000000e+00,0.000000e+00,0.000000e+00,0.000000e+00,0.000000e+00,0.000000e+00,0.000000e+00,0.000000e+00,0.000000e+00,0.000000e+00,0.000000e+00
1.000000e+00,0.000000e+00,0.000000e+00,0.000000e+00,0.000000e+00,0.000000e+00,0.000000e+00,0.000000e+00,0.000000e+00,0.000000e+00,0.000000e+00,0.000000e+00,0.000000e+00,0.000000e+00,0.000000e+00
1.000000e+00,0.000000e+00,0.000000e+00,0.000000e+00,0.000000e+00,0.000000e+00,0.000000e+00,0.000000e+00,0.000000e+00,0.000000e+00,0.000000e+00,0.000000e+00,0.000000e+00,0.000000e+00,0.000000e+00
1.000000e+00,0.000000e+00,0.000000e+00,0.000000e+00,0.000000e+00,0.000000e+00,0.000000e+00,0.000000e+00,0.000000e+00,0.000000e+00,0.000000e+00,0.000000e+00,0.000000e+00,0.000000e+00,0.000000e+00
1.000000e+00,0.000000e+00,0.000000e+00,0.000000e+00,0.000000e+00,0.000000e+00,0.000000e+00,0.000000e+00,0.000000e+00,0.000000e+00,0.000000e+00,0.000000e+00,0.000000e+00,0.000000e+00,0.000000e+00
1.000000e+00,0.000000e+00,0.000000e+00,0.000000e+00,0.000000e+00,0.000000e+00,0.000000e+00,0.000000e+00,0.000000e+00,0.000000e+00,0.000000e+00,0.000000e+00,0.000000e+00,0.000000e+00,0.000000e+00
1.000000e+00,0.000000e+00,0.000000e+00,0.000000e+00,0.000000e+00,0.000000e+00,0.000000e+00,0.000000e+00,0.000000e+00,0.000000e+00,0.000000e+00,0.000000e+00,0.000000e+00,0.000000e+00,0.000000e+00
1.000000e+00,0.000000e+00,0.000000e+00,0.000000e+00,0.000000e+00,0.000000e+00,0.000000e+00,0.000000e+00,0.000000e+00,0.000000e+00,0.000000e+00,0.000000e+00,0.000000e+00,0.000000e+00,0.000000e+00
1.000000e+00,0.000000e+00,0.000000e+00,0.000000e+00,0.000000e+00,0.000000e+00,0.000000e+00,0.000000e+00,0.000000e+00,0.000000e+00,0.000000e+00,0.000000e+00,0.000000e+00,0.000000e+00,0.000000e+00
1.000000e+00,0.000000e+00,0.000000e+00,0.000000e+00,0.000000e+00,0.000000e+00,0.000000e+00,0.000000e+00,0.000000e+00,0.000000e+00,0.000000e+00,0.000000e+00,0.000000e+00,0.000000e+00,0.000000e+00
1.000000e+00,0.000000e+00,0.000000e+00,0.000000e+00,0.000000e+00,0.000000e+00,0.000000e+00,0.000000e+00,0.000000e+00,0.000000e+00,0.000000e+00,0.000000e+00,0.000000e+00,0.000000e+00,0.000000e+00
1.000000e+00,0.000000e+00,0.000000e+00,0.000000e+00,0.000000e+00,0.000000e+00,0.000000e+00,0.000000e+00,0.000000e+00,0.000000e+00,0.000000e+00,0.000000e+00,0.000000e+00,0.000000e+00,0.000000e+00
1.000000e+00,0.000000e+00,0.000000e+00,0.000000e+00,0.000000e+00,0.000000e+00,0.000000e+00,0.000000e+00,0.000000e+00,0.000000e+00,0.000000e+00,0.000000e+00,0.000000e+00,0.000000e+00,0.000000e+00
1.000000e+00,0.000000e+00,0.000000e+00,0.000000e+00,0.000000e+00,0.000000e+00,0.000000e+00,0.000000e+00,0.000000e+00,0.000000e+00,0.000000e+00,0.000000e+00,0.000000e+00,0.000000e+00,0.000000e+00
1.000000e+00,0.000000e+00,0.000000e+00,0.000000e+00,0.000000e+00,0.000000e+00,0.000000e+00,0.000000e+00,0.000000e+00,0.000000e+00,0.000000e+00,0.000000e+00,0.000000e+00,0.000000e+00,0.000000e+00
1.000000e+00,0.000000e+00,0.000000e+00,0.000000e+00,0.000000e+00,0.000000e+00,0.000000e+00,0.000000e+00,0.000000e+00,0.000000e+00,0.000000e+00,0.000000e+00,0.000000e+00,0.000000e+00,0.000000e+00
1.000000e+00,0.000000e+00,0.000000e+00,0.000000e+00,0.000000e+00,0.000000e+00,0.000000e+00,0.000000e+00,0.000000e+00,0.000000e+00,0.000000e+00,0.000000e+00,0.000000e+00,0.000000e+00,0.000000e+00
1.000000e+00,0.000000e+00,0.000000e+00,0.000000e+00,0.000000e+00,0.000000e+00,0.000000e+00,0.000000e+00,0.000000e+00,0.000000e+00,0.000000e+00,0.000000e+00,0.000000e+00,0.000000e+00,0.000000e+00
1.000000e+00,0.000000e+00,0.000000e+00,0.000000e+00,0.000000e+00,0.000000e+00,0.000000e+00,0.000000e+00,0.000000e+00,0.000000e+00,0.000000e+00,0.000000e+00,0.000000e+00,0.000000e+00,0.000000e+00
1.000000e+00,0.000000e+00,0.000000e+00,0.000000e+00,0.000000e+00,0.000000e+00,0.000000e+00,0.000000e+00,0.000000e+00,0.000000e+00,0.000000e+00,0.000000e+00,0.000000e+00,0.000000e+00,0.000000e+00
1.000000e+00,0.000000e+00,0.000000e+00,0.000000e+00,0.000000e+00,0.000000e+00,0.000000e+00,0.000000e+00,0.000000e+00,0.000000e+00,0.000000e+00,0.000000e+00,0.000000e+00,0.000000e+00,0.000000e+00
1.000000e+00,0.000000e+00,0.000000e+00,0.000000e+00,0.000000e+00,0.000000e+00,0.000000e+00,0.000000e+00,0.000000e+00,0.000000e+00,0.000000e+00,0.000000e+00,0.000000e+00,0.000000e+00,0.000000e+00
1.000000e+00,0.000000e+00,0.000000e+00,0.000000e+00,0.000000e+00,0.000000e+00,0.000000e+00,0.000000e+00,0.000000e+00,0.000000e+00,0.000000e+00,0.000000e+00,0.000000e+00,0.000000e+00,0.000000e+00
1.000000e+00,0.000000e+00,0.000000e+00,0.000000e+00,0.000000e+00,0.000000e+00,0.000000e+00,0.000000e+00,0.000000e+00,0.000000e+00,0.000000e+00,0.000000e+00,0.000000e+00,0.000000e+00,0.000000e+00
1.000000e+00,0.000000e+00,0.000000e+00,0.000000e+00,0.000000e+00,0.000000e+00,0.000000e+00,0.000000e+00,0.000000e+00,0.000000e+00,0.000000e+00,0.000000e+00,0.000000e+00,0.000000e+00,0.000000e+00
1.000000e+00,0.000000e+00,0.000000e+00,0.000000e+00,0.000000e+00,0.000000e+00,0.000000e+00,0.000000e+00,0.000000e+00,0.000000e+00,0.000000e+00,0.000000e+00,0.000000e+00,0.000000e+00,0.000000e+00
1.000000e+00,0.000000e+00,0.000000e+00,0.000000e+00,0.000000e+00,0.000000e+00,0.000000e+00,0.000000e+00,0.000000e+00,0.000000e+00,0.000000e+00,0.000000e+00,0.000000e+00,0.000000e+00,0.000000e+00
1.000000e+00,0.000000e+00,0.000000e+00,0.000000e+00,0.000000e+00,0.000000e+00,0.000000e+00,0.000000e+00,0.000000e+00,0.000000e+00,0.000000e+00,0.000000e+00,0.000000e+00,0.000000e+00,0.000000e+00
1.000000e+00,0.000000e+00,0.000000e+00,0.000000e+00,0.000000e+00,0.000000e+00,0.000000e+00,0.000000e+00,0.000000e+00,0.000000e+00,0.000000e+00,0.000000e+00,0.000000e+00,0.000000e+00,0.000000e+00
1.000000e+00,0.000000e+00,0.000000e+00,0.000000e+00,0.000000e+00,0.000000e+00,0.000000e+00,0.000000e+00,0.000000e+00,0.000000e+00,0.000000e+00,0.000000e+00,0.000000e+00,0.000000e+00,0.000000e+00
1.000000e+00,0.000000e+00,0.000000e+00,0.000000e+00,0.000000e+00,0.000000e+00,0.000000e+00,0.000000e+00,0.000000e+00,0.000000e+00,0.000000e+00,0.000000e+00,0.000000e+00,0.000000e+00,0.000000e+00
1.000000e+00,0.000000e+00,0.000000e+00,0.000000e+00,0.000000e+00,0.000000e+00,0.000000e+00,0.000000e+00,0.000000e+00,0.000000e+00,0.000000e+00,0.000000e+00,0.000000e+00,0.000000e+00,0.000000e+00
4.779820e-01,1.504442e-02,1.233730e-02,2.044037e-02,2.974667e-02,3.003457e-02,7.455869e-02,2.891047e-01,4.132347e-03,1.010869e-03,5.549677e-03,1.078847e-02,1.444747e-02,2.643414e-03,1.217899e-02
3.730144e-01,1.300497e-02,2.257613e-02,1.994057e-02,3.439121e-02,5.900744e-02,9.198381e-02,3.391247e-01,3.546502e-03,8.953051e-04,4.633252e-03,9.744173e-03,1.658585e-02,2.504047e-03,9.047635e-03
1.000000e+00,0.000000e+00,0.000000e+00,0.000000e+00,0.000000e+00,0.000000e+00,0.000000e+00,0.000000e+00,0.000000e+00,0.000000e+00,0.000000e+00,0.000000e+00,0.000000e+00,0.000000e+00,0.000000e+00
1.000000e+00,0.000000e+00,0.000000e+00,0.000000e+00,0.000000e+00,0.000000e+00,0.000000e+00,0.000000e+00,0.000000e+00,0.000000e+00,0.000000e+00,0.000000e+00,0.000000e+00,0.000000e+00,0.000000e+00
1.000000e+00,0.000000e+00,0.000000e+00,0.000000e+00,0.000000e+00,0.000000e+00,0.000000e+00,0.000000e+00,0.000000e+00,0.000000e+00,0.000000e+00,0.000000e+00,0.000000e+00,0.000000e+00,0.000000e+00
1.000000e+00,0.000000e+00,0.000000e+00,0.000000e+00,0.000000e+00,0.000000e+00,0.000000e+00,0.000000e+00,0.000000e+00,0.000000e+00,0.000000e+00,0.000000e+00,0.000000e+00,0.000000e+00,0.000000e+00
1.000000e+00,0.000000e+00,0.000000e+00,0.000000e+00,0.000000e+00,0.000000e+00,0.000000e+00,0.000000e+00,0.000000e+00,0.000000e+00,0.000000e+00,0.000000e+00,0.000000e+00,0.000000e+00,0.000000e+00
1.000000e+00,0.000000e+00,0.000000e+00,0.000000e+00,0.000000e+00,0.000000e+00,0.000000e+00,0.000000e+00,0.000000e+00,0.000000e+00,0.000000e+00,0.000000e+00,0.000000e+00,0.000000e+00,0.000000e+00
1.000000e+00,0.000000e+00,0.000000e+00,0.000000e+00,0.000000e+00,0.000000e+00,0.000000e+00,0.000000e+00,0.000000e+00,0.000000e+00,0.000000e+00,0.000000e+00,0.000000e+00,0.000000e+00,0.000000e+00
1.000000e+00,0.000000e+00,0.000000e+00,0.000000e+00,0.000000e+00,0.000000e+00,0.000000e+00,0.000000e+00,0.000000e+00,0.000000e+00,0.000000e+00,0.000000e+00,0.000000e+00,0.000000e+00,0.000000e+00
4.122867e-01,7.977399e-03,5.549163e-03,1.873855e-02,7.075871e-03,8.982369e-02,7.529679e-03,1.784347e-02,4.977461e-03,6.318903e-03,1.787488e-02,1.349283e-02,1.157397e-01,1.467675e-02,2.600949e-01
3.001002e-01,5.885903e-03,5.508867e-03,2.645386e-02,5.155305e-03,7.928891e-02,5.676936e-03,1.443779e-02,5.385555e-03,5.658111e-03,1.610632e-02,1.089811e-02,8.792620e-02,1.372913e-02,4.177887e-01
2.133843e-01,4.738043e-03,5.202121e-03,2.269700e-02,3.920284e-03,9.162319e-02,4.075896e-03,1.036825e-02,5.471456e-03,7.694014e-03,1.230399e-02,7.991855e-03,6.358636e-02,1.014931e-02,5.367939e-01
1.500958e-01,3.898785e-03,4.488316e-03,2.169732e-02,3.088069e-03,1.269371e-01,2.921305e-03,7.415303e-03,5.475220e-03,9.207519e-03,9.835986e-03,6.032488e-03,4.745201e-02,7.435208e-03,5.940195e-01
1.059422e-01,3.740368e-03,3.643197e-03,1.557383e-02,2.374668e-03,9.900069e-02,2.105291e-03,5.228689e-03,5.306344e-03,9.087872e-03,7.345451e-03,4.725886e-03,3.442167e-02,5.885642e-03,6.956182e-01
7.571522e-02,3.064736e-03,3.030879e-03,1.104890e-02,1.914751e-03,7.100581e-02,1.553443e-03,3.708527e-03,4.744175e-03,8.073003e-03,5.567028e-03,3.584318e-03,2.479934e-02,5.561459e-03,7.766284e-01
5.472947e-02,4.452629e-03,6.366161e-03,7.993667e-03,1.440673e-03,5.072102e-02,1.364862e-03,3.246743e-03,9.157732e-03,1.175736e-02,5.402759e-03,2.627311e-03,1.818721e-02,5.878151e-03,8.166742e-01
4.068189e-02,7.426539e-03,5.257671e-03,5.648302e-03,1.097666e-03,3.687942e-02,9.755996e-04,2.373911e-03,1.232877e-02,1.246041e-02,4.815924e-03,1.922576e-03,1.318815e-02,6.673535e-03,8.482696e-01
3.049655e-02,1.386468e-02,4.496747e-03,4.037196e-03,8.693499e-04,2.754849e-02,7.280396e-04,1.931191e-03,1.893554e-02,1.344731e-02,4.095803e-03,1.472260e-03,9.701353e-03,5.937716e-03,8.624377e-01
2.432385e-02,1.896515e-02,5.902259e-03,3.542326e-03,1.155244e-03,3.412454e-02,1.080201e-03,1.613626e-03,5.985685e-02,1.951232e-02,4.780121e-03,4.431016e-03,9.359500e-03,1.221710e-02,7.991359e-01
2.304000e-02,1.837891e-02,5.160958e-03,2.777732e-03,1.718209e-03,2.931623e-02,1.043089e-03,1.307242e-03,5.982696e-02,1.627211e-02,7.776711e-03,3.904505e-03,8.420965e-03,1.479794e-02,8.062584e-01
1.956198e-02,1.467487e-02,4.140974e-03,2.054339e-03,1.636727e-03,2.303423e-02,7.595183e-04,9.415399e-04,1.035052e-01,1.511252e-02,1.581771e-02,3.167500e-03,7.143404e-03,4.830211e-02,7.401474e-01
1.412543e-02,1.101863e-02,3.487439e-03,1.562663e-03,1.560624e-03,1.718608e-02,5.519789e-04,6.665674e-04,1.657205e-01,1.332220e-02,1.291551e-02,2.519889e-03,5.398464e-03,5.619256e-02,6.937715e-01
1.043339e-02,8.231146e-03,2.868419e-03,1.168992e-03,1.350163e-03,1.267390e-02,4.100249e-04,4.732839e-04,1.878058e-01,1.129501e-02,1.212862e-02,1.893600e-03,4.098679e-03,1.189922e-01,6.261768e-01
7.678259e-03,5.942576e-03,2.104942e-03,8.399999e-04,9.880462e-04,9.093191e-03,2.906011e-04,3.321799e-04,1.700034e-01,8.818621e-03,1.386208e-02,1.424203e-03,3.265690e-03,2.290793e-01,5.462770e-01
5.923279e-03,4.467361e-03,1.945951e-03,7.143277e-04,7.820374e-04,6.921510e-03,2.094853e-04,2.428725e-04,2.026674e-01,8.662606e-03,1.400339e-02,1.130108e-03,2.666661e-03,2.558759e-01,4.937872e-01
4.607028e-03,3.338937e-03,2.291011e-03,5.343294e-04,6.259663e-04,5.154389e-03,1.553332e-04,1.939642e-04,1.479667e-01,1.524465e-02,1.363362e-02,8.121174e-04,1.941685e-03,4.353683e-01,3.681319e-01
3.391044e-03,3.115830e-03,2.259463e-03,4.269641e-04,4.890795e-04,3.876091e-03,1.165173e-04,1.549866e-04,1.122830e-01,1.555580e-02,1.557813e-02,6.013917e-04,1.397716e-03,5.764685e-01,2.642856e-01
2.578683e-03,4.556174e-03,2.832274e-03,3.301096e-04,4.735056e-04,3.046596e-03,9.092600e-05,1.385365e-04,9.256281e-02,3.514050e-02,1.521839e-02,4.517172e-04,1.071427e-03,6.438619e-01,1.976465e-01
2.233523e-03,1.419256e-02,5.940637e-03,4.722269e-04,7.242615e-04,5.225481e-03,9.585005e-05,2.429387e-04,1.007107e-01,1.285740e-01,1.743924e-02,7.774794e-04,1.898894e-03,5.708308e-01,1.506415e-01
2.094122e-03,1.281992e-02,7.093356e-03,6.958245e-04,1.459487e-03,4.890589e-03,1.251762e-04,2.520297e-04,9.456441e-02,2.316176e-01,1.611435e-02,8.889310e-04,2.070557e-03,4.868699e-01,1.384438e-01
4.424032e-03,1.500278e-02,1.631993e-02,2.064640e-03,5.756050e-03,4.537140e-03,6.512342e-04,2.080761e-02,1.377100e-01,2.746780e-01,2.520204e-02,1.172107e-03,5.285310e-03,3.768097e-01,1.095796e-01
1.183654e-02,1.887159e-02,2.448525e-02,1.260793e-02,1.716017e-02,1.039258e-02,6.152882e-04,2.139859e-02,1.626703e-01,3.078957e-01,2.035367e-02,1.328368e-03,4.464895e-03,2.829256e-01,1.029936e-01
1.419927e-02,1.838628e-02,1.075021e-01,6.074338e-02,3.335767e-02,8.811025e-03,7.432050e-04,2.178001e-02,1.555797e-01,2.640554e-01,1.692455e-02,1.636070e-03,4.298124e-03,2.065323e-01,8.545095e-02
2.287183e-02,1.565744e-02,2.334386e-01,1.196086e-01,4.446356e-02,9.018189e-03,8.497729e-04,1.740660e-02,1.148061e-01,1.924610e-01,1.562967e-02,1.398885e-03,4.095308e-03,1.455357e-01,6.275885e-02
3.188426e-02,1.561793e-02,2.184752e-01,1.044778e-01,3.771754e-02,9.529297e-03,7.762939e-04,1.378604e-02,1.130298e-01,2.018683e-01,1.943978e-02,1.356315e-03,4.406179e-03,1.070978e-01,1.205376e-01
3.684254e-02,2.899774e-02,1.778059e-01,1.163209e-01,3.456008e-02,1.082166e-02,1.395728e-03,1.065885e-02,1.303166e-01,1.790464e-01,6.070444e-02,4.186960e-03,1.330587e-02,7.575160e-02,1.192847e-01
7.625255e-02,3.280391e-02,1.580384e-01,9.843808e-02,4.652386e-02,1.506685e-02,2.225839e-03,8.698766e-02,1.144149e-01,1.425207e-01,5.145786e-02,4.996452e-03,1.267475e-02,5.545754e-02,1.021406e-01
9.799166e-02,3.899321e-02,1.937150e-01,1.241439e-01,5.642765e-02,1.763844e-02,3.803060e-03,8.441854e-02,9.715109e-02,1.075380e-01,4.153921e-02,4.419387e-03,1.001409e-02,3.996526e-02,8.224148e-02
1.568615e-01,4.629052e-02,1.557986e-01,1.004285e-01,7.110290e-02,1.732823e-02,3.729250e-03,1.157442e-01,9.773026e-02,8.391906e-02,3.185839e-02,4.635461e-03,8.550938e-03,3.233441e-02,7.368771e-02
2.006853e-01,5.937555e-02,1.198763e-01,7.528324e-02,7.408717e-02,1.518294e-02,4.458802e-03,1.481783e-01,8.459688e-02,8.927594e-02,2.467716e-02,4.571225e-03,9.172769e-03,2.593566e-02,6.464276e-02
2.723734e-01,8.628023e-02,9.613901e-02,6.160473e-02,7.103129e-02,1.758874e-02,5.488212e-03,1.150120e-01,8.870899e-02,7.175443e-02,2.139643e-02,5.430041e-03,1.130767e-02,2.192354e-02,5.396130e-02
3.897637e-01,9.784364e-02,7.243723e-02,4.885920e-02,5.547196e-02,1.867286e-02,4.697439e-03,8.660999e-02,7.109211e-02,5.355983e-02,1.672403e-02,8.107003e-03,1.061422e-02,1.754305e-02,4.800381e-02
4.635885e-01,1.081311e-01,5.394342e-02,4.076604e-02,4.483622e-02,1.931992e-02,4.068597e-03,6.930028e-02,5.963183e-02,4.194846e-02,1.388051e-02,1.063101e-02,1.014498e-02,1.381427e-02,4.599500e-02
3.985538e-01,1.371889e-01,4.054144e-02,4.551545e-02,3.439459e-02,2.198025e-02,3.483955e-03,5.078496e-02,6.874382e-02,6.168326e-02,1.584576e-02,2.269691e-02,1.841669e-02,1.083560e-02,6.933460e-02
3.273295e-01,1.166063e-01,3.110303e-02,5.951355e-02,2.650868e-02,1.807968e-02,2.991670e-03,4.060049e-02,1.186261e-01,8.298287e-02,1.797738e-02,2.548665e-02,2.725351e-02,8.948132e-03,9.599253e-02
2.561493e-01,1.241699e-01,3.266327e-02,1.137240e-01,2.046683e-02,1.370674e-02,2.327987e-03,2.944809e-02,1.340979e-01,1.017029e-01,1.950219e-02,2.409793e-02,2.723114e-02,7.153243e-03,9.355871e-02
3.387560e-01,9.598098e-02,2.544681e-02,9.776616e-02,1.704955e-02,1.527884e-02,2.522549e-03,2.367148e-02,1.090628e-01,7.915556e-02,2.656944e-02,3.689177e-02,3.427719e-02,1.047687e-02,8.709402e-02
4.044973e-01,7.619575e-02,1.938095e-02,8.244804e-02,1.650925e-02,1.709986e-02,3.074392e-03,1.891286e-02,1.123593e-01,5.902561e-02,3.187260e-02,4.390576e-02,3.617664e-02,8.762925e-03,6.977874e-02
3.554712e-01,9.722589e-02,1.409282e-02,7.396881e-02,1.710223e-02,1.495940e-02,2.657843e-03,1.528556e-02,1.969560e-01,4.532662e-02,3.164724e-02,3.440325e-02,4.050863e-02,7.055533e-03,5.333899e-02
3.362643e-01,8.695088e-02,1.097642e-02,7.280435e-02,1.689608e-02,1.733253e-02,2.910637e-03,1.453030e-02,2.461217e-01,3.802514e-02,2.862478e-02,3.105610e-02,3.833980e-02,6.540824e-03,5.262609e-02
4.062536e-01,7.423905e-02,9.568039e-03,6.146372e-02,1.680226e-02,2.981802e-02,2.874910e-03,1.231732e-02,2.104911e-01,2.940890e-02,2.496061e-02,3.191926e-02,3.571993e-02,6.361822e-03,4.780148e-02
4.666784e-01,6.239658e-02,9.745799e-03,5.538841e-02,1.835075e-02,2.713933e-02,3.439896e-03,1.469024e-02,1.747441e-01,2.289741e-02,2.591895e-02,3.732736e-02,3.149319e-02,6.610854e-03,4.317870e-02
1.000000e+00,0.000000e+00,0.000000e+00,0.000000e+00,0.000000e+00,0.000000e+00,0.000000e+00,0.000000e+00,0.000000e+00,0.000000e+00,0.000000e+00,0.000000e+00,0.000000e+00,0.000000e+00,0.000000e+00
1.000000e+00,0.000000e+00,0.000000e+00,0.000000e+00,0.000000e+00,0.000000e+00,0.000000e+00,0.000000e+00,0.000000e+00,0.000000e+00,0.000000e+00,0.000000e+00,0.000000e+00,0.000000e+00,0.000000e+00
1.000000e+00,0.000000e+00,0.000000e+00,0.000000e+00,0.000000e+00,0.000000e+00,0.000000e+00,0.000000e+00,0.000000e+00,0.000000e+00,0.000000e+00,0.000000e+00,0.000000e+00,0.000000e+00,0.000000e+00
1.000000e+00,0.000000e+00,0.000000e+00,0.000000e+00,0.000000e+00,0.000000e+00,0.000000e+00,0.000000e+00,0.000000e+00,0.000000e+00,0.000000e+00,0.000000e+00,0.000000e+00,0.000000e+00,0.000000e+00
1.000000e+00,0.000000e+00,0.000000e+00,0.000000e+00,0.000000e+00,0.000000e+00,0.000000e+00,0.000000e+00,0.000000e+00,0.000000e+00,0.000000e+00,0.000000e+00,0.000000e+00,0.000000e+00,0.000000e+00
1.000000e+00,0.000000e+00,0.000000e+00,0.000000e+00,0.000000e+00,0.000000e+00,0.000000e+00,0.000000e+00,0.000000e+00,0.000000e+00,0.000000e+00,0.000000e+00,0.000000e+00,0.000000e+00,0.000000e+00
4.668448e-01,5.106645e-02,1.713876e-02,3.272500e-02,1.885851e-02,2.579490e-02,3.555954e-03,3.514598e-02,6.115158e-02,2.320655e-02,6.386910e-02,3.422437e-02,2.570182e-02,5.162913e-02,8.908705e-02
4.890879e-01,4.218837e-02,1.464174e-02,3.419452e-02,1.911434e-02,3.104675e-02,3.645226e-03,3.054962e-02,5.682588e-02,1.922603e-02,5.669712e-02,3.929094e-02,2.898195e-02,4.727560e-02,8.723401e-02
4.435132e-01,3.503944e-02,1.349998e-02,3.813916e-02,1.908210e-02,3.046415e-02,4.174577e-03,3.108514e-02,1.363345e-01,1.651147e-02,4.712787e-02,3.325734e-02,2.516709e-02,4.390043e-02,8.270355e-02
4.223143e-01,2.752361e-02,1.157014e-02,3.062035e-02,1.788336e-02,3.019452e-02,3.858206e-03,2.430315e-02,1.765201e-01,1.960812e-02,4.214653e-02,3.523386e-02,2.552019e-02,5.809702e-02,7.460649e-02
3.777429e-01,2.242440e-02,9.593761e-03,2.394484e-02,1.563765e-02,2.753153e-02,3.077286e-03,1.843624e-02,1.661260e-01,1.643465e-02,5.444238e-02,3.235628e-02,2.584683e-02,8.699389e-02,1.194113e-01
3.630417e-01,1.800944e-02,8.527827e-03,1.898763e-02,1.353515e-02,2.285415e-02,2.616435e-03,1.620543e-02,1.698975e-01,1.712529e-02,5.220620e-02,2.917820e-02,2.431345e-02,8.012806e-02,1.633736e-01
2.972293e-01,1.444504e-02,6.617980e-03,1.481812e-02,1.107789e-02,2.411466e-02,2.197898e-03,1.351917e-02,2.612658e-01,1.501528e-02,6.114180e-02,2.992329e-02,6.048926e-02,5.934122e-02,1.288033e-01
2.210786e-01,1.103605e-02,6.413016e-03,1.699420e-02,1.027624e-02,2.260092e-02,1.750885e-03,1.749700e-02,2.532982e-01,1.598871e-02,1.232372e-01,3.494553e-02,1.101978e-01,4.414290e-02,1.105428e-01
1.639342e-01,1.040829e-02,3.334985e-02,1.718330e-02,1.184993e-02,1.648405e-02,1.452580e-03,1.701818e-02,2.127297e-01,1.313716e-02,2.416890e-01,4.943731e-02,9.963134e-02,3.214129e-02,7.955381e-02
1.203049e-01,8.205141e-03,3.281951e-02,3.169217e-02,1.438147e-02,1.210473e-02,1.300922e-03,2.305286e-02,2.832713e-01,1.089227e-02,2.179426e-01,4.051854e-02,8.450547e-02,2.776537e-02,9.124270e-02
1.082027e-01,9.358522e-03,4.710215e-02,1.437251e-01,1.970211e-02,1.097263e-02,1.810879e-03,1.761312e-02,3.047934e-01,8.047552e-03,1.551697e-01,2.898203e-02,6.012397e-02,1.976477e-02,6.463133e-02
1.212261e-01,9.737954e-03,5.521227e-02,1.435672e-01,2.924756e-02,9.235106e-03,2.285839e-03,1.756459e-02,3.621496e-01,7.012262e-03,1.154480e-01,2.094686e-02,4.336885e-02,1.495816e-02,4.803969e-02
1.612853e-01,1.472213e-02,5.500252e-02,1.197093e-01,3.336878e-02,1.050186e-02,2.296638e-03,2.161340e-02,3.448959e-01,7.657010e-03,9.314509e-02,1.669649e-02,3.301169e-02,2.071859e-02,6.537537e-02
1.945986e-01,2.295060e-02,5.664369e-02,1.098921e-01,3.873090e-02,1.489631e-02,2.479584e-03,3.333408e-02,3.023329e-01,1.021529e-02,8.116050e-02,1.492765e-02,2.688975e-02,2.346291e-02,6.748512e-02
1.460928e-01,2.615227e-02,4.574979e-02,9.429704e-02,3.681124e-02,1.149925e-02,1.910062e-03,2.409087e-02,4.277957e-01,8.290702e-03,7.206192e-02,1.146706e-02,2.435640e-02,1.722470e-02,5.220020e-02
1.140839e-01,2.394214e-02,3.570626e-02,9.892327e-02,4.484881e-02,1.142841e-02,1.547185e-03,1.771785e-02,3.660096e-01,6.935182e-03,1.387421e-01,1.185148e-02,4.050108e-02,2.726351e-02,6.049921e-02
8.797977e-02,1.886206e-02,2.617422e-02,8.140513e-02,5.049192e-02,9.274557e-03,1.263916e-03,1.273939e-02,3.047632e-01,6.194714e-03,2.317898e-01,1.067964e-02,5.362791e-02,5.495144e-02,4.980240e-02
9.523401e-02,1.742147e-02,2.099090e-02,7.026173e-02,4.584953e-02,1.073922e-02,1.148282e-03,9.726660e-03,2.541736e-01,7.119018e-03,2.420931e-01,1.044644e-02,5.348919e-02,1.164528e-01,4.485406e-02
8.207031e-02,1.427408e-02,1.574895e-02,5.360601e-02,3.577759e-02,1.170203e-02,1.126876e-03,7.285929e-03,1.962036e-01,7.511231e-03,2.285832e-01,9.940531e-03,4.607561e-02,2.535800e-01,3.651410e-02
8.295810e-02,1.188097e-02,1.170943e-02,3.995424e-02,2.732148e-02,1.034840e-02,1.077675e-03,5.572516e-03,1.435236e-01,7.536097e-03,2.586207e-01,8.026384e-03,3.504790e-02,3.255293e-01,3.089313e-02
5.914598e-02,8.833877e-03,9.500191e-03,2.859914e-02,2.040238e-02,2.106346e-02,9.590469e-04,4.702000e-03,1.076626e-01,6.619564e-03,2.431228e-01,6.216087e-03,2.538911e-02,4.351734e-01,2.261039e-02
4.272740e-02,7.079083e-03,1.739943e-02,2.117212e-02,1.564244e-02,4.454021e-02,1.104907e-03,4.994085e-03,8.238791e-02,8.664015e-03,2.383262e-01,4.960856e-03,1.865150e-02,4.748434e-01,1.750644e-02
3.346635e-02,6.340780e-03,1.385768e-02,1.785698e-02,1.263822e-02,4.643160e-02,1.540928e-03,4.822852e-03,7.990160e-02,1.515171e-02,2.224302e-01,4.714375e-03,1.400783e-02,5.121987e-01,1.464024e-02
2.699100e-02,5.442515e-03,1.186953e-02,1.627054e-02,9.587319e-03,3.626552e-02,1.301849e-03,4.227779e-03,6.881589e-02,1.665495e-02,2.289715e-01,4.210733e-03,1.052452e-02,5.463398e-01,1.252668e-02
2.125492e-02,4.633122e-03,9.187318e-03,1.708527e-02,7.476137e-03,2.797999e-02,1.106963e-03,3.988863e-03,5.474528e-02,1.941815e-02,2.555121e-01,3.442221e-03,8.622896e-03,5.527656e-01,1.278120e-02
1.647762e-02,3.450611e-03,6.689989e-03,1.398802e-02,7.107808e-03,2.058564e-02,1.046178e-03,3.608917e-03,5.276646e-02,5.530053e-02,2.564883e-01,4.138439e-03,7.882482e-03,5.378803e-01,1.258874e-02
1.317072e-02,2.559009e-03,4.818750e-03,1.111623e-02,8.604650e-03,1.512985e-02,9.954006e-04,3.238885e-03,6.886643e-02,1.142498e-01,2.258958e-01,6.215828e-03,1.074333e-02,4.990571e-01,1.533816e-02
2.154784e-02,6.417986e-03,4.578858e-03,8.861968e-03,2.300880e-02,1.268108e-02,8.567965e-04,2.897185e-03,1.781823e-01,1.116183e-01,1.862294e-01,6.718714e-03,1.328989e-02,4.092235e-01,1.388734e-02
3.740526e-02,1.152508e-02,1.264504e-02,1.856202e-02,3.549401e-02,1.118013e-02,1.023660e-03,4.099507e-02,2.204749e-01,1.264397e-01,1.473694e-01,7.068592e-03,1.627349e-02,3.017915e-01,1.175209e-02
8.991940e-02,1.382301e-02,1.349947e-02,3.028081e-02,3.420980e-02,1.264491e-02,1.424370e-03,3.634015e-02,2.269403e-01,1.454238e-01,1.247679e-01,1.062912e-02,1.930380e-02,2.292517e-01,1.154150e-02
1.368331e-01,1.495713e-02,1.357204e-02,2.870699e-02,2.732063e-02,3.155217e-02,1.577383e-03,3.262265e-02,2.323535e-01,1.138921e-01,1.110931e-01,2.399943e-02,3.907183e-02,1.737524e-01,1.869561e-02
1.559203e-01,1.603784e-02,1.866855e-02,2.931276e-02,2.607355e-02,3.454831e-02,1.971776e-03,5.387978e-02,2.284541e-01,8.733449e-02,1.014304e-01,3.267135e-02,4.843206e-02,1.405414e-01,2.472346e-02
1.717966e-01,3.450589e-02,2.268460e-02,2.711005e-02,2.647521e-02,3.680205e-02,2.257769e-03,6.112873e-02,2.314304e-01,7.266460e-02,7.996330e-02,2.832278e-02,4.560802e-02,1.298871e-01,2.936305e-02
1.305877e-01,4.127071e-02,3.319245e-02,2.386623e-02,3.167410e-02,4.554552e-02,2.469987e-03,1.082274e-01,2.724823e-01,5.551708e-02,6.107765e-02,2.236016e-02,4.617858e-02,1.015531e-01,2.399708e-02
1.038958e-01,4.637460e-02,5.120204e-02,2.746323e-02,3.598231e-02,4.365164e-02,2.440034e-03,1.924590e-01,2.516882e-01,4.294484e-02,4.804912e-02,1.735118e-02,3.773985e-02,7.894848e-02,1.980968e-02
9.363588e-02,5.096819e-02,5.376166e-02,3.680024e-02,3.523692e-02,4.923665e-02,3.365302e-03,1.580079e-01,2.244230e-01,3.745390e-02,5.431440e-02,3.069262e-02,7.081880e-02,6.993757e-02,3.134701e-02
8.489127e-02,3.957217e-02,4.311920e-02,4.166664e-02,3.755680e-02,3.917899e-02,3.331237e-03,1.179247e-01,1.699428e-01,2.881362e-02,5.651470e-02,5.882302e-02,1.887216e-01,6.146171e-02,2.848167e-02
8.861224e-02,3.792770e-02,3.915736e-02,3.142145e-02,3.662067e-02,3.132218e-02,4.726744e-03,9.610716e-02,1.297906e-01,2.197688e-02,6.247143e-02,1.023384e-01,2.347842e-01,5.589835e-02,2.684463e-02
7.809398e-02,3.613364e-02,4.017292e-02,2.279138e-02,3.168873e-02,3.640855e-02,6.374886e-03,8.827542e-02,1.101686e-01,1.644317e-02,5.238482e-02,1.470082e-01,2.619346e-01,4.563957e-02,2.648153e-02
6.670873e-02,3.369011e-02,5.677946e-02,1.648822e-02,2.615710e-02,3.995103e-02,6.742725e-03,1.049977e-01,8.866238e-02,1.253795e-02,4.016542e-02,1.814984e-01,2.649867e-01,3.755276e-02,2.308136e-02
6.141463e-02,3.813693e-02,6.956708e-02,1.301879e-02,2.337670e-02,3.820678e-02,6.129956e-03,1.407516e-01,8.348250e-02,1.026132e-02,3.054253e-02,1.688733e-01,2.634901e-01,2.848443e-02,2.426339e-02
5.421982e-02,2.907522e-02,8.133933e-02,1.220449e-02,2.352398e-02,3.091809e-02,7.246980e-03,2.213383e-01,7.402543e-02,8.052747e-03,2.256512e-02,1.622849e-01,2.298601e-01,2.122841e-02,2.211715e-02
5.475915e-02,2.295085e-02,8.319014e-02,1.416784e-02,2.756262e-02,2.589489e-02,9.171037e-03,3.126859e-01,7.412155e-02,6.646321e-03,1.686230e-02,1.257871e-01,1.817135e-01,1.737310e-02,2.711372e-02
7.441550e-02,4.096622e-02,7.816193e-02,1.318091e-02,2.914933e-02,3.462444e-02,1.254116e-02,3.172094e-01,1.053209e-01,7.580386e-03,1.213649e-02,1.038718e-01,1.327137e-01,1.316020e-02,2.496775e-02
7.946676e-02,3.980608e-02,8.164241e-02,1.511939e-02,4.032228e-02,7.606112e-02,1.703175e-02,3.066187e-01,1.193902e-01,7.372539e-03,9.333076e-03,7.827374e-02,9.613439e-02,9.837360e-03,2.359032e-02
9.989004e-02,3.017760e-02,6.394235e-02,4.019548e-02,3.869577e-02,1.273388e-01,1.804976e-02,2.277259e-01,9.978077e-02,1.077499e-02,2.929438e-02,9.865649e-02,8.063190e-02,1.070327e-02,2.414256e-02
9.926313e-02,2.275733e-02,4.645089e-02,3.917114e-02,3.265593e-02,1.197657e-01,1.465890e-02,1.640582e-01,9.653293e-02,1.757223e-02,9.705009e-02,1.275482e-01,7.746553e-02,1.726532e-02,2.778452e-02
1.021202e-01,1.813022e-02,3.308618e-02,3.253692e-02,2.934488e-02,9.299662e-02,1.072672e-02,1.166399e-01,1.038685e-01,2.103336e-02,1.804810e-01,1.227764e-01,7.688339e-02,3.321778e-02,2.615800e-02
1.673448e-01,1.457796e-02,2.350436e-02,2.434365e-02,2.284764e-02,6.818939e-02,7.652921e-03,8.215742e-02,9.930041e-02,1.731811e-02,2.409170e-01,1.054966e-01,6.187480e-02,4.244133e-02,2.203368e-02
2.205543e-01,1.150146e-02,1.675174e-02,1.806839e-02,1.786828e-02,5.023150e-02,5.527563e-03,5.785621e-02,8.041559e-02,1.552864e-02,2.649184e-01,8.612531e-02,5.079638e-02,8.478224e-02,1.907406e-02
1.944436e-01,1.237428e-02,1.243234e-02,1.324889e-02,1.346777e-02,3.620756e-02,3.933020e-03,4.074797e-02,7.359110e-02,1.505430e-02,3.314340e-01,8.338464e-02,4.067937e-02,1.135814e-01,1.541973e-02
1.663613e-01,9.489659e-03,1.028429e-02,1.020495e-02,1.029833e-02,3.134388e-02,3.092444e-03,2.968791e-02,5.928239e-02,2.845928e-02,4.130136e-01,8.365846e-02,3.257359e-02,9.996109e-02,1.228888e-02
1.589994e-01,7.899332e-03,2.582910e-02,1.587308e-02,1.056555e-02,2.353059e-02,3.637617e-03,4.940064e-02,6.851054e-02,2.557430e-02,4.205419e-01,7.473586e-02,2.657210e-02,7.868463e-02,9.645326e-03
1.549860e-01,7.315375e-03,2.220695e-02,3.658748e-02,9.377139e-03,1.922744e-02,3.373171e-03,4.176637e-02,6.978697e-02,4.404741e-02,3.717229e-01,6.370975e-02,2.269003e-02,1.240677e-01,9.135306e-03
1.110657e-01,5.842187e-03,1.666950e-02,2.679351e-02,7.593820e-03,1.402725e-02,2.533333e-03,3.074106e-02,5.423964e-02,3.698611e-02,2.997949e-01,5.253027e-02,1.735548e-02,3.153225e-01,8.504719e-03
7.825371e-02,5.455324e-03,1.202967e-02,1.891336e-02,5.646662e-03,1.008802e-02,1.789986e-03,2.176912e-02,4.415524e-02,2.680602e-02,2.245970e-01,4.026953e-02,1.279725e-02,4.874354e-01,9.993775e-03
5.520180e-02,9.397151e-03,1.048053e-02,1.341385e-02,4.919941e-03,7.343018e-03,1.264388e-03,1.582067e-02,4.461073e-02,2.004022e-02,1.936348e-01,3.012583e-02,9.644286e-03,5.740432e-01,1.005958e-02
3.916175e-02,8.179824e-03,1.043346e-02,9.773886e-03,3.780904e-03,5.555821e-03,9.113118e-04,1.587290e-02,3.734338e-02,1.495675e-02,1.566177e-01,2.234697e-02,7.208840e-03,6.600941e-01,7.762386e-03
2.895534e-02,7.716791e-03,9.299265e-03,7.420201e-03,2.900631e-03,4.303556e-03,6.566229e-04,1.976754e-02,3.274800e-02,1.099600e-02,1.173133e-01,1.647090e-02,5.546976e-03,7.296727e-01,6.232310e-03
2.155624e-02,2.418130e-02,1.552032e-02,5.311428e-03,2.511944e-03,5.336177e-03,5.075348e-04,1.460786e-02,4.608605e-02,7.912454e-03,8.784686e-02,1.172861e-02,4.248053e-03,7.431556e-01,9.489672e-03
1.885337e-02,8.974092e-02,5.879088e-02,4.696636e-03,2.401679e-03,4.927964e-03,4.269873e-04,1.370881e-02,7.639928e-02,5.786185e-03,6.341534e-02,8.284361e-03,3.195978e-03,6.412053e-01,8.166376e-03
1.972067e-02,7.925981e-02,1.672350e-01,4.626503e-03,2.623744e-03,4.529743e-03,3.825570e-04,1.413277e-02,7.029422e-02,4.261789e-03,4.571472e-02,5.835505e-03,2.484306e-03,5.722257e-01,6.673027e-03
1.939993e-02,7.140172e-02,2.771936e-01,4.342804e-03,5.363112e-03,3.923682e-03,3.591574e-04,2.567843e-02,6.771861e-02,3.398156e-03,3.317465e-02,4.142134e-03,1.902610e-03,4.757993e-01,6.202160e-03
2.171752e-02,9.062028e-02,2.645167e-01,4.102023e-03,1.298324e-02,4.901537e-03,5.638822e-04,4.395061e-02,9.126604e-02,2.812157e-03,2.452376e-02,2.988687e-03,1.628706e-03,4.265960e-01,6.829020e-03
2.488017e-02,1.199526e-01,2.325565e-01,3.563980e-03,2.009382e-02,4.792314e-03,7.397304e-04,5.757287e-02,9.990677e-02,2.746686e-03,1.873712e-02,2.215719e-03,1.533543e-03,4.013266e-01,9.381651e-03
3.423446e-02,1.037678e-01,2.909493e-01,8.979766e-03,3.146236e-02,4.871435e-03,1.075923e-03,7.427335e-02,8.369099e-02,2.337181e-03,1.407556e-02,1.765296e-03,1.654346e-03,3.361283e-01,1.073387e-02
3.938167e-02,9.528498e-02,3.730788e-01,1.719318e-02,3.065999e-02,4.408264e-03,9.600262e-04,8.333436e-02,6.745642e-02,3.404926e-03,1.049168e-02,1.514380e-03,1.540430e-03,2.501857e-01,2.110530e-02
4.761408e-02,8.058959e-02,4.379023e-01,1.585842e-02,2.874941e-02,4.575920e-03,9.125805e-04,7.274695e-02,6.071644e-02,5.407385e-03,8.128068e-03,1.448256e-03,1.343544e-03,2.106808e-01,2.332632e-02
6.907587e-02,7.218941e-02,4.628810e-01,2.430490e-02,2.629053e-02,4.699063e-03,8.132537e-04,5.678314e-02,7.025435e-02,7.073690e-03,7.317555e-03,1.904886e-03,1.588367e-03,1.674936e-01,2.733039e-02
8.474743e-02,5.649633e-02,5.017319e-01,3.302011e-02,2.538656e-02,4.640521e-03,7.474911e-04,5.136277e-02,7.117254e-02,6.942463e-03,5.794741e-03,1.944010e-03,1.464320e-03,1.264605e-01,2.808834e-02
1.180758e-01,5.266617e-02,4.805074e-01,3.372708e-02,2.803171e-02,6.774155e-03,1.199245e-03,5.726399e-02,7.398440e-02,9.911424e-03,5.258901e-03,3.014127e-03,1.706127e-03,9.654597e-02,3.133348e-02
1.993189e-01,5.089844e-02,3.675756e-01,3.100992e-02,3.862857e-02,1.195719e-02,1.470622e-03,9.589584e-02,8.044093e-02,8.817998e-03,5.617397e-03,4.505822e-03,2.377448e-03,7.728907e-02,2.419626e-02
2.844455e-01,4.377589e-02,2.681833e-01,2.755712e-02,6.313381e-02,2.490520e-02,3.743662e-03,8.601129e-02,8.803432e-02,8.490477e-03,6.355020e-03,5.503167e-03,1.401198e-02,5.480414e-02,2.104519e-02
2.398426e-01,3.912672e-02,1.894260e-01,4.740327e-02,4.559549e-02,3.115600e-02,3.160259e-03,6.106544e-02,9.104699e-02,1.460303e-02,1.021527e-02,3.765613e-02,1.000976e-01,3.910138e-02,5.050378e-02
2.162916e-01,2.879858e-02,1.343982e-01,5.817454e-02,3.939256e-02,3.043487e-02,3.369324e-03,4.550824e-02,6.808644e-02,1.232979e-02,1.247927e-02,3.194150e-02,2.492755e-01,2.774542e-02,4.177417e-02
1.545082e-01,2.188682e-02,9.476791e-02,4.661769e-02,3.009764e-02,4.252099e-02,6.320504e-03,3.213870e-02,5.290320e-02,2.793950e-02,1.645620e-02,3.326995e-02,3.287069e-01,2.228980e-02,8.957601e-02
1.127798e-01,1.692299e-02,6.887206e-02,5.078104e-02,2.546274e-02,3.851413e-02,6.281135e-03,2.426031e-02,4.134614e-02,4.233483e-02,3.435209e-02,4.627928e-02,3.689204e-01,1.755432e-02,1.053388e-01
8.820620e-02,1.453765e-02,6.158482e-02,6.326299e-02,2.303010e-02,3.963406e-02,7.090249e-03,2.674766e-02,4.735380e-02,4.457803e-02,4.601485e-02,7.511105e-02,3.459615e-01,1.776583e-02,9.912128e-02
1.303715e-01,1.155410e-02,4.624989e-02,5.697365e-02,1.831938e-02,3.479327e-02,7.355854e-03,2.037428e-02,4.150975e-02,5.760965e-02,6.194606e-02,1.030810e-01,2.870869e-01,2.008991e-02,1.026849e-01
1.100079e-01,9.524219e-03,3.308596e-02,4.446015e-02,1.433153e-02,2.813234e-02,6.152141e-03,1.560797e-02,4.248961e-02,6.721625e-02,6.060527e-02,8.715156e-02,2.253229e-01,3.448728e-02,2.214250e-01
9.483786e-02,7.548400e-03,2.348723e-02,3.196508e-02,1.053755e-02,2.057920e-02,4.731589e-03,1.111482e-02,3.373237e-02,6.069315e-02,4.969663e-02,6.617790e-02,1.629943e-01,9.522226e-02,3.266817e-01
7.409336e-02,6.809636e-03,1.688578e-02,2.297335e-02,7.888240e-03,1.558998e-02,3.687961e-03,8.109161e-03,3.605570e-02,5.622750e-02,4.402213e-02,5.242256e-02,1.245079e-01,1.025034e-01,4.282234e-01
5.724057e-02,7.186326e-03,1.330533e-02,1.807969e-02,6.712384e-03,1.222210e-02,3.209526e-03,6.003991e-03,8.078820e-02,6.329316e-02,4.075392e-02,4.070096e-02,9.450073e-02,9.186129e-02,4.641419e-01
6.843254e-02,7.252919e-03,1.028217e-02,1.591855e-02,6.167735e-03,1.061419e-02,2.440371e-03,4.444710e-03,9.615568e-02,8.960897e-02,8.899283e-02,3.621925e-02,8.385948e-02,8.331063e-02,3.963000e-01
1.246749e-01,1.830180e-02,1.293322e-02,1.570773e-02,5.880271e-03,9.901480e-03,1.858914e-03,3.590007e-03,9.114948e-02,7.275056e-02,1.420388e-01,3.546668e-02,6.905370e-02,1.004776e-01,2.962147e-01
1.250974e-01,1.913732e-02,2.135225e-02,1.803635e-02,5.154012e-03,9.539949e-03,1.509197e-03,7.237920e-03,9.364054e-02,6.121612e-02,1.235109e-01,3.446733e-02,5.935303e-02,1.276215e-01,2.931261e-01
9.927651e-02,1.711713e-02,6.075480e-02,2.324318e-02,5.047226e-03,8.019650e-03,1.280462e-03,1.008337e-02,1.452035e-01,6.770407e-02,1.210938e-01,2.757651e-02,4.924293e-02,1.112583e-01,2.530986e-01
8.977325e-02,3.136972e-02,9.836382e-02,2.100018e-02,5.490470e-03,9.415389e-03,1.413469e-03,9.036101e-03,2.136860e-01,5.391815e-02,1.128966e-01,2.282728e-02,4.434365e-02,9.207904e-02,1.943869e-01
1.040773e-01,3.020553e-02,1.143317e-01,2.481277e-02,1.233239e-02,9.297111e-03,1.452898e-03,3.152747e-02,1.981792e-01,4.536312e-02,1.108230e-01,2.084732e-02,3.999642e-02,1.096098e-01,1.471439e-01
8.732267e-02,3.177438e-02,1.184286e-01,2.721991e-02,2.938005e-02,1.320409e-02,2.836251e-03,3.655700e-02,2.001988e-01,3.665476e-02,1.048523e-01,2.438832e-02,4.444981e-02,1.304250e-01,1.123081e-01
7.170004e-02,2.877758e-02,9.566816e-02,2.166961e-02,2.668012e-02,1.122733e-02,2.347559e-03,3.536988e-02,1.673346e-01,2.713658e-02,8.412626e-02,1.974015e-02,3.848404e-02,2.576836e-01,1.120545e-01
6.827348e-02,2.836326e-02,7.166435e-02,1.785546e-02,2.325264e-02,1.007070e-02,1.924425e-03,3.119227e-02,1.650653e-01,2.142824e-02,7.196546e-02,1.576975e-02,3.301000e-02,3.356594e-01,1.045053e-01
7.805182e-02,2.481958e-02,5.642999e-02,2.528399e-02,2.340649e-02,1.060176e-02,1.996906e-03,5.084517e-02,1.996891e-01,1.875869e-02,7.823068e-02,1.327193e-02,3.187574e-02,3.054666e-01,8.127156e-02
7.788698e-02,2.600882e-02,4.990791e-02,2.489077e-02,3.429088e-02,1.062719e-02,2.662559e-03,5.431975e-02,2.385491e-01,1.635579e-02,6.938219e-02,1.077631e-02,2.690021e-02,2.912642e-01,6.617738e-02
6.093201e-02,2.980557e-02,5.366044e-02,6.706139e-02,3.361537e-02,1.333462e-02,2.474389e-03,5.325314e-02,3.167478e-01,1.429614e-02,5.290965e-02,8.393739e-03,2.270010e-02,2.186011e-01,5.221456e-02
7.445554e-02,3.237161e-02,4.177382e-02,8.327593e-02,4.165515e-02,1.350485e-02,4.312794e-03,4.054905e-02,2.998215e-01,1.320877e-02,4.630459e-02,8.243969e-03,3.855845e-02,1.649051e-01,9.705886e-02
7.680552e-02,5.836737e-02,3.361601e-02,8.119930e-02,3.916468e-02,1.407254e-02,3.768449e-03,3.029184e-02,3.206718e-01,1.288730e-02,3.916189e-02,9.449885e-03,3.864989e-02,1.209017e-01,1.209918e-01
