1.000000e+00,0.000000e+00,0.000000e+00,0.000000e+00,0.000000e+00,0.000000e+00,0.000000e+00,0.000000e+00,0.000000e+00,0.000000e+00,0.000000e+00,0.000000e+00,0.000000e+00,0.000000e+00,0.000000e+00
1.000000e+00,0.000000e+00,0.000000e+00,0.000000e+00,0.000000e+00,0.000000e+00,0.000000e+00,0.000000e+00,0.000000e+00,0.000000e+00,0.000000e+00,0.000000e+00,0.000000e+00,0.000000e+00,0.000000e+00
1.000000e+00,0.000000e+00,0.000000e+00,0.000000e+00,0.000000e+00,0.000000e+00,0.000000e+00,0.000000e+00,0.000000e+00,0.000000e+00,0.000000e+00,0.000000e+00,0.000000e+00,0.000000e+00,0.000000e+00
1.000000e+00,0.000000e+00,0.000000e+00,0.000000e+00,0.000000e+00,0.000000e+00,0.000000e+00,0.000000e+00,0.000000e+00,0.000000e+00,0.000000e+00,0.000000e+00,0.000000e+00,0.000000e+00,0.000000e+00
1.000000e+00,0.000000e+00,0.000000e+00,0.000000e+00,0.000000e+00,0.000000e+00,0.000000e+00,0.000000e+00,0.000000e+00,0.000000e+00,0.000000e+00,0.000000e+00,0.000000e+00,0.000000e+00,0.000000e+00
1.000000e+00,0.000000e+00,0.000000e+00,0.000000e+00,0.000000e+00,0.000000e+00,0.000000e+00,0.000000e+00,0.000000e+00,0.000000e+00,0.000000e+00,0.000000e+00,0.000000e+00,0.000000e+00,0.000000e+00
1.000000e+00,0.000000e+00,0.000000e+00,0.000000e+00,0.000000e+00,0.000000e+00,0.000000e+00,0.000000e+00,0.000000e+00,0.000000e+00,0.000000e+00,0.000000e+00,0.000000e+00,0.000000e+00,0.000000e+00
1.000000e+00,0.000000e+00,0.000000e+00,0.000000e+00,0.000000e+00,0.000000e+00,0.000000e+00,0.000000e+00,0.000000e+00,0.000000e+00,0.000000e+00,0.000000e+00,0.000000e+00,0.000000e+00,0.000000e+00
1.000000e+00,0.000000e+00,0.000000e+00,0.000000e+00,0.000000e+00,0.000000e+00,0.000000e+00,0.000000e+00,0.000000e+00,0.000000e+00,0.000000e+00,0.000000e+00,0.000000e+00,0.000000e+00,0.000000e+00
1.000000e+00,0.000000e+00,0.000000e+00,0.000000e+00,0.000000e+00,0.000000e+00,0.000000e+00,0.000000e+00,0.000000e+00,0.000000e+00,0.000000e+00,0.000000e+00,0.000000e+00,0.000000e+00,0.000000e+00
1.000000e+00,0.000000e+00,0.000000e+00,0.000000e+00,0.000000e+00,0.000000e+00,0.000000e+00,0.000000e+00,0.000000e+00,0.000000e+00,0.000000e+00,0.000000e+00,0.000000e+00,0.000000e+00,0.000000e+00
1.000000e+00,0.000000e+00,0.000000e+00,0.000000e+00,0.000000e+00,0.000000e+00,0.000000e+00,0.000000e+00,0.000000e+00,0.000000e+00,0.000000e+00,0.000000e+00,0.000000e+00,0.000000e+00,0.000000e+00
1.000000e+00,0.000000e+00,0.000000e+00,0.000000e+00,0.000000e+00,0.000000e+00,0.000000e+00,0.000000e+00,0.000000e+00,0.000000e+00,0.000000e+00,0.000000e+00,0.000000e+00,0.000000e+00,0.000000e+00
1.000000e+00,0.000000e+00,0.000000e+00,0.000000e+00,0.000000e+00,0.000000e+00,0.000000e+00,0.000000e+00,0.000000e+00,0.000000e+00,0.000000e+00,0.000000e+00,0.000000e+00,0.000000e+00,0.000000e+00
1.000000e+00,0.000000e+00,0.000000e+00,0.000000e+00,0.000000e+00,0.000000e+00,0.000000e+00,0.000000e+00,0.000000e+00,0.000000e+00,0.000000e+00,0.000000e+00,0.000000e+00,0.000000e+00,0.000000e+00
1.000000e+00,0.000000e+00,0.000000e+00,0.000000e+00,0.000000e+00,0.000000e+00,0.000000e+00,0.000000e+00,0.000000e+00,0.000000e+00,0.000000e+00,0.000000e+00,0.000000e+00,0.000000e+00,0.000000e+00
1.000000e+00,0.000000e+00,0.000000e+00,0.000000e+00,0.000000e+00,0.000000e+00,0.000000e+00,0.000000e+00,0.000000e+00,0.000000e+00,0.000000e+00,0.000000e+00,0.000000e+00,0.000000e+00,0.000000e+00
1.000000e+00,0.000000e+00,0.000000e+00,0.000000e+00,0.000000e+00,0.000000e+00,0.000000e+00,0.000000e+00,0.000000e+00,0.000000e+00,0.000000e+00,0.000000e+00,0.000000e+00,0.000000e+00,0.000000e+00
1.000000e+00,0.000000e+00,0.000000e+00,0.000000e+00,0.000000e+00,0.000000e+00,0.000000e+00,0.000000e+00,0.000000e+00,0.000000e+00,0.000000e+00,0.000000e+00,0.000000e+00,0.000000e+00,0.000000e+00
1.000000e+00,0.000000e+00,0.000000e+00,0.000000e+00,0.000000e+00,0.000000e+00,0.000000e+00,0.000000e+00,0.000000e+00,0.000000e+00,0.000000e+00,0.000000e+00,0.000000e+00,0.000000e+00,0.000000e+00
1.000000e+00,0.000000e+00,0.000000e+00,0.000000e+00,0.000000e+00,0.000000e+00,0.000000e+00,0.000000e+00,0.000000e+00,0.000000e+00,0.000000e+00,0.000000e+00,0.000000e+00,0.000000e+00,0.000000e+00
1.000000e+00,0.000000e+00,0.000000e+00,0.000000e+00,0.000000e+00,0.000000e+00,0.000000e+00,0.000000e+00,0.000000e+00,0.000000e+00,0.000000e+00,0.000000e+00,0.000000e+00,0.000000e+00,0.000000e+00
1.000000e+00,0.000000e+00,0.000000e+00,0.000000e+00,0.000000e+00,0.000000e+00,0.000000e+00,0.000000e+00,0.000000e+00,0.000000e+00,0.000000e+00,0.000000e+00,0.000000e+00,0.000000e+00,0.000000e+00
1.000000e+00,0.000000e+00,0.000000e+00,0.000000e+00,0.000000e+00,0.000000e+00,0.000000e+00,0.000000e+00,0.000000e+00,0.000000e+00,0.000000e+00,0.000000e+00,0.000000e+00,0.000000e+00,0.000000e+00
1.000000e+00,0.000000e+00,0.000000e+00,0.000000e+00,0.000000e+00,0.000000e+00,0.000000e+00,0.000000e+00,0.000000e+00,0.000000e+00,0.000000e+00,0.000000e+00,0.000000e+00,0.000000e+00,0.000000e+00
1.000000e+00,0.000000e+00,0.000000e+00,0.000000e+00,0.000000e+00,0.000000e+00,0.000000e+00,0.000000e+00,0.000000e+00,0.000000e+00,0.000000e+00,0.000000e+00,0.000000e+00,0.000000e+00,0.000000e+00
1.000000e+00,0.000000e+00,0.000000e+00,0.000000e+00,0.000000e+00,0.000000e+00,0.000000e+00,0.000000e+00,0.000000e+00,0.000000e+00,0.000000e+00,0.000000e+00,0.000000e+00,0.000000e+00,0.000000e+00
1.000000e+00,0.000000e+00,0.000000e+00,0.000000e+00,0.000000e+00,0.000000e+00,0.000000e+00,0.000000e+00,0.000000e+00,0.000000e+00,0.000000e+00,0.000000e+00,0.000000e+00,0.000000e+00,0.000000e+00
1.000000e+00,0.000000e+00,0.000000e+00,0.000000e+00,0.000000e+00,0.000000e+00,0.000000e+00,0.000000e+00,0.000000e+00,0.000000e+00,0.000000e+00,0.000000e+00,0.000000e+00,0.000000e+00,0.000000e+00
1.000000e+00,0.000000e+00,0.000000e+00,0.000000e+00,0.000000e+00,0.000000e+00,0.000000e+00,0.000000e+00,0.000000e+00,0.000000e+00,0.000000e+00,0.000000e+00,0.000000e+00,0.000000e+00,0.000000e+00
1.000000e+00,0.000000e+00,0.000000e+00,0.000000e+00,0.000000e+00,0.000000e+00,0.000000e+00,0.000000e+00,0.000000e+00,0.000000e+00,0.000000e+00,0.000000e+00,0.000000e+00,0.000000e+00,0.000000e+00
1.000000e+00,0.000000e+00,0.000000e+00,0.000000e+00,0.000000e+00,0.000000e+00,0.000000e+00,0.000000e+00,0.000000e+00,0.000000e+00,0.000000e+00,0.000000e+00,0.000000e+00,0.000000e+00,0.000000e+00
1.000000e+00,0.000000e+00,0.000000e+00,0.000000e+00,0.000000e+00,0.000000e+00,0.000000e+00,0.000000e+00,0.000000e+00,0.000000e+00,0.000000e+00,0.000000e+00,0.000000e+00,0.000000e+00,0.000000e+00
1.000000e+00,0.000000e+00,0.000000e+00,0.000000e+00,0.000000e+00,0.000000e+00,0.000000e+00,0.000000e+00,0.000000e+00,0.000000e+00,0.000000e+00,0.000000e+00,0.000000e+00,0.000000e+00,0.000000e+00
1.000000e+00,0.000000e+00,0.000000e+00,0.000000e+00,0.000000e+00,0.000000e+00,0.000000e+00,0.000000e+00,0.000000e+00,0.000000e+00,0.000000e+00,0.000000e+00,0.000000e+00,0.000000e+00,0.000000e+00
1.000000e+00,0.000000e+00,0.000000e+00,0.000000e+00,0.000000e+00,0.000000e+00,0.000000e+00,0.000000e+00,0.000000e+00,0.000000e+00,0.000000e+00,0.000000e+00,0.000000e+00,0.000000e+00,0.000000e+00
1.000000e+00,0.000000e+00,0.000000e+00,0.000000e+00,0.000000e+00,0.000000e+00,0.000000e+00,0.000000e+00,0.000000e+00,0.000000e+00,0.000000e+00,0.000000e+00,0.000000e+00,0.000000e+00,0.000000e+00
1.000000e+00,0.000000e+00,0.000000e+00,0.000000e+00,0.000000e+00,0.000000e+00,0.000000e+00,0.000000e+00,0.000000e+00,0.000000e+00,0.000000e+00,0.000000e+00,0.000000e+00,0.000000e+00,0.000000e+00
1.000000e+00,0.000000e+00,0.000000e+00,0.000000e+00,0.000000e+00,0.000000e+00,0.000000e+00,0.000000e+00,0.000000e+00,0.000000e+00,0.000000e+00,0.000000e+00,0.000000e+00,0.000000e+00,0.000000e+00
1.000000e+00,0.000000e+00,0.000000e+00,0.000000e+00,0.000000e+00,0.000000e+00,0.000000e+00,0.000000e+00,0.000000e+00,0.000000e+00,0.000000e+00,0.000000e+00,0.000000e+00,0.000000e+00,0.000000e+00
1.000000e+00,0.000000e+00,0.000000e+00,0.000000e+00,0.000000e+00,0.000000e+00,0.000000e+00,0.000000e+00,0.000000e+00,0.000000e+00,0.000000e+00,0.000000e+00,0.000000e+00,0.000000e+00,0.000000e+00
1.000000e+00,0.000000e+00,0.000000e+00,0.000000e+00,0.000000e+00,0.000000e+00,0.000000e+00,0.000000e+00,0.000000e+00,0.000000e+00,0.000000e+00,0.000000e+00,0.000000e+00,0.000000e+00,0.000000e+00
1.000000e+00,0.000000e+00,0.000000e+00,0.000000e+00,0.000000e+00,0.000000e+00,0.000000e+00,0.000000e+00,0.000000e+00,0.000000e+00,0.000000e+00,0.000000e+00,0.000000e+00,0.000000e+00,0.000000e+00
1.000000e+00,0.000000e+00,0.000000e+00,0.000000e+00,0.000000e+00,0.000000e+00,0.000000e+00,0.000000e+00,0.000000e+00,0.000000e+00,0.000000e+00,0.000000e+00,0.000000e+00,0.000000e+00,0.000000e+00
1.000000e+00,0.000000e+00,0.000000e+00,0.000000e+00,0.000000e+00,0.000000e+00,0.000000e+00,0.000000e+00,0.000000e+00,0.000000e+00,0.000000e+00,0.000000e+00,0.000000e+00,0.000000e+00,0.000000e+00
1.000000e+00,0.000000e+00,0.000000e+00,0.000000e+00,0.000000e+00,0.000000e+00,0.000000e+00,0.000000e+00,0.000000e+00,0.000000e+00,0.000000e+00,0.000000e+00,0.000000e+00,0.000000e+00,0.000000e+00
1.000000e+00,0.000000e+00,0.000000e+00,0.000000e+00,0.000000e+00,0.000000e+00,0.000000e+00,0.000000e+00,0.000000e+00,0.000000e+00,0.000000e+00,0.000000e+00,0.000000e+00,0.000000e+00,0.000000e+00
1.000000e+00,0.000000e+00,0.000000e+00,0.000000e+00,0.000000e+00,0.000000e+00,0.000000e+00,0.000000e+00,0.000000e+00,0.000000e+00,0.000000e+00,0.000000e+00,0.000000e+00,0.000000e+00,0.000000e+00
1.000000e+00,0.000000e+00,0.000000e+00,0.000000e+00,0.000000e+00,0.000000e+00,0.000000e+00,0.000000e+00,0.000000e+00,0.000000e+00,0.000000e+00,0.000000e+00,0.000000e+00,0.000000e+00,0.000000e+00
1.000000e+00,0.000000e+00,0.000000e+00,0.000000e+00,0.000000e+00,0.000000e+00,0.000000e+00,0.000000e+00,0.000000e+00,0.000000e+00,0.000000e+00,0.000000e+00,0.000000e+00,0.000000e+00,0.000000e+00
1.000000e+00,0.000000e+00,0.000000e+00,0.000000e+00,0.000000e+00,0.000000e+00,0.000000e+00,0.000000e+00,0.000000e+00,0.000000e+00,0.000000e+00,0.000000e+00,0.000000e+00,0.000000e+00,0.000000e+00
4.270696e-01,3.148475e-02,8.361634e-03,1.098275e-01,7.077716e-03,5.588692e-02,1.885013e-02,1.989114e-02,2.038301e-02,2.599549e-02,1.445760e-02,1.870550e-02,1.209665e-01,3.029762e-03,1.180128e-01
2.999431e-01,4.409536e-02,2.092704e-02,2.202355e-01,6.808814e-03,4.493988e-02,1.432089e-02,1.407903e-02,3.594929e-02,5.194129e-02,1.516718e-02,1.549860e-02,1.067255e-01,2.210441e-03,1.071581e-01
2.102311e-01,4.250733e-02,1.751520e-02,2.016720e-01,5.390305e-03,5.008344e-02,1.080064e-02,9.934292e-03,1.243912e-01,4.297566e-02,1.345191e-02,1.262630e-02,9.890473e-02,1.816303e-03,1.576997e-01
1.474580e-01,3.541061e-02,1.565274e-02,1.708031e-01,4.695979e-03,4.753784e-02,8.380232e-03,7.173118e-03,1.539614e-01,3.377037e-02,1.050636e-02,1.598763e-02,1.727226e-01,1.386545e-03,1.745535e-01
1.038369e-01,4.878411e-02,1.254008e-02,1.343929e-01,4.490180e-03,4.020311e-02,6.140215e-03,5.169188e-03,1.683716e-01,2.473835e-02,7.948122e-03,1.923046e-02,2.869714e-01,1.115068e-03,1.360683e-01
7.447549e-02,3.674091e-02,9.091898e-03,9.540541e-02,4.748177e-03,3.381225e-02,4.539377e-03,3.890239e-03,1.227701e-01,1.747795e-02,5.951734e-03,1.835030e-02,4.707842e-01,1.034570e-03,1.009274e-01
5.736590e-02,2.695558e-02,8.951357e-03,6.786101e-02,7.756167e-03,3.153153e-02,5.931228e-03,4.765971e-03,9.187505e-02,1.238307e-02,4.632614e-03,1.789801e-02,5.855705e-01,1.063723e-03,7.545831e-02
4.598837e-02,2.001048e-02,6.811394e-03,4.870255e-02,6.605160e-03,3.225773e-02,4.550627e-03,3.576426e-03,6.979919e-02,8.727916e-03,3.844252e-03,2.654388e-02,6.666446e-01,9.734106e-04,5.496403e-02
4.528978e-02,1.565638e-02,5.775665e-03,3.543717e-02,6.779561e-03,2.860412e-02,3.663476e-03,2.643845e-03,5.107703e-02,6.451208e-03,3.621675e-03,3.501274e-02,7.187308e-01,1.013143e-03,4.024341e-02
4.772921e-02,1.266320e-02,6.097528e-03,2.593937e-02,5.971613e-03,2.682240e-02,3.087249e-03,2.540469e-03,4.101348e-02,6.460794e-03,5.500943e-03,3.767035e-02,7.133108e-01,2.619767e-03,6.257284e-02
4.228033e-02,1.899083e-02,9.114832e-03,1.878951e-02,6.845430e-03,2.854922e-02,2.630311e-03,2.709567e-03,6.672075e-02,6.244331e-03,5.906922e-03,3.003677e-02,6.728172e-01,3.017340e-03,8.534667e-02
4.022549e-02,2.268119e-02,1.840989e-02,1.398426e-02,9.085815e-03,5.322561e-02,2.773497e-03,4.736382e-03,7.039467e-02,6.479505e-03,5.477210e-03,2.262490e-02,5.850343e-01,2.739087e-03,1.421282e-01
3.487919e-02,3.673686e-02,2.412019e-02,1.055629e-02,8.695776e-03,1.451759e-01,3.159480e-03,6.453851e-03,8.272668e-02,6.189485e-03,4.229712e-03,1.712636e-02,4.352497e-01,2.263034e-03,1.824376e-01
4.006746e-02,5.103828e-02,3.422070e-02,1.454570e-02,1.146304e-02,1.705248e-01,3.018191e-03,5.681393e-03,1.047289e-01,1.331875e-02,3.732384e-03,1.232231e-02,3.098923e-01,1.808215e-03,2.236376e-01
5.133841e-02,4.847831e-02,2.580297e-02,1.611144e-02,1.032664e-02,2.679031e-01,3.798897e-03,1.132041e-02,1.198708e-01,1.580662e-02,3.426352e-03,9.515082e-03,2.245723e-01,1.970381e-03,1.897583e-01
7.465171e-02,4.206392e-02,1.954252e-02,1.375110e-02,1.247769e-02,3.379132e-01,5.866757e-03,1.562104e-02,1.154975e-01,1.707582e-02,2.891128e-03,7.051053e-03,1.619059e-01,2.329036e-03,1.713615e-01
1.246592e-01,3.650375e-02,1.557407e-02,1.534384e-02,1.446605e-02,4.003313e-01,5.574842e-03,1.589986e-02,8.969340e-02,1.482228e-02,2.475793e-03,5.453138e-03,1.176520e-01,2.732619e-03,1.388178e-01
1.441172e-01,3.254655e-02,1.574481e-02,2.334381e-02,1.379305e-02,4.373378e-01,4.570032e-03,2.644994e-02,7.821857e-02,1.296322e-02,2.249326e-03,4.941179e-03,8.397032e-02,2.740426e-03,1.170138e-01
1.160892e-01,2.666856e-02,1.463717e-02,1.837794e-02,1.054044e-02,3.220522e-01,3.293901e-03,2.283513e-02,9.996715e-02,2.743667e-02,2.537089e-03,3.854997e-03,6.030102e-02,5.694641e-03,2.657139e-01
9.229594e-02,2.271218e-02,1.462406e-02,1.368068e-02,8.621555e-03,2.344082e-01,2.457073e-03,1.778038e-02,1.720995e-01,3.289970e-02,3.397326e-03,3.025183e-03,4.472234e-02,3.275324e-02,3.045227e-01
6.805152e-02,1.829164e-02,1.150051e-02,1.079973e-02,6.994491e-03,1.652829e-01,1.837224e-03,1.522401e-02,3.267513e-01,2.702116e-02,3.348647e-03,2.334477e-03,3.186639e-02,3.015824e-02,2.805378e-01
5.053948e-02,1.531611e-02,1.237923e-02,9.478020e-03,5.657454e-03,1.163531e-01,1.424156e-03,1.103112e-02,3.781096e-01,3.080211e-02,8.807912e-03,2.235961e-03,2.403191e-02,5.125478e-02,2.825790e-01
3.606736e-02,1.099792e-02,9.189343e-03,6.856822e-03,4.060497e-03,8.159950e-02,1.020559e-03,7.753343e-03,2.929721e-01,3.446240e-02,1.500267e-02,2.122065e-03,1.874684e-02,1.801679e-01,2.989807e-01
2.684959e-02,9.357583e-03,8.614495e-03,5.583060e-03,3.293342e-03,5.832352e-02,7.855328e-04,5.698748e-03,3.413726e-01,3.928220e-02,5.857204e-02,2.169443e-02,2.510574e-02,1.336980e-01,2.617691e-01
2.089990e-02,7.538406e-03,7.115928e-03,4.621079e-03,3.003118e-03,4.978691e-02,6.836860e-04,4.375754e-03,2.526700e-01,4.184894e-02,1.736195e-01,7.812393e-02,4.076094e-02,1.130855e-01,2.018663e-01
1.640600e-02,5.936037e-03,5.440659e-03,3.688555e-03,2.503771e-03,3.639083e-02,5.423133e-04,3.362351e-03,1.830178e-01,3.947972e-02,3.149785e-01,9.330342e-02,4.387964e-02,9.401738e-02,1.570529e-01
1.229986e-02,4.589272e-03,4.235943e-03,3.157244e-03,1.973277e-03,2.747076e-02,4.923315e-04,2.473147e-03,1.371017e-01,5.289687e-02,4.156799e-01,1.054730e-01,3.721594e-02,7.217584e-02,1.227649e-01
1.017948e-02,5.111764e-03,6.778550e-03,3.196408e-03,6.890597e-03,2.083201e-02,2.352815e-03,3.205720e-03,1.164634e-01,6.345663e-02,4.272697e-01,1.020571e-01,3.253264e-02,6.016468e-02,1.395086e-01
9.253715e-03,1.043501e-02,9.502916e-03,5.821120e-03,9.426005e-03,1.937834e-02,4.461035e-03,5.165404e-03,1.218652e-01,5.831876e-02,4.481822e-01,9.686524e-02,3.329023e-02,5.285474e-02,1.151801e-01
2.297775e-02,4.677248e-02,1.584214e-02,1.319840e-02,1.083548e-02,3.012002e-02,4.911424e-03,8.419977e-03,1.419393e-01,4.838168e-02,3.526385e-01,1.397299e-01,3.584539e-02,4.286794e-02,8.551957e-02
3.306070e-02,5.592499e-02,2.831610e-02,2.341562e-02,1.672832e-02,2.987058e-02,4.527888e-03,1.218599e-02,1.676589e-01,4.115799e-02,3.051561e-01,1.419604e-01,3.595264e-02,3.906835e-02,6.501539e-02
4.935672e-02,6.098550e-02,2.389171e-02,3.053918e-02,1.507916e-02,3.466647e-02,5.045163e-03,9.941173e-03,1.355271e-01,3.079221e-02,2.553380e-01,2.209921e-01,4.726395e-02,2.969508e-02,5.088646e-02
5.602287e-02,4.647348e-02,1.773485e-02,2.367613e-02,1.436098e-02,3.363746e-02,4.533418e-03,8.607768e-03,1.039961e-01,2.419561e-02,2.341401e-01,3.092250e-01,6.436069e-02,2.265098e-02,3.638455e-02
5.563126e-02,4.322521e-02,1.528126e-02,1.807272e-02,1.226739e-02,3.278929e-02,3.825090e-03,1.067503e-02,8.825430e-02,2.034024e-02,2.044434e-01,3.842707e-01,6.180871e-02,2.082908e-02,2.828634e-02
7.016696e-02,4.664707e-02,1.311508e-02,1.361488e-02,1.087675e-02,3.159284e-02,3.678299e-03,1.289332e-02,8.226565e-02,1.578070e-02,1.577293e-01,4.397455e-01,5.696670e-02,2.348329e-02,2.144369e-02
8.872560e-02,6.932598e-02,1.107616e-02,1.112287e-02,1.005444e-02,3.350015e-02,3.285722e-03,1.277069e-02,9.398447e-02,1.239114e-02,1.202980e-01,4.411858e-01,5.356117e-02,1.983128e-02,1.888653e-02
1.525490e-01,8.795942e-02,1.230394e-02,1.134133e-02,1.340259e-02,3.646994e-02,3.715890e-03,1.405672e-02,1.112971e-01,1.007298e-02,9.901349e-02,3.714746e-01,4.304263e-02,1.762145e-02,1.567886e-02
2.034270e-01,1.012290e-01,1.283157e-02,2.746475e-02,1.739834e-02,4.794890e-02,3.415762e-03,1.129732e-02,1.224374e-01,9.011101e-03,7.586535e-02,2.933243e-01,4.214232e-02,1.412568e-02,1.808124e-02
3.007758e-01,7.621092e-02,1.117097e-02,3.445077e-02,1.642785e-02,5.352586e-02,4.112530e-03,1.098887e-02,9.896768e-02,7.127241e-03,5.960228e-02,2.473584e-01,4.968616e-02,1.075361e-02,1.884108e-02
2.771985e-01,7.412729e-02,8.190191e-03,3.199228e-02,1.914491e-02,5.008886e-02,3.970006e-03,8.294255e-03,1.472660e-01,5.734696e-03,4.515500e-02,1.837999e-01,1.221180e-01,7.711062e-03,1.520909e-02
2.199798e-01,1.001073e-01,6.020803e-03,2.539065e-02,1.872412e-02,4.177694e-02,3.682821e-03,6.003386e-03,2.507878e-01,4.559775e-03,3.412892e-02,1.376266e-01,1.333965e-01,5.584175e-03,1.223045e-02
1.975603e-01,1.393884e-01,7.341062e-03,5.424682e-02,1.613081e-02,3.921539e-02,3.083942e-03,5.463723e-03,2.505507e-01,6.069481e-03,2.745693e-02,1.035131e-01,1.069490e-01,4.524563e-03,3.850577e-02
2.187733e-01,1.145492e-01,7.252934e-03,5.186179e-02,1.959782e-02,4.473066e-02,3.505711e-03,6.902768e-03,2.384882e-01,4.956310e-03,2.927531e-02,8.965060e-02,1.258552e-01,4.056296e-03,4.054391e-02
2.799043e-01,8.774795e-02,6.099630e-03,4.097350e-02,1.502458e-02,3.779078e-02,2.990213e-03,5.521414e-03,1.839086e-01,5.246192e-03,4.131562e-02,1.012667e-01,1.562905e-01,3.700600e-03,3.221951e-02
2.195743e-01,7.507066e-02,6.020916e-03,3.168646e-02,1.273945e-02,3.118760e-02,2.935095e-03,5.691389e-03,2.942446e-01,4.382431e-03,3.490296e-02,8.206153e-02,1.710021e-01,2.737690e-03,2.576287e-02
1.842764e-01,5.795644e-02,9.982980e-03,2.483101e-02,5.142637e-02,2.836240e-02,4.085613e-03,7.938191e-03,2.778699e-01,4.004430e-03,2.653795e-02,7.029002e-02,2.291779e-01,2.244059e-03,2.101643e-02
1.356902e-01,5.020842e-02,1.683414e-02,1.921897e-02,4.986704e-02,2.550556e-02,3.489104e-03,1.311184e-02,2.265255e-01,5.176921e-03,2.364725e-02,5.514109e-02,2.946240e-01,3.000199e-03,7.795980e-02
1.069859e-01,4.122758e-02,4.297783e-02,2.759496e-02,4.719207e-02,2.529047e-02,3.260508e-03,2.618628e-02,1.797108e-01,8.381292e-03,2.385185e-02,4.270049e-02,3.378987e-01,3.508464e-03,8.323278e-02
9.105606e-02,3.148009e-02,1.890804e-01,3.171254e-02,3.566923e-02,2.775915e-02,2.818677e-03,2.361230e-02,1.399111e-01,7.292627e-03,3.332369e-02,3.106347e-02,2.706017e-01,5.733551e-03,7.888541e-02
9.303582e-02,3.824363e-02,2.885892e-01,4.168881e-02,3.571765e-02,3.393219e-02,2.620415e-03,1.820699e-02,1.076035e-01,9.656878e-03,2.824667e-02,2.255926e-02,1.940563e-01,9.094746e-03,7.674789e-02
9.246190e-02,4.498421e-02,3.123344e-01,3.677171e-02,3.864040e-02,5.980369e-02,2.486999e-03,1.495963e-02,9.248225e-02,1.708582e-02,2.457421e-02,1.666856e-02,1.435083e-01,1.161113e-02,9.162683e-02
9.814921e-02,7.311535e-02,2.486944e-01,3.150653e-02,3.878989e-02,4.775047e-02,2.457452e-03,1.293258e-02,9.101840e-02,2.464313e-02,2.011657e-02,1.241987e-02,1.127235e-01,1.246514e-02,1.732175e-01
9.689957e-02,1.071344e-01,1.938625e-01,2.500480e-02,3.267033e-02,3.858793e-02,2.371169e-03,1.033840e-02,8.808602e-02,7.046966e-02,1.624232e-02,9.260634e-03,9.072234e-02,1.116751e-02,2.071825e-01
9.892162e-02,1.423331e-01,1.473480e-01,2.084167e-02,2.824876e-02,3.102497e-02,2.329685e-03,8.431192e-03,9.890114e-02,6.601459e-02,1.362591e-02,7.030827e-03,6.860119e-02,9.526828e-03,2.568205e-01
9.717825e-02,1.199676e-01,1.310732e-01,1.913418e-02,2.670086e-02,2.302948e-02,2.370096e-03,1.185250e-02,8.106638e-02,4.908845e-02,1.039594e-02,5.287954e-03,4.910138e-02,8.297998e-03,3.654558e-01
1.001909e-01,1.019240e-01,1.433272e-01,1.868369e-02,2.262426e-02,1.738222e-02,2.277436e-03,1.342594e-02,6.445128e-02,3.771419e-02,7.691103e-03,4.033245e-03,3.511448e-02,6.817023e-03,4.243429e-01
1.087950e-01,9.677970e-02,1.256917e-01,1.726337e-02,1.885745e-02,1.482705e-02,2.252999e-03,2.098994e-02,6.101616e-02,2.976945e-02,6.505996e-03,3.924622e-03,2.691996e-02,7.162527e-03,4.592441e-01
1.333045e-01,9.489362e-02,1.162729e-01,1.526006e-02,1.744035e-02,1.559697e-02,2.415437e-03,3.013185e-02,6.029049e-02,2.437138e-02,6.001936e-03,4.741410e-03,2.134218e-02,9.090228e-03,4.488467e-01
1.680212e-01,1.165770e-01,9.654265e-02,5.171618e-02,1.654006e-02,1.602925e-02,2.718361e-03,3.977818e-02,6.046275e-02,4.103047e-02,8.814821e-03,1.030439e-02,1.767082e-02,8.513189e-03,3.452806e-01
1.596847e-01,9.806608e-02,1.398324e-01,1.158047e-01,2.252484e-02,1.430792e-02,3.232249e-03,3.608068e-02,5.598698e-02,4.474428e-02,1.534710e-02,1.614298e-02,1.637236e-02,7.559862e-03,2.543128e-01
1.157360e-01,8.426106e-02,1.702450e-01,1.530267e-01,1.721329e-02,1.166083e-02,2.326979e-03,2.546012e-02,4.802987e-02,1.116518e-01,1.800033e-02,1.282336e-02,1.276938e-02,5.938218e-03,2.108570e-01
8.365492e-02,8.565626e-02,2.124024e-01,1.109351e-01,1.287198e-02,1.027405e-02,1.784377e-03,1.802132e-02,6.209910e-02,1.371107e-01,3.763264e-02,9.681673e-03,1.316292e-02,1.914258e-02,1.855700e-01
6.437827e-02,6.919802e-02,1.597138e-01,7.910309e-02,9.734033e-03,8.853029e-03,1.430309e-03,1.286259e-02,7.412069e-02,1.715059e-01,1.157929e-01,7.373199e-03,1.708590e-02,4.175863e-02,1.670896e-01
5.038211e-02,5.052111e-02,1.462523e-01,6.624356e-02,8.788217e-03,7.858402e-03,1.137919e-03,1.027498e-02,1.505787e-01,2.070532e-01,9.064431e-02,5.985499e-03,2.150115e-02,3.348402e-02,1.492945e-01
4.509782e-02,3.937099e-02,1.271642e-01,5.160626e-02,6.714217e-03,6.764360e-03,9.453179e-04,7.325574e-03,1.541503e-01,2.738720e-01,6.507874e-02,4.610650e-03,1.634818e-02,3.479466e-02,1.661567e-01
3.335822e-02,2.928861e-02,9.336301e-02,3.629017e-02,4.769229e-03,5.379684e-03,7.008563e-04,5.151850e-03,1.201915e-01,4.467750e-01,4.619677e-02,3.417040e-03,1.200089e-02,3.110873e-02,1.320085e-01
3.392461e-02,3.568808e-02,6.713809e-02,2.606211e-02,3.440344e-03,4.812668e-03,5.172538e-04,3.659959e-03,2.124059e-01,3.822334e-01,3.655694e-02,3.386974e-03,1.058673e-02,3.992315e-02,1.396638e-01
3.199265e-02,3.159562e-02,4.834679e-02,2.015552e-02,2.532381e-03,4.100087e-03,3.942991e-04,2.833144e-03,3.222618e-01,3.125139e-01,2.952027e-02,3.890499e-03,1.220434e-02,3.708171e-02,1.405771e-01
2.637679e-02,2.629911e-02,5.020163e-02,1.616644e-02,1.973571e-03,4.499243e-03,4.294634e-04,2.273978e-03,2.959222e-01,3.478220e-01,3.433845e-02,5.150172e-03,2.485600e-02,3.660914e-02,1.270819e-01
1.873383e-02,8.586888e-02,4.602779e-02,1.213607e-02,1.664273e-03,4.730637e-03,4.321640e-04,1.722153e-03,2.713980e-01,2.509992e-01,3.090940e-02,6.037304e-03,2.463235e-02,2.840557e-02,2.163023e-01
1.348295e-02,1.282343e-01,3.586962e-02,8.892150e-03,1.546747e-03,5.353879e-03,3.315990e-04,1.303719e-03,3.124434e-01,1.768052e-01,3.243443e-02,5.646399e-03,2.312677e-02,2.156220e-02,2.329666e-01
1.092831e-02,1.251266e-01,3.393438e-02,3.281578e-02,6.308430e-03,5.057375e-03,4.923835e-04,6.189489e-03,4.254280e-01,1.243741e-01,2.478369e-02,4.188797e-03,1.778253e-02,1.562278e-02,1.669674e-01
1.121936e-02,1.339059e-01,2.941028e-02,3.547747e-02,8.156230e-03,8.354872e-03,4.947844e-04,5.918395e-03,4.955697e-01,9.083904e-02,1.816874e-02,3.075023e-03,1.380489e-02,1.194364e-02,1.336617e-01
1.492402e-02,1.508417e-01,2.478654e-02,3.484160e-02,1.483533e-02,9.361783e-03,6.903259e-04,1.397982e-02,5.208604e-01,6.474789e-02,1.493688e-02,2.354637e-03,1.133551e-02,8.911122e-03,1.125924e-01
2.181570e-02,1.746826e-01,1.863873e-02,2.631504e-02,3.165814e-02,1.080245e-02,6.838362e-04,2.074925e-02,5.243281e-01,4.798944e-02,1.159664e-02,1.910733e-03,9.429080e-03,7.198686e-03,9.220169e-02
2.966492e-02,1.438173e-01,1.650199e-02,2.475587e-02,8.389273e-02,1.819673e-02,2.036439e-03,8.462968e-02,4.639719e-01,3.501445e-02,8.788616e-03,1.475430e-03,7.352490e-03,5.627214e-03,7.427434e-02
3.877880e-02,1.255964e-01,2.536068e-02,2.830816e-02,1.322099e-01,2.518668e-02,4.654718e-03,9.829108e-02,4.153415e-01,2.562814e-02,7.053268e-03,1.430550e-03,5.999096e-03,4.378390e-03,6.178270e-02
4.242716e-02,1.023774e-01,2.538314e-02,2.584473e-02,2.206597e-01,3.466289e-02,5.405677e-03,1.086440e-01,3.510665e-01,1.993432e-02,5.768061e-03,1.254580e-03,5.164036e-03,3.564536e-03,4.784323e-02
3.950760e-02,9.986436e-02,1.929679e-02,1.900901e-02,1.944312e-01,2.606504e-02,4.771604e-03,1.221901e-01,4.101042e-01,1.452193e-02,4.779959e-03,1.221218e-03,4.112991e-03,2.948162e-03,3.717586e-02
5.395302e-02,9.476378e-02,1.470924e-02,1.456618e-02,1.761227e-01,2.008210e-02,5.071677e-03,1.018406e-01,4.637426e-01,1.085225e-02,4.615474e-03,1.780029e-03,3.605477e-03,2.622987e-03,3.167190e-02
9.543236e-02,7.934479e-02,1.289209e-02,1.190985e-02,1.777471e-01,1.594887e-02,5.224850e-03,8.508561e-02,4.689207e-01,8.502327e-03,4.308792e-03,2.537329e-03,3.401148e-03,2.449960e-03,2.629425e-02
1.723780e-01,6.069462e-02,9.944960e-03,1.178835e-02,2.193210e-01,1.207010e-02,5.847603e-03,7.924525e-02,3.816829e-01,8.299192e-03,4.408844e-03,4.922590e-03,3.628054e-03,2.010513e-03,2.375820e-02
2.931956e-01,4.810104e-02,8.211780e-03,1.254951e-02,1.795678e-01,1.027509e-02,7.280001e-03,7.542243e-02,3.144217e-01,7.997822e-03,5.006452e-03,9.758522e-03,6.199844e-03,1.803549e-03,2.020894e-02
4.167835e-01,3.654752e-02,6.776298e-03,1.282786e-02,1.414733e-01,1.007313e-02,6.118055e-03,7.545102e-02,2.405141e-01,7.183599e-03,6.185262e-03,1.182074e-02,6.196666e-03,2.315673e-03,1.973334e-02
4.902261e-01,2.776595e-02,7.516447e-03,1.700850e-02,1.069381e-01,1.068480e-02,5.657231e-03,9.683201e-02,1.795076e-01,6.494382e-03,8.205698e-03,1.500523e-02,7.669115e-03,2.585492e-03,1.790330e-02
1.000000e+00,0.000000e+00,0.000000e+00,0.000000e+00,0.000000e+00,0.000000e+00,0.000000e+00,0.000000e+00,0.000000e+00,0.000000e+00,0.000000e+00,0.000000e+00,0.000000e+00,0.000000e+00,0.000000e+00
1.000000e+00,0.000000e+00,0.000000e+00,0.000000e+00,0.000000e+00,0.000000e+00,0.000000e+00,0.000000e+00,0.000000e+00,0.000000e+00,0.000000e+00,0.000000e+00,0.000000e+00,0.000000e+00,0.000000e+00
1.000000e+00,0.000000e+00,0.000000e+00,0.000000e+00,0.000000e+00,0.000000e+00,0.000000e+00,0.000000e+00,0.000000e+00,0.000000e+00,0.000000e+00,0.000000e+00,0.000000e+00,0.000000e+00,0.000000e+00
1.000000e+00,0.000000e+00,0.000000e+00,0.000000e+00,0.000000e+00,0.000000e+00,0.000000e+00,0.000000e+00,0.000000e+00,0.000000e+00,0.000000e+00,0.000000e+00,0.000000e+00,0.000000e+00,0.000000e+00
1.000000e+00,0.000000e+00,0.000000e+00,0.000000e+00,0.000000e+00,0.000000e+00,0.000000e+00,0.000000e+00,0.000000e+00,0.000000e+00,0.000000e+00,0.000000e+00,0.000000e+00,0.000000e+00,0.000000e+00
4.134016e-01,2.339842e-02,8.887116e-03,5.707711e-02,2.255880e-02,2.313352e-02,3.383649e-03,3.197559e-02,2.218545e-01,1.497276e-02,4.659435e-02,2.702001e-02,3.768111e-02,9.571603e-03,5.848978e-02
3.118227e-01,2.550955e-02,1.189257e-02,8.654515e-02,2.082390e-02,1.806546e-02,2.770965e-03,2.437147e-02,3.261641e-01,1.382023e-02,3.709496e-02,2.268775e-02,3.213136e-02,9.248333e-03,5.705151e-02
2.906955e-01,4.392909e-02,1.404512e-02,9.401582e-02,1.815277e-02,1.531827e-02,2.636773e-03,1.883354e-02,2.936401e-01,1.468347e-02,3.201605e-02,2.522827e-02,3.095971e-02,9.333193e-03,9.651227e-02
2.046851e-01,1.921339e-01,1.552889e-02,1.020942e-01,1.309125e-02,1.090295e-02,1.875359e-03,1.332956e-02,2.898532e-01,1.080812e-02,2.425843e-02,1.940542e-02,2.459916e-02,7.000082e-03,7.043424e-02
2.557935e-01,1.751108e-01,1.464234e-02,8.029179e-02,1.040084e-02,1.395463e-02,1.846759e-03,1.082968e-02,2.364164e-01,9.430973e-03,2.331931e-02,2.119409e-02,3.312474e-02,1.106398e-02,1.025802e-01
3.271845e-01,1.570570e-01,1.471833e-02,6.755550e-02,1.352676e-02,1.557987e-02,1.966540e-03,8.329722e-03,2.089812e-01,7.206239e-03,2.343095e-02,1.994871e-02,3.061356e-02,1.032004e-02,9.358108e-02
2.675145e-01,2.386641e-01,1.654866e-02,5.702212e-02,1.114231e-02,1.426155e-02,1.590437e-03,6.915328e-03,1.720556e-01,6.662210e-03,1.959562e-02,1.732237e-02,2.826397e-02,1.023855e-02,1.322027e-01
2.194865e-01,2.521368e-01,2.498046e-02,6.208047e-02,1.010756e-02,1.547071e-02,1.411548e-03,6.983279e-03,1.451211e-01,1.008918e-02,1.794482e-02,1.493572e-02,2.397768e-02,1.200126e-02,1.832729e-01
2.054922e-01,1.965697e-01,2.201889e-02,5.898725e-02,8.920573e-03,1.751863e-02,1.405101e-03,6.591082e-03,1.115538e-01,1.187505e-02,1.879870e-02,1.360874e-02,2.138907e-02,1.914836e-02,2.861228e-01
1.680012e-01,1.770152e-01,2.994212e-02,6.956806e-02,9.803642e-03,1.652197e-02,1.442194e-03,6.431472e-03,1.115984e-01,1.348676e-02,5.544666e-02,2.058978e-02,6.363286e-02,1.674228e-02,2.397774e-01
2.064082e-01,1.365530e-01,4.837644e-02,6.451344e-02,1.237065e-02,1.629191e-02,2.374655e-03,9.653940e-03,9.666420e-02,1.771820e-02,5.582976e-02,2.531195e-02,7.641725e-02,2.217357e-02,2.093429e-01
2.179516e-01,1.218280e-01,5.547100e-02,7.628398e-02,2.103693e-02,1.428500e-02,2.665593e-03,1.259276e-02,9.562075e-02,1.755244e-02,5.342760e-02,2.250139e-02,6.466427e-02,2.161252e-02,2.025062e-01
1.864194e-01,1.148267e-01,5.968614e-02,6.652352e-02,2.206023e-02,1.240013e-02,2.341342e-03,1.239684e-02,1.107054e-01,3.002997e-02,4.570794e-02,1.833311e-02,5.538399e-02,3.288868e-02,2.302967e-01
1.776389e-01,1.551320e-01,4.933750e-02,5.892965e-02,1.777833e-02,1.182013e-02,2.090727e-03,1.389573e-02,1.257091e-01,3.744822e-02,4.442629e-02,1.741181e-02,5.346131e-02,2.936775e-02,2.055525e-01
1.737204e-01,1.185307e-01,6.200476e-02,9.704664e-02,1.492092e-02,1.028303e-02,2.025340e-03,1.264272e-02,1.264706e-01,3.893939e-02,4.036387e-02,1.711772e-02,4.814905e-02,3.191750e-02,2.058673e-01
1.744289e-01,9.406877e-02,6.665599e-02,8.121505e-02,1.346967e-02,9.823086e-03,1.871698e-03,1.215036e-02,1.120924e-01,4.312225e-02,3.831083e-02,1.454094e-02,4.230224e-02,3.912763e-02,2.568202e-01
1.964675e-01,8.100218e-02,6.922007e-02,7.384392e-02,1.442662e-02,9.427711e-03,1.841582e-03,1.164310e-02,1.109010e-01,7.848956e-02,4.558080e-02,1.356419e-02,4.661121e-02,3.101606e-02,2.159645e-01
2.696788e-01,6.753176e-02,6.087490e-02,5.636801e-02,1.854160e-02,9.594876e-03,2.480885e-03,1.531928e-02,8.866429e-02,7.490272e-02,6.102280e-02,1.470715e-02,5.416282e-02,3.040523e-02,1.757449e-01
3.237328e-01,5.845746e-02,5.429798e-02,4.672652e-02,1.751682e-02,1.024317e-02,3.660670e-03,2.054728e-02,8.018993e-02,8.240964e-02,5.575482e-02,1.359162e-02,4.680659e-02,3.331318e-02,1.527516e-01
3.213035e-01,4.763744e-02,8.268836e-02,9.034927e-02,1.511123e-02,1.288879e-02,3.296017e-03,1.638736e-02,7.063224e-02,8.366787e-02,4.280816e-02,1.693302e-02,3.702634e-02,2.638473e-02,1.328856e-01
3.201898e-01,4.283248e-02,1.486938e-01,7.505876e-02,1.526887e-02,1.359332e-02,3.244854e-03,1.657407e-02,6.027872e-02,8.320017e-02,3.314292e-02,1.574968e-02,3.083144e-02,2.403201e-02,1.173091e-01
3.472285e-01,6.030601e-02,1.172837e-01,5.909878e-02,1.741191e-02,1.310684e-02,4.016099e-03,6.382664e-02,5.719792e-02,7.621915e-02,2.534858e-02,1.482129e-02,3.401419e-02,1.753487e-02,9.258553e-02
3.285512e-01,6.964828e-02,9.605204e-02,4.568288e-02,2.275432e-02,1.305763e-02,4.708387e-03,1.407328e-01,5.136577e-02,7.238224e-02,1.918090e-02,1.234503e-02,3.598847e-02,1.303673e-02,7.451339e-02
3.128828e-01,6.904448e-02,7.886644e-02,3.765045e-02,3.023623e-02,1.387859e-02,5.671837e-03,1.582161e-01,5.893113e-02,7.076842e-02,1.507616e-02,1.172558e-02,3.884278e-02,1.229122e-02,8.591788e-02
3.334821e-01,6.430309e-02,6.274640e-02,3.170452e-02,3.022346e-02,1.581981e-02,6.023403e-03,2.004101e-01,5.334653e-02,5.988917e-02,1.227301e-02,1.194972e-02,3.372338e-02,1.016428e-02,7.394108e-02
3.917251e-01,5.660348e-02,4.695860e-02,2.704346e-02,3.301575e-02,1.599464e-02,5.980568e-03,2.007223e-01,4.806773e-02,5.117082e-02,1.021024e-02,1.191467e-02,2.858462e-02,8.682752e-03,6.332532e-02
4.549345e-01,4.777487e-02,3.498591e-02,2.272508e-02,3.924886e-02,1.566789e-02,6.314015e-03,1.704626e-01,4.581398e-02,4.900808e-02,9.173117e-03,1.234332e-02,2.530955e-02,8.362355e-03,5.787587e-02
4.844154e-01,4.331678e-02,2.713679e-02,2.017249e-02,3.810007e-02,1.483851e-02,6.954542e-03,1.564529e-01,4.944539e-02,5.298537e-02,9.388630e-03,1.471493e-02,2.087290e-02,8.053632e-03,5.315160e-02
1.000000e+00,0.000000e+00,0.000000e+00,0.000000e+00,0.000000e+00,0.000000e+00,0.000000e+00,0.000000e+00,0.000000e+00,0.000000e+00,0.000000e+00,0.000000e+00,0.000000e+00,0.000000e+00,0.000000e+00
1.000000e+00,0.000000e+00,0.000000e+00,0.000000e+00,0.000000e+00,0.000000e+00,0.000000e+00,0.000000e+00,0.000000e+00,0.000000e+00,0.000000e+00,0.000000e+00,0.000000e+00,0.000000e+00,0.000000e+00
1.000000e+00,0.000000e+00,0.000000e+00,0.000000e+00,0.000000e+00,0.000000e+00,0.000000e+00,0.000000e+00,0.000000e+00,0.000000e+00,0.000000e+00,0.000000e+00,0.000000e+00,0.000000e+00,0.000000e+00
4.865322e-01,2.842491e-02,1.542712e-02,1.234280e-02,2.708426e-02,1.288306e-02,8.461857e-03,2.761802e-01,4.632195e-02,2.102747e-02,5.802151e-03,1.537214e-02,1.133950e-02,4.006196e-03,2.879416e-02
4.391001e-01,2.369466e-02,1.257391e-02,1.127020e-02,2.176883e-02,1.284249e-02,8.757411e-03,3.505238e-01,4.032767e-02,1.666663e-02,5.789157e-03,1.556466e-02,9.731513e-03,3.437501e-03,2.795148e-02
4.289326e-01,2.879326e-02,1.697363e-02,1.264886e-02,1.613048e-02,1.386326e-02,6.387693e-03,2.653667e-01,4.899713e-02,1.507057e-02,1.436999e-02,1.478528e-02,9.371705e-03,2.050347e-02,8.780538e-02
4.407867e-01,2.594460e-02,1.433797e-02,1.581830e-02,1.296085e-02,1.962994e-02,4.744592e-03,1.919472e-01,5.544104e-02,1.246333e-02,1.782254e-02,1.373220e-02,1.173040e-02,4.694762e-02,1.156928e-01
4.497523e-01,2.534739e-02,1.423619e-02,2.132894e-02,1.108039e-02,2.284176e-02,3.694762e-03,1.384366e-01,6.338494e-02,1.141493e-02,2.615038e-02,1.583341e-02,1.829362e-02,5.778090e-02,1.204235e-01
4.603969e-01,2.048935e-02,1.176262e-02,1.695460e-02,1.082359e-02,1.975627e-02,2.818822e-03,1.012002e-01,6.000949e-02,1.002699e-02,4.107839e-02,1.352243e-02,2.202950e-02,1.071255e-01,1.020054e-01
3.774455e-01,1.828990e-02,9.183811e-03,1.288455e-02,1.433087e-02,1.499396e-02,2.180662e-03,7.293310e-02,1.174886e-01,9.173165e-03,5.641797e-02,1.091529e-02,2.791651e-02,1.742126e-01,8.163361e-02
2.823698e-01,1.445226e-02,7.161087e-03,1.013187e-02,1.081642e-02,1.224966e-02,1.973465e-03,5.138871e-02,1.431295e-01,2.191264e-02,4.605807e-02,9.007728e-03,2.138541e-02,2.981536e-01,6.980976e-02
2.815302e-01,1.420999e-02,6.175076e-03,7.679115e-03,1.006852e-02,9.571213e-03,1.546424e-03,3.625558e-02,2.032799e-01,2.700123e-02,4.610982e-02,7.536058e-03,1.784327e-02,2.399473e-01,9.124634e-02
2.492650e-01,1.064575e-02,5.335751e-03,5.729495e-03,7.982044e-03,8.795092e-03,1.420100e-03,2.581111e-02,2.884173e-01,2.404218e-02,3.910140e-02,6.834589e-03,1.460322e-02,2.397657e-01,7.225128e-02
1.962617e-01,8.311416e-03,1.079131e-02,4.188837e-03,6.002861e-03,7.192242e-03,1.066877e-03,1.818020e-02,3.013584e-01,2.278255e-02,3.108285e-02,5.466386e-03,1.162147e-02,3.185144e-01,5.717853e-02
1.482854e-01,6.135697e-03,8.710777e-03,2.977906e-03,4.567164e-03,5.277284e-03,7.873848e-04,1.280603e-02,2.871670e-01,3.009410e-02,2.350206e-02,4.033970e-03,8.849293e-03,4.091127e-01,4.769324e-02
1.119452e-01,5.056307e-03,9.425928e-03,2.127993e-03,3.533736e-03,3.824108e-03,5.794009e-04,9.093911e-03,2.767076e-01,4.306556e-02,1.862725e-02,2.995651e-03,6.655247e-03,4.663479e-01,4.001428e-02
8.106008e-02,5.247622e-03,1.060801e-02,1.514948e-03,2.721516e-03,2.872299e-03,4.231966e-04,6.838875e-03,3.460912e-01,5.023541e-02,1.470806e-02,2.156256e-03,4.834735e-03,4.278080e-01,4.287987e-02
6.216472e-02,4.205351e-03,1.120778e-02,1.084362e-03,2.606942e-03,2.303801e-03,3.113901e-04,6.298042e-03,4.489096e-01,6.247376e-02,1.174324e-02,1.586692e-03,3.498939e-03,3.445342e-01,3.707113e-02
5.401917e-02,3.776293e-03,1.086213e-02,8.778615e-04,1.150096e-02,2.522986e-03,2.459731e-04,1.492920e-02,5.318084e-01,6.310618e-02,9.002303e-03,1.147517e-03,2.542509e-03,2.499363e-01,4.372213e-02
5.240281e-02,4.485930e-03,9.970695e-03,7.576753e-04,2.726452e-02,3.088125e-03,1.989315e-04,2.048050e-02,5.657156e-01,7.639141e-02,6.756288e-03,8.355347e-04,1.889794e-03,1.818740e-01,4.788823e-02
5.088324e-02,4.284306e-03,9.596911e-03,9.710389e-04,3.947462e-02,2.927893e-03,1.678217e-04,2.574001e-02,6.061531e-01,6.258738e-02,5.037601e-03,6.307769e-04,1.416568e-03,1.348911e-01,5.523766e-02
4.436338e-02,3.556432e-03,9.239119e-03,8.587052e-04,3.997386e-02,2.308644e-03,1.262005e-04,2.795660e-02,6.641136e-01,5.664412e-02,3.707172e-03,4.605866e-04,1.023841e-03,1.003251e-01,4.534249e-02
4.119612e-02,3.006945e-03,8.614378e-03,9.098527e-04,4.368968e-02,1.986766e-03,9.963629e-05,3.598696e-02,6.922703e-01,5.571583e-02,2.812026e-03,3.518102e-04,7.561806e-04,7.757460e-02,3.502882e-02
3.948136e-02,3.150673e-03,7.132637e-03,8.709975e-04,4.084637e-02,1.800491e-03,9.212054e-05,3.358917e-02,7.080617e-01,7.273422e-02,2.199005e-03,2.859018e-04,5.717872e-04,6.295434e-02,2.622921e-02
3.958496e-02,3.680694e-03,7.063437e-03,8.013625e-04,3.802609e-02,1.665853e-03,1.326328e-04,3.428652e-02,7.066278e-01,7.540421e-02,1.884401e-03,3.234178e-04,5.011178e-04,6.841709e-02,2.160032e-02
5.573419e-02,2.321876e-02,7.617615e-03,4.237249e-03,5.537581e-02,2.438529e-03,3.238760e-04,3.568576e-02,6.049320e-01,9.310104e-02,3.783784e-03,2.576245e-03,3.059585e-03,6.606597e-02,4.184954e-02
4.493326e-02,1.289648e-01,7.001785e-03,7.654419e-03,4.026119e-02,3.878225e-03,2.457714e-04,2.599631e-02,4.668937e-01,1.088064e-01,9.351106e-03,7.894889e-03,2.385921e-02,4.808231e-02,7.617666e-02
3.343398e-02,1.186753e-01,8.540810e-03,1.063709e-02,2.873365e-02,4.892105e-03,2.547087e-04,1.876942e-02,3.385395e-01,1.913727e-01,1.175265e-02,1.134766e-02,5.952633e-02,3.499737e-02,1.285267e-01
2.783131e-02,1.513885e-01,8.553768e-03,2.736638e-02,2.151219e-02,5.722937e-03,5.852449e-04,1.371231e-02,2.933378e-01,1.416881e-01,1.366442e-02,1.488593e-02,6.851658e-02,3.602599e-02,1.752086e-01
2.156499e-02,1.153951e-01,7.712155e-03,2.881850e-02,1.558711e-02,5.712459e-03,6.011393e-04,1.006960e-02,2.235691e-01,1.045865e-01,2.885472e-02,9.301888e-02,1.556378e-01,3.110931e-02,1.577626e-01
1.827679e-02,8.331900e-02,9.185409e-03,3.077718e-02,1.981552e-02,6.493922e-03,1.294171e-03,1.373762e-02,1.890237e-01,9.105390e-02,3.750338e-02,1.032181e-01,2.461931e-01,2.360509e-02,1.265032e-01
2.210483e-02,6.772631e-02,1.340024e-02,2.742755e-02,1.899315e-02,1.350239e-02,1.545311e-03,1.176355e-02,1.610279e-01,7.234229e-02,3.989653e-02,1.863359e-01,2.275364e-01,2.556497e-02,1.108327e-01
5.406483e-02,6.294548e-02,1.332059e-02,4.829273e-02,2.018737e-02,2.043340e-02,2.901958e-03,9.934645e-03,1.554687e-01,6.451989e-02,3.547620e-02,1.931674e-01,1.900308e-01,2.019672e-02,1.090593e-01
6.248872e-02,5.954925e-02,1.175717e-02,3.797814e-02,1.839593e-02,1.863504e-02,3.433674e-03,8.972572e-03,1.464406e-01,4.822471e-02,2.758608e-02,2.511829e-01,1.728730e-01,2.649233e-02,1.059899e-01
6.282948e-02,5.212380e-02,1.348979e-02,3.248733e-02,2.178768e-02,1.868145e-02,5.770409e-03,9.814571e-03,1.461403e-01,3.640831e-02,2.833221e-02,2.634690e-01,1.571981e-01,3.198664e-02,1.194809e-01
