1.000000e+00,0.000000e+00,0.000000e+00,0.000000e+00,0.000000e+00,0.000000e+00,0.000000e+00,0.000000e+00,0.000000e+00,0.000000e+00,0.000000e+00,0.000000e+00,0.000000e+00,0.000000e+00,0.000000e+00
1.000000e+00,0.000000e+00,0.000000e+00,0.000000e+00,0.000000e+00,0.000000e+00,0.000000e+00,0.000000e+00,0.000000e+00,0.000000e+00,0.000000e+00,0.000000e+00,0.000000e+00,0.000000e+00,0.000000e+00
1.000000e+00,0.000000e+00,0.000000e+00,0.000000e+00,0.000000e+00,0.000000e+00,0.000000e+00,0.000000e+00,0.000000e+00,0.000000e+00,0.000000e+00,0.000000e+00,0.000000e+00,0.000000e+00,0.000000e+00
1.000000e+00,0.000000e+00,0.000000e+00,0.000000e+00,0.000000e+00,0.000000e+00,0.000000e+00,0.000000e+00,0.000000e+00,0.000000e+00,0.000000e+00,0.000000e+00,0.000000e+00,0.000000e+00,0.000000e+00
1.000000e+00,0.000000e+00,0.000000e+00,0.000000e+00,0.000000e+00,0.000000e+00,0.000000e+00,0.000000e+00,0.000000e+00,0.000000e+00,0.000000e+00,0.000000e+00,0.000000e+00,0.000000e+00,0.000000e+00
1.000000e+00,0.000000e+00,0.000000e+00,0.000000e+00,0.000000e+00,0.000000e+00,0.000000e+00,0.000000e+00,0.000000e+00,0.000000e+00,0.000000e+00,0.000000e+00,0.000000e+00,0.000000e+00,0.000000e+00
1.000000e+00,0.000000e+00,0.000000e+00,0.000000e+00,0.000000e+00,0.000000e+00,0.000000e+00,0.000000e+00,0.000000e+00,0.000000e+00,0.000000e+00,0.000000e+00,0.000000e+00,0.000000e+00,0.000000e+00
1.000000e+00,0.000000e+00,0.000000e+00,0.000000e+00,0.000000e+00,0.000000e+00,0.000000e+00,0.000000e+00,0.000000e+00,0.000000e+00,0.000000e+00,0.000000e+00,0.000000e+00,0.000000e+00,0.000000e+00
1.000000e+00,0.000000e+00,0.000000e+00,0.000000e+00,0.000000e+00,0.000000e+00,0.000000e+00,0.000000e+00,0.000000e+00,0.000000e+00,0.000000e+00,0.000000e+00,0.000000e+00,0.000000e+00,0.000000e+00
1.000000e+00,0.000000e+00,0.000000e+00,0.000000e+00,0.000000e+00,0.000000e+00,0.000000e+00,0.000000e+00,0.000000e+00,0.000000e+00,0.000000e+00,0.000000e+00,0.000000e+00,0.000000e+00,0.000000e+00
1.000000e+00,0.000000e+00,0.000000e+00,0.000000e+00,0.000000e+00,0.000000e+00,0.000000e+00,0.000000e+00,0.000000e+00,0.000000e+00,0.000000e+00,0.000000e+00,0.000000e+00,0.000000e+00,0.000000e+00
1.000000e+00,0.000000e+00,0.000000e+00,0.000000e+00,0.000000e+00,0.000000e+00,0.000000e+00,0.000000e+00,0.000000e+00,0.000000e+00,0.000000e+00,0.000000e+00,0.000000e+00,0.000000e+00,0.000000e+00
1.000000e+00,0.000000e+00,0.000000e+00,0.000000e+00,0.000000e+00,0.000000e+00,0.000000e+00,0.000000e+00,0.000000e+00,0.000000e+00,0.000000e+00,0.000000e+00,0.000000e+00,0.000000e+00,0.000000e+00
1.000000e+00,0.000000e+00,0.000000e+00,0.000000e+00,0.000000e+00,0.000000e+00,0.000000e+00,0.000000e+00,0.000000e+00,0.000000e+00,0.000000e+00,0.000000e+00,0.000000e+00,0.000000e+00,0.000000e+00
1.000000e+00,0.000000e+00,0.000000e+00,0.000000e+00,0.000000e+00,0.000000e+00,0.000000e+00,0.000000e+00,0.000000e+00,0.000000e+00,0.000000e+00,0.000000e+00,0.000000e+00,0.000000e+00,0.000000e+00
1.000000e+00,0.000000e+00,0.000000e+00,0.000000e+00,0.000000e+00,0.000000e+00,0.000000e+00,0.000000e+00,0.000000e+00,0.000000e+00,0.000000e+00,0.000000e+00,0.000000e+00,0.000000e+00,0.000000e+00
1.000000e+00,0.000000e+00,0.000000e+00,0.000000e+00,0.000000e+00,0.000000e+00,0.000000e+00,0.000000e+00,0.000000e+00,0.000000e+00,0.000000e+00,0.000000e+00,0.000000e+00,0.000000e+00,0.000000e+00
1.000000e+00,0.000000e+00,0.000000e+00,0.000000e+00,0.000000e+00,0.000000e+00,0.000000e+00,0.000000e+00,0.000000e+00,0.000000e+00,0.000000e+00,0.000000e+00,0.000000e+00,0.000000e+00,0.000000e+00
1.000000e+00,0.000000e+00,0.000000e+00,0.000000e+00,0.000000e+00,0.000000e+00,0.000000e+00,0.000000e+00,0.000000e+00,0.000000e+00,0.000000e+00,0.000000e+00,0.000000e+00,0.000000e+00,0.000000e+00
1.000000e+00,0.000000e+00,0.000000e+00,0.000000e+00,0.000000e+00,0.000000e+00,0.000000e+00,0.000000e+00,0.000000e+00,0.000000e+00,0.000000e+00,0.000000e+00,0.000000e+00,0.000000e+00,0.000000e+00
1.000000e+00,0.000000e+00,0.000000e+00,0.000000e+00,0.000000e+00,0.000000e+00,0.000000e+00,0.000000e+00,0.000000e+00,0.000000e+00,0.000000e+00,0.000000e+00,0.000000e+00,0.000000e+00,0.000000e+00
1.000000e+00,0.000000e+00,0.000000e+00,0.000000e+00,0.000000e+00,0.000000e+00,0.000000e+00,0.000000e+00,0.000000e+00,0.000000e+00,0.000000e+00,0.000000e+00,0.000000e+00,0.000000e+00,0.000000e+00
1.000000e+00,0.000000e+00,0.000000e+00,0.000000e+00,0.000000e+00,0.000000e+00,0.000000e+00,0.000000e+00,0.000000e+00,0.000000e+00,0.000000e+00,0.000000e+00,0.000000e+00,0.000000e+00,0.000000e+00
1.000000e+00,0.000000e+00,0.000000e+00,0.000000e+00,0.000000e+00,0.000000e+00,0.000000e+00,0.000000e+00,0.000000e+00,0.000000e+00,0.000000e+00,0.000000e+00,0.000000e+00,0.000000e+00,0.000000e+00
1.000000e+00,0.000000e+00,0.000000e+00,0.000000e+00,0.000000e+00,0.000000e+00,0.000000e+00,0.000000e+00,0.000000e+00,0.000000e+00,0.000000e+00,0.000000e+00,0.000000e+00,0.000000e+00,0.000000e+00
1.000000e+00,0.000000e+00,0.000000e+00,0.000000e+00,0.000000e+00,0.000000e+00,0.000000e+00,0.000000e+00,0.000000e+00,0.000000e+00,0.000000e+00,0.000000e+00,0.000000e+00,0.000000e+00,0.000000e+00
1.000000e+00,0.000000e+00,0.000000e+00,0.000000e+00,0.000000e+00,0.000000e+00,0.000000e+00,0.000000e+00,0.000000e+00,0.000000e+00,0.000000e+00,0.000000e+00,0.000000e+00,0.000000e+00,0.000000e+00
1.000000e+00,0.000000e+00,0.000000e+00,0.000000e+00,0.000000e+00,0.000000e+00,0.000000e+00,0.000000e+00,0.000000e+00,0.000000e+00,0.000000e+00,0.000000e+00,0.000000e+00,0.000000e+00,0.000000e+00
1.000000e+00,0.000000e+00,0.000000e+00,0.000000e+00,0.000000e+00,0.000000e+00,0.000000e+00,0.000000e+00,0.000000e+00,0.000000e+00,0.000000e+00,0.000000e+00,0.000000e+00,0.000000e+00,0.000000e+00
1.000000e+00,0.000000e+00,0.000000e+00,0.000000e+00,0.000000e+00,0.000000e+00,0.000000e+00,0.000000e+00,0.000000e+00,0.000000e+00,0.000000e+00,0.000000e+00,0.000000e+00,0.000000e+00,0.000000e+00
1.000000e+00,0.000000e+00,0.000000e+00,0.000000e+00,0.000000e+00,0.000000e+00,0.000000e+00,0.000000e+00,0.000000e+00,0.000000e+00,0.000000e+00,0.000000e+00,0.000000e+00,0.000000e+00,0.000000e+00
1.000000e+00,0.000000e+00,0.000000e+00,0.000000e+00,0.000000e+00,0.000000e+00,0.000000e+00,0.000000e+00,0.000000e+00,0.000000e+00,0.000000e+00,0.000000e+00,0.000000e+00,0.000000e+00,0.000000e+00
1.000000e+00,0.000000e+00,0.000000e+00,0.000000e+00,0.000000e+00,0.000000e+00,0.000000e+00,0.000000e+00,0.000000e+00,0.000000e+00,0.000000e+00,0.000000e+00,0.000000e+00,0.000000e+00,0.000000e+00
1.000000e+00,0.000000e+00,0.000000e+00,0.000000e+00,0.000000e+00,0.000000e+00,0.000000e+00,0.000000e+00,0.000000e+00,0.000000e+00,0.000000e+00,0.000000e+00,0.000000e+00,0.000000e+00,0.000000e+00
1.000000e+00,0.000000e+00,0.000000e+00,0.000000e+00,0.000000e+00,0.000000e+00,0.000000e+00,0.000000e+00,0.000000e+00,0.000000e+00,0.000000e+00,0.000000e+00,0.000000e+00,0.000000e+00,0.000000e+00
1.000000e+00,0.000000e+00,0.000000e+00,0.000000e+00,0.000000e+00,0.000000e+00,0.000000e+00,0.000000e+00,0.000000e+00,0.000000e+00,0.000000e+00,0.000000e+00,0.000000e+00,0.000000e+00,0.000000e+00
1.000000e+00,0.000000e+00,0.000000e+00,0.000000e+00,0.000000e+00,0.000000e+00,0.000000e+00,0.000000e+00,0.000000e+00,0.000000e+00,0.000000e+00,0.000000e+00,0.000000e+00,0.000000e+00,0.000000e+00
1.000000e+00,0.000000e+00,0.000000e+00,0.000000e+00,0.000000e+00,0.000000e+00,0.000000e+00,0.000000e+00,0.000000e+00,0.000000e+00,0.000000e+00,0.000000e+00,0.000000e+00,0.000000e+00,0.000000e+00
1.000000e+00,0.000000e+00,0.000000e+00,0.000000e+00,0.000000e+00,0.000000e+00,0.000000e+00,0.000000e+00,0.000000e+00,0.000000e+00,0.000000e+00,0.000000e+00,0.000000e+00,0.000000e+00,0.000000e+00
1.000000e+00,0.000000e+00,0.000000e+00,0.000000e+00,0.000000e+00,0.000000e+00,0.000000e+00,0.000000e+00,0.000000e+00,0.000000e+00,0.000000e+00,0.000000e+00,0.000000e+00,0.000000e+00,0.000000e+00
1.000000e+00,0.000000e+00,0.000000e+00,0.000000e+00,0.000000e+00,0.000000e+00,0.000000e+00,0.000000e+00,0.000000e+00,0.000000e+00,0.000000e+00,0.000000e+00,0.000000e+00,0.000000e+00,0.000000e+00
1.000000e+00,0.000000e+00,0.000000e+00,0.000000e+00,0.000000e+00,0.000000e+00,0.000000e+00,0.000000e+00,0.000000e+00,0.000000e+00,0.000000e+00,0.000000e+00,0.000000e+00,0.000000e+00,0.000000e+00
1.000000e+00,0.000000e+00,0.000000e+00,0.000000e+00,0.000000e+00,0.000000e+00,0.000000e+00,0.000000e+00,0.000000e+00,0.000000e+00,0.000000e+00,0.000000e+00,0.000000e+00,0.000000e+00,0.000000e+00
1.000000e+00,0.000000e+00,0.000000e+00,0.000000e+00,0.000000e+00,0.000000e+00,0.000000e+00,0.000000e+00,0.000000e+00,0.000000e+00,0.000000e+00,0.000000e+00,0.000000e+00,0.000000e+00,0.000000e+00
1.000000e+00,0.000000e+00,0.000000e+00,0.000000e+00,0.000000e+00,0.000000e+00,0.000000e+00,0.000000e+00,0.000000e+00,0.000000e+00,0.000000e+00,0.000000e+00,0.000000e+00,0.000000e+00,0.000000e+00
1.000000e+00,0.000000e+00,0.000000e+00,0.000000e+00,0.000000e+00,0.000000e+00,0.000000e+00,0.000000e+00,0.000000e+00,0.000000e+00,0.000000e+00,0.000000e+00,0.000000e+00,0.000000e+00,0.000000e+00
1.000000e+00,0.000000e+00,0.000000e+00,0.000000e+00,0.000000e+00,0.000000e+00,0.000000e+00,0.000000e+00,0.000000e+00,0.000000e+00,0.000000e+00,0.000000e+00,0.000000e+00,0.000000e+00,0.000000e+00
1.000000e+00,0.000000e+00,0.000000e+00,0.000000e+00,0.000000e+00,0.000000e+00,0.000000e+00,0.000000e+00,0.000000e+00,0.000000e+00,0.000000e+00,0.000000e+00,0.000000e+00,0.000000e+00,0.000000e+00
1.000000e+00,0.000000e+00,0.000000e+00,0.000000e+00,0.000000e+00,0.000000e+00,0.000000e+00,0.000000e+00,0.000000e+00,0.000000e+00,0.000000e+00,0.000000e+00,0.000000e+00,0.000000e+00,0.000000e+00
1.000000e+00,0.000000e+00,0.000000e+00,0.000000e+00,0.000000e+00,0.000000e+00,0.000000e+00,0.000000e+00,0.000000e+00,0.000000e+00,0.000000e+00,0.000000e+00,0.000000e+00,0.000000e+00,0.000000e+00
1.000000e+00,0.000000e+00,0.000000e+00,0.000000e+00,0.000000e+00,0.000000e+00,0.000000e+00,0.000000e+00,0.000000e+00,0.000000e+00,0.000000e+00,0.000000e+00,0.000000e+00,0.000000e+00,0.000000e+00
1.000000e+00,0.000000e+00,0.000000e+00,0.000000e+00,0.000000e+00,0.000000e+00,0.000000e+00,0.000000e+00,0.000000e+00,0.000000e+00,0.000000e+00,0.000000e+00,0.000000e+00,0.000000e+00,0.000000e+00
1.000000e+00,0.000000e+00,0.000000e+00,0.000000e+00,0.000000e+00,0.000000e+00,0.000000e+00,0.000000e+00,0.000000e+00,0.000000e+00,0.000000e+00,0.000000e+00,0.000000e+00,0.000000e+00,0.000000e+00
1.000000e+00,0.000000e+00,0.000000e+00,0.000000e+00,0.000000e+00,0.000000e+00,0.000000e+00,0.000000e+00,0.000000e+00,0.000000e+00,0.000000e+00,0.000000e+00,0.000000e+00,0.000000e+00,0.000000e+00
1.000000e+00,0.000000e+00,0.000000e+00,0.000000e+00,0.000000e+00,0.000000e+00,0.000000e+00,0.000000e+00,0.000000e+00,0.000000e+00,0.000000e+00,0.000000e+00,0.000000e+00,0.000000e+00,0.000000e+00
1.000000e+00,0.000000e+00,0.000000e+00,0.000000e+00,0.000000e+00,0.000000e+00,0.000000e+00,0.000000e+00,0.000000e+00,0.000000e+00,0.000000e+00,0.000000e+00,0.000000e+00,0.000000e+00,0.000000e+00
1.000000e+00,0.000000e+00,0.000000e+00,0.000000e+00,0.000000e+00,0.000000e+00,0.000000e+00,0.000000e+00,0.000000e+00,0.000000e+00,0.000000e+00,0.000000e+00,0.000000e+00,0.000000e+00,0.000000e+00
1.000000e+00,0.000000e+00,0.000000e+00,0.000000e+00,0.000000e+00,0.000000e+00,0.000000e+00,0.000000e+00,0.000000e+00,0.000000e+00,0.000000e+00,0.000000e+00,0.000000e+00,0.000000e+00,0.000000e+00
1.000000e+00,0.000000e+00,0.000000e+00,0.000000e+00,0.000000e+00,0.000000e+00,0.000000e+00,0.000000e+00,0.000000e+00,0.000000e+00,0.000000e+00,0.000000e+00,0.000000e+00,0.000000e+00,0.000000e+00
4.206450e-01,2.307828e-02,3.630527e-02,4.191164e-02,8.944035e-03,1.470692e-01,3.358251e-03,2.522263e-02,4.823931e-03,1.050933e-01,3.160810e-02,2.332425e-02,1.460584e-02,5.040115e-03,1.089701e-01
2.961994e-01,1.735869e-02,2.576404e-02,2.961815e-02,6.324042e-03,1.143387e-01,2.446595e-03,1.777201e-02,4.787515e-03,2.126870e-01,2.251513e-02,1.644967e-02,1.195782e-02,3.789066e-03,2.179922e-01
2.084005e-01,2.750603e-02,2.183043e-02,3.250068e-02,4.517894e-03,8.075790e-02,1.784334e-03,1.250676e-02,2.103063e-02,3.612800e-01,1.635384e-02,1.191768e-02,9.458731e-03,2.834871e-03,1.873197e-01
1.463379e-01,2.041196e-02,1.534125e-02,2.278987e-02,3.173111e-03,5.750285e-02,1.255310e-03,8.777305e-03,1.537287e-02,2.797750e-01,1.166313e-02,8.380295e-03,6.861701e-03,2.316057e-03,4.000414e-01
1.033237e-01,1.974998e-02,1.101292e-02,1.631522e-02,2.252638e-03,4.122285e-02,8.908993e-04,6.190135e-03,1.424385e-02,2.083069e-01,8.719666e-03,6.077423e-03,5.300602e-03,2.078451e-03,5.543149e-01
7.294784e-02,1.456769e-02,7.804463e-03,1.147636e-02,1.874067e-03,2.941723e-02,6.351285e-04,4.402333e-03,1.263269e-02,1.485352e-01,6.384915e-03,4.361568e-03,4.058807e-03,2.306338e-03,6.785954e-01
5.204576e-02,1.303376e-02,7.649560e-03,8.944204e-03,1.488359e-03,2.162734e-02,4.557043e-04,3.286295e-03,1.200340e-02,1.156493e-01,5.064713e-03,3.277570e-03,3.759745e-03,2.185459e-03,7.495288e-01
3.698045e-02,1.814747e-02,1.222931e-02,1.053674e-02,1.170457e-03,2.070452e-02,3.297907e-04,2.360536e-03,2.771441e-02,1.036364e-01,4.403835e-03,2.818336e-03,4.670677e-03,1.998238e-03,7.522988e-01
2.687477e-02,1.880254e-02,1.260754e-02,9.678850e-03,1.534058e-03,2.815282e-02,4.281649e-04,2.823133e-03,3.369163e-02,1.026398e-01,1.638637e-02,4.271823e-03,1.373169e-02,3.491104e-03,7.248858e-01
2.006951e-02,4.253782e-02,2.038673e-02,1.184762e-02,1.683382e-03,3.697099e-02,5.007616e-04,2.509667e-03,4.144935e-02,9.612175e-02,1.825905e-02,5.429029e-03,1.691134e-02,3.584813e-03,6.817382e-01
1.587237e-02,5.734193e-02,4.417760e-02,1.370132e-02,2.094233e-03,2.872697e-02,5.282396e-04,2.361462e-03,8.479919e-02,1.006259e-01,2.148961e-02,9.587214e-03,2.660713e-02,5.105425e-03,5.869814e-01
1.171560e-02,9.168948e-02,4.504604e-02,1.208872e-02,1.568950e-03,2.184166e-02,5.591454e-04,1.940147e-03,9.506001e-02,1.417419e-01,2.623669e-02,1.342270e-02,3.769011e-02,6.279232e-03,4.931196e-01
8.931196e-03,7.525839e-02,8.002550e-02,1.492151e-02,1.246007e-03,1.825887e-02,6.227227e-04,1.501464e-03,7.978079e-02,2.295097e-01,2.984596e-02,1.753360e-02,5.075788e-02,5.154362e-03,3.866521e-01
6.556202e-03,5.366397e-02,6.804730e-02,1.207462e-02,1.344815e-03,1.559773e-02,1.475331e-03,1.219767e-03,5.797250e-02,4.000134e-01,2.963166e-02,1.704301e-02,4.165416e-02,6.774823e-03,2.869307e-01
4.887888e-03,3.858263e-02,6.951627e-02,1.009198e-02,1.061360e-03,1.547106e-02,1.437611e-03,8.884098e-04,4.158255e-02,5.221213e-01,2.746374e-02,1.886479e-02,3.413267e-02,5.809609e-03,2.080882e-01
3.431404e-03,2.708230e-02,4.976122e-02,7.122395e-03,7.526622e-04,1.130380e-02,1.029289e-03,6.261283e-04,2.920650e-02,6.585172e-01,2.089930e-02,1.542273e-02,2.464142e-02,4.192276e-03,1.460114e-01
2.413603e-03,1.900114e-02,3.504605e-02,5.086013e-03,5.646914e-04,8.797560e-03,7.321985e-04,4.495077e-04,2.078197e-02,7.382642e-01,2.198991e-02,1.815627e-02,2.227529e-02,3.608752e-03,1.028329e-01
1.704996e-03,1.332159e-02,2.470174e-02,3.649264e-03,4.608678e-04,6.624719e-03,5.270834e-04,3.538079e-04,1.622123e-02,7.877607e-01,2.932063e-02,1.703089e-02,2.097225e-02,3.830140e-03,7.352016e-02
1.244128e-03,9.376950e-03,1.760824e-02,2.592037e-03,4.519179e-04,4.925122e-03,3.814284e-04,2.687791e-04,1.307963e-02,8.258297e-01,2.902996e-02,1.344625e-02,1.638201e-02,6.243120e-03,5.914079e-02
9.318251e-04,6.636711e-03,1.245846e-02,1.883515e-03,4.091683e-04,3.909384e-03,2.793671e-04,2.037767e-04,1.111242e-02,8.542209e-01,2.339948e-02,1.081928e-02,1.260628e-02,7.447498e-03,5.368194e-02
9.617938e-04,5.850036e-03,1.034774e-02,2.419163e-03,6.834056e-04,4.876673e-03,3.146959e-04,3.659988e-04,2.310957e-02,8.084987e-01,4.341596e-02,1.244950e-02,1.460725e-02,1.349103e-02,5.860844e-02
1.491153e-03,4.420384e-03,9.120295e-03,5.157313e-03,1.567916e-03,6.139030e-03,3.061994e-04,4.857007e-04,2.249970e-02,6.916507e-01,9.215663e-02,3.759728e-02,4.243527e-02,2.856303e-02,5.640934e-02
1.277981e-03,4.183025e-03,1.289974e-02,4.411963e-03,1.432916e-03,4.968141e-03,2.297943e-04,4.278173e-04,1.746220e-02,5.076752e-01,2.970955e-01,3.215396e-02,5.207297e-02,2.282032e-02,4.088835e-02
1.980588e-03,1.086799e-02,5.569144e-02,7.999539e-03,1.098027e-02,8.152129e-03,9.285574e-04,3.919952e-03,3.503132e-02,3.976331e-01,2.446948e-01,2.809192e-02,4.787454e-02,8.429631e-02,6.185752e-02
2.969536e-03,1.600091e-02,4.987912e-02,1.407410e-02,1.572302e-02,1.062213e-02,7.692602e-04,3.662063e-03,6.047011e-02,3.006998e-01,2.048983e-01,2.497906e-02,3.792622e-02,1.861088e-01,7.121758e-02
3.364586e-03,1.439355e-02,3.836942e-02,1.509243e-02,1.933498e-02,7.970904e-03,6.601272e-04,2.935755e-03,6.977873e-02,2.134231e-01,3.370603e-01,4.329335e-02,4.257769e-02,1.399942e-01,5.175090e-02
4.027326e-03,1.339839e-02,5.609305e-02,1.334055e-02,2.572423e-02,7.073296e-03,5.853364e-04,2.597990e-03,5.672697e-02,1.541532e-01,2.724389e-01,3.238113e-02,3.529095e-02,2.327960e-01,9.337275e-02
4.276998e-03,1.215648e-02,1.515114e-01,2.335136e-02,3.952273e-02,5.775127e-03,1.068226e-03,5.213128e-03,5.905630e-02,1.118916e-01,2.073854e-01,2.338051e-02,3.097519e-02,1.887866e-01,1.356490e-01
3.900414e-03,1.688638e-02,1.544384e-01,1.846082e-02,4.413510e-02,9.046813e-03,8.771862e-04,4.443435e-03,6.904195e-02,8.046779e-02,1.563875e-01,1.698130e-02,2.395745e-02,2.242086e-01,1.767668e-01
4.198835e-03,5.494761e-02,1.408159e-01,1.638030e-02,3.449954e-02,1.152635e-02,7.988015e-04,4.242823e-03,7.568405e-02,5.981373e-02,1.330216e-01,1.263392e-02,1.982521e-02,2.104647e-01,2.211467e-01
6.895438e-03,6.112655e-02,1.555747e-01,1.367730e-02,2.963389e-02,1.383154e-02,1.104963e-03,5.262469e-03,6.650552e-02,4.375169e-02,1.036320e-01,9.161653e-03,1.567519e-02,1.978485e-01,2.763187e-01
1.141311e-02,7.593328e-02,1.682241e-01,1.113696e-02,2.945020e-02,1.062718e-02,1.927911e-03,1.037089e-02,7.863635e-02,3.136418e-02,7.346636e-02,6.787686e-03,1.331753e-02,1.602125e-01,3.171318e-01
1.843894e-02,8.371278e-02,1.391241e-01,8.715324e-03,4.033621e-02,1.136660e-02,3.003965e-03,1.314012e-02,8.275042e-02,2.257106e-02,5.240483e-02,6.033059e-03,2.168592e-02,1.443292e-01,3.523875e-01
1.686331e-02,9.228921e-02,1.072641e-01,1.110511e-02,3.798131e-02,9.853946e-03,3.184194e-03,3.609437e-02,8.740384e-02,1.700862e-02,4.160916e-02,5.814060e-03,6.627376e-02,1.148394e-01,3.524157e-01
1.709272e-02,1.102209e-01,8.224688e-02,1.089436e-02,4.013402e-02,9.772932e-03,3.791929e-03,4.102402e-02,1.060260e-01,1.320418e-02,3.162506e-02,5.120697e-03,9.867287e-02,1.167094e-01,3.134640e-01
1.591100e-02,8.564881e-02,2.040679e-01,2.083766e-02,4.062384e-02,9.561939e-03,3.567900e-03,4.578206e-02,8.575945e-02,9.604212e-03,2.260952e-02,3.811136e-03,7.564296e-02,8.669541e-02,2.898762e-01
2.102987e-02,1.246642e-01,2.222619e-01,3.497732e-02,3.787027e-02,1.051986e-02,3.245641e-03,4.056132e-02,9.552405e-02,9.241188e-03,1.699690e-02,3.175818e-03,6.502235e-02,6.406642e-02,2.508430e-01
1.958586e-02,1.284963e-01,2.827548e-01,6.567385e-02,2.951023e-02,9.383546e-03,2.434192e-03,2.872257e-02,1.038152e-01,9.938333e-03,1.323520e-02,2.821175e-03,4.704715e-02,4.529113e-02,2.112906e-01
2.784061e-02,2.180890e-01,2.300799e-01,5.257721e-02,4.474822e-02,9.957335e-03,3.391168e-03,2.281688e-02,1.214521e-01,7.748735e-03,1.049962e-02,2.383893e-03,3.703777e-02,3.273471e-02,1.786429e-01
2.420376e-02,2.967212e-01,1.958664e-01,5.108219e-02,3.592813e-02,8.517688e-03,2.583343e-03,1.682518e-02,1.432741e-01,1.192975e-02,1.037824e-02,2.393347e-03,2.778982e-02,2.369990e-02,1.488069e-01
1.775059e-02,2.628622e-01,1.479109e-01,5.100638e-02,2.532423e-02,6.174430e-03,1.835415e-03,1.193247e-02,2.288936e-01,1.690943e-02,9.143482e-03,2.940872e-03,2.186791e-02,1.717324e-02,1.782748e-01
1.308602e-02,2.174126e-01,1.100768e-01,4.271093e-02,1.787044e-02,4.611347e-03,1.302784e-03,8.644146e-03,2.090416e-01,2.603999e-02,2.458365e-02,2.818105e-02,3.583249e-02,1.381114e-02,2.467951e-01
1.089735e-02,1.594675e-01,8.122043e-02,4.251812e-02,1.468530e-02,4.940243e-03,9.955972e-04,6.610611e-03,1.776030e-01,2.699487e-02,9.680574e-02,2.900379e-02,8.255728e-02,2.831894e-02,2.373812e-01
8.112513e-03,1.136608e-01,5.726894e-02,3.237896e-02,1.282859e-02,5.135288e-03,8.366544e-04,4.854489e-03,1.668969e-01,2.119026e-02,7.715596e-02,2.922016e-02,9.068009e-02,1.656094e-01,2.141711e-01
6.205421e-03,8.066998e-02,4.071310e-02,2.408209e-02,1.134832e-02,5.488705e-03,9.084280e-04,3.820423e-03,1.598788e-01,1.852898e-02,6.976844e-02,2.906609e-02,8.533989e-02,2.536048e-01,2.105766e-01
4.553159e-03,5.769757e-02,2.887465e-02,1.734871e-02,8.428128e-03,4.539807e-03,6.920873e-04,2.734329e-03,1.725394e-01,1.442554e-02,6.159715e-02,2.118783e-02,6.277638e-02,3.650204e-01,1.775848e-01
3.324160e-03,4.683738e-02,3.808685e-02,1.425186e-02,6.196663e-03,5.487903e-03,5.570379e-04,1.996197e-03,1.791011e-01,1.252676e-02,4.784959e-02,1.561604e-02,4.610648e-02,4.216419e-01,1.604201e-01
2.674733e-03,3.847733e-02,2.865025e-02,1.037631e-02,5.265323e-03,4.940636e-03,4.515015e-04,1.420924e-03,1.854895e-01,1.132182e-02,3.635835e-02,1.103176e-02,3.272147e-02,4.977854e-01,1.330348e-01
2.092592e-03,2.817680e-02,2.084165e-02,7.345246e-03,3.918107e-03,3.773357e-03,3.402765e-04,9.989827e-04,2.092500e-01,9.056055e-03,2.671283e-02,7.770233e-03,2.300327e-02,5.367416e-01,1.199791e-01
1.682118e-03,2.042305e-02,1.667956e-02,5.416572e-03,3.017284e-03,3.022035e-03,2.722040e-04,7.053306e-04,2.349277e-01,9.156165e-03,2.010519e-02,5.511854e-03,1.627155e-02,5.577133e-01,1.050961e-01
1.607096e-03,1.492522e-02,1.501913e-02,3.941745e-03,2.266284e-03,2.663880e-03,2.160502e-04,5.013105e-04,2.058148e-01,1.738603e-02,1.548458e-02,3.938360e-03,1.171168e-02,5.923100e-01,1.122138e-01
1.889522e-03,1.560078e-02,1.475429e-02,2.890729e-03,2.155474e-03,2.263881e-03,1.742155e-04,3.683890e-04,2.876963e-01,1.835855e-02,1.295568e-02,2.908603e-03,8.766035e-03,5.132008e-01,1.160168e-01
2.007654e-03,1.248764e-02,1.160957e-02,2.149807e-03,2.228147e-03,1.808881e-03,1.607969e-04,2.900931e-04,3.543423e-01,1.648317e-02,1.032027e-02,2.103716e-03,6.370841e-03,4.595327e-01,1.181043e-01
2.405323e-03,2.222692e-02,1.453567e-02,2.182394e-03,2.571151e-03,2.455323e-03,1.870218e-04,6.197700e-04,4.138522e-01,1.420456e-02,8.118704e-03,1.513419e-03,4.825069e-03,4.181401e-01,9.216242e-02
2.577281e-03,3.490251e-02,1.287456e-02,2.692656e-03,3.538871e-03,7.322603e-03,1.785321e-04,7.274232e-04,4.411444e-01,1.265956e-02,6.276866e-03,1.095960e-03,3.824540e-03,4.004574e-01,6.972685e-02
2.587919e-03,9.716558e-02,1.472916e-02,2.953185e-03,1.325835e-02,7.920044e-03,2.495578e-04,2.234354e-03,4.570046e-01,9.670835e-03,4.762292e-03,8.207936e-04,3.043459e-03,3.275192e-01,5.608067e-02
2.040961e-03,1.370118e-01,1.092768e-02,2.392299e-03,1.054839e-02,8.987906e-03,1.830847e-04,1.670604e-03,5.115077e-01,8.235711e-03,3.631817e-03,6.037144e-04,2.548290e-03,2.457071e-01,5.400288e-02
1.663827e-03,1.176036e-01,8.205903e-03,3.609866e-03,8.489307e-03,7.068897e-03,1.428955e-04,1.326201e-03,6.131984e-01,6.744212e-03,4.311139e-03,5.928552e-04,3.307169e-03,1.763500e-01,4.738571e-02
1.815143e-03,2.100410e-01,5.978466e-03,7.395182e-03,6.346350e-03,5.306679e-03,1.055741e-04,9.739656e-04,5.838091e-01,5.425417e-03,5.795426e-03,1.509989e-03,6.062636e-03,1.248747e-01,3.456040e-02
1.122380e-02,2.475132e-01,8.182863e-03,1.351896e-02,9.138482e-03,1.252389e-02,3.858187e-04,1.843309e-03,4.975925e-01,4.081831e-03,2.610398e-02,2.137123e-03,1.610119e-02,1.096684e-01,3.998465e-02
5.110911e-02,2.602391e-01,1.130545e-02,1.229650e-02,9.539135e-03,1.977305e-02,4.634842e-04,6.446595e-03,3.713872e-01,3.068462e-03,2.866396e-02,3.613267e-03,2.727623e-02,1.453907e-01,4.942774e-02
1.065878e-01,2.708082e-01,9.738655e-03,1.086124e-02,1.375529e-02,2.483177e-02,6.228887e-04,7.522634e-03,2.796617e-01,2.464829e-03,2.914411e-02,7.120971e-03,6.887320e-02,1.207849e-01,4.722181e-02
8.619457e-02,2.110744e-01,8.283549e-03,2.476569e-02,1.342084e-02,1.973607e-02,7.417286e-04,6.826197e-03,2.423188e-01,3.455282e-03,3.211203e-02,1.589311e-02,1.934573e-01,8.783264e-02,5.388772e-02
6.126878e-02,1.550902e-01,8.692013e-03,4.504454e-02,1.019529e-02,1.613691e-02,8.712488e-04,6.676306e-03,2.399592e-01,8.893614e-03,3.717602e-02,3.016284e-02,2.196895e-01,6.251825e-02,9.762536e-02
4.722345e-02,1.224792e-01,1.119280e-02,6.766108e-02,1.073701e-02,2.248396e-02,3.245715e-03,8.233081e-03,2.270886e-01,1.120516e-02,4.036601e-02,5.601446e-02,1.977115e-01,4.496914e-02,1.293888e-01
3.407892e-02,1.184642e-01,1.415479e-02,7.090398e-02,9.666916e-03,1.915418e-02,3.062379e-03,6.093522e-03,2.771381e-01,2.089972e-02,3.158217e-02,4.935857e-02,1.674000e-01,3.194074e-02,1.461018e-01
2.602732e-02,8.889529e-02,3.809254e-02,1.885512e-01,1.676551e-02,2.042849e-02,5.722428e-03,6.220469e-03,2.696511e-01,2.029246e-02,2.350109e-02,3.548631e-02,1.206894e-01,2.250519e-02,1.171711e-01
2.279698e-02,7.080251e-02,3.160473e-02,1.623609e-01,3.053198e-02,2.492767e-02,7.689523e-03,5.010153e-03,3.328576e-01,2.110477e-02,1.811233e-02,2.520641e-02,1.389999e-01,1.608736e-02,9.190713e-02
3.745968e-02,6.854158e-02,3.209846e-02,1.340281e-01,4.689307e-02,3.091908e-02,1.318548e-02,5.810824e-03,3.216266e-01,2.172449e-02,1.748676e-02,2.003723e-02,1.462771e-01,1.240877e-02,9.150282e-02
4.899853e-02,6.360656e-02,2.769799e-02,1.084243e-01,5.605347e-02,3.047479e-02,1.570827e-02,6.243411e-03,3.094090e-01,1.845790e-02,1.652731e-02,1.682639e-02,1.631732e-01,1.044849e-02,1.079504e-01
6.869358e-02,6.703535e-02,2.495300e-02,8.846315e-02,6.542450e-02,2.926301e-02,1.493563e-02,6.583464e-03,2.724766e-01,1.495077e-02,1.674499e-02,1.659843e-02,1.420547e-01,1.160845e-02,1.602144e-01
7.506482e-02,8.897675e-02,1.974926e-02,7.113943e-02,5.992302e-02,2.871052e-02,1.289524e-02,8.266691e-03,2.515776e-01,1.357700e-02,1.526403e-02,1.603646e-02,1.776416e-01,9.949887e-03,1.512277e-01
7.676474e-02,9.631687e-02,1.907861e-02,7.862265e-02,5.866820e-02,3.232474e-02,1.306530e-02,1.309069e-02,2.231030e-01,2.039415e-02,1.664799e-02,2.388959e-02,1.662968e-01,1.058887e-02,1.511478e-01
6.391726e-02,8.668531e-02,1.600580e-02,6.751412e-02,4.385563e-02,2.676819e-02,1.029255e-02,1.251977e-02,2.093160e-01,2.887465e-02,1.760622e-02,2.573740e-02,1.580009e-01,1.912049e-02,2.137856e-01
5.342565e-02,7.683703e-02,1.300377e-02,7.623198e-02,3.633047e-02,2.586817e-02,8.594023e-03,9.843869e-03,1.776681e-01,2.531732e-02,1.874599e-02,2.467350e-02,2.677932e-01,1.631095e-02,1.693560e-01
5.398485e-02,1.035753e-01,2.602995e-02,1.001565e-01,2.983966e-02,2.576240e-02,7.054505e-03,8.438144e-03,1.854858e-01,1.994770e-02,1.597454e-02,2.679041e-02,2.331505e-01,2.044240e-02,1.433673e-01
5.781285e-02,7.677943e-02,2.011243e-02,7.332072e-02,2.165098e-02,2.288544e-02,5.828117e-03,7.288132e-03,1.367288e-01,1.429979e-02,1.348926e-02,6.517472e-02,3.654544e-01,1.597399e-02,1.032010e-01
5.728653e-02,5.543625e-02,1.432781e-02,5.327671e-02,1.548843e-02,1.815484e-02,4.282427e-03,5.411584e-03,1.019513e-01,1.014051e-02,1.111118e-02,6.594536e-02,5.008898e-01,1.239914e-02,7.389819e-02
6.238490e-02,3.957606e-02,1.086110e-02,3.846649e-02,1.212529e-02,1.668105e-02,3.680962e-03,7.999488e-03,7.763290e-02,7.371977e-03,9.327621e-03,6.537151e-02,5.852279e-01,1.013358e-02,5.315914e-02
7.211082e-02,2.905717e-02,8.244460e-03,3.094448e-02,1.808754e-02,1.833980e-02,3.930500e-03,6.683630e-03,7.039455e-02,5.391566e-03,8.031254e-03,7.606808e-02,6.067204e-01,7.624728e-03,3.837105e-02
6.359954e-02,3.213456e-02,1.754577e-02,2.315083e-02,2.944759e-02,1.461348e-02,5.595301e-03,8.687681e-03,1.127601e-01,4.922891e-03,6.486315e-03,8.323134e-02,5.615727e-01,7.307777e-03,2.894419e-02
4.807441e-02,2.854996e-02,1.393980e-02,1.748799e-02,3.123993e-02,2.614054e-02,1.106566e-02,8.350191e-03,2.620807e-01,4.357907e-03,5.099259e-03,6.015747e-02,4.559351e-01,5.215611e-03,2.230549e-02
3.953167e-02,2.510019e-02,2.115357e-02,1.361541e-02,3.159214e-02,2.606656e-02,1.672594e-02,2.730211e-02,2.888544e-01,4.298837e-03,4.116295e-03,4.385976e-02,4.337059e-01,3.752972e-03,2.032422e-02
4.549175e-02,2.232870e-02,1.600442e-02,1.395745e-02,2.875954e-02,4.215701e-02,1.695925e-02,2.811628e-02,3.764254e-01,4.271600e-03,3.974585e-03,3.254271e-02,3.496587e-01,2.790774e-03,1.656183e-02
6.628615e-02,2.278806e-02,1.287550e-02,1.381471e-02,3.576438e-02,4.593143e-02,1.784381e-02,2.729373e-02,4.052625e-01,4.917979e-03,3.764874e-03,2.601361e-02,2.940911e-01,2.176180e-03,2.117601e-02
6.418534e-02,2.237751e-02,9.979935e-03,1.776700e-02,3.708401e-02,5.063108e-02,1.472625e-02,3.363943e-02,4.696741e-01,4.341047e-03,3.349999e-03,1.942127e-02,2.318004e-01,1.602100e-03,1.942061e-02
5.681897e-02,5.768530e-02,8.033893e-03,2.632993e-02,3.038342e-02,7.029883e-02,1.579287e-02,3.676875e-02,4.755532e-01,5.163757e-03,3.719340e-03,1.445597e-02,1.781570e-01,1.184102e-03,1.965465e-02
5.050088e-02,7.230803e-02,6.309839e-03,3.396849e-02,2.263166e-02,1.820891e-01,1.114643e-02,3.413280e-02,4.065289e-01,4.929057e-03,9.334389e-03,1.125443e-02,1.343857e-01,1.647256e-03,1.883298e-02
5.767388e-02,7.824252e-02,8.283699e-03,3.069670e-02,1.852735e-02,1.799104e-01,8.115553e-03,4.831987e-02,3.802077e-01,6.063400e-03,1.762998e-02,1.717424e-02,1.191788e-01,3.323711e-03,2.665219e-02
8.505049e-02,7.506008e-02,7.724053e-03,2.715999e-02,1.483765e-02,2.032567e-01,5.901773e-03,4.264385e-02,3.425260e-01,7.233437e-03,2.713581e-02,2.627108e-02,1.006075e-01,4.253911e-03,3.033768e-02
7.617638e-02,5.994145e-02,7.095221e-03,3.006638e-02,1.189465e-02,2.702507e-01,4.382670e-03,3.205246e-02,2.722998e-01,1.217748e-02,5.131452e-02,5.654111e-02,7.746129e-02,4.491615e-03,3.385428e-02
5.636976e-02,4.410588e-02,6.767515e-03,2.826367e-02,9.996838e-03,2.921020e-01,3.257893e-03,2.350927e-02,1.960735e-01,1.274038e-02,9.790395e-02,1.361963e-01,5.651893e-02,4.293479e-03,3.190065e-02
4.180329e-02,3.180309e-02,5.937193e-03,2.194685e-02,9.703280e-03,3.709092e-01,2.581364e-03,1.695102e-02,1.419112e-01,2.497988e-02,9.038337e-02,1.707062e-01,4.034132e-02,3.536873e-03,2.650584e-02
3.000771e-02,2.254934e-02,5.094158e-03,1.691888e-02,7.045642e-03,3.050128e-01,2.303129e-03,1.197748e-02,1.008936e-01,2.106586e-02,9.711634e-02,3.282125e-01,2.858931e-02,2.923369e-03,2.028991e-02
2.120301e-02,1.583975e-02,3.820232e-03,1.213279e-02,5.326143e-03,2.274918e-01,1.803688e-03,8.407042e-03,7.095402e-02,1.551189e-02,1.021649e-01,4.782875e-01,2.031353e-02,2.339913e-03,1.440377e-02
1.490592e-02,1.117106e-02,2.917508e-03,8.624456e-03,4.096870e-03,1.621053e-01,1.427662e-03,5.893915e-03,4.998313e-02,1.168887e-02,1.397464e-01,5.608898e-01,1.453131e-02,1.756811e-03,1.026104e-02
1.061872e-02,8.588904e-03,5.186610e-03,6.423472e-03,1.496650e-02,1.196367e-01,1.423765e-03,4.364484e-03,3.714760e-02,8.630707e-03,1.205328e-01,6.430789e-01,1.044452e-02,1.403309e-03,7.552958e-03
7.853315e-03,6.258337e-03,4.812912e-03,4.714407e-03,2.032477e-02,8.948085e-02,1.399615e-03,3.347693e-03,2.760848e-02,6.661647e-03,1.205094e-01,6.926146e-01,7.821145e-03,1.194273e-03,5.398545e-03
6.037302e-03,4.598924e-03,3.999835e-03,3.356803e-03,1.840560e-02,6.585778e-02,1.820336e-03,2.463265e-03,2.011499e-02,6.330463e-03,1.659305e-01,6.888809e-01,6.773688e-03,1.455822e-03,3.973772e-03
5.132555e-03,5.671351e-03,9.365283e-03,2.469476e-03,6.487850e-02,4.921158e-02,6.964641e-03,2.088832e-03,1.930199e-02,6.248518e-03,1.670355e-01,6.501914e-01,5.805991e-03,2.033068e-03,3.601299e-03
4.657380e-03,4.847405e-03,1.232329e-02,1.885838e-03,6.716822e-02,7.189578e-02,7.834296e-03,2.578753e-03,1.660641e-02,1.119308e-02,1.471640e-01,6.384291e-01,6.369400e-03,4.169895e-03,2.877182e-03
3.444104e-03,3.770048e-03,9.565495e-03,1.377534e-03,5.137531e-02,6.976503e-02,5.532607e-03,1.908584e-03,1.230930e-02,1.643493e-02,1.424462e-01,6.615028e-01,8.060790e-03,1.022377e-02,2.283620e-03
2.591269e-03,3.204484e-03,8.894579e-03,1.050886e-03,4.254205e-02,5.756360e-02,3.917589e-03,1.497219e-03,9.906307e-03,2.699459e-02,1.290101e-01,6.864592e-01,8.988549e-03,1.544957e-02,1.930111e-03
2.133377e-03,2.744014e-03,9.869291e-03,8.986950e-04,9.947171e-02,4.202743e-02,2.829819e-03,2.586056e-03,3.169020e-02,2.328049e-02,1.107316e-01,6.424555e-01,9.190594e-03,1.791176e-02,2.179497e-03
2.255564e-03,2.868714e-03,1.440118e-02,7.763992e-04,1.353659e-01,3.559018e-02,2.114952e-03,3.014379e-03,9.205024e-02,1.974081e-02,9.747420e-02,5.623793e-01,1.075993e-02,1.829810e-02,2.910253e-03
2.489148e-03,7.104076e-03,6.189630e-02,2.323874e-03,1.438116e-01,3.034053e-02,2.914140e-03,1.680417e-02,1.179795e-01,4.237101e-02,9.296647e-02,4.191024e-01,1.621799e-02,4.004653e-02,3.632362e-03
5.157731e-03,6.632123e-03,7.249818e-02,4.473058e-03,1.464726e-01,4.470288e-02,1.283329e-02,3.353301e-02,1.173753e-01,7.063361e-02,1.109246e-01,3.041788e-01,2.663367e-02,3.914686e-02,4.804418e-03
6.361999e-03,8.510543e-03,5.904350e-02,4.711708e-03,1.487553e-01,9.640145e-02,1.292732e-02,3.186167e-02,1.234370e-01,8.615196e-02,1.239287e-01,2.203873e-01,4.132853e-02,3.110228e-02,5.090834e-03
6.432533e-03,9.470173e-03,5.033673e-02,4.789181e-03,1.438577e-01,7.756460e-02,1.009769e-02,3.316547e-02,1.987737e-01,6.511070e-02,1.193819e-01,1.641911e-01,9.065655e-02,2.213329e-02,4.038597e-03
9.610651e-03,1.068642e-02,4.517830e-02,5.134957e-03,1.822966e-01,6.031848e-02,1.028743e-02,4.654837e-02,2.294848e-01,5.782719e-02,1.109971e-01,1.235797e-01,8.849552e-02,1.596756e-02,3.586972e-03
1.009525e-02,9.667665e-03,4.637748e-02,9.396025e-03,2.025086e-01,4.672552e-02,9.132194e-03,1.072877e-01,2.697422e-01,4.201731e-02,8.004270e-02,8.869833e-02,6.434195e-02,1.128390e-02,2.683231e-03
3.334268e-02,2.429171e-02,1.064483e-01,1.981536e-02,1.995366e-01,3.709539e-02,8.267739e-03,9.935257e-02,2.492599e-01,3.712779e-02,5.807968e-02,6.576728e-02,4.876730e-02,8.586704e-03,4.260956e-03
3.985854e-02,2.901360e-02,2.247288e-01,7.984796e-02,1.489321e-01,2.947791e-02,6.186017e-03,8.077008e-02,1.907543e-01,2.965297e-02,4.150100e-02,4.922289e-02,3.629184e-02,6.123965e-03,7.637937e-03
5.834282e-02,5.746622e-02,2.636237e-01,7.403502e-02,1.387521e-01,2.372390e-02,5.302261e-03,7.348388e-02,1.616449e-01,2.955734e-02,3.349163e-02,3.916203e-02,2.814934e-02,6.371401e-03,6.893445e-03
6.889238e-02,7.861443e-02,2.219239e-01,6.301555e-02,1.440506e-01,1.932628e-02,5.112423e-03,9.363865e-02,1.758530e-01,3.766384e-02,2.617584e-02,3.037833e-02,2.151679e-02,6.947295e-03,6.890668e-03
7.590634e-02,9.732976e-02,1.734674e-01,5.798576e-02,1.250595e-01,2.361452e-02,4.686566e-03,1.170200e-01,1.967693e-01,3.751838e-02,2.786664e-02,2.566809e-02,2.202374e-02,7.230235e-03,7.853678e-03
9.542648e-02,9.176258e-02,1.631046e-01,5.985574e-02,1.044358e-01,2.973708e-02,4.960739e-03,1.551334e-01,1.780445e-01,3.287324e-02,2.700341e-02,2.142601e-02,1.896315e-02,6.510928e-03,1.076234e-02
9.147939e-02,7.082300e-02,1.659342e-01,1.259307e-01,8.145625e-02,2.617543e-02,3.788005e-03,1.652326e-01,1.380548e-01,4.220597e-02,3.696372e-02,1.819663e-02,1.712666e-02,5.323571e-03,1.130909e-02
1.768572e-01,6.120894e-02,1.611503e-01,1.102527e-01,6.921317e-02,2.948047e-02,4.578548e-03,1.390441e-01,1.144519e-01,3.973868e-02,3.278583e-02,1.691816e-02,1.982534e-02,5.750180e-03,1.874449e-02
2.950127e-01,5.148192e-02,1.333382e-01,9.027357e-02,5.599457e-02,2.632261e-02,5.752833e-03,1.146498e-01,9.142283e-02,3.583730e-02,3.019817e-02,1.699408e-02,2.457669e-02,9.396236e-03,1.874853e-02
4.132047e-01,3.975582e-02,9.952340e-02,7.179640e-02,4.404347e-02,2.549969e-02,5.610112e-03,8.820787e-02,7.085712e-02,3.126799e-02,3.300723e-02,1.684069e-02,2.831591e-02,1.269095e-02,1.937865e-02
4.028552e-01,4.321415e-02,7.222680e-02,9.403928e-02,3.398177e-02,2.556849e-02,4.550558e-03,6.414611e-02,6.702630e-02,4.222056e-02,3.112799e-02,2.116383e-02,3.317440e-02,1.019864e-02,5.450591e-02
4.210280e-01,4.130487e-02,5.381560e-02,1.013084e-01,2.867113e-02,2.631784e-02,4.613925e-03,5.086488e-02,6.232382e-02,4.019070e-02,4.184290e-02,2.267985e-02,4.557915e-02,9.308517e-03,5.015045e-02
1.000000e+00,0.000000e+00,0.000000e+00,0.000000e+00,0.000000e+00,0.000000e+00,0.000000e+00,0.000000e+00,0.000000e+00,0.000000e+00,0.000000e+00,0.000000e+00,0.000000e+00,0.000000e+00,0.000000e+00
1.000000e+00,0.000000e+00,0.000000e+00,0.000000e+00,0.000000e+00,0.000000e+00,0.000000e+00,0.000000e+00,0.000000e+00,0.000000e+00,0.000000e+00,0.000000e+00,0.000000e+00,0.000000e+00,0.000000e+00
4.756643e-01,2.954211e-02,4.327372e-02,7.458003e-02,3.242396e-02,2.968281e-02,7.055115e-03,3.752703e-02,6.250980e-02,2.187927e-02,3.142218e-02,2.990672e-02,5.838000e-02,7.544876e-03,5.860793e-02
4.656826e-01,2.680590e-02,3.272795e-02,7.225241e-02,2.877830e-02,3.462447e-02,7.844714e-03,2.884431e-02,8.351823e-02,1.694020e-02,2.760180e-02,5.928122e-02,5.954644e-02,6.324457e-03,4.922694e-02
4.498243e-01,2.501617e-02,2.676900e-02,6.932193e-02,3.021401e-02,5.404620e-02,8.862965e-03,2.381525e-02,8.768295e-02,1.359523e-02,2.280831e-02,7.709623e-02,6.154229e-02,5.952828e-03,4.345232e-02
4.299202e-01,2.093957e-02,2.105985e-02,5.580162e-02,3.701194e-02,4.574087e-02,8.398419e-03,1.994353e-02,9.015475e-02,1.266894e-02,1.795698e-02,7.240108e-02,1.245017e-01,5.594459e-03,3.790608e-02
4.171690e-01,2.437456e-02,2.152338e-02,5.559178e-02,4.436009e-02,4.797376e-02,1.560555e-02,3.127230e-02,8.798042e-02,1.078045e-02,1.476160e-02,7.894625e-02,1.107396e-01,4.966817e-03,3.395448e-02
3.720267e-01,3.455737e-02,2.812026e-02,5.247732e-02,4.428443e-02,6.201962e-02,1.550797e-02,3.896092e-02,1.360310e-01,9.104086e-03,1.130303e-02,6.237726e-02,9.472176e-02,4.227146e-03,3.428103e-02
2.832137e-01,2.736703e-02,2.183801e-02,3.873098e-02,3.424498e-02,2.158820e-01,2.598901e-02,2.947279e-02,1.116689e-01,6.846522e-03,8.582608e-03,5.176588e-02,1.147255e-01,3.050242e-03,2.662177e-02
2.004271e-01,1.989768e-02,1.561255e-02,2.793264e-02,2.425913e-02,3.344638e-01,1.933733e-02,2.073962e-02,8.031832e-02,4.851555e-03,6.126158e-03,3.697517e-02,1.878680e-01,2.146792e-03,1.904413e-02
1.422404e-01,1.423110e-02,1.113194e-02,1.979000e-02,1.726684e-02,5.105293e-01,1.499471e-02,1.460435e-02,5.681333e-02,3.425624e-03,4.391365e-03,2.611773e-02,1.494005e-01,1.508627e-03,1.355413e-02
1.005342e-01,1.030938e-02,7.902912e-03,1.408696e-02,1.231874e-02,6.276662e-01,1.094965e-02,1.028824e-02,4.041358e-02,2.412078e-03,3.103693e-03,1.835572e-02,1.309990e-01,1.058243e-03,9.601360e-03
7.113117e-02,7.905447e-03,6.257032e-03,1.159581e-02,9.151794e-03,6.423179e-01,8.216784e-03,7.335901e-03,2.966082e-02,1.864168e-03,2.606572e-03,1.433043e-02,1.790030e-01,7.849685e-04,7.838232e-03
5.059426e-02,5.718890e-03,4.472273e-03,8.277496e-03,6.996420e-03,6.238745e-01,6.632299e-03,5.263656e-03,2.118025e-02,1.326487e-03,1.928974e-03,1.056003e-02,2.468215e-01,5.601723e-04,5.792767e-03
4.096199e-02,5.502948e-03,3.764557e-03,6.821364e-03,7.635285e-03,5.892752e-01,8.150025e-03,4.314477e-03,1.636150e-02,1.203032e-03,2.155882e-03,1.312178e-02,2.945002e-01,5.434784e-04,5.688226e-03
4.186157e-02,4.620003e-03,3.000007e-03,5.249817e-03,6.555770e-03,5.031367e-01,7.679323e-03,3.738351e-03,1.289777e-02,1.008899e-03,2.350312e-03,1.744348e-02,3.849614e-01,5.392036e-04,4.957369e-03
4.478101e-02,5.495190e-03,2.626185e-03,4.253711e-03,6.225984e-03,4.021403e-01,8.083241e-03,3.537351e-03,1.341576e-02,1.020328e-03,2.479368e-03,1.661481e-02,4.842492e-01,4.595795e-04,4.618025e-03
4.165411e-02,5.181151e-03,2.012799e-03,3.226233e-03,4.749664e-03,2.860217e-01,6.012660e-03,2.831703e-03,1.088642e-02,8.567097e-04,2.036988e-03,1.574801e-02,6.146236e-01,3.509782e-04,3.807254e-03
3.083637e-02,4.389139e-03,1.512859e-03,2.338083e-03,3.710442e-03,2.020121e-01,4.424431e-03,2.331018e-03,8.673427e-03,6.495914e-04,1.720942e-03,1.552702e-02,7.181994e-01,2.709482e-04,3.404343e-03
2.384851e-02,3.496161e-03,2.376028e-03,2.299114e-03,5.159928e-03,1.444655e-01,7.052836e-03,5.477823e-03,7.249738e-03,5.626017e-04,1.662802e-03,1.456326e-02,7.785467e-01,2.830559e-04,2.956053e-03
2.411758e-02,3.013527e-03,2.110301e-03,1.938733e-03,7.504380e-03,1.088189e-01,6.289623e-03,5.769903e-03,8.187927e-03,4.807461e-04,1.842526e-03,1.255465e-02,8.143651e-01,2.898893e-04,2.716180e-03
4.060245e-02,3.850462e-03,2.336032e-03,3.484121e-03,1.274673e-02,1.186164e-01,5.907436e-03,1.153097e-02,1.175025e-02,5.868939e-04,3.289613e-03,1.612475e-02,7.659961e-01,3.843870e-04,2.793470e-03
