1.000000e+00,0.000000e+00,0.000000e+00,0.000000e+00,0.000000e+00,0.000000e+00,0.000000e+00,0.000000e+00,0.000000e+00,0.000000e+00,0.000000e+00,0.000000e+00,0.000000e+00,0.000000e+00,0.000000e+00
1.000000e+00,0.000000e+00,0.000000e+00,0.000000e+00,0.000000e+00,0.000000e+00,0.000000e+00,0.000000e+00,0.000000e+00,0.000000e+00,0.000000e+00,0.000000e+00,0.000000e+00,0.000000e+00,0.000000e+00
1.000000e+00,0.000000e+00,0.000000e+00,0.000000e+00,0.000000e+00,0.000000e+00,0.000000e+00,0.000000e+00,0.000000e+00,0.000000e+00,0.000000e+00,0.000000e+00,0.000000e+00,0.000000e+00,0.000000e+00
1.000000e+00,0.000000e+00,0.000000e+00,0.000000e+00,0.000000e+00,0.000000e+00,0.000000e+00,0.000000e+00,0.000000e+00,0.000000e+00,0.000000e+00,0.000000e+00,0.000000e+00,0.000000e+00,0.000000e+00
1.000000e+00,0.000000e+00,0.000000e+00,0.000000e+00,0.000000e+00,0.000000e+00,0.000000e+00,0.000000e+00,0.000000e+00,0.000000e+00,0.000000e+00,0.000000e+00,0.000000e+00,0.000000e+00,0.000000e+00
1.000000e+00,0.000000e+00,0.000000e+00,0.000000e+00,0.000000e+00,0.000000e+00,0.000000e+00,0.000000e+00,0.000000e+00,0.000000e+00,0.000000e+00,0.000000e+00,0.000000e+00,0.000000e+00,0.000000e+00
1.000000e+00,0.000000e+00,0.000000e+00,0.000000e+00,0.000000e+00,0.000000e+00,0.000000e+00,0.000000e+00,0.000000e+00,0.000000e+00,0.000000e+00,0.000000e+00,0.000000e+00,0.000000e+00,0.000000e+00
1.000000e+00,0.000000e+00,0.000000e+00,0.000000e+00,0.000000e+00,0.000000e+00,0.000000e+00,0.000000e+00,0.000000e+00,0.000000e+00,0.000000e+00,0.000000e+00,0.000000e+00,0.000000e+00,0.000000e+00
1.000000e+00,0.000000e+00,0.000000e+00,0.000000e+00,0.000000e+00,0.000000e+00,0.000000e+00,0.000000e+00,0.000000e+00,0.000000e+00,0.000000e+00,0.000000e+00,0.000000e+00,0.000000e+00,0.000000e+00
1.000000e+00,0.000000e+00,0.000000e+00,0.000000e+00,0.000000e+00,0.000000e+00,0.000000e+00,0.000000e+00,0.000000e+00,0.000000e+00,0.000000e+00,0.000000e+00,0.000000e+00,0.000000e+00,0.000000e+00
1.000000e+00,0.000000e+00,0.000000e+00,0.000000e+00,0.000000e+00,0.000000e+00,0.000000e+00,0.000000e+00,0.000000e+00,0.000000e+00,0.000000e+00,0.000000e+00,0.000000e+00,0.000000e+00,0.000000e+00
1.000000e+00,0.000000e+00,0.000000e+00,0.000000e+00,0.000000e+00,0.000000e+00,0.000000e+00,0.000000e+00,0.000000e+00,0.000000e+00,0.000000e+00,0.000000e+00,0.000000e+00,0.000000e+00,0.000000e+00
1.000000e+00,0.000000e+00,0.000000e+00,0.000000e+00,0.000000e+00,0.000000e+00,0.000000e+00,0.000000e+00,0.000000e+00,0.000000e+00,0.000000e+00,0.000000e+00,0.000000e+00,0.000000e+00,0.000000e+00
1.000000e+00,0.000000e+00,0.000000e+00,0.000000e+00,0.000000e+00,0.000000e+00,0.000000e+00,0.000000e+00,0.000000e+00,0.000000e+00,0.000000e+00,0.000000e+00,0.000000e+00,0.000000e+00,0.000000e+00
1.000000e+00,0.000000e+00,0.000000e+00,0.000000e+00,0.000000e+00,0.000000e+00,0.000000e+00,0.000000e+00,0.000000e+00,0.000000e+00,0.000000e+00,0.000000e+00,0.000000e+00,0.000000e+00,0.000000e+00
1.000000e+00,0.000000e+00,0.000000e+00,0.000000e+00,0.000000e+00,0.000000e+00,0.000000e+00,0.000000e+00,0.000000e+00,0.000000e+00,0.000000e+00,0.000000e+00,0.000000e+00,0.000000e+00,0.000000e+00
1.000000e+00,0.000000e+00,0.000000e+00,0.000000e+00,0.000000e+00,0.000000e+00,0.000000e+00,0.000000e+00,0.000000e+00,0.000000e+00,0.000000e+00,0.000000e+00,0.000000e+00,0.000000e+00,0.000000e+00
1.000000e+00,0.000000e+00,0.000000e+00,0.000000e+00,0.000000e+00,0.000000e+00,0.000000e+00,0.000000e+00,0.000000e+00,0.000000e+00,0.000000e+00,0.000000e+00,0.000000e+00,0.000000e+00,0.000000e+00
1.000000e+00,0.000000e+00,0.000000e+00,0.000000e+00,0.000000e+00,0.000000e+00,0.000000e+00,0.000000e+00,0.000000e+00,0.000000e+00,0.000000e+00,0.000000e+00,0.000000e+00,0.000000e+00,0.000000e+00
1.000000e+00,0.000000e+00,0.000000e+00,0.000000e+00,0.000000e+00,0.000000e+00,0.000000e+00,0.000000e+00,0.000000e+00,0.000000e+00,0.000000e+00,0.000000e+00,0.000000e+00,0.000000e+00,0.000000e+00
1.000000e+00,0.000000e+00,0.000000e+00,0.000000e+00,0.000000e+00,0.000000e+00,0.000000e+00,0.000000e+00,0.000000e+00,0.000000e+00,0.000000e+00,0.000000e+00,0.000000e+00,0.000000e+00,0.000000e+00
1.000000e+00,0.000000e+00,0.000000e+00,0.000000e+00,0.000000e+00,0.000000e+00,0.000000e+00,0.000000e+00,0.000000e+00,0.000000e+00,0.000000e+00,0.000000e+00,0.000000e+00,0.000000e+00,0.000000e+00
1.000000e+00,0.000000e+00,0.000000e+00,0.000000e+00,0.000000e+00,0.000000e+00,0.000000e+00,0.000000e+00,0.000000e+00,0.000000e+00,0.000000e+00,0.000000e+00,0.000000e+00,0.000000e+00,0.000000e+00
1.000000e+00,0.000000e+00,0.000000e+00,0.000000e+00,0.000000e+00,0.000000e+00,0.000000e+00,0.000000e+00,0.000000e+00,0.000000e+00,0.000000e+00,0.000000e+00,0.000000e+00,0.000000e+00,0.000000e+00
1.000000e+00,0.000000e+00,0.000000e+00,0.000000e+00,0.000000e+00,0.000000e+00,0.000000e+00,0.000000e+00,0.000000e+00,0.000000e+00,0.000000e+00,0.000000e+00,0.000000e+00,0.000000e+00,0.000000e+00
1.000000e+00,0.000000e+00,0.000000e+00,0.000000e+00,0.000000e+00,0.000000e+00,0.000000e+00,0.000000e+00,0.000000e+00,0.000000e+00,0.000000e+00,0.000000e+00,0.000000e+00,0.000000e+00,0.000000e+00
1.000000e+00,0.000000e+00,0.000000e+00,0.000000e+00,0.000000e+00,0.000000e+00,0.000000e+00,0.000000e+00,0.000000e+00,0.000000e+00,0.000000e+00,0.000000e+00,0.000000e+00,0.000000e+00,0.000000e+00
1.000000e+00,0.000000e+00,0.000000e+00,0.000000e+00,0.000000e+00,0.000000e+00,0.000000e+00,0.000000e+00,0.000000e+00,0.000000e+00,0.000000e+00,0.000000e+00,0.000000e+00,0.000000e+00,0.000000e+00
1.000000e+00,0.000000e+00,0.000000e+00,0.000000e+00,0.000000e+00,0.000000e+00,0.000000e+00,0.000000e+00,0.000000e+00,0.000000e+00,0.000000e+00,0.000000e+00,0.000000e+00,0.000000e+00,0.000000e+00
1.000000e+00,0.000000e+00,0.000000e+00,0.000000e+00,0.000000e+00,0.000000e+00,0.000000e+00,0.000000e+00,0.000000e+00,0.000000e+00,0.000000e+00,0.000000e+00,0.000000e+00,0.000000e+00,0.000000e+00
1.000000e+00,0.000000e+00,0.000000e+00,0.000000e+00,0.000000e+00,0.000000e+00,0.000000e+00,0.000000e+00,0.000000e+00,0.000000e+00,0.000000e+00,0.000000e+00,0.000000e+00,0.000000e+00,0.000000e+00
1.000000e+00,0.000000e+00,0.000000e+00,0.000000e+00,0.000000e+00,0.000000e+00,0.000000e+00,0.000000e+00,0.000000e+00,0.000000e+00,0.000000e+00,0.000000e+00,0.000000e+00,0.000000e+00,0.000000e+00
1.000000e+00,0.000000e+00,0.000000e+00,0.000000e+00,0.000000e+00,0.000000e+00,0.000000e+00,0.000000e+00,0.000000e+00,0.000000e+00,0.000000e+00,0.000000e+00,0.000000e+00,0.000000e+00,0.000000e+00
1.000000e+00,0.000000e+00,0.000000e+00,0.000000e+00,0.000000e+00,0.000000e+00,0.000000e+00,0.000000e+00,0.000000e+00,0.000000e+00,0.000000e+00,0.000000e+00,0.000000e+00,0.000000e+00,0.000000e+00
1.000000e+00,0.000000e+00,0.000000e+00,0.000000e+00,0.000000e+00,0.000000e+00,0.000000e+00,0.000000e+00,0.000000e+00,0.000000e+00,0.000000e+00,0.000000e+00,0.000000e+00,0.000000e+00,0.000000e+00
1.000000e+00,0.000000e+00,0.000000e+00,0.000000e+00,0.000000e+00,0.000000e+00,0.000000e+00,0.000000e+00,0.000000e+00,0.000000e+00,0.000000e+00,0.000000e+00,0.000000e+00,0.000000e+00,0.000000e+00
1.000000e+00,0.000000e+00,0.000000e+00,0.000000e+00,0.000000e+00,0.000000e+00,0.000000e+00,0.000000e+00,0.000000e+00,0.000000e+00,0.000000e+00,0.000000e+00,0.000000e+00,0.000000e+00,0.000000e+00
1.000000e+00,0.000000e+00,0.000000e+00,0.000000e+00,0.000000e+00,0.000000e+00,0.000000e+00,0.000000e+00,0.000000e+00,0.000000e+00,0.000000e+00,0.000000e+00,0.000000e+00,0.000000e+00,0.000000e+00
1.000000e+00,0.000000e+00,0.000000e+00,0.000000e+00,0.000000e+00,0.000000e+00,0.000000e+00,0.000000e+00,0.000000e+00,0.000000e+00,0.000000e+00,0.000000e+00,0.000000e+00,0.000000e+00,0.000000e+00
1.000000e+00,0.000000e+00,0.000000e+00,0.000000e+00,0.000000e+00,0.000000e+00,0.000000e+00,0.000000e+00,0.000000e+00,0.000000e+00,0.000000e+00,0.000000e+00,0.000000e+00,0.000000e+00,0.000000e+00
1.000000e+00,0.000000e+00,0.000000e+00,0.000000e+00,0.000000e+00,0.000000e+00,0.000000e+00,0.000000e+00,0.000000e+00,0.000000e+00,0.000000e+00,0.000000e+00,0.000000e+00,0.000000e+00,0.000000e+00
1.000000e+00,0.000000e+00,0.000000e+00,0.000000e+00,0.000000e+00,0.000000e+00,0.000000e+00,0.000000e+00,0.000000e+00,0.000000e+00,0.000000e+00,0.000000e+00,0.000000e+00,0.000000e+00,0.000000e+00
4.554278e-01,8.968778e-02,3.729243e-02,1.892494e-01,2.429984e-02,1.579995e-02,7.433333e-03,2.404842e-02,1.940579e-02,4.094947e-03,2.606747e-02,3.659423e-02,1.569165e-02,8.499319e-03,4.640761e-02
4.927307e-01,8.211076e-02,3.016623e-02,1.676149e-01,2.361568e-02,1.728381e-02,7.333631e-03,2.003659e-02,1.997324e-02,3.801746e-03,2.714059e-02,3.583795e-02,1.917083e-02,9.196660e-03,4.398671e-02
1.000000e+00,0.000000e+00,0.000000e+00,0.000000e+00,0.000000e+00,0.000000e+00,0.000000e+00,0.000000e+00,0.000000e+00,0.000000e+00,0.000000e+00,0.000000e+00,0.000000e+00,0.000000e+00,0.000000e+00
1.000000e+00,0.000000e+00,0.000000e+00,0.000000e+00,0.000000e+00,0.000000e+00,0.000000e+00,0.000000e+00,0.000000e+00,0.000000e+00,0.000000e+00,0.000000e+00,0.000000e+00,0.000000e+00,0.000000e+00
1.000000e+00,0.000000e+00,0.000000e+00,0.000000e+00,0.000000e+00,0.000000e+00,0.000000e+00,0.000000e+00,0.000000e+00,0.000000e+00,0.000000e+00,0.000000e+00,0.000000e+00,0.000000e+00,0.000000e+00
1.000000e+00,0.000000e+00,0.000000e+00,0.000000e+00,0.000000e+00,0.000000e+00,0.000000e+00,0.000000e+00,0.000000e+00,0.000000e+00,0.000000e+00,0.000000e+00,0.000000e+00,0.000000e+00,0.000000e+00
1.000000e+00,0.000000e+00,0.000000e+00,0.000000e+00,0.000000e+00,0.000000e+00,0.000000e+00,0.000000e+00,0.000000e+00,0.000000e+00,0.000000e+00,0.000000e+00,0.000000e+00,0.000000e+00,0.000000e+00
1.000000e+00,0.000000e+00,0.000000e+00,0.000000e+00,0.000000e+00,0.000000e+00,0.000000e+00,0.000000e+00,0.000000e+00,0.000000e+00,0.000000e+00,0.000000e+00,0.000000e+00,0.000000e+00,0.000000e+00
1.000000e+00,0.000000e+00,0.000000e+00,0.000000e+00,0.000000e+00,0.000000e+00,0.000000e+00,0.000000e+00,0.000000e+00,0.000000e+00,0.000000e+00,0.000000e+00,0.000000e+00,0.000000e+00,0.000000e+00
1.000000e+00,0.000000e+00,0.000000e+00,0.000000e+00,0.000000e+00,0.000000e+00,0.000000e+00,0.000000e+00,0.000000e+00,0.000000e+00,0.000000e+00,0.000000e+00,0.000000e+00,0.000000e+00,0.000000e+00
1.000000e+00,0.000000e+00,0.000000e+00,0.000000e+00,0.000000e+00,0.000000e+00,0.000000e+00,0.000000e+00,0.000000e+00,0.000000e+00,0.000000e+00,0.000000e+00,0.000000e+00,0.000000e+00,0.000000e+00
1.000000e+00,0.000000e+00,0.000000e+00,0.000000e+00,0.000000e+00,0.000000e+00,0.000000e+00,0.000000e+00,0.000000e+00,0.000000e+00,0.000000e+00,0.000000e+00,0.000000e+00,0.000000e+00,0.000000e+00
1.000000e+00,0.000000e+00,0.000000e+00,0.000000e+00,0.000000e+00,0.000000e+00,0.000000e+00,0.000000e+00,0.000000e+00,0.000000e+00,0.000000e+00,0.000000e+00,0.000000e+00,0.000000e+00,0.000000e+00
1.000000e+00,0.000000e+00,0.000000e+00,0.000000e+00,0.000000e+00,0.000000e+00,0.000000e+00,0.000000e+00,0.000000e+00,0.000000e+00,0.000000e+00,0.000000e+00,0.000000e+00,0.000000e+00,0.000000e+00
1.000000e+00,0.000000e+00,0.000000e+00,0.000000e+00,0.000000e+00,0.000000e+00,0.000000e+00,0.000000e+00,0.000000e+00,0.000000e+00,0.000000e+00,0.000000e+00,0.000000e+00,0.000000e+00,0.000000e+00
1.000000e+00,0.000000e+00,0.000000e+00,0.000000e+00,0.000000e+00,0.000000e+00,0.000000e+00,0.000000e+00,0.000000e+00,0.000000e+00,0.000000e+00,0.000000e+00,0.000000e+00,0.000000e+00,0.000000e+00
1.000000e+00,0.000000e+00,0.000000e+00,0.000000e+00,0.000000e+00,0.000000e+00,0.000000e+00,0.000000e+00,0.000000e+00,0.000000e+00,0.000000e+00,0.000000e+00,0.000000e+00,0.000000e+00,0.000000e+00
1.000000e+00,0.000000e+00,0.000000e+00,0.000000e+00,0.000000e+00,0.000000e+00,0.000000e+00,0.000000e+00,0.000000e+00,0.000000e+00,0.000000e+00,0.000000e+00,0.000000e+00,0.000000e+00,0.000000e+00
1.000000e+00,0.000000e+00,0.000000e+00,0.000000e+00,0.000000e+00,0.000000e+00,0.000000e+00,0.000000e+00,0.000000e+00,0.000000e+00,0.000000e+00,0.000000e+00,0.000000e+00,0.000000e+00,0.000000e+00
1.000000e+00,0.000000e+00,0.000000e+00,0.000000e+00,0.000000e+00,0.000000e+00,0.000000e+00,0.000000e+00,0.000000e+00,0.000000e+00,0.000000e+00,0.000000e+00,0.000000e+00,0.000000e+00,0.000000e+00
1.000000e+00,0.000000e+00,0.000000e+00,0.000000e+00,0.000000e+00,0.000000e+00,0.000000e+00,0.000000e+00,0.000000e+00,0.000000e+00,0.000000e+00,0.000000e+00,0.000000e+00,0.000000e+00,0.000000e+00
3.870038e-01,2.411618e-02,9.312422e-03,2.234643e-01,7.208059e-03,1.571807e-02,3.150683e-03,5.230488e-03,4.493340e-02,9.955236e-03,1.786560e-01,1.293313e-02,1.945627e-02,6.543930e-03,5.231803e-02
2.854294e-01,2.622506e-02,1.339494e-02,2.534452e-01,6.332290e-03,1.235190e-02,2.421775e-03,4.615392e-03,8.803741e-02,1.308731e-02,1.502994e-01,1.141052e-02,1.644721e-02,1.437402e-02,1.021283e-01
2.294579e-01,2.852388e-02,1.475723e-02,2.272980e-01,8.599719e-03,1.136336e-02,2.289642e-03,4.409968e-03,1.216119e-01,1.836875e-02,1.284863e-01,1.067447e-02,1.402514e-02,4.338112e-02,1.367526e-01
2.007269e-01,9.759466e-02,1.115333e-02,1.655500e-01,1.620530e-02,1.229184e-02,2.360019e-03,3.295294e-03,1.891767e-01,1.361449e-02,1.324904e-01,8.392214e-03,1.354215e-02,3.260124e-02,1.010054e-01
1.433053e-01,2.777630e-01,8.716509e-03,1.213376e-01,1.241699e-02,1.050553e-02,1.689590e-03,2.355061e-03,2.010319e-01,1.036877e-02,9.534016e-02,6.121829e-03,1.014988e-02,2.421236e-02,7.468547e-02
1.038455e-01,3.347624e-01,6.698637e-03,9.215052e-02,9.618409e-03,2.544254e-02,1.279428e-03,1.756697e-03,2.535788e-01,8.295742e-03,6.963889e-02,5.104215e-03,9.270567e-03,1.811946e-02,6.043822e-02
7.806205e-02,3.518988e-01,4.825263e-03,6.764949e-02,7.618156e-03,5.890106e-02,9.467843e-04,1.371758e-03,2.918486e-01,5.978046e-03,5.070753e-02,4.282825e-03,1.059340e-02,1.328739e-02,5.202894e-02
5.790900e-02,4.300285e-01,3.468514e-03,4.999986e-02,5.754711e-03,5.015739e-02,6.904872e-04,1.017771e-03,2.877423e-01,4.489470e-03,3.671383e-02,3.619433e-03,1.238007e-02,9.701704e-03,4.632702e-02
4.515723e-02,5.006550e-01,2.608015e-03,3.754325e-02,4.304548e-03,4.699454e-02,5.140118e-04,7.773738e-04,2.668428e-01,3.547593e-03,2.836786e-02,3.327519e-03,1.119945e-02,8.272339e-03,3.988848e-02
3.971540e-02,4.181077e-01,2.826323e-03,5.738842e-02,4.384679e-03,6.130617e-02,4.205038e-04,7.996197e-04,3.245591e-01,4.307612e-03,2.578855e-02,5.324075e-03,1.037992e-02,7.451241e-03,3.724079e-02
3.483610e-02,3.260368e-01,3.918639e-03,1.191671e-01,6.488014e-03,5.982171e-02,4.068328e-04,1.001548e-03,3.186279e-01,5.672098e-03,4.211496e-02,1.708286e-02,1.959384e-02,7.679895e-03,3.755168e-02
2.769048e-02,2.650872e-01,6.184899e-03,9.238601e-02,8.358823e-03,4.399106e-02,4.072934e-04,1.049570e-03,4.258922e-01,4.745175e-03,4.377148e-02,2.444417e-02,2.274393e-02,5.586016e-03,2.766168e-02
1.987685e-02,1.928459e-01,4.490123e-03,7.112476e-02,7.074776e-03,3.111890e-02,3.209415e-04,8.087118e-04,5.786587e-01,3.716499e-03,3.200108e-02,1.756025e-02,1.669634e-02,3.930049e-03,1.977615e-02
1.442133e-02,1.496102e-01,3.488480e-03,7.299768e-02,7.251171e-03,2.240272e-02,2.737094e-04,6.334860e-04,6.600789e-01,3.508292e-03,2.290966e-02,1.238288e-02,1.226217e-02,2.770336e-03,1.500905e-02
1.109994e-02,1.207528e-01,4.393376e-03,1.031589e-01,1.635669e-02,1.663511e-02,4.053578e-04,8.150735e-04,6.748896e-01,3.365849e-03,1.661933e-02,8.740435e-03,9.046508e-03,1.953831e-03,1.176732e-02
8.932777e-03,1.189608e-01,4.978353e-03,1.424942e-01,1.566552e-02,1.227881e-02,3.864731e-04,1.301976e-03,6.545198e-01,3.817754e-03,1.204663e-02,6.212855e-03,7.266961e-03,1.389363e-03,9.747835e-03
1.996532e-02,9.525514e-02,2.244053e-02,1.137642e-01,5.347992e-02,1.072326e-02,1.856425e-03,3.851057e-03,6.446231e-01,4.679899e-03,9.407473e-03,4.562015e-03,5.521512e-03,1.007371e-03,8.862790e-03
2.541391e-02,6.874547e-02,1.473233e-01,1.518707e-01,4.710102e-02,8.267144e-03,1.575261e-03,4.218608e-03,5.167516e-01,5.830243e-03,7.563854e-03,3.301485e-03,4.271022e-03,7.313233e-04,7.035131e-03
3.366013e-02,5.282133e-02,1.144858e-01,1.138119e-01,5.519624e-02,6.541100e-03,1.365013e-03,7.800120e-02,5.209219e-01,4.454379e-03,6.468721e-03,2.413223e-03,4.059455e-03,5.452009e-04,5.254394e-03
3.010161e-02,3.805307e-02,1.354163e-01,1.034854e-01,5.734272e-02,5.222769e-03,1.489013e-03,2.058050e-01,3.985075e-01,5.703959e-03,7.605895e-03,2.078024e-03,4.415443e-03,4.046657e-04,4.368663e-03
3.211420e-02,2.780558e-02,1.285767e-01,8.953582e-02,5.077504e-02,4.227960e-03,1.220614e-03,3.277607e-01,3.095300e-01,9.605452e-03,7.341846e-03,1.823377e-03,4.025050e-03,3.305093e-04,5.327177e-03
2.536699e-02,2.097385e-02,1.624015e-01,8.279029e-02,3.753655e-02,4.245070e-03,9.914647e-04,3.107970e-01,2.237385e-01,7.040039e-02,3.298413e-02,8.398284e-03,1.084113e-02,6.841541e-04,7.850703e-03
1.852870e-02,1.568396e-02,1.220342e-01,6.468624e-02,2.672859e-02,4.670961e-03,7.965379e-04,2.464431e-01,1.604463e-01,1.096431e-01,1.564460e-01,2.065384e-02,4.361087e-02,1.464263e-03,8.163409e-03
1.634149e-02,1.333458e-02,8.933073e-02,5.633637e-02,1.995302e-02,5.573954e-03,7.822608e-04,1.873431e-01,1.191805e-01,1.660378e-01,1.902855e-01,2.710981e-02,9.438447e-02,2.486066e-03,1.152029e-02
1.259206e-02,1.043674e-02,6.570623e-02,4.288760e-02,1.480551e-02,6.638892e-03,6.837291e-04,1.355792e-01,9.402367e-02,2.908365e-01,1.731367e-01,2.406019e-02,1.145931e-01,2.522549e-03,1.149731e-02
1.071365e-02,9.059746e-03,4.886601e-02,3.640290e-02,1.096390e-02,8.346478e-03,5.512075e-04,9.650406e-02,8.391882e-02,3.090908e-01,2.057161e-01,3.580574e-02,1.273361e-01,3.524295e-03,1.320026e-02
9.563694e-03,7.529690e-03,3.559693e-02,2.707306e-02,8.230518e-03,1.700055e-02,4.949039e-04,6.814907e-02,6.653257e-02,3.694446e-01,2.161683e-01,6.235879e-02,9.422721e-02,6.232394e-03,1.139774e-02
1.430272e-02,7.928210e-03,2.861419e-02,2.115906e-02,6.364170e-03,1.616973e-02,4.329488e-04,4.822277e-02,5.019882e-02,3.109852e-01,3.240241e-01,7.544009e-02,7.439464e-02,1.269362e-02,9.069778e-03
4.569373e-02,1.063748e-02,2.389189e-02,1.989859e-02,6.306207e-03,2.566228e-02,5.657979e-04,3.536827e-02,4.192005e-02,2.645573e-01,3.407221e-01,8.820540e-02,5.961128e-02,2.745014e-02,9.509472e-03
6.519030e-02,2.126968e-02,2.062915e-02,1.544872e-02,6.207263e-03,2.062296e-02,5.199100e-04,2.507399e-02,4.073276e-02,2.093914e-01,3.592405e-01,7.267463e-02,4.537684e-02,7.998533e-02,1.763664e-02
6.630866e-02,3.295807e-02,1.715224e-02,1.231984e-02,5.409947e-03,1.664389e-02,5.355473e-04,1.800814e-02,4.828370e-02,1.551469e-01,3.243079e-01,6.767891e-02,3.620599e-02,1.640304e-01,3.500983e-02
7.454720e-02,4.678724e-02,1.389078e-02,1.318905e-02,8.261468e-03,1.567640e-02,7.083157e-04,1.441106e-02,9.493495e-02,1.258889e-01,3.267760e-01,5.830611e-02,2.850831e-02,1.431307e-01,3.498359e-02
6.001715e-02,4.094917e-02,1.074906e-02,1.021734e-02,6.626738e-03,1.651229e-02,6.476757e-04,1.052954e-02,7.493822e-02,9.334639e-02,4.481031e-01,6.649132e-02,2.151266e-02,1.120373e-01,2.732202e-02
4.449133e-02,3.635372e-02,8.683577e-03,7.612160e-03,6.474241e-03,1.357586e-02,8.272149e-04,7.895202e-03,7.675183e-02,7.490593e-02,4.937922e-01,9.538447e-02,1.682753e-02,9.557708e-02,2.084772e-02
3.189250e-02,3.008167e-02,6.369220e-03,5.411697e-03,5.355878e-03,1.195981e-02,6.575352e-04,5.604920e-03,6.964681e-02,6.291430e-02,5.670971e-01,9.030533e-02,1.322769e-02,8.449048e-02,1.498516e-02
2.375879e-02,3.386449e-02,4.720084e-03,3.909030e-03,4.551053e-03,1.267102e-02,5.155950e-04,3.980499e-03,8.714487e-02,6.413867e-02,5.694563e-01,8.944055e-02,1.110731e-02,7.965422e-02,1.108754e-02
1.983044e-02,4.747552e-02,5.742984e-03,3.559683e-03,7.867066e-03,1.878001e-02,6.015160e-04,3.386905e-03,2.001074e-01,5.859348e-02,4.682737e-01,8.169165e-02,9.836680e-03,6.508210e-02,9.170873e-03
1.471280e-02,3.853365e-02,4.359971e-03,2.909635e-03,9.427863e-03,1.498715e-02,5.423104e-04,2.492843e-03,1.748269e-01,1.302063e-01,4.778229e-01,6.394976e-02,7.946916e-03,4.990051e-02,7.380466e-03
1.261943e-02,4.435770e-02,1.066698e-02,2.798905e-03,1.501634e-02,1.261377e-02,1.767974e-03,4.259868e-03,1.801267e-01,1.619834e-01,4.310489e-01,6.979532e-02,6.356396e-03,3.982893e-02,6.759329e-03
1.135476e-02,1.166519e-01,1.015546e-02,2.662334e-03,1.283062e-02,1.451455e-02,1.687977e-03,5.822749e-03,2.219145e-01,2.004897e-01,3.115965e-01,5.057892e-02,4.731454e-03,2.970376e-02,5.304799e-03
9.940601e-03,1.273606e-01,8.088328e-03,2.668386e-03,1.283489e-02,1.498470e-02,1.356711e-03,7.094043e-03,2.887162e-01,2.346220e-01,2.255800e-01,3.646726e-02,3.554826e-03,2.267899e-02,4.052537e-03
1.013383e-02,1.637810e-01,7.744722e-03,3.903164e-03,1.073593e-02,2.154148e-02,1.013785e-03,1.195579e-02,3.549739e-01,2.007132e-01,1.638798e-01,2.664605e-02,2.942665e-03,1.692042e-02,3.114310e-03
1.184085e-02,2.766328e-01,9.241931e-03,3.329863e-03,1.087812e-02,2.199751e-02,9.263305e-04,1.952425e-02,3.097777e-01,1.752855e-01,1.227146e-01,1.935475e-02,2.469748e-03,1.341991e-02,2.606184e-03
1.592641e-02,3.462981e-01,9.745745e-03,2.989049e-03,1.172693e-02,2.003339e-02,9.536257e-04,2.434345e-02,2.772864e-01,1.685971e-01,9.126833e-02,1.409991e-02,2.011305e-03,1.240180e-02,2.318423e-03
1.834908e-02,4.310519e-01,8.504034e-03,2.377285e-03,9.962171e-03,1.472586e-02,7.116642e-04,2.241818e-02,2.070105e-01,1.923553e-01,6.820045e-02,1.007062e-02,1.488138e-03,1.034566e-02,2.429186e-03
2.105675e-02,4.993148e-01,6.672682e-03,1.914765e-03,8.484522e-03,1.092071e-02,5.416005e-04,1.772937e-02,1.545949e-01,2.080555e-01,5.147980e-02,7.222840e-03,1.131070e-03,8.519165e-03,2.361513e-03
3.432912e-02,5.288389e-01,5.526746e-03,1.740149e-03,8.456817e-03,9.282589e-03,4.531417e-04,1.511160e-02,1.427177e-01,1.978488e-01,3.841968e-02,5.332717e-03,8.832873e-04,8.284521e-03,2.774166e-03
4.467162e-02,5.611067e-01,4.055255e-03,1.489540e-03,6.781260e-03,7.204120e-03,4.065053e-04,1.236860e-02,1.262123e-01,1.909249e-01,2.832956e-02,4.288835e-03,7.312619e-04,7.555630e-03,3.873829e-03
5.401331e-02,5.544817e-01,3.111497e-03,1.530590e-03,5.432465e-03,5.605293e-03,3.796876e-04,1.005821e-02,1.113363e-01,2.136829e-01,2.214785e-02,3.816407e-03,6.597140e-04,8.041128e-03,5.702853e-03
9.668489e-02,5.197395e-01,2.473190e-03,1.716560e-03,4.910565e-03,4.726744e-03,5.584507e-04,8.945016e-03,1.114338e-01,2.058572e-01,1.822154e-02,4.138921e-03,7.917247e-04,1.174352e-02,8.058390e-03
1.680050e-01,4.370539e-01,1.958626e-03,1.936045e-03,4.891729e-03,4.423247e-03,8.490691e-04,8.076767e-03,1.174952e-01,2.072285e-01,1.629390e-02,4.930158e-03,9.964562e-04,1.572126e-02,1.014015e-02
2.200531e-01,3.555712e-01,1.932348e-03,2.980241e-03,4.880285e-03,5.970697e-03,1.038797e-03,7.569649e-03,1.203761e-01,2.266576e-01,1.359991e-02,6.426320e-03,2.115764e-03,1.374930e-02,1.707860e-02
2.602903e-01,2.633022e-01,2.998934e-03,1.289841e-02,4.984810e-03,6.634544e-03,1.226404e-03,6.756295e-03,1.049648e-01,2.017865e-01,1.369855e-02,1.239983e-02,5.562186e-03,1.137792e-02,9.111825e-02
2.320896e-01,1.877937e-01,4.235616e-03,1.050072e-02,4.234729e-03,6.083868e-03,9.827632e-04,5.170450e-03,1.278301e-01,1.838323e-01,1.213019e-02,9.513367e-03,5.641781e-03,1.317351e-02,1.967872e-01
1.722872e-01,1.343354e-01,5.306586e-03,1.912556e-02,3.331701e-03,4.725903e-03,7.938708e-04,4.773288e-03,2.446645e-01,1.404540e-01,1.106733e-02,7.985004e-03,6.848197e-03,9.775938e-03,2.345255e-01
1.760271e-01,9.815574e-02,1.011661e-02,2.868064e-02,3.776208e-03,5.922108e-03,1.078984e-03,6.454866e-03,2.254120e-01,1.461292e-01,1.241792e-02,1.041938e-02,9.804605e-03,1.449436e-02,2.511102e-01
1.725639e-01,7.422394e-02,5.218312e-02,3.581224e-02,5.304732e-03,9.319641e-03,2.004704e-03,1.147433e-02,1.785183e-01,1.392885e-01,1.145025e-02,9.500879e-03,8.249072e-03,3.937386e-02,2.507327e-01
2.279109e-01,5.970667e-02,3.968607e-02,3.463290e-02,5.128430e-03,1.282257e-02,2.641854e-03,1.101142e-02,1.834625e-01,1.092866e-01,1.368387e-02,1.068284e-02,1.548946e-02,3.324502e-02,2.406090e-01
1.760882e-01,5.381557e-02,3.033115e-02,5.305830e-02,4.510645e-03,1.239377e-02,2.370461e-03,9.865126e-03,2.708846e-01,9.439507e-02,1.420381e-02,8.657622e-03,2.168057e-02,2.416465e-02,2.235804e-01
1.254904e-01,8.545521e-02,2.586808e-02,6.458741e-02,3.465727e-03,9.131249e-03,1.719640e-03,7.111709e-03,3.461238e-01,8.784670e-02,1.230204e-02,7.221842e-03,1.825529e-02,1.790118e-02,1.875197e-01
8.953773e-02,9.440403e-02,1.944237e-02,5.793804e-02,2.644493e-03,6.843950e-03,1.262605e-03,5.153902e-03,4.074120e-01,8.111558e-02,1.667949e-02,6.811963e-03,2.084036e-02,1.341445e-02,1.764991e-01
6.296356e-02,1.864831e-01,1.492757e-02,4.943648e-02,1.884045e-03,4.903064e-03,8.905691e-04,3.661977e-03,4.162712e-01,5.723158e-02,2.147818e-02,9.589529e-03,3.401139e-02,9.510664e-03,1.267572e-01
6.973617e-02,1.366135e-01,2.010113e-02,5.557643e-02,7.274258e-03,5.412239e-03,1.265717e-03,3.366697e-03,3.286019e-01,4.085295e-02,4.322810e-02,1.182330e-02,6.304174e-02,8.300510e-03,2.048054e-01
6.839877e-02,1.033060e-01,2.111730e-02,6.993575e-02,1.932230e-02,4.940390e-03,1.389266e-03,5.326144e-03,2.693165e-01,2.995092e-02,3.437968e-02,1.063558e-02,6.029271e-02,8.272709e-03,2.934160e-01
6.975980e-02,8.286195e-02,3.791526e-02,6.000012e-02,3.626063e-02,4.967655e-03,1.925760e-03,6.933167e-03,2.225742e-01,2.268275e-02,2.605764e-02,8.039390e-03,4.785658e-02,8.615370e-03,3.635498e-01
5.390676e-02,6.659628e-02,3.301875e-02,4.646564e-02,3.390887e-02,4.122239e-03,1.615540e-03,6.177774e-03,1.873232e-01,1.656231e-02,2.031724e-02,5.971317e-03,3.644790e-02,8.696188e-03,4.788700e-01
4.300703e-02,5.127943e-02,2.966366e-02,4.570710e-02,3.196146e-02,4.380808e-03,2.016531e-03,3.687122e-02,1.758704e-01,1.186556e-02,1.742182e-02,4.460603e-03,2.998229e-02,7.049185e-03,5.084629e-01
9.169668e-02,5.415065e-02,4.065659e-02,5.197212e-02,5.309910e-02,1.466122e-02,3.597829e-03,4.261019e-02,1.475901e-01,9.635018e-03,1.711494e-02,6.247420e-03,3.601127e-02,7.803718e-03,4.231532e-01
8.161169e-02,5.458032e-02,8.198202e-02,5.362555e-02,6.111628e-02,1.343971e-02,4.027743e-03,9.452091e-02,1.245114e-01,7.518300e-03,1.399548e-02,4.971186e-03,3.171073e-02,5.750600e-03,3.666381e-01
8.885461e-02,5.623037e-02,1.044364e-01,4.766427e-02,5.734884e-02,1.263112e-02,4.752391e-03,1.797441e-01,1.004756e-01,7.125549e-03,1.253125e-02,4.988369e-03,2.776755e-02,4.498945e-03,2.909507e-01
7.817115e-02,4.962337e-02,1.230113e-01,4.309897e-02,5.948538e-02,1.275216e-02,7.117725e-03,2.508755e-01,7.679515e-02,5.829680e-03,1.466834e-02,4.647961e-03,2.665525e-02,3.318393e-03,2.439496e-01
8.906043e-02,4.276558e-02,1.058027e-01,3.792304e-02,5.507962e-02,1.521936e-02,8.682390e-03,3.557673e-01,6.070445e-02,5.075990e-03,1.387966e-02,4.416137e-03,2.156527e-02,2.693736e-03,1.813644e-01
1.072461e-01,4.503433e-02,8.251864e-02,2.827504e-02,4.449666e-02,2.197147e-02,1.213523e-02,4.247322e-01,5.645019e-02,4.130884e-03,1.231353e-02,6.331842e-03,1.991702e-02,2.116966e-03,1.323298e-01
9.593674e-02,4.462053e-02,7.187959e-02,2.103012e-02,3.584665e-02,2.254376e-02,1.217329e-02,5.019039e-01,5.132102e-02,3.409992e-03,1.185960e-02,6.330000e-03,2.294206e-02,1.649227e-03,9.655350e-02
8.701125e-02,3.732196e-02,5.945658e-02,1.665644e-02,2.817700e-02,2.951921e-02,1.147338e-02,5.509705e-01,6.113699e-02,3.243678e-03,1.211179e-02,8.642858e-03,2.266548e-02,1.360732e-03,7.025212e-02
7.771801e-02,3.183715e-02,6.119055e-02,1.283737e-02,2.281522e-02,3.363036e-02,1.270443e-02,5.744687e-01,7.969132e-02,2.922975e-03,1.122426e-02,8.585247e-03,1.865964e-02,1.075380e-03,5.063939e-02
1.527344e-01,2.508241e-02,5.229818e-02,1.318331e-02,1.902494e-02,3.938559e-02,1.043180e-02,5.486372e-01,6.290620e-02,2.571683e-03,8.868614e-03,1.120872e-02,1.497053e-02,1.023535e-03,3.767288e-02
2.144233e-01,2.124137e-02,4.257193e-02,1.362478e-02,1.428143e-02,6.992538e-02,8.574558e-03,3.922879e-01,4.811110e-02,3.427088e-03,1.224969e-02,9.440285e-02,2.921724e-02,1.316320e-03,3.434504e-02
3.210268e-01,1.896670e-02,3.767816e-02,1.406730e-02,1.207397e-02,6.362724e-02,8.359646e-03,3.094078e-01,3.931354e-02,3.494127e-03,1.220548e-02,9.630758e-02,3.214659e-02,1.512285e-03,2.981283e-02
4.397210e-01,1.697499e-02,2.986138e-02,1.223020e-02,9.880790e-03,5.438397e-02,8.268435e-03,2.364239e-01,2.954549e-02,5.385149e-03,1.219957e-02,8.706040e-02,2.670647e-02,1.583825e-03,2.977442e-02
1.000000e+00,0.000000e+00,0.000000e+00,0.000000e+00,0.000000e+00,0.000000e+00,0.000000e+00,0.000000e+00,0.000000e+00,0.000000e+00,0.000000e+00,0.000000e+00,0.000000e+00,0.000000e+00,0.000000e+00
3.639891e-01,2.000975e-02,2.621015e-02,7.422830e-02,8.280195e-03,3.562808e-02,6.303988e-03,1.340100e-01,9.852844e-02,2.305486e-02,1.432612e-02,1.279998e-01,3.436168e-02,1.587272e-03,3.148228e-02
2.553818e-01,1.482053e-02,1.856176e-02,5.381482e-02,5.928963e-03,2.825452e-02,4.497873e-03,9.390790e-02,1.113015e-01,1.679605e-02,1.525028e-02,3.123028e-01,4.520856e-02,1.223335e-03,2.274936e-02
1.805190e-01,2.077946e-02,1.474050e-02,7.090795e-02,6.601582e-03,2.273094e-02,3.253516e-03,6.608146e-02,2.251095e-01,1.388284e-02,3.353621e-02,2.856154e-01,3.524867e-02,2.865318e-03,1.812763e-02
1.294215e-01,1.918118e-02,1.124759e-02,5.771360e-02,5.170369e-03,2.788551e-02,2.414319e-03,4.691146e-02,2.356065e-01,1.010950e-02,4.588506e-02,3.603591e-01,3.126168e-02,2.744989e-03,1.408776e-02
9.661476e-02,1.853535e-02,9.303074e-03,5.836154e-02,6.824956e-03,2.293677e-02,2.802413e-03,3.606744e-02,3.345348e-01,8.008117e-03,5.816766e-02,3.039872e-01,2.916687e-02,2.698436e-03,1.199076e-02
8.543415e-02,3.171284e-02,7.459923e-03,5.013219e-02,5.936411e-03,1.997831e-02,2.221272e-03,2.573860e-02,3.786179e-01,6.868077e-03,6.428667e-02,2.716230e-01,3.412857e-02,4.724707e-03,1.113736e-02
8.466326e-02,3.308254e-02,5.762096e-03,3.877402e-02,5.175500e-03,1.675682e-02,1.914254e-03,2.033299e-02,4.209846e-01,6.994016e-03,6.494523e-02,2.181655e-01,5.255915e-02,1.599446e-02,1.389558e-02
1.037459e-01,3.823964e-02,6.356065e-03,3.301444e-02,5.854973e-03,1.789395e-02,1.879621e-03,2.244330e-02,4.242075e-01,8.299927e-03,7.215721e-02,1.683754e-01,5.719402e-02,2.197366e-02,1.836435e-02
1.199872e-01,6.920136e-02,1.580933e-02,3.360179e-02,9.123761e-03,3.193064e-02,3.045569e-03,2.442364e-02,3.577080e-01,8.865085e-03,7.096809e-02,1.535864e-01,5.632949e-02,2.455314e-02,2.086652e-02
1.289396e-01,9.580106e-02,2.028397e-02,3.123295e-02,1.410968e-02,4.568437e-02,4.481264e-03,2.370454e-02,3.130133e-01,1.235791e-02,6.306437e-02,1.388429e-01,6.441069e-02,2.152822e-02,2.254511e-02
1.167553e-01,8.301786e-02,4.679686e-02,3.668333e-02,6.560546e-02,5.498036e-02,2.576796e-02,7.862320e-02,2.464562e-01,1.108362e-02,4.910071e-02,1.003703e-01,5.274604e-02,1.547102e-02,1.654166e-02
1.377384e-01,9.303737e-02,3.896299e-02,3.084447e-02,7.000758e-02,5.440526e-02,2.221197e-02,6.402469e-02,2.287528e-01,2.133977e-02,4.039537e-02,1.154260e-01,5.209313e-02,1.290814e-02,1.785200e-02
2.136407e-01,8.006440e-02,3.252627e-02,2.703562e-02,6.337848e-02,4.875490e-02,1.964821e-02,4.789269e-02,1.924007e-01,2.346727e-02,3.830419e-02,1.163405e-01,6.292712e-02,1.142066e-02,2.219829e-02
2.530396e-01,6.649348e-02,2.504104e-02,2.459083e-02,6.207918e-02,4.362486e-02,1.793931e-02,3.586135e-02,1.476075e-01,3.085926e-02,3.499877e-02,1.305346e-01,9.394538e-02,1.068476e-02,2.270012e-02
2.723605e-01,5.458606e-02,1.920496e-02,1.969368e-02,6.455399e-02,3.729597e-02,1.627947e-02,2.801124e-02,1.149979e-01,2.763562e-02,3.074042e-02,1.518777e-01,1.231809e-01,9.818020e-03,2.976350e-02
3.632115e-01,4.404053e-02,1.496543e-02,1.851096e-02,6.204490e-02,3.542010e-02,1.308471e-02,2.235376e-02,9.519073e-02,2.309396e-02,2.614022e-02,1.364965e-01,1.111435e-01,8.753743e-03,2.554940e-02
4.396374e-01,3.553244e-02,1.192076e-02,1.855506e-02,5.515585e-02,3.122967e-02,1.225368e-02,2.031058e-02,7.736571e-02,2.041167e-02,2.313596e-02,1.261671e-01,9.377109e-02,8.266567e-03,2.628631e-02
4.830943e-01,2.939242e-02,9.482495e-03,1.763704e-02,4.502975e-02,3.115883e-02,9.616554e-03,1.606298e-02,6.251954e-02,2.031169e-02,2.485640e-02,1.284662e-01,8.912867e-02,8.013668e-03,2.522943e-02
3.917246e-01,3.065979e-02,1.207628e-02,4.639567e-02,3.589276e-02,3.195272e-02,7.291771e-03,1.628707e-02,4.816841e-02,1.662976e-02,3.570984e-02,2.070854e-01,9.171452e-02,6.993361e-03,2.141796e-02
4.438109e-01,2.431287e-02,1.360663e-02,4.171683e-02,3.413566e-02,3.205780e-02,6.436009e-03,1.345071e-02,3.770100e-02,1.746647e-02,3.384545e-02,1.905545e-01,8.431238e-02,6.522213e-03,2.007048e-02
4.084237e-01,1.815787e-02,1.055939e-02,3.190968e-02,2.492611e-02,5.170653e-02,4.873584e-03,9.944490e-03,2.888880e-02,1.435496e-02,3.072140e-02,2.671944e-01,7.480729e-02,5.617534e-03,1.791427e-02
3.756061e-01,1.403395e-02,8.021103e-03,2.383571e-02,1.846471e-02,7.947159e-02,3.612219e-03,7.198437e-03,2.635670e-02,1.259697e-02,3.143663e-02,3.138252e-01,6.367560e-02,4.467133e-03,1.739801e-02
3.755779e-01,1.131115e-02,6.414263e-03,1.997427e-02,1.376434e-02,9.559311e-02,2.928320e-03,5.488174e-03,2.675915e-02,1.038481e-02,2.796629e-02,3.305801e-01,5.242497e-02,3.673623e-03,1.715961e-02
3.585202e-01,1.150414e-02,5.758874e-03,2.241201e-02,1.124858e-02,8.748397e-02,2.700169e-03,5.724123e-03,4.999285e-02,1.004751e-02,2.549067e-02,3.379223e-01,4.948618e-02,3.229211e-03,1.847922e-02
4.239009e-01,1.063689e-02,7.228917e-03,2.171877e-02,9.636593e-03,7.856084e-02,3.059187e-03,8.832784e-03,4.689568e-02,1.151858e-02,2.182359e-02,2.926429e-01,4.227477e-02,2.970708e-03,1.829893e-02
4.366770e-01,9.842209e-03,6.001300e-03,2.554191e-02,1.114256e-02,6.242229e-02,3.233506e-03,7.371855e-03,6.292283e-02,1.294541e-02,2.068002e-02,2.874359e-01,3.453605e-02,2.673325e-03,1.657388e-02
4.005037e-01,1.081631e-02,5.373183e-03,2.441712e-02,1.104243e-02,4.792428e-02,2.831056e-03,6.038144e-03,8.271965e-02,1.725540e-02,2.310592e-02,3.190112e-01,3.108864e-02,2.360391e-03,1.551261e-02
3.122494e-01,1.030811e-02,4.086418e-03,2.200667e-02,9.541718e-03,3.728729e-02,2.191067e-03,5.419340e-03,1.209960e-01,1.545295e-02,2.464054e-02,3.914315e-01,2.990056e-02,1.879458e-03,1.260903e-02
2.318118e-01,1.233454e-02,3.445049e-03,1.804287e-02,9.295555e-03,2.812201e-02,1.780038e-03,5.093652e-03,2.219607e-01,1.350679e-02,2.485127e-02,3.895068e-01,2.810866e-02,1.616838e-03,1.052342e-02
1.666637e-01,1.434011e-02,2.654275e-03,1.294296e-02,9.939897e-03,1.995547e-02,1.306529e-03,4.004636e-03,4.241613e-01,9.566422e-03,1.900203e-02,2.857892e-01,2.104057e-02,1.148607e-03,7.484338e-03
1.170842e-01,1.298702e-02,1.883901e-03,9.200430e-03,8.635979e-03,1.414474e-02,9.202284e-04,2.832849e-03,5.911009e-01,6.749122e-03,1.350770e-02,2.001324e-01,1.476103e-02,8.089145e-04,5.250554e-03
8.237885e-02,1.104078e-02,1.487567e-03,1.260751e-02,1.401811e-02,1.102021e-02,6.570620e-04,2.026287e-03,6.952314e-01,4.958534e-03,9.673689e-03,1.401591e-01,1.040197e-02,5.715931e-04,3.767364e-03
5.897977e-02,9.792231e-03,1.279205e-03,1.741450e-02,4.234435e-02,8.523509e-03,5.207860e-04,1.570541e-03,7.401246e-01,3.745581e-03,7.000883e-03,9.818997e-02,7.370801e-03,4.049503e-04,2.738266e-03
4.748617e-02,8.685601e-03,1.568605e-03,2.052896e-02,1.203909e-01,6.588401e-03,9.929378e-04,1.136690e-02,6.983244e-01,2.729188e-03,5.028718e-03,6.878224e-02,5.268030e-03,2.874890e-04,1.971402e-03
4.136330e-02,6.828361e-03,1.366400e-03,1.947635e-02,2.208162e-01,4.855797e-03,1.267414e-03,1.211661e-02,6.327379e-01,1.984884e-03,3.613580e-03,4.819434e-02,3.728502e-03,2.035527e-04,1.446926e-03
4.558682e-02,7.926175e-03,1.187545e-03,2.128372e-02,2.102372e-01,4.321447e-03,1.021062e-03,1.646534e-02,6.474141e-01,1.715470e-03,3.381525e-03,3.498306e-02,3.042960e-03,1.733735e-04,1.260148e-03
5.528393e-02,1.005589e-02,1.618124e-03,4.164191e-02,1.690446e-01,6.042042e-03,7.667075e-04,1.707931e-02,6.408986e-01,1.764534e-03,9.972984e-03,3.874094e-02,4.697248e-03,2.179105e-04,2.175338e-03
6.475110e-02,9.456445e-03,2.256775e-03,6.877733e-02,2.075920e-01,5.357950e-03,6.838576e-04,3.307871e-02,5.372807e-01,1.798380e-03,2.623303e-02,3.290694e-02,5.628420e-03,9.765935e-04,3.221759e-03
4.632755e-02,6.941663e-03,2.653376e-03,1.232650e-01,1.491913e-01,4.779638e-03,5.038198e-04,2.442793e-02,3.845849e-01,1.945587e-03,1.908383e-01,4.980777e-02,1.130175e-02,8.062114e-04,2.625197e-03
3.275786e-02,5.015729e-03,2.014997e-03,1.529886e-01,1.066181e-01,4.075308e-03,3.561363e-04,1.737903e-02,2.721395e-01,2.373999e-03,3.265003e-01,6.219419e-02,1.298851e-02,6.775644e-04,1.920069e-03
2.314705e-02,3.656232e-03,1.546632e-03,1.367713e-01,7.556163e-02,4.099402e-03,2.565042e-04,1.234408e-02,1.943682e-01,4.202476e-03,3.970667e-01,1.171183e-01,2.608512e-02,2.249598e-03,1.526835e-03
1.659412e-02,2.764518e-03,1.106807e-03,1.061965e-01,5.395966e-02,3.533991e-03,1.882644e-04,8.666281e-03,1.384241e-01,9.848183e-03,4.614013e-01,1.597860e-01,2.244547e-02,1.387187e-02,1.213046e-03
1.256418e-02,3.250521e-03,8.228969e-04,8.119920e-02,3.983221e-02,3.205553e-03,1.449372e-04,6.200277e-03,1.022176e-01,1.803408e-02,5.021977e-01,1.827012e-01,2.325824e-02,2.342992e-02,9.415138e-04
9.193859e-03,2.818737e-03,6.400278e-04,5.800518e-02,3.464280e-02,3.269608e-03,1.166467e-04,4.424343e-03,7.400344e-02,1.894684e-02,5.853466e-01,1.623196e-01,1.925465e-02,2.623663e-02,7.809905e-04
6.905083e-03,2.660730e-03,5.355126e-04,4.130546e-02,2.831695e-02,3.161718e-03,9.383464e-05,3.230292e-03,5.403656e-02,1.806984e-02,6.299956e-01,1.657751e-01,1.884734e-02,2.641599e-02,6.500587e-04
6.855991e-03,7.344636e-03,1.173850e-03,2.930819e-02,2.513488e-02,3.327072e-03,1.375707e-04,4.794837e-03,4.131646e-02,2.700578e-02,5.986865e-01,1.711431e-01,1.865801e-02,6.360233e-02,1.510886e-03
1.761831e-02,9.273123e-03,5.324453e-03,2.295952e-02,2.634661e-02,5.505783e-03,4.532766e-04,3.188764e-02,3.224310e-02,7.473259e-02,5.010327e-01,1.649507e-01,1.995567e-02,8.500178e-02,2.714812e-03
2.625841e-02,7.294850e-03,5.399802e-03,1.742844e-02,3.825621e-02,6.807160e-03,1.339922e-03,3.062050e-02,2.507520e-02,8.181134e-02,4.084755e-01,2.477658e-01,2.160584e-02,7.700761e-02,4.853379e-03
2.288332e-02,2.198703e-02,4.614133e-03,1.266898e-02,3.456890e-02,7.351540e-03,2.126440e-03,2.811617e-02,1.002024e-01,1.072059e-01,3.332908e-01,2.339263e-01,1.765944e-02,6.796321e-02,5.435363e-03
2.113944e-02,2.905885e-02,5.001729e-03,9.935842e-03,3.422441e-02,6.518920e-03,2.268048e-03,3.277522e-02,1.248032e-01,1.093265e-01,3.050101e-01,2.410476e-01,1.376656e-02,6.048876e-02,4.634847e-03
2.122567e-02,8.405638e-02,6.816918e-03,7.584645e-03,2.953677e-02,5.757501e-03,2.012490e-03,2.797547e-02,2.317222e-01,8.616732e-02,2.369954e-01,1.880669e-01,1.015670e-02,5.767912e-02,4.246591e-03
3.634363e-02,1.087236e-01,4.757602e-02,6.586153e-03,2.607490e-02,4.868067e-03,1.536210e-03,2.525220e-02,2.950097e-01,6.614789e-02,1.793838e-01,1.345630e-01,7.780422e-03,5.460883e-02,5.545598e-03
3.840698e-02,9.302941e-02,3.876568e-02,6.064659e-03,2.279630e-02,7.548882e-03,1.224288e-03,1.885295e-02,3.883138e-01,7.509844e-02,1.417138e-01,1.045807e-01,7.092071e-03,4.624025e-02,1.027180e-02
3.878277e-02,8.797553e-02,3.807743e-02,5.585579e-03,2.461400e-02,8.149666e-03,1.774458e-03,2.588952e-02,3.964458e-01,8.660483e-02,1.480558e-01,7.982749e-02,6.154507e-03,4.422874e-02,7.833879e-03
3.501198e-02,7.448307e-02,3.140605e-02,4.838355e-03,2.385098e-02,8.865636e-03,1.622706e-03,2.085152e-02,4.564168e-01,1.001423e-01,1.368470e-01,5.959252e-02,4.794546e-03,3.556205e-02,5.714615e-03
5.028187e-02,7.652767e-02,5.493193e-02,1.461707e-02,5.796335e-02,1.362215e-02,2.640153e-03,3.576665e-02,4.144402e-01,8.841109e-02,1.061368e-01,4.464346e-02,3.924645e-03,3.066964e-02,5.423344e-03
7.500167e-02,7.466023e-02,3.987610e-02,1.265069e-02,5.212853e-02,1.252874e-02,2.085866e-03,3.297720e-02,4.177154e-01,9.230947e-02,1.192073e-01,3.447635e-02,3.458844e-03,2.609748e-02,4.826210e-03
9.919225e-02,7.074839e-02,2.956170e-02,1.018599e-02,4.845842e-02,1.139100e-02,1.558722e-03,2.583180e-02,3.588226e-01,1.806957e-01,1.055395e-01,2.612340e-02,2.665716e-03,2.477461e-02,4.450184e-03
9.078989e-02,9.489691e-02,2.955569e-02,8.039381e-03,8.255179e-02,1.140714e-02,1.230363e-03,2.101882e-02,3.080728e-01,2.129756e-01,8.571310e-02,1.984600e-02,2.031042e-03,2.620569e-02,5.665826e-03
1.038892e-01,1.139814e-01,3.081291e-02,1.070680e-02,8.460300e-02,1.166101e-02,1.554462e-03,3.200223e-02,2.438513e-01,2.388413e-01,6.925847e-02,2.074972e-02,2.105056e-03,2.858285e-02,7.400342e-03
