1.000000e+00,0.000000e+00,0.000000e+00,0.000000e+00,0.000000e+00,0.000000e+00,0.000000e+00,0.000000e+00,0.000000e+00,0.000000e+00,0.000000e+00,0.000000e+00,0.000000e+00,0.000000e+00,0.000000e+00
1.000000e+00,0.000000e+00,0.000000e+00,0.000000e+00,0.000000e+00,0.000000e+00,0.000000e+00,0.000000e+00,0.000000e+00,0.000000e+00,0.000000e+00,0.000000e+00,0.000000e+00,0.000000e+00,0.000000e+00
1.000000e+00,0.000000e+00,0.000000e+00,0.000000e+00,0.000000e+00,0.000000e+00,0.000000e+00,0.000000e+00,0.000000e+00,0.000000e+00,0.000000e+00,0.000000e+00,0.000000e+00,0.000000e+00,0.000000e+00
1.000000e+00,0.000000e+00,0.000000e+00,0.000000e+00,0.000000e+00,0.000000e+00,0.000000e+00,0.000000e+00,0.000000e+00,0.000000e+00,0.000000e+00,0.000000e+00,0.000000e+00,0.000000e+00,0.000000e+00
1.000000e+00,0.000000e+00,0.000000e+00,0.000000e+00,0.000000e+00,0.000000e+00,0.000000e+00,0.000000e+00,0.000000e+00,0.000000e+00,0.000000e+00,0.000000e+00,0.000000e+00,0.000000e+00,0.000000e+00
1.000000e+00,0.000000e+00,0.000000e+00,0.000000e+00,0.000000e+00,0.000000e+00,0.000000e+00,0.000000e+00,0.000000e+00,0.000000e+00,0.000000e+00,0.000000e+00,0.000000e+00,0.000000e+00,0.000000e+00
1.000000e+00,0.000000e+00,0.000000e+00,0.000000e+00,0.000000e+00,0.000000e+00,0.000000e+00,0.000000e+00,0.000000e+00,0.000000e+00,0.000000e+00,0.000000e+00,0.000000e+00,0.000000e+00,0.000000e+00
1.000000e+00,0.000000e+00,0.000000e+00,0.000000e+00,0.000000e+00,0.000000e+00,0.000000e+00,0.000000e+00,0.000000e+00,0.000000e+00,0.000000e+00,0.000000e+00,0.000000e+00,0.000000e+00,0.000000e+00
1.000000e+00,0.000000e+00,0.000000e+00,0.000000e+00,0.000000e+00,0.000000e+00,0.000000e+00,0.000000e+00,0.000000e+00,0.000000e+00,0.000000e+00,0.000000e+00,0.000000e+00,0.000000e+00,0.000000e+00
1.000000e+00,0.000000e+00,0.000000e+00,0.000000e+00,0.000000e+00,0.000000e+00,0.000000e+00,0.000000e+00,0.000000e+00,0.000000e+00,0.000000e+00,0.000000e+00,0.000000e+00,0.000000e+00,0.000000e+00
1.000000e+00,0.000000e+00,0.000000e+00,0.000000e+00,0.000000e+00,0.000000e+00,0.000000e+00,0.000000e+00,0.000000e+00,0.000000e+00,0.000000e+00,0.000000e+00,0.000000e+00,0.000000e+00,0.000000e+00
1.000000e+00,0.000000e+00,0.000000e+00,0.000000e+00,0.000000e+00,0.000000e+00,0.000000e+00,0.000000e+00,0.000000e+00,0.000000e+00,0.000000e+00,0.000000e+00,0.000000e+00,0.000000e+00,0.000000e+00
1.000000e+00,0.000000e+00,0.000000e+00,0.000000e+00,0.000000e+00,0.000000e+00,0.000000e+00,0.000000e+00,0.000000e+00,0.000000e+00,0.000000e+00,0.000000e+00,0.000000e+00,0.000000e+00,0.000000e+00
1.000000e+00,0.000000e+00,0.000000e+00,0.000000e+00,0.000000e+00,0.000000e+00,0.000000e+00,0.000000e+00,0.000000e+00,0.000000e+00,0.000000e+00,0.000000e+00,0.000000e+00,0.000000e+00,0.000000e+00
1.000000e+00,0.000000e+00,0.000000e+00,0.000000e+00,0.000000e+00,0.000000e+00,0.000000e+00,0.000000e+00,0.000000e+00,0.000000e+00,0.000000e+00,0.000000e+00,0.000000e+00,0.000000e+00,0.000000e+00
1.000000e+00,0.000000e+00,0.000000e+00,0.000000e+00,0.000000e+00,0.000000e+00,0.000000e+00,0.000000e+00,0.000000e+00,0.000000e+00,0.000000e+00,0.000000e+00,0.000000e+00,0.000000e+00,0.000000e+00
1.000000e+00,0.000000e+00,0.000000e+00,0.000000e+00,0.000000e+00,0.000000e+00,0.000000e+00,0.000000e+00,0.000000e+00,0.000000e+00,0.000000e+00,0.000000e+00,0.000000e+00,0.000000e+00,0.000000e+00
1.000000e+00,0.000000e+00,0.000000e+00,0.000000e+00,0.000000e+00,0.000000e+00,0.000000e+00,0.000000e+00,0.000000e+00,0.000000e+00,0.000000e+00,0.000000e+00,0.000000e+00,0.000000e+00,0.000000e+00
1.000000e+00,0.000000e+00,0.000000e+00,0.000000e+00,0.000000e+00,0.000000e+00,0.000000e+00,0.000000e+00,0.000000e+00,0.000000e+00,0.000000e+00,0.000000e+00,0.000000e+00,0.000000e+00,0.000000e+00
1.000000e+00,0.000000e+00,0.000000e+00,0.000000e+00,0.000000e+00,0.000000e+00,0.000000e+00,0.000000e+00,0.000000e+00,0.000000e+00,0.000000e+00,0.000000e+00,0.000000e+00,0.000000e+00,0.000000e+00
1.000000e+00,0.000000e+00,0.000000e+00,0.000000e+00,0.000000e+00,0.000000e+00,0.000000e+00,0.000000e+00,0.000000e+00,0.000000e+00,0.000000e+00,0.000000e+00,0.000000e+00,0.000000e+00,0.000000e+00
1.000000e+00,0.000000e+00,0.000000e+00,0.000000e+00,0.000000e+00,0.000000e+00,0.000000e+00,0.000000e+00,0.000000e+00,0.000000e+00,0.000000e+00,0.000000e+00,0.000000e+00,0.000000e+00,0.000000e+00
1.000000e+00,0.000000e+00,0.000000e+00,0.000000e+00,0.000000e+00,0.000000e+00,0.000000e+00,0.000000e+00,0.000000e+00,0.000000e+00,0.000000e+00,0.000000e+00,0.000000e+00,0.000000e+00,0.000000e+00
1.000000e+00,0.000000e+00,0.000000e+00,0.000000e+00,0.000000e+00,0.000000e+00,0.000000e+00,0.000000e+00,0.000000e+00,0.000000e+00,0.000000e+00,0.000000e+00,0.000000e+00,0.000000e+00,0.000000e+00
1.000000e+00,0.000000e+00,0.000000e+00,0.000000e+00,0.000000e+00,0.000000e+00,0.000000e+00,0.000000e+00,0.000000e+00,0.000000e+00,0.000000e+00,0.000000e+00,0.000000e+00,0.000000e+00,0.000000e+00
1.000000e+00,0.000000e+00,0.000000e+00,0.000000e+00,0.000000e+00,0.000000e+00,0.000000e+00,0.000000e+00,0.000000e+00,0.000000e+00,0.000000e+00,0.000000e+00,0.000000e+00,0.000000e+00,0.000000e+00
1.000000e+00,0.000000e+00,0.000000e+00,0.000000e+00,0.000000e+00,0.000000e+00,0.000000e+00,0.000000e+00,0.000000e+00,0.000000e+00,0.000000e+00,0.000000e+00,0.000000e+00,0.000000e+00,0.000000e+00
1.000000e+00,0.000000e+00,0.000000e+00,0.000000e+00,0.000000e+00,0.000000e+00,0.000000e+00,0.000000e+00,0.000000e+00,0.000000e+00,0.000000e+00,0.000000e+00,0.000000e+00,0.000000e+00,0.000000e+00
1.000000e+00,0.000000e+00,0.000000e+00,0.000000e+00,0.000000e+00,0.000000e+00,0.000000e+00,0.000000e+00,0.000000e+00,0.000000e+00,0.000000e+00,0.000000e+00,0.000000e+00,0.000000e+00,0.000000e+00
1.000000e+00,0.000000e+00,0.000000e+00,0.000000e+00,0.000000e+00,0.000000e+00,0.000000e+00,0.000000e+00,0.000000e+00,0.000000e+00,0.000000e+00,0.000000e+00,0.000000e+00,0.000000e+00,0.000000e+00
1.000000e+00,0.000000e+00,0.000000e+00,0.000000e+00,0.000000e+00,0.000000e+00,0.000000e+00,0.000000e+00,0.000000e+00,0.000000e+00,0.000000e+00,0.000000e+00,0.000000e+00,0.000000e+00,0.000000e+00
1.000000e+00,0.000000e+00,0.000000e+00,0.000000e+00,0.000000e+00,0.000000e+00,0.000000e+00,0.000000e+00,0.000000e+00,0.000000e+00,0.000000e+00,0.000000e+00,0.000000e+00,0.000000e+00,0.000000e+00
1.000000e+00,0.000000e+00,0.000000e+00,0.000000e+00,0.000000e+00,0.000000e+00,0.000000e+00,0.000000e+00,0.000000e+00,0.000000e+00,0.000000e+00,0.000000e+00,0.000000e+00,0.000000e+00,0.000000e+00
1.000000e+00,0.000000e+00,0.000000e+00,0.000000e+00,0.000000e+00,0.000000e+00,0.000000e+00,0.000000e+00,0.000000e+00,0.000000e+00,0.000000e+00,0.000000e+00,0.000000e+00,0.000000e+00,0.000000e+00
1.000000e+00,0.000000e+00,0.000000e+00,0.000000e+00,0.000000e+00,0.000000e+00,0.000000e+00,0.000000e+00,0.000000e+00,0.000000e+00,0.000000e+00,0.000000e+00,0.000000e+00,0.000000e+00,0.000000e+00
1.000000e+00,0.000000e+00,0.000000e+00,0.000000e+00,0.000000e+00,0.000000e+00,0.000000e+00,0.000000e+00,0.000000e+00,0.000000e+00,0.000000e+00,0.000000e+00,0.000000e+00,0.000000e+00,0.000000e+00
1.000000e+00,0.000000e+00,0.000000e+00,0.000000e+00,0.000000e+00,0.000000e+00,0.000000e+00,0.000000e+00,0.000000e+00,0.000000e+00,0.000000e+00,0.000000e+00,0.000000e+00,0.000000e+00,0.000000e+00
1.000000e+00,0.000000e+00,0.000000e+00,0.000000e+00,0.000000e+00,0.000000e+00,0.000000e+00,0.000000e+00,0.000000e+00,0.000000e+00,0.000000e+00,0.000000e+00,0.000000e+00,0.000000e+00,0.000000e+00
1.000000e+00,0.000000e+00,0.000000e+00,0.000000e+00,0.000000e+00,0.000000e+00,0.000000e+00,0.000000e+00,0.000000e+00,0.000000e+00,0.000000e+00,0.000000e+00,0.000000e+00,0.000000e+00,0.000000e+00
1.000000e+00,0.000000e+00,0.000000e+00,0.000000e+00,0.000000e+00,0.000000e+00,0.000000e+00,0.000000e+00,0.000000e+00,0.000000e+00,0.000000e+00,0.000000e+00,0.000000e+00,0.000000e+00,0.000000e+00
1.000000e+00,0.000000e+00,0.000000e+00,0.000000e+00,0.000000e+00,0.000000e+00,0.000000e+00,0.000000e+00,0.000000e+00,0.000000e+00,0.000000e+00,0.000000e+00,0.000000e+00,0.000000e+00,0.000000e+00
1.000000e+00,0.000000e+00,0.000000e+00,0.000000e+00,0.000000e+00,0.000000e+00,0.000000e+00,0.000000e+00,0.000000e+00,0.000000e+00,0.000000e+00,0.000000e+00,0.000000e+00,0.000000e+00,0.000000e+00
1.000000e+00,0.000000e+00,0.000000e+00,0.000000e+00,0.000000e+00,0.000000e+00,0.000000e+00,0.000000e+00,0.000000e+00,0.000000e+00,0.000000e+00,0.000000e+00,0.000000e+00,0.000000e+00,0.000000e+00
1.000000e+00,0.000000e+00,0.000000e+00,0.000000e+00,0.000000e+00,0.000000e+00,0.000000e+00,0.000000e+00,0.000000e+00,0.000000e+00,0.000000e+00,0.000000e+00,0.000000e+00,0.000000e+00,0.000000e+00
1.000000e+00,0.000000e+00,0.000000e+00,0.000000e+00,0.000000e+00,0.000000e+00,0.000000e+00,0.000000e+00,0.000000e+00,0.000000e+00,0.000000e+00,0.000000e+00,0.000000e+00,0.000000e+00,0.000000e+00
1.000000e+00,0.000000e+00,0.000000e+00,0.000000e+00,0.000000e+00,0.000000e+00,0.000000e+00,0.000000e+00,0.000000e+00,0.000000e+00,0.000000e+00,0.000000e+00,0.000000e+00,0.000000e+00,0.000000e+00
1.000000e+00,0.000000e+00,0.000000e+00,0.000000e+00,0.000000e+00,0.000000e+00,0.000000e+00,0.000000e+00,0.000000e+00,0.000000e+00,0.000000e+00,0.000000e+00,0.000000e+00,0.000000e+00,0.000000e+00
1.000000e+00,0.000000e+00,0.000000e+00,0.000000e+00,0.000000e+00,0.000000e+00,0.000000e+00,0.000000e+00,0.000000e+00,0.000000e+00,0.000000e+00,0.000000e+00,0.000000e+00,0.000000e+00,0.000000e+00
1.000000e+00,0.000000e+00,0.000000e+00,0.000000e+00,0.000000e+00,0.000000e+00,0.000000e+00,0.000000e+00,0.000000e+00,0.000000e+00,0.000000e+00,0.000000e+00,0.000000e+00,0.000000e+00,0.000000e+00
1.000000e+00,0.000000e+00,0.000000e+00,0.000000e+00,0.000000e+00,0.000000e+00,0.000000e+00,0.000000e+00,0.000000e+00,0.000000e+00,0.000000e+00,0.000000e+00,0.000000e+00,0.000000e+00,0.000000e+00
1.000000e+00,0.000000e+00,0.000000e+00,0.000000e+00,0.000000e+00,0.000000e+00,0.000000e+00,0.000000e+00,0.000000e+00,0.000000e+00,0.000000e+00,0.000000e+00,0.000000e+00,0.000000e+00,0.000000e+00
1.000000e+00,0.000000e+00,0.000000e+00,0.000000e+00,0.000000e+00,0.000000e+00,0.000000e+00,0.000000e+00,0.000000e+00,0.000000e+00,0.000000e+00,0.000000e+00,0.000000e+00,0.000000e+00,0.000000e+00
1.000000e+00,0.000000e+00,0.000000e+00,0.000000e+00,0.000000e+00,0.000000e+00,0.000000e+00,0.000000e+00,0.000000e+00,0.000000e+00,0.000000e+00,0.000000e+00,0.000000e+00,0.000000e+00,0.000000e+00
1.000000e+00,0.000000e+00,0.000000e+00,0.000000e+00,0.000000e+00,0.000000e+00,0.000000e+00,0.000000e+00,0.000000e+00,0.000000e+00,0.000000e+00,0.000000e+00,0.000000e+00,0.000000e+00,0.000000e+00
1.000000e+00,0.000000e+00,0.000000e+00,0.000000e+00,0.000000e+00,0.000000e+00,0.000000e+00,0.000000e+00,0.000000e+00,0.000000e+00,0.000000e+00,0.000000e+00,0.000000e+00,0.000000e+00,0.000000e+00
1.000000e+00,0.000000e+00,0.000000e+00,0.000000e+00,0.000000e+00,0.000000e+00,0.000000e+00,0.000000e+00,0.000000e+00,0.000000e+00,0.000000e+00,0.000000e+00,0.000000e+00,0.000000e+00,0.000000e+00
1.000000e+00,0.000000e+00,0.000000e+00,0.000000e+00,0.000000e+00,0.000000e+00,0.000000e+00,0.000000e+00,0.000000e+00,0.000000e+00,0.000000e+00,0.000000e+00,0.000000e+00,0.000000e+00,0.000000e+00
1.000000e+00,0.000000e+00,0.000000e+00,0.000000e+00,0.000000e+00,0.000000e+00,0.000000e+00,0.000000e+00,0.000000e+00,0.000000e+00,0.000000e+00,0.000000e+00,0.000000e+00,0.000000e+00,0.000000e+00
1.000000e+00,0.000000e+00,0.000000e+00,0.000000e+00,0.000000e+00,0.000000e+00,0.000000e+00,0.000000e+00,0.000000e+00,0.000000e+00,0.000000e+00,0.000000e+00,0.000000e+00,0.000000e+00,0.000000e+00
1.000000e+00,0.000000e+00,0.000000e+00,0.000000e+00,0.000000e+00,0.000000e+00,0.000000e+00,0.000000e+00,0.000000e+00,0.000000e+00,0.000000e+00,0.000000e+00,0.000000e+00,0.000000e+00,0.000000e+00
1.000000e+00,0.000000e+00,0.000000e+00,0.000000e+00,0.000000e+00,0.000000e+00,0.000000e+00,0.000000e+00,0.000000e+00,0.000000e+00,0.000000e+00,0.000000e+00,0.000000e+00,0.000000e+00,0.000000e+00
1.000000e+00,0.000000e+00,0.000000e+00,0.000000e+00,0.000000e+00,0.000000e+00,0.000000e+00,0.000000e+00,0.000000e+00,0.000000e+00,0.000000e+00,0.000000e+00,0.000000e+00,0.000000e+00,0.000000e+00
4.619647e-01,6.719719e-03,5.110035e-03,1.127231e-02,1.758150e-03,2.921650e-01,1.814049e-03,2.617620e-03,2.631488e-03,1.010077e-02,7.666185e-02,4.733362e-02,9.559895e-03,1.416076e-02,5.613007e-02
3.265385e-01,5.152247e-03,4.026320e-03,1.110876e-02,1.538630e-03,2.657855e-01,1.320410e-03,2.017968e-03,2.482962e-03,2.820887e-02,8.107629e-02,9.529193e-02,1.336322e-02,1.350557e-02,1.485829e-01
2.292666e-01,3.734783e-03,3.067438e-03,8.423755e-03,1.237019e-03,1.906941e-01,9.740824e-04,1.482734e-03,2.565884e-03,3.266919e-02,6.415640e-02,8.464476e-02,1.052145e-02,1.131045e-02,3.552514e-01
1.625458e-01,2.749342e-03,2.510768e-03,6.038860e-03,1.075636e-03,1.360328e-01,7.317973e-04,1.109392e-03,2.380237e-03,8.539663e-02,4.682424e-02,6.061062e-02,7.749257e-03,8.893398e-03,4.753513e-01
1.165340e-01,2.294651e-03,2.501722e-03,4.748196e-03,1.215018e-03,9.885354e-02,5.465889e-04,9.385669e-04,4.553309e-03,1.356073e-01,3.612133e-02,4.553260e-02,6.730607e-03,7.373730e-03,5.364488e-01
8.978831e-02,4.089592e-03,2.015758e-02,1.261561e-02,7.865142e-03,7.814065e-02,1.006271e-03,6.338523e-02,2.106079e-02,1.718091e-01,4.602002e-02,4.457122e-02,2.764342e-02,6.979550e-03,4.048675e-01
8.001243e-02,1.014255e-02,2.208596e-02,1.195378e-02,1.047972e-02,8.384498e-02,1.239740e-03,6.368257e-02,5.808724e-02,2.094752e-01,4.784110e-02,5.363979e-02,2.751506e-02,9.700484e-03,3.102994e-01
6.047260e-02,8.641062e-03,1.664102e-02,9.817616e-03,4.561893e-02,5.945554e-02,1.205008e-03,4.615698e-02,2.616870e-01,1.607834e-01,4.124813e-02,4.231911e-02,2.027261e-02,7.175205e-03,2.185059e-01
5.086244e-02,1.131732e-02,1.219477e-02,2.071220e-02,4.274364e-02,4.742472e-02,1.024028e-03,3.321800e-02,4.294659e-01,1.140655e-01,2.993882e-02,3.233743e-02,1.557999e-02,5.098839e-03,1.540165e-01
4.185720e-02,1.338820e-02,8.836715e-03,3.123535e-02,5.325185e-02,3.681386e-02,7.688859e-04,2.351789e-02,5.386972e-01,8.109883e-02,2.211257e-02,2.446410e-02,1.182396e-02,3.617143e-03,1.085163e-01
3.075573e-02,1.307718e-02,7.311483e-03,1.566329e-01,4.511945e-02,3.234525e-02,6.319146e-04,1.699458e-02,5.154663e-01,5.742989e-02,1.631798e-02,1.786905e-02,1.040544e-02,2.559629e-03,7.708327e-02
2.867892e-02,1.063968e-02,5.294409e-03,1.340124e-01,5.455938e-02,2.488211e-02,6.952945e-04,1.279623e-02,5.980714e-01,4.039992e-02,1.254595e-02,1.311619e-02,8.247185e-03,1.844298e-03,5.421668e-02
2.329672e-02,1.207177e-02,3.794543e-03,1.198702e-01,4.648314e-02,1.860332e-02,6.065600e-04,9.647838e-03,6.723542e-01,2.841523e-02,9.625486e-03,9.601938e-03,6.260397e-03,1.307724e-03,3.806097e-02
2.013501e-02,2.482256e-02,2.819586e-03,1.068557e-01,4.596066e-02,1.330320e-02,6.758787e-04,7.386994e-03,7.101393e-01,2.001154e-02,7.923068e-03,7.066252e-03,4.971743e-03,9.527756e-04,2.697587e-02
1.665598e-02,2.986810e-02,2.095888e-03,9.278525e-02,4.333612e-02,9.521397e-03,6.595864e-04,5.996782e-03,7.494097e-01,1.415123e-02,6.403135e-03,5.244898e-03,4.139819e-03,6.809147e-04,1.905125e-02
1.460257e-02,3.309415e-02,1.765606e-03,1.238412e-01,3.374347e-02,7.125935e-03,5.173334e-04,6.703504e-03,7.423849e-01,1.006729e-02,4.816488e-03,3.906230e-03,3.468474e-03,4.855391e-04,1.347737e-02
2.006090e-02,2.523801e-02,3.332122e-03,9.374688e-02,4.114641e-02,5.620705e-03,7.643307e-04,2.168430e-02,7.611362e-01,7.641365e-03,3.743631e-03,2.887978e-03,2.746452e-03,3.865257e-04,9.864201e-03
2.532318e-02,1.894756e-02,2.722709e-03,6.627682e-02,3.403969e-02,9.088200e-03,7.703531e-04,1.878045e-02,8.045174e-01,5.385666e-03,2.836101e-03,2.093545e-03,1.960301e-03,2.828269e-04,6.975225e-03
4.726706e-02,1.808839e-02,8.326556e-03,5.402719e-02,3.168861e-02,1.823814e-02,7.756044e-04,2.921671e-02,7.767742e-01,4.007243e-03,2.564668e-03,1.762279e-03,1.538834e-03,2.337553e-04,5.490755e-03
6.327773e-02,1.926654e-02,7.374761e-03,3.930680e-02,2.713238e-02,1.548947e-02,6.799020e-04,2.353340e-02,7.916191e-01,2.929678e-03,2.037786e-03,1.408999e-03,1.145777e-03,2.118816e-04,4.585785e-03
8.081248e-02,3.817412e-02,5.174354e-02,5.741195e-02,3.392659e-02,2.016586e-02,1.107920e-03,3.069688e-02,6.589753e-01,3.920597e-03,1.898295e-03,1.946741e-03,1.298343e-03,4.128209e-04,1.750853e-02
1.092755e-01,4.072344e-02,3.947964e-02,6.916029e-02,3.458834e-02,2.457528e-02,1.316945e-03,5.028187e-02,5.895694e-01,4.260716e-03,5.100498e-03,6.429515e-03,1.914273e-03,9.263448e-04,2.239788e-02
1.295422e-01,6.134854e-02,2.874926e-02,5.241854e-02,3.101088e-02,2.658507e-02,1.331465e-03,4.054435e-02,5.840120e-01,3.696622e-03,7.936953e-03,7.657828e-03,2.823516e-03,1.436262e-03,2.090642e-02
1.643283e-01,1.032605e-01,2.125585e-02,3.984085e-02,2.510066e-02,3.363089e-02,1.144350e-03,3.153438e-02,5.011149e-01,5.314132e-03,1.668860e-02,8.895561e-03,4.089576e-03,4.780436e-03,3.902099e-02
1.358236e-01,8.987808e-02,1.727883e-02,3.679829e-02,1.934642e-02,1.228063e-01,1.053393e-03,2.541757e-02,3.767286e-01,1.963300e-02,3.014947e-02,1.300838e-02,7.599559e-03,9.698983e-03,9.477954e-02
1.013698e-01,7.421450e-02,2.820709e-02,1.259237e-01,1.549268e-02,8.943810e-02,1.231250e-03,2.272811e-02,3.189793e-01,3.794413e-02,3.581697e-02,2.450620e-02,1.387128e-02,8.160939e-03,1.021159e-01
8.013533e-02,5.847554e-02,2.424625e-02,9.259030e-02,1.297883e-02,6.739832e-02,1.173375e-03,1.653067e-02,2.818359e-01,4.616317e-02,5.938952e-02,1.932660e-02,1.201306e-02,9.625709e-03,2.181174e-01
6.369665e-02,5.822920e-02,2.673320e-02,8.928896e-02,1.110945e-02,4.853888e-02,1.029250e-03,1.205960e-02,2.850106e-01,5.881606e-02,4.444395e-02,1.430461e-02,9.388736e-03,8.112912e-03,2.692379e-01
4.774040e-02,4.372100e-02,2.211974e-02,6.486958e-02,8.571278e-03,3.863842e-02,8.730620e-04,8.523000e-03,3.459999e-01,5.153511e-02,3.176611e-02,1.028264e-02,8.245279e-03,1.036155e-02,3.067529e-01
3.570539e-02,3.303533e-02,1.583021e-02,4.559265e-02,6.414078e-03,3.128072e-02,6.962731e-04,6.014370e-03,3.823513e-01,4.195166e-02,2.293020e-02,7.322049e-03,6.749415e-03,1.319780e-02,3.509285e-01
3.524153e-02,2.659193e-02,1.200855e-02,3.401911e-02,5.366531e-03,2.750405e-02,6.698648e-04,4.308293e-03,4.785374e-01,3.265740e-02,1.722535e-02,5.460082e-03,5.518003e-03,2.857533e-02,2.863166e-01
4.433306e-02,2.116648e-02,9.513385e-03,2.434347e-02,4.025996e-03,2.674205e-02,6.681239e-04,3.089964e-03,5.029635e-01,2.524512e-02,1.387500e-02,4.443843e-03,4.870673e-03,5.258454e-02,2.621348e-01
6.578064e-02,3.029377e-02,1.275475e-02,2.089043e-02,4.059026e-03,2.101473e-02,6.860756e-04,2.557998e-03,4.769306e-01,2.403740e-02,2.526474e-02,6.160926e-03,1.043215e-02,6.600728e-02,2.331295e-01
4.723356e-02,2.478804e-02,9.514496e-03,1.479407e-02,3.176082e-03,1.538846e-02,5.275508e-04,1.804675e-03,3.599549e-01,1.820822e-02,3.113020e-02,4.786897e-03,1.065455e-02,2.231026e-01,2.349357e-01
3.332933e-02,1.794571e-02,6.866282e-03,1.038591e-02,2.321102e-03,1.100645e-02,3.861652e-04,1.273609e-03,2.746642e-01,1.448828e-02,2.973388e-02,3.602723e-03,1.319768e-02,3.361129e-01,2.446859e-01
2.352959e-02,1.287620e-02,4.971040e-03,7.300487e-03,1.687601e-03,7.800904e-03,2.858491e-04,9.081688e-04,2.133868e-01,1.253909e-02,2.437304e-02,2.982700e-03,1.019628e-02,4.223683e-01,2.547939e-01
1.747717e-02,9.588966e-03,4.320018e-03,5.427863e-03,2.396965e-03,5.688367e-03,2.577595e-04,7.316684e-04,2.251426e-01,1.185938e-02,2.911573e-02,2.362766e-03,1.069824e-02,4.075784e-01,2.673541e-01
1.567802e-02,7.241662e-03,5.639588e-03,4.185238e-03,3.369281e-03,4.377133e-03,3.945022e-04,2.345210e-03,2.710964e-01,1.607606e-02,3.118590e-02,2.361350e-03,9.497042e-03,3.838904e-01,2.426623e-01
1.858911e-02,6.684790e-03,3.504994e-02,5.566365e-03,4.415862e-03,3.918589e-03,6.451124e-04,6.440518e-03,3.153489e-01,2.429302e-02,3.654076e-02,3.504343e-03,9.006833e-03,3.145207e-01,2.154752e-01
3.041041e-02,8.622281e-03,3.352063e-02,5.330592e-03,6.967896e-03,4.276181e-03,6.797309e-04,7.738220e-03,3.734079e-01,2.892125e-02,4.305949e-02,3.785220e-03,8.649175e-03,2.588044e-01,1.858267e-01
4.403262e-02,8.696537e-03,6.654014e-02,2.206133e-02,2.681101e-02,7.302610e-03,7.870818e-04,1.269782e-02,3.842623e-01,2.380398e-02,5.051593e-02,5.010880e-03,1.005797e-02,1.937518e-01,1.436680e-01
7.699712e-02,9.188325e-03,6.331331e-02,2.403721e-02,4.176828e-02,1.104660e-02,1.124491e-03,2.291499e-02,4.000597e-01,2.566240e-02,4.855143e-02,5.811225e-03,1.091375e-02,1.510173e-01,1.075938e-01
1.029941e-01,1.850984e-02,7.600552e-02,2.429602e-02,6.079576e-02,1.888133e-02,1.187065e-03,5.838125e-02,3.609573e-01,2.697963e-02,3.822896e-02,5.865411e-03,1.021527e-02,1.153539e-01,8.134854e-02
1.665055e-01,1.797131e-02,7.331029e-02,3.533184e-02,7.970354e-02,1.859129e-02,1.422701e-03,6.956987e-02,3.123694e-01,2.317856e-02,3.166885e-02,7.790855e-03,8.828072e-03,8.957640e-02,6.418144e-02
2.148253e-01,1.757716e-02,5.643601e-02,3.042724e-02,9.762883e-02,1.832693e-02,1.466070e-03,7.480832e-02,3.037668e-01,1.978466e-02,2.645367e-02,7.817948e-03,7.119680e-03,7.128276e-02,5.227851e-02
1.867561e-01,2.918130e-02,5.459936e-02,1.058006e-01,8.045404e-02,1.475361e-02,1.301562e-03,6.312193e-02,2.899106e-01,1.853076e-02,2.059081e-02,7.735761e-03,6.154901e-03,5.115537e-02,6.995317e-02
2.166909e-01,2.845449e-02,4.851546e-02,9.435619e-02,1.045220e-01,1.394714e-02,1.610867e-03,8.631209e-02,2.549815e-01,1.840146e-02,1.639425e-02,6.741025e-03,6.346692e-03,3.982035e-02,6.290556e-02
3.059689e-01,2.785247e-02,3.972789e-02,7.655342e-02,9.315208e-02,2.461482e-02,1.714645e-03,6.922573e-02,2.240441e-01,1.576250e-02,1.452778e-02,6.222844e-03,9.220568e-03,3.600281e-02,5.540946e-02
3.239993e-01,3.520018e-02,4.693641e-02,6.660400e-02,9.341371e-02,2.266109e-02,1.933887e-03,5.815997e-02,2.118580e-01,1.346301e-02,1.226634e-02,6.334927e-03,1.004986e-02,4.034773e-02,5.677153e-02
2.995137e-01,4.291463e-02,5.435574e-02,5.349102e-02,9.993029e-02,2.739311e-02,1.982726e-03,5.223437e-02,2.249775e-01,1.217545e-02,1.052254e-02,5.273212e-03,1.101077e-02,4.168591e-02,6.253901e-02
2.315838e-01,5.088199e-02,4.520575e-02,4.614542e-02,1.192410e-01,1.332606e-01,2.353576e-03,5.966860e-02,1.947826e-01,9.753341e-03,8.739174e-03,4.605929e-03,8.728905e-03,3.873944e-02,4.630987e-02
1.716044e-01,3.905969e-02,3.445722e-02,3.689467e-02,9.753867e-02,3.241974e-01,1.852406e-03,4.472550e-02,1.419119e-01,2.244488e-02,9.637963e-03,3.639671e-03,6.444511e-03,2.906447e-02,3.652664e-02
1.544313e-01,3.166972e-02,2.761161e-02,3.298052e-02,7.549403e-02,4.215983e-01,1.809868e-03,3.397939e-02,1.114983e-01,2.193191e-02,1.016683e-02,4.233426e-03,5.265696e-03,2.779281e-02,3.953627e-02
1.125078e-01,2.361652e-02,2.064700e-02,4.933034e-02,5.327487e-02,3.667165e-01,1.351333e-03,2.404527e-02,1.358031e-01,7.084519e-02,2.022021e-02,3.724106e-03,4.128802e-03,2.249608e-02,9.129302e-02
8.435160e-02,1.716828e-02,1.521612e-02,3.701526e-02,3.762601e-02,2.891478e-01,1.015627e-03,1.709753e-02,1.245944e-01,1.370461e-01,1.866348e-02,3.227821e-03,3.266871e-03,2.626818e-02,1.882949e-01
7.088648e-02,1.294457e-02,1.108322e-02,2.672341e-02,2.761624e-02,2.350246e-01,8.301188e-04,1.233674e-02,1.384882e-01,1.942699e-01,1.655182e-02,2.916145e-03,3.545228e-03,6.498131e-02,1.818020e-01
6.088375e-02,9.931001e-03,8.089102e-03,1.947628e-02,2.022110e-02,1.869267e-01,6.582820e-04,8.753385e-03,1.691253e-01,2.234383e-01,1.734248e-02,2.411095e-03,4.051258e-03,9.882748e-02,1.698646e-01
4.427905e-02,1.249194e-02,1.188971e-02,1.794473e-02,1.441251e-02,1.313092e-01,5.050740e-04,6.188629e-03,2.430204e-01,2.265081e-01,1.239093e-02,1.836506e-03,3.111069e-03,7.432684e-02,1.997853e-01
3.462663e-02,9.884510e-03,1.073473e-02,1.337205e-02,1.021046e-02,9.222621e-02,4.015450e-04,4.366857e-03,2.359097e-01,2.629399e-01,8.998120e-03,1.504395e-03,2.500556e-03,9.700862e-02,2.153157e-01
3.914753e-02,8.459751e-03,9.363346e-03,9.878199e-03,7.308780e-03,6.509659e-02,3.443039e-04,3.116124e-03,2.144722e-01,2.447423e-01,7.389812e-03,1.297511e-03,2.709442e-03,1.801119e-01,2.065622e-01
3.079225e-02,6.634367e-03,7.115424e-03,6.991902e-03,5.353868e-03,4.572152e-02,2.630201e-04,2.196701e-03,1.683296e-01,1.782479e-01,5.951646e-03,9.573222e-04,2.197592e-03,3.618224e-01,1.774246e-01
2.235824e-02,5.049882e-03,5.212521e-03,4.911177e-03,3.782602e-03,3.204880e-02,1.894016e-04,1.540988e-03,1.227164e-01,1.275017e-01,4.332373e-03,6.803412e-04,1.616992e-03,5.283973e-01,1.396612e-01
2.517018e-02,5.391608e-03,8.392041e-03,3.958677e-03,3.644445e-03,2.283707e-02,1.838541e-04,1.165977e-03,9.929970e-02,9.318971e-02,4.167818e-03,6.352691e-04,1.468740e-03,6.016556e-01,1.288393e-01
3.884614e-02,9.083297e-03,9.906301e-03,3.022413e-03,4.237656e-03,1.691113e-02,2.866841e-04,1.033437e-03,9.767435e-02,7.593967e-02,5.188007e-03,5.253822e-04,1.304355e-03,6.116465e-01,1.243946e-01
4.688510e-02,2.197990e-02,1.635784e-02,2.829457e-03,4.577263e-03,1.323177e-02,4.541106e-04,1.348685e-03,1.269496e-01,7.233241e-02,6.803843e-03,4.449238e-04,1.258476e-03,5.491732e-01,1.353733e-01
3.792436e-02,2.419070e-02,6.991636e-02,3.371901e-03,7.053144e-03,9.772457e-03,4.102384e-04,1.576723e-03,1.789884e-01,6.905328e-02,5.955462e-03,3.986431e-04,1.109768e-03,4.542618e-01,1.360168e-01
3.288797e-02,2.393376e-02,7.337379e-02,3.123881e-03,7.082873e-03,7.284048e-03,3.639247e-04,1.514802e-03,1.998712e-01,8.453621e-02,4.717825e-03,3.743578e-04,1.096544e-03,3.891460e-01,1.706927e-01
2.772892e-02,3.667864e-02,8.803953e-02,3.794916e-03,7.104215e-03,5.905317e-03,3.529809e-04,1.559709e-03,2.235167e-01,1.491077e-01,3.687673e-03,4.451265e-04,1.377989e-03,2.847888e-01,1.659118e-01
3.689399e-02,6.555054e-02,1.097670e-01,5.336033e-03,2.590153e-02,9.302405e-03,8.134526e-04,7.518889e-03,1.970213e-01,1.474329e-01,3.321972e-03,4.434047e-04,1.566160e-03,2.057734e-01,1.833570e-01
4.284959e-02,6.528334e-02,9.946786e-02,4.862534e-03,2.491776e-02,8.856723e-03,7.194026e-04,9.036911e-03,1.921153e-01,1.993408e-01,2.775135e-03,4.615716e-04,1.708931e-03,1.523097e-01,1.952944e-01
7.516977e-02,5.908987e-02,7.386804e-02,6.168092e-03,2.599095e-02,1.006237e-02,7.445371e-04,1.294642e-02,1.753469e-01,2.141192e-01,3.391568e-03,1.017631e-03,2.108444e-03,1.417285e-01,1.982477e-01
9.958574e-02,6.095660e-02,5.645770e-02,7.084616e-03,3.578384e-02,2.039902e-02,1.138081e-03,2.192960e-02,1.667138e-01,1.859622e-01,3.884913e-03,1.393306e-03,2.483884e-03,1.653049e-01,1.709218e-01
1.199472e-01,8.147488e-02,4.578448e-02,1.039650e-02,4.798240e-02,2.545312e-02,1.574572e-03,2.710852e-02,1.820901e-01,1.436528e-01,3.712617e-03,1.633893e-03,2.820285e-03,1.524915e-01,1.538771e-01
1.580206e-01,9.989811e-02,3.656015e-02,9.912854e-03,4.362112e-02,2.571180e-02,2.009475e-03,3.136802e-02,1.906844e-01,1.093142e-01,5.145494e-03,1.943137e-03,2.739903e-03,1.506520e-01,1.324186e-01
1.838451e-01,9.940552e-02,3.947707e-02,9.016503e-03,3.782406e-02,2.102471e-02,1.721135e-03,2.594859e-02,1.678535e-01,1.258024e-01,5.032355e-03,2.368652e-03,2.258982e-03,1.148950e-01,1.635264e-01
1.517035e-01,9.353886e-02,7.123743e-02,7.794155e-03,2.754957e-02,1.777335e-02,1.286878e-03,1.853271e-02,1.406882e-01,1.255771e-01,4.479807e-02,2.874594e-03,2.985386e-03,1.061558e-01,1.875044e-01
1.961844e-01,7.665723e-02,7.688209e-02,7.140930e-03,1.976184e-02,1.609698e-02,1.489989e-03,1.483538e-02,1.063866e-01,9.632283e-02,1.324046e-01,5.509385e-03,4.568524e-03,1.078866e-01,1.378727e-01
1.778186e-01,5.807689e-02,5.633995e-02,8.409044e-03,1.433540e-02,1.656319e-02,1.167094e-03,1.115895e-02,8.148620e-02,6.908183e-02,3.050210e-01,6.769012e-03,5.936537e-03,8.871789e-02,9.911842e-02
1.320584e-01,4.145046e-02,4.016987e-02,6.045845e-03,1.015916e-02,1.257152e-02,8.716112e-04,7.968110e-03,5.960061e-02,4.885932e-02,4.211414e-01,9.340500e-03,5.486784e-03,1.346532e-01,6.962330e-02
9.523978e-02,2.947989e-02,2.823231e-02,4.589734e-03,7.229321e-03,9.317217e-03,6.868993e-04,5.703117e-03,4.345456e-02,3.503690e-02,5.507538e-01,9.366647e-03,4.756355e-03,1.272905e-01,4.886294e-02
6.706815e-02,2.086892e-02,1.977721e-02,3.324254e-03,5.110573e-03,6.895748e-03,4.970168e-04,4.033289e-03,3.154073e-02,2.547495e-02,6.305308e-01,8.524977e-03,4.012963e-03,1.378867e-01,3.445367e-02
4.734426e-02,1.526138e-02,1.388549e-02,2.377490e-03,3.675896e-03,5.746951e-03,3.650360e-04,2.850536e-03,2.350528e-02,1.960204e-02,6.532997e-01,7.665723e-03,3.321279e-03,1.767867e-01,2.431226e-02
3.334695e-02,1.096807e-02,9.803788e-03,1.697790e-03,2.657665e-03,4.993952e-03,2.731378e-04,2.043542e-03,1.791249e-02,1.580531e-02,6.285403e-01,7.240243e-03,2.597532e-03,2.449310e-01,1.718813e-02
2.364978e-02,7.878493e-03,6.899299e-03,1.251427e-03,1.937365e-03,4.761919e-03,2.018830e-04,1.471928e-03,1.574405e-02,1.267650e-02,5.795151e-01,6.506097e-03,2.015542e-03,3.233637e-01,1.212697e-02
1.679138e-02,6.679228e-03,4.869323e-03,1.006867e-03,1.522315e-03,8.933373e-03,1.567745e-04,1.082602e-03,1.925869e-02,1.156704e-02,5.397977e-01,6.452408e-03,1.661467e-03,3.715970e-01,8.623866e-03
1.190440e-02,6.475894e-03,3.482440e-03,1.278593e-03,2.551593e-03,6.184065e-02,3.224841e-04,1.089544e-03,1.732693e-01,1.252304e-02,4.120643e-01,4.976228e-03,1.631839e-03,3.003457e-01,6.243976e-03
8.541161e-03,5.381223e-03,2.571035e-03,2.793472e-03,3.481496e-03,1.508627e-01,6.166183e-04,3.461008e-03,2.056811e-01,1.724045e-02,3.310786e-01,4.138469e-03,2.513667e-03,2.569354e-01,4.703529e-03
6.405746e-03,4.882199e-03,1.927042e-03,2.437753e-03,4.359996e-03,2.329369e-01,8.724994e-04,7.752886e-03,2.961568e-01,1.257845e-02,2.364186e-01,3.157047e-03,2.146767e-03,1.846288e-01,3.338396e-03
4.602253e-03,7.266562e-03,1.395478e-03,2.008792e-03,6.509987e-03,1.755530e-01,6.688879e-04,5.744452e-03,4.851516e-01,9.169927e-03,1.663468e-01,2.276232e-03,1.598834e-03,1.293039e-01,2.403192e-03
3.333097e-03,6.601973e-03,1.246557e-03,2.271118e-03,8.248551e-03,1.289683e-01,5.646715e-04,5.259114e-03,6.248717e-01,6.727695e-03,1.167499e-01,1.653217e-03,1.191578e-03,9.052556e-02,1.786956e-03
3.772301e-03,8.297608e-03,1.546334e-03,2.578967e-03,9.722702e-02,9.892462e-02,1.169142e-03,4.574931e-03,6.213551e-01,6.796415e-03,8.227330e-02,1.263044e-03,1.253246e-03,6.342404e-02,5.543873e-03
5.548409e-03,1.011400e-02,2.052241e-03,5.546646e-03,1.452243e-01,7.470518e-02,3.063084e-03,5.783917e-03,6.220897e-01,6.950729e-03,5.820736e-02,1.089807e-03,2.254037e-03,4.445737e-02,1.291311e-02
9.869421e-03,1.537628e-02,5.873807e-03,4.647666e-02,1.797877e-01,5.716731e-02,7.264537e-03,1.403750e-02,5.592277e-01,7.516552e-03,4.111927e-02,1.081523e-03,4.431434e-03,3.116485e-02,1.960538e-02
3.078962e-02,1.509810e-02,9.297639e-03,4.265479e-02,1.759684e-01,4.448553e-02,1.633221e-02,3.778695e-02,5.512120e-01,6.175660e-03,2.913689e-02,9.707936e-04,3.554330e-03,2.189986e-02,1.463722e-02
3.917652e-02,1.538787e-02,1.693907e-02,5.834538e-02,1.867099e-01,3.630194e-02,1.909803e-02,1.147648e-01,4.536668e-01,7.046159e-03,2.101421e-02,1.027943e-03,3.028308e-03,1.545956e-02,1.203336e-02
4.460141e-02,3.675614e-02,1.821438e-02,6.194034e-02,1.612037e-01,2.677749e-02,1.454579e-02,1.616761e-01,4.152923e-01,9.187067e-03,1.546926e-02,1.860071e-03,3.110675e-03,1.094753e-02,1.841769e-02
3.183175e-02,3.313617e-02,4.417782e-02,2.689355e-01,1.177994e-01,1.964063e-02,1.052597e-02,1.228221e-01,2.979323e-01,7.907289e-03,1.334463e-02,4.646314e-03,4.742385e-03,7.679428e-03,1.487829e-02
2.247788e-02,2.409310e-02,4.475406e-02,3.915922e-01,8.520602e-02,1.561370e-02,1.207057e-02,8.875789e-02,2.106351e-01,2.228439e-02,4.742217e-02,7.320304e-03,1.084930e-02,5.414032e-03,1.150928e-02
1.601390e-02,1.818451e-02,3.830415e-02,3.123411e-01,6.143725e-02,1.418137e-02,1.721673e-02,6.316455e-02,1.492821e-01,1.299061e-01,8.323491e-02,3.215238e-02,4.983731e-02,4.660921e-03,1.008277e-02
1.412843e-02,1.548813e-02,4.684879e-02,2.788402e-01,4.895538e-02,1.231289e-02,1.622483e-02,4.593780e-02,1.112381e-01,1.331829e-01,1.418313e-01,4.539964e-02,7.434717e-02,4.690504e-03,1.057382e-02
1.126738e-02,1.199109e-02,3.670284e-02,2.013650e-01,3.678526e-02,1.378381e-02,1.249972e-02,3.299643e-02,8.123919e-02,1.766511e-01,1.711243e-01,6.165263e-02,1.338391e-01,7.428668e-03,1.067340e-02
8.307095e-03,9.147895e-03,2.904758e-02,1.460644e-01,2.689075e-02,1.038426e-02,9.167054e-03,2.319562e-02,5.901029e-02,2.912676e-01,1.715710e-01,6.749886e-02,1.319505e-01,7.642237e-03,8.854789e-03
7.653275e-03,7.732647e-03,2.111480e-02,1.041706e-01,2.010553e-02,9.163663e-03,6.705665e-03,1.712551e-02,4.433998e-02,3.994482e-01,1.637957e-01,5.912954e-02,1.228116e-01,7.982172e-03,8.721040e-03
8.244282e-03,7.738838e-03,1.757344e-02,7.482767e-02,1.641567e-02,8.918965e-03,4.998310e-03,1.217580e-02,3.559072e-02,3.985062e-01,1.736615e-01,9.257142e-02,1.313037e-01,1.026426e-02,7.209117e-03
1.307026e-02,1.015653e-02,1.567994e-02,5.560366e-02,1.643804e-02,8.442546e-03,3.797071e-03,1.203930e-02,3.204696e-02,4.001228e-01,1.615165e-01,9.681424e-02,1.529705e-01,1.323588e-02,8.065833e-03
4.271854e-02,1.109127e-02,1.609102e-02,4.194226e-02,2.591070e-02,8.216312e-03,2.854679e-03,1.873520e-02,2.966131e-02,4.236883e-01,1.409102e-01,8.924232e-02,1.281023e-01,1.347235e-02,7.363328e-03
6.725436e-02,1.143797e-02,1.679296e-02,3.341638e-02,3.196504e-02,8.436714e-03,2.211385e-03,2.913054e-02,3.018399e-02,4.388248e-01,1.255905e-01,7.923965e-02,1.060310e-01,1.336240e-02,6.122360e-03
2.575655e-01,1.041062e-02,1.555767e-02,3.088293e-02,3.861778e-02,8.756555e-03,1.937187e-03,2.819688e-02,2.383823e-02,3.228700e-01,1.058163e-01,6.235914e-02,7.790447e-02,1.037070e-02,4.916034e-03
3.726250e-01,1.003680e-02,1.283911e-02,3.078258e-02,3.233026e-02,9.005050e-03,1.779029e-03,2.541848e-02,2.229414e-02,2.334577e-01,1.033009e-01,7.266030e-02,5.845917e-02,9.569012e-03,5.442463e-03
4.222131e-01,1.134292e-02,1.248083e-02,2.682988e-02,3.100676e-02,1.032341e-02,1.800495e-03,3.256985e-02,2.406584e-02,1.779381e-01,1.123303e-01,7.476251e-02,4.582886e-02,1.094631e-02,5.560808e-03
3.612993e-01,1.588586e-02,1.546991e-02,2.294501e-02,3.813180e-02,8.650507e-03,1.603767e-03,4.903300e-02,8.459879e-02,1.361470e-01,1.502433e-01,6.211038e-02,3.534179e-02,1.415182e-02,4.387836e-03
3.642584e-01,2.237580e-02,2.404404e-02,3.466929e-02,3.371821e-02,9.700355e-03,1.751430e-03,6.142230e-02,1.042357e-01,1.041957e-01,1.416731e-01,5.194019e-02,2.692460e-02,1.443796e-02,4.652965e-03
3.271738e-01,3.888276e-02,4.434957e-02,4.036405e-02,5.150684e-02,9.798919e-03,2.157285e-03,5.250596e-02,1.356721e-01,8.698786e-02,1.247137e-01,4.136451e-02,2.135605e-02,1.854378e-02,4.622915e-03
3.555561e-01,4.183427e-02,4.031488e-02,4.915719e-02,6.350164e-02,1.381606e-02,2.936531e-03,4.296658e-02,1.263540e-01,8.973002e-02,1.004080e-01,3.309687e-02,1.658447e-02,1.801159e-02,5.731768e-03
3.376890e-01,4.732729e-02,3.596925e-02,4.440719e-02,7.251206e-02,1.320131e-02,3.193379e-03,3.530089e-02,1.442101e-01,1.171415e-01,8.295162e-02,2.677514e-02,1.243285e-02,2.070127e-02,6.187283e-03
2.748777e-01,5.123816e-02,3.377632e-02,3.754549e-02,7.159888e-02,1.119147e-02,2.973897e-03,5.535697e-02,2.177695e-01,1.050187e-01,8.353974e-02,2.171618e-02,9.867853e-03,1.817464e-02,5.354502e-03
2.467608e-01,4.661794e-02,3.190980e-02,4.246411e-02,7.038297e-02,1.088551e-02,2.780655e-03,1.460502e-01,2.058918e-01,8.236050e-02,6.882516e-02,1.774283e-02,7.875355e-03,1.489075e-02,4.561518e-03
2.643109e-01,5.500012e-02,3.140037e-02,3.770376e-02,6.226940e-02,1.012792e-02,3.183593e-03,1.274993e-01,2.095432e-01,1.012704e-01,5.922061e-02,1.448242e-02,6.127303e-03,1.351755e-02,4.343140e-03
2.879582e-01,4.591418e-02,4.785580e-02,3.804889e-02,6.914790e-02,1.084816e-02,3.153744e-03,1.120094e-01,1.721703e-01,1.292379e-01,4.659725e-02,1.423717e-02,5.628749e-03,1.130156e-02,5.890775e-03
3.186130e-01,3.585637e-02,7.320679e-02,9.190932e-02,5.192888e-02,1.290067e-02,2.359832e-03,8.426316e-02,1.240410e-01,1.183154e-01,4.597549e-02,1.850531e-02,6.991128e-03,8.389463e-03,6.744293e-03
2.636448e-01,2.679016e-02,5.360132e-02,1.122738e-01,4.195898e-02,1.115147e-02,1.697745e-03,6.096973e-02,8.907712e-02,8.966458e-02,1.665754e-01,3.337753e-02,3.642271e-02,6.484901e-03,6.309767e-03
2.047129e-01,1.912037e-02,3.821232e-02,1.069975e-01,3.036116e-02,8.943854e-03,1.244779e-03,4.296871e-02,6.292368e-02,7.039163e-02,2.631289e-01,5.226624e-02,8.794142e-02,5.670641e-03,5.115781e-03
1.486502e-01,1.369957e-02,2.793027e-02,8.880184e-02,2.235075e-02,8.440427e-03,9.419193e-04,3.026880e-02,4.484873e-02,6.036649e-02,3.237801e-01,7.816000e-02,1.422961e-01,4.888400e-03,4.576396e-03
1.100127e-01,9.769104e-03,2.013909e-02,6.462214e-02,1.704057e-02,8.542988e-03,8.444781e-04,2.140855e-02,3.289268e-02,4.882662e-02,3.385215e-01,1.050671e-01,2.140988e-01,4.089792e-03,4.123861e-03
8.195442e-02,6.976134e-03,1.448041e-02,4.608924e-02,1.452623e-02,7.442614e-03,1.030790e-03,1.548600e-02,2.484699e-02,3.963825e-02,3.058736e-01,1.163759e-01,3.180771e-01,3.465410e-03,3.736936e-03
5.830832e-02,4.969181e-03,1.107461e-02,3.438796e-02,1.480569e-02,6.675088e-03,1.393363e-03,1.394976e-02,1.987165e-02,3.819881e-02,2.945225e-01,1.232088e-01,3.701572e-01,3.125134e-03,5.352030e-03
4.148914e-02,3.545319e-03,8.572237e-03,2.497265e-02,1.786402e-02,5.132962e-03,1.648202e-03,1.323752e-02,2.021462e-02,3.244139e-02,3.081741e-01,1.402767e-01,3.728326e-01,3.302602e-03,6.295973e-03
3.143292e-02,2.736631e-03,6.855498e-03,1.791320e-02,1.988591e-02,6.778933e-03,1.330002e-03,2.214857e-02,2.945571e-02,3.355549e-02,2.780240e-01,1.849528e-01,3.559402e-01,3.356492e-03,5.633672e-03
2.295892e-02,2.327774e-03,5.937026e-03,1.283966e-02,2.218608e-02,1.056763e-02,1.082876e-03,2.550352e-02,3.749001e-02,2.729020e-02,2.075323e-01,2.852291e-01,3.316263e-01,2.939915e-03,4.488683e-03
1.765477e-02,1.885807e-03,4.611457e-03,9.422480e-03,3.836121e-02,1.307327e-02,1.660699e-03,4.503026e-02,5.553742e-02,3.348473e-02,1.871345e-01,2.471762e-01,3.384545e-01,2.440435e-03,4.072288e-03
1.624837e-02,2.238744e-03,4.544198e-03,6.910523e-03,6.897596e-02,1.291374e-02,1.654340e-03,4.135373e-02,1.189068e-01,3.056405e-02,1.426659e-01,2.519400e-01,2.954895e-01,1.977293e-03,3.616916e-03
1.662670e-02,3.139308e-03,4.697437e-03,5.026856e-03,1.629387e-01,1.021244e-02,3.043750e-03,4.550588e-02,1.604719e-01,3.451714e-02,1.131180e-01,1.998298e-01,2.352261e-01,1.840760e-03,3.805415e-03
2.003273e-02,9.359255e-03,1.502671e-02,3.849880e-03,1.697529e-01,9.736245e-03,1.100076e-02,1.180454e-01,1.713487e-01,4.680175e-02,8.260550e-02,1.563314e-01,1.786146e-01,1.738176e-03,5.755942e-03
3.059706e-02,9.044372e-03,1.623071e-02,4.140798e-03,1.444022e-01,1.393378e-02,8.926145e-03,1.307009e-01,1.448725e-01,9.191038e-02,6.151667e-02,2.051979e-01,1.301567e-01,1.892036e-03,6.477746e-03
3.748623e-02,6.640026e-03,2.043802e-02,2.307925e-02,1.103676e-01,1.274449e-02,8.184968e-03,2.234979e-01,1.062984e-01,1.211143e-01,4.613815e-02,1.834013e-01,9.402700e-02,1.555233e-03,5.027176e-03
7.069213e-02,5.528781e-03,2.515937e-02,3.587380e-02,8.744072e-02,4.646378e-02,8.992102e-03,2.099915e-01,8.020598e-02,1.476597e-01,3.508915e-02,1.700123e-01,7.142451e-02,1.208048e-03,4.258114e-03
1.001517e-01,5.521975e-03,2.165375e-02,3.286109e-02,7.194106e-02,5.038726e-02,1.124317e-02,1.713158e-01,6.501342e-02,1.836347e-01,2.845223e-02,1.910463e-01,6.067745e-02,1.092357e-03,5.007701e-03
1.096350e-01,5.466472e-03,3.091284e-02,3.635734e-02,6.273128e-02,4.791658e-02,2.755439e-02,2.406165e-01,5.013550e-02,1.673100e-01,2.205720e-02,1.454842e-01,4.750291e-02,1.296081e-03,5.023786e-03
1.468143e-01,8.612879e-03,3.157933e-02,3.945386e-02,5.226479e-02,4.917173e-02,4.756874e-02,2.309421e-01,4.247751e-02,1.678331e-01,1.979398e-02,1.130128e-01,4.238648e-02,2.344288e-03,5.744153e-03
1.916716e-01,1.569846e-02,3.439241e-02,3.357454e-02,5.084911e-02,4.191666e-02,4.378582e-02,1.843537e-01,4.109892e-02,1.993575e-01,1.823881e-02,8.941390e-02,4.190617e-02,6.148950e-03,7.593472e-03
2.197503e-01,2.096222e-02,2.865481e-02,2.721795e-02,3.978959e-02,3.308573e-02,3.728914e-02,1.419180e-01,4.005449e-02,2.251521e-01,2.136216e-02,9.383215e-02,4.417636e-02,1.658377e-02,1.017130e-02
2.565936e-01,2.648979e-02,2.375948e-02,2.105975e-02,3.122000e-02,2.764035e-02,3.691050e-02,1.067252e-01,4.665257e-02,2.483553e-01,2.365875e-02,7.963714e-02,3.770479e-02,2.165982e-02,1.193302e-02
