1.000000e+00,0.000000e+00,0.000000e+00,0.000000e+00,0.000000e+00,0.000000e+00,0.000000e+00,0.000000e+00,0.000000e+00,0.000000e+00,0.000000e+00,0.000000e+00,0.000000e+00,0.000000e+00,0.000000e+00
1.000000e+00,0.000000e+00,0.000000e+00,0.000000e+00,0.000000e+00,0.000000e+00,0.000000e+00,0.000000e+00,0.000000e+00,0.000000e+00,0.000000e+00,0.000000e+00,0.000000e+00,0.000000e+00,0.000000e+00
1.000000e+00,0.000000e+00,0.000000e+00,0.000000e+00,0.000000e+00,0.000000e+00,0.000000e+00,0.000000e+00,0.000000e+00,0.000000e+00,0.000000e+00,0.000000e+00,0.000000e+00,0.000000e+00,0.000000e+00
1.000000e+00,0.000000e+00,0.000000e+00,0.000000e+00,0.000000e+00,0.000000e+00,0.000000e+00,0.000000e+00,0.000000e+00,0.000000e+00,0.000000e+00,0.000000e+00,0.000000e+00,0.000000e+00,0.000000e+00
1.000000e+00,0.000000e+00,0.000000e+00,0.000000e+00,0.000000e+00,0.000000e+00,0.000000e+00,0.000000e+00,0.000000e+00,0.000000e+00,0.000000e+00,0.000000e+00,0.000000e+00,0.000000e+00,0.000000e+00
1.000000e+00,0.000000e+00,0.000000e+00,0.000000e+00,0.000000e+00,0.000000e+00,0.000000e+00,0.000000e+00,0.000000e+00,0.000000e+00,0.000000e+00,0.000000e+00,0.000000e+00,0.000000e+00,0.000000e+00
1.000000e+00,0.000000e+00,0.000000e+00,0.000000e+00,0.000000e+00,0.000000e+00,0.000000e+00,0.000000e+00,0.000000e+00,0.000000e+00,0.000000e+00,0.000000e+00,0.000000e+00,0.000000e+00,0.000000e+00
1.000000e+00,0.000000e+00,0.000000e+00,0.000000e+00,0.000000e+00,0.000000e+00,0.000000e+00,0.000000e+00,0.000000e+00,0.000000e+00,0.000000e+00,0.000000e+00,0.000000e+00,0.000000e+00,0.000000e+00
1.000000e+00,0.000000e+00,0.000000e+00,0.000000e+00,0.000000e+00,0.000000e+00,0.000000e+00,0.000000e+00,0.000000e+00,0.000000e+00,0.000000e+00,0.000000e+00,0.000000e+00,0.000000e+00,0.000000e+00
1.000000e+00,0.000000e+00,0.000000e+00,0.000000e+00,0.000000e+00,0.000000e+00,0.000000e+00,0.000000e+00,0.000000e+00,0.000000e+00,0.000000e+00,0.000000e+00,0.000000e+00,0.000000e+00,0.000000e+00
1.000000e+00,0.000000e+00,0.000000e+00,0.000000e+00,0.000000e+00,0.000000e+00,0.000000e+00,0.000000e+00,0.000000e+00,0.000000e+00,0.000000e+00,0.000000e+00,0.000000e+00,0.000000e+00,0.000000e+00
1.000000e+00,0.000000e+00,0.000000e+00,0.000000e+00,0.000000e+00,0.000000e+00,0.000000e+00,0.000000e+00,0.000000e+00,0.000000e+00,0.000000e+00,0.000000e+00,0.000000e+00,0.000000e+00,0.000000e+00
1.000000e+00,0.000000e+00,0.000000e+00,0.000000e+00,0.000000e+00,0.000000e+00,0.000000e+00,0.000000e+00,0.000000e+00,0.000000e+00,0.000000e+00,0.000000e+00,0.000000e+00,0.000000e+00,0.000000e+00
1.000000e+00,0.000000e+00,0.000000e+00,0.000000e+00,0.000000e+00,0.000000e+00,0.000000e+00,0.000000e+00,0.000000e+00,0.000000e+00,0.000000e+00,0.000000e+00,0.000000e+00,0.000000e+00,0.000000e+00
1.000000e+00,0.000000e+00,0.000000e+00,0.000000e+00,0.000000e+00,0.000000e+00,0.000000e+00,0.000000e+00,0.000000e+00,0.000000e+00,0.000000e+00,0.000000e+00,0.000000e+00,0.000000e+00,0.000000e+00
1.000000e+00,0.000000e+00,0.000000e+00,0.000000e+00,0.000000e+00,0.000000e+00,0.000000e+00,0.000000e+00,0.000000e+00,0.000000e+00,0.000000e+00,0.000000e+00,0.000000e+00,0.000000e+00,0.000000e+00
1.000000e+00,0.000000e+00,0.000000e+00,0.000000e+00,0.000000e+00,0.000000e+00,0.000000e+00,0.000000e+00,0.000000e+00,0.000000e+00,0.000000e+00,0.000000e+00,0.000000e+00,0.000000e+00,0.000000e+00
1.000000e+00,0.000000e+00,0.000000e+00,0.000000e+00,0.000000e+00,0.000000e+00,0.000000e+00,0.000000e+00,0.000000e+00,0.000000e+00,0.000000e+00,0.000000e+00,0.000000e+00,0.000000e+00,0.000000e+00
1.000000e+00,0.000000e+00,0.000000e+00,0.000000e+00,0.000000e+00,0.000000e+00,0.000000e+00,0.000000e+00,0.000000e+00,0.000000e+00,0.000000e+00,0.000000e+00,0.000000e+00,0.000000e+00,0.000000e+00
1.000000e+00,0.000000e+00,0.000000e+00,0.000000e+00,0.000000e+00,0.000000e+00,0.000000e+00,0.000000e+00,0.000000e+00,0.000000e+00,0.000000e+00,0.000000e+00,0.000000e+00,0.000000e+00,0.000000e+00
1.000000e+00,0.000000e+00,0.000000e+00,0.000000e+00,0.000000e+00,0.000000e+00,0.000000e+00,0.000000e+00,0.000000e+00,0.000000e+00,0.000000e+00,0.000000e+00,0.000000e+00,0.000000e+00,0.000000e+00
1.000000e+00,0.000000e+00,0.000000e+00,0.000000e+00,0.000000e+00,0.000000e+00,0.000000e+00,0.000000e+00,0.000000e+00,0.000000e+00,0.000000e+00,0.000000e+00,0.000000e+00,0.000000e+00,0.000000e+00
1.000000e+00,0.000000e+00,0.000000e+00,0.000000e+00,0.000000e+00,0.000000e+00,0.000000e+00,0.000000e+00,0.000000e+00,0.000000e+00,0.000000e+00,0.000000e+00,0.000000e+00,0.000000e+00,0.000000e+00
1.000000e+00,0.000000e+00,0.000000e+00,0.000000e+00,0.000000e+00,0.000000e+00,0.000000e+00,0.000000e+00,0.000000e+00,0.000000e+00,0.000000e+00,0.000000e+00,0.000000e+00,0.000000e+00,0.000000e+00
1.000000e+00,0.000000e+00,0.000000e+00,0.000000e+00,0.000000e+00,0.000000e+00,0.000000e+00,0.000000e+00,0.000000e+00,0.000000e+00,0.000000e+00,0.000000e+00,0.000000e+00,0.000000e+00,0.000000e+00
1.000000e+00,0.000000e+00,0.000000e+00,0.000000e+00,0.000000e+00,0.000000e+00,0.000000e+00,0.000000e+00,0.000000e+00,0.000000e+00,0.000000e+00,0.000000e+00,0.000000e+00,0.000000e+00,0.000000e+00
1.000000e+00,0.000000e+00,0.000000e+00,0.000000e+00,0.000000e+00,0.000000e+00,0.000000e+00,0.000000e+00,0.000000e+00,0.000000e+00,0.000000e+00,0.000000e+00,0.000000e+00,0.000000e+00,0.000000e+00
1.000000e+00,0.000000e+00,0.000000e+00,0.000000e+00,0.000000e+00,0.000000e+00,0.000000e+00,0.000000e+00,0.000000e+00,0.000000e+00,0.000000e+00,0.000000e+00,0.000000e+00,0.000000e+00,0.000000e+00
1.000000e+00,0.000000e+00,0.000000e+00,0.000000e+00,0.000000e+00,0.000000e+00,0.000000e+00,0.000000e+00,0.000000e+00,0.000000e+00,0.000000e+00,0.000000e+00,0.000000e+00,0.000000e+00,0.000000e+00
1.000000e+00,0.000000e+00,0.000000e+00,0.000000e+00,0.000000e+00,0.000000e+00,0.000000e+00,0.000000e+00,0.000000e+00,0.000000e+00,0.000000e+00,0.000000e+00,0.000000e+00,0.000000e+00,0.000000e+00
1.000000e+00,0.000000e+00,0.000000e+00,0.000000e+00,0.000000e+00,0.000000e+00,0.000000e+00,0.000000e+00,0.000000e+00,0.000000e+00,0.000000e+00,0.000000e+00,0.000000e+00,0.000000e+00,0.000000e+00
1.000000e+00,0.000000e+00,0.000000e+00,0.000000e+00,0.000000e+00,0.000000e+00,0.000000e+00,0.000000e+00,0.000000e+00,0.000000e+00,0.000000e+00,0.000000e+00,0.000000e+00,0.000000e+00,0.000000e+00
1.000000e+00,0.000000e+00,0.000000e+00,0.000000e+00,0.000000e+00,0.000000e+00,0.000000e+00,0.000000e+00,0.000000e+00,0.000000e+00,0.000000e+00,0.000000e+00,0.000000e+00,0.000000e+00,0.000000e+00
1.000000e+00,0.000000e+00,0.000000e+00,0.000000e+00,0.000000e+00,0.000000e+00,0.000000e+00,0.000000e+00,0.000000e+00,0.000000e+00,0.000000e+00,0.000000e+00,0.000000e+00,0.000000e+00,0.000000e+00
1.000000e+00,0.000000e+00,0.000000e+00,0.000000e+00,0.000000e+00,0.000000e+00,0.000000e+00,0.000000e+00,0.000000e+00,0.000000e+00,0.000000e+00,0.000000e+00,0.000000e+00,0.000000e+00,0.000000e+00
1.000000e+00,0.000000e+00,0.000000e+00,0.000000e+00,0.000000e+00,0.000000e+00,0.000000e+00,0.000000e+00,0.000000e+00,0.000000e+00,0.000000e+00,0.000000e+00,0.000000e+00,0.000000e+00,0.000000e+00
1.000000e+00,0.000000e+00,0.000000e+00,0.000000e+00,0.000000e+00,0.000000e+00,0.000000e+00,0.000000e+00,0.000000e+00,0.000000e+00,0.000000e+00,0.000000e+00,0.000000e+00,0.000000e+00,0.000000e+00
1.000000e+00,0.000000e+00,0.000000e+00,0.000000e+00,0.000000e+00,0.000000e+00,0.000000e+00,0.000000e+00,0.000000e+00,0.000000e+00,0.000000e+00,0.000000e+00,0.000000e+00,0.000000e+00,0.000000e+00
1.000000e+00,0.000000e+00,0.000000e+00,0.000000e+00,0.000000e+00,0.000000e+00,0.000000e+00,0.000000e+00,0.000000e+00,0.000000e+00,0.000000e+00,0.000000e+00,0.000000e+00,0.000000e+00,0.000000e+00
1.000000e+00,0.000000e+00,0.000000e+00,0.000000e+00,0.000000e+00,0.000000e+00,0.000000e+00,0.000000e+00,0.000000e+00,0.000000e+00,0.000000e+00,0.000000e+00,0.000000e+00,0.000000e+00,0.000000e+00
1.000000e+00,0.000000e+00,0.000000e+00,0.000000e+00,0.000000e+00,0.000000e+00,0.000000e+00,0.000000e+00,0.000000e+00,0.000000e+00,0.000000e+00,0.000000e+00,0.000000e+00,0.000000e+00,0.000000e+00
1.000000e+00,0.000000e+00,0.000000e+00,0.000000e+00,0.000000e+00,0.000000e+00,0.000000e+00,0.000000e+00,0.000000e+00,0.000000e+00,0.000000e+00,0.000000e+00,0.000000e+00,0.000000e+00,0.000000e+00
1.000000e+00,0.000000e+00,0.000000e+00,0.000000e+00,0.000000e+00,0.000000e+00,0.000000e+00,0.000000e+00,0.000000e+00,0.000000e+00,0.000000e+00,0.000000e+00,0.000000e+00,0.000000e+00,0.000000e+00
1.000000e+00,0.000000e+00,0.000000e+00,0.000000e+00,0.000000e+00,0.000000e+00,0.000000e+00,0.000000e+00,0.000000e+00,0.000000e+00,0.000000e+00,0.000000e+00,0.000000e+00,0.000000e+00,0.000000e+00
1.000000e+00,0.000000e+00,0.000000e+00,0.000000e+00,0.000000e+00,0.000000e+00,0.000000e+00,0.000000e+00,0.000000e+00,0.000000e+00,0.000000e+00,0.000000e+00,0.000000e+00,0.000000e+00,0.000000e+00
1.000000e+00,0.000000e+00,0.000000e+00,0.000000e+00,0.000000e+00,0.000000e+00,0.000000e+00,0.000000e+00,0.000000e+00,0.000000e+00,0.000000e+00,0.000000e+00,0.000000e+00,0.000000e+00,0.000000e+00
1.000000e+00,0.000000e+00,0.000000e+00,0.000000e+00,0.000000e+00,0.000000e+00,0.000000e+00,0.000000e+00,0.000000e+00,0.000000e+00,0.000000e+00,0.000000e+00,0.000000e+00,0.000000e+00,0.000000e+00
1.000000e+00,0.000000e+00,0.000000e+00,0.000000e+00,0.000000e+00,0.000000e+00,0.000000e+00,0.000000e+00,0.000000e+00,0.000000e+00,0.000000e+00,0.000000e+00,0.000000e+00,0.000000e+00,0.000000e+00
1.000000e+00,0.000000e+00,0.000000e+00,0.000000e+00,0.000000e+00,0.000000e+00,0.000000e+00,0.000000e+00,0.000000e+00,0.000000e+00,0.000000e+00,0.000000e+00,0.000000e+00,0.000000e+00,0.000000e+00
1.000000e+00,0.000000e+00,0.000000e+00,0.000000e+00,0.000000e+00,0.000000e+00,0.000000e+00,0.000000e+00,0.000000e+00,0.000000e+00,0.000000e+00,0.000000e+00,0.000000e+00,0.000000e+00,0.000000e+00
1.000000e+00,0.000000e+00,0.000000e+00,0.000000e+00,0.000000e+00,0.000000e+00,0.000000e+00,0.000000e+00,0.000000e+00,0.000000e+00,0.000000e+00,0.000000e+00,0.000000e+00,0.000000e+00,0.000000e+00
1.000000e+00,0.000000e+00,0.000000e+00,0.000000e+00,0.000000e+00,0.000000e+00,0.000000e+00,0.000000e+00,0.000000e+00,0.000000e+00,0.000000e+00,0.000000e+00,0.000000e+00,0.000000e+00,0.000000e+00
1.000000e+00,0.000000e+00,0.000000e+00,0.000000e+00,0.000000e+00,0.000000e+00,0.000000e+00,0.000000e+00,0.000000e+00,0.000000e+00,0.000000e+00,0.000000e+00,0.000000e+00,0.000000e+00,0.000000e+00
1.000000e+00,0.000000e+00,0.000000e+00,0.000000e+00,0.000000e+00,0.000000e+00,0.000000e+00,0.000000e+00,0.000000e+00,0.000000e+00,0.000000e+00,0.000000e+00,0.000000e+00,0.000000e+00,0.000000e+00
1.000000e+00,0.000000e+00,0.000000e+00,0.000000e+00,0.000000e+00,0.000000e+00,0.000000e+00,0.000000e+00,0.000000e+00,0.000000e+00,0.000000e+00,0.000000e+00,0.000000e+00,0.000000e+00,0.000000e+00
1.000000e+00,0.000000e+00,0.000000e+00,0.000000e+00,0.000000e+00,0.000000e+00,0.000000e+00,0.000000e+00,0.000000e+00,0.000000e+00,0.000000e+00,0.000000e+00,0.000000e+00,0.000000e+00,0.000000e+00
1.000000e+00,0.000000e+00,0.000000e+00,0.000000e+00,0.000000e+00,0.000000e+00,0.000000e+00,0.000000e+00,0.000000e+00,0.000000e+00,0.000000e+00,0.000000e+00,0.000000e+00,0.000000e+00,0.000000e+00
1.000000e+00,0.000000e+00,0.000000e+00,0.000000e+00,0.000000e+00,0.000000e+00,0.000000e+00,0.000000e+00,0.000000e+00,0.000000e+00,0.000000e+00,0.000000e+00,0.000000e+00,0.000000e+00,0.000000e+00
1.000000e+00,0.000000e+00,0.000000e+00,0.000000e+00,0.000000e+00,0.000000e+00,0.000000e+00,0.000000e+00,0.000000e+00,0.000000e+00,0.000000e+00,0.000000e+00,0.000000e+00,0.000000e+00,0.000000e+00
1.000000e+00,0.000000e+00,0.000000e+00,0.000000e+00,0.000000e+00,0.000000e+00,0.000000e+00,0.000000e+00,0.000000e+00,0.000000e+00,0.000000e+00,0.000000e+00,0.000000e+00,0.000000e+00,0.000000e+00
4.432990e-01,1.829041e-02,9.260507e-03,3.078119e-02,1.060745e-02,1.987563e-01,2.661791e-02,7.282420e-03,5.382615e-03,1.473879e-03,5.441891e-03,3.557118e-02,1.926978e-01,2.077114e-03,1.246036e-02
4.224243e-01,1.649271e-02,1.035059e-02,2.345784e-02,1.005080e-02,2.798490e-01,2.281944e-02,7.302246e-03,4.491339e-03,1.186877e-03,4.567266e-03,2.893859e-02,1.563255e-01,1.696388e-03,1.004710e-02
3.913645e-01,1.376216e-02,8.538647e-03,1.846500e-02,8.632301e-03,3.707920e-01,2.100632e-02,6.890099e-03,4.230051e-03,9.101183e-04,3.777699e-03,2.280826e-02,1.191719e-01,1.433108e-03,8.217890e-03
3.316264e-01,1.089620e-02,7.310302e-03,1.394827e-02,7.009753e-03,4.777166e-01,2.055041e-02,6.527449e-03,4.026536e-03,6.751461e-04,2.940387e-03,1.677025e-02,9.234867e-02,1.158092e-03,6.495618e-03
2.670507e-01,9.240190e-03,8.123909e-03,1.084944e-02,5.551879e-03,5.742188e-01,1.889670e-02,6.778092e-03,3.569267e-03,4.923583e-04,2.376430e-03,1.287632e-02,7.365497e-02,9.037565e-04,5.417161e-03
2.061749e-01,7.574583e-03,1.184886e-02,7.828079e-03,4.572550e-03,6.473588e-01,2.592575e-02,6.477983e-03,2.648743e-03,3.606962e-04,1.733133e-03,9.245439e-03,6.336606e-02,6.603295e-04,4.224176e-03
1.623994e-01,5.829951e-03,1.024173e-02,5.724458e-03,3.428175e-03,7.142929e-01,2.575113e-02,5.648301e-03,1.969422e-03,2.727608e-04,1.293308e-03,6.704049e-03,5.270194e-02,4.792911e-04,3.263251e-03
1.559189e-01,4.477940e-03,8.075357e-03,4.459182e-03,2.701816e-03,7.433834e-01,2.126492e-02,5.283043e-03,1.556851e-03,2.179419e-04,1.087936e-03,5.895570e-03,4.251810e-02,3.625124e-04,2.796478e-03
1.716680e-01,3.454533e-03,6.392958e-03,3.630344e-03,2.221894e-03,7.432866e-01,1.831137e-02,5.087986e-03,1.287330e-03,1.809146e-04,1.014557e-03,5.470216e-03,3.514776e-02,2.815682e-04,2.564078e-03
2.399125e-01,3.008418e-03,5.557163e-03,3.726383e-03,2.411852e-03,6.709702e-01,1.936965e-02,6.087696e-03,1.375975e-03,2.082902e-04,1.141638e-03,7.832011e-03,3.488986e-02,2.498640e-04,3.258437e-03
3.826789e-01,3.375636e-03,5.343009e-03,4.474122e-03,3.190328e-03,5.198529e-01,2.181250e-02,9.200837e-03,1.362094e-03,2.451109e-04,1.422934e-03,1.056984e-02,3.134919e-02,2.836228e-04,4.838925e-03
3.964635e-01,4.029060e-03,5.848992e-03,6.726004e-03,4.311425e-03,4.462966e-01,4.385875e-02,1.537191e-02,1.566212e-03,4.736983e-04,1.725992e-03,1.350831e-02,5.133929e-02,3.508879e-04,8.129305e-03
3.236311e-01,3.764263e-03,5.237191e-03,9.525517e-03,3.576964e-03,4.619589e-01,4.233763e-02,1.250936e-02,1.987118e-03,1.074634e-03,3.765643e-03,3.833640e-02,8.185025e-02,5.527395e-04,9.892236e-03
2.278310e-01,3.054698e-03,3.771703e-03,7.958455e-03,2.790518e-03,4.257544e-01,3.128939e-02,8.955564e-03,1.589986e-03,9.182498e-04,2.771803e-03,2.767978e-02,2.472640e-01,3.952456e-04,7.975167e-03
1.602818e-01,5.216204e-03,2.881150e-03,6.921750e-03,2.513487e-03,3.024884e-01,2.334148e-02,6.335762e-03,6.978036e-03,9.968358e-04,2.093549e-03,2.021097e-02,4.488450e-01,2.918047e-04,1.060372e-02
1.123075e-01,3.686172e-03,2.025292e-03,5.035224e-03,1.803368e-03,2.156830e-01,1.647244e-02,4.452163e-03,5.049498e-03,7.499966e-04,1.628349e-03,1.455686e-02,6.080670e-01,2.125431e-04,8.270435e-03
7.888728e-02,2.678194e-03,1.427631e-03,3.588768e-03,1.353914e-03,1.525174e-01,1.177259e-02,3.145673e-03,3.944268e-03,5.928639e-04,1.299477e-03,1.201489e-02,7.203051e-01,1.526692e-04,6.319231e-03
5.531812e-02,2.066988e-03,1.190849e-03,2.683762e-03,1.191790e-03,1.072416e-01,8.391612e-03,2.235336e-03,3.366987e-03,5.529773e-04,1.154800e-03,9.981154e-03,7.988349e-01,1.247686e-04,5.664345e-03
3.915863e-02,1.648884e-03,1.065119e-03,2.056225e-03,1.261760e-03,8.186555e-02,6.705161e-03,1.675225e-03,2.738077e-03,5.832046e-04,1.361061e-03,1.071149e-02,8.387820e-01,1.623936e-04,1.022517e-02
2.950623e-02,3.014263e-03,1.731844e-03,4.707322e-03,3.625814e-03,6.772360e-02,4.882078e-03,1.733636e-03,4.762362e-03,7.875586e-04,4.389488e-03,2.011554e-02,8.417230e-01,7.850340e-04,1.051217e-02
2.147406e-02,3.752450e-03,2.469084e-03,4.083155e-03,2.208373e-02,4.954617e-02,4.045826e-03,2.417164e-03,3.565853e-02,1.252415e-03,6.192262e-03,4.295861e-02,7.878124e-01,7.754032e-04,1.547872e-02
1.629869e-02,4.223939e-03,5.117378e-03,4.375721e-03,2.011060e-02,3.785783e-02,3.352640e-03,3.359183e-03,4.131721e-02,2.151513e-03,8.842589e-03,7.366597e-02,7.608029e-01,1.162803e-03,1.736096e-02
1.745827e-02,5.537650e-03,1.097757e-02,9.207630e-02,2.531675e-02,3.398264e-02,2.748500e-03,7.142403e-03,5.627512e-02,2.860613e-03,1.802494e-02,6.011330e-02,6.515348e-01,1.520387e-03,1.443071e-02
2.085638e-02,9.892992e-03,1.209864e-02,7.064359e-02,2.524014e-02,6.730723e-02,2.732785e-03,9.467590e-03,1.360548e-01,3.591123e-03,2.095466e-02,5.622111e-02,5.271167e-01,1.964782e-03,3.585753e-02
2.193172e-02,1.441114e-02,1.412279e-02,6.313094e-02,3.257483e-02,8.045937e-02,5.540314e-03,1.948189e-02,2.579753e-01,4.985063e-03,1.831356e-02,4.866737e-02,3.830319e-01,3.236315e-03,3.213743e-02
2.208528e-02,2.493819e-02,2.147363e-02,5.917543e-02,2.603578e-02,9.920794e-02,4.366282e-03,1.531574e-02,3.356103e-01,4.765663e-03,3.769550e-02,4.386985e-02,2.746957e-01,2.571738e-03,2.819294e-02
4.332022e-02,2.788853e-02,1.656650e-02,4.616104e-02,2.337220e-02,1.082001e-01,4.057303e-03,1.500809e-02,3.590877e-01,6.694561e-03,4.290463e-02,3.898286e-02,2.125636e-01,2.713624e-03,5.247900e-02
6.345539e-02,5.688909e-02,1.362111e-02,4.315073e-02,2.298611e-02,9.158173e-02,3.312024e-03,1.203286e-02,3.777404e-01,8.813547e-03,3.634918e-02,2.887098e-02,1.598666e-01,2.690309e-03,7.863981e-02
6.581792e-02,6.578257e-02,1.979069e-02,6.306176e-02,1.813350e-02,7.396385e-02,2.582146e-03,1.148159e-02,4.188557e-01,1.067362e-02,2.794330e-02,2.135568e-02,1.171810e-01,2.598465e-03,8.077823e-02
1.029255e-01,7.211001e-02,1.768388e-02,5.554173e-02,1.791154e-02,6.554452e-02,2.276472e-03,1.008620e-02,3.550173e-01,1.380402e-02,2.129562e-02,1.704264e-02,9.352370e-02,5.561422e-03,1.496754e-01
1.394542e-01,7.097081e-02,2.548249e-02,7.532331e-02,1.712456e-02,9.482702e-02,1.987253e-03,1.749432e-02,3.035423e-01,1.442749e-02,1.764137e-02,1.352367e-02,6.927940e-02,5.210385e-03,1.337114e-01
1.943612e-01,7.073242e-02,2.731407e-02,6.641712e-02,1.935464e-02,1.004607e-01,1.926811e-03,2.973592e-02,2.411457e-01,1.588882e-02,1.565635e-02,1.225955e-02,6.317075e-02,6.952720e-03,1.346232e-01
2.155027e-01,6.781995e-02,3.078461e-02,5.115867e-02,2.470317e-02,1.121193e-01,2.084247e-03,3.366195e-02,1.981171e-01,2.184836e-02,1.407831e-02,9.953774e-03,5.467355e-02,6.982535e-03,1.565118e-01
1.854246e-01,5.600341e-02,3.191776e-02,3.817962e-02,2.167858e-02,9.755888e-02,1.659692e-03,2.676981e-02,1.529970e-01,3.260075e-02,1.177411e-02,7.724233e-03,4.299871e-02,7.251279e-03,2.854615e-01
1.604464e-01,7.935749e-02,2.677715e-02,4.481331e-02,1.772949e-02,7.089224e-02,1.623951e-03,1.954951e-02,1.331985e-01,3.463231e-02,9.497122e-03,8.012727e-03,3.414229e-02,5.506892e-03,3.538207e-01
1.954542e-01,8.785591e-02,2.555838e-02,6.313525e-02,1.624037e-02,5.570989e-02,1.837113e-03,1.480208e-02,1.191273e-01,3.207316e-02,8.072192e-03,1.015786e-02,2.663480e-02,4.531415e-03,3.388101e-01
3.026875e-01,7.369391e-02,2.013005e-02,5.361025e-02,1.778504e-02,4.395241e-02,2.165206e-03,1.194314e-02,1.101375e-01,2.795458e-02,7.540721e-03,1.312055e-02,2.236866e-02,5.306776e-03,2.876038e-01
3.820976e-01,7.024409e-02,1.738317e-02,4.246598e-02,2.731071e-02,3.765795e-02,2.202387e-03,1.027745e-02,1.178677e-01,2.445841e-02,7.843376e-03,1.209438e-02,1.765547e-02,5.915732e-03,2.245256e-01
3.834460e-01,8.011009e-02,1.926696e-02,4.444221e-02,3.625570e-02,3.254184e-02,3.122603e-03,1.275327e-02,1.058669e-01,2.607918e-02,7.645224e-03,1.068967e-02,1.377266e-02,6.953424e-03,2.170542e-01
4.132308e-01,8.170000e-02,2.835725e-02,4.169620e-02,3.760823e-02,2.771427e-02,3.203258e-03,1.238227e-02,9.146044e-02,3.901532e-02,7.274230e-03,8.780216e-03,1.108439e-02,7.397647e-03,1.890956e-01
4.425560e-01,8.767460e-02,3.001094e-02,5.160786e-02,4.474764e-02,2.775101e-02,4.145501e-03,1.442050e-02,8.209822e-02,3.373749e-02,7.264019e-03,8.329665e-03,1.060569e-02,8.271799e-03,1.467791e-01
1.000000e+00,0.000000e+00,0.000000e+00,0.000000e+00,0.000000e+00,0.000000e+00,0.000000e+00,0.000000e+00,0.000000e+00,0.000000e+00,0.000000e+00,0.000000e+00,0.000000e+00,0.000000e+00,0.000000e+00
3.858137e-01,1.799580e-01,3.103720e-02,9.840743e-02,7.669470e-02,1.752482e-02,3.613896e-03,1.376824e-02,5.511642e-02,1.839927e-02,8.343459e-03,7.885659e-03,1.086633e-02,1.197969e-02,8.059127e-02
3.268833e-01,2.035208e-01,3.524563e-02,8.029860e-02,7.000968e-02,1.720798e-02,3.312096e-03,1.041539e-02,9.186209e-02,1.550828e-02,1.609782e-02,7.529199e-03,1.358100e-02,2.276631e-02,8.576183e-02
2.651773e-01,1.705540e-01,2.642336e-02,1.063847e-01,7.111426e-02,1.384412e-02,2.689572e-03,1.026143e-02,1.351448e-01,1.188076e-02,3.824332e-02,1.284033e-02,3.035658e-02,3.469150e-02,7.039390e-02
2.190576e-01,1.239903e-01,2.100641e-02,8.319131e-02,5.341083e-02,1.054738e-02,2.083286e-03,7.711510e-03,1.137850e-01,1.010292e-02,3.735885e-02,1.709052e-02,3.249327e-02,2.132740e-01,5.489679e-02
1.598089e-01,8.775561e-02,1.544434e-02,5.886383e-02,3.786261e-02,8.096642e-03,1.495895e-03,5.502401e-03,8.851890e-02,7.961316e-03,3.097562e-02,1.262578e-02,2.414081e-02,4.153987e-01,4.554871e-02
1.408317e-01,6.414583e-02,1.501011e-02,4.274793e-02,3.128390e-02,7.552505e-03,1.280674e-03,4.064484e-03,1.382901e-01,7.659011e-03,3.937863e-02,9.992095e-03,2.158136e-02,4.311045e-01,4.507715e-02
1.084291e-01,4.600038e-02,1.152691e-02,3.023170e-02,2.260821e-02,6.119191e-03,9.697598e-04,2.924946e-03,1.397354e-01,1.038394e-02,3.272125e-02,7.282486e-03,1.598318e-02,5.106406e-01,5.444288e-02
1.045753e-01,3.779306e-02,1.606188e-02,2.612369e-02,2.231346e-02,7.267103e-03,1.149576e-03,3.251734e-03,2.133242e-01,1.935543e-02,3.447511e-02,6.167687e-03,1.455227e-02,4.401137e-01,5.347573e-02
8.042225e-02,2.863859e-02,1.858147e-02,1.976902e-02,1.830712e-02,5.506445e-03,1.005392e-03,2.573815e-03,2.200378e-01,2.506869e-02,4.036718e-02,5.061683e-03,1.285492e-02,4.150761e-01,1.067295e-01
6.385732e-02,2.120133e-02,1.490880e-02,1.558090e-02,1.974478e-02,4.664845e-03,1.158558e-03,2.438535e-03,2.416646e-01,4.326734e-02,4.471441e-02,3.960537e-03,1.156869e-02,3.531948e-01,1.580745e-01
6.267992e-02,1.730115e-02,1.659559e-02,1.497370e-02,3.182618e-02,8.599482e-03,1.605031e-03,7.687058e-03,2.100371e-01,4.759111e-02,4.182237e-02,3.206886e-03,1.088272e-02,3.803722e-01,1.448195e-01
7.193334e-02,1.496445e-02,2.455887e-02,1.638749e-02,3.628016e-02,1.056585e-02,2.804792e-03,1.528213e-02,1.807519e-01,5.459161e-02,3.926473e-02,2.983255e-03,1.411322e-02,3.298972e-01,1.856210e-01
1.123708e-01,1.440469e-02,4.223988e-02,1.984908e-02,4.002187e-02,2.440589e-02,1.211711e-02,7.180544e-02,1.403815e-01,4.284507e-02,4.134341e-02,9.718800e-03,2.877998e-02,2.386602e-01,1.610563e-01
1.818601e-01,2.039670e-02,6.021246e-02,1.721166e-02,4.087117e-02,3.213561e-02,1.266618e-02,7.395731e-02,1.125586e-01,3.394456e-02,3.802068e-02,1.209486e-02,3.080383e-02,1.821459e-01,1.511203e-01
1.458144e-01,2.877300e-02,8.389135e-02,1.382234e-02,4.981630e-02,2.721480e-02,1.025771e-02,5.828437e-02,1.931165e-01,2.512446e-02,3.448176e-02,1.154945e-02,3.180807e-02,1.329924e-01,1.530531e-01
1.376357e-01,3.352968e-02,9.574603e-02,1.556264e-02,8.577085e-02,2.945029e-02,1.107271e-02,5.167698e-02,1.866152e-01,2.095929e-02,2.747259e-02,1.210800e-02,3.046724e-02,9.745846e-02,1.644744e-01
1.302672e-01,4.283532e-02,1.079102e-01,1.766833e-02,1.274820e-01,2.665217e-02,1.194536e-02,4.644474e-02,1.616664e-01,1.604609e-02,2.086596e-02,1.009084e-02,2.843921e-02,7.316143e-02,1.785247e-01
1.151493e-01,6.960379e-02,1.265352e-01,1.225052e-01,1.129395e-01,2.223741e-02,9.656208e-03,4.111231e-02,1.239631e-01,1.306268e-02,1.660870e-02,8.912480e-03,2.239107e-02,5.231190e-02,1.430113e-01
1.232593e-01,6.168122e-02,1.833886e-01,1.334095e-01,1.163087e-01,2.208523e-02,1.664897e-02,4.335918e-02,9.957501e-02,1.078024e-02,1.499644e-02,9.313516e-03,2.141247e-02,3.819467e-02,1.055869e-01
1.060416e-01,4.458362e-02,2.395201e-01,1.073604e-01,1.069231e-01,1.809713e-02,2.229735e-02,1.318399e-01,7.453535e-02,8.253455e-03,1.165958e-02,7.115623e-03,1.921438e-02,2.712280e-02,7.543557e-02
1.194670e-01,3.696657e-02,2.134573e-01,7.734625e-02,9.304649e-02,1.549953e-02,4.853756e-02,2.034570e-01,6.586295e-02,7.915750e-03,8.815559e-03,5.677832e-03,2.323186e-02,1.962507e-02,6.109329e-02
1.388900e-01,3.562726e-02,1.778273e-01,5.684144e-02,8.626675e-02,1.539543e-02,1.129912e-01,1.807993e-01,6.719106e-02,8.503752e-03,6.761837e-03,6.491460e-03,3.652106e-02,1.533519e-02,5.455694e-02
1.771868e-01,3.694135e-02,1.272949e-01,4.182538e-02,8.630687e-02,1.665384e-02,1.295030e-01,1.788022e-01,8.806776e-02,8.938564e-03,5.970736e-03,6.952285e-03,3.676081e-02,1.310949e-02,4.568592e-02
1.837682e-01,3.006111e-02,9.046287e-02,3.020817e-02,6.423137e-02,2.691681e-02,2.457235e-01,1.429167e-01,7.530773e-02,8.298648e-03,4.754945e-03,6.716244e-03,4.597677e-02,9.568911e-03,3.508807e-02
2.071022e-01,2.324599e-02,6.410342e-02,2.181772e-02,4.769294e-02,2.590232e-02,3.559827e-01,1.073366e-01,6.022145e-02,7.134420e-03,3.887155e-03,6.462090e-03,3.560622e-02,7.048996e-03,2.645582e-02
2.409996e-01,2.209831e-02,4.735821e-02,1.648943e-02,3.678346e-02,2.398608e-02,3.934117e-01,8.924521e-02,4.873382e-02,6.683048e-03,4.021503e-03,6.426351e-03,3.662682e-02,5.597422e-03,2.153903e-02
2.585074e-01,2.703585e-02,3.584180e-02,1.243376e-02,2.902856e-02,2.014476e-02,4.192241e-01,8.065131e-02,4.602070e-02,5.812717e-03,3.562382e-03,5.586676e-03,3.397036e-02,4.471523e-03,1.770813e-02
2.599744e-01,2.164904e-02,2.686536e-02,9.099086e-03,2.136881e-02,1.859692e-02,4.709485e-01,7.637504e-02,3.455347e-02,5.446156e-03,3.357633e-03,5.830841e-03,2.803867e-02,3.623945e-03,1.427205e-02
2.424232e-01,1.619239e-02,2.197459e-02,7.827290e-03,1.854318e-02,1.648438e-02,5.225253e-01,7.198776e-02,2.652089e-02,6.030894e-03,3.525124e-03,5.618318e-03,2.428871e-02,3.465016e-03,1.259298e-02
2.383343e-01,1.254092e-02,1.980706e-02,6.504850e-03,1.997651e-02,1.571436e-02,5.431585e-01,6.273944e-02,2.055580e-02,8.962560e-03,5.053728e-03,5.689917e-03,2.216251e-02,5.485157e-03,1.331438e-02
2.293141e-01,9.325849e-03,2.130783e-02,5.122086e-03,2.064830e-02,1.646487e-02,5.674630e-01,5.156137e-02,1.495730e-02,1.581824e-02,4.766509e-03,5.134908e-03,1.712084e-02,6.133399e-03,1.486140e-02
2.622953e-01,7.045218e-03,2.402028e-02,4.172546e-03,2.002198e-02,1.663804e-02,5.514116e-01,4.158420e-02,1.107980e-02,1.989107e-02,4.347170e-03,4.712732e-03,1.311610e-02,5.616774e-03,1.404724e-02
2.415620e-01,5.442061e-03,1.958487e-02,3.227362e-03,1.753877e-02,1.423592e-02,6.023194e-01,3.315723e-02,8.274329e-03,1.794866e-02,3.952354e-03,3.845772e-03,9.868915e-03,4.664739e-03,1.437763e-02
2.129563e-01,6.538060e-03,2.111409e-02,6.304707e-03,1.798037e-02,1.674649e-02,4.941924e-01,2.588968e-02,9.168738e-03,8.748169e-02,1.645871e-02,7.892332e-03,1.250365e-02,7.320421e-03,5.745237e-02
1.555757e-01,6.620687e-03,1.659475e-02,7.377833e-03,1.483730e-02,1.316927e-02,3.560006e-01,1.965819e-02,8.900249e-03,2.046707e-01,1.951338e-02,7.434038e-03,1.182417e-02,9.473309e-03,1.483498e-01
1.536181e-01,1.982346e-02,1.464191e-02,1.166048e-02,1.210811e-02,1.810983e-02,2.665915e-01,1.672393e-02,1.533638e-02,1.831843e-01,3.695901e-02,1.468325e-02,8.060592e-02,9.634629e-03,1.463193e-01
1.306867e-01,2.655615e-02,1.402277e-02,1.517620e-02,9.917498e-03,2.135035e-02,2.000564e-01,1.332884e-02,5.102450e-02,1.466640e-01,3.534155e-02,2.162064e-02,1.804795e-01,8.584078e-03,1.251909e-01
9.798235e-02,2.755071e-02,1.149327e-02,2.484515e-02,8.805441e-03,1.988553e-02,1.428975e-01,1.034428e-02,2.620765e-01,1.044116e-01,2.615614e-02,2.240122e-02,1.413211e-01,7.771915e-03,9.205730e-02
8.088291e-02,2.117337e-02,8.727959e-03,3.632903e-02,7.434912e-03,1.994708e-02,1.003911e-01,7.614593e-03,2.017191e-01,7.349637e-02,2.999435e-02,6.866771e-02,2.640024e-01,8.023184e-03,7.159592e-02
8.174281e-02,1.559019e-02,6.364712e-03,3.101161e-02,7.396946e-03,1.665271e-02,7.056545e-02,5.612341e-03,1.770359e-01,5.160085e-02,2.735522e-02,9.329337e-02,3.559453e-01,5.864731e-03,5.396789e-02
7.679678e-02,4.344505e-02,1.043442e-02,8.305327e-02,2.085033e-02,1.696317e-02,5.024216e-02,5.061150e-03,1.755140e-01,3.909115e-02,2.385509e-02,8.129463e-02,3.100314e-01,7.188560e-03,5.617875e-02
1.063442e-01,5.436353e-02,9.918196e-03,7.975405e-02,2.163999e-02,3.314743e-02,3.586403e-02,4.983100e-03,1.863398e-01,3.030314e-02,2.735462e-02,6.719603e-02,2.809315e-01,6.964990e-03,5.489534e-02
1.828601e-01,4.980857e-02,8.583639e-03,6.419735e-02,2.126115e-02,5.463555e-02,2.644872e-02,4.894078e-03,2.116488e-01,2.251791e-02,2.493325e-02,5.389101e-02,2.171860e-01,7.142808e-03,4.999110e-02
1.651274e-01,6.313168e-02,6.392284e-03,4.658319e-02,1.960506e-02,5.395214e-02,1.908643e-02,3.622545e-03,3.321856e-01,1.608446e-02,2.144676e-02,4.240556e-02,1.660242e-01,5.182397e-03,3.917029e-02
1.513188e-01,9.653933e-02,4.862635e-03,3.622896e-02,2.022576e-02,5.107575e-02,1.376025e-02,2.744223e-03,4.070969e-01,1.177710e-02,1.715442e-02,3.147968e-02,1.216550e-01,3.707281e-03,3.037386e-02
2.507091e-01,7.669793e-02,4.930702e-03,5.532053e-02,1.743158e-02,5.651430e-02,1.050446e-02,4.025824e-03,3.237266e-01,9.474899e-03,1.812037e-02,4.499021e-02,9.471808e-02,3.021744e-03,2.981370e-02
2.022485e-01,5.569636e-02,5.257805e-03,1.495314e-01,3.022039e-02,5.196007e-02,7.648258e-03,4.011221e-03,2.516600e-01,7.538357e-03,8.267890e-02,4.522026e-02,8.088029e-02,2.341502e-03,2.310676e-02
1.540944e-01,3.946096e-02,4.140671e-03,1.371956e-01,2.504777e-02,4.157098e-02,5.529744e-03,2.956562e-03,1.804796e-01,1.312719e-02,2.003068e-01,5.997863e-02,1.134173e-01,3.031384e-03,1.966241e-02
1.130894e-01,2.824936e-02,3.170900e-03,1.072936e-01,3.219029e-02,2.981984e-02,4.202196e-03,3.553823e-03,1.393959e-01,1.048479e-02,2.538681e-01,4.560360e-02,2.098373e-01,4.013904e-03,1.522711e-02
8.239815e-02,2.037865e-02,2.355058e-03,8.107022e-02,4.089078e-02,2.140264e-02,3.224414e-03,2.972624e-03,1.111518e-01,9.199090e-03,3.456999e-01,3.450569e-02,2.239593e-01,9.324320e-03,1.146731e-02
7.410362e-02,1.513340e-02,2.933622e-03,6.309156e-02,4.067522e-02,1.546855e-02,2.338957e-03,3.177969e-03,8.667845e-02,9.649176e-03,4.049820e-01,2.838371e-02,1.807713e-01,6.278302e-02,9.829508e-03
7.015280e-02,1.246711e-02,6.814126e-03,4.839350e-02,3.624907e-02,1.162933e-02,1.745275e-03,2.920232e-03,6.716698e-02,9.492768e-03,4.365733e-01,2.274333e-02,1.348645e-01,1.280297e-01,1.075804e-02
1.207720e-01,1.132466e-02,2.940721e-02,4.598558e-02,3.023130e-02,1.005646e-02,2.629440e-03,6.641415e-03,8.686262e-02,1.227736e-02,3.902640e-01,2.104893e-02,1.009337e-01,1.192401e-01,1.232523e-02
1.135584e-01,1.838196e-02,8.340788e-02,5.758936e-02,2.759615e-02,2.001782e-02,2.159882e-03,8.648552e-03,1.079112e-01,1.284846e-02,3.313545e-01,1.589078e-02,7.289912e-02,1.129701e-01,1.476576e-02
1.246092e-01,1.938523e-02,8.758955e-02,5.489612e-02,2.396980e-02,5.249719e-02,2.412378e-03,1.339011e-02,1.183693e-01,1.760424e-02,2.891344e-01,1.435289e-02,5.590778e-02,1.102613e-01,1.562055e-02
1.086122e-01,5.666096e-02,1.176618e-01,1.775709e-01,2.284052e-02,4.276452e-02,2.229757e-03,1.131553e-02,9.088427e-02,1.343404e-02,2.096177e-01,1.157748e-02,4.037578e-02,7.916985e-02,1.528472e-02
1.055462e-01,4.482704e-02,1.106038e-01,2.135434e-01,1.934401e-02,3.277586e-02,1.819187e-03,9.405012e-03,7.198605e-02,1.267433e-02,2.575705e-01,1.108185e-02,3.200463e-02,6.310731e-02,1.371080e-02
1.296498e-01,3.646972e-02,8.908668e-02,1.726975e-01,2.572223e-02,2.611428e-02,1.769946e-03,1.191317e-02,5.632523e-02,1.486459e-02,3.130249e-01,1.304433e-02,2.972674e-02,6.659599e-02,1.299483e-02
2.076204e-01,3.133580e-02,6.831677e-02,1.501833e-01,2.803893e-02,2.807814e-02,2.404585e-03,1.089568e-02,5.224659e-02,1.839134e-02,2.849743e-01,1.976046e-02,2.680492e-02,5.588361e-02,1.506515e-02
2.010261e-01,2.347791e-02,5.565898e-02,1.338356e-01,3.962570e-02,2.340864e-02,2.145398e-03,1.579105e-02,4.470938e-02,2.255346e-02,2.803332e-01,2.207195e-02,2.196573e-02,6.395563e-02,4.944140e-02
2.095502e-01,1.769148e-02,4.356634e-02,1.037779e-01,7.468624e-02,2.348244e-02,2.417336e-03,1.651299e-02,3.507677e-02,3.397664e-02,2.364220e-01,2.121584e-02,2.086679e-02,5.635076e-02,1.044062e-01
2.769055e-01,1.482820e-02,5.621398e-02,8.750961e-02,9.300540e-02,1.956928e-02,2.362864e-03,1.687160e-02,3.002644e-02,3.495733e-02,2.069855e-01,1.932149e-02,1.780426e-02,4.433183e-02,7.930674e-02
2.379215e-01,1.544097e-02,1.497553e-01,6.958317e-02,1.233847e-01,1.536982e-02,2.222362e-03,2.518004e-02,3.193529e-02,4.228877e-02,1.623803e-01,1.608578e-02,1.357172e-02,3.820674e-02,5.667345e-02
1.809942e-01,1.151490e-02,1.910259e-01,2.322517e-01,9.198484e-02,1.183111e-02,1.677657e-03,1.891423e-02,2.418592e-02,3.008015e-02,1.175690e-01,1.142428e-02,9.764233e-03,2.695244e-02,3.982952e-02
1.507646e-01,8.774167e-03,3.184874e-01,2.270684e-01,7.458609e-02,9.430294e-03,1.381329e-03,1.417911e-02,1.822031e-02,2.209843e-02,9.148777e-02,8.326872e-03,7.458895e-03,1.961399e-02,2.812225e-02
1.326517e-01,9.291412e-03,4.486058e-01,1.758211e-01,6.000618e-02,9.147079e-03,1.037980e-03,1.048782e-02,1.576754e-02,2.009193e-02,6.846333e-02,6.159174e-03,5.715253e-03,1.491348e-02,2.184010e-02
1.172142e-01,1.073661e-02,5.156637e-01,1.747152e-01,4.850729e-02,8.052683e-03,9.581138e-04,8.017259e-03,1.401923e-02,1.496227e-02,5.064004e-02,4.517830e-03,4.345729e-03,1.088273e-02,1.676699e-02
9.404124e-02,1.072219e-02,6.126455e-01,1.427611e-01,3.997549e-02,6.637128e-03,1.027560e-03,5.963302e-03,1.166627e-02,1.153244e-02,3.627147e-02,3.285902e-03,3.251318e-03,7.829731e-03,1.238934e-02
1.326416e-01,1.370976e-02,6.053791e-01,1.083988e-01,4.592159e-02,1.349601e-02,2.026191e-03,4.608149e-03,9.825087e-03,1.321468e-02,2.793994e-02,3.010918e-03,3.594577e-03,5.980488e-03,1.025300e-02
1.739412e-01,2.390109e-02,5.606581e-01,8.877674e-02,6.080319e-02,2.120813e-02,2.361523e-03,4.032512e-03,8.793885e-03,1.554159e-02,2.091499e-02,2.872206e-03,3.903898e-03,4.382914e-03,7.908032e-03
1.677942e-01,5.809300e-02,4.527793e-01,1.731150e-01,5.894256e-02,2.903160e-02,2.843025e-03,5.730089e-03,7.562128e-03,1.151601e-02,1.662973e-02,2.883715e-03,3.406240e-03,3.449979e-03,6.223424e-03
1.579635e-01,4.591450e-02,3.368193e-01,1.621780e-01,1.083063e-01,2.336988e-02,2.778480e-03,1.192407e-01,6.219793e-03,8.133858e-03,1.464379e-02,2.969188e-03,4.130414e-03,2.799698e-03,4.532543e-03
1.388047e-01,3.298114e-02,2.424140e-01,1.189689e-01,1.177575e-01,1.816601e-02,2.519051e-03,2.943484e-01,4.594642e-03,5.755752e-03,1.161282e-02,2.520656e-03,4.076877e-03,2.115783e-03,3.363649e-03
1.101936e-01,2.356332e-02,1.743366e-01,8.431181e-02,8.946443e-02,1.319677e-02,2.412174e-03,4.772031e-01,3.374758e-03,4.115995e-03,8.731753e-03,1.852447e-03,3.200119e-03,1.513842e-03,2.529270e-03
9.501062e-02,1.713527e-02,1.275623e-01,6.005812e-02,6.872024e-02,9.687700e-03,3.658773e-03,5.977536e-01,2.662900e-03,3.372787e-03,7.204249e-03,1.434668e-03,2.616149e-03,1.096467e-03,2.026113e-03
8.621444e-02,1.225700e-02,9.018937e-02,4.267479e-02,5.394090e-02,7.848470e-03,1.326784e-02,6.779528e-01,2.009264e-03,2.466671e-03,5.383739e-03,1.232934e-03,2.208371e-03,8.016014e-04,1.551816e-03
8.303163e-02,8.846398e-03,6.462859e-02,3.077249e-02,4.527696e-02,7.298894e-03,2.257069e-02,7.247706e-01,1.547517e-03,1.895577e-03,4.146993e-03,1.172921e-03,2.177794e-03,6.230050e-04,1.239948e-03
9.641593e-02,6.335605e-03,4.705937e-02,2.196348e-02,3.375746e-02,7.105619e-03,9.419048e-02,6.820530e-01,1.316284e-03,1.539450e-03,3.127521e-03,1.380109e-03,2.210335e-03,5.188907e-04,1.026513e-03
9.952528e-02,4.625035e-03,3.446702e-02,1.559196e-02,2.493616e-02,9.142584e-03,2.765232e-01,5.247353e-01,1.057604e-03,1.271470e-03,2.291281e-03,1.564797e-03,2.646021e-03,4.122457e-04,1.210075e-03
9.316585e-02,3.330427e-03,2.475320e-02,1.100674e-02,1.816727e-02,1.026728e-02,4.397915e-01,3.884674e-01,8.172704e-04,1.102372e-03,1.731868e-03,1.635128e-03,3.922922e-03,3.318390e-04,1.508967e-03
8.351680e-02,2.575732e-03,1.815008e-02,7.808141e-03,1.329110e-02,1.199724e-02,5.682271e-01,2.824734e-01,7.339724e-04,9.098548e-04,1.327084e-03,1.490424e-03,5.755491e-03,2.593840e-04,1.484317e-03
7.042481e-02,2.980354e-03,1.381883e-02,5.760060e-03,1.339466e-02,2.062095e-02,6.400080e-01,2.146685e-01,7.073298e-04,1.657210e-03,1.390149e-03,1.626756e-03,9.739071e-03,2.965380e-04,2.906819e-03
5.909207e-02,2.576685e-03,1.124697e-02,4.543680e-03,1.297763e-02,3.332696e-02,6.852813e-01,1.595135e-01,7.682657e-04,1.734667e-03,2.299568e-03,1.554778e-03,1.960571e-02,5.321102e-04,4.946126e-03
1.144933e-01,2.633017e-03,9.165319e-03,3.948613e-03,1.319090e-02,3.926675e-02,6.543679e-01,1.303483e-01,8.957229e-04,1.581054e-03,2.172254e-03,1.826932e-03,1.769102e-02,5.738325e-04,7.845125e-03
1.175603e-01,4.060696e-03,8.321656e-03,3.983161e-03,1.298481e-02,6.187957e-02,5.970836e-01,1.082057e-01,1.986055e-03,5.656154e-03,5.935682e-03,3.347328e-03,4.655600e-02,1.079176e-03,2.136014e-02
8.757137e-02,3.896092e-03,6.023610e-03,4.013756e-03,9.642506e-03,1.144613e-01,4.314176e-01,7.638228e-02,5.326826e-03,6.010857e-03,6.520790e-03,8.305037e-03,2.085406e-01,1.236075e-03,3.065124e-02
6.188598e-02,4.024292e-03,4.354089e-03,7.534647e-03,7.129989e-03,1.329537e-01,3.040695e-01,5.363925e-02,1.612561e-02,1.139636e-02,6.309581e-03,7.953064e-03,3.347360e-01,9.584528e-04,4.692946e-02
4.394628e-02,2.586172e-02,5.407677e-03,1.508284e-02,5.417653e-03,9.858740e-02,2.147630e-01,3.763778e-02,1.681739e-01,1.146204e-02,7.914885e-03,1.205464e-02,2.738136e-01,7.742085e-04,7.910243e-02
3.124017e-02,2.583947e-02,4.709818e-03,2.594609e-02,4.329282e-03,7.581673e-02,1.510320e-01,2.662435e-02,2.965238e-01,9.878788e-03,7.947362e-03,2.303677e-02,2.523798e-01,6.721090e-04,6.402344e-02
2.392041e-02,2.186746e-02,3.995753e-03,2.310563e-02,3.688305e-03,6.344876e-02,1.070122e-01,1.910274e-02,3.328380e-01,8.157535e-03,1.130704e-02,4.705590e-02,2.783814e-01,9.198393e-04,5.519899e-02
1.808183e-02,2.214067e-02,5.467858e-03,3.096725e-02,3.467123e-03,5.634074e-02,7.523854e-02,1.356120e-02,4.091214e-01,7.951900e-03,1.080605e-02,6.955738e-02,2.319219e-01,1.629788e-03,4.374633e-02
1.501785e-02,2.096268e-02,6.811813e-03,2.757497e-02,3.617108e-03,5.025651e-02,5.302345e-02,1.029726e-02,4.125843e-01,7.112970e-03,1.982061e-02,1.151976e-01,2.170351e-01,4.036105e-03,3.665166e-02
1.199390e-02,1.525088e-02,4.945632e-03,2.044456e-02,2.581516e-03,3.784198e-02,3.714235e-02,7.248893e-03,3.013336e-01,5.460418e-03,1.833131e-02,3.326429e-01,1.686071e-01,9.243311e-03,2.693168e-02
1.041782e-02,1.262111e-02,4.332563e-03,1.597701e-02,4.129086e-03,3.216694e-02,2.626881e-02,5.527942e-03,2.329376e-01,4.425758e-03,2.569743e-02,4.445685e-01,1.539885e-01,6.953342e-03,1.998751e-02
1.035170e-02,9.404017e-03,4.056186e-03,1.194428e-02,1.108322e-02,7.192861e-02,1.899585e-02,4.339869e-03,1.761227e-01,3.271263e-03,3.683776e-02,4.816383e-01,1.406406e-01,5.182369e-03,1.420329e-02
9.570934e-03,7.309387e-03,4.035682e-03,8.726511e-03,1.732703e-02,5.397470e-02,1.453735e-02,5.973486e-03,1.265929e-01,2.489186e-03,3.244288e-02,5.357851e-01,1.662554e-01,3.968685e-03,1.101075e-02
1.757444e-02,7.529893e-03,6.210883e-03,6.817257e-03,3.388528e-02,4.542712e-02,1.977031e-02,1.865287e-02,9.635544e-02,2.073155e-03,2.606653e-02,5.369800e-01,1.685066e-01,3.477261e-03,1.067298e-02
3.201832e-02,9.709453e-03,8.476212e-03,6.201799e-03,3.798315e-02,5.003122e-02,2.165745e-02,3.605506e-02,7.830455e-02,2.228079e-03,1.972213e-02,4.715766e-01,2.111847e-01,2.975526e-03,1.187584e-02
2.826626e-02,9.626224e-03,8.375685e-03,5.586884e-03,3.251224e-02,9.535106e-02,1.682622e-02,2.885214e-02,6.372624e-02,4.884019e-03,1.742135e-02,4.478211e-01,2.266454e-01,2.700777e-03,1.140443e-02
2.275986e-02,1.181291e-02,8.104264e-03,5.443725e-03,2.806128e-02,2.036737e-01,1.379718e-02,2.374347e-02,5.251721e-02,8.650801e-03,1.789457e-02,3.651308e-01,2.235965e-01,2.177340e-03,1.263650e-02
1.806922e-02,1.499727e-02,6.336982e-03,4.082741e-03,2.088815e-02,1.822693e-01,1.025947e-02,1.765575e-02,4.490311e-02,7.732949e-03,1.945480e-02,3.832354e-01,2.555459e-01,1.848999e-03,1.271999e-02
1.521516e-02,1.688500e-02,4.889210e-03,3.139345e-03,1.641297e-02,1.606026e-01,8.450217e-03,1.355963e-02,4.262237e-02,6.265089e-03,1.843467e-02,3.408860e-01,3.387525e-01,1.517677e-03,1.236762e-02
