1.000000e+00,0.000000e+00,0.000000e+00,0.000000e+00,0.000000e+00,0.000000e+00,0.000000e+00,0.000000e+00,0.000000e+00,0.000000e+00,0.000000e+00,0.000000e+00,0.000000e+00,0.000000e+00,0.000000e+00
1.000000e+00,0.000000e+00,0.000000e+00,0.000000e+00,0.000000e+00,0.000000e+00,0.000000e+00,0.000000e+00,0.000000e+00,0.000000e+00,0.000000e+00,0.000000e+00,0.000000e+00,0.000000e+00,0.000000e+00
1.000000e+00,0.000000e+00,0.000000e+00,0.000000e+00,0.000000e+00,0.000000e+00,0.000000e+00,0.000000e+00,0.000000e+00,0.000000e+00,0.000000e+00,0.000000e+00,0.000000e+00,0.000000e+00,0.000000e+00
1.000000e+00,0.000000e+00,0.000000e+00,0.000000e+00,0.000000e+00,0.000000e+00,0.000000e+00,0.000000e+00,0.000000e+00,0.000000e+00,0.000000e+00,0.000000e+00,0.000000e+00,0.000000e+00,0.000000e+00
1.000000e+00,0.000000e+00,0.000000e+00,0.000000e+00,0.000000e+00,0.000000e+00,0.000000e+00,0.000000e+00,0.000000e+00,0.000000e+00,0.000000e+00,0.000000e+00,0.000000e+00,0.000000e+00,0.000000e+00
1.000000e+00,0.000000e+00,0.000000e+00,0.000000e+00,0.000000e+00,0.000000e+00,0.000000e+00,0.000000e+00,0.000000e+00,0.000000e+00,0.000000e+00,0.000000e+00,0.000000e+00,0.000000e+00,0.000000e+00
1.000000e+00,0.000000e+00,0.000000e+00,0.000000e+00,0.000000e+00,0.000000e+00,0.000000e+00,0.000000e+00,0.000000e+00,0.000000e+00,0.000000e+00,0.000000e+00,0.000000e+00,0.000000e+00,0.000000e+00
1.000000e+00,0.000000e+00,0.000000e+00,0.000000e+00,0.000000e+00,0.000000e+00,0.000000e+00,0.000000e+00,0.000000e+00,0.000000e+00,0.000000e+00,0.000000e+00,0.000000e+00,0.000000e+00,0.000000e+00
1.000000e+00,0.000000e+00,0.000000e+00,0.000000e+00,0.000000e+00,0.000000e+00,0.000000e+00,0.000000e+00,0.000000e+00,0.000000e+00,0.000000e+00,0.000000e+00,0.000000e+00,0.000000e+00,0.000000e+00
1.000000e+00,0.000000e+00,0.000000e+00,0.000000e+00,0.000000e+00,0.000000e+00,0.000000e+00,0.000000e+00,0.000000e+00,0.000000e+00,0.000000e+00,0.000000e+00,0.000000e+00,0.000000e+00,0.000000e+00
1.000000e+00,0.000000e+00,0.000000e+00,0.000000e+00,0.000000e+00,0.000000e+00,0.000000e+00,0.000000e+00,0.000000e+00,0.000000e+00,0.000000e+00,0.000000e+00,0.000000e+00,0.000000e+00,0.000000e+00
1.000000e+00,0.000000e+00,0.000000e+00,0.000000e+00,0.000000e+00,0.000000e+00,0.000000e+00,0.000000e+00,0.000000e+00,0.000000e+00,0.000000e+00,0.000000e+00,0.000000e+00,0.000000e+00,0.000000e+00
1.000000e+00,0.000000e+00,0.000000e+00,0.000000e+00,0.000000e+00,0.000000e+00,0.000000e+00,0.000000e+00,0.000000e+00,0.000000e+00,0.000000e+00,0.000000e+00,0.000000e+00,0.000000e+00,0.000000e+00
1.000000e+00,0.000000e+00,0.000000e+00,0.000000e+00,0.000000e+00,0.000000e+00,0.000000e+00,0.000000e+00,0.000000e+00,0.000000e+00,0.000000e+00,0.000000e+00,0.000000e+00,0.000000e+00,0.000000e+00
1.000000e+00,0.000000e+00,0.000000e+00,0.000000e+00,0.000000e+00,0.000000e+00,0.000000e+00,0.000000e+00,0.000000e+00,0.000000e+00,0.000000e+00,0.000000e+00,0.000000e+00,0.000000e+00,0.000000e+00
1.000000e+00,0.000000e+00,0.000000e+00,0.000000e+00,0.000000e+00,0.000000e+00,0.000000e+00,0.000000e+00,0.000000e+00,0.000000e+00,0.000000e+00,0.000000e+00,0.000000e+00,0.000000e+00,0.000000e+00
1.000000e+00,0.000000e+00,0.000000e+00,0.000000e+00,0.000000e+00,0.000000e+00,0.000000e+00,0.000000e+00,0.000000e+00,0.000000e+00,0.000000e+00,0.000000e+00,0.000000e+00,0.000000e+00,0.000000e+00
1.000000e+00,0.000000e+00,0.000000e+00,0.000000e+00,0.000000e+00,0.000000e+00,0.000000e+00,0.000000e+00,0.000000e+00,0.000000e+00,0.000000e+00,0.000000e+00,0.000000e+00,0.000000e+00,0.000000e+00
1.000000e+00,0.000000e+00,0.000000e+00,0.000000e+00,0.000000e+00,0.000000e+00,0.000000e+00,0.000000e+00,0.000000e+00,0.000000e+00,0.000000e+00,0.000000e+00,0.000000e+00,0.000000e+00,0.000000e+00
1.000000e+00,0.000000e+00,0.000000e+00,0.000000e+00,0.000000e+00,0.000000e+00,0.000000e+00,0.000000e+00,0.000000e+00,0.000000e+00,0.000000e+00,0.000000e+00,0.000000e+00,0.000000e+00,0.000000e+00
1.000000e+00,0.000000e+00,0.000000e+00,0.000000e+00,0.000000e+00,0.000000e+00,0.000000e+00,0.000000e+00,0.000000e+00,0.000000e+00,0.000000e+00,0.000000e+00,0.000000e+00,0.000000e+00,0.000000e+00
1.000000e+00,0.000000e+00,0.000000e+00,0.000000e+00,0.000000e+00,0.000000e+00,0.000000e+00,0.000000e+00,0.000000e+00,0.000000e+00,0.000000e+00,0.000000e+00,0.000000e+00,0.000000e+00,0.000000e+00
1.000000e+00,0.000000e+00,0.000000e+00,0.000000e+00,0.000000e+00,0.000000e+00,0.000000e+00,0.000000e+00,0.000000e+00,0.000000e+00,0.000000e+00,0.000000e+00,0.000000e+00,0.000000e+00,0.000000e+00
1.000000e+00,0.000000e+00,0.000000e+00,0.000000e+00,0.000000e+00,0.000000e+00,0.000000e+00,0.000000e+00,0.000000e+00,0.000000e+00,0.000000e+00,0.000000e+00,0.000000e+00,0.000000e+00,0.000000e+00
1.000000e+00,0.000000e+00,0.000000e+00,0.000000e+00,0.000000e+00,0.000000e+00,0.000000e+00,0.000000e+00,0.000000e+00,0.000000e+00,0.000000e+00,0.000000e+00,0.000000e+00,0.000000e+00,0.000000e+00
1.000000e+00,0.000000e+00,0.000000e+00,0.000000e+00,0.000000e+00,0.000000e+00,0.000000e+00,0.000000e+00,0.000000e+00,0.000000e+00,0.000000e+00,0.000000e+00,0.000000e+00,0.000000e+00,0.000000e+00
1.000000e+00,0.000000e+00,0.000000e+00,0.000000e+00,0.000000e+00,0.000000e+00,0.000000e+00,0.000000e+00,0.000000e+00,0.000000e+00,0.000000e+00,0.000000e+00,0.000000e+00,0.000000e+00,0.000000e+00
1.000000e+00,0.000000e+00,0.000000e+00,0.000000e+00,0.000000e+00,0.000000e+00,0.000000e+00,0.000000e+00,0.000000e+00,0.000000e+00,0.000000e+00,0.000000e+00,0.000000e+00,0.000000e+00,0.000000e+00
1.000000e+00,0.000000e+00,0.000000e+00,0.000000e+00,0.000000e+00,0.000000e+00,0.000000e+00,0.000000e+00,0.000000e+00,0.000000e+00,0.000000e+00,0.000000e+00,0.000000e+00,0.000000e+00,0.000000e+00
1.000000e+00,0.000000e+00,0.000000e+00,0.000000e+00,0.000000e+00,0.000000e+00,0.000000e+00,0.000000e+00,0.000000e+00,0.000000e+00,0.000000e+00,0.000000e+00,0.000000e+00,0.000000e+00,0.000000e+00
1.000000e+00,0.000000e+00,0.000000e+00,0.000000e+00,0.000000e+00,0.000000e+00,0.000000e+00,0.000000e+00,0.000000e+00,0.000000e+00,0.000000e+00,0.000000e+00,0.000000e+00,0.000000e+00,0.000000e+00
1.000000e+00,0.000000e+00,0.000000e+00,0.000000e+00,0.000000e+00,0.000000e+00,0.000000e+00,0.000000e+00,0.000000e+00,0.000000e+00,0.000000e+00,0.000000e+00,0.000000e+00,0.000000e+00,0.000000e+00
1.000000e+00,0.000000e+00,0.000000e+00,0.000000e+00,0.000000e+00,0.000000e+00,0.000000e+00,0.000000e+00,0.000000e+00,0.000000e+00,0.000000e+00,0.000000e+00,0.000000e+00,0.000000e+00,0.000000e+00
1.000000e+00,0.000000e+00,0.000000e+00,0.000000e+00,0.000000e+00,0.000000e+00,0.000000e+00,0.000000e+00,0.000000e+00,0.000000e+00,0.000000e+00,0.000000e+00,0.000000e+00,0.000000e+00,0.000000e+00
1.000000e+00,0.000000e+00,0.000000e+00,0.000000e+00,0.000000e+00,0.000000e+00,0.000000e+00,0.000000e+00,0.000000e+00,0.000000e+00,0.000000e+00,0.000000e+00,0.000000e+00,0.000000e+00,0.000000e+00
1.000000e+00,0.000000e+00,0.000000e+00,0.000000e+00,0.000000e+00,0.000000e+00,0.000000e+00,0.000000e+00,0.000000e+00,0.000000e+00,0.000000e+00,0.000000e+00,0.000000e+00,0.000000e+00,0.000000e+00
1.000000e+00,0.000000e+00,0.000000e+00,0.000000e+00,0.000000e+00,0.000000e+00,0.000000e+00,0.000000e+00,0.000000e+00,0.000000e+00,0.000000e+00,0.000000e+00,0.000000e+00,0.000000e+00,0.000000e+00
1.000000e+00,0.000000e+00,0.000000e+00,0.000000e+00,0.000000e+00,0.000000e+00,0.000000e+00,0.000000e+00,0.000000e+00,0.000000e+00,0.000000e+00,0.000000e+00,0.000000e+00,0.000000e+00,0.000000e+00
1.000000e+00,0.000000e+00,0.000000e+00,0.000000e+00,0.000000e+00,0.000000e+00,0.000000e+00,0.000000e+00,0.000000e+00,0.000000e+00,0.000000e+00,0.000000e+00,0.000000e+00,0.000000e+00,0.000000e+00
1.000000e+00,0.000000e+00,0.000000e+00,0.000000e+00,0.000000e+00,0.000000e+00,0.000000e+00,0.000000e+00,0.000000e+00,0.000000e+00,0.000000e+00,0.000000e+00,0.000000e+00,0.000000e+00,0.000000e+00
1.000000e+00,0.000000e+00,0.000000e+00,0.000000e+00,0.000000e+00,0.000000e+00,0.000000e+00,0.000000e+00,0.000000e+00,0.000000e+00,0.000000e+00,0.000000e+00,0.000000e+00,0.000000e+00,0.000000e+00
1.000000e+00,0.000000e+00,0.000000e+00,0.000000e+00,0.000000e+00,0.000000e+00,0.000000e+00,0.000000e+00,0.000000e+00,0.000000e+00,0.000000e+00,0.000000e+00,0.000000e+00,0.000000e+00,0.000000e+00
1.000000e+00,0.000000e+00,0.000000e+00,0.000000e+00,0.000000e+00,0.000000e+00,0.000000e+00,0.000000e+00,0.000000e+00,0.000000e+00,0.000000e+00,0.000000e+00,0.000000e+00,0.000000e+00,0.000000e+00
1.000000e+00,0.000000e+00,0.000000e+00,0.000000e+00,0.000000e+00,0.000000e+00,0.000000e+00,0.000000e+00,0.000000e+00,0.000000e+00,0.000000e+00,0.000000e+00,0.000000e+00,0.000000e+00,0.000000e+00
1.000000e+00,0.000000e+00,0.000000e+00,0.000000e+00,0.000000e+00,0.000000e+00,0.000000e+00,0.000000e+00,0.000000e+00,0.000000e+00,0.000000e+00,0.000000e+00,0.000000e+00,0.000000e+00,0.000000e+00
1.000000e+00,0.000000e+00,0.000000e+00,0.000000e+00,0.000000e+00,0.000000e+00,0.000000e+00,0.000000e+00,0.000000e+00,0.000000e+00,0.000000e+00,0.000000e+00,0.000000e+00,0.000000e+00,0.000000e+00
1.000000e+00,0.000000e+00,0.000000e+00,0.000000e+00,0.000000e+00,0.000000e+00,0.000000e+00,0.000000e+00,0.000000e+00,0.000000e+00,0.000000e+00,0.000000e+00,0.000000e+00,0.000000e+00,0.000000e+00
1.000000e+00,0.000000e+00,0.000000e+00,0.000000e+00,0.000000e+00,0.000000e+00,0.000000e+00,0.000000e+00,0.000000e+00,0.000000e+00,0.000000e+00,0.000000e+00,0.000000e+00,0.000000e+00,0.000000e+00
1.000000e+00,0.000000e+00,0.000000e+00,0.000000e+00,0.000000e+00,0.000000e+00,0.000000e+00,0.000000e+00,0.000000e+00,0.000000e+00,0.000000e+00,0.000000e+00,0.000000e+00,0.000000e+00,0.000000e+00
1.000000e+00,0.000000e+00,0.000000e+00,0.000000e+00,0.000000e+00,0.000000e+00,0.000000e+00,0.000000e+00,0.000000e+00,0.000000e+00,0.000000e+00,0.000000e+00,0.000000e+00,0.000000e+00,0.000000e+00
1.000000e+00,0.000000e+00,0.000000e+00,0.000000e+00,0.000000e+00,0.000000e+00,0.000000e+00,0.000000e+00,0.000000e+00,0.000000e+00,0.000000e+00,0.000000e+00,0.000000e+00,0.000000e+00,0.000000e+00
1.000000e+00,0.000000e+00,0.000000e+00,0.000000e+00,0.000000e+00,0.000000e+00,0.000000e+00,0.000000e+00,0.000000e+00,0.000000e+00,0.000000e+00,0.000000e+00,0.000000e+00,0.000000e+00,0.000000e+00
1.000000e+00,0.000000e+00,0.000000e+00,0.000000e+00,0.000000e+00,0.000000e+00,0.000000e+00,0.000000e+00,0.000000e+00,0.000000e+00,0.000000e+00,0.000000e+00,0.000000e+00,0.000000e+00,0.000000e+00
1.000000e+00,0.000000e+00,0.000000e+00,0.000000e+00,0.000000e+00,0.000000e+00,0.000000e+00,0.000000e+00,0.000000e+00,0.000000e+00,0.000000e+00,0.000000e+00,0.000000e+00,0.000000e+00,0.000000e+00
1.000000e+00,0.000000e+00,0.000000e+00,0.000000e+00,0.000000e+00,0.000000e+00,0.000000e+00,0.000000e+00,0.000000e+00,0.000000e+00,0.000000e+00,0.000000e+00,0.000000e+00,0.000000e+00,0.000000e+00
1.000000e+00,0.000000e+00,0.000000e+00,0.000000e+00,0.000000e+00,0.000000e+00,0.000000e+00,0.000000e+00,0.000000e+00,0.000000e+00,0.000000e+00,0.000000e+00,0.000000e+00,0.000000e+00,0.000000e+00
3.567727e-01,1.890919e-02,7.544585e-02,4.069114e-01,6.325421e-03,1.020991e-02,3.301315e-03,1.191092e-02,1.075989e-02,3.294513e-03,1.578925e-02,3.526701e-02,1.031341e-02,3.716903e-03,3.107237e-02
2.514184e-01,1.965084e-02,8.574145e-02,4.741392e-01,5.343787e-03,7.804699e-03,2.575391e-03,8.398816e-03,1.436283e-02,6.936135e-03,1.291568e-02,2.499491e-02,7.982410e-03,2.971570e-03,7.476385e-02
2.393665e-01,3.167604e-02,8.916037e-02,4.329111e-01,1.206321e-02,1.350684e-02,3.175854e-03,6.354658e-03,1.535530e-02,7.080039e-03,2.364382e-02,1.901458e-02,7.739319e-03,3.901676e-03,9.505072e-02
1.697979e-01,3.662171e-02,6.697482e-02,5.630795e-01,9.168948e-03,9.871700e-03,2.420366e-03,4.513392e-03,1.388634e-02,6.631609e-03,1.784675e-02,1.350385e-02,5.696497e-03,2.810439e-03,7.717621e-02
2.207352e-01,4.829438e-02,5.551515e-02,5.254255e-01,7.862246e-03,9.353684e-03,2.232174e-03,4.388910e-03,1.510281e-02,6.045613e-03,1.732155e-02,1.128467e-02,6.145060e-03,2.607103e-03,6.768593e-02
3.531792e-01,4.393930e-02,4.231137e-02,4.097774e-01,8.452596e-03,1.133312e-02,2.198074e-03,4.668018e-03,1.659855e-02,4.971548e-03,2.159456e-02,1.271521e-02,7.754024e-03,3.299762e-03,5.720722e-02
4.544861e-01,4.182693e-02,3.136639e-02,3.164242e-01,7.926993e-03,1.335671e-02,2.571678e-03,5.170211e-03,2.565217e-02,4.089909e-03,2.350054e-02,1.335264e-02,9.923004e-03,3.473735e-03,4.687875e-02
3.698661e-01,6.902743e-02,2.584595e-02,3.466188e-01,8.122193e-03,1.343798e-02,2.333255e-03,4.462168e-03,4.309042e-02,6.362121e-03,2.330803e-02,1.386504e-02,1.563127e-02,3.413846e-03,5.461530e-02
2.785310e-01,8.263142e-02,5.090852e-02,3.198929e-01,6.969712e-03,1.186755e-02,1.958295e-03,3.507518e-03,5.672763e-02,1.470652e-02,2.094520e-02,1.235322e-02,1.758395e-02,4.088776e-03,1.173277e-01
3.309285e-01,7.145936e-02,3.681945e-02,2.444932e-01,8.698883e-03,1.260687e-02,2.045352e-03,2.936248e-03,1.345192e-01,1.094998e-02,1.859567e-02,1.106586e-02,1.756763e-02,3.669436e-03,9.364435e-02
3.563637e-01,6.783951e-02,2.709994e-02,2.111787e-01,1.278692e-02,1.360423e-02,3.019772e-03,2.853383e-03,1.645325e-01,9.095383e-03,1.584447e-02,8.906846e-03,1.657976e-02,3.181873e-03,8.711305e-02
2.862967e-01,1.240562e-01,2.002048e-02,1.631021e-01,1.018402e-02,1.137448e-02,2.191457e-03,2.218224e-03,1.739093e-01,7.862608e-03,1.281190e-02,6.692915e-03,1.375750e-02,5.052335e-03,1.604698e-01
2.702824e-01,1.299062e-01,1.489026e-02,1.752009e-01,8.155206e-03,1.059166e-02,1.640273e-03,2.181295e-03,1.685636e-01,6.344728e-03,1.312122e-02,5.753187e-03,1.210995e-02,4.834553e-03,1.764246e-01
2.545262e-01,1.457503e-01,1.166067e-02,2.360659e-01,6.116117e-03,1.117374e-02,1.205998e-03,1.735565e-03,1.564814e-01,5.982394e-03,1.226274e-02,4.675303e-03,1.066751e-02,4.336386e-03,1.373596e-01
1.890371e-01,2.115310e-01,1.025798e-02,2.879840e-01,4.697651e-03,9.484123e-03,9.155397e-04,1.577266e-03,1.350019e-01,6.934776e-03,1.666255e-02,3.954267e-03,1.134055e-02,7.009789e-03,1.036115e-01
1.448564e-01,2.381203e-01,1.657593e-02,3.026800e-01,4.119487e-03,1.033956e-02,9.041841e-04,1.822275e-03,1.289254e-01,8.957216e-03,3.460898e-02,3.795948e-03,1.406835e-02,7.800678e-03,8.242521e-02
1.015545e-01,1.671615e-01,1.269160e-02,3.604169e-01,3.275848e-03,7.438978e-03,6.592668e-04,1.569354e-03,9.341697e-02,6.882586e-03,1.657891e-01,2.996040e-03,1.248158e-02,5.648605e-03,5.801710e-02
7.109937e-02,1.170688e-01,9.422401e-03,3.788076e-01,2.381176e-03,5.235122e-03,4.698145e-04,1.127949e-03,6.656568e-02,4.992650e-03,2.856679e-01,2.774275e-03,9.589135e-03,4.066688e-03,4.073145e-02
4.977189e-02,8.195543e-02,6.669037e-03,2.951205e-01,1.733206e-03,3.767045e-03,3.326496e-04,7.947311e-04,4.685996e-02,3.948968e-03,4.345574e-01,8.245897e-03,3.428949e-02,3.364329e-03,2.858950e-02
3.484163e-02,5.737275e-02,4.879936e-03,2.281127e-01,1.528924e-03,2.723272e-03,2.460336e-04,5.675878e-04,3.382225e-02,2.919907e-03,3.926264e-01,9.714307e-02,1.197860e-01,3.257240e-03,2.017228e-02
2.439226e-02,4.017058e-02,3.785709e-03,1.933013e-01,2.349045e-03,2.146076e-03,2.115293e-04,4.070516e-04,2.484119e-02,2.411885e-03,3.273627e-01,1.762982e-01,1.851326e-01,2.919462e-03,1.427035e-02
1.708133e-02,2.812925e-02,2.784901e-03,1.438587e-01,3.434084e-03,2.115689e-03,1.979043e-04,4.254130e-04,1.809041e-02,1.930266e-03,2.710418e-01,1.946808e-01,3.040605e-01,2.156172e-03,1.001284e-02
1.196095e-02,1.969450e-02,2.059139e-03,1.032034e-01,4.482368e-03,2.086463e-03,2.158657e-04,1.082933e-03,1.341621e-02,1.534359e-03,2.162258e-01,2.590605e-01,3.563302e-01,1.604059e-03,7.043357e-03
8.383376e-03,1.378979e-02,1.701823e-03,7.269329e-02,4.371256e-03,3.789963e-03,7.672142e-04,4.826175e-03,1.103798e-02,1.668838e-03,1.546340e-01,3.459971e-01,3.701208e-01,1.169649e-03,5.048646e-03
6.149719e-03,9.683998e-03,2.074440e-03,5.137476e-02,1.942425e-02,4.191678e-03,2.759823e-03,5.076421e-02,4.220225e-02,1.549947e-03,1.123437e-01,2.878635e-01,4.048901e-01,9.203989e-04,3.807206e-03
4.704501e-03,6.833479e-03,1.897153e-03,3.618629e-02,6.428301e-02,4.626035e-03,6.586354e-03,9.275219e-02,7.024357e-02,1.500883e-03,8.120178e-02,2.326054e-01,3.929189e-01,7.138469e-04,2.946536e-03
4.292691e-03,4.915475e-03,1.866229e-03,2.546126e-02,7.601035e-02,1.151786e-02,1.112780e-02,9.269304e-02,1.083125e-01,1.754670e-03,5.832540e-02,2.066198e-01,3.942309e-01,6.657864e-04,2.206196e-03
3.910566e-03,3.602159e-03,1.736528e-03,1.794025e-02,5.894906e-02,1.164033e-02,8.245462e-03,6.676726e-02,9.789882e-02,1.927174e-03,4.267974e-02,2.965050e-01,3.852159e-01,1.052255e-03,1.929382e-03
5.864661e-03,2.909780e-03,1.590390e-03,1.269338e-02,4.841976e-02,1.917299e-02,6.349732e-03,4.720744e-02,7.093002e-02,1.623071e-03,3.241280e-02,3.483114e-01,3.979544e-01,1.373880e-03,3.186208e-03
1.077145e-02,2.928627e-03,1.528117e-03,9.403676e-03,3.904267e-02,2.684641e-02,5.134781e-03,3.394631e-02,5.502051e-02,2.027573e-03,3.033308e-02,3.916773e-01,3.858137e-01,1.726796e-03,3.798953e-03
1.428132e-02,2.695888e-03,1.267105e-03,7.053909e-03,2.941526e-02,4.426830e-02,3.857931e-03,2.418294e-02,4.104590e-02,1.729089e-03,2.488523e-02,4.353472e-01,3.649276e-01,1.577604e-03,3.464744e-03
1.267316e-02,2.292717e-03,1.048791e-03,5.057031e-03,2.135023e-02,3.503907e-02,3.017959e-03,1.726129e-02,3.159881e-02,1.510878e-03,1.851585e-02,5.172107e-01,3.293459e-01,1.224124e-03,2.853482e-03
1.000585e-02,2.678082e-03,9.079061e-04,3.659550e-03,1.547119e-02,2.716858e-02,2.442623e-03,1.238237e-02,2.815967e-02,1.602284e-03,1.378437e-02,5.764289e-01,3.018027e-01,9.442968e-04,2.561631e-03
9.419285e-03,2.200407e-03,8.376050e-04,2.645081e-03,1.165826e-02,2.459844e-02,2.867401e-03,9.379233e-03,2.527362e-02,1.368318e-03,1.029404e-02,6.490673e-01,2.474662e-01,7.777964e-04,2.147053e-03
1.218330e-02,2.502892e-03,1.060022e-03,1.948580e-03,1.027662e-02,2.120681e-02,2.920999e-03,7.956071e-03,2.515911e-02,1.159229e-03,8.054841e-03,6.529797e-01,2.496119e-01,8.997860e-04,2.080117e-03
1.560299e-02,3.421399e-03,1.878354e-03,1.521073e-03,9.349184e-03,1.902400e-02,3.566404e-03,1.245041e-02,3.380957e-02,1.055494e-03,6.079995e-03,6.499416e-01,2.396407e-01,8.450758e-04,1.813849e-03
1.958905e-02,7.422548e-03,5.395195e-03,2.347843e-03,8.972796e-03,2.405546e-02,3.751000e-03,1.238922e-02,3.888335e-02,1.095222e-03,4.724977e-03,5.330651e-01,3.360204e-01,7.561521e-04,1.531687e-03
2.090217e-02,6.575745e-03,4.378178e-03,1.852972e-03,8.169943e-03,2.061356e-02,7.703963e-03,9.430042e-03,3.229092e-02,8.180347e-04,3.526192e-03,4.860827e-01,3.959048e-01,5.935946e-04,1.157198e-03
3.915878e-02,9.000465e-03,9.876754e-03,3.313839e-03,1.339886e-02,2.331315e-02,2.535080e-02,1.472924e-02,3.949870e-02,1.169186e-03,3.119354e-03,4.392664e-01,3.767513e-01,7.660484e-04,1.287144e-03
4.830453e-02,1.046192e-02,8.559901e-03,2.714717e-03,1.517127e-02,2.435910e-02,2.815496e-02,1.231168e-02,4.710949e-02,9.938111e-04,2.701234e-03,4.013856e-01,3.954738e-01,7.530353e-04,1.544986e-03
5.468020e-02,1.276279e-02,7.676061e-03,3.603291e-03,2.366047e-02,3.799896e-02,3.568255e-02,1.373259e-02,8.185408e-02,7.956363e-04,2.071200e-03,3.244823e-01,3.988632e-01,5.858982e-04,1.550743e-03
5.696534e-02,1.133356e-02,5.587075e-03,3.173692e-03,2.477403e-02,4.549839e-02,2.767203e-02,1.098095e-02,7.710127e-02,5.988735e-04,1.611597e-03,2.625545e-01,4.701859e-01,5.554546e-04,1.407235e-03
5.949434e-02,1.048140e-02,4.009942e-03,2.665993e-03,2.448783e-02,5.041157e-02,2.171990e-02,8.983173e-03,6.931943e-02,4.520991e-04,1.225965e-03,1.921291e-01,5.526516e-01,5.013332e-04,1.466300e-03
7.342945e-02,9.846149e-03,3.316327e-03,4.402764e-03,2.035867e-02,5.503080e-02,1.684115e-02,7.350221e-03,6.930104e-02,3.689425e-04,1.199198e-03,1.388108e-01,5.972340e-01,5.721243e-04,1.938340e-03
7.333606e-02,2.142877e-02,4.184716e-03,1.210987e-02,1.658796e-02,7.596396e-02,1.340887e-02,7.262610e-03,7.349662e-02,1.798210e-03,2.792232e-03,1.080131e-01,5.768788e-01,7.156452e-04,1.202253e-02
6.375519e-02,4.584180e-02,4.228326e-03,2.158919e-02,1.499419e-02,1.140391e-01,1.125016e-02,6.399951e-03,1.156612e-01,3.014265e-03,4.099996e-03,9.078015e-02,4.832888e-01,6.612134e-04,2.039640e-02
6.335783e-02,3.481009e-02,3.381814e-03,1.858195e-02,1.203624e-02,1.890412e-01,8.329599e-03,6.922323e-03,9.066726e-02,2.507235e-03,3.475741e-03,6.503028e-02,4.847524e-01,5.048635e-04,1.660127e-02
6.301856e-02,2.708326e-02,2.675586e-03,1.437235e-02,1.146929e-02,2.340481e-01,6.262230e-03,7.096997e-03,7.522566e-02,2.173563e-03,3.193207e-03,4.788283e-02,4.911066e-01,4.064775e-04,1.398532e-02
6.267601e-02,2.327462e-02,2.611388e-03,1.139288e-02,1.289236e-02,2.063362e-01,5.222112e-03,7.602736e-03,5.722217e-02,2.333286e-03,2.988260e-03,3.992108e-02,5.454625e-01,5.475583e-04,1.951679e-02
6.275803e-02,1.781263e-02,2.576913e-03,8.314187e-03,1.642758e-02,1.490353e-01,5.339459e-03,8.095672e-03,4.272962e-02,1.943142e-03,2.777113e-03,4.029404e-02,6.164596e-01,5.640668e-04,2.487264e-02
5.803596e-02,1.416354e-02,3.402698e-03,6.154423e-03,2.343772e-02,1.059921e-01,5.929498e-03,9.153376e-03,3.255893e-02,1.718538e-03,3.062773e-03,3.836711e-02,6.595272e-01,5.849723e-04,3.791115e-02
7.600211e-02,1.163604e-02,3.309360e-03,4.637755e-03,2.105292e-02,7.525392e-02,5.058178e-03,7.401176e-03,2.519308e-02,2.206333e-03,4.503848e-03,4.184773e-02,6.841338e-01,5.090233e-04,3.725471e-02
7.754663e-02,1.081908e-02,6.163732e-03,3.461089e-03,2.275654e-02,5.517019e-02,5.169162e-03,7.114674e-03,2.176877e-02,2.620049e-03,6.881782e-03,4.858744e-02,6.951341e-01,4.064298e-04,3.640035e-02
6.227800e-02,1.215401e-02,8.563957e-02,2.736570e-03,2.025981e-02,4.915440e-02,5.407592e-03,1.185716e-02,2.978028e-02,2.793957e-03,6.572627e-03,3.798247e-02,6.445996e-01,4.043701e-04,2.837964e-02
6.410491e-02,8.854674e-03,8.617814e-02,2.371181e-03,1.873364e-02,4.844330e-02,8.146591e-03,1.054923e-02,2.846666e-02,2.161302e-03,7.585109e-03,2.701332e-02,6.621481e-01,3.747735e-04,2.486921e-02
7.609009e-02,1.154114e-02,9.561966e-02,2.996734e-03,1.893994e-02,9.259775e-02,9.633393e-03,8.208773e-03,6.935650e-02,1.898766e-03,6.259000e-03,1.936814e-02,5.627024e-01,3.881151e-04,2.439968e-02
7.605806e-02,1.005592e-02,1.665945e-01,6.354578e-03,3.788021e-02,7.239240e-02,2.400651e-02,1.432766e-02,6.270320e-02,1.734619e-03,4.916949e-03,1.404050e-02,4.833155e-01,3.852214e-04,2.523425e-02
9.791723e-02,2.847449e-02,1.473520e-01,1.377617e-02,7.142599e-02,7.748556e-02,2.577967e-02,1.137243e-02,1.042879e-01,1.848697e-03,3.919849e-03,1.007909e-02,3.814820e-01,3.612389e-04,2.443773e-02
8.930528e-02,2.650350e-02,1.191052e-01,8.658729e-02,1.015201e-01,1.233819e-01,2.311728e-02,2.092277e-02,9.118488e-02,1.671122e-03,3.117989e-03,7.365327e-03,2.838766e-01,2.941866e-04,2.204651e-02
8.904081e-02,2.725728e-02,1.027573e-01,1.243661e-01,1.073391e-01,1.644141e-01,2.336710e-02,2.107021e-02,8.052596e-02,1.608197e-03,2.781220e-03,6.045949e-03,2.290786e-01,2.459351e-04,2.010227e-02
9.013259e-02,2.591926e-02,7.547870e-02,9.966982e-02,1.220120e-01,2.550379e-01,3.191287e-02,1.767114e-02,7.077438e-02,1.404408e-03,2.386456e-03,4.647859e-03,1.809122e-01,2.338791e-04,2.180644e-02
7.614103e-02,6.159708e-02,5.657040e-02,2.406198e-01,1.006258e-01,2.001609e-01,2.509235e-02,1.551893e-02,5.526074e-02,3.381458e-03,2.374904e-03,4.144675e-03,1.277456e-01,2.306954e-04,3.053555e-02
1.019598e-01,5.569974e-02,4.294028e-02,2.227759e-01,1.100543e-01,2.208351e-01,3.636283e-02,2.032520e-02,5.124873e-02,3.130125e-03,2.094468e-03,3.784738e-03,1.010112e-01,2.935014e-04,2.748397e-02
1.247261e-01,6.002726e-02,4.068621e-02,2.180220e-01,1.271144e-01,1.827002e-01,3.748605e-02,3.032437e-02,4.645674e-02,5.268036e-03,3.274780e-03,6.393769e-03,7.610203e-02,8.173682e-04,4.060053e-02
2.446085e-01,5.107209e-02,2.967747e-02,1.693759e-01,1.072491e-01,1.361310e-01,3.125177e-02,2.472358e-02,4.889840e-02,4.289263e-03,4.952149e-03,1.454626e-02,9.678322e-02,1.358329e-03,3.508297e-02
2.436064e-01,5.240779e-02,2.316963e-02,1.788514e-01,1.328881e-01,1.096186e-01,3.355022e-02,3.096107e-02,5.325820e-02,4.084422e-03,6.854990e-03,1.771860e-02,7.886054e-02,1.899106e-03,3.227071e-02
2.962543e-01,5.710175e-02,1.891509e-02,1.582317e-01,1.072355e-01,1.019852e-01,2.951565e-02,3.290042e-02,5.521775e-02,4.152062e-03,7.449138e-03,1.969547e-02,7.472364e-02,2.795931e-03,3.382641e-02
3.013478e-01,6.952123e-02,1.987061e-02,2.053393e-01,8.810119e-02,8.043514e-02,2.519622e-02,2.901984e-02,5.156744e-02,7.208635e-03,7.670227e-03,1.869858e-02,5.576578e-02,3.228777e-03,3.702918e-02
3.058142e-01,6.972953e-02,5.984801e-02,2.164301e-01,7.840209e-02,6.472051e-02,1.941685e-02,2.463459e-02,4.609508e-02,8.600496e-03,7.709255e-03,1.683655e-02,4.264415e-02,2.975983e-03,3.614262e-02
3.919629e-01,5.916867e-02,6.178041e-02,1.751550e-01,7.284147e-02,5.292333e-02,1.594187e-02,2.084615e-02,3.965108e-02,7.059552e-03,8.980697e-03,1.589809e-02,4.368369e-02,3.881544e-03,3.022559e-02
4.919137e-01,5.512751e-02,4.486608e-02,1.327053e-01,5.662134e-02,5.246887e-02,1.198400e-02,1.584387e-02,4.001410e-02,5.532858e-03,8.264355e-03,1.424265e-02,3.957970e-02,3.796324e-03,2.703936e-02
1.000000e+00,0.000000e+00,0.000000e+00,0.000000e+00,0.000000e+00,0.000000e+00,0.000000e+00,0.000000e+00,0.000000e+00,0.000000e+00,0.000000e+00,0.000000e+00,0.000000e+00,0.000000e+00,0.000000e+00
3.881157e-01,1.479342e-01,2.385307e-02,2.521302e-01,4.131219e-02,3.327442e-02,6.541925e-03,8.703945e-03,3.200300e-02,3.145063e-03,6.494961e-03,1.070218e-02,2.597601e-02,2.451860e-03,1.736126e-02
2.858622e-01,1.671562e-01,1.858402e-02,3.215055e-01,3.102963e-02,2.460681e-02,4.696527e-03,7.177216e-03,2.464071e-02,2.481616e-03,6.208251e-02,1.079628e-02,2.029379e-02,2.912013e-03,1.617495e-02
2.333965e-01,2.632896e-01,1.858801e-02,2.479230e-01,2.220395e-02,2.254532e-02,3.394489e-03,5.634079e-03,2.175036e-02,2.752579e-03,9.475612e-02,1.191023e-02,1.850001e-02,1.711306e-02,1.624267e-02
2.040834e-01,2.526121e-01,1.618989e-02,1.962948e-01,1.645319e-02,2.327660e-02,2.587544e-03,4.945558e-03,2.217207e-02,2.926187e-03,1.841827e-01,1.435779e-02,1.843683e-02,2.721875e-02,1.426258e-02
1.612286e-01,1.872241e-01,1.235543e-02,1.401075e-01,1.675474e-02,2.188020e-02,2.238336e-03,4.642616e-03,1.878626e-02,2.724792e-03,3.482595e-01,2.329710e-02,1.435531e-02,3.495223e-02,1.119331e-02
1.197392e-01,1.381112e-01,9.442933e-03,9.964404e-02,1.773537e-02,1.936587e-02,1.850977e-03,4.378429e-03,1.967923e-02,2.194674e-03,4.639082e-01,3.940815e-02,1.410818e-02,4.204177e-02,8.391823e-03
9.476984e-02,1.016668e-01,7.993074e-03,8.729388e-02,2.330347e-02,1.930692e-02,1.865986e-03,4.889169e-03,2.441778e-02,2.302721e-03,5.079431e-01,3.583858e-02,1.105973e-02,7.053196e-02,6.816966e-03
6.744288e-02,8.054285e-02,7.827976e-03,6.393561e-02,2.896494e-02,2.413751e-02,1.547394e-03,4.667182e-03,3.367909e-02,2.193244e-03,5.207031e-01,4.067575e-02,9.604580e-03,1.085552e-01,5.522734e-03
4.740196e-02,5.820213e-02,5.752356e-03,4.506798e-02,2.186552e-02,2.333494e-02,1.149373e-03,3.348290e-03,3.143537e-02,1.818629e-03,6.162152e-01,3.415157e-02,7.578025e-03,9.855092e-02,4.127730e-03
3.375924e-02,4.560825e-02,4.641666e-03,3.171072e-02,1.669025e-02,1.809580e-02,8.718069e-04,2.491756e-03,3.468533e-02,2.096747e-03,6.484506e-01,3.180442e-02,5.904433e-03,1.200638e-01,3.125225e-03
2.402340e-02,3.597393e-02,3.953269e-03,2.240229e-02,1.361638e-02,1.459556e-02,6.747029e-04,1.982977e-03,5.162517e-02,2.330529e-03,6.345514e-01,2.923257e-02,4.445136e-03,1.579643e-01,2.628383e-03
1.796103e-02,2.668365e-02,3.629760e-03,1.611638e-02,1.077167e-02,1.445318e-02,5.300326e-04,1.723010e-03,4.848115e-02,2.605303e-03,6.361843e-01,2.274049e-02,3.400251e-03,1.924104e-01,2.309264e-03
1.313708e-02,1.949111e-02,3.135152e-03,1.176881e-02,9.591071e-03,1.104751e-02,4.514563e-04,1.437047e-03,4.395751e-02,3.747082e-03,6.476961e-01,1.982272e-02,2.758432e-03,2.098908e-01,2.067989e-03
9.814532e-03,1.418046e-02,2.421226e-03,8.770009e-03,1.040063e-02,8.808536e-03,5.491134e-04,1.453653e-03,3.736580e-02,4.922307e-03,6.567166e-01,1.768809e-02,2.640877e-03,2.225814e-01,1.686671e-03
1.189122e-02,1.168532e-02,3.025578e-03,8.767541e-03,1.677784e-02,7.836917e-03,7.460758e-04,4.594666e-03,3.725524e-02,7.033363e-03,6.349315e-01,1.725475e-02,2.756979e-03,2.336544e-01,1.788515e-03
9.585374e-03,8.962508e-03,2.796522e-03,6.856747e-03,1.549993e-02,6.553148e-03,7.382982e-04,4.639416e-03,4.544885e-02,7.908825e-03,5.797216e-01,1.594347e-02,2.716377e-03,2.911691e-01,1.459790e-03
9.063175e-03,6.936029e-03,2.968453e-03,5.534785e-03,1.181218e-02,8.573827e-03,6.553778e-04,3.774384e-03,8.621023e-02,1.141200e-02,4.814792e-01,1.506316e-02,2.444920e-03,3.528146e-01,1.257652e-03
1.278050e-02,1.134867e-02,3.165204e-03,6.323556e-03,1.688495e-02,1.209157e-02,1.145347e-03,3.395056e-03,1.524989e-01,1.265621e-02,4.234411e-01,2.168973e-02,3.238222e-03,3.161726e-01,3.168329e-03
1.815151e-02,1.025118e-02,5.986952e-03,6.494455e-03,2.288062e-02,1.369654e-02,1.620913e-03,8.565322e-03,1.949757e-01,1.294969e-02,3.694497e-01,1.877799e-02,4.461761e-03,3.088726e-01,2.864989e-03
3.897262e-02,1.858685e-02,6.989810e-03,5.814436e-03,2.564108e-02,1.671333e-02,1.391650e-03,6.999037e-03,2.975627e-01,1.011678e-02,2.889657e-01,1.497028e-02,3.738823e-03,2.591860e-01,4.350972e-03
3.357808e-02,1.518152e-02,5.544438e-03,5.733329e-03,2.224010e-02,2.290482e-02,1.027765e-03,5.213952e-03,3.396613e-01,8.718869e-03,2.642671e-01,1.178720e-02,3.367797e-03,2.567604e-01,4.013387e-03
2.646299e-02,1.655595e-02,4.507367e-03,7.725306e-03,1.883770e-02,2.386389e-02,8.694749e-04,4.706613e-03,3.126575e-01,1.015360e-02,2.772332e-01,2.361405e-02,9.473708e-03,2.537436e-01,9.595057e-03
2.421360e-02,2.648490e-02,4.394662e-03,1.773140e-02,1.445583e-02,1.848520e-02,6.528638e-04,4.158150e-03,3.189667e-01,1.281926e-02,2.939746e-01,2.607690e-02,2.205630e-02,1.957473e-01,1.978227e-02
2.282313e-02,3.428578e-02,4.759661e-03,1.787336e-02,1.130671e-02,1.710318e-02,5.114378e-04,5.460322e-03,3.306806e-01,1.304683e-02,3.262632e-01,2.891138e-02,2.372368e-02,1.474734e-01,1.577734e-02
1.747658e-02,4.065616e-02,6.224085e-03,1.098993e-01,8.855985e-03,1.329125e-02,3.757067e-04,4.226577e-03,3.862735e-01,1.082847e-02,2.351272e-01,2.306519e-02,1.884872e-02,1.065576e-01,1.829365e-02
2.156803e-02,4.114957e-02,6.784802e-03,1.078539e-01,8.372811e-03,1.184209e-02,3.274750e-04,4.715183e-03,4.522781e-01,2.112334e-02,1.910392e-01,1.902566e-02,1.489469e-02,8.142436e-02,1.760081e-02
2.294957e-02,4.067246e-02,7.339061e-03,1.669842e-01,9.626926e-03,1.317815e-02,6.605628e-04,4.558851e-03,4.312258e-01,2.260587e-02,1.612590e-01,2.199440e-02,1.673111e-02,6.019520e-02,2.001886e-02
3.069962e-02,4.207975e-02,7.339963e-03,1.510800e-01,1.146317e-02,1.840584e-02,1.752910e-03,5.939451e-03,3.660605e-01,2.527699e-02,1.465787e-01,8.194304e-02,4.546006e-02,4.579664e-02,2.012346e-02
2.953652e-02,3.874650e-02,7.205392e-03,1.264261e-01,1.090948e-02,2.571703e-02,2.602351e-03,8.666950e-03,3.126981e-01,3.221930e-02,1.276560e-01,1.235493e-01,9.916414e-02,3.491966e-02,1.998308e-02
4.049933e-02,3.974913e-02,8.219197e-03,9.133945e-02,1.115249e-02,3.054282e-02,3.218756e-03,8.022277e-03,2.586449e-01,3.809283e-02,1.021134e-01,1.433054e-01,1.713834e-01,2.919979e-02,2.451690e-02
3.533321e-02,3.598030e-02,7.489334e-03,6.520207e-02,1.348909e-02,5.749867e-02,3.072536e-03,7.511889e-03,2.066407e-01,3.423736e-02,7.491127e-02,1.457375e-01,2.662046e-01,2.255330e-02,2.413814e-02
2.732688e-02,2.903750e-02,5.538927e-03,4.592086e-02,1.148728e-02,6.518872e-02,2.477092e-03,6.357306e-03,1.658677e-01,2.510082e-02,5.384221e-02,1.310892e-01,3.956791e-01,1.634663e-02,1.873985e-02
2.280970e-02,2.634953e-02,4.225967e-03,3.237028e-02,9.856699e-03,7.786772e-02,2.063990e-03,6.819863e-03,1.453394e-01,1.876066e-02,3.883257e-02,1.083888e-01,4.807049e-01,1.190168e-02,1.370834e-02
1.839616e-02,2.481648e-02,3.123353e-03,2.278844e-02,8.686866e-03,9.901229e-02,1.848872e-03,6.429079e-03,1.344787e-01,1.467632e-02,2.801089e-02,9.111577e-02,5.275042e-01,8.844905e-03,1.026771e-02
1.489796e-02,3.034784e-02,2.444057e-03,1.608215e-02,7.126199e-03,1.158289e-01,1.599786e-03,7.817986e-03,1.374804e-01,1.106036e-02,2.014652e-02,7.554819e-02,5.454487e-01,6.526150e-03,7.644836e-03
1.330918e-02,5.530203e-02,2.573622e-03,1.160335e-02,7.896814e-03,1.145779e-01,1.583857e-03,1.034671e-02,1.539207e-01,8.520896e-03,1.454881e-02,7.055490e-02,5.246080e-01,4.933633e-03,5.719630e-03
1.194678e-02,6.987090e-02,2.599733e-03,8.245161e-03,8.561351e-03,1.061330e-01,1.762547e-03,9.903845e-03,1.440728e-01,6.492314e-03,1.051990e-02,1.122259e-01,4.995665e-01,3.606383e-03,4.492818e-03
1.319274e-02,8.049884e-02,3.180673e-03,5.924063e-03,2.359404e-02,1.009330e-01,3.993117e-03,1.904899e-02,1.655969e-01,5.014859e-03,7.832229e-03,1.251793e-01,4.398581e-01,2.680591e-03,3.472546e-03
1.393645e-02,1.064045e-01,3.521137e-03,4.226486e-03,3.731255e-02,8.855536e-02,7.890390e-03,3.403797e-02,2.167571e-01,3.726156e-03,5.792034e-03,1.249980e-01,3.483736e-01,1.951087e-03,2.517195e-03
1.508669e-02,1.122826e-01,7.532704e-03,3.442184e-03,6.358107e-02,7.319184e-02,2.299350e-02,3.531326e-02,3.125460e-01,3.397964e-03,4.815803e-03,9.461571e-02,2.472617e-01,1.608702e-03,2.330257e-03
3.966780e-02,8.813626e-02,1.090074e-02,4.088430e-03,1.265081e-01,5.348354e-02,7.664703e-02,4.928025e-02,2.538642e-01,1.224633e-02,1.177817e-02,7.580242e-02,1.759714e-01,1.043337e-02,1.119191e-02
3.438688e-02,6.353713e-02,8.435545e-03,8.767463e-03,1.809826e-01,4.667728e-02,6.940532e-02,4.865246e-02,2.091336e-01,1.063660e-02,6.962485e-02,6.573365e-02,1.296842e-01,3.572693e-02,1.861541e-02
2.610656e-02,4.536133e-02,7.494640e-03,1.058799e-02,1.543770e-01,3.336547e-02,4.909588e-02,3.527592e-02,1.557436e-01,8.813558e-03,2.347538e-01,5.668182e-02,9.635950e-02,7.058567e-02,1.539727e-02
1.974517e-02,3.513876e-02,1.279796e-02,8.720494e-03,1.115037e-01,2.360464e-02,3.440573e-02,2.494299e-02,1.158670e-01,6.951630e-03,3.984945e-01,4.505952e-02,7.133617e-02,7.934459e-02,1.208711e-02
1.898418e-02,2.630626e-02,1.336329e-02,8.746421e-03,8.090276e-02,1.894895e-02,2.433376e-02,1.782417e-02,9.485357e-02,6.033971e-03,3.550182e-01,3.266607e-02,5.288747e-02,2.385557e-01,1.057516e-02
1.514763e-02,1.943931e-02,1.393119e-02,7.043130e-03,5.875554e-02,1.480148e-02,1.716568e-02,1.266321e-02,1.040309e-01,5.006374e-03,2.731501e-01,2.332608e-02,3.849686e-02,3.880260e-01,9.016545e-03
1.592907e-02,1.759975e-02,2.872329e-02,6.159642e-03,4.703169e-02,1.320169e-02,1.266917e-02,1.020252e-02,1.048422e-01,4.251676e-03,2.002962e-01,1.654239e-02,2.796555e-02,4.851601e-01,9.425148e-03
1.972842e-02,1.612170e-02,5.196781e-02,5.482476e-03,3.657446e-02,1.306462e-02,9.421489e-03,8.374321e-03,1.095495e-01,3.989133e-03,1.432665e-01,1.194472e-02,2.027035e-02,5.316300e-01,1.861443e-02
2.833261e-02,1.420521e-02,4.780116e-02,4.724421e-03,2.756705e-02,2.088568e-02,6.769212e-03,6.568788e-03,1.215164e-01,3.564931e-03,1.052468e-01,8.670825e-03,1.491951e-02,5.621859e-01,2.704155e-02
2.504826e-02,1.195175e-02,3.621282e-02,3.751356e-03,1.984117e-02,3.467510e-02,4.834306e-03,4.985862e-03,1.557963e-01,4.181516e-03,8.922368e-02,6.682370e-03,1.153516e-02,5.441813e-01,4.709905e-02
1.984101e-02,9.356545e-03,2.664994e-02,2.886163e-03,1.410970e-02,2.610064e-02,3.425466e-03,3.658876e-03,3.041430e-01,4.697980e-03,7.017385e-02,5.025192e-03,9.412825e-03,4.335635e-01,6.695542e-02
2.587470e-02,1.263299e-02,3.297351e-02,7.847426e-03,1.267998e-02,2.086340e-02,2.671821e-03,3.058240e-03,4.214431e-01,4.637167e-03,5.455489e-02,4.253341e-03,7.801696e-03,3.253810e-01,6.332671e-02
3.895750e-02,1.673219e-02,3.662895e-02,1.109295e-02,1.815500e-02,1.658145e-02,2.137018e-03,6.935711e-03,4.366179e-01,4.790563e-03,4.309716e-02,4.510518e-03,8.068728e-03,2.947325e-01,6.096196e-02
5.807897e-02,2.138166e-02,3.434068e-02,9.817029e-03,1.783153e-02,1.769732e-02,1.704893e-03,7.148637e-03,4.153880e-01,6.251968e-03,3.402438e-02,4.718778e-03,7.196750e-03,2.953978e-01,6.902155e-02
6.989362e-02,1.989566e-02,2.968442e-02,8.624332e-03,2.754285e-02,1.557113e-02,1.411347e-03,1.060689e-02,4.826769e-01,5.521549e-03,2.638524e-02,4.960382e-03,5.900843e-03,2.391232e-01,5.220166e-02
6.808582e-02,1.845613e-02,2.338140e-02,7.469421e-03,3.797173e-02,1.151332e-02,1.091329e-03,1.521849e-02,5.190009e-01,4.818032e-03,2.062405e-02,4.050341e-03,4.553664e-03,2.223311e-01,4.143428e-02
7.446977e-02,2.923843e-02,1.979982e-02,8.042416e-03,5.415614e-02,8.931914e-03,1.062147e-03,1.511468e-02,5.217063e-01,5.094247e-03,1.598491e-02,3.510921e-03,3.713128e-03,2.039718e-01,3.520337e-02
1.157689e-01,4.236193e-02,1.704606e-02,8.476157e-03,5.259542e-02,8.291655e-03,1.174295e-03,1.359619e-02,5.010877e-01,5.994873e-03,1.374597e-02,6.948605e-03,6.003144e-03,1.735739e-01,3.333531e-02
1.624022e-01,4.616978e-02,1.681343e-02,1.150585e-02,5.509377e-02,8.380118e-03,1.326616e-03,1.277415e-02,4.505875e-01,1.202939e-02,1.422485e-02,1.017022e-02,8.253004e-03,1.408847e-01,4.938442e-02
2.145274e-01,3.829894e-02,1.637229e-02,1.781429e-02,4.958960e-02,1.150612e-02,1.892819e-03,1.366681e-02,4.068439e-01,1.057499e-02,1.804512e-02,2.645290e-02,1.446507e-02,1.112147e-01,4.873507e-02
2.903351e-01,3.433600e-02,1.669876e-02,2.066895e-02,4.420397e-02,1.371436e-02,2.359341e-03,1.301056e-02,3.575053e-01,8.803675e-03,1.719479e-02,3.069098e-02,1.507587e-02,9.186514e-02,4.353725e-02
3.716331e-01,3.331416e-02,2.289943e-02,4.417947e-02,4.020157e-02,1.646725e-02,2.954413e-03,1.298144e-02,2.677842e-01,7.465025e-03,1.600017e-02,3.846999e-02,1.612659e-02,7.104759e-02,3.847556e-02
4.040539e-01,2.806421e-02,6.395464e-02,6.667748e-02,4.155838e-02,1.642678e-02,3.572678e-03,1.771583e-02,2.059475e-01,5.720228e-03,1.393313e-02,3.623647e-02,1.513024e-02,5.219988e-02,2.880860e-02
4.403887e-01,2.565701e-02,9.230150e-02,6.841858e-02,4.064585e-02,2.371123e-02,4.653353e-03,1.729043e-02,1.627141e-01,4.973630e-03,1.174378e-02,3.267400e-02,1.371871e-02,3.808156e-02,2.302739e-02
4.594167e-01,2.125298e-02,7.015211e-02,1.302127e-01,3.077319e-02,2.165657e-02,3.501777e-03,1.344775e-02,1.160775e-01,4.610768e-03,4.368982e-02,2.554953e-02,1.467243e-02,2.726435e-02,1.772179e-02
4.562181e-01,1.956621e-02,5.222740e-02,1.781329e-01,2.456341e-02,1.963892e-02,2.874323e-03,1.089906e-02,8.426681e-02,5.164883e-03,6.745180e-02,2.616926e-02,1.508657e-02,2.172157e-02,1.601871e-02
4.030235e-01,1.626045e-02,3.872041e-02,1.720895e-01,2.085369e-02,1.735857e-02,2.895727e-03,9.216989e-03,6.364601e-02,4.470826e-03,1.639328e-01,2.911270e-02,1.268825e-02,3.145666e-02,1.427386e-02
2.853871e-01,1.162581e-02,2.766814e-02,1.413645e-01,1.946546e-02,1.427912e-02,2.339556e-03,7.210648e-03,4.627906e-02,4.892674e-03,2.828101e-01,4.841476e-02,1.110556e-02,8.663196e-02,1.052566e-02
2.087480e-01,8.827631e-03,2.040833e-02,1.072830e-01,2.825468e-02,1.278102e-02,1.824877e-03,5.663199e-03,3.422207e-02,5.543727e-03,3.554084e-01,7.036774e-02,1.120430e-02,1.216806e-01,7.782527e-03
1.545103e-01,6.733468e-03,1.496475e-02,8.389887e-02,3.760189e-02,1.018651e-02,1.332471e-03,4.434564e-03,2.779146e-02,6.776078e-03,3.466642e-01,7.641789e-02,8.476538e-03,2.143533e-01,5.857704e-03
1.215935e-01,6.769956e-03,1.129534e-02,6.655932e-02,3.509914e-02,8.732487e-03,1.003324e-03,3.675957e-03,2.495210e-02,7.301070e-03,3.363617e-01,6.228318e-02,6.505768e-03,3.032876e-01,4.579641e-03
9.285780e-02,1.950389e-02,1.982497e-02,6.673424e-02,6.631732e-02,2.386694e-02,1.932041e-03,1.580562e-02,4.600155e-02,8.148860e-03,2.829798e-01,4.647866e-02,6.839125e-03,2.981761e-01,4.533053e-03
6.797713e-02,2.016631e-02,2.139696e-02,5.556276e-02,5.620422e-02,2.227399e-02,1.521225e-03,1.607343e-02,3.924855e-02,7.097116e-03,2.367458e-01,3.559768e-02,5.895336e-03,4.106598e-01,3.579716e-03
4.984215e-02,2.759470e-02,1.798193e-02,4.070329e-02,4.573351e-02,1.841636e-02,1.106123e-03,1.259052e-02,3.113054e-02,5.684793e-03,1.923728e-01,2.629769e-02,4.386098e-03,5.231677e-01,2.991773e-03
3.751170e-02,2.648717e-02,1.606356e-02,3.037620e-02,3.789245e-02,1.823330e-02,8.052536e-04,9.645649e-03,3.668527e-02,4.526850e-03,1.536193e-01,1.879020e-02,3.179230e-03,6.027004e-01,3.483517e-03
3.357308e-02,2.271398e-02,1.456325e-02,2.472291e-02,2.929132e-02,2.189600e-02,5.996826e-04,8.135940e-03,4.158641e-02,5.323751e-03,1.500010e-01,1.364060e-02,2.442357e-03,6.283101e-01,3.199632e-03
