1.000000e+00,0.000000e+00,0.000000e+00,0.000000e+00,0.000000e+00,0.000000e+00,0.000000e+00,0.000000e+00,0.000000e+00,0.000000e+00,0.000000e+00,0.000000e+00,0.000000e+00,0.000000e+00,0.000000e+00
1.000000e+00,0.000000e+00,0.000000e+00,0.000000e+00,0.000000e+00,0.000000e+00,0.000000e+00,0.000000e+00,0.000000e+00,0.000000e+00,0.000000e+00,0.000000e+00,0.000000e+00,0.000000e+00,0.000000e+00
1.000000e+00,0.000000e+00,0.000000e+00,0.000000e+00,0.000000e+00,0.000000e+00,0.000000e+00,0.000000e+00,0.000000e+00,0.000000e+00,0.000000e+00,0.000000e+00,0.000000e+00,0.000000e+00,0.000000e+00
1.000000e+00,0.000000e+00,0.000000e+00,0.000000e+00,0.000000e+00,0.000000e+00,0.000000e+00,0.000000e+00,0.000000e+00,0.000000e+00,0.000000e+00,0.000000e+00,0.000000e+00,0.000000e+00,0.000000e+00
1.000000e+00,0.000000e+00,0.000000e+00,0.000000e+00,0.000000e+00,0.000000e+00,0.000000e+00,0.000000e+00,0.000000e+00,0.000000e+00,0.000000e+00,0.000000e+00,0.000000e+00,0.000000e+00,0.000000e+00
1.000000e+00,0.000000e+00,0.000000e+00,0.000000e+00,0.000000e+00,0.000000e+00,0.000000e+00,0.000000e+00,0.000000e+00,0.000000e+00,0.000000e+00,0.000000e+00,0.000000e+00,0.000000e+00,0.000000e+00
1.000000e+00,0.000000e+00,0.000000e+00,0.000000e+00,0.000000e+00,0.000000e+00,0.000000e+00,0.000000e+00,0.000000e+00,0.000000e+00,0.000000e+00,0.000000e+00,0.000000e+00,0.000000e+00,0.000000e+00
1.000000e+00,0.000000e+00,0.000000e+00,0.000000e+00,0.000000e+00,0.000000e+00,0.000000e+00,0.000000e+00,0.000000e+00,0.000000e+00,0.000000e+00,0.000000e+00,0.000000e+00,0.000000e+00,0.000000e+00
1.000000e+00,0.000000e+00,0.000000e+00,0.000000e+00,0.000000e+00,0.000000e+00,0.000000e+00,0.000000e+00,0.000000e+00,0.000000e+00,0.000000e+00,0.000000e+00,0.000000e+00,0.000000e+00,0.000000e+00
1.000000e+00,0.000000e+00,0.000000e+00,0.000000e+00,0.000000e+00,0.000000e+00,0.000000e+00,0.000000e+00,0.000000e+00,0.000000e+00,0.000000e+00,0.000000e+00,0.000000e+00,0.000000e+00,0.000000e+00
1.000000e+00,0.000000e+00,0.000000e+00,0.000000e+00,0.000000e+00,0.000000e+00,0.000000e+00,0.000000e+00,0.000000e+00,0.000000e+00,0.000000e+00,0.000000e+00,0.000000e+00,0.000000e+00,0.000000e+00
1.000000e+00,0.000000e+00,0.000000e+00,0.000000e+00,0.000000e+00,0.000000e+00,0.000000e+00,0.000000e+00,0.000000e+00,0.000000e+00,0.000000e+00,0.000000e+00,0.000000e+00,0.000000e+00,0.000000e+00
1.000000e+00,0.000000e+00,0.000000e+00,0.000000e+00,0.000000e+00,0.000000e+00,0.000000e+00,0.000000e+00,0.000000e+00,0.000000e+00,0.000000e+00,0.000000e+00,0.000000e+00,0.000000e+00,0.000000e+00
1.000000e+00,0.000000e+00,0.000000e+00,0.000000e+00,0.000000e+00,0.000000e+00,0.000000e+00,0.000000e+00,0.000000e+00,0.000000e+00,0.000000e+00,0.000000e+00,0.000000e+00,0.000000e+00,0.000000e+00
1.000000e+00,0.000000e+00,0.000000e+00,0.000000e+00,0.000000e+00,0.000000e+00,0.000000e+00,0.000000e+00,0.000000e+00,0.000000e+00,0.000000e+00,0.000000e+00,0.000000e+00,0.000000e+00,0.000000e+00
1.000000e+00,0.000000e+00,0.000000e+00,0.000000e+00,0.000000e+00,0.000000e+00,0.000000e+00,0.000000e+00,0.000000e+00,0.000000e+00,0.000000e+00,0.000000e+00,0.000000e+00,0.000000e+00,0.000000e+00
1.000000e+00,0.000000e+00,0.000000e+00,0.000000e+00,0.000000e+00,0.000000e+00,0.000000e+00,0.000000e+00,0.000000e+00,0.000000e+00,0.000000e+00,0.000000e+00,0.000000e+00,0.000000e+00,0.000000e+00
1.000000e+00,0.000000e+00,0.000000e+00,0.000000e+00,0.000000e+00,0.000000e+00,0.000000e+00,0.000000e+00,0.000000e+00,0.000000e+00,0.000000e+00,0.000000e+00,0.000000e+00,0.000000e+00,0.000000e+00
1.000000e+00,0.000000e+00,0.000000e+00,0.000000e+00,0.000000e+00,0.000000e+00,0.000000e+00,0.000000e+00,0.000000e+00,0.000000e+00,0.000000e+00,0.000000e+00,0.000000e+00,0.000000e+00,0.000000e+00
1.000000e+00,0.000000e+00,0.000000e+00,0.000000e+00,0.000000e+00,0.000000e+00,0.000000e+00,0.000000e+00,0.000000e+00,0.000000e+00,0.000000e+00,0.000000e+00,0.000000e+00,0.000000e+00,0.000000e+00
1.000000e+00,0.000000e+00,0.000000e+00,0.000000e+00,0.000000e+00,0.000000e+00,0.000000e+00,0.000000e+00,0.000000e+00,0.000000e+00,0.000000e+00,0.000000e+00,0.000000e+00,0.000000e+00,0.000000e+00
1.000000e+00,0.000000e+00,0.000000e+00,0.000000e+00,0.000000e+00,0.000000e+00,0.000000e+00,0.000000e+00,0.000000e+00,0.000000e+00,0.000000e+00,0.000000e+00,0.000000e+00,0.000000e+00,0.000000e+00
1.000000e+00,0.000000e+00,0.000000e+00,0.000000e+00,0.000000e+00,0.000000e+00,0.000000e+00,0.000000e+00,0.000000e+00,0.000000e+00,0.000000e+00,0.000000e+00,0.000000e+00,0.000000e+00,0.000000e+00
1.000000e+00,0.000000e+00,0.000000e+00,0.000000e+00,0.000000e+00,0.000000e+00,0.000000e+00,0.000000e+00,0.000000e+00,0.000000e+00,0.000000e+00,0.000000e+00,0.000000e+00,0.000000e+00,0.000000e+00
1.000000e+00,0.000000e+00,0.000000e+00,0.000000e+00,0.000000e+00,0.000000e+00,0.000000e+00,0.000000e+00,0.000000e+00,0.000000e+00,0.000000e+00,0.000000e+00,0.000000e+00,0.000000e+00,0.000000e+00
1.000000e+00,0.000000e+00,0.000000e+00,0.000000e+00,0.000000e+00,0.000000e+00,0.000000e+00,0.000000e+00,0.000000e+00,0.000000e+00,0.000000e+00,0.000000e+00,0.000000e+00,0.000000e+00,0.000000e+00
1.000000e+00,0.000000e+00,0.000000e+00,0.000000e+00,0.000000e+00,0.000000e+00,0.000000e+00,0.000000e+00,0.000000e+00,0.000000e+00,0.000000e+00,0.000000e+00,0.000000e+00,0.000000e+00,0.000000e+00
1.000000e+00,0.000000e+00,0.000000e+00,0.000000e+00,0.000000e+00,0.000000e+00,0.000000e+00,0.000000e+00,0.000000e+00,0.000000e+00,0.000000e+00,0.000000e+00,0.000000e+00,0.000000e+00,0.000000e+00
1.000000e+00,0.000000e+00,0.000000e+00,0.000000e+00,0.000000e+00,0.000000e+00,0.000000e+00,0.000000e+00,0.000000e+00,0.000000e+00,0.000000e+00,0.000000e+00,0.000000e+00,0.000000e+00,0.000000e+00
1.000000e+00,0.000000e+00,0.000000e+00,0.000000e+00,0.000000e+00,0.000000e+00,0.000000e+00,0.000000e+00,0.000000e+00,0.000000e+00,0.000000e+00,0.000000e+00,0.000000e+00,0.000000e+00,0.000000e+00
1.000000e+00,0.000000e+00,0.000000e+00,0.000000e+00,0.000000e+00,0.000000e+00,0.000000e+00,0.000000e+00,0.000000e+00,0.000000e+00,0.000000e+00,0.000000e+00,0.000000e+00,0.000000e+00,0.000000e+00
1.000000e+00,0.000000e+00,0.000000e+00,0.000000e+00,0.000000e+00,0.000000e+00,0.000000e+00,0.000000e+00,0.000000e+00,0.000000e+00,0.000000e+00,0.000000e+00,0.000000e+00,0.000000e+00,0.000000e+00
1.000000e+00,0.000000e+00,0.000000e+00,0.000000e+00,0.000000e+00,0.000000e+00,0.000000e+00,0.000000e+00,0.000000e+00,0.000000e+00,0.000000e+00,0.000000e+00,0.000000e+00,0.000000e+00,0.000000e+00
1.000000e+00,0.000000e+00,0.000000e+00,0.000000e+00,0.000000e+00,0.000000e+00,0.000000e+00,0.000000e+00,0.000000e+00,0.000000e+00,0.000000e+00,0.000000e+00,0.000000e+00,0.000000e+00,0.000000e+00
1.000000e+00,0.000000e+00,0.000000e+00,0.000000e+00,0.000000e+00,0.000000e+00,0.000000e+00,0.000000e+00,0.000000e+00,0.000000e+00,0.000000e+00,0.000000e+00,0.000000e+00,0.000000e+00,0.000000e+00
1.000000e+00,0.000000e+00,0.000000e+00,0.000000e+00,0.000000e+00,0.000000e+00,0.000000e+00,0.000000e+00,0.000000e+00,0.000000e+00,0.000000e+00,0.000000e+00,0.000000e+00,0.000000e+00,0.000000e+00
1.000000e+00,0.000000e+00,0.000000e+00,0.000000e+00,0.000000e+00,0.000000e+00,0.000000e+00,0.000000e+00,0.000000e+00,0.000000e+00,0.000000e+00,0.000000e+00,0.000000e+00,0.000000e+00,0.000000e+00
1.000000e+00,0.000000e+00,0.000000e+00,0.000000e+00,0.000000e+00,0.000000e+00,0.000000e+00,0.000000e+00,0.000000e+00,0.000000e+00,0.000000e+00,0.000000e+00,0.000000e+00,0.000000e+00,0.000000e+00
1.000000e+00,0.000000e+00,0.000000e+00,0.000000e+00,0.000000e+00,0.000000e+00,0.000000e+00,0.000000e+00,0.000000e+00,0.000000e+00,0.000000e+00,0.000000e+00,0.000000e+00,0.000000e+00,0.000000e+00
1.000000e+00,0.000000e+00,0.000000e+00,0.000000e+00,0.000000e+00,0.000000e+00,0.000000e+00,0.000000e+00,0.000000e+00,0.000000e+00,0.000000e+00,0.000000e+00,0.000000e+00,0.000000e+00,0.000000e+00
1.000000e+00,0.000000e+00,0.000000e+00,0.000000e+00,0.000000e+00,0.000000e+00,0.000000e+00,0.000000e+00,0.000000e+00,0.000000e+00,0.000000e+00,0.000000e+00,0.000000e+00,0.000000e+00,0.000000e+00
1.000000e+00,0.000000e+00,0.000000e+00,0.000000e+00,0.000000e+00,0.000000e+00,0.000000e+00,0.000000e+00,0.000000e+00,0.000000e+00,0.000000e+00,0.000000e+00,0.000000e+00,0.000000e+00,0.000000e+00
1.000000e+00,0.000000e+00,0.000000e+00,0.000000e+00,0.000000e+00,0.000000e+00,0.000000e+00,0.000000e+00,0.000000e+00,0.000000e+00,0.000000e+00,0.000000e+00,0.000000e+00,0.000000e+00,0.000000e+00
1.000000e+00,0.000000e+00,0.000000e+00,0.000000e+00,0.000000e+00,0.000000e+00,0.000000e+00,0.000000e+00,0.000000e+00,0.000000e+00,0.000000e+00,0.000000e+00,0.000000e+00,0.000000e+00,0.000000e+00
1.000000e+00,0.000000e+00,0.000000e+00,0.000000e+00,0.000000e+00,0.000000e+00,0.000000e+00,0.000000e+00,0.000000e+00,0.000000e+00,0.000000e+00,0.000000e+00,0.000000e+00,0.000000e+00,0.000000e+00
1.000000e+00,0.000000e+00,0.000000e+00,0.000000e+00,0.000000e+00,0.000000e+00,0.000000e+00,0.000000e+00,0.000000e+00,0.000000e+00,0.000000e+00,0.000000e+00,0.000000e+00,0.000000e+00,0.000000e+00
1.000000e+00,0.000000e+00,0.000000e+00,0.000000e+00,0.000000e+00,0.000000e+00,0.000000e+00,0.000000e+00,0.000000e+00,0.000000e+00,0.000000e+00,0.000000e+00,0.000000e+00,0.000000e+00,0.000000e+00
1.000000e+00,0.000000e+00,0.000000e+00,0.000000e+00,0.000000e+00,0.000000e+00,0.000000e+00,0.000000e+00,0.000000e+00,0.000000e+00,0.000000e+00,0.000000e+00,0.000000e+00,0.000000e+00,0.000000e+00
1.000000e+00,0.000000e+00,0.000000e+00,0.000000e+00,0.000000e+00,0.000000e+00,0.000000e+00,0.000000e+00,0.000000e+00,0.000000e+00,0.000000e+00,0.000000e+00,0.000000e+00,0.000000e+00,0.000000e+00
1.000000e+00,0.000000e+00,0.000000e+00,0.000000e+00,0.000000e+00,0.000000e+00,0.000000e+00,0.000000e+00,0.000000e+00,0.000000e+00,0.000000e+00,0.000000e+00,0.000000e+00,0.000000e+00,0.000000e+00
1.000000e+00,0.000000e+00,0.000000e+00,0.000000e+00,0.000000e+00,0.000000e+00,0.000000e+00,0.000000e+00,0.000000e+00,0.000000e+00,0.000000e+00,0.000000e+00,0.000000e+00,0.000000e+00,0.000000e+00
1.000000e+00,0.000000e+00,0.000000e+00,0.000000e+00,0.000000e+00,0.000000e+00,0.000000e+00,0.000000e+00,0.000000e+00,0.000000e+00,0.000000e+00,0.000000e+00,0.000000e+00,0.000000e+00,0.000000e+00
1.000000e+00,0.000000e+00,0.000000e+00,0.000000e+00,0.000000e+00,0.000000e+00,0.000000e+00,0.000000e+00,0.000000e+00,0.000000e+00,0.000000e+00,0.000000e+00,0.000000e+00,0.000000e+00,0.000000e+00
1.000000e+00,0.000000e+00,0.000000e+00,0.000000e+00,0.000000e+00,0.000000e+00,0.000000e+00,0.000000e+00,0.000000e+00,0.000000e+00,0.000000e+00,0.000000e+00,0.000000e+00,0.000000e+00,0.000000e+00
1.000000e+00,0.000000e+00,0.000000e+00,0.000000e+00,0.000000e+00,0.000000e+00,0.000000e+00,0.000000e+00,0.000000e+00,0.000000e+00,0.000000e+00,0.000000e+00,0.000000e+00,0.000000e+00,0.000000e+00
1.000000e+00,0.000000e+00,0.000000e+00,0.000000e+00,0.000000e+00,0.000000e+00,0.000000e+00,0.000000e+00,0.000000e+00,0.000000e+00,0.000000e+00,0.000000e+00,0.000000e+00,0.000000e+00,0.000000e+00
1.000000e+00,0.000000e+00,0.000000e+00,0.000000e+00,0.000000e+00,0.000000e+00,0.000000e+00,0.000000e+00,0.000000e+00,0.000000e+00,0.000000e+00,0.000000e+00,0.000000e+00,0.000000e+00,0.000000e+00
1.000000e+00,0.000000e+00,0.000000e+00,0.000000e+00,0.000000e+00,0.000000e+00,0.000000e+00,0.000000e+00,0.000000e+00,0.000000e+00,0.000000e+00,0.000000e+00,0.000000e+00,0.000000e+00,0.000000e+00
1.000000e+00,0.000000e+00,0.000000e+00,0.000000e+00,0.000000e+00,0.000000e+00,0.000000e+00,0.000000e+00,0.000000e+00,0.000000e+00,0.000000e+00,0.000000e+00,0.000000e+00,0.000000e+00,0.000000e+00
1.000000e+00,0.000000e+00,0.000000e+00,0.000000e+00,0.000000e+00,0.000000e+00,0.000000e+00,0.000000e+00,0.000000e+00,0.000000e+00,0.000000e+00,0.000000e+00,0.000000e+00,0.000000e+00,0.000000e+00
1.000000e+00,0.000000e+00,0.000000e+00,0.000000e+00,0.000000e+00,0.000000e+00,0.000000e+00,0.000000e+00,0.000000e+00,0.000000e+00,0.000000e+00,0.000000e+00,0.000000e+00,0.000000e+00,0.000000e+00
4.820820e-01,7.286190e-03,2.927206e-02,2.483427e-02,6.137291e-03,2.385380e-02,2.460787e-02,3.637975e-01,1.711497e-03,6.942925e-04,3.784890e-03,1.248384e-02,1.188872e-02,1.252697e-03,6.313135e-03
4.571237e-01,6.355272e-03,2.381251e-02,1.930271e-02,6.031077e-03,2.713839e-02,3.304698e-02,3.921366e-01,1.437568e-03,6.519145e-04,3.022457e-03,1.102113e-02,1.195174e-02,1.109418e-03,5.858544e-03
4.495565e-01,5.621024e-03,1.974966e-02,1.551855e-02,6.824527e-03,2.862916e-02,3.713838e-02,4.029735e-01,1.400279e-03,6.604290e-04,2.629936e-03,1.019294e-02,1.250459e-02,1.015829e-03,5.584768e-03
4.627486e-01,4.962448e-03,1.844688e-02,1.287967e-02,7.995765e-03,3.758737e-02,6.062744e-02,3.585116e-01,1.419083e-03,6.973138e-04,2.567375e-03,1.021838e-02,1.457530e-02,1.041339e-03,5.721501e-03
4.417765e-01,3.926098e-03,1.693696e-02,1.026546e-02,9.392854e-03,4.813007e-02,7.787452e-02,3.545116e-01,1.513159e-03,7.324380e-04,2.301900e-03,1.040074e-02,1.590783e-02,9.806755e-04,5.349192e-03
3.758727e-01,2.924149e-03,1.434812e-02,8.175188e-03,1.017366e-02,3.880199e-02,8.632819e-02,4.323300e-01,1.398639e-03,6.173923e-04,1.857069e-03,8.917368e-03,1.325789e-02,8.181405e-04,4.179482e-03
3.706296e-01,2.347295e-03,1.139003e-02,6.656612e-03,1.110349e-02,3.739436e-02,1.025562e-01,4.231685e-01,1.453238e-03,7.856622e-04,1.992504e-03,1.137361e-02,1.354405e-02,9.474805e-04,4.657316e-03
2.923328e-01,3.753408e-03,1.188873e-02,1.429874e-02,9.817872e-03,3.393871e-02,7.828338e-02,4.834831e-01,3.945598e-03,1.803267e-03,8.782152e-03,1.544045e-02,2.752374e-02,6.130872e-03,8.577231e-03
2.062473e-01,5.541116e-03,8.726151e-03,7.781503e-02,7.445958e-03,4.323982e-02,5.928385e-02,3.540720e-01,5.572943e-03,2.010383e-03,1.035474e-02,1.119728e-02,1.878277e-01,4.316718e-03,1.634912e-02
1.444757e-01,4.122451e-03,6.288520e-03,5.580833e-02,5.389805e-03,3.295325e-02,4.192087e-02,2.481066e-01,4.543156e-03,1.913319e-03,7.527512e-03,8.130688e-03,3.741798e-01,3.137294e-03,6.150271e-02
1.011793e-01,3.265386e-03,4.572397e-03,3.972638e-02,3.978393e-03,2.508499e-02,2.990316e-02,1.738305e-01,3.754317e-03,2.095375e-03,5.714857e-03,6.080013e-03,4.659324e-01,2.709851e-03,1.321727e-01
7.135701e-02,3.969552e-03,3.500686e-03,2.818178e-02,3.247479e-03,1.924712e-02,2.180518e-02,1.218034e-01,8.326114e-03,5.605203e-03,5.146687e-03,4.636032e-03,4.045253e-01,1.294791e-02,2.857005e-01
5.007517e-02,3.672068e-03,2.990764e-03,2.025371e-02,2.530265e-03,1.578626e-02,1.603324e-02,8.549182e-02,1.669073e-02,4.479951e-02,6.976742e-03,5.429892e-03,3.367400e-01,1.294402e-02,3.795858e-01
3.524796e-02,2.745661e-03,2.237569e-03,1.466368e-02,2.448076e-03,1.176976e-02,1.165771e-02,5.991543e-02,1.230556e-02,4.924661e-02,6.358348e-03,6.372150e-03,2.383463e-01,9.325176e-03,5.373600e-01
2.603047e-02,3.610454e-03,5.212846e-03,1.473390e-02,6.754011e-03,1.269544e-02,1.475505e-02,4.387430e-02,1.091357e-02,4.695088e-02,5.354030e-03,5.499357e-03,1.716508e-01,7.431638e-03,6.245332e-01
1.941150e-02,7.146089e-03,9.279015e-03,3.086608e-02,9.451175e-03,1.891293e-02,1.148499e-02,3.125669e-02,1.114624e-02,4.472966e-02,4.271663e-03,4.509726e-03,1.301356e-01,6.573120e-03,6.608255e-01
1.484731e-02,1.154055e-02,9.729434e-03,3.767063e-02,8.536433e-03,2.529183e-02,9.835145e-03,2.233787e-02,1.560189e-02,4.306790e-02,5.784935e-03,4.902668e-03,1.035468e-01,5.714211e-03,6.815923e-01
1.103520e-02,8.543978e-03,8.002141e-03,3.015861e-02,7.673040e-03,2.258082e-02,1.433852e-02,1.673806e-02,1.166407e-02,3.401361e-02,6.398955e-03,4.464102e-03,7.722847e-02,4.817209e-03,7.423432e-01
8.472010e-03,6.234140e-03,7.892482e-03,2.880237e-02,1.094884e-02,2.632110e-02,7.274990e-02,1.758190e-02,8.927980e-03,2.479390e-02,7.779852e-03,5.670173e-03,5.803288e-02,4.040122e-03,7.117523e-01
8.715307e-03,6.169897e-03,8.225434e-03,2.133127e-02,1.694173e-02,1.986717e-02,5.470497e-02,1.845051e-02,4.510253e-02,1.801404e-02,6.956677e-03,4.494485e-03,5.217040e-02,3.280670e-03,7.155749e-01
8.043536e-03,1.487851e-02,1.402082e-02,2.822326e-02,2.886865e-02,1.997543e-02,5.534994e-02,1.750615e-02,1.463715e-01,1.486710e-02,7.499317e-03,4.072298e-03,4.751501e-02,2.510954e-03,5.902975e-01
1.069482e-02,3.178647e-02,3.149120e-02,8.619124e-02,3.064425e-02,1.894807e-02,4.052522e-02,1.841450e-02,1.920469e-01,1.310752e-02,1.024815e-02,3.834709e-03,6.628619e-02,2.170895e-03,4.436099e-01
1.827507e-02,4.582463e-02,7.902106e-02,6.658738e-02,3.649519e-02,2.104972e-02,3.085248e-02,1.834789e-02,1.919248e-01,1.151326e-02,1.120345e-02,4.796962e-03,7.639633e-02,2.230987e-03,3.854808e-01
2.573838e-02,4.402312e-02,2.077955e-01,5.343413e-02,3.811074e-02,2.380501e-02,2.273848e-02,1.480774e-02,1.598499e-01,9.795449e-03,9.743798e-03,4.802982e-03,7.232299e-02,2.040347e-03,3.109914e-01
2.038081e-02,3.805535e-02,4.049713e-01,4.600539e-02,2.838407e-02,1.994400e-02,1.614502e-02,1.105315e-02,1.159774e-01,8.600375e-03,8.051841e-03,3.980278e-03,5.218520e-02,1.472304e-03,2.247935e-01
2.598542e-02,4.391797e-02,4.703572e-01,4.065904e-02,2.669077e-02,2.269076e-02,1.346528e-02,1.042612e-02,1.110543e-01,7.405121e-03,6.740741e-03,4.050680e-03,4.535480e-02,1.327646e-03,1.698741e-01
3.673511e-02,8.549488e-02,4.062322e-01,3.642008e-02,3.022874e-02,3.323229e-02,1.099765e-02,1.311213e-02,1.207463e-01,7.472087e-03,5.338810e-03,4.489969e-03,8.458520e-02,1.296040e-03,1.236186e-01
4.972953e-02,8.468080e-02,3.819557e-01,3.860452e-02,4.013747e-02,4.212073e-02,1.087395e-02,2.181235e-02,1.186700e-01,7.542325e-03,4.523272e-03,1.150384e-02,9.416611e-02,1.474845e-03,9.220456e-02
6.827348e-02,9.309745e-02,2.923180e-01,2.961718e-02,7.463858e-02,3.774012e-02,2.735442e-02,2.415893e-02,1.126668e-01,1.325466e-02,4.437145e-03,1.857907e-02,1.090077e-01,2.739143e-03,9.211729e-02
1.001410e-01,7.220993e-02,2.202079e-01,2.438128e-02,1.434242e-01,3.341950e-02,2.398614e-02,2.393948e-02,1.013859e-01,1.179185e-02,5.533517e-03,2.453910e-02,1.318568e-01,4.115773e-03,7.906763e-02
1.559187e-01,6.122394e-02,1.600774e-01,2.764866e-02,1.332648e-01,5.364567e-02,2.095499e-02,1.884908e-02,7.647634e-02,1.399112e-02,1.582685e-02,2.844280e-02,1.163900e-01,7.159776e-03,1.101299e-01
1.453840e-01,7.180534e-02,1.289218e-01,5.484951e-02,9.673066e-02,6.652083e-02,1.548648e-02,1.364305e-02,6.748512e-02,2.201309e-02,5.821504e-02,3.872332e-02,9.211466e-02,8.764485e-03,1.193426e-01
1.413185e-01,6.912589e-02,9.702343e-02,6.135733e-02,7.105216e-02,8.682971e-02,1.180324e-02,1.008353e-02,6.227065e-02,2.654933e-02,1.249887e-01,3.766321e-02,8.181850e-02,1.931404e-02,9.880168e-02
1.067042e-01,5.157170e-02,6.896465e-02,6.465385e-02,5.755373e-02,6.506269e-02,8.824070e-03,8.444309e-03,7.358475e-02,1.946940e-02,2.674644e-01,3.343971e-02,7.381169e-02,2.770774e-02,7.274314e-02
7.741559e-02,4.799208e-02,5.761114e-02,6.682422e-02,5.678013e-02,4.996469e-02,7.262734e-03,6.637014e-03,6.865594e-02,1.517826e-02,3.584023e-01,2.904425e-02,5.349773e-02,5.136182e-02,5.337212e-02
5.565642e-02,3.808881e-02,4.247519e-02,4.920937e-02,4.280126e-02,3.702669e-02,5.207157e-03,5.088281e-03,6.104083e-02,1.187226e-02,4.819635e-01,3.056090e-02,3.909748e-02,6.069230e-02,3.921951e-02
4.121784e-02,3.026618e-02,3.354135e-02,4.408990e-02,3.956677e-02,2.895406e-02,3.978244e-03,3.930370e-03,6.674777e-02,1.364498e-02,4.790843e-01,3.457199e-02,2.973240e-02,1.208822e-01,2.979166e-02
2.912763e-02,2.767794e-02,2.518502e-02,3.153153e-02,3.762137e-02,2.394591e-02,2.872060e-03,2.897214e-03,7.700372e-02,1.106497e-02,3.988266e-01,3.407256e-02,2.180007e-02,2.514936e-01,2.487979e-02
2.159227e-02,2.316781e-02,1.855695e-02,2.241784e-02,8.877690e-02,1.872166e-02,2.232380e-03,2.113497e-03,8.941709e-02,8.356678e-03,4.070101e-01,2.452330e-02,1.579547e-02,2.370268e-01,2.029128e-02
1.575909e-02,3.110808e-02,1.599015e-02,1.589633e-02,1.196299e-01,3.979425e-02,1.740924e-03,1.626264e-03,1.087245e-01,6.376250e-03,3.555069e-01,1.750034e-02,1.139529e-02,2.433747e-01,1.557706e-02
1.168569e-02,1.339150e-01,1.285854e-02,1.237533e-02,1.289313e-01,3.978876e-02,1.327213e-03,1.398951e-03,1.800333e-01,5.401141e-03,2.502142e-01,1.258955e-02,8.573201e-03,1.824134e-01,1.849438e-02
8.567669e-03,1.917279e-01,9.784665e-03,9.759905e-03,1.005549e-01,4.143201e-02,9.405636e-04,1.009993e-03,2.637965e-01,6.367307e-03,1.787204e-01,9.077970e-03,7.468528e-03,1.356204e-01,3.517135e-02
6.444842e-03,2.232972e-01,7.934416e-03,1.139292e-02,7.600674e-02,4.688415e-02,6.661194e-04,8.200607e-04,3.395191e-01,6.483512e-03,1.299337e-01,6.532606e-03,5.863223e-03,1.024554e-01,3.576609e-02
4.746166e-03,2.359800e-01,7.010238e-03,2.137152e-02,5.373267e-02,3.369204e-02,4.691851e-04,9.270878e-04,4.161487e-01,6.537949e-03,9.921455e-02,4.817621e-03,5.749501e-03,7.536780e-02,3.423508e-02
3.568111e-03,2.265888e-01,5.692825e-03,2.229792e-02,3.769788e-02,2.770111e-02,3.338893e-04,1.078101e-03,4.829662e-01,7.122183e-03,8.326538e-02,4.454565e-03,7.670527e-03,5.650628e-02,3.305621e-02
3.095553e-03,2.556290e-01,4.622237e-03,2.434335e-02,2.709686e-02,2.312244e-02,2.662653e-04,1.359485e-03,4.518415e-01,9.902911e-03,9.196915e-02,8.652250e-03,1.472395e-02,5.198348e-02,3.139166e-02
3.304874e-03,1.863328e-01,4.434941e-03,2.017302e-02,2.198564e-02,1.757092e-02,7.099520e-04,1.486925e-03,5.213147e-01,2.758646e-02,8.656503e-02,1.006221e-02,2.417121e-02,4.974969e-02,2.455168e-02
2.866982e-03,1.373387e-01,4.326074e-03,1.926486e-02,2.320870e-02,1.447430e-02,8.982178e-04,2.577983e-03,5.870566e-01,2.946645e-02,7.975946e-02,8.559464e-03,2.567612e-02,4.632554e-02,1.820063e-02
2.795539e-03,1.056469e-01,3.774393e-03,1.744814e-02,2.538047e-02,1.175892e-02,1.014268e-03,4.404172e-03,6.484796e-01,2.950369e-02,7.148683e-02,6.545412e-03,2.362953e-02,3.451925e-02,1.361285e-02
3.164114e-03,7.897616e-02,2.993709e-03,1.552738e-02,2.487908e-02,1.204876e-02,9.433700e-04,4.120336e-03,7.270601e-01,2.265851e-02,5.144642e-02,4.707721e-03,1.713225e-02,2.422593e-02,1.011618e-02
5.808893e-03,6.576853e-02,4.682821e-03,3.263713e-02,4.098633e-02,1.456804e-02,7.647817e-03,1.529003e-02,7.127044e-01,2.064452e-02,3.758480e-02,3.540699e-03,1.311058e-02,1.705053e-02,7.974846e-03
8.431161e-03,5.739921e-02,6.344575e-03,7.998433e-02,5.061074e-02,1.220583e-02,7.929395e-03,5.332492e-02,6.442598e-01,1.954422e-02,2.741611e-02,2.774725e-03,1.000750e-02,1.204468e-02,7.722816e-03
1.140414e-02,4.740712e-02,5.904446e-03,6.696851e-02,4.938083e-02,1.194254e-02,8.083849e-03,2.008469e-01,5.384834e-01,1.506278e-02,1.967221e-02,2.123110e-03,7.433909e-03,8.477215e-03,6.809012e-03
1.118892e-02,3.662839e-02,5.527975e-03,4.738528e-02,4.142269e-02,1.341622e-02,9.700315e-03,3.794210e-01,4.121549e-01,1.080329e-02,1.416925e-02,1.545708e-03,5.625685e-03,5.946935e-03,5.063425e-03
1.067371e-02,2.820018e-02,6.241727e-03,3.469640e-02,3.431097e-02,1.114868e-02,9.534633e-03,5.298899e-01,3.029156e-01,8.189297e-03,1.014627e-02,1.224285e-03,4.303871e-03,4.201006e-03,4.323561e-03
1.041950e-02,2.355960e-02,6.131365e-03,2.544708e-02,2.845774e-02,1.040513e-02,1.039553e-02,6.411843e-01,2.184195e-01,6.154187e-03,7.350513e-03,1.091874e-03,3.979801e-03,2.977590e-03,4.026295e-03
1.201507e-02,1.977306e-02,4.950828e-03,1.904648e-02,2.448695e-02,8.440286e-03,9.551805e-03,7.211194e-01,1.605868e-01,4.519599e-03,5.341056e-03,1.023463e-03,3.675605e-03,2.106444e-03,3.363149e-03
1.362870e-02,1.683113e-02,5.810895e-03,1.443583e-02,2.092557e-02,7.314517e-03,7.599218e-03,7.780192e-01,1.172347e-01,4.027934e-03,4.110624e-03,1.112565e-03,3.964821e-03,1.551410e-03,3.432956e-03
2.511621e-02,1.814492e-02,7.761874e-03,1.301895e-02,2.197275e-02,1.416050e-02,7.653159e-03,7.696116e-01,9.218629e-02,4.200991e-03,4.648515e-03,1.785845e-03,1.324506e-02,1.213538e-03,5.279785e-03
3.302864e-02,2.360038e-02,3.536727e-02,1.381912e-02,2.272666e-02,2.184601e-02,6.999086e-03,6.777375e-01,7.823218e-02,1.793453e-02,1.946639e-02,1.622453e-02,1.500183e-02,3.708185e-03,1.430770e-02
2.417978e-02,2.635833e-02,1.070319e-01,2.818943e-02,2.277359e-02,2.615684e-02,6.894408e-03,5.120298e-01,6.083644e-02,2.295797e-02,4.428633e-02,7.370066e-02,2.132316e-02,9.289837e-03,1.399154e-02
1.771493e-02,2.017491e-02,8.554322e-02,4.372140e-02,2.556672e-02,2.243152e-02,1.055779e-02,3.925210e-01,5.334256e-02,1.833833e-02,1.216988e-01,1.305949e-01,2.196030e-02,2.516723e-02,1.066636e-02
1.347066e-02,1.488732e-02,6.565686e-02,3.912661e-02,3.021723e-02,2.055427e-02,1.005183e-02,2.972054e-01,4.741044e-02,1.390161e-02,2.393292e-01,1.371196e-01,1.997138e-02,4.318892e-02,7.908626e-03
1.006992e-02,1.076783e-02,4.653997e-02,2.914728e-02,3.399622e-02,1.772774e-02,7.602001e-03,2.125075e-01,3.660103e-02,1.089090e-02,3.527738e-01,1.654491e-01,1.669968e-02,4.352527e-02,5.701663e-03
7.295785e-03,8.352425e-03,3.292380e-02,2.077935e-02,2.579427e-02,1.403572e-02,5.572193e-03,1.511371e-01,3.312628e-02,8.040315e-03,4.104278e-01,1.878133e-01,1.406127e-02,7.627734e-02,4.363153e-03
5.158875e-03,6.559221e-03,2.322324e-02,1.474829e-02,2.019676e-02,9.995568e-03,3.920785e-03,1.068456e-01,4.062744e-02,5.906188e-03,4.971608e-01,1.582875e-01,1.084789e-02,9.311080e-02,3.411058e-03
3.910706e-03,6.348304e-03,1.680368e-02,1.071228e-02,2.621660e-02,7.181261e-03,2.827846e-03,7.605386e-02,8.762489e-02,4.450957e-03,5.042531e-01,1.233444e-01,9.247502e-03,1.179171e-01,3.107422e-03
3.040960e-03,8.668873e-03,1.303345e-02,9.271902e-03,4.065656e-02,5.937006e-03,2.244930e-03,5.417524e-02,1.080036e-01,3.498539e-03,5.495235e-01,9.433024e-02,7.922961e-03,9.682831e-02,2.863966e-03
2.548603e-03,7.733194e-03,9.693340e-03,8.672214e-03,3.580304e-02,5.614196e-03,1.717783e-03,3.860832e-02,1.175334e-01,2.891380e-03,6.036552e-01,7.545565e-02,7.861201e-03,7.974499e-02,2.467557e-03
2.402809e-03,6.526181e-03,6.873934e-03,6.596227e-03,3.167324e-02,8.262781e-03,1.315914e-03,2.727821e-02,1.893041e-01,2.303015e-03,5.782859e-01,6.373994e-02,1.273459e-02,6.064088e-02,2.062324e-03
2.062405e-03,5.170951e-03,5.116426e-03,5.554902e-03,3.571152e-02,9.192402e-03,1.265063e-03,1.966756e-02,2.508191e-01,1.804203e-03,5.573580e-01,4.726072e-02,1.135054e-02,4.606591e-02,1.600332e-03
1.661263e-03,3.941999e-03,3.942764e-03,4.297124e-03,2.709823e-02,7.602141e-03,1.246429e-03,1.430918e-02,2.029865e-01,1.582336e-03,6.529679e-01,3.471458e-02,8.824739e-03,3.357284e-02,1.252050e-03
1.336774e-03,3.669127e-03,3.075026e-03,3.207886e-03,2.356994e-02,5.586887e-03,1.257166e-03,1.033918e-02,2.281523e-01,1.469248e-03,6.602724e-01,2.564621e-02,7.022790e-03,2.440831e-02,9.867386e-04
1.565158e-03,7.291788e-03,2.835805e-03,2.616651e-03,2.016674e-02,5.585168e-03,1.336299e-03,1.113056e-02,2.632086e-01,1.721611e-03,6.372800e-01,1.945238e-02,5.942945e-03,1.887903e-02,9.873961e-04
3.265365e-03,2.037066e-02,6.086564e-03,5.158330e-03,4.562882e-02,7.895380e-03,1.318094e-03,2.430357e-02,3.470523e-01,2.277693e-03,5.000986e-01,1.394925e-02,6.566600e-03,1.498646e-02,1.042356e-03
4.440473e-03,2.642537e-02,1.823035e-02,1.115523e-02,5.988567e-02,1.031339e-02,1.127721e-03,5.588623e-02,4.153534e-01,2.617512e-03,3.658478e-01,9.918517e-03,5.642943e-03,1.191435e-02,1.241072e-03
1.135948e-02,6.554545e-02,2.049872e-02,1.544728e-02,7.152896e-02,1.341185e-02,1.214593e-03,7.627551e-02,4.106710e-01,3.660613e-03,2.844861e-01,7.706586e-03,4.881925e-03,9.736693e-03,3.575194e-03
1.398215e-02,9.991495e-02,1.774060e-02,1.452136e-02,6.068711e-02,1.934985e-02,1.052841e-03,8.848080e-02,4.471925e-01,3.685560e-03,2.120146e-01,5.753518e-03,3.806979e-03,7.304088e-03,4.513145e-03
1.622171e-02,1.209197e-01,2.452778e-02,1.228713e-02,5.323232e-02,2.291071e-02,9.929070e-04,1.083680e-01,4.528991e-01,3.619640e-03,1.649351e-01,4.336503e-03,2.845981e-03,7.160804e-03,4.742590e-03
1.648857e-02,1.135233e-01,2.761841e-02,9.409723e-03,5.781800e-02,3.163630e-02,1.289320e-03,1.388351e-01,4.583280e-01,4.236544e-03,1.230834e-01,3.410699e-03,2.439738e-03,7.781803e-03,4.101091e-03
2.115152e-02,9.159722e-02,3.085162e-02,1.314548e-02,7.605889e-02,3.258652e-02,2.253891e-03,1.925147e-01,4.266987e-01,4.697682e-03,8.855709e-02,3.229426e-03,2.246595e-03,8.034810e-03,6.375833e-03
1.998783e-02,6.771248e-02,2.427026e-02,3.926224e-02,2.264305e-01,2.516574e-02,2.447793e-03,1.415576e-01,3.323546e-01,6.789979e-03,8.081163e-02,7.939104e-03,8.229789e-03,8.527202e-03,8.513160e-03
1.437136e-02,4.876072e-02,2.476785e-02,1.829498e-01,2.136243e-01,1.862679e-02,2.014258e-03,9.956826e-02,2.544806e-01,8.583457e-03,8.071592e-02,1.989597e-02,1.823068e-02,6.202675e-03,7.207306e-03
1.059004e-02,3.656838e-02,1.958543e-02,1.896410e-01,2.572749e-01,1.421379e-02,2.403300e-03,7.048716e-02,2.170397e-01,6.703643e-03,8.083309e-02,6.948780e-02,1.443118e-02,4.855483e-03,5.885061e-03
7.782702e-03,2.692125e-02,1.416340e-02,1.444188e-01,2.381413e-01,1.072420e-02,1.870014e-03,4.945527e-02,1.635129e-01,4.838651e-03,1.763613e-01,1.432053e-01,1.059232e-02,3.675937e-03,4.336493e-03
5.627137e-03,1.949161e-02,1.000895e-02,1.021127e-01,1.764693e-01,7.855214e-03,1.343837e-03,3.463605e-02,1.169436e-01,3.453239e-03,3.400763e-01,1.684543e-01,7.585204e-03,2.784845e-03,3.157645e-03
4.008561e-03,1.403724e-02,7.076994e-03,7.167404e-02,1.274288e-01,5.721523e-03,9.594998e-04,2.427156e-02,8.220071e-02,2.468273e-03,4.644810e-01,1.851232e-01,5.485219e-03,2.803533e-03,2.259829e-03
2.883515e-03,1.018244e-02,5.027693e-03,5.027035e-02,9.253085e-02,4.648319e-03,6.928831e-04,1.704032e-02,5.771297e-02,1.788486e-03,5.483940e-01,1.999042e-01,4.013053e-03,3.283784e-03,1.627175e-03
2.057919e-03,7.209990e-03,3.541776e-03,3.522281e-02,6.628872e-02,3.896727e-03,4.940524e-04,1.195336e-02,4.058530e-02,1.288505e-03,6.086466e-01,2.104058e-01,2.897171e-03,4.330554e-03,1.180669e-03
1.479747e-03,5.779414e-03,2.617144e-03,2.469514e-02,4.968565e-02,3.003756e-03,4.383795e-04,8.385870e-03,3.144852e-02,1.588787e-03,4.970015e-01,3.642889e-01,2.289098e-03,6.244573e-03,1.053486e-03
1.071993e-03,4.753330e-03,1.910813e-03,1.733007e-02,4.417919e-02,2.494068e-03,4.952179e-04,5.900539e-03,2.322335e-02,2.029204e-03,4.496648e-01,4.344451e-01,2.030907e-03,9.543147e-03,9.282107e-04
1.330064e-03,3.622171e-03,1.386720e-03,1.216340e-02,7.272738e-02,2.224735e-03,1.333833e-03,4.233846e-03,1.646527e-02,2.007558e-03,4.858783e-01,3.835340e-01,2.072064e-03,1.017737e-02,8.433541e-04
1.227272e-03,2.807583e-03,9.926601e-04,8.535225e-03,1.078050e-01,2.015007e-03,1.465014e-03,2.993918e-03,1.165739e-02,1.805545e-03,5.201998e-01,3.264955e-01,2.579220e-03,8.556556e-03,8.643291e-04
9.562184e-04,2.025733e-03,7.134660e-04,5.987401e-03,7.819723e-02,4.319066e-03,1.497181e-03,2.122834e-03,8.263946e-03,1.401474e-03,6.429871e-01,2.424000e-01,2.336420e-03,6.043599e-03,7.483252e-04
7.542723e-04,1.828518e-03,5.847213e-04,4.212706e-03,5.531051e-02,2.223006e-02,1.358149e-03,1.505093e-03,6.449737e-03,1.084532e-03,7.194583e-01,1.767939e-01,3.485929e-03,4.290557e-03,6.530660e-04
7.021418e-04,1.871589e-03,1.073982e-03,3.063541e-03,4.021245e-02,2.423911e-02,1.907033e-03,1.178541e-03,5.099280e-03,9.253857e-04,7.818422e-01,1.291550e-01,4.368077e-03,3.040209e-03,1.321469e-03
8.032725e-04,1.431609e-02,1.580780e-02,5.063423e-03,7.483947e-02,1.922351e-02,2.525132e-03,7.478443e-03,2.021443e-02,1.672055e-03,7.297733e-01,9.378807e-02,6.791630e-03,2.250263e-03,5.453186e-03
1.122832e-03,3.622017e-02,4.225500e-02,4.990531e-03,1.045685e-01,1.717765e-02,3.637175e-03,1.523343e-02,4.140333e-02,3.042914e-03,6.382655e-01,6.919995e-02,1.189590e-02,1.931558e-03,9.055691e-03
4.588262e-03,2.704674e-02,5.987038e-02,5.139614e-03,1.146748e-01,1.618812e-02,1.683992e-02,1.398064e-01,3.255350e-02,3.848870e-03,5.098995e-01,4.960462e-02,1.014964e-02,2.120414e-03,7.669251e-03
1.256695e-02,2.216796e-02,5.189253e-02,5.359320e-03,1.624528e-01,1.696632e-02,1.264480e-02,1.391382e-01,4.312149e-02,4.052549e-03,4.675889e-01,3.780020e-02,1.551840e-02,2.455712e-03,6.273951e-03
1.986689e-02,1.734893e-02,4.170273e-02,4.730494e-03,2.159607e-01,2.050380e-02,1.124150e-02,1.033913e-01,5.289914e-02,3.466077e-03,4.372046e-01,3.259893e-02,3.117815e-02,2.684150e-03,5.222613e-03
1.452872e-02,1.606686e-02,3.053603e-02,3.764616e-03,1.702285e-01,3.493962e-02,8.533921e-03,7.589155e-02,2.197361e-01,3.487271e-03,3.254522e-01,3.245718e-02,5.675048e-02,2.513347e-03,5.113592e-03
1.060302e-02,1.280832e-02,2.193995e-02,2.853686e-03,1.265748e-01,5.138942e-02,6.410092e-03,5.406945e-02,3.171507e-01,3.489655e-03,2.482826e-01,3.317337e-02,1.014894e-01,2.554927e-03,7.210668e-03
8.563734e-03,9.906946e-03,1.885157e-02,2.578449e-03,9.198201e-02,3.915609e-02,5.246128e-03,3.967912e-02,2.288412e-01,4.231764e-03,1.812286e-01,2.816402e-02,3.033640e-01,2.124513e-03,3.608181e-02
6.953706e-03,7.898151e-03,1.628974e-02,2.282920e-03,6.645325e-02,3.352867e-02,9.011634e-03,2.917520e-02,1.686353e-01,1.321699e-02,1.594789e-01,2.501958e-02,2.861053e-01,2.769869e-03,1.731808e-01
5.290250e-03,5.938702e-03,1.241723e-02,1.715072e-03,4.679233e-02,3.265216e-02,6.616954e-03,2.053767e-02,1.190979e-01,1.490045e-02,1.352495e-01,1.998540e-02,2.386531e-01,3.450414e-03,3.367029e-01
4.002357e-03,4.746562e-03,9.028113e-03,1.413556e-03,3.285674e-02,3.215831e-02,4.711574e-03,1.443813e-02,8.864850e-02,1.366025e-02,1.080085e-01,1.763378e-02,1.722276e-01,4.862857e-03,4.916032e-01
3.030645e-03,4.139912e-03,6.802445e-03,1.158895e-03,2.318398e-02,3.494611e-02,3.366799e-03,1.015613e-02,6.920066e-02,1.279990e-02,9.723260e-02,1.400026e-02,1.240702e-01,1.193703e-02,5.839744e-01
2.696946e-03,4.325911e-03,5.252243e-03,1.334209e-03,1.672303e-02,3.236374e-02,2.552722e-03,7.750283e-03,6.718357e-02,1.047057e-02,8.589192e-02,1.127770e-02,9.080467e-02,1.280940e-01,5.332785e-01
2.191830e-03,4.479006e-03,4.046149e-03,1.555283e-03,1.266281e-02,3.125441e-02,1.855134e-03,5.529424e-03,6.843013e-02,9.101989e-03,7.285684e-02,8.654934e-03,6.431003e-02,3.071781e-01,4.058938e-01
1.703755e-03,7.624153e-03,3.452372e-03,1.359254e-03,9.406288e-03,2.349278e-02,1.323563e-03,3.900972e-03,7.073710e-02,7.679529e-03,6.364688e-02,6.885173e-03,4.551446e-02,4.482262e-01,3.050475e-01
1.485295e-03,1.145747e-02,6.188349e-03,1.322839e-03,6.808507e-03,1.964436e-02,1.002029e-03,2.873349e-03,9.285863e-02,8.675902e-03,4.841410e-02,5.185277e-03,3.223811e-02,5.281820e-01,2.336637e-01
1.097981e-03,1.034369e-02,5.240964e-03,1.017645e-03,4.852818e-03,1.546332e-02,7.193012e-04,2.067671e-03,8.882680e-02,6.830521e-03,3.497153e-02,3.764237e-03,2.270552e-02,6.321875e-01,1.699105e-01
1.699000e-03,2.328062e-02,5.331837e-03,1.537722e-03,4.443217e-03,1.213183e-02,5.764568e-04,1.605158e-03,1.416425e-01,8.625424e-03,2.799989e-02,2.724464e-03,1.614760e-02,6.310322e-01,1.212220e-01
1.704510e-03,1.904602e-02,6.686570e-03,7.437687e-03,6.038407e-03,1.263802e-02,6.453440e-04,1.752952e-03,2.253971e-01,1.779735e-02,2.164622e-02,2.455343e-03,1.391861e-02,5.624191e-01,1.004168e-01
1.636056e-03,1.484112e-02,5.266300e-03,9.274649e-03,5.558861e-03,1.572453e-02,5.174637e-04,1.523348e-03,2.922368e-01,1.546064e-02,1.887114e-02,2.210608e-03,1.280700e-02,5.195845e-01,8.448707e-02
2.484164e-03,1.079686e-02,3.992237e-03,7.235102e-03,1.563652e-02,1.262044e-02,5.802864e-04,1.329616e-03,3.212044e-01,1.404460e-02,2.679374e-02,3.376302e-03,1.542856e-02,4.907551e-01,7.372212e-02
2.861050e-03,7.881154e-03,3.741163e-03,8.330233e-03,1.388510e-02,1.308597e-02,4.881726e-04,2.632009e-03,3.292595e-01,1.305779e-02,5.084902e-02,4.872245e-03,3.007369e-02,4.425932e-01,7.638980e-02
4.923168e-03,5.735289e-03,1.443678e-02,7.640516e-03,3.710800e-02,1.516578e-02,9.455069e-04,8.599671e-03,3.103548e-01,4.809280e-02,8.763532e-02,6.560822e-03,4.400363e-02,3.468123e-01,6.198567e-02
3.652911e-03,4.109523e-03,1.057812e-02,5.954463e-03,8.709080e-02,1.341864e-02,8.155541e-04,6.953353e-03,2.267998e-01,2.338161e-01,6.842043e-02,7.429057e-03,3.386112e-02,2.518462e-01,4.525397e-02
2.718413e-03,2.926244e-03,8.319844e-03,4.439280e-03,1.417597e-01,1.081799e-02,1.101356e-03,9.814294e-03,1.607988e-01,3.546460e-01,5.659844e-02,6.511207e-03,2.699855e-02,1.790869e-01,3.346289e-02
2.139955e-03,3.105204e-03,6.489265e-03,3.767242e-03,1.299392e-01,8.562919e-03,9.428317e-04,7.248048e-03,1.822039e-01,4.294980e-01,4.995054e-02,5.750759e-03,2.077379e-02,1.257420e-01,2.388631e-02
2.073280e-03,2.327335e-02,7.823719e-03,5.074082e-03,1.222192e-01,7.377444e-03,8.867687e-04,5.929928e-03,2.599449e-01,3.944060e-01,4.336338e-02,4.829915e-03,1.692920e-02,8.824307e-02,1.762588e-02
3.061378e-03,5.188179e-02,1.158693e-02,6.672360e-03,1.079428e-01,8.340105e-03,7.561625e-04,4.612210e-03,3.399716e-01,3.368349e-01,3.179459e-02,3.592450e-03,1.238632e-02,6.196513e-02,1.860121e-02
7.982548e-03,4.850438e-02,2.245073e-02,8.171656e-03,1.081090e-01,1.293703e-02,9.534663e-04,1.161463e-02,3.856964e-01,2.739586e-01,3.382317e-02,4.185779e-03,1.637717e-02,4.398627e-02,2.124915e-02
1.103701e-02,3.955938e-02,3.174287e-02,1.716454e-02,1.177069e-01,1.433283e-02,1.349151e-03,1.258361e-01,3.270603e-01,2.138247e-01,3.094399e-02,4.524638e-03,1.594153e-02,3.108262e-02,1.789346e-02
3.809084e-02,4.126433e-02,5.116370e-02,2.345751e-02,1.005638e-01,4.568939e-02,4.142403e-03,1.448746e-01,2.616259e-01,1.901847e-01,2.850759e-02,5.201500e-03,2.042375e-02,2.215051e-02,2.265932e-02
3.791763e-02,3.665425e-02,1.422394e-01,3.718336e-02,7.755932e-02,4.362275e-02,6.191024e-03,1.760847e-01,1.901649e-01,1.721227e-01,2.205259e-02,4.411615e-03,1.728392e-02,1.570598e-02,2.080583e-02
4.481056e-02,3.484749e-02,1.472387e-01,3.813496e-02,6.314092e-02,3.678910e-02,7.665130e-03,2.325176e-01,1.395101e-01,1.798459e-01,1.743846e-02,4.557136e-03,1.796303e-02,1.133038e-02,2.421053e-02
5.738283e-02,3.254715e-02,1.240785e-01,3.033132e-02,5.400055e-02,5.176756e-02,2.400497e-02,2.756640e-01,1.064689e-01,1.792183e-01,1.367764e-02,5.387689e-03,1.590439e-02,8.337941e-03,2.122826e-02
6.276570e-02,2.997581e-02,9.426049e-02,2.539822e-02,4.942202e-02,6.194820e-02,5.130092e-02,2.735461e-01,8.043108e-02,2.058528e-01,1.125671e-02,4.946706e-03,1.711371e-02,6.443523e-03,2.533803e-02
9.524846e-02,3.555499e-02,8.272545e-02,2.373155e-02,4.924957e-02,6.213909e-02,7.873782e-02,2.238109e-01,7.212159e-02,1.964188e-01,1.345453e-02,1.281605e-02,1.599641e-02,6.293334e-03,3.170146e-02
1.492136e-01,3.624279e-02,7.145520e-02,2.418527e-02,4.598847e-02,5.748385e-02,1.029571e-01,1.915625e-01,6.322037e-02,1.610016e-01,1.784139e-02,2.416774e-02,1.418606e-02,6.909956e-03,3.358393e-02
2.576800e-01,3.451696e-02,5.658185e-02,3.378073e-02,3.745571e-02,5.690388e-02,8.774000e-02,1.526991e-01,4.938590e-02,1.183101e-01,1.785496e-02,3.279015e-02,1.429049e-02,7.221636e-03,4.278850e-02
2.950949e-01,3.368792e-02,4.474980e-02,4.663335e-02,3.037364e-02,9.470136e-02,6.525172e-02,1.144961e-01,4.191542e-02,8.582699e-02,2.027414e-02,6.173916e-02,1.539371e-02,6.747718e-03,4.311403e-02
3.367043e-01,3.174806e-02,3.816244e-02,5.329009e-02,2.621619e-02,1.136274e-01,5.160801e-02,9.490722e-02,3.632976e-02,6.266808e-02,2.071672e-02,7.248709e-02,1.582036e-02,6.253275e-03,3.946109e-02
3.794703e-01,3.086765e-02,3.458175e-02,5.617994e-02,2.421261e-02,1.107290e-01,4.075883e-02,8.089668e-02,3.630035e-02,4.714460e-02,2.178300e-02,7.108546e-02,1.888017e-02,6.648778e-03,4.046086e-02
3.318391e-01,3.014729e-02,2.955915e-02,4.606670e-02,2.136382e-02,2.055292e-01,2.957330e-02,6.048786e-02,2.877963e-02,3.787111e-02,3.219035e-02,7.535261e-02,1.760378e-02,7.072591e-03,4.656340e-02
2.467369e-01,2.762973e-02,2.392329e-02,3.607742e-02,1.868802e-02,2.479398e-01,2.141020e-02,4.395153e-02,2.225776e-02,2.920458e-02,1.005819e-01,1.252997e-01,1.332604e-02,6.120385e-03,3.685277e-02
1.732791e-01,1.953423e-02,1.699618e-02,2.548912e-02,1.319004e-02,2.044523e-01,1.509308e-02,3.112573e-02,1.589039e-02,2.062254e-02,1.740771e-01,2.503186e-01,9.415159e-03,4.380920e-03,2.613547e-02
1.217047e-01,1.382624e-02,1.203361e-02,1.794803e-02,9.554673e-03,1.449070e-01,1.069149e-02,2.197651e-02,1.148045e-02,1.481999e-02,3.467050e-01,2.457064e-01,6.815513e-03,3.156400e-03,1.867396e-02
8.573660e-02,9.945545e-03,8.606837e-03,1.269431e-02,9.512673e-03,1.039641e-01,7.908340e-03,1.544938e-02,8.579082e-03,1.105228e-02,5.192891e-01,1.864569e-01,5.200746e-03,2.242341e-03,1.336181e-02
6.111680e-02,8.620922e-03,6.824687e-03,9.007069e-03,2.039666e-02,7.611634e-02,7.040695e-03,1.094628e-02,3.117803e-02,8.048886e-03,5.725797e-01,1.722243e-01,4.344687e-03,1.720364e-03,9.834667e-03
