1.000000e+00,0.000000e+00,0.000000e+00,0.000000e+00,0.000000e+00,0.000000e+00,0.000000e+00,0.000000e+00,0.000000e+00,0.000000e+00,0.000000e+00,0.000000e+00,0.000000e+00,0.000000e+00,0.000000e+00
1.000000e+00,0.000000e+00,0.000000e+00,0.000000e+00,0.000000e+00,0.000000e+00,0.000000e+00,0.000000e+00,0.000000e+00,0.000000e+00,0.000000e+00,0.000000e+00,0.000000e+00,0.000000e+00,0.000000e+00
1.000000e+00,0.000000e+00,0.000000e+00,0.000000e+00,0.000000e+00,0.000000e+00,0.000000e+00,0.000000e+00,0.000000e+00,0.000000e+00,0.000000e+00,0.000000e+00,0.000000e+00,0.000000e+00,0.000000e+00
1.000000e+00,0.000000e+00,0.000000e+00,0.000000e+00,0.000000e+00,0.000000e+00,0.000000e+00,0.000000e+00,0.000000e+00,0.000000e+00,0.000000e+00,0.000000e+00,0.000000e+00,0.000000e+00,0.000000e+00
1.000000e+00,0.000000e+00,0.000000e+00,0.000000e+00,0.000000e+00,0.000000e+00,0.000000e+00,0.000000e+00,0.000000e+00,0.000000e+00,0.000000e+00,0.000000e+00,0.000000e+00,0.000000e+00,0.000000e+00
1.000000e+00,0.000000e+00,0.000000e+00,0.000000e+00,0.000000e+00,0.000000e+00,0.000000e+00,0.000000e+00,0.000000e+00,0.000000e+00,0.000000e+00,0.000000e+00,0.000000e+00,0.000000e+00,0.000000e+00
1.000000e+00,0.000000e+00,0.000000e+00,0.000000e+00,0.000000e+00,0.000000e+00,0.000000e+00,0.000000e+00,0.000000e+00,0.000000e+00,0.000000e+00,0.000000e+00,0.000000e+00,0.000000e+00,0.000000e+00
1.000000e+00,0.000000e+00,0.000000e+00,0.000000e+00,0.000000e+00,0.000000e+00,0.000000e+00,0.000000e+00,0.000000e+00,0.000000e+00,0.000000e+00,0.000000e+00,0.000000e+00,0.000000e+00,0.000000e+00
1.000000e+00,0.000000e+00,0.000000e+00,0.000000e+00,0.000000e+00,0.000000e+00,0.000000e+00,0.000000e+00,0.000000e+00,0.000000e+00,0.000000e+00,0.000000e+00,0.000000e+00,0.000000e+00,0.000000e+00
1.000000e+00,0.000000e+00,0.000000e+00,0.000000e+00,0.000000e+00,0.000000e+00,0.000000e+00,0.000000e+00,0.000000e+00,0.000000e+00,0.000000e+00,0.000000e+00,0.000000e+00,0.000000e+00,0.000000e+00
1.000000e+00,0.000000e+00,0.000000e+00,0.000000e+00,0.000000e+00,0.000000e+00,0.000000e+00,0.000000e+00,0.000000e+00,0.000000e+00,0.000000e+00,0.000000e+00,0.000000e+00,0.000000e+00,0.000000e+00
1.000000e+00,0.000000e+00,0.000000e+00,0.000000e+00,0.000000e+00,0.000000e+00,0.000000e+00,0.000000e+00,0.000000e+00,0.000000e+00,0.000000e+00,0.000000e+00,0.000000e+00,0.000000e+00,0.000000e+00
1.000000e+00,0.000000e+00,0.000000e+00,0.000000e+00,0.000000e+00,0.000000e+00,0.000000e+00,0.000000e+00,0.000000e+00,0.000000e+00,0.000000e+00,0.000000e+00,0.000000e+00,0.000000e+00,0.000000e+00
1.000000e+00,0.000000e+00,0.000000e+00,0.000000e+00,0.000000e+00,0.000000e+00,0.000000e+00,0.000000e+00,0.000000e+00,0.000000e+00,0.000000e+00,0.000000e+00,0.000000e+00,0.000000e+00,0.000000e+00
1.000000e+00,0.000000e+00,0.000000e+00,0.000000e+00,0.000000e+00,0.000000e+00,0.000000e+00,0.000000e+00,0.000000e+00,0.000000e+00,0.000000e+00,0.000000e+00,0.000000e+00,0.000000e+00,0.000000e+00
1.000000e+00,0.000000e+00,0.000000e+00,0.000000e+00,0.000000e+00,0.000000e+00,0.000000e+00,0.000000e+00,0.000000e+00,0.000000e+00,0.000000e+00,0.000000e+00,0.000000e+00,0.000000e+00,0.000000e+00
1.000000e+00,0.000000e+00,0.000000e+00,0.000000e+00,0.000000e+00,0.000000e+00,0.000000e+00,0.000000e+00,0.000000e+00,0.000000e+00,0.000000e+00,0.000000e+00,0.000000e+00,0.000000e+00,0.000000e+00
1.000000e+00,0.000000e+00,0.000000e+00,0.000000e+00,0.000000e+00,0.000000e+00,0.000000e+00,0.000000e+00,0.000000e+00,0.000000e+00,0.000000e+00,0.000000e+00,0.000000e+00,0.000000e+00,0.000000e+00
1.000000e+00,0.000000e+00,0.000000e+00,0.000000e+00,0.000000e+00,0.000000e+00,0.000000e+00,0.000000e+00,0.000000e+00,0.000000e+00,0.000000e+00,0.000000e+00,0.000000e+00,0.000000e+00,0.000000e+00
1.000000e+00,0.000000e+00,0.000000e+00,0.000000e+00,0.000000e+00,0.000000e+00,0.000000e+00,0.000000e+00,0.000000e+00,0.000000e+00,0.000000e+00,0.000000e+00,0.000000e+00,0.000000e+00,0.000000e+00
1.000000e+00,0.000000e+00,0.000000e+00,0.000000e+00,0.000000e+00,0.000000e+00,0.000000e+00,0.000000e+00,0.000000e+00,0.000000e+00,0.000000e+00,0.000000e+00,0.000000e+00,0.000000e+00,0.000000e+00
1.000000e+00,0.000000e+00,0.000000e+00,0.000000e+00,0.000000e+00,0.000000e+00,0.000000e+00,0.000000e+00,0.000000e+00,0.000000e+00,0.000000e+00,0.000000e+00,0.000000e+00,0.000000e+00,0.000000e+00
1.000000e+00,0.000000e+00,0.000000e+00,0.000000e+00,0.000000e+00,0.000000e+00,0.000000e+00,0.000000e+00,0.000000e+00,0.000000e+00,0.000000e+00,0.000000e+00,0.000000e+00,0.000000e+00,0.000000e+00
1.000000e+00,0.000000e+00,0.000000e+00,0.000000e+00,0.000000e+00,0.000000e+00,0.000000e+00,0.000000e+00,0.000000e+00,0.000000e+00,0.000000e+00,0.000000e+00,0.000000e+00,0.000000e+00,0.000000e+00
1.000000e+00,0.000000e+00,0.000000e+00,0.000000e+00,0.000000e+00,0.000000e+00,0.000000e+00,0.000000e+00,0.000000e+00,0.000000e+00,0.000000e+00,0.000000e+00,0.000000e+00,0.000000e+00,0.000000e+00
1.000000e+00,0.000000e+00,0.000000e+00,0.000000e+00,0.000000e+00,0.000000e+00,0.000000e+00,0.000000e+00,0.000000e+00,0.000000e+00,0.000000e+00,0.000000e+00,0.000000e+00,0.000000e+00,0.000000e+00
1.000000e+00,0.000000e+00,0.000000e+00,0.000000e+00,0.000000e+00,0.000000e+00,0.000000e+00,0.000000e+00,0.000000e+00,0.000000e+00,0.000000e+00,0.000000e+00,0.000000e+00,0.000000e+00,0.000000e+00
1.000000e+00,0.000000e+00,0.000000e+00,0.000000e+00,0.000000e+00,0.000000e+00,0.000000e+00,0.000000e+00,0.000000e+00,0.000000e+00,0.000000e+00,0.000000e+00,0.000000e+00,0.000000e+00,0.000000e+00
1.000000e+00,0.000000e+00,0.000000e+00,0.000000e+00,0.000000e+00,0.000000e+00,0.000000e+00,0.000000e+00,0.000000e+00,0.000000e+00,0.000000e+00,0.000000e+00,0.000000e+00,0.000000e+00,0.000000e+00
1.000000e+00,0.000000e+00,0.000000e+00,0.000000e+00,0.000000e+00,0.000000e+00,0.000000e+00,0.000000e+00,0.000000e+00,0.000000e+00,0.000000e+00,0.000000e+00,0.000000e+00,0.000000e+00,0.000000e+00
1.000000e+00,0.000000e+00,0.000000e+00,0.000000e+00,0.000000e+00,0.000000e+00,0.000000e+00,0.000000e+00,0.000000e+00,0.000000e+00,0.000000e+00,0.000000e+00,0.000000e+00,0.000000e+00,0.000000e+00
1.000000e+00,0.000000e+00,0.000000e+00,0.000000e+00,0.000000e+00,0.000000e+00,0.000000e+00,0.000000e+00,0.000000e+00,0.000000e+00,0.000000e+00,0.000000e+00,0.000000e+00,0.000000e+00,0.000000e+00
1.000000e+00,0.000000e+00,0.000000e+00,0.000000e+00,0.000000e+00,0.000000e+00,0.000000e+00,0.000000e+00,0.000000e+00,0.000000e+00,0.000000e+00,0.000000e+00,0.000000e+00,0.000000e+00,0.000000e+00
1.000000e+00,0.000000e+00,0.000000e+00,0.000000e+00,0.000000e+00,0.000000e+00,0.000000e+00,0.000000e+00,0.000000e+00,0.000000e+00,0.000000e+00,0.000000e+00,0.000000e+00,0.000000e+00,0.000000e+00
1.000000e+00,0.000000e+00,0.000000e+00,0.000000e+00,0.000000e+00,0.000000e+00,0.000000e+00,0.000000e+00,0.000000e+00,0.000000e+00,0.000000e+00,0.000000e+00,0.000000e+00,0.000000e+00,0.000000e+00
1.000000e+00,0.000000e+00,0.000000e+00,0.000000e+00,0.000000e+00,0.000000e+00,0.000000e+00,0.000000e+00,0.000000e+00,0.000000e+00,0.000000e+00,0.000000e+00,0.000000e+00,0.000000e+00,0.000000e+00
1.000000e+00,0.000000e+00,0.000000e+00,0.000000e+00,0.000000e+00,0.000000e+00,0.000000e+00,0.000000e+00,0.000000e+00,0.000000e+00,0.000000e+00,0.000000e+00,0.000000e+00,0.000000e+00,0.000000e+00
1.000000e+00,0.000000e+00,0.000000e+00,0.000000e+00,0.000000e+00,0.000000e+00,0.000000e+00,0.000000e+00,0.000000e+00,0.000000e+00,0.000000e+00,0.000000e+00,0.000000e+00,0.000000e+00,0.000000e+00
1.000000e+00,0.000000e+00,0.000000e+00,0.000000e+00,0.000000e+00,0.000000e+00,0.000000e+00,0.000000e+00,0.000000e+00,0.000000e+00,0.000000e+00,0.000000e+00,0.000000e+00,0.000000e+00,0.000000e+00
1.000000e+00,0.000000e+00,0.000000e+00,0.000000e+00,0.000000e+00,0.000000e+00,0.000000e+00,0.000000e+00,0.000000e+00,0.000000e+00,0.000000e+00,0.000000e+00,0.000000e+00,0.000000e+00,0.000000e+00
1.000000e+00,0.000000e+00,0.000000e+00,0.000000e+00,0.000000e+00,0.000000e+00,0.000000e+00,0.000000e+00,0.000000e+00,0.000000e+00,0.000000e+00,0.000000e+00,0.000000e+00,0.000000e+00,0.000000e+00
1.000000e+00,0.000000e+00,0.000000e+00,0.000000e+00,0.000000e+00,0.000000e+00,0.000000e+00,0.000000e+00,0.000000e+00,0.000000e+00,0.000000e+00,0.000000e+00,0.000000e+00,0.000000e+00,0.000000e+00
1.000000e+00,0.000000e+00,0.000000e+00,0.000000e+00,0.000000e+00,0.000000e+00,0.000000e+00,0.000000e+00,0.000000e+00,0.000000e+00,0.000000e+00,0.000000e+00,0.000000e+00,0.000000e+00,0.000000e+00
1.000000e+00,0.000000e+00,0.000000e+00,0.000000e+00,0.000000e+00,0.000000e+00,0.000000e+00,0.000000e+00,0.000000e+00,0.000000e+00,0.000000e+00,0.000000e+00,0.000000e+00,0.000000e+00,0.000000e+00
1.000000e+00,0.000000e+00,0.000000e+00,0.000000e+00,0.000000e+00,0.000000e+00,0.000000e+00,0.000000e+00,0.000000e+00,0.000000e+00,0.000000e+00,0.000000e+00,0.000000e+00,0.000000e+00,0.000000e+00
1.000000e+00,0.000000e+00,0.000000e+00,0.000000e+00,0.000000e+00,0.000000e+00,0.000000e+00,0.000000e+00,0.000000e+00,0.000000e+00,0.000000e+00,0.000000e+00,0.000000e+00,0.000000e+00,0.000000e+00
1.000000e+00,0.000000e+00,0.000000e+00,0.000000e+00,0.000000e+00,0.000000e+00,0.000000e+00,0.000000e+00,0.000000e+00,0.000000e+00,0.000000e+00,0.000000e+00,0.000000e+00,0.000000e+00,0.000000e+00
1.000000e+00,0.000000e+00,0.000000e+00,0.000000e+00,0.000000e+00,0.000000e+00,0.000000e+00,0.000000e+00,0.000000e+00,0.000000e+00,0.000000e+00,0.000000e+00,0.000000e+00,0.000000e+00,0.000000e+00
1.000000e+00,0.000000e+00,0.000000e+00,0.000000e+00,0.000000e+00,0.000000e+00,0.000000e+00,0.000000e+00,0.000000e+00,0.000000e+00,0.000000e+00,0.000000e+00,0.000000e+00,0.000000e+00,0.000000e+00
1.000000e+00,0.000000e+00,0.000000e+00,0.000000e+00,0.000000e+00,0.000000e+00,0.000000e+00,0.000000e+00,0.000000e+00,0.000000e+00,0.000000e+00,0.000000e+00,0.000000e+00,0.000000e+00,0.000000e+00
1.000000e+00,0.000000e+00,0.000000e+00,0.000000e+00,0.000000e+00,0.000000e+00,0.000000e+00,0.000000e+00,0.000000e+00,0.000000e+00,0.000000e+00,0.000000e+00,0.000000e+00,0.000000e+00,0.000000e+00
1.000000e+00,0.000000e+00,0.000000e+00,0.000000e+00,0.000000e+00,0.000000e+00,0.000000e+00,0.000000e+00,0.000000e+00,0.000000e+00,0.000000e+00,0.000000e+00,0.000000e+00,0.000000e+00,0.000000e+00
1.000000e+00,0.000000e+00,0.000000e+00,0.000000e+00,0.000000e+00,0.000000e+00,0.000000e+00,0.000000e+00,0.000000e+00,0.000000e+00,0.000000e+00,0.000000e+00,0.000000e+00,0.000000e+00,0.000000e+00
1.000000e+00,0.000000e+00,0.000000e+00,0.000000e+00,0.000000e+00,0.000000e+00,0.000000e+00,0.000000e+00,0.000000e+00,0.000000e+00,0.000000e+00,0.000000e+00,0.000000e+00,0.000000e+00,0.000000e+00
1.000000e+00,0.000000e+00,0.000000e+00,0.000000e+00,0.000000e+00,0.000000e+00,0.000000e+00,0.000000e+00,0.000000e+00,0.000000e+00,0.000000e+00,0.000000e+00,0.000000e+00,0.000000e+00,0.000000e+00
1.000000e+00,0.000000e+00,0.000000e+00,0.000000e+00,0.000000e+00,0.000000e+00,0.000000e+00,0.000000e+00,0.000000e+00,0.000000e+00,0.000000e+00,0.000000e+00,0.000000e+00,0.000000e+00,0.000000e+00
1.000000e+00,0.000000e+00,0.000000e+00,0.000000e+00,0.000000e+00,0.000000e+00,0.000000e+00,0.000000e+00,0.000000e+00,0.000000e+00,0.000000e+00,0.000000e+00,0.000000e+00,0.000000e+00,0.000000e+00
1.000000e+00,0.000000e+00,0.000000e+00,0.000000e+00,0.000000e+00,0.000000e+00,0.000000e+00,0.000000e+00,0.000000e+00,0.000000e+00,0.000000e+00,0.000000e+00,0.000000e+00,0.000000e+00,0.000000e+00
1.000000e+00,0.000000e+00,0.000000e+00,0.000000e+00,0.000000e+00,0.000000e+00,0.000000e+00,0.000000e+00,0.000000e+00,0.000000e+00,0.000000e+00,0.000000e+00,0.000000e+00,0.000000e+00,0.000000e+00
4.538202e-01,5.634678e-02,2.165876e-02,1.358326e-01,3.355864e-03,1.712003e-02,3.424713e-03,4.266304e-03,1.711672e-01,3.880136e-03,7.642149e-03,1.124141e-02,5.306882e-02,2.042467e-03,5.513260e-02
3.355971e-01,4.551135e-02,2.307500e-02,1.384942e-01,2.533884e-03,1.245018e-02,2.473330e-03,3.075793e-03,2.638700e-01,4.603137e-03,6.223637e-03,8.153541e-03,3.910159e-02,1.699634e-03,1.131377e-01
3.887446e-01,3.614080e-02,1.939584e-02,1.110241e-01,2.350839e-03,1.140154e-02,1.973298e-03,2.435556e-03,2.291357e-01,4.243731e-03,7.940569e-03,6.363119e-03,3.015678e-02,4.062573e-03,1.446310e-01
2.845284e-01,4.359331e-02,1.481135e-02,8.392876e-02,1.773379e-03,9.259498e-03,1.467760e-03,2.034459e-03,2.795811e-01,9.267289e-03,7.376630e-03,5.293148e-03,2.596724e-02,8.917645e-03,2.222001e-01
2.066872e-01,4.083392e-02,1.120121e-02,6.142573e-02,1.398633e-03,6.949601e-03,1.398970e-03,1.678939e-03,4.301301e-01,9.079199e-03,5.734342e-03,3.827974e-03,2.215487e-02,8.745756e-03,1.887536e-01
1.753596e-01,6.317441e-02,1.063398e-02,4.563821e-02,1.495039e-03,6.803715e-03,1.215457e-03,1.786861e-03,4.235890e-01,1.117556e-02,6.055992e-03,3.507673e-03,2.284962e-02,1.668417e-02,2.100308e-01
1.270345e-01,6.524397e-02,6.808940e-02,7.855085e-02,1.367966e-03,5.228047e-03,9.364194e-04,1.313376e-03,4.484645e-01,1.047206e-02,4.545598e-03,2.709271e-03,1.714992e-02,1.197833e-02,1.569158e-01
1.385965e-01,6.104608e-02,5.431060e-02,6.078237e-02,2.104031e-03,7.821307e-03,1.122231e-03,1.472737e-03,4.598485e-01,9.708229e-03,5.131950e-03,2.730099e-03,2.444887e-02,1.350760e-02,1.573689e-01
1.241098e-01,1.239471e-01,4.213873e-02,4.602289e-02,1.943597e-03,8.062237e-03,1.010720e-03,1.791194e-03,4.222886e-01,1.040491e-02,4.410379e-03,2.700311e-03,2.896847e-02,1.870203e-02,1.634990e-01
1.214002e-01,1.381426e-01,3.660136e-02,3.655264e-02,2.355091e-03,8.296971e-03,1.226165e-03,2.110970e-03,3.943326e-01,9.518342e-03,4.357888e-03,3.567985e-03,7.931527e-02,1.912979e-02,1.430921e-01
1.064620e-01,2.102119e-01,2.911848e-02,2.715372e-02,2.016439e-03,6.576024e-03,9.776452e-04,2.066944e-03,3.490286e-01,7.368988e-03,3.523098e-03,3.093446e-03,9.838577e-02,1.472478e-02,1.392921e-01
1.498798e-01,1.884803e-01,2.138176e-02,2.104688e-02,2.608515e-03,8.127481e-03,1.174729e-03,2.586499e-03,2.866827e-01,5.344542e-03,3.181838e-03,4.180448e-03,1.831586e-01,1.106364e-02,1.111022e-01
1.537963e-01,2.004336e-01,1.549381e-02,1.629428e-02,2.794294e-03,7.141017e-03,1.020601e-03,2.226361e-03,2.473440e-01,3.954956e-03,2.457658e-03,4.466509e-03,2.459029e-01,8.135169e-03,8.853857e-02
1.104973e-01,3.700512e-01,1.809757e-02,2.604344e-02,2.234386e-03,5.396847e-03,7.483669e-04,1.646104e-03,2.046883e-01,3.699128e-03,1.895424e-03,3.626123e-03,1.763888e-01,5.881032e-03,6.910590e-02
1.025529e-01,3.635548e-01,1.565570e-02,2.287059e-02,2.125618e-03,4.546529e-03,5.680587e-04,1.611132e-03,1.750866e-01,5.524877e-03,2.832885e-03,3.350935e-03,1.373448e-01,4.983260e-03,1.573913e-01
1.065454e-01,3.771039e-01,2.034786e-02,4.285119e-02,1.912508e-03,4.113358e-03,4.661475e-04,2.475470e-03,1.566506e-01,8.181828e-03,9.320529e-03,5.415953e-03,1.051173e-01,7.525034e-03,1.519730e-01
1.057944e-01,3.624007e-01,3.363679e-02,3.949122e-02,1.750796e-03,3.559823e-03,4.407166e-04,3.080270e-03,1.839125e-01,1.718043e-02,9.308355e-03,5.797087e-03,8.558304e-02,8.099461e-03,1.399644e-01
1.253827e-01,3.305517e-01,2.967352e-02,3.131288e-02,1.921148e-03,3.375680e-03,4.306653e-04,3.001729e-03,2.299753e-01,1.711486e-02,8.296800e-03,4.757746e-03,7.717398e-02,9.963235e-03,1.270681e-01
1.209650e-01,2.723386e-01,2.786217e-02,2.535148e-02,2.660587e-03,3.807070e-03,4.884488e-04,3.259866e-03,2.975855e-01,1.582330e-02,7.614024e-03,3.901960e-03,6.697620e-02,1.008702e-02,1.412788e-01
1.435842e-01,2.176409e-01,2.878520e-02,2.481245e-02,8.018031e-03,9.947309e-03,1.807657e-03,7.617477e-03,2.873560e-01,1.216131e-02,8.164667e-03,3.498871e-03,7.928518e-02,9.673395e-03,1.576474e-01
1.331650e-01,1.766841e-01,4.210471e-02,3.459328e-02,7.860832e-03,8.738699e-03,1.649679e-03,1.212675e-02,3.403289e-01,1.138472e-02,8.247001e-03,2.806036e-03,8.922166e-02,8.012251e-03,1.230763e-01
1.110862e-01,1.704196e-01,3.361742e-02,2.724637e-02,1.327361e-02,1.090771e-02,1.644213e-03,1.140683e-02,3.034464e-01,9.024150e-03,6.645924e-03,2.304492e-03,1.641599e-01,6.472102e-03,1.283451e-01
9.449902e-02,1.761052e-01,3.779681e-02,2.443445e-02,2.285282e-02,1.218911e-02,1.945223e-03,1.374595e-02,2.535105e-01,7.440232e-03,5.211944e-03,1.884382e-03,1.889429e-01,5.014372e-03,1.544272e-01
8.110087e-02,2.041515e-01,6.528158e-02,2.297264e-02,2.089847e-02,1.094630e-02,1.653320e-03,1.562255e-02,2.193729e-01,1.067752e-02,3.932700e-03,1.691651e-03,1.757723e-01,4.008440e-03,1.619172e-01
8.214245e-02,1.840191e-01,7.430021e-02,1.991859e-02,3.434175e-02,1.993991e-02,2.122190e-03,3.259227e-02,2.116126e-01,1.203638e-02,2.865367e-03,1.279280e-03,1.614408e-01,3.049006e-03,1.583401e-01
8.735842e-02,1.763512e-01,6.311736e-02,1.549578e-02,4.496269e-02,2.962860e-02,3.080836e-03,5.247177e-02,2.092014e-01,1.118430e-02,2.271964e-03,9.932193e-04,1.461241e-01,2.683912e-03,1.550746e-01
7.151888e-02,1.338283e-01,1.624489e-01,1.809993e-02,3.344215e-02,2.320977e-02,2.530282e-03,7.310497e-02,1.613305e-01,4.804342e-02,1.873592e-03,8.665234e-04,1.143229e-01,2.108700e-03,1.532713e-01
6.360753e-02,1.035171e-01,1.621200e-01,1.433048e-02,2.985332e-02,2.200222e-02,1.012118e-02,2.038782e-01,1.487390e-01,3.558037e-02,1.671750e-03,6.634303e-04,8.695060e-02,1.629825e-03,1.153350e-01
7.273687e-02,8.321602e-02,1.423002e-01,1.145630e-02,2.849000e-02,2.920400e-02,2.759679e-02,2.750765e-01,1.391082e-01,2.632310e-02,1.444688e-03,6.626941e-04,6.999873e-02,1.362503e-03,9.102334e-02
8.631869e-02,8.107617e-02,1.602702e-01,1.008181e-02,2.634591e-02,3.395975e-02,3.771569e-02,2.236084e-01,1.197530e-01,2.155872e-02,1.698407e-03,6.661495e-04,9.238705e-02,1.242136e-03,1.033179e-01
6.255785e-02,5.975541e-02,1.287453e-01,9.716995e-03,1.947953e-02,3.084629e-02,3.056094e-02,1.569978e-01,9.007487e-02,1.818450e-02,2.787251e-03,1.466226e-03,3.014891e-01,9.967966e-04,8.634109e-02
5.214700e-02,4.531673e-02,1.366833e-01,1.978976e-02,1.553701e-02,2.582031e-02,2.407086e-02,1.106711e-01,9.290500e-02,2.104290e-02,7.141630e-03,6.451009e-03,3.042710e-01,2.237834e-03,1.359145e-01
3.835193e-02,4.301091e-02,1.326259e-01,3.591248e-02,1.590601e-02,2.543652e-02,1.847192e-02,7.782610e-02,7.929102e-02,1.760923e-02,7.716928e-03,1.384255e-02,3.693961e-01,1.862428e-03,1.227400e-01
3.106831e-02,4.287760e-02,1.386526e-01,5.269769e-02,1.874014e-02,2.294297e-02,1.623546e-02,5.472287e-02,1.407550e-01,1.519272e-02,6.259104e-03,1.416032e-02,2.872587e-01,3.469763e-03,1.549667e-01
2.405284e-02,3.616547e-02,1.495107e-01,5.444925e-02,1.843563e-02,1.998246e-02,1.354683e-02,3.850543e-02,1.285986e-01,1.327579e-02,1.002062e-02,1.780862e-02,3.207222e-01,5.400594e-03,1.495248e-01
1.728248e-02,2.593710e-02,1.067847e-01,4.158770e-02,1.822634e-02,1.464965e-02,9.769391e-03,2.737628e-02,1.077821e-01,1.030826e-02,1.969203e-02,1.945574e-02,4.680272e-01,3.998187e-03,1.091227e-01
1.304037e-02,1.966765e-02,8.083840e-02,4.033902e-02,7.680364e-02,1.303121e-02,8.282935e-03,2.112616e-02,1.154223e-01,8.338585e-03,1.864985e-02,1.615542e-02,4.853574e-01,3.257314e-03,7.968974e-02
1.123475e-02,1.706073e-02,1.255983e-01,4.213001e-02,9.616074e-02,3.217006e-02,7.454023e-03,1.786539e-02,1.296020e-01,7.645978e-03,2.130629e-02,1.328993e-02,4.149547e-01,2.579559e-03,6.094757e-02
1.284702e-02,1.808385e-02,1.588734e-01,3.175352e-02,8.717775e-02,1.433277e-01,7.227389e-03,2.300540e-02,1.175591e-01,7.180289e-03,1.956814e-02,1.266581e-02,3.070683e-01,2.343397e-03,5.131895e-02
1.377550e-02,2.479240e-02,2.718618e-01,2.397104e-02,7.180615e-02,1.601302e-01,6.077642e-03,1.695426e-02,1.084564e-01,7.113149e-03,1.851873e-02,1.023369e-02,2.239776e-01,2.152261e-03,4.017911e-02
1.158988e-02,2.660346e-02,3.187970e-01,9.456313e-02,5.802896e-02,1.128445e-01,4.794054e-03,1.245834e-02,1.383335e-01,7.705844e-03,1.640673e-02,7.904654e-03,1.588348e-01,1.771098e-03,2.936408e-02
1.118573e-02,3.094526e-02,3.204980e-01,1.343945e-01,4.358678e-02,7.976976e-02,3.503701e-03,9.852540e-03,1.523653e-01,2.616963e-02,3.087429e-02,7.517037e-03,1.240051e-01,1.796016e-03,2.353635e-02
1.511602e-02,4.715695e-02,2.620928e-01,1.040091e-01,3.491196e-02,6.088219e-02,2.605854e-03,8.776900e-03,2.618679e-01,2.479029e-02,4.214909e-02,6.813950e-03,9.820154e-02,1.917897e-03,2.870747e-02
2.384872e-02,5.468445e-02,2.246368e-01,1.104858e-01,3.176183e-02,5.302567e-02,2.385847e-03,1.112431e-02,2.940318e-01,2.126906e-02,3.453945e-02,6.370688e-03,9.713908e-02,2.775699e-03,3.192065e-02
3.614242e-02,6.838062e-02,1.689521e-01,1.016427e-01,3.725804e-02,5.732726e-02,2.843444e-03,1.896445e-02,3.072247e-01,2.153149e-02,3.082974e-02,6.325810e-03,1.046084e-01,3.569010e-03,3.439959e-02
3.600539e-02,6.951398e-02,1.202156e-01,7.429373e-02,2.901273e-02,6.693248e-02,2.516753e-03,2.117035e-02,3.923058e-01,2.297944e-02,2.372719e-02,5.378162e-03,9.866334e-02,2.826379e-03,3.445864e-02
6.317958e-02,6.364830e-02,8.637150e-02,5.576660e-02,3.468992e-02,6.511022e-02,5.160564e-03,3.803180e-02,3.789418e-01,2.999588e-02,1.954381e-02,5.426942e-03,1.232676e-01,2.483938e-03,2.838141e-02
7.682215e-02,5.265544e-02,6.338120e-02,4.271474e-02,4.136554e-02,8.528226e-02,8.103861e-03,7.753098e-02,3.358223e-01,3.084284e-02,1.580509e-02,5.489488e-03,1.371615e-01,2.589356e-03,2.443319e-02
9.590034e-02,5.001254e-02,4.744141e-02,3.354938e-02,3.893665e-02,1.046750e-01,7.756822e-03,6.256530e-02,2.618706e-01,2.449782e-02,1.276740e-02,7.328461e-03,2.202311e-01,3.241870e-03,2.922516e-02
9.415981e-02,3.939661e-02,3.492392e-02,2.584938e-02,3.076952e-02,7.936968e-02,6.719196e-03,4.564541e-02,2.174246e-01,3.089898e-02,1.041183e-02,7.422400e-03,1.989135e-01,4.298926e-03,1.737962e-01
1.344977e-01,3.425050e-02,2.624156e-02,2.492668e-02,3.032755e-02,6.155243e-02,6.248694e-03,3.552862e-02,1.643933e-01,3.048979e-02,1.110727e-02,1.041713e-02,1.822233e-01,7.041132e-03,2.407543e-01
1.708644e-01,4.143493e-02,2.159017e-02,2.191779e-02,3.259075e-02,6.796384e-02,5.406757e-03,3.807573e-02,1.604065e-01,2.462130e-02,1.067270e-02,1.069306e-02,1.817732e-01,8.856397e-03,2.031325e-01
1.685078e-01,3.832030e-02,3.059575e-02,3.850000e-02,3.421391e-02,6.999328e-02,4.595887e-03,9.136212e-02,1.315691e-01,1.991835e-02,1.003117e-02,1.177358e-02,1.755841e-01,7.307844e-03,1.677268e-01
1.538132e-01,4.442478e-02,6.158514e-02,7.015398e-02,3.052830e-02,6.269863e-02,3.976086e-03,7.528306e-02,1.341450e-01,1.970914e-02,8.779977e-03,1.110455e-02,1.539151e-01,6.605843e-03,1.632771e-01
1.385943e-01,5.202094e-02,4.955070e-02,5.330320e-02,3.242006e-02,1.057699e-01,3.980528e-03,6.687205e-02,1.524299e-01,1.569029e-02,7.109228e-03,9.065306e-03,1.420888e-01,6.982958e-03,1.641220e-01
1.525528e-01,4.032233e-02,4.870065e-02,4.886978e-02,3.359931e-02,1.500873e-01,4.336329e-03,1.403192e-01,1.201299e-01,1.130448e-02,5.754719e-03,8.632729e-03,1.138545e-01,5.184953e-03,1.163510e-01
1.540708e-01,3.217317e-02,4.559326e-02,4.654619e-02,2.768210e-02,1.566497e-01,5.191369e-03,2.306680e-01,1.012288e-01,8.179672e-03,5.354865e-03,1.137274e-02,8.854087e-02,3.945217e-03,8.280319e-02
1.270844e-01,2.520128e-02,3.706846e-02,3.840084e-02,2.312318e-02,1.405426e-01,5.798037e-03,3.689225e-01,8.411827e-02,5.943310e-03,5.284164e-03,1.109282e-02,6.493007e-02,3.012717e-03,5.947736e-02
9.877013e-02,1.933862e-02,2.896170e-02,2.782310e-02,1.718346e-02,1.052435e-01,6.335192e-03,5.267951e-01,6.256942e-02,4.264467e-03,3.850415e-03,7.976179e-03,4.624547e-02,2.169353e-03,4.247393e-02
7.357991e-02,1.392573e-02,2.101924e-02,1.994871e-02,1.261529e-02,7.549192e-02,5.005574e-03,6.575682e-01,4.474191e-02,3.130481e-03,2.787645e-03,5.676487e-03,3.285037e-02,1.554324e-03,3.010421e-02
5.506859e-02,1.009034e-02,1.585103e-02,1.516076e-02,9.423875e-03,5.391564e-02,3.768304e-03,7.501565e-01,3.197078e-02,2.267354e-03,2.238575e-03,4.428977e-03,2.326918e-02,1.121866e-03,2.126817e-02
4.019719e-02,7.560738e-03,1.537938e-02,1.102935e-02,7.159916e-03,3.800778e-02,2.737399e-03,8.157248e-01,2.288856e-02,1.660132e-03,1.748072e-03,3.215928e-03,1.647850e-02,8.539911e-04,1.535822e-02
3.017055e-02,5.635251e-03,1.302606e-02,8.117872e-03,5.707625e-03,2.707661e-02,2.061644e-03,8.628160e-01,1.670848e-02,1.319933e-03,1.467368e-03,2.438227e-03,1.176778e-02,6.453656e-04,1.104130e-02
3.324932e-02,4.830127e-03,1.040454e-02,6.500760e-03,9.045793e-03,2.002163e-02,2.312083e-03,8.658522e-01,2.346478e-02,1.416003e-03,1.237961e-03,2.110038e-03,9.211127e-03,5.750040e-04,9.768656e-03
3.073512e-02,4.004044e-03,7.889310e-03,5.037310e-03,8.260551e-03,1.610757e-02,1.884450e-03,8.886349e-01,1.816723e-02,1.124983e-03,1.061136e-03,1.712014e-03,6.694246e-03,5.524800e-04,8.134697e-03
2.976669e-02,3.331601e-03,9.766998e-03,4.280453e-03,7.495627e-03,1.263898e-02,1.743570e-03,9.013618e-01,1.344009e-02,8.960571e-04,8.966858e-04,1.432652e-03,4.811986e-03,5.132460e-04,7.623619e-03
3.439162e-02,3.559145e-03,9.205047e-03,3.425508e-03,6.474883e-03,1.039878e-02,1.875801e-03,9.062637e-01,1.084093e-02,8.070589e-04,7.912241e-04,1.370064e-03,3.581732e-03,4.262830e-04,6.588279e-03
4.760408e-02,3.495097e-03,9.336937e-03,2.879304e-03,5.428317e-03,1.076226e-02,2.730652e-03,8.956753e-01,9.579636e-03,8.747956e-04,7.924811e-04,1.607470e-03,2.813849e-03,4.000477e-04,6.019809e-03
7.246059e-02,3.108408e-03,8.366624e-03,2.307619e-03,5.245270e-03,1.891198e-02,4.803320e-03,8.651459e-01,7.765169e-03,9.461315e-04,9.823387e-04,1.788902e-03,2.255018e-03,4.172331e-04,5.495515e-03
1.011695e-01,2.659221e-03,7.224027e-03,1.921358e-03,4.884067e-03,1.807642e-02,5.156896e-03,8.404860e-01,6.356360e-03,1.046170e-03,1.278684e-03,2.172681e-03,1.884180e-03,4.871601e-04,5.197298e-03
1.877873e-01,3.029332e-03,8.235887e-03,2.554480e-03,5.631970e-03,1.810773e-02,8.500049e-03,7.391249e-01,5.950933e-03,2.389953e-03,2.634030e-03,3.868266e-03,2.249353e-03,1.326402e-03,8.609378e-03
3.012394e-01,7.393752e-03,1.040079e-02,6.304723e-03,1.492310e-02,2.067646e-02,1.335570e-02,5.730528e-01,6.501299e-03,5.784457e-03,5.862757e-03,1.048699e-02,3.266346e-03,3.663831e-03,1.708750e-02
2.554868e-01,1.244419e-02,1.109049e-02,6.286909e-03,1.158328e-02,3.737861e-02,9.734027e-03,4.018571e-01,6.127525e-03,9.913151e-03,1.470648e-01,2.170685e-02,3.345537e-03,4.732769e-02,1.865293e-02
1.802772e-01,8.879796e-03,7.906470e-03,4.424658e-03,8.199406e-03,3.632271e-02,6.844683e-03,2.813894e-01,5.029467e-03,7.095767e-03,2.403948e-01,1.783916e-02,2.504007e-03,1.784524e-01,1.444005e-02
1.267345e-01,6.346068e-03,5.584619e-03,3.113944e-03,5.777148e-03,2.740960e-02,4.806893e-03,1.970136e-01,4.692530e-03,5.220586e-03,2.869439e-01,1.455067e-02,1.917999e-03,2.991645e-01,1.072343e-02
8.879136e-02,4.516728e-03,3.930070e-03,2.218959e-03,4.077879e-03,1.956352e-02,3.371487e-03,1.379184e-01,4.524240e-03,4.071722e-03,4.014722e-01,1.130268e-02,1.439675e-03,3.051405e-01,7.660651e-03
6.229088e-02,3.236903e-03,2.828619e-03,1.597370e-03,2.896420e-03,1.495169e-02,2.374721e-03,9.657022e-02,3.655422e-03,3.141850e-03,4.461532e-01,8.631977e-03,1.066268e-03,3.450610e-01,5.543506e-03
4.372076e-02,2.434687e-03,2.169557e-03,1.162349e-03,2.087047e-03,1.131284e-02,1.671329e-03,6.763417e-02,3.401997e-03,2.642269e-03,4.680720e-01,7.000602e-03,8.030559e-04,3.818103e-01,4.077047e-03
3.087822e-02,7.862209e-03,2.449562e-03,9.897357e-04,3.426317e-03,8.763720e-03,1.375654e-03,4.745033e-02,7.565803e-02,4.145262e-03,3.839281e-01,1.328986e-02,6.505855e-04,4.151765e-01,3.956027e-03
2.186778e-02,2.214041e-02,2.852462e-03,8.719165e-04,8.170929e-03,7.674607e-03,1.113553e-03,3.335679e-02,1.570388e-01,5.755336e-03,3.363513e-01,1.269705e-02,5.152310e-04,3.856771e-01,3.916713e-03
1.765739e-02,1.994962e-02,2.700449e-03,1.015785e-03,6.731501e-03,7.107660e-03,9.074431e-04,2.362757e-02,2.898275e-01,4.850347e-03,2.816488e-01,1.005038e-02,5.442217e-04,3.293446e-01,4.036641e-03
1.287054e-02,1.499349e-02,2.148316e-03,8.194775e-04,4.788061e-03,5.658091e-03,6.606925e-04,1.660398e-02,3.012392e-01,3.929939e-03,2.371211e-01,8.306046e-03,4.656333e-04,3.874401e-01,2.955358e-03
9.162729e-03,1.374254e-02,1.714647e-03,6.228775e-04,3.420449e-03,4.967174e-03,4.697143e-04,1.163957e-02,2.880480e-01,3.305438e-03,1.938112e-01,6.584526e-03,3.584223e-04,4.599692e-01,2.183531e-03
6.495171e-03,1.136043e-02,1.285040e-03,4.997446e-04,2.491973e-03,3.728467e-03,3.303308e-04,8.156942e-03,3.288037e-01,3.095950e-03,1.632514e-01,4.750835e-03,2.698025e-04,4.637135e-01,1.766826e-03
4.666650e-03,1.205246e-02,1.096224e-03,4.283169e-04,1.878335e-03,3.779189e-03,2.345655e-04,5.728816e-03,4.112085e-01,4.131209e-03,1.332227e-01,3.539421e-03,2.252744e-04,4.164417e-01,1.366537e-03
3.487582e-03,1.114848e-02,1.015693e-03,4.855657e-04,1.407019e-03,3.610424e-03,1.685827e-04,4.049232e-03,3.432572e-01,4.404441e-03,1.351613e-01,2.772691e-03,2.255947e-04,4.872976e-01,1.508672e-03
2.557066e-03,1.071905e-02,9.446571e-04,8.454811e-04,1.130086e-03,3.061702e-03,1.246233e-04,2.881260e-03,4.875949e-01,4.172489e-03,1.014655e-01,2.012765e-03,1.841147e-04,3.806337e-01,1.672570e-03
2.076939e-03,1.253294e-02,2.397188e-03,4.420635e-03,2.049434e-03,5.318910e-03,1.968269e-04,3.390797e-03,5.716010e-01,5.281532e-03,7.855425e-02,1.498569e-03,1.947004e-04,3.086988e-01,1.787461e-03
3.316192e-03,1.040361e-02,4.254838e-03,1.452546e-02,3.647263e-03,6.716657e-03,1.937186e-04,4.296244e-03,6.415483e-01,8.011498e-03,6.231236e-02,1.211288e-03,6.421477e-04,2.354333e-01,3.487041e-03
5.070966e-03,7.992250e-03,9.306143e-03,6.173739e-02,3.285005e-03,8.815775e-03,1.577629e-04,3.241018e-03,6.302835e-01,1.781072e-02,5.632545e-02,1.310656e-03,2.462072e-03,1.775938e-01,1.460757e-02
7.023957e-03,6.675637e-03,8.493163e-03,5.109114e-02,2.892433e-03,1.154028e-02,1.578250e-04,2.491781e-03,5.920871e-01,4.312775e-02,6.225041e-02,2.501743e-03,4.715454e-03,1.491713e-01,5.577996e-02
9.441035e-03,7.653258e-03,9.939788e-03,4.600412e-02,3.526761e-03,1.512252e-02,2.274983e-04,4.879006e-03,5.262880e-01,4.247925e-02,8.166909e-02,6.953666e-03,2.674789e-02,1.556755e-01,6.339259e-02
1.251906e-02,6.859605e-03,9.455527e-03,4.532455e-02,7.292307e-03,1.462263e-02,5.347186e-04,4.576832e-03,4.321093e-01,3.867939e-02,1.235110e-01,2.610484e-02,6.108858e-02,1.620728e-01,5.524879e-02
1.220361e-02,8.793036e-03,1.229555e-02,1.158241e-01,5.861603e-03,1.171207e-02,4.369181e-04,6.440987e-03,3.873104e-01,3.411024e-02,1.409415e-01,2.044641e-02,4.923601e-02,1.509830e-01,4.340450e-02
1.935302e-02,7.937685e-03,1.850425e-02,1.365706e-01,7.592319e-03,1.126485e-02,5.147041e-04,1.258509e-02,3.037921e-01,5.159074e-02,1.924810e-01,1.730138e-02,4.360095e-02,1.373090e-01,3.960223e-02
1.584519e-02,7.693229e-03,2.387471e-02,1.219981e-01,6.377381e-03,1.398170e-02,6.673356e-04,1.442203e-02,2.477889e-01,6.464412e-02,1.569030e-01,1.558859e-02,5.024244e-02,2.201103e-01,3.986292e-02
1.546767e-02,7.016166e-03,2.596798e-02,1.025950e-01,6.413785e-03,1.153975e-02,7.086605e-04,2.456160e-02,2.220532e-01,9.100343e-02,1.285078e-01,1.600757e-02,5.303557e-02,2.568650e-01,3.825686e-02
1.699282e-02,1.238813e-02,2.629976e-02,1.111251e-01,7.351500e-03,1.020977e-02,6.426536e-04,1.817007e-02,2.031654e-01,1.078623e-01,1.376674e-01,1.805895e-02,7.135445e-02,1.922133e-01,6.649846e-02
2.087258e-02,1.483095e-02,2.462099e-02,1.149730e-01,9.351311e-03,9.732184e-03,7.533195e-04,2.586624e-02,1.830919e-01,9.684807e-02,1.256976e-01,2.886240e-02,1.388965e-01,1.432852e-01,6.231771e-02
2.447080e-02,1.183488e-02,2.261829e-02,9.205093e-02,1.088355e-02,9.091371e-03,1.066131e-03,3.286016e-02,1.398861e-01,1.015691e-01,1.126526e-01,3.798244e-02,1.790665e-01,1.433713e-01,8.059588e-02
2.642450e-02,1.010349e-02,2.063049e-02,7.397415e-02,1.282753e-02,7.845902e-03,1.327249e-03,4.705076e-02,1.093094e-01,7.830961e-02,9.019347e-02,3.681949e-02,1.537408e-01,2.230641e-01,1.083792e-01
2.148004e-02,8.825410e-03,1.809606e-02,5.419298e-02,1.265743e-02,6.172233e-03,1.711270e-03,5.269116e-02,8.389463e-02,5.802561e-02,7.166004e-02,3.268753e-02,1.238913e-01,3.568989e-01,9.711545e-02
1.906667e-02,8.416678e-03,1.608392e-02,4.009070e-02,1.261715e-02,5.830017e-03,1.750797e-03,6.317839e-02,6.699400e-02,4.602241e-02,6.748937e-02,2.787685e-02,1.180855e-01,3.701397e-01,1.363578e-01
2.124911e-02,1.364008e-02,2.020440e-02,5.597990e-02,2.134213e-02,8.090017e-03,1.680661e-03,5.100785e-02,7.409272e-02,4.179295e-02,6.519442e-02,2.641296e-02,1.056750e-01,2.877247e-01,2.059131e-01
2.765100e-02,1.620263e-02,4.035579e-02,7.125346e-02,2.529288e-02,9.930398e-03,1.840734e-03,4.089450e-02,7.945539e-02,4.339542e-02,7.215552e-02,2.553127e-02,1.059683e-01,2.194445e-01,2.206282e-01
3.917994e-02,1.794803e-02,4.014416e-02,5.954933e-02,3.873169e-02,8.324652e-03,1.910439e-03,3.151768e-02,7.297477e-02,5.568729e-02,8.341423e-02,2.474009e-02,8.672858e-02,1.708509e-01,2.682983e-01
4.274253e-02,1.528171e-02,3.027520e-02,5.511698e-02,3.510304e-02,7.642418e-03,1.761078e-03,2.353793e-02,5.993976e-02,4.989984e-02,1.838112e-01,6.068334e-02,1.055058e-01,1.294542e-01,1.992449e-01
8.915722e-02,1.439376e-02,2.268639e-02,4.770542e-02,2.946884e-02,7.739393e-03,1.684831e-03,1.766887e-02,5.416754e-02,4.334444e-02,2.162809e-01,1.031229e-01,1.083802e-01,1.000527e-01,1.441467e-01
1.592800e-01,1.648326e-02,1.674023e-02,3.858453e-02,2.160844e-02,7.967488e-03,1.316981e-03,1.326347e-02,4.451772e-02,3.955047e-02,2.305127e-01,1.417675e-01,9.183915e-02,7.375527e-02,1.028128e-01
1.391879e-01,2.986285e-02,1.306879e-02,3.023028e-02,1.651086e-02,9.050091e-03,1.037933e-03,9.606547e-03,5.588011e-02,3.423626e-02,2.135857e-01,2.280369e-01,8.019058e-02,6.322610e-02,7.628910e-02
1.003833e-01,2.852257e-02,1.008673e-02,2.411619e-02,1.290381e-02,9.103838e-03,8.312684e-04,7.617703e-03,8.267239e-02,2.474864e-02,2.782354e-01,2.447530e-01,5.955613e-02,5.931979e-02,5.714930e-02
7.078837e-02,2.492249e-02,7.460097e-03,1.795563e-02,1.004481e-02,7.265250e-03,6.045648e-04,5.537319e-03,1.429837e-01,1.820277e-02,3.038982e-01,2.496445e-01,4.367953e-02,5.517236e-02,4.184048e-02
5.043348e-02,2.111974e-02,1.140242e-02,1.527029e-02,9.684759e-03,6.277208e-03,8.435102e-04,7.696059e-03,2.502611e-01,1.326123e-02,2.971663e-01,2.159537e-01,3.163986e-02,3.920445e-02,2.978592e-02
3.695241e-02,2.543065e-02,1.785083e-02,2.071901e-02,1.193374e-02,7.664172e-03,7.779453e-04,8.534481e-03,3.151200e-01,1.458077e-02,2.801425e-01,1.789816e-01,2.344077e-02,3.354393e-02,2.432715e-02
2.891397e-02,3.784932e-02,2.735454e-02,7.397653e-02,1.785379e-02,1.240704e-02,7.059117e-04,6.747207e-03,3.077143e-01,2.046212e-02,2.622491e-01,1.375790e-01,1.712014e-02,2.820888e-02,2.085816e-02
3.242429e-02,3.430278e-02,3.684100e-02,9.579347e-02,1.963252e-02,1.417237e-02,5.848043e-04,7.331096e-03,2.645565e-01,3.398366e-02,2.816753e-01,1.029755e-01,1.415457e-02,4.527146e-02,1.630073e-02
3.412807e-02,3.264124e-02,4.706157e-02,7.924700e-02,2.014909e-02,1.263449e-02,5.359646e-04,6.852224e-03,2.285959e-01,4.101705e-02,3.156285e-01,8.040109e-02,1.613707e-02,7.149343e-02,1.347732e-02
3.736363e-02,2.857901e-02,4.778823e-02,7.196727e-02,2.321355e-02,1.037844e-02,4.746369e-04,8.281305e-03,2.025118e-01,3.341295e-02,3.371664e-01,6.522942e-02,2.419236e-02,9.632626e-02,1.311478e-02
3.594884e-02,2.883055e-02,3.957586e-02,6.496336e-02,2.668884e-02,9.121444e-03,5.989809e-04,7.613662e-03,2.463712e-01,3.678823e-02,2.884878e-01,6.418429e-02,3.612009e-02,1.000848e-01,1.462216e-02
4.857843e-02,2.320036e-02,3.730712e-02,9.539263e-02,2.372357e-02,7.406243e-03,5.937520e-04,9.654332e-03,2.455867e-01,3.125289e-02,2.885964e-01,5.001662e-02,4.044674e-02,8.655162e-02,1.169261e-02
9.306982e-02,2.007657e-02,3.257189e-02,1.140111e-01,2.127861e-02,8.454194e-03,6.860590e-04,9.085615e-03,2.437375e-01,3.824373e-02,2.422815e-01,4.298870e-02,3.922752e-02,8.093664e-02,1.335058e-02
1.358619e-01,1.796916e-02,4.127227e-02,1.465546e-01,2.648386e-02,9.740615e-03,1.041503e-03,1.172126e-02,2.260482e-01,3.147119e-02,1.973725e-01,3.149687e-02,3.236721e-02,7.872790e-02,1.187101e-02
1.386471e-01,1.634432e-02,3.498555e-02,1.059872e-01,3.432186e-02,8.627306e-03,1.064149e-03,1.039440e-02,2.067446e-01,3.641850e-02,1.860048e-01,2.362850e-02,3.159375e-02,1.438637e-01,2.137436e-02
1.212188e-01,1.871404e-02,9.070506e-02,8.241844e-02,3.297608e-02,7.534320e-03,1.564483e-03,2.026460e-02,1.629749e-01,3.713030e-02,1.532982e-01,1.794993e-02,2.514771e-02,1.977409e-01,3.036227e-02
1.096959e-01,1.718722e-02,7.979598e-02,6.473807e-02,3.307548e-02,7.918982e-03,1.481621e-03,2.182818e-02,1.331173e-01,3.166325e-02,1.345474e-01,1.652021e-02,2.173657e-02,2.942017e-01,3.249214e-02
8.830050e-02,1.827862e-02,9.327804e-02,1.063606e-01,3.305806e-02,6.904376e-03,1.707994e-03,2.853241e-02,2.031309e-01,2.458080e-02,1.080426e-01,1.332895e-02,1.983332e-02,2.257087e-01,2.895414e-02
7.423578e-02,2.567713e-02,1.384383e-01,1.004931e-01,3.557424e-02,7.107692e-03,1.676665e-03,2.820572e-02,1.992172e-01,2.073791e-02,1.035140e-01,1.070286e-02,2.002387e-02,1.976821e-01,3.671340e-02
7.031647e-02,2.999390e-02,1.486052e-01,7.505588e-02,3.199190e-02,1.048470e-02,1.630247e-03,3.498597e-02,1.603497e-01,2.970774e-02,1.111206e-01,9.623014e-03,1.791952e-02,2.004916e-01,6.772353e-02
7.466714e-02,3.275579e-02,1.440680e-01,5.989346e-02,3.260616e-02,8.960391e-03,1.535557e-03,3.795893e-02,1.354189e-01,4.092416e-02,9.748009e-02,8.208955e-03,1.536607e-02,1.781370e-01,1.320193e-01
9.584698e-02,3.123726e-02,1.287848e-01,5.415313e-02,4.559423e-02,9.949399e-03,1.779899e-03,3.219761e-02,1.113420e-01,7.315762e-02,8.413619e-02,7.593682e-03,1.483981e-02,1.509271e-01,1.584603e-01
1.127764e-01,4.508648e-02,1.030459e-01,5.673242e-02,4.537360e-02,1.720231e-02,2.084752e-03,4.079729e-02,1.003249e-01,9.326096e-02,7.749227e-02,9.036026e-03,1.377676e-02,1.360838e-01,1.469261e-01
1.144870e-01,4.049826e-02,7.979406e-02,7.273194e-02,4.237015e-02,3.310555e-02,1.999869e-03,3.324608e-02,7.810590e-02,7.309416e-02,1.190887e-01,1.295944e-02,1.706021e-02,1.198085e-01,1.616502e-01
1.160028e-01,3.827925e-02,7.204641e-02,9.968729e-02,3.731657e-02,3.147488e-02,1.779517e-03,2.593297e-02,6.266765e-02,5.644081e-02,1.254792e-01,1.760320e-02,1.636440e-02,1.087882e-01,1.901368e-01
1.200066e-01,3.732978e-02,6.068084e-02,8.383888e-02,3.688326e-02,2.770765e-02,1.941175e-03,2.448381e-02,6.435978e-02,4.945777e-02,9.965847e-02,1.531350e-02,1.524001e-02,1.231193e-01,2.399791e-01
1.486910e-01,4.723863e-02,7.462457e-02,7.080862e-02,3.347951e-02,3.309945e-02,1.728441e-03,1.937888e-02,6.437370e-02,4.962421e-02,1.128610e-01,2.013593e-02,1.954116e-02,1.007962e-01,2.036187e-01
2.101043e-01,9.599954e-02,6.031747e-02,5.707897e-02,2.647558e-02,3.346555e-02,1.569857e-03,1.576450e-02,6.235573e-02,4.258358e-02,1.059105e-01,1.889080e-02,1.777153e-02,9.148684e-02,1.602252e-01
2.055297e-01,8.947054e-02,4.601387e-02,4.947220e-02,2.143808e-02,3.792035e-02,1.314167e-03,1.403100e-02,8.167621e-02,3.323935e-02,1.391474e-01,1.671431e-02,1.755731e-02,1.196020e-01,1.268735e-01
2.378328e-01,8.692356e-02,5.508335e-02,9.638913e-02,2.064070e-02,3.294969e-02,1.574856e-03,1.751466e-02,8.631835e-02,2.507221e-02,1.182405e-01,1.350361e-02,1.500246e-02,9.948688e-02,9.346730e-02
2.972627e-01,7.171747e-02,7.231686e-02,7.731856e-02,1.854528e-02,2.956874e-02,2.640858e-03,2.067326e-02,9.595500e-02,1.868669e-02,9.714602e-02,1.308716e-02,1.286632e-02,1.007373e-01,7.147782e-02
4.034364e-01,5.880083e-02,6.136283e-02,6.448040e-02,1.830197e-02,2.565680e-02,3.731213e-03,1.867889e-02,8.160010e-02,1.460565e-02,7.799274e-02,1.637213e-02,1.299757e-02,8.575331e-02,5.622926e-02
4.130310e-01,5.169071e-02,7.357304e-02,5.714089e-02,2.102628e-02,2.674381e-02,3.943547e-03,1.921498e-02,9.080379e-02,1.189908e-02,6.835443e-02,2.087663e-02,1.411647e-02,8.234480e-02,4.524058e-02
4.226460e-01,4.517904e-02,6.509107e-02,4.690331e-02,2.435623e-02,2.544609e-02,3.670712e-03,1.779236e-02,1.234596e-01,1.243221e-02,6.127568e-02,2.011378e-02,1.223779e-02,8.256922e-02,3.682689e-02
4.100833e-01,3.821111e-02,6.034260e-02,4.510847e-02,3.881600e-02,2.514920e-02,3.790630e-03,3.147253e-02,1.511002e-01,1.055681e-02,5.155536e-02,2.155093e-02,1.083402e-02,7.202474e-02,2.940422e-02
3.798458e-01,3.874195e-02,5.786071e-02,4.536007e-02,4.802341e-02,2.310888e-02,3.168792e-03,3.296585e-02,1.962570e-01,8.354330e-03,4.331792e-02,1.932930e-02,9.723636e-03,6.664063e-02,2.730184e-02
3.561330e-01,4.096412e-02,5.146425e-02,4.072784e-02,5.839208e-02,2.051335e-02,2.917700e-03,3.049131e-02,2.375427e-01,6.787596e-03,3.664405e-02,1.663975e-02,9.304972e-03,6.715701e-02,2.432038e-02
