1.000000e+00,0.000000e+00,0.000000e+00,0.000000e+00,0.000000e+00,0.000000e+00,0.000000e+00,0.000000e+00,0.000000e+00,0.000000e+00,0.000000e+00,0.000000e+00,0.000000e+00,0.000000e+00,0.000000e+00
1.000000e+00,0.000000e+00,0.000000e+00,0.000000e+00,0.000000e+00,0.000000e+00,0.000000e+00,0.000000e+00,0.000000e+00,0.000000e+00,0.000000e+00,0.000000e+00,0.000000e+00,0.000000e+00,0.000000e+00
1.000000e+00,0.000000e+00,0.000000e+00,0.000000e+00,0.000000e+00,0.000000e+00,0.000000e+00,0.000000e+00,0.000000e+00,0.000000e+00,0.000000e+00,0.000000e+00,0.000000e+00,0.000000e+00,0.000000e+00
1.000000e+00,0.000000e+00,0.000000e+00,0.000000e+00,0.000000e+00,0.000000e+00,0.000000e+00,0.000000e+00,0.000000e+00,0.000000e+00,0.000000e+00,0.000000e+00,0.000000e+00,0.000000e+00,0.000000e+00
1.000000e+00,0.000000e+00,0.000000e+00,0.000000e+00,0.000000e+00,0.000000e+00,0.000000e+00,0.000000e+00,0.000000e+00,0.000000e+00,0.000000e+00,0.000000e+00,0.000000e+00,0.000000e+00,0.000000e+00
1.000000e+00,0.000000e+00,0.000000e+00,0.000000e+00,0.000000e+00,0.000000e+00,0.000000e+00,0.000000e+00,0.000000e+00,0.000000e+00,0.000000e+00,0.000000e+00,0.000000e+00,0.000000e+00,0.000000e+00
1.000000e+00,0.000000e+00,0.000000e+00,0.000000e+00,0.000000e+00,0.000000e+00,0.000000e+00,0.000000e+00,0.000000e+00,0.000000e+00,0.000000e+00,0.000000e+00,0.000000e+00,0.000000e+00,0.000000e+00
1.000000e+00,0.000000e+00,0.000000e+00,0.000000e+00,0.000000e+00,0.000000e+00,0.000000e+00,0.000000e+00,0.000000e+00,0.000000e+00,0.000000e+00,0.000000e+00,0.000000e+00,0.000000e+00,0.000000e+00
1.000000e+00,0.000000e+00,0.000000e+00,0.000000e+00,0.000000e+00,0.000000e+00,0.000000e+00,0.000000e+00,0.000000e+00,0.000000e+00,0.000000e+00,0.000000e+00,0.000000e+00,0.000000e+00,0.000000e+00
1.000000e+00,0.000000e+00,0.000000e+00,0.000000e+00,0.000000e+00,0.000000e+00,0.000000e+00,0.000000e+00,0.000000e+00,0.000000e+00,0.000000e+00,0.000000e+00,0.000000e+00,0.000000e+00,0.000000e+00
1.000000e+00,0.000000e+00,0.000000e+00,0.000000e+00,0.000000e+00,0.000000e+00,0.000000e+00,0.000000e+00,0.000000e+00,0.000000e+00,0.000000e+00,0.000000e+00,0.000000e+00,0.000000e+00,0.000000e+00
1.000000e+00,0.000000e+00,0.000000e+00,0.000000e+00,0.000000e+00,0.000000e+00,0.000000e+00,0.000000e+00,0.000000e+00,0.000000e+00,0.000000e+00,0.000000e+00,0.000000e+00,0.000000e+00,0.000000e+00
1.000000e+00,0.000000e+00,0.000000e+00,0.000000e+00,0.000000e+00,0.000000e+00,0.000000e+00,0.000000e+00,0.000000e+00,0.000000e+00,0.000000e+00,0.000000e+00,0.000000e+00,0.000000e+00,0.000000e+00
1.000000e+00,0.000000e+00,0.000000e+00,0.000000e+00,0.000000e+00,0.000000e+00,0.000000e+00,0.000000e+00,0.000000e+00,0.000000e+00,0.000000e+00,0.000000e+00,0.000000e+00,0.000000e+00,0.000000e+00
1.000000e+00,0.000000e+00,0.000000e+00,0.000000e+00,0.000000e+00,0.000000e+00,0.000000e+00,0.000000e+00,0.000000e+00,0.000000e+00,0.000000e+00,0.000000e+00,0.000000e+00,0.000000e+00,0.000000e+00
1.000000e+00,0.000000e+00,0.000000e+00,0.000000e+00,0.000000e+00,0.000000e+00,0.000000e+00,0.000000e+00,0.000000e+00,0.000000e+00,0.000000e+00,0.000000e+00,0.000000e+00,0.000000e+00,0.000000e+00
1.000000e+00,0.000000e+00,0.000000e+00,0.000000e+00,0.000000e+00,0.000000e+00,0.000000e+00,0.000000e+00,0.000000e+00,0.000000e+00,0.000000e+00,0.000000e+00,0.000000e+00,0.000000e+00,0.000000e+00
1.000000e+00,0.000000e+00,0.000000e+00,0.000000e+00,0.000000e+00,0.000000e+00,0.000000e+00,0.000000e+00,0.000000e+00,0.000000e+00,0.000000e+00,0.000000e+00,0.000000e+00,0.000000e+00,0.000000e+00
1.000000e+00,0.000000e+00,0.000000e+00,0.000000e+00,0.000000e+00,0.000000e+00,0.000000e+00,0.000000e+00,0.000000e+00,0.000000e+00,0.000000e+00,0.000000e+00,0.000000e+00,0.000000e+00,0.000000e+00
1.000000e+00,0.000000e+00,0.000000e+00,0.000000e+00,0.000000e+00,0.000000e+00,0.000000e+00,0.000000e+00,0.000000e+00,0.000000e+00,0.000000e+00,0.000000e+00,0.000000e+00,0.000000e+00,0.000000e+00
1.000000e+00,0.000000e+00,0.000000e+00,0.000000e+00,0.000000e+00,0.000000e+00,0.000000e+00,0.000000e+00,0.000000e+00,0.000000e+00,0.000000e+00,0.000000e+00,0.000000e+00,0.000000e+00,0.000000e+00
1.000000e+00,0.000000e+00,0.000000e+00,0.000000e+00,0.000000e+00,0.000000e+00,0.000000e+00,0.000000e+00,0.000000e+00,0.000000e+00,0.000000e+00,0.000000e+00,0.000000e+00,0.000000e+00,0.000000e+00
1.000000e+00,0.000000e+00,0.000000e+00,0.000000e+00,0.000000e+00,0.000000e+00,0.000000e+00,0.000000e+00,0.000000e+00,0.000000e+00,0.000000e+00,0.000000e+00,0.000000e+00,0.000000e+00,0.000000e+00
1.000000e+00,0.000000e+00,0.000000e+00,0.000000e+00,0.000000e+00,0.000000e+00,0.000000e+00,0.000000e+00,0.000000e+00,0.000000e+00,0.000000e+00,0.000000e+00,0.000000e+00,0.000000e+00,0.000000e+00
1.000000e+00,0.000000e+00,0.000000e+00,0.000000e+00,0.000000e+00,0.000000e+00,0.000000e+00,0.000000e+00,0.000000e+00,0.000000e+00,0.000000e+00,0.000000e+00,0.000000e+00,0.000000e+00,0.000000e+00
1.000000e+00,0.000000e+00,0.000000e+00,0.000000e+00,0.000000e+00,0.000000e+00,0.000000e+00,0.000000e+00,0.000000e+00,0.000000e+00,0.000000e+00,0.000000e+00,0.000000e+00,0.000000e+00,0.000000e+00
1.000000e+00,0.000000e+00,0.000000e+00,0.000000e+00,0.000000e+00,0.000000e+00,0.000000e+00,0.000000e+00,0.000000e+00,0.000000e+00,0.000000e+00,0.000000e+00,0.000000e+00,0.000000e+00,0.000000e+00
1.000000e+00,0.000000e+00,0.000000e+00,0.000000e+00,0.000000e+00,0.000000e+00,0.000000e+00,0.000000e+00,0.000000e+00,0.000000e+00,0.000000e+00,0.000000e+00,0.000000e+00,0.000000e+00,0.000000e+00
1.000000e+00,0.000000e+00,0.000000e+00,0.000000e+00,0.000000e+00,0.000000e+00,0.000000e+00,0.000000e+00,0.000000e+00,0.000000e+00,0.000000e+00,0.000000e+00,0.000000e+00,0.000000e+00,0.000000e+00
1.000000e+00,0.000000e+00,0.000000e+00,0.000000e+00,0.000000e+00,0.000000e+00,0.000000e+00,0.000000e+00,0.000000e+00,0.000000e+00,0.000000e+00,0.000000e+00,0.000000e+00,0.000000e+00,0.000000e+00
1.000000e+00,0.000000e+00,0.000000e+00,0.000000e+00,0.000000e+00,0.000000e+00,0.000000e+00,0.000000e+00,0.000000e+00,0.000000e+00,0.000000e+00,0.000000e+00,0.000000e+00,0.000000e+00,0.000000e+00
1.000000e+00,0.000000e+00,0.000000e+00,0.000000e+00,0.000000e+00,0.000000e+00,0.000000e+00,0.000000e+00,0.000000e+00,0.000000e+00,0.000000e+00,0.000000e+00,0.000000e+00,0.000000e+00,0.000000e+00
1.000000e+00,0.000000e+00,0.000000e+00,0.000000e+00,0.000000e+00,0.000000e+00,0.000000e+00,0.000000e+00,0.000000e+00,0.000000e+00,0.000000e+00,0.000000e+00,0.000000e+00,0.000000e+00,0.000000e+00
1.000000e+00,0.000000e+00,0.000000e+00,0.000000e+00,0.000000e+00,0.000000e+00,0.000000e+00,0.000000e+00,0.000000e+00,0.000000e+00,0.000000e+00,0.000000e+00,0.000000e+00,0.000000e+00,0.000000e+00
1.000000e+00,0.000000e+00,0.000000e+00,0.000000e+00,0.000000e+00,0.000000e+00,0.000000e+00,0.000000e+00,0.000000e+00,0.000000e+00,0.000000e+00,0.000000e+00,0.000000e+00,0.000000e+00,0.000000e+00
1.000000e+00,0.000000e+00,0.000000e+00,0.000000e+00,0.000000e+00,0.000000e+00,0.000000e+00,0.000000e+00,0.000000e+00,0.000000e+00,0.000000e+00,0.000000e+00,0.000000e+00,0.000000e+00,0.000000e+00
1.000000e+00,0.000000e+00,0.000000e+00,0.000000e+00,0.000000e+00,0.000000e+00,0.000000e+00,0.000000e+00,0.000000e+00,0.000000e+00,0.000000e+00,0.000000e+00,0.000000e+00,0.000000e+00,0.000000e+00
1.000000e+00,0.000000e+00,0.000000e+00,0.000000e+00,0.000000e+00,0.000000e+00,0.000000e+00,0.000000e+00,0.000000e+00,0.000000e+00,0.000000e+00,0.000000e+00,0.000000e+00,0.000000e+00,0.000000e+00
1.000000e+00,0.000000e+00,0.000000e+00,0.000000e+00,0.000000e+00,0.000000e+00,0.000000e+00,0.000000e+00,0.000000e+00,0.000000e+00,0.000000e+00,0.000000e+00,0.000000e+00,0.000000e+00,0.000000e+00
1.000000e+00,0.000000e+00,0.000000e+00,0.000000e+00,0.000000e+00,0.000000e+00,0.000000e+00,0.000000e+00,0.000000e+00,0.000000e+00,0.000000e+00,0.000000e+00,0.000000e+00,0.000000e+00,0.000000e+00
1.000000e+00,0.000000e+00,0.000000e+00,0.000000e+00,0.000000e+00,0.000000e+00,0.000000e+00,0.000000e+00,0.000000e+00,0.000000e+00,0.000000e+00,0.000000e+00,0.000000e+00,0.000000e+00,0.000000e+00
1.000000e+00,0.000000e+00,0.000000e+00,0.000000e+00,0.000000e+00,0.000000e+00,0.000000e+00,0.000000e+00,0.000000e+00,0.000000e+00,0.000000e+00,0.000000e+00,0.000000e+00,0.000000e+00,0.000000e+00
1.000000e+00,0.000000e+00,0.000000e+00,0.000000e+00,0.000000e+00,0.000000e+00,0.000000e+00,0.000000e+00,0.000000e+00,0.000000e+00,0.000000e+00,0.000000e+00,0.000000e+00,0.000000e+00,0.000000e+00
1.000000e+00,0.000000e+00,0.000000e+00,0.000000e+00,0.000000e+00,0.000000e+00,0.000000e+00,0.000000e+00,0.000000e+00,0.000000e+00,0.000000e+00,0.000000e+00,0.000000e+00,0.000000e+00,0.000000e+00
1.000000e+00,0.000000e+00,0.000000e+00,0.000000e+00,0.000000e+00,0.000000e+00,0.000000e+00,0.000000e+00,0.000000e+00,0.000000e+00,0.000000e+00,0.000000e+00,0.000000e+00,0.000000e+00,0.000000e+00
1.000000e+00,0.000000e+00,0.000000e+00,0.000000e+00,0.000000e+00,0.000000e+00,0.000000e+00,0.000000e+00,0.000000e+00,0.000000e+00,0.000000e+00,0.000000e+00,0.000000e+00,0.000000e+00,0.000000e+00
1.000000e+00,0.000000e+00,0.000000e+00,0.000000e+00,0.000000e+00,0.000000e+00,0.000000e+00,0.000000e+00,0.000000e+00,0.000000e+00,0.000000e+00,0.000000e+00,0.000000e+00,0.000000e+00,0.000000e+00
1.000000e+00,0.000000e+00,0.000000e+00,0.000000e+00,0.000000e+00,0.000000e+00,0.000000e+00,0.000000e+00,0.000000e+00,0.000000e+00,0.000000e+00,0.000000e+00,0.000000e+00,0.000000e+00,0.000000e+00
1.000000e+00,0.000000e+00,0.000000e+00,0.000000e+00,0.000000e+00,0.000000e+00,0.000000e+00,0.000000e+00,0.000000e+00,0.000000e+00,0.000000e+00,0.000000e+00,0.000000e+00,0.000000e+00,0.000000e+00
1.000000e+00,0.000000e+00,0.000000e+00,0.000000e+00,0.000000e+00,0.000000e+00,0.000000e+00,0.000000e+00,0.000000e+00,0.000000e+00,0.000000e+00,0.000000e+00,0.000000e+00,0.000000e+00,0.000000e+00
1.000000e+00,0.000000e+00,0.000000e+00,0.000000e+00,0.000000e+00,0.000000e+00,0.000000e+00,0.000000e+00,0.000000e+00,0.000000e+00,0.000000e+00,0.000000e+00,0.000000e+00,0.000000e+00,0.000000e+00
1.000000e+00,0.000000e+00,0.000000e+00,0.000000e+00,0.000000e+00,0.000000e+00,0.000000e+00,0.000000e+00,0.000000e+00,0.000000e+00,0.000000e+00,0.000000e+00,0.000000e+00,0.000000e+00,0.000000e+00
1.000000e+00,0.000000e+00,0.000000e+00,0.000000e+00,0.000000e+00,0.000000e+00,0.000000e+00,0.000000e+00,0.000000e+00,0.000000e+00,0.000000e+00,0.000000e+00,0.000000e+00,0.000000e+00,0.000000e+00
1.000000e+00,0.000000e+00,0.000000e+00,0.000000e+00,0.000000e+00,0.000000e+00,0.000000e+00,0.000000e+00,0.000000e+00,0.000000e+00,0.000000e+00,0.000000e+00,0.000000e+00,0.000000e+00,0.000000e+00
1.000000e+00,0.000000e+00,0.000000e+00,0.000000e+00,0.000000e+00,0.000000e+00,0.000000e+00,0.000000e+00,0.000000e+00,0.000000e+00,0.000000e+00,0.000000e+00,0.000000e+00,0.000000e+00,0.000000e+00
1.000000e+00,0.000000e+00,0.000000e+00,0.000000e+00,0.000000e+00,0.000000e+00,0.000000e+00,0.000000e+00,0.000000e+00,0.000000e+00,0.000000e+00,0.000000e+00,0.000000e+00,0.000000e+00,0.000000e+00
1.000000e+00,0.000000e+00,0.000000e+00,0.000000e+00,0.000000e+00,0.000000e+00,0.000000e+00,0.000000e+00,0.000000e+00,0.000000e+00,0.000000e+00,0.000000e+00,0.000000e+00,0.000000e+00,0.000000e+00
4.983701e-01,2.570213e-02,1.361129e-01,9.139785e-02,8.121913e-03,2.666618e-02,5.110750e-03,8.881827e-02,6.649228e-03,3.271403e-03,3.777408e-02,3.453139e-02,1.500291e-02,4.111806e-03,1.835910e-02
3.633462e-01,1.956766e-02,2.888399e-01,7.627979e-02,6.604874e-03,2.613045e-02,4.428055e-03,1.180255e-01,5.536098e-03,2.756557e-03,3.066786e-02,2.720436e-02,1.182681e-02,3.467147e-03,1.531879e-02
3.003416e-01,1.477625e-02,3.798220e-01,6.297172e-02,5.346985e-03,2.272375e-02,4.654131e-03,1.369106e-01,4.238715e-03,2.325404e-03,2.251647e-02,1.991434e-02,9.041173e-03,2.645147e-03,1.177179e-02
3.880625e-01,1.226787e-02,3.376959e-01,5.006389e-02,4.850725e-03,1.956837e-02,5.532524e-03,1.240535e-01,3.326303e-03,1.970283e-03,1.703789e-02,1.640760e-02,7.490057e-03,2.109395e-03,9.563293e-03
2.996545e-01,8.925048e-03,4.409821e-01,5.635948e-02,3.816645e-03,1.463214e-02,4.509222e-03,1.290417e-01,2.462216e-03,1.441512e-03,1.224419e-02,1.200213e-02,5.523194e-03,1.517033e-03,6.888931e-03
3.194892e-01,6.466578e-03,4.343751e-01,5.333310e-02,3.052776e-03,1.237414e-02,4.054203e-03,1.338120e-01,1.925385e-03,1.265084e-03,9.022154e-03,9.571085e-03,4.813655e-03,1.158124e-03,5.287388e-03
3.746089e-01,4.846932e-03,3.822934e-01,4.808373e-02,2.626659e-03,1.040224e-02,3.581130e-03,1.459364e-01,1.571204e-03,1.360187e-03,6.781965e-03,7.909999e-03,4.387007e-03,9.868502e-04,4.623408e-03
4.287550e-01,4.148819e-03,3.312742e-01,3.909106e-02,2.712954e-03,9.625358e-03,4.176275e-03,1.522848e-01,1.500450e-03,2.140104e-03,5.905997e-03,6.775592e-03,4.089456e-03,1.400378e-03,6.119558e-03
1.000000e+00,0.000000e+00,0.000000e+00,0.000000e+00,0.000000e+00,0.000000e+00,0.000000e+00,0.000000e+00,0.000000e+00,0.000000e+00,0.000000e+00,0.000000e+00,0.000000e+00,0.000000e+00,0.000000e+00
1.000000e+00,0.000000e+00,0.000000e+00,0.000000e+00,0.000000e+00,0.000000e+00,0.000000e+00,0.000000e+00,0.000000e+00,0.000000e+00,0.000000e+00,0.000000e+00,0.000000e+00,0.000000e+00,0.000000e+00
1.000000e+00,0.000000e+00,0.000000e+00,0.000000e+00,0.000000e+00,0.000000e+00,0.000000e+00,0.000000e+00,0.000000e+00,0.000000e+00,0.000000e+00,0.000000e+00,0.000000e+00,0.000000e+00,0.000000e+00
4.662541e-01,5.349160e-03,1.495422e-01,1.569446e-02,2.760089e-03,1.047648e-02,3.242198e-03,7.329438e-02,4.475569e-02,1.180916e-02,1.073030e-02,1.223887e-02,6.736637e-03,8.388369e-02,1.032326e-01
3.283206e-01,4.397651e-03,1.112894e-01,1.152653e-02,2.085615e-03,7.765659e-03,2.313602e-03,5.144069e-02,2.336622e-01,9.853329e-03,9.857498e-03,8.897817e-03,5.225644e-03,8.783939e-02,1.255243e-01
2.299747e-01,3.386291e-03,7.888734e-02,8.209432e-03,1.515589e-03,5.764827e-03,1.636030e-03,3.604176e-02,2.595644e-01,1.147771e-02,2.072917e-02,6.548906e-03,4.523203e-03,2.229046e-01,1.088360e-01
1.611262e-01,2.580882e-03,5.601846e-02,5.847721e-03,1.086490e-03,4.139832e-03,1.154581e-03,2.526594e-02,3.049937e-01,1.094563e-02,5.645563e-02,4.928362e-03,3.677313e-03,2.731809e-01,8.859828e-02
1.129596e-01,2.001020e-03,3.925467e-02,4.515097e-03,1.083993e-03,3.307648e-03,8.337265e-04,1.771985e-02,2.688432e-01,3.275314e-02,1.183235e-01,4.661318e-03,3.238764e-03,3.254458e-01,6.505858e-02
7.918527e-02,1.672497e-03,2.750254e-02,4.146859e-03,1.193573e-03,3.275988e-03,6.182863e-04,1.241748e-02,2.737056e-01,3.206918e-02,2.268603e-01,1.121950e-02,3.886754e-03,2.744762e-01,4.776989e-02
5.580216e-02,1.414585e-03,2.007007e-02,3.748238e-03,3.969929e-03,8.806855e-02,1.253441e-03,1.175730e-02,2.050016e-01,2.843517e-02,2.354363e-01,1.343316e-02,1.221477e-02,2.837007e-01,3.569406e-02
3.942068e-02,1.131759e-03,1.451015e-02,3.367994e-03,3.723970e-03,9.882541e-02,1.010701e-03,9.323239e-03,1.594838e-01,2.079415e-02,2.665346e-01,1.401908e-02,9.477023e-03,3.330066e-01,2.537087e-02
2.777157e-02,1.231957e-03,1.029111e-02,2.749075e-03,7.980435e-03,7.613543e-02,8.042015e-04,6.975529e-03,1.661231e-01,1.503947e-02,3.164341e-01,1.345137e-02,7.252662e-03,3.297235e-01,1.803650e-02
1.951912e-02,1.104420e-03,7.230717e-03,2.098290e-03,6.527682e-03,5.392252e-02,5.793347e-04,5.001197e-03,2.451868e-01,1.084572e-02,3.165169e-01,1.115767e-02,5.193563e-03,3.022329e-01,1.288328e-02
1.372653e-02,9.079347e-04,5.090613e-03,1.653607e-03,4.928518e-03,3.843216e-02,4.150733e-04,3.535127e-03,2.628362e-01,7.968078e-03,3.049495e-01,9.030719e-03,3.758031e-03,3.335173e-01,9.250724e-03
9.664793e-03,8.501338e-04,3.646944e-03,2.092401e-03,4.181696e-03,2.984976e-02,3.071588e-04,2.536537e-03,3.554857e-01,6.287640e-03,2.499072e-01,7.073306e-03,3.574533e-03,3.177623e-01,6.779876e-03
6.800517e-03,9.741669e-04,2.737451e-03,2.311526e-03,3.725419e-03,4.469125e-02,2.443164e-04,1.901534e-03,3.815879e-01,5.162606e-03,2.115537e-01,6.136844e-03,6.433730e-03,3.208638e-01,4.875365e-03
4.840462e-03,2.193589e-03,2.512159e-03,1.033137e-02,9.880325e-03,6.597091e-02,3.551362e-04,7.717315e-03,4.042640e-01,5.274908e-03,1.767053e-01,5.167608e-03,1.455563e-02,2.863199e-01,3.911471e-03
3.636398e-03,4.081356e-03,3.153464e-03,1.275076e-02,1.131658e-02,8.977027e-02,3.571926e-04,1.225252e-02,4.155103e-01,6.565204e-03,1.619097e-01,4.954536e-03,1.688452e-02,2.535644e-01,3.292883e-03
3.066983e-03,2.023567e-02,1.060403e-02,2.101002e-02,6.512345e-02,7.163762e-02,1.966834e-03,1.094303e-02,4.561224e-01,6.112268e-03,1.265314e-01,3.955701e-03,1.355449e-02,1.856230e-01,3.513039e-03
2.515973e-03,3.067580e-02,1.005737e-02,9.213720e-02,5.797678e-02,6.234737e-02,1.446001e-03,8.265472e-03,4.808981e-01,7.838975e-03,9.401374e-02,3.040953e-03,1.025936e-02,1.330339e-01,5.493009e-03
2.143514e-03,4.600217e-02,1.688289e-02,1.510617e-01,4.391266e-02,5.289685e-02,1.043583e-03,8.172552e-03,4.772238e-01,1.005760e-02,7.870355e-02,3.245177e-03,9.116306e-03,9.384236e-02,5.695404e-03
2.420839e-03,6.142125e-02,1.606165e-02,1.168260e-01,3.512006e-02,5.962665e-02,7.891313e-04,7.494136e-03,5.441514e-01,8.819480e-03,6.494738e-02,3.161889e-03,7.285469e-03,6.659383e-02,5.280863e-03
2.234072e-03,7.835029e-02,1.255240e-02,1.410240e-01,2.713746e-02,6.091567e-02,6.019550e-04,6.838470e-03,5.528762e-01,7.676295e-03,4.898671e-02,2.564477e-03,5.784845e-03,4.685240e-02,5.604801e-03
1.668392e-03,7.437018e-02,1.120929e-02,2.495083e-01,1.986908e-02,4.491412e-02,4.402543e-04,5.014667e-03,4.899969e-01,7.472528e-03,4.101476e-02,2.618684e-03,8.613344e-03,3.308979e-02,1.019974e-02
3.060995e-03,6.886044e-02,9.742082e-03,2.035051e-01,2.307920e-02,3.701051e-02,4.559085e-04,4.288940e-03,4.913164e-01,1.081700e-02,4.003314e-02,3.872667e-03,1.609795e-02,2.767928e-02,6.018038e-02
3.391803e-03,8.995473e-02,9.291617e-03,1.633775e-01,2.047648e-02,3.837645e-02,4.092344e-04,5.114775e-03,4.697958e-01,1.385161e-02,3.126068e-02,3.351670e-03,1.629715e-02,2.637029e-02,1.086803e-01
4.477718e-03,8.920869e-02,1.175396e-02,1.378604e-01,2.159466e-02,6.228042e-02,4.334990e-04,1.147386e-02,4.615641e-01,1.434146e-02,2.334915e-02,2.622146e-03,1.382077e-02,2.252002e-02,1.226992e-01
8.047317e-03,8.287168e-02,1.124929e-02,9.734581e-02,2.583272e-02,6.704512e-02,5.947686e-04,1.014649e-02,4.538931e-01,1.016517e-02,1.722743e-02,1.903340e-03,1.063169e-02,1.866659e-02,1.843795e-01
1.074033e-02,7.589755e-02,1.257858e-02,6.888072e-02,2.677427e-02,7.502069e-02,8.319364e-04,7.973271e-03,3.853977e-01,7.368826e-03,1.245628e-02,1.430667e-03,8.515175e-03,1.609156e-02,2.900425e-01
1.055518e-02,1.341565e-01,2.926512e-02,1.634473e-01,7.901218e-02,5.582207e-02,1.765880e-03,8.563644e-03,2.779324e-01,5.440372e-03,8.929604e-03,1.086770e-03,6.081606e-03,1.135250e-02,2.065889e-01
1.819851e-02,1.573246e-01,3.044412e-02,1.386536e-01,1.096035e-01,4.866815e-02,1.741785e-03,7.687626e-03,2.661465e-01,5.896045e-03,9.753267e-03,1.648321e-03,2.412049e-02,8.185539e-03,1.719279e-01
2.243260e-02,1.434841e-01,8.029231e-02,1.835874e-01,1.059515e-01,4.115660e-02,2.020075e-03,8.681791e-03,2.281323e-01,6.035537e-03,1.008802e-02,2.904283e-03,2.091576e-02,5.936445e-03,1.383812e-01
1.852523e-02,1.105438e-01,1.849770e-01,2.174025e-01,8.197151e-02,3.054008e-02,1.554574e-03,6.818428e-03,1.991152e-01,5.730095e-03,8.788642e-03,3.903470e-03,1.660662e-02,4.277670e-03,1.092453e-01
1.529915e-02,8.384675e-02,2.990280e-01,1.877036e-01,6.186121e-02,2.248734e-02,1.195858e-03,8.409819e-03,2.017192e-01,7.991232e-03,7.845297e-03,3.342150e-03,1.282048e-02,3.057995e-03,8.339185e-02
1.187791e-02,7.563549e-02,4.151593e-01,1.473632e-01,4.512826e-02,1.672864e-02,1.132852e-03,9.424626e-03,1.763187e-01,7.673531e-03,7.321137e-03,2.617776e-03,1.968863e-02,2.211534e-03,6.171846e-02
1.907648e-02,6.495497e-02,4.434189e-01,1.311511e-01,3.890397e-02,1.589616e-02,2.499450e-03,1.870671e-02,1.648248e-01,1.086386e-02,8.087279e-03,3.028791e-03,2.323809e-02,2.024340e-03,5.332500e-02
1.736178e-02,6.013320e-02,4.524862e-01,1.517769e-01,3.151494e-02,1.325671e-02,2.202139e-03,1.510607e-02,1.618242e-01,1.484805e-02,9.951206e-03,3.012669e-03,1.916003e-02,1.648495e-03,4.571745e-02
1.355245e-02,4.489372e-02,3.653483e-01,1.372283e-01,3.184009e-02,1.350666e-02,1.375190e-02,1.274978e-02,1.216454e-01,1.729738e-02,2.287685e-02,2.579053e-02,1.232111e-01,2.843068e-03,5.346434e-02
1.052108e-02,3.374179e-02,3.619917e-01,1.088635e-01,2.682946e-02,1.270401e-02,1.565867e-02,9.823831e-03,8.932049e-02,1.820197e-02,2.346190e-02,4.461003e-02,1.899366e-01,3.165759e-03,5.116915e-02
9.607728e-03,2.476057e-02,2.701344e-01,8.614239e-02,2.470079e-02,1.140127e-02,1.817194e-02,7.338500e-03,7.586921e-02,2.948825e-02,2.105678e-02,1.400969e-01,2.179021e-01,6.499111e-03,5.683015e-02
1.708935e-02,1.942542e-02,1.960648e-01,6.458458e-02,1.998102e-02,1.046559e-02,1.559403e-02,5.352170e-03,5.948987e-02,2.910482e-02,2.309796e-02,3.217427e-01,1.590146e-01,8.870007e-03,5.012302e-02
1.653167e-02,1.427930e-02,1.401917e-01,4.594742e-02,1.465648e-02,9.140294e-03,1.118530e-02,3.793807e-03,4.773744e-02,2.499442e-02,2.018590e-02,4.593886e-01,1.484946e-01,7.039161e-03,3.643376e-02
1.256841e-02,1.373136e-02,9.849135e-02,3.220918e-02,1.046770e-02,6.650491e-03,7.923875e-03,2.717824e-03,5.899110e-02,2.032271e-02,2.121568e-02,5.433966e-01,1.382799e-01,6.159147e-03,2.687462e-02
1.420025e-02,1.231487e-02,6.978985e-02,2.331266e-02,1.006428e-02,9.951753e-03,5.852018e-03,2.215833e-03,8.837743e-02,2.633474e-02,8.501459e-02,5.225031e-01,1.033024e-01,7.008805e-03,1.975738e-02
1.232158e-02,9.637573e-03,4.905640e-02,1.682153e-02,8.812094e-03,8.988530e-03,4.319850e-03,2.050559e-03,8.275266e-02,2.164605e-02,2.051657e-01,4.722326e-01,7.716975e-02,1.430794e-02,1.471713e-02
1.071937e-02,7.425455e-03,3.451578e-02,1.214346e-02,6.850963e-03,7.733963e-03,3.160592e-03,1.637056e-03,6.405920e-02,1.652792e-02,3.406907e-01,4.013541e-01,5.523675e-02,2.656999e-02,1.137471e-02
7.857961e-03,7.585883e-03,2.489291e-02,9.357550e-03,1.188231e-02,5.897772e-03,2.340587e-03,1.562871e-03,5.308205e-02,1.449519e-02,3.584239e-01,4.311207e-01,3.994873e-02,2.252487e-02,9.026721e-03
6.409389e-03,6.350639e-03,1.805714e-02,6.712513e-03,1.143388e-02,4.465788e-03,1.790938e-03,1.570761e-03,3.970358e-02,1.096119e-02,5.060241e-01,3.297946e-01,2.855371e-02,2.163059e-02,6.541197e-03
4.674594e-03,4.779929e-03,1.277518e-02,4.831663e-03,1.184587e-02,3.183313e-03,1.375288e-03,1.196031e-03,3.401917e-02,8.065563e-03,6.211452e-01,2.483945e-01,2.032827e-02,1.867483e-02,4.710550e-03
6.662439e-03,3.936455e-03,1.260522e-02,4.463819e-03,3.865894e-02,7.620881e-03,4.122116e-03,4.777429e-03,2.822374e-02,6.301303e-03,6.303664e-01,2.173474e-01,1.494337e-02,1.636061e-02,3.609884e-03
5.714115e-03,3.463743e-03,9.779494e-03,3.579634e-03,4.160674e-02,8.225074e-03,3.561781e-03,4.022787e-03,2.528866e-02,5.609237e-03,6.357113e-01,2.217605e-01,1.120316e-02,1.737280e-02,3.101051e-03
4.851904e-03,3.193800e-03,8.262462e-03,2.925478e-03,3.884512e-02,7.226800e-03,2.782564e-03,3.577140e-03,2.229286e-02,4.531196e-03,6.982030e-01,1.780474e-01,8.079821e-03,1.468821e-02,2.492268e-03
4.393291e-03,3.232431e-03,7.529299e-03,2.606497e-03,3.866633e-02,8.716786e-03,2.330373e-03,3.182776e-03,1.835737e-02,4.345819e-03,6.999462e-01,1.842315e-01,6.179747e-03,1.382567e-02,2.455915e-03
5.213792e-03,3.400731e-03,8.806085e-03,2.635614e-03,3.071859e-02,1.203963e-02,2.067535e-03,4.180354e-03,1.787116e-02,6.119070e-03,6.940512e-01,1.863395e-01,5.154508e-03,1.915018e-02,2.251999e-03
4.487854e-03,2.637642e-03,6.384199e-03,2.074766e-03,2.211250e-02,9.359390e-03,1.584987e-03,3.200106e-03,1.385404e-02,5.751910e-03,7.387541e-01,1.604404e-01,4.453057e-03,2.308795e-02,1.817106e-03
5.328274e-03,4.198143e-03,7.772477e-03,1.866983e-03,1.707269e-02,8.855915e-03,1.536824e-03,3.038089e-03,1.373173e-02,8.568984e-03,7.599741e-01,1.284524e-01,4.390646e-03,3.292665e-02,2.286097e-03
9.208004e-03,5.027333e-03,6.497203e-03,1.557636e-03,1.283341e-02,7.115772e-03,1.158696e-03,2.482441e-03,1.103738e-02,8.157192e-03,7.795775e-01,1.071487e-01,4.198465e-03,4.163529e-02,2.364994e-03
8.102284e-03,3.964425e-03,5.017702e-03,1.139502e-03,9.525115e-03,5.388784e-03,8.619857e-04,1.968972e-03,8.551703e-03,7.702364e-03,8.150662e-01,7.841429e-02,3.619997e-03,4.872167e-02,1.955038e-03
7.805116e-03,3.222101e-03,9.011853e-03,9.556423e-04,7.604287e-03,4.923673e-03,6.904950e-04,1.756776e-03,7.137238e-03,1.208072e-02,8.235241e-01,5.755414e-02,3.404332e-03,5.852918e-02,1.800352e-03
6.230340e-03,2.687487e-03,6.472088e-03,7.582646e-04,6.203421e-03,4.174549e-03,5.717052e-04,1.333841e-03,5.441304e-03,1.063949e-02,8.558038e-01,4.228099e-02,2.839795e-03,5.298934e-02,1.573567e-03
7.052183e-03,3.965372e-03,4.974571e-03,5.978533e-04,1.108590e-02,4.090021e-03,8.192844e-04,1.405481e-03,5.202859e-03,1.384966e-02,8.591825e-01,3.162074e-02,2.284039e-03,5.215289e-02,1.716637e-03
8.468671e-03,7.110906e-03,4.092496e-03,5.561273e-04,1.880313e-02,4.640654e-03,1.701288e-03,1.761693e-03,5.385947e-03,1.910542e-02,8.389980e-01,2.697805e-02,2.571656e-03,5.740597e-02,2.420012e-03
9.756733e-03,7.221373e-03,3.404879e-03,9.419961e-04,2.298334e-02,8.097940e-03,1.692862e-03,1.989216e-03,8.991392e-03,2.548096e-02,8.050513e-01,2.297082e-02,2.441600e-03,7.601827e-02,2.957305e-03
8.512922e-03,5.667571e-03,3.107680e-03,1.109826e-03,2.028397e-02,6.912571e-03,1.399259e-03,3.176713e-03,8.853531e-03,2.534814e-02,7.848718e-01,2.070470e-02,2.472526e-03,1.048701e-01,2.708812e-03
1.088073e-02,5.015022e-03,4.328684e-03,1.521733e-03,3.525689e-02,6.138786e-03,1.600003e-03,6.434015e-03,8.739936e-03,2.756736e-02,7.675747e-01,1.726220e-02,2.543037e-03,1.021201e-01,3.016901e-03
1.556685e-02,5.111174e-03,5.016917e-03,1.684030e-03,7.729979e-02,6.129463e-03,2.171394e-03,6.284567e-03,1.985072e-02,3.460400e-02,7.069529e-01,1.481400e-02,3.162693e-03,9.816290e-02,3.188706e-03
2.930710e-02,4.555011e-03,7.306052e-03,6.676313e-03,1.141869e-01,1.950198e-02,9.726839e-03,4.720141e-02,1.722503e-02,3.835475e-02,5.881394e-01,1.430985e-02,4.247115e-03,9.599911e-02,3.263271e-03
4.967225e-02,1.061744e-02,8.586522e-03,6.065198e-03,1.711702e-01,1.723403e-02,9.908374e-03,3.609825e-02,8.796374e-02,3.098374e-02,4.456192e-01,1.902292e-02,8.861109e-03,7.327090e-02,2.492619e-02
5.700186e-02,1.187236e-02,1.654024e-02,8.197234e-03,2.393246e-01,1.549866e-02,9.322963e-03,5.557197e-02,8.785965e-02,2.461771e-02,3.695334e-01,1.965160e-02,7.514787e-03,5.740385e-02,2.008905e-02
6.820448e-02,1.598882e-02,8.066406e-02,7.913977e-03,2.698613e-01,1.604776e-02,7.270468e-03,5.246928e-02,7.764535e-02,1.850460e-02,3.054939e-01,1.496994e-02,5.648051e-03,4.351083e-02,1.580712e-02
7.552387e-02,1.839262e-02,1.519753e-01,1.104739e-02,3.003094e-01,1.679665e-02,5.976792e-03,5.477451e-02,6.367046e-02,1.410542e-02,2.252374e-01,1.154772e-02,4.316258e-03,3.406187e-02,1.226435e-02
7.923594e-02,2.117554e-02,2.109149e-01,1.142034e-02,3.309848e-01,1.653315e-02,4.537541e-03,4.039484e-02,5.562613e-02,1.171152e-02,1.614052e-01,8.647425e-03,3.287415e-03,3.390495e-02,1.022033e-02
9.619799e-02,2.258606e-02,3.077984e-01,1.328864e-02,2.755730e-01,1.319434e-02,3.352798e-03,2.977676e-02,4.340797e-02,1.870810e-02,1.172384e-01,7.509164e-03,2.817225e-03,3.394540e-02,1.460573e-02
9.802648e-02,2.838678e-02,2.999615e-01,1.520028e-02,3.167452e-01,1.217857e-02,2.451728e-03,2.256310e-02,4.066223e-02,1.872388e-02,8.487196e-02,6.111654e-03,2.252410e-03,3.972444e-02,1.213982e-02
1.000106e-01,3.888413e-02,2.553159e-01,2.731881e-02,3.187687e-01,1.462838e-02,1.916362e-03,2.064452e-02,5.894376e-02,2.051687e-02,6.639971e-02,5.956092e-03,2.238862e-03,5.242591e-02,1.603145e-02
1.292426e-01,4.318578e-02,1.961650e-01,4.124783e-02,2.994299e-01,1.729395e-02,1.612495e-03,1.751277e-02,5.459454e-02,1.763696e-02,5.957985e-02,1.061783e-02,1.637128e-02,4.286010e-02,5.264913e-02
1.337579e-01,4.773707e-02,1.504055e-01,4.076584e-02,2.343383e-01,3.580141e-02,1.361605e-03,1.333069e-02,4.276590e-02,1.826755e-02,5.172512e-02,1.534218e-02,1.027506e-01,3.788207e-02,7.376830e-02
1.007811e-01,3.598435e-02,1.070581e-01,4.068793e-02,1.652964e-01,2.946405e-02,1.140117e-03,9.616660e-03,3.100977e-02,1.373378e-02,4.239628e-02,2.759298e-02,3.113544e-01,2.743546e-02,5.644868e-02
7.373954e-02,2.610962e-02,7.564630e-02,2.999848e-02,1.167068e-01,2.974837e-02,9.775213e-04,6.920138e-03,2.269188e-02,1.083351e-02,3.323256e-02,5.266206e-02,4.570102e-01,2.015083e-02,4.357214e-02
5.243697e-02,1.844107e-02,5.298299e-02,2.118560e-02,8.192289e-02,2.465770e-02,7.639929e-04,4.867637e-03,1.621278e-02,7.702305e-03,2.609152e-02,8.167744e-02,5.656937e-01,1.436172e-02,3.100164e-02
3.701986e-02,1.296810e-02,3.709456e-02,1.497687e-02,5.762706e-02,2.987175e-02,6.419150e-04,3.431070e-03,1.153079e-02,5.684101e-03,3.171733e-02,1.485498e-01,5.766210e-01,1.035231e-02,2.191347e-02
2.620768e-02,9.221105e-03,2.600615e-02,1.078078e-02,4.053694e-02,3.545780e-02,5.709859e-04,2.448233e-03,8.751472e-03,5.232487e-03,3.193349e-02,2.676298e-01,5.123309e-01,7.414454e-03,1.547765e-02
1.846593e-02,6.506660e-03,1.825636e-02,7.667452e-03,2.851825e-02,3.182664e-02,4.391583e-04,1.732881e-03,6.767956e-03,6.067820e-03,3.352284e-02,4.062359e-01,4.176754e-01,5.349212e-03,1.096752e-02
1.313512e-02,4.650868e-03,1.292098e-02,5.578035e-03,2.107431e-02,2.343977e-02,3.374851e-04,1.292365e-03,1.326907e-02,7.558858e-03,4.838083e-02,4.641181e-01,3.725332e-01,3.827199e-03,7.883718e-03
9.311721e-03,3.557222e-03,1.000052e-02,4.027095e-03,1.520428e-02,4.155473e-02,9.760791e-04,1.348135e-03,1.316505e-02,3.166189e-02,4.887999e-02,5.362073e-01,2.756307e-01,2.778372e-03,5.696916e-03
6.647862e-03,2.604980e-03,7.149233e-03,2.887016e-03,1.144665e-02,9.324586e-02,8.173162e-04,1.002094e-03,1.067854e-02,2.743526e-02,3.967489e-02,5.959797e-01,1.943530e-01,2.009590e-03,4.067970e-03
4.754913e-03,1.979043e-03,5.224410e-03,2.216654e-03,2.441311e-02,6.719611e-02,4.028895e-03,1.159156e-03,2.814723e-02,2.544264e-02,4.459441e-02,6.444636e-01,1.418809e-01,1.464295e-03,3.034668e-03
3.407039e-03,1.419195e-03,3.738702e-03,1.610622e-03,2.437196e-02,4.828874e-02,1.233818e-02,5.951753e-03,9.346183e-02,2.328400e-02,5.186057e-02,6.106681e-01,1.153702e-01,1.104404e-03,3.124706e-03
2.437319e-03,1.051013e-03,2.639820e-03,1.156073e-03,2.292527e-02,3.510602e-02,1.185308e-02,4.650487e-03,2.552903e-01,1.829316e-02,4.540411e-02,5.017413e-01,9.171779e-02,8.607682e-04,4.873552e-03
1.881774e-03,1.926340e-03,2.457187e-03,1.045021e-03,1.821323e-02,2.513456e-02,8.660275e-03,3.453505e-03,2.351943e-01,2.467866e-02,3.768506e-02,5.618806e-01,7.156185e-02,9.774605e-04,5.250231e-03
1.986621e-03,1.755918e-03,4.156783e-03,1.153182e-03,3.485107e-02,1.858091e-02,7.801197e-03,8.030454e-03,2.157678e-01,3.214472e-02,3.141028e-02,5.801176e-01,5.698572e-02,9.159702e-04,4.341776e-03
1.951496e-03,2.450374e-03,3.773790e-03,9.323673e-04,6.869970e-02,1.357382e-02,6.535368e-03,1.128536e-02,3.244711e-01,2.962537e-02,2.571393e-02,4.628103e-01,4.398116e-02,8.167237e-04,3.379191e-03
3.202178e-03,4.989829e-03,6.047756e-03,1.600891e-03,1.084783e-01,1.075410e-02,5.165759e-03,3.114614e-02,3.760655e-01,2.934138e-02,1.968117e-02,3.661262e-01,3.404297e-02,7.222315e-04,2.635637e-03
3.454593e-03,8.908449e-03,4.988664e-03,1.429439e-03,1.099310e-01,1.193318e-02,4.386933e-03,2.646402e-02,4.571651e-01,2.618945e-02,1.538801e-02,3.007905e-01,2.581964e-02,6.686835e-04,2.482440e-03
8.108467e-03,1.433348e-02,4.927767e-03,1.486831e-03,1.059733e-01,1.205802e-02,4.022369e-03,2.545424e-02,5.271178e-01,2.416098e-02,1.382715e-02,2.324779e-01,2.301877e-02,6.755286e-04,2.357399e-03
1.519676e-02,2.133180e-02,1.170212e-02,2.077832e-03,1.059469e-01,2.672915e-02,4.920356e-03,4.077396e-02,5.353925e-01,2.102233e-02,1.173237e-02,1.766367e-01,2.314260e-02,7.716080e-04,2.623101e-03
1.573850e-02,2.384833e-02,9.421453e-03,1.744805e-03,1.072124e-01,6.943670e-02,4.998215e-03,3.266230e-02,5.315359e-01,1.582077e-02,9.045658e-03,1.572421e-01,1.837501e-02,7.005662e-04,2.217407e-03
1.981630e-02,2.097346e-02,9.077578e-03,2.587439e-03,1.948591e-01,7.334232e-02,9.241712e-03,7.585193e-02,4.424754e-01,1.181912e-02,6.710026e-03,1.169160e-01,1.377806e-02,7.196308e-04,1.831898e-03
2.940291e-02,2.385020e-02,6.915163e-03,2.527135e-03,2.190664e-01,1.040591e-01,8.499041e-03,6.166866e-02,3.889231e-01,9.944148e-03,5.112737e-03,1.225628e-01,1.456060e-02,9.288593e-04,1.979155e-03
5.167421e-02,2.638255e-02,7.315042e-03,5.440686e-03,1.718810e-01,8.600007e-02,1.164886e-02,1.768174e-01,3.126330e-01,8.316340e-03,4.575258e-03,1.078206e-01,2.574902e-02,9.557009e-04,2.790233e-03
7.539619e-02,4.892302e-02,8.201800e-03,8.635692e-03,1.372079e-01,8.801199e-02,1.028976e-02,1.466510e-01,3.526264e-01,7.113204e-03,4.023153e-03,8.405925e-02,2.327318e-02,1.291641e-03,4.295905e-03
9.863582e-02,5.605260e-02,1.595081e-02,2.509401e-02,1.274135e-01,7.277037e-02,9.721064e-03,1.416415e-01,3.333789e-01,7.217989e-03,5.018383e-03,7.294254e-02,2.268099e-02,1.405596e-03,1.007598e-02
1.008621e-01,1.144007e-01,2.794459e-02,9.851553e-02,9.966817e-02,5.276916e-02,8.136887e-03,1.123439e-01,2.649487e-01,8.256085e-03,8.116249e-03,6.211345e-02,2.193669e-02,1.539208e-03,1.844874e-02
1.191071e-01,1.244616e-01,2.292604e-02,8.504145e-02,8.788399e-02,5.604688e-02,8.988488e-03,1.005330e-01,2.565459e-01,1.878912e-02,1.350395e-02,4.840910e-02,2.389510e-02,2.762133e-03,3.110616e-02
1.743543e-01,1.449161e-01,1.739695e-02,6.444702e-02,7.026739e-02,5.379379e-02,7.218769e-03,9.054041e-02,2.570114e-01,1.451695e-02,1.142349e-02,4.138483e-02,2.142357e-02,2.615436e-03,2.868956e-02
2.687732e-01,1.374982e-01,1.364890e-02,4.878802e-02,5.399230e-02,5.896569e-02,6.079028e-03,6.820850e-02,2.324211e-01,1.256371e-02,1.096269e-02,3.734522e-02,2.070831e-02,2.752838e-03,2.729230e-02
3.034835e-01,1.266031e-01,1.345009e-02,4.169702e-02,4.366498e-02,6.092367e-02,8.212350e-03,6.557766e-02,2.281938e-01,1.090057e-02,1.084435e-02,3.791630e-02,2.117110e-02,3.347134e-03,2.401444e-02
3.818585e-01,1.049890e-01,1.103913e-02,3.443358e-02,3.648856e-02,5.083099e-02,7.030874e-03,4.866654e-02,2.041640e-01,8.989032e-03,1.080170e-02,4.422288e-02,2.802804e-02,3.811502e-03,2.464561e-02
4.545605e-01,8.808593e-02,9.662630e-03,3.031176e-02,3.274367e-02,4.581999e-02,6.310966e-03,3.761677e-02,1.738425e-01,7.496269e-03,9.283062e-03,4.385534e-02,3.385112e-02,3.590171e-03,2.296935e-02
4.824293e-01,8.008511e-02,1.303210e-02,3.223258e-02,2.973704e-02,4.063372e-02,6.579076e-03,3.116515e-02,1.573953e-01,6.250767e-03,8.877669e-03,5.013388e-02,3.551973e-02,3.693039e-03,2.223555e-02
3.810643e-01,7.451795e-02,2.909605e-02,1.775299e-01,2.429591e-02,3.182307e-02,5.085957e-03,2.369528e-02,1.247908e-01,1.112603e-02,1.041712e-02,4.337386e-02,3.045903e-02,3.005701e-03,2.971906e-02
3.313121e-01,6.182782e-02,4.465454e-02,2.193609e-01,1.872056e-02,3.100240e-02,4.195042e-03,1.778330e-02,1.005691e-01,2.105614e-02,2.375701e-02,3.739005e-02,3.514288e-02,2.663937e-03,5.056410e-02
4.131124e-01,4.975881e-02,3.367498e-02,1.725968e-01,1.447238e-02,3.680900e-02,3.877980e-03,1.370571e-02,7.656004e-02,1.534193e-02,1.880880e-02,2.840098e-02,7.878823e-02,2.063882e-03,4.202805e-02
4.865568e-01,4.106758e-02,2.424091e-02,1.307546e-01,1.127984e-02,3.642758e-02,3.248090e-03,1.042587e-02,6.134976e-02,1.114152e-02,1.463267e-02,2.226701e-02,1.121148e-01,1.743314e-03,3.274964e-02
4.524812e-01,3.559499e-02,1.814582e-02,1.033573e-01,8.968586e-03,3.043498e-02,2.857750e-03,8.214343e-03,6.320550e-02,8.414953e-03,1.161362e-02,1.777491e-02,2.038212e-01,1.956026e-03,3.315889e-02
4.005224e-01,2.688013e-02,1.410511e-02,7.453646e-02,7.318620e-03,2.904443e-02,2.671718e-03,6.498200e-03,5.855012e-02,8.827950e-03,1.278014e-02,1.820135e-02,2.670946e-01,2.873845e-03,7.009500e-02
3.128242e-01,2.032606e-02,1.250114e-02,5.441987e-02,8.231523e-03,2.240274e-02,2.835026e-03,6.151588e-03,5.984049e-02,7.933308e-03,1.099134e-02,1.570181e-02,3.123149e-01,2.806359e-03,1.507196e-01
2.498435e-01,1.642288e-02,9.476433e-03,3.947322e-02,6.699936e-03,1.722116e-02,2.346802e-03,4.852696e-03,4.992878e-02,6.772485e-03,8.781146e-03,1.497209e-02,2.791477e-01,3.690791e-03,2.903704e-01
1.883108e-01,1.531059e-02,1.055098e-02,4.751111e-02,6.816667e-03,1.617592e-02,1.994779e-03,4.649086e-03,5.411308e-02,7.574033e-03,8.334642e-03,1.394547e-02,2.725082e-01,5.329893e-03,3.468749e-01
1.330976e-01,1.265361e-02,9.049173e-03,3.672266e-02,7.111549e-03,1.602189e-02,2.309819e-03,5.740929e-03,5.679363e-02,6.866803e-03,1.217530e-02,1.163906e-02,2.198364e-01,5.750993e-03,4.642307e-01
9.460194e-02,2.970672e-02,3.018576e-02,5.701436e-02,1.008749e-02,2.740237e-02,2.515390e-03,7.526996e-03,1.600941e-01,6.116213e-03,1.152019e-02,9.044287e-03,1.707073e-01,4.314357e-03,3.791626e-01
6.660274e-02,4.840790e-02,1.043749e-01,1.169563e-01,8.660479e-03,2.222188e-02,1.811859e-03,5.441620e-03,2.006479e-01,1.233368e-02,1.067732e-02,6.855014e-03,1.206701e-01,3.160391e-03,2.711780e-01
4.804246e-02,6.908616e-02,7.554885e-02,1.234418e-01,6.872564e-03,2.231348e-02,1.385915e-03,4.689971e-03,2.816977e-01,1.361916e-02,3.555710e-02,9.721763e-03,1.012314e-01,2.468633e-03,2.043231e-01
3.459359e-02,7.957903e-02,5.991967e-02,1.102792e-01,5.284921e-03,1.936759e-02,1.084221e-03,3.517708e-03,2.961231e-01,2.903330e-02,3.318763e-02,8.445662e-03,7.436742e-02,2.711471e-03,2.425055e-01
2.455325e-02,8.193929e-02,4.682213e-02,1.054485e-01,3.893944e-03,1.492273e-02,8.022379e-04,2.560832e-03,4.061353e-01,2.343227e-02,2.894883e-02,1.110125e-02,5.519678e-02,3.729594e-03,1.905132e-01
4.857144e-02,9.455805e-02,3.481433e-02,7.836215e-02,5.233787e-03,1.194468e-02,8.122282e-04,2.533691e-03,3.767323e-01,2.179836e-02,4.290532e-02,1.001620e-02,4.541237e-02,1.323319e-02,2.130719e-01
4.489033e-02,1.047994e-01,2.626737e-02,7.590913e-02,5.307602e-03,9.516675e-03,6.365591e-04,1.961245e-03,4.139694e-01,2.173790e-02,3.466894e-02,8.089853e-03,3.538979e-02,1.558327e-02,2.012726e-01
4.089597e-02,1.512459e-01,2.165101e-02,6.261205e-02,4.492278e-03,7.959984e-03,4.973683e-04,1.511384e-03,3.609076e-01,2.052322e-02,2.709279e-02,7.500574e-03,2.678654e-02,6.041481e-02,2.059086e-01
9.081857e-02,1.394375e-01,1.764425e-02,4.971273e-02,7.041293e-03,7.619583e-03,5.155375e-04,1.407793e-03,3.024175e-01,1.866092e-02,2.425459e-02,7.268894e-03,2.270957e-02,5.195088e-02,2.585405e-01
9.153891e-02,1.094496e-01,1.485603e-02,3.921160e-02,9.711651e-03,6.613330e-03,4.382634e-04,1.307182e-03,2.444152e-01,1.518705e-02,2.156958e-02,5.462458e-03,1.737772e-02,4.974364e-02,3.731178e-01
7.013851e-02,8.867055e-02,1.418975e-01,3.992413e-02,1.408552e-02,6.932617e-03,6.484033e-04,1.455754e-03,1.900872e-01,1.317394e-02,1.806363e-02,5.300276e-03,1.494884e-02,3.768634e-02,3.569868e-01
5.608942e-02,8.635126e-02,1.292409e-01,3.195139e-02,1.539266e-02,7.546765e-03,6.851175e-04,1.435331e-03,1.781526e-01,1.763028e-02,1.657050e-02,4.625148e-03,1.291540e-02,4.480217e-02,3.966111e-01
4.062124e-02,9.003710e-02,1.407242e-01,4.948783e-02,1.257694e-02,6.183399e-03,5.513293e-04,1.144869e-03,2.642272e-01,2.099624e-02,1.335734e-02,4.261115e-03,1.034919e-02,3.312587e-02,3.123562e-01
2.925791e-02,8.044086e-02,1.107529e-01,3.818538e-02,9.989912e-03,5.039827e-03,4.237336e-04,8.252594e-04,2.330780e-01,2.092450e-02,1.256832e-02,3.256507e-03,9.228150e-03,2.958695e-02,4.164419e-01
2.073880e-02,8.955733e-02,9.766531e-02,4.338459e-02,8.504660e-03,4.018074e-03,3.537005e-04,6.096012e-04,3.322299e-01,1.641803e-02,1.139570e-02,2.655503e-03,8.166229e-03,2.763700e-02,3.366656e-01
1.469390e-02,7.687815e-02,7.111175e-02,3.156375e-02,6.107465e-03,3.061690e-03,2.679353e-04,4.461016e-04,2.713791e-01,1.828419e-02,1.400866e-02,3.697291e-03,7.883846e-03,2.064556e-01,2.741606e-01
1.121085e-02,5.548932e-02,5.162763e-02,2.274376e-02,4.888759e-03,2.506830e-03,2.152131e-04,3.633394e-04,2.281818e-01,1.667861e-02,1.740588e-02,2.902045e-03,1.023240e-02,2.499667e-01,3.255869e-01
8.288414e-03,3.947761e-02,3.659257e-02,1.603455e-02,3.536630e-03,2.002930e-03,1.619500e-04,2.706957e-04,1.720148e-01,1.501632e-02,1.359966e-02,2.261875e-03,7.727702e-03,4.053332e-01,2.776811e-01
6.090502e-03,2.800046e-02,2.579740e-02,1.127244e-02,2.529573e-03,1.519876e-03,1.265132e-04,1.935228e-04,1.534677e-01,1.622934e-02,1.734796e-02,2.134576e-03,5.614044e-03,4.852481e-01,2.444280e-01
