1.000000e+00,0.000000e+00,0.000000e+00,0.000000e+00,0.000000e+00,0.000000e+00,0.000000e+00,0.000000e+00,0.000000e+00,0.000000e+00,0.000000e+00,0.000000e+00,0.000000e+00,0.000000e+00,0.000000e+00
1.000000e+00,0.000000e+00,0.000000e+00,0.000000e+00,0.000000e+00,0.000000e+00,0.000000e+00,0.000000e+00,0.000000e+00,0.000000e+00,0.000000e+00,0.000000e+00,0.000000e+00,0.000000e+00,0.000000e+00
1.000000e+00,0.000000e+00,0.000000e+00,0.000000e+00,0.000000e+00,0.000000e+00,0.000000e+00,0.000000e+00,0.000000e+00,0.000000e+00,0.000000e+00,0.000000e+00,0.000000e+00,0.000000e+00,0.000000e+00
1.000000e+00,0.000000e+00,0.000000e+00,0.000000e+00,0.000000e+00,0.000000e+00,0.000000e+00,0.000000e+00,0.000000e+00,0.000000e+00,0.000000e+00,0.000000e+00,0.000000e+00,0.000000e+00,0.000000e+00
1.000000e+00,0.000000e+00,0.000000e+00,0.000000e+00,0.000000e+00,0.000000e+00,0.000000e+00,0.000000e+00,0.000000e+00,0.000000e+00,0.000000e+00,0.000000e+00,0.000000e+00,0.000000e+00,0.000000e+00
1.000000e+00,0.000000e+00,0.000000e+00,0.000000e+00,0.000000e+00,0.000000e+00,0.000000e+00,0.000000e+00,0.000000e+00,0.000000e+00,0.000000e+00,0.000000e+00,0.000000e+00,0.000000e+00,0.000000e+00
1.000000e+00,0.000000e+00,0.000000e+00,0.000000e+00,0.000000e+00,0.000000e+00,0.000000e+00,0.000000e+00,0.000000e+00,0.000000e+00,0.000000e+00,0.000000e+00,0.000000e+00,0.000000e+00,0.000000e+00
1.000000e+00,0.000000e+00,0.000000e+00,0.000000e+00,0.000000e+00,0.000000e+00,0.000000e+00,0.000000e+00,0.000000e+00,0.000000e+00,0.000000e+00,0.000000e+00,0.000000e+00,0.000000e+00,0.000000e+00
1.000000e+00,0.000000e+00,0.000000e+00,0.000000e+00,0.000000e+00,0.000000e+00,0.000000e+00,0.000000e+00,0.000000e+00,0.000000e+00,0.000000e+00,0.000000e+00,0.000000e+00,0.000000e+00,0.000000e+00
1.000000e+00,0.000000e+00,0.000000e+00,0.000000e+00,0.000000e+00,0.000000e+00,0.000000e+00,0.000000e+00,0.000000e+00,0.000000e+00,0.000000e+00,0.000000e+00,0.000000e+00,0.000000e+00,0.000000e+00
1.000000e+00,0.000000e+00,0.000000e+00,0.000000e+00,0.000000e+00,0.000000e+00,0.000000e+00,0.000000e+00,0.000000e+00,0.000000e+00,0.000000e+00,0.000000e+00,0.000000e+00,0.000000e+00,0.000000e+00
1.000000e+00,0.000000e+00,0.000000e+00,0.000000e+00,0.000000e+00,0.000000e+00,0.000000e+00,0.000000e+00,0.000000e+00,0.000000e+00,0.000000e+00,0.000000e+00,0.000000e+00,0.000000e+00,0.000000e+00
1.000000e+00,0.000000e+00,0.000000e+00,0.000000e+00,0.000000e+00,0.000000e+00,0.000000e+00,0.000000e+00,0.000000e+00,0.000000e+00,0.000000e+00,0.000000e+00,0.000000e+00,0.000000e+00,0.000000e+00
1.000000e+00,0.000000e+00,0.000000e+00,0.000000e+00,0.000000e+00,0.000000e+00,0.000000e+00,0.000000e+00,0.000000e+00,0.000000e+00,0.000000e+00,0.000000e+00,0.000000e+00,0.000000e+00,0.000000e+00
1.000000e+00,0.000000e+00,0.000000e+00,0.000000e+00,0.000000e+00,0.000000e+00,0.000000e+00,0.000000e+00,0.000000e+00,0.000000e+00,0.000000e+00,0.000000e+00,0.000000e+00,0.000000e+00,0.000000e+00
1.000000e+00,0.000000e+00,0.000000e+00,0.000000e+00,0.000000e+00,0.000000e+00,0.000000e+00,0.000000e+00,0.000000e+00,0.000000e+00,0.000000e+00,0.000000e+00,0.000000e+00,0.000000e+00,0.000000e+00
1.000000e+00,0.000000e+00,0.000000e+00,0.000000e+00,0.000000e+00,0.000000e+00,0.000000e+00,0.000000e+00,0.000000e+00,0.000000e+00,0.000000e+00,0.000000e+00,0.000000e+00,0.000000e+00,0.000000e+00
1.000000e+00,0.000000e+00,0.000000e+00,0.000000e+00,0.000000e+00,0.000000e+00,0.000000e+00,0.000000e+00,0.000000e+00,0.000000e+00,0.000000e+00,0.000000e+00,0.000000e+00,0.000000e+00,0.000000e+00
1.000000e+00,0.000000e+00,0.000000e+00,0.000000e+00,0.000000e+00,0.000000e+00,0.000000e+00,0.000000e+00,0.000000e+00,0.000000e+00,0.000000e+00,0.000000e+00,0.000000e+00,0.000000e+00,0.000000e+00
1.000000e+00,0.000000e+00,0.000000e+00,0.000000e+00,0.000000e+00,0.000000e+00,0.000000e+00,0.000000e+00,0.000000e+00,0.000000e+00,0.000000e+00,0.000000e+00,0.000000e+00,0.000000e+00,0.000000e+00
1.000000e+00,0.000000e+00,0.000000e+00,0.000000e+00,0.000000e+00,0.000000e+00,0.000000e+00,0.000000e+00,0.000000e+00,0.000000e+00,0.000000e+00,0.000000e+00,0.000000e+00,0.000000e+00,0.000000e+00
1.000000e+00,0.000000e+00,0.000000e+00,0.000000e+00,0.000000e+00,0.000000e+00,0.000000e+00,0.000000e+00,0.000000e+00,0.000000e+00,0.000000e+00,0.000000e+00,0.000000e+00,0.000000e+00,0.000000e+00
1.000000e+00,0.000000e+00,0.000000e+00,0.000000e+00,0.000000e+00,0.000000e+00,0.000000e+00,0.000000e+00,0.000000e+00,0.000000e+00,0.000000e+00,0.000000e+00,0.000000e+00,0.000000e+00,0.000000e+00
1.000000e+00,0.000000e+00,0.000000e+00,0.000000e+00,0.000000e+00,0.000000e+00,0.000000e+00,0.000000e+00,0.000000e+00,0.000000e+00,0.000000e+00,0.000000e+00,0.000000e+00,0.000000e+00,0.000000e+00
1.000000e+00,0.000000e+00,0.000000e+00,0.000000e+00,0.000000e+00,0.000000e+00,0.000000e+00,0.000000e+00,0.000000e+00,0.000000e+00,0.000000e+00,0.000000e+00,0.000000e+00,0.000000e+00,0.000000e+00
1.000000e+00,0.000000e+00,0.000000e+00,0.000000e+00,0.000000e+00,0.000000e+00,0.000000e+00,0.000000e+00,0.000000e+00,0.000000e+00,0.000000e+00,0.000000e+00,0.000000e+00,0.000000e+00,0.000000e+00
1.000000e+00,0.000000e+00,0.000000e+00,0.000000e+00,0.000000e+00,0.000000e+00,0.000000e+00,0.000000e+00,0.000000e+00,0.000000e+00,0.000000e+00,0.000000e+00,0.000000e+00,0.000000e+00,0.000000e+00
1.000000e+00,0.000000e+00,0.000000e+00,0.000000e+00,0.000000e+00,0.000000e+00,0.000000e+00,0.000000e+00,0.000000e+00,0.000000e+00,0.000000e+00,0.000000e+00,0.000000e+00,0.000000e+00,0.000000e+00
1.000000e+00,0.000000e+00,0.000000e+00,0.000000e+00,0.000000e+00,0.000000e+00,0.000000e+00,0.000000e+00,0.000000e+00,0.000000e+00,0.000000e+00,0.000000e+00,0.000000e+00,0.000000e+00,0.000000e+00
1.000000e+00,0.000000e+00,0.000000e+00,0.000000e+00,0.000000e+00,0.000000e+00,0.000000e+00,0.000000e+00,0.000000e+00,0.000000e+00,0.000000e+00,0.000000e+00,0.000000e+00,0.000000e+00,0.000000e+00
1.000000e+00,0.000000e+00,0.000000e+00,0.000000e+00,0.000000e+00,0.000000e+00,0.000000e+00,0.000000e+00,0.000000e+00,0.000000e+00,0.000000e+00,0.000000e+00,0.000000e+00,0.000000e+00,0.000000e+00
1.000000e+00,0.000000e+00,0.000000e+00,0.000000e+00,0.000000e+00,0.000000e+00,0.000000e+00,0.000000e+00,0.000000e+00,0.000000e+00,0.000000e+00,0.000000e+00,0.000000e+00,0.000000e+00,0.000000e+00
1.000000e+00,0.000000e+00,0.000000e+00,0.000000e+00,0.000000e+00,0.000000e+00,0.000000e+00,0.000000e+00,0.000000e+00,0.000000e+00,0.000000e+00,0.000000e+00,0.000000e+00,0.000000e+00,0.000000e+00
1.000000e+00,0.000000e+00,0.000000e+00,0.000000e+00,0.000000e+00,0.000000e+00,0.000000e+00,0.000000e+00,0.000000e+00,0.000000e+00,0.000000e+00,0.000000e+00,0.000000e+00,0.000000e+00,0.000000e+00
1.000000e+00,0.000000e+00,0.000000e+00,0.000000e+00,0.000000e+00,0.000000e+00,0.000000e+00,0.000000e+00,0.000000e+00,0.000000e+00,0.000000e+00,0.000000e+00,0.000000e+00,0.000000e+00,0.000000e+00
1.000000e+00,0.000000e+00,0.000000e+00,0.000000e+00,0.000000e+00,0.000000e+00,0.000000e+00,0.000000e+00,0.000000e+00,0.000000e+00,0.000000e+00,0.000000e+00,0.000000e+00,0.000000e+00,0.000000e+00
1.000000e+00,0.000000e+00,0.000000e+00,0.000000e+00,0.000000e+00,0.000000e+00,0.000000e+00,0.000000e+00,0.000000e+00,0.000000e+00,0.000000e+00,0.000000e+00,0.000000e+00,0.000000e+00,0.000000e+00
1.000000e+00,0.000000e+00,0.000000e+00,0.000000e+00,0.000000e+00,0.000000e+00,0.000000e+00,0.000000e+00,0.000000e+00,0.000000e+00,0.000000e+00,0.000000e+00,0.000000e+00,0.000000e+00,0.000000e+00
1.000000e+00,0.000000e+00,0.000000e+00,0.000000e+00,0.000000e+00,0.000000e+00,0.000000e+00,0.000000e+00,0.000000e+00,0.000000e+00,0.000000e+00,0.000000e+00,0.000000e+00,0.000000e+00,0.000000e+00
1.000000e+00,0.000000e+00,0.000000e+00,0.000000e+00,0.000000e+00,0.000000e+00,0.000000e+00,0.000000e+00,0.000000e+00,0.000000e+00,0.000000e+00,0.000000e+00,0.000000e+00,0.000000e+00,0.000000e+00
1.000000e+00,0.000000e+00,0.000000e+00,0.000000e+00,0.000000e+00,0.000000e+00,0.000000e+00,0.000000e+00,0.000000e+00,0.000000e+00,0.000000e+00,0.000000e+00,0.000000e+00,0.000000e+00,0.000000e+00
1.000000e+00,0.000000e+00,0.000000e+00,0.000000e+00,0.000000e+00,0.000000e+00,0.000000e+00,0.000000e+00,0.000000e+00,0.000000e+00,0.000000e+00,0.000000e+00,0.000000e+00,0.000000e+00,0.000000e+00
1.000000e+00,0.000000e+00,0.000000e+00,0.000000e+00,0.000000e+00,0.000000e+00,0.000000e+00,0.000000e+00,0.000000e+00,0.000000e+00,0.000000e+00,0.000000e+00,0.000000e+00,0.000000e+00,0.000000e+00
1.000000e+00,0.000000e+00,0.000000e+00,0.000000e+00,0.000000e+00,0.000000e+00,0.000000e+00,0.000000e+00,0.000000e+00,0.000000e+00,0.000000e+00,0.000000e+00,0.000000e+00,0.000000e+00,0.000000e+00
1.000000e+00,0.000000e+00,0.000000e+00,0.000000e+00,0.000000e+00,0.000000e+00,0.000000e+00,0.000000e+00,0.000000e+00,0.000000e+00,0.000000e+00,0.000000e+00,0.000000e+00,0.000000e+00,0.000000e+00
1.000000e+00,0.000000e+00,0.000000e+00,0.000000e+00,0.000000e+00,0.000000e+00,0.000000e+00,0.000000e+00,0.000000e+00,0.000000e+00,0.000000e+00,0.000000e+00,0.000000e+00,0.000000e+00,0.000000e+00
1.000000e+00,0.000000e+00,0.000000e+00,0.000000e+00,0.000000e+00,0.000000e+00,0.000000e+00,0.000000e+00,0.000000e+00,0.000000e+00,0.000000e+00,0.000000e+00,0.000000e+00,0.000000e+00,0.000000e+00
1.000000e+00,0.000000e+00,0.000000e+00,0.000000e+00,0.000000e+00,0.000000e+00,0.000000e+00,0.000000e+00,0.000000e+00,0.000000e+00,0.000000e+00,0.000000e+00,0.000000e+00,0.000000e+00,0.000000e+00
1.000000e+00,0.000000e+00,0.000000e+00,0.000000e+00,0.000000e+00,0.000000e+00,0.000000e+00,0.000000e+00,0.000000e+00,0.000000e+00,0.000000e+00,0.000000e+00,0.000000e+00,0.000000e+00,0.000000e+00
1.000000e+00,0.000000e+00,0.000000e+00,0.000000e+00,0.000000e+00,0.000000e+00,0.000000e+00,0.000000e+00,0.000000e+00,0.000000e+00,0.000000e+00,0.000000e+00,0.000000e+00,0.000000e+00,0.000000e+00
1.000000e+00,0.000000e+00,0.000000e+00,0.000000e+00,0.000000e+00,0.000000e+00,0.000000e+00,0.000000e+00,0.000000e+00,0.000000e+00,0.000000e+00,0.000000e+00,0.000000e+00,0.000000e+00,0.000000e+00
4.131485e-01,5.712956e-02,1.265143e-01,1.981422e-01,4.132807e-03,1.512475e-02,1.850158e-03,5.769968e-02,9.213069e-03,3.093489e-03,5.372303e-02,9.378830e-03,7.035491e-03,9.662705e-03,3.415140e-02
2.892316e-01,4.638233e-02,9.027591e-02,2.793856e-01,3.131722e-03,1.193022e-02,1.321733e-03,4.047966e-02,1.075470e-02,2.909174e-03,1.782109e-01,7.150626e-03,5.532302e-03,7.936944e-03,2.536658e-02
2.024679e-01,3.273649e-02,6.330612e-02,2.087425e-01,2.224618e-03,8.491416e-03,9.311879e-04,2.835083e-02,8.032910e-03,2.360725e-03,4.040675e-01,5.805865e-03,5.077617e-03,9.380706e-03,1.802356e-02
1.417850e-01,2.306163e-02,4.436968e-02,1.490607e-01,9.040128e-03,6.306403e-03,6.563130e-04,1.988327e-02,7.065025e-03,3.026763e-03,4.898238e-01,4.461026e-03,5.169116e-03,8.217508e-02,1.411606e-02
9.963844e-02,1.644529e-02,3.117122e-02,1.059500e-01,1.773217e-02,5.741550e-03,4.804149e-04,1.406447e-02,9.338869e-03,2.606157e-03,3.870037e-01,3.474760e-03,5.030929e-03,2.855290e-01,1.579304e-02
7.181411e-02,1.250945e-02,2.224120e-02,7.874607e-02,2.601602e-02,1.872965e-02,4.228924e-04,1.073146e-02,2.150289e-02,2.611895e-03,3.096667e-01,2.830451e-03,4.875684e-03,4.019740e-01,1.532753e-02
7.023489e-02,1.120900e-02,1.714485e-02,7.139142e-02,2.174010e-02,2.995209e-02,4.066424e-04,8.187888e-03,5.399879e-02,2.826408e-03,2.419852e-01,3.832422e-03,7.915505e-03,4.348463e-01,2.432850e-02
5.106535e-02,8.209536e-03,1.250063e-02,5.085792e-02,1.812594e-02,2.979218e-02,3.504719e-04,5.964449e-03,5.666192e-02,2.243048e-03,1.780301e-01,3.133692e-03,8.231129e-03,5.528317e-01,2.200189e-02
3.674066e-02,6.929941e-03,9.202254e-03,3.649305e-02,1.307208e-02,5.430452e-02,4.578256e-04,4.588240e-03,9.084693e-02,1.713979e-03,1.310254e-01,2.375629e-03,7.403745e-03,5.839533e-01,2.089243e-02
2.593950e-02,5.039749e-03,6.483672e-03,2.584864e-02,9.477971e-03,4.522856e-02,3.356163e-04,3.235836e-03,9.761643e-02,1.329744e-03,9.469246e-02,1.899594e-03,6.360748e-03,6.591973e-01,1.731414e-02
1.847206e-02,4.468032e-03,4.580756e-03,1.828369e-02,6.728641e-03,4.743097e-02,2.571068e-04,2.351550e-03,9.710333e-02,1.024732e-03,6.801134e-02,1.444139e-03,4.992874e-03,7.119526e-01,1.289824e-02
1.335664e-02,3.876351e-03,3.273475e-03,1.281343e-02,4.749713e-03,3.709756e-02,1.954477e-04,1.666013e-03,8.011873e-02,8.093607e-04,4.834124e-02,1.045152e-03,3.690529e-03,7.790551e-01,9.911239e-03
9.787705e-03,3.247222e-03,2.372968e-03,8.982781e-03,3.362513e-03,2.685549e-02,1.475975e-04,1.179920e-03,7.383169e-02,6.867752e-04,3.403804e-02,7.392273e-04,2.632618e-03,8.243977e-01,7.737801e-03
8.195243e-03,2.904703e-03,2.279518e-03,6.764316e-03,2.942153e-03,2.221605e-02,1.338540e-04,8.494759e-04,9.139682e-02,8.395875e-04,2.446415e-02,5.938180e-04,2.074261e-03,8.274225e-01,6.923547e-03
7.166463e-03,2.407740e-03,1.877368e-03,5.088974e-03,2.576383e-03,1.821799e-02,1.213208e-04,6.160235e-04,2.445022e-01,1.170253e-03,1.885124e-02,5.057437e-04,1.601763e-03,6.896844e-01,5.612187e-03
7.225527e-03,2.340603e-03,1.920810e-03,4.134901e-03,4.892589e-03,1.390798e-02,1.264625e-04,5.247826e-04,4.158827e-01,2.120443e-03,1.410596e-02,4.613659e-04,1.294872e-03,5.263740e-01,4.687069e-03
5.827843e-03,1.720430e-03,1.491754e-03,2.999746e-03,4.508224e-03,9.850202e-03,9.155651e-05,4.149862e-04,5.445728e-01,2.109370e-03,1.095490e-02,3.466258e-04,9.615867e-04,4.106186e-01,3.531381e-03
4.607177e-03,1.244124e-03,1.226924e-03,2.198431e-03,4.254521e-03,6.985501e-03,6.540329e-05,3.387584e-04,6.570513e-01,2.484655e-03,8.602230e-03,2.598797e-04,7.433511e-04,3.070557e-01,2.882106e-03
3.908953e-03,1.071070e-03,1.349879e-03,6.147391e-03,1.155449e-02,5.182946e-03,5.580782e-05,1.006093e-03,7.339480e-01,2.839809e-03,6.925272e-03,2.618414e-04,7.591463e-04,2.222632e-01,2.726150e-03
3.271543e-03,1.199194e-03,1.736125e-03,1.044548e-02,1.204562e-02,4.504015e-03,4.869178e-05,1.359108e-03,7.566243e-01,4.198542e-03,7.770295e-03,3.794260e-04,1.708618e-03,1.897294e-01,4.979763e-03
2.697719e-03,9.896226e-04,1.481502e-03,1.015640e-02,1.012323e-02,3.820664e-03,3.901363e-05,1.344635e-03,7.746476e-01,4.249893e-03,9.264559e-03,3.713423e-04,2.039914e-03,1.733263e-01,5.447729e-03
3.627728e-03,8.971741e-04,3.110716e-03,1.673041e-02,2.187942e-02,2.959155e-03,3.807883e-05,8.752249e-03,7.669986e-01,4.333025e-03,1.094899e-02,4.657474e-04,2.601196e-03,1.517440e-01,4.913628e-03
9.981401e-03,1.026942e-03,8.365695e-03,1.693645e-02,2.156837e-02,2.407636e-03,4.194733e-05,7.709825e-03,6.899706e-01,4.743789e-03,1.214028e-02,4.256011e-04,2.533686e-03,2.129237e-01,9.224161e-03
1.461234e-02,2.394886e-03,3.370022e-02,2.546472e-02,2.095205e-02,2.650223e-03,7.499914e-05,7.388378e-03,6.076277e-01,5.629871e-03,1.224394e-02,7.067077e-04,3.644530e-03,2.365867e-01,2.632276e-02
2.915429e-02,2.591415e-03,3.058623e-02,2.337843e-02,2.932713e-02,4.108064e-03,1.008161e-04,1.037039e-02,5.301839e-01,4.994947e-03,1.013732e-02,6.708069e-04,3.304787e-03,2.927498e-01,2.834171e-02
4.615792e-02,3.453525e-03,3.452653e-02,3.321502e-02,3.366655e-02,5.787186e-03,1.639378e-04,2.485036e-02,4.867503e-01,5.494424e-03,1.119160e-02,7.240422e-04,3.085749e-03,2.813375e-01,2.959542e-02
5.604894e-02,6.016706e-03,5.093364e-02,7.826848e-02,3.499263e-02,6.144554e-03,5.166269e-04,3.764733e-02,4.000014e-01,4.698469e-03,9.994601e-03,8.706629e-04,3.062613e-03,2.750474e-01,3.575595e-02
5.315553e-02,6.105786e-03,4.440329e-02,5.638177e-02,3.035938e-02,5.925657e-03,5.542921e-04,4.439831e-02,3.214397e-01,4.750833e-03,8.284889e-03,7.570753e-04,3.124139e-03,3.854963e-01,3.486307e-02
4.862429e-02,7.594891e-03,4.452994e-02,4.116657e-02,3.716788e-02,5.693009e-03,8.159790e-04,7.340766e-02,2.581545e-01,4.063083e-03,6.700041e-03,5.947882e-04,2.354313e-03,4.412324e-01,2.790057e-02
5.297315e-02,7.952722e-03,3.775515e-02,1.596595e-01,4.011112e-02,1.338990e-02,6.684728e-04,5.382164e-02,2.565098e-01,3.939340e-03,1.755301e-02,1.870366e-03,1.462789e-02,3.132053e-01,2.596259e-02
3.732640e-02,5.852782e-03,2.775306e-02,2.723992e-01,3.038503e-02,1.045033e-02,4.766402e-04,3.779805e-02,1.811997e-01,3.402087e-03,1.305502e-01,4.004270e-03,1.996081e-02,2.196446e-01,1.879671e-02
2.621071e-02,4.137024e-03,1.998971e-02,2.146451e-01,2.174163e-02,7.827917e-03,3.371344e-04,2.656276e-02,1.273742e-01,6.547985e-03,2.818381e-01,1.179327e-02,8.200632e-02,1.551187e-01,1.386943e-02
1.841228e-02,2.920802e-03,1.424846e-02,1.537011e-01,1.537176e-02,5.670360e-03,2.397562e-04,1.870974e-02,8.959484e-02,1.030506e-02,3.938391e-01,1.806653e-02,1.378111e-01,1.099458e-01,1.116329e-02
1.324154e-02,2.799346e-03,1.351280e-02,1.458404e-01,1.220737e-02,5.620112e-03,2.515763e-04,1.328271e-02,7.199264e-02,1.530236e-02,3.785149e-01,1.837111e-02,1.713565e-01,9.055124e-02,4.715537e-02
9.714099e-03,2.218392e-03,1.626321e-02,1.727274e-01,1.020750e-02,5.072577e-03,2.941555e-04,9.854915e-03,6.095700e-02,1.789618e-02,3.592161e-01,1.440042e-02,1.836151e-01,8.577512e-02,5.178782e-02
7.011988e-03,2.178871e-03,2.526311e-02,1.891726e-01,8.696811e-03,4.342970e-03,4.079964e-04,6.971505e-03,5.495456e-02,2.876757e-02,3.367607e-01,1.122348e-02,1.638918e-01,8.512162e-02,7.523453e-02
5.101877e-03,1.936177e-03,2.235659e-02,2.026722e-01,8.576553e-03,1.082192e-02,5.195278e-04,5.186163e-03,4.397187e-02,2.933196e-02,3.463436e-01,3.046356e-02,1.719339e-01,6.169257e-02,5.909156e-02
3.699153e-03,1.546009e-03,1.908169e-02,1.701928e-01,1.220867e-02,1.539986e-02,5.387814e-04,4.008157e-03,3.298961e-02,5.098489e-02,3.227396e-01,3.390637e-02,1.841098e-01,4.441910e-02,1.041757e-01
2.809582e-03,1.277226e-03,1.651403e-02,1.387326e-01,9.691093e-03,1.321361e-02,4.362625e-04,3.031220e-03,2.397917e-02,5.830666e-02,3.660119e-01,5.413063e-02,1.851761e-01,3.223582e-02,9.445401e-02
2.249693e-03,1.213932e-03,1.343851e-02,1.071482e-01,1.246591e-02,1.368026e-02,6.778562e-04,4.635462e-03,1.861879e-02,5.497020e-02,3.634030e-01,6.073672e-02,2.125821e-01,2.353274e-02,1.106467e-01
2.011681e-03,1.256901e-03,1.100809e-02,8.538421e-02,1.625889e-02,1.379491e-02,8.632422e-04,5.694266e-03,1.710675e-02,4.309320e-02,3.079666e-01,9.661141e-02,2.871240e-01,1.699416e-02,9.483176e-02
5.153061e-03,3.505651e-03,1.038886e-02,6.907708e-02,2.195348e-02,1.996954e-02,1.644366e-03,7.216959e-03,2.910903e-02,3.440911e-02,2.358554e-01,2.123807e-01,2.662297e-01,1.429140e-02,6.881575e-02
5.222066e-03,2.837814e-03,9.137642e-03,5.113028e-02,2.313633e-02,1.896414e-02,1.914757e-03,8.643762e-03,2.731981e-02,3.104138e-02,1.917867e-01,3.073492e-01,2.570662e-01,1.241417e-02,5.203579e-02
6.049446e-03,2.513204e-03,6.721851e-03,3.700510e-02,4.450401e-02,1.511725e-02,3.918919e-03,7.700599e-03,1.916877e-01,2.342176e-02,1.494036e-01,2.413681e-01,2.211502e-01,9.380423e-03,4.005782e-02
5.605592e-03,2.310798e-03,6.341782e-03,2.679129e-02,4.530210e-02,1.336232e-02,2.449898e-02,5.993829e-02,1.730404e-01,1.966041e-02,1.117669e-01,2.578688e-01,2.150402e-01,7.543915e-03,3.092817e-02
6.143769e-03,1.942395e-03,5.509829e-03,1.932604e-02,3.525820e-02,1.678615e-02,2.657050e-02,7.804397e-02,1.329212e-01,1.625941e-02,8.116271e-02,3.777998e-01,1.733391e-01,5.844891e-03,2.309206e-02
1.024487e-01,4.689750e-03,6.407057e-03,3.199185e-02,4.305832e-02,6.047530e-02,2.310973e-02,5.828302e-02,1.207598e-01,1.332826e-02,6.166527e-02,3.063891e-01,1.445434e-01,4.694960e-03,1.815548e-02
8.113477e-02,4.724504e-03,5.575002e-03,2.352387e-02,5.192503e-02,4.963032e-02,2.386290e-02,4.854072e-02,1.261943e-01,1.128916e-02,5.217205e-02,3.568256e-01,1.457420e-01,3.644822e-03,1.521484e-02
6.690878e-02,6.825021e-03,1.025037e-02,2.893765e-02,7.397120e-02,3.937402e-02,2.276285e-02,1.184552e-01,1.200458e-01,1.091931e-02,4.876735e-02,2.745945e-01,1.622115e-01,3.063536e-03,1.291290e-02
5.840183e-02,6.440835e-03,8.350441e-03,2.266397e-02,7.787624e-02,3.328599e-02,1.690772e-02,9.203479e-02,9.957410e-02,9.418856e-03,6.392895e-02,2.488382e-01,2.481271e-01,4.010369e-03,1.014054e-02
5.771961e-02,6.705088e-03,1.113992e-02,1.958923e-02,6.951662e-02,2.612901e-02,1.343193e-02,7.411355e-02,8.505296e-02,9.927278e-03,6.218629e-02,2.492829e-01,3.016472e-01,4.300825e-03,9.257650e-03
7.115731e-02,7.167852e-03,1.866344e-02,2.179712e-02,7.342760e-02,2.068749e-02,1.057752e-02,6.451923e-02,7.628016e-02,9.952760e-03,7.525643e-02,2.314744e-01,3.064199e-01,4.333286e-03,8.285590e-03
7.407954e-02,9.669979e-03,2.356019e-02,1.706737e-02,1.116308e-01,1.725654e-02,1.243396e-02,5.409344e-02,8.238031e-02,9.625361e-03,7.592776e-02,2.094620e-01,2.905848e-01,3.921512e-03,8.306349e-03
8.506222e-02,1.295112e-02,2.484419e-02,1.535156e-02,1.740875e-01,1.678828e-02,1.518585e-02,6.691097e-02,1.114907e-01,9.174548e-03,5.863486e-02,1.630949e-01,2.350151e-01,3.207789e-03,8.200374e-03
7.002655e-02,1.398849e-02,2.210842e-02,2.871133e-02,1.456035e-01,1.675308e-02,1.360630e-02,5.388536e-02,1.480303e-01,9.516997e-03,5.129958e-02,2.002400e-01,2.151014e-01,2.548057e-03,8.580700e-03
5.868893e-02,1.307222e-02,1.876574e-02,2.999698e-02,1.274538e-01,1.603916e-02,1.467845e-02,4.407289e-02,2.230262e-01,7.500603e-03,4.539662e-02,1.823448e-01,2.091888e-01,1.905432e-03,7.869449e-03
5.019442e-02,1.119383e-02,1.958135e-02,2.882447e-02,1.191292e-01,1.328475e-02,1.401994e-02,8.941828e-02,2.774304e-01,6.311484e-03,4.452068e-02,1.477491e-01,1.702864e-01,1.585415e-03,6.470395e-03
4.665223e-02,1.263331e-02,1.846487e-02,2.543899e-02,1.165765e-01,1.525730e-02,1.184783e-02,8.772852e-02,3.791375e-01,5.107082e-03,3.440145e-02,1.116890e-01,1.276416e-01,1.437055e-03,5.986788e-03
3.672060e-02,1.106759e-02,1.743775e-02,1.584540e-01,1.013647e-01,1.275834e-02,8.758386e-03,8.273171e-02,3.635735e-01,4.159419e-03,2.549149e-02,7.963181e-02,9.184749e-02,1.068865e-03,4.934319e-03
5.575530e-02,1.147509e-02,1.630888e-02,1.546867e-01,1.256389e-01,1.352925e-02,7.543751e-03,7.166467e-02,3.635437e-01,9.072069e-03,2.017854e-02,5.878859e-02,6.902989e-02,1.218469e-03,2.156612e-02
8.043388e-02,1.555117e-02,1.514065e-02,1.322338e-01,1.725315e-01,1.501990e-02,6.893712e-03,5.822857e-02,3.298746e-01,1.487595e-02,1.622573e-02,4.411417e-02,5.143853e-02,1.804353e-03,4.563345e-02
7.949427e-02,2.430463e-02,4.459582e-02,1.566264e-01,1.558549e-01,1.473333e-02,6.139808e-03,4.618954e-02,3.007113e-01,2.821270e-02,1.326666e-02,3.498250e-02,4.052826e-02,1.562352e-03,5.279755e-02
1.488307e-01,2.630334e-02,3.928220e-02,1.214266e-01,1.537940e-01,1.210657e-02,5.623340e-03,3.922524e-02,2.828197e-01,2.718519e-02,1.409731e-02,3.004467e-02,3.914093e-02,2.855497e-03,5.726476e-02
1.823002e-01,2.617914e-02,3.061005e-02,9.228510e-02,1.417188e-01,1.022032e-02,6.095150e-03,4.828420e-02,2.901481e-01,2.147140e-02,2.354907e-02,2.882689e-02,3.687551e-02,8.262597e-03,5.317348e-02
1.775727e-01,2.635241e-02,3.071059e-02,7.601070e-02,1.376879e-01,1.151785e-02,1.010450e-02,6.051526e-02,2.911052e-01,1.757250e-02,3.237595e-02,2.755169e-02,4.110566e-02,7.202028e-03,5.261514e-02
1.583009e-01,2.365595e-02,6.421921e-02,1.117638e-01,1.196696e-01,1.145212e-02,9.189821e-03,6.625345e-02,2.507606e-01,1.580347e-02,3.708515e-02,2.601068e-02,4.630015e-02,6.411726e-03,5.312337e-02
1.166445e-01,2.365991e-02,1.772197e-01,1.365228e-01,8.741044e-02,1.183027e-02,6.702730e-03,4.715184e-02,1.898237e-01,5.956062e-02,3.560769e-02,1.994254e-02,3.496097e-02,4.946148e-03,4.801613e-02
9.867373e-02,2.066880e-02,2.626389e-01,1.808036e-01,6.360555e-02,1.018903e-02,4.946051e-03,3.380783e-02,1.479510e-01,5.027622e-02,3.648851e-02,1.566792e-02,2.791152e-02,4.487084e-03,4.188433e-02
7.486597e-02,2.006966e-02,3.319298e-01,1.710560e-01,4.534685e-02,8.357191e-03,3.797276e-03,2.424592e-02,1.188310e-01,5.137214e-02,6.324518e-02,1.774388e-02,3.094758e-02,4.769809e-03,3.342182e-02
5.536425e-02,1.754684e-02,2.874339e-01,1.342580e-01,3.373354e-02,6.730258e-03,2.844432e-03,1.749955e-02,9.500654e-02,4.785345e-02,1.368629e-01,5.255436e-02,5.177889e-02,3.196780e-02,2.856532e-02
4.168979e-02,1.445227e-02,2.152226e-01,1.052723e-01,2.454904e-02,5.367697e-03,2.030380e-03,1.260300e-02,8.199853e-02,4.499207e-02,2.267823e-01,7.183379e-02,5.667332e-02,7.318006e-02,2.335289e-02
3.231242e-02,1.385236e-02,1.536804e-01,8.745354e-02,1.806573e-02,4.916746e-03,1.508548e-03,9.196975e-03,6.481163e-02,1.042052e-01,3.026268e-01,7.143451e-02,4.397296e-02,7.092991e-02,2.103233e-02
2.411395e-02,1.268849e-02,1.083227e-01,6.335182e-02,1.316315e-02,4.008901e-03,1.155574e-03,6.680654e-03,5.059996e-02,1.385512e-01,3.898962e-01,7.404116e-02,3.419279e-02,6.267181e-02,1.656170e-02
1.748661e-02,1.106703e-02,7.599282e-02,4.565082e-02,9.368235e-03,3.781327e-03,8.358652e-04,4.744361e-03,3.907641e-02,1.374616e-01,4.990592e-01,6.637208e-02,2.623286e-02,5.010444e-02,1.276639e-02
1.282139e-02,8.734059e-03,5.329918e-02,3.239047e-02,6.771287e-03,3.208157e-03,6.380029e-04,3.373951e-03,3.162860e-02,1.010072e-01,6.217160e-01,5.407812e-02,2.041351e-02,3.958350e-02,1.033662e-02
1.062995e-02,7.427073e-03,3.781056e-02,2.333021e-02,5.058516e-03,3.199882e-03,5.462574e-04,2.596227e-03,2.556890e-02,7.342232e-02,7.031778e-01,4.723930e-02,1.581652e-02,3.602137e-02,8.155125e-03
8.983198e-03,5.523351e-03,2.674571e-02,1.665791e-02,3.711201e-03,3.342364e-03,4.447953e-04,2.072953e-03,1.982987e-02,5.463572e-02,7.634773e-01,4.525012e-02,1.263549e-02,3.062965e-02,6.060367e-03
8.542895e-03,4.651051e-03,1.925383e-02,1.223624e-02,2.828971e-03,3.847593e-03,3.696118e-04,1.739928e-03,1.824708e-02,4.195613e-02,7.730286e-01,6.553209e-02,1.299317e-02,3.023661e-02,4.536301e-03
9.752508e-03,4.377812e-03,1.386853e-02,8.895518e-03,2.262634e-03,3.691480e-03,2.976240e-04,1.357497e-03,1.470842e-02,3.171526e-02,7.969639e-01,6.484234e-02,1.042084e-02,3.337533e-02,3.470360e-03
8.454802e-03,3.781164e-03,9.810430e-03,6.488529e-03,2.055038e-03,3.282710e-03,2.961427e-04,1.041977e-03,1.201518e-02,2.527556e-02,8.344460e-01,4.953982e-02,8.241912e-03,3.231036e-02,2.960436e-03
8.125043e-03,6.515637e-03,8.480486e-03,5.181787e-03,2.633392e-03,3.745330e-03,4.246196e-04,1.081013e-03,1.450533e-02,2.517850e-02,8.396957e-01,4.200166e-02,6.968442e-03,3.257921e-02,2.883891e-03
2.244669e-02,8.089113e-03,6.814130e-03,4.710407e-03,3.260138e-03,4.020361e-03,7.735810e-04,1.869532e-03,1.516893e-02,2.104790e-02,8.375576e-01,3.629805e-02,6.330183e-03,2.882015e-02,2.793330e-03
2.386887e-02,8.432630e-03,5.311491e-03,3.906158e-03,3.516241e-03,3.934545e-03,9.515899e-04,1.788139e-03,1.515046e-02,2.033715e-02,8.499850e-01,3.011186e-02,5.451870e-03,2.462100e-02,2.633001e-03
2.192868e-02,7.269466e-03,3.934098e-03,3.025720e-03,3.343776e-03,3.143778e-03,1.019215e-03,1.627713e-03,1.481351e-02,1.863089e-02,8.614432e-01,2.655584e-02,4.591979e-03,2.643394e-02,2.238267e-03
2.625776e-02,8.382183e-03,5.556688e-03,2.913296e-03,6.117066e-03,4.061612e-03,2.239616e-03,4.063649e-03,2.394753e-02,2.449681e-02,8.334812e-01,2.514458e-02,4.340587e-03,2.668507e-02,2.312347e-03
3.925827e-02,1.052651e-02,5.431111e-03,2.917030e-03,7.755290e-03,4.496462e-03,2.295429e-03,5.467835e-03,2.800149e-02,2.346250e-02,8.130947e-01,2.596245e-02,4.423453e-03,2.423311e-02,2.674325e-03
3.336875e-02,1.177337e-02,5.947535e-03,2.474868e-03,1.603125e-02,3.944425e-03,1.900385e-03,5.350995e-03,3.101966e-02,3.917847e-02,7.886525e-01,2.995131e-02,4.874012e-03,2.226984e-02,3.262578e-03
6.065710e-02,2.182491e-02,8.224098e-03,4.501915e-03,2.481855e-02,5.585436e-03,1.940061e-03,7.544721e-03,4.128546e-02,3.893513e-02,6.983460e-01,4.473195e-02,6.870335e-03,2.834821e-02,6.386071e-03
9.454492e-02,2.338280e-02,6.600952e-03,7.241450e-03,2.206813e-02,9.027090e-03,1.778770e-03,7.436427e-03,4.067207e-02,3.560097e-02,6.333311e-01,7.334894e-02,7.000874e-03,2.719665e-02,1.076884e-02
1.222773e-01,3.656398e-02,7.562754e-03,9.117636e-03,2.412588e-02,1.019298e-02,1.935572e-03,7.816558e-03,6.126691e-02,4.373884e-02,5.147285e-01,1.101565e-01,6.140786e-03,3.187206e-02,1.250374e-02
1.854869e-01,3.327500e-02,7.691173e-03,1.316615e-02,2.092991e-02,1.094200e-02,2.012662e-03,8.241178e-03,5.084485e-02,4.385597e-02,4.592299e-01,1.161644e-01,5.709492e-03,2.915422e-02,1.329618e-02
1.849048e-01,2.617629e-02,7.432841e-03,1.073079e-02,1.792672e-02,1.045460e-02,2.252712e-03,7.067361e-03,4.050937e-02,6.743126e-02,4.857696e-01,9.623055e-02,5.980591e-03,2.631745e-02,1.081512e-02
1.676821e-01,2.854150e-02,8.988342e-03,8.344202e-03,1.686538e-02,9.813470e-03,2.438170e-03,5.575856e-03,3.856567e-02,1.810046e-01,4.131929e-01,7.754914e-02,5.560017e-03,2.584524e-02,1.003339e-02
1.496337e-01,3.636622e-02,9.889347e-03,8.323494e-03,2.629220e-02,1.024180e-02,3.824085e-03,7.238786e-03,7.805387e-02,2.156373e-01,3.580755e-01,6.049104e-02,4.977314e-03,2.032697e-02,1.062836e-02
1.140248e-01,3.220844e-02,8.085184e-03,6.825485e-03,2.362576e-02,9.437398e-03,3.233009e-03,6.007945e-03,7.459029e-02,1.915995e-01,4.576224e-01,4.515633e-02,4.314387e-03,1.490571e-02,8.363302e-03
9.472655e-02,2.998631e-02,6.814907e-03,5.937787e-03,2.290935e-02,1.188545e-02,2.716197e-03,4.606740e-03,6.281048e-02,1.571059e-01,5.356928e-01,4.005259e-02,4.306802e-03,1.130100e-02,9.147142e-03
7.479264e-02,8.203892e-02,1.051219e-02,4.365370e-03,2.630820e-02,9.933160e-03,2.299873e-03,4.304139e-03,8.588731e-02,1.851477e-01,4.550534e-01,3.442714e-02,5.302725e-03,1.027084e-02,9.356413e-03
5.986777e-02,6.308731e-02,1.238674e-02,4.413172e-03,4.335007e-02,1.021594e-02,6.386133e-03,1.915953e-02,7.459454e-02,2.738512e-01,3.753997e-01,3.260671e-02,7.550240e-03,9.763270e-03,7.367645e-03
4.369259e-02,6.278113e-02,9.787334e-03,4.156351e-03,4.340416e-02,2.008722e-02,4.851545e-03,1.604302e-02,1.721982e-01,2.333413e-01,3.000354e-01,6.039254e-02,1.371767e-02,8.698449e-03,6.813031e-03
3.292443e-02,7.267918e-02,7.478682e-03,4.276274e-03,3.415850e-02,1.660392e-02,3.734830e-03,1.448382e-02,3.008079e-01,1.991636e-01,2.184195e-01,6.653124e-02,1.429624e-02,8.374235e-03,6.067542e-03
2.679614e-02,7.471713e-02,5.771891e-03,5.757224e-03,2.745478e-02,1.335764e-02,2.901254e-03,1.164750e-02,3.751972e-01,2.027204e-01,1.601580e-01,6.349628e-02,1.619142e-02,7.371010e-03,6.462088e-03
2.517649e-02,6.332465e-02,5.865997e-03,3.183346e-02,3.221062e-02,1.217664e-02,2.440416e-03,2.184782e-02,4.159959e-01,1.767591e-01,1.195739e-01,5.765258e-02,2.168756e-02,6.871399e-03,6.583507e-03
2.397045e-02,5.737691e-02,4.448679e-03,2.716355e-02,3.215422e-02,1.140855e-02,2.022871e-03,1.898924e-02,5.118272e-01,1.458619e-01,8.732590e-02,4.724448e-02,1.867466e-02,6.014156e-03,5.517097e-03
2.802349e-02,6.213114e-02,5.757663e-03,6.536081e-02,3.219691e-02,1.604362e-02,2.166001e-03,3.484627e-02,5.024112e-01,1.122193e-01,6.836209e-02,3.874950e-02,2.117557e-02,5.480550e-03,5.075729e-03
4.289268e-02,6.703012e-02,1.040317e-02,7.220370e-02,3.651009e-02,2.208364e-02,3.359887e-03,4.336603e-02,4.342467e-01,1.029009e-01,5.825738e-02,5.048509e-02,4.138257e-02,7.518779e-03,7.359214e-03
6.765391e-02,6.730676e-02,3.349185e-02,6.832178e-02,4.659092e-02,2.938071e-02,3.737056e-03,8.314431e-02,3.511421e-01,8.899229e-02,5.332437e-02,4.957140e-02,4.119665e-02,8.926602e-03,7.219320e-03
8.319233e-02,8.158921e-02,4.889945e-02,5.622302e-02,4.263668e-02,3.801412e-02,4.383791e-03,8.548957e-02,3.072298e-01,7.811841e-02,4.830969e-02,6.017802e-02,4.165319e-02,1.166432e-02,1.241837e-02
8.993382e-02,7.795545e-02,3.990818e-02,4.309320e-02,3.604898e-02,5.082399e-02,5.421131e-03,6.836528e-02,2.645224e-01,8.018072e-02,4.925163e-02,1.018283e-01,5.970829e-02,1.159440e-02,2.136422e-02
8.188953e-02,9.393835e-02,4.731291e-02,3.521179e-02,3.329989e-02,6.597260e-02,8.360232e-03,8.772358e-02,2.365548e-01,5.941657e-02,4.112795e-02,1.147468e-01,6.445057e-02,9.659486e-03,2.033492e-02
1.084787e-01,1.059271e-01,4.842825e-02,2.836565e-02,3.192779e-02,6.674710e-02,1.201229e-02,9.625955e-02,2.455412e-01,5.044550e-02,3.148829e-02,9.074948e-02,5.913739e-02,7.643095e-03,1.684866e-02
1.196016e-01,1.017240e-01,4.092362e-02,2.321432e-02,3.257488e-02,6.293313e-02,1.201244e-02,8.308121e-02,2.840838e-01,4.676647e-02,2.497510e-02,7.702428e-02,6.972966e-02,6.640814e-03,1.471463e-02
1.356547e-01,1.047968e-01,3.268998e-02,2.073617e-02,2.978741e-02,6.104694e-02,1.222879e-02,6.325464e-02,3.106077e-01,3.973870e-02,2.029053e-02,7.999389e-02,6.885560e-02,6.189651e-03,1.412850e-02
1.565687e-01,1.108978e-01,3.489843e-02,2.216003e-02,3.149432e-02,5.342843e-02,1.161607e-02,5.138611e-02,3.003597e-01,3.955197e-02,1.839558e-02,8.106838e-02,6.459112e-02,7.228262e-03,1.635513e-02
1.720969e-01,8.947074e-02,3.055081e-02,1.986256e-02,3.443111e-02,4.498443e-02,1.352436e-02,4.452752e-02,2.791627e-01,9.713673e-02,1.814913e-02,7.450023e-02,5.380050e-02,8.454757e-03,1.934757e-02
1.401422e-01,8.024220e-02,3.131245e-02,2.950959e-02,3.084045e-02,3.968678e-02,1.134198e-02,3.323845e-02,2.298428e-01,2.088837e-01,2.776818e-02,5.716607e-02,4.670474e-02,8.730730e-03,2.458970e-02
1.063747e-01,7.977790e-02,2.522420e-02,2.550946e-02,2.669661e-02,3.089216e-02,8.947341e-03,2.382828e-02,1.895948e-01,3.428395e-01,2.346967e-02,4.263875e-02,3.435598e-02,6.997619e-03,3.285300e-02
9.163875e-02,6.574986e-02,1.866914e-02,1.918449e-02,2.251112e-02,2.438180e-02,6.926171e-03,1.815536e-02,1.551296e-01,2.880127e-01,9.118795e-02,4.486598e-02,4.619730e-02,8.087568e-02,2.651404e-02
6.730092e-02,4.820283e-02,1.346953e-02,1.404826e-02,1.746582e-02,1.803963e-02,4.997260e-03,1.313131e-02,1.141965e-01,2.577429e-01,1.864847e-01,4.227150e-02,3.678473e-02,1.460104e-01,1.985373e-02
4.756919e-02,3.482657e-02,9.571596e-03,9.972120e-03,1.284411e-02,1.317636e-02,3.531335e-03,9.283945e-03,8.646149e-02,1.883286e-01,3.058764e-01,3.486711e-02,2.611575e-02,2.031378e-01,1.443755e-02
3.403182e-02,2.684055e-02,8.066164e-03,7.333775e-03,9.620051e-03,1.708743e-02,2.546938e-03,6.888144e-03,6.668054e-02,1.336400e-01,4.434620e-01,2.976937e-02,1.857509e-02,1.847571e-01,1.070085e-02
2.429726e-02,2.121911e-02,5.919650e-03,5.326313e-03,7.695409e-03,1.300334e-02,1.828804e-03,4.955340e-03,6.157982e-02,9.484046e-02,4.784759e-01,2.892855e-02,1.322422e-02,2.306224e-01,8.083387e-03
1.746181e-02,1.592139e-02,4.472655e-03,4.006783e-03,5.768731e-03,1.041968e-02,1.302129e-03,3.572746e-03,4.651154e-02,6.797175e-02,5.139208e-01,2.273476e-02,9.498832e-03,2.704209e-01,6.015423e-03
1.280531e-02,1.191281e-02,3.361329e-03,3.057646e-03,5.933662e-03,8.552430e-03,9.612722e-04,2.581202e-03,3.694934e-02,4.845032e-02,5.364153e-01,1.813678e-02,7.009680e-03,2.992285e-01,4.644348e-03
9.364690e-03,8.849800e-03,2.739566e-03,2.347309e-03,8.518705e-03,6.548203e-03,7.310486e-04,1.914873e-03,3.150088e-02,3.471255e-02,5.388644e-01,1.450702e-02,5.320054e-03,3.307106e-01,3.370273e-03
6.690918e-03,6.830546e-03,2.134618e-03,1.694982e-03,7.195618e-03,4.886341e-03,5.452387e-04,1.352655e-03,2.609036e-02,2.495847e-02,5.018178e-01,1.211719e-02,4.017724e-03,3.972496e-01,2.417919e-03
4.852972e-03,5.834970e-03,2.445415e-03,1.380827e-03,7.622338e-03,4.388063e-03,4.900895e-04,9.992308e-04,2.864981e-02,1.904836e-02,4.816032e-01,1.187391e-02,3.480597e-03,4.255852e-01,1.744972e-03
3.720614e-03,4.492010e-03,2.376992e-03,1.222788e-03,9.902364e-03,3.914635e-03,1.120649e-03,8.998050e-04,3.588191e-02,2.159505e-02,5.333681e-01,1.207049e-02,3.149587e-03,3.649692e-01,1.315787e-03
2.775889e-03,3.688063e-03,2.021900e-03,9.808815e-04,1.032780e-02,3.187379e-03,9.674035e-04,7.248098e-04,3.536977e-02,2.038069e-02,5.860226e-01,1.109919e-02,2.901108e-03,3.185165e-01,1.036005e-03
2.803962e-03,3.523331e-03,1.628811e-03,9.115450e-04,1.960899e-02,3.933712e-03,9.750779e-04,6.000420e-04,8.466582e-02,2.233734e-02,5.635585e-01,9.154885e-03,3.022350e-03,2.823908e-01,8.848069e-04
2.723468e-03,2.801498e-03,1.560205e-03,8.682506e-04,1.466074e-02,3.390627e-03,7.753283e-04,1.171886e-03,6.268873e-02,1.834217e-02,6.246138e-01,7.805631e-03,2.777285e-03,2.550344e-01,7.858907e-04
2.619498e-03,2.301544e-03,1.424049e-03,8.252782e-04,1.172580e-02,2.750781e-03,6.394041e-04,1.395964e-03,4.881886e-02,1.929420e-02,6.478734e-01,7.143304e-03,2.529875e-03,2.499762e-01,6.818069e-04
2.686166e-03,3.189620e-03,1.344831e-03,7.057413e-04,1.064468e-02,2.412363e-03,4.916575e-04,1.125229e-03,4.507673e-02,1.657251e-02,6.570309e-01,7.565699e-03,2.282979e-03,2.481484e-01,7.224484e-04
2.388090e-03,5.225935e-03,1.103018e-03,5.655017e-04,1.241576e-02,4.265183e-03,4.577218e-04,8.549900e-04,8.138892e-02,1.782548e-02,6.392426e-01,7.963588e-03,1.914825e-03,2.234461e-01,9.423657e-04
7.517627e-03,2.630994e-02,7.038138e-03,2.182200e-03,1.940688e-02,1.949709e-02,9.269624e-04,6.262691e-03,1.384620e-01,2.130908e-02,5.417831e-01,1.298604e-02,2.976077e-03,1.899886e-01,3.353646e-03
5.753930e-03,2.174702e-02,5.169223e-03,1.768969e-03,1.414829e-02,1.747185e-01,6.900936e-04,4.846088e-03,2.061566e-01,1.780022e-02,3.949477e-01,1.042792e-02,2.423547e-03,1.367449e-01,2.657028e-03
4.291259e-03,1.597350e-02,3.703718e-03,1.401180e-03,1.025443e-02,3.902174e-01,4.983658e-04,3.730313e-03,1.690888e-01,1.403142e-02,2.794750e-01,7.402543e-03,1.824662e-03,9.611496e-02,1.992439e-03
3.511783e-03,1.201169e-02,2.777554e-03,1.520738e-03,8.940136e-03,5.322724e-01,4.098936e-04,3.397319e-03,1.497363e-01,1.090423e-02,1.981099e-01,5.394574e-03,1.493232e-03,6.766710e-02,1.853257e-03
3.736273e-03,9.169525e-03,2.144559e-03,2.829669e-03,9.141224e-03,6.167710e-01,3.899309e-04,3.344014e-03,1.429133e-01,9.171765e-03,1.430826e-01,4.501050e-03,1.650804e-03,4.835948e-02,2.794781e-03
8.606184e-03,8.719407e-03,2.522673e-03,4.672385e-03,1.333796e-02,6.283702e-01,5.261943e-04,7.501473e-03,1.210213e-01,1.350390e-02,1.049834e-01,3.846477e-03,1.956065e-03,4.102188e-02,3.941055e-02
1.506062e-02,8.987161e-03,8.156144e-03,7.816686e-03,1.622049e-02,6.495686e-01,1.560595e-03,1.795480e-02,1.058344e-01,1.565391e-02,7.595641e-02,3.612781e-03,2.650273e-03,3.276164e-02,3.820549e-02
1.945231e-02,9.836365e-03,1.146650e-02,8.236008e-03,1.626789e-02,6.662687e-01,2.017954e-03,3.466998e-02,9.815232e-02,1.511053e-02,5.494051e-02,2.886924e-03,2.584070e-03,2.435303e-02,3.375688e-02
2.174599e-02,1.077634e-02,3.122611e-02,1.110734e-02,1.888236e-02,5.715315e-01,2.030728e-03,1.358270e-01,9.394122e-02,1.218631e-02,3.889468e-02,2.171115e-03,2.004504e-03,1.809238e-02,2.958238e-02
2.296032e-02,1.036188e-02,5.266202e-02,1.210107e-02,1.822706e-02,4.498810e-01,2.452634e-03,2.641900e-01,8.590829e-02,1.029887e-02,2.773329e-02,1.680369e-03,1.561550e-03,1.352132e-02,2.646036e-02
2.370348e-02,1.070586e-02,5.774111e-02,1.230991e-02,1.595632e-02,3.212520e-01,2.872845e-03,4.056872e-01,7.945829e-02,9.462619e-03,1.999574e-02,1.421379e-03,1.590951e-03,1.087950e-02,2.696283e-02
2.897464e-02,1.459296e-02,5.712061e-02,1.183681e-02,1.513326e-02,2.263507e-01,2.981726e-03,5.098650e-01,7.791194e-02,7.352964e-03,1.470257e-02,1.291355e-03,1.362603e-03,9.745535e-03,2.077731e-02
3.606482e-02,2.302507e-02,6.325935e-02,1.293413e-02,1.493852e-02,1.601949e-01,3.076321e-03,5.699238e-01,7.008057e-02,6.002348e-03,1.112466e-02,1.331968e-03,1.149182e-03,1.019465e-02,1.669975e-02
3.593154e-02,3.617153e-02,8.779281e-02,1.302575e-02,1.379257e-02,1.140668e-01,3.041135e-03,5.956346e-01,5.901632e-02,4.699378e-03,8.611374e-03,1.253632e-03,1.043601e-03,1.329694e-02,1.262197e-02
3.981662e-02,7.116038e-02,1.396549e-01,1.301935e-02,1.372378e-02,8.179224e-02,3.620545e-03,5.428209e-01,5.629755e-02,3.717647e-03,7.472644e-03,1.359938e-03,1.089717e-03,1.463172e-02,9.821977e-03
7.405632e-02,9.137390e-02,1.531873e-01,1.650529e-02,1.722542e-02,5.936691e-02,3.895425e-03,4.890525e-01,4.930105e-02,3.112843e-03,7.313667e-03,1.693454e-03,1.261949e-03,2.451695e-02,8.137023e-03
1.768920e-01,7.821247e-02,1.380529e-01,1.781132e-02,1.613500e-02,4.372786e-02,4.712075e-03,4.312801e-01,4.135616e-02,2.983232e-03,7.229875e-03,2.999013e-03,1.829921e-03,2.941911e-02,7.358984e-03
2.360346e-01,5.930091e-02,1.138472e-01,1.707293e-02,1.319552e-02,3.310978e-02,4.873902e-03,4.387094e-01,3.436275e-02,2.800810e-03,7.038865e-03,4.195958e-03,2.113214e-03,2.641662e-02,6.927642e-03
2.766556e-01,4.320551e-02,9.401463e-02,1.721146e-02,1.232763e-02,2.669237e-02,5.066961e-03,4.484832e-01,3.137887e-02,2.469924e-03,5.910170e-03,7.027791e-03,2.556776e-03,2.041210e-02,6.586933e-03
3.368573e-01,3.321229e-02,7.739858e-02,1.878725e-02,1.545515e-02,2.770450e-02,6.237410e-03,4.017900e-01,2.934024e-02,2.502113e-03,6.445068e-03,1.222416e-02,4.565875e-03,1.791076e-02,9.569410e-03
