1.000000e+00,0.000000e+00,0.000000e+00,0.000000e+00,0.000000e+00,0.000000e+00,0.000000e+00,0.000000e+00,0.000000e+00,0.000000e+00,0.000000e+00,0.000000e+00,0.000000e+00,0.000000e+00,0.000000e+00
1.000000e+00,0.000000e+00,0.000000e+00,0.000000e+00,0.000000e+00,0.000000e+00,0.000000e+00,0.000000e+00,0.000000e+00,0.000000e+00,0.000000e+00,0.000000e+00,0.000000e+00,0.000000e+00,0.000000e+00
1.000000e+00,0.000000e+00,0.000000e+00,0.000000e+00,0.000000e+00,0.000000e+00,0.000000e+00,0.000000e+00,0.000000e+00,0.000000e+00,0.000000e+00,0.000000e+00,0.000000e+00,0.000000e+00,0.000000e+00
1.000000e+00,0.000000e+00,0.000000e+00,0.000000e+00,0.000000e+00,0.000000e+00,0.000000e+00,0.000000e+00,0.000000e+00,0.000000e+00,0.000000e+00,0.000000e+00,0.000000e+00,0.000000e+00,0.000000e+00
1.000000e+00,0.000000e+00,0.000000e+00,0.000000e+00,0.000000e+00,0.000000e+00,0.000000e+00,0.000000e+00,0.000000e+00,0.000000e+00,0.000000e+00,0.000000e+00,0.000000e+00,0.000000e+00,0.000000e+00
1.000000e+00,0.000000e+00,0.000000e+00,0.000000e+00,0.000000e+00,0.000000e+00,0.000000e+00,0.000000e+00,0.000000e+00,0.000000e+00,0.000000e+00,0.000000e+00,0.000000e+00,0.000000e+00,0.000000e+00
1.000000e+00,0.000000e+00,0.000000e+00,0.000000e+00,0.000000e+00,0.000000e+00,0.000000e+00,0.000000e+00,0.000000e+00,0.000000e+00,0.000000e+00,0.000000e+00,0.000000e+00,0.000000e+00,0.000000e+00
1.000000e+00,0.000000e+00,0.000000e+00,0.000000e+00,0.000000e+00,0.000000e+00,0.000000e+00,0.000000e+00,0.000000e+00,0.000000e+00,0.000000e+00,0.000000e+00,0.000000e+00,0.000000e+00,0.000000e+00
1.000000e+00,0.000000e+00,0.000000e+00,0.000000e+00,0.000000e+00,0.000000e+00,0.000000e+00,0.000000e+00,0.000000e+00,0.000000e+00,0.000000e+00,0.000000e+00,0.000000e+00,0.000000e+00,0.000000e+00
1.000000e+00,0.000000e+00,0.000000e+00,0.000000e+00,0.000000e+00,0.000000e+00,0.000000e+00,0.000000e+00,0.000000e+00,0.000000e+00,0.000000e+00,0.000000e+00,0.000000e+00,0.000000e+00,0.000000e+00
1.000000e+00,0.000000e+00,0.000000e+00,0.000000e+00,0.000000e+00,0.000000e+00,0.000000e+00,0.000000e+00,0.000000e+00,0.000000e+00,0.000000e+00,0.000000e+00,0.000000e+00,0.000000e+00,0.000000e+00
1.000000e+00,0.000000e+00,0.000000e+00,0.000000e+00,0.000000e+00,0.000000e+00,0.000000e+00,0.000000e+00,0.000000e+00,0.000000e+00,0.000000e+00,0.000000e+00,0.000000e+00,0.000000e+00,0.000000e+00
1.000000e+00,0.000000e+00,0.000000e+00,0.000000e+00,0.000000e+00,0.000000e+00,0.000000e+00,0.000000e+00,0.000000e+00,0.000000e+00,0.000000e+00,0.000000e+00,0.000000e+00,0.000000e+00,0.000000e+00
1.000000e+00,0.000000e+00,0.000000e+00,0.000000e+00,0.000000e+00,0.000000e+00,0.000000e+00,0.000000e+00,0.000000e+00,0.000000e+00,0.000000e+00,0.000000e+00,0.000000e+00,0.000000e+00,0.000000e+00
1.000000e+00,0.000000e+00,0.000000e+00,0.000000e+00,0.000000e+00,0.000000e+00,0.000000e+00,0.000000e+00,0.000000e+00,0.000000e+00,0.000000e+00,0.000000e+00,0.000000e+00,0.000000e+00,0.000000e+00
1.000000e+00,0.000000e+00,0.000000e+00,0.000000e+00,0.000000e+00,0.000000e+00,0.000000e+00,0.000000e+00,0.000000e+00,0.000000e+00,0.000000e+00,0.000000e+00,0.000000e+00,0.000000e+00,0.000000e+00
1.000000e+00,0.000000e+00,0.000000e+00,0.000000e+00,0.000000e+00,0.000000e+00,0.000000e+00,0.000000e+00,0.000000e+00,0.000000e+00,0.000000e+00,0.000000e+00,0.000000e+00,0.000000e+00,0.000000e+00
1.000000e+00,0.000000e+00,0.000000e+00,0.000000e+00,0.000000e+00,0.000000e+00,0.000000e+00,0.000000e+00,0.000000e+00,0.000000e+00,0.000000e+00,0.000000e+00,0.000000e+00,0.000000e+00,0.000000e+00
1.000000e+00,0.000000e+00,0.000000e+00,0.000000e+00,0.000000e+00,0.000000e+00,0.000000e+00,0.000000e+00,0.000000e+00,0.000000e+00,0.000000e+00,0.000000e+00,0.000000e+00,0.000000e+00,0.000000e+00
1.000000e+00,0.000000e+00,0.000000e+00,0.000000e+00,0.000000e+00,0.000000e+00,0.000000e+00,0.000000e+00,0.000000e+00,0.000000e+00,0.000000e+00,0.000000e+00,0.000000e+00,0.000000e+00,0.000000e+00
1.000000e+00,0.000000e+00,0.000000e+00,0.000000e+00,0.000000e+00,0.000000e+00,0.000000e+00,0.000000e+00,0.000000e+00,0.000000e+00,0.000000e+00,0.000000e+00,0.000000e+00,0.000000e+00,0.000000e+00
1.000000e+00,0.000000e+00,0.000000e+00,0.000000e+00,0.000000e+00,0.000000e+00,0.000000e+00,0.000000e+00,0.000000e+00,0.000000e+00,0.000000e+00,0.000000e+00,0.000000e+00,0.000000e+00,0.000000e+00
1.000000e+00,0.000000e+00,0.000000e+00,0.000000e+00,0.000000e+00,0.000000e+00,0.000000e+00,0.000000e+00,0.000000e+00,0.000000e+00,0.000000e+00,0.000000e+00,0.000000e+00,0.000000e+00,0.000000e+00
1.000000e+00,0.000000e+00,0.000000e+00,0.000000e+00,0.000000e+00,0.000000e+00,0.000000e+00,0.000000e+00,0.000000e+00,0.000000e+00,0.000000e+00,0.000000e+00,0.000000e+00,0.000000e+00,0.000000e+00
1.000000e+00,0.000000e+00,0.000000e+00,0.000000e+00,0.000000e+00,0.000000e+00,0.000000e+00,0.000000e+00,0.000000e+00,0.000000e+00,0.000000e+00,0.000000e+00,0.000000e+00,0.000000e+00,0.000000e+00
1.000000e+00,0.000000e+00,0.000000e+00,0.000000e+00,0.000000e+00,0.000000e+00,0.000000e+00,0.000000e+00,0.000000e+00,0.000000e+00,0.000000e+00,0.000000e+00,0.000000e+00,0.000000e+00,0.000000e+00
1.000000e+00,0.000000e+00,0.000000e+00,0.000000e+00,0.000000e+00,0.000000e+00,0.000000e+00,0.000000e+00,0.000000e+00,0.000000e+00,0.000000e+00,0.000000e+00,0.000000e+00,0.000000e+00,0.000000e+00
1.000000e+00,0.000000e+00,0.000000e+00,0.000000e+00,0.000000e+00,0.000000e+00,0.000000e+00,0.000000e+00,0.000000e+00,0.000000e+00,0.000000e+00,0.000000e+00,0.000000e+00,0.000000e+00,0.000000e+00
1.000000e+00,0.000000e+00,0.000000e+00,0.000000e+00,0.000000e+00,0.000000e+00,0.000000e+00,0.000000e+00,0.000000e+00,0.000000e+00,0.000000e+00,0.000000e+00,0.000000e+00,0.000000e+00,0.000000e+00
1.000000e+00,0.000000e+00,0.000000e+00,0.000000e+00,0.000000e+00,0.000000e+00,0.000000e+00,0.000000e+00,0.000000e+00,0.000000e+00,0.000000e+00,0.000000e+00,0.000000e+00,0.000000e+00,0.000000e+00
1.000000e+00,0.000000e+00,0.000000e+00,0.000000e+00,0.000000e+00,0.000000e+00,0.000000e+00,0.000000e+00,0.000000e+00,0.000000e+00,0.000000e+00,0.000000e+00,0.000000e+00,0.000000e+00,0.000000e+00
1.000000e+00,0.000000e+00,0.000000e+00,0.000000e+00,0.000000e+00,0.000000e+00,0.000000e+00,0.000000e+00,0.000000e+00,0.000000e+00,0.000000e+00,0.000000e+00,0.000000e+00,0.000000e+00,0.000000e+00
1.000000e+00,0.000000e+00,0.000000e+00,0.000000e+00,0.000000e+00,0.000000e+00,0.000000e+00,0.000000e+00,0.000000e+00,0.000000e+00,0.000000e+00,0.000000e+00,0.000000e+00,0.000000e+00,0.000000e+00
1.000000e+00,0.000000e+00,0.000000e+00,0.000000e+00,0.000000e+00,0.000000e+00,0.000000e+00,0.000000e+00,0.000000e+00,0.000000e+00,0.000000e+00,0.000000e+00,0.000000e+00,0.000000e+00,0.000000e+00
1.000000e+00,0.000000e+00,0.000000e+00,0.000000e+00,0.000000e+00,0.000000e+00,0.000000e+00,0.000000e+00,0.000000e+00,0.000000e+00,0.000000e+00,0.000000e+00,0.000000e+00,0.000000e+00,0.000000e+00
1.000000e+00,0.000000e+00,0.000000e+00,0.000000e+00,0.000000e+00,0.000000e+00,0.000000e+00,0.000000e+00,0.000000e+00,0.000000e+00,0.000000e+00,0.000000e+00,0.000000e+00,0.000000e+00,0.000000e+00
1.000000e+00,0.000000e+00,0.000000e+00,0.000000e+00,0.000000e+00,0.000000e+00,0.000000e+00,0.000000e+00,0.000000e+00,0.000000e+00,0.000000e+00,0.000000e+00,0.000000e+00,0.000000e+00,0.000000e+00
1.000000e+00,0.000000e+00,0.000000e+00,0.000000e+00,0.000000e+00,0.000000e+00,0.000000e+00,0.000000e+00,0.000000e+00,0.000000e+00,0.000000e+00,0.000000e+00,0.000000e+00,0.000000e+00,0.000000e+00
1.000000e+00,0.000000e+00,0.000000e+00,0.000000e+00,0.000000e+00,0.000000e+00,0.000000e+00,0.000000e+00,0.000000e+00,0.000000e+00,0.000000e+00,0.000000e+00,0.000000e+00,0.000000e+00,0.000000e+00
1.000000e+00,0.000000e+00,0.000000e+00,0.000000e+00,0.000000e+00,0.000000e+00,0.000000e+00,0.000000e+00,0.000000e+00,0.000000e+00,0.000000e+00,0.000000e+00,0.000000e+00,0.000000e+00,0.000000e+00
1.000000e+00,0.000000e+00,0.000000e+00,0.000000e+00,0.000000e+00,0.000000e+00,0.000000e+00,0.000000e+00,0.000000e+00,0.000000e+00,0.000000e+00,0.000000e+00,0.000000e+00,0.000000e+00,0.000000e+00
1.000000e+00,0.000000e+00,0.000000e+00,0.000000e+00,0.000000e+00,0.000000e+00,0.000000e+00,0.000000e+00,0.000000e+00,0.000000e+00,0.000000e+00,0.000000e+00,0.000000e+00,0.000000e+00,0.000000e+00
1.000000e+00,0.000000e+00,0.000000e+00,0.000000e+00,0.000000e+00,0.000000e+00,0.000000e+00,0.000000e+00,0.000000e+00,0.000000e+00,0.000000e+00,0.000000e+00,0.000000e+00,0.000000e+00,0.000000e+00
1.000000e+00,0.000000e+00,0.000000e+00,0.000000e+00,0.000000e+00,0.000000e+00,0.000000e+00,0.000000e+00,0.000000e+00,0.000000e+00,0.000000e+00,0.000000e+00,0.000000e+00,0.000000e+00,0.000000e+00
1.000000e+00,0.000000e+00,0.000000e+00,0.000000e+00,0.000000e+00,0.000000e+00,0.000000e+00,0.000000e+00,0.000000e+00,0.000000e+00,0.000000e+00,0.000000e+00,0.000000e+00,0.000000e+00,0.000000e+00
1.000000e+00,0.000000e+00,0.000000e+00,0.000000e+00,0.000000e+00,0.000000e+00,0.000000e+00,0.000000e+00,0.000000e+00,0.000000e+00,0.000000e+00,0.000000e+00,0.000000e+00,0.000000e+00,0.000000e+00
1.000000e+00,0.000000e+00,0.000000e+00,0.000000e+00,0.000000e+00,0.000000e+00,0.000000e+00,0.000000e+00,0.000000e+00,0.000000e+00,0.000000e+00,0.000000e+00,0.000000e+00,0.000000e+00,0.000000e+00
1.000000e+00,0.000000e+00,0.000000e+00,0.000000e+00,0.000000e+00,0.000000e+00,0.000000e+00,0.000000e+00,0.000000e+00,0.000000e+00,0.000000e+00,0.000000e+00,0.000000e+00,0.000000e+00,0.000000e+00
1.000000e+00,0.000000e+00,0.000000e+00,0.000000e+00,0.000000e+00,0.000000e+00,0.000000e+00,0.000000e+00,0.000000e+00,0.000000e+00,0.000000e+00,0.000000e+00,0.000000e+00,0.000000e+00,0.000000e+00
1.000000e+00,0.000000e+00,0.000000e+00,0.000000e+00,0.000000e+00,0.000000e+00,0.000000e+00,0.000000e+00,0.000000e+00,0.000000e+00,0.000000e+00,0.000000e+00,0.000000e+00,0.000000e+00,0.000000e+00
1.000000e+00,0.000000e+00,0.000000e+00,0.000000e+00,0.000000e+00,0.000000e+00,0.000000e+00,0.000000e+00,0.000000e+00,0.000000e+00,0.000000e+00,0.000000e+00,0.000000e+00,0.000000e+00,0.000000e+00
1.000000e+00,0.000000e+00,0.000000e+00,0.000000e+00,0.000000e+00,0.000000e+00,0.000000e+00,0.000000e+00,0.000000e+00,0.000000e+00,0.000000e+00,0.000000e+00,0.000000e+00,0.000000e+00,0.000000e+00
1.000000e+00,0.000000e+00,0.000000e+00,0.000000e+00,0.000000e+00,0.000000e+00,0.000000e+00,0.000000e+00,0.000000e+00,0.000000e+00,0.000000e+00,0.000000e+00,0.000000e+00,0.000000e+00,0.000000e+00
1.000000e+00,0.000000e+00,0.000000e+00,0.000000e+00,0.000000e+00,0.000000e+00,0.000000e+00,0.000000e+00,0.000000e+00,0.000000e+00,0.000000e+00,0.000000e+00,0.000000e+00,0.000000e+00,0.000000e+00
1.000000e+00,0.000000e+00,0.000000e+00,0.000000e+00,0.000000e+00,0.000000e+00,0.000000e+00,0.000000e+00,0.000000e+00,0.000000e+00,0.000000e+00,0.000000e+00,0.000000e+00,0.000000e+00,0.000000e+00
1.000000e+00,0.000000e+00,0.000000e+00,0.000000e+00,0.000000e+00,0.000000e+00,0.000000e+00,0.000000e+00,0.000000e+00,0.000000e+00,0.000000e+00,0.000000e+00,0.000000e+00,0.000000e+00,0.000000e+00
1.000000e+00,0.000000e+00,0.000000e+00,0.000000e+00,0.000000e+00,0.000000e+00,0.000000e+00,0.000000e+00,0.000000e+00,0.000000e+00,0.000000e+00,0.000000e+00,0.000000e+00,0.000000e+00,0.000000e+00
4.141749e-01,2.183087e-02,8.551029e-03,2.251593e-02,3.420691e-03,1.338562e-02,1.980999e-03,5.732652e-03,8.451583e-03,1.982100e-03,9.175603e-02,1.309031e-02,1.292952e-02,3.316854e-01,4.851239e-02
2.899834e-01,1.551163e-02,6.008834e-03,1.582513e-02,2.532025e-03,9.551605e-03,1.388767e-03,4.025958e-03,6.259343e-03,1.555040e-03,1.457381e-01,9.501555e-03,9.236838e-03,4.484786e-01,3.440317e-02
2.030958e-01,1.103847e-02,4.246672e-03,1.121530e-02,2.191613e-03,7.154370e-03,9.893795e-04,2.852970e-03,5.196823e-03,1.661315e-03,2.357002e-01,7.703856e-03,6.641306e-03,4.759345e-01,2.437736e-02
1.422099e-01,7.837736e-03,2.995434e-03,8.042210e-03,1.697934e-03,5.228437e-03,7.034476e-04,2.015995e-03,7.473893e-03,2.346103e-03,4.111692e-01,5.674245e-03,4.705763e-03,3.804725e-01,1.742716e-02
9.958028e-02,5.528546e-03,2.125513e-03,6.169355e-03,1.719880e-03,5.101511e-03,5.145295e-04,1.424989e-03,3.272575e-02,5.520357e-03,4.837646e-01,4.494792e-03,3.389325e-03,3.350308e-01,1.290979e-02
6.973925e-02,4.233072e-03,1.610486e-03,4.669482e-03,1.381356e-03,3.861353e-03,3.722231e-04,1.017899e-03,3.061065e-02,4.315094e-03,4.712065e-01,3.483752e-03,2.433646e-03,3.915900e-01,9.475325e-03
4.892908e-02,3.259717e-03,1.178023e-03,4.039516e-03,1.149030e-03,3.717049e-03,2.763739e-04,7.330762e-04,4.256620e-02,3.792822e-03,3.946083e-01,2.858137e-03,1.865599e-03,4.837087e-01,7.318445e-03
3.448696e-02,2.975808e-03,9.790638e-04,6.142057e-03,9.084291e-04,4.422626e-03,2.193418e-04,5.490124e-04,7.205565e-02,4.794138e-03,3.792028e-01,2.905777e-03,1.616936e-03,4.813996e-01,7.341738e-03
2.467373e-02,3.651752e-03,9.631863e-04,1.143140e-02,8.900443e-04,5.281885e-03,3.072511e-04,5.193602e-04,9.581260e-02,8.623227e-03,4.087321e-01,4.353984e-03,2.013646e-03,4.187672e-01,1.397864e-02
1.749686e-02,5.042699e-03,1.121025e-03,2.071555e-02,1.277140e-03,4.854008e-03,3.138219e-04,4.996918e-04,9.223671e-02,8.800698e-03,4.995259e-01,6.285734e-03,1.734452e-03,3.195575e-01,2.053819e-02
1.257093e-02,1.894067e-02,1.196554e-02,1.689571e-02,1.155309e-03,4.678458e-03,5.664122e-04,7.032704e-04,8.126490e-02,1.535525e-02,5.270678e-01,7.503894e-03,1.847760e-03,2.711270e-01,2.835707e-02
8.931502e-03,1.734243e-02,9.735122e-03,1.273405e-02,1.007078e-03,4.083268e-03,4.914917e-04,6.907801e-04,8.076066e-02,1.767266e-02,4.622535e-01,7.581961e-03,1.679841e-03,3.476710e-01,2.736472e-02
6.929664e-03,2.099093e-02,1.031683e-02,1.473215e-02,1.041649e-03,5.454856e-03,4.639662e-04,1.018216e-03,2.085763e-01,1.446701e-02,3.544459e-01,5.810285e-03,1.672602e-03,3.290733e-01,2.500631e-02
5.349850e-03,1.725331e-02,8.131204e-03,1.560807e-02,8.664014e-04,5.838845e-03,3.406583e-04,7.815448e-04,3.540103e-01,1.152687e-02,2.820013e-01,5.306801e-03,3.314964e-03,2.644215e-01,2.524835e-02
4.763758e-03,1.459870e-02,6.457495e-03,1.484035e-02,1.149677e-03,6.814680e-03,2.735194e-04,9.630186e-04,3.103197e-01,9.630462e-03,3.217188e-01,6.240294e-03,6.518587e-03,2.759664e-01,1.974444e-02
4.344971e-03,1.161215e-02,6.352091e-03,1.439013e-02,1.404075e-03,6.017957e-03,2.357426e-04,1.136072e-03,2.490139e-01,8.581929e-03,2.847271e-01,5.891725e-03,8.122926e-03,3.825502e-01,1.561903e-02
3.926623e-03,9.313641e-03,5.508912e-03,1.295975e-02,1.292977e-03,5.158882e-03,1.888393e-04,9.548141e-04,1.941770e-01,6.913990e-03,2.182449e-01,5.490936e-03,7.286451e-03,5.170100e-01,1.157224e-02
3.741257e-03,7.193945e-03,5.274629e-03,1.313466e-02,2.571608e-03,4.200386e-03,2.156234e-04,8.833910e-04,1.558883e-01,6.219282e-03,1.816076e-01,4.802204e-03,6.975873e-03,5.982457e-01,9.045553e-03
8.663310e-03,5.748499e-03,1.043183e-02,1.615050e-02,4.363747e-03,3.900169e-03,2.773974e-04,3.691568e-03,1.294170e-01,1.143652e-02,1.899916e-01,7.054019e-03,7.955893e-03,5.905027e-01,1.041521e-02
1.388383e-02,4.446305e-03,1.367206e-02,1.503723e-02,4.708795e-03,3.394904e-03,3.096630e-04,7.102706e-03,9.828355e-02,1.367941e-02,1.771085e-01,7.959865e-03,7.956062e-03,6.200407e-01,1.241639e-02
2.205069e-02,4.119451e-03,2.295374e-02,1.403473e-02,7.501673e-03,3.537491e-03,4.721995e-04,2.011177e-02,8.363047e-02,1.723109e-02,1.751926e-01,8.695923e-03,8.142070e-03,5.970489e-01,1.527720e-02
2.121623e-02,5.578453e-03,3.342317e-02,1.256923e-02,1.240477e-02,3.541524e-03,7.848304e-04,2.041087e-02,8.774178e-02,2.071410e-02,1.768949e-01,8.927331e-03,8.586396e-03,5.707315e-01,1.647491e-02
3.239113e-02,1.522296e-02,6.603666e-02,1.397206e-02,5.041867e-02,1.279011e-02,3.313456e-03,1.658161e-02,1.078251e-01,1.977761e-02,1.820271e-01,8.638682e-03,9.518418e-03,4.454039e-01,1.608257e-02
3.485943e-02,1.368125e-02,1.642817e-01,9.110291e-02,6.451472e-02,1.107646e-02,3.492908e-03,1.552401e-02,1.117930e-01,1.534536e-02,1.319276e-01,6.262466e-03,7.838927e-03,3.160931e-01,1.220621e-02
2.770802e-02,1.317282e-02,1.417257e-01,2.934859e-01,5.742874e-02,9.906293e-03,2.489149e-03,1.111587e-02,8.378367e-02,1.289216e-02,1.030197e-01,4.770981e-03,6.035984e-03,2.226801e-01,9.784892e-03
3.588405e-02,1.183243e-02,1.135819e-01,2.152804e-01,4.770928e-02,8.533829e-03,1.833514e-03,8.138190e-03,6.505790e-02,1.595718e-02,1.550144e-01,5.093615e-03,1.074592e-02,1.707133e-01,1.346240e-01
3.905476e-02,1.148675e-02,1.141502e-01,1.690174e-01,4.337866e-02,8.221491e-03,1.425326e-03,7.393571e-03,5.240231e-02,2.312960e-02,2.314773e-01,6.036259e-03,3.130193e-02,1.352200e-01,1.263044e-01
6.530304e-02,2.946307e-02,1.474033e-01,1.255285e-01,4.748230e-02,1.543803e-02,1.285902e-03,6.890174e-03,4.324522e-02,2.676838e-02,1.893117e-01,6.582866e-03,3.034578e-02,1.077471e-01,1.572047e-01
8.139634e-02,3.614051e-02,1.579902e-01,9.248266e-02,5.177967e-02,4.145403e-02,1.660739e-03,7.056849e-03,3.564960e-02,5.295289e-02,1.368919e-01,6.659370e-03,2.417583e-02,1.072360e-01,1.664734e-01
1.019515e-01,5.242943e-02,1.247392e-01,7.185840e-02,6.315940e-02,6.617045e-02,5.186416e-03,8.295701e-03,3.092717e-02,6.353518e-02,1.025992e-01,6.563709e-03,2.627674e-02,9.464864e-02,1.816590e-01
1.229228e-01,5.847717e-02,9.938018e-02,5.590096e-02,5.889983e-02,6.370941e-02,4.651847e-03,8.157865e-03,3.066990e-02,5.224204e-02,7.586344e-02,7.555643e-03,7.085528e-02,8.104644e-02,2.096671e-01
9.756985e-02,5.015213e-02,7.229386e-02,4.041898e-02,4.394648e-02,4.942633e-02,3.739240e-03,6.485003e-03,2.920168e-02,4.459763e-02,5.714666e-02,1.239577e-02,7.914113e-02,9.948575e-02,3.139995e-01
8.262279e-02,4.224268e-02,5.478366e-02,3.254779e-02,3.492980e-02,3.813719e-02,3.259942e-03,9.534560e-03,5.308816e-02,4.946927e-02,4.450114e-02,2.596390e-02,1.006218e-01,1.083643e-01,3.199331e-01
6.970435e-02,6.253020e-02,5.099123e-02,3.502826e-02,3.173709e-02,3.127840e-02,2.778806e-03,1.059394e-02,1.129879e-01,4.548520e-02,3.342032e-02,2.082238e-02,1.080269e-01,8.842268e-02,2.961923e-01
6.588245e-02,5.092820e-02,6.358758e-02,2.696795e-02,3.464662e-02,2.408288e-02,3.376168e-03,1.702797e-01,9.311992e-02,3.391630e-02,2.529887e-02,1.555005e-02,1.106653e-01,6.592913e-02,2.157689e-01
8.001929e-02,9.200440e-02,1.074070e-01,2.480788e-02,3.824367e-02,2.590052e-02,4.109925e-03,1.444256e-01,9.498654e-02,2.759514e-02,1.879326e-02,1.258980e-02,9.362245e-02,5.076732e-02,1.847273e-01
7.257071e-02,8.751384e-02,1.111824e-01,2.007964e-02,3.252476e-02,2.571752e-02,3.527240e-03,2.827431e-01,7.236031e-02,1.995601e-02,1.404289e-02,1.033885e-02,7.231429e-02,3.952356e-02,1.356049e-01
5.790791e-02,8.364893e-02,9.261130e-02,1.534935e-02,2.617541e-02,2.405139e-02,3.296816e-03,4.290319e-01,5.454396e-02,1.434102e-02,1.027161e-02,8.187861e-03,5.346673e-02,2.844515e-02,9.867064e-02
4.972943e-02,7.075125e-02,6.928737e-02,1.237649e-02,2.243315e-02,2.339097e-02,3.229547e-03,5.495299e-01,4.070976e-02,1.059780e-02,7.430375e-03,6.779630e-03,4.304281e-02,2.024517e-02,7.046634e-02
4.310545e-02,5.100173e-02,5.226511e-02,1.025707e-02,1.879156e-02,2.153035e-02,2.856601e-03,6.548806e-01,2.930425e-02,7.502384e-03,5.501624e-03,5.775410e-03,3.331370e-02,1.431422e-02,4.959991e-02
3.772198e-02,3.755409e-02,4.453736e-02,1.212659e-02,1.723783e-02,1.863474e-02,3.463467e-03,7.057052e-01,2.278636e-02,5.710686e-03,4.972071e-03,6.381286e-03,3.642757e-02,1.041641e-02,3.632439e-02
4.007277e-02,2.759637e-02,3.815666e-02,1.130120e-02,1.472920e-02,2.063844e-02,4.081446e-03,7.384108e-01,1.775740e-02,4.198658e-03,4.143864e-03,5.910493e-03,3.955629e-02,7.421281e-03,2.602517e-02
4.136042e-02,2.105835e-02,3.017216e-02,8.865568e-03,1.790513e-02,2.754064e-02,8.450361e-03,7.442871e-01,1.592919e-02,3.146575e-03,3.456520e-03,5.364360e-03,4.840913e-02,5.291067e-03,1.876340e-02
6.161635e-02,1.994944e-02,2.430750e-02,7.736736e-03,1.975680e-02,5.434103e-02,1.189490e-02,6.897023e-01,1.895996e-02,2.445311e-03,2.826622e-03,7.093706e-03,6.141437e-02,3.772359e-03,1.418264e-02
8.477686e-02,1.586833e-02,1.950658e-02,6.762752e-03,2.544539e-02,7.236880e-02,1.274003e-02,6.434186e-01,1.866468e-02,1.852189e-03,2.170511e-03,8.721384e-03,7.429692e-02,2.671683e-03,1.073528e-02
9.251328e-02,1.490836e-02,3.652905e-02,1.770974e-02,2.344247e-02,7.438720e-02,1.291662e-02,5.749252e-01,1.831190e-02,1.087342e-02,9.510237e-03,2.682180e-02,6.732767e-02,2.410644e-03,1.741237e-02
1.010414e-01,1.214482e-02,3.647300e-02,3.555306e-02,2.037951e-02,8.371691e-02,1.342010e-02,4.350084e-01,1.461766e-02,9.863606e-03,2.077044e-02,3.753654e-02,1.623005e-01,1.923061e-03,1.525095e-02
9.651545e-02,8.798496e-03,2.750413e-02,2.992600e-02,1.582355e-02,7.046199e-02,1.152796e-02,3.093966e-01,1.108911e-02,9.280349e-03,3.478837e-02,4.091435e-02,3.136124e-01,1.483029e-03,1.887824e-02
7.507161e-02,7.957252e-03,2.071104e-02,2.951017e-02,1.394142e-02,9.666021e-02,1.170994e-02,2.172945e-01,2.550360e-02,1.012323e-02,2.885073e-02,4.794982e-02,3.892081e-01,3.026406e-03,2.248199e-02
5.456938e-02,6.194899e-03,1.485060e-02,2.635401e-02,1.085192e-02,7.781674e-02,9.631893e-03,1.524328e-01,3.222844e-02,1.518563e-02,4.606508e-02,7.790397e-02,4.507233e-01,3.200358e-03,2.199099e-02
3.931376e-02,4.842472e-03,1.064558e-02,1.923363e-02,8.515697e-03,5.603582e-02,6.847069e-03,1.071181e-01,4.031260e-02,1.596231e-02,4.069775e-02,1.229820e-01,5.075916e-01,3.234016e-03,1.666765e-02
2.916065e-02,5.036314e-03,8.280715e-03,1.393885e-02,1.655238e-02,3.955853e-02,5.513046e-03,7.576558e-02,1.650477e-01,1.647301e-02,3.764640e-02,1.177855e-01,4.510655e-01,2.696975e-03,1.547886e-02
3.057810e-02,4.739175e-03,6.543859e-03,1.877884e-02,2.997291e-02,3.479600e-02,4.483636e-03,5.334663e-02,1.996558e-01,6.400143e-02,3.722487e-02,1.470863e-01,3.505395e-01,3.311027e-03,1.494191e-02
5.232717e-02,4.233428e-03,4.906503e-03,1.756011e-02,2.291775e-02,3.379711e-02,3.496554e-03,3.767563e-02,1.877634e-01,5.628666e-02,3.995324e-02,2.584433e-01,2.625214e-01,5.172672e-03,1.294517e-02
7.157436e-02,6.357824e-03,6.389284e-03,1.447796e-02,1.791376e-02,4.859205e-02,3.061147e-03,2.807876e-02,1.717123e-01,5.917221e-02,5.489663e-02,2.819257e-01,2.157312e-01,6.823267e-03,1.329353e-02
7.791996e-02,6.936144e-03,5.441911e-03,1.233003e-02,5.351465e-02,3.573970e-02,3.639763e-03,2.059485e-02,2.681293e-01,4.748803e-02,5.051496e-02,2.262979e-01,1.734644e-01,5.406945e-03,1.258149e-02
1.189831e-01,9.039440e-03,5.043674e-03,1.181873e-02,4.736837e-02,2.713424e-02,3.026031e-03,1.587345e-02,2.994929e-01,3.962153e-02,5.124781e-02,2.117153e-01,1.443124e-01,5.239708e-03,1.008336e-02
1.486762e-01,1.423146e-02,5.095959e-03,1.113617e-02,4.116390e-02,2.155145e-02,2.427787e-03,1.237057e-02,3.177915e-01,3.397541e-02,5.087129e-02,2.150734e-01,1.109878e-01,5.391369e-03,9.255642e-03
1.890198e-01,2.190747e-02,7.311062e-03,1.271942e-02,3.495531e-02,1.866083e-02,2.252930e-03,1.504328e-02,2.839702e-01,3.392126e-02,4.615070e-02,2.300198e-01,8.604798e-02,7.867338e-03,1.015265e-02
1.490780e-01,2.813433e-02,9.193338e-03,1.483704e-02,2.961763e-02,1.734020e-02,1.843945e-03,1.639871e-02,2.594435e-01,3.172431e-02,4.661479e-02,3.095137e-01,7.010570e-02,7.308780e-03,8.846053e-03
1.306775e-01,3.536398e-02,1.252004e-02,1.235890e-02,2.568938e-02,3.174195e-02,2.909493e-03,2.363406e-02,2.611158e-01,4.247171e-02,5.082943e-02,2.954123e-01,5.950688e-02,7.039485e-03,8.729048e-03
1.420358e-01,5.023810e-02,1.289986e-02,1.086427e-02,2.301291e-02,3.111348e-02,2.993490e-03,2.576645e-02,2.483843e-01,6.948609e-02,4.592999e-02,2.653426e-01,5.434118e-02,7.840956e-03,9.750557e-03
1.406681e-01,5.102000e-02,1.133296e-02,1.206904e-02,2.069122e-02,2.587605e-02,3.429158e-03,2.234275e-02,2.257954e-01,7.543930e-02,4.141158e-02,3.037502e-01,4.661023e-02,9.290322e-03,1.027380e-02
1.461455e-01,5.039092e-02,1.137248e-02,1.213151e-02,2.509285e-02,2.772140e-02,3.115315e-03,2.437698e-02,2.232166e-01,1.418382e-01,3.632721e-02,2.349337e-01,4.116376e-02,1.114083e-02,1.103286e-02
1.465247e-01,4.211834e-02,1.070288e-02,1.848296e-02,3.257105e-02,2.500863e-02,3.381436e-03,3.111219e-02,2.544063e-01,1.398654e-01,3.636880e-02,1.982816e-01,3.933537e-02,1.244397e-02,9.396462e-03
1.461916e-01,4.889762e-02,1.092522e-02,1.759016e-02,3.785260e-02,2.417366e-02,3.618544e-03,2.938501e-02,2.514696e-01,1.667833e-01,3.138367e-02,1.742885e-01,3.297441e-02,1.501057e-02,9.455608e-03
1.509370e-01,5.527660e-02,1.241129e-02,1.812621e-02,4.423111e-02,2.161161e-02,3.391881e-03,3.039009e-02,2.180870e-01,1.872237e-01,3.485382e-02,1.639412e-01,2.786652e-02,2.142759e-02,1.022432e-02
1.750268e-01,4.685389e-02,1.127579e-02,1.827903e-02,4.037436e-02,1.763299e-02,3.077456e-03,2.683359e-02,1.870806e-01,2.657993e-01,2.759028e-02,1.304976e-01,2.174076e-02,1.843372e-02,9.503804e-03
1.982042e-01,4.334982e-02,1.102617e-02,1.653385e-02,4.196358e-02,1.492381e-02,3.251693e-03,2.223709e-02,1.766672e-01,2.742926e-01,2.772664e-02,1.135788e-01,2.277979e-02,2.428185e-02,9.182855e-03
1.907699e-01,5.332965e-02,1.085455e-02,1.604842e-02,3.978302e-02,1.434415e-02,3.529970e-03,1.792391e-02,1.877518e-01,2.885793e-01,2.578915e-02,9.207913e-02,2.149407e-02,2.571290e-02,1.201003e-02
2.129906e-01,4.934844e-02,1.141372e-02,2.294747e-02,6.571639e-02,1.456855e-02,5.375682e-03,4.264344e-02,1.513470e-01,2.160621e-01,2.972348e-02,1.220124e-01,2.101321e-02,2.359562e-02,1.124196e-02
2.711706e-01,4.903412e-02,1.515132e-02,3.709048e-02,6.484568e-02,1.581651e-02,5.007850e-03,3.532345e-02,1.246376e-01,1.623036e-01,2.817510e-02,1.307854e-01,2.531430e-02,2.111122e-02,1.423282e-02
3.147752e-01,4.032040e-02,3.346708e-02,3.438154e-02,6.335933e-02,1.734230e-02,6.269269e-03,3.237633e-02,1.006071e-01,1.243411e-01,2.909601e-02,1.319369e-01,3.575883e-02,2.021057e-02,1.575812e-02
3.312563e-01,3.748012e-02,3.996091e-02,2.902491e-02,5.284855e-02,2.290200e-02,2.084281e-02,3.726194e-02,8.698536e-02,9.308463e-02,3.101094e-02,1.307527e-01,4.660285e-02,2.283648e-02,1.714955e-02
3.461112e-01,3.328774e-02,4.187859e-02,2.708679e-02,4.358415e-02,2.030423e-02,3.016446e-02,8.559422e-02,7.115885e-02,7.026148e-02,2.777222e-02,1.138040e-01,4.925776e-02,2.327955e-02,1.645477e-02
4.079193e-01,2.844439e-02,3.817295e-02,2.202523e-02,3.533683e-02,2.150151e-02,4.634954e-02,1.051838e-01,5.529637e-02,5.350298e-02,2.230772e-02,8.868611e-02,4.121104e-02,1.976076e-02,1.430143e-02
4.272098e-01,2.434285e-02,3.799982e-02,1.866720e-02,3.135392e-02,2.201451e-02,5.318468e-02,1.348980e-01,4.732975e-02,4.372751e-02,1.996616e-02,7.337513e-02,3.647659e-02,1.719895e-02,1.225516e-02
3.158535e-01,2.065901e-02,3.133868e-02,1.425325e-02,2.978463e-02,1.634266e-02,1.175700e-01,2.590223e-01,4.571082e-02,3.201444e-02,1.482262e-02,5.280075e-02,2.770116e-02,1.271538e-02,9.410786e-03
2.401689e-01,1.537604e-02,2.615942e-02,1.129106e-02,2.961987e-02,1.271038e-02,1.203216e-01,3.934950e-01,3.983954e-02,2.441410e-02,1.193909e-02,3.832724e-02,2.005463e-02,9.222181e-03,7.060946e-03
1.870123e-01,1.189952e-02,2.121344e-02,9.717822e-03,2.739800e-02,1.022685e-02,9.949201e-02,5.200763e-01,3.140809e-02,1.793946e-02,9.061833e-03,2.771616e-02,1.466960e-02,6.708462e-03,5.460205e-03
1.608025e-01,1.012433e-02,2.047942e-02,8.341540e-03,4.491569e-02,9.860855e-03,8.072534e-02,5.746508e-01,2.542250e-02,1.404995e-02,7.767042e-03,2.080452e-02,1.180694e-02,5.119762e-03,5.128901e-03
1.322335e-01,1.108828e-02,2.247521e-02,7.687496e-03,5.818865e-02,8.199221e-03,6.186172e-02,6.268013e-01,2.295495e-02,1.066722e-02,6.041264e-03,1.513115e-02,8.811153e-03,3.813226e-03,4.045632e-03
1.059109e-01,1.082124e-02,2.650951e-02,7.552170e-03,5.796490e-02,6.092384e-03,6.180144e-02,6.600950e-01,2.741671e-02,7.934928e-03,4.426423e-03,1.078410e-02,6.568110e-03,2.844681e-03,3.277496e-03
1.000944e-01,8.566912e-03,2.250915e-02,7.349841e-03,5.093081e-02,4.944202e-03,6.486911e-02,6.837688e-01,2.903338e-02,6.098003e-03,3.713232e-03,8.391378e-03,5.115546e-03,2.060186e-03,2.555052e-03
8.381017e-02,6.351866e-03,1.702314e-02,5.908173e-03,4.470574e-02,4.042462e-03,7.474800e-02,7.163546e-01,2.591481e-02,4.395660e-03,3.036720e-03,6.256117e-03,4.103385e-03,1.485239e-03,1.863921e-03
8.892867e-02,5.322506e-03,1.487275e-02,6.525593e-03,3.468574e-02,4.541187e-03,5.501662e-02,5.937490e-01,1.901003e-02,5.916530e-02,5.952505e-02,1.210765e-02,1.739257e-02,2.393559e-02,5.221704e-03
6.425291e-02,3.883582e-03,1.079049e-02,4.945335e-03,2.494293e-02,3.522119e-03,4.074695e-02,4.395211e-01,1.365686e-02,1.724810e-01,6.750824e-02,1.234723e-02,1.791317e-02,1.155059e-01,7.982163e-03
4.539462e-02,2.792042e-03,7.592062e-03,3.617364e-03,1.779726e-02,2.625323e-03,2.957108e-02,3.120786e-01,1.007114e-02,2.232542e-01,7.928479e-02,1.440362e-02,1.409984e-02,2.238502e-01,1.356779e-02
3.227903e-02,2.148203e-03,5.436894e-03,2.747499e-03,1.388590e-02,1.999280e-03,2.175713e-02,2.216596e-01,8.316997e-03,1.923736e-01,9.757373e-02,1.233405e-02,1.039193e-02,3.583021e-01,1.879410e-02
2.280138e-02,1.635877e-03,3.885481e-03,2.032147e-03,1.135271e-02,1.566369e-03,1.547043e-02,1.556977e-01,7.079230e-03,1.786535e-01,1.117332e-01,1.015074e-02,7.655382e-03,4.518552e-01,1.843063e-02
1.641145e-02,1.622530e-03,2.940274e-03,1.486487e-03,8.887479e-03,1.261019e-03,1.090813e-02,1.093293e-01,6.288296e-03,1.514936e-01,2.655388e-01,8.904141e-03,5.667937e-03,3.947456e-01,1.451508e-02
1.180031e-02,1.381655e-03,2.170931e-03,1.107555e-03,6.803498e-03,1.016864e-03,7.682716e-03,7.673382e-02,5.756090e-03,1.471044e-01,3.919679e-01,7.376634e-03,4.212306e-03,3.233879e-01,1.149747e-02
8.538606e-03,1.546708e-03,1.618799e-03,8.046981e-04,5.971396e-03,8.136536e-04,5.551448e-03,5.402114e-02,9.005004e-03,1.433241e-01,4.616385e-01,6.055397e-03,3.151595e-03,2.859225e-01,1.203650e-02
6.246414e-03,1.569732e-03,1.470772e-03,7.679423e-04,1.138526e-02,9.248467e-04,4.044944e-03,3.814580e-02,1.889126e-02,1.338363e-01,5.053015e-01,5.772351e-03,2.758304e-03,2.508669e-01,1.801777e-02
4.989684e-03,9.323558e-03,2.321547e-03,1.059983e-03,6.000042e-02,5.089419e-03,3.439840e-03,2.795278e-02,1.014709e-01,1.062177e-01,4.066475e-01,5.634561e-03,3.639663e-03,2.392978e-01,2.291469e-02
4.523900e-03,1.714158e-02,3.207120e-03,8.987939e-04,4.942978e-02,6.266790e-03,2.612849e-03,2.081329e-02,9.305376e-02,8.287165e-02,3.207728e-01,5.976605e-03,3.609063e-03,3.720107e-01,1.681134e-02
3.775250e-03,2.347253e-02,4.393448e-03,7.540099e-04,4.340117e-02,6.292702e-03,2.021467e-03,1.517279e-02,8.397630e-02,6.560068e-02,2.954726e-01,7.374437e-03,3.908845e-03,4.314418e-01,1.294202e-02
3.325608e-03,2.420914e-02,5.298747e-03,7.331561e-04,3.497995e-02,6.630387e-03,1.563851e-03,1.085487e-02,7.314835e-02,5.361032e-02,3.869009e-01,9.031924e-03,5.677260e-03,3.737990e-01,1.023654e-02
4.151172e-03,3.864352e-02,5.969813e-03,1.231136e-03,2.909233e-02,1.151200e-02,1.351893e-03,7.769272e-03,1.222675e-01,5.060929e-02,3.619195e-01,1.040870e-02,6.254093e-03,3.406263e-01,8.193430e-03
5.156319e-03,3.511691e-02,6.263325e-03,1.178665e-03,2.450592e-02,1.301333e-02,1.152489e-03,5.588770e-03,1.008064e-01,4.315807e-02,3.800572e-01,9.651808e-03,5.405776e-03,3.624816e-01,6.463389e-03
2.528112e-02,3.660988e-02,9.180535e-03,2.150101e-03,2.189078e-02,1.795853e-02,1.071173e-03,5.951467e-03,1.123790e-01,3.824049e-02,3.329623e-01,9.300437e-03,5.237342e-03,3.761901e-01,5.596661e-03
3.936999e-02,6.585726e-02,1.009347e-02,3.323913e-03,2.279970e-02,2.393078e-02,1.129152e-03,5.531116e-03,1.501649e-01,4.314492e-02,2.800234e-01,9.819672e-03,4.907144e-03,3.317973e-01,8.107303e-03
4.026147e-02,7.823713e-02,1.006716e-02,1.533963e-02,2.149521e-02,3.713163e-02,1.074977e-03,4.625759e-03,2.119444e-01,5.664288e-02,2.221159e-01,1.021034e-02,5.365366e-03,2.652453e-01,2.024278e-02
3.676388e-02,7.849119e-02,9.592830e-03,1.389002e-02,2.955794e-02,5.663371e-02,1.093465e-03,5.097305e-03,3.000743e-01,5.008913e-02,1.781295e-01,9.991318e-03,5.354475e-03,2.034430e-01,2.179792e-02
3.968279e-02,7.101036e-02,9.230409e-03,1.118802e-02,3.578841e-02,5.737977e-02,1.070211e-03,5.395357e-03,3.500449e-01,4.455788e-02,1.598262e-01,1.014164e-02,5.322487e-03,1.730667e-01,2.629488e-02
3.939608e-02,6.350766e-02,9.822242e-03,1.520936e-02,4.739454e-02,9.090415e-02,1.150127e-03,2.205103e-02,3.874539e-01,3.510957e-02,1.258133e-01,1.007412e-02,5.232398e-03,1.264891e-01,2.039254e-02
4.756743e-02,5.734672e-02,8.757162e-03,1.293841e-02,4.115367e-02,1.943039e-01,1.070747e-03,1.839008e-02,3.397081e-01,2.766273e-02,1.194225e-01,1.505690e-02,5.034348e-03,9.371246e-02,1.787488e-02
6.121077e-02,5.654306e-02,1.596931e-02,5.112666e-02,4.637356e-02,2.068000e-01,1.353539e-03,2.116662e-02,3.137880e-01,2.043987e-02,9.384357e-02,2.428729e-02,5.042147e-03,6.752690e-02,1.452874e-02
7.688341e-02,7.624988e-02,6.064589e-02,7.997179e-02,4.880068e-02,1.603781e-01,1.578917e-03,2.453130e-02,2.644239e-01,2.078077e-02,8.284476e-02,2.654136e-02,6.763638e-03,5.186906e-02,1.773653e-02
5.996098e-02,8.702312e-02,7.537349e-02,8.732457e-02,4.290779e-02,1.149959e-01,1.752677e-03,1.799422e-02,2.173393e-01,9.499706e-02,7.997069e-02,2.616938e-02,1.585986e-02,3.906071e-02,3.927023e-02
4.527634e-02,9.316977e-02,5.705027e-02,6.627140e-02,3.185141e-02,8.253755e-02,1.345521e-03,1.307395e-02,1.913522e-01,1.229687e-01,1.083301e-01,2.794980e-02,8.529877e-02,3.347527e-02,4.004892e-02
3.405048e-02,8.508667e-02,4.259171e-02,4.917652e-02,2.428322e-02,6.023924e-02,1.038483e-03,1.057092e-02,2.509303e-01,1.249875e-01,1.317579e-01,3.065573e-02,9.365059e-02,2.655388e-02,3.442679e-02
2.521213e-02,7.322074e-02,5.183591e-02,5.393136e-02,2.239877e-02,4.417055e-02,1.563643e-03,8.475426e-02,2.325906e-01,1.108347e-01,1.226362e-01,2.307310e-02,8.843852e-02,2.001464e-02,4.532479e-02
1.868163e-02,5.206497e-02,2.452391e-01,8.298381e-02,1.706814e-02,3.179912e-02,1.241244e-03,8.957911e-02,1.679197e-01,8.075452e-02,8.672247e-02,1.633739e-02,6.251670e-02,1.409071e-02,3.300142e-02
1.483908e-02,3.919944e-02,3.912434e-01,9.010755e-02,1.407476e-02,2.347445e-02,1.684231e-03,8.347026e-02,1.237975e-01,6.417096e-02,6.118128e-02,1.151365e-02,4.406008e-02,1.029463e-02,2.688869e-02
1.439778e-02,4.652655e-02,4.792185e-01,7.715424e-02,1.317373e-02,1.855353e-02,2.789405e-03,9.043369e-02,9.423445e-02,5.170379e-02,4.346950e-02,8.199487e-03,3.239383e-02,7.571134e-03,2.018035e-02
1.171551e-02,3.656828e-02,5.793326e-01,6.850503e-02,1.185718e-02,1.372216e-02,7.181053e-03,8.150858e-02,6.912687e-02,3.771811e-02,3.092317e-02,5.844532e-03,2.599217e-02,5.448798e-03,1.455596e-02
1.364801e-02,2.897253e-02,6.512756e-01,5.236408e-02,1.161184e-02,1.009603e-02,5.905548e-03,8.755437e-02,5.141369e-02,2.748865e-02,2.202831e-02,4.155439e-03,1.860770e-02,3.921053e-03,1.095707e-02
2.767194e-02,3.039702e-02,6.306762e-01,4.667754e-02,2.157928e-02,8.776098e-03,6.450051e-03,1.046701e-01,4.497156e-02,3.180592e-02,1.638365e-02,3.038134e-03,1.545379e-02,2.840073e-03,8.608542e-03
3.396635e-02,3.181006e-02,6.123815e-01,3.980987e-02,2.540154e-02,8.785261e-03,9.858661e-03,1.284105e-01,3.618829e-02,3.643934e-02,1.216426e-02,2.259303e-03,1.282044e-02,2.116194e-03,7.588450e-03
3.878360e-02,3.199195e-02,5.733348e-01,3.103695e-02,2.795214e-02,8.966893e-03,2.857152e-02,1.321797e-01,2.917826e-02,6.131893e-02,9.142711e-03,2.292060e-03,1.160496e-02,1.947742e-03,1.169773e-02
5.039397e-02,2.983384e-02,5.292003e-01,2.365359e-02,2.835336e-02,8.239627e-03,4.705714e-02,1.485928e-01,2.571540e-02,6.541692e-02,7.070720e-03,2.203572e-03,9.846192e-03,2.144685e-03,2.227800e-02
5.900377e-02,2.701727e-02,4.090565e-01,1.843096e-02,2.798353e-02,1.210347e-02,1.119632e-01,1.823447e-01,2.272427e-02,8.208480e-02,5.866050e-03,2.585062e-03,1.061441e-02,2.239078e-03,2.598304e-02
1.081266e-01,5.100675e-02,3.370341e-01,1.672823e-02,3.230831e-02,1.349607e-02,1.068990e-01,1.367417e-01,4.284663e-02,7.901151e-02,5.472876e-03,4.245147e-03,1.071781e-02,4.763076e-03,5.060218e-02
1.644023e-01,5.240922e-02,2.639649e-01,1.728765e-02,4.355769e-02,1.348662e-02,1.033835e-01,1.174926e-01,7.617465e-02,6.481536e-02,5.312808e-03,6.439312e-03,1.027042e-02,6.394016e-03,5.460895e-02
2.013676e-01,4.789598e-02,1.909860e-01,2.024042e-02,3.899122e-02,3.570882e-02,8.835846e-02,9.707809e-02,6.039545e-02,5.396510e-02,1.511006e-02,6.653815e-02,1.734148e-02,6.568513e-03,5.945459e-02
2.338971e-01,4.449281e-02,1.483287e-01,3.072990e-02,3.672862e-02,3.847011e-02,6.785651e-02,8.005191e-02,4.830781e-02,1.000503e-01,1.922793e-02,7.417588e-02,1.845469e-02,6.310534e-03,5.291715e-02
2.002161e-01,3.635056e-02,1.096247e-01,3.922838e-02,2.735023e-02,3.723398e-02,4.925014e-02,5.996874e-02,4.122639e-02,1.295729e-01,5.252701e-02,1.287330e-01,3.508969e-02,6.225906e-03,4.740227e-02
1.471177e-01,3.268979e-02,7.996722e-02,6.243367e-02,2.159039e-02,2.978666e-02,3.508452e-02,4.371079e-02,5.363895e-02,1.505962e-01,9.487101e-02,1.196271e-01,7.963207e-02,6.496073e-03,4.275781e-02
1.056895e-01,2.971957e-02,5.870306e-02,1.620390e-01,1.733887e-02,2.246654e-02,2.476066e-02,3.156553e-02,7.031529e-02,1.382308e-01,1.006766e-01,1.061520e-01,8.689198e-02,5.512916e-03,3.993766e-02
7.529723e-02,2.286481e-02,4.173404e-02,1.242664e-01,1.363841e-02,1.868842e-02,1.752550e-02,2.336245e-02,8.791104e-02,2.661984e-01,9.441908e-02,7.764438e-02,9.125370e-02,4.206168e-03,4.098999e-02
5.478459e-02,1.812202e-02,3.056165e-02,1.270884e-01,1.111901e-02,1.485036e-02,1.255408e-02,1.862317e-02,8.737782e-02,3.094592e-01,9.337620e-02,5.746006e-02,9.815813e-02,3.691839e-03,6.277344e-02
3.882347e-02,1.334954e-02,2.215151e-02,1.620826e-01,1.006399e-02,1.215356e-02,9.276234e-03,1.458319e-02,6.692895e-02,2.720630e-01,1.494855e-01,4.379081e-02,1.011829e-01,3.539193e-03,8.052559e-02
2.837488e-02,1.006991e-02,1.678556e-02,1.526943e-01,1.202623e-02,1.411823e-02,7.384850e-03,1.344051e-02,5.621003e-02,2.351129e-01,1.930200e-01,3.651569e-02,1.385636e-01,3.886453e-03,8.179687e-02
2.130426e-02,7.629733e-03,1.296699e-02,1.299775e-01,2.712752e-02,1.117765e-02,6.829237e-03,1.164110e-02,5.507045e-02,2.408745e-01,2.002877e-01,3.612546e-02,1.339217e-01,6.048637e-03,9.901749e-02
1.848609e-02,8.528438e-03,1.442404e-02,2.851660e-01,3.077832e-02,9.977682e-03,5.297669e-03,9.607980e-03,5.809935e-02,1.802891e-01,1.725104e-01,2.796939e-02,1.008480e-01,5.242814e-03,7.277469e-02
1.399602e-02,7.298169e-03,1.626145e-02,3.057319e-01,3.276886e-02,9.449631e-03,4.550421e-03,7.528900e-03,4.906964e-02,1.464043e-01,2.274792e-01,2.185841e-02,9.675297e-02,5.121620e-03,5.572850e-02
1.004117e-02,5.172168e-03,1.178359e-02,2.315076e-01,2.654638e-02,6.787015e-03,3.294808e-03,5.854796e-03,3.557361e-02,1.612105e-01,2.924021e-01,1.804839e-02,1.427791e-01,5.166166e-03,4.383260e-02
7.983249e-03,3.800278e-03,9.478599e-03,1.698626e-01,3.079222e-02,5.060362e-03,2.422399e-03,6.954678e-03,3.467954e-02,1.449249e-01,3.867777e-01,1.473733e-02,1.317817e-01,7.351126e-03,4.339330e-02
6.395011e-03,2.875288e-03,7.300752e-03,1.260072e-01,2.322992e-02,4.248116e-03,1.855643e-03,5.300245e-03,2.753900e-02,2.978819e-01,3.327996e-01,1.301651e-02,1.098152e-01,8.050619e-03,3.368500e-02
1.327331e-02,4.135220e-03,1.786641e-02,9.442187e-02,2.914926e-02,4.190761e-03,1.635172e-03,8.918232e-03,2.373829e-02,4.046195e-01,2.474131e-01,1.229090e-02,1.031738e-01,7.978106e-03,2.719608e-02
2.090899e-02,3.557279e-03,1.391279e-02,6.762126e-02,2.503058e-02,3.406378e-03,1.279309e-03,1.449557e-02,1.750343e-02,5.340008e-01,1.779909e-01,1.021147e-02,8.088131e-02,8.332208e-03,2.086777e-02
2.976305e-02,7.733623e-03,1.867702e-02,5.202457e-02,2.206289e-02,4.133325e-03,1.523461e-03,1.724895e-02,2.362757e-02,4.580122e-01,1.731187e-01,2.070896e-02,1.380559e-01,1.360314e-02,1.970678e-02
2.685666e-02,6.145449e-03,1.394865e-02,3.911472e-02,1.714298e-02,4.704178e-03,1.137724e-03,1.312129e-02,4.107496e-02,4.073258e-01,2.107595e-01,3.430324e-02,1.479546e-01,1.752239e-02,1.888778e-02
2.116216e-02,6.172987e-03,1.842331e-02,3.283195e-02,1.414826e-02,3.808273e-03,8.646323e-04,1.121391e-02,5.584112e-02,3.378810e-01,2.787829e-01,5.351114e-02,1.367300e-01,1.405098e-02,1.457732e-02
1.883611e-02,6.169925e-03,1.560110e-01,3.921933e-02,2.485377e-02,4.701988e-03,8.818503e-04,1.124210e-02,6.090338e-02,2.490140e-01,2.620250e-01,4.177859e-02,1.029050e-01,1.069189e-02,1.076593e-02
2.162084e-02,7.050201e-03,2.342836e-01,7.493594e-02,3.701070e-02,4.254730e-03,8.076581e-04,1.151637e-02,6.034131e-02,1.918732e-01,2.307054e-01,3.412620e-02,7.457945e-02,8.683573e-03,8.210794e-03
