1.000000e+00,0.000000e+00,0.000000e+00,0.000000e+00,0.000000e+00,0.000000e+00,0.000000e+00,0.000000e+00,0.000000e+00,0.000000e+00,0.000000e+00,0.000000e+00,0.000000e+00,0.000000e+00,0.000000e+00
1.000000e+00,0.000000e+00,0.000000e+00,0.000000e+00,0.000000e+00,0.000000e+00,0.000000e+00,0.000000e+00,0.000000e+00,0.000000e+00,0.000000e+00,0.000000e+00,0.000000e+00,0.000000e+00,0.000000e+00
1.000000e+00,0.000000e+00,0.000000e+00,0.000000e+00,0.000000e+00,0.000000e+00,0.000000e+00,0.000000e+00,0.000000e+00,0.000000e+00,0.000000e+00,0.000000e+00,0.000000e+00,0.000000e+00,0.000000e+00
1.000000e+00,0.000000e+00,0.000000e+00,0.000000e+00,0.000000e+00,0.000000e+00,0.000000e+00,0.000000e+00,0.000000e+00,0.000000e+00,0.000000e+00,0.000000e+00,0.000000e+00,0.000000e+00,0.000000e+00
1.000000e+00,0.000000e+00,0.000000e+00,0.000000e+00,0.000000e+00,0.000000e+00,0.000000e+00,0.000000e+00,0.000000e+00,0.000000e+00,0.000000e+00,0.000000e+00,0.000000e+00,0.000000e+00,0.000000e+00
1.000000e+00,0.000000e+00,0.000000e+00,0.000000e+00,0.000000e+00,0.000000e+00,0.000000e+00,0.000000e+00,0.000000e+00,0.000000e+00,0.000000e+00,0.000000e+00,0.000000e+00,0.000000e+00,0.000000e+00
1.000000e+00,0.000000e+00,0.000000e+00,0.000000e+00,0.000000e+00,0.000000e+00,0.000000e+00,0.000000e+00,0.000000e+00,0.000000e+00,0.000000e+00,0.000000e+00,0.000000e+00,0.000000e+00,0.000000e+00
1.000000e+00,0.000000e+00,0.000000e+00,0.000000e+00,0.000000e+00,0.000000e+00,0.000000e+00,0.000000e+00,0.000000e+00,0.000000e+00,0.000000e+00,0.000000e+00,0.000000e+00,0.000000e+00,0.000000e+00
1.000000e+00,0.000000e+00,0.000000e+00,0.000000e+00,0.000000e+00,0.000000e+00,0.000000e+00,0.000000e+00,0.000000e+00,0.000000e+00,0.000000e+00,0.000000e+00,0.000000e+00,0.000000e+00,0.000000e+00
1.000000e+00,0.000000e+00,0.000000e+00,0.000000e+00,0.000000e+00,0.000000e+00,0.000000e+00,0.000000e+00,0.000000e+00,0.000000e+00,0.000000e+00,0.000000e+00,0.000000e+00,0.000000e+00,0.000000e+00
1.000000e+00,0.000000e+00,0.000000e+00,0.000000e+00,0.000000e+00,0.000000e+00,0.000000e+00,0.000000e+00,0.000000e+00,0.000000e+00,0.000000e+00,0.000000e+00,0.000000e+00,0.000000e+00,0.000000e+00
1.000000e+00,0.000000e+00,0.000000e+00,0.000000e+00,0.000000e+00,0.000000e+00,0.000000e+00,0.000000e+00,0.000000e+00,0.000000e+00,0.000000e+00,0.000000e+00,0.000000e+00,0.000000e+00,0.000000e+00
1.000000e+00,0.000000e+00,0.000000e+00,0.000000e+00,0.000000e+00,0.000000e+00,0.000000e+00,0.000000e+00,0.000000e+00,0.000000e+00,0.000000e+00,0.000000e+00,0.000000e+00,0.000000e+00,0.000000e+00
1.000000e+00,0.000000e+00,0.000000e+00,0.000000e+00,0.000000e+00,0.000000e+00,0.000000e+00,0.000000e+00,0.000000e+00,0.000000e+00,0.000000e+00,0.000000e+00,0.000000e+00,0.000000e+00,0.000000e+00
1.000000e+00,0.000000e+00,0.000000e+00,0.000000e+00,0.000000e+00,0.000000e+00,0.000000e+00,0.000000e+00,0.000000e+00,0.000000e+00,0.000000e+00,0.000000e+00,0.000000e+00,0.000000e+00,0.000000e+00
1.000000e+00,0.000000e+00,0.000000e+00,0.000000e+00,0.000000e+00,0.000000e+00,0.000000e+00,0.000000e+00,0.000000e+00,0.000000e+00,0.000000e+00,0.000000e+00,0.000000e+00,0.000000e+00,0.000000e+00
1.000000e+00,0.000000e+00,0.000000e+00,0.000000e+00,0.000000e+00,0.000000e+00,0.000000e+00,0.000000e+00,0.000000e+00,0.000000e+00,0.000000e+00,0.000000e+00,0.000000e+00,0.000000e+00,0.000000e+00
1.000000e+00,0.000000e+00,0.000000e+00,0.000000e+00,0.000000e+00,0.000000e+00,0.000000e+00,0.000000e+00,0.000000e+00,0.000000e+00,0.000000e+00,0.000000e+00,0.000000e+00,0.000000e+00,0.000000e+00
1.000000e+00,0.000000e+00,0.000000e+00,0.000000e+00,0.000000e+00,0.000000e+00,0.000000e+00,0.000000e+00,0.000000e+00,0.000000e+00,0.000000e+00,0.000000e+00,0.000000e+00,0.000000e+00,0.000000e+00
1.000000e+00,0.000000e+00,0.000000e+00,0.000000e+00,0.000000e+00,0.000000e+00,0.000000e+00,0.000000e+00,0.000000e+00,0.000000e+00,0.000000e+00,0.000000e+00,0.000000e+00,0.000000e+00,0.000000e+00
1.000000e+00,0.000000e+00,0.000000e+00,0.000000e+00,0.000000e+00,0.000000e+00,0.000000e+00,0.000000e+00,0.000000e+00,0.000000e+00,0.000000e+00,0.000000e+00,0.000000e+00,0.000000e+00,0.000000e+00
4.679425e-01,2.416703e-02,2.587834e-01,1.226708e-01,5.885188e-03,1.525715e-02,2.694019e-03,1.182188e-02,1.034705e-02,2.309543e-03,1.911642e-02,2.325265e-02,9.648348e-03,4.523392e-03,2.158062e-02
1.000000e+00,0.000000e+00,0.000000e+00,0.000000e+00,0.000000e+00,0.000000e+00,0.000000e+00,0.000000e+00,0.000000e+00,0.000000e+00,0.000000e+00,0.000000e+00,0.000000e+00,0.000000e+00,0.000000e+00
1.000000e+00,0.000000e+00,0.000000e+00,0.000000e+00,0.000000e+00,0.000000e+00,0.000000e+00,0.000000e+00,0.000000e+00,0.000000e+00,0.000000e+00,0.000000e+00,0.000000e+00,0.000000e+00,0.000000e+00
1.000000e+00,0.000000e+00,0.000000e+00,0.000000e+00,0.000000e+00,0.000000e+00,0.000000e+00,0.000000e+00,0.000000e+00,0.000000e+00,0.000000e+00,0.000000e+00,0.000000e+00,0.000000e+00,0.000000e+00
1.000000e+00,0.000000e+00,0.000000e+00,0.000000e+00,0.000000e+00,0.000000e+00,0.000000e+00,0.000000e+00,0.000000e+00,0.000000e+00,0.000000e+00,0.000000e+00,0.000000e+00,0.000000e+00,0.000000e+00
1.000000e+00,0.000000e+00,0.000000e+00,0.000000e+00,0.000000e+00,0.000000e+00,0.000000e+00,0.000000e+00,0.000000e+00,0.000000e+00,0.000000e+00,0.000000e+00,0.000000e+00,0.000000e+00,0.000000e+00
1.000000e+00,0.000000e+00,0.000000e+00,0.000000e+00,0.000000e+00,0.000000e+00,0.000000e+00,0.000000e+00,0.000000e+00,0.000000e+00,0.000000e+00,0.000000e+00,0.000000e+00,0.000000e+00,0.000000e+00
1.000000e+00,0.000000e+00,0.000000e+00,0.000000e+00,0.000000e+00,0.000000e+00,0.000000e+00,0.000000e+00,0.000000e+00,0.000000e+00,0.000000e+00,0.000000e+00,0.000000e+00,0.000000e+00,0.000000e+00
1.000000e+00,0.000000e+00,0.000000e+00,0.000000e+00,0.000000e+00,0.000000e+00,0.000000e+00,0.000000e+00,0.000000e+00,0.000000e+00,0.000000e+00,0.000000e+00,0.000000e+00,0.000000e+00,0.000000e+00
1.000000e+00,0.000000e+00,0.000000e+00,0.000000e+00,0.000000e+00,0.000000e+00,0.000000e+00,0.000000e+00,0.000000e+00,0.000000e+00,0.000000e+00,0.000000e+00,0.000000e+00,0.000000e+00,0.000000e+00
1.000000e+00,0.000000e+00,0.000000e+00,0.000000e+00,0.000000e+00,0.000000e+00,0.000000e+00,0.000000e+00,0.000000e+00,0.000000e+00,0.000000e+00,0.000000e+00,0.000000e+00,0.000000e+00,0.000000e+00
1.000000e+00,0.000000e+00,0.000000e+00,0.000000e+00,0.000000e+00,0.000000e+00,0.000000e+00,0.000000e+00,0.000000e+00,0.000000e+00,0.000000e+00,0.000000e+00,0.000000e+00,0.000000e+00,0.000000e+00
1.000000e+00,0.000000e+00,0.000000e+00,0.000000e+00,0.000000e+00,0.000000e+00,0.000000e+00,0.000000e+00,0.000000e+00,0.000000e+00,0.000000e+00,0.000000e+00,0.000000e+00,0.000000e+00,0.000000e+00
1.000000e+00,0.000000e+00,0.000000e+00,0.000000e+00,0.000000e+00,0.000000e+00,0.000000e+00,0.000000e+00,0.000000e+00,0.000000e+00,0.000000e+00,0.000000e+00,0.000000e+00,0.000000e+00,0.000000e+00
1.000000e+00,0.000000e+00,0.000000e+00,0.000000e+00,0.000000e+00,0.000000e+00,0.000000e+00,0.000000e+00,0.000000e+00,0.000000e+00,0.000000e+00,0.000000e+00,0.000000e+00,0.000000e+00,0.000000e+00
1.000000e+00,0.000000e+00,0.000000e+00,0.000000e+00,0.000000e+00,0.000000e+00,0.000000e+00,0.000000e+00,0.000000e+00,0.000000e+00,0.000000e+00,0.000000e+00,0.000000e+00,0.000000e+00,0.000000e+00
1.000000e+00,0.000000e+00,0.000000e+00,0.000000e+00,0.000000e+00,0.000000e+00,0.000000e+00,0.000000e+00,0.000000e+00,0.000000e+00,0.000000e+00,0.000000e+00,0.000000e+00,0.000000e+00,0.000000e+00
1.000000e+00,0.000000e+00,0.000000e+00,0.000000e+00,0.000000e+00,0.000000e+00,0.000000e+00,0.000000e+00,0.000000e+00,0.000000e+00,0.000000e+00,0.000000e+00,0.000000e+00,0.000000e+00,0.000000e+00
1.000000e+00,0.000000e+00,0.000000e+00,0.000000e+00,0.000000e+00,0.000000e+00,0.000000e+00,0.000000e+00,0.000000e+00,0.000000e+00,0.000000e+00,0.000000e+00,0.000000e+00,0.000000e+00,0.000000e+00
1.000000e+00,0.000000e+00,0.000000e+00,0.000000e+00,0.000000e+00,0.000000e+00,0.000000e+00,0.000000e+00,0.000000e+00,0.000000e+00,0.000000e+00,0.000000e+00,0.000000e+00,0.000000e+00,0.000000e+00
1.000000e+00,0.000000e+00,0.000000e+00,0.000000e+00,0.000000e+00,0.000000e+00,0.000000e+00,0.000000e+00,0.000000e+00,0.000000e+00,0.000000e+00,0.000000e+00,0.000000e+00,0.000000e+00,0.000000e+00
1.000000e+00,0.000000e+00,0.000000e+00,0.000000e+00,0.000000e+00,0.000000e+00,0.000000e+00,0.000000e+00,0.000000e+00,0.000000e+00,0.000000e+00,0.000000e+00,0.000000e+00,0.000000e+00,0.000000e+00
1.000000e+00,0.000000e+00,0.000000e+00,0.000000e+00,0.000000e+00,0.000000e+00,0.000000e+00,0.000000e+00,0.000000e+00,0.000000e+00,0.000000e+00,0.000000e+00,0.000000e+00,0.000000e+00,0.000000e+00
1.000000e+00,0.000000e+00,0.000000e+00,0.000000e+00,0.000000e+00,0.000000e+00,0.000000e+00,0.000000e+00,0.000000e+00,0.000000e+00,0.000000e+00,0.000000e+00,0.000000e+00,0.000000e+00,0.000000e+00
1.000000e+00,0.000000e+00,0.000000e+00,0.000000e+00,0.000000e+00,0.000000e+00,0.000000e+00,0.000000e+00,0.000000e+00,0.000000e+00,0.000000e+00,0.000000e+00,0.000000e+00,0.000000e+00,0.000000e+00
1.000000e+00,0.000000e+00,0.000000e+00,0.000000e+00,0.000000e+00,0.000000e+00,0.000000e+00,0.000000e+00,0.000000e+00,0.000000e+00,0.000000e+00,0.000000e+00,0.000000e+00,0.000000e+00,0.000000e+00
1.000000e+00,0.000000e+00,0.000000e+00,0.000000e+00,0.000000e+00,0.000000e+00,0.000000e+00,0.000000e+00,0.000000e+00,0.000000e+00,0.000000e+00,0.000000e+00,0.000000e+00,0.000000e+00,0.000000e+00
1.000000e+00,0.000000e+00,0.000000e+00,0.000000e+00,0.000000e+00,0.000000e+00,0.000000e+00,0.000000e+00,0.000000e+00,0.000000e+00,0.000000e+00,0.000000e+00,0.000000e+00,0.000000e+00,0.000000e+00
1.000000e+00,0.000000e+00,0.000000e+00,0.000000e+00,0.000000e+00,0.000000e+00,0.000000e+00,0.000000e+00,0.000000e+00,0.000000e+00,0.000000e+00,0.000000e+00,0.000000e+00,0.000000e+00,0.000000e+00
1.000000e+00,0.000000e+00,0.000000e+00,0.000000e+00,0.000000e+00,0.000000e+00,0.000000e+00,0.000000e+00,0.000000e+00,0.000000e+00,0.000000e+00,0.000000e+00,0.000000e+00,0.000000e+00,0.000000e+00
1.000000e+00,0.000000e+00,0.000000e+00,0.000000e+00,0.000000e+00,0.000000e+00,0.000000e+00,0.000000e+00,0.000000e+00,0.000000e+00,0.000000e+00,0.000000e+00,0.000000e+00,0.000000e+00,0.000000e+00
1.000000e+00,0.000000e+00,0.000000e+00,0.000000e+00,0.000000e+00,0.000000e+00,0.000000e+00,0.000000e+00,0.000000e+00,0.000000e+00,0.000000e+00,0.000000e+00,0.000000e+00,0.000000e+00,0.000000e+00
1.000000e+00,0.000000e+00,0.000000e+00,0.000000e+00,0.000000e+00,0.000000e+00,0.000000e+00,0.000000e+00,0.000000e+00,0.000000e+00,0.000000e+00,0.000000e+00,0.000000e+00,0.000000e+00,0.000000e+00
1.000000e+00,0.000000e+00,0.000000e+00,0.000000e+00,0.000000e+00,0.000000e+00,0.000000e+00,0.000000e+00,0.000000e+00,0.000000e+00,0.000000e+00,0.000000e+00,0.000000e+00,0.000000e+00,0.000000e+00
1.000000e+00,0.000000e+00,0.000000e+00,0.000000e+00,0.000000e+00,0.000000e+00,0.000000e+00,0.000000e+00,0.000000e+00,0.000000e+00,0.000000e+00,0.000000e+00,0.000000e+00,0.000000e+00,0.000000e+00
1.000000e+00,0.000000e+00,0.000000e+00,0.000000e+00,0.000000e+00,0.000000e+00,0.000000e+00,0.000000e+00,0.000000e+00,0.000000e+00,0.000000e+00,0.000000e+00,0.000000e+00,0.000000e+00,0.000000e+00
1.000000e+00,0.000000e+00,0.000000e+00,0.000000e+00,0.000000e+00,0.000000e+00,0.000000e+00,0.000000e+00,0.000000e+00,0.000000e+00,0.000000e+00,0.000000e+00,0.000000e+00,0.000000e+00,0.000000e+00
1.000000e+00,0.000000e+00,0.000000e+00,0.000000e+00,0.000000e+00,0.000000e+00,0.000000e+00,0.000000e+00,0.000000e+00,0.000000e+00,0.000000e+00,0.000000e+00,0.000000e+00,0.000000e+00,0.000000e+00
1.000000e+00,0.000000e+00,0.000000e+00,0.000000e+00,0.000000e+00,0.000000e+00,0.000000e+00,0.000000e+00,0.000000e+00,0.000000e+00,0.000000e+00,0.000000e+00,0.000000e+00,0.000000e+00,0.000000e+00
1.000000e+00,0.000000e+00,0.000000e+00,0.000000e+00,0.000000e+00,0.000000e+00,0.000000e+00,0.000000e+00,0.000000e+00,0.000000e+00,0.000000e+00,0.000000e+00,0.000000e+00,0.000000e+00,0.000000e+00
4.309786e-01,1.686387e-02,6.814059e-03,4.162615e-02,3.365777e-03,4.209565e-02,3.803986e-03,5.513885e-03,2.292497e-02,1.750041e-03,6.571089e-03,1.587980e-02,3.781695e-01,1.227323e-03,2.241532e-02
3.051627e-01,2.218443e-02,5.543491e-03,1.004250e-01,4.784699e-03,3.161526e-02,4.219587e-03,5.522874e-03,1.172064e-01,2.033201e-03,9.461453e-03,1.373427e-02,3.463226e-01,1.572569e-03,3.021150e-02
2.147333e-01,1.690608e-02,4.529309e-03,8.555079e-02,8.257842e-03,3.586678e-02,3.439446e-03,5.309306e-03,9.538101e-02,1.689237e-03,2.179450e-02,1.512269e-02,4.612220e-01,1.257039e-03,2.894065e-02
1.504285e-01,1.273701e-02,3.237802e-03,6.160745e-02,6.762804e-03,2.827482e-02,2.473527e-03,4.000250e-03,7.846864e-02,1.299096e-03,1.778997e-02,4.530618e-02,5.651577e-01,1.277797e-03,2.117860e-02
1.062187e-01,1.464648e-02,2.739067e-03,4.970322e-02,6.853141e-03,4.030172e-02,1.871795e-03,3.128863e-03,1.221237e-01,1.124082e-03,1.825579e-02,7.957027e-02,5.346268e-01,1.636512e-03,1.719987e-02
7.487486e-02,1.448245e-02,5.313616e-03,1.773978e-01,5.913041e-03,4.849698e-02,1.513740e-03,2.310315e-03,1.696850e-01,1.241940e-03,1.492832e-02,6.306158e-02,3.952763e-01,1.509637e-03,2.399453e-02
7.110789e-02,1.253760e-02,4.581586e-03,1.510114e-01,5.308700e-03,6.178254e-02,1.690135e-03,2.042893e-03,1.426087e-01,2.686850e-03,2.472595e-02,9.827694e-02,3.835805e-01,7.217970e-03,3.084036e-02
5.393806e-02,1.403856e-02,6.066756e-03,1.150835e-01,6.075846e-03,4.720118e-02,1.715526e-03,1.891929e-03,1.203435e-01,2.553182e-03,2.317457e-02,1.141315e-01,4.560379e-01,5.916540e-03,3.183150e-02
4.896216e-02,2.019411e-02,1.044306e-02,8.515608e-02,1.213839e-02,4.119846e-02,2.621449e-03,1.627179e-03,8.895417e-02,6.806585e-03,1.958988e-02,1.520041e-01,4.561627e-01,7.625523e-03,4.651622e-02
4.361230e-02,1.571525e-02,7.554003e-03,6.167745e-02,1.225393e-02,4.074762e-02,4.507648e-03,1.458863e-03,6.650933e-02,2.123297e-02,6.212400e-02,1.636652e-01,4.269390e-01,1.818711e-02,5.381538e-02
3.810748e-02,1.283451e-02,8.013286e-03,5.278833e-02,1.638735e-02,3.007013e-02,3.826516e-03,1.377299e-03,5.661318e-02,2.712968e-02,1.650233e-01,1.588693e-01,3.520542e-01,1.663332e-02,6.027219e-02
3.105660e-02,1.128150e-02,1.348140e-02,1.072590e-01,1.845933e-02,2.286537e-02,3.050925e-03,1.912768e-02,7.090700e-02,2.607773e-02,1.556315e-01,1.541726e-01,3.088669e-01,1.257684e-02,4.518557e-02
2.651267e-02,1.442069e-02,1.361543e-02,1.595442e-01,1.878305e-02,1.967525e-02,2.341407e-03,1.401323e-02,1.904073e-01,2.490587e-02,1.168660e-01,1.119528e-01,2.257136e-01,1.208037e-02,4.916817e-02
2.244409e-02,2.217136e-02,1.479672e-02,1.806900e-01,1.603149e-02,1.683833e-02,1.715829e-03,1.014145e-02,2.936091e-01,2.557749e-02,9.164512e-02,8.135993e-02,1.699316e-01,1.166976e-02,4.137769e-02
1.718596e-02,1.753312e-02,1.120911e-02,1.504254e-01,1.218414e-02,1.325893e-02,1.239356e-03,7.322629e-03,3.762866e-01,2.619811e-02,8.672220e-02,5.888499e-02,1.434956e-01,9.795704e-03,6.825815e-02
1.265401e-02,1.324882e-02,8.280183e-03,1.326138e-01,9.241357e-03,1.011642e-02,8.870876e-04,5.296670e-03,4.608774e-01,2.094486e-02,8.349405e-02,4.192774e-02,1.356423e-01,8.012157e-03,5.676316e-02
9.886591e-03,9.746633e-03,6.778560e-03,1.145347e-01,8.133003e-03,9.651067e-03,6.865347e-04,5.455663e-03,3.669054e-01,1.879553e-02,1.552662e-01,3.656494e-02,1.629491e-01,1.357343e-02,8.107275e-02
1.081908e-02,8.044697e-03,6.646826e-03,9.361058e-02,8.437325e-03,1.122189e-02,8.792655e-04,4.802810e-03,2.903736e-01,1.589466e-02,2.397367e-01,3.146623e-02,1.689786e-01,1.791397e-02,9.117374e-02
1.010319e-02,7.069954e-03,1.046937e-02,7.373969e-02,9.487057e-03,1.782864e-01,1.500488e-03,4.995930e-03,2.355559e-01,1.547069e-02,2.002040e-01,3.227136e-02,1.337871e-01,1.535407e-02,7.170475e-02
7.635381e-03,6.794298e-03,2.438897e-02,6.244308e-02,8.487383e-03,1.948587e-01,1.563848e-03,4.005835e-03,2.182594e-01,1.285665e-02,1.569344e-01,4.995625e-02,1.783185e-01,1.158962e-02,6.190769e-02
9.809446e-03,6.612217e-03,3.542576e-02,5.387695e-02,9.861821e-03,1.507313e-01,2.469391e-03,4.187443e-03,2.190533e-01,1.702681e-02,1.469001e-01,7.586218e-02,1.968144e-01,9.327848e-03,6.204098e-02
8.831095e-03,5.686008e-03,2.650694e-02,4.039632e-02,8.039067e-03,1.087079e-01,2.784253e-03,3.221689e-03,1.749073e-01,1.265646e-02,1.139146e-01,8.847715e-02,3.405681e-01,7.763739e-03,5.753931e-02
9.977314e-03,5.671402e-03,2.021623e-02,2.974909e-02,7.617192e-03,8.611479e-02,2.971609e-03,2.672039e-03,1.429039e-01,9.533097e-03,8.797535e-02,1.150846e-01,4.190086e-01,7.004563e-03,5.350020e-02
1.135711e-02,4.865747e-03,1.490685e-02,2.121293e-02,7.777407e-03,6.396155e-02,2.603909e-03,2.520404e-03,1.100108e-01,7.875902e-03,6.862334e-02,1.023726e-01,5.106337e-01,7.184887e-03,6.409284e-02
2.125872e-02,6.398182e-03,1.189490e-02,1.594166e-02,2.202107e-02,6.519625e-02,2.874698e-03,6.327238e-03,8.685143e-02,9.081339e-03,6.763308e-02,1.046076e-01,4.791614e-01,1.086734e-02,8.988507e-02
2.805874e-02,8.786626e-03,1.102172e-02,1.540973e-02,2.692947e-02,6.540652e-02,2.948785e-03,9.193750e-03,1.172317e-01,2.022398e-02,6.782718e-02,9.664371e-02,4.121156e-01,1.551253e-02,1.026900e-01
2.271134e-02,8.746199e-03,8.271080e-03,1.186170e-02,2.153855e-02,5.391392e-02,2.860762e-03,7.226119e-03,9.107725e-02,2.116073e-02,5.796234e-02,1.142287e-01,4.774310e-01,1.361626e-02,8.739404e-02
1.935883e-02,8.996622e-03,6.089542e-03,8.768313e-03,2.060924e-02,4.848351e-02,3.075893e-03,7.211016e-03,7.858623e-02,1.732481e-02,4.252549e-02,2.030203e-01,4.506545e-01,2.005662e-02,6.523902e-02
1.932850e-02,8.341332e-03,6.497065e-03,6.619658e-03,2.020762e-02,4.231218e-02,6.058572e-03,2.156382e-02,5.969381e-02,1.321426e-02,3.114553e-02,3.184886e-01,3.818187e-01,1.616071e-02,4.854971e-02
2.668389e-02,9.747913e-03,5.182042e-03,5.019451e-03,2.128111e-02,4.222208e-02,4.917614e-03,1.700742e-02,5.152920e-02,9.769942e-03,2.355267e-02,3.870709e-01,3.416765e-01,1.959553e-02,3.474370e-02
2.555804e-02,1.048567e-02,4.575942e-03,3.980588e-03,2.630141e-02,3.439390e-02,4.515403e-03,1.477298e-02,4.285184e-02,7.466587e-03,1.841238e-02,4.854041e-01,2.780542e-01,1.794231e-02,2.528467e-02
2.419183e-02,1.134741e-02,7.078270e-03,3.458847e-03,2.417809e-02,2.792450e-02,4.346621e-03,1.315252e-02,3.662741e-02,6.853725e-03,1.502610e-02,5.341854e-01,2.579045e-01,1.435911e-02,1.936570e-02
2.647461e-02,9.391624e-03,6.254305e-03,2.713032e-03,2.303790e-02,2.177646e-02,5.912898e-03,1.269828e-02,2.783000e-02,5.665075e-03,1.179205e-02,6.198872e-01,2.014025e-01,1.132056e-02,1.384354e-02
2.568746e-02,7.449455e-03,5.094038e-03,1.979209e-03,1.904414e-02,2.045462e-02,6.523718e-03,1.027255e-02,2.051585e-02,4.263598e-03,8.977160e-03,6.233059e-01,2.272076e-01,8.853876e-03,1.037088e-02
2.043936e-02,6.724122e-03,4.533815e-03,1.442647e-03,1.829638e-02,1.648765e-02,6.409727e-03,7.640981e-03,1.658195e-02,3.370766e-03,6.830176e-03,5.598767e-01,3.158488e-01,6.998608e-03,8.518371e-03
1.582765e-02,5.749244e-03,4.731382e-03,1.215581e-03,1.625290e-02,1.583454e-02,5.210390e-03,5.585019e-03,1.358219e-02,3.528540e-03,6.566279e-03,4.281585e-01,4.619829e-01,7.276527e-03,8.498413e-03
1.323795e-02,4.484538e-03,3.871681e-02,1.384050e-03,1.496635e-02,1.366308e-02,5.846770e-03,9.183846e-03,1.042807e-02,4.669323e-03,8.478425e-03,3.406126e-01,5.152287e-01,5.570144e-03,1.352937e-02
1.262234e-02,4.054163e-03,1.954563e-01,1.864285e-03,1.833627e-02,1.125039e-02,7.229416e-03,1.548993e-02,9.435323e-03,4.250445e-03,1.078145e-02,2.639500e-01,4.229110e-01,3.970835e-03,1.839795e-02
1.772313e-02,3.295734e-03,3.321171e-01,8.363010e-03,1.981781e-02,9.425848e-03,8.959565e-03,3.050558e-02,7.780996e-03,4.344862e-03,1.353603e-02,1.857832e-01,3.240087e-01,2.854204e-03,3.148423e-02
1.796978e-02,2.772119e-03,4.758517e-01,2.135501e-02,3.293802e-02,8.511511e-03,9.775999e-03,2.560006e-02,8.300258e-03,3.320065e-03,1.005398e-02,1.302072e-01,2.279321e-01,2.019953e-03,2.339235e-02
1.801934e-02,2.410765e-03,4.823718e-01,8.320828e-02,7.259955e-02,9.480802e-03,8.510597e-03,2.207532e-02,1.344526e-02,2.861348e-03,1.275908e-02,9.194904e-02,1.613760e-01,1.446147e-03,1.748671e-02
1.983519e-02,2.755559e-03,5.440348e-01,9.481356e-02,7.033285e-02,1.252494e-02,7.942173e-03,2.566225e-02,1.274356e-02,2.744339e-03,1.181827e-02,6.541103e-02,1.150802e-01,1.086921e-03,1.321439e-02
3.363868e-02,3.199953e-03,5.848790e-01,7.889376e-02,6.904925e-02,2.635758e-02,6.848468e-03,2.268358e-02,1.179580e-02,4.169218e-03,1.106995e-02,4.758092e-02,8.356392e-02,1.149525e-03,1.512036e-02
4.087986e-02,5.611384e-03,5.579798e-01,6.877562e-02,9.201674e-02,2.300440e-02,6.557948e-03,4.268446e-02,1.481017e-02,1.156429e-02,1.157403e-02,3.470150e-02,6.074202e-02,9.711927e-04,2.812656e-02
4.347432e-02,1.696230e-02,4.395285e-01,6.917051e-02,7.940938e-02,5.232554e-02,6.730365e-03,3.553459e-02,1.530382e-02,8.375107e-02,2.254598e-02,3.144671e-02,5.798856e-02,1.313659e-03,4.451468e-02
3.967805e-02,1.640525e-02,3.147360e-01,5.740641e-02,6.386268e-02,5.808012e-02,8.019038e-03,2.754525e-02,1.608503e-02,1.827427e-01,3.433288e-02,2.662010e-02,4.859475e-02,8.551578e-03,9.734023e-02
2.827133e-02,1.270104e-02,2.218628e-01,4.107928e-02,4.574136e-02,7.446886e-02,8.040519e-03,1.965705e-02,1.300962e-02,2.178577e-01,3.484984e-02,1.945444e-02,4.027190e-02,9.732191e-03,2.130021e-01
2.080856e-02,1.047269e-02,1.559744e-01,2.945885e-02,3.432262e-02,7.291034e-02,7.768163e-03,1.436801e-02,1.134400e-02,2.229306e-01,3.823460e-02,1.415913e-02,3.633885e-02,2.995656e-02,3.009527e-01
1.490952e-02,7.652626e-03,1.093964e-01,2.070538e-02,2.521892e-02,5.336283e-02,5.651263e-03,1.018644e-02,1.445790e-02,1.670069e-01,4.440089e-02,1.024086e-02,2.803869e-02,7.853283e-02,4.102386e-01
1.080039e-02,6.148767e-03,7.690068e-02,1.466152e-02,1.849651e-02,3.958346e-02,3.989703e-03,7.150280e-03,1.457719e-02,1.308406e-01,8.844651e-02,9.510189e-03,2.499925e-02,1.705584e-01,3.833365e-01
7.662954e-03,4.780470e-03,5.398470e-02,1.037783e-02,1.349312e-02,2.884420e-02,2.804548e-03,5.014459e-03,1.991225e-02,1.033333e-01,1.401547e-01,9.219985e-03,2.137196e-02,2.849955e-01,2.940500e-01
5.893747e-03,3.836266e-03,3.815646e-02,7.485264e-03,1.035478e-02,9.316419e-02,2.142646e-03,3.622254e-03,1.669487e-02,7.842023e-02,1.651431e-01,8.051237e-03,1.571065e-02,3.249665e-01,2.263577e-01
4.532509e-03,3.153569e-03,2.735015e-02,5.409583e-03,8.174459e-03,7.908009e-02,1.593582e-03,2.688374e-03,1.436806e-02,6.665830e-02,1.468643e-01,6.761233e-03,1.133168e-02,4.529626e-01,1.690715e-01
3.327727e-03,5.053509e-03,1.953042e-02,4.086273e-03,7.011702e-03,5.728944e-02,1.128881e-03,1.943404e-03,5.282918e-02,6.622155e-02,1.159459e-01,5.286228e-03,8.133640e-03,5.317233e-01,1.204889e-01
2.641787e-03,6.947366e-03,1.547888e-02,3.191794e-03,6.213699e-03,1.092897e-01,8.267447e-04,1.472671e-03,1.078906e-01,4.880002e-02,1.088345e-01,4.390222e-03,6.100942e-03,4.907674e-01,8.715373e-02
2.133090e-03,6.625479e-03,1.202850e-02,2.409713e-03,4.816191e-03,1.425985e-01,6.118016e-04,1.075291e-03,1.302226e-01,3.629629e-02,9.434818e-02,3.573979e-03,4.618916e-03,4.957820e-01,6.285942e-02
2.078793e-03,5.888446e-03,1.188243e-02,2.277091e-03,5.384916e-03,1.068516e-01,5.221640e-04,1.349580e-03,3.119422e-01,2.615231e-02,6.852321e-02,2.618844e-03,3.391831e-03,4.056304e-01,4.550628e-02
2.309770e-03,5.046837e-03,9.169048e-03,1.896722e-03,4.283058e-03,8.784841e-02,3.990836e-04,1.015154e-03,3.965788e-01,1.922386e-02,5.767727e-02,2.059948e-03,2.580934e-03,3.774608e-01,3.245030e-02
2.581170e-03,4.261821e-03,7.552312e-03,2.328522e-03,8.835324e-03,6.304970e-02,3.420852e-04,8.350834e-04,5.411243e-01,1.587392e-02,4.321691e-02,1.482800e-03,1.887053e-03,2.831230e-01,2.350602e-02
2.480711e-03,3.438806e-03,6.520440e-03,5.560915e-03,1.292518e-02,4.508864e-02,3.737932e-04,3.017168e-03,6.211677e-01,1.472600e-02,3.410827e-02,1.217386e-03,1.867600e-03,2.300687e-01,1.743869e-02
4.551382e-03,5.271888e-03,7.685539e-03,1.565013e-02,2.265957e-02,3.334606e-02,4.526893e-04,4.903048e-03,6.118193e-01,2.154961e-02,3.694051e-02,2.281590e-03,2.958996e-03,2.161750e-01,1.375471e-02
6.653117e-03,7.526704e-03,1.385715e-02,3.568459e-02,3.407957e-02,2.675386e-02,7.474144e-04,2.531187e-02,5.676039e-01,2.693912e-02,4.860888e-02,4.656017e-03,6.753420e-03,1.818074e-01,1.301696e-02
6.615463e-03,8.862103e-03,1.284755e-02,3.517821e-02,3.795164e-02,2.080748e-02,5.965095e-04,2.787904e-02,5.844306e-01,3.625807e-02,4.823849e-02,6.032146e-03,8.868733e-03,1.547281e-01,1.070586e-02
1.374047e-02,1.277876e-02,3.436932e-02,9.864919e-02,4.095435e-02,1.753745e-02,6.550841e-04,3.167120e-02,5.127532e-01,3.335661e-02,4.774404e-02,6.445946e-03,1.405091e-02,1.246679e-01,1.062544e-02
2.523328e-02,1.030139e-02,2.672263e-02,7.158402e-02,3.152126e-02,7.962453e-02,5.508864e-03,2.863570e-02,5.209955e-01,4.147835e-02,3.741029e-02,5.256817e-03,1.117899e-02,9.615877e-02,8.389588e-03
3.603287e-02,1.021426e-02,2.276569e-02,5.679560e-02,2.595745e-02,6.750947e-02,6.229768e-03,4.003528e-02,5.526818e-01,4.036712e-02,3.855444e-02,6.752898e-03,1.210549e-02,7.638134e-02,7.616466e-03
4.440453e-02,1.223247e-02,2.070411e-02,4.429448e-02,2.465619e-02,6.763378e-02,5.764190e-03,3.020973e-02,5.221424e-01,5.322519e-02,5.552994e-02,2.628299e-02,1.734933e-02,6.559070e-02,9.979996e-03
5.055189e-02,1.403543e-02,1.656819e-02,3.237515e-02,2.516982e-02,5.286637e-02,8.502882e-03,3.289265e-02,4.456629e-01,1.104522e-01,6.812409e-02,3.958331e-02,1.893662e-02,7.496867e-02,9.309934e-03
6.878425e-02,1.555793e-02,1.404579e-02,2.429774e-02,2.231268e-02,4.385971e-02,5.572373e-02,8.992806e-02,3.455960e-01,1.400928e-01,5.543783e-02,3.252168e-02,1.591958e-02,6.500328e-02,1.091896e-02
8.826491e-02,2.326169e-02,1.309921e-02,2.041523e-02,2.793778e-02,4.425470e-02,8.522083e-02,9.556653e-02,2.704559e-01,1.726330e-01,4.289073e-02,2.721070e-02,1.486243e-02,5.985325e-02,1.407312e-02
9.629815e-02,2.688272e-02,1.377254e-02,1.597458e-02,2.827702e-02,4.718983e-02,1.072346e-01,1.355110e-01,2.308687e-01,1.644364e-01,3.404621e-02,2.240177e-02,1.237828e-02,5.045094e-02,1.427731e-02
1.150031e-01,2.568602e-02,1.169890e-02,1.313962e-02,2.825049e-02,4.600679e-02,1.292857e-01,1.506875e-01,1.827212e-01,1.550976e-01,2.795208e-02,3.574742e-02,1.438015e-02,5.175468e-02,1.258883e-02
1.338798e-01,2.494366e-02,1.284009e-02,1.196701e-02,2.621154e-02,6.240598e-02,1.284391e-01,1.388366e-01,1.470971e-01,1.543529e-01,2.430992e-02,3.687080e-02,1.473346e-02,6.671202e-02,1.640009e-02
1.977518e-01,2.790413e-02,1.166221e-02,1.331119e-02,2.247464e-02,7.994972e-02,1.223648e-01,1.136393e-01,1.339106e-01,1.162467e-01,2.067099e-02,5.106882e-02,2.137361e-02,4.895252e-02,1.871897e-02
3.019154e-01,3.064613e-02,9.752967e-03,1.338272e-02,1.897115e-02,6.788972e-02,1.116590e-01,8.872259e-02,1.199477e-01,8.946435e-02,2.172111e-02,4.664252e-02,1.956525e-02,4.043150e-02,1.928792e-02
4.003301e-01,2.973440e-02,8.054384e-03,1.281997e-02,1.535681e-02,5.483448e-02,1.075742e-01,6.842528e-02,1.012079e-01,6.784520e-02,2.183847e-02,3.875650e-02,2.249173e-02,3.285940e-02,1.787119e-02
4.504610e-01,2.875232e-02,7.443621e-03,1.460438e-02,1.556000e-02,4.742753e-02,9.853026e-02,5.962452e-02,9.659537e-02,5.253854e-02,1.982214e-02,3.454569e-02,2.943650e-02,2.537781e-02,1.928025e-02
4.741638e-01,2.600455e-02,6.864842e-03,1.573773e-02,1.800970e-02,4.602108e-02,1.127846e-01,5.154544e-02,8.324819e-02,3.937695e-02,1.644388e-02,3.014198e-02,4.061001e-02,1.945974e-02,1.958749e-02
4.347337e-01,2.582139e-02,8.676163e-03,2.296535e-02,1.564089e-02,6.058607e-02,8.561752e-02,5.862037e-02,6.869723e-02,7.186743e-02,2.245242e-02,3.835750e-02,4.217543e-02,1.560291e-02,2.818561e-02
3.184303e-01,2.428418e-02,1.535689e-02,2.603566e-02,1.181731e-02,4.758509e-02,7.191921e-02,5.668515e-02,5.424968e-02,1.742688e-01,5.444021e-02,5.027351e-02,5.486568e-02,1.266510e-02,2.712328e-02
2.253466e-01,2.104058e-02,1.987895e-02,2.423401e-02,9.494079e-03,3.674407e-02,7.070589e-02,5.186553e-02,4.174529e-02,2.697296e-01,5.675997e-02,5.806002e-02,7.390243e-02,1.009984e-02,3.039317e-02
1.582918e-01,1.614358e-02,1.585773e-02,1.821327e-02,7.351439e-03,2.811461e-02,7.364149e-02,3.750426e-02,3.203449e-02,3.890970e-01,4.426309e-02,5.196474e-02,8.077362e-02,7.716492e-03,3.903244e-02
1.109768e-01,1.184052e-02,1.231148e-02,1.345297e-02,6.921738e-03,2.035928e-02,5.476531e-02,2.655201e-02,2.451014e-02,4.984868e-01,3.428022e-02,3.862376e-02,8.986561e-02,5.737536e-03,5.131590e-02
7.782497e-02,8.591272e-03,9.974728e-03,9.740147e-03,6.774380e-03,1.450610e-02,3.855871e-02,1.869803e-02,2.048980e-02,4.366015e-01,2.983500e-02,3.074902e-02,1.261063e-01,4.788034e-03,1.667621e-01
5.460043e-02,6.391180e-03,7.499024e-03,7.142799e-03,1.010900e-02,1.047099e-02,2.734511e-02,1.321082e-02,2.129976e-02,4.531440e-01,2.191813e-02,2.499737e-02,1.050774e-01,3.589788e-03,2.332042e-01
3.829980e-02,4.621690e-03,5.614895e-03,5.153317e-03,9.078426e-03,7.506672e-03,1.921488e-02,9.371809e-03,1.831080e-02,4.132707e-01,1.617479e-02,1.857327e-02,8.309965e-02,2.696844e-03,3.490125e-01
2.855073e-02,3.455165e-03,6.181506e-03,3.759505e-03,6.001077e-02,6.331432e-03,1.438284e-02,8.323950e-03,1.936470e-02,4.010887e-01,1.196504e-02,1.385677e-02,7.111166e-02,2.147323e-03,3.494699e-01
2.070691e-02,2.586953e-03,4.897729e-03,2.935000e-03,5.373222e-02,4.949032e-03,1.101325e-02,7.580131e-03,1.591343e-02,3.769615e-01,9.001775e-03,1.034174e-02,9.253673e-02,1.686918e-03,3.851566e-01
1.537068e-02,2.305884e-03,4.289171e-03,3.514633e-03,6.408680e-02,4.372985e-03,8.507459e-03,8.118379e-03,2.656512e-02,3.942465e-01,9.961523e-03,8.562313e-03,1.319619e-01,1.725664e-03,3.164110e-01
1.118941e-02,1.669856e-03,3.998992e-03,2.525810e-03,4.980684e-02,4.120641e-03,5.867607e-02,9.109700e-02,1.978023e-02,3.557639e-01,9.793486e-03,6.859120e-03,1.204554e-01,1.297953e-03,2.629653e-01
8.351949e-03,1.533259e-03,4.470088e-03,1.912015e-03,8.325075e-02,3.956810e-03,9.028286e-02,1.075798e-01,1.784358e-02,3.581403e-01,8.160726e-03,5.080782e-03,1.090062e-01,1.051143e-03,1.993797e-01
1.387576e-02,2.523082e-03,1.119997e-02,2.071836e-03,1.336979e-01,5.129091e-03,8.075446e-02,1.143732e-01,1.588142e-02,3.579397e-01,6.013202e-03,3.708974e-03,1.051225e-01,8.550364e-04,1.468538e-01
1.097338e-02,2.157193e-03,8.450059e-03,1.826838e-03,1.058971e-01,3.937848e-03,6.260619e-02,3.135818e-01,1.190529e-02,2.777403e-01,4.589019e-03,2.674956e-03,8.148558e-02,6.348433e-04,1.115396e-01
1.490088e-02,5.506420e-03,8.394504e-03,1.500603e-02,1.457741e-01,5.007618e-03,5.036346e-02,3.132628e-01,3.702545e-02,2.464255e-01,5.409383e-03,2.317578e-03,6.948931e-02,5.457532e-04,8.057112e-02
1.558063e-02,7.119434e-03,8.883133e-03,4.064709e-02,1.735778e-01,8.334065e-03,5.300982e-02,2.567086e-01,1.243469e-01,1.916670e-01,6.426779e-03,2.011893e-03,5.401986e-02,4.379938e-04,5.722902e-02
1.703634e-02,7.123165e-03,1.056908e-02,6.407133e-02,1.931361e-01,1.053907e-02,5.459176e-02,2.046273e-01,2.033899e-01,1.476518e-01,5.256516e-03,1.744972e-03,3.896398e-02,3.463295e-04,4.095235e-02
1.680367e-02,1.645201e-02,9.158181e-03,7.266459e-02,1.500951e-01,1.735892e-02,3.957727e-02,1.483057e-01,3.485935e-01,1.110585e-01,6.085394e-03,1.475373e-03,2.794600e-02,2.765466e-04,3.414921e-02
1.940589e-02,1.382931e-02,7.117955e-03,6.333473e-02,1.426592e-01,3.967161e-02,3.008936e-02,1.173635e-01,4.339204e-01,7.945709e-02,4.862173e-03,1.178725e-03,2.174057e-02,2.894114e-04,2.508007e-02
3.275377e-02,1.968904e-02,5.706239e-03,5.930144e-02,1.277391e-01,4.522141e-02,2.238828e-02,9.364324e-02,4.915978e-01,5.889370e-02,3.805565e-03,1.166722e-03,1.779132e-02,3.455035e-04,1.995683e-02
3.703507e-02,2.006342e-02,5.589072e-03,1.348963e-01,1.122483e-01,3.534856e-02,1.685004e-02,1.250454e-01,4.272096e-01,4.670281e-02,3.224585e-03,1.302114e-03,1.301712e-02,3.179972e-04,2.114963e-02
3.842722e-02,2.005478e-02,4.457310e-03,1.082343e-01,1.168801e-01,2.929180e-02,1.288856e-02,2.233494e-01,3.827293e-01,3.377140e-02,2.528228e-03,1.099170e-03,9.517661e-03,2.704151e-04,1.650043e-02
4.452682e-02,2.015183e-02,4.431156e-03,8.506557e-02,1.076559e-01,2.458074e-02,1.052035e-02,3.489183e-01,3.061250e-01,2.522963e-02,2.051841e-03,1.002031e-03,7.175011e-03,2.315130e-04,1.233427e-02
4.386961e-02,2.199481e-02,6.571647e-03,6.737100e-02,8.930412e-02,2.054743e-02,9.634303e-03,4.641771e-01,2.377030e-01,1.929562e-02,1.763913e-03,1.046796e-03,5.511716e-03,2.083177e-04,1.100059e-02
4.381493e-02,2.232994e-02,7.950965e-03,5.239572e-02,7.134840e-02,1.813864e-02,4.070895e-02,5.198882e-01,1.865505e-01,1.485508e-02,1.580521e-03,1.326497e-03,6.698878e-03,1.944842e-04,1.221827e-02
4.462383e-02,2.483856e-02,1.086920e-02,4.217337e-02,5.408400e-02,1.886418e-02,1.720575e-01,4.478987e-01,1.359533e-01,1.154941e-02,1.467958e-03,1.534782e-03,2.195323e-02,1.853356e-04,1.194668e-02
5.021750e-02,2.940360e-02,1.276913e-02,3.533170e-02,4.320402e-02,2.424159e-02,2.932640e-01,3.632261e-01,9.815125e-02,1.032272e-02,1.598992e-03,1.893729e-03,2.258855e-02,2.820806e-04,1.350495e-02
5.088944e-02,2.975633e-02,1.476948e-02,3.145513e-02,3.516324e-02,9.441644e-02,2.996148e-01,2.690364e-01,7.257728e-02,1.441209e-02,4.492516e-03,1.058891e-02,5.199073e-02,5.698248e-04,2.026742e-02
3.666873e-02,2.430892e-02,1.322903e-02,2.954316e-02,2.717630e-02,1.058680e-01,3.253682e-01,1.895756e-01,5.412436e-02,1.249456e-02,4.188695e-03,8.413753e-03,1.523940e-01,4.076005e-04,1.623909e-02
2.713741e-02,1.885592e-02,1.172257e-02,2.590080e-02,2.023031e-02,8.718257e-02,3.136475e-01,1.331131e-01,4.833712e-02,1.132971e-02,4.093865e-03,1.493973e-02,2.686343e-01,5.006941e-04,1.437433e-02
2.203443e-02,1.475563e-02,1.590144e-02,2.327920e-02,1.649463e-02,7.613642e-02,2.660030e-01,9.376396e-02,5.167285e-02,8.818131e-03,5.999409e-03,7.640802e-02,3.055018e-01,1.022625e-03,2.220838e-02
1.624492e-02,1.181824e-02,1.591435e-02,1.848667e-02,1.304616e-02,5.902088e-02,1.900685e-01,6.577501e-02,5.247521e-02,6.652515e-03,9.025387e-03,1.659502e-01,3.414089e-01,1.098358e-03,3.301471e-02
1.175294e-02,8.629074e-03,1.397703e-02,1.330344e-02,9.900895e-03,4.523412e-02,1.511801e-01,4.623133e-02,4.177995e-02,5.029630e-03,1.078532e-02,2.838435e-01,3.209407e-01,1.033167e-03,3.637887e-02
8.702249e-03,6.857304e-03,1.265805e-02,9.559016e-03,7.213179e-03,3.625029e-02,1.285190e-01,3.255552e-02,3.218934e-02,4.085589e-03,1.023767e-02,3.520308e-01,3.172429e-01,1.002080e-03,4.089705e-02
6.454663e-03,7.641037e-03,1.356507e-02,7.116219e-03,6.411966e-03,2.844635e-02,9.524413e-02,2.289147e-02,2.891857e-02,5.516982e-03,9.024499e-03,3.267165e-01,3.816166e-01,1.022690e-03,5.941327e-02
4.614182e-03,5.842375e-03,1.176181e-02,5.058174e-03,5.778711e-03,2.037969e-02,9.245972e-02,1.614330e-02,2.192679e-02,5.723979e-03,6.886245e-03,3.648710e-01,3.641021e-01,9.228855e-04,7.352906e-02
3.290464e-03,5.549267e-03,1.203415e-02,3.639342e-03,5.418409e-03,1.453480e-02,7.506696e-02,1.141296e-02,1.717065e-02,7.589495e-03,5.234448e-03,3.545119e-01,3.836825e-01,8.545834e-04,1.000100e-01
2.350850e-03,4.552645e-03,1.489518e-02,2.640805e-03,4.726005e-03,1.045871e-02,5.455093e-02,8.381573e-03,1.253956e-02,8.810733e-03,3.836197e-03,2.760174e-01,4.450433e-01,7.834786e-04,1.504126e-01
1.667297e-03,3.359972e-03,1.238747e-02,1.923414e-03,3.523991e-03,7.645759e-03,3.858240e-02,5.944636e-03,8.980151e-03,1.277360e-02,2.972726e-03,1.997023e-01,5.511451e-01,7.487088e-04,1.486425e-01
1.226106e-03,2.546810e-03,1.569776e-02,1.630453e-03,4.154363e-03,5.562006e-03,2.805360e-02,4.494143e-03,6.768149e-03,1.144879e-02,2.510256e-03,1.483152e-01,4.452471e-01,6.856425e-04,3.216596e-01
9.162119e-04,1.879491e-03,1.425698e-02,1.308464e-03,3.431440e-03,4.112463e-03,2.133912e-02,3.555821e-03,5.393801e-03,2.580549e-02,2.076385e-03,1.063306e-01,3.244466e-01,5.659984e-04,4.845811e-01
6.989464e-04,1.415513e-03,1.265981e-02,9.722423e-04,4.540495e-02,2.904540e-03,2.090846e-02,2.683823e-03,4.692293e-03,2.023845e-02,1.769751e-03,7.606407e-02,2.297889e-01,4.556809e-04,5.793426e-01
6.958529e-04,1.020743e-03,9.270142e-03,8.304288e-04,1.130563e-01,2.097872e-03,1.723213e-02,1.984255e-03,4.663778e-03,1.656491e-02,1.391418e-03,5.331951e-02,1.612321e-01,4.016756e-04,6.162389e-01
1.196872e-03,8.356338e-04,9.937505e-03,2.363936e-03,2.109556e-01,2.128042e-03,1.728277e-02,1.898449e-03,8.551343e-03,1.931519e-02,1.118467e-03,3.739152e-02,1.132423e-01,3.749940e-04,5.734074e-01
2.401161e-03,8.848690e-04,1.410129e-02,4.241712e-03,3.394038e-01,4.848779e-03,1.708980e-02,2.769134e-03,1.314776e-02,2.206213e-02,1.144480e-03,2.629100e-02,7.999596e-02,3.291936e-04,4.712889e-01
4.307904e-03,1.176318e-03,2.180892e-02,6.676949e-03,3.602386e-01,3.988695e-02,1.636708e-02,3.641576e-03,1.818608e-02,1.073407e-01,2.924186e-03,1.919128e-02,5.835912e-02,4.037580e-04,3.394905e-01
6.260360e-03,2.337561e-03,4.146055e-02,1.347868e-02,3.455974e-01,3.579480e-02,1.653755e-02,6.200296e-03,1.870278e-02,1.873670e-01,4.751070e-03,1.463951e-02,4.460285e-02,3.793735e-04,2.618902e-01
1.284928e-02,4.478043e-03,3.868106e-02,1.278490e-02,3.134530e-01,2.957984e-02,1.479539e-02,1.442860e-02,2.669693e-02,2.710068e-01,4.846666e-03,1.072400e-02,3.367007e-02,4.668265e-04,2.115386e-01
1.226981e-02,6.455850e-03,3.099640e-02,1.093209e-02,2.387148e-01,2.471142e-02,1.082047e-02,1.291293e-02,2.941265e-02,4.189559e-01,6.834352e-03,7.788745e-03,2.627761e-02,6.955565e-04,1.622215e-01
1.189480e-02,9.014869e-03,2.281130e-02,8.445254e-03,1.710174e-01,2.316223e-02,7.756339e-03,1.123422e-02,2.381796e-02,5.508518e-01,5.952889e-03,5.669108e-03,2.119055e-02,1.180012e-03,1.260013e-01
1.097313e-02,1.536188e-02,1.644900e-02,6.954342e-03,1.259828e-01,1.783278e-02,5.767595e-03,2.138805e-02,2.507013e-02,6.318340e-01,5.458924e-03,4.228943e-03,1.866423e-02,1.036386e-03,9.299777e-02
1.082810e-02,3.896384e-02,1.334082e-02,1.306328e-02,9.173466e-02,1.392059e-02,4.329337e-03,2.527772e-02,4.900099e-02,6.392960e-01,6.633560e-03,4.296913e-03,1.569603e-02,1.161412e-03,7.245672e-02
1.601170e-02,4.728250e-02,9.905526e-03,1.127795e-02,6.596408e-02,1.249036e-02,3.100955e-03,3.021747e-02,5.456565e-02,6.442722e-01,1.323547e-02,4.327711e-03,1.653776e-02,3.221665e-03,6.758896e-02
2.021946e-02,4.300866e-02,8.288048e-03,1.532661e-02,4.813201e-02,2.005191e-02,2.357354e-03,3.506316e-02,6.593400e-02,6.135762e-01,1.754904e-02,8.049738e-03,2.764618e-02,6.059422e-03,6.873812e-02
2.605914e-02,3.889540e-02,6.606148e-03,1.145707e-02,3.548032e-02,1.683374e-02,1.837349e-03,2.583942e-02,8.545429e-02,4.520284e-01,2.541483e-02,6.507661e-03,2.310042e-02,8.398112e-03,2.360876e-01
2.286380e-02,4.928573e-02,7.585688e-03,9.319295e-03,2.558534e-02,1.432122e-02,1.371224e-03,1.914643e-02,1.209118e-01,3.252252e-01,2.113478e-02,5.289503e-03,1.802598e-02,8.920785e-03,3.510132e-01
1.825555e-02,4.183177e-02,7.331728e-03,6.757048e-03,1.831970e-02,1.318060e-02,1.027314e-03,1.393656e-02,9.406578e-02,2.294682e-01,1.670540e-02,3.858114e-03,1.340583e-02,1.052884e-02,5.113276e-01
2.202179e-02,3.143178e-02,7.288762e-03,4.884313e-03,1.360708e-02,1.068680e-02,7.763708e-04,9.825060e-03,6.858761e-02,1.632789e-01,1.312221e-02,2.779438e-03,9.921355e-03,1.851038e-02,6.232781e-01
1.816164e-02,2.299443e-02,5.529185e-03,3.446984e-03,1.030647e-02,7.780971e-03,5.707377e-04,6.909487e-03,5.621607e-02,1.150987e-01,1.024454e-02,1.976774e-03,7.148794e-03,2.146029e-02,7.121549e-01
1.415001e-02,1.783882e-02,4.048617e-03,2.434862e-03,7.505682e-03,6.236137e-03,4.103993e-04,4.844395e-03,4.926595e-02,8.226856e-02,8.484111e-03,1.406728e-03,5.352709e-03,2.364636e-02,7.721066e-01
1.071979e-02,1.561983e-02,3.146984e-03,1.773777e-03,5.449877e-03,7.087911e-03,3.288956e-04,3.434690e-03,6.217708e-02,6.359457e-02,6.580179e-03,1.091726e-03,4.798932e-03,2.757519e-02,7.866206e-01
8.880096e-03,1.195665e-02,2.511168e-03,1.269840e-03,3.960824e-03,5.668642e-03,2.532059e-04,2.445258e-03,5.011656e-02,4.608956e-02,4.884972e-03,7.869359e-04,3.795320e-03,3.028819e-02,8.270928e-01
6.955313e-03,9.003587e-03,1.809240e-03,8.967273e-04,2.827541e-03,4.421455e-03,1.793039e-04,1.712988e-03,4.024347e-02,3.250447e-02,3.887837e-03,5.564935e-04,2.725330e-03,2.758145e-02,8.646948e-01
5.565920e-03,6.872081e-03,1.475020e-03,6.414950e-04,2.028146e-03,3.320839e-03,1.279414e-04,1.205360e-03,4.307271e-02,2.339834e-02,3.546945e-03,3.969855e-04,2.009841e-03,2.365582e-02,8.826826e-01
