1.000000e+00,0.000000e+00,0.000000e+00,0.000000e+00,0.000000e+00,0.000000e+00,0.000000e+00,0.000000e+00,0.000000e+00,0.000000e+00,0.000000e+00,0.000000e+00,0.000000e+00,0.000000e+00,0.000000e+00
1.000000e+00,0.000000e+00,0.000000e+00,0.000000e+00,0.000000e+00,0.000000e+00,0.000000e+00,0.000000e+00,0.000000e+00,0.000000e+00,0.000000e+00,0.000000e+00,0.000000e+00,0.000000e+00,0.000000e+00
1.000000e+00,0.000000e+00,0.000000e+00,0.000000e+00,0.000000e+00,0.000000e+00,0.000000e+00,0.000000e+00,0.000000e+00,0.000000e+00,0.000000e+00,0.000000e+00,0.000000e+00,0.000000e+00,0.000000e+00
1.000000e+00,0.000000e+00,0.000000e+00,0.000000e+00,0.000000e+00,0.000000e+00,0.000000e+00,0.000000e+00,0.000000e+00,0.000000e+00,0.000000e+00,0.000000e+00,0.000000e+00,0.000000e+00,0.000000e+00
1.000000e+00,0.000000e+00,0.000000e+00,0.000000e+00,0.000000e+00,0.000000e+00,0.000000e+00,0.000000e+00,0.000000e+00,0.000000e+00,0.000000e+00,0.000000e+00,0.000000e+00,0.000000e+00,0.000000e+00
1.000000e+00,0.000000e+00,0.000000e+00,0.000000e+00,0.000000e+00,0.000000e+00,0.000000e+00,0.000000e+00,0.000000e+00,0.000000e+00,0.000000e+00,0.000000e+00,0.000000e+00,0.000000e+00,0.000000e+00
1.000000e+00,0.000000e+00,0.000000e+00,0.000000e+00,0.000000e+00,0.000000e+00,0.000000e+00,0.000000e+00,0.000000e+00,0.000000e+00,0.000000e+00,0.000000e+00,0.000000e+00,0.000000e+00,0.000000e+00
1.000000e+00,0.000000e+00,0.000000e+00,0.000000e+00,0.000000e+00,0.000000e+00,0.000000e+00,0.000000e+00,0.000000e+00,0.000000e+00,0.000000e+00,0.000000e+00,0.000000e+00,0.000000e+00,0.000000e+00
1.000000e+00,0.000000e+00,0.000000e+00,0.000000e+00,0.000000e+00,0.000000e+00,0.000000e+00,0.000000e+00,0.000000e+00,0.000000e+00,0.000000e+00,0.000000e+00,0.000000e+00,0.000000e+00,0.000000e+00
1.000000e+00,0.000000e+00,0.000000e+00,0.000000e+00,0.000000e+00,0.000000e+00,0.000000e+00,0.000000e+00,0.000000e+00,0.000000e+00,0.000000e+00,0.000000e+00,0.000000e+00,0.000000e+00,0.000000e+00
1.000000e+00,0.000000e+00,0.000000e+00,0.000000e+00,0.000000e+00,0.000000e+00,0.000000e+00,0.000000e+00,0.000000e+00,0.000000e+00,0.000000e+00,0.000000e+00,0.000000e+00,0.000000e+00,0.000000e+00
1.000000e+00,0.000000e+00,0.000000e+00,0.000000e+00,0.000000e+00,0.000000e+00,0.000000e+00,0.000000e+00,0.000000e+00,0.000000e+00,0.000000e+00,0.000000e+00,0.000000e+00,0.000000e+00,0.000000e+00
1.000000e+00,0.000000e+00,0.000000e+00,0.000000e+00,0.000000e+00,0.000000e+00,0.000000e+00,0.000000e+00,0.000000e+00,0.000000e+00,0.000000e+00,0.000000e+00,0.000000e+00,0.000000e+00,0.000000e+00
1.000000e+00,0.000000e+00,0.000000e+00,0.000000e+00,0.000000e+00,0.000000e+00,0.000000e+00,0.000000e+00,0.000000e+00,0.000000e+00,0.000000e+00,0.000000e+00,0.000000e+00,0.000000e+00,0.000000e+00
4.809501e-01,2.718373e-02,1.659170e-01,1.499209e-01,1.671586e-02,1.824513e-02,5.048353e-03,2.341331e-02,7.714301e-03,2.439004e-03,1.314875e-02,4.063370e-02,2.110825e-02,2.742837e-03,2.481882e-02
4.688336e-01,2.463932e-02,2.020911e-01,1.521180e-01,1.414956e-02,1.604530e-02,4.526855e-03,2.428404e-02,6.807901e-03,2.135083e-03,1.171276e-02,3.171274e-02,1.770967e-02,2.333438e-03,2.090056e-02
1.000000e+00,0.000000e+00,0.000000e+00,0.000000e+00,0.000000e+00,0.000000e+00,0.000000e+00,0.000000e+00,0.000000e+00,0.000000e+00,0.000000e+00,0.000000e+00,0.000000e+00,0.000000e+00,0.000000e+00
1.000000e+00,0.000000e+00,0.000000e+00,0.000000e+00,0.000000e+00,0.000000e+00,0.000000e+00,0.000000e+00,0.000000e+00,0.000000e+00,0.000000e+00,0.000000e+00,0.000000e+00,0.000000e+00,0.000000e+00
1.000000e+00,0.000000e+00,0.000000e+00,0.000000e+00,0.000000e+00,0.000000e+00,0.000000e+00,0.000000e+00,0.000000e+00,0.000000e+00,0.000000e+00,0.000000e+00,0.000000e+00,0.000000e+00,0.000000e+00
1.000000e+00,0.000000e+00,0.000000e+00,0.000000e+00,0.000000e+00,0.000000e+00,0.000000e+00,0.000000e+00,0.000000e+00,0.000000e+00,0.000000e+00,0.000000e+00,0.000000e+00,0.000000e+00,0.000000e+00
1.000000e+00,0.000000e+00,0.000000e+00,0.000000e+00,0.000000e+00,0.000000e+00,0.000000e+00,0.000000e+00,0.000000e+00,0.000000e+00,0.000000e+00,0.000000e+00,0.000000e+00,0.000000e+00,0.000000e+00
1.000000e+00,0.000000e+00,0.000000e+00,0.000000e+00,0.000000e+00,0.000000e+00,0.000000e+00,0.000000e+00,0.000000e+00,0.000000e+00,0.000000e+00,0.000000e+00,0.000000e+00,0.000000e+00,0.000000e+00
1.000000e+00,0.000000e+00,0.000000e+00,0.000000e+00,0.000000e+00,0.000000e+00,0.000000e+00,0.000000e+00,0.000000e+00,0.000000e+00,0.000000e+00,0.000000e+00,0.000000e+00,0.000000e+00,0.000000e+00
1.000000e+00,0.000000e+00,0.000000e+00,0.000000e+00,0.000000e+00,0.000000e+00,0.000000e+00,0.000000e+00,0.000000e+00,0.000000e+00,0.000000e+00,0.000000e+00,0.000000e+00,0.000000e+00,0.000000e+00
1.000000e+00,0.000000e+00,0.000000e+00,0.000000e+00,0.000000e+00,0.000000e+00,0.000000e+00,0.000000e+00,0.000000e+00,0.000000e+00,0.000000e+00,0.000000e+00,0.000000e+00,0.000000e+00,0.000000e+00
1.000000e+00,0.000000e+00,0.000000e+00,0.000000e+00,0.000000e+00,0.000000e+00,0.000000e+00,0.000000e+00,0.000000e+00,0.000000e+00,0.000000e+00,0.000000e+00,0.000000e+00,0.000000e+00,0.000000e+00
1.000000e+00,0.000000e+00,0.000000e+00,0.000000e+00,0.000000e+00,0.000000e+00,0.000000e+00,0.000000e+00,0.000000e+00,0.000000e+00,0.000000e+00,0.000000e+00,0.000000e+00,0.000000e+00,0.000000e+00
1.000000e+00,0.000000e+00,0.000000e+00,0.000000e+00,0.000000e+00,0.000000e+00,0.000000e+00,0.000000e+00,0.000000e+00,0.000000e+00,0.000000e+00,0.000000e+00,0.000000e+00,0.000000e+00,0.000000e+00
1.000000e+00,0.000000e+00,0.000000e+00,0.000000e+00,0.000000e+00,0.000000e+00,0.000000e+00,0.000000e+00,0.000000e+00,0.000000e+00,0.000000e+00,0.000000e+00,0.000000e+00,0.000000e+00,0.000000e+00
1.000000e+00,0.000000e+00,0.000000e+00,0.000000e+00,0.000000e+00,0.000000e+00,0.000000e+00,0.000000e+00,0.000000e+00,0.000000e+00,0.000000e+00,0.000000e+00,0.000000e+00,0.000000e+00,0.000000e+00
1.000000e+00,0.000000e+00,0.000000e+00,0.000000e+00,0.000000e+00,0.000000e+00,0.000000e+00,0.000000e+00,0.000000e+00,0.000000e+00,0.000000e+00,0.000000e+00,0.000000e+00,0.000000e+00,0.000000e+00
1.000000e+00,0.000000e+00,0.000000e+00,0.000000e+00,0.000000e+00,0.000000e+00,0.000000e+00,0.000000e+00,0.000000e+00,0.000000e+00,0.000000e+00,0.000000e+00,0.000000e+00,0.000000e+00,0.000000e+00
1.000000e+00,0.000000e+00,0.000000e+00,0.000000e+00,0.000000e+00,0.000000e+00,0.000000e+00,0.000000e+00,0.000000e+00,0.000000e+00,0.000000e+00,0.000000e+00,0.000000e+00,0.000000e+00,0.000000e+00
1.000000e+00,0.000000e+00,0.000000e+00,0.000000e+00,0.000000e+00,0.000000e+00,0.000000e+00,0.000000e+00,0.000000e+00,0.000000e+00,0.000000e+00,0.000000e+00,0.000000e+00,0.000000e+00,0.000000e+00
1.000000e+00,0.000000e+00,0.000000e+00,0.000000e+00,0.000000e+00,0.000000e+00,0.000000e+00,0.000000e+00,0.000000e+00,0.000000e+00,0.000000e+00,0.000000e+00,0.000000e+00,0.000000e+00,0.000000e+00
1.000000e+00,0.000000e+00,0.000000e+00,0.000000e+00,0.000000e+00,0.000000e+00,0.000000e+00,0.000000e+00,0.000000e+00,0.000000e+00,0.000000e+00,0.000000e+00,0.000000e+00,0.000000e+00,0.000000e+00
1.000000e+00,0.000000e+00,0.000000e+00,0.000000e+00,0.000000e+00,0.000000e+00,0.000000e+00,0.000000e+00,0.000000e+00,0.000000e+00,0.000000e+00,0.000000e+00,0.000000e+00,0.000000e+00,0.000000e+00
1.000000e+00,0.000000e+00,0.000000e+00,0.000000e+00,0.000000e+00,0.000000e+00,0.000000e+00,0.000000e+00,0.000000e+00,0.000000e+00,0.000000e+00,0.000000e+00,0.000000e+00,0.000000e+00,0.000000e+00
1.000000e+00,0.000000e+00,0.000000e+00,0.000000e+00,0.000000e+00,0.000000e+00,0.000000e+00,0.000000e+00,0.000000e+00,0.000000e+00,0.000000e+00,0.000000e+00,0.000000e+00,0.000000e+00,0.000000e+00
1.000000e+00,0.000000e+00,0.000000e+00,0.000000e+00,0.000000e+00,0.000000e+00,0.000000e+00,0.000000e+00,0.000000e+00,0.000000e+00,0.000000e+00,0.000000e+00,0.000000e+00,0.000000e+00,0.000000e+00
1.000000e+00,0.000000e+00,0.000000e+00,0.000000e+00,0.000000e+00,0.000000e+00,0.000000e+00,0.000000e+00,0.000000e+00,0.000000e+00,0.000000e+00,0.000000e+00,0.000000e+00,0.000000e+00,0.000000e+00
1.000000e+00,0.000000e+00,0.000000e+00,0.000000e+00,0.000000e+00,0.000000e+00,0.000000e+00,0.000000e+00,0.000000e+00,0.000000e+00,0.000000e+00,0.000000e+00,0.000000e+00,0.000000e+00,0.000000e+00
1.000000e+00,0.000000e+00,0.000000e+00,0.000000e+00,0.000000e+00,0.000000e+00,0.000000e+00,0.000000e+00,0.000000e+00,0.000000e+00,0.000000e+00,0.000000e+00,0.000000e+00,0.000000e+00,0.000000e+00
1.000000e+00,0.000000e+00,0.000000e+00,0.000000e+00,0.000000e+00,0.000000e+00,0.000000e+00,0.000000e+00,0.000000e+00,0.000000e+00,0.000000e+00,0.000000e+00,0.000000e+00,0.000000e+00,0.000000e+00
1.000000e+00,0.000000e+00,0.000000e+00,0.000000e+00,0.000000e+00,0.000000e+00,0.000000e+00,0.000000e+00,0.000000e+00,0.000000e+00,0.000000e+00,0.000000e+00,0.000000e+00,0.000000e+00,0.000000e+00
1.000000e+00,0.000000e+00,0.000000e+00,0.000000e+00,0.000000e+00,0.000000e+00,0.000000e+00,0.000000e+00,0.000000e+00,0.000000e+00,0.000000e+00,0.000000e+00,0.000000e+00,0.000000e+00,0.000000e+00
1.000000e+00,0.000000e+00,0.000000e+00,0.000000e+00,0.000000e+00,0.000000e+00,0.000000e+00,0.000000e+00,0.000000e+00,0.000000e+00,0.000000e+00,0.000000e+00,0.000000e+00,0.000000e+00,0.000000e+00
1.000000e+00,0.000000e+00,0.000000e+00,0.000000e+00,0.000000e+00,0.000000e+00,0.000000e+00,0.000000e+00,0.000000e+00,0.000000e+00,0.000000e+00,0.000000e+00,0.000000e+00,0.000000e+00,0.000000e+00
1.000000e+00,0.000000e+00,0.000000e+00,0.000000e+00,0.000000e+00,0.000000e+00,0.000000e+00,0.000000e+00,0.000000e+00,0.000000e+00,0.000000e+00,0.000000e+00,0.000000e+00,0.000000e+00,0.000000e+00
1.000000e+00,0.000000e+00,0.000000e+00,0.000000e+00,0.000000e+00,0.000000e+00,0.000000e+00,0.000000e+00,0.000000e+00,0.000000e+00,0.000000e+00,0.000000e+00,0.000000e+00,0.000000e+00,0.000000e+00
1.000000e+00,0.000000e+00,0.000000e+00,0.000000e+00,0.000000e+00,0.000000e+00,0.000000e+00,0.000000e+00,0.000000e+00,0.000000e+00,0.000000e+00,0.000000e+00,0.000000e+00,0.000000e+00,0.000000e+00
1.000000e+00,0.000000e+00,0.000000e+00,0.000000e+00,0.000000e+00,0.000000e+00,0.000000e+00,0.000000e+00,0.000000e+00,0.000000e+00,0.000000e+00,0.000000e+00,0.000000e+00,0.000000e+00,0.000000e+00
1.000000e+00,0.000000e+00,0.000000e+00,0.000000e+00,0.000000e+00,0.000000e+00,0.000000e+00,0.000000e+00,0.000000e+00,0.000000e+00,0.000000e+00,0.000000e+00,0.000000e+00,0.000000e+00,0.000000e+00
1.000000e+00,0.000000e+00,0.000000e+00,0.000000e+00,0.000000e+00,0.000000e+00,0.000000e+00,0.000000e+00,0.000000e+00,0.000000e+00,0.000000e+00,0.000000e+00,0.000000e+00,0.000000e+00,0.000000e+00
1.000000e+00,0.000000e+00,0.000000e+00,0.000000e+00,0.000000e+00,0.000000e+00,0.000000e+00,0.000000e+00,0.000000e+00,0.000000e+00,0.000000e+00,0.000000e+00,0.000000e+00,0.000000e+00,0.000000e+00
1.000000e+00,0.000000e+00,0.000000e+00,0.000000e+00,0.000000e+00,0.000000e+00,0.000000e+00,0.000000e+00,0.000000e+00,0.000000e+00,0.000000e+00,0.000000e+00,0.000000e+00,0.000000e+00,0.000000e+00
1.000000e+00,0.000000e+00,0.000000e+00,0.000000e+00,0.000000e+00,0.000000e+00,0.000000e+00,0.000000e+00,0.000000e+00,0.000000e+00,0.000000e+00,0.000000e+00,0.000000e+00,0.000000e+00,0.000000e+00
1.000000e+00,0.000000e+00,0.000000e+00,0.000000e+00,0.000000e+00,0.000000e+00,0.000000e+00,0.000000e+00,0.000000e+00,0.000000e+00,0.000000e+00,0.000000e+00,0.000000e+00,0.000000e+00,0.000000e+00
1.000000e+00,0.000000e+00,0.000000e+00,0.000000e+00,0.000000e+00,0.000000e+00,0.000000e+00,0.000000e+00,0.000000e+00,0.000000e+00,0.000000e+00,0.000000e+00,0.000000e+00,0.000000e+00,0.000000e+00
1.000000e+00,0.000000e+00,0.000000e+00,0.000000e+00,0.000000e+00,0.000000e+00,0.000000e+00,0.000000e+00,0.000000e+00,0.000000e+00,0.000000e+00,0.000000e+00,0.000000e+00,0.000000e+00,0.000000e+00
1.000000e+00,0.000000e+00,0.000000e+00,0.000000e+00,0.000000e+00,0.000000e+00,0.000000e+00,0.000000e+00,0.000000e+00,0.000000e+00,0.000000e+00,0.000000e+00,0.000000e+00,0.000000e+00,0.000000e+00
1.000000e+00,0.000000e+00,0.000000e+00,0.000000e+00,0.000000e+00,0.000000e+00,0.000000e+00,0.000000e+00,0.000000e+00,0.000000e+00,0.000000e+00,0.000000e+00,0.000000e+00,0.000000e+00,0.000000e+00
1.000000e+00,0.000000e+00,0.000000e+00,0.000000e+00,0.000000e+00,0.000000e+00,0.000000e+00,0.000000e+00,0.000000e+00,0.000000e+00,0.000000e+00,0.000000e+00,0.000000e+00,0.000000e+00,0.000000e+00
1.000000e+00,0.000000e+00,0.000000e+00,0.000000e+00,0.000000e+00,0.000000e+00,0.000000e+00,0.000000e+00,0.000000e+00,0.000000e+00,0.000000e+00,0.000000e+00,0.000000e+00,0.000000e+00,0.000000e+00
3.557175e-01,1.837397e-02,3.196768e-03,1.348818e-01,2.599907e-02,1.432468e-01,6.897123e-03,5.983896e-03,3.382659e-03,1.572746e-03,7.765057e-03,2.897678e-02,2.564784e-01,9.529763e-04,6.574460e-03
2.490317e-01,1.301783e-02,2.337824e-03,9.562875e-02,1.837642e-02,1.004574e-01,4.843358e-03,4.198596e-03,2.403228e-03,1.125619e-03,5.677379e-03,1.310557e-01,3.664136e-01,6.739700e-04,4.758602e-03
1.743446e-01,9.215857e-03,1.749702e-03,6.729249e-02,1.320665e-02,7.052454e-02,3.406414e-03,2.958869e-03,1.805675e-03,8.266782e-04,4.095597e-03,1.744090e-01,4.722283e-01,4.825855e-04,3.452961e-03
1.222246e-01,6.632041e-03,1.295376e-03,4.717882e-02,9.646828e-03,5.064566e-02,2.466103e-03,2.128646e-03,1.781464e-03,6.739029e-04,2.980988e-03,2.151961e-01,5.342233e-01,3.744249e-04,2.551660e-03
8.564432e-02,4.761383e-03,1.001507e-03,3.305511e-02,8.296769e-03,3.633038e-02,1.792951e-03,1.586553e-03,2.032527e-03,5.370945e-04,2.397267e-03,1.908679e-01,6.294541e-01,2.758674e-04,1.966279e-03
6.095542e-02,3.425893e-03,4.233236e-03,2.335418e-02,7.012106e-03,3.070609e-02,2.087024e-03,1.201212e-02,1.585348e-03,5.553868e-04,2.924971e-03,2.052272e-01,6.440978e-01,2.207301e-04,1.602453e-03
4.341385e-02,2.460723e-03,3.793708e-03,1.670495e-02,6.552825e-03,1.991608e-01,2.303869e-03,1.139207e-02,1.912392e-03,6.028634e-04,2.796312e-03,2.179237e-01,4.895067e-01,1.726375e-04,1.302618e-03
3.344320e-02,2.690875e-03,7.457688e-03,1.206303e-02,9.416679e-03,1.955594e-01,1.853498e-03,9.787675e-03,5.544031e-03,1.891536e-03,3.560457e-03,2.941797e-01,4.211608e-01,1.810009e-04,1.210353e-03
2.504721e-02,1.953993e-03,6.580475e-03,8.744352e-03,1.170142e-02,1.536316e-01,2.019688e-03,1.054395e-02,6.368116e-03,2.382828e-03,4.215782e-03,3.898348e-01,3.756629e-01,1.994050e-04,1.113556e-03
2.180862e-02,1.483636e-03,5.271322e-03,6.281161e-03,1.112710e-02,1.102626e-01,2.153681e-03,1.102381e-02,8.436784e-03,2.756928e-03,3.887684e-03,5.188891e-01,2.951477e-01,2.398087e-04,1.230055e-03
1.579745e-02,1.132682e-03,4.138257e-03,4.469525e-03,8.537057e-03,7.956353e-02,1.704899e-03,8.302690e-03,6.467388e-03,2.464791e-03,4.292338e-03,5.941616e-01,2.676461e-01,2.014308e-04,1.120180e-03
1.193876e-02,8.788200e-04,3.441360e-03,3.360714e-03,6.861928e-03,5.781189e-02,1.454100e-03,1.179395e-02,5.348048e-03,1.195790e-02,9.002117e-03,5.632105e-01,3.112072e-01,5.185648e-04,1.214100e-03
1.000236e-02,8.118880e-04,4.752613e-03,2.946580e-03,8.960133e-03,4.692741e-02,1.190018e-03,2.628095e-02,5.619941e-03,4.191127e-02,2.432810e-02,5.278741e-01,2.962670e-01,8.409290e-04,1.286644e-03
1.253470e-02,1.029744e-03,5.678468e-03,2.778757e-03,6.200304e-02,3.344332e-02,6.838656e-03,5.119045e-02,7.250743e-02,6.180074e-02,2.231709e-02,4.157591e-01,2.498085e-01,7.231541e-04,1.586840e-03
1.093081e-02,7.825878e-04,6.356587e-03,2.474848e-03,5.220317e-02,2.411173e-02,7.342672e-03,2.248621e-01,5.362756e-02,5.714225e-02,2.165035e-02,3.148805e-01,2.213373e-01,8.111051e-04,1.486343e-03
1.923106e-02,1.885390e-03,2.264404e-02,1.198719e-02,7.907239e-02,2.682882e-02,9.953491e-03,2.585924e-01,5.802380e-02,5.987491e-02,2.856904e-02,2.401873e-01,1.804606e-01,8.880595e-04,1.801498e-03
2.085361e-02,1.771296e-03,1.919686e-02,1.069531e-02,8.502867e-02,1.915598e-02,8.929525e-03,3.497276e-01,4.836411e-02,6.859481e-02,2.759034e-02,1.830499e-01,1.486040e-01,5.951656e-03,2.486320e-03
2.143505e-02,2.162161e-03,1.648745e-02,9.189470e-03,9.878036e-02,1.386664e-02,8.142289e-03,4.118385e-01,4.231158e-02,7.613811e-02,2.700589e-02,1.383947e-01,1.195729e-01,1.170881e-02,2.965993e-03
2.399813e-02,2.115602e-03,2.486058e-02,9.655048e-03,1.455141e-01,1.002296e-02,1.544808e-02,4.372913e-01,3.218116e-02,6.656221e-02,2.413977e-02,1.002879e-01,9.554256e-02,9.642708e-03,2.737807e-03
2.461511e-02,1.953582e-03,2.478456e-02,9.208089e-03,1.567420e-01,7.346079e-03,1.411142e-02,4.885684e-01,2.470108e-02,5.661807e-02,2.047611e-02,7.605886e-02,8.347601e-02,7.879595e-03,3.460970e-03
2.408476e-02,1.682258e-03,3.121999e-02,7.243010e-03,1.463909e-01,5.591081e-03,1.339407e-02,5.627327e-01,1.807595e-02,4.753660e-02,1.526119e-02,5.722107e-02,6.021170e-02,6.423915e-03,2.930725e-03
3.061458e-02,2.434222e-03,3.693546e-02,6.548883e-03,1.347466e-01,5.262391e-03,2.049208e-02,6.009345e-01,1.415450e-02,3.684617e-02,1.133785e-02,4.336792e-02,4.596601e-02,5.849992e-03,4.508823e-03
2.900847e-02,3.098122e-03,3.097505e-02,5.594078e-03,1.340628e-01,4.509796e-03,2.104153e-02,6.463372e-01,1.215834e-02,2.675119e-02,8.374978e-03,3.391211e-02,3.524154e-02,4.479106e-03,4.455601e-03
3.290885e-02,5.371800e-03,2.314749e-02,4.843476e-03,1.442528e-01,7.003417e-03,2.147646e-02,6.357600e-01,1.747369e-02,1.943278e-02,6.218018e-03,4.089151e-02,3.343010e-02,3.716697e-03,4.072880e-03
4.126092e-02,8.035845e-03,1.703601e-02,4.146546e-03,1.620391e-01,9.366039e-03,2.115548e-02,5.990840e-01,2.748647e-02,1.424091e-02,4.783055e-03,5.039633e-02,3.417904e-02,3.300987e-03,3.489218e-03
1.034037e-01,1.308670e-02,1.264605e-02,5.294344e-03,1.304180e-01,1.421748e-02,1.924448e-02,5.147717e-01,6.599829e-02,2.029344e-02,4.756842e-03,5.087681e-02,3.495905e-02,3.668756e-03,6.364359e-03
1.501461e-01,2.094319e-02,1.064853e-02,5.544642e-03,1.040518e-01,1.656001e-02,2.057487e-02,4.396473e-01,8.952981e-02,1.821726e-02,6.066155e-03,5.595745e-02,4.645230e-02,6.008562e-03,9.651972e-03
1.933908e-01,2.403556e-02,9.538473e-03,5.448426e-03,8.345167e-02,1.787151e-02,1.836622e-02,3.731920e-01,1.028185e-01,1.960961e-02,9.174428e-03,7.773066e-02,4.666733e-02,9.394243e-03,9.310564e-03
2.250629e-01,2.479310e-02,1.033744e-02,5.685500e-03,6.863493e-02,1.689490e-02,1.989423e-02,3.405902e-01,1.029765e-01,2.244856e-02,1.087867e-02,7.526171e-02,5.387664e-02,1.317974e-02,9.484995e-03
2.686938e-01,3.486085e-02,1.154091e-02,4.044947e-02,6.414641e-02,1.967963e-02,1.898335e-02,2.588150e-01,8.808534e-02,2.910108e-02,1.202093e-02,7.908510e-02,4.336641e-02,1.158661e-02,1.958513e-02
1.929589e-01,2.616988e-02,1.535257e-02,6.316186e-02,5.105336e-02,1.773336e-02,1.462747e-02,2.441347e-01,6.878178e-02,2.776148e-02,1.029985e-01,1.048510e-01,4.106540e-02,1.297575e-02,1.637402e-02
1.395611e-01,1.874916e-02,1.168767e-02,6.111261e-02,4.322161e-02,1.464159e-02,1.064644e-02,1.921970e-01,5.700173e-02,2.146247e-02,2.104731e-01,1.483697e-01,3.724663e-02,2.170860e-02,1.192064e-02
1.288408e-01,1.388502e-02,9.440538e-03,5.784576e-02,3.755913e-02,1.507454e-02,7.985580e-03,1.477813e-01,6.970259e-02,1.630564e-02,2.533381e-01,1.710494e-01,3.249793e-02,2.952220e-02,9.171335e-03
1.075243e-01,1.046586e-02,7.095941e-03,4.500645e-02,3.759044e-02,1.175199e-02,5.938191e-03,1.056776e-01,6.633864e-02,1.276354e-02,3.524731e-01,1.400311e-01,2.488205e-02,6.564753e-02,6.813328e-03
9.449741e-02,8.336540e-03,5.756201e-03,3.498032e-02,3.337593e-02,1.034321e-02,4.716014e-03,7.629154e-02,6.230896e-02,1.084315e-02,4.067381e-01,1.274601e-01,2.007140e-02,9.893528e-02,5.345815e-03
7.154823e-02,6.889546e-03,4.601882e-03,2.552714e-02,2.978295e-02,9.018486e-03,3.529133e-03,5.514372e-02,4.766750e-02,9.306778e-03,4.418472e-01,1.439343e-01,1.583390e-02,1.309270e-01,4.442248e-03
6.281893e-02,5.449887e-03,3.648263e-03,1.878516e-02,2.398313e-02,7.416158e-03,2.560124e-03,3.909166e-02,3.617095e-02,2.054467e-02,4.546419e-01,1.277078e-01,1.232617e-02,1.810791e-01,3.776117e-03
6.411463e-02,5.868043e-03,3.170341e-03,1.512973e-02,2.060829e-02,7.269543e-03,1.922860e-03,2.834186e-02,2.920261e-02,3.047416e-02,4.419157e-01,1.376579e-01,1.064535e-02,1.999175e-01,3.761431e-03
4.719262e-02,4.776513e-03,2.359807e-03,1.093410e-02,1.976224e-02,5.602290e-03,1.483577e-03,1.988838e-02,2.185796e-02,2.442873e-02,5.481492e-01,1.355717e-01,8.548247e-03,1.464221e-01,3.022542e-03
4.426158e-02,1.247387e-02,3.772360e-03,8.138689e-03,2.779370e-02,4.593191e-03,1.213427e-03,1.413193e-02,2.078742e-02,3.544510e-02,5.216385e-01,1.505842e-01,7.973535e-03,1.418795e-01,5.313044e-03
8.187296e-02,1.076846e-02,1.097633e-02,6.454131e-03,2.231492e-02,5.274953e-03,1.336247e-03,1.259191e-02,3.715681e-02,3.874531e-02,4.271279e-01,1.275271e-01,7.084981e-03,2.056166e-01,5.151428e-03
6.160856e-02,7.840828e-03,7.813489e-03,4.706496e-03,1.649611e-02,4.172917e-03,9.880192e-04,8.847282e-03,2.740373e-02,3.183671e-02,5.676562e-01,9.675695e-02,5.677781e-03,1.542788e-01,3.916131e-03
5.336864e-02,8.672281e-03,6.977887e-03,4.337994e-03,1.809621e-02,5.004173e-03,9.089104e-04,6.661595e-03,3.148940e-02,4.669855e-02,5.568084e-01,1.059826e-01,5.186968e-03,1.462883e-01,3.518192e-03
3.802938e-02,6.371420e-03,5.005571e-03,3.127324e-03,1.362927e-02,3.693705e-03,6.970235e-04,4.758404e-03,2.367599e-02,3.781071e-02,6.679881e-01,8.229199e-02,4.122462e-03,1.060443e-01,2.754342e-03
2.962901e-02,6.235237e-03,4.641776e-03,2.614240e-03,1.269910e-02,3.630530e-03,6.730041e-04,3.981777e-03,3.394018e-02,3.712656e-02,6.595034e-01,1.003378e-01,4.861538e-03,9.746383e-02,2.662008e-03
2.549859e-02,8.486107e-03,8.967139e-03,3.262264e-03,1.217887e-02,6.239272e-03,8.678356e-04,6.880359e-03,5.222514e-02,4.052391e-02,6.129812e-01,1.120228e-01,6.599661e-03,1.006456e-01,2.621266e-03
2.064186e-02,2.065830e-02,1.898664e-02,2.712230e-03,1.302682e-02,1.342831e-02,8.710570e-04,6.700744e-03,7.585160e-02,5.015066e-02,5.643637e-01,1.026016e-01,5.951568e-03,9.993257e-02,4.122250e-03
2.036146e-02,1.996300e-02,3.786048e-02,5.480281e-03,1.476722e-02,1.506220e-02,9.638260e-04,1.712060e-02,8.694614e-02,5.151894e-02,5.461958e-01,8.487164e-02,5.622955e-03,8.885799e-02,4.407431e-03
2.042827e-02,1.870101e-02,4.312927e-02,6.000345e-03,2.134770e-02,4.984824e-02,1.211687e-03,4.165291e-02,1.199943e-01,4.473593e-02,4.810716e-01,6.426658e-02,4.919479e-03,7.736397e-02,5.328655e-03
1.748275e-02,1.917822e-02,4.221412e-02,5.118528e-03,2.827052e-02,1.044625e-01,1.768431e-03,3.521419e-02,2.481268e-01,3.455770e-02,3.482238e-01,4.595035e-02,4.206047e-03,5.916980e-02,6.056229e-03
1.315672e-02,1.493918e-02,3.675129e-02,7.866082e-03,2.456291e-02,2.656064e-01,1.533804e-03,3.593206e-02,2.397464e-01,2.626208e-02,2.465469e-01,3.296415e-02,4.176764e-03,4.248570e-02,7.469466e-03
1.012853e-02,1.174295e-02,2.653202e-02,7.468737e-03,2.205263e-02,4.120077e-01,1.196537e-03,3.052134e-02,2.226986e-01,1.888031e-02,1.734324e-01,2.326693e-02,3.961018e-03,2.995459e-02,6.155830e-03
9.204095e-03,9.512966e-03,1.922154e-02,6.555213e-03,5.473018e-02,4.991329e-01,1.520442e-03,2.435819e-02,1.951861e-01,1.331569e-02,1.219749e-01,1.634977e-02,3.164071e-03,2.113521e-02,4.638614e-03
9.847778e-03,1.023783e-02,1.413077e-02,1.511341e-02,4.879055e-02,5.536537e-01,1.404718e-03,2.568683e-02,1.891597e-01,9.599974e-03,8.575395e-02,1.173086e-02,4.493778e-03,1.536961e-02,5.026564e-03
2.337175e-02,9.520298e-03,1.369184e-02,1.408951e-02,5.838466e-02,5.728438e-01,1.960018e-03,5.277469e-02,1.464710e-01,6.818602e-03,6.129993e-02,9.214184e-03,8.393904e-03,1.593372e-02,5.232075e-03
2.633411e-02,9.555443e-03,1.414048e-02,4.891986e-02,4.868826e-02,4.445276e-01,1.755843e-03,5.365467e-02,2.263776e-01,6.766334e-03,4.865697e-02,1.457770e-02,2.808427e-02,1.177231e-02,1.618852e-02
3.927864e-02,1.186664e-02,3.504902e-02,6.334870e-02,5.670149e-02,3.483654e-01,1.962967e-03,4.621283e-02,2.170410e-01,7.220533e-03,5.777532e-02,2.858065e-02,4.054861e-02,1.285725e-02,3.319095e-02
5.405708e-02,1.192144e-02,3.278063e-02,5.744435e-02,1.648789e-01,2.653578e-01,3.193601e-03,3.693072e-02,1.701061e-01,6.600010e-03,6.447776e-02,2.794027e-02,4.144714e-02,1.855035e-02,4.431383e-02
4.290035e-02,2.326470e-02,2.828021e-02,1.422575e-01,1.358550e-01,1.889907e-01,2.542269e-03,2.924807e-02,2.131576e-01,7.037275e-03,5.360879e-02,2.322322e-02,3.572110e-02,1.534116e-02,5.857211e-02
3.674186e-02,7.102247e-02,2.906121e-02,1.168393e-01,1.040925e-01,1.344853e-01,2.142003e-03,2.280737e-02,2.457164e-01,1.170581e-02,4.107483e-02,1.823282e-02,2.899222e-02,1.333079e-02,1.237552e-01
4.620541e-02,1.737090e-01,2.544703e-02,8.926445e-02,8.053404e-02,9.662359e-02,1.773358e-03,1.673295e-02,2.346007e-01,1.964923e-02,3.198281e-02,1.398753e-02,2.283239e-02,1.456066e-02,1.320969e-01
6.240120e-02,2.060324e-01,2.110437e-02,7.204406e-02,7.374223e-02,7.402740e-02,3.063777e-03,1.295738e-02,2.865561e-01,1.689864e-02,2.458267e-02,1.070035e-02,2.454037e-02,1.098188e-02,1.003672e-01
7.857652e-02,2.246743e-01,2.215349e-02,5.834217e-02,9.852386e-02,6.835874e-02,6.003929e-03,1.148125e-02,2.723503e-01,1.254424e-02,1.876871e-02,9.244492e-03,2.245281e-02,1.055958e-02,8.596551e-02
7.335807e-02,2.216800e-01,2.413397e-02,7.977176e-02,8.146832e-02,7.557673e-02,5.303868e-03,8.951589e-03,2.219154e-01,1.423812e-02,1.491025e-02,1.536236e-02,2.494049e-02,8.674757e-03,1.297143e-01
8.756324e-02,2.039564e-01,3.277905e-02,1.074303e-01,6.797758e-02,7.807006e-02,5.177699e-03,7.234406e-03,1.835895e-01,1.928226e-02,1.224801e-02,1.374612e-02,2.297228e-02,7.091018e-03,1.508820e-01
1.004211e-01,2.163420e-01,3.393399e-02,9.311765e-02,5.104764e-02,6.120281e-02,4.069416e-03,5.605018e-03,1.606581e-01,3.662794e-02,1.202342e-02,1.220288e-02,2.013750e-02,5.687378e-03,1.869232e-01
1.785294e-01,2.317887e-01,2.655090e-02,7.739207e-02,5.700557e-02,4.855550e-02,3.679797e-03,5.213704e-03,1.572494e-01,2.697836e-02,1.074876e-02,1.255994e-02,2.055959e-02,4.865313e-03,1.383231e-01
2.182679e-01,1.961042e-01,2.259315e-02,6.682443e-02,6.147476e-02,6.164404e-02,3.719138e-03,6.142552e-03,1.779250e-01,1.967762e-02,1.092789e-02,1.291994e-02,2.758949e-02,5.234642e-03,1.089552e-01
3.305221e-01,1.714418e-01,1.710615e-02,6.219520e-02,5.603582e-02,4.686423e-02,3.588231e-03,5.749967e-03,1.507926e-01,1.516671e-02,1.006642e-02,1.371098e-02,2.774185e-02,4.695090e-03,8.432280e-02
3.875210e-01,1.751181e-01,1.298272e-02,5.361621e-02,5.830311e-02,4.005199e-02,3.185853e-03,5.903726e-03,1.334628e-01,1.144858e-02,9.366815e-03,1.273341e-02,2.679094e-02,4.147771e-03,6.536698e-02
4.280721e-01,1.569904e-01,1.001236e-02,4.537903e-02,5.552128e-02,4.605003e-02,2.808421e-03,5.473209e-03,1.217035e-01,8.703390e-03,8.898936e-03,1.112333e-02,4.437812e-02,4.637646e-03,5.024824e-02
4.376099e-01,1.808100e-01,8.346352e-03,3.934706e-02,4.835061e-02,4.210965e-02,2.632516e-03,6.022932e-03,1.110267e-01,7.590756e-03,9.905222e-03,1.448318e-02,3.992648e-02,5.262393e-03,4.657622e-02
4.247604e-01,1.926769e-01,7.628173e-03,3.241880e-02,4.460009e-02,5.688127e-02,2.774358e-03,6.586384e-03,1.199887e-01,5.999575e-03,9.125357e-03,1.354601e-02,3.993656e-02,5.143085e-03,3.793437e-02
4.106388e-01,2.207954e-01,6.884132e-03,2.881766e-02,3.959350e-02,4.646064e-02,2.874871e-03,1.040589e-02,1.356670e-01,5.010657e-03,8.589985e-03,1.374331e-02,3.230366e-02,4.860788e-03,3.335372e-02
4.234469e-01,1.855903e-01,2.397805e-02,4.641823e-02,4.175032e-02,3.727723e-02,3.901865e-03,1.184772e-02,1.281610e-01,5.501374e-03,1.003414e-02,1.961835e-02,2.742727e-02,5.431063e-03,2.961623e-02
3.602464e-01,1.546284e-01,1.014874e-01,7.643520e-02,3.371747e-02,3.123711e-02,3.114480e-03,9.528929e-03,1.076643e-01,1.361952e-02,1.342155e-02,2.864779e-02,2.412679e-02,4.685270e-03,3.743947e-02
3.385858e-01,1.155593e-01,1.997796e-01,6.179660e-02,3.062567e-02,2.484863e-02,3.416620e-03,4.480729e-02,8.186660e-02,1.065815e-02,1.141654e-02,2.469549e-02,1.940988e-02,4.034226e-03,2.849967e-02
2.604849e-01,8.206545e-02,3.391380e-01,5.074983e-02,2.722071e-02,1.919555e-02,3.342629e-03,8.173867e-02,6.036757e-02,1.019013e-02,8.604307e-03,1.861935e-02,1.454599e-02,2.969945e-03,2.076688e-02
1.885956e-01,6.109927e-02,4.291587e-01,3.853863e-02,2.201136e-02,1.666511e-02,2.743829e-03,6.102990e-02,4.465891e-02,8.103964e-02,7.540362e-03,1.354989e-02,1.251244e-02,2.436354e-03,1.841992e-02
1.572977e-01,4.772930e-02,4.233975e-01,3.674804e-02,1.775474e-02,1.507770e-02,2.422160e-03,5.396613e-02,3.947826e-02,1.316698e-01,1.603786e-02,1.167326e-02,1.682646e-02,2.873066e-03,2.704795e-02
1.507635e-01,3.644221e-02,3.520070e-01,6.741400e-02,1.395768e-02,1.304826e-02,2.087319e-03,5.728871e-02,4.740319e-02,1.293464e-01,3.343494e-02,1.131494e-02,3.449532e-02,6.901356e-03,4.409506e-02
1.187378e-01,2.980399e-02,2.499291e-01,5.032938e-02,1.014269e-02,1.083509e-02,1.636718e-03,4.341758e-02,8.946852e-02,1.400805e-01,5.186025e-02,1.002970e-02,3.828435e-02,4.194938e-02,1.134949e-01
9.224496e-02,2.503550e-02,1.845570e-01,4.432124e-02,7.604956e-03,9.780420e-03,1.484936e-03,3.440734e-02,1.085427e-01,1.509541e-01,5.348837e-02,9.742559e-03,3.856709e-02,5.782502e-02,1.814438e-01
9.346371e-02,2.135812e-02,1.326365e-01,3.331273e-02,6.024746e-03,1.494132e-02,1.845633e-03,3.030342e-02,1.030326e-01,1.097263e-01,4.471263e-02,7.587827e-03,3.238491e-02,5.624345e-02,3.124261e-01
1.202264e-01,2.005184e-02,9.483349e-02,2.938463e-02,5.571502e-03,1.700229e-02,1.916857e-03,2.378293e-02,1.522826e-01,8.250026e-02,3.427944e-02,6.236007e-03,4.187395e-02,4.952095e-02,3.205368e-01
1.844722e-01,1.687709e-02,6.915671e-02,2.480774e-02,4.844201e-03,2.713574e-02,1.845913e-03,1.724907e-02,1.802768e-01,5.999327e-02,2.522773e-02,6.775221e-03,6.746797e-02,4.125620e-02,2.726142e-01
2.103070e-01,1.367311e-02,4.965006e-02,2.237491e-02,4.681191e-03,2.919671e-02,1.645373e-03,1.331057e-02,1.681723e-01,4.637169e-02,3.756804e-02,1.424480e-02,1.001855e-01,3.826490e-02,2.503539e-01
2.387420e-01,1.104441e-02,3.580294e-02,1.788444e-02,3.667108e-03,2.502458e-02,1.288120e-03,9.510694e-03,1.840665e-01,3.760210e-02,3.249484e-02,1.319220e-02,8.574426e-02,3.869612e-02,2.652397e-01
2.248183e-01,9.422226e-03,2.539698e-02,1.453348e-02,3.471113e-03,2.163813e-02,9.845188e-04,6.852944e-03,2.660530e-01,2.805796e-02,2.649855e-02,1.657206e-02,9.953593e-02,3.273580e-02,2.234290e-01
1.872349e-01,9.585832e-03,1.909744e-02,1.153932e-02,2.607321e-03,1.739393e-02,7.420681e-04,4.902775e-03,3.857572e-01,3.064445e-02,2.008484e-02,1.532363e-02,8.972693e-02,2.769686e-02,1.776625e-01
1.373917e-01,1.888042e-02,1.553360e-02,9.669194e-03,2.004378e-03,1.291260e-02,6.070359e-04,3.609225e-03,4.464614e-01,3.750630e-02,1.658839e-02,1.578865e-02,1.059599e-01,3.463320e-02,1.424540e-01
1.137002e-01,2.518640e-02,1.871747e-02,9.058094e-03,3.807473e-03,3.594755e-02,5.929417e-04,5.218027e-03,3.791986e-01,3.652273e-02,1.938619e-02,2.397324e-02,1.205210e-01,2.917786e-02,1.789922e-01
9.966733e-02,2.229809e-02,6.382596e-02,8.742636e-03,7.320498e-03,5.020449e-02,2.047061e-03,1.044813e-02,2.991807e-01,3.674139e-02,2.366633e-02,2.225482e-02,1.547320e-01,2.510922e-02,1.737612e-01
7.672799e-02,1.987028e-02,6.821379e-02,7.713068e-03,7.210359e-03,1.212966e-01,2.040416e-03,9.011796e-03,2.186807e-01,3.264783e-02,1.878469e-02,1.654432e-02,1.237363e-01,1.932790e-02,2.581940e-01
6.107346e-02,1.926273e-02,6.297725e-02,6.942209e-03,8.368826e-03,1.226439e-01,1.934864e-03,7.420793e-03,1.667205e-01,2.667934e-02,1.415533e-02,1.284097e-02,1.166875e-01,1.431206e-02,3.579803e-01
5.303612e-02,3.408224e-02,5.404501e-02,7.070556e-03,1.229967e-02,1.300732e-01,2.388576e-03,6.642831e-03,1.484723e-01,2.691399e-02,1.115048e-02,9.965481e-03,1.050427e-01,1.086146e-02,3.879554e-01
4.340316e-02,8.752944e-02,6.904055e-02,1.241733e-02,1.246065e-02,1.455448e-01,2.684908e-03,5.274851e-03,1.475228e-01,4.778856e-02,8.527719e-03,7.583999e-03,8.706398e-02,8.069108e-03,3.150882e-01
3.611230e-02,1.271783e-01,6.099382e-02,1.194381e-02,1.156346e-02,1.627023e-01,2.566172e-03,4.152784e-03,1.536281e-01,5.578317e-02,7.232073e-03,6.370781e-03,9.331772e-02,6.067664e-03,2.603876e-01
3.927921e-02,2.192367e-01,4.637271e-02,1.547765e-02,1.338894e-02,1.177459e-01,2.551430e-03,4.024558e-03,1.956588e-01,4.717375e-02,5.500458e-03,5.108142e-03,8.213344e-02,4.424093e-03,2.019242e-01
5.801753e-02,2.484163e-01,3.667198e-02,2.030161e-02,3.187143e-02,8.865922e-02,3.414871e-03,7.255941e-03,2.116274e-01,3.623430e-02,4.278585e-03,4.395976e-03,7.715837e-02,3.312973e-03,1.683836e-01
4.482230e-02,3.481880e-01,3.093629e-02,5.265889e-02,2.297505e-02,6.353131e-02,2.423023e-03,6.779057e-03,1.936702e-01,3.067993e-02,4.104960e-03,3.420817e-03,5.477447e-02,2.514493e-03,1.385213e-01
7.354653e-02,3.227701e-01,3.590916e-02,5.436566e-02,2.999905e-02,5.826796e-02,3.186834e-03,2.457951e-02,1.955328e-01,2.556505e-02,3.977366e-03,2.847795e-03,4.342525e-02,1.967005e-03,1.240599e-01
8.473622e-02,2.728573e-01,2.921899e-02,4.280204e-02,3.218006e-02,5.189625e-02,2.704020e-03,1.629055e-01,1.710907e-01,1.843764e-02,3.249722e-03,2.155087e-03,3.158659e-02,1.610249e-03,9.256957e-02
1.069770e-01,2.225162e-01,3.059139e-02,3.467585e-02,2.761870e-02,4.865882e-02,2.643179e-03,2.684365e-01,1.377932e-01,1.379718e-02,2.967763e-03,1.933005e-03,2.320124e-02,1.493592e-03,7.669642e-02
1.490667e-01,1.903000e-01,3.660876e-02,3.429043e-02,2.984150e-02,5.306859e-02,3.688386e-03,2.503148e-01,1.164230e-01,1.115297e-02,3.933081e-03,3.344437e-03,2.052447e-02,2.517581e-03,9.492527e-02
1.796553e-01,1.556966e-01,3.861725e-02,4.254987e-02,2.673812e-02,6.735180e-02,5.266395e-03,1.894854e-01,9.169494e-02,1.187661e-02,9.016297e-03,1.105874e-02,4.215195e-02,3.856729e-03,1.249839e-01
1.753959e-01,1.180643e-01,3.273816e-02,5.069239e-02,2.323566e-02,5.807333e-02,5.138692e-03,1.354205e-01,7.952551e-02,1.467503e-02,1.092791e-02,2.253655e-02,1.113094e-01,6.019262e-03,1.562474e-01
1.446325e-01,8.380153e-02,2.336850e-02,4.178729e-02,2.467640e-02,6.198717e-02,4.494782e-03,9.593110e-02,5.965442e-02,1.141504e-02,1.932931e-02,2.351888e-02,2.844148e-01,4.861197e-03,1.161270e-01
1.420751e-01,6.090570e-02,1.761362e-02,3.369281e-02,2.116952e-02,5.553343e-02,3.895768e-03,6.890745e-02,4.787279e-02,8.994429e-03,1.829546e-02,3.621753e-02,3.960379e-01,3.952153e-03,8.483628e-02
1.437439e-01,4.432202e-02,1.328773e-02,2.546159e-02,1.946057e-02,4.827041e-02,3.377968e-03,4.938846e-02,3.778696e-02,6.855990e-03,1.585736e-02,5.122754e-02,4.752268e-01,2.979754e-03,6.275288e-02
1.187267e-01,3.337311e-02,9.880928e-03,2.138518e-02,1.457918e-02,5.692625e-02,2.976322e-03,3.523248e-02,3.268987e-02,5.470915e-03,2.292530e-02,5.179840e-02,5.445607e-01,3.369394e-03,4.610530e-02
1.197356e-01,2.592976e-02,7.402636e-03,1.601330e-02,1.145121e-02,4.765966e-02,2.906556e-03,2.478980e-02,2.376231e-02,5.130280e-03,3.374722e-02,8.437562e-02,5.546945e-01,2.921629e-03,3.947987e-02
1.036350e-01,1.905502e-02,5.275234e-03,1.212882e-02,8.907591e-03,4.896299e-02,2.491602e-03,1.748481e-02,1.785882e-02,5.679636e-03,4.922228e-02,1.058884e-01,5.703663e-01,3.398141e-03,2.964531e-02
8.478291e-02,2.209847e-02,4.965153e-03,3.497788e-02,8.973671e-03,3.933064e-02,1.998653e-03,1.337957e-02,2.293783e-02,8.771271e-03,5.423008e-02,1.156675e-01,5.625647e-01,3.870051e-03,2.145153e-02
6.199270e-02,1.609318e-02,3.901794e-03,2.660654e-02,8.438723e-03,2.842917e-02,1.628455e-03,1.037583e-02,1.966261e-02,8.146378e-03,8.045097e-02,1.231910e-01,5.928512e-01,2.978646e-03,1.525271e-02
4.884882e-02,1.254431e-02,4.819972e-03,2.165268e-02,5.340680e-02,2.077756e-02,2.430964e-03,8.991854e-03,4.867336e-02,1.726745e-02,8.814546e-02,1.322074e-01,5.267851e-01,2.311748e-03,1.113645e-02
3.932992e-02,9.872241e-03,1.010051e-02,1.788890e-02,4.743478e-02,1.644020e-02,2.110502e-03,2.801004e-02,6.129988e-02,4.957949e-02,1.160425e-01,1.269587e-01,4.627658e-01,2.696736e-03,9.469786e-03
3.466034e-02,8.304667e-03,1.121170e-02,2.614555e-02,5.085428e-02,1.791037e-02,2.262267e-03,2.442217e-02,7.466169e-02,5.536682e-02,1.364997e-01,1.579527e-01,3.891459e-01,3.538120e-03,7.063696e-03
2.864879e-02,6.161546e-03,1.008745e-02,2.579426e-02,4.353003e-02,1.519192e-02,1.846311e-03,4.105945e-02,6.381834e-02,4.695703e-02,1.763320e-01,1.671631e-01,3.632638e-01,4.671250e-03,5.474642e-03
2.418617e-02,4.966077e-03,1.242494e-02,1.996893e-02,7.137270e-02,1.101707e-02,2.030224e-03,4.211449e-02,5.141673e-02,3.739130e-02,2.212315e-01,1.413299e-01,3.501122e-01,5.319326e-03,5.118375e-03
2.153536e-02,4.604668e-03,1.227720e-02,1.567857e-02,6.319007e-02,9.231960e-03,1.549601e-03,4.285013e-02,5.216940e-02,5.161118e-02,2.362852e-01,1.693159e-01,3.087253e-01,5.912807e-03,5.062681e-03
1.699713e-02,6.222792e-03,1.192995e-02,1.197465e-02,5.434312e-02,7.609668e-03,1.118020e-03,4.823284e-02,7.187557e-02,5.099496e-02,2.077215e-01,1.664498e-01,3.338388e-01,5.430021e-03,5.261090e-03
1.500754e-02,7.403665e-03,1.447128e-02,9.458912e-03,4.939063e-02,5.955243e-03,8.157002e-04,4.511772e-02,9.341504e-02,9.695160e-02,1.872125e-01,1.602519e-01,3.042777e-01,5.201864e-03,5.068742e-03
2.166042e-02,7.618729e-03,1.632062e-02,1.264214e-02,4.887378e-02,6.962600e-03,6.657880e-04,4.002049e-02,9.707697e-02,1.210065e-01,1.901754e-01,1.802401e-01,2.465997e-01,5.641695e-03,4.495119e-03
2.059370e-02,6.533240e-03,1.595749e-02,1.254606e-02,4.055311e-02,6.612273e-03,5.176802e-04,3.405024e-02,9.387109e-02,1.195712e-01,1.910809e-01,2.495372e-01,2.000055e-01,5.143227e-03,3.427165e-03
1.883788e-02,7.345736e-03,1.696598e-02,9.511801e-03,3.610308e-02,4.911589e-03,4.053629e-04,2.786312e-02,2.143822e-01,8.771209e-02,1.755088e-01,2.496453e-01,1.444888e-01,3.774192e-03,2.543990e-03
1.901087e-02,5.523287e-03,2.888830e-02,9.761533e-03,3.442085e-02,5.402996e-03,3.514417e-03,7.356159e-02,1.859678e-01,6.704680e-02,1.874811e-01,2.657561e-01,1.087758e-01,2.866302e-03,2.022249e-03
3.049813e-02,4.927350e-03,4.187299e-02,1.229599e-02,5.040156e-02,6.193355e-03,5.653078e-03,7.899154e-02,2.298619e-01,5.953635e-02,1.924571e-01,2.024231e-01,8.085532e-02,2.377118e-03,1.655115e-03
3.589345e-02,6.207836e-03,3.819602e-02,1.093579e-02,7.960463e-02,6.173025e-03,6.757955e-03,5.653215e-02,3.537854e-01,5.427309e-02,1.460366e-01,1.440337e-01,5.795975e-02,1.792428e-03,1.818269e-03
5.411479e-02,6.952357e-03,4.514090e-02,1.323831e-02,1.365069e-01,5.921917e-03,7.139287e-03,4.121693e-02,3.268255e-01,5.751175e-02,1.555340e-01,1.033352e-01,4.357348e-02,1.387619e-03,1.601057e-03
5.867499e-02,1.360332e-02,6.069817e-02,5.757234e-02,1.827444e-01,8.020540e-03,6.599581e-03,3.350407e-02,3.042628e-01,4.576438e-02,1.193049e-01,7.362516e-02,3.245002e-02,1.203743e-03,1.971632e-03
7.177342e-02,1.745678e-02,5.447615e-02,6.029271e-02,2.073114e-01,1.094930e-02,2.076030e-02,2.672290e-02,2.977738e-01,5.072323e-02,9.278493e-02,5.637451e-02,2.809134e-02,1.068455e-03,3.440776e-03
7.327010e-02,2.634941e-02,4.847832e-02,1.420082e-01,2.442740e-01,1.016481e-02,2.558188e-02,2.461154e-02,2.234938e-01,4.014820e-02,7.175016e-02,4.229666e-02,2.365868e-02,8.650551e-04,3.049262e-03
1.055567e-01,2.511956e-02,3.950378e-02,1.849225e-01,2.165276e-01,1.038323e-02,2.254529e-02,3.527233e-02,1.706830e-01,3.031282e-02,8.655484e-02,3.666843e-02,3.214429e-02,8.504168e-04,2.955271e-03
8.765859e-02,1.910157e-02,2.864624e-02,3.578661e-01,1.549836e-01,8.011244e-03,1.589462e-02,2.594601e-02,1.233551e-01,2.153567e-02,9.678069e-02,2.928604e-02,2.787017e-02,6.874472e-04,2.377019e-03
6.751020e-02,1.566550e-02,2.087222e-02,3.729445e-01,1.114230e-01,5.953955e-03,1.122291e-02,1.860824e-02,9.201555e-02,1.548143e-02,2.213777e-01,2.192877e-02,2.078952e-02,1.887408e-03,2.319192e-03
5.923238e-02,1.244704e-02,1.567180e-02,3.490331e-01,8.044083e-02,6.613077e-03,8.101056e-03,1.427739e-02,6.920214e-02,1.143672e-02,3.224171e-01,2.406048e-02,1.637900e-02,8.359727e-03,2.328284e-03
4.926638e-02,9.024224e-03,1.121152e-02,2.617671e-01,5.805630e-02,8.627092e-03,5.817930e-03,1.035348e-02,4.969906e-02,1.061010e-02,4.660431e-01,3.301635e-02,1.334831e-02,1.124696e-02,1.912188e-03
5.823518e-02,7.235908e-03,8.545641e-03,1.857446e-01,4.250488e-02,2.715212e-02,4.252299e-03,8.369419e-03,3.583385e-02,1.918740e-02,5.312226e-01,3.942396e-02,1.400399e-02,1.666458e-02,1.623571e-03
5.452243e-02,5.491056e-03,6.343211e-03,1.375028e-01,3.664761e-02,2.212904e-02,3.063216e-03,6.664319e-03,2.554656e-02,2.466637e-02,6.006613e-01,4.354788e-02,1.127774e-02,2.062338e-02,1.313101e-03
