1.000000e+00,0.000000e+00,0.000000e+00,0.000000e+00,0.000000e+00,0.000000e+00,0.000000e+00,0.000000e+00,0.000000e+00,0.000000e+00,0.000000e+00,0.000000e+00,0.000000e+00,0.000000e+00,0.000000e+00
1.000000e+00,0.000000e+00,0.000000e+00,0.000000e+00,0.000000e+00,0.000000e+00,0.000000e+00,0.000000e+00,0.000000e+00,0.000000e+00,0.000000e+00,0.000000e+00,0.000000e+00,0.000000e+00,0.000000e+00
1.000000e+00,0.000000e+00,0.000000e+00,0.000000e+00,0.000000e+00,0.000000e+00,0.000000e+00,0.000000e+00,0.000000e+00,0.000000e+00,0.000000e+00,0.000000e+00,0.000000e+00,0.000000e+00,0.000000e+00
1.000000e+00,0.000000e+00,0.000000e+00,0.000000e+00,0.000000e+00,0.000000e+00,0.000000e+00,0.000000e+00,0.000000e+00,0.000000e+00,0.000000e+00,0.000000e+00,0.000000e+00,0.000000e+00,0.000000e+00
1.000000e+00,0.000000e+00,0.000000e+00,0.000000e+00,0.000000e+00,0.000000e+00,0.000000e+00,0.000000e+00,0.000000e+00,0.000000e+00,0.000000e+00,0.000000e+00,0.000000e+00,0.000000e+00,0.000000e+00
1.000000e+00,0.000000e+00,0.000000e+00,0.000000e+00,0.000000e+00,0.000000e+00,0.000000e+00,0.000000e+00,0.000000e+00,0.000000e+00,0.000000e+00,0.000000e+00,0.000000e+00,0.000000e+00,0.000000e+00
1.000000e+00,0.000000e+00,0.000000e+00,0.000000e+00,0.000000e+00,0.000000e+00,0.000000e+00,0.000000e+00,0.000000e+00,0.000000e+00,0.000000e+00,0.000000e+00,0.000000e+00,0.000000e+00,0.000000e+00
1.000000e+00,0.000000e+00,0.000000e+00,0.000000e+00,0.000000e+00,0.000000e+00,0.000000e+00,0.000000e+00,0.000000e+00,0.000000e+00,0.000000e+00,0.000000e+00,0.000000e+00,0.000000e+00,0.000000e+00
1.000000e+00,0.000000e+00,0.000000e+00,0.000000e+00,0.000000e+00,0.000000e+00,0.000000e+00,0.000000e+00,0.000000e+00,0.000000e+00,0.000000e+00,0.000000e+00,0.000000e+00,0.000000e+00,0.000000e+00
1.000000e+00,0.000000e+00,0.000000e+00,0.000000e+00,0.000000e+00,0.000000e+00,0.000000e+00,0.000000e+00,0.000000e+00,0.000000e+00,0.000000e+00,0.000000e+00,0.000000e+00,0.000000e+00,0.000000e+00
1.000000e+00,0.000000e+00,0.000000e+00,0.000000e+00,0.000000e+00,0.000000e+00,0.000000e+00,0.000000e+00,0.000000e+00,0.000000e+00,0.000000e+00,0.000000e+00,0.000000e+00,0.000000e+00,0.000000e+00
1.000000e+00,0.000000e+00,0.000000e+00,0.000000e+00,0.000000e+00,0.000000e+00,0.000000e+00,0.000000e+00,0.000000e+00,0.000000e+00,0.000000e+00,0.000000e+00,0.000000e+00,0.000000e+00,0.000000e+00
1.000000e+00,0.000000e+00,0.000000e+00,0.000000e+00,0.000000e+00,0.000000e+00,0.000000e+00,0.000000e+00,0.000000e+00,0.000000e+00,0.000000e+00,0.000000e+00,0.000000e+00,0.000000e+00,0.000000e+00
1.000000e+00,0.000000e+00,0.000000e+00,0.000000e+00,0.000000e+00,0.000000e+00,0.000000e+00,0.000000e+00,0.000000e+00,0.000000e+00,0.000000e+00,0.000000e+00,0.000000e+00,0.000000e+00,0.000000e+00
1.000000e+00,0.000000e+00,0.000000e+00,0.000000e+00,0.000000e+00,0.000000e+00,0.000000e+00,0.000000e+00,0.000000e+00,0.000000e+00,0.000000e+00,0.000000e+00,0.000000e+00,0.000000e+00,0.000000e+00
1.000000e+00,0.000000e+00,0.000000e+00,0.000000e+00,0.000000e+00,0.000000e+00,0.000000e+00,0.000000e+00,0.000000e+00,0.000000e+00,0.000000e+00,0.000000e+00,0.000000e+00,0.000000e+00,0.000000e+00
1.000000e+00,0.000000e+00,0.000000e+00,0.000000e+00,0.000000e+00,0.000000e+00,0.000000e+00,0.000000e+00,0.000000e+00,0.000000e+00,0.000000e+00,0.000000e+00,0.000000e+00,0.000000e+00,0.000000e+00
1.000000e+00,0.000000e+00,0.000000e+00,0.000000e+00,0.000000e+00,0.000000e+00,0.000000e+00,0.000000e+00,0.000000e+00,0.000000e+00,0.000000e+00,0.000000e+00,0.000000e+00,0.000000e+00,0.000000e+00
1.000000e+00,0.000000e+00,0.000000e+00,0.000000e+00,0.000000e+00,0.000000e+00,0.000000e+00,0.000000e+00,0.000000e+00,0.000000e+00,0.000000e+00,0.000000e+00,0.000000e+00,0.000000e+00,0.000000e+00
1.000000e+00,0.000000e+00,0.000000e+00,0.000000e+00,0.000000e+00,0.000000e+00,0.000000e+00,0.000000e+00,0.000000e+00,0.000000e+00,0.000000e+00,0.000000e+00,0.000000e+00,0.000000e+00,0.000000e+00
1.000000e+00,0.000000e+00,0.000000e+00,0.000000e+00,0.000000e+00,0.000000e+00,0.000000e+00,0.000000e+00,0.000000e+00,0.000000e+00,0.000000e+00,0.000000e+00,0.000000e+00,0.000000e+00,0.000000e+00
1.000000e+00,0.000000e+00,0.000000e+00,0.000000e+00,0.000000e+00,0.000000e+00,0.000000e+00,0.000000e+00,0.000000e+00,0.000000e+00,0.000000e+00,0.000000e+00,0.000000e+00,0.000000e+00,0.000000e+00
1.000000e+00,0.000000e+00,0.000000e+00,0.000000e+00,0.000000e+00,0.000000e+00,0.000000e+00,0.000000e+00,0.000000e+00,0.000000e+00,0.000000e+00,0.000000e+00,0.000000e+00,0.000000e+00,0.000000e+00
1.000000e+00,0.000000e+00,0.000000e+00,0.000000e+00,0.000000e+00,0.000000e+00,0.000000e+00,0.000000e+00,0.000000e+00,0.000000e+00,0.000000e+00,0.000000e+00,0.000000e+00,0.000000e+00,0.000000e+00
1.000000e+00,0.000000e+00,0.000000e+00,0.000000e+00,0.000000e+00,0.000000e+00,0.000000e+00,0.000000e+00,0.000000e+00,0.000000e+00,0.000000e+00,0.000000e+00,0.000000e+00,0.000000e+00,0.000000e+00
1.000000e+00,0.000000e+00,0.000000e+00,0.000000e+00,0.000000e+00,0.000000e+00,0.000000e+00,0.000000e+00,0.000000e+00,0.000000e+00,0.000000e+00,0.000000e+00,0.000000e+00,0.000000e+00,0.000000e+00
1.000000e+00,0.000000e+00,0.000000e+00,0.000000e+00,0.000000e+00,0.000000e+00,0.000000e+00,0.000000e+00,0.000000e+00,0.000000e+00,0.000000e+00,0.000000e+00,0.000000e+00,0.000000e+00,0.000000e+00
1.000000e+00,0.000000e+00,0.000000e+00,0.000000e+00,0.000000e+00,0.000000e+00,0.000000e+00,0.000000e+00,0.000000e+00,0.000000e+00,0.000000e+00,0.000000e+00,0.000000e+00,0.000000e+00,0.000000e+00
1.000000e+00,0.000000e+00,0.000000e+00,0.000000e+00,0.000000e+00,0.000000e+00,0.000000e+00,0.000000e+00,0.000000e+00,0.000000e+00,0.000000e+00,0.000000e+00,0.000000e+00,0.000000e+00,0.000000e+00
1.000000e+00,0.000000e+00,0.000000e+00,0.000000e+00,0.000000e+00,0.000000e+00,0.000000e+00,0.000000e+00,0.000000e+00,0.000000e+00,0.000000e+00,0.000000e+00,0.000000e+00,0.000000e+00,0.000000e+00
1.000000e+00,0.000000e+00,0.000000e+00,0.000000e+00,0.000000e+00,0.000000e+00,0.000000e+00,0.000000e+00,0.000000e+00,0.000000e+00,0.000000e+00,0.000000e+00,0.000000e+00,0.000000e+00,0.000000e+00
1.000000e+00,0.000000e+00,0.000000e+00,0.000000e+00,0.000000e+00,0.000000e+00,0.000000e+00,0.000000e+00,0.000000e+00,0.000000e+00,0.000000e+00,0.000000e+00,0.000000e+00,0.000000e+00,0.000000e+00
1.000000e+00,0.000000e+00,0.000000e+00,0.000000e+00,0.000000e+00,0.000000e+00,0.000000e+00,0.000000e+00,0.000000e+00,0.000000e+00,0.000000e+00,0.000000e+00,0.000000e+00,0.000000e+00,0.000000e+00
1.000000e+00,0.000000e+00,0.000000e+00,0.000000e+00,0.000000e+00,0.000000e+00,0.000000e+00,0.000000e+00,0.000000e+00,0.000000e+00,0.000000e+00,0.000000e+00,0.000000e+00,0.000000e+00,0.000000e+00
1.000000e+00,0.000000e+00,0.000000e+00,0.000000e+00,0.000000e+00,0.000000e+00,0.000000e+00,0.000000e+00,0.000000e+00,0.000000e+00,0.000000e+00,0.000000e+00,0.000000e+00,0.000000e+00,0.000000e+00
1.000000e+00,0.000000e+00,0.000000e+00,0.000000e+00,0.000000e+00,0.000000e+00,0.000000e+00,0.000000e+00,0.000000e+00,0.000000e+00,0.000000e+00,0.000000e+00,0.000000e+00,0.000000e+00,0.000000e+00
1.000000e+00,0.000000e+00,0.000000e+00,0.000000e+00,0.000000e+00,0.000000e+00,0.000000e+00,0.000000e+00,0.000000e+00,0.000000e+00,0.000000e+00,0.000000e+00,0.000000e+00,0.000000e+00,0.000000e+00
1.000000e+00,0.000000e+00,0.000000e+00,0.000000e+00,0.000000e+00,0.000000e+00,0.000000e+00,0.000000e+00,0.000000e+00,0.000000e+00,0.000000e+00,0.000000e+00,0.000000e+00,0.000000e+00,0.000000e+00
1.000000e+00,0.000000e+00,0.000000e+00,0.000000e+00,0.000000e+00,0.000000e+00,0.000000e+00,0.000000e+00,0.000000e+00,0.000000e+00,0.000000e+00,0.000000e+00,0.000000e+00,0.000000e+00,0.000000e+00
1.000000e+00,0.000000e+00,0.000000e+00,0.000000e+00,0.000000e+00,0.000000e+00,0.000000e+00,0.000000e+00,0.000000e+00,0.000000e+00,0.000000e+00,0.000000e+00,0.000000e+00,0.000000e+00,0.000000e+00
1.000000e+00,0.000000e+00,0.000000e+00,0.000000e+00,0.000000e+00,0.000000e+00,0.000000e+00,0.000000e+00,0.000000e+00,0.000000e+00,0.000000e+00,0.000000e+00,0.000000e+00,0.000000e+00,0.000000e+00
1.000000e+00,0.000000e+00,0.000000e+00,0.000000e+00,0.000000e+00,0.000000e+00,0.000000e+00,0.000000e+00,0.000000e+00,0.000000e+00,0.000000e+00,0.000000e+00,0.000000e+00,0.000000e+00,0.000000e+00
1.000000e+00,0.000000e+00,0.000000e+00,0.000000e+00,0.000000e+00,0.000000e+00,0.000000e+00,0.000000e+00,0.000000e+00,0.000000e+00,0.000000e+00,0.000000e+00,0.000000e+00,0.000000e+00,0.000000e+00
1.000000e+00,0.000000e+00,0.000000e+00,0.000000e+00,0.000000e+00,0.000000e+00,0.000000e+00,0.000000e+00,0.000000e+00,0.000000e+00,0.000000e+00,0.000000e+00,0.000000e+00,0.000000e+00,0.000000e+00
1.000000e+00,0.000000e+00,0.000000e+00,0.000000e+00,0.000000e+00,0.000000e+00,0.000000e+00,0.000000e+00,0.000000e+00,0.000000e+00,0.000000e+00,0.000000e+00,0.000000e+00,0.000000e+00,0.000000e+00
1.000000e+00,0.000000e+00,0.000000e+00,0.000000e+00,0.000000e+00,0.000000e+00,0.000000e+00,0.000000e+00,0.000000e+00,0.000000e+00,0.000000e+00,0.000000e+00,0.000000e+00,0.000000e+00,0.000000e+00
1.000000e+00,0.000000e+00,0.000000e+00,0.000000e+00,0.000000e+00,0.000000e+00,0.000000e+00,0.000000e+00,0.000000e+00,0.000000e+00,0.000000e+00,0.000000e+00,0.000000e+00,0.000000e+00,0.000000e+00
1.000000e+00,0.000000e+00,0.000000e+00,0.000000e+00,0.000000e+00,0.000000e+00,0.000000e+00,0.000000e+00,0.000000e+00,0.000000e+00,0.000000e+00,0.000000e+00,0.000000e+00,0.000000e+00,0.000000e+00
1.000000e+00,0.000000e+00,0.000000e+00,0.000000e+00,0.000000e+00,0.000000e+00,0.000000e+00,0.000000e+00,0.000000e+00,0.000000e+00,0.000000e+00,0.000000e+00,0.000000e+00,0.000000e+00,0.000000e+00
1.000000e+00,0.000000e+00,0.000000e+00,0.000000e+00,0.000000e+00,0.000000e+00,0.000000e+00,0.000000e+00,0.000000e+00,0.000000e+00,0.000000e+00,0.000000e+00,0.000000e+00,0.000000e+00,0.000000e+00
1.000000e+00,0.000000e+00,0.000000e+00,0.000000e+00,0.000000e+00,0.000000e+00,0.000000e+00,0.000000e+00,0.000000e+00,0.000000e+00,0.000000e+00,0.000000e+00,0.000000e+00,0.000000e+00,0.000000e+00
1.000000e+00,0.000000e+00,0.000000e+00,0.000000e+00,0.000000e+00,0.000000e+00,0.000000e+00,0.000000e+00,0.000000e+00,0.000000e+00,0.000000e+00,0.000000e+00,0.000000e+00,0.000000e+00,0.000000e+00
1.000000e+00,0.000000e+00,0.000000e+00,0.000000e+00,0.000000e+00,0.000000e+00,0.000000e+00,0.000000e+00,0.000000e+00,0.000000e+00,0.000000e+00,0.000000e+00,0.000000e+00,0.000000e+00,0.000000e+00
1.000000e+00,0.000000e+00,0.000000e+00,0.000000e+00,0.000000e+00,0.000000e+00,0.000000e+00,0.000000e+00,0.000000e+00,0.000000e+00,0.000000e+00,0.000000e+00,0.000000e+00,0.000000e+00,0.000000e+00
1.000000e+00,0.000000e+00,0.000000e+00,0.000000e+00,0.000000e+00,0.000000e+00,0.000000e+00,0.000000e+00,0.000000e+00,0.000000e+00,0.000000e+00,0.000000e+00,0.000000e+00,0.000000e+00,0.000000e+00
1.000000e+00,0.000000e+00,0.000000e+00,0.000000e+00,0.000000e+00,0.000000e+00,0.000000e+00,0.000000e+00,0.000000e+00,0.000000e+00,0.000000e+00,0.000000e+00,0.000000e+00,0.000000e+00,0.000000e+00
1.000000e+00,0.000000e+00,0.000000e+00,0.000000e+00,0.000000e+00,0.000000e+00,0.000000e+00,0.000000e+00,0.000000e+00,0.000000e+00,0.000000e+00,0.000000e+00,0.000000e+00,0.000000e+00,0.000000e+00
4.482739e-01,2.758547e-02,8.350202e-03,1.425768e-01,3.944287e-03,8.305624e-02,2.014665e-03,1.086018e-02,1.576049e-02,1.061316e-02,1.678139e-01,2.291106e-02,2.863015e-02,8.342494e-03,1.926712e-02
3.144051e-01,2.006029e-02,6.047012e-03,1.724035e-01,3.286647e-03,1.183791e-01,1.673323e-03,7.949094e-03,5.851467e-02,3.017917e-02,1.941374e-01,1.971404e-02,2.720692e-02,1.032021e-02,1.572345e-02
2.225356e-01,1.435823e-02,4.369159e-03,1.503311e-01,1.204634e-02,9.210330e-02,1.473172e-03,6.421575e-03,5.074064e-02,6.594048e-02,2.804199e-01,1.903359e-02,1.953031e-02,4.898854e-02,1.170803e-02
1.572160e-01,1.014148e-02,3.085450e-03,1.060023e-01,9.872848e-03,6.532798e-02,1.081524e-03,4.642024e-03,3.714877e-02,5.899731e-02,4.411004e-01,1.456814e-02,1.396969e-02,6.832102e-02,8.525108e-03
1.104165e-01,7.126007e-03,2.178601e-03,7.452256e-02,7.612708e-03,4.629885e-02,7.796991e-04,3.419696e-03,2.714052e-02,4.819183e-02,5.865721e-01,1.092829e-02,9.992141e-03,5.865543e-02,6.165136e-03
7.903881e-02,5.070021e-03,1.553535e-03,5.269098e-02,8.858187e-03,3.300093e-02,5.721308e-04,2.640802e-03,1.982590e-02,3.714889e-02,6.698822e-01,9.796759e-03,7.210654e-03,6.810371e-02,4.606560e-03
5.779471e-02,3.624825e-03,1.106175e-03,3.723886e-02,1.371924e-02,2.333066e-02,4.157103e-04,1.966869e-03,1.410956e-02,2.815679e-02,7.246363e-01,8.336450e-03,5.225407e-03,7.667732e-02,3.661150e-03
4.060935e-02,2.580890e-03,7.858695e-04,2.629903e-02,1.388590e-02,1.643485e-02,2.945196e-04,1.404118e-03,1.009031e-02,2.056763e-02,7.275767e-01,1.120102e-02,3.847135e-03,1.217013e-01,2.721395e-03
2.849222e-02,1.837662e-03,5.644639e-04,1.843168e-02,1.139408e-02,1.156711e-02,2.123552e-04,9.980751e-04,7.158506e-03,1.607420e-02,7.746407e-01,9.297769e-03,2.910140e-03,1.143130e-01,2.108051e-03
2.004230e-02,1.507497e-03,4.483015e-04,1.292816e-02,1.504873e-02,8.208197e-03,1.595875e-04,7.355607e-04,5.528975e-03,1.372341e-02,7.637985e-01,1.157369e-02,2.240814e-03,1.423303e-01,1.726077e-03
1.423318e-02,5.987037e-03,9.812253e-04,9.115131e-03,5.977585e-02,7.358708e-03,1.623402e-04,6.938491e-04,1.197880e-02,1.740093e-02,7.119313e-01,1.024022e-02,1.874318e-03,1.459721e-01,2.295079e-03
1.017087e-02,4.583396e-03,8.740688e-04,6.393591e-03,4.622046e-02,5.442340e-03,1.261167e-04,5.516341e-04,1.180571e-02,1.727084e-02,7.380824e-01,8.545721e-03,1.543806e-03,1.460038e-01,2.385294e-03
7.255341e-03,3.299144e-03,6.517898e-04,4.479071e-03,3.273140e-02,3.924300e-03,9.272517e-05,3.924472e-04,8.979637e-03,1.680455e-02,7.855690e-01,6.667618e-03,1.291294e-03,1.261032e-01,1.758488e-03
5.419794e-03,5.765770e-03,1.625588e-03,3.292613e-03,2.423718e-02,5.157793e-03,1.359924e-04,5.260268e-04,1.420225e-02,2.652167e-02,7.518240e-01,5.490692e-03,1.042123e-03,1.529798e-01,1.778681e-03
4.345091e-03,9.193983e-03,3.017965e-03,3.072426e-03,1.965164e-02,1.724311e-02,3.110630e-04,8.550358e-04,2.469146e-02,4.697086e-02,6.665286e-01,4.386962e-03,1.097969e-03,1.959169e-01,2.716998e-03
4.332417e-03,1.019752e-02,9.216012e-03,3.320373e-03,1.842321e-02,3.878287e-02,3.905862e-04,3.034721e-03,4.855495e-02,7.580443e-02,5.770243e-01,3.973709e-03,1.609650e-03,1.999836e-01,5.351662e-03
5.345857e-03,1.325601e-02,1.102909e-02,4.428139e-03,2.011454e-02,1.541836e-01,5.973781e-04,3.335830e-03,5.368067e-02,7.035763e-02,4.788873e-01,3.347661e-03,1.803825e-03,1.726594e-01,6.973068e-03
1.487167e-02,1.814510e-02,1.069211e-01,5.637891e-03,2.559641e-02,1.414814e-01,9.746290e-04,2.549686e-02,6.241397e-02,5.966005e-02,3.823119e-01,2.642681e-03,3.105474e-03,1.425776e-01,8.163366e-03
1.192135e-02,1.538879e-02,3.469181e-01,7.481805e-03,2.198502e-02,9.986126e-02,7.960506e-04,2.066727e-02,4.743673e-02,4.467259e-02,2.689049e-01,1.909767e-03,2.515625e-03,1.004830e-01,9.057738e-03
9.603724e-03,1.267891e-02,5.185417e-01,6.097759e-03,1.829946e-02,7.069530e-02,6.228364e-04,1.595107e-02,3.702331e-02,3.385283e-02,1.894397e-01,1.410822e-03,2.009815e-03,7.175961e-02,1.201312e-02
2.086616e-02,1.159534e-02,5.935287e-01,1.289222e-02,2.382982e-02,5.072861e-02,8.158882e-04,2.001369e-02,3.014527e-02,2.755051e-02,1.344735e-01,1.575132e-03,2.578488e-03,5.365755e-02,1.574903e-02
5.983365e-02,9.741313e-03,5.717274e-01,1.221585e-02,4.133400e-02,4.165988e-02,7.686508e-04,1.733527e-02,2.351679e-02,4.091858e-02,9.587515e-02,1.645905e-03,2.519857e-03,4.237532e-02,3.853236e-02
5.604605e-02,1.368319e-02,4.842475e-01,1.120300e-01,5.602337e-02,3.078615e-02,1.037596e-03,3.480303e-02,2.132339e-02,3.353281e-02,6.905944e-02,2.121568e-03,3.081925e-03,3.118021e-02,5.104375e-02
5.301432e-02,1.563847e-02,4.402152e-01,1.492001e-01,5.542313e-02,2.278906e-02,7.950721e-04,3.203209e-02,2.963790e-02,2.625530e-02,5.218016e-02,2.553170e-03,2.955620e-03,2.357281e-02,9.373756e-02
6.910542e-02,1.932639e-02,4.059300e-01,1.230504e-01,6.320512e-02,1.963732e-02,7.035794e-04,3.693562e-02,6.616324e-02,2.902101e-02,4.320663e-02,2.753232e-03,3.057528e-03,2.236875e-02,9.553576e-02
7.607143e-02,2.750115e-02,4.286764e-01,1.096194e-01,6.601057e-02,2.076477e-02,8.497490e-04,5.117600e-02,6.122238e-02,2.366325e-02,3.334991e-02,2.451147e-03,2.705839e-03,2.205363e-02,7.388441e-02
7.600220e-02,2.861486e-02,4.882330e-01,1.142804e-01,5.470569e-02,1.812658e-02,8.847929e-04,4.153886e-02,5.081945e-02,2.135097e-02,2.495458e-02,2.102752e-03,2.253357e-03,1.730389e-02,5.882862e-02
6.685810e-02,2.345359e-02,5.321671e-01,8.698910e-02,4.203743e-02,1.378991e-02,7.028394e-04,3.037987e-02,5.969272e-02,1.994163e-02,1.813559e-02,1.903496e-03,2.093005e-03,1.459885e-02,8.725676e-02
6.807632e-02,1.958224e-02,5.401962e-01,7.167084e-02,3.162080e-02,1.047382e-02,5.943917e-04,2.158919e-02,7.509530e-02,1.991999e-02,1.434887e-02,1.707389e-03,1.768763e-03,3.026909e-02,9.308672e-02
8.479268e-02,1.712756e-02,4.967496e-01,5.608391e-02,2.441632e-02,8.654713e-03,6.186556e-04,1.550547e-02,9.290354e-02,3.360012e-02,1.463288e-02,1.741359e-03,2.320264e-03,3.372863e-02,1.171243e-01
1.012733e-01,1.596231e-02,4.607870e-01,6.284499e-02,1.950818e-02,7.687723e-03,6.180635e-04,1.129404e-02,1.141297e-01,3.335676e-02,1.332390e-02,1.986151e-03,2.806802e-03,3.765485e-02,1.167661e-01
1.070816e-01,2.130526e-02,4.196930e-01,5.888889e-02,1.541674e-02,6.727990e-03,5.997252e-04,8.492046e-03,1.373630e-01,4.154951e-02,1.271587e-02,2.184483e-03,3.658807e-03,4.535061e-02,1.189725e-01
7.702360e-02,2.545076e-02,3.596975e-01,4.740471e-02,1.093958e-02,4.903384e-03,4.340770e-04,6.021814e-03,2.245170e-01,6.633364e-02,9.462233e-03,1.673279e-03,3.181104e-03,3.444471e-02,1.285126e-01
5.504214e-02,5.227220e-02,2.779725e-01,3.870742e-02,7.711340e-03,3.516059e-03,3.157517e-04,4.290203e-03,3.439043e-01,6.325653e-02,7.231715e-03,1.535850e-03,3.074030e-03,2.495603e-02,1.162138e-01
4.029651e-02,5.724533e-02,1.990334e-01,2.871942e-02,5.651946e-03,2.737617e-03,2.394540e-04,3.224066e-03,3.552515e-01,1.709748e-01,7.980438e-03,1.678200e-03,4.561068e-03,1.862296e-02,1.037833e-01
3.073109e-02,4.913291e-02,1.587920e-01,4.960912e-02,4.682845e-03,2.511380e-03,2.290087e-04,2.852404e-03,4.718487e-01,1.248874e-01,7.330147e-03,1.615090e-03,5.624757e-03,1.330414e-02,7.684907e-02
4.611287e-02,5.170018e-02,1.297704e-01,5.469567e-02,7.031349e-03,6.543727e-03,4.128409e-04,2.464749e-03,4.650452e-01,1.038458e-01,1.071122e-02,1.835940e-03,8.955061e-03,1.159887e-02,9.927609e-02
3.694974e-02,4.300562e-02,1.101910e-01,2.322347e-01,9.647893e-03,6.525957e-03,4.635857e-04,3.613898e-03,3.754273e-01,7.470732e-02,8.356911e-03,1.597067e-03,6.881813e-03,8.325052e-03,8.207216e-02
4.092085e-02,6.349021e-02,9.581853e-02,2.040296e-01,9.680350e-03,7.879085e-03,5.740677e-04,4.465235e-03,3.197096e-01,1.226129e-01,1.032866e-02,2.675069e-03,7.531278e-03,7.688405e-03,1.025962e-01
3.245682e-02,5.144052e-02,8.957303e-02,2.498940e-01,3.874017e-02,2.004953e-02,1.362518e-03,2.129444e-02,2.791275e-01,1.058933e-01,1.457428e-02,2.470634e-03,8.490207e-03,6.054176e-03,7.857889e-02
4.611024e-02,6.052937e-02,7.612088e-02,2.171691e-01,4.574727e-02,3.991753e-02,1.693267e-03,1.930768e-02,2.521913e-01,1.264584e-01,1.176920e-02,2.210191e-03,9.266696e-03,5.069182e-03,8.643974e-02
4.934648e-02,6.891653e-02,6.275924e-02,1.774922e-01,5.104943e-02,3.943272e-02,1.758874e-03,1.886237e-02,2.285309e-01,1.878413e-01,9.632409e-03,1.928841e-03,7.925854e-03,4.283836e-03,9.023906e-02
8.507447e-02,9.502496e-02,5.916625e-02,1.549684e-01,5.153909e-02,3.649564e-02,2.719505e-03,2.442866e-02,2.116123e-01,1.662486e-01,1.008309e-02,3.197712e-03,1.039251e-02,5.392392e-03,8.365639e-02
1.949479e-01,8.594571e-02,4.742329e-02,1.204231e-01,4.102805e-02,3.728027e-02,3.269479e-03,3.888632e-02,1.695818e-01,1.396447e-01,1.075329e-02,7.817859e-03,1.026115e-02,7.038659e-03,8.569845e-02
2.777825e-01,8.101115e-02,3.756014e-02,9.426268e-02,3.959598e-02,3.894719e-02,4.040223e-03,4.895750e-02,1.406893e-01,1.105747e-01,1.125211e-02,9.199791e-03,1.076962e-02,9.613371e-03,8.574377e-02
3.023153e-01,8.825439e-02,2.846154e-02,7.133251e-02,4.048514e-02,4.406284e-02,4.878339e-03,4.940742e-02,1.827791e-01,7.903452e-02,9.387817e-03,8.560846e-03,1.255991e-02,1.133505e-02,6.714535e-02
2.928335e-01,1.363629e-01,2.113870e-02,5.283587e-02,3.659307e-02,4.982330e-02,4.181216e-03,3.960845e-02,2.159037e-01,5.666771e-02,7.932164e-03,7.793746e-03,1.297853e-02,1.201303e-02,5.333419e-02
3.333677e-01,1.561378e-01,1.627113e-02,4.270304e-02,3.846493e-02,4.451529e-02,4.001551e-03,2.917348e-02,1.924299e-01,4.199387e-02,9.315148e-03,1.380652e-02,1.223668e-02,1.268595e-02,5.289701e-02
3.835791e-01,1.832764e-01,1.219530e-02,3.405017e-02,3.142752e-02,3.592863e-02,3.227366e-03,2.133677e-02,1.588635e-01,3.345409e-02,1.127241e-02,1.766323e-02,1.092163e-02,1.204311e-02,5.076081e-02
3.982404e-01,1.812814e-01,1.218002e-02,4.524761e-02,2.512661e-02,2.979636e-02,4.417821e-03,1.740855e-02,1.374770e-01,2.856868e-02,1.152621e-02,3.070768e-02,1.246476e-02,1.106574e-02,5.449118e-02
3.009582e-01,1.521951e-01,1.207904e-02,4.717579e-02,1.799781e-02,2.347971e-02,3.168472e-03,1.241681e-02,1.181910e-01,3.459994e-02,1.152195e-02,2.530916e-02,1.066410e-02,1.606282e-02,2.141801e-01
2.401073e-01,1.102941e-01,8.903696e-03,3.393720e-02,1.266759e-02,1.814630e-02,2.256004e-03,8.781073e-03,8.711051e-02,3.874788e-02,9.632025e-03,1.854339e-02,9.289018e-03,1.378517e-02,3.877987e-01
2.154396e-01,8.526154e-02,8.343538e-03,2.626970e-02,9.210099e-03,1.614594e-02,1.741563e-03,6.421816e-03,9.727044e-02,1.079836e-01,1.405385e-02,1.470812e-02,8.230385e-03,1.787384e-02,3.710459e-01
2.326360e-01,6.255397e-02,1.031023e-02,1.931489e-02,7.120174e-03,2.589726e-02,1.541646e-03,6.179895e-03,7.645898e-02,1.233192e-01,3.864966e-02,1.193556e-02,1.892314e-02,9.071372e-02,2.744457e-01
2.373205e-01,4.524948e-02,9.489104e-03,1.409838e-02,5.498647e-03,2.084701e-02,1.282041e-03,4.800527e-03,6.131338e-02,1.404195e-01,8.326501e-02,9.562928e-03,1.505604e-02,1.527649e-01,1.990325e-01
1.712310e-01,3.185629e-02,6.842000e-03,9.909143e-03,3.939703e-03,1.502717e-02,9.274979e-04,3.390906e-03,4.438914e-02,1.126939e-01,1.241483e-01,6.825994e-03,1.065080e-02,3.158695e-01,1.422987e-01
1.293433e-01,2.265484e-02,5.149388e-03,7.127381e-03,3.054990e-03,1.149040e-02,8.233892e-04,2.482011e-03,3.664193e-02,1.106756e-01,1.975409e-01,5.227190e-03,7.596692e-03,3.539159e-01,1.062761e-01
9.838229e-02,1.595614e-02,3.704566e-03,5.069337e-03,2.313110e-03,8.768062e-03,6.932653e-04,1.873531e-03,2.817351e-02,1.230651e-01,2.825960e-01,4.099619e-03,5.452117e-03,3.418981e-01,7.795522e-02
7.273868e-02,1.131193e-02,2.721614e-03,3.686328e-03,2.166805e-03,8.081947e-03,5.369136e-04,1.430047e-03,2.095843e-02,3.079255e-01,2.199168e-01,3.506165e-03,3.945136e-03,2.856373e-01,5.543643e-02
5.417538e-02,8.114106e-03,2.021262e-03,2.891097e-03,3.671217e-03,9.095957e-03,5.348925e-04,1.290805e-03,1.769545e-02,4.412847e-01,1.645845e-01,2.972677e-03,3.013805e-03,2.483237e-01,4.033054e-02
3.939773e-02,6.045837e-03,1.521530e-03,2.186871e-03,3.002438e-03,7.592009e-03,4.239421e-04,1.017994e-03,2.453449e-02,5.660996e-01,1.230411e-01,2.671042e-03,2.946329e-03,1.899714e-01,2.954755e-02
2.885212e-02,4.752091e-03,1.355994e-03,1.680569e-03,2.948574e-03,6.628609e-03,3.774044e-04,1.421337e-03,3.074332e-02,6.462932e-01,1.019533e-01,3.554618e-03,5.504515e-03,1.412569e-01,2.267753e-02
2.091086e-02,3.891343e-03,1.029777e-03,1.350533e-03,3.329533e-03,6.135544e-03,3.052336e-04,1.569301e-03,3.965950e-02,6.834553e-01,1.011212e-01,6.901315e-03,8.865202e-03,1.051280e-01,1.634741e-02
1.510479e-02,6.315959e-03,8.654643e-04,1.459786e-03,5.140208e-03,6.108261e-03,4.123137e-04,1.756887e-03,7.483023e-02,6.708562e-01,1.016960e-01,8.827694e-03,1.671204e-02,7.787153e-02,1.204274e-02
1.099604e-02,1.545513e-02,9.664557e-04,1.727490e-03,8.136065e-03,5.505730e-03,6.329599e-04,1.453569e-03,1.924081e-01,5.695207e-01,9.404443e-02,1.409430e-02,2.009386e-02,5.583758e-02,9.127655e-03
8.178804e-03,3.465667e-02,1.243779e-03,1.370995e-02,1.024153e-02,7.443748e-03,5.641614e-04,3.643488e-03,3.316028e-01,4.431678e-01,7.071638e-02,1.092009e-02,1.684514e-02,3.947008e-02,7.595678e-03
6.448103e-03,3.577270e-02,9.998130e-04,1.317646e-02,1.242960e-02,1.260536e-02,5.141581e-04,3.321942e-03,4.558828e-01,3.309761e-01,6.002232e-02,1.020932e-02,1.895903e-02,2.925411e-02,9.428205e-03
6.080982e-03,3.283284e-02,1.057115e-03,1.656920e-02,1.443630e-02,1.882905e-02,7.407670e-04,5.947412e-03,5.292119e-01,2.419568e-01,5.804483e-02,1.256485e-02,2.850093e-02,2.314342e-02,1.008357e-02
5.118818e-03,2.917610e-02,1.217953e-03,1.393406e-02,1.068160e-02,1.663681e-02,6.262427e-04,4.439931e-03,4.406703e-01,1.734550e-01,1.417776e-01,6.292038e-02,6.712475e-02,2.065352e-02,1.156687e-02
5.552175e-03,2.497289e-02,1.986721e-03,1.718484e-02,8.409030e-03,1.429347e-02,6.202246e-04,5.645792e-03,4.107265e-01,1.242596e-01,1.894856e-01,7.858184e-02,9.181340e-02,1.643137e-02,1.003647e-02
6.229529e-03,3.201083e-02,5.223716e-03,1.932445e-02,7.680440e-03,1.761891e-02,5.957468e-04,2.800737e-02,4.399868e-01,8.936522e-02,1.698123e-01,7.025745e-02,8.852762e-02,1.458820e-02,1.077146e-02
1.251201e-02,4.046176e-02,5.348337e-03,3.859532e-02,8.161181e-03,2.402979e-02,1.444184e-03,2.161507e-02,4.271949e-01,7.152161e-02,1.775134e-01,5.523155e-02,8.785646e-02,1.461942e-02,1.389501e-02
2.285251e-02,3.832480e-02,6.961131e-03,3.560370e-02,8.932566e-03,2.483700e-02,2.814445e-03,2.136025e-02,4.038637e-01,5.501328e-02,1.700134e-01,5.430073e-02,9.801166e-02,2.228253e-02,3.482829e-02
8.662555e-02,3.465496e-02,9.962335e-03,3.444941e-02,3.234572e-02,2.785422e-02,6.821540e-03,2.102786e-02,3.536332e-01,4.403448e-02,1.520239e-01,4.911426e-02,9.454010e-02,2.176571e-02,3.114674e-02
8.577409e-02,3.230173e-02,2.654838e-02,6.687665e-02,4.882308e-02,2.809840e-02,6.457588e-03,2.935494e-02,2.978614e-01,3.286279e-02,1.583223e-01,4.817199e-02,9.640402e-02,1.792563e-02,2.421694e-02
8.400115e-02,3.425765e-02,1.108922e-01,7.077743e-02,5.584520e-02,4.099485e-02,6.574147e-03,2.804241e-02,2.140281e-01,2.715732e-02,1.477092e-01,6.389803e-02,8.201064e-02,1.596970e-02,1.784187e-02
9.846787e-02,3.416137e-02,1.100136e-01,6.307876e-02,6.134015e-02,3.520701e-02,6.609004e-03,2.409926e-02,1.603248e-01,3.568295e-02,1.980726e-01,6.620629e-02,7.491229e-02,1.699044e-02,1.483354e-02
1.112646e-01,2.751396e-02,9.313431e-02,6.829735e-02,6.321506e-02,2.763756e-02,6.024003e-03,3.149472e-02,1.218551e-01,4.050040e-02,2.312398e-01,6.060276e-02,8.437153e-02,2.007178e-02,1.277703e-02
1.545918e-01,3.159656e-02,9.834969e-02,1.248934e-01,6.052946e-02,2.304863e-02,5.000339e-03,2.555366e-02,1.033950e-01,3.638958e-02,1.800042e-01,5.052441e-02,7.313491e-02,1.790024e-02,1.508805e-02
1.593830e-01,3.603799e-02,1.294800e-01,1.402689e-01,4.945996e-02,2.183634e-02,3.934492e-03,2.060578e-02,9.701137e-02,3.858174e-02,1.499914e-01,4.381569e-02,6.067955e-02,2.353049e-02,2.538324e-02
1.247287e-01,2.786092e-02,9.663848e-02,1.095036e-01,3.663704e-02,1.728114e-02,2.933102e-03,1.646522e-02,8.529298e-02,3.184380e-02,2.454618e-01,4.186879e-02,5.836914e-02,8.190071e-02,2.321458e-02
1.450035e-01,2.258014e-02,7.737306e-02,8.771987e-02,3.134791e-02,1.919963e-02,2.526514e-03,1.488671e-02,7.594073e-02,3.745424e-02,2.641787e-01,3.851962e-02,5.998309e-02,8.299549e-02,4.029082e-02
1.243732e-01,1.784344e-02,6.024781e-02,6.444257e-02,2.562698e-02,1.741154e-02,1.950674e-03,1.231518e-02,8.269107e-02,1.557282e-01,1.963162e-01,2.920413e-02,5.059458e-02,1.033118e-01,5.794257e-02
1.241181e-01,1.551633e-02,4.959346e-02,4.824093e-02,2.218592e-02,1.630284e-02,1.702913e-03,1.173172e-02,1.100385e-01,1.845284e-01,1.412812e-01,2.225753e-02,4.097294e-02,1.367648e-01,7.476422e-02
1.450727e-01,1.983892e-02,4.554800e-02,4.639455e-02,1.821803e-02,1.673849e-02,1.988580e-03,1.036090e-02,1.818329e-01,1.659284e-01,1.087124e-01,1.885460e-02,3.480297e-02,1.256588e-01,6.004978e-02
1.093083e-01,1.778527e-02,3.385637e-02,3.294004e-02,1.338058e-02,1.443731e-02,1.542297e-03,7.691478e-03,2.901233e-01,1.206295e-01,1.185323e-01,1.408417e-02,2.500832e-02,1.561317e-01,4.454911e-02
9.758329e-02,1.466864e-02,2.395353e-02,2.337981e-02,9.561573e-03,1.422525e-02,1.145962e-03,5.552042e-03,2.242532e-01,9.160484e-02,2.358512e-01,1.443157e-02,1.808064e-02,1.919530e-01,3.375546e-02
7.898340e-02,1.157668e-02,1.687987e-02,1.642579e-02,6.771562e-03,1.043262e-02,8.204392e-04,3.927672e-03,1.688086e-01,6.590113e-02,3.167225e-01,1.506074e-02,1.317882e-02,2.501318e-01,2.437842e-02
6.135104e-02,1.017457e-02,1.197087e-02,1.157298e-02,4.935011e-03,8.603775e-03,6.027683e-04,2.837915e-03,1.217092e-01,4.715429e-02,3.680450e-01,1.465581e-02,9.620640e-03,3.082393e-01,1.852680e-02
5.751872e-02,2.054190e-02,1.673830e-02,8.551735e-03,5.411184e-03,1.311417e-02,5.947591e-04,2.976303e-03,9.397294e-02,3.422879e-02,3.724454e-01,1.510477e-02,7.971085e-03,3.322810e-01,1.854892e-02
4.080292e-02,4.114119e-02,1.399620e-02,6.105506e-03,4.300920e-03,1.230786e-01,4.519705e-04,2.421004e-03,7.779308e-02,2.686773e-02,3.232756e-01,1.142026e-02,5.814525e-03,2.985928e-01,2.393769e-02
3.013331e-02,4.051170e-02,1.032696e-02,4.549545e-03,3.748777e-03,1.546812e-01,3.603627e-04,2.169809e-03,8.090308e-02,2.692602e-02,2.949017e-01,9.431751e-03,4.515406e-03,3.158958e-01,2.094462e-02
2.200579e-02,5.553328e-02,1.976118e-02,4.040476e-03,3.913783e-03,1.836561e-01,5.131382e-04,4.775031e-03,1.108129e-01,2.230642e-02,2.240711e-01,7.042365e-03,3.760546e-03,3.162424e-01,2.156554e-02
1.785178e-02,5.384738e-02,1.521886e-02,3.884284e-03,4.137845e-03,2.554806e-01,4.698343e-04,5.347827e-03,1.329484e-01,2.087923e-02,1.654933e-01,5.467812e-03,4.123632e-03,2.979740e-01,1.687516e-02
1.654788e-02,4.945603e-02,1.340705e-02,5.324837e-03,4.771086e-03,3.587416e-01,4.806949e-04,7.119467e-03,1.301407e-01,2.217887e-02,1.287640e-01,5.039911e-03,4.721041e-03,2.401187e-01,1.318818e-02
2.416023e-02,5.998294e-02,7.057247e-02,5.441667e-02,1.721494e-02,2.912779e-01,1.159043e-03,2.221159e-02,1.405088e-01,2.069322e-02,9.709129e-02,4.015629e-03,4.381493e-03,1.789189e-01,1.339479e-02
6.179725e-02,9.247914e-02,6.473298e-02,6.461946e-02,1.590524e-02,2.143492e-01,1.034647e-03,1.810325e-02,1.447222e-01,4.475394e-02,8.767512e-02,3.775839e-03,5.009578e-03,1.542343e-01,2.680777e-02
7.965609e-02,1.006369e-01,5.593199e-02,4.828033e-02,2.124397e-02,1.700705e-01,8.123582e-04,1.683100e-02,1.910024e-01,4.194282e-02,9.434032e-02,4.148066e-03,4.808292e-03,1.361202e-01,3.417480e-02
1.021796e-01,9.623207e-02,4.698312e-02,4.551809e-02,5.795190e-02,1.298812e-01,1.054033e-03,1.448913e-02,2.305624e-01,3.316585e-02,8.620024e-02,4.216034e-03,5.764501e-03,1.102277e-01,3.557415e-02
9.659614e-02,8.796106e-02,5.057922e-02,8.685499e-02,8.863794e-02,9.995060e-02,1.702835e-03,2.704659e-02,2.388327e-01,2.702883e-02,6.709576e-02,4.242321e-03,5.261729e-03,8.144283e-02,3.676641e-02
1.221481e-01,8.082580e-02,5.041185e-02,1.212932e-01,8.518276e-02,8.263379e-02,1.802093e-03,2.663278e-02,2.428418e-01,2.132387e-02,5.013504e-02,3.706163e-03,4.268880e-03,6.162796e-02,4.516586e-02
1.233019e-01,8.305800e-02,8.739695e-02,1.605892e-01,1.081819e-01,6.856383e-02,2.611980e-03,2.669374e-02,1.918871e-01,1.602226e-02,4.096306e-02,3.023128e-03,3.654994e-03,4.834515e-02,3.570680e-02
1.321019e-01,7.300593e-02,7.303363e-02,1.565736e-01,1.473744e-01,1.223254e-01,1.136058e-02,2.181775e-02,1.483368e-01,1.161970e-02,3.298932e-02,3.530318e-03,3.898513e-03,3.490393e-02,2.712816e-02
1.431999e-01,7.107103e-02,7.980264e-02,1.304002e-01,1.434883e-01,1.565265e-01,9.290116e-03,1.942410e-02,1.444494e-01,1.129954e-02,2.862441e-02,4.879617e-03,5.245249e-03,2.853986e-02,2.375920e-02
1.193062e-01,6.053621e-02,1.990731e-01,9.996384e-02,1.422815e-01,1.554856e-01,7.140793e-03,1.845131e-02,1.117642e-01,1.250346e-02,2.202424e-02,5.440013e-03,4.704974e-03,2.207819e-02,1.924634e-02
9.903270e-02,7.037017e-02,1.961474e-01,8.231817e-02,1.649066e-01,1.477327e-01,7.034765e-03,1.587937e-02,1.074091e-01,2.422247e-02,2.081513e-02,6.916082e-03,5.201819e-03,1.647636e-02,3.553725e-02
9.404334e-02,7.557257e-02,1.975597e-01,6.357586e-02,2.327613e-01,1.248618e-01,6.946658e-03,1.949561e-02,9.547360e-02,1.844134e-02,1.601858e-02,6.071882e-03,4.408345e-03,1.350879e-02,3.126065e-02
1.341147e-01,6.652533e-02,1.424754e-01,5.297833e-02,2.585297e-01,1.066869e-01,6.839128e-03,1.557060e-02,1.397580e-01,1.476526e-02,1.303334e-02,6.789467e-03,4.783314e-03,1.028381e-02,2.686667e-02
2.422787e-01,6.259525e-02,1.244312e-01,4.055618e-02,2.192789e-01,8.929585e-02,5.710437e-03,1.221957e-02,1.367053e-01,1.115913e-02,1.102903e-02,7.035618e-03,4.524037e-03,9.195844e-03,2.398500e-02
3.184503e-01,6.414662e-02,1.243688e-01,3.268998e-02,1.778035e-01,8.023003e-02,5.716378e-03,9.491945e-03,1.249503e-01,8.801037e-03,9.585564e-03,7.565933e-03,4.657252e-03,9.012515e-03,2.252978e-02
4.003783e-01,6.826765e-02,9.739297e-02,3.268169e-02,1.441629e-01,7.099450e-02,6.337428e-03,9.490024e-03,9.648896e-02,7.978532e-03,9.769695e-03,1.374111e-02,6.268416e-03,1.200119e-02,2.404655e-02
4.573424e-01,6.578867e-02,7.992205e-02,3.114020e-02,1.298521e-01,6.168292e-02,5.920824e-03,8.716326e-03,7.882911e-02,7.367801e-03,9.355354e-03,1.829039e-02,7.023897e-03,1.357678e-02,2.519110e-02
1.000000e+00,0.000000e+00,0.000000e+00,0.000000e+00,0.000000e+00,0.000000e+00,0.000000e+00,0.000000e+00,0.000000e+00,0.000000e+00,0.000000e+00,0.000000e+00,0.000000e+00,0.000000e+00,0.000000e+00
1.000000e+00,0.000000e+00,0.000000e+00,0.000000e+00,0.000000e+00,0.000000e+00,0.000000e+00,0.000000e+00,0.000000e+00,0.000000e+00,0.000000e+00,0.000000e+00,0.000000e+00,0.000000e+00,0.000000e+00
3.827159e-01,1.095008e-01,4.088730e-02,1.858057e-01,7.055476e-02,3.817791e-02,3.160600e-03,8.243475e-03,5.280970e-02,8.084748e-03,1.471639e-02,2.101359e-02,6.377848e-03,1.436710e-02,4.358418e-02
3.141769e-01,9.801662e-02,1.484273e-01,1.829939e-01,5.478672e-02,4.443439e-02,2.833887e-03,1.031727e-02,3.818655e-02,1.454424e-02,1.263962e-02,1.938478e-02,5.619152e-03,1.273454e-02,4.090418e-02
2.624317e-01,9.095501e-02,2.456484e-01,1.333934e-01,3.909052e-02,4.579181e-02,2.130024e-03,7.874470e-03,2.804865e-02,2.617246e-02,1.243660e-02,1.585246e-02,5.486500e-03,3.002232e-02,5.466567e-02
2.082471e-01,7.458185e-02,1.813252e-01,9.399302e-02,2.808991e-02,3.600284e-02,1.515302e-03,5.648501e-03,2.960855e-02,3.549365e-02,2.449279e-02,1.192109e-02,6.653323e-03,2.058637e-01,5.656332e-02
1.910020e-01,6.349116e-02,1.322498e-01,6.946482e-02,2.239618e-02,2.967883e-02,1.346436e-03,4.459046e-03,4.561893e-02,4.926157e-02,4.155019e-02,1.173220e-02,7.386235e-03,2.813197e-01,4.904289e-02
2.059747e-01,5.126533e-02,9.532570e-02,5.055485e-02,1.786997e-02,2.498637e-02,1.147934e-03,3.993666e-03,5.693139e-02,4.537549e-02,4.731009e-02,1.196357e-02,8.892540e-03,3.335907e-01,4.481782e-02
2.541696e-01,4.179264e-02,6.803276e-02,3.887276e-02,1.414091e-02,2.800140e-02,2.391209e-03,5.322294e-03,6.599472e-02,3.958549e-02,4.221030e-02,1.303196e-02,1.529516e-02,3.192225e-01,5.193628e-02
2.382336e-01,3.660159e-02,5.049926e-02,4.995985e-02,1.795749e-02,2.514871e-02,4.403556e-03,8.997632e-03,1.143412e-01,5.920187e-02,5.135392e-02,1.231296e-02,1.620294e-02,2.611988e-01,5.358670e-02
1.801717e-01,2.789852e-02,5.218268e-02,4.244238e-02,1.636435e-02,1.933991e-02,3.540562e-03,7.908599e-03,1.224845e-01,1.674867e-01,5.442880e-02,9.563354e-03,1.301082e-02,2.366122e-01,4.656497e-02
1.574351e-01,2.125100e-02,4.230296e-02,4.571337e-02,2.483056e-02,1.562684e-02,2.969148e-03,1.116511e-02,1.916652e-01,1.954333e-01,4.448866e-02,8.299531e-03,1.258271e-02,1.851155e-01,4.112104e-02
1.228403e-01,1.783795e-02,4.232907e-02,1.134075e-01,5.664066e-02,1.185050e-02,2.742142e-03,3.177370e-02,2.271578e-01,1.503697e-01,3.581582e-02,7.033332e-03,1.034328e-02,1.366840e-01,3.317430e-02
9.337600e-02,1.621772e-02,6.467540e-02,2.059321e-01,6.631650e-02,9.208771e-03,2.269282e-03,2.584618e-02,2.388623e-01,1.084684e-01,2.910279e-02,5.758483e-03,8.346207e-03,9.779909e-02,2.782090e-02
7.988042e-02,1.431334e-02,7.432132e-02,2.268398e-01,7.247590e-02,1.077137e-02,2.149929e-03,2.143442e-02,2.651865e-01,8.373792e-02,3.170434e-02,5.808971e-03,8.185365e-03,7.352094e-02,2.966950e-02
5.605115e-02,1.361569e-02,1.502012e-01,2.466826e-01,5.175092e-02,7.804543e-03,1.604443e-03,1.516722e-02,2.449121e-01,7.649043e-02,2.908064e-02,5.072610e-03,1.213190e-02,5.159520e-02,3.783933e-02
3.936217e-02,1.097419e-02,2.523934e-01,2.033946e-01,3.639599e-02,5.605054e-03,1.149265e-03,1.078611e-02,1.773796e-01,5.791464e-02,7.940847e-02,5.821689e-03,5.396619e-02,3.657181e-02,2.887677e-02
2.774608e-02,8.312491e-03,2.239830e-01,1.551171e-01,2.584470e-02,4.255440e-03,8.416057e-04,7.620831e-03,1.255767e-01,4.728482e-02,2.570736e-01,5.804667e-03,6.327932e-02,2.619594e-02,2.106374e-02
2.133567e-02,6.878069e-03,1.926505e-01,1.896734e-01,2.356538e-02,4.166071e-03,2.022007e-03,1.202529e-02,9.343929e-02,4.212676e-02,3.041089e-01,5.744497e-03,6.230247e-02,2.086288e-02,1.909875e-02
1.951610e-02,7.329934e-03,1.509400e-01,2.410092e-01,3.028995e-02,6.062252e-03,3.328975e-03,1.006910e-02,7.873806e-02,4.417839e-02,3.064207e-01,6.682656e-03,5.653097e-02,1.999257e-02,1.891107e-02
2.732074e-02,1.758659e-02,1.306508e-01,2.426004e-01,3.448488e-02,9.357481e-03,3.129642e-03,9.102011e-03,6.605157e-02,4.966452e-02,3.094977e-01,6.464648e-03,4.907581e-02,2.114582e-02,2.386739e-02
3.631111e-02,2.272337e-02,1.776086e-01,2.381555e-01,4.060619e-02,3.100701e-02,3.019781e-03,9.187299e-03,5.253492e-02,5.941925e-02,2.485141e-01,5.442008e-03,3.738809e-02,1.851365e-02,1.956914e-02
4.152387e-02,2.138432e-02,2.075677e-01,2.381473e-01,4.138429e-02,2.866160e-02,2.718218e-03,9.542635e-03,4.452236e-02,6.602207e-02,2.296505e-01,5.413920e-03,3.078865e-02,1.655616e-02,1.611637e-02
8.909521e-02,2.749580e-02,1.616047e-01,1.924321e-01,3.849236e-02,2.179711e-02,2.177781e-03,8.951954e-03,7.596597e-02,6.773561e-02,2.279188e-01,7.102848e-03,2.715541e-02,1.565210e-02,3.642225e-02
1.332043e-01,3.976932e-02,1.460732e-01,2.000321e-01,3.599427e-02,1.920563e-02,2.469462e-03,1.270936e-02,7.850090e-02,6.262747e-02,1.879301e-01,8.128760e-03,2.188499e-02,1.855421e-02,3.291589e-02
2.084059e-01,5.062485e-02,1.525527e-01,1.680725e-01,3.694608e-02,1.770141e-02,2.240340e-03,1.295332e-02,6.405745e-02,5.742152e-02,1.496627e-01,8.885527e-03,1.853744e-02,2.024189e-02,3.169634e-02
3.070479e-01,5.082529e-02,1.448470e-01,1.510276e-01,3.022418e-02,2.393602e-02,2.326641e-03,1.404386e-02,5.158885e-02,4.272651e-02,1.099969e-01,1.134036e-02,1.864616e-02,1.537750e-02,2.604518e-02
4.309622e-01,4.389592e-02,1.192561e-01,1.166043e-01,2.514408e-02,2.238854e-02,2.147937e-03,1.602221e-02,4.432936e-02,3.272679e-02,8.171478e-02,1.204767e-02,1.629163e-02,1.323438e-02,2.323407e-02
4.090148e-01,6.377472e-02,9.739121e-02,9.464327e-02,2.363851e-02,2.793944e-02,2.262638e-03,3.115621e-02,6.486546e-02,3.067062e-02,7.175668e-02,1.175145e-02,1.914981e-02,1.748408e-02,3.450100e-02
4.308477e-01,7.367277e-02,9.237897e-02,7.684994e-02,2.130723e-02,3.529343e-02,2.563552e-03,3.459264e-02,5.824669e-02,2.748744e-02,6.065833e-02,1.239881e-02,2.132469e-02,1.762785e-02,3.474995e-02
4.738699e-01,6.564083e-02,7.456079e-02,6.216664e-02,2.013164e-02,4.613186e-02,2.453438e-03,2.758295e-02,5.573440e-02,2.307455e-02,5.038678e-02,1.243614e-02,3.386384e-02,1.791125e-02,3.405496e-02
4.502494e-01,7.670707e-02,6.589425e-02,4.652291e-02,2.339725e-02,6.040341e-02,2.208515e-03,2.510534e-02,7.977663e-02,2.182647e-02,4.116853e-02,1.103009e-02,3.764051e-02,2.086190e-02,3.720778e-02
4.549079e-01,6.853124e-02,6.037783e-02,3.510282e-02,2.474163e-02,8.457068e-02,2.083289e-03,2.342274e-02,8.093746e-02,2.266995e-02,3.321194e-02,1.011016e-02,3.208299e-02,2.210018e-02,4.514924e-02
4.180160e-01,6.625646e-02,6.734432e-02,4.338424e-02,3.163959e-02,8.328273e-02,3.459126e-03,2.525616e-02,1.040316e-01,2.773836e-02,2.709902e-02,1.219790e-02,2.772724e-02,1.880370e-02,4.376357e-02
4.290234e-01,6.360469e-02,5.956805e-02,3.376812e-02,4.352487e-02,7.667533e-02,4.194396e-03,2.162177e-02,1.115336e-01,3.248811e-02,2.286706e-02,1.079634e-02,2.313169e-02,1.939443e-02,4.780806e-02
