1.000000e+00,0.000000e+00,0.000000e+00,0.000000e+00,0.000000e+00,0.000000e+00,0.000000e+00,0.000000e+00,0.000000e+00,0.000000e+00,0.000000e+00,0.000000e+00,0.000000e+00,0.000000e+00,0.000000e+00
1.000000e+00,0.000000e+00,0.000000e+00,0.000000e+00,0.000000e+00,0.000000e+00,0.000000e+00,0.000000e+00,0.000000e+00,0.000000e+00,0.000000e+00,0.000000e+00,0.000000e+00,0.000000e+00,0.000000e+00
1.000000e+00,0.000000e+00,0.000000e+00,0.000000e+00,0.000000e+00,0.000000e+00,0.000000e+00,0.000000e+00,0.000000e+00,0.000000e+00,0.000000e+00,0.000000e+00,0.000000e+00,0.000000e+00,0.000000e+00
1.000000e+00,0.000000e+00,0.000000e+00,0.000000e+00,0.000000e+00,0.000000e+00,0.000000e+00,0.000000e+00,0.000000e+00,0.000000e+00,0.000000e+00,0.000000e+00,0.000000e+00,0.000000e+00,0.000000e+00
1.000000e+00,0.000000e+00,0.000000e+00,0.000000e+00,0.000000e+00,0.000000e+00,0.000000e+00,0.000000e+00,0.000000e+00,0.000000e+00,0.000000e+00,0.000000e+00,0.000000e+00,0.000000e+00,0.000000e+00
1.000000e+00,0.000000e+00,0.000000e+00,0.000000e+00,0.000000e+00,0.000000e+00,0.000000e+00,0.000000e+00,0.000000e+00,0.000000e+00,0.000000e+00,0.000000e+00,0.000000e+00,0.000000e+00,0.000000e+00
1.000000e+00,0.000000e+00,0.000000e+00,0.000000e+00,0.000000e+00,0.000000e+00,0.000000e+00,0.000000e+00,0.000000e+00,0.000000e+00,0.000000e+00,0.000000e+00,0.000000e+00,0.000000e+00,0.000000e+00
1.000000e+00,0.000000e+00,0.000000e+00,0.000000e+00,0.000000e+00,0.000000e+00,0.000000e+00,0.000000e+00,0.000000e+00,0.000000e+00,0.000000e+00,0.000000e+00,0.000000e+00,0.000000e+00,0.000000e+00
1.000000e+00,0.000000e+00,0.000000e+00,0.000000e+00,0.000000e+00,0.000000e+00,0.000000e+00,0.000000e+00,0.000000e+00,0.000000e+00,0.000000e+00,0.000000e+00,0.000000e+00,0.000000e+00,0.000000e+00
1.000000e+00,0.000000e+00,0.000000e+00,0.000000e+00,0.000000e+00,0.000000e+00,0.000000e+00,0.000000e+00,0.000000e+00,0.000000e+00,0.000000e+00,0.000000e+00,0.000000e+00,0.000000e+00,0.000000e+00
1.000000e+00,0.000000e+00,0.000000e+00,0.000000e+00,0.000000e+00,0.000000e+00,0.000000e+00,0.000000e+00,0.000000e+00,0.000000e+00,0.000000e+00,0.000000e+00,0.000000e+00,0.000000e+00,0.000000e+00
1.000000e+00,0.000000e+00,0.000000e+00,0.000000e+00,0.000000e+00,0.000000e+00,0.000000e+00,0.000000e+00,0.000000e+00,0.000000e+00,0.000000e+00,0.000000e+00,0.000000e+00,0.000000e+00,0.000000e+00
1.000000e+00,0.000000e+00,0.000000e+00,0.000000e+00,0.000000e+00,0.000000e+00,0.000000e+00,0.000000e+00,0.000000e+00,0.000000e+00,0.000000e+00,0.000000e+00,0.000000e+00,0.000000e+00,0.000000e+00
1.000000e+00,0.000000e+00,0.000000e+00,0.000000e+00,0.000000e+00,0.000000e+00,0.000000e+00,0.000000e+00,0.000000e+00,0.000000e+00,0.000000e+00,0.000000e+00,0.000000e+00,0.000000e+00,0.000000e+00
1.000000e+00,0.000000e+00,0.000000e+00,0.000000e+00,0.000000e+00,0.000000e+00,0.000000e+00,0.000000e+00,0.000000e+00,0.000000e+00,0.000000e+00,0.000000e+00,0.000000e+00,0.000000e+00,0.000000e+00
1.000000e+00,0.000000e+00,0.000000e+00,0.000000e+00,0.000000e+00,0.000000e+00,0.000000e+00,0.000000e+00,0.000000e+00,0.000000e+00,0.000000e+00,0.000000e+00,0.000000e+00,0.000000e+00,0.000000e+00
1.000000e+00,0.000000e+00,0.000000e+00,0.000000e+00,0.000000e+00,0.000000e+00,0.000000e+00,0.000000e+00,0.000000e+00,0.000000e+00,0.000000e+00,0.000000e+00,0.000000e+00,0.000000e+00,0.000000e+00
1.000000e+00,0.000000e+00,0.000000e+00,0.000000e+00,0.000000e+00,0.000000e+00,0.000000e+00,0.000000e+00,0.000000e+00,0.000000e+00,0.000000e+00,0.000000e+00,0.000000e+00,0.000000e+00,0.000000e+00
1.000000e+00,0.000000e+00,0.000000e+00,0.000000e+00,0.000000e+00,0.000000e+00,0.000000e+00,0.000000e+00,0.000000e+00,0.000000e+00,0.000000e+00,0.000000e+00,0.000000e+00,0.000000e+00,0.000000e+00
1.000000e+00,0.000000e+00,0.000000e+00,0.000000e+00,0.000000e+00,0.000000e+00,0.000000e+00,0.000000e+00,0.000000e+00,0.000000e+00,0.000000e+00,0.000000e+00,0.000000e+00,0.000000e+00,0.000000e+00
1.000000e+00,0.000000e+00,0.000000e+00,0.000000e+00,0.000000e+00,0.000000e+00,0.000000e+00,0.000000e+00,0.000000e+00,0.000000e+00,0.000000e+00,0.000000e+00,0.000000e+00,0.000000e+00,0.000000e+00
1.000000e+00,0.000000e+00,0.000000e+00,0.000000e+00,0.000000e+00,0.000000e+00,0.000000e+00,0.000000e+00,0.000000e+00,0.000000e+00,0.000000e+00,0.000000e+00,0.000000e+00,0.000000e+00,0.000000e+00
1.000000e+00,0.000000e+00,0.000000e+00,0.000000e+00,0.000000e+00,0.000000e+00,0.000000e+00,0.000000e+00,0.000000e+00,0.000000e+00,0.000000e+00,0.000000e+00,0.000000e+00,0.000000e+00,0.000000e+00
1.000000e+00,0.000000e+00,0.000000e+00,0.000000e+00,0.000000e+00,0.000000e+00,0.000000e+00,0.000000e+00,0.000000e+00,0.000000e+00,0.000000e+00,0.000000e+00,0.000000e+00,0.000000e+00,0.000000e+00
1.000000e+00,0.000000e+00,0.000000e+00,0.000000e+00,0.000000e+00,0.000000e+00,0.000000e+00,0.000000e+00,0.000000e+00,0.000000e+00,0.000000e+00,0.000000e+00,0.000000e+00,0.000000e+00,0.000000e+00
1.000000e+00,0.000000e+00,0.000000e+00,0.000000e+00,0.000000e+00,0.000000e+00,0.000000e+00,0.000000e+00,0.000000e+00,0.000000e+00,0.000000e+00,0.000000e+00,0.000000e+00,0.000000e+00,0.000000e+00
1.000000e+00,0.000000e+00,0.000000e+00,0.000000e+00,0.000000e+00,0.000000e+00,0.000000e+00,0.000000e+00,0.000000e+00,0.000000e+00,0.000000e+00,0.000000e+00,0.000000e+00,0.000000e+00,0.000000e+00
1.000000e+00,0.000000e+00,0.000000e+00,0.000000e+00,0.000000e+00,0.000000e+00,0.000000e+00,0.000000e+00,0.000000e+00,0.000000e+00,0.000000e+00,0.000000e+00,0.000000e+00,0.000000e+00,0.000000e+00
1.000000e+00,0.000000e+00,0.000000e+00,0.000000e+00,0.000000e+00,0.000000e+00,0.000000e+00,0.000000e+00,0.000000e+00,0.000000e+00,0.000000e+00,0.000000e+00,0.000000e+00,0.000000e+00,0.000000e+00
1.000000e+00,0.000000e+00,0.000000e+00,0.000000e+00,0.000000e+00,0.000000e+00,0.000000e+00,0.000000e+00,0.000000e+00,0.000000e+00,0.000000e+00,0.000000e+00,0.000000e+00,0.000000e+00,0.000000e+00
1.000000e+00,0.000000e+00,0.000000e+00,0.000000e+00,0.000000e+00,0.000000e+00,0.000000e+00,0.000000e+00,0.000000e+00,0.000000e+00,0.000000e+00,0.000000e+00,0.000000e+00,0.000000e+00,0.000000e+00
1.000000e+00,0.000000e+00,0.000000e+00,0.000000e+00,0.000000e+00,0.000000e+00,0.000000e+00,0.000000e+00,0.000000e+00,0.000000e+00,0.000000e+00,0.000000e+00,0.000000e+00,0.000000e+00,0.000000e+00
1.000000e+00,0.000000e+00,0.000000e+00,0.000000e+00,0.000000e+00,0.000000e+00,0.000000e+00,0.000000e+00,0.000000e+00,0.000000e+00,0.000000e+00,0.000000e+00,0.000000e+00,0.000000e+00,0.000000e+00
1.000000e+00,0.000000e+00,0.000000e+00,0.000000e+00,0.000000e+00,0.000000e+00,0.000000e+00,0.000000e+00,0.000000e+00,0.000000e+00,0.000000e+00,0.000000e+00,0.000000e+00,0.000000e+00,0.000000e+00
1.000000e+00,0.000000e+00,0.000000e+00,0.000000e+00,0.000000e+00,0.000000e+00,0.000000e+00,0.000000e+00,0.000000e+00,0.000000e+00,0.000000e+00,0.000000e+00,0.000000e+00,0.000000e+00,0.000000e+00
1.000000e+00,0.000000e+00,0.000000e+00,0.000000e+00,0.000000e+00,0.000000e+00,0.000000e+00,0.000000e+00,0.000000e+00,0.000000e+00,0.000000e+00,0.000000e+00,0.000000e+00,0.000000e+00,0.000000e+00
1.000000e+00,0.000000e+00,0.000000e+00,0.000000e+00,0.000000e+00,0.000000e+00,0.000000e+00,0.000000e+00,0.000000e+00,0.000000e+00,0.000000e+00,0.000000e+00,0.000000e+00,0.000000e+00,0.000000e+00
1.000000e+00,0.000000e+00,0.000000e+00,0.000000e+00,0.000000e+00,0.000000e+00,0.000000e+00,0.000000e+00,0.000000e+00,0.000000e+00,0.000000e+00,0.000000e+00,0.000000e+00,0.000000e+00,0.000000e+00
1.000000e+00,0.000000e+00,0.000000e+00,0.000000e+00,0.000000e+00,0.000000e+00,0.000000e+00,0.000000e+00,0.000000e+00,0.000000e+00,0.000000e+00,0.000000e+00,0.000000e+00,0.000000e+00,0.000000e+00
1.000000e+00,0.000000e+00,0.000000e+00,0.000000e+00,0.000000e+00,0.000000e+00,0.000000e+00,0.000000e+00,0.000000e+00,0.000000e+00,0.000000e+00,0.000000e+00,0.000000e+00,0.000000e+00,0.000000e+00
1.000000e+00,0.000000e+00,0.000000e+00,0.000000e+00,0.000000e+00,0.000000e+00,0.000000e+00,0.000000e+00,0.000000e+00,0.000000e+00,0.000000e+00,0.000000e+00,0.000000e+00,0.000000e+00,0.000000e+00
1.000000e+00,0.000000e+00,0.000000e+00,0.000000e+00,0.000000e+00,0.000000e+00,0.000000e+00,0.000000e+00,0.000000e+00,0.000000e+00,0.000000e+00,0.000000e+00,0.000000e+00,0.000000e+00,0.000000e+00
1.000000e+00,0.000000e+00,0.000000e+00,0.000000e+00,0.000000e+00,0.000000e+00,0.000000e+00,0.000000e+00,0.000000e+00,0.000000e+00,0.000000e+00,0.000000e+00,0.000000e+00,0.000000e+00,0.000000e+00
1.000000e+00,0.000000e+00,0.000000e+00,0.000000e+00,0.000000e+00,0.000000e+00,0.000000e+00,0.000000e+00,0.000000e+00,0.000000e+00,0.000000e+00,0.000000e+00,0.000000e+00,0.000000e+00,0.000000e+00
1.000000e+00,0.000000e+00,0.000000e+00,0.000000e+00,0.000000e+00,0.000000e+00,0.000000e+00,0.000000e+00,0.000000e+00,0.000000e+00,0.000000e+00,0.000000e+00,0.000000e+00,0.000000e+00,0.000000e+00
1.000000e+00,0.000000e+00,0.000000e+00,0.000000e+00,0.000000e+00,0.000000e+00,0.000000e+00,0.000000e+00,0.000000e+00,0.000000e+00,0.000000e+00,0.000000e+00,0.000000e+00,0.000000e+00,0.000000e+00
3.848911e-01,1.012336e-02,9.806515e-02,6.914789e-02,4.370746e-03,8.848099e-03,4.462063e-03,3.774323e-01,2.909744e-03,8.436551e-04,8.150030e-03,1.217786e-02,9.099165e-03,1.606793e-03,7.872078e-03
2.975796e-01,7.547705e-03,9.509909e-02,5.509683e-02,3.883001e-03,7.865656e-03,5.694697e-03,4.952035e-01,2.139369e-03,6.994243e-04,5.989410e-03,8.979077e-03,7.099314e-03,1.411951e-03,5.711399e-03
2.434788e-01,6.027912e-03,9.060902e-02,4.506234e-02,3.720186e-03,8.015910e-03,8.370059e-03,5.691565e-01,1.634316e-03,6.339347e-04,4.612427e-03,6.860774e-03,5.915356e-03,1.457334e-03,4.445139e-03
2.107822e-01,5.011256e-03,7.791243e-02,3.536018e-02,4.742019e-03,1.077276e-02,2.726409e-02,6.058047e-01,1.328833e-03,6.415716e-04,3.616391e-03,5.658702e-03,5.937025e-03,1.322512e-03,3.845286e-03
2.100209e-01,4.194590e-03,6.271370e-02,2.581763e-02,5.361953e-03,1.906574e-02,8.301164e-02,5.675386e-01,1.136387e-03,7.670300e-04,2.948269e-03,5.002005e-03,7.493187e-03,1.118501e-03,3.809790e-03
2.034109e-01,3.592683e-03,5.020219e-02,1.889674e-02,6.005641e-03,2.369576e-02,1.756163e-01,4.953570e-01,1.066059e-03,9.429621e-04,2.568296e-03,4.531156e-03,9.042689e-03,1.032883e-03,4.038704e-03
2.898395e-01,3.521938e-03,3.814387e-02,1.551129e-02,7.064267e-03,3.551297e-02,1.729265e-01,4.025917e-01,1.454798e-03,1.455533e-03,3.937387e-03,7.557570e-03,1.248452e-02,1.201480e-03,6.796591e-03
3.440732e-01,3.370988e-03,2.853185e-02,1.316763e-02,7.912333e-03,4.758023e-02,1.865021e-01,3.238690e-01,1.545093e-03,1.715774e-03,4.429482e-03,1.046648e-02,1.665959e-02,1.348024e-03,8.828303e-03
4.327828e-01,3.990897e-03,2.270567e-02,1.281564e-02,8.488083e-03,5.002862e-02,1.649226e-01,2.560208e-01,1.637067e-03,1.885165e-03,4.828659e-03,1.105254e-02,1.658997e-02,1.398666e-03,1.085290e-02
4.446850e-01,4.733120e-03,1.953313e-02,1.280998e-02,8.036767e-03,7.651585e-02,1.765593e-01,2.070612e-01,1.899058e-03,1.703296e-03,4.029983e-03,1.021949e-02,1.985449e-02,1.296622e-03,1.106276e-02
4.341741e-01,4.795918e-03,1.702674e-02,1.361131e-02,8.109810e-03,1.083082e-01,1.852172e-01,1.753494e-01,2.176820e-03,1.482834e-03,3.547667e-03,9.433164e-03,2.525722e-02,1.188527e-03,1.032108e-02
4.505395e-01,4.583189e-03,1.336074e-02,1.459255e-02,8.005147e-03,1.127418e-01,1.876788e-01,1.522790e-01,1.953234e-03,1.342012e-03,3.074766e-03,9.362098e-03,3.013610e-02,1.152551e-03,9.198485e-03
4.728013e-01,5.282292e-03,1.076348e-02,2.011926e-02,7.490037e-03,1.458020e-01,1.537502e-01,1.204274e-01,2.128212e-03,1.286022e-03,3.171896e-03,1.114361e-02,3.485302e-02,1.291604e-03,9.689718e-03
3.595185e-01,9.394862e-03,7.993516e-03,3.374627e-02,7.010285e-03,1.925490e-01,1.122757e-01,8.601579e-02,2.409900e-02,4.120613e-03,4.276742e-03,1.155816e-02,1.191816e-01,1.274027e-03,2.698599e-02
2.567007e-01,8.974787e-03,5.656905e-03,2.756247e-02,5.388840e-03,1.490348e-01,8.027653e-02,6.085172e-02,2.697859e-02,3.695690e-03,4.615676e-03,9.711084e-03,3.250622e-01,1.112078e-03,3.437784e-02
1.839356e-01,1.165386e-02,4.378915e-03,2.862881e-02,5.090201e-03,1.126156e-01,5.847662e-02,4.306272e-02,3.665375e-02,3.659961e-03,5.074918e-03,1.034358e-02,4.603288e-01,8.940859e-04,3.520269e-02
1.397837e-01,1.516951e-02,4.335668e-03,2.667206e-02,6.059775e-03,8.521442e-02,4.329241e-02,3.182648e-02,5.956739e-02,3.688344e-03,6.726807e-03,9.679585e-03,5.227045e-01,9.023570e-04,4.437704e-02
1.345302e-01,1.359802e-02,5.688883e-03,2.342847e-02,8.943504e-03,6.576913e-02,3.176035e-02,2.479324e-02,5.504405e-02,3.298748e-03,6.645968e-03,8.378030e-03,5.761713e-01,1.229177e-03,4.072099e-02
1.045841e-01,4.668740e-02,3.349800e-02,1.918868e-01,9.721497e-03,4.950574e-02,2.249182e-02,1.815785e-02,5.367598e-02,7.446041e-03,8.481358e-03,8.856547e-03,4.083129e-01,1.132305e-03,3.556158e-02
1.315382e-01,5.422662e-02,2.749924e-02,1.545683e-01,1.100590e-02,4.346644e-02,1.641111e-02,1.345784e-02,1.509053e-01,6.831026e-03,1.212673e-02,1.011243e-02,3.146714e-01,1.566063e-03,5.161342e-02
1.218356e-01,5.851857e-02,4.840498e-02,2.288822e-01,1.026756e-02,3.345865e-02,1.197776e-02,9.758132e-03,1.662842e-01,6.627634e-03,1.174968e-02,1.113865e-02,2.242563e-01,1.276943e-03,5.556311e-02
2.182241e-01,6.336443e-02,3.502750e-02,1.729038e-01,1.092147e-02,2.705562e-02,8.709969e-03,7.427488e-03,1.969985e-01,5.224668e-03,1.391097e-02,1.399518e-02,1.691330e-01,1.277149e-03,5.582612e-02
2.312039e-01,6.284828e-02,2.845527e-02,2.071305e-01,1.096990e-02,2.172450e-02,6.400891e-03,7.409073e-03,2.181568e-01,4.194590e-03,1.437548e-02,1.388337e-02,1.243286e-01,1.205662e-03,4.771318e-02
3.048557e-01,5.756333e-02,2.262160e-02,1.646300e-01,1.087034e-02,1.812015e-02,4.809350e-03,6.862476e-03,1.954193e-01,5.574097e-03,2.092392e-02,1.500319e-02,9.944901e-02,2.427275e-03,7.087032e-02
2.474939e-01,7.288728e-02,2.614643e-02,2.109277e-01,8.598696e-03,1.360552e-02,3.442354e-03,6.351702e-03,2.321624e-01,7.158793e-03,2.185521e-02,1.182881e-02,7.363253e-02,2.945445e-03,6.096311e-02
2.689742e-01,7.349281e-02,2.293716e-02,1.586898e-01,8.610559e-03,1.524924e-02,2.646694e-03,6.402683e-03,2.404504e-01,9.448263e-03,2.723051e-02,1.299320e-02,5.735133e-02,6.087776e-03,8.943528e-02
2.414548e-01,9.451476e-02,2.107565e-02,1.869748e-01,8.030305e-03,1.284185e-02,2.140724e-03,8.994162e-03,2.554957e-01,7.475120e-03,2.256340e-02,1.297248e-02,4.670752e-02,5.031637e-03,7.372716e-02
3.502294e-01,7.383152e-02,2.023311e-02,1.527594e-01,6.931670e-03,1.162121e-02,1.732497e-03,9.415437e-03,2.132330e-01,5.889166e-03,1.998042e-02,1.705142e-02,4.111891e-02,5.970787e-03,7.000212e-02
3.967196e-01,5.720128e-02,2.824115e-02,1.271603e-01,6.569176e-03,1.045618e-02,1.624114e-03,1.480357e-02,2.080113e-01,5.414553e-03,1.871800e-02,1.712469e-02,3.787635e-02,5.722158e-03,6.435762e-02
4.460718e-01,4.499638e-02,2.682793e-02,9.944796e-02,5.276348e-03,1.013248e-02,1.380638e-03,1.281923e-02,2.252025e-01,5.139026e-03,1.643041e-02,1.394978e-02,3.028265e-02,6.772572e-03,5.527035e-02
4.536515e-01,3.741200e-02,2.184727e-02,8.592224e-02,4.081250e-03,9.676367e-03,1.176223e-03,1.078165e-02,2.404117e-01,7.831676e-03,1.697693e-02,1.570574e-02,3.946427e-02,6.631393e-03,4.842969e-02
4.577909e-01,3.576053e-02,1.951645e-02,7.329334e-02,3.322779e-03,9.561270e-03,1.003007e-03,9.256945e-03,2.651336e-01,9.175655e-03,1.560365e-02,1.616412e-02,3.756135e-02,6.258021e-03,4.059837e-02
4.243263e-01,3.992220e-02,1.707278e-02,6.363173e-02,2.949035e-03,9.066019e-03,8.709688e-04,8.261754e-03,3.099876e-01,9.928763e-03,1.612986e-02,1.404189e-02,4.168678e-02,5.462821e-03,3.666154e-02
3.243212e-01,5.422956e-02,3.275218e-02,6.950303e-02,2.393073e-03,6.770156e-03,6.678095e-04,6.825263e-03,3.832594e-01,1.119782e-02,1.411800e-02,1.173105e-02,3.993659e-02,6.069139e-03,3.622576e-02
3.743064e-01,5.785004e-02,2.604119e-02,5.296379e-02,2.348178e-03,6.823120e-03,7.750386e-04,6.338229e-03,3.326020e-01,1.206432e-02,1.425054e-02,9.854152e-03,3.457139e-02,1.314317e-02,5.606850e-02
3.786496e-01,4.997388e-02,2.667579e-02,4.822288e-02,4.352274e-03,7.266717e-03,1.384189e-03,1.672831e-02,3.073265e-01,1.048560e-02,1.949731e-02,1.108770e-02,3.411359e-02,1.443239e-02,6.980331e-02
3.408206e-01,4.217673e-02,2.351404e-02,3.571658e-02,5.298419e-03,6.443496e-03,1.256436e-03,1.476077e-02,2.473054e-01,9.186724e-03,1.734347e-02,9.124630e-03,2.692321e-02,1.561482e-02,2.045148e-01
3.144251e-01,3.692718e-02,2.519247e-02,2.705145e-02,8.608541e-03,6.226039e-03,1.858138e-03,3.048685e-02,1.976691e-01,7.753437e-03,1.517431e-02,7.897571e-03,2.307105e-02,1.556616e-02,2.820927e-01
3.145685e-01,4.582713e-02,2.135962e-02,2.210198e-02,9.282905e-03,6.086065e-03,1.687694e-03,2.826460e-02,1.881143e-01,7.564174e-03,1.273376e-02,6.439329e-03,1.896439e-02,1.448353e-02,3.025220e-01
2.532096e-01,4.571940e-02,2.415388e-02,1.725359e-02,1.053350e-02,6.537533e-03,1.936156e-03,1.306897e-01,1.724651e-01,6.214060e-03,9.870782e-03,5.258142e-03,1.467840e-02,1.129082e-02,2.901894e-01
2.137173e-01,6.582227e-02,3.075571e-02,1.490116e-02,1.251322e-02,7.862546e-03,2.357745e-03,1.562006e-01,1.747813e-01,5.548259e-03,7.569510e-03,4.318215e-03,1.164358e-02,9.734884e-03,2.822736e-01
2.053881e-01,8.646049e-02,5.485921e-02,2.438159e-02,1.486160e-02,9.494977e-03,2.503690e-03,1.720815e-01,1.670774e-01,5.035114e-03,7.179786e-03,7.237581e-03,1.036210e-02,8.012745e-03,2.250641e-01
1.684010e-01,1.033672e-01,4.926272e-02,2.366273e-02,1.985721e-02,7.661927e-03,2.026872e-03,2.460962e-01,1.648919e-01,3.951537e-03,5.958222e-03,5.843514e-03,8.128457e-03,6.049965e-03,1.848405e-01
1.684457e-01,1.106479e-01,3.963851e-02,2.429849e-02,2.927508e-02,6.899838e-03,1.901328e-03,2.586424e-01,1.740393e-01,3.970879e-03,4.984678e-03,5.150227e-03,6.833523e-03,4.967439e-03,1.603047e-01
2.285539e-01,1.126575e-01,3.045068e-02,2.331963e-02,3.059622e-02,6.424420e-03,2.360805e-03,2.682595e-01,1.381935e-01,3.288105e-03,4.151551e-03,5.248433e-03,8.184351e-03,4.132911e-03,1.341785e-01
3.057103e-01,1.054571e-01,2.362860e-02,2.191555e-02,3.286748e-02,6.166492e-03,3.023085e-03,2.505741e-01,1.158065e-01,2.575049e-03,3.500368e-03,5.593598e-03,9.174654e-03,3.224622e-03,1.107826e-01
3.948261e-01,8.811642e-02,1.878154e-02,1.971419e-02,3.066047e-02,6.043707e-03,3.679529e-03,2.163973e-01,1.124314e-01,2.084918e-03,3.211917e-03,6.208191e-03,1.003035e-02,2.618915e-03,8.519509e-02
4.387898e-01,7.286111e-02,1.628016e-02,2.166549e-02,3.039844e-02,6.416845e-03,4.664307e-03,2.000920e-01,1.183355e-01,1.980076e-03,3.738059e-03,8.279786e-03,1.157917e-02,2.356032e-03,6.256324e-02
1.000000e+00,0.000000e+00,0.000000e+00,0.000000e+00,0.000000e+00,0.000000e+00,0.000000e+00,0.000000e+00,0.000000e+00,0.000000e+00,0.000000e+00,0.000000e+00,0.000000e+00,0.000000e+00,0.000000e+00
1.000000e+00,0.000000e+00,0.000000e+00,0.000000e+00,0.000000e+00,0.000000e+00,0.000000e+00,0.000000e+00,0.000000e+00,0.000000e+00,0.000000e+00,0.000000e+00,0.000000e+00,0.000000e+00,0.000000e+00
4.293129e-01,3.097389e-02,3.058397e-02,1.651633e-02,1.624179e-02,7.414566e-03,2.473476e-03,1.038901e-01,8.648776e-02,2.206944e-01,8.013380e-03,7.316335e-03,1.035536e-02,2.762249e-03,2.696362e-02
3.563150e-01,2.377294e-02,2.466014e-02,1.448551e-02,1.313237e-02,7.027699e-03,1.930563e-03,7.403179e-02,6.584281e-02,3.637817e-01,8.936943e-03,6.423685e-03,1.015437e-02,4.902329e-03,2.460219e-02
3.241977e-01,1.865301e-02,1.832376e-02,1.368731e-02,9.594557e-03,6.136530e-03,1.435844e-03,5.230235e-02,4.799053e-02,4.443751e-01,1.375545e-02,6.519926e-03,1.475962e-02,7.097487e-03,2.117083e-02
2.435136e-01,1.580075e-02,1.363091e-02,1.126924e-02,7.024388e-03,6.584562e-03,1.191470e-03,3.748728e-02,3.557278e-02,5.405071e-01,3.713136e-02,8.295954e-03,1.616721e-02,9.256070e-03,1.656733e-02
1.982263e-01,1.521147e-02,1.175317e-02,1.306112e-02,5.319115e-03,8.907281e-03,9.944355e-04,2.794094e-02,2.782443e-02,4.521117e-01,1.480551e-01,4.974721e-02,1.588905e-02,1.111314e-02,1.384557e-02
1.501493e-01,1.354690e-02,1.059473e-02,3.401882e-02,5.500573e-03,2.078065e-02,9.852996e-04,2.136062e-02,2.367530e-02,3.810795e-01,2.077563e-01,9.102455e-02,1.683850e-02,1.177479e-02,1.091428e-02
1.625672e-01,1.521085e-02,8.712165e-03,3.031086e-02,5.752685e-03,1.670828e-02,9.816808e-04,1.729333e-02,4.014438e-02,2.876968e-01,2.772135e-01,8.967090e-02,1.539753e-02,2.224660e-02,1.009336e-02
2.280527e-01,2.139521e-02,7.856722e-03,3.213586e-02,5.966099e-03,1.466834e-02,1.380828e-03,1.532900e-02,4.151419e-02,2.406513e-01,2.570618e-01,7.952756e-02,1.232385e-02,3.225170e-02,9.884808e-03
2.990605e-01,3.268125e-02,2.107814e-02,3.151837e-02,7.975708e-03,1.388644e-02,1.909933e-03,1.789220e-02,4.999357e-02,1.819626e-01,2.126036e-01,7.006036e-02,1.033510e-02,3.917700e-02,9.865214e-03
3.323404e-01,3.240912e-02,3.273658e-02,3.838332e-02,1.090896e-02,1.547738e-02,2.115909e-03,2.281377e-02,5.023775e-02,1.660422e-01,1.655169e-01,6.986511e-02,8.515917e-03,4.015236e-02,1.248431e-02
3.126783e-01,3.898700e-02,3.698482e-02,3.575295e-02,1.210547e-02,1.541488e-02,1.955419e-03,2.950050e-02,6.539594e-02,1.629975e-01,1.384660e-01,6.118088e-02,7.466278e-03,6.571107e-02,1.540294e-02
2.599605e-01,4.784061e-02,3.222725e-02,3.027745e-02,1.247082e-02,1.421551e-02,1.753312e-03,2.449473e-02,8.627972e-02,1.792416e-01,1.093474e-01,5.481707e-02,9.112144e-03,1.030497e-01,3.491208e-02
2.140500e-01,4.707583e-02,2.510173e-02,2.448526e-02,1.171809e-02,1.204012e-02,1.916017e-03,2.038008e-02,1.508771e-01,1.511092e-01,8.255240e-02,4.490686e-02,8.287738e-03,1.702635e-01,3.523602e-02
2.021000e-01,8.256508e-02,1.945470e-02,1.963883e-02,1.145371e-02,1.165163e-02,1.656704e-03,1.913160e-02,1.773109e-01,1.260435e-01,6.092805e-02,3.311659e-02,8.632597e-03,1.923790e-01,3.393717e-02
2.216147e-01,8.195285e-02,1.499005e-02,2.213786e-02,1.484259e-02,1.308329e-02,1.368674e-03,1.654870e-02,1.637474e-01,1.012882e-01,4.623355e-02,2.502214e-02,9.209074e-03,1.598123e-01,1.081486e-01
2.086530e-01,7.649332e-02,1.386817e-02,2.053997e-02,2.505311e-02,1.388033e-02,1.247491e-03,1.592830e-02,1.657711e-01,8.668081e-02,3.808958e-02,1.931980e-02,9.143638e-03,1.646138e-01,1.407177e-01
2.000872e-01,8.186741e-02,1.105458e-02,1.738292e-02,2.499996e-02,1.223424e-02,1.485811e-03,1.365367e-02,1.801016e-01,6.507731e-02,3.212754e-02,1.444800e-02,1.227451e-02,2.021504e-01,1.310550e-01
2.077165e-01,1.031478e-01,8.619389e-03,1.700070e-02,2.118023e-02,1.282062e-02,1.619303e-03,1.079179e-02,2.208586e-01,4.773384e-02,2.556534e-02,1.152889e-02,1.891854e-02,1.848653e-01,1.076332e-01
1.684331e-01,7.969868e-02,6.318745e-03,2.920088e-02,1.564472e-02,1.233003e-02,1.313207e-03,8.069593e-03,3.735519e-01,3.542179e-02,2.322601e-02,8.983503e-03,1.891213e-02,1.310369e-01,8.785882e-02
1.530220e-01,6.687013e-02,1.253392e-02,5.984410e-02,1.228830e-02,1.370575e-02,1.033711e-03,8.444104e-03,3.740528e-01,2.883073e-02,4.648325e-02,9.737012e-03,4.358606e-02,9.712250e-02,7.244562e-02
1.094513e-01,4.988448e-02,1.606712e-02,7.313609e-02,9.336504e-03,1.203223e-02,1.077701e-03,8.633572e-03,3.391863e-01,7.516620e-02,1.046457e-01,1.493721e-02,5.419507e-02,7.044811e-02,6.180247e-02
7.916372e-02,4.620820e-02,3.020538e-02,8.787648e-02,1.142878e-02,9.675340e-03,8.724199e-04,7.026909e-03,3.745999e-01,5.756716e-02,1.089187e-01,1.402431e-02,6.513684e-02,5.172788e-02,5.556806e-02
5.842583e-02,4.118718e-02,3.349465e-02,7.053169e-02,1.002872e-02,8.418491e-03,8.808015e-04,5.681506e-03,3.300475e-01,8.509524e-02,1.563422e-01,1.901212e-02,9.663458e-02,3.881527e-02,4.540426e-02
5.372221e-02,3.454331e-02,2.845434e-02,5.828432e-02,9.640009e-03,9.136457e-03,1.123562e-03,8.165285e-03,3.332758e-01,1.043860e-01,1.530402e-01,1.979748e-02,9.929605e-02,3.774640e-02,4.938868e-02
6.598444e-02,2.641473e-02,2.853716e-02,5.911271e-02,2.431581e-02,1.380722e-02,4.369902e-03,1.276433e-02,2.667845e-01,1.058878e-01,1.780453e-01,1.637835e-02,1.043581e-01,3.460291e-02,5.863667e-02
6.931841e-02,2.138891e-02,3.184994e-02,4.640882e-02,7.552580e-02,1.507198e-02,5.201906e-03,1.972699e-02,2.459811e-01,1.182371e-01,1.468631e-01,1.282597e-02,8.630925e-02,3.945835e-02,6.583245e-02
1.051479e-01,2.812908e-02,2.952508e-02,4.089687e-02,9.421754e-02,1.958077e-02,7.077077e-03,2.491818e-02,2.462051e-01,1.318210e-01,1.080700e-01,1.078142e-02,6.490803e-02,3.569526e-02,5.302681e-02
9.561834e-02,3.366100e-02,3.366512e-02,4.581004e-02,1.488743e-01,2.063413e-02,8.978593e-03,2.852360e-02,2.400317e-01,1.348984e-01,8.126017e-02,8.165003e-03,5.068089e-02,2.770248e-02,4.149627e-02
9.399886e-02,4.314676e-02,3.104427e-02,4.643151e-02,1.575044e-01,3.238479e-02,1.819898e-02,3.048703e-02,2.201521e-01,1.606755e-01,6.116892e-02,7.915724e-03,4.147175e-02,2.281980e-02,3.259972e-02
8.428989e-02,3.171206e-02,3.484225e-02,4.043542e-02,2.918355e-01,6.062298e-02,2.032900e-02,2.866886e-02,1.589379e-01,1.230742e-01,4.407842e-02,5.885406e-03,3.274786e-02,1.639973e-02,2.614042e-02
7.341293e-02,2.384965e-02,4.403312e-02,3.179980e-02,3.037462e-01,6.822572e-02,2.771134e-02,1.137693e-01,1.172601e-01,1.010509e-01,3.287786e-02,4.638751e-03,2.530781e-02,1.190438e-02,2.041216e-02
9.085269e-02,2.097209e-02,7.323630e-02,2.792027e-02,2.722831e-01,5.853549e-02,4.242215e-02,1.142518e-01,9.940895e-02,9.727973e-02,3.307617e-02,8.740320e-03,2.318548e-02,9.620815e-03,2.821461e-02
1.245677e-01,1.976119e-02,8.589670e-02,2.379441e-02,2.333571e-01,5.073856e-02,4.787597e-02,1.249190e-01,8.625393e-02,9.807820e-02,2.938558e-02,1.001838e-02,1.962858e-02,8.935299e-03,3.678937e-02
1.435449e-01,1.780958e-02,8.072066e-02,1.988012e-02,2.400665e-01,4.238470e-02,6.150608e-02,1.050749e-01,6.924611e-02,1.258810e-01,2.435464e-02,1.479557e-02,1.641879e-02,7.170465e-03,3.114589e-02
2.148212e-01,1.888515e-02,6.238998e-02,2.286371e-02,2.582427e-01,3.707560e-02,5.266794e-02,7.753589e-02,5.480830e-02,1.048197e-01,2.234409e-02,2.165214e-02,1.382288e-02,7.964442e-03,3.010626e-02
2.345574e-01,1.823372e-02,4.728935e-02,2.462485e-02,3.183351e-01,3.271287e-02,5.641238e-02,6.205946e-02,4.442213e-02,8.012460e-02,1.800336e-02,1.989408e-02,1.165901e-02,6.541475e-03,2.513024e-02
3.123655e-01,2.026927e-02,3.872873e-02,2.941195e-02,2.888370e-01,2.805020e-02,4.875800e-02,5.213705e-02,3.965726e-02,5.892311e-02,1.594188e-02,2.447064e-02,1.140103e-02,6.155724e-03,2.489261e-02
3.467791e-01,2.093085e-02,3.201612e-02,3.049600e-02,2.859299e-01,2.372499e-02,5.060147e-02,4.788638e-02,3.873224e-02,4.432333e-02,1.402445e-02,2.521927e-02,1.066525e-02,5.471841e-03,2.319875e-02
3.473766e-01,2.290543e-02,2.656111e-02,3.585863e-02,2.839198e-01,2.200860e-02,5.989647e-02,4.295460e-02,3.508013e-02,3.410375e-02,1.486398e-02,3.055045e-02,1.259881e-02,5.445754e-03,2.587590e-02
2.725383e-01,6.455274e-02,9.502294e-02,6.709711e-02,2.137066e-01,2.764701e-02,4.367540e-02,3.195972e-02,2.857547e-02,3.645162e-02,2.559566e-02,2.622055e-02,1.066983e-02,1.189502e-02,4.439204e-02
3.059528e-01,6.612493e-02,7.795656e-02,6.048126e-02,1.636430e-01,2.969075e-02,3.259287e-02,2.632565e-02,2.396051e-02,3.359056e-02,3.245660e-02,2.698505e-02,1.178202e-02,3.488617e-02,7.357121e-02
2.856132e-01,6.500027e-02,1.221104e-01,7.078223e-02,1.181765e-01,2.611691e-02,2.339583e-02,2.228018e-02,2.745146e-02,5.002193e-02,3.038200e-02,2.347484e-02,1.037291e-02,3.123979e-02,9.358157e-02
3.092259e-01,5.997350e-02,9.850169e-02,6.044276e-02,8.607163e-02,2.334766e-02,1.702225e-02,1.807481e-02,2.886439e-02,7.586943e-02,3.039274e-02,2.400006e-02,1.039171e-02,3.266514e-02,1.251564e-01
3.391427e-01,5.778717e-02,7.461725e-02,5.670182e-02,6.259421e-02,2.247533e-02,1.272001e-02,1.448076e-02,2.953173e-02,7.423802e-02,2.830893e-02,3.119670e-02,1.333484e-02,3.128322e-02,1.515873e-01
3.551660e-01,5.705218e-02,5.414203e-02,5.273816e-02,4.588372e-02,2.144036e-02,9.360995e-03,1.149355e-02,3.017920e-02,6.363292e-02,2.491260e-02,3.206017e-02,1.772761e-02,3.893470e-02,1.852758e-01
3.900111e-01,5.105121e-02,3.922392e-02,5.263701e-02,3.477289e-02,2.026037e-02,6.985883e-03,8.773611e-03,3.041562e-02,4.806854e-02,2.540385e-02,3.958682e-02,2.150494e-02,3.400518e-02,1.972990e-01
3.602974e-01,5.000135e-02,4.235142e-02,1.341547e-01,2.712132e-02,1.871079e-02,5.655555e-03,8.023797e-03,4.084637e-02,3.865727e-02,2.074566e-02,3.058144e-02,1.976272e-02,2.706478e-02,1.760254e-01
4.869466e-01,4.230551e-02,3.160434e-02,1.037976e-01,2.037365e-02,1.542516e-02,4.432996e-03,6.704633e-03,3.925059e-02,2.777844e-02,2.129541e-02,2.848446e-02,1.717732e-02,2.337955e-02,1.310436e-01
4.672227e-01,5.532958e-02,2.854347e-02,1.503721e-01,1.951978e-02,1.521471e-02,3.829339e-03,9.220185e-03,3.900945e-02,2.002702e-02,2.537061e-02,2.815231e-02,1.771634e-02,2.081264e-02,9.965978e-02
4.685393e-01,5.972726e-02,4.373662e-02,1.443510e-01,1.792125e-02,2.490599e-02,3.793607e-03,1.118445e-02,4.112404e-02,1.514733e-02,2.597501e-02,2.770430e-02,1.686181e-02,1.888772e-02,8.014025e-02
4.142116e-01,5.060437e-02,8.573914e-02,2.108051e-01,1.573159e-02,2.277270e-02,2.891582e-03,9.973604e-03,3.494256e-02,1.305400e-02,2.108503e-02,2.608827e-02,1.419365e-02,1.421715e-02,6.368966e-02
3.009399e-01,4.747026e-02,2.216712e-01,2.149030e-01,1.527739e-02,1.703545e-02,2.594193e-03,1.759786e-02,4.148324e-02,1.079167e-02,1.787294e-02,2.164718e-02,1.336594e-02,1.017625e-02,4.717357e-02
2.224447e-01,4.322933e-02,3.300475e-01,2.173314e-01,1.452420e-02,1.290379e-02,3.099531e-03,1.866072e-02,4.341063e-02,1.007754e-02,1.397281e-02,1.600736e-02,1.196345e-02,7.225084e-03,3.510211e-02
1.751647e-01,4.891520e-02,4.312239e-01,1.706116e-01,1.285788e-02,1.006277e-02,2.673255e-03,2.592642e-02,4.456750e-02,9.716332e-03,1.083817e-02,1.186750e-02,1.034176e-02,5.386101e-03,2.984693e-02
1.653406e-01,7.159482e-02,4.192163e-01,1.379994e-01,1.216743e-02,9.236148e-03,3.301603e-03,2.858224e-02,6.593107e-02,1.753772e-02,1.035173e-02,1.174261e-02,1.302116e-02,5.313449e-03,2.866378e-02
1.636403e-01,7.162696e-02,3.998604e-01,1.273308e-01,1.132770e-02,8.453202e-03,3.391394e-03,2.930618e-02,8.377962e-02,3.368052e-02,1.141945e-02,1.207568e-02,1.252983e-02,5.257018e-03,2.632103e-02
1.614795e-01,5.986729e-02,4.141249e-01,1.201909e-01,1.002149e-02,8.052899e-03,2.876503e-03,2.529257e-02,8.775222e-02,3.603490e-02,1.532202e-02,1.502826e-02,1.191901e-02,9.978632e-03,2.205895e-02
1.440205e-01,4.621451e-02,3.643765e-01,1.126464e-01,7.723995e-03,6.484601e-03,2.352694e-03,2.272818e-02,9.433793e-02,1.006574e-01,2.627293e-02,1.511456e-02,1.414984e-02,1.451562e-02,2.840427e-02
1.050535e-01,4.043026e-02,4.282132e-01,1.093594e-01,9.598477e-03,4.905207e-03,2.082884e-03,1.656202e-02,1.069204e-01,8.100043e-02,2.754232e-02,1.400744e-02,1.389937e-02,1.130149e-02,2.912354e-02
8.516002e-02,3.209243e-02,4.290586e-01,1.375219e-01,7.904248e-03,4.035268e-03,1.641587e-03,1.259157e-02,1.200189e-01,6.499860e-02,3.279416e-02,1.227464e-02,2.011544e-02,9.582785e-03,3.020980e-02
1.305697e-01,3.182675e-02,3.271489e-01,1.245019e-01,7.404573e-03,5.447662e-03,1.568312e-03,1.191389e-02,1.410232e-01,7.570372e-02,5.125302e-02,1.707359e-02,2.654769e-02,8.946810e-03,3.907029e-02
1.153367e-01,2.532607e-02,2.481680e-01,1.358562e-01,6.747678e-03,4.476150e-03,1.207706e-03,1.355653e-02,2.634987e-01,5.689906e-02,4.870438e-02,1.406131e-02,2.778653e-02,7.033087e-03,3.134189e-02
1.778194e-01,2.154454e-02,1.801015e-01,1.068814e-01,6.219837e-03,4.506270e-03,1.145941e-03,1.358283e-02,3.166548e-01,4.415769e-02,4.641733e-02,1.136359e-02,2.705614e-02,6.425057e-03,3.612380e-02
2.112015e-01,1.798959e-02,1.401639e-01,8.907202e-02,8.461225e-03,6.533706e-03,2.855712e-03,6.716757e-02,2.630295e-01,3.281080e-02,6.450400e-02,1.569229e-02,3.715124e-02,6.797777e-03,3.656926e-02
2.000246e-01,1.546763e-02,1.376089e-01,1.577567e-01,6.951394e-03,8.233604e-03,2.317592e-03,5.408450e-02,2.538843e-01,2.515290e-02,5.701468e-02,1.420661e-02,3.314940e-02,5.052415e-03,2.909486e-02
1.910647e-01,1.325601e-02,1.518200e-01,1.951526e-01,6.242849e-03,1.007820e-02,2.114212e-03,4.286086e-02,2.205038e-01,1.977472e-02,6.300915e-02,1.486534e-02,3.947975e-02,4.432303e-03,2.534565e-02
2.233273e-01,1.382009e-02,1.443986e-01,1.994599e-01,8.699544e-03,1.770791e-02,2.171911e-03,4.526923e-02,1.683673e-01,1.657795e-02,6.104523e-02,2.680996e-02,4.413001e-02,5.472264e-03,2.274281e-02
2.200929e-01,1.311846e-02,1.972589e-01,1.717374e-01,1.086672e-02,2.160023e-02,2.409355e-03,5.914043e-02,1.257728e-01,1.419573e-02,6.074715e-02,2.725539e-02,4.447526e-02,5.646138e-03,2.568314e-02
2.581987e-01,1.296879e-02,2.401949e-01,1.381549e-01,1.272525e-02,2.607820e-02,2.741252e-03,5.271193e-02,9.015350e-02,1.313685e-02,5.612873e-02,2.508135e-02,4.502413e-02,4.934289e-03,2.176721e-02
3.095005e-01,1.313566e-02,2.872638e-01,1.166478e-01,1.059117e-02,2.717583e-02,2.400006e-03,4.095298e-02,6.541170e-02,1.165068e-02,4.171988e-02,1.974129e-02,3.332854e-02,4.084609e-03,1.639551e-02
3.641750e-01,1.303048e-02,3.012183e-01,9.883469e-02,9.664711e-03,2.607290e-02,2.083659e-03,3.807366e-02,4.803926e-02,1.019721e-02,3.093922e-02,1.571846e-02,2.620958e-02,3.269694e-03,1.247310e-02
3.107793e-01,3.768429e-02,3.550757e-01,8.475991e-02,9.456716e-03,2.086257e-02,1.843856e-03,5.630401e-02,4.126199e-02,1.272478e-02,2.360439e-02,1.194749e-02,2.001261e-02,2.697222e-03,1.098509e-02
2.557095e-01,5.451049e-02,3.690834e-01,8.202583e-02,1.349149e-02,1.652101e-02,2.028509e-03,8.102435e-02,5.250950e-02,1.288414e-02,1.909810e-02,9.409770e-03,1.818263e-02,2.547820e-03,1.097357e-02
2.314848e-01,6.043665e-02,3.176274e-01,9.299335e-02,1.534168e-02,1.348371e-02,2.814690e-03,1.369795e-01,5.172071e-02,2.494138e-02,1.663514e-02,7.939686e-03,1.526480e-02,2.369153e-03,9.967420e-03
2.200744e-01,5.537791e-02,2.848039e-01,1.389124e-01,1.263373e-02,1.533595e-02,3.303064e-03,1.347530e-01,4.795770e-02,2.644778e-02,2.009487e-02,1.109863e-02,1.404785e-02,3.484591e-03,1.167444e-02
2.277013e-01,5.258130e-02,2.158288e-01,1.362736e-01,1.097899e-02,1.839822e-02,2.937394e-03,1.203868e-01,5.578732e-02,3.621933e-02,3.633635e-02,2.695752e-02,2.086057e-02,5.087987e-03,3.366457e-02
1.651856e-01,3.956392e-02,1.551868e-01,1.027668e-01,7.995921e-03,1.466775e-02,2.093842e-03,8.476372e-02,1.160209e-01,1.078288e-01,3.413711e-02,2.158618e-02,1.922297e-02,6.358147e-03,1.226214e-01
1.382420e-01,3.139775e-02,1.111956e-01,7.762021e-02,6.746885e-03,1.128513e-02,1.725169e-03,6.304488e-02,1.463536e-01,2.105888e-01,3.319912e-02,1.868017e-02,1.977725e-02,5.523976e-03,1.246194e-01
9.794036e-02,2.605391e-02,8.479212e-02,9.500870e-02,5.428774e-03,8.219600e-03,1.318675e-03,4.483305e-02,2.430217e-01,1.888522e-01,3.876531e-02,1.690651e-02,4.630533e-02,4.131132e-03,9.842254e-02
7.440110e-02,1.946550e-02,6.564258e-02,7.335688e-02,5.823182e-03,7.653948e-03,1.300633e-03,3.427213e-02,1.843624e-01,3.137209e-01,5.508583e-02,1.621656e-02,6.542699e-02,5.080436e-03,7.819087e-02
5.356265e-02,1.408790e-02,4.751882e-02,5.358566e-02,4.804967e-03,6.507974e-03,1.093598e-03,2.464501e-02,1.346085e-01,4.712750e-01,4.831516e-02,1.282637e-02,5.790362e-02,4.201486e-03,6.506321e-02
4.792226e-02,1.379663e-02,4.182120e-02,9.151834e-02,9.853547e-03,8.962108e-03,1.528609e-03,2.397309e-02,1.145498e-01,4.675886e-01,4.678809e-02,1.128615e-02,5.979810e-02,3.536861e-03,5.707657e-02
4.182004e-02,1.160020e-02,3.126653e-02,7.548659e-02,9.119684e-03,1.111676e-02,1.520383e-03,2.182237e-02,8.789020e-02,5.481678e-01,4.377606e-02,9.953472e-03,5.147294e-02,3.622130e-03,5.136482e-02
4.721754e-02,1.092706e-02,4.305299e-02,8.960175e-02,2.067879e-02,1.037295e-02,3.422593e-03,9.445539e-02,8.095916e-02,4.573674e-01,4.385358e-02,1.037803e-02,4.566954e-02,3.658896e-03,3.838437e-02
3.925959e-02,7.856633e-03,3.494805e-02,6.526671e-02,2.216962e-02,1.091555e-02,3.345068e-03,1.695402e-01,5.830516e-02,4.700971e-01,3.547892e-02,8.433460e-03,3.739754e-02,3.178574e-03,3.380788e-02
3.393596e-02,5.702321e-03,2.870443e-02,4.741294e-02,2.886034e-02,9.480413e-03,3.197511e-03,3.005394e-01,4.217400e-02,4.024003e-01,2.670274e-02,6.707995e-03,3.309755e-02,2.529887e-03,2.855426e-02
1.276114e-01,5.542348e-03,2.275009e-02,3.939554e-02,3.068606e-02,1.332425e-02,3.304577e-03,2.501678e-01,3.057348e-02,3.950239e-01,1.968482e-02,9.536303e-03,2.960294e-02,1.969379e-03,2.082707e-02
1.592884e-01,5.004936e-03,2.037122e-02,3.380339e-02,3.328314e-02,1.758183e-02,2.928430e-03,2.319010e-01,2.264405e-02,3.988235e-01,1.454978e-02,1.086345e-02,3.177170e-02,1.525373e-03,1.565970e-02
1.495325e-01,5.090577e-03,3.741341e-02,3.052980e-02,4.323111e-02,1.409217e-02,3.213264e-03,2.962383e-01,1.715190e-02,3.407290e-01,1.105174e-02,8.707902e-03,2.941522e-02,1.141328e-03,1.246174e-02
1.649166e-01,1.192082e-02,3.933957e-02,2.672008e-02,6.443744e-02,1.103001e-02,4.244242e-03,2.562576e-01,1.479170e-02,3.551153e-01,8.658309e-03,7.050223e-03,2.414956e-02,9.489069e-04,1.041958e-02
1.575705e-01,1.659940e-02,6.639859e-02,2.437377e-02,1.053152e-01,8.698678e-03,5.790692e-03,2.321215e-01,1.518010e-02,3.221950e-01,6.503273e-03,5.750800e-03,2.217740e-02,8.923626e-04,1.043289e-02
1.796010e-01,1.898338e-02,5.298295e-02,1.960185e-02,9.253057e-02,7.512915e-03,6.233165e-03,1.886677e-01,1.503520e-02,3.733813e-01,4.897987e-03,5.896981e-03,1.806994e-02,1.172068e-03,1.543305e-02
1.929891e-01,1.909660e-02,5.127776e-02,1.604107e-02,9.523870e-02,6.237080e-03,5.530710e-03,1.699354e-01,1.557848e-02,3.419530e-01,3.819907e-03,5.046670e-03,1.860644e-02,2.548591e-03,5.610048e-02
2.877741e-01,2.357972e-02,4.024249e-02,1.392419e-02,7.799942e-02,8.266256e-03,5.708878e-03,1.350595e-01,1.697086e-02,2.639668e-01,3.184271e-03,6.186419e-03,1.915312e-02,3.253138e-03,9.473096e-02
3.283519e-01,2.642757e-02,3.817090e-02,1.282438e-02,6.818805e-02,1.049236e-02,8.702110e-03,1.113385e-01,2.918951e-02,2.276958e-01,3.021632e-03,1.024209e-02,2.143457e-02,4.634135e-03,9.928659e-02
3.425372e-01,2.598826e-02,3.831037e-02,1.462580e-02,6.276948e-02,1.112238e-02,1.179255e-02,1.050560e-01,5.312264e-02,1.825593e-01,3.363286e-03,1.394080e-02,3.353823e-02,4.411166e-03,9.686264e-02
4.003382e-01,3.105891e-02,3.580892e-02,1.376027e-02,5.651453e-02,1.136881e-02,1.282735e-02,9.167409e-02,6.164259e-02,1.331123e-01,3.187650e-03,1.350261e-02,4.661337e-02,3.858710e-03,8.473177e-02
3.814824e-01,3.830799e-02,4.653852e-02,1.343626e-02,6.014565e-02,1.184700e-02,1.707118e-02,9.628329e-02,6.772233e-02,1.067719e-01,3.569629e-03,1.475815e-02,6.305464e-02,3.583052e-03,7.542805e-02
4.199725e-01,4.011890e-02,4.924013e-02,1.634837e-02,5.578476e-02,1.405239e-02,1.899128e-02,8.365630e-02,8.227979e-02,7.906473e-02,4.182327e-03,1.555686e-02,6.110559e-02,3.474248e-03,5.617193e-02
4.788542e-01,3.617318e-02,4.700067e-02,1.704551e-02,4.879975e-02,1.334079e-02,1.851792e-02,7.515389e-02,8.770355e-02,5.771662e-02,3.965208e-03,1.629459e-02,5.385781e-02,2.834147e-03,4.274213e-02
1.000000e+00,0.000000e+00,0.000000e+00,0.000000e+00,0.000000e+00,0.000000e+00,0.000000e+00,0.000000e+00,0.000000e+00,0.000000e+00,0.000000e+00,0.000000e+00,0.000000e+00,0.000000e+00,0.000000e+00
1.000000e+00,0.000000e+00,0.000000e+00,0.000000e+00,0.000000e+00,0.000000e+00,0.000000e+00,0.000000e+00,0.000000e+00,0.000000e+00,0.000000e+00,0.000000e+00,0.000000e+00,0.000000e+00,0.000000e+00
1.000000e+00,0.000000e+00,0.000000e+00,0.000000e+00,0.000000e+00,0.000000e+00,0.000000e+00,0.000000e+00,0.000000e+00,0.000000e+00,0.000000e+00,0.000000e+00,0.000000e+00,0.000000e+00,0.000000e+00
1.000000e+00,0.000000e+00,0.000000e+00,0.000000e+00,0.000000e+00,0.000000e+00,0.000000e+00,0.000000e+00,0.000000e+00,0.000000e+00,0.000000e+00,0.000000e+00,0.000000e+00,0.000000e+00,0.000000e+00
1.000000e+00,0.000000e+00,0.000000e+00,0.000000e+00,0.000000e+00,0.000000e+00,0.000000e+00,0.000000e+00,0.000000e+00,0.000000e+00,0.000000e+00,0.000000e+00,0.000000e+00,0.000000e+00,0.000000e+00
1.000000e+00,0.000000e+00,0.000000e+00,0.000000e+00,0.000000e+00,0.000000e+00,0.000000e+00,0.000000e+00,0.000000e+00,0.000000e+00,0.000000e+00,0.000000e+00,0.000000e+00,0.000000e+00,0.000000e+00
1.000000e+00,0.000000e+00,0.000000e+00,0.000000e+00,0.000000e+00,0.000000e+00,0.000000e+00,0.000000e+00,0.000000e+00,0.000000e+00,0.000000e+00,0.000000e+00,0.000000e+00,0.000000e+00,0.000000e+00
1.000000e+00,0.000000e+00,0.000000e+00,0.000000e+00,0.000000e+00,0.000000e+00,0.000000e+00,0.000000e+00,0.000000e+00,0.000000e+00,0.000000e+00,0.000000e+00,0.000000e+00,0.000000e+00,0.000000e+00
