1.000000e+00,0.000000e+00,0.000000e+00,0.000000e+00,0.000000e+00,0.000000e+00,0.000000e+00,0.000000e+00,0.000000e+00,0.000000e+00,0.000000e+00,0.000000e+00,0.000000e+00,0.000000e+00,0.000000e+00
1.000000e+00,0.000000e+00,0.000000e+00,0.000000e+00,0.000000e+00,0.000000e+00,0.000000e+00,0.000000e+00,0.000000e+00,0.000000e+00,0.000000e+00,0.000000e+00,0.000000e+00,0.000000e+00,0.000000e+00
1.000000e+00,0.000000e+00,0.000000e+00,0.000000e+00,0.000000e+00,0.000000e+00,0.000000e+00,0.000000e+00,0.000000e+00,0.000000e+00,0.000000e+00,0.000000e+00,0.000000e+00,0.000000e+00,0.000000e+00
1.000000e+00,0.000000e+00,0.000000e+00,0.000000e+00,0.000000e+00,0.000000e+00,0.000000e+00,0.000000e+00,0.000000e+00,0.000000e+00,0.000000e+00,0.000000e+00,0.000000e+00,0.000000e+00,0.000000e+00
1.000000e+00,0.000000e+00,0.000000e+00,0.000000e+00,0.000000e+00,0.000000e+00,0.000000e+00,0.000000e+00,0.000000e+00,0.000000e+00,0.000000e+00,0.000000e+00,0.000000e+00,0.000000e+00,0.000000e+00
1.000000e+00,0.000000e+00,0.000000e+00,0.000000e+00,0.000000e+00,0.000000e+00,0.000000e+00,0.000000e+00,0.000000e+00,0.000000e+00,0.000000e+00,0.000000e+00,0.000000e+00,0.000000e+00,0.000000e+00
1.000000e+00,0.000000e+00,0.000000e+00,0.000000e+00,0.000000e+00,0.000000e+00,0.000000e+00,0.000000e+00,0.000000e+00,0.000000e+00,0.000000e+00,0.000000e+00,0.000000e+00,0.000000e+00,0.000000e+00
1.000000e+00,0.000000e+00,0.000000e+00,0.000000e+00,0.000000e+00,0.000000e+00,0.000000e+00,0.000000e+00,0.000000e+00,0.000000e+00,0.000000e+00,0.000000e+00,0.000000e+00,0.000000e+00,0.000000e+00
1.000000e+00,0.000000e+00,0.000000e+00,0.000000e+00,0.000000e+00,0.000000e+00,0.000000e+00,0.000000e+00,0.000000e+00,0.000000e+00,0.000000e+00,0.000000e+00,0.000000e+00,0.000000e+00,0.000000e+00
1.000000e+00,0.000000e+00,0.000000e+00,0.000000e+00,0.000000e+00,0.000000e+00,0.000000e+00,0.000000e+00,0.000000e+00,0.000000e+00,0.000000e+00,0.000000e+00,0.000000e+00,0.000000e+00,0.000000e+00
1.000000e+00,0.000000e+00,0.000000e+00,0.000000e+00,0.000000e+00,0.000000e+00,0.000000e+00,0.000000e+00,0.000000e+00,0.000000e+00,0.000000e+00,0.000000e+00,0.000000e+00,0.000000e+00,0.000000e+00
1.000000e+00,0.000000e+00,0.000000e+00,0.000000e+00,0.000000e+00,0.000000e+00,0.000000e+00,0.000000e+00,0.000000e+00,0.000000e+00,0.000000e+00,0.000000e+00,0.000000e+00,0.000000e+00,0.000000e+00
1.000000e+00,0.000000e+00,0.000000e+00,0.000000e+00,0.000000e+00,0.000000e+00,0.000000e+00,0.000000e+00,0.000000e+00,0.000000e+00,0.000000e+00,0.000000e+00,0.000000e+00,0.000000e+00,0.000000e+00
1.000000e+00,0.000000e+00,0.000000e+00,0.000000e+00,0.000000e+00,0.000000e+00,0.000000e+00,0.000000e+00,0.000000e+00,0.000000e+00,0.000000e+00,0.000000e+00,0.000000e+00,0.000000e+00,0.000000e+00
1.000000e+00,0.000000e+00,0.000000e+00,0.000000e+00,0.000000e+00,0.000000e+00,0.000000e+00,0.000000e+00,0.000000e+00,0.000000e+00,0.000000e+00,0.000000e+00,0.000000e+00,0.000000e+00,0.000000e+00
1.000000e+00,0.000000e+00,0.000000e+00,0.000000e+00,0.000000e+00,0.000000e+00,0.000000e+00,0.000000e+00,0.000000e+00,0.000000e+00,0.000000e+00,0.000000e+00,0.000000e+00,0.000000e+00,0.000000e+00
1.000000e+00,0.000000e+00,0.000000e+00,0.000000e+00,0.000000e+00,0.000000e+00,0.000000e+00,0.000000e+00,0.000000e+00,0.000000e+00,0.000000e+00,0.000000e+00,0.000000e+00,0.000000e+00,0.000000e+00
1.000000e+00,0.000000e+00,0.000000e+00,0.000000e+00,0.000000e+00,0.000000e+00,0.000000e+00,0.000000e+00,0.000000e+00,0.000000e+00,0.000000e+00,0.000000e+00,0.000000e+00,0.000000e+00,0.000000e+00
1.000000e+00,0.000000e+00,0.000000e+00,0.000000e+00,0.000000e+00,0.000000e+00,0.000000e+00,0.000000e+00,0.000000e+00,0.000000e+00,0.000000e+00,0.000000e+00,0.000000e+00,0.000000e+00,0.000000e+00
1.000000e+00,0.000000e+00,0.000000e+00,0.000000e+00,0.000000e+00,0.000000e+00,0.000000e+00,0.000000e+00,0.000000e+00,0.000000e+00,0.000000e+00,0.000000e+00,0.000000e+00,0.000000e+00,0.000000e+00
1.000000e+00,0.000000e+00,0.000000e+00,0.000000e+00,0.000000e+00,0.000000e+00,0.000000e+00,0.000000e+00,0.000000e+00,0.000000e+00,0.000000e+00,0.000000e+00,0.000000e+00,0.000000e+00,0.000000e+00
1.000000e+00,0.000000e+00,0.000000e+00,0.000000e+00,0.000000e+00,0.000000e+00,0.000000e+00,0.000000e+00,0.000000e+00,0.000000e+00,0.000000e+00,0.000000e+00,0.000000e+00,0.000000e+00,0.000000e+00
1.000000e+00,0.000000e+00,0.000000e+00,0.000000e+00,0.000000e+00,0.000000e+00,0.000000e+00,0.000000e+00,0.000000e+00,0.000000e+00,0.000000e+00,0.000000e+00,0.000000e+00,0.000000e+00,0.000000e+00
1.000000e+00,0.000000e+00,0.000000e+00,0.000000e+00,0.000000e+00,0.000000e+00,0.000000e+00,0.000000e+00,0.000000e+00,0.000000e+00,0.000000e+00,0.000000e+00,0.000000e+00,0.000000e+00,0.000000e+00
1.000000e+00,0.000000e+00,0.000000e+00,0.000000e+00,0.000000e+00,0.000000e+00,0.000000e+00,0.000000e+00,0.000000e+00,0.000000e+00,0.000000e+00,0.000000e+00,0.000000e+00,0.000000e+00,0.000000e+00
1.000000e+00,0.000000e+00,0.000000e+00,0.000000e+00,0.000000e+00,0.000000e+00,0.000000e+00,0.000000e+00,0.000000e+00,0.000000e+00,0.000000e+00,0.000000e+00,0.000000e+00,0.000000e+00,0.000000e+00
1.000000e+00,0.000000e+00,0.000000e+00,0.000000e+00,0.000000e+00,0.000000e+00,0.000000e+00,0.000000e+00,0.000000e+00,0.000000e+00,0.000000e+00,0.000000e+00,0.000000e+00,0.000000e+00,0.000000e+00
1.000000e+00,0.000000e+00,0.000000e+00,0.000000e+00,0.000000e+00,0.000000e+00,0.000000e+00,0.000000e+00,0.000000e+00,0.000000e+00,0.000000e+00,0.000000e+00,0.000000e+00,0.000000e+00,0.000000e+00
1.000000e+00,0.000000e+00,0.000000e+00,0.000000e+00,0.000000e+00,0.000000e+00,0.000000e+00,0.000000e+00,0.000000e+00,0.000000e+00,0.000000e+00,0.000000e+00,0.000000e+00,0.000000e+00,0.000000e+00
1.000000e+00,0.000000e+00,0.000000e+00,0.000000e+00,0.000000e+00,0.000000e+00,0.000000e+00,0.000000e+00,0.000000e+00,0.000000e+00,0.000000e+00,0.000000e+00,0.000000e+00,0.000000e+00,0.000000e+00
1.000000e+00,0.000000e+00,0.000000e+00,0.000000e+00,0.000000e+00,0.000000e+00,0.000000e+00,0.000000e+00,0.000000e+00,0.000000e+00,0.000000e+00,0.000000e+00,0.000000e+00,0.000000e+00,0.000000e+00
1.000000e+00,0.000000e+00,0.000000e+00,0.000000e+00,0.000000e+00,0.000000e+00,0.000000e+00,0.000000e+00,0.000000e+00,0.000000e+00,0.000000e+00,0.000000e+00,0.000000e+00,0.000000e+00,0.000000e+00
1.000000e+00,0.000000e+00,0.000000e+00,0.000000e+00,0.000000e+00,0.000000e+00,0.000000e+00,0.000000e+00,0.000000e+00,0.000000e+00,0.000000e+00,0.000000e+00,0.000000e+00,0.000000e+00,0.000000e+00
1.000000e+00,0.000000e+00,0.000000e+00,0.000000e+00,0.000000e+00,0.000000e+00,0.000000e+00,0.000000e+00,0.000000e+00,0.000000e+00,0.000000e+00,0.000000e+00,0.000000e+00,0.000000e+00,0.000000e+00
1.000000e+00,0.000000e+00,0.000000e+00,0.000000e+00,0.000000e+00,0.000000e+00,0.000000e+00,0.000000e+00,0.000000e+00,0.000000e+00,0.000000e+00,0.000000e+00,0.000000e+00,0.000000e+00,0.000000e+00
1.000000e+00,0.000000e+00,0.000000e+00,0.000000e+00,0.000000e+00,0.000000e+00,0.000000e+00,0.000000e+00,0.000000e+00,0.000000e+00,0.000000e+00,0.000000e+00,0.000000e+00,0.000000e+00,0.000000e+00
1.000000e+00,0.000000e+00,0.000000e+00,0.000000e+00,0.000000e+00,0.000000e+00,0.000000e+00,0.000000e+00,0.000000e+00,0.000000e+00,0.000000e+00,0.000000e+00,0.000000e+00,0.000000e+00,0.000000e+00
1.000000e+00,0.000000e+00,0.000000e+00,0.000000e+00,0.000000e+00,0.000000e+00,0.000000e+00,0.000000e+00,0.000000e+00,0.000000e+00,0.000000e+00,0.000000e+00,0.000000e+00,0.000000e+00,0.000000e+00
1.000000e+00,0.000000e+00,0.000000e+00,0.000000e+00,0.000000e+00,0.000000e+00,0.000000e+00,0.000000e+00,0.000000e+00,0.000000e+00,0.000000e+00,0.000000e+00,0.000000e+00,0.000000e+00,0.000000e+00
1.000000e+00,0.000000e+00,0.000000e+00,0.000000e+00,0.000000e+00,0.000000e+00,0.000000e+00,0.000000e+00,0.000000e+00,0.000000e+00,0.000000e+00,0.000000e+00,0.000000e+00,0.000000e+00,0.000000e+00
1.000000e+00,0.000000e+00,0.000000e+00,0.000000e+00,0.000000e+00,0.000000e+00,0.000000e+00,0.000000e+00,0.000000e+00,0.000000e+00,0.000000e+00,0.000000e+00,0.000000e+00,0.000000e+00,0.000000e+00
1.000000e+00,0.000000e+00,0.000000e+00,0.000000e+00,0.000000e+00,0.000000e+00,0.000000e+00,0.000000e+00,0.000000e+00,0.000000e+00,0.000000e+00,0.000000e+00,0.000000e+00,0.000000e+00,0.000000e+00
1.000000e+00,0.000000e+00,0.000000e+00,0.000000e+00,0.000000e+00,0.000000e+00,0.000000e+00,0.000000e+00,0.000000e+00,0.000000e+00,0.000000e+00,0.000000e+00,0.000000e+00,0.000000e+00,0.000000e+00
1.000000e+00,0.000000e+00,0.000000e+00,0.000000e+00,0.000000e+00,0.000000e+00,0.000000e+00,0.000000e+00,0.000000e+00,0.000000e+00,0.000000e+00,0.000000e+00,0.000000e+00,0.000000e+00,0.000000e+00
4.674311e-01,6.985352e-02,3.003102e-02,3.144089e-01,4.694913e-03,1.774754e-02,3.871378e-03,8.438820e-03,7.076903e-03,3.167816e-03,1.103221e-02,1.433474e-02,2.535797e-02,1.291608e-03,2.126160e-02
3.510870e-01,5.811911e-02,2.558753e-02,3.925037e-01,4.276366e-03,1.406974e-02,2.918818e-03,6.713293e-03,1.638892e-02,1.001095e-02,4.699348e-02,1.140354e-02,2.648481e-02,1.132819e-03,3.230990e-02
3.198829e-01,5.147908e-02,1.884048e-02,3.322369e-01,1.094229e-02,1.270702e-02,2.540691e-03,5.783639e-03,4.125863e-02,8.553492e-03,1.033891e-01,1.070335e-02,3.732981e-02,1.519977e-03,4.283269e-02
2.475512e-01,1.121307e-01,1.378010e-02,2.511007e-01,1.552148e-02,9.959307e-03,2.124626e-03,4.406896e-03,1.642608e-01,7.763797e-03,9.306806e-02,9.054518e-03,3.337148e-02,1.379715e-03,3.452666e-02
1.744987e-01,1.418451e-01,1.200316e-02,2.410557e-01,1.206519e-02,7.336293e-03,1.548933e-03,3.177298e-03,2.683661e-01,7.847456e-03,6.813744e-02,6.595997e-03,2.564534e-02,1.132341e-03,2.874502e-02
1.306127e-01,1.775521e-01,1.301886e-02,2.253072e-01,1.337806e-02,6.780871e-03,1.596561e-03,2.348231e-03,3.047471e-01,8.564299e-03,5.698036e-02,5.221439e-03,2.052740e-02,1.112483e-03,3.225229e-02
9.206337e-02,2.410387e-01,1.964329e-02,2.325660e-01,9.525680e-03,5.119970e-03,1.143574e-03,1.724177e-03,2.747195e-01,8.267939e-03,4.405501e-02,4.460447e-03,1.667481e-02,1.562833e-03,4.743469e-02
6.883316e-02,2.197482e-01,1.649241e-02,2.074366e-01,6.857224e-03,4.109395e-03,9.094467e-04,1.443079e-03,2.341839e-01,8.132020e-03,1.040885e-01,7.679991e-03,6.047206e-02,5.425914e-03,5.418819e-02
6.197157e-02,1.590162e-01,1.227892e-02,1.611775e-01,5.025662e-03,3.413690e-03,7.058258e-04,1.204823e-03,1.788109e-01,2.065846e-02,2.427060e-01,1.270089e-02,7.598043e-02,8.336694e-03,5.601246e-02
7.555272e-02,1.151300e-01,9.722456e-03,1.287886e-01,4.318194e-03,3.576202e-03,6.282034e-04,1.683949e-03,1.487747e-01,1.750095e-02,2.456077e-01,2.477742e-02,9.948555e-02,1.087296e-02,1.135805e-01
1.632410e-01,1.137321e-01,8.373834e-03,1.103661e-01,4.419353e-03,5.397771e-03,7.128711e-04,3.990749e-03,1.577014e-01,1.802797e-02,1.752256e-01,2.572498e-02,8.924479e-02,2.015897e-02,1.036826e-01
1.410880e-01,8.411323e-02,6.131870e-03,9.230423e-02,3.629233e-03,1.392209e-02,9.660101e-04,8.219730e-03,1.265535e-01,1.362827e-02,1.247546e-01,3.577820e-02,2.394241e-01,1.765343e-02,9.183370e-02
1.230001e-01,6.567826e-02,5.390222e-03,1.203041e-01,3.877031e-03,1.364747e-02,1.430978e-03,1.519621e-02,2.183955e-01,1.050151e-02,9.180421e-02,3.134179e-02,2.127582e-01,1.455024e-02,7.212414e-02
1.049194e-01,4.779049e-02,4.645423e-03,1.560985e-01,3.459746e-03,2.152242e-02,1.578399e-03,1.138819e-02,1.738282e-01,8.118813e-03,7.049528e-02,4.067301e-02,2.884000e-01,1.133352e-02,5.574870e-02
9.160881e-02,3.476787e-02,4.107702e-03,1.958727e-01,3.494265e-03,2.020951e-02,1.593001e-03,8.776722e-03,1.552490e-01,6.930837e-03,6.048753e-02,3.892956e-02,3.264077e-01,9.534101e-03,4.203077e-02
1.747789e-01,2.810458e-02,4.413765e-03,1.545009e-01,4.446436e-03,2.318050e-02,3.234691e-03,8.263483e-03,1.193409e-01,8.729450e-03,7.520710e-02,5.466148e-02,2.778489e-01,1.697111e-02,4.631785e-02
1.587544e-01,3.921517e-02,1.232073e-02,1.211648e-01,8.906640e-03,2.042788e-02,3.388731e-03,7.739066e-03,1.522838e-01,9.234869e-03,5.913524e-02,5.667730e-02,2.563743e-01,1.612634e-02,7.825077e-02
1.693171e-01,6.167847e-02,2.133676e-02,1.038458e-01,8.131858e-03,2.153441e-02,3.003911e-03,7.384260e-03,1.430563e-01,1.654281e-02,4.901830e-02,7.585780e-02,2.040539e-01,1.766802e-02,9.757029e-02
1.536148e-01,5.427378e-02,1.731279e-02,7.647130e-02,1.717674e-02,2.575284e-02,4.000819e-03,7.506139e-03,2.068834e-01,1.397494e-02,4.447491e-02,7.306054e-02,2.013157e-01,1.356091e-02,9.062035e-02
1.821922e-01,5.255251e-02,1.547648e-02,6.281289e-02,2.082412e-02,3.380492e-02,4.705278e-03,1.249632e-02,1.819912e-01,1.146995e-02,3.641038e-02,9.841774e-02,2.052490e-01,1.092552e-02,7.067151e-02
1.998644e-01,5.283985e-02,1.387311e-02,5.677159e-02,2.381300e-02,3.522681e-02,4.732192e-03,1.288047e-02,2.082460e-01,9.462589e-03,3.070555e-02,8.229718e-02,2.034016e-01,8.940229e-03,5.694542e-02
1.532047e-01,4.432308e-02,1.686245e-02,5.131443e-02,3.578320e-02,3.815108e-02,6.431280e-03,5.872371e-02,2.330289e-01,7.276451e-03,2.308271e-02,6.418927e-02,2.128162e-01,6.604942e-03,4.820747e-02
1.576953e-01,4.416855e-02,1.637813e-02,3.883335e-02,5.841940e-02,4.738971e-02,8.122183e-03,4.523673e-02,2.102854e-01,5.678342e-03,1.984365e-02,5.493699e-02,2.500169e-01,6.841543e-03,3.615373e-02
1.452344e-01,4.312161e-02,1.843266e-02,3.695282e-02,1.159151e-01,9.697978e-02,1.096851e-02,4.460461e-02,1.626920e-01,4.282833e-03,1.575216e-02,4.326773e-02,2.293468e-01,5.722595e-03,2.672629e-02
1.607981e-01,5.325497e-02,1.589929e-02,2.874514e-02,1.090536e-01,8.525993e-02,9.231943e-03,3.731903e-02,1.722296e-01,4.229774e-03,1.368554e-02,3.687605e-02,2.397683e-01,6.573974e-03,2.707489e-02
1.784550e-01,4.588904e-02,1.630974e-02,6.102458e-02,1.322105e-01,8.034722e-02,8.747885e-03,4.911207e-02,1.499435e-01,3.977033e-03,1.286539e-02,3.776392e-02,1.946663e-01,6.210354e-03,2.247754e-02
2.102268e-01,3.740523e-02,1.475175e-02,5.608026e-02,1.099779e-01,6.376006e-02,7.265737e-03,5.062731e-02,2.016331e-01,5.810333e-03,1.357389e-02,4.018993e-02,1.585007e-01,7.076326e-03,2.312068e-02
1.970922e-01,2.837576e-02,4.613645e-02,1.144524e-01,9.228497e-02,5.205955e-02,6.144747e-03,9.852662e-02,1.701625e-01,5.360429e-03,1.254259e-02,3.590043e-02,1.166137e-01,6.065222e-03,1.828240e-02
2.060841e-01,2.246189e-02,4.173427e-02,8.801332e-02,7.241964e-02,4.217685e-02,4.757691e-03,7.242259e-02,2.534151e-01,1.208902e-02,1.356802e-02,3.095221e-02,8.753537e-02,1.611065e-02,3.625925e-02
2.388587e-01,1.810999e-02,3.199623e-02,6.872735e-02,6.940708e-02,3.405583e-02,4.096451e-03,5.756352e-02,2.944622e-01,1.642101e-02,1.490662e-02,2.879552e-02,6.779481e-02,1.541614e-02,3.938862e-02
3.234106e-01,1.651026e-02,3.001738e-02,6.657305e-02,7.578043e-02,2.670991e-02,3.732679e-03,5.696648e-02,2.492111e-01,1.309457e-02,1.525634e-02,2.551844e-02,5.145525e-02,1.480208e-02,3.096153e-02
3.608580e-01,2.221252e-02,2.738516e-02,8.449420e-02,7.613556e-02,2.656767e-02,4.149677e-03,5.374536e-02,2.178444e-01,1.119688e-02,1.577037e-02,2.187710e-02,3.948108e-02,1.175187e-02,2.653019e-02
4.186456e-01,2.237157e-02,2.548556e-02,7.732236e-02,6.273582e-02,2.718361e-02,3.676957e-03,4.370333e-02,1.937791e-01,1.244533e-02,1.579547e-02,2.110304e-02,3.084492e-02,1.078309e-02,3.412429e-02
3.917753e-01,3.121123e-02,2.848926e-02,8.738994e-02,5.698538e-02,2.397501e-02,3.925418e-03,3.878392e-02,2.184424e-01,1.365941e-02,1.553588e-02,1.813130e-02,2.579655e-02,8.708390e-03,3.719066e-02
4.048000e-01,4.048653e-02,2.700244e-02,7.634805e-02,5.864185e-02,2.299277e-02,4.203516e-03,3.013932e-02,2.099053e-01,1.331302e-02,1.586693e-02,1.881049e-02,2.500111e-02,1.097194e-02,4.151677e-02
4.156449e-01,5.310029e-02,2.436400e-02,6.824701e-02,5.294044e-02,2.827680e-02,3.649924e-03,2.325202e-02,1.849942e-01,1.215571e-02,1.620569e-02,1.860080e-02,2.652829e-02,1.252085e-02,5.951922e-02
3.668006e-01,5.754030e-02,2.230614e-02,6.783032e-02,6.061985e-02,2.506980e-02,4.247361e-03,2.494513e-02,1.772579e-01,2.279828e-02,1.383350e-02,1.613826e-02,2.189510e-02,1.129826e-02,1.074192e-01
3.544292e-01,7.465113e-02,1.944713e-02,6.434456e-02,6.966388e-02,2.369037e-02,4.294548e-03,2.562559e-02,1.691758e-01,2.268317e-02,1.202635e-02,1.320883e-02,1.892261e-02,1.009161e-02,1.177453e-01
3.499393e-01,1.033531e-01,1.545033e-02,5.610697e-02,7.541808e-02,2.510700e-02,3.921366e-03,2.307866e-02,1.680903e-01,1.666732e-02,1.085345e-02,1.217077e-02,2.099924e-02,1.155274e-02,1.072914e-01
3.920207e-01,1.133389e-01,1.225089e-02,4.755305e-02,6.309642e-02,2.667999e-02,3.561711e-03,2.186757e-02,1.510971e-01,1.242590e-02,9.684889e-03,1.114526e-02,2.134045e-02,1.245222e-02,1.014850e-01
4.853027e-01,1.067848e-01,9.213885e-03,4.149197e-02,5.033762e-02,2.310495e-02,3.058779e-03,1.740284e-02,1.241090e-01,9.493113e-03,8.418944e-03,1.169732e-02,1.868423e-02,1.068023e-02,8.021964e-02
4.475044e-01,1.051662e-01,1.093441e-02,8.996280e-02,4.551844e-02,1.975969e-02,3.607309e-03,1.583577e-02,1.132114e-01,1.008940e-02,7.382690e-03,1.227091e-02,1.887246e-02,8.144693e-03,9.173940e-02
4.872989e-01,1.049224e-01,9.072847e-03,8.095834e-02,5.099753e-02,2.211970e-02,4.551069e-03,1.526051e-02,1.024997e-01,8.190037e-03,6.466298e-03,1.203926e-02,1.698274e-02,6.136660e-03,7.250404e-02
1.000000e+00,0.000000e+00,0.000000e+00,0.000000e+00,0.000000e+00,0.000000e+00,0.000000e+00,0.000000e+00,0.000000e+00,0.000000e+00,0.000000e+00,0.000000e+00,0.000000e+00,0.000000e+00,0.000000e+00
1.000000e+00,0.000000e+00,0.000000e+00,0.000000e+00,0.000000e+00,0.000000e+00,0.000000e+00,0.000000e+00,0.000000e+00,0.000000e+00,0.000000e+00,0.000000e+00,0.000000e+00,0.000000e+00,0.000000e+00
4.338823e-01,8.089811e-02,6.958772e-03,4.460445e-02,3.671425e-02,2.304466e-01,4.126695e-03,1.048589e-02,7.988431e-02,6.572244e-03,5.623722e-03,7.915936e-03,1.166304e-02,4.448495e-03,3.577521e-02
4.334202e-01,5.931962e-02,6.994249e-03,3.401355e-02,2.962225e-02,2.673952e-01,4.060403e-03,2.105112e-02,7.209646e-02,1.429557e-02,6.522351e-03,7.420442e-03,1.067607e-02,4.910410e-03,2.820202e-02
3.706030e-01,4.486377e-02,7.250468e-03,2.911100e-02,2.370282e-02,2.954878e-01,4.240707e-03,1.719958e-02,5.602053e-02,9.452551e-02,7.709606e-03,6.572371e-03,9.218468e-03,5.316131e-03,2.817826e-02
2.595848e-01,3.234483e-02,5.104642e-03,2.067973e-02,1.674796e-02,4.100044e-01,3.113189e-03,1.212097e-02,4.797693e-02,1.374089e-01,7.338871e-03,4.653302e-03,6.577427e-03,6.122080e-03,3.022195e-02
1.830386e-01,2.349272e-02,3.593309e-03,1.484756e-02,1.209137e-02,4.701917e-01,2.522283e-03,8.875292e-03,4.558870e-02,1.325221e-01,1.621461e-02,3.400419e-03,5.299725e-03,4.398775e-02,3.433389e-02
1.349472e-01,1.688763e-02,2.604326e-03,1.094124e-02,8.804622e-03,3.443970e-01,2.420187e-03,7.284915e-03,8.795991e-02,1.235491e-01,6.730654e-02,2.960964e-03,4.153459e-03,1.558084e-01,2.997452e-02
9.621694e-02,1.187350e-02,1.833464e-03,7.701031e-03,6.316824e-03,2.453833e-01,1.911485e-03,5.221330e-03,1.009237e-01,1.209679e-01,1.340770e-01,2.432694e-03,3.129876e-03,2.321742e-01,2.983671e-02
6.993143e-02,8.411874e-03,1.314956e-03,5.435487e-03,4.758180e-03,1.776253e-01,1.480229e-03,3.782132e-03,9.018007e-02,1.058182e-01,2.477917e-01,2.851007e-03,2.590127e-03,2.425470e-01,3.548242e-02
4.981843e-02,7.334072e-03,1.055115e-03,3.820944e-03,3.519720e-03,1.278960e-01,1.059524e-03,2.770449e-03,1.134122e-01,8.814260e-02,2.840895e-01,2.871473e-03,2.926139e-03,2.715699e-01,3.971384e-02
3.549972e-02,5.859378e-03,8.175718e-04,2.686711e-03,2.704240e-03,9.081520e-02,7.640513e-04,2.039843e-03,1.030939e-01,7.552993e-02,3.542647e-01,2.484508e-03,2.667031e-03,2.882850e-01,3.248829e-02
2.697119e-02,6.706496e-03,7.998003e-04,2.131165e-03,2.131794e-03,6.585848e-02,5.777971e-04,1.673915e-03,1.218627e-01,5.663577e-02,3.419489e-01,2.289842e-03,2.256277e-03,3.418431e-01,2.631276e-02
2.075045e-02,5.757160e-03,2.799624e-03,2.594936e-03,2.039767e-03,4.953228e-02,5.674856e-04,1.916279e-03,1.389966e-01,5.137471e-02,3.021356e-01,2.538149e-03,2.423727e-03,3.919489e-01,2.462424e-02
1.626309e-02,5.534848e-03,3.542301e-03,2.222162e-03,2.375943e-03,3.687952e-02,4.883622e-04,2.398132e-03,2.365923e-01,4.502544e-02,2.314956e-01,1.935250e-03,1.978340e-03,3.917998e-01,2.146890e-02
1.261242e-02,4.484322e-03,7.585250e-03,1.843557e-03,2.277040e-03,2.843770e-02,4.110813e-04,2.354049e-03,2.166794e-01,4.371617e-02,1.737405e-01,1.441007e-03,2.130306e-03,4.821491e-01,2.013808e-02
1.256416e-02,4.556899e-03,1.416054e-02,7.140514e-03,3.893367e-03,2.208295e-02,5.257369e-04,4.085789e-03,2.439315e-01,4.886877e-02,1.288511e-01,1.175733e-03,3.254648e-03,4.796524e-01,2.525588e-02
1.045337e-02,5.809041e-03,2.862570e-02,6.421300e-03,3.993283e-03,1.856900e-02,4.645461e-04,4.467552e-03,2.672170e-01,6.582255e-02,1.133309e-01,1.221099e-03,5.304079e-03,4.367799e-01,3.152066e-02
8.917221e-03,7.806385e-03,4.566548e-02,6.061827e-02,4.297671e-03,1.787008e-02,4.640627e-04,8.193854e-03,2.931228e-01,6.100278e-02,1.123418e-01,1.485836e-03,9.751989e-03,3.238459e-01,4.461588e-02
1.701978e-02,7.951449e-03,6.742211e-02,5.287585e-02,4.815309e-03,1.543757e-02,5.856534e-04,7.052700e-03,2.325279e-01,6.452439e-02,2.172009e-01,3.215437e-03,2.471247e-02,2.457034e-01,3.895514e-02
4.672335e-02,1.321304e-02,5.828016e-02,4.024270e-02,7.040677e-03,1.448440e-02,5.711141e-04,5.623512e-03,1.712123e-01,7.363118e-02,2.527097e-01,3.857502e-03,3.010990e-02,2.396103e-01,4.269034e-02
9.362023e-02,3.231485e-02,5.925830e-02,6.400110e-02,2.280584e-02,1.429225e-02,1.930870e-03,5.874937e-03,1.528149e-01,5.847560e-02,1.937003e-01,4.574081e-03,2.739111e-02,2.192841e-01,4.966162e-02
2.107905e-01,6.803264e-02,5.850331e-02,5.987185e-02,2.104513e-02,1.373853e-02,2.592280e-03,7.176287e-03,1.220824e-01,4.778010e-02,1.443441e-01,5.048631e-03,2.165016e-02,1.735788e-01,4.376534e-02
2.133203e-01,1.941684e-01,5.039304e-02,5.382137e-02,1.973100e-02,1.108334e-02,2.146258e-03,9.091239e-03,1.137809e-01,3.680455e-02,1.059972e-01,4.554731e-03,1.663648e-02,1.316814e-01,3.678976e-02
2.046577e-01,2.974576e-01,4.490341e-02,5.224351e-02,1.973340e-02,9.816920e-03,1.864823e-03,1.004000e-02,1.114475e-01,2.714014e-02,7.759271e-02,4.308016e-03,1.299746e-02,9.718151e-02,2.861530e-02
1.558833e-01,4.359888e-01,3.744601e-02,3.972150e-02,1.675936e-02,7.736233e-03,1.443726e-03,1.182980e-02,1.130497e-01,2.023059e-02,5.498834e-02,3.303708e-03,9.578028e-03,6.996522e-02,2.207566e-02
1.159716e-01,5.210267e-01,2.881926e-02,2.954857e-02,1.567460e-02,6.191291e-03,1.228718e-03,1.138115e-02,1.380648e-01,1.519791e-02,3.910204e-02,2.551451e-03,7.118297e-03,5.025315e-02,1.787038e-02
8.661257e-02,6.071767e-01,2.156384e-02,2.186832e-02,1.401830e-02,5.005433e-03,9.564875e-04,1.275995e-02,1.341276e-01,1.190522e-02,2.769509e-02,1.936765e-03,5.165224e-03,3.553596e-02,1.367257e-02
6.784837e-02,6.690660e-01,1.564008e-02,1.557386e-02,1.149772e-02,4.479023e-03,7.701889e-04,1.081787e-02,1.346812e-01,9.462151e-03,1.956660e-02,1.496218e-03,3.734800e-03,2.502148e-02,1.034443e-02
5.740354e-02,6.519258e-01,1.132748e-02,1.118661e-02,1.099056e-02,4.571557e-03,6.075691e-04,1.002685e-02,1.904822e-01,7.121701e-03,1.390360e-02,1.137934e-03,2.692018e-03,1.772093e-02,8.901613e-03
6.504727e-02,6.640874e-01,1.087830e-02,1.814492e-02,1.240298e-02,4.761237e-03,8.012526e-04,1.013349e-02,1.503126e-01,1.712652e-02,1.109842e-02,2.780103e-03,2.710856e-03,1.284246e-02,1.687226e-02
5.096255e-02,6.642451e-01,9.365669e-03,1.493812e-02,9.068115e-03,4.038670e-03,5.803641e-04,7.222316e-03,1.245653e-01,4.891120e-02,1.174032e-02,2.370110e-03,3.465357e-03,9.416107e-03,3.911085e-02
6.511945e-02,5.193985e-01,9.385612e-03,1.646085e-02,7.135755e-03,5.145437e-03,8.480145e-04,7.397724e-03,2.162752e-01,5.222645e-02,2.596743e-02,3.454567e-03,6.277936e-03,1.648043e-02,4.842674e-02
7.148588e-02,3.916647e-01,1.001131e-02,1.410070e-02,5.870819e-03,5.045487e-03,9.591677e-04,1.027416e-02,2.719519e-01,5.830684e-02,3.511022e-02,4.051932e-03,1.577875e-02,3.085745e-02,7.453070e-02
9.758751e-02,2.848934e-01,8.315139e-03,1.022853e-02,5.199746e-03,5.475254e-03,7.524202e-04,8.395189e-03,2.835015e-01,1.167924e-01,4.298333e-02,3.336064e-03,1.600309e-02,3.706469e-02,7.947165e-02
8.955128e-02,2.010603e-01,6.433255e-03,7.319277e-03,4.720032e-03,5.342311e-03,5.893037e-04,6.215099e-03,3.112075e-01,1.351418e-01,3.685425e-02,2.495907e-03,1.287859e-02,6.296561e-02,1.172255e-01
7.179599e-02,1.412793e-01,4.876384e-03,5.235281e-03,4.065209e-03,4.443059e-03,4.687299e-04,4.472149e-03,3.567728e-01,1.936486e-01,2.729036e-02,1.863510e-03,9.821655e-03,6.283534e-02,1.111315e-01
5.969153e-02,9.950797e-02,4.136305e-03,5.041865e-03,3.118139e-03,5.213785e-03,4.701666e-04,3.430008e-03,4.909835e-01,1.562017e-01,2.018610e-02,1.461949e-03,7.769400e-03,5.435513e-02,8.843237e-02
4.501949e-02,6.994106e-02,6.409841e-03,5.579732e-03,2.350437e-03,3.923670e-03,3.519187e-04,2.495728e-03,6.186409e-01,1.170989e-01,1.625096e-02,1.146400e-03,7.558081e-03,3.861531e-02,6.461753e-02
3.912351e-02,4.940138e-02,7.719619e-03,5.659867e-03,2.492588e-03,3.306961e-03,2.684301e-04,2.151539e-03,6.735722e-01,9.293972e-02,2.332475e-02,1.267569e-03,1.329677e-02,2.866983e-02,5.680525e-02
2.860916e-02,3.533911e-02,1.580774e-02,5.824571e-03,2.109539e-03,2.349882e-03,2.115163e-04,1.693034e-03,7.453890e-01,6.608360e-02,1.886354e-02,1.093393e-03,1.122100e-02,2.091773e-02,4.448722e-02
3.321743e-02,2.604319e-02,1.499077e-02,5.198196e-03,2.454264e-03,2.027832e-03,2.825821e-04,1.532399e-03,7.400809e-01,5.038000e-02,1.705275e-02,9.339589e-04,1.238361e-02,1.792575e-02,7.549638e-02
4.900734e-02,2.316046e-02,1.484796e-02,1.483862e-02,1.506432e-02,3.345952e-03,7.899997e-04,2.788135e-03,7.206916e-01,3.790998e-02,1.481472e-02,1.924021e-03,1.545328e-02,1.364864e-02,7.171500e-02
9.189224e-02,2.449444e-02,1.176805e-02,1.552848e-02,1.404758e-02,1.145875e-02,1.543173e-03,4.833910e-03,5.910168e-01,2.810321e-02,1.526727e-02,6.064144e-03,8.529823e-02,1.212111e-02,8.656254e-02
1.129158e-01,2.873005e-02,8.851659e-03,1.555623e-02,1.238351e-02,1.062178e-02,1.528288e-03,5.720207e-03,5.139889e-01,2.144180e-02,1.397320e-02,6.589661e-03,1.102245e-01,1.165480e-02,1.258195e-01
1.548182e-01,4.668905e-02,1.023318e-02,2.943707e-02,1.061914e-02,1.109686e-02,1.482345e-03,6.757130e-03,4.753096e-01,1.627573e-02,1.208710e-02,9.222344e-03,1.008253e-01,9.630373e-03,1.055165e-01
2.055017e-01,5.057485e-02,8.260470e-03,2.926026e-02,1.509254e-02,1.554795e-02,1.810183e-03,7.694202e-03,3.755853e-01,1.220394e-02,1.287783e-02,1.473381e-02,1.392044e-01,8.760092e-03,1.028924e-01
2.668035e-01,4.458727e-02,1.010027e-02,5.027857e-02,2.694499e-02,1.965537e-02,4.947607e-03,1.068672e-02,2.999185e-01,1.007887e-02,1.669258e-02,2.889019e-02,1.206744e-01,8.353379e-03,8.138768e-02
3.580611e-01,3.871230e-02,8.945392e-03,4.493675e-02,2.803626e-02,1.884053e-02,4.243105e-03,1.090992e-02,2.247337e-01,8.351817e-03,1.551051e-02,3.323542e-02,1.221636e-01,8.698408e-03,7.462121e-02
3.494970e-01,3.690410e-02,9.119868e-03,3.992928e-02,6.030471e-02,2.227213e-02,2.211274e-02,3.425803e-02,1.837329e-01,6.345185e-03,1.291454e-02,2.737183e-02,1.276264e-01,6.864850e-03,6.074633e-02
3.666262e-01,3.551614e-02,8.178392e-03,3.557181e-02,4.695907e-02,2.201098e-02,1.904945e-02,3.454451e-02,2.059985e-01,7.698113e-03,1.212023e-02,2.564507e-02,1.082224e-01,7.124612e-03,6.473444e-02
4.103143e-01,3.278042e-02,6.849263e-03,3.118792e-02,3.916113e-02,2.266294e-02,1.519355e-02,2.738377e-02,1.910771e-01,6.810067e-03,1.049999e-02,2.462387e-02,1.074161e-01,6.931344e-03,6.710822e-02
4.797694e-01,3.038834e-02,7.676912e-03,2.948285e-02,3.415512e-02,2.634228e-02,1.234228e-02,2.158200e-02,1.510748e-01,5.841667e-03,1.011474e-02,3.032733e-02,9.986492e-02,6.501229e-03,5.453614e-02
1.000000e+00,0.000000e+00,0.000000e+00,0.000000e+00,0.000000e+00,0.000000e+00,0.000000e+00,0.000000e+00,0.000000e+00,0.000000e+00,0.000000e+00,0.000000e+00,0.000000e+00,0.000000e+00,0.000000e+00
4.745285e-01,3.362558e-02,2.712332e-02,5.829773e-02,2.676361e-02,2.803442e-02,9.376912e-03,1.884862e-02,9.315544e-02,5.111283e-03,9.820553e-03,4.078609e-02,1.305460e-01,5.577787e-03,3.840420e-02
1.000000e+00,0.000000e+00,0.000000e+00,0.000000e+00,0.000000e+00,0.000000e+00,0.000000e+00,0.000000e+00,0.000000e+00,0.000000e+00,0.000000e+00,0.000000e+00,0.000000e+00,0.000000e+00,0.000000e+00
1.000000e+00,0.000000e+00,0.000000e+00,0.000000e+00,0.000000e+00,0.000000e+00,0.000000e+00,0.000000e+00,0.000000e+00,0.000000e+00,0.000000e+00,0.000000e+00,0.000000e+00,0.000000e+00,0.000000e+00
1.000000e+00,0.000000e+00,0.000000e+00,0.000000e+00,0.000000e+00,0.000000e+00,0.000000e+00,0.000000e+00,0.000000e+00,0.000000e+00,0.000000e+00,0.000000e+00,0.000000e+00,0.000000e+00,0.000000e+00
1.000000e+00,0.000000e+00,0.000000e+00,0.000000e+00,0.000000e+00,0.000000e+00,0.000000e+00,0.000000e+00,0.000000e+00,0.000000e+00,0.000000e+00,0.000000e+00,0.000000e+00,0.000000e+00,0.000000e+00
1.000000e+00,0.000000e+00,0.000000e+00,0.000000e+00,0.000000e+00,0.000000e+00,0.000000e+00,0.000000e+00,0.000000e+00,0.000000e+00,0.000000e+00,0.000000e+00,0.000000e+00,0.000000e+00,0.000000e+00
1.000000e+00,0.000000e+00,0.000000e+00,0.000000e+00,0.000000e+00,0.000000e+00,0.000000e+00,0.000000e+00,0.000000e+00,0.000000e+00,0.000000e+00,0.000000e+00,0.000000e+00,0.000000e+00,0.000000e+00
1.000000e+00,0.000000e+00,0.000000e+00,0.000000e+00,0.000000e+00,0.000000e+00,0.000000e+00,0.000000e+00,0.000000e+00,0.000000e+00,0.000000e+00,0.000000e+00,0.000000e+00,0.000000e+00,0.000000e+00
4.818130e-01,1.259411e-02,4.465096e-02,9.836517e-02,1.974180e-02,2.844711e-02,3.229047e-03,3.039604e-02,1.346441e-02,3.728035e-03,1.005844e-02,1.789687e-02,2.748993e-02,3.362738e-03,2.047624e-01
3.752844e-01,1.443934e-02,4.135907e-02,9.592618e-02,2.178646e-02,2.206681e-02,3.242286e-03,1.288786e-01,1.452227e-02,4.153009e-03,9.281905e-03,1.443411e-02,2.142022e-02,2.520100e-03,2.306852e-01
2.796329e-01,1.516104e-02,4.134038e-02,1.022218e-01,2.199452e-02,1.731091e-02,3.424323e-03,2.493898e-01,1.296942e-02,4.268495e-03,8.323625e-03,1.122228e-02,1.686976e-02,1.844577e-03,2.140262e-01
2.134078e-01,1.791298e-02,4.915120e-02,7.952300e-02,2.662565e-02,1.508466e-02,3.549026e-03,3.522423e-01,1.243707e-02,4.831563e-03,6.453766e-03,8.388535e-03,1.275699e-02,1.389195e-03,1.962464e-01
1.707452e-01,1.917576e-02,5.193181e-02,6.124485e-02,2.733315e-02,1.217065e-02,3.368444e-03,4.552757e-01,1.150905e-02,5.924334e-03,5.037913e-03,6.334533e-03,9.750374e-03,1.181401e-03,1.590168e-01
1.487072e-01,1.780179e-02,4.984817e-02,4.672687e-02,2.988295e-02,1.001090e-02,3.858892e-03,5.415850e-01,9.212644e-03,4.961810e-03,3.800777e-03,4.738629e-03,7.419529e-03,1.132499e-03,1.203124e-01
1.454626e-01,1.721816e-02,5.000475e-02,3.839367e-02,2.645173e-02,8.604322e-03,4.742310e-03,5.889808e-01,8.641544e-03,4.884208e-03,3.357780e-03,4.220953e-03,6.118773e-03,1.653948e-03,9.126443e-02
1.534211e-01,1.858802e-02,5.953827e-02,3.417642e-02,2.533967e-02,8.463740e-03,6.742051e-03,5.963023e-01,8.876312e-03,4.892480e-03,3.165659e-03,4.269923e-03,6.817216e-03,1.890301e-03,6.751659e-02
1.785710e-01,1.889621e-02,6.171827e-02,3.302478e-02,2.356073e-02,1.058021e-02,7.483068e-03,5.830706e-01,8.856134e-03,5.748594e-03,3.815771e-03,5.135557e-03,6.968560e-03,1.972222e-03,5.059820e-02
2.171201e-01,2.284736e-02,5.331586e-02,3.190989e-02,2.153420e-02,1.278825e-02,7.943172e-03,5.521940e-01,9.085847e-03,6.454734e-03,4.950845e-03,6.533983e-03,6.899118e-03,2.460878e-03,4.396176e-02
1.930147e-01,2.400888e-02,5.317280e-02,2.765177e-02,2.031395e-02,1.521313e-02,9.994823e-03,5.733250e-01,9.526395e-03,7.751372e-03,5.247729e-03,7.075534e-03,1.021149e-02,2.616463e-03,4.087600e-02
2.085911e-01,2.322885e-02,4.178790e-02,2.411170e-02,1.804733e-02,1.792694e-02,9.012399e-03,5.682826e-01,1.065031e-02,8.862605e-03,5.967289e-03,8.218034e-03,9.923019e-03,3.110218e-03,4.227968e-02
1.777145e-01,1.791826e-02,3.086210e-02,1.802731e-02,1.452943e-02,1.678725e-02,6.842942e-03,6.345880e-01,9.477566e-03,8.077984e-03,6.247606e-03,7.965626e-03,7.599531e-03,3.165456e-03,4.019650e-02
1.689359e-01,1.358944e-02,2.315005e-02,1.326785e-02,1.182669e-02,1.440519e-02,5.354560e-03,6.796398e-01,7.505515e-03,6.734567e-03,5.282361e-03,6.821725e-03,5.796524e-03,2.631541e-03,3.505826e-02
1.519365e-01,1.015924e-02,1.697651e-02,9.672803e-03,9.377552e-03,1.175925e-02,3.996140e-03,7.230272e-01,5.704304e-03,5.899273e-03,4.233601e-03,5.585902e-03,4.349271e-03,2.301045e-03,3.502138e-02
1.350371e-01,7.770273e-03,1.257877e-02,7.180423e-03,7.135133e-03,1.003443e-02,3.009288e-03,7.628682e-01,4.291017e-03,4.410615e-03,3.283145e-03,4.807898e-03,3.390828e-03,1.929792e-03,3.227315e-02
1.144401e-01,6.950240e-03,9.184329e-03,5.522801e-03,5.227374e-03,8.275281e-03,2.133772e-03,5.866296e-01,6.370886e-02,1.583748e-02,4.239873e-03,4.335397e-03,3.499700e-03,3.443330e-03,1.665718e-01
8.316672e-02,5.614313e-03,6.988795e-03,5.601001e-03,3.677980e-03,6.205893e-03,1.499171e-03,4.188828e-01,1.620215e-01,3.598979e-02,4.321218e-03,3.393239e-03,2.846940e-03,2.934897e-03,2.568558e-01
7.484399e-02,5.744279e-03,2.361598e-02,3.622635e-02,2.922624e-03,5.868964e-03,1.227654e-03,3.132018e-01,2.058408e-01,4.905611e-02,1.337800e-02,4.621876e-03,6.451960e-03,9.436324e-03,2.475633e-01
7.520542e-02,6.142279e-03,2.334633e-02,2.851007e-02,2.327059e-03,6.290624e-03,9.923109e-04,2.467005e-01,2.205899e-01,6.012211e-02,2.406351e-02,4.354459e-03,8.393177e-03,3.188945e-02,2.610728e-01
8.946939e-02,9.765623e-03,2.337921e-02,2.059540e-02,1.825636e-03,6.474118e-03,7.619538e-04,1.793074e-01,2.504870e-01,8.877374e-02,3.579668e-02,3.528079e-03,9.296279e-03,3.985551e-02,2.406841e-01
7.153923e-02,1.005580e-02,4.829159e-02,3.137171e-02,2.043319e-03,8.496987e-03,6.189402e-04,1.286593e-01,3.096071e-01,9.135114e-02,2.963774e-02,3.390084e-03,7.594811e-03,6.506982e-02,1.922724e-01
7.446824e-02,1.026821e-02,5.615906e-02,2.946627e-02,2.133179e-03,2.373194e-02,6.012309e-04,9.071795e-02,3.263823e-01,1.026454e-01,2.700341e-02,4.845419e-03,1.094872e-02,6.780344e-02,1.728252e-01
7.882759e-02,9.144630e-03,6.127185e-02,2.140153e-02,2.069666e-03,2.077020e-02,5.467773e-04,6.372868e-02,2.657215e-01,9.611208e-02,2.203524e-02,3.781371e-03,7.960767e-03,1.911722e-01,1.554559e-01
7.390618e-02,7.793436e-03,4.831235e-02,1.817077e-02,2.202835e-03,1.530367e-02,6.643684e-04,4.572647e-02,3.019436e-01,1.198337e-01,2.044731e-02,3.740605e-03,7.070300e-03,2.050854e-01,1.297991e-01
6.042945e-02,7.021431e-03,6.252787e-02,1.414760e-02,2.358327e-03,1.212230e-02,5.865693e-04,3.235071e-02,2.622028e-01,1.593787e-01,2.568095e-02,4.300307e-03,7.584816e-03,2.341896e-01,1.151186e-01
6.996699e-02,1.159457e-02,4.770508e-02,1.330280e-02,3.733583e-03,1.015943e-02,8.339540e-04,2.484585e-02,2.555758e-01,1.599080e-01,3.197606e-02,5.792214e-03,1.217872e-02,1.858720e-01,1.665549e-01
6.436913e-02,1.411472e-02,5.792923e-02,1.757214e-02,5.172676e-03,8.028852e-03,8.714515e-04,1.976619e-02,2.450962e-01,1.963503e-01,3.696784e-02,5.472460e-03,1.347521e-02,1.513376e-01,1.634761e-01
7.202170e-02,3.161377e-02,5.900192e-02,1.886934e-02,7.864868e-03,7.183338e-03,1.185211e-03,1.585294e-02,2.544779e-01,2.085657e-01,3.813374e-02,4.775533e-03,1.487507e-02,1.315476e-01,1.340314e-01
9.025955e-02,3.140572e-02,5.558325e-02,2.154507e-02,7.213435e-02,1.422339e-02,2.310621e-03,2.608976e-02,2.084693e-01,1.676519e-01,3.540993e-02,3.968532e-03,1.310492e-02,1.437368e-01,1.141070e-01
8.450439e-02,4.852258e-02,6.922028e-02,1.764655e-01,5.791521e-02,1.217482e-02,1.845448e-03,1.937501e-02,1.669931e-01,1.215364e-01,2.861998e-02,3.960601e-03,1.124233e-02,1.011927e-01,9.643176e-02
8.124118e-02,4.585730e-02,7.789524e-02,2.238136e-01,4.683486e-02,9.709721e-03,1.532122e-03,1.647461e-02,1.540983e-01,1.035059e-01,2.412955e-02,3.828100e-03,1.068608e-02,7.199757e-02,1.283959e-01
1.149582e-01,3.906110e-02,8.418909e-02,2.038146e-01,3.930567e-02,9.971508e-03,1.596811e-03,1.518575e-02,1.598284e-01,9.807582e-02,2.450335e-02,4.241616e-03,9.762872e-03,5.226674e-02,1.432386e-01
1.768119e-01,3.855246e-02,7.543460e-02,2.312468e-01,3.663971e-02,4.019464e-02,1.605366e-03,1.194097e-02,1.263305e-01,7.725737e-02,2.769842e-02,4.541149e-03,8.354324e-03,3.729777e-02,1.060941e-01
3.073616e-01,3.060534e-02,5.435167e-02,1.730755e-01,2.994789e-02,3.395246e-02,1.605864e-03,9.394503e-03,1.131683e-01,9.033518e-02,2.762832e-02,5.666750e-03,1.152572e-02,2.759656e-02,8.378439e-02
3.323486e-01,4.190137e-02,4.013176e-02,1.426485e-01,2.501652e-02,3.706650e-02,1.844272e-03,9.147724e-03,1.606507e-01,6.781300e-02,2.349875e-02,6.609305e-03,1.292441e-02,2.045208e-02,7.794654e-02
3.305817e-01,3.356867e-02,2.913626e-02,1.025343e-01,2.426653e-02,6.250110e-02,1.622829e-03,6.998041e-03,1.620363e-01,9.991314e-02,2.052267e-02,5.182785e-03,1.447019e-02,2.294420e-02,8.372130e-02
3.368616e-01,2.856535e-02,2.157167e-02,8.069162e-02,1.900068e-02,5.298743e-02,1.541745e-03,6.671155e-03,2.071993e-01,9.492148e-02,2.469318e-02,6.170123e-03,1.953293e-02,2.367843e-02,7.591332e-02
3.768944e-01,2.383547e-02,1.612226e-02,5.980275e-02,1.620078e-02,4.257989e-02,1.382774e-03,5.606631e-03,1.881732e-01,8.777693e-02,2.106417e-02,5.769313e-03,1.719226e-02,2.486201e-02,1.127373e-01
2.981838e-01,2.298737e-02,1.483044e-02,6.501187e-02,1.361804e-02,3.214183e-02,1.302052e-03,5.715597e-03,3.267584e-01,6.439395e-02,2.121223e-02,5.119967e-03,1.534670e-02,1.944680e-02,9.393100e-02
3.397531e-01,2.073866e-02,1.481623e-02,5.454993e-02,1.809740e-02,3.060425e-02,2.360814e-03,6.018233e-03,2.949799e-01,5.333016e-02,2.129477e-02,6.546533e-03,1.457828e-02,2.729878e-02,9.503303e-02
2.992351e-01,2.062212e-02,1.559962e-01,6.560746e-02,1.925496e-02,2.946662e-02,2.569812e-03,9.918091e-03,2.256902e-01,3.911297e-02,1.764658e-02,5.868146e-03,1.228993e-02,2.258893e-02,7.413284e-02
3.740730e-01,2.027708e-02,1.695259e-01,5.156058e-02,1.499758e-02,2.863683e-02,2.053433e-03,7.343278e-03,1.764074e-01,3.201912e-02,1.748933e-02,5.997252e-03,9.849541e-03,2.564869e-02,6.412088e-02
4.983875e-01,2.001810e-02,1.261968e-01,4.422366e-02,1.248390e-02,2.724985e-02,2.464251e-03,6.838812e-03,1.280694e-01,2.312692e-02,1.504678e-02,9.586470e-03,1.012347e-02,2.166579e-02,5.451820e-02
1.000000e+00,0.000000e+00,0.000000e+00,0.000000e+00,0.000000e+00,0.000000e+00,0.000000e+00,0.000000e+00,0.000000e+00,0.000000e+00,0.000000e+00,0.000000e+00,0.000000e+00,0.000000e+00,0.000000e+00
1.000000e+00,0.000000e+00,0.000000e+00,0.000000e+00,0.000000e+00,0.000000e+00,0.000000e+00,0.000000e+00,0.000000e+00,0.000000e+00,0.000000e+00,0.000000e+00,0.000000e+00,0.000000e+00,0.000000e+00
1.000000e+00,0.000000e+00,0.000000e+00,0.000000e+00,0.000000e+00,0.000000e+00,0.000000e+00,0.000000e+00,0.000000e+00,0.000000e+00,0.000000e+00,0.000000e+00,0.000000e+00,0.000000e+00,0.000000e+00
1.000000e+00,0.000000e+00,0.000000e+00,0.000000e+00,0.000000e+00,0.000000e+00,0.000000e+00,0.000000e+00,0.000000e+00,0.000000e+00,0.000000e+00,0.000000e+00,0.000000e+00,0.000000e+00,0.000000e+00
1.000000e+00,0.000000e+00,0.000000e+00,0.000000e+00,0.000000e+00,0.000000e+00,0.000000e+00,0.000000e+00,0.000000e+00,0.000000e+00,0.000000e+00,0.000000e+00,0.000000e+00,0.000000e+00,0.000000e+00
1.000000e+00,0.000000e+00,0.000000e+00,0.000000e+00,0.000000e+00,0.000000e+00,0.000000e+00,0.000000e+00,0.000000e+00,0.000000e+00,0.000000e+00,0.000000e+00,0.000000e+00,0.000000e+00,0.000000e+00
1.000000e+00,0.000000e+00,0.000000e+00,0.000000e+00,0.000000e+00,0.000000e+00,0.000000e+00,0.000000e+00,0.000000e+00,0.000000e+00,0.000000e+00,0.000000e+00,0.000000e+00,0.000000e+00,0.000000e+00
4.943007e-01,1.406351e-02,3.382162e-02,2.551008e-02,1.458866e-02,1.445425e-02,2.980042e-03,5.312055e-02,1.371874e-01,1.141248e-01,9.063901e-03,7.325204e-03,1.030268e-02,1.894996e-02,5.020671e-02
4.615276e-01,1.545813e-02,4.134461e-02,4.276266e-02,1.746247e-02,1.380821e-02,3.000211e-03,5.720878e-02,1.576530e-01,1.058609e-01,8.670744e-03,6.991409e-03,9.125493e-03,1.523490e-02,4.389082e-02
4.774424e-01,1.548489e-02,3.207898e-02,7.316641e-02,1.433396e-02,1.942270e-02,2.573282e-03,4.104085e-02,1.341035e-01,7.804618e-02,2.003048e-02,1.996613e-02,1.814622e-02,1.134432e-02,4.281976e-02
3.999656e-01,1.614083e-02,6.898159e-02,9.883033e-02,1.611881e-02,2.107314e-02,2.467814e-03,3.847500e-02,1.183369e-01,7.703543e-02,2.780667e-02,2.453677e-02,3.908187e-02,8.547755e-03,4.260153e-02
