1.000000e+00,0.000000e+00,0.000000e+00,0.000000e+00,0.000000e+00,0.000000e+00,0.000000e+00,0.000000e+00,0.000000e+00,0.000000e+00,0.000000e+00,0.000000e+00,0.000000e+00,0.000000e+00,0.000000e+00
1.000000e+00,0.000000e+00,0.000000e+00,0.000000e+00,0.000000e+00,0.000000e+00,0.000000e+00,0.000000e+00,0.000000e+00,0.000000e+00,0.000000e+00,0.000000e+00,0.000000e+00,0.000000e+00,0.000000e+00
1.000000e+00,0.000000e+00,0.000000e+00,0.000000e+00,0.000000e+00,0.000000e+00,0.000000e+00,0.000000e+00,0.000000e+00,0.000000e+00,0.000000e+00,0.000000e+00,0.000000e+00,0.000000e+00,0.000000e+00
1.000000e+00,0.000000e+00,0.000000e+00,0.000000e+00,0.000000e+00,0.000000e+00,0.000000e+00,0.000000e+00,0.000000e+00,0.000000e+00,0.000000e+00,0.000000e+00,0.000000e+00,0.000000e+00,0.000000e+00
1.000000e+00,0.000000e+00,0.000000e+00,0.000000e+00,0.000000e+00,0.000000e+00,0.000000e+00,0.000000e+00,0.000000e+00,0.000000e+00,0.000000e+00,0.000000e+00,0.000000e+00,0.000000e+00,0.000000e+00
1.000000e+00,0.000000e+00,0.000000e+00,0.000000e+00,0.000000e+00,0.000000e+00,0.000000e+00,0.000000e+00,0.000000e+00,0.000000e+00,0.000000e+00,0.000000e+00,0.000000e+00,0.000000e+00,0.000000e+00
1.000000e+00,0.000000e+00,0.000000e+00,0.000000e+00,0.000000e+00,0.000000e+00,0.000000e+00,0.000000e+00,0.000000e+00,0.000000e+00,0.000000e+00,0.000000e+00,0.000000e+00,0.000000e+00,0.000000e+00
1.000000e+00,0.000000e+00,0.000000e+00,0.000000e+00,0.000000e+00,0.000000e+00,0.000000e+00,0.000000e+00,0.000000e+00,0.000000e+00,0.000000e+00,0.000000e+00,0.000000e+00,0.000000e+00,0.000000e+00
1.000000e+00,0.000000e+00,0.000000e+00,0.000000e+00,0.000000e+00,0.000000e+00,0.000000e+00,0.000000e+00,0.000000e+00,0.000000e+00,0.000000e+00,0.000000e+00,0.000000e+00,0.000000e+00,0.000000e+00
1.000000e+00,0.000000e+00,0.000000e+00,0.000000e+00,0.000000e+00,0.000000e+00,0.000000e+00,0.000000e+00,0.000000e+00,0.000000e+00,0.000000e+00,0.000000e+00,0.000000e+00,0.000000e+00,0.000000e+00
1.000000e+00,0.000000e+00,0.000000e+00,0.000000e+00,0.000000e+00,0.000000e+00,0.000000e+00,0.000000e+00,0.000000e+00,0.000000e+00,0.000000e+00,0.000000e+00,0.000000e+00,0.000000e+00,0.000000e+00
1.000000e+00,0.000000e+00,0.000000e+00,0.000000e+00,0.000000e+00,0.000000e+00,0.000000e+00,0.000000e+00,0.000000e+00,0.000000e+00,0.000000e+00,0.000000e+00,0.000000e+00,0.000000e+00,0.000000e+00
1.000000e+00,0.000000e+00,0.000000e+00,0.000000e+00,0.000000e+00,0.000000e+00,0.000000e+00,0.000000e+00,0.000000e+00,0.000000e+00,0.000000e+00,0.000000e+00,0.000000e+00,0.000000e+00,0.000000e+00
1.000000e+00,0.000000e+00,0.000000e+00,0.000000e+00,0.000000e+00,0.000000e+00,0.000000e+00,0.000000e+00,0.000000e+00,0.000000e+00,0.000000e+00,0.000000e+00,0.000000e+00,0.000000e+00,0.000000e+00
1.000000e+00,0.000000e+00,0.000000e+00,0.000000e+00,0.000000e+00,0.000000e+00,0.000000e+00,0.000000e+00,0.000000e+00,0.000000e+00,0.000000e+00,0.000000e+00,0.000000e+00,0.000000e+00,0.000000e+00
1.000000e+00,0.000000e+00,0.000000e+00,0.000000e+00,0.000000e+00,0.000000e+00,0.000000e+00,0.000000e+00,0.000000e+00,0.000000e+00,0.000000e+00,0.000000e+00,0.000000e+00,0.000000e+00,0.000000e+00
1.000000e+00,0.000000e+00,0.000000e+00,0.000000e+00,0.000000e+00,0.000000e+00,0.000000e+00,0.000000e+00,0.000000e+00,0.000000e+00,0.000000e+00,0.000000e+00,0.000000e+00,0.000000e+00,0.000000e+00
1.000000e+00,0.000000e+00,0.000000e+00,0.000000e+00,0.000000e+00,0.000000e+00,0.000000e+00,0.000000e+00,0.000000e+00,0.000000e+00,0.000000e+00,0.000000e+00,0.000000e+00,0.000000e+00,0.000000e+00
1.000000e+00,0.000000e+00,0.000000e+00,0.000000e+00,0.000000e+00,0.000000e+00,0.000000e+00,0.000000e+00,0.000000e+00,0.000000e+00,0.000000e+00,0.000000e+00,0.000000e+00,0.000000e+00,0.000000e+00
1.000000e+00,0.000000e+00,0.000000e+00,0.000000e+00,0.000000e+00,0.000000e+00,0.000000e+00,0.000000e+00,0.000000e+00,0.000000e+00,0.000000e+00,0.000000e+00,0.000000e+00,0.000000e+00,0.000000e+00
1.000000e+00,0.000000e+00,0.000000e+00,0.000000e+00,0.000000e+00,0.000000e+00,0.000000e+00,0.000000e+00,0.000000e+00,0.000000e+00,0.000000e+00,0.000000e+00,0.000000e+00,0.000000e+00,0.000000e+00
1.000000e+00,0.000000e+00,0.000000e+00,0.000000e+00,0.000000e+00,0.000000e+00,0.000000e+00,0.000000e+00,0.000000e+00,0.000000e+00,0.000000e+00,0.000000e+00,0.000000e+00,0.000000e+00,0.000000e+00
1.000000e+00,0.000000e+00,0.000000e+00,0.000000e+00,0.000000e+00,0.000000e+00,0.000000e+00,0.000000e+00,0.000000e+00,0.000000e+00,0.000000e+00,0.000000e+00,0.000000e+00,0.000000e+00,0.000000e+00
1.000000e+00,0.000000e+00,0.000000e+00,0.000000e+00,0.000000e+00,0.000000e+00,0.000000e+00,0.000000e+00,0.000000e+00,0.000000e+00,0.000000e+00,0.000000e+00,0.000000e+00,0.000000e+00,0.000000e+00
1.000000e+00,0.000000e+00,0.000000e+00,0.000000e+00,0.000000e+00,0.000000e+00,0.000000e+00,0.000000e+00,0.000000e+00,0.000000e+00,0.000000e+00,0.000000e+00,0.000000e+00,0.000000e+00,0.000000e+00
1.000000e+00,0.000000e+00,0.000000e+00,0.000000e+00,0.000000e+00,0.000000e+00,0.000000e+00,0.000000e+00,0.000000e+00,0.000000e+00,0.000000e+00,0.000000e+00,0.000000e+00,0.000000e+00,0.000000e+00
1.000000e+00,0.000000e+00,0.000000e+00,0.000000e+00,0.000000e+00,0.000000e+00,0.000000e+00,0.000000e+00,0.000000e+00,0.000000e+00,0.000000e+00,0.000000e+00,0.000000e+00,0.000000e+00,0.000000e+00
1.000000e+00,0.000000e+00,0.000000e+00,0.000000e+00,0.000000e+00,0.000000e+00,0.000000e+00,0.000000e+00,0.000000e+00,0.000000e+00,0.000000e+00,0.000000e+00,0.000000e+00,0.000000e+00,0.000000e+00
1.000000e+00,0.000000e+00,0.000000e+00,0.000000e+00,0.000000e+00,0.000000e+00,0.000000e+00,0.000000e+00,0.000000e+00,0.000000e+00,0.000000e+00,0.000000e+00,0.000000e+00,0.000000e+00,0.000000e+00
1.000000e+00,0.000000e+00,0.000000e+00,0.000000e+00,0.000000e+00,0.000000e+00,0.000000e+00,0.000000e+00,0.000000e+00,0.000000e+00,0.000000e+00,0.000000e+00,0.000000e+00,0.000000e+00,0.000000e+00
1.000000e+00,0.000000e+00,0.000000e+00,0.000000e+00,0.000000e+00,0.000000e+00,0.000000e+00,0.000000e+00,0.000000e+00,0.000000e+00,0.000000e+00,0.000000e+00,0.000000e+00,0.000000e+00,0.000000e+00
1.000000e+00,0.000000e+00,0.000000e+00,0.000000e+00,0.000000e+00,0.000000e+00,0.000000e+00,0.000000e+00,0.000000e+00,0.000000e+00,0.000000e+00,0.000000e+00,0.000000e+00,0.000000e+00,0.000000e+00
1.000000e+00,0.000000e+00,0.000000e+00,0.000000e+00,0.000000e+00,0.000000e+00,0.000000e+00,0.000000e+00,0.000000e+00,0.000000e+00,0.000000e+00,0.000000e+00,0.000000e+00,0.000000e+00,0.000000e+00
1.000000e+00,0.000000e+00,0.000000e+00,0.000000e+00,0.000000e+00,0.000000e+00,0.000000e+00,0.000000e+00,0.000000e+00,0.000000e+00,0.000000e+00,0.000000e+00,0.000000e+00,0.000000e+00,0.000000e+00
1.000000e+00,0.000000e+00,0.000000e+00,0.000000e+00,0.000000e+00,0.000000e+00,0.000000e+00,0.000000e+00,0.000000e+00,0.000000e+00,0.000000e+00,0.000000e+00,0.000000e+00,0.000000e+00,0.000000e+00
1.000000e+00,0.000000e+00,0.000000e+00,0.000000e+00,0.000000e+00,0.000000e+00,0.000000e+00,0.000000e+00,0.000000e+00,0.000000e+00,0.000000e+00,0.000000e+00,0.000000e+00,0.000000e+00,0.000000e+00
1.000000e+00,0.000000e+00,0.000000e+00,0.000000e+00,0.000000e+00,0.000000e+00,0.000000e+00,0.000000e+00,0.000000e+00,0.000000e+00,0.000000e+00,0.000000e+00,0.000000e+00,0.000000e+00,0.000000e+00
1.000000e+00,0.000000e+00,0.000000e+00,0.000000e+00,0.000000e+00,0.000000e+00,0.000000e+00,0.000000e+00,0.000000e+00,0.000000e+00,0.000000e+00,0.000000e+00,0.000000e+00,0.000000e+00,0.000000e+00
1.000000e+00,0.000000e+00,0.000000e+00,0.000000e+00,0.000000e+00,0.000000e+00,0.000000e+00,0.000000e+00,0.000000e+00,0.000000e+00,0.000000e+00,0.000000e+00,0.000000e+00,0.000000e+00,0.000000e+00
1.000000e+00,0.000000e+00,0.000000e+00,0.000000e+00,0.000000e+00,0.000000e+00,0.000000e+00,0.000000e+00,0.000000e+00,0.000000e+00,0.000000e+00,0.000000e+00,0.000000e+00,0.000000e+00,0.000000e+00
1.000000e+00,0.000000e+00,0.000000e+00,0.000000e+00,0.000000e+00,0.000000e+00,0.000000e+00,0.000000e+00,0.000000e+00,0.000000e+00,0.000000e+00,0.000000e+00,0.000000e+00,0.000000e+00,0.000000e+00
1.000000e+00,0.000000e+00,0.000000e+00,0.000000e+00,0.000000e+00,0.000000e+00,0.000000e+00,0.000000e+00,0.000000e+00,0.000000e+00,0.000000e+00,0.000000e+00,0.000000e+00,0.000000e+00,0.000000e+00
1.000000e+00,0.000000e+00,0.000000e+00,0.000000e+00,0.000000e+00,0.000000e+00,0.000000e+00,0.000000e+00,0.000000e+00,0.000000e+00,0.000000e+00,0.000000e+00,0.000000e+00,0.000000e+00,0.000000e+00
1.000000e+00,0.000000e+00,0.000000e+00,0.000000e+00,0.000000e+00,0.000000e+00,0.000000e+00,0.000000e+00,0.000000e+00,0.000000e+00,0.000000e+00,0.000000e+00,0.000000e+00,0.000000e+00,0.000000e+00
1.000000e+00,0.000000e+00,0.000000e+00,0.000000e+00,0.000000e+00,0.000000e+00,0.000000e+00,0.000000e+00,0.000000e+00,0.000000e+00,0.000000e+00,0.000000e+00,0.000000e+00,0.000000e+00,0.000000e+00
1.000000e+00,0.000000e+00,0.000000e+00,0.000000e+00,0.000000e+00,0.000000e+00,0.000000e+00,0.000000e+00,0.000000e+00,0.000000e+00,0.000000e+00,0.000000e+00,0.000000e+00,0.000000e+00,0.000000e+00
1.000000e+00,0.000000e+00,0.000000e+00,0.000000e+00,0.000000e+00,0.000000e+00,0.000000e+00,0.000000e+00,0.000000e+00,0.000000e+00,0.000000e+00,0.000000e+00,0.000000e+00,0.000000e+00,0.000000e+00
1.000000e+00,0.000000e+00,0.000000e+00,0.000000e+00,0.000000e+00,0.000000e+00,0.000000e+00,0.000000e+00,0.000000e+00,0.000000e+00,0.000000e+00,0.000000e+00,0.000000e+00,0.000000e+00,0.000000e+00
1.000000e+00,0.000000e+00,0.000000e+00,0.000000e+00,0.000000e+00,0.000000e+00,0.000000e+00,0.000000e+00,0.000000e+00,0.000000e+00,0.000000e+00,0.000000e+00,0.000000e+00,0.000000e+00,0.000000e+00
1.000000e+00,0.000000e+00,0.000000e+00,0.000000e+00,0.000000e+00,0.000000e+00,0.000000e+00,0.000000e+00,0.000000e+00,0.000000e+00,0.000000e+00,0.000000e+00,0.000000e+00,0.000000e+00,0.000000e+00
1.000000e+00,0.000000e+00,0.000000e+00,0.000000e+00,0.000000e+00,0.000000e+00,0.000000e+00,0.000000e+00,0.000000e+00,0.000000e+00,0.000000e+00,0.000000e+00,0.000000e+00,0.000000e+00,0.000000e+00
1.000000e+00,0.000000e+00,0.000000e+00,0.000000e+00,0.000000e+00,0.000000e+00,0.000000e+00,0.000000e+00,0.000000e+00,0.000000e+00,0.000000e+00,0.000000e+00,0.000000e+00,0.000000e+00,0.000000e+00
1.000000e+00,0.000000e+00,0.000000e+00,0.000000e+00,0.000000e+00,0.000000e+00,0.000000e+00,0.000000e+00,0.000000e+00,0.000000e+00,0.000000e+00,0.000000e+00,0.000000e+00,0.000000e+00,0.000000e+00
1.000000e+00,0.000000e+00,0.000000e+00,0.000000e+00,0.000000e+00,0.000000e+00,0.000000e+00,0.000000e+00,0.000000e+00,0.000000e+00,0.000000e+00,0.000000e+00,0.000000e+00,0.000000e+00,0.000000e+00
1.000000e+00,0.000000e+00,0.000000e+00,0.000000e+00,0.000000e+00,0.000000e+00,0.000000e+00,0.000000e+00,0.000000e+00,0.000000e+00,0.000000e+00,0.000000e+00,0.000000e+00,0.000000e+00,0.000000e+00
1.000000e+00,0.000000e+00,0.000000e+00,0.000000e+00,0.000000e+00,0.000000e+00,0.000000e+00,0.000000e+00,0.000000e+00,0.000000e+00,0.000000e+00,0.000000e+00,0.000000e+00,0.000000e+00,0.000000e+00
1.000000e+00,0.000000e+00,0.000000e+00,0.000000e+00,0.000000e+00,0.000000e+00,0.000000e+00,0.000000e+00,0.000000e+00,0.000000e+00,0.000000e+00,0.000000e+00,0.000000e+00,0.000000e+00,0.000000e+00
1.000000e+00,0.000000e+00,0.000000e+00,0.000000e+00,0.000000e+00,0.000000e+00,0.000000e+00,0.000000e+00,0.000000e+00,0.000000e+00,0.000000e+00,0.000000e+00,0.000000e+00,0.000000e+00,0.000000e+00
1.000000e+00,0.000000e+00,0.000000e+00,0.000000e+00,0.000000e+00,0.000000e+00,0.000000e+00,0.000000e+00,0.000000e+00,0.000000e+00,0.000000e+00,0.000000e+00,0.000000e+00,0.000000e+00,0.000000e+00
1.000000e+00,0.000000e+00,0.000000e+00,0.000000e+00,0.000000e+00,0.000000e+00,0.000000e+00,0.000000e+00,0.000000e+00,0.000000e+00,0.000000e+00,0.000000e+00,0.000000e+00,0.000000e+00,0.000000e+00
3.883636e-01,1.112199e-02,2.531739e-02,3.796881e-02,3.815975e-02,2.858764e-02,1.468177e-02,3.680951e-01,5.133752e-03,1.974115e-03,2.096945e-02,1.541124e-02,2.813060e-02,6.721407e-03,9.363398e-03
2.737125e-01,8.152165e-03,1.871709e-02,2.920404e-02,3.580571e-02,2.880195e-02,1.718915e-02,3.366415e-01,5.356620e-03,8.648693e-03,7.198084e-02,7.485711e-02,6.112656e-02,1.935845e-02,1.044766e-02
1.918553e-01,5.933882e-03,1.313540e-02,2.125871e-02,2.626277e-02,2.083707e-02,1.235903e-02,2.384661e-01,8.194947e-03,8.968985e-03,2.133577e-01,1.112791e-01,1.000084e-01,1.886173e-02,9.220806e-03
1.355458e-01,4.366907e-03,9.285225e-03,1.749551e-02,1.927771e-02,1.555401e-02,9.758025e-03,1.718096e-01,9.669210e-03,1.664976e-02,1.753457e-01,2.587652e-01,1.209008e-01,2.716023e-02,8.416299e-03
9.677802e-02,4.459382e-03,6.718489e-03,1.676799e-02,1.435328e-02,1.436002e-02,7.791215e-03,1.212342e-01,2.912346e-02,1.658189e-02,1.470242e-01,3.666037e-01,1.130296e-01,2.990299e-02,1.527156e-02
7.142628e-02,3.815935e-03,5.117132e-03,2.042007e-02,1.318826e-02,2.854107e-02,6.010917e-03,8.562262e-02,4.867753e-02,1.996746e-02,1.357512e-01,4.334297e-01,8.884294e-02,2.573814e-02,1.345069e-02
5.861179e-02,5.392881e-03,4.776011e-03,3.575069e-02,1.140594e-02,6.210515e-02,5.004309e-03,6.082130e-02,7.352996e-02,3.495940e-02,1.199294e-01,4.185112e-01,6.853968e-02,2.155511e-02,1.910712e-02
5.851839e-02,5.675501e-03,4.002479e-03,3.224426e-02,9.518350e-03,6.125158e-02,3.734250e-03,4.344374e-02,8.158574e-02,2.866080e-02,1.649739e-01,4.122208e-01,5.626928e-02,2.042222e-02,1.747870e-02
9.014532e-02,6.517245e-03,3.747083e-03,2.556316e-02,7.181185e-03,5.030575e-02,2.852421e-03,3.106447e-02,7.546359e-02,3.908360e-02,1.873931e-01,4.038574e-01,4.299892e-02,1.965644e-02,1.417018e-02
1.066494e-01,1.140413e-02,3.867622e-03,2.288271e-02,6.983716e-03,4.034571e-02,2.437114e-03,2.440931e-02,7.486781e-02,4.121835e-02,1.967344e-01,3.969412e-01,3.383736e-02,2.451596e-02,1.290524e-02
9.010280e-02,1.145291e-02,3.235108e-03,1.747891e-02,5.848625e-03,3.091267e-02,1.884840e-03,1.807960e-02,6.770396e-02,3.572626e-02,2.241437e-01,4.357646e-01,2.585430e-02,2.239947e-02,9.412345e-03
9.385878e-02,1.059087e-02,2.494585e-03,1.533711e-02,5.920037e-03,2.410775e-02,1.727573e-03,1.390634e-02,5.996463e-02,3.297472e-02,2.333143e-01,4.592984e-01,1.953606e-02,2.003130e-02,6.937578e-03
8.375107e-02,3.370426e-02,3.261679e-03,1.186591e-02,8.464471e-03,2.018293e-02,1.509167e-03,1.438723e-02,8.269162e-02,2.987521e-02,2.249305e-01,4.442394e-01,1.556894e-02,2.041707e-02,5.150517e-03
6.459416e-02,4.777777e-02,5.063813e-03,1.007156e-02,1.206450e-02,2.259408e-02,1.629939e-03,2.264078e-02,1.339780e-01,2.423409e-02,2.160185e-01,4.060733e-01,1.200415e-02,1.733895e-02,3.916502e-03
4.783897e-02,4.003597e-02,4.412951e-03,8.377757e-03,1.664894e-02,2.118764e-02,2.551919e-03,1.994901e-02,1.259741e-01,1.905005e-02,3.566536e-01,3.103637e-01,1.014985e-02,1.376970e-02,3.035937e-03
3.490684e-02,4.079019e-02,3.672758e-03,7.142501e-03,1.381342e-02,2.286403e-02,1.885578e-03,1.628697e-02,1.969568e-01,1.480592e-02,3.638502e-01,2.546143e-01,1.269505e-02,1.291615e-02,2.799371e-03
2.720701e-02,3.275528e-02,3.773836e-03,6.418584e-03,1.608596e-02,1.948363e-02,1.667353e-03,2.316710e-02,2.742562e-01,1.254519e-02,3.386427e-01,2.085892e-01,2.160299e-02,1.132015e-02,2.484855e-03
2.619087e-02,6.585183e-02,4.335662e-03,5.922035e-03,1.339351e-02,2.810321e-02,1.536906e-03,1.821847e-02,3.166224e-01,1.100693e-02,2.937231e-01,1.757797e-01,2.219267e-02,1.184335e-02,5.279499e-03
2.067104e-02,5.255585e-02,4.118355e-03,4.747343e-03,2.019955e-02,2.594452e-02,3.704543e-03,1.557660e-02,4.094727e-01,9.593982e-03,2.676724e-01,1.308104e-01,2.142146e-02,9.258143e-03,4.253126e-03
1.744259e-02,5.138237e-02,5.438808e-03,8.164877e-03,2.177368e-02,2.566540e-02,3.563021e-03,1.973736e-02,5.000706e-01,8.407989e-03,2.145826e-01,9.401376e-02,1.749707e-02,7.428261e-03,4.831654e-03
1.734643e-02,5.401714e-02,6.372577e-03,9.154500e-03,3.190846e-02,3.027371e-02,4.739541e-03,4.573178e-02,5.093787e-01,6.988038e-03,1.815891e-01,6.872365e-02,2.223093e-02,6.644352e-03,4.901189e-03
2.158050e-02,5.154907e-02,1.078108e-02,1.997900e-02,4.343848e-02,2.744486e-02,6.476392e-03,5.006535e-02,5.210001e-01,7.808813e-03,1.560877e-01,5.235940e-02,1.950683e-02,5.353370e-03,6.569103e-03
4.718641e-02,4.771511e-02,1.347965e-02,2.515536e-02,4.570259e-02,3.825356e-02,7.013079e-03,6.096336e-02,4.733178e-01,1.306123e-02,1.272258e-01,5.793620e-02,2.833857e-02,6.111529e-03,8.539837e-03
4.281396e-02,4.146129e-02,1.373984e-02,2.202980e-02,6.470197e-02,3.168419e-02,8.821446e-03,6.510971e-02,4.799417e-01,1.376676e-02,1.158124e-01,5.390074e-02,3.160339e-02,7.423957e-03,7.188865e-03
7.423227e-02,3.795671e-02,3.460421e-02,5.892977e-02,5.683192e-02,3.426184e-02,9.609477e-03,5.962307e-02,3.871409e-01,1.719777e-02,1.079052e-01,5.333056e-02,5.144575e-02,6.820845e-03,1.010974e-02
8.880084e-02,3.342682e-02,2.929742e-02,5.516911e-02,4.457282e-02,3.202371e-02,7.919856e-03,5.387728e-02,3.094760e-01,1.790773e-02,1.275324e-01,8.450238e-02,9.027319e-02,9.796524e-03,1.542396e-02
1.409096e-01,2.898655e-02,2.603735e-02,5.119772e-02,3.952028e-02,3.392351e-02,6.603610e-03,5.084071e-02,2.419748e-01,2.231975e-02,1.132413e-01,1.130712e-01,1.016823e-01,1.251711e-02,1.717429e-02
1.637074e-01,2.283957e-02,2.777868e-02,4.109893e-02,6.510498e-02,3.019863e-02,1.003023e-02,4.526534e-02,1.839237e-01,1.796841e-02,1.225426e-01,1.159119e-01,1.245186e-01,1.332054e-02,1.579047e-02
1.385163e-01,1.792841e-02,2.936303e-02,3.248066e-02,1.189802e-01,3.573766e-02,1.235221e-02,3.977726e-02,1.544605e-01,1.496050e-02,1.318421e-01,1.199332e-01,1.285680e-01,1.177462e-02,1.332525e-02
1.327562e-01,2.071876e-02,2.923101e-02,3.754051e-02,1.006188e-01,3.305295e-02,9.654049e-03,3.401365e-02,1.166770e-01,1.207074e-02,1.157968e-01,1.634844e-01,1.681790e-01,1.136278e-02,1.484326e-02
1.255002e-01,2.095266e-02,2.755454e-02,3.678002e-02,7.808948e-02,2.932978e-02,8.288668e-03,3.074328e-02,9.714634e-02,1.194425e-02,1.181988e-01,2.104249e-01,1.625793e-01,1.819258e-02,2.427520e-02
1.336939e-01,2.692662e-02,3.588003e-02,3.648864e-02,7.087436e-02,3.256566e-02,7.942992e-03,3.173556e-02,1.011907e-01,1.339414e-02,1.018735e-01,2.034017e-01,1.488146e-01,2.321193e-02,3.200563e-02
1.365263e-01,3.245158e-02,3.476295e-02,2.872033e-02,5.767548e-02,4.066342e-02,7.510947e-03,2.855975e-02,1.028978e-01,1.450364e-02,8.069241e-02,2.434293e-01,1.339479e-01,2.174741e-02,3.591080e-02
1.457529e-01,2.748810e-02,2.921545e-02,2.301466e-02,4.561924e-02,4.706871e-02,7.138454e-03,2.580001e-02,8.614866e-02,1.510766e-02,6.132371e-02,3.137926e-01,1.208775e-01,1.905636e-02,3.259600e-02
1.867170e-01,2.181974e-02,2.430968e-02,1.976532e-02,4.150442e-02,3.955189e-02,6.933669e-03,2.139125e-02,6.924216e-02,1.447162e-02,5.133821e-02,3.277301e-01,1.266568e-01,1.797185e-02,3.059627e-02
2.012349e-01,1.744962e-02,1.856679e-02,1.563420e-02,4.329877e-02,3.278986e-02,6.961280e-03,1.686058e-02,5.864855e-02,1.856587e-02,4.864015e-02,3.535095e-01,1.229014e-01,1.624911e-02,2.868945e-02
2.436227e-01,1.424800e-02,1.455075e-02,1.406302e-02,4.560369e-02,2.522219e-02,7.216617e-03,1.686122e-02,4.824454e-02,2.362221e-02,6.115908e-02,3.196254e-01,1.273727e-01,1.541976e-02,2.316814e-02
1.959568e-01,1.062942e-02,1.070528e-02,1.066964e-02,5.058760e-02,1.999470e-02,6.653788e-03,1.388131e-02,4.123444e-02,1.909245e-02,5.945319e-02,3.196949e-01,2.121004e-01,1.213680e-02,1.720927e-02
1.464015e-01,8.104944e-03,7.795776e-03,8.911039e-03,4.185941e-02,1.489681e-02,5.063358e-03,1.071957e-02,3.208087e-02,1.577322e-02,6.696767e-02,3.833857e-01,2.362521e-01,9.409712e-03,1.237826e-02
1.062984e-01,5.981328e-03,5.782364e-03,6.778850e-03,3.176236e-02,1.185691e-02,3.777516e-03,7.635663e-03,2.626973e-02,1.197598e-02,6.274770e-02,4.772208e-01,2.261364e-01,6.792520e-03,8.983602e-03
7.748511e-02,5.376183e-03,5.667015e-03,7.325714e-03,2.355907e-02,9.896252e-03,2.821153e-03,8.564901e-03,3.466281e-02,9.978757e-03,6.003677e-02,5.216295e-01,2.212609e-01,5.030943e-03,6.704948e-03
5.808480e-02,6.873639e-03,9.645363e-03,6.671339e-03,1.931278e-02,9.026213e-03,2.268611e-03,1.511475e-02,8.608494e-02,1.010493e-02,5.299691e-02,5.120685e-01,2.022991e-01,4.053866e-03,5.394328e-03
4.494252e-02,9.016118e-03,1.131435e-02,2.328815e-02,1.520935e-02,1.205098e-02,1.739712e-03,1.164135e-02,1.325000e-01,8.229654e-03,4.545748e-02,5.280957e-01,1.473451e-01,4.587272e-03,4.582216e-03
3.836933e-02,1.105865e-02,1.369391e-02,1.951084e-02,1.521076e-02,1.299728e-02,2.364890e-03,1.096566e-02,2.012705e-01,7.546389e-03,4.212066e-02,5.012801e-01,1.144279e-01,4.749940e-03,4.433180e-03
2.862686e-02,1.049173e-02,1.126093e-02,1.438730e-02,1.216602e-02,1.056485e-02,2.279177e-03,8.573093e-03,1.949556e-01,6.494148e-03,3.398434e-02,5.713460e-01,8.706757e-02,4.031379e-03,3.771070e-03
3.876180e-02,1.360615e-02,2.066398e-02,1.257621e-02,1.738844e-02,1.315295e-02,3.762440e-03,1.786530e-02,2.254068e-01,9.285306e-03,3.580672e-02,4.989246e-01,8.293819e-02,5.626015e-03,4.235214e-03
3.419182e-02,1.135802e-02,1.822260e-02,1.014587e-02,5.780119e-02,1.588812e-02,2.304414e-02,2.054485e-02,2.869988e-01,1.111049e-02,3.326247e-02,3.936400e-01,7.522384e-02,4.851849e-03,3.715962e-03
5.863055e-02,1.429053e-02,2.102005e-02,1.032715e-02,6.994726e-02,2.558462e-02,3.508457e-02,5.371302e-02,2.532826e-01,1.735685e-02,2.889248e-02,3.342597e-01,6.872178e-02,4.682025e-03,4.206878e-03
5.529176e-02,1.379421e-02,1.616206e-02,8.379114e-03,7.313152e-02,6.113373e-02,3.133453e-02,5.248830e-02,2.660566e-01,1.976605e-02,2.777107e-02,3.046424e-01,6.129373e-02,4.699978e-03,4.054849e-03
4.334838e-02,1.405367e-02,1.193832e-02,6.304498e-03,5.607226e-02,1.520808e-01,2.278376e-02,3.856979e-02,2.502695e-01,1.535607e-02,2.360211e-02,3.051031e-01,5.371775e-02,3.582363e-03,3.217624e-03
4.127261e-02,2.596809e-02,1.063177e-02,5.594002e-03,4.878140e-02,1.737254e-01,1.747886e-02,3.159108e-02,2.354477e-01,1.212653e-02,2.601766e-02,3.151153e-01,4.984596e-02,3.228174e-03,3.175479e-03
5.192947e-02,2.869217e-02,1.929926e-02,1.351884e-02,5.594775e-02,2.098521e-01,1.536665e-02,2.811622e-02,2.211059e-01,1.322477e-02,2.437415e-02,2.593385e-01,4.934349e-02,4.131367e-03,5.759348e-03
5.188405e-02,4.233066e-02,2.318401e-02,1.396875e-02,5.745062e-02,1.938582e-01,1.250874e-02,3.431936e-02,2.395517e-01,1.393258e-02,2.106055e-02,2.412779e-01,4.258960e-02,6.036669e-03,6.046637e-03
6.831478e-02,4.209688e-02,1.869525e-02,1.099433e-02,7.097658e-02,1.636107e-01,1.091913e-02,2.971522e-02,1.967820e-01,1.091622e-02,2.195852e-02,3.080596e-01,3.669593e-02,5.147683e-03,5.117130e-03
6.844659e-02,3.847768e-02,1.900413e-02,1.114164e-02,1.237265e-01,1.682279e-01,1.175169e-02,3.650042e-02,1.588101e-01,8.373914e-03,1.765515e-02,2.972780e-01,3.127067e-02,4.221539e-03,5.114049e-03
7.308257e-02,3.395002e-02,5.829080e-02,9.158793e-02,1.116455e-01,1.300146e-01,9.806258e-03,5.077507e-02,1.412616e-01,9.524251e-03,1.514751e-02,2.250171e-01,2.720188e-02,3.677673e-03,1.901713e-02
8.245626e-02,3.698312e-02,6.779169e-02,8.780530e-02,1.058524e-01,1.391806e-01,9.643714e-03,5.961587e-02,1.330383e-01,1.184372e-02,1.298689e-02,1.878904e-01,2.222361e-02,4.250047e-03,3.843807e-02
8.474421e-02,3.687085e-02,1.216413e-01,1.257804e-01,1.057166e-01,1.066798e-01,9.371202e-03,6.112939e-02,1.255107e-01,1.360915e-02,1.066900e-02,1.376219e-01,1.936266e-02,3.867738e-03,3.742506e-02
1.424838e-01,3.949748e-02,1.014546e-01,1.012913e-01,8.396092e-02,9.611427e-02,8.888860e-03,6.213881e-02,1.427953e-01,1.332956e-02,9.015308e-03,1.081085e-01,1.633715e-02,5.315819e-03,6.926826e-02
1.643062e-01,4.997873e-02,1.225122e-01,7.697098e-02,7.557497e-02,8.838597e-02,1.510241e-02,6.014024e-02,1.469595e-01,1.598223e-02,9.586487e-03,9.477470e-02,1.890577e-02,4.916216e-03,5.590341e-02
2.310654e-01,4.182008e-02,9.712197e-02,6.093794e-02,6.844059e-02,1.119521e-01,1.296397e-02,5.224977e-02,1.353673e-01,1.542641e-02,1.066918e-02,8.065690e-02,3.228635e-02,5.684801e-03,4.335726e-02
2.450134e-01,3.656982e-02,8.120985e-02,5.092870e-02,5.554805e-02,1.587475e-01,1.207433e-02,5.024938e-02,1.241737e-01,1.354250e-02,1.030394e-02,6.902926e-02,5.083691e-02,6.308898e-03,3.546380e-02
3.186308e-01,3.080037e-02,8.250950e-02,3.916007e-02,4.211083e-02,1.299601e-01,9.809036e-03,4.212129e-02,1.021074e-01,1.178736e-02,8.867706e-03,5.354180e-02,9.410480e-02,6.946646e-03,2.754239e-02
3.345357e-01,3.272267e-02,7.079893e-02,3.016721e-02,3.400982e-02,1.148629e-01,8.338309e-03,3.257685e-02,8.464356e-02,1.021404e-02,1.048185e-02,6.022450e-02,1.457665e-01,7.149004e-03,2.350819e-02
2.978341e-01,2.818105e-02,5.078028e-02,2.236212e-02,3.548007e-02,9.860646e-02,6.438099e-03,2.900954e-02,6.773298e-02,7.958014e-03,1.155653e-02,7.854585e-02,2.404705e-01,6.421187e-03,1.862324e-02
2.392868e-01,2.664769e-02,3.618447e-02,1.629844e-02,2.816507e-02,8.775555e-02,5.016705e-03,2.513812e-02,6.040523e-02,7.440601e-03,9.348642e-03,6.288945e-02,3.721530e-01,5.191282e-03,1.807887e-02
1.917293e-01,3.688256e-02,3.335693e-02,3.375469e-02,2.690179e-02,7.543505e-02,4.431896e-03,3.469688e-02,8.703391e-02,1.076427e-02,1.260640e-02,5.142773e-02,3.565767e-01,4.829629e-03,3.957228e-02
1.937483e-01,3.306860e-02,2.442025e-02,2.639204e-02,2.271588e-02,6.589153e-02,3.684182e-03,3.588268e-02,8.316253e-02,1.015378e-02,1.601246e-02,4.363514e-02,3.992680e-01,4.742940e-03,3.722166e-02
1.748058e-01,3.051941e-02,1.752347e-02,2.063645e-02,2.515899e-02,6.748807e-02,3.526415e-03,3.109999e-02,1.273606e-01,7.917968e-03,1.312623e-02,3.357244e-02,4.131651e-01,3.727124e-03,3.037192e-02
2.127170e-01,3.276816e-02,1.427796e-02,2.418227e-02,2.082063e-02,6.797194e-02,3.260958e-03,3.426659e-02,1.126691e-01,8.574476e-03,1.134460e-02,2.692138e-02,3.188944e-01,4.311203e-03,1.070194e-01
2.791413e-01,3.771975e-02,1.055983e-02,2.399255e-02,2.244158e-02,7.513638e-02,3.594543e-03,2.942358e-02,1.381683e-01,6.708978e-03,9.096377e-03,2.181975e-02,2.588406e-01,3.602633e-03,7.975391e-02
2.473746e-01,3.825930e-02,9.362450e-03,9.442586e-02,2.047327e-02,8.092038e-02,3.612229e-03,4.705251e-02,1.693806e-01,6.863725e-03,8.108279e-03,1.699169e-02,1.910991e-01,2.810726e-03,6.326526e-02
2.164592e-01,3.894194e-02,1.214597e-02,1.889671e-01,1.681809e-02,6.726442e-02,2.840763e-03,3.936591e-02,1.765385e-01,9.208217e-03,1.108463e-02,1.525498e-02,1.461587e-01,2.747158e-03,5.620459e-02
2.102845e-01,3.733940e-02,1.146139e-02,1.506833e-01,1.861376e-02,7.032096e-02,3.409106e-03,4.461229e-02,1.937981e-01,1.001893e-02,1.143058e-02,1.353736e-02,1.486325e-01,3.077342e-03,7.278037e-02
2.391023e-01,4.915293e-02,1.313451e-02,1.101979e-01,2.420668e-02,7.986733e-02,3.159076e-03,4.315110e-02,1.741476e-01,1.012881e-02,1.429129e-02,1.137644e-02,1.221514e-01,5.965918e-03,9.996676e-02
3.222137e-01,4.427047e-02,1.579022e-02,1.066638e-01,2.967157e-02,6.466061e-02,5.806847e-03,4.374535e-02,1.425873e-01,9.251120e-03,1.461839e-02,1.341234e-02,9.510736e-02,6.668332e-03,8.553259e-02
2.945985e-01,4.115346e-02,3.925937e-02,1.927726e-01,2.701683e-02,4.914938e-02,5.222901e-03,4.077489e-02,1.198061e-01,9.785969e-03,1.335571e-02,1.172308e-02,6.896376e-02,6.150496e-03,8.026690e-02
3.451992e-01,3.706210e-02,4.593696e-02,2.288497e-01,2.738777e-02,3.748603e-02,5.048559e-03,3.413345e-02,9.005523e-02,8.373624e-03,1.299327e-02,1.034089e-02,4.998955e-02,5.069891e-03,6.207380e-02
4.038648e-01,3.374238e-02,4.478646e-02,2.281171e-01,2.780269e-02,2.972376e-02,5.159719e-03,2.819722e-02,7.075325e-02,8.474312e-03,1.386763e-02,9.038785e-03,3.726160e-02,4.766950e-03,5.444336e-02
3.933725e-01,3.486531e-02,7.448454e-02,1.908303e-01,2.986793e-02,2.361683e-02,4.263680e-03,2.497631e-02,7.611509e-02,1.226228e-02,3.136930e-02,8.190826e-03,2.777938e-02,7.343887e-03,6.066182e-02
4.843629e-01,3.299265e-02,6.239449e-02,1.576099e-01,3.009564e-02,2.117613e-02,4.927166e-03,2.158752e-02,6.293230e-02,1.013326e-02,2.721492e-02,7.987737e-03,2.101167e-02,6.105893e-03,4.946792e-02
4.038349e-01,3.605192e-02,8.048777e-02,2.389356e-01,3.124359e-02,1.699011e-02,4.583063e-03,2.117035e-02,5.840180e-02,1.021504e-02,2.506200e-02,7.018056e-03,1.564231e-02,5.141417e-03,4.522212e-02
4.176994e-01,3.965276e-02,8.973563e-02,2.071732e-01,3.479992e-02,2.083531e-02,4.323646e-03,3.053351e-02,5.335040e-02,1.153825e-02,2.068185e-02,7.740114e-03,1.197340e-02,7.392218e-03,4.257043e-02
3.233551e-01,4.195698e-02,1.312988e-01,2.074421e-01,2.595698e-02,1.600025e-02,3.401991e-03,2.429431e-02,6.747010e-02,3.718643e-02,3.402448e-02,7.442386e-03,1.084349e-02,1.666244e-02,5.266412e-02
2.530072e-01,4.129807e-02,1.105037e-01,2.339258e-01,2.959993e-02,1.662814e-02,3.811986e-03,1.945181e-02,6.078479e-02,6.271037e-02,5.947755e-02,2.114536e-02,1.133410e-02,1.685642e-02,5.946483e-02
2.152958e-01,3.028342e-02,7.853208e-02,1.873821e-01,2.403352e-02,1.325359e-02,3.597562e-03,1.668463e-02,4.555076e-02,4.633464e-02,1.265094e-01,1.036978e-01,2.626887e-02,3.978900e-02,4.278686e-02
1.590802e-01,2.177369e-02,5.525886e-02,1.361667e-01,1.763884e-02,9.704788e-03,2.780916e-03,1.361344e-02,3.542975e-02,3.514166e-02,1.122105e-01,2.544057e-01,7.757656e-02,3.903379e-02,3.018451e-02
2.869812e-01,1.798947e-02,4.024672e-02,9.790327e-02,1.302064e-02,8.930536e-03,2.603953e-03,1.261641e-02,2.813196e-02,2.767895e-02,8.852311e-02,2.545378e-01,6.069305e-02,3.696473e-02,2.317827e-02
3.889337e-01,1.554332e-02,2.845012e-02,7.182654e-02,9.775443e-03,1.035071e-02,2.300240e-03,1.099841e-02,2.643053e-02,2.177604e-02,7.283372e-02,2.368618e-01,5.069728e-02,3.476458e-02,1.845753e-02
3.571640e-01,1.831831e-02,2.070355e-02,5.610967e-02,9.602220e-03,1.710305e-02,3.610157e-03,1.686492e-02,5.322890e-02,2.325185e-02,9.755448e-02,2.203826e-01,4.687103e-02,4.292551e-02,1.630979e-02
2.785117e-01,2.522724e-02,1.518892e-02,4.427463e-02,9.192666e-03,2.011565e-02,2.891859e-03,1.757590e-02,9.064106e-02,2.307814e-02,1.299261e-01,2.297450e-01,4.252965e-02,5.707895e-02,1.402262e-02
2.501929e-01,2.778444e-02,1.136817e-02,3.574206e-02,9.160960e-03,2.738388e-02,3.258807e-03,2.177410e-02,1.168401e-01,3.402365e-02,1.260838e-01,2.362828e-01,3.731610e-02,5.032463e-02,1.246374e-02
2.549390e-01,2.860264e-02,9.296177e-03,4.588887e-02,1.089614e-02,2.442890e-02,3.201697e-03,3.958414e-02,1.477150e-01,2.864877e-02,1.339020e-01,1.895987e-01,3.224473e-02,3.917316e-02,1.188001e-02
2.659187e-01,2.866297e-02,7.423932e-03,3.845476e-02,1.445723e-02,2.372391e-02,4.230126e-03,3.411886e-02,1.698201e-01,2.818848e-02,1.226892e-01,1.910531e-01,2.895250e-02,3.096239e-02,1.134373e-02
2.500457e-01,2.861958e-02,6.429337e-03,3.329571e-02,1.296043e-02,2.886389e-02,4.486631e-03,4.036349e-02,1.680429e-01,3.008291e-02,1.074216e-01,2.227319e-01,2.818841e-02,2.837981e-02,1.008779e-02
2.370975e-01,2.907626e-02,5.337670e-03,3.152989e-02,1.867334e-02,2.926032e-02,5.071713e-03,4.097356e-02,1.863617e-01,3.234723e-02,1.027337e-01,2.143387e-01,3.020641e-02,2.725540e-02,9.736700e-03
2.158226e-01,3.026621e-02,6.157295e-03,2.822403e-02,4.668101e-02,2.547624e-02,5.100545e-03,4.072949e-02,2.004796e-01,4.419674e-02,9.088447e-02,1.862720e-01,4.466343e-02,2.544555e-02,9.600774e-03
1.788621e-01,3.762884e-02,1.417918e-02,2.825894e-02,6.226306e-02,2.326948e-02,5.195650e-03,4.632515e-02,1.940691e-01,7.467854e-02,7.541292e-02,1.529007e-01,6.790438e-02,2.866417e-02,1.038775e-02
1.423753e-01,4.565702e-02,1.442375e-02,2.525040e-02,5.918965e-02,2.206989e-02,5.813563e-03,4.288490e-02,2.159427e-01,8.525982e-02,6.857086e-02,1.455196e-01,8.275606e-02,3.350218e-02,1.078422e-02
1.159957e-01,4.750419e-02,1.220993e-02,1.963152e-02,7.561468e-02,1.881178e-02,5.565625e-03,3.734937e-02,2.565317e-01,8.347668e-02,6.726351e-02,1.183037e-01,9.135748e-02,4.000860e-02,1.037554e-02
8.927520e-02,4.346855e-02,1.583362e-02,1.560193e-02,1.246674e-01,1.712155e-02,7.507424e-03,5.456690e-02,2.682062e-01,6.861047e-02,6.032150e-02,9.355915e-02,8.906432e-02,4.355711e-02,8.638696e-03
7.601620e-02,4.016918e-02,2.200943e-02,1.259906e-02,1.440345e-01,1.877164e-02,1.056506e-02,6.542481e-02,2.628363e-01,6.999131e-02,5.256872e-02,8.735420e-02,8.699559e-02,4.272157e-02,7.942408e-03
9.004673e-02,4.333163e-02,3.946942e-02,1.351634e-02,1.805001e-01,1.713189e-02,9.400688e-03,1.072743e-01,2.248821e-01,5.167921e-02,4.006106e-02,7.477888e-02,6.624319e-02,3.462175e-02,7.062709e-03
9.180212e-02,5.647504e-02,4.435662e-02,1.237088e-02,2.155396e-01,1.585655e-02,7.909455e-03,1.376136e-01,1.960021e-01,3.835833e-02,3.299493e-02,6.310466e-02,5.007141e-02,3.049084e-02,7.053886e-03
9.417177e-02,5.194741e-02,5.155181e-02,1.090771e-02,2.675958e-01,2.028580e-02,1.131414e-02,1.424496e-01,1.692272e-01,2.742602e-02,3.349438e-02,5.171121e-02,3.694944e-02,2.454664e-02,6.421132e-03
1.016811e-01,5.159818e-02,5.752618e-02,1.200368e-02,2.944883e-01,2.258594e-02,1.802943e-02,1.310415e-01,1.575634e-01,2.014778e-02,3.310413e-02,4.677543e-02,2.733588e-02,1.869595e-02,7.423026e-03
1.187639e-01,5.180783e-02,5.614401e-02,1.080388e-02,2.950316e-01,2.387277e-02,2.269523e-02,1.279543e-01,1.468763e-01,1.506292e-02,3.059357e-02,5.879188e-02,2.051276e-02,1.470431e-02,6.384647e-03
1.324474e-01,5.434930e-02,4.671997e-02,1.286326e-02,3.281062e-01,1.919485e-02,2.093135e-02,1.271092e-01,1.244107e-01,1.092824e-02,2.968772e-02,5.811837e-02,1.592539e-02,1.415469e-02,5.053450e-03
1.120450e-01,4.640680e-02,3.537292e-02,1.493019e-02,4.338329e-01,1.677557e-02,1.715256e-02,1.331110e-01,9.150670e-02,7.774296e-03,2.299774e-02,4.274083e-02,1.133902e-02,1.026234e-02,3.752092e-03
1.012617e-01,3.999760e-02,2.981068e-02,1.156255e-02,4.366698e-01,1.624059e-02,2.366219e-02,1.951073e-01,6.755589e-02,5.618118e-03,1.735591e-02,3.662836e-02,8.207429e-03,7.527149e-03,2.794722e-03
9.767342e-02,3.088746e-02,2.206980e-02,8.568063e-03,5.016470e-01,1.290920e-02,2.093117e-02,1.977765e-01,5.016711e-02,4.140438e-03,1.249369e-02,2.660083e-02,6.277358e-03,5.662041e-03,2.195841e-03
9.850953e-02,2.513851e-02,1.725855e-02,6.559900e-03,5.474545e-01,9.726140e-03,1.799164e-02,1.917668e-01,4.140648e-02,3.501651e-03,9.127423e-03,1.979352e-02,5.359213e-03,4.609539e-03,1.796519e-03
1.496825e-01,1.905935e-02,1.289975e-02,5.735760e-03,5.557978e-01,9.480849e-03,1.675076e-02,1.572101e-01,3.531041e-02,3.816580e-03,7.299401e-03,1.570834e-02,5.581578e-03,3.804168e-03,1.862642e-03
1.684705e-01,1.400940e-02,9.362685e-03,5.068603e-03,5.747144e-01,8.899288e-03,1.380553e-02,1.447224e-01,2.915971e-02,3.549312e-03,6.059695e-03,1.240395e-02,5.143778e-03,2.820723e-03,1.809981e-03
2.915668e-01,1.025263e-02,6.874386e-03,4.350561e-03,4.830195e-01,9.853660e-03,1.176241e-02,1.261937e-01,2.490835e-02,3.131374e-03,5.882796e-03,1.123587e-02,6.500555e-03,2.434144e-03,2.033206e-03
4.131671e-01,8.428477e-03,5.181561e-03,5.309630e-03,3.949391e-01,1.292580e-02,9.865974e-03,9.562821e-02,2.015833e-02,2.781624e-03,5.637113e-03,1.337095e-02,6.810462e-03,2.384858e-03,3.410833e-03
1.000000e+00,0.000000e+00,0.000000e+00,0.000000e+00,0.000000e+00,0.000000e+00,0.000000e+00,0.000000e+00,0.000000e+00,0.000000e+00,0.000000e+00,0.000000e+00,0.000000e+00,0.000000e+00,0.000000e+00
1.000000e+00,0.000000e+00,0.000000e+00,0.000000e+00,0.000000e+00,0.000000e+00,0.000000e+00,0.000000e+00,0.000000e+00,0.000000e+00,0.000000e+00,0.000000e+00,0.000000e+00,0.000000e+00,0.000000e+00
4.713973e-01,2.643700e-02,6.508584e-03,7.525940e-02,2.226685e-01,4.163555e-02,6.664480e-03,3.970665e-02,1.771539e-02,1.294134e-02,2.755684e-02,3.001498e-02,7.967896e-03,3.062380e-03,1.046371e-02
4.635348e-01,2.148921e-02,6.419876e-03,6.119434e-02,1.606191e-01,6.420939e-02,5.511631e-03,2.936413e-02,1.559942e-02,1.260324e-02,6.278180e-02,7.459433e-02,7.509373e-03,2.813160e-03,1.175625e-02
3.989334e-01,2.117760e-02,8.582512e-03,4.537954e-02,1.139884e-01,5.796213e-02,4.390124e-03,2.123900e-02,1.209693e-02,5.185783e-02,9.430039e-02,1.428429e-01,8.286960e-03,4.929234e-03,1.403304e-02
3.282361e-01,2.222176e-02,9.021790e-03,3.380569e-02,8.114619e-02,4.904078e-02,3.294712e-03,1.554194e-02,1.178638e-02,7.402103e-02,1.205569e-01,2.194624e-01,9.994162e-03,8.302644e-03,1.356761e-02
3.244147e-01,2.013722e-02,8.613231e-03,2.693510e-02,5.878371e-02,4.623010e-02,3.341194e-03,1.343981e-02,1.437036e-02,6.133536e-02,1.255156e-01,2.693068e-01,8.326973e-03,7.645563e-03,1.160438e-02
3.166399e-01,1.775206e-02,8.663581e-03,2.084784e-02,4.397685e-02,4.058328e-02,4.896457e-03,1.251436e-02,1.494951e-02,6.437682e-02,1.123466e-01,3.182576e-01,7.453712e-03,7.599346e-03,9.142170e-03
2.494248e-01,1.807103e-02,1.304057e-02,1.696621e-02,3.541757e-02,3.427386e-02,5.218477e-03,2.540008e-02,1.915469e-02,5.661906e-02,1.004016e-01,4.051118e-01,6.829682e-03,6.968880e-03,7.101594e-03
1.869185e-01,3.841333e-02,3.528580e-02,1.394081e-02,2.849250e-02,3.020653e-02,4.264311e-03,2.571917e-02,2.280214e-02,8.071981e-02,9.220705e-02,3.825888e-01,6.570914e-03,4.409609e-02,7.774178e-03
1.552490e-01,4.880468e-02,7.145765e-02,1.166912e-02,2.637736e-02,2.389722e-02,3.864645e-03,3.753912e-02,3.661532e-02,6.359817e-02,9.330910e-02,3.702810e-01,5.857790e-03,4.444823e-02,7.031607e-03
1.876074e-01,7.249722e-02,8.058124e-02,2.446258e-02,2.865772e-02,2.470848e-02,4.244979e-03,4.377966e-02,6.285085e-02,5.389087e-02,8.370750e-02,2.741207e-01,6.074240e-03,4.450164e-02,8.314887e-03
1.555311e-01,1.069892e-01,8.701877e-02,2.425473e-02,3.012765e-02,2.228160e-02,3.519076e-03,4.169160e-02,1.056853e-01,6.585157e-02,7.018147e-02,2.062391e-01,6.442211e-03,6.376034e-02,1.042621e-02
1.147559e-01,1.068574e-01,1.136393e-01,7.793314e-02,2.858306e-02,1.932778e-02,3.158391e-03,3.863214e-02,1.744859e-01,5.001099e-02,5.544503e-02,1.483428e-01,7.903595e-03,4.817644e-02,1.274810e-02
8.058009e-02,7.785104e-02,1.940682e-01,2.201904e-01,2.040910e-02,1.436637e-02,2.250421e-03,2.719976e-02,1.271975e-01,3.648648e-02,4.145386e-02,1.052326e-01,6.952467e-03,3.377674e-02,1.198490e-02
5.764345e-02,7.189335e-02,2.679326e-01,2.301949e-01,1.562880e-02,1.444162e-02,1.732964e-03,2.040759e-02,1.149567e-01,2.774514e-02,5.449372e-02,7.891605e-02,9.245876e-03,2.401057e-02,1.075669e-02
4.195422e-02,6.546863e-02,2.581501e-01,3.122027e-01,1.308569e-02,1.183903e-02,1.758733e-03,1.452836e-02,1.119142e-01,2.151011e-02,4.788314e-02,5.779893e-02,9.404988e-03,1.766141e-02,1.483982e-02
4.484203e-02,5.918799e-02,2.805796e-01,2.855130e-01,1.611705e-02,1.205888e-02,3.042876e-03,1.107801e-02,1.128727e-01,2.310299e-02,5.965017e-02,4.418996e-02,1.205499e-02,1.544640e-02,2.026333e-02
7.088271e-02,5.133320e-02,3.250025e-01,2.273806e-01,1.528735e-02,1.100140e-02,2.746983e-03,8.720991e-03,9.333640e-02,3.787003e-02,5.330881e-02,3.338470e-02,1.158465e-02,1.594936e-02,4.221031e-02
8.665033e-02,6.274623e-02,2.976115e-01,2.457764e-01,2.735488e-02,1.477662e-02,4.927881e-03,7.261557e-03,8.276228e-02,3.475362e-02,4.520592e-02,2.433591e-02,9.898837e-03,1.262546e-02,4.331250e-02
1.431901e-01,6.610620e-02,2.431944e-01,2.034502e-01,4.772290e-02,3.160772e-02,1.245917e-02,1.450340e-02,7.627591e-02,2.822479e-02,4.978980e-02,1.910143e-02,1.374765e-02,1.266136e-02,3.796499e-02
1.461709e-01,8.139814e-02,2.247992e-01,1.929103e-01,5.886696e-02,5.816294e-02,1.446140e-02,2.124069e-02,6.882735e-02,2.206964e-02,3.861681e-02,1.490021e-02,1.274725e-02,9.761904e-03,3.506628e-02
1.326851e-01,7.367633e-02,2.547024e-01,1.668149e-01,7.315667e-02,7.651390e-02,1.464784e-02,4.228736e-02,5.656118e-02,1.670701e-02,3.095968e-02,1.250828e-02,1.342433e-02,7.491744e-03,2.786316e-02
1.425321e-01,7.450890e-02,2.178864e-01,1.324410e-01,8.265920e-02,8.555390e-02,1.399894e-02,5.224630e-02,8.782174e-02,1.850574e-02,3.156394e-02,1.070316e-02,1.292561e-02,1.026205e-02,2.639109e-02
1.716237e-01,8.130580e-02,1.687442e-01,1.036564e-01,7.357776e-02,7.815455e-02,1.114487e-02,4.569143e-02,1.553461e-01,1.667774e-02,2.734757e-02,1.156461e-02,1.176363e-02,1.141253e-02,3.198916e-02
1.955539e-01,7.427359e-02,1.294830e-01,7.973793e-02,6.220548e-02,7.453738e-02,9.309211e-03,3.953733e-02,2.225899e-01,1.543793e-02,2.195545e-02,1.107933e-02,1.062966e-02,1.225831e-02,4.141173e-02
2.353157e-01,7.254530e-02,1.070546e-01,7.065197e-02,4.983791e-02,6.598057e-02,8.775223e-03,3.557622e-02,1.924042e-01,2.677637e-02,1.912224e-02,1.224020e-02,1.112301e-02,1.513273e-02,7.746378e-02
3.468011e-01,6.541999e-02,8.418834e-02,5.411343e-02,3.809230e-02,5.246174e-02,7.912044e-03,3.363390e-02,1.646107e-01,2.599400e-02,1.661463e-02,1.325394e-02,9.333610e-03,1.459729e-02,7.297295e-02
