1.000000e+00,0.000000e+00,0.000000e+00,0.000000e+00,0.000000e+00,0.000000e+00,0.000000e+00,0.000000e+00,0.000000e+00,0.000000e+00,0.000000e+00,0.000000e+00,0.000000e+00,0.000000e+00,0.000000e+00
1.000000e+00,0.000000e+00,0.000000e+00,0.000000e+00,0.000000e+00,0.000000e+00,0.000000e+00,0.000000e+00,0.000000e+00,0.000000e+00,0.000000e+00,0.000000e+00,0.000000e+00,0.000000e+00,0.000000e+00
1.000000e+00,0.000000e+00,0.000000e+00,0.000000e+00,0.000000e+00,0.000000e+00,0.000000e+00,0.000000e+00,0.000000e+00,0.000000e+00,0.000000e+00,0.000000e+00,0.000000e+00,0.000000e+00,0.000000e+00
1.000000e+00,0.000000e+00,0.000000e+00,0.000000e+00,0.000000e+00,0.000000e+00,0.000000e+00,0.000000e+00,0.000000e+00,0.000000e+00,0.000000e+00,0.000000e+00,0.000000e+00,0.000000e+00,0.000000e+00
1.000000e+00,0.000000e+00,0.000000e+00,0.000000e+00,0.000000e+00,0.000000e+00,0.000000e+00,0.000000e+00,0.000000e+00,0.000000e+00,0.000000e+00,0.000000e+00,0.000000e+00,0.000000e+00,0.000000e+00
1.000000e+00,0.000000e+00,0.000000e+00,0.000000e+00,0.000000e+00,0.000000e+00,0.000000e+00,0.000000e+00,0.000000e+00,0.000000e+00,0.000000e+00,0.000000e+00,0.000000e+00,0.000000e+00,0.000000e+00
1.000000e+00,0.000000e+00,0.000000e+00,0.000000e+00,0.000000e+00,0.000000e+00,0.000000e+00,0.000000e+00,0.000000e+00,0.000000e+00,0.000000e+00,0.000000e+00,0.000000e+00,0.000000e+00,0.000000e+00
1.000000e+00,0.000000e+00,0.000000e+00,0.000000e+00,0.000000e+00,0.000000e+00,0.000000e+00,0.000000e+00,0.000000e+00,0.000000e+00,0.000000e+00,0.000000e+00,0.000000e+00,0.000000e+00,0.000000e+00
1.000000e+00,0.000000e+00,0.000000e+00,0.000000e+00,0.000000e+00,0.000000e+00,0.000000e+00,0.000000e+00,0.000000e+00,0.000000e+00,0.000000e+00,0.000000e+00,0.000000e+00,0.000000e+00,0.000000e+00
1.000000e+00,0.000000e+00,0.000000e+00,0.000000e+00,0.000000e+00,0.000000e+00,0.000000e+00,0.000000e+00,0.000000e+00,0.000000e+00,0.000000e+00,0.000000e+00,0.000000e+00,0.000000e+00,0.000000e+00
1.000000e+00,0.000000e+00,0.000000e+00,0.000000e+00,0.000000e+00,0.000000e+00,0.000000e+00,0.000000e+00,0.000000e+00,0.000000e+00,0.000000e+00,0.000000e+00,0.000000e+00,0.000000e+00,0.000000e+00
1.000000e+00,0.000000e+00,0.000000e+00,0.000000e+00,0.000000e+00,0.000000e+00,0.000000e+00,0.000000e+00,0.000000e+00,0.000000e+00,0.000000e+00,0.000000e+00,0.000000e+00,0.000000e+00,0.000000e+00
1.000000e+00,0.000000e+00,0.000000e+00,0.000000e+00,0.000000e+00,0.000000e+00,0.000000e+00,0.000000e+00,0.000000e+00,0.000000e+00,0.000000e+00,0.000000e+00,0.000000e+00,0.000000e+00,0.000000e+00
1.000000e+00,0.000000e+00,0.000000e+00,0.000000e+00,0.000000e+00,0.000000e+00,0.000000e+00,0.000000e+00,0.000000e+00,0.000000e+00,0.000000e+00,0.000000e+00,0.000000e+00,0.000000e+00,0.000000e+00
1.000000e+00,0.000000e+00,0.000000e+00,0.000000e+00,0.000000e+00,0.000000e+00,0.000000e+00,0.000000e+00,0.000000e+00,0.000000e+00,0.000000e+00,0.000000e+00,0.000000e+00,0.000000e+00,0.000000e+00
1.000000e+00,0.000000e+00,0.000000e+00,0.000000e+00,0.000000e+00,0.000000e+00,0.000000e+00,0.000000e+00,0.000000e+00,0.000000e+00,0.000000e+00,0.000000e+00,0.000000e+00,0.000000e+00,0.000000e+00
1.000000e+00,0.000000e+00,0.000000e+00,0.000000e+00,0.000000e+00,0.000000e+00,0.000000e+00,0.000000e+00,0.000000e+00,0.000000e+00,0.000000e+00,0.000000e+00,0.000000e+00,0.000000e+00,0.000000e+00
1.000000e+00,0.000000e+00,0.000000e+00,0.000000e+00,0.000000e+00,0.000000e+00,0.000000e+00,0.000000e+00,0.000000e+00,0.000000e+00,0.000000e+00,0.000000e+00,0.000000e+00,0.000000e+00,0.000000e+00
1.000000e+00,0.000000e+00,0.000000e+00,0.000000e+00,0.000000e+00,0.000000e+00,0.000000e+00,0.000000e+00,0.000000e+00,0.000000e+00,0.000000e+00,0.000000e+00,0.000000e+00,0.000000e+00,0.000000e+00
1.000000e+00,0.000000e+00,0.000000e+00,0.000000e+00,0.000000e+00,0.000000e+00,0.000000e+00,0.000000e+00,0.000000e+00,0.000000e+00,0.000000e+00,0.000000e+00,0.000000e+00,0.000000e+00,0.000000e+00
1.000000e+00,0.000000e+00,0.000000e+00,0.000000e+00,0.000000e+00,0.000000e+00,0.000000e+00,0.000000e+00,0.000000e+00,0.000000e+00,0.000000e+00,0.000000e+00,0.000000e+00,0.000000e+00,0.000000e+00
1.000000e+00,0.000000e+00,0.000000e+00,0.000000e+00,0.000000e+00,0.000000e+00,0.000000e+00,0.000000e+00,0.000000e+00,0.000000e+00,0.000000e+00,0.000000e+00,0.000000e+00,0.000000e+00,0.000000e+00
1.000000e+00,0.000000e+00,0.000000e+00,0.000000e+00,0.000000e+00,0.000000e+00,0.000000e+00,0.000000e+00,0.000000e+00,0.000000e+00,0.000000e+00,0.000000e+00,0.000000e+00,0.000000e+00,0.000000e+00
1.000000e+00,0.000000e+00,0.000000e+00,0.000000e+00,0.000000e+00,0.000000e+00,0.000000e+00,0.000000e+00,0.000000e+00,0.000000e+00,0.000000e+00,0.000000e+00,0.000000e+00,0.000000e+00,0.000000e+00
1.000000e+00,0.000000e+00,0.000000e+00,0.000000e+00,0.000000e+00,0.000000e+00,0.000000e+00,0.000000e+00,0.000000e+00,0.000000e+00,0.000000e+00,0.000000e+00,0.000000e+00,0.000000e+00,0.000000e+00
1.000000e+00,0.000000e+00,0.000000e+00,0.000000e+00,0.000000e+00,0.000000e+00,0.000000e+00,0.000000e+00,0.000000e+00,0.000000e+00,0.000000e+00,0.000000e+00,0.000000e+00,0.000000e+00,0.000000e+00
1.000000e+00,0.000000e+00,0.000000e+00,0.000000e+00,0.000000e+00,0.000000e+00,0.000000e+00,0.000000e+00,0.000000e+00,0.000000e+00,0.000000e+00,0.000000e+00,0.000000e+00,0.000000e+00,0.000000e+00
1.000000e+00,0.000000e+00,0.000000e+00,0.000000e+00,0.000000e+00,0.000000e+00,0.000000e+00,0.000000e+00,0.000000e+00,0.000000e+00,0.000000e+00,0.000000e+00,0.000000e+00,0.000000e+00,0.000000e+00
1.000000e+00,0.000000e+00,0.000000e+00,0.000000e+00,0.000000e+00,0.000000e+00,0.000000e+00,0.000000e+00,0.000000e+00,0.000000e+00,0.000000e+00,0.000000e+00,0.000000e+00,0.000000e+00,0.000000e+00
1.000000e+00,0.000000e+00,0.000000e+00,0.000000e+00,0.000000e+00,0.000000e+00,0.000000e+00,0.000000e+00,0.000000e+00,0.000000e+00,0.000000e+00,0.000000e+00,0.000000e+00,0.000000e+00,0.000000e+00
1.000000e+00,0.000000e+00,0.000000e+00,0.000000e+00,0.000000e+00,0.000000e+00,0.000000e+00,0.000000e+00,0.000000e+00,0.000000e+00,0.000000e+00,0.000000e+00,0.000000e+00,0.000000e+00,0.000000e+00
1.000000e+00,0.000000e+00,0.000000e+00,0.000000e+00,0.000000e+00,0.000000e+00,0.000000e+00,0.000000e+00,0.000000e+00,0.000000e+00,0.000000e+00,0.000000e+00,0.000000e+00,0.000000e+00,0.000000e+00
1.000000e+00,0.000000e+00,0.000000e+00,0.000000e+00,0.000000e+00,0.000000e+00,0.000000e+00,0.000000e+00,0.000000e+00,0.000000e+00,0.000000e+00,0.000000e+00,0.000000e+00,0.000000e+00,0.000000e+00
1.000000e+00,0.000000e+00,0.000000e+00,0.000000e+00,0.000000e+00,0.000000e+00,0.000000e+00,0.000000e+00,0.000000e+00,0.000000e+00,0.000000e+00,0.000000e+00,0.000000e+00,0.000000e+00,0.000000e+00
1.000000e+00,0.000000e+00,0.000000e+00,0.000000e+00,0.000000e+00,0.000000e+00,0.000000e+00,0.000000e+00,0.000000e+00,0.000000e+00,0.000000e+00,0.000000e+00,0.000000e+00,0.000000e+00,0.000000e+00
1.000000e+00,0.000000e+00,0.000000e+00,0.000000e+00,0.000000e+00,0.000000e+00,0.000000e+00,0.000000e+00,0.000000e+00,0.000000e+00,0.000000e+00,0.000000e+00,0.000000e+00,0.000000e+00,0.000000e+00
1.000000e+00,0.000000e+00,0.000000e+00,0.000000e+00,0.000000e+00,0.000000e+00,0.000000e+00,0.000000e+00,0.000000e+00,0.000000e+00,0.000000e+00,0.000000e+00,0.000000e+00,0.000000e+00,0.000000e+00
1.000000e+00,0.000000e+00,0.000000e+00,0.000000e+00,0.000000e+00,0.000000e+00,0.000000e+00,0.000000e+00,0.000000e+00,0.000000e+00,0.000000e+00,0.000000e+00,0.000000e+00,0.000000e+00,0.000000e+00
1.000000e+00,0.000000e+00,0.000000e+00,0.000000e+00,0.000000e+00,0.000000e+00,0.000000e+00,0.000000e+00,0.000000e+00,0.000000e+00,0.000000e+00,0.000000e+00,0.000000e+00,0.000000e+00,0.000000e+00
1.000000e+00,0.000000e+00,0.000000e+00,0.000000e+00,0.000000e+00,0.000000e+00,0.000000e+00,0.000000e+00,0.000000e+00,0.000000e+00,0.000000e+00,0.000000e+00,0.000000e+00,0.000000e+00,0.000000e+00
1.000000e+00,0.000000e+00,0.000000e+00,0.000000e+00,0.000000e+00,0.000000e+00,0.000000e+00,0.000000e+00,0.000000e+00,0.000000e+00,0.000000e+00,0.000000e+00,0.000000e+00,0.000000e+00,0.000000e+00
1.000000e+00,0.000000e+00,0.000000e+00,0.000000e+00,0.000000e+00,0.000000e+00,0.000000e+00,0.000000e+00,0.000000e+00,0.000000e+00,0.000000e+00,0.000000e+00,0.000000e+00,0.000000e+00,0.000000e+00
1.000000e+00,0.000000e+00,0.000000e+00,0.000000e+00,0.000000e+00,0.000000e+00,0.000000e+00,0.000000e+00,0.000000e+00,0.000000e+00,0.000000e+00,0.000000e+00,0.000000e+00,0.000000e+00,0.000000e+00
1.000000e+00,0.000000e+00,0.000000e+00,0.000000e+00,0.000000e+00,0.000000e+00,0.000000e+00,0.000000e+00,0.000000e+00,0.000000e+00,0.000000e+00,0.000000e+00,0.000000e+00,0.000000e+00,0.000000e+00
1.000000e+00,0.000000e+00,0.000000e+00,0.000000e+00,0.000000e+00,0.000000e+00,0.000000e+00,0.000000e+00,0.000000e+00,0.000000e+00,0.000000e+00,0.000000e+00,0.000000e+00,0.000000e+00,0.000000e+00
1.000000e+00,0.000000e+00,0.000000e+00,0.000000e+00,0.000000e+00,0.000000e+00,0.000000e+00,0.000000e+00,0.000000e+00,0.000000e+00,0.000000e+00,0.000000e+00,0.000000e+00,0.000000e+00,0.000000e+00
1.000000e+00,0.000000e+00,0.000000e+00,0.000000e+00,0.000000e+00,0.000000e+00,0.000000e+00,0.000000e+00,0.000000e+00,0.000000e+00,0.000000e+00,0.000000e+00,0.000000e+00,0.000000e+00,0.000000e+00
1.000000e+00,0.000000e+00,0.000000e+00,0.000000e+00,0.000000e+00,0.000000e+00,0.000000e+00,0.000000e+00,0.000000e+00,0.000000e+00,0.000000e+00,0.000000e+00,0.000000e+00,0.000000e+00,0.000000e+00
1.000000e+00,0.000000e+00,0.000000e+00,0.000000e+00,0.000000e+00,0.000000e+00,0.000000e+00,0.000000e+00,0.000000e+00,0.000000e+00,0.000000e+00,0.000000e+00,0.000000e+00,0.000000e+00,0.000000e+00
1.000000e+00,0.000000e+00,0.000000e+00,0.000000e+00,0.000000e+00,0.000000e+00,0.000000e+00,0.000000e+00,0.000000e+00,0.000000e+00,0.000000e+00,0.000000e+00,0.000000e+00,0.000000e+00,0.000000e+00
1.000000e+00,0.000000e+00,0.000000e+00,0.000000e+00,0.000000e+00,0.000000e+00,0.000000e+00,0.000000e+00,0.000000e+00,0.000000e+00,0.000000e+00,0.000000e+00,0.000000e+00,0.000000e+00,0.000000e+00
1.000000e+00,0.000000e+00,0.000000e+00,0.000000e+00,0.000000e+00,0.000000e+00,0.000000e+00,0.000000e+00,0.000000e+00,0.000000e+00,0.000000e+00,0.000000e+00,0.000000e+00,0.000000e+00,0.000000e+00
4.705009e-01,3.767722e-03,2.682936e-01,3.568554e-02,3.070040e-03,3.447313e-02,1.077448e-02,1.380122e-01,1.561767e-03,6.505751e-04,4.766528e-03,1.423417e-02,8.247934e-03,1.008637e-03,4.952727e-03
3.656153e-01,2.932688e-03,2.462934e-01,3.160103e-02,2.714465e-03,2.876952e-02,1.218699e-02,2.826137e-01,1.238884e-03,5.336183e-04,3.857837e-03,1.051141e-02,6.511746e-03,8.864041e-04,3.733046e-03
3.083403e-01,2.335414e-03,2.254795e-01,2.643685e-02,2.751545e-03,3.005924e-02,3.395637e-02,3.478200e-01,1.018294e-03,4.909128e-04,3.123157e-03,8.272342e-03,5.947514e-03,8.326254e-04,3.135907e-03
2.681328e-01,1.861457e-03,1.795820e-01,2.091825e-02,2.662891e-03,3.046440e-02,3.358881e-02,4.431279e-01,8.097632e-04,4.459616e-04,2.631361e-03,6.731863e-03,5.650519e-03,7.204161e-04,2.671549e-03
2.321212e-01,1.481570e-03,1.456794e-01,1.791453e-02,2.417889e-03,2.790754e-02,3.006279e-02,5.250968e-01,6.540062e-04,4.179248e-04,2.174661e-03,5.919307e-03,5.296719e-03,6.519539e-04,2.203795e-03
1.808521e-01,1.112793e-03,1.058774e-01,1.372005e-02,2.274738e-03,2.169564e-02,2.349809e-02,6.369759e-01,5.025826e-04,3.761565e-04,1.755539e-03,4.508272e-03,4.636360e-03,5.393424e-04,1.675169e-03
1.376001e-01,8.615635e-04,7.596646e-02,1.023840e-02,2.147736e-03,1.748123e-02,2.467340e-02,7.187537e-01,4.041845e-04,3.331804e-04,1.362095e-03,3.614730e-03,4.781424e-03,4.446514e-04,1.337190e-03
1.051136e-01,6.913610e-04,5.518635e-02,7.813738e-03,2.590925e-03,1.343000e-02,4.116992e-02,7.638931e-01,3.198978e-04,2.890318e-04,1.017354e-03,2.892297e-03,4.206718e-03,3.554299e-04,1.030240e-03
1.180056e-01,7.889179e-04,3.997384e-02,6.456747e-03,6.130661e-03,1.196380e-02,3.627899e-02,7.679124e-01,4.621865e-04,4.789286e-04,1.186152e-03,3.561922e-03,5.282222e-03,3.893888e-04,1.128275e-03
1.636219e-01,1.106082e-03,2.924366e-02,6.270419e-03,9.651975e-03,1.425901e-02,3.063447e-02,7.225353e-01,7.828174e-04,7.928929e-04,1.585136e-03,7.740798e-03,9.585597e-03,4.643508e-04,1.725601e-03
2.258896e-01,1.476409e-03,2.160896e-02,6.578303e-03,1.129899e-02,1.920354e-02,2.528517e-02,6.583916e-01,1.083708e-03,1.271354e-03,2.185297e-03,1.165204e-02,1.077914e-02,5.340275e-04,2.761900e-03
3.083033e-01,1.672789e-03,1.641818e-02,6.371792e-03,1.163390e-02,1.994178e-02,1.975901e-02,5.833269e-01,1.249694e-03,1.819079e-03,2.536947e-03,1.249601e-02,1.011553e-02,6.153954e-04,3.739764e-03
2.677601e-01,4.702637e-03,1.328272e-02,1.144945e-01,1.132684e-02,2.067751e-02,1.441178e-02,4.531299e-01,1.023159e-02,6.815956e-03,1.017428e-02,4.089173e-02,2.380416e-02,1.143940e-03,7.152348e-03
1.973010e-01,5.474838e-03,9.991177e-03,2.089635e-01,8.640978e-03,1.603127e-02,1.031852e-02,3.217355e-01,1.423791e-02,1.328597e-02,6.007060e-02,6.872645e-02,5.442028e-02,2.026934e-03,8.775074e-03
1.478300e-01,5.297642e-03,7.417159e-03,2.426157e-01,6.621212e-03,1.202651e-02,7.417439e-03,2.280051e-01,2.346471e-02,1.506301e-02,1.224499e-01,1.062526e-01,6.064933e-02,2.642342e-03,1.224739e-02
1.326928e-01,4.743957e-03,5.778791e-03,2.032586e-01,1.023847e-02,1.106202e-02,7.220130e-03,1.633462e-01,4.856917e-02,1.444089e-02,1.654579e-01,1.470751e-01,5.860989e-02,1.531239e-02,1.219380e-02
1.149615e-01,4.525497e-03,4.326747e-03,1.875721e-01,1.161773e-02,9.125011e-03,5.249956e-03,1.154071e-01,5.325078e-02,1.854099e-02,2.598073e-01,1.392164e-01,4.473260e-02,2.137521e-02,1.029102e-02
1.018749e-01,4.796529e-03,3.286089e-03,1.659876e-01,2.110261e-02,8.270525e-03,3.784353e-03,8.123243e-02,4.980501e-02,5.408737e-02,2.954745e-01,1.386444e-01,3.467794e-02,2.602306e-02,1.095282e-02
1.349930e-01,4.734986e-03,2.779847e-03,1.333248e-01,2.839029e-02,7.619351e-03,2.824298e-03,5.775488e-02,4.220798e-02,4.669449e-02,3.066176e-01,1.538234e-01,2.662846e-02,4.130924e-02,1.029744e-02
1.986578e-01,5.212737e-03,2.455480e-03,1.015245e-01,2.500047e-02,7.763429e-03,2.174107e-03,4.186998e-02,3.425071e-02,3.498540e-02,2.862402e-01,1.450723e-01,2.063220e-02,8.563763e-02,8.523165e-03
2.183908e-01,5.486561e-03,2.404516e-03,7.244612e-02,1.861761e-02,6.301893e-03,1.630671e-03,3.047709e-02,2.876822e-02,2.657128e-02,2.226852e-01,1.356862e-01,1.576800e-02,2.086057e-01,6.160161e-03
2.092941e-01,5.018746e-03,1.988752e-03,5.155512e-02,1.336225e-02,6.930130e-03,1.241115e-03,2.205980e-02,2.658372e-02,1.957513e-02,2.061899e-01,1.447443e-01,1.185785e-02,2.750206e-01,4.578506e-03
1.519736e-01,1.094920e-02,1.922013e-03,3.637209e-02,9.753034e-03,5.283166e-03,9.018311e-04,1.585170e-02,5.384664e-02,1.449584e-02,3.192691e-01,1.094999e-01,8.487756e-03,2.575940e-01,3.800128e-03
1.123314e-01,8.894295e-03,1.508716e-03,2.582716e-02,7.760740e-03,4.420171e-03,7.252760e-04,1.158645e-02,9.703884e-02,1.101827e-02,4.150546e-01,8.203772e-02,6.286966e-03,2.124911e-01,3.018371e-03
8.033018e-02,8.389885e-03,1.267099e-03,1.836457e-02,7.201251e-03,3.260516e-03,5.580416e-04,8.340403e-03,1.006757e-01,8.332977e-03,5.359728e-01,5.915678e-02,4.563458e-03,1.613298e-01,2.256500e-03
5.786762e-02,9.394268e-03,1.525044e-03,1.332874e-02,8.439786e-03,3.079497e-03,4.465457e-04,7.860616e-03,2.582897e-01,6.485442e-03,4.652823e-01,4.315362e-02,3.829858e-03,1.192275e-01,1.789570e-03
4.306705e-02,1.051763e-02,1.747608e-03,1.064379e-02,9.149192e-03,2.912964e-03,3.505652e-04,1.160661e-02,3.361057e-01,5.636467e-03,4.364745e-01,3.237867e-02,3.790518e-03,9.401286e-02,1.605964e-03
3.592765e-02,1.619321e-02,1.750510e-03,8.480581e-03,1.116669e-02,3.063807e-03,2.674551e-04,9.877709e-03,3.573509e-01,6.409030e-03,4.257352e-01,3.008316e-02,3.260497e-03,8.809027e-02,2.343323e-03
3.317723e-02,2.145324e-02,1.872345e-03,1.024370e-02,9.972875e-03,6.330421e-03,2.090428e-04,8.999910e-03,3.546918e-01,9.381903e-03,3.909953e-01,2.710114e-02,8.896064e-03,1.110746e-01,5.600485e-03
3.373869e-02,3.074980e-02,2.456060e-03,9.268919e-03,1.368868e-02,1.189638e-02,1.954833e-04,9.059144e-03,4.125590e-01,9.148922e-03,3.178880e-01,2.186227e-02,8.571720e-03,1.108992e-01,8.017745e-03
2.761267e-02,3.200520e-02,2.760513e-03,6.768625e-03,1.106969e-02,3.107467e-02,1.721315e-04,7.095815e-03,3.949261e-01,8.699036e-03,2.559188e-01,1.799248e-02,7.035748e-03,1.889641e-01,7.904410e-03
2.236993e-02,2.974337e-02,2.531738e-03,5.135441e-03,8.606138e-03,5.273272e-02,1.553881e-04,5.553405e-03,3.539361e-01,8.356037e-03,2.278610e-01,1.468465e-02,5.530050e-03,2.538728e-01,8.931236e-03
2.045574e-02,2.859502e-02,4.226168e-03,1.418798e-02,8.103876e-03,4.284928e-02,1.894983e-04,4.855744e-03,4.915155e-01,8.391596e-03,1.637395e-01,1.053000e-02,4.401505e-03,1.864104e-01,1.154807e-02
1.812934e-02,2.797587e-02,5.723212e-03,1.266353e-02,8.208856e-03,4.363041e-02,2.193128e-04,1.097123e-02,4.687743e-01,7.601546e-03,1.226647e-01,8.104883e-03,4.027357e-03,2.489291e-01,1.237633e-02
1.540763e-02,2.309149e-02,1.117988e-02,2.927009e-02,9.907236e-03,3.150455e-02,2.660328e-04,1.167425e-02,5.730265e-01,6.423485e-03,8.879297e-02,6.226673e-03,3.649493e-03,1.783433e-01,1.123633e-02
1.759196e-02,2.332322e-02,2.123274e-02,2.900945e-02,1.484649e-02,3.119869e-02,3.943513e-04,2.280123e-02,5.637388e-01,6.476182e-03,7.369536e-02,7.315616e-03,4.957421e-03,1.708039e-01,1.261458e-02
2.854339e-02,2.888569e-02,2.618606e-02,2.997462e-02,2.647932e-02,2.820188e-02,4.456932e-04,2.357108e-02,4.761693e-01,1.307567e-02,6.220436e-02,6.651271e-03,5.389629e-03,2.042152e-01,4.000676e-02
2.449125e-02,2.471131e-02,2.444201e-02,2.371233e-02,2.120603e-02,2.139514e-02,3.314287e-04,2.020710e-02,4.511932e-01,1.257308e-02,4.714977e-02,5.027611e-03,4.364758e-03,2.498616e-01,6.933343e-02
1.939611e-02,1.852934e-02,1.926609e-02,1.810550e-02,1.547324e-02,1.550291e-02,2.555528e-04,2.197266e-02,3.667054e-01,1.002982e-02,3.541102e-02,3.606741e-03,3.485743e-03,3.900079e-01,6.225198e-02
1.473880e-02,1.399684e-02,2.504565e-02,1.849269e-02,1.254532e-02,1.137429e-02,2.442019e-04,2.572923e-02,4.936942e-01,9.084154e-03,2.705671e-02,2.728645e-03,3.601942e-03,2.880576e-01,5.360971e-02
1.421144e-02,1.278555e-02,6.882174e-02,2.581060e-02,1.069961e-02,8.434842e-03,3.658243e-04,2.796887e-02,5.383589e-01,8.489942e-03,2.224730e-02,2.365051e-03,3.675362e-03,2.096542e-01,4.611079e-02
1.757753e-02,1.290036e-02,8.527363e-02,2.526471e-02,9.830529e-03,6.727404e-03,3.898822e-04,2.492148e-02,4.985179e-01,1.918765e-02,2.001245e-02,1.943333e-03,3.502013e-03,1.752783e-01,9.867275e-02
1.853328e-02,1.174484e-02,7.531704e-02,2.016981e-02,7.822685e-03,5.365295e-03,3.027227e-04,1.894591e-02,4.187612e-01,2.275186e-02,1.816330e-02,1.762619e-03,3.828478e-03,1.484122e-01,2.281188e-01
2.001488e-02,1.638313e-02,7.413639e-02,1.595973e-02,6.119558e-03,4.684311e-03,2.733444e-04,1.752983e-02,3.587259e-01,2.123348e-02,1.410807e-02,1.539190e-03,3.668381e-03,1.749828e-01,2.706410e-01
1.920329e-02,1.423123e-02,6.366689e-02,1.168180e-02,4.576597e-03,3.911334e-03,2.385140e-04,1.500799e-02,2.869756e-01,1.978340e-02,1.214794e-02,1.284917e-03,3.321466e-03,1.803229e-01,3.636461e-01
1.997106e-02,1.170564e-02,5.983146e-02,1.080789e-02,4.880795e-03,3.773842e-03,4.541439e-04,1.423223e-02,3.571661e-01,1.806884e-02,1.229215e-02,1.190590e-03,3.197876e-03,1.306422e-01,3.517853e-01
2.576900e-02,8.762649e-03,4.752129e-02,9.229400e-03,4.091636e-03,3.708114e-03,4.728528e-04,1.029621e-02,3.693008e-01,1.898616e-02,1.900677e-02,1.124738e-03,4.285605e-03,1.008457e-01,3.765991e-01
2.582561e-02,7.831616e-03,8.665348e-02,3.623495e-02,6.365207e-03,4.093010e-03,8.285455e-04,8.229536e-03,3.377239e-01,1.850586e-02,5.600329e-02,4.615181e-03,1.429305e-02,8.174158e-02,3.110552e-01
5.458444e-02,8.558135e-03,1.349927e-01,4.975609e-02,6.368630e-03,4.115151e-03,8.892621e-04,9.497114e-03,2.865010e-01,1.440750e-02,9.923201e-02,5.030344e-03,1.539919e-02,8.005763e-02,2.306108e-01
4.502515e-02,7.474600e-03,2.614475e-01,6.304099e-02,5.918317e-03,3.436509e-03,7.573295e-04,8.139689e-03,2.485318e-01,1.070290e-02,8.230749e-02,4.129018e-03,1.218801e-02,6.619284e-02,1.807079e-01
5.837901e-02,9.132087e-03,3.028078e-01,9.147833e-02,5.885407e-03,3.695348e-03,5.894984e-04,5.965644e-03,2.359354e-01,8.569727e-03,7.308106e-02,3.514454e-03,1.006240e-02,5.460697e-02,1.362968e-01
5.553220e-02,9.227376e-03,2.799721e-01,7.809463e-02,5.683387e-03,4.042214e-03,5.107121e-04,4.637494e-03,2.282571e-01,1.057729e-02,1.071377e-01,3.842547e-03,1.071553e-02,7.377499e-02,1.279947e-01
5.214980e-02,8.284222e-03,2.266213e-01,6.450626e-02,5.258538e-03,6.126367e-03,4.097650e-04,3.607667e-03,1.868217e-01,4.286003e-02,2.015404e-01,5.088657e-03,1.405305e-02,8.931629e-02,9.335590e-02
4.044225e-02,7.320370e-03,1.730788e-01,4.607962e-02,4.319287e-03,6.660435e-03,3.209410e-04,2.717743e-03,1.366518e-01,1.952452e-01,2.246291e-01,5.289495e-03,1.452599e-02,7.448979e-02,6.822908e-02
3.069228e-02,7.783717e-03,1.311691e-01,3.267515e-02,3.805650e-03,6.214381e-03,2.482179e-04,2.225928e-03,9.988544e-02,3.553483e-01,2.026771e-01,4.340077e-03,1.220713e-02,5.861856e-02,5.210900e-02
2.576944e-02,1.928037e-02,1.658774e-01,2.360433e-02,3.713553e-03,5.285955e-03,2.468966e-04,2.149123e-03,8.582715e-02,3.932623e-01,1.705665e-01,3.627795e-03,1.034137e-02,5.130004e-02,3.914774e-02
1.965539e-02,1.027244e-01,2.010945e-01,1.701768e-02,3.194157e-03,4.671755e-03,2.084997e-04,1.802298e-03,7.236210e-02,3.560617e-01,1.365145e-01,2.884708e-03,7.986331e-03,4.334527e-02,3.047666e-02
2.012432e-02,2.195816e-01,1.859564e-01,1.270757e-02,2.690643e-03,3.782273e-03,1.664642e-04,1.740817e-03,6.961551e-02,3.122272e-01,1.083714e-01,2.081991e-03,5.736959e-03,3.252983e-02,2.268701e-02
2.973574e-02,2.101447e-01,1.674556e-01,1.107006e-02,3.654859e-03,4.670768e-03,1.771055e-04,3.364092e-03,6.429814e-02,3.721038e-01,7.995273e-02,1.651670e-03,4.152341e-03,3.057888e-02,1.698953e-02
3.650316e-02,2.200877e-01,1.563221e-01,1.120744e-02,7.748326e-03,4.725109e-03,3.170242e-04,4.473015e-03,6.172319e-02,3.912834e-01,5.812496e-02,1.565655e-03,3.234289e-03,2.856798e-02,1.411660e-02
5.388704e-02,2.093842e-01,1.239251e-01,1.270783e-02,1.619218e-02,8.947308e-03,7.908830e-04,6.091204e-03,6.051234e-02,4.112410e-01,4.500559e-02,1.955828e-03,3.028116e-03,2.708586e-02,1.924559e-02
8.201219e-02,1.734823e-01,1.005077e-01,2.803152e-02,5.001853e-02,1.005157e-02,1.054136e-03,2.700459e-02,6.763516e-02,3.737506e-01,3.626396e-02,2.005049e-03,2.916083e-03,2.440470e-02,2.086198e-02
9.202220e-02,1.504807e-01,7.295449e-02,2.319965e-02,4.501605e-02,7.850313e-03,9.631703e-04,3.392131e-02,6.830067e-02,4.311101e-01,2.680466e-02,2.315237e-03,2.549768e-03,1.936533e-02,2.314634e-02
9.631297e-02,1.559495e-01,5.220278e-02,1.788745e-02,3.607884e-02,6.426026e-03,8.986749e-04,3.424317e-02,7.177438e-02,4.652402e-01,2.025544e-02,3.484459e-03,2.633339e-03,1.634913e-02,2.026360e-02
1.102161e-01,2.219770e-01,3.746770e-02,1.408402e-02,2.928002e-02,5.901676e-03,1.196061e-03,3.694048e-02,9.043337e-02,3.828762e-01,1.615071e-02,5.541897e-03,2.971723e-03,2.360937e-02,2.135365e-02
1.228503e-01,2.805642e-01,2.729641e-02,1.146463e-02,2.469160e-02,5.282574e-03,1.460627e-03,7.593972e-02,1.077297e-01,2.807657e-01,1.264176e-02,4.750637e-03,2.461049e-03,2.268471e-02,1.941642e-02
1.574587e-01,2.551744e-01,2.017605e-02,1.041230e-02,2.169211e-02,4.881595e-03,1.726384e-03,1.477215e-01,1.147188e-01,2.048814e-01,1.101223e-02,7.377403e-03,2.829497e-03,2.001182e-02,1.992584e-02
2.348273e-01,1.930739e-01,1.582439e-02,3.824377e-02,1.720658e-02,5.745687e-03,1.729900e-03,1.108595e-01,1.230998e-01,1.522115e-01,2.359679e-02,3.613409e-02,8.544057e-03,1.519601e-02,2.370673e-02
1.945167e-01,1.510085e-01,2.086273e-02,7.642852e-02,1.303493e-02,6.121422e-03,1.428768e-03,8.042940e-02,1.067017e-01,1.133679e-01,1.349548e-01,3.415779e-02,1.604249e-02,1.604417e-02,3.490017e-02
1.480442e-01,1.090681e-01,1.829975e-02,6.293615e-02,9.601429e-03,5.520447e-03,1.077039e-03,5.774910e-02,8.258469e-02,1.291093e-01,2.623633e-01,3.954740e-02,2.448334e-02,2.089329e-02,2.872263e-02
1.124358e-01,8.476357e-02,1.424325e-02,5.100057e-02,7.627591e-03,6.781171e-03,8.115310e-04,4.120552e-02,7.358657e-02,1.818101e-01,2.794885e-01,5.871145e-02,3.375905e-02,2.660190e-02,2.717345e-02
8.700623e-02,6.256228e-02,1.021576e-02,3.912073e-02,5.755439e-03,6.011799e-03,6.185282e-04,2.946509e-02,5.692847e-02,1.817588e-01,3.799350e-01,6.044830e-02,2.802977e-02,3.104854e-02,2.109532e-02
1.145594e-01,5.098807e-02,7.844698e-03,3.088747e-02,6.273556e-03,6.547834e-03,5.940995e-04,2.242394e-02,5.278067e-02,1.588755e-01,4.080718e-01,5.205541e-02,2.663533e-02,4.132276e-02,2.013948e-02
1.077737e-01,4.347429e-02,3.735247e-02,4.275628e-02,1.542565e-02,1.628923e-02,1.505348e-03,2.412023e-02,4.836641e-02,1.273547e-01,3.954411e-01,5.010005e-02,2.352376e-02,4.822187e-02,1.829489e-02
1.265402e-01,4.420763e-02,1.142921e-01,3.582824e-02,2.061626e-02,2.427106e-02,1.967748e-03,2.352750e-02,4.151784e-02,1.030614e-01,3.080601e-01,5.286184e-02,1.978989e-02,6.456974e-02,1.888843e-02
1.116176e-01,7.661301e-02,9.201144e-02,2.609718e-02,1.913533e-02,2.768911e-02,1.565738e-03,1.881050e-02,5.709372e-02,1.167696e-01,2.671856e-01,5.306966e-02,1.705703e-02,8.822519e-02,2.705935e-02
1.209454e-01,9.625228e-02,7.023996e-02,2.024608e-02,1.530735e-02,3.221579e-02,1.236731e-03,1.443884e-02,6.235478e-02,1.940308e-01,2.167723e-01,4.220422e-02,1.327259e-02,7.641644e-02,2.406643e-02
1.443137e-01,1.286757e-01,5.559678e-02,2.194770e-02,1.235204e-02,4.086659e-02,1.171152e-03,1.243603e-02,9.381010e-02,1.643202e-01,1.834837e-01,3.747895e-02,1.284011e-02,6.662685e-02,2.408027e-02
1.082463e-01,1.205789e-01,1.722968e-01,6.053069e-02,1.031551e-02,3.173310e-02,1.102449e-03,1.094808e-02,8.571456e-02,1.387836e-01,1.368935e-01,2.891764e-02,1.164738e-02,4.802081e-02,3.427052e-02
7.854041e-02,1.043588e-01,2.945409e-01,6.017373e-02,8.145317e-03,2.410742e-02,8.446298e-04,8.464080e-03,7.813417e-02,1.346415e-01,1.051122e-01,2.210831e-02,1.120577e-02,3.450971e-02,3.511325e-02
5.634904e-02,8.392156e-02,2.919577e-01,4.374082e-02,6.074962e-03,2.018212e-02,6.320058e-04,6.073344e-03,6.378745e-02,2.682086e-01,7.860625e-02,1.613548e-02,1.093845e-02,2.473189e-02,2.866041e-02
4.339881e-02,6.583336e-02,2.283459e-01,3.331297e-02,5.012430e-03,1.650379e-02,5.603895e-04,4.527446e-03,6.407084e-02,4.127623e-01,6.060843e-02,1.220429e-02,1.143333e-02,1.873520e-02,2.269050e-02
3.233895e-02,1.124328e-01,1.943348e-01,1.050042e-01,4.784795e-03,1.488314e-02,4.924525e-04,3.965961e-03,7.946419e-02,3.173804e-01,5.991357e-02,1.233407e-02,2.121250e-02,1.376642e-02,2.769179e-02
2.631169e-02,1.024722e-01,2.206432e-01,1.895455e-01,5.318590e-03,1.617813e-02,5.759421e-04,3.921307e-03,7.886255e-02,2.418549e-01,5.032187e-02,1.157050e-02,1.701737e-02,1.004337e-02,2.536296e-02
2.141142e-02,1.325009e-01,2.270247e-01,1.960506e-01,5.237726e-03,1.977060e-02,7.628382e-04,4.148507e-03,9.650058e-02,1.949382e-01,4.350623e-02,1.148657e-02,1.492736e-02,7.504459e-03,2.422936e-02
1.593832e-02,1.399456e-01,2.823530e-01,2.094103e-01,4.805093e-03,1.476160e-02,6.280476e-04,3.389731e-03,9.587079e-02,1.538191e-01,3.317906e-02,8.478195e-03,1.108586e-02,5.356071e-03,2.097931e-02
2.010071e-02,1.620175e-01,2.462704e-01,2.022180e-01,8.187677e-03,1.307323e-02,1.000923e-03,1.110017e-02,1.509067e-01,1.172440e-01,2.906581e-02,6.732748e-03,9.406690e-03,4.096269e-03,1.857919e-02
2.854619e-02,1.470659e-01,2.736485e-01,1.955476e-01,8.291001e-03,1.173510e-02,9.521242e-04,1.096596e-02,1.376658e-01,1.060290e-01,2.672599e-02,6.079621e-03,8.915357e-03,3.864255e-03,3.396753e-02
3.272629e-02,1.277497e-01,3.103144e-01,1.906827e-01,1.133669e-02,1.095826e-02,1.113775e-03,1.343440e-02,1.360024e-01,8.990103e-02,2.305401e-02,4.890150e-03,7.444532e-03,3.700302e-03,3.669141e-02
3.714272e-02,1.392316e-01,2.779335e-01,1.657324e-01,1.463179e-02,1.398736e-02,1.312689e-03,1.870345e-02,1.737327e-01,8.669519e-02,1.998140e-02,4.629452e-03,6.923966e-03,4.355410e-03,3.500634e-02
3.831339e-02,1.135012e-01,2.869900e-01,1.753808e-01,2.155931e-02,1.590914e-02,1.602161e-03,3.623091e-02,1.685264e-01,8.023995e-02,1.836823e-02,3.659577e-03,5.464736e-03,3.895422e-03,3.035882e-02
5.325530e-02,9.134588e-02,2.756470e-01,1.498370e-01,1.851910e-02,1.235992e-02,1.275383e-03,2.759981e-02,1.721852e-01,1.295194e-01,1.990791e-02,3.585364e-03,5.048033e-03,4.052345e-03,3.586224e-02
4.292522e-02,7.551483e-02,2.037877e-01,2.253510e-01,1.728119e-02,1.256930e-02,1.512943e-03,2.110864e-02,1.556499e-01,1.150945e-01,6.027994e-02,6.003601e-03,2.244544e-02,4.551273e-03,3.592443e-02
3.109115e-02,5.542750e-02,1.442641e-01,2.972648e-01,1.354390e-02,9.602435e-03,1.214700e-03,1.546201e-02,1.199430e-01,8.324072e-02,1.611191e-01,9.199943e-03,2.747042e-02,4.859818e-03,2.629654e-02
2.231190e-02,3.964971e-02,1.015277e-01,2.316681e-01,9.658949e-03,7.120274e-03,8.690731e-04,1.104356e-02,8.669934e-02,5.900708e-02,3.508680e-01,9.583370e-03,4.317530e-02,6.503382e-03,2.031425e-02
1.864644e-02,2.911102e-02,7.192887e-02,1.761564e-01,8.281130e-03,6.099401e-03,6.625110e-04,8.684831e-03,7.173879e-02,4.260932e-02,4.273964e-01,1.561077e-02,7.318109e-02,3.413219e-02,1.576078e-02
1.422803e-02,2.159644e-02,5.218515e-02,1.311759e-01,6.327994e-03,5.585586e-03,5.136556e-04,6.461395e-03,5.481503e-02,4.309993e-02,4.449813e-01,3.964921e-02,7.905900e-02,8.465500e-02,1.566638e-02
1.302833e-02,1.872412e-02,3.740834e-02,9.307957e-02,5.630947e-03,7.185332e-03,4.596207e-04,5.313198e-03,4.920128e-02,3.987311e-02,5.502915e-01,3.928638e-02,5.828094e-02,6.977779e-02,1.245951e-02
1.470655e-02,3.550605e-02,2.918074e-02,7.250111e-02,4.647810e-03,6.368870e-03,4.056550e-04,5.186413e-03,7.920703e-02,3.758217e-02,4.624019e-01,4.822556e-02,4.306323e-02,1.496501e-01,1.136678e-02
1.242173e-02,7.984421e-02,2.529185e-02,5.574652e-02,4.857793e-03,5.469128e-03,3.513093e-04,5.015033e-03,1.660495e-01,3.281386e-02,3.926055e-01,3.870974e-02,3.107654e-02,1.405430e-01,9.204312e-03
1.336132e-02,6.886802e-02,4.171930e-02,7.862453e-02,5.447356e-03,1.220784e-02,1.078094e-03,2.459499e-02,2.113457e-01,2.462188e-02,3.374159e-01,3.405994e-02,2.377928e-02,1.151938e-01,7.682174e-03
1.895776e-02,5.893942e-02,3.382311e-02,7.340106e-02,5.021454e-03,1.730857e-02,1.175140e-03,2.469639e-02,1.948571e-01,2.302938e-02,3.486954e-01,4.007075e-02,1.767994e-02,1.353016e-01,7.042938e-03
2.452988e-02,5.412710e-02,2.996472e-02,5.916747e-02,4.730165e-03,1.398873e-02,1.297983e-03,2.471616e-02,1.699776e-01,1.994162e-02,3.948786e-01,4.366250e-02,1.391451e-02,1.367210e-01,8.381967e-03
3.013888e-02,4.934746e-02,3.696533e-02,4.999124e-02,5.819249e-03,1.120452e-02,2.299855e-03,4.001469e-02,1.726787e-01,1.981615e-02,3.424033e-01,3.993163e-02,1.447892e-02,1.776796e-01,7.230456e-03
7.397499e-02,4.047059e-02,6.142414e-02,4.213956e-02,7.677332e-03,1.232700e-02,3.756474e-03,4.236589e-02,1.379084e-01,2.190135e-02,2.781077e-01,3.344665e-02,1.427101e-02,2.233689e-01,6.859975e-03
6.981864e-02,3.918194e-02,6.595424e-02,3.377015e-02,4.548638e-02,2.478120e-02,3.720595e-03,6.061601e-02,1.271974e-01,2.166834e-02,2.304699e-01,3.295585e-02,1.965413e-02,2.186787e-01,6.046544e-03
5.654118e-02,3.743569e-02,6.086051e-02,2.919539e-02,7.517394e-02,2.333450e-02,3.512344e-03,7.279392e-02,1.711095e-01,3.111346e-02,1.814696e-01,3.511547e-02,2.474436e-02,1.916355e-01,5.964594e-03
5.160967e-02,5.566949e-02,7.942181e-02,2.723624e-02,5.761901e-02,1.805874e-02,2.880144e-03,6.912342e-02,1.764119e-01,2.850755e-02,1.631635e-01,3.139177e-02,2.490398e-02,2.083521e-01,5.650737e-03
5.028997e-02,8.232823e-02,7.139005e-02,2.289271e-02,4.868259e-02,1.435213e-02,2.406906e-03,9.023933e-02,2.348752e-01,2.499977e-02,1.266880e-01,2.552930e-02,2.450544e-02,1.754398e-01,5.380603e-03
4.394855e-02,9.121752e-02,6.377320e-02,1.875531e-02,4.912526e-02,1.172468e-02,2.023153e-03,8.451148e-02,3.011187e-01,2.088429e-02,9.624235e-02,1.876684e-02,1.958634e-02,1.730578e-01,5.264525e-03
4.571370e-02,7.418673e-02,8.076376e-02,3.438414e-02,7.185035e-02,1.650049e-02,1.940710e-03,1.755388e-01,2.521869e-01,1.619953e-02,7.258543e-02,1.432027e-02,1.547634e-02,1.243556e-01,3.997202e-03
5.348481e-02,5.758711e-02,6.417213e-02,3.302145e-02,1.571804e-01,1.692592e-02,3.362658e-03,1.766966e-01,2.465332e-01,1.401535e-02,5.707525e-02,1.086111e-02,1.280186e-02,9.286711e-02,3.415090e-03
1.860567e-01,4.848451e-02,5.973672e-02,3.860341e-02,1.382449e-01,1.885349e-02,4.061267e-03,1.422255e-01,1.884234e-01,1.438702e-02,5.265405e-02,1.183616e-02,1.093303e-02,7.936635e-02,6.133477e-03
2.404404e-01,4.470419e-02,5.210118e-02,5.901510e-02,1.174452e-01,1.576347e-02,4.781555e-03,1.483791e-01,1.624767e-01,1.241236e-02,4.408417e-02,1.659582e-02,1.207065e-02,5.948701e-02,1.024316e-02
1.877950e-01,4.002555e-02,5.417915e-02,2.278893e-01,8.832841e-02,1.171273e-02,3.482177e-03,1.075571e-01,1.361072e-01,1.074494e-02,5.070271e-02,1.727334e-02,1.119603e-02,4.207264e-02,1.093373e-02
1.469692e-01,4.042229e-02,4.946451e-02,2.593495e-01,6.500566e-02,8.794758e-03,2.665927e-03,7.671240e-02,2.062020e-01,8.387537e-03,6.405955e-02,1.951888e-02,1.014246e-02,3.013225e-02,1.217313e-02
1.708463e-01,3.070664e-02,3.596785e-02,2.155142e-01,4.827585e-02,7.174315e-03,2.236132e-03,5.680200e-02,1.532983e-01,7.535350e-03,1.871391e-01,2.517875e-02,2.447136e-02,2.435767e-02,1.049620e-02
2.502431e-01,2.305773e-02,2.608441e-02,1.601489e-01,3.557122e-02,5.757764e-03,1.929501e-03,4.490903e-02,1.171701e-01,6.690018e-03,2.193261e-01,3.905208e-02,3.508166e-02,2.571549e-02,9.262933e-03
2.209561e-01,2.111382e-02,2.255623e-02,1.259828e-01,2.580497e-02,5.939261e-03,1.548391e-03,4.055585e-02,1.036311e-01,2.765810e-02,2.203467e-01,4.587893e-02,4.938535e-02,7.249478e-02,1.614752e-02
1.724749e-01,2.256183e-02,3.817788e-02,1.193176e-01,2.190332e-02,5.803009e-03,1.359981e-03,3.477956e-02,1.046459e-01,2.481688e-02,2.182635e-01,4.342293e-02,5.310586e-02,1.205031e-01,1.886380e-02
1.529754e-01,2.238428e-02,3.361990e-02,1.135692e-01,1.748286e-02,6.087419e-03,1.258905e-03,2.840582e-02,1.004274e-01,2.260127e-02,1.850028e-01,3.805118e-02,4.295444e-02,1.963495e-01,3.882967e-02
1.223382e-01,2.303574e-02,4.201958e-02,1.003664e-01,1.599128e-02,6.212463e-03,1.475122e-03,2.596493e-02,1.061252e-01,5.176248e-02,1.554781e-01,2.921041e-02,3.392451e-02,2.476711e-01,3.842457e-02
1.070925e-01,3.149443e-02,7.020310e-02,1.289440e-01,1.528345e-02,9.465700e-03,1.752182e-03,2.713836e-02,1.197073e-01,4.783913e-02,1.302943e-01,2.326994e-02,3.062552e-02,2.195275e-01,3.736258e-02
8.339093e-02,5.498863e-02,6.697302e-02,1.155237e-01,1.337560e-02,9.371856e-03,1.476666e-03,3.123716e-02,1.405926e-01,9.886876e-02,1.085901e-01,1.909186e-02,2.689439e-02,1.897934e-01,3.983134e-02
6.349604e-02,7.199735e-02,6.240884e-02,9.221008e-02,1.904574e-02,8.463047e-03,1.235647e-03,4.484447e-02,2.275901e-01,9.295715e-02,8.714644e-02,1.638189e-02,2.279723e-02,1.515644e-01,3.786166e-02
4.814465e-02,5.816979e-02,6.456244e-02,2.430786e-01,2.217271e-02,6.935184e-03,1.101049e-03,5.231620e-02,2.070956e-01,6.795128e-02,6.434903e-02,1.197527e-02,1.675538e-02,1.073226e-01,2.807027e-02
4.601938e-02,5.157590e-02,7.968520e-02,2.347375e-01,3.279044e-02,9.265594e-03,1.396798e-03,5.504224e-02,2.605786e-01,5.933515e-02,4.930893e-02,8.899882e-03,1.258642e-02,7.787248e-02,2.090549e-02
3.437635e-02,3.805787e-02,6.938955e-02,4.257976e-01,3.076669e-02,7.092085e-03,1.274413e-03,4.078038e-02,1.903273e-01,4.194204e-02,3.541046e-02,6.344683e-03,8.950437e-03,5.455404e-02,1.493619e-02
2.906268e-02,2.806806e-02,6.808145e-02,5.435988e-01,3.021549e-02,5.785277e-03,1.286164e-03,3.027245e-02,1.466265e-01,3.047934e-02,2.641956e-02,4.545025e-03,6.399278e-03,3.829684e-02,1.086308e-02
3.813690e-02,2.251193e-02,9.954346e-02,5.665483e-01,3.981678e-02,6.004675e-03,1.695107e-03,2.860295e-02,1.115205e-01,2.208060e-02,2.007344e-02,3.592971e-03,4.852033e-03,2.684867e-02,8.171733e-03
6.585976e-02,2.109401e-02,1.406181e-01,5.222459e-01,5.589072e-02,6.467158e-03,2.798925e-03,3.180987e-02,8.793216e-02,1.676037e-02,1.618424e-02,2.860518e-03,3.802504e-03,1.893244e-02,6.743331e-03
9.398247e-02,2.573676e-02,1.858014e-01,3.966846e-01,1.168873e-01,9.336364e-03,5.061617e-03,3.154859e-02,7.721440e-02,1.961454e-02,1.302306e-02,2.207338e-03,2.989147e-03,1.381485e-02,6.097610e-03
1.524007e-01,4.929424e-02,1.536524e-01,3.166083e-01,1.420222e-01,1.282293e-02,5.740421e-03,3.504363e-02,7.132620e-02,1.719621e-02,1.123350e-02,4.073747e-03,3.724307e-03,1.148589e-02,1.337540e-02
1.251958e-01,5.478199e-02,1.120617e-01,3.990988e-01,1.289493e-01,2.817631e-02,5.452491e-03,3.715727e-02,5.506000e-02,1.505384e-02,1.017370e-02,3.519172e-03,3.009569e-03,8.275369e-03,1.403474e-02
1.183609e-01,5.331478e-02,8.734136e-02,3.118990e-01,1.692919e-01,4.723343e-02,7.549168e-03,1.141285e-01,4.641324e-02,1.209122e-02,8.356644e-03,3.180345e-03,3.628922e-03,5.938730e-03,1.127190e-02
1.807722e-01,6.228184e-02,7.712599e-02,2.330762e-01,1.824733e-01,5.915039e-02,7.108154e-03,9.279419e-02,5.894562e-02,1.056076e-02,7.469316e-03,4.315465e-03,7.947883e-03,5.134454e-03,1.084422e-02
2.743275e-01,7.262450e-02,7.884491e-02,1.760444e-01,1.536036e-01,6.350049e-02,6.040492e-03,6.904244e-02,5.163632e-02,1.027594e-02,6.745814e-03,5.839832e-03,1.357920e-02,5.727128e-03,1.216746e-02
3.398576e-01,7.868604e-02,7.653790e-02,1.346778e-01,1.401659e-01,5.947681e-02,4.808662e-03,5.220504e-02,4.918424e-02,1.416272e-02,6.224272e-03,6.056501e-03,1.638834e-02,7.370940e-03,1.419718e-02
4.700648e-01,5.974755e-02,6.274001e-02,1.004686e-01,1.097749e-01,5.495163e-02,4.009780e-03,4.044263e-02,3.743528e-02,1.297582e-02,6.187627e-03,6.268784e-03,1.340201e-02,6.820915e-03,1.470979e-02
1.000000e+00,0.000000e+00,0.000000e+00,0.000000e+00,0.000000e+00,0.000000e+00,0.000000e+00,0.000000e+00,0.000000e+00,0.000000e+00,0.000000e+00,0.000000e+00,0.000000e+00,0.000000e+00,0.000000e+00
1.000000e+00,0.000000e+00,0.000000e+00,0.000000e+00,0.000000e+00,0.000000e+00,0.000000e+00,0.000000e+00,0.000000e+00,0.000000e+00,0.000000e+00,0.000000e+00,0.000000e+00,0.000000e+00,0.000000e+00
1.000000e+00,0.000000e+00,0.000000e+00,0.000000e+00,0.000000e+00,0.000000e+00,0.000000e+00,0.000000e+00,0.000000e+00,0.000000e+00,0.000000e+00,0.000000e+00,0.000000e+00,0.000000e+00,0.000000e+00
1.000000e+00,0.000000e+00,0.000000e+00,0.000000e+00,0.000000e+00,0.000000e+00,0.000000e+00,0.000000e+00,0.000000e+00,0.000000e+00,0.000000e+00,0.000000e+00,0.000000e+00,0.000000e+00,0.000000e+00
1.000000e+00,0.000000e+00,0.000000e+00,0.000000e+00,0.000000e+00,0.000000e+00,0.000000e+00,0.000000e+00,0.000000e+00,0.000000e+00,0.000000e+00,0.000000e+00,0.000000e+00,0.000000e+00,0.000000e+00
1.000000e+00,0.000000e+00,0.000000e+00,0.000000e+00,0.000000e+00,0.000000e+00,0.000000e+00,0.000000e+00,0.000000e+00,0.000000e+00,0.000000e+00,0.000000e+00,0.000000e+00,0.000000e+00,0.000000e+00
1.000000e+00,0.000000e+00,0.000000e+00,0.000000e+00,0.000000e+00,0.000000e+00,0.000000e+00,0.000000e+00,0.000000e+00,0.000000e+00,0.000000e+00,0.000000e+00,0.000000e+00,0.000000e+00,0.000000e+00
4.582305e-01,1.783855e-02,3.496049e-02,3.459991e-02,1.148851e-02,8.553565e-02,1.510395e-03,8.435004e-03,8.231942e-02,1.179031e-01,3.067116e-02,1.265218e-02,8.004341e-03,1.826133e-02,7.758942e-02
3.228461e-01,1.339368e-02,2.477740e-02,2.465254e-02,8.073725e-03,6.678935e-02,1.101965e-03,6.009442e-03,7.883227e-02,1.115054e-01,3.480287e-02,9.503086e-03,9.121115e-03,2.216618e-02,2.664250e-01
2.268400e-01,1.142322e-02,1.866257e-02,1.870418e-02,5.757943e-03,4.998489e-02,8.249871e-04,4.252916e-03,8.185095e-02,1.145910e-01,3.053663e-02,7.563009e-03,8.983639e-03,1.765838e-02,4.023657e-01
1.591451e-01,1.016887e-02,1.499678e-02,1.509089e-02,4.148473e-03,3.601637e-02,6.098296e-04,3.115103e-03,6.696650e-02,9.070638e-02,3.249669e-02,6.174176e-03,8.647550e-03,1.572256e-02,5.359948e-01
1.125013e-01,1.264399e-02,1.477256e-02,1.644238e-02,3.409551e-03,3.508714e-02,5.260936e-04,2.313867e-03,7.436817e-02,6.958357e-02,2.670827e-02,5.702738e-03,9.100398e-03,1.244693e-02,6.043931e-01
8.045664e-02,1.043158e-02,1.234231e-02,1.333890e-02,2.531078e-03,3.206773e-02,4.739833e-04,1.705482e-03,5.728263e-02,5.208441e-02,2.514394e-02,5.710909e-03,9.075668e-03,1.162261e-02,6.857322e-01
