1.000000e+00,0.000000e+00,0.000000e+00,0.000000e+00,0.000000e+00,0.000000e+00,0.000000e+00,0.000000e+00,0.000000e+00,0.000000e+00,0.000000e+00,0.000000e+00,0.000000e+00,0.000000e+00,0.000000e+00
1.000000e+00,0.000000e+00,0.000000e+00,0.000000e+00,0.000000e+00,0.000000e+00,0.000000e+00,0.000000e+00,0.000000e+00,0.000000e+00,0.000000e+00,0.000000e+00,0.000000e+00,0.000000e+00,0.000000e+00
1.000000e+00,0.000000e+00,0.000000e+00,0.000000e+00,0.000000e+00,0.000000e+00,0.000000e+00,0.000000e+00,0.000000e+00,0.000000e+00,0.000000e+00,0.000000e+00,0.000000e+00,0.000000e+00,0.000000e+00
1.000000e+00,0.000000e+00,0.000000e+00,0.000000e+00,0.000000e+00,0.000000e+00,0.000000e+00,0.000000e+00,0.000000e+00,0.000000e+00,0.000000e+00,0.000000e+00,0.000000e+00,0.000000e+00,0.000000e+00
1.000000e+00,0.000000e+00,0.000000e+00,0.000000e+00,0.000000e+00,0.000000e+00,0.000000e+00,0.000000e+00,0.000000e+00,0.000000e+00,0.000000e+00,0.000000e+00,0.000000e+00,0.000000e+00,0.000000e+00
1.000000e+00,0.000000e+00,0.000000e+00,0.000000e+00,0.000000e+00,0.000000e+00,0.000000e+00,0.000000e+00,0.000000e+00,0.000000e+00,0.000000e+00,0.000000e+00,0.000000e+00,0.000000e+00,0.000000e+00
1.000000e+00,0.000000e+00,0.000000e+00,0.000000e+00,0.000000e+00,0.000000e+00,0.000000e+00,0.000000e+00,0.000000e+00,0.000000e+00,0.000000e+00,0.000000e+00,0.000000e+00,0.000000e+00,0.000000e+00
1.000000e+00,0.000000e+00,0.000000e+00,0.000000e+00,0.000000e+00,0.000000e+00,0.000000e+00,0.000000e+00,0.000000e+00,0.000000e+00,0.000000e+00,0.000000e+00,0.000000e+00,0.000000e+00,0.000000e+00
1.000000e+00,0.000000e+00,0.000000e+00,0.000000e+00,0.000000e+00,0.000000e+00,0.000000e+00,0.000000e+00,0.000000e+00,0.000000e+00,0.000000e+00,0.000000e+00,0.000000e+00,0.000000e+00,0.000000e+00
1.000000e+00,0.000000e+00,0.000000e+00,0.000000e+00,0.000000e+00,0.000000e+00,0.000000e+00,0.000000e+00,0.000000e+00,0.000000e+00,0.000000e+00,0.000000e+00,0.000000e+00,0.000000e+00,0.000000e+00
1.000000e+00,0.000000e+00,0.000000e+00,0.000000e+00,0.000000e+00,0.000000e+00,0.000000e+00,0.000000e+00,0.000000e+00,0.000000e+00,0.000000e+00,0.000000e+00,0.000000e+00,0.000000e+00,0.000000e+00
1.000000e+00,0.000000e+00,0.000000e+00,0.000000e+00,0.000000e+00,0.000000e+00,0.000000e+00,0.000000e+00,0.000000e+00,0.000000e+00,0.000000e+00,0.000000e+00,0.000000e+00,0.000000e+00,0.000000e+00
1.000000e+00,0.000000e+00,0.000000e+00,0.000000e+00,0.000000e+00,0.000000e+00,0.000000e+00,0.000000e+00,0.000000e+00,0.000000e+00,0.000000e+00,0.000000e+00,0.000000e+00,0.000000e+00,0.000000e+00
1.000000e+00,0.000000e+00,0.000000e+00,0.000000e+00,0.000000e+00,0.000000e+00,0.000000e+00,0.000000e+00,0.000000e+00,0.000000e+00,0.000000e+00,0.000000e+00,0.000000e+00,0.000000e+00,0.000000e+00
1.000000e+00,0.000000e+00,0.000000e+00,0.000000e+00,0.000000e+00,0.000000e+00,0.000000e+00,0.000000e+00,0.000000e+00,0.000000e+00,0.000000e+00,0.000000e+00,0.000000e+00,0.000000e+00,0.000000e+00
1.000000e+00,0.000000e+00,0.000000e+00,0.000000e+00,0.000000e+00,0.000000e+00,0.000000e+00,0.000000e+00,0.000000e+00,0.000000e+00,0.000000e+00,0.000000e+00,0.000000e+00,0.000000e+00,0.000000e+00
1.000000e+00,0.000000e+00,0.000000e+00,0.000000e+00,0.000000e+00,0.000000e+00,0.000000e+00,0.000000e+00,0.000000e+00,0.000000e+00,0.000000e+00,0.000000e+00,0.000000e+00,0.000000e+00,0.000000e+00
1.000000e+00,0.000000e+00,0.000000e+00,0.000000e+00,0.000000e+00,0.000000e+00,0.000000e+00,0.000000e+00,0.000000e+00,0.000000e+00,0.000000e+00,0.000000e+00,0.000000e+00,0.000000e+00,0.000000e+00
1.000000e+00,0.000000e+00,0.000000e+00,0.000000e+00,0.000000e+00,0.000000e+00,0.000000e+00,0.000000e+00,0.000000e+00,0.000000e+00,0.000000e+00,0.000000e+00,0.000000e+00,0.000000e+00,0.000000e+00
1.000000e+00,0.000000e+00,0.000000e+00,0.000000e+00,0.000000e+00,0.000000e+00,0.000000e+00,0.000000e+00,0.000000e+00,0.000000e+00,0.000000e+00,0.000000e+00,0.000000e+00,0.000000e+00,0.000000e+00
1.000000e+00,0.000000e+00,0.000000e+00,0.000000e+00,0.000000e+00,0.000000e+00,0.000000e+00,0.000000e+00,0.000000e+00,0.000000e+00,0.000000e+00,0.000000e+00,0.000000e+00,0.000000e+00,0.000000e+00
1.000000e+00,0.000000e+00,0.000000e+00,0.000000e+00,0.000000e+00,0.000000e+00,0.000000e+00,0.000000e+00,0.000000e+00,0.000000e+00,0.000000e+00,0.000000e+00,0.000000e+00,0.000000e+00,0.000000e+00
1.000000e+00,0.000000e+00,0.000000e+00,0.000000e+00,0.000000e+00,0.000000e+00,0.000000e+00,0.000000e+00,0.000000e+00,0.000000e+00,0.000000e+00,0.000000e+00,0.000000e+00,0.000000e+00,0.000000e+00
1.000000e+00,0.000000e+00,0.000000e+00,0.000000e+00,0.000000e+00,0.000000e+00,0.000000e+00,0.000000e+00,0.000000e+00,0.000000e+00,0.000000e+00,0.000000e+00,0.000000e+00,0.000000e+00,0.000000e+00
1.000000e+00,0.000000e+00,0.000000e+00,0.000000e+00,0.000000e+00,0.000000e+00,0.000000e+00,0.000000e+00,0.000000e+00,0.000000e+00,0.000000e+00,0.000000e+00,0.000000e+00,0.000000e+00,0.000000e+00
1.000000e+00,0.000000e+00,0.000000e+00,0.000000e+00,0.000000e+00,0.000000e+00,0.000000e+00,0.000000e+00,0.000000e+00,0.000000e+00,0.000000e+00,0.000000e+00,0.000000e+00,0.000000e+00,0.000000e+00
1.000000e+00,0.000000e+00,0.000000e+00,0.000000e+00,0.000000e+00,0.000000e+00,0.000000e+00,0.000000e+00,0.000000e+00,0.000000e+00,0.000000e+00,0.000000e+00,0.000000e+00,0.000000e+00,0.000000e+00
1.000000e+00,0.000000e+00,0.000000e+00,0.000000e+00,0.000000e+00,0.000000e+00,0.000000e+00,0.000000e+00,0.000000e+00,0.000000e+00,0.000000e+00,0.000000e+00,0.000000e+00,0.000000e+00,0.000000e+00
1.000000e+00,0.000000e+00,0.000000e+00,0.000000e+00,0.000000e+00,0.000000e+00,0.000000e+00,0.000000e+00,0.000000e+00,0.000000e+00,0.000000e+00,0.000000e+00,0.000000e+00,0.000000e+00,0.000000e+00
1.000000e+00,0.000000e+00,0.000000e+00,0.000000e+00,0.000000e+00,0.000000e+00,0.000000e+00,0.000000e+00,0.000000e+00,0.000000e+00,0.000000e+00,0.000000e+00,0.000000e+00,0.000000e+00,0.000000e+00
1.000000e+00,0.000000e+00,0.000000e+00,0.000000e+00,0.000000e+00,0.000000e+00,0.000000e+00,0.000000e+00,0.000000e+00,0.000000e+00,0.000000e+00,0.000000e+00,0.000000e+00,0.000000e+00,0.000000e+00
1.000000e+00,0.000000e+00,0.000000e+00,0.000000e+00,0.000000e+00,0.000000e+00,0.000000e+00,0.000000e+00,0.000000e+00,0.000000e+00,0.000000e+00,0.000000e+00,0.000000e+00,0.000000e+00,0.000000e+00
1.000000e+00,0.000000e+00,0.000000e+00,0.000000e+00,0.000000e+00,0.000000e+00,0.000000e+00,0.000000e+00,0.000000e+00,0.000000e+00,0.000000e+00,0.000000e+00,0.000000e+00,0.000000e+00,0.000000e+00
1.000000e+00,0.000000e+00,0.000000e+00,0.000000e+00,0.000000e+00,0.000000e+00,0.000000e+00,0.000000e+00,0.000000e+00,0.000000e+00,0.000000e+00,0.000000e+00,0.000000e+00,0.000000e+00,0.000000e+00
1.000000e+00,0.000000e+00,0.000000e+00,0.000000e+00,0.000000e+00,0.000000e+00,0.000000e+00,0.000000e+00,0.000000e+00,0.000000e+00,0.000000e+00,0.000000e+00,0.000000e+00,0.000000e+00,0.000000e+00
1.000000e+00,0.000000e+00,0.000000e+00,0.000000e+00,0.000000e+00,0.000000e+00,0.000000e+00,0.000000e+00,0.000000e+00,0.000000e+00,0.000000e+00,0.000000e+00,0.000000e+00,0.000000e+00,0.000000e+00
1.000000e+00,0.000000e+00,0.000000e+00,0.000000e+00,0.000000e+00,0.000000e+00,0.000000e+00,0.000000e+00,0.000000e+00,0.000000e+00,0.000000e+00,0.000000e+00,0.000000e+00,0.000000e+00,0.000000e+00
1.000000e+00,0.000000e+00,0.000000e+00,0.000000e+00,0.000000e+00,0.000000e+00,0.000000e+00,0.000000e+00,0.000000e+00,0.000000e+00,0.000000e+00,0.000000e+00,0.000000e+00,0.000000e+00,0.000000e+00
1.000000e+00,0.000000e+00,0.000000e+00,0.000000e+00,0.000000e+00,0.000000e+00,0.000000e+00,0.000000e+00,0.000000e+00,0.000000e+00,0.000000e+00,0.000000e+00,0.000000e+00,0.000000e+00,0.000000e+00
1.000000e+00,0.000000e+00,0.000000e+00,0.000000e+00,0.000000e+00,0.000000e+00,0.000000e+00,0.000000e+00,0.000000e+00,0.000000e+00,0.000000e+00,0.000000e+00,0.000000e+00,0.000000e+00,0.000000e+00
1.000000e+00,0.000000e+00,0.000000e+00,0.000000e+00,0.000000e+00,0.000000e+00,0.000000e+00,0.000000e+00,0.000000e+00,0.000000e+00,0.000000e+00,0.000000e+00,0.000000e+00,0.000000e+00,0.000000e+00
1.000000e+00,0.000000e+00,0.000000e+00,0.000000e+00,0.000000e+00,0.000000e+00,0.000000e+00,0.000000e+00,0.000000e+00,0.000000e+00,0.000000e+00,0.000000e+00,0.000000e+00,0.000000e+00,0.000000e+00
1.000000e+00,0.000000e+00,0.000000e+00,0.000000e+00,0.000000e+00,0.000000e+00,0.000000e+00,0.000000e+00,0.000000e+00,0.000000e+00,0.000000e+00,0.000000e+00,0.000000e+00,0.000000e+00,0.000000e+00
1.000000e+00,0.000000e+00,0.000000e+00,0.000000e+00,0.000000e+00,0.000000e+00,0.000000e+00,0.000000e+00,0.000000e+00,0.000000e+00,0.000000e+00,0.000000e+00,0.000000e+00,0.000000e+00,0.000000e+00
1.000000e+00,0.000000e+00,0.000000e+00,0.000000e+00,0.000000e+00,0.000000e+00,0.000000e+00,0.000000e+00,0.000000e+00,0.000000e+00,0.000000e+00,0.000000e+00,0.000000e+00,0.000000e+00,0.000000e+00
1.000000e+00,0.000000e+00,0.000000e+00,0.000000e+00,0.000000e+00,0.000000e+00,0.000000e+00,0.000000e+00,0.000000e+00,0.000000e+00,0.000000e+00,0.000000e+00,0.000000e+00,0.000000e+00,0.000000e+00
1.000000e+00,0.000000e+00,0.000000e+00,0.000000e+00,0.000000e+00,0.000000e+00,0.000000e+00,0.000000e+00,0.000000e+00,0.000000e+00,0.000000e+00,0.000000e+00,0.000000e+00,0.000000e+00,0.000000e+00
1.000000e+00,0.000000e+00,0.000000e+00,0.000000e+00,0.000000e+00,0.000000e+00,0.000000e+00,0.000000e+00,0.000000e+00,0.000000e+00,0.000000e+00,0.000000e+00,0.000000e+00,0.000000e+00,0.000000e+00
1.000000e+00,0.000000e+00,0.000000e+00,0.000000e+00,0.000000e+00,0.000000e+00,0.000000e+00,0.000000e+00,0.000000e+00,0.000000e+00,0.000000e+00,0.000000e+00,0.000000e+00,0.000000e+00,0.000000e+00
1.000000e+00,0.000000e+00,0.000000e+00,0.000000e+00,0.000000e+00,0.000000e+00,0.000000e+00,0.000000e+00,0.000000e+00,0.000000e+00,0.000000e+00,0.000000e+00,0.000000e+00,0.000000e+00,0.000000e+00
1.000000e+00,0.000000e+00,0.000000e+00,0.000000e+00,0.000000e+00,0.000000e+00,0.000000e+00,0.000000e+00,0.000000e+00,0.000000e+00,0.000000e+00,0.000000e+00,0.000000e+00,0.000000e+00,0.000000e+00
1.000000e+00,0.000000e+00,0.000000e+00,0.000000e+00,0.000000e+00,0.000000e+00,0.000000e+00,0.000000e+00,0.000000e+00,0.000000e+00,0.000000e+00,0.000000e+00,0.000000e+00,0.000000e+00,0.000000e+00
1.000000e+00,0.000000e+00,0.000000e+00,0.000000e+00,0.000000e+00,0.000000e+00,0.000000e+00,0.000000e+00,0.000000e+00,0.000000e+00,0.000000e+00,0.000000e+00,0.000000e+00,0.000000e+00,0.000000e+00
1.000000e+00,0.000000e+00,0.000000e+00,0.000000e+00,0.000000e+00,0.000000e+00,0.000000e+00,0.000000e+00,0.000000e+00,0.000000e+00,0.000000e+00,0.000000e+00,0.000000e+00,0.000000e+00,0.000000e+00
1.000000e+00,0.000000e+00,0.000000e+00,0.000000e+00,0.000000e+00,0.000000e+00,0.000000e+00,0.000000e+00,0.000000e+00,0.000000e+00,0.000000e+00,0.000000e+00,0.000000e+00,0.000000e+00,0.000000e+00
1.000000e+00,0.000000e+00,0.000000e+00,0.000000e+00,0.000000e+00,0.000000e+00,0.000000e+00,0.000000e+00,0.000000e+00,0.000000e+00,0.000000e+00,0.000000e+00,0.000000e+00,0.000000e+00,0.000000e+00
1.000000e+00,0.000000e+00,0.000000e+00,0.000000e+00,0.000000e+00,0.000000e+00,0.000000e+00,0.000000e+00,0.000000e+00,0.000000e+00,0.000000e+00,0.000000e+00,0.000000e+00,0.000000e+00,0.000000e+00
1.000000e+00,0.000000e+00,0.000000e+00,0.000000e+00,0.000000e+00,0.000000e+00,0.000000e+00,0.000000e+00,0.000000e+00,0.000000e+00,0.000000e+00,0.000000e+00,0.000000e+00,0.000000e+00,0.000000e+00
1.000000e+00,0.000000e+00,0.000000e+00,0.000000e+00,0.000000e+00,0.000000e+00,0.000000e+00,0.000000e+00,0.000000e+00,0.000000e+00,0.000000e+00,0.000000e+00,0.000000e+00,0.000000e+00,0.000000e+00
1.000000e+00,0.000000e+00,0.000000e+00,0.000000e+00,0.000000e+00,0.000000e+00,0.000000e+00,0.000000e+00,0.000000e+00,0.000000e+00,0.000000e+00,0.000000e+00,0.000000e+00,0.000000e+00,0.000000e+00
1.000000e+00,0.000000e+00,0.000000e+00,0.000000e+00,0.000000e+00,0.000000e+00,0.000000e+00,0.000000e+00,0.000000e+00,0.000000e+00,0.000000e+00,0.000000e+00,0.000000e+00,0.000000e+00,0.000000e+00
1.000000e+00,0.000000e+00,0.000000e+00,0.000000e+00,0.000000e+00,0.000000e+00,0.000000e+00,0.000000e+00,0.000000e+00,0.000000e+00,0.000000e+00,0.000000e+00,0.000000e+00,0.000000e+00,0.000000e+00
4.876573e-01,3.097793e-02,1.974274e-02,7.063511e-02,7.861942e-03,4.404742e-02,2.802418e-03,5.035506e-03,1.799705e-02,3.221489e-02,4.491240e-02,1.314994e-01,4.418478e-02,3.826190e-03,5.660491e-02
3.414437e-01,2.579043e-02,1.476721e-02,5.105198e-02,5.558979e-03,3.329711e-02,2.033062e-03,3.534577e-03,1.946126e-02,3.744509e-02,3.577221e-02,1.064646e-01,3.617837e-02,5.756494e-03,2.814450e-01
2.395119e-01,2.302037e-02,1.229459e-02,4.305676e-02,4.498289e-03,5.392369e-02,1.663159e-03,2.559456e-03,3.838882e-02,6.166118e-02,7.605735e-02,1.736593e-01,4.069189e-02,1.067526e-02,2.183380e-01
1.680413e-01,2.706931e-02,8.798541e-03,3.126536e-02,3.233753e-03,4.056005e-02,1.199612e-03,2.048342e-03,7.565685e-02,6.380814e-02,8.968935e-02,2.749309e-01,3.769729e-02,1.122816e-02,1.647730e-01
1.180961e-01,2.603085e-02,6.480325e-03,2.324705e-02,2.440461e-03,3.094957e-02,8.599973e-04,1.681060e-03,1.280172e-01,6.133251e-02,9.571617e-02,3.196942e-01,2.965606e-02,2.678655e-02,1.290120e-01
8.436525e-02,4.228553e-02,5.188069e-03,1.934531e-02,2.044509e-03,2.501154e-02,6.826058e-04,1.707175e-03,1.472893e-01,6.391925e-02,1.193089e-01,2.508303e-01,2.166278e-02,1.176603e-01,9.869914e-02
6.098890e-02,4.384189e-02,3.837151e-03,1.452573e-02,1.763348e-03,2.246942e-02,5.451659e-04,1.634993e-03,1.380040e-01,6.425599e-02,1.522972e-01,2.457560e-01,1.659144e-02,1.559187e-01,7.756993e-02
4.367542e-02,3.706019e-02,2.797110e-03,1.124982e-02,1.890174e-03,1.656292e-02,4.627554e-04,1.311382e-03,1.422671e-01,4.878484e-02,2.257075e-01,2.729331e-01,1.374271e-02,1.247967e-01,5.675834e-02
3.106368e-02,3.221446e-02,2.028110e-03,8.293677e-03,2.247232e-03,1.238518e-02,3.947312e-04,1.133825e-03,1.677604e-01,3.713201e-02,3.045048e-01,2.518365e-01,1.255618e-02,9.536235e-02,4.108693e-02
2.319055e-02,2.745393e-02,1.607365e-03,6.455516e-03,3.293213e-03,1.209724e-02,5.627595e-04,1.537440e-03,1.747613e-01,3.279140e-02,3.019410e-01,2.883511e-01,1.160681e-02,8.401506e-02,3.033532e-02
1.756132e-02,2.631596e-02,1.587330e-03,5.095197e-03,5.638720e-03,1.038224e-02,7.173987e-04,1.751616e-03,2.116562e-01,2.755424e-02,3.527126e-01,2.364079e-01,1.140426e-02,6.727635e-02,2.393865e-02
1.445139e-02,3.727673e-02,1.718443e-03,4.317967e-03,6.880940e-03,9.043751e-03,9.358306e-04,2.971849e-03,2.930976e-01,2.313913e-02,3.249385e-01,1.985348e-01,1.039467e-02,5.291329e-02,1.938516e-02
1.128144e-02,3.315498e-02,1.356845e-03,3.227327e-03,5.301559e-03,7.246901e-03,7.374803e-04,2.282222e-03,2.459318e-01,2.107761e-02,3.280712e-01,2.735604e-01,1.184131e-02,4.038617e-02,1.454278e-02
9.905372e-03,2.924734e-02,1.123140e-03,2.579341e-03,7.485430e-03,1.384661e-02,9.804533e-04,2.290264e-03,3.280393e-01,1.744896e-02,3.012246e-01,2.264374e-01,1.836032e-02,3.022950e-02,1.080204e-02
9.270809e-03,2.745103e-02,9.470803e-04,2.218811e-03,7.506529e-03,4.096126e-02,9.626802e-04,2.669654e-03,2.946678e-01,1.922972e-02,3.145758e-01,2.160456e-01,3.201115e-02,2.306589e-02,8.416150e-03
7.497041e-03,3.222306e-02,1.037579e-03,1.705862e-03,1.024665e-02,4.818933e-02,8.447541e-04,3.124509e-03,2.803291e-01,1.407383e-02,3.062770e-01,2.395479e-01,3.204306e-02,1.677054e-02,6.089827e-03
5.962693e-03,3.479457e-02,1.075425e-03,1.291654e-03,1.211430e-02,4.935184e-02,8.122993e-04,2.924768e-03,2.558498e-01,1.047851e-02,2.819472e-01,2.875274e-01,3.910507e-02,1.236651e-02,4.397881e-03
5.955874e-03,3.340133e-02,1.187915e-03,1.005752e-03,1.772328e-02,4.391304e-02,6.792724e-04,3.277490e-03,2.271980e-01,8.014790e-03,2.290720e-01,3.860379e-01,3.014963e-02,9.195356e-03,3.188340e-03
8.044889e-03,3.546557e-02,2.158100e-03,8.319067e-04,2.273150e-02,3.700848e-02,5.668496e-04,4.162072e-03,2.237221e-01,6.128844e-03,1.869307e-01,4.350529e-01,2.581036e-02,9.005844e-03,2.379894e-03
8.941787e-03,2.725155e-02,1.916451e-03,6.773914e-04,3.255803e-02,3.015558e-02,4.741212e-04,4.766103e-03,1.711037e-01,4.458581e-03,1.617867e-01,5.241656e-01,2.091322e-02,9.117874e-03,1.713330e-03
1.741744e-02,2.513153e-02,7.938539e-03,7.378014e-04,7.426808e-02,2.321559e-02,7.246409e-04,2.588706e-02,1.414169e-01,3.474720e-03,1.229559e-01,5.213838e-01,2.501791e-02,9.096632e-03,1.333509e-03
2.198500e-02,2.056382e-02,8.272118e-03,6.720981e-04,6.855725e-02,1.913631e-02,6.994734e-04,3.365778e-02,1.084873e-01,2.714416e-03,9.395294e-02,5.861092e-01,2.518600e-02,8.990312e-03,1.016035e-03
3.403234e-02,1.533315e-02,8.168451e-03,7.868975e-04,6.229519e-02,1.591929e-02,8.729853e-04,3.272277e-02,8.110341e-02,2.455000e-03,7.440085e-02,6.349765e-01,2.629524e-02,9.793182e-03,8.447996e-04
7.118573e-02,1.152167e-02,1.679837e-02,1.267918e-03,7.381187e-02,1.434893e-02,2.795466e-03,4.346579e-02,6.381565e-02,3.663540e-03,6.290211e-02,5.750343e-01,4.453917e-02,1.405488e-02,7.946747e-04
7.926512e-02,9.282129e-03,1.745716e-02,1.220096e-03,7.001798e-02,1.160286e-02,4.022439e-03,4.069687e-02,4.837746e-02,3.498703e-03,5.077461e-02,6.091414e-01,4.105552e-02,1.284698e-02,7.406994e-04
9.126495e-02,9.150198e-03,2.940551e-02,1.767697e-03,9.374760e-02,1.092256e-02,7.924012e-03,6.170373e-02,3.973059e-02,3.146481e-03,4.344752e-02,5.469846e-01,4.959450e-02,1.045167e-02,7.584519e-04
1.003613e-01,1.197771e-02,2.694776e-02,1.799471e-03,8.303495e-02,1.157773e-02,1.100036e-02,4.897267e-02,3.567152e-02,3.260696e-03,3.308512e-02,5.799507e-01,4.312809e-02,8.305332e-03,9.266010e-04
1.056084e-01,1.009677e-02,3.356219e-02,2.681846e-03,8.067902e-02,1.139504e-02,1.889485e-02,1.135470e-01,3.086708e-02,3.056642e-03,2.696697e-02,4.813581e-01,7.403220e-02,6.415105e-03,8.387749e-04
1.116197e-01,8.884041e-03,2.647502e-02,3.115075e-03,6.268034e-02,1.497441e-02,1.599859e-02,8.606941e-02,3.842796e-02,3.445011e-03,2.509222e-02,3.941409e-01,2.023331e-01,5.440590e-03,1.303629e-03
1.543024e-01,8.188874e-03,1.987178e-02,3.609556e-03,5.018634e-02,1.943749e-02,1.430507e-02,6.592071e-02,5.238831e-02,3.170476e-03,2.115363e-02,3.608020e-01,2.204986e-01,4.493250e-03,1.671554e-03
1.806079e-01,9.160630e-03,2.082249e-02,3.154786e-03,3.870449e-02,3.113677e-02,1.298082e-02,6.708187e-02,6.629135e-02,4.449790e-03,1.729682e-02,3.075102e-01,2.348644e-01,3.805727e-03,2.131988e-03
2.159623e-01,1.106014e-02,1.591593e-02,3.070838e-03,2.975566e-02,3.572591e-02,1.285284e-02,4.999216e-02,1.124377e-01,5.852347e-03,1.549463e-02,2.738194e-01,2.115273e-01,3.389187e-03,3.143757e-03
1.547475e-01,9.467174e-03,1.139024e-02,2.759514e-03,2.138028e-02,2.882665e-02,9.110176e-03,3.543497e-02,1.194828e-01,6.595521e-03,1.403000e-02,3.321168e-01,2.493345e-01,2.679471e-03,2.644354e-03
1.086714e-01,6.973067e-03,8.158891e-03,2.284373e-03,1.533565e-02,5.479472e-02,6.475199e-03,2.498177e-02,9.865841e-02,6.607310e-03,1.212947e-02,4.160779e-01,2.344751e-01,2.033129e-03,2.343586e-03
7.640181e-02,5.247932e-03,5.793545e-03,1.806311e-03,1.093964e-02,4.684714e-02,4.641575e-03,1.752790e-02,7.875893e-02,7.948046e-03,1.132181e-02,5.206670e-01,2.083996e-01,1.522189e-03,2.176700e-03
5.358384e-02,4.697820e-03,4.797994e-03,1.570788e-03,7.948754e-03,3.548232e-02,3.280570e-03,1.302140e-02,1.058275e-01,6.660210e-03,1.069378e-02,5.374252e-01,2.120906e-01,1.117256e-03,1.802036e-03
3.791440e-02,6.274739e-03,4.699422e-03,1.451662e-03,6.381760e-03,2.628827e-02,2.392796e-03,9.492694e-03,1.707764e-01,1.221761e-02,1.096140e-02,5.346131e-01,1.722574e-01,1.069128e-03,3.209302e-03
2.716597e-02,1.018509e-02,8.246512e-03,1.556194e-03,7.730127e-03,1.899670e-02,2.068655e-03,1.162648e-02,2.301833e-01,2.770806e-02,1.565402e-02,4.412432e-01,1.525825e-01,4.397586e-03,4.065565e-02
2.147071e-02,1.183176e-02,4.050296e-02,2.863768e-03,1.028387e-02,1.398575e-02,2.043458e-03,3.708093e-02,1.994696e-01,5.725571e-02,1.920478e-02,3.384500e-01,1.286307e-01,1.373235e-02,1.031937e-01
2.218059e-02,1.588757e-02,4.887329e-02,4.215845e-03,1.374421e-02,1.023136e-02,1.686497e-03,3.601274e-02,1.727045e-01,5.008154e-02,2.773855e-02,2.443491e-01,1.000893e-01,3.028363e-02,2.219214e-01
4.215397e-02,1.427394e-02,3.905369e-02,3.170682e-03,8.127682e-02,8.717665e-03,1.329652e-03,2.572728e-02,1.385077e-01,3.639520e-02,2.081122e-02,1.712691e-01,7.189267e-02,2.909470e-02,3.163257e-01
3.931820e-02,1.127150e-02,2.943518e-02,2.349898e-03,1.035091e-01,7.466040e-03,9.981013e-04,1.831754e-02,1.020927e-01,2.611371e-02,1.527886e-02,1.199407e-01,5.115505e-02,2.864444e-02,4.441091e-01
4.025044e-02,9.891374e-03,2.339180e-02,2.848314e-03,7.387546e-02,9.719908e-03,8.139354e-04,1.332505e-02,1.017293e-01,2.132476e-02,1.511225e-02,8.471125e-02,3.962120e-02,3.759406e-02,5.257909e-01
6.440143e-02,9.572317e-03,3.757529e-02,7.010340e-03,5.447308e-02,1.845383e-02,1.664027e-03,1.010659e-02,8.345918e-02,1.911138e-02,1.792520e-02,6.190842e-02,3.641610e-02,3.884952e-02,5.390733e-01
8.352159e-02,9.037968e-03,2.962544e-02,5.665333e-03,3.931561e-02,1.762733e-02,1.695812e-03,7.807463e-03,6.643203e-02,1.982518e-02,1.839714e-02,4.385659e-02,3.005192e-02,4.684938e-02,5.802912e-01
1.265381e-01,8.780516e-03,2.496475e-02,4.650452e-03,2.929693e-02,1.495517e-02,1.472964e-03,7.146583e-03,5.465925e-02,1.585097e-02,1.603295e-02,3.085438e-02,2.293031e-02,6.976335e-02,5.721033e-01
1.430909e-01,1.007892e-02,2.406187e-02,3.646877e-03,2.229330e-02,1.337405e-02,1.275367e-03,6.015316e-03,5.209778e-02,1.898668e-02,1.335794e-02,2.220507e-02,1.828862e-02,8.096933e-02,5.702580e-01
1.369747e-01,1.433202e-02,9.599636e-02,9.914105e-03,1.871434e-02,1.896629e-02,1.932193e-03,6.371764e-03,5.030575e-02,3.140891e-02,1.257641e-02,1.615182e-02,1.508149e-02,7.947153e-02,4.918023e-01
1.400450e-01,1.987094e-02,9.415669e-02,1.643262e-02,1.646428e-02,1.623249e-02,1.796402e-03,6.218931e-03,7.152633e-02,3.286155e-02,1.161622e-02,1.232394e-02,1.207363e-02,7.059559e-02,4.777854e-01
1.092258e-01,1.761711e-02,7.524503e-02,1.542774e-02,1.275421e-02,1.360356e-02,1.319372e-03,4.655414e-03,7.281714e-02,3.264012e-02,9.182435e-03,8.739923e-03,8.890370e-03,7.058229e-02,5.472996e-01
8.022802e-02,1.427202e-02,5.853181e-02,1.150842e-02,9.353851e-03,1.042205e-02,9.498834e-04,3.330525e-03,5.823590e-02,2.572061e-02,7.435007e-03,6.252937e-03,6.354023e-03,1.922123e-01,5.151926e-01
7.033324e-02,1.103643e-02,4.404420e-02,8.610905e-03,7.136170e-03,9.156824e-03,6.889355e-04,2.460192e-03,5.319954e-02,2.144620e-02,6.265989e-03,4.537547e-03,4.702893e-03,3.190578e-01,4.373232e-01
8.782536e-02,1.196991e-02,3.304460e-02,6.995005e-03,6.498466e-03,8.670985e-03,6.633931e-04,1.915865e-03,5.360181e-02,1.866711e-02,5.415309e-03,3.816832e-03,3.662402e-03,3.391202e-01,4.181328e-01
9.087562e-02,1.089506e-02,2.656773e-02,5.367670e-03,5.496688e-03,7.584948e-03,6.396065e-04,1.587203e-03,5.252738e-02,1.991402e-02,4.664547e-03,2.920729e-03,2.879791e-03,3.824822e-01,3.855969e-01
7.032287e-02,7.811642e-03,1.932376e-02,3.843499e-03,3.989707e-03,5.474015e-03,4.603084e-04,1.251005e-03,4.738826e-02,3.970086e-02,3.553513e-03,2.126136e-03,2.054493e-03,4.796483e-01,3.130517e-01
5.071736e-02,5.584874e-03,1.402263e-02,2.715177e-03,2.835713e-03,3.918784e-03,3.268538e-04,9.124863e-04,4.136865e-02,4.804377e-02,2.906365e-03,1.550494e-03,1.484368e-03,5.905566e-01,2.330559e-01
4.053007e-02,4.075891e-03,1.164582e-02,2.032336e-03,2.387552e-03,2.825655e-03,2.356536e-04,1.180371e-03,4.206750e-02,7.692136e-02,2.607665e-03,1.153259e-03,1.136164e-03,6.421804e-01,1.690203e-01
3.011737e-02,3.221005e-03,1.000503e-01,2.932617e-03,2.779978e-03,2.080752e-03,1.770773e-04,1.238492e-03,6.165561e-02,1.207062e-01,3.905341e-03,9.755162e-04,1.060028e-03,5.396899e-01,1.294098e-01
3.726206e-02,2.793249e-03,1.625353e-01,3.753682e-03,4.743322e-03,1.805531e-03,1.951699e-04,3.776415e-03,6.381534e-02,2.145481e-01,5.537251e-03,8.050298e-04,1.212673e-03,3.932327e-01,1.039842e-01
5.436776e-02,2.778375e-03,1.335965e-01,3.921703e-03,7.765028e-03,1.829542e-03,2.925198e-04,1.181605e-02,6.377281e-02,3.361639e-01,9.222793e-03,7.523145e-04,2.484237e-03,2.852669e-01,8.596964e-02
4.945013e-02,3.904796e-03,1.588486e-01,5.085532e-03,1.359102e-02,2.077437e-03,5.189694e-04,1.852243e-02,6.057018e-02,3.916243e-01,1.369199e-02,9.074153e-04,3.910417e-03,2.071290e-01,7.016788e-02
4.973465e-02,5.018176e-03,2.135567e-01,6.464549e-03,3.441542e-02,2.517998e-03,8.401116e-04,5.542553e-02,5.465830e-02,3.560156e-01,1.267806e-02,8.351796e-04,3.859400e-03,1.499156e-01,5.406480e-02
5.855783e-02,9.904491e-03,3.166028e-01,7.381256e-03,7.119900e-02,4.576893e-03,1.961023e-03,4.903708e-02,4.048707e-02,2.665740e-01,9.425499e-03,6.432058e-04,2.921856e-03,1.063273e-01,5.440067e-02
6.937519e-02,1.707001e-02,2.801682e-01,1.733927e-02,1.481083e-01,9.993024e-03,5.089664e-03,8.487432e-02,3.257604e-02,1.950987e-01,7.096567e-03,5.396307e-04,3.135353e-03,7.577579e-02,5.375998e-02
5.702455e-02,1.807878e-02,2.408188e-01,2.134432e-01,1.216846e-01,7.788495e-03,3.777477e-03,6.680956e-02,2.664250e-02,1.386726e-01,5.631538e-03,5.183726e-04,2.284933e-03,5.335139e-02,4.347309e-02
6.205394e-02,2.146550e-02,3.458213e-01,1.816429e-01,1.086570e-01,7.378835e-03,2.937020e-03,5.304787e-02,2.315571e-02,1.008590e-01,4.580885e-03,5.872098e-04,1.707533e-03,3.838227e-02,4.772310e-02
7.893251e-02,2.359063e-02,4.341996e-01,1.333399e-01,9.429169e-02,7.687964e-03,2.335748e-03,4.111025e-02,1.873853e-02,7.422635e-02,3.587253e-03,5.957986e-04,1.318302e-03,2.840518e-02,5.764034e-02
1.405208e-01,2.531677e-02,4.605799e-01,1.047077e-01,7.598726e-02,7.146035e-03,1.980984e-03,3.227499e-02,1.376189e-02,5.320035e-02,3.069743e-03,9.309340e-04,1.276637e-03,2.065100e-02,5.859500e-02
1.695265e-01,2.823100e-02,4.784540e-01,1.027755e-01,6.572377e-02,6.303422e-03,2.007872e-03,2.636268e-02,1.213927e-02,3.821810e-02,3.599025e-03,1.179543e-03,1.322984e-03,1.508980e-02,4.906654e-02
1.576979e-01,2.715152e-02,5.033777e-01,1.086991e-01,6.197568e-02,5.615167e-03,2.783247e-03,3.598320e-02,1.230666e-02,2.803067e-02,3.393246e-03,1.021893e-03,1.177685e-03,1.098484e-02,3.980153e-02
1.125046e-01,2.155501e-02,4.423477e-01,9.002323e-02,4.440405e-02,4.364648e-03,2.061810e-03,2.593546e-02,1.307864e-02,1.831113e-01,1.768762e-02,1.433381e-03,3.315926e-03,8.329153e-03,2.984761e-02
7.979112e-02,3.377917e-02,4.741244e-01,1.215785e-01,3.275371e-02,3.289126e-03,1.572722e-03,2.078284e-02,2.795760e-02,1.323003e-01,3.650537e-02,2.276096e-03,3.203460e-03,7.468852e-03,2.261688e-02
5.612638e-02,2.529716e-02,3.461007e-01,1.173247e-01,2.324103e-02,2.542784e-03,1.116864e-03,1.470811e-02,4.479943e-02,1.012898e-01,2.069406e-01,1.207354e-02,1.971848e-02,1.077266e-02,1.794789e-02
3.956477e-02,1.809799e-02,2.432686e-01,8.426744e-02,1.936891e-02,3.198738e-03,8.024413e-04,1.045972e-02,3.290167e-02,7.269549e-02,4.043500e-01,1.500767e-02,1.499989e-02,2.764336e-02,1.337332e-02
2.801081e-02,1.637034e-02,1.741493e-01,5.998980e-02,1.621257e-02,1.265028e-02,6.760744e-04,7.750324e-03,2.812671e-02,5.163562e-02,5.319876e-01,1.414206e-02,1.101486e-02,3.700968e-02,1.027398e-02
2.140382e-02,1.710083e-02,1.317354e-01,7.322153e-02,1.927128e-02,2.672587e-02,7.196849e-04,6.696612e-03,2.669400e-02,4.138120e-02,5.457053e-01,1.323580e-02,8.119008e-03,5.775677e-02,1.023299e-02
1.750282e-02,1.599923e-02,9.760500e-02,6.486615e-02,1.586511e-02,5.364694e-02,6.202652e-04,5.199495e-03,2.853907e-02,3.387606e-02,5.700476e-01,1.276314e-02,6.386485e-03,6.667177e-02,1.041088e-02
1.419190e-02,1.379611e-02,7.199363e-02,5.129571e-02,2.177488e-02,5.897213e-02,8.968884e-04,4.761549e-03,2.359181e-02,2.813030e-02,6.203064e-01,1.459532e-02,6.790582e-03,5.834348e-02,1.055933e-02
1.093478e-02,1.251729e-02,5.599659e-02,3.833545e-02,1.996553e-02,4.355838e-02,7.222194e-04,4.858471e-03,2.165485e-02,2.431388e-02,6.130681e-01,1.583822e-02,5.897687e-03,1.224406e-01,9.898031e-03
9.143900e-03,1.112699e-02,4.343722e-02,2.857037e-02,1.755080e-02,3.255307e-02,6.241220e-04,5.933164e-03,1.892630e-02,2.052511e-02,5.793601e-01,2.722524e-02,5.532268e-03,1.901655e-01,9.325847e-03
8.128386e-03,1.336820e-02,3.744861e-02,2.457709e-02,1.531105e-02,2.588038e-02,7.726692e-04,1.600874e-02,3.460155e-02,1.644314e-02,5.643846e-01,2.458151e-02,6.344672e-03,2.037685e-01,8.380987e-03
6.994398e-03,1.483945e-02,3.181080e-02,1.814661e-02,1.164279e-02,2.016918e-02,8.043462e-04,1.477918e-02,4.554568e-02,1.375446e-02,5.555770e-01,2.502039e-02,6.128653e-03,2.258017e-01,8.985334e-03
7.779223e-03,2.047447e-02,2.425573e-02,1.453060e-02,9.248693e-03,1.824870e-02,7.327005e-04,1.186745e-02,9.799466e-02,1.380869e-02,5.458025e-01,2.481814e-02,7.315733e-03,1.959272e-01,7.195555e-03
1.253134e-02,3.364291e-02,1.973089e-02,1.362695e-02,7.691389e-03,1.831212e-02,8.835725e-04,1.364078e-02,1.184201e-01,1.393300e-02,5.610420e-01,2.126461e-02,6.556194e-03,1.527680e-01,5.956183e-03
1.871047e-02,4.926113e-02,1.506486e-02,1.143192e-02,6.379968e-03,2.083072e-02,8.507314e-04,1.115045e-02,1.260552e-01,1.247741e-02,5.805369e-01,1.792824e-02,5.668976e-03,1.183363e-01,5.316660e-03
3.807355e-02,6.960502e-02,1.882081e-02,1.117761e-02,5.957399e-03,1.966751e-02,1.131472e-03,1.253954e-02,1.362364e-01,1.065330e-02,5.527895e-01,1.689570e-02,5.851777e-03,9.518196e-02,5.418410e-03
4.815949e-02,1.039546e-01,1.637593e-02,1.042352e-02,4.922428e-03,2.345750e-02,9.898545e-04,9.868566e-03,1.498421e-01,9.367689e-03,5.152628e-01,1.667460e-02,5.286477e-03,7.884482e-02,6.569565e-03
1.067589e-01,1.471236e-01,1.906165e-02,8.763351e-03,4.201834e-03,2.311620e-02,1.177384e-03,1.771883e-02,1.461290e-01,7.816081e-03,4.156471e-01,1.476500e-02,4.780160e-03,7.589296e-02,7.048092e-03
1.254643e-01,1.479202e-01,1.734678e-02,8.691073e-03,4.448694e-03,3.602193e-02,1.065657e-03,3.468240e-02,1.805115e-01,7.470622e-03,3.401934e-01,1.378562e-02,4.400057e-03,7.081737e-02,7.180457e-03
1.418354e-01,1.785048e-01,1.391624e-02,8.205502e-03,4.960273e-03,3.878308e-02,9.847546e-04,4.450576e-02,2.018653e-01,7.307741e-03,2.595343e-01,1.183307e-02,3.988434e-03,7.418583e-02,9.589558e-03
1.207912e-01,1.468722e-01,1.083092e-02,6.758683e-03,8.539206e-03,3.707090e-02,9.960495e-04,3.900007e-02,3.640278e-01,5.889063e-03,1.837151e-01,9.289877e-03,3.672497e-03,5.428381e-02,8.262672e-03
1.002388e-01,1.147343e-01,9.472848e-03,6.104003e-03,1.538588e-02,3.668876e-02,1.471745e-03,5.411981e-02,4.659136e-01,5.091389e-03,1.310205e-01,7.187510e-03,3.196165e-03,4.076624e-02,8.608504e-03
8.889152e-02,9.196989e-02,1.028069e-02,8.021098e-03,2.195541e-02,3.434129e-02,1.953876e-03,1.027114e-01,4.928271e-01,4.761072e-03,9.313069e-02,5.516901e-03,2.855402e-03,3.045383e-02,1.032984e-02
8.409496e-02,7.488859e-02,2.642373e-02,2.070318e-02,3.117079e-02,2.765555e-02,2.199116e-03,1.577507e-01,4.643087e-01,5.478878e-03,6.640454e-02,4.261983e-03,2.563972e-03,2.194628e-02,1.014906e-02
1.154183e-01,7.123425e-02,3.290000e-02,2.221065e-02,4.671449e-02,3.046334e-02,2.690437e-03,1.645824e-01,4.272158e-01,6.047224e-03,4.794434e-02,3.803270e-03,2.367608e-03,1.672806e-02,9.679832e-03
1.338326e-01,8.618873e-02,5.032489e-02,2.019835e-02,6.206536e-02,2.836539e-02,2.911505e-03,1.404842e-01,3.953923e-01,7.114651e-03,3.759656e-02,4.738008e-03,3.886575e-03,1.459953e-02,1.230129e-02
1.270695e-01,7.997576e-02,6.782410e-02,3.783159e-02,7.465820e-02,2.386514e-02,3.412143e-03,1.473596e-01,3.556510e-01,6.770848e-03,3.081048e-02,8.009587e-03,1.119977e-02,1.215858e-02,1.340364e-02
1.040731e-01,6.094814e-02,2.021608e-01,9.364591e-02,6.068806e-02,1.732123e-02,2.680377e-03,1.091308e-01,2.601917e-01,1.081596e-02,3.002188e-02,8.934132e-03,1.106058e-02,9.213014e-03,1.911435e-02
1.204047e-01,4.843349e-02,3.078040e-01,9.683184e-02,5.011181e-02,1.312804e-02,2.254991e-03,8.391083e-02,1.922185e-01,1.486045e-02,2.721747e-02,8.256501e-03,1.071800e-02,7.612754e-03,1.623659e-02
1.591352e-01,3.729670e-02,3.457481e-01,8.233768e-02,5.231222e-02,1.096803e-02,2.062254e-03,7.010791e-02,1.419316e-01,2.157031e-02,2.603899e-02,9.204186e-03,1.105023e-02,9.781331e-03,2.045523e-02
1.783297e-01,3.206824e-02,2.959254e-01,7.538751e-02,4.966715e-02,1.448540e-02,2.097459e-03,5.280665e-02,1.085934e-01,2.260362e-02,5.112924e-02,1.646584e-02,5.609075e-02,1.369109e-02,3.065862e-02
1.810489e-01,2.835330e-02,2.291191e-01,6.498124e-02,7.226512e-02,1.775341e-02,2.694416e-03,4.963317e-02,8.184889e-02,2.346904e-02,5.202875e-02,3.236703e-02,1.171466e-01,1.611475e-02,3.117632e-02
1.632094e-01,2.670111e-02,2.004635e-01,6.570589e-02,6.895553e-02,1.916175e-02,2.411643e-03,4.251527e-02,9.532443e-02,2.464206e-02,5.486693e-02,3.003283e-02,1.003311e-01,2.716177e-02,7.851688e-02
1.350784e-01,2.894041e-02,1.420638e-01,5.081791e-02,5.110648e-02,2.197194e-02,2.091170e-03,3.075008e-02,7.179134e-02,2.470345e-02,5.320451e-02,4.417332e-02,2.214165e-01,5.608844e-02,6.580228e-02
1.247709e-01,2.571277e-02,1.027165e-01,4.192477e-02,3.761858e-02,2.205731e-02,1.961088e-03,2.318284e-02,6.633815e-02,3.477018e-02,7.102957e-02,5.204951e-02,2.552755e-01,7.294793e-02,6.764437e-02
9.734440e-02,1.997951e-02,7.515907e-02,3.228624e-02,2.800305e-02,1.728266e-02,1.879108e-03,1.713096e-02,5.846815e-02,3.808701e-02,9.036240e-02,5.196074e-02,2.611987e-01,9.022728e-02,1.206307e-01
8.528721e-02,1.506555e-02,5.427935e-02,2.659476e-02,2.194781e-02,1.370376e-02,2.294305e-03,1.248902e-02,4.534339e-02,3.960122e-02,1.164374e-01,5.654752e-02,2.509577e-01,7.175566e-02,1.876953e-01
6.596897e-02,1.106949e-02,3.975695e-02,2.063614e-02,1.755822e-02,1.026545e-02,2.182796e-03,1.097109e-02,3.335764e-02,3.306051e-02,1.294467e-01,5.078251e-02,3.048775e-01,5.588689e-02,2.141791e-01
4.666913e-02,8.043358e-03,2.872912e-02,1.483484e-02,1.294735e-02,7.227176e-03,1.587240e-03,7.844941e-03,2.530923e-02,2.589350e-02,1.023862e-01,3.698938e-02,2.222718e-01,4.070790e-02,4.185589e-01
3.296476e-02,6.061794e-03,2.035230e-02,1.058308e-02,9.423844e-03,5.091880e-03,1.149898e-03,5.688544e-03,2.428230e-02,2.230649e-02,7.669315e-02,2.739570e-02,1.623291e-01,3.186106e-02,5.638161e-01
2.326145e-02,4.911128e-03,1.514131e-02,7.520949e-03,6.741700e-03,3.688102e-03,8.190802e-04,4.478680e-03,2.846430e-02,1.680818e-02,5.777088e-02,1.978730e-02,1.211778e-01,2.450710e-02,6.649221e-01
1.668570e-02,4.871967e-03,1.082160e-02,5.327146e-03,4.815755e-03,2.700880e-03,5.788041e-04,3.222619e-03,4.924815e-02,1.214505e-02,4.258902e-02,1.397983e-02,8.686756e-02,1.890429e-02,7.272416e-01
1.211600e-02,4.489925e-03,8.307038e-03,4.253921e-03,3.583793e-03,2.538452e-03,4.249692e-04,3.075833e-03,6.488237e-02,8.879429e-03,3.223214e-02,1.023203e-02,6.265680e-02,1.604475e-02,7.662826e-01
8.573752e-03,3.620630e-03,5.945900e-03,3.012212e-03,2.560566e-03,2.094459e-03,2.998023e-04,2.323335e-03,1.607641e-01,6.243819e-03,2.481702e-02,7.264804e-03,4.483484e-02,2.677565e-02,7.008691e-01
6.154051e-03,3.128082e-03,4.400368e-03,2.180105e-03,1.850130e-03,2.754233e-03,2.145485e-04,1.713356e-03,2.711579e-01,4.408902e-03,2.019188e-02,5.285267e-03,3.232917e-02,3.499788e-02,6.092341e-01
4.629840e-03,7.875632e-03,4.308050e-03,1.584069e-03,1.358094e-03,3.169690e-03,1.542769e-04,1.293364e-03,3.557487e-01,3.180057e-03,1.595677e-02,3.871727e-03,2.403773e-02,5.895655e-02,5.138755e-01
3.968246e-03,1.578213e-02,3.463628e-03,1.133285e-03,1.007298e-03,2.526909e-03,1.106626e-04,9.590939e-04,4.505643e-01,2.326483e-03,1.254995e-02,2.780763e-03,1.827706e-02,8.109573e-02,4.034545e-01
7.045510e-03,1.621301e-02,4.020312e-03,1.041596e-03,1.294168e-03,2.425209e-03,9.260362e-05,1.005486e-03,5.327803e-01,2.029487e-03,9.950587e-03,2.011289e-03,1.365593e-02,8.741954e-02,3.190150e-01
8.273709e-03,1.592145e-02,7.620255e-03,1.902339e-03,3.067501e-03,2.549143e-03,1.013007e-04,1.756318e-03,6.140609e-01,3.421010e-03,7.571306e-03,1.491740e-03,9.849399e-03,8.742734e-02,2.349863e-01
1.341581e-02,1.215295e-02,7.105586e-03,1.603103e-03,4.678045e-03,2.214937e-03,9.377128e-05,2.741071e-03,6.419063e-01,5.828204e-03,5.945869e-03,1.088225e-03,7.087877e-03,1.132905e-01,1.808478e-01
2.063290e-02,1.067059e-02,1.213294e-02,1.096313e-02,2.404545e-02,2.889494e-03,3.515441e-04,1.787746e-02,6.293252e-01,7.163637e-03,4.809996e-03,8.389638e-04,5.274621e-03,1.095827e-01,1.434415e-01
1.976950e-02,7.880823e-03,9.271634e-03,9.820846e-03,1.865250e-02,2.455169e-03,2.645296e-04,1.334304e-02,6.474400e-01,1.028926e-02,3.818813e-03,6.466944e-04,4.088741e-03,8.261360e-02,1.696450e-01
1.744313e-02,6.968518e-03,9.054927e-03,1.279848e-02,1.453723e-02,2.565003e-03,2.504390e-04,1.049421e-02,5.870622e-01,1.434434e-02,2.050400e-02,1.406354e-03,4.049225e-02,6.029075e-02,2.017882e-01
1.329842e-02,6.211315e-03,1.206133e-02,1.428911e-02,1.071806e-02,2.104432e-03,1.867980e-04,9.354582e-03,6.129580e-01,4.077025e-02,2.330691e-02,1.717513e-03,3.718776e-02,4.888359e-02,1.669520e-01
1.054939e-02,5.203870e-03,1.384571e-02,1.269529e-02,7.749766e-03,1.703897e-03,1.399395e-04,7.650900e-03,5.155265e-01,1.635278e-01,3.231148e-02,2.564341e-03,3.896606e-02,3.757934e-02,1.499857e-01
1.592647e-02,5.246891e-03,1.989197e-02,1.421220e-02,6.193438e-03,1.934081e-03,1.664259e-04,6.367047e-03,4.247424e-01,1.913943e-01,3.134510e-02,3.943487e-03,3.656235e-02,4.160956e-02,2.004643e-01
1.564805e-02,4.680821e-03,1.714052e-02,1.109539e-02,4.788743e-03,2.339508e-03,2.163016e-04,5.237824e-03,3.151796e-01,1.530197e-01,4.785269e-02,7.387798e-03,4.192343e-02,4.965921e-02,3.238305e-01
1.804064e-02,4.851977e-03,3.747671e-02,1.152189e-02,5.036399e-03,5.064774e-03,7.373650e-04,6.393808e-03,2.340492e-01,1.257727e-01,7.439429e-02,1.077097e-02,7.327250e-02,4.175480e-02,3.508620e-01
4.207900e-02,4.058919e-03,3.696469e-02,1.409699e-02,5.332963e-03,8.266760e-03,6.699763e-04,4.811019e-03,1.666830e-01,9.048137e-02,1.030802e-01,1.114746e-02,7.751952e-02,3.642283e-02,3.983853e-01
3.629306e-02,3.360565e-03,3.014937e-02,1.440599e-02,8.739143e-03,9.626263e-03,5.724930e-04,3.738089e-03,1.183145e-01,6.550089e-02,1.057498e-01,1.389414e-02,8.323970e-02,2.845827e-02,4.779578e-01
2.775342e-02,2.477619e-03,2.428986e-02,1.088843e-02,2.114991e-02,7.493383e-03,1.054007e-03,3.689759e-03,8.374052e-02,4.740341e-02,8.481489e-02,1.300980e-02,7.522790e-02,2.182442e-02,5.751827e-01
2.098985e-02,1.892373e-03,2.350173e-02,8.054464e-03,4.960088e-02,5.697999e-03,1.332535e-03,4.975238e-03,5.917298e-02,3.547772e-02,6.617240e-02,1.076016e-02,6.184293e-02,1.811837e-02,6.324103e-01
1.577612e-02,1.602497e-03,3.354446e-02,6.448316e-03,5.201713e-02,4.116480e-03,4.209340e-03,1.794026e-02,4.245511e-02,2.572744e-02,4.843613e-02,8.485835e-03,4.781809e-02,1.592107e-02,6.755017e-01
1.276714e-02,2.289034e-03,5.152006e-02,5.270605e-03,6.147758e-02,3.665407e-03,4.095480e-03,2.116193e-02,3.122649e-02,1.925554e-02,3.589589e-02,7.848190e-03,4.212951e-02,1.324096e-02,6.881562e-01
1.054260e-02,3.284555e-03,5.549704e-02,4.499889e-03,1.148403e-01,3.073570e-03,4.129746e-03,3.250425e-02,2.639611e-02,1.510516e-02,2.677989e-02,6.959550e-03,3.468047e-02,1.051916e-02,6.511877e-01
8.520807e-03,3.094634e-03,1.061289e-01,3.671754e-03,9.662873e-02,2.348735e-03,5.432974e-03,1.219929e-01,2.043426e-02,1.262277e-02,2.035261e-02,6.309475e-03,2.816560e-02,1.420757e-02,5.500883e-01
6.818818e-03,3.209748e-03,1.144339e-01,2.851410e-03,7.706676e-02,1.811482e-03,4.942963e-03,1.595885e-01,1.726856e-02,1.015014e-02,1.563049e-02,5.824442e-03,2.272439e-02,1.760976e-02,5.400687e-01
8.857560e-03,5.341457e-03,2.604872e-01,1.853819e-02,7.569079e-02,1.609987e-03,3.779075e-03,1.421562e-01,2.481533e-02,8.779953e-03,1.318794e-02,5.574551e-03,1.925374e-02,1.458496e-02,3.973431e-01
1.078435e-02,4.998283e-03,3.646098e-01,2.100963e-02,7.423174e-02,2.376706e-03,3.387178e-03,1.509975e-01,1.931126e-02,7.488489e-03,1.040944e-02,4.315622e-03,1.513278e-02,1.354568e-02,2.974015e-01
2.734138e-02,6.277984e-03,4.019916e-01,1.821207e-02,7.999238e-02,5.056951e-03,4.218323e-03,1.510065e-01,1.496969e-02,6.497623e-03,8.664590e-03,3.983055e-03,2.097137e-02,1.482168e-02,2.359948e-01
2.758802e-02,8.768104e-03,4.445916e-01,3.645860e-02,1.033514e-01,5.973202e-03,5.869786e-03,1.410044e-01,1.147529e-02,5.167542e-03,6.933740e-03,3.458812e-03,1.835015e-02,1.168096e-02,1.693284e-01
3.415751e-02,1.211514e-02,4.348942e-01,4.099763e-02,1.125109e-01,8.050511e-03,1.100717e-02,1.700479e-01,9.465517e-03,4.489230e-03,5.818662e-03,3.273538e-03,1.601544e-02,1.021723e-02,1.269393e-01
