1.000000e+00,0.000000e+00,0.000000e+00,0.000000e+00,0.000000e+00,0.000000e+00,0.000000e+00,0.000000e+00,0.000000e+00,0.000000e+00,0.000000e+00,0.000000e+00,0.000000e+00,0.000000e+00,0.000000e+00
1.000000e+00,0.000000e+00,0.000000e+00,0.000000e+00,0.000000e+00,0.000000e+00,0.000000e+00,0.000000e+00,0.000000e+00,0.000000e+00,0.000000e+00,0.000000e+00,0.000000e+00,0.000000e+00,0.000000e+00
1.000000e+00,0.000000e+00,0.000000e+00,0.000000e+00,0.000000e+00,0.000000e+00,0.000000e+00,0.000000e+00,0.000000e+00,0.000000e+00,0.000000e+00,0.000000e+00,0.000000e+00,0.000000e+00,0.000000e+00
1.000000e+00,0.000000e+00,0.000000e+00,0.000000e+00,0.000000e+00,0.000000e+00,0.000000e+00,0.000000e+00,0.000000e+00,0.000000e+00,0.000000e+00,0.000000e+00,0.000000e+00,0.000000e+00,0.000000e+00
1.000000e+00,0.000000e+00,0.000000e+00,0.000000e+00,0.000000e+00,0.000000e+00,0.000000e+00,0.000000e+00,0.000000e+00,0.000000e+00,0.000000e+00,0.000000e+00,0.000000e+00,0.000000e+00,0.000000e+00
1.000000e+00,0.000000e+00,0.000000e+00,0.000000e+00,0.000000e+00,0.000000e+00,0.000000e+00,0.000000e+00,0.000000e+00,0.000000e+00,0.000000e+00,0.000000e+00,0.000000e+00,0.000000e+00,0.000000e+00
1.000000e+00,0.000000e+00,0.000000e+00,0.000000e+00,0.000000e+00,0.000000e+00,0.000000e+00,0.000000e+00,0.000000e+00,0.000000e+00,0.000000e+00,0.000000e+00,0.000000e+00,0.000000e+00,0.000000e+00
1.000000e+00,0.000000e+00,0.000000e+00,0.000000e+00,0.000000e+00,0.000000e+00,0.000000e+00,0.000000e+00,0.000000e+00,0.000000e+00,0.000000e+00,0.000000e+00,0.000000e+00,0.000000e+00,0.000000e+00
1.000000e+00,0.000000e+00,0.000000e+00,0.000000e+00,0.000000e+00,0.000000e+00,0.000000e+00,0.000000e+00,0.000000e+00,0.000000e+00,0.000000e+00,0.000000e+00,0.000000e+00,0.000000e+00,0.000000e+00
1.000000e+00,0.000000e+00,0.000000e+00,0.000000e+00,0.000000e+00,0.000000e+00,0.000000e+00,0.000000e+00,0.000000e+00,0.000000e+00,0.000000e+00,0.000000e+00,0.000000e+00,0.000000e+00,0.000000e+00
1.000000e+00,0.000000e+00,0.000000e+00,0.000000e+00,0.000000e+00,0.000000e+00,0.000000e+00,0.000000e+00,0.000000e+00,0.000000e+00,0.000000e+00,0.000000e+00,0.000000e+00,0.000000e+00,0.000000e+00
1.000000e+00,0.000000e+00,0.000000e+00,0.000000e+00,0.000000e+00,0.000000e+00,0.000000e+00,0.000000e+00,0.000000e+00,0.000000e+00,0.000000e+00,0.000000e+00,0.000000e+00,0.000000e+00,0.000000e+00
1.000000e+00,0.000000e+00,0.000000e+00,0.000000e+00,0.000000e+00,0.000000e+00,0.000000e+00,0.000000e+00,0.000000e+00,0.000000e+00,0.000000e+00,0.000000e+00,0.000000e+00,0.000000e+00,0.000000e+00
1.000000e+00,0.000000e+00,0.000000e+00,0.000000e+00,0.000000e+00,0.000000e+00,0.000000e+00,0.000000e+00,0.000000e+00,0.000000e+00,0.000000e+00,0.000000e+00,0.000000e+00,0.000000e+00,0.000000e+00
1.000000e+00,0.000000e+00,0.000000e+00,0.000000e+00,0.000000e+00,0.000000e+00,0.000000e+00,0.000000e+00,0.000000e+00,0.000000e+00,0.000000e+00,0.000000e+00,0.000000e+00,0.000000e+00,0.000000e+00
1.000000e+00,0.000000e+00,0.000000e+00,0.000000e+00,0.000000e+00,0.000000e+00,0.000000e+00,0.000000e+00,0.000000e+00,0.000000e+00,0.000000e+00,0.000000e+00,0.000000e+00,0.000000e+00,0.000000e+00
1.000000e+00,0.000000e+00,0.000000e+00,0.000000e+00,0.000000e+00,0.000000e+00,0.000000e+00,0.000000e+00,0.000000e+00,0.000000e+00,0.000000e+00,0.000000e+00,0.000000e+00,0.000000e+00,0.000000e+00
1.000000e+00,0.000000e+00,0.000000e+00,0.000000e+00,0.000000e+00,0.000000e+00,0.000000e+00,0.000000e+00,0.000000e+00,0.000000e+00,0.000000e+00,0.000000e+00,0.000000e+00,0.000000e+00,0.000000e+00
1.000000e+00,0.000000e+00,0.000000e+00,0.000000e+00,0.000000e+00,0.000000e+00,0.000000e+00,0.000000e+00,0.000000e+00,0.000000e+00,0.000000e+00,0.000000e+00,0.000000e+00,0.000000e+00,0.000000e+00
1.000000e+00,0.000000e+00,0.000000e+00,0.000000e+00,0.000000e+00,0.000000e+00,0.000000e+00,0.000000e+00,0.000000e+00,0.000000e+00,0.000000e+00,0.000000e+00,0.000000e+00,0.000000e+00,0.000000e+00
1.000000e+00,0.000000e+00,0.000000e+00,0.000000e+00,0.000000e+00,0.000000e+00,0.000000e+00,0.000000e+00,0.000000e+00,0.000000e+00,0.000000e+00,0.000000e+00,0.000000e+00,0.000000e+00,0.000000e+00
1.000000e+00,0.000000e+00,0.000000e+00,0.000000e+00,0.000000e+00,0.000000e+00,0.000000e+00,0.000000e+00,0.000000e+00,0.000000e+00,0.000000e+00,0.000000e+00,0.000000e+00,0.000000e+00,0.000000e+00
1.000000e+00,0.000000e+00,0.000000e+00,0.000000e+00,0.000000e+00,0.000000e+00,0.000000e+00,0.000000e+00,0.000000e+00,0.000000e+00,0.000000e+00,0.000000e+00,0.000000e+00,0.000000e+00,0.000000e+00
1.000000e+00,0.000000e+00,0.000000e+00,0.000000e+00,0.000000e+00,0.000000e+00,0.000000e+00,0.000000e+00,0.000000e+00,0.000000e+00,0.000000e+00,0.000000e+00,0.000000e+00,0.000000e+00,0.000000e+00
1.000000e+00,0.000000e+00,0.000000e+00,0.000000e+00,0.000000e+00,0.000000e+00,0.000000e+00,0.000000e+00,0.000000e+00,0.000000e+00,0.000000e+00,0.000000e+00,0.000000e+00,0.000000e+00,0.000000e+00
1.000000e+00,0.000000e+00,0.000000e+00,0.000000e+00,0.000000e+00,0.000000e+00,0.000000e+00,0.000000e+00,0.000000e+00,0.000000e+00,0.000000e+00,0.000000e+00,0.000000e+00,0.000000e+00,0.000000e+00
1.000000e+00,0.000000e+00,0.000000e+00,0.000000e+00,0.000000e+00,0.000000e+00,0.000000e+00,0.000000e+00,0.000000e+00,0.000000e+00,0.000000e+00,0.000000e+00,0.000000e+00,0.000000e+00,0.000000e+00
1.000000e+00,0.000000e+00,0.000000e+00,0.000000e+00,0.000000e+00,0.000000e+00,0.000000e+00,0.000000e+00,0.000000e+00,0.000000e+00,0.000000e+00,0.000000e+00,0.000000e+00,0.000000e+00,0.000000e+00
1.000000e+00,0.000000e+00,0.000000e+00,0.000000e+00,0.000000e+00,0.000000e+00,0.000000e+00,0.000000e+00,0.000000e+00,0.000000e+00,0.000000e+00,0.000000e+00,0.000000e+00,0.000000e+00,0.000000e+00
1.000000e+00,0.000000e+00,0.000000e+00,0.000000e+00,0.000000e+00,0.000000e+00,0.000000e+00,0.000000e+00,0.000000e+00,0.000000e+00,0.000000e+00,0.000000e+00,0.000000e+00,0.000000e+00,0.000000e+00
1.000000e+00,0.000000e+00,0.000000e+00,0.000000e+00,0.000000e+00,0.000000e+00,0.000000e+00,0.000000e+00,0.000000e+00,0.000000e+00,0.000000e+00,0.000000e+00,0.000000e+00,0.000000e+00,0.000000e+00
1.000000e+00,0.000000e+00,0.000000e+00,0.000000e+00,0.000000e+00,0.000000e+00,0.000000e+00,0.000000e+00,0.000000e+00,0.000000e+00,0.000000e+00,0.000000e+00,0.000000e+00,0.000000e+00,0.000000e+00
1.000000e+00,0.000000e+00,0.000000e+00,0.000000e+00,0.000000e+00,0.000000e+00,0.000000e+00,0.000000e+00,0.000000e+00,0.000000e+00,0.000000e+00,0.000000e+00,0.000000e+00,0.000000e+00,0.000000e+00
1.000000e+00,0.000000e+00,0.000000e+00,0.000000e+00,0.000000e+00,0.000000e+00,0.000000e+00,0.000000e+00,0.000000e+00,0.000000e+00,0.000000e+00,0.000000e+00,0.000000e+00,0.000000e+00,0.000000e+00
1.000000e+00,0.000000e+00,0.000000e+00,0.000000e+00,0.000000e+00,0.000000e+00,0.000000e+00,0.000000e+00,0.000000e+00,0.000000e+00,0.000000e+00,0.000000e+00,0.000000e+00,0.000000e+00,0.000000e+00
1.000000e+00,0.000000e+00,0.000000e+00,0.000000e+00,0.000000e+00,0.000000e+00,0.000000e+00,0.000000e+00,0.000000e+00,0.000000e+00,0.000000e+00,0.000000e+00,0.000000e+00,0.000000e+00,0.000000e+00
1.000000e+00,0.000000e+00,0.000000e+00,0.000000e+00,0.000000e+00,0.000000e+00,0.000000e+00,0.000000e+00,0.000000e+00,0.000000e+00,0.000000e+00,0.000000e+00,0.000000e+00,0.000000e+00,0.000000e+00
1.000000e+00,0.000000e+00,0.000000e+00,0.000000e+00,0.000000e+00,0.000000e+00,0.000000e+00,0.000000e+00,0.000000e+00,0.000000e+00,0.000000e+00,0.000000e+00,0.000000e+00,0.000000e+00,0.000000e+00
1.000000e+00,0.000000e+00,0.000000e+00,0.000000e+00,0.000000e+00,0.000000e+00,0.000000e+00,0.000000e+00,0.000000e+00,0.000000e+00,0.000000e+00,0.000000e+00,0.000000e+00,0.000000e+00,0.000000e+00
1.000000e+00,0.000000e+00,0.000000e+00,0.000000e+00,0.000000e+00,0.000000e+00,0.000000e+00,0.000000e+00,0.000000e+00,0.000000e+00,0.000000e+00,0.000000e+00,0.000000e+00,0.000000e+00,0.000000e+00
1.000000e+00,0.000000e+00,0.000000e+00,0.000000e+00,0.000000e+00,0.000000e+00,0.000000e+00,0.000000e+00,0.000000e+00,0.000000e+00,0.000000e+00,0.000000e+00,0.000000e+00,0.000000e+00,0.000000e+00
1.000000e+00,0.000000e+00,0.000000e+00,0.000000e+00,0.000000e+00,0.000000e+00,0.000000e+00,0.000000e+00,0.000000e+00,0.000000e+00,0.000000e+00,0.000000e+00,0.000000e+00,0.000000e+00,0.000000e+00
1.000000e+00,0.000000e+00,0.000000e+00,0.000000e+00,0.000000e+00,0.000000e+00,0.000000e+00,0.000000e+00,0.000000e+00,0.000000e+00,0.000000e+00,0.000000e+00,0.000000e+00,0.000000e+00,0.000000e+00
1.000000e+00,0.000000e+00,0.000000e+00,0.000000e+00,0.000000e+00,0.000000e+00,0.000000e+00,0.000000e+00,0.000000e+00,0.000000e+00,0.000000e+00,0.000000e+00,0.000000e+00,0.000000e+00,0.000000e+00
1.000000e+00,0.000000e+00,0.000000e+00,0.000000e+00,0.000000e+00,0.000000e+00,0.000000e+00,0.000000e+00,0.000000e+00,0.000000e+00,0.000000e+00,0.000000e+00,0.000000e+00,0.000000e+00,0.000000e+00
1.000000e+00,0.000000e+00,0.000000e+00,0.000000e+00,0.000000e+00,0.000000e+00,0.000000e+00,0.000000e+00,0.000000e+00,0.000000e+00,0.000000e+00,0.000000e+00,0.000000e+00,0.000000e+00,0.000000e+00
1.000000e+00,0.000000e+00,0.000000e+00,0.000000e+00,0.000000e+00,0.000000e+00,0.000000e+00,0.000000e+00,0.000000e+00,0.000000e+00,0.000000e+00,0.000000e+00,0.000000e+00,0.000000e+00,0.000000e+00
1.000000e+00,0.000000e+00,0.000000e+00,0.000000e+00,0.000000e+00,0.000000e+00,0.000000e+00,0.000000e+00,0.000000e+00,0.000000e+00,0.000000e+00,0.000000e+00,0.000000e+00,0.000000e+00,0.000000e+00
1.000000e+00,0.000000e+00,0.000000e+00,0.000000e+00,0.000000e+00,0.000000e+00,0.000000e+00,0.000000e+00,0.000000e+00,0.000000e+00,0.000000e+00,0.000000e+00,0.000000e+00,0.000000e+00,0.000000e+00
1.000000e+00,0.000000e+00,0.000000e+00,0.000000e+00,0.000000e+00,0.000000e+00,0.000000e+00,0.000000e+00,0.000000e+00,0.000000e+00,0.000000e+00,0.000000e+00,0.000000e+00,0.000000e+00,0.000000e+00
1.000000e+00,0.000000e+00,0.000000e+00,0.000000e+00,0.000000e+00,0.000000e+00,0.000000e+00,0.000000e+00,0.000000e+00,0.000000e+00,0.000000e+00,0.000000e+00,0.000000e+00,0.000000e+00,0.000000e+00
1.000000e+00,0.000000e+00,0.000000e+00,0.000000e+00,0.000000e+00,0.000000e+00,0.000000e+00,0.000000e+00,0.000000e+00,0.000000e+00,0.000000e+00,0.000000e+00,0.000000e+00,0.000000e+00,0.000000e+00
1.000000e+00,0.000000e+00,0.000000e+00,0.000000e+00,0.000000e+00,0.000000e+00,0.000000e+00,0.000000e+00,0.000000e+00,0.000000e+00,0.000000e+00,0.000000e+00,0.000000e+00,0.000000e+00,0.000000e+00
1.000000e+00,0.000000e+00,0.000000e+00,0.000000e+00,0.000000e+00,0.000000e+00,0.000000e+00,0.000000e+00,0.000000e+00,0.000000e+00,0.000000e+00,0.000000e+00,0.000000e+00,0.000000e+00,0.000000e+00
1.000000e+00,0.000000e+00,0.000000e+00,0.000000e+00,0.000000e+00,0.000000e+00,0.000000e+00,0.000000e+00,0.000000e+00,0.000000e+00,0.000000e+00,0.000000e+00,0.000000e+00,0.000000e+00,0.000000e+00
1.000000e+00,0.000000e+00,0.000000e+00,0.000000e+00,0.000000e+00,0.000000e+00,0.000000e+00,0.000000e+00,0.000000e+00,0.000000e+00,0.000000e+00,0.000000e+00,0.000000e+00,0.000000e+00,0.000000e+00
1.000000e+00,0.000000e+00,0.000000e+00,0.000000e+00,0.000000e+00,0.000000e+00,0.000000e+00,0.000000e+00,0.000000e+00,0.000000e+00,0.000000e+00,0.000000e+00,0.000000e+00,0.000000e+00,0.000000e+00
1.000000e+00,0.000000e+00,0.000000e+00,0.000000e+00,0.000000e+00,0.000000e+00,0.000000e+00,0.000000e+00,0.000000e+00,0.000000e+00,0.000000e+00,0.000000e+00,0.000000e+00,0.000000e+00,0.000000e+00
1.000000e+00,0.000000e+00,0.000000e+00,0.000000e+00,0.000000e+00,0.000000e+00,0.000000e+00,0.000000e+00,0.000000e+00,0.000000e+00,0.000000e+00,0.000000e+00,0.000000e+00,0.000000e+00,0.000000e+00
4.456132e-01,5.030293e-02,2.756187e-02,2.799371e-01,4.802954e-03,1.305864e-02,3.154723e-03,1.006400e-02,1.251750e-02,1.012342e-02,8.666770e-03,1.866546e-02,1.730296e-02,2.163228e-03,9.606516e-02
3.457782e-01,5.363043e-02,2.934832e-02,2.746691e-01,4.295163e-03,1.018637e-02,2.518561e-03,7.467221e-03,4.341399e-02,1.728306e-02,1.261541e-02,1.391817e-02,1.784434e-02,2.110898e-03,1.649208e-01
3.970871e-01,5.072913e-02,2.346239e-02,2.272631e-01,6.767994e-03,9.271198e-03,2.616808e-03,5.982347e-03,7.488697e-02,1.374319e-02,1.503766e-02,1.060750e-02,2.206791e-02,2.281868e-03,1.381948e-01
3.932554e-01,5.129384e-02,1.775824e-02,1.689656e-01,7.046054e-03,9.549746e-03,2.735987e-03,4.749333e-03,1.430145e-01,1.134066e-02,1.229057e-02,8.559502e-03,2.993497e-02,5.255344e-03,1.342503e-01
4.336814e-01,4.815073e-02,1.321609e-02,1.274537e-01,7.685971e-03,1.148892e-02,2.332542e-03,4.060052e-03,1.509683e-01,8.903118e-03,1.103913e-02,7.360844e-03,5.734817e-02,5.825768e-03,1.104852e-01
4.899905e-01,3.712022e-02,9.660132e-03,9.396694e-02,8.004222e-03,1.217659e-02,2.283255e-03,3.252557e-03,1.402734e-01,6.877500e-03,1.199054e-02,7.825640e-03,7.556361e-02,7.019607e-03,9.399533e-02
1.000000e+00,0.000000e+00,0.000000e+00,0.000000e+00,0.000000e+00,0.000000e+00,0.000000e+00,0.000000e+00,0.000000e+00,0.000000e+00,0.000000e+00,0.000000e+00,0.000000e+00,0.000000e+00,0.000000e+00
1.000000e+00,0.000000e+00,0.000000e+00,0.000000e+00,0.000000e+00,0.000000e+00,0.000000e+00,0.000000e+00,0.000000e+00,0.000000e+00,0.000000e+00,0.000000e+00,0.000000e+00,0.000000e+00,0.000000e+00
4.447215e-01,4.695615e-02,5.574190e-02,6.878668e-02,3.869441e-02,2.843586e-02,7.070379e-03,2.314325e-02,6.832214e-02,4.010935e-03,1.332786e-02,1.115500e-02,1.167390e-01,6.423586e-03,6.647135e-02
4.405779e-01,4.507480e-02,6.557163e-02,5.520197e-02,4.244520e-02,3.470370e-02,6.928060e-03,1.742883e-02,5.207051e-02,4.066959e-03,1.154851e-02,1.682800e-02,1.498971e-01,5.451075e-03,5.220576e-02
4.373557e-01,3.854061e-02,5.774720e-02,4.259473e-02,6.064960e-02,3.718067e-02,7.757225e-03,1.325414e-02,4.276005e-02,4.356155e-03,1.553673e-02,2.699340e-02,1.611766e-01,4.473846e-03,4.962334e-02
4.837816e-01,2.991464e-02,4.256292e-02,3.306841e-02,4.667201e-02,4.023803e-02,6.417859e-03,1.085572e-02,3.161130e-02,4.362905e-03,1.461701e-02,3.208531e-02,1.826717e-01,4.809869e-03,3.633068e-02
4.811987e-01,2.302675e-02,3.211445e-02,2.538229e-02,3.609741e-02,3.785433e-02,5.658559e-03,9.055916e-03,2.492062e-02,5.655834e-03,1.687653e-02,4.675688e-02,2.187793e-01,4.637482e-03,3.198484e-02
4.876248e-01,1.735481e-02,2.820926e-02,2.435452e-02,2.756383e-02,3.792998e-02,6.972228e-03,2.395114e-02,1.949518e-02,8.004255e-03,1.710277e-02,4.782280e-02,2.189761e-01,5.395666e-03,2.924259e-02
4.244573e-01,1.488241e-02,3.034626e-02,1.990947e-02,2.759856e-02,2.919160e-02,6.927831e-03,3.279769e-02,1.738136e-02,1.175584e-02,1.591556e-02,6.846276e-02,2.479141e-01,5.849357e-03,4.660986e-02
3.082702e-01,1.089296e-02,2.207358e-02,1.521133e-02,2.004046e-02,2.796072e-02,5.487280e-03,3.590249e-02,1.413266e-02,2.208317e-02,3.262399e-02,1.107436e-01,3.238023e-01,1.059971e-02,4.017559e-02
2.183108e-01,7.800557e-03,1.611308e-02,1.245345e-02,1.442478e-02,2.197833e-02,3.938694e-03,3.252167e-02,1.339378e-02,2.826020e-02,4.090356e-02,1.145908e-01,4.348494e-01,8.098902e-03,3.236199e-02
1.542754e-01,8.196770e-03,8.457050e-02,1.185903e-02,1.100950e-02,1.644594e-02,2.885657e-03,3.460924e-02,2.479696e-02,3.910434e-02,6.834278e-02,1.090804e-01,3.998027e-01,6.339220e-03,2.868154e-02
1.152609e-01,1.006799e-02,1.097272e-01,1.339325e-02,9.551352e-03,1.287888e-02,2.236695e-03,8.499103e-02,1.142239e-01,4.091305e-02,5.555201e-02,9.020811e-02,3.051704e-01,4.592260e-03,3.123296e-02
9.073423e-02,8.505888e-03,2.316810e-01,1.370887e-02,1.041287e-02,9.944940e-03,1.964131e-03,1.033851e-01,1.290723e-01,3.963991e-02,4.274766e-02,6.582226e-02,2.194677e-01,3.290287e-03,2.962282e-02
7.869177e-02,1.480573e-02,2.931876e-01,1.833942e-02,1.262798e-02,1.032804e-02,1.643680e-03,8.153222e-02,1.990987e-01,3.353641e-02,3.047026e-02,4.644117e-02,1.540986e-01,2.367203e-03,2.283115e-02
5.909880e-02,1.107193e-02,4.560325e-01,3.282753e-02,9.635699e-03,9.011670e-03,1.778050e-03,6.549199e-02,1.466025e-01,2.565105e-02,2.165483e-02,3.259235e-02,1.106449e-01,1.672649e-03,1.623353e-02
4.444897e-02,8.138697e-03,5.629404e-01,6.092820e-02,7.016933e-03,7.881585e-03,1.361985e-03,4.929559e-02,1.046427e-01,2.367047e-02,1.580103e-02,2.294338e-02,7.783221e-02,1.197551e-03,1.190031e-02
5.132489e-02,8.547691e-03,6.208036e-01,5.971426e-02,7.294049e-03,6.474410e-03,1.497605e-03,4.318557e-02,7.943061e-02,2.796527e-02,1.230521e-02,1.620115e-02,5.489233e-02,9.889576e-04,9.374394e-03
4.716469e-02,6.976370e-03,6.753430e-01,5.731613e-02,6.185167e-03,4.955506e-03,1.506836e-03,4.762521e-02,5.741690e-02,2.797043e-02,9.030080e-03,1.141897e-02,3.863076e-02,8.610638e-04,7.598901e-03
6.798245e-02,1.040837e-02,6.811084e-01,4.783022e-02,7.921683e-03,4.473254e-03,1.836754e-03,5.503372e-02,4.322675e-02,2.588113e-02,7.335186e-03,8.811373e-03,2.909374e-02,1.312102e-03,7.744831e-03
6.310841e-02,9.241288e-03,7.078221e-01,3.618363e-02,6.540060e-03,3.995610e-03,1.431854e-03,6.717132e-02,3.368646e-02,2.577859e-02,5.752271e-03,6.498028e-03,2.085069e-02,1.976856e-03,9.962834e-03
6.034207e-02,9.274702e-03,6.915138e-01,2.812490e-02,6.989896e-03,3.320858e-03,1.259936e-03,1.106317e-01,2.649631e-02,2.468933e-02,4.697525e-03,5.052094e-03,1.539452e-02,2.442311e-03,9.770054e-03
7.183972e-02,2.873988e-02,6.158699e-01,2.085526e-02,8.360961e-03,4.132756e-03,1.094592e-03,1.599492e-01,2.234806e-02,2.741369e-02,3.854140e-03,4.147585e-03,1.108127e-02,4.148357e-03,1.616468e-02
6.766916e-02,2.792263e-02,5.940395e-01,1.704908e-02,7.106876e-03,4.728395e-03,9.706056e-04,1.953036e-01,1.921074e-02,3.108627e-02,3.237680e-03,3.433800e-03,8.107376e-03,3.620027e-03,1.651422e-02
5.624495e-02,2.420188e-02,5.787500e-01,1.412379e-02,5.282596e-03,6.092436e-03,9.464014e-04,1.706955e-01,1.773240e-02,8.256124e-02,3.277228e-03,2.782182e-03,6.164750e-03,3.905630e-03,2.723902e-02
4.162204e-02,1.736684e-02,5.435419e-01,1.017397e-02,3.725160e-03,5.258594e-03,7.918419e-04,1.207854e-01,1.609648e-02,1.422347e-01,3.607563e-03,2.105926e-03,4.625959e-03,4.080316e-02,4.726040e-02
2.946648e-02,1.266462e-02,5.427706e-01,8.371095e-03,2.626435e-03,4.058612e-03,6.205831e-04,8.499760e-02,1.690482e-02,1.237936e-01,6.527397e-03,2.432741e-03,3.799907e-03,1.061585e-01,5.480689e-02
2.421700e-02,1.028094e-02,4.555090e-01,7.002611e-03,1.916796e-03,3.377215e-03,5.113792e-04,6.012319e-02,2.475633e-02,1.140872e-01,8.713932e-02,6.148010e-03,4.387480e-03,1.574480e-01,4.309553e-02
3.807411e-02,8.266341e-03,3.423581e-01,5.228851e-03,1.452019e-03,3.859045e-03,4.216063e-04,4.300454e-02,2.414020e-02,9.019202e-02,1.771418e-01,1.231443e-02,5.441230e-03,2.156626e-01,3.244317e-02
7.074951e-02,9.392828e-03,2.497718e-01,5.572643e-03,1.312334e-03,3.436570e-03,3.707852e-04,3.135128e-02,2.387737e-02,6.963434e-02,2.448675e-01,1.180711e-02,5.514421e-03,2.442969e-01,2.804451e-02
7.460044e-02,7.194405e-03,1.777864e-01,4.702727e-03,1.090991e-03,2.826019e-03,3.478935e-04,2.299407e-02,2.139658e-02,5.392735e-02,3.727214e-01,1.191284e-02,4.717651e-03,2.238650e-01,1.991626e-02
1.032394e-01,5.645139e-03,1.254513e-01,3.955154e-03,9.330210e-04,2.712498e-03,3.452739e-04,1.687527e-02,1.946628e-02,4.092678e-02,4.208185e-01,1.234860e-02,4.584377e-03,2.284788e-01,1.421954e-02
1.169326e-01,7.832443e-03,8.800896e-02,3.555226e-03,8.367159e-04,6.982672e-03,3.681579e-04,1.267904e-02,1.950112e-02,3.577686e-02,4.775546e-01,1.460324e-02,4.244468e-03,2.008631e-01,1.026083e-02
1.373491e-01,1.264606e-02,6.193542e-02,3.874660e-03,1.110375e-03,1.033404e-02,4.552713e-04,1.002823e-02,2.352617e-02,3.130469e-02,4.951942e-01,1.594299e-02,3.686344e-03,1.849310e-01,7.681381e-03
1.008559e-01,2.066133e-02,4.411478e-02,4.364667e-03,3.371103e-03,2.225536e-02,5.259625e-04,8.237404e-03,4.036988e-02,2.877008e-02,4.685134e-01,1.516458e-02,3.078017e-03,2.336585e-01,6.059110e-03
8.123018e-02,3.580272e-02,3.215631e-02,1.138968e-02,5.678331e-03,2.353485e-02,4.934077e-04,7.844247e-03,7.006873e-02,2.425249e-02,4.363072e-01,1.207758e-02,2.494320e-03,2.505440e-01,6.125894e-03
6.373227e-02,3.983138e-02,2.509672e-02,2.819958e-02,7.203953e-03,2.531532e-02,4.611297e-04,1.110481e-02,9.291984e-02,2.337155e-02,4.215035e-01,8.948408e-03,2.302366e-03,2.429631e-01,7.046142e-03
5.390162e-02,5.902449e-02,2.066821e-02,4.665854e-02,1.278405e-02,2.750210e-02,6.385464e-04,1.834343e-02,1.613454e-01,3.068774e-02,3.441666e-01,6.810348e-03,2.736855e-03,2.078392e-01,6.892832e-03
4.188657e-02,5.705773e-02,1.740285e-02,7.411236e-02,1.622713e-02,4.173448e-02,9.410976e-04,2.017669e-02,1.810003e-01,3.646882e-02,3.036698e-01,5.893649e-03,6.132924e-03,1.892914e-01,8.004244e-03
3.180338e-02,5.899661e-02,1.701113e-02,1.075820e-01,1.886065e-02,3.593714e-02,8.590168e-04,2.044911e-02,1.770788e-01,3.980200e-02,3.059825e-01,5.423530e-03,1.368343e-02,1.522041e-01,1.432659e-02
2.362231e-02,5.070941e-02,2.153646e-02,2.032157e-01,1.510708e-02,2.745118e-02,6.804855e-04,1.827587e-02,1.342622e-01,3.209012e-02,2.862410e-01,8.993796e-03,3.787709e-02,1.097580e-01,3.017924e-02
1.845779e-02,5.096759e-02,2.102347e-02,1.656214e-01,1.143884e-02,2.191109e-02,5.887973e-04,1.728866e-02,1.375736e-01,3.054892e-02,3.395245e-01,1.430736e-02,5.791552e-02,8.555567e-02,2.727672e-02
1.547987e-02,5.461098e-02,2.872536e-02,2.033304e-01,1.136503e-02,1.759857e-02,5.504460e-04,1.411877e-02,1.900654e-01,2.522806e-02,2.733946e-01,1.895983e-02,5.335248e-02,6.511629e-02,2.810398e-02
1.561484e-02,5.230581e-02,3.549992e-02,1.683564e-01,1.006827e-02,1.827744e-02,8.863467e-04,1.347191e-02,2.713237e-01,2.173640e-02,2.271716e-01,2.737395e-02,4.631355e-02,6.290928e-02,2.869060e-02
1.300550e-02,5.864324e-02,3.636613e-02,2.159905e-01,8.176652e-03,1.603273e-02,8.438322e-04,1.068261e-02,3.133861e-01,1.747219e-02,1.711919e-01,2.755462e-02,3.612310e-02,4.893829e-02,2.559249e-02
1.347451e-02,5.740269e-02,3.498599e-02,2.507361e-01,1.153283e-02,1.393380e-02,1.375343e-03,9.135657e-03,3.541723e-01,1.410169e-02,1.271860e-01,2.118882e-02,2.751745e-02,4.054999e-02,2.270686e-02
2.121919e-02,6.368525e-02,3.182789e-02,2.665296e-01,1.803014e-02,1.187806e-02,1.753172e-03,8.830848e-03,3.595032e-01,1.413228e-02,9.678110e-02,1.705064e-02,2.170235e-02,4.236815e-02,2.470807e-02
3.824864e-02,7.713611e-02,3.365464e-02,2.712486e-01,2.063501e-02,1.082622e-02,1.783899e-03,9.872614e-03,3.492913e-01,1.454055e-02,7.654729e-02,1.614315e-02,2.011123e-02,3.414878e-02,2.581197e-02
5.393302e-02,8.663118e-02,3.159112e-02,2.334905e-01,3.533614e-02,9.935439e-03,1.883254e-03,2.432460e-02,3.478180e-01,1.620230e-02,6.584628e-02,1.475908e-02,1.922350e-02,3.493460e-02,2.409101e-02
1.515410e-01,7.781616e-02,3.883907e-02,2.030401e-01,3.257107e-02,1.352927e-02,2.070699e-03,2.249479e-02,2.703983e-01,2.570755e-02,6.031194e-02,2.491858e-02,2.103263e-02,2.992655e-02,2.580231e-02
1.451119e-01,6.166452e-02,3.632450e-02,1.875682e-01,2.813826e-02,1.315068e-02,3.022988e-03,1.772393e-02,2.026105e-01,2.011016e-02,6.586462e-02,3.696536e-02,1.320878e-01,2.447616e-02,2.518034e-02
1.270482e-01,4.648796e-02,3.094914e-02,1.428626e-01,2.272131e-02,1.124251e-02,3.409714e-03,1.631573e-02,1.493013e-01,1.605022e-02,5.854488e-02,7.033979e-02,2.584808e-01,2.020014e-02,2.604570e-02
9.801407e-02,3.455042e-02,2.305923e-02,1.040414e-01,1.796566e-02,9.772107e-03,2.659414e-03,1.200815e-02,1.066879e-01,1.152583e-02,4.667887e-02,1.459661e-01,3.504478e-01,1.600279e-02,2.062034e-02
7.344390e-02,2.466115e-02,1.650985e-02,7.363423e-02,1.341972e-02,8.633920e-03,2.066448e-03,8.785266e-03,7.692473e-02,8.399213e-03,3.549592e-02,1.908748e-01,4.398563e-01,1.208753e-02,1.520709e-02
7.538208e-02,1.773703e-02,1.194504e-02,5.187565e-02,1.607752e-02,8.891535e-03,2.101183e-03,7.928775e-03,5.778002e-02,6.316883e-03,2.620902e-02,2.532973e-01,4.442645e-01,8.813352e-03,1.138016e-02
5.841916e-02,1.287406e-02,8.713747e-03,3.641148e-02,1.350366e-02,8.181132e-03,1.993006e-03,6.360148e-03,4.235271e-02,5.160635e-03,1.898216e-02,3.833416e-01,3.883384e-01,6.707140e-03,8.660951e-03
4.281893e-02,9.663916e-03,6.888757e-03,2.556891e-02,1.074790e-02,7.331051e-03,1.634475e-03,4.787662e-03,3.128240e-02,5.346916e-03,1.399170e-02,5.211291e-01,3.069485e-01,5.232242e-03,6.627436e-03
3.744812e-02,1.332601e-02,2.153576e-02,1.798697e-02,1.674882e-02,1.133113e-02,5.202842e-03,4.454520e-03,2.394207e-02,7.135918e-03,1.073592e-02,5.727937e-01,2.448397e-01,4.706782e-03,7.811706e-03
3.002540e-02,1.018362e-02,2.179904e-02,1.264127e-02,2.132032e-02,1.205176e-02,1.013846e-02,8.406529e-03,1.833758e-02,6.733053e-03,8.504042e-03,6.060492e-01,2.211488e-01,3.826402e-03,8.834451e-03
2.304758e-02,9.093450e-03,5.759877e-02,9.245468e-03,2.223607e-02,9.315231e-03,1.055456e-02,1.976976e-02,1.381304e-02,9.374399e-03,7.791272e-03,5.890374e-01,2.017596e-01,3.466903e-03,1.389636e-02
1.849851e-02,6.601555e-03,5.418335e-02,6.684289e-03,2.240881e-02,6.742320e-03,1.748302e-02,1.336015e-01,1.040934e-02,7.494049e-03,6.713137e-03,5.292670e-01,1.639856e-01,2.606501e-03,1.332091e-02
2.211027e-02,5.730879e-03,9.592715e-02,5.298669e-03,2.541274e-02,5.225290e-03,3.107182e-02,2.007035e-01,8.933279e-03,6.646965e-03,5.326298e-03,4.483408e-01,1.233654e-01,2.121346e-03,1.378546e-02
2.651222e-02,5.342942e-03,1.126922e-01,1.447214e-02,3.368063e-02,4.168572e-03,2.752017e-02,3.226275e-01,1.070063e-02,5.025573e-03,4.806931e-03,3.239062e-01,9.637105e-02,1.610890e-03,1.056223e-02
4.473418e-02,4.359714e-03,1.207752e-01,1.323909e-02,3.387576e-02,5.574166e-03,3.758954e-02,3.623863e-01,9.745818e-03,4.617650e-03,4.391230e-03,2.542432e-01,9.451656e-02,1.462908e-03,8.488713e-03
5.421722e-02,5.549159e-03,1.281092e-01,1.277322e-02,4.276282e-02,7.217026e-03,6.130062e-02,3.706939e-01,2.027615e-02,6.541433e-03,3.614516e-03,1.917548e-01,7.982668e-02,1.270349e-03,1.409285e-02
4.516914e-02,8.193097e-03,1.141644e-01,9.678567e-03,4.613474e-02,6.969612e-03,1.634723e-01,3.111860e-01,7.148331e-02,4.870849e-03,2.924474e-03,1.387182e-01,6.380959e-02,9.739787e-04,1.225165e-02
3.533148e-02,6.839131e-03,9.005663e-02,6.923430e-03,3.760794e-02,6.215804e-03,1.463703e-01,4.484574e-01,6.067715e-02,3.554072e-03,2.260796e-03,9.782489e-02,4.751367e-02,7.224466e-04,9.644761e-03
3.147214e-02,6.275787e-03,6.704452e-02,5.156435e-03,3.425760e-02,4.894969e-03,1.072730e-01,5.815825e-01,4.668415e-02,2.500377e-03,1.629662e-03,6.887432e-02,3.497322e-02,5.241283e-04,6.857080e-03
2.565580e-02,5.611599e-03,4.856565e-02,3.829173e-03,3.276566e-02,3.830821e-03,7.905076e-02,6.810244e-01,3.570397e-02,1.769617e-03,1.193351e-03,4.976233e-02,2.596734e-02,4.037931e-04,4.865663e-03
2.201967e-02,6.345451e-03,3.454635e-02,3.095408e-03,3.098968e-02,3.532662e-03,5.695132e-02,7.526391e-01,2.861050e-02,1.259542e-03,9.874413e-04,3.582339e-02,1.936867e-02,3.429073e-04,3.487818e-03
2.883814e-02,1.072400e-02,2.529599e-02,7.257976e-03,2.748902e-02,3.357309e-03,4.157938e-02,7.812490e-01,2.538880e-02,9.923766e-04,1.214480e-03,2.791711e-02,1.499491e-02,2.826251e-04,3.418821e-03
3.313291e-02,9.446728e-03,1.920774e-02,2.124672e-02,2.267949e-02,3.151717e-03,3.047105e-02,7.924317e-01,1.961360e-02,1.454256e-03,2.473628e-03,2.567803e-02,1.290576e-02,2.452667e-04,5.861298e-03
3.716528e-02,7.422020e-03,1.427989e-02,2.051601e-02,1.912305e-02,2.938015e-03,2.229635e-02,8.226687e-01,1.559003e-02,1.093973e-03,1.933855e-03,1.855995e-02,1.148954e-02,1.904112e-04,4.732849e-03
4.736038e-02,6.527657e-03,1.134500e-02,2.212639e-02,1.784766e-02,3.382690e-03,1.782449e-02,8.258579e-01,1.593092e-02,1.034629e-03,1.600581e-03,1.378438e-02,1.096586e-02,1.707559e-04,4.240663e-03
7.690319e-02,8.521933e-03,1.002459e-02,3.686349e-02,1.513122e-02,8.100118e-03,1.497833e-02,7.704856e-01,2.368619e-02,2.160180e-03,2.318261e-03,1.247067e-02,9.464572e-03,2.389321e-04,8.652642e-03
9.480311e-02,2.672325e-02,1.554018e-02,9.857227e-02,2.168738e-02,3.605396e-02,1.280113e-02,5.719580e-01,3.768671e-02,9.465255e-03,1.794617e-02,2.078665e-02,1.115698e-02,7.918487e-04,2.402715e-02
7.603412e-02,5.644378e-02,2.011586e-02,2.255619e-01,2.727995e-02,5.109112e-02,9.633124e-03,4.017703e-01,3.362642e-02,1.004453e-02,3.253153e-02,2.180709e-02,1.063328e-02,9.534464e-04,2.247361e-02
6.426086e-02,4.997938e-02,1.883842e-02,2.007878e-01,2.115880e-02,7.236235e-02,6.866218e-03,2.816380e-01,3.301252e-02,9.316374e-03,1.549785e-01,5.366432e-02,1.200660e-02,1.763981e-03,1.936584e-02
5.109172e-02,3.856171e-02,1.591447e-02,1.516874e-01,1.506877e-02,1.379514e-01,4.960172e-03,1.972983e-01,2.687428e-02,8.517230e-03,2.213603e-01,1.040157e-01,9.778533e-03,1.699604e-03,1.522057e-02
6.610236e-02,3.010994e-02,1.477096e-02,1.095408e-01,1.122078e-02,1.071891e-01,3.813564e-03,1.386098e-01,2.201752e-02,7.557681e-03,3.149225e-01,1.519360e-01,7.197944e-03,2.691055e-03,1.232015e-02
6.132480e-02,4.705525e-02,1.712755e-02,7.782075e-02,1.040269e-02,7.972743e-02,2.928410e-03,9.862960e-02,5.691659e-02,7.267636e-03,3.078034e-01,2.119618e-01,6.309297e-03,4.145349e-03,1.057953e-02
5.854529e-02,3.748484e-02,1.548991e-02,5.890258e-02,2.340769e-02,5.832174e-02,3.764666e-03,7.420243e-02,8.315860e-02,7.020504e-03,3.566641e-01,2.060184e-01,4.811248e-03,3.631921e-03,8.576138e-03
4.851169e-02,3.860380e-02,1.200608e-02,4.240469e-02,2.035968e-02,4.271395e-02,3.458953e-03,5.557049e-02,1.163289e-01,5.565271e-03,4.173347e-01,1.829236e-01,3.857716e-03,3.525141e-03,6.835401e-03
3.550727e-02,3.374883e-02,9.021953e-03,3.004160e-02,1.715319e-02,3.377048e-02,2.669154e-03,4.119050e-02,3.127680e-01,4.510703e-03,3.187207e-01,1.494863e-01,3.250275e-03,3.161469e-03,4.999674e-03
2.536835e-02,3.666439e-02,7.556669e-03,2.243000e-02,1.569528e-02,3.161858e-02,2.001182e-03,3.045464e-02,3.090034e-01,4.688827e-03,3.575224e-01,1.464690e-01,3.374205e-03,3.105414e-03,4.047741e-03
1.811662e-02,5.194488e-02,5.906742e-03,1.625699e-02,1.251521e-02,4.304211e-02,1.463843e-03,2.248611e-02,4.457643e-01,4.593040e-03,2.598338e-01,1.071352e-01,3.003125e-03,4.861740e-03,3.076400e-03
1.381875e-02,6.637416e-02,5.713585e-03,3.152813e-02,1.621494e-02,4.593760e-02,1.171940e-03,2.032521e-02,5.143259e-01,3.859929e-03,1.913961e-01,7.997062e-02,2.789827e-03,3.897944e-03,2.675405e-03
1.175727e-02,8.023953e-02,4.637441e-03,3.815408e-02,1.694830e-02,4.997041e-02,9.106304e-04,1.587651e-02,5.450044e-01,5.365024e-03,1.597731e-01,5.961193e-02,2.771568e-03,5.243868e-03,3.735928e-03
1.065053e-02,1.221596e-01,6.068169e-03,1.185914e-01,1.502945e-02,4.585408e-02,6.754354e-04,1.360449e-02,4.742541e-01,9.306165e-03,1.234463e-01,4.307435e-02,2.823996e-03,5.013636e-03,9.448227e-03
2.506436e-02,1.107280e-01,7.022360e-03,1.129021e-01,1.978337e-02,3.549144e-02,7.632086e-04,1.285426e-02,4.329008e-01,1.640592e-02,1.185201e-01,3.646133e-02,5.914357e-03,4.622045e-03,6.056633e-02
2.139487e-02,8.859143e-02,6.806287e-03,1.030550e-01,3.175742e-02,3.474607e-02,1.002146e-03,2.166734e-02,4.953851e-01,1.396411e-02,9.641715e-02,2.643627e-02,6.729715e-03,4.436801e-03,4.761034e-02
2.855126e-02,8.513026e-02,7.683604e-03,8.932973e-02,5.129000e-02,4.495132e-02,1.567240e-03,2.165122e-02,4.943533e-01,1.331225e-02,8.013152e-02,1.941489e-02,1.072687e-02,5.558101e-03,4.634839e-02
2.626386e-02,7.892901e-02,1.032596e-02,1.409888e-01,5.769705e-02,3.395603e-02,1.434762e-03,4.487473e-02,4.685170e-01,1.128161e-02,6.008436e-02,1.388052e-02,8.757235e-03,4.496208e-03,3.851287e-02
3.757758e-02,1.018062e-01,9.559280e-03,1.464829e-01,5.839220e-02,4.003312e-02,1.421943e-03,4.195128e-02,4.180764e-01,1.076663e-02,4.715031e-02,1.007636e-02,8.897353e-03,4.768655e-03,6.303993e-02
4.263935e-02,9.411997e-02,1.567033e-02,2.005612e-01,5.493361e-02,2.919103e-02,1.311639e-03,3.768848e-02,3.834658e-01,1.127030e-02,3.597040e-02,7.992886e-03,7.886618e-03,3.795673e-03,7.350281e-02
4.344019e-02,7.787927e-02,2.607476e-02,1.968493e-01,4.716128e-02,2.197179e-02,1.282341e-03,3.531578e-02,4.276045e-01,1.086582e-02,2.785827e-02,6.175485e-03,6.515400e-03,3.189368e-03,6.781651e-02
5.802481e-02,6.832266e-02,3.458320e-02,1.763205e-01,3.695435e-02,1.668295e-02,1.081058e-03,5.583750e-02,4.280287e-01,1.337440e-02,2.322517e-02,5.156981e-03,5.625050e-03,3.545395e-03,7.323725e-02
5.886322e-02,5.375984e-02,6.735677e-02,2.559799e-01,2.858564e-02,1.249088e-02,1.059030e-03,5.565499e-02,3.650340e-01,1.183534e-02,1.883193e-02,4.361294e-03,5.061944e-03,3.574907e-03,5.755026e-02
1.453911e-01,5.874144e-02,6.395563e-02,2.388418e-01,3.161405e-02,1.046041e-02,1.620706e-03,5.833636e-02,2.912093e-01,1.121684e-02,1.802788e-02,4.698780e-03,6.043171e-03,5.129533e-03,5.471296e-02
2.908260e-01,4.706584e-02,4.908684e-02,1.776432e-01,3.241261e-02,8.826483e-03,1.743138e-03,6.356907e-02,2.461348e-01,9.343397e-03,1.512735e-02,4.410809e-03,5.336105e-03,5.092587e-03,4.338173e-02
3.819145e-01,3.758360e-02,3.985510e-02,1.343161e-01,2.718984e-02,7.299493e-03,2.379914e-03,6.406353e-02,2.345224e-01,8.069588e-03,1.331330e-02,4.233720e-03,4.298277e-03,4.644065e-03,3.631650e-02
4.199994e-01,3.626030e-02,3.196553e-02,9.928644e-02,2.374305e-02,7.161423e-03,2.591292e-03,6.102544e-02,2.333329e-01,9.932810e-03,1.140174e-02,3.812003e-03,4.367870e-03,6.722210e-03,4.839764e-02
3.502056e-01,4.930999e-02,4.047931e-02,8.100711e-02,3.460737e-02,9.863761e-03,2.601655e-03,8.116122e-02,2.492041e-01,1.410338e-02,1.002036e-02,2.995178e-03,5.398090e-03,6.902901e-03,6.214003e-02
3.044336e-01,7.134935e-02,4.003793e-02,6.615205e-02,4.763811e-02,2.288091e-02,2.494279e-03,6.770577e-02,2.446983e-01,1.771537e-02,8.648262e-03,2.455677e-03,1.090269e-02,7.883875e-03,8.500382e-02
2.480486e-01,1.029277e-01,3.419117e-02,5.483495e-02,7.398957e-02,5.807649e-02,2.323423e-03,5.423104e-02,2.468593e-01,1.508481e-02,6.923831e-03,1.866462e-03,1.664628e-02,7.022711e-03,7.697366e-02
2.089181e-01,9.472825e-02,4.416482e-02,1.300022e-01,7.150171e-02,4.385455e-02,2.142235e-03,1.139173e-01,1.881719e-01,1.319552e-02,5.363777e-03,1.662340e-03,1.303206e-02,5.119291e-03,6.422594e-02
1.980761e-01,1.102101e-01,4.308175e-02,1.289076e-01,7.320604e-02,4.079042e-02,2.032668e-03,1.101491e-01,1.649515e-01,1.187701e-02,4.423456e-03,1.808340e-03,1.233456e-02,4.042593e-03,9.410866e-02
2.204946e-01,9.851848e-02,4.241917e-02,1.674463e-01,7.879046e-02,3.223031e-02,2.878241e-03,1.165355e-01,1.345488e-01,8.622197e-03,4.393568e-03,2.896991e-03,1.125337e-02,3.014593e-03,7.595757e-02
2.872258e-01,1.113352e-01,3.871618e-02,1.310026e-01,7.004012e-02,5.527099e-02,3.050758e-03,9.588750e-02,1.221582e-01,6.352647e-03,3.695524e-03,3.368592e-03,1.230660e-02,2.316277e-03,5.727297e-02
4.040420e-01,1.015930e-01,3.178031e-02,9.329597e-02,5.573318e-02,5.675209e-02,3.070859e-03,7.349405e-02,1.094055e-01,4.740285e-03,2.863906e-03,3.378596e-03,1.569765e-02,1.831098e-03,4.232144e-02
3.190169e-01,1.051730e-01,2.867906e-02,1.694476e-01,4.106780e-02,4.095260e-02,2.329664e-03,5.284020e-02,9.215751e-02,1.059514e-02,1.341896e-02,6.764026e-03,1.760716e-02,1.724548e-03,9.822579e-02
2.251053e-01,8.811755e-02,2.257203e-02,2.578766e-01,3.147690e-02,3.154725e-02,1.797328e-03,3.724465e-02,7.514380e-02,1.055554e-02,2.623504e-02,5.766375e-03,6.122737e-02,1.396414e-03,1.239378e-01
1.590438e-01,6.369077e-02,1.660622e-02,1.976812e-01,2.242108e-02,2.818619e-02,1.443261e-03,2.625454e-02,5.731232e-02,7.775323e-03,2.088938e-02,8.343866e-03,2.975552e-01,1.005756e-03,9.179120e-02
1.125001e-01,4.681552e-02,1.226616e-02,1.470062e-01,1.595864e-02,3.251318e-02,1.234279e-03,1.853288e-02,4.458128e-02,6.106995e-03,1.559161e-02,1.364435e-02,4.643010e-01,7.383336e-04,6.820960e-02
7.995378e-02,3.524506e-02,8.886995e-03,1.063889e-01,1.160030e-02,3.227846e-02,9.976586e-04,1.330436e-02,3.939053e-02,4.592400e-03,1.226059e-02,1.963538e-02,5.845875e-01,6.272812e-04,5.025082e-02
5.695402e-02,2.871131e-02,7.233582e-03,7.702657e-02,8.889046e-03,2.935844e-02,7.909478e-04,9.676265e-03,5.033232e-02,3.404077e-03,1.068693e-02,3.507562e-02,6.442629e-01,5.577630e-04,3.704026e-02
4.089416e-02,2.543085e-02,5.442081e-03,5.664065e-02,6.587883e-03,2.439456e-02,6.245577e-04,7.142041e-03,5.248266e-02,2.900223e-03,9.049506e-03,7.119632e-02,6.675828e-01,6.956577e-04,2.893617e-02
3.184968e-02,2.003951e-02,5.361664e-03,4.744725e-02,6.088668e-03,3.286195e-02,8.313348e-04,6.472779e-03,9.897143e-02,2.997255e-03,1.197324e-02,1.154297e-01,5.919176e-01,3.059192e-03,2.469875e-02
2.399955e-02,2.149452e-02,5.507578e-03,3.594614e-02,5.779459e-03,9.033570e-02,1.125782e-03,6.099052e-03,1.539926e-01,3.017296e-03,1.206990e-02,1.297921e-01,4.844129e-01,4.396429e-03,2.203108e-02
1.728463e-02,1.618261e-02,4.543616e-03,2.595562e-02,4.471340e-03,6.848180e-02,1.062540e-03,5.584265e-03,1.325676e-01,3.697146e-03,1.189415e-02,2.811750e-01,4.041986e-01,4.433872e-03,1.846720e-02
1.278084e-02,2.001544e-02,6.404981e-03,2.087000e-02,4.382626e-03,9.103198e-02,1.245658e-03,6.979002e-03,2.602705e-01,4.526841e-03,1.097633e-02,2.224348e-01,3.106377e-01,4.258155e-03,2.318525e-02
9.870694e-03,1.884638e-02,8.389335e-03,1.780312e-02,4.463039e-03,1.039753e-01,1.833827e-03,9.613119e-03,3.238397e-01,6.871479e-03,1.198189e-02,2.143445e-01,2.375666e-01,4.506509e-03,2.609456e-02
1.089773e-02,1.717104e-02,6.756982e-03,1.746064e-02,4.154904e-03,9.119841e-02,1.652397e-03,1.137572e-02,3.789220e-01,9.964902e-03,1.641902e-02,2.113471e-01,1.886105e-01,4.597475e-03,2.947112e-02
1.150184e-02,1.864528e-02,5.874435e-03,1.473380e-02,4.727346e-03,9.162295e-02,2.031935e-03,1.180355e-02,3.838934e-01,1.381595e-02,1.559219e-02,2.206130e-01,1.477047e-01,1.009536e-02,4.734430e-02
2.713862e-02,1.906350e-02,5.582507e-03,1.300973e-02,5.554483e-03,7.348197e-02,2.830016e-03,1.099524e-02,3.921305e-01,1.803109e-02,1.778901e-02,2.265479e-01,1.256759e-01,1.298535e-02,4.918420e-02
3.106046e-02,1.785514e-02,7.511077e-03,9.832828e-03,1.849331e-02,5.961906e-02,4.591946e-03,9.990211e-03,4.982303e-01,1.422313e-02,1.483801e-02,1.614965e-01,9.682213e-02,1.212304e-02,4.331284e-02
4.111326e-02,1.701420e-02,1.371626e-02,7.527020e-03,4.405505e-02,5.205527e-02,5.508022e-03,9.206941e-03,4.950708e-01,1.143042e-02,1.463162e-02,1.146905e-01,7.583105e-02,1.858091e-02,7.956877e-02
4.878463e-02,4.026753e-02,4.298904e-02,8.976744e-02,7.199319e-02,3.780987e-02,6.571805e-03,1.246211e-02,3.928772e-01,1.029448e-02,1.675796e-02,8.388803e-02,5.977408e-02,1.512257e-02,7.064003e-02
4.975707e-02,3.597712e-02,4.608171e-02,7.537741e-02,5.587069e-02,2.951413e-02,5.498548e-03,1.144087e-02,3.810757e-01,1.495385e-02,1.697837e-02,6.045403e-02,4.568771e-02,2.568759e-02,1.456452e-01
3.890118e-02,3.037957e-02,4.507543e-02,1.063628e-01,4.064062e-02,2.199136e-02,3.995237e-03,9.052438e-03,3.896363e-01,1.984911e-02,2.039359e-02,4.532088e-02,3.687670e-02,2.125960e-02,1.702652e-01
3.522602e-02,2.603752e-02,9.584354e-02,1.394865e-01,3.220040e-02,1.618299e-02,2.968942e-03,8.323136e-03,3.691217e-01,2.000288e-02,2.501198e-02,3.280181e-02,2.917199e-02,1.826514e-02,1.493554e-01
3.958160e-02,2.177274e-02,1.297088e-01,1.211279e-01,2.615154e-02,1.192657e-02,2.332125e-03,8.416096e-03,3.493639e-01,2.813506e-02,2.642794e-02,2.366190e-02,2.326257e-02,1.726984e-02,1.708614e-01
5.181103e-02,2.376494e-02,1.555430e-01,1.302096e-01,2.293682e-02,8.982301e-03,1.832343e-03,7.303663e-03,3.424356e-01,2.721553e-02,2.493342e-02,1.760051e-02,1.828497e-02,1.468633e-02,1.524599e-01
6.402791e-02,2.056745e-02,1.373171e-01,1.144835e-01,2.363708e-02,7.035126e-03,1.469156e-03,9.481790e-03,3.664763e-01,2.870240e-02,2.777536e-02,1.320798e-02,1.705188e-02,2.040858e-02,1.483584e-01
1.734948e-01,1.950320e-02,1.043035e-01,8.932239e-02,5.643585e-02,1.029080e-02,2.051841e-03,1.420913e-02,2.672909e-01,2.202403e-02,6.182475e-02,1.211101e-02,2.307803e-02,2.355701e-02,1.205026e-01
1.924094e-01,2.452751e-02,9.492102e-02,9.106274e-02,7.371014e-02,1.198739e-02,2.457353e-03,2.347090e-02,2.366842e-01,1.842264e-02,5.632029e-02,1.004534e-02,1.951711e-02,2.729758e-02,1.171664e-01
1.986493e-01,2.650858e-02,8.707887e-02,8.675133e-02,7.722212e-02,1.150886e-02,2.697743e-03,2.597546e-02,2.314717e-01,2.237872e-02,4.843441e-02,8.816525e-03,1.645614e-02,3.542040e-02,1.206298e-01
2.745531e-01,2.450953e-02,7.147525e-02,6.635608e-02,7.807852e-02,1.045532e-02,2.912044e-03,4.512782e-02,1.810077e-01,2.270190e-02,4.132350e-02,1.022678e-02,1.460683e-02,4.141702e-02,1.152486e-01
2.468614e-01,2.647730e-02,6.830711e-02,5.741732e-02,1.091197e-01,1.124442e-02,2.533976e-03,4.213224e-02,1.500072e-01,2.373777e-02,3.797943e-02,8.564629e-03,1.292326e-02,6.047540e-02,1.422188e-01
