1.000000e+00,0.000000e+00,0.000000e+00,0.000000e+00,0.000000e+00,0.000000e+00,0.000000e+00,0.000000e+00,0.000000e+00,0.000000e+00,0.000000e+00,0.000000e+00,0.000000e+00,0.000000e+00,0.000000e+00
1.000000e+00,0.000000e+00,0.000000e+00,0.000000e+00,0.000000e+00,0.000000e+00,0.000000e+00,0.000000e+00,0.000000e+00,0.000000e+00,0.000000e+00,0.000000e+00,0.000000e+00,0.000000e+00,0.000000e+00
1.000000e+00,0.000000e+00,0.000000e+00,0.000000e+00,0.000000e+00,0.000000e+00,0.000000e+00,0.000000e+00,0.000000e+00,0.000000e+00,0.000000e+00,0.000000e+00,0.000000e+00,0.000000e+00,0.000000e+00
1.000000e+00,0.000000e+00,0.000000e+00,0.000000e+00,0.000000e+00,0.000000e+00,0.000000e+00,0.000000e+00,0.000000e+00,0.000000e+00,0.000000e+00,0.000000e+00,0.000000e+00,0.000000e+00,0.000000e+00
1.000000e+00,0.000000e+00,0.000000e+00,0.000000e+00,0.000000e+00,0.000000e+00,0.000000e+00,0.000000e+00,0.000000e+00,0.000000e+00,0.000000e+00,0.000000e+00,0.000000e+00,0.000000e+00,0.000000e+00
1.000000e+00,0.000000e+00,0.000000e+00,0.000000e+00,0.000000e+00,0.000000e+00,0.000000e+00,0.000000e+00,0.000000e+00,0.000000e+00,0.000000e+00,0.000000e+00,0.000000e+00,0.000000e+00,0.000000e+00
1.000000e+00,0.000000e+00,0.000000e+00,0.000000e+00,0.000000e+00,0.000000e+00,0.000000e+00,0.000000e+00,0.000000e+00,0.000000e+00,0.000000e+00,0.000000e+00,0.000000e+00,0.000000e+00,0.000000e+00
1.000000e+00,0.000000e+00,0.000000e+00,0.000000e+00,0.000000e+00,0.000000e+00,0.000000e+00,0.000000e+00,0.000000e+00,0.000000e+00,0.000000e+00,0.000000e+00,0.000000e+00,0.000000e+00,0.000000e+00
1.000000e+00,0.000000e+00,0.000000e+00,0.000000e+00,0.000000e+00,0.000000e+00,0.000000e+00,0.000000e+00,0.000000e+00,0.000000e+00,0.000000e+00,0.000000e+00,0.000000e+00,0.000000e+00,0.000000e+00
1.000000e+00,0.000000e+00,0.000000e+00,0.000000e+00,0.000000e+00,0.000000e+00,0.000000e+00,0.000000e+00,0.000000e+00,0.000000e+00,0.000000e+00,0.000000e+00,0.000000e+00,0.000000e+00,0.000000e+00
1.000000e+00,0.000000e+00,0.000000e+00,0.000000e+00,0.000000e+00,0.000000e+00,0.000000e+00,0.000000e+00,0.000000e+00,0.000000e+00,0.000000e+00,0.000000e+00,0.000000e+00,0.000000e+00,0.000000e+00
1.000000e+00,0.000000e+00,0.000000e+00,0.000000e+00,0.000000e+00,0.000000e+00,0.000000e+00,0.000000e+00,0.000000e+00,0.000000e+00,0.000000e+00,0.000000e+00,0.000000e+00,0.000000e+00,0.000000e+00
1.000000e+00,0.000000e+00,0.000000e+00,0.000000e+00,0.000000e+00,0.000000e+00,0.000000e+00,0.000000e+00,0.000000e+00,0.000000e+00,0.000000e+00,0.000000e+00,0.000000e+00,0.000000e+00,0.000000e+00
1.000000e+00,0.000000e+00,0.000000e+00,0.000000e+00,0.000000e+00,0.000000e+00,0.000000e+00,0.000000e+00,0.000000e+00,0.000000e+00,0.000000e+00,0.000000e+00,0.000000e+00,0.000000e+00,0.000000e+00
1.000000e+00,0.000000e+00,0.000000e+00,0.000000e+00,0.000000e+00,0.000000e+00,0.000000e+00,0.000000e+00,0.000000e+00,0.000000e+00,0.000000e+00,0.000000e+00,0.000000e+00,0.000000e+00,0.000000e+00
1.000000e+00,0.000000e+00,0.000000e+00,0.000000e+00,0.000000e+00,0.000000e+00,0.000000e+00,0.000000e+00,0.000000e+00,0.000000e+00,0.000000e+00,0.000000e+00,0.000000e+00,0.000000e+00,0.000000e+00
1.000000e+00,0.000000e+00,0.000000e+00,0.000000e+00,0.000000e+00,0.000000e+00,0.000000e+00,0.000000e+00,0.000000e+00,0.000000e+00,0.000000e+00,0.000000e+00,0.000000e+00,0.000000e+00,0.000000e+00
1.000000e+00,0.000000e+00,0.000000e+00,0.000000e+00,0.000000e+00,0.000000e+00,0.000000e+00,0.000000e+00,0.000000e+00,0.000000e+00,0.000000e+00,0.000000e+00,0.000000e+00,0.000000e+00,0.000000e+00
1.000000e+00,0.000000e+00,0.000000e+00,0.000000e+00,0.000000e+00,0.000000e+00,0.000000e+00,0.000000e+00,0.000000e+00,0.000000e+00,0.000000e+00,0.000000e+00,0.000000e+00,0.000000e+00,0.000000e+00
1.000000e+00,0.000000e+00,0.000000e+00,0.000000e+00,0.000000e+00,0.000000e+00,0.000000e+00,0.000000e+00,0.000000e+00,0.000000e+00,0.000000e+00,0.000000e+00,0.000000e+00,0.000000e+00,0.000000e+00
1.000000e+00,0.000000e+00,0.000000e+00,0.000000e+00,0.000000e+00,0.000000e+00,0.000000e+00,0.000000e+00,0.000000e+00,0.000000e+00,0.000000e+00,0.000000e+00,0.000000e+00,0.000000e+00,0.000000e+00
1.000000e+00,0.000000e+00,0.000000e+00,0.000000e+00,0.000000e+00,0.000000e+00,0.000000e+00,0.000000e+00,0.000000e+00,0.000000e+00,0.000000e+00,0.000000e+00,0.000000e+00,0.000000e+00,0.000000e+00
1.000000e+00,0.000000e+00,0.000000e+00,0.000000e+00,0.000000e+00,0.000000e+00,0.000000e+00,0.000000e+00,0.000000e+00,0.000000e+00,0.000000e+00,0.000000e+00,0.000000e+00,0.000000e+00,0.000000e+00
1.000000e+00,0.000000e+00,0.000000e+00,0.000000e+00,0.000000e+00,0.000000e+00,0.000000e+00,0.000000e+00,0.000000e+00,0.000000e+00,0.000000e+00,0.000000e+00,0.000000e+00,0.000000e+00,0.000000e+00
1.000000e+00,0.000000e+00,0.000000e+00,0.000000e+00,0.000000e+00,0.000000e+00,0.000000e+00,0.000000e+00,0.000000e+00,0.000000e+00,0.000000e+00,0.000000e+00,0.000000e+00,0.000000e+00,0.000000e+00
1.000000e+00,0.000000e+00,0.000000e+00,0.000000e+00,0.000000e+00,0.000000e+00,0.000000e+00,0.000000e+00,0.000000e+00,0.000000e+00,0.000000e+00,0.000000e+00,0.000000e+00,0.000000e+00,0.000000e+00
1.000000e+00,0.000000e+00,0.000000e+00,0.000000e+00,0.000000e+00,0.000000e+00,0.000000e+00,0.000000e+00,0.000000e+00,0.000000e+00,0.000000e+00,0.000000e+00,0.000000e+00,0.000000e+00,0.000000e+00
1.000000e+00,0.000000e+00,0.000000e+00,0.000000e+00,0.000000e+00,0.000000e+00,0.000000e+00,0.000000e+00,0.000000e+00,0.000000e+00,0.000000e+00,0.000000e+00,0.000000e+00,0.000000e+00,0.000000e+00
1.000000e+00,0.000000e+00,0.000000e+00,0.000000e+00,0.000000e+00,0.000000e+00,0.000000e+00,0.000000e+00,0.000000e+00,0.000000e+00,0.000000e+00,0.000000e+00,0.000000e+00,0.000000e+00,0.000000e+00
1.000000e+00,0.000000e+00,0.000000e+00,0.000000e+00,0.000000e+00,0.000000e+00,0.000000e+00,0.000000e+00,0.000000e+00,0.000000e+00,0.000000e+00,0.000000e+00,0.000000e+00,0.000000e+00,0.000000e+00
1.000000e+00,0.000000e+00,0.000000e+00,0.000000e+00,0.000000e+00,0.000000e+00,0.000000e+00,0.000000e+00,0.000000e+00,0.000000e+00,0.000000e+00,0.000000e+00,0.000000e+00,0.000000e+00,0.000000e+00
1.000000e+00,0.000000e+00,0.000000e+00,0.000000e+00,0.000000e+00,0.000000e+00,0.000000e+00,0.000000e+00,0.000000e+00,0.000000e+00,0.000000e+00,0.000000e+00,0.000000e+00,0.000000e+00,0.000000e+00
1.000000e+00,0.000000e+00,0.000000e+00,0.000000e+00,0.000000e+00,0.000000e+00,0.000000e+00,0.000000e+00,0.000000e+00,0.000000e+00,0.000000e+00,0.000000e+00,0.000000e+00,0.000000e+00,0.000000e+00
1.000000e+00,0.000000e+00,0.000000e+00,0.000000e+00,0.000000e+00,0.000000e+00,0.000000e+00,0.000000e+00,0.000000e+00,0.000000e+00,0.000000e+00,0.000000e+00,0.000000e+00,0.000000e+00,0.000000e+00
1.000000e+00,0.000000e+00,0.000000e+00,0.000000e+00,0.000000e+00,0.000000e+00,0.000000e+00,0.000000e+00,0.000000e+00,0.000000e+00,0.000000e+00,0.000000e+00,0.000000e+00,0.000000e+00,0.000000e+00
1.000000e+00,0.000000e+00,0.000000e+00,0.000000e+00,0.000000e+00,0.000000e+00,0.000000e+00,0.000000e+00,0.000000e+00,0.000000e+00,0.000000e+00,0.000000e+00,0.000000e+00,0.000000e+00,0.000000e+00
1.000000e+00,0.000000e+00,0.000000e+00,0.000000e+00,0.000000e+00,0.000000e+00,0.000000e+00,0.000000e+00,0.000000e+00,0.000000e+00,0.000000e+00,0.000000e+00,0.000000e+00,0.000000e+00,0.000000e+00
1.000000e+00,0.000000e+00,0.000000e+00,0.000000e+00,0.000000e+00,0.000000e+00,0.000000e+00,0.000000e+00,0.000000e+00,0.000000e+00,0.000000e+00,0.000000e+00,0.000000e+00,0.000000e+00,0.000000e+00
1.000000e+00,0.000000e+00,0.000000e+00,0.000000e+00,0.000000e+00,0.000000e+00,0.000000e+00,0.000000e+00,0.000000e+00,0.000000e+00,0.000000e+00,0.000000e+00,0.000000e+00,0.000000e+00,0.000000e+00
1.000000e+00,0.000000e+00,0.000000e+00,0.000000e+00,0.000000e+00,0.000000e+00,0.000000e+00,0.000000e+00,0.000000e+00,0.000000e+00,0.000000e+00,0.000000e+00,0.000000e+00,0.000000e+00,0.000000e+00
1.000000e+00,0.000000e+00,0.000000e+00,0.000000e+00,0.000000e+00,0.000000e+00,0.000000e+00,0.000000e+00,0.000000e+00,0.000000e+00,0.000000e+00,0.000000e+00,0.000000e+00,0.000000e+00,0.000000e+00
1.000000e+00,0.000000e+00,0.000000e+00,0.000000e+00,0.000000e+00,0.000000e+00,0.000000e+00,0.000000e+00,0.000000e+00,0.000000e+00,0.000000e+00,0.000000e+00,0.000000e+00,0.000000e+00,0.000000e+00
1.000000e+00,0.000000e+00,0.000000e+00,0.000000e+00,0.000000e+00,0.000000e+00,0.000000e+00,0.000000e+00,0.000000e+00,0.000000e+00,0.000000e+00,0.000000e+00,0.000000e+00,0.000000e+00,0.000000e+00
1.000000e+00,0.000000e+00,0.000000e+00,0.000000e+00,0.000000e+00,0.000000e+00,0.000000e+00,0.000000e+00,0.000000e+00,0.000000e+00,0.000000e+00,0.000000e+00,0.000000e+00,0.000000e+00,0.000000e+00
1.000000e+00,0.000000e+00,0.000000e+00,0.000000e+00,0.000000e+00,0.000000e+00,0.000000e+00,0.000000e+00,0.000000e+00,0.000000e+00,0.000000e+00,0.000000e+00,0.000000e+00,0.000000e+00,0.000000e+00
1.000000e+00,0.000000e+00,0.000000e+00,0.000000e+00,0.000000e+00,0.000000e+00,0.000000e+00,0.000000e+00,0.000000e+00,0.000000e+00,0.000000e+00,0.000000e+00,0.000000e+00,0.000000e+00,0.000000e+00
1.000000e+00,0.000000e+00,0.000000e+00,0.000000e+00,0.000000e+00,0.000000e+00,0.000000e+00,0.000000e+00,0.000000e+00,0.000000e+00,0.000000e+00,0.000000e+00,0.000000e+00,0.000000e+00,0.000000e+00
1.000000e+00,0.000000e+00,0.000000e+00,0.000000e+00,0.000000e+00,0.000000e+00,0.000000e+00,0.000000e+00,0.000000e+00,0.000000e+00,0.000000e+00,0.000000e+00,0.000000e+00,0.000000e+00,0.000000e+00
1.000000e+00,0.000000e+00,0.000000e+00,0.000000e+00,0.000000e+00,0.000000e+00,0.000000e+00,0.000000e+00,0.000000e+00,0.000000e+00,0.000000e+00,0.000000e+00,0.000000e+00,0.000000e+00,0.000000e+00
1.000000e+00,0.000000e+00,0.000000e+00,0.000000e+00,0.000000e+00,0.000000e+00,0.000000e+00,0.000000e+00,0.000000e+00,0.000000e+00,0.000000e+00,0.000000e+00,0.000000e+00,0.000000e+00,0.000000e+00
1.000000e+00,0.000000e+00,0.000000e+00,0.000000e+00,0.000000e+00,0.000000e+00,0.000000e+00,0.000000e+00,0.000000e+00,0.000000e+00,0.000000e+00,0.000000e+00,0.000000e+00,0.000000e+00,0.000000e+00
1.000000e+00,0.000000e+00,0.000000e+00,0.000000e+00,0.000000e+00,0.000000e+00,0.000000e+00,0.000000e+00,0.000000e+00,0.000000e+00,0.000000e+00,0.000000e+00,0.000000e+00,0.000000e+00,0.000000e+00
1.000000e+00,0.000000e+00,0.000000e+00,0.000000e+00,0.000000e+00,0.000000e+00,0.000000e+00,0.000000e+00,0.000000e+00,0.000000e+00,0.000000e+00,0.000000e+00,0.000000e+00,0.000000e+00,0.000000e+00
1.000000e+00,0.000000e+00,0.000000e+00,0.000000e+00,0.000000e+00,0.000000e+00,0.000000e+00,0.000000e+00,0.000000e+00,0.000000e+00,0.000000e+00,0.000000e+00,0.000000e+00,0.000000e+00,0.000000e+00
1.000000e+00,0.000000e+00,0.000000e+00,0.000000e+00,0.000000e+00,0.000000e+00,0.000000e+00,0.000000e+00,0.000000e+00,0.000000e+00,0.000000e+00,0.000000e+00,0.000000e+00,0.000000e+00,0.000000e+00
1.000000e+00,0.000000e+00,0.000000e+00,0.000000e+00,0.000000e+00,0.000000e+00,0.000000e+00,0.000000e+00,0.000000e+00,0.000000e+00,0.000000e+00,0.000000e+00,0.000000e+00,0.000000e+00,0.000000e+00
1.000000e+00,0.000000e+00,0.000000e+00,0.000000e+00,0.000000e+00,0.000000e+00,0.000000e+00,0.000000e+00,0.000000e+00,0.000000e+00,0.000000e+00,0.000000e+00,0.000000e+00,0.000000e+00,0.000000e+00
1.000000e+00,0.000000e+00,0.000000e+00,0.000000e+00,0.000000e+00,0.000000e+00,0.000000e+00,0.000000e+00,0.000000e+00,0.000000e+00,0.000000e+00,0.000000e+00,0.000000e+00,0.000000e+00,0.000000e+00
1.000000e+00,0.000000e+00,0.000000e+00,0.000000e+00,0.000000e+00,0.000000e+00,0.000000e+00,0.000000e+00,0.000000e+00,0.000000e+00,0.000000e+00,0.000000e+00,0.000000e+00,0.000000e+00,0.000000e+00
1.000000e+00,0.000000e+00,0.000000e+00,0.000000e+00,0.000000e+00,0.000000e+00,0.000000e+00,0.000000e+00,0.000000e+00,0.000000e+00,0.000000e+00,0.000000e+00,0.000000e+00,0.000000e+00,0.000000e+00
4.758229e-01,4.756258e-02,7.997483e-02,1.404048e-01,6.870185e-03,2.277074e-02,3.571658e-03,1.313826e-02,1.415146e-02,4.317460e-03,6.055871e-02,2.539239e-02,1.093286e-02,3.238755e-02,6.214368e-02
3.521073e-01,3.943548e-02,6.346236e-02,1.060596e-01,5.205257e-03,2.882799e-02,2.589228e-03,9.637811e-03,1.703712e-02,4.159563e-03,1.335953e-01,2.977096e-02,9.124688e-03,1.227931e-01,7.619419e-02
2.512386e-01,2.961164e-02,4.484371e-02,7.685420e-02,4.045469e-03,2.130590e-02,1.870467e-03,6.874999e-03,1.664327e-02,3.514781e-03,3.381149e-01,2.736344e-02,7.284775e-03,1.119749e-01,5.845900e-02
1.764608e-01,2.102558e-02,3.152725e-02,5.429671e-02,3.028445e-03,1.628773e-02,1.342325e-03,4.864389e-03,1.268062e-02,2.775169e-03,5.174701e-01,2.533929e-02,5.449325e-03,8.508977e-02,4.236249e-02
1.243161e-01,1.569395e-02,2.246346e-02,3.975397e-02,3.224071e-03,1.891262e-02,1.133084e-03,3.653439e-03,1.307016e-02,1.257068e-02,5.790677e-01,2.693592e-02,4.437163e-03,9.205708e-02,4.271064e-02
8.765421e-02,1.123974e-02,1.579988e-02,2.835525e-02,2.797499e-03,1.645371e-02,1.051153e-03,2.624795e-03,1.081582e-02,1.055331e-02,6.730161e-01,2.930417e-02,3.773850e-03,7.174619e-02,3.481438e-02
6.165504e-02,8.036118e-03,1.113041e-02,2.012522e-02,2.270999e-03,1.432361e-02,9.053935e-04,1.849470e-03,8.753939e-03,1.228053e-02,7.350835e-01,3.406222e-02,3.002451e-03,5.420434e-02,3.231671e-02
4.423653e-02,6.227077e-03,8.108756e-03,1.476820e-02,2.664854e-03,2.379222e-02,9.532633e-04,1.422334e-03,8.463540e-03,1.199411e-02,7.522590e-01,4.449200e-02,2.693067e-03,4.689230e-02,3.103272e-02
3.930151e-02,4.910771e-03,5.916326e-03,1.169506e-02,2.719579e-03,2.156801e-02,1.377287e-03,1.168163e-03,8.023024e-03,2.193093e-02,7.491972e-01,5.804328e-02,2.420540e-03,3.931405e-02,3.241418e-02
4.929120e-02,4.119462e-03,4.317799e-03,8.589401e-03,2.901065e-03,1.875060e-02,1.510019e-03,9.907060e-04,7.856645e-03,4.053697e-02,7.342770e-01,6.187776e-02,2.171848e-03,3.167554e-02,3.113400e-02
4.251624e-02,5.937446e-03,3.745695e-03,6.777109e-03,3.599524e-03,1.930452e-02,3.708203e-03,1.631741e-03,9.711690e-03,8.245842e-02,6.812245e-01,7.490516e-02,2.055103e-03,2.623842e-02,3.618627e-02
4.441606e-02,9.776521e-03,5.156877e-03,5.671838e-03,4.527645e-03,2.771598e-02,1.132770e-02,4.547770e-03,1.246124e-02,1.184530e-01,5.897152e-01,1.060697e-01,2.057517e-03,2.303844e-02,3.506450e-02
7.327063e-02,4.785881e-02,8.240924e-03,1.484368e-02,1.209671e-02,3.394776e-02,1.182625e-02,1.341047e-02,3.023241e-02,1.271775e-01,4.598404e-01,9.475435e-02,2.947829e-03,1.844368e-02,5.110858e-02
7.561062e-02,1.007549e-01,8.026535e-03,1.591269e-02,1.567544e-02,3.014336e-02,9.614248e-03,1.357801e-02,6.416566e-02,1.319306e-01,3.670589e-01,9.058315e-02,2.870059e-03,1.686534e-02,5.721054e-02
6.780054e-02,1.351520e-01,6.138904e-03,1.243295e-02,1.238113e-02,2.557857e-02,6.850275e-03,1.020937e-02,8.892795e-02,1.633030e-01,3.001221e-01,9.099144e-02,3.299094e-03,2.229452e-02,5.451819e-02
6.514941e-02,1.564697e-01,4.475743e-03,1.026573e-02,1.071717e-02,2.545205e-02,4.988075e-03,8.077723e-03,1.895487e-01,1.752985e-01,2.186825e-01,6.806701e-02,3.017752e-03,1.785916e-02,4.193078e-02
6.001526e-02,1.929082e-01,4.790635e-03,9.489351e-03,1.111967e-02,3.437878e-02,4.865998e-03,1.307376e-02,2.275890e-01,1.776086e-01,1.656948e-01,4.940449e-02,3.005800e-03,1.423685e-02,3.181885e-02
7.627371e-02,2.146073e-01,2.101204e-02,1.184664e-02,2.673344e-02,2.806282e-02,6.151902e-03,3.044796e-02,2.032437e-01,1.890256e-01,1.205450e-01,3.541711e-02,2.786624e-03,1.084686e-02,2.299929e-02
9.711085e-02,1.953978e-01,2.032124e-02,1.502572e-02,2.495514e-02,2.165861e-02,4.903921e-03,2.384360e-02,1.601953e-01,2.950104e-01,8.667497e-02,2.581239e-02,2.372063e-03,8.632313e-03,1.808571e-02
9.061138e-02,2.148858e-01,2.208190e-02,1.421588e-02,2.002253e-02,1.771734e-02,3.829452e-03,1.795440e-02,1.368850e-01,3.549523e-01,6.313168e-02,1.900018e-02,2.129050e-03,7.089707e-03,1.549337e-02
1.092908e-01,1.788205e-01,3.648385e-02,2.718683e-02,2.232641e-02,1.966663e-02,1.160735e-02,2.232982e-02,1.156615e-01,3.697622e-01,4.866244e-02,1.591608e-02,3.124598e-03,6.613800e-03,1.254713e-02
1.553275e-01,1.402494e-01,2.958638e-02,2.441114e-02,2.492708e-02,1.781821e-02,8.049431e-02,4.499394e-02,9.432326e-02,3.154320e-01,3.836708e-02,1.352123e-02,3.457173e-03,6.903529e-03,1.018779e-02
1.676658e-01,1.028609e-01,2.367062e-02,1.889072e-02,5.056229e-02,1.626297e-02,7.962708e-02,3.854232e-02,9.521253e-02,3.501592e-01,2.796797e-02,1.032794e-02,3.803417e-03,5.923086e-03,8.523142e-03
1.756704e-01,8.182602e-02,2.176808e-02,1.640027e-02,6.322905e-02,2.293427e-02,7.011299e-02,3.409681e-02,8.905211e-02,3.671204e-01,2.550228e-02,1.180437e-02,5.257814e-03,6.110566e-03,9.114504e-03
1.275969e-01,7.981884e-02,5.906103e-02,1.985784e-02,4.773792e-02,2.130758e-02,5.099748e-02,2.416344e-02,6.947256e-02,4.272470e-01,2.578792e-02,1.043655e-02,6.191556e-03,8.590993e-03,2.173228e-02
9.437879e-02,6.122493e-02,4.738963e-02,1.542132e-02,3.602943e-02,1.698617e-02,3.615072e-02,1.720559e-02,7.190168e-02,4.314851e-01,8.264130e-02,1.260511e-02,2.130950e-02,3.405591e-02,2.121479e-02
6.952173e-02,4.521957e-02,3.630212e-02,1.212951e-02,2.786430e-02,1.283269e-02,2.566964e-02,1.242158e-02,8.875784e-02,3.876375e-01,1.617468e-01,1.370203e-02,2.682493e-02,5.979545e-02,1.957427e-02
5.302855e-02,3.926994e-02,3.817109e-02,1.046583e-02,2.116482e-02,1.070140e-02,1.827409e-02,8.896952e-03,8.290774e-02,3.274796e-01,2.173972e-01,1.374862e-02,3.028436e-02,1.043667e-01,2.384316e-02
3.805977e-02,3.001904e-02,3.105970e-02,7.776102e-03,1.874228e-02,9.774899e-03,1.283336e-02,6.373881e-03,6.669910e-02,2.322396e-01,3.261924e-01,1.325676e-02,2.415881e-02,1.644912e-01,1.832306e-02
3.142009e-02,2.220345e-02,2.841990e-02,7.597549e-03,1.434120e-02,1.148921e-02,9.099511e-03,4.776846e-03,6.194155e-02,1.658200e-01,3.344840e-01,1.169973e-02,1.841640e-02,2.643043e-01,1.398633e-02
2.397991e-02,1.628889e-02,2.090564e-02,5.890299e-03,1.235346e-02,9.783009e-03,6.397411e-03,3.388963e-03,7.023148e-02,1.195490e-01,3.121800e-01,1.024991e-02,1.329439e-02,3.646880e-01,1.081956e-02
2.065309e-02,1.304537e-02,1.646741e-02,4.445710e-03,1.125007e-02,8.547918e-03,4.503955e-03,2.398718e-03,1.187998e-01,8.767326e-02,2.720548e-01,1.023889e-02,9.752006e-03,4.094564e-01,1.071257e-02
1.544513e-02,9.872584e-03,1.246717e-02,3.315008e-03,8.436244e-03,6.715279e-03,3.161555e-03,1.685366e-03,2.184981e-01,6.456994e-02,2.083890e-01,8.488028e-03,6.974489e-03,4.212010e-01,1.078113e-02
1.145411e-02,7.225252e-03,9.093435e-03,2.387387e-03,6.045672e-03,6.794767e-03,2.217984e-03,1.187642e-03,2.224801e-01,4.590576e-02,1.734933e-01,6.624112e-03,4.927509e-03,4.922509e-01,7.912115e-03
8.274413e-03,5.225195e-03,6.499553e-03,1.734568e-03,4.321559e-03,5.126534e-03,1.555628e-03,8.351223e-04,1.987542e-01,3.260436e-02,1.456722e-01,4.938294e-03,3.491927e-03,5.753300e-01,5.636391e-03
5.836172e-03,3.772733e-03,4.786900e-03,1.361507e-03,3.135960e-03,4.325028e-03,1.094298e-03,5.893352e-04,2.280108e-01,2.398505e-02,1.167020e-01,3.728592e-03,2.471438e-03,5.962097e-01,3.990408e-03
4.232169e-03,9.059716e-03,4.797908e-03,1.180675e-03,2.483384e-03,1.695189e-02,7.900432e-04,4.591944e-04,3.355731e-01,1.936107e-02,9.209572e-02,2.828190e-03,1.795136e-03,5.054207e-01,2.971079e-03
3.022009e-03,6.620090e-03,3.596894e-03,9.611382e-04,1.823246e-03,1.464337e-02,5.575765e-04,3.498518e-04,4.130491e-01,1.935128e-02,7.221504e-02,2.173380e-03,1.291369e-03,4.580923e-01,2.253376e-03
2.194123e-03,6.929221e-03,2.826885e-03,1.100242e-03,1.517305e-03,1.941193e-02,4.006922e-04,2.626773e-04,5.245445e-01,2.235997e-02,5.498398e-02,1.600435e-03,9.613613e-04,3.582747e-01,2.631878e-03
1.700818e-03,6.295308e-03,3.717470e-03,1.006045e-03,1.248958e-03,2.085704e-02,2.851516e-04,2.105767e-04,6.084837e-01,2.190895e-02,4.174358e-02,1.174987e-03,7.191322e-04,2.718845e-01,1.876379e-02
2.725019e-03,7.955403e-03,1.124362e-01,6.937687e-03,3.613234e-03,1.583756e-02,2.187309e-04,1.042751e-03,5.426901e-01,2.785668e-02,3.212916e-02,8.470871e-04,5.926212e-04,1.925576e-01,5.256012e-02
4.223523e-03,2.561218e-02,1.881683e-01,1.940863e-02,1.076730e-02,2.571824e-02,2.130413e-04,1.368910e-03,4.043236e-01,3.969850e-02,2.340564e-02,6.007096e-04,4.819242e-04,1.361742e-01,1.198352e-01
5.725271e-03,2.514614e-02,2.599672e-01,3.209372e-02,1.309442e-02,2.338316e-02,2.154719e-04,1.319549e-03,2.895819e-01,4.951579e-02,1.678154e-02,4.317276e-04,4.417448e-04,9.678073e-02,1.855215e-01
1.226365e-02,4.298931e-02,3.363190e-01,3.971066e-02,1.775843e-02,2.735067e-02,4.916877e-04,1.399196e-03,2.111305e-01,4.169830e-02,1.249258e-02,3.210382e-04,4.983319e-04,6.931690e-02,1.862597e-01
1.046259e-02,5.055906e-02,3.595757e-01,1.395318e-01,2.209158e-02,2.067700e-02,5.611518e-04,1.705633e-03,1.529688e-01,3.542881e-02,8.899546e-03,2.645464e-04,3.956176e-04,4.862902e-02,1.482490e-01
3.338955e-02,4.342648e-02,4.178096e-01,1.099799e-01,8.036627e-02,1.980689e-02,1.787983e-03,2.228403e-03,1.107841e-01,2.558217e-02,6.764287e-03,2.702467e-04,4.399530e-04,3.728418e-02,1.100800e-01
4.781412e-02,3.890611e-02,3.974972e-01,1.033109e-01,1.548049e-01,2.425223e-02,3.775255e-03,2.922514e-03,8.156227e-02,1.942428e-02,6.822547e-03,3.031881e-04,8.551511e-04,2.993098e-02,8.781828e-02
5.080889e-02,5.482720e-02,3.634848e-01,1.111238e-01,1.933446e-01,4.097706e-02,7.905217e-03,5.287515e-03,5.868720e-02,1.496535e-02,5.370225e-03,3.519758e-04,8.075571e-04,2.455637e-02,6.750228e-02
6.244063e-02,5.380270e-02,3.295366e-01,8.265644e-02,2.376451e-01,4.908162e-02,7.348010e-03,8.631895e-03,4.860815e-02,1.200113e-02,8.280152e-03,4.454058e-04,7.327845e-04,4.998726e-02,4.880213e-02
5.894016e-02,5.499234e-02,2.712062e-01,9.456457e-02,3.131998e-01,4.807522e-02,7.086150e-03,2.012947e-02,3.888562e-02,9.075109e-03,6.933184e-03,7.854566e-04,8.032242e-04,3.877118e-02,3.655237e-02
5.473428e-02,6.280482e-02,2.248237e-01,9.331198e-02,3.292634e-01,5.492487e-02,9.210081e-03,6.642789e-02,3.260730e-02,6.778188e-03,6.085863e-03,1.303236e-03,1.072182e-03,3.007816e-02,2.657405e-02
4.364037e-02,4.912965e-02,1.636989e-01,2.228641e-01,2.927657e-01,4.621404e-02,7.501379e-03,4.911484e-02,2.851839e-02,8.189207e-03,2.822342e-02,7.212976e-03,7.988610e-03,2.166110e-02,2.327740e-02
3.104453e-02,1.711801e-01,2.068635e-01,1.670330e-01,2.060784e-01,3.511849e-02,5.319119e-03,3.448689e-02,3.014302e-02,7.050745e-03,4.930323e-02,5.435849e-03,6.058796e-03,1.964131e-02,2.524303e-02
2.194545e-02,2.458546e-01,1.629634e-01,1.216520e-01,1.443338e-01,2.485941e-02,3.739372e-03,2.419151e-02,2.593250e-02,5.552727e-03,1.744527e-01,4.659631e-03,4.836446e-03,1.497317e-02,2.005337e-02
1.562004e-02,1.794626e-01,1.158159e-01,8.563479e-02,1.014451e-01,1.954139e-02,2.631722e-03,1.705643e-02,2.003689e-02,4.217369e-03,3.999969e-01,6.180299e-03,4.713248e-03,1.327865e-02,1.436874e-02
1.118872e-02,1.289703e-01,8.190943e-02,6.056323e-02,7.117251e-02,1.414917e-02,1.894869e-03,1.216616e-02,1.490795e-02,3.457511e-03,5.471320e-01,1.500395e-02,3.762838e-03,2.348992e-02,1.023147e-02
8.065251e-03,9.096585e-02,5.780784e-02,4.343819e-02,5.060797e-02,1.127600e-02,1.385156e-03,8.673761e-03,1.186991e-02,2.748044e-03,5.966346e-01,2.384091e-02,3.308881e-03,8.203964e-02,7.338012e-03
5.798235e-03,6.428264e-02,4.076188e-02,3.193409e-02,4.738353e-02,8.621125e-03,1.040698e-03,6.159834e-03,1.005378e-02,2.457286e-03,6.253783e-01,2.198292e-02,3.438784e-03,1.250251e-01,5.681799e-03
4.186474e-03,4.515318e-02,2.873114e-02,2.326409e-02,4.581036e-02,6.977025e-03,8.002828e-04,4.378361e-03,8.338920e-03,2.477829e-03,6.526388e-01,1.996633e-02,4.974075e-03,1.476220e-01,4.681180e-03
3.011369e-03,3.164727e-02,2.016374e-02,1.648277e-02,6.656972e-02,5.027961e-03,6.380976e-04,3.112227e-03,7.327505e-03,3.149571e-03,6.278923e-01,1.998890e-02,5.097155e-03,1.850944e-01,4.797080e-03
2.286815e-03,2.219917e-02,1.426955e-02,1.173621e-02,5.577577e-02,3.811485e-03,5.323103e-04,2.304840e-03,7.314622e-03,3.064506e-03,6.743767e-01,2.903445e-02,5.650934e-03,1.632188e-01,4.423915e-03
1.750280e-03,1.567178e-02,1.010718e-02,8.347570e-03,4.458452e-02,3.051571e-03,4.067211e-04,1.666479e-03,7.777769e-03,2.616601e-03,7.052140e-01,3.647634e-02,5.536862e-03,1.534544e-01,3.338007e-03
1.438535e-03,1.108046e-02,7.453910e-03,5.910403e-03,3.732778e-02,3.389224e-03,7.885110e-04,1.904864e-03,7.512863e-03,2.610172e-03,7.261449e-01,5.368561e-02,5.639540e-03,1.323893e-01,2.723993e-03
1.063201e-03,7.797273e-03,5.277529e-03,4.149441e-03,2.682749e-02,2.691722e-03,6.292340e-04,1.382924e-03,5.811368e-03,2.213725e-03,7.767854e-01,5.928502e-02,4.598565e-03,9.941386e-02,2.073295e-03
9.449473e-04,4.373204e-02,4.207793e-03,2.987620e-03,1.994230e-02,2.432756e-03,5.282555e-04,1.440131e-03,7.844888e-02,3.601542e-03,6.924070e-01,6.767169e-02,3.924344e-03,7.333215e-02,4.398563e-03
1.058914e-03,1.478912e-01,6.005689e-03,2.289215e-03,2.152986e-02,6.612799e-03,1.299726e-03,3.476171e-03,1.130290e-01,1.164583e-02,5.478554e-01,6.523861e-02,2.948367e-03,5.376854e-02,1.535070e-02
1.375430e-03,1.902369e-01,5.971246e-03,1.726075e-03,1.701548e-02,7.322094e-03,1.830771e-03,4.116208e-03,1.450392e-01,1.882178e-02,4.781795e-01,6.446930e-02,2.306651e-03,4.063618e-02,2.095323e-02
3.349124e-03,1.748247e-01,2.186440e-02,1.776476e-03,1.458026e-02,9.853041e-03,6.874292e-03,1.926134e-02,2.673087e-01,1.722583e-02,3.573654e-01,5.887304e-02,2.237465e-03,2.931164e-02,1.529429e-02
9.222963e-03,1.540259e-01,3.399130e-02,2.706323e-03,2.711407e-02,2.035271e-02,8.782048e-03,4.859247e-02,3.189412e-01,1.882035e-02,2.729881e-01,4.623782e-02,2.545185e-03,2.268383e-02,1.299582e-02
2.075666e-02,1.360486e-01,4.694594e-02,1.114794e-02,6.057422e-02,2.488055e-02,6.340926e-03,3.827251e-02,3.575474e-01,2.186795e-02,2.051196e-01,3.335983e-02,2.839612e-03,1.932462e-02,1.497378e-02
2.514701e-02,1.284790e-01,4.152051e-02,1.024459e-02,6.196899e-02,3.006656e-02,4.475345e-03,2.822200e-02,3.845426e-01,3.173006e-02,1.691871e-01,2.677697e-02,3.204247e-03,2.290018e-02,3.153493e-02
3.700944e-02,1.139016e-01,6.085618e-02,2.042160e-02,9.734490e-02,3.220172e-02,3.517941e-03,2.766502e-02,3.818909e-01,2.939042e-02,1.251133e-01,2.086046e-02,3.410558e-03,1.830878e-02,2.810722e-02
4.937191e-02,1.216885e-01,8.184111e-02,1.667845e-02,8.962688e-02,3.390363e-02,2.590149e-03,2.502578e-02,3.684504e-01,3.228667e-02,1.030739e-01,1.610249e-02,3.031823e-03,2.323388e-02,3.309442e-02
4.952386e-02,1.244895e-01,6.940912e-02,1.353580e-02,8.277384e-02,3.668974e-02,1.910742e-03,2.046205e-02,4.090304e-01,3.228643e-02,8.215951e-02,1.289255e-02,2.735333e-03,2.310553e-02,3.899565e-02
4.724401e-02,9.570894e-02,5.125095e-02,2.629504e-02,7.175940e-02,3.537558e-02,1.506988e-03,1.948405e-02,3.868794e-01,3.933030e-02,6.072804e-02,1.059961e-02,3.690769e-03,1.828232e-02,1.318646e-01
5.088174e-02,8.710237e-02,3.824375e-02,2.137801e-02,9.160811e-02,4.479608e-02,1.420006e-03,2.389154e-02,3.947511e-01,3.458947e-02,5.433454e-02,9.594992e-03,5.623280e-03,2.165523e-02,1.201298e-01
5.266117e-02,9.321415e-02,3.114320e-02,1.772625e-02,8.933938e-02,4.890805e-02,1.715713e-03,3.835301e-02,4.146867e-01,3.093445e-02,4.301178e-02,9.294183e-03,1.075649e-02,2.316552e-02,9.508988e-02
5.331040e-02,8.850400e-02,2.340887e-02,1.800279e-02,7.161606e-02,5.535606e-02,1.608653e-03,3.584465e-02,4.506481e-01,2.962865e-02,3.511070e-02,9.452108e-03,1.061620e-02,1.933145e-02,9.756131e-02
6.261163e-02,8.333229e-02,1.712695e-02,1.618216e-02,5.853119e-02,5.798978e-02,1.430824e-03,3.333659e-02,4.952003e-01,2.735346e-02,2.848510e-02,8.646660e-03,1.033472e-02,1.680668e-02,8.263163e-02
5.642471e-02,7.481961e-02,1.298781e-02,1.814885e-02,4.756908e-02,6.070967e-02,1.972810e-03,6.875389e-02,5.144670e-01,2.084440e-02,2.412984e-02,7.974543e-03,1.316217e-02,1.400717e-02,6.402839e-02
7.779849e-02,6.217499e-02,1.009692e-02,1.853121e-02,4.050484e-02,4.851728e-02,2.071464e-03,5.865387e-02,4.593296e-01,1.959785e-02,5.186826e-02,3.292803e-02,4.029678e-02,1.307577e-02,6.455459e-02
7.723255e-02,4.803009e-02,8.055600e-03,1.865718e-02,3.263071e-02,3.923222e-02,2.030899e-03,4.833877e-02,3.767166e-01,1.851884e-02,9.602213e-02,7.304457e-02,9.563587e-02,1.133619e-02,5.451772e-02
6.798787e-02,3.501283e-02,6.190936e-03,1.514896e-02,2.390728e-02,2.955350e-02,1.564737e-03,3.461190e-02,2.780472e-01,1.556584e-02,1.177653e-01,1.685919e-01,1.576283e-01,8.417749e-03,4.000565e-02
5.729081e-02,2.580773e-02,4.632078e-03,1.157314e-02,1.737669e-02,2.190630e-02,1.180398e-03,2.442073e-02,1.999657e-01,1.297324e-02,1.110740e-01,2.716333e-01,2.049420e-01,6.406722e-03,2.881708e-02
5.797298e-02,2.391040e-02,3.932080e-03,8.561975e-03,1.271847e-02,1.650141e-02,9.329825e-04,1.733519e-02,1.507797e-01,1.171971e-02,1.071568e-01,3.192175e-01,2.413056e-01,7.091415e-03,2.086373e-02
4.673288e-02,2.164334e-02,2.871913e-03,6.189568e-03,9.060713e-03,1.215704e-02,6.675351e-04,1.217379e-02,1.186271e-01,1.687241e-02,9.668823e-02,4.172444e-01,2.152274e-01,8.079392e-03,1.576423e-02
3.548802e-02,1.832590e-02,2.089343e-03,4.548794e-03,6.465189e-03,9.004853e-03,4.776710e-04,8.562609e-03,9.760508e-02,2.285858e-02,8.769904e-02,4.919594e-01,1.936693e-01,8.833462e-03,1.241279e-02
2.575187e-02,1.437334e-02,1.551980e-03,3.858204e-03,4.733885e-03,6.767159e-03,3.421339e-04,6.037919e-03,9.273092e-02,3.173192e-02,8.055901e-02,5.632300e-01,1.511512e-01,7.804226e-03,9.376251e-03
1.911582e-02,1.291935e-02,1.227577e-03,3.152345e-03,3.574374e-03,5.145611e-03,2.448504e-04,4.275284e-03,8.832213e-02,3.862539e-02,8.369609e-02,5.994719e-01,1.260946e-01,7.139170e-03,6.995507e-03
1.619455e-02,2.450224e-02,2.086182e-03,2.359072e-03,3.269254e-03,4.634528e-03,2.059226e-04,3.526922e-03,8.346039e-02,6.521703e-02,9.271012e-02,5.710316e-01,1.165292e-01,8.992930e-03,5.280154e-03
1.629545e-02,2.127945e-02,1.202610e-02,2.070060e-03,2.920045e-03,1.143435e-02,6.846180e-04,1.385815e-02,6.528964e-02,1.161261e-01,1.524398e-01,4.836052e-01,8.798677e-02,1.002824e-02,3.956092e-03
1.852553e-02,1.688096e-02,1.659193e-02,1.764062e-03,2.427709e-03,2.782390e-02,2.040390e-03,1.803682e-02,4.860950e-02,1.699051e-01,2.079563e-01,3.907730e-01,6.573426e-02,9.890769e-03,3.039774e-03
2.023024e-02,1.207003e-02,3.762396e-02,4.180439e-03,2.554042e-03,3.217039e-02,1.397308e-02,8.567601e-02,3.488813e-02,1.892014e-01,2.053726e-01,3.043975e-01,4.721571e-02,8.273062e-03,2.173427e-03
2.989651e-02,9.598588e-03,3.225560e-02,4.563785e-03,8.068856e-03,2.753676e-02,1.973488e-02,1.029556e-01,4.318692e-02,2.100195e-01,1.935896e-01,2.738944e-01,3.439027e-02,8.588125e-03,1.720556e-03
3.104113e-02,8.455216e-03,2.868471e-02,3.765149e-03,2.402566e-02,2.573790e-02,1.600644e-02,8.052611e-02,1.156077e-01,2.301681e-01,1.687534e-01,2.310010e-01,2.631896e-02,8.186241e-03,1.722285e-03
3.442487e-02,8.009657e-03,2.147201e-02,4.200272e-03,4.164675e-02,3.000662e-02,1.168899e-02,5.801845e-02,1.812623e-01,2.067642e-01,1.505183e-01,2.068015e-01,3.537386e-02,7.086282e-03,2.725799e-03
3.689962e-02,6.125205e-03,1.594408e-02,4.872585e-03,8.592337e-02,3.505198e-02,9.263693e-03,4.323322e-02,2.000265e-01,1.594849e-01,1.360640e-01,1.944423e-01,6.419255e-02,5.712163e-03,2.763860e-03
4.949857e-02,6.917726e-03,1.438903e-02,7.311269e-03,1.161600e-01,2.712910e-02,6.968987e-03,3.303022e-02,1.954134e-01,1.374932e-01,1.474772e-01,1.728801e-01,6.029755e-02,1.440062e-02,1.063305e-02
4.179703e-02,1.846418e-02,1.106506e-02,7.116506e-03,9.992859e-02,2.619755e-02,5.083255e-03,2.418515e-02,2.962388e-01,1.164767e-01,1.181880e-01,1.424677e-01,5.049042e-02,1.345385e-02,2.884727e-02
3.100617e-02,3.536568e-02,8.151854e-03,1.002398e-02,7.269583e-02,2.813662e-02,3.649269e-03,1.727332e-02,4.504753e-01,8.591644e-02,8.476907e-02,1.021334e-01,3.727585e-02,9.914447e-03,2.321272e-02
2.510003e-02,3.387783e-02,6.021551e-03,2.092916e-02,5.972008e-02,2.281010e-02,2.736913e-03,1.281543e-02,5.649422e-01,6.206856e-02,6.116354e-02,7.264349e-02,2.698688e-02,7.093043e-03,2.109119e-02
2.599028e-02,2.990304e-02,4.985468e-03,4.890781e-02,5.951020e-02,1.999657e-02,2.196610e-03,1.073901e-02,5.949433e-01,4.626129e-02,5.253534e-02,5.372069e-02,2.189992e-02,5.358758e-03,2.305165e-02
6.918083e-02,2.357413e-02,4.583802e-03,3.898596e-02,6.487629e-02,1.636549e-02,2.149237e-03,1.586723e-02,5.538161e-01,3.401894e-02,7.259277e-02,4.933595e-02,2.673559e-02,7.079195e-03,2.083845e-02
5.598141e-02,3.213258e-02,8.670861e-03,4.189710e-02,5.051941e-02,1.988940e-02,1.968989e-03,1.627311e-02,4.258576e-01,2.693578e-02,1.636277e-01,6.292558e-02,6.305088e-02,5.914133e-03,2.435540e-02
4.251545e-02,4.235084e-02,6.869145e-02,9.029882e-02,4.205949e-02,3.954666e-02,1.687115e-03,1.183829e-02,3.329773e-01,2.044833e-02,1.508872e-01,8.202427e-02,4.903493e-02,5.152798e-03,2.048709e-02
3.402387e-02,3.271448e-02,6.160364e-02,1.533034e-01,3.196671e-02,7.411118e-02,1.313741e-03,8.783686e-03,2.461431e-01,1.471469e-02,1.897250e-01,9.331049e-02,3.714658e-02,5.905188e-03,1.523439e-02
2.760885e-02,2.527265e-02,4.746554e-02,1.609745e-01,2.289037e-02,7.642567e-02,1.004867e-03,6.469624e-03,1.760998e-01,1.147369e-02,2.837355e-01,1.138236e-01,2.852060e-02,6.763586e-03,1.147115e-02
2.104538e-02,1.825233e-02,4.028456e-02,1.660418e-01,1.700458e-02,6.381311e-02,9.239607e-04,4.638130e-03,1.241920e-01,1.155168e-02,3.567033e-01,1.374988e-01,2.218541e-02,7.108198e-03,8.756831e-03
1.647805e-02,1.315969e-02,3.255776e-02,1.254847e-01,1.695810e-02,5.056550e-02,7.899448e-04,3.504802e-03,8.811043e-02,1.568708e-02,4.412268e-01,1.632252e-01,1.798236e-02,7.524089e-03,6.745491e-03
1.215554e-02,9.338035e-03,2.312017e-02,8.975527e-02,1.711938e-02,3.810843e-02,6.023197e-04,2.572638e-03,6.221773e-02,1.407594e-02,4.451633e-01,2.617158e-01,1.341243e-02,5.719833e-03,4.923125e-03
9.948078e-03,7.209411e-03,1.663240e-02,6.488390e-02,1.712472e-02,3.172971e-02,4.919794e-04,2.070710e-03,4.540964e-02,1.288085e-02,4.180971e-01,3.540124e-01,1.056980e-02,5.053764e-03,3.885540e-03
8.473469e-03,7.813720e-03,1.268191e-02,4.674440e-02,2.518744e-02,2.401230e-02,4.389640e-04,1.770969e-03,3.423309e-02,1.805007e-02,4.370131e-01,3.642098e-01,9.665988e-03,6.391922e-03,3.312821e-03
1.295504e-02,9.031795e-03,1.483366e-02,3.311190e-02,7.680833e-02,2.177841e-02,8.474899e-04,5.496977e-03,2.610434e-02,2.269698e-02,3.308518e-01,4.299118e-01,7.675547e-03,5.383022e-03,2.512857e-03
1.269593e-02,7.373092e-03,1.161376e-02,2.341073e-02,5.914015e-02,1.635041e-02,7.652135e-04,5.352602e-03,1.884783e-02,1.906889e-02,2.431464e-01,5.704605e-01,5.786464e-03,4.157979e-03,1.830012e-03
1.602235e-02,6.157854e-03,1.075174e-02,1.728375e-02,4.384372e-02,1.741876e-02,1.092629e-03,7.052722e-03,1.335005e-02,1.552141e-02,1.794136e-01,6.635531e-01,4.197137e-03,3.014068e-03,1.327074e-03
1.386616e-02,5.055123e-03,8.464921e-03,1.230650e-02,4.107676e-02,2.930137e-02,7.942787e-03,9.056456e-03,9.465514e-03,1.158550e-02,1.290225e-01,7.165238e-01,3.126743e-03,2.210441e-03,9.955298e-04
1.002535e-02,4.769097e-03,7.428122e-03,8.662732e-03,3.261241e-02,3.378259e-02,7.357938e-03,6.639944e-03,6.816653e-03,1.141731e-02,9.163035e-02,7.739323e-01,2.340065e-03,1.591422e-03,9.937868e-04
1.015934e-02,3.550828e-03,5.804596e-03,6.092709e-03,2.713084e-02,6.146514e-02,8.829733e-03,5.852015e-03,5.396368e-03,3.509425e-02,6.951658e-02,7.567874e-01,2.173214e-03,1.240013e-03,9.070010e-04
9.956175e-03,2.986750e-03,4.680476e-03,4.335572e-03,2.141461e-02,8.511850e-02,7.710905e-03,8.019335e-03,1.607700e-02,5.567360e-02,5.616382e-02,7.225736e-01,3.327645e-03,1.137163e-03,8.248947e-04
8.137329e-03,2.500100e-03,3.444806e-03,3.172562e-03,1.828150e-02,6.461689e-02,6.041138e-03,6.100750e-03,2.210487e-02,1.845184e-01,7.040526e-02,6.009378e-01,7.319296e-03,1.419802e-03,9.995812e-04
1.248800e-02,3.385948e-03,2.778900e-03,3.336117e-03,3.335838e-02,4.887602e-02,4.892089e-03,7.325110e-03,2.298747e-02,2.503756e-01,1.205603e-01,4.680936e-01,1.658925e-02,3.120969e-03,1.832335e-03
1.416180e-02,3.807152e-03,2.568657e-03,5.679751e-03,4.555719e-02,3.905631e-02,4.097084e-03,9.166067e-03,2.278427e-02,2.704775e-01,1.373052e-01,4.046642e-01,3.215346e-02,5.537989e-03,2.983395e-03
1.707482e-02,3.939619e-03,2.325785e-03,8.204089e-03,6.596832e-02,3.363311e-02,3.679038e-03,4.301535e-02,2.212579e-02,2.970272e-01,1.100305e-01,3.427256e-01,4.114635e-02,6.489944e-03,2.614590e-03
3.106182e-02,3.341930e-03,2.636340e-03,1.326743e-02,1.516398e-01,2.847849e-02,7.492460e-03,6.766732e-02,2.321063e-02,2.427291e-01,9.681109e-02,2.820576e-01,4.145907e-02,5.441912e-03,2.705053e-03
5.132129e-02,4.628547e-03,4.262546e-03,1.191465e-02,1.322208e-01,2.300805e-02,6.537297e-03,1.032181e-01,3.120379e-02,1.826709e-01,1.513212e-01,2.460320e-01,3.561171e-02,1.290323e-02,3.145863e-03
6.924072e-02,6.369742e-03,5.881486e-03,1.044478e-02,1.151775e-01,2.486123e-02,6.202183e-03,1.397540e-01,3.971063e-02,1.459552e-01,1.685000e-01,2.006583e-01,2.766400e-02,3.610580e-02,3.474433e-03
7.825880e-02,1.536687e-02,7.502013e-03,9.162131e-03,1.038372e-01,3.809239e-02,6.263769e-03,1.280680e-01,6.730433e-02,1.208789e-01,1.694190e-01,1.763759e-01,2.353422e-02,5.003493e-02,5.901619e-03
6.793600e-02,4.365872e-02,8.916816e-03,8.364994e-03,8.329573e-02,6.760219e-02,5.992368e-03,1.222786e-01,1.514119e-01,8.762620e-02,1.225452e-01,1.528924e-01,3.332815e-02,3.602372e-02,8.127056e-03
6.038431e-02,6.459537e-02,1.098384e-02,6.750972e-03,7.037713e-02,8.759882e-02,5.727975e-03,1.210968e-01,1.975411e-01,6.393965e-02,8.999185e-02,1.541597e-01,3.222666e-02,2.715649e-02,7.469374e-03
4.984563e-02,7.869808e-02,1.276234e-02,5.744613e-03,5.612736e-02,8.432588e-02,5.825764e-03,1.505667e-01,2.266203e-01,4.584755e-02,6.536561e-02,1.629311e-01,2.902211e-02,2.009655e-02,6.220517e-03
4.187302e-02,1.075845e-01,1.020859e-02,4.326642e-03,4.851388e-02,1.081269e-01,6.303579e-03,1.141876e-01,2.648190e-01,3.235548e-02,4.658850e-02,1.680947e-01,2.730635e-02,1.448619e-02,5.225134e-03
3.918020e-02,9.511334e-02,8.719697e-03,3.403279e-03,9.023115e-02,1.471750e-01,8.842308e-03,1.064242e-01,2.594736e-01,2.282539e-02,3.365520e-02,1.451321e-01,2.478601e-02,1.034338e-02,4.695178e-03
3.255065e-02,7.913551e-02,8.641921e-03,4.039178e-03,8.916155e-02,1.471458e-01,9.729495e-03,2.159969e-01,2.360896e-01,1.604918e-02,2.384834e-02,1.067539e-01,1.986724e-02,7.304360e-03,3.686450e-03
3.494646e-02,7.169379e-02,9.572488e-03,3.470772e-03,8.512340e-02,2.296931e-01,8.820755e-03,1.817933e-01,2.339517e-01,1.134702e-02,1.887841e-02,8.522094e-02,1.671940e-02,5.247887e-03,3.520500e-03
3.658634e-02,7.215279e-02,2.854846e-02,3.442798e-02,9.773357e-02,2.450935e-01,1.047400e-02,1.351086e-01,2.184155e-01,1.379171e-02,1.411820e-02,6.266209e-02,1.509866e-02,3.832890e-03,1.195568e-02
3.393072e-02,5.599429e-02,2.682568e-02,1.264070e-01,7.233955e-02,2.069634e-01,8.118049e-03,1.003229e-01,1.951600e-01,1.796879e-02,2.230753e-02,5.797895e-02,4.347093e-02,2.882349e-03,2.932985e-02
3.007632e-02,4.292988e-02,2.119308e-02,1.478337e-01,5.744800e-02,1.897765e-01,6.570907e-03,7.581120e-02,1.758559e-01,2.861406e-02,3.312817e-02,5.355663e-02,5.988215e-02,3.010796e-03,7.431278e-02
2.214636e-02,8.377075e-02,2.108382e-02,1.730320e-01,4.163620e-02,1.341351e-01,4.679398e-03,5.396076e-02,2.500295e-01,2.464883e-02,2.764571e-02,3.929722e-02,4.742650e-02,2.296148e-03,7.421182e-02
2.326460e-02,8.016494e-02,1.518481e-02,1.304609e-01,2.999216e-02,1.058012e-01,3.567845e-03,4.075909e-02,2.954945e-01,1.881910e-02,7.195635e-02,2.979593e-02,9.068947e-02,1.753818e-03,6.229522e-02
1.983693e-02,1.773475e-01,1.224399e-02,1.125488e-01,2.288152e-02,8.152595e-02,2.648234e-03,2.940620e-02,3.155450e-01,1.360583e-02,5.567668e-02,2.632565e-02,8.167382e-02,1.565893e-03,4.716805e-02
1.494738e-02,1.294091e-01,1.008526e-02,1.059530e-01,1.639325e-02,6.597720e-02,2.014161e-03,2.080176e-02,2.730149e-01,9.932274e-03,5.023542e-02,6.762833e-02,1.936150e-01,2.342680e-03,3.765037e-02
1.233265e-02,9.430729e-02,7.977162e-03,8.397510e-02,1.319349e-02,5.409206e-02,1.608380e-03,1.496988e-02,2.469773e-01,8.628435e-03,6.002995e-02,6.893320e-02,2.978988e-01,2.049532e-03,3.302679e-02
1.107714e-02,1.180685e-01,9.235596e-03,6.475332e-02,1.030942e-02,4.114646e-02,1.257450e-03,1.068438e-02,3.121888e-01,6.846130e-03,5.086733e-02,7.711399e-02,2.495860e-01,3.183901e-03,3.368152e-02
1.372641e-02,9.519918e-02,7.630772e-03,4.928989e-02,9.007071e-03,3.223187e-02,1.385323e-03,8.035305e-03,2.802409e-01,6.274286e-03,4.575019e-02,8.291532e-02,3.015476e-01,6.661084e-03,6.010488e-02
