1.000000e+00,0.000000e+00,0.000000e+00,0.000000e+00,0.000000e+00,0.000000e+00,0.000000e+00,0.000000e+00,0.000000e+00,0.000000e+00,0.000000e+00,0.000000e+00,0.000000e+00,0.000000e+00,0.000000e+00
1.000000e+00,0.000000e+00,0.000000e+00,0.000000e+00,0.000000e+00,0.000000e+00,0.000000e+00,0.000000e+00,0.000000e+00,0.000000e+00,0.000000e+00,0.000000e+00,0.000000e+00,0.000000e+00,0.000000e+00
1.000000e+00,0.000000e+00,0.000000e+00,0.000000e+00,0.000000e+00,0.000000e+00,0.000000e+00,0.000000e+00,0.000000e+00,0.000000e+00,0.000000e+00,0.000000e+00,0.000000e+00,0.000000e+00,0.000000e+00
1.000000e+00,0.000000e+00,0.000000e+00,0.000000e+00,0.000000e+00,0.000000e+00,0.000000e+00,0.000000e+00,0.000000e+00,0.000000e+00,0.000000e+00,0.000000e+00,0.000000e+00,0.000000e+00,0.000000e+00
1.000000e+00,0.000000e+00,0.000000e+00,0.000000e+00,0.000000e+00,0.000000e+00,0.000000e+00,0.000000e+00,0.000000e+00,0.000000e+00,0.000000e+00,0.000000e+00,0.000000e+00,0.000000e+00,0.000000e+00
1.000000e+00,0.000000e+00,0.000000e+00,0.000000e+00,0.000000e+00,0.000000e+00,0.000000e+00,0.000000e+00,0.000000e+00,0.000000e+00,0.000000e+00,0.000000e+00,0.000000e+00,0.000000e+00,0.000000e+00
1.000000e+00,0.000000e+00,0.000000e+00,0.000000e+00,0.000000e+00,0.000000e+00,0.000000e+00,0.000000e+00,0.000000e+00,0.000000e+00,0.000000e+00,0.000000e+00,0.000000e+00,0.000000e+00,0.000000e+00
1.000000e+00,0.000000e+00,0.000000e+00,0.000000e+00,0.000000e+00,0.000000e+00,0.000000e+00,0.000000e+00,0.000000e+00,0.000000e+00,0.000000e+00,0.000000e+00,0.000000e+00,0.000000e+00,0.000000e+00
1.000000e+00,0.000000e+00,0.000000e+00,0.000000e+00,0.000000e+00,0.000000e+00,0.000000e+00,0.000000e+00,0.000000e+00,0.000000e+00,0.000000e+00,0.000000e+00,0.000000e+00,0.000000e+00,0.000000e+00
1.000000e+00,0.000000e+00,0.000000e+00,0.000000e+00,0.000000e+00,0.000000e+00,0.000000e+00,0.000000e+00,0.000000e+00,0.000000e+00,0.000000e+00,0.000000e+00,0.000000e+00,0.000000e+00,0.000000e+00
1.000000e+00,0.000000e+00,0.000000e+00,0.000000e+00,0.000000e+00,0.000000e+00,0.000000e+00,0.000000e+00,0.000000e+00,0.000000e+00,0.000000e+00,0.000000e+00,0.000000e+00,0.000000e+00,0.000000e+00
1.000000e+00,0.000000e+00,0.000000e+00,0.000000e+00,0.000000e+00,0.000000e+00,0.000000e+00,0.000000e+00,0.000000e+00,0.000000e+00,0.000000e+00,0.000000e+00,0.000000e+00,0.000000e+00,0.000000e+00
1.000000e+00,0.000000e+00,0.000000e+00,0.000000e+00,0.000000e+00,0.000000e+00,0.000000e+00,0.000000e+00,0.000000e+00,0.000000e+00,0.000000e+00,0.000000e+00,0.000000e+00,0.000000e+00,0.000000e+00
1.000000e+00,0.000000e+00,0.000000e+00,0.000000e+00,0.000000e+00,0.000000e+00,0.000000e+00,0.000000e+00,0.000000e+00,0.000000e+00,0.000000e+00,0.000000e+00,0.000000e+00,0.000000e+00,0.000000e+00
1.000000e+00,0.000000e+00,0.000000e+00,0.000000e+00,0.000000e+00,0.000000e+00,0.000000e+00,0.000000e+00,0.000000e+00,0.000000e+00,0.000000e+00,0.000000e+00,0.000000e+00,0.000000e+00,0.000000e+00
1.000000e+00,0.000000e+00,0.000000e+00,0.000000e+00,0.000000e+00,0.000000e+00,0.000000e+00,0.000000e+00,0.000000e+00,0.000000e+00,0.000000e+00,0.000000e+00,0.000000e+00,0.000000e+00,0.000000e+00
1.000000e+00,0.000000e+00,0.000000e+00,0.000000e+00,0.000000e+00,0.000000e+00,0.000000e+00,0.000000e+00,0.000000e+00,0.000000e+00,0.000000e+00,0.000000e+00,0.000000e+00,0.000000e+00,0.000000e+00
1.000000e+00,0.000000e+00,0.000000e+00,0.000000e+00,0.000000e+00,0.000000e+00,0.000000e+00,0.000000e+00,0.000000e+00,0.000000e+00,0.000000e+00,0.000000e+00,0.000000e+00,0.000000e+00,0.000000e+00
1.000000e+00,0.000000e+00,0.000000e+00,0.000000e+00,0.000000e+00,0.000000e+00,0.000000e+00,0.000000e+00,0.000000e+00,0.000000e+00,0.000000e+00,0.000000e+00,0.000000e+00,0.000000e+00,0.000000e+00
1.000000e+00,0.000000e+00,0.000000e+00,0.000000e+00,0.000000e+00,0.000000e+00,0.000000e+00,0.000000e+00,0.000000e+00,0.000000e+00,0.000000e+00,0.000000e+00,0.000000e+00,0.000000e+00,0.000000e+00
1.000000e+00,0.000000e+00,0.000000e+00,0.000000e+00,0.000000e+00,0.000000e+00,0.000000e+00,0.000000e+00,0.000000e+00,0.000000e+00,0.000000e+00,0.000000e+00,0.000000e+00,0.000000e+00,0.000000e+00
1.000000e+00,0.000000e+00,0.000000e+00,0.000000e+00,0.000000e+00,0.000000e+00,0.000000e+00,0.000000e+00,0.000000e+00,0.000000e+00,0.000000e+00,0.000000e+00,0.000000e+00,0.000000e+00,0.000000e+00
1.000000e+00,0.000000e+00,0.000000e+00,0.000000e+00,0.000000e+00,0.000000e+00,0.000000e+00,0.000000e+00,0.000000e+00,0.000000e+00,0.000000e+00,0.000000e+00,0.000000e+00,0.000000e+00,0.000000e+00
1.000000e+00,0.000000e+00,0.000000e+00,0.000000e+00,0.000000e+00,0.000000e+00,0.000000e+00,0.000000e+00,0.000000e+00,0.000000e+00,0.000000e+00,0.000000e+00,0.000000e+00,0.000000e+00,0.000000e+00
1.000000e+00,0.000000e+00,0.000000e+00,0.000000e+00,0.000000e+00,0.000000e+00,0.000000e+00,0.000000e+00,0.000000e+00,0.000000e+00,0.000000e+00,0.000000e+00,0.000000e+00,0.000000e+00,0.000000e+00
1.000000e+00,0.000000e+00,0.000000e+00,0.000000e+00,0.000000e+00,0.000000e+00,0.000000e+00,0.000000e+00,0.000000e+00,0.000000e+00,0.000000e+00,0.000000e+00,0.000000e+00,0.000000e+00,0.000000e+00
1.000000e+00,0.000000e+00,0.000000e+00,0.000000e+00,0.000000e+00,0.000000e+00,0.000000e+00,0.000000e+00,0.000000e+00,0.000000e+00,0.000000e+00,0.000000e+00,0.000000e+00,0.000000e+00,0.000000e+00
1.000000e+00,0.000000e+00,0.000000e+00,0.000000e+00,0.000000e+00,0.000000e+00,0.000000e+00,0.000000e+00,0.000000e+00,0.000000e+00,0.000000e+00,0.000000e+00,0.000000e+00,0.000000e+00,0.000000e+00
1.000000e+00,0.000000e+00,0.000000e+00,0.000000e+00,0.000000e+00,0.000000e+00,0.000000e+00,0.000000e+00,0.000000e+00,0.000000e+00,0.000000e+00,0.000000e+00,0.000000e+00,0.000000e+00,0.000000e+00
1.000000e+00,0.000000e+00,0.000000e+00,0.000000e+00,0.000000e+00,0.000000e+00,0.000000e+00,0.000000e+00,0.000000e+00,0.000000e+00,0.000000e+00,0.000000e+00,0.000000e+00,0.000000e+00,0.000000e+00
1.000000e+00,0.000000e+00,0.000000e+00,0.000000e+00,0.000000e+00,0.000000e+00,0.000000e+00,0.000000e+00,0.000000e+00,0.000000e+00,0.000000e+00,0.000000e+00,0.000000e+00,0.000000e+00,0.000000e+00
1.000000e+00,0.000000e+00,0.000000e+00,0.000000e+00,0.000000e+00,0.000000e+00,0.000000e+00,0.000000e+00,0.000000e+00,0.000000e+00,0.000000e+00,0.000000e+00,0.000000e+00,0.000000e+00,0.000000e+00
1.000000e+00,0.000000e+00,0.000000e+00,0.000000e+00,0.000000e+00,0.000000e+00,0.000000e+00,0.000000e+00,0.000000e+00,0.000000e+00,0.000000e+00,0.000000e+00,0.000000e+00,0.000000e+00,0.000000e+00
1.000000e+00,0.000000e+00,0.000000e+00,0.000000e+00,0.000000e+00,0.000000e+00,0.000000e+00,0.000000e+00,0.000000e+00,0.000000e+00,0.000000e+00,0.000000e+00,0.000000e+00,0.000000e+00,0.000000e+00
1.000000e+00,0.000000e+00,0.000000e+00,0.000000e+00,0.000000e+00,0.000000e+00,0.000000e+00,0.000000e+00,0.000000e+00,0.000000e+00,0.000000e+00,0.000000e+00,0.000000e+00,0.000000e+00,0.000000e+00
1.000000e+00,0.000000e+00,0.000000e+00,0.000000e+00,0.000000e+00,0.000000e+00,0.000000e+00,0.000000e+00,0.000000e+00,0.000000e+00,0.000000e+00,0.000000e+00,0.000000e+00,0.000000e+00,0.000000e+00
1.000000e+00,0.000000e+00,0.000000e+00,0.000000e+00,0.000000e+00,0.000000e+00,0.000000e+00,0.000000e+00,0.000000e+00,0.000000e+00,0.000000e+00,0.000000e+00,0.000000e+00,0.000000e+00,0.000000e+00
1.000000e+00,0.000000e+00,0.000000e+00,0.000000e+00,0.000000e+00,0.000000e+00,0.000000e+00,0.000000e+00,0.000000e+00,0.000000e+00,0.000000e+00,0.000000e+00,0.000000e+00,0.000000e+00,0.000000e+00
1.000000e+00,0.000000e+00,0.000000e+00,0.000000e+00,0.000000e+00,0.000000e+00,0.000000e+00,0.000000e+00,0.000000e+00,0.000000e+00,0.000000e+00,0.000000e+00,0.000000e+00,0.000000e+00,0.000000e+00
1.000000e+00,0.000000e+00,0.000000e+00,0.000000e+00,0.000000e+00,0.000000e+00,0.000000e+00,0.000000e+00,0.000000e+00,0.000000e+00,0.000000e+00,0.000000e+00,0.000000e+00,0.000000e+00,0.000000e+00
1.000000e+00,0.000000e+00,0.000000e+00,0.000000e+00,0.000000e+00,0.000000e+00,0.000000e+00,0.000000e+00,0.000000e+00,0.000000e+00,0.000000e+00,0.000000e+00,0.000000e+00,0.000000e+00,0.000000e+00
1.000000e+00,0.000000e+00,0.000000e+00,0.000000e+00,0.000000e+00,0.000000e+00,0.000000e+00,0.000000e+00,0.000000e+00,0.000000e+00,0.000000e+00,0.000000e+00,0.000000e+00,0.000000e+00,0.000000e+00
1.000000e+00,0.000000e+00,0.000000e+00,0.000000e+00,0.000000e+00,0.000000e+00,0.000000e+00,0.000000e+00,0.000000e+00,0.000000e+00,0.000000e+00,0.000000e+00,0.000000e+00,0.000000e+00,0.000000e+00
1.000000e+00,0.000000e+00,0.000000e+00,0.000000e+00,0.000000e+00,0.000000e+00,0.000000e+00,0.000000e+00,0.000000e+00,0.000000e+00,0.000000e+00,0.000000e+00,0.000000e+00,0.000000e+00,0.000000e+00
1.000000e+00,0.000000e+00,0.000000e+00,0.000000e+00,0.000000e+00,0.000000e+00,0.000000e+00,0.000000e+00,0.000000e+00,0.000000e+00,0.000000e+00,0.000000e+00,0.000000e+00,0.000000e+00,0.000000e+00
1.000000e+00,0.000000e+00,0.000000e+00,0.000000e+00,0.000000e+00,0.000000e+00,0.000000e+00,0.000000e+00,0.000000e+00,0.000000e+00,0.000000e+00,0.000000e+00,0.000000e+00,0.000000e+00,0.000000e+00
1.000000e+00,0.000000e+00,0.000000e+00,0.000000e+00,0.000000e+00,0.000000e+00,0.000000e+00,0.000000e+00,0.000000e+00,0.000000e+00,0.000000e+00,0.000000e+00,0.000000e+00,0.000000e+00,0.000000e+00
1.000000e+00,0.000000e+00,0.000000e+00,0.000000e+00,0.000000e+00,0.000000e+00,0.000000e+00,0.000000e+00,0.000000e+00,0.000000e+00,0.000000e+00,0.000000e+00,0.000000e+00,0.000000e+00,0.000000e+00
1.000000e+00,0.000000e+00,0.000000e+00,0.000000e+00,0.000000e+00,0.000000e+00,0.000000e+00,0.000000e+00,0.000000e+00,0.000000e+00,0.000000e+00,0.000000e+00,0.000000e+00,0.000000e+00,0.000000e+00
1.000000e+00,0.000000e+00,0.000000e+00,0.000000e+00,0.000000e+00,0.000000e+00,0.000000e+00,0.000000e+00,0.000000e+00,0.000000e+00,0.000000e+00,0.000000e+00,0.000000e+00,0.000000e+00,0.000000e+00
1.000000e+00,0.000000e+00,0.000000e+00,0.000000e+00,0.000000e+00,0.000000e+00,0.000000e+00,0.000000e+00,0.000000e+00,0.000000e+00,0.000000e+00,0.000000e+00,0.000000e+00,0.000000e+00,0.000000e+00
1.000000e+00,0.000000e+00,0.000000e+00,0.000000e+00,0.000000e+00,0.000000e+00,0.000000e+00,0.000000e+00,0.000000e+00,0.000000e+00,0.000000e+00,0.000000e+00,0.000000e+00,0.000000e+00,0.000000e+00
1.000000e+00,0.000000e+00,0.000000e+00,0.000000e+00,0.000000e+00,0.000000e+00,0.000000e+00,0.000000e+00,0.000000e+00,0.000000e+00,0.000000e+00,0.000000e+00,0.000000e+00,0.000000e+00,0.000000e+00
1.000000e+00,0.000000e+00,0.000000e+00,0.000000e+00,0.000000e+00,0.000000e+00,0.000000e+00,0.000000e+00,0.000000e+00,0.000000e+00,0.000000e+00,0.000000e+00,0.000000e+00,0.000000e+00,0.000000e+00
1.000000e+00,0.000000e+00,0.000000e+00,0.000000e+00,0.000000e+00,0.000000e+00,0.000000e+00,0.000000e+00,0.000000e+00,0.000000e+00,0.000000e+00,0.000000e+00,0.000000e+00,0.000000e+00,0.000000e+00
1.000000e+00,0.000000e+00,0.000000e+00,0.000000e+00,0.000000e+00,0.000000e+00,0.000000e+00,0.000000e+00,0.000000e+00,0.000000e+00,0.000000e+00,0.000000e+00,0.000000e+00,0.000000e+00,0.000000e+00
1.000000e+00,0.000000e+00,0.000000e+00,0.000000e+00,0.000000e+00,0.000000e+00,0.000000e+00,0.000000e+00,0.000000e+00,0.000000e+00,0.000000e+00,0.000000e+00,0.000000e+00,0.000000e+00,0.000000e+00
1.000000e+00,0.000000e+00,0.000000e+00,0.000000e+00,0.000000e+00,0.000000e+00,0.000000e+00,0.000000e+00,0.000000e+00,0.000000e+00,0.000000e+00,0.000000e+00,0.000000e+00,0.000000e+00,0.000000e+00
1.000000e+00,0.000000e+00,0.000000e+00,0.000000e+00,0.000000e+00,0.000000e+00,0.000000e+00,0.000000e+00,0.000000e+00,0.000000e+00,0.000000e+00,0.000000e+00,0.000000e+00,0.000000e+00,0.000000e+00
1.000000e+00,0.000000e+00,0.000000e+00,0.000000e+00,0.000000e+00,0.000000e+00,0.000000e+00,0.000000e+00,0.000000e+00,0.000000e+00,0.000000e+00,0.000000e+00,0.000000e+00,0.000000e+00,0.000000e+00
1.000000e+00,0.000000e+00,0.000000e+00,0.000000e+00,0.000000e+00,0.000000e+00,0.000000e+00,0.000000e+00,0.000000e+00,0.000000e+00,0.000000e+00,0.000000e+00,0.000000e+00,0.000000e+00,0.000000e+00
1.000000e+00,0.000000e+00,0.000000e+00,0.000000e+00,0.000000e+00,0.000000e+00,0.000000e+00,0.000000e+00,0.000000e+00,0.000000e+00,0.000000e+00,0.000000e+00,0.000000e+00,0.000000e+00,0.000000e+00
4.491578e-01,1.426420e-02,1.023621e-01,5.946461e-02,8.641019e-03,2.635073e-02,1.288001e-02,2.421723e-01,5.364409e-03,1.609000e-03,1.127907e-02,3.112257e-02,1.953627e-02,2.647249e-03,1.314861e-02
4.349907e-01,1.255813e-02,9.693648e-02,5.111292e-02,7.697674e-03,2.761030e-02,1.470257e-02,2.819070e-01,4.201685e-03,1.444224e-03,9.735698e-03,2.639598e-02,1.690850e-02,2.472034e-03,1.132604e-02
4.723783e-01,1.040910e-02,7.411648e-02,4.062567e-02,6.404048e-03,2.348528e-02,1.343932e-02,2.995262e-01,3.236388e-03,1.206448e-03,8.010793e-03,2.088993e-02,1.443740e-02,2.162453e-03,9.672127e-03
4.812655e-01,8.106727e-03,5.768307e-02,3.150832e-02,5.391429e-03,2.085258e-02,1.254990e-02,3.351038e-01,2.443414e-03,9.939506e-04,6.158485e-03,1.631711e-02,1.220631e-02,1.736596e-03,7.682851e-03
4.296577e-01,6.087662e-03,4.583173e-02,2.502422e-02,4.364074e-03,1.822585e-02,1.204807e-02,4.214101e-01,1.800924e-03,7.668669e-04,4.676204e-03,1.273194e-02,1.002884e-02,1.382532e-03,5.963292e-03
3.406927e-01,4.493401e-03,3.571893e-02,1.876986e-02,3.738612e-03,1.492332e-02,1.233609e-02,5.396601e-01,1.321399e-03,6.230545e-04,3.502546e-03,9.982380e-03,8.396063e-03,1.114746e-03,4.726836e-03
2.827391e-01,3.382793e-03,2.659706e-02,1.392598e-02,3.485562e-03,1.212950e-02,1.130936e-02,6.218056e-01,1.033323e-03,5.352453e-04,2.732037e-03,8.173153e-03,7.311561e-03,9.359473e-04,3.903788e-03
2.136112e-01,2.539411e-03,2.082948e-02,1.054081e-02,3.020889e-03,9.596655e-03,1.630502e-02,7.044153e-01,7.647660e-04,4.131842e-04,2.032215e-03,6.236606e-03,5.894862e-03,7.716260e-04,3.027964e-03
1.741707e-01,1.952266e-03,1.578786e-02,8.011899e-03,2.872379e-03,8.604428e-03,1.495590e-02,7.571064e-01,5.892916e-04,3.508840e-04,1.613554e-03,5.167214e-03,5.545280e-03,7.023009e-04,2.569735e-03
1.392974e-01,1.543509e-03,1.191846e-02,6.023097e-03,2.639516e-03,7.058171e-03,1.173123e-02,8.036237e-01,4.859260e-04,3.224557e-04,1.417449e-03,4.528367e-03,6.475573e-03,7.354385e-04,2.199787e-03
1.055414e-01,1.193297e-03,8.540507e-03,4.421531e-03,3.359958e-03,5.493788e-03,8.597513e-03,6.985502e-01,5.512285e-04,3.272024e-03,1.535746e-02,2.686936e-02,1.099993e-01,4.283710e-03,3.968755e-03
7.401486e-02,8.719836e-04,6.192645e-03,3.224844e-03,2.635390e-03,3.954782e-03,6.258856e-03,5.221676e-01,4.125936e-04,5.011577e-03,1.887715e-02,2.540807e-01,8.509938e-02,1.438429e-02,2.813393e-03
5.197906e-02,6.407147e-04,4.398645e-03,2.357354e-03,2.057381e-03,2.930554e-03,4.764047e-03,3.681884e-01,4.094511e-04,2.348893e-02,2.313722e-02,4.326498e-01,6.269856e-02,1.822833e-02,2.071621e-03
3.652311e-02,5.775129e-04,3.154913e-03,1.740828e-03,1.940620e-03,2.410811e-03,3.502902e-03,2.582665e-01,1.046062e-03,4.344505e-02,3.612500e-02,5.268413e-01,4.552350e-02,3.735779e-02,1.544162e-03
2.569404e-02,1.910066e-03,3.219487e-03,1.324698e-03,2.042255e-03,2.520176e-03,2.520568e-03,1.814496e-01,3.386708e-03,3.626981e-02,6.297229e-02,5.971403e-01,3.464392e-02,4.364828e-02,1.257920e-03
1.833657e-02,2.321414e-03,2.997800e-03,1.106119e-03,2.942435e-03,7.224456e-03,1.834500e-03,1.273716e-01,4.218996e-03,4.250269e-02,7.177829e-02,6.488582e-01,2.612103e-02,4.120021e-02,1.185792e-03
1.302636e-02,3.008707e-03,2.559230e-03,8.586424e-04,2.830460e-03,5.694126e-03,1.342810e-03,8.946255e-02,7.618170e-03,3.394502e-02,1.085140e-01,6.568185e-01,1.939626e-02,5.395542e-02,9.697723e-04
9.656469e-03,2.826183e-03,1.966478e-03,7.968473e-04,2.507254e-03,5.318531e-03,9.796668e-04,6.280701e-02,4.870880e-02,2.429435e-02,1.267932e-01,6.452367e-01,1.460375e-02,5.253342e-02,9.713881e-04
7.391909e-03,2.217327e-03,1.614986e-03,1.160381e-03,5.573176e-03,4.859150e-03,7.712043e-04,4.414625e-02,1.682263e-01,1.779341e-02,1.682592e-01,5.187434e-01,1.077576e-02,4.690509e-02,1.562481e-03
7.265114e-03,1.956611e-03,1.542838e-03,1.851067e-03,9.384993e-03,3.923410e-03,5.968180e-04,3.108091e-02,1.643137e-01,1.425677e-02,2.239066e-01,4.647296e-01,1.625333e-02,4.311766e-02,1.582060e-02
7.302301e-03,1.856360e-03,1.308606e-03,2.668773e-03,1.199590e-02,3.887379e-03,4.410721e-04,2.211079e-02,1.682602e-01,1.135216e-02,2.530594e-01,3.884305e-01,1.364533e-02,1.007496e-01,1.293161e-02
6.773430e-03,1.673834e-03,1.148846e-03,2.575872e-03,1.029437e-02,3.555687e-03,3.314674e-04,1.563456e-02,1.479849e-01,1.178169e-02,3.751069e-01,2.879834e-01,1.156061e-02,1.124566e-01,1.113786e-02
5.662884e-03,1.777795e-03,1.009322e-03,2.134861e-03,8.775000e-03,3.264597e-03,2.588017e-04,1.101431e-02,1.112501e-01,1.082641e-02,4.918411e-01,2.183500e-01,9.059533e-03,1.163448e-01,8.430563e-03
7.821736e-03,7.740638e-02,6.876718e-02,2.502804e-03,4.571681e-02,7.355648e-03,3.463543e-04,8.432538e-03,9.293095e-02,2.967266e-02,3.795677e-01,1.644638e-01,6.801049e-03,9.870597e-02,9.508485e-03
6.705685e-03,1.574147e-01,6.411542e-02,2.112711e-03,9.534234e-02,3.055708e-02,4.130644e-04,6.127325e-03,7.419644e-02,2.918492e-02,3.236432e-01,1.196105e-01,4.890058e-03,7.703155e-02,8.655025e-03
2.162304e-02,2.111299e-01,7.710075e-02,8.232453e-03,1.243812e-01,3.387841e-02,7.601751e-04,4.866654e-03,5.680073e-02,3.670537e-02,2.552536e-01,8.570601e-02,3.802278e-03,6.358034e-02,1.617924e-02
3.519455e-02,2.471580e-01,7.732557e-02,9.750420e-03,1.322349e-01,4.065800e-02,1.138384e-03,4.064281e-03,4.400621e-02,3.132828e-02,2.322263e-01,6.302977e-02,3.959525e-03,6.287123e-02,1.505455e-02
3.487403e-02,3.277150e-01,1.185202e-01,2.695013e-02,1.133921e-01,3.298502e-02,2.186925e-03,3.557731e-03,3.261426e-02,2.434633e-02,1.761384e-01,4.468859e-02,4.977977e-03,4.505599e-02,1.199731e-02
4.373212e-02,2.976098e-01,2.042834e-01,4.977643e-02,1.081323e-01,3.133198e-02,3.165415e-03,3.771238e-03,2.607956e-02,1.907635e-02,1.306875e-01,3.254382e-02,5.014793e-03,3.321315e-02,1.158212e-02
4.950310e-02,2.694599e-01,2.672299e-01,3.965683e-02,1.020273e-01,2.841726e-02,3.435474e-03,3.497561e-03,2.882501e-02,2.103238e-02,1.112785e-01,2.522879e-02,6.005262e-03,3.365197e-02,1.075066e-02
5.079256e-02,2.951323e-01,2.822717e-01,5.585601e-02,1.048218e-01,2.295464e-02,4.920215e-03,3.197638e-03,2.250941e-02,1.567934e-02,8.366220e-02,1.839974e-02,5.148732e-03,2.609790e-02,8.555783e-03
6.986403e-02,2.543347e-01,2.486769e-01,4.502256e-02,1.415364e-01,3.770473e-02,4.412145e-03,3.212910e-03,2.827709e-02,1.825560e-02,7.995041e-02,1.488378e-02,5.565700e-03,4.079311e-02,7.509919e-03
8.425476e-02,1.978142e-01,2.457665e-01,4.215850e-02,1.663686e-01,3.214346e-02,3.735055e-03,4.599934e-03,3.171645e-02,2.383351e-02,9.358050e-02,1.224691e-02,4.429479e-03,5.035695e-02,6.995207e-03
7.404727e-02,1.923368e-01,2.313305e-01,1.452908e-01,1.230552e-01,2.514002e-02,2.860788e-03,4.406738e-03,2.707006e-02,2.156569e-02,8.094499e-02,1.771151e-02,4.328379e-03,3.789032e-02,1.202099e-02
5.560490e-02,2.278958e-01,2.089011e-01,1.770417e-01,8.855902e-02,2.119869e-02,2.258390e-03,3.505025e-03,2.633252e-02,2.170665e-02,9.182101e-02,1.697728e-02,4.482203e-03,3.245750e-02,2.125810e-02
4.896874e-02,1.999060e-01,1.797438e-01,1.422761e-01,6.416407e-02,1.688292e-02,1.629553e-03,4.094518e-03,2.854620e-02,2.007509e-02,1.813211e-01,3.182111e-02,1.417018e-02,5.027192e-02,1.612882e-02
1.044070e-01,1.692516e-01,1.450142e-01,1.169770e-01,4.692883e-02,1.339868e-02,1.290738e-03,4.897547e-03,2.714081e-02,1.986411e-02,2.037275e-01,3.399464e-02,1.373947e-02,8.615874e-02,1.320918e-02
7.446551e-02,1.218369e-01,1.064114e-01,8.301668e-02,3.329547e-02,9.807877e-03,9.290065e-04,3.664383e-03,2.193225e-02,1.727910e-02,3.974532e-01,3.492192e-02,1.171222e-02,7.320156e-02,1.007246e-02
5.399116e-02,8.676733e-02,7.686552e-02,5.908450e-02,2.400492e-02,8.607396e-03,6.752883e-04,2.695577e-03,1.677855e-02,1.367428e-02,4.647517e-01,8.822566e-02,9.315451e-03,8.687069e-02,7.691918e-03
3.906317e-02,6.130945e-02,5.434103e-02,4.203013e-02,1.725688e-02,7.693866e-03,4.866512e-04,1.934335e-03,1.274852e-02,1.091415e-02,5.289854e-01,1.199085e-01,7.727455e-03,8.960442e-02,5.996013e-03
2.847419e-02,4.354643e-02,3.857931e-02,2.994071e-02,1.538269e-02,5.920317e-03,4.419427e-04,1.488272e-03,1.082133e-02,1.200653e-02,5.024964e-01,1.627460e-01,6.867238e-03,1.362413e-01,5.047326e-03
2.043119e-02,3.081807e-02,2.745510e-02,2.127187e-02,1.220778e-02,4.791012e-03,3.846487e-04,1.129319e-03,8.821919e-03,1.177372e-02,5.564015e-01,1.706061e-01,6.200576e-03,1.235643e-01,4.142823e-03
1.478616e-02,2.659671e-02,2.032292e-02,1.516582e-02,1.081269e-02,4.044804e-03,3.909172e-04,9.533334e-04,9.429348e-03,1.081141e-02,5.704277e-01,2.122774e-01,5.371489e-03,9.446031e-02,4.149134e-03
1.121804e-02,2.519396e-02,1.939875e-02,1.124218e-02,1.180584e-02,7.888720e-03,7.795288e-04,1.903141e-03,1.444405e-02,1.246361e-02,5.428707e-01,2.602043e-01,4.628829e-03,7.000016e-02,5.958218e-03
8.269587e-03,1.825866e-02,1.401097e-02,7.978605e-03,1.179259e-02,6.699520e-03,7.811061e-04,1.522659e-03,1.300768e-02,1.069193e-02,5.860865e-01,2.620461e-01,3.673840e-03,5.052890e-02,4.651410e-03
7.030392e-03,1.433872e-02,1.096598e-02,5.733922e-03,1.693372e-02,2.433906e-02,1.232575e-03,1.489243e-03,1.309988e-02,8.996844e-03,5.767548e-01,2.739269e-01,3.368100e-03,3.783773e-02,3.952122e-03
7.139368e-03,1.146493e-02,1.097065e-02,4.363217e-03,2.898729e-02,2.057542e-01,3.204534e-03,2.915386e-03,1.082538e-02,6.810136e-03,4.312340e-01,2.425968e-01,3.252953e-03,2.746784e-02,3.013316e-03
1.959555e-02,2.262091e-02,2.285968e-02,6.457565e-03,5.374671e-02,2.275055e-01,6.971876e-03,1.041978e-02,4.593056e-02,9.434536e-03,3.499444e-01,1.933259e-01,3.655075e-03,2.078179e-02,6.750144e-03
4.476679e-02,3.471322e-02,2.675234e-02,7.118373e-03,8.793285e-02,2.562470e-01,5.920308e-03,1.409223e-02,7.088691e-02,1.134804e-02,2.689145e-01,1.399429e-01,4.439820e-03,1.743724e-02,9.487478e-03
5.017713e-02,4.419167e-02,2.792617e-02,7.280111e-03,1.481882e-01,2.684267e-01,6.054778e-03,1.348772e-02,8.820740e-02,1.075972e-02,2.067527e-01,1.002125e-01,4.315450e-03,1.408880e-02,9.930899e-03
4.121142e-02,3.775151e-02,3.108126e-02,8.184452e-03,2.024736e-01,2.781090e-01,2.472672e-02,2.089735e-02,1.011216e-01,8.708996e-03,1.480031e-01,7.110466e-02,7.677458e-03,1.015860e-02,8.790232e-03
4.046795e-02,3.230989e-02,2.751742e-02,8.256891e-03,2.240934e-01,3.198198e-01,2.412959e-02,1.761629e-02,1.159078e-01,7.584560e-03,1.080546e-01,5.074726e-02,7.254996e-03,7.875607e-03,8.363809e-03
4.282976e-02,6.240581e-02,2.778425e-02,8.096226e-03,2.050641e-01,2.539569e-01,2.062585e-02,2.204083e-02,1.978856e-01,1.105092e-02,8.326583e-02,3.704209e-02,8.780914e-03,7.999340e-03,1.117151e-02
5.790539e-02,8.822992e-02,2.949871e-02,2.105201e-02,1.638471e-01,1.833684e-01,1.752874e-02,2.539287e-02,2.137569e-01,3.612103e-02,7.267483e-02,4.922727e-02,1.301227e-02,6.221462e-03,2.216304e-02
5.865475e-02,1.032156e-01,2.435032e-02,2.043984e-02,1.293408e-01,1.317346e-01,1.624148e-02,3.376798e-02,2.750346e-01,4.256868e-02,6.331621e-02,5.621707e-02,1.951095e-02,4.856857e-03,2.075018e-02
6.364904e-02,1.119558e-01,2.540018e-02,2.346446e-02,1.163742e-01,1.091954e-01,1.318444e-02,7.373352e-02,2.663566e-01,3.234379e-02,6.733796e-02,4.616113e-02,2.883189e-02,4.668811e-03,1.734270e-02
5.765356e-02,1.089457e-01,2.173841e-02,2.011854e-02,9.123550e-02,1.242795e-01,1.022634e-02,5.862588e-02,3.184721e-01,2.560900e-02,6.923228e-02,3.571151e-02,3.767435e-02,3.643290e-03,1.683397e-02
4.409819e-02,8.410986e-02,1.623728e-02,1.770151e-02,6.810696e-02,2.019632e-01,7.769176e-03,4.166020e-02,3.265869e-01,1.881738e-02,5.451015e-02,3.413989e-02,5.933746e-02,2.732856e-03,2.222902e-02
3.472272e-02,6.215029e-02,1.191887e-02,1.569219e-02,5.546004e-02,2.089974e-01,6.024108e-03,3.009696e-02,3.063841e-01,1.477113e-02,4.577202e-02,4.394089e-02,1.410202e-01,2.172721e-03,2.087632e-02
2.724260e-02,4.623263e-02,8.702546e-03,1.219995e-02,4.031256e-02,1.722882e-01,4.554588e-03,2.215849e-02,2.550806e-01,1.149705e-02,4.196927e-02,7.141533e-02,2.667428e-01,1.911833e-03,1.769151e-02
2.163357e-02,3.785525e-02,6.268924e-03,1.118646e-02,2.846308e-02,1.429239e-01,3.261976e-03,1.566759e-02,1.989213e-01,9.521734e-03,3.471022e-02,8.438855e-02,3.885210e-01,1.812250e-03,1.486420e-02
1.742698e-02,2.973478e-02,4.588012e-03,9.504316e-03,2.008183e-02,1.250341e-01,2.337495e-03,1.105142e-02,1.483450e-01,7.538841e-03,3.477734e-02,1.316331e-01,4.434574e-01,1.820816e-03,1.266862e-02
1.410538e-02,2.294049e-02,3.383848e-03,7.865599e-03,1.412822e-02,9.336624e-02,1.655607e-03,7.759952e-03,1.098561e-01,6.859046e-03,3.976864e-02,3.167166e-01,3.498903e-01,1.700885e-03,1.000312e-02
1.107003e-02,1.715069e-02,2.427215e-03,5.718249e-03,9.989846e-03,6.692832e-02,1.184476e-03,5.449265e-03,8.176366e-02,6.878035e-03,4.424641e-02,4.845129e-01,2.535373e-01,1.592303e-03,7.551308e-03
8.810678e-03,1.345235e-02,1.806846e-03,4.251949e-03,7.189550e-03,4.804735e-02,8.685481e-04,3.836410e-03,6.359331e-02,9.060633e-03,5.170140e-02,5.934861e-01,1.859980e-01,1.812162e-03,6.084766e-03
6.522148e-03,1.034328e-02,1.504427e-03,3.029936e-03,6.524032e-03,3.394280e-02,8.073561e-04,2.739448e-03,5.921945e-02,1.181128e-02,4.378332e-02,6.794193e-01,1.340827e-01,1.699644e-03,4.570894e-03
4.933151e-03,1.314623e-02,1.500759e-03,2.166952e-03,5.416305e-03,2.396188e-02,6.549493e-04,2.035354e-03,5.547480e-02,1.454967e-02,4.015625e-02,7.282231e-01,1.024043e-01,1.781602e-03,3.594673e-03
5.118825e-03,1.532370e-02,1.342856e-03,1.577517e-03,3.921818e-03,1.727809e-02,4.857373e-04,1.544288e-03,4.064028e-02,2.946094e-02,1.047509e-01,6.962901e-01,7.655971e-02,2.090403e-03,3.614795e-03
9.119010e-03,1.265632e-02,6.023285e-03,1.179815e-03,3.145728e-03,1.850778e-02,6.376496e-04,4.677278e-03,3.151154e-02,4.595707e-02,8.776467e-02,7.175358e-01,5.571881e-02,2.277104e-03,3.288153e-03
1.000967e-02,9.592885e-03,4.932216e-02,1.331219e-03,2.589431e-03,2.941417e-02,3.753621e-03,2.090877e-02,2.324181e-02,5.169784e-02,6.767615e-02,6.861041e-01,4.005575e-02,1.769287e-03,2.533126e-03
8.890633e-03,1.392942e-02,7.660396e-02,1.332371e-03,4.362368e-03,4.039008e-02,4.576994e-03,2.691635e-02,5.049162e-02,4.923734e-02,5.379217e-02,6.366518e-01,2.882172e-02,1.478911e-03,2.524341e-03
7.384244e-03,1.523822e-02,6.320783e-02,1.230223e-03,4.912831e-03,3.659128e-02,4.580992e-03,3.354422e-02,2.019584e-01,4.350706e-02,4.316372e-02,5.206646e-01,2.069926e-02,1.206589e-03,2.110602e-03
9.863224e-03,1.925514e-02,5.711137e-02,1.341027e-03,7.910839e-02,3.151932e-02,1.227681e-02,3.615192e-02,2.907088e-01,3.819493e-02,3.183897e-02,3.748817e-01,1.478443e-02,1.265880e-03,1.698155e-03
1.768249e-02,1.873929e-02,5.953621e-02,5.484093e-03,9.382716e-02,4.811408e-02,8.909340e-03,2.895354e-02,3.244179e-01,4.613579e-02,3.226467e-02,2.838125e-01,1.407162e-02,4.567947e-03,1.348334e-02
4.643257e-02,1.814002e-02,4.501176e-02,4.788223e-03,9.650113e-02,5.100332e-02,7.171111e-03,2.134147e-02,3.119984e-01,7.197158e-02,2.919180e-02,2.009028e-01,1.066956e-02,5.155069e-03,7.972118e-02
5.242746e-02,2.505408e-02,5.878963e-02,1.412107e-02,8.443476e-02,7.524735e-02,9.275634e-03,2.235356e-02,2.600523e-01,7.036766e-02,3.801456e-02,1.460831e-01,9.408143e-03,5.272362e-03,1.290984e-01
7.582913e-02,2.251477e-02,4.477933e-02,1.355957e-02,8.028813e-02,1.108559e-01,1.159647e-02,2.013565e-02,2.710130e-01,6.287757e-02,4.468794e-02,1.074639e-01,9.464899e-03,7.376169e-03,1.175576e-01
1.076545e-01,2.174710e-02,3.659337e-02,2.075898e-02,1.067997e-01,1.264513e-01,1.269760e-02,2.874152e-02,2.531663e-01,4.718075e-02,4.869963e-02,7.882247e-02,8.420249e-03,7.461098e-03,9.480543e-02
1.560467e-01,2.503882e-02,2.814846e-02,2.832754e-02,9.622969e-02,1.047049e-01,1.018869e-02,3.701030e-02,2.323188e-01,4.387314e-02,5.150498e-02,6.464437e-02,7.222992e-03,1.044124e-02,1.042995e-01
1.633453e-01,2.540693e-02,3.724390e-02,7.630734e-02,9.806183e-02,8.523446e-02,8.605914e-03,5.127261e-02,1.809998e-01,4.128006e-02,4.987428e-02,5.774281e-02,6.260258e-03,1.059884e-02,1.077657e-01
1.757964e-01,3.222286e-02,3.759515e-02,7.436647e-02,9.592390e-02,6.641433e-02,7.452226e-03,5.081906e-02,1.732191e-01,3.671421e-02,5.537391e-02,4.632194e-02,5.679041e-03,1.251999e-02,1.295813e-01
1.847413e-01,2.885760e-02,3.198005e-02,7.271789e-02,1.198903e-01,5.471471e-02,6.227334e-03,1.068771e-01,1.540659e-01,2.923574e-02,4.681336e-02,3.465050e-02,4.761558e-03,1.271962e-02,1.117470e-01
1.928024e-01,6.060486e-02,3.217547e-02,6.441974e-02,9.904802e-02,4.321527e-02,4.669313e-03,9.050507e-02,1.372909e-01,2.830998e-02,4.212164e-02,2.633819e-02,4.519100e-03,1.884621e-02,1.551338e-01
1.658855e-01,5.084863e-02,7.886935e-02,9.932015e-02,7.291180e-02,3.186282e-02,3.544018e-03,6.556229e-02,1.249160e-01,2.466694e-02,3.209416e-02,2.042069e-02,4.342389e-03,1.772858e-02,2.070267e-01
1.162639e-01,4.053577e-02,9.140050e-02,7.065009e-02,5.119598e-02,2.239204e-02,2.487443e-03,4.590342e-02,9.611798e-02,1.918086e-02,2.299824e-02,1.442544e-02,3.128950e-03,3.813557e-02,3.651839e-01
8.653897e-02,3.777364e-02,7.596639e-02,5.159079e-02,3.768455e-02,1.700662e-02,2.032819e-03,3.233018e-02,7.807365e-02,1.706930e-02,2.467857e-02,1.143681e-02,3.997930e-03,2.017429e-01,3.220769e-01
6.136616e-02,2.786996e-02,5.401737e-02,3.623411e-02,2.665146e-02,1.214512e-02,1.479265e-03,2.267388e-02,5.663114e-02,1.613259e-02,2.136826e-02,9.230483e-03,3.586883e-03,4.006613e-01,2.499520e-01
4.369689e-02,1.997828e-02,3.817694e-02,2.551755e-02,1.873498e-02,8.613043e-03,1.121171e-03,1.588807e-02,4.274215e-02,1.520296e-02,2.368956e-02,1.016395e-02,2.961225e-03,5.148249e-01,2.186884e-01
3.067898e-02,1.445420e-02,2.816273e-02,1.797228e-02,1.341225e-02,6.189939e-03,9.095905e-04,1.113695e-02,3.856263e-02,2.707553e-02,3.835309e-02,9.766102e-03,2.981617e-03,5.760306e-01,1.843136e-01
2.156992e-02,1.038033e-02,2.012212e-02,1.265174e-02,9.709476e-03,4.580829e-03,7.436400e-04,7.804926e-03,3.604467e-02,3.336776e-02,4.186488e-02,7.621090e-03,2.269954e-03,6.554628e-01,1.358059e-01
1.515193e-02,7.411245e-03,1.424766e-02,8.892499e-03,6.885982e-03,3.290785e-03,5.496152e-04,5.467282e-03,3.200328e-02,4.731639e-02,4.167501e-02,5.857528e-03,1.853268e-03,7.063943e-01,1.030032e-01
1.066028e-02,5.560010e-03,1.010059e-02,6.285769e-03,4.988261e-03,2.399293e-03,4.781841e-04,3.833756e-03,4.146479e-02,4.861350e-02,4.033468e-02,6.701044e-03,1.947495e-03,7.314703e-01,8.516205e-02
7.617134e-03,4.247827e-03,7.111077e-03,4.511683e-03,3.951408e-03,2.065628e-03,5.342653e-04,2.706264e-03,6.480911e-02,5.462955e-02,3.806592e-02,6.842586e-03,2.977700e-03,7.275313e-01,7.239859e-02
5.654081e-03,4.600193e-03,5.125879e-03,3.290293e-03,3.817230e-03,6.619500e-03,5.385124e-04,2.211561e-03,9.743758e-02,1.185081e-01,3.981927e-02,6.623247e-03,3.307948e-03,6.404034e-01,6.204320e-02
4.326989e-03,3.907970e-03,3.957873e-03,3.301884e-03,4.453569e-03,8.570924e-03,9.341761e-04,3.738497e-03,1.390026e-01,1.384028e-01,3.976667e-02,5.820864e-03,2.952167e-03,5.876046e-01,5.325840e-02
5.511430e-03,5.785180e-03,4.481867e-03,5.224380e-03,7.175670e-03,2.251392e-02,2.830330e-03,1.232496e-02,1.559995e-01,1.641888e-01,4.220385e-02,4.542606e-03,2.854840e-03,5.230949e-01,4.126778e-02
6.784757e-03,1.530995e-02,4.356450e-03,8.031031e-03,1.315722e-02,5.751856e-02,4.176627e-03,1.693595e-02,1.926847e-01,1.678908e-01,3.540607e-02,3.360031e-03,2.160269e-03,4.414417e-01,3.078597e-02
1.143336e-02,2.362172e-02,1.265142e-02,1.272295e-02,1.449617e-02,6.177226e-02,1.088716e-02,5.051742e-02,2.537981e-01,1.507868e-01,3.113847e-02,2.957570e-03,1.984421e-03,3.366338e-01,2.459835e-02
1.146487e-02,4.233929e-02,1.070278e-02,1.038664e-02,1.348273e-02,2.382438e-01,8.011125e-03,4.530531e-02,2.128846e-01,1.119308e-01,2.432797e-02,2.189755e-03,1.848837e-03,2.484423e-01,1.843913e-02
1.813076e-02,6.097094e-02,1.137396e-02,1.117343e-02,1.964515e-02,2.864097e-01,5.851758e-03,4.726681e-02,2.126949e-01,8.828927e-02,2.292804e-02,1.897742e-03,2.364587e-03,1.929724e-01,1.803047e-02
1.738181e-02,6.466585e-02,1.213355e-02,2.079469e-02,2.238588e-02,3.585627e-01,4.393511e-03,5.475440e-02,1.892169e-01,6.978613e-02,1.756692e-02,1.791648e-03,2.867851e-03,1.372993e-01,2.639886e-02
1.887899e-02,4.915833e-02,9.450725e-03,1.663035e-02,3.117308e-02,4.960849e-01,3.452090e-03,4.097503e-02,1.497861e-01,4.941936e-02,1.293573e-02,1.336654e-03,2.249225e-03,9.694888e-02,2.152063e-02
2.242682e-02,4.661159e-02,1.817076e-02,2.547156e-02,4.637793e-02,4.955166e-01,3.439740e-03,5.479429e-02,1.265722e-01,3.715798e-02,9.750902e-03,1.137423e-03,1.892867e-03,7.188363e-02,3.879575e-02
2.818910e-02,4.137684e-02,2.217733e-02,3.729897e-02,6.176325e-02,5.078225e-01,4.137801e-03,5.916532e-02,1.067963e-01,2.844491e-02,7.679287e-03,1.234701e-03,1.626028e-03,5.292932e-02,3.935843e-02
3.155782e-02,3.536970e-02,5.144069e-02,7.093097e-02,6.200228e-02,4.508789e-01,3.809345e-03,8.324090e-02,9.762730e-02,2.293020e-02,6.102186e-03,1.246061e-03,1.570263e-03,3.773614e-02,4.355725e-02
3.808257e-02,2.768954e-02,3.923779e-02,5.201575e-02,4.639263e-02,5.600685e-01,3.206920e-03,7.382999e-02,7.617820e-02,1.640205e-02,5.103151e-03,1.579765e-03,1.536927e-03,2.674276e-02,3.193344e-02
6.266329e-02,2.269411e-02,2.980863e-02,3.979905e-02,3.478104e-02,6.115454e-01,2.842310e-03,6.947178e-02,6.037562e-02,1.205615e-02,4.956758e-03,2.540143e-03,1.734787e-03,1.916414e-02,2.556672e-02
5.498681e-02,2.665884e-02,6.160197e-02,6.943151e-02,2.790239e-02,4.445543e-01,2.795675e-03,5.400736e-02,7.187199e-02,7.691455e-02,1.813738e-02,1.294599e-02,4.299037e-03,1.527098e-02,5.862115e-02
4.030794e-02,2.146586e-02,1.124714e-01,7.321475e-02,2.024141e-02,3.133364e-01,2.393093e-03,4.286581e-02,8.394724e-02,9.577016e-02,7.051852e-02,1.829322e-02,9.435768e-03,1.455064e-02,8.118783e-02
2.927193e-02,2.188485e-02,1.040174e-01,5.754086e-02,1.502115e-02,2.216419e-01,2.200380e-03,3.120023e-02,1.052887e-01,1.216361e-01,8.736128e-02,1.434197e-02,1.021460e-02,2.153809e-02,1.568405e-01
2.176644e-02,4.070531e-02,8.549777e-02,6.452833e-02,1.242766e-02,1.560177e-01,1.674722e-03,2.215617e-02,1.467768e-01,1.066717e-01,1.113578e-01,1.214468e-02,1.867768e-02,2.021638e-02,1.793808e-01
1.642710e-02,3.591350e-02,7.111868e-02,4.827153e-02,1.071493e-02,1.129362e-01,1.396450e-03,1.569236e-02,1.248069e-01,9.406222e-02,1.341155e-01,1.058210e-02,2.089257e-02,1.019425e-01,2.011274e-01
1.433637e-02,2.776014e-02,5.148302e-02,3.490840e-02,8.902885e-03,8.024736e-02,1.217650e-03,1.109548e-02,9.144387e-02,8.895870e-02,9.975720e-02,1.057735e-02,2.008362e-02,3.066649e-01,1.525629e-01
1.490973e-02,2.121647e-02,3.661054e-02,2.517895e-02,2.289671e-02,5.702822e-02,1.020840e-03,7.844823e-03,8.088182e-02,8.220641e-02,8.057895e-02,9.447517e-03,1.668611e-02,4.157541e-01,1.277388e-01
1.277461e-02,1.657137e-02,2.640432e-02,1.779494e-02,3.129634e-02,4.128560e-02,7.697596e-04,5.606329e-03,1.022095e-01,7.099377e-02,6.624173e-02,7.641148e-03,1.310569e-02,4.856923e-01,1.016127e-01
1.222887e-02,1.560024e-02,2.431596e-02,1.441430e-02,2.327158e-02,3.260677e-02,7.775259e-04,4.323251e-03,2.405561e-01,5.957895e-02,7.098887e-02,6.033479e-03,1.122309e-02,3.918867e-01,9.219429e-02
2.642649e-02,1.560554e-02,1.963972e-02,1.180925e-02,1.824784e-02,2.529620e-02,8.927293e-04,3.500866e-03,2.672925e-01,5.927472e-02,6.434906e-02,5.216532e-03,8.906662e-03,3.969742e-01,7.656771e-02
2.771361e-02,1.354355e-02,1.460886e-02,8.415923e-03,1.364969e-02,1.813538e-02,6.508618e-04,2.511895e-03,2.393350e-01,5.786918e-02,5.022910e-02,5.260776e-03,8.168409e-03,4.759143e-01,6.399350e-02
2.088508e-02,1.008876e-02,1.171311e-02,5.988706e-03,9.957333e-03,1.452113e-02,4.762422e-04,1.802127e-03,2.923259e-01,5.051675e-02,3.758644e-02,3.859140e-03,6.062631e-03,4.731559e-01,6.106076e-02
1.542507e-02,8.194830e-03,1.154011e-02,4.434056e-03,7.459194e-03,1.488317e-02,3.749759e-04,1.326786e-03,3.001990e-01,4.890880e-02,2.968381e-02,3.019414e-03,5.549876e-03,4.878081e-01,6.119278e-02
1.729903e-02,8.275586e-03,2.262447e-02,5.058050e-03,6.775659e-03,1.271835e-02,5.073287e-04,1.811028e-03,3.163150e-01,9.847204e-02,2.942121e-02,2.694289e-03,5.164498e-03,4.230102e-01,4.985329e-02
1.505392e-02,9.084514e-03,2.414566e-02,4.393605e-03,5.898902e-03,9.859297e-03,4.564781e-04,1.435389e-03,3.224289e-01,1.009018e-01,2.657917e-02,2.430877e-03,4.068949e-03,4.256319e-01,4.763066e-02
1.558497e-02,1.301550e-02,1.965894e-02,3.543140e-03,6.572805e-03,7.710581e-03,4.503994e-04,1.576755e-03,3.642613e-01,1.394816e-01,2.472085e-02,1.901824e-03,3.468871e-03,3.607171e-01,3.733537e-02
1.776147e-02,1.123912e-02,2.290094e-02,3.343701e-03,1.165911e-02,8.853871e-03,3.811193e-04,1.990778e-03,3.749014e-01,1.714748e-01,2.339636e-02,1.502680e-03,2.808075e-03,3.128189e-01,3.496768e-02
1.982724e-02,1.220460e-02,2.484279e-02,3.863810e-03,1.655569e-02,1.175059e-02,1.001085e-03,1.690432e-02,4.188760e-01,1.520310e-01,2.547300e-02,1.603008e-03,2.800366e-03,2.648563e-01,2.741014e-02
2.504812e-02,2.827978e-02,8.804819e-02,2.908931e-02,4.712549e-02,1.301021e-02,1.032463e-03,2.267789e-02,3.374808e-01,1.349986e-01,2.057739e-02,1.581487e-03,2.768931e-03,1.928537e-01,5.542753e-02
2.687019e-02,6.766041e-02,8.273280e-02,2.598391e-02,4.475776e-02,1.348332e-02,8.104751e-04,1.761610e-02,2.637470e-01,1.500294e-01,1.553929e-02,1.629656e-03,2.994994e-03,1.437111e-01,1.424335e-01
4.487852e-02,1.307577e-01,7.643913e-02,2.956489e-02,4.064503e-02,1.147664e-02,6.526220e-04,1.432415e-02,2.192513e-01,1.262127e-01,1.261466e-02,1.533635e-03,2.983522e-03,1.112909e-01,1.773746e-01
7.234137e-02,1.858389e-01,6.104551e-02,3.531246e-02,5.066283e-02,2.469801e-02,1.204017e-03,1.180497e-02,1.956119e-01,9.646794e-02,1.160903e-02,1.417040e-03,3.564591e-03,9.924663e-02,1.491748e-01
9.154172e-02,1.516147e-01,4.617149e-02,3.052447e-02,4.086426e-02,2.072695e-02,1.093770e-03,9.108780e-03,1.589221e-01,1.480602e-01,9.764110e-03,1.622924e-03,3.605308e-03,7.718975e-02,2.091895e-01
7.756807e-02,1.321106e-01,5.413030e-02,5.400341e-02,3.132474e-02,1.554946e-02,9.702743e-04,6.875792e-03,1.199335e-01,1.656299e-01,8.510070e-03,2.507535e-03,5.559313e-03,5.487952e-02,2.704475e-01
6.980050e-02,9.723723e-02,4.327958e-02,4.348327e-02,2.436932e-02,1.215621e-02,9.050994e-04,5.250947e-03,9.604261e-02,1.426183e-01,8.683992e-03,5.628214e-03,1.472126e-02,4.743344e-02,3.883900e-01
6.707532e-02,8.297478e-02,4.021912e-02,1.033402e-01,2.393181e-02,1.070335e-02,1.223532e-03,6.025875e-03,1.695212e-01,1.049804e-01,1.382012e-02,5.732356e-03,1.294568e-02,3.983912e-02,3.176671e-01
6.680354e-02,6.340784e-02,4.219029e-02,7.938416e-02,1.886062e-02,1.137911e-02,1.260980e-03,5.444408e-03,1.938208e-01,9.805621e-02,1.682729e-02,6.885460e-03,1.346413e-02,5.528546e-02,3.269297e-01
5.948478e-02,4.897887e-02,3.957728e-02,5.747443e-02,1.510271e-02,1.150514e-02,1.004818e-03,4.404462e-03,1.909130e-01,9.353815e-02,1.664354e-02,5.601536e-03,1.037204e-02,1.462089e-01,2.991903e-01
4.392432e-02,3.452614e-02,2.984256e-02,4.039624e-02,1.072945e-02,8.746438e-03,7.175212e-04,3.134016e-03,1.686083e-01,9.213737e-02,1.371653e-02,4.105044e-03,7.496964e-03,3.026499e-01,2.392692e-01
3.418894e-02,2.452067e-02,2.330733e-02,2.851052e-02,7.734124e-03,7.340763e-03,5.154115e-04,2.225030e-03,1.630348e-01,8.860638e-02,1.710286e-02,2.935087e-03,5.481727e-03,4.042892e-01,1.902072e-01
2.829254e-02,2.281606e-02,2.299536e-02,2.274970e-02,6.466638e-03,7.918815e-03,4.820589e-04,1.858469e-03,2.599132e-01,8.055668e-02,1.472322e-02,2.314781e-03,4.231848e-03,3.559193e-01,1.687614e-01
2.172646e-02,1.893023e-02,2.182895e-02,1.613318e-02,5.314058e-03,7.079930e-03,3.684521e-04,1.403463e-03,2.677999e-01,7.249233e-02,1.362517e-02,1.702904e-03,3.339821e-03,4.052915e-01,1.429636e-01
1.856230e-02,2.058541e-02,3.665175e-02,1.167148e-02,4.647743e-03,6.652427e-03,3.039958e-04,1.443906e-03,2.597519e-01,5.956002e-02,1.207183e-02,1.408072e-03,2.563161e-03,4.464092e-01,1.177168e-01
1.784933e-02,1.774331e-02,3.439101e-02,8.429875e-03,4.599547e-03,5.777181e-03,2.472581e-04,1.279368e-03,2.917970e-01,5.457844e-02,1.075958e-02,1.082096e-03,2.390309e-03,4.444154e-01,1.046603e-01
1.902240e-02,1.343116e-02,2.821410e-02,6.043631e-03,4.298040e-03,5.449887e-03,2.169208e-04,9.639835e-04,2.721854e-01,4.568258e-02,1.232787e-02,8.301410e-04,2.551403e-03,4.722263e-01,1.165563e-01
