1.000000e+00,0.000000e+00,0.000000e+00,0.000000e+00,0.000000e+00,0.000000e+00,0.000000e+00,0.000000e+00,0.000000e+00,0.000000e+00,0.000000e+00,0.000000e+00,0.000000e+00,0.000000e+00,0.000000e+00
1.000000e+00,0.000000e+00,0.000000e+00,0.000000e+00,0.000000e+00,0.000000e+00,0.000000e+00,0.000000e+00,0.000000e+00,0.000000e+00,0.000000e+00,0.000000e+00,0.000000e+00,0.000000e+00,0.000000e+00
1.000000e+00,0.000000e+00,0.000000e+00,0.000000e+00,0.000000e+00,0.000000e+00,0.000000e+00,0.000000e+00,0.000000e+00,0.000000e+00,0.000000e+00,0.000000e+00,0.000000e+00,0.000000e+00,0.000000e+00
1.000000e+00,0.000000e+00,0.000000e+00,0.000000e+00,0.000000e+00,0.000000e+00,0.000000e+00,0.000000e+00,0.000000e+00,0.000000e+00,0.000000e+00,0.000000e+00,0.000000e+00,0.000000e+00,0.000000e+00
1.000000e+00,0.000000e+00,0.000000e+00,0.000000e+00,0.000000e+00,0.000000e+00,0.000000e+00,0.000000e+00,0.000000e+00,0.000000e+00,0.000000e+00,0.000000e+00,0.000000e+00,0.000000e+00,0.000000e+00
1.000000e+00,0.000000e+00,0.000000e+00,0.000000e+00,0.000000e+00,0.000000e+00,0.000000e+00,0.000000e+00,0.000000e+00,0.000000e+00,0.000000e+00,0.000000e+00,0.000000e+00,0.000000e+00,0.000000e+00
1.000000e+00,0.000000e+00,0.000000e+00,0.000000e+00,0.000000e+00,0.000000e+00,0.000000e+00,0.000000e+00,0.000000e+00,0.000000e+00,0.000000e+00,0.000000e+00,0.000000e+00,0.000000e+00,0.000000e+00
1.000000e+00,0.000000e+00,0.000000e+00,0.000000e+00,0.000000e+00,0.000000e+00,0.000000e+00,0.000000e+00,0.000000e+00,0.000000e+00,0.000000e+00,0.000000e+00,0.000000e+00,0.000000e+00,0.000000e+00
1.000000e+00,0.000000e+00,0.000000e+00,0.000000e+00,0.000000e+00,0.000000e+00,0.000000e+00,0.000000e+00,0.000000e+00,0.000000e+00,0.000000e+00,0.000000e+00,0.000000e+00,0.000000e+00,0.000000e+00
1.000000e+00,0.000000e+00,0.000000e+00,0.000000e+00,0.000000e+00,0.000000e+00,0.000000e+00,0.000000e+00,0.000000e+00,0.000000e+00,0.000000e+00,0.000000e+00,0.000000e+00,0.000000e+00,0.000000e+00
1.000000e+00,0.000000e+00,0.000000e+00,0.000000e+00,0.000000e+00,0.000000e+00,0.000000e+00,0.000000e+00,0.000000e+00,0.000000e+00,0.000000e+00,0.000000e+00,0.000000e+00,0.000000e+00,0.000000e+00
1.000000e+00,0.000000e+00,0.000000e+00,0.000000e+00,0.000000e+00,0.000000e+00,0.000000e+00,0.000000e+00,0.000000e+00,0.000000e+00,0.000000e+00,0.000000e+00,0.000000e+00,0.000000e+00,0.000000e+00
1.000000e+00,0.000000e+00,0.000000e+00,0.000000e+00,0.000000e+00,0.000000e+00,0.000000e+00,0.000000e+00,0.000000e+00,0.000000e+00,0.000000e+00,0.000000e+00,0.000000e+00,0.000000e+00,0.000000e+00
1.000000e+00,0.000000e+00,0.000000e+00,0.000000e+00,0.000000e+00,0.000000e+00,0.000000e+00,0.000000e+00,0.000000e+00,0.000000e+00,0.000000e+00,0.000000e+00,0.000000e+00,0.000000e+00,0.000000e+00
1.000000e+00,0.000000e+00,0.000000e+00,0.000000e+00,0.000000e+00,0.000000e+00,0.000000e+00,0.000000e+00,0.000000e+00,0.000000e+00,0.000000e+00,0.000000e+00,0.000000e+00,0.000000e+00,0.000000e+00
1.000000e+00,0.000000e+00,0.000000e+00,0.000000e+00,0.000000e+00,0.000000e+00,0.000000e+00,0.000000e+00,0.000000e+00,0.000000e+00,0.000000e+00,0.000000e+00,0.000000e+00,0.000000e+00,0.000000e+00
1.000000e+00,0.000000e+00,0.000000e+00,0.000000e+00,0.000000e+00,0.000000e+00,0.000000e+00,0.000000e+00,0.000000e+00,0.000000e+00,0.000000e+00,0.000000e+00,0.000000e+00,0.000000e+00,0.000000e+00
1.000000e+00,0.000000e+00,0.000000e+00,0.000000e+00,0.000000e+00,0.000000e+00,0.000000e+00,0.000000e+00,0.000000e+00,0.000000e+00,0.000000e+00,0.000000e+00,0.000000e+00,0.000000e+00,0.000000e+00
1.000000e+00,0.000000e+00,0.000000e+00,0.000000e+00,0.000000e+00,0.000000e+00,0.000000e+00,0.000000e+00,0.000000e+00,0.000000e+00,0.000000e+00,0.000000e+00,0.000000e+00,0.000000e+00,0.000000e+00
1.000000e+00,0.000000e+00,0.000000e+00,0.000000e+00,0.000000e+00,0.000000e+00,0.000000e+00,0.000000e+00,0.000000e+00,0.000000e+00,0.000000e+00,0.000000e+00,0.000000e+00,0.000000e+00,0.000000e+00
1.000000e+00,0.000000e+00,0.000000e+00,0.000000e+00,0.000000e+00,0.000000e+00,0.000000e+00,0.000000e+00,0.000000e+00,0.000000e+00,0.000000e+00,0.000000e+00,0.000000e+00,0.000000e+00,0.000000e+00
1.000000e+00,0.000000e+00,0.000000e+00,0.000000e+00,0.000000e+00,0.000000e+00,0.000000e+00,0.000000e+00,0.000000e+00,0.000000e+00,0.000000e+00,0.000000e+00,0.000000e+00,0.000000e+00,0.000000e+00
1.000000e+00,0.000000e+00,0.000000e+00,0.000000e+00,0.000000e+00,0.000000e+00,0.000000e+00,0.000000e+00,0.000000e+00,0.000000e+00,0.000000e+00,0.000000e+00,0.000000e+00,0.000000e+00,0.000000e+00
1.000000e+00,0.000000e+00,0.000000e+00,0.000000e+00,0.000000e+00,0.000000e+00,0.000000e+00,0.000000e+00,0.000000e+00,0.000000e+00,0.000000e+00,0.000000e+00,0.000000e+00,0.000000e+00,0.000000e+00
1.000000e+00,0.000000e+00,0.000000e+00,0.000000e+00,0.000000e+00,0.000000e+00,0.000000e+00,0.000000e+00,0.000000e+00,0.000000e+00,0.000000e+00,0.000000e+00,0.000000e+00,0.000000e+00,0.000000e+00
1.000000e+00,0.000000e+00,0.000000e+00,0.000000e+00,0.000000e+00,0.000000e+00,0.000000e+00,0.000000e+00,0.000000e+00,0.000000e+00,0.000000e+00,0.000000e+00,0.000000e+00,0.000000e+00,0.000000e+00
1.000000e+00,0.000000e+00,0.000000e+00,0.000000e+00,0.000000e+00,0.000000e+00,0.000000e+00,0.000000e+00,0.000000e+00,0.000000e+00,0.000000e+00,0.000000e+00,0.000000e+00,0.000000e+00,0.000000e+00
1.000000e+00,0.000000e+00,0.000000e+00,0.000000e+00,0.000000e+00,0.000000e+00,0.000000e+00,0.000000e+00,0.000000e+00,0.000000e+00,0.000000e+00,0.000000e+00,0.000000e+00,0.000000e+00,0.000000e+00
1.000000e+00,0.000000e+00,0.000000e+00,0.000000e+00,0.000000e+00,0.000000e+00,0.000000e+00,0.000000e+00,0.000000e+00,0.000000e+00,0.000000e+00,0.000000e+00,0.000000e+00,0.000000e+00,0.000000e+00
1.000000e+00,0.000000e+00,0.000000e+00,0.000000e+00,0.000000e+00,0.000000e+00,0.000000e+00,0.000000e+00,0.000000e+00,0.000000e+00,0.000000e+00,0.000000e+00,0.000000e+00,0.000000e+00,0.000000e+00
1.000000e+00,0.000000e+00,0.000000e+00,0.000000e+00,0.000000e+00,0.000000e+00,0.000000e+00,0.000000e+00,0.000000e+00,0.000000e+00,0.000000e+00,0.000000e+00,0.000000e+00,0.000000e+00,0.000000e+00
1.000000e+00,0.000000e+00,0.000000e+00,0.000000e+00,0.000000e+00,0.000000e+00,0.000000e+00,0.000000e+00,0.000000e+00,0.000000e+00,0.000000e+00,0.000000e+00,0.000000e+00,0.000000e+00,0.000000e+00
1.000000e+00,0.000000e+00,0.000000e+00,0.000000e+00,0.000000e+00,0.000000e+00,0.000000e+00,0.000000e+00,0.000000e+00,0.000000e+00,0.000000e+00,0.000000e+00,0.000000e+00,0.000000e+00,0.000000e+00
1.000000e+00,0.000000e+00,0.000000e+00,0.000000e+00,0.000000e+00,0.000000e+00,0.000000e+00,0.000000e+00,0.000000e+00,0.000000e+00,0.000000e+00,0.000000e+00,0.000000e+00,0.000000e+00,0.000000e+00
1.000000e+00,0.000000e+00,0.000000e+00,0.000000e+00,0.000000e+00,0.000000e+00,0.000000e+00,0.000000e+00,0.000000e+00,0.000000e+00,0.000000e+00,0.000000e+00,0.000000e+00,0.000000e+00,0.000000e+00
1.000000e+00,0.000000e+00,0.000000e+00,0.000000e+00,0.000000e+00,0.000000e+00,0.000000e+00,0.000000e+00,0.000000e+00,0.000000e+00,0.000000e+00,0.000000e+00,0.000000e+00,0.000000e+00,0.000000e+00
1.000000e+00,0.000000e+00,0.000000e+00,0.000000e+00,0.000000e+00,0.000000e+00,0.000000e+00,0.000000e+00,0.000000e+00,0.000000e+00,0.000000e+00,0.000000e+00,0.000000e+00,0.000000e+00,0.000000e+00
1.000000e+00,0.000000e+00,0.000000e+00,0.000000e+00,0.000000e+00,0.000000e+00,0.000000e+00,0.000000e+00,0.000000e+00,0.000000e+00,0.000000e+00,0.000000e+00,0.000000e+00,0.000000e+00,0.000000e+00
1.000000e+00,0.000000e+00,0.000000e+00,0.000000e+00,0.000000e+00,0.000000e+00,0.000000e+00,0.000000e+00,0.000000e+00,0.000000e+00,0.000000e+00,0.000000e+00,0.000000e+00,0.000000e+00,0.000000e+00
1.000000e+00,0.000000e+00,0.000000e+00,0.000000e+00,0.000000e+00,0.000000e+00,0.000000e+00,0.000000e+00,0.000000e+00,0.000000e+00,0.000000e+00,0.000000e+00,0.000000e+00,0.000000e+00,0.000000e+00
1.000000e+00,0.000000e+00,0.000000e+00,0.000000e+00,0.000000e+00,0.000000e+00,0.000000e+00,0.000000e+00,0.000000e+00,0.000000e+00,0.000000e+00,0.000000e+00,0.000000e+00,0.000000e+00,0.000000e+00
1.000000e+00,0.000000e+00,0.000000e+00,0.000000e+00,0.000000e+00,0.000000e+00,0.000000e+00,0.000000e+00,0.000000e+00,0.000000e+00,0.000000e+00,0.000000e+00,0.000000e+00,0.000000e+00,0.000000e+00
1.000000e+00,0.000000e+00,0.000000e+00,0.000000e+00,0.000000e+00,0.000000e+00,0.000000e+00,0.000000e+00,0.000000e+00,0.000000e+00,0.000000e+00,0.000000e+00,0.000000e+00,0.000000e+00,0.000000e+00
1.000000e+00,0.000000e+00,0.000000e+00,0.000000e+00,0.000000e+00,0.000000e+00,0.000000e+00,0.000000e+00,0.000000e+00,0.000000e+00,0.000000e+00,0.000000e+00,0.000000e+00,0.000000e+00,0.000000e+00
1.000000e+00,0.000000e+00,0.000000e+00,0.000000e+00,0.000000e+00,0.000000e+00,0.000000e+00,0.000000e+00,0.000000e+00,0.000000e+00,0.000000e+00,0.000000e+00,0.000000e+00,0.000000e+00,0.000000e+00
1.000000e+00,0.000000e+00,0.000000e+00,0.000000e+00,0.000000e+00,0.000000e+00,0.000000e+00,0.000000e+00,0.000000e+00,0.000000e+00,0.000000e+00,0.000000e+00,0.000000e+00,0.000000e+00,0.000000e+00
1.000000e+00,0.000000e+00,0.000000e+00,0.000000e+00,0.000000e+00,0.000000e+00,0.000000e+00,0.000000e+00,0.000000e+00,0.000000e+00,0.000000e+00,0.000000e+00,0.000000e+00,0.000000e+00,0.000000e+00
1.000000e+00,0.000000e+00,0.000000e+00,0.000000e+00,0.000000e+00,0.000000e+00,0.000000e+00,0.000000e+00,0.000000e+00,0.000000e+00,0.000000e+00,0.000000e+00,0.000000e+00,0.000000e+00,0.000000e+00
1.000000e+00,0.000000e+00,0.000000e+00,0.000000e+00,0.000000e+00,0.000000e+00,0.000000e+00,0.000000e+00,0.000000e+00,0.000000e+00,0.000000e+00,0.000000e+00,0.000000e+00,0.000000e+00,0.000000e+00
1.000000e+00,0.000000e+00,0.000000e+00,0.000000e+00,0.000000e+00,0.000000e+00,0.000000e+00,0.000000e+00,0.000000e+00,0.000000e+00,0.000000e+00,0.000000e+00,0.000000e+00,0.000000e+00,0.000000e+00
1.000000e+00,0.000000e+00,0.000000e+00,0.000000e+00,0.000000e+00,0.000000e+00,0.000000e+00,0.000000e+00,0.000000e+00,0.000000e+00,0.000000e+00,0.000000e+00,0.000000e+00,0.000000e+00,0.000000e+00
1.000000e+00,0.000000e+00,0.000000e+00,0.000000e+00,0.000000e+00,0.000000e+00,0.000000e+00,0.000000e+00,0.000000e+00,0.000000e+00,0.000000e+00,0.000000e+00,0.000000e+00,0.000000e+00,0.000000e+00
1.000000e+00,0.000000e+00,0.000000e+00,0.000000e+00,0.000000e+00,0.000000e+00,0.000000e+00,0.000000e+00,0.000000e+00,0.000000e+00,0.000000e+00,0.000000e+00,0.000000e+00,0.000000e+00,0.000000e+00
1.000000e+00,0.000000e+00,0.000000e+00,0.000000e+00,0.000000e+00,0.000000e+00,0.000000e+00,0.000000e+00,0.000000e+00,0.000000e+00,0.000000e+00,0.000000e+00,0.000000e+00,0.000000e+00,0.000000e+00
1.000000e+00,0.000000e+00,0.000000e+00,0.000000e+00,0.000000e+00,0.000000e+00,0.000000e+00,0.000000e+00,0.000000e+00,0.000000e+00,0.000000e+00,0.000000e+00,0.000000e+00,0.000000e+00,0.000000e+00
1.000000e+00,0.000000e+00,0.000000e+00,0.000000e+00,0.000000e+00,0.000000e+00,0.000000e+00,0.000000e+00,0.000000e+00,0.000000e+00,0.000000e+00,0.000000e+00,0.000000e+00,0.000000e+00,0.000000e+00
1.000000e+00,0.000000e+00,0.000000e+00,0.000000e+00,0.000000e+00,0.000000e+00,0.000000e+00,0.000000e+00,0.000000e+00,0.000000e+00,0.000000e+00,0.000000e+00,0.000000e+00,0.000000e+00,0.000000e+00
1.000000e+00,0.000000e+00,0.000000e+00,0.000000e+00,0.000000e+00,0.000000e+00,0.000000e+00,0.000000e+00,0.000000e+00,0.000000e+00,0.000000e+00,0.000000e+00,0.000000e+00,0.000000e+00,0.000000e+00
1.000000e+00,0.000000e+00,0.000000e+00,0.000000e+00,0.000000e+00,0.000000e+00,0.000000e+00,0.000000e+00,0.000000e+00,0.000000e+00,0.000000e+00,0.000000e+00,0.000000e+00,0.000000e+00,0.000000e+00
1.000000e+00,0.000000e+00,0.000000e+00,0.000000e+00,0.000000e+00,0.000000e+00,0.000000e+00,0.000000e+00,0.000000e+00,0.000000e+00,0.000000e+00,0.000000e+00,0.000000e+00,0.000000e+00,0.000000e+00
4.640997e-01,3.677437e-02,8.770863e-03,7.054748e-02,3.800353e-03,7.727740e-03,2.042788e-03,3.843293e-03,2.045663e-02,1.537568e-02,4.872940e-03,8.327484e-03,1.280340e-02,2.393481e-03,3.381638e-01
3.581508e-01,2.688813e-02,6.395248e-03,5.183649e-02,2.897525e-03,5.959056e-03,1.596713e-03,3.065803e-03,2.927026e-02,1.697619e-02,3.715174e-03,6.216519e-03,1.204474e-02,3.000102e-03,4.719872e-01
2.600633e-01,3.000677e-02,1.374057e-02,1.348611e-01,2.401852e-03,4.648244e-03,1.436308e-03,2.698690e-03,3.905168e-02,1.782436e-02,3.040377e-03,4.975508e-03,9.156544e-03,3.076351e-03,4.730185e-01
1.895664e-01,2.551957e-02,3.533419e-02,1.670325e-01,1.981574e-03,3.838643e-03,1.115356e-03,2.234930e-03,3.297189e-02,1.628091e-02,2.608360e-03,4.275204e-03,7.029622e-03,4.079058e-03,5.061318e-01
1.340200e-01,2.302332e-02,9.730569e-02,2.767078e-01,1.619264e-03,2.865133e-03,8.955607e-04,1.640929e-03,2.500217e-02,1.238871e-02,2.026698e-03,3.395098e-03,5.041538e-03,3.210181e-03,4.108579e-01
9.433805e-02,1.848144e-02,7.225949e-02,2.006675e-01,1.188931e-03,2.119697e-03,6.574278e-04,1.154722e-03,2.459350e-02,1.138416e-02,2.113419e-03,2.464603e-03,3.985386e-03,4.429712e-03,5.601621e-01
6.616473e-02,1.390480e-02,6.798376e-02,1.684546e-01,8.630012e-04,1.529396e-03,4.756885e-04,8.113862e-04,2.407113e-02,1.012845e-02,1.873519e-03,1.787069e-03,2.886834e-03,3.378829e-03,6.356869e-01
4.686410e-02,1.792157e-02,9.297048e-02,1.389591e-01,6.540688e-04,1.189404e-03,3.578186e-04,5.746258e-04,6.440818e-02,1.144843e-02,1.894851e-03,1.307951e-03,2.422972e-03,3.244182e-03,6.157824e-01
3.324168e-02,1.488824e-02,7.225499e-02,9.804565e-02,4.833268e-04,8.847644e-04,2.547074e-04,4.064575e-04,6.544504e-02,8.950076e-03,1.476204e-03,9.355488e-04,1.927204e-03,5.097098e-03,6.957090e-01
2.713965e-02,1.270045e-02,6.064204e-02,7.338260e-02,4.731189e-04,8.593848e-04,1.915717e-04,3.388945e-04,1.245387e-01,1.254183e-02,1.641200e-03,7.766568e-04,1.697065e-03,2.086644e-02,6.622104e-01
2.234771e-02,9.687273e-03,4.305661e-02,5.155763e-02,3.610218e-04,6.963392e-04,1.396708e-04,2.451251e-04,9.207127e-02,1.057149e-02,3.501809e-03,6.388621e-04,1.399890e-03,1.415806e-01,6.221447e-01
1.821406e-02,1.116770e-02,4.718658e-02,4.221617e-02,5.940368e-04,1.736381e-03,1.294805e-04,2.000071e-04,9.187250e-02,9.537913e-03,3.514408e-03,5.953687e-04,1.150373e-03,1.157829e-01,6.561022e-01
1.700377e-02,9.125693e-03,3.477981e-02,2.974829e-02,5.814136e-04,1.575802e-03,1.023330e-04,1.587030e-04,6.626595e-02,8.827515e-03,3.642761e-03,5.674431e-04,1.274048e-03,2.738828e-01,5.524637e-01
1.612268e-02,9.443336e-03,2.615635e-02,2.096326e-02,6.880878e-04,2.007981e-03,1.173048e-04,1.586203e-04,5.387572e-02,1.852550e-02,6.598766e-03,1.301945e-03,1.819895e-03,2.652560e-01,5.769646e-01
1.331733e-02,2.500035e-02,3.013390e-02,2.039279e-02,1.348625e-03,1.985879e-03,1.207718e-04,2.015099e-04,2.045855e-01,3.244153e-02,9.171221e-03,1.623037e-03,2.274348e-03,2.082435e-01,4.491597e-01
9.975737e-03,8.787213e-02,7.083808e-02,3.070622e-02,1.200322e-03,1.505730e-03,1.061060e-04,1.642177e-04,2.391766e-01,2.702192e-02,8.053877e-03,2.124780e-03,2.131856e-03,1.660772e-01,3.530453e-01
8.483851e-03,1.030591e-01,8.467720e-02,2.459616e-02,1.318521e-03,2.211723e-03,2.656388e-04,2.061815e-04,2.089754e-01,3.706889e-02,8.531937e-03,3.204888e-03,3.538088e-03,2.269829e-01,2.868794e-01
1.333021e-02,1.775875e-01,6.512620e-02,2.033767e-02,3.269879e-03,6.328657e-03,4.609528e-04,4.441129e-04,2.255397e-01,3.010201e-02,1.072265e-02,4.830675e-03,1.116337e-02,1.760325e-01,2.547239e-01
2.060714e-02,2.083497e-01,5.069401e-02,1.870415e-02,6.690920e-03,2.415355e-02,6.400746e-04,1.347909e-03,2.518929e-01,2.450141e-02,1.760489e-02,8.759121e-03,1.657655e-02,1.426755e-01,2.068022e-01
3.205493e-02,2.229587e-01,5.051421e-02,4.968165e-02,7.945910e-03,3.529648e-02,7.567261e-04,2.701198e-03,2.538237e-01,2.472947e-02,1.456985e-02,7.285086e-03,1.848285e-02,1.031895e-01,1.760097e-01
3.437750e-02,2.981997e-01,4.169712e-02,3.927629e-02,1.290981e-02,3.045106e-02,1.220583e-03,4.658037e-03,2.447893e-01,2.003258e-02,1.117511e-02,5.711591e-03,3.298043e-02,7.744074e-02,1.450801e-01
3.496580e-02,3.151411e-01,3.482290e-02,3.922766e-02,2.167993e-02,2.849575e-02,1.248665e-03,5.235748e-03,2.445341e-01,2.018897e-02,1.018942e-02,4.440197e-03,3.544755e-02,5.801439e-02,1.463678e-01
5.185060e-02,3.030681e-01,3.225163e-02,3.736262e-02,4.087887e-02,2.805569e-02,1.159571e-03,1.348081e-02,2.216675e-01,1.668661e-02,1.217281e-02,4.159272e-03,6.770127e-02,4.425971e-02,1.252450e-01
5.506497e-02,2.474075e-01,4.877064e-02,1.289103e-01,3.590313e-02,2.245649e-02,1.070267e-03,2.023472e-02,2.299300e-01,1.424311e-02,1.281297e-02,3.610704e-03,5.536432e-02,3.153489e-02,9.268608e-02
4.620644e-02,1.836981e-01,1.196527e-01,2.026110e-01,2.710548e-02,1.712416e-02,8.306381e-04,1.508073e-02,2.009906e-01,2.046440e-02,1.359013e-02,3.440303e-03,4.101410e-02,2.233669e-02,8.585455e-02
1.482784e-01,1.441488e-01,1.352790e-01,1.739594e-01,2.852480e-02,1.676640e-02,1.044167e-03,1.558485e-02,1.575487e-01,1.740522e-02,2.359394e-02,7.640695e-03,4.593052e-02,1.660422e-02,6.769092e-02
2.362934e-01,1.127065e-01,1.228033e-01,1.361032e-01,3.001426e-02,1.842500e-02,1.438821e-03,1.719433e-02,1.232369e-01,1.601464e-02,2.697277e-02,1.059102e-02,6.937516e-02,1.384527e-02,6.498538e-02
1.866795e-01,1.313061e-01,1.497754e-01,2.278191e-01,2.504448e-02,1.418130e-02,1.098762e-03,1.251694e-02,9.349315e-02,1.512877e-02,2.161316e-02,8.892009e-03,4.993703e-02,1.024280e-02,5.227150e-02
2.543925e-01,9.959394e-02,1.283358e-01,1.963530e-01,2.116930e-02,1.388999e-02,1.120040e-03,1.193426e-02,1.008364e-01,2.166596e-02,2.457641e-02,1.098337e-02,4.669943e-02,8.927258e-03,5.952225e-02
3.959668e-01,7.374763e-02,1.039578e-01,1.469570e-01,1.536694e-02,1.265706e-02,9.836588e-04,9.958199e-03,8.308351e-02,2.128613e-02,2.361717e-02,1.224101e-02,4.308446e-02,9.510677e-03,4.758190e-02
4.627464e-01,5.907713e-02,7.856978e-02,1.083340e-01,1.527345e-02,1.374536e-02,1.552728e-03,1.076757e-02,8.458846e-02,1.687866e-02,2.436575e-02,1.602806e-02,5.629413e-02,1.116441e-02,4.061410e-02
3.877441e-01,4.522973e-02,5.611867e-02,7.738639e-02,1.461021e-02,1.842113e-02,1.916170e-03,8.641989e-03,7.445621e-02,1.203176e-02,1.885553e-02,4.699636e-02,1.958130e-01,8.692455e-03,3.308624e-02
3.151022e-01,1.314913e-01,5.301491e-02,7.771049e-02,1.311029e-02,2.066126e-02,2.072781e-03,9.092686e-03,1.001181e-01,9.221910e-03,1.748124e-02,4.576139e-02,1.653652e-01,7.516700e-03,3.227944e-02
2.476005e-01,1.264410e-01,4.121116e-02,5.838677e-02,1.078686e-02,4.515798e-02,1.846654e-03,8.714959e-03,1.182719e-01,8.913185e-03,2.374580e-02,5.652429e-02,1.979056e-01,8.587134e-03,4.590610e-02
2.344066e-01,1.029450e-01,3.345704e-02,4.388053e-02,1.642004e-02,7.548861e-02,3.249183e-03,1.057961e-02,1.304043e-01,7.692931e-03,2.745914e-02,4.849656e-02,2.166718e-01,8.257214e-03,4.059140e-02
2.107146e-01,9.042630e-02,4.456218e-02,3.719528e-02,1.849678e-02,5.733417e-02,3.819383e-03,3.347001e-02,1.389015e-01,7.507670e-03,3.261438e-02,6.178130e-02,2.045043e-01,9.808308e-03,4.886387e-02
1.934554e-01,8.415194e-02,5.466534e-02,3.050274e-02,1.953369e-02,4.536011e-02,4.018703e-03,3.304425e-02,1.400045e-01,8.745590e-03,3.611603e-02,8.188641e-02,1.969012e-01,1.269546e-02,5.891857e-02
2.131003e-01,6.904007e-02,7.386126e-02,2.575408e-02,2.347216e-02,3.891990e-02,1.578670e-02,6.104804e-02,1.167224e-01,9.975646e-03,2.977461e-02,6.327223e-02,1.979393e-01,9.987326e-03,5.134587e-02
2.617337e-01,5.753425e-02,6.647248e-02,2.075559e-02,2.308385e-02,4.194624e-02,1.568792e-02,8.034899e-02,9.922056e-02,1.185555e-02,2.425721e-02,5.647094e-02,1.869377e-01,8.616930e-03,4.507805e-02
3.039251e-01,5.442811e-02,5.295368e-02,1.952715e-02,2.205377e-02,4.032156e-02,1.235600e-02,7.476933e-02,1.192142e-01,1.285834e-02,1.905378e-02,5.313338e-02,1.712261e-01,7.283126e-03,3.689641e-02
2.710634e-01,4.837880e-02,6.737547e-02,1.753834e-02,2.556137e-02,3.957092e-02,4.645112e-02,7.878578e-02,1.024640e-01,1.463465e-02,1.562137e-02,4.353824e-02,1.933645e-01,6.388157e-03,2.926384e-02
2.133211e-01,3.702136e-02,6.508640e-02,1.364215e-02,2.583715e-02,3.499081e-02,1.869031e-01,9.618555e-02,8.393942e-02,1.390084e-02,1.214958e-02,3.171608e-02,1.572399e-01,4.747824e-03,2.331865e-02
1.977027e-01,3.024860e-02,5.332864e-02,1.117053e-02,2.629438e-02,2.886388e-02,2.922683e-01,9.248990e-02,7.427125e-02,1.430430e-02,9.481291e-03,2.527636e-02,1.170485e-01,3.768419e-03,2.348301e-02
1.636164e-01,2.604597e-02,4.271310e-02,8.705778e-03,2.374475e-02,2.285699e-02,4.026245e-01,8.988714e-02,6.771696e-02,1.335453e-02,7.279560e-03,1.999754e-02,8.541583e-02,3.078150e-03,2.296278e-02
1.659884e-01,2.364270e-02,3.797480e-02,6.820965e-03,2.267968e-02,2.211491e-02,4.534606e-01,8.921716e-02,5.534289e-02,1.293536e-02,6.018296e-03,1.784444e-02,6.374923e-02,3.097957e-03,1.911261e-02
2.535540e-01,2.073390e-02,3.744285e-02,7.087230e-03,2.396495e-02,2.022939e-02,3.931088e-01,8.274731e-02,4.844480e-02,1.817420e-02,5.504484e-03,1.559083e-02,4.718671e-02,4.739851e-03,2.149076e-02
3.300427e-01,1.849194e-02,3.421717e-02,6.704179e-03,2.382404e-02,1.977688e-02,3.372266e-01,8.013658e-02,4.182009e-02,2.401754e-02,6.266019e-03,1.454979e-02,3.549723e-02,5.085701e-03,2.234352e-02
3.618057e-01,1.539404e-02,2.865341e-02,6.332176e-03,2.187417e-02,2.021671e-02,3.311549e-01,7.431485e-02,3.458342e-02,2.107192e-02,7.951407e-03,1.965905e-02,2.954002e-02,4.938104e-03,2.251012e-02
3.110677e-01,1.367475e-02,2.332821e-02,6.279781e-03,1.989990e-02,2.403842e-02,3.906474e-01,7.027246e-02,2.865628e-02,1.859761e-02,1.137755e-02,2.255737e-02,3.061154e-02,4.265673e-03,2.472540e-02
2.261939e-01,1.266690e-02,1.703211e-02,4.940230e-03,1.905121e-02,2.105149e-02,3.666666e-01,5.446402e-02,2.134234e-02,4.620464e-02,2.786927e-02,1.939469e-02,3.752475e-02,5.510303e-03,1.200876e-01
1.622680e-01,9.890244e-03,1.206617e-02,4.104538e-03,1.589059e-02,1.600955e-02,2.837050e-01,4.002629e-02,1.691875e-02,1.240021e-01,3.280996e-02,1.902336e-02,5.794770e-02,5.730091e-03,1.996077e-01
1.167803e-01,9.430284e-03,8.526682e-03,3.952513e-03,1.313632e-02,1.304684e-02,2.105327e-01,2.849146e-02,1.902595e-02,1.527600e-01,4.089272e-02,1.949943e-02,7.100363e-02,5.252285e-03,2.876689e-01
1.222652e-01,2.067640e-02,6.949915e-03,1.350748e-02,1.183011e-02,1.981912e-02,1.685269e-01,2.023564e-02,4.455663e-02,1.663747e-01,4.373058e-02,4.280597e-02,8.796072e-02,8.962812e-03,2.217979e-01
9.503830e-02,1.592492e-02,5.006280e-03,1.297999e-02,9.167275e-03,1.764075e-02,1.224576e-01,1.428527e-02,3.499020e-02,1.642506e-01,3.817884e-02,1.451971e-01,9.376878e-02,1.002155e-02,2.210926e-01
7.025853e-02,1.130409e-02,3.600243e-03,9.620700e-03,6.790371e-03,1.292931e-02,8.632427e-02,1.005480e-02,2.535375e-02,2.680551e-01,2.802333e-02,2.069370e-01,7.503549e-02,8.143812e-03,1.775692e-01
5.513144e-02,8.031287e-03,2.849281e-03,7.665787e-03,7.462799e-03,9.584506e-03,6.079940e-02,7.797171e-03,2.860308e-02,4.185923e-01,2.285701e-02,1.564184e-01,5.642293e-02,6.596358e-03,1.511883e-01
3.985464e-02,5.709348e-03,2.796231e-03,5.805216e-03,8.797889e-03,7.127398e-03,4.304592e-02,1.717063e-02,3.231741e-02,5.162578e-01,2.001258e-02,1.128428e-01,5.135255e-02,5.663143e-03,1.312465e-01
3.082017e-02,4.510664e-03,3.804484e-03,6.613415e-03,9.179248e-03,5.782569e-03,3.027250e-02,1.936410e-02,3.167675e-02,5.382458e-01,2.412634e-02,8.329680e-02,6.420167e-02,4.719201e-03,1.433863e-01
2.220339e-02,3.347194e-03,5.495033e-03,7.266315e-03,9.244181e-03,4.373304e-03,2.125717e-02,5.601493e-02,2.834367e-02,5.420213e-01,2.427973e-02,5.970408e-02,5.126229e-02,3.927005e-03,1.612604e-01
1.961636e-02,5.819383e-03,5.923988e-03,8.006474e-03,1.286863e-02,3.787530e-03,1.495332e-02,6.204347e-02,1.212891e-01,5.098579e-01,2.693146e-02,4.346404e-02,3.993850e-02,2.886303e-03,1.226135e-01
1.756126e-02,1.062815e-02,5.734955e-03,4.109051e-02,2.583958e-02,3.225985e-03,1.071128e-02,6.402370e-02,2.530082e-01,3.972587e-01,2.109626e-02,3.156614e-02,2.927175e-02,2.041731e-03,8.694173e-02
1.714839e-02,9.197298e-03,6.435305e-03,1.695537e-01,3.336995e-02,3.540960e-03,7.925493e-03,8.158488e-02,2.509554e-01,2.969374e-01,1.581409e-02,2.292171e-02,2.159701e-02,1.455360e-03,6.156312e-02
1.893939e-02,8.661289e-03,7.568419e-03,2.906089e-01,3.646645e-02,3.281190e-03,5.883985e-03,9.458175e-02,2.324206e-01,2.133362e-01,1.195054e-02,1.625104e-02,1.558603e-02,1.044041e-03,4.342017e-02
2.892406e-02,2.500334e-02,6.663999e-03,2.359140e-01,3.681728e-02,3.303252e-03,4.814497e-03,8.022437e-02,3.303530e-01,1.803270e-01,9.215874e-03,1.172267e-02,1.146450e-02,8.103821e-04,3.444180e-02
3.391211e-02,2.088577e-02,6.295497e-03,3.035379e-01,3.468463e-02,2.752251e-03,3.872153e-03,1.169773e-01,2.896811e-01,1.353803e-01,8.116796e-03,8.824626e-03,9.237288e-03,6.192422e-04,2.522299e-02
4.144544e-02,1.760783e-02,4.956078e-03,2.332664e-01,4.820947e-02,2.870718e-03,4.422569e-03,2.289732e-01,2.736809e-01,1.011479e-01,8.522650e-03,7.739402e-03,8.298226e-03,6.132476e-04,1.824594e-02
3.865524e-02,1.320140e-02,4.467558e-03,1.864414e-01,7.679454e-02,3.440999e-03,9.299326e-03,3.167754e-01,2.433054e-01,7.450457e-02,7.134147e-03,5.956670e-03,6.561278e-03,4.736733e-04,1.298833e-02
8.678239e-02,1.331664e-02,6.567127e-03,1.522840e-01,8.143143e-02,5.128043e-03,8.465927e-03,2.806638e-01,2.785353e-01,5.823387e-02,7.088348e-03,5.669875e-03,5.336673e-03,5.715453e-04,9.924972e-03
9.969658e-02,1.384885e-02,9.067059e-03,1.795549e-01,9.414936e-02,5.431182e-03,7.220338e-03,2.085168e-01,2.451487e-01,6.408466e-02,3.409355e-02,1.229430e-02,1.087119e-02,1.278753e-03,1.474379e-02
7.505503e-02,1.589564e-02,7.116905e-03,2.253948e-01,7.101823e-02,5.838200e-03,5.558656e-03,1.474053e-01,2.092993e-01,5.496493e-02,1.042674e-01,1.791142e-02,4.001750e-02,1.377251e-03,1.887945e-02
5.338896e-02,1.295698e-02,5.684442e-03,2.934779e-01,5.075276e-02,5.872731e-03,4.077468e-03,1.034278e-01,1.778458e-01,4.281429e-02,1.566128e-01,1.763535e-02,5.573041e-02,1.203347e-03,1.851900e-02
3.765785e-02,9.408563e-03,4.149595e-03,2.147523e-01,3.849244e-02,5.169183e-03,2.922369e-03,7.269599e-02,1.427619e-01,3.253170e-02,3.506541e-01,1.631656e-02,5.613685e-02,9.007129e-04,1.544995e-02
2.685825e-02,4.445511e-02,3.780546e-03,2.488474e-01,2.812821e-02,6.767731e-03,2.098295e-03,5.103480e-02,2.047106e-01,2.307609e-02,2.613050e-01,2.382081e-02,6.238505e-02,7.508128e-04,1.198138e-02
1.979803e-02,3.424422e-02,3.811000e-03,2.280620e-01,2.056138e-02,1.144731e-02,1.596416e-03,3.631099e-02,1.609463e-01,1.762233e-02,2.424447e-01,2.981295e-02,1.565245e-01,8.421612e-04,3.597574e-02
1.983856e-02,2.437746e-02,3.324093e-03,1.670754e-01,1.460779e-02,1.830947e-02,1.258558e-03,2.561320e-02,1.177050e-01,1.328480e-02,1.766677e-01,4.846787e-02,2.948600e-01,1.369782e-03,7.324021e-02
1.814366e-02,2.437927e-02,1.068658e-02,1.393239e-01,1.079260e-02,1.642891e-02,1.415318e-03,1.851374e-02,1.015052e-01,9.826500e-03,1.279911e-01,7.927790e-02,3.795683e-01,1.475922e-03,6.067107e-02
1.344637e-02,1.848037e-02,1.119130e-02,1.034801e-01,8.015111e-03,1.559020e-02,1.260460e-03,1.317914e-02,8.777346e-02,7.099412e-03,9.489132e-02,1.527696e-01,4.232108e-01,1.735542e-03,4.787674e-02
1.324683e-02,1.378594e-02,9.691890e-03,7.277805e-02,6.794431e-03,1.925037e-02,1.861239e-03,9.755274e-03,6.883812e-02,5.398730e-03,7.439613e-02,2.392328e-01,4.249370e-01,4.034753e-03,3.599845e-02
1.000344e-02,9.871367e-03,7.275645e-03,5.115651e-02,4.969094e-03,1.598697e-02,1.552690e-03,6.893189e-03,5.102345e-02,5.094336e-03,6.053270e-02,3.405622e-01,4.040716e-01,4.826132e-03,2.618066e-02
8.442622e-03,7.780775e-03,6.625907e-03,3.610373e-02,6.786476e-03,1.539165e-02,1.574730e-03,5.280879e-03,7.054038e-02,6.607708e-03,4.998505e-02,3.749985e-01,3.857470e-01,4.006067e-03,2.012856e-02
6.706924e-03,7.031411e-03,6.527036e-03,2.554491e-02,8.327650e-03,1.702151e-02,3.917593e-03,4.127035e-03,5.713785e-02,5.584432e-03,3.656683e-02,5.137333e-01,2.874888e-01,3.600570e-03,1.668406e-02
4.847360e-03,5.366334e-03,5.754582e-03,1.797686e-02,8.276771e-03,1.310081e-02,7.889530e-03,3.781982e-03,4.321769e-02,4.796602e-03,2.614744e-02,6.316119e-01,2.115473e-01,2.923383e-03,1.276143e-02
4.629862e-03,4.653453e-03,6.512571e-03,1.355948e-02,9.969027e-03,1.287887e-02,8.192094e-03,6.976225e-03,3.711056e-02,4.501735e-03,1.926339e-02,6.929158e-01,1.652463e-01,2.455375e-03,1.113520e-02
4.639093e-03,5.291477e-03,6.001118e-03,1.133854e-02,2.694620e-02,1.098553e-02,7.104039e-03,6.675185e-03,3.830457e-02,4.218671e-03,1.455604e-02,7.137365e-01,1.387546e-01,1.988833e-03,9.459464e-03
6.920655e-03,7.043363e-03,8.328254e-03,1.543531e-02,6.771217e-02,1.089856e-02,7.679750e-03,2.888777e-02,3.519816e-02,5.601601e-03,1.558212e-02,6.442334e-01,1.353104e-01,2.307296e-03,8.861173e-03
1.387764e-02,2.016162e-02,1.309296e-02,1.781045e-02,1.374409e-01,1.145758e-02,3.024227e-02,3.952039e-02,3.762642e-02,1.269698e-02,1.287307e-02,5.216181e-01,1.196305e-01,1.996766e-03,9.954492e-03
1.723138e-02,1.851053e-02,1.642478e-02,1.419822e-02,2.036159e-01,1.076650e-02,3.362142e-02,5.951193e-02,3.748754e-02,1.139020e-02,1.122832e-02,4.417472e-01,1.137869e-01,1.699415e-03,8.779913e-03
3.342228e-02,1.806638e-02,1.779746e-02,1.349774e-02,2.037810e-01,1.953117e-02,3.392101e-02,5.376140e-02,2.887033e-02,9.230949e-03,8.885832e-03,4.001509e-01,1.502857e-01,1.599546e-03,7.198303e-03
4.729590e-02,1.645460e-02,7.439484e-02,3.370547e-02,1.784420e-01,2.300600e-02,3.054140e-02,8.965915e-02,2.193084e-02,7.285682e-03,7.370696e-03,3.293100e-01,1.324549e-01,2.067598e-03,6.080963e-03
4.289813e-02,1.557596e-02,6.198917e-02,3.432609e-02,1.359291e-01,4.143669e-02,4.316673e-02,7.963391e-02,2.172309e-02,6.063572e-03,7.377091e-03,2.374005e-01,2.630293e-01,1.562188e-03,7.888432e-03
3.634398e-02,1.227358e-02,4.886934e-02,2.596383e-02,9.865238e-02,3.025931e-02,2.522439e-01,9.682073e-02,1.743656e-02,4.484189e-03,5.839947e-03,1.666020e-01,1.961731e-01,1.124991e-03,6.912151e-03
2.775681e-02,9.169091e-03,3.772663e-02,1.889616e-02,7.058363e-02,2.202346e-02,3.934752e-01,1.346359e-01,1.314541e-02,3.272297e-03,4.386771e-03,1.167495e-01,1.420893e-01,8.156942e-04,5.274114e-03
2.359350e-02,6.941334e-03,2.685157e-02,1.346606e-02,5.098527e-02,1.593197e-02,4.785526e-01,1.707192e-01,1.304247e-02,2.414070e-03,3.188850e-03,8.188852e-02,1.062722e-01,6.045189e-04,5.547821e-03
2.008511e-02,6.445622e-03,2.087082e-02,1.028484e-02,3.844168e-02,1.230307e-02,5.342147e-01,1.786786e-01,1.112043e-02,2.137549e-03,3.132214e-03,5.786021e-02,9.422647e-02,4.818362e-04,9.716812e-03
3.030633e-02,1.096961e-02,1.779118e-02,8.395936e-03,3.492436e-02,1.213773e-02,5.547885e-01,1.432807e-01,1.569175e-02,2.377349e-03,1.160124e-02,4.345717e-02,7.948481e-02,5.576581e-04,3.423567e-02
3.760926e-02,1.537714e-02,1.515545e-02,7.315453e-03,3.805624e-02,1.035784e-02,5.613256e-01,1.135805e-01,2.859960e-02,4.391881e-03,2.049503e-02,3.261517e-02,6.258881e-02,6.602347e-04,5.187174e-02
4.688989e-02,1.513788e-02,1.220486e-02,6.496275e-03,3.386038e-02,8.919977e-03,6.001264e-01,8.637458e-02,3.457661e-02,4.211728e-03,1.945613e-02,2.529099e-02,5.139934e-02,7.496761e-04,5.430518e-02
5.935141e-02,1.532444e-02,1.229666e-02,6.397217e-03,3.984839e-02,9.975925e-03,5.749809e-01,6.368598e-02,4.332619e-02,4.096972e-03,1.481822e-02,2.174754e-02,6.340600e-02,2.056636e-03,6.868754e-02
5.971228e-02,1.670888e-02,1.764369e-02,5.944707e-03,6.098775e-02,1.115508e-02,5.141834e-01,4.850922e-02,5.656562e-02,3.995006e-03,1.093504e-02,1.997840e-02,8.751929e-02,3.165334e-03,8.299631e-02
8.686444e-02,1.956386e-02,2.004955e-02,8.064724e-03,9.243110e-02,1.441537e-02,4.119568e-01,4.517349e-02,8.908471e-02,4.607309e-03,1.042285e-02,1.720733e-02,9.530006e-02,3.071178e-03,8.178720e-02
1.173947e-01,2.138120e-02,2.048367e-02,9.725522e-03,9.498303e-02,2.942606e-02,3.756788e-01,3.920019e-02,9.538321e-02,4.570412e-03,8.698417e-03,1.611445e-02,8.023101e-02,3.366226e-03,8.336306e-02
1.299775e-01,1.853126e-02,1.741504e-02,1.056548e-02,7.872141e-02,5.874030e-02,3.877123e-01,4.418620e-02,8.109464e-02,5.823882e-03,8.126672e-03,1.482836e-02,6.515786e-02,2.882937e-03,7.623607e-02
1.777090e-01,1.873802e-02,1.569955e-02,1.564988e-02,6.925835e-02,6.063557e-02,3.794171e-01,4.684889e-02,6.511088e-02,8.549575e-03,9.828601e-03,2.129460e-02,4.919459e-02,3.036103e-03,5.902924e-02
1.624108e-01,1.786984e-02,1.282807e-02,1.697348e-02,5.308563e-02,1.261753e-01,2.715013e-01,3.455770e-02,5.783784e-02,1.181855e-02,4.414726e-02,9.384608e-02,3.858930e-02,6.456484e-03,5.190232e-02
1.152813e-01,1.306094e-02,9.495064e-03,1.207529e-02,3.767462e-02,2.536722e-01,1.901961e-01,2.426352e-02,4.132014e-02,5.340094e-02,7.549727e-02,1.035508e-01,2.762131e-02,5.461602e-03,3.742895e-02
8.158314e-02,9.324472e-03,6.989726e-03,8.627888e-03,2.657963e-02,2.546519e-01,1.332145e-01,1.706863e-02,2.932818e-02,5.757559e-02,1.603180e-01,1.622261e-01,1.953501e-02,5.252548e-03,2.772463e-02
5.763318e-02,6.632367e-03,5.221175e-03,6.173909e-03,1.882071e-02,2.795144e-01,9.332974e-02,1.202366e-02,2.079903e-02,7.268183e-02,1.773221e-01,2.116863e-01,1.388125e-02,4.314670e-03,1.996564e-02
4.093414e-02,4.906430e-03,4.518264e-03,4.733008e-03,1.386095e-02,2.095259e-01,6.547830e-02,8.542003e-03,1.567636e-02,1.837738e-01,1.574825e-01,2.610289e-01,9.880392e-03,4.734759e-03,1.492431e-02
2.890156e-02,3.507020e-03,3.428117e-03,3.416454e-03,9.891157e-03,1.519349e-01,4.591680e-02,6.037173e-03,1.133640e-02,2.734005e-01,1.427036e-01,2.974702e-01,7.014595e-03,4.391047e-03,1.065048e-02
2.106450e-02,3.247202e-03,3.020711e-03,2.472388e-03,7.873484e-03,1.125940e-01,3.261597e-02,4.654477e-03,8.492579e-03,2.615473e-01,1.291504e-01,3.952134e-01,5.052066e-03,5.135344e-03,7.866244e-03
1.537672e-02,2.405949e-03,2.389328e-03,1.793261e-03,6.100657e-03,9.096856e-02,2.368986e-02,3.632971e-03,7.178882e-03,2.357218e-01,1.170664e-01,4.790675e-01,3.878051e-03,5.062791e-03,5.667400e-03
1.187054e-02,9.795661e-03,4.762035e-03,1.527259e-03,1.211210e-02,6.946299e-02,1.705103e-02,4.168047e-03,6.992064e-02,2.197087e-01,1.161384e-01,4.499190e-01,3.189220e-03,6.065448e-03,4.308922e-03
9.256595e-03,4.381128e-02,5.276494e-02,1.778584e-03,3.080647e-02,5.116665e-02,1.217399e-02,5.275174e-03,1.362127e-01,1.773498e-01,9.430591e-02,3.669253e-01,4.132849e-03,9.992163e-03,4.047528e-03
7.221561e-03,6.167160e-02,7.985252e-02,1.893809e-03,3.296856e-02,5.089688e-02,8.575046e-03,6.232578e-03,1.633853e-01,1.633812e-01,1.069688e-01,2.803392e-01,5.541697e-03,2.645952e-02,4.611685e-03
6.616247e-03,5.866060e-02,6.725799e-02,2.753225e-03,4.216596e-02,7.252613e-02,6.619761e-03,1.264116e-02,1.916356e-01,1.912042e-01,9.590243e-02,2.194828e-01,6.982110e-03,2.173434e-02,3.817462e-03
1.106633e-02,6.494005e-02,1.375252e-01,9.026803e-03,5.129741e-02,6.965929e-02,6.208144e-03,2.320114e-02,1.770290e-01,1.559586e-01,8.716298e-02,1.720189e-01,1.071278e-02,1.799560e-02,6.197771e-03
1.439433e-02,5.878364e-02,2.395254e-01,1.435376e-02,5.660514e-02,5.610978e-02,5.461389e-03,2.443605e-02,1.699797e-01,1.305467e-01,6.920218e-02,1.288003e-01,1.137911e-02,1.337800e-02,7.044570e-03
2.524278e-02,1.344565e-01,2.386873e-01,1.682553e-02,7.207474e-02,5.399555e-02,4.473703e-03,2.199830e-02,1.536503e-01,1.023638e-01,5.241210e-02,9.324493e-02,1.034209e-02,1.151745e-02,8.714991e-03
5.611602e-02,1.981654e-01,2.124532e-01,2.046026e-02,7.049492e-02,4.339905e-02,4.123953e-03,2.210439e-02,1.359295e-01,9.481180e-02,3.936221e-02,6.728643e-02,8.553092e-03,1.590195e-02,1.083782e-02
9.589809e-02,1.606028e-01,2.691537e-01,4.009063e-02,5.774269e-02,3.420355e-02,3.363381e-03,2.047029e-02,1.065523e-01,9.573948e-02,3.157971e-02,5.135424e-02,7.628224e-03,1.369530e-02,1.192564e-02
1.125656e-01,1.366139e-01,2.940705e-01,4.528949e-02,5.337422e-02,3.104885e-02,6.460517e-03,3.520536e-02,9.422283e-02,8.223771e-02,2.464726e-02,3.732238e-02,2.317267e-02,1.136361e-02,1.240512e-02
1.396914e-01,1.142131e-01,2.577677e-01,5.772530e-02,5.203140e-02,3.788686e-02,8.100261e-03,4.824974e-02,9.068464e-02,8.337429e-02,2.105308e-02,2.832039e-02,3.688542e-02,9.430503e-03,1.458587e-02
1.747819e-01,1.111266e-01,2.093959e-01,5.377962e-02,4.483685e-02,5.903688e-02,8.600530e-03,4.141263e-02,8.730008e-02,6.453551e-02,1.881326e-02,2.231262e-02,7.351246e-02,7.340346e-03,2.321485e-02
2.113698e-01,1.174322e-01,1.698383e-01,5.067323e-02,3.624788e-02,6.566364e-02,8.048717e-03,4.274465e-02,7.473116e-02,4.792837e-02,1.465224e-02,1.714480e-02,1.134953e-01,5.700757e-03,2.432900e-02
3.047288e-01,9.789817e-02,1.273590e-01,4.663082e-02,4.400963e-02,5.593634e-02,1.050339e-02,5.219721e-02,8.029855e-02,3.671158e-02,1.408340e-02,1.650807e-02,8.579354e-02,5.745814e-03,2.159571e-02
3.248233e-01,9.664550e-02,1.007541e-01,4.702019e-02,5.043200e-02,5.241250e-02,1.201789e-02,4.568772e-02,1.114654e-01,3.061863e-02,1.344869e-02,1.447199e-02,7.241289e-02,5.633382e-03,2.215590e-02
2.994604e-01,1.206286e-01,8.574648e-02,4.612982e-02,5.177288e-02,6.199526e-02,1.119685e-02,4.311092e-02,1.520305e-01,2.577183e-02,1.197856e-02,1.219536e-02,5.381363e-02,5.199858e-03,1.896895e-02
3.238677e-01,1.441456e-01,6.438877e-02,4.038383e-02,4.522385e-02,6.134459e-02,9.453254e-03,3.620918e-02,1.610844e-01,2.301435e-02,1.266601e-02,1.178325e-02,4.148670e-02,6.834042e-03,1.811440e-02
2.532459e-01,1.262163e-01,5.115326e-02,8.522657e-02,3.719850e-02,6.614065e-02,7.241311e-03,2.670748e-02,1.530610e-01,2.837527e-02,1.937816e-02,2.747584e-02,4.007519e-02,6.302169e-03,7.220239e-02
1.924642e-01,1.388420e-01,3.769694e-02,7.363930e-02,3.301788e-02,5.287351e-02,6.004529e-03,2.282401e-02,2.074454e-01,3.050684e-02,2.547362e-02,2.736942e-02,4.129494e-02,5.705326e-03,1.048421e-01
1.403294e-01,1.493152e-01,2.759656e-02,6.067047e-02,2.524272e-02,4.023050e-02,4.453423e-03,1.641414e-02,3.153692e-01,2.743338e-02,2.737932e-02,2.359031e-02,4.075369e-02,4.365194e-03,9.685657e-02
1.029264e-01,1.561465e-01,2.095878e-02,5.839765e-02,1.962736e-02,3.133031e-02,3.243912e-03,1.189084e-02,3.617155e-01,2.922825e-02,2.243707e-02,1.807931e-02,3.155346e-02,3.560388e-03,1.289043e-01
7.935426e-02,1.453906e-01,1.676549e-02,4.442520e-02,1.527651e-02,2.757294e-02,2.448083e-03,8.774400e-03,4.804632e-01,2.262507e-02,2.079090e-02,1.499043e-02,2.484348e-02,2.661800e-03,9.361763e-02
6.305352e-02,1.092960e-01,1.590354e-02,3.275730e-02,1.686025e-02,3.391114e-02,2.284187e-03,9.092120e-03,5.729672e-01,1.932999e-02,2.274424e-02,1.144508e-02,1.924400e-02,2.293061e-03,6.881845e-02
4.915111e-02,1.057682e-01,3.356469e-02,7.353225e-02,1.704488e-02,3.857887e-02,1.840057e-03,7.333906e-03,4.933748e-01,3.208511e-02,2.014180e-02,9.448581e-03,1.586144e-02,1.956096e-03,1.003183e-01
4.730874e-02,1.052726e-01,4.850030e-02,6.240197e-02,1.933890e-02,7.342939e-02,2.157221e-03,7.077098e-03,4.808940e-01,3.711057e-02,1.698668e-02,8.503197e-03,1.260295e-02,1.982196e-03,7.643424e-02
4.969101e-02,8.671871e-02,4.334724e-02,4.618403e-02,2.453069e-02,7.695419e-02,2.212415e-03,8.091778e-03,5.456005e-01,2.910784e-02,1.544974e-02,6.371738e-03,9.321526e-03,1.699645e-03,5.471899e-02
5.429912e-02,7.217829e-02,3.939385e-02,5.213788e-02,2.275539e-02,7.215685e-02,2.307352e-03,1.780878e-02,5.578411e-01,3.187865e-02,1.404089e-02,5.939204e-03,8.072898e-03,2.011366e-03,4.717847e-02
5.875721e-02,6.120105e-02,4.936555e-02,4.507231e-02,2.309753e-02,6.764134e-02,2.602504e-03,2.346331e-02,5.640379e-01,3.721563e-02,1.215592e-02,5.120059e-03,7.370691e-03,2.677277e-03,4.022175e-02
7.676636e-02,5.708773e-02,4.834927e-02,3.950438e-02,2.919135e-02,6.808044e-02,3.054303e-03,2.581443e-02,5.134901e-01,4.855143e-02,1.001721e-02,4.546618e-03,6.955936e-03,2.814256e-03,6.577627e-02
1.348367e-01,5.989268e-02,4.118213e-02,3.915802e-02,4.994072e-02,6.100926e-02,4.022163e-03,2.489749e-02,4.309762e-01,4.631536e-02,1.201625e-02,6.501891e-03,7.886567e-03,4.760819e-03,7.660368e-02
1.250918e-01,1.045191e-01,8.456576e-02,6.955384e-02,4.699377e-02,5.011988e-02,4.260422e-03,2.326793e-02,3.157217e-01,4.618512e-02,1.063641e-02,6.859964e-03,7.308335e-03,4.832972e-03,1.000829e-01
2.230050e-01,9.234168e-02,6.456967e-02,5.917668e-02,4.797900e-02,5.197699e-02,5.385941e-03,2.305805e-02,2.673040e-01,3.550198e-02,1.167084e-02,1.137457e-02,8.495463e-03,6.769214e-03,9.139090e-02
2.726941e-01,7.577540e-02,5.618772e-02,8.295516e-02,4.710884e-02,4.775779e-02,5.276140e-03,7.030033e-02,2.045227e-01,2.636724e-02,1.140534e-02,1.218885e-02,8.104729e-03,6.147092e-03,7.320853e-02
