1.000000e+00,0.000000e+00,0.000000e+00,0.000000e+00,0.000000e+00,0.000000e+00,0.000000e+00,0.000000e+00,0.000000e+00,0.000000e+00,0.000000e+00,0.000000e+00,0.000000e+00,0.000000e+00,0.000000e+00
1.000000e+00,0.000000e+00,0.000000e+00,0.000000e+00,0.000000e+00,0.000000e+00,0.000000e+00,0.000000e+00,0.000000e+00,0.000000e+00,0.000000e+00,0.000000e+00,0.000000e+00,0.000000e+00,0.000000e+00
1.000000e+00,0.000000e+00,0.000000e+00,0.000000e+00,0.000000e+00,0.000000e+00,0.000000e+00,0.000000e+00,0.000000e+00,0.000000e+00,0.000000e+00,0.000000e+00,0.000000e+00,0.000000e+00,0.000000e+00
1.000000e+00,0.000000e+00,0.000000e+00,0.000000e+00,0.000000e+00,0.000000e+00,0.000000e+00,0.000000e+00,0.000000e+00,0.000000e+00,0.000000e+00,0.000000e+00,0.000000e+00,0.000000e+00,0.000000e+00
1.000000e+00,0.000000e+00,0.000000e+00,0.000000e+00,0.000000e+00,0.000000e+00,0.000000e+00,0.000000e+00,0.000000e+00,0.000000e+00,0.000000e+00,0.000000e+00,0.000000e+00,0.000000e+00,0.000000e+00
1.000000e+00,0.000000e+00,0.000000e+00,0.000000e+00,0.000000e+00,0.000000e+00,0.000000e+00,0.000000e+00,0.000000e+00,0.000000e+00,0.000000e+00,0.000000e+00,0.000000e+00,0.000000e+00,0.000000e+00
1.000000e+00,0.000000e+00,0.000000e+00,0.000000e+00,0.000000e+00,0.000000e+00,0.000000e+00,0.000000e+00,0.000000e+00,0.000000e+00,0.000000e+00,0.000000e+00,0.000000e+00,0.000000e+00,0.000000e+00
1.000000e+00,0.000000e+00,0.000000e+00,0.000000e+00,0.000000e+00,0.000000e+00,0.000000e+00,0.000000e+00,0.000000e+00,0.000000e+00,0.000000e+00,0.000000e+00,0.000000e+00,0.000000e+00,0.000000e+00
1.000000e+00,0.000000e+00,0.000000e+00,0.000000e+00,0.000000e+00,0.000000e+00,0.000000e+00,0.000000e+00,0.000000e+00,0.000000e+00,0.000000e+00,0.000000e+00,0.000000e+00,0.000000e+00,0.000000e+00
1.000000e+00,0.000000e+00,0.000000e+00,0.000000e+00,0.000000e+00,0.000000e+00,0.000000e+00,0.000000e+00,0.000000e+00,0.000000e+00,0.000000e+00,0.000000e+00,0.000000e+00,0.000000e+00,0.000000e+00
1.000000e+00,0.000000e+00,0.000000e+00,0.000000e+00,0.000000e+00,0.000000e+00,0.000000e+00,0.000000e+00,0.000000e+00,0.000000e+00,0.000000e+00,0.000000e+00,0.000000e+00,0.000000e+00,0.000000e+00
1.000000e+00,0.000000e+00,0.000000e+00,0.000000e+00,0.000000e+00,0.000000e+00,0.000000e+00,0.000000e+00,0.000000e+00,0.000000e+00,0.000000e+00,0.000000e+00,0.000000e+00,0.000000e+00,0.000000e+00
1.000000e+00,0.000000e+00,0.000000e+00,0.000000e+00,0.000000e+00,0.000000e+00,0.000000e+00,0.000000e+00,0.000000e+00,0.000000e+00,0.000000e+00,0.000000e+00,0.000000e+00,0.000000e+00,0.000000e+00
1.000000e+00,0.000000e+00,0.000000e+00,0.000000e+00,0.000000e+00,0.000000e+00,0.000000e+00,0.000000e+00,0.000000e+00,0.000000e+00,0.000000e+00,0.000000e+00,0.000000e+00,0.000000e+00,0.000000e+00
1.000000e+00,0.000000e+00,0.000000e+00,0.000000e+00,0.000000e+00,0.000000e+00,0.000000e+00,0.000000e+00,0.000000e+00,0.000000e+00,0.000000e+00,0.000000e+00,0.000000e+00,0.000000e+00,0.000000e+00
1.000000e+00,0.000000e+00,0.000000e+00,0.000000e+00,0.000000e+00,0.000000e+00,0.000000e+00,0.000000e+00,0.000000e+00,0.000000e+00,0.000000e+00,0.000000e+00,0.000000e+00,0.000000e+00,0.000000e+00
1.000000e+00,0.000000e+00,0.000000e+00,0.000000e+00,0.000000e+00,0.000000e+00,0.000000e+00,0.000000e+00,0.000000e+00,0.000000e+00,0.000000e+00,0.000000e+00,0.000000e+00,0.000000e+00,0.000000e+00
1.000000e+00,0.000000e+00,0.000000e+00,0.000000e+00,0.000000e+00,0.000000e+00,0.000000e+00,0.000000e+00,0.000000e+00,0.000000e+00,0.000000e+00,0.000000e+00,0.000000e+00,0.000000e+00,0.000000e+00
1.000000e+00,0.000000e+00,0.000000e+00,0.000000e+00,0.000000e+00,0.000000e+00,0.000000e+00,0.000000e+00,0.000000e+00,0.000000e+00,0.000000e+00,0.000000e+00,0.000000e+00,0.000000e+00,0.000000e+00
1.000000e+00,0.000000e+00,0.000000e+00,0.000000e+00,0.000000e+00,0.000000e+00,0.000000e+00,0.000000e+00,0.000000e+00,0.000000e+00,0.000000e+00,0.000000e+00,0.000000e+00,0.000000e+00,0.000000e+00
1.000000e+00,0.000000e+00,0.000000e+00,0.000000e+00,0.000000e+00,0.000000e+00,0.000000e+00,0.000000e+00,0.000000e+00,0.000000e+00,0.000000e+00,0.000000e+00,0.000000e+00,0.000000e+00,0.000000e+00
1.000000e+00,0.000000e+00,0.000000e+00,0.000000e+00,0.000000e+00,0.000000e+00,0.000000e+00,0.000000e+00,0.000000e+00,0.000000e+00,0.000000e+00,0.000000e+00,0.000000e+00,0.000000e+00,0.000000e+00
1.000000e+00,0.000000e+00,0.000000e+00,0.000000e+00,0.000000e+00,0.000000e+00,0.000000e+00,0.000000e+00,0.000000e+00,0.000000e+00,0.000000e+00,0.000000e+00,0.000000e+00,0.000000e+00,0.000000e+00
1.000000e+00,0.000000e+00,0.000000e+00,0.000000e+00,0.000000e+00,0.000000e+00,0.000000e+00,0.000000e+00,0.000000e+00,0.000000e+00,0.000000e+00,0.000000e+00,0.000000e+00,0.000000e+00,0.000000e+00
1.000000e+00,0.000000e+00,0.000000e+00,0.000000e+00,0.000000e+00,0.000000e+00,0.000000e+00,0.000000e+00,0.000000e+00,0.000000e+00,0.000000e+00,0.000000e+00,0.000000e+00,0.000000e+00,0.000000e+00
1.000000e+00,0.000000e+00,0.000000e+00,0.000000e+00,0.000000e+00,0.000000e+00,0.000000e+00,0.000000e+00,0.000000e+00,0.000000e+00,0.000000e+00,0.000000e+00,0.000000e+00,0.000000e+00,0.000000e+00
1.000000e+00,0.000000e+00,0.000000e+00,0.000000e+00,0.000000e+00,0.000000e+00,0.000000e+00,0.000000e+00,0.000000e+00,0.000000e+00,0.000000e+00,0.000000e+00,0.000000e+00,0.000000e+00,0.000000e+00
1.000000e+00,0.000000e+00,0.000000e+00,0.000000e+00,0.000000e+00,0.000000e+00,0.000000e+00,0.000000e+00,0.000000e+00,0.000000e+00,0.000000e+00,0.000000e+00,0.000000e+00,0.000000e+00,0.000000e+00
1.000000e+00,0.000000e+00,0.000000e+00,0.000000e+00,0.000000e+00,0.000000e+00,0.000000e+00,0.000000e+00,0.000000e+00,0.000000e+00,0.000000e+00,0.000000e+00,0.000000e+00,0.000000e+00,0.000000e+00
1.000000e+00,0.000000e+00,0.000000e+00,0.000000e+00,0.000000e+00,0.000000e+00,0.000000e+00,0.000000e+00,0.000000e+00,0.000000e+00,0.000000e+00,0.000000e+00,0.000000e+00,0.000000e+00,0.000000e+00
1.000000e+00,0.000000e+00,0.000000e+00,0.000000e+00,0.000000e+00,0.000000e+00,0.000000e+00,0.000000e+00,0.000000e+00,0.000000e+00,0.000000e+00,0.000000e+00,0.000000e+00,0.000000e+00,0.000000e+00
1.000000e+00,0.000000e+00,0.000000e+00,0.000000e+00,0.000000e+00,0.000000e+00,0.000000e+00,0.000000e+00,0.000000e+00,0.000000e+00,0.000000e+00,0.000000e+00,0.000000e+00,0.000000e+00,0.000000e+00
1.000000e+00,0.000000e+00,0.000000e+00,0.000000e+00,0.000000e+00,0.000000e+00,0.000000e+00,0.000000e+00,0.000000e+00,0.000000e+00,0.000000e+00,0.000000e+00,0.000000e+00,0.000000e+00,0.000000e+00
1.000000e+00,0.000000e+00,0.000000e+00,0.000000e+00,0.000000e+00,0.000000e+00,0.000000e+00,0.000000e+00,0.000000e+00,0.000000e+00,0.000000e+00,0.000000e+00,0.000000e+00,0.000000e+00,0.000000e+00
1.000000e+00,0.000000e+00,0.000000e+00,0.000000e+00,0.000000e+00,0.000000e+00,0.000000e+00,0.000000e+00,0.000000e+00,0.000000e+00,0.000000e+00,0.000000e+00,0.000000e+00,0.000000e+00,0.000000e+00
1.000000e+00,0.000000e+00,0.000000e+00,0.000000e+00,0.000000e+00,0.000000e+00,0.000000e+00,0.000000e+00,0.000000e+00,0.000000e+00,0.000000e+00,0.000000e+00,0.000000e+00,0.000000e+00,0.000000e+00
1.000000e+00,0.000000e+00,0.000000e+00,0.000000e+00,0.000000e+00,0.000000e+00,0.000000e+00,0.000000e+00,0.000000e+00,0.000000e+00,0.000000e+00,0.000000e+00,0.000000e+00,0.000000e+00,0.000000e+00
1.000000e+00,0.000000e+00,0.000000e+00,0.000000e+00,0.000000e+00,0.000000e+00,0.000000e+00,0.000000e+00,0.000000e+00,0.000000e+00,0.000000e+00,0.000000e+00,0.000000e+00,0.000000e+00,0.000000e+00
1.000000e+00,0.000000e+00,0.000000e+00,0.000000e+00,0.000000e+00,0.000000e+00,0.000000e+00,0.000000e+00,0.000000e+00,0.000000e+00,0.000000e+00,0.000000e+00,0.000000e+00,0.000000e+00,0.000000e+00
1.000000e+00,0.000000e+00,0.000000e+00,0.000000e+00,0.000000e+00,0.000000e+00,0.000000e+00,0.000000e+00,0.000000e+00,0.000000e+00,0.000000e+00,0.000000e+00,0.000000e+00,0.000000e+00,0.000000e+00
1.000000e+00,0.000000e+00,0.000000e+00,0.000000e+00,0.000000e+00,0.000000e+00,0.000000e+00,0.000000e+00,0.000000e+00,0.000000e+00,0.000000e+00,0.000000e+00,0.000000e+00,0.000000e+00,0.000000e+00
1.000000e+00,0.000000e+00,0.000000e+00,0.000000e+00,0.000000e+00,0.000000e+00,0.000000e+00,0.000000e+00,0.000000e+00,0.000000e+00,0.000000e+00,0.000000e+00,0.000000e+00,0.000000e+00,0.000000e+00
1.000000e+00,0.000000e+00,0.000000e+00,0.000000e+00,0.000000e+00,0.000000e+00,0.000000e+00,0.000000e+00,0.000000e+00,0.000000e+00,0.000000e+00,0.000000e+00,0.000000e+00,0.000000e+00,0.000000e+00
1.000000e+00,0.000000e+00,0.000000e+00,0.000000e+00,0.000000e+00,0.000000e+00,0.000000e+00,0.000000e+00,0.000000e+00,0.000000e+00,0.000000e+00,0.000000e+00,0.000000e+00,0.000000e+00,0.000000e+00
1.000000e+00,0.000000e+00,0.000000e+00,0.000000e+00,0.000000e+00,0.000000e+00,0.000000e+00,0.000000e+00,0.000000e+00,0.000000e+00,0.000000e+00,0.000000e+00,0.000000e+00,0.000000e+00,0.000000e+00
1.000000e+00,0.000000e+00,0.000000e+00,0.000000e+00,0.000000e+00,0.000000e+00,0.000000e+00,0.000000e+00,0.000000e+00,0.000000e+00,0.000000e+00,0.000000e+00,0.000000e+00,0.000000e+00,0.000000e+00
1.000000e+00,0.000000e+00,0.000000e+00,0.000000e+00,0.000000e+00,0.000000e+00,0.000000e+00,0.000000e+00,0.000000e+00,0.000000e+00,0.000000e+00,0.000000e+00,0.000000e+00,0.000000e+00,0.000000e+00
1.000000e+00,0.000000e+00,0.000000e+00,0.000000e+00,0.000000e+00,0.000000e+00,0.000000e+00,0.000000e+00,0.000000e+00,0.000000e+00,0.000000e+00,0.000000e+00,0.000000e+00,0.000000e+00,0.000000e+00
1.000000e+00,0.000000e+00,0.000000e+00,0.000000e+00,0.000000e+00,0.000000e+00,0.000000e+00,0.000000e+00,0.000000e+00,0.000000e+00,0.000000e+00,0.000000e+00,0.000000e+00,0.000000e+00,0.000000e+00
1.000000e+00,0.000000e+00,0.000000e+00,0.000000e+00,0.000000e+00,0.000000e+00,0.000000e+00,0.000000e+00,0.000000e+00,0.000000e+00,0.000000e+00,0.000000e+00,0.000000e+00,0.000000e+00,0.000000e+00
1.000000e+00,0.000000e+00,0.000000e+00,0.000000e+00,0.000000e+00,0.000000e+00,0.000000e+00,0.000000e+00,0.000000e+00,0.000000e+00,0.000000e+00,0.000000e+00,0.000000e+00,0.000000e+00,0.000000e+00
1.000000e+00,0.000000e+00,0.000000e+00,0.000000e+00,0.000000e+00,0.000000e+00,0.000000e+00,0.000000e+00,0.000000e+00,0.000000e+00,0.000000e+00,0.000000e+00,0.000000e+00,0.000000e+00,0.000000e+00
1.000000e+00,0.000000e+00,0.000000e+00,0.000000e+00,0.000000e+00,0.000000e+00,0.000000e+00,0.000000e+00,0.000000e+00,0.000000e+00,0.000000e+00,0.000000e+00,0.000000e+00,0.000000e+00,0.000000e+00
4.642450e-01,8.646725e-02,3.626175e-02,1.743676e-01,1.849815e-02,2.262617e-02,8.479198e-03,2.429217e-02,2.341186e-02,4.590877e-03,1.619016e-02,3.576317e-02,1.927150e-02,7.250016e-03,5.828520e-02
3.871479e-01,7.372817e-02,5.281829e-02,2.065751e-01,1.742769e-02,2.131674e-02,7.400636e-03,3.378361e-02,2.826716e-02,4.829726e-03,2.844988e-02,4.273009e-02,2.124933e-02,9.188950e-03,6.508683e-02
3.901028e-01,7.032338e-02,5.198724e-02,1.804100e-01,1.625474e-02,2.294714e-02,7.108346e-03,3.247717e-02,2.648031e-02,6.860231e-03,3.667223e-02,4.833585e-02,2.399010e-02,1.344130e-02,7.260917e-02
4.036498e-01,6.636639e-02,5.073590e-02,1.555155e-01,1.512206e-02,3.158168e-02,6.596531e-03,2.914493e-02,2.248342e-02,7.803594e-03,5.705181e-02,4.848152e-02,2.196339e-02,1.582583e-02,6.767757e-02
3.639182e-01,5.545430e-02,1.033023e-01,1.370503e-01,1.260035e-02,4.137363e-02,6.342073e-03,3.894126e-02,1.919137e-02,7.240762e-03,7.327101e-02,4.423975e-02,1.859694e-02,1.774409e-02,6.073349e-02
3.538796e-01,4.577647e-02,1.196412e-01,1.161508e-01,1.127505e-02,5.506726e-02,5.940725e-03,4.830202e-02,1.701038e-02,8.899860e-03,8.374336e-02,4.095894e-02,1.732882e-02,1.815448e-02,5.787099e-02
3.873425e-01,3.811371e-02,1.013895e-01,9.398064e-02,1.031832e-02,7.332979e-02,9.131299e-03,5.653198e-02,1.412635e-02,7.323635e-03,8.071577e-02,4.169891e-02,1.776826e-02,1.678031e-02,5.144899e-02
1.000000e+00,0.000000e+00,0.000000e+00,0.000000e+00,0.000000e+00,0.000000e+00,0.000000e+00,0.000000e+00,0.000000e+00,0.000000e+00,0.000000e+00,0.000000e+00,0.000000e+00,0.000000e+00,0.000000e+00
1.000000e+00,0.000000e+00,0.000000e+00,0.000000e+00,0.000000e+00,0.000000e+00,0.000000e+00,0.000000e+00,0.000000e+00,0.000000e+00,0.000000e+00,0.000000e+00,0.000000e+00,0.000000e+00,0.000000e+00
1.000000e+00,0.000000e+00,0.000000e+00,0.000000e+00,0.000000e+00,0.000000e+00,0.000000e+00,0.000000e+00,0.000000e+00,0.000000e+00,0.000000e+00,0.000000e+00,0.000000e+00,0.000000e+00,0.000000e+00
1.000000e+00,0.000000e+00,0.000000e+00,0.000000e+00,0.000000e+00,0.000000e+00,0.000000e+00,0.000000e+00,0.000000e+00,0.000000e+00,0.000000e+00,0.000000e+00,0.000000e+00,0.000000e+00,0.000000e+00
1.000000e+00,0.000000e+00,0.000000e+00,0.000000e+00,0.000000e+00,0.000000e+00,0.000000e+00,0.000000e+00,0.000000e+00,0.000000e+00,0.000000e+00,0.000000e+00,0.000000e+00,0.000000e+00,0.000000e+00
1.000000e+00,0.000000e+00,0.000000e+00,0.000000e+00,0.000000e+00,0.000000e+00,0.000000e+00,0.000000e+00,0.000000e+00,0.000000e+00,0.000000e+00,0.000000e+00,0.000000e+00,0.000000e+00,0.000000e+00
1.000000e+00,0.000000e+00,0.000000e+00,0.000000e+00,0.000000e+00,0.000000e+00,0.000000e+00,0.000000e+00,0.000000e+00,0.000000e+00,0.000000e+00,0.000000e+00,0.000000e+00,0.000000e+00,0.000000e+00
1.000000e+00,0.000000e+00,0.000000e+00,0.000000e+00,0.000000e+00,0.000000e+00,0.000000e+00,0.000000e+00,0.000000e+00,0.000000e+00,0.000000e+00,0.000000e+00,0.000000e+00,0.000000e+00,0.000000e+00
4.228493e-01,7.242526e-02,8.658818e-03,1.668161e-01,4.077920e-03,3.055887e-02,2.825921e-03,6.117129e-03,7.445188e-02,1.092386e-02,1.722759e-02,1.110225e-02,3.274098e-02,5.162319e-03,1.340619e-01
2.970985e-01,1.354685e-01,7.683555e-03,1.522100e-01,3.237992e-03,2.342308e-02,2.086470e-03,4.565394e-03,9.388112e-02,1.036476e-02,2.219167e-02,9.064254e-03,2.795517e-02,9.444980e-03,2.013246e-01
2.085307e-01,1.579001e-01,9.424826e-03,1.422665e-01,2.550813e-03,1.737140e-02,1.502411e-03,3.380835e-03,1.596112e-01,1.380832e-02,2.021753e-02,8.123534e-03,2.714346e-02,1.132509e-02,2.168433e-01
1.462879e-01,1.330726e-01,1.145178e-02,1.227207e-01,1.943043e-03,1.353428e-02,1.088794e-03,2.471465e-03,2.020522e-01,2.853778e-02,1.888544e-02,7.716195e-03,2.753800e-02,1.424436e-02,2.684555e-01
1.025290e-01,1.653576e-01,1.135607e-02,9.886288e-02,1.574687e-03,9.708754e-03,7.826948e-04,1.740692e-03,2.675393e-01,2.690545e-02,1.363071e-02,5.977658e-03,1.981573e-02,1.112597e-02,2.630927e-01
7.237221e-02,1.296395e-01,9.201385e-03,7.056520e-02,1.277265e-03,7.988122e-03,5.814861e-04,1.270940e-03,2.195314e-01,3.130576e-02,1.102741e-02,4.938355e-03,1.559205e-02,2.905006e-02,3.956588e-01
5.078375e-02,1.038172e-01,6.745725e-03,4.969993e-02,9.433317e-04,6.170284e-03,4.181815e-04,8.969671e-04,1.649849e-01,2.607774e-02,8.199830e-03,3.757765e-03,1.137711e-02,5.449188e-02,5.116354e-01
3.587596e-02,8.757970e-02,5.118635e-03,3.635866e-02,8.321044e-04,5.057692e-03,3.163158e-04,6.647856e-04,1.891085e-01,2.268376e-02,1.075179e-02,3.977743e-03,1.951516e-02,1.312206e-01,4.509386e-01
2.613535e-02,7.299365e-02,4.163038e-03,2.769402e-02,7.443256e-04,4.641557e-03,2.833159e-04,5.206426e-04,1.976608e-01,2.249269e-02,1.085153e-02,5.268949e-03,1.847325e-02,2.075016e-01,4.005753e-01
5.153776e-02,6.098186e-02,7.973038e-03,2.311079e-02,1.877927e-03,6.455761e-03,1.185740e-03,6.792390e-03,1.809080e-01,2.005746e-02,2.045661e-02,1.281356e-02,4.779460e-02,1.743099e-01,3.837447e-01
4.322330e-02,4.800223e-02,1.097620e-02,2.333702e-02,2.024601e-03,5.869144e-03,1.018289e-03,4.925465e-03,1.981399e-01,2.783594e-02,3.370706e-02,1.809616e-02,5.281425e-02,1.946614e-01,3.353691e-01
6.708579e-02,4.489142e-02,1.597102e-02,2.102466e-02,3.721741e-03,6.231518e-03,1.407272e-03,5.713779e-03,1.620429e-01,2.767402e-02,4.555549e-02,2.143893e-02,7.975888e-02,1.770312e-01,3.204513e-01
4.819123e-02,3.436678e-02,2.299838e-02,1.624194e-02,4.918516e-03,5.297828e-03,2.007511e-03,4.411453e-03,1.163637e-01,2.292612e-01,3.700355e-02,1.916242e-02,6.958881e-02,1.299940e-01,2.601928e-01
4.025427e-02,3.204238e-02,7.967257e-02,1.288602e-02,7.384185e-03,7.648273e-03,2.909865e-03,7.418653e-03,9.155898e-02,2.327079e-01,3.838180e-02,2.177485e-02,8.732650e-02,9.646315e-02,2.415707e-01
3.104633e-02,5.185166e-02,1.215922e-01,1.144826e-02,1.006791e-02,6.751701e-03,2.236527e-03,8.038440e-03,1.081463e-01,1.744686e-01,2.992119e-02,1.570526e-02,6.463211e-02,6.894831e-02,2.951453e-01
2.677201e-02,5.353297e-02,1.319242e-01,1.106428e-02,1.295837e-02,6.404258e-03,1.837385e-03,9.930169e-03,8.453798e-02,1.398865e-01,2.184021e-02,1.122732e-02,4.650312e-02,4.908430e-02,3.924970e-01
3.040949e-02,5.573382e-02,2.222119e-01,2.213405e-02,2.007880e-02,8.935325e-03,2.528062e-03,1.309120e-02,6.970264e-02,1.241973e-01,1.646718e-02,8.173440e-03,3.349819e-02,3.480966e-02,3.380290e-01
2.938342e-02,4.308659e-02,3.977609e-01,4.244105e-02,1.641880e-02,8.267260e-03,2.065258e-03,9.657674e-03,5.105244e-02,9.256055e-02,1.230278e-02,6.278466e-03,2.455914e-02,2.448307e-02,2.396827e-01
4.191250e-02,3.525174e-02,4.667635e-01,5.723111e-02,1.442015e-02,1.191678e-02,1.846866e-03,7.215961e-03,4.202646e-02,7.803782e-02,1.527245e-02,6.683884e-03,2.550416e-02,1.760877e-02,1.783078e-01
3.035531e-02,3.379202e-02,4.268685e-01,4.926337e-02,1.041691e-02,2.830793e-02,1.452132e-03,5.289068e-03,4.333830e-02,5.981789e-02,3.755062e-02,1.261607e-02,9.531643e-02,1.358864e-02,1.520268e-01
2.385392e-02,3.468470e-02,3.229845e-01,4.086898e-02,7.813829e-03,2.708250e-02,1.168140e-03,4.045987e-03,4.052225e-02,4.407696e-02,6.481726e-02,2.169901e-02,2.474849e-01,9.667239e-03,1.092298e-01
1.829426e-02,2.839984e-02,2.307996e-01,3.058907e-02,6.193239e-03,3.673293e-02,1.236582e-03,4.908487e-03,3.715183e-02,3.264939e-02,5.203956e-02,3.435818e-02,3.998140e-01,6.835719e-03,7.999723e-02
1.322626e-02,2.148925e-02,1.630971e-01,2.221371e-02,4.527654e-03,3.033289e-02,9.892653e-04,3.873652e-03,3.023214e-02,2.303391e-02,3.760926e-02,4.053943e-02,5.466141e-01,4.886914e-03,5.733451e-02
9.679134e-03,1.693609e-02,1.146691e-01,1.652959e-02,3.354217e-03,2.451168e-02,9.550438e-04,3.937857e-03,2.816836e-02,1.628909e-02,2.702811e-02,3.959509e-02,6.538809e-01,3.482342e-03,4.098345e-02
7.733950e-03,1.391469e-02,8.056902e-02,1.235436e-02,2.522087e-03,1.857312e-02,8.152154e-04,4.393746e-03,2.485434e-02,1.167008e-02,1.927966e-02,7.022917e-02,7.005925e-01,2.508905e-03,2.998917e-02
6.113426e-03,1.116343e-02,5.675552e-02,9.034529e-03,2.032140e-03,1.435593e-02,1.046825e-03,7.915609e-03,2.217155e-02,8.314438e-03,1.377381e-02,1.615614e-01,6.620189e-01,1.854901e-03,2.188757e-02
5.654281e-03,9.516295e-03,4.103242e-02,6.948713e-03,2.197112e-03,1.157263e-02,1.199994e-03,2.027079e-02,1.978246e-02,6.059132e-03,1.017860e-02,2.296032e-01,6.179365e-01,1.453220e-03,1.659466e-02
6.364319e-03,8.366998e-03,3.015628e-02,5.208270e-03,4.246029e-03,9.756314e-03,1.683633e-03,3.668840e-02,1.634184e-02,4.342071e-03,7.375510e-03,1.796528e-01,6.764238e-01,1.126312e-03,1.226734e-02
7.058775e-03,6.913862e-03,2.199491e-02,3.934295e-03,8.877213e-03,7.884876e-03,2.245321e-03,4.003571e-02,1.345593e-02,3.108192e-03,5.267869e-03,1.345138e-01,7.349349e-01,8.214610e-04,8.952782e-03
1.668624e-02,1.347224e-02,2.563902e-02,1.707502e-02,2.231710e-02,1.250114e-02,2.969000e-03,3.585841e-02,1.957901e-02,2.452869e-03,4.751231e-03,1.085468e-01,7.099723e-01,9.549648e-04,7.224716e-03
2.594138e-02,1.117850e-02,2.161455e-02,2.170664e-02,3.635349e-02,2.375112e-02,4.510873e-03,2.818137e-02,2.188593e-02,2.122222e-03,8.225556e-03,8.433690e-02,7.019501e-01,1.415418e-03,6.825893e-03
4.070003e-02,8.763104e-03,1.550621e-02,1.925615e-02,3.007252e-02,2.432626e-02,4.072126e-03,2.101503e-02,2.084437e-02,1.944015e-03,2.694069e-02,1.467232e-01,6.315868e-01,2.542075e-03,5.707363e-03
3.016579e-02,6.440853e-03,1.110741e-02,1.391722e-02,2.163937e-02,2.128523e-02,3.162837e-03,1.492046e-02,1.645746e-02,1.662877e-03,2.719950e-02,1.444373e-01,6.796417e-01,2.201595e-03,5.760477e-03
2.164003e-02,4.809418e-03,7.856817e-03,9.931505e-03,1.604878e-02,1.539303e-02,2.448193e-03,1.077423e-02,8.043932e-02,1.200787e-03,2.202379e-02,1.269913e-01,6.746584e-01,1.589844e-03,4.194517e-03
1.582559e-02,3.541724e-03,6.709395e-03,7.227107e-03,1.462014e-02,1.137809e-02,2.407807e-03,1.864559e-02,6.254249e-02,1.459166e-03,2.167195e-02,9.672187e-02,7.240605e-01,1.598643e-03,1.158990e-02
1.231202e-02,5.180133e-03,2.890288e-02,5.970801e-03,2.752894e-02,9.155992e-03,2.156511e-03,3.974038e-02,6.791303e-02,3.137756e-03,2.314730e-02,7.500417e-02,6.784137e-01,1.549925e-03,1.988644e-02
1.718111e-02,7.977966e-03,3.707346e-02,5.539169e-03,7.489756e-02,1.285025e-02,2.322429e-03,5.154552e-02,1.353814e-01,1.239902e-02,2.294608e-02,5.578646e-02,5.000660e-01,2.893065e-03,6.114045e-02
2.118573e-02,3.722775e-02,5.067834e-02,7.448129e-03,7.982154e-02,1.298937e-02,2.214853e-03,4.286866e-02,2.219308e-01,1.219182e-02,1.838947e-02,4.015671e-02,3.558661e-01,2.672616e-03,9.435812e-02
2.657997e-02,5.736982e-02,4.106562e-02,6.964154e-03,6.637842e-02,1.335149e-02,2.201979e-03,3.225193e-02,2.668273e-01,1.102412e-02,1.370811e-02,2.844379e-02,2.536407e-01,2.421707e-03,1.777708e-01
4.523630e-02,7.538290e-02,5.109560e-02,2.504591e-02,5.260679e-02,1.776314e-02,2.702724e-03,2.994108e-02,2.675686e-01,1.897687e-02,1.221405e-02,2.122351e-02,1.818940e-01,2.156324e-03,1.961922e-01
9.384522e-02,8.667892e-02,4.967400e-02,2.739464e-02,4.968090e-02,2.467487e-02,4.437133e-03,2.294834e-02,2.838929e-01,1.658303e-02,1.084147e-02,1.585213e-02,1.320059e-01,2.026851e-03,1.794637e-01
1.347551e-01,1.143101e-01,4.973119e-02,4.361439e-02,5.927067e-02,2.985619e-02,7.157043e-03,2.463060e-02,2.643442e-01,1.389909e-02,9.367573e-03,1.198214e-02,9.425828e-02,2.513075e-03,1.403104e-01
1.167392e-01,9.815490e-02,1.506893e-01,1.150099e-01,4.948622e-02,2.343804e-02,5.739046e-03,2.171076e-02,1.978895e-01,1.821414e-02,7.261622e-03,8.821496e-03,6.650084e-02,1.980788e-03,1.183642e-01
1.498208e-01,1.357229e-01,1.520098e-01,1.121720e-01,4.207752e-02,2.316376e-02,4.839316e-03,1.875077e-02,1.804858e-01,1.453644e-02,6.722976e-03,1.676618e-02,4.912865e-02,2.246939e-03,9.155618e-02
1.429447e-01,1.057961e-01,1.349622e-01,1.548037e-01,3.187613e-02,1.915017e-02,3.617484e-03,1.399553e-02,1.511807e-01,1.588217e-02,6.465163e-02,1.695979e-02,4.122133e-02,3.840732e-03,9.911758e-02
1.051836e-01,9.567513e-02,1.719012e-01,1.735683e-01,2.708081e-02,1.503618e-02,2.777920e-03,1.093477e-02,1.499245e-01,1.907678e-02,7.942884e-02,1.609306e-02,3.035186e-02,9.303585e-03,9.366340e-02
8.078191e-02,6.959535e-02,1.241972e-01,1.281450e-01,1.916038e-02,1.083040e-02,2.000240e-03,8.200109e-03,1.244551e-01,1.729635e-02,2.479336e-01,3.585485e-02,2.519262e-02,3.874101e-02,6.761586e-02
5.734765e-02,4.963958e-02,8.774387e-02,9.048499e-02,1.386079e-02,1.078480e-02,1.602325e-03,6.207458e-03,8.934201e-02,1.297260e-02,4.287267e-01,3.924258e-02,1.834509e-02,4.594775e-02,4.775188e-02
4.616545e-02,3.761261e-02,6.450987e-02,7.356017e-02,1.123509e-02,8.745873e-03,1.330957e-03,4.719886e-03,6.785621e-02,1.121137e-02,5.110903e-01,4.692996e-02,1.383923e-02,6.655926e-02,3.463385e-02
4.667761e-02,2.881546e-02,4.640660e-02,6.878859e-02,9.255318e-03,1.044976e-02,1.057353e-03,3.757258e-03,5.414477e-02,1.101569e-02,4.772910e-01,1.105688e-01,1.202885e-02,9.362136e-02,2.612171e-02
4.336505e-02,2.286648e-02,3.394700e-02,5.606860e-02,1.041946e-02,1.362281e-02,8.136226e-04,3.112906e-03,4.486440e-02,8.651133e-03,5.161071e-01,1.021675e-01,9.234227e-03,1.144204e-01,2.033936e-02
3.414799e-02,1.740976e-02,2.491571e-02,4.056180e-02,2.845583e-02,1.745442e-02,6.360077e-04,3.004080e-03,3.562436e-02,7.725049e-03,5.691890e-01,7.480337e-02,6.631978e-03,1.240656e-01,1.537515e-02
2.591257e-02,1.283391e-02,2.058188e-02,2.959893e-02,3.706128e-02,2.105361e-02,5.442585e-04,3.175263e-03,3.134042e-02,7.795683e-03,5.961980e-01,5.878569e-02,5.477596e-03,1.381556e-01,1.148534e-02
1.907990e-02,9.905786e-03,1.507634e-02,2.084906e-02,3.426331e-02,1.614193e-02,3.982512e-04,2.514217e-03,2.501533e-02,6.385878e-03,6.219922e-01,4.677790e-02,4.087627e-03,1.691655e-01,8.346757e-03
1.370444e-02,8.093570e-03,1.277540e-02,1.508815e-02,3.752362e-02,1.218794e-02,3.676616e-04,2.494642e-03,2.265339e-02,6.484382e-03,6.454362e-01,4.041756e-02,3.117500e-03,1.736583e-01,5.997318e-03
9.935265e-03,9.624587e-03,1.386438e-02,1.072715e-02,3.754347e-02,9.241886e-03,3.154242e-04,1.889014e-03,1.809523e-02,8.024622e-03,6.727532e-01,3.469065e-02,2.403354e-03,1.665414e-01,4.350486e-03
7.513753e-03,7.010592e-03,7.273123e-02,1.201686e-02,5.586006e-02,7.757260e-03,1.429023e-03,1.172974e-02,1.519272e-02,1.080897e-02,6.208833e-01,2.792187e-02,2.024044e-03,1.440246e-01,3.095936e-03
5.695936e-03,6.050385e-03,6.567226e-02,9.529832e-03,5.008845e-02,1.014627e-02,1.394629e-03,1.509570e-02,1.155083e-02,1.543251e-02,6.701595e-01,2.269140e-02,1.620928e-03,1.126338e-01,2.237519e-03
5.774639e-03,7.996219e-03,1.459185e-01,1.049244e-02,4.725447e-02,1.862570e-02,1.464622e-03,3.091987e-02,9.652873e-03,2.017317e-02,5.954261e-01,1.803396e-02,1.297041e-03,8.524922e-02,1.721206e-03
1.097443e-02,1.900162e-02,1.212448e-01,8.342173e-03,3.886167e-02,2.739935e-02,1.612598e-03,5.021777e-02,2.753413e-02,3.345499e-02,5.691617e-01,1.487026e-02,1.213065e-03,7.306192e-02,3.049557e-03
1.809530e-02,2.161178e-02,1.218802e-01,8.757350e-03,3.220334e-02,3.414218e-02,1.413473e-03,7.019870e-02,3.545821e-02,3.894350e-02,5.351194e-01,1.427479e-02,1.526300e-03,6.235556e-02,4.019873e-03
3.863426e-02,4.279594e-02,1.461392e-01,8.200953e-03,2.755470e-02,3.965873e-02,1.194850e-03,5.799126e-02,6.546883e-02,3.676701e-02,4.425065e-01,1.077230e-02,1.711152e-03,7.042571e-02,1.017860e-02
3.823185e-02,3.444548e-02,3.303139e-01,1.389711e-02,2.169377e-02,3.191999e-02,9.436622e-04,4.337072e-02,6.093341e-02,2.855347e-02,3.227138e-01,7.879210e-03,1.482871e-03,5.259181e-02,1.102904e-02
3.276104e-02,2.681199e-02,4.669305e-01,1.341633e-02,1.709973e-02,2.488475e-02,6.818360e-04,3.225572e-02,5.248163e-02,2.208195e-02,2.492554e-01,6.178841e-03,1.262204e-03,4.318937e-02,1.070881e-02
3.337326e-02,3.307595e-02,5.008935e-01,1.342122e-02,1.732038e-02,1.992386e-02,6.145044e-04,8.226581e-02,4.720259e-02,1.635566e-02,1.864623e-01,5.070915e-03,1.070768e-03,3.446865e-02,8.480715e-03
4.438606e-02,6.904219e-02,4.812995e-01,1.323874e-02,2.068797e-02,1.918817e-02,5.435941e-04,9.449250e-02,5.687769e-02,1.284075e-02,1.442747e-01,4.104324e-03,8.945500e-04,3.005694e-02,8.072351e-03
6.680058e-02,1.013232e-01,4.544976e-01,1.325102e-02,2.709085e-02,2.127196e-02,6.775531e-04,9.310277e-02,6.218935e-02,1.114914e-02,1.073524e-01,4.069715e-03,9.809751e-04,2.491032e-02,1.133255e-02
4.751258e-02,1.027568e-01,3.307599e-01,1.055622e-01,2.274262e-02,1.552086e-02,5.019582e-04,6.899196e-02,6.205447e-02,1.304684e-02,1.598521e-01,6.089534e-03,7.038995e-03,1.977276e-02,3.779658e-02
3.408344e-02,1.031973e-01,2.366421e-01,8.391748e-02,2.107333e-02,1.473173e-02,4.720078e-04,4.870238e-02,6.077068e-02,1.510170e-02,2.399195e-01,7.486231e-03,2.853174e-02,4.959626e-02,5.577412e-02
2.452545e-02,7.394720e-02,1.671450e-01,5.943481e-02,2.756988e-02,1.054165e-02,3.566165e-04,3.425369e-02,7.141292e-02,1.302466e-02,2.709011e-01,6.089178e-03,3.469864e-02,1.644331e-01,4.166601e-02
1.801123e-02,5.566067e-02,1.197893e-01,4.233572e-02,2.761529e-02,7.799398e-03,3.229589e-04,2.413582e-02,1.059356e-01,1.441158e-02,2.863406e-01,5.139573e-03,3.581760e-02,2.220375e-01,3.464717e-02
1.475375e-02,4.383244e-02,8.854415e-02,3.173860e-02,2.277748e-02,1.882245e-02,3.612963e-04,1.726835e-02,1.014549e-01,1.449973e-02,3.169311e-01,8.667195e-03,2.788333e-02,2.483812e-01,4.408406e-02
1.168862e-02,3.185907e-02,6.409825e-02,2.306680e-02,1.697841e-02,1.688495e-02,3.211084e-04,1.221875e-02,8.229367e-02,1.242679e-02,3.247393e-01,7.025593e-03,2.035211e-02,3.418793e-01,3.416727e-02
9.806523e-03,2.327170e-02,4.524053e-02,1.690902e-02,1.286228e-02,1.467156e-02,2.764816e-04,8.601641e-03,7.434015e-02,1.068002e-02,2.959780e-01,8.597312e-03,1.547666e-02,4.377632e-01,2.552503e-02
7.228175e-03,1.711324e-02,3.213521e-02,1.210289e-02,9.500196e-03,1.187936e-02,2.048457e-04,6.039881e-03,7.962882e-02,9.087827e-03,2.360117e-01,6.801418e-03,1.101917e-02,5.417167e-01,1.953064e-02
5.357114e-03,1.241938e-02,2.282486e-02,8.757940e-03,7.087299e-03,8.726883e-03,1.549816e-04,4.239825e-03,1.609667e-01,8.651813e-03,1.781510e-01,5.390453e-03,7.769894e-03,5.528916e-01,1.661024e-02
4.494570e-03,1.154542e-02,1.662478e-02,6.261465e-03,5.231181e-03,8.128668e-03,1.450247e-04,2.982615e-03,2.289153e-01,9.307524e-03,1.449140e-01,4.839267e-03,5.515973e-03,5.381634e-01,1.293083e-02
3.261370e-03,9.356673e-03,1.225711e-02,4.474076e-03,3.770416e-03,1.132164e-02,1.111046e-04,2.099413e-03,2.423118e-01,7.943884e-03,1.193808e-01,3.554272e-03,3.894485e-03,5.656457e-01,1.061728e-02
2.377624e-03,7.448207e-03,8.833007e-03,3.284825e-03,2.788837e-03,8.899812e-03,8.434658e-05,1.482356e-03,2.795406e-01,9.215934e-03,1.171429e-01,2.735268e-03,2.778607e-03,5.450452e-01,8.342502e-03
1.852608e-03,5.868076e-03,7.074573e-03,2.428461e-03,2.079044e-03,7.641471e-03,6.830707e-05,1.071342e-03,4.193868e-01,9.463770e-03,8.895495e-02,2.048820e-03,1.969123e-03,4.436574e-01,6.435278e-03
1.470505e-03,4.315293e-03,5.309217e-03,1.941986e-03,1.585700e-03,5.725242e-03,5.384322e-05,7.639000e-04,5.395881e-01,1.135177e-02,6.611425e-02,1.526963e-03,1.414166e-03,3.530734e-01,5.765750e-03
1.369974e-03,3.416623e-03,4.587654e-03,1.685426e-03,1.205201e-03,4.352945e-03,4.226766e-05,5.630078e-04,6.070899e-01,2.042411e-02,5.492088e-02,1.167339e-03,1.021859e-03,2.906397e-01,7.513160e-03
1.716574e-03,2.813331e-03,7.293873e-03,2.282463e-03,1.085502e-03,5.375986e-03,4.134400e-05,4.320962e-04,5.563878e-01,7.171565e-02,6.433788e-02,1.140751e-03,1.911215e-03,2.648140e-01,1.865148e-02
3.033700e-03,3.150599e-03,9.364933e-03,2.822100e-03,2.251203e-03,1.086899e-02,2.142725e-04,6.944924e-04,5.477166e-01,9.243188e-02,5.570143e-02,9.614000e-04,2.448828e-03,2.533073e-01,1.503223e-02
5.200348e-03,2.930930e-03,2.642846e-02,3.730562e-03,6.700850e-03,1.178771e-02,1.232052e-03,9.395389e-03,4.711607e-01,2.034629e-01,4.718645e-02,9.978435e-04,2.957909e-03,1.947993e-01,1.202867e-02
1.078403e-02,3.631542e-03,4.896940e-02,8.031422e-03,1.770476e-02,2.623014e-02,1.426291e-03,9.846188e-03,4.007955e-01,2.624511e-01,4.107619e-02,8.817143e-04,2.871514e-03,1.545799e-01,1.072044e-02
1.640835e-02,8.646621e-03,1.541339e-01,2.672091e-02,5.501816e-02,5.908989e-02,2.917801e-03,9.782495e-03,2.943132e-01,2.151151e-01,3.118828e-02,6.939206e-04,2.329067e-03,1.121492e-01,1.149307e-02
1.742792e-02,9.088020e-03,3.367644e-01,4.299912e-02,5.389119e-02,4.287622e-02,2.962426e-03,8.915495e-03,2.124920e-01,1.580628e-01,2.255904e-02,5.453913e-04,1.986759e-03,7.974618e-02,9.683041e-03
1.831378e-02,9.253325e-03,4.625610e-01,6.356981e-02,4.533976e-02,3.353957e-02,2.605633e-03,1.004566e-02,1.555745e-01,1.146605e-01,1.651624e-02,7.884056e-04,2.293897e-03,5.655170e-02,8.386312e-03
2.243350e-02,1.275977e-02,5.267414e-01,5.080539e-02,4.686819e-02,2.619082e-02,5.773752e-03,3.863689e-02,1.153170e-01,8.535292e-02,1.334113e-02,1.029069e-03,2.189226e-03,4.604834e-02,6.512659e-03
2.809035e-02,2.139222e-02,5.658652e-01,5.391341e-02,4.291569e-02,2.199884e-02,9.816738e-03,4.486017e-02,8.941843e-02,6.398931e-02,1.200617e-02,1.855300e-03,3.359218e-03,3.410001e-02,6.418898e-03
4.329554e-02,5.499856e-02,5.044324e-01,4.451393e-02,4.347050e-02,2.299961e-02,8.772575e-03,8.383244e-02,7.960707e-02,5.737782e-02,1.127567e-02,1.990739e-03,3.240294e-03,2.942675e-02,1.076611e-02
5.875868e-02,8.420631e-02,4.456205e-01,3.385995e-02,7.302541e-02,2.614692e-02,7.041395e-03,7.570098e-02,8.541431e-02,5.594372e-02,9.300358e-03,1.806943e-03,4.336253e-03,2.767619e-02,1.116207e-02
7.195235e-02,9.857263e-02,3.892401e-01,2.607278e-02,8.353297e-02,3.353281e-02,6.098870e-03,8.966896e-02,8.912054e-02,5.595138e-02,7.286766e-03,2.103552e-03,7.312235e-03,2.718242e-02,1.237158e-02
8.567679e-02,1.264313e-01,2.903180e-01,2.132992e-02,8.171669e-02,3.534361e-02,5.093072e-03,1.025047e-01,1.202257e-01,6.623816e-02,6.373840e-03,2.505918e-03,6.904122e-03,3.637277e-02,1.296546e-02
9.412239e-02,1.835074e-01,2.189090e-01,2.084768e-02,7.996163e-02,3.120448e-02,4.752206e-03,1.173538e-01,1.348886e-01,5.674183e-02,5.205974e-03,2.670340e-03,5.424087e-03,3.291156e-02,1.149895e-02
1.192097e-01,2.605161e-01,1.707886e-01,1.761308e-02,7.074411e-02,2.460445e-02,6.010378e-03,9.564671e-02,1.062104e-01,4.913908e-02,4.910544e-03,3.189109e-03,4.650468e-03,4.112736e-02,2.563989e-02
1.423440e-01,3.712184e-01,1.261860e-01,1.378649e-02,5.547943e-02,1.857026e-02,5.600168e-03,7.053741e-02,8.433440e-02,3.787118e-02,4.087312e-03,3.254963e-03,4.063466e-03,3.505623e-02,2.761024e-02
1.537154e-01,4.696454e-01,9.002351e-02,1.076823e-02,4.108144e-02,1.439891e-02,5.014965e-03,5.441452e-02,6.946103e-02,2.784078e-02,3.770593e-03,3.990678e-03,3.581048e-03,2.853352e-02,2.375996e-02
2.097402e-01,4.520874e-01,6.433687e-02,9.706767e-03,3.220875e-02,1.276860e-02,5.171498e-03,5.895688e-02,7.074048e-02,2.056701e-02,4.189243e-03,7.209736e-03,4.007760e-03,2.557178e-02,2.273707e-02
2.622844e-01,4.097138e-01,4.665317e-02,9.098187e-03,2.609463e-02,1.166241e-02,4.985924e-03,7.231593e-02,7.938991e-02,1.559111e-02,4.274089e-03,9.415434e-03,4.083886e-03,2.241719e-02,2.201997e-02
3.581839e-01,3.012675e-01,3.520498e-02,9.723181e-03,2.128221e-02,1.062973e-02,4.423312e-03,1.152031e-01,7.300182e-02,1.217015e-02,4.259335e-03,1.251978e-02,4.120762e-03,1.750715e-02,2.050309e-02
4.045721e-01,2.144037e-01,2.746849e-02,1.134155e-02,1.717044e-02,1.100833e-02,4.203273e-03,1.788121e-01,5.600034e-02,1.029548e-02,4.852064e-03,1.765830e-02,5.151688e-03,1.425983e-02,2.280216e-02
3.192718e-01,1.552912e-01,2.087991e-02,1.729503e-02,1.277144e-02,1.201910e-02,3.308047e-03,1.288021e-01,4.492650e-02,2.108924e-02,7.667271e-03,4.101334e-02,1.455065e-02,2.265178e-02,1.784625e-01
2.348150e-01,1.470450e-01,2.038968e-02,9.032151e-02,1.023633e-02,9.507690e-03,2.522202e-03,9.073983e-02,3.748341e-02,2.129645e-02,7.684729e-03,3.521740e-02,1.199378e-02,1.744060e-02,2.633063e-01
2.041014e-01,1.106376e-01,1.897510e-02,7.228219e-02,8.255012e-03,8.676337e-03,2.024685e-03,6.510234e-02,3.085238e-02,2.043485e-02,7.728819e-03,2.874260e-02,1.144643e-02,2.549262e-02,3.852478e-01
1.721391e-01,8.141303e-02,1.409444e-02,5.371483e-02,6.584042e-03,7.477506e-03,1.735350e-03,4.732532e-02,3.224741e-02,3.664522e-02,7.322538e-03,2.177238e-02,9.823880e-03,5.894544e-02,4.487595e-01
1.258699e-01,6.213747e-02,1.009506e-02,3.863952e-02,4.795649e-03,5.636408e-03,1.289644e-03,3.324381e-02,4.719760e-02,4.321014e-02,6.319640e-03,1.579537e-02,7.677310e-03,5.992723e-02,5.381652e-01
9.787434e-02,4.590816e-02,7.170758e-03,2.762216e-02,3.624648e-03,4.883491e-03,9.921590e-04,2.343340e-02,5.853833e-02,4.450389e-02,5.165934e-03,1.140673e-02,6.387847e-03,9.006812e-02,5.724200e-01
7.094491e-02,4.052798e-02,6.037406e-03,2.375436e-02,2.780456e-03,3.726325e-03,7.314033e-04,1.647079e-02,2.098950e-01,5.752016e-02,5.506682e-03,8.463370e-03,5.551079e-03,6.952095e-02,4.785690e-01
5.338360e-02,3.342365e-02,5.231299e-03,1.921891e-02,2.495797e-03,3.588527e-03,6.109180e-04,1.161825e-02,2.488814e-01,5.585387e-02,5.375213e-03,6.096746e-03,5.042030e-03,8.232848e-02,4.668512e-01
3.785052e-02,2.981981e-02,4.741380e-03,2.164800e-02,1.973784e-03,2.590805e-03,4.676974e-04,8.278758e-03,4.482678e-01,4.040846e-02,4.730280e-03,4.419043e-03,3.992219e-03,5.935381e-02,3.314575e-01
3.113342e-02,4.373989e-02,8.119959e-03,2.220953e-02,1.678894e-03,2.321682e-03,4.789396e-04,6.103275e-03,4.622036e-01,4.483882e-02,7.366363e-03,4.171143e-03,5.380954e-03,6.802157e-02,2.922319e-01
3.636713e-02,4.387985e-02,1.172135e-02,2.828138e-02,3.843755e-03,2.771171e-03,6.570710e-04,4.934642e-03,3.805541e-01,7.058296e-02,1.427963e-02,5.340587e-03,6.871803e-03,7.692534e-02,3.129891e-01
5.041625e-02,6.566744e-02,1.089795e-02,2.915246e-02,6.765408e-03,5.018896e-03,7.758423e-04,5.293191e-03,3.985103e-01,6.523312e-02,1.228997e-02,5.501316e-03,8.301277e-03,5.941702e-02,2.767594e-01
5.014502e-02,1.067571e-01,9.873369e-03,3.220703e-02,7.548546e-03,5.278471e-03,6.790415e-04,4.934606e-03,4.007341e-01,5.710202e-02,1.047667e-02,5.249183e-03,9.218983e-03,4.413715e-02,2.556586e-01
4.129650e-02,2.305336e-01,8.924598e-03,3.087751e-02,1.162479e-02,4.744769e-03,6.406429e-04,5.030342e-03,3.661092e-01,4.779457e-02,1.147342e-02,4.616366e-03,8.534536e-03,3.272824e-02,1.950709e-01
3.456078e-02,2.009972e-01,6.949501e-03,5.063908e-02,9.233139e-03,4.309841e-03,6.619683e-04,5.047244e-03,4.144239e-01,3.516928e-02,5.811893e-02,4.668514e-03,9.793013e-03,2.544820e-02,1.399794e-01
2.540836e-02,1.430555e-01,5.260148e-03,4.802206e-02,8.155908e-03,4.040977e-03,5.296855e-04,4.144169e-03,3.537992e-01,2.934094e-02,2.135873e-01,6.968051e-03,1.453420e-02,4.105845e-02,1.020950e-01
1.981842e-02,1.028451e-01,4.075115e-03,4.054004e-02,7.576911e-03,3.310493e-03,4.101036e-04,3.202995e-03,2.795852e-01,2.390830e-02,1.895124e-01,6.187995e-03,1.252482e-02,2.299080e-01,7.659410e-02
1.439837e-02,7.328828e-02,3.075621e-03,3.099728e-02,5.864572e-03,3.101822e-03,3.581107e-04,2.467259e-03,2.081170e-01,2.056980e-02,2.199837e-01,6.367336e-03,1.026290e-02,3.427381e-01,5.840985e-02
1.281793e-02,5.248578e-02,2.893270e-03,2.689349e-02,6.952923e-03,3.994049e-03,9.660174e-04,2.313592e-03,1.759390e-01,2.090346e-02,3.459324e-01,1.058254e-02,1.158790e-02,2.772801e-01,4.845755e-02
1.009372e-02,3.793334e-02,3.704262e-03,1.939505e-02,3.441627e-02,2.987655e-03,7.830914e-04,1.894849e-03,1.254437e-01,1.809934e-02,3.810010e-01,1.024758e-02,9.937075e-03,3.014102e-01,4.265293e-02
7.890190e-03,3.021123e-02,4.413538e-03,1.397496e-02,1.422947e-01,2.763649e-03,7.116566e-04,1.828887e-03,8.894267e-02,1.737944e-02,3.807770e-01,8.080840e-03,8.906417e-03,2.472489e-01,4.457594e-02
7.685894e-03,2.395413e-02,1.730292e-02,1.131168e-02,1.252838e-01,3.642366e-03,6.839146e-04,2.810929e-03,6.730996e-02,2.185846e-02,4.088744e-01,7.215410e-03,7.437497e-03,2.467442e-01,4.788440e-02
9.889401e-03,2.021205e-02,3.704392e-02,9.794973e-03,1.067798e-01,2.541501e-02,1.196398e-03,9.433731e-03,5.203594e-02,2.968658e-02,4.010954e-01,6.875121e-03,6.558245e-03,2.324321e-01,5.155137e-02
1.106104e-02,1.693824e-02,9.092677e-02,2.464491e-02,8.166293e-02,2.851544e-02,1.093117e-03,8.833393e-03,4.310419e-02,3.555730e-02,4.092264e-01,8.538377e-03,6.726732e-03,1.908859e-01,4.228525e-02
1.531038e-02,1.496339e-02,1.163655e-01,2.531050e-02,6.392123e-02,2.728411e-02,1.124509e-03,1.504785e-02,3.318123e-02,4.750741e-02,4.052763e-01,7.142450e-03,6.826635e-03,1.759709e-01,4.476768e-02
2.065528e-02,1.244393e-02,1.682231e-01,3.290304e-02,4.966377e-02,2.381122e-02,1.054498e-03,2.182709e-02,2.667033e-02,6.885521e-02,3.725073e-01,6.085379e-03,6.269238e-03,1.432992e-01,4.573148e-02
2.164409e-02,1.024230e-02,2.558947e-01,3.221530e-02,3.735961e-02,3.200055e-02,1.123625e-03,1.768746e-02,2.092501e-02,6.816906e-02,3.424419e-01,9.116266e-03,7.337095e-03,1.085269e-01,3.531624e-02
2.458078e-02,1.195875e-02,2.520406e-01,2.437393e-02,2.754028e-02,3.141258e-02,9.278919e-04,1.370837e-02,1.549445e-02,5.462728e-02,4.042143e-01,9.602527e-03,6.343021e-03,9.621185e-02,2.696344e-02
2.341948e-02,1.626168e-02,2.318908e-01,1.763548e-02,2.014499e-02,2.793230e-02,7.791902e-04,1.267146e-02,1.250334e-02,4.532096e-02,4.502419e-01,1.111241e-02,5.194294e-03,1.044248e-01,2.046700e-02
2.348749e-02,1.744517e-02,2.912706e-01,1.355090e-02,1.571627e-02,2.274215e-02,1.074468e-03,1.132607e-02,1.065656e-02,3.824253e-02,4.212693e-01,1.906511e-02,4.068825e-03,9.439266e-02,1.569190e-02
2.149452e-02,1.488730e-02,4.536952e-01,1.110411e-02,1.275811e-02,1.721916e-02,1.332075e-03,1.145766e-02,9.391988e-03,2.873020e-02,3.150571e-01,1.642551e-02,3.053477e-03,7.181928e-02,1.157428e-02
2.291881e-02,1.115278e-02,5.127739e-01,1.288760e-02,1.186960e-02,1.608645e-02,3.595234e-03,4.119563e-02,8.654825e-03,2.780067e-02,2.393770e-01,1.359941e-02,2.363127e-03,6.738704e-02,8.337940e-03
3.733223e-02,1.031973e-02,5.134988e-01,1.269311e-02,1.532807e-02,1.687099e-02,5.504285e-03,4.530311e-02,1.070881e-02,5.376817e-02,1.883977e-01,1.217455e-02,1.884654e-03,6.928135e-02,6.934440e-03
