1.000000e+00,0.000000e+00,0.000000e+00,0.000000e+00,0.000000e+00,0.000000e+00,0.000000e+00,0.000000e+00,0.000000e+00,0.000000e+00,0.000000e+00,0.000000e+00,0.000000e+00,0.000000e+00,0.000000e+00
1.000000e+00,0.000000e+00,0.000000e+00,0.000000e+00,0.000000e+00,0.000000e+00,0.000000e+00,0.000000e+00,0.000000e+00,0.000000e+00,0.000000e+00,0.000000e+00,0.000000e+00,0.000000e+00,0.000000e+00
1.000000e+00,0.000000e+00,0.000000e+00,0.000000e+00,0.000000e+00,0.000000e+00,0.000000e+00,0.000000e+00,0.000000e+00,0.000000e+00,0.000000e+00,0.000000e+00,0.000000e+00,0.000000e+00,0.000000e+00
1.000000e+00,0.000000e+00,0.000000e+00,0.000000e+00,0.000000e+00,0.000000e+00,0.000000e+00,0.000000e+00,0.000000e+00,0.000000e+00,0.000000e+00,0.000000e+00,0.000000e+00,0.000000e+00,0.000000e+00
1.000000e+00,0.000000e+00,0.000000e+00,0.000000e+00,0.000000e+00,0.000000e+00,0.000000e+00,0.000000e+00,0.000000e+00,0.000000e+00,0.000000e+00,0.000000e+00,0.000000e+00,0.000000e+00,0.000000e+00
1.000000e+00,0.000000e+00,0.000000e+00,0.000000e+00,0.000000e+00,0.000000e+00,0.000000e+00,0.000000e+00,0.000000e+00,0.000000e+00,0.000000e+00,0.000000e+00,0.000000e+00,0.000000e+00,0.000000e+00
1.000000e+00,0.000000e+00,0.000000e+00,0.000000e+00,0.000000e+00,0.000000e+00,0.000000e+00,0.000000e+00,0.000000e+00,0.000000e+00,0.000000e+00,0.000000e+00,0.000000e+00,0.000000e+00,0.000000e+00
1.000000e+00,0.000000e+00,0.000000e+00,0.000000e+00,0.000000e+00,0.000000e+00,0.000000e+00,0.000000e+00,0.000000e+00,0.000000e+00,0.000000e+00,0.000000e+00,0.000000e+00,0.000000e+00,0.000000e+00
1.000000e+00,0.000000e+00,0.000000e+00,0.000000e+00,0.000000e+00,0.000000e+00,0.000000e+00,0.000000e+00,0.000000e+00,0.000000e+00,0.000000e+00,0.000000e+00,0.000000e+00,0.000000e+00,0.000000e+00
1.000000e+00,0.000000e+00,0.000000e+00,0.000000e+00,0.000000e+00,0.000000e+00,0.000000e+00,0.000000e+00,0.000000e+00,0.000000e+00,0.000000e+00,0.000000e+00,0.000000e+00,0.000000e+00,0.000000e+00
1.000000e+00,0.000000e+00,0.000000e+00,0.000000e+00,0.000000e+00,0.000000e+00,0.000000e+00,0.000000e+00,0.000000e+00,0.000000e+00,0.000000e+00,0.000000e+00,0.000000e+00,0.000000e+00,0.000000e+00
1.000000e+00,0.000000e+00,0.000000e+00,0.000000e+00,0.000000e+00,0.000000e+00,0.000000e+00,0.000000e+00,0.000000e+00,0.000000e+00,0.000000e+00,0.000000e+00,0.000000e+00,0.000000e+00,0.000000e+00
1.000000e+00,0.000000e+00,0.000000e+00,0.000000e+00,0.000000e+00,0.000000e+00,0.000000e+00,0.000000e+00,0.000000e+00,0.000000e+00,0.000000e+00,0.000000e+00,0.000000e+00,0.000000e+00,0.000000e+00
1.000000e+00,0.000000e+00,0.000000e+00,0.000000e+00,0.000000e+00,0.000000e+00,0.000000e+00,0.000000e+00,0.000000e+00,0.000000e+00,0.000000e+00,0.000000e+00,0.000000e+00,0.000000e+00,0.000000e+00
1.000000e+00,0.000000e+00,0.000000e+00,0.000000e+00,0.000000e+00,0.000000e+00,0.000000e+00,0.000000e+00,0.000000e+00,0.000000e+00,0.000000e+00,0.000000e+00,0.000000e+00,0.000000e+00,0.000000e+00
1.000000e+00,0.000000e+00,0.000000e+00,0.000000e+00,0.000000e+00,0.000000e+00,0.000000e+00,0.000000e+00,0.000000e+00,0.000000e+00,0.000000e+00,0.000000e+00,0.000000e+00,0.000000e+00,0.000000e+00
1.000000e+00,0.000000e+00,0.000000e+00,0.000000e+00,0.000000e+00,0.000000e+00,0.000000e+00,0.000000e+00,0.000000e+00,0.000000e+00,0.000000e+00,0.000000e+00,0.000000e+00,0.000000e+00,0.000000e+00
1.000000e+00,0.000000e+00,0.000000e+00,0.000000e+00,0.000000e+00,0.000000e+00,0.000000e+00,0.000000e+00,0.000000e+00,0.000000e+00,0.000000e+00,0.000000e+00,0.000000e+00,0.000000e+00,0.000000e+00
1.000000e+00,0.000000e+00,0.000000e+00,0.000000e+00,0.000000e+00,0.000000e+00,0.000000e+00,0.000000e+00,0.000000e+00,0.000000e+00,0.000000e+00,0.000000e+00,0.000000e+00,0.000000e+00,0.000000e+00
1.000000e+00,0.000000e+00,0.000000e+00,0.000000e+00,0.000000e+00,0.000000e+00,0.000000e+00,0.000000e+00,0.000000e+00,0.000000e+00,0.000000e+00,0.000000e+00,0.000000e+00,0.000000e+00,0.000000e+00
1.000000e+00,0.000000e+00,0.000000e+00,0.000000e+00,0.000000e+00,0.000000e+00,0.000000e+00,0.000000e+00,0.000000e+00,0.000000e+00,0.000000e+00,0.000000e+00,0.000000e+00,0.000000e+00,0.000000e+00
1.000000e+00,0.000000e+00,0.000000e+00,0.000000e+00,0.000000e+00,0.000000e+00,0.000000e+00,0.000000e+00,0.000000e+00,0.000000e+00,0.000000e+00,0.000000e+00,0.000000e+00,0.000000e+00,0.000000e+00
1.000000e+00,0.000000e+00,0.000000e+00,0.000000e+00,0.000000e+00,0.000000e+00,0.000000e+00,0.000000e+00,0.000000e+00,0.000000e+00,0.000000e+00,0.000000e+00,0.000000e+00,0.000000e+00,0.000000e+00
1.000000e+00,0.000000e+00,0.000000e+00,0.000000e+00,0.000000e+00,0.000000e+00,0.000000e+00,0.000000e+00,0.000000e+00,0.000000e+00,0.000000e+00,0.000000e+00,0.000000e+00,0.000000e+00,0.000000e+00
1.000000e+00,0.000000e+00,0.000000e+00,0.000000e+00,0.000000e+00,0.000000e+00,0.000000e+00,0.000000e+00,0.000000e+00,0.000000e+00,0.000000e+00,0.000000e+00,0.000000e+00,0.000000e+00,0.000000e+00
1.000000e+00,0.000000e+00,0.000000e+00,0.000000e+00,0.000000e+00,0.000000e+00,0.000000e+00,0.000000e+00,0.000000e+00,0.000000e+00,0.000000e+00,0.000000e+00,0.000000e+00,0.000000e+00,0.000000e+00
1.000000e+00,0.000000e+00,0.000000e+00,0.000000e+00,0.000000e+00,0.000000e+00,0.000000e+00,0.000000e+00,0.000000e+00,0.000000e+00,0.000000e+00,0.000000e+00,0.000000e+00,0.000000e+00,0.000000e+00
1.000000e+00,0.000000e+00,0.000000e+00,0.000000e+00,0.000000e+00,0.000000e+00,0.000000e+00,0.000000e+00,0.000000e+00,0.000000e+00,0.000000e+00,0.000000e+00,0.000000e+00,0.000000e+00,0.000000e+00
1.000000e+00,0.000000e+00,0.000000e+00,0.000000e+00,0.000000e+00,0.000000e+00,0.000000e+00,0.000000e+00,0.000000e+00,0.000000e+00,0.000000e+00,0.000000e+00,0.000000e+00,0.000000e+00,0.000000e+00
1.000000e+00,0.000000e+00,0.000000e+00,0.000000e+00,0.000000e+00,0.000000e+00,0.000000e+00,0.000000e+00,0.000000e+00,0.000000e+00,0.000000e+00,0.000000e+00,0.000000e+00,0.000000e+00,0.000000e+00
1.000000e+00,0.000000e+00,0.000000e+00,0.000000e+00,0.000000e+00,0.000000e+00,0.000000e+00,0.000000e+00,0.000000e+00,0.000000e+00,0.000000e+00,0.000000e+00,0.000000e+00,0.000000e+00,0.000000e+00
1.000000e+00,0.000000e+00,0.000000e+00,0.000000e+00,0.000000e+00,0.000000e+00,0.000000e+00,0.000000e+00,0.000000e+00,0.000000e+00,0.000000e+00,0.000000e+00,0.000000e+00,0.000000e+00,0.000000e+00
1.000000e+00,0.000000e+00,0.000000e+00,0.000000e+00,0.000000e+00,0.000000e+00,0.000000e+00,0.000000e+00,0.000000e+00,0.000000e+00,0.000000e+00,0.000000e+00,0.000000e+00,0.000000e+00,0.000000e+00
1.000000e+00,0.000000e+00,0.000000e+00,0.000000e+00,0.000000e+00,0.000000e+00,0.000000e+00,0.000000e+00,0.000000e+00,0.000000e+00,0.000000e+00,0.000000e+00,0.000000e+00,0.000000e+00,0.000000e+00
1.000000e+00,0.000000e+00,0.000000e+00,0.000000e+00,0.000000e+00,0.000000e+00,0.000000e+00,0.000000e+00,0.000000e+00,0.000000e+00,0.000000e+00,0.000000e+00,0.000000e+00,0.000000e+00,0.000000e+00
1.000000e+00,0.000000e+00,0.000000e+00,0.000000e+00,0.000000e+00,0.000000e+00,0.000000e+00,0.000000e+00,0.000000e+00,0.000000e+00,0.000000e+00,0.000000e+00,0.000000e+00,0.000000e+00,0.000000e+00
1.000000e+00,0.000000e+00,0.000000e+00,0.000000e+00,0.000000e+00,0.000000e+00,0.000000e+00,0.000000e+00,0.000000e+00,0.000000e+00,0.000000e+00,0.000000e+00,0.000000e+00,0.000000e+00,0.000000e+00
1.000000e+00,0.000000e+00,0.000000e+00,0.000000e+00,0.000000e+00,0.000000e+00,0.000000e+00,0.000000e+00,0.000000e+00,0.000000e+00,0.000000e+00,0.000000e+00,0.000000e+00,0.000000e+00,0.000000e+00
1.000000e+00,0.000000e+00,0.000000e+00,0.000000e+00,0.000000e+00,0.000000e+00,0.000000e+00,0.000000e+00,0.000000e+00,0.000000e+00,0.000000e+00,0.000000e+00,0.000000e+00,0.000000e+00,0.000000e+00
1.000000e+00,0.000000e+00,0.000000e+00,0.000000e+00,0.000000e+00,0.000000e+00,0.000000e+00,0.000000e+00,0.000000e+00,0.000000e+00,0.000000e+00,0.000000e+00,0.000000e+00,0.000000e+00,0.000000e+00
1.000000e+00,0.000000e+00,0.000000e+00,0.000000e+00,0.000000e+00,0.000000e+00,0.000000e+00,0.000000e+00,0.000000e+00,0.000000e+00,0.000000e+00,0.000000e+00,0.000000e+00,0.000000e+00,0.000000e+00
1.000000e+00,0.000000e+00,0.000000e+00,0.000000e+00,0.000000e+00,0.000000e+00,0.000000e+00,0.000000e+00,0.000000e+00,0.000000e+00,0.000000e+00,0.000000e+00,0.000000e+00,0.000000e+00,0.000000e+00
1.000000e+00,0.000000e+00,0.000000e+00,0.000000e+00,0.000000e+00,0.000000e+00,0.000000e+00,0.000000e+00,0.000000e+00,0.000000e+00,0.000000e+00,0.000000e+00,0.000000e+00,0.000000e+00,0.000000e+00
1.000000e+00,0.000000e+00,0.000000e+00,0.000000e+00,0.000000e+00,0.000000e+00,0.000000e+00,0.000000e+00,0.000000e+00,0.000000e+00,0.000000e+00,0.000000e+00,0.000000e+00,0.000000e+00,0.000000e+00
1.000000e+00,0.000000e+00,0.000000e+00,0.000000e+00,0.000000e+00,0.000000e+00,0.000000e+00,0.000000e+00,0.000000e+00,0.000000e+00,0.000000e+00,0.000000e+00,0.000000e+00,0.000000e+00,0.000000e+00
1.000000e+00,0.000000e+00,0.000000e+00,0.000000e+00,0.000000e+00,0.000000e+00,0.000000e+00,0.000000e+00,0.000000e+00,0.000000e+00,0.000000e+00,0.000000e+00,0.000000e+00,0.000000e+00,0.000000e+00
1.000000e+00,0.000000e+00,0.000000e+00,0.000000e+00,0.000000e+00,0.000000e+00,0.000000e+00,0.000000e+00,0.000000e+00,0.000000e+00,0.000000e+00,0.000000e+00,0.000000e+00,0.000000e+00,0.000000e+00
1.000000e+00,0.000000e+00,0.000000e+00,0.000000e+00,0.000000e+00,0.000000e+00,0.000000e+00,0.000000e+00,0.000000e+00,0.000000e+00,0.000000e+00,0.000000e+00,0.000000e+00,0.000000e+00,0.000000e+00
1.000000e+00,0.000000e+00,0.000000e+00,0.000000e+00,0.000000e+00,0.000000e+00,0.000000e+00,0.000000e+00,0.000000e+00,0.000000e+00,0.000000e+00,0.000000e+00,0.000000e+00,0.000000e+00,0.000000e+00
4.992320e-01,2.912953e-02,8.375159e-03,6.371760e-02,1.937357e-02,6.584360e-02,1.572477e-02,1.201569e-02,1.541752e-02,2.551193e-03,8.222880e-03,1.041362e-01,1.361521e-01,2.737011e-03,1.737119e-02
4.240325e-01,3.788371e-02,1.049503e-02,8.873728e-02,2.275742e-02,6.317793e-02,1.439113e-02,1.516385e-02,1.936831e-02,3.379419e-03,1.190541e-02,1.178603e-01,1.388817e-01,4.197819e-03,2.776813e-02
3.839969e-01,4.511703e-02,1.493122e-02,1.077444e-01,2.607062e-02,5.903760e-02,1.351069e-02,1.640091e-02,2.226152e-02,4.168244e-03,1.375659e-02,1.247874e-01,1.287879e-01,4.533028e-03,3.489590e-02
4.458249e-01,4.410661e-02,1.323060e-02,1.008757e-01,2.406767e-02,5.159370e-02,1.192583e-02,1.407240e-02,2.117058e-02,4.232340e-03,1.342318e-02,1.061679e-01,1.066337e-01,4.931348e-03,3.774355e-02
1.000000e+00,0.000000e+00,0.000000e+00,0.000000e+00,0.000000e+00,0.000000e+00,0.000000e+00,0.000000e+00,0.000000e+00,0.000000e+00,0.000000e+00,0.000000e+00,0.000000e+00,0.000000e+00,0.000000e+00
1.000000e+00,0.000000e+00,0.000000e+00,0.000000e+00,0.000000e+00,0.000000e+00,0.000000e+00,0.000000e+00,0.000000e+00,0.000000e+00,0.000000e+00,0.000000e+00,0.000000e+00,0.000000e+00,0.000000e+00
1.000000e+00,0.000000e+00,0.000000e+00,0.000000e+00,0.000000e+00,0.000000e+00,0.000000e+00,0.000000e+00,0.000000e+00,0.000000e+00,0.000000e+00,0.000000e+00,0.000000e+00,0.000000e+00,0.000000e+00
4.610950e-01,3.568237e-02,7.334844e-03,7.034970e-02,1.343838e-02,3.230073e-02,6.324144e-03,6.988837e-03,3.505647e-02,1.133987e-02,9.993201e-03,4.491710e-02,5.296298e-02,5.195083e-03,2.070213e-01
4.379146e-01,5.117399e-02,5.858824e-03,6.729531e-02,1.094146e-02,2.581515e-02,5.034660e-03,5.814386e-03,6.874718e-02,1.213781e-02,7.897810e-03,3.278037e-02,5.822501e-02,4.309497e-03,2.060540e-01
4.515129e-01,5.744378e-02,6.801271e-03,8.361737e-02,1.453246e-02,2.633585e-02,6.557629e-03,6.467120e-03,5.922478e-02,1.194381e-02,7.360513e-03,2.709311e-02,5.419751e-02,3.812246e-03,1.830997e-01
3.183830e-01,1.049282e-01,9.876290e-03,2.421165e-01,1.130672e-02,1.954362e-02,5.003134e-03,4.678471e-03,5.096886e-02,1.008943e-02,6.121836e-03,1.979073e-02,3.886623e-02,2.791384e-03,1.555357e-01
3.974993e-01,9.321246e-02,8.320895e-03,1.785097e-01,8.464587e-03,1.833001e-02,3.852558e-03,4.120868e-03,4.120253e-02,7.323279e-03,5.852749e-03,1.440074e-02,7.383408e-02,2.667172e-03,1.424092e-01
2.860358e-01,8.870648e-02,7.021062e-03,1.483639e-01,6.308521e-03,1.439042e-02,2.971866e-03,3.019071e-03,1.726032e-01,9.333874e-03,6.022773e-03,1.089929e-02,8.309248e-02,2.113790e-03,1.591175e-01
2.007140e-01,1.010271e-01,5.709166e-03,1.156786e-01,4.490808e-03,1.210084e-02,2.167793e-03,2.125955e-03,2.468433e-01,1.108021e-02,4.410644e-03,7.844824e-03,1.157899e-01,1.614887e-03,1.684019e-01
1.424984e-01,1.258033e-01,4.370373e-03,8.423650e-02,3.282588e-03,1.071755e-02,1.626475e-03,1.563297e-03,2.470900e-01,8.904160e-03,3.513615e-03,5.982270e-03,1.979518e-01,1.293563e-03,1.611661e-01
1.185675e-01,9.788474e-02,9.163850e-03,7.214750e-02,5.375731e-03,2.095346e-02,3.561722e-03,2.380407e-03,2.183237e-01,6.948980e-03,4.947179e-03,9.807785e-03,2.263503e-01,3.171225e-03,2.004159e-01
9.991332e-02,7.533447e-02,2.128380e-02,8.206566e-02,7.911679e-03,1.799910e-02,3.999439e-03,6.185953e-03,3.300982e-01,8.136104e-03,4.933477e-03,7.903275e-03,1.773663e-01,2.960442e-03,1.539087e-01
8.183432e-02,5.741156e-02,3.991354e-02,1.130391e-01,8.551582e-03,1.533105e-02,3.986199e-03,6.193650e-03,4.044951e-01,9.259010e-03,5.307028e-03,6.768622e-03,1.320340e-01,2.323621e-03,1.135516e-01
7.718475e-02,4.397895e-02,4.441765e-02,8.641433e-02,7.216219e-03,1.699033e-02,3.760156e-03,6.158934e-03,4.066805e-01,1.238551e-02,1.487061e-02,1.241230e-02,1.628268e-01,3.924116e-03,1.007788e-01
1.261866e-01,3.407135e-02,4.707186e-02,6.253999e-02,7.052704e-03,1.434859e-02,3.524563e-03,7.333923e-03,3.277434e-01,1.280459e-02,2.727261e-02,1.573077e-02,1.546455e-01,7.085053e-03,1.525885e-01
1.516290e-01,2.952849e-02,1.135740e-01,6.196262e-02,8.029702e-03,1.185060e-02,3.211454e-03,7.135819e-03,2.615272e-01,1.222289e-02,2.395923e-02,1.497149e-02,1.177380e-01,7.111195e-03,1.755483e-01
2.130804e-01,2.695204e-02,1.684392e-01,6.405938e-02,7.468827e-03,1.454277e-02,2.735332e-03,6.689854e-03,1.964871e-01,1.237288e-02,2.210632e-02,1.972544e-02,9.341652e-02,7.343296e-03,1.445807e-01
2.454989e-01,2.435673e-02,1.814912e-01,5.292539e-02,7.254256e-03,1.357832e-02,2.519166e-03,6.143942e-03,1.480698e-01,1.240379e-02,2.514471e-02,2.059765e-02,7.878999e-02,9.744102e-03,1.714821e-01
1.956016e-01,2.308999e-02,1.439807e-01,4.118532e-02,7.070292e-03,1.581094e-02,3.470518e-03,7.939070e-03,1.189451e-01,9.582526e-03,2.451040e-02,2.074721e-02,1.925088e-01,8.659746e-03,1.868978e-01
1.409941e-01,4.190296e-02,1.104132e-01,3.245545e-02,5.722727e-03,1.413858e-02,3.125309e-03,6.333611e-03,1.276014e-01,8.864888e-03,2.103243e-02,1.992922e-02,2.587605e-01,6.986869e-03,2.017387e-01
1.022826e-01,4.158268e-02,8.006907e-02,2.575085e-02,5.430817e-03,1.501022e-02,3.191029e-03,6.011742e-03,1.404972e-01,6.634869e-03,1.912805e-02,1.818696e-02,3.491085e-01,5.480534e-03,1.816349e-01
7.304611e-02,9.393822e-02,6.603084e-02,2.286135e-02,5.137862e-03,1.191423e-02,2.611520e-03,4.895100e-03,1.511354e-01,5.659710e-03,1.483529e-02,1.495248e-02,3.757655e-01,5.046318e-03,1.521700e-01
5.393437e-02,8.827461e-02,5.124286e-02,1.717011e-02,1.020390e-02,1.152897e-02,3.533029e-03,4.579382e-03,1.682606e-01,4.406483e-03,1.225753e-02,1.205893e-02,4.086397e-01,4.209597e-03,1.496999e-01
4.100014e-02,7.199082e-02,1.145885e-01,1.738479e-02,2.371038e-02,1.189728e-02,3.922245e-03,9.128373e-03,1.385167e-01,4.421548e-03,1.006610e-02,9.764241e-03,4.109422e-01,3.549100e-03,1.291175e-01
3.776173e-02,5.703292e-02,1.041107e-01,2.259277e-02,3.010351e-02,2.511931e-02,4.494335e-03,1.149149e-02,1.304640e-01,3.779075e-03,8.246289e-03,7.710188e-03,4.379129e-01,3.229660e-03,1.159512e-01
3.995351e-02,5.668399e-02,1.350735e-01,2.394962e-02,3.732835e-02,2.181978e-02,5.655110e-03,1.720108e-02,1.306805e-01,4.305280e-03,7.276383e-03,7.023346e-03,3.663717e-01,2.902131e-03,1.437757e-01
8.210828e-02,5.841625e-02,1.106465e-01,2.066580e-02,6.017179e-02,2.392659e-02,8.091470e-03,1.577499e-02,1.427648e-01,4.059211e-03,7.635739e-03,6.825041e-03,3.037078e-01,3.105898e-03,1.520998e-01
1.287886e-01,5.368740e-02,8.664134e-02,1.901096e-02,8.628444e-02,2.566668e-02,1.278576e-02,1.408133e-02,1.460897e-01,3.449074e-03,6.819475e-03,6.230804e-03,2.660783e-01,2.516447e-03,1.418698e-01
1.284272e-01,6.728669e-02,8.698978e-02,1.039732e-01,8.394699e-02,2.422151e-02,1.084510e-02,1.672159e-02,1.265472e-01,4.131173e-03,7.048415e-03,1.224658e-02,2.171516e-01,2.095709e-03,1.083672e-01
1.408374e-01,6.865405e-02,7.405960e-02,1.187212e-01,7.657515e-02,2.690289e-02,1.228212e-02,1.618504e-02,1.441398e-01,5.857793e-03,7.196648e-03,1.585368e-02,1.818740e-01,1.839908e-03,1.090208e-01
1.216194e-01,7.065050e-02,9.784392e-02,1.959622e-01,7.874671e-02,2.321101e-02,1.434054e-02,1.819402e-02,1.224561e-01,5.956226e-03,6.772166e-03,1.333063e-02,1.467080e-01,1.489771e-03,8.271885e-02
1.533931e-01,5.556179e-02,1.659800e-01,1.821863e-01,6.503667e-02,1.828971e-02,1.107931e-02,2.360188e-02,9.703463e-02,5.490822e-03,5.936150e-03,1.005869e-02,1.322736e-01,1.375013e-03,7.270238e-02
1.984187e-01,6.515332e-02,1.718190e-01,1.471666e-01,5.664852e-02,1.785927e-02,8.774733e-03,2.798723e-02,9.433605e-02,5.311995e-03,5.110478e-03,7.588455e-03,1.157771e-01,1.343001e-03,7.670564e-02
2.412599e-01,7.476101e-02,1.603307e-01,1.366502e-01,4.882362e-02,1.572173e-02,8.317605e-03,5.314016e-02,8.630343e-02,6.115433e-03,4.883656e-03,6.576206e-03,8.935460e-02,1.438191e-03,6.632364e-02
2.837495e-01,6.152688e-02,1.392027e-01,1.108544e-01,4.175115e-02,1.681047e-02,7.484296e-03,1.243953e-01,7.179271e-02,5.171407e-03,4.791805e-03,6.209911e-03,6.782444e-02,1.584498e-03,5.685054e-02
2.528655e-01,4.971822e-02,1.087014e-01,8.495508e-02,3.390789e-02,1.564910e-02,6.260030e-03,2.630706e-01,7.160600e-02,4.904035e-03,4.512681e-03,6.079558e-03,5.158447e-02,1.632592e-03,4.455289e-02
2.590266e-01,3.612209e-02,8.380974e-02,6.498323e-02,2.519501e-02,1.558941e-02,4.995197e-03,3.563233e-01,5.975601e-02,3.811751e-03,4.189730e-03,8.517189e-03,4.258870e-02,1.741613e-03,3.335045e-02
2.560988e-01,3.736963e-02,6.879660e-02,6.921513e-02,2.277487e-02,1.471630e-02,4.132314e-03,3.754721e-01,4.535852e-02,4.516419e-03,7.767990e-03,2.449366e-02,3.553393e-02,2.557669e-03,3.119608e-02
1.968203e-01,3.674221e-02,5.276718e-02,1.084514e-01,2.080919e-02,1.492887e-02,4.821868e-03,3.168885e-01,5.412681e-02,6.334676e-03,2.518312e-02,8.747983e-02,3.986325e-02,6.872659e-03,2.791018e-02
1.435010e-01,2.622215e-02,3.775890e-02,1.239193e-01,1.514600e-02,1.172899e-02,3.583822e-03,2.295946e-01,4.070040e-02,9.142051e-03,1.462427e-01,9.742893e-02,8.680545e-02,7.558428e-03,2.066732e-02
1.097837e-01,1.851700e-02,2.689915e-02,9.335905e-02,1.127572e-02,8.884621e-03,2.687023e-03,1.635096e-01,3.175104e-02,9.365308e-03,2.189966e-01,1.258936e-01,1.555109e-01,8.419323e-03,1.514731e-02
1.550304e-01,1.336073e-02,1.902021e-02,7.078633e-02,9.119122e-03,7.172215e-03,2.347700e-03,1.182580e-01,4.564385e-02,1.425994e-02,2.115962e-01,1.468674e-01,1.628292e-01,1.208557e-02,1.162311e-02
2.010119e-01,1.051900e-02,1.356431e-02,6.307912e-02,1.140702e-02,8.488980e-03,1.993548e-03,8.475628e-02,5.893873e-02,1.892850e-02,1.720412e-01,1.290167e-01,2.028126e-01,1.332493e-02,1.011709e-02
1.567063e-01,9.158241e-03,9.954144e-03,4.690929e-02,1.217156e-02,8.216761e-03,2.137336e-03,6.083005e-02,1.168288e-01,2.035681e-02,1.372026e-01,1.428199e-01,2.536587e-01,1.180132e-02,1.124823e-02
1.465013e-01,8.414759e-03,7.433242e-03,3.575167e-02,9.749946e-03,9.770925e-03,1.982778e-03,4.363912e-02,1.154262e-01,2.314787e-02,1.078334e-01,2.426379e-01,2.231415e-01,1.344305e-02,1.112638e-02
1.227350e-01,7.050110e-03,5.302301e-03,2.698188e-02,7.811256e-03,8.506671e-03,1.769657e-03,3.079528e-02,1.111148e-01,2.396521e-02,1.004917e-01,3.387249e-01,1.916996e-01,1.303909e-02,1.001257e-02
1.139158e-01,5.341627e-03,4.316794e-03,2.623447e-02,1.526428e-02,1.172085e-02,2.199867e-03,2.265340e-02,1.013828e-01,2.312038e-02,1.102794e-01,3.830655e-01,1.592469e-01,1.288138e-02,8.376467e-03
8.830106e-02,6.204096e-03,3.372714e-03,1.888899e-02,2.130406e-02,9.282408e-03,1.634395e-03,1.623034e-02,1.490048e-01,1.746430e-02,9.812912e-02,3.951497e-01,1.583720e-01,1.005074e-02,6.611246e-03
7.240792e-02,5.283053e-03,2.515322e-03,1.375698e-02,2.813927e-02,8.720245e-03,1.492753e-03,1.218110e-02,1.607050e-01,1.360273e-02,8.871860e-02,4.563137e-01,1.227376e-01,8.174433e-03,5.251343e-03
5.434993e-02,5.680394e-03,2.044251e-03,9.913655e-03,2.685572e-02,7.488720e-03,1.280860e-03,9.406228e-03,1.867818e-01,1.155221e-02,6.910919e-02,5.059835e-01,9.955241e-02,6.113644e-03,3.887470e-03
4.091731e-02,5.125335e-03,1.670208e-03,7.008594e-03,3.796632e-02,6.711712e-03,2.161977e-03,7.696316e-03,3.377495e-01,8.868807e-03,5.185867e-02,4.110400e-01,7.395764e-02,4.447429e-03,2.820206e-03
3.356014e-02,5.823383e-03,1.341065e-03,5.025722e-03,3.218828e-02,5.262791e-03,2.199556e-03,7.147088e-03,3.566833e-01,7.645044e-03,4.114325e-02,4.401513e-01,5.632068e-02,3.414147e-03,2.094256e-03
3.210266e-02,6.828295e-03,1.244854e-03,3.775066e-03,3.302361e-02,4.512934e-03,3.249552e-03,1.095651e-02,4.150121e-01,6.557431e-03,3.176433e-02,4.055621e-01,4.134030e-02,2.510509e-03,1.559713e-03
5.130212e-02,9.206167e-03,2.915212e-03,4.243987e-03,5.715649e-02,7.142514e-03,4.457938e-03,2.182390e-02,3.555327e-01,8.967200e-03,2.438481e-02,4.171868e-01,3.202232e-02,2.256603e-03,1.401308e-03
8.705100e-02,1.438236e-02,4.879164e-03,3.975049e-03,8.249851e-02,1.947455e-02,8.726200e-03,2.624753e-02,3.218408e-01,1.236409e-02,1.931594e-02,3.712222e-01,2.449303e-02,2.063623e-03,1.465952e-03
8.718012e-02,1.530305e-02,8.378356e-03,3.670571e-03,1.718677e-01,3.995313e-02,1.294779e-02,2.671169e-02,2.963706e-01,1.257629e-02,1.513014e-02,2.868796e-01,1.960946e-02,2.052011e-03,1.369411e-03
8.648087e-02,1.332527e-02,9.202442e-03,3.267616e-03,1.349245e-01,3.481542e-02,9.781059e-03,2.184600e-02,2.358914e-01,1.702736e-02,1.381390e-02,3.943536e-01,2.108627e-02,2.173982e-03,2.010425e-03
7.174141e-02,1.180250e-02,2.669727e-02,5.676174e-03,1.187802e-01,3.258632e-02,7.799792e-03,2.173160e-02,2.079639e-01,1.770936e-02,1.339142e-02,4.375803e-01,2.161813e-02,2.097711e-03,2.823935e-03
7.788868e-02,1.294050e-02,4.826796e-02,1.028750e-02,1.075682e-01,3.005207e-02,6.649230e-03,4.713312e-02,1.767372e-01,2.195773e-02,1.426180e-02,4.201165e-01,2.082500e-02,2.640660e-03,2.673892e-03
8.299626e-02,2.566360e-02,4.657394e-02,8.690763e-03,1.607036e-01,2.473035e-02,8.587919e-03,4.448535e-02,1.989530e-01,2.328732e-02,1.401439e-02,3.373665e-01,1.666691e-02,3.862607e-03,3.417605e-03
9.985393e-02,2.587931e-02,5.662414e-02,9.989422e-03,2.241239e-01,2.967200e-02,1.171885e-02,3.762471e-02,1.752836e-01,3.847115e-02,1.572689e-02,2.512323e-01,1.383964e-02,5.981980e-03,3.978238e-03
1.406169e-01,2.859786e-02,5.466027e-02,4.420451e-02,2.396899e-01,3.022536e-02,1.824988e-02,3.937438e-02,1.390961e-01,3.560158e-02,1.568539e-02,1.901064e-01,1.260827e-02,5.784108e-03,5.499055e-03
2.220066e-01,2.721918e-02,4.506133e-02,5.707962e-02,2.163253e-01,2.647433e-02,1.573744e-02,3.149011e-02,1.128286e-01,4.738676e-02,2.220753e-02,1.456300e-01,1.065437e-02,7.337915e-03,1.256093e-02
2.111369e-01,3.087774e-02,3.480159e-02,1.616022e-01,2.156132e-01,2.176677e-02,1.441223e-02,3.353117e-02,8.746518e-02,3.969304e-02,1.778882e-02,1.073386e-01,8.139930e-03,5.562724e-03,1.026993e-02
2.668792e-01,2.555499e-02,2.647570e-02,1.405455e-01,1.813522e-01,2.189305e-02,1.405467e-02,2.788022e-02,8.189030e-02,4.090406e-02,3.680894e-02,1.098662e-01,7.700607e-03,5.154912e-03,1.303947e-02
2.979282e-01,2.386899e-02,2.195245e-02,1.572070e-01,1.755330e-01,2.645886e-02,1.393187e-02,2.556248e-02,7.613411e-02,3.298199e-02,2.995252e-02,9.348005e-02,8.974504e-03,4.006972e-03,1.202707e-02
3.416052e-01,2.190173e-02,2.064480e-02,1.989904e-01,1.401960e-01,2.614686e-02,1.213473e-02,2.544065e-02,5.941289e-02,2.498890e-02,2.485451e-02,8.023688e-02,9.540714e-03,3.218602e-03,1.068709e-02
4.360354e-01,2.289784e-02,1.975272e-02,1.591361e-01,1.128261e-01,2.648413e-02,1.056753e-02,2.025796e-02,5.359616e-02,2.055733e-02,2.168814e-02,7.324705e-02,9.961374e-03,2.958354e-03,1.003392e-02
1.000000e+00,0.000000e+00,0.000000e+00,0.000000e+00,0.000000e+00,0.000000e+00,0.000000e+00,0.000000e+00,0.000000e+00,0.000000e+00,0.000000e+00,0.000000e+00,0.000000e+00,0.000000e+00,0.000000e+00
4.425782e-01,2.415059e-02,1.131831e-02,2.533074e-01,7.345264e-02,2.504388e-02,6.972719e-03,1.294132e-02,3.146359e-02,1.156454e-02,2.813645e-02,4.724979e-02,2.124210e-02,2.090193e-03,8.488317e-03
3.318362e-01,2.214381e-02,9.158594e-03,2.763594e-01,5.565879e-02,1.876381e-02,4.927094e-03,9.151692e-03,2.323067e-02,9.435190e-03,3.662209e-02,1.590144e-01,3.566199e-02,1.479853e-03,6.556464e-03
2.366842e-01,1.602237e-02,6.635498e-03,2.174200e-01,3.958365e-02,1.466580e-02,3.736072e-03,6.446727e-03,1.713894e-02,7.491906e-03,3.452395e-02,3.283632e-01,6.529996e-02,1.117927e-03,4.869893e-03
1.676278e-01,1.143212e-02,4.769701e-03,1.587663e-01,2.835353e-02,1.160940e-02,2.673849e-03,4.535116e-03,1.243895e-02,5.557058e-03,3.341567e-02,4.874673e-01,6.691314e-02,8.389359e-04,3.601071e-03
1.231997e-01,8.154499e-03,3.640381e-03,1.136838e-01,2.118833e-02,2.848309e-02,2.437413e-03,3.463667e-03,1.150255e-02,4.409880e-03,2.778333e-02,5.458909e-01,1.026699e-01,7.415923e-04,2.750945e-03
8.681719e-02,5.740032e-03,2.775202e-03,8.052035e-02,1.618561e-02,5.495572e-02,1.818953e-03,2.737954e-03,9.805990e-03,3.638510e-03,2.443315e-02,6.111162e-01,9.652479e-02,8.481306e-04,2.082205e-03
6.107427e-02,4.266467e-03,2.164640e-03,5.750480e-02,1.228718e-02,5.003494e-02,1.564749e-03,2.141950e-03,1.974494e-02,3.977863e-03,2.130065e-02,6.638952e-01,9.774312e-02,7.210628e-04,1.578133e-03
4.316348e-02,3.060316e-03,1.686265e-03,4.039027e-02,9.350832e-03,4.693677e-02,2.760020e-03,2.218762e-03,2.171559e-02,3.548813e-03,1.598711e-02,7.348729e-01,7.260047e-02,5.456938e-04,1.162761e-03
3.080370e-02,2.194871e-03,1.430843e-03,2.834221e-02,7.821281e-03,3.853804e-02,4.272894e-03,2.817861e-03,1.993317e-02,3.245522e-03,1.217229e-02,7.933731e-01,5.377847e-02,4.115604e-04,8.642065e-04
2.269663e-02,1.753728e-03,1.332229e-03,2.000595e-02,6.620385e-03,3.961665e-02,3.456402e-03,2.963128e-03,1.786478e-02,3.473728e-03,9.000697e-03,8.220507e-01,4.810878e-02,3.406751e-04,7.155802e-04
1.650623e-02,1.293938e-03,1.189342e-03,1.405974e-02,5.574807e-03,4.186205e-02,4.717453e-03,3.824918e-03,1.488876e-02,3.342665e-03,6.572128e-03,8.446735e-01,4.061828e-02,2.661310e-04,6.100887e-04
1.186536e-02,9.987979e-04,1.183795e-03,1.029465e-02,4.182684e-03,2.740074e-01,3.640668e-03,2.790330e-03,1.138020e-02,2.680355e-03,5.447802e-03,6.326720e-01,3.801830e-02,2.728164e-04,5.649438e-04
9.644649e-03,1.104437e-03,1.499210e-03,7.621760e-03,4.291840e-03,2.416748e-01,4.062546e-03,3.376838e-03,1.185244e-02,2.288246e-03,9.306570e-03,6.438230e-01,5.836964e-02,3.925017e-04,6.915224e-04
8.604366e-03,1.258823e-03,1.438662e-03,5.560040e-03,4.193259e-03,1.757038e-01,4.093817e-03,3.466376e-03,1.250246e-02,1.915840e-03,1.037189e-02,7.016103e-01,6.825027e-02,4.108493e-04,6.192788e-04
7.672118e-03,1.247541e-03,1.340609e-03,3.971004e-03,6.254248e-03,1.250673e-01,8.639671e-03,4.775137e-03,1.930559e-02,1.522394e-03,7.929596e-03,7.540062e-01,5.736622e-02,3.147114e-04,5.876560e-04
6.735986e-03,1.250884e-03,1.281087e-03,2.845032e-03,6.641780e-03,9.117483e-02,8.337526e-03,4.491249e-03,1.996702e-02,1.176905e-03,5.971144e-03,7.926902e-01,5.671855e-02,2.399423e-04,4.778791e-04
8.204468e-03,5.118303e-03,1.179163e-02,9.472690e-03,2.223805e-02,8.669329e-02,8.487888e-03,1.277969e-02,3.304310e-02,1.634444e-03,5.751331e-03,7.255678e-01,6.684737e-02,1.052836e-03,1.317109e-03
1.349301e-02,1.796441e-02,1.233699e-02,7.654172e-03,2.346270e-02,7.544626e-02,6.965603e-03,1.569776e-02,5.875212e-02,1.698515e-03,8.119778e-03,6.725383e-01,7.910213e-02,4.072923e-03,2.695346e-03
1.894422e-02,3.230235e-02,1.274064e-02,6.215746e-03,2.706749e-02,6.924914e-02,6.935924e-03,2.298243e-02,1.128502e-01,1.617740e-03,1.018368e-02,5.981680e-01,7.217311e-02,4.496364e-03,4.073038e-03
1.678654e-02,6.120863e-02,6.464291e-02,5.407483e-02,2.836601e-02,7.725647e-02,8.133672e-03,2.546826e-02,1.332134e-01,3.825418e-03,9.161028e-03,4.485295e-01,5.718182e-02,3.285385e-03,8.866169e-03
2.623553e-02,7.203953e-02,1.146484e-01,7.225752e-02,2.346175e-02,7.579851e-02,9.858659e-03,2.389706e-02,1.142773e-01,5.794507e-03,8.598320e-03,3.494750e-01,5.772700e-02,2.577912e-03,4.335299e-02
3.430716e-02,1.481066e-01,1.059121e-01,5.953378e-02,1.919456e-02,9.257409e-02,1.017571e-02,2.267137e-02,1.338722e-01,5.810167e-03,8.341367e-03,2.623738e-01,5.120764e-02,2.410072e-03,4.350952e-02
3.551758e-02,1.466995e-01,1.846613e-01,6.889673e-02,1.858502e-02,9.187955e-02,1.026540e-02,3.791143e-02,1.151735e-01,1.119975e-02,6.546042e-03,1.861009e-01,4.530458e-02,2.178260e-03,3.908046e-02
3.343305e-02,1.112524e-01,3.406778e-01,6.342340e-02,1.628135e-02,8.355138e-02,9.693202e-03,3.462590e-02,9.220094e-02,1.013171e-02,4.919408e-03,1.341357e-01,3.379459e-02,1.909999e-03,2.996920e-02
3.767884e-02,1.000762e-01,3.914703e-01,4.707194e-02,3.000531e-02,7.903375e-02,1.458621e-02,2.666297e-02,1.109698e-01,8.079926e-03,3.986108e-03,9.455027e-02,2.962021e-02,2.077920e-03,2.413021e-02
5.128881e-02,8.906946e-02,3.640027e-01,3.782453e-02,5.000281e-02,1.057472e-01,2.547947e-02,2.686031e-02,1.198830e-01,6.647453e-03,3.440138e-03,6.826559e-02,2.987413e-02,2.371470e-03,1.924285e-02
6.337003e-02,1.112018e-01,2.907006e-01,4.022316e-02,7.132136e-02,1.056875e-01,2.986678e-02,2.769169e-02,1.463879e-01,6.193517e-03,2.763234e-03,4.808719e-02,3.673030e-02,2.038444e-03,1.773653e-02
8.000728e-02,1.307208e-01,2.329352e-01,3.513230e-02,8.276533e-02,1.054711e-01,2.885591e-02,2.448314e-02,1.700486e-01,5.060466e-03,2.218896e-03,3.432696e-02,5.077489e-02,1.734759e-03,1.546426e-02
8.494621e-02,1.522996e-01,1.801318e-01,7.103259e-02,6.481161e-02,9.590468e-02,2.280442e-02,2.410607e-02,1.598530e-01,5.522287e-03,1.997814e-03,2.489584e-02,8.984955e-02,1.290782e-03,2.055378e-02
9.452967e-02,1.902234e-01,1.436993e-01,5.901486e-02,7.888983e-02,1.031700e-01,2.060465e-02,2.553991e-02,1.582856e-01,4.164541e-03,2.123929e-03,1.825686e-02,8.189985e-02,1.168174e-03,1.842941e-02
1.042476e-01,2.277397e-01,1.093230e-01,5.737270e-02,6.740096e-02,1.070007e-01,1.645186e-02,4.274026e-02,1.485863e-01,3.716958e-03,2.197035e-03,1.424294e-02,7.275314e-02,1.227215e-03,2.499963e-02
9.571460e-02,2.192313e-01,1.559825e-01,8.288148e-02,7.063834e-02,8.529584e-02,1.355901e-02,3.646923e-02,1.164783e-01,7.100018e-03,4.178538e-03,1.282323e-02,5.460748e-02,1.548058e-03,4.349219e-02
1.041705e-01,2.523375e-01,1.386894e-01,6.786261e-02,6.510477e-02,6.609591e-02,1.088533e-02,3.591886e-02,1.173297e-01,8.905674e-03,4.692001e-03,1.034384e-02,3.978509e-02,2.150325e-03,7.572841e-02
1.249777e-01,2.501104e-01,1.072769e-01,5.330113e-02,5.798040e-02,5.889675e-02,8.960912e-03,3.166218e-02,1.178545e-01,8.244914e-03,4.970388e-03,8.840607e-03,3.114622e-02,3.223307e-03,1.325537e-01
9.057578e-02,2.233328e-01,9.505077e-02,4.798339e-02,4.283629e-02,4.437103e-02,6.643381e-03,2.261949e-02,9.045324e-02,2.440715e-02,9.566016e-03,1.023005e-02,2.728298e-02,5.379383e-03,2.592683e-01
7.788367e-02,2.294321e-01,8.081713e-02,6.583390e-02,3.478862e-02,3.569581e-02,5.620988e-03,1.814189e-02,8.535637e-02,2.579099e-02,9.326994e-03,1.113063e-02,2.297026e-02,5.097384e-03,2.921133e-01
5.614221e-02,1.760336e-01,5.758357e-02,4.951700e-02,2.460385e-02,2.612971e-02,4.227767e-03,1.288910e-02,6.668620e-02,2.274955e-02,7.202512e-03,8.117351e-03,1.183122e-01,4.057683e-03,3.657476e-01
4.009956e-02,1.811992e-01,4.567940e-02,5.738644e-02,1.730240e-02,1.845606e-02,2.991485e-03,9.080913e-03,1.104150e-01,1.879554e-02,6.234807e-03,6.787548e-03,8.505756e-02,5.504972e-03,3.950091e-01
3.336580e-02,1.420979e-01,3.468641e-02,5.054509e-02,1.252337e-02,1.389466e-02,2.227907e-03,6.583611e-03,9.732638e-02,1.566699e-02,8.859371e-03,5.546863e-03,6.623854e-02,1.347834e-02,4.969588e-01
2.557620e-02,2.370353e-01,2.890231e-02,4.597715e-02,8.876850e-03,1.008876e-02,1.633419e-03,4.682216e-03,8.962220e-02,1.314105e-02,9.885492e-03,5.664813e-03,5.439347e-02,1.759468e-02,4.469261e-01
3.052888e-02,2.435645e-01,2.102412e-02,3.952083e-02,6.538128e-03,7.609925e-03,1.278747e-03,3.532660e-03,1.129995e-01,1.003864e-02,2.659211e-02,1.116719e-02,7.684885e-02,1.746700e-02,3.912889e-01
3.445544e-02,1.813307e-01,1.588130e-02,3.395545e-02,6.183581e-03,6.930883e-03,1.372957e-03,5.167076e-03,1.157993e-01,7.235645e-03,3.542009e-02,2.061839e-02,1.856034e-01,1.593299e-02,3.341128e-01
3.644104e-02,1.393179e-01,1.446598e-02,2.579975e-02,9.132861e-03,7.370865e-03,1.859832e-03,4.811716e-03,9.602039e-02,5.213890e-03,2.699574e-02,2.406072e-02,2.866995e-01,1.304266e-02,3.087672e-01
4.075570e-02,1.045047e-01,1.233339e-02,1.863741e-02,8.902919e-03,7.010122e-03,2.219967e-03,4.319404e-03,7.236686e-02,4.079010e-03,2.072052e-02,3.755638e-02,4.191960e-01,1.123621e-02,2.361614e-01
3.202043e-02,7.502980e-02,1.421327e-02,1.329081e-02,9.161258e-03,6.204342e-03,2.056474e-03,4.184852e-03,5.651051e-02,3.396329e-03,1.899327e-02,4.140880e-02,5.305073e-01,9.702564e-03,1.833200e-01
2.333809e-02,5.380734e-02,1.686353e-02,9.351600e-03,1.226377e-02,4.929354e-03,2.135654e-03,3.138828e-03,4.127334e-02,2.796135e-03,2.020920e-02,4.173389e-02,5.811858e-01,7.093281e-03,1.798801e-01
2.188520e-02,4.365565e-02,1.638475e-02,7.151159e-03,1.428822e-02,8.168279e-03,2.208447e-03,3.080935e-03,3.171561e-02,4.899358e-03,1.841076e-02,4.626556e-02,6.257735e-01,7.690991e-03,1.484216e-01
1.695458e-02,3.164515e-02,1.220122e-02,5.470022e-03,1.151266e-02,9.108068e-03,2.001784e-03,2.291552e-03,2.356409e-02,9.593455e-03,1.811830e-02,6.431740e-02,6.766619e-01,6.861384e-03,1.096984e-01
2.385077e-02,2.329073e-02,1.087371e-02,4.529629e-03,1.160565e-02,8.017680e-03,1.856857e-03,1.902969e-03,1.973082e-02,1.272080e-02,2.203085e-02,6.722508e-02,7.008699e-01,6.559826e-03,8.493473e-02
1.996217e-02,1.692747e-02,2.633125e-02,4.215454e-03,1.263662e-02,6.284581e-03,2.030364e-03,2.275330e-02,1.967124e-02,3.670395e-02,3.588634e-02,5.785576e-02,6.441694e-01,5.786921e-03,8.878514e-02
1.706067e-02,1.231609e-02,4.935860e-02,4.513513e-03,1.415175e-02,4.992282e-03,5.864615e-03,3.631467e-02,1.855339e-02,4.964241e-02,3.695342e-02,5.127811e-02,5.789629e-01,5.488602e-03,1.145491e-01
3.367250e-02,1.291418e-02,6.396151e-02,9.535978e-03,2.019455e-02,1.141179e-02,5.938572e-03,3.443928e-02,2.665002e-02,1.208832e-01,3.429081e-02,4.273373e-02,4.887287e-01,5.820613e-03,8.882463e-02
3.259448e-02,9.716663e-03,5.890520e-02,9.107081e-03,2.095275e-02,8.646792e-03,5.783458e-03,9.104256e-02,3.319303e-02,1.314502e-01,4.435605e-02,4.026424e-02,4.080056e-01,5.016182e-03,1.009657e-01
2.549504e-02,7.048207e-03,4.967161e-02,7.575423e-03,1.667452e-02,6.886899e-03,4.604528e-03,2.300376e-01,2.638917e-02,1.090322e-01,5.685906e-02,3.535685e-02,3.386665e-01,4.283279e-03,8.141920e-02
3.544924e-02,5.927353e-03,4.585075e-02,8.916580e-03,2.245114e-02,2.155969e-02,4.626685e-03,1.842296e-01,2.752388e-02,1.119366e-01,5.330756e-02,2.817803e-02,2.978744e-01,3.903885e-03,1.482646e-01
4.769744e-02,4.729216e-03,5.177162e-02,1.151560e-02,3.678696e-02,2.205498e-02,7.096983e-03,2.110859e-01,2.626756e-02,9.951469e-02,4.383675e-02,2.145188e-02,2.274477e-01,3.238355e-03,1.855043e-01
9.072741e-02,7.896116e-03,5.384637e-02,1.477584e-02,8.126701e-02,2.262521e-02,8.627319e-03,1.850209e-01,3.330375e-02,8.004104e-02,4.111588e-02,1.996927e-02,1.819182e-01,3.107531e-03,1.757582e-01
1.067760e-01,9.489924e-03,5.968780e-02,1.643110e-02,8.551137e-02,2.001238e-02,7.613795e-03,1.884541e-01,2.927802e-02,6.916137e-02,3.110781e-02,1.787266e-02,1.384906e-01,3.145037e-03,2.169680e-01
1.146894e-01,1.211046e-02,6.221550e-02,1.412029e-02,9.816226e-02,1.523996e-02,8.931351e-03,1.507930e-01,3.244364e-02,7.148367e-02,2.361267e-02,1.465221e-02,1.119344e-01,3.092522e-03,2.665187e-01
1.155197e-01,1.285913e-02,5.792654e-02,2.368307e-02,9.947018e-02,1.278551e-02,9.885643e-03,1.447468e-01,2.812512e-02,5.746274e-02,1.817880e-02,1.294707e-02,8.130075e-02,3.384863e-03,3.217240e-01
1.256378e-01,1.315461e-02,4.797637e-02,2.246390e-02,1.044955e-01,1.117888e-02,1.037989e-02,1.290130e-01,3.483652e-02,5.233242e-02,1.401346e-02,1.407356e-02,6.031772e-02,5.373242e-03,3.547531e-01
1.483640e-01,1.945955e-02,3.750285e-02,1.799641e-02,1.001463e-01,2.117183e-02,1.553002e-02,1.025278e-01,4.781668e-02,5.370659e-02,1.171165e-02,3.051571e-02,6.080803e-02,8.903519e-03,3.238391e-01
1.537323e-01,2.641544e-02,3.458303e-02,1.655519e-02,1.012249e-01,2.483668e-02,1.552971e-02,9.116775e-02,7.066520e-02,7.130854e-02,9.892612e-03,5.115595e-02,4.914714e-02,1.200365e-02,2.717819e-01
1.744799e-01,2.453163e-02,3.518905e-02,3.921567e-02,8.510747e-02,2.408477e-02,2.113355e-02,1.210510e-01,6.344829e-02,7.359255e-02,9.317808e-03,7.793528e-02,3.661483e-02,1.106819e-02,2.032300e-01
1.601343e-01,2.229170e-02,3.244366e-02,2.998325e-02,7.097045e-02,2.934407e-02,1.786608e-02,1.713510e-01,5.624450e-02,5.550119e-02,8.126646e-03,1.587829e-01,3.122213e-02,1.073873e-02,1.449994e-01
1.362619e-01,2.002519e-02,3.469416e-02,2.346671e-02,7.258107e-02,2.744787e-02,1.617778e-02,1.603028e-01,4.763690e-02,4.453712e-02,6.453611e-03,2.679248e-01,2.955314e-02,9.472173e-03,1.034647e-01
1.519621e-01,2.601164e-02,3.107139e-02,2.032175e-02,9.678863e-02,2.805819e-02,1.379560e-02,1.495758e-01,4.673678e-02,4.175173e-02,5.508947e-03,2.490456e-01,5.052298e-02,8.600265e-03,8.024857e-02
1.595444e-01,2.128486e-02,3.156394e-02,2.185941e-02,7.931846e-02,2.632848e-02,1.049560e-02,2.752877e-01,3.549168e-02,3.327545e-02,4.554796e-03,1.836438e-01,4.805178e-02,6.995378e-03,6.230428e-02
1.765470e-01,1.610049e-02,4.415159e-02,2.632654e-02,6.474266e-02,2.229022e-02,7.920546e-03,3.659458e-01,2.653285e-02,2.474791e-02,3.980098e-03,1.324475e-01,3.719538e-02,5.530679e-03,4.554084e-02
2.001981e-01,1.306234e-02,4.008162e-02,2.753621e-02,6.313536e-02,1.981616e-02,6.031600e-03,4.066274e-01,2.273303e-02,2.634140e-02,4.152209e-03,9.576133e-02,2.990318e-02,4.507308e-03,4.011275e-02
2.358167e-01,1.398110e-02,3.852719e-02,4.014787e-02,5.946698e-02,1.971519e-02,5.797279e-03,3.918197e-01,2.107773e-02,2.299197e-02,5.128503e-03,7.576203e-02,2.502357e-02,4.402107e-03,4.034205e-02
2.881173e-01,1.640069e-02,3.937570e-02,3.380400e-02,4.867813e-02,1.697405e-02,4.669744e-03,3.703828e-01,2.688004e-02,1.852827e-02,6.095541e-03,6.229934e-02,2.294308e-02,5.541948e-03,3.930940e-02
3.291426e-01,1.626593e-02,4.147808e-02,3.333895e-02,4.123344e-02,1.389597e-02,3.770404e-03,3.412585e-01,2.997642e-02,1.494033e-02,9.392022e-03,5.096052e-02,1.905799e-02,7.279822e-03,4.800905e-02
2.861991e-01,3.247626e-02,5.255510e-02,1.628988e-01,3.435089e-02,1.175497e-02,3.117095e-03,2.462454e-01,4.205735e-02,1.215906e-02,9.675341e-03,4.057337e-02,1.570346e-02,6.378077e-03,4.385576e-02
2.492851e-01,3.052550e-02,1.169188e-01,2.305622e-01,2.605855e-02,1.039291e-02,2.482183e-03,1.764390e-01,3.631706e-02,1.022469e-02,1.189109e-02,3.604672e-02,1.384609e-02,6.402773e-03,4.260733e-02
3.082778e-01,2.702803e-02,1.065219e-01,2.163199e-01,2.190059e-02,1.120695e-02,2.142736e-03,1.308220e-01,3.641509e-02,9.255221e-03,1.759614e-02,3.374252e-02,1.611423e-02,8.849373e-03,5.380753e-02
4.258056e-01,2.531445e-02,8.879240e-02,1.717225e-01,1.874967e-02,1.015395e-02,2.419729e-03,1.037286e-01,2.815181e-02,7.415148e-03,1.588255e-02,3.146906e-02,1.725513e-02,8.463938e-03,4.467542e-02
3.387892e-01,6.279217e-02,7.953072e-02,2.270989e-01,1.460976e-02,9.702577e-03,2.189752e-03,7.495959e-02,2.728936e-02,7.954990e-03,1.435085e-02,2.641151e-02,1.524140e-02,8.920643e-03,9.015851e-02
3.443782e-01,5.968574e-02,8.375522e-02,2.513925e-01,1.471152e-02,1.126212e-02,2.244921e-03,5.835720e-02,2.180813e-02,7.062815e-03,1.544190e-02,2.693095e-02,1.453427e-02,8.167122e-03,8.026736e-02
4.366331e-01,5.703939e-02,6.391032e-02,1.991664e-01,1.256067e-02,1.196879e-02,2.663617e-03,4.359275e-02,1.757060e-02,7.055130e-03,1.404450e-02,2.870713e-02,1.544817e-02,9.452549e-03,8.018690e-02
1.000000e+00,0.000000e+00,0.000000e+00,0.000000e+00,0.000000e+00,0.000000e+00,0.000000e+00,0.000000e+00,0.000000e+00,0.000000e+00,0.000000e+00,0.000000e+00,0.000000e+00,0.000000e+00,0.000000e+00
