1.000000e+00,0.000000e+00,0.000000e+00,0.000000e+00,0.000000e+00,0.000000e+00,0.000000e+00,0.000000e+00,0.000000e+00,0.000000e+00,0.000000e+00,0.000000e+00,0.000000e+00,0.000000e+00,0.000000e+00
1.000000e+00,0.000000e+00,0.000000e+00,0.000000e+00,0.000000e+00,0.000000e+00,0.000000e+00,0.000000e+00,0.000000e+00,0.000000e+00,0.000000e+00,0.000000e+00,0.000000e+00,0.000000e+00,0.000000e+00
1.000000e+00,0.000000e+00,0.000000e+00,0.000000e+00,0.000000e+00,0.000000e+00,0.000000e+00,0.000000e+00,0.000000e+00,0.000000e+00,0.000000e+00,0.000000e+00,0.000000e+00,0.000000e+00,0.000000e+00
1.000000e+00,0.000000e+00,0.000000e+00,0.000000e+00,0.000000e+00,0.000000e+00,0.000000e+00,0.000000e+00,0.000000e+00,0.000000e+00,0.000000e+00,0.000000e+00,0.000000e+00,0.000000e+00,0.000000e+00
1.000000e+00,0.000000e+00,0.000000e+00,0.000000e+00,0.000000e+00,0.000000e+00,0.000000e+00,0.000000e+00,0.000000e+00,0.000000e+00,0.000000e+00,0.000000e+00,0.000000e+00,0.000000e+00,0.000000e+00
1.000000e+00,0.000000e+00,0.000000e+00,0.000000e+00,0.000000e+00,0.000000e+00,0.000000e+00,0.000000e+00,0.000000e+00,0.000000e+00,0.000000e+00,0.000000e+00,0.000000e+00,0.000000e+00,0.000000e+00
1.000000e+00,0.000000e+00,0.000000e+00,0.000000e+00,0.000000e+00,0.000000e+00,0.000000e+00,0.000000e+00,0.000000e+00,0.000000e+00,0.000000e+00,0.000000e+00,0.000000e+00,0.000000e+00,0.000000e+00
1.000000e+00,0.000000e+00,0.000000e+00,0.000000e+00,0.000000e+00,0.000000e+00,0.000000e+00,0.000000e+00,0.000000e+00,0.000000e+00,0.000000e+00,0.000000e+00,0.000000e+00,0.000000e+00,0.000000e+00
1.000000e+00,0.000000e+00,0.000000e+00,0.000000e+00,0.000000e+00,0.000000e+00,0.000000e+00,0.000000e+00,0.000000e+00,0.000000e+00,0.000000e+00,0.000000e+00,0.000000e+00,0.000000e+00,0.000000e+00
1.000000e+00,0.000000e+00,0.000000e+00,0.000000e+00,0.000000e+00,0.000000e+00,0.000000e+00,0.000000e+00,0.000000e+00,0.000000e+00,0.000000e+00,0.000000e+00,0.000000e+00,0.000000e+00,0.000000e+00
1.000000e+00,0.000000e+00,0.000000e+00,0.000000e+00,0.000000e+00,0.000000e+00,0.000000e+00,0.000000e+00,0.000000e+00,0.000000e+00,0.000000e+00,0.000000e+00,0.000000e+00,0.000000e+00,0.000000e+00
1.000000e+00,0.000000e+00,0.000000e+00,0.000000e+00,0.000000e+00,0.000000e+00,0.000000e+00,0.000000e+00,0.000000e+00,0.000000e+00,0.000000e+00,0.000000e+00,0.000000e+00,0.000000e+00,0.000000e+00
1.000000e+00,0.000000e+00,0.000000e+00,0.000000e+00,0.000000e+00,0.000000e+00,0.000000e+00,0.000000e+00,0.000000e+00,0.000000e+00,0.000000e+00,0.000000e+00,0.000000e+00,0.000000e+00,0.000000e+00
1.000000e+00,0.000000e+00,0.000000e+00,0.000000e+00,0.000000e+00,0.000000e+00,0.000000e+00,0.000000e+00,0.000000e+00,0.000000e+00,0.000000e+00,0.000000e+00,0.000000e+00,0.000000e+00,0.000000e+00
1.000000e+00,0.000000e+00,0.000000e+00,0.000000e+00,0.000000e+00,0.000000e+00,0.000000e+00,0.000000e+00,0.000000e+00,0.000000e+00,0.000000e+00,0.000000e+00,0.000000e+00,0.000000e+00,0.000000e+00
1.000000e+00,0.000000e+00,0.000000e+00,0.000000e+00,0.000000e+00,0.000000e+00,0.000000e+00,0.000000e+00,0.000000e+00,0.000000e+00,0.000000e+00,0.000000e+00,0.000000e+00,0.000000e+00,0.000000e+00
1.000000e+00,0.000000e+00,0.000000e+00,0.000000e+00,0.000000e+00,0.000000e+00,0.000000e+00,0.000000e+00,0.000000e+00,0.000000e+00,0.000000e+00,0.000000e+00,0.000000e+00,0.000000e+00,0.000000e+00
1.000000e+00,0.000000e+00,0.000000e+00,0.000000e+00,0.000000e+00,0.000000e+00,0.000000e+00,0.000000e+00,0.000000e+00,0.000000e+00,0.000000e+00,0.000000e+00,0.000000e+00,0.000000e+00,0.000000e+00
1.000000e+00,0.000000e+00,0.000000e+00,0.000000e+00,0.000000e+00,0.000000e+00,0.000000e+00,0.000000e+00,0.000000e+00,0.000000e+00,0.000000e+00,0.000000e+00,0.000000e+00,0.000000e+00,0.000000e+00
1.000000e+00,0.000000e+00,0.000000e+00,0.000000e+00,0.000000e+00,0.000000e+00,0.000000e+00,0.000000e+00,0.000000e+00,0.000000e+00,0.000000e+00,0.000000e+00,0.000000e+00,0.000000e+00,0.000000e+00
1.000000e+00,0.000000e+00,0.000000e+00,0.000000e+00,0.000000e+00,0.000000e+00,0.000000e+00,0.000000e+00,0.000000e+00,0.000000e+00,0.000000e+00,0.000000e+00,0.000000e+00,0.000000e+00,0.000000e+00
1.000000e+00,0.000000e+00,0.000000e+00,0.000000e+00,0.000000e+00,0.000000e+00,0.000000e+00,0.000000e+00,0.000000e+00,0.000000e+00,0.000000e+00,0.000000e+00,0.000000e+00,0.000000e+00,0.000000e+00
1.000000e+00,0.000000e+00,0.000000e+00,0.000000e+00,0.000000e+00,0.000000e+00,0.000000e+00,0.000000e+00,0.000000e+00,0.000000e+00,0.000000e+00,0.000000e+00,0.000000e+00,0.000000e+00,0.000000e+00
1.000000e+00,0.000000e+00,0.000000e+00,0.000000e+00,0.000000e+00,0.000000e+00,0.000000e+00,0.000000e+00,0.000000e+00,0.000000e+00,0.000000e+00,0.000000e+00,0.000000e+00,0.000000e+00,0.000000e+00
1.000000e+00,0.000000e+00,0.000000e+00,0.000000e+00,0.000000e+00,0.000000e+00,0.000000e+00,0.000000e+00,0.000000e+00,0.000000e+00,0.000000e+00,0.000000e+00,0.000000e+00,0.000000e+00,0.000000e+00
1.000000e+00,0.000000e+00,0.000000e+00,0.000000e+00,0.000000e+00,0.000000e+00,0.000000e+00,0.000000e+00,0.000000e+00,0.000000e+00,0.000000e+00,0.000000e+00,0.000000e+00,0.000000e+00,0.000000e+00
1.000000e+00,0.000000e+00,0.000000e+00,0.000000e+00,0.000000e+00,0.000000e+00,0.000000e+00,0.000000e+00,0.000000e+00,0.000000e+00,0.000000e+00,0.000000e+00,0.000000e+00,0.000000e+00,0.000000e+00
1.000000e+00,0.000000e+00,0.000000e+00,0.000000e+00,0.000000e+00,0.000000e+00,0.000000e+00,0.000000e+00,0.000000e+00,0.000000e+00,0.000000e+00,0.000000e+00,0.000000e+00,0.000000e+00,0.000000e+00
1.000000e+00,0.000000e+00,0.000000e+00,0.000000e+00,0.000000e+00,0.000000e+00,0.000000e+00,0.000000e+00,0.000000e+00,0.000000e+00,0.000000e+00,0.000000e+00,0.000000e+00,0.000000e+00,0.000000e+00
1.000000e+00,0.000000e+00,0.000000e+00,0.000000e+00,0.000000e+00,0.000000e+00,0.000000e+00,0.000000e+00,0.000000e+00,0.000000e+00,0.000000e+00,0.000000e+00,0.000000e+00,0.000000e+00,0.000000e+00
1.000000e+00,0.000000e+00,0.000000e+00,0.000000e+00,0.000000e+00,0.000000e+00,0.000000e+00,0.000000e+00,0.000000e+00,0.000000e+00,0.000000e+00,0.000000e+00,0.000000e+00,0.000000e+00,0.000000e+00
1.000000e+00,0.000000e+00,0.000000e+00,0.000000e+00,0.000000e+00,0.000000e+00,0.000000e+00,0.000000e+00,0.000000e+00,0.000000e+00,0.000000e+00,0.000000e+00,0.000000e+00,0.000000e+00,0.000000e+00
1.000000e+00,0.000000e+00,0.000000e+00,0.000000e+00,0.000000e+00,0.000000e+00,0.000000e+00,0.000000e+00,0.000000e+00,0.000000e+00,0.000000e+00,0.000000e+00,0.000000e+00,0.000000e+00,0.000000e+00
1.000000e+00,0.000000e+00,0.000000e+00,0.000000e+00,0.000000e+00,0.000000e+00,0.000000e+00,0.000000e+00,0.000000e+00,0.000000e+00,0.000000e+00,0.000000e+00,0.000000e+00,0.000000e+00,0.000000e+00
1.000000e+00,0.000000e+00,0.000000e+00,0.000000e+00,0.000000e+00,0.000000e+00,0.000000e+00,0.000000e+00,0.000000e+00,0.000000e+00,0.000000e+00,0.000000e+00,0.000000e+00,0.000000e+00,0.000000e+00
1.000000e+00,0.000000e+00,0.000000e+00,0.000000e+00,0.000000e+00,0.000000e+00,0.000000e+00,0.000000e+00,0.000000e+00,0.000000e+00,0.000000e+00,0.000000e+00,0.000000e+00,0.000000e+00,0.000000e+00
1.000000e+00,0.000000e+00,0.000000e+00,0.000000e+00,0.000000e+00,0.000000e+00,0.000000e+00,0.000000e+00,0.000000e+00,0.000000e+00,0.000000e+00,0.000000e+00,0.000000e+00,0.000000e+00,0.000000e+00
1.000000e+00,0.000000e+00,0.000000e+00,0.000000e+00,0.000000e+00,0.000000e+00,0.000000e+00,0.000000e+00,0.000000e+00,0.000000e+00,0.000000e+00,0.000000e+00,0.000000e+00,0.000000e+00,0.000000e+00
1.000000e+00,0.000000e+00,0.000000e+00,0.000000e+00,0.000000e+00,0.000000e+00,0.000000e+00,0.000000e+00,0.000000e+00,0.000000e+00,0.000000e+00,0.000000e+00,0.000000e+00,0.000000e+00,0.000000e+00
1.000000e+00,0.000000e+00,0.000000e+00,0.000000e+00,0.000000e+00,0.000000e+00,0.000000e+00,0.000000e+00,0.000000e+00,0.000000e+00,0.000000e+00,0.000000e+00,0.000000e+00,0.000000e+00,0.000000e+00
1.000000e+00,0.000000e+00,0.000000e+00,0.000000e+00,0.000000e+00,0.000000e+00,0.000000e+00,0.000000e+00,0.000000e+00,0.000000e+00,0.000000e+00,0.000000e+00,0.000000e+00,0.000000e+00,0.000000e+00
1.000000e+00,0.000000e+00,0.000000e+00,0.000000e+00,0.000000e+00,0.000000e+00,0.000000e+00,0.000000e+00,0.000000e+00,0.000000e+00,0.000000e+00,0.000000e+00,0.000000e+00,0.000000e+00,0.000000e+00
1.000000e+00,0.000000e+00,0.000000e+00,0.000000e+00,0.000000e+00,0.000000e+00,0.000000e+00,0.000000e+00,0.000000e+00,0.000000e+00,0.000000e+00,0.000000e+00,0.000000e+00,0.000000e+00,0.000000e+00
1.000000e+00,0.000000e+00,0.000000e+00,0.000000e+00,0.000000e+00,0.000000e+00,0.000000e+00,0.000000e+00,0.000000e+00,0.000000e+00,0.000000e+00,0.000000e+00,0.000000e+00,0.000000e+00,0.000000e+00
1.000000e+00,0.000000e+00,0.000000e+00,0.000000e+00,0.000000e+00,0.000000e+00,0.000000e+00,0.000000e+00,0.000000e+00,0.000000e+00,0.000000e+00,0.000000e+00,0.000000e+00,0.000000e+00,0.000000e+00
1.000000e+00,0.000000e+00,0.000000e+00,0.000000e+00,0.000000e+00,0.000000e+00,0.000000e+00,0.000000e+00,0.000000e+00,0.000000e+00,0.000000e+00,0.000000e+00,0.000000e+00,0.000000e+00,0.000000e+00
1.000000e+00,0.000000e+00,0.000000e+00,0.000000e+00,0.000000e+00,0.000000e+00,0.000000e+00,0.000000e+00,0.000000e+00,0.000000e+00,0.000000e+00,0.000000e+00,0.000000e+00,0.000000e+00,0.000000e+00
1.000000e+00,0.000000e+00,0.000000e+00,0.000000e+00,0.000000e+00,0.000000e+00,0.000000e+00,0.000000e+00,0.000000e+00,0.000000e+00,0.000000e+00,0.000000e+00,0.000000e+00,0.000000e+00,0.000000e+00
1.000000e+00,0.000000e+00,0.000000e+00,0.000000e+00,0.000000e+00,0.000000e+00,0.000000e+00,0.000000e+00,0.000000e+00,0.000000e+00,0.000000e+00,0.000000e+00,0.000000e+00,0.000000e+00,0.000000e+00
1.000000e+00,0.000000e+00,0.000000e+00,0.000000e+00,0.000000e+00,0.000000e+00,0.000000e+00,0.000000e+00,0.000000e+00,0.000000e+00,0.000000e+00,0.000000e+00,0.000000e+00,0.000000e+00,0.000000e+00
1.000000e+00,0.000000e+00,0.000000e+00,0.000000e+00,0.000000e+00,0.000000e+00,0.000000e+00,0.000000e+00,0.000000e+00,0.000000e+00,0.000000e+00,0.000000e+00,0.000000e+00,0.000000e+00,0.000000e+00
1.000000e+00,0.000000e+00,0.000000e+00,0.000000e+00,0.000000e+00,0.000000e+00,0.000000e+00,0.000000e+00,0.000000e+00,0.000000e+00,0.000000e+00,0.000000e+00,0.000000e+00,0.000000e+00,0.000000e+00
1.000000e+00,0.000000e+00,0.000000e+00,0.000000e+00,0.000000e+00,0.000000e+00,0.000000e+00,0.000000e+00,0.000000e+00,0.000000e+00,0.000000e+00,0.000000e+00,0.000000e+00,0.000000e+00,0.000000e+00
1.000000e+00,0.000000e+00,0.000000e+00,0.000000e+00,0.000000e+00,0.000000e+00,0.000000e+00,0.000000e+00,0.000000e+00,0.000000e+00,0.000000e+00,0.000000e+00,0.000000e+00,0.000000e+00,0.000000e+00
1.000000e+00,0.000000e+00,0.000000e+00,0.000000e+00,0.000000e+00,0.000000e+00,0.000000e+00,0.000000e+00,0.000000e+00,0.000000e+00,0.000000e+00,0.000000e+00,0.000000e+00,0.000000e+00,0.000000e+00
4.441813e-01,1.930854e-02,1.585089e-01,4.774815e-02,4.798627e-02,5.869243e-02,1.045954e-01,5.838480e-02,4.611929e-03,2.699347e-03,7.863762e-03,1.731204e-02,1.328036e-02,3.029203e-03,1.179754e-02
3.451274e-01,1.512409e-02,1.730650e-01,4.376061e-02,4.401410e-02,5.914805e-02,1.026741e-01,1.697678e-01,3.577947e-03,2.364669e-03,6.377111e-03,1.331701e-02,1.021413e-02,2.825481e-03,8.642431e-03
2.518261e-01,1.089456e-02,1.322015e-01,3.276410e-02,3.198569e-02,4.362575e-02,1.036065e-01,3.585711e-01,2.595007e-03,1.793537e-03,4.627160e-03,9.575114e-03,7.469449e-03,2.265190e-03,6.199176e-03
1.818958e-01,7.985016e-03,9.901830e-02,2.455092e-02,2.345002e-02,4.677356e-02,8.131874e-02,5.047930e-01,2.012413e-03,1.754044e-03,4.365397e-03,6.846097e-03,5.565826e-03,4.472382e-03,5.198396e-03
1.278471e-01,6.832440e-03,7.627855e-02,1.773009e-02,1.744770e-02,3.451286e-02,5.840996e-02,4.743781e-01,9.556432e-03,7.865172e-03,2.724188e-02,8.510396e-03,9.542356e-03,1.096307e-01,1.421621e-02
8.991937e-02,6.060345e-03,5.390232e-02,1.248345e-02,1.235193e-02,2.888935e-02,4.112587e-02,3.369274e-01,1.162340e-02,6.593042e-03,3.129453e-02,6.322293e-03,1.051415e-02,3.022232e-01,4.976935e-02
6.331804e-02,5.849395e-03,3.778952e-02,8.847735e-03,8.696069e-03,2.291319e-02,2.888133e-02,2.367866e-01,1.473595e-02,6.595305e-03,2.619883e-02,5.110606e-03,9.832025e-03,4.444339e-01,8.001154e-02
4.511066e-02,1.108120e-02,2.664263e-02,9.258146e-03,6.249699e-03,1.765614e-02,2.029742e-02,1.658739e-01,2.290289e-01,7.162414e-03,1.917602e-02,5.650940e-03,8.329744e-03,3.359021e-01,9.258016e-02
3.455086e-02,9.787227e-03,1.879675e-02,6.809161e-03,4.503340e-03,1.598755e-02,1.436419e-02,1.161954e-01,1.977470e-01,7.879245e-03,1.655942e-02,4.400511e-03,6.546006e-03,2.775894e-01,2.682840e-01
2.499208e-02,7.845706e-03,1.337942e-02,4.975097e-03,3.988572e-03,1.475960e-02,1.010392e-02,8.136719e-02,1.784783e-01,6.199532e-03,2.360830e-02,3.710049e-03,6.821008e-03,2.921848e-01,3.275864e-01
1.771124e-02,6.270179e-03,9.592204e-03,3.793529e-03,3.547892e-03,1.141615e-02,7.107735e-03,5.697674e-02,3.292010e-01,4.776496e-03,4.145577e-02,2.973845e-03,8.584600e-03,2.271774e-01,2.694151e-01
1.256592e-02,4.706209e-03,6.777986e-03,2.838960e-03,3.864837e-03,9.197780e-03,5.033363e-03,3.990120e-02,3.840918e-01,3.830731e-03,8.668007e-02,2.841547e-03,1.356042e-02,1.925009e-01,2.316083e-01
9.507228e-03,3.723079e-03,4.852567e-03,2.065439e-03,4.564345e-03,7.122556e-03,3.551505e-03,2.799384e-02,5.173328e-01,2.988678e-03,6.728948e-02,2.290898e-03,1.334319e-02,1.460883e-01,1.872861e-01
7.181309e-03,3.030236e-03,3.469053e-03,1.493375e-03,4.675294e-03,6.263154e-03,2.572931e-03,1.963258e-02,5.586089e-01,2.426260e-03,7.839689e-02,1.799488e-03,1.592941e-02,1.390268e-01,1.554943e-01
5.373283e-03,2.697343e-03,2.555232e-03,1.086846e-03,3.511310e-03,4.627965e-03,1.831955e-03,1.374965e-02,5.034974e-01,1.965873e-03,6.002444e-02,1.314263e-03,1.183308e-02,1.557036e-01,2.302278e-01
3.910014e-03,2.008220e-03,1.824634e-03,7.946910e-04,2.531251e-03,3.519779e-03,1.287738e-03,9.629061e-03,5.203896e-01,1.594799e-03,4.506741e-02,9.367132e-04,8.512377e-03,1.254477e-01,2.725460e-01
3.811604e-03,2.449785e-03,3.144946e-03,8.343811e-04,2.429391e-03,4.565462e-03,1.080331e-03,6.960532e-03,6.212139e-01,2.071430e-03,3.789192e-02,8.020350e-04,6.584146e-03,9.820412e-02,2.079559e-01
5.064684e-03,4.402548e-03,3.093398e-03,9.925036e-04,4.752514e-03,4.528309e-03,8.405838e-04,5.062863e-03,7.103275e-01,3.098501e-03,2.802233e-02,8.090106e-04,5.046236e-03,7.501066e-02,1.489483e-01
5.244650e-03,4.021604e-03,2.536504e-03,9.275408e-04,7.232338e-03,3.789944e-03,6.054105e-04,3.720404e-03,7.770058e-01,2.799679e-03,2.025983e-02,5.902826e-04,3.621622e-03,6.105062e-02,1.065938e-01
4.877030e-03,3.024454e-03,2.166180e-03,7.291070e-04,7.721520e-03,2.857920e-03,4.387769e-04,3.158666e-03,8.243598e-01,2.181289e-03,1.458954e-02,4.422838e-04,2.681614e-03,5.294675e-02,7.782511e-02
5.008698e-03,2.208201e-03,1.608084e-03,5.718262e-04,8.251447e-03,2.117754e-03,3.225515e-04,2.380818e-03,8.591469e-01,1.983575e-03,1.077775e-02,3.421638e-04,2.029251e-03,4.512268e-02,5.812830e-02
6.037648e-03,1.814974e-03,1.663294e-03,9.671691e-04,1.991342e-02,1.677208e-03,2.583576e-04,4.074381e-03,8.733045e-01,1.992763e-03,8.084852e-03,3.048475e-04,1.541538e-03,3.601238e-02,4.235262e-02
5.471536e-03,1.479948e-03,1.488894e-03,8.189314e-04,1.616473e-02,1.650019e-03,1.945845e-04,3.045461e-03,8.660943e-01,2.001949e-03,9.294670e-03,3.227573e-04,1.570618e-03,5.597289e-02,3.442871e-02
8.314144e-03,1.262285e-03,2.934179e-03,7.909248e-04,1.409192e-02,1.043871e-02,1.461578e-04,3.143396e-03,8.607366e-01,1.719560e-03,9.530284e-03,3.076033e-04,1.226125e-03,6.006333e-02,2.529481e-02
1.097429e-02,1.091743e-03,2.444797e-03,6.536823e-04,1.888465e-02,7.627357e-03,1.189290e-04,2.530854e-03,8.762542e-01,1.510185e-03,7.376446e-03,2.543249e-04,9.583549e-04,5.009164e-02,1.922856e-02
1.900173e-02,2.590504e-03,1.697433e-02,1.339908e-02,4.284097e-02,6.947531e-03,1.106878e-04,6.988318e-03,8.210735e-01,1.840761e-03,6.138034e-03,2.996189e-04,8.290218e-04,4.195236e-02,1.901362e-02
2.815166e-02,3.028329e-03,1.387699e-02,1.073184e-02,4.016307e-02,5.411663e-03,8.108405e-05,7.714258e-03,8.199608e-01,5.649883e-03,4.722350e-03,2.911778e-04,7.003621e-04,3.936835e-02,2.014819e-02
2.502465e-02,5.168205e-03,3.271199e-02,5.482781e-02,3.181979e-02,5.367361e-03,7.900217e-05,7.300844e-03,7.178839e-01,7.822127e-03,1.116826e-02,5.616286e-04,4.463739e-03,3.381664e-02,6.198410e-02
1.895943e-02,4.930734e-03,3.500625e-02,1.055662e-01,2.512063e-02,7.136543e-03,8.180075e-05,6.355892e-03,6.007011e-01,9.195398e-03,4.312144e-02,2.061488e-03,2.937785e-02,2.830678e-02,8.407845e-02
1.370899e-02,4.675428e-03,3.330610e-02,9.293926e-02,1.835790e-02,5.936359e-03,7.351061e-05,4.943079e-03,4.541145e-01,1.164007e-02,1.772538e-01,8.268625e-03,6.292755e-02,2.535870e-02,8.649613e-02
1.002521e-02,3.664359e-03,2.685123e-02,6.774992e-02,1.403250e-02,5.167108e-03,9.761911e-05,4.064872e-03,4.445220e-01,1.974895e-02,1.774609e-01,8.470105e-03,1.056743e-01,1.982832e-02,9.264261e-02
7.567732e-03,2.805331e-03,2.001951e-02,4.877168e-02,1.140513e-02,6.850771e-03,2.640433e-04,4.554327e-03,3.594032e-01,2.059785e-02,1.673563e-01,9.249264e-03,1.803214e-01,1.799924e-02,1.428343e-01
7.141482e-03,2.129637e-03,1.606070e-02,3.701157e-02,8.941272e-03,1.959764e-02,9.013545e-04,3.481479e-03,2.826052e-01,2.322363e-02,1.289756e-01,4.344888e-02,2.374130e-01,3.693430e-02,1.521342e-01
5.813078e-03,1.596569e-03,1.214391e-02,2.735366e-02,8.275414e-03,1.828444e-02,9.048005e-04,2.599947e-03,2.156312e-01,2.362875e-02,9.730027e-02,5.187105e-02,2.424285e-01,3.487023e-02,2.572981e-01
5.402420e-03,1.259333e-03,9.102283e-03,1.980160e-02,8.542165e-03,1.398944e-02,1.377059e-03,2.049983e-03,1.562519e-01,2.480381e-02,7.335505e-02,8.572511e-02,3.343598e-01,3.585910e-02,2.281210e-01
4.366265e-03,1.090923e-03,6.700289e-03,1.484699e-02,7.616192e-03,1.404992e-02,1.068293e-03,1.719291e-03,1.101234e-01,2.106790e-02,5.331007e-02,1.682865e-01,3.849599e-01,4.369071e-02,1.671033e-01
3.630216e-03,9.076727e-04,4.965859e-03,1.116037e-02,8.559686e-03,3.583162e-02,1.418549e-03,1.707756e-03,7.802235e-02,1.721302e-02,3.935097e-02,2.056309e-01,4.327914e-01,3.464513e-02,1.241645e-01
2.969039e-03,8.667339e-04,4.536176e-03,8.021970e-03,6.690023e-03,2.799857e-02,1.261889e-03,1.326117e-03,5.886889e-02,1.350423e-02,3.219418e-02,2.716250e-01,4.571330e-01,2.490939e-02,8.809473e-02
2.343819e-03,7.671328e-04,3.503625e-03,5.923415e-03,5.446729e-03,2.269055e-02,1.170246e-03,1.126536e-03,4.651380e-02,1.098921e-02,2.735089e-02,3.494940e-01,4.422341e-01,1.781268e-02,6.263317e-02
2.351478e-03,1.005913e-03,2.531876e-03,4.458177e-03,3.935323e-03,2.724113e-02,1.008732e-03,1.008713e-03,4.808588e-02,1.048725e-02,2.421167e-02,3.949215e-01,4.208359e-01,1.326099e-02,4.465544e-02
1.890135e-03,2.213242e-03,2.065855e-03,3.398854e-03,3.164163e-03,2.437355e-02,9.714765e-04,9.105331e-04,5.533778e-02,8.172334e-03,1.804057e-02,5.111059e-01,3.274010e-01,9.410395e-03,3.154414e-02
1.741848e-03,2.360428e-03,1.919258e-03,3.181342e-03,3.071726e-03,1.995880e-02,9.309314e-04,7.303609e-04,5.185802e-02,6.703024e-03,1.378282e-02,5.812979e-01,2.826819e-01,6.968147e-03,2.281335e-02
1.459530e-03,1.831720e-03,1.481931e-03,2.330373e-03,3.317616e-03,2.578501e-02,1.273284e-03,6.607935e-04,4.196648e-02,5.142966e-03,1.024345e-02,6.479406e-01,2.352834e-01,4.927775e-03,1.635503e-02
1.632513e-03,4.590293e-03,1.583355e-03,1.891819e-03,6.037025e-03,2.642807e-02,1.636388e-03,8.468375e-04,5.746550e-02,4.357676e-03,7.439739e-03,6.506178e-01,2.195693e-01,3.638307e-03,1.226535e-02
2.520830e-03,1.874247e-02,1.683921e-03,1.957202e-03,5.319942e-03,6.280220e-02,1.548368e-03,1.142381e-03,1.026965e-01,3.673460e-03,6.388574e-03,5.256063e-01,2.540767e-01,2.760490e-03,9.080749e-03
3.379453e-03,2.481220e-02,5.665523e-03,2.174259e-03,5.753492e-03,9.763955e-02,2.397768e-03,2.882830e-03,1.683751e-01,2.880715e-03,5.704220e-03,3.950081e-01,2.736666e-01,2.516521e-03,7.143758e-03
5.147168e-03,4.632399e-02,2.142971e-02,2.789533e-03,9.228476e-03,9.463171e-02,3.503330e-03,5.042197e-03,2.125922e-01,3.364318e-03,4.952712e-03,2.861431e-01,2.951644e-01,2.713504e-03,6.973725e-03
7.211897e-03,1.193902e-01,2.204079e-02,2.433769e-03,1.608432e-02,8.818120e-02,4.455731e-03,5.477165e-03,2.675153e-01,4.026483e-03,3.743849e-03,2.050967e-01,2.419815e-01,2.354535e-03,1.000651e-02
1.041587e-02,1.737470e-01,2.300448e-02,2.757355e-03,2.023339e-02,7.528878e-02,5.413196e-03,6.005573e-03,2.841727e-01,5.404093e-03,2.897356e-03,1.480244e-01,2.250059e-01,2.269466e-03,1.536037e-02
1.909100e-02,1.550392e-01,1.874756e-02,2.596018e-03,2.533759e-02,7.307889e-02,6.602859e-03,8.249331e-03,2.706226e-01,5.173667e-03,2.289276e-03,1.045096e-01,2.367976e-01,2.096650e-03,6.976812e-02
4.177164e-02,1.398730e-01,3.164284e-02,8.154205e-03,4.887238e-02,6.769211e-02,1.345351e-02,4.333046e-02,2.739094e-01,4.431982e-03,2.046709e-03,7.466049e-02,1.924272e-01,1.865592e-03,5.586853e-02
5.156203e-02,1.443315e-01,2.400239e-02,7.585368e-03,5.158799e-02,7.842198e-02,1.484939e-02,4.553340e-02,3.220358e-01,3.384006e-03,1.577540e-03,5.257822e-02,1.529627e-01,1.665367e-03,4.792234e-02
6.067653e-02,1.131355e-01,3.492049e-02,2.326051e-02,5.394747e-02,9.249252e-02,1.416487e-02,1.141931e-01,2.857521e-01,3.359766e-03,1.408364e-03,3.753564e-02,1.167481e-01,1.353201e-03,4.705177e-02
5.590963e-02,8.322943e-02,2.681217e-02,2.076163e-02,4.455574e-02,7.855017e-02,1.198291e-02,2.857769e-01,2.403854e-01,2.499580e-03,1.057521e-03,2.644143e-02,8.474208e-02,1.022701e-03,3.627272e-02
4.378514e-02,5.992294e-02,1.914860e-02,1.509103e-02,3.462322e-02,5.684665e-02,8.894754e-03,4.784460e-01,1.765359e-01,1.752643e-03,7.789375e-04,1.852184e-02,5.947576e-02,7.246620e-04,2.545198e-02
3.268630e-02,4.204226e-02,1.347067e-02,1.072157e-02,2.485676e-02,3.993907e-02,6.265825e-03,6.311315e-01,1.241120e-01,1.229950e-03,5.756132e-04,1.297308e-02,4.166062e-02,5.095965e-04,1.782528e-02
2.465197e-02,2.945988e-02,9.476073e-03,7.668341e-03,1.793707e-02,2.808463e-02,4.444600e-03,7.388799e-01,8.697964e-02,8.655236e-04,4.231353e-04,9.095256e-03,2.918710e-02,3.597085e-04,1.248728e-02
1.966362e-02,2.064067e-02,6.686826e-03,5.410444e-03,1.283768e-02,2.039446e-02,3.450114e-03,8.130636e-01,6.093345e-02,6.084613e-04,3.243053e-04,6.403462e-03,2.057531e-02,2.538321e-04,8.753767e-03
1.665809e-02,1.445838e-02,4.700616e-03,3.813338e-03,9.461533e-03,1.469667e-02,3.093860e-03,8.643911e-01,4.270488e-02,4.272799e-04,2.518086e-04,4.504623e-03,1.452538e-02,1.787204e-04,6.133793e-03
1.415258e-02,1.013049e-02,3.309655e-03,2.700103e-03,7.119296e-03,1.088410e-02,3.174517e-03,9.001644e-01,2.999203e-02,2.996147e-04,2.024267e-04,3.182023e-03,1.026052e-02,1.263287e-04,4.301933e-03
1.293630e-02,7.120777e-03,2.372778e-03,1.968500e-03,5.891891e-03,8.902628e-03,3.711530e-03,9.225827e-01,2.128762e-02,2.113206e-04,2.027028e-04,2.326247e-03,7.358735e-03,9.118923e-05,3.035030e-03
2.091634e-02,5.253347e-03,1.962615e-03,1.973377e-03,7.900143e-03,1.015206e-02,6.046343e-03,9.180064e-01,1.692563e-02,1.549913e-04,4.424549e-04,2.223192e-03,5.689534e-03,8.364600e-05,2.269925e-03
3.669254e-02,3.846295e-03,1.936510e-03,1.961951e-03,8.099800e-03,9.097601e-03,8.002655e-03,9.083530e-01,1.295135e-02,1.227937e-04,3.993729e-04,2.302272e-03,4.422088e-03,8.029127e-05,1.731498e-03
7.350428e-02,2.971672e-03,2.506453e-03,2.802320e-03,2.608634e-02,8.907581e-03,1.265534e-02,8.518795e-01,1.055580e-02,1.312587e-04,4.231768e-04,2.285587e-03,3.762663e-03,8.697614e-05,1.441040e-03
6.644731e-02,2.274500e-03,2.439422e-03,2.765766e-03,2.939586e-02,8.302681e-03,1.516505e-02,8.589597e-01,7.696395e-03,1.195894e-04,3.941464e-04,1.729319e-03,3.103296e-03,7.181809e-05,1.135066e-03
9.798841e-02,1.909122e-03,3.715313e-03,3.291336e-03,2.941448e-02,1.042622e-02,1.798066e-02,8.222468e-01,5.700168e-03,1.381511e-04,5.361199e-04,1.912704e-03,3.390170e-03,1.104437e-04,1.239921e-03
1.597493e-01,1.982834e-03,5.296816e-03,4.708021e-03,2.948103e-02,2.751140e-02,2.617827e-02,7.264476e-01,4.809724e-03,2.609467e-04,1.044240e-03,3.730678e-03,6.761122e-03,2.275369e-04,1.810454e-03
1.726690e-01,1.817465e-03,6.837393e-03,5.345743e-03,2.995942e-02,3.010152e-02,2.384557e-02,7.080479e-01,3.950253e-03,6.745483e-04,1.452053e-03,4.195500e-03,8.538609e-03,3.299029e-04,2.235086e-03
1.642735e-01,1.732913e-03,6.214870e-03,5.097577e-03,3.284514e-02,3.055773e-02,3.046477e-02,6.892989e-01,3.385435e-03,8.297537e-04,1.574355e-03,3.857877e-03,2.740964e-02,3.067161e-04,2.150818e-03
1.697881e-01,1.915844e-03,5.438817e-03,4.161995e-03,3.997345e-02,2.642487e-02,2.872952e-02,5.883770e-01,2.969098e-03,8.283220e-04,2.078331e-03,5.495043e-03,1.213096e-01,2.737328e-04,2.236207e-03
2.050585e-01,3.111825e-03,4.396095e-03,3.795237e-03,4.868503e-02,2.746844e-02,2.140938e-02,4.577084e-01,2.933438e-03,8.766007e-04,3.200641e-03,9.944362e-03,2.088663e-01,3.396806e-04,2.206060e-03
2.101194e-01,3.403829e-03,3.372056e-03,3.157292e-03,4.063528e-02,2.227571e-02,1.578765e-02,3.320007e-01,3.560617e-03,9.398891e-04,4.044265e-03,1.575213e-02,3.421666e-01,4.404500e-04,2.344101e-03
1.762823e-01,4.471026e-03,2.667243e-03,2.503248e-03,3.000046e-02,1.746834e-02,1.174860e-02,2.348143e-01,5.213052e-03,8.591424e-04,3.501225e-03,1.497918e-02,4.921355e-01,5.503815e-04,2.805978e-03
1.452317e-01,9.679774e-03,2.359876e-03,2.126380e-03,2.165453e-02,1.339503e-02,8.558557e-03,1.649913e-01,8.655646e-03,9.087073e-04,2.985111e-03,1.444482e-02,6.000236e-01,6.617152e-04,4.323166e-03
1.092832e-01,4.303981e-02,1.273133e-02,1.248405e-02,2.227278e-02,1.475533e-02,7.144570e-03,1.157611e-01,5.791424e-02,4.659102e-03,2.794300e-03,1.546174e-02,5.674275e-01,1.083779e-03,1.318705e-02
7.890724e-02,3.312556e-02,9.586011e-03,9.326879e-03,1.827640e-02,1.271466e-02,5.728104e-03,8.125526e-02,4.811234e-02,3.863482e-03,2.929669e-03,1.241394e-02,6.675368e-01,1.435375e-03,1.478820e-02
5.713687e-02,2.641005e-02,1.026040e-02,9.090149e-03,1.552145e-02,1.213018e-02,4.993893e-03,5.726901e-02,5.230614e-02,3.078192e-03,3.364939e-03,1.100156e-02,7.205925e-01,1.541007e-03,1.530359e-02
4.088435e-02,1.998038e-02,8.266702e-03,6.949135e-03,1.126202e-02,1.056917e-02,3.621470e-03,4.013455e-02,4.092468e-02,2.926120e-03,5.264050e-03,9.524079e-03,7.243330e-01,4.431791e-03,7.092845e-02
3.029158e-02,1.500586e-02,8.419748e-03,5.668382e-03,8.516743e-03,8.259241e-03,2.840938e-03,2.843722e-02,3.406741e-02,5.432441e-03,6.544110e-03,7.700423e-03,6.434032e-01,7.177305e-03,1.882354e-01
2.177266e-02,2.218737e-02,7.184289e-03,4.604365e-03,1.106303e-02,7.204726e-03,2.166111e-03,2.008568e-02,7.685800e-02,5.005799e-03,1.028170e-02,8.078318e-03,4.577093e-01,5.663913e-03,3.401347e-01
1.600990e-02,5.395698e-02,1.748056e-02,1.919514e-02,6.539188e-02,5.822504e-03,1.728393e-03,1.418194e-02,1.722399e-01,4.258413e-03,8.092026e-03,5.768480e-03,3.208203e-01,4.233355e-03,2.908202e-01
1.162700e-02,9.602188e-02,1.304324e-02,1.449387e-02,5.520779e-02,6.328178e-03,1.342598e-03,1.000265e-02,2.255883e-01,3.100428e-03,6.642544e-03,4.121446e-03,2.251294e-01,3.136644e-03,3.242140e-01
8.962650e-03,1.276122e-01,9.891122e-03,5.222649e-02,4.740967e-02,5.166972e-03,9.906641e-04,7.586853e-03,3.315858e-01,2.333886e-03,5.321287e-03,2.926501e-03,1.578291e-01,2.271928e-03,2.378849e-01
1.018054e-02,1.681384e-01,7.744133e-03,4.119740e-02,5.546071e-02,4.497410e-03,1.103890e-03,5.814047e-03,3.461211e-01,2.047092e-03,4.994405e-03,2.188052e-03,1.120374e-01,1.832344e-03,2.366431e-01
1.067728e-02,1.407328e-01,3.196393e-02,1.145654e-01,4.148048e-02,3.584828e-03,8.063136e-04,5.654499e-03,3.808362e-01,2.438084e-03,7.859041e-03,1.748554e-03,8.037300e-02,1.524318e-03,1.757552e-01
1.121512e-02,1.112182e-01,2.996506e-02,9.281918e-02,2.936385e-02,3.417545e-03,5.872251e-04,4.691636e-03,4.579400e-01,5.489972e-03,3.261989e-02,2.165300e-03,6.614777e-02,1.298099e-03,1.510611e-01
8.469943e-03,7.980210e-02,2.256166e-02,7.180043e-02,2.083138e-02,2.818577e-03,4.387072e-04,5.318647e-03,5.131783e-01,5.501870e-03,5.632672e-02,2.300237e-03,8.002946e-02,1.265769e-03,1.293562e-01
8.386597e-03,6.033202e-02,2.323716e-02,6.924602e-02,1.600009e-02,3.342452e-03,4.860831e-04,5.735048e-03,4.260627e-01,5.342963e-03,1.230560e-01,6.914395e-03,1.067842e-01,5.457222e-03,1.396171e-01
6.250216e-03,4.283597e-02,1.670134e-02,5.167894e-02,1.143565e-02,2.473270e-03,4.210869e-04,4.372943e-03,5.401380e-01,5.728325e-03,9.557678e-02,2.154252e-02,8.870006e-02,5.359903e-03,1.067850e-01
5.729133e-03,3.042138e-02,1.200875e-02,3.887502e-02,8.232760e-03,1.868982e-03,4.466523e-04,3.424305e-03,4.260072e-01,8.528773e-03,1.808713e-01,1.055055e-01,8.061206e-02,8.792980e-03,8.867512e-02
4.144059e-03,2.139446e-02,8.511825e-03,2.741369e-02,5.855523e-03,1.356649e-03,3.370603e-04,2.502764e-03,3.002292e-01,7.657212e-03,3.603200e-01,1.176962e-01,5.982520e-02,1.586694e-02,6.688916e-02
3.108460e-03,1.526849e-02,6.239775e-03,1.929708e-02,4.228497e-03,1.406612e-03,2.762192e-04,1.984847e-03,2.117405e-01,7.130371e-03,4.796421e-01,1.192549e-01,4.802236e-02,3.278565e-02,4.961419e-02
2.357604e-03,1.095601e-02,4.614919e-03,1.365984e-02,3.061428e-03,1.416413e-03,2.187773e-04,1.477022e-03,1.534313e-01,9.610046e-03,5.511421e-01,1.348391e-01,3.629471e-02,3.867885e-02,3.824193e-02
1.753616e-03,1.021267e-02,4.514343e-03,9.673594e-03,2.628817e-03,2.049633e-03,1.989464e-04,1.140945e-03,1.302930e-01,8.551144e-03,5.952920e-01,1.285799e-01,2.678799e-02,5.056429e-02,2.775911e-02
1.331451e-03,7.807438e-03,6.459078e-03,7.229021e-03,2.257391e-03,2.092732e-03,2.091010e-04,2.044465e-03,1.149052e-01,7.185912e-03,6.420894e-01,1.135250e-01,1.944611e-02,5.274471e-02,2.067301e-02
1.235862e-03,6.069311e-03,5.166030e-03,5.183605e-03,1.739973e-03,1.802404e-03,1.938666e-04,2.351090e-03,8.756357e-02,1.518740e-02,6.248692e-01,9.225760e-02,1.425709e-02,1.248387e-01,1.728420e-02
1.419371e-03,4.914159e-03,4.346728e-03,3.796926e-03,1.487863e-03,1.809801e-03,1.725849e-04,2.949754e-03,7.438861e-02,1.945567e-02,5.945067e-01,7.444014e-02,1.081951e-02,1.875905e-01,1.790160e-02
1.601430e-03,3.619935e-03,3.760945e-03,2.782299e-03,1.672654e-03,1.603245e-03,2.156882e-04,3.360854e-03,6.658491e-02,2.553562e-02,6.363333e-01,6.290108e-02,8.364377e-03,1.610370e-01,2.062676e-02
1.876023e-03,3.519412e-03,4.167917e-03,2.104073e-03,6.140707e-03,2.340771e-03,5.974869e-04,5.147228e-03,1.895057e-01,2.997499e-02,5.362182e-01,5.477958e-02,6.588837e-03,1.388803e-01,1.815879e-02
2.116973e-03,3.981429e-03,4.664832e-03,1.642158e-03,4.899195e-03,4.302959e-03,5.165565e-04,6.672917e-03,2.405126e-01,2.867501e-02,4.987192e-01,5.387962e-02,5.905638e-03,1.302032e-01,1.330763e-02
2.127417e-03,4.952322e-03,7.329359e-03,1.525636e-03,3.757657e-03,4.182796e-03,3.943320e-04,2.792882e-02,2.225431e-01,2.203759e-02,4.274859e-01,4.787638e-02,6.056241e-03,2.119836e-01,9.818840e-03
3.650504e-03,7.474461e-03,1.350163e-02,1.515043e-03,3.609746e-03,3.631728e-03,3.485517e-04,2.518063e-02,1.895840e-01,1.722956e-02,4.288440e-01,4.357824e-02,5.265174e-03,2.491035e-01,7.483301e-03
3.539283e-03,1.476064e-02,3.005268e-02,1.770834e-03,3.181700e-03,1.433930e-02,3.041850e-04,6.611945e-02,2.414689e-01,1.300461e-02,3.248311e-01,3.330103e-02,5.582868e-03,2.415570e-01,6.186408e-03
3.077609e-03,2.532567e-02,2.758368e-02,1.661424e-03,2.950670e-03,3.094633e-02,3.720467e-04,5.898994e-02,3.320213e-01,9.461500e-03,2.353787e-01,2.459001e-02,4.360935e-03,2.379110e-01,5.369244e-03
5.403449e-03,3.792803e-02,5.476932e-02,3.147354e-03,5.868694e-03,3.436293e-02,4.681207e-04,8.921285e-02,3.459668e-01,6.907886e-03,1.676053e-01,1.731914e-02,3.493792e-03,2.231717e-01,4.374660e-03
5.114245e-03,6.018054e-02,4.461188e-02,2.638020e-03,6.494588e-03,3.959789e-02,4.892929e-04,7.401691e-02,4.179083e-01,4.963634e-03,1.180362e-01,1.223422e-02,2.593965e-03,2.062102e-01,4.910224e-03
5.135254e-03,6.683817e-02,3.424577e-02,2.844682e-03,9.968925e-03,3.548819e-02,6.799814e-04,1.010948e-01,4.454134e-01,3.759859e-03,8.346871e-02,8.624243e-03,2.037354e-03,1.959377e-01,4.462996e-03
5.484231e-03,8.399244e-02,3.109284e-02,3.530640e-03,4.692608e-02,4.122986e-02,1.072420e-03,1.425468e-01,4.231850e-01,2.679558e-03,5.860484e-02,6.044611e-03,1.589237e-03,1.484313e-01,3.590203e-03
6.937188e-03,8.150364e-02,2.482997e-02,5.024476e-03,1.387027e-01,4.389114e-02,1.398627e-03,1.341329e-01,4.033765e-01,1.932707e-03,4.120820e-02,4.255104e-03,1.248947e-03,1.081002e-01,3.457754e-03
8.508336e-03,7.719285e-02,3.255923e-02,7.592810e-03,2.135915e-01,3.981932e-02,1.476720e-03,1.610442e-01,3.429344e-01,1.410946e-03,2.895463e-02,3.003978e-03,9.625454e-04,7.769069e-02,3.257876e-03
1.371710e-02,8.066107e-02,2.482137e-02,7.751291e-03,2.090861e-01,3.743412e-02,1.520324e-03,1.200309e-01,4.149061e-01,1.245087e-03,2.055434e-02,2.218819e-03,1.131715e-03,5.872694e-02,6.194726e-03
1.690921e-02,8.817503e-02,1.965128e-02,7.818575e-03,1.895196e-01,5.296855e-02,1.632163e-03,8.972184e-02,4.591197e-01,1.184972e-03,1.467251e-02,1.654222e-03,1.211414e-03,4.265853e-02,1.310237e-02
2.395372e-02,9.546110e-02,1.617512e-02,1.040284e-02,1.715899e-01,6.221948e-02,1.512616e-03,7.187451e-02,4.589564e-01,3.103074e-03,1.060798e-02,1.325179e-03,1.354530e-03,3.059546e-02,4.086809e-02
2.874346e-02,8.032297e-02,1.506566e-02,2.853057e-02,1.473319e-01,1.393028e-01,1.345031e-03,1.400294e-01,3.477512e-01,4.393726e-03,8.528552e-03,1.318420e-03,1.432928e-03,2.162128e-02,3.428216e-02
4.101931e-02,6.561927e-02,1.456874e-02,2.580707e-02,1.171373e-01,2.912155e-01,1.558716e-03,9.974263e-02,2.867204e-01,4.809180e-03,6.829199e-03,1.583456e-03,2.479252e-03,1.536102e-02,2.554895e-02
5.985016e-02,5.464110e-02,1.281580e-02,2.492929e-02,8.720420e-02,3.699304e-01,1.764926e-03,7.197879e-02,2.122377e-01,5.733480e-02,6.321269e-03,2.259764e-03,3.022516e-03,1.147242e-02,2.423678e-02
9.360029e-02,5.010947e-02,1.705401e-02,4.866325e-02,7.366053e-02,3.425696e-01,3.115578e-03,6.137504e-02,1.714357e-01,7.985981e-02,1.404974e-02,5.858934e-03,3.305375e-03,9.136269e-03,2.620636e-02
1.345800e-01,6.410676e-02,1.876840e-02,4.116438e-02,6.069048e-02,2.898804e-01,3.926940e-03,4.980123e-02,1.854955e-01,9.197343e-02,1.300765e-02,5.739968e-03,6.598597e-03,7.484392e-03,2.678183e-02
1.633417e-01,1.058729e-01,1.459762e-02,3.205497e-02,4.785295e-02,2.248960e-01,4.073833e-03,4.538979e-02,2.128188e-01,9.423769e-02,1.125999e-02,4.947684e-03,8.580564e-03,5.956174e-03,2.411933e-02
1.959417e-01,1.433303e-01,1.199207e-02,2.631121e-02,3.721995e-02,1.909588e-01,3.329146e-03,3.294159e-02,2.373455e-01,6.840081e-02,9.990647e-03,5.529807e-03,1.061775e-02,5.322825e-03,2.076798e-02
2.733771e-01,1.308307e-01,1.136262e-02,2.693775e-02,3.230507e-02,1.493855e-01,3.227337e-03,2.578238e-02,2.260315e-01,5.241872e-02,1.369296e-02,9.517879e-03,1.441280e-02,8.250311e-03,2.246734e-02
3.465218e-01,1.159360e-01,9.240111e-03,2.574759e-02,2.622981e-02,1.147851e-01,2.837867e-03,1.945819e-02,2.284523e-01,3.907349e-02,1.293051e-02,1.233429e-02,1.226541e-02,1.021289e-02,2.397475e-02
3.259643e-01,9.660502e-02,9.502955e-03,5.295653e-02,2.096696e-02,8.955218e-02,2.442583e-03,1.568600e-02,1.720908e-01,4.123164e-02,1.876615e-02,1.968620e-02,1.746888e-02,1.060018e-02,1.064797e-01
2.344287e-01,7.319081e-02,7.446561e-03,4.785633e-02,1.584216e-02,8.061496e-02,1.984070e-03,1.158772e-02,1.846042e-01,5.537611e-02,2.725757e-02,1.794969e-02,2.352270e-02,1.122312e-02,2.071154e-01
1.651107e-01,5.422889e-02,5.517303e-03,4.042836e-02,1.150162e-02,5.802114e-02,1.437656e-03,8.296409e-03,3.016240e-01,4.257939e-02,3.196246e-02,1.628149e-02,3.548491e-02,1.162039e-02,2.159054e-01
1.158325e-01,3.851125e-02,3.916141e-03,2.941032e-02,8.153101e-03,4.074973e-02,1.024339e-03,5.845112e-03,4.902451e-01,3.139639e-02,3.027200e-02,1.185360e-02,2.767563e-02,1.013929e-02,1.549755e-01
8.132117e-02,2.751574e-02,2.860096e-03,2.364193e-02,5.785170e-03,2.859209e-02,7.319385e-04,4.133753e-03,6.354364e-01,2.244747e-02,2.177044e-02,8.578700e-03,2.008512e-02,7.682792e-03,1.094172e-01
6.416001e-02,2.354646e-02,2.311228e-03,1.739176e-02,4.310499e-03,2.117447e-02,6.793112e-04,3.128997e-03,5.802104e-01,2.034699e-02,1.840787e-02,7.917474e-03,1.933231e-02,1.174158e-01,9.966641e-02
5.227863e-02,1.832847e-02,1.835853e-03,1.251246e-02,3.383986e-03,1.619188e-02,6.428036e-04,2.388422e-03,5.428521e-01,1.769044e-02,1.687655e-02,6.978868e-03,1.741836e-02,1.167772e-01,1.738441e-01
3.829760e-02,1.450127e-02,2.698801e-03,9.470924e-03,2.512903e-03,1.173029e-02,5.011288e-04,1.731354e-03,4.970729e-01,1.803645e-02,1.713039e-02,6.880255e-03,1.548718e-02,1.146253e-01,2.493233e-01
2.874210e-02,1.550059e-02,5.487624e-03,7.757570e-03,2.676153e-03,8.797097e-03,6.172683e-04,1.523196e-03,4.064897e-01,1.669315e-02,2.059256e-02,7.747580e-03,1.696906e-02,1.489096e-01,3.114968e-01
2.233027e-02,1.397720e-02,1.335611e-02,6.314464e-03,3.434975e-03,6.477794e-03,9.941829e-04,1.977785e-03,3.517202e-01,1.413616e-02,2.053961e-02,6.660962e-03,1.565754e-02,1.493906e-01,3.730322e-01
1.711932e-02,1.370834e-02,1.272276e-02,5.887432e-03,3.776102e-03,5.653232e-03,9.083327e-04,1.960598e-03,2.940818e-01,1.082180e-02,2.260298e-02,5.126773e-03,1.252234e-02,1.269534e-01,4.661548e-01
1.244438e-02,1.736581e-02,1.116482e-02,4.569142e-03,3.490760e-03,6.886886e-03,6.876641e-04,1.902750e-03,2.247230e-01,8.459598e-03,2.355554e-02,4.051670e-03,1.104671e-02,1.159995e-01,5.536518e-01
1.062540e-02,2.228049e-02,3.087451e-02,5.148381e-03,4.288895e-03,9.842068e-03,6.871317e-04,5.083752e-03,1.930473e-01,1.169343e-02,5.076852e-02,5.257732e-03,1.243448e-02,1.057445e-01,5.322234e-01
9.360672e-03,4.386546e-02,3.032375e-02,4.544139e-03,4.473486e-03,1.459839e-02,6.246776e-04,6.377256e-03,1.876505e-01,1.699420e-02,7.019643e-02,7.168250e-03,1.415145e-02,1.003705e-01,4.893008e-01
1.020615e-02,6.003380e-02,3.690842e-02,5.523408e-03,6.884277e-03,1.710484e-02,5.587328e-04,9.337027e-03,2.059065e-01,1.755687e-02,8.417962e-02,1.016821e-02,2.017494e-02,8.832551e-02,4.271318e-01
8.617140e-03,6.081634e-02,5.554061e-02,1.043629e-02,2.077359e-02,2.932194e-02,9.950995e-04,3.287346e-02,2.221382e-01,1.711844e-02,7.331838e-02,9.344835e-03,2.146695e-02,7.658036e-02,3.606584e-01
7.682854e-03,7.542506e-02,7.480317e-02,9.266120e-03,2.440689e-02,4.595135e-02,1.305481e-03,5.263767e-02,2.343858e-01,1.608891e-02,6.031754e-02,8.537392e-03,3.140603e-02,6.692147e-02,2.908642e-01
8.456375e-03,9.117772e-02,8.161227e-02,8.702100e-03,2.610699e-02,9.355392e-02,1.161002e-03,6.133882e-02,2.513641e-01,1.296900e-02,4.970770e-02,6.640405e-03,2.767995e-02,5.481995e-02,2.247097e-01
1.786344e-02,8.376764e-02,8.551381e-02,8.706240e-03,2.822826e-02,8.751357e-02,1.189861e-03,1.898279e-01,2.105829e-01,1.038012e-02,3.659008e-02,5.234816e-03,2.565911e-02,4.126986e-02,1.676724e-01
1.678841e-02,6.137381e-02,8.126172e-02,6.940892e-03,2.235108e-02,7.136699e-02,1.028931e-03,3.708875e-01,1.576882e-01,7.980309e-03,2.612949e-02,4.084392e-03,2.147465e-02,2.984337e-02,1.208002e-01
1.518039e-02,4.440761e-02,6.364346e-02,5.463882e-03,1.796562e-02,5.112495e-02,8.495393e-04,5.402403e-01,1.124811e-01,5.792686e-03,1.844815e-02,2.963251e-03,1.546725e-02,2.109354e-02,8.487821e-02
1.406713e-02,3.223044e-02,4.988894e-02,4.525586e-03,1.484857e-02,3.719973e-02,7.304794e-04,6.610564e-01,8.009113e-02,4.210746e-03,1.307292e-02,2.207279e-03,1.118849e-02,1.494634e-02,5.973586e-02
1.363673e-02,2.338674e-02,3.738131e-02,4.287099e-03,1.339070e-02,2.663451e-02,6.410193e-04,7.473669e-01,5.840512e-02,3.068713e-03,9.293404e-03,1.626014e-03,8.095164e-03,1.074873e-02,4.203791e-02
1.632065e-02,1.758447e-02,2.787805e-02,4.802091e-03,2.286467e-02,1.925454e-02,1.087679e-03,7.830221e-01,5.153006e-02,2.359607e-03,7.051065e-03,1.433414e-03,7.041395e-03,7.868360e-03,2.990186e-02
1.675216e-02,1.366690e-02,2.212281e-02,4.665404e-03,2.645908e-02,1.428409e-02,1.065283e-03,8.120394e-01,4.767629e-02,1.815302e-03,5.372846e-03,1.209040e-03,5.551085e-03,5.799558e-03,2.152082e-02
1.465210e-02,1.252022e-02,1.825731e-02,4.270595e-03,2.350300e-02,1.044040e-02,9.940075e-04,8.432655e-01,4.172885e-02,1.333359e-03,3.930473e-03,9.546481e-04,4.208178e-03,4.586846e-03,1.535458e-02
1.295258e-02,1.261091e-02,1.548850e-02,3.672276e-03,2.199937e-02,7.653171e-03,9.442342e-04,8.610299e-01,4.126848e-02,9.879165e-04,2.848344e-03,7.557815e-04,3.137985e-03,3.744788e-03,1.090582e-02
