1.000000e+00,0.000000e+00,0.000000e+00,0.000000e+00,0.000000e+00,0.000000e+00,0.000000e+00,0.000000e+00,0.000000e+00,0.000000e+00,0.000000e+00,0.000000e+00,0.000000e+00,0.000000e+00,0.000000e+00
1.000000e+00,0.000000e+00,0.000000e+00,0.000000e+00,0.000000e+00,0.000000e+00,0.000000e+00,0.000000e+00,0.000000e+00,0.000000e+00,0.000000e+00,0.000000e+00,0.000000e+00,0.000000e+00,0.000000e+00
1.000000e+00,0.000000e+00,0.000000e+00,0.000000e+00,0.000000e+00,0.000000e+00,0.000000e+00,0.000000e+00,0.000000e+00,0.000000e+00,0.000000e+00,0.000000e+00,0.000000e+00,0.000000e+00,0.000000e+00
1.000000e+00,0.000000e+00,0.000000e+00,0.000000e+00,0.000000e+00,0.000000e+00,0.000000e+00,0.000000e+00,0.000000e+00,0.000000e+00,0.000000e+00,0.000000e+00,0.000000e+00,0.000000e+00,0.000000e+00
1.000000e+00,0.000000e+00,0.000000e+00,0.000000e+00,0.000000e+00,0.000000e+00,0.000000e+00,0.000000e+00,0.000000e+00,0.000000e+00,0.000000e+00,0.000000e+00,0.000000e+00,0.000000e+00,0.000000e+00
1.000000e+00,0.000000e+00,0.000000e+00,0.000000e+00,0.000000e+00,0.000000e+00,0.000000e+00,0.000000e+00,0.000000e+00,0.000000e+00,0.000000e+00,0.000000e+00,0.000000e+00,0.000000e+00,0.000000e+00
1.000000e+00,0.000000e+00,0.000000e+00,0.000000e+00,0.000000e+00,0.000000e+00,0.000000e+00,0.000000e+00,0.000000e+00,0.000000e+00,0.000000e+00,0.000000e+00,0.000000e+00,0.000000e+00,0.000000e+00
1.000000e+00,0.000000e+00,0.000000e+00,0.000000e+00,0.000000e+00,0.000000e+00,0.000000e+00,0.000000e+00,0.000000e+00,0.000000e+00,0.000000e+00,0.000000e+00,0.000000e+00,0.000000e+00,0.000000e+00
1.000000e+00,0.000000e+00,0.000000e+00,0.000000e+00,0.000000e+00,0.000000e+00,0.000000e+00,0.000000e+00,0.000000e+00,0.000000e+00,0.000000e+00,0.000000e+00,0.000000e+00,0.000000e+00,0.000000e+00
1.000000e+00,0.000000e+00,0.000000e+00,0.000000e+00,0.000000e+00,0.000000e+00,0.000000e+00,0.000000e+00,0.000000e+00,0.000000e+00,0.000000e+00,0.000000e+00,0.000000e+00,0.000000e+00,0.000000e+00
1.000000e+00,0.000000e+00,0.000000e+00,0.000000e+00,0.000000e+00,0.000000e+00,0.000000e+00,0.000000e+00,0.000000e+00,0.000000e+00,0.000000e+00,0.000000e+00,0.000000e+00,0.000000e+00,0.000000e+00
1.000000e+00,0.000000e+00,0.000000e+00,0.000000e+00,0.000000e+00,0.000000e+00,0.000000e+00,0.000000e+00,0.000000e+00,0.000000e+00,0.000000e+00,0.000000e+00,0.000000e+00,0.000000e+00,0.000000e+00
1.000000e+00,0.000000e+00,0.000000e+00,0.000000e+00,0.000000e+00,0.000000e+00,0.000000e+00,0.000000e+00,0.000000e+00,0.000000e+00,0.000000e+00,0.000000e+00,0.000000e+00,0.000000e+00,0.000000e+00
1.000000e+00,0.000000e+00,0.000000e+00,0.000000e+00,0.000000e+00,0.000000e+00,0.000000e+00,0.000000e+00,0.000000e+00,0.000000e+00,0.000000e+00,0.000000e+00,0.000000e+00,0.000000e+00,0.000000e+00
1.000000e+00,0.000000e+00,0.000000e+00,0.000000e+00,0.000000e+00,0.000000e+00,0.000000e+00,0.000000e+00,0.000000e+00,0.000000e+00,0.000000e+00,0.000000e+00,0.000000e+00,0.000000e+00,0.000000e+00
1.000000e+00,0.000000e+00,0.000000e+00,0.000000e+00,0.000000e+00,0.000000e+00,0.000000e+00,0.000000e+00,0.000000e+00,0.000000e+00,0.000000e+00,0.000000e+00,0.000000e+00,0.000000e+00,0.000000e+00
1.000000e+00,0.000000e+00,0.000000e+00,0.000000e+00,0.000000e+00,0.000000e+00,0.000000e+00,0.000000e+00,0.000000e+00,0.000000e+00,0.000000e+00,0.000000e+00,0.000000e+00,0.000000e+00,0.000000e+00
1.000000e+00,0.000000e+00,0.000000e+00,0.000000e+00,0.000000e+00,0.000000e+00,0.000000e+00,0.000000e+00,0.000000e+00,0.000000e+00,0.000000e+00,0.000000e+00,0.000000e+00,0.000000e+00,0.000000e+00
1.000000e+00,0.000000e+00,0.000000e+00,0.000000e+00,0.000000e+00,0.000000e+00,0.000000e+00,0.000000e+00,0.000000e+00,0.000000e+00,0.000000e+00,0.000000e+00,0.000000e+00,0.000000e+00,0.000000e+00
1.000000e+00,0.000000e+00,0.000000e+00,0.000000e+00,0.000000e+00,0.000000e+00,0.000000e+00,0.000000e+00,0.000000e+00,0.000000e+00,0.000000e+00,0.000000e+00,0.000000e+00,0.000000e+00,0.000000e+00
1.000000e+00,0.000000e+00,0.000000e+00,0.000000e+00,0.000000e+00,0.000000e+00,0.000000e+00,0.000000e+00,0.000000e+00,0.000000e+00,0.000000e+00,0.000000e+00,0.000000e+00,0.000000e+00,0.000000e+00
1.000000e+00,0.000000e+00,0.000000e+00,0.000000e+00,0.000000e+00,0.000000e+00,0.000000e+00,0.000000e+00,0.000000e+00,0.000000e+00,0.000000e+00,0.000000e+00,0.000000e+00,0.000000e+00,0.000000e+00
1.000000e+00,0.000000e+00,0.000000e+00,0.000000e+00,0.000000e+00,0.000000e+00,0.000000e+00,0.000000e+00,0.000000e+00,0.000000e+00,0.000000e+00,0.000000e+00,0.000000e+00,0.000000e+00,0.000000e+00
1.000000e+00,0.000000e+00,0.000000e+00,0.000000e+00,0.000000e+00,0.000000e+00,0.000000e+00,0.000000e+00,0.000000e+00,0.000000e+00,0.000000e+00,0.000000e+00,0.000000e+00,0.000000e+00,0.000000e+00
1.000000e+00,0.000000e+00,0.000000e+00,0.000000e+00,0.000000e+00,0.000000e+00,0.000000e+00,0.000000e+00,0.000000e+00,0.000000e+00,0.000000e+00,0.000000e+00,0.000000e+00,0.000000e+00,0.000000e+00
1.000000e+00,0.000000e+00,0.000000e+00,0.000000e+00,0.000000e+00,0.000000e+00,0.000000e+00,0.000000e+00,0.000000e+00,0.000000e+00,0.000000e+00,0.000000e+00,0.000000e+00,0.000000e+00,0.000000e+00
1.000000e+00,0.000000e+00,0.000000e+00,0.000000e+00,0.000000e+00,0.000000e+00,0.000000e+00,0.000000e+00,0.000000e+00,0.000000e+00,0.000000e+00,0.000000e+00,0.000000e+00,0.000000e+00,0.000000e+00
1.000000e+00,0.000000e+00,0.000000e+00,0.000000e+00,0.000000e+00,0.000000e+00,0.000000e+00,0.000000e+00,0.000000e+00,0.000000e+00,0.000000e+00,0.000000e+00,0.000000e+00,0.000000e+00,0.000000e+00
1.000000e+00,0.000000e+00,0.000000e+00,0.000000e+00,0.000000e+00,0.000000e+00,0.000000e+00,0.000000e+00,0.000000e+00,0.000000e+00,0.000000e+00,0.000000e+00,0.000000e+00,0.000000e+00,0.000000e+00
1.000000e+00,0.000000e+00,0.000000e+00,0.000000e+00,0.000000e+00,0.000000e+00,0.000000e+00,0.000000e+00,0.000000e+00,0.000000e+00,0.000000e+00,0.000000e+00,0.000000e+00,0.000000e+00,0.000000e+00
1.000000e+00,0.000000e+00,0.000000e+00,0.000000e+00,0.000000e+00,0.000000e+00,0.000000e+00,0.000000e+00,0.000000e+00,0.000000e+00,0.000000e+00,0.000000e+00,0.000000e+00,0.000000e+00,0.000000e+00
1.000000e+00,0.000000e+00,0.000000e+00,0.000000e+00,0.000000e+00,0.000000e+00,0.000000e+00,0.000000e+00,0.000000e+00,0.000000e+00,0.000000e+00,0.000000e+00,0.000000e+00,0.000000e+00,0.000000e+00
1.000000e+00,0.000000e+00,0.000000e+00,0.000000e+00,0.000000e+00,0.000000e+00,0.000000e+00,0.000000e+00,0.000000e+00,0.000000e+00,0.000000e+00,0.000000e+00,0.000000e+00,0.000000e+00,0.000000e+00
1.000000e+00,0.000000e+00,0.000000e+00,0.000000e+00,0.000000e+00,0.000000e+00,0.000000e+00,0.000000e+00,0.000000e+00,0.000000e+00,0.000000e+00,0.000000e+00,0.000000e+00,0.000000e+00,0.000000e+00
1.000000e+00,0.000000e+00,0.000000e+00,0.000000e+00,0.000000e+00,0.000000e+00,0.000000e+00,0.000000e+00,0.000000e+00,0.000000e+00,0.000000e+00,0.000000e+00,0.000000e+00,0.000000e+00,0.000000e+00
1.000000e+00,0.000000e+00,0.000000e+00,0.000000e+00,0.000000e+00,0.000000e+00,0.000000e+00,0.000000e+00,0.000000e+00,0.000000e+00,0.000000e+00,0.000000e+00,0.000000e+00,0.000000e+00,0.000000e+00
1.000000e+00,0.000000e+00,0.000000e+00,0.000000e+00,0.000000e+00,0.000000e+00,0.000000e+00,0.000000e+00,0.000000e+00,0.000000e+00,0.000000e+00,0.000000e+00,0.000000e+00,0.000000e+00,0.000000e+00
1.000000e+00,0.000000e+00,0.000000e+00,0.000000e+00,0.000000e+00,0.000000e+00,0.000000e+00,0.000000e+00,0.000000e+00,0.000000e+00,0.000000e+00,0.000000e+00,0.000000e+00,0.000000e+00,0.000000e+00
1.000000e+00,0.000000e+00,0.000000e+00,0.000000e+00,0.000000e+00,0.000000e+00,0.000000e+00,0.000000e+00,0.000000e+00,0.000000e+00,0.000000e+00,0.000000e+00,0.000000e+00,0.000000e+00,0.000000e+00
1.000000e+00,0.000000e+00,0.000000e+00,0.000000e+00,0.000000e+00,0.000000e+00,0.000000e+00,0.000000e+00,0.000000e+00,0.000000e+00,0.000000e+00,0.000000e+00,0.000000e+00,0.000000e+00,0.000000e+00
1.000000e+00,0.000000e+00,0.000000e+00,0.000000e+00,0.000000e+00,0.000000e+00,0.000000e+00,0.000000e+00,0.000000e+00,0.000000e+00,0.000000e+00,0.000000e+00,0.000000e+00,0.000000e+00,0.000000e+00
1.000000e+00,0.000000e+00,0.000000e+00,0.000000e+00,0.000000e+00,0.000000e+00,0.000000e+00,0.000000e+00,0.000000e+00,0.000000e+00,0.000000e+00,0.000000e+00,0.000000e+00,0.000000e+00,0.000000e+00
1.000000e+00,0.000000e+00,0.000000e+00,0.000000e+00,0.000000e+00,0.000000e+00,0.000000e+00,0.000000e+00,0.000000e+00,0.000000e+00,0.000000e+00,0.000000e+00,0.000000e+00,0.000000e+00,0.000000e+00
1.000000e+00,0.000000e+00,0.000000e+00,0.000000e+00,0.000000e+00,0.000000e+00,0.000000e+00,0.000000e+00,0.000000e+00,0.000000e+00,0.000000e+00,0.000000e+00,0.000000e+00,0.000000e+00,0.000000e+00
1.000000e+00,0.000000e+00,0.000000e+00,0.000000e+00,0.000000e+00,0.000000e+00,0.000000e+00,0.000000e+00,0.000000e+00,0.000000e+00,0.000000e+00,0.000000e+00,0.000000e+00,0.000000e+00,0.000000e+00
1.000000e+00,0.000000e+00,0.000000e+00,0.000000e+00,0.000000e+00,0.000000e+00,0.000000e+00,0.000000e+00,0.000000e+00,0.000000e+00,0.000000e+00,0.000000e+00,0.000000e+00,0.000000e+00,0.000000e+00
4.092593e-01,2.898202e-02,3.657074e-01,6.210400e-02,7.746166e-03,2.262202e-02,8.493729e-03,2.493709e-02,8.246812e-03,1.862950e-03,1.421606e-02,1.368628e-02,8.388913e-03,4.621003e-03,1.912634e-02
4.938065e-01,2.444041e-02,2.999846e-01,5.105798e-02,6.630680e-03,2.423406e-02,7.865686e-03,2.141162e-02,7.622770e-03,2.479022e-03,1.303019e-02,1.361508e-02,8.486072e-03,5.792710e-03,1.954256e-02
1.000000e+00,0.000000e+00,0.000000e+00,0.000000e+00,0.000000e+00,0.000000e+00,0.000000e+00,0.000000e+00,0.000000e+00,0.000000e+00,0.000000e+00,0.000000e+00,0.000000e+00,0.000000e+00,0.000000e+00
1.000000e+00,0.000000e+00,0.000000e+00,0.000000e+00,0.000000e+00,0.000000e+00,0.000000e+00,0.000000e+00,0.000000e+00,0.000000e+00,0.000000e+00,0.000000e+00,0.000000e+00,0.000000e+00,0.000000e+00
1.000000e+00,0.000000e+00,0.000000e+00,0.000000e+00,0.000000e+00,0.000000e+00,0.000000e+00,0.000000e+00,0.000000e+00,0.000000e+00,0.000000e+00,0.000000e+00,0.000000e+00,0.000000e+00,0.000000e+00
1.000000e+00,0.000000e+00,0.000000e+00,0.000000e+00,0.000000e+00,0.000000e+00,0.000000e+00,0.000000e+00,0.000000e+00,0.000000e+00,0.000000e+00,0.000000e+00,0.000000e+00,0.000000e+00,0.000000e+00
1.000000e+00,0.000000e+00,0.000000e+00,0.000000e+00,0.000000e+00,0.000000e+00,0.000000e+00,0.000000e+00,0.000000e+00,0.000000e+00,0.000000e+00,0.000000e+00,0.000000e+00,0.000000e+00,0.000000e+00
1.000000e+00,0.000000e+00,0.000000e+00,0.000000e+00,0.000000e+00,0.000000e+00,0.000000e+00,0.000000e+00,0.000000e+00,0.000000e+00,0.000000e+00,0.000000e+00,0.000000e+00,0.000000e+00,0.000000e+00
1.000000e+00,0.000000e+00,0.000000e+00,0.000000e+00,0.000000e+00,0.000000e+00,0.000000e+00,0.000000e+00,0.000000e+00,0.000000e+00,0.000000e+00,0.000000e+00,0.000000e+00,0.000000e+00,0.000000e+00
1.000000e+00,0.000000e+00,0.000000e+00,0.000000e+00,0.000000e+00,0.000000e+00,0.000000e+00,0.000000e+00,0.000000e+00,0.000000e+00,0.000000e+00,0.000000e+00,0.000000e+00,0.000000e+00,0.000000e+00
1.000000e+00,0.000000e+00,0.000000e+00,0.000000e+00,0.000000e+00,0.000000e+00,0.000000e+00,0.000000e+00,0.000000e+00,0.000000e+00,0.000000e+00,0.000000e+00,0.000000e+00,0.000000e+00,0.000000e+00
1.000000e+00,0.000000e+00,0.000000e+00,0.000000e+00,0.000000e+00,0.000000e+00,0.000000e+00,0.000000e+00,0.000000e+00,0.000000e+00,0.000000e+00,0.000000e+00,0.000000e+00,0.000000e+00,0.000000e+00
1.000000e+00,0.000000e+00,0.000000e+00,0.000000e+00,0.000000e+00,0.000000e+00,0.000000e+00,0.000000e+00,0.000000e+00,0.000000e+00,0.000000e+00,0.000000e+00,0.000000e+00,0.000000e+00,0.000000e+00
1.000000e+00,0.000000e+00,0.000000e+00,0.000000e+00,0.000000e+00,0.000000e+00,0.000000e+00,0.000000e+00,0.000000e+00,0.000000e+00,0.000000e+00,0.000000e+00,0.000000e+00,0.000000e+00,0.000000e+00
3.783020e-01,7.118559e-02,1.073804e-01,1.694480e-01,9.593563e-03,2.080098e-02,5.241141e-03,2.659682e-02,1.602851e-02,2.073654e-02,1.031861e-02,1.452230e-02,9.140175e-03,4.874045e-03,1.358312e-01
2.783993e-01,6.300891e-02,1.438099e-01,1.833791e-01,8.320834e-03,1.544247e-02,4.086663e-03,2.020722e-02,1.857741e-02,4.919134e-02,8.458438e-03,1.101085e-02,7.859653e-03,3.752915e-03,1.844950e-01
2.265709e-01,7.358955e-02,1.105216e-01,1.467932e-01,1.061495e-02,1.310983e-02,3.922495e-03,1.490039e-02,2.341814e-02,6.453340e-02,7.243714e-03,9.451074e-03,7.410579e-03,5.432749e-03,2.824875e-01
1.603951e-01,8.063278e-02,1.222024e-01,2.000861e-01,8.671762e-03,1.009498e-02,3.091163e-03,1.052355e-02,2.254547e-02,9.067226e-02,5.809937e-03,6.995784e-03,5.533800e-03,4.065135e-03,2.686799e-01
1.123229e-01,5.916841e-02,1.069477e-01,3.129913e-01,6.185762e-03,7.233564e-03,2.198197e-03,7.401872e-03,3.535928e-02,1.204585e-01,6.877664e-03,5.531545e-03,6.481946e-03,2.866565e-03,2.079747e-01
7.865863e-02,4.209739e-02,7.763559e-02,3.757614e-01,4.430130e-03,5.530586e-03,1.568955e-03,5.279359e-03,3.437314e-02,8.750475e-02,1.247099e-01,4.163679e-03,7.824343e-03,2.251968e-03,1.482102e-01
5.508488e-02,2.970524e-02,5.524232e-02,3.842354e-01,3.161392e-03,3.930768e-03,1.113098e-03,3.747083e-03,3.354170e-02,6.231989e-02,2.497345e-01,3.532556e-03,6.993241e-03,2.250419e-03,1.054075e-01
3.859594e-02,2.100761e-02,3.894888e-02,3.378595e-01,2.461801e-03,2.884686e-03,7.904174e-04,2.798122e-03,4.262607e-02,4.433470e-02,3.524643e-01,3.225146e-03,1.990956e-02,1.379515e-02,7.829820e-02
2.711100e-02,1.500451e-02,2.747724e-02,3.046587e-01,2.408265e-03,2.235606e-03,6.107392e-04,2.220453e-03,9.176063e-02,3.466292e-02,3.561471e-01,4.199173e-03,2.411061e-02,3.056941e-02,7.682370e-02
1.901107e-02,1.052914e-02,1.926322e-02,2.169205e-01,4.062294e-03,3.441051e-03,6.490673e-04,2.126587e-03,7.725871e-02,2.609615e-02,5.000066e-01,6.918031e-03,2.090312e-02,2.906532e-02,6.374926e-02
1.336333e-02,7.396005e-03,1.351331e-02,1.556618e-01,3.592241e-03,4.763398e-03,5.490503e-04,1.595689e-03,6.486458e-02,2.189483e-02,5.538741e-01,5.389038e-02,1.925011e-02,3.217357e-02,5.361761e-02
9.469027e-03,5.224847e-03,9.553032e-03,1.122108e-01,3.650442e-03,6.391536e-03,5.129128e-04,1.408212e-03,5.515882e-02,1.626574e-02,5.828565e-01,8.761633e-02,2.320509e-02,3.414131e-02,5.233543e-02
6.665257e-03,3.663332e-03,6.711422e-03,7.893447e-02,2.599837e-03,4.739895e-03,3.701588e-04,1.019233e-03,3.938403e-02,1.216201e-02,6.702952e-01,7.401241e-02,1.739405e-02,3.481355e-02,4.723516e-02
4.687665e-03,2.570386e-03,4.728292e-03,5.535606e-02,1.827609e-03,3.352097e-03,2.622471e-04,7.368083e-04,2.781157e-02,9.422223e-03,7.325628e-01,5.568184e-02,1.241202e-02,3.979912e-02,4.878921e-02
3.419104e-03,1.904653e-03,4.317431e-03,3.899444e-02,1.732167e-03,2.780983e-03,2.705397e-04,2.073757e-03,1.977243e-02,7.527436e-03,6.828992e-01,4.278709e-02,1.045712e-02,3.633696e-02,1.447267e-01
2.467896e-03,1.368564e-03,3.781831e-03,2.747962e-02,1.595385e-03,2.021673e-03,1.999488e-04,1.532571e-03,1.402229e-02,6.466486e-03,7.518030e-01,3.269124e-02,7.787645e-03,3.077695e-02,1.160049e-01
1.898963e-03,1.181956e-03,5.930016e-03,1.935343e-02,1.339047e-03,1.506639e-03,1.573244e-04,1.179134e-03,1.005943e-02,5.007861e-03,8.004768e-01,2.600488e-02,5.753248e-03,3.469839e-02,8.545285e-02
1.372550e-03,9.324845e-04,9.025961e-03,1.364147e-02,1.144045e-03,1.347635e-03,1.300636e-04,1.742059e-03,7.584506e-03,3.668447e-03,8.393723e-01,1.913499e-02,4.194822e-03,3.559285e-02,6.111584e-02
1.010774e-03,9.757960e-04,1.872869e-02,9.768065e-03,2.002037e-03,4.590510e-03,1.406300e-04,4.134404e-03,1.027741e-02,2.634139e-03,8.518429e-01,1.389940e-02,3.165089e-03,3.314645e-02,4.368377e-02
9.814283e-04,4.770648e-03,2.742039e-02,7.333890e-03,2.151256e-03,2.936989e-02,1.693620e-04,1.108611e-02,6.220115e-02,2.275619e-03,7.499166e-01,1.220091e-02,3.422467e-03,5.552847e-02,3.117187e-02
1.224722e-03,8.745032e-03,5.667559e-02,7.122991e-03,2.184823e-03,5.771474e-02,2.432749e-04,4.126608e-02,1.439202e-01,2.590872e-03,5.596437e-01,1.121130e-02,4.207211e-03,8.099915e-02,2.225026e-02
3.927213e-03,1.074043e-02,1.171334e-01,1.609241e-02,4.103040e-03,8.234346e-02,3.316663e-04,3.688068e-02,2.091400e-01,2.549230e-03,4.165735e-01,8.208561e-03,3.664560e-03,7.188325e-02,1.642862e-02
1.751248e-02,1.194485e-02,1.037001e-01,1.842981e-02,2.026505e-02,1.074271e-01,5.340687e-04,4.118842e-02,2.703388e-01,3.219198e-03,3.232161e-01,6.204659e-03,3.879031e-03,5.982902e-02,1.231124e-02
2.372956e-02,1.304181e-02,8.359028e-02,2.014207e-02,2.647251e-02,1.475515e-01,8.095815e-04,3.651062e-02,3.299747e-01,3.719030e-03,2.386087e-01,4.614229e-03,3.952052e-03,5.744797e-02,9.835299e-03
1.951910e-02,2.832939e-02,6.042905e-02,3.369582e-02,2.862490e-02,1.250001e-01,7.533463e-04,2.911486e-02,4.244525e-01,6.008332e-03,1.691570e-01,3.389604e-03,3.434689e-03,5.317290e-02,1.491841e-02
1.574467e-02,2.827308e-02,4.295532e-02,5.056599e-02,3.383755e-02,1.051758e-01,6.970847e-04,3.325786e-02,5.065080e-01,5.258092e-03,1.203361e-01,2.507867e-03,3.058560e-03,3.899800e-02,1.282597e-02
1.432140e-02,2.912079e-02,3.070085e-02,5.382115e-02,7.689394e-02,1.029279e-01,6.128079e-04,3.182309e-02,5.208278e-01,5.120979e-03,8.552312e-02,1.939248e-03,2.597967e-03,2.875798e-02,1.501100e-02
1.085927e-02,2.298284e-02,2.183998e-02,1.125360e-01,6.093035e-02,7.454875e-02,4.440953e-04,2.626980e-02,5.631555e-01,5.428442e-03,6.040537e-02,1.393252e-03,1.906680e-03,2.035041e-02,1.694933e-02
1.856077e-02,2.028530e-02,1.561757e-02,1.037342e-01,1.082180e-01,6.658114e-02,4.994405e-04,6.724817e-02,5.123951e-01,4.196050e-03,4.300406e-02,1.066642e-03,1.467405e-03,1.463927e-02,2.248698e-02
4.811576e-02,2.871856e-02,1.229952e-02,9.033576e-02,1.644073e-01,9.122875e-02,7.855599e-04,6.648041e-02,4.202870e-01,3.061199e-03,3.173634e-02,1.024624e-03,1.555939e-03,1.150817e-02,2.845513e-02
5.902867e-02,3.572808e-02,4.694005e-02,1.621732e-01,1.405663e-01,8.000669e-02,1.161807e-03,8.030871e-02,3.133615e-01,3.048449e-03,2.402666e-02,1.468354e-03,2.021143e-03,8.562763e-03,4.159766e-02
6.533901e-02,3.947165e-02,4.267768e-02,1.492265e-01,1.156039e-01,7.893620e-02,1.664147e-03,1.002136e-01,2.490246e-01,6.577891e-03,1.819780e-02,1.674589e-03,2.627730e-03,6.769343e-03,1.219954e-01
5.317151e-02,6.829731e-02,3.714515e-02,1.147066e-01,8.770820e-02,6.258226e-02,1.561887e-03,7.987164e-02,2.078233e-01,1.273855e-02,1.366184e-02,1.771883e-03,3.919629e-03,5.409723e-03,2.496305e-01
5.253018e-02,8.889709e-02,3.263669e-02,9.804735e-02,8.350249e-02,1.089898e-01,2.345175e-03,6.633790e-02,1.822822e-01,1.347598e-02,1.044524e-02,1.875376e-03,4.125997e-03,4.218077e-03,2.502905e-01
5.404375e-02,9.258754e-02,4.162411e-02,8.495593e-02,6.462537e-02,1.182618e-01,1.933687e-03,5.341463e-02,1.527773e-01,2.228281e-02,8.291299e-03,2.090109e-03,4.010299e-03,4.032471e-03,2.950688e-01
6.311132e-02,8.243560e-02,3.717112e-02,8.474495e-02,4.813237e-02,9.624477e-02,1.538505e-03,4.403069e-02,1.370037e-01,4.375560e-02,1.085440e-02,2.195915e-03,4.282698e-03,6.847939e-03,3.376504e-01
8.200536e-02,7.907348e-02,3.338791e-02,7.528786e-02,4.254057e-02,1.245212e-01,1.477096e-03,5.035520e-02,1.743276e-01,4.018995e-02,1.569647e-02,3.988058e-03,1.056395e-02,1.084259e-02,2.557427e-01
1.038341e-01,1.067009e-01,3.651326e-02,6.322241e-02,4.791817e-02,1.227222e-01,2.180634e-03,3.711986e-02,2.107025e-01,3.226589e-02,1.560156e-02,4.322297e-03,2.066581e-02,8.930039e-03,1.873005e-01
1.108020e-01,1.131351e-01,4.302082e-02,6.398988e-02,4.138063e-02,1.088466e-01,2.807061e-03,3.003251e-02,1.792148e-01,5.551562e-02,4.687665e-02,5.351278e-03,1.658682e-02,9.818928e-03,1.726213e-01
1.177088e-01,1.105005e-01,6.396022e-02,5.734082e-02,4.460828e-02,1.339370e-01,4.949194e-03,4.524466e-02,1.829169e-01,4.461605e-02,3.695102e-02,5.744002e-03,1.584392e-02,8.340335e-03,1.273383e-01
1.106067e-01,8.654474e-02,1.591219e-01,5.122112e-02,4.185635e-02,1.372680e-01,5.678632e-03,6.647676e-02,1.564212e-01,3.616317e-02,2.813406e-02,4.952950e-03,1.421755e-02,6.489605e-03,9.484732e-02
1.013337e-01,9.002069e-02,1.775754e-01,4.113675e-02,4.035217e-02,1.520935e-01,5.751180e-03,5.816338e-02,1.677657e-01,4.905076e-02,2.138562e-02,4.299407e-03,1.276652e-02,5.328410e-03,7.297684e-02
1.846694e-01,8.203235e-02,1.735591e-01,3.620449e-02,3.313366e-02,1.603613e-01,5.141214e-03,5.026287e-02,1.374050e-01,3.612132e-02,1.887946e-02,4.965706e-03,1.583675e-02,5.302549e-03,5.612483e-02
2.927370e-01,7.452752e-02,1.316801e-01,3.038608e-02,2.749306e-02,1.458265e-01,5.180494e-03,4.375461e-02,1.220655e-01,2.689025e-02,1.696549e-02,5.999431e-03,2.319207e-02,7.079361e-03,4.622258e-02
3.497466e-01,6.758665e-02,1.038972e-01,2.723745e-02,2.329747e-02,1.558993e-01,4.582676e-03,4.012907e-02,1.069316e-01,2.163163e-02,1.577442e-02,7.128138e-03,2.382478e-02,8.465651e-03,4.386724e-02
4.223322e-01,5.931963e-02,8.137936e-02,2.415994e-02,1.937149e-02,1.220159e-01,4.256598e-03,3.795655e-02,1.041273e-01,1.682143e-02,1.704127e-02,9.096459e-03,3.266021e-02,1.062335e-02,3.883826e-02
1.000000e+00,0.000000e+00,0.000000e+00,0.000000e+00,0.000000e+00,0.000000e+00,0.000000e+00,0.000000e+00,0.000000e+00,0.000000e+00,0.000000e+00,0.000000e+00,0.000000e+00,0.000000e+00,0.000000e+00
3.645206e-01,1.524416e-01,5.045426e-02,7.865442e-02,1.300105e-02,6.954412e-02,3.227312e-03,2.125790e-02,6.255916e-02,1.408751e-02,1.723044e-02,1.787360e-02,2.440382e-02,1.004501e-02,1.006993e-01
2.644832e-01,1.279396e-01,3.880854e-02,5.902650e-02,9.539453e-03,6.359993e-02,2.480194e-03,1.537199e-02,6.645750e-02,2.702772e-02,2.079607e-02,1.420520e-02,2.257597e-02,1.544622e-02,2.522421e-01
1.860504e-01,1.048982e-01,3.450573e-02,4.483189e-02,7.138103e-03,4.621350e-02,1.829025e-03,1.096884e-02,9.741555e-02,1.073068e-01,4.510480e-02,1.537581e-02,2.670031e-02,1.920542e-02,2.524557e-01
1.305609e-01,7.491203e-02,2.505234e-02,3.404230e-02,5.662010e-03,3.440057e-02,1.324458e-03,7.941863e-03,1.319890e-01,9.158744e-02,1.002604e-01,1.408154e-02,3.610694e-02,3.276068e-02,2.793176e-01
9.202421e-02,5.442382e-02,1.945268e-02,3.309090e-02,5.308901e-03,2.605638e-02,9.814422e-04,6.418842e-03,2.239894e-01,7.318410e-02,1.207136e-01,1.454317e-02,5.408996e-02,3.515130e-02,2.405712e-01
6.572793e-02,4.340193e-02,1.567379e-02,5.227935e-02,9.263788e-03,2.085820e-02,7.826765e-04,4.830616e-03,3.794849e-01,5.315132e-02,8.862160e-02,1.194970e-02,4.398094e-02,3.110928e-02,1.788839e-01
4.749282e-02,3.191657e-02,1.328671e-02,3.882291e-02,1.166897e-02,2.246681e-02,6.760106e-04,3.700079e-03,2.950444e-01,4.051775e-02,8.419704e-02,1.160214e-02,5.023692e-02,8.078096e-02,2.675899e-01
3.452787e-02,2.560266e-02,9.831921e-03,2.768754e-02,8.670133e-03,1.763574e-02,5.790568e-04,2.660350e-03,2.342200e-01,3.068390e-02,6.508741e-02,9.502393e-03,3.929186e-02,1.186727e-01,3.753465e-01
2.491079e-02,3.978686e-02,7.781296e-03,2.135177e-02,7.056820e-03,1.564659e-02,5.137151e-04,2.283755e-03,2.320968e-01,2.378191e-02,5.227570e-02,7.537366e-03,3.136471e-02,2.018602e-01,3.317518e-01
1.776099e-02,3.061689e-02,6.009735e-03,1.629269e-02,5.401595e-03,1.177711e-02,6.478789e-04,7.285741e-03,2.589768e-01,1.733253e-02,3.943370e-02,5.751484e-03,2.342326e-02,3.101772e-01,2.491124e-01
1.327401e-02,3.198698e-02,5.750260e-03,1.588774e-02,4.196887e-03,8.766046e-03,5.292874e-04,6.271973e-03,3.221947e-01,1.262020e-02,2.943048e-02,4.485729e-03,1.762407e-02,3.187102e-01,2.082714e-01
9.530758e-03,3.065232e-02,5.346000e-03,1.565986e-02,3.098760e-03,6.555177e-03,3.821516e-04,4.570123e-03,4.759040e-01,9.134473e-03,2.208034e-02,3.369983e-03,1.362037e-02,2.409819e-01,1.591138e-01
6.819392e-03,3.790497e-02,3.941508e-03,1.516323e-02,2.213675e-03,4.620704e-03,2.691961e-04,3.210968e-03,6.060731e-01,7.148105e-03,1.654624e-02,2.676827e-03,1.127737e-02,1.693059e-01,1.128288e-01
6.443188e-03,4.412486e-02,6.428246e-03,1.666370e-02,1.934589e-03,3.447525e-03,3.634662e-04,4.280866e-03,5.374522e-01,7.642353e-03,3.857818e-02,6.646725e-03,2.612996e-02,1.386505e-01,1.612137e-01
9.649292e-03,4.249727e-02,1.029644e-01,5.294422e-02,2.349815e-02,5.277833e-03,2.256813e-03,5.731058e-03,4.147621e-01,6.415293e-03,4.397908e-02,5.869994e-03,2.544343e-02,1.042267e-01,1.544844e-01
9.052552e-03,3.786220e-02,1.890207e-01,1.485491e-01,3.017724e-02,4.170133e-03,1.940165e-03,5.976916e-03,3.235158e-01,5.016033e-03,3.235022e-02,4.185560e-03,1.830363e-02,7.395574e-02,1.159240e-01
1.516451e-02,5.940187e-02,1.595715e-01,1.149312e-01,4.614899e-02,5.443445e-03,2.076582e-03,5.434942e-03,3.350153e-01,4.540597e-03,2.381711e-02,3.025808e-03,1.390712e-02,5.533908e-02,1.561820e-01
2.047601e-02,7.849741e-02,1.372127e-01,1.066440e-01,6.105257e-02,7.269958e-03,2.858461e-03,1.032638e-02,3.400453e-01,5.954952e-03,1.729965e-02,2.320699e-03,1.184060e-02,3.953200e-02,1.586692e-01
2.827118e-02,7.572057e-02,1.973139e-01,1.265659e-01,5.083091e-02,8.010211e-03,3.267620e-03,1.165184e-02,3.119350e-01,7.740665e-03,1.370152e-02,1.919026e-03,8.998817e-03,2.882789e-02,1.252449e-01
4.372630e-02,1.041776e-01,2.028646e-01,1.031050e-01,5.034383e-02,8.818499e-03,3.601737e-03,1.299520e-02,2.871763e-01,1.148832e-02,1.325651e-02,2.152406e-03,7.928436e-03,2.418417e-02,1.241812e-01
4.185280e-02,9.875636e-02,2.634840e-01,1.233113e-01,4.124133e-02,7.669285e-03,2.997039e-03,1.132215e-02,2.657123e-01,1.141771e-02,1.046586e-02,1.687920e-03,5.904324e-03,1.801369e-02,9.616397e-02
5.478667e-02,9.875172e-02,3.274065e-01,1.074269e-01,4.319344e-02,1.208969e-02,4.969515e-03,2.255416e-02,2.111966e-01,8.601313e-03,1.189316e-02,2.720005e-03,5.417526e-03,1.377896e-02,7.521378e-02
6.491580e-02,8.037320e-02,2.937289e-01,8.119247e-02,3.622420e-02,1.337809e-02,4.667703e-03,1.346278e-01,1.923236e-01,6.931697e-03,1.109167e-02,2.684189e-03,8.718953e-03,1.138248e-02,5.775925e-02
1.106939e-01,6.161021e-02,2.602013e-01,7.400840e-02,5.030596e-02,4.670345e-02,7.239057e-03,1.240480e-01,1.457957e-01,1.717024e-02,1.921285e-02,8.594948e-03,8.756424e-03,9.921841e-03,5.573771e-02
1.690479e-01,4.901426e-02,2.032691e-01,6.282802e-02,8.005061e-02,6.384227e-02,7.731391e-03,1.116851e-01,1.084342e-01,2.267390e-02,1.862386e-02,1.015231e-02,9.771613e-03,9.670515e-03,7.320493e-02
1.847645e-01,4.787333e-02,1.831495e-01,5.389964e-02,1.203285e-01,6.335323e-02,6.944056e-03,8.681086e-02,9.503008e-02,3.321861e-02,1.633305e-02,9.348800e-03,1.014287e-02,8.047308e-03,8.075570e-02
2.256585e-01,4.365210e-02,1.340266e-01,4.538494e-02,1.253276e-01,5.597696e-02,7.443759e-03,6.938584e-02,1.414829e-01,3.616152e-02,1.420402e-02,9.628039e-03,1.048216e-02,7.239996e-03,7.394493e-02
2.812189e-01,4.620361e-02,1.019645e-01,3.984332e-02,1.426230e-01,4.807874e-02,7.612750e-03,5.940923e-02,1.280015e-01,2.913630e-02,1.223404e-02,9.400814e-03,1.396688e-02,7.294277e-03,7.301213e-02
2.036761e-01,4.141700e-02,7.401168e-02,1.718464e-01,1.021262e-01,6.309553e-02,5.602061e-03,4.180015e-02,9.532427e-02,2.853639e-02,3.249623e-02,1.133485e-02,3.372789e-02,5.686891e-03,8.931839e-02
1.453746e-01,3.189030e-02,5.252602e-02,1.299699e-01,7.189369e-02,1.463049e-01,4.117281e-03,2.937706e-02,7.148288e-02,3.473113e-02,3.334992e-02,1.430676e-02,5.412650e-02,7.542236e-03,1.730068e-01
1.061093e-01,2.387349e-02,3.748746e-02,9.717976e-02,5.073715e-02,1.364267e-01,2.959675e-03,2.073832e-02,5.791263e-02,4.064441e-02,4.498672e-02,1.956494e-02,7.487157e-02,5.903402e-03,2.806044e-01
7.716990e-02,1.881549e-02,2.729859e-02,8.752736e-02,3.656269e-02,1.253799e-01,2.230713e-03,1.471446e-02,5.099241e-02,3.193737e-02,5.624487e-02,3.107158e-02,1.336162e-01,4.464295e-03,3.019742e-01
5.846228e-02,1.425945e-02,1.982819e-02,6.572348e-02,2.638722e-02,1.634062e-01,2.553054e-03,1.055395e-02,3.850485e-02,2.597664e-02,5.029370e-02,4.854498e-02,1.940536e-01,3.906877e-03,2.775455e-01
4.174218e-02,1.026637e-02,1.420091e-02,4.708475e-02,1.864079e-02,1.575460e-01,2.029000e-03,7.425842e-03,2.823270e-02,1.915438e-02,3.909591e-02,7.182155e-02,3.179071e-01,3.187264e-03,2.216652e-01
2.970223e-02,7.330063e-03,1.038691e-02,3.403821e-02,1.350249e-02,1.329312e-01,1.792266e-03,5.308336e-03,2.081093e-02,1.463187e-02,2.937089e-02,6.908362e-02,4.622398e-01,2.462720e-03,1.664084e-01
2.130163e-02,5.502773e-03,7.529288e-03,2.461665e-02,9.865387e-03,9.632006e-02,1.438006e-03,3.774930e-03,1.631909e-02,1.075463e-02,2.265650e-02,1.233704e-01,5.336977e-01,1.828731e-03,1.210243e-01
1.527645e-02,4.046374e-03,5.462975e-03,1.756575e-02,7.383225e-03,6.791040e-02,1.168739e-03,2.727292e-03,1.331075e-02,7.934116e-03,1.711606e-02,1.457512e-01,6.073468e-01,1.330435e-03,8.566950e-02
1.109271e-02,3.234012e-03,3.895802e-03,1.237205e-02,5.551176e-03,4.876942e-02,1.025086e-03,1.982181e-03,1.229658e-02,5.897849e-03,1.358813e-02,1.575845e-01,6.589504e-01,2.558147e-03,6.120195e-02
8.159291e-03,4.824377e-03,3.040644e-03,8.744241e-03,4.665869e-03,4.105895e-02,1.294321e-03,1.904389e-03,2.107944e-02,4.419178e-03,1.134304e-02,1.423144e-01,7.010788e-01,2.424177e-03,4.364889e-02
6.802596e-03,9.119320e-03,3.688470e-03,6.361076e-03,4.798156e-03,3.602442e-02,1.462113e-03,5.708547e-03,2.573118e-02,3.348825e-03,9.620339e-03,1.416516e-01,7.116376e-01,2.761488e-03,3.128439e-02
6.543993e-03,7.246462e-03,2.773567e-03,4.503769e-03,4.033536e-03,2.864510e-02,6.605835e-03,8.289484e-03,2.739071e-02,2.906635e-03,7.269409e-03,1.700679e-01,6.995730e-01,2.008404e-03,2.214219e-02
8.085792e-03,8.835744e-03,2.851436e-03,3.324340e-03,3.958733e-03,3.368120e-02,1.117662e-02,1.565788e-02,4.542565e-02,3.128514e-03,5.731223e-03,1.794015e-01,6.613398e-01,1.579590e-03,1.582197e-02
1.292484e-02,9.694075e-03,2.582306e-03,2.528022e-03,3.649611e-03,4.346528e-02,1.097773e-02,1.759081e-02,5.697485e-02,3.441830e-03,4.455769e-03,1.421897e-01,6.768703e-01,1.247889e-03,1.140698e-02
1.675075e-02,2.421495e-02,5.998651e-03,6.608971e-03,3.632899e-03,1.267644e-01,8.829142e-03,1.620645e-02,9.663846e-02,3.245645e-03,4.555806e-03,1.118604e-01,5.650878e-01,1.046044e-03,8.559631e-03
1.964014e-02,2.399597e-02,5.321252e-03,5.808307e-03,4.166145e-03,1.303536e-01,8.782505e-03,2.755462e-02,1.006832e-01,2.443627e-03,3.936872e-03,8.403685e-02,5.750287e-01,9.239800e-04,7.324272e-03
2.746278e-02,1.802412e-02,4.416990e-03,4.562547e-03,6.022716e-03,1.021226e-01,8.917333e-02,7.023039e-02,8.812885e-02,1.950224e-03,3.001492e-03,5.960771e-02,5.177358e-01,8.249753e-04,6.735480e-03
3.605837e-02,1.461223e-02,4.906589e-03,3.863476e-03,6.835489e-03,8.413073e-02,1.631016e-01,8.137091e-02,7.706692e-02,1.921211e-03,2.368502e-03,4.340331e-02,4.712470e-01,7.649630e-04,8.348733e-03
4.745883e-02,1.280140e-02,4.083797e-03,3.189453e-03,9.345448e-03,6.857893e-02,2.025023e-01,1.175988e-01,7.884972e-02,1.800010e-03,3.895838e-03,3.128836e-02,4.106107e-01,6.408622e-04,7.355474e-03
4.788255e-02,1.651022e-02,3.715968e-03,2.683986e-03,1.173567e-02,6.599304e-02,1.748903e-01,1.641449e-01,8.250875e-02,1.814808e-03,4.084377e-03,2.322370e-02,3.914627e-01,6.810021e-04,8.668004e-03
4.399760e-02,1.766536e-02,4.228727e-03,2.257389e-03,1.466691e-02,5.929938e-02,1.458213e-01,2.206695e-01,8.017723e-02,1.877492e-03,4.077204e-03,1.720863e-02,3.781385e-01,6.362153e-04,9.278476e-03
4.403041e-02,2.078827e-02,5.211263e-03,2.176587e-03,1.891251e-02,5.028203e-02,1.177050e-01,1.935427e-01,9.831499e-02,2.376170e-03,4.780198e-03,1.419129e-02,4.163961e-01,7.399897e-04,1.055249e-02
4.377282e-02,2.456329e-02,6.717565e-03,1.975216e-03,2.158105e-02,4.663253e-02,9.203457e-02,2.193548e-01,1.179420e-01,2.717029e-03,4.413284e-03,1.085234e-02,3.926637e-01,7.901702e-04,1.398969e-02
5.638216e-02,2.729225e-02,8.166232e-03,2.017185e-03,1.983411e-02,4.277439e-02,7.830071e-02,1.992983e-01,1.405307e-01,3.709424e-03,4.031722e-03,9.188777e-03,3.683094e-01,9.059671e-04,3.925875e-02
7.715007e-02,4.304586e-02,1.396986e-02,2.395066e-03,1.907378e-02,4.134259e-02,6.910233e-02,1.585704e-01,1.893457e-01,4.444995e-03,3.584153e-03,7.459164e-03,2.860701e-01,1.197118e-03,8.324892e-02
8.785190e-02,4.722468e-02,2.419824e-02,3.770647e-03,2.554848e-02,3.815680e-02,7.437053e-02,1.253285e-01,2.228547e-01,4.762614e-03,4.077872e-03,6.640601e-03,2.476021e-01,1.237308e-03,8.637507e-02
8.670804e-02,6.110900e-02,3.132610e-02,4.739178e-03,2.492621e-02,3.516983e-02,8.336708e-02,1.465902e-01,2.300204e-01,5.358207e-03,6.073856e-03,6.287642e-03,2.044275e-01,1.034406e-03,7.286234e-02
8.171871e-02,7.879649e-02,3.535294e-02,4.998526e-03,2.578756e-02,4.630074e-02,7.996640e-02,1.538094e-01,2.438216e-01,5.690418e-03,7.540080e-03,7.439842e-03,1.707269e-01,7.885868e-04,5.726183e-02
8.029353e-02,8.672188e-02,5.012196e-02,5.641993e-02,2.495496e-02,5.175456e-02,5.798745e-02,1.088378e-01,1.911158e-01,1.573886e-02,2.557369e-02,4.676005e-02,1.451846e-01,8.452826e-04,5.768970e-02
5.909591e-02,7.325325e-02,4.115256e-02,5.821601e-02,2.338531e-02,4.051039e-02,4.460202e-02,7.708614e-02,1.975000e-01,6.401502e-02,3.498391e-02,3.697883e-02,1.423048e-01,1.995453e-03,1.049204e-01
4.620583e-02,5.579676e-02,3.324571e-02,5.011683e-02,2.128565e-02,3.208072e-02,3.503150e-02,6.650708e-02,1.607540e-01,6.422521e-02,5.388516e-02,2.891295e-02,1.314652e-01,2.767016e-03,2.177204e-01
3.663013e-02,3.980955e-02,2.987775e-02,4.495146e-02,1.989892e-02,2.634733e-02,2.568612e-02,4.964259e-02,1.190649e-01,5.515464e-02,5.517714e-02,2.169235e-02,1.087593e-01,2.799445e-03,3.645084e-01
2.615843e-02,2.796180e-02,2.164782e-02,3.307449e-02,1.492317e-02,1.920544e-02,1.812527e-02,3.504013e-02,8.516237e-02,4.181188e-02,4.689619e-02,1.568423e-02,8.428323e-02,2.633123e-03,5.273924e-01
1.842287e-02,1.960300e-02,1.548905e-02,2.360273e-02,1.073259e-02,1.361276e-02,1.270114e-02,2.493889e-02,5.992436e-02,3.046077e-02,3.855873e-02,1.151744e-02,6.150217e-02,2.844206e-03,6.560893e-01
1.316971e-02,1.379533e-02,1.173627e-02,1.723867e-02,8.625664e-03,1.404014e-02,9.106260e-03,2.354466e-02,4.253616e-02,2.276707e-02,3.873333e-02,8.358963e-03,4.741848e-02,2.691013e-03,7.262384e-01
9.578389e-03,9.929532e-03,1.248264e-02,1.314839e-02,6.614516e-03,1.811092e-02,7.053263e-03,2.152911e-02,3.084658e-02,1.636564e-02,3.027929e-02,6.016623e-03,3.473229e-02,2.876801e-03,7.804360e-01
8.118530e-03,8.119913e-03,1.239204e-02,1.141842e-02,6.859617e-03,4.580668e-02,5.839384e-03,1.758644e-02,2.688693e-02,1.226921e-02,2.214676e-02,4.448499e-03,2.900608e-02,2.301147e-03,7.868004e-01
7.685799e-03,8.234460e-03,1.090103e-02,8.884308e-03,7.367332e-03,5.596064e-02,4.967905e-03,1.527076e-02,2.921020e-02,9.052758e-03,1.608531e-02,3.376958e-03,3.468307e-02,1.752690e-03,7.865669e-01
7.023436e-03,1.314404e-02,9.566075e-03,1.328755e-02,5.548153e-03,5.863044e-02,3.594521e-03,1.227425e-02,2.245673e-01,7.514933e-03,1.178004e-02,2.748669e-03,3.247636e-02,1.307036e-03,5.965373e-01
6.246868e-03,2.077979e-02,7.371514e-03,1.641045e-02,4.329621e-03,4.745529e-02,2.668884e-03,9.698928e-03,3.193843e-01,6.659326e-03,9.004137e-03,2.728035e-03,4.206599e-02,1.151705e-03,5.040452e-01
5.933828e-03,2.511591e-02,5.833864e-03,1.399932e-02,4.076228e-03,3.668238e-02,2.382115e-03,1.029163e-02,2.895248e-01,5.388458e-03,7.246345e-03,2.760701e-03,8.880400e-02,9.720890e-04,5.009884e-01
5.268348e-03,2.703524e-02,4.919100e-03,1.167595e-02,4.184579e-03,2.705732e-02,2.174211e-03,1.044293e-02,3.510605e-01,4.255691e-03,5.604720e-03,2.622936e-03,1.018694e-01,9.032616e-04,4.409258e-01
4.692285e-03,2.383764e-02,4.201441e-03,8.874946e-03,5.208762e-03,2.101846e-02,3.088147e-03,2.570280e-02,2.911704e-01,3.137619e-03,4.663316e-03,3.243793e-03,1.542670e-01,8.641211e-04,4.460292e-01
7.988241e-03,2.745398e-02,5.723805e-03,6.782392e-03,7.303521e-03,2.362115e-02,2.551659e-03,2.644091e-02,2.424250e-01,2.302468e-03,4.229643e-03,4.203497e-03,3.033330e-01,1.054123e-03,3.345866e-01
9.889577e-03,3.198677e-02,8.514357e-03,5.288383e-03,9.920886e-03,5.202332e-02,3.044482e-03,2.305314e-02,2.138895e-01,2.075631e-03,3.126208e-03,4.765242e-03,3.870142e-01,8.924925e-04,2.445157e-01
1.305691e-02,3.550416e-02,3.039012e-02,2.217519e-02,1.718369e-02,6.988928e-02,5.555456e-03,3.379973e-02,2.291844e-01,3.221555e-03,2.517523e-03,4.689498e-03,3.474193e-01,7.812586e-04,1.846319e-01
2.016810e-02,3.009027e-02,2.632826e-02,1.602259e-02,1.557099e-02,7.408597e-02,4.342150e-03,3.241224e-02,1.972952e-01,2.353305e-03,2.078970e-03,3.890783e-03,4.420724e-01,9.470120e-04,1.323418e-01
2.636848e-02,4.005339e-02,2.967587e-02,1.200125e-02,1.730277e-02,9.321526e-02,4.176934e-03,3.539900e-02,1.910521e-01,1.987892e-03,1.772270e-03,3.879426e-03,4.460677e-01,8.665210e-04,9.618115e-02
2.804780e-02,7.102994e-02,7.277143e-02,5.417424e-02,1.595123e-02,7.234422e-02,3.492647e-03,3.052980e-02,2.191371e-01,9.178004e-03,1.476146e-03,3.135722e-03,3.212731e-01,6.992833e-04,9.675927e-02
4.884358e-02,6.509800e-02,5.634804e-02,4.371878e-02,3.238953e-02,7.954940e-02,8.551105e-03,3.097059e-02,2.980884e-01,8.029172e-03,1.152114e-03,2.394269e-03,2.437916e-01,5.726963e-04,8.050277e-02
6.928957e-02,6.464624e-02,5.050648e-02,4.093493e-02,3.813881e-02,1.021199e-01,1.187746e-02,4.846910e-02,3.012333e-01,8.378303e-03,9.932779e-04,1.958869e-03,1.858637e-01,5.783726e-04,7.501172e-02
8.421043e-02,6.353904e-02,4.202523e-02,3.110068e-02,4.709207e-02,1.399748e-01,1.105388e-02,5.078717e-02,3.111448e-01,6.199482e-03,9.532181e-04,1.796330e-03,1.518959e-01,6.499417e-04,5.757707e-02
9.763364e-02,7.113504e-02,3.827451e-02,2.616823e-02,4.886520e-02,1.570922e-01,1.315003e-02,5.204282e-02,3.258712e-01,5.387751e-03,9.059330e-04,1.538373e-03,1.114869e-01,7.942083e-04,4.965392e-02
1.238537e-01,6.145768e-02,3.820220e-02,2.693477e-02,5.946156e-02,1.833278e-01,2.293921e-02,4.714823e-02,3.102525e-01,4.583435e-03,9.841456e-04,1.733773e-03,8.116318e-02,8.760844e-04,3.708168e-02
1.502668e-01,5.020845e-02,1.017445e-01,5.174134e-02,7.110089e-02,1.487251e-01,3.050353e-02,4.778018e-02,2.532872e-01,4.512541e-03,9.475237e-04,1.819237e-03,5.861446e-02,6.926936e-04,2.805557e-02
1.565330e-01,4.022508e-02,1.509375e-01,5.457076e-02,8.190118e-02,1.267244e-01,2.774868e-02,6.990989e-02,2.209497e-01,4.068558e-03,8.492395e-04,1.620708e-03,4.248303e-02,5.695077e-04,2.090872e-02
1.835994e-01,4.778655e-02,1.732155e-01,5.259325e-02,8.261095e-02,1.003045e-01,2.311675e-02,5.503921e-02,2.214277e-01,5.243527e-03,9.490522e-04,2.274093e-03,3.211816e-02,7.072719e-04,1.901408e-02
2.170748e-01,5.077957e-02,1.506955e-01,4.853681e-02,9.736612e-02,7.763563e-02,1.937287e-02,4.249863e-02,2.445488e-01,5.909604e-03,1.092975e-03,2.643276e-03,2.420936e-02,7.803321e-04,1.685568e-02
1.724150e-01,8.750430e-02,1.834440e-01,1.536430e-01,8.538675e-02,5.603030e-02,1.398187e-02,3.046299e-02,1.732021e-01,7.526471e-03,1.984257e-03,2.176169e-03,1.734401e-02,6.564085e-04,1.424236e-02
1.210043e-01,1.059603e-01,1.788600e-01,2.040445e-01,6.236468e-02,4.046146e-02,9.983874e-03,2.148900e-02,1.255891e-01,2.426170e-02,6.553791e-02,5.475304e-03,2.023004e-02,2.066529e-03,1.267121e-02
8.481731e-02,8.539075e-02,1.356472e-01,2.831027e-01,4.616952e-02,2.956884e-02,7.150640e-03,1.516112e-02,9.034377e-02,1.913123e-02,1.504288e-01,1.169082e-02,2.534374e-02,6.506579e-03,9.547035e-03
6.070453e-02,6.056032e-02,9.710453e-02,2.444036e-01,3.668065e-02,2.103162e-02,5.107868e-03,1.155477e-02,7.058118e-02,1.482668e-02,2.283954e-01,1.591034e-02,2.153857e-02,1.045191e-01,7.080831e-03
4.364445e-02,4.413553e-02,7.724311e-02,2.085852e-01,2.755598e-02,1.557670e-02,3.769206e-03,9.865738e-03,5.173618e-02,1.173919e-02,3.394293e-01,2.511000e-02,1.662673e-02,1.196253e-01,5.357375e-03
3.111904e-02,3.100883e-02,5.495008e-02,1.601979e-01,2.093585e-02,1.550315e-02,2.702619e-03,7.668788e-03,3.666560e-02,8.556493e-03,3.804975e-01,4.567876e-02,1.343322e-02,1.871483e-01,3.933952e-03
2.219237e-02,2.181682e-02,3.860863e-02,1.192422e-01,1.720385e-02,1.150862e-02,1.919115e-03,5.818962e-03,2.595303e-02,6.079498e-03,4.165033e-01,6.218432e-02,1.022139e-02,2.379468e-01,2.801168e-03
1.569475e-02,1.530435e-02,2.708529e-02,8.588214e-02,1.416755e-02,8.521222e-03,1.360891e-03,4.173824e-03,1.825861e-02,4.310355e-03,4.762937e-01,5.385754e-02,7.389269e-03,2.657063e-01,1.994139e-03
1.112593e-02,1.133235e-02,1.920537e-02,6.082357e-02,2.496067e-02,6.965298e-03,9.898181e-04,3.106516e-03,1.326182e-02,3.126580e-03,4.787908e-01,6.428462e-02,5.411434e-03,2.951503e-01,1.464979e-03
7.949970e-03,9.075651e-03,1.362569e-02,4.294752e-02,3.904572e-02,5.185442e-03,7.540620e-04,2.264495e-03,1.013382e-02,2.552120e-03,4.732510e-01,6.220709e-02,3.964693e-03,3.257767e-01,1.265978e-03
