1.000000e+00,0.000000e+00,0.000000e+00,0.000000e+00,0.000000e+00,0.000000e+00,0.000000e+00,0.000000e+00,0.000000e+00,0.000000e+00,0.000000e+00,0.000000e+00,0.000000e+00,0.000000e+00,0.000000e+00
1.000000e+00,0.000000e+00,0.000000e+00,0.000000e+00,0.000000e+00,0.000000e+00,0.000000e+00,0.000000e+00,0.000000e+00,0.000000e+00,0.000000e+00,0.000000e+00,0.000000e+00,0.000000e+00,0.000000e+00
1.000000e+00,0.000000e+00,0.000000e+00,0.000000e+00,0.000000e+00,0.000000e+00,0.000000e+00,0.000000e+00,0.000000e+00,0.000000e+00,0.000000e+00,0.000000e+00,0.000000e+00,0.000000e+00,0.000000e+00
1.000000e+00,0.000000e+00,0.000000e+00,0.000000e+00,0.000000e+00,0.000000e+00,0.000000e+00,0.000000e+00,0.000000e+00,0.000000e+00,0.000000e+00,0.000000e+00,0.000000e+00,0.000000e+00,0.000000e+00
1.000000e+00,0.000000e+00,0.000000e+00,0.000000e+00,0.000000e+00,0.000000e+00,0.000000e+00,0.000000e+00,0.000000e+00,0.000000e+00,0.000000e+00,0.000000e+00,0.000000e+00,0.000000e+00,0.000000e+00
1.000000e+00,0.000000e+00,0.000000e+00,0.000000e+00,0.000000e+00,0.000000e+00,0.000000e+00,0.000000e+00,0.000000e+00,0.000000e+00,0.000000e+00,0.000000e+00,0.000000e+00,0.000000e+00,0.000000e+00
1.000000e+00,0.000000e+00,0.000000e+00,0.000000e+00,0.000000e+00,0.000000e+00,0.000000e+00,0.000000e+00,0.000000e+00,0.000000e+00,0.000000e+00,0.000000e+00,0.000000e+00,0.000000e+00,0.000000e+00
1.000000e+00,0.000000e+00,0.000000e+00,0.000000e+00,0.000000e+00,0.000000e+00,0.000000e+00,0.000000e+00,0.000000e+00,0.000000e+00,0.000000e+00,0.000000e+00,0.000000e+00,0.000000e+00,0.000000e+00
1.000000e+00,0.000000e+00,0.000000e+00,0.000000e+00,0.000000e+00,0.000000e+00,0.000000e+00,0.000000e+00,0.000000e+00,0.000000e+00,0.000000e+00,0.000000e+00,0.000000e+00,0.000000e+00,0.000000e+00
1.000000e+00,0.000000e+00,0.000000e+00,0.000000e+00,0.000000e+00,0.000000e+00,0.000000e+00,0.000000e+00,0.000000e+00,0.000000e+00,0.000000e+00,0.000000e+00,0.000000e+00,0.000000e+00,0.000000e+00
1.000000e+00,0.000000e+00,0.000000e+00,0.000000e+00,0.000000e+00,0.000000e+00,0.000000e+00,0.000000e+00,0.000000e+00,0.000000e+00,0.000000e+00,0.000000e+00,0.000000e+00,0.000000e+00,0.000000e+00
1.000000e+00,0.000000e+00,0.000000e+00,0.000000e+00,0.000000e+00,0.000000e+00,0.000000e+00,0.000000e+00,0.000000e+00,0.000000e+00,0.000000e+00,0.000000e+00,0.000000e+00,0.000000e+00,0.000000e+00
1.000000e+00,0.000000e+00,0.000000e+00,0.000000e+00,0.000000e+00,0.000000e+00,0.000000e+00,0.000000e+00,0.000000e+00,0.000000e+00,0.000000e+00,0.000000e+00,0.000000e+00,0.000000e+00,0.000000e+00
1.000000e+00,0.000000e+00,0.000000e+00,0.000000e+00,0.000000e+00,0.000000e+00,0.000000e+00,0.000000e+00,0.000000e+00,0.000000e+00,0.000000e+00,0.000000e+00,0.000000e+00,0.000000e+00,0.000000e+00
1.000000e+00,0.000000e+00,0.000000e+00,0.000000e+00,0.000000e+00,0.000000e+00,0.000000e+00,0.000000e+00,0.000000e+00,0.000000e+00,0.000000e+00,0.000000e+00,0.000000e+00,0.000000e+00,0.000000e+00
1.000000e+00,0.000000e+00,0.000000e+00,0.000000e+00,0.000000e+00,0.000000e+00,0.000000e+00,0.000000e+00,0.000000e+00,0.000000e+00,0.000000e+00,0.000000e+00,0.000000e+00,0.000000e+00,0.000000e+00
1.000000e+00,0.000000e+00,0.000000e+00,0.000000e+00,0.000000e+00,0.000000e+00,0.000000e+00,0.000000e+00,0.000000e+00,0.000000e+00,0.000000e+00,0.000000e+00,0.000000e+00,0.000000e+00,0.000000e+00
1.000000e+00,0.000000e+00,0.000000e+00,0.000000e+00,0.000000e+00,0.000000e+00,0.000000e+00,0.000000e+00,0.000000e+00,0.000000e+00,0.000000e+00,0.000000e+00,0.000000e+00,0.000000e+00,0.000000e+00
1.000000e+00,0.000000e+00,0.000000e+00,0.000000e+00,0.000000e+00,0.000000e+00,0.000000e+00,0.000000e+00,0.000000e+00,0.000000e+00,0.000000e+00,0.000000e+00,0.000000e+00,0.000000e+00,0.000000e+00
1.000000e+00,0.000000e+00,0.000000e+00,0.000000e+00,0.000000e+00,0.000000e+00,0.000000e+00,0.000000e+00,0.000000e+00,0.000000e+00,0.000000e+00,0.000000e+00,0.000000e+00,0.000000e+00,0.000000e+00
1.000000e+00,0.000000e+00,0.000000e+00,0.000000e+00,0.000000e+00,0.000000e+00,0.000000e+00,0.000000e+00,0.000000e+00,0.000000e+00,0.000000e+00,0.000000e+00,0.000000e+00,0.000000e+00,0.000000e+00
1.000000e+00,0.000000e+00,0.000000e+00,0.000000e+00,0.000000e+00,0.000000e+00,0.000000e+00,0.000000e+00,0.000000e+00,0.000000e+00,0.000000e+00,0.000000e+00,0.000000e+00,0.000000e+00,0.000000e+00
1.000000e+00,0.000000e+00,0.000000e+00,0.000000e+00,0.000000e+00,0.000000e+00,0.000000e+00,0.000000e+00,0.000000e+00,0.000000e+00,0.000000e+00,0.000000e+00,0.000000e+00,0.000000e+00,0.000000e+00
1.000000e+00,0.000000e+00,0.000000e+00,0.000000e+00,0.000000e+00,0.000000e+00,0.000000e+00,0.000000e+00,0.000000e+00,0.000000e+00,0.000000e+00,0.000000e+00,0.000000e+00,0.000000e+00,0.000000e+00
1.000000e+00,0.000000e+00,0.000000e+00,0.000000e+00,0.000000e+00,0.000000e+00,0.000000e+00,0.000000e+00,0.000000e+00,0.000000e+00,0.000000e+00,0.000000e+00,0.000000e+00,0.000000e+00,0.000000e+00
1.000000e+00,0.000000e+00,0.000000e+00,0.000000e+00,0.000000e+00,0.000000e+00,0.000000e+00,0.000000e+00,0.000000e+00,0.000000e+00,0.000000e+00,0.000000e+00,0.000000e+00,0.000000e+00,0.000000e+00
1.000000e+00,0.000000e+00,0.000000e+00,0.000000e+00,0.000000e+00,0.000000e+00,0.000000e+00,0.000000e+00,0.000000e+00,0.000000e+00,0.000000e+00,0.000000e+00,0.000000e+00,0.000000e+00,0.000000e+00
1.000000e+00,0.000000e+00,0.000000e+00,0.000000e+00,0.000000e+00,0.000000e+00,0.000000e+00,0.000000e+00,0.000000e+00,0.000000e+00,0.000000e+00,0.000000e+00,0.000000e+00,0.000000e+00,0.000000e+00
1.000000e+00,0.000000e+00,0.000000e+00,0.000000e+00,0.000000e+00,0.000000e+00,0.000000e+00,0.000000e+00,0.000000e+00,0.000000e+00,0.000000e+00,0.000000e+00,0.000000e+00,0.000000e+00,0.000000e+00
1.000000e+00,0.000000e+00,0.000000e+00,0.000000e+00,0.000000e+00,0.000000e+00,0.000000e+00,0.000000e+00,0.000000e+00,0.000000e+00,0.000000e+00,0.000000e+00,0.000000e+00,0.000000e+00,0.000000e+00
1.000000e+00,0.000000e+00,0.000000e+00,0.000000e+00,0.000000e+00,0.000000e+00,0.000000e+00,0.000000e+00,0.000000e+00,0.000000e+00,0.000000e+00,0.000000e+00,0.000000e+00,0.000000e+00,0.000000e+00
1.000000e+00,0.000000e+00,0.000000e+00,0.000000e+00,0.000000e+00,0.000000e+00,0.000000e+00,0.000000e+00,0.000000e+00,0.000000e+00,0.000000e+00,0.000000e+00,0.000000e+00,0.000000e+00,0.000000e+00
1.000000e+00,0.000000e+00,0.000000e+00,0.000000e+00,0.000000e+00,0.000000e+00,0.000000e+00,0.000000e+00,0.000000e+00,0.000000e+00,0.000000e+00,0.000000e+00,0.000000e+00,0.000000e+00,0.000000e+00
1.000000e+00,0.000000e+00,0.000000e+00,0.000000e+00,0.000000e+00,0.000000e+00,0.000000e+00,0.000000e+00,0.000000e+00,0.000000e+00,0.000000e+00,0.000000e+00,0.000000e+00,0.000000e+00,0.000000e+00
1.000000e+00,0.000000e+00,0.000000e+00,0.000000e+00,0.000000e+00,0.000000e+00,0.000000e+00,0.000000e+00,0.000000e+00,0.000000e+00,0.000000e+00,0.000000e+00,0.000000e+00,0.000000e+00,0.000000e+00
1.000000e+00,0.000000e+00,0.000000e+00,0.000000e+00,0.000000e+00,0.000000e+00,0.000000e+00,0.000000e+00,0.000000e+00,0.000000e+00,0.000000e+00,0.000000e+00,0.000000e+00,0.000000e+00,0.000000e+00
1.000000e+00,0.000000e+00,0.000000e+00,0.000000e+00,0.000000e+00,0.000000e+00,0.000000e+00,0.000000e+00,0.000000e+00,0.000000e+00,0.000000e+00,0.000000e+00,0.000000e+00,0.000000e+00,0.000000e+00
1.000000e+00,0.000000e+00,0.000000e+00,0.000000e+00,0.000000e+00,0.000000e+00,0.000000e+00,0.000000e+00,0.000000e+00,0.000000e+00,0.000000e+00,0.000000e+00,0.000000e+00,0.000000e+00,0.000000e+00
1.000000e+00,0.000000e+00,0.000000e+00,0.000000e+00,0.000000e+00,0.000000e+00,0.000000e+00,0.000000e+00,0.000000e+00,0.000000e+00,0.000000e+00,0.000000e+00,0.000000e+00,0.000000e+00,0.000000e+00
1.000000e+00,0.000000e+00,0.000000e+00,0.000000e+00,0.000000e+00,0.000000e+00,0.000000e+00,0.000000e+00,0.000000e+00,0.000000e+00,0.000000e+00,0.000000e+00,0.000000e+00,0.000000e+00,0.000000e+00
1.000000e+00,0.000000e+00,0.000000e+00,0.000000e+00,0.000000e+00,0.000000e+00,0.000000e+00,0.000000e+00,0.000000e+00,0.000000e+00,0.000000e+00,0.000000e+00,0.000000e+00,0.000000e+00,0.000000e+00
1.000000e+00,0.000000e+00,0.000000e+00,0.000000e+00,0.000000e+00,0.000000e+00,0.000000e+00,0.000000e+00,0.000000e+00,0.000000e+00,0.000000e+00,0.000000e+00,0.000000e+00,0.000000e+00,0.000000e+00
1.000000e+00,0.000000e+00,0.000000e+00,0.000000e+00,0.000000e+00,0.000000e+00,0.000000e+00,0.000000e+00,0.000000e+00,0.000000e+00,0.000000e+00,0.000000e+00,0.000000e+00,0.000000e+00,0.000000e+00
1.000000e+00,0.000000e+00,0.000000e+00,0.000000e+00,0.000000e+00,0.000000e+00,0.000000e+00,0.000000e+00,0.000000e+00,0.000000e+00,0.000000e+00,0.000000e+00,0.000000e+00,0.000000e+00,0.000000e+00
1.000000e+00,0.000000e+00,0.000000e+00,0.000000e+00,0.000000e+00,0.000000e+00,0.000000e+00,0.000000e+00,0.000000e+00,0.000000e+00,0.000000e+00,0.000000e+00,0.000000e+00,0.000000e+00,0.000000e+00
1.000000e+00,0.000000e+00,0.000000e+00,0.000000e+00,0.000000e+00,0.000000e+00,0.000000e+00,0.000000e+00,0.000000e+00,0.000000e+00,0.000000e+00,0.000000e+00,0.000000e+00,0.000000e+00,0.000000e+00
1.000000e+00,0.000000e+00,0.000000e+00,0.000000e+00,0.000000e+00,0.000000e+00,0.000000e+00,0.000000e+00,0.000000e+00,0.000000e+00,0.000000e+00,0.000000e+00,0.000000e+00,0.000000e+00,0.000000e+00
1.000000e+00,0.000000e+00,0.000000e+00,0.000000e+00,0.000000e+00,0.000000e+00,0.000000e+00,0.000000e+00,0.000000e+00,0.000000e+00,0.000000e+00,0.000000e+00,0.000000e+00,0.000000e+00,0.000000e+00
1.000000e+00,0.000000e+00,0.000000e+00,0.000000e+00,0.000000e+00,0.000000e+00,0.000000e+00,0.000000e+00,0.000000e+00,0.000000e+00,0.000000e+00,0.000000e+00,0.000000e+00,0.000000e+00,0.000000e+00
1.000000e+00,0.000000e+00,0.000000e+00,0.000000e+00,0.000000e+00,0.000000e+00,0.000000e+00,0.000000e+00,0.000000e+00,0.000000e+00,0.000000e+00,0.000000e+00,0.000000e+00,0.000000e+00,0.000000e+00
1.000000e+00,0.000000e+00,0.000000e+00,0.000000e+00,0.000000e+00,0.000000e+00,0.000000e+00,0.000000e+00,0.000000e+00,0.000000e+00,0.000000e+00,0.000000e+00,0.000000e+00,0.000000e+00,0.000000e+00
1.000000e+00,0.000000e+00,0.000000e+00,0.000000e+00,0.000000e+00,0.000000e+00,0.000000e+00,0.000000e+00,0.000000e+00,0.000000e+00,0.000000e+00,0.000000e+00,0.000000e+00,0.000000e+00,0.000000e+00
1.000000e+00,0.000000e+00,0.000000e+00,0.000000e+00,0.000000e+00,0.000000e+00,0.000000e+00,0.000000e+00,0.000000e+00,0.000000e+00,0.000000e+00,0.000000e+00,0.000000e+00,0.000000e+00,0.000000e+00
1.000000e+00,0.000000e+00,0.000000e+00,0.000000e+00,0.000000e+00,0.000000e+00,0.000000e+00,0.000000e+00,0.000000e+00,0.000000e+00,0.000000e+00,0.000000e+00,0.000000e+00,0.000000e+00,0.000000e+00
1.000000e+00,0.000000e+00,0.000000e+00,0.000000e+00,0.000000e+00,0.000000e+00,0.000000e+00,0.000000e+00,0.000000e+00,0.000000e+00,0.000000e+00,0.000000e+00,0.000000e+00,0.000000e+00,0.000000e+00
1.000000e+00,0.000000e+00,0.000000e+00,0.000000e+00,0.000000e+00,0.000000e+00,0.000000e+00,0.000000e+00,0.000000e+00,0.000000e+00,0.000000e+00,0.000000e+00,0.000000e+00,0.000000e+00,0.000000e+00
1.000000e+00,0.000000e+00,0.000000e+00,0.000000e+00,0.000000e+00,0.000000e+00,0.000000e+00,0.000000e+00,0.000000e+00,0.000000e+00,0.000000e+00,0.000000e+00,0.000000e+00,0.000000e+00,0.000000e+00
1.000000e+00,0.000000e+00,0.000000e+00,0.000000e+00,0.000000e+00,0.000000e+00,0.000000e+00,0.000000e+00,0.000000e+00,0.000000e+00,0.000000e+00,0.000000e+00,0.000000e+00,0.000000e+00,0.000000e+00
1.000000e+00,0.000000e+00,0.000000e+00,0.000000e+00,0.000000e+00,0.000000e+00,0.000000e+00,0.000000e+00,0.000000e+00,0.000000e+00,0.000000e+00,0.000000e+00,0.000000e+00,0.000000e+00,0.000000e+00
4.836738e-01,7.989870e-02,1.893165e-02,2.398688e-01,8.854680e-03,1.568341e-02,3.799999e-03,1.005653e-02,1.747163e-02,5.506601e-03,1.364059e-02,2.066344e-02,1.303178e-02,5.367935e-03,6.355046e-02
4.970603e-01,7.267861e-02,1.455920e-02,1.959305e-01,1.112755e-02,1.401208e-02,3.622901e-03,8.505479e-03,2.472839e-02,6.047264e-03,1.421425e-02,1.801838e-02,1.767184e-02,4.830598e-03,9.699273e-02
3.704866e-01,8.746333e-02,1.927300e-02,3.326226e-01,9.412738e-03,1.060131e-02,2.891115e-03,6.929751e-03,2.319908e-02,5.199710e-03,1.289294e-02,1.378685e-02,1.351885e-02,3.761680e-03,8.796037e-02
2.637814e-01,7.357263e-02,4.971939e-02,4.521856e-01,6.917771e-03,7.838348e-03,2.103276e-03,5.033656e-03,1.793768e-02,9.641634e-03,1.073410e-02,9.940264e-03,9.800489e-03,2.691993e-03,7.810175e-02
1.858706e-01,6.014021e-02,1.182108e-01,3.669007e-01,5.081944e-03,6.037379e-03,1.541650e-03,3.634821e-03,1.420176e-02,9.713259e-02,8.599527e-03,7.160769e-03,6.946133e-03,2.047047e-03,1.164941e-01
1.301433e-01,4.764570e-02,9.111060e-02,3.289254e-01,3.654611e-03,4.433239e-03,1.100506e-03,2.637076e-03,1.806951e-02,7.641523e-02,3.467689e-02,1.799642e-02,1.186271e-02,1.624197e-03,2.297046e-01
9.122208e-02,3.907940e-02,6.555556e-02,2.490108e-01,3.042864e-03,4.155940e-03,7.794453e-04,1.956821e-03,3.330808e-02,5.866890e-02,1.627935e-01,4.663484e-02,3.712728e-02,5.704672e-03,2.009599e-01
6.405783e-02,3.169704e-02,4.907391e-02,2.080415e-01,5.952122e-03,3.680912e-03,5.842111e-04,1.737183e-03,5.407579e-02,4.516757e-02,1.828834e-01,5.099941e-02,8.894625e-02,4.326053e-02,1.698424e-01
4.496849e-02,2.242423e-02,3.455418e-02,1.482124e-01,7.413683e-03,2.931001e-03,5.068199e-04,1.691060e-03,6.040775e-02,4.330532e-02,1.810775e-01,4.222576e-02,7.659069e-02,4.436795e-02,2.893232e-01
3.171594e-02,1.597857e-02,2.457278e-02,1.088859e-01,7.673384e-03,8.352851e-03,9.670733e-04,1.979174e-03,8.117955e-02,4.346951e-02,2.516239e-01,4.643226e-02,6.029719e-02,4.350794e-02,2.733640e-01
2.230494e-02,1.123365e-02,1.723776e-02,7.701872e-02,5.732811e-03,7.141639e-03,7.222124e-04,1.416848e-03,7.588945e-02,3.306646e-02,3.840279e-01,6.412148e-02,4.599681e-02,3.573882e-02,2.183505e-01
1.568411e-02,7.900010e-03,1.215544e-02,5.410197e-02,4.106590e-03,5.408787e-03,5.277109e-04,1.035334e-03,5.514131e-02,2.455367e-02,4.168180e-01,5.050927e-02,3.285970e-02,5.778760e-02,2.614105e-01
1.102649e-02,5.631477e-03,8.972414e-03,3.797167e-02,2.967911e-03,3.933672e-03,3.890241e-04,8.240247e-04,3.990019e-02,1.877544e-02,4.387910e-01,3.898494e-02,2.334433e-02,6.052873e-02,3.079587e-01
8.081063e-03,4.040409e-03,6.611642e-03,2.685475e-02,2.167465e-03,3.465997e-03,2.882795e-04,6.903569e-04,2.870331e-02,1.464435e-02,5.561981e-01,3.069989e-02,1.702339e-02,7.542588e-02,2.251051e-01
5.913137e-03,3.278480e-03,5.745497e-03,1.905414e-02,1.891652e-03,2.694330e-03,2.235206e-04,6.406513e-04,2.113307e-02,1.082079e-02,5.892845e-01,2.433952e-02,1.240105e-02,1.413224e-01,1.612573e-01
4.203600e-03,2.586168e-03,6.450952e-03,1.345510e-02,1.375687e-03,2.177118e-03,1.690450e-04,7.217500e-04,1.538649e-02,7.819867e-03,6.333932e-01,1.769083e-02,8.987018e-03,1.717816e-01,1.138017e-01
3.688355e-03,4.817024e-03,2.048222e-02,1.337698e-02,1.820007e-03,5.013652e-03,1.228585e-03,5.228741e-02,4.293907e-02,6.434863e-03,5.592656e-01,1.325216e-02,7.203409e-03,1.864986e-01,8.169216e-02
2.939518e-03,8.354029e-03,1.674918e-02,1.040464e-02,1.613222e-03,2.049071e-02,9.493877e-04,4.389069e-02,9.311157e-02,4.851707e-03,5.088937e-01,9.990007e-03,6.062990e-03,2.139824e-01,5.771618e-02
4.313607e-03,1.312205e-02,2.507411e-02,1.367229e-02,2.049310e-03,2.794947e-02,9.912301e-04,3.882293e-02,1.200375e-01,4.146481e-03,4.388566e-01,8.076219e-03,4.963496e-03,2.566329e-01,4.129171e-02
7.721858e-03,1.623126e-02,4.445749e-02,1.609753e-02,2.776087e-03,3.940648e-02,9.236595e-04,3.084841e-02,1.323177e-01,3.507737e-03,3.255964e-01,6.178586e-03,3.977172e-03,3.398961e-01,3.006351e-02
9.424096e-03,1.779559e-02,5.408654e-02,1.336753e-02,3.964757e-03,3.561234e-02,7.716536e-04,3.073480e-02,1.374829e-01,3.033747e-03,2.395077e-01,4.505611e-03,3.193827e-03,4.247177e-01,2.180113e-02
8.608796e-03,1.926826e-02,4.745905e-02,9.917821e-03,4.393280e-03,4.111192e-02,6.341793e-04,2.304989e-02,1.679506e-01,3.797791e-03,1.734419e-01,3.336449e-03,2.832855e-03,4.671623e-01,2.703487e-02
9.656299e-03,4.302901e-02,4.091367e-02,8.408186e-03,8.851991e-03,5.619648e-02,6.567567e-04,2.004464e-02,2.450219e-01,4.291791e-03,1.237713e-01,2.509431e-03,2.624553e-03,3.996582e-01,3.436589e-02
1.780566e-02,4.710055e-02,3.169935e-02,8.775370e-03,4.004420e-02,8.328433e-02,9.331233e-04,1.913634e-02,2.771173e-01,4.392595e-03,8.855363e-02,2.030649e-03,3.517843e-03,3.299674e-01,4.564171e-02
3.649000e-02,5.641771e-02,2.349507e-02,1.205562e-02,6.487293e-02,9.441715e-02,1.253148e-03,2.404242e-02,2.763315e-01,4.063146e-03,6.694252e-02,1.786941e-03,3.517936e-03,2.785137e-01,5.580029e-02
6.224276e-02,6.754903e-02,1.793835e-02,1.326331e-02,1.095880e-01,8.627462e-02,1.866106e-03,2.595414e-02,2.973512e-01,3.173161e-03,5.028728e-02,1.753126e-03,3.161287e-03,2.149834e-01,4.461431e-02
9.033397e-02,8.180155e-02,1.366630e-02,1.508780e-02,1.334763e-01,7.819555e-02,2.624960e-03,2.799488e-02,2.964725e-01,2.675542e-03,3.985931e-02,2.683614e-03,3.354427e-03,1.696041e-01,4.216918e-02
1.087158e-01,8.712694e-02,1.292000e-02,2.104702e-02,1.495585e-01,6.958515e-02,3.157431e-03,4.782945e-02,2.953471e-01,2.263684e-03,3.176367e-02,2.999345e-03,3.304345e-03,1.277348e-01,3.664673e-02
1.121756e-01,1.076381e-01,1.537255e-02,3.007936e-02,1.435171e-01,6.216007e-02,2.888620e-03,7.703279e-02,2.808110e-01,2.640092e-03,2.351131e-02,2.642048e-03,3.099949e-03,9.693105e-02,3.950030e-02
9.532711e-02,1.169121e-01,1.264919e-02,2.545626e-02,1.353329e-01,6.234322e-02,2.272964e-03,6.056084e-02,3.395947e-01,3.117698e-03,1.734879e-02,2.224947e-03,2.893369e-03,7.093695e-02,5.302902e-02
7.918194e-02,1.037677e-01,2.228735e-02,4.714382e-02,1.130464e-01,5.406165e-02,1.875964e-03,5.640482e-02,2.830624e-01,7.218573e-03,1.383616e-02,2.681693e-03,2.878660e-03,5.092845e-02,1.616243e-01
8.013944e-02,9.771088e-02,2.179461e-02,5.682875e-02,9.736924e-02,7.026799e-02,1.982940e-03,1.128672e-01,2.650771e-01,7.101239e-03,1.107579e-02,3.455340e-03,2.954271e-03,3.924685e-02,1.321284e-01
8.389078e-02,8.487727e-02,2.548834e-02,6.559139e-02,8.854389e-02,1.013218e-01,2.235592e-03,1.262357e-01,2.558090e-01,1.566206e-02,9.374294e-03,3.701936e-03,2.934201e-03,2.876677e-02,1.055669e-01
8.236878e-02,6.678304e-02,1.949941e-02,5.324249e-02,9.389223e-02,1.174302e-01,3.082889e-03,1.223885e-01,3.115426e-01,1.313321e-02,1.195434e-02,3.983217e-03,2.839274e-03,2.082528e-02,7.703445e-02
7.752016e-02,5.287108e-02,1.556414e-02,4.313976e-02,9.694704e-02,1.413850e-01,3.156328e-03,1.351305e-01,3.266254e-01,1.094428e-02,1.751519e-02,4.874771e-03,2.790508e-03,1.567207e-02,5.586373e-02
7.937569e-02,5.315403e-02,2.749787e-02,8.549781e-02,8.611867e-02,1.590605e-01,5.722689e-03,1.230748e-01,2.874361e-01,9.774980e-03,1.881493e-02,6.630727e-03,2.955510e-03,1.139751e-02,4.348817e-02
7.560031e-02,6.578749e-02,4.206358e-02,7.251155e-02,6.848854e-02,1.626935e-01,5.201750e-03,1.231322e-01,2.453294e-01,6.424052e-02,1.632408e-02,6.078364e-03,2.941878e-03,9.256697e-03,4.035022e-02
7.662196e-02,5.639023e-02,6.495608e-02,5.897524e-02,5.433144e-02,1.824928e-01,6.658774e-03,1.119525e-01,1.913529e-01,1.316561e-01,1.349304e-02,5.148607e-03,3.590959e-03,6.961886e-03,3.541747e-02
1.488501e-01,4.682107e-02,6.227483e-02,4.628608e-02,4.508564e-02,1.717454e-01,7.048004e-03,8.603507e-02,1.660450e-01,1.502771e-01,1.251228e-02,4.702932e-03,4.424810e-03,5.718054e-03,4.217362e-02
1.647339e-01,3.642682e-02,6.219479e-02,3.573539e-02,3.323207e-02,1.885532e-01,5.600862e-03,6.266730e-02,1.230851e-01,2.078366e-01,1.545677e-02,4.762718e-03,4.674598e-03,6.376429e-03,4.866345e-02
1.643754e-01,4.750129e-02,5.128525e-02,2.932983e-02,2.812135e-02,1.796114e-01,5.225839e-03,4.661110e-02,1.071851e-01,2.486656e-01,1.940687e-02,5.149269e-03,4.719960e-03,7.724018e-03,5.508773e-02
1.193394e-01,3.477925e-02,3.741070e-02,2.144414e-02,2.141676e-02,2.772733e-01,3.782415e-03,3.280484e-02,7.655290e-02,2.975604e-01,1.728931e-02,4.109333e-03,4.168778e-03,6.394493e-03,4.567407e-02
8.681659e-02,2.575659e-02,2.666852e-02,1.559977e-02,1.538026e-02,3.558143e-01,2.739848e-03,2.313008e-02,5.645954e-02,3.136313e-01,1.596393e-02,3.817437e-03,5.534341e-03,6.408143e-03,4.627935e-02
6.546862e-02,3.189867e-02,2.159255e-02,2.959651e-02,1.201477e-02,2.560107e-01,2.098105e-03,1.662038e-02,1.393296e-01,2.427284e-01,2.356617e-02,5.183814e-03,9.196363e-03,8.916657e-03,1.357787e-01
4.751790e-02,2.338690e-02,1.553008e-02,2.131519e-02,8.594361e-03,2.058918e-01,1.608561e-03,1.192622e-02,1.127164e-01,2.894148e-01,2.808334e-02,5.060642e-03,8.385615e-03,2.323336e-02,1.973348e-01
3.413028e-02,1.721358e-02,1.118910e-02,1.515588e-02,6.148791e-03,1.470428e-01,1.170665e-03,8.478993e-03,1.014320e-01,2.611465e-01,3.238388e-02,4.840323e-03,7.103409e-03,6.937750e-02,2.831863e-01
2.439943e-02,1.394320e-02,7.975260e-03,1.096865e-02,4.713430e-03,1.052479e-01,8.932273e-04,6.317704e-03,9.528551e-02,1.965658e-01,3.974310e-02,4.020278e-03,5.619115e-03,1.982006e-01,2.861068e-01
1.754843e-02,1.260048e-02,6.024767e-03,8.516922e-03,3.775086e-03,7.488143e-02,8.477210e-04,5.214467e-03,1.046416e-01,1.525775e-01,3.631864e-02,3.381194e-03,4.525661e-03,2.911398e-01,2.780064e-01
1.312320e-02,1.481567e-02,5.389538e-03,1.698279e-02,3.126401e-03,5.366673e-02,7.661808e-04,3.856194e-03,3.187946e-01,1.131221e-01,2.898894e-02,3.276217e-03,5.489542e-03,2.089403e-01,2.096616e-01
1.057798e-02,1.117398e-02,4.468343e-03,1.955549e-02,3.894374e-03,3.929134e-02,1.904511e-03,7.141327e-03,2.605305e-01,9.797814e-02,5.987160e-02,9.986348e-03,1.260598e-02,2.664558e-01,1.945642e-01
8.755298e-03,9.649776e-03,1.105186e-02,3.905915e-02,4.119392e-03,2.844287e-02,1.825167e-03,6.258377e-03,3.046248e-01,7.551157e-02,5.645107e-02,1.030431e-02,2.363137e-02,2.178093e-01,2.025057e-01
6.358380e-03,7.018472e-03,9.466960e-03,2.977697e-02,3.855397e-03,2.014701e-02,1.506795e-03,4.706708e-03,2.475361e-01,5.415322e-02,4.726124e-02,8.087334e-03,2.949825e-02,1.595820e-01,3.710452e-01
4.602838e-03,5.152728e-03,8.691572e-03,2.147292e-02,4.197498e-03,1.421857e-02,5.874242e-03,5.086612e-03,1.870959e-01,3.908671e-02,3.844677e-02,7.851774e-03,4.115836e-02,1.185046e-01,4.985589e-01
3.459122e-03,4.279071e-03,1.196066e-02,1.601408e-02,1.323225e-02,1.019604e-02,1.248880e-02,7.241423e-03,1.417047e-01,2.938268e-02,6.486574e-02,1.116871e-02,8.068203e-02,9.558804e-02,4.977367e-01
2.515597e-03,3.412101e-03,1.225227e-02,1.155928e-02,1.599522e-02,7.407560e-03,2.017484e-02,1.298323e-02,1.011082e-01,2.169645e-02,5.054478e-02,1.091650e-02,7.403401e-02,6.878699e-02,5.866130e-01
1.940709e-03,3.338684e-03,1.322851e-02,9.409997e-03,1.897475e-02,6.039568e-03,1.467325e-02,1.123297e-02,7.851835e-02,1.541376e-02,3.643990e-02,9.156482e-03,6.834143e-02,4.849274e-02,6.647989e-01
2.834274e-03,3.978386e-03,4.583428e-02,1.974537e-02,1.773437e-02,5.291257e-03,1.081453e-02,1.408129e-02,6.977043e-02,1.106432e-02,2.671534e-02,7.235071e-03,5.435542e-02,3.562373e-02,6.749219e-01
1.294605e-02,8.392742e-03,5.650836e-02,2.162358e-02,2.845817e-02,1.076948e-02,1.160053e-02,2.065955e-02,6.861408e-02,8.757027e-03,1.965217e-02,6.090931e-03,4.812774e-02,2.593118e-02,6.518683e-01
2.250149e-02,9.815097e-03,8.921252e-02,1.266063e-01,5.609887e-02,1.214327e-02,1.301270e-02,4.401511e-02,6.663015e-02,6.710762e-03,1.761886e-02,6.584731e-03,4.073788e-02,1.932765e-02,4.689846e-01
6.853814e-02,1.494270e-02,7.324106e-02,1.170422e-01,7.091595e-02,2.247376e-02,1.287777e-02,4.929896e-02,7.737891e-02,5.612050e-03,1.807879e-02,1.155206e-02,6.443690e-02,1.662508e-02,3.769857e-01
7.654370e-02,2.572853e-02,8.543286e-02,1.494326e-01,7.737976e-02,1.992124e-02,1.089883e-02,6.617121e-02,1.007421e-01,6.387196e-03,1.553623e-02,1.165878e-02,6.015453e-02,1.326849e-02,2.807439e-01
9.743054e-02,4.273048e-02,8.468684e-02,1.635441e-01,7.606233e-02,1.749122e-02,1.117220e-02,6.550440e-02,1.330511e-01,7.862246e-03,1.296423e-02,1.110292e-02,5.050538e-02,1.036121e-02,2.155307e-01
1.317552e-01,6.571442e-02,6.262455e-02,1.282378e-01,9.782225e-02,1.548216e-02,1.235593e-02,5.726480e-02,1.729539e-01,7.351463e-03,1.037237e-02,1.027603e-02,4.514524e-02,8.286413e-03,1.743574e-01
2.423902e-01,5.582021e-02,4.640338e-02,1.017465e-01,9.569982e-02,1.468127e-02,1.401183e-02,5.298860e-02,1.572199e-01,6.313837e-03,1.097991e-02,1.209137e-02,4.213949e-02,7.919652e-03,1.395939e-01
2.678889e-01,4.303881e-02,3.385550e-02,7.564643e-02,8.269595e-02,1.442410e-02,7.792255e-02,1.152462e-01,1.193605e-01,5.093986e-03,8.903264e-03,1.103906e-02,3.600473e-02,6.262469e-03,1.026175e-01
3.285174e-01,3.267810e-02,2.477467e-02,5.439341e-02,6.449975e-02,1.182747e-02,6.036774e-02,2.004969e-01,9.883952e-02,3.781902e-03,7.170802e-03,8.691818e-03,2.636760e-02,4.760052e-03,7.283287e-02
3.156002e-01,2.340467e-02,1.814470e-02,3.869212e-02,5.194588e-02,1.012688e-02,1.062976e-01,2.716542e-01,7.202139e-02,3.056907e-03,6.299911e-03,7.614302e-03,1.967026e-02,3.667298e-03,5.180371e-02
3.015738e-01,1.659924e-02,1.333902e-02,2.756477e-02,4.500992e-02,8.605469e-03,1.974247e-01,2.672637e-01,5.187985e-02,2.406769e-03,5.466369e-03,7.385451e-03,1.604738e-02,2.735041e-03,3.669852e-02
2.424470e-01,1.180335e-02,9.728350e-03,1.957231e-02,3.687176e-02,8.424517e-03,3.563239e-01,2.144839e-01,3.719470e-02,1.862631e-03,4.278002e-03,6.515261e-03,2.193595e-02,2.021839e-03,2.653660e-02
1.809035e-01,8.300971e-03,6.992993e-03,1.375819e-02,2.708402e-02,1.003427e-02,5.108033e-01,1.642854e-01,2.672134e-02,1.346810e-03,3.192359e-03,4.879339e-03,2.144062e-02,1.430252e-03,1.882672e-02
1.432713e-01,6.027415e-03,5.090376e-03,9.734886e-03,2.171020e-02,1.978470e-02,5.753820e-01,1.292735e-01,2.010050e-02,1.316838e-03,2.699059e-03,4.402443e-03,4.454255e-02,1.037770e-03,1.562652e-02
1.360262e-01,5.148637e-03,4.147577e-03,7.163238e-03,1.908146e-02,2.137139e-02,6.019549e-01,1.025196e-01,1.969917e-02,2.079114e-03,3.063106e-03,4.186800e-03,5.915073e-02,7.866420e-04,1.362153e-02
1.293964e-01,3.927556e-03,3.292377e-03,5.216357e-03,1.476312e-02,2.022692e-02,6.637396e-01,7.778509e-02,1.523654e-02,1.841251e-03,2.783336e-03,4.446507e-03,4.655690e-02,6.026853e-04,1.018547e-02
9.833511e-02,3.697902e-03,2.530547e-03,4.596313e-03,1.115208e-02,1.712666e-02,7.228717e-01,5.837832e-02,1.096478e-02,1.945595e-03,4.680716e-03,8.406023e-03,4.473050e-02,1.099556e-03,9.484268e-03
8.570454e-02,4.290180e-03,2.136694e-03,4.884490e-03,9.063229e-03,2.472976e-02,6.964202e-01,4.399240e-02,8.630456e-03,1.893817e-03,8.340889e-03,8.635125e-03,8.722793e-02,9.897242e-04,1.306065e-02
9.285028e-02,4.989659e-03,2.199722e-03,4.642582e-03,7.860900e-03,2.967001e-02,5.169576e-01,3.768615e-02,8.562967e-03,2.754427e-03,1.689905e-02,1.140319e-02,2.287718e-01,1.174654e-03,3.357704e-02
1.220584e-01,4.818747e-03,3.046366e-03,4.694148e-03,1.215119e-02,3.172723e-02,3.851896e-01,3.500074e-02,1.503909e-02,3.693172e-03,2.104617e-02,1.628325e-02,2.890685e-01,2.238516e-03,5.394494e-02
1.642244e-01,4.164881e-03,2.885438e-03,3.653173e-03,1.769274e-02,2.709763e-02,2.953280e-01,3.373765e-02,2.017053e-02,3.645345e-03,1.995353e-02,2.048098e-02,3.166021e-01,3.602351e-03,6.676131e-02
2.379069e-01,8.094233e-03,5.878107e-03,5.015441e-03,6.151374e-02,3.137161e-02,2.124280e-01,3.073325e-02,3.348508e-02,5.317561e-03,1.819324e-02,1.751980e-02,2.767300e-01,4.397953e-03,5.141514e-02
2.369196e-01,7.281848e-03,5.885064e-03,4.893533e-03,5.208607e-02,3.137360e-02,1.503970e-01,2.450703e-02,3.366561e-02,5.380218e-03,2.339434e-02,2.825238e-02,3.249130e-01,5.839744e-03,6.521095e-02
2.160195e-01,6.800666e-03,5.399937e-03,4.386561e-03,4.392944e-02,2.394783e-02,1.060642e-01,2.038586e-02,4.439352e-02,5.589380e-03,2.726666e-02,4.121831e-02,3.788980e-01,6.333907e-03,6.936617e-02
2.456969e-01,8.605075e-03,9.950345e-03,5.329129e-03,5.281453e-02,2.017450e-02,7.563008e-02,1.901818e-02,6.128969e-02,6.547175e-03,2.336268e-02,3.893822e-02,3.663399e-01,5.808674e-03,6.049494e-02
2.946161e-01,1.029452e-02,1.134308e-02,5.744480e-03,5.134036e-02,1.758962e-02,5.385483e-02,1.750709e-02,6.401960e-02,8.359423e-03,2.015698e-02,3.864820e-02,3.517863e-01,6.235170e-03,4.850429e-02
3.989122e-01,1.265788e-02,1.317594e-02,1.205351e-02,4.242846e-02,1.832441e-02,3.863107e-02,1.652402e-02,5.537067e-02,8.026957e-03,1.704882e-02,3.559959e-02,2.849301e-01,5.810997e-03,4.050542e-02
3.774487e-01,2.009871e-02,1.496411e-02,1.295533e-02,5.034195e-02,2.222206e-02,2.876423e-02,2.283823e-02,5.662934e-02,7.499363e-03,1.435652e-02,3.850242e-02,2.945276e-01,5.742175e-03,3.310934e-02
3.339226e-01,1.969627e-02,1.649582e-02,1.145665e-02,4.808239e-02,2.432363e-02,2.201135e-02,2.728118e-02,4.885895e-02,5.835299e-03,1.168062e-02,4.217393e-02,3.546975e-01,5.463172e-03,2.802061e-02
3.028039e-01,2.597735e-02,5.678266e-02,1.777888e-02,4.716323e-02,2.905652e-02,1.970570e-02,3.608451e-02,4.385310e-02,6.251261e-03,1.152255e-02,3.903316e-02,3.324534e-01,5.238777e-03,2.629497e-02
2.644806e-01,4.037815e-02,7.702428e-02,1.491996e-02,4.093222e-02,4.216146e-02,1.696738e-02,3.430008e-02,4.439190e-02,4.976346e-03,9.563230e-03,3.289821e-02,3.432941e-01,4.673366e-03,2.903870e-02
2.267065e-01,5.391565e-02,7.041497e-02,1.180578e-02,3.269404e-02,4.383244e-02,1.503062e-02,2.944803e-02,4.701207e-02,4.104859e-03,7.622057e-03,3.356569e-02,3.916165e-01,4.574314e-03,2.765659e-02
2.000843e-01,8.333046e-02,5.670425e-02,9.097531e-03,3.242236e-02,6.682390e-02,1.304551e-02,2.671310e-02,6.071127e-02,3.330028e-03,6.196524e-03,4.435642e-02,3.658469e-01,3.644302e-03,2.769309e-02
1.744932e-01,1.106892e-01,5.149429e-02,1.031151e-02,2.893791e-02,7.169519e-02,1.091084e-02,2.987212e-02,6.507371e-02,3.347131e-03,6.190996e-03,4.186212e-02,3.659671e-01,3.707888e-03,2.544692e-02
1.599630e-01,1.073524e-01,4.150561e-02,1.493072e-02,2.315374e-02,9.944530e-02,1.073880e-02,2.501343e-02,8.916736e-02,2.830044e-03,5.018411e-03,4.023620e-02,3.573698e-01,2.963310e-03,2.031191e-02
1.276720e-01,9.243428e-02,3.214206e-02,1.247616e-02,2.873012e-02,1.210800e-01,1.582840e-02,1.964803e-02,1.524196e-01,2.476888e-03,4.897717e-03,5.041061e-02,3.194870e-01,2.506149e-03,1.779097e-02
1.079639e-01,9.922490e-02,2.383241e-02,2.913809e-02,2.290359e-02,1.159502e-01,1.348167e-02,1.568703e-02,2.006542e-01,3.621369e-03,4.548637e-03,6.492973e-02,2.817832e-01,2.153677e-03,1.412752e-02
9.675801e-02,1.049587e-01,1.703241e-02,2.135369e-02,1.942679e-02,1.575990e-01,1.172582e-02,1.383121e-02,1.920745e-01,2.838153e-03,3.669474e-03,1.104627e-01,2.348417e-01,1.770011e-03,1.165790e-02
8.000027e-02,1.088603e-01,1.319172e-02,1.622802e-02,2.175282e-02,1.177671e-01,1.134013e-02,1.020377e-02,1.815643e-01,2.971752e-03,3.254919e-03,1.839563e-01,2.360166e-01,1.921634e-03,1.097038e-02
6.189924e-02,1.445117e-01,1.297320e-02,6.983186e-02,1.643171e-02,9.023170e-02,8.180274e-03,7.667016e-03,2.003298e-01,2.971252e-03,3.135553e-03,1.430888e-01,2.259337e-01,2.247723e-03,1.056656e-02
7.270204e-02,1.212927e-01,1.028145e-02,5.233471e-02,1.390438e-02,1.161208e-01,6.586946e-03,8.408525e-03,1.864214e-01,2.569886e-03,6.650371e-03,1.213258e-01,2.664891e-01,2.597590e-03,1.231440e-02
7.260773e-02,1.380580e-01,9.244265e-03,6.262521e-02,1.104781e-02,1.412369e-01,4.863397e-03,7.605100e-03,1.826254e-01,2.655100e-03,7.146051e-03,9.597237e-02,2.458226e-01,3.525620e-03,1.496449e-02
8.340565e-02,1.095326e-01,7.963124e-03,4.766944e-02,9.070924e-03,2.569118e-01,4.865172e-03,1.004763e-02,1.552179e-01,3.316784e-03,7.414686e-03,7.292426e-02,2.133376e-01,3.369512e-03,1.495300e-02
8.105480e-02,1.281064e-01,6.549395e-03,3.600927e-02,7.492445e-03,2.298156e-01,3.628935e-03,8.367252e-03,1.502746e-01,3.213809e-03,7.660150e-03,5.537980e-02,2.329407e-01,3.812074e-03,4.569483e-02
6.218867e-02,2.409572e-01,6.994177e-03,4.612248e-02,5.718953e-03,1.758846e-01,2.589041e-03,6.379273e-03,1.674554e-01,4.817408e-03,8.586278e-03,4.404375e-02,1.808264e-01,5.655126e-03,4.178122e-02
6.140432e-02,2.018060e-01,5.675498e-03,3.550671e-02,5.217380e-03,2.273318e-01,2.083934e-03,6.917340e-03,1.561263e-01,3.677327e-03,1.024775e-02,3.897030e-02,1.949557e-01,5.161606e-03,4.491806e-02
5.799714e-02,1.807039e-01,4.743202e-03,8.464540e-02,6.494659e-03,1.949395e-01,1.629819e-03,6.114945e-03,1.996570e-01,3.390895e-03,1.162289e-02,3.503955e-02,1.720706e-01,4.352314e-03,3.659826e-02
6.302569e-02,1.439635e-01,3.775677e-03,6.189837e-02,6.291091e-03,2.111280e-01,1.817530e-03,6.970447e-03,1.865331e-01,2.655660e-03,1.006299e-02,3.186770e-02,2.311687e-01,3.896620e-03,3.494483e-02
5.331470e-02,1.576751e-01,3.062976e-03,9.799850e-02,4.907329e-03,1.637605e-01,1.354492e-03,7.322209e-03,2.312627e-01,2.448292e-03,1.656715e-02,2.959407e-02,1.976476e-01,3.865381e-03,2.921905e-02
5.071882e-02,1.236407e-01,2.320725e-03,7.988913e-02,3.879861e-03,1.221090e-01,1.165203e-03,6.315743e-03,2.256010e-01,1.932187e-03,1.527792e-02,2.544875e-02,3.150304e-01,3.370827e-03,2.329971e-02
5.416806e-02,9.823817e-02,2.999536e-03,8.575883e-02,3.710029e-03,1.132303e-01,1.166104e-03,5.169194e-03,2.196354e-01,2.011933e-03,1.581902e-02,2.520890e-02,3.473066e-01,4.976184e-03,2.060173e-02
5.273579e-02,7.555933e-02,5.050629e-03,6.924967e-02,5.460571e-03,8.409427e-02,1.367031e-03,1.056976e-02,1.996690e-01,3.021070e-03,1.808923e-02,2.136455e-02,3.995761e-01,4.758296e-03,4.943473e-02
5.715665e-02,5.943372e-02,8.421696e-03,5.653524e-02,5.931715e-03,6.683224e-02,1.515843e-03,1.892002e-02,1.800476e-01,7.220939e-03,3.172502e-02,2.488748e-02,3.753131e-01,6.429866e-03,9.962883e-02
5.467782e-02,4.327873e-02,1.356243e-02,4.973315e-02,3.537923e-02,4.824628e-02,4.536682e-03,3.054668e-02,1.929703e-01,6.566762e-03,2.909103e-02,2.130381e-02,2.909123e-01,5.620367e-03,1.735744e-01
6.892920e-02,3.361780e-02,2.567211e-02,1.025243e-01,5.063036e-02,3.651159e-02,5.220466e-03,6.504213e-02,1.756465e-01,5.916907e-03,2.762274e-02,1.948900e-02,2.257866e-01,5.201178e-03,1.521892e-01
8.249851e-02,2.703179e-02,2.793837e-02,9.779961e-02,6.872682e-02,3.324324e-02,1.166599e-02,7.275374e-02,2.032777e-01,4.718075e-03,2.175504e-02,1.649116e-02,1.779109e-01,4.524294e-03,1.496647e-01
7.117251e-02,2.219092e-02,3.520957e-02,1.569649e-01,9.141822e-02,2.627928e-02,1.167175e-02,8.185416e-02,2.132671e-01,3.549270e-03,1.685682e-02,1.265149e-02,1.312941e-01,3.501343e-03,1.221185e-01
8.644514e-02,2.329126e-02,3.038218e-02,1.452517e-01,8.156072e-02,2.874566e-02,1.546305e-02,7.792840e-02,2.380210e-01,3.063655e-03,1.438325e-02,1.104261e-02,1.188683e-01,3.350620e-03,1.222026e-01
7.783505e-02,1.790549e-02,2.637713e-02,2.008550e-01,1.045839e-01,2.107534e-02,1.339311e-02,1.195455e-01,2.194051e-01,2.529845e-03,1.187803e-02,8.770348e-03,8.476939e-02,2.501006e-03,8.857580e-02
1.215463e-01,2.133285e-02,2.174129e-02,1.790023e-01,1.033802e-01,1.644821e-02,1.089608e-02,1.016354e-01,2.392948e-01,3.266332e-03,1.196971e-02,8.625691e-03,6.485905e-02,2.984001e-03,9.301784e-02
1.268677e-01,1.795835e-02,4.668066e-02,2.430374e-01,9.164406e-02,1.327725e-02,8.297304e-03,9.956147e-02,1.952363e-01,3.556838e-03,1.294611e-02,9.325074e-03,4.885448e-02,2.662743e-03,8.009431e-02
2.000253e-01,2.226555e-02,4.113330e-02,1.897653e-01,8.245461e-02,1.094673e-02,7.193283e-03,7.711647e-02,2.100893e-01,7.159210e-03,1.347717e-02,9.849168e-03,3.760735e-02,3.450242e-03,8.746707e-02
2.556188e-01,2.577987e-02,3.308230e-02,1.535910e-01,8.621277e-02,8.996520e-03,5.851098e-03,6.066860e-02,2.306065e-01,9.995803e-03,1.346282e-02,1.037641e-02,2.806271e-02,3.848388e-03,7.384647e-02
2.738873e-01,2.169173e-02,3.208059e-02,1.826995e-01,8.277276e-02,7.166015e-03,5.173871e-03,7.747811e-02,2.065274e-01,8.410674e-03,1.351262e-02,1.017489e-02,2.215320e-02,3.165589e-03,5.310581e-02
3.086312e-01,1.952066e-02,3.440927e-02,1.741742e-01,8.485317e-02,7.051007e-03,4.544758e-03,6.757145e-02,1.916712e-01,7.421534e-03,2.223436e-02,1.468023e-02,1.896323e-02,4.361036e-03,3.991268e-02
3.386525e-01,2.074305e-02,4.913180e-02,1.635213e-01,7.383990e-02,6.829805e-03,3.582588e-03,5.118494e-02,1.668679e-01,7.849373e-03,3.589830e-02,2.059020e-02,1.782301e-02,7.823021e-03,3.566236e-02
3.363206e-01,2.667448e-02,5.841039e-02,1.641966e-01,7.671019e-02,1.817564e-02,4.453823e-03,4.258794e-02,1.302441e-01,6.206809e-03,4.885815e-02,2.723774e-02,1.628567e-02,9.283873e-03,3.435400e-02
3.374027e-01,3.290880e-02,5.891276e-02,1.326717e-01,6.028394e-02,1.827668e-02,3.879862e-03,3.200534e-02,1.076850e-01,6.256205e-03,1.047774e-01,3.209782e-02,1.577944e-02,2.037963e-02,3.668277e-02
3.424223e-01,3.982339e-02,5.270345e-02,9.674080e-02,5.021008e-02,2.055689e-02,2.988443e-03,2.381931e-02,8.260504e-02,5.277149e-03,1.459296e-01,2.956862e-02,1.778939e-02,5.936734e-02,3.019818e-02
2.448898e-01,3.045311e-02,3.754154e-02,6.810233e-02,3.613806e-02,1.716824e-02,2.262082e-03,1.700366e-02,5.990969e-02,3.039116e-02,2.645518e-01,2.116759e-02,1.310139e-02,1.340569e-01,2.326259e-02
1.739006e-01,2.291309e-02,2.650099e-02,4.789394e-02,2.586365e-02,1.276938e-02,1.617702e-03,1.195260e-02,4.270116e-02,1.098382e-01,3.577608e-01,1.514086e-02,9.395903e-03,1.230403e-01,1.871069e-02
1.272814e-01,1.945225e-02,2.473544e-02,3.615447e-02,2.932249e-02,1.845068e-02,1.829549e-03,1.025072e-02,4.656990e-02,2.559937e-01,2.994312e-01,1.203573e-02,8.061144e-03,9.526358e-02,1.516773e-02
9.315450e-02,1.809314e-02,2.965186e-02,2.655926e-02,2.530815e-02,3.304903e-02,1.911152e-03,8.110846e-03,3.901568e-02,3.868500e-01,2.370750e-01,9.078227e-03,6.155257e-03,7.438479e-02,1.160311e-02
6.670928e-02,2.006591e-02,2.540785e-02,1.911176e-02,2.156006e-02,2.487144e-02,1.677587e-03,5.830160e-03,2.990770e-02,5.208127e-01,1.794247e-01,7.035445e-03,4.783920e-03,6.382080e-02,8.980656e-03
6.254853e-02,2.066745e-02,1.970132e-02,1.680910e-02,2.205754e-02,2.710001e-02,1.526335e-03,4.707025e-03,2.572544e-02,5.883908e-01,1.422968e-01,6.189950e-03,4.495689e-03,5.061723e-02,7.166801e-03
6.856619e-02,2.331197e-02,1.477344e-02,1.407113e-02,1.906122e-02,3.451991e-02,1.231292e-03,3.958656e-03,2.513212e-02,6.217713e-01,1.147677e-01,6.439275e-03,4.967990e-03,4.117576e-02,6.252058e-03
6.164927e-02,2.533909e-02,1.150190e-02,1.144312e-02,1.424815e-02,4.596575e-02,9.672283e-04,3.011538e-03,2.364886e-02,6.085789e-01,1.363250e-01,8.910391e-03,6.359437e-03,3.566595e-02,6.385419e-03
5.432910e-02,2.719236e-02,8.652796e-03,1.014293e-02,1.399225e-02,4.333022e-02,8.738189e-04,2.869856e-03,2.981496e-02,6.151394e-01,1.302473e-01,1.367559e-02,8.571925e-03,3.247159e-02,8.696006e-03
7.961692e-02,2.123105e-02,6.732408e-03,7.352854e-03,1.087837e-02,3.442302e-02,7.255446e-04,2.516224e-03,2.297354e-02,6.450697e-01,1.122326e-01,1.218906e-02,7.515568e-03,2.977791e-02,6.765345e-03
1.037030e-01,2.004945e-02,5.179163e-03,6.930782e-03,9.687247e-03,3.769745e-02,7.513779e-04,2.568626e-03,2.017695e-02,5.624936e-01,1.679666e-01,2.132566e-02,7.537663e-03,2.676243e-02,7.170117e-03
1.014717e-01,2.107576e-02,6.005824e-03,6.118067e-03,2.102644e-02,2.954274e-02,1.331464e-03,2.232725e-03,3.638617e-02,5.722872e-01,1.468157e-01,1.951428e-02,7.404394e-03,2.055950e-02,8.228086e-03
1.070542e-01,3.146452e-02,5.609855e-03,5.801795e-03,1.593667e-02,2.963883e-02,1.267488e-03,2.307973e-03,3.467691e-02,5.639009e-01,1.403877e-01,2.095393e-02,7.091664e-03,1.926165e-02,1.464595e-02
9.600578e-02,3.434160e-02,4.730950e-03,5.863735e-03,1.227807e-02,3.781095e-02,1.335451e-03,2.164342e-03,3.922034e-02,5.579246e-01,1.404433e-01,2.648024e-02,1.094267e-02,1.551593e-02,1.494211e-02
7.666676e-02,2.505375e-02,3.761836e-03,6.204254e-03,1.527551e-02,3.584022e-02,1.040106e-03,2.049486e-03,3.704119e-02,4.376560e-01,2.425124e-01,6.024498e-02,1.911322e-02,2.394816e-02,1.359206e-02
7.244839e-02,1.844629e-02,3.481468e-03,7.572391e-03,1.386330e-02,3.435754e-02,1.547014e-03,1.666645e-03,3.198109e-02,3.433174e-01,2.237217e-01,1.854997e-01,2.901156e-02,2.114508e-02,1.194041e-02
7.747748e-02,1.678299e-02,6.456500e-03,8.933506e-03,1.190516e-02,3.587008e-02,2.482050e-03,1.657895e-03,3.479338e-02,2.802703e-01,2.318847e-01,2.179189e-01,3.595155e-02,2.611374e-02,1.150184e-02
5.512162e-02,1.076002e-01,8.080227e-03,6.405977e-03,9.082751e-03,2.632505e-02,1.795893e-03,1.438624e-03,1.635146e-01,1.983064e-01,1.959672e-01,1.671359e-01,2.991988e-02,1.892372e-02,1.038198e-02
4.269541e-02,9.366982e-02,1.391526e-02,1.219668e-02,1.452505e-02,2.045891e-02,2.271947e-03,3.001340e-03,3.118717e-01,1.441344e-01,1.463933e-01,1.340934e-01,2.409847e-02,2.122597e-02,1.544836e-02
