1.000000e+00,0.000000e+00,0.000000e+00,0.000000e+00,0.000000e+00,0.000000e+00,0.000000e+00,0.000000e+00,0.000000e+00,0.000000e+00,0.000000e+00,0.000000e+00,0.000000e+00,0.000000e+00,0.000000e+00
1.000000e+00,0.000000e+00,0.000000e+00,0.000000e+00,0.000000e+00,0.000000e+00,0.000000e+00,0.000000e+00,0.000000e+00,0.000000e+00,0.000000e+00,0.000000e+00,0.000000e+00,0.000000e+00,0.000000e+00
1.000000e+00,0.000000e+00,0.000000e+00,0.000000e+00,0.000000e+00,0.000000e+00,0.000000e+00,0.000000e+00,0.000000e+00,0.000000e+00,0.000000e+00,0.000000e+00,0.000000e+00,0.000000e+00,0.000000e+00
1.000000e+00,0.000000e+00,0.000000e+00,0.000000e+00,0.000000e+00,0.000000e+00,0.000000e+00,0.000000e+00,0.000000e+00,0.000000e+00,0.000000e+00,0.000000e+00,0.000000e+00,0.000000e+00,0.000000e+00
1.000000e+00,0.000000e+00,0.000000e+00,0.000000e+00,0.000000e+00,0.000000e+00,0.000000e+00,0.000000e+00,0.000000e+00,0.000000e+00,0.000000e+00,0.000000e+00,0.000000e+00,0.000000e+00,0.000000e+00
1.000000e+00,0.000000e+00,0.000000e+00,0.000000e+00,0.000000e+00,0.000000e+00,0.000000e+00,0.000000e+00,0.000000e+00,0.000000e+00,0.000000e+00,0.000000e+00,0.000000e+00,0.000000e+00,0.000000e+00
1.000000e+00,0.000000e+00,0.000000e+00,0.000000e+00,0.000000e+00,0.000000e+00,0.000000e+00,0.000000e+00,0.000000e+00,0.000000e+00,0.000000e+00,0.000000e+00,0.000000e+00,0.000000e+00,0.000000e+00
1.000000e+00,0.000000e+00,0.000000e+00,0.000000e+00,0.000000e+00,0.000000e+00,0.000000e+00,0.000000e+00,0.000000e+00,0.000000e+00,0.000000e+00,0.000000e+00,0.000000e+00,0.000000e+00,0.000000e+00
1.000000e+00,0.000000e+00,0.000000e+00,0.000000e+00,0.000000e+00,0.000000e+00,0.000000e+00,0.000000e+00,0.000000e+00,0.000000e+00,0.000000e+00,0.000000e+00,0.000000e+00,0.000000e+00,0.000000e+00
1.000000e+00,0.000000e+00,0.000000e+00,0.000000e+00,0.000000e+00,0.000000e+00,0.000000e+00,0.000000e+00,0.000000e+00,0.000000e+00,0.000000e+00,0.000000e+00,0.000000e+00,0.000000e+00,0.000000e+00
1.000000e+00,0.000000e+00,0.000000e+00,0.000000e+00,0.000000e+00,0.000000e+00,0.000000e+00,0.000000e+00,0.000000e+00,0.000000e+00,0.000000e+00,0.000000e+00,0.000000e+00,0.000000e+00,0.000000e+00
1.000000e+00,0.000000e+00,0.000000e+00,0.000000e+00,0.000000e+00,0.000000e+00,0.000000e+00,0.000000e+00,0.000000e+00,0.000000e+00,0.000000e+00,0.000000e+00,0.000000e+00,0.000000e+00,0.000000e+00
1.000000e+00,0.000000e+00,0.000000e+00,0.000000e+00,0.000000e+00,0.000000e+00,0.000000e+00,0.000000e+00,0.000000e+00,0.000000e+00,0.000000e+00,0.000000e+00,0.000000e+00,0.000000e+00,0.000000e+00
1.000000e+00,0.000000e+00,0.000000e+00,0.000000e+00,0.000000e+00,0.000000e+00,0.000000e+00,0.000000e+00,0.000000e+00,0.000000e+00,0.000000e+00,0.000000e+00,0.000000e+00,0.000000e+00,0.000000e+00
1.000000e+00,0.000000e+00,0.000000e+00,0.000000e+00,0.000000e+00,0.000000e+00,0.000000e+00,0.000000e+00,0.000000e+00,0.000000e+00,0.000000e+00,0.000000e+00,0.000000e+00,0.000000e+00,0.000000e+00
1.000000e+00,0.000000e+00,0.000000e+00,0.000000e+00,0.000000e+00,0.000000e+00,0.000000e+00,0.000000e+00,0.000000e+00,0.000000e+00,0.000000e+00,0.000000e+00,0.000000e+00,0.000000e+00,0.000000e+00
1.000000e+00,0.000000e+00,0.000000e+00,0.000000e+00,0.000000e+00,0.000000e+00,0.000000e+00,0.000000e+00,0.000000e+00,0.000000e+00,0.000000e+00,0.000000e+00,0.000000e+00,0.000000e+00,0.000000e+00
1.000000e+00,0.000000e+00,0.000000e+00,0.000000e+00,0.000000e+00,0.000000e+00,0.000000e+00,0.000000e+00,0.000000e+00,0.000000e+00,0.000000e+00,0.000000e+00,0.000000e+00,0.000000e+00,0.000000e+00
1.000000e+00,0.000000e+00,0.000000e+00,0.000000e+00,0.000000e+00,0.000000e+00,0.000000e+00,0.000000e+00,0.000000e+00,0.000000e+00,0.000000e+00,0.000000e+00,0.000000e+00,0.000000e+00,0.000000e+00
1.000000e+00,0.000000e+00,0.000000e+00,0.000000e+00,0.000000e+00,0.000000e+00,0.000000e+00,0.000000e+00,0.000000e+00,0.000000e+00,0.000000e+00,0.000000e+00,0.000000e+00,0.000000e+00,0.000000e+00
1.000000e+00,0.000000e+00,0.000000e+00,0.000000e+00,0.000000e+00,0.000000e+00,0.000000e+00,0.000000e+00,0.000000e+00,0.000000e+00,0.000000e+00,0.000000e+00,0.000000e+00,0.000000e+00,0.000000e+00
1.000000e+00,0.000000e+00,0.000000e+00,0.000000e+00,0.000000e+00,0.000000e+00,0.000000e+00,0.000000e+00,0.000000e+00,0.000000e+00,0.000000e+00,0.000000e+00,0.000000e+00,0.000000e+00,0.000000e+00
1.000000e+00,0.000000e+00,0.000000e+00,0.000000e+00,0.000000e+00,0.000000e+00,0.000000e+00,0.000000e+00,0.000000e+00,0.000000e+00,0.000000e+00,0.000000e+00,0.000000e+00,0.000000e+00,0.000000e+00
1.000000e+00,0.000000e+00,0.000000e+00,0.000000e+00,0.000000e+00,0.000000e+00,0.000000e+00,0.000000e+00,0.000000e+00,0.000000e+00,0.000000e+00,0.000000e+00,0.000000e+00,0.000000e+00,0.000000e+00
1.000000e+00,0.000000e+00,0.000000e+00,0.000000e+00,0.000000e+00,0.000000e+00,0.000000e+00,0.000000e+00,0.000000e+00,0.000000e+00,0.000000e+00,0.000000e+00,0.000000e+00,0.000000e+00,0.000000e+00
1.000000e+00,0.000000e+00,0.000000e+00,0.000000e+00,0.000000e+00,0.000000e+00,0.000000e+00,0.000000e+00,0.000000e+00,0.000000e+00,0.000000e+00,0.000000e+00,0.000000e+00,0.000000e+00,0.000000e+00
1.000000e+00,0.000000e+00,0.000000e+00,0.000000e+00,0.000000e+00,0.000000e+00,0.000000e+00,0.000000e+00,0.000000e+00,0.000000e+00,0.000000e+00,0.000000e+00,0.000000e+00,0.000000e+00,0.000000e+00
1.000000e+00,0.000000e+00,0.000000e+00,0.000000e+00,0.000000e+00,0.000000e+00,0.000000e+00,0.000000e+00,0.000000e+00,0.000000e+00,0.000000e+00,0.000000e+00,0.000000e+00,0.000000e+00,0.000000e+00
1.000000e+00,0.000000e+00,0.000000e+00,0.000000e+00,0.000000e+00,0.000000e+00,0.000000e+00,0.000000e+00,0.000000e+00,0.000000e+00,0.000000e+00,0.000000e+00,0.000000e+00,0.000000e+00,0.000000e+00
1.000000e+00,0.000000e+00,0.000000e+00,0.000000e+00,0.000000e+00,0.000000e+00,0.000000e+00,0.000000e+00,0.000000e+00,0.000000e+00,0.000000e+00,0.000000e+00,0.000000e+00,0.000000e+00,0.000000e+00
1.000000e+00,0.000000e+00,0.000000e+00,0.000000e+00,0.000000e+00,0.000000e+00,0.000000e+00,0.000000e+00,0.000000e+00,0.000000e+00,0.000000e+00,0.000000e+00,0.000000e+00,0.000000e+00,0.000000e+00
1.000000e+00,0.000000e+00,0.000000e+00,0.000000e+00,0.000000e+00,0.000000e+00,0.000000e+00,0.000000e+00,0.000000e+00,0.000000e+00,0.000000e+00,0.000000e+00,0.000000e+00,0.000000e+00,0.000000e+00
1.000000e+00,0.000000e+00,0.000000e+00,0.000000e+00,0.000000e+00,0.000000e+00,0.000000e+00,0.000000e+00,0.000000e+00,0.000000e+00,0.000000e+00,0.000000e+00,0.000000e+00,0.000000e+00,0.000000e+00
1.000000e+00,0.000000e+00,0.000000e+00,0.000000e+00,0.000000e+00,0.000000e+00,0.000000e+00,0.000000e+00,0.000000e+00,0.000000e+00,0.000000e+00,0.000000e+00,0.000000e+00,0.000000e+00,0.000000e+00
1.000000e+00,0.000000e+00,0.000000e+00,0.000000e+00,0.000000e+00,0.000000e+00,0.000000e+00,0.000000e+00,0.000000e+00,0.000000e+00,0.000000e+00,0.000000e+00,0.000000e+00,0.000000e+00,0.000000e+00
1.000000e+00,0.000000e+00,0.000000e+00,0.000000e+00,0.000000e+00,0.000000e+00,0.000000e+00,0.000000e+00,0.000000e+00,0.000000e+00,0.000000e+00,0.000000e+00,0.000000e+00,0.000000e+00,0.000000e+00
1.000000e+00,0.000000e+00,0.000000e+00,0.000000e+00,0.000000e+00,0.000000e+00,0.000000e+00,0.000000e+00,0.000000e+00,0.000000e+00,0.000000e+00,0.000000e+00,0.000000e+00,0.000000e+00,0.000000e+00
1.000000e+00,0.000000e+00,0.000000e+00,0.000000e+00,0.000000e+00,0.000000e+00,0.000000e+00,0.000000e+00,0.000000e+00,0.000000e+00,0.000000e+00,0.000000e+00,0.000000e+00,0.000000e+00,0.000000e+00
1.000000e+00,0.000000e+00,0.000000e+00,0.000000e+00,0.000000e+00,0.000000e+00,0.000000e+00,0.000000e+00,0.000000e+00,0.000000e+00,0.000000e+00,0.000000e+00,0.000000e+00,0.000000e+00,0.000000e+00
1.000000e+00,0.000000e+00,0.000000e+00,0.000000e+00,0.000000e+00,0.000000e+00,0.000000e+00,0.000000e+00,0.000000e+00,0.000000e+00,0.000000e+00,0.000000e+00,0.000000e+00,0.000000e+00,0.000000e+00
1.000000e+00,0.000000e+00,0.000000e+00,0.000000e+00,0.000000e+00,0.000000e+00,0.000000e+00,0.000000e+00,0.000000e+00,0.000000e+00,0.000000e+00,0.000000e+00,0.000000e+00,0.000000e+00,0.000000e+00
1.000000e+00,0.000000e+00,0.000000e+00,0.000000e+00,0.000000e+00,0.000000e+00,0.000000e+00,0.000000e+00,0.000000e+00,0.000000e+00,0.000000e+00,0.000000e+00,0.000000e+00,0.000000e+00,0.000000e+00
1.000000e+00,0.000000e+00,0.000000e+00,0.000000e+00,0.000000e+00,0.000000e+00,0.000000e+00,0.000000e+00,0.000000e+00,0.000000e+00,0.000000e+00,0.000000e+00,0.000000e+00,0.000000e+00,0.000000e+00
1.000000e+00,0.000000e+00,0.000000e+00,0.000000e+00,0.000000e+00,0.000000e+00,0.000000e+00,0.000000e+00,0.000000e+00,0.000000e+00,0.000000e+00,0.000000e+00,0.000000e+00,0.000000e+00,0.000000e+00
1.000000e+00,0.000000e+00,0.000000e+00,0.000000e+00,0.000000e+00,0.000000e+00,0.000000e+00,0.000000e+00,0.000000e+00,0.000000e+00,0.000000e+00,0.000000e+00,0.000000e+00,0.000000e+00,0.000000e+00
1.000000e+00,0.000000e+00,0.000000e+00,0.000000e+00,0.000000e+00,0.000000e+00,0.000000e+00,0.000000e+00,0.000000e+00,0.000000e+00,0.000000e+00,0.000000e+00,0.000000e+00,0.000000e+00,0.000000e+00
1.000000e+00,0.000000e+00,0.000000e+00,0.000000e+00,0.000000e+00,0.000000e+00,0.000000e+00,0.000000e+00,0.000000e+00,0.000000e+00,0.000000e+00,0.000000e+00,0.000000e+00,0.000000e+00,0.000000e+00
1.000000e+00,0.000000e+00,0.000000e+00,0.000000e+00,0.000000e+00,0.000000e+00,0.000000e+00,0.000000e+00,0.000000e+00,0.000000e+00,0.000000e+00,0.000000e+00,0.000000e+00,0.000000e+00,0.000000e+00
1.000000e+00,0.000000e+00,0.000000e+00,0.000000e+00,0.000000e+00,0.000000e+00,0.000000e+00,0.000000e+00,0.000000e+00,0.000000e+00,0.000000e+00,0.000000e+00,0.000000e+00,0.000000e+00,0.000000e+00
1.000000e+00,0.000000e+00,0.000000e+00,0.000000e+00,0.000000e+00,0.000000e+00,0.000000e+00,0.000000e+00,0.000000e+00,0.000000e+00,0.000000e+00,0.000000e+00,0.000000e+00,0.000000e+00,0.000000e+00
1.000000e+00,0.000000e+00,0.000000e+00,0.000000e+00,0.000000e+00,0.000000e+00,0.000000e+00,0.000000e+00,0.000000e+00,0.000000e+00,0.000000e+00,0.000000e+00,0.000000e+00,0.000000e+00,0.000000e+00
1.000000e+00,0.000000e+00,0.000000e+00,0.000000e+00,0.000000e+00,0.000000e+00,0.000000e+00,0.000000e+00,0.000000e+00,0.000000e+00,0.000000e+00,0.000000e+00,0.000000e+00,0.000000e+00,0.000000e+00
1.000000e+00,0.000000e+00,0.000000e+00,0.000000e+00,0.000000e+00,0.000000e+00,0.000000e+00,0.000000e+00,0.000000e+00,0.000000e+00,0.000000e+00,0.000000e+00,0.000000e+00,0.000000e+00,0.000000e+00
1.000000e+00,0.000000e+00,0.000000e+00,0.000000e+00,0.000000e+00,0.000000e+00,0.000000e+00,0.000000e+00,0.000000e+00,0.000000e+00,0.000000e+00,0.000000e+00,0.000000e+00,0.000000e+00,0.000000e+00
1.000000e+00,0.000000e+00,0.000000e+00,0.000000e+00,0.000000e+00,0.000000e+00,0.000000e+00,0.000000e+00,0.000000e+00,0.000000e+00,0.000000e+00,0.000000e+00,0.000000e+00,0.000000e+00,0.000000e+00
1.000000e+00,0.000000e+00,0.000000e+00,0.000000e+00,0.000000e+00,0.000000e+00,0.000000e+00,0.000000e+00,0.000000e+00,0.000000e+00,0.000000e+00,0.000000e+00,0.000000e+00,0.000000e+00,0.000000e+00
1.000000e+00,0.000000e+00,0.000000e+00,0.000000e+00,0.000000e+00,0.000000e+00,0.000000e+00,0.000000e+00,0.000000e+00,0.000000e+00,0.000000e+00,0.000000e+00,0.000000e+00,0.000000e+00,0.000000e+00
1.000000e+00,0.000000e+00,0.000000e+00,0.000000e+00,0.000000e+00,0.000000e+00,0.000000e+00,0.000000e+00,0.000000e+00,0.000000e+00,0.000000e+00,0.000000e+00,0.000000e+00,0.000000e+00,0.000000e+00
1.000000e+00,0.000000e+00,0.000000e+00,0.000000e+00,0.000000e+00,0.000000e+00,0.000000e+00,0.000000e+00,0.000000e+00,0.000000e+00,0.000000e+00,0.000000e+00,0.000000e+00,0.000000e+00,0.000000e+00
3.872753e-01,1.107192e-02,4.003735e-03,2.505645e-02,3.167942e-03,1.847478e-02,1.649869e-03,5.212166e-03,6.753036e-03,2.015425e-03,4.738746e-01,3.732517e-02,7.482987e-03,6.817323e-03,9.819303e-03
2.711852e-01,7.878078e-03,2.847547e-03,1.764796e-02,2.266912e-03,1.368700e-02,1.160615e-03,3.660106e-03,4.997537e-03,1.458029e-03,6.187478e-01,3.609297e-02,5.271908e-03,5.986940e-03,7.111329e-03
1.900033e-01,6.936578e-03,2.308239e-03,1.265395e-02,1.911471e-03,1.035780e-02,8.402767e-04,2.595586e-03,6.047048e-03,1.425026e-03,6.919384e-01,5.247261e-02,3.743794e-03,5.759076e-03,1.100679e-02
1.331421e-01,5.176569e-03,1.717597e-03,9.366360e-03,1.588378e-03,8.587211e-03,6.013333e-04,1.835098e-03,5.134063e-03,1.400055e-03,7.590899e-01,5.632100e-02,2.673909e-03,4.959421e-03,8.406918e-03
9.350632e-02,4.596616e-03,1.314876e-03,7.250386e-03,1.885587e-03,8.003987e-03,5.539033e-04,1.375904e-03,6.249204e-03,1.317853e-03,7.681639e-01,9.118082e-02,1.954665e-03,4.365002e-03,8.280935e-03
6.600904e-02,4.859618e-03,1.643974e-03,6.084922e-03,2.857873e-03,1.315013e-02,5.632805e-04,1.587317e-03,1.065455e-02,1.192716e-03,7.251679e-01,1.318422e-01,1.481001e-03,6.545964e-03,2.635958e-02
4.955865e-02,3.661643e-03,1.343708e-03,4.687847e-03,2.999529e-03,1.051941e-02,6.266763e-04,2.713568e-03,1.053636e-02,1.498311e-03,7.594908e-01,1.227382e-01,1.342766e-03,8.781210e-03,1.950129e-02
3.806398e-02,5.543503e-03,1.818906e-03,4.778067e-03,1.155611e-02,1.196479e-02,1.238223e-03,3.233717e-03,1.421843e-02,4.994940e-03,6.787360e-01,1.880142e-01,1.585148e-03,9.655165e-03,2.459875e-02
4.457753e-02,1.041029e-02,7.317164e-03,7.744099e-03,3.160953e-02,1.320275e-02,3.348583e-03,4.298177e-02,2.177518e-02,6.613722e-03,5.449710e-01,2.295838e-01,2.658204e-03,1.028079e-02,2.292554e-02
4.842512e-02,1.011681e-02,1.125599e-02,8.261700e-03,2.896314e-02,1.559046e-02,4.446822e-03,6.848702e-02,2.218579e-02,5.875716e-03,4.958197e-01,2.415311e-01,2.740878e-03,1.775526e-02,1.854449e-02
4.226151e-02,8.179449e-03,1.502869e-02,1.169892e-02,2.342503e-02,2.085755e-02,6.480435e-03,1.824090e-01,1.852916e-02,4.979613e-03,4.037932e-01,2.319754e-01,2.436396e-03,1.470170e-02,1.324389e-02
3.478222e-02,8.575032e-03,5.097369e-02,1.841246e-02,2.439449e-02,1.741133e-02,8.762410e-03,3.033962e-01,2.245272e-02,4.498985e-03,2.991507e-01,1.849851e-01,1.934603e-03,1.070669e-02,9.563321e-03
2.917816e-02,1.187432e-02,5.462794e-02,1.970798e-02,4.042890e-02,2.221789e-02,1.042765e-02,2.686833e-01,1.460495e-01,4.059032e-03,2.203579e-01,1.553140e-01,1.814349e-03,7.849525e-03,7.409613e-03
2.507557e-02,1.295373e-02,4.884880e-02,4.024635e-02,6.967728e-02,2.595018e-02,7.584905e-03,1.918012e-01,2.911152e-01,4.975602e-03,1.560557e-01,1.118434e-01,1.695174e-03,5.640796e-03,6.536017e-03
2.797769e-02,1.312155e-02,3.834992e-02,4.636588e-02,9.922461e-02,2.318951e-02,5.885248e-03,1.350644e-01,3.959216e-01,6.125328e-03,1.116644e-01,7.972983e-02,1.795378e-03,4.249847e-03,1.133486e-02
2.694327e-02,1.161633e-02,5.668583e-02,7.816186e-02,1.379925e-01,1.873481e-02,5.303833e-03,1.070717e-01,3.970889e-01,7.331342e-03,8.031973e-02,5.625346e-02,1.749979e-03,3.063880e-03,1.168259e-02
3.432854e-02,1.161579e-02,1.488534e-01,1.069917e-01,1.300226e-01,1.809668e-02,5.673742e-03,9.463493e-02,3.245417e-01,1.022517e-02,5.757306e-02,3.968582e-02,1.735991e-03,2.318253e-03,1.370268e-02
6.420664e-02,2.339313e-02,1.678526e-01,1.007645e-01,1.712084e-01,3.086683e-02,6.347667e-03,6.778879e-02,2.564318e-01,1.209715e-02,4.599880e-02,2.813996e-02,2.601147e-03,1.939793e-03,2.036282e-02
6.422103e-02,5.370962e-02,1.882256e-01,1.509055e-01,1.707433e-01,3.403006e-02,6.657977e-03,5.265114e-02,1.867781e-01,9.151424e-03,3.693373e-02,2.102722e-02,2.605779e-03,2.606891e-03,1.975258e-02
9.113665e-02,7.336028e-02,1.606838e-01,1.459934e-01,1.539044e-01,6.004499e-02,6.697891e-03,4.290939e-02,1.390439e-01,9.300064e-03,3.253245e-02,1.570438e-02,2.973561e-03,3.591307e-03,6.212355e-02
6.613934e-02,8.459200e-02,1.263484e-01,3.355570e-01,1.117284e-01,4.345820e-02,4.958503e-03,3.034579e-02,1.022572e-01,7.010586e-03,2.366719e-02,1.111534e-02,2.238573e-03,2.582587e-03,4.800093e-02
6.832987e-02,1.012329e-01,9.712628e-02,2.740485e-01,8.117546e-02,4.003514e-02,3.991552e-03,2.252349e-02,1.472591e-01,1.372661e-02,1.894016e-02,8.384056e-03,4.255458e-03,4.915042e-03,1.140564e-01
8.865437e-02,1.039164e-01,8.050827e-02,2.446985e-01,6.413356e-02,6.125558e-02,3.910389e-03,1.718379e-02,1.588842e-01,3.103252e-02,1.797737e-02,6.968902e-03,5.437097e-03,7.829653e-03,1.076095e-01
1.158281e-01,1.167396e-01,7.643585e-02,2.295532e-01,4.815415e-02,5.848677e-02,3.151952e-03,1.377231e-02,1.547855e-01,2.752315e-02,2.377422e-02,7.119585e-03,7.764536e-03,1.834614e-02,9.856497e-02
1.551642e-01,1.213455e-01,6.690226e-02,2.153161e-01,3.596580e-02,5.339466e-02,2.417885e-03,1.119088e-02,1.364368e-01,2.078617e-02,4.670566e-02,6.682594e-03,1.036426e-02,3.801204e-02,7.931520e-02
1.339642e-01,1.160626e-01,5.409687e-02,1.615883e-01,2.555615e-02,4.082049e-02,1.952810e-03,9.495226e-03,1.412491e-01,1.762791e-02,1.287565e-01,8.808317e-03,1.045702e-02,6.819567e-02,8.136871e-02
1.189185e-01,8.375930e-02,3.895958e-02,1.152327e-01,1.901787e-02,3.136943e-02,1.514958e-03,7.311572e-03,1.453340e-01,1.353425e-02,2.664391e-01,8.925832e-03,1.081175e-02,7.087155e-02,6.799956e-02
1.354939e-01,6.121091e-02,2.820790e-02,8.232997e-02,1.418791e-02,2.408799e-02,1.390508e-03,6.169633e-03,1.052783e-01,1.014987e-02,3.939298e-01,1.020850e-02,9.363439e-03,6.807663e-02,4.991472e-02
1.619870e-01,4.911419e-02,2.226540e-02,6.017528e-02,1.957496e-02,1.878149e-02,1.978326e-03,9.414952e-03,8.231470e-02,8.736474e-03,4.126373e-01,1.241696e-02,9.448502e-03,8.845230e-02,4.270218e-02
1.230695e-01,3.889170e-02,1.771187e-02,4.320030e-02,2.558250e-02,1.570308e-02,1.802953e-03,9.422943e-03,6.546890e-02,8.269703e-03,4.656737e-01,1.330328e-02,7.683104e-03,1.239364e-01,4.028003e-02
9.923870e-02,2.844037e-02,1.302013e-02,3.135018e-02,2.082737e-02,1.297716e-02,1.757375e-03,7.566782e-03,4.883564e-02,7.485472e-03,5.193073e-01,1.747301e-02,6.158412e-03,1.555041e-01,3.005804e-02
7.791321e-02,2.017686e-02,9.761311e-03,2.217985e-02,1.556269e-02,1.010482e-02,1.364446e-03,5.722173e-03,3.514574e-02,6.338972e-03,5.474290e-01,1.732035e-02,4.642890e-03,2.048424e-01,2.149536e-02
6.942917e-02,1.571711e-02,8.860203e-03,1.611475e-02,1.266622e-02,1.088104e-02,1.207960e-03,4.776520e-03,2.655018e-02,7.317808e-03,5.309582e-01,1.483719e-02,3.726401e-03,2.608861e-01,1.607117e-02
6.550448e-02,1.796692e-02,1.339546e-02,1.303980e-02,1.361069e-02,1.534638e-02,1.223692e-03,5.643325e-03,3.808126e-02,1.080123e-02,4.485859e-01,1.306729e-02,3.254344e-03,3.283024e-01,1.217685e-02
5.200151e-02,2.023298e-02,1.588353e-02,1.024790e-02,1.321010e-02,2.807367e-02,9.679289e-04,5.063584e-03,7.750204e-02,1.679056e-02,3.765805e-01,1.195207e-02,3.493704e-03,3.586110e-01,9.388910e-03
3.961186e-02,1.988222e-02,4.964179e-02,1.483682e-02,1.698784e-02,5.369114e-02,1.031930e-03,9.007884e-03,1.197348e-01,2.228771e-02,3.129511e-01,9.361370e-03,3.859884e-03,3.194774e-01,7.636211e-03
2.926350e-02,3.093438e-02,4.786982e-02,1.275097e-02,1.407938e-02,2.030725e-01,8.888185e-04,7.144079e-03,1.640015e-01,1.784562e-02,2.232693e-01,6.680624e-03,3.396139e-03,2.323728e-01,6.430492e-03
2.181089e-02,6.849647e-02,5.281386e-02,1.214337e-02,1.195917e-02,2.639638e-01,7.681896e-04,5.673400e-03,2.084571e-01,1.505307e-02,1.588237e-01,4.863930e-03,2.966653e-03,1.664298e-01,5.776521e-03
2.364276e-02,7.687581e-02,4.331207e-02,9.285932e-03,1.043181e-02,3.560793e-01,1.008242e-03,4.339100e-03,2.113941e-01,1.313148e-02,1.162132e-01,3.612978e-03,2.403462e-03,1.226359e-01,5.633834e-03
3.762521e-02,8.319676e-02,4.640661e-02,9.336725e-03,1.190932e-02,3.933830e-01,1.652000e-03,5.368444e-03,2.036857e-01,1.018659e-02,8.802954e-02,2.882830e-03,2.444822e-03,9.816772e-02,5.724660e-03
5.183878e-02,7.282090e-02,5.026157e-02,1.339253e-02,1.866896e-02,4.417571e-01,1.548887e-03,8.356046e-03,1.773122e-01,7.929944e-03,6.534587e-02,2.540190e-03,2.353106e-03,7.737264e-02,8.501289e-03
8.506384e-02,8.819260e-02,4.751555e-02,2.780294e-02,3.715717e-02,3.873168e-01,1.901203e-03,1.066904e-02,1.684069e-01,6.252060e-03,5.171693e-02,3.053887e-03,3.241251e-03,6.511471e-02,1.659508e-02
1.195808e-01,1.260753e-01,4.005254e-02,2.576165e-02,3.566659e-02,3.139177e-01,1.528158e-03,9.351162e-03,1.818312e-01,4.995421e-03,4.686259e-02,4.607816e-03,4.330924e-03,6.452710e-02,2.091104e-02
1.017138e-01,2.119690e-01,3.910220e-02,9.468119e-02,4.337297e-02,2.212395e-01,1.312349e-03,1.023030e-02,1.459296e-01,3.791515e-03,3.573081e-02,4.907539e-03,4.164539e-03,4.638435e-02,3.547034e-02
1.709833e-01,2.160032e-01,4.544221e-02,8.066188e-02,3.604279e-02,1.678875e-01,1.552777e-03,9.771213e-03,1.344696e-01,3.409104e-03,3.198702e-02,7.686133e-03,4.952167e-03,4.551413e-02,4.363708e-02
1.386973e-01,1.948013e-01,8.592360e-02,1.401215e-01,2.674306e-02,1.185664e-01,1.176011e-03,7.070902e-03,1.062793e-01,5.496053e-03,3.076078e-02,9.459622e-03,4.685797e-03,3.576671e-02,9.445171e-02
9.765758e-02,2.669296e-01,7.166087e-02,9.866767e-02,1.878085e-02,8.350255e-02,8.342828e-04,4.966594e-03,1.018047e-01,6.793614e-03,2.621636e-02,6.854516e-03,4.095535e-03,3.844435e-02,1.727910e-01
6.947090e-02,2.208721e-01,6.557065e-02,7.300600e-02,1.347558e-02,5.882909e-02,6.151217e-04,3.510516e-03,1.525790e-01,1.202014e-02,2.965297e-02,5.816759e-03,3.336883e-03,3.760118e-02,2.536431e-01
5.158573e-02,1.662512e-01,5.348265e-02,5.171555e-02,9.941524e-03,4.170106e-02,4.975563e-04,3.013850e-03,1.349721e-01,1.122532e-02,5.286299e-02,5.727821e-03,4.486925e-03,1.993226e-01,2.132130e-01
3.659471e-02,1.192282e-01,3.955754e-02,3.640494e-02,7.250261e-03,2.945723e-02,3.780486e-04,2.136459e-03,1.415909e-01,9.604625e-03,5.645199e-02,5.066928e-03,4.575688e-03,3.075452e-01,2.041574e-01
2.608964e-02,8.468866e-02,2.814515e-02,2.745147e-02,8.387466e-03,2.097304e-02,4.226440e-04,1.565421e-03,1.291958e-01,1.231158e-02,5.160141e-02,4.527005e-03,4.419016e-03,3.581834e-01,2.420382e-01
1.882085e-02,5.995288e-02,1.995469e-02,1.947154e-02,1.147186e-02,1.550006e-02,5.066429e-04,1.143715e-03,2.108989e-01,1.144732e-02,4.531562e-02,3.654130e-03,3.497920e-03,3.772397e-01,2.011241e-01
1.370939e-02,4.232525e-02,1.425642e-02,1.394938e-02,1.142072e-02,1.242288e-02,4.881955e-04,8.995783e-04,3.066387e-01,9.958778e-03,3.921792e-02,2.910687e-03,2.744994e-03,3.784157e-01,1.506415e-01
9.797352e-03,3.037068e-02,1.032544e-02,9.846408e-03,8.277220e-03,1.010305e-02,3.598641e-04,6.445747e-04,3.735986e-01,1.116710e-02,4.692347e-02,2.133042e-03,1.985694e-03,3.708147e-01,1.136528e-01
7.080597e-03,2.181280e-02,7.511997e-03,6.984668e-03,6.183251e-03,7.443102e-03,2.720389e-04,4.610867e-04,3.997352e-01,1.418264e-02,4.698290e-02,1.669817e-03,1.485594e-03,3.873882e-01,9.080613e-02
5.268423e-03,1.658703e-02,5.742922e-03,5.024436e-03,4.549809e-03,5.422273e-03,1.957906e-04,3.364773e-04,4.857891e-01,1.873678e-02,4.163561e-02,1.310337e-03,1.215775e-03,3.388392e-01,6.934598e-02
4.192007e-03,1.209758e-02,4.153275e-03,3.741916e-03,3.298895e-03,4.405131e-03,1.524675e-04,2.876601e-04,5.749028e-01,2.004466e-02,3.858273e-02,1.118119e-03,1.130081e-03,2.823191e-01,4.957360e-02
3.442968e-03,8.847445e-03,3.163982e-03,3.329237e-03,2.689309e-03,4.309571e-03,1.800896e-04,6.413081e-04,6.338561e-01,2.227729e-02,4.033245e-02,1.096309e-03,1.909603e-03,2.379649e-01,3.595937e-02
2.544384e-03,6.706580e-03,2.431445e-03,2.604056e-03,2.065294e-03,3.432715e-03,1.535518e-04,4.900898e-04,4.977078e-01,3.183340e-02,5.902709e-02,1.314474e-03,1.952166e-03,3.607767e-01,2.696034e-02
1.977977e-03,5.403140e-03,1.949341e-03,2.483944e-03,1.860265e-03,3.309767e-03,1.580041e-04,4.050049e-04,3.882734e-01,5.114397e-02,8.002748e-02,1.586817e-03,2.925427e-03,4.386392e-01,1.985624e-02
1.750519e-03,6.755770e-03,1.438023e-03,2.908985e-03,3.392000e-03,7.060769e-03,2.145362e-04,3.552372e-04,3.594654e-01,8.014742e-02,1.040561e-01,1.584336e-03,2.913800e-03,4.128115e-01,1.514570e-02
2.115018e-03,6.651375e-03,4.070391e-03,6.996745e-03,7.553611e-03,1.921577e-02,1.284644e-03,8.491385e-03,3.189753e-01,1.214409e-01,1.089578e-01,2.255256e-03,9.714158e-03,3.698371e-01,1.244067e-02
3.945345e-03,6.119385e-03,6.938803e-03,4.448524e-02,7.533471e-03,4.546990e-02,5.476146e-03,5.114172e-02,2.371637e-01,1.527042e-01,1.004454e-01,2.310799e-03,8.284831e-03,3.185787e-01,9.402329e-03
4.349600e-03,6.156518e-03,6.455944e-03,3.661322e-02,2.364280e-02,4.541920e-02,4.692575e-03,4.733180e-02,2.199208e-01,2.364637e-01,8.385406e-02,6.147995e-03,1.648295e-02,2.534992e-01,8.969669e-03
4.237150e-03,9.480875e-03,6.972540e-03,4.581258e-02,3.572561e-02,3.845399e-02,4.070004e-03,6.259589e-02,2.505845e-01,2.470202e-01,6.751681e-02,8.189432e-03,2.384816e-02,1.875741e-01,7.918233e-03
1.521585e-02,9.923030e-03,2.558002e-02,1.148106e-01,3.327186e-02,3.970402e-02,4.442090e-03,1.159902e-01,1.959764e-01,2.199558e-01,5.508767e-02,7.887963e-03,1.897707e-02,1.364053e-01,6.772129e-03
2.420913e-02,1.097468e-02,4.630335e-02,1.059015e-01,3.227907e-02,3.107886e-02,4.000523e-03,2.516512e-01,1.530620e-01,1.728893e-01,4.162343e-02,6.201543e-03,1.433686e-02,9.900692e-02,6.481688e-03
3.620557e-02,1.112990e-02,6.394908e-02,1.100947e-01,3.522104e-02,2.454761e-02,4.600096e-03,3.402070e-01,1.152078e-01,1.332971e-01,3.171376e-02,5.111980e-03,1.088838e-02,7.202278e-02,5.803218e-03
5.469672e-02,1.574276e-02,6.898734e-02,1.149418e-01,3.242082e-02,2.386087e-02,4.693715e-03,3.692857e-01,9.715695e-02,1.139714e-01,2.620975e-02,4.962442e-03,8.755925e-03,5.802502e-02,6.288926e-03
7.856247e-02,2.495520e-02,5.580935e-02,9.365535e-02,3.834447e-02,2.963672e-02,6.078138e-03,3.549756e-01,1.019887e-01,1.243624e-01,2.155723e-02,4.573110e-03,9.053795e-03,4.955215e-02,6.895290e-03
9.903550e-02,2.932341e-02,4.429772e-02,6.836498e-02,3.950771e-02,2.625100e-02,5.669628e-03,2.975967e-01,8.569536e-02,1.626147e-01,2.103457e-02,6.548474e-03,8.466007e-03,9.647151e-02,9.122849e-03
1.390150e-01,2.707202e-02,3.859338e-02,5.028519e-02,3.463414e-02,2.655875e-02,7.571970e-03,3.376563e-01,7.590551e-02,1.317461e-01,2.085146e-02,1.133223e-02,9.473542e-03,7.827254e-02,1.103208e-02
1.775873e-01,2.543595e-02,3.924339e-02,3.829022e-02,3.504799e-02,2.552865e-02,8.752338e-03,3.181426e-01,6.222195e-02,1.168603e-01,3.134841e-02,2.614160e-02,1.047073e-02,7.260520e-02,1.232342e-02
2.231498e-01,2.225653e-02,3.202704e-02,3.001847e-02,4.038309e-02,2.214736e-02,8.328832e-03,2.954246e-01,5.382326e-02,1.342594e-01,2.486979e-02,2.501475e-02,1.531388e-02,5.903720e-02,1.394608e-02
2.198695e-01,1.924681e-02,2.692190e-02,2.425376e-02,4.188820e-02,1.922059e-02,8.346176e-03,3.539259e-01,4.716648e-02,1.201590e-01,2.055076e-02,2.147480e-02,1.716333e-02,4.656862e-02,1.324421e-02
2.950543e-01,1.702449e-02,2.220257e-02,2.061643e-02,3.414815e-02,2.226902e-02,8.565543e-03,3.497330e-01,4.138351e-02,8.890199e-02,1.591156e-02,2.013671e-02,1.394822e-02,3.673831e-02,1.336618e-02
3.979501e-01,1.426379e-02,1.745058e-02,1.818229e-02,2.827163e-02,2.567467e-02,7.812952e-03,3.003329e-01,3.293667e-02,6.327481e-02,1.427975e-02,2.332755e-02,1.660974e-02,2.655060e-02,1.308195e-02
3.606757e-01,1.313303e-02,1.480960e-02,2.328753e-02,3.812080e-02,3.771793e-02,6.668698e-03,2.378358e-01,2.598413e-02,4.604044e-02,2.021839e-02,2.390114e-02,1.197129e-01,1.931247e-02,1.258141e-02
2.704389e-01,1.058965e-02,1.161203e-02,2.616555e-02,3.177527e-02,3.778960e-02,8.222075e-03,1.772573e-01,3.824334e-02,3.297733e-02,2.071377e-02,7.299949e-02,2.356416e-01,1.431383e-02,1.126023e-02
1.902245e-01,7.836373e-03,9.111982e-03,2.171909e-02,2.561997e-02,2.964997e-02,6.259618e-03,1.256806e-01,3.251982e-02,2.532307e-02,2.069310e-02,7.125755e-02,4.073963e-01,1.056480e-02,1.614310e-02
1.334492e-01,5.573967e-03,6.770908e-03,1.594082e-02,2.085092e-02,2.148737e-02,4.521908e-03,8.883397e-02,2.610387e-02,1.789880e-02,2.524742e-02,6.160904e-02,5.508475e-01,7.471350e-03,1.339291e-02
9.387547e-02,4.075284e-03,6.011104e-03,1.126531e-02,1.872933e-02,1.560460e-02,3.502676e-03,6.242517e-02,2.106295e-02,1.290201e-02,2.719303e-02,7.877435e-02,6.215982e-01,5.533550e-03,1.744697e-02
6.617975e-02,3.079783e-03,7.427490e-03,8.021891e-03,1.689973e-02,1.140657e-02,2.915496e-03,4.393315e-02,1.742249e-02,1.090537e-02,3.455729e-02,8.097530e-02,6.538973e-01,4.434246e-03,3.794409e-02
4.833613e-02,3.323906e-03,1.072294e-02,5.776440e-03,1.591365e-02,8.585054e-03,2.611388e-03,3.259652e-02,2.715272e-02,1.680676e-02,2.855958e-02,1.039723e-01,6.359217e-01,4.507596e-03,5.521335e-02
3.533310e-02,4.911982e-03,1.327277e-02,4.129172e-03,1.849298e-02,6.761310e-03,2.777909e-03,2.475871e-02,5.581075e-02,1.808739e-02,2.220431e-02,1.173179e-01,5.815854e-01,4.460017e-03,9.009638e-02
2.548271e-02,8.751024e-03,1.326781e-02,3.099435e-03,1.762795e-02,5.573970e-03,2.445085e-03,1.851238e-02,6.501783e-02,2.715925e-02,1.846250e-02,2.289208e-01,4.897246e-01,3.848999e-03,7.210571e-02
1.841725e-02,8.124731e-03,9.437812e-03,2.188507e-03,1.250215e-02,4.212161e-03,1.737800e-03,1.301105e-02,5.183851e-02,2.381676e-02,2.014826e-02,4.115674e-01,3.675694e-01,3.452860e-03,5.197547e-02
1.391001e-02,7.874428e-03,6.749032e-03,1.551692e-03,9.104833e-03,3.149292e-03,1.257032e-03,9.176044e-03,4.597565e-02,2.811029e-02,1.989906e-02,5.424935e-01,2.698331e-01,2.806625e-03,3.810945e-02
1.554609e-02,1.989849e-02,5.925793e-03,1.326670e-03,1.032673e-02,4.826505e-03,1.782399e-03,6.962525e-03,5.662134e-02,7.269629e-02,1.671498e-02,5.603504e-01,1.939244e-01,2.558750e-03,3.053868e-02
1.931921e-02,4.305742e-02,4.527282e-03,1.052048e-03,8.363320e-03,5.811043e-03,1.822256e-03,5.269725e-03,7.731338e-02,9.414528e-02,1.383895e-02,5.570243e-01,1.400702e-01,2.245368e-03,2.614025e-02
2.127686e-02,3.591868e-02,3.370956e-03,1.003425e-03,9.479767e-03,7.458231e-03,1.791124e-03,4.335368e-03,1.421547e-01,1.505185e-01,1.211697e-02,4.884326e-01,1.014091e-01,2.037647e-03,1.869608e-02
1.952175e-02,2.750013e-02,3.312070e-03,1.710047e-03,8.956302e-03,1.505871e-02,5.715782e-03,1.002303e-02,1.684364e-01,2.004936e-01,1.335262e-02,4.330173e-01,7.741027e-02,1.828627e-03,1.366332e-02
1.889263e-02,2.139757e-02,3.229409e-03,2.145553e-03,1.505826e-02,1.947192e-02,6.885816e-03,1.357542e-02,1.530529e-01,3.154473e-01,1.422705e-02,3.447127e-01,5.994312e-02,1.626923e-03,1.033340e-02
1.683823e-02,1.722875e-02,3.205547e-03,2.571722e-03,1.869500e-02,2.026693e-02,5.476485e-03,1.145104e-02,2.357668e-01,3.118154e-01,1.217068e-02,2.821585e-01,5.335501e-02,1.486569e-03,7.513357e-03
1.307450e-02,1.372903e-02,2.471992e-03,2.142126e-03,2.651380e-02,2.134918e-02,4.335451e-03,9.601166e-03,3.215568e-01,2.804392e-01,1.027206e-02,2.410663e-01,4.669341e-02,1.204308e-03,5.550660e-03
1.046424e-02,1.064554e-02,1.867096e-03,1.710377e-03,3.917968e-02,2.600896e-02,5.030313e-03,7.017916e-03,4.558824e-01,2.040762e-01,9.237394e-03,1.865123e-01,3.721533e-02,9.337846e-04,4.218433e-03
1.014335e-02,1.566691e-02,1.789341e-03,1.875918e-03,3.693180e-02,4.975662e-02,4.952005e-03,6.045707e-03,5.202194e-01,1.678492e-01,7.406638e-03,1.428473e-01,3.009515e-02,8.471967e-04,3.573433e-03
1.181592e-02,2.494795e-02,1.930680e-03,3.514617e-03,3.990825e-02,6.395668e-02,5.068829e-03,7.949985e-03,5.327983e-01,1.555417e-01,6.139216e-03,1.194456e-01,2.297400e-02,8.442150e-04,3.164023e-03
2.157092e-02,3.308510e-02,3.011886e-03,2.512765e-02,4.265822e-02,8.250390e-02,5.075776e-03,1.276332e-02,5.303167e-01,1.184229e-01,5.586358e-03,9.375382e-02,2.129968e-02,8.836275e-04,3.940214e-03
2.362545e-02,2.726713e-02,2.203888e-03,1.861194e-02,5.019074e-02,1.386166e-01,5.481783e-03,1.174926e-02,4.855340e-01,8.922064e-02,5.798317e-03,1.191944e-01,1.876797e-02,7.827978e-04,2.955090e-03
2.966217e-02,3.127166e-02,1.773297e-03,1.502767e-02,4.175940e-02,1.757288e-01,5.556192e-03,1.685328e-02,4.709034e-01,6.312324e-02,6.227720e-03,1.188377e-01,1.896724e-02,1.106385e-03,3.201870e-03
3.569185e-02,5.912000e-02,4.664486e-03,4.418044e-02,3.221254e-02,1.549641e-01,5.479163e-03,1.997702e-02,4.512533e-01,4.762594e-02,5.929112e-03,8.949873e-02,2.328819e-02,1.406536e-03,2.470869e-02
4.456594e-02,7.204973e-02,5.038636e-03,3.510659e-02,2.496742e-02,1.867240e-01,5.015848e-03,1.642997e-02,4.275052e-01,3.442686e-02,5.554814e-03,7.321702e-02,2.838618e-02,1.396284e-03,3.961562e-02
4.430193e-02,2.183228e-01,7.979268e-03,4.529401e-02,1.945164e-02,1.444730e-01,3.784008e-03,1.792570e-02,3.370583e-01,2.698223e-02,4.938913e-03,5.458764e-02,2.219640e-02,1.548674e-03,5.115552e-02
4.586378e-02,2.458445e-01,6.761105e-03,3.353743e-02,2.714931e-02,1.566719e-01,4.775044e-03,3.701136e-02,3.009932e-01,1.959604e-02,4.004798e-03,5.056224e-02,1.702266e-02,1.216053e-03,4.899063e-02
6.161895e-02,2.003911e-01,2.608505e-02,5.008309e-02,4.858527e-02,1.552333e-01,6.396462e-03,7.130536e-02,2.587207e-01,1.584393e-02,5.531916e-03,4.391060e-02,1.306266e-02,1.039262e-03,4.219246e-02
6.532471e-02,1.710044e-01,1.189948e-01,1.090681e-01,3.895606e-02,1.269295e-01,5.563909e-03,5.814173e-02,1.910906e-01,1.568713e-02,4.290507e-03,3.181278e-02,1.001621e-02,9.089852e-04,5.221068e-02
8.781853e-02,1.483429e-01,1.102476e-01,8.871671e-02,4.069941e-02,1.205717e-01,5.921425e-03,4.538152e-02,1.631859e-01,1.582749e-02,3.771900e-03,2.328235e-02,1.059657e-02,1.444365e-03,1.341916e-01
7.074530e-02,1.351430e-01,1.178893e-01,2.092601e-01,3.620367e-02,8.640763e-02,4.398631e-03,3.379588e-02,1.230637e-01,1.340657e-02,4.748602e-03,1.787238e-02,8.653151e-03,1.712122e-03,1.367000e-01
7.004332e-02,1.082938e-01,1.119927e-01,2.632675e-01,3.325422e-02,6.394986e-02,3.468804e-03,2.547311e-02,9.850228e-02,1.583445e-02,9.208164e-03,1.566684e-02,9.417593e-03,3.782012e-03,1.678453e-01
5.831862e-02,9.272181e-02,2.190460e-01,2.137917e-01,2.511454e-02,4.614453e-02,2.707361e-03,2.062657e-02,7.791556e-02,2.901082e-02,1.124291e-02,1.329347e-02,9.123642e-03,5.658993e-03,1.752835e-01
1.087535e-01,7.467153e-02,2.171386e-01,1.688265e-01,2.181258e-02,3.612257e-02,2.928448e-03,2.003732e-02,6.761950e-02,6.322721e-02,2.368004e-02,1.373663e-02,1.550223e-02,1.163795e-02,1.543055e-01
2.014270e-01,6.124025e-02,1.810444e-01,1.339025e-01,1.795992e-02,3.017819e-02,3.048900e-03,1.848873e-02,5.687854e-02,5.870292e-02,2.571746e-02,2.232786e-02,2.520763e-02,1.409834e-02,1.497774e-01
2.939808e-01,4.866138e-02,1.305800e-01,1.029669e-01,2.010836e-02,2.753673e-02,4.383154e-03,2.525789e-02,6.533141e-02,5.910560e-02,2.863071e-02,3.099848e-02,3.399128e-02,1.273455e-02,1.157326e-01
3.800395e-01,4.358181e-02,9.324061e-02,8.410908e-02,1.839746e-02,3.199446e-02,5.318586e-03,2.272956e-02,6.908292e-02,4.592096e-02,2.419126e-02,3.592554e-02,3.801951e-02,1.098410e-02,9.646462e-02
4.809325e-01,3.614897e-02,6.706242e-02,6.670272e-02,1.704971e-02,3.154816e-02,6.279959e-03,2.462191e-02,6.485756e-02,3.658201e-02,2.018218e-02,3.374722e-02,3.272136e-02,8.456471e-03,7.310687e-02
4.762910e-01,3.938480e-02,4.919533e-02,5.491428e-02,2.118143e-02,3.232865e-02,7.142110e-03,3.965586e-02,9.014718e-02,3.211036e-02,1.629778e-02,2.867634e-02,4.756192e-02,7.293039e-03,5.781988e-02
1.000000e+00,0.000000e+00,0.000000e+00,0.000000e+00,0.000000e+00,0.000000e+00,0.000000e+00,0.000000e+00,0.000000e+00,0.000000e+00,0.000000e+00,0.000000e+00,0.000000e+00,0.000000e+00,0.000000e+00
4.777012e-01,3.699956e-02,3.060019e-02,3.483541e-02,2.513400e-02,3.206625e-02,3.209872e-02,8.845289e-02,8.830331e-02,3.252410e-02,1.088830e-02,2.305768e-02,4.188339e-02,6.263481e-03,3.919146e-02
4.466256e-01,4.755787e-02,2.452324e-02,2.779427e-02,2.920032e-02,3.234028e-02,3.475296e-02,1.068158e-01,1.080970e-01,3.327717e-02,8.844178e-03,2.112221e-02,3.722302e-02,6.295929e-03,3.553007e-02
3.853538e-01,4.412516e-02,1.923838e-02,2.223573e-02,3.643120e-02,2.772091e-02,3.152040e-02,1.768262e-01,1.237006e-01,4.083204e-02,7.073332e-03,1.690665e-02,3.439141e-02,5.248015e-03,2.839610e-02
3.101045e-01,4.440302e-02,1.440398e-02,1.652150e-02,4.560371e-02,2.712940e-02,2.725466e-02,1.672145e-01,1.692316e-01,9.258461e-02,5.377043e-03,1.390490e-02,3.535433e-02,4.690000e-03,2.622218e-02
2.739716e-01,4.178404e-02,1.106620e-02,1.316794e-02,4.935849e-02,2.700726e-02,2.621123e-02,1.742950e-01,2.178957e-01,9.060533e-02,4.509588e-03,1.138272e-02,3.259326e-02,3.659368e-03,2.249235e-02
2.525560e-01,4.341393e-02,8.943437e-03,1.058695e-02,5.463903e-02,2.625767e-02,2.110996e-02,1.792862e-01,2.453809e-01,8.304829e-02,3.746821e-03,9.728123e-03,3.024185e-02,3.047411e-03,2.801340e-02
3.225282e-01,5.124001e-02,7.934438e-03,9.517726e-03,4.971001e-02,2.164961e-02,1.854810e-02,1.518036e-01,2.032966e-01,7.988267e-02,3.231783e-03,8.904894e-03,2.564078e-02,2.600878e-03,4.351077e-02
4.094699e-01,4.233037e-02,6.522968e-03,9.881820e-03,4.304977e-02,1.868200e-02,1.839420e-02,1.199501e-01,1.525427e-01,8.623831e-02,3.040853e-03,9.490799e-03,2.408250e-02,2.111539e-03,5.421223e-02
4.447963e-01,3.689449e-02,5.875311e-03,8.610818e-03,3.884023e-02,1.648447e-02,2.563645e-02,1.007901e-01,1.251323e-01,6.630851e-02,2.996899e-03,8.446335e-03,3.154384e-02,1.933089e-03,8.571090e-02
4.939815e-01,3.094463e-02,5.535566e-03,8.442385e-03,3.678098e-02,1.545601e-02,3.554211e-02,9.656397e-02,1.010585e-01,4.890732e-02,3.118891e-03,8.331011e-03,4.293475e-02,1.788629e-03,7.061367e-02
4.661118e-01,3.471521e-02,8.988320e-03,2.605894e-02,2.820392e-02,1.948572e-02,2.752835e-02,1.023557e-01,7.584599e-02,5.276973e-02,1.405354e-02,3.133275e-02,3.710891e-02,2.519800e-03,7.292139e-02
3.454177e-01,7.984864e-02,2.142476e-02,9.891583e-02,2.254251e-02,2.045825e-02,1.974263e-02,8.127443e-02,5.553090e-02,4.335669e-02,7.035296e-02,4.154375e-02,3.329933e-02,7.494669e-03,5.879698e-02
3.269888e-01,5.973078e-02,1.693745e-02,8.366954e-02,1.723971e-02,1.725739e-02,1.410523e-02,6.531323e-02,4.394918e-02,3.494442e-02,1.676206e-01,5.395820e-02,3.443285e-02,1.654182e-02,4.731093e-02
3.105925e-01,4.428470e-02,1.345924e-02,6.179116e-02,1.434780e-02,1.772730e-02,1.038565e-02,5.030508e-02,3.713915e-02,3.072553e-02,1.386215e-01,4.005120e-02,2.921694e-02,1.571930e-01,4.415932e-02
2.936472e-01,3.777333e-02,1.032193e-02,4.589818e-02,1.110603e-02,1.694992e-02,7.825146e-03,4.043564e-02,3.374264e-02,2.801908e-02,1.087661e-01,3.024811e-02,2.311512e-02,2.729078e-01,3.924386e-02
2.654029e-01,4.969519e-02,8.225280e-03,3.592865e-02,8.345458e-03,2.396816e-02,6.206985e-03,3.161981e-02,4.729504e-02,2.191633e-02,8.069129e-02,2.296780e-02,1.919298e-02,3.445382e-01,3.400601e-02
2.690256e-01,5.597631e-02,9.426398e-03,3.438484e-02,7.074961e-03,3.722515e-02,4.847352e-03,2.395874e-02,5.770187e-02,1.846065e-02,9.858800e-02,2.035260e-02,1.715379e-02,3.146802e-01,3.114348e-02
2.700501e-01,6.010927e-02,1.379184e-02,2.636373e-02,5.831065e-03,4.055844e-02,3.714056e-03,1.816321e-02,5.819315e-02,1.549514e-02,8.963507e-02,1.684963e-02,1.406957e-02,3.371325e-01,3.004334e-02
2.015799e-01,7.137128e-02,7.525396e-02,6.948305e-02,1.104858e-02,3.498459e-02,3.346571e-03,1.428439e-02,1.107018e-01,1.828875e-02,7.108117e-02,1.600024e-02,1.160282e-02,2.649363e-01,2.603668e-02
1.479411e-01,7.951584e-02,8.357970e-02,5.648651e-02,9.481631e-03,3.008110e-02,2.609653e-03,1.065583e-02,1.941016e-01,3.620236e-02,5.336486e-02,1.268848e-02,1.041166e-02,2.307900e-01,4.208975e-02
1.055783e-01,7.378925e-02,1.407693e-01,9.516738e-02,9.875285e-03,2.399893e-02,1.998803e-03,8.003043e-03,2.435959e-01,3.294503e-02,3.944874e-02,9.142504e-03,7.794674e-03,1.666451e-01,4.124775e-02
7.763992e-02,9.577116e-02,1.746523e-01,8.214452e-02,7.862529e-03,2.026576e-02,1.448481e-03,5.708372e-03,2.207963e-01,4.827539e-02,2.979528e-02,6.804734e-03,7.406150e-03,1.245041e-01,9.692504e-02
5.612286e-02,9.460168e-02,1.267806e-01,5.992138e-02,6.987283e-03,1.552611e-02,1.022755e-03,4.217937e-03,2.206191e-01,1.927270e-01,2.332599e-02,4.961876e-03,5.706254e-03,9.015992e-02,9.731919e-02
4.081820e-02,1.104685e-01,1.009622e-01,5.674016e-02,6.376860e-03,1.197291e-02,7.383399e-04,3.481127e-03,3.105626e-01,1.669320e-01,1.738150e-02,3.786689e-03,5.728865e-03,6.406821e-02,9.998178e-02
2.969241e-02,1.741706e-01,7.342578e-02,4.240200e-02,6.056877e-03,1.048694e-02,5.536629e-04,2.606320e-03,3.074901e-01,1.814997e-01,1.318763e-02,2.879445e-03,5.333382e-03,4.789425e-02,1.023208e-01
2.261933e-02,1.518304e-01,7.810466e-02,7.359228e-02,5.548287e-03,8.875029e-03,4.228981e-04,4.357986e-03,3.902637e-01,1.329131e-01,1.090910e-02,2.304498e-03,4.370919e-03,3.684182e-02,7.704596e-02
1.957344e-02,1.287549e-01,6.029364e-02,7.206123e-02,9.987433e-03,7.282514e-02,5.292972e-04,6.002217e-03,4.301982e-01,9.639148e-02,9.421458e-03,1.726331e-03,3.992172e-03,2.809301e-02,6.015011e-02
