1.000000e+00,0.000000e+00,0.000000e+00,0.000000e+00,0.000000e+00,0.000000e+00,0.000000e+00,0.000000e+00,0.000000e+00,0.000000e+00,0.000000e+00,0.000000e+00,0.000000e+00,0.000000e+00,0.000000e+00
1.000000e+00,0.000000e+00,0.000000e+00,0.000000e+00,0.000000e+00,0.000000e+00,0.000000e+00,0.000000e+00,0.000000e+00,0.000000e+00,0.000000e+00,0.000000e+00,0.000000e+00,0.000000e+00,0.000000e+00
1.000000e+00,0.000000e+00,0.000000e+00,0.000000e+00,0.000000e+00,0.000000e+00,0.000000e+00,0.000000e+00,0.000000e+00,0.000000e+00,0.000000e+00,0.000000e+00,0.000000e+00,0.000000e+00,0.000000e+00
1.000000e+00,0.000000e+00,0.000000e+00,0.000000e+00,0.000000e+00,0.000000e+00,0.000000e+00,0.000000e+00,0.000000e+00,0.000000e+00,0.000000e+00,0.000000e+00,0.000000e+00,0.000000e+00,0.000000e+00
1.000000e+00,0.000000e+00,0.000000e+00,0.000000e+00,0.000000e+00,0.000000e+00,0.000000e+00,0.000000e+00,0.000000e+00,0.000000e+00,0.000000e+00,0.000000e+00,0.000000e+00,0.000000e+00,0.000000e+00
1.000000e+00,0.000000e+00,0.000000e+00,0.000000e+00,0.000000e+00,0.000000e+00,0.000000e+00,0.000000e+00,0.000000e+00,0.000000e+00,0.000000e+00,0.000000e+00,0.000000e+00,0.000000e+00,0.000000e+00
1.000000e+00,0.000000e+00,0.000000e+00,0.000000e+00,0.000000e+00,0.000000e+00,0.000000e+00,0.000000e+00,0.000000e+00,0.000000e+00,0.000000e+00,0.000000e+00,0.000000e+00,0.000000e+00,0.000000e+00
1.000000e+00,0.000000e+00,0.000000e+00,0.000000e+00,0.000000e+00,0.000000e+00,0.000000e+00,0.000000e+00,0.000000e+00,0.000000e+00,0.000000e+00,0.000000e+00,0.000000e+00,0.000000e+00,0.000000e+00
1.000000e+00,0.000000e+00,0.000000e+00,0.000000e+00,0.000000e+00,0.000000e+00,0.000000e+00,0.000000e+00,0.000000e+00,0.000000e+00,0.000000e+00,0.000000e+00,0.000000e+00,0.000000e+00,0.000000e+00
1.000000e+00,0.000000e+00,0.000000e+00,0.000000e+00,0.000000e+00,0.000000e+00,0.000000e+00,0.000000e+00,0.000000e+00,0.000000e+00,0.000000e+00,0.000000e+00,0.000000e+00,0.000000e+00,0.000000e+00
1.000000e+00,0.000000e+00,0.000000e+00,0.000000e+00,0.000000e+00,0.000000e+00,0.000000e+00,0.000000e+00,0.000000e+00,0.000000e+00,0.000000e+00,0.000000e+00,0.000000e+00,0.000000e+00,0.000000e+00
1.000000e+00,0.000000e+00,0.000000e+00,0.000000e+00,0.000000e+00,0.000000e+00,0.000000e+00,0.000000e+00,0.000000e+00,0.000000e+00,0.000000e+00,0.000000e+00,0.000000e+00,0.000000e+00,0.000000e+00
1.000000e+00,0.000000e+00,0.000000e+00,0.000000e+00,0.000000e+00,0.000000e+00,0.000000e+00,0.000000e+00,0.000000e+00,0.000000e+00,0.000000e+00,0.000000e+00,0.000000e+00,0.000000e+00,0.000000e+00
1.000000e+00,0.000000e+00,0.000000e+00,0.000000e+00,0.000000e+00,0.000000e+00,0.000000e+00,0.000000e+00,0.000000e+00,0.000000e+00,0.000000e+00,0.000000e+00,0.000000e+00,0.000000e+00,0.000000e+00
1.000000e+00,0.000000e+00,0.000000e+00,0.000000e+00,0.000000e+00,0.000000e+00,0.000000e+00,0.000000e+00,0.000000e+00,0.000000e+00,0.000000e+00,0.000000e+00,0.000000e+00,0.000000e+00,0.000000e+00
1.000000e+00,0.000000e+00,0.000000e+00,0.000000e+00,0.000000e+00,0.000000e+00,0.000000e+00,0.000000e+00,0.000000e+00,0.000000e+00,0.000000e+00,0.000000e+00,0.000000e+00,0.000000e+00,0.000000e+00
1.000000e+00,0.000000e+00,0.000000e+00,0.000000e+00,0.000000e+00,0.000000e+00,0.000000e+00,0.000000e+00,0.000000e+00,0.000000e+00,0.000000e+00,0.000000e+00,0.000000e+00,0.000000e+00,0.000000e+00
1.000000e+00,0.000000e+00,0.000000e+00,0.000000e+00,0.000000e+00,0.000000e+00,0.000000e+00,0.000000e+00,0.000000e+00,0.000000e+00,0.000000e+00,0.000000e+00,0.000000e+00,0.000000e+00,0.000000e+00
1.000000e+00,0.000000e+00,0.000000e+00,0.000000e+00,0.000000e+00,0.000000e+00,0.000000e+00,0.000000e+00,0.000000e+00,0.000000e+00,0.000000e+00,0.000000e+00,0.000000e+00,0.000000e+00,0.000000e+00
1.000000e+00,0.000000e+00,0.000000e+00,0.000000e+00,0.000000e+00,0.000000e+00,0.000000e+00,0.000000e+00,0.000000e+00,0.000000e+00,0.000000e+00,0.000000e+00,0.000000e+00,0.000000e+00,0.000000e+00
1.000000e+00,0.000000e+00,0.000000e+00,0.000000e+00,0.000000e+00,0.000000e+00,0.000000e+00,0.000000e+00,0.000000e+00,0.000000e+00,0.000000e+00,0.000000e+00,0.000000e+00,0.000000e+00,0.000000e+00
1.000000e+00,0.000000e+00,0.000000e+00,0.000000e+00,0.000000e+00,0.000000e+00,0.000000e+00,0.000000e+00,0.000000e+00,0.000000e+00,0.000000e+00,0.000000e+00,0.000000e+00,0.000000e+00,0.000000e+00
1.000000e+00,0.000000e+00,0.000000e+00,0.000000e+00,0.000000e+00,0.000000e+00,0.000000e+00,0.000000e+00,0.000000e+00,0.000000e+00,0.000000e+00,0.000000e+00,0.000000e+00,0.000000e+00,0.000000e+00
1.000000e+00,0.000000e+00,0.000000e+00,0.000000e+00,0.000000e+00,0.000000e+00,0.000000e+00,0.000000e+00,0.000000e+00,0.000000e+00,0.000000e+00,0.000000e+00,0.000000e+00,0.000000e+00,0.000000e+00
1.000000e+00,0.000000e+00,0.000000e+00,0.000000e+00,0.000000e+00,0.000000e+00,0.000000e+00,0.000000e+00,0.000000e+00,0.000000e+00,0.000000e+00,0.000000e+00,0.000000e+00,0.000000e+00,0.000000e+00
1.000000e+00,0.000000e+00,0.000000e+00,0.000000e+00,0.000000e+00,0.000000e+00,0.000000e+00,0.000000e+00,0.000000e+00,0.000000e+00,0.000000e+00,0.000000e+00,0.000000e+00,0.000000e+00,0.000000e+00
1.000000e+00,0.000000e+00,0.000000e+00,0.000000e+00,0.000000e+00,0.000000e+00,0.000000e+00,0.000000e+00,0.000000e+00,0.000000e+00,0.000000e+00,0.000000e+00,0.000000e+00,0.000000e+00,0.000000e+00
1.000000e+00,0.000000e+00,0.000000e+00,0.000000e+00,0.000000e+00,0.000000e+00,0.000000e+00,0.000000e+00,0.000000e+00,0.000000e+00,0.000000e+00,0.000000e+00,0.000000e+00,0.000000e+00,0.000000e+00
1.000000e+00,0.000000e+00,0.000000e+00,0.000000e+00,0.000000e+00,0.000000e+00,0.000000e+00,0.000000e+00,0.000000e+00,0.000000e+00,0.000000e+00,0.000000e+00,0.000000e+00,0.000000e+00,0.000000e+00
1.000000e+00,0.000000e+00,0.000000e+00,0.000000e+00,0.000000e+00,0.000000e+00,0.000000e+00,0.000000e+00,0.000000e+00,0.000000e+00,0.000000e+00,0.000000e+00,0.000000e+00,0.000000e+00,0.000000e+00
1.000000e+00,0.000000e+00,0.000000e+00,0.000000e+00,0.000000e+00,0.000000e+00,0.000000e+00,0.000000e+00,0.000000e+00,0.000000e+00,0.000000e+00,0.000000e+00,0.000000e+00,0.000000e+00,0.000000e+00
1.000000e+00,0.000000e+00,0.000000e+00,0.000000e+00,0.000000e+00,0.000000e+00,0.000000e+00,0.000000e+00,0.000000e+00,0.000000e+00,0.000000e+00,0.000000e+00,0.000000e+00,0.000000e+00,0.000000e+00
1.000000e+00,0.000000e+00,0.000000e+00,0.000000e+00,0.000000e+00,0.000000e+00,0.000000e+00,0.000000e+00,0.000000e+00,0.000000e+00,0.000000e+00,0.000000e+00,0.000000e+00,0.000000e+00,0.000000e+00
1.000000e+00,0.000000e+00,0.000000e+00,0.000000e+00,0.000000e+00,0.000000e+00,0.000000e+00,0.000000e+00,0.000000e+00,0.000000e+00,0.000000e+00,0.000000e+00,0.000000e+00,0.000000e+00,0.000000e+00
1.000000e+00,0.000000e+00,0.000000e+00,0.000000e+00,0.000000e+00,0.000000e+00,0.000000e+00,0.000000e+00,0.000000e+00,0.000000e+00,0.000000e+00,0.000000e+00,0.000000e+00,0.000000e+00,0.000000e+00
1.000000e+00,0.000000e+00,0.000000e+00,0.000000e+00,0.000000e+00,0.000000e+00,0.000000e+00,0.000000e+00,0.000000e+00,0.000000e+00,0.000000e+00,0.000000e+00,0.000000e+00,0.000000e+00,0.000000e+00
1.000000e+00,0.000000e+00,0.000000e+00,0.000000e+00,0.000000e+00,0.000000e+00,0.000000e+00,0.000000e+00,0.000000e+00,0.000000e+00,0.000000e+00,0.000000e+00,0.000000e+00,0.000000e+00,0.000000e+00
1.000000e+00,0.000000e+00,0.000000e+00,0.000000e+00,0.000000e+00,0.000000e+00,0.000000e+00,0.000000e+00,0.000000e+00,0.000000e+00,0.000000e+00,0.000000e+00,0.000000e+00,0.000000e+00,0.000000e+00
1.000000e+00,0.000000e+00,0.000000e+00,0.000000e+00,0.000000e+00,0.000000e+00,0.000000e+00,0.000000e+00,0.000000e+00,0.000000e+00,0.000000e+00,0.000000e+00,0.000000e+00,0.000000e+00,0.000000e+00
1.000000e+00,0.000000e+00,0.000000e+00,0.000000e+00,0.000000e+00,0.000000e+00,0.000000e+00,0.000000e+00,0.000000e+00,0.000000e+00,0.000000e+00,0.000000e+00,0.000000e+00,0.000000e+00,0.000000e+00
1.000000e+00,0.000000e+00,0.000000e+00,0.000000e+00,0.000000e+00,0.000000e+00,0.000000e+00,0.000000e+00,0.000000e+00,0.000000e+00,0.000000e+00,0.000000e+00,0.000000e+00,0.000000e+00,0.000000e+00
1.000000e+00,0.000000e+00,0.000000e+00,0.000000e+00,0.000000e+00,0.000000e+00,0.000000e+00,0.000000e+00,0.000000e+00,0.000000e+00,0.000000e+00,0.000000e+00,0.000000e+00,0.000000e+00,0.000000e+00
1.000000e+00,0.000000e+00,0.000000e+00,0.000000e+00,0.000000e+00,0.000000e+00,0.000000e+00,0.000000e+00,0.000000e+00,0.000000e+00,0.000000e+00,0.000000e+00,0.000000e+00,0.000000e+00,0.000000e+00
1.000000e+00,0.000000e+00,0.000000e+00,0.000000e+00,0.000000e+00,0.000000e+00,0.000000e+00,0.000000e+00,0.000000e+00,0.000000e+00,0.000000e+00,0.000000e+00,0.000000e+00,0.000000e+00,0.000000e+00
1.000000e+00,0.000000e+00,0.000000e+00,0.000000e+00,0.000000e+00,0.000000e+00,0.000000e+00,0.000000e+00,0.000000e+00,0.000000e+00,0.000000e+00,0.000000e+00,0.000000e+00,0.000000e+00,0.000000e+00
1.000000e+00,0.000000e+00,0.000000e+00,0.000000e+00,0.000000e+00,0.000000e+00,0.000000e+00,0.000000e+00,0.000000e+00,0.000000e+00,0.000000e+00,0.000000e+00,0.000000e+00,0.000000e+00,0.000000e+00
1.000000e+00,0.000000e+00,0.000000e+00,0.000000e+00,0.000000e+00,0.000000e+00,0.000000e+00,0.000000e+00,0.000000e+00,0.000000e+00,0.000000e+00,0.000000e+00,0.000000e+00,0.000000e+00,0.000000e+00
1.000000e+00,0.000000e+00,0.000000e+00,0.000000e+00,0.000000e+00,0.000000e+00,0.000000e+00,0.000000e+00,0.000000e+00,0.000000e+00,0.000000e+00,0.000000e+00,0.000000e+00,0.000000e+00,0.000000e+00
1.000000e+00,0.000000e+00,0.000000e+00,0.000000e+00,0.000000e+00,0.000000e+00,0.000000e+00,0.000000e+00,0.000000e+00,0.000000e+00,0.000000e+00,0.000000e+00,0.000000e+00,0.000000e+00,0.000000e+00
1.000000e+00,0.000000e+00,0.000000e+00,0.000000e+00,0.000000e+00,0.000000e+00,0.000000e+00,0.000000e+00,0.000000e+00,0.000000e+00,0.000000e+00,0.000000e+00,0.000000e+00,0.000000e+00,0.000000e+00
1.000000e+00,0.000000e+00,0.000000e+00,0.000000e+00,0.000000e+00,0.000000e+00,0.000000e+00,0.000000e+00,0.000000e+00,0.000000e+00,0.000000e+00,0.000000e+00,0.000000e+00,0.000000e+00,0.000000e+00
1.000000e+00,0.000000e+00,0.000000e+00,0.000000e+00,0.000000e+00,0.000000e+00,0.000000e+00,0.000000e+00,0.000000e+00,0.000000e+00,0.000000e+00,0.000000e+00,0.000000e+00,0.000000e+00,0.000000e+00
1.000000e+00,0.000000e+00,0.000000e+00,0.000000e+00,0.000000e+00,0.000000e+00,0.000000e+00,0.000000e+00,0.000000e+00,0.000000e+00,0.000000e+00,0.000000e+00,0.000000e+00,0.000000e+00,0.000000e+00
1.000000e+00,0.000000e+00,0.000000e+00,0.000000e+00,0.000000e+00,0.000000e+00,0.000000e+00,0.000000e+00,0.000000e+00,0.000000e+00,0.000000e+00,0.000000e+00,0.000000e+00,0.000000e+00,0.000000e+00
1.000000e+00,0.000000e+00,0.000000e+00,0.000000e+00,0.000000e+00,0.000000e+00,0.000000e+00,0.000000e+00,0.000000e+00,0.000000e+00,0.000000e+00,0.000000e+00,0.000000e+00,0.000000e+00,0.000000e+00
1.000000e+00,0.000000e+00,0.000000e+00,0.000000e+00,0.000000e+00,0.000000e+00,0.000000e+00,0.000000e+00,0.000000e+00,0.000000e+00,0.000000e+00,0.000000e+00,0.000000e+00,0.000000e+00,0.000000e+00
1.000000e+00,0.000000e+00,0.000000e+00,0.000000e+00,0.000000e+00,0.000000e+00,0.000000e+00,0.000000e+00,0.000000e+00,0.000000e+00,0.000000e+00,0.000000e+00,0.000000e+00,0.000000e+00,0.000000e+00
1.000000e+00,0.000000e+00,0.000000e+00,0.000000e+00,0.000000e+00,0.000000e+00,0.000000e+00,0.000000e+00,0.000000e+00,0.000000e+00,0.000000e+00,0.000000e+00,0.000000e+00,0.000000e+00,0.000000e+00
1.000000e+00,0.000000e+00,0.000000e+00,0.000000e+00,0.000000e+00,0.000000e+00,0.000000e+00,0.000000e+00,0.000000e+00,0.000000e+00,0.000000e+00,0.000000e+00,0.000000e+00,0.000000e+00,0.000000e+00
4.700657e-01,2.622479e-02,2.164477e-02,8.428302e-02,1.325586e-02,2.126552e-02,5.285256e-03,2.627709e-01,1.036046e-02,1.901947e-03,1.851981e-02,2.588694e-02,1.755111e-02,3.842507e-03,1.714148e-02
3.321340e-01,1.849700e-02,1.662923e-02,5.966217e-02,9.851877e-03,1.526924e-02,3.851728e-03,4.768846e-01,7.283621e-03,1.355967e-03,1.311918e-02,1.822473e-02,1.237506e-02,2.754814e-03,1.210685e-02
2.343795e-01,1.305371e-02,1.301419e-02,4.232376e-02,7.135574e-03,1.159913e-02,2.886790e-03,6.280614e-01,5.119028e-03,9.704196e-04,9.314505e-03,1.286415e-02,8.738102e-03,1.988347e-03,8.551382e-03
1.676149e-01,9.179542e-03,9.543373e-03,2.999174e-02,5.317810e-03,8.603227e-03,2.273111e-03,7.338235e-01,3.599799e-03,7.023002e-04,6.599785e-03,9.123730e-03,6.184705e-03,1.418396e-03,6.024184e-03
1.213716e-01,6.490509e-03,6.867483e-03,2.128130e-02,4.191896e-03,6.370809e-03,1.785209e-03,8.073871e-01,2.547585e-03,5.398129e-04,4.792290e-03,6.538713e-03,4.542680e-03,1.030937e-03,4.262119e-03
8.720119e-02,4.613454e-03,4.866389e-03,1.499797e-02,3.641425e-03,4.954689e-03,1.371600e-03,8.494362e-01,1.849744e-03,4.570851e-04,6.883746e-03,6.295299e-03,8.314776e-03,2.075177e-03,3.041365e-03
6.162376e-02,3.266960e-03,3.429077e-03,1.119870e-02,2.965192e-03,3.686856e-03,9.941446e-04,6.471610e-01,1.474631e-03,1.565305e-03,6.029279e-02,7.240951e-02,1.237717e-01,3.361333e-03,2.799042e-03
4.343289e-02,2.355669e-03,2.612980e-03,1.759061e-02,2.456122e-03,2.862842e-03,8.042605e-04,4.759337e-01,1.499970e-03,6.891127e-03,7.528582e-02,1.447095e-01,2.168419e-01,3.929702e-03,2.792937e-03
3.056059e-02,1.746896e-03,2.304306e-03,1.202587e-01,2.282175e-03,2.111937e-03,7.664799e-04,3.406021e-01,3.549237e-03,5.498794e-03,6.716366e-02,2.398571e-01,1.762158e-01,4.925997e-03,2.156384e-03
2.154322e-02,1.308216e-03,1.792054e-03,1.062150e-01,2.195091e-03,1.568688e-03,6.173428e-04,2.398203e-01,3.566014e-03,6.142093e-03,9.856025e-02,2.661264e-01,2.403975e-01,8.203320e-03,1.944650e-03
1.553599e-02,9.502663e-04,1.364628e-03,7.807281e-02,3.620329e-03,1.247565e-03,5.110834e-04,1.685635e-01,5.481767e-03,5.820110e-03,1.168155e-01,3.229854e-01,2.698410e-01,7.717626e-03,1.472489e-03
1.272814e-02,7.191558e-04,9.993132e-04,5.613500e-02,3.047014e-03,1.424143e-03,3.804231e-04,1.182458e-01,9.451157e-03,6.678153e-03,1.115265e-01,4.435815e-01,2.272974e-01,6.700781e-03,1.085586e-03
2.618378e-02,7.759531e-04,8.667853e-04,4.591313e-02,4.569397e-03,4.726840e-03,4.228822e-04,8.385230e-02,2.621178e-02,8.821558e-03,1.245503e-01,4.743991e-01,1.918942e-01,5.790808e-03,1.021183e-03
2.318146e-02,6.707130e-04,6.461788e-04,3.291571e-02,3.939481e-03,4.410235e-03,3.200489e-04,5.903902e-02,2.971094e-02,7.885305e-03,1.194485e-01,5.624504e-01,1.495270e-01,5.082340e-03,7.727616e-04
1.682886e-02,5.826651e-04,4.619962e-04,2.323138e-02,3.009686e-03,3.486932e-03,2.287989e-04,4.142822e-02,3.406181e-02,7.390795e-03,9.714110e-02,6.468863e-01,1.206494e-01,4.049510e-03,5.625931e-04
1.187722e-02,5.952223e-04,3.681974e-04,1.636633e-02,5.803618e-03,2.523620e-03,1.870650e-04,2.912162e-02,4.443422e-02,6.965352e-03,7.888421e-02,7.075648e-01,9.164409e-02,3.234893e-03,4.295830e-04
8.377199e-03,1.069460e-03,3.583361e-04,1.149232e-02,4.823546e-03,2.111905e-03,1.400310e-04,2.044786e-02,5.635779e-02,5.951822e-03,6.213008e-02,7.517891e-01,7.196321e-02,2.658460e-03,3.289906e-04
6.727736e-03,2.458494e-03,9.611825e-04,8.429014e-03,1.015388e-02,1.946647e-02,1.199927e-03,2.079136e-02,9.315155e-02,1.058268e-02,5.041534e-02,7.127659e-01,5.976663e-02,2.754469e-03,3.754327e-04
5.046748e-03,2.752319e-03,1.016934e-03,6.151729e-03,1.652663e-02,1.619298e-02,1.094505e-03,1.531164e-02,1.211635e-01,9.280956e-03,3.810734e-02,7.206841e-01,4.421698e-02,2.117551e-03,3.361855e-04
3.709133e-03,4.857330e-03,1.057560e-03,4.407735e-03,5.203342e-02,1.164598e-02,1.433493e-03,1.106980e-02,2.969703e-01,7.130479e-03,2.979791e-02,5.419345e-01,3.205349e-02,1.530786e-03,3.680673e-04
2.738705e-03,5.123461e-03,3.208605e-03,3.887646e-03,5.817616e-02,1.149756e-02,4.834600e-03,1.484804e-02,4.503824e-01,5.827003e-03,2.175540e-02,3.929927e-01,2.328464e-02,1.134940e-03,3.081913e-04
3.276764e-03,4.225654e-03,9.891858e-03,5.777230e-03,1.191461e-01,2.573954e-02,3.921154e-03,1.183374e-02,4.809126e-01,4.636250e-03,1.860020e-02,2.914914e-01,1.928890e-02,8.668738e-04,3.917906e-04
1.224253e-02,4.818944e-03,1.232209e-02,6.950816e-03,1.769871e-01,2.164710e-02,3.028749e-03,8.991145e-03,4.777902e-01,4.276715e-03,2.029917e-02,2.235645e-01,2.474235e-02,1.469763e-03,8.687937e-04
2.899958e-02,8.315979e-03,1.569098e-02,8.414133e-03,1.776740e-01,1.815010e-02,3.090852e-03,7.832537e-03,4.867158e-01,3.978859e-03,2.456558e-02,1.755157e-01,3.193618e-02,3.549208e-03,5.570593e-03
5.443197e-02,1.031336e-02,2.887564e-02,3.093403e-02,2.083157e-01,1.753240e-02,3.250886e-03,1.431836e-02,3.945632e-01,3.567630e-03,3.633647e-02,1.453522e-01,3.765466e-02,5.924290e-03,8.629181e-03
6.869107e-02,1.360004e-02,2.519214e-02,3.671563e-02,1.940338e-01,1.681623e-02,2.673222e-03,1.273658e-02,3.314219e-01,5.492511e-03,6.750897e-02,1.572798e-01,4.564528e-02,8.415769e-03,1.377716e-02
8.209263e-02,1.650523e-02,2.428441e-02,4.009594e-02,1.897519e-01,1.464171e-02,2.735548e-03,2.363142e-02,3.178314e-01,6.829935e-03,7.293598e-02,1.356441e-01,4.761017e-02,9.014991e-03,1.639460e-02
1.060779e-01,2.569739e-02,2.283311e-02,3.374757e-02,1.958151e-01,1.398072e-02,3.181214e-03,2.309691e-02,3.055762e-01,1.010887e-02,7.407747e-02,1.175531e-01,3.783450e-02,1.151686e-02,1.890301e-02
1.308662e-01,3.211197e-02,3.286720e-02,2.903991e-02,2.266713e-01,1.896010e-02,5.892388e-03,2.939375e-02,2.518511e-01,1.713705e-02,7.040177e-02,9.026890e-02,3.036211e-02,1.674195e-02,1.743428e-02
1.446801e-01,3.584184e-02,4.228639e-02,2.762437e-02,2.656397e-01,3.051563e-02,7.241519e-03,2.855780e-02,2.051829e-01,1.565104e-02,6.044882e-02,6.800895e-02,2.457736e-02,2.735500e-02,1.638860e-02
1.644478e-01,4.336683e-02,3.503568e-02,6.167740e-02,2.359384e-01,2.761199e-02,7.035527e-03,3.127522e-02,1.783927e-01,1.492435e-02,5.341956e-02,6.359261e-02,2.196987e-02,2.408826e-02,3.722375e-02
2.241231e-01,4.423972e-02,2.954007e-02,5.937199e-02,2.247588e-01,2.629261e-02,6.687479e-03,3.547515e-02,1.632620e-01,1.527725e-02,4.539684e-02,5.716629e-02,1.870719e-02,1.972776e-02,2.997373e-02
2.763845e-01,5.469992e-02,2.413068e-02,5.241998e-02,1.779960e-01,2.579817e-02,5.868016e-03,3.141989e-02,1.613382e-01,2.373278e-02,4.942006e-02,5.401035e-02,1.804618e-02,1.786388e-02,2.687150e-02
3.532959e-01,5.099617e-02,2.056147e-02,5.641727e-02,1.391419e-01,2.529289e-02,7.009541e-03,3.220709e-02,1.323740e-01,2.259941e-02,4.750562e-02,5.640020e-02,1.622299e-02,1.445824e-02,2.551745e-02
3.825831e-01,3.976638e-02,2.593873e-02,8.140506e-02,1.241966e-01,2.329419e-02,8.282823e-03,6.020986e-02,1.066362e-01,1.804536e-02,3.637739e-02,4.931873e-02,1.325384e-02,1.085196e-02,1.983984e-02
3.354940e-01,3.830579e-02,9.178466e-02,1.502623e-01,9.558488e-02,2.472068e-02,6.388909e-03,4.352368e-02,8.000427e-02,1.611990e-02,3.203650e-02,4.384556e-02,1.638860e-02,8.030238e-03,1.750998e-02
2.426352e-01,2.931014e-02,1.225676e-01,2.228572e-01,7.415317e-02,2.023441e-02,4.736791e-03,3.099297e-02,5.668591e-02,1.535562e-02,4.408110e-02,4.569035e-02,7.161032e-02,5.803711e-03,1.328538e-02
1.712908e-01,2.228323e-02,1.278902e-01,1.716136e-01,5.448640e-02,1.587250e-02,3.370851e-03,2.190865e-02,4.006748e-02,1.121016e-02,3.750270e-02,5.456905e-02,2.541142e-01,4.157802e-03,9.662350e-03
1.200128e-01,1.573725e-02,1.427567e-01,1.219204e-01,3.830091e-02,1.279155e-02,2.397632e-03,1.535808e-02,2.820098e-02,8.252335e-03,3.040275e-02,7.834044e-02,3.756912e-01,2.932328e-03,6.904654e-03
8.406467e-02,1.110855e-02,1.896921e-01,8.612023e-02,2.719405e-02,9.489684e-03,1.769442e-03,1.079048e-02,2.032986e-02,6.151129e-03,2.662792e-02,1.598359e-01,3.597491e-01,2.088337e-03,4.988514e-03
5.897299e-02,7.833602e-03,1.452913e-01,6.149870e-02,1.928003e-02,8.579043e-03,1.642643e-03,7.857813e-03,1.481578e-02,4.579462e-03,2.221556e-02,2.754280e-01,3.666575e-01,1.558517e-03,3.789117e-03
4.176597e-02,5.642178e-03,1.050404e-01,4.553716e-02,1.388719e-02,1.011048e-02,1.986391e-03,6.976259e-03,1.190492e-02,3.701073e-03,2.418923e-02,3.527101e-01,3.717752e-01,1.808394e-03,2.965143e-03
2.934220e-02,4.034291e-03,7.492283e-02,3.215425e-02,9.828128e-03,8.000201e-03,2.202922e-03,5.448338e-03,9.514545e-03,3.307032e-03,2.606366e-02,4.315979e-01,3.598869e-01,1.439245e-03,2.257478e-03
2.108873e-02,2.968400e-03,5.334416e-02,2.294112e-02,8.645391e-03,8.220165e-03,5.441831e-03,5.126961e-03,9.252312e-03,3.435154e-03,2.344782e-02,5.393434e-01,2.934938e-01,1.365141e-03,1.885509e-03
1.512662e-02,2.147816e-03,3.748035e-02,1.617372e-02,6.849888e-03,8.700132e-03,4.214625e-03,4.123133e-03,7.357656e-03,3.035578e-03,1.869339e-02,6.028573e-01,2.704711e-01,1.124643e-03,1.644014e-03
1.087748e-02,1.760090e-03,2.632453e-02,1.138719e-02,6.562741e-03,1.183977e-02,3.049541e-03,3.226325e-03,8.217881e-03,3.079894e-03,1.525867e-02,6.349058e-01,2.611326e-01,9.745208e-04,1.402986e-03
8.328789e-03,1.480483e-03,1.884727e-02,8.103047e-03,2.689803e-02,9.108488e-03,4.365467e-03,3.265637e-03,1.147601e-02,3.028269e-03,1.193554e-02,6.806662e-01,2.105177e-01,7.382445e-04,1.240804e-03
7.843460e-03,1.203515e-03,1.356101e-02,5.741996e-03,6.691503e-02,8.878714e-03,2.658780e-02,3.823024e-03,1.360785e-02,2.848759e-03,1.040508e-02,6.739371e-01,1.629851e-01,5.483367e-04,1.113271e-03
8.982596e-03,2.295618e-03,1.940440e-02,4.770599e-03,6.958673e-02,7.669246e-03,2.682105e-02,1.819707e-02,1.469950e-02,2.675994e-03,8.114455e-03,6.835575e-01,1.314449e-01,5.629540e-04,1.217333e-03
8.361772e-03,2.614641e-03,1.758282e-02,3.928012e-03,7.457998e-02,6.459543e-03,2.268835e-02,2.183832e-02,1.318826e-02,2.204357e-03,6.603964e-03,7.188687e-01,9.959196e-02,4.639379e-04,1.025343e-03
1.299459e-02,6.184284e-03,3.801761e-02,2.024956e-02,7.415123e-02,7.960045e-03,2.198374e-02,9.753684e-02,1.172528e-02,2.352620e-03,6.033771e-03,6.212542e-01,7.795595e-02,4.554404e-04,1.144881e-03
2.674324e-02,9.844217e-03,3.555567e-02,1.741905e-02,9.366164e-02,2.058299e-02,4.146649e-02,9.942047e-02,1.638129e-02,1.980856e-03,5.177669e-03,5.688694e-01,6.113147e-02,5.524100e-04,1.213235e-03
3.525079e-02,1.635660e-02,9.111148e-02,5.646024e-02,1.005734e-01,2.336855e-02,4.703160e-02,1.328171e-01,1.461721e-02,2.852957e-03,4.432166e-03,4.288031e-01,4.440352e-02,4.959309e-04,1.425365e-03
8.970657e-02,2.926152e-02,7.704155e-02,4.802350e-02,9.703759e-02,3.927387e-02,5.301984e-02,1.136348e-01,2.495041e-02,5.011383e-03,4.229481e-03,3.651815e-01,3.904241e-02,1.211938e-03,1.337363e-02
9.118894e-02,2.537159e-02,7.574802e-02,3.819798e-02,9.935495e-02,3.986974e-02,9.044261e-02,1.375740e-01,2.713062e-02,4.459599e-03,3.977153e-03,3.220976e-01,3.329211e-02,1.123355e-03,1.017183e-02
1.087760e-01,2.633578e-02,1.274660e-01,4.222655e-02,9.434228e-02,3.752464e-02,8.009354e-02,1.565372e-01,2.651947e-02,4.186561e-03,3.613184e-03,2.503814e-01,2.970037e-02,1.599168e-03,1.069787e-02
8.349145e-02,1.897337e-02,1.018287e-01,3.023845e-02,7.502463e-02,2.825676e-02,6.550871e-02,3.560919e-01,2.204446e-02,3.073522e-03,2.943685e-03,1.815845e-01,2.199290e-02,1.229336e-03,7.717635e-03
6.555034e-02,1.410937e-02,8.090463e-02,2.285673e-02,5.973873e-02,2.167166e-02,5.920723e-02,4.988421e-01,1.855284e-02,2.265173e-03,2.418744e-03,1.314050e-01,1.592483e-02,9.384098e-04,5.614230e-03
5.056519e-02,1.017891e-02,5.723760e-02,1.614442e-02,4.689805e-02,1.741789e-02,2.247526e-01,4.458122e-01,1.418810e-02,1.611275e-03,1.706427e-03,9.298864e-02,1.584836e-02,6.606527e-04,3.989743e-03
3.950372e-02,7.313413e-03,4.056219e-02,1.139339e-02,3.610803e-02,1.528085e-02,3.929538e-01,3.496560e-01,1.096473e-02,1.167141e-03,1.213232e-03,6.548206e-02,2.507336e-02,4.645397e-04,2.863641e-03
3.508831e-02,7.028277e-03,2.949143e-02,8.353487e-03,3.042623e-02,3.491490e-02,4.543589e-01,2.764242e-01,1.459412e-02,9.614218e-04,2.068197e-03,4.867316e-02,5.461343e-02,3.462384e-04,2.657720e-03
2.814417e-02,8.859495e-03,2.127955e-02,6.039334e-03,2.703737e-02,2.743524e-02,4.188557e-01,2.061028e-01,1.433813e-02,1.188208e-03,5.942695e-03,3.459020e-02,1.954416e-01,2.602499e-04,4.485403e-03
2.375499e-02,1.162511e-02,1.740065e-02,5.324249e-03,2.651524e-02,2.222140e-02,4.503056e-01,1.625620e-01,1.640571e-02,3.688658e-03,2.050321e-02,3.030211e-02,1.994676e-01,3.190471e-04,9.604462e-03
1.740727e-02,1.207875e-02,1.314856e-02,1.212801e-02,2.267246e-02,2.432110e-02,3.339663e-01,1.147322e-01,2.602499e-02,3.338362e-03,1.895544e-02,2.426801e-02,3.446985e-01,2.664415e-04,3.199364e-02
1.245536e-02,9.619040e-03,9.464334e-03,1.858968e-02,1.785486e-02,2.139261e-02,2.437560e-01,8.158536e-02,2.466237e-02,2.759114e-03,1.858088e-02,1.908833e-02,4.625177e-01,2.132919e-04,5.746105e-02
1.001638e-02,1.286390e-02,8.888104e-03,3.850806e-02,1.708166e-02,1.998396e-02,1.731433e-01,5.760051e-02,7.961493e-02,2.503673e-03,1.487471e-02,1.523717e-02,4.902727e-01,4.328353e-04,5.897813e-02
8.084746e-03,9.458980e-03,6.638092e-03,3.097108e-02,1.288500e-02,1.978070e-02,1.222759e-01,4.061570e-02,6.416509e-02,2.287321e-03,1.258725e-02,2.150162e-02,5.957955e-01,5.248126e-04,5.242833e-02
7.277253e-03,6.901497e-03,5.722637e-03,2.342687e-02,1.751873e-02,1.601981e-02,9.069693e-02,2.935829e-02,5.364752e-02,2.459915e-03,1.117211e-02,2.116866e-02,6.256866e-01,5.472327e-04,8.839598e-02
9.793175e-03,6.617948e-03,2.218040e-02,3.040273e-02,1.856155e-02,1.813650e-02,6.602301e-02,2.589702e-02,5.008062e-02,1.115533e-02,1.216859e-02,2.395470e-02,5.671532e-01,1.304405e-03,1.365708e-01
8.157565e-03,5.501345e-03,1.866132e-02,2.411296e-02,1.370643e-02,1.688078e-02,4.671258e-02,2.170893e-02,4.037873e-02,1.256212e-02,1.357089e-02,1.819222e-02,4.259142e-01,1.911558e-03,3.320284e-01
8.073508e-03,1.195639e-02,1.819904e-02,8.897023e-02,1.137314e-02,1.405335e-02,3.284006e-02,2.409063e-02,6.963612e-02,1.042493e-02,1.641944e-02,1.503198e-02,3.240183e-01,3.177793e-03,3.517351e-01
6.202273e-03,9.497200e-03,1.615465e-02,7.945342e-02,8.850194e-03,1.055330e-02,2.326186e-02,1.973002e-02,6.437422e-02,7.697946e-03,1.337828e-02,1.140564e-02,2.297785e-01,2.760310e-03,4.969022e-01
5.322411e-03,6.952619e-03,1.259550e-02,5.651702e-02,7.513003e-03,7.502840e-03,1.675553e-02,1.602758e-02,5.366524e-02,5.417457e-03,9.708728e-03,8.390909e-03,1.622795e-01,2.308639e-03,6.290430e-01
4.278370e-03,6.467456e-03,2.175580e-02,6.985110e-02,6.704757e-03,5.407083e-03,1.205816e-02,1.962669e-02,7.739253e-02,3.991920e-03,7.749807e-03,6.048037e-03,1.150227e-01,2.581225e-03,6.410643e-01
3.735294e-03,5.773804e-03,1.806650e-02,5.179431e-02,5.447097e-03,4.311294e-03,8.488495e-03,1.552052e-02,6.391253e-02,2.999125e-03,6.100856e-03,4.290083e-03,8.099752e-02,2.385098e-03,7.261775e-01
4.932771e-03,4.944758e-03,1.514803e-02,3.729714e-02,4.449461e-03,6.847032e-03,5.971991e-03,1.122503e-02,5.678847e-02,2.391837e-03,5.786088e-03,3.078978e-03,5.708606e-02,2.664777e-03,7.813876e-01
6.985185e-03,1.081372e-02,1.504443e-02,2.715789e-02,5.034590e-03,6.156877e-03,4.403168e-03,8.367595e-03,7.431026e-02,2.479718e-03,4.603857e-03,2.318935e-03,4.163990e-02,2.342967e-03,7.883409e-01
1.075975e-02,3.679799e-02,1.386049e-02,1.977457e-02,5.737945e-03,6.665729e-03,3.418791e-03,6.428525e-03,8.490153e-02,5.074565e-03,4.517658e-03,1.941516e-03,3.232511e-02,2.288149e-03,7.655076e-01
9.255190e-03,6.557593e-02,1.568465e-02,1.694128e-02,5.026978e-03,5.341911e-03,2.512092e-03,7.568383e-03,2.406330e-01,4.656642e-03,3.500872e-03,1.468015e-03,2.447930e-02,1.869327e-03,5.954864e-01
1.656183e-02,1.258763e-01,1.621205e-02,1.393375e-02,5.946047e-03,1.047781e-02,2.217655e-03,1.239573e-02,2.223810e-01,4.756580e-03,2.912630e-03,1.199940e-03,1.953461e-02,2.245921e-03,5.433481e-01
3.167029e-02,1.279330e-01,2.252718e-02,1.393255e-02,6.904347e-03,1.473285e-02,4.114071e-03,8.360168e-02,1.845589e-01,3.505699e-03,3.744392e-03,1.192175e-03,1.678414e-02,4.799022e-03,4.799997e-01
6.811628e-02,1.263740e-01,2.719496e-02,2.408229e-02,1.529386e-02,2.551837e-02,3.477024e-03,8.027215e-02,1.994156e-01,3.198989e-03,3.931263e-03,1.144901e-03,1.829274e-02,5.740251e-03,3.979473e-01
6.083062e-02,9.353276e-02,1.039681e-01,7.211526e-02,1.566631e-02,2.222090e-02,2.601640e-03,6.107266e-02,2.291788e-01,4.946746e-03,3.898002e-03,9.654532e-04,1.359494e-02,4.494882e-03,3.109129e-01
6.732948e-02,7.142987e-02,1.211360e-01,8.633567e-02,1.928737e-02,2.098913e-02,1.985904e-03,5.384983e-02,2.516061e-01,8.423075e-03,4.929885e-03,1.437881e-03,1.094525e-02,4.421902e-03,2.758927e-01
6.088037e-02,5.316012e-02,9.019235e-02,7.483244e-02,1.854121e-02,1.863373e-02,1.529906e-03,4.295984e-02,2.645403e-01,1.694060e-02,4.894312e-03,1.372941e-03,8.741832e-03,4.209613e-03,3.385705e-01
4.325261e-02,3.964982e-02,6.558409e-02,5.422101e-02,1.304627e-02,1.329815e-02,1.074321e-03,3.013886e-02,3.456795e-01,1.785501e-02,3.717759e-03,1.121574e-03,6.350690e-03,3.139307e-03,3.618711e-01
3.039749e-02,2.802959e-02,4.623370e-02,3.949011e-02,9.145887e-03,9.640632e-03,7.558378e-04,2.116344e-02,4.106723e-01,1.455849e-02,1.016124e-02,2.385786e-03,7.409018e-02,3.053638e-03,3.002217e-01
2.132687e-02,1.966767e-02,3.244732e-02,2.795090e-02,6.446722e-03,6.840069e-03,5.351915e-04,1.486178e-02,3.211069e-01,1.077814e-02,2.513468e-02,2.651423e-03,2.468648e-01,3.257100e-03,2.601305e-01
1.493299e-02,1.377687e-02,2.273217e-02,1.956953e-02,5.144521e-03,4.818677e-03,3.822235e-04,1.046985e-02,2.476338e-01,1.263310e-02,2.231476e-02,4.080685e-03,3.132719e-01,4.196475e-03,3.040425e-01
1.047489e-02,9.712001e-03,1.599300e-02,1.372749e-02,5.916509e-03,3.523467e-03,3.072480e-04,7.497540e-03,2.499495e-01,3.418821e-02,3.302604e-02,1.774691e-02,2.654573e-01,8.430100e-03,3.240498e-01
7.487345e-03,7.021926e-03,1.127955e-02,9.776552e-03,4.626636e-03,2.948900e-03,2.552953e-04,5.329357e-03,2.314723e-01,3.739861e-02,1.274658e-01,9.655019e-02,1.973902e-01,1.565210e-02,2.453453e-01
5.365857e-03,5.023405e-03,7.974502e-03,6.876176e-03,3.367550e-03,2.142860e-03,1.984548e-04,3.815906e-03,1.768755e-01,4.062223e-02,1.885981e-01,7.158230e-02,1.410121e-01,8.881231e-02,2.577327e-01
3.817163e-03,3.790410e-03,6.059969e-03,4.912014e-03,3.277834e-03,2.832357e-03,1.683991e-04,2.827119e-03,1.379997e-01,3.055486e-02,2.369674e-01,5.395082e-02,9.970745e-02,1.991479e-01,2.139866e-01
2.706947e-03,3.431021e-03,5.223446e-03,3.518433e-03,2.390186e-03,3.968438e-03,1.417345e-04,2.283733e-03,9.896465e-02,2.698483e-02,2.529970e-01,3.980154e-02,7.087585e-02,3.301622e-01,1.565500e-01
1.913288e-03,2.538296e-03,4.249450e-03,2.511258e-03,1.723834e-03,3.265325e-03,1.032067e-04,1.674060e-03,7.007857e-02,2.026329e-02,2.750452e-01,2.851024e-02,4.988841e-02,4.271278e-01,1.111077e-01
1.532274e-03,2.184751e-03,2.412785e-02,2.176842e-03,1.733505e-03,2.593879e-03,1.228211e-04,1.708905e-03,5.250291e-02,1.475478e-02,3.534861e-01,2.026748e-02,3.539011e-02,4.008213e-01,8.659658e-02
1.135882e-03,1.780339e-03,2.075470e-02,1.630375e-03,1.310151e-03,2.616304e-03,9.615307e-05,2.181056e-03,3.921149e-02,1.050570e-02,2.979534e-01,1.434150e-02,2.491442e-02,5.197899e-01,6.177859e-02
9.154538e-04,2.167162e-03,2.388427e-02,1.270837e-03,1.204556e-03,3.397821e-03,8.451943e-05,2.301672e-03,3.063118e-02,7.691627e-03,3.139730e-01,1.042042e-02,1.759684e-02,5.397287e-01,4.473193e-02
1.196686e-03,4.036642e-03,3.395469e-02,1.317242e-03,1.410887e-03,6.477866e-03,1.069202e-04,7.918542e-03,2.792576e-02,5.739541e-03,2.682096e-01,7.973732e-03,1.318169e-02,5.849712e-01,3.557906e-02
1.432477e-03,6.477938e-03,4.146132e-02,1.314132e-03,1.437188e-03,9.642193e-03,1.132921e-04,1.139907e-02,3.352262e-02,4.268429e-03,2.169596e-01,6.598774e-03,1.013163e-02,6.263652e-01,2.887616e-02
1.843645e-03,2.498914e-02,4.774332e-02,1.242869e-03,1.593343e-03,3.886758e-02,1.265603e-04,2.524097e-02,7.388791e-02,3.097270e-03,1.601675e-01,5.852025e-03,9.169938e-03,5.829189e-01,2.325900e-02
2.562801e-03,5.347526e-02,5.565374e-02,1.232563e-03,5.050467e-03,6.291798e-02,3.602812e-04,2.218214e-02,1.302877e-01,2.242250e-03,1.142298e-01,4.908647e-03,8.431176e-03,5.169796e-01,1.948567e-02
4.104011e-03,8.381189e-02,5.542239e-02,1.368264e-03,9.329638e-03,6.209359e-02,1.117931e-03,2.245191e-02,1.919867e-01,1.644604e-03,8.235276e-02,3.743292e-03,6.580127e-03,4.571227e-01,1.687017e-02
8.429359e-03,8.799063e-02,6.185696e-02,2.657460e-03,1.255926e-02,6.953958e-02,1.468152e-03,5.455579e-02,2.112338e-01,1.328920e-03,6.071590e-02,2.980758e-03,7.129675e-03,3.922372e-01,2.531658e-02
1.041534e-02,7.622963e-02,1.232522e-01,3.584957e-03,1.628007e-02,5.406286e-02,1.483177e-03,1.611551e-01,1.742003e-01,1.013341e-03,4.353183e-02,2.150658e-03,5.614873e-03,3.078583e-01,1.916745e-02
1.296451e-02,6.982028e-02,2.015138e-01,3.910244e-03,4.289132e-02,5.399714e-02,1.760201e-03,1.498227e-01,1.573466e-01,1.016759e-03,3.200452e-02,1.606154e-03,4.237768e-03,2.516053e-01,1.550272e-02
1.634953e-02,5.811010e-02,3.301190e-01,6.354201e-03,4.876649e-02,5.396020e-02,1.699144e-03,1.335260e-01,1.231198e-01,9.708497e-04,2.349217e-02,1.278279e-03,3.215724e-03,1.860534e-01,1.298513e-02
2.465806e-02,5.831186e-02,3.412919e-01,6.621535e-03,5.719443e-02,6.299847e-02,1.810049e-03,1.217193e-01,1.176824e-01,1.228621e-03,2.078581e-02,1.070469e-03,2.789136e-03,1.684824e-01,1.335552e-02
4.185217e-02,6.539781e-02,3.169287e-01,8.412383e-03,8.442950e-02,6.016957e-02,1.969681e-03,9.294461e-02,1.331342e-01,1.395995e-03,1.649928e-02,1.013794e-03,3.360813e-03,1.606631e-01,1.182843e-02
6.269387e-02,6.451205e-02,3.153958e-01,1.007129e-02,1.227399e-01,4.711067e-02,2.122212e-03,7.224697e-02,1.246415e-01,1.800828e-03,1.399160e-02,8.740550e-04,3.844987e-03,1.474306e-01,1.052363e-02
5.660789e-02,7.821663e-02,2.684202e-01,4.390049e-02,1.435506e-01,4.110584e-02,4.068712e-03,8.168817e-02,1.250743e-01,3.576138e-03,1.125836e-02,1.224545e-03,4.510074e-03,1.076642e-01,2.913381e-02
7.407589e-02,8.665194e-02,2.694840e-01,1.110007e-01,1.149223e-01,3.760005e-02,3.944436e-03,7.028415e-02,1.003302e-01,3.945197e-03,9.361714e-03,1.446596e-03,6.908668e-03,8.069399e-02,2.935014e-02
7.969277e-02,1.045954e-01,2.425007e-01,1.461248e-01,9.137516e-02,3.796928e-02,3.527140e-03,5.603417e-02,8.464090e-02,1.150334e-02,8.389953e-03,2.764388e-03,6.501622e-03,5.806271e-02,6.631766e-02
8.382002e-02,9.226836e-02,2.025693e-01,1.219376e-01,8.981682e-02,1.429681e-01,8.572660e-03,4.985568e-02,7.260703e-02,1.352019e-02,1.075413e-02,3.558882e-03,6.458831e-03,4.310664e-02,5.818568e-02
8.109305e-02,8.738540e-02,1.577830e-01,1.076203e-01,8.815287e-02,2.337589e-01,1.267917e-02,3.799705e-02,6.799809e-02,1.198914e-02,1.403466e-02,3.940584e-03,7.787054e-03,3.279141e-02,5.498933e-02
6.778982e-02,7.640615e-02,1.374362e-01,1.037794e-01,6.743112e-02,2.261858e-01,1.012408e-02,4.442962e-02,9.772196e-02,4.470252e-02,3.064657e-02,3.454544e-03,7.953743e-03,2.515185e-02,5.678657e-02
5.970824e-02,5.978855e-02,1.357302e-01,9.303153e-02,5.744266e-02,2.623063e-01,8.049362e-03,3.987316e-02,9.136554e-02,8.899201e-02,2.640735e-02,3.408378e-03,9.086576e-03,1.942835e-02,4.538166e-02
8.429819e-02,5.030328e-02,1.106987e-01,9.597345e-02,5.742229e-02,2.422849e-01,6.936334e-03,4.598971e-02,1.049736e-01,1.008031e-01,2.931556e-02,5.141546e-03,9.571694e-03,1.621216e-02,4.007545e-02
7.954727e-02,8.116140e-02,9.454577e-02,8.823989e-02,4.457251e-02,1.839936e-01,5.371701e-03,3.460793e-02,1.390360e-01,1.327833e-01,3.907646e-02,5.802822e-03,8.651051e-03,2.156526e-02,4.104501e-02
1.070853e-01,1.025090e-01,7.675909e-02,8.472915e-02,3.493278e-02,1.357805e-01,4.422759e-03,2.694204e-02,1.738187e-01,1.174677e-01,5.337483e-02,7.982831e-03,9.704926e-03,2.462478e-02,3.986557e-02
1.635087e-01,9.068370e-02,6.209687e-02,8.447858e-02,2.953435e-02,1.128314e-01,4.015512e-03,2.105415e-02,1.508840e-01,1.046912e-01,6.534532e-02,1.111498e-02,1.147625e-02,2.913127e-02,5.915379e-02
1.160989e-01,7.528182e-02,9.380793e-02,1.596787e-01,2.255121e-02,8.122062e-02,2.934586e-03,1.495724e-02,1.434557e-01,8.412331e-02,8.837016e-02,9.749397e-03,1.014721e-02,2.328093e-02,7.434237e-02
8.431057e-02,6.244412e-02,1.084703e-01,1.322614e-01,1.766326e-02,5.993924e-02,2.303088e-03,1.079200e-02,1.510349e-01,7.010742e-02,8.210006e-02,1.292047e-02,1.039085e-02,4.148512e-02,1.537772e-01
6.433775e-02,4.801000e-02,9.038764e-02,9.551422e-02,1.385257e-02,4.508485e-02,2.081898e-03,7.900237e-03,1.765405e-01,5.615947e-02,6.918900e-02,1.192956e-02,8.745397e-03,1.724291e-01,1.378378e-01
5.480470e-02,3.521495e-02,6.426559e-02,6.745771e-02,1.054729e-02,3.432762e-02,1.650713e-03,5.843769e-03,1.651489e-01,4.561447e-02,7.027954e-02,1.042627e-02,1.088156e-02,2.846670e-01,1.388700e-01
5.121250e-02,2.503528e-02,4.517028e-02,4.839658e-02,9.602332e-03,2.605320e-02,1.430037e-03,4.434502e-03,2.712817e-01,3.456049e-02,5.958774e-02,8.890422e-03,9.391177e-03,3.006594e-01,1.042943e-01
5.698691e-02,2.033731e-02,3.343950e-02,3.807248e-02,8.642591e-03,2.105007e-02,1.466810e-03,4.610641e-03,3.864236e-01,2.664034e-02,4.817251e-02,7.143004e-03,7.900605e-03,2.588025e-01,8.031110e-02
4.793242e-02,1.566779e-02,2.360477e-02,2.811155e-02,6.596070e-03,1.742337e-02,1.301787e-03,3.460083e-03,3.852496e-01,2.264593e-02,4.033277e-02,6.635216e-03,7.238933e-03,3.293901e-01,6.440958e-02
3.739072e-02,1.329352e-02,1.712775e-02,2.026322e-02,5.023751e-03,1.287295e-02,9.997325e-04,2.520728e-03,4.472713e-01,1.987295e-02,3.515852e-02,5.691566e-03,7.087691e-03,3.163220e-01,5.910363e-02
2.915032e-02,1.221925e-02,1.349343e-02,1.456565e-02,4.441985e-03,1.035162e-02,7.833333e-04,1.909713e-03,4.263155e-01,1.614559e-02,3.711552e-02,4.384668e-03,6.603816e-03,3.698527e-01,5.266695e-02
2.120793e-02,1.586487e-02,1.160308e-02,1.030170e-02,3.368841e-03,8.284808e-03,5.828588e-04,1.371492e-03,3.331345e-01,1.215776e-02,2.985594e-02,3.180910e-03,4.897180e-03,4.865955e-01,5.759260e-02
1.601105e-02,1.651381e-02,1.394400e-02,9.907387e-03,3.132676e-03,7.671599e-03,5.211032e-04,1.748682e-03,3.215854e-01,1.058067e-02,2.272506e-02,2.562386e-03,4.297796e-03,5.105031e-01,5.829521e-02
1.221735e-02,1.858229e-02,1.925501e-02,7.703993e-03,2.842054e-03,7.739167e-03,4.691623e-04,2.482919e-03,2.640521e-01,1.018198e-02,1.868048e-02,2.194289e-03,3.927651e-03,5.259774e-01,1.036942e-01
1.359871e-02,2.607849e-02,3.171438e-02,5.764685e-03,4.318065e-03,6.985317e-03,4.608504e-04,2.419316e-03,2.129937e-01,1.449916e-02,1.526555e-02,1.666130e-03,3.118377e-03,5.169610e-01,1.441562e-01
1.266371e-02,1.599676e-01,3.152482e-02,4.412415e-03,7.194986e-03,7.144686e-03,6.137406e-04,3.713272e-03,1.866557e-01,1.139430e-02,1.170406e-02,1.215556e-03,2.564204e-03,4.450599e-01,1.141711e-01
1.172693e-02,2.195323e-01,1.063422e-01,7.265893e-03,1.930774e-02,6.641213e-03,6.442838e-04,6.479182e-03,1.809513e-01,1.143859e-02,8.635948e-03,8.886167e-04,2.187114e-03,3.262843e-01,9.167423e-02
1.690852e-02,2.234722e-01,1.725307e-01,2.188380e-02,2.033583e-02,6.884462e-03,5.622728e-04,7.655078e-03,1.699706e-01,1.919006e-02,6.806910e-03,7.530329e-04,2.601920e-03,2.376092e-01,9.283540e-02
2.441052e-02,1.853845e-01,2.973155e-01,2.831508e-02,2.798718e-02,6.074650e-03,4.433867e-04,1.925989e-02,1.409487e-01,1.676725e-02,5.456654e-03,5.809424e-04,2.086402e-03,1.740260e-01,7.094326e-02
6.301387e-02,1.722831e-01,2.698286e-01,4.023035e-02,4.854829e-02,1.130240e-02,6.929085e-04,2.309591e-02,1.356628e-01,1.464791e-02,4.660710e-03,5.697576e-04,1.714923e-03,1.567079e-01,5.704050e-02
8.297332e-02,1.430514e-01,2.831378e-01,5.334453e-02,6.232956e-02,1.244247e-02,6.865612e-04,2.864804e-02,1.330255e-01,1.617556e-02,3.974451e-03,6.203577e-04,1.471406e-03,1.276653e-01,5.045377e-02
7.685463e-02,1.157547e-01,2.874075e-01,5.023985e-02,5.549626e-02,1.176110e-02,6.738784e-04,3.331671e-02,1.313557e-01,3.388417e-02,3.126216e-03,5.669287e-04,1.335255e-03,9.437410e-02,1.038529e-01
8.153266e-02,9.481617e-02,2.469531e-01,4.207312e-02,4.249781e-02,1.038368e-02,6.155549e-04,4.268793e-02,1.354315e-01,5.453742e-02,3.094015e-03,7.439043e-04,1.112948e-03,7.184575e-02,1.716744e-01
7.236163e-02,7.670504e-02,3.047009e-01,4.641281e-02,3.245222e-02,8.135188e-03,5.551538e-04,3.402858e-02,1.116112e-01,5.352893e-02,2.777521e-03,8.906114e-04,1.021667e-03,5.247143e-02,2.023472e-01
7.593920e-02,5.677864e-02,4.220668e-01,4.425051e-02,2.369834e-02,9.076022e-03,9.614709e-04,2.779370e-02,9.116170e-02,4.480097e-02,2.238303e-03,8.736025e-04,8.270254e-04,3.978292e-02,1.597508e-01
9.977932e-02,4.992187e-02,4.508821e-01,4.518532e-02,1.781352e-02,1.013052e-02,1.676645e-03,4.340031e-02,8.035986e-02,3.643522e-02,2.359787e-03,1.014211e-03,7.349257e-04,3.835284e-02,1.219536e-01
