1.000000e+00,0.000000e+00,0.000000e+00,0.000000e+00,0.000000e+00,0.000000e+00,0.000000e+00,0.000000e+00,0.000000e+00,0.000000e+00,0.000000e+00,0.000000e+00,0.000000e+00,0.000000e+00,0.000000e+00
1.000000e+00,0.000000e+00,0.000000e+00,0.000000e+00,0.000000e+00,0.000000e+00,0.000000e+00,0.000000e+00,0.000000e+00,0.000000e+00,0.000000e+00,0.000000e+00,0.000000e+00,0.000000e+00,0.000000e+00
1.000000e+00,0.000000e+00,0.000000e+00,0.000000e+00,0.000000e+00,0.000000e+00,0.000000e+00,0.000000e+00,0.000000e+00,0.000000e+00,0.000000e+00,0.000000e+00,0.000000e+00,0.000000e+00,0.000000e+00
1.000000e+00,0.000000e+00,0.000000e+00,0.000000e+00,0.000000e+00,0.000000e+00,0.000000e+00,0.000000e+00,0.000000e+00,0.000000e+00,0.000000e+00,0.000000e+00,0.000000e+00,0.000000e+00,0.000000e+00
1.000000e+00,0.000000e+00,0.000000e+00,0.000000e+00,0.000000e+00,0.000000e+00,0.000000e+00,0.000000e+00,0.000000e+00,0.000000e+00,0.000000e+00,0.000000e+00,0.000000e+00,0.000000e+00,0.000000e+00
1.000000e+00,0.000000e+00,0.000000e+00,0.000000e+00,0.000000e+00,0.000000e+00,0.000000e+00,0.000000e+00,0.000000e+00,0.000000e+00,0.000000e+00,0.000000e+00,0.000000e+00,0.000000e+00,0.000000e+00
1.000000e+00,0.000000e+00,0.000000e+00,0.000000e+00,0.000000e+00,0.000000e+00,0.000000e+00,0.000000e+00,0.000000e+00,0.000000e+00,0.000000e+00,0.000000e+00,0.000000e+00,0.000000e+00,0.000000e+00
1.000000e+00,0.000000e+00,0.000000e+00,0.000000e+00,0.000000e+00,0.000000e+00,0.000000e+00,0.000000e+00,0.000000e+00,0.000000e+00,0.000000e+00,0.000000e+00,0.000000e+00,0.000000e+00,0.000000e+00
1.000000e+00,0.000000e+00,0.000000e+00,0.000000e+00,0.000000e+00,0.000000e+00,0.000000e+00,0.000000e+00,0.000000e+00,0.000000e+00,0.000000e+00,0.000000e+00,0.000000e+00,0.000000e+00,0.000000e+00
1.000000e+00,0.000000e+00,0.000000e+00,0.000000e+00,0.000000e+00,0.000000e+00,0.000000e+00,0.000000e+00,0.000000e+00,0.000000e+00,0.000000e+00,0.000000e+00,0.000000e+00,0.000000e+00,0.000000e+00
1.000000e+00,0.000000e+00,0.000000e+00,0.000000e+00,0.000000e+00,0.000000e+00,0.000000e+00,0.000000e+00,0.000000e+00,0.000000e+00,0.000000e+00,0.000000e+00,0.000000e+00,0.000000e+00,0.000000e+00
1.000000e+00,0.000000e+00,0.000000e+00,0.000000e+00,0.000000e+00,0.000000e+00,0.000000e+00,0.000000e+00,0.000000e+00,0.000000e+00,0.000000e+00,0.000000e+00,0.000000e+00,0.000000e+00,0.000000e+00
1.000000e+00,0.000000e+00,0.000000e+00,0.000000e+00,0.000000e+00,0.000000e+00,0.000000e+00,0.000000e+00,0.000000e+00,0.000000e+00,0.000000e+00,0.000000e+00,0.000000e+00,0.000000e+00,0.000000e+00
1.000000e+00,0.000000e+00,0.000000e+00,0.000000e+00,0.000000e+00,0.000000e+00,0.000000e+00,0.000000e+00,0.000000e+00,0.000000e+00,0.000000e+00,0.000000e+00,0.000000e+00,0.000000e+00,0.000000e+00
1.000000e+00,0.000000e+00,0.000000e+00,0.000000e+00,0.000000e+00,0.000000e+00,0.000000e+00,0.000000e+00,0.000000e+00,0.000000e+00,0.000000e+00,0.000000e+00,0.000000e+00,0.000000e+00,0.000000e+00
1.000000e+00,0.000000e+00,0.000000e+00,0.000000e+00,0.000000e+00,0.000000e+00,0.000000e+00,0.000000e+00,0.000000e+00,0.000000e+00,0.000000e+00,0.000000e+00,0.000000e+00,0.000000e+00,0.000000e+00
1.000000e+00,0.000000e+00,0.000000e+00,0.000000e+00,0.000000e+00,0.000000e+00,0.000000e+00,0.000000e+00,0.000000e+00,0.000000e+00,0.000000e+00,0.000000e+00,0.000000e+00,0.000000e+00,0.000000e+00
1.000000e+00,0.000000e+00,0.000000e+00,0.000000e+00,0.000000e+00,0.000000e+00,0.000000e+00,0.000000e+00,0.000000e+00,0.000000e+00,0.000000e+00,0.000000e+00,0.000000e+00,0.000000e+00,0.000000e+00
1.000000e+00,0.000000e+00,0.000000e+00,0.000000e+00,0.000000e+00,0.000000e+00,0.000000e+00,0.000000e+00,0.000000e+00,0.000000e+00,0.000000e+00,0.000000e+00,0.000000e+00,0.000000e+00,0.000000e+00
1.000000e+00,0.000000e+00,0.000000e+00,0.000000e+00,0.000000e+00,0.000000e+00,0.000000e+00,0.000000e+00,0.000000e+00,0.000000e+00,0.000000e+00,0.000000e+00,0.000000e+00,0.000000e+00,0.000000e+00
1.000000e+00,0.000000e+00,0.000000e+00,0.000000e+00,0.000000e+00,0.000000e+00,0.000000e+00,0.000000e+00,0.000000e+00,0.000000e+00,0.000000e+00,0.000000e+00,0.000000e+00,0.000000e+00,0.000000e+00
1.000000e+00,0.000000e+00,0.000000e+00,0.000000e+00,0.000000e+00,0.000000e+00,0.000000e+00,0.000000e+00,0.000000e+00,0.000000e+00,0.000000e+00,0.000000e+00,0.000000e+00,0.000000e+00,0.000000e+00
1.000000e+00,0.000000e+00,0.000000e+00,0.000000e+00,0.000000e+00,0.000000e+00,0.000000e+00,0.000000e+00,0.000000e+00,0.000000e+00,0.000000e+00,0.000000e+00,0.000000e+00,0.000000e+00,0.000000e+00
1.000000e+00,0.000000e+00,0.000000e+00,0.000000e+00,0.000000e+00,0.000000e+00,0.000000e+00,0.000000e+00,0.000000e+00,0.000000e+00,0.000000e+00,0.000000e+00,0.000000e+00,0.000000e+00,0.000000e+00
1.000000e+00,0.000000e+00,0.000000e+00,0.000000e+00,0.000000e+00,0.000000e+00,0.000000e+00,0.000000e+00,0.000000e+00,0.000000e+00,0.000000e+00,0.000000e+00,0.000000e+00,0.000000e+00,0.000000e+00
1.000000e+00,0.000000e+00,0.000000e+00,0.000000e+00,0.000000e+00,0.000000e+00,0.000000e+00,0.000000e+00,0.000000e+00,0.000000e+00,0.000000e+00,0.000000e+00,0.000000e+00,0.000000e+00,0.000000e+00
1.000000e+00,0.000000e+00,0.000000e+00,0.000000e+00,0.000000e+00,0.000000e+00,0.000000e+00,0.000000e+00,0.000000e+00,0.000000e+00,0.000000e+00,0.000000e+00,0.000000e+00,0.000000e+00,0.000000e+00
1.000000e+00,0.000000e+00,0.000000e+00,0.000000e+00,0.000000e+00,0.000000e+00,0.000000e+00,0.000000e+00,0.000000e+00,0.000000e+00,0.000000e+00,0.000000e+00,0.000000e+00,0.000000e+00,0.000000e+00
1.000000e+00,0.000000e+00,0.000000e+00,0.000000e+00,0.000000e+00,0.000000e+00,0.000000e+00,0.000000e+00,0.000000e+00,0.000000e+00,0.000000e+00,0.000000e+00,0.000000e+00,0.000000e+00,0.000000e+00
1.000000e+00,0.000000e+00,0.000000e+00,0.000000e+00,0.000000e+00,0.000000e+00,0.000000e+00,0.000000e+00,0.000000e+00,0.000000e+00,0.000000e+00,0.000000e+00,0.000000e+00,0.000000e+00,0.000000e+00
1.000000e+00,0.000000e+00,0.000000e+00,0.000000e+00,0.000000e+00,0.000000e+00,0.000000e+00,0.000000e+00,0.000000e+00,0.000000e+00,0.000000e+00,0.000000e+00,0.000000e+00,0.000000e+00,0.000000e+00
1.000000e+00,0.000000e+00,0.000000e+00,0.000000e+00,0.000000e+00,0.000000e+00,0.000000e+00,0.000000e+00,0.000000e+00,0.000000e+00,0.000000e+00,0.000000e+00,0.000000e+00,0.000000e+00,0.000000e+00
1.000000e+00,0.000000e+00,0.000000e+00,0.000000e+00,0.000000e+00,0.000000e+00,0.000000e+00,0.000000e+00,0.000000e+00,0.000000e+00,0.000000e+00,0.000000e+00,0.000000e+00,0.000000e+00,0.000000e+00
1.000000e+00,0.000000e+00,0.000000e+00,0.000000e+00,0.000000e+00,0.000000e+00,0.000000e+00,0.000000e+00,0.000000e+00,0.000000e+00,0.000000e+00,0.000000e+00,0.000000e+00,0.000000e+00,0.000000e+00
1.000000e+00,0.000000e+00,0.000000e+00,0.000000e+00,0.000000e+00,0.000000e+00,0.000000e+00,0.000000e+00,0.000000e+00,0.000000e+00,0.000000e+00,0.000000e+00,0.000000e+00,0.000000e+00,0.000000e+00
1.000000e+00,0.000000e+00,0.000000e+00,0.000000e+00,0.000000e+00,0.000000e+00,0.000000e+00,0.000000e+00,0.000000e+00,0.000000e+00,0.000000e+00,0.000000e+00,0.000000e+00,0.000000e+00,0.000000e+00
1.000000e+00,0.000000e+00,0.000000e+00,0.000000e+00,0.000000e+00,0.000000e+00,0.000000e+00,0.000000e+00,0.000000e+00,0.000000e+00,0.000000e+00,0.000000e+00,0.000000e+00,0.000000e+00,0.000000e+00
1.000000e+00,0.000000e+00,0.000000e+00,0.000000e+00,0.000000e+00,0.000000e+00,0.000000e+00,0.000000e+00,0.000000e+00,0.000000e+00,0.000000e+00,0.000000e+00,0.000000e+00,0.000000e+00,0.000000e+00
1.000000e+00,0.000000e+00,0.000000e+00,0.000000e+00,0.000000e+00,0.000000e+00,0.000000e+00,0.000000e+00,0.000000e+00,0.000000e+00,0.000000e+00,0.000000e+00,0.000000e+00,0.000000e+00,0.000000e+00
1.000000e+00,0.000000e+00,0.000000e+00,0.000000e+00,0.000000e+00,0.000000e+00,0.000000e+00,0.000000e+00,0.000000e+00,0.000000e+00,0.000000e+00,0.000000e+00,0.000000e+00,0.000000e+00,0.000000e+00
1.000000e+00,0.000000e+00,0.000000e+00,0.000000e+00,0.000000e+00,0.000000e+00,0.000000e+00,0.000000e+00,0.000000e+00,0.000000e+00,0.000000e+00,0.000000e+00,0.000000e+00,0.000000e+00,0.000000e+00
1.000000e+00,0.000000e+00,0.000000e+00,0.000000e+00,0.000000e+00,0.000000e+00,0.000000e+00,0.000000e+00,0.000000e+00,0.000000e+00,0.000000e+00,0.000000e+00,0.000000e+00,0.000000e+00,0.000000e+00
1.000000e+00,0.000000e+00,0.000000e+00,0.000000e+00,0.000000e+00,0.000000e+00,0.000000e+00,0.000000e+00,0.000000e+00,0.000000e+00,0.000000e+00,0.000000e+00,0.000000e+00,0.000000e+00,0.000000e+00
1.000000e+00,0.000000e+00,0.000000e+00,0.000000e+00,0.000000e+00,0.000000e+00,0.000000e+00,0.000000e+00,0.000000e+00,0.000000e+00,0.000000e+00,0.000000e+00,0.000000e+00,0.000000e+00,0.000000e+00
1.000000e+00,0.000000e+00,0.000000e+00,0.000000e+00,0.000000e+00,0.000000e+00,0.000000e+00,0.000000e+00,0.000000e+00,0.000000e+00,0.000000e+00,0.000000e+00,0.000000e+00,0.000000e+00,0.000000e+00
1.000000e+00,0.000000e+00,0.000000e+00,0.000000e+00,0.000000e+00,0.000000e+00,0.000000e+00,0.000000e+00,0.000000e+00,0.000000e+00,0.000000e+00,0.000000e+00,0.000000e+00,0.000000e+00,0.000000e+00
1.000000e+00,0.000000e+00,0.000000e+00,0.000000e+00,0.000000e+00,0.000000e+00,0.000000e+00,0.000000e+00,0.000000e+00,0.000000e+00,0.000000e+00,0.000000e+00,0.000000e+00,0.000000e+00,0.000000e+00
1.000000e+00,0.000000e+00,0.000000e+00,0.000000e+00,0.000000e+00,0.000000e+00,0.000000e+00,0.000000e+00,0.000000e+00,0.000000e+00,0.000000e+00,0.000000e+00,0.000000e+00,0.000000e+00,0.000000e+00
1.000000e+00,0.000000e+00,0.000000e+00,0.000000e+00,0.000000e+00,0.000000e+00,0.000000e+00,0.000000e+00,0.000000e+00,0.000000e+00,0.000000e+00,0.000000e+00,0.000000e+00,0.000000e+00,0.000000e+00
1.000000e+00,0.000000e+00,0.000000e+00,0.000000e+00,0.000000e+00,0.000000e+00,0.000000e+00,0.000000e+00,0.000000e+00,0.000000e+00,0.000000e+00,0.000000e+00,0.000000e+00,0.000000e+00,0.000000e+00
1.000000e+00,0.000000e+00,0.000000e+00,0.000000e+00,0.000000e+00,0.000000e+00,0.000000e+00,0.000000e+00,0.000000e+00,0.000000e+00,0.000000e+00,0.000000e+00,0.000000e+00,0.000000e+00,0.000000e+00
1.000000e+00,0.000000e+00,0.000000e+00,0.000000e+00,0.000000e+00,0.000000e+00,0.000000e+00,0.000000e+00,0.000000e+00,0.000000e+00,0.000000e+00,0.000000e+00,0.000000e+00,0.000000e+00,0.000000e+00
1.000000e+00,0.000000e+00,0.000000e+00,0.000000e+00,0.000000e+00,0.000000e+00,0.000000e+00,0.000000e+00,0.000000e+00,0.000000e+00,0.000000e+00,0.000000e+00,0.000000e+00,0.000000e+00,0.000000e+00
4.214097e-01,6.719790e-02,6.294114e-02,1.997397e-01,2.475164e-02,2.289445e-02,8.067477e-03,3.437634e-02,2.103956e-02,4.793283e-03,1.661720e-02,4.212104e-02,2.248394e-02,5.043542e-03,4.652308e-02
4.129095e-01,6.405108e-02,7.834809e-02,1.803898e-01,2.797721e-02,2.362008e-02,7.906179e-03,3.395230e-02,2.413599e-02,5.687046e-03,1.779202e-02,3.788191e-02,2.262622e-02,6.668252e-03,5.605431e-02
4.510699e-01,6.074752e-02,6.702630e-02,1.562093e-01,2.575164e-02,2.470397e-02,7.460162e-03,2.905948e-02,2.142239e-02,5.815749e-03,1.876183e-02,3.901004e-02,2.482040e-02,8.355921e-03,5.978546e-02
1.000000e+00,0.000000e+00,0.000000e+00,0.000000e+00,0.000000e+00,0.000000e+00,0.000000e+00,0.000000e+00,0.000000e+00,0.000000e+00,0.000000e+00,0.000000e+00,0.000000e+00,0.000000e+00,0.000000e+00
1.000000e+00,0.000000e+00,0.000000e+00,0.000000e+00,0.000000e+00,0.000000e+00,0.000000e+00,0.000000e+00,0.000000e+00,0.000000e+00,0.000000e+00,0.000000e+00,0.000000e+00,0.000000e+00,0.000000e+00
4.837614e-01,6.514300e-02,5.876528e-02,1.275207e-01,2.687928e-02,2.323750e-02,7.793779e-03,2.331661e-02,1.772753e-02,5.033616e-03,1.824353e-02,4.035131e-02,2.859709e-02,9.653976e-03,6.397557e-02
4.226546e-01,8.243355e-02,7.810012e-02,1.673272e-01,4.297730e-02,2.191875e-02,1.200293e-02,1.919469e-02,1.403344e-02,4.044588e-03,1.598495e-02,3.926616e-02,2.348877e-02,7.870620e-03,4.870243e-02
4.807941e-01,7.162075e-02,5.789359e-02,1.309094e-01,3.395449e-02,3.450582e-02,1.132131e-02,1.578146e-02,1.158683e-02,3.587341e-03,1.494356e-02,3.418066e-02,5.391348e-02,5.809450e-03,3.919772e-02
3.403553e-01,6.370583e-02,4.166081e-02,1.214486e-01,2.425974e-02,4.686130e-02,8.322703e-03,1.131202e-02,9.949770e-03,2.862067e-03,1.212517e-02,3.958642e-02,2.415110e-01,4.121717e-03,3.191758e-02
2.383093e-01,4.501111e-02,2.923966e-02,8.788184e-02,1.705837e-02,5.011230e-02,6.083767e-03,7.948054e-03,7.514561e-03,2.181843e-03,8.974288e-03,3.261790e-02,4.400951e-01,2.933182e-03,2.403870e-02
1.668947e-01,3.254421e-02,2.075808e-02,7.051206e-02,1.285312e-02,6.809124e-02,4.337364e-03,5.607972e-03,6.442420e-03,1.692167e-03,6.966577e-03,5.622385e-02,5.257143e-01,2.074050e-03,1.928787e-02
1.171524e-01,2.317796e-02,1.478093e-02,5.041378e-02,1.298259e-02,6.800739e-02,3.362353e-03,4.117350e-03,5.983999e-03,1.280613e-03,5.358075e-03,5.025781e-02,6.264287e-01,1.568875e-03,1.512709e-02
8.284829e-02,1.711206e-02,1.050797e-02,3.671250e-02,1.031768e-02,1.375756e-01,3.738072e-03,3.023654e-03,5.770809e-03,9.889127e-04,4.328079e-03,6.944694e-02,6.052079e-01,1.158349e-03,1.126315e-02
5.830615e-02,1.231825e-02,7.473579e-03,2.648915e-02,8.831173e-03,1.456807e-01,3.117483e-03,2.264051e-03,7.671121e-03,7.964616e-04,4.237942e-03,1.549850e-01,5.588074e-01,8.283035e-04,8.193259e-03
4.141863e-02,8.895847e-03,5.458387e-03,1.891528e-02,7.125227e-03,1.757521e-01,2.787391e-03,1.710029e-03,5.756595e-03,6.454572e-04,3.697206e-03,1.601852e-01,5.610621e-01,6.436514e-04,5.946893e-03
2.984153e-02,6.561151e-03,5.113560e-03,1.486125e-02,7.468036e-03,1.720195e-01,2.240507e-03,1.956862e-03,5.421892e-03,1.218021e-03,6.265499e-03,1.327781e-01,6.063693e-01,8.234471e-04,7.061413e-03
2.436695e-02,6.045043e-03,8.147481e-03,2.619015e-02,7.162887e-03,1.648186e-01,1.790692e-03,4.471840e-03,3.490026e-02,3.769043e-03,1.433066e-02,1.074025e-01,5.747243e-01,5.476874e-03,1.640269e-02
1.844696e-02,5.058825e-03,1.163645e-02,4.909743e-02,6.540314e-03,1.453544e-01,1.358619e-03,3.588262e-03,6.321883e-02,5.429299e-03,3.969043e-02,9.578632e-02,5.182277e-01,8.270586e-03,2.829546e-02
1.345839e-02,3.940614e-03,1.013203e-02,4.995891e-02,5.154581e-03,1.075852e-01,9.967046e-04,3.025654e-03,1.537055e-01,5.953271e-03,5.623524e-02,9.158315e-02,4.560991e-01,7.142284e-03,3.502939e-02
1.009478e-02,3.033168e-03,1.199358e-02,4.326193e-02,1.209170e-02,7.704782e-02,1.054862e-03,6.135122e-02,1.204363e-01,7.345989e-03,1.112492e-01,9.315778e-02,4.036485e-01,6.515179e-03,3.771805e-02
7.288305e-03,2.442774e-03,9.043582e-03,4.131880e-02,1.254838e-02,5.553956e-02,9.210774e-04,6.967200e-02,1.884618e-01,6.900500e-03,1.080177e-01,9.311193e-02,3.589487e-01,5.551610e-03,4.023331e-02
6.312701e-03,1.958760e-03,8.905385e-03,7.270423e-02,4.988238e-02,3.974057e-02,9.257752e-04,9.327528e-02,1.906326e-01,1.423595e-02,1.045930e-01,8.124048e-02,2.876000e-01,5.180253e-03,4.281265e-02
5.179283e-03,2.365968e-03,7.241519e-03,6.817587e-02,4.177200e-02,2.901901e-02,7.166964e-04,1.032692e-01,2.985415e-01,1.044679e-02,8.298666e-02,7.547592e-02,2.366906e-01,4.569485e-03,3.354957e-02
3.824097e-03,2.061662e-03,6.738564e-03,7.385299e-02,3.171820e-02,2.082121e-02,5.430329e-04,1.154819e-01,4.206205e-01,7.420501e-03,6.101079e-02,5.555853e-02,1.716729e-01,3.384059e-03,2.529121e-02
9.959714e-03,9.088553e-03,1.873803e-02,7.871576e-02,3.615437e-02,1.541477e-02,1.097264e-03,9.450784e-02,4.167601e-01,6.420683e-03,5.799871e-02,4.081124e-02,1.287816e-01,3.606871e-03,8.194463e-02
2.048939e-02,9.787410e-03,2.572696e-02,8.624224e-02,3.345919e-02,1.147639e-02,1.534285e-03,8.096602e-02,3.689179e-01,5.106601e-03,4.458392e-02,2.909084e-02,9.340709e-02,4.098242e-03,1.851135e-01
2.632753e-02,1.627459e-02,4.476431e-02,7.872450e-02,5.140059e-02,9.123236e-03,2.186518e-03,7.915142e-02,3.672994e-01,4.846977e-03,3.809408e-02,2.166279e-02,7.027680e-02,3.297988e-03,1.865693e-01
3.728004e-02,2.206331e-02,5.094718e-02,6.328140e-02,7.036874e-02,7.906250e-03,3.940286e-03,1.050150e-01,3.395636e-01,3.870125e-03,2.848548e-02,1.662319e-02,5.316917e-02,3.164661e-03,1.943216e-01
3.932838e-02,2.320349e-02,5.480719e-02,1.481538e-01,8.510371e-02,6.287501e-03,3.663131e-03,1.425528e-01,2.619716e-01,3.146501e-03,2.160974e-02,1.346793e-02,4.003046e-02,2.407730e-03,1.542661e-01
5.591331e-02,1.890054e-02,6.147174e-02,1.817787e-01,1.096046e-01,5.676598e-03,4.705625e-03,1.415536e-01,2.196562e-01,3.159808e-03,1.594196e-02,1.009925e-02,2.896815e-02,1.887664e-03,1.406823e-01
7.721105e-02,2.132023e-02,6.030873e-02,1.917727e-01,1.295472e-01,5.997282e-03,4.537533e-03,1.173822e-01,2.076358e-01,4.172606e-03,1.267490e-02,8.162118e-03,2.168338e-02,1.630672e-03,1.359636e-01
7.141823e-02,3.173329e-02,4.748623e-02,2.868968e-01,9.739772e-02,1.186589e-02,3.435590e-03,9.204301e-02,1.848687e-01,7.948116e-03,1.440898e-02,9.796616e-03,2.802033e-02,1.356402e-03,1.113242e-01
1.125705e-01,3.437382e-02,4.434484e-02,2.721514e-01,9.219529e-02,1.627324e-02,3.070916e-03,8.546589e-02,1.718961e-01,6.441081e-03,1.634950e-02,1.562864e-02,3.692982e-02,1.314263e-03,9.099481e-02
1.196152e-01,3.359263e-02,3.568378e-02,2.996589e-01,7.810134e-02,1.734648e-02,2.996484e-03,1.042277e-01,1.563320e-01,5.955471e-03,1.874861e-02,2.114985e-02,3.875205e-02,1.232669e-03,6.660695e-02
1.007701e-01,3.871132e-02,2.928712e-02,2.285108e-01,6.916180e-02,2.039430e-02,3.917917e-03,2.316002e-01,1.590188e-01,4.603596e-03,1.471682e-02,1.542082e-02,3.089947e-02,1.014201e-03,5.197284e-02
9.085781e-02,4.455347e-02,3.456930e-02,2.278005e-01,5.636271e-02,1.855315e-02,5.318733e-03,2.790614e-01,1.295352e-01,8.000098e-03,1.304133e-02,1.214532e-02,3.533001e-02,1.023813e-03,4.384727e-02
8.157534e-02,3.327649e-02,3.899391e-02,1.925765e-01,4.373895e-02,2.049008e-02,4.872238e-03,4.025989e-01,9.501933e-02,5.985824e-03,9.795407e-03,8.690924e-03,2.845349e-02,7.877137e-04,3.314494e-02
7.044592e-02,2.702460e-02,4.637907e-02,1.431201e-01,3.254681e-02,1.757902e-02,8.268892e-03,5.156476e-01,6.901581e-02,6.167898e-03,7.151917e-03,6.423242e-03,2.379987e-02,6.002467e-04,2.582900e-02
6.738345e-02,2.133382e-02,4.889712e-02,1.101405e-01,2.489900e-02,1.604668e-02,1.163893e-02,5.841906e-01,5.249373e-02,6.387606e-03,5.224521e-03,5.008119e-03,2.427153e-02,5.593835e-04,2.152501e-02
7.138474e-02,1.640810e-02,5.196005e-02,8.422658e-02,1.865899e-02,1.359864e-02,1.088379e-01,5.388715e-01,4.107531e-02,4.776193e-03,3.815751e-03,3.971387e-03,2.132952e-02,5.716737e-04,2.051362e-02
8.221091e-02,1.287136e-02,5.129579e-02,6.213987e-02,1.493778e-02,1.375048e-02,2.493789e-01,4.270855e-01,3.323064e-02,3.637909e-03,2.959987e-03,3.716664e-03,2.069879e-02,7.829920e-04,2.130247e-02
7.522800e-02,1.000051e-02,4.284954e-02,4.538890e-02,1.261998e-02,1.389450e-02,3.771808e-01,3.415873e-01,2.566393e-02,2.969904e-03,2.210527e-03,3.664742e-03,2.167453e-02,7.722412e-04,2.429465e-02
7.961885e-02,1.417808e-02,3.732212e-02,3.313538e-02,1.450723e-02,1.490520e-02,4.145605e-01,2.731488e-01,2.636413e-02,2.693945e-03,2.623048e-03,4.382823e-03,3.725774e-02,8.523505e-04,4.444987e-02
1.117043e-01,1.773608e-02,3.235780e-02,2.450762e-02,1.813103e-02,1.368340e-02,4.166677e-01,2.359045e-01,2.953022e-02,2.513933e-03,2.524982e-03,4.974668e-03,3.314998e-02,1.192563e-03,5.542129e-02
2.153603e-01,1.954276e-02,3.344656e-02,1.946817e-02,1.769376e-02,1.418306e-02,3.651988e-01,1.861032e-01,2.766634e-02,2.325532e-03,2.562392e-03,6.328036e-03,4.202089e-02,1.455306e-03,4.664497e-02
2.980060e-01,1.818521e-02,3.043657e-02,1.554502e-02,1.583157e-02,1.827233e-02,3.291589e-01,1.499081e-01,2.448649e-02,2.041455e-03,2.679888e-03,9.083917e-03,4.177162e-02,1.600293e-03,4.299264e-02
4.143454e-01,1.813749e-02,2.587843e-02,1.637367e-02,1.478177e-02,2.384995e-02,2.567720e-01,1.116330e-01,2.031172e-02,2.547669e-03,3.511049e-03,1.639394e-02,3.712742e-02,1.847254e-03,3.648921e-02
4.943764e-01,1.780972e-02,2.189778e-02,2.023385e-02,1.343711e-02,3.179816e-02,1.908400e-01,8.513495e-02,1.825647e-02,3.375353e-03,5.207722e-03,2.804914e-02,3.357993e-02,2.346694e-03,3.365669e-02
1.000000e+00,0.000000e+00,0.000000e+00,0.000000e+00,0.000000e+00,0.000000e+00,0.000000e+00,0.000000e+00,0.000000e+00,0.000000e+00,0.000000e+00,0.000000e+00,0.000000e+00,0.000000e+00,0.000000e+00
4.749449e-01,1.732858e-02,1.600973e-02,2.720239e-02,1.379539e-02,5.388696e-02,1.265060e-01,7.725988e-02,1.781579e-02,4.381692e-03,9.099417e-03,7.437471e-02,5.824072e-02,2.326648e-03,2.682722e-02
3.992596e-01,1.654245e-02,1.325391e-02,3.064960e-02,1.211171e-02,5.840848e-02,1.029169e-01,6.750204e-02,1.893187e-02,5.541199e-03,1.316203e-02,1.082082e-01,1.179790e-01,2.420410e-03,3.311263e-02
3.643206e-01,1.568654e-02,1.122538e-02,3.557730e-02,1.292725e-02,5.357488e-02,7.833521e-02,6.027652e-02,2.274913e-02,7.276657e-03,2.029936e-02,1.310973e-01,1.472870e-01,3.209573e-03,3.615719e-02
3.561026e-01,1.414770e-02,1.056829e-02,3.956597e-02,1.260060e-02,5.130595e-02,5.840593e-02,4.776125e-02,2.298099e-02,1.352975e-02,2.537807e-02,1.476229e-01,1.569227e-01,4.464313e-03,3.864294e-02
3.636834e-01,1.337579e-02,1.047322e-02,4.331043e-02,1.138192e-02,5.067036e-02,4.302486e-02,3.748801e-02,2.049349e-02,1.357209e-02,2.442696e-02,1.709912e-01,1.563697e-01,4.289850e-03,3.644869e-02
3.776929e-01,1.299261e-02,1.658027e-02,4.926273e-02,1.244221e-02,5.450264e-02,3.161619e-02,2.876893e-02,1.928639e-02,1.191509e-02,2.501798e-02,1.830431e-01,1.392833e-01,4.026431e-03,3.356920e-02
4.335286e-01,1.337371e-02,1.773701e-02,4.668129e-02,1.179106e-02,5.086723e-02,2.347588e-02,2.239501e-02,1.793240e-02,1.452920e-02,2.217432e-02,1.667406e-01,1.165621e-01,5.452516e-03,3.675912e-02
4.055704e-01,1.275177e-02,1.744035e-02,4.713085e-02,1.423912e-02,4.846960e-02,1.807686e-02,1.613913e-02,2.336883e-02,2.697390e-02,2.505056e-02,1.961873e-01,1.069614e-01,6.107775e-03,3.553215e-02
3.625225e-01,1.120660e-02,1.339373e-02,5.049601e-02,1.720125e-02,4.401449e-02,1.573766e-02,1.200439e-02,4.163153e-02,6.037454e-02,2.690971e-02,1.867875e-01,1.028653e-01,7.430968e-03,4.742388e-02
2.944738e-01,1.279546e-02,1.422041e-02,8.219133e-02,1.997545e-02,3.813426e-02,1.270891e-02,9.228338e-03,8.733420e-02,6.012321e-02,2.751927e-02,1.854028e-01,9.425531e-02,7.034517e-03,5.460265e-02
2.959405e-01,2.118146e-02,1.425261e-02,7.719705e-02,1.807711e-02,3.495305e-02,1.260088e-02,1.551096e-02,1.318870e-01,5.525788e-02,2.397689e-02,1.516391e-01,7.504041e-02,7.014760e-03,6.547040e-02
2.823325e-01,2.135320e-02,1.387167e-02,9.312122e-02,1.960358e-02,3.041559e-02,1.503097e-02,4.875360e-02,1.355667e-01,4.827441e-02,2.069403e-02,1.199721e-01,5.969116e-02,6.877212e-03,8.444200e-02
2.081456e-01,1.850578e-02,1.343162e-02,8.438671e-02,2.266922e-02,2.508197e-02,1.405759e-02,1.935669e-01,1.213665e-01,3.937060e-02,1.604150e-02,8.473646e-02,4.403733e-02,4.996496e-03,1.096057e-01
1.526806e-01,1.389918e-02,1.381236e-02,6.845710e-02,1.798298e-02,2.090788e-02,1.231284e-02,3.912511e-01,8.883257e-02,2.994579e-02,1.229036e-02,5.990874e-02,3.177933e-02,3.574391e-03,8.236473e-02
1.095891e-01,1.013686e-02,1.261386e-02,5.031374e-02,1.358184e-02,1.607414e-02,5.452532e-02,5.092030e-01,6.284752e-02,2.190496e-02,9.074019e-03,4.211930e-02,2.458425e-02,2.564380e-03,6.086769e-02
7.818735e-02,7.497859e-03,1.046126e-02,3.581173e-02,9.941508e-03,1.300117e-02,5.259321e-02,6.325324e-01,4.440042e-02,1.569453e-02,6.554378e-03,2.955437e-02,1.819245e-02,1.827628e-03,4.374975e-02
5.559441e-02,5.399950e-03,7.797458e-03,2.533890e-02,7.142930e-03,1.067424e-02,4.286364e-02,7.302299e-01,3.125858e-02,1.128282e-02,4.679502e-03,2.073929e-02,1.477619e-02,1.290216e-03,3.093200e-02
4.352285e-02,5.638332e-03,6.337348e-03,1.831442e-02,5.829041e-03,1.001785e-02,3.478773e-02,7.824134e-01,2.431101e-02,8.797480e-03,3.565026e-03,1.475638e-02,1.821633e-02,9.267204e-04,2.256614e-02
3.912515e-02,1.278203e-02,7.126715e-03,1.375352e-02,9.301920e-03,1.091556e-02,8.278248e-02,6.626940e-01,2.875603e-02,1.043470e-02,2.756867e-03,1.105657e-02,8.595350e-02,8.158178e-04,2.174509e-02
4.100979e-02,2.292267e-02,9.482417e-03,1.181887e-02,1.401963e-02,1.229859e-02,9.932274e-02,5.367827e-01,4.066202e-02,1.187229e-02,2.437854e-03,8.447455e-03,1.678763e-01,6.744991e-04,2.037210e-02
4.482850e-02,2.503729e-02,1.250497e-02,1.066500e-02,2.116804e-02,1.644819e-02,9.209216e-02,3.891694e-01,4.394417e-02,1.008039e-02,2.690418e-03,6.687894e-03,3.006512e-01,5.992071e-04,2.343319e-02
7.478957e-02,3.096515e-02,1.387729e-02,9.752157e-03,2.785472e-02,1.767421e-02,1.046936e-01,2.946082e-01,5.921411e-02,8.147596e-03,2.832267e-03,6.590445e-03,3.231375e-01,6.266711e-04,2.523652e-02
1.133091e-01,4.117373e-02,2.473300e-02,9.380914e-03,3.417067e-02,1.645471e-02,1.131096e-01,2.183397e-01,1.065877e-01,7.027273e-03,2.649488e-03,6.792279e-03,2.479989e-01,8.561601e-04,5.741683e-02
2.048403e-01,3.829448e-02,2.409183e-02,9.403387e-03,3.127547e-02,1.525291e-02,9.836411e-02,1.748794e-01,1.043466e-01,5.927707e-03,2.580485e-03,7.118199e-03,2.224257e-01,1.166362e-03,6.003292e-02
2.556771e-01,3.390088e-02,2.800083e-02,1.079670e-02,2.926698e-02,1.856417e-02,9.402637e-02,1.450769e-01,9.646432e-02,6.197158e-03,2.946632e-03,9.282146e-03,1.982567e-01,1.678094e-03,6.986499e-02
3.450588e-01,2.669854e-02,4.002551e-02,1.131386e-02,2.326523e-02,2.412387e-02,7.689768e-02,1.190987e-01,6.969109e-02,5.937993e-03,4.503652e-03,1.716157e-02,1.695832e-01,9.417038e-03,5.722323e-02
2.776518e-01,2.265594e-02,3.926141e-02,1.208577e-02,1.954870e-02,3.731685e-02,6.173263e-02,8.530785e-02,5.043272e-02,1.022974e-02,1.084467e-02,2.696205e-02,2.773926e-01,1.065429e-02,5.792297e-02
2.116981e-01,1.736390e-02,3.018983e-02,1.849410e-02,1.556536e-02,3.909694e-02,5.240471e-02,6.036475e-02,3.817250e-02,3.614600e-02,2.035809e-02,4.047417e-02,3.322048e-01,1.123989e-02,7.622688e-02
2.080789e-01,1.452843e-02,2.526797e-02,2.035412e-02,1.511632e-02,4.370972e-02,4.182157e-02,4.328847e-02,3.295440e-02,4.143669e-02,2.124241e-02,3.436136e-02,2.865539e-01,1.107931e-02,1.602063e-01
1.896876e-01,1.136177e-02,2.062275e-02,1.599812e-02,1.318595e-02,4.288160e-02,3.444149e-02,3.111081e-02,2.666078e-02,3.738218e-02,1.843632e-02,3.434356e-02,2.391221e-01,9.215935e-03,2.755491e-01
1.515082e-01,1.047758e-02,2.093635e-02,2.360655e-02,1.404520e-02,3.992088e-02,2.572570e-02,2.212592e-02,3.361844e-02,3.694708e-02,1.418451e-02,6.838777e-02,2.555825e-01,7.701523e-03,2.752318e-01
1.384410e-01,1.417683e-02,1.610944e-02,1.954180e-02,1.367674e-02,3.339269e-02,2.011878e-02,1.714408e-02,4.190464e-02,2.862041e-02,1.074405e-02,9.541005e-02,2.867819e-01,6.321418e-03,2.576162e-01
1.021076e-01,3.436746e-02,1.395659e-02,1.641935e-02,1.113499e-02,2.813399e-02,1.544135e-02,1.386909e-02,6.345007e-02,2.231735e-02,9.224861e-03,1.225913e-01,2.697192e-01,4.989068e-03,2.722777e-01
7.722051e-02,2.623869e-02,1.063627e-02,1.406289e-02,8.515550e-03,2.065166e-02,1.140510e-02,1.333215e-02,6.077482e-02,1.648279e-02,9.599192e-03,1.240370e-01,3.403627e-01,5.276129e-03,2.614045e-01
5.867040e-02,1.978293e-02,8.771041e-03,1.770066e-02,7.643066e-03,1.573867e-02,8.896014e-03,1.513113e-02,5.162363e-02,1.221417e-02,9.630216e-03,1.096669e-01,4.490769e-01,4.586302e-03,2.108680e-01
4.348362e-02,1.754904e-02,6.955105e-03,1.380598e-02,7.630847e-03,1.213532e-02,6.872666e-03,1.137117e-02,5.399978e-02,9.526066e-03,9.708389e-03,9.105900e-02,4.991422e-01,3.563149e-03,2.131977e-01
3.339586e-02,1.555647e-02,5.616353e-03,1.022845e-02,8.304340e-03,1.113945e-02,9.130151e-03,9.290412e-03,5.342077e-02,6.939741e-03,9.481627e-03,7.797724e-02,5.551628e-01,2.637511e-03,1.917188e-01
2.924190e-02,1.236768e-02,4.135101e-03,7.318700e-03,1.158615e-02,1.008178e-02,8.573622e-03,6.893423e-03,4.453586e-02,5.275778e-03,7.264150e-03,5.875952e-02,6.470184e-01,1.910715e-03,1.450372e-01
4.994495e-02,9.399657e-03,3.722665e-03,5.897554e-03,2.285427e-02,1.156922e-02,1.448100e-02,2.194141e-02,3.494897e-02,4.280673e-03,7.019222e-03,4.804735e-02,6.612052e-01,1.800062e-03,1.028878e-01
5.163436e-02,8.287949e-03,3.182643e-03,5.000557e-03,2.136272e-02,1.086486e-02,1.201756e-02,2.385617e-02,3.063418e-02,3.442767e-03,5.819794e-03,3.938997e-02,7.101946e-01,1.477111e-03,7.283479e-02
4.548084e-02,7.979899e-03,2.808996e-03,4.407234e-03,1.895093e-02,2.419291e-02,1.014288e-02,2.055953e-02,2.683043e-02,2.672650e-03,4.441238e-03,3.036652e-02,7.473594e-01,1.101407e-03,5.270514e-02
4.154212e-02,6.255658e-03,2.265923e-03,3.363523e-03,1.770871e-02,2.009080e-02,8.723368e-03,1.507785e-02,2.266930e-02,1.897407e-03,3.283779e-03,2.317483e-02,7.959906e-01,8.057500e-04,3.715041e-02
4.626577e-02,1.474119e-02,6.588177e-03,1.499499e-02,3.145361e-02,2.193250e-02,9.968575e-03,1.494913e-02,2.045510e-02,1.574029e-03,2.770981e-03,1.939453e-02,7.662403e-01,7.316772e-04,2.793946e-02
5.036384e-02,3.300264e-02,1.842364e-02,5.975177e-02,3.523932e-02,2.309134e-02,8.964175e-03,1.876871e-02,6.725378e-02,2.996586e-03,2.372204e-03,1.608623e-02,6.309662e-01,6.845513e-04,3.203502e-02
5.105722e-02,5.185191e-02,1.732773e-02,5.188007e-02,3.064229e-02,4.256368e-02,8.092882e-03,1.709628e-02,9.852737e-02,3.039118e-03,1.928649e-03,1.357091e-02,5.852258e-01,6.913228e-04,2.650483e-02
5.758896e-02,4.328499e-02,1.347237e-02,3.735922e-02,2.340220e-02,4.120917e-02,6.389903e-03,1.360744e-02,9.257279e-02,2.306843e-03,1.762190e-03,1.525289e-02,6.311700e-01,7.694128e-04,1.985160e-02
6.738362e-02,3.616447e-02,1.125730e-02,2.751122e-02,2.754927e-02,3.664988e-02,3.583075e-02,1.475984e-01,9.334773e-02,1.740693e-03,1.501173e-03,1.241043e-02,4.853483e-01,6.682680e-04,1.503850e-02
1.061370e-01,3.231519e-02,9.234035e-03,2.098039e-02,2.894964e-02,3.647483e-02,4.541343e-02,1.517565e-01,1.311053e-01,1.473223e-03,1.946826e-03,1.041331e-02,4.104765e-01,7.011963e-04,1.262267e-02
1.182948e-01,2.841312e-02,7.582292e-03,1.566696e-02,5.404065e-02,3.599963e-02,6.327406e-02,1.663123e-01,1.469806e-01,1.178434e-03,1.849758e-03,1.042569e-02,3.395710e-01,6.537123e-04,9.756955e-03
1.433931e-01,2.398774e-02,6.530202e-03,1.156243e-02,4.693497e-02,3.896719e-02,1.427104e-01,1.518258e-01,1.326797e-01,9.709721e-04,1.545651e-03,8.682497e-03,2.821101e-01,5.469351e-04,7.552183e-03
2.028163e-01,2.441908e-02,4.908624e-03,9.175723e-03,4.129125e-02,4.043406e-02,1.611706e-01,1.577101e-01,1.235362e-01,7.694711e-04,1.435534e-03,7.235846e-03,2.181691e-01,4.222541e-04,6.505784e-03
2.233185e-01,2.062816e-02,3.777084e-03,7.271349e-03,3.267798e-02,4.074398e-02,2.132428e-01,1.600959e-01,1.153995e-01,5.839922e-04,1.231582e-03,5.857930e-03,1.696949e-01,3.187160e-04,5.157573e-03
2.379458e-01,1.991400e-02,2.791975e-03,5.605852e-03,2.875600e-02,3.129550e-02,2.942776e-01,1.279637e-01,1.156433e-01,5.021084e-04,1.117244e-03,5.104062e-03,1.244572e-01,2.635079e-04,4.362200e-03
2.339531e-01,1.701592e-02,2.092537e-03,4.397649e-03,2.538924e-02,2.439927e-02,3.937928e-01,9.915785e-02,9.702902e-02,4.739075e-04,9.821677e-04,4.754053e-03,9.234360e-02,2.305595e-04,3.988258e-03
2.366576e-01,1.748722e-02,1.648108e-03,3.580255e-03,2.133960e-02,1.905689e-02,4.407396e-01,8.303258e-02,9.690613e-02,4.839730e-04,8.811227e-04,4.335786e-03,6.972273e-02,1.979955e-04,3.930460e-03
2.427055e-01,1.886836e-02,1.878586e-03,4.044096e-03,1.877800e-02,1.901830e-02,4.384890e-01,7.609151e-02,7.947116e-02,8.642000e-04,1.550780e-03,4.776274e-03,8.671287e-02,6.241655e-04,6.127171e-03
2.352259e-01,4.879260e-02,1.829463e-02,3.786921e-02,2.640508e-02,2.091550e-02,3.592299e-01,5.817292e-02,6.656557e-02,1.001127e-02,3.399257e-03,8.381379e-03,8.461670e-02,1.742431e-03,2.037767e-02
2.491902e-01,4.051101e-02,1.420121e-02,3.850950e-02,2.354261e-02,2.574281e-02,2.613937e-01,4.266434e-02,5.591986e-02,1.032063e-02,7.202742e-03,1.132640e-02,1.697252e-01,2.971558e-03,4.677823e-02
2.718393e-01,3.316860e-02,1.518888e-02,3.139044e-02,1.799523e-02,2.411000e-02,1.866725e-01,3.288978e-02,4.400447e-02,1.029134e-02,6.849513e-03,1.206941e-02,2.512974e-01,4.197683e-03,5.803547e-02
2.333056e-01,2.388431e-02,1.233737e-02,2.261920e-02,1.319698e-02,2.005336e-02,1.319436e-01,2.396367e-02,3.181218e-02,8.555848e-03,6.102524e-03,1.062550e-02,4.044033e-01,4.356537e-03,5.284008e-02
1.736574e-01,1.683659e-02,1.011735e-02,1.591275e-02,9.877071e-03,1.646801e-02,9.368497e-02,1.705288e-02,2.261273e-02,8.032904e-03,5.253477e-03,9.270957e-03,5.339742e-01,5.843910e-03,6.140479e-02
1.245575e-01,1.183546e-02,7.943627e-03,1.117488e-02,1.274200e-02,1.209815e-02,6.602826e-02,1.204260e-02,1.676370e-02,1.098030e-02,4.601138e-03,8.507157e-03,4.773822e-01,4.381012e-03,2.189620e-01
9.015529e-02,8.460579e-03,7.058499e-03,8.852901e-03,1.180147e-02,9.137179e-03,4.628948e-02,8.594775e-03,1.431919e-02,1.440918e-02,3.962836e-03,6.280187e-03,3.629790e-01,3.656461e-03,4.040430e-01
6.369671e-02,5.982381e-03,9.031538e-03,1.620317e-02,8.855257e-03,6.804877e-03,3.243555e-02,6.491686e-03,1.427523e-02,1.118180e-02,2.923412e-03,4.466402e-03,2.579378e-01,2.941195e-03,5.567729e-01
4.485169e-02,4.228652e-03,6.725619e-03,1.162479e-02,6.260364e-03,4.879449e-03,2.271751e-02,4.650157e-03,1.052677e-02,7.940259e-03,2.084457e-03,3.140813e-03,1.807678e-01,2.098655e-03,6.875030e-01
3.238125e-02,3.265659e-03,1.271993e-02,1.038637e-02,4.731383e-03,3.645771e-03,1.609498e-02,5.734028e-03,8.809103e-03,5.665106e-03,1.583586e-03,2.231457e-03,1.267823e-01,1.554822e-03,7.644142e-01
2.558984e-02,2.874302e-03,1.220184e-02,7.710914e-03,3.812742e-03,4.472611e-03,1.141422e-02,6.299544e-03,7.520141e-03,4.118650e-03,1.208121e-03,1.599515e-03,8.912210e-02,1.287373e-03,8.207681e-01
2.354091e-02,2.592957e-03,1.100451e-02,6.000320e-03,2.934819e-03,7.014862e-03,8.141552e-03,5.570947e-03,6.253646e-03,3.049352e-03,9.574256e-04,1.139438e-03,6.335974e-02,1.192954e-03,8.572465e-01
3.917215e-02,1.347013e-02,1.317817e-02,7.668939e-03,3.008607e-03,1.088099e-02,5.870449e-03,6.207068e-03,9.244168e-03,2.795107e-03,8.292302e-04,8.739185e-04,5.092177e-02,9.636821e-04,8.349156e-01
5.528261e-02,4.274888e-02,1.074687e-02,8.544737e-03,3.004479e-03,1.163128e-02,4.189070e-03,4.830563e-03,1.569042e-02,3.083312e-03,8.285664e-04,7.741599e-04,3.687068e-02,7.765986e-04,8.009978e-01
5.477873e-02,4.225682e-02,2.012286e-02,1.233537e-02,3.289009e-03,9.110215e-03,3.114529e-03,7.404835e-03,1.542120e-02,2.816425e-03,1.600913e-03,1.113224e-03,2.658820e-02,9.779636e-04,7.990697e-01
4.573772e-02,3.914789e-02,4.940648e-02,2.141897e-01,4.110840e-03,7.222775e-03,2.229697e-03,6.556464e-03,2.132512e-02,3.498100e-03,3.175556e-03,2.246655e-03,2.091236e-02,8.207761e-04,5.794199e-01
3.275012e-02,3.006839e-02,6.466001e-02,2.145552e-01,3.852641e-03,5.503605e-03,1.622897e-03,5.109662e-03,5.223869e-02,2.414492e-02,1.936719e-02,2.664481e-03,1.663482e-02,9.772633e-03,5.170547e-01
2.315871e-02,2.477232e-02,5.202598e-02,1.506587e-01,2.949451e-03,4.298759e-03,1.171591e-03,3.597549e-03,2.032100e-01,1.977337e-02,2.981538e-02,1.979619e-03,1.323645e-02,2.818482e-02,4.411673e-01
1.638113e-02,1.851549e-02,3.821498e-02,1.059423e-01,2.227099e-03,3.230751e-03,8.482762e-04,2.540179e-03,3.754736e-01,1.556240e-02,2.951214e-02,1.499231e-03,1.062159e-02,3.178264e-02,3.476482e-01
1.155143e-02,1.332452e-02,2.717544e-02,7.454537e-02,1.830634e-03,2.330210e-03,6.284696e-04,1.794142e-03,5.401716e-01,1.127870e-02,2.684084e-02,1.112780e-03,8.550555e-03,2.487676e-02,2.539885e-01
8.306256e-03,9.758445e-03,1.921500e-02,5.226265e-02,1.769622e-03,1.790783e-03,4.618076e-04,1.273466e-03,6.316397e-01,8.102172e-03,4.914900e-02,8.478301e-04,9.432295e-03,2.087095e-02,1.851200e-01
6.057063e-03,6.875624e-03,1.351949e-02,3.665662e-02,1.441214e-03,1.331829e-03,3.383860e-04,9.528429e-04,7.374454e-01,5.749724e-03,3.488046e-02,6.188646e-04,6.912553e-03,1.551666e-02,1.317033e-01
4.707676e-03,5.076278e-03,1.076494e-02,2.574588e-02,1.522183e-03,1.230494e-03,3.150845e-04,6.931238e-04,7.533876e-01,4.749112e-03,2.584642e-02,5.188761e-04,5.880615e-03,3.089925e-02,1.286626e-01
4.294622e-03,4.755067e-03,7.921590e-03,1.808737e-02,1.273541e-03,2.368806e-03,3.091202e-04,4.977871e-04,6.864287e-01,3.660064e-03,3.066915e-02,4.589909e-04,6.643173e-03,6.258518e-02,1.700469e-01
3.705817e-03,3.758541e-03,5.692590e-03,1.277877e-02,1.257282e-03,2.556893e-03,3.064233e-04,3.816779e-04,5.906889e-01,3.057830e-03,4.348796e-02,5.166536e-04,1.138696e-02,8.556171e-02,2.348620e-01
3.158530e-03,2.902655e-03,4.133230e-03,9.030488e-03,1.352093e-03,2.386186e-03,3.264805e-04,2.953656e-04,5.697252e-01,2.409565e-03,4.644131e-02,5.069973e-04,1.320436e-02,1.023662e-01,2.417613e-01
2.414386e-03,2.505308e-03,3.235623e-03,6.345807e-03,2.852166e-03,2.068522e-03,3.009338e-04,2.231717e-04,5.979514e-01,2.096033e-03,3.620150e-02,3.753218e-04,9.755292e-03,1.028093e-01,2.308653e-01
1.906256e-03,1.958654e-03,4.154596e-03,4.607666e-03,2.391255e-03,1.515318e-03,2.552218e-04,2.094658e-04,5.899882e-01,2.410713e-03,2.777482e-02,3.148651e-04,7.063752e-03,1.826118e-01,1.728373e-01
2.767762e-03,2.726428e-03,7.494541e-03,4.033112e-03,7.301185e-03,1.479519e-03,2.933664e-04,3.851922e-04,6.763905e-01,2.455320e-03,2.770854e-02,2.917727e-04,5.469873e-03,1.375693e-01,1.236336e-01
7.708368e-03,6.078398e-03,1.545268e-02,1.112455e-02,2.107740e-02,1.936673e-03,4.748359e-04,1.851673e-03,7.047833e-01,2.415689e-03,2.117853e-02,3.664531e-04,4.086095e-03,1.125030e-01,8.896235e-02
1.316641e-02,6.194571e-03,1.499324e-02,9.691667e-03,3.948745e-02,1.855945e-03,7.096343e-04,2.894727e-03,7.354946e-01,2.502186e-03,1.649960e-02,4.542475e-04,3.614828e-03,8.425392e-02,6.818703e-02
1.425876e-02,4.865335e-03,1.153406e-02,7.666070e-03,5.005842e-02,1.826582e-03,6.552102e-04,3.923618e-03,7.196029e-01,2.690519e-03,1.393528e-02,5.962130e-04,4.791240e-03,6.853992e-02,9.505589e-02
1.050527e-02,3.929710e-03,8.519544e-03,6.133142e-03,3.638531e-02,1.413155e-03,4.851943e-04,3.153861e-03,6.118851e-01,4.491863e-03,1.145229e-02,6.555648e-04,4.925985e-03,5.408758e-02,2.419765e-01
8.135246e-03,3.292086e-03,6.981372e-03,6.517614e-03,2.851653e-02,1.125481e-03,3.548857e-04,6.001648e-03,6.346664e-01,5.896805e-03,1.134980e-02,8.323555e-04,5.181485e-03,4.033011e-02,2.408182e-01
7.539524e-03,4.363714e-03,1.305876e-02,1.549408e-02,2.184231e-02,1.054629e-03,2.718404e-04,6.575264e-03,6.287035e-01,7.370768e-03,9.134472e-03,8.496493e-04,4.453360e-03,3.108273e-02,2.482054e-01
6.076175e-03,3.559079e-03,1.251550e-01,2.397775e-02,1.620736e-02,8.624232e-04,1.991221e-04,5.359931e-03,5.264282e-01,1.206695e-02,6.861110e-03,6.518187e-04,3.416624e-03,2.253357e-02,2.466449e-01
7.498345e-03,4.162791e-03,2.135194e-01,1.980148e-02,1.241969e-02,9.440850e-04,1.590952e-04,5.416491e-03,4.464427e-01,2.118928e-02,5.338797e-03,5.387518e-04,2.951555e-03,2.027833e-02,2.393393e-01
1.269178e-02,8.724529e-03,3.317557e-01,2.433897e-02,1.107358e-02,1.757262e-03,2.490397e-04,7.862609e-03,3.349288e-01,2.230790e-02,5.005629e-03,6.188580e-04,2.711097e-03,1.826251e-02,2.177118e-01
1.912300e-02,1.069606e-02,3.453414e-01,1.967808e-02,9.364036e-03,2.170967e-03,2.545411e-04,9.320211e-03,2.486706e-01,3.147747e-02,4.781583e-03,5.667821e-04,2.695515e-03,2.089762e-02,2.749622e-01
5.406269e-02,5.067969e-02,2.873144e-01,2.322425e-02,4.360070e-02,3.174403e-02,2.108256e-03,1.489337e-02,2.297757e-01,2.354739e-02,4.221784e-03,1.102258e-03,9.302957e-03,1.705414e-02,2.073684e-01
5.318267e-02,5.237921e-02,3.088243e-01,1.240666e-01,4.311224e-02,2.597576e-02,1.866779e-03,2.065393e-02,1.695326e-01,1.868041e-02,4.596974e-03,1.311154e-03,6.982826e-03,1.266173e-02,1.561729e-01
6.062040e-02,4.088676e-02,3.996591e-01,1.217543e-01,3.374156e-02,2.206885e-02,1.444424e-03,2.018622e-02,1.237018e-01,2.419539e-02,4.632175e-03,1.636901e-03,5.729827e-03,1.032576e-02,1.294166e-01
1.018272e-01,5.079808e-02,3.656656e-01,1.235852e-01,3.849065e-02,2.998026e-02,2.283707e-03,1.937811e-02,1.044747e-01,2.131864e-02,7.102387e-03,2.404460e-03,5.597190e-03,9.812962e-03,1.172809e-01
1.662266e-01,6.586817e-02,2.953490e-01,1.086894e-01,4.908524e-02,3.768405e-02,3.024326e-03,2.199557e-02,8.701210e-02,1.820360e-02,7.701952e-03,3.275820e-03,6.027008e-03,9.556593e-03,1.203005e-01
2.506449e-01,7.131883e-02,2.450477e-01,1.025943e-01,5.190146e-02,4.585078e-02,4.166957e-03,1.778268e-02,6.709843e-02,1.339055e-02,9.770781e-03,7.439015e-03,7.071429e-03,9.155493e-03,9.676670e-02
3.289146e-01,6.515910e-02,2.331621e-01,8.432522e-02,4.797093e-02,4.171434e-02,4.562606e-03,1.475186e-02,5.354440e-02,1.002308e-02,9.315062e-03,8.697692e-03,6.876249e-03,1.045445e-02,8.052836e-02
