1.000000e+00,0.000000e+00,0.000000e+00,0.000000e+00,0.000000e+00,0.000000e+00,0.000000e+00,0.000000e+00,0.000000e+00,0.000000e+00,0.000000e+00,0.000000e+00,0.000000e+00,0.000000e+00,0.000000e+00
1.000000e+00,0.000000e+00,0.000000e+00,0.000000e+00,0.000000e+00,0.000000e+00,0.000000e+00,0.000000e+00,0.000000e+00,0.000000e+00,0.000000e+00,0.000000e+00,0.000000e+00,0.000000e+00,0.000000e+00
1.000000e+00,0.000000e+00,0.000000e+00,0.000000e+00,0.000000e+00,0.000000e+00,0.000000e+00,0.000000e+00,0.000000e+00,0.000000e+00,0.000000e+00,0.000000e+00,0.000000e+00,0.000000e+00,0.000000e+00
1.000000e+00,0.000000e+00,0.000000e+00,0.000000e+00,0.000000e+00,0.000000e+00,0.000000e+00,0.000000e+00,0.000000e+00,0.000000e+00,0.000000e+00,0.000000e+00,0.000000e+00,0.000000e+00,0.000000e+00
1.000000e+00,0.000000e+00,0.000000e+00,0.000000e+00,0.000000e+00,0.000000e+00,0.000000e+00,0.000000e+00,0.000000e+00,0.000000e+00,0.000000e+00,0.000000e+00,0.000000e+00,0.000000e+00,0.000000e+00
1.000000e+00,0.000000e+00,0.000000e+00,0.000000e+00,0.000000e+00,0.000000e+00,0.000000e+00,0.000000e+00,0.000000e+00,0.000000e+00,0.000000e+00,0.000000e+00,0.000000e+00,0.000000e+00,0.000000e+00
1.000000e+00,0.000000e+00,0.000000e+00,0.000000e+00,0.000000e+00,0.000000e+00,0.000000e+00,0.000000e+00,0.000000e+00,0.000000e+00,0.000000e+00,0.000000e+00,0.000000e+00,0.000000e+00,0.000000e+00
1.000000e+00,0.000000e+00,0.000000e+00,0.000000e+00,0.000000e+00,0.000000e+00,0.000000e+00,0.000000e+00,0.000000e+00,0.000000e+00,0.000000e+00,0.000000e+00,0.000000e+00,0.000000e+00,0.000000e+00
1.000000e+00,0.000000e+00,0.000000e+00,0.000000e+00,0.000000e+00,0.000000e+00,0.000000e+00,0.000000e+00,0.000000e+00,0.000000e+00,0.000000e+00,0.000000e+00,0.000000e+00,0.000000e+00,0.000000e+00
1.000000e+00,0.000000e+00,0.000000e+00,0.000000e+00,0.000000e+00,0.000000e+00,0.000000e+00,0.000000e+00,0.000000e+00,0.000000e+00,0.000000e+00,0.000000e+00,0.000000e+00,0.000000e+00,0.000000e+00
1.000000e+00,0.000000e+00,0.000000e+00,0.000000e+00,0.000000e+00,0.000000e+00,0.000000e+00,0.000000e+00,0.000000e+00,0.000000e+00,0.000000e+00,0.000000e+00,0.000000e+00,0.000000e+00,0.000000e+00
1.000000e+00,0.000000e+00,0.000000e+00,0.000000e+00,0.000000e+00,0.000000e+00,0.000000e+00,0.000000e+00,0.000000e+00,0.000000e+00,0.000000e+00,0.000000e+00,0.000000e+00,0.000000e+00,0.000000e+00
1.000000e+00,0.000000e+00,0.000000e+00,0.000000e+00,0.000000e+00,0.000000e+00,0.000000e+00,0.000000e+00,0.000000e+00,0.000000e+00,0.000000e+00,0.000000e+00,0.000000e+00,0.000000e+00,0.000000e+00
1.000000e+00,0.000000e+00,0.000000e+00,0.000000e+00,0.000000e+00,0.000000e+00,0.000000e+00,0.000000e+00,0.000000e+00,0.000000e+00,0.000000e+00,0.000000e+00,0.000000e+00,0.000000e+00,0.000000e+00
1.000000e+00,0.000000e+00,0.000000e+00,0.000000e+00,0.000000e+00,0.000000e+00,0.000000e+00,0.000000e+00,0.000000e+00,0.000000e+00,0.000000e+00,0.000000e+00,0.000000e+00,0.000000e+00,0.000000e+00
1.000000e+00,0.000000e+00,0.000000e+00,0.000000e+00,0.000000e+00,0.000000e+00,0.000000e+00,0.000000e+00,0.000000e+00,0.000000e+00,0.000000e+00,0.000000e+00,0.000000e+00,0.000000e+00,0.000000e+00
1.000000e+00,0.000000e+00,0.000000e+00,0.000000e+00,0.000000e+00,0.000000e+00,0.000000e+00,0.000000e+00,0.000000e+00,0.000000e+00,0.000000e+00,0.000000e+00,0.000000e+00,0.000000e+00,0.000000e+00
1.000000e+00,0.000000e+00,0.000000e+00,0.000000e+00,0.000000e+00,0.000000e+00,0.000000e+00,0.000000e+00,0.000000e+00,0.000000e+00,0.000000e+00,0.000000e+00,0.000000e+00,0.000000e+00,0.000000e+00
1.000000e+00,0.000000e+00,0.000000e+00,0.000000e+00,0.000000e+00,0.000000e+00,0.000000e+00,0.000000e+00,0.000000e+00,0.000000e+00,0.000000e+00,0.000000e+00,0.000000e+00,0.000000e+00,0.000000e+00
1.000000e+00,0.000000e+00,0.000000e+00,0.000000e+00,0.000000e+00,0.000000e+00,0.000000e+00,0.000000e+00,0.000000e+00,0.000000e+00,0.000000e+00,0.000000e+00,0.000000e+00,0.000000e+00,0.000000e+00
1.000000e+00,0.000000e+00,0.000000e+00,0.000000e+00,0.000000e+00,0.000000e+00,0.000000e+00,0.000000e+00,0.000000e+00,0.000000e+00,0.000000e+00,0.000000e+00,0.000000e+00,0.000000e+00,0.000000e+00
1.000000e+00,0.000000e+00,0.000000e+00,0.000000e+00,0.000000e+00,0.000000e+00,0.000000e+00,0.000000e+00,0.000000e+00,0.000000e+00,0.000000e+00,0.000000e+00,0.000000e+00,0.000000e+00,0.000000e+00
1.000000e+00,0.000000e+00,0.000000e+00,0.000000e+00,0.000000e+00,0.000000e+00,0.000000e+00,0.000000e+00,0.000000e+00,0.000000e+00,0.000000e+00,0.000000e+00,0.000000e+00,0.000000e+00,0.000000e+00
1.000000e+00,0.000000e+00,0.000000e+00,0.000000e+00,0.000000e+00,0.000000e+00,0.000000e+00,0.000000e+00,0.000000e+00,0.000000e+00,0.000000e+00,0.000000e+00,0.000000e+00,0.000000e+00,0.000000e+00
1.000000e+00,0.000000e+00,0.000000e+00,0.000000e+00,0.000000e+00,0.000000e+00,0.000000e+00,0.000000e+00,0.000000e+00,0.000000e+00,0.000000e+00,0.000000e+00,0.000000e+00,0.000000e+00,0.000000e+00
1.000000e+00,0.000000e+00,0.000000e+00,0.000000e+00,0.000000e+00,0.000000e+00,0.000000e+00,0.000000e+00,0.000000e+00,0.000000e+00,0.000000e+00,0.000000e+00,0.000000e+00,0.000000e+00,0.000000e+00
1.000000e+00,0.000000e+00,0.000000e+00,0.000000e+00,0.000000e+00,0.000000e+00,0.000000e+00,0.000000e+00,0.000000e+00,0.000000e+00,0.000000e+00,0.000000e+00,0.000000e+00,0.000000e+00,0.000000e+00
1.000000e+00,0.000000e+00,0.000000e+00,0.000000e+00,0.000000e+00,0.000000e+00,0.000000e+00,0.000000e+00,0.000000e+00,0.000000e+00,0.000000e+00,0.000000e+00,0.000000e+00,0.000000e+00,0.000000e+00
1.000000e+00,0.000000e+00,0.000000e+00,0.000000e+00,0.000000e+00,0.000000e+00,0.000000e+00,0.000000e+00,0.000000e+00,0.000000e+00,0.000000e+00,0.000000e+00,0.000000e+00,0.000000e+00,0.000000e+00
1.000000e+00,0.000000e+00,0.000000e+00,0.000000e+00,0.000000e+00,0.000000e+00,0.000000e+00,0.000000e+00,0.000000e+00,0.000000e+00,0.000000e+00,0.000000e+00,0.000000e+00,0.000000e+00,0.000000e+00
1.000000e+00,0.000000e+00,0.000000e+00,0.000000e+00,0.000000e+00,0.000000e+00,0.000000e+00,0.000000e+00,0.000000e+00,0.000000e+00,0.000000e+00,0.000000e+00,0.000000e+00,0.000000e+00,0.000000e+00
1.000000e+00,0.000000e+00,0.000000e+00,0.000000e+00,0.000000e+00,0.000000e+00,0.000000e+00,0.000000e+00,0.000000e+00,0.000000e+00,0.000000e+00,0.000000e+00,0.000000e+00,0.000000e+00,0.000000e+00
1.000000e+00,0.000000e+00,0.000000e+00,0.000000e+00,0.000000e+00,0.000000e+00,0.000000e+00,0.000000e+00,0.000000e+00,0.000000e+00,0.000000e+00,0.000000e+00,0.000000e+00,0.000000e+00,0.000000e+00
1.000000e+00,0.000000e+00,0.000000e+00,0.000000e+00,0.000000e+00,0.000000e+00,0.000000e+00,0.000000e+00,0.000000e+00,0.000000e+00,0.000000e+00,0.000000e+00,0.000000e+00,0.000000e+00,0.000000e+00
1.000000e+00,0.000000e+00,0.000000e+00,0.000000e+00,0.000000e+00,0.000000e+00,0.000000e+00,0.000000e+00,0.000000e+00,0.000000e+00,0.000000e+00,0.000000e+00,0.000000e+00,0.000000e+00,0.000000e+00
1.000000e+00,0.000000e+00,0.000000e+00,0.000000e+00,0.000000e+00,0.000000e+00,0.000000e+00,0.000000e+00,0.000000e+00,0.000000e+00,0.000000e+00,0.000000e+00,0.000000e+00,0.000000e+00,0.000000e+00
1.000000e+00,0.000000e+00,0.000000e+00,0.000000e+00,0.000000e+00,0.000000e+00,0.000000e+00,0.000000e+00,0.000000e+00,0.000000e+00,0.000000e+00,0.000000e+00,0.000000e+00,0.000000e+00,0.000000e+00
1.000000e+00,0.000000e+00,0.000000e+00,0.000000e+00,0.000000e+00,0.000000e+00,0.000000e+00,0.000000e+00,0.000000e+00,0.000000e+00,0.000000e+00,0.000000e+00,0.000000e+00,0.000000e+00,0.000000e+00
1.000000e+00,0.000000e+00,0.000000e+00,0.000000e+00,0.000000e+00,0.000000e+00,0.000000e+00,0.000000e+00,0.000000e+00,0.000000e+00,0.000000e+00,0.000000e+00,0.000000e+00,0.000000e+00,0.000000e+00
1.000000e+00,0.000000e+00,0.000000e+00,0.000000e+00,0.000000e+00,0.000000e+00,0.000000e+00,0.000000e+00,0.000000e+00,0.000000e+00,0.000000e+00,0.000000e+00,0.000000e+00,0.000000e+00,0.000000e+00
1.000000e+00,0.000000e+00,0.000000e+00,0.000000e+00,0.000000e+00,0.000000e+00,0.000000e+00,0.000000e+00,0.000000e+00,0.000000e+00,0.000000e+00,0.000000e+00,0.000000e+00,0.000000e+00,0.000000e+00
1.000000e+00,0.000000e+00,0.000000e+00,0.000000e+00,0.000000e+00,0.000000e+00,0.000000e+00,0.000000e+00,0.000000e+00,0.000000e+00,0.000000e+00,0.000000e+00,0.000000e+00,0.000000e+00,0.000000e+00
1.000000e+00,0.000000e+00,0.000000e+00,0.000000e+00,0.000000e+00,0.000000e+00,0.000000e+00,0.000000e+00,0.000000e+00,0.000000e+00,0.000000e+00,0.000000e+00,0.000000e+00,0.000000e+00,0.000000e+00
1.000000e+00,0.000000e+00,0.000000e+00,0.000000e+00,0.000000e+00,0.000000e+00,0.000000e+00,0.000000e+00,0.000000e+00,0.000000e+00,0.000000e+00,0.000000e+00,0.000000e+00,0.000000e+00,0.000000e+00
1.000000e+00,0.000000e+00,0.000000e+00,0.000000e+00,0.000000e+00,0.000000e+00,0.000000e+00,0.000000e+00,0.000000e+00,0.000000e+00,0.000000e+00,0.000000e+00,0.000000e+00,0.000000e+00,0.000000e+00
1.000000e+00,0.000000e+00,0.000000e+00,0.000000e+00,0.000000e+00,0.000000e+00,0.000000e+00,0.000000e+00,0.000000e+00,0.000000e+00,0.000000e+00,0.000000e+00,0.000000e+00,0.000000e+00,0.000000e+00
1.000000e+00,0.000000e+00,0.000000e+00,0.000000e+00,0.000000e+00,0.000000e+00,0.000000e+00,0.000000e+00,0.000000e+00,0.000000e+00,0.000000e+00,0.000000e+00,0.000000e+00,0.000000e+00,0.000000e+00
1.000000e+00,0.000000e+00,0.000000e+00,0.000000e+00,0.000000e+00,0.000000e+00,0.000000e+00,0.000000e+00,0.000000e+00,0.000000e+00,0.000000e+00,0.000000e+00,0.000000e+00,0.000000e+00,0.000000e+00
1.000000e+00,0.000000e+00,0.000000e+00,0.000000e+00,0.000000e+00,0.000000e+00,0.000000e+00,0.000000e+00,0.000000e+00,0.000000e+00,0.000000e+00,0.000000e+00,0.000000e+00,0.000000e+00,0.000000e+00
1.000000e+00,0.000000e+00,0.000000e+00,0.000000e+00,0.000000e+00,0.000000e+00,0.000000e+00,0.000000e+00,0.000000e+00,0.000000e+00,0.000000e+00,0.000000e+00,0.000000e+00,0.000000e+00,0.000000e+00
1.000000e+00,0.000000e+00,0.000000e+00,0.000000e+00,0.000000e+00,0.000000e+00,0.000000e+00,0.000000e+00,0.000000e+00,0.000000e+00,0.000000e+00,0.000000e+00,0.000000e+00,0.000000e+00,0.000000e+00
1.000000e+00,0.000000e+00,0.000000e+00,0.000000e+00,0.000000e+00,0.000000e+00,0.000000e+00,0.000000e+00,0.000000e+00,0.000000e+00,0.000000e+00,0.000000e+00,0.000000e+00,0.000000e+00,0.000000e+00
4.274397e-01,1.016871e-01,6.735167e-02,2.141261e-01,1.410963e-02,1.824769e-02,5.972721e-03,1.546592e-02,1.738822e-02,3.109900e-03,1.509477e-02,2.477238e-02,1.812426e-02,5.497646e-03,5.161235e-02
4.948694e-01,8.492190e-02,5.253594e-02,1.808516e-01,1.471956e-02,1.817221e-02,5.684177e-03,1.362161e-02,1.829528e-02,2.739236e-03,1.739318e-02,2.390678e-02,1.972259e-02,5.952157e-03,4.661436e-02
4.299510e-01,7.746604e-02,5.992396e-02,2.715519e-01,1.465367e-02,1.519850e-02,4.605442e-03,1.346822e-02,1.538801e-02,2.190742e-03,1.580800e-02,2.129172e-02,1.626072e-02,4.827671e-03,3.741434e-02
4.353825e-01,6.220884e-02,1.101686e-01,2.323330e-01,1.427402e-02,1.466506e-02,4.292217e-03,1.312444e-02,1.256676e-02,2.108005e-03,2.143792e-02,2.432764e-02,1.615001e-02,4.385837e-03,3.257513e-02
1.000000e+00,0.000000e+00,0.000000e+00,0.000000e+00,0.000000e+00,0.000000e+00,0.000000e+00,0.000000e+00,0.000000e+00,0.000000e+00,0.000000e+00,0.000000e+00,0.000000e+00,0.000000e+00,0.000000e+00
1.000000e+00,0.000000e+00,0.000000e+00,0.000000e+00,0.000000e+00,0.000000e+00,0.000000e+00,0.000000e+00,0.000000e+00,0.000000e+00,0.000000e+00,0.000000e+00,0.000000e+00,0.000000e+00,0.000000e+00
1.000000e+00,0.000000e+00,0.000000e+00,0.000000e+00,0.000000e+00,0.000000e+00,0.000000e+00,0.000000e+00,0.000000e+00,0.000000e+00,0.000000e+00,0.000000e+00,0.000000e+00,0.000000e+00,0.000000e+00
1.000000e+00,0.000000e+00,0.000000e+00,0.000000e+00,0.000000e+00,0.000000e+00,0.000000e+00,0.000000e+00,0.000000e+00,0.000000e+00,0.000000e+00,0.000000e+00,0.000000e+00,0.000000e+00,0.000000e+00
1.000000e+00,0.000000e+00,0.000000e+00,0.000000e+00,0.000000e+00,0.000000e+00,0.000000e+00,0.000000e+00,0.000000e+00,0.000000e+00,0.000000e+00,0.000000e+00,0.000000e+00,0.000000e+00,0.000000e+00
1.000000e+00,0.000000e+00,0.000000e+00,0.000000e+00,0.000000e+00,0.000000e+00,0.000000e+00,0.000000e+00,0.000000e+00,0.000000e+00,0.000000e+00,0.000000e+00,0.000000e+00,0.000000e+00,0.000000e+00
4.057993e-01,1.004086e-02,2.203306e-02,3.468800e-02,7.192506e-03,1.572070e-01,1.488966e-02,2.462707e-02,7.808638e-03,1.542782e-02,3.340627e-02,2.226421e-02,1.488276e-02,8.610569e-03,2.211222e-01
2.864149e-01,7.163904e-03,1.547019e-02,2.557278e-02,5.452108e-03,1.534916e-01,1.112650e-02,1.780024e-02,6.710907e-03,1.248818e-02,5.191466e-02,1.724339e-02,1.543405e-02,1.034703e-02,3.633695e-01
2.006985e-01,6.512139e-03,1.109463e-02,1.886591e-02,6.199462e-03,1.298139e-01,8.121561e-03,1.331275e-02,4.467224e-02,1.428947e-02,6.956756e-02,2.302926e-02,9.324075e-02,3.917614e-02,3.214058e-01
1.443437e-01,1.085776e-02,8.442440e-03,1.589983e-02,2.852915e-02,9.999532e-02,6.006716e-03,1.163165e-02,1.442172e-01,1.119534e-02,6.955215e-02,1.683688e-02,6.906292e-02,5.008919e-02,3.133397e-01
1.058600e-01,1.102454e-02,6.342913e-03,1.250723e-02,3.102972e-02,8.401857e-02,4.503364e-03,9.638541e-03,2.965072e-01,8.871823e-03,6.045324e-02,1.242804e-02,5.134428e-02,4.814576e-02,2.573249e-01
7.509445e-02,9.130714e-03,4.491323e-03,9.158828e-03,2.589513e-02,6.302601e-02,3.212422e-03,6.913592e-03,4.065753e-01,7.469271e-03,6.231639e-02,9.064643e-03,3.743366e-02,4.274603e-02,2.374724e-01
5.312569e-02,8.965989e-03,3.272190e-03,6.956356e-03,2.211226e-02,4.542531e-02,2.318593e-03,5.350264e-03,4.464490e-01,6.867501e-03,9.591531e-02,7.657424e-03,3.225292e-02,6.845435e-02,1.948769e-01
3.741894e-02,6.732268e-03,3.030252e-03,7.377653e-03,1.767677e-02,3.226712e-02,1.738643e-03,2.157344e-02,5.568606e-01,5.851014e-03,7.736807e-02,6.519764e-03,2.629506e-02,5.817404e-02,1.411164e-01
2.665854e-02,5.618181e-03,2.271404e-02,2.373439e-02,1.896051e-02,2.422098e-02,1.330003e-03,1.837741e-02,6.240956e-01,4.390236e-03,5.774659e-02,4.862374e-03,1.943723e-02,4.749384e-02,1.003600e-01
1.923842e-02,4.608084e-03,1.735100e-02,1.923318e-02,3.696647e-02,1.811593e-02,1.205453e-03,1.423039e-02,6.827749e-01,3.559999e-03,4.631840e-02,3.594326e-03,1.619182e-02,4.307399e-02,7.353764e-02
1.369743e-02,3.603529e-03,1.236829e-02,1.358731e-02,2.793317e-02,1.330276e-02,8.844123e-04,1.029535e-02,7.565297e-01,2.649993e-03,4.094268e-02,2.598785e-03,1.248009e-02,3.606384e-02,5.306267e-02
9.687837e-03,2.807648e-03,8.737952e-03,9.585422e-03,2.016282e-02,9.743468e-03,6.494012e-04,7.264788e-03,8.146216e-01,1.948499e-03,3.197285e-02,1.866898e-03,9.425149e-03,3.175267e-02,3.977302e-02
6.869513e-03,2.082948e-03,6.348076e-03,6.801288e-03,1.420888e-02,6.996605e-03,4.598496e-04,5.099198e-03,8.660966e-01,1.458193e-03,2.329160e-02,1.332851e-03,6.884985e-03,2.321780e-02,2.885168e-02
5.606212e-03,2.539262e-03,5.368941e-03,4.961628e-03,1.006570e-02,5.386115e-03,3.443042e-04,3.621196e-03,8.951735e-01,1.332689e-03,1.736483e-02,1.047302e-03,5.175551e-03,1.967159e-02,2.234114e-02
6.385250e-03,5.641716e-03,4.633298e-03,3.857173e-03,7.573654e-03,6.083399e-03,3.266404e-04,2.892673e-03,8.274871e-01,1.773519e-03,2.024860e-02,1.359715e-03,6.068209e-03,6.406758e-02,4.160152e-02
9.100347e-03,1.484246e-02,8.794656e-03,3.312333e-03,6.908561e-03,5.570028e-03,4.291217e-04,2.382339e-03,7.378533e-01,3.092552e-03,1.933286e-02,1.422403e-03,6.730923e-03,7.617444e-02,1.040537e-01
8.599551e-03,2.582553e-02,7.698525e-03,2.855164e-03,6.981443e-03,4.569034e-03,5.778206e-04,1.972283e-03,6.534054e-01,5.522588e-03,1.576238e-02,1.172013e-03,9.039585e-03,1.086186e-01,1.474000e-01
1.125302e-02,4.189727e-02,1.825187e-02,3.338197e-03,1.108828e-02,7.143170e-03,7.107459e-04,5.235841e-03,5.231822e-01,1.052189e-02,1.234134e-02,9.991073e-04,8.948999e-03,1.418962e-01,2.031919e-01
1.176880e-02,5.039077e-02,6.011183e-02,4.676156e-03,1.024787e-02,6.983440e-03,6.760977e-04,4.249503e-03,4.168108e-01,3.523815e-02,1.157042e-02,1.179638e-03,9.465195e-03,1.100831e-01,2.665483e-01
1.096211e-02,3.650177e-02,2.858168e-01,6.376253e-03,1.004264e-02,5.584217e-03,5.504400e-04,4.340088e-03,3.056414e-01,3.758812e-02,9.704296e-03,9.831792e-04,7.137251e-03,7.974372e-02,1.990278e-01
2.145639e-02,3.564555e-02,2.250348e-01,7.436845e-03,2.059722e-02,7.005411e-03,7.578515e-04,5.182404e-03,2.878281e-01,6.362094e-02,1.107833e-02,1.503332e-03,8.132743e-03,8.109084e-02,2.236293e-01
2.859531e-02,3.014822e-02,1.931237e-01,6.171052e-03,3.883670e-02,8.857808e-03,1.307159e-03,5.318525e-03,2.770289e-01,8.420590e-02,1.604659e-02,1.665849e-03,8.906642e-03,8.831234e-02,2.114753e-01
2.661607e-02,3.269187e-02,1.530516e-01,1.191618e-02,3.569622e-02,8.309238e-03,1.595184e-03,9.507341e-03,3.024382e-01,8.869482e-02,2.173361e-02,3.228123e-03,1.662332e-02,8.101252e-02,2.068856e-01
2.260619e-02,6.467569e-02,1.100797e-01,1.115632e-02,2.711735e-02,7.024179e-03,1.191256e-03,7.608441e-03,2.980336e-01,9.404902e-02,1.693875e-02,2.524051e-03,1.362911e-02,6.528823e-02,2.580781e-01
2.270534e-02,6.918368e-02,9.266537e-02,2.641709e-02,2.347652e-02,6.192363e-03,1.102941e-03,2.059326e-02,3.241936e-01,8.394664e-02,1.278844e-02,2.009044e-03,1.058248e-02,4.975060e-02,2.543926e-01
2.642580e-02,8.308145e-02,1.032959e-01,4.280651e-02,2.194482e-02,5.092410e-03,9.141546e-04,1.716767e-02,3.168339e-01,6.672916e-02,9.716433e-03,1.678316e-03,9.038640e-03,3.710373e-02,2.581711e-01
3.338993e-02,9.847542e-02,1.079706e-01,3.280629e-02,1.998385e-02,1.288069e-02,9.569381e-04,2.361926e-02,2.623098e-01,5.193274e-02,8.361242e-03,1.621841e-03,8.084471e-03,3.239306e-02,3.052137e-01
3.291059e-02,8.669886e-02,1.123623e-01,2.412872e-02,1.702998e-02,1.893043e-02,8.580621e-04,2.323005e-02,2.069390e-01,3.819576e-02,6.493095e-03,1.377974e-03,7.491505e-03,2.642002e-02,3.969336e-01
2.935732e-02,9.277458e-02,1.013488e-01,1.767823e-02,1.330116e-02,1.066405e-01,8.198876e-04,1.737482e-02,1.856833e-01,3.893940e-02,5.978727e-03,1.450601e-03,1.242191e-02,3.045992e-02,3.457708e-01
2.697821e-02,1.101716e-01,8.024764e-02,1.286091e-02,1.039629e-02,1.180696e-01,8.194810e-04,1.243297e-02,1.963942e-01,5.288278e-02,5.533478e-03,2.265275e-03,2.028497e-02,2.691342e-02,3.237492e-01
2.642798e-02,1.523944e-01,6.111562e-02,1.759342e-02,8.203491e-03,8.783966e-02,7.048194e-04,1.011891e-02,2.124022e-01,4.683726e-02,4.884116e-03,4.123603e-03,1.780604e-02,2.102629e-02,3.285222e-01
2.261106e-02,1.648829e-01,4.750032e-02,1.511341e-02,6.318047e-03,6.538497e-02,5.796240e-04,7.449822e-03,2.083616e-01,4.165241e-02,3.922576e-03,4.590033e-03,1.596045e-02,2.125851e-02,3.744143e-01
1.743713e-02,1.390923e-01,3.678713e-02,1.180229e-02,6.160265e-03,4.753134e-02,4.793030e-04,5.850978e-03,2.171317e-01,3.259943e-02,3.481124e-03,3.732912e-03,1.353209e-02,2.069137e-02,4.436906e-01
1.290848e-02,1.161906e-01,2.714118e-02,8.636350e-03,4.754106e-03,3.384605e-02,3.549077e-04,4.179051e-03,2.700934e-01,2.429824e-02,3.146981e-03,2.732848e-03,1.127526e-02,2.744055e-02,4.530020e-01
9.530095e-03,9.288949e-02,1.931747e-02,6.550753e-03,4.617532e-03,2.425053e-02,3.197519e-04,3.053740e-03,3.903295e-01,1.796241e-02,2.746875e-03,2.196299e-03,1.748232e-02,3.099063e-02,3.777627e-01
6.894859e-03,6.747156e-02,1.357922e-02,7.004597e-03,3.466581e-03,1.720639e-02,2.337579e-04,2.208608e-03,5.603614e-01,1.283863e-02,2.229354e-03,1.669830e-03,1.416002e-02,2.211136e-02,2.685638e-01
5.457968e-03,7.103372e-02,9.577574e-03,8.112951e-03,3.786576e-03,1.307330e-02,1.811335e-04,1.654514e-03,6.449445e-01,9.786665e-03,3.228441e-03,1.260411e-03,1.221823e-02,1.683436e-02,1.988496e-01
3.863292e-03,5.838507e-02,6.882201e-03,8.484647e-03,2.750489e-03,9.179899e-03,1.281659e-04,1.161518e-03,7.387257e-01,6.997927e-03,2.398961e-03,1.002849e-03,8.875920e-03,1.180967e-02,1.393536e-01
2.919172e-03,4.361611e-02,4.967338e-03,6.054719e-03,1.959848e-03,6.515323e-03,9.686324e-05,8.202977e-04,7.850888e-01,5.655437e-03,3.068667e-03,9.376192e-04,7.755655e-03,1.393067e-02,1.166135e-01
2.188451e-03,3.711104e-02,4.285008e-03,5.023173e-03,1.508173e-03,4.634478e-03,7.591206e-05,5.819107e-04,8.358615e-01,4.264812e-03,2.440898e-03,1.053243e-03,6.572369e-03,1.041436e-02,8.398470e-02
4.396939e-03,5.257050e-02,4.817801e-03,4.451789e-03,1.769138e-03,3.870614e-03,9.891916e-05,5.331752e-04,6.780947e-01,5.434630e-03,3.902742e-03,1.310485e-03,1.928008e-02,1.567734e-02,2.037911e-01
5.295816e-03,4.313541e-02,1.113250e-02,1.253195e-02,3.327069e-03,3.501292e-03,2.395724e-04,1.104841e-03,6.853185e-01,4.944948e-03,6.163797e-03,1.979420e-03,2.172989e-02,1.219700e-02,1.873980e-01
4.727990e-03,4.492131e-02,1.484874e-02,1.102781e-02,2.772511e-03,3.906434e-03,1.932637e-04,1.290974e-03,5.247157e-01,4.782571e-03,6.346595e-03,1.950490e-03,1.829595e-02,1.217202e-02,3.480476e-01
9.433226e-03,4.058117e-02,7.183306e-02,2.969212e-02,1.050410e-02,6.039799e-03,3.323447e-04,7.736005e-03,4.635092e-01,8.393712e-03,8.282501e-03,4.519079e-03,1.958007e-02,1.224435e-02,3.073193e-01
2.354500e-02,4.219786e-02,8.914274e-02,3.499051e-02,2.825431e-02,1.511289e-02,8.870100e-04,2.105950e-02,4.223771e-01,1.145591e-02,8.645885e-03,6.290017e-03,2.639334e-02,1.131753e-02,2.583305e-01
3.136595e-02,4.303230e-02,1.643928e-01,3.705504e-02,3.744312e-02,1.550823e-02,4.203135e-03,5.164135e-02,3.327067e-01,1.239008e-02,7.747980e-03,6.377165e-03,4.027685e-02,8.925941e-03,2.069334e-01
3.264469e-02,4.089733e-02,1.611928e-01,3.149557e-02,4.998153e-02,1.886268e-02,2.767579e-02,1.164840e-01,2.604750e-01,1.106851e-02,6.060242e-03,5.020730e-03,6.760538e-02,6.909307e-03,1.636265e-01
4.295979e-02,4.354665e-02,1.196014e-01,2.497151e-02,5.243538e-02,2.185372e-02,2.964907e-02,1.521454e-01,2.876555e-01,9.166802e-03,6.101479e-03,4.121833e-03,7.165275e-02,5.161251e-03,1.289776e-01
7.089515e-02,4.380687e-02,8.685286e-02,1.905083e-02,4.764219e-02,1.944784e-02,2.832306e-02,1.785099e-01,3.364446e-01,7.791087e-03,5.570749e-03,4.207269e-03,5.355563e-02,3.896948e-03,9.400509e-02
8.704032e-02,3.717820e-02,6.410335e-02,1.557871e-02,4.093771e-02,1.744991e-02,5.420155e-02,2.059626e-01,3.177652e-01,6.646778e-03,5.193786e-03,5.284073e-03,6.959541e-02,3.110514e-03,6.995191e-02
8.498158e-02,4.545972e-02,4.594633e-02,1.170224e-02,3.431502e-02,1.428627e-02,4.651272e-02,2.183709e-01,3.091077e-01,7.020336e-03,4.946813e-03,6.020620e-03,1.079573e-01,3.047833e-03,6.032462e-02
1.080187e-01,5.352904e-02,3.696943e-02,1.017592e-02,2.887145e-02,1.428366e-02,4.753752e-02,1.787422e-01,2.906258e-01,7.843703e-03,4.156226e-03,8.792268e-03,1.430631e-01,2.878449e-03,6.451259e-02
1.176631e-01,5.323444e-02,4.948481e-02,9.795964e-03,2.573394e-02,1.414123e-02,6.765835e-02,1.571722e-01,2.513223e-01,8.260069e-03,4.696530e-03,9.365334e-03,1.472394e-01,3.577471e-03,8.065481e-02
1.368316e-01,4.050038e-02,6.056189e-02,9.184605e-03,2.367838e-02,1.599759e-02,6.975931e-02,1.181998e-01,1.917606e-01,1.483535e-02,6.152321e-03,1.225181e-02,1.381811e-01,4.824821e-03,1.572805e-01
1.241729e-01,3.099603e-02,6.119738e-02,9.654572e-03,1.951083e-02,2.085006e-02,5.679023e-02,8.617154e-02,1.404657e-01,2.803008e-02,7.458489e-03,1.184619e-02,1.701932e-01,6.359381e-03,2.263034e-01
1.181439e-01,2.659412e-02,5.316149e-02,1.000705e-02,1.812279e-02,1.942335e-02,9.690744e-02,6.254999e-02,1.053469e-01,2.829263e-02,2.821463e-02,1.238852e-02,1.660860e-01,8.015173e-03,2.467461e-01
8.789634e-02,2.044054e-02,3.791106e-02,9.202346e-03,1.420872e-02,2.015349e-02,1.631664e-01,4.633000e-02,1.001348e-01,2.286916e-02,4.424371e-02,1.081581e-02,1.478664e-01,3.777759e-02,2.369835e-01
6.489203e-02,1.516210e-02,2.675613e-02,6.883896e-03,1.537367e-02,1.741140e-02,2.187259e-01,3.505798e-02,7.785419e-02,4.129425e-02,6.504107e-02,9.979314e-03,1.097353e-01,7.351755e-02,2.223152e-01
4.683262e-02,1.091979e-02,1.889143e-02,5.919599e-03,1.425444e-02,1.685865e-02,1.669547e-01,2.537014e-02,8.108459e-02,5.284925e-02,1.231488e-01,1.130104e-02,8.287733e-02,1.235962e-01,2.191414e-01
3.433091e-02,7.889694e-03,1.335680e-02,4.770192e-03,1.312133e-02,1.399112e-02,1.237678e-01,1.809518e-02,6.669185e-02,5.043532e-02,1.954637e-01,1.224564e-02,6.228083e-02,2.007380e-01,1.828216e-01
2.810496e-02,5.778615e-03,9.661725e-03,4.928922e-03,1.194127e-02,1.083919e-02,9.171314e-02,1.363911e-02,5.356472e-02,4.445080e-02,2.534174e-01,1.392279e-02,4.549181e-02,2.272060e-01,1.853395e-01
2.113508e-02,4.146867e-03,6.988510e-03,4.427888e-03,9.760101e-03,8.309704e-03,6.903483e-02,1.043406e-02,4.446067e-02,4.939633e-02,2.764236e-01,1.738815e-02,3.449667e-02,2.882936e-01,1.553040e-01
1.606637e-02,3.551404e-03,5.234581e-03,5.652145e-03,1.937749e-02,7.998090e-03,5.058462e-02,8.314273e-03,4.029853e-02,4.238096e-02,3.351531e-01,1.365915e-02,2.504001e-02,2.775486e-01,1.491407e-01
1.416014e-02,3.126988e-03,3.786009e-03,5.333800e-03,1.793892e-02,7.669044e-03,3.603238e-02,6.560976e-03,3.688210e-02,6.114072e-02,3.756868e-01,1.210949e-02,1.842583e-02,2.549292e-01,1.462176e-01
1.141922e-02,2.577416e-03,2.739155e-03,5.004758e-03,1.654637e-02,6.588701e-03,2.564082e-02,5.061755e-03,3.096145e-02,1.090214e-01,3.937105e-01,1.230421e-02,1.389246e-02,2.389964e-01,1.255355e-01
1.009104e-02,2.485146e-03,2.439649e-03,5.089681e-03,1.722847e-02,6.355057e-03,1.964081e-02,4.642588e-03,2.555190e-02,1.262005e-01,3.855952e-01,1.342657e-02,1.231446e-02,2.727051e-01,9.623386e-02
9.916546e-03,2.668870e-03,2.119093e-03,4.575098e-03,1.598195e-02,5.877203e-03,1.461681e-02,3.796106e-03,2.117931e-02,1.189094e-01,3.863771e-01,1.227104e-02,1.033550e-02,3.179102e-01,7.346579e-02
9.066803e-03,2.468140e-03,1.740724e-03,4.092209e-03,1.580799e-02,4.705884e-03,1.058460e-02,3.149387e-03,1.711611e-02,9.488757e-02,4.257137e-01,1.043160e-02,9.153712e-03,3.386210e-01,5.246059e-02
7.986728e-03,2.638256e-03,2.043381e-03,5.636559e-03,4.644151e-02,1.756315e-02,2.167206e-02,3.894206e-03,1.808603e-02,7.953253e-02,3.470585e-01,8.889887e-03,1.433825e-02,3.866465e-01,3.757237e-02
6.009351e-03,2.296374e-03,2.135180e-03,5.513431e-03,5.195925e-02,1.488034e-02,1.756700e-02,3.404377e-03,1.515807e-02,5.912270e-02,4.598591e-01,8.340119e-03,2.937003e-02,2.977544e-01,2.663019e-02
1.604088e-02,3.269001e-03,2.184841e-02,5.659779e-03,3.989894e-02,3.888234e-02,1.955680e-02,1.513581e-02,1.323316e-02,4.968023e-02,4.627900e-01,1.108485e-02,3.242307e-02,2.473973e-01,2.309944e-02
2.127012e-02,1.383479e-02,2.735299e-02,7.258818e-03,6.546453e-02,6.332694e-02,2.194956e-02,1.784590e-02,4.848789e-02,5.159725e-02,3.866707e-01,1.168605e-02,3.780782e-02,2.058047e-01,1.964192e-02
3.182622e-02,2.496573e-02,3.627089e-02,6.693658e-03,5.765615e-02,9.456191e-02,1.913366e-02,3.956369e-02,1.016565e-01,4.120964e-02,3.340351e-01,1.046037e-02,3.340983e-02,1.526785e-01,1.587816e-02
3.300551e-02,2.509802e-02,3.132030e-02,5.960545e-03,5.110166e-02,9.320861e-02,1.442843e-02,1.786831e-01,1.178227e-01,3.488233e-02,2.479109e-01,9.057659e-03,2.692027e-02,1.169057e-01,1.369415e-02
3.014784e-02,1.936517e-02,3.279027e-02,6.336194e-03,4.668669e-02,6.764956e-02,1.361918e-02,3.690214e-01,8.887886e-02,2.626158e-02,1.770022e-01,7.062656e-03,2.119554e-02,8.391687e-02,1.006610e-02
3.933345e-02,2.942527e-02,6.414489e-02,1.281470e-02,5.878843e-02,6.887096e-02,1.901007e-02,3.122486e-01,1.220108e-01,3.555643e-02,1.259375e-01,6.057290e-03,2.633771e-02,5.957700e-02,1.988697e-02
4.145489e-02,5.288298e-02,7.949632e-02,1.622375e-02,6.963806e-02,5.846542e-02,2.323736e-02,2.781185e-01,1.582506e-01,3.643800e-02,8.946967e-02,5.860229e-03,2.599994e-02,4.247428e-02,2.199003e-02
3.528482e-02,4.521087e-02,6.666400e-02,1.865837e-02,6.738902e-02,4.260326e-02,1.809415e-02,3.647385e-01,1.814780e-01,2.639491e-02,6.365882e-02,4.619106e-03,1.915752e-02,3.004905e-02,1.599958e-02
2.942299e-02,3.635021e-02,5.324868e-02,1.569623e-02,5.522928e-02,3.102531e-02,1.383078e-02,4.919368e-01,1.574970e-01,1.873505e-02,4.577831e-02,3.475288e-03,1.478903e-02,2.112469e-02,1.186041e-02
2.772702e-02,3.405787e-02,5.841434e-02,1.642980e-02,4.491203e-02,2.322039e-02,1.242801e-02,5.546564e-01,1.362501e-01,1.442393e-02,3.551224e-02,3.034413e-03,1.353942e-02,1.493097e-02,1.046304e-02
2.913253e-02,3.714539e-02,4.608954e-02,1.254139e-02,3.684778e-02,2.891799e-02,1.232481e-02,5.073991e-01,1.516289e-01,1.081978e-02,2.745439e-02,2.832197e-03,7.559055e-02,1.068776e-02,1.058787e-02
2.782766e-02,4.161546e-02,3.558014e-02,1.012725e-02,2.760620e-02,3.123469e-02,9.309313e-03,3.750317e-01,1.348694e-01,8.460742e-03,2.101571e-02,2.583598e-03,2.566704e-01,7.553868e-03,1.051387e-02
2.449173e-02,1.322401e-01,5.997251e-02,2.715738e-02,2.034821e-02,2.319347e-02,6.932521e-03,2.649081e-01,1.284900e-01,2.008120e-02,2.194619e-02,2.914882e-03,1.892386e-01,6.219212e-03,7.186601e-02
2.304950e-02,9.869938e-02,4.526601e-02,2.776119e-02,1.646145e-02,1.978936e-02,7.044264e-03,1.869110e-01,1.095827e-01,1.523868e-02,1.897883e-02,4.879278e-03,3.514089e-01,5.506355e-03,6.942314e-02
2.322382e-02,1.044444e-01,3.723550e-02,2.934160e-02,1.293438e-02,1.823348e-02,5.767226e-03,1.316887e-01,1.022846e-01,1.725522e-02,1.852641e-02,1.015652e-02,3.388236e-01,1.543880e-02,1.346457e-01
2.090868e-02,9.386393e-02,2.942802e-02,4.794180e-02,1.047954e-02,1.696837e-02,4.561080e-03,9.289988e-02,1.371302e-01,1.935595e-02,2.088396e-02,1.367077e-02,3.381495e-01,2.103648e-02,1.327219e-01
1.997276e-02,7.025187e-02,2.141151e-02,4.720813e-02,8.473372e-03,1.900078e-02,3.705243e-03,6.605154e-02,1.101703e-01,1.424250e-02,2.710020e-02,3.067130e-02,4.467108e-01,1.523020e-02,9.979946e-02
1.787832e-02,5.475220e-02,1.604851e-02,4.053143e-02,8.433445e-03,1.616030e-02,3.073463e-03,4.675962e-02,1.029874e-01,1.084510e-02,1.997942e-02,4.098967e-02,5.364937e-01,1.098244e-02,7.408497e-02
1.344340e-02,4.210823e-02,1.201945e-02,2.993898e-02,6.712203e-03,4.207857e-02,2.353938e-03,3.287988e-02,8.427130e-02,7.946988e-03,1.709602e-02,4.707183e-02,5.986156e-01,8.649383e-03,5.481419e-02
1.114796e-02,3.112878e-02,8.669433e-03,2.308175e-02,5.063557e-03,5.921512e-02,1.883935e-03,2.316989e-02,6.527042e-02,5.759350e-03,1.783271e-02,5.115643e-02,6.506588e-01,6.328724e-03,3.963309e-02
2.804273e-02,2.922459e-02,7.092793e-03,2.233718e-02,4.227509e-03,5.043539e-02,2.163049e-03,1.665638e-02,6.027020e-02,4.328847e-03,1.685156e-02,5.575110e-02,6.682876e-01,5.133649e-03,2.919745e-02
2.413143e-02,2.223801e-02,5.205645e-03,1.688484e-02,4.802552e-03,4.684281e-02,1.738080e-03,1.193773e-02,5.514397e-02,3.169574e-03,1.431652e-02,5.274032e-02,7.160952e-01,3.776944e-03,2.097638e-02
2.147665e-02,1.936525e-02,4.880962e-03,1.272226e-02,6.157475e-03,4.474782e-02,1.696717e-03,8.933539e-03,6.187017e-02,3.967391e-03,1.316232e-02,6.833371e-02,7.061357e-01,3.087278e-03,2.346280e-02
2.177195e-02,1.578725e-02,5.451015e-03,1.225666e-02,9.223854e-03,3.928309e-02,2.555706e-03,2.061164e-02,9.227391e-02,9.288229e-03,1.377762e-02,7.089753e-02,6.482373e-01,2.576786e-03,3.600752e-02
2.384667e-02,2.024733e-02,7.311688e-03,1.426246e-02,9.795665e-03,3.196421e-02,2.821169e-03,4.741040e-02,1.617995e-01,1.345345e-02,1.341362e-02,7.115296e-02,5.329677e-01,3.092489e-03,4.646080e-02
3.287218e-02,2.178894e-02,1.450429e-02,1.367453e-02,1.311600e-02,2.583247e-02,5.147638e-03,7.640389e-02,2.526087e-01,1.249516e-02,1.100985e-02,5.911859e-02,4.073762e-01,2.910062e-03,5.114157e-02
7.795742e-02,2.462859e-02,1.307283e-02,1.652011e-02,2.335496e-02,2.958541e-02,8.750677e-03,7.061845e-02,2.612998e-01,1.180149e-02,9.077642e-03,4.565091e-02,3.580212e-01,3.039498e-03,4.662111e-02
1.145345e-01,2.735073e-02,1.157369e-02,1.785217e-02,3.496235e-02,4.027921e-02,1.000653e-02,6.566153e-02,2.932897e-01,9.490177e-03,7.166567e-03,3.545118e-02,2.897144e-01,2.611772e-03,4.005552e-02
9.388889e-02,2.099202e-02,1.423121e-02,1.648963e-02,3.662978e-02,3.464527e-02,1.043239e-02,2.268065e-01,2.647339e-01,6.799525e-03,5.343925e-03,2.574881e-02,2.125577e-01,1.975233e-03,2.872520e-02
7.209070e-02,1.522173e-02,1.098266e-02,1.306667e-02,3.578323e-02,2.648434e-02,1.787308e-02,3.866192e-01,2.236598e-01,4.772889e-03,3.799256e-03,1.814762e-02,1.498318e-01,1.406380e-03,2.026067e-02
7.297066e-02,1.336654e-02,1.383238e-02,1.312979e-02,3.519279e-02,2.117731e-02,1.742216e-02,4.707377e-01,1.977791e-01,3.457214e-03,3.303341e-03,1.325916e-02,1.083588e-01,1.079627e-03,1.493351e-02
8.048219e-02,1.972473e-02,1.148581e-02,1.136146e-02,3.519359e-02,1.916427e-02,1.448581e-02,4.743970e-01,2.230355e-01,2.577076e-03,3.496558e-03,9.756708e-03,8.196802e-02,8.768548e-04,1.199438e-02
7.298203e-02,2.140336e-02,2.419907e-02,3.100677e-02,5.047055e-02,1.707012e-02,1.230608e-02,5.105266e-01,1.751741e-01,2.200549e-03,4.122769e-03,8.749298e-03,5.922887e-02,7.711712e-04,9.788627e-03
6.262497e-02,1.843247e-02,2.132551e-02,2.646917e-02,5.406155e-02,1.373604e-02,1.119665e-02,6.001310e-01,1.301009e-01,1.703050e-03,3.496425e-03,6.579660e-03,4.235685e-02,5.942968e-04,7.191434e-03
5.128344e-02,1.589173e-02,2.090188e-02,2.125291e-02,5.267033e-02,1.089352e-02,1.299953e-02,6.708140e-01,9.789728e-02,1.428182e-03,2.951266e-03,4.846399e-03,3.026004e-02,4.558902e-04,5.453555e-03
4.566105e-02,1.250774e-02,1.866118e-02,1.608113e-02,5.109161e-02,8.295541e-03,1.381722e-02,7.304301e-01,7.050303e-02,1.130501e-03,2.391334e-03,3.524513e-03,2.154915e-02,3.491409e-04,4.006738e-03
5.563100e-02,1.627723e-02,1.671370e-02,1.309382e-02,5.458680e-02,7.866123e-03,1.418072e-02,7.367041e-01,5.426098e-02,1.983775e-03,2.907880e-03,3.652954e-03,1.706650e-02,5.313330e-04,4.543077e-03
6.189606e-02,1.559260e-02,1.567521e-02,1.032252e-02,4.667892e-02,7.488011e-03,1.277401e-02,7.562038e-01,4.378767e-02,3.298869e-03,3.055491e-03,3.921632e-03,1.329196e-02,8.806420e-04,5.132679e-03
7.268660e-02,1.279023e-02,1.418873e-02,9.122835e-03,5.058371e-02,6.217172e-03,1.025323e-02,7.612195e-01,3.578912e-02,2.700435e-03,2.923260e-03,3.374620e-03,1.216941e-02,1.064015e-03,4.917216e-03
7.582749e-02,1.058775e-02,1.340379e-02,8.406321e-03,5.519069e-02,5.269844e-03,8.289459e-03,7.671387e-01,3.106923e-02,2.664385e-03,2.852441e-03,2.892899e-03,9.602848e-03,1.193262e-03,5.610935e-03
8.842051e-02,8.946226e-03,1.149228e-02,7.432790e-03,7.374680e-02,6.615303e-03,6.191155e-03,7.389815e-01,2.736754e-02,3.635704e-03,3.371469e-03,2.915173e-03,7.443677e-03,2.246575e-03,1.119331e-02
1.143472e-01,1.025942e-02,1.135569e-02,9.167410e-03,1.055795e-01,1.619794e-02,4.904791e-03,5.968338e-01,6.298159e-02,4.843034e-03,9.794938e-03,5.460856e-03,9.971523e-03,9.389995e-03,2.891221e-02
1.205815e-01,1.034851e-02,1.038994e-02,1.583097e-02,1.103256e-01,1.584481e-02,4.877344e-03,4.804332e-01,1.330454e-01,5.161855e-03,1.756672e-02,6.867955e-03,1.148950e-02,2.068647e-02,3.655013e-02
1.140441e-01,1.229729e-02,1.263891e-02,1.994823e-02,8.170203e-02,2.002925e-02,3.976489e-03,3.427308e-01,1.806323e-01,8.055333e-03,8.287278e-02,1.287862e-02,1.747751e-02,4.735212e-02,4.336417e-02
1.628873e-01,1.210278e-02,1.057611e-02,1.584206e-02,6.270068e-02,2.601125e-02,3.395193e-03,2.439206e-01,1.703963e-01,8.139437e-03,1.226911e-01,1.581974e-02,2.040239e-02,7.754956e-02,4.756540e-02
1.845026e-01,1.292644e-02,1.259199e-02,1.341012e-02,4.818363e-02,2.531494e-02,3.656107e-03,1.733539e-01,1.977122e-01,7.509509e-03,1.305583e-01,1.536286e-02,2.210307e-02,9.658891e-02,5.622545e-02
2.377963e-01,1.383212e-02,1.348508e-02,1.177676e-02,3.595944e-02,3.638870e-02,3.558550e-03,1.223664e-01,1.820853e-01,7.036471e-03,1.246844e-01,1.740278e-02,1.948950e-02,1.172509e-01,5.688725e-02
3.860310e-01,1.098567e-02,1.488184e-02,1.112249e-02,2.690479e-02,3.521388e-02,3.100490e-03,8.663481e-02,1.403048e-01,7.739238e-03,9.628294e-02,1.711343e-02,1.668255e-02,1.026309e-01,4.437117e-02
4.032876e-01,9.904085e-03,1.605695e-02,1.142859e-02,2.119444e-02,3.257190e-02,2.667961e-03,6.280100e-02,1.475161e-01,8.727919e-03,9.525217e-02,1.980196e-02,1.963789e-02,1.136562e-01,3.549522e-02
3.631126e-01,9.360452e-03,1.437424e-02,1.211651e-02,1.687144e-02,2.875403e-02,2.219876e-03,4.475388e-02,1.734685e-01,8.882142e-03,9.413873e-02,1.994521e-02,2.311156e-02,1.561699e-01,3.272089e-02
2.683068e-01,8.304933e-03,5.263484e-02,1.375880e-02,1.802643e-02,2.164266e-02,2.072233e-03,4.329695e-02,2.207455e-01,1.111276e-02,9.395316e-02,1.680776e-02,2.213548e-02,1.811590e-01,2.604263e-02
1.909518e-01,7.160547e-03,2.236484e-01,1.932774e-02,1.878406e-02,1.584941e-02,1.728923e-03,4.499085e-02,2.004117e-01,1.201984e-02,7.526800e-02,1.226308e-02,1.709222e-02,1.406648e-01,1.983871e-02
1.407140e-01,1.322956e-02,3.112842e-01,1.730601e-02,2.444848e-02,1.175328e-02,1.677746e-03,5.757764e-02,1.754868e-01,3.435470e-02,5.609964e-02,8.773962e-03,1.270595e-02,1.122958e-01,2.229227e-02
1.040821e-01,3.992314e-02,3.525394e-01,4.274019e-02,2.619410e-02,8.727931e-03,1.382319e-03,5.469703e-02,1.635659e-01,4.677624e-02,4.059360e-02,6.352091e-03,9.492783e-03,7.927769e-02,2.365547e-02
7.419382e-02,4.555057e-02,4.487910e-01,4.758253e-02,2.001156e-02,6.746231e-03,1.008743e-03,3.936052e-02,1.423919e-01,5.098326e-02,2.999949e-02,4.836209e-03,7.885695e-03,5.563050e-02,2.502799e-02
5.456793e-02,1.174107e-01,3.512171e-01,3.808375e-02,1.458700e-02,5.532132e-03,7.339541e-04,2.805537e-02,1.421100e-01,4.700405e-02,2.734142e-02,4.255970e-03,7.810219e-03,4.215520e-02,1.191353e-01
4.624653e-02,1.580391e-01,2.668414e-01,2.953937e-02,1.405424e-02,8.269811e-03,5.850534e-04,2.025129e-02,1.750183e-01,6.486095e-02,2.789189e-02,3.581590e-03,8.543287e-03,3.360900e-02,1.426682e-01
7.057253e-02,1.443739e-01,1.960774e-01,2.571294e-02,6.052680e-02,2.340271e-02,1.549192e-03,1.755723e-02,2.523680e-01,4.664686e-02,2.167223e-02,2.776847e-03,8.103760e-03,2.432381e-02,1.043358e-01
7.880934e-02,1.312598e-01,1.631048e-01,1.428653e-01,7.212324e-02,3.279537e-02,4.501445e-03,2.396068e-02,1.942668e-01,3.354077e-02,1.821631e-02,2.474401e-03,7.310267e-03,1.734599e-02,7.742564e-02
6.744575e-02,1.193769e-01,1.402518e-01,2.102470e-01,7.401512e-02,8.776896e-02,1.141941e-02,1.876828e-02,1.452508e-01,2.707824e-02,1.661972e-02,2.481454e-03,7.848474e-03,1.233764e-02,5.909045e-02
4.999579e-02,1.494273e-01,1.205410e-01,2.091177e-01,5.933090e-02,9.158997e-02,1.057772e-02,1.823306e-02,1.149340e-01,2.153007e-02,2.530841e-02,3.935409e-03,6.781249e-02,9.261337e-03,4.840494e-02
3.853074e-02,1.180457e-01,9.632903e-02,1.780681e-01,6.520857e-02,1.205061e-01,1.071134e-02,1.539557e-02,8.581486e-02,1.756935e-02,3.139207e-02,1.781322e-02,1.605673e-01,7.017745e-03,3.703039e-02
3.149791e-02,8.501528e-02,6.973966e-02,1.279012e-01,4.885082e-02,9.096536e-02,9.613565e-03,1.119671e-02,6.350424e-02,1.757808e-02,3.339507e-02,3.017318e-02,3.452739e-01,5.371430e-03,2.992364e-02
6.754693e-02,6.153626e-02,4.974019e-02,9.077824e-02,3.614786e-02,7.490524e-02,8.010354e-03,8.069928e-03,4.591461e-02,1.406771e-02,3.999244e-02,4.958991e-02,4.271844e-01,4.219996e-03,2.229597e-02
9.885728e-02,4.776855e-02,4.957639e-02,6.832243e-02,2.791092e-02,6.043882e-02,7.087558e-03,7.874776e-03,3.671892e-02,1.418016e-02,6.711873e-02,5.746403e-02,4.338160e-01,4.533248e-03,1.833224e-02
1.386739e-01,3.731583e-02,4.041525e-02,5.176353e-02,2.409382e-02,4.700064e-02,6.527180e-03,1.088317e-02,7.173583e-02,1.857605e-02,9.369017e-02,5.547534e-02,3.581470e-01,2.799084e-02,1.771145e-02
1.654314e-01,2.914951e-02,4.318039e-02,4.085429e-02,2.274241e-02,4.148798e-02,7.814682e-03,2.114602e-02,7.672488e-02,1.943600e-02,1.413419e-01,4.972820e-02,2.921570e-01,3.103780e-02,1.776756e-02
2.120401e-01,2.402140e-02,6.640545e-02,3.389721e-02,2.032858e-02,6.355241e-02,7.050980e-03,2.122725e-02,6.783877e-02,1.907790e-02,1.372214e-01,4.561438e-02,2.239981e-01,3.582289e-02,2.190318e-02
3.070428e-01,1.971909e-02,7.620382e-02,3.931475e-02,1.630873e-02,5.683131e-02,6.319649e-03,2.188883e-02,7.589972e-02,1.617609e-02,1.109757e-01,3.697530e-02,1.661194e-01,3.069304e-02,1.953173e-02
2.801901e-01,1.752472e-02,6.418100e-02,3.879516e-02,1.694390e-02,4.461048e-02,5.340168e-03,2.091402e-02,9.702106e-02,2.036564e-02,1.633273e-01,3.822374e-02,1.349289e-01,3.409770e-02,2.353609e-02
2.502899e-01,1.432538e-02,4.646477e-02,3.185831e-02,1.284657e-02,4.255290e-02,4.133671e-03,1.540923e-02,1.362826e-01,1.874393e-02,2.057232e-01,3.204295e-02,1.014026e-01,6.730946e-02,2.061444e-02
2.030456e-01,1.417160e-02,3.358281e-02,2.441412e-02,1.030829e-02,4.357320e-02,3.125791e-03,1.156611e-02,1.626233e-01,1.530584e-02,2.404657e-01,2.761576e-02,7.613783e-02,1.082350e-01,2.582911e-02
