1.000000e+00,0.000000e+00,0.000000e+00,0.000000e+00,0.000000e+00,0.000000e+00,0.000000e+00,0.000000e+00,0.000000e+00,0.000000e+00,0.000000e+00,0.000000e+00,0.000000e+00,0.000000e+00,0.000000e+00
1.000000e+00,0.000000e+00,0.000000e+00,0.000000e+00,0.000000e+00,0.000000e+00,0.000000e+00,0.000000e+00,0.000000e+00,0.000000e+00,0.000000e+00,0.000000e+00,0.000000e+00,0.000000e+00,0.000000e+00
1.000000e+00,0.000000e+00,0.000000e+00,0.000000e+00,0.000000e+00,0.000000e+00,0.000000e+00,0.000000e+00,0.000000e+00,0.000000e+00,0.000000e+00,0.000000e+00,0.000000e+00,0.000000e+00,0.000000e+00
1.000000e+00,0.000000e+00,0.000000e+00,0.000000e+00,0.000000e+00,0.000000e+00,0.000000e+00,0.000000e+00,0.000000e+00,0.000000e+00,0.000000e+00,0.000000e+00,0.000000e+00,0.000000e+00,0.000000e+00
1.000000e+00,0.000000e+00,0.000000e+00,0.000000e+00,0.000000e+00,0.000000e+00,0.000000e+00,0.000000e+00,0.000000e+00,0.000000e+00,0.000000e+00,0.000000e+00,0.000000e+00,0.000000e+00,0.000000e+00
1.000000e+00,0.000000e+00,0.000000e+00,0.000000e+00,0.000000e+00,0.000000e+00,0.000000e+00,0.000000e+00,0.000000e+00,0.000000e+00,0.000000e+00,0.000000e+00,0.000000e+00,0.000000e+00,0.000000e+00
1.000000e+00,0.000000e+00,0.000000e+00,0.000000e+00,0.000000e+00,0.000000e+00,0.000000e+00,0.000000e+00,0.000000e+00,0.000000e+00,0.000000e+00,0.000000e+00,0.000000e+00,0.000000e+00,0.000000e+00
1.000000e+00,0.000000e+00,0.000000e+00,0.000000e+00,0.000000e+00,0.000000e+00,0.000000e+00,0.000000e+00,0.000000e+00,0.000000e+00,0.000000e+00,0.000000e+00,0.000000e+00,0.000000e+00,0.000000e+00
1.000000e+00,0.000000e+00,0.000000e+00,0.000000e+00,0.000000e+00,0.000000e+00,0.000000e+00,0.000000e+00,0.000000e+00,0.000000e+00,0.000000e+00,0.000000e+00,0.000000e+00,0.000000e+00,0.000000e+00
1.000000e+00,0.000000e+00,0.000000e+00,0.000000e+00,0.000000e+00,0.000000e+00,0.000000e+00,0.000000e+00,0.000000e+00,0.000000e+00,0.000000e+00,0.000000e+00,0.000000e+00,0.000000e+00,0.000000e+00
1.000000e+00,0.000000e+00,0.000000e+00,0.000000e+00,0.000000e+00,0.000000e+00,0.000000e+00,0.000000e+00,0.000000e+00,0.000000e+00,0.000000e+00,0.000000e+00,0.000000e+00,0.000000e+00,0.000000e+00
1.000000e+00,0.000000e+00,0.000000e+00,0.000000e+00,0.000000e+00,0.000000e+00,0.000000e+00,0.000000e+00,0.000000e+00,0.000000e+00,0.000000e+00,0.000000e+00,0.000000e+00,0.000000e+00,0.000000e+00
1.000000e+00,0.000000e+00,0.000000e+00,0.000000e+00,0.000000e+00,0.000000e+00,0.000000e+00,0.000000e+00,0.000000e+00,0.000000e+00,0.000000e+00,0.000000e+00,0.000000e+00,0.000000e+00,0.000000e+00
1.000000e+00,0.000000e+00,0.000000e+00,0.000000e+00,0.000000e+00,0.000000e+00,0.000000e+00,0.000000e+00,0.000000e+00,0.000000e+00,0.000000e+00,0.000000e+00,0.000000e+00,0.000000e+00,0.000000e+00
1.000000e+00,0.000000e+00,0.000000e+00,0.000000e+00,0.000000e+00,0.000000e+00,0.000000e+00,0.000000e+00,0.000000e+00,0.000000e+00,0.000000e+00,0.000000e+00,0.000000e+00,0.000000e+00,0.000000e+00
1.000000e+00,0.000000e+00,0.000000e+00,0.000000e+00,0.000000e+00,0.000000e+00,0.000000e+00,0.000000e+00,0.000000e+00,0.000000e+00,0.000000e+00,0.000000e+00,0.000000e+00,0.000000e+00,0.000000e+00
1.000000e+00,0.000000e+00,0.000000e+00,0.000000e+00,0.000000e+00,0.000000e+00,0.000000e+00,0.000000e+00,0.000000e+00,0.000000e+00,0.000000e+00,0.000000e+00,0.000000e+00,0.000000e+00,0.000000e+00
1.000000e+00,0.000000e+00,0.000000e+00,0.000000e+00,0.000000e+00,0.000000e+00,0.000000e+00,0.000000e+00,0.000000e+00,0.000000e+00,0.000000e+00,0.000000e+00,0.000000e+00,0.000000e+00,0.000000e+00
1.000000e+00,0.000000e+00,0.000000e+00,0.000000e+00,0.000000e+00,0.000000e+00,0.000000e+00,0.000000e+00,0.000000e+00,0.000000e+00,0.000000e+00,0.000000e+00,0.000000e+00,0.000000e+00,0.000000e+00
1.000000e+00,0.000000e+00,0.000000e+00,0.000000e+00,0.000000e+00,0.000000e+00,0.000000e+00,0.000000e+00,0.000000e+00,0.000000e+00,0.000000e+00,0.000000e+00,0.000000e+00,0.000000e+00,0.000000e+00
1.000000e+00,0.000000e+00,0.000000e+00,0.000000e+00,0.000000e+00,0.000000e+00,0.000000e+00,0.000000e+00,0.000000e+00,0.000000e+00,0.000000e+00,0.000000e+00,0.000000e+00,0.000000e+00,0.000000e+00
1.000000e+00,0.000000e+00,0.000000e+00,0.000000e+00,0.000000e+00,0.000000e+00,0.000000e+00,0.000000e+00,0.000000e+00,0.000000e+00,0.000000e+00,0.000000e+00,0.000000e+00,0.000000e+00,0.000000e+00
1.000000e+00,0.000000e+00,0.000000e+00,0.000000e+00,0.000000e+00,0.000000e+00,0.000000e+00,0.000000e+00,0.000000e+00,0.000000e+00,0.000000e+00,0.000000e+00,0.000000e+00,0.000000e+00,0.000000e+00
1.000000e+00,0.000000e+00,0.000000e+00,0.000000e+00,0.000000e+00,0.000000e+00,0.000000e+00,0.000000e+00,0.000000e+00,0.000000e+00,0.000000e+00,0.000000e+00,0.000000e+00,0.000000e+00,0.000000e+00
1.000000e+00,0.000000e+00,0.000000e+00,0.000000e+00,0.000000e+00,0.000000e+00,0.000000e+00,0.000000e+00,0.000000e+00,0.000000e+00,0.000000e+00,0.000000e+00,0.000000e+00,0.000000e+00,0.000000e+00
1.000000e+00,0.000000e+00,0.000000e+00,0.000000e+00,0.000000e+00,0.000000e+00,0.000000e+00,0.000000e+00,0.000000e+00,0.000000e+00,0.000000e+00,0.000000e+00,0.000000e+00,0.000000e+00,0.000000e+00
1.000000e+00,0.000000e+00,0.000000e+00,0.000000e+00,0.000000e+00,0.000000e+00,0.000000e+00,0.000000e+00,0.000000e+00,0.000000e+00,0.000000e+00,0.000000e+00,0.000000e+00,0.000000e+00,0.000000e+00
1.000000e+00,0.000000e+00,0.000000e+00,0.000000e+00,0.000000e+00,0.000000e+00,0.000000e+00,0.000000e+00,0.000000e+00,0.000000e+00,0.000000e+00,0.000000e+00,0.000000e+00,0.000000e+00,0.000000e+00
1.000000e+00,0.000000e+00,0.000000e+00,0.000000e+00,0.000000e+00,0.000000e+00,0.000000e+00,0.000000e+00,0.000000e+00,0.000000e+00,0.000000e+00,0.000000e+00,0.000000e+00,0.000000e+00,0.000000e+00
1.000000e+00,0.000000e+00,0.000000e+00,0.000000e+00,0.000000e+00,0.000000e+00,0.000000e+00,0.000000e+00,0.000000e+00,0.000000e+00,0.000000e+00,0.000000e+00,0.000000e+00,0.000000e+00,0.000000e+00
1.000000e+00,0.000000e+00,0.000000e+00,0.000000e+00,0.000000e+00,0.000000e+00,0.000000e+00,0.000000e+00,0.000000e+00,0.000000e+00,0.000000e+00,0.000000e+00,0.000000e+00,0.000000e+00,0.000000e+00
1.000000e+00,0.000000e+00,0.000000e+00,0.000000e+00,0.000000e+00,0.000000e+00,0.000000e+00,0.000000e+00,0.000000e+00,0.000000e+00,0.000000e+00,0.000000e+00,0.000000e+00,0.000000e+00,0.000000e+00
1.000000e+00,0.000000e+00,0.000000e+00,0.000000e+00,0.000000e+00,0.000000e+00,0.000000e+00,0.000000e+00,0.000000e+00,0.000000e+00,0.000000e+00,0.000000e+00,0.000000e+00,0.000000e+00,0.000000e+00
1.000000e+00,0.000000e+00,0.000000e+00,0.000000e+00,0.000000e+00,0.000000e+00,0.000000e+00,0.000000e+00,0.000000e+00,0.000000e+00,0.000000e+00,0.000000e+00,0.000000e+00,0.000000e+00,0.000000e+00
1.000000e+00,0.000000e+00,0.000000e+00,0.000000e+00,0.000000e+00,0.000000e+00,0.000000e+00,0.000000e+00,0.000000e+00,0.000000e+00,0.000000e+00,0.000000e+00,0.000000e+00,0.000000e+00,0.000000e+00
1.000000e+00,0.000000e+00,0.000000e+00,0.000000e+00,0.000000e+00,0.000000e+00,0.000000e+00,0.000000e+00,0.000000e+00,0.000000e+00,0.000000e+00,0.000000e+00,0.000000e+00,0.000000e+00,0.000000e+00
1.000000e+00,0.000000e+00,0.000000e+00,0.000000e+00,0.000000e+00,0.000000e+00,0.000000e+00,0.000000e+00,0.000000e+00,0.000000e+00,0.000000e+00,0.000000e+00,0.000000e+00,0.000000e+00,0.000000e+00
1.000000e+00,0.000000e+00,0.000000e+00,0.000000e+00,0.000000e+00,0.000000e+00,0.000000e+00,0.000000e+00,0.000000e+00,0.000000e+00,0.000000e+00,0.000000e+00,0.000000e+00,0.000000e+00,0.000000e+00
1.000000e+00,0.000000e+00,0.000000e+00,0.000000e+00,0.000000e+00,0.000000e+00,0.000000e+00,0.000000e+00,0.000000e+00,0.000000e+00,0.000000e+00,0.000000e+00,0.000000e+00,0.000000e+00,0.000000e+00
1.000000e+00,0.000000e+00,0.000000e+00,0.000000e+00,0.000000e+00,0.000000e+00,0.000000e+00,0.000000e+00,0.000000e+00,0.000000e+00,0.000000e+00,0.000000e+00,0.000000e+00,0.000000e+00,0.000000e+00
1.000000e+00,0.000000e+00,0.000000e+00,0.000000e+00,0.000000e+00,0.000000e+00,0.000000e+00,0.000000e+00,0.000000e+00,0.000000e+00,0.000000e+00,0.000000e+00,0.000000e+00,0.000000e+00,0.000000e+00
1.000000e+00,0.000000e+00,0.000000e+00,0.000000e+00,0.000000e+00,0.000000e+00,0.000000e+00,0.000000e+00,0.000000e+00,0.000000e+00,0.000000e+00,0.000000e+00,0.000000e+00,0.000000e+00,0.000000e+00
1.000000e+00,0.000000e+00,0.000000e+00,0.000000e+00,0.000000e+00,0.000000e+00,0.000000e+00,0.000000e+00,0.000000e+00,0.000000e+00,0.000000e+00,0.000000e+00,0.000000e+00,0.000000e+00,0.000000e+00
1.000000e+00,0.000000e+00,0.000000e+00,0.000000e+00,0.000000e+00,0.000000e+00,0.000000e+00,0.000000e+00,0.000000e+00,0.000000e+00,0.000000e+00,0.000000e+00,0.000000e+00,0.000000e+00,0.000000e+00
1.000000e+00,0.000000e+00,0.000000e+00,0.000000e+00,0.000000e+00,0.000000e+00,0.000000e+00,0.000000e+00,0.000000e+00,0.000000e+00,0.000000e+00,0.000000e+00,0.000000e+00,0.000000e+00,0.000000e+00
1.000000e+00,0.000000e+00,0.000000e+00,0.000000e+00,0.000000e+00,0.000000e+00,0.000000e+00,0.000000e+00,0.000000e+00,0.000000e+00,0.000000e+00,0.000000e+00,0.000000e+00,0.000000e+00,0.000000e+00
1.000000e+00,0.000000e+00,0.000000e+00,0.000000e+00,0.000000e+00,0.000000e+00,0.000000e+00,0.000000e+00,0.000000e+00,0.000000e+00,0.000000e+00,0.000000e+00,0.000000e+00,0.000000e+00,0.000000e+00
1.000000e+00,0.000000e+00,0.000000e+00,0.000000e+00,0.000000e+00,0.000000e+00,0.000000e+00,0.000000e+00,0.000000e+00,0.000000e+00,0.000000e+00,0.000000e+00,0.000000e+00,0.000000e+00,0.000000e+00
1.000000e+00,0.000000e+00,0.000000e+00,0.000000e+00,0.000000e+00,0.000000e+00,0.000000e+00,0.000000e+00,0.000000e+00,0.000000e+00,0.000000e+00,0.000000e+00,0.000000e+00,0.000000e+00,0.000000e+00
1.000000e+00,0.000000e+00,0.000000e+00,0.000000e+00,0.000000e+00,0.000000e+00,0.000000e+00,0.000000e+00,0.000000e+00,0.000000e+00,0.000000e+00,0.000000e+00,0.000000e+00,0.000000e+00,0.000000e+00
1.000000e+00,0.000000e+00,0.000000e+00,0.000000e+00,0.000000e+00,0.000000e+00,0.000000e+00,0.000000e+00,0.000000e+00,0.000000e+00,0.000000e+00,0.000000e+00,0.000000e+00,0.000000e+00,0.000000e+00
1.000000e+00,0.000000e+00,0.000000e+00,0.000000e+00,0.000000e+00,0.000000e+00,0.000000e+00,0.000000e+00,0.000000e+00,0.000000e+00,0.000000e+00,0.000000e+00,0.000000e+00,0.000000e+00,0.000000e+00
1.000000e+00,0.000000e+00,0.000000e+00,0.000000e+00,0.000000e+00,0.000000e+00,0.000000e+00,0.000000e+00,0.000000e+00,0.000000e+00,0.000000e+00,0.000000e+00,0.000000e+00,0.000000e+00,0.000000e+00
1.000000e+00,0.000000e+00,0.000000e+00,0.000000e+00,0.000000e+00,0.000000e+00,0.000000e+00,0.000000e+00,0.000000e+00,0.000000e+00,0.000000e+00,0.000000e+00,0.000000e+00,0.000000e+00,0.000000e+00
4.092006e-01,7.561312e-02,1.496318e-02,2.838646e-01,9.664381e-03,1.551100e-02,4.693726e-03,1.430421e-02,3.207593e-02,3.416773e-03,2.706389e-02,1.961082e-02,1.350553e-02,1.930879e-02,5.720333e-02
3.365043e-01,9.696762e-02,1.115901e-02,2.694025e-01,9.464681e-03,1.366081e-02,4.081382e-03,1.113951e-02,9.318588e-02,4.093770e-03,2.893519e-02,1.571530e-02,3.030760e-02,1.435092e-02,6.103145e-02
2.860426e-01,1.084785e-01,8.901336e-03,2.474097e-01,1.094258e-02,1.367616e-02,4.445938e-03,8.586222e-03,1.504524e-01,4.959326e-03,2.697686e-02,1.263901e-02,4.641880e-02,1.045389e-02,5.961659e-02
2.004992e-01,1.273585e-01,7.130468e-03,3.490195e-01,7.744406e-03,9.799737e-03,3.153142e-03,6.027744e-03,1.641444e-01,4.220784e-03,1.935373e-02,9.119610e-03,3.304588e-02,7.373890e-03,5.200892e-02
1.409785e-01,1.552193e-01,6.323877e-03,3.276122e-01,5.599069e-03,7.428569e-03,2.274091e-03,4.347370e-03,1.760527e-01,6.654061e-03,3.594821e-02,8.956447e-03,4.689609e-02,5.824785e-03,6.988461e-02
9.981532e-02,1.482981e-01,5.304432e-03,2.444986e-01,4.046685e-03,5.369273e-03,1.643467e-03,3.330634e-03,2.409454e-01,6.756408e-03,4.559578e-02,1.250551e-02,1.094768e-01,1.519121e-02,5.722239e-02
7.029396e-02,1.300600e-01,3.740886e-03,1.717507e-01,3.189505e-03,3.840024e-03,1.164507e-03,2.355214e-03,3.793662e-01,5.309590e-03,7.894570e-02,1.018410e-02,8.782217e-02,1.097144e-02,4.100585e-02
4.950162e-02,1.482271e-01,2.725776e-03,1.237810e-01,2.838464e-03,3.139605e-03,8.683711e-04,1.697417e-03,4.911091e-01,4.151476e-03,5.881935e-02,7.811004e-03,6.518027e-02,8.288720e-03,3.186073e-02
3.483719e-02,1.667496e-01,2.134393e-03,9.004930e-02,3.012931e-03,5.344150e-03,6.744502e-04,1.252610e-03,5.208055e-01,3.666683e-03,4.264582e-02,6.578594e-03,7.675292e-02,6.142994e-03,3.935289e-02
2.443413e-02,2.311403e-01,2.047672e-03,6.797014e-02,2.140071e-03,3.885403e-03,4.759178e-04,8.806177e-04,5.343439e-01,2.856007e-03,2.996941e-02,5.830929e-03,5.618793e-02,4.523745e-03,3.331384e-02
1.726739e-02,1.837169e-01,1.727537e-03,4.842646e-02,1.522108e-03,2.899838e-03,3.900542e-04,6.481866e-04,4.238267e-01,3.451098e-03,2.866370e-02,1.459679e-02,1.595619e-01,1.395175e-02,9.934966e-02
1.232603e-02,1.344513e-01,1.302158e-03,3.409358e-02,1.234265e-03,2.859627e-03,3.459231e-04,5.990898e-04,4.861737e-01,3.686489e-03,2.456661e-02,1.754409e-02,1.430184e-01,1.331044e-02,1.244884e-01
9.180489e-03,1.091190e-01,2.429879e-03,2.541862e-02,1.370728e-03,3.640675e-03,3.644048e-04,6.253152e-04,5.664670e-01,3.364414e-03,1.801742e-02,1.531004e-02,1.175248e-01,1.612117e-02,1.110460e-01
8.001284e-03,8.061959e-02,3.983612e-02,1.992348e-02,4.103813e-03,1.142759e-02,8.861200e-04,1.970645e-03,4.352742e-01,3.236237e-03,1.907910e-02,1.577591e-02,1.356170e-01,1.742748e-02,2.068214e-01
9.457236e-03,7.683720e-02,4.235499e-02,1.852593e-02,7.691597e-03,2.595363e-02,1.132698e-03,1.861003e-03,3.691872e-01,2.899303e-03,1.490925e-02,1.542765e-02,1.202691e-01,2.932975e-02,2.641635e-01
7.187728e-03,1.026248e-01,9.830812e-02,6.153996e-02,6.749590e-03,1.889373e-02,8.703175e-04,1.368096e-03,3.518778e-01,5.452995e-03,1.213911e-02,1.285860e-02,8.917095e-02,2.415273e-02,2.068055e-01
5.562319e-03,7.355347e-02,7.135698e-02,4.341805e-02,5.369232e-03,1.415109e-02,7.139469e-04,1.808124e-03,2.544351e-01,4.489870e-03,1.638892e-02,9.976744e-03,7.329652e-02,2.489550e-02,4.005842e-01
4.876476e-03,5.201070e-02,5.127958e-02,3.117118e-02,4.555757e-03,1.076603e-02,6.266281e-04,2.010620e-03,1.807959e-01,3.396143e-03,1.486396e-02,7.804574e-03,6.007023e-02,2.403325e-02,5.517390e-01
3.927854e-03,3.749892e-02,4.966807e-02,2.275189e-02,4.105821e-03,7.796303e-03,6.771048e-04,2.283937e-03,1.472611e-01,6.638055e-03,1.175904e-02,6.277279e-03,4.687870e-02,1.918961e-02,6.332863e-01
3.602825e-03,2.687430e-02,5.171470e-02,1.707038e-02,3.846532e-03,6.307872e-03,6.048257e-04,2.409509e-03,1.049936e-01,5.017994e-03,9.801050e-03,4.670730e-03,3.638449e-02,1.552816e-02,7.111731e-01
4.683065e-03,2.151568e-02,1.778700e-01,2.233323e-02,7.554174e-03,5.584301e-03,1.518881e-03,5.622961e-03,8.258388e-02,3.833293e-03,7.779545e-03,3.614019e-03,2.810312e-02,1.196352e-02,6.154403e-01
3.833878e-03,1.640935e-02,3.958054e-01,2.167330e-02,7.786453e-03,4.124926e-03,1.191097e-03,4.343254e-03,5.953174e-02,2.859035e-03,5.525031e-03,2.563788e-03,1.977646e-02,8.400572e-03,4.461757e-01
7.342962e-03,2.266227e-02,4.704558e-01,1.928170e-02,2.168600e-02,4.420037e-03,1.138829e-03,4.121593e-03,5.658288e-02,2.790416e-03,4.075524e-03,1.849907e-03,1.435100e-02,6.037063e-03,3.632041e-01
1.560623e-02,1.065452e-01,3.893567e-01,1.725201e-02,4.781971e-02,7.412252e-03,3.633197e-03,6.752738e-03,8.354000e-02,3.218699e-03,3.306869e-03,1.456924e-03,1.558360e-02,4.408156e-03,2.941077e-01
2.094049e-02,1.855064e-01,3.152302e-01,1.604880e-02,5.446918e-02,8.997673e-03,9.800475e-03,1.518631e-02,9.513687e-02,3.942792e-03,3.194946e-03,1.094086e-03,2.849247e-02,3.231116e-03,2.387282e-01
2.924367e-02,1.425955e-01,2.474759e-01,1.818008e-02,5.864536e-02,1.030631e-02,1.632318e-02,1.889637e-01,8.026153e-02,3.082346e-03,3.317273e-03,1.018988e-03,2.132012e-02,2.519179e-03,1.767469e-01
2.323207e-02,1.003156e-01,1.761177e-01,1.289200e-02,4.441912e-02,8.898593e-03,1.744649e-02,4.126173e-01,5.680916e-02,2.257773e-03,2.349448e-03,7.227215e-04,1.498234e-02,1.815036e-03,1.251245e-01
1.813022e-02,7.040933e-02,1.242542e-01,9.172813e-03,3.425059e-02,7.583858e-03,4.405314e-02,5.478970e-01,4.001116e-02,1.745485e-03,1.684863e-03,5.318243e-04,1.082313e-02,1.308441e-03,8.814392e-02
1.517186e-02,4.958294e-02,8.765144e-02,6.607957e-03,2.624805e-02,6.001551e-03,1.159223e-01,5.876977e-01,2.861021e-02,1.327033e-03,1.263505e-03,4.733281e-04,1.055147e-02,9.345177e-04,6.195608e-02
1.473154e-02,3.487229e-02,6.162144e-02,4.749689e-03,2.037806e-02,4.482005e-03,1.368867e-01,6.456341e-01,2.131436e-02,9.914817e-04,9.350691e-04,4.326598e-04,8.770110e-03,6.640831e-04,4.353636e-02
1.562209e-02,2.462692e-02,4.392612e-02,3.566605e-03,1.578058e-02,3.535896e-03,1.525446e-01,6.842036e-01,1.559123e-02,7.494714e-04,7.649456e-04,4.658984e-04,7.479427e-03,4.788346e-04,3.066373e-02
2.525418e-02,1.778908e-02,3.228756e-02,2.878332e-03,1.573707e-02,3.355816e-03,2.141609e-01,6.445054e-01,1.271852e-02,8.144496e-04,7.125203e-04,4.402076e-04,6.609235e-03,3.711039e-04,2.236560e-02
3.221502e-02,1.752755e-02,2.603182e-02,2.391982e-03,1.601975e-02,4.080115e-03,2.656690e-01,5.835595e-01,1.151855e-02,3.467776e-03,1.327151e-03,7.189754e-04,1.193171e-02,5.437834e-04,2.299729e-02
4.242668e-02,1.791762e-02,2.150816e-02,1.965718e-03,1.956775e-02,3.469299e-03,3.232682e-01,5.242999e-01,1.206593e-02,2.749159e-03,1.480766e-03,7.510582e-04,8.976281e-03,4.448860e-04,1.910856e-02
4.929447e-02,2.698748e-02,1.630549e-02,2.859379e-03,3.341754e-02,3.945304e-03,3.615207e-01,4.186119e-01,1.421089e-02,1.015298e-02,8.150170e-03,1.944509e-03,2.634680e-02,1.981246e-03,2.427108e-02
4.568588e-02,5.480327e-02,1.394887e-02,2.512935e-03,2.753982e-02,3.987881e-03,3.030286e-01,3.449666e-01,1.714101e-02,4.216982e-02,2.117176e-02,2.635547e-03,6.274807e-02,3.931269e-03,5.372870e-02
3.435260e-02,4.611403e-02,1.044827e-02,3.643767e-03,2.098426e-02,7.270542e-03,2.463626e-01,2.487116e-01,1.725417e-02,1.041260e-01,3.707481e-02,4.346074e-03,9.038234e-02,6.490521e-03,1.224384e-01
2.529882e-02,3.537988e-02,7.624341e-03,4.994275e-03,1.633226e-02,8.966285e-03,2.281289e-01,1.773168e-01,1.538560e-02,1.895918e-01,4.127830e-02,6.245692e-03,9.037489e-02,7.300259e-03,1.457819e-01
1.925533e-02,2.523926e-02,5.925266e-03,5.669898e-03,1.376281e-02,7.789968e-03,1.788376e-01,1.251153e-01,1.263254e-02,3.315184e-01,3.303993e-02,2.134594e-02,9.028505e-02,5.581127e-03,1.240016e-01
2.133033e-02,1.806293e-02,4.279619e-03,5.339549e-03,1.160912e-02,6.766025e-03,1.410452e-01,8.876716e-02,1.091011e-02,3.752002e-01,2.842928e-02,8.883514e-02,9.092708e-02,5.441889e-03,1.030564e-01
2.344696e-02,1.279788e-02,3.356607e-03,4.688113e-03,2.550711e-02,5.427370e-03,1.062290e-01,6.474940e-02,1.134321e-02,3.656633e-01,4.653347e-02,9.684119e-02,1.283622e-01,5.398467e-03,9.965576e-02
6.914974e-02,9.741097e-03,3.524522e-03,4.321593e-03,2.810783e-02,5.042657e-03,7.971112e-02,4.898138e-02,1.106320e-02,3.664194e-01,4.071766e-02,8.840285e-02,1.230851e-01,5.061635e-03,1.166702e-01
8.706871e-02,7.892788e-03,3.182948e-03,3.940501e-03,2.458213e-02,4.999757e-03,6.010969e-02,3.613131e-02,1.415033e-02,4.265189e-01,3.571819e-02,9.335738e-02,1.035684e-01,4.576676e-03,9.420233e-02
8.778425e-02,7.613111e-03,3.719524e-03,3.877131e-03,1.916895e-02,4.523091e-03,4.517839e-02,2.938576e-02,1.318730e-02,5.187637e-01,2.833302e-02,7.100643e-02,8.449708e-02,3.575847e-03,7.938638e-02
1.188981e-01,7.633374e-03,5.532359e-03,6.260281e-03,1.657960e-02,1.462391e-02,3.358699e-02,3.265930e-02,1.528472e-02,5.219005e-01,2.599034e-02,5.935541e-02,7.310938e-02,2.886644e-03,6.569903e-02
1.316879e-01,1.652198e-02,1.496039e-02,1.510727e-02,1.701822e-02,7.050065e-02,2.550775e-02,3.578971e-02,3.741917e-02,3.930408e-01,2.931329e-02,7.154837e-02,8.624855e-02,2.823733e-03,5.251222e-02
1.110169e-01,1.610523e-02,1.803426e-02,1.477418e-02,1.947516e-02,1.042840e-01,1.877297e-02,4.366887e-02,5.284400e-02,3.065269e-01,3.521093e-02,1.251866e-01,9.212831e-02,2.591960e-03,3.937977e-02
1.225471e-01,2.649182e-02,2.288155e-02,1.603460e-02,1.875767e-02,1.022102e-01,1.363556e-02,3.427726e-02,6.256429e-02,2.390295e-01,4.174642e-02,1.663263e-01,9.934233e-02,2.830001e-03,3.132546e-02
1.245366e-01,5.657828e-02,2.337516e-02,2.239585e-02,1.843919e-02,8.131974e-02,1.001932e-02,2.516110e-02,1.474887e-01,1.735998e-01,3.383074e-02,1.520819e-01,1.006253e-01,2.272875e-03,2.827537e-02
1.202971e-01,1.014292e-01,1.878377e-02,3.221847e-02,1.513396e-02,6.010583e-02,7.302544e-03,1.782047e-02,2.593806e-01,1.253878e-01,2.589651e-02,1.113914e-01,7.451027e-02,1.759938e-03,2.858206e-02
9.438421e-02,1.155052e-01,1.544674e-02,3.435339e-02,1.439844e-02,4.475949e-02,5.245736e-03,1.254199e-02,3.282090e-01,1.122560e-01,1.908663e-02,7.890265e-02,5.381509e-02,1.423370e-03,6.967207e-02
7.284936e-02,1.019603e-01,1.972056e-02,1.275275e-01,1.155936e-02,3.265249e-02,3.760178e-03,8.932497e-03,2.652760e-01,1.010196e-01,1.734441e-02,5.732041e-02,4.298972e-02,1.482924e-03,1.356046e-01
7.751472e-02,8.686044e-02,1.730575e-02,1.095241e-01,1.120861e-02,2.657349e-02,2.852701e-03,6.466200e-03,2.286630e-01,9.913423e-02,2.292112e-02,4.626996e-02,3.812333e-02,8.446991e-03,2.181353e-01
8.497006e-02,8.130790e-02,1.829991e-02,8.288524e-02,2.112379e-02,2.123328e-02,3.290868e-03,5.492786e-03,2.576660e-01,7.316037e-02,8.534200e-02,3.666779e-02,4.701515e-02,6.780300e-03,1.747646e-01
6.382376e-02,1.092157e-01,1.648280e-02,6.537148e-02,2.362817e-02,1.747527e-02,2.896463e-03,4.010072e-03,3.273674e-01,5.307298e-02,1.137268e-01,2.702761e-02,4.162267e-02,4.932336e-03,1.293465e-01
4.558120e-02,2.453299e-01,1.429341e-02,1.234457e-01,1.791267e-02,1.370273e-02,2.063587e-03,2.887771e-03,2.662804e-01,3.854986e-02,8.083972e-02,1.922488e-02,3.010637e-02,3.573515e-03,9.620821e-02
4.895905e-02,2.749216e-01,1.156595e-02,1.215904e-01,1.375992e-02,1.398921e-02,1.509066e-03,2.290613e-03,2.008860e-01,2.910550e-02,6.630650e-02,1.608688e-02,2.953139e-02,1.238374e-02,1.571142e-01
7.371864e-02,2.654105e-01,9.541809e-03,1.104566e-01,1.418832e-02,1.427579e-02,1.269109e-03,2.793206e-03,1.729824e-01,2.074089e-02,9.501554e-02,2.278104e-02,6.143665e-02,1.302846e-02,1.223611e-01
7.008517e-02,2.876416e-01,7.911170e-03,8.956990e-02,1.221242e-02,1.139126e-02,1.018228e-03,2.735662e-03,1.580200e-01,1.633701e-02,8.980314e-02,2.689997e-02,1.014312e-01,1.365302e-02,1.112903e-01
5.066974e-02,3.947781e-01,6.097729e-03,7.051137e-02,1.111224e-02,1.231043e-02,9.225269e-04,2.290423e-03,1.446647e-01,1.173083e-02,6.713320e-02,2.907925e-02,1.073861e-01,1.094669e-02,8.036676e-02
3.744235e-02,2.845925e-01,5.318045e-03,5.679867e-02,8.130892e-03,1.165688e-02,7.821564e-04,1.733519e-03,1.219202e-01,1.086713e-02,5.324084e-02,6.786189e-02,2.357164e-01,3.093489e-02,7.300366e-02
2.691088e-02,2.006654e-01,3.918888e-03,4.094014e-02,5.907642e-03,9.612396e-03,6.944803e-04,1.308468e-03,9.417531e-02,8.096438e-03,4.013170e-02,1.026371e-01,3.833000e-01,2.634217e-02,5.535915e-02
2.002765e-02,1.416817e-01,3.031004e-03,2.956150e-02,8.927137e-03,8.753510e-03,1.314782e-03,1.571511e-03,1.416798e-01,6.066399e-03,3.324635e-02,8.623924e-02,4.570159e-01,1.930222e-02,4.158136e-02
1.607822e-02,1.013109e-01,4.206521e-03,2.227788e-02,1.887825e-02,1.199906e-02,6.216880e-03,3.204716e-02,1.359591e-01,7.347679e-03,2.734619e-02,8.911809e-02,4.698205e-01,1.454274e-02,4.285086e-02
1.747862e-02,7.369433e-02,3.667905e-03,1.718826e-02,1.785526e-02,1.555691e-02,5.979195e-03,2.330818e-02,1.248915e-01,7.644449e-03,2.272619e-02,8.613076e-02,5.363546e-01,1.161050e-02,3.591342e-02
3.092363e-02,5.460388e-02,2.780620e-03,1.372708e-02,1.586407e-02,2.088089e-02,4.772941e-03,1.653560e-02,9.981487e-02,9.454232e-03,2.639530e-02,7.829211e-02,5.904959e-01,8.775113e-03,2.668384e-02
4.926295e-02,4.049606e-02,2.588947e-03,1.156366e-02,1.455222e-02,1.971944e-02,4.226732e-03,1.213179e-02,8.144910e-02,2.997719e-02,2.839872e-02,1.100171e-01,5.658187e-01,7.022122e-03,2.277531e-02
5.755597e-02,3.152601e-02,3.280169e-03,1.009166e-02,5.009093e-02,2.011837e-02,1.700814e-02,1.057833e-02,8.543656e-02,3.364679e-02,3.730673e-02,1.125164e-01,5.059153e-01,5.338658e-03,1.958999e-02
6.051522e-02,2.464892e-02,6.747738e-03,1.069009e-02,5.912605e-02,1.683543e-02,2.901438e-02,1.735199e-02,7.005667e-02,3.367689e-02,3.721521e-02,1.137529e-01,4.819304e-01,5.019078e-03,3.341904e-02
6.805867e-02,1.916866e-02,7.820006e-03,8.968878e-03,4.855360e-02,1.685073e-02,2.396885e-02,1.956320e-02,5.764025e-02,3.020910e-02,3.330681e-02,1.430632e-01,4.861036e-01,4.241140e-03,3.248330e-02
7.857278e-02,2.999986e-02,1.291251e-02,2.816056e-02,4.105607e-02,2.829105e-02,2.416853e-02,2.340141e-02,9.781188e-02,2.439789e-02,2.968080e-02,1.380508e-01,4.117221e-01,3.731102e-03,2.804261e-02
8.340513e-02,3.093908e-02,1.123256e-02,2.172358e-02,3.096791e-02,2.749153e-02,2.138793e-02,2.237048e-02,9.644578e-02,2.050580e-02,2.613035e-02,1.900138e-01,3.879280e-01,3.476566e-03,2.598153e-02
1.027547e-01,3.268017e-02,1.225675e-02,1.880177e-02,2.549663e-02,3.141122e-02,2.142857e-02,3.265198e-02,9.381644e-02,1.705640e-02,2.614212e-02,1.866412e-01,3.693244e-01,3.734061e-03,2.580350e-02
1.280053e-01,3.979759e-02,1.152461e-02,2.071109e-02,2.032640e-02,3.414469e-02,1.681689e-02,2.995574e-02,1.048296e-01,1.609577e-02,2.764596e-02,1.687592e-01,3.518990e-01,6.093290e-03,2.339488e-02
1.598040e-01,3.599432e-02,1.048896e-02,2.217508e-02,2.465494e-02,3.567783e-02,1.963488e-02,2.657529e-02,1.373630e-01,1.344865e-02,2.644380e-02,1.465624e-01,3.172092e-01,5.368700e-03,1.859899e-02
2.169838e-01,3.342634e-02,1.216378e-02,4.383628e-02,2.529683e-02,4.209732e-02,1.695853e-02,2.237120e-02,1.258344e-01,1.079049e-02,2.066063e-02,1.227558e-01,2.865228e-01,4.601986e-03,1.569996e-02
2.754300e-01,3.082667e-02,1.298845e-02,4.676814e-02,2.323963e-02,3.777539e-02,1.573038e-02,2.709567e-02,1.332441e-01,9.640155e-03,1.672375e-02,1.094825e-01,2.413679e-01,4.947579e-03,1.473970e-02
2.645847e-01,2.715753e-02,1.521627e-02,5.031300e-02,3.006327e-02,3.300574e-02,1.699740e-02,9.352679e-02,1.232391e-01,8.057235e-03,1.370648e-02,9.073367e-02,2.138290e-01,4.552576e-03,1.501720e-02
2.222336e-01,2.645382e-02,1.778026e-02,4.054184e-02,2.663747e-02,3.031833e-02,1.914590e-02,2.180178e-01,1.220404e-01,6.475321e-03,1.066380e-02,6.967321e-02,1.738911e-01,3.543250e-03,1.258397e-02
1.678586e-01,2.590496e-02,2.209432e-02,2.929317e-02,2.777197e-02,2.497975e-02,5.472978e-02,3.134050e-01,1.252619e-01,5.331832e-03,8.003037e-03,5.013762e-02,1.318951e-01,2.572280e-03,1.076075e-02
1.290158e-01,3.339875e-02,2.108655e-02,2.098325e-02,2.570735e-02,2.315707e-02,6.431341e-02,3.798970e-01,1.447318e-01,4.025032e-03,5.971108e-03,3.563494e-02,1.013115e-01,1.835011e-03,8.931385e-03
1.098252e-01,3.415599e-02,1.650183e-02,1.513122e-02,2.523194e-02,2.404851e-02,5.224571e-02,4.412627e-01,1.579320e-01,2.944736e-03,4.687638e-03,2.626881e-02,8.141422e-02,1.464099e-03,6.885442e-03
9.630835e-02,3.349124e-02,1.374762e-02,1.107460e-02,2.815005e-02,2.543277e-02,5.093007e-02,4.749366e-01,1.501272e-01,2.450726e-03,3.969743e-03,2.043912e-02,8.191058e-02,1.364635e-03,5.666703e-03
9.743060e-02,3.858033e-02,1.504365e-02,9.019747e-03,2.879626e-02,2.143812e-02,5.179181e-02,4.351416e-01,1.989072e-01,2.171065e-03,5.052513e-03,2.021565e-02,6.894194e-02,1.529735e-03,5.939774e-03
1.208461e-01,4.333646e-02,4.616297e-02,1.412469e-02,3.171657e-02,2.148254e-02,6.619886e-02,3.660965e-01,1.642866e-01,1.025370e-02,1.070533e-02,2.467929e-02,5.682069e-02,2.898531e-03,2.039123e-02
8.610259e-02,3.320317e-02,3.433952e-02,2.239647e-02,2.489748e-02,2.454250e-02,5.314790e-02,2.717888e-01,1.275684e-01,8.173476e-02,5.318332e-02,2.618462e-02,5.741157e-02,7.041140e-03,9.645771e-02
6.599817e-02,2.533032e-02,2.457020e-02,1.726237e-02,1.790596e-02,2.149573e-02,3.859572e-02,1.926466e-01,1.205641e-01,6.729350e-02,9.964490e-02,3.715192e-02,5.986104e-02,9.003717e-03,2.026757e-01
5.012963e-02,2.113936e-02,2.138183e-02,1.617143e-02,1.395227e-02,2.589209e-02,2.727132e-02,1.353026e-01,1.506662e-01,5.298423e-02,1.085119e-01,4.841807e-02,1.067516e-01,1.653400e-02,2.048935e-01
3.581857e-02,1.586626e-02,1.521687e-02,1.245813e-02,1.060235e-02,2.126487e-02,1.913819e-02,9.496292e-02,1.261507e-01,3.991041e-02,8.887909e-02,3.628507e-02,8.087704e-02,5.507682e-02,3.474928e-01
2.564343e-02,1.179375e-02,1.079056e-02,9.454379e-03,7.803156e-03,1.674409e-02,1.345468e-02,6.660025e-02,1.005241e-01,3.000483e-02,7.523913e-02,2.638647e-02,5.851903e-02,6.933445e-02,4.777077e-01
1.867907e-02,1.024914e-02,7.700689e-03,7.234676e-03,7.094168e-03,1.340801e-02,9.519236e-03,4.670101e-02,1.741495e-01,4.288428e-02,8.040422e-02,1.995376e-02,4.351695e-02,6.925247e-02,4.492529e-01
1.431953e-02,1.079621e-02,5.822146e-03,5.385208e-03,6.218388e-03,1.058583e-02,6.735248e-03,3.275568e-02,1.436294e-01,4.198386e-02,1.105908e-01,1.724623e-02,3.415185e-02,1.121202e-01,4.476594e-01
1.090819e-02,1.070327e-02,5.033707e-03,4.332369e-03,1.871925e-02,7.658239e-03,4.813033e-03,2.301604e-02,1.322280e-01,4.401169e-02,1.630047e-01,1.807268e-02,3.615448e-02,1.491938e-01,3.721506e-01
8.882150e-03,1.087955e-02,4.425968e-03,3.884391e-03,2.324517e-02,6.061969e-03,3.475038e-03,1.678955e-02,1.170306e-01,6.397508e-02,2.291928e-01,1.610232e-02,2.886842e-02,1.848011e-01,2.823859e-01
7.587081e-03,1.126098e-02,3.810281e-03,3.039819e-03,2.438279e-02,5.691317e-03,2.770213e-03,1.280469e-02,1.006293e-01,7.232822e-02,3.194703e-01,1.416589e-02,2.186676e-02,1.857990e-01,2.143935e-01
7.847710e-03,1.201221e-02,3.323681e-03,2.421897e-03,2.139230e-02,7.203095e-03,2.267489e-03,1.024007e-02,1.116106e-01,7.218400e-02,3.949006e-01,1.744920e-02,1.675478e-02,1.683752e-01,1.520173e-01
8.302918e-03,3.569778e-02,3.228867e-03,2.485179e-03,1.867476e-02,1.036511e-02,2.066229e-03,8.865979e-03,2.068999e-01,8.058237e-02,3.551636e-01,1.551543e-02,1.336751e-02,1.315570e-01,1.072274e-01
9.821139e-03,1.173041e-01,6.622219e-03,2.677431e-03,1.728226e-02,2.162151e-02,2.475992e-03,9.324972e-03,2.651417e-01,7.397941e-02,2.703792e-01,1.152366e-02,1.085853e-02,1.044845e-01,7.650351e-02
1.044807e-02,1.284437e-01,6.692879e-03,2.495398e-03,1.576063e-02,2.677797e-02,2.785232e-03,8.247681e-03,3.826752e-01,6.757476e-02,1.955666e-01,8.378080e-03,8.401628e-03,8.061942e-02,5.513263e-02
1.405318e-02,1.216555e-01,9.176557e-03,2.557758e-03,1.549295e-02,2.548973e-02,4.607256e-03,2.351052e-02,4.625180e-01,5.558591e-02,1.448501e-01,6.836119e-03,8.284347e-03,6.525022e-02,4.013177e-02
2.424502e-02,1.052200e-01,7.286248e-02,1.299896e-02,2.354899e-02,2.944689e-02,4.764060e-03,3.482206e-02,4.085423e-01,6.945477e-02,1.091105e-01,6.084849e-03,7.695169e-03,4.909950e-02,4.210442e-02
4.168953e-02,8.429757e-02,1.257307e-01,2.415993e-02,5.628291e-02,4.442617e-02,6.273464e-03,5.685670e-02,3.249420e-01,5.278369e-02,8.568968e-02,6.260234e-03,7.999449e-03,4.767216e-02,3.493581e-02
5.571388e-02,7.835223e-02,1.486231e-01,2.447015e-02,9.235779e-02,5.837680e-02,6.697907e-03,5.242205e-02,2.830306e-01,4.042913e-02,6.831061e-02,6.369040e-03,7.656808e-03,4.530957e-02,3.188024e-02
6.042629e-02,8.172249e-02,1.627807e-01,5.108880e-02,1.535652e-01,5.629915e-02,1.054274e-02,5.287775e-02,2.112796e-01,3.112677e-02,5.053268e-02,7.070001e-03,7.663555e-03,3.367624e-02,2.934811e-02
6.032167e-02,8.647127e-02,1.352537e-01,5.212152e-02,1.342929e-01,7.099018e-02,1.242177e-02,4.279048e-02,1.718617e-01,2.628338e-02,4.762894e-02,3.841148e-02,5.649143e-02,2.511606e-02,3.954347e-02
6.409007e-02,8.044845e-02,1.094638e-01,5.481195e-02,1.059007e-01,9.163225e-02,1.678116e-02,3.922021e-02,1.492155e-01,2.077964e-02,4.630937e-02,7.365353e-02,9.826568e-02,1.826512e-02,3.116246e-02
8.625157e-02,6.848344e-02,8.197718e-02,4.394481e-02,8.634172e-02,7.295609e-02,1.277398e-01,6.212281e-02,1.420378e-01,1.827886e-02,3.437174e-02,5.470259e-02,7.864382e-02,1.330507e-02,2.884264e-02
7.889166e-02,5.126977e-02,5.944688e-02,3.325701e-02,6.600951e-02,5.572550e-02,2.812349e-01,4.718883e-02,1.323366e-01,1.676044e-02,2.566387e-02,4.220063e-02,7.395878e-02,9.712691e-03,2.634284e-02
6.881087e-02,5.594398e-02,4.535499e-02,2.527693e-02,5.188387e-02,4.201439e-02,3.260478e-01,4.153848e-02,1.540049e-01,1.585987e-02,2.381197e-02,3.155738e-02,7.906212e-02,7.224170e-03,3.160825e-02
6.943350e-02,7.770877e-02,3.892243e-02,2.065203e-02,5.064705e-02,3.339471e-02,3.273517e-01,3.565060e-02,1.801268e-01,1.699879e-02,2.186540e-02,2.529064e-02,6.501094e-02,6.181302e-03,3.076523e-02
7.171440e-02,7.947525e-02,3.910115e-02,1.639238e-02,5.679840e-02,2.670663e-02,3.331279e-01,3.083389e-02,1.911463e-01,1.700018e-02,1.876162e-02,1.960314e-02,6.516787e-02,6.655397e-03,2.751541e-02
7.587913e-02,7.615336e-02,5.136544e-02,1.527646e-02,6.700419e-02,2.204348e-02,2.862892e-01,3.100364e-02,2.064482e-01,1.900138e-02,1.478520e-02,1.573803e-02,6.245695e-02,7.547846e-03,4.900739e-02
7.740936e-02,9.074844e-02,6.370099e-02,1.320710e-02,7.008230e-02,1.934822e-02,2.307569e-01,2.800034e-02,2.125487e-01,1.638099e-02,1.119902e-02,1.238640e-02,5.918061e-02,1.034726e-02,8.470336e-02
8.299945e-02,8.666748e-02,6.567518e-02,7.448304e-02,8.531559e-02,2.412327e-02,1.815929e-01,2.484480e-02,1.858467e-01,1.855999e-02,1.111195e-02,1.459209e-02,5.377623e-02,7.909110e-03,8.250231e-02
1.009023e-01,6.992251e-02,5.751549e-02,1.357691e-01,8.750904e-02,3.873650e-02,1.304887e-01,1.940323e-02,1.413428e-01,1.509487e-02,2.013040e-02,4.777070e-02,6.446519e-02,5.870986e-03,6.507826e-02
8.027798e-02,5.352989e-02,4.589536e-02,1.436396e-01,7.682049e-02,6.532238e-02,9.421475e-02,1.411694e-02,1.093415e-01,2.836750e-02,7.677210e-02,6.793989e-02,7.292573e-02,5.475017e-03,6.536081e-02
6.655066e-02,3.958749e-02,3.481133e-02,1.113566e-01,5.449861e-02,5.435159e-02,6.704397e-02,9.994454e-03,8.653852e-02,6.445738e-02,9.789470e-02,1.456034e-01,1.060967e-01,5.811737e-03,5.540280e-02
5.704496e-02,2.863513e-02,2.613719e-02,8.802862e-02,3.973844e-02,5.678571e-02,4.776255e-02,7.060208e-03,6.688429e-02,6.742917e-02,1.090587e-01,1.993692e-01,1.488242e-01,6.485538e-03,5.075609e-02
4.305246e-02,2.020084e-02,2.120049e-02,6.405129e-02,3.008354e-02,4.331185e-02,3.378747e-02,5.059127e-03,4.899806e-02,1.015980e-01,1.500120e-01,2.126395e-01,1.703133e-01,6.772334e-03,4.891982e-02
3.252050e-02,1.425246e-02,1.604211e-02,4.605401e-02,2.282354e-02,3.493910e-02,2.402681e-02,3.698121e-03,3.680892e-02,1.084279e-01,1.635583e-01,2.449224e-01,1.838888e-01,6.569038e-03,6.146792e-02
2.401387e-02,1.018243e-02,1.226441e-02,3.396198e-02,1.928661e-02,3.143454e-02,1.705366e-02,3.669628e-03,3.591046e-02,1.073580e-01,1.599945e-01,2.767721e-01,2.039408e-01,6.142945e-03,5.801393e-02
1.904562e-02,7.609855e-03,1.023439e-02,2.751641e-02,1.734262e-02,3.142779e-02,1.262332e-02,6.477464e-03,3.399441e-02,9.489331e-02,1.513436e-01,3.274930e-01,1.954201e-01,6.625315e-03,5.795292e-02
1.562433e-02,5.492888e-03,7.805750e-03,2.336036e-02,3.330825e-02,3.201876e-02,1.007911e-02,1.006805e-02,2.959034e-02,1.012209e-01,1.408736e-01,3.342471e-01,1.843353e-01,6.875035e-03,6.510025e-02
1.266677e-02,4.288525e-03,5.816020e-03,1.795510e-02,1.067350e-01,2.550825e-02,1.044661e-02,1.512043e-02,3.415573e-02,8.250593e-02,1.226012e-01,3.275664e-01,1.654624e-01,7.100507e-03,6.207116e-02
1.136552e-02,4.736639e-03,5.223468e-03,1.525656e-02,1.449929e-01,2.255152e-02,1.113999e-02,3.604918e-02,1.198653e-01,6.000881e-02,9.607328e-02,2.648245e-01,1.369680e-01,5.773742e-03,6.517062e-02
2.127079e-02,9.380876e-03,5.294409e-03,1.493042e-02,1.741870e-01,3.662033e-02,1.366465e-02,2.899731e-02,2.008196e-01,4.621787e-02,7.278943e-02,1.987256e-01,1.201416e-01,4.667487e-03,5.229277e-02
2.763173e-02,1.748652e-02,4.863290e-03,1.849365e-02,1.462655e-01,3.825598e-02,1.354972e-02,2.336119e-02,3.468822e-01,3.352824e-02,5.429886e-02,1.416976e-01,9.200224e-02,3.347737e-03,3.833559e-02
3.730209e-02,2.791303e-02,4.000171e-03,2.297864e-02,1.140673e-01,3.728551e-02,1.148764e-02,1.713415e-02,4.487506e-01,2.453749e-02,4.358437e-02,1.056144e-01,7.344743e-02,2.407215e-03,2.949004e-02
2.850734e-02,3.077796e-02,3.722912e-03,2.982142e-02,9.179796e-02,3.171544e-02,1.058998e-02,1.276759e-02,5.496695e-01,1.839380e-02,3.557726e-02,7.567317e-02,5.724624e-02,1.707818e-03,2.203166e-02
3.058781e-02,2.827287e-02,3.666232e-03,2.959169e-02,8.762318e-02,2.850595e-02,1.121537e-02,1.044183e-02,6.126980e-01,1.395126e-02,2.617545e-02,5.423198e-02,4.488729e-02,1.227821e-03,1.692329e-02
5.207276e-02,2.639649e-02,6.401991e-03,4.746295e-02,7.689849e-02,2.499940e-02,2.290369e-02,1.026284e-02,5.845065e-01,1.380002e-02,2.008835e-02,3.997425e-02,5.624318e-02,1.166573e-03,1.682251e-02
6.079111e-02,2.585523e-02,8.329754e-03,5.652195e-02,6.854869e-02,2.294765e-02,2.659264e-02,8.921162e-03,5.741750e-01,1.446554e-02,1.886170e-02,3.483373e-02,5.890993e-02,1.273545e-03,1.897234e-02
5.114625e-02,2.177267e-02,7.368670e-03,4.450398e-02,6.024711e-02,5.330560e-02,3.965296e-02,7.765830e-03,5.258408e-01,1.090872e-02,1.646005e-02,2.710690e-02,1.135800e-01,1.112499e-03,1.922788e-02
5.745304e-02,1.907375e-02,1.842600e-02,3.328091e-02,6.407855e-02,7.036448e-02,5.126356e-02,1.130567e-02,5.003033e-01,9.605771e-03,1.425461e-02,2.229846e-02,1.035538e-01,1.210045e-03,2.352811e-02
5.621893e-02,1.806960e-02,2.898029e-02,2.522695e-02,5.872156e-02,8.975506e-02,4.837324e-02,1.619771e-02,4.095978e-01,1.086751e-02,1.150015e-02,1.734449e-02,1.268120e-01,1.354650e-03,8.098004e-02
4.400441e-02,1.599816e-02,2.417140e-02,1.845149e-02,4.333093e-02,1.607884e-01,4.619893e-02,1.182073e-02,2.996149e-01,1.863473e-02,1.499238e-02,1.438516e-02,1.599871e-01,1.973434e-03,1.256480e-01
3.335990e-02,2.052768e-02,1.943705e-02,1.373615e-02,3.111972e-02,1.790793e-01,3.369938e-02,8.359239e-03,2.327253e-01,8.599840e-02,1.645532e-02,1.154934e-02,1.316095e-01,1.465450e-03,1.808783e-01
2.671860e-02,1.861976e-02,1.932854e-02,1.065958e-02,2.334845e-02,1.303719e-01,2.461914e-02,6.049233e-03,1.920363e-01,1.078863e-01,1.428227e-02,8.395744e-03,1.006347e-01,1.289411e-03,3.157601e-01
2.414424e-02,1.634848e-02,1.437042e-02,7.638829e-03,1.680844e-02,9.232885e-02,1.740001e-02,4.299906e-03,1.435599e-01,1.197222e-01,1.039548e-02,5.959795e-03,7.186902e-02,1.204495e-03,4.539499e-01
2.522575e-02,1.316321e-02,1.070026e-02,5.425545e-03,1.237909e-02,6.548649e-02,1.231670e-02,3.086885e-03,1.058980e-01,1.261588e-01,7.844167e-03,4.227923e-03,5.132490e-02,1.109600e-03,5.556527e-01
2.376196e-02,1.064264e-02,7.725446e-03,3.875006e-03,9.487726e-03,4.681094e-02,8.863076e-03,2.298050e-03,7.750151e-02,9.438922e-02,7.076057e-03,3.113216e-03,3.679080e-02,1.998930e-03,6.656654e-01
2.047818e-02,9.116844e-03,5.627842e-03,2.799983e-03,7.782414e-03,3.343871e-02,6.429729e-03,1.684281e-03,6.559118e-02,6.968940e-02,1.549782e-02,2.484900e-03,2.709883e-02,1.100571e-02,7.212742e-01
1.730918e-02,7.395711e-03,4.112514e-03,2.129824e-03,5.993722e-03,2.380677e-02,4.904422e-03,1.380519e-03,7.087485e-02,5.035472e-02,2.405412e-02,2.166935e-03,2.089113e-02,1.667881e-02,7.479468e-01
1.425639e-02,5.588082e-03,2.938266e-03,1.584629e-03,4.545404e-03,1.700605e-02,3.753764e-03,1.111467e-03,2.240327e-01,3.564546e-02,2.939674e-02,1.982769e-03,1.868842e-02,1.864878e-02,6.208211e-01
1.121266e-02,4.704590e-03,2.142440e-03,1.314427e-03,3.615678e-03,1.224035e-02,3.095698e-03,1.101834e-03,3.550784e-01,2.541165e-02,3.288655e-02,2.114449e-03,1.756155e-02,1.802876e-02,5.094910e-01
1.026531e-02,3.945664e-03,1.721931e-03,2.040248e-03,3.659239e-03,1.046579e-02,3.063808e-03,1.885952e-03,4.552088e-01,1.959932e-02,3.646308e-02,5.727042e-03,1.955678e-02,2.068694e-02,4.057101e-01
7.468666e-03,3.003526e-03,1.459824e-03,2.024505e-03,2.878465e-03,8.458050e-03,2.246558e-03,2.435255e-03,4.584852e-01,1.771808e-02,9.399027e-02,9.554237e-03,3.357230e-02,2.415113e-02,3.325539e-01
5.369975e-03,2.362277e-03,1.260855e-03,2.413339e-03,2.403434e-03,7.046361e-03,1.614731e-03,1.945078e-03,4.529259e-01,1.712966e-02,1.480390e-01,1.068327e-02,5.361593e-02,2.336562e-02,2.698247e-01
3.829057e-03,1.825767e-03,1.597546e-03,2.418403e-03,2.432414e-03,5.273400e-03,1.171370e-03,1.663303e-03,4.013759e-01,1.521202e-02,1.939376e-01,9.704465e-03,7.472669e-02,2.024981e-02,2.645823e-01
2.766963e-03,1.387233e-03,1.861878e-03,2.268060e-03,2.060858e-03,4.077165e-03,9.362353e-04,2.096485e-03,3.142277e-01,1.432125e-02,2.562042e-01,1.533272e-02,9.259798e-02,1.946499e-02,2.703964e-01
