1.000000e+00,0.000000e+00,0.000000e+00,0.000000e+00,0.000000e+00,0.000000e+00,0.000000e+00,0.000000e+00,0.000000e+00,0.000000e+00,0.000000e+00,0.000000e+00,0.000000e+00,0.000000e+00,0.000000e+00
1.000000e+00,0.000000e+00,0.000000e+00,0.000000e+00,0.000000e+00,0.000000e+00,0.000000e+00,0.000000e+00,0.000000e+00,0.000000e+00,0.000000e+00,0.000000e+00,0.000000e+00,0.000000e+00,0.000000e+00
1.000000e+00,0.000000e+00,0.000000e+00,0.000000e+00,0.000000e+00,0.000000e+00,0.000000e+00,0.000000e+00,0.000000e+00,0.000000e+00,0.000000e+00,0.000000e+00,0.000000e+00,0.000000e+00,0.000000e+00
1.000000e+00,0.000000e+00,0.000000e+00,0.000000e+00,0.000000e+00,0.000000e+00,0.000000e+00,0.000000e+00,0.000000e+00,0.000000e+00,0.000000e+00,0.000000e+00,0.000000e+00,0.000000e+00,0.000000e+00
1.000000e+00,0.000000e+00,0.000000e+00,0.000000e+00,0.000000e+00,0.000000e+00,0.000000e+00,0.000000e+00,0.000000e+00,0.000000e+00,0.000000e+00,0.000000e+00,0.000000e+00,0.000000e+00,0.000000e+00
1.000000e+00,0.000000e+00,0.000000e+00,0.000000e+00,0.000000e+00,0.000000e+00,0.000000e+00,0.000000e+00,0.000000e+00,0.000000e+00,0.000000e+00,0.000000e+00,0.000000e+00,0.000000e+00,0.000000e+00
1.000000e+00,0.000000e+00,0.000000e+00,0.000000e+00,0.000000e+00,0.000000e+00,0.000000e+00,0.000000e+00,0.000000e+00,0.000000e+00,0.000000e+00,0.000000e+00,0.000000e+00,0.000000e+00,0.000000e+00
1.000000e+00,0.000000e+00,0.000000e+00,0.000000e+00,0.000000e+00,0.000000e+00,0.000000e+00,0.000000e+00,0.000000e+00,0.000000e+00,0.000000e+00,0.000000e+00,0.000000e+00,0.000000e+00,0.000000e+00
1.000000e+00,0.000000e+00,0.000000e+00,0.000000e+00,0.000000e+00,0.000000e+00,0.000000e+00,0.000000e+00,0.000000e+00,0.000000e+00,0.000000e+00,0.000000e+00,0.000000e+00,0.000000e+00,0.000000e+00
1.000000e+00,0.000000e+00,0.000000e+00,0.000000e+00,0.000000e+00,0.000000e+00,0.000000e+00,0.000000e+00,0.000000e+00,0.000000e+00,0.000000e+00,0.000000e+00,0.000000e+00,0.000000e+00,0.000000e+00
1.000000e+00,0.000000e+00,0.000000e+00,0.000000e+00,0.000000e+00,0.000000e+00,0.000000e+00,0.000000e+00,0.000000e+00,0.000000e+00,0.000000e+00,0.000000e+00,0.000000e+00,0.000000e+00,0.000000e+00
1.000000e+00,0.000000e+00,0.000000e+00,0.000000e+00,0.000000e+00,0.000000e+00,0.000000e+00,0.000000e+00,0.000000e+00,0.000000e+00,0.000000e+00,0.000000e+00,0.000000e+00,0.000000e+00,0.000000e+00
1.000000e+00,0.000000e+00,0.000000e+00,0.000000e+00,0.000000e+00,0.000000e+00,0.000000e+00,0.000000e+00,0.000000e+00,0.000000e+00,0.000000e+00,0.000000e+00,0.000000e+00,0.000000e+00,0.000000e+00
1.000000e+00,0.000000e+00,0.000000e+00,0.000000e+00,0.000000e+00,0.000000e+00,0.000000e+00,0.000000e+00,0.000000e+00,0.000000e+00,0.000000e+00,0.000000e+00,0.000000e+00,0.000000e+00,0.000000e+00
1.000000e+00,0.000000e+00,0.000000e+00,0.000000e+00,0.000000e+00,0.000000e+00,0.000000e+00,0.000000e+00,0.000000e+00,0.000000e+00,0.000000e+00,0.000000e+00,0.000000e+00,0.000000e+00,0.000000e+00
1.000000e+00,0.000000e+00,0.000000e+00,0.000000e+00,0.000000e+00,0.000000e+00,0.000000e+00,0.000000e+00,0.000000e+00,0.000000e+00,0.000000e+00,0.000000e+00,0.000000e+00,0.000000e+00,0.000000e+00
1.000000e+00,0.000000e+00,0.000000e+00,0.000000e+00,0.000000e+00,0.000000e+00,0.000000e+00,0.000000e+00,0.000000e+00,0.000000e+00,0.000000e+00,0.000000e+00,0.000000e+00,0.000000e+00,0.000000e+00
1.000000e+00,0.000000e+00,0.000000e+00,0.000000e+00,0.000000e+00,0.000000e+00,0.000000e+00,0.000000e+00,0.000000e+00,0.000000e+00,0.000000e+00,0.000000e+00,0.000000e+00,0.000000e+00,0.000000e+00
1.000000e+00,0.000000e+00,0.000000e+00,0.000000e+00,0.000000e+00,0.000000e+00,0.000000e+00,0.000000e+00,0.000000e+00,0.000000e+00,0.000000e+00,0.000000e+00,0.000000e+00,0.000000e+00,0.000000e+00
1.000000e+00,0.000000e+00,0.000000e+00,0.000000e+00,0.000000e+00,0.000000e+00,0.000000e+00,0.000000e+00,0.000000e+00,0.000000e+00,0.000000e+00,0.000000e+00,0.000000e+00,0.000000e+00,0.000000e+00
1.000000e+00,0.000000e+00,0.000000e+00,0.000000e+00,0.000000e+00,0.000000e+00,0.000000e+00,0.000000e+00,0.000000e+00,0.000000e+00,0.000000e+00,0.000000e+00,0.000000e+00,0.000000e+00,0.000000e+00
1.000000e+00,0.000000e+00,0.000000e+00,0.000000e+00,0.000000e+00,0.000000e+00,0.000000e+00,0.000000e+00,0.000000e+00,0.000000e+00,0.000000e+00,0.000000e+00,0.000000e+00,0.000000e+00,0.000000e+00
1.000000e+00,0.000000e+00,0.000000e+00,0.000000e+00,0.000000e+00,0.000000e+00,0.000000e+00,0.000000e+00,0.000000e+00,0.000000e+00,0.000000e+00,0.000000e+00,0.000000e+00,0.000000e+00,0.000000e+00
1.000000e+00,0.000000e+00,0.000000e+00,0.000000e+00,0.000000e+00,0.000000e+00,0.000000e+00,0.000000e+00,0.000000e+00,0.000000e+00,0.000000e+00,0.000000e+00,0.000000e+00,0.000000e+00,0.000000e+00
1.000000e+00,0.000000e+00,0.000000e+00,0.000000e+00,0.000000e+00,0.000000e+00,0.000000e+00,0.000000e+00,0.000000e+00,0.000000e+00,0.000000e+00,0.000000e+00,0.000000e+00,0.000000e+00,0.000000e+00
1.000000e+00,0.000000e+00,0.000000e+00,0.000000e+00,0.000000e+00,0.000000e+00,0.000000e+00,0.000000e+00,0.000000e+00,0.000000e+00,0.000000e+00,0.000000e+00,0.000000e+00,0.000000e+00,0.000000e+00
1.000000e+00,0.000000e+00,0.000000e+00,0.000000e+00,0.000000e+00,0.000000e+00,0.000000e+00,0.000000e+00,0.000000e+00,0.000000e+00,0.000000e+00,0.000000e+00,0.000000e+00,0.000000e+00,0.000000e+00
1.000000e+00,0.000000e+00,0.000000e+00,0.000000e+00,0.000000e+00,0.000000e+00,0.000000e+00,0.000000e+00,0.000000e+00,0.000000e+00,0.000000e+00,0.000000e+00,0.000000e+00,0.000000e+00,0.000000e+00
1.000000e+00,0.000000e+00,0.000000e+00,0.000000e+00,0.000000e+00,0.000000e+00,0.000000e+00,0.000000e+00,0.000000e+00,0.000000e+00,0.000000e+00,0.000000e+00,0.000000e+00,0.000000e+00,0.000000e+00
1.000000e+00,0.000000e+00,0.000000e+00,0.000000e+00,0.000000e+00,0.000000e+00,0.000000e+00,0.000000e+00,0.000000e+00,0.000000e+00,0.000000e+00,0.000000e+00,0.000000e+00,0.000000e+00,0.000000e+00
1.000000e+00,0.000000e+00,0.000000e+00,0.000000e+00,0.000000e+00,0.000000e+00,0.000000e+00,0.000000e+00,0.000000e+00,0.000000e+00,0.000000e+00,0.000000e+00,0.000000e+00,0.000000e+00,0.000000e+00
1.000000e+00,0.000000e+00,0.000000e+00,0.000000e+00,0.000000e+00,0.000000e+00,0.000000e+00,0.000000e+00,0.000000e+00,0.000000e+00,0.000000e+00,0.000000e+00,0.000000e+00,0.000000e+00,0.000000e+00
1.000000e+00,0.000000e+00,0.000000e+00,0.000000e+00,0.000000e+00,0.000000e+00,0.000000e+00,0.000000e+00,0.000000e+00,0.000000e+00,0.000000e+00,0.000000e+00,0.000000e+00,0.000000e+00,0.000000e+00
1.000000e+00,0.000000e+00,0.000000e+00,0.000000e+00,0.000000e+00,0.000000e+00,0.000000e+00,0.000000e+00,0.000000e+00,0.000000e+00,0.000000e+00,0.000000e+00,0.000000e+00,0.000000e+00,0.000000e+00
1.000000e+00,0.000000e+00,0.000000e+00,0.000000e+00,0.000000e+00,0.000000e+00,0.000000e+00,0.000000e+00,0.000000e+00,0.000000e+00,0.000000e+00,0.000000e+00,0.000000e+00,0.000000e+00,0.000000e+00
1.000000e+00,0.000000e+00,0.000000e+00,0.000000e+00,0.000000e+00,0.000000e+00,0.000000e+00,0.000000e+00,0.000000e+00,0.000000e+00,0.000000e+00,0.000000e+00,0.000000e+00,0.000000e+00,0.000000e+00
1.000000e+00,0.000000e+00,0.000000e+00,0.000000e+00,0.000000e+00,0.000000e+00,0.000000e+00,0.000000e+00,0.000000e+00,0.000000e+00,0.000000e+00,0.000000e+00,0.000000e+00,0.000000e+00,0.000000e+00
1.000000e+00,0.000000e+00,0.000000e+00,0.000000e+00,0.000000e+00,0.000000e+00,0.000000e+00,0.000000e+00,0.000000e+00,0.000000e+00,0.000000e+00,0.000000e+00,0.000000e+00,0.000000e+00,0.000000e+00
1.000000e+00,0.000000e+00,0.000000e+00,0.000000e+00,0.000000e+00,0.000000e+00,0.000000e+00,0.000000e+00,0.000000e+00,0.000000e+00,0.000000e+00,0.000000e+00,0.000000e+00,0.000000e+00,0.000000e+00
1.000000e+00,0.000000e+00,0.000000e+00,0.000000e+00,0.000000e+00,0.000000e+00,0.000000e+00,0.000000e+00,0.000000e+00,0.000000e+00,0.000000e+00,0.000000e+00,0.000000e+00,0.000000e+00,0.000000e+00
1.000000e+00,0.000000e+00,0.000000e+00,0.000000e+00,0.000000e+00,0.000000e+00,0.000000e+00,0.000000e+00,0.000000e+00,0.000000e+00,0.000000e+00,0.000000e+00,0.000000e+00,0.000000e+00,0.000000e+00
1.000000e+00,0.000000e+00,0.000000e+00,0.000000e+00,0.000000e+00,0.000000e+00,0.000000e+00,0.000000e+00,0.000000e+00,0.000000e+00,0.000000e+00,0.000000e+00,0.000000e+00,0.000000e+00,0.000000e+00
1.000000e+00,0.000000e+00,0.000000e+00,0.000000e+00,0.000000e+00,0.000000e+00,0.000000e+00,0.000000e+00,0.000000e+00,0.000000e+00,0.000000e+00,0.000000e+00,0.000000e+00,0.000000e+00,0.000000e+00
1.000000e+00,0.000000e+00,0.000000e+00,0.000000e+00,0.000000e+00,0.000000e+00,0.000000e+00,0.000000e+00,0.000000e+00,0.000000e+00,0.000000e+00,0.000000e+00,0.000000e+00,0.000000e+00,0.000000e+00
1.000000e+00,0.000000e+00,0.000000e+00,0.000000e+00,0.000000e+00,0.000000e+00,0.000000e+00,0.000000e+00,0.000000e+00,0.000000e+00,0.000000e+00,0.000000e+00,0.000000e+00,0.000000e+00,0.000000e+00
1.000000e+00,0.000000e+00,0.000000e+00,0.000000e+00,0.000000e+00,0.000000e+00,0.000000e+00,0.000000e+00,0.000000e+00,0.000000e+00,0.000000e+00,0.000000e+00,0.000000e+00,0.000000e+00,0.000000e+00
1.000000e+00,0.000000e+00,0.000000e+00,0.000000e+00,0.000000e+00,0.000000e+00,0.000000e+00,0.000000e+00,0.000000e+00,0.000000e+00,0.000000e+00,0.000000e+00,0.000000e+00,0.000000e+00,0.000000e+00
1.000000e+00,0.000000e+00,0.000000e+00,0.000000e+00,0.000000e+00,0.000000e+00,0.000000e+00,0.000000e+00,0.000000e+00,0.000000e+00,0.000000e+00,0.000000e+00,0.000000e+00,0.000000e+00,0.000000e+00
1.000000e+00,0.000000e+00,0.000000e+00,0.000000e+00,0.000000e+00,0.000000e+00,0.000000e+00,0.000000e+00,0.000000e+00,0.000000e+00,0.000000e+00,0.000000e+00,0.000000e+00,0.000000e+00,0.000000e+00
1.000000e+00,0.000000e+00,0.000000e+00,0.000000e+00,0.000000e+00,0.000000e+00,0.000000e+00,0.000000e+00,0.000000e+00,0.000000e+00,0.000000e+00,0.000000e+00,0.000000e+00,0.000000e+00,0.000000e+00
1.000000e+00,0.000000e+00,0.000000e+00,0.000000e+00,0.000000e+00,0.000000e+00,0.000000e+00,0.000000e+00,0.000000e+00,0.000000e+00,0.000000e+00,0.000000e+00,0.000000e+00,0.000000e+00,0.000000e+00
1.000000e+00,0.000000e+00,0.000000e+00,0.000000e+00,0.000000e+00,0.000000e+00,0.000000e+00,0.000000e+00,0.000000e+00,0.000000e+00,0.000000e+00,0.000000e+00,0.000000e+00,0.000000e+00,0.000000e+00
1.000000e+00,0.000000e+00,0.000000e+00,0.000000e+00,0.000000e+00,0.000000e+00,0.000000e+00,0.000000e+00,0.000000e+00,0.000000e+00,0.000000e+00,0.000000e+00,0.000000e+00,0.000000e+00,0.000000e+00
1.000000e+00,0.000000e+00,0.000000e+00,0.000000e+00,0.000000e+00,0.000000e+00,0.000000e+00,0.000000e+00,0.000000e+00,0.000000e+00,0.000000e+00,0.000000e+00,0.000000e+00,0.000000e+00,0.000000e+00
1.000000e+00,0.000000e+00,0.000000e+00,0.000000e+00,0.000000e+00,0.000000e+00,0.000000e+00,0.000000e+00,0.000000e+00,0.000000e+00,0.000000e+00,0.000000e+00,0.000000e+00,0.000000e+00,0.000000e+00
1.000000e+00,0.000000e+00,0.000000e+00,0.000000e+00,0.000000e+00,0.000000e+00,0.000000e+00,0.000000e+00,0.000000e+00,0.000000e+00,0.000000e+00,0.000000e+00,0.000000e+00,0.000000e+00,0.000000e+00
4.746171e-01,6.212924e-02,2.545898e-02,1.733398e-01,2.601848e-02,5.373740e-02,1.486986e-02,2.494767e-02,1.930376e-02,2.450089e-03,2.349039e-02,3.794162e-02,2.530505e-02,5.954347e-03,3.043629e-02
4.763436e-01,4.961576e-02,3.480599e-02,1.475628e-01,2.276793e-02,9.834586e-02,1.335423e-02,3.512098e-02,1.437278e-02,3.060223e-03,2.149220e-02,3.245784e-02,2.099272e-02,5.196307e-03,2.451081e-02
4.019073e-01,3.976510e-02,5.469848e-02,1.250869e-01,2.481497e-02,1.422501e-01,1.323473e-02,9.800698e-02,1.080796e-02,3.487710e-03,1.872272e-02,2.686927e-02,1.680505e-02,4.584774e-03,1.895798e-02
2.912827e-01,2.902854e-02,4.695349e-02,9.099007e-02,3.110258e-02,1.242497e-01,1.581390e-02,2.964101e-01,7.741287e-03,4.569709e-03,1.358890e-02,1.922561e-02,1.224366e-02,3.354870e-03,1.344497e-02
2.182048e-01,2.191628e-02,4.515958e-02,6.929239e-02,3.464939e-02,1.025338e-01,1.807262e-02,4.238841e-01,5.907313e-03,1.452566e-02,1.000827e-02,1.388009e-02,9.455304e-03,2.518570e-03,9.991909e-03
1.597442e-01,2.113164e-02,4.949231e-02,5.810225e-02,5.323545e-02,1.188273e-01,1.596846e-02,4.357645e-01,5.111085e-03,4.736541e-02,7.682605e-03,1.000627e-02,7.335112e-03,2.163848e-03,8.069596e-03
1.421162e-01,1.786342e-02,5.374814e-02,4.574199e-02,5.472798e-02,1.023461e-01,1.358926e-02,4.732223e-01,4.637172e-03,6.179870e-02,6.807212e-03,7.920370e-03,5.706564e-03,2.071444e-03,7.703092e-03
1.213927e-01,2.052354e-02,5.963372e-02,3.656891e-02,6.029590e-02,9.215111e-02,1.396535e-02,4.689741e-01,4.834629e-03,8.714102e-02,6.897424e-03,6.257752e-03,4.539261e-03,3.036886e-03,1.378768e-02
1.025984e-01,1.805634e-02,5.014840e-02,2.790577e-02,7.823841e-02,7.540773e-02,1.304637e-02,4.753981e-01,4.168545e-03,1.233198e-01,6.071320e-03,5.112262e-03,3.608956e-03,2.713485e-03,1.420611e-02
1.196271e-01,1.649166e-02,5.841920e-02,2.156545e-02,7.871940e-02,6.358248e-02,1.538218e-02,4.172498e-01,4.375742e-03,1.615416e-01,9.948213e-03,5.580669e-03,3.298323e-03,4.154074e-03,2.006403e-02
1.569843e-01,1.661442e-02,5.722880e-02,1.765507e-02,7.840134e-02,5.705994e-02,1.330965e-02,3.410591e-01,6.037546e-03,1.762144e-01,2.009341e-02,7.566768e-03,3.678057e-03,9.584562e-03,3.851261e-02
2.714633e-01,1.644527e-02,4.517829e-02,2.045125e-02,6.343803e-02,5.251920e-02,1.179194e-02,2.704180e-01,6.154999e-03,1.306611e-01,2.458399e-02,2.170931e-02,8.951861e-03,1.152352e-02,4.470997e-02
3.426071e-01,1.790392e-02,3.624929e-02,2.388081e-02,5.181286e-02,5.391503e-02,1.031089e-02,2.170181e-01,6.232955e-03,9.385716e-02,2.932496e-02,3.507149e-02,1.323447e-02,1.395587e-02,5.462516e-02
3.483517e-01,2.295424e-02,3.209478e-02,2.904096e-02,4.195584e-02,5.428877e-02,8.955070e-03,1.737824e-01,7.376559e-03,7.166918e-02,3.224219e-02,4.319628e-02,1.843754e-02,2.231473e-02,9.333976e-02
3.936061e-01,3.284480e-02,2.883241e-02,4.047780e-02,3.305500e-02,5.111190e-02,8.080969e-03,1.300643e-01,8.596729e-03,5.413929e-02,3.236011e-02,5.011940e-02,2.022114e-02,2.279299e-02,9.369707e-02
3.097713e-01,4.147973e-02,2.356890e-02,5.638806e-02,2.632607e-02,5.150741e-02,6.729193e-03,9.405462e-02,1.887541e-02,5.643612e-02,3.469152e-02,5.425329e-02,2.295396e-02,3.532820e-02,1.676362e-01
2.171506e-01,3.091956e-02,1.655662e-02,4.014416e-02,1.858879e-02,3.675929e-02,4.746520e-03,6.585745e-02,3.642885e-02,6.363270e-02,2.488301e-02,3.811734e-02,1.724793e-02,2.868424e-02,3.602830e-01
1.520443e-01,2.205085e-02,1.160663e-02,2.849699e-02,1.305660e-02,2.586066e-02,3.330620e-03,4.610403e-02,5.806699e-02,4.712819e-02,1.768510e-02,2.670940e-02,1.278606e-02,2.139647e-02,5.136771e-01
1.067977e-01,1.620652e-02,8.248175e-03,2.008988e-02,1.070317e-02,1.859687e-02,2.366921e-03,3.230649e-02,1.934287e-01,3.900530e-02,1.567182e-02,1.889804e-02,1.177264e-02,2.367134e-02,4.822364e-01
7.537230e-02,1.332859e-02,5.857456e-03,1.423341e-02,7.707745e-03,1.356704e-02,1.697313e-03,2.263453e-02,2.912586e-01,3.832061e-02,1.155511e-02,1.335549e-02,9.250143e-03,4.609318e-02,4.357685e-01
5.378388e-02,1.018207e-02,4.182908e-03,1.002890e-02,5.554575e-03,1.021809e-02,1.233138e-03,1.586863e-02,3.340566e-01,4.196841e-02,9.124993e-03,9.653077e-03,7.477425e-03,4.542265e-02,4.412446e-01
3.770215e-02,7.619406e-03,3.008406e-03,7.119926e-03,3.897498e-03,7.167254e-03,8.672057e-04,1.111629e-02,5.294248e-01,2.967261e-02,6.489730e-03,6.848401e-03,5.777101e-03,3.218599e-02,3.111032e-01
2.666781e-02,6.602237e-03,2.202715e-03,5.085819e-03,2.740356e-03,5.220793e-03,6.184849e-04,7.792869e-03,5.356628e-01,2.197503e-02,5.258841e-03,5.008874e-03,5.419555e-03,3.866371e-02,3.310801e-01
1.868468e-02,4.725518e-03,1.550008e-03,3.567016e-03,1.924910e-03,3.676600e-03,4.363164e-04,5.458979e-03,5.098892e-01,1.620582e-02,4.793387e-03,3.685453e-03,6.948375e-03,2.867376e-02,3.897799e-01
1.317747e-02,3.707237e-03,1.358159e-03,2.517394e-03,1.416756e-03,2.626847e-03,3.236837e-04,3.866257e-03,4.270064e-01,1.978977e-02,4.062011e-03,2.832913e-03,1.555857e-02,4.358451e-02,4.581720e-01
9.311606e-03,2.806305e-03,3.928733e-03,1.790342e-03,1.117984e-03,1.887518e-03,2.704611e-04,2.877991e-03,3.680598e-01,2.318434e-02,4.903375e-03,2.441740e-03,3.733714e-02,4.173737e-02,4.983454e-01
6.553337e-03,2.113363e-03,6.752538e-03,1.373236e-03,2.028928e-03,1.367397e-03,2.358270e-04,2.313395e-03,2.615731e-01,1.748967e-02,5.252786e-03,2.148745e-03,4.297538e-02,3.039476e-02,6.174276e-01
4.638632e-03,1.960661e-03,1.699211e-02,1.082905e-03,3.004221e-02,1.012365e-03,3.254983e-04,1.872297e-03,1.895736e-01,1.294233e-02,4.756601e-03,1.690155e-03,3.334746e-02,2.309699e-02,6.766663e-01
3.382640e-03,2.327531e-03,1.731754e-02,9.672861e-04,3.187777e-02,8.607147e-04,3.349422e-04,1.465593e-03,1.440503e-01,1.072286e-02,6.005783e-03,1.320543e-03,2.564129e-02,1.990513e-02,7.338201e-01
2.621775e-03,3.729831e-03,1.674569e-02,2.496866e-03,4.863172e-02,1.386600e-03,3.494764e-04,1.513341e-03,1.343203e-01,2.187334e-02,2.393928e-02,1.258089e-03,2.613981e-02,1.741947e-02,6.975744e-01
2.802644e-03,2.997496e-03,1.653305e-02,3.252311e-03,3.831913e-02,1.997479e-03,6.381861e-04,2.204925e-03,1.188593e-01,3.891930e-02,3.503316e-02,4.077957e-03,3.775090e-02,4.266170e-02,6.539525e-01
2.411861e-03,3.671531e-03,1.357008e-02,5.428375e-03,3.189218e-02,2.191730e-03,6.156068e-04,3.909361e-03,3.045661e-01,2.940189e-02,2.987848e-02,4.349045e-03,4.523543e-02,3.086263e-02,4.920157e-01
2.127970e-03,3.387538e-03,1.026892e-02,7.940609e-03,3.131936e-02,3.473209e-03,5.842466e-04,3.681093e-03,3.050352e-01,3.113491e-02,7.340801e-02,1.094583e-02,1.182261e-01,2.409835e-02,3.743687e-01
1.873181e-03,2.877522e-03,8.146502e-03,8.939363e-03,3.615003e-02,3.817477e-03,5.499289e-04,3.126059e-03,3.001623e-01,3.054953e-02,1.125719e-01,1.817494e-02,1.518792e-01,2.633198e-02,2.948501e-01
1.545504e-03,2.665829e-03,6.517704e-03,8.656756e-03,2.630672e-02,2.875319e-03,5.524476e-04,2.541787e-03,3.397259e-01,2.944316e-02,1.272734e-01,1.963616e-02,1.270660e-01,2.164310e-02,2.835502e-01
1.559559e-03,3.059143e-03,8.119845e-03,7.157562e-03,2.689567e-02,2.873776e-03,5.937207e-04,2.148251e-03,2.714190e-01,2.545348e-02,1.965559e-01,2.562305e-02,1.307347e-01,7.550502e-02,2.223014e-01
2.045585e-03,3.806283e-03,8.674731e-03,5.623010e-03,2.214953e-02,2.652977e-03,5.668099e-04,2.100437e-03,2.372488e-01,2.330133e-02,1.772695e-01,3.870293e-02,1.459373e-01,1.619384e-01,1.679824e-01
2.572466e-03,3.371377e-03,7.490929e-03,4.642317e-03,1.812856e-02,3.085752e-03,5.211426e-04,3.123154e-03,1.777876e-01,2.083898e-02,2.803375e-01,3.231128e-02,1.118219e-01,1.953844e-01,1.385827e-01
9.265088e-03,4.522127e-03,1.435948e-02,9.956979e-03,3.210497e-02,5.955942e-03,6.811596e-04,1.132304e-02,1.583314e-01,2.154780e-02,3.274456e-01,2.454887e-02,8.022872e-02,1.863208e-01,1.134081e-01
9.164558e-03,4.689675e-03,1.395985e-02,1.082569e-02,3.257126e-02,7.840013e-03,7.773613e-04,9.781069e-03,1.264624e-01,2.690632e-02,4.022757e-01,2.112525e-02,6.256894e-02,1.866593e-01,8.439261e-02
9.074361e-03,5.330713e-03,1.683583e-02,3.687276e-02,3.290921e-02,7.424830e-03,7.524093e-04,7.763443e-03,1.050576e-01,4.848244e-02,4.461269e-01,1.898734e-02,5.066199e-02,1.511863e-01,6.253384e-02
9.702202e-03,5.034146e-03,1.600114e-02,3.113297e-02,4.231416e-02,6.092737e-03,7.226948e-04,5.830472e-03,7.743631e-02,6.607349e-02,5.119389e-01,1.816663e-02,4.544766e-02,1.143937e-01,4.971280e-02
8.419941e-03,4.095566e-03,1.407884e-02,2.456711e-02,9.369145e-02,4.872001e-03,1.099490e-03,4.869886e-03,6.348182e-02,5.828563e-02,5.267473e-01,2.037248e-02,4.199054e-02,9.164525e-02,4.178274e-02
1.570173e-02,4.860793e-03,1.864740e-02,4.557160e-02,7.337047e-02,4.460272e-03,1.148794e-03,1.302402e-02,6.380288e-02,5.524971e-02,5.101231e-01,3.629876e-02,4.746623e-02,7.595006e-02,3.432414e-02
1.445474e-02,6.023931e-03,2.693002e-02,3.853253e-02,5.382405e-02,5.190536e-03,9.429150e-04,1.988178e-02,1.666206e-01,4.586883e-02,4.612541e-01,3.916683e-02,3.843266e-02,5.712332e-02,2.575317e-02
1.423562e-02,6.438055e-03,4.050339e-02,4.565511e-02,4.005118e-02,4.339378e-03,7.776486e-04,8.762094e-02,1.674080e-01,4.240134e-02,4.068441e-01,4.208029e-02,3.895729e-02,4.330756e-02,1.938009e-02
1.300025e-02,8.436771e-03,3.721165e-02,3.982320e-02,3.263240e-02,5.854086e-03,6.773638e-04,6.390516e-02,3.578309e-01,3.272439e-02,3.016310e-01,3.060798e-02,2.920746e-02,3.152917e-02,1.492821e-02
1.754254e-02,8.672676e-03,3.386164e-02,3.951025e-02,3.048105e-02,5.914026e-03,7.198297e-04,4.843462e-02,4.956821e-01,2.465392e-02,2.171790e-01,2.173658e-02,2.114932e-02,2.330110e-02,1.116140e-02
1.947131e-02,1.001953e-02,3.985792e-02,1.346375e-01,3.915588e-02,6.896316e-03,1.140983e-03,4.481883e-02,4.732772e-01,1.904332e-02,1.543022e-01,1.541178e-02,1.543884e-02,1.733959e-02,9.188829e-03
2.704164e-02,1.452458e-02,3.184496e-02,1.447885e-01,3.831311e-02,6.031668e-03,1.020558e-03,5.043328e-02,5.135061e-01,1.460738e-02,1.137176e-01,1.108820e-02,1.188471e-02,1.314831e-02,8.049337e-03
4.541776e-02,1.551998e-02,2.845408e-02,1.383041e-01,5.222954e-02,6.401915e-03,1.642177e-03,5.378670e-02,5.164928e-01,1.237876e-02,9.042978e-02,8.281467e-03,9.551987e-03,1.347801e-02,7.630911e-03
5.476837e-02,2.514732e-02,2.671069e-02,1.087546e-01,1.066961e-01,9.819778e-03,2.157171e-03,4.991386e-02,4.929016e-01,1.152804e-02,6.751527e-02,6.137766e-03,8.856518e-03,1.528620e-02,1.380678e-02
4.366492e-02,2.976397e-02,2.675762e-02,2.370894e-01,1.398194e-01,1.214166e-02,2.433461e-03,5.850131e-02,3.620877e-01,8.149393e-03,4.800362e-02,4.499855e-03,6.336393e-03,1.076811e-02,9.983286e-03
4.818952e-02,2.304037e-02,4.750293e-02,1.797554e-01,2.059560e-01,1.829269e-02,9.742308e-03,1.293206e-01,2.741100e-01,6.402015e-03,3.424745e-02,3.244315e-03,4.914923e-03,7.695037e-03,7.586598e-03
6.271641e-02,1.816890e-02,1.682133e-01,1.349153e-01,2.114761e-01,1.490774e-02,8.382301e-03,1.147681e-01,2.169518e-01,5.457473e-03,2.526710e-02,2.542029e-03,3.831005e-03,5.741200e-03,6.661411e-03
7.177213e-02,1.583147e-02,2.154556e-01,1.003729e-01,2.715116e-01,1.217297e-02,7.823491e-03,9.889238e-02,1.650401e-01,5.591457e-03,1.899272e-02,2.391581e-03,3.031491e-03,4.472596e-03,6.647612e-03
7.886829e-02,1.256554e-02,3.517694e-01,7.604497e-02,2.343013e-01,9.239541e-03,6.371501e-03,7.578395e-02,1.211130e-01,5.472767e-03,1.393481e-02,2.539806e-03,2.490958e-03,3.377049e-03,6.127114e-03
9.436951e-02,1.093324e-02,4.033355e-01,6.527271e-02,2.040286e-01,8.224587e-03,5.849069e-03,5.919825e-02,8.996561e-02,1.430319e-02,1.231777e-02,3.645768e-03,2.833165e-03,3.983483e-03,2.173967e-02
1.438550e-01,1.029621e-02,3.567196e-01,5.243595e-02,2.503247e-01,7.808469e-03,5.539997e-03,4.292425e-02,6.636499e-02,1.375190e-02,9.730039e-03,3.841247e-03,5.300562e-03,4.308833e-03,2.679827e-02
1.516187e-01,1.262239e-02,4.204515e-01,4.816282e-02,1.974258e-01,8.525841e-03,5.109805e-03,3.134882e-02,5.198037e-02,1.722521e-02,8.087731e-03,5.204097e-03,5.676000e-03,4.356834e-03,3.220419e-02
1.107544e-01,2.486298e-02,4.595620e-01,8.302134e-02,1.394883e-01,7.665713e-03,3.688737e-03,2.203420e-02,3.898834e-02,2.747901e-02,8.112405e-03,8.493623e-03,8.197182e-03,3.631981e-03,5.401976e-02
7.808514e-02,2.260511e-02,5.370920e-01,1.029482e-01,9.798732e-02,5.521369e-03,2.624556e-03,1.545008e-02,3.037930e-02,2.526228e-02,1.103684e-02,6.941812e-03,7.313323e-03,3.029810e-03,5.372294e-02
5.601401e-02,1.938964e-02,5.064783e-01,7.938281e-02,6.898486e-02,4.773115e-03,2.085929e-03,1.085105e-02,2.743585e-02,3.823968e-02,1.986385e-02,6.413548e-03,9.992143e-03,5.461827e-02,9.547707e-02
4.076411e-02,1.893075e-02,4.684029e-01,6.607159e-02,4.879604e-02,4.185935e-03,1.705843e-03,7.712247e-03,4.770194e-02,4.744347e-02,2.690738e-02,1.335194e-02,2.676770e-02,6.585278e-02,1.154055e-01
3.789986e-02,2.644285e-02,3.519734e-01,5.143322e-02,3.476033e-02,4.115852e-03,1.658683e-03,5.779378e-03,8.421969e-02,4.278650e-02,2.976386e-02,2.407721e-02,4.470764e-02,1.007934e-01,1.595882e-01
3.350837e-02,3.369809e-02,2.637173e-01,4.195832e-02,2.466468e-02,4.148990e-03,1.447328e-03,4.249807e-03,1.375459e-01,5.232980e-02,2.730990e-02,2.977883e-02,4.386088e-02,1.589578e-01,1.428240e-01
2.985326e-02,5.677556e-02,1.918672e-01,4.802826e-02,1.775939e-02,5.315103e-03,1.132869e-03,3.297643e-03,1.854805e-01,4.438908e-02,2.516336e-02,3.319041e-02,5.635839e-02,1.375275e-01,1.638615e-01
2.409483e-02,4.878020e-02,1.377770e-01,3.697423e-02,1.316420e-02,4.313441e-03,9.397991e-04,3.919164e-03,1.605562e-01,3.304344e-02,2.663886e-02,3.422135e-02,7.016002e-02,1.099425e-01,2.954748e-01
1.952541e-02,6.912652e-02,1.098711e-01,2.777188e-02,1.535352e-02,4.542675e-03,1.381317e-03,3.974268e-03,2.173772e-01,2.431110e-02,2.305116e-02,2.670106e-02,6.339753e-02,8.100846e-02,3.126068e-01
1.609120e-02,6.229960e-02,1.734277e-01,2.142704e-02,1.499992e-02,4.636264e-03,6.051819e-03,6.722535e-03,2.020580e-01,1.886066e-02,1.721909e-02,1.953105e-02,4.656577e-02,5.904702e-02,3.310623e-01
1.552047e-02,7.420132e-02,1.518431e-01,1.644512e-02,1.466184e-02,5.889183e-03,8.774729e-03,7.347615e-03,2.400894e-01,1.634301e-02,1.272023e-02,1.468611e-02,3.581613e-02,4.256733e-02,3.430945e-01
2.928391e-02,1.022333e-01,1.133938e-01,1.264751e-02,1.905905e-02,7.051945e-03,7.084107e-03,5.966148e-03,3.393970e-01,1.549211e-02,9.424915e-03,1.119879e-02,2.977416e-02,3.014077e-02,2.678525e-01
3.919044e-02,1.220340e-01,9.580182e-02,1.889079e-02,1.774934e-02,8.021532e-03,5.853819e-03,1.661406e-02,3.702669e-01,1.506873e-02,7.354310e-03,9.356249e-03,2.562914e-02,2.133602e-02,2.268329e-01
3.961637e-02,9.146901e-02,6.912518e-02,1.739745e-02,2.564888e-02,9.034541e-03,6.882664e-03,7.854109e-02,4.317369e-01,1.122264e-02,5.467759e-03,7.049546e-03,2.028290e-02,1.502405e-02,1.715011e-01
4.222313e-02,7.397383e-02,1.595797e-01,5.128812e-02,2.500459e-02,9.866905e-03,6.667545e-03,1.171113e-01,3.267003e-01,1.430431e-02,4.756996e-03,5.567581e-03,2.164481e-02,1.065019e-02,1.306607e-01
3.755341e-02,5.578553e-02,1.848577e-01,4.698018e-02,2.142135e-02,8.238006e-03,5.741220e-03,2.271965e-01,2.412548e-01,2.120836e-02,4.861061e-03,4.670038e-03,2.007018e-02,7.775655e-03,1.123859e-01
3.628182e-02,4.290938e-02,1.764942e-01,3.764340e-02,1.932428e-02,9.917840e-03,4.437476e-03,3.601925e-01,1.840007e-01,1.776642e-02,4.038542e-03,3.621236e-03,1.587827e-02,5.737808e-03,8.175619e-02
3.903157e-02,3.180914e-02,1.618461e-01,3.267870e-02,1.771747e-02,1.411630e-02,3.721545e-03,4.676508e-01,1.336568e-01,1.479268e-02,3.438610e-03,3.168528e-03,1.237106e-02,4.686257e-03,5.931456e-02
3.689294e-02,2.538175e-02,1.502309e-01,2.559514e-02,1.503117e-02,1.444606e-02,3.169496e-03,5.441182e-01,9.881580e-02,2.047410e-02,2.777903e-03,2.492350e-03,9.770983e-03,3.460242e-03,4.734297e-02
3.996375e-02,2.111800e-02,1.792876e-01,2.441289e-02,1.190840e-02,1.530424e-02,2.552072e-03,5.448351e-01,7.680868e-02,3.020778e-02,2.406782e-03,2.263693e-03,7.307461e-03,2.856729e-03,3.876683e-02
6.949707e-02,1.871476e-02,1.625841e-01,2.243104e-02,1.086336e-02,1.526301e-02,2.527290e-03,5.609276e-01,6.730201e-02,2.549934e-02,2.160618e-03,2.541132e-03,5.794582e-03,3.425240e-03,3.046887e-02
1.125822e-01,2.771278e-02,1.463521e-01,2.020233e-02,1.175412e-02,3.159291e-02,2.126171e-03,4.743108e-01,6.295951e-02,4.100050e-02,3.325074e-03,3.065696e-03,5.318287e-03,4.168838e-03,5.352866e-02
1.187956e-01,2.990711e-02,1.339438e-01,1.628719e-02,9.537695e-03,6.306989e-02,1.822627e-03,3.423025e-01,7.402913e-02,8.950689e-02,5.096969e-03,3.263447e-03,5.183299e-03,6.032727e-03,1.012211e-01
9.047356e-02,2.500348e-02,9.489795e-02,1.170932e-02,6.822590e-03,6.240413e-02,1.357990e-03,2.397737e-01,1.290331e-01,1.144045e-01,4.979874e-03,2.487270e-03,5.823929e-03,6.751935e-03,2.040767e-01
6.747910e-02,1.986959e-02,6.787027e-02,9.847285e-03,4.844598e-03,4.554649e-02,1.053880e-03,1.679802e-01,2.576379e-01,1.081449e-01,5.320683e-03,1.998272e-03,5.213859e-03,9.059345e-03,2.281336e-01
5.079438e-02,1.646050e-02,4.828181e-02,7.092185e-03,3.432151e-03,3.609366e-02,8.324567e-04,1.176358e-01,2.747288e-01,8.036339e-02,5.388583e-03,1.490710e-03,3.940352e-03,3.248492e-02,3.209802e-01
3.840770e-02,1.199768e-02,3.393769e-02,5.237715e-03,2.425225e-03,2.603175e-02,6.402440e-04,8.238094e-02,3.405521e-01,6.264140e-02,4.991106e-03,1.128156e-03,3.037401e-03,7.191578e-02,3.146750e-01
2.799168e-02,8.600748e-03,2.381472e-02,3.727153e-03,1.743943e-03,1.865700e-02,4.654502e-04,5.768501e-02,3.140997e-01,4.492796e-02,5.345140e-03,8.413817e-04,2.412129e-03,7.354639e-02,4.161416e-01
2.069278e-02,6.252667e-03,1.683765e-02,2.710978e-03,1.451176e-03,1.338114e-02,3.473320e-04,4.042183e-02,4.235393e-01,3.235204e-02,4.375887e-03,6.859754e-04,1.941213e-03,8.380942e-02,3.512005e-01
1.639049e-02,4.651390e-03,1.194795e-02,2.012320e-03,1.137616e-03,1.041843e-02,2.728439e-04,2.832440e-02,4.708180e-01,2.333707e-02,9.675601e-03,6.265175e-04,2.420355e-03,1.041780e-01,3.137890e-01
1.220061e-02,3.439778e-03,8.514750e-03,1.448204e-03,1.011823e-03,7.783609e-03,2.072687e-04,1.984537e-02,4.690406e-01,1.688610e-02,1.553458e-02,4.947308e-04,2.458227e-03,1.068449e-01,3.342894e-01
9.797352e-03,2.568539e-03,7.874103e-03,1.348517e-03,1.257637e-03,5.545399e-03,1.851207e-04,1.406698e-02,5.689657e-01,1.245321e-02,1.570952e-02,5.517486e-04,4.803132e-03,8.393694e-02,2.709361e-01
1.132779e-02,2.125447e-03,3.922090e-02,4.044904e-03,3.071747e-03,4.112245e-03,2.119430e-04,9.983735e-03,6.106318e-01,1.131230e-02,2.618025e-02,7.680514e-04,8.065378e-03,6.254521e-02,2.063983e-01
1.152450e-02,2.012282e-03,1.579213e-01,4.050740e-03,4.149329e-03,3.191489e-03,2.174792e-04,7.023482e-03,4.755239e-01,3.414936e-02,3.162193e-02,1.184870e-03,9.046013e-03,1.000514e-01,1.583319e-01
1.405058e-02,3.922980e-03,1.898978e-01,3.956463e-03,7.651901e-03,4.840656e-03,4.713888e-04,5.225674e-03,4.030186e-01,3.299113e-02,4.541025e-02,1.714553e-03,1.039894e-02,1.102996e-01,1.661496e-01
1.584457e-02,5.866007e-03,3.210292e-01,4.596234e-03,1.651061e-02,4.795932e-03,1.000543e-03,1.226590e-02,3.232254e-01,2.632855e-02,3.840174e-02,1.924293e-03,1.133787e-02,7.938472e-02,1.374885e-01
1.227725e-02,4.990374e-03,5.068651e-01,5.886628e-03,1.437678e-02,4.020531e-03,7.444231e-04,9.626930e-03,2.310355e-01,1.931248e-02,2.756461e-02,1.600545e-03,8.533993e-03,5.568948e-02,9.747532e-02
1.014824e-02,4.860652e-03,6.346639e-01,5.049427e-03,1.189272e-02,3.361989e-03,5.729976e-04,1.036838e-02,1.661175e-01,1.452426e-02,1.986535e-02,1.382516e-03,6.333803e-03,3.940911e-02,7.144912e-02
1.156557e-02,8.105141e-03,6.379432e-01,5.363093e-03,1.452934e-02,2.638865e-03,5.530132e-04,8.411526e-02,1.206770e-01,1.129018e-02,1.438372e-02,1.137658e-03,4.811181e-03,2.815956e-02,5.472717e-02
2.017666e-02,1.234662e-02,5.977229e-01,9.905988e-03,1.612013e-02,2.207520e-03,5.842308e-04,1.515833e-01,9.897415e-02,1.065101e-02,1.055547e-02,9.360418e-04,3.883088e-03,2.107267e-02,4.328022e-02
2.988432e-02,1.623309e-02,5.667812e-01,1.998629e-02,1.747864e-02,1.973263e-03,5.881152e-04,1.830595e-01,8.420946e-02,1.134588e-02,7.797028e-03,8.237975e-04,4.247950e-03,1.597379e-02,3.961755e-02
3.438404e-02,1.836359e-02,5.182735e-01,2.114523e-02,1.784437e-02,2.288124e-03,7.468084e-04,2.413928e-01,6.693643e-02,1.023656e-02,5.681610e-03,8.765709e-04,4.114036e-03,1.206082e-02,4.565552e-02
4.402087e-02,2.435413e-02,4.410182e-01,2.491919e-02,1.990032e-02,2.497452e-03,9.911952e-04,2.715600e-01,5.477108e-02,9.914054e-03,4.245528e-03,1.135224e-03,3.941811e-03,1.058883e-02,8.614208e-02
5.327169e-02,2.478023e-02,3.254338e-01,2.741916e-02,1.837882e-02,3.483282e-03,9.743550e-04,3.997670e-01,4.265074e-02,8.128168e-03,3.540208e-03,1.949492e-03,4.036323e-03,8.734439e-03,7.745235e-02
5.031975e-02,2.131101e-02,2.487373e-01,2.147354e-02,1.616275e-02,3.008758e-03,1.121801e-03,5.216641e-01,3.270889e-02,6.130390e-03,2.584545e-03,1.787792e-03,3.431625e-03,6.681023e-03,6.287669e-02
4.500195e-02,1.735745e-02,1.906933e-01,1.702661e-02,1.326660e-02,2.358292e-03,1.033680e-03,6.251185e-01,2.479611e-02,4.485364e-03,1.868250e-03,1.485167e-03,2.610462e-03,4.985444e-03,4.791274e-02
4.699188e-02,1.488078e-02,1.471071e-01,1.328832e-02,1.213695e-02,1.985164e-03,1.099331e-03,6.934277e-01,2.009299e-02,3.463653e-03,1.424107e-03,1.331573e-03,1.990678e-03,3.835684e-03,3.694409e-02
5.044515e-02,1.323202e-02,1.068112e-01,1.040327e-02,1.045371e-02,1.866476e-03,1.071663e-03,7.498467e-01,1.920089e-02,2.852583e-03,1.202980e-03,1.504718e-03,1.560369e-03,2.972119e-03,2.657612e-02
5.961969e-02,1.033412e-02,7.567992e-02,7.933730e-03,8.164442e-03,1.934741e-03,9.161812e-04,7.910576e-01,1.573983e-02,2.322677e-03,1.186737e-03,2.229816e-03,1.421680e-03,2.314671e-03,1.914409e-02
6.979341e-02,7.764801e-03,5.418354e-02,7.409113e-03,6.353368e-03,1.974181e-03,7.431956e-04,8.129501e-01,1.291704e-02,2.088317e-03,2.324899e-03,3.414849e-03,1.562059e-03,1.753382e-03,1.476766e-02
6.047826e-02,5.995587e-03,3.858069e-02,2.566202e-02,4.581492e-03,2.512034e-03,5.561447e-04,6.333454e-01,1.358701e-01,3.473152e-03,5.851706e-02,6.762644e-03,6.342086e-03,3.065142e-03,1.425814e-02
4.550875e-02,5.250251e-03,2.809348e-02,3.929145e-02,3.390598e-03,2.254899e-03,4.412624e-04,4.510306e-01,1.818026e-01,3.393960e-02,1.607071e-01,9.519142e-03,1.547194e-02,1.038441e-02,1.291387e-02
3.226571e-02,5.519283e-03,2.066940e-02,3.448549e-02,2.461496e-03,1.747533e-03,3.330036e-04,3.171491e-01,1.752579e-01,2.405474e-01,1.268148e-01,8.905155e-03,1.365438e-02,9.173658e-03,1.101577e-02
2.357630e-02,8.502714e-03,1.551426e-02,2.902112e-02,2.355073e-03,1.978217e-03,3.482992e-04,2.245882e-01,1.734630e-01,3.031747e-01,1.596110e-01,1.527048e-02,1.358493e-02,1.893070e-02,1.008102e-02
1.698265e-02,6.646680e-03,1.100869e-02,2.103823e-02,1.726645e-03,1.554321e-03,2.830704e-04,1.573902e-01,1.316637e-01,2.295924e-01,2.793655e-01,2.277850e-02,1.189723e-02,9.889225e-02,9.180035e-03
1.275854e-02,5.091032e-03,7.870804e-03,1.775490e-02,1.810513e-03,1.406756e-03,2.871389e-04,1.106655e-01,1.033030e-01,1.953368e-01,4.012391e-01,2.181457e-02,1.058092e-02,1.011508e-01,8.929595e-03
9.115323e-03,3.640176e-03,5.532099e-03,1.265734e-02,1.767235e-03,1.028594e-03,2.147347e-04,7.762199e-02,7.296636e-02,1.476577e-01,4.856400e-01,1.945388e-02,7.835936e-03,1.387077e-01,1.616088e-02
7.121928e-03,2.590598e-03,3.898375e-03,8.987403e-03,1.479425e-03,7.603511e-04,1.646919e-04,5.444098e-02,5.218198e-02,1.131522e-01,4.432571e-01,2.468377e-02,5.917892e-03,2.685178e-01,1.284554e-02
5.737472e-03,1.914638e-03,2.780396e-03,6.426321e-03,1.686064e-03,6.126417e-04,1.448296e-04,3.826429e-02,3.872130e-02,8.708355e-02,4.806286e-01,3.414097e-02,4.700625e-03,2.875391e-01,9.619141e-03
4.699724e-03,1.733065e-03,2.229093e-03,4.836569e-03,2.845684e-03,4.974774e-04,1.491081e-04,2.688238e-02,5.998139e-02,6.828003e-02,4.030480e-01,5.405531e-02,4.952332e-03,3.574570e-01,8.352875e-03
5.863608e-03,1.922290e-03,1.842238e-03,3.922428e-03,2.748668e-03,5.046307e-04,1.411371e-04,1.894854e-02,7.685524e-02,5.072669e-02,3.494194e-01,4.754235e-02,4.827753e-03,4.273878e-01,7.347263e-03
4.657962e-03,4.327380e-03,1.791578e-03,3.162292e-03,3.021284e-03,8.256289e-04,1.230867e-04,1.335085e-02,9.147954e-02,3.689632e-02,3.363980e-01,3.526842e-02,4.286214e-03,4.565803e-01,7.831204e-03
3.597022e-03,3.966381e-03,1.606938e-03,2.419229e-03,2.449161e-03,9.118059e-04,1.000996e-04,9.403759e-03,7.678036e-02,2.657221e-02,3.350181e-01,2.619620e-02,3.342920e-03,5.015004e-01,6.135464e-03
2.775659e-03,4.106150e-03,1.611197e-03,1.878228e-03,1.978649e-03,1.642930e-03,7.871825e-05,6.670778e-03,8.903176e-02,1.928465e-02,3.234111e-01,2.053799e-02,2.719108e-03,5.197186e-01,4.554457e-03
2.290008e-03,4.342076e-03,2.517243e-03,1.623150e-03,1.856832e-03,2.614736e-03,7.007732e-05,4.824955e-03,1.111993e-01,1.424392e-02,3.315968e-01,1.495505e-02,2.290309e-03,5.021999e-01,3.375620e-03
1.828875e-03,1.534149e-02,3.802041e-03,1.333315e-03,7.026884e-03,6.820488e-03,8.502716e-05,3.485455e-03,1.887152e-01,1.087042e-02,2.645603e-01,1.078658e-02,1.837227e-03,4.807047e-01,2.801949e-03
1.533364e-03,1.380386e-02,5.391486e-03,1.506649e-03,6.565358e-03,1.200721e-02,8.131058e-05,2.603966e-03,2.947204e-01,9.426260e-03,2.235254e-01,7.813554e-03,1.479283e-03,4.162662e-01,3.275641e-03
1.288889e-03,1.125623e-02,5.161620e-03,1.379806e-03,5.076829e-03,1.396317e-02,6.813199e-05,1.872130e-03,4.206644e-01,8.048235e-03,1.709384e-01,5.619560e-03,1.165994e-03,3.493896e-01,4.107042e-03
1.977892e-03,1.000752e-02,9.556388e-03,2.707361e-03,4.447749e-03,1.621870e-02,7.935958e-05,2.029664e-03,5.503362e-01,7.146389e-03,1.226172e-01,3.974263e-03,1.016313e-03,2.619982e-01,5.886800e-03
3.861292e-03,1.121261e-02,2.138262e-02,2.989596e-03,4.162414e-03,1.430139e-02,8.701219e-05,2.776267e-03,6.328241e-01,6.703207e-03,8.836356e-02,2.855749e-03,8.484011e-04,1.988101e-01,8.821676e-03
6.964283e-03,1.052158e-02,1.894890e-02,2.610969e-03,3.466728e-03,1.663204e-02,7.953991e-05,2.174528e-03,6.608012e-01,6.841026e-03,7.189054e-02,2.158157e-03,8.950265e-04,1.813142e-01,1.470141e-02
8.455303e-03,9.079624e-03,1.562368e-02,4.161880e-03,3.621761e-03,1.657497e-02,1.077112e-04,2.879590e-03,6.803258e-01,1.045325e-02,6.675866e-02,1.667526e-03,1.242130e-03,1.627197e-01,1.632841e-02
1.070674e-02,8.262662e-03,1.702946e-02,5.149839e-03,3.315675e-03,1.566815e-02,3.021070e-04,3.783659e-03,6.891198e-01,1.257223e-02,6.103594e-02,1.429978e-03,1.318988e-03,1.566618e-01,1.364313e-02
2.492408e-02,9.293097e-03,2.571331e-02,1.255868e-02,3.462882e-03,2.376314e-02,3.781176e-04,4.625119e-03,6.209451e-01,1.248778e-02,6.389546e-02,1.390007e-03,1.348382e-03,1.808177e-01,1.439727e-02
3.017969e-02,1.083783e-02,2.349852e-02,1.000389e-02,4.959377e-03,2.127024e-02,3.834173e-04,3.674442e-03,5.720361e-01,1.152099e-02,6.196054e-02,1.281336e-03,1.592913e-03,2.246912e-01,2.210961e-02
2.736264e-02,9.188816e-03,1.862302e-02,8.940827e-03,4.598501e-03,1.749727e-02,3.132028e-04,3.022017e-03,5.566048e-01,9.521056e-03,5.007818e-02,1.295150e-03,2.217586e-03,2.413729e-01,4.936410e-02
2.419513e-02,8.143341e-03,1.397000e-02,8.183209e-03,3.727760e-03,1.418376e-02,2.610162e-04,2.341063e-03,5.328536e-01,8.367211e-03,6.265128e-02,1.436433e-03,3.169789e-03,2.680912e-01,4.842519e-02
2.476271e-02,6.626855e-03,1.130492e-02,6.391748e-03,3.611497e-03,2.021218e-02,2.820118e-04,2.936470e-03,5.036807e-01,7.439702e-03,6.278349e-02,1.202714e-03,2.576971e-03,3.088271e-01,3.736093e-02
3.164219e-02,6.734572e-03,8.757011e-03,5.396896e-03,4.152623e-03,1.856115e-02,2.992939e-04,2.546507e-03,5.252870e-01,6.368155e-03,4.847248e-02,1.080825e-03,2.045988e-03,3.112061e-01,2.744920e-02
2.993992e-02,9.452596e-03,8.853619e-03,3.907908e-03,4.002776e-03,1.948618e-02,2.769328e-04,2.202367e-03,4.903674e-01,5.191235e-03,3.653994e-02,8.134907e-04,1.520360e-03,3.672031e-01,2.024227e-02
2.825254e-02,1.394161e-02,9.284986e-03,3.555513e-03,4.324384e-03,2.782002e-02,2.681492e-04,1.822005e-03,4.934251e-01,6.655847e-03,2.943144e-02,7.606478e-04,1.355304e-03,3.543065e-01,2.479601e-02
3.918772e-02,1.498329e-02,1.453707e-02,4.027755e-03,7.359803e-03,3.212564e-02,6.615090e-04,3.762124e-03,5.213019e-01,5.632544e-03,2.422282e-02,9.195986e-04,1.246936e-03,3.101913e-01,1.983998e-02
3.890791e-02,1.295659e-02,1.260696e-02,3.063102e-03,7.089749e-03,2.664815e-02,5.563340e-04,3.676010e-03,5.332636e-01,4.889535e-03,2.004065e-02,7.999231e-04,9.647066e-04,3.197836e-01,1.475319e-02
4.638980e-02,1.139340e-02,1.748573e-02,1.264081e-02,1.037863e-02,2.727290e-02,5.347221e-04,8.407397e-03,5.810423e-01,5.078945e-03,2.279955e-02,1.247204e-03,1.801341e-03,2.412042e-01,1.232302e-02
4.470992e-02,9.270883e-03,1.967198e-02,1.322237e-02,1.245459e-02,2.065129e-02,4.619686e-04,8.271017e-03,5.295485e-01,1.728428e-02,6.423917e-02,3.341314e-03,3.708962e-03,2.425447e-01,1.061897e-02
3.928894e-02,7.505940e-03,1.509242e-02,1.068245e-02,1.965949e-02,1.481582e-02,3.986143e-04,6.213774e-03,4.496951e-01,2.624023e-02,1.627799e-01,5.113594e-03,9.492633e-03,2.233443e-01,9.676769e-03
4.157714e-02,6.515223e-03,1.468940e-02,1.003730e-02,1.797935e-02,1.113820e-02,4.374919e-04,5.962717e-03,4.045070e-01,2.833767e-02,2.286739e-01,7.331884e-03,1.366182e-02,1.972471e-01,1.190382e-02
3.880124e-02,5.996997e-03,2.112405e-02,9.369526e-03,2.035725e-02,9.946411e-03,7.708838e-04,1.246019e-02,3.382525e-01,4.587582e-02,2.546011e-01,6.662054e-03,1.498830e-02,2.019429e-01,1.885081e-02
