1.000000e+00,0.000000e+00,0.000000e+00,0.000000e+00,0.000000e+00,0.000000e+00,0.000000e+00,0.000000e+00,0.000000e+00,0.000000e+00,0.000000e+00,0.000000e+00,0.000000e+00,0.000000e+00,0.000000e+00
1.000000e+00,0.000000e+00,0.000000e+00,0.000000e+00,0.000000e+00,0.000000e+00,0.000000e+00,0.000000e+00,0.000000e+00,0.000000e+00,0.000000e+00,0.000000e+00,0.000000e+00,0.000000e+00,0.000000e+00
1.000000e+00,0.000000e+00,0.000000e+00,0.000000e+00,0.000000e+00,0.000000e+00,0.000000e+00,0.000000e+00,0.000000e+00,0.000000e+00,0.000000e+00,0.000000e+00,0.000000e+00,0.000000e+00,0.000000e+00
1.000000e+00,0.000000e+00,0.000000e+00,0.000000e+00,0.000000e+00,0.000000e+00,0.000000e+00,0.000000e+00,0.000000e+00,0.000000e+00,0.000000e+00,0.000000e+00,0.000000e+00,0.000000e+00,0.000000e+00
1.000000e+00,0.000000e+00,0.000000e+00,0.000000e+00,0.000000e+00,0.000000e+00,0.000000e+00,0.000000e+00,0.000000e+00,0.000000e+00,0.000000e+00,0.000000e+00,0.000000e+00,0.000000e+00,0.000000e+00
1.000000e+00,0.000000e+00,0.000000e+00,0.000000e+00,0.000000e+00,0.000000e+00,0.000000e+00,0.000000e+00,0.000000e+00,0.000000e+00,0.000000e+00,0.000000e+00,0.000000e+00,0.000000e+00,0.000000e+00
1.000000e+00,0.000000e+00,0.000000e+00,0.000000e+00,0.000000e+00,0.000000e+00,0.000000e+00,0.000000e+00,0.000000e+00,0.000000e+00,0.000000e+00,0.000000e+00,0.000000e+00,0.000000e+00,0.000000e+00
1.000000e+00,0.000000e+00,0.000000e+00,0.000000e+00,0.000000e+00,0.000000e+00,0.000000e+00,0.000000e+00,0.000000e+00,0.000000e+00,0.000000e+00,0.000000e+00,0.000000e+00,0.000000e+00,0.000000e+00
1.000000e+00,0.000000e+00,0.000000e+00,0.000000e+00,0.000000e+00,0.000000e+00,0.000000e+00,0.000000e+00,0.000000e+00,0.000000e+00,0.000000e+00,0.000000e+00,0.000000e+00,0.000000e+00,0.000000e+00
1.000000e+00,0.000000e+00,0.000000e+00,0.000000e+00,0.000000e+00,0.000000e+00,0.000000e+00,0.000000e+00,0.000000e+00,0.000000e+00,0.000000e+00,0.000000e+00,0.000000e+00,0.000000e+00,0.000000e+00
1.000000e+00,0.000000e+00,0.000000e+00,0.000000e+00,0.000000e+00,0.000000e+00,0.000000e+00,0.000000e+00,0.000000e+00,0.000000e+00,0.000000e+00,0.000000e+00,0.000000e+00,0.000000e+00,0.000000e+00
1.000000e+00,0.000000e+00,0.000000e+00,0.000000e+00,0.000000e+00,0.000000e+00,0.000000e+00,0.000000e+00,0.000000e+00,0.000000e+00,0.000000e+00,0.000000e+00,0.000000e+00,0.000000e+00,0.000000e+00
1.000000e+00,0.000000e+00,0.000000e+00,0.000000e+00,0.000000e+00,0.000000e+00,0.000000e+00,0.000000e+00,0.000000e+00,0.000000e+00,0.000000e+00,0.000000e+00,0.000000e+00,0.000000e+00,0.000000e+00
1.000000e+00,0.000000e+00,0.000000e+00,0.000000e+00,0.000000e+00,0.000000e+00,0.000000e+00,0.000000e+00,0.000000e+00,0.000000e+00,0.000000e+00,0.000000e+00,0.000000e+00,0.000000e+00,0.000000e+00
1.000000e+00,0.000000e+00,0.000000e+00,0.000000e+00,0.000000e+00,0.000000e+00,0.000000e+00,0.000000e+00,0.000000e+00,0.000000e+00,0.000000e+00,0.000000e+00,0.000000e+00,0.000000e+00,0.000000e+00
1.000000e+00,0.000000e+00,0.000000e+00,0.000000e+00,0.000000e+00,0.000000e+00,0.000000e+00,0.000000e+00,0.000000e+00,0.000000e+00,0.000000e+00,0.000000e+00,0.000000e+00,0.000000e+00,0.000000e+00
1.000000e+00,0.000000e+00,0.000000e+00,0.000000e+00,0.000000e+00,0.000000e+00,0.000000e+00,0.000000e+00,0.000000e+00,0.000000e+00,0.000000e+00,0.000000e+00,0.000000e+00,0.000000e+00,0.000000e+00
1.000000e+00,0.000000e+00,0.000000e+00,0.000000e+00,0.000000e+00,0.000000e+00,0.000000e+00,0.000000e+00,0.000000e+00,0.000000e+00,0.000000e+00,0.000000e+00,0.000000e+00,0.000000e+00,0.000000e+00
1.000000e+00,0.000000e+00,0.000000e+00,0.000000e+00,0.000000e+00,0.000000e+00,0.000000e+00,0.000000e+00,0.000000e+00,0.000000e+00,0.000000e+00,0.000000e+00,0.000000e+00,0.000000e+00,0.000000e+00
1.000000e+00,0.000000e+00,0.000000e+00,0.000000e+00,0.000000e+00,0.000000e+00,0.000000e+00,0.000000e+00,0.000000e+00,0.000000e+00,0.000000e+00,0.000000e+00,0.000000e+00,0.000000e+00,0.000000e+00
1.000000e+00,0.000000e+00,0.000000e+00,0.000000e+00,0.000000e+00,0.000000e+00,0.000000e+00,0.000000e+00,0.000000e+00,0.000000e+00,0.000000e+00,0.000000e+00,0.000000e+00,0.000000e+00,0.000000e+00
1.000000e+00,0.000000e+00,0.000000e+00,0.000000e+00,0.000000e+00,0.000000e+00,0.000000e+00,0.000000e+00,0.000000e+00,0.000000e+00,0.000000e+00,0.000000e+00,0.000000e+00,0.000000e+00,0.000000e+00
1.000000e+00,0.000000e+00,0.000000e+00,0.000000e+00,0.000000e+00,0.000000e+00,0.000000e+00,0.000000e+00,0.000000e+00,0.000000e+00,0.000000e+00,0.000000e+00,0.000000e+00,0.000000e+00,0.000000e+00
1.000000e+00,0.000000e+00,0.000000e+00,0.000000e+00,0.000000e+00,0.000000e+00,0.000000e+00,0.000000e+00,0.000000e+00,0.000000e+00,0.000000e+00,0.000000e+00,0.000000e+00,0.000000e+00,0.000000e+00
1.000000e+00,0.000000e+00,0.000000e+00,0.000000e+00,0.000000e+00,0.000000e+00,0.000000e+00,0.000000e+00,0.000000e+00,0.000000e+00,0.000000e+00,0.000000e+00,0.000000e+00,0.000000e+00,0.000000e+00
1.000000e+00,0.000000e+00,0.000000e+00,0.000000e+00,0.000000e+00,0.000000e+00,0.000000e+00,0.000000e+00,0.000000e+00,0.000000e+00,0.000000e+00,0.000000e+00,0.000000e+00,0.000000e+00,0.000000e+00
1.000000e+00,0.000000e+00,0.000000e+00,0.000000e+00,0.000000e+00,0.000000e+00,0.000000e+00,0.000000e+00,0.000000e+00,0.000000e+00,0.000000e+00,0.000000e+00,0.000000e+00,0.000000e+00,0.000000e+00
1.000000e+00,0.000000e+00,0.000000e+00,0.000000e+00,0.000000e+00,0.000000e+00,0.000000e+00,0.000000e+00,0.000000e+00,0.000000e+00,0.000000e+00,0.000000e+00,0.000000e+00,0.000000e+00,0.000000e+00
1.000000e+00,0.000000e+00,0.000000e+00,0.000000e+00,0.000000e+00,0.000000e+00,0.000000e+00,0.000000e+00,0.000000e+00,0.000000e+00,0.000000e+00,0.000000e+00,0.000000e+00,0.000000e+00,0.000000e+00
1.000000e+00,0.000000e+00,0.000000e+00,0.000000e+00,0.000000e+00,0.000000e+00,0.000000e+00,0.000000e+00,0.000000e+00,0.000000e+00,0.000000e+00,0.000000e+00,0.000000e+00,0.000000e+00,0.000000e+00
1.000000e+00,0.000000e+00,0.000000e+00,0.000000e+00,0.000000e+00,0.000000e+00,0.000000e+00,0.000000e+00,0.000000e+00,0.000000e+00,0.000000e+00,0.000000e+00,0.000000e+00,0.000000e+00,0.000000e+00
1.000000e+00,0.000000e+00,0.000000e+00,0.000000e+00,0.000000e+00,0.000000e+00,0.000000e+00,0.000000e+00,0.000000e+00,0.000000e+00,0.000000e+00,0.000000e+00,0.000000e+00,0.000000e+00,0.000000e+00
1.000000e+00,0.000000e+00,0.000000e+00,0.000000e+00,0.000000e+00,0.000000e+00,0.000000e+00,0.000000e+00,0.000000e+00,0.000000e+00,0.000000e+00,0.000000e+00,0.000000e+00,0.000000e+00,0.000000e+00
1.000000e+00,0.000000e+00,0.000000e+00,0.000000e+00,0.000000e+00,0.000000e+00,0.000000e+00,0.000000e+00,0.000000e+00,0.000000e+00,0.000000e+00,0.000000e+00,0.000000e+00,0.000000e+00,0.000000e+00
1.000000e+00,0.000000e+00,0.000000e+00,0.000000e+00,0.000000e+00,0.000000e+00,0.000000e+00,0.000000e+00,0.000000e+00,0.000000e+00,0.000000e+00,0.000000e+00,0.000000e+00,0.000000e+00,0.000000e+00
1.000000e+00,0.000000e+00,0.000000e+00,0.000000e+00,0.000000e+00,0.000000e+00,0.000000e+00,0.000000e+00,0.000000e+00,0.000000e+00,0.000000e+00,0.000000e+00,0.000000e+00,0.000000e+00,0.000000e+00
1.000000e+00,0.000000e+00,0.000000e+00,0.000000e+00,0.000000e+00,0.000000e+00,0.000000e+00,0.000000e+00,0.000000e+00,0.000000e+00,0.000000e+00,0.000000e+00,0.000000e+00,0.000000e+00,0.000000e+00
1.000000e+00,0.000000e+00,0.000000e+00,0.000000e+00,0.000000e+00,0.000000e+00,0.000000e+00,0.000000e+00,0.000000e+00,0.000000e+00,0.000000e+00,0.000000e+00,0.000000e+00,0.000000e+00,0.000000e+00
1.000000e+00,0.000000e+00,0.000000e+00,0.000000e+00,0.000000e+00,0.000000e+00,0.000000e+00,0.000000e+00,0.000000e+00,0.000000e+00,0.000000e+00,0.000000e+00,0.000000e+00,0.000000e+00,0.000000e+00
1.000000e+00,0.000000e+00,0.000000e+00,0.000000e+00,0.000000e+00,0.000000e+00,0.000000e+00,0.000000e+00,0.000000e+00,0.000000e+00,0.000000e+00,0.000000e+00,0.000000e+00,0.000000e+00,0.000000e+00
1.000000e+00,0.000000e+00,0.000000e+00,0.000000e+00,0.000000e+00,0.000000e+00,0.000000e+00,0.000000e+00,0.000000e+00,0.000000e+00,0.000000e+00,0.000000e+00,0.000000e+00,0.000000e+00,0.000000e+00
1.000000e+00,0.000000e+00,0.000000e+00,0.000000e+00,0.000000e+00,0.000000e+00,0.000000e+00,0.000000e+00,0.000000e+00,0.000000e+00,0.000000e+00,0.000000e+00,0.000000e+00,0.000000e+00,0.000000e+00
1.000000e+00,0.000000e+00,0.000000e+00,0.000000e+00,0.000000e+00,0.000000e+00,0.000000e+00,0.000000e+00,0.000000e+00,0.000000e+00,0.000000e+00,0.000000e+00,0.000000e+00,0.000000e+00,0.000000e+00
1.000000e+00,0.000000e+00,0.000000e+00,0.000000e+00,0.000000e+00,0.000000e+00,0.000000e+00,0.000000e+00,0.000000e+00,0.000000e+00,0.000000e+00,0.000000e+00,0.000000e+00,0.000000e+00,0.000000e+00
1.000000e+00,0.000000e+00,0.000000e+00,0.000000e+00,0.000000e+00,0.000000e+00,0.000000e+00,0.000000e+00,0.000000e+00,0.000000e+00,0.000000e+00,0.000000e+00,0.000000e+00,0.000000e+00,0.000000e+00
1.000000e+00,0.000000e+00,0.000000e+00,0.000000e+00,0.000000e+00,0.000000e+00,0.000000e+00,0.000000e+00,0.000000e+00,0.000000e+00,0.000000e+00,0.000000e+00,0.000000e+00,0.000000e+00,0.000000e+00
1.000000e+00,0.000000e+00,0.000000e+00,0.000000e+00,0.000000e+00,0.000000e+00,0.000000e+00,0.000000e+00,0.000000e+00,0.000000e+00,0.000000e+00,0.000000e+00,0.000000e+00,0.000000e+00,0.000000e+00
1.000000e+00,0.000000e+00,0.000000e+00,0.000000e+00,0.000000e+00,0.000000e+00,0.000000e+00,0.000000e+00,0.000000e+00,0.000000e+00,0.000000e+00,0.000000e+00,0.000000e+00,0.000000e+00,0.000000e+00
1.000000e+00,0.000000e+00,0.000000e+00,0.000000e+00,0.000000e+00,0.000000e+00,0.000000e+00,0.000000e+00,0.000000e+00,0.000000e+00,0.000000e+00,0.000000e+00,0.000000e+00,0.000000e+00,0.000000e+00
1.000000e+00,0.000000e+00,0.000000e+00,0.000000e+00,0.000000e+00,0.000000e+00,0.000000e+00,0.000000e+00,0.000000e+00,0.000000e+00,0.000000e+00,0.000000e+00,0.000000e+00,0.000000e+00,0.000000e+00
1.000000e+00,0.000000e+00,0.000000e+00,0.000000e+00,0.000000e+00,0.000000e+00,0.000000e+00,0.000000e+00,0.000000e+00,0.000000e+00,0.000000e+00,0.000000e+00,0.000000e+00,0.000000e+00,0.000000e+00
1.000000e+00,0.000000e+00,0.000000e+00,0.000000e+00,0.000000e+00,0.000000e+00,0.000000e+00,0.000000e+00,0.000000e+00,0.000000e+00,0.000000e+00,0.000000e+00,0.000000e+00,0.000000e+00,0.000000e+00
1.000000e+00,0.000000e+00,0.000000e+00,0.000000e+00,0.000000e+00,0.000000e+00,0.000000e+00,0.000000e+00,0.000000e+00,0.000000e+00,0.000000e+00,0.000000e+00,0.000000e+00,0.000000e+00,0.000000e+00
4.581670e-01,4.367029e-02,2.092057e-02,5.086832e-02,6.586678e-03,2.750733e-02,4.460405e-03,1.060863e-02,1.778405e-02,1.508077e-02,2.836293e-02,1.967359e-02,1.675631e-02,6.956691e-02,2.099862e-01
4.167680e-01,5.496463e-02,2.347119e-02,5.921889e-02,7.687096e-03,2.633522e-02,4.360371e-03,1.071194e-02,1.856096e-02,1.562305e-02,3.132803e-02,2.019126e-02,1.669965e-02,7.232867e-02,2.217510e-01
3.623309e-01,6.951647e-02,3.422306e-02,7.148674e-02,9.097299e-03,2.391963e-02,4.663181e-03,1.426070e-02,2.136697e-02,1.599063e-02,3.323514e-02,2.337498e-02,2.017266e-02,6.424429e-02,2.321173e-01
3.472140e-01,7.919849e-02,3.059508e-02,8.436373e-02,1.035939e-02,2.243045e-02,4.759972e-03,1.470210e-02,2.343236e-02,1.546190e-02,3.943068e-02,3.061051e-02,2.521316e-02,6.222101e-02,2.100072e-01
2.735001e-01,1.234162e-01,5.491128e-02,1.360695e-01,1.183688e-02,2.010451e-02,5.102575e-03,2.137408e-02,2.772927e-02,1.205564e-02,3.568766e-02,3.060187e-02,2.378469e-02,4.733377e-02,1.764920e-01
2.883440e-01,1.167926e-01,4.583857e-02,1.516612e-01,1.591038e-02,2.016312e-02,6.219654e-03,1.944789e-02,3.532980e-02,9.929131e-03,3.955574e-02,3.795774e-02,2.850297e-02,4.032306e-02,1.440241e-01
3.263946e-01,1.015144e-01,3.783692e-02,1.469578e-01,2.034428e-02,2.251420e-02,6.979011e-03,1.824747e-02,3.474237e-02,8.373681e-03,3.939508e-02,4.840977e-02,3.602777e-02,3.342707e-02,1.188356e-01
2.920201e-01,8.205359e-02,2.735870e-02,1.415122e-01,2.048297e-02,2.061165e-02,6.728336e-03,1.452120e-02,8.148944e-02,9.273971e-03,3.036853e-02,4.269471e-02,4.549770e-02,2.542272e-02,1.599642e-01
2.188573e-01,6.463615e-02,1.961306e-02,1.921469e-01,1.655707e-02,1.548654e-02,5.610439e-03,1.065110e-02,1.603997e-01,8.571831e-03,2.452430e-02,3.179480e-02,4.394018e-02,1.824669e-02,1.689639e-01
1.540787e-01,5.090617e-02,1.648786e-02,3.108069e-01,1.313281e-02,1.185430e-02,4.439042e-03,7.501241e-03,1.540174e-01,8.261781e-03,1.787981e-02,2.246801e-02,3.212687e-02,1.291492e-02,1.831242e-01
1.090192e-01,3.919745e-02,1.174873e-02,2.335768e-01,1.014016e-02,9.872453e-03,3.597707e-03,5.272756e-03,1.650373e-01,6.889000e-03,1.296617e-02,1.581791e-02,2.782224e-02,9.886906e-03,3.391553e-01
7.869671e-02,4.512203e-02,9.037813e-03,2.167689e-01,8.120444e-03,8.635805e-03,3.307352e-03,3.806181e-03,2.003981e-01,5.406757e-03,9.925008e-03,1.123079e-02,2.327195e-02,8.801551e-03,3.674707e-01
6.415246e-02,4.553371e-02,7.276420e-03,2.043388e-01,6.600978e-03,8.651019e-03,2.698091e-03,2.966131e-03,1.862960e-01,5.978066e-03,8.720268e-03,8.058767e-03,1.904160e-02,1.377073e-02,4.159170e-01
4.567885e-02,4.064671e-02,5.256895e-03,1.455458e-01,4.795943e-03,6.570728e-03,1.939260e-03,2.085800e-03,2.047207e-01,5.794742e-03,6.346858e-03,5.682713e-03,1.538806e-02,1.477524e-02,4.947717e-01
3.806403e-02,3.638933e-02,3.736479e-03,1.028114e-01,3.433599e-03,4.889368e-03,1.378482e-03,1.489027e-03,3.509999e-01,4.374790e-03,4.775390e-03,4.099012e-03,1.579866e-02,1.947146e-02,4.082891e-01
3.883176e-02,3.145639e-02,2.645598e-03,7.254396e-02,2.528979e-03,3.877689e-03,1.007219e-03,1.071690e-03,4.655330e-01,3.330574e-03,3.785592e-03,3.128329e-03,1.801777e-02,3.788147e-02,3.143600e-01
3.219883e-02,2.427612e-02,1.883463e-03,5.157261e-02,1.843402e-03,3.004472e-03,7.280035e-04,7.757793e-04,6.113540e-01,2.470999e-03,2.791459e-03,2.540747e-03,1.540102e-02,2.755847e-02,2.216007e-01
5.266795e-02,2.198040e-02,1.372786e-03,3.667061e-02,1.487220e-03,2.694803e-03,5.795305e-04,6.433369e-04,6.649253e-01,2.114837e-03,2.239177e-03,2.544688e-03,1.710574e-02,2.707414e-02,1.658995e-01
1.238252e-01,2.147646e-02,1.059171e-03,2.608062e-02,1.680881e-03,2.658030e-03,5.171390e-04,7.240424e-04,6.196958e-01,1.891540e-03,2.541843e-03,2.981151e-03,1.578242e-02,4.905365e-02,1.300321e-01
9.069181e-02,1.725893e-02,5.783795e-03,2.157363e-02,1.740013e-03,2.029180e-03,3.840847e-04,5.862566e-04,7.078650e-01,1.601618e-03,2.595451e-03,2.368394e-03,1.192454e-02,3.849969e-02,9.509763e-02
1.210043e-01,1.933572e-02,1.790787e-02,2.055191e-02,3.424728e-03,2.832016e-03,4.851894e-04,1.413409e-03,6.529386e-01,3.125932e-03,5.777335e-03,3.959378e-03,1.697911e-02,4.903407e-02,8.123050e-02
2.061346e-01,2.629409e-02,4.446919e-02,1.775870e-02,4.362831e-03,9.502923e-03,7.600871e-04,1.612364e-03,4.741420e-01,3.439082e-03,7.203599e-03,6.389260e-03,1.807576e-02,7.578702e-02,1.040686e-01
1.883198e-01,2.770429e-02,6.939036e-02,1.884649e-02,4.315433e-03,8.516336e-03,6.166480e-04,1.309122e-03,4.306714e-01,5.952881e-03,6.985645e-03,5.109790e-03,1.422214e-02,6.544623e-02,1.525934e-01
1.764034e-01,2.532266e-02,1.103016e-01,1.661930e-02,3.406586e-03,8.379158e-03,4.716869e-04,9.649266e-04,3.522785e-01,1.048203e-02,5.830525e-03,4.253236e-03,1.080377e-02,6.094256e-02,2.135400e-01
2.183149e-01,3.135798e-02,9.032589e-02,1.450747e-02,3.079020e-03,8.857628e-03,4.450596e-04,1.026573e-03,3.056926e-01,1.317666e-02,5.530837e-03,4.348786e-03,9.137532e-03,5.563774e-02,2.385614e-01
1.898715e-01,3.560414e-02,1.077535e-01,1.792731e-02,2.650990e-03,7.072802e-03,3.695147e-04,1.156339e-03,3.406599e-01,1.996996e-02,4.919976e-03,3.708646e-03,8.665565e-03,4.174530e-02,2.179246e-01
1.390491e-01,4.505816e-02,1.354685e-01,1.872497e-02,1.956659e-03,5.204177e-03,2.695200e-04,9.221362e-04,3.406910e-01,3.012235e-02,4.109061e-03,3.023962e-03,7.160407e-03,3.255519e-02,2.356849e-01
1.049885e-01,4.114204e-02,1.312265e-01,2.231447e-02,2.151262e-03,3.899261e-03,2.328629e-04,1.283538e-03,4.289370e-01,2.827037e-02,5.108392e-03,2.301746e-03,5.827592e-03,2.487133e-02,1.974453e-01
7.615668e-02,3.490572e-02,1.147406e-01,4.013778e-02,1.934753e-03,2.984853e-03,1.852844e-04,1.072366e-03,5.217446e-01,2.389071e-02,5.054695e-03,1.744908e-03,4.651030e-03,1.769308e-02,1.531030e-01
5.383256e-02,3.153624e-02,1.316253e-01,4.817670e-02,1.913338e-03,2.224712e-03,1.536171e-04,9.088589e-04,5.721538e-01,2.026002e-02,4.250518e-03,1.493308e-03,3.730466e-03,1.300701e-02,1.147336e-01
4.330929e-02,3.491196e-02,1.519393e-01,3.997093e-02,3.872068e-03,2.371858e-03,2.206828e-04,1.328213e-03,4.999139e-01,2.286023e-02,6.834513e-03,1.331123e-03,4.884789e-03,1.883657e-02,1.674146e-01
6.408338e-02,4.475494e-02,1.800763e-01,3.159492e-02,2.101677e-02,6.984440e-03,8.171693e-04,4.343033e-03,3.830923e-01,2.097536e-02,9.789576e-03,1.460300e-03,1.015550e-02,2.069373e-02,2.001623e-01
6.152921e-02,5.191895e-02,1.944821e-01,2.449830e-02,4.419059e-02,1.904302e-02,1.458899e-03,4.885067e-03,2.849348e-01,2.018027e-02,8.024697e-03,1.325476e-03,1.389270e-02,2.158462e-02,2.480513e-01
5.501527e-02,5.123002e-02,1.793167e-01,2.124004e-02,5.885187e-02,2.775090e-02,3.445565e-03,1.229472e-02,2.171795e-01,1.609773e-02,6.258948e-03,1.283248e-03,1.461848e-02,2.290806e-02,3.125090e-01
4.111997e-02,4.820865e-02,1.467572e-01,4.257675e-02,4.472397e-02,2.127037e-02,2.809393e-03,9.250161e-03,1.671063e-01,1.830761e-02,4.531868e-03,1.169974e-03,1.089675e-02,1.672506e-02,4.245460e-01
3.634799e-02,4.299134e-02,1.813884e-01,4.698183e-02,3.681562e-02,1.816604e-02,2.459527e-03,7.979130e-03,1.243834e-01,2.219649e-02,3.425574e-03,1.050026e-03,8.761964e-03,1.323359e-02,4.538191e-01
3.982188e-02,3.789626e-02,2.479984e-01,3.691212e-02,3.624245e-02,1.509323e-02,2.062686e-03,7.126089e-03,9.303392e-02,2.378180e-02,2.743834e-03,8.279425e-04,6.796062e-03,1.222367e-02,4.374397e-01
3.223617e-02,3.538321e-02,2.590224e-01,5.680036e-02,2.945830e-02,1.202255e-02,1.723718e-03,5.526219e-03,7.248812e-02,2.517617e-02,2.336782e-03,7.610625e-04,5.277056e-03,1.062886e-02,4.511591e-01
2.679994e-02,2.867947e-02,2.365787e-01,4.242517e-02,2.395100e-02,9.243237e-03,1.481251e-03,4.523133e-03,5.562440e-02,3.873372e-02,2.274909e-03,6.826575e-04,4.053513e-03,1.424538e-02,5.107036e-01
2.593667e-02,3.296345e-02,2.966081e-01,4.365879e-02,2.388285e-02,1.138712e-02,1.848206e-03,5.939513e-03,4.612849e-02,3.972111e-02,3.086017e-03,1.342140e-03,3.914557e-03,1.741222e-02,4.461707e-01
4.303537e-02,2.976522e-02,3.665293e-01,5.226530e-02,2.290298e-02,1.155100e-02,1.835026e-03,8.813765e-03,4.324942e-02,3.779620e-02,3.095306e-03,1.946175e-03,3.650548e-03,1.664882e-02,3.569155e-01
8.193538e-02,2.826344e-02,3.055179e-01,4.112411e-02,2.427718e-02,1.704081e-02,1.762103e-03,1.447652e-02,4.566505e-02,4.116623e-02,5.953293e-03,3.027791e-03,3.501094e-03,5.840603e-02,3.278831e-01
1.345576e-01,2.994622e-02,2.768490e-01,3.695356e-02,4.645149e-02,3.235684e-02,1.593208e-03,1.965895e-02,5.334927e-02,4.205189e-02,6.091039e-03,3.253119e-03,3.448368e-03,5.503277e-02,2.584068e-01
1.893172e-01,2.773049e-02,2.460801e-01,3.196713e-02,5.912330e-02,4.827423e-02,1.580799e-03,3.211112e-02,6.275512e-02,3.521538e-02,9.646187e-03,4.777440e-03,5.500825e-03,5.123156e-02,1.946891e-01
1.453718e-01,2.845740e-02,1.865698e-01,1.626732e-01,5.066103e-02,5.775873e-02,1.319604e-03,2.377640e-02,5.353596e-02,3.874042e-02,1.593019e-02,8.165450e-03,7.819051e-03,3.791277e-02,1.813082e-01
1.033461e-01,3.205379e-02,1.411284e-01,1.454065e-01,3.935986e-02,6.434431e-02,9.937597e-04,1.681519e-02,4.941675e-02,3.126990e-02,2.795970e-02,1.065386e-02,9.518916e-03,4.552086e-02,2.822120e-01
7.257806e-02,2.387376e-02,9.926770e-02,1.023565e-01,2.780966e-02,4.605282e-02,7.228528e-04,1.183544e-02,4.770674e-02,2.325616e-02,2.360954e-02,9.155358e-03,7.246203e-03,3.923594e-02,4.652932e-01
5.099124e-02,1.816240e-02,7.058055e-02,7.177700e-02,2.018019e-02,3.277870e-02,5.773449e-04,8.375667e-03,5.593443e-02,1.838404e-02,3.731121e-02,8.160523e-03,5.801724e-03,8.870541e-02,5.122795e-01
3.583571e-02,1.357403e-02,5.046328e-02,5.031277e-02,1.484309e-02,2.339847e-02,4.371123e-04,5.909050e-03,5.701365e-02,1.404266e-02,3.944729e-02,6.479179e-03,4.506603e-03,2.622660e-01,4.214711e-01
2.517386e-02,9.800781e-03,3.594196e-02,3.558890e-02,1.128765e-02,1.693693e-02,3.378694e-04,4.186831e-03,7.501123e-02,1.181398e-02,4.918031e-02,5.455647e-03,3.600303e-03,4.134459e-01,3.022377e-01
1.766366e-02,7.041924e-03,2.522895e-02,2.503327e-02,8.123089e-03,1.222334e-02,2.489161e-04,2.937540e-03,7.636435e-02,9.506746e-03,4.600049e-02,4.190594e-03,2.654012e-03,5.483313e-01,2.144518e-01
1.242957e-02,5.180109e-03,1.771266e-02,1.766976e-02,6.176019e-03,9.243220e-03,2.070231e-04,2.069776e-03,2.462759e-01,9.324959e-03,4.462636e-02,3.039130e-03,1.909724e-03,4.705794e-01,1.535563e-01
8.825524e-03,3.942383e-03,1.318403e-02,1.257292e-02,4.529932e-03,1.158167e-02,2.252272e-04,1.531009e-03,2.670133e-01,1.119877e-02,4.517467e-02,2.371000e-03,1.389362e-03,5.066525e-01,1.098077e-01
6.242983e-03,2.870832e-03,9.430637e-03,8.870827e-03,3.272287e-03,8.595712e-03,1.651643e-04,1.077818e-03,2.436267e-01,1.165413e-02,4.803522e-02,1.964586e-03,1.026732e-03,5.754941e-01,7.767223e-02
4.455232e-03,2.114869e-03,6.713009e-03,6.272704e-03,2.536853e-03,6.628551e-03,1.219596e-04,7.618774e-04,3.521659e-01,1.040150e-02,3.581006e-02,1.455205e-03,7.469000e-04,5.138915e-01,5.592390e-02
3.350073e-03,2.054740e-03,5.594714e-03,4.692734e-03,3.435327e-03,6.101132e-03,1.526744e-04,8.025598e-04,4.346337e-01,1.009377e-02,2.643177e-02,1.138947e-03,5.612199e-04,4.610404e-01,3.991623e-02
5.179364e-03,2.612677e-03,7.816653e-03,4.330807e-03,5.127945e-03,1.319963e-02,2.200924e-04,1.332147e-03,4.504923e-01,1.117918e-02,2.293012e-02,9.118831e-04,4.695835e-04,4.445810e-01,2.961672e-02
8.739845e-03,2.418664e-03,6.517174e-03,3.539410e-03,4.960258e-03,1.159879e-02,2.075368e-04,1.218720e-03,5.194814e-01,1.334190e-02,2.171843e-02,9.020811e-04,5.872035e-04,3.826590e-01,2.210953e-02
7.050014e-03,1.896233e-03,4.735491e-03,2.697447e-03,3.876850e-03,9.789559e-03,1.562500e-04,8.713267e-04,4.398383e-01,1.066476e-02,2.858476e-02,8.162986e-04,6.114555e-04,4.699399e-01,1.847133e-02
5.497144e-03,1.950636e-03,3.480199e-03,2.063166e-03,3.154823e-03,7.832212e-03,1.231865e-04,6.559965e-04,4.767299e-01,9.971496e-03,2.610259e-02,6.528119e-04,4.956155e-04,4.473297e-01,1.396049e-02
4.515430e-03,4.138618e-03,3.168225e-03,1.938364e-03,3.555601e-03,7.606728e-03,1.228783e-04,5.589696e-04,5.551180e-01,9.254581e-03,2.410295e-02,5.399880e-04,4.767574e-04,3.745025e-01,1.040044e-02
4.223600e-03,1.036846e-02,3.722437e-03,2.491598e-03,4.099716e-03,7.686488e-03,1.665106e-04,5.589270e-04,5.799398e-01,8.775657e-03,2.378242e-02,5.590551e-04,4.517552e-04,3.453246e-01,7.848988e-03
3.457898e-03,1.078411e-02,2.875638e-03,1.986005e-03,3.193969e-03,6.607894e-03,1.415837e-04,4.525238e-04,6.603010e-01,6.959200e-03,1.794353e-02,5.277047e-04,3.591232e-04,2.787239e-01,5.685963e-03
5.554334e-03,8.617179e-03,2.943014e-03,1.993831e-03,3.181513e-03,5.209430e-03,1.808096e-04,5.103567e-04,7.139812e-01,8.413236e-03,1.484847e-02,6.496987e-04,4.488423e-04,2.290602e-01,4.407973e-03
7.782470e-03,1.560480e-02,3.799175e-03,2.391129e-03,6.219218e-03,6.618631e-03,2.049695e-04,8.197665e-04,7.374679e-01,8.549724e-03,1.279532e-02,9.108462e-04,7.976423e-04,1.920517e-01,3.986718e-03
8.751311e-03,1.930894e-02,3.568407e-03,2.662518e-03,1.337438e-02,1.120072e-02,2.595022e-04,1.077442e-03,7.587318e-01,1.072520e-02,1.003941e-02,9.216837e-04,8.964865e-04,1.525075e-01,5.974723e-03
2.316547e-02,2.604596e-02,5.516327e-03,4.356857e-03,2.790117e-02,1.117315e-02,3.186482e-04,3.092061e-03,7.359793e-01,1.393119e-02,8.552462e-03,1.348766e-03,1.172092e-03,1.289216e-01,8.524908e-03
3.467081e-02,3.473941e-02,4.464496e-03,4.493154e-03,2.556805e-02,1.425746e-02,2.565186e-04,6.544597e-03,7.130609e-01,1.442036e-02,7.601701e-03,1.664915e-03,1.331546e-03,1.258560e-01,1.107016e-02
3.028642e-02,5.482506e-02,3.755923e-03,9.304945e-03,2.622290e-02,1.250707e-02,2.022425e-04,6.162481e-03,7.021953e-01,2.195606e-02,6.112926e-03,1.578084e-03,1.506355e-03,9.778062e-02,2.560357e-02
3.179646e-02,5.665892e-02,3.053366e-03,1.083324e-02,4.193547e-02,1.750457e-02,3.167272e-04,6.434010e-03,6.987137e-01,1.882485e-02,5.335657e-03,1.342285e-03,2.395055e-03,7.727189e-02,2.758388e-02
2.871833e-02,5.949574e-02,2.531532e-03,2.130114e-02,3.148242e-02,1.567681e-02,2.440037e-04,4.955538e-03,7.068863e-01,1.544581e-02,1.689750e-02,2.199250e-03,7.070372e-03,5.623562e-02,3.085964e-02
2.032050e-02,4.373379e-02,7.563775e-03,4.017412e-02,2.323312e-02,1.377677e-02,2.010764e-04,3.638974e-03,6.568018e-01,2.860598e-02,5.751736e-02,1.830511e-03,1.013751e-02,4.092495e-02,5.153970e-02
1.453852e-02,3.186741e-02,6.634770e-03,3.656612e-02,1.854544e-02,1.071923e-02,1.708196e-04,2.593958e-03,5.097790e-01,2.293533e-02,1.631790e-01,2.454333e-03,1.697101e-02,1.160147e-01,4.703047e-02
1.054656e-02,2.361393e-02,5.939672e-03,2.858613e-02,1.403070e-02,8.234234e-03,1.867112e-04,1.915882e-03,4.328640e-01,2.190978e-02,1.629933e-01,3.714660e-03,3.000355e-02,1.751395e-01,8.032134e-02
7.810228e-03,1.767393e-02,5.384414e-03,2.136871e-02,1.090478e-02,7.163262e-03,1.940757e-04,1.437893e-03,4.730712e-01,2.085554e-02,1.578034e-01,3.441772e-03,2.218460e-02,1.889456e-01,6.176056e-02
5.895503e-03,1.361605e-02,4.925627e-03,1.910407e-02,8.605904e-03,5.665141e-03,2.305920e-04,1.145855e-03,4.753681e-01,2.119844e-02,1.553694e-01,3.517219e-03,1.659367e-02,2.202938e-01,4.847067e-02
6.549059e-03,1.026847e-02,4.602487e-03,2.317968e-02,7.390907e-03,5.073930e-03,4.600522e-04,1.489443e-03,3.583485e-01,2.133551e-02,2.367550e-01,1.028349e-02,1.547590e-02,2.562102e-01,4.257738e-02
5.040054e-03,7.307643e-03,3.460925e-03,1.679169e-02,6.065380e-03,3.676640e-03,3.651046e-04,1.130310e-03,2.522954e-01,1.583801e-02,4.224887e-01,9.630823e-03,1.138183e-02,2.111032e-01,3.342424e-02
5.322752e-03,5.249934e-03,2.593825e-03,1.297683e-02,5.399404e-03,3.479312e-03,4.457824e-04,9.272705e-04,1.819004e-01,1.999282e-02,4.981466e-01,1.163581e-02,1.067421e-02,2.149407e-01,2.631428e-02
4.239564e-02,4.989240e-03,4.047309e-03,1.057527e-02,5.843220e-03,4.309251e-03,1.212975e-03,1.505085e-03,1.316765e-01,1.973414e-02,5.026457e-01,2.152399e-02,1.134581e-02,2.113259e-01,2.686992e-02
3.633723e-02,1.207464e-02,2.598965e-02,8.859998e-03,9.223158e-03,4.319648e-03,1.721341e-03,3.878068e-03,1.037671e-01,1.616456e-02,5.351375e-01,2.102920e-02,1.016457e-02,1.828145e-01,2.851881e-02
2.737299e-02,1.015738e-02,3.873667e-02,6.880604e-03,1.051984e-02,6.592952e-03,1.607369e-03,4.449681e-03,1.099370e-01,1.709159e-02,4.600106e-01,1.884105e-02,8.517151e-03,2.529771e-01,2.630807e-02
2.183684e-02,8.110134e-03,3.883353e-02,1.381847e-02,1.074911e-02,1.469776e-02,1.535000e-03,1.290699e-02,1.638573e-01,1.616298e-02,4.385268e-01,1.765167e-02,1.372054e-02,2.009170e-01,2.667591e-02
1.630724e-02,6.546537e-03,3.087188e-02,1.152401e-02,9.345270e-03,1.437283e-02,1.199728e-03,1.044969e-02,1.499220e-01,1.306286e-02,5.132388e-01,1.420546e-02,1.201568e-02,1.764088e-01,2.052919e-02
1.808044e-02,6.887619e-03,4.862449e-02,1.783670e-02,1.010455e-02,2.088114e-02,3.888044e-03,6.587842e-02,1.341332e-01,1.189520e-02,4.649863e-01,1.279738e-02,1.443338e-02,1.538302e-01,1.574298e-02
1.418882e-02,1.108234e-02,4.289741e-02,1.617706e-02,1.292999e-02,1.097818e-01,3.565957e-03,5.202168e-02,1.968593e-01,1.028477e-02,3.732077e-01,1.035541e-02,1.234851e-02,1.220403e-01,1.225897e-02
1.040760e-02,1.262713e-02,3.294408e-02,1.637704e-02,1.141822e-02,1.366593e-01,2.572114e-03,4.261714e-02,3.512618e-01,7.512102e-03,2.632135e-01,7.402511e-03,9.080968e-03,8.710850e-02,8.797991e-03
8.154622e-03,1.397494e-02,2.385077e-02,4.111737e-02,1.064058e-02,2.544037e-01,1.829572e-03,3.106011e-02,3.378966e-01,6.476924e-03,1.882025e-01,5.343171e-03,7.078409e-03,6.253249e-02,7.438202e-03
8.276633e-03,1.482780e-02,1.790630e-02,5.038409e-02,1.873284e-02,3.013005e-01,1.382088e-03,2.618029e-02,3.609987e-01,5.456410e-03,1.343189e-01,3.799349e-03,5.295238e-03,4.500029e-02,6.140674e-03
1.186411e-02,1.365662e-02,1.341188e-02,5.149541e-02,4.948964e-02,3.576089e-01,1.183550e-03,2.356068e-02,3.238206e-01,5.251413e-03,9.756039e-02,2.805881e-03,4.222323e-03,3.303602e-02,1.103252e-02
1.467657e-02,1.359386e-02,1.058661e-02,1.151698e-01,5.069520e-02,3.079220e-01,1.111883e-03,3.014952e-02,3.317037e-01,8.269277e-03,7.181317e-02,2.098929e-03,3.393364e-03,2.379683e-02,1.501924e-02
2.631855e-02,1.390463e-02,8.169612e-03,9.751046e-02,6.705049e-02,3.193797e-01,1.100119e-03,2.526844e-02,2.824394e-01,8.871708e-03,5.302737e-02,1.658185e-03,2.906557e-03,1.727109e-02,7.512365e-02
3.041946e-02,1.254476e-02,1.656989e-02,2.293607e-01,5.713053e-02,2.565951e-01,8.949046e-04,3.021535e-02,2.255832e-01,8.490300e-03,4.094044e-02,1.446568e-03,2.310368e-03,1.225739e-02,7.524109e-02
5.293527e-02,1.276722e-02,1.303019e-02,1.906551e-01,6.859161e-02,3.013538e-01,8.723381e-04,4.313796e-02,1.976864e-01,6.715107e-03,3.066026e-02,1.511345e-03,2.020292e-03,8.915091e-03,6.914805e-02
5.156401e-02,1.604964e-02,1.978517e-02,2.836835e-01,8.875724e-02,2.237728e-01,1.357334e-03,7.647987e-02,1.490535e-01,4.912501e-03,2.238382e-02,1.626675e-03,1.791679e-03,6.306636e-03,5.247560e-02
6.713743e-02,2.765383e-02,2.409799e-02,3.141351e-01,7.215955e-02,2.027983e-01,1.134770e-03,6.074607e-02,1.190141e-01,5.892062e-03,1.881377e-02,2.625211e-03,1.994717e-03,4.649606e-03,7.714744e-02
5.314530e-02,3.691727e-02,2.390265e-02,2.269825e-01,5.128394e-02,1.467326e-01,8.555805e-04,4.393892e-02,1.057706e-01,2.063165e-01,1.770907e-02,2.204502e-03,3.213834e-03,3.845537e-03,7.718118e-02
5.708189e-02,6.622846e-02,3.077332e-02,1.893460e-01,4.012055e-02,1.350757e-01,1.186046e-03,3.248179e-02,9.254833e-02,2.689367e-01,1.955496e-02,1.856755e-03,3.695817e-03,3.616849e-03,5.749670e-02
7.160269e-02,7.400838e-02,3.852309e-02,1.587274e-01,4.327942e-02,1.200861e-01,1.298065e-03,4.732939e-02,9.994054e-02,2.657118e-01,2.427183e-02,2.568505e-03,5.690617e-03,3.388316e-03,4.357373e-02
5.462659e-02,5.783514e-02,2.938282e-02,1.441971e-01,3.122509e-02,8.742687e-02,1.051938e-03,3.428971e-02,2.491327e-01,2.397029e-01,1.996610e-02,2.410110e-03,6.250794e-03,2.751989e-03,3.975010e-02
3.922292e-02,4.242738e-02,2.141668e-02,1.162733e-01,2.206291e-02,6.234702e-02,8.122809e-04,2.489238e-02,3.997256e-01,1.964958e-01,2.334815e-02,3.184368e-03,1.208559e-02,2.395875e-03,3.330979e-02
3.029771e-02,3.252060e-02,1.781433e-02,9.193021e-02,1.632040e-02,4.452899e-02,7.282054e-04,1.801365e-02,5.164570e-01,1.446188e-01,2.706125e-02,3.994904e-03,1.840844e-02,3.489234e-03,3.381631e-02
3.254534e-02,2.427769e-02,1.385601e-02,8.192603e-02,1.288603e-02,3.297751e-02,8.549545e-04,1.295847e-02,4.980587e-01,1.065183e-01,1.024145e-01,5.614412e-03,2.479669e-02,1.333962e-02,3.697579e-02
2.465256e-02,1.913011e-02,1.409622e-02,6.979339e-02,1.164169e-02,2.417946e-02,1.047632e-03,9.332724e-03,5.375515e-01,8.719812e-02,1.041930e-01,6.327585e-03,2.377597e-02,2.345795e-02,4.362211e-02
1.850732e-02,1.385363e-02,1.019656e-02,5.054530e-02,9.988700e-03,1.756895e-02,9.440255e-04,6.753506e-03,3.853924e-01,6.377742e-02,1.095626e-01,5.195907e-03,2.829343e-02,1.725926e-01,1.068276e-01
1.508478e-02,9.842728e-03,7.415758e-03,3.578099e-02,8.971741e-03,1.258120e-02,8.081805e-04,4.879772e-03,2.771071e-01,4.853197e-02,9.279373e-02,4.612243e-03,2.655600e-02,2.917699e-01,1.632639e-01
1.181861e-02,8.206845e-03,5.901176e-03,3.076001e-02,1.453763e-02,1.116553e-02,6.792241e-04,3.636472e-03,3.574770e-01,3.769277e-02,8.080684e-02,5.313508e-03,2.774963e-02,2.183271e-01,1.859276e-01
9.692307e-03,6.101184e-03,4.712783e-03,2.362424e-02,1.111282e-02,1.114953e-02,8.404386e-04,2.922538e-03,3.127333e-01,3.100211e-02,1.014822e-01,8.321006e-03,2.983364e-02,1.708937e-01,2.755783e-01
9.188060e-03,4.585604e-03,4.273539e-03,2.039012e-02,1.191810e-02,9.653536e-03,9.999657e-04,3.653774e-03,2.465702e-01,3.425776e-02,1.416520e-01,1.461509e-02,3.067215e-02,1.802119e-01,2.873582e-01
6.791952e-03,3.560668e-03,5.595406e-03,1.520691e-02,3.215732e-02,7.170886e-03,1.404282e-03,3.827979e-03,1.826506e-01,4.454003e-02,1.358548e-01,1.437914e-02,2.841758e-02,1.556547e-01,3.627877e-01
4.857650e-03,2.581235e-03,4.733293e-03,1.169432e-02,2.668341e-02,5.339094e-03,1.278120e-03,3.138827e-03,1.334957e-01,4.332019e-02,1.056209e-01,1.444003e-02,2.818182e-02,1.201290e-01,4.945063e-01
4.479325e-03,2.607964e-03,7.096122e-03,1.375889e-02,2.805327e-02,8.244455e-03,1.510452e-03,3.183589e-03,1.010068e-01,6.474573e-02,9.677000e-02,3.114266e-02,5.410753e-02,9.371912e-02,4.895740e-01
3.497429e-03,2.221206e-03,6.027666e-03,1.114852e-02,3.355518e-02,7.300372e-03,1.526197e-03,6.011197e-03,7.413276e-02,6.475718e-02,7.846126e-02,2.607071e-02,4.471849e-02,7.540093e-02,5.651709e-01
3.852412e-03,3.677493e-03,1.222319e-02,1.841716e-02,9.175551e-02,1.100431e-02,1.504758e-03,1.609589e-02,1.051393e-01,8.073423e-02,8.731558e-02,2.642878e-02,4.210002e-02,6.858594e-02,4.311654e-01
1.165665e-02,4.664916e-03,1.983044e-02,2.452688e-02,1.921557e-01,2.305323e-02,3.514406e-03,1.945974e-02,1.159933e-01,1.059037e-01,7.167056e-02,1.998657e-02,3.272144e-02,5.012195e-02,3.047405e-01
1.714968e-02,5.311610e-03,3.894860e-02,5.137630e-02,2.995068e-01,2.085352e-02,7.836647e-03,2.022221e-02,1.044050e-01,9.337208e-02,5.284898e-02,1.445309e-02,2.401552e-02,3.590104e-02,2.137989e-01
1.855911e-02,4.033220e-03,6.865254e-02,2.680165e-01,2.144666e-01,1.672093e-02,5.676951e-03,1.656004e-02,7.398928e-02,6.643819e-02,4.376525e-02,1.088343e-02,1.734747e-02,2.517100e-02,1.497196e-01
1.881199e-02,3.392055e-03,7.157780e-02,3.984541e-01,1.599818e-01,1.653236e-02,4.882762e-03,4.988427e-02,5.337768e-02,4.738502e-02,3.260256e-02,7.889425e-03,1.261384e-02,1.768080e-02,1.049336e-01
2.071445e-02,3.094521e-03,6.470478e-02,4.675890e-01,1.204885e-01,1.540746e-02,3.969905e-03,1.071299e-01,3.832137e-02,3.372787e-02,2.372570e-02,5.697974e-03,9.357980e-03,1.242213e-02,7.364859e-02
3.145476e-02,3.050806e-03,7.443147e-02,4.927597e-01,8.890437e-02,2.543585e-02,3.463183e-03,1.308120e-01,2.752154e-02,2.838910e-02,1.866817e-02,5.351344e-03,9.153185e-03,8.738327e-03,5.186628e-02
4.067836e-02,3.403152e-03,9.402076e-02,4.850156e-01,6.814183e-02,3.864489e-02,2.906699e-03,1.409959e-01,2.018940e-02,2.745167e-02,1.740950e-02,6.411725e-03,1.194049e-02,6.160570e-03,3.662958e-02
4.889433e-02,3.488754e-03,8.591124e-02,4.365322e-01,5.971787e-02,3.100344e-02,2.602958e-03,2.170680e-01,1.583874e-02,2.504550e-02,1.870492e-02,9.706288e-03,1.393083e-02,4.466893e-03,2.708799e-02
7.035178e-02,3.816409e-03,1.023614e-01,4.470970e-01,5.503327e-02,2.493831e-02,2.640902e-03,1.976448e-01,1.332224e-02,2.170919e-02,1.891602e-02,7.887842e-03,1.136217e-02,3.291482e-03,1.962727e-02
8.745337e-02,3.697166e-03,1.113105e-01,4.419457e-01,4.641847e-02,2.102403e-02,2.431568e-03,1.976208e-01,1.235510e-02,2.071458e-02,2.069166e-02,6.648133e-03,1.021555e-02,2.520947e-03,1.495243e-02
8.517269e-02,1.462047e-02,1.021905e-01,3.595155e-01,4.204422e-02,1.905889e-02,2.227471e-03,1.547025e-01,6.300645e-02,3.128671e-02,5.852057e-02,1.416511e-02,3.521274e-02,2.868404e-03,1.540777e-02
7.088065e-02,2.189529e-02,1.005362e-01,2.832398e-01,3.422453e-02,1.830488e-02,1.793527e-03,1.172252e-01,1.373589e-01,4.538867e-02,7.594855e-02,1.592342e-02,5.183558e-02,4.540740e-03,2.090404e-02
6.060392e-02,3.737127e-02,7.731499e-02,2.381352e-01,2.653613e-02,1.751877e-02,1.465698e-03,8.616216e-02,1.862259e-01,4.610231e-02,1.059460e-01,1.604422e-02,5.025503e-02,1.298195e-02,3.733648e-02
4.441861e-02,3.551071e-02,5.568461e-02,1.747224e-01,2.345521e-02,1.612955e-02,1.181780e-03,6.067115e-02,1.587692e-01,4.419771e-02,1.189926e-01,1.404978e-02,5.235302e-02,3.200372e-02,1.678600e-01
3.167589e-02,3.573623e-02,4.040518e-02,1.242424e-01,3.382628e-02,1.283912e-02,9.725717e-04,4.293147e-02,1.478323e-01,3.362815e-02,1.113568e-01,1.102440e-02,4.517477e-02,3.868473e-02,2.896698e-01
2.243992e-02,4.493299e-02,2.907254e-02,8.827920e-02,2.456178e-02,1.175425e-02,7.655472e-04,3.035632e-02,1.735632e-01,2.535205e-02,8.120247e-02,8.002933e-03,3.804497e-02,4.247806e-02,3.791938e-01
1.609311e-02,4.570397e-02,2.088816e-02,6.409848e-02,1.801407e-02,9.322613e-03,5.774531e-04,2.130599e-02,3.037848e-01,2.100705e-02,5.831200e-02,5.926463e-03,2.940314e-02,3.182458e-02,3.537381e-01
1.201405e-02,5.819444e-02,1.524140e-02,4.757655e-02,1.349141e-02,7.483938e-03,4.433858e-04,1.498240e-02,3.830848e-01,1.585579e-02,5.072454e-02,5.506049e-03,2.462137e-02,2.653825e-02,3.242417e-01
9.426552e-03,4.388636e-02,1.135412e-02,3.535717e-02,1.001551e-02,6.178109e-03,3.784558e-04,1.116083e-02,3.627630e-01,1.240620e-02,4.805769e-02,5.946285e-03,2.474668e-02,2.916291e-02,3.891602e-01
7.416224e-03,3.190336e-02,8.591719e-03,2.676192e-02,7.863224e-03,5.210427e-03,3.157778e-04,8.972182e-03,3.283651e-01,9.931870e-03,4.748971e-02,5.709668e-03,2.306648e-02,2.784370e-02,4.605587e-01
8.061835e-03,3.104125e-02,1.591501e-02,2.552804e-02,1.293552e-02,4.786853e-03,4.718378e-04,8.708306e-03,2.764477e-01,1.091610e-02,1.365650e-01,7.523661e-03,4.738646e-02,2.409942e-02,3.896130e-01
8.753162e-03,2.398641e-02,1.509763e-02,3.145687e-02,1.085836e-02,1.144969e-02,4.514896e-04,6.306867e-03,3.150869e-01,1.080967e-02,1.385436e-01,9.487997e-03,7.078537e-02,1.739821e-02,3.295279e-01
7.957240e-03,1.780878e-02,1.738845e-02,2.811218e-02,8.544160e-03,1.139725e-02,6.978802e-04,4.759490e-03,2.751223e-01,2.864485e-02,1.789449e-01,2.139769e-02,1.006957e-01,1.288832e-02,2.856409e-01
9.974972e-03,1.287025e-02,1.331669e-02,2.132085e-02,6.874276e-03,8.552150e-02,9.515164e-03,3.841721e-02,1.957728e-01,3.257336e-02,1.950688e-01,2.457332e-02,1.249168e-01,9.710230e-03,2.195738e-01
9.068914e-03,9.324094e-03,1.047915e-02,1.576778e-02,1.085124e-02,2.841834e-01,9.596152e-03,2.829509e-02,1.423156e-01,2.898735e-02,1.704330e-01,1.928089e-02,9.815428e-02,6.924415e-03,1.563387e-01
6.978919e-03,1.089932e-02,9.867357e-03,1.177059e-02,1.037370e-02,2.971087e-01,7.095515e-03,2.163897e-02,2.673229e-01,2.116191e-02,1.265877e-01,1.474257e-02,7.805850e-02,4.905998e-03,1.114875e-01
5.262626e-03,1.038171e-02,7.190811e-03,8.531444e-03,8.203586e-03,3.176608e-01,5.120856e-03,1.524083e-02,3.675608e-01,1.504304e-02,9.111057e-02,1.040022e-02,5.636292e-02,3.448895e-03,7.848093e-02
4.055288e-03,1.207810e-02,5.433907e-03,9.603116e-03,7.411113e-03,3.461191e-01,3.724933e-03,1.076922e-02,4.176444e-01,1.195956e-02,6.404856e-02,7.322675e-03,4.154475e-02,2.423670e-03,5.586156e-02
5.932176e-03,1.253289e-02,7.577825e-03,3.318047e-02,1.715744e-02,4.141093e-01,3.806171e-03,9.287073e-03,3.500821e-01,1.547473e-02,4.553314e-02,5.275098e-03,3.260607e-02,1.752416e-03,4.569313e-02
2.537671e-02,1.606756e-02,8.149585e-03,4.488265e-02,4.649504e-02,4.512360e-01,8.496448e-03,7.968557e-03,2.743233e-01,1.526906e-02,3.285309e-02,3.836649e-03,2.442752e-02,1.341532e-03,3.927641e-02
2.381055e-02,2.191132e-02,1.903422e-02,2.283298e-01,4.671009e-02,3.499585e-01,6.689588e-03,6.505149e-03,1.988999e-01,1.367708e-02,2.361648e-02,2.890526e-03,1.765246e-02,1.059367e-03,3.925498e-02
7.240985e-02,2.562057e-02,1.908762e-02,2.021927e-01,7.191909e-02,3.596537e-01,8.436443e-03,5.301061e-03,1.500303e-01,1.355777e-02,1.750796e-02,2.410412e-03,1.323801e-02,1.185976e-03,3.744859e-02
7.908928e-02,2.649830e-02,2.391363e-02,1.976099e-01,8.500074e-02,3.336756e-01,4.380431e-02,1.592934e-02,1.232375e-01,1.099942e-02,1.322731e-02,2.861103e-03,1.527846e-02,1.207194e-03,2.766793e-02
1.040406e-01,2.404327e-02,2.300995e-02,1.585067e-01,1.170626e-01,2.661315e-01,6.521615e-02,7.824904e-02,9.597846e-02,8.883748e-03,1.246021e-02,3.781192e-03,1.968009e-02,1.862882e-03,2.109367e-02
1.123399e-01,1.981014e-02,1.919039e-02,1.161772e-01,1.035601e-01,2.020963e-01,5.756350e-02,2.210519e-01,7.720920e-02,7.501527e-03,1.260959e-02,4.995294e-03,2.502972e-02,2.859717e-03,1.800564e-02
8.770186e-02,1.514552e-02,1.645498e-02,8.312830e-02,8.437992e-02,1.442115e-01,4.699954e-02,4.069631e-01,5.539449e-02,5.628272e-03,1.137677e-02,4.086668e-03,2.322561e-02,2.165640e-03,1.313790e-02
6.565777e-02,1.076717e-02,1.296714e-02,5.870041e-02,6.375089e-02,1.032033e-01,5.865093e-02,5.351049e-01,3.911024e-02,4.015354e-03,8.350037e-03,3.248060e-03,2.561453e-02,1.551264e-03,9.308012e-03
