1.000000e+00,0.000000e+00,0.000000e+00,0.000000e+00,0.000000e+00,0.000000e+00,0.000000e+00,0.000000e+00,0.000000e+00,0.000000e+00,0.000000e+00,0.000000e+00,0.000000e+00,0.000000e+00,0.000000e+00
1.000000e+00,0.000000e+00,0.000000e+00,0.000000e+00,0.000000e+00,0.000000e+00,0.000000e+00,0.000000e+00,0.000000e+00,0.000000e+00,0.000000e+00,0.000000e+00,0.000000e+00,0.000000e+00,0.000000e+00
1.000000e+00,0.000000e+00,0.000000e+00,0.000000e+00,0.000000e+00,0.000000e+00,0.000000e+00,0.000000e+00,0.000000e+00,0.000000e+00,0.000000e+00,0.000000e+00,0.000000e+00,0.000000e+00,0.000000e+00
1.000000e+00,0.000000e+00,0.000000e+00,0.000000e+00,0.000000e+00,0.000000e+00,0.000000e+00,0.000000e+00,0.000000e+00,0.000000e+00,0.000000e+00,0.000000e+00,0.000000e+00,0.000000e+00,0.000000e+00
1.000000e+00,0.000000e+00,0.000000e+00,0.000000e+00,0.000000e+00,0.000000e+00,0.000000e+00,0.000000e+00,0.000000e+00,0.000000e+00,0.000000e+00,0.000000e+00,0.000000e+00,0.000000e+00,0.000000e+00
1.000000e+00,0.000000e+00,0.000000e+00,0.000000e+00,0.000000e+00,0.000000e+00,0.000000e+00,0.000000e+00,0.000000e+00,0.000000e+00,0.000000e+00,0.000000e+00,0.000000e+00,0.000000e+00,0.000000e+00
1.000000e+00,0.000000e+00,0.000000e+00,0.000000e+00,0.000000e+00,0.000000e+00,0.000000e+00,0.000000e+00,0.000000e+00,0.000000e+00,0.000000e+00,0.000000e+00,0.000000e+00,0.000000e+00,0.000000e+00
1.000000e+00,0.000000e+00,0.000000e+00,0.000000e+00,0.000000e+00,0.000000e+00,0.000000e+00,0.000000e+00,0.000000e+00,0.000000e+00,0.000000e+00,0.000000e+00,0.000000e+00,0.000000e+00,0.000000e+00
1.000000e+00,0.000000e+00,0.000000e+00,0.000000e+00,0.000000e+00,0.000000e+00,0.000000e+00,0.000000e+00,0.000000e+00,0.000000e+00,0.000000e+00,0.000000e+00,0.000000e+00,0.000000e+00,0.000000e+00
1.000000e+00,0.000000e+00,0.000000e+00,0.000000e+00,0.000000e+00,0.000000e+00,0.000000e+00,0.000000e+00,0.000000e+00,0.000000e+00,0.000000e+00,0.000000e+00,0.000000e+00,0.000000e+00,0.000000e+00
1.000000e+00,0.000000e+00,0.000000e+00,0.000000e+00,0.000000e+00,0.000000e+00,0.000000e+00,0.000000e+00,0.000000e+00,0.000000e+00,0.000000e+00,0.000000e+00,0.000000e+00,0.000000e+00,0.000000e+00
1.000000e+00,0.000000e+00,0.000000e+00,0.000000e+00,0.000000e+00,0.000000e+00,0.000000e+00,0.000000e+00,0.000000e+00,0.000000e+00,0.000000e+00,0.000000e+00,0.000000e+00,0.000000e+00,0.000000e+00
1.000000e+00,0.000000e+00,0.000000e+00,0.000000e+00,0.000000e+00,0.000000e+00,0.000000e+00,0.000000e+00,0.000000e+00,0.000000e+00,0.000000e+00,0.000000e+00,0.000000e+00,0.000000e+00,0.000000e+00
1.000000e+00,0.000000e+00,0.000000e+00,0.000000e+00,0.000000e+00,0.000000e+00,0.000000e+00,0.000000e+00,0.000000e+00,0.000000e+00,0.000000e+00,0.000000e+00,0.000000e+00,0.000000e+00,0.000000e+00
1.000000e+00,0.000000e+00,0.000000e+00,0.000000e+00,0.000000e+00,0.000000e+00,0.000000e+00,0.000000e+00,0.000000e+00,0.000000e+00,0.000000e+00,0.000000e+00,0.000000e+00,0.000000e+00,0.000000e+00
1.000000e+00,0.000000e+00,0.000000e+00,0.000000e+00,0.000000e+00,0.000000e+00,0.000000e+00,0.000000e+00,0.000000e+00,0.000000e+00,0.000000e+00,0.000000e+00,0.000000e+00,0.000000e+00,0.000000e+00
1.000000e+00,0.000000e+00,0.000000e+00,0.000000e+00,0.000000e+00,0.000000e+00,0.000000e+00,0.000000e+00,0.000000e+00,0.000000e+00,0.000000e+00,0.000000e+00,0.000000e+00,0.000000e+00,0.000000e+00
1.000000e+00,0.000000e+00,0.000000e+00,0.000000e+00,0.000000e+00,0.000000e+00,0.000000e+00,0.000000e+00,0.000000e+00,0.000000e+00,0.000000e+00,0.000000e+00,0.000000e+00,0.000000e+00,0.000000e+00
1.000000e+00,0.000000e+00,0.000000e+00,0.000000e+00,0.000000e+00,0.000000e+00,0.000000e+00,0.000000e+00,0.000000e+00,0.000000e+00,0.000000e+00,0.000000e+00,0.000000e+00,0.000000e+00,0.000000e+00
1.000000e+00,0.000000e+00,0.000000e+00,0.000000e+00,0.000000e+00,0.000000e+00,0.000000e+00,0.000000e+00,0.000000e+00,0.000000e+00,0.000000e+00,0.000000e+00,0.000000e+00,0.000000e+00,0.000000e+00
1.000000e+00,0.000000e+00,0.000000e+00,0.000000e+00,0.000000e+00,0.000000e+00,0.000000e+00,0.000000e+00,0.000000e+00,0.000000e+00,0.000000e+00,0.000000e+00,0.000000e+00,0.000000e+00,0.000000e+00
1.000000e+00,0.000000e+00,0.000000e+00,0.000000e+00,0.000000e+00,0.000000e+00,0.000000e+00,0.000000e+00,0.000000e+00,0.000000e+00,0.000000e+00,0.000000e+00,0.000000e+00,0.000000e+00,0.000000e+00
1.000000e+00,0.000000e+00,0.000000e+00,0.000000e+00,0.000000e+00,0.000000e+00,0.000000e+00,0.000000e+00,0.000000e+00,0.000000e+00,0.000000e+00,0.000000e+00,0.000000e+00,0.000000e+00,0.000000e+00
1.000000e+00,0.000000e+00,0.000000e+00,0.000000e+00,0.000000e+00,0.000000e+00,0.000000e+00,0.000000e+00,0.000000e+00,0.000000e+00,0.000000e+00,0.000000e+00,0.000000e+00,0.000000e+00,0.000000e+00
4.621921e-01,3.230772e-02,1.352251e-01,1.814094e-01,9.169986e-03,1.886766e-02,4.164387e-03,2.141398e-02,1.268194e-02,2.435376e-03,2.736884e-02,4.657087e-02,1.449396e-02,5.058178e-03,2.664054e-02
1.000000e+00,0.000000e+00,0.000000e+00,0.000000e+00,0.000000e+00,0.000000e+00,0.000000e+00,0.000000e+00,0.000000e+00,0.000000e+00,0.000000e+00,0.000000e+00,0.000000e+00,0.000000e+00,0.000000e+00
4.785415e-01,3.039386e-02,1.016382e-01,1.669099e-01,1.588525e-02,2.412174e-02,5.328428e-03,2.166205e-02,1.380578e-02,2.636536e-03,2.888846e-02,5.860946e-02,2.021176e-02,5.292708e-03,2.607446e-02
4.837976e-01,3.046320e-02,9.793058e-02,1.654945e-01,1.853893e-02,2.234410e-02,5.376089e-03,2.100943e-02,1.276296e-02,2.429898e-03,3.258533e-02,5.863324e-02,1.960875e-02,5.669777e-03,2.335569e-02
1.000000e+00,0.000000e+00,0.000000e+00,0.000000e+00,0.000000e+00,0.000000e+00,0.000000e+00,0.000000e+00,0.000000e+00,0.000000e+00,0.000000e+00,0.000000e+00,0.000000e+00,0.000000e+00,0.000000e+00
1.000000e+00,0.000000e+00,0.000000e+00,0.000000e+00,0.000000e+00,0.000000e+00,0.000000e+00,0.000000e+00,0.000000e+00,0.000000e+00,0.000000e+00,0.000000e+00,0.000000e+00,0.000000e+00,0.000000e+00
1.000000e+00,0.000000e+00,0.000000e+00,0.000000e+00,0.000000e+00,0.000000e+00,0.000000e+00,0.000000e+00,0.000000e+00,0.000000e+00,0.000000e+00,0.000000e+00,0.000000e+00,0.000000e+00,0.000000e+00
1.000000e+00,0.000000e+00,0.000000e+00,0.000000e+00,0.000000e+00,0.000000e+00,0.000000e+00,0.000000e+00,0.000000e+00,0.000000e+00,0.000000e+00,0.000000e+00,0.000000e+00,0.000000e+00,0.000000e+00
1.000000e+00,0.000000e+00,0.000000e+00,0.000000e+00,0.000000e+00,0.000000e+00,0.000000e+00,0.000000e+00,0.000000e+00,0.000000e+00,0.000000e+00,0.000000e+00,0.000000e+00,0.000000e+00,0.000000e+00
1.000000e+00,0.000000e+00,0.000000e+00,0.000000e+00,0.000000e+00,0.000000e+00,0.000000e+00,0.000000e+00,0.000000e+00,0.000000e+00,0.000000e+00,0.000000e+00,0.000000e+00,0.000000e+00,0.000000e+00
1.000000e+00,0.000000e+00,0.000000e+00,0.000000e+00,0.000000e+00,0.000000e+00,0.000000e+00,0.000000e+00,0.000000e+00,0.000000e+00,0.000000e+00,0.000000e+00,0.000000e+00,0.000000e+00,0.000000e+00
1.000000e+00,0.000000e+00,0.000000e+00,0.000000e+00,0.000000e+00,0.000000e+00,0.000000e+00,0.000000e+00,0.000000e+00,0.000000e+00,0.000000e+00,0.000000e+00,0.000000e+00,0.000000e+00,0.000000e+00
1.000000e+00,0.000000e+00,0.000000e+00,0.000000e+00,0.000000e+00,0.000000e+00,0.000000e+00,0.000000e+00,0.000000e+00,0.000000e+00,0.000000e+00,0.000000e+00,0.000000e+00,0.000000e+00,0.000000e+00
1.000000e+00,0.000000e+00,0.000000e+00,0.000000e+00,0.000000e+00,0.000000e+00,0.000000e+00,0.000000e+00,0.000000e+00,0.000000e+00,0.000000e+00,0.000000e+00,0.000000e+00,0.000000e+00,0.000000e+00
1.000000e+00,0.000000e+00,0.000000e+00,0.000000e+00,0.000000e+00,0.000000e+00,0.000000e+00,0.000000e+00,0.000000e+00,0.000000e+00,0.000000e+00,0.000000e+00,0.000000e+00,0.000000e+00,0.000000e+00
1.000000e+00,0.000000e+00,0.000000e+00,0.000000e+00,0.000000e+00,0.000000e+00,0.000000e+00,0.000000e+00,0.000000e+00,0.000000e+00,0.000000e+00,0.000000e+00,0.000000e+00,0.000000e+00,0.000000e+00
1.000000e+00,0.000000e+00,0.000000e+00,0.000000e+00,0.000000e+00,0.000000e+00,0.000000e+00,0.000000e+00,0.000000e+00,0.000000e+00,0.000000e+00,0.000000e+00,0.000000e+00,0.000000e+00,0.000000e+00
1.000000e+00,0.000000e+00,0.000000e+00,0.000000e+00,0.000000e+00,0.000000e+00,0.000000e+00,0.000000e+00,0.000000e+00,0.000000e+00,0.000000e+00,0.000000e+00,0.000000e+00,0.000000e+00,0.000000e+00
1.000000e+00,0.000000e+00,0.000000e+00,0.000000e+00,0.000000e+00,0.000000e+00,0.000000e+00,0.000000e+00,0.000000e+00,0.000000e+00,0.000000e+00,0.000000e+00,0.000000e+00,0.000000e+00,0.000000e+00
1.000000e+00,0.000000e+00,0.000000e+00,0.000000e+00,0.000000e+00,0.000000e+00,0.000000e+00,0.000000e+00,0.000000e+00,0.000000e+00,0.000000e+00,0.000000e+00,0.000000e+00,0.000000e+00,0.000000e+00
1.000000e+00,0.000000e+00,0.000000e+00,0.000000e+00,0.000000e+00,0.000000e+00,0.000000e+00,0.000000e+00,0.000000e+00,0.000000e+00,0.000000e+00,0.000000e+00,0.000000e+00,0.000000e+00,0.000000e+00
1.000000e+00,0.000000e+00,0.000000e+00,0.000000e+00,0.000000e+00,0.000000e+00,0.000000e+00,0.000000e+00,0.000000e+00,0.000000e+00,0.000000e+00,0.000000e+00,0.000000e+00,0.000000e+00,0.000000e+00
1.000000e+00,0.000000e+00,0.000000e+00,0.000000e+00,0.000000e+00,0.000000e+00,0.000000e+00,0.000000e+00,0.000000e+00,0.000000e+00,0.000000e+00,0.000000e+00,0.000000e+00,0.000000e+00,0.000000e+00
1.000000e+00,0.000000e+00,0.000000e+00,0.000000e+00,0.000000e+00,0.000000e+00,0.000000e+00,0.000000e+00,0.000000e+00,0.000000e+00,0.000000e+00,0.000000e+00,0.000000e+00,0.000000e+00,0.000000e+00
1.000000e+00,0.000000e+00,0.000000e+00,0.000000e+00,0.000000e+00,0.000000e+00,0.000000e+00,0.000000e+00,0.000000e+00,0.000000e+00,0.000000e+00,0.000000e+00,0.000000e+00,0.000000e+00,0.000000e+00
1.000000e+00,0.000000e+00,0.000000e+00,0.000000e+00,0.000000e+00,0.000000e+00,0.000000e+00,0.000000e+00,0.000000e+00,0.000000e+00,0.000000e+00,0.000000e+00,0.000000e+00,0.000000e+00,0.000000e+00
1.000000e+00,0.000000e+00,0.000000e+00,0.000000e+00,0.000000e+00,0.000000e+00,0.000000e+00,0.000000e+00,0.000000e+00,0.000000e+00,0.000000e+00,0.000000e+00,0.000000e+00,0.000000e+00,0.000000e+00
1.000000e+00,0.000000e+00,0.000000e+00,0.000000e+00,0.000000e+00,0.000000e+00,0.000000e+00,0.000000e+00,0.000000e+00,0.000000e+00,0.000000e+00,0.000000e+00,0.000000e+00,0.000000e+00,0.000000e+00
1.000000e+00,0.000000e+00,0.000000e+00,0.000000e+00,0.000000e+00,0.000000e+00,0.000000e+00,0.000000e+00,0.000000e+00,0.000000e+00,0.000000e+00,0.000000e+00,0.000000e+00,0.000000e+00,0.000000e+00
1.000000e+00,0.000000e+00,0.000000e+00,0.000000e+00,0.000000e+00,0.000000e+00,0.000000e+00,0.000000e+00,0.000000e+00,0.000000e+00,0.000000e+00,0.000000e+00,0.000000e+00,0.000000e+00,0.000000e+00
1.000000e+00,0.000000e+00,0.000000e+00,0.000000e+00,0.000000e+00,0.000000e+00,0.000000e+00,0.000000e+00,0.000000e+00,0.000000e+00,0.000000e+00,0.000000e+00,0.000000e+00,0.000000e+00,0.000000e+00
1.000000e+00,0.000000e+00,0.000000e+00,0.000000e+00,0.000000e+00,0.000000e+00,0.000000e+00,0.000000e+00,0.000000e+00,0.000000e+00,0.000000e+00,0.000000e+00,0.000000e+00,0.000000e+00,0.000000e+00
1.000000e+00,0.000000e+00,0.000000e+00,0.000000e+00,0.000000e+00,0.000000e+00,0.000000e+00,0.000000e+00,0.000000e+00,0.000000e+00,0.000000e+00,0.000000e+00,0.000000e+00,0.000000e+00,0.000000e+00
1.000000e+00,0.000000e+00,0.000000e+00,0.000000e+00,0.000000e+00,0.000000e+00,0.000000e+00,0.000000e+00,0.000000e+00,0.000000e+00,0.000000e+00,0.000000e+00,0.000000e+00,0.000000e+00,0.000000e+00
1.000000e+00,0.000000e+00,0.000000e+00,0.000000e+00,0.000000e+00,0.000000e+00,0.000000e+00,0.000000e+00,0.000000e+00,0.000000e+00,0.000000e+00,0.000000e+00,0.000000e+00,0.000000e+00,0.000000e+00
1.000000e+00,0.000000e+00,0.000000e+00,0.000000e+00,0.000000e+00,0.000000e+00,0.000000e+00,0.000000e+00,0.000000e+00,0.000000e+00,0.000000e+00,0.000000e+00,0.000000e+00,0.000000e+00,0.000000e+00
1.000000e+00,0.000000e+00,0.000000e+00,0.000000e+00,0.000000e+00,0.000000e+00,0.000000e+00,0.000000e+00,0.000000e+00,0.000000e+00,0.000000e+00,0.000000e+00,0.000000e+00,0.000000e+00,0.000000e+00
1.000000e+00,0.000000e+00,0.000000e+00,0.000000e+00,0.000000e+00,0.000000e+00,0.000000e+00,0.000000e+00,0.000000e+00,0.000000e+00,0.000000e+00,0.000000e+00,0.000000e+00,0.000000e+00,0.000000e+00
1.000000e+00,0.000000e+00,0.000000e+00,0.000000e+00,0.000000e+00,0.000000e+00,0.000000e+00,0.000000e+00,0.000000e+00,0.000000e+00,0.000000e+00,0.000000e+00,0.000000e+00,0.000000e+00,0.000000e+00
4.051330e-01,6.057823e-02,2.078071e-02,3.762844e-01,6.870665e-03,1.769106e-02,4.682206e-03,1.046368e-02,8.858153e-03,2.787841e-03,1.132547e-02,2.075219e-02,1.863036e-02,2.677178e-03,3.248481e-02
2.941466e-01,4.558015e-02,2.137701e-01,3.296358e-01,5.862559e-03,1.314947e-02,3.431904e-03,1.190569e-02,6.666769e-03,2.546813e-03,9.362593e-03,1.554879e-02,1.390931e-02,2.162708e-03,3.232071e-02
3.848171e-01,4.064945e-02,1.651281e-01,2.627311e-01,7.362165e-03,1.988397e-02,4.400892e-03,1.479114e-02,9.867126e-03,2.753292e-03,1.498373e-02,1.506217e-02,1.911456e-02,2.421992e-03,3.603323e-02
2.911587e-01,3.782469e-02,1.170050e-01,2.064309e-01,5.872224e-03,2.308752e-02,3.531050e-03,1.158532e-02,1.250885e-02,3.276332e-03,1.339608e-02,1.161189e-02,1.979038e-01,2.065889e-03,6.274171e-02
2.089549e-01,1.050964e-01,8.538059e-02,2.132360e-01,6.325157e-03,2.196621e-02,6.055290e-03,8.679569e-03,1.049062e-01,3.898065e-03,1.077251e-02,9.112420e-03,1.467592e-01,2.072979e-03,6.678466e-02
1.477322e-01,8.380734e-02,6.399152e-02,2.407893e-01,6.943000e-03,2.404137e-02,6.059814e-03,6.337467e-03,1.053083e-01,1.254712e-02,1.307602e-02,9.240122e-03,1.620400e-01,1.728027e-03,1.163584e-01
1.036635e-01,5.984753e-02,4.502252e-02,1.820605e-01,6.221385e-03,1.762960e-02,5.901987e-03,4.500188e-03,8.351342e-02,1.264969e-02,1.184294e-02,9.765029e-03,3.458323e-01,1.866989e-03,1.096824e-01
7.372378e-02,4.282228e-02,3.170767e-02,1.334781e-01,8.404627e-03,1.559914e-02,5.735144e-03,3.266793e-03,7.011545e-02,1.365662e-02,1.076941e-02,2.337839e-02,4.161554e-01,2.611946e-03,1.485753e-01
5.233239e-02,3.053675e-02,2.225615e-02,9.650946e-02,8.171082e-03,1.528478e-02,5.229882e-03,2.336287e-03,5.410990e-02,2.170043e-02,1.897028e-02,4.252586e-02,4.456670e-01,6.180317e-03,1.781895e-01
3.811750e-02,2.142577e-02,1.558369e-02,6.768969e-02,5.935001e-03,1.237106e-02,4.362195e-03,1.651341e-03,3.910191e-02,2.245228e-02,3.007391e-02,2.506125e-01,3.473524e-01,9.223030e-03,1.340477e-01
2.800253e-02,1.501986e-02,1.091317e-02,4.743256e-02,4.237408e-03,9.785389e-03,3.541304e-03,1.174403e-03,2.855692e-02,2.384504e-02,3.803719e-02,4.339489e-01,2.488423e-01,1.038941e-02,9.627363e-02
2.064067e-02,1.057063e-02,7.663448e-03,3.349904e-02,3.390080e-03,7.971033e-03,2.975987e-03,9.449598e-04,2.117820e-02,2.412940e-02,1.491981e-01,4.426624e-01,1.953376e-01,1.019832e-02,6.964008e-02
1.490689e-02,7.493143e-03,5.385600e-03,2.356590e-02,2.514037e-03,5.704702e-03,2.134662e-03,1.031974e-03,1.776013e-02,2.099416e-02,2.209422e-01,4.740189e-01,1.395529e-01,1.323990e-02,5.075481e-02
1.115964e-02,5.494897e-03,3.864431e-03,1.664487e-02,1.910220e-03,4.172313e-03,1.609616e-03,1.197804e-03,1.497589e-02,2.012521e-02,3.506887e-01,4.100434e-01,1.005111e-01,2.008247e-02,3.751941e-02
1.069013e-02,4.257943e-03,3.081226e-03,1.186256e-02,1.583912e-03,8.440806e-03,1.300382e-03,2.058355e-03,1.256938e-02,1.710792e-02,4.446870e-01,3.511294e-01,7.317996e-02,2.941723e-02,2.863385e-02
1.301790e-02,3.274308e-03,2.210422e-03,8.690084e-03,1.175263e-03,7.881989e-03,9.873885e-04,1.831312e-03,1.375744e-02,1.603356e-02,5.257742e-01,2.793171e-01,5.530136e-02,4.897463e-02,2.177313e-02
1.593348e-02,3.031828e-03,1.736084e-03,6.490022e-03,9.670696e-04,6.949577e-03,8.266295e-04,1.906783e-03,3.276158e-02,1.234013e-02,5.122844e-01,2.741314e-01,3.969179e-02,7.455029e-02,1.639896e-02
1.119870e-02,2.890681e-03,1.337594e-03,5.032497e-03,1.190403e-03,5.208322e-03,6.019666e-04,1.460960e-03,2.392108e-01,9.065183e-03,4.163715e-01,2.122124e-01,2.787898e-02,5.415170e-02,1.218830e-02
8.056839e-03,2.492336e-03,9.917067e-04,3.642014e-03,1.127359e-03,4.426879e-03,4.372277e-04,1.088889e-03,2.899580e-01,6.659565e-03,4.380850e-01,1.649869e-01,1.961593e-02,4.922218e-02,9.209069e-03
8.738887e-03,2.693301e-03,5.590704e-03,3.818852e-03,6.684771e-03,2.927219e-02,3.292315e-03,4.555395e-03,3.082765e-01,6.049924e-03,4.207531e-01,1.341617e-01,1.582086e-02,4.198831e-02,8.303115e-03
7.411191e-03,2.689773e-03,4.313147e-03,2.775955e-03,5.130990e-03,3.293695e-02,2.341405e-03,3.376763e-03,3.059511e-01,5.206535e-03,4.380641e-01,1.092248e-01,1.399754e-02,6.011700e-02,6.462677e-03
7.041231e-03,6.326508e-03,3.465637e-03,3.360764e-03,4.537744e-03,2.533342e-02,1.678807e-03,2.632079e-03,3.563700e-01,5.247919e-03,3.868238e-01,8.565986e-02,1.100181e-02,9.357869e-02,6.941658e-03
5.353448e-03,1.967621e-02,4.034844e-03,2.541664e-03,6.486552e-03,1.853229e-02,1.194646e-03,1.949278e-03,3.706705e-01,4.614200e-03,3.546372e-01,6.635508e-02,8.015959e-03,1.292699e-01,6.668284e-03
4.701687e-03,1.791332e-02,3.249062e-03,1.987152e-03,5.705210e-03,1.572919e-02,8.467638e-04,1.516833e-03,4.018359e-01,4.982278e-03,3.103306e-01,5.252675e-02,6.040557e-03,1.666156e-01,6.019175e-03
4.692455e-03,1.492266e-02,3.188431e-03,1.454126e-03,4.965295e-03,1.373686e-02,6.034797e-04,1.270718e-03,3.976936e-01,5.692928e-03,3.151581e-01,4.101897e-02,4.488376e-03,1.862006e-01,4.913424e-03
6.403097e-03,1.398948e-02,7.898897e-03,1.879216e-03,6.796702e-03,1.404183e-02,5.185141e-04,1.740798e-03,4.668342e-01,6.709640e-03,2.494188e-01,3.200142e-02,3.441873e-03,1.839851e-01,4.340392e-03
9.169845e-03,1.469641e-02,5.773364e-02,5.452449e-03,7.825735e-03,1.161795e-02,4.110337e-04,2.211566e-03,4.543469e-01,8.147779e-03,2.159598e-01,2.406464e-02,2.757081e-03,1.813042e-01,4.301052e-03
9.700997e-03,1.203430e-02,4.904740e-02,5.142965e-03,6.956786e-03,1.664501e-02,5.126892e-04,9.050335e-03,5.215504e-01,7.485621e-03,1.709575e-01,1.749990e-02,2.081259e-03,1.679285e-01,3.406362e-03
1.434389e-02,1.016594e-02,4.117656e-02,4.441137e-03,7.742290e-03,1.492556e-02,4.433003e-04,8.909812e-03,5.657730e-01,6.052904e-03,1.459952e-01,1.292099e-02,1.724052e-03,1.625249e-01,2.860400e-03
1.950844e-02,1.171205e-02,4.115837e-02,8.547729e-03,8.093601e-03,1.550730e-02,3.871268e-04,1.201182e-02,5.954067e-01,5.129376e-03,1.328489e-01,9.400138e-03,1.433895e-03,1.360291e-01,2.825347e-03
2.046746e-02,9.745673e-03,3.579521e-02,8.479320e-03,8.257131e-03,1.349560e-02,3.597245e-04,1.074694e-02,6.228123e-01,4.414427e-03,1.306990e-01,7.089254e-03,1.141421e-03,1.240279e-01,2.468595e-03
2.470244e-02,1.194358e-02,4.336122e-02,2.057080e-02,1.538118e-02,1.129006e-02,3.904832e-04,1.382042e-02,5.850890e-01,3.882268e-03,1.654206e-01,5.120539e-03,8.912639e-04,9.553852e-02,2.597687e-03
3.689594e-02,1.696077e-02,4.195132e-02,2.082450e-02,1.888051e-02,1.910331e-02,5.076384e-04,2.336542e-02,5.265193e-01,3.748680e-03,1.850366e-01,3.968043e-03,8.912926e-04,9.712093e-02,4.225725e-03
5.254078e-02,1.961877e-02,3.635684e-02,1.883976e-02,1.854777e-02,3.512150e-02,6.733453e-04,3.862965e-02,4.923187e-01,3.929021e-03,1.751013e-01,3.467875e-03,1.084917e-03,9.748486e-02,6.284879e-03
5.615295e-02,2.419211e-02,4.888893e-02,1.979562e-02,1.653387e-02,3.598540e-02,1.012359e-03,5.809905e-02,4.726245e-01,4.960502e-03,1.536700e-01,2.809167e-03,1.112378e-03,9.801022e-02,6.152892e-03
5.746083e-02,2.553150e-02,4.907431e-02,1.761379e-02,1.455503e-02,3.698941e-02,1.373930e-03,6.906302e-02,4.805432e-01,5.569003e-03,1.209590e-01,2.374877e-03,1.300162e-03,1.120575e-01,5.534443e-03
5.243049e-02,2.139799e-02,3.782644e-02,1.271930e-02,1.163716e-02,4.515119e-02,1.044270e-03,5.442063e-02,5.243502e-01,4.672010e-03,9.177861e-02,1.843940e-03,1.117291e-03,1.343775e-01,5.233042e-03
4.279559e-02,1.582255e-02,2.725947e-02,9.034101e-03,8.409990e-03,3.998879e-02,7.743630e-04,4.036297e-02,5.718659e-01,4.926241e-03,7.065596e-02,1.418422e-03,8.667812e-04,1.614406e-01,4.378274e-03
3.718894e-02,1.179907e-02,1.968485e-02,6.389952e-03,6.034316e-03,3.965712e-02,5.783342e-04,2.887725e-02,6.004602e-01,7.155881e-03,5.636827e-02,1.123306e-03,7.256384e-04,1.791799e-01,4.777108e-03
4.205941e-02,8.933817e-03,1.557404e-02,4.898022e-03,4.731781e-03,1.118878e-01,4.897786e-04,2.057798e-02,5.399790e-01,8.013709e-03,4.363503e-02,1.131013e-03,1.088979e-03,1.580226e-01,3.897718e-02
4.013517e-02,6.526015e-03,1.119468e-02,3.597634e-03,3.444475e-03,2.442849e-01,3.959169e-04,1.455447e-02,4.073659e-01,7.329965e-03,4.109903e-02,1.358170e-03,1.228547e-03,1.546651e-01,6.282000e-02
4.205012e-02,4.649288e-03,7.976782e-03,2.583432e-03,2.505298e-03,2.556140e-01,3.780248e-04,1.031401e-02,3.133818e-01,7.008207e-03,5.404089e-02,3.178893e-03,1.587231e-03,2.482102e-01,4.652190e-02
3.038011e-02,3.412150e-03,5.877009e-03,1.909769e-03,1.882704e-03,1.964438e-01,3.023070e-04,7.261232e-03,2.393342e-01,6.210321e-03,8.318781e-02,4.215455e-03,1.587143e-03,3.839961e-01,3.399990e-02
2.149423e-02,2.873119e-03,4.215140e-03,1.378714e-03,1.415115e-03,1.400867e-01,2.304649e-04,5.091652e-03,2.076117e-01,5.687957e-03,1.063002e-01,5.848142e-03,1.331139e-03,4.715181e-01,2.491770e-02
1.523960e-02,2.900532e-03,2.996222e-03,9.788680e-04,1.029632e-03,1.005524e-01,1.779839e-04,3.579786e-03,1.775931e-01,5.336762e-03,1.183959e-01,5.905901e-03,9.956979e-04,5.461841e-01,1.813349e-02
1.076837e-02,2.974785e-03,2.164498e-03,7.043131e-04,7.961442e-04,7.233977e-02,1.428495e-04,2.529162e-03,1.664683e-01,5.185169e-03,1.275621e-01,5.212189e-03,7.360269e-04,5.894512e-01,1.296521e-02
7.636722e-03,3.596724e-03,1.620853e-03,5.196030e-04,7.132838e-04,5.306245e-02,1.429781e-04,1.808961e-03,1.743504e-01,5.599278e-03,1.460111e-01,5.584094e-03,5.502118e-04,5.894365e-01,9.366763e-03
5.507594e-03,9.452288e-03,1.614495e-03,5.393982e-04,2.692892e-03,4.337793e-02,2.368581e-04,1.399509e-03,2.315056e-01,7.316520e-03,1.284308e-01,4.775257e-03,6.262042e-04,5.555735e-01,6.951160e-03
3.999049e-03,4.893185e-02,3.171586e-03,4.733721e-04,3.076509e-03,4.360714e-02,2.418644e-04,1.088472e-03,2.312496e-01,1.741902e-02,1.194710e-01,4.103738e-03,5.145418e-04,5.170033e-01,5.649029e-03
3.066299e-03,4.837804e-02,3.812809e-03,9.100182e-04,5.187071e-03,4.248188e-02,2.324929e-04,8.753479e-04,2.595138e-01,4.826782e-02,1.063610e-01,3.266995e-03,1.566612e-03,4.694446e-01,6.635245e-03
2.466768e-03,3.962214e-02,4.165423e-03,2.400170e-03,5.279490e-03,4.599920e-02,1.942973e-04,7.469192e-04,2.599257e-01,4.904032e-02,1.049137e-01,2.630775e-03,2.672312e-03,4.694883e-01,1.045446e-02
1.980032e-03,2.948753e-02,3.662891e-03,9.526377e-03,5.928189e-03,3.654099e-02,2.343870e-04,2.643489e-03,2.100180e-01,6.860663e-02,1.061850e-01,2.237704e-03,3.597181e-03,4.896204e-01,2.973123e-02
1.581888e-03,2.093400e-02,2.812891e-03,7.904923e-03,4.806612e-03,2.757990e-02,2.502620e-04,1.993914e-03,1.566355e-01,6.698526e-02,2.142796e-01,2.384980e-03,4.061517e-03,4.662732e-01,2.151558e-02
1.370047e-03,1.506564e-02,2.529445e-03,1.486876e-02,6.427662e-03,2.196239e-02,1.157861e-03,4.531529e-03,1.280892e-01,6.897651e-02,1.915134e-01,2.203381e-03,5.501698e-03,5.165378e-01,1.926463e-02
1.209461e-03,1.112732e-02,1.963592e-03,1.245085e-02,6.223191e-03,1.900147e-02,1.262973e-03,4.109709e-03,1.182032e-01,6.865207e-02,1.924697e-01,2.513926e-03,7.989137e-03,5.380163e-01,1.480717e-02
1.222810e-03,8.136204e-03,1.546284e-03,1.014964e-02,8.714370e-03,1.674575e-02,1.811300e-03,3.693066e-03,1.230782e-01,8.736114e-02,2.013611e-01,3.579711e-03,1.706304e-02,5.043287e-01,1.120872e-02
1.165358e-03,5.814289e-03,1.728350e-03,9.547652e-03,1.431142e-02,1.369942e-02,5.116594e-03,6.927478e-03,9.145580e-02,1.364748e-01,1.898004e-01,6.168496e-03,3.110606e-02,4.755734e-01,1.111058e-02
1.027055e-03,4.097862e-03,1.392935e-03,7.118854e-03,1.313866e-02,1.237208e-02,5.369484e-03,5.755053e-03,6.519109e-02,1.085358e-01,1.499144e-01,5.670989e-03,2.481894e-02,5.860916e-01,9.505097e-03
1.533860e-03,3.002741e-03,1.318386e-03,5.255305e-03,1.121278e-02,1.871144e-02,6.458147e-03,5.202133e-03,4.772852e-02,9.023502e-02,1.233295e-01,4.777375e-03,2.705791e-02,6.469280e-01,7.248768e-03
1.858320e-03,9.793727e-03,1.795369e-03,3.913665e-03,1.654034e-02,1.054636e-01,6.258122e-03,9.011789e-03,1.894710e-01,6.705283e-02,8.865626e-02,3.953693e-03,2.617731e-02,4.648016e-01,5.252359e-03
1.484325e-03,8.998765e-03,1.349999e-03,2.761045e-03,1.421151e-02,2.151346e-01,4.672136e-03,6.711138e-03,2.818515e-01,4.746598e-02,6.239979e-02,2.939839e-03,2.029108e-02,3.260046e-01,3.723674e-03
2.395895e-03,7.725389e-03,2.433185e-03,5.760557e-03,6.506251e-02,2.847924e-01,7.105848e-03,2.084928e-02,2.769451e-01,3.427190e-02,4.386428e-02,2.148282e-03,1.541131e-02,2.282400e-01,2.994120e-03
1.005831e-02,7.361479e-03,2.121203e-03,1.020400e-02,1.198283e-01,3.494469e-01,7.001744e-03,2.500037e-02,2.337780e-01,2.573100e-02,3.097776e-02,1.882165e-03,1.188951e-02,1.598885e-01,4.830770e-03
1.406263e-02,6.689313e-03,2.216719e-03,3.764263e-02,1.684538e-01,3.456958e-01,6.145174e-03,5.772818e-02,1.929368e-01,1.875654e-02,2.209166e-02,1.935962e-03,9.055060e-03,1.120230e-01,4.566692e-03
1.564877e-02,7.360510e-03,3.050011e-03,5.197390e-02,1.497428e-01,3.963780e-01,5.532156e-03,6.493136e-02,1.549740e-01,2.161896e-02,1.730780e-02,1.947787e-03,7.707751e-03,7.858095e-02,2.324533e-02
2.180313e-02,6.771431e-03,3.447792e-03,5.460847e-02,1.226536e-01,4.033209e-01,5.399247e-03,1.524549e-01,1.150659e-01,1.759099e-02,1.290417e-02,1.693713e-03,5.744239e-03,5.510524e-02,2.143627e-02
3.290056e-02,6.164307e-03,3.594404e-03,4.257191e-02,1.078243e-01,4.126881e-01,6.943650e-03,2.109022e-01,8.944661e-02,1.489837e-02,9.330151e-03,1.434597e-03,4.236114e-03,3.866305e-02,1.840164e-02
4.488337e-02,1.317178e-02,4.220270e-03,3.641679e-02,1.029435e-01,4.500518e-01,1.429326e-02,1.932017e-01,7.231659e-02,1.347334e-02,6.923552e-03,1.163228e-03,3.387016e-03,2.726694e-02,1.628690e-02
7.017164e-02,1.910556e-02,5.544002e-03,3.722968e-02,9.781118e-02,4.459893e-01,1.737332e-02,1.746888e-01,6.698459e-02,1.434252e-02,5.935652e-03,1.587405e-03,3.964603e-03,1.939315e-02,1.987860e-02
8.903737e-02,2.541589e-02,1.068085e-02,3.900117e-02,1.190096e-01,3.268007e-01,1.828562e-02,1.602922e-01,1.481862e-01,1.323705e-02,5.701756e-03,2.324643e-03,4.892768e-03,1.453518e-02,2.259894e-02
1.085924e-01,2.770305e-02,1.373118e-02,3.537922e-02,1.170179e-01,2.632532e-01,1.616279e-02,1.515455e-01,2.111701e-01,1.064540e-02,5.616826e-03,2.622044e-03,5.654439e-03,1.091047e-02,1.999556e-02
1.371430e-01,4.046360e-02,4.190208e-02,4.958603e-02,1.123031e-01,1.897908e-01,1.511283e-02,1.516589e-01,1.939267e-01,1.508930e-02,5.900198e-03,4.094186e-03,5.366132e-03,8.917227e-03,2.874593e-02
1.574048e-01,5.917498e-02,6.152445e-02,6.698168e-02,8.193297e-02,1.397582e-01,1.194952e-02,1.335824e-01,1.554315e-01,2.922802e-02,9.597426e-03,1.033537e-02,6.771820e-03,8.632408e-03,6.769449e-02
2.203789e-01,5.751094e-02,4.973137e-02,5.946738e-02,6.130425e-02,1.086628e-01,1.060634e-02,1.290895e-01,1.310672e-01,2.848477e-02,1.159828e-02,1.675024e-02,1.082835e-02,8.406367e-03,9.611332e-02
1.953955e-01,5.248211e-02,4.969937e-02,8.235073e-02,4.654336e-02,8.327650e-02,8.874588e-03,9.270882e-02,1.151444e-01,5.950164e-02,1.357693e-02,1.832028e-02,2.002948e-02,1.223631e-02,1.498599e-01
2.489773e-01,4.554576e-02,4.432533e-02,9.275702e-02,3.573117e-02,6.724419e-02,8.131733e-03,6.877121e-02,9.553214e-02,5.609298e-02,2.387291e-02,3.010659e-02,3.610088e-02,1.244914e-02,1.343616e-01
3.066367e-01,3.731636e-02,3.546852e-02,7.658208e-02,2.821161e-02,5.033991e-02,6.527501e-03,5.037122e-02,9.623229e-02,4.689886e-02,4.522734e-02,3.724938e-02,6.005287e-02,1.324294e-02,1.096424e-01
2.285707e-01,7.575645e-02,2.547634e-02,6.589089e-02,2.106911e-02,3.854733e-02,4.913964e-03,3.623067e-02,1.613641e-01,3.820653e-02,3.561493e-02,3.490427e-02,1.296733e-01,1.105125e-02,9.273012e-02
2.098146e-01,1.143154e-01,1.856082e-02,6.566156e-02,1.582735e-02,3.093771e-02,3.916310e-03,2.624626e-02,2.050579e-01,2.971408e-02,2.961716e-02,2.916373e-02,1.376611e-01,8.751119e-03,7.475484e-02
1.548497e-01,1.013560e-01,1.330743e-02,4.784396e-02,1.121604e-02,2.432506e-02,2.896427e-03,1.891696e-02,1.554209e-01,2.104425e-02,2.530701e-02,4.916922e-02,3.107461e-01,6.889495e-03,5.671139e-02
1.261724e-01,8.158516e-02,9.902963e-03,3.455542e-02,8.211359e-03,2.209675e-02,2.546158e-03,1.389197e-02,1.250433e-01,1.491778e-02,3.553521e-02,6.039335e-02,4.170529e-01,5.790005e-03,4.230521e-02
8.973975e-02,6.247425e-02,8.144966e-03,2.440578e-02,6.012404e-03,2.316436e-02,3.138679e-03,1.022820e-02,9.447424e-02,1.073104e-02,2.610248e-02,5.975512e-02,5.442253e-01,4.586093e-03,3.281735e-02
6.763150e-02,4.800234e-02,7.697542e-03,1.744423e-02,4.927314e-03,2.660979e-02,3.520974e-03,1.665451e-02,8.021793e-02,7.922954e-03,1.950715e-02,5.844045e-02,6.114486e-01,3.967104e-03,2.600759e-02
5.762883e-02,6.008495e-02,2.050780e-02,1.429963e-02,5.646674e-03,4.189052e-02,2.838519e-03,1.766947e-02,9.603721e-02,7.245746e-03,1.487518e-02,5.805064e-02,5.768124e-01,4.331992e-03,2.208040e-02
4.769047e-02,6.920921e-02,3.095704e-02,1.583191e-02,5.880111e-03,1.030622e-01,2.264465e-03,1.640783e-02,1.243285e-01,8.066751e-03,1.232829e-02,6.288594e-02,4.759014e-01,4.212909e-03,2.097302e-02
4.428253e-02,1.090743e-01,2.902597e-02,1.356283e-02,5.091136e-03,1.395311e-01,2.104146e-03,1.337209e-02,1.735781e-01,7.811164e-03,1.030042e-02,5.151787e-02,3.767694e-01,3.732641e-03,2.024630e-02
5.576002e-02,1.088731e-01,2.295946e-02,1.737381e-02,8.383811e-03,1.321500e-01,2.435323e-03,1.080193e-02,2.633964e-01,1.057738e-02,8.532455e-03,3.955067e-02,2.827392e-01,3.290660e-03,3.317574e-02
4.893059e-02,1.040832e-01,2.713789e-02,2.773599e-02,1.737499e-02,1.359320e-01,3.044688e-03,1.829622e-02,3.147969e-01,1.932016e-02,6.672086e-03,2.838748e-02,2.045333e-01,2.959869e-03,4.079462e-02
1.747823e-01,8.108048e-02,1.955940e-02,2.106205e-02,1.679507e-02,1.721499e-01,3.228312e-03,2.083402e-02,2.521351e-01,1.454032e-02,7.955384e-03,2.145107e-02,1.538336e-01,9.097444e-03,3.149557e-02
1.567731e-01,6.057623e-02,1.571537e-02,2.388117e-02,1.346721e-02,1.561126e-01,2.563871e-03,1.762866e-02,2.399061e-01,1.526831e-02,6.463196e-02,1.897561e-02,1.235168e-01,3.558586e-02,5.539716e-02
1.110870e-01,4.394380e-02,1.132982e-02,4.111807e-02,1.077578e-02,1.306020e-01,1.998859e-03,1.472915e-02,2.653083e-01,1.591388e-02,9.160051e-02,1.602473e-02,1.412127e-01,2.632934e-02,7.802598e-02
7.871477e-02,3.164482e-02,8.081682e-03,3.748879e-02,7.993376e-03,9.243999e-02,1.464243e-03,1.042399e-02,4.478236e-01,1.187301e-02,8.141254e-02,1.164161e-02,1.011653e-01,1.912060e-02,5.871170e-02
5.539412e-02,2.234610e-02,5.752924e-03,2.933040e-02,5.907396e-03,6.656776e-02,1.089172e-03,7.505270e-03,4.395345e-01,8.719841e-03,1.919684e-01,9.163430e-03,8.217496e-02,2.357868e-02,5.096700e-02
3.880565e-02,1.566432e-02,4.047076e-03,2.093811e-02,4.402615e-03,4.688603e-02,7.668521e-04,5.269722e-03,3.232334e-01,6.313757e-03,3.945444e-01,6.782627e-03,6.812650e-02,2.328268e-02,4.093618e-02
2.719112e-02,1.100683e-02,2.870738e-03,1.492968e-02,3.264958e-03,3.394738e-02,5.433600e-04,3.700859e-03,2.556126e-01,4.547971e-03,3.035667e-01,4.908795e-03,4.878099e-02,2.513911e-01,3.373682e-02
1.904797e-02,7.765946e-03,2.031613e-03,1.068346e-02,2.360397e-03,2.464722e-02,3.833777e-04,2.595581e-03,2.171312e-01,3.317384e-03,2.192678e-01,3.540139e-03,3.448154e-02,4.270053e-01,2.574106e-02
1.345055e-02,5.647790e-03,1.548144e-03,8.389881e-03,1.749441e-03,1.804345e-02,2.767572e-04,1.832030e-03,4.294683e-01,2.492831e-03,1.542837e-01,2.667027e-03,2.465712e-02,3.165399e-01,1.895300e-02
1.014713e-02,6.945038e-03,1.520224e-03,7.494641e-03,1.324694e-03,1.946081e-02,2.529841e-04,1.827996e-03,4.121902e-01,1.814639e-03,1.105695e-01,2.090912e-03,1.793616e-02,3.908386e-01,1.558649e-02
8.074980e-03,8.831267e-03,3.665217e-03,6.219779e-03,1.213352e-03,2.274121e-02,3.197924e-04,2.632935e-03,3.501260e-01,1.398170e-03,8.042075e-02,1.552393e-03,1.326112e-02,4.859562e-01,1.358687e-02
7.761971e-03,7.538659e-03,4.015572e-03,5.329734e-03,2.563514e-03,2.088839e-02,2.648330e-04,4.011320e-03,3.302265e-01,1.187509e-03,5.913012e-02,1.105971e-03,9.383851e-03,5.356460e-01,1.094600e-02
5.734270e-03,6.458459e-03,3.536365e-03,5.466043e-03,2.330487e-03,1.576695e-02,2.080385e-04,3.940302e-03,4.342498e-01,1.143689e-03,4.290652e-02,8.076231e-04,6.953740e-03,4.607743e-01,9.723359e-03
5.038946e-03,5.354620e-03,3.269637e-03,4.161419e-03,2.268725e-03,1.234551e-02,1.561110e-04,2.870520e-03,4.679886e-01,1.204047e-03,3.534552e-02,6.135361e-04,5.313631e-03,4.358007e-01,1.826837e-02
4.296498e-03,4.438799e-03,3.298888e-03,3.009629e-03,2.656405e-03,8.984643e-03,1.220430e-04,2.296988e-03,4.481775e-01,1.086471e-03,3.038680e-02,4.478246e-04,4.154971e-03,4.609752e-01,2.566727e-02
3.571273e-03,3.814227e-03,6.646708e-03,3.343340e-03,4.290474e-03,6.709043e-03,1.081440e-04,3.481426e-03,5.327220e-01,9.908237e-04,2.450823e-02,3.696340e-04,3.779244e-03,3.729110e-01,3.275440e-02
6.985252e-03,4.185194e-03,1.166272e-02,2.954363e-03,6.068063e-03,8.305856e-03,1.380006e-04,2.806316e-03,5.501479e-01,1.628536e-03,3.243709e-02,7.647869e-04,6.245810e-03,2.952814e-01,7.038871e-02
8.230751e-03,3.830778e-03,1.088662e-02,2.418008e-03,6.241684e-03,6.884048e-03,1.626539e-04,2.084315e-03,4.771656e-01,3.874097e-03,1.194174e-01,9.459560e-04,9.059552e-03,2.384744e-01,1.103241e-01
7.102811e-03,3.208925e-03,1.271477e-02,1.965481e-03,6.902254e-03,5.441727e-03,2.404236e-04,1.934404e-03,3.703484e-01,1.807203e-02,2.310641e-01,1.702719e-03,2.311501e-02,1.771093e-01,1.390776e-01
5.830820e-03,2.678396e-03,3.705854e-02,1.631582e-03,9.913096e-03,4.229418e-03,2.780217e-04,3.273478e-03,2.909042e-01,1.583345e-02,2.325688e-01,1.458333e-03,2.627090e-02,1.435636e-01,2.245075e-01
6.694437e-03,2.940315e-03,9.420029e-02,2.781861e-03,1.057057e-02,5.120661e-03,5.751984e-04,3.917770e-03,2.528693e-01,1.583353e-02,1.772046e-01,1.499878e-03,2.420843e-02,1.331325e-01,2.684506e-01
9.551791e-03,5.571483e-03,1.455951e-01,3.502125e-03,1.553486e-02,5.292087e-03,1.480424e-03,7.281032e-03,2.669435e-01,2.680651e-02,1.354188e-01,2.241963e-03,2.444727e-02,1.225606e-01,2.277725e-01
1.263350e-02,5.765853e-03,2.362571e-01,3.873709e-03,2.374769e-02,9.855114e-03,2.142372e-03,7.423601e-03,2.238038e-01,3.365818e-02,1.038583e-01,2.812633e-03,2.296404e-02,1.202979e-01,1.909062e-01
1.427647e-02,7.515000e-03,3.099768e-01,4.465377e-03,3.671050e-02,9.646239e-03,3.593379e-03,3.127633e-02,1.767891e-01,3.850488e-02,7.659552e-02,2.624527e-03,1.852059e-02,9.013344e-02,1.793719e-01
1.241235e-02,8.779488e-03,4.380684e-01,6.184994e-03,3.765617e-02,1.393682e-02,3.144833e-03,3.549572e-02,1.308436e-01,3.200182e-02,5.522929e-02,2.433866e-03,1.539514e-02,6.424257e-02,1.441749e-01
1.139658e-02,1.035395e-02,4.751986e-01,1.635953e-02,4.131809e-02,4.537428e-02,2.463435e-03,3.205654e-02,1.011215e-01,2.877439e-02,4.546722e-02,5.692699e-03,2.903784e-02,4.532994e-02,1.100554e-01
2.444692e-02,2.171758e-02,3.923213e-01,1.672108e-02,7.037073e-02,4.459780e-02,6.676742e-03,5.261021e-02,8.130138e-02,5.386543e-02,4.143935e-02,1.004018e-02,4.328369e-02,3.398816e-02,1.066195e-01
2.642563e-02,1.922903e-02,3.472740e-01,1.349775e-02,7.071555e-02,3.603833e-02,3.395867e-02,1.298150e-01,6.298193e-02,4.733303e-02,3.172637e-02,8.781020e-03,3.759489e-02,2.555692e-02,1.090720e-01
2.381288e-02,1.460309e-02,2.953318e-01,1.076350e-02,5.708167e-02,2.706562e-02,6.787015e-02,2.555755e-01,4.568017e-02,3.571104e-02,2.284234e-02,6.356317e-03,2.802980e-02,1.835002e-02,9.092619e-02
2.254234e-02,1.191432e-02,2.903165e-01,1.066859e-02,4.951581e-02,2.194737e-02,1.193376e-01,2.723179e-01,3.527237e-02,2.930668e-02,1.660458e-02,4.745146e-03,2.269080e-02,1.335156e-02,7.946851e-02
1.834439e-02,9.198783e-03,2.305305e-01,8.673046e-03,3.960513e-02,1.743219e-02,2.458666e-01,2.723238e-01,2.682481e-02,2.303748e-02,1.191024e-02,3.518028e-03,2.138493e-02,9.611217e-03,6.173896e-02
1.401900e-02,6.893668e-03,1.670603e-01,6.492071e-03,2.981186e-02,1.287799e-02,4.245467e-01,2.200388e-01,2.009415e-02,1.717639e-02,8.474856e-03,2.551864e-03,1.650908e-02,6.815908e-03,4.663730e-02
1.111541e-02,5.394765e-03,1.253581e-01,5.049961e-03,2.353480e-02,9.592654e-03,5.473431e-01,1.805681e-01,1.543553e-02,1.313774e-02,6.036389e-03,1.862568e-03,1.342037e-02,4.827637e-03,3.732288e-02
1.023929e-02,4.478120e-03,9.263539e-02,4.477348e-03,1.915577e-02,7.344307e-03,6.318551e-01,1.509482e-01,1.285402e-02,9.765556e-03,4.345481e-03,1.433934e-03,1.352431e-02,3.460343e-03,3.348282e-02
1.056671e-02,5.178586e-03,6.991702e-02,3.900946e-03,1.967197e-02,6.246885e-03,6.315802e-01,1.490873e-01,2.115369e-02,8.294635e-03,3.339389e-03,1.223978e-03,1.943428e-02,2.641475e-03,4.776302e-02
1.283608e-02,6.431210e-03,5.895045e-02,3.557483e-03,2.277500e-02,5.978962e-03,6.020536e-01,1.715624e-01,2.912654e-02,6.706083e-03,2.612155e-03,1.037778e-03,2.432866e-02,2.228464e-03,4.981507e-02
2.965890e-02,1.616934e-02,5.056464e-02,5.665768e-03,3.305416e-02,9.163408e-03,4.893646e-01,1.964043e-01,6.473196e-02,6.132159e-03,2.264045e-03,1.575542e-03,2.386449e-02,2.830345e-03,6.855623e-02
5.277555e-02,2.121413e-02,4.267308e-02,7.895295e-03,4.356548e-02,1.473995e-02,3.939941e-01,2.168530e-01,6.802606e-02,6.228392e-03,2.113609e-03,2.446031e-03,2.516502e-02,3.585342e-03,9.872498e-02
7.857487e-02,2.199966e-02,3.365279e-02,8.525996e-03,4.642502e-02,2.325267e-02,3.489604e-01,2.272251e-01,6.786478e-02,7.250058e-03,3.076862e-03,5.779438e-03,2.364978e-02,4.041882e-03,9.972070e-02
1.502465e-01,2.522127e-02,3.057185e-02,1.187436e-02,4.259796e-02,3.827820e-02,2.717396e-01,2.259870e-01,6.353642e-02,8.398101e-03,3.668512e-03,1.079997e-02,2.435993e-02,4.919147e-03,8.780117e-02
2.207312e-01,2.712465e-02,2.826941e-02,1.408915e-02,4.235413e-02,4.005631e-02,2.089474e-01,2.323505e-01,5.955591e-02,8.950709e-03,3.782016e-03,1.383191e-02,2.174248e-02,6.020614e-03,7.219355e-02
1.571365e-01,2.295711e-02,2.449389e-02,2.724864e-02,3.339904e-02,3.629310e-02,1.482704e-01,1.651351e-01,4.676237e-02,2.154576e-01,1.265902e-02,1.412729e-02,2.516961e-02,4.853287e-03,6.603689e-02
1.110256e-01,1.799614e-02,1.847725e-02,3.339038e-02,2.442666e-02,2.747762e-02,1.050992e-01,1.183212e-01,3.723036e-02,3.683188e-01,1.986248e-02,1.747259e-02,3.954774e-02,3.911799e-03,5.744209e-02
7.886989e-02,1.486782e-02,1.413435e-02,2.646451e-02,2.028855e-02,2.043302e-02,7.538416e-02,8.370721e-02,5.173887e-02,4.807870e-01,1.747277e-02,2.086239e-02,4.310670e-02,4.376848e-03,4.750580e-02
5.671256e-02,1.139010e-02,1.023288e-02,1.896006e-02,1.466446e-02,1.554019e-02,5.288026e-02,5.870633e-02,4.051592e-02,5.546784e-01,1.460763e-02,2.120699e-02,5.534172e-02,4.136798e-03,7.042565e-02
4.890595e-02,1.069557e-02,7.834003e-03,1.448949e-02,1.124141e-02,1.222162e-02,3.738941e-02,4.150404e-02,3.374225e-02,4.791629e-01,1.865514e-02,2.687063e-02,1.020124e-01,6.102950e-03,1.491722e-01
4.154771e-02,2.547929e-02,5.839326e-03,1.042861e-02,8.862669e-03,1.141954e-02,2.679440e-02,2.997857e-02,4.363265e-02,3.558744e-01,1.541180e-02,6.070337e-02,1.555245e-01,7.242499e-03,2.012607e-01
3.502820e-02,2.516211e-02,4.423820e-03,7.728823e-03,7.397648e-03,9.360200e-03,1.941213e-02,2.191376e-02,3.842406e-02,2.624501e-01,1.239906e-02,8.680792e-02,1.742150e-01,9.294380e-03,2.859827e-01
3.596726e-02,2.200148e-02,3.550662e-03,6.923972e-03,6.768384e-03,1.409002e-02,1.437980e-02,1.557703e-02,4.332981e-02,1.964792e-01,2.110105e-02,9.464370e-02,2.258723e-01,3.139378e-02,2.679215e-01
9.201630e-02,9.766643e-02,8.624641e-03,7.185864e-03,2.012799e-02,1.463774e-02,1.095975e-02,1.381700e-02,5.391418e-02,1.430970e-01,2.038565e-02,7.140391e-02,1.837545e-01,2.335295e-02,2.390561e-01
1.730342e-01,1.885060e-01,8.702314e-03,1.229715e-02,2.244252e-02,1.487468e-02,8.273159e-03,1.344750e-02,5.258244e-02,1.040227e-01,1.655921e-02,5.449801e-02,1.371786e-01,1.671347e-02,1.768681e-01
1.462826e-01,2.873048e-01,7.840506e-03,1.143928e-02,3.885952e-02,1.887114e-02,7.031518e-03,1.489450e-02,8.531266e-02,7.524019e-02,1.310674e-02,4.034225e-02,1.156649e-01,1.179377e-02,1.260157e-01
1.546274e-01,3.263606e-01,7.417629e-03,1.970772e-02,5.033115e-02,2.051272e-02,6.599877e-03,3.776765e-02,9.311908e-02,5.480525e-02,1.011482e-02,3.045897e-02,8.986570e-02,8.456073e-03,8.985531e-02
