1.000000e+00,0.000000e+00,0.000000e+00,0.000000e+00,0.000000e+00,0.000000e+00,0.000000e+00,0.000000e+00,0.000000e+00,0.000000e+00,0.000000e+00,0.000000e+00,0.000000e+00,0.000000e+00,0.000000e+00
1.000000e+00,0.000000e+00,0.000000e+00,0.000000e+00,0.000000e+00,0.000000e+00,0.000000e+00,0.000000e+00,0.000000e+00,0.000000e+00,0.000000e+00,0.000000e+00,0.000000e+00,0.000000e+00,0.000000e+00
1.000000e+00,0.000000e+00,0.000000e+00,0.000000e+00,0.000000e+00,0.000000e+00,0.000000e+00,0.000000e+00,0.000000e+00,0.000000e+00,0.000000e+00,0.000000e+00,0.000000e+00,0.000000e+00,0.000000e+00
1.000000e+00,0.000000e+00,0.000000e+00,0.000000e+00,0.000000e+00,0.000000e+00,0.000000e+00,0.000000e+00,0.000000e+00,0.000000e+00,0.000000e+00,0.000000e+00,0.000000e+00,0.000000e+00,0.000000e+00
1.000000e+00,0.000000e+00,0.000000e+00,0.000000e+00,0.000000e+00,0.000000e+00,0.000000e+00,0.000000e+00,0.000000e+00,0.000000e+00,0.000000e+00,0.000000e+00,0.000000e+00,0.000000e+00,0.000000e+00
1.000000e+00,0.000000e+00,0.000000e+00,0.000000e+00,0.000000e+00,0.000000e+00,0.000000e+00,0.000000e+00,0.000000e+00,0.000000e+00,0.000000e+00,0.000000e+00,0.000000e+00,0.000000e+00,0.000000e+00
1.000000e+00,0.000000e+00,0.000000e+00,0.000000e+00,0.000000e+00,0.000000e+00,0.000000e+00,0.000000e+00,0.000000e+00,0.000000e+00,0.000000e+00,0.000000e+00,0.000000e+00,0.000000e+00,0.000000e+00
1.000000e+00,0.000000e+00,0.000000e+00,0.000000e+00,0.000000e+00,0.000000e+00,0.000000e+00,0.000000e+00,0.000000e+00,0.000000e+00,0.000000e+00,0.000000e+00,0.000000e+00,0.000000e+00,0.000000e+00
1.000000e+00,0.000000e+00,0.000000e+00,0.000000e+00,0.000000e+00,0.000000e+00,0.000000e+00,0.000000e+00,0.000000e+00,0.000000e+00,0.000000e+00,0.000000e+00,0.000000e+00,0.000000e+00,0.000000e+00
1.000000e+00,0.000000e+00,0.000000e+00,0.000000e+00,0.000000e+00,0.000000e+00,0.000000e+00,0.000000e+00,0.000000e+00,0.000000e+00,0.000000e+00,0.000000e+00,0.000000e+00,0.000000e+00,0.000000e+00
1.000000e+00,0.000000e+00,0.000000e+00,0.000000e+00,0.000000e+00,0.000000e+00,0.000000e+00,0.000000e+00,0.000000e+00,0.000000e+00,0.000000e+00,0.000000e+00,0.000000e+00,0.000000e+00,0.000000e+00
1.000000e+00,0.000000e+00,0.000000e+00,0.000000e+00,0.000000e+00,0.000000e+00,0.000000e+00,0.000000e+00,0.000000e+00,0.000000e+00,0.000000e+00,0.000000e+00,0.000000e+00,0.000000e+00,0.000000e+00
1.000000e+00,0.000000e+00,0.000000e+00,0.000000e+00,0.000000e+00,0.000000e+00,0.000000e+00,0.000000e+00,0.000000e+00,0.000000e+00,0.000000e+00,0.000000e+00,0.000000e+00,0.000000e+00,0.000000e+00
1.000000e+00,0.000000e+00,0.000000e+00,0.000000e+00,0.000000e+00,0.000000e+00,0.000000e+00,0.000000e+00,0.000000e+00,0.000000e+00,0.000000e+00,0.000000e+00,0.000000e+00,0.000000e+00,0.000000e+00
1.000000e+00,0.000000e+00,0.000000e+00,0.000000e+00,0.000000e+00,0.000000e+00,0.000000e+00,0.000000e+00,0.000000e+00,0.000000e+00,0.000000e+00,0.000000e+00,0.000000e+00,0.000000e+00,0.000000e+00
1.000000e+00,0.000000e+00,0.000000e+00,0.000000e+00,0.000000e+00,0.000000e+00,0.000000e+00,0.000000e+00,0.000000e+00,0.000000e+00,0.000000e+00,0.000000e+00,0.000000e+00,0.000000e+00,0.000000e+00
1.000000e+00,0.000000e+00,0.000000e+00,0.000000e+00,0.000000e+00,0.000000e+00,0.000000e+00,0.000000e+00,0.000000e+00,0.000000e+00,0.000000e+00,0.000000e+00,0.000000e+00,0.000000e+00,0.000000e+00
1.000000e+00,0.000000e+00,0.000000e+00,0.000000e+00,0.000000e+00,0.000000e+00,0.000000e+00,0.000000e+00,0.000000e+00,0.000000e+00,0.000000e+00,0.000000e+00,0.000000e+00,0.000000e+00,0.000000e+00
1.000000e+00,0.000000e+00,0.000000e+00,0.000000e+00,0.000000e+00,0.000000e+00,0.000000e+00,0.000000e+00,0.000000e+00,0.000000e+00,0.000000e+00,0.000000e+00,0.000000e+00,0.000000e+00,0.000000e+00
1.000000e+00,0.000000e+00,0.000000e+00,0.000000e+00,0.000000e+00,0.000000e+00,0.000000e+00,0.000000e+00,0.000000e+00,0.000000e+00,0.000000e+00,0.000000e+00,0.000000e+00,0.000000e+00,0.000000e+00
1.000000e+00,0.000000e+00,0.000000e+00,0.000000e+00,0.000000e+00,0.000000e+00,0.000000e+00,0.000000e+00,0.000000e+00,0.000000e+00,0.000000e+00,0.000000e+00,0.000000e+00,0.000000e+00,0.000000e+00
1.000000e+00,0.000000e+00,0.000000e+00,0.000000e+00,0.000000e+00,0.000000e+00,0.000000e+00,0.000000e+00,0.000000e+00,0.000000e+00,0.000000e+00,0.000000e+00,0.000000e+00,0.000000e+00,0.000000e+00
1.000000e+00,0.000000e+00,0.000000e+00,0.000000e+00,0.000000e+00,0.000000e+00,0.000000e+00,0.000000e+00,0.000000e+00,0.000000e+00,0.000000e+00,0.000000e+00,0.000000e+00,0.000000e+00,0.000000e+00
1.000000e+00,0.000000e+00,0.000000e+00,0.000000e+00,0.000000e+00,0.000000e+00,0.000000e+00,0.000000e+00,0.000000e+00,0.000000e+00,0.000000e+00,0.000000e+00,0.000000e+00,0.000000e+00,0.000000e+00
1.000000e+00,0.000000e+00,0.000000e+00,0.000000e+00,0.000000e+00,0.000000e+00,0.000000e+00,0.000000e+00,0.000000e+00,0.000000e+00,0.000000e+00,0.000000e+00,0.000000e+00,0.000000e+00,0.000000e+00
1.000000e+00,0.000000e+00,0.000000e+00,0.000000e+00,0.000000e+00,0.000000e+00,0.000000e+00,0.000000e+00,0.000000e+00,0.000000e+00,0.000000e+00,0.000000e+00,0.000000e+00,0.000000e+00,0.000000e+00
1.000000e+00,0.000000e+00,0.000000e+00,0.000000e+00,0.000000e+00,0.000000e+00,0.000000e+00,0.000000e+00,0.000000e+00,0.000000e+00,0.000000e+00,0.000000e+00,0.000000e+00,0.000000e+00,0.000000e+00
1.000000e+00,0.000000e+00,0.000000e+00,0.000000e+00,0.000000e+00,0.000000e+00,0.000000e+00,0.000000e+00,0.000000e+00,0.000000e+00,0.000000e+00,0.000000e+00,0.000000e+00,0.000000e+00,0.000000e+00
1.000000e+00,0.000000e+00,0.000000e+00,0.000000e+00,0.000000e+00,0.000000e+00,0.000000e+00,0.000000e+00,0.000000e+00,0.000000e+00,0.000000e+00,0.000000e+00,0.000000e+00,0.000000e+00,0.000000e+00
1.000000e+00,0.000000e+00,0.000000e+00,0.000000e+00,0.000000e+00,0.000000e+00,0.000000e+00,0.000000e+00,0.000000e+00,0.000000e+00,0.000000e+00,0.000000e+00,0.000000e+00,0.000000e+00,0.000000e+00
1.000000e+00,0.000000e+00,0.000000e+00,0.000000e+00,0.000000e+00,0.000000e+00,0.000000e+00,0.000000e+00,0.000000e+00,0.000000e+00,0.000000e+00,0.000000e+00,0.000000e+00,0.000000e+00,0.000000e+00
1.000000e+00,0.000000e+00,0.000000e+00,0.000000e+00,0.000000e+00,0.000000e+00,0.000000e+00,0.000000e+00,0.000000e+00,0.000000e+00,0.000000e+00,0.000000e+00,0.000000e+00,0.000000e+00,0.000000e+00
1.000000e+00,0.000000e+00,0.000000e+00,0.000000e+00,0.000000e+00,0.000000e+00,0.000000e+00,0.000000e+00,0.000000e+00,0.000000e+00,0.000000e+00,0.000000e+00,0.000000e+00,0.000000e+00,0.000000e+00
1.000000e+00,0.000000e+00,0.000000e+00,0.000000e+00,0.000000e+00,0.000000e+00,0.000000e+00,0.000000e+00,0.000000e+00,0.000000e+00,0.000000e+00,0.000000e+00,0.000000e+00,0.000000e+00,0.000000e+00
1.000000e+00,0.000000e+00,0.000000e+00,0.000000e+00,0.000000e+00,0.000000e+00,0.000000e+00,0.000000e+00,0.000000e+00,0.000000e+00,0.000000e+00,0.000000e+00,0.000000e+00,0.000000e+00,0.000000e+00
1.000000e+00,0.000000e+00,0.000000e+00,0.000000e+00,0.000000e+00,0.000000e+00,0.000000e+00,0.000000e+00,0.000000e+00,0.000000e+00,0.000000e+00,0.000000e+00,0.000000e+00,0.000000e+00,0.000000e+00
1.000000e+00,0.000000e+00,0.000000e+00,0.000000e+00,0.000000e+00,0.000000e+00,0.000000e+00,0.000000e+00,0.000000e+00,0.000000e+00,0.000000e+00,0.000000e+00,0.000000e+00,0.000000e+00,0.000000e+00
1.000000e+00,0.000000e+00,0.000000e+00,0.000000e+00,0.000000e+00,0.000000e+00,0.000000e+00,0.000000e+00,0.000000e+00,0.000000e+00,0.000000e+00,0.000000e+00,0.000000e+00,0.000000e+00,0.000000e+00
1.000000e+00,0.000000e+00,0.000000e+00,0.000000e+00,0.000000e+00,0.000000e+00,0.000000e+00,0.000000e+00,0.000000e+00,0.000000e+00,0.000000e+00,0.000000e+00,0.000000e+00,0.000000e+00,0.000000e+00
1.000000e+00,0.000000e+00,0.000000e+00,0.000000e+00,0.000000e+00,0.000000e+00,0.000000e+00,0.000000e+00,0.000000e+00,0.000000e+00,0.000000e+00,0.000000e+00,0.000000e+00,0.000000e+00,0.000000e+00
1.000000e+00,0.000000e+00,0.000000e+00,0.000000e+00,0.000000e+00,0.000000e+00,0.000000e+00,0.000000e+00,0.000000e+00,0.000000e+00,0.000000e+00,0.000000e+00,0.000000e+00,0.000000e+00,0.000000e+00
1.000000e+00,0.000000e+00,0.000000e+00,0.000000e+00,0.000000e+00,0.000000e+00,0.000000e+00,0.000000e+00,0.000000e+00,0.000000e+00,0.000000e+00,0.000000e+00,0.000000e+00,0.000000e+00,0.000000e+00
1.000000e+00,0.000000e+00,0.000000e+00,0.000000e+00,0.000000e+00,0.000000e+00,0.000000e+00,0.000000e+00,0.000000e+00,0.000000e+00,0.000000e+00,0.000000e+00,0.000000e+00,0.000000e+00,0.000000e+00
1.000000e+00,0.000000e+00,0.000000e+00,0.000000e+00,0.000000e+00,0.000000e+00,0.000000e+00,0.000000e+00,0.000000e+00,0.000000e+00,0.000000e+00,0.000000e+00,0.000000e+00,0.000000e+00,0.000000e+00
1.000000e+00,0.000000e+00,0.000000e+00,0.000000e+00,0.000000e+00,0.000000e+00,0.000000e+00,0.000000e+00,0.000000e+00,0.000000e+00,0.000000e+00,0.000000e+00,0.000000e+00,0.000000e+00,0.000000e+00
1.000000e+00,0.000000e+00,0.000000e+00,0.000000e+00,0.000000e+00,0.000000e+00,0.000000e+00,0.000000e+00,0.000000e+00,0.000000e+00,0.000000e+00,0.000000e+00,0.000000e+00,0.000000e+00,0.000000e+00
1.000000e+00,0.000000e+00,0.000000e+00,0.000000e+00,0.000000e+00,0.000000e+00,0.000000e+00,0.000000e+00,0.000000e+00,0.000000e+00,0.000000e+00,0.000000e+00,0.000000e+00,0.000000e+00,0.000000e+00
1.000000e+00,0.000000e+00,0.000000e+00,0.000000e+00,0.000000e+00,0.000000e+00,0.000000e+00,0.000000e+00,0.000000e+00,0.000000e+00,0.000000e+00,0.000000e+00,0.000000e+00,0.000000e+00,0.000000e+00
1.000000e+00,0.000000e+00,0.000000e+00,0.000000e+00,0.000000e+00,0.000000e+00,0.000000e+00,0.000000e+00,0.000000e+00,0.000000e+00,0.000000e+00,0.000000e+00,0.000000e+00,0.000000e+00,0.000000e+00
1.000000e+00,0.000000e+00,0.000000e+00,0.000000e+00,0.000000e+00,0.000000e+00,0.000000e+00,0.000000e+00,0.000000e+00,0.000000e+00,0.000000e+00,0.000000e+00,0.000000e+00,0.000000e+00,0.000000e+00
1.000000e+00,0.000000e+00,0.000000e+00,0.000000e+00,0.000000e+00,0.000000e+00,0.000000e+00,0.000000e+00,0.000000e+00,0.000000e+00,0.000000e+00,0.000000e+00,0.000000e+00,0.000000e+00,0.000000e+00
1.000000e+00,0.000000e+00,0.000000e+00,0.000000e+00,0.000000e+00,0.000000e+00,0.000000e+00,0.000000e+00,0.000000e+00,0.000000e+00,0.000000e+00,0.000000e+00,0.000000e+00,0.000000e+00,0.000000e+00
4.648545e-01,6.204101e-02,1.290336e-02,1.404895e-01,2.601857e-02,3.703775e-02,1.556963e-02,2.690545e-02,2.667862e-02,3.698152e-03,1.346806e-02,8.713794e-02,4.503671e-02,3.259066e-03,3.490169e-02
4.205742e-01,7.354266e-02,1.462840e-02,1.576532e-01,2.952997e-02,3.804553e-02,1.555358e-02,2.588799e-02,2.875417e-02,4.601704e-03,1.343332e-02,8.488351e-02,4.637571e-02,3.712585e-03,4.282342e-02
3.237838e-01,7.807303e-02,4.053828e-02,2.390886e-01,3.398563e-02,3.486942e-02,1.379322e-02,3.099210e-02,2.497181e-02,3.897151e-03,1.269045e-02,8.075009e-02,3.815214e-02,3.429110e-03,4.098523e-02
3.454482e-01,7.507960e-02,5.778060e-02,2.128679e-01,3.669525e-02,3.304573e-02,1.398821e-02,2.772555e-02,2.402912e-02,3.696732e-03,1.414640e-02,7.671106e-02,3.748100e-02,3.562922e-03,3.774168e-02
3.660767e-01,7.291180e-02,6.333397e-02,1.937470e-01,3.500756e-02,3.127170e-02,1.417809e-02,2.728484e-02,2.280643e-02,3.954933e-03,1.592379e-02,7.235664e-02,3.779478e-02,4.115697e-03,3.923618e-02
4.717364e-01,6.250744e-02,4.894156e-02,1.536388e-01,2.931331e-02,2.827375e-02,1.190427e-02,2.275739e-02,2.037895e-02,3.658644e-03,1.516590e-02,5.875587e-02,3.348621e-02,4.139564e-03,3.534191e-02
4.788570e-01,6.179398e-02,4.660143e-02,1.433285e-01,2.823438e-02,2.830867e-02,1.177869e-02,2.304051e-02,2.072520e-02,4.125617e-03,1.889828e-02,5.592133e-02,3.392678e-02,5.044912e-03,3.941466e-02
4.104406e-01,4.726074e-02,5.309979e-02,2.638498e-01,2.343756e-02,2.240731e-02,8.703495e-03,3.534582e-02,1.527768e-02,3.455304e-03,1.728684e-02,4.083803e-02,2.641244e-02,3.758064e-03,2.842655e-02
3.042704e-01,3.407683e-02,4.463718e-02,1.900069e-01,1.871559e-02,1.750274e-02,6.876190e-03,2.845987e-01,1.111836e-02,2.590871e-03,1.334187e-02,2.961078e-02,1.944437e-02,2.835449e-03,2.037390e-02
2.157741e-01,2.445276e-02,4.316676e-02,1.483085e-01,1.430000e-02,1.273749e-02,4.912658e-03,4.617538e-01,8.432312e-03,2.034351e-03,1.127772e-02,2.160515e-02,1.417447e-02,2.308707e-03,1.476128e-02
1.807991e-01,1.794859e-02,6.029532e-02,1.138746e-01,1.177732e-02,9.755615e-03,3.931606e-03,5.453559e-01,6.125999e-03,1.586123e-03,9.861164e-03,1.548631e-02,1.068374e-02,1.966901e-03,1.055173e-02
1.329138e-01,1.302108e-02,5.089311e-02,1.024151e-01,9.439345e-03,7.614064e-03,2.908309e-03,5.425952e-01,5.733416e-03,6.059955e-03,4.519695e-02,2.529415e-02,4.382113e-02,3.815208e-03,8.279181e-03
9.330324e-02,9.985207e-03,3.671488e-02,1.889658e-01,8.039373e-03,5.449665e-03,2.116318e-03,3.843843e-01,2.862668e-02,8.386265e-03,6.815368e-02,5.429142e-02,1.001666e-01,3.784209e-03,7.632333e-03
6.546151e-02,7.062632e-03,2.584946e-02,1.924187e-01,6.826204e-03,4.124761e-03,1.548413e-03,2.704522e-01,2.883054e-02,6.039741e-03,7.811439e-02,6.409316e-02,2.403172e-01,3.174123e-03,5.686909e-03
4.587225e-02,4.954843e-03,1.814023e-02,1.493202e-01,5.496580e-03,2.942003e-03,1.112483e-03,1.894882e-01,2.052464e-02,4.411244e-03,1.158252e-01,5.774869e-02,3.767558e-01,2.725596e-03,4.681891e-03
3.215961e-02,3.473099e-03,1.274000e-02,1.053865e-01,6.607948e-03,2.097525e-03,7.934549e-04,1.339216e-01,1.559009e-02,3.125876e-03,1.380269e-01,4.947420e-02,4.912099e-01,2.037317e-03,3.355963e-03
2.258623e-02,2.438243e-03,8.956025e-03,7.627957e-02,1.015707e-02,1.778968e-03,5.730828e-04,9.435698e-02,1.508078e-02,2.228394e-03,1.254167e-01,5.206301e-02,5.841680e-01,1.539238e-03,2.377792e-03
1.596110e-02,1.910864e-03,6.493612e-03,5.577816e-02,8.135806e-03,2.500979e-03,4.443783e-04,6.676053e-02,3.834052e-02,2.365499e-03,1.139698e-01,1.244102e-01,5.596837e-01,1.379372e-03,1.865460e-03
1.165693e-02,1.728757e-03,4.686317e-03,4.028435e-02,6.177499e-03,4.131013e-03,3.864176e-04,4.777730e-02,7.483605e-02,2.243700e-03,1.125238e-01,2.135045e-01,4.774523e-01,1.178517e-03,1.432494e-03
8.557411e-03,1.322213e-03,3.935385e-03,3.336009e-02,8.242715e-03,3.861720e-03,4.074609e-04,3.427950e-02,7.715309e-02,2.859313e-03,1.753793e-01,1.871408e-01,4.612361e-01,1.145063e-03,1.119906e-03
6.539424e-03,1.591480e-03,3.980265e-03,2.569728e-02,8.458866e-03,7.790287e-03,4.073674e-04,2.581127e-02,8.902008e-02,6.729807e-03,1.596681e-01,2.093870e-01,4.501454e-01,2.404768e-03,2.368688e-03
5.131052e-03,1.752206e-03,3.288697e-03,1.854026e-02,9.018263e-03,9.606480e-03,6.148449e-04,1.899751e-02,1.189101e-01,1.096245e-02,1.270710e-01,2.852969e-01,3.814945e-01,2.601460e-03,6.714297e-03
5.263894e-03,2.693624e-03,3.123748e-03,1.641336e-02,1.237812e-02,3.245825e-02,1.136878e-03,1.494031e-02,1.552565e-01,1.880933e-02,9.565670e-02,2.932434e-01,3.386269e-01,2.651294e-03,7.347704e-03
1.000517e-02,3.021218e-03,2.623483e-03,1.227174e-02,3.348111e-02,2.717505e-02,2.898250e-03,1.452023e-02,2.501565e-01,1.549706e-02,7.452236e-02,2.729735e-01,2.726752e-01,2.036264e-03,6.142954e-03
7.612570e-03,2.733385e-03,1.890010e-03,8.782793e-03,2.565605e-02,3.813288e-02,2.836061e-03,1.128085e-02,2.198342e-01,1.133830e-02,5.472147e-02,3.755084e-01,2.333485e-01,1.538162e-03,4.786445e-03
8.542852e-03,3.354537e-03,1.482744e-03,6.352973e-03,2.131466e-02,3.989189e-02,6.941325e-03,1.505152e-02,2.329876e-01,9.145286e-03,4.349839e-02,4.140461e-01,1.911391e-01,1.294253e-03,4.956681e-03
8.669570e-03,3.179952e-03,1.061251e-03,4.603089e-03,1.906762e-02,5.633890e-02,5.471920e-03,1.183760e-02,3.378752e-01,6.677934e-03,3.316609e-02,3.665847e-01,1.407181e-01,9.368469e-04,3.811255e-03
1.154153e-02,4.032140e-03,1.543041e-03,6.483549e-03,3.201232e-02,7.178890e-02,6.732299e-03,6.282897e-02,3.931679e-01,5.661628e-03,2.449812e-02,2.737662e-01,1.017648e-01,7.445895e-04,3.434085e-03
1.594700e-02,5.174327e-03,1.489805e-03,6.049396e-03,6.942692e-02,7.301508e-02,1.760947e-02,4.538926e-02,4.531529e-01,4.673203e-03,1.824769e-02,2.085010e-01,7.742852e-02,6.170642e-04,3.278414e-03
1.815643e-02,4.955484e-03,2.402342e-03,2.968573e-02,1.686167e-01,5.752361e-02,2.455228e-02,4.878221e-02,4.219323e-01,3.718989e-03,1.331270e-02,1.478637e-01,5.543134e-02,4.706118e-04,2.595485e-03
3.507984e-02,8.590792e-03,3.887377e-03,3.571888e-02,1.505098e-01,4.885458e-02,2.105702e-02,3.664215e-02,4.773443e-01,3.575372e-03,1.341877e-02,1.168173e-01,4.505001e-02,5.029615e-04,2.950840e-03
3.906019e-02,6.994243e-03,1.114451e-02,5.483364e-02,2.133586e-01,3.856323e-02,2.186204e-02,8.581194e-02,3.940163e-01,2.826641e-03,1.113300e-02,8.393743e-02,3.366994e-02,4.250275e-04,2.363307e-03
4.615726e-02,5.876560e-03,2.651102e-02,1.755302e-01,2.150121e-01,2.818061e-02,1.925247e-02,6.846181e-02,2.994338e-01,2.893039e-03,1.963907e-02,6.422853e-02,2.566614e-02,5.364122e-04,2.621029e-03
4.234654e-02,5.226152e-03,2.911326e-02,1.313774e-01,2.024642e-01,2.014756e-02,1.880426e-02,2.338136e-01,2.266968e-01,2.344695e-03,1.657639e-02,4.719514e-02,2.107650e-02,5.969380e-04,2.220612e-03
3.703027e-02,4.098479e-03,2.403173e-02,9.265112e-02,1.553552e-01,1.446199e-02,1.669037e-02,4.233366e-01,1.628805e-01,1.812988e-03,1.543806e-02,3.359727e-02,1.647386e-02,4.520029e-04,1.689499e-03
3.277785e-02,3.279637e-03,1.802555e-02,6.499164e-02,1.151094e-01,1.035709e-02,1.740461e-02,5.738423e-01,1.150670e-01,1.387440e-03,1.101067e-02,2.358506e-02,1.161159e-02,3.332198e-04,1.216957e-03
2.982654e-02,2.542277e-03,1.342893e-02,4.581184e-02,8.768039e-02,7.688227e-03,3.514571e-02,6.616613e-01,8.083162e-02,1.077547e-03,8.023032e-03,1.665714e-02,8.370176e-03,2.542994e-04,1.000979e-03
2.426526e-02,2.190879e-03,1.017901e-02,3.220487e-02,6.744137e-02,8.322201e-03,1.230270e-01,6.453285e-01,5.708256e-02,8.656012e-04,6.049058e-03,1.196727e-02,9.761242e-03,2.429433e-04,1.072128e-03
1.991747e-02,1.694683e-03,7.336165e-03,2.263969e-02,4.851170e-02,8.425089e-03,1.607448e-01,6.626475e-01,4.016398e-02,6.876254e-04,4.398667e-03,8.590206e-03,1.284306e-02,1.935064e-04,1.205836e-03
2.039055e-02,1.386389e-03,5.532275e-03,1.606884e-02,3.493320e-02,8.405814e-03,1.524735e-01,7.008682e-01,2.900886e-02,7.672319e-04,3.746720e-03,7.964565e-03,1.631358e-02,2.520847e-04,1.888164e-03
1.842068e-02,2.559417e-03,4.602426e-03,1.184668e-02,2.653324e-02,1.343912e-02,2.025914e-01,5.327160e-01,2.208689e-02,2.802337e-03,7.075067e-03,7.361937e-03,1.373278e-01,7.891030e-04,9.847880e-03
1.327070e-02,2.161158e-03,3.355683e-03,8.973923e-03,1.905893e-02,1.042533e-02,1.670892e-01,3.775388e-01,1.583154e-02,3.111506e-03,8.331563e-03,5.359748e-03,3.243136e-01,6.127060e-04,4.056555e-02
1.076779e-02,1.894281e-03,2.536130e-03,6.987078e-03,1.378590e-02,8.777501e-03,1.320937e-01,2.653960e-01,1.198891e-02,4.264911e-03,9.773837e-03,5.534840e-03,3.984700e-01,1.705076e-03,1.260241e-01
9.104896e-03,2.075271e-03,2.577637e-03,6.153428e-03,1.074394e-02,9.626866e-03,9.856843e-02,1.864889e-01,1.339063e-02,2.907338e-02,8.869334e-03,7.139353e-03,3.590480e-01,7.049278e-03,2.500907e-01
1.365888e-02,4.451015e-03,7.294111e-03,8.823646e-03,1.364365e-02,1.168519e-02,7.076085e-02,1.312032e-01,1.884362e-02,8.034915e-02,1.193103e-02,8.152713e-03,2.708059e-01,6.166049e-03,3.422310e-01
1.254940e-02,1.134585e-02,9.622373e-03,1.399888e-02,1.861494e-02,1.585353e-02,5.204934e-02,9.320770e-02,7.351410e-02,1.202022e-01,1.028694e-02,7.416586e-03,1.927664e-01,5.917320e-03,3.626544e-01
1.035167e-02,1.503603e-02,8.006552e-03,1.293791e-02,1.428493e-02,2.978667e-02,3.680191e-02,6.535046e-02,9.188133e-02,9.695505e-02,8.624713e-03,5.965143e-03,1.381700e-01,6.099393e-03,4.597482e-01
7.558422e-03,1.797444e-01,6.142501e-03,1.254160e-02,1.012483e-02,2.286913e-02,2.579688e-02,4.575106e-02,1.599977e-01,6.889953e-02,7.489363e-03,4.739126e-03,9.865639e-02,4.560964e-03,3.451281e-01
5.805426e-03,1.679382e-01,4.841443e-03,1.018913e-02,7.288969e-03,1.743696e-02,1.811369e-02,3.210038e-02,1.301238e-01,4.922677e-02,8.004868e-03,3.792056e-03,7.161885e-02,4.413368e-03,4.691061e-01
5.140143e-03,1.228712e-01,3.832779e-03,8.260965e-03,7.288223e-03,1.426436e-02,1.302534e-02,2.287917e-02,1.060620e-01,3.583444e-02,1.397558e-02,4.392092e-03,5.788013e-02,4.903291e-03,5.793903e-01
3.964934e-03,1.242737e-01,2.844150e-03,1.004995e-02,6.022496e-03,1.209411e-02,9.758509e-03,1.674995e-02,2.026169e-01,2.558322e-02,1.386106e-02,3.819632e-03,4.603831e-02,4.448172e-03,5.178749e-01
3.336207e-03,1.040905e-01,2.137061e-03,8.887354e-03,5.154002e-03,9.791342e-03,6.968443e-03,1.189938e-02,2.453412e-01,1.935811e-02,1.304553e-02,3.288903e-03,4.152717e-02,3.429234e-03,5.217456e-01
3.028785e-03,1.012521e-01,1.754078e-03,1.846880e-02,3.827881e-03,9.520004e-03,4.898136e-03,8.527177e-03,3.896538e-01,1.550764e-02,1.080749e-02,2.677504e-03,3.241530e-02,3.956635e-03,3.937046e-01
4.345644e-03,7.954065e-02,1.955057e-03,1.464684e-02,3.156525e-03,8.369078e-03,3.581781e-03,7.293469e-03,3.855567e-01,1.216391e-02,1.252138e-02,2.909650e-03,3.867566e-02,5.823754e-03,4.194599e-01
5.341255e-03,8.972231e-02,2.967462e-03,1.167449e-02,2.602266e-03,6.727057e-03,2.727749e-03,5.689959e-03,3.588778e-01,1.600851e-02,1.153230e-02,3.397011e-03,3.323491e-02,2.940570e-02,4.200912e-01
1.615637e-02,8.044058e-02,1.131921e-02,1.070291e-02,2.365124e-03,6.201334e-03,2.168101e-03,4.554926e-03,3.525313e-01,1.718889e-02,1.597899e-02,9.140514e-03,3.040658e-02,7.955585e-02,3.612893e-01
1.818790e-02,6.460048e-02,1.568277e-02,1.001436e-02,3.322470e-03,5.960348e-03,1.897964e-03,4.477086e-03,3.602629e-01,1.745597e-02,1.733823e-02,8.869004e-03,2.705446e-02,9.811203e-02,3.467640e-01
1.987081e-02,4.962958e-02,1.776646e-02,9.343826e-03,3.073217e-03,4.970661e-03,1.407149e-03,3.360708e-03,3.641727e-01,2.088276e-02,1.478061e-02,7.154128e-03,2.010867e-02,1.569228e-01,3.065559e-01
1.832272e-02,3.844226e-02,1.903188e-02,1.114645e-02,4.247906e-03,4.408170e-03,1.164703e-03,2.899399e-03,4.531779e-01,1.845778e-02,1.372484e-02,7.124634e-03,2.023346e-02,1.259363e-01,2.616816e-01
1.722944e-02,3.026774e-02,1.790137e-02,9.744651e-03,4.276195e-03,3.502903e-03,9.075620e-04,2.411372e-03,4.172879e-01,1.932760e-02,1.149375e-02,6.686855e-03,1.768823e-02,1.236236e-01,3.176508e-01
1.411214e-02,2.609106e-02,1.978351e-02,9.702984e-03,4.362002e-03,3.118634e-03,7.945562e-04,2.802557e-03,4.968166e-01,1.801622e-02,9.910931e-03,5.974825e-03,1.706118e-02,9.529301e-02,2.761597e-01
1.115869e-02,2.451277e-02,1.976769e-02,7.634033e-03,5.415303e-03,3.712647e-03,8.153853e-04,4.397679e-03,4.559376e-01,1.564549e-02,8.792846e-03,5.167819e-03,2.229986e-02,7.861286e-02,3.361294e-01
9.979559e-03,3.553609e-02,2.136940e-02,7.004448e-03,4.499655e-03,3.490619e-03,6.251045e-04,3.621063e-03,4.835091e-01,1.750732e-02,6.837067e-03,4.698907e-03,2.328963e-02,6.453241e-02,3.134996e-01
2.492340e-02,7.474332e-02,2.478124e-02,8.109174e-03,5.822720e-03,6.094748e-03,7.023871e-04,5.469978e-03,4.297714e-01,1.570363e-02,7.462841e-03,1.060384e-02,6.016771e-02,5.442337e-02,2.712203e-01
2.692283e-02,9.089118e-02,2.554505e-02,1.326112e-02,4.903005e-03,6.476019e-03,5.216759e-04,4.139075e-03,4.434254e-01,1.631182e-02,7.032092e-03,8.595280e-03,4.478171e-02,4.944736e-02,2.577464e-01
2.533855e-02,8.409433e-02,2.131308e-02,9.859408e-03,3.662525e-03,5.518918e-03,5.669976e-04,3.087897e-03,3.948252e-01,1.520153e-02,3.180515e-02,1.052654e-02,3.250685e-02,1.349361e-01,2.267569e-01
1.919498e-02,6.137583e-02,1.553287e-02,7.040089e-03,2.601864e-03,4.613066e-03,4.451025e-04,2.216583e-03,2.938585e-01,1.246369e-02,4.647809e-02,9.189652e-03,2.353736e-02,3.368888e-01,1.645636e-01
1.465961e-02,4.504749e-02,1.139587e-02,5.369445e-03,2.024349e-03,8.765837e-03,3.740208e-04,1.682557e-03,2.185385e-01,1.339162e-02,1.092721e-01,9.652970e-03,1.836098e-02,4.043098e-01,1.371548e-01
1.137910e-02,3.771724e-02,8.688870e-03,4.115867e-03,1.615338e-03,1.032065e-02,3.396899e-04,1.279784e-03,1.691785e-01,1.265908e-02,1.094501e-01,8.850344e-03,1.356119e-02,5.028110e-01,1.080333e-01
9.958728e-03,2.809678e-02,6.495465e-03,3.244282e-03,1.296865e-03,9.135080e-03,2.841926e-04,9.545790e-04,1.331065e-01,1.140412e-02,1.284078e-01,7.054677e-03,1.013615e-02,5.542446e-01,9.618014e-02
8.035943e-03,2.262859e-02,5.119414e-03,2.656411e-03,2.582020e-03,1.611264e-02,2.457120e-04,8.055720e-04,1.226331e-01,1.257080e-02,1.734081e-01,5.738407e-03,7.663460e-03,5.216175e-01,9.818235e-02
8.808425e-03,1.802212e-02,4.201634e-03,1.967501e-03,2.450348e-02,1.474543e-02,3.045403e-04,8.796384e-04,1.068768e-01,1.192650e-02,2.333306e-01,4.269481e-03,5.717783e-03,4.866673e-01,7.777870e-02
7.980851e-03,1.349010e-02,3.281021e-03,1.740606e-03,2.815628e-02,1.305790e-02,3.099696e-04,1.042750e-03,1.244335e-01,1.099366e-02,2.097237e-01,3.384732e-03,4.251507e-03,5.227854e-01,5.536802e-02
5.939008e-03,1.010011e-02,2.615571e-03,1.281113e-03,2.591654e-02,1.036792e-02,2.317369e-04,7.698252e-04,1.811930e-01,8.639588e-03,1.509053e-01,2.577069e-03,3.181725e-03,5.567414e-01,3.954010e-02
4.601657e-03,7.492870e-03,1.945646e-03,1.054688e-03,1.855846e-02,9.097781e-03,1.775158e-04,5.476950e-04,1.652286e-01,6.569861e-03,1.175004e-01,1.965116e-03,2.516198e-03,6.345009e-01,2.824251e-02
3.427116e-03,6.755090e-03,1.477399e-03,9.365323e-04,1.315648e-02,8.787729e-03,1.331137e-04,3.990104e-04,1.925313e-01,5.504733e-03,1.076674e-01,1.745827e-03,2.127083e-03,6.352250e-01,2.012611e-02
2.453451e-03,5.666635e-03,1.075336e-03,7.161172e-04,9.277906e-03,7.285577e-03,9.970553e-05,2.810414e-04,1.765737e-01,4.729049e-03,1.126836e-01,1.804903e-03,1.673195e-03,6.613898e-01,1.428986e-02
1.845508e-03,6.126123e-03,9.986326e-04,7.093016e-04,6.572283e-03,6.789410e-03,8.308353e-05,2.194234e-04,2.330335e-01,4.131155e-03,9.055158e-02,1.670376e-03,1.303109e-03,6.354878e-01,1.047867e-02
1.391069e-03,6.403999e-03,1.098555e-03,6.586536e-04,4.727928e-03,5.950979e-03,7.279397e-05,1.698181e-04,3.408453e-01,3.257655e-03,7.641754e-02,1.380126e-03,1.006821e-03,5.487283e-01,7.890418e-03
1.200200e-03,2.871193e-02,3.035522e-03,8.353543e-04,3.841156e-03,6.942899e-03,7.263999e-05,1.462342e-04,4.720195e-01,2.854507e-03,5.793420e-02,9.966448e-04,7.640013e-04,4.147647e-01,5.880548e-03
1.381614e-03,2.186951e-02,3.173739e-03,1.002218e-03,3.130624e-03,6.693233e-03,5.942068e-05,1.157797e-04,5.530677e-01,2.571427e-03,4.828311e-02,7.522636e-04,6.004693e-04,3.527567e-01,4.542223e-03
2.041394e-03,1.621889e-02,7.545978e-03,3.199591e-03,3.147662e-03,6.916025e-03,7.541242e-05,2.780058e-04,6.273075e-01,2.520155e-03,3.833946e-02,6.280045e-04,5.829917e-04,2.878190e-01,3.379990e-03
7.103585e-03,1.384775e-02,6.032037e-02,1.268215e-02,5.303683e-03,7.839662e-03,1.634621e-04,1.422709e-03,5.724546e-01,2.617162e-03,3.823158e-02,6.875967e-04,5.758796e-04,2.735901e-01,3.159693e-03
1.194445e-02,1.179466e-02,5.431882e-02,1.129171e-02,7.315353e-03,9.015796e-03,2.752653e-04,2.238800e-03,5.752207e-01,5.949460e-03,3.839205e-02,1.171620e-03,7.038573e-04,2.673802e-01,2.987260e-03
1.746241e-02,9.694800e-03,4.777898e-02,9.798658e-03,7.180272e-03,1.046793e-02,3.615014e-04,2.509326e-03,5.894744e-01,6.146053e-03,3.404306e-02,1.257666e-03,6.722405e-04,2.597743e-01,3.378368e-03
2.002157e-02,8.515588e-03,4.083497e-02,7.876109e-03,7.508781e-03,1.095658e-02,3.100582e-04,3.506986e-03,6.281074e-01,1.618439e-02,2.642596e-02,1.066509e-03,6.898716e-04,2.200807e-01,7.914536e-03
2.061073e-02,7.498501e-03,3.274313e-02,6.113438e-03,7.574710e-03,1.912864e-02,2.809982e-04,4.497963e-03,6.555092e-01,2.508229e-02,2.000691e-02,8.873584e-04,6.606366e-04,1.782958e-01,2.110981e-02
1.982544e-02,6.379649e-03,2.439891e-02,4.534042e-03,6.083878e-03,3.382906e-02,2.271242e-04,4.133790e-03,6.769088e-01,2.115533e-02,1.678434e-02,7.233255e-04,5.920241e-04,1.550450e-01,2.937929e-02
2.319239e-02,6.928301e-03,2.094799e-02,5.572670e-03,6.009678e-03,3.074010e-02,2.890883e-04,1.075595e-02,7.196168e-01,1.607187e-02,1.560320e-02,9.442588e-04,1.013936e-03,1.181596e-01,2.415418e-02
3.863037e-02,7.781832e-03,2.573510e-02,7.480162e-03,6.328287e-03,4.344751e-02,4.241199e-04,1.540789e-02,6.933544e-01,1.680875e-02,1.608083e-02,1.644144e-03,1.608315e-03,9.877168e-02,2.649661e-02
5.360570e-02,1.086404e-02,2.142248e-02,7.312104e-03,6.674262e-03,5.997797e-02,8.518565e-04,1.900607e-02,6.642290e-01,1.947792e-02,1.435018e-02,2.948361e-03,2.061977e-03,9.349862e-02,2.371952e-02
6.122515e-02,8.927694e-03,1.689619e-02,5.718512e-03,6.136107e-03,5.827545e-02,6.694375e-04,1.462678e-02,5.976048e-01,1.716321e-02,1.711850e-02,2.392527e-03,2.433524e-03,1.068616e-01,8.395056e-02
8.811370e-02,1.295466e-02,1.341413e-02,8.702623e-03,7.990874e-03,4.382185e-02,8.404918e-04,1.309125e-02,5.537472e-01,1.295767e-02,1.695842e-02,2.749643e-03,8.094694e-03,1.263476e-01,9.021525e-02
9.719901e-02,1.094379e-02,9.825581e-03,6.764510e-03,9.961875e-03,3.343446e-02,7.673079e-04,1.069645e-02,5.550224e-01,1.047420e-02,2.810934e-02,2.457263e-03,1.093558e-02,1.369578e-01,7.645050e-02
9.651260e-02,9.278961e-03,7.174518e-03,5.550918e-03,9.108354e-03,2.544488e-02,9.182078e-04,8.595284e-03,5.893241e-01,8.834554e-03,2.854658e-02,2.232387e-03,1.115141e-02,1.323853e-01,6.494203e-02
7.964933e-02,7.646941e-03,5.356433e-03,4.352183e-03,7.994620e-03,1.893089e-02,9.046195e-04,6.427886e-03,6.081256e-01,8.222423e-03,3.183575e-02,2.289852e-03,1.060650e-02,1.401672e-01,6.748979e-02
5.952292e-02,7.726199e-03,4.325510e-03,3.227172e-03,1.570867e-02,1.389989e-02,6.980214e-04,4.654100e-03,6.142076e-01,6.674069e-03,5.471880e-02,2.172062e-03,1.121010e-02,1.383155e-01,6.293938e-02
6.188251e-02,6.948217e-03,3.304760e-03,2.813543e-03,1.215693e-02,1.419526e-02,6.883928e-04,3.459457e-03,6.527527e-01,5.449739e-03,4.555609e-02,1.980231e-03,1.030650e-02,1.246447e-01,5.386100e-02
4.801825e-02,5.810770e-03,2.502527e-03,2.177394e-03,9.059747e-03,1.113766e-02,5.295256e-04,2.487366e-03,7.134689e-01,4.288423e-03,3.573326e-02,1.517292e-03,8.068512e-03,1.048588e-01,5.034159e-02
3.650060e-02,4.324803e-03,1.797030e-03,1.593798e-03,6.801839e-03,8.735123e-03,3.832819e-04,1.762679e-03,7.472007e-01,3.297431e-03,2.994943e-02,1.140932e-03,6.555485e-03,1.092633e-01,4.069358e-02
2.605245e-02,3.382029e-03,1.574430e-03,1.249635e-03,6.055270e-03,6.730814e-03,2.820302e-04,1.464496e-03,7.999044e-01,2.430544e-03,2.480767e-02,8.551463e-04,4.855479e-03,9.065415e-02,2.970147e-02
1.885981e-02,2.640441e-03,1.326134e-03,9.199831e-04,6.509977e-03,4.915531e-03,2.084502e-04,1.104019e-03,8.332022e-01,1.928869e-03,1.981843e-02,6.246300e-04,3.574365e-03,8.200409e-02,2.236305e-02
1.629469e-02,2.087972e-03,1.132234e-03,7.533884e-04,6.338399e-03,3.976034e-03,1.659211e-04,8.332054e-04,8.583503e-01,1.475059e-03,1.497876e-02,4.955749e-04,2.661238e-03,7.394847e-02,1.650878e-02
1.458826e-02,1.590031e-03,1.366606e-03,6.014024e-04,5.987042e-03,4.327513e-03,1.318395e-04,8.792144e-04,8.654342e-01,1.461408e-03,1.207653e-02,4.340688e-04,2.032336e-03,7.418372e-02,1.490581e-02
1.288101e-02,1.218251e-03,1.807353e-03,4.867081e-04,6.075303e-03,4.450708e-03,1.014408e-04,9.993626e-04,8.561267e-01,2.110511e-03,1.025926e-02,4.086154e-04,1.647803e-03,8.431130e-02,1.711568e-02
1.611873e-02,1.511249e-03,1.072805e-02,7.304252e-04,8.379769e-03,3.508145e-03,8.363425e-05,1.876140e-03,8.233011e-01,6.323590e-03,8.422566e-03,3.764228e-04,1.401262e-03,7.834765e-02,3.889129e-02
1.564363e-02,1.102699e-03,8.089757e-03,5.514200e-04,9.663363e-03,2.893895e-03,6.637759e-05,3.227808e-03,8.086603e-01,5.868276e-03,6.306098e-03,3.098894e-04,1.106481e-03,1.000509e-01,3.645909e-02
2.136479e-02,9.615076e-04,2.116120e-02,2.777677e-03,3.174417e-02,2.639079e-03,7.458274e-05,1.666475e-02,7.684540e-01,6.089093e-03,4.762915e-03,2.592828e-04,8.689846e-04,8.848622e-02,3.369181e-02
2.657512e-02,8.016619e-04,2.446735e-02,3.530183e-03,3.033751e-02,2.332157e-03,5.808349e-05,2.163424e-02,7.803138e-01,5.932951e-03,3.490936e-03,1.979250e-04,6.364729e-04,7.070749e-02,2.898404e-02
3.251552e-02,6.527809e-04,2.051839e-02,3.113483e-03,3.396159e-02,2.035195e-03,4.452506e-05,2.285619e-02,7.941542e-01,5.112925e-03,2.534672e-03,1.568344e-04,4.599108e-04,5.920758e-02,2.267619e-02
3.704277e-02,7.593202e-04,2.478723e-02,9.902630e-03,2.790491e-02,1.825331e-03,3.308113e-05,1.746466e-02,8.026586e-01,7.587465e-03,2.335008e-03,1.792306e-04,4.644124e-04,4.344958e-02,2.360583e-02
4.061186e-02,6.486932e-04,2.139611e-02,7.378662e-03,2.523059e-02,7.903092e-03,2.797687e-05,1.523683e-02,8.215162e-01,5.891239e-03,2.790885e-03,2.679615e-04,6.294484e-04,3.298597e-02,1.748451e-02
3.806930e-02,1.327173e-03,2.078294e-02,9.905682e-03,1.990619e-02,3.124845e-02,2.936275e-05,1.366369e-02,7.458797e-01,5.106106e-03,2.902128e-02,2.283829e-02,2.291633e-02,2.450516e-02,1.480034e-02
3.147812e-02,4.868391e-03,2.016536e-02,1.542098e-02,1.737895e-02,1.649624e-01,4.144653e-05,1.386940e-02,5.608236e-01,3.838565e-03,4.747862e-02,5.249756e-02,3.667821e-02,1.872553e-02,1.177281e-02
2.896193e-02,8.485414e-03,1.771973e-02,1.985848e-02,1.390659e-02,2.735566e-01,5.278958e-05,1.327794e-02,4.526271e-01,3.240510e-03,5.626022e-02,5.064700e-02,3.440060e-02,1.517603e-02,1.182903e-02
2.238742e-02,1.072804e-02,3.077248e-02,6.398298e-02,1.009298e-02,2.407047e-01,4.697495e-05,1.019167e-02,4.538397e-01,9.221125e-03,5.032030e-02,4.133006e-02,2.769325e-02,1.099642e-02,1.769182e-02
1.699701e-02,9.373046e-03,2.841337e-02,6.369522e-02,7.400785e-03,3.859685e-01,4.896556e-05,7.540488e-03,3.409026e-01,7.834181e-03,4.634384e-02,3.765707e-02,2.197477e-02,8.621817e-03,1.722831e-02
1.237892e-02,6.787037e-03,2.198846e-02,4.497414e-02,5.233762e-03,4.798828e-01,1.433800e-04,5.407935e-03,2.392686e-01,6.131958e-03,9.716339e-02,4.477511e-02,1.652431e-02,6.511023e-03,1.282908e-02
8.835494e-03,4.809860e-03,1.548799e-02,3.153936e-02,3.673914e-03,4.263850e-01,1.489146e-04,3.809580e-03,1.675993e-01,4.607409e-03,2.044567e-01,1.026749e-01,1.209578e-02,4.720252e-03,9.155582e-03
6.492579e-03,3.424938e-03,1.091571e-02,2.214174e-02,2.689090e-03,3.180450e-01,2.458525e-04,2.679839e-03,1.175720e-01,3.628708e-03,3.943382e-01,9.892437e-02,8.685343e-03,3.423250e-03,6.793246e-03
9.026597e-03,2.793634e-03,1.082303e-02,1.578837e-02,2.283650e-03,3.931032e-01,5.545018e-03,3.109324e-03,8.245522e-02,3.066487e-03,3.101656e-01,1.473501e-01,6.382345e-03,2.731629e-03,5.375790e-03
7.254498e-03,2.586845e-03,1.390916e-02,1.125927e-02,2.903177e-03,3.218919e-01,4.692682e-03,2.747582e-03,5.817493e-02,2.521122e-03,2.925214e-01,2.675746e-01,4.969991e-03,2.570964e-03,4.421832e-03
5.323733e-03,2.959322e-03,1.961413e-02,8.076426e-03,4.072080e-03,2.388928e-01,3.794432e-03,2.339668e-03,4.308835e-02,2.272625e-03,2.784280e-01,3.803605e-01,4.014469e-03,2.960276e-03,3.803114e-03
3.969550e-03,6.006327e-03,5.871283e-02,6.013259e-03,9.669326e-03,1.804487e-01,3.050660e-03,2.363995e-03,3.635849e-02,3.810141e-03,2.693672e-01,4.020113e-01,4.943924e-03,8.476679e-03,4.797671e-03
3.158410e-03,9.126736e-03,5.317345e-02,4.346910e-03,9.538962e-03,1.319133e-01,3.474448e-03,2.659302e-03,3.393282e-02,3.840122e-03,3.883642e-01,3.325216e-01,6.702931e-03,1.294326e-02,4.303445e-03
2.598645e-03,7.736016e-02,9.805636e-02,3.151510e-03,1.009712e-02,9.499848e-02,3.539782e-03,2.082677e-03,2.972295e-02,5.828289e-03,3.914903e-01,2.524489e-01,9.669611e-03,1.010644e-02,8.848794e-03
2.892537e-03,8.290130e-02,9.683561e-02,2.345302e-03,1.182455e-02,7.082655e-02,5.190074e-03,2.234494e-03,3.216221e-02,8.946275e-03,4.695103e-01,1.830006e-01,1.310871e-02,9.724995e-03,8.496604e-03
2.307627e-03,1.276396e-01,7.856012e-02,1.772983e-03,1.132264e-02,5.375654e-02,5.371600e-03,5.420117e-03,8.309900e-02,8.040301e-03,4.633068e-01,1.319961e-01,1.267466e-02,7.771027e-03,6.960899e-03
1.732117e-03,1.083925e-01,6.364787e-02,1.541298e-03,1.309721e-02,4.682981e-02,4.023441e-03,6.633296e-03,2.428986e-01,8.651271e-03,3.812600e-01,9.404486e-02,1.342009e-02,8.277948e-03,5.549773e-03
1.594530e-03,1.084857e-01,5.452297e-02,1.877252e-03,3.513647e-02,3.900972e-02,3.241476e-03,7.073320e-03,3.615776e-01,8.678872e-03,2.836261e-01,6.666129e-02,1.675519e-02,6.854428e-03,4.905183e-03
1.354564e-03,8.444501e-02,5.305196e-02,1.058758e-02,4.100064e-02,3.480744e-02,2.818066e-03,1.210651e-02,4.070243e-01,1.179553e-02,2.358347e-01,4.767923e-02,4.652692e-02,5.358189e-03,5.609443e-03
2.023573e-03,7.502832e-02,4.037875e-02,1.157743e-02,4.895125e-02,4.738935e-02,2.515495e-03,1.227448e-02,4.639695e-01,1.385120e-02,1.809734e-01,3.412300e-02,4.726815e-02,4.238890e-03,1.543734e-02
3.286486e-03,6.676734e-02,3.399618e-02,2.289544e-02,7.362862e-02,4.086059e-02,4.494567e-03,3.268952e-02,4.918248e-01,1.390324e-02,1.356627e-01,2.506209e-02,3.632422e-02,3.504975e-03,1.509931e-02
6.313142e-03,6.113605e-02,2.749788e-02,2.222624e-02,9.847832e-02,3.946456e-02,4.244305e-03,5.986033e-02,5.029963e-01,1.599336e-02,9.675683e-02,1.792032e-02,2.597074e-02,2.825499e-03,1.831616e-02
9.788219e-03,5.799950e-02,2.064734e-02,1.747164e-02,1.210289e-01,3.955044e-02,3.946962e-03,5.487525e-02,5.428723e-01,1.326103e-02,6.866831e-02,1.277250e-02,1.838267e-02,2.280874e-03,1.645409e-02
1.386822e-02,4.486122e-02,1.769210e-02,1.588262e-02,1.212670e-01,3.930305e-02,3.495131e-03,1.469832e-01,5.018327e-01,1.012316e-02,4.825820e-02,9.008939e-03,1.298213e-02,1.896575e-03,1.254574e-02
4.196516e-02,4.169748e-02,1.595054e-02,5.029714e-02,1.168701e-01,4.264024e-02,3.171290e-03,1.504997e-01,4.398282e-01,1.961098e-02,3.461641e-02,7.011861e-03,1.076747e-02,1.633564e-03,2.343984e-02
3.988785e-02,3.069232e-02,1.760955e-02,3.779117e-02,9.423977e-02,7.052245e-02,2.882776e-03,2.794068e-01,3.562214e-01,1.504356e-02,2.451482e-02,5.157677e-03,7.739716e-03,1.292342e-03,1.699777e-02
3.073053e-02,2.514460e-02,2.060815e-02,8.805306e-02,6.787241e-02,5.980995e-02,2.087255e-03,2.071394e-01,3.725275e-01,2.841620e-02,3.122329e-02,4.278763e-03,6.755780e-03,1.822887e-03,5.353026e-02
2.252339e-02,2.070142e-02,2.684108e-02,1.564475e-01,4.839105e-02,5.464781e-02,1.650833e-03,1.478458e-01,3.074874e-01,3.396611e-02,6.142389e-02,4.055486e-03,1.151308e-02,2.120862e-03,1.003844e-01
1.630945e-02,1.650687e-02,2.430185e-02,1.133979e-01,3.521746e-02,4.777709e-02,1.479386e-03,1.039788e-01,2.672304e-01,2.655283e-02,1.598690e-01,3.015452e-03,1.263379e-02,3.044501e-02,1.412848e-01
1.182378e-02,1.438980e-02,1.881246e-02,8.615863e-02,2.590889e-02,3.533974e-02,1.182921e-03,7.289919e-02,2.984908e-01,1.952351e-02,2.341297e-01,2.351594e-03,1.246923e-02,3.314722e-02,1.333726e-01
8.619051e-03,1.209290e-02,1.339564e-02,6.081348e-02,1.901130e-02,3.293473e-02,8.841488e-04,5.106729e-02,3.828046e-01,1.395362e-02,2.620283e-01,1.875259e-03,1.144610e-02,2.579183e-02,1.032818e-01
6.164080e-03,5.413199e-02,9.499486e-03,4.306633e-02,1.348670e-02,2.434527e-02,6.241824e-04,3.576946e-02,5.015516e-01,1.015997e-02,1.841521e-01,1.596247e-03,1.052300e-02,2.039055e-02,8.453905e-02
4.594332e-03,1.241003e-01,6.752794e-03,3.056191e-02,9.589838e-03,1.809104e-02,4.407904e-04,2.504573e-02,5.412554e-01,7.397417e-03,1.293361e-01,1.231111e-03,1.057161e-02,1.594928e-02,7.508244e-02
4.495633e-03,1.818016e-01,4.804158e-03,2.171906e-02,7.006736e-03,1.331112e-02,3.145924e-04,1.753452e-02,5.571429e-01,5.377906e-03,9.106094e-02,9.702463e-04,1.038286e-02,1.248571e-02,7.159206e-02
4.737244e-03,2.538779e-01,3.454747e-03,1.576539e-02,5.142333e-03,9.796263e-03,2.252745e-04,1.227920e-02,5.383673e-01,4.059779e-03,6.422771e-02,8.685135e-04,8.508876e-03,1.209281e-02,6.659673e-02
1.078202e-02,2.240952e-01,2.601644e-03,1.162874e-02,5.973343e-03,8.213939e-03,2.345461e-04,8.745993e-03,5.430077e-01,4.142564e-03,4.872813e-02,1.364610e-03,8.934548e-03,4.807779e-02,7.346928e-02
7.675620e-03,1.674722e-01,1.912502e-03,8.608600e-03,4.874798e-03,5.942014e-03,2.234031e-04,6.183751e-03,6.458820e-01,3.626433e-03,3.501745e-02,1.099245e-03,7.636668e-03,4.043867e-02,6.340671e-02
5.468768e-03,1.361354e-01,1.474552e-03,6.471975e-03,3.511681e-03,4.352417e-03,1.611461e-04,4.335163e-03,6.861461e-01,3.515693e-03,2.585777e-02,9.967266e-04,5.714107e-03,4.250092e-02,7.335754e-02
4.138732e-03,1.062125e-01,1.117430e-03,5.324673e-03,2.630850e-03,3.213874e-03,1.330867e-04,3.046076e-03,7.142709e-01,4.428362e-03,2.142229e-02,1.705847e-03,7.238231e-03,5.380237e-02,7.131484e-02
3.030429e-03,8.133465e-02,8.867668e-04,4.595088e-03,1.901248e-03,2.378632e-03,1.040969e-04,2.141905e-03,7.293664e-01,4.839304e-03,1.647434e-02,1.814114e-03,6.005809e-03,5.404111e-02,9.108613e-02
