1.000000e+00,0.000000e+00,0.000000e+00,0.000000e+00,0.000000e+00,0.000000e+00,0.000000e+00,0.000000e+00,0.000000e+00,0.000000e+00,0.000000e+00,0.000000e+00,0.000000e+00,0.000000e+00,0.000000e+00
1.000000e+00,0.000000e+00,0.000000e+00,0.000000e+00,0.000000e+00,0.000000e+00,0.000000e+00,0.000000e+00,0.000000e+00,0.000000e+00,0.000000e+00,0.000000e+00,0.000000e+00,0.000000e+00,0.000000e+00
1.000000e+00,0.000000e+00,0.000000e+00,0.000000e+00,0.000000e+00,0.000000e+00,0.000000e+00,0.000000e+00,0.000000e+00,0.000000e+00,0.000000e+00,0.000000e+00,0.000000e+00,0.000000e+00,0.000000e+00
1.000000e+00,0.000000e+00,0.000000e+00,0.000000e+00,0.000000e+00,0.000000e+00,0.000000e+00,0.000000e+00,0.000000e+00,0.000000e+00,0.000000e+00,0.000000e+00,0.000000e+00,0.000000e+00,0.000000e+00
1.000000e+00,0.000000e+00,0.000000e+00,0.000000e+00,0.000000e+00,0.000000e+00,0.000000e+00,0.000000e+00,0.000000e+00,0.000000e+00,0.000000e+00,0.000000e+00,0.000000e+00,0.000000e+00,0.000000e+00
1.000000e+00,0.000000e+00,0.000000e+00,0.000000e+00,0.000000e+00,0.000000e+00,0.000000e+00,0.000000e+00,0.000000e+00,0.000000e+00,0.000000e+00,0.000000e+00,0.000000e+00,0.000000e+00,0.000000e+00
1.000000e+00,0.000000e+00,0.000000e+00,0.000000e+00,0.000000e+00,0.000000e+00,0.000000e+00,0.000000e+00,0.000000e+00,0.000000e+00,0.000000e+00,0.000000e+00,0.000000e+00,0.000000e+00,0.000000e+00
1.000000e+00,0.000000e+00,0.000000e+00,0.000000e+00,0.000000e+00,0.000000e+00,0.000000e+00,0.000000e+00,0.000000e+00,0.000000e+00,0.000000e+00,0.000000e+00,0.000000e+00,0.000000e+00,0.000000e+00
1.000000e+00,0.000000e+00,0.000000e+00,0.000000e+00,0.000000e+00,0.000000e+00,0.000000e+00,0.000000e+00,0.000000e+00,0.000000e+00,0.000000e+00,0.000000e+00,0.000000e+00,0.000000e+00,0.000000e+00
1.000000e+00,0.000000e+00,0.000000e+00,0.000000e+00,0.000000e+00,0.000000e+00,0.000000e+00,0.000000e+00,0.000000e+00,0.000000e+00,0.000000e+00,0.000000e+00,0.000000e+00,0.000000e+00,0.000000e+00
1.000000e+00,0.000000e+00,0.000000e+00,0.000000e+00,0.000000e+00,0.000000e+00,0.000000e+00,0.000000e+00,0.000000e+00,0.000000e+00,0.000000e+00,0.000000e+00,0.000000e+00,0.000000e+00,0.000000e+00
1.000000e+00,0.000000e+00,0.000000e+00,0.000000e+00,0.000000e+00,0.000000e+00,0.000000e+00,0.000000e+00,0.000000e+00,0.000000e+00,0.000000e+00,0.000000e+00,0.000000e+00,0.000000e+00,0.000000e+00
1.000000e+00,0.000000e+00,0.000000e+00,0.000000e+00,0.000000e+00,0.000000e+00,0.000000e+00,0.000000e+00,0.000000e+00,0.000000e+00,0.000000e+00,0.000000e+00,0.000000e+00,0.000000e+00,0.000000e+00
1.000000e+00,0.000000e+00,0.000000e+00,0.000000e+00,0.000000e+00,0.000000e+00,0.000000e+00,0.000000e+00,0.000000e+00,0.000000e+00,0.000000e+00,0.000000e+00,0.000000e+00,0.000000e+00,0.000000e+00
1.000000e+00,0.000000e+00,0.000000e+00,0.000000e+00,0.000000e+00,0.000000e+00,0.000000e+00,0.000000e+00,0.000000e+00,0.000000e+00,0.000000e+00,0.000000e+00,0.000000e+00,0.000000e+00,0.000000e+00
1.000000e+00,0.000000e+00,0.000000e+00,0.000000e+00,0.000000e+00,0.000000e+00,0.000000e+00,0.000000e+00,0.000000e+00,0.000000e+00,0.000000e+00,0.000000e+00,0.000000e+00,0.000000e+00,0.000000e+00
1.000000e+00,0.000000e+00,0.000000e+00,0.000000e+00,0.000000e+00,0.000000e+00,0.000000e+00,0.000000e+00,0.000000e+00,0.000000e+00,0.000000e+00,0.000000e+00,0.000000e+00,0.000000e+00,0.000000e+00
1.000000e+00,0.000000e+00,0.000000e+00,0.000000e+00,0.000000e+00,0.000000e+00,0.000000e+00,0.000000e+00,0.000000e+00,0.000000e+00,0.000000e+00,0.000000e+00,0.000000e+00,0.000000e+00,0.000000e+00
1.000000e+00,0.000000e+00,0.000000e+00,0.000000e+00,0.000000e+00,0.000000e+00,0.000000e+00,0.000000e+00,0.000000e+00,0.000000e+00,0.000000e+00,0.000000e+00,0.000000e+00,0.000000e+00,0.000000e+00
1.000000e+00,0.000000e+00,0.000000e+00,0.000000e+00,0.000000e+00,0.000000e+00,0.000000e+00,0.000000e+00,0.000000e+00,0.000000e+00,0.000000e+00,0.000000e+00,0.000000e+00,0.000000e+00,0.000000e+00
1.000000e+00,0.000000e+00,0.000000e+00,0.000000e+00,0.000000e+00,0.000000e+00,0.000000e+00,0.000000e+00,0.000000e+00,0.000000e+00,0.000000e+00,0.000000e+00,0.000000e+00,0.000000e+00,0.000000e+00
1.000000e+00,0.000000e+00,0.000000e+00,0.000000e+00,0.000000e+00,0.000000e+00,0.000000e+00,0.000000e+00,0.000000e+00,0.000000e+00,0.000000e+00,0.000000e+00,0.000000e+00,0.000000e+00,0.000000e+00
1.000000e+00,0.000000e+00,0.000000e+00,0.000000e+00,0.000000e+00,0.000000e+00,0.000000e+00,0.000000e+00,0.000000e+00,0.000000e+00,0.000000e+00,0.000000e+00,0.000000e+00,0.000000e+00,0.000000e+00
1.000000e+00,0.000000e+00,0.000000e+00,0.000000e+00,0.000000e+00,0.000000e+00,0.000000e+00,0.000000e+00,0.000000e+00,0.000000e+00,0.000000e+00,0.000000e+00,0.000000e+00,0.000000e+00,0.000000e+00
1.000000e+00,0.000000e+00,0.000000e+00,0.000000e+00,0.000000e+00,0.000000e+00,0.000000e+00,0.000000e+00,0.000000e+00,0.000000e+00,0.000000e+00,0.000000e+00,0.000000e+00,0.000000e+00,0.000000e+00
1.000000e+00,0.000000e+00,0.000000e+00,0.000000e+00,0.000000e+00,0.000000e+00,0.000000e+00,0.000000e+00,0.000000e+00,0.000000e+00,0.000000e+00,0.000000e+00,0.000000e+00,0.000000e+00,0.000000e+00
1.000000e+00,0.000000e+00,0.000000e+00,0.000000e+00,0.000000e+00,0.000000e+00,0.000000e+00,0.000000e+00,0.000000e+00,0.000000e+00,0.000000e+00,0.000000e+00,0.000000e+00,0.000000e+00,0.000000e+00
1.000000e+00,0.000000e+00,0.000000e+00,0.000000e+00,0.000000e+00,0.000000e+00,0.000000e+00,0.000000e+00,0.000000e+00,0.000000e+00,0.000000e+00,0.000000e+00,0.000000e+00,0.000000e+00,0.000000e+00
1.000000e+00,0.000000e+00,0.000000e+00,0.000000e+00,0.000000e+00,0.000000e+00,0.000000e+00,0.000000e+00,0.000000e+00,0.000000e+00,0.000000e+00,0.000000e+00,0.000000e+00,0.000000e+00,0.000000e+00
1.000000e+00,0.000000e+00,0.000000e+00,0.000000e+00,0.000000e+00,0.000000e+00,0.000000e+00,0.000000e+00,0.000000e+00,0.000000e+00,0.000000e+00,0.000000e+00,0.000000e+00,0.000000e+00,0.000000e+00
1.000000e+00,0.000000e+00,0.000000e+00,0.000000e+00,0.000000e+00,0.000000e+00,0.000000e+00,0.000000e+00,0.000000e+00,0.000000e+00,0.000000e+00,0.000000e+00,0.000000e+00,0.000000e+00,0.000000e+00
1.000000e+00,0.000000e+00,0.000000e+00,0.000000e+00,0.000000e+00,0.000000e+00,0.000000e+00,0.000000e+00,0.000000e+00,0.000000e+00,0.000000e+00,0.000000e+00,0.000000e+00,0.000000e+00,0.000000e+00
1.000000e+00,0.000000e+00,0.000000e+00,0.000000e+00,0.000000e+00,0.000000e+00,0.000000e+00,0.000000e+00,0.000000e+00,0.000000e+00,0.000000e+00,0.000000e+00,0.000000e+00,0.000000e+00,0.000000e+00
1.000000e+00,0.000000e+00,0.000000e+00,0.000000e+00,0.000000e+00,0.000000e+00,0.000000e+00,0.000000e+00,0.000000e+00,0.000000e+00,0.000000e+00,0.000000e+00,0.000000e+00,0.000000e+00,0.000000e+00
1.000000e+00,0.000000e+00,0.000000e+00,0.000000e+00,0.000000e+00,0.000000e+00,0.000000e+00,0.000000e+00,0.000000e+00,0.000000e+00,0.000000e+00,0.000000e+00,0.000000e+00,0.000000e+00,0.000000e+00
1.000000e+00,0.000000e+00,0.000000e+00,0.000000e+00,0.000000e+00,0.000000e+00,0.000000e+00,0.000000e+00,0.000000e+00,0.000000e+00,0.000000e+00,0.000000e+00,0.000000e+00,0.000000e+00,0.000000e+00
1.000000e+00,0.000000e+00,0.000000e+00,0.000000e+00,0.000000e+00,0.000000e+00,0.000000e+00,0.000000e+00,0.000000e+00,0.000000e+00,0.000000e+00,0.000000e+00,0.000000e+00,0.000000e+00,0.000000e+00
1.000000e+00,0.000000e+00,0.000000e+00,0.000000e+00,0.000000e+00,0.000000e+00,0.000000e+00,0.000000e+00,0.000000e+00,0.000000e+00,0.000000e+00,0.000000e+00,0.000000e+00,0.000000e+00,0.000000e+00
1.000000e+00,0.000000e+00,0.000000e+00,0.000000e+00,0.000000e+00,0.000000e+00,0.000000e+00,0.000000e+00,0.000000e+00,0.000000e+00,0.000000e+00,0.000000e+00,0.000000e+00,0.000000e+00,0.000000e+00
1.000000e+00,0.000000e+00,0.000000e+00,0.000000e+00,0.000000e+00,0.000000e+00,0.000000e+00,0.000000e+00,0.000000e+00,0.000000e+00,0.000000e+00,0.000000e+00,0.000000e+00,0.000000e+00,0.000000e+00
1.000000e+00,0.000000e+00,0.000000e+00,0.000000e+00,0.000000e+00,0.000000e+00,0.000000e+00,0.000000e+00,0.000000e+00,0.000000e+00,0.000000e+00,0.000000e+00,0.000000e+00,0.000000e+00,0.000000e+00
1.000000e+00,0.000000e+00,0.000000e+00,0.000000e+00,0.000000e+00,0.000000e+00,0.000000e+00,0.000000e+00,0.000000e+00,0.000000e+00,0.000000e+00,0.000000e+00,0.000000e+00,0.000000e+00,0.000000e+00
1.000000e+00,0.000000e+00,0.000000e+00,0.000000e+00,0.000000e+00,0.000000e+00,0.000000e+00,0.000000e+00,0.000000e+00,0.000000e+00,0.000000e+00,0.000000e+00,0.000000e+00,0.000000e+00,0.000000e+00
1.000000e+00,0.000000e+00,0.000000e+00,0.000000e+00,0.000000e+00,0.000000e+00,0.000000e+00,0.000000e+00,0.000000e+00,0.000000e+00,0.000000e+00,0.000000e+00,0.000000e+00,0.000000e+00,0.000000e+00
1.000000e+00,0.000000e+00,0.000000e+00,0.000000e+00,0.000000e+00,0.000000e+00,0.000000e+00,0.000000e+00,0.000000e+00,0.000000e+00,0.000000e+00,0.000000e+00,0.000000e+00,0.000000e+00,0.000000e+00
1.000000e+00,0.000000e+00,0.000000e+00,0.000000e+00,0.000000e+00,0.000000e+00,0.000000e+00,0.000000e+00,0.000000e+00,0.000000e+00,0.000000e+00,0.000000e+00,0.000000e+00,0.000000e+00,0.000000e+00
1.000000e+00,0.000000e+00,0.000000e+00,0.000000e+00,0.000000e+00,0.000000e+00,0.000000e+00,0.000000e+00,0.000000e+00,0.000000e+00,0.000000e+00,0.000000e+00,0.000000e+00,0.000000e+00,0.000000e+00
1.000000e+00,0.000000e+00,0.000000e+00,0.000000e+00,0.000000e+00,0.000000e+00,0.000000e+00,0.000000e+00,0.000000e+00,0.000000e+00,0.000000e+00,0.000000e+00,0.000000e+00,0.000000e+00,0.000000e+00
1.000000e+00,0.000000e+00,0.000000e+00,0.000000e+00,0.000000e+00,0.000000e+00,0.000000e+00,0.000000e+00,0.000000e+00,0.000000e+00,0.000000e+00,0.000000e+00,0.000000e+00,0.000000e+00,0.000000e+00
1.000000e+00,0.000000e+00,0.000000e+00,0.000000e+00,0.000000e+00,0.000000e+00,0.000000e+00,0.000000e+00,0.000000e+00,0.000000e+00,0.000000e+00,0.000000e+00,0.000000e+00,0.000000e+00,0.000000e+00
1.000000e+00,0.000000e+00,0.000000e+00,0.000000e+00,0.000000e+00,0.000000e+00,0.000000e+00,0.000000e+00,0.000000e+00,0.000000e+00,0.000000e+00,0.000000e+00,0.000000e+00,0.000000e+00,0.000000e+00
1.000000e+00,0.000000e+00,0.000000e+00,0.000000e+00,0.000000e+00,0.000000e+00,0.000000e+00,0.000000e+00,0.000000e+00,0.000000e+00,0.000000e+00,0.000000e+00,0.000000e+00,0.000000e+00,0.000000e+00
1.000000e+00,0.000000e+00,0.000000e+00,0.000000e+00,0.000000e+00,0.000000e+00,0.000000e+00,0.000000e+00,0.000000e+00,0.000000e+00,0.000000e+00,0.000000e+00,0.000000e+00,0.000000e+00,0.000000e+00
1.000000e+00,0.000000e+00,0.000000e+00,0.000000e+00,0.000000e+00,0.000000e+00,0.000000e+00,0.000000e+00,0.000000e+00,0.000000e+00,0.000000e+00,0.000000e+00,0.000000e+00,0.000000e+00,0.000000e+00
1.000000e+00,0.000000e+00,0.000000e+00,0.000000e+00,0.000000e+00,0.000000e+00,0.000000e+00,0.000000e+00,0.000000e+00,0.000000e+00,0.000000e+00,0.000000e+00,0.000000e+00,0.000000e+00,0.000000e+00
1.000000e+00,0.000000e+00,0.000000e+00,0.000000e+00,0.000000e+00,0.000000e+00,0.000000e+00,0.000000e+00,0.000000e+00,0.000000e+00,0.000000e+00,0.000000e+00,0.000000e+00,0.000000e+00,0.000000e+00
1.000000e+00,0.000000e+00,0.000000e+00,0.000000e+00,0.000000e+00,0.000000e+00,0.000000e+00,0.000000e+00,0.000000e+00,0.000000e+00,0.000000e+00,0.000000e+00,0.000000e+00,0.000000e+00,0.000000e+00
1.000000e+00,0.000000e+00,0.000000e+00,0.000000e+00,0.000000e+00,0.000000e+00,0.000000e+00,0.000000e+00,0.000000e+00,0.000000e+00,0.000000e+00,0.000000e+00,0.000000e+00,0.000000e+00,0.000000e+00
1.000000e+00,0.000000e+00,0.000000e+00,0.000000e+00,0.000000e+00,0.000000e+00,0.000000e+00,0.000000e+00,0.000000e+00,0.000000e+00,0.000000e+00,0.000000e+00,0.000000e+00,0.000000e+00,0.000000e+00
1.000000e+00,0.000000e+00,0.000000e+00,0.000000e+00,0.000000e+00,0.000000e+00,0.000000e+00,0.000000e+00,0.000000e+00,0.000000e+00,0.000000e+00,0.000000e+00,0.000000e+00,0.000000e+00,0.000000e+00
1.000000e+00,0.000000e+00,0.000000e+00,0.000000e+00,0.000000e+00,0.000000e+00,0.000000e+00,0.000000e+00,0.000000e+00,0.000000e+00,0.000000e+00,0.000000e+00,0.000000e+00,0.000000e+00,0.000000e+00
4.894947e-01,1.452861e-02,7.259335e-03,2.585688e-02,3.377938e-03,9.567196e-03,2.086998e-03,5.331195e-03,1.107598e-02,2.075701e-03,3.495972e-01,1.730918e-02,8.975470e-03,3.178693e-02,2.167674e-02
3.496304e-01,1.165974e-02,6.800208e-03,2.034625e-02,3.011009e-03,1.036781e-02,1.734769e-03,5.688760e-03,9.368290e-03,2.329300e-03,4.924649e-01,1.817709e-02,6.761449e-03,4.141096e-02,2.024899e-02
2.468190e-01,9.051426e-03,5.020426e-03,1.516616e-02,2.878092e-03,8.416530e-03,1.288630e-03,4.227322e-03,1.008468e-02,5.526905e-03,6.027392e-01,1.663733e-02,5.006959e-03,4.911961e-02,1.801774e-02
1.810588e-01,8.570296e-03,4.250733e-03,1.483295e-02,3.041096e-03,9.592777e-03,1.089502e-03,3.373059e-03,2.166951e-02,5.558133e-03,6.550015e-01,1.434905e-02,3.929938e-03,5.817034e-02,1.551237e-02
1.302746e-01,6.917988e-03,3.351501e-03,1.456357e-02,3.257574e-03,9.053923e-03,9.256122e-04,2.601287e-03,2.060658e-02,5.779034e-03,7.091707e-01,1.496406e-02,3.325853e-03,6.272825e-02,1.247944e-02
9.184517e-02,5.206234e-03,2.479851e-03,1.193404e-02,2.759784e-03,7.699493e-03,7.063260e-04,1.907885e-03,1.555524e-02,4.768965e-03,7.782400e-01,1.420086e-02,2.536104e-03,5.067386e-02,9.486214e-03
6.440171e-02,3.791216e-03,1.767871e-03,8.414208e-03,2.082975e-03,5.688521e-03,5.025351e-04,1.354096e-03,1.120046e-02,3.622188e-03,8.366776e-01,1.232120e-02,1.830304e-03,3.949298e-02,6.852263e-03
4.577460e-02,5.194498e-03,1.475405e-03,6.050447e-03,2.359516e-03,4.407483e-03,4.654135e-04,1.041930e-03,1.001479e-02,4.895557e-03,8.507085e-01,1.813131e-02,1.371294e-03,4.001703e-02,8.092271e-03
3.308281e-02,9.900985e-03,1.300925e-03,4.472510e-03,2.411976e-03,3.379523e-03,4.531158e-04,8.148591e-04,8.339504e-03,6.095880e-03,8.615546e-01,1.954728e-02,1.097355e-03,3.550932e-02,1.203939e-02
2.361137e-02,7.967483e-03,1.009951e-03,3.257378e-03,2.232124e-03,2.528053e-03,4.697904e-04,6.521575e-04,6.868812e-03,7.921940e-03,8.860108e-01,1.838642e-02,8.946825e-04,2.811889e-02,1.007019e-02
1.696334e-02,6.677423e-03,2.119674e-03,2.450418e-03,3.050035e-03,3.235125e-03,1.253514e-03,6.202483e-04,5.675762e-03,1.132074e-02,8.951719e-01,1.899941e-02,7.860614e-04,2.150277e-02,1.017361e-02
1.200406e-02,7.240492e-03,2.181454e-03,1.794159e-03,1.340027e-02,4.314628e-03,4.396344e-03,5.573396e-04,7.378211e-03,1.036356e-01,7.930189e-01,1.983812e-02,7.566237e-04,1.684896e-02,1.263482e-02
8.476459e-03,7.860124e-03,2.347015e-03,1.306584e-03,1.105982e-02,9.549125e-03,6.261112e-03,6.722201e-04,6.735770e-03,1.281560e-01,7.668790e-01,2.021973e-02,7.207550e-04,1.274175e-02,1.701459e-02
6.833866e-03,1.480334e-02,3.247627e-03,1.135700e-03,2.187652e-02,1.985505e-02,2.826812e-02,4.589849e-03,2.488305e-02,1.956140e-01,6.252536e-01,2.375437e-02,2.175831e-03,9.873470e-03,1.783563e-02
4.915757e-03,4.939664e-02,4.346388e-03,1.287164e-03,4.150774e-02,2.944214e-02,2.124081e-02,3.592192e-03,1.530865e-01,1.601751e-01,4.818239e-01,2.096743e-02,2.881652e-03,7.577643e-03,1.775889e-02
3.694842e-03,1.418983e-01,1.000353e-02,1.516711e-03,4.512023e-02,3.411157e-02,1.530976e-02,2.745089e-03,1.761248e-01,1.283676e-01,3.631051e-01,2.340935e-02,3.135792e-03,7.258670e-03,4.419863e-02
3.121546e-03,1.795076e-01,1.351153e-02,7.118808e-03,4.469230e-02,3.123201e-02,1.087053e-02,3.518227e-03,2.503543e-01,9.303350e-02,2.700747e-01,3.228241e-02,1.848817e-02,6.166165e-03,3.602810e-02
3.033810e-03,1.546100e-01,1.077032e-02,5.956065e-03,3.367351e-02,3.665960e-02,7.644444e-03,3.283316e-03,2.627744e-01,6.821544e-02,2.484153e-01,8.618913e-02,3.910490e-02,8.954677e-03,3.071510e-02
3.250230e-03,1.161002e-01,9.800729e-03,8.005830e-03,3.856321e-02,2.982968e-02,5.595878e-03,2.810199e-03,2.857447e-01,5.102375e-02,2.481525e-01,1.056171e-01,6.058384e-02,7.046184e-03,2.787593e-02
2.712935e-03,9.420311e-02,7.108776e-03,8.510282e-03,3.151355e-02,2.781637e-02,4.076465e-03,2.227281e-03,3.058232e-01,4.546584e-02,2.210313e-01,8.530433e-02,1.308282e-01,5.584188e-03,2.779416e-02
2.536681e-03,7.153130e-02,5.626570e-03,1.879010e-02,2.831592e-02,2.943478e-02,3.401928e-03,2.429798e-03,2.801663e-01,3.674116e-02,1.928049e-01,7.210026e-02,2.251484e-01,5.487852e-03,2.548415e-02
4.334042e-03,5.415376e-02,5.968917e-03,1.682892e-02,5.136200e-02,4.703609e-02,2.797826e-03,2.873174e-03,2.613842e-01,2.740748e-02,1.668831e-01,1.097939e-01,1.982252e-01,1.499849e-02,3.595289e-02
4.304979e-03,3.952530e-02,5.196207e-03,1.316791e-02,4.196374e-02,6.593958e-02,2.107430e-03,2.241815e-03,2.098020e-01,2.059207e-02,1.658486e-01,1.469257e-01,2.418125e-01,1.305963e-02,2.751249e-02
3.575028e-03,2.907808e-02,4.116885e-03,9.479370e-03,3.129192e-02,5.423766e-02,1.903013e-03,1.765180e-03,1.609151e-01,1.672709e-02,1.949221e-01,1.704616e-01,2.885925e-01,1.096141e-02,2.197313e-02
3.452047e-03,2.183564e-02,3.175609e-03,6.862090e-03,2.262231e-02,4.577150e-02,1.542395e-03,1.326559e-03,1.423777e-01,1.253179e-02,1.731863e-01,2.733445e-01,2.672935e-01,8.603411e-03,1.607466e-02
3.071617e-03,1.863144e-02,2.570207e-03,4.962906e-03,1.685161e-02,3.524769e-02,1.322743e-03,1.002373e-03,1.431630e-01,9.782488e-03,1.544537e-01,3.451825e-01,2.452239e-01,6.558114e-03,1.197577e-02
2.450709e-03,2.662064e-02,2.173042e-03,3.547417e-03,1.281113e-02,2.588254e-02,9.777632e-04,7.806834e-04,1.572538e-01,8.470394e-03,1.212574e-01,4.123964e-01,2.113035e-01,5.091396e-03,8.983144e-03
1.900904e-03,2.559272e-02,1.782627e-03,2.518613e-03,1.041267e-02,1.917628e-02,7.856545e-04,7.618740e-04,1.757551e-01,7.946305e-03,9.910870e-02,4.629811e-01,1.800224e-01,3.929434e-03,7.325605e-03
1.776417e-03,2.186858e-02,2.641825e-03,2.038536e-03,1.028852e-02,1.408507e-02,6.994408e-04,2.949944e-03,2.441994e-01,7.167062e-03,7.321256e-02,4.763970e-01,1.342067e-01,3.051125e-03,5.417836e-03
1.478699e-03,1.916702e-02,2.036302e-03,1.485754e-03,1.001333e-02,1.207660e-02,6.410283e-04,2.466731e-03,3.893331e-01,5.377214e-03,5.284660e-02,4.003239e-01,9.658642e-02,2.226709e-03,3.940633e-03
1.336351e-03,1.948184e-02,1.818717e-03,1.202737e-03,9.701299e-03,1.471605e-02,7.273506e-04,2.507526e-03,4.816915e-01,4.722246e-03,4.011646e-02,3.461937e-01,7.109443e-02,1.781661e-03,2.908144e-03
1.694261e-03,1.828447e-02,2.306134e-03,5.455552e-03,9.923524e-03,3.581538e-02,5.674133e-04,3.201451e-03,4.891194e-01,5.023567e-03,3.186900e-02,3.394522e-01,5.339012e-02,1.588763e-03,2.308832e-03
1.580586e-03,1.585148e-02,1.703900e-03,4.126132e-03,8.139041e-03,1.295663e-01,4.806595e-04,2.515564e-03,4.386090e-01,3.911889e-03,2.853260e-02,3.123692e-01,4.931209e-02,1.368953e-03,1.932721e-03
1.944350e-03,1.412505e-02,1.335200e-03,3.746092e-03,7.850027e-03,1.718902e-01,4.793544e-04,2.320263e-03,3.913569e-01,3.264990e-03,2.607930e-02,3.192367e-01,5.260462e-02,1.554795e-03,2.212218e-03
3.127833e-03,1.414643e-02,1.481111e-03,2.919055e-02,8.452157e-03,1.917605e-01,5.718782e-04,2.600868e-03,3.735925e-01,4.631852e-03,2.548880e-02,2.885449e-01,5.124150e-02,1.824082e-03,3.345095e-03
3.842231e-03,1.546251e-02,1.414271e-03,3.305981e-02,8.744345e-03,1.818051e-01,6.616974e-04,2.827766e-03,3.231452e-01,6.086267e-03,4.641008e-02,3.109603e-01,5.531849e-02,3.691932e-03,6.570110e-03
1.163161e-02,1.518833e-02,1.671727e-03,2.440094e-02,2.346920e-02,1.492501e-01,4.837226e-03,8.444861e-03,4.318860e-01,5.971752e-03,4.746987e-02,2.245923e-01,4.205643e-02,2.949695e-03,6.179930e-03
3.257748e-02,1.451086e-02,2.651893e-03,1.910003e-02,2.805153e-02,1.698891e-01,8.351593e-03,3.301274e-02,4.059794e-01,1.141136e-02,4.850558e-02,1.687964e-01,4.348991e-02,3.653549e-03,1.001859e-02
3.381349e-02,1.431436e-02,2.093693e-02,4.534635e-02,5.124824e-02,1.280700e-01,8.805646e-03,3.165689e-02,4.500579e-01,1.146499e-02,3.521547e-02,1.190978e-01,3.275574e-02,2.857204e-03,1.435895e-02
4.634379e-02,1.951246e-02,2.383483e-02,4.080601e-02,8.758523e-02,1.090748e-01,9.163225e-03,5.648530e-02,4.324382e-01,1.159534e-02,2.613549e-02,8.484799e-02,3.126650e-02,2.926667e-03,1.798415e-02
5.334402e-02,2.688156e-02,3.271884e-02,6.368712e-02,1.250334e-01,8.958284e-02,1.768593e-02,5.790947e-02,3.656209e-01,1.497287e-02,2.015078e-02,6.160077e-02,3.117186e-02,2.744820e-03,3.689478e-02
4.122379e-02,2.748240e-02,3.246975e-02,4.790598e-02,1.042393e-01,7.062282e-02,1.397886e-02,4.096378e-02,2.816925e-01,1.450871e-02,1.695658e-02,4.442154e-02,4.840996e-02,5.422388e-03,2.097016e-01
3.073233e-02,2.915467e-02,3.252009e-02,3.981054e-02,7.665733e-02,5.647855e-02,1.147497e-02,2.910361e-02,2.312576e-01,1.310693e-02,1.382244e-02,3.150368e-02,2.325501e-01,4.029884e-03,1.677973e-01
2.189411e-02,3.146533e-02,2.815176e-02,2.890946e-02,5.394221e-02,4.094767e-02,8.521063e-03,2.052174e-02,1.812759e-01,1.369741e-02,1.080421e-02,2.224618e-02,4.077867e-01,3.068203e-03,1.267681e-01
1.617702e-02,3.390453e-02,2.090901e-02,2.098078e-02,3.856887e-02,2.979506e-02,6.405380e-03,1.460050e-02,1.425954e-01,1.061536e-02,8.531976e-03,1.590857e-02,5.369554e-01,2.301990e-03,1.017502e-01
1.244183e-02,1.967726e-01,2.540740e-02,1.750336e-02,2.734753e-02,2.113976e-02,4.678370e-03,1.031460e-02,1.484094e-01,1.070957e-02,7.126670e-03,1.201499e-02,4.148374e-01,2.429423e-03,8.886718e-02
1.015029e-02,3.109556e-01,2.118622e-02,2.894182e-02,1.922684e-02,1.624392e-02,3.348785e-03,7.330977e-03,1.933637e-01,8.711540e-03,8.654442e-03,1.252202e-02,2.923611e-01,2.353243e-03,6.464950e-02
1.408407e-02,3.531314e-01,1.761112e-02,2.379261e-02,1.395757e-02,1.346468e-02,2.487367e-03,5.808104e-03,1.706721e-01,7.648800e-03,3.381891e-02,1.224229e-02,2.289410e-01,2.768434e-02,7.465573e-02
1.358316e-02,2.676758e-01,1.396984e-02,1.856644e-02,1.037229e-02,1.063710e-02,1.971746e-03,4.518043e-03,1.318387e-01,5.881674e-03,5.829950e-02,2.931990e-02,2.876752e-01,3.186684e-02,1.138238e-01
1.115249e-02,1.886479e-01,1.107864e-02,1.345050e-02,8.312658e-03,8.900793e-03,2.350064e-03,5.594335e-03,1.148756e-01,4.531153e-03,6.578259e-02,3.495465e-02,3.626365e-01,2.545928e-02,1.422729e-01
9.279358e-03,1.354410e-01,1.169846e-02,9.796146e-03,8.508307e-03,7.599713e-03,2.428262e-03,4.605868e-03,1.038016e-01,4.244412e-03,6.403300e-02,5.018248e-02,3.776173e-01,2.329997e-02,1.874641e-01
1.006904e-02,9.643334e-02,1.056934e-02,1.250699e-02,1.071233e-02,1.382624e-02,1.946900e-03,5.423064e-03,9.020633e-02,1.224588e-02,6.330322e-02,5.201060e-02,4.616773e-01,2.164475e-02,1.374247e-01
8.008251e-03,6.782907e-02,8.431034e-03,1.347418e-02,8.818943e-03,1.105206e-02,1.786458e-03,5.308629e-03,8.709005e-02,1.838142e-02,8.609506e-02,6.575936e-02,4.312844e-01,1.742344e-02,1.692577e-01
5.723245e-03,4.751111e-02,7.219641e-03,1.008833e-02,6.877371e-03,7.771496e-03,2.149538e-03,6.665650e-02,6.360722e-02,1.397886e-02,1.390614e-01,6.452272e-02,4.227886e-01,1.354914e-02,1.284948e-01
4.535141e-03,3.374466e-02,1.460716e-02,8.093383e-03,5.980012e-03,5.578517e-03,3.681736e-03,2.885787e-01,5.444443e-02,9.937576e-03,1.066107e-01,4.894789e-02,3.053275e-01,9.705720e-03,1.002268e-01
6.771930e-03,4.082990e-02,2.798180e-02,1.724634e-02,6.566127e-03,5.023038e-03,3.520519e-03,3.495770e-01,1.134622e-01,7.369786e-03,7.784678e-02,3.678595e-02,2.189865e-01,7.021538e-03,8.101071e-02
1.030869e-02,4.776005e-02,2.584157e-02,3.546504e-02,5.768557e-03,1.178479e-02,2.733834e-03,3.346122e-01,1.724225e-01,1.648580e-02,6.215848e-02,2.849810e-02,1.634105e-01,6.820582e-03,7.592927e-02
9.680077e-03,4.510883e-02,2.096554e-02,2.865105e-02,5.073578e-03,1.730309e-02,2.631980e-03,3.490785e-01,2.309195e-01,1.774530e-02,5.598702e-02,2.177718e-02,1.233238e-01,5.942118e-03,6.581241e-02
1.584412e-02,4.450243e-02,2.224207e-02,2.325233e-02,6.236497e-03,2.158497e-02,3.009896e-03,3.356923e-01,2.446709e-01,2.161647e-02,6.364651e-02,1.683568e-02,9.868617e-02,4.703804e-03,7.747589e-02
1.786581e-02,4.355391e-02,2.698172e-02,3.199451e-02,5.757358e-03,2.090143e-02,3.773910e-03,3.434398e-01,2.055823e-01,4.216862e-02,5.077386e-02,1.472186e-02,7.938252e-02,4.035698e-03,1.090667e-01
2.773315e-02,3.921920e-02,2.799968e-02,2.496371e-02,7.024507e-03,3.045877e-02,3.345273e-03,4.018673e-01,1.972045e-01,3.070050e-02,3.885364e-02,1.120195e-02,5.877114e-02,3.557028e-03,9.709962e-02
3.525579e-02,3.278719e-02,2.448475e-02,1.876288e-02,7.695309e-03,3.178179e-02,2.724453e-03,5.067359e-01,1.598758e-01,2.229418e-02,2.824579e-02,8.335491e-03,4.526731e-02,4.109786e-03,7.164367e-02
4.770819e-02,2.939904e-02,3.535882e-02,1.535495e-02,1.698567e-02,3.285909e-02,2.662307e-03,5.310563e-01,1.425619e-01,1.714821e-02,2.049264e-02,6.489373e-03,4.059556e-02,4.291247e-03,5.703671e-02
5.962253e-02,3.018885e-02,3.256844e-02,1.525909e-02,1.761457e-02,2.850620e-02,2.280653e-03,5.283325e-01,1.729275e-01,1.332225e-02,1.595063e-02,6.040610e-03,3.112600e-02,3.374920e-03,4.288523e-02
7.270904e-02,2.874195e-02,3.318257e-02,1.704000e-02,1.587201e-02,2.337863e-02,2.250920e-03,5.614163e-01,1.594252e-01,1.073509e-02,1.201352e-02,5.640259e-03,2.254057e-02,2.528068e-03,3.252592e-02
8.313680e-02,4.496684e-02,2.769255e-02,1.461299e-02,1.635762e-02,1.893074e-02,1.993251e-03,5.544413e-01,1.720390e-01,8.367376e-03,8.918495e-03,5.088001e-03,1.627097e-02,1.926598e-03,2.525745e-02
1.012284e-01,3.623978e-02,2.073081e-02,1.229559e-02,1.351121e-02,1.615934e-02,1.683112e-03,5.688727e-01,1.749848e-01,6.231796e-03,7.985642e-03,6.542515e-03,1.236336e-02,1.599149e-03,1.957180e-02
1.126974e-01,2.727552e-02,1.586969e-02,1.012293e-02,1.080211e-02,1.312725e-02,1.425074e-03,5.956275e-01,1.685183e-01,4.598183e-03,6.953467e-03,7.178596e-03,9.485085e-03,1.316450e-03,1.500240e-02
1.413816e-01,2.062107e-02,1.376691e-02,8.437980e-03,8.452305e-03,1.091573e-02,1.464321e-03,6.080918e-01,1.499419e-01,3.467686e-03,6.011776e-03,6.828260e-03,7.786979e-03,1.097209e-03,1.173449e-02
1.696258e-01,1.525742e-02,1.237508e-02,7.377625e-03,6.856499e-03,9.239753e-03,1.777177e-03,6.271259e-01,1.187564e-01,2.670619e-03,5.528156e-03,6.294665e-03,6.517447e-03,1.091397e-03,9.506091e-03
1.986315e-01,1.139632e-02,1.184093e-02,7.572517e-03,5.486832e-03,8.226624e-03,2.233967e-03,6.356394e-01,9.064670e-02,2.174882e-03,5.038368e-03,6.131201e-03,5.385622e-03,1.156904e-03,8.438210e-03
2.142052e-01,9.552679e-03,1.072330e-02,7.434002e-03,4.461228e-03,8.019472e-03,2.343809e-03,6.491073e-01,6.825609e-02,2.002887e-03,4.291441e-03,6.242645e-03,4.322819e-03,1.251213e-03,7.785853e-03
2.194221e-01,7.664948e-03,9.293858e-03,6.911855e-03,3.962848e-03,7.551675e-03,2.214167e-03,6.704451e-01,5.038971e-02,1.668152e-03,3.445738e-03,5.596610e-03,3.554968e-03,1.078212e-03,6.800071e-03
2.484441e-01,1.147738e-02,8.989339e-03,1.779231e-02,3.997603e-03,1.526817e-02,1.955975e-03,5.911433e-01,4.015306e-02,5.999868e-03,6.549360e-03,1.612465e-02,1.418801e-02,1.874012e-03,1.604287e-02
2.147251e-01,1.321162e-02,7.964007e-03,1.167249e-01,3.633132e-03,1.277391e-02,1.454994e-03,4.391263e-01,4.462311e-02,1.325964e-02,2.698556e-02,5.090168e-02,3.341603e-02,2.817133e-03,1.838283e-02
1.519978e-01,1.135484e-02,6.871052e-03,2.412878e-01,2.964622e-03,1.000625e-02,1.053029e-03,3.120750e-01,4.912882e-02,9.690699e-03,8.520910e-02,6.230117e-02,3.922800e-02,2.369139e-03,1.446268e-02
1.194909e-01,8.613387e-03,6.139815e-03,2.232457e-01,3.414865e-03,8.195897e-03,8.754238e-04,2.206853e-01,4.135207e-02,8.385741e-03,2.151424e-01,5.669797e-02,7.210097e-02,2.690513e-03,1.296889e-02
9.897442e-02,8.903771e-03,6.213562e-03,1.775024e-01,3.842662e-03,6.744278e-03,8.506204e-04,1.562476e-01,4.849915e-02,7.143602e-03,2.657306e-01,7.460836e-02,1.187586e-01,5.869787e-03,2.011063e-02
7.283112e-02,7.206857e-03,7.299964e-03,1.293550e-01,4.291279e-03,6.162129e-03,7.737848e-04,1.108782e-01,4.726751e-02,6.184573e-03,2.436150e-01,9.025517e-02,1.842954e-01,1.022863e-02,7.935534e-02
5.296771e-02,6.313304e-03,6.152676e-03,9.279145e-02,3.548801e-03,4.849786e-03,6.808171e-04,8.071856e-02,7.624988e-02,8.199940e-03,2.067530e-01,8.861922e-02,1.661645e-01,1.398328e-02,1.920071e-01
3.918811e-02,5.195157e-03,8.987062e-03,7.139026e-02,5.644163e-03,3.749943e-03,1.331278e-03,1.135204e-01,7.743755e-02,7.025145e-03,1.765234e-01,6.567944e-02,1.865266e-01,1.290003e-02,2.249014e-01
2.938561e-02,9.926096e-03,2.771528e-02,7.027045e-02,8.143176e-03,4.108494e-03,4.055295e-03,1.167086e-01,1.155755e-01,6.187182e-03,1.318694e-01,4.980496e-02,1.605664e-01,1.171580e-02,2.539677e-01
2.270846e-02,1.218757e-02,2.617413e-02,5.380046e-02,8.803450e-03,3.458202e-03,3.316546e-03,9.533016e-02,2.116236e-01,5.234702e-03,9.643789e-02,3.732434e-02,1.227681e-01,1.030861e-02,2.905238e-01
1.935909e-02,2.335231e-02,2.212589e-02,4.197432e-02,1.528965e-02,3.628794e-03,3.138548e-03,7.532848e-02,3.463497e-01,4.513408e-03,7.603119e-02,2.819514e-02,9.991126e-02,7.762102e-03,2.330401e-01
1.451017e-02,2.670468e-02,1.693892e-02,3.158095e-02,1.239227e-02,9.948347e-03,2.523787e-03,5.523913e-02,4.751239e-01,3.660231e-03,5.657198e-02,2.147226e-02,7.798009e-02,5.539855e-03,1.898134e-01
1.099924e-02,3.873828e-02,1.243710e-02,2.263080e-02,1.201419e-02,1.593182e-02,2.168505e-03,4.068812e-02,5.897790e-01,2.856528e-03,4.140140e-02,1.537035e-02,5.590342e-02,3.913293e-03,1.351680e-01
9.059344e-03,5.006107e-02,9.965502e-03,3.298534e-02,1.226437e-02,2.119608e-02,1.716270e-03,3.093867e-02,6.490494e-01,2.604020e-03,2.987598e-02,1.104647e-02,4.058829e-02,2.811522e-03,9.583776e-02
7.921691e-03,5.601773e-02,7.394857e-03,2.892967e-02,1.498047e-02,2.532355e-02,1.804185e-03,2.651321e-02,6.939931e-01,2.295765e-03,2.187970e-02,7.985817e-03,3.285911e-02,2.030376e-03,7.007078e-02
1.151342e-02,5.767253e-02,5.483606e-03,2.471834e-02,3.326230e-02,2.135962e-02,2.085182e-03,2.434262e-02,7.157608e-01,2.412057e-03,1.590456e-02,5.845166e-03,2.820450e-02,1.482176e-03,4.995317e-02
1.990700e-02,5.267493e-02,4.491083e-03,2.623153e-02,3.051435e-02,1.663801e-02,5.451321e-03,1.837889e-02,6.978632e-01,3.334732e-03,1.256723e-02,5.850243e-03,6.564496e-02,1.146854e-03,3.930570e-02
3.637715e-02,4.489985e-02,3.699026e-03,2.675987e-02,2.735908e-02,1.736403e-02,8.601136e-03,1.517689e-02,6.683706e-01,4.214251e-03,1.400378e-02,1.183980e-02,8.749162e-02,1.198383e-03,3.264451e-02
5.118059e-02,4.238411e-02,3.469910e-03,2.558895e-02,3.005052e-02,1.611703e-02,9.705860e-03,1.320839e-02,6.377858e-01,6.618998e-03,1.721085e-02,1.448400e-02,9.076107e-02,1.937370e-03,3.949658e-02
7.089844e-02,4.159934e-02,2.799825e-03,2.074672e-02,3.548563e-02,1.742396e-02,1.212779e-02,1.218548e-02,6.103991e-01,6.587706e-03,1.895840e-02,1.423147e-02,8.977361e-02,2.345864e-03,4.443666e-02
6.528754e-02,4.284113e-02,9.201162e-03,3.952225e-02,3.451855e-02,1.848896e-02,9.811210e-03,1.065051e-02,5.468904e-01,1.314668e-02,2.966385e-02,3.182625e-02,1.023435e-01,4.260255e-03,4.154774e-02
7.342526e-02,3.820199e-02,7.509581e-03,3.263522e-02,2.660590e-02,5.522510e-02,7.426381e-03,7.943272e-03,4.136720e-01,2.084682e-02,3.730192e-02,1.213707e-01,1.092502e-01,7.608494e-03,4.097719e-02
7.101648e-02,3.435899e-02,6.749448e-03,3.224625e-02,1.973685e-02,5.076453e-02,5.535594e-03,5.859982e-03,3.090779e-01,2.312502e-02,3.710962e-02,1.923558e-01,1.550107e-01,1.048878e-02,4.656398e-02
6.828339e-02,2.701734e-02,5.976626e-03,2.491632e-02,1.590687e-02,3.929731e-02,4.116470e-03,4.523697e-03,2.576547e-01,2.125202e-02,4.748052e-02,2.399487e-01,1.834731e-01,1.726650e-02,4.288645e-02
7.567418e-02,2.500376e-02,1.080015e-02,2.522855e-02,2.100185e-02,3.181277e-02,4.096263e-03,4.514481e-03,2.222241e-01,2.749718e-02,5.644262e-02,2.355458e-01,1.944162e-01,1.772421e-02,4.801788e-02
8.102432e-02,3.396017e-02,3.255284e-02,3.495712e-02,3.078113e-02,3.037040e-02,3.806449e-03,4.483515e-03,1.879742e-01,3.429870e-02,5.004582e-02,1.885179e-01,2.130021e-01,1.888261e-02,5.534280e-02
7.397342e-02,4.255553e-02,7.155080e-02,7.298080e-02,4.624557e-02,3.715306e-02,5.348561e-03,5.948342e-03,1.483034e-01,3.108682e-02,4.932184e-02,1.664322e-01,1.839559e-01,1.675067e-02,4.839313e-02
6.296407e-02,3.741441e-02,8.761904e-02,8.079992e-02,4.825735e-02,4.131094e-02,5.635693e-03,6.075382e-03,1.373360e-01,2.625810e-02,5.962320e-02,2.001552e-01,1.485656e-01,1.346359e-02,4.452146e-02
4.608480e-02,3.670788e-02,6.845758e-02,5.965380e-02,3.685503e-02,4.155267e-02,4.200128e-03,4.816373e-03,1.443240e-01,2.944047e-02,6.787253e-02,2.744781e-01,1.235413e-01,1.999073e-02,4.202466e-02
3.419902e-02,2.850556e-02,4.864351e-02,4.287127e-02,2.697089e-02,3.186482e-02,3.161454e-03,3.802380e-03,1.267298e-01,2.735804e-02,7.721803e-02,3.800750e-01,1.226311e-01,1.475319e-02,3.121605e-02
2.494507e-02,2.104001e-02,3.425663e-02,3.033679e-02,1.915736e-02,2.573635e-02,2.273752e-03,2.705273e-03,9.664791e-02,2.414822e-02,6.403197e-02,5.294610e-01,9.216882e-02,1.063961e-02,2.245128e-02
1.805457e-02,1.574243e-02,2.433061e-02,2.154797e-02,1.413744e-02,1.887354e-02,1.741044e-03,2.025981e-03,9.389292e-02,1.992421e-02,5.680324e-02,6.208214e-01,6.823376e-02,7.883444e-03,1.598743e-02
1.309147e-02,1.224711e-02,1.719733e-02,1.517472e-02,1.040696e-02,1.353021e-02,1.292048e-03,1.588443e-03,1.001538e-01,1.623423e-02,4.755249e-02,6.832619e-01,5.104101e-02,5.857280e-03,1.137104e-02
1.333499e-02,1.442987e-02,2.262110e-02,1.155843e-02,2.719485e-02,1.054798e-02,1.935043e-03,2.390546e-02,1.918248e-01,2.014915e-02,3.672464e-02,5.737945e-01,3.873100e-02,4.943585e-03,8.304675e-03
1.640078e-02,1.301058e-02,2.500428e-02,1.032593e-02,4.292882e-02,9.083339e-03,2.061563e-03,3.375665e-02,2.210320e-01,2.577542e-02,2.984264e-02,5.308596e-01,2.950762e-02,4.307826e-03,6.102911e-03
2.243879e-02,1.755666e-02,4.129971e-02,9.432932e-03,5.743062e-02,1.289758e-02,2.520971e-03,3.257902e-02,2.892380e-01,2.949221e-02,2.538308e-02,4.255525e-01,2.490082e-02,4.378705e-03,4.898389e-03
2.958789e-02,5.334802e-02,4.597715e-02,9.421504e-03,5.537914e-02,1.709112e-02,2.608733e-03,3.263579e-02,3.352212e-01,3.736006e-02,2.591673e-02,3.219114e-01,2.286111e-02,5.913464e-03,4.766814e-03
3.048026e-02,6.947130e-02,3.946896e-02,1.031921e-02,5.251359e-02,1.713708e-02,2.988638e-03,2.871684e-02,3.952792e-01,3.887370e-02,2.599231e-02,2.519554e-01,2.268406e-02,8.774979e-03,5.344586e-03
3.906291e-02,7.899874e-02,3.249877e-02,1.639874e-02,4.361010e-02,1.652606e-02,2.953158e-03,2.500274e-02,3.537111e-01,8.607955e-02,5.333138e-02,2.047304e-01,2.487503e-02,1.373449e-02,8.486830e-03
5.054893e-02,7.302899e-02,2.592929e-02,1.855717e-02,3.681013e-02,1.815398e-02,2.945379e-03,2.187525e-02,2.912645e-01,8.028734e-02,7.223703e-02,2.499444e-01,2.818740e-02,2.028345e-02,9.946797e-03
4.939438e-02,6.833514e-02,1.923592e-02,1.608333e-02,2.870142e-02,3.980495e-02,3.479472e-03,1.653050e-02,3.209738e-01,6.424735e-02,6.917188e-02,2.419369e-01,3.170076e-02,1.890525e-02,1.149904e-02
4.828462e-02,6.625545e-02,1.485385e-02,2.547459e-02,2.279211e-02,3.469447e-02,3.069300e-03,1.366374e-02,3.229464e-01,5.474206e-02,5.934431e-02,2.633690e-01,3.431770e-02,2.011602e-02,1.607639e-02
8.264360e-02,6.195952e-02,1.352502e-02,2.812991e-02,2.050188e-02,3.751764e-02,3.723481e-03,2.087522e-02,3.168909e-01,4.420430e-02,5.200264e-02,2.471251e-01,3.141342e-02,2.503472e-02,1.445259e-02
1.181335e-01,4.802131e-02,1.221826e-02,3.940047e-02,3.500170e-02,3.144362e-02,6.335662e-03,2.959239e-02,3.260162e-01,3.489793e-02,4.548753e-02,2.045364e-01,3.359651e-02,2.173431e-02,1.358415e-02
1.565283e-01,3.634791e-02,9.842483e-03,3.527882e-02,4.512557e-02,2.825040e-02,1.028846e-02,2.422874e-02,3.482028e-01,2.733407e-02,3.745827e-02,1.657574e-01,4.450690e-02,1.826849e-02,1.258134e-02
1.958106e-01,3.010757e-02,8.383996e-03,5.783474e-02,6.324598e-02,3.243595e-02,1.120748e-02,2.078093e-02,3.083166e-01,2.225575e-02,3.000331e-02,1.279196e-01,5.376724e-02,1.602494e-02,2.190524e-02
3.046991e-01,2.863143e-02,7.349238e-03,5.495997e-02,5.118990e-02,3.948830e-02,1.157987e-02,1.990459e-02,2.370815e-01,1.802114e-02,2.534015e-02,1.087230e-01,5.673892e-02,1.274423e-02,2.354877e-02
3.999196e-01,2.433084e-02,5.801606e-03,4.835834e-02,4.549229e-02,3.744324e-02,1.022559e-02,1.687548e-02,1.847702e-01,1.401894e-02,2.147989e-02,9.556827e-02,6.354702e-02,9.862349e-03,2.230636e-02
4.454156e-01,2.221300e-02,4.686594e-03,4.853170e-02,4.084083e-02,3.702715e-02,9.214698e-03,1.461600e-02,1.494354e-01,1.101697e-02,2.101646e-02,8.126755e-02,8.186397e-02,7.595086e-03,2.525897e-02
4.648681e-01,2.444231e-02,4.749252e-03,6.538619e-02,3.514243e-02,4.018461e-02,8.084902e-03,1.318950e-02,1.269888e-01,9.297909e-03,2.258084e-02,7.994837e-02,7.405244e-02,5.954790e-03,2.512962e-02
4.477306e-01,4.564922e-02,5.434748e-03,7.060643e-02,3.204086e-02,3.402364e-02,7.079353e-03,1.023489e-02,1.322783e-01,9.248477e-03,2.070669e-02,6.266680e-02,6.263949e-02,5.165668e-03,5.449481e-02
4.066361e-01,7.468924e-02,2.119803e-02,8.456132e-02,2.947859e-02,3.023272e-02,6.746444e-03,8.911933e-03,1.330378e-01,1.380024e-02,1.739618e-02,5.356513e-02,4.778177e-02,4.121389e-03,6.784308e-02
3.853008e-01,8.981262e-02,1.669149e-02,6.655613e-02,2.820364e-02,5.340913e-02,1.035023e-02,9.318108e-03,1.696993e-01,1.022195e-02,1.336052e-02,4.908211e-02,3.806464e-02,3.281153e-03,5.664821e-02
2.914970e-01,1.861759e-01,1.263456e-02,4.821715e-02,2.257181e-02,6.362784e-02,8.830667e-03,1.088590e-02,2.133546e-01,7.443915e-03,9.875624e-03,4.651347e-02,3.138466e-02,2.483647e-03,4.450318e-02
2.247178e-01,2.065020e-01,9.310191e-03,3.537516e-02,2.061264e-02,1.052247e-01,8.377831e-03,9.567248e-03,2.514508e-01,5.493158e-03,7.220046e-03,4.794164e-02,3.044163e-02,1.931328e-03,3.583383e-02
1.600707e-01,3.892722e-01,7.241372e-03,2.727081e-02,1.465516e-02,7.712267e-02,5.914365e-03,6.940627e-03,1.957027e-01,6.130178e-03,5.420631e-03,3.390830e-02,2.622340e-02,1.417696e-03,4.270911e-02
1.182627e-01,3.731550e-01,5.447423e-03,2.035176e-02,1.115198e-02,7.184769e-02,4.786922e-03,8.192929e-03,1.998740e-01,5.781841e-03,4.642329e-03,2.403772e-02,1.048774e-01,1.212190e-03,4.637811e-02
8.470477e-02,2.647864e-01,4.363960e-03,1.492277e-02,8.554564e-03,5.787490e-02,3.755574e-03,6.442429e-03,1.451253e-01,4.298929e-03,3.570610e-03,1.707832e-02,3.404469e-01,9.244260e-04,4.315019e-02
7.099109e-02,2.538640e-01,6.110834e-03,1.693757e-02,1.068476e-02,5.654377e-02,3.841474e-03,6.792391e-03,1.451482e-01,5.111825e-03,5.289283e-03,1.520158e-02,3.373463e-01,4.309357e-03,6.182760e-02
5.117963e-02,1.810385e-01,4.765647e-03,1.489529e-02,1.038399e-02,4.461273e-02,3.563152e-03,4.952571e-03,1.069376e-01,4.496677e-03,6.357643e-03,1.333677e-02,4.843896e-01,5.065395e-03,6.402488e-02
3.731954e-02,1.277246e-01,3.791070e-03,1.234831e-02,8.005478e-03,3.292353e-02,2.907569e-03,3.546071e-03,7.803085e-02,5.895221e-03,1.381025e-02,1.326996e-02,5.479327e-01,1.627975e-02,9.621510e-02
3.859606e-02,9.082883e-02,1.506858e-02,1.484328e-02,1.660702e-02,2.427707e-02,2.481565e-03,5.366879e-03,9.679168e-02,1.611112e-02,1.803245e-02,1.177732e-02,4.266681e-01,1.451708e-02,2.080329e-01
3.772675e-02,6.750491e-02,1.383161e-02,1.276919e-02,2.497108e-02,2.126198e-02,2.599470e-03,4.946282e-03,1.798032e-01,1.514369e-02,1.827697e-02,1.064058e-02,3.088555e-01,1.123597e-02,2.704328e-01
3.097715e-02,5.236709e-02,3.779548e-02,9.902783e-02,5.274182e-02,2.163618e-02,3.554267e-03,9.360778e-03,1.734633e-01,1.159256e-02,1.486968e-02,7.879396e-03,2.213604e-01,8.509768e-03,2.548642e-01
2.733006e-02,4.490273e-02,4.339598e-02,8.581634e-02,5.357106e-02,1.918806e-02,3.589539e-03,7.985258e-03,1.549769e-01,8.999938e-03,1.156048e-02,6.216412e-03,1.603739e-01,6.406750e-03,3.656866e-01
2.854781e-02,4.167733e-02,1.064537e-01,1.443146e-01,5.394317e-02,1.909397e-02,4.642021e-03,1.079000e-02,1.397673e-01,8.359518e-03,9.892799e-03,5.064772e-03,1.157746e-01,4.979648e-03,3.066987e-01
5.512118e-02,5.711820e-02,8.919034e-02,1.585346e-01,5.933610e-02,1.859098e-02,7.693809e-03,8.608663e-03,1.296214e-01,9.170705e-03,1.138551e-02,5.703171e-03,8.689684e-02,4.549918e-03,2.984785e-01
7.963506e-02,5.857098e-02,7.621190e-02,1.338768e-01,6.904319e-02,2.050350e-02,1.013300e-02,8.036493e-03,1.181107e-01,7.853752e-03,1.159246e-02,6.332914e-03,6.669074e-02,4.469816e-03,3.289387e-01
1.225023e-01,6.817324e-02,6.061645e-02,1.073579e-01,8.151726e-02,2.233015e-02,1.053989e-02,6.438025e-03,1.593568e-01,5.840105e-03,1.035886e-02,7.226666e-03,6.850640e-02,3.959943e-03,2.652761e-01
1.579833e-01,6.802393e-02,5.103138e-02,1.016466e-01,8.090793e-02,2.716104e-02,1.507804e-02,8.171093e-03,1.542891e-01,4.644639e-03,9.674380e-03,1.032185e-02,6.487438e-02,3.912296e-03,2.422801e-01
