1.000000e+00,0.000000e+00,0.000000e+00,0.000000e+00,0.000000e+00,0.000000e+00,0.000000e+00,0.000000e+00,0.000000e+00,0.000000e+00,0.000000e+00,0.000000e+00,0.000000e+00,0.000000e+00,0.000000e+00
1.000000e+00,0.000000e+00,0.000000e+00,0.000000e+00,0.000000e+00,0.000000e+00,0.000000e+00,0.000000e+00,0.000000e+00,0.000000e+00,0.000000e+00,0.000000e+00,0.000000e+00,0.000000e+00,0.000000e+00
1.000000e+00,0.000000e+00,0.000000e+00,0.000000e+00,0.000000e+00,0.000000e+00,0.000000e+00,0.000000e+00,0.000000e+00,0.000000e+00,0.000000e+00,0.000000e+00,0.000000e+00,0.000000e+00,0.000000e+00
1.000000e+00,0.000000e+00,0.000000e+00,0.000000e+00,0.000000e+00,0.000000e+00,0.000000e+00,0.000000e+00,0.000000e+00,0.000000e+00,0.000000e+00,0.000000e+00,0.000000e+00,0.000000e+00,0.000000e+00
1.000000e+00,0.000000e+00,0.000000e+00,0.000000e+00,0.000000e+00,0.000000e+00,0.000000e+00,0.000000e+00,0.000000e+00,0.000000e+00,0.000000e+00,0.000000e+00,0.000000e+00,0.000000e+00,0.000000e+00
1.000000e+00,0.000000e+00,0.000000e+00,0.000000e+00,0.000000e+00,0.000000e+00,0.000000e+00,0.000000e+00,0.000000e+00,0.000000e+00,0.000000e+00,0.000000e+00,0.000000e+00,0.000000e+00,0.000000e+00
1.000000e+00,0.000000e+00,0.000000e+00,0.000000e+00,0.000000e+00,0.000000e+00,0.000000e+00,0.000000e+00,0.000000e+00,0.000000e+00,0.000000e+00,0.000000e+00,0.000000e+00,0.000000e+00,0.000000e+00
1.000000e+00,0.000000e+00,0.000000e+00,0.000000e+00,0.000000e+00,0.000000e+00,0.000000e+00,0.000000e+00,0.000000e+00,0.000000e+00,0.000000e+00,0.000000e+00,0.000000e+00,0.000000e+00,0.000000e+00
1.000000e+00,0.000000e+00,0.000000e+00,0.000000e+00,0.000000e+00,0.000000e+00,0.000000e+00,0.000000e+00,0.000000e+00,0.000000e+00,0.000000e+00,0.000000e+00,0.000000e+00,0.000000e+00,0.000000e+00
1.000000e+00,0.000000e+00,0.000000e+00,0.000000e+00,0.000000e+00,0.000000e+00,0.000000e+00,0.000000e+00,0.000000e+00,0.000000e+00,0.000000e+00,0.000000e+00,0.000000e+00,0.000000e+00,0.000000e+00
1.000000e+00,0.000000e+00,0.000000e+00,0.000000e+00,0.000000e+00,0.000000e+00,0.000000e+00,0.000000e+00,0.000000e+00,0.000000e+00,0.000000e+00,0.000000e+00,0.000000e+00,0.000000e+00,0.000000e+00
1.000000e+00,0.000000e+00,0.000000e+00,0.000000e+00,0.000000e+00,0.000000e+00,0.000000e+00,0.000000e+00,0.000000e+00,0.000000e+00,0.000000e+00,0.000000e+00,0.000000e+00,0.000000e+00,0.000000e+00
1.000000e+00,0.000000e+00,0.000000e+00,0.000000e+00,0.000000e+00,0.000000e+00,0.000000e+00,0.000000e+00,0.000000e+00,0.000000e+00,0.000000e+00,0.000000e+00,0.000000e+00,0.000000e+00,0.000000e+00
1.000000e+00,0.000000e+00,0.000000e+00,0.000000e+00,0.000000e+00,0.000000e+00,0.000000e+00,0.000000e+00,0.000000e+00,0.000000e+00,0.000000e+00,0.000000e+00,0.000000e+00,0.000000e+00,0.000000e+00
1.000000e+00,0.000000e+00,0.000000e+00,0.000000e+00,0.000000e+00,0.000000e+00,0.000000e+00,0.000000e+00,0.000000e+00,0.000000e+00,0.000000e+00,0.000000e+00,0.000000e+00,0.000000e+00,0.000000e+00
1.000000e+00,0.000000e+00,0.000000e+00,0.000000e+00,0.000000e+00,0.000000e+00,0.000000e+00,0.000000e+00,0.000000e+00,0.000000e+00,0.000000e+00,0.000000e+00,0.000000e+00,0.000000e+00,0.000000e+00
1.000000e+00,0.000000e+00,0.000000e+00,0.000000e+00,0.000000e+00,0.000000e+00,0.000000e+00,0.000000e+00,0.000000e+00,0.000000e+00,0.000000e+00,0.000000e+00,0.000000e+00,0.000000e+00,0.000000e+00
1.000000e+00,0.000000e+00,0.000000e+00,0.000000e+00,0.000000e+00,0.000000e+00,0.000000e+00,0.000000e+00,0.000000e+00,0.000000e+00,0.000000e+00,0.000000e+00,0.000000e+00,0.000000e+00,0.000000e+00
1.000000e+00,0.000000e+00,0.000000e+00,0.000000e+00,0.000000e+00,0.000000e+00,0.000000e+00,0.000000e+00,0.000000e+00,0.000000e+00,0.000000e+00,0.000000e+00,0.000000e+00,0.000000e+00,0.000000e+00
1.000000e+00,0.000000e+00,0.000000e+00,0.000000e+00,0.000000e+00,0.000000e+00,0.000000e+00,0.000000e+00,0.000000e+00,0.000000e+00,0.000000e+00,0.000000e+00,0.000000e+00,0.000000e+00,0.000000e+00
1.000000e+00,0.000000e+00,0.000000e+00,0.000000e+00,0.000000e+00,0.000000e+00,0.000000e+00,0.000000e+00,0.000000e+00,0.000000e+00,0.000000e+00,0.000000e+00,0.000000e+00,0.000000e+00,0.000000e+00
1.000000e+00,0.000000e+00,0.000000e+00,0.000000e+00,0.000000e+00,0.000000e+00,0.000000e+00,0.000000e+00,0.000000e+00,0.000000e+00,0.000000e+00,0.000000e+00,0.000000e+00,0.000000e+00,0.000000e+00
1.000000e+00,0.000000e+00,0.000000e+00,0.000000e+00,0.000000e+00,0.000000e+00,0.000000e+00,0.000000e+00,0.000000e+00,0.000000e+00,0.000000e+00,0.000000e+00,0.000000e+00,0.000000e+00,0.000000e+00
1.000000e+00,0.000000e+00,0.000000e+00,0.000000e+00,0.000000e+00,0.000000e+00,0.000000e+00,0.000000e+00,0.000000e+00,0.000000e+00,0.000000e+00,0.000000e+00,0.000000e+00,0.000000e+00,0.000000e+00
1.000000e+00,0.000000e+00,0.000000e+00,0.000000e+00,0.000000e+00,0.000000e+00,0.000000e+00,0.000000e+00,0.000000e+00,0.000000e+00,0.000000e+00,0.000000e+00,0.000000e+00,0.000000e+00,0.000000e+00
1.000000e+00,0.000000e+00,0.000000e+00,0.000000e+00,0.000000e+00,0.000000e+00,0.000000e+00,0.000000e+00,0.000000e+00,0.000000e+00,0.000000e+00,0.000000e+00,0.000000e+00,0.000000e+00,0.000000e+00
1.000000e+00,0.000000e+00,0.000000e+00,0.000000e+00,0.000000e+00,0.000000e+00,0.000000e+00,0.000000e+00,0.000000e+00,0.000000e+00,0.000000e+00,0.000000e+00,0.000000e+00,0.000000e+00,0.000000e+00
1.000000e+00,0.000000e+00,0.000000e+00,0.000000e+00,0.000000e+00,0.000000e+00,0.000000e+00,0.000000e+00,0.000000e+00,0.000000e+00,0.000000e+00,0.000000e+00,0.000000e+00,0.000000e+00,0.000000e+00
1.000000e+00,0.000000e+00,0.000000e+00,0.000000e+00,0.000000e+00,0.000000e+00,0.000000e+00,0.000000e+00,0.000000e+00,0.000000e+00,0.000000e+00,0.000000e+00,0.000000e+00,0.000000e+00,0.000000e+00
1.000000e+00,0.000000e+00,0.000000e+00,0.000000e+00,0.000000e+00,0.000000e+00,0.000000e+00,0.000000e+00,0.000000e+00,0.000000e+00,0.000000e+00,0.000000e+00,0.000000e+00,0.000000e+00,0.000000e+00
1.000000e+00,0.000000e+00,0.000000e+00,0.000000e+00,0.000000e+00,0.000000e+00,0.000000e+00,0.000000e+00,0.000000e+00,0.000000e+00,0.000000e+00,0.000000e+00,0.000000e+00,0.000000e+00,0.000000e+00
1.000000e+00,0.000000e+00,0.000000e+00,0.000000e+00,0.000000e+00,0.000000e+00,0.000000e+00,0.000000e+00,0.000000e+00,0.000000e+00,0.000000e+00,0.000000e+00,0.000000e+00,0.000000e+00,0.000000e+00
1.000000e+00,0.000000e+00,0.000000e+00,0.000000e+00,0.000000e+00,0.000000e+00,0.000000e+00,0.000000e+00,0.000000e+00,0.000000e+00,0.000000e+00,0.000000e+00,0.000000e+00,0.000000e+00,0.000000e+00
1.000000e+00,0.000000e+00,0.000000e+00,0.000000e+00,0.000000e+00,0.000000e+00,0.000000e+00,0.000000e+00,0.000000e+00,0.000000e+00,0.000000e+00,0.000000e+00,0.000000e+00,0.000000e+00,0.000000e+00
1.000000e+00,0.000000e+00,0.000000e+00,0.000000e+00,0.000000e+00,0.000000e+00,0.000000e+00,0.000000e+00,0.000000e+00,0.000000e+00,0.000000e+00,0.000000e+00,0.000000e+00,0.000000e+00,0.000000e+00
1.000000e+00,0.000000e+00,0.000000e+00,0.000000e+00,0.000000e+00,0.000000e+00,0.000000e+00,0.000000e+00,0.000000e+00,0.000000e+00,0.000000e+00,0.000000e+00,0.000000e+00,0.000000e+00,0.000000e+00
1.000000e+00,0.000000e+00,0.000000e+00,0.000000e+00,0.000000e+00,0.000000e+00,0.000000e+00,0.000000e+00,0.000000e+00,0.000000e+00,0.000000e+00,0.000000e+00,0.000000e+00,0.000000e+00,0.000000e+00
1.000000e+00,0.000000e+00,0.000000e+00,0.000000e+00,0.000000e+00,0.000000e+00,0.000000e+00,0.000000e+00,0.000000e+00,0.000000e+00,0.000000e+00,0.000000e+00,0.000000e+00,0.000000e+00,0.000000e+00
1.000000e+00,0.000000e+00,0.000000e+00,0.000000e+00,0.000000e+00,0.000000e+00,0.000000e+00,0.000000e+00,0.000000e+00,0.000000e+00,0.000000e+00,0.000000e+00,0.000000e+00,0.000000e+00,0.000000e+00
1.000000e+00,0.000000e+00,0.000000e+00,0.000000e+00,0.000000e+00,0.000000e+00,0.000000e+00,0.000000e+00,0.000000e+00,0.000000e+00,0.000000e+00,0.000000e+00,0.000000e+00,0.000000e+00,0.000000e+00
1.000000e+00,0.000000e+00,0.000000e+00,0.000000e+00,0.000000e+00,0.000000e+00,0.000000e+00,0.000000e+00,0.000000e+00,0.000000e+00,0.000000e+00,0.000000e+00,0.000000e+00,0.000000e+00,0.000000e+00
1.000000e+00,0.000000e+00,0.000000e+00,0.000000e+00,0.000000e+00,0.000000e+00,0.000000e+00,0.000000e+00,0.000000e+00,0.000000e+00,0.000000e+00,0.000000e+00,0.000000e+00,0.000000e+00,0.000000e+00
1.000000e+00,0.000000e+00,0.000000e+00,0.000000e+00,0.000000e+00,0.000000e+00,0.000000e+00,0.000000e+00,0.000000e+00,0.000000e+00,0.000000e+00,0.000000e+00,0.000000e+00,0.000000e+00,0.000000e+00
1.000000e+00,0.000000e+00,0.000000e+00,0.000000e+00,0.000000e+00,0.000000e+00,0.000000e+00,0.000000e+00,0.000000e+00,0.000000e+00,0.000000e+00,0.000000e+00,0.000000e+00,0.000000e+00,0.000000e+00
1.000000e+00,0.000000e+00,0.000000e+00,0.000000e+00,0.000000e+00,0.000000e+00,0.000000e+00,0.000000e+00,0.000000e+00,0.000000e+00,0.000000e+00,0.000000e+00,0.000000e+00,0.000000e+00,0.000000e+00
1.000000e+00,0.000000e+00,0.000000e+00,0.000000e+00,0.000000e+00,0.000000e+00,0.000000e+00,0.000000e+00,0.000000e+00,0.000000e+00,0.000000e+00,0.000000e+00,0.000000e+00,0.000000e+00,0.000000e+00
1.000000e+00,0.000000e+00,0.000000e+00,0.000000e+00,0.000000e+00,0.000000e+00,0.000000e+00,0.000000e+00,0.000000e+00,0.000000e+00,0.000000e+00,0.000000e+00,0.000000e+00,0.000000e+00,0.000000e+00
1.000000e+00,0.000000e+00,0.000000e+00,0.000000e+00,0.000000e+00,0.000000e+00,0.000000e+00,0.000000e+00,0.000000e+00,0.000000e+00,0.000000e+00,0.000000e+00,0.000000e+00,0.000000e+00,0.000000e+00
1.000000e+00,0.000000e+00,0.000000e+00,0.000000e+00,0.000000e+00,0.000000e+00,0.000000e+00,0.000000e+00,0.000000e+00,0.000000e+00,0.000000e+00,0.000000e+00,0.000000e+00,0.000000e+00,0.000000e+00
1.000000e+00,0.000000e+00,0.000000e+00,0.000000e+00,0.000000e+00,0.000000e+00,0.000000e+00,0.000000e+00,0.000000e+00,0.000000e+00,0.000000e+00,0.000000e+00,0.000000e+00,0.000000e+00,0.000000e+00
1.000000e+00,0.000000e+00,0.000000e+00,0.000000e+00,0.000000e+00,0.000000e+00,0.000000e+00,0.000000e+00,0.000000e+00,0.000000e+00,0.000000e+00,0.000000e+00,0.000000e+00,0.000000e+00,0.000000e+00
1.000000e+00,0.000000e+00,0.000000e+00,0.000000e+00,0.000000e+00,0.000000e+00,0.000000e+00,0.000000e+00,0.000000e+00,0.000000e+00,0.000000e+00,0.000000e+00,0.000000e+00,0.000000e+00,0.000000e+00
1.000000e+00,0.000000e+00,0.000000e+00,0.000000e+00,0.000000e+00,0.000000e+00,0.000000e+00,0.000000e+00,0.000000e+00,0.000000e+00,0.000000e+00,0.000000e+00,0.000000e+00,0.000000e+00,0.000000e+00
1.000000e+00,0.000000e+00,0.000000e+00,0.000000e+00,0.000000e+00,0.000000e+00,0.000000e+00,0.000000e+00,0.000000e+00,0.000000e+00,0.000000e+00,0.000000e+00,0.000000e+00,0.000000e+00,0.000000e+00
1.000000e+00,0.000000e+00,0.000000e+00,0.000000e+00,0.000000e+00,0.000000e+00,0.000000e+00,0.000000e+00,0.000000e+00,0.000000e+00,0.000000e+00,0.000000e+00,0.000000e+00,0.000000e+00,0.000000e+00
1.000000e+00,0.000000e+00,0.000000e+00,0.000000e+00,0.000000e+00,0.000000e+00,0.000000e+00,0.000000e+00,0.000000e+00,0.000000e+00,0.000000e+00,0.000000e+00,0.000000e+00,0.000000e+00,0.000000e+00
1.000000e+00,0.000000e+00,0.000000e+00,0.000000e+00,0.000000e+00,0.000000e+00,0.000000e+00,0.000000e+00,0.000000e+00,0.000000e+00,0.000000e+00,0.000000e+00,0.000000e+00,0.000000e+00,0.000000e+00
1.000000e+00,0.000000e+00,0.000000e+00,0.000000e+00,0.000000e+00,0.000000e+00,0.000000e+00,0.000000e+00,0.000000e+00,0.000000e+00,0.000000e+00,0.000000e+00,0.000000e+00,0.000000e+00,0.000000e+00
1.000000e+00,0.000000e+00,0.000000e+00,0.000000e+00,0.000000e+00,0.000000e+00,0.000000e+00,0.000000e+00,0.000000e+00,0.000000e+00,0.000000e+00,0.000000e+00,0.000000e+00,0.000000e+00,0.000000e+00
1.000000e+00,0.000000e+00,0.000000e+00,0.000000e+00,0.000000e+00,0.000000e+00,0.000000e+00,0.000000e+00,0.000000e+00,0.000000e+00,0.000000e+00,0.000000e+00,0.000000e+00,0.000000e+00,0.000000e+00
1.000000e+00,0.000000e+00,0.000000e+00,0.000000e+00,0.000000e+00,0.000000e+00,0.000000e+00,0.000000e+00,0.000000e+00,0.000000e+00,0.000000e+00,0.000000e+00,0.000000e+00,0.000000e+00,0.000000e+00
3.721071e-01,7.230300e-03,5.593645e-02,3.668021e-02,4.800277e-03,6.784518e-03,3.239915e-03,4.800250e-01,3.156836e-03,8.166602e-04,6.102100e-03,8.258300e-03,5.270150e-03,1.792249e-03,7.799995e-03
2.609581e-01,5.099012e-03,4.209181e-02,2.693261e-02,3.816845e-03,5.029202e-03,3.951990e-03,6.285633e-01,2.232058e-03,5.736570e-04,4.311806e-03,5.793772e-03,3.882580e-03,1.272216e-03,5.491105e-03
1.828495e-01,3.617167e-03,3.032034e-02,1.921681e-02,2.876343e-03,3.741370e-03,3.965985e-03,7.367529e-01,1.570610e-03,4.031157e-04,3.038741e-03,4.061632e-03,2.813806e-03,9.008736e-04,3.870912e-03
1.280587e-01,2.578497e-03,2.183509e-02,1.367366e-02,2.373820e-03,2.946217e-03,5.714686e-03,8.103008e-01,1.112143e-03,3.040059e-04,2.172407e-03,2.851330e-03,2.625734e-03,6.656951e-04,2.787332e-03
9.009357e-02,1.891320e-03,1.590779e-02,9.820247e-03,4.511876e-03,3.927172e-03,1.564402e-02,8.464177e-01,8.355379e-04,2.613593e-04,1.881208e-03,2.035540e-03,4.137939e-03,5.081935e-04,2.126595e-03
6.338714e-02,1.450258e-03,1.147960e-02,7.096574e-03,7.397769e-03,5.234133e-03,3.047749e-02,8.516564e-01,6.570392e-04,6.167270e-04,2.322163e-03,1.550422e-03,1.348165e-02,5.504012e-04,2.642236e-03
4.544831e-02,1.600065e-03,8.318094e-03,5.115628e-03,6.988520e-03,8.496973e-03,3.712528e-02,6.843432e-01,1.367007e-03,7.305374e-03,1.120516e-02,2.269629e-03,1.469517e-01,1.200556e-03,3.226464e-02
3.217857e-02,1.445858e-03,6.240846e-03,3.843062e-03,6.659501e-03,8.147700e-03,3.411186e-02,5.106127e-01,1.474378e-03,1.246546e-02,1.023324e-02,2.303582e-03,2.626024e-01,1.356398e-03,1.063244e-01
2.263713e-02,1.179440e-03,4.639351e-03,2.841300e-03,5.017370e-03,6.658196e-03,2.457646e-02,3.582827e-01,1.346174e-03,1.230207e-02,8.972241e-03,2.175442e-03,2.994757e-01,1.676735e-03,2.482198e-01
1.674299e-02,2.193899e-03,5.038148e-03,3.183453e-03,4.717550e-03,8.118533e-03,1.870883e-02,2.515778e-01,1.826504e-02,1.549478e-02,9.641167e-03,2.335900e-03,2.586299e-01,1.363869e-02,3.717133e-01
1.210742e-02,2.992769e-03,5.146008e-03,3.034979e-03,3.768622e-03,8.184013e-03,1.341708e-02,1.770810e-01,2.219974e-02,3.686668e-02,8.540779e-03,2.109447e-03,1.955087e-01,1.688576e-02,4.921571e-01
8.773034e-03,2.644219e-03,3.928739e-03,2.877812e-03,4.901027e-03,7.757034e-03,9.572167e-03,1.240690e-01,4.212224e-02,4.337651e-02,1.216903e-02,5.072073e-03,1.417146e-01,3.272694e-02,5.582956e-01
6.432288e-03,2.207993e-03,2.924079e-03,3.839764e-03,3.747009e-03,1.227512e-02,6.972197e-03,8.691669e-02,5.083921e-02,3.197077e-02,1.095217e-02,4.262530e-03,1.037371e-01,2.770123e-02,6.452218e-01
4.603840e-03,2.074481e-03,2.118048e-03,3.224925e-03,3.166750e-03,1.216070e-02,5.056450e-03,6.087064e-02,1.058817e-01,2.267207e-02,2.099621e-02,4.379865e-03,8.980274e-02,2.159641e-02,6.413952e-01
3.298958e-03,3.514429e-03,1.559932e-03,2.385632e-03,2.843388e-03,8.933109e-03,3.550093e-03,4.261449e-02,1.407259e-01,1.608523e-02,1.837936e-02,3.244469e-03,6.666730e-02,2.383786e-02,6.623599e-01
2.504621e-03,5.525708e-03,1.281487e-03,2.138912e-03,2.175068e-03,7.218534e-03,2.494905e-03,2.984002e-02,1.851192e-01,1.158064e-02,1.448912e-02,2.404273e-03,4.787013e-02,1.856630e-02,6.667911e-01
2.211877e-03,1.485426e-02,1.409300e-03,1.647716e-03,1.984029e-03,7.479118e-03,1.757650e-03,2.090085e-02,1.902209e-01,8.641373e-03,1.332570e-02,1.788831e-03,3.475401e-02,1.979670e-02,6.792277e-01
1.955203e-03,1.438559e-02,1.174667e-03,1.242594e-03,1.548633e-03,8.419437e-03,1.239275e-03,1.463567e-02,2.273066e-01,6.315817e-03,1.370532e-02,1.428197e-03,2.559082e-02,2.898432e-02,6.520679e-01
2.464188e-03,1.228980e-02,1.815979e-03,1.007488e-03,1.998035e-03,6.456031e-03,8.939338e-04,1.029097e-02,3.197461e-01,4.613457e-03,1.350172e-02,1.128402e-03,1.910412e-02,3.159874e-02,5.730910e-01
3.723621e-03,1.021303e-02,2.717283e-03,1.114332e-03,2.177675e-03,5.084754e-03,6.572456e-04,7.281645e-03,4.558114e-01,3.460620e-03,1.227683e-02,8.610772e-04,1.419251e-02,2.738667e-02,4.530413e-01
1.126460e-02,8.454270e-03,2.373494e-03,8.738898e-04,4.066642e-03,3.954021e-03,5.431488e-04,5.223129e-03,5.190737e-01,2.853621e-03,1.331164e-02,7.479835e-04,1.242858e-02,4.452438e-02,3.703069e-01
1.278208e-02,6.228227e-03,1.986528e-03,7.621892e-04,3.896545e-03,4.339715e-03,4.246341e-04,3.785023e-03,6.320333e-01,3.025171e-03,1.212499e-02,6.830536e-04,9.659376e-03,3.872500e-02,2.695442e-01
1.560679e-02,4.562724e-03,1.606610e-03,7.503403e-04,3.925740e-03,3.782379e-03,3.236620e-04,2.819880e-03,7.141913e-01,3.326808e-03,1.366196e-02,6.987644e-04,8.509997e-03,3.304474e-02,1.931884e-01
1.665947e-02,3.424521e-03,1.723402e-03,1.946164e-03,4.598275e-03,3.637435e-03,3.269065e-04,2.254023e-03,7.219244e-01,9.183225e-03,3.834929e-02,4.209200e-03,1.962634e-02,3.335458e-02,1.387828e-01
1.986726e-02,2.622286e-03,1.500115e-03,3.582051e-03,6.526210e-03,4.196656e-03,4.788275e-04,4.112972e-03,6.463118e-01,1.627944e-02,7.442797e-02,3.326583e-02,6.064776e-02,2.660573e-02,9.957506e-02
2.694449e-02,2.964592e-03,1.032124e-02,2.475711e-02,1.227959e-01,3.946226e-03,9.378124e-04,9.645807e-03,5.020218e-01,1.309056e-02,1.048314e-01,3.286535e-02,5.236167e-02,2.039028e-02,7.212571e-02
5.207260e-02,4.081891e-03,1.710269e-02,2.360024e-02,1.879258e-01,1.224395e-02,1.749532e-03,9.099910e-03,4.472845e-01,1.095239e-02,9.966143e-02,2.439030e-02,4.201901e-02,1.538543e-02,5.243037e-02
8.596948e-02,4.046409e-03,1.960129e-02,1.917406e-02,2.012643e-01,2.109194e-02,1.726097e-03,1.111206e-02,4.339564e-01,1.065627e-02,8.338812e-02,1.852387e-02,3.218218e-02,1.508860e-02,4.221901e-02
1.024550e-01,1.002417e-02,2.747828e-02,4.610535e-02,1.682361e-01,2.403316e-02,1.557274e-03,1.633248e-02,4.381377e-01,1.096658e-02,6.582053e-02,1.355891e-02,2.383387e-02,1.519245e-02,3.626823e-02
1.096591e-01,1.518415e-02,2.728877e-02,3.616218e-02,1.493067e-01,1.032982e-01,2.287385e-03,1.377997e-02,3.987271e-01,8.477626e-03,4.935078e-02,1.041221e-02,1.897659e-02,2.132371e-02,3.576561e-02
1.203880e-01,1.730831e-02,2.361223e-02,3.347630e-02,1.765843e-01,1.710544e-01,1.991988e-03,1.035737e-02,3.310490e-01,6.811443e-03,3.667969e-02,7.879072e-03,1.491507e-02,1.905245e-02,2.884035e-02
1.248664e-01,1.897534e-02,1.968629e-02,1.063513e-01,1.498387e-01,1.579478e-01,2.158687e-03,1.208958e-02,3.007783e-01,8.742623e-03,2.809671e-02,1.101200e-02,1.587331e-02,1.436343e-02,2.921948e-02
1.295095e-01,2.684844e-02,1.616230e-02,1.354063e-01,1.122386e-01,1.628690e-01,1.985444e-03,1.041071e-02,2.760912e-01,7.780809e-03,2.557488e-02,1.366912e-02,3.888867e-02,1.056088e-02,3.200411e-02
9.346900e-02,4.581959e-02,1.782392e-02,2.769836e-01,8.022470e-02,1.158350e-01,1.436947e-03,7.557691e-03,2.236506e-01,1.688515e-02,2.737882e-02,1.104481e-02,3.030052e-02,7.519702e-03,4.407002e-02
8.898287e-02,3.788154e-02,1.382874e-02,2.271668e-01,5.875472e-02,8.428504e-02,1.190880e-03,5.897222e-03,1.633879e-01,1.249258e-02,2.102715e-02,9.160273e-03,2.382978e-01,5.442449e-03,3.220407e-02
1.186811e-01,2.959563e-02,1.056612e-02,1.724216e-01,4.331619e-02,6.294765e-02,1.226815e-03,4.697855e-03,1.184154e-01,9.170216e-03,1.569514e-02,7.466951e-03,3.776993e-01,3.972583e-03,2.412753e-02
1.077275e-01,2.101217e-02,7.707157e-03,1.225472e-01,3.090726e-02,4.491241e-02,1.004421e-03,3.631104e-03,8.352640e-02,6.569882e-03,1.173030e-02,6.310011e-03,5.307184e-01,2.821541e-03,1.887430e-02
1.122830e-01,1.494891e-02,5.497145e-03,8.630095e-02,2.188881e-02,3.256410e-02,8.769141e-04,2.904683e-03,5.899178e-02,4.686425e-03,8.908884e-03,7.238172e-03,6.254436e-01,2.086010e-03,1.538071e-02
8.709209e-02,1.084518e-02,3.899244e-03,6.097122e-02,1.566722e-02,2.450197e-02,8.398989e-04,2.239564e-03,4.486728e-02,3.451767e-03,9.340012e-03,1.075989e-02,7.113563e-01,2.017022e-03,1.215146e-02
6.413657e-02,7.663648e-03,2.991255e-03,4.280430e-02,1.171933e-02,2.125915e-02,1.197054e-03,2.014983e-03,3.183672e-02,2.529642e-03,8.254522e-03,9.123380e-03,7.834488e-01,2.260321e-03,8.760446e-03
4.556268e-02,5.450616e-03,2.111123e-03,3.004238e-02,1.177655e-02,1.571971e-02,9.066133e-04,1.499119e-03,2.291624e-02,1.862107e-03,8.347202e-03,9.505579e-03,8.352246e-01,2.520455e-03,6.555029e-03
3.500827e-02,4.653986e-03,2.044826e-03,2.199380e-02,1.701441e-02,1.912135e-02,9.235918e-04,2.551876e-03,3.017046e-02,1.965214e-03,1.472727e-02,1.686078e-02,8.242012e-01,3.048799e-03,5.714121e-03
2.822105e-02,3.883339e-03,1.681222e-03,1.643240e-02,1.396178e-02,3.274467e-02,8.887971e-04,2.600405e-03,2.657538e-02,2.215151e-03,2.977642e-02,5.865181e-02,7.751089e-01,2.702115e-03,4.556484e-03
2.265137e-02,3.176663e-03,1.539492e-03,1.261734e-02,1.295998e-02,2.782918e-02,7.517649e-04,3.062353e-03,2.475972e-02,2.424088e-03,6.814801e-02,1.280391e-01,6.862902e-01,2.178808e-03,3.571850e-03
1.693918e-02,3.867998e-03,1.610377e-03,1.115592e-02,9.798840e-03,2.319882e-02,5.458861e-04,2.772058e-03,3.776920e-02,2.574401e-03,8.155014e-02,2.310529e-01,5.716379e-01,1.958669e-03,3.567682e-03
1.546409e-02,6.016846e-03,1.808641e-03,9.540053e-03,7.733186e-03,2.790088e-02,5.209120e-04,2.646066e-03,4.513573e-02,3.214964e-03,8.518519e-02,3.145141e-01,4.704560e-01,4.609341e-03,5.254005e-03
1.312736e-02,7.605971e-03,1.832198e-03,8.177029e-03,6.063526e-03,2.440536e-02,4.407077e-04,2.181837e-03,6.713426e-02,4.384273e-03,7.264608e-02,4.023326e-01,3.819004e-01,3.632433e-03,4.135932e-03
1.021843e-02,9.636169e-03,1.610618e-03,6.292756e-03,4.787290e-03,1.804040e-02,3.351654e-04,1.877099e-03,1.379848e-01,4.685882e-03,6.105752e-02,4.393186e-01,2.983695e-01,2.651464e-03,3.134395e-03
7.387238e-03,7.893009e-03,1.357003e-03,4.617882e-03,7.090348e-03,1.304623e-02,5.044111e-04,1.716857e-03,2.964636e-01,4.184242e-03,4.909760e-02,3.800021e-01,2.224144e-01,1.926219e-03,2.298932e-03
5.439599e-03,9.497290e-03,1.573804e-03,3.733068e-03,6.466326e-03,1.021975e-02,4.105593e-04,3.135759e-03,3.879583e-01,6.867976e-03,4.164761e-02,3.515099e-01,1.679561e-01,1.760917e-03,1.823046e-03
3.908840e-03,9.582194e-03,1.300783e-03,2.776240e-03,5.346672e-03,7.736604e-03,3.381906e-04,3.749082e-03,5.096861e-01,5.826637e-03,3.395417e-02,2.868764e-01,1.261595e-01,1.396451e-03,1.362074e-03
3.112706e-03,1.244792e-02,1.093655e-03,2.107147e-03,4.761780e-03,6.858949e-03,3.129676e-04,4.998709e-03,5.613837e-01,1.035241e-02,2.681716e-02,2.708561e-01,9.243146e-02,1.249925e-03,1.215332e-03
3.310936e-03,2.206884e-02,1.462059e-03,2.811996e-03,7.531279e-03,6.707337e-03,3.467353e-04,1.163820e-02,6.235551e-01,1.316953e-02,2.145794e-02,2.141725e-01,6.973034e-02,1.011943e-03,1.025229e-03
6.969656e-03,2.676385e-02,1.611958e-02,7.095894e-02,1.721699e-02,7.322327e-03,3.726422e-04,1.604420e-02,5.941830e-01,1.823347e-02,1.843694e-02,1.526635e-01,5.124177e-02,1.198944e-03,2.274241e-03
1.146537e-02,3.199678e-02,5.629385e-02,7.833245e-02,4.177740e-02,6.144852e-03,5.496978e-04,2.819612e-02,5.597863e-01,1.926428e-02,1.530150e-02,1.082169e-01,3.843529e-02,1.718308e-03,2.520917e-03
2.250567e-02,4.165589e-02,6.545885e-02,7.756321e-02,8.090285e-02,8.432462e-03,1.233150e-03,7.632622e-02,4.796336e-01,2.115508e-02,1.281925e-02,7.855393e-02,2.821255e-02,2.388633e-03,3.158648e-03
3.256126e-02,5.354452e-02,8.946209e-02,7.288424e-02,7.943592e-02,1.019466e-02,1.555760e-03,1.259476e-01,4.031940e-01,2.966454e-02,1.267579e-02,5.808642e-02,2.326860e-02,4.180438e-03,3.344054e-03
2.953801e-02,4.706405e-02,6.862938e-02,7.161760e-02,9.526199e-02,8.874869e-03,1.661101e-03,2.525775e-01,3.277214e-01,2.120305e-02,1.068188e-02,4.161245e-02,1.742192e-02,3.565143e-03,2.569647e-03
7.907917e-02,4.278132e-02,5.209761e-02,6.016761e-02,1.844492e-01,1.429414e-02,3.901089e-03,2.365861e-01,2.495157e-01,1.574127e-02,9.132965e-03,3.076834e-02,1.421256e-02,4.378316e-03,2.894617e-03
8.379067e-02,3.996273e-02,4.165900e-02,5.062699e-02,2.094660e-01,2.431048e-02,4.355746e-03,2.732912e-01,1.927729e-01,1.230412e-02,1.117739e-02,2.953051e-02,1.575953e-02,7.005819e-03,3.986854e-03
9.712413e-02,3.559150e-02,3.316309e-02,4.424494e-02,2.157053e-01,4.346614e-02,4.763862e-03,2.904095e-01,1.459963e-01,1.285991e-02,1.367533e-02,3.326093e-02,1.622521e-02,7.794406e-03,5.719447e-03
1.355681e-01,3.293050e-02,2.957378e-02,3.859230e-02,1.838034e-01,4.792909e-02,4.502126e-03,2.906728e-01,1.124547e-01,1.129524e-02,2.175760e-02,5.108681e-02,1.872827e-02,9.948078e-03,1.115716e-02
1.526666e-01,2.729243e-02,2.759558e-02,3.964600e-02,1.676144e-01,4.387105e-02,3.783994e-03,3.516186e-01,8.329978e-02,8.710412e-03,1.881899e-02,3.977857e-02,1.496193e-02,9.010342e-03,1.133142e-02
2.340714e-01,2.289033e-02,2.219415e-02,3.414392e-02,1.243416e-01,3.205611e-02,3.439883e-03,3.708125e-01,6.320143e-02,6.788661e-03,1.817035e-02,3.251328e-02,1.327883e-02,8.818614e-03,1.327901e-02
2.880550e-01,1.783920e-02,1.726226e-02,3.133336e-02,9.929000e-02,2.431671e-02,3.003891e-03,4.013281e-01,4.809477e-02,4.950940e-03,1.375281e-02,2.364251e-02,1.000696e-02,6.783060e-03,1.034046e-02
3.138171e-01,1.405343e-02,1.344563e-02,2.886545e-02,7.867320e-02,1.952401e-02,2.624183e-03,4.383160e-01,3.740360e-02,3.631899e-03,1.096269e-02,1.734283e-02,7.668997e-03,5.307479e-03,8.363463e-03
3.790221e-01,1.361935e-02,1.178487e-02,5.016010e-02,6.608108e-02,1.630370e-02,2.296044e-03,3.427308e-01,2.968372e-02,2.896679e-03,1.990111e-02,4.389290e-02,8.547358e-03,5.337113e-03,7.743138e-03
3.210115e-01,1.218322e-02,9.016793e-03,1.227674e-01,4.926646e-02,1.230144e-02,1.724413e-03,2.592097e-01,3.065508e-02,2.560690e-03,8.248386e-02,6.309758e-02,2.262896e-02,4.477607e-03,6.615276e-03
2.686792e-01,9.655297e-03,7.114839e-03,1.251380e-01,3.590175e-02,9.442784e-03,1.523897e-03,1.984819e-01,5.128110e-02,2.319187e-03,1.083935e-01,1.411602e-01,2.654129e-02,9.253559e-03,5.113302e-03
2.177875e-01,7.063434e-03,5.261862e-03,1.078760e-01,2.765000e-02,7.844535e-03,1.179775e-03,1.416010e-01,4.471103e-02,1.974692e-03,1.099814e-01,2.918650e-01,2.362560e-02,7.761698e-03,3.816473e-03
1.769060e-01,5.074630e-03,3.945664e-03,8.790444e-02,2.744072e-02,7.519056e-03,9.635183e-04,1.011248e-01,3.610962e-02,1.736814e-03,1.154078e-01,4.058727e-01,1.986361e-02,7.238819e-03,2.891751e-03
1.329185e-01,3.682927e-03,3.006145e-03,6.700020e-02,2.663228e-02,7.833200e-03,7.766351e-04,7.134950e-02,2.853453e-02,1.867883e-03,1.004543e-01,5.324842e-01,1.545065e-02,5.612932e-03,2.396165e-03
9.366235e-02,2.694241e-03,2.194821e-03,4.803901e-02,2.228475e-02,6.529690e-03,5.751441e-04,5.027425e-02,2.086431e-02,2.381464e-03,1.142070e-01,6.169047e-01,1.273190e-02,4.913870e-03,1.742462e-03
6.819952e-02,1.981264e-03,1.612455e-03,3.457768e-02,2.313185e-02,7.934310e-03,4.352194e-04,3.574482e-02,1.560066e-02,2.709214e-03,9.891054e-02,6.916019e-01,1.193598e-02,4.272355e-03,1.352185e-03
4.811845e-02,1.420198e-03,1.168803e-03,2.446947e-02,2.196499e-02,7.279327e-03,3.632054e-04,2.519129e-02,1.226977e-02,2.165730e-03,8.579798e-02,7.545608e-01,1.086962e-02,3.356378e-03,1.003960e-03
3.395000e-02,1.054646e-03,8.734359e-04,1.723695e-02,1.906638e-02,8.845490e-03,3.713931e-04,1.770905e-02,8.921770e-03,1.704409e-03,9.835232e-02,7.798269e-01,8.776905e-03,2.549338e-03,7.611165e-04
2.504308e-02,1.386202e-03,7.710691e-04,1.213541e-02,4.769284e-02,9.626090e-03,2.824355e-04,1.245381e-02,6.745012e-03,1.506345e-03,8.330844e-02,7.890748e-01,6.946675e-03,2.383818e-03,6.439853e-04
1.877320e-02,3.975181e-03,2.130536e-03,8.728996e-03,1.185114e-01,8.375310e-03,3.393867e-04,8.911609e-03,1.201119e-02,2.133752e-03,6.758542e-02,7.398784e-01,5.515965e-03,2.206783e-03,9.229983e-04
1.693165e-02,3.648667e-03,8.573879e-03,6.532242e-03,1.076286e-01,1.977296e-02,1.159021e-03,2.599926e-02,1.637784e-02,2.972653e-03,5.329497e-02,7.300338e-01,4.567108e-03,1.754929e-03,7.524721e-04
1.386902e-02,6.096710e-03,9.097957e-03,4.861365e-03,9.612691e-02,2.010078e-02,2.071838e-03,2.764164e-02,2.312293e-01,3.893121e-03,4.005856e-02,5.378127e-01,3.946041e-03,2.425049e-03,7.689478e-04
1.098161e-02,5.023085e-03,9.950897e-03,4.263986e-03,7.188601e-02,2.316069e-02,1.826457e-03,1.475012e-01,2.488185e-01,3.607368e-03,4.644659e-02,4.157721e-01,7.804577e-03,2.218684e-03,7.381772e-04
8.539809e-03,4.797603e-03,8.506817e-03,3.667637e-03,5.449030e-02,1.693438e-02,1.364789e-03,1.397234e-01,3.636411e-01,2.789745e-03,4.587599e-02,3.307589e-01,1.606188e-02,2.197196e-03,6.504580e-04
8.719054e-03,4.817976e-03,7.468882e-03,3.683958e-03,4.261156e-02,1.326335e-02,1.088699e-03,1.681286e-01,4.319892e-01,2.319641e-03,5.045870e-02,2.437765e-01,1.915830e-02,1.864577e-03,6.509757e-04
8.880236e-03,7.962174e-03,6.130803e-03,7.808217e-03,4.063570e-02,1.793690e-02,8.654660e-04,1.219330e-01,5.526488e-01,4.323844e-03,3.783154e-02,1.736467e-01,1.479535e-02,1.373103e-03,3.228182e-03
6.945767e-03,1.021893e-02,1.193137e-02,9.221507e-02,3.153029e-02,1.432519e-02,6.183229e-04,8.671560e-02,5.589852e-01,5.577365e-03,3.163208e-02,1.233979e-01,1.609755e-02,1.007009e-03,8.802316e-03
6.799221e-03,1.042401e-02,1.014445e-02,8.971544e-02,3.184437e-02,2.211846e-02,5.351677e-04,6.328573e-02,5.346224e-01,6.211957e-03,7.106585e-02,9.896208e-02,4.213284e-02,9.271670e-04,1.121091e-02
6.928312e-03,7.722712e-03,7.479864e-03,7.925197e-02,7.010578e-02,2.213413e-02,5.956914e-04,5.337382e-02,5.099722e-01,8.470857e-03,9.995272e-02,7.455269e-02,4.955098e-02,8.168406e-04,9.091480e-03
8.010354e-03,6.481197e-03,5.793455e-03,1.301963e-01,7.084996e-02,3.258970e-02,5.059694e-04,3.948443e-02,3.881485e-01,6.428075e-03,1.028483e-01,5.430715e-02,1.447654e-01,8.025951e-04,8.788759e-03
6.079947e-03,7.951140e-03,4.263857e-03,2.092687e-01,5.055568e-02,2.878650e-02,3.761618e-04,2.817613e-02,3.944423e-01,5.667575e-03,9.285416e-02,3.969328e-02,1.219003e-01,8.581732e-04,9.126139e-03
4.692556e-03,6.391669e-03,3.147407e-03,1.724998e-01,3.556956e-02,2.565170e-02,4.036669e-04,1.985850e-02,2.839672e-01,4.215901e-03,6.968821e-02,3.587652e-02,3.292467e-01,9.712668e-04,7.819457e-03
3.806864e-03,5.891458e-03,2.284947e-03,1.388633e-01,2.531685e-02,2.799386e-02,4.310865e-04,1.410445e-02,2.045344e-01,3.289604e-03,5.556183e-02,3.675783e-02,4.734188e-01,8.795313e-04,6.865163e-03
5.242628e-03,8.928632e-03,1.809777e-03,1.048447e-01,1.790008e-02,3.219552e-02,4.011502e-04,1.017818e-02,1.649368e-01,2.727355e-03,4.502738e-02,1.176476e-01,4.803173e-01,1.675987e-03,6.167040e-03
5.380071e-03,8.428052e-03,1.321715e-03,7.392237e-02,1.286109e-02,3.784134e-02,3.385974e-04,7.648243e-03,1.347513e-01,2.078275e-03,3.749576e-02,1.164563e-01,5.532776e-01,2.977828e-03,5.221496e-03
6.688632e-03,9.054191e-03,1.511163e-03,5.271418e-02,2.252006e-02,4.512744e-02,6.210600e-04,5.854141e-03,1.421284e-01,1.671266e-03,3.410808e-02,9.061325e-02,5.783790e-01,3.200792e-03,5.808407e-03
7.605009e-03,2.189159e-02,5.314836e-03,3.728216e-02,1.911702e-02,4.582736e-02,8.432301e-04,5.531518e-03,1.680311e-01,1.678059e-03,2.616882e-02,7.119598e-02,5.784678e-01,2.985708e-03,8.059876e-03
7.190276e-03,4.112371e-02,5.505092e-03,2.636078e-02,1.472051e-02,7.737626e-02,9.342930e-04,6.318002e-03,2.608787e-01,1.742163e-03,1.937919e-02,5.350124e-02,4.728078e-01,2.492576e-03,9.669382e-03
7.019547e-03,1.469601e-01,7.100230e-03,3.702558e-02,1.156179e-02,1.146764e-01,6.935714e-04,5.275937e-03,2.460252e-01,3.327811e-03,1.763600e-02,4.093584e-02,3.454321e-01,2.055157e-03,1.427479e-02
1.151698e-02,1.362770e-01,6.019071e-03,2.827789e-02,1.045754e-02,1.336636e-01,1.066506e-03,7.932398e-03,2.638424e-01,4.107236e-03,2.139199e-02,4.310948e-02,3.141697e-01,2.828986e-03,1.533918e-02
1.984968e-02,1.276933e-01,5.639017e-03,2.082751e-02,2.230079e-02,1.263276e-01,2.444028e-03,8.830837e-03,3.237678e-01,6.265297e-03,2.051070e-02,3.415617e-02,2.625209e-01,3.009079e-03,1.585736e-02
2.575042e-02,1.122321e-01,9.116163e-03,1.595325e-02,2.949291e-02,1.162321e-01,3.842013e-03,2.740890e-02,3.503495e-01,5.924086e-03,1.714480e-02,2.511925e-02,2.456432e-01,2.724717e-03,1.306654e-02
3.534542e-02,9.858193e-02,8.597706e-03,1.280241e-02,2.626323e-02,1.497312e-01,4.217068e-03,3.295377e-02,3.392104e-01,6.217568e-03,1.492734e-02,1.942786e-02,2.366746e-01,2.834084e-03,1.221557e-02
5.316488e-02,8.126150e-02,7.233245e-03,1.238691e-02,2.471104e-02,1.635061e-01,3.278278e-03,2.864392e-02,3.153821e-01,1.241248e-02,1.307340e-02,1.466239e-02,2.446433e-01,3.680095e-03,2.196041e-02
7.005368e-02,7.359104e-02,1.014759e-02,1.822344e-02,2.404889e-02,1.751962e-01,3.531074e-03,4.773685e-02,3.050332e-01,1.391273e-02,1.480873e-02,1.288114e-02,2.061089e-01,4.704522e-03,2.002196e-02
8.782077e-02,7.442073e-02,1.760071e-02,2.063243e-02,3.004257e-02,1.443237e-01,4.355444e-03,8.338785e-02,3.012090e-01,2.950133e-02,1.419997e-02,1.209478e-02,1.562300e-01,5.646755e-03,1.853406e-02
8.642098e-02,6.655443e-02,1.467104e-02,1.847056e-02,3.731239e-02,1.406077e-01,4.401839e-03,1.205471e-01,3.130815e-01,3.627411e-02,1.154046e-02,9.453285e-03,1.189398e-01,5.886876e-03,1.583807e-02
9.568256e-02,5.402214e-02,1.406009e-02,1.996609e-02,5.818929e-02,1.053320e-01,5.666454e-03,2.031529e-01,2.726363e-01,4.164518e-02,1.093402e-02,1.164137e-02,8.740022e-02,5.802336e-03,1.386915e-02
7.449827e-02,3.834036e-02,1.221105e-02,2.595231e-02,6.750153e-02,7.557233e-02,4.497629e-03,3.841221e-01,1.939056e-01,2.948147e-02,9.274173e-03,8.677777e-03,6.189697e-02,4.231386e-03,9.837176e-03
5.615623e-02,2.693998e-02,8.744992e-03,2.074861e-02,5.428072e-02,5.331814e-02,3.327114e-03,5.516912e-01,1.378674e-01,2.070071e-02,6.740602e-03,6.143100e-03,4.346744e-02,2.976049e-03,6.897815e-03
4.087339e-02,1.886717e-02,6.148489e-03,1.475208e-02,4.006519e-02,3.738104e-02,2.366135e-03,6.820383e-01,9.656911e-02,1.450342e-02,4.774823e-03,4.307334e-03,3.043849e-02,2.085367e-03,4.829706e-03
2.992374e-02,1.322025e-02,4.354631e-03,1.037725e-02,2.855620e-02,2.622509e-02,1.673157e-03,7.752909e-01,6.761855e-02,1.016423e-02,3.398476e-03,3.026057e-03,2.132231e-02,1.464421e-03,3.384797e-03
2.472671e-02,9.323101e-03,3.118905e-03,7.392620e-03,2.178140e-02,1.844733e-02,1.214206e-03,8.363345e-01,4.751459e-02,7.125639e-03,2.490408e-03,2.151981e-03,1.496203e-02,1.036204e-03,2.380425e-03
2.382900e-02,6.682275e-03,2.343928e-03,5.397338e-03,1.781139e-02,1.325097e-02,9.037247e-04,8.745453e-01,3.344939e-02,4.995928e-03,1.988115e-03,1.689686e-03,1.061042e-02,7.894078e-04,1.713184e-03
2.080952e-02,4.730467e-03,1.696344e-03,3.894156e-03,1.400100e-02,9.308435e-03,6.480068e-04,9.060088e-01,2.349870e-02,3.498779e-03,1.469418e-03,1.205497e-03,7.454796e-03,5.711791e-04,1.204906e-03
1.872015e-02,3.388739e-03,1.358524e-03,2.846371e-03,1.146418e-02,6.622136e-03,5.073938e-04,9.274913e-01,1.656346e-02,2.450872e-03,1.116652e-03,8.638338e-04,5.249637e-03,4.968628e-04,8.599400e-04
2.216266e-02,2.550578e-03,1.359447e-03,2.269853e-03,9.693127e-03,5.214358e-03,5.640034e-04,9.358805e-01,1.184531e-02,1.733250e-03,9.578521e-04,7.587392e-04,3.819473e-03,5.026412e-04,6.881841e-04
2.275670e-02,1.950467e-03,1.262984e-03,1.858325e-03,8.144688e-03,3.862053e-03,6.739760e-04,9.446422e-01,8.526290e-03,1.225369e-03,7.394605e-04,6.531973e-04,2.728459e-03,4.351187e-04,5.406924e-04
2.495239e-02,1.424077e-03,1.195680e-03,1.658640e-03,6.373586e-03,2.783391e-03,7.868845e-04,9.502077e-01,6.063072e-03,8.618678e-04,5.510382e-04,5.026215e-04,1.931512e-03,3.132374e-04,3.943223e-04
3.396682e-02,1.034017e-03,1.179368e-03,1.559194e-03,5.570170e-03,2.298463e-03,1.267084e-03,9.454415e-01,4.316733e-03,6.128956e-04,4.208067e-04,3.964866e-04,1.411336e-03,2.284516e-04,2.966870e-04
3.739756e-02,7.460379e-04,1.019209e-03,1.385419e-03,4.643801e-03,2.454911e-03,1.705136e-03,9.447257e-01,3.064484e-03,4.351307e-04,3.543539e-04,3.564433e-04,1.291462e-03,1.781466e-04,2.422624e-04
4.376831e-02,5.646899e-04,9.803775e-04,1.203187e-03,4.124125e-03,3.443382e-03,1.906724e-03,9.392478e-01,2.245266e-03,3.134334e-04,3.365342e-04,3.905780e-04,1.044214e-03,1.468982e-04,2.844947e-04
5.428062e-02,4.481123e-04,1.577918e-03,1.109018e-03,3.205902e-03,3.538335e-03,1.708348e-03,9.298763e-01,1.667871e-03,2.545585e-04,3.361369e-04,5.131362e-04,9.161887e-04,1.442005e-04,4.234111e-04
7.431723e-02,7.954194e-04,2.234402e-03,1.672363e-03,3.616840e-03,1.080177e-02,1.485738e-03,8.760111e-01,1.701934e-03,7.313184e-04,3.162622e-03,7.868722e-03,1.247505e-02,7.298715e-04,2.395541e-03
9.888880e-02,1.478876e-03,3.353797e-03,3.346908e-03,4.929341e-03,2.677362e-02,1.457362e-03,7.366853e-01,5.018024e-03,3.785550e-03,1.245631e-02,2.029764e-02,6.065854e-02,3.753854e-03,1.711602e-02
1.271883e-01,3.682422e-03,3.694821e-03,5.674730e-03,5.847802e-03,2.730384e-02,1.588350e-03,6.119233e-01,1.660186e-02,6.798456e-03,1.876242e-02,3.384266e-02,9.977914e-02,6.664942e-03,3.064699e-02
1.887221e-01,4.699188e-03,4.471759e-03,6.242676e-03,7.221348e-03,3.088290e-02,2.552533e-03,4.926387e-01,1.920711e-02,9.785719e-03,1.830252e-02,3.512229e-02,1.418941e-01,6.499949e-03,3.175720e-02
2.625591e-01,5.189716e-03,5.165835e-03,6.656213e-03,1.391382e-02,2.570487e-02,2.749709e-03,4.331264e-01,2.034314e-02,8.372216e-03,1.844882e-02,3.264546e-02,1.291726e-01,5.766887e-03,3.018527e-02
2.709973e-01,6.591846e-03,4.882787e-03,5.680547e-03,1.365284e-02,2.536173e-02,2.321064e-03,3.099572e-01,2.463269e-02,6.112300e-03,1.560830e-02,3.036257e-02,2.444155e-01,5.019403e-03,3.440398e-02
3.109040e-01,1.003622e-02,4.524480e-03,7.832684e-03,1.607903e-02,2.389289e-02,2.052728e-03,2.245127e-01,3.530213e-02,4.475093e-03,1.203231e-02,2.436109e-02,2.838508e-01,4.981666e-03,3.516223e-02
2.789005e-01,6.278854e-02,6.032202e-03,7.236385e-03,1.495028e-02,3.356059e-02,1.924765e-03,1.601076e-01,1.199182e-01,3.548237e-03,9.274661e-03,1.974727e-02,2.325398e-01,4.769239e-03,4.470173e-02
2.110232e-01,9.779346e-02,9.330012e-03,3.958596e-02,1.319601e-02,3.241421e-02,1.525760e-03,1.125867e-01,2.265339e-01,3.742780e-03,9.664278e-03,1.694076e-02,1.690214e-01,3.684818e-03,5.295669e-02
1.724481e-01,1.360270e-01,7.910054e-03,3.147906e-02,1.334061e-02,6.128351e-02,1.422405e-03,8.085537e-02,2.953711e-01,3.008190e-03,8.280868e-03,1.248333e-02,1.244372e-01,2.993218e-03,4.865998e-02
1.457422e-01,1.686700e-01,7.025094e-03,2.441611e-02,3.521632e-02,6.985357e-02,1.903968e-03,5.991882e-02,3.342740e-01,2.469891e-03,6.728885e-03,9.192899e-03,8.921613e-02,2.540437e-03,4.283164e-02
1.340685e-01,2.465472e-01,7.573159e-03,2.687201e-02,3.398913e-02,5.917771e-02,2.078649e-03,4.908817e-02,3.022447e-01,2.802903e-03,6.415670e-03,6.927215e-03,6.548963e-02,2.348688e-03,5.437665e-02
1.288538e-01,2.890992e-01,1.028366e-02,3.729257e-02,2.521123e-02,5.139449e-02,1.579836e-03,3.618183e-02,2.679656e-01,5.598214e-03,6.272417e-03,5.705773e-03,4.805754e-02,1.897043e-03,8.460689e-02
1.666136e-01,2.440085e-01,8.836523e-03,4.154468e-02,2.150591e-02,8.581784e-02,1.366239e-03,3.536314e-02,2.475446e-01,5.892740e-03,7.491062e-03,4.918914e-03,3.596144e-02,2.258273e-03,9.087664e-02
2.029836e-01,2.186969e-01,9.412708e-03,4.645225e-02,1.943630e-02,8.811167e-02,1.314450e-03,3.850977e-02,2.427884e-01,5.981605e-03,7.431876e-03,4.334256e-03,2.717980e-02,2.127967e-03,8.523844e-02
2.305426e-01,1.596651e-01,1.116536e-02,6.240329e-02,1.882013e-02,1.558485e-01,1.528395e-03,5.688644e-02,1.938473e-01,5.943360e-03,7.321510e-03,4.517853e-03,2.020164e-02,1.979443e-03,6.932908e-02
1.951241e-01,1.368649e-01,8.367314e-03,4.635920e-02,2.011942e-02,2.053827e-01,1.407090e-03,7.221912e-02,2.334071e-01,4.296880e-03,6.173552e-03,3.686551e-03,1.512045e-02,1.726656e-03,4.974503e-02
1.652475e-01,1.177842e-01,6.804159e-03,3.771742e-02,2.966731e-02,2.020926e-01,1.611200e-03,9.844113e-02,2.791806e-01,3.512521e-03,4.909782e-03,2.884704e-03,1.121791e-02,1.703261e-03,3.722577e-02
1.430778e-01,1.044533e-01,5.253768e-03,3.071054e-02,3.365007e-02,2.502677e-01,1.685212e-03,7.864282e-02,3.061716e-01,2.593610e-03,3.849726e-03,2.359048e-03,8.369122e-03,1.578726e-03,2.733700e-02
1.523105e-01,9.975871e-02,4.706767e-03,4.322065e-02,3.602322e-02,2.281347e-01,1.787904e-03,8.821633e-02,3.023462e-01,2.632733e-03,3.797243e-03,2.831034e-03,7.119567e-03,1.280440e-03,2.583402e-02
1.766207e-01,9.425171e-02,5.980210e-03,8.107586e-02,3.016996e-02,2.076909e-01,1.464175e-03,8.316346e-02,2.636040e-01,2.916095e-03,6.385749e-03,5.505829e-03,5.974697e-03,1.354478e-03,3.384227e-02
1.863080e-01,1.078334e-01,1.043095e-02,9.068051e-02,2.916984e-02,1.740593e-01,1.407689e-03,1.088079e-01,2.403157e-01,2.564620e-03,6.223338e-03,5.912017e-03,5.905911e-03,1.358162e-03,2.902266e-02
