1.000000e+00,0.000000e+00,0.000000e+00,0.000000e+00,0.000000e+00,0.000000e+00,0.000000e+00,0.000000e+00,0.000000e+00,0.000000e+00,0.000000e+00,0.000000e+00,0.000000e+00,0.000000e+00,0.000000e+00
1.000000e+00,0.000000e+00,0.000000e+00,0.000000e+00,0.000000e+00,0.000000e+00,0.000000e+00,0.000000e+00,0.000000e+00,0.000000e+00,0.000000e+00,0.000000e+00,0.000000e+00,0.000000e+00,0.000000e+00
1.000000e+00,0.000000e+00,0.000000e+00,0.000000e+00,0.000000e+00,0.000000e+00,0.000000e+00,0.000000e+00,0.000000e+00,0.000000e+00,0.000000e+00,0.000000e+00,0.000000e+00,0.000000e+00,0.000000e+00
1.000000e+00,0.000000e+00,0.000000e+00,0.000000e+00,0.000000e+00,0.000000e+00,0.000000e+00,0.000000e+00,0.000000e+00,0.000000e+00,0.000000e+00,0.000000e+00,0.000000e+00,0.000000e+00,0.000000e+00
1.000000e+00,0.000000e+00,0.000000e+00,0.000000e+00,0.000000e+00,0.000000e+00,0.000000e+00,0.000000e+00,0.000000e+00,0.000000e+00,0.000000e+00,0.000000e+00,0.000000e+00,0.000000e+00,0.000000e+00
1.000000e+00,0.000000e+00,0.000000e+00,0.000000e+00,0.000000e+00,0.000000e+00,0.000000e+00,0.000000e+00,0.000000e+00,0.000000e+00,0.000000e+00,0.000000e+00,0.000000e+00,0.000000e+00,0.000000e+00
1.000000e+00,0.000000e+00,0.000000e+00,0.000000e+00,0.000000e+00,0.000000e+00,0.000000e+00,0.000000e+00,0.000000e+00,0.000000e+00,0.000000e+00,0.000000e+00,0.000000e+00,0.000000e+00,0.000000e+00
1.000000e+00,0.000000e+00,0.000000e+00,0.000000e+00,0.000000e+00,0.000000e+00,0.000000e+00,0.000000e+00,0.000000e+00,0.000000e+00,0.000000e+00,0.000000e+00,0.000000e+00,0.000000e+00,0.000000e+00
1.000000e+00,0.000000e+00,0.000000e+00,0.000000e+00,0.000000e+00,0.000000e+00,0.000000e+00,0.000000e+00,0.000000e+00,0.000000e+00,0.000000e+00,0.000000e+00,0.000000e+00,0.000000e+00,0.000000e+00
1.000000e+00,0.000000e+00,0.000000e+00,0.000000e+00,0.000000e+00,0.000000e+00,0.000000e+00,0.000000e+00,0.000000e+00,0.000000e+00,0.000000e+00,0.000000e+00,0.000000e+00,0.000000e+00,0.000000e+00
1.000000e+00,0.000000e+00,0.000000e+00,0.000000e+00,0.000000e+00,0.000000e+00,0.000000e+00,0.000000e+00,0.000000e+00,0.000000e+00,0.000000e+00,0.000000e+00,0.000000e+00,0.000000e+00,0.000000e+00
1.000000e+00,0.000000e+00,0.000000e+00,0.000000e+00,0.000000e+00,0.000000e+00,0.000000e+00,0.000000e+00,0.000000e+00,0.000000e+00,0.000000e+00,0.000000e+00,0.000000e+00,0.000000e+00,0.000000e+00
1.000000e+00,0.000000e+00,0.000000e+00,0.000000e+00,0.000000e+00,0.000000e+00,0.000000e+00,0.000000e+00,0.000000e+00,0.000000e+00,0.000000e+00,0.000000e+00,0.000000e+00,0.000000e+00,0.000000e+00
1.000000e+00,0.000000e+00,0.000000e+00,0.000000e+00,0.000000e+00,0.000000e+00,0.000000e+00,0.000000e+00,0.000000e+00,0.000000e+00,0.000000e+00,0.000000e+00,0.000000e+00,0.000000e+00,0.000000e+00
1.000000e+00,0.000000e+00,0.000000e+00,0.000000e+00,0.000000e+00,0.000000e+00,0.000000e+00,0.000000e+00,0.000000e+00,0.000000e+00,0.000000e+00,0.000000e+00,0.000000e+00,0.000000e+00,0.000000e+00
1.000000e+00,0.000000e+00,0.000000e+00,0.000000e+00,0.000000e+00,0.000000e+00,0.000000e+00,0.000000e+00,0.000000e+00,0.000000e+00,0.000000e+00,0.000000e+00,0.000000e+00,0.000000e+00,0.000000e+00
1.000000e+00,0.000000e+00,0.000000e+00,0.000000e+00,0.000000e+00,0.000000e+00,0.000000e+00,0.000000e+00,0.000000e+00,0.000000e+00,0.000000e+00,0.000000e+00,0.000000e+00,0.000000e+00,0.000000e+00
1.000000e+00,0.000000e+00,0.000000e+00,0.000000e+00,0.000000e+00,0.000000e+00,0.000000e+00,0.000000e+00,0.000000e+00,0.000000e+00,0.000000e+00,0.000000e+00,0.000000e+00,0.000000e+00,0.000000e+00
1.000000e+00,0.000000e+00,0.000000e+00,0.000000e+00,0.000000e+00,0.000000e+00,0.000000e+00,0.000000e+00,0.000000e+00,0.000000e+00,0.000000e+00,0.000000e+00,0.000000e+00,0.000000e+00,0.000000e+00
1.000000e+00,0.000000e+00,0.000000e+00,0.000000e+00,0.000000e+00,0.000000e+00,0.000000e+00,0.000000e+00,0.000000e+00,0.000000e+00,0.000000e+00,0.000000e+00,0.000000e+00,0.000000e+00,0.000000e+00
1.000000e+00,0.000000e+00,0.000000e+00,0.000000e+00,0.000000e+00,0.000000e+00,0.000000e+00,0.000000e+00,0.000000e+00,0.000000e+00,0.000000e+00,0.000000e+00,0.000000e+00,0.000000e+00,0.000000e+00
1.000000e+00,0.000000e+00,0.000000e+00,0.000000e+00,0.000000e+00,0.000000e+00,0.000000e+00,0.000000e+00,0.000000e+00,0.000000e+00,0.000000e+00,0.000000e+00,0.000000e+00,0.000000e+00,0.000000e+00
1.000000e+00,0.000000e+00,0.000000e+00,0.000000e+00,0.000000e+00,0.000000e+00,0.000000e+00,0.000000e+00,0.000000e+00,0.000000e+00,0.000000e+00,0.000000e+00,0.000000e+00,0.000000e+00,0.000000e+00
1.000000e+00,0.000000e+00,0.000000e+00,0.000000e+00,0.000000e+00,0.000000e+00,0.000000e+00,0.000000e+00,0.000000e+00,0.000000e+00,0.000000e+00,0.000000e+00,0.000000e+00,0.000000e+00,0.000000e+00
1.000000e+00,0.000000e+00,0.000000e+00,0.000000e+00,0.000000e+00,0.000000e+00,0.000000e+00,0.000000e+00,0.000000e+00,0.000000e+00,0.000000e+00,0.000000e+00,0.000000e+00,0.000000e+00,0.000000e+00
1.000000e+00,0.000000e+00,0.000000e+00,0.000000e+00,0.000000e+00,0.000000e+00,0.000000e+00,0.000000e+00,0.000000e+00,0.000000e+00,0.000000e+00,0.000000e+00,0.000000e+00,0.000000e+00,0.000000e+00
1.000000e+00,0.000000e+00,0.000000e+00,0.000000e+00,0.000000e+00,0.000000e+00,0.000000e+00,0.000000e+00,0.000000e+00,0.000000e+00,0.000000e+00,0.000000e+00,0.000000e+00,0.000000e+00,0.000000e+00
1.000000e+00,0.000000e+00,0.000000e+00,0.000000e+00,0.000000e+00,0.000000e+00,0.000000e+00,0.000000e+00,0.000000e+00,0.000000e+00,0.000000e+00,0.000000e+00,0.000000e+00,0.000000e+00,0.000000e+00
1.000000e+00,0.000000e+00,0.000000e+00,0.000000e+00,0.000000e+00,0.000000e+00,0.000000e+00,0.000000e+00,0.000000e+00,0.000000e+00,0.000000e+00,0.000000e+00,0.000000e+00,0.000000e+00,0.000000e+00
1.000000e+00,0.000000e+00,0.000000e+00,0.000000e+00,0.000000e+00,0.000000e+00,0.000000e+00,0.000000e+00,0.000000e+00,0.000000e+00,0.000000e+00,0.000000e+00,0.000000e+00,0.000000e+00,0.000000e+00
1.000000e+00,0.000000e+00,0.000000e+00,0.000000e+00,0.000000e+00,0.000000e+00,0.000000e+00,0.000000e+00,0.000000e+00,0.000000e+00,0.000000e+00,0.000000e+00,0.000000e+00,0.000000e+00,0.000000e+00
1.000000e+00,0.000000e+00,0.000000e+00,0.000000e+00,0.000000e+00,0.000000e+00,0.000000e+00,0.000000e+00,0.000000e+00,0.000000e+00,0.000000e+00,0.000000e+00,0.000000e+00,0.000000e+00,0.000000e+00
1.000000e+00,0.000000e+00,0.000000e+00,0.000000e+00,0.000000e+00,0.000000e+00,0.000000e+00,0.000000e+00,0.000000e+00,0.000000e+00,0.000000e+00,0.000000e+00,0.000000e+00,0.000000e+00,0.000000e+00
1.000000e+00,0.000000e+00,0.000000e+00,0.000000e+00,0.000000e+00,0.000000e+00,0.000000e+00,0.000000e+00,0.000000e+00,0.000000e+00,0.000000e+00,0.000000e+00,0.000000e+00,0.000000e+00,0.000000e+00
1.000000e+00,0.000000e+00,0.000000e+00,0.000000e+00,0.000000e+00,0.000000e+00,0.000000e+00,0.000000e+00,0.000000e+00,0.000000e+00,0.000000e+00,0.000000e+00,0.000000e+00,0.000000e+00,0.000000e+00
1.000000e+00,0.000000e+00,0.000000e+00,0.000000e+00,0.000000e+00,0.000000e+00,0.000000e+00,0.000000e+00,0.000000e+00,0.000000e+00,0.000000e+00,0.000000e+00,0.000000e+00,0.000000e+00,0.000000e+00
1.000000e+00,0.000000e+00,0.000000e+00,0.000000e+00,0.000000e+00,0.000000e+00,0.000000e+00,0.000000e+00,0.000000e+00,0.000000e+00,0.000000e+00,0.000000e+00,0.000000e+00,0.000000e+00,0.000000e+00
1.000000e+00,0.000000e+00,0.000000e+00,0.000000e+00,0.000000e+00,0.000000e+00,0.000000e+00,0.000000e+00,0.000000e+00,0.000000e+00,0.000000e+00,0.000000e+00,0.000000e+00,0.000000e+00,0.000000e+00
1.000000e+00,0.000000e+00,0.000000e+00,0.000000e+00,0.000000e+00,0.000000e+00,0.000000e+00,0.000000e+00,0.000000e+00,0.000000e+00,0.000000e+00,0.000000e+00,0.000000e+00,0.000000e+00,0.000000e+00
1.000000e+00,0.000000e+00,0.000000e+00,0.000000e+00,0.000000e+00,0.000000e+00,0.000000e+00,0.000000e+00,0.000000e+00,0.000000e+00,0.000000e+00,0.000000e+00,0.000000e+00,0.000000e+00,0.000000e+00
1.000000e+00,0.000000e+00,0.000000e+00,0.000000e+00,0.000000e+00,0.000000e+00,0.000000e+00,0.000000e+00,0.000000e+00,0.000000e+00,0.000000e+00,0.000000e+00,0.000000e+00,0.000000e+00,0.000000e+00
1.000000e+00,0.000000e+00,0.000000e+00,0.000000e+00,0.000000e+00,0.000000e+00,0.000000e+00,0.000000e+00,0.000000e+00,0.000000e+00,0.000000e+00,0.000000e+00,0.000000e+00,0.000000e+00,0.000000e+00
1.000000e+00,0.000000e+00,0.000000e+00,0.000000e+00,0.000000e+00,0.000000e+00,0.000000e+00,0.000000e+00,0.000000e+00,0.000000e+00,0.000000e+00,0.000000e+00,0.000000e+00,0.000000e+00,0.000000e+00
1.000000e+00,0.000000e+00,0.000000e+00,0.000000e+00,0.000000e+00,0.000000e+00,0.000000e+00,0.000000e+00,0.000000e+00,0.000000e+00,0.000000e+00,0.000000e+00,0.000000e+00,0.000000e+00,0.000000e+00
1.000000e+00,0.000000e+00,0.000000e+00,0.000000e+00,0.000000e+00,0.000000e+00,0.000000e+00,0.000000e+00,0.000000e+00,0.000000e+00,0.000000e+00,0.000000e+00,0.000000e+00,0.000000e+00,0.000000e+00
1.000000e+00,0.000000e+00,0.000000e+00,0.000000e+00,0.000000e+00,0.000000e+00,0.000000e+00,0.000000e+00,0.000000e+00,0.000000e+00,0.000000e+00,0.000000e+00,0.000000e+00,0.000000e+00,0.000000e+00
1.000000e+00,0.000000e+00,0.000000e+00,0.000000e+00,0.000000e+00,0.000000e+00,0.000000e+00,0.000000e+00,0.000000e+00,0.000000e+00,0.000000e+00,0.000000e+00,0.000000e+00,0.000000e+00,0.000000e+00
4.178940e-01,4.501642e-02,2.555207e-02,2.489970e-01,1.979906e-02,3.064448e-02,1.093528e-02,5.316433e-02,3.101294e-02,1.689911e-03,3.334164e-02,3.873319e-02,1.537814e-02,4.167096e-03,2.367451e-02
3.837758e-01,5.034392e-02,2.874638e-02,2.621773e-01,2.341102e-02,3.086783e-02,1.036110e-02,4.776931e-02,3.682564e-02,2.077731e-03,3.445715e-02,4.205129e-02,1.617254e-02,4.158987e-03,2.680394e-02
2.796022e-01,4.515425e-02,7.707177e-02,3.572969e-01,2.040838e-02,2.440633e-02,8.185389e-03,4.486283e-02,3.467035e-02,1.951918e-03,2.791891e-02,3.622976e-02,1.320298e-02,3.969786e-03,2.506827e-02
3.441666e-01,4.679928e-02,5.966019e-02,2.952390e-01,2.574373e-02,2.822271e-02,8.912344e-03,3.544531e-02,3.391949e-02,2.217852e-03,2.732737e-02,3.907434e-02,1.933885e-02,5.190538e-03,2.874243e-02
2.826801e-01,5.041359e-02,6.171199e-02,3.730269e-01,2.706883e-02,2.464193e-02,7.859663e-03,3.189764e-02,3.067981e-02,1.887137e-03,2.428410e-02,3.633461e-02,1.687569e-02,4.549643e-03,2.608839e-02
3.377320e-01,5.110538e-02,5.439598e-02,3.122360e-01,3.211343e-02,2.703567e-02,8.655549e-03,2.663966e-02,2.666462e-02,2.038000e-03,2.747816e-02,4.120500e-02,1.998560e-02,5.378186e-03,2.733685e-02
4.098045e-01,4.988400e-02,4.195139e-02,2.491298e-01,3.107502e-02,2.732879e-02,8.609198e-03,2.153091e-02,2.502239e-02,2.188330e-03,2.632880e-02,4.491579e-02,2.589218e-02,6.472900e-03,2.986603e-02
4.798590e-01,3.916932e-02,3.235277e-02,1.977856e-01,2.444964e-02,2.362657e-02,7.843267e-03,4.534831e-02,1.984303e-02,2.035354e-03,2.312396e-02,4.554520e-02,2.806249e-02,6.050533e-03,2.490497e-02
4.786254e-01,3.096319e-02,4.401182e-02,1.689577e-01,1.963391e-02,2.339198e-02,6.694673e-03,9.735158e-02,1.503601e-02,1.725736e-03,2.911194e-02,3.832925e-02,2.132697e-02,5.103101e-03,1.973676e-02
4.565976e-01,2.297297e-02,3.862007e-02,1.292934e-01,1.718559e-02,2.131683e-02,5.140582e-03,2.009146e-01,1.109066e-02,1.393540e-03,2.673582e-02,3.303757e-02,1.706989e-02,3.905503e-03,1.472542e-02
3.254983e-01,1.630089e-02,2.907358e-02,9.176515e-02,1.266569e-02,1.614605e-02,4.198822e-03,4.266061e-01,7.892532e-03,1.008751e-03,1.921509e-02,2.376706e-02,1.234020e-02,2.861619e-03,1.066018e-02
2.311970e-01,1.154663e-02,2.134914e-02,6.481376e-02,9.231161e-03,1.222450e-02,3.371986e-03,5.908070e-01,5.587350e-03,7.557654e-04,1.367246e-02,1.685763e-02,8.779851e-03,2.074933e-03,7.730996e-03
1.674411e-01,8.130434e-03,1.515196e-02,4.579417e-02,7.003073e-03,8.950449e-03,2.509460e-03,7.058237e-01,3.931092e-03,5.625107e-04,9.712121e-03,1.188062e-02,6.200321e-03,1.463142e-03,5.445939e-03
1.190072e-01,5.714662e-03,1.066069e-02,3.223983e-02,6.350931e-03,6.546952e-03,1.835804e-03,7.899580e-01,2.765180e-03,4.066349e-04,6.866640e-03,8.370050e-03,4.421899e-03,1.029737e-03,3.825769e-03
8.594332e-02,4.020975e-03,7.482359e-03,2.267575e-02,6.198407e-03,4.954670e-03,1.315923e-03,8.478189e-01,1.947095e-03,2.938750e-04,4.854258e-03,5.919602e-03,3.160827e-03,7.252271e-04,2.688825e-03
6.238515e-02,2.855373e-03,5.269196e-03,1.594639e-02,6.090999e-03,3.683439e-03,9.491832e-04,8.888525e-01,1.386372e-03,2.265784e-04,3.447187e-03,4.185896e-03,2.284206e-03,5.113698e-04,1.926186e-03
4.598894e-02,2.025494e-03,3.723645e-03,1.124464e-02,5.851060e-03,2.685900e-03,7.007528e-04,9.176297e-01,1.025239e-03,1.824266e-04,2.471712e-03,2.996744e-03,1.712624e-03,3.643856e-04,1.396764e-03
4.062206e-02,1.854251e-03,2.717874e-03,8.420513e-03,6.238537e-03,2.118444e-03,5.568198e-04,9.123777e-01,2.437013e-03,1.168531e-03,4.611956e-03,5.741172e-03,8.773880e-03,7.049440e-04,1.656280e-03
3.073072e-02,1.614469e-03,1.953375e-03,1.759225e-02,5.492792e-03,1.913335e-03,4.088102e-04,7.079048e-01,4.333476e-03,3.234260e-03,4.969630e-02,1.882835e-02,1.477636e-01,2.932847e-03,5.600695e-03
2.219265e-02,1.275467e-03,1.405077e-03,1.865673e-02,4.088939e-03,1.690529e-03,3.014897e-04,5.385740e-01,5.859198e-03,2.982449e-03,6.734632e-02,1.800324e-02,2.875360e-01,8.509966e-03,2.157793e-02
1.620845e-02,9.800700e-04,1.019651e-03,1.498023e-02,2.984916e-03,1.420837e-03,2.384115e-04,3.924048e-01,9.015099e-03,2.317240e-03,6.114955e-02,1.607370e-02,4.330040e-01,1.044545e-02,3.775756e-02
1.230149e-02,1.462671e-03,1.085294e-03,1.893171e-02,2.853605e-03,1.265127e-03,2.332549e-04,2.826825e-01,1.399266e-02,2.346063e-03,1.136120e-01,1.819943e-02,4.697831e-01,1.430333e-02,4.694768e-02
2.863067e-02,2.169188e-03,1.567919e-03,2.831855e-02,3.353129e-03,2.071037e-03,2.824515e-04,2.069324e-01,5.089331e-02,5.019237e-03,1.360091e-01,2.529170e-02,4.338035e-01,1.604288e-02,5.961489e-02
5.550430e-02,2.630881e-03,1.369517e-03,2.258337e-02,4.762781e-03,1.872347e-03,6.055380e-04,1.524224e-01,1.132505e-01,9.869548e-03,1.968156e-01,3.768458e-02,3.381720e-01,1.353969e-02,4.891698e-02
6.981087e-02,3.503629e-03,1.468421e-03,1.810570e-02,6.967577e-03,1.775330e-03,6.474965e-04,1.162050e-01,2.301466e-01,1.179985e-02,2.061214e-01,3.583299e-02,2.472230e-01,1.190069e-02,3.849145e-02
7.292172e-02,3.384912e-03,2.140752e-03,1.607144e-02,1.132932e-02,1.695678e-03,5.887225e-04,1.088675e-01,2.659909e-01,1.314618e-02,2.423415e-01,3.780407e-02,1.837665e-01,1.018981e-02,2.976106e-02
5.550781e-02,2.803300e-03,4.006462e-03,1.488301e-02,2.089829e-02,1.283047e-03,5.576976e-04,1.683390e-01,2.681286e-01,1.355281e-02,2.512700e-01,3.343868e-02,1.353808e-01,8.195207e-03,2.175523e-02
4.283568e-02,5.825600e-03,5.202263e-03,1.351344e-02,2.071987e-02,1.148420e-03,4.437117e-04,2.418466e-01,3.094474e-01,1.121417e-02,2.025474e-01,2.498117e-02,9.750312e-02,6.440640e-03,1.633054e-02
3.795854e-02,1.585477e-02,5.130946e-03,1.352659e-02,3.673042e-02,1.823757e-03,4.154991e-04,2.458860e-01,3.839350e-01,8.401133e-03,1.463679e-01,1.855352e-02,6.889717e-02,4.748667e-03,1.177009e-02
3.683251e-02,2.100714e-02,4.931007e-03,1.848502e-02,5.089252e-02,3.788467e-03,5.485929e-04,2.702205e-01,4.006588e-01,6.519870e-03,1.070933e-01,1.553550e-02,5.068296e-02,3.546548e-03,9.257144e-03
5.644590e-02,2.188540e-02,3.870439e-03,2.852007e-02,6.237358e-02,5.109219e-03,8.550069e-04,2.656258e-01,4.083551e-01,6.377002e-03,7.988148e-02,1.335819e-02,3.751576e-02,2.773616e-03,7.053465e-03
9.452271e-02,1.888805e-02,3.438499e-03,3.233407e-02,6.598602e-02,4.983434e-03,1.112268e-03,2.643652e-01,3.989444e-01,6.697397e-03,6.040199e-02,1.205982e-02,2.816045e-02,2.707599e-03,5.398131e-03
1.167596e-01,1.647580e-02,4.131139e-03,3.440829e-02,5.352772e-02,5.225017e-03,1.623750e-03,3.255754e-01,3.532932e-01,5.637297e-03,4.567741e-02,1.005137e-02,2.084690e-02,2.630947e-03,4.136201e-03
1.311085e-01,1.789893e-02,4.239281e-03,2.744631e-02,4.392421e-02,5.394012e-03,1.426954e-03,3.939328e-01,3.059752e-01,5.043804e-03,3.467028e-02,8.319329e-03,1.494335e-02,2.125067e-03,3.552042e-03
1.300194e-01,1.656545e-02,4.258065e-03,2.190197e-02,3.614848e-02,5.499769e-03,1.281569e-03,4.818320e-01,2.505975e-01,3.958974e-03,2.599634e-02,6.552333e-03,1.074302e-02,1.674161e-03,2.971018e-03
1.338318e-01,1.271144e-02,1.014655e-02,2.059913e-02,2.683459e-02,7.029621e-03,1.250499e-03,5.571055e-01,1.855068e-01,3.586824e-03,1.990339e-02,8.348368e-03,8.521095e-03,1.609024e-03,3.015222e-03
1.467526e-01,9.914055e-03,1.023827e-02,1.856218e-02,2.072769e-02,5.996183e-03,1.060021e-03,6.149694e-01,1.356379e-01,2.869770e-03,1.490340e-02,7.590752e-03,6.482086e-03,1.351003e-03,2.944648e-03
1.400244e-01,7.088952e-03,1.064861e-02,1.931724e-02,1.613963e-02,5.060463e-03,1.002394e-03,6.770754e-01,9.637734e-02,2.086557e-03,1.109195e-02,5.979961e-03,4.861981e-03,1.016323e-03,2.228716e-03
1.832764e-01,5.274538e-03,9.915561e-03,1.619508e-02,1.221729e-02,5.172629e-03,1.242427e-03,6.759666e-01,6.831871e-02,1.693679e-03,8.461577e-03,5.371213e-03,3.896645e-03,9.048907e-04,2.092711e-03
1.628739e-01,3.896001e-03,7.703749e-03,1.332913e-02,8.944791e-03,4.032155e-03,1.073131e-03,7.328372e-01,4.839324e-02,1.269945e-03,6.247349e-03,4.200902e-03,2.890971e-03,6.855992e-04,1.621954e-03
1.426215e-01,2.932096e-03,5.891633e-03,1.010824e-02,6.776984e-03,3.102493e-03,8.883795e-04,7.780117e-01,3.438273e-02,1.026128e-03,5.284194e-03,4.452283e-03,2.476246e-03,6.343134e-04,1.411119e-03
1.423919e-01,2.292088e-03,4.471693e-03,8.535646e-03,5.409648e-03,2.392660e-03,6.812817e-04,7.940441e-01,2.483314e-02,8.619185e-04,4.968653e-03,4.775630e-03,2.482826e-03,5.846911e-04,1.274126e-03
1.512946e-01,1.780504e-03,3.465234e-03,7.621623e-03,4.571693e-03,2.020137e-03,5.291605e-04,7.924471e-01,1.849014e-02,8.523564e-04,4.988607e-03,6.156235e-03,3.772409e-03,7.728549e-04,1.237268e-03
2.060614e-01,1.693110e-03,2.986513e-03,1.022109e-02,3.851798e-03,2.746892e-03,4.088712e-04,6.511747e-01,1.509444e-02,1.364611e-03,2.078208e-02,1.773122e-02,5.973528e-02,1.615151e-03,4.532787e-03
2.542005e-01,1.738223e-03,2.693046e-03,8.594427e-03,3.390356e-03,2.778508e-03,3.502018e-04,5.518320e-01,1.242420e-02,2.001876e-03,2.980414e-02,2.032299e-02,9.976777e-02,2.269449e-03,7.832206e-03
3.163794e-01,1.902425e-03,2.287791e-03,7.223274e-03,2.840261e-03,2.993421e-03,2.933597e-04,4.098269e-01,1.179138e-02,5.337312e-03,3.670401e-02,2.056254e-02,1.691462e-01,2.827435e-03,9.884400e-03
3.546609e-01,2.275614e-03,2.003099e-03,6.112828e-03,2.276959e-03,3.122287e-03,2.521192e-04,2.955914e-01,1.881340e-02,4.889670e-03,5.303006e-02,2.581394e-02,2.102385e-01,3.592209e-03,1.732710e-02
2.552338e-01,1.966187e-03,1.660272e-03,5.321819e-03,1.845188e-03,2.631104e-03,2.476396e-04,2.098980e-01,3.501982e-02,6.091416e-03,8.400302e-02,3.146606e-02,2.214920e-01,5.807181e-03,1.373166e-01
1.801672e-01,1.577739e-03,1.278477e-03,4.026596e-03,1.452769e-03,1.969081e-03,2.204400e-04,1.475933e-01,2.927350e-02,6.145790e-03,6.633001e-02,2.363341e-02,1.614225e-01,6.979380e-03,3.679298e-01
1.283434e-01,2.083073e-03,1.607045e-03,1.519727e-02,2.126670e-03,2.270151e-03,2.910910e-04,1.040133e-01,5.836019e-02,6.841952e-03,5.883896e-02,1.731155e-02,1.214831e-01,7.532376e-03,4.736997e-01
9.052390e-02,2.033347e-03,2.273037e-03,1.555224e-02,6.368650e-03,2.407050e-03,3.107782e-04,7.602034e-02,5.458738e-02,6.739691e-03,6.229028e-02,1.499402e-02,1.021851e-01,6.465143e-03,5.572490e-01
6.395400e-02,2.070533e-03,2.701281e-03,2.125631e-02,9.079747e-03,3.261846e-03,2.680243e-04,5.646233e-02,5.241504e-02,6.541443e-03,6.665509e-02,1.558745e-02,9.910446e-02,5.717165e-03,5.949253e-01
4.520398e-02,2.471822e-03,3.869398e-03,2.584970e-02,1.035910e-02,4.032289e-03,3.060304e-04,4.048504e-02,5.375740e-02,8.238552e-03,6.736832e-02,1.680750e-02,1.148577e-01,5.212156e-03,6.011810e-01
3.283162e-02,4.907705e-03,6.762501e-03,2.712508e-02,1.719393e-02,3.433007e-03,5.221703e-04,3.263874e-02,1.151396e-01,1.300945e-02,7.187016e-02,2.028001e-02,1.170611e-01,7.065526e-03,5.301594e-01
2.469538e-02,5.649533e-03,9.469812e-03,2.728095e-02,2.358054e-02,2.906068e-03,5.669143e-04,4.568929e-02,1.742057e-01,1.354606e-02,8.193107e-02,2.361077e-02,1.210487e-01,9.715891e-03,4.361033e-01
2.307979e-02,6.366393e-03,2.662454e-02,3.455787e-02,4.657218e-02,5.155427e-03,2.653448e-03,1.206958e-01,1.795444e-01,1.158954e-02,8.052088e-02,1.935119e-02,1.023670e-01,7.920382e-03,3.330011e-01
1.775194e-02,4.880707e-03,2.623614e-02,3.436368e-02,3.794478e-02,4.047611e-03,3.764154e-03,3.174005e-01,1.313304e-01,9.021558e-03,6.658344e-02,1.415647e-02,7.962546e-02,5.950142e-03,2.469430e-01
1.768847e-02,8.439747e-03,1.512175e-01,3.291116e-02,3.837343e-02,6.872838e-03,4.675471e-03,3.186620e-01,1.121437e-01,7.071796e-03,5.172874e-02,1.044776e-02,5.894830e-02,4.344347e-03,1.764747e-01
2.041239e-02,1.535990e-02,2.220703e-01,2.795747e-02,5.698970e-02,8.643028e-03,7.659227e-03,3.002424e-01,1.138221e-01,5.582131e-03,4.009278e-02,8.055650e-03,4.393434e-02,3.109079e-03,1.260695e-01
2.272804e-02,1.536854e-02,2.866552e-01,2.821549e-02,6.844018e-02,1.000390e-02,9.238889e-03,2.833972e-01,1.055087e-01,5.021011e-03,3.217493e-02,6.187047e-03,3.400104e-02,2.283769e-03,9.077612e-02
4.605158e-02,1.485723e-02,2.500165e-01,2.204963e-02,6.252091e-02,1.405600e-02,2.192297e-02,3.478007e-01,8.715628e-02,4.866813e-03,2.453166e-02,5.218761e-03,3.172932e-02,1.753731e-03,6.546804e-02
7.808691e-02,1.349131e-02,1.922878e-01,1.744680e-02,5.503035e-02,1.749791e-02,3.245651e-02,4.115136e-01,7.322912e-02,4.738382e-03,1.883466e-02,4.549530e-03,3.276691e-02,1.331530e-03,4.673876e-02
6.321157e-02,1.006849e-02,1.381737e-01,1.405144e-02,4.369905e-02,1.425659e-02,4.489148e-02,5.318927e-01,5.993467e-02,3.553363e-03,1.371604e-02,3.324331e-03,2.512205e-02,9.652580e-04,3.313935e-02
5.608083e-02,7.400058e-03,1.013615e-01,1.412943e-02,3.204817e-02,2.682237e-02,8.624879e-02,5.674114e-01,4.761463e-02,2.658984e-03,1.008892e-02,3.184304e-03,2.049781e-02,7.122917e-04,2.374055e-02
6.341599e-02,5.521713e-03,8.044963e-02,1.758531e-02,2.481618e-02,3.701353e-02,1.099845e-01,5.741767e-01,3.892032e-02,1.950988e-03,7.351425e-03,4.188549e-03,1.672750e-02,5.436586e-04,1.735394e-02
7.238194e-02,4.357640e-03,1.309877e-01,2.554442e-02,1.929826e-02,3.359014e-02,1.063288e-01,5.349694e-01,2.826651e-02,2.176419e-03,5.796247e-03,6.396576e-03,1.362674e-02,5.976058e-04,1.568167e-02
6.953977e-02,3.773687e-03,2.062434e-01,3.342652e-02,1.551531e-02,5.365446e-02,8.609451e-02,4.664183e-01,2.031293e-02,3.526465e-03,5.079709e-03,9.239141e-03,1.164218e-02,9.890170e-04,1.454460e-02
9.258585e-02,3.922953e-03,1.667670e-01,2.735645e-02,1.587107e-02,8.576302e-02,1.398007e-01,3.850152e-01,1.513234e-02,4.577030e-03,4.397475e-03,1.077248e-02,3.213622e-02,1.116065e-03,1.478609e-02
6.908426e-02,3.093160e-03,1.238298e-01,2.021991e-02,1.275064e-02,7.591812e-02,2.798752e-01,2.954715e-01,1.093351e-02,1.413401e-02,3.433311e-03,8.608189e-03,6.789437e-02,8.675303e-04,1.388645e-02
4.869364e-02,2.292690e-03,9.258026e-02,1.466418e-02,9.470595e-03,5.431309e-02,3.390009e-01,2.245841e-01,8.530840e-03,5.318128e-02,4.173893e-03,1.022847e-02,1.014084e-01,1.274848e-03,3.560281e-02
3.451857e-02,1.873574e-03,6.535672e-02,1.048073e-02,7.128214e-03,4.102959e-02,2.892058e-01,1.607818e-01,8.415692e-03,2.377197e-01,1.507766e-02,2.331567e-02,7.542342e-02,2.226776e-03,2.744607e-02
2.470667e-02,1.487034e-03,4.587002e-02,7.415957e-03,6.498131e-03,3.208645e-02,2.651857e-01,1.144910e-01,1.192970e-02,2.232800e-01,1.225093e-01,5.013017e-02,5.727663e-02,1.505619e-02,2.207704e-02
1.752360e-02,1.119046e-03,3.221074e-02,5.486452e-03,5.262526e-03,2.290838e-02,2.427686e-01,8.053193e-02,1.147952e-02,1.781243e-01,2.313193e-01,9.585972e-02,4.107478e-02,1.846989e-02,1.586112e-02
1.254220e-02,8.736794e-04,2.277006e-02,4.139600e-03,4.501019e-03,1.689685e-02,1.977517e-01,5.661596e-02,9.856502e-03,1.310953e-01,3.054521e-01,1.722296e-01,2.942227e-02,2.446475e-02,1.138838e-02
8.947429e-03,6.959656e-04,1.602410e-02,3.098337e-03,3.815791e-03,1.205929e-02,1.425902e-01,3.971473e-02,7.793011e-03,9.484534e-02,4.299135e-01,1.840497e-01,2.108810e-02,2.710541e-02,8.259040e-03
6.808367e-03,1.072707e-03,1.168771e-02,2.404725e-03,4.658883e-03,1.037896e-02,1.010173e-01,2.853763e-02,9.471844e-03,7.013804e-02,4.763376e-01,2.311152e-01,1.580836e-02,2.372489e-02,6.837773e-03
5.550147e-03,1.451559e-03,8.464523e-03,1.896078e-03,5.165628e-03,8.098462e-03,7.181144e-02,2.073043e-02,9.543194e-03,5.128046e-02,4.468713e-01,3.287970e-01,1.170046e-02,2.278310e-02,5.856118e-03
4.972016e-03,1.716580e-03,6.251285e-03,1.713358e-03,7.100357e-03,6.395926e-03,5.076348e-02,1.516617e-02,1.327059e-02,3.781347e-02,4.706329e-01,3.475727e-01,9.303978e-03,2.106646e-02,6.260603e-03
7.253624e-03,6.867896e-03,7.492430e-03,1.577136e-03,9.098002e-03,6.179665e-03,3.578209e-02,1.127566e-02,1.237080e-02,2.851001e-02,5.053493e-01,3.309432e-01,7.462705e-03,2.467103e-02,5.166414e-03
7.592599e-03,1.151134e-02,8.096837e-03,1.330664e-03,8.280523e-03,5.097082e-03,2.515072e-02,8.352776e-03,1.224953e-02,2.242062e-02,5.383214e-01,3.147214e-01,5.688205e-03,2.712338e-02,4.062907e-03
6.125106e-03,8.463689e-03,5.810891e-03,1.021775e-03,6.944049e-03,3.757607e-03,1.774445e-02,5.961681e-03,9.799550e-03,1.687196e-02,6.392939e-01,2.495678e-01,4.385564e-03,2.136779e-02,2.884186e-03
5.015087e-03,7.728118e-03,4.435186e-03,7.617592e-04,7.541640e-03,3.619851e-03,1.284914e-02,4.415057e-03,1.054513e-02,1.479164e-02,6.975662e-01,2.049724e-01,3.634407e-03,2.002217e-02,2.102300e-03
1.055891e-02,9.227699e-03,3.812906e-03,6.572455e-04,9.262927e-03,4.287801e-03,9.638572e-03,4.214549e-03,2.028589e-02,1.749449e-02,6.468415e-01,2.332823e-01,3.301102e-03,2.548800e-02,1.646123e-03
1.999724e-02,1.035159e-02,4.442682e-03,1.008134e-03,1.189320e-02,5.178520e-03,7.288167e-03,5.010302e-03,4.017279e-02,3.268286e-02,5.589687e-01,2.706667e-01,3.009470e-03,2.697311e-02,2.356631e-03
2.525041e-02,1.022324e-02,5.170048e-03,2.600331e-03,2.214624e-02,5.993935e-03,6.268711e-03,6.921568e-03,4.738005e-02,3.127516e-02,5.572603e-01,2.467653e-01,2.839651e-03,2.668996e-02,3.215185e-03
2.398213e-02,8.134904e-03,1.232719e-02,4.194058e-03,2.274699e-02,1.590945e-02,6.302199e-03,3.048063e-02,3.992628e-02,2.490441e-02,5.905680e-01,1.883679e-01,3.310400e-03,2.547077e-02,3.374691e-03
3.288961e-02,9.797241e-03,1.841769e-02,5.135437e-03,4.886297e-02,1.497342e-02,6.634365e-03,3.927350e-02,7.638428e-02,2.138828e-02,5.471742e-01,1.489241e-01,3.711902e-03,2.140677e-02,5.026335e-03
3.534185e-02,1.096089e-02,2.869885e-02,7.724117e-03,7.138061e-02,1.961055e-02,6.381246e-03,6.587881e-02,1.678678e-01,2.058338e-02,4.163637e-01,1.158722e-01,5.447293e-03,1.711431e-02,1.077452e-02
3.378791e-02,1.488438e-02,2.244540e-02,6.779243e-03,7.676596e-02,2.387039e-02,5.658619e-03,5.216549e-02,1.687199e-01,1.531933e-02,4.346720e-01,8.725224e-02,2.261004e-02,1.364296e-02,2.142614e-02
4.755574e-02,1.533267e-02,2.984373e-02,2.262541e-02,1.072009e-01,2.105519e-02,7.235460e-03,7.921078e-02,1.862372e-01,1.300793e-02,3.466353e-01,6.554670e-02,2.121073e-02,1.108620e-02,2.621594e-02
5.968092e-02,2.354478e-02,2.602890e-02,1.980440e-02,1.474169e-01,4.663059e-02,8.748016e-03,6.501698e-02,1.996011e-01,9.752939e-03,2.868308e-01,5.114261e-02,2.402659e-02,9.286935e-03,2.248746e-02
6.848194e-02,2.571818e-02,2.223922e-02,1.729118e-02,1.789326e-01,5.777659e-02,1.720612e-02,6.721073e-02,2.289925e-01,7.944343e-03,2.156900e-01,4.223523e-02,2.388328e-02,8.619830e-03,1.777822e-02
9.522425e-02,2.657555e-02,1.722674e-02,1.630626e-02,2.043654e-01,5.780987e-02,1.578430e-02,6.313106e-02,2.394466e-01,6.785423e-03,1.711110e-01,4.286063e-02,1.942963e-02,8.069322e-03,1.587390e-02
9.721123e-02,3.093406e-02,1.387908e-02,1.198924e-02,1.837911e-01,7.374948e-02,2.238896e-02,6.286538e-02,2.411868e-01,5.158144e-03,1.290935e-01,8.571294e-02,2.252380e-02,7.208703e-03,1.230753e-02
9.961316e-02,4.390591e-02,1.118028e-02,9.953789e-03,1.765311e-01,7.784253e-02,1.742232e-02,5.887301e-02,2.500208e-01,3.707177e-03,1.116634e-01,1.024154e-01,2.164108e-02,6.035658e-03,9.194296e-03
1.173185e-01,5.407290e-02,1.077859e-02,9.993016e-03,1.649509e-01,8.220308e-02,1.450804e-02,5.392016e-02,2.683609e-01,2.958396e-03,9.508461e-02,9.214450e-02,1.915786e-02,4.975511e-03,9.573107e-03
1.046262e-01,5.249267e-02,1.067258e-02,2.368060e-02,1.349182e-01,1.663478e-01,1.204826e-02,4.064112e-02,2.273361e-01,2.893524e-03,6.808469e-02,7.933432e-02,5.076312e-02,3.943626e-03,2.221726e-02
1.200093e-01,5.284155e-02,8.600884e-03,2.149554e-02,1.062218e-01,1.660118e-01,1.107118e-02,3.456997e-02,2.057571e-01,2.483302e-03,5.037337e-02,6.941153e-02,1.261535e-01,3.213192e-03,2.178596e-02
1.136957e-01,4.296611e-02,6.730089e-03,2.072171e-02,7.659334e-02,1.451066e-01,1.076034e-02,2.671442e-02,1.786418e-01,5.696363e-03,3.713990e-02,5.667799e-02,2.521018e-01,2.769287e-03,2.368453e-02
9.743527e-02,3.405396e-02,5.257910e-03,2.071203e-02,5.505946e-02,1.151500e-01,9.458252e-03,2.048135e-02,1.371595e-01,5.099955e-03,2.715086e-02,4.580996e-02,4.022916e-01,2.227490e-03,2.265253e-02
7.170630e-02,2.450073e-02,4.082834e-03,1.477231e-02,3.974489e-02,8.247178e-02,7.362782e-03,1.463563e-02,9.706840e-02,3.919030e-03,1.954211e-02,3.510296e-02,5.565221e-01,1.716631e-03,2.685153e-02
5.458426e-02,1.807077e-02,3.880372e-03,1.058777e-02,2.857441e-02,5.884959e-02,5.810070e-03,1.045173e-02,6.881427e-02,3.253955e-03,1.423572e-02,2.620993e-02,6.661679e-01,1.355866e-03,2.915346e-02
4.269055e-02,1.304052e-02,3.021054e-03,7.676087e-03,2.059502e-02,4.804270e-02,5.313991e-03,7.450256e-03,4.918238e-02,3.108150e-03,1.104551e-02,2.789517e-02,7.339758e-01,1.250060e-03,2.571277e-02
3.148265e-02,9.512261e-03,3.287760e-03,5.574834e-03,1.496745e-02,3.985241e-02,4.133944e-03,5.257499e-03,3.491574e-02,4.043520e-03,1.255664e-02,3.561219e-02,7.620792e-01,1.436771e-03,3.528719e-02
2.271121e-02,6.678654e-03,2.754047e-03,4.085685e-03,3.349439e-02,4.044181e-02,1.515191e-02,4.445893e-03,2.506929e-02,4.711407e-03,1.184770e-02,3.676891e-02,7.188673e-01,1.287689e-03,7.168412e-02
1.896921e-02,4.700486e-03,1.992308e-03,3.267657e-03,2.729596e-02,3.540667e-02,1.171560e-02,3.559490e-03,1.916025e-02,1.420631e-02,2.563895e-02,7.917234e-02,6.987363e-01,1.251901e-03,5.492662e-02
1.545336e-02,3.321561e-03,1.415276e-03,2.572266e-03,2.072155e-02,3.357856e-02,8.446252e-03,2.804964e-03,1.486125e-02,2.243397e-02,3.942455e-02,1.567525e-01,6.381848e-01,9.541669e-04,3.907495e-02
1.136366e-02,2.391580e-03,1.006377e-03,2.009508e-03,1.537815e-02,2.873362e-02,5.982866e-03,2.168559e-03,1.571766e-02,1.648664e-02,5.040421e-02,2.995098e-01,5.207819e-01,6.831579e-04,2.738232e-02
8.602284e-03,1.805068e-03,7.880483e-04,1.826961e-03,1.274972e-02,2.264126e-02,4.395427e-03,2.751964e-03,2.600485e-02,1.258103e-02,8.862767e-02,3.005029e-01,4.968331e-01,5.003329e-04,1.938943e-02
6.610210e-03,1.339761e-03,5.766595e-04,1.492114e-03,1.045314e-02,1.763417e-02,3.258479e-03,2.799701e-03,3.290518e-02,9.399495e-03,9.905875e-02,3.678614e-01,4.325523e-01,3.643404e-04,1.369425e-02
4.916136e-03,9.983787e-04,4.285345e-04,1.104607e-03,9.903600e-03,1.346663e-02,2.542726e-03,3.538532e-03,1.045335e-01,6.869652e-03,9.016762e-02,3.912334e-01,3.604057e-01,2.702682e-04,9.620679e-03
3.991869e-03,9.301658e-04,3.764010e-04,9.964795e-04,1.106497e-02,1.116263e-02,1.939466e-03,5.095234e-03,1.334506e-01,5.279779e-03,8.542292e-02,3.922282e-01,3.410327e-01,2.114691e-04,6.817118e-03
3.097659e-03,1.041318e-03,4.873792e-04,9.533950e-04,1.182153e-02,7.936097e-03,1.378100e-03,8.056008e-03,2.070041e-01,3.821986e-03,6.811138e-02,3.092471e-01,3.720902e-01,1.543752e-04,4.799381e-03
3.070608e-03,1.482493e-03,7.722618e-04,1.377097e-03,2.245983e-02,5.748645e-03,1.237753e-03,2.783407e-02,3.576697e-01,2.767221e-03,5.217624e-02,2.256807e-01,2.942179e-01,1.150112e-04,3.390473e-03
3.167955e-03,1.868887e-03,7.898450e-04,1.314054e-03,2.098529e-02,4.169906e-03,9.380108e-04,2.261270e-02,5.293813e-01,1.987853e-03,3.837002e-02,1.604683e-01,2.114505e-01,8.635924e-05,2.408975e-03
7.128460e-03,2.096484e-03,3.930803e-03,1.797425e-03,5.902330e-02,3.431461e-03,2.202417e-03,1.871622e-02,6.042408e-01,1.434696e-03,3.138881e-02,1.131728e-01,1.496486e-01,7.053038e-05,1.717229e-03
8.255489e-03,2.369963e-03,4.574995e-03,2.318891e-03,6.838559e-02,2.692386e-03,2.019372e-03,1.720776e-02,6.807547e-01,1.081287e-03,2.407123e-02,7.947567e-02,1.054898e-01,6.689985e-05,1.235963e-03
1.126773e-02,2.766683e-03,4.364215e-03,3.073956e-03,8.611470e-02,2.370504e-03,2.155175e-03,2.069047e-02,7.185937e-01,8.191799e-04,1.710219e-02,5.571801e-02,7.401723e-02,5.503188e-05,8.912113e-04
2.133057e-02,6.296522e-03,4.123436e-03,3.517128e-03,9.146509e-02,2.912618e-03,2.307049e-03,2.309264e-02,7.390491e-01,8.926453e-04,1.236781e-02,3.940491e-02,5.218820e-02,1.111247e-04,9.410924e-04
5.137080e-02,1.453584e-02,8.672447e-03,1.357619e-02,1.030055e-01,6.941582e-03,2.202177e-03,3.310005e-02,6.736224e-01,7.108011e-03,1.001299e-02,3.006177e-02,3.771256e-02,5.117188e-04,7.566032e-03
7.826504e-02,1.810390e-02,8.541511e-03,1.866997e-02,1.112564e-01,2.589618e-02,2.214883e-03,3.171870e-02,5.594131e-01,3.479888e-02,1.245314e-02,2.736075e-02,3.154431e-02,1.858799e-03,3.790441e-02
6.045605e-02,5.501498e-02,1.151330e-02,1.093430e-01,8.980133e-02,2.657108e-02,1.677685e-03,2.398045e-02,4.297688e-01,3.167183e-02,3.856706e-02,2.673432e-02,2.874983e-02,2.744685e-03,6.340557e-02
4.683272e-02,4.194621e-02,1.158839e-02,1.450753e-01,7.515871e-02,3.543155e-02,1.394756e-03,2.053864e-02,3.446550e-01,3.315759e-02,5.722793e-02,9.605809e-02,2.791084e-02,3.818490e-03,5.920589e-02
5.574093e-02,3.168244e-02,1.111155e-02,1.426158e-01,6.165205e-02,3.713799e-02,1.244233e-03,1.820393e-02,3.042993e-01,2.750603e-02,8.546726e-02,1.387843e-01,3.075156e-02,5.219939e-03,4.858270e-02
5.778999e-02,2.428262e-02,9.943950e-03,1.123609e-01,4.483487e-02,3.744072e-02,1.122639e-03,1.424008e-02,3.081936e-01,2.608689e-02,1.324159e-01,1.402950e-01,3.127731e-02,1.451213e-02,4.520345e-02
4.313520e-02,1.794446e-02,7.712797e-03,8.034945e-02,3.469307e-02,2.658582e-02,8.727472e-04,1.024276e-02,2.380570e-01,1.951766e-02,2.545907e-01,1.812140e-01,3.085768e-02,2.051468e-02,3.371193e-02
3.095381e-02,1.294032e-02,6.051667e-03,5.786056e-02,3.619666e-02,1.889881e-02,6.717496e-04,7.405135e-03,1.732370e-01,1.618515e-02,2.677167e-01,2.930523e-01,3.425433e-02,1.875498e-02,2.582086e-02
2.519759e-02,9.347960e-03,4.427670e-03,4.225527e-02,4.463546e-02,1.594912e-02,7.379918e-04,5.927006e-03,1.240525e-01,1.813394e-02,2.490126e-01,3.812594e-01,4.013038e-02,1.949868e-02,1.943447e-02
2.406849e-02,6.851949e-03,3.222434e-03,2.992985e-02,3.678422e-02,1.436105e-02,7.558796e-04,5.237582e-03,9.091277e-02,1.483378e-02,2.118452e-01,4.866040e-01,4.337975e-02,1.730375e-02,1.390925e-02
2.422457e-02,5.546024e-03,2.387332e-03,2.122891e-02,2.988873e-02,1.441665e-02,8.658249e-04,5.973666e-03,7.691355e-02,1.173630e-02,1.917981e-01,5.380152e-01,5.347263e-02,1.367309e-02,9.859432e-03
2.057852e-02,4.731320e-03,1.900339e-03,1.592354e-02,2.330057e-02,1.237609e-02,1.110508e-03,1.437528e-02,6.479000e-02,8.949811e-03,1.491497e-01,6.179035e-01,4.755071e-02,1.041087e-02,6.949304e-03
1.605287e-02,5.767367e-03,1.907165e-03,1.246472e-02,4.525267e-02,9.217171e-03,9.102281e-04,1.475661e-02,2.150187e-01,6.412637e-03,1.179591e-01,5.049407e-01,3.689478e-02,7.556464e-03,4.888730e-03
1.323092e-02,4.445829e-03,1.811642e-03,1.098875e-02,7.483689e-02,6.980338e-03,7.498135e-04,3.041722e-02,2.048603e-01,4.677800e-03,9.426052e-02,5.156611e-01,2.793381e-02,5.705704e-03,3.439333e-03
1.921562e-02,3.914420e-03,1.533786e-03,8.590825e-03,6.196414e-02,8.900093e-03,6.703564e-04,2.419046e-02,2.441020e-01,5.811602e-03,9.331259e-02,4.887956e-01,3.089229e-02,5.453458e-03,2.652710e-03
2.134787e-02,3.159213e-03,1.257360e-03,7.359133e-03,4.929940e-02,7.833505e-03,6.794530e-04,2.234571e-02,2.842452e-01,5.459229e-03,8.854114e-02,4.652550e-01,3.648511e-02,4.662655e-03,2.070045e-03
1.913028e-02,2.589539e-03,1.099665e-03,6.305900e-03,3.779458e-02,6.454029e-03,5.725385e-04,2.116015e-02,2.785082e-01,5.265565e-03,7.091677e-02,5.066080e-01,3.550654e-02,6.340192e-03,1.748024e-03
1.628613e-02,3.146867e-03,2.064093e-03,6.210092e-03,2.953221e-02,5.128379e-03,4.552060e-04,2.340081e-02,2.652085e-01,5.763533e-03,6.948860e-02,5.162292e-01,4.507216e-02,9.923287e-03,2.090946e-03
1.822171e-02,3.009795e-03,2.478359e-02,7.514969e-03,2.314044e-02,9.307032e-03,9.184697e-04,9.537712e-02,3.002507e-01,5.151719e-03,5.899527e-02,4.028884e-01,3.968929e-02,8.859907e-03,1.891605e-03
2.443342e-02,3.289237e-03,3.312148e-02,1.023248e-02,2.551544e-02,1.530393e-02,9.983234e-04,7.313540e-02,4.277339e-01,5.691903e-03,5.391704e-02,2.834377e-01,2.842756e-02,1.261273e-02,2.149458e-03
3.651764e-02,3.474073e-03,3.677103e-02,1.994393e-02,2.496619e-02,2.876034e-02,9.221836e-04,5.625137e-02,5.010917e-01,5.532198e-03,4.892822e-02,1.998915e-01,2.033689e-02,1.412574e-02,2.486932e-03
6.319626e-02,1.685223e-02,3.939330e-02,1.424827e-01,3.021285e-02,3.071254e-02,9.913688e-04,4.208491e-02,4.149587e-01,4.933355e-03,3.895058e-02,1.428721e-01,1.457775e-02,1.104664e-02,6.734675e-03
7.683326e-02,1.845634e-02,3.518822e-02,1.334509e-01,3.434893e-02,2.337455e-02,7.884998e-04,3.171608e-02,4.595414e-01,5.867892e-03,4.587594e-02,1.015401e-01,1.050653e-02,1.094714e-02,1.156418e-02
1.029497e-01,1.859921e-02,2.795461e-02,1.062210e-01,4.893514e-02,2.151493e-02,8.686843e-04,2.450065e-02,4.647164e-01,5.170759e-03,5.894819e-02,7.473083e-02,8.961043e-03,2.613427e-02,9.794529e-03
1.420318e-01,1.629224e-02,2.314214e-02,9.200547e-02,4.708883e-02,3.053431e-02,8.246396e-04,2.150576e-02,4.613736e-01,7.531957e-03,5.290184e-02,5.484059e-02,7.438620e-03,2.832070e-02,1.416754e-02
2.048266e-01,1.633762e-02,2.269423e-02,8.288820e-02,4.308263e-02,2.757866e-02,1.151038e-03,1.882824e-02,4.404818e-01,6.910609e-03,4.245163e-02,4.258975e-02,6.741741e-03,2.594688e-02,1.749034e-02
2.666888e-01,1.597256e-02,2.667736e-02,1.022737e-01,4.418406e-02,2.392584e-02,1.068640e-03,1.536721e-02,3.802754e-01,6.518624e-03,3.476489e-02,3.329166e-02,5.885706e-03,2.364966e-02,1.945577e-02
3.473053e-01,1.434352e-02,2.525459e-02,1.227390e-01,3.891962e-02,2.137405e-02,1.171423e-03,1.342771e-02,3.128721e-01,5.485037e-03,3.009215e-02,2.603431e-02,5.315085e-03,1.935270e-02,1.631345e-02
4.064892e-01,2.261925e-02,2.757843e-02,1.438448e-01,3.402891e-02,1.865667e-02,1.656352e-03,1.149369e-02,2.483854e-01,4.161336e-03,2.404594e-02,2.115047e-02,5.613318e-03,1.627737e-02,1.399891e-02
1.000000e+00,0.000000e+00,0.000000e+00,0.000000e+00,0.000000e+00,0.000000e+00,0.000000e+00,0.000000e+00,0.000000e+00,0.000000e+00,0.000000e+00,0.000000e+00,0.000000e+00,0.000000e+00,0.000000e+00
1.000000e+00,0.000000e+00,0.000000e+00,0.000000e+00,0.000000e+00,0.000000e+00,0.000000e+00,0.000000e+00,0.000000e+00,0.000000e+00,0.000000e+00,0.000000e+00,0.000000e+00,0.000000e+00,0.000000e+00
1.000000e+00,0.000000e+00,0.000000e+00,0.000000e+00,0.000000e+00,0.000000e+00,0.000000e+00,0.000000e+00,0.000000e+00,0.000000e+00,0.000000e+00,0.000000e+00,0.000000e+00,0.000000e+00,0.000000e+00
1.000000e+00,0.000000e+00,0.000000e+00,0.000000e+00,0.000000e+00,0.000000e+00,0.000000e+00,0.000000e+00,0.000000e+00,0.000000e+00,0.000000e+00,0.000000e+00,0.000000e+00,0.000000e+00,0.000000e+00
4.760509e-01,2.692303e-02,1.445788e-02,7.309477e-02,1.213069e-02,1.517314e-02,1.779945e-03,7.071048e-03,7.427859e-02,7.533189e-03,8.080927e-02,1.407555e-01,1.473748e-02,1.280045e-02,4.240418e-02
3.602221e-01,2.933517e-02,1.288875e-02,1.343385e-01,9.513404e-03,1.350660e-02,1.326232e-03,5.670427e-03,8.246716e-02,8.447429e-03,1.342551e-01,1.276196e-01,1.464625e-02,1.059522e-02,5.516799e-02
2.619675e-01,2.601921e-02,1.251541e-02,1.844344e-01,7.284038e-03,1.205595e-02,9.884425e-04,4.200365e-03,7.733835e-02,8.037694e-03,2.302946e-01,1.027678e-01,1.189448e-02,8.407085e-03,5.179454e-02
2.193967e-01,2.498194e-02,1.176120e-02,1.769617e-01,5.803046e-03,1.111137e-02,8.727405e-04,3.501436e-03,6.662372e-02,6.084516e-03,3.369789e-01,7.908316e-02,8.780834e-03,6.932288e-03,4.112651e-02
2.184777e-01,2.244943e-02,1.364500e-02,1.713399e-01,5.360648e-03,1.104358e-02,1.176473e-03,6.371028e-03,6.314329e-02,4.945015e-03,3.544763e-01,7.802230e-02,7.427296e-03,8.586113e-03,3.353590e-02
