1.000000e+00,0.000000e+00,0.000000e+00,0.000000e+00,0.000000e+00,0.000000e+00,0.000000e+00,0.000000e+00,0.000000e+00,0.000000e+00,0.000000e+00,0.000000e+00,0.000000e+00,0.000000e+00,0.000000e+00
1.000000e+00,0.000000e+00,0.000000e+00,0.000000e+00,0.000000e+00,0.000000e+00,0.000000e+00,0.000000e+00,0.000000e+00,0.000000e+00,0.000000e+00,0.000000e+00,0.000000e+00,0.000000e+00,0.000000e+00
1.000000e+00,0.000000e+00,0.000000e+00,0.000000e+00,0.000000e+00,0.000000e+00,0.000000e+00,0.000000e+00,0.000000e+00,0.000000e+00,0.000000e+00,0.000000e+00,0.000000e+00,0.000000e+00,0.000000e+00
1.000000e+00,0.000000e+00,0.000000e+00,0.000000e+00,0.000000e+00,0.000000e+00,0.000000e+00,0.000000e+00,0.000000e+00,0.000000e+00,0.000000e+00,0.000000e+00,0.000000e+00,0.000000e+00,0.000000e+00
1.000000e+00,0.000000e+00,0.000000e+00,0.000000e+00,0.000000e+00,0.000000e+00,0.000000e+00,0.000000e+00,0.000000e+00,0.000000e+00,0.000000e+00,0.000000e+00,0.000000e+00,0.000000e+00,0.000000e+00
1.000000e+00,0.000000e+00,0.000000e+00,0.000000e+00,0.000000e+00,0.000000e+00,0.000000e+00,0.000000e+00,0.000000e+00,0.000000e+00,0.000000e+00,0.000000e+00,0.000000e+00,0.000000e+00,0.000000e+00
1.000000e+00,0.000000e+00,0.000000e+00,0.000000e+00,0.000000e+00,0.000000e+00,0.000000e+00,0.000000e+00,0.000000e+00,0.000000e+00,0.000000e+00,0.000000e+00,0.000000e+00,0.000000e+00,0.000000e+00
1.000000e+00,0.000000e+00,0.000000e+00,0.000000e+00,0.000000e+00,0.000000e+00,0.000000e+00,0.000000e+00,0.000000e+00,0.000000e+00,0.000000e+00,0.000000e+00,0.000000e+00,0.000000e+00,0.000000e+00
1.000000e+00,0.000000e+00,0.000000e+00,0.000000e+00,0.000000e+00,0.000000e+00,0.000000e+00,0.000000e+00,0.000000e+00,0.000000e+00,0.000000e+00,0.000000e+00,0.000000e+00,0.000000e+00,0.000000e+00
1.000000e+00,0.000000e+00,0.000000e+00,0.000000e+00,0.000000e+00,0.000000e+00,0.000000e+00,0.000000e+00,0.000000e+00,0.000000e+00,0.000000e+00,0.000000e+00,0.000000e+00,0.000000e+00,0.000000e+00
1.000000e+00,0.000000e+00,0.000000e+00,0.000000e+00,0.000000e+00,0.000000e+00,0.000000e+00,0.000000e+00,0.000000e+00,0.000000e+00,0.000000e+00,0.000000e+00,0.000000e+00,0.000000e+00,0.000000e+00
1.000000e+00,0.000000e+00,0.000000e+00,0.000000e+00,0.000000e+00,0.000000e+00,0.000000e+00,0.000000e+00,0.000000e+00,0.000000e+00,0.000000e+00,0.000000e+00,0.000000e+00,0.000000e+00,0.000000e+00
1.000000e+00,0.000000e+00,0.000000e+00,0.000000e+00,0.000000e+00,0.000000e+00,0.000000e+00,0.000000e+00,0.000000e+00,0.000000e+00,0.000000e+00,0.000000e+00,0.000000e+00,0.000000e+00,0.000000e+00
1.000000e+00,0.000000e+00,0.000000e+00,0.000000e+00,0.000000e+00,0.000000e+00,0.000000e+00,0.000000e+00,0.000000e+00,0.000000e+00,0.000000e+00,0.000000e+00,0.000000e+00,0.000000e+00,0.000000e+00
1.000000e+00,0.000000e+00,0.000000e+00,0.000000e+00,0.000000e+00,0.000000e+00,0.000000e+00,0.000000e+00,0.000000e+00,0.000000e+00,0.000000e+00,0.000000e+00,0.000000e+00,0.000000e+00,0.000000e+00
1.000000e+00,0.000000e+00,0.000000e+00,0.000000e+00,0.000000e+00,0.000000e+00,0.000000e+00,0.000000e+00,0.000000e+00,0.000000e+00,0.000000e+00,0.000000e+00,0.000000e+00,0.000000e+00,0.000000e+00
1.000000e+00,0.000000e+00,0.000000e+00,0.000000e+00,0.000000e+00,0.000000e+00,0.000000e+00,0.000000e+00,0.000000e+00,0.000000e+00,0.000000e+00,0.000000e+00,0.000000e+00,0.000000e+00,0.000000e+00
1.000000e+00,0.000000e+00,0.000000e+00,0.000000e+00,0.000000e+00,0.000000e+00,0.000000e+00,0.000000e+00,0.000000e+00,0.000000e+00,0.000000e+00,0.000000e+00,0.000000e+00,0.000000e+00,0.000000e+00
1.000000e+00,0.000000e+00,0.000000e+00,0.000000e+00,0.000000e+00,0.000000e+00,0.000000e+00,0.000000e+00,0.000000e+00,0.000000e+00,0.000000e+00,0.000000e+00,0.000000e+00,0.000000e+00,0.000000e+00
1.000000e+00,0.000000e+00,0.000000e+00,0.000000e+00,0.000000e+00,0.000000e+00,0.000000e+00,0.000000e+00,0.000000e+00,0.000000e+00,0.000000e+00,0.000000e+00,0.000000e+00,0.000000e+00,0.000000e+00
1.000000e+00,0.000000e+00,0.000000e+00,0.000000e+00,0.000000e+00,0.000000e+00,0.000000e+00,0.000000e+00,0.000000e+00,0.000000e+00,0.000000e+00,0.000000e+00,0.000000e+00,0.000000e+00,0.000000e+00
1.000000e+00,0.000000e+00,0.000000e+00,0.000000e+00,0.000000e+00,0.000000e+00,0.000000e+00,0.000000e+00,0.000000e+00,0.000000e+00,0.000000e+00,0.000000e+00,0.000000e+00,0.000000e+00,0.000000e+00
1.000000e+00,0.000000e+00,0.000000e+00,0.000000e+00,0.000000e+00,0.000000e+00,0.000000e+00,0.000000e+00,0.000000e+00,0.000000e+00,0.000000e+00,0.000000e+00,0.000000e+00,0.000000e+00,0.000000e+00
1.000000e+00,0.000000e+00,0.000000e+00,0.000000e+00,0.000000e+00,0.000000e+00,0.000000e+00,0.000000e+00,0.000000e+00,0.000000e+00,0.000000e+00,0.000000e+00,0.000000e+00,0.000000e+00,0.000000e+00
1.000000e+00,0.000000e+00,0.000000e+00,0.000000e+00,0.000000e+00,0.000000e+00,0.000000e+00,0.000000e+00,0.000000e+00,0.000000e+00,0.000000e+00,0.000000e+00,0.000000e+00,0.000000e+00,0.000000e+00
1.000000e+00,0.000000e+00,0.000000e+00,0.000000e+00,0.000000e+00,0.000000e+00,0.000000e+00,0.000000e+00,0.000000e+00,0.000000e+00,0.000000e+00,0.000000e+00,0.000000e+00,0.000000e+00,0.000000e+00
1.000000e+00,0.000000e+00,0.000000e+00,0.000000e+00,0.000000e+00,0.000000e+00,0.000000e+00,0.000000e+00,0.000000e+00,0.000000e+00,0.000000e+00,0.000000e+00,0.000000e+00,0.000000e+00,0.000000e+00
1.000000e+00,0.000000e+00,0.000000e+00,0.000000e+00,0.000000e+00,0.000000e+00,0.000000e+00,0.000000e+00,0.000000e+00,0.000000e+00,0.000000e+00,0.000000e+00,0.000000e+00,0.000000e+00,0.000000e+00
1.000000e+00,0.000000e+00,0.000000e+00,0.000000e+00,0.000000e+00,0.000000e+00,0.000000e+00,0.000000e+00,0.000000e+00,0.000000e+00,0.000000e+00,0.000000e+00,0.000000e+00,0.000000e+00,0.000000e+00
1.000000e+00,0.000000e+00,0.000000e+00,0.000000e+00,0.000000e+00,0.000000e+00,0.000000e+00,0.000000e+00,0.000000e+00,0.000000e+00,0.000000e+00,0.000000e+00,0.000000e+00,0.000000e+00,0.000000e+00
1.000000e+00,0.000000e+00,0.000000e+00,0.000000e+00,0.000000e+00,0.000000e+00,0.000000e+00,0.000000e+00,0.000000e+00,0.000000e+00,0.000000e+00,0.000000e+00,0.000000e+00,0.000000e+00,0.000000e+00
1.000000e+00,0.000000e+00,0.000000e+00,0.000000e+00,0.000000e+00,0.000000e+00,0.000000e+00,0.000000e+00,0.000000e+00,0.000000e+00,0.000000e+00,0.000000e+00,0.000000e+00,0.000000e+00,0.000000e+00
1.000000e+00,0.000000e+00,0.000000e+00,0.000000e+00,0.000000e+00,0.000000e+00,0.000000e+00,0.000000e+00,0.000000e+00,0.000000e+00,0.000000e+00,0.000000e+00,0.000000e+00,0.000000e+00,0.000000e+00
1.000000e+00,0.000000e+00,0.000000e+00,0.000000e+00,0.000000e+00,0.000000e+00,0.000000e+00,0.000000e+00,0.000000e+00,0.000000e+00,0.000000e+00,0.000000e+00,0.000000e+00,0.000000e+00,0.000000e+00
1.000000e+00,0.000000e+00,0.000000e+00,0.000000e+00,0.000000e+00,0.000000e+00,0.000000e+00,0.000000e+00,0.000000e+00,0.000000e+00,0.000000e+00,0.000000e+00,0.000000e+00,0.000000e+00,0.000000e+00
1.000000e+00,0.000000e+00,0.000000e+00,0.000000e+00,0.000000e+00,0.000000e+00,0.000000e+00,0.000000e+00,0.000000e+00,0.000000e+00,0.000000e+00,0.000000e+00,0.000000e+00,0.000000e+00,0.000000e+00
1.000000e+00,0.000000e+00,0.000000e+00,0.000000e+00,0.000000e+00,0.000000e+00,0.000000e+00,0.000000e+00,0.000000e+00,0.000000e+00,0.000000e+00,0.000000e+00,0.000000e+00,0.000000e+00,0.000000e+00
1.000000e+00,0.000000e+00,0.000000e+00,0.000000e+00,0.000000e+00,0.000000e+00,0.000000e+00,0.000000e+00,0.000000e+00,0.000000e+00,0.000000e+00,0.000000e+00,0.000000e+00,0.000000e+00,0.000000e+00
1.000000e+00,0.000000e+00,0.000000e+00,0.000000e+00,0.000000e+00,0.000000e+00,0.000000e+00,0.000000e+00,0.000000e+00,0.000000e+00,0.000000e+00,0.000000e+00,0.000000e+00,0.000000e+00,0.000000e+00
1.000000e+00,0.000000e+00,0.000000e+00,0.000000e+00,0.000000e+00,0.000000e+00,0.000000e+00,0.000000e+00,0.000000e+00,0.000000e+00,0.000000e+00,0.000000e+00,0.000000e+00,0.000000e+00,0.000000e+00
1.000000e+00,0.000000e+00,0.000000e+00,0.000000e+00,0.000000e+00,0.000000e+00,0.000000e+00,0.000000e+00,0.000000e+00,0.000000e+00,0.000000e+00,0.000000e+00,0.000000e+00,0.000000e+00,0.000000e+00
1.000000e+00,0.000000e+00,0.000000e+00,0.000000e+00,0.000000e+00,0.000000e+00,0.000000e+00,0.000000e+00,0.000000e+00,0.000000e+00,0.000000e+00,0.000000e+00,0.000000e+00,0.000000e+00,0.000000e+00
1.000000e+00,0.000000e+00,0.000000e+00,0.000000e+00,0.000000e+00,0.000000e+00,0.000000e+00,0.000000e+00,0.000000e+00,0.000000e+00,0.000000e+00,0.000000e+00,0.000000e+00,0.000000e+00,0.000000e+00
1.000000e+00,0.000000e+00,0.000000e+00,0.000000e+00,0.000000e+00,0.000000e+00,0.000000e+00,0.000000e+00,0.000000e+00,0.000000e+00,0.000000e+00,0.000000e+00,0.000000e+00,0.000000e+00,0.000000e+00
1.000000e+00,0.000000e+00,0.000000e+00,0.000000e+00,0.000000e+00,0.000000e+00,0.000000e+00,0.000000e+00,0.000000e+00,0.000000e+00,0.000000e+00,0.000000e+00,0.000000e+00,0.000000e+00,0.000000e+00
1.000000e+00,0.000000e+00,0.000000e+00,0.000000e+00,0.000000e+00,0.000000e+00,0.000000e+00,0.000000e+00,0.000000e+00,0.000000e+00,0.000000e+00,0.000000e+00,0.000000e+00,0.000000e+00,0.000000e+00
1.000000e+00,0.000000e+00,0.000000e+00,0.000000e+00,0.000000e+00,0.000000e+00,0.000000e+00,0.000000e+00,0.000000e+00,0.000000e+00,0.000000e+00,0.000000e+00,0.000000e+00,0.000000e+00,0.000000e+00
1.000000e+00,0.000000e+00,0.000000e+00,0.000000e+00,0.000000e+00,0.000000e+00,0.000000e+00,0.000000e+00,0.000000e+00,0.000000e+00,0.000000e+00,0.000000e+00,0.000000e+00,0.000000e+00,0.000000e+00
4.194141e-01,6.131717e-02,1.985032e-02,1.888022e-01,1.795306e-02,3.437409e-02,1.025479e-02,3.722415e-02,3.469561e-02,3.200898e-03,5.070789e-02,6.708321e-02,1.793928e-02,5.846315e-03,3.133694e-02
2.989983e-01,5.219284e-02,4.490325e-02,3.299367e-01,1.594489e-02,2.626986e-02,8.146944e-03,4.331090e-02,3.106761e-02,2.555795e-03,4.234010e-02,5.901210e-02,1.427191e-02,5.529552e-03,2.551926e-02
2.435313e-01,6.309384e-02,4.281072e-02,3.602876e-01,2.503464e-02,2.380520e-02,9.801828e-03,3.479957e-02,3.595655e-02,3.158564e-03,4.568116e-02,5.894376e-02,1.608153e-02,7.131496e-03,2.988235e-02
2.045388e-01,8.261113e-02,3.988969e-02,3.510481e-01,3.167515e-02,2.256638e-02,1.097285e-02,2.831892e-02,3.952546e-02,4.242131e-03,5.111609e-02,5.922426e-02,1.804653e-02,1.190213e-02,4.432243e-02
2.157561e-01,9.829101e-02,3.285952e-02,3.204091e-01,3.257182e-02,2.345924e-02,9.964449e-03,2.356834e-02,3.650511e-02,4.852392e-03,4.670180e-02,6.142773e-02,2.296124e-02,1.301689e-02,5.765519e-02
1.760439e-01,9.306868e-02,4.930061e-02,3.755577e-01,3.257628e-02,2.207635e-02,8.255874e-03,2.658031e-02,3.108023e-02,4.016959e-03,4.042798e-02,5.775647e-02,2.095875e-02,1.081646e-02,5.148345e-02
2.239635e-01,8.394575e-02,6.196995e-02,3.358134e-01,2.756235e-02,2.180421e-02,7.086392e-03,2.212237e-02,2.793784e-02,4.288227e-03,3.888926e-02,5.203657e-02,2.311726e-02,1.054576e-02,5.891719e-02
3.206379e-01,7.165852e-02,4.914589e-02,2.750650e-01,2.308873e-02,2.234603e-02,6.381906e-03,1.941234e-02,2.566218e-02,4.444942e-03,3.435095e-02,4.976553e-02,2.672871e-02,9.521654e-03,6.178971e-02
3.198741e-01,6.347487e-02,6.751858e-02,2.622913e-01,2.130251e-02,2.350184e-02,5.730414e-03,2.196968e-02,2.399004e-02,4.437771e-03,3.622888e-02,4.991780e-02,2.570026e-02,9.338738e-03,6.472325e-02
3.745345e-01,5.700748e-02,6.722613e-02,2.261223e-01,2.026830e-02,2.324690e-02,6.312972e-03,2.199744e-02,2.100529e-02,3.793714e-03,3.527765e-02,5.377933e-02,2.636763e-02,8.139080e-03,5.492131e-02
3.947402e-01,4.617660e-02,6.644762e-02,2.069260e-01,1.757875e-02,2.177557e-02,5.540092e-03,5.210795e-02,1.769730e-02,3.244865e-03,3.754257e-02,5.547765e-02,2.328257e-02,7.588277e-03,4.387401e-02
3.027283e-01,3.374141e-02,8.356600e-02,1.632718e-01,1.330436e-02,1.824282e-02,4.910819e-03,2.362764e-01,1.294372e-02,2.435501e-03,2.969260e-02,4.308861e-02,1.738118e-02,5.886868e-03,3.252973e-02
2.125965e-01,2.365397e-02,5.984724e-02,1.161876e-01,9.643178e-03,1.290888e-02,3.489316e-03,4.602264e-01,9.106108e-03,1.715514e-03,2.114106e-02,3.024855e-02,1.225371e-02,4.164175e-03,2.281792e-02
1.506024e-01,1.660473e-02,4.263797e-02,8.212841e-02,7.046712e-03,9.172098e-03,2.590558e-03,6.174663e-01,6.424958e-03,1.210245e-03,1.507780e-02,2.124869e-02,8.708381e-03,3.057267e-03,1.602354e-02
1.068922e-01,1.169262e-02,3.044564e-02,5.786258e-02,5.078026e-03,6.574186e-03,2.006883e-03,7.285317e-01,4.538931e-03,8.555260e-04,1.082222e-02,1.491162e-02,6.150221e-03,2.383548e-03,1.125421e-02
7.571718e-02,8.245942e-03,2.176906e-02,4.080862e-02,3.722823e-03,4.660748e-03,1.499037e-03,8.075366e-01,3.199399e-03,6.029975e-04,7.708238e-03,1.046651e-02,4.357718e-03,1.812448e-03,7.892750e-03
5.324377e-02,5.805552e-03,1.550297e-02,2.870855e-02,2.809005e-03,3.356094e-03,1.106339e-03,8.637481e-01,2.271491e-03,4.268727e-04,5.594457e-03,7.355755e-03,3.172856e-03,1.357389e-03,5.540915e-03
3.758257e-02,4.092668e-03,1.090142e-02,2.011688e-02,2.349704e-03,2.412038e-03,9.313551e-04,8.688867e-01,1.828804e-03,4.472125e-04,8.521272e-03,1.144179e-02,2.481207e-02,1.703543e-03,3.971996e-03
2.644012e-02,2.880798e-03,7.675127e-03,1.411434e-02,2.049125e-03,1.731065e-03,7.859985e-04,6.973127e-01,1.396529e-03,2.930056e-03,2.260573e-02,1.238831e-01,8.541587e-02,7.881084e-03,2.898466e-03
1.859430e-02,2.031684e-03,5.383306e-03,9.907227e-03,1.734581e-03,1.231205e-03,6.748367e-04,5.061139e-01,1.148480e-03,4.619894e-03,2.021235e-02,2.595255e-01,1.545150e-01,1.200650e-02,2.301255e-03
1.304631e-02,1.428952e-03,3.774888e-03,6.947747e-03,1.846301e-03,8.747830e-04,5.223725e-04,3.594856e-01,9.260236e-04,3.906840e-03,1.779851e-02,2.231160e-01,3.536533e-01,1.038224e-02,2.290202e-03
9.203482e-03,1.056676e-03,2.667584e-03,4.881956e-03,1.899843e-03,6.488474e-04,4.824901e-04,2.529604e-01,7.700530e-03,4.819510e-03,1.601722e-02,2.998932e-01,3.853895e-01,1.024488e-02,2.133812e-03
6.580372e-03,9.099112e-04,1.948910e-03,3.748745e-03,2.425211e-03,6.813275e-04,3.798242e-04,1.776693e-01,2.604134e-02,3.682377e-03,2.368649e-02,3.864425e-01,3.540231e-01,9.932047e-03,1.848629e-03
5.642433e-03,8.406140e-04,1.585295e-03,3.449962e-03,2.826538e-03,1.173076e-03,4.877813e-04,1.247096e-01,5.883367e-02,4.077238e-03,5.129973e-02,4.673924e-01,2.639998e-01,1.210138e-02,1.580407e-03
5.377788e-03,1.075698e-03,1.409574e-03,3.247241e-03,2.705172e-03,2.327969e-03,5.794869e-04,8.828492e-02,6.134565e-02,4.701862e-03,1.224163e-01,4.461429e-01,2.242431e-01,3.440410e-02,1.738238e-03
4.033669e-03,2.141889e-03,1.539544e-03,2.553815e-03,2.349043e-03,2.248249e-03,6.001307e-04,6.223714e-02,6.394526e-02,5.368056e-03,1.272080e-01,4.765993e-01,1.950484e-01,5.210938e-02,2.018098e-03
2.896316e-03,6.461656e-03,1.602154e-03,1.896867e-03,2.091203e-03,1.810361e-03,4.689617e-04,4.365538e-02,6.836963e-02,4.645464e-03,1.310555e-01,4.864915e-01,1.533899e-01,9.323388e-02,1.931134e-03
2.149050e-03,4.835397e-03,1.198504e-03,1.477294e-03,1.668327e-03,1.870068e-03,3.677924e-04,3.060997e-02,1.291386e-01,9.418225e-03,1.623198e-01,4.029235e-01,1.134997e-01,1.346057e-01,3.918049e-03
1.678428e-03,3.785774e-03,9.577889e-04,1.253453e-03,1.603566e-03,1.725990e-03,2.742027e-04,2.146980e-02,1.928287e-01,1.222602e-02,1.649745e-01,3.406081e-01,8.520079e-02,1.647980e-01,6.614866e-03
1.425165e-03,2.838505e-03,7.705365e-04,1.111006e-03,1.304126e-03,1.732920e-03,1.975221e-04,1.505628e-02,2.178085e-01,1.314139e-02,1.747290e-01,3.026938e-01,6.389329e-02,1.964859e-01,6.812016e-03
1.208588e-03,2.302828e-03,8.076889e-04,9.435528e-04,1.343476e-03,1.541015e-03,1.419645e-04,1.056382e-02,2.429632e-01,1.323317e-02,1.687270e-01,2.816724e-01,4.966379e-02,2.187317e-01,6.155920e-03
1.181306e-03,5.440867e-03,3.457014e-03,2.705531e-03,4.108958e-03,5.173124e-03,1.735854e-04,7.541818e-03,3.037685e-01,1.236986e-02,1.938234e-01,2.186510e-01,3.742459e-02,1.990017e-01,5.178793e-03
1.497969e-03,7.343935e-03,1.116018e-02,3.793150e-03,1.679727e-02,8.519286e-03,2.459324e-03,6.172099e-03,3.027219e-01,1.463102e-02,2.284601e-01,1.707264e-01,2.985423e-02,1.869466e-01,8.916580e-03
2.246238e-03,6.033657e-03,9.626410e-03,3.821030e-03,1.934728e-02,1.475163e-02,2.272492e-03,5.113520e-03,2.327085e-01,1.252932e-02,3.609008e-01,1.406879e-01,2.661918e-02,1.559373e-01,7.404664e-03
4.798281e-03,9.047097e-03,1.665042e-02,5.641502e-03,1.766815e-02,2.155635e-02,1.804352e-03,6.910359e-03,3.584174e-01,1.393126e-02,2.772779e-01,1.017379e-01,1.998781e-02,1.333452e-01,1.122609e-02
5.262543e-03,9.756440e-03,1.504132e-02,4.911090e-03,1.326926e-02,6.395396e-02,1.326292e-03,7.176036e-03,4.659979e-01,1.209259e-02,2.046489e-01,7.176183e-02,1.429398e-02,1.011738e-01,9.334074e-03
4.846641e-03,7.766737e-03,1.276576e-02,3.771467e-03,1.047813e-02,6.822924e-02,9.335277e-04,9.364453e-03,5.822623e-01,1.059058e-02,1.452897e-01,5.028307e-02,1.017383e-02,7.565033e-02,7.594306e-03
6.134500e-03,7.392380e-03,1.666630e-02,3.136233e-03,1.108306e-02,7.275804e-02,7.660250e-04,1.703697e-02,6.434325e-01,8.839748e-03,1.047731e-01,3.530870e-02,7.655809e-03,5.809438e-02,6.922309e-03
1.513011e-02,5.985771e-03,4.604826e-02,3.353428e-03,1.348230e-02,5.990861e-02,7.833489e-04,3.579062e-02,6.504974e-01,7.234151e-03,7.502684e-02,2.482544e-02,5.466764e-03,4.892553e-02,7.541385e-03
2.348236e-02,4.564571e-03,1.080565e-01,7.391115e-03,2.193102e-02,4.480207e-02,5.896300e-04,3.978847e-02,6.185359e-01,5.913657e-03,5.400451e-02,1.740816e-02,3.870879e-03,4.123090e-02,8.430260e-03
2.339133e-02,3.742023e-03,1.413054e-01,1.431917e-02,2.845305e-02,3.305648e-02,4.382762e-04,1.213708e-01,5.360344e-01,5.195947e-03,3.846700e-02,1.222980e-02,2.757238e-03,3.153088e-02,7.708232e-03
1.735037e-02,2.892169e-03,1.351922e-01,1.162104e-02,2.376431e-02,2.325790e-02,3.354543e-04,3.374560e-01,3.790602e-01,3.674839e-03,2.708728e-02,8.576143e-03,1.953584e-03,2.230117e-02,5.477305e-03
1.351989e-02,2.215069e-03,1.056184e-01,8.457571e-03,2.223589e-02,1.684329e-02,3.610465e-04,5.153357e-01,2.664738e-01,2.587763e-03,1.919360e-02,6.014077e-03,1.453164e-03,1.581812e-02,3.872612e-03
1.110399e-02,1.700496e-03,8.580968e-02,6.292192e-03,1.822587e-02,1.253027e-02,4.256623e-04,6.420416e-01,1.871773e-01,1.841683e-03,1.348261e-02,4.218875e-03,1.155620e-03,1.121547e-02,2.778637e-03
9.112610e-03,1.311849e-03,6.418546e-02,4.681276e-03,1.552913e-02,9.152582e-03,4.499230e-04,7.397811e-01,1.312389e-01,1.325295e-03,9.471760e-03,2.959331e-03,8.629399e-04,7.963630e-03,1.974173e-03
8.976402e-03,1.350004e-03,5.071096e-02,3.464477e-03,1.243282e-02,7.303195e-03,5.040448e-04,8.050904e-01,9.217452e-02,9.892159e-04,6.763209e-03,2.091113e-03,7.312810e-04,5.878238e-03,1.540105e-03
1.485455e-02,1.468861e-03,3.939345e-02,3.128770e-03,9.569015e-03,7.852291e-03,6.773666e-04,8.426912e-01,6.531555e-02,7.522760e-04,5.066856e-03,1.559977e-03,6.987450e-04,4.537401e-03,2.433676e-03
1.945277e-02,1.381337e-03,2.912959e-02,2.604345e-03,7.612764e-03,8.531250e-03,8.108206e-04,8.689984e-01,4.664767e-02,6.696532e-04,4.201168e-03,1.205727e-03,6.863018e-04,3.601332e-03,4.466909e-03
3.292271e-02,1.745144e-03,2.423155e-02,2.570007e-03,7.415274e-03,1.196823e-02,1.640472e-03,8.662706e-01,3.334128e-02,6.717308e-04,3.417969e-03,9.118291e-04,6.186934e-04,2.988083e-03,9.286484e-03
4.008481e-02,1.588953e-03,2.089583e-02,2.156912e-03,6.235553e-03,1.290310e-02,2.014482e-03,8.731250e-01,2.357867e-02,7.829384e-04,2.572812e-03,7.367373e-04,5.680539e-04,2.334325e-03,1.042181e-02
4.447300e-02,1.346250e-03,2.029232e-02,2.181520e-03,5.376033e-03,1.424360e-02,2.246242e-03,8.743305e-01,1.671971e-02,1.319242e-03,2.175987e-03,7.462246e-04,6.615060e-04,1.934801e-03,1.195312e-02
5.730500e-02,1.685612e-03,2.586799e-02,2.308226e-03,5.307825e-03,2.493033e-02,1.828450e-03,7.132012e-01,2.309296e-02,8.509912e-03,5.648046e-03,2.804321e-03,2.858803e-03,1.360283e-02,1.110485e-01
5.938742e-02,1.822072e-03,2.276910e-02,2.092592e-03,4.158928e-03,3.911865e-02,1.382677e-03,5.204985e-01,5.839020e-02,1.100207e-02,7.524021e-03,3.263593e-03,2.595271e-03,6.121449e-02,2.047804e-01
7.683968e-02,2.559706e-03,2.215583e-02,1.805889e-03,7.018718e-03,5.591813e-02,1.276787e-03,3.859454e-01,8.566640e-02,9.914986e-03,1.921538e-02,2.979757e-03,2.880915e-03,1.245314e-01,2.012910e-01
8.375542e-02,2.961632e-03,1.755381e-02,1.521882e-03,6.736647e-03,4.432765e-02,1.065425e-03,2.814789e-01,1.456841e-01,1.093291e-02,2.718293e-02,2.717891e-03,3.258165e-03,1.885986e-01,1.822240e-01
1.176656e-01,3.052537e-03,1.971260e-02,2.326145e-03,6.072328e-03,4.697037e-02,9.907627e-04,2.225510e-01,1.883200e-01,1.532445e-02,2.336887e-02,2.961100e-03,4.116002e-03,1.763791e-01,1.701892e-01
1.575181e-01,3.553313e-03,1.538480e-02,2.238818e-03,5.293111e-03,4.786215e-02,9.765123e-04,1.641888e-01,2.086995e-01,1.203002e-02,2.262663e-02,3.228424e-03,5.428406e-03,1.763463e-01,1.746251e-01
1.724870e-01,3.878080e-03,1.221097e-02,3.063564e-03,4.513287e-03,5.682983e-02,1.580409e-03,1.171217e-01,2.608632e-01,9.472899e-03,2.130455e-02,4.124166e-03,6.120226e-03,1.765743e-01,1.498558e-01
2.269535e-01,4.139251e-03,9.320184e-03,3.244500e-03,4.239295e-03,5.805465e-02,1.969814e-03,8.374499e-02,2.763820e-01,7.285281e-03,2.097585e-02,4.792850e-03,7.017465e-03,1.660835e-01,1.257968e-01
2.454587e-01,3.917363e-03,7.660116e-03,4.504356e-03,5.182269e-03,4.738092e-02,2.467646e-03,6.070732e-02,3.484179e-01,6.430354e-03,2.113750e-02,6.077587e-03,7.911346e-03,1.359427e-01,9.680400e-02
2.291580e-01,4.319224e-03,6.353728e-03,5.086419e-03,7.278792e-03,4.179571e-02,2.422064e-03,4.382928e-02,3.755811e-01,7.470271e-03,2.593476e-02,8.013649e-03,1.637567e-02,1.314233e-01,9.495806e-02
1.699183e-01,6.362155e-03,4.900892e-03,5.967729e-03,1.119429e-02,3.079399e-02,1.865188e-03,3.107304e-02,4.504983e-01,1.039690e-02,2.507439e-02,8.556277e-03,1.809433e-02,1.323503e-01,9.295402e-02
1.286508e-01,1.240639e-02,3.950309e-03,4.776323e-03,8.435532e-03,2.253084e-02,1.352587e-03,2.185637e-02,4.665316e-01,1.881742e-02,1.875301e-02,6.206024e-03,1.374064e-02,1.087585e-01,1.632337e-01
9.967469e-02,2.143278e-02,3.824436e-03,4.917952e-03,7.797940e-03,1.649416e-02,1.012572e-03,1.584020e-02,5.041162e-01,4.013602e-02,1.497924e-02,4.672014e-03,1.037217e-02,9.943043e-02,1.552992e-01
7.534242e-02,2.005542e-02,6.235087e-03,9.582212e-03,6.834869e-03,1.284874e-02,1.101356e-03,1.197950e-02,5.808017e-01,4.695293e-02,1.557848e-02,3.993604e-03,1.057039e-02,7.332695e-02,1.247964e-01
7.281001e-02,1.937745e-02,1.871491e-02,9.725749e-03,1.688180e-02,1.959038e-02,3.440789e-02,1.948712e-02,4.949480e-01,7.795748e-02,1.810765e-02,3.579552e-03,1.436227e-02,6.151790e-02,1.185319e-01
7.592469e-02,1.575207e-02,4.695957e-02,9.445393e-03,2.643728e-02,2.072785e-02,1.503598e-01,4.820556e-02,3.638749e-01,6.458357e-02,1.476061e-02,2.865876e-03,1.133815e-02,5.086577e-02,9.789888e-02
8.464874e-02,1.180846e-02,1.123354e-01,8.901594e-03,2.436251e-02,2.324241e-02,2.452495e-01,4.844944e-02,2.571966e-01,5.034924e-02,1.063443e-02,2.380364e-03,1.145956e-02,3.659132e-02,7.239054e-02
1.113542e-01,9.699344e-03,1.686624e-01,7.937385e-03,2.632169e-02,2.721127e-02,2.623265e-01,5.149477e-02,1.830465e-01,4.590691e-02,8.024408e-03,2.926163e-03,1.422813e-02,2.713767e-02,5.372274e-02
1.082319e-01,8.004037e-03,1.237863e-01,6.230671e-03,2.246406e-02,2.542594e-02,4.050988e-01,4.824897e-02,1.299277e-01,3.382151e-02,6.638222e-03,3.576210e-03,1.826543e-02,2.022266e-02,4.005765e-02
1.195040e-01,7.493227e-03,9.124412e-02,5.958606e-03,1.894735e-02,2.289131e-02,4.947752e-01,4.220073e-02,9.295101e-02,2.543592e-02,6.056839e-03,6.861031e-03,1.887964e-02,1.516599e-02,3.163506e-02
1.255851e-01,7.362658e-03,7.306232e-02,8.047024e-03,1.561967e-02,2.093477e-02,5.458179e-01,4.078439e-02,6.671351e-02,1.853088e-02,6.508064e-03,1.111199e-02,2.330928e-02,1.121560e-02,2.539694e-02
1.080067e-01,5.657685e-03,5.376345e-02,6.324709e-03,1.198564e-02,1.730115e-02,6.398901e-01,3.405609e-02,4.700966e-02,1.340659e-02,5.226364e-03,1.030423e-02,1.989316e-02,8.225922e-03,1.894854e-02
1.044156e-01,5.014314e-03,4.134449e-02,5.710991e-03,9.753472e-03,1.546307e-02,6.903820e-01,2.857065e-02,3.334194e-02,1.005921e-02,4.785093e-03,1.066101e-02,1.748645e-02,6.652075e-03,1.635966e-02
1.128268e-01,4.702668e-03,3.712198e-02,5.305904e-03,8.387598e-03,1.460122e-02,7.046396e-01,2.703742e-02,2.454131e-02,7.976288e-03,5.463744e-03,9.893051e-03,1.551378e-02,5.877431e-03,1.611127e-02
1.142469e-01,4.312734e-03,3.541037e-02,5.037367e-03,7.439481e-03,1.317198e-02,7.169445e-01,2.760080e-02,1.895040e-02,6.487881e-03,6.350847e-03,1.011929e-02,1.330141e-02,4.951366e-03,1.567471e-02
9.558861e-02,3.737070e-03,4.238300e-02,4.481328e-03,7.565888e-03,1.286187e-02,7.336490e-01,3.145038e-02,1.568563e-02,5.989437e-03,5.651758e-03,8.946869e-03,1.490463e-02,3.729983e-03,1.337464e-02
1.187259e-01,3.571898e-03,4.221087e-02,3.885845e-03,7.633165e-03,1.273716e-02,7.026824e-01,3.956181e-02,1.471107e-02,6.783754e-03,5.393367e-03,1.048478e-02,1.520914e-02,3.416619e-03,1.299237e-02
1.304211e-01,3.461819e-03,4.122195e-02,3.813409e-03,8.798100e-03,1.344335e-02,6.641093e-01,6.125049e-02,1.292508e-02,8.160095e-03,5.919973e-03,1.146201e-02,1.811779e-02,3.421026e-03,1.347454e-02
1.553632e-01,6.669202e-03,5.693746e-02,1.092925e-02,1.205033e-02,2.787814e-02,5.186180e-01,8.655669e-02,1.514325e-02,1.571367e-02,1.186432e-02,2.590928e-02,2.122401e-02,4.554823e-03,3.058832e-02
1.275049e-01,6.638010e-03,4.583799e-02,2.047338e-02,1.216856e-02,2.394470e-02,3.764319e-01,8.688064e-02,2.644456e-02,5.102875e-02,1.808233e-02,4.281901e-02,7.779958e-02,5.470396e-03,7.847533e-02
9.511948e-02,8.063840e-03,3.761211e-02,1.703968e-02,1.532984e-02,1.900324e-02,2.872593e-01,7.817893e-02,2.390808e-02,9.804358e-02,2.209681e-02,3.706225e-02,1.628370e-01,5.685423e-03,9.276045e-02
7.467433e-02,8.001855e-03,3.024440e-02,1.637165e-02,1.478333e-02,1.518714e-02,2.120164e-01,6.306054e-02,6.517350e-02,9.000516e-02,3.878102e-02,5.563602e-02,2.214662e-01,7.480220e-03,8.711830e-02
5.469387e-02,7.838070e-03,2.512150e-02,1.416663e-02,1.660156e-02,1.404903e-02,1.583343e-01,4.915503e-02,6.226476e-02,1.329716e-01,3.456505e-02,5.448011e-02,2.890288e-01,8.547674e-03,7.818213e-02
4.191104e-02,7.462609e-03,1.925627e-02,1.477030e-02,1.628508e-02,1.281205e-02,1.147914e-01,3.524934e-02,7.062502e-02,1.532981e-01,2.859214e-02,7.203907e-02,2.947103e-01,1.362289e-02,1.045744e-01
4.278618e-02,6.905824e-03,1.492393e-02,3.195199e-02,1.674185e-02,1.419069e-02,8.765066e-02,2.556345e-02,1.232456e-01,1.647338e-01,2.655149e-02,1.024916e-01,2.327214e-01,1.942947e-02,9.011219e-02
3.953808e-02,5.346898e-03,1.179508e-02,3.766809e-02,1.394435e-02,2.933864e-02,6.850519e-02,1.817015e-02,1.257381e-01,1.362639e-01,4.241977e-02,1.832436e-01,1.956925e-01,2.005203e-02,7.228359e-02
3.187407e-02,3.821318e-03,8.395476e-03,2.943758e-02,1.032560e-02,2.416826e-02,4.847553e-02,1.275733e-02,9.387675e-02,1.108422e-01,7.795919e-02,2.965939e-01,1.816022e-01,1.748443e-02,5.238612e-02
2.524119e-02,3.185077e-03,6.086214e-03,2.176343e-02,8.826673e-03,1.775129e-02,3.422783e-02,8.982376e-03,8.233754e-02,1.282382e-01,1.112971e-01,2.608109e-01,1.970178e-01,4.147146e-02,5.276286e-02
1.848428e-02,2.970525e-03,6.250771e-03,1.626342e-02,2.242564e-02,1.258937e-02,2.416027e-02,7.958887e-03,1.185862e-01,1.119298e-01,1.201467e-01,1.987206e-01,2.082732e-01,4.454179e-02,8.669855e-02
1.457366e-02,3.586839e-03,5.386171e-03,1.407288e-02,4.725357e-02,9.154792e-03,1.710689e-02,7.922759e-03,1.430651e-01,9.939519e-02,1.330251e-01,1.589759e-01,2.226474e-01,3.973258e-02,8.410120e-02
1.298601e-02,8.841521e-03,7.304498e-03,2.114646e-02,6.278740e-02,8.272787e-03,1.248654e-02,3.653293e-02,1.723555e-01,8.855613e-02,1.450498e-01,1.267858e-01,1.936909e-01,3.117703e-02,7.202668e-02
1.368020e-02,1.123753e-02,8.864023e-03,2.524450e-02,7.076320e-02,1.297272e-02,9.518307e-03,5.873626e-02,2.394029e-01,6.635828e-02,1.421723e-01,1.140975e-01,1.469570e-01,2.738478e-02,5.261052e-02
1.539730e-02,1.206643e-02,1.124019e-02,2.119803e-02,6.528392e-02,4.101570e-02,7.714301e-03,5.748808e-02,2.485534e-01,5.828235e-02,1.712780e-01,1.137246e-01,1.089619e-01,2.818416e-02,3.961158e-02
2.768243e-02,1.528186e-02,1.327121e-02,2.515827e-02,4.930718e-02,3.713819e-02,6.125508e-03,7.410331e-02,2.182364e-01,5.245273e-02,2.417569e-01,1.029380e-01,8.022226e-02,2.691914e-02,2.940656e-02
3.011495e-02,1.159551e-02,9.999398e-03,1.911193e-02,3.544505e-02,3.242987e-02,4.554759e-03,5.369497e-02,1.645162e-01,4.258160e-02,3.766339e-01,1.173821e-01,5.792907e-02,2.293567e-02,2.107507e-02
2.684912e-02,8.579135e-03,7.325015e-03,1.429597e-02,2.505295e-02,2.674938e-02,3.286007e-03,3.852034e-02,1.182146e-01,3.151609e-02,4.575588e-01,1.663213e-01,4.142098e-02,1.924587e-02,1.506440e-02
2.098643e-02,6.129779e-03,5.253643e-03,1.035066e-02,1.759966e-02,2.086701e-02,2.375416e-03,2.713159e-02,8.308896e-02,2.254987e-02,5.635829e-01,1.643980e-01,2.931453e-02,1.570186e-02,1.066978e-02
1.604556e-02,4.426979e-03,3.833130e-03,7.470211e-03,1.243071e-02,2.351051e-02,1.708499e-03,1.906696e-02,5.834274e-02,1.603391e-02,5.922546e-01,2.032230e-01,2.082274e-02,1.315515e-02,7.675360e-03
1.142530e-02,3.402927e-03,2.793889e-03,5.294335e-03,8.939264e-03,1.756793e-02,1.209323e-03,1.335394e-02,4.102794e-02,1.133357e-02,6.426544e-01,2.102191e-01,1.471312e-02,1.041963e-02,5.645457e-03
8.184020e-03,3.039113e-03,2.168864e-03,3.774668e-03,6.615274e-03,1.382116e-02,8.736547e-04,9.361505e-03,2.908764e-02,8.182603e-03,6.474282e-01,2.436838e-01,1.041798e-02,8.877250e-03,4.484371e-03
5.910777e-03,2.562877e-03,1.751238e-03,2.701775e-03,5.736309e-03,1.082098e-02,8.018855e-04,6.625212e-03,2.069721e-02,6.122916e-03,6.241512e-01,2.937932e-01,7.490922e-03,7.411197e-03,3.422314e-03
4.990511e-03,3.026678e-03,1.838620e-03,2.023855e-03,6.704418e-03,8.665539e-03,7.303790e-04,4.884850e-03,1.507200e-02,5.163476e-03,5.748914e-01,3.557751e-01,5.509960e-03,7.784171e-03,2.939000e-03
5.163459e-03,3.414980e-03,1.829676e-03,1.521936e-03,6.555041e-03,7.098788e-03,6.672011e-04,3.847348e-03,1.089472e-02,4.358691e-03,5.592471e-01,3.819517e-01,4.077455e-03,7.123106e-03,2.248786e-03
6.652597e-03,4.521196e-03,2.026816e-03,1.151436e-03,6.101174e-03,7.093455e-03,9.657259e-04,3.098571e-03,7.966783e-03,7.724574e-03,5.568174e-01,3.843337e-01,3.042875e-03,6.382737e-03,2.120927e-03
5.548972e-03,5.333743e-03,2.298252e-03,8.445278e-04,8.289600e-03,8.026293e-03,1.788965e-03,2.490202e-03,6.099642e-03,2.205729e-02,5.165081e-01,4.108351e-01,2.294364e-03,5.487592e-03,2.097254e-03
5.012074e-03,3.965298e-03,1.836157e-03,6.224797e-04,6.463643e-03,1.049722e-02,1.516059e-03,1.947671e-03,4.792471e-03,2.820993e-02,5.333773e-01,3.929438e-01,1.771279e-03,5.136644e-03,1.907860e-03
3.901657e-03,2.924227e-03,1.342215e-03,4.502326e-04,5.172185e-03,9.644565e-03,1.320541e-03,1.435321e-03,3.644059e-03,8.328293e-02,5.435166e-01,3.363279e-01,1.499587e-03,4.034469e-03,1.503474e-03
3.078738e-03,2.348822e-03,1.098627e-03,3.498825e-04,4.318749e-03,1.362819e-02,2.376401e-03,1.324704e-03,3.035344e-03,1.887655e-01,4.594830e-01,3.139114e-01,1.337037e-03,3.312059e-03,1.631620e-03
2.382461e-03,1.951931e-03,1.559699e-03,2.624980e-04,3.941149e-03,1.126222e-02,2.691230e-03,1.209140e-03,2.600438e-03,3.985823e-01,3.368229e-01,2.311115e-01,1.042169e-03,2.473849e-03,2.106599e-03
1.790984e-03,1.497767e-03,1.312066e-03,1.940903e-04,3.579579e-03,1.154552e-02,2.095450e-03,9.052321e-04,2.125680e-03,5.508557e-01,2.545390e-01,1.649772e-01,8.175984e-04,1.818438e-03,1.945735e-03
1.453888e-03,1.341632e-03,1.140288e-03,2.346878e-04,3.999935e-03,1.057776e-02,1.599545e-03,7.459032e-04,2.532759e-03,6.527996e-01,2.001884e-01,1.190638e-01,9.025681e-04,1.427686e-03,1.991498e-03
1.170884e-03,3.173177e-02,3.288273e-03,2.392806e-04,3.914667e-03,8.001006e-03,1.162372e-03,6.569911e-04,6.467406e-03,7.022443e-01,1.465055e-01,8.524085e-02,1.222891e-03,1.468458e-03,6.685360e-03
1.519128e-03,2.732360e-02,3.542454e-03,5.149827e-04,1.209546e-02,6.129937e-03,8.440139e-04,1.232039e-03,1.409020e-02,7.540185e-01,1.076330e-01,6.217324e-02,1.774875e-03,1.425689e-03,5.682800e-03
3.639187e-03,2.567864e-02,2.112276e-02,2.249965e-03,2.374966e-02,2.801495e-02,1.429240e-03,4.211438e-02,1.769590e-02,6.947936e-01,8.127974e-02,4.819921e-02,2.755129e-03,1.440228e-03,5.837439e-03
7.457326e-03,4.164764e-02,6.512958e-02,6.638142e-03,3.352024e-02,2.714895e-02,1.385790e-03,5.833089e-02,2.780194e-02,6.195661e-01,6.275512e-02,3.746796e-02,3.070741e-03,1.489882e-03,6.589653e-03
1.592933e-02,9.722345e-02,8.617704e-02,6.606710e-03,3.441226e-02,2.178585e-02,1.214711e-03,4.980226e-02,5.383650e-02,5.478613e-01,4.742476e-02,2.699294e-02,2.739093e-03,1.839999e-03,6.153858e-03
3.518750e-02,1.104452e-01,1.181130e-01,8.152068e-03,3.482221e-02,1.782599e-02,1.142174e-03,4.131945e-02,4.651302e-02,5.163181e-01,3.938336e-02,1.986736e-02,2.100265e-03,3.179882e-03,5.630352e-03
5.346595e-02,1.135200e-01,9.691680e-02,8.325873e-03,3.662609e-02,1.507606e-02,9.341957e-04,3.459041e-02,4.994776e-02,5.108801e-01,5.150522e-02,1.500950e-02,1.718849e-03,5.971650e-03,5.511518e-03
8.802553e-02,1.555288e-01,8.119636e-02,1.231028e-02,3.707395e-02,1.542296e-02,8.712657e-04,4.919435e-02,5.774952e-02,4.156879e-01,5.379496e-02,1.295946e-02,1.409384e-03,1.200571e-02,6.769595e-03
1.133966e-01,1.463616e-01,9.326874e-02,1.532053e-02,3.631794e-02,1.674175e-02,9.499131e-04,8.162396e-02,5.561976e-02,3.451868e-01,5.532884e-02,1.229109e-02,1.357981e-03,1.784806e-02,8.386470e-03
1.272698e-01,1.108851e-01,8.498184e-02,2.261230e-02,4.169869e-02,1.403526e-02,1.188725e-03,1.825246e-01,5.262603e-02,2.756007e-01,4.269860e-02,1.035737e-02,1.703681e-03,2.435699e-02,7.460393e-03
1.129751e-01,7.920731e-02,6.398885e-02,2.687130e-02,3.949997e-02,1.070150e-02,1.258454e-03,3.559947e-01,3.959268e-02,2.065365e-01,3.041591e-02,7.658685e-03,1.488228e-03,1.828477e-02,5.526008e-03
8.930939e-02,5.587329e-02,4.697418e-02,2.271264e-02,3.435022e-02,7.956861e-03,1.162086e-03,5.207087e-01,2.848131e-02,1.474673e-01,2.146859e-02,5.487829e-03,1.132609e-03,1.296400e-02,3.951088e-03
6.665193e-02,3.929324e-02,3.363840e-02,1.706543e-02,2.893328e-02,5.866780e-03,9.542566e-04,6.521634e-01,2.009629e-02,1.036048e-01,1.512500e-02,3.853283e-03,8.206747e-04,9.148541e-03,2.784790e-03
5.425090e-02,2.766231e-02,2.429144e-02,1.306158e-02,2.494169e-02,4.299894e-03,7.613905e-04,7.412597e-01,1.433600e-02,7.267655e-02,1.068679e-02,2.713669e-03,6.015240e-04,6.489964e-03,1.966646e-03
4.140300e-02,1.941904e-02,1.713461e-02,9.965855e-03,2.402963e-02,3.154965e-03,6.165180e-04,8.073769e-01,1.015109e-02,5.088536e-02,7.553238e-03,1.914403e-03,4.496693e-04,4.557820e-03,1.387976e-03
3.265558e-02,1.366011e-02,1.215588e-02,7.584171e-03,2.544399e-02,2.409873e-03,5.769896e-04,8.514570e-01,7.189181e-03,3.562522e-02,5.353977e-03,1.355110e-03,3.457861e-04,3.200343e-03,9.868052e-04
2.598600e-02,9.621209e-03,8.655275e-03,5.743811e-03,2.323186e-02,1.835022e-03,5.167759e-04,8.863730e-01,5.129321e-03,2.494272e-02,3.781735e-03,9.648788e-04,2.698055e-04,2.247384e-03,7.011460e-04
1.999677e-02,6.787878e-03,6.234719e-03,4.356995e-03,2.242932e-02,1.397989e-03,4.243877e-04,9.116280e-01,3.643825e-03,1.746167e-02,2.675805e-03,6.827229e-04,2.045501e-04,1.580297e-03,4.950290e-04
1.645831e-02,4.818864e-03,4.489955e-03,3.304602e-03,2.525476e-02,1.183960e-03,3.518076e-04,9.252539e-01,2.606464e-03,1.222654e-02,1.914320e-03,4.979692e-04,1.698814e-04,1.111850e-03,3.567941e-04
2.821178e-02,5.566358e-03,3.783947e-03,2.941685e-03,3.072234e-02,1.359642e-03,3.889780e-04,9.074684e-01,4.729362e-03,8.744462e-03,2.401685e-03,8.472840e-04,8.548325e-04,9.068729e-04,1.072337e-03
4.242900e-02,7.685743e-03,3.107706e-03,4.903389e-03,3.764293e-02,1.366361e-03,5.321779e-04,8.410096e-01,2.235045e-02,6.454799e-03,9.787276e-03,1.019492e-02,9.118997e-03,1.241208e-03,2.175536e-03
4.775665e-02,1.143882e-02,4.260361e-03,5.324897e-02,4.852831e-02,1.491432e-03,6.228985e-04,6.618151e-01,4.663897e-02,5.831947e-03,2.207879e-02,4.910874e-02,3.877399e-02,1.309132e-03,7.095931e-03
4.410547e-02,1.183970e-02,5.309870e-03,6.392232e-02,3.849835e-02,1.997996e-03,5.548591e-04,4.769622e-01,1.150277e-01,4.545608e-03,3.812826e-02,1.008394e-01,9.118842e-02,1.004351e-03,6.075529e-03
5.302566e-02,1.572871e-02,4.705518e-03,6.122746e-02,2.838886e-02,1.810757e-03,4.551664e-04,3.401826e-01,2.383113e-01,4.233729e-03,3.698863e-02,1.084950e-01,9.996374e-02,8.024092e-04,5.680443e-03
4.802451e-02,1.194175e-02,4.825898e-03,6.122042e-02,2.167218e-02,1.942995e-03,5.071061e-04,2.701203e-01,2.676503e-01,3.253438e-03,9.056649e-02,1.013432e-01,1.118530e-01,7.624297e-04,4.316059e-03
4.891107e-02,1.073298e-02,6.270810e-03,7.592852e-02,1.627915e-02,3.950762e-03,5.275484e-04,2.597605e-01,2.959554e-01,2.898922e-03,9.793018e-02,8.678305e-02,8.931912e-02,8.861065e-04,3.865770e-03
7.370199e-02,1.188487e-02,1.151652e-02,9.332530e-02,1.316310e-02,4.207779e-03,4.997804e-04,2.315686e-01,3.031378e-01,2.996031e-03,9.519222e-02,8.037106e-02,7.289905e-02,1.247707e-03,4.288141e-03
7.393964e-02,1.453000e-02,2.153671e-02,1.165950e-01,1.777719e-02,5.197688e-03,1.003960e-03,1.736321e-01,3.569457e-01,2.588933e-03,8.865100e-02,6.474463e-02,5.640715e-02,2.161935e-03,4.288319e-03
9.652935e-02,1.692437e-02,2.972380e-02,1.106288e-01,3.392559e-02,4.619857e-03,1.302845e-03,1.324554e-01,3.936810e-01,3.220234e-03,7.453995e-02,4.783619e-02,4.184472e-02,2.562881e-03,1.020498e-02
1.378703e-01,1.655648e-02,4.156233e-02,9.532434e-02,7.406005e-02,6.198146e-03,5.145611e-03,1.129556e-01,3.701228e-01,2.693110e-03,5.940813e-02,3.498841e-02,3.140967e-02,2.841875e-03,8.863242e-03
1.075719e-01,1.550530e-02,1.136677e-01,1.938373e-01,7.129435e-02,5.266460e-03,4.722804e-03,1.072249e-01,2.778418e-01,2.559319e-03,4.332513e-02,2.496137e-02,2.297062e-02,2.132199e-03,7.118817e-03
8.726177e-02,1.509603e-02,1.675736e-01,2.678631e-01,6.581824e-02,5.044234e-03,4.242574e-03,9.217861e-02,2.116240e-01,2.891036e-03,3.779252e-02,1.812968e-02,1.686350e-02,1.652543e-03,5.968581e-03
1.137301e-01,2.142553e-02,1.368496e-01,2.073204e-01,6.270495e-02,5.927732e-03,2.829970e-02,1.730363e-01,1.781917e-01,4.887059e-03,3.239862e-02,1.377738e-02,1.348102e-02,1.937710e-03,6.032188e-03
1.086633e-01,1.784656e-02,1.070079e-01,1.514439e-01,5.992902e-02,6.311591e-03,7.275134e-02,2.837878e-01,1.356425e-01,4.145301e-03,2.412762e-02,1.000710e-02,1.170589e-02,1.491039e-03,5.139136e-03
9.664895e-02,1.278827e-02,8.369269e-02,1.070923e-01,4.656775e-02,5.783005e-03,2.220847e-01,2.865735e-01,9.624316e-02,3.429395e-03,1.783475e-02,7.410021e-03,8.757918e-03,1.161569e-03,3.932039e-03
7.382510e-02,9.348668e-03,6.198431e-02,7.515877e-02,3.555650e-02,5.123431e-03,4.198387e-01,2.194552e-01,6.782993e-02,2.878297e-03,1.275604e-02,5.351840e-03,6.781081e-03,9.469023e-04,3.165181e-03
6.137442e-02,7.023698e-03,4.706291e-02,5.301940e-02,2.786384e-02,6.039144e-03,5.510679e-01,1.704229e-01,4.922946e-02,2.909711e-03,9.844633e-03,4.011418e-03,5.877646e-03,8.616702e-04,3.391305e-03
6.556835e-02,6.723724e-03,4.377762e-02,3.759163e-02,2.946776e-02,1.005191e-02,5.882708e-01,1.400527e-01,3.742796e-02,6.911837e-03,8.959709e-03,4.355515e-03,7.265319e-03,1.441716e-03,1.213338e-02
6.002059e-02,5.861773e-03,3.381810e-02,2.673845e-02,3.653829e-02,1.220340e-02,6.280330e-01,1.128259e-01,2.775769e-02,1.515354e-02,7.369227e-03,3.813931e-03,8.566525e-03,1.652826e-03,1.964668e-02
6.216970e-02,4.893885e-03,2.629203e-02,1.900757e-02,3.802282e-02,1.249864e-02,6.550640e-01,9.303440e-02,2.102565e-02,2.692513e-02,6.406818e-03,3.182542e-03,8.423480e-03,1.783214e-03,2.127015e-02
1.059358e-01,4.415425e-03,2.106749e-02,1.445202e-02,3.434822e-02,1.558203e-02,6.300693e-01,8.188492e-02,1.622084e-02,2.953260e-02,5.810128e-03,3.695569e-03,7.925580e-03,3.764658e-03,2.529540e-02
1.425753e-01,5.222412e-03,1.984027e-02,1.162132e-02,3.699435e-02,1.864478e-02,5.195239e-01,7.210257e-02,1.371395e-02,8.580267e-02,7.332966e-03,4.668761e-03,1.143260e-02,1.299631e-02,3.752774e-02
2.042969e-01,6.736341e-03,2.445531e-02,1.244947e-02,3.829731e-02,1.876600e-02,4.066612e-01,5.788570e-02,1.612994e-02,9.904444e-02,1.584393e-02,2.186276e-02,1.950153e-02,1.371908e-02,4.435003e-02
2.730526e-01,7.975713e-03,1.979561e-02,1.346628e-02,3.504292e-02,2.087696e-02,3.205737e-01,4.845684e-02,1.534905e-02,8.318282e-02,2.280588e-02,3.467134e-02,3.756271e-02,1.550658e-02,5.168105e-02
