1.000000e+00,0.000000e+00,0.000000e+00,0.000000e+00,0.000000e+00,0.000000e+00,0.000000e+00,0.000000e+00,0.000000e+00,0.000000e+00,0.000000e+00,0.000000e+00,0.000000e+00,0.000000e+00,0.000000e+00
1.000000e+00,0.000000e+00,0.000000e+00,0.000000e+00,0.000000e+00,0.000000e+00,0.000000e+00,0.000000e+00,0.000000e+00,0.000000e+00,0.000000e+00,0.000000e+00,0.000000e+00,0.000000e+00,0.000000e+00
1.000000e+00,0.000000e+00,0.000000e+00,0.000000e+00,0.000000e+00,0.000000e+00,0.000000e+00,0.000000e+00,0.000000e+00,0.000000e+00,0.000000e+00,0.000000e+00,0.000000e+00,0.000000e+00,0.000000e+00
1.000000e+00,0.000000e+00,0.000000e+00,0.000000e+00,0.000000e+00,0.000000e+00,0.000000e+00,0.000000e+00,0.000000e+00,0.000000e+00,0.000000e+00,0.000000e+00,0.000000e+00,0.000000e+00,0.000000e+00
1.000000e+00,0.000000e+00,0.000000e+00,0.000000e+00,0.000000e+00,0.000000e+00,0.000000e+00,0.000000e+00,0.000000e+00,0.000000e+00,0.000000e+00,0.000000e+00,0.000000e+00,0.000000e+00,0.000000e+00
1.000000e+00,0.000000e+00,0.000000e+00,0.000000e+00,0.000000e+00,0.000000e+00,0.000000e+00,0.000000e+00,0.000000e+00,0.000000e+00,0.000000e+00,0.000000e+00,0.000000e+00,0.000000e+00,0.000000e+00
1.000000e+00,0.000000e+00,0.000000e+00,0.000000e+00,0.000000e+00,0.000000e+00,0.000000e+00,0.000000e+00,0.000000e+00,0.000000e+00,0.000000e+00,0.000000e+00,0.000000e+00,0.000000e+00,0.000000e+00
1.000000e+00,0.000000e+00,0.000000e+00,0.000000e+00,0.000000e+00,0.000000e+00,0.000000e+00,0.000000e+00,0.000000e+00,0.000000e+00,0.000000e+00,0.000000e+00,0.000000e+00,0.000000e+00,0.000000e+00
1.000000e+00,0.000000e+00,0.000000e+00,0.000000e+00,0.000000e+00,0.000000e+00,0.000000e+00,0.000000e+00,0.000000e+00,0.000000e+00,0.000000e+00,0.000000e+00,0.000000e+00,0.000000e+00,0.000000e+00
1.000000e+00,0.000000e+00,0.000000e+00,0.000000e+00,0.000000e+00,0.000000e+00,0.000000e+00,0.000000e+00,0.000000e+00,0.000000e+00,0.000000e+00,0.000000e+00,0.000000e+00,0.000000e+00,0.000000e+00
1.000000e+00,0.000000e+00,0.000000e+00,0.000000e+00,0.000000e+00,0.000000e+00,0.000000e+00,0.000000e+00,0.000000e+00,0.000000e+00,0.000000e+00,0.000000e+00,0.000000e+00,0.000000e+00,0.000000e+00
1.000000e+00,0.000000e+00,0.000000e+00,0.000000e+00,0.000000e+00,0.000000e+00,0.000000e+00,0.000000e+00,0.000000e+00,0.000000e+00,0.000000e+00,0.000000e+00,0.000000e+00,0.000000e+00,0.000000e+00
1.000000e+00,0.000000e+00,0.000000e+00,0.000000e+00,0.000000e+00,0.000000e+00,0.000000e+00,0.000000e+00,0.000000e+00,0.000000e+00,0.000000e+00,0.000000e+00,0.000000e+00,0.000000e+00,0.000000e+00
1.000000e+00,0.000000e+00,0.000000e+00,0.000000e+00,0.000000e+00,0.000000e+00,0.000000e+00,0.000000e+00,0.000000e+00,0.000000e+00,0.000000e+00,0.000000e+00,0.000000e+00,0.000000e+00,0.000000e+00
1.000000e+00,0.000000e+00,0.000000e+00,0.000000e+00,0.000000e+00,0.000000e+00,0.000000e+00,0.000000e+00,0.000000e+00,0.000000e+00,0.000000e+00,0.000000e+00,0.000000e+00,0.000000e+00,0.000000e+00
1.000000e+00,0.000000e+00,0.000000e+00,0.000000e+00,0.000000e+00,0.000000e+00,0.000000e+00,0.000000e+00,0.000000e+00,0.000000e+00,0.000000e+00,0.000000e+00,0.000000e+00,0.000000e+00,0.000000e+00
1.000000e+00,0.000000e+00,0.000000e+00,0.000000e+00,0.000000e+00,0.000000e+00,0.000000e+00,0.000000e+00,0.000000e+00,0.000000e+00,0.000000e+00,0.000000e+00,0.000000e+00,0.000000e+00,0.000000e+00
1.000000e+00,0.000000e+00,0.000000e+00,0.000000e+00,0.000000e+00,0.000000e+00,0.000000e+00,0.000000e+00,0.000000e+00,0.000000e+00,0.000000e+00,0.000000e+00,0.000000e+00,0.000000e+00,0.000000e+00
1.000000e+00,0.000000e+00,0.000000e+00,0.000000e+00,0.000000e+00,0.000000e+00,0.000000e+00,0.000000e+00,0.000000e+00,0.000000e+00,0.000000e+00,0.000000e+00,0.000000e+00,0.000000e+00,0.000000e+00
1.000000e+00,0.000000e+00,0.000000e+00,0.000000e+00,0.000000e+00,0.000000e+00,0.000000e+00,0.000000e+00,0.000000e+00,0.000000e+00,0.000000e+00,0.000000e+00,0.000000e+00,0.000000e+00,0.000000e+00
1.000000e+00,0.000000e+00,0.000000e+00,0.000000e+00,0.000000e+00,0.000000e+00,0.000000e+00,0.000000e+00,0.000000e+00,0.000000e+00,0.000000e+00,0.000000e+00,0.000000e+00,0.000000e+00,0.000000e+00
1.000000e+00,0.000000e+00,0.000000e+00,0.000000e+00,0.000000e+00,0.000000e+00,0.000000e+00,0.000000e+00,0.000000e+00,0.000000e+00,0.000000e+00,0.000000e+00,0.000000e+00,0.000000e+00,0.000000e+00
1.000000e+00,0.000000e+00,0.000000e+00,0.000000e+00,0.000000e+00,0.000000e+00,0.000000e+00,0.000000e+00,0.000000e+00,0.000000e+00,0.000000e+00,0.000000e+00,0.000000e+00,0.000000e+00,0.000000e+00
1.000000e+00,0.000000e+00,0.000000e+00,0.000000e+00,0.000000e+00,0.000000e+00,0.000000e+00,0.000000e+00,0.000000e+00,0.000000e+00,0.000000e+00,0.000000e+00,0.000000e+00,0.000000e+00,0.000000e+00
1.000000e+00,0.000000e+00,0.000000e+00,0.000000e+00,0.000000e+00,0.000000e+00,0.000000e+00,0.000000e+00,0.000000e+00,0.000000e+00,0.000000e+00,0.000000e+00,0.000000e+00,0.000000e+00,0.000000e+00
1.000000e+00,0.000000e+00,0.000000e+00,0.000000e+00,0.000000e+00,0.000000e+00,0.000000e+00,0.000000e+00,0.000000e+00,0.000000e+00,0.000000e+00,0.000000e+00,0.000000e+00,0.000000e+00,0.000000e+00
1.000000e+00,0.000000e+00,0.000000e+00,0.000000e+00,0.000000e+00,0.000000e+00,0.000000e+00,0.000000e+00,0.000000e+00,0.000000e+00,0.000000e+00,0.000000e+00,0.000000e+00,0.000000e+00,0.000000e+00
1.000000e+00,0.000000e+00,0.000000e+00,0.000000e+00,0.000000e+00,0.000000e+00,0.000000e+00,0.000000e+00,0.000000e+00,0.000000e+00,0.000000e+00,0.000000e+00,0.000000e+00,0.000000e+00,0.000000e+00
1.000000e+00,0.000000e+00,0.000000e+00,0.000000e+00,0.000000e+00,0.000000e+00,0.000000e+00,0.000000e+00,0.000000e+00,0.000000e+00,0.000000e+00,0.000000e+00,0.000000e+00,0.000000e+00,0.000000e+00
1.000000e+00,0.000000e+00,0.000000e+00,0.000000e+00,0.000000e+00,0.000000e+00,0.000000e+00,0.000000e+00,0.000000e+00,0.000000e+00,0.000000e+00,0.000000e+00,0.000000e+00,0.000000e+00,0.000000e+00
1.000000e+00,0.000000e+00,0.000000e+00,0.000000e+00,0.000000e+00,0.000000e+00,0.000000e+00,0.000000e+00,0.000000e+00,0.000000e+00,0.000000e+00,0.000000e+00,0.000000e+00,0.000000e+00,0.000000e+00
1.000000e+00,0.000000e+00,0.000000e+00,0.000000e+00,0.000000e+00,0.000000e+00,0.000000e+00,0.000000e+00,0.000000e+00,0.000000e+00,0.000000e+00,0.000000e+00,0.000000e+00,0.000000e+00,0.000000e+00
1.000000e+00,0.000000e+00,0.000000e+00,0.000000e+00,0.000000e+00,0.000000e+00,0.000000e+00,0.000000e+00,0.000000e+00,0.000000e+00,0.000000e+00,0.000000e+00,0.000000e+00,0.000000e+00,0.000000e+00
1.000000e+00,0.000000e+00,0.000000e+00,0.000000e+00,0.000000e+00,0.000000e+00,0.000000e+00,0.000000e+00,0.000000e+00,0.000000e+00,0.000000e+00,0.000000e+00,0.000000e+00,0.000000e+00,0.000000e+00
1.000000e+00,0.000000e+00,0.000000e+00,0.000000e+00,0.000000e+00,0.000000e+00,0.000000e+00,0.000000e+00,0.000000e+00,0.000000e+00,0.000000e+00,0.000000e+00,0.000000e+00,0.000000e+00,0.000000e+00
1.000000e+00,0.000000e+00,0.000000e+00,0.000000e+00,0.000000e+00,0.000000e+00,0.000000e+00,0.000000e+00,0.000000e+00,0.000000e+00,0.000000e+00,0.000000e+00,0.000000e+00,0.000000e+00,0.000000e+00
1.000000e+00,0.000000e+00,0.000000e+00,0.000000e+00,0.000000e+00,0.000000e+00,0.000000e+00,0.000000e+00,0.000000e+00,0.000000e+00,0.000000e+00,0.000000e+00,0.000000e+00,0.000000e+00,0.000000e+00
1.000000e+00,0.000000e+00,0.000000e+00,0.000000e+00,0.000000e+00,0.000000e+00,0.000000e+00,0.000000e+00,0.000000e+00,0.000000e+00,0.000000e+00,0.000000e+00,0.000000e+00,0.000000e+00,0.000000e+00
1.000000e+00,0.000000e+00,0.000000e+00,0.000000e+00,0.000000e+00,0.000000e+00,0.000000e+00,0.000000e+00,0.000000e+00,0.000000e+00,0.000000e+00,0.000000e+00,0.000000e+00,0.000000e+00,0.000000e+00
1.000000e+00,0.000000e+00,0.000000e+00,0.000000e+00,0.000000e+00,0.000000e+00,0.000000e+00,0.000000e+00,0.000000e+00,0.000000e+00,0.000000e+00,0.000000e+00,0.000000e+00,0.000000e+00,0.000000e+00
1.000000e+00,0.000000e+00,0.000000e+00,0.000000e+00,0.000000e+00,0.000000e+00,0.000000e+00,0.000000e+00,0.000000e+00,0.000000e+00,0.000000e+00,0.000000e+00,0.000000e+00,0.000000e+00,0.000000e+00
1.000000e+00,0.000000e+00,0.000000e+00,0.000000e+00,0.000000e+00,0.000000e+00,0.000000e+00,0.000000e+00,0.000000e+00,0.000000e+00,0.000000e+00,0.000000e+00,0.000000e+00,0.000000e+00,0.000000e+00
1.000000e+00,0.000000e+00,0.000000e+00,0.000000e+00,0.000000e+00,0.000000e+00,0.000000e+00,0.000000e+00,0.000000e+00,0.000000e+00,0.000000e+00,0.000000e+00,0.000000e+00,0.000000e+00,0.000000e+00
1.000000e+00,0.000000e+00,0.000000e+00,0.000000e+00,0.000000e+00,0.000000e+00,0.000000e+00,0.000000e+00,0.000000e+00,0.000000e+00,0.000000e+00,0.000000e+00,0.000000e+00,0.000000e+00,0.000000e+00
1.000000e+00,0.000000e+00,0.000000e+00,0.000000e+00,0.000000e+00,0.000000e+00,0.000000e+00,0.000000e+00,0.000000e+00,0.000000e+00,0.000000e+00,0.000000e+00,0.000000e+00,0.000000e+00,0.000000e+00
1.000000e+00,0.000000e+00,0.000000e+00,0.000000e+00,0.000000e+00,0.000000e+00,0.000000e+00,0.000000e+00,0.000000e+00,0.000000e+00,0.000000e+00,0.000000e+00,0.000000e+00,0.000000e+00,0.000000e+00
1.000000e+00,0.000000e+00,0.000000e+00,0.000000e+00,0.000000e+00,0.000000e+00,0.000000e+00,0.000000e+00,0.000000e+00,0.000000e+00,0.000000e+00,0.000000e+00,0.000000e+00,0.000000e+00,0.000000e+00
1.000000e+00,0.000000e+00,0.000000e+00,0.000000e+00,0.000000e+00,0.000000e+00,0.000000e+00,0.000000e+00,0.000000e+00,0.000000e+00,0.000000e+00,0.000000e+00,0.000000e+00,0.000000e+00,0.000000e+00
1.000000e+00,0.000000e+00,0.000000e+00,0.000000e+00,0.000000e+00,0.000000e+00,0.000000e+00,0.000000e+00,0.000000e+00,0.000000e+00,0.000000e+00,0.000000e+00,0.000000e+00,0.000000e+00,0.000000e+00
1.000000e+00,0.000000e+00,0.000000e+00,0.000000e+00,0.000000e+00,0.000000e+00,0.000000e+00,0.000000e+00,0.000000e+00,0.000000e+00,0.000000e+00,0.000000e+00,0.000000e+00,0.000000e+00,0.000000e+00
1.000000e+00,0.000000e+00,0.000000e+00,0.000000e+00,0.000000e+00,0.000000e+00,0.000000e+00,0.000000e+00,0.000000e+00,0.000000e+00,0.000000e+00,0.000000e+00,0.000000e+00,0.000000e+00,0.000000e+00
1.000000e+00,0.000000e+00,0.000000e+00,0.000000e+00,0.000000e+00,0.000000e+00,0.000000e+00,0.000000e+00,0.000000e+00,0.000000e+00,0.000000e+00,0.000000e+00,0.000000e+00,0.000000e+00,0.000000e+00
1.000000e+00,0.000000e+00,0.000000e+00,0.000000e+00,0.000000e+00,0.000000e+00,0.000000e+00,0.000000e+00,0.000000e+00,0.000000e+00,0.000000e+00,0.000000e+00,0.000000e+00,0.000000e+00,0.000000e+00
1.000000e+00,0.000000e+00,0.000000e+00,0.000000e+00,0.000000e+00,0.000000e+00,0.000000e+00,0.000000e+00,0.000000e+00,0.000000e+00,0.000000e+00,0.000000e+00,0.000000e+00,0.000000e+00,0.000000e+00
1.000000e+00,0.000000e+00,0.000000e+00,0.000000e+00,0.000000e+00,0.000000e+00,0.000000e+00,0.000000e+00,0.000000e+00,0.000000e+00,0.000000e+00,0.000000e+00,0.000000e+00,0.000000e+00,0.000000e+00
1.000000e+00,0.000000e+00,0.000000e+00,0.000000e+00,0.000000e+00,0.000000e+00,0.000000e+00,0.000000e+00,0.000000e+00,0.000000e+00,0.000000e+00,0.000000e+00,0.000000e+00,0.000000e+00,0.000000e+00
3.787546e-01,7.257188e-03,5.379927e-03,1.679139e-02,3.244428e-03,1.425193e-02,2.659496e-03,6.531471e-03,3.438437e-03,9.129867e-04,5.210634e-01,2.046575e-02,8.321803e-03,2.886661e-03,8.040548e-03
2.652021e-01,5.126729e-03,3.775549e-03,1.178382e-02,2.307436e-03,1.055732e-02,1.877725e-03,4.582005e-03,2.549488e-03,6.609665e-04,6.523141e-01,2.425974e-02,5.860510e-03,2.963339e-03,6.179159e-03
1.858229e-01,3.856780e-03,2.687944e-03,8.348023e-03,1.739959e-03,9.001000e-03,1.450583e-03,3.253153e-03,2.285974e-03,5.546857e-04,7.283374e-01,3.855134e-02,4.193609e-03,3.124128e-03,6.792500e-03
1.313936e-01,7.591514e-03,2.607546e-03,6.758303e-03,3.706470e-03,1.501600e-02,2.189435e-03,2.610849e-03,5.919018e-03,2.080740e-03,6.548176e-01,1.049370e-01,3.017051e-03,4.547202e-03,5.280768e-02
9.231486e-02,6.660593e-03,2.538718e-03,5.869323e-03,4.511710e-03,1.295116e-02,2.019125e-03,2.637706e-03,6.434027e-03,3.799257e-03,5.943960e-01,1.996595e-01,2.192752e-03,7.504116e-03,5.651112e-02
6.497417e-02,6.436347e-03,3.082473e-03,5.043664e-03,6.877793e-03,1.171203e-02,2.970042e-03,3.375412e-03,7.391023e-03,1.040568e-02,5.474557e-01,2.642734e-01,1.671990e-03,8.702890e-03,5.562741e-02
4.645425e-02,1.330603e-02,6.404207e-03,5.274534e-03,2.004838e-02,9.689659e-03,4.095573e-03,8.883142e-03,1.155216e-02,1.344310e-02,4.666963e-01,2.966124e-01,1.366414e-03,1.033961e-02,8.583423e-02
3.284775e-02,3.011729e-02,1.117908e-02,4.267334e-03,3.354677e-02,1.053008e-02,4.654445e-03,8.017395e-03,2.959664e-02,2.021248e-02,3.618802e-01,3.516119e-01,1.084317e-03,1.236688e-02,8.808745e-02
2.328816e-02,2.290725e-02,8.375847e-03,3.150674e-03,2.525176e-02,1.515016e-02,4.778810e-03,6.074102e-03,2.440700e-02,5.333768e-02,3.821515e-01,3.481992e-01,1.097637e-03,1.221722e-02,6.961305e-02
1.682097e-02,1.704261e-02,6.021209e-03,2.290124e-03,1.820727e-02,3.435664e-02,3.594249e-03,4.417609e-03,1.919417e-02,4.734419e-02,4.206382e-01,3.361036e-01,9.533157e-04,2.047727e-02,5.253856e-02
1.241946e-02,1.552297e-02,4.807440e-03,1.669139e-03,1.513414e-02,4.451650e-02,2.980541e-03,3.263712e-03,1.706669e-02,7.867573e-02,4.059926e-01,3.232035e-01,9.252112e-04,3.293208e-02,4.089029e-02
8.760385e-03,1.104444e-02,3.424942e-03,1.178805e-03,1.081595e-02,3.663037e-02,2.118633e-03,2.291337e-03,1.224585e-02,1.225547e-01,5.042601e-01,2.297611e-01,7.501125e-04,2.448633e-02,2.967703e-02
6.196062e-03,7.965808e-03,2.460062e-03,8.395984e-04,7.711444e-03,3.688653e-02,1.529687e-03,1.609026e-03,8.751456e-03,1.684004e-01,5.519339e-01,1.638310e-01,6.073189e-04,1.793860e-02,2.333909e-02
4.413703e-03,5.802182e-03,1.754715e-03,6.016766e-04,5.493727e-03,4.020839e-02,1.231713e-03,1.131195e-03,6.219048e-03,1.935759e-01,5.893954e-01,1.188316e-01,5.860528e-04,1.285653e-02,1.789824e-02
3.436064e-03,4.368335e-03,1.269264e-03,4.636247e-04,4.012124e-03,3.075803e-02,9.120071e-04,8.207058e-04,6.767342e-03,2.111132e-01,6.118971e-01,9.670380e-02,9.558909e-04,1.315705e-02,1.336543e-02
2.491565e-03,9.532809e-03,1.639135e-03,3.789086e-04,3.061751e-03,2.491299e-02,7.002621e-04,5.949718e-04,6.150040e-03,3.371612e-01,5.076272e-01,7.901785e-02,2.168655e-03,1.149178e-02,1.307094e-02
1.847481e-03,7.686653e-03,1.831035e-03,3.453359e-04,3.799270e-03,1.936635e-02,7.039311e-04,6.303639e-04,5.091859e-03,5.258119e-01,3.569184e-01,5.640413e-02,1.791192e-03,8.252370e-03,9.519805e-03
1.385455e-03,8.248709e-03,1.695706e-03,3.779291e-04,5.584024e-03,1.503983e-02,5.173632e-04,4.812870e-04,5.225014e-03,6.551636e-01,2.513603e-01,4.010957e-02,1.488801e-03,5.924738e-03,7.397679e-03
1.445472e-03,6.868279e-03,1.959547e-03,3.884433e-04,9.099877e-03,1.259290e-02,5.039005e-04,5.846999e-04,4.361655e-03,7.457103e-01,1.769855e-01,2.830372e-02,1.374613e-03,4.404005e-03,5.417056e-03
1.455248e-03,8.234559e-03,1.833233e-03,3.826281e-04,1.246771e-02,1.457839e-02,3.726076e-04,1.510608e-03,9.257205e-03,7.861459e-01,1.290644e-01,2.326932e-02,3.519407e-03,3.500890e-03,4.407870e-03
2.005423e-03,5.050464e-02,1.488217e-03,3.804597e-04,1.792548e-02,1.250635e-02,3.194643e-04,2.497808e-03,7.627113e-02,7.118979e-01,9.411646e-02,1.814505e-02,5.451149e-03,2.766888e-03,3.723584e-03
4.455164e-03,4.082625e-02,2.215034e-03,2.493230e-03,2.578733e-02,1.020207e-02,2.322122e-03,1.757831e-01,6.482798e-02,5.810651e-01,6.655823e-02,1.371202e-02,4.742182e-03,2.170798e-03,2.839385e-03
8.300005e-03,4.217001e-02,2.738874e-03,3.372529e-03,3.723468e-02,1.699156e-02,3.235443e-03,1.646576e-01,7.090296e-02,5.838844e-01,4.698478e-02,1.034252e-02,4.899707e-03,2.000582e-03,2.284433e-03
1.744592e-02,4.099289e-02,2.563256e-03,3.693271e-03,4.021547e-02,2.353179e-02,3.066254e-03,1.305933e-01,1.803247e-01,4.956694e-01,3.475087e-02,1.233480e-02,1.062315e-02,1.700434e-03,2.494498e-03
1.759173e-02,3.961381e-02,2.000762e-03,8.299648e-03,3.095989e-02,2.354239e-02,2.799159e-03,9.536818e-02,3.528802e-01,3.725127e-01,2.699504e-02,1.097629e-02,1.163179e-02,1.249778e-03,3.578656e-03
2.137841e-02,3.668142e-02,1.936841e-03,1.061164e-02,2.487512e-02,3.538758e-02,2.791793e-03,6.812175e-02,4.602561e-01,2.715976e-01,2.265341e-02,1.215986e-02,2.439472e-02,1.133808e-03,6.019927e-03
1.762048e-02,2.665153e-02,1.876361e-03,1.586566e-02,2.732829e-02,3.708769e-02,2.296128e-03,4.840998e-02,3.627885e-01,1.921880e-01,2.731354e-02,2.868892e-02,2.031555e-01,9.053752e-04,7.824108e-03
1.313768e-02,1.891022e-02,1.710951e-03,1.264749e-02,2.217587e-02,2.871426e-02,1.721123e-03,3.432435e-02,2.596253e-01,1.385449e-01,3.204700e-02,4.423463e-02,3.797282e-01,6.750537e-04,1.180297e-02
1.137351e-02,1.348399e-02,1.441225e-03,1.234013e-02,2.043306e-02,2.464468e-02,1.658897e-03,2.537723e-02,1.913083e-01,9.720398e-02,2.673566e-02,3.704005e-02,5.258410e-01,1.050514e-03,1.006776e-02
8.256057e-03,9.679335e-03,1.079236e-03,9.946383e-03,1.487258e-02,1.793756e-02,1.265079e-03,1.793508e-02,1.352372e-01,6.815106e-02,2.035747e-02,4.741298e-02,6.385391e-01,8.032391e-04,8.527659e-03
7.234643e-03,6.838399e-03,7.832756e-04,7.456127e-03,1.085830e-02,1.454683e-02,9.641841e-04,1.265676e-02,9.593131e-02,4.773363e-02,1.494019e-02,5.287227e-02,7.204537e-01,6.050564e-04,6.125266e-03
5.607957e-03,5.359964e-03,5.951489e-04,5.382044e-03,8.016022e-03,5.419105e-02,8.485482e-04,9.220345e-03,7.290746e-02,3.345894e-02,1.151256e-02,5.434639e-02,7.334049e-01,6.382201e-04,4.510376e-03
4.709110e-03,5.422510e-03,4.622747e-04,3.955487e-03,6.047859e-03,1.515361e-01,6.716232e-04,6.801428e-03,6.531432e-02,2.346520e-02,8.696278e-03,6.030982e-02,6.588076e-01,5.621066e-04,3.238314e-03
4.544295e-03,8.148980e-03,4.727061e-04,3.304012e-03,5.514851e-03,1.697409e-01,9.075451e-04,6.288200e-03,7.723947e-02,1.653485e-02,6.546474e-03,6.184706e-02,6.358587e-01,5.403039e-04,2.511585e-03
4.330003e-03,8.704690e-03,4.296631e-04,2.716410e-03,4.237016e-03,1.626819e-01,7.799747e-04,5.322275e-03,7.010651e-02,1.166733e-02,5.160000e-03,5.262087e-02,6.687924e-01,5.103959e-04,1.940571e-03
4.613732e-03,1.056328e-02,5.911287e-04,8.785495e-03,3.515929e-03,1.870523e-01,8.037522e-04,4.278731e-03,8.784103e-02,8.585989e-03,8.998269e-03,7.039415e-02,6.006428e-01,1.089128e-03,2.244307e-03
3.979502e-03,7.684248e-03,5.037309e-04,7.039682e-03,3.418700e-03,1.341061e-01,8.162836e-04,8.586024e-03,1.034432e-01,6.829153e-03,6.390238e-02,1.214250e-01,5.342526e-01,1.061471e-03,2.952015e-03
3.400889e-03,5.665204e-03,4.583068e-04,5.342480e-03,2.952309e-03,9.725311e-02,7.852537e-04,2.870345e-02,1.102649e-01,5.090997e-03,8.827555e-02,1.310541e-01,5.171300e-01,9.031380e-04,2.720348e-03
5.744071e-03,5.103071e-03,1.094298e-03,7.082050e-03,4.603171e-03,8.495007e-02,1.486159e-03,3.743833e-02,1.424081e-01,4.324948e-03,8.357279e-02,1.120677e-01,5.008563e-01,1.380966e-03,7.887935e-03
6.439529e-03,4.874446e-03,2.758841e-03,6.856177e-03,6.148091e-03,8.477499e-02,1.770197e-03,3.381918e-02,1.705564e-01,3.314955e-03,7.552735e-02,8.551413e-02,5.077574e-01,1.481292e-03,8.407000e-03
8.388518e-03,3.856266e-03,4.348612e-03,3.498233e-02,7.888150e-03,1.122494e-01,1.768889e-03,1.123362e-01,1.400668e-01,2.551921e-03,6.735513e-02,6.402276e-02,4.316551e-01,1.476527e-03,7.053271e-03
1.232920e-02,3.497517e-03,4.565977e-03,2.989853e-02,1.139281e-02,1.226351e-01,2.687324e-03,8.929578e-02,1.794559e-01,2.145132e-03,8.041311e-02,5.282285e-02,3.989641e-01,1.659079e-03,8.237604e-03
1.669471e-02,3.417265e-03,4.498994e-03,3.305615e-02,1.511483e-02,1.192416e-01,3.091895e-03,8.492836e-02,1.924812e-01,1.934673e-03,8.489177e-02,4.791372e-02,3.826447e-01,2.512825e-03,7.577309e-03
3.061707e-02,4.886288e-03,5.384932e-03,2.783010e-02,1.981747e-02,9.555496e-02,4.050302e-03,6.551361e-02,2.395158e-01,1.647260e-03,6.471726e-02,3.921583e-02,3.927546e-01,2.472092e-03,6.022378e-03
3.899866e-02,6.310218e-03,9.614768e-03,8.148868e-02,2.103566e-02,7.990921e-02,3.801429e-03,6.649802e-02,2.430195e-01,1.903908e-03,6.637451e-02,5.108213e-02,3.194392e-01,3.952764e-03,6.571243e-03
4.508173e-02,7.544130e-03,1.036223e-02,7.516914e-02,2.336580e-02,7.013145e-02,4.468806e-03,7.691669e-02,2.316863e-01,2.284916e-03,6.370070e-02,5.492361e-02,3.227770e-01,4.750756e-03,6.836701e-03
4.659591e-02,8.301102e-03,9.596259e-03,5.910673e-02,2.493499e-02,5.354633e-02,3.836309e-03,8.672968e-02,2.977767e-01,2.567280e-03,6.346208e-02,6.107342e-02,2.721631e-01,3.967908e-03,6.342158e-03
4.719637e-02,9.025855e-03,8.068679e-03,4.529589e-02,2.621271e-02,5.221947e-02,3.599027e-03,6.997608e-02,2.654380e-01,2.340216e-03,5.062984e-02,4.979427e-02,3.615401e-01,3.104565e-03,5.558887e-03
3.711668e-02,7.083715e-03,6.195625e-03,3.220214e-02,2.150701e-02,4.177040e-02,2.686418e-03,5.231004e-02,1.927089e-01,1.746782e-03,3.677269e-02,4.369840e-02,5.173001e-01,2.296374e-03,4.604764e-03
3.323497e-02,6.355952e-03,4.730060e-03,2.353572e-02,2.003352e-02,3.876298e-02,2.004775e-03,3.736900e-02,1.475059e-01,2.418595e-03,3.138459e-02,4.205545e-02,6.040817e-01,2.412320e-03,4.114485e-03
2.867164e-02,9.411722e-03,3.843309e-03,1.762978e-02,1.591885e-02,3.556971e-02,1.667459e-03,2.703948e-02,1.179798e-01,3.639814e-03,3.021894e-02,6.612096e-02,6.358905e-01,2.528884e-03,3.869115e-03
2.616445e-02,3.200182e-02,5.539475e-03,3.763805e-02,1.188954e-02,4.988997e-02,1.319047e-03,1.978376e-02,1.906057e-01,6.476614e-03,2.602270e-02,5.985518e-02,5.171748e-01,3.268557e-03,1.237032e-02
2.565088e-02,2.535693e-02,4.161054e-03,2.696857e-02,8.843143e-03,9.741049e-02,1.176295e-03,1.589582e-02,1.757992e-01,4.737567e-03,2.002701e-02,5.289183e-02,5.292304e-01,2.532050e-03,9.318769e-03
2.413579e-02,6.347115e-02,4.190082e-03,1.131362e-01,6.771877e-03,9.243907e-02,8.787066e-04,1.172368e-02,2.007802e-01,4.615486e-03,1.591939e-02,5.508336e-02,3.867711e-01,2.676295e-03,1.740751e-02
7.833941e-02,6.208533e-02,3.622113e-03,9.165256e-02,6.632600e-03,9.445225e-02,1.003294e-03,1.072870e-02,2.173232e-01,4.201071e-03,1.419855e-02,6.903464e-02,3.276544e-01,3.177297e-03,1.589459e-02
1.038155e-01,5.079874e-02,4.018325e-03,9.667884e-02,9.750025e-03,1.086133e-01,1.581799e-03,2.253496e-02,2.547469e-01,4.756918e-03,1.183968e-02,5.512781e-02,2.534824e-01,2.917825e-03,1.933695e-02
2.228602e-01,4.817628e-02,3.743542e-03,7.877489e-02,9.204268e-03,8.886643e-02,1.620382e-03,1.937931e-02,2.279953e-01,4.405668e-03,1.053233e-02,4.496172e-02,2.147702e-01,3.484185e-03,2.122528e-02
2.466785e-01,4.409277e-02,3.720610e-03,6.451946e-02,2.802999e-02,8.590087e-02,5.150725e-03,2.214702e-02,2.485395e-01,4.716161e-03,8.244424e-03,3.439241e-02,1.790468e-01,2.670986e-03,2.214987e-02
2.290327e-01,5.537920e-02,4.019200e-03,5.081547e-02,3.272607e-02,8.664912e-02,5.880978e-03,2.087414e-02,2.589860e-01,4.376122e-03,6.794064e-03,2.658062e-02,1.944408e-01,2.360158e-03,2.108529e-02
1.979579e-01,4.886308e-02,4.831664e-03,1.767280e-01,2.734690e-02,6.542398e-02,4.338704e-03,1.574055e-02,2.563678e-01,4.381726e-03,9.286678e-03,2.062576e-02,1.434686e-01,2.249191e-03,2.238948e-02
2.069990e-01,4.171014e-02,4.205411e-03,1.577350e-01,2.659062e-02,9.990618e-02,4.206768e-03,1.345501e-02,2.472457e-01,4.015308e-03,1.885705e-02,1.902956e-02,1.215889e-01,5.954262e-03,2.850116e-02
1.636228e-01,3.299306e-02,5.238855e-03,2.140838e-01,3.171019e-02,7.768235e-02,3.184948e-03,1.303038e-02,2.778720e-01,3.925599e-03,3.256585e-02,1.558020e-02,9.616014e-02,6.273045e-03,2.607673e-02
1.553347e-01,2.767197e-02,4.659154e-03,1.695953e-01,4.513319e-02,9.444006e-02,3.501813e-03,1.229779e-02,2.498987e-01,3.718802e-03,4.838458e-02,1.451545e-02,8.828064e-02,1.069849e-02,7.186933e-02
1.610502e-01,2.379058e-02,4.067943e-03,1.231706e-01,5.286288e-02,1.418149e-01,5.026611e-03,1.852986e-02,2.303417e-01,3.073093e-03,4.066337e-02,1.274713e-02,1.020460e-01,1.197791e-02,6.883711e-02
1.545620e-01,1.776110e-02,1.798233e-02,9.993326e-02,4.404277e-02,1.435215e-01,4.089761e-03,1.548347e-01,1.783728e-01,2.273702e-03,3.550790e-02,9.955747e-03,7.692506e-02,1.009836e-02,5.013905e-02
1.711039e-01,1.827439e-02,1.861203e-02,8.113432e-02,4.261705e-02,1.410350e-01,4.137409e-03,1.543641e-01,2.075028e-01,1.900329e-03,3.315011e-02,8.027447e-03,5.969684e-02,9.259374e-03,4.918493e-02
1.838191e-01,1.761264e-02,1.537235e-02,6.451855e-02,4.564885e-02,1.703888e-01,6.511206e-03,1.184834e-01,2.132313e-01,1.597923e-03,2.811297e-02,7.656650e-03,6.930958e-02,9.007912e-03,4.872873e-02
1.900845e-01,1.801657e-02,1.219886e-02,5.152005e-02,4.319898e-02,2.107196e-01,6.642325e-03,8.912650e-02,2.112952e-01,1.331349e-03,2.393739e-02,8.152228e-03,8.561282e-02,8.430832e-03,3.973273e-02
1.715843e-01,1.433120e-02,1.401350e-02,1.397841e-01,3.476355e-02,1.586513e-01,4.957992e-03,1.261148e-01,1.710807e-01,1.924064e-03,2.198017e-02,1.287370e-02,8.955388e-02,6.229641e-03,3.215716e-02
1.263352e-01,1.127320e-02,1.119242e-02,9.933044e-02,3.442776e-02,1.171181e-01,3.743097e-03,3.531862e-01,1.249950e-01,1.354853e-03,1.624054e-02,9.222806e-03,6.454571e-02,4.393749e-03,2.264084e-02
9.282694e-02,8.281781e-03,8.213503e-03,7.136279e-02,3.241014e-02,8.255428e-02,2.794683e-03,5.286658e-01,8.878515e-02,9.512388e-04,1.166275e-02,6.519333e-03,4.597875e-02,3.088586e-03,1.590430e-02
7.567902e-02,6.643306e-03,6.767466e-03,5.323136e-02,3.364637e-02,6.536467e-02,3.688406e-03,6.045145e-01,6.403291e-02,8.690209e-04,9.881099e-03,5.101183e-03,5.564088e-02,2.258808e-03,1.268103e-02
7.571870e-02,5.456438e-03,5.913289e-03,3.969706e-02,4.197559e-02,7.322806e-02,6.810307e-03,5.980474e-01,4.693844e-02,8.096058e-04,9.217437e-03,4.370696e-03,7.816910e-02,1.659426e-03,1.198845e-02
8.590801e-02,4.266450e-03,4.923462e-03,2.926465e-02,1.526880e-01,8.138256e-02,9.482630e-03,5.012196e-01,3.548545e-02,7.074288e-04,1.233461e-02,4.713352e-03,6.384759e-02,1.262407e-03,1.251386e-02
8.799642e-02,3.467091e-03,6.770895e-03,2.456702e-02,2.387065e-01,1.058227e-01,7.411234e-03,3.981482e-01,2.639575e-02,1.090376e-03,1.208494e-02,5.918877e-03,6.964038e-02,1.136365e-03,1.084339e-02
7.132916e-02,2.665980e-03,4.913173e-03,1.815682e-02,1.952497e-01,1.836081e-01,5.653931e-03,2.795197e-01,1.969487e-02,9.138574e-04,9.467734e-03,4.534102e-03,1.945669e-01,8.868281e-04,8.839266e-03
6.447755e-02,2.293905e-03,3.716142e-03,1.317493e-02,1.451508e-01,2.624183e-01,4.440083e-03,1.975925e-01,1.404122e-02,7.365678e-04,7.661665e-03,4.758451e-03,2.683039e-01,6.926175e-04,1.054140e-02
6.343833e-02,2.170543e-03,3.855134e-03,1.031259e-02,1.051292e-01,3.001251e-01,4.422288e-03,1.397859e-01,1.092160e-02,6.473740e-04,6.768195e-03,8.176646e-03,3.333163e-01,6.046998e-04,1.032610e-02
5.953790e-02,3.207818e-03,4.743450e-03,8.820144e-03,8.178132e-02,2.410071e-01,4.036549e-03,9.896085e-02,1.036846e-02,2.473039e-03,3.655291e-02,1.975713e-02,3.894126e-01,3.351381e-03,3.598936e-02
6.027884e-02,4.373159e-03,9.306332e-03,1.531131e-02,6.177088e-02,1.789414e-01,3.812234e-03,7.134918e-02,5.510809e-02,1.697263e-02,4.804428e-02,3.561494e-02,3.405823e-01,6.620039e-03,9.191438e-02
4.879260e-02,3.789854e-03,7.616722e-03,1.425055e-02,4.369099e-02,1.278754e-01,2.956301e-03,5.088991e-02,9.818632e-02,1.752468e-02,5.057318e-02,3.525410e-02,2.791835e-01,9.300825e-03,2.101150e-01
3.709514e-02,4.667877e-03,1.554800e-02,3.520861e-02,3.224498e-02,9.233291e-02,2.503499e-03,4.056678e-02,1.455771e-01,1.367060e-02,8.568662e-02,2.863936e-02,2.060314e-01,1.044234e-02,2.497848e-01
2.853758e-02,6.092804e-03,3.486945e-02,4.087536e-02,2.399584e-02,6.621697e-02,1.928089e-03,3.013836e-02,1.523079e-01,1.145304e-02,8.523095e-02,2.084298e-02,1.485792e-01,1.228726e-02,3.366442e-01
2.045776e-02,9.090731e-03,1.168663e-01,5.799396e-02,1.726827e-02,4.735842e-02,1.382331e-03,2.121725e-02,2.430263e-01,9.004585e-03,6.489275e-02,1.563732e-02,1.074648e-01,9.548498e-03,2.587907e-01
2.402646e-02,1.161278e-02,1.562218e-01,9.394765e-02,1.377296e-02,3.641742e-02,1.296592e-03,1.717029e-02,2.316051e-01,8.240307e-03,8.961891e-02,1.318222e-02,8.061343e-02,1.418677e-02,2.080873e-01
3.914619e-02,1.757595e-02,1.549309e-01,9.264495e-02,1.245293e-02,3.046133e-02,1.142236e-03,1.284196e-02,2.153333e-01,1.207662e-02,9.347888e-02,1.115125e-02,6.062374e-02,3.802726e-02,2.081125e-01
4.648534e-02,2.671024e-02,1.385591e-01,6.766823e-02,9.778131e-03,2.686344e-02,8.746466e-04,9.248454e-03,2.338978e-01,1.865199e-02,8.843011e-02,8.373193e-03,4.431812e-02,5.360953e-02,2.265317e-01
3.685637e-02,3.404231e-02,1.124545e-01,5.278939e-02,7.374533e-03,2.302389e-02,7.277000e-04,7.343394e-03,3.555786e-01,2.198039e-02,7.283930e-02,6.825212e-03,3.383552e-02,4.464131e-02,1.896875e-01
4.008709e-02,9.322971e-02,9.465244e-02,4.384346e-02,6.949246e-03,2.169668e-02,9.377336e-04,8.619184e-03,3.240672e-01,2.398492e-02,8.413756e-02,5.886460e-03,2.773867e-02,5.990737e-02,1.642623e-01
3.166839e-02,8.690391e-02,7.049331e-02,3.626797e-02,6.082700e-03,1.841053e-02,8.141926e-04,1.038785e-02,3.737226e-01,4.010509e-02,1.099490e-01,5.458996e-03,2.942024e-02,5.732916e-02,1.229861e-01
2.629373e-02,8.058587e-02,5.229919e-02,3.035468e-02,6.903705e-03,2.502941e-02,2.043641e-03,2.496065e-02,3.774956e-01,3.395756e-02,1.393345e-01,6.913314e-03,3.879353e-02,5.403518e-02,1.009995e-01
2.092550e-02,9.569980e-02,4.828372e-02,5.147810e-02,7.140827e-03,1.988577e-02,1.852340e-03,1.997726e-02,4.598399e-01,2.457600e-02,1.017134e-01,6.302251e-03,3.025643e-02,3.842045e-02,7.364833e-02
1.835562e-02,8.672871e-02,5.170024e-02,1.193613e-01,7.158591e-03,2.576297e-02,1.460415e-03,1.580295e-02,4.511386e-01,2.340578e-02,7.870173e-02,7.025571e-03,2.710901e-02,2.733096e-02,5.895758e-02
1.361270e-02,1.717568e-01,6.961880e-02,1.365010e-01,5.229916e-03,2.759562e-02,1.058527e-03,1.117106e-02,3.589698e-01,2.085097e-02,6.193841e-02,1.504066e-02,2.759058e-02,1.940912e-02,5.965597e-02
1.092158e-02,2.255968e-01,8.706404e-02,1.234664e-01,3.943985e-03,2.246805e-02,1.263304e-03,8.310933e-03,3.019077e-01,2.011469e-02,5.832738e-02,1.798822e-02,3.391410e-02,1.467217e-02,7.004057e-02
1.464809e-02,1.897746e-01,8.934628e-02,9.406315e-02,3.673476e-03,2.626161e-02,1.781703e-03,7.425927e-03,2.597321e-01,2.587997e-02,5.433338e-02,2.957140e-02,3.829345e-02,2.796175e-02,1.372531e-01
1.611954e-02,1.578823e-01,1.110468e-01,7.858547e-02,3.412419e-03,2.119376e-02,1.537426e-03,6.437821e-03,2.150696e-01,4.655737e-02,5.265740e-02,6.323987e-02,4.410241e-02,3.080443e-02,1.513534e-01
3.811696e-02,1.325682e-01,1.085077e-01,7.134492e-02,4.790215e-03,1.733182e-02,1.490917e-03,7.181031e-03,1.848414e-01,5.008620e-02,6.353533e-02,7.411790e-02,5.179536e-02,4.214363e-02,1.521484e-01
8.470655e-02,1.374739e-01,1.010957e-01,6.617121e-02,6.286860e-03,1.619577e-02,1.322682e-03,7.791866e-03,1.688568e-01,5.226973e-02,6.415072e-02,7.907754e-02,4.667618e-02,4.919286e-02,1.187316e-01
8.276916e-02,1.908165e-01,1.119774e-01,5.208033e-02,8.856006e-03,1.503830e-02,1.306941e-03,8.520876e-03,1.729003e-01,4.464784e-02,5.296984e-02,5.937480e-02,3.468637e-02,6.170572e-02,1.023497e-01
6.072784e-02,1.639979e-01,1.834452e-01,7.602023e-02,9.561337e-03,1.319955e-02,1.187634e-03,7.893690e-03,1.733492e-01,4.227924e-02,4.109697e-02,4.817031e-02,2.607981e-02,5.186829e-02,1.011228e-01
4.615627e-02,1.269372e-01,3.141378e-01,6.762891e-02,8.054532e-03,1.052376e-02,1.225027e-03,5.716880e-03,1.505950e-01,4.267835e-02,3.128470e-02,3.661195e-02,2.052665e-02,3.987549e-02,9.804762e-02
4.505828e-02,9.723108e-02,2.915624e-01,5.021846e-02,7.648588e-03,1.021574e-02,1.500448e-03,4.490419e-03,1.510137e-01,4.939100e-02,2.804376e-02,2.873245e-02,1.884344e-02,8.995199e-02,1.260983e-01
1.022993e-01,7.301576e-02,2.178098e-01,3.729676e-02,6.412595e-03,8.694570e-03,1.489266e-03,4.512692e-03,1.786098e-01,4.876603e-02,3.640916e-02,2.583649e-02,2.545075e-02,1.206224e-01,1.127747e-01
1.180864e-01,5.821654e-02,1.666772e-01,2.789868e-02,7.451614e-03,8.669913e-03,1.705026e-03,6.737986e-03,1.403937e-01,3.581374e-02,7.128103e-02,2.393636e-02,9.774726e-02,9.489295e-02,1.404916e-01
1.727223e-01,5.101207e-02,1.708282e-01,2.365582e-02,7.797061e-03,1.064976e-02,2.471429e-03,8.425754e-03,1.237539e-01,3.085851e-02,6.061175e-02,2.151193e-02,1.112548e-01,7.262152e-02,1.318252e-01
2.860904e-01,3.906507e-02,1.308580e-01,1.808912e-02,7.278667e-03,1.310412e-02,2.852248e-03,8.908138e-03,9.229107e-02,2.928434e-02,4.815581e-02,2.501315e-02,1.196164e-01,7.248071e-02,1.069127e-01
2.337322e-01,3.103231e-02,9.603488e-02,1.544016e-02,8.021690e-03,1.104471e-02,3.216715e-03,7.705566e-03,7.747807e-02,2.343663e-02,5.445182e-02,3.999410e-02,2.110891e-01,7.033120e-02,1.169908e-01
2.118149e-01,2.305669e-02,7.076640e-02,1.351247e-02,1.471923e-02,9.367381e-03,2.759002e-03,1.038204e-02,6.593083e-02,1.908929e-02,6.769334e-02,6.603698e-02,2.577778e-01,6.807243e-02,9.902130e-02
1.713454e-01,2.008211e-02,6.009854e-02,1.454757e-02,1.043822e-01,1.667627e-02,2.832028e-03,3.254144e-02,7.462317e-02,1.561344e-02,6.833855e-02,5.712443e-02,2.410188e-01,4.933991e-02,7.143612e-02
1.510433e-01,2.219249e-02,8.277297e-02,2.386172e-02,9.780249e-02,2.402654e-02,2.763864e-03,6.616114e-02,8.598504e-02,1.409334e-02,7.508897e-02,6.482397e-02,2.015797e-01,3.599335e-02,5.181108e-02
1.457490e-01,2.074204e-02,7.564858e-02,2.741981e-02,9.064654e-02,2.205677e-02,2.943319e-03,6.803530e-02,8.240938e-02,2.816397e-02,1.121576e-01,9.733970e-02,1.618149e-01,2.733162e-02,3.754142e-02
1.155673e-01,2.188956e-02,5.902041e-02,2.314126e-02,6.970624e-02,1.850230e-02,2.275837e-03,5.404660e-02,9.006740e-02,6.026523e-02,1.675914e-01,1.401074e-01,1.296876e-01,2.099240e-02,2.713918e-02
1.193402e-01,2.047633e-02,5.602115e-02,2.440604e-02,6.052351e-02,5.257290e-02,2.417111e-03,5.960274e-02,7.438406e-02,6.612483e-02,1.690145e-01,1.639529e-01,9.430742e-02,1.686611e-02,1.999026e-02
1.665344e-01,1.948595e-02,4.478077e-02,2.241885e-02,5.125650e-02,4.765375e-02,2.190534e-03,5.290132e-02,5.725918e-02,6.904458e-02,1.725237e-01,1.970429e-01,6.821091e-02,1.417365e-02,1.452302e-02
2.784580e-01,1.741503e-02,3.573745e-02,1.872065e-02,3.964153e-02,3.893264e-02,1.808084e-03,4.162486e-02,4.331082e-02,5.981580e-02,1.663201e-01,1.857294e-01,4.994422e-02,1.179636e-02,1.074508e-02
4.003963e-01,1.386264e-02,2.660181e-02,1.379963e-02,2.828545e-02,3.007649e-02,1.441077e-03,3.184887e-02,3.268250e-02,4.612222e-02,1.421198e-01,1.764012e-01,3.650104e-02,1.176252e-02,8.098448e-03
4.239368e-01,1.373371e-02,2.122805e-02,1.061217e-02,2.033741e-02,2.358925e-02,1.102738e-03,2.562275e-02,2.673144e-02,5.204949e-02,1.580146e-01,1.718590e-01,2.725552e-02,1.714423e-02,6.782836e-03
3.980395e-01,1.512031e-02,1.920645e-02,1.005840e-02,1.650256e-02,1.954353e-02,9.807714e-04,2.626655e-02,4.003204e-02,4.281728e-02,2.083966e-01,1.534934e-01,2.069572e-02,2.109338e-02,7.753499e-03
3.216612e-01,1.700275e-02,1.862695e-02,9.167679e-03,1.419205e-02,2.049553e-02,9.696067e-04,3.318342e-02,7.246692e-02,3.771259e-02,2.792397e-01,1.272634e-01,1.556210e-02,2.476446e-02,7.691752e-03
2.985009e-01,2.848395e-02,1.618508e-02,8.820121e-03,1.549232e-02,1.976863e-02,1.175859e-03,3.424228e-02,9.009291e-02,3.369720e-02,2.998053e-01,1.045983e-01,1.241640e-02,2.765719e-02,9.063634e-03
2.496508e-01,2.645626e-02,1.783674e-02,1.126286e-02,1.444633e-02,1.791100e-02,1.461086e-03,5.483316e-02,1.078039e-01,2.653182e-02,3.524619e-01,7.923527e-02,9.276257e-03,2.317608e-02,7.656551e-03
2.119303e-01,2.473760e-02,2.531617e-02,1.250754e-02,1.271234e-02,1.643757e-02,1.277363e-03,5.750294e-02,1.336428e-01,2.127448e-02,3.872352e-01,5.996701e-02,7.072644e-03,2.165609e-02,6.729931e-03
1.783786e-01,2.524066e-02,3.925347e-02,2.250265e-02,1.671592e-02,1.496424e-02,1.130184e-03,5.232617e-02,2.178683e-01,1.692169e-02,3.408757e-01,4.320541e-02,5.367598e-03,1.784317e-02,7.406306e-03
1.495417e-01,2.576463e-02,4.416539e-02,3.426650e-02,2.369764e-02,1.283309e-02,8.897284e-04,6.185614e-02,2.635548e-01,1.326251e-02,3.092883e-01,3.201138e-02,4.466448e-03,1.736742e-02,7.034411e-03
1.335034e-01,2.443876e-02,5.005858e-02,5.851866e-02,3.916623e-02,1.154405e-02,7.305389e-04,7.079366e-02,2.959548e-01,1.051539e-02,2.534651e-01,2.449900e-02,4.009286e-03,1.656142e-02,6.241202e-03
1.165483e-01,2.084669e-02,4.474286e-02,5.890015e-02,3.674088e-02,1.472847e-01,7.168222e-04,7.251118e-02,2.311256e-01,7.759812e-03,2.128613e-01,2.154695e-02,4.582370e-03,1.894031e-02,4.892060e-03
8.608937e-02,1.515237e-02,3.216637e-02,4.349102e-02,2.757889e-02,3.789080e-01,5.331539e-04,5.404055e-02,1.633370e-01,5.631434e-03,1.539281e-01,1.541373e-02,3.406933e-03,1.664844e-02,3.674650e-03
6.178073e-02,1.067150e-02,2.258654e-02,3.077517e-02,1.981172e-02,5.504916e-01,3.923638e-04,3.860244e-02,1.176366e-01,4.914592e-03,1.126292e-01,1.083135e-02,2.480706e-03,1.295754e-02,3.438015e-03
4.801790e-02,7.846337e-03,1.649464e-02,2.199041e-02,1.582904e-02,5.780926e-01,3.106274e-04,2.727548e-02,1.686525e-01,4.641221e-03,8.504352e-02,7.662331e-03,1.949930e-03,1.129297e-02,4.900612e-03
3.791569e-02,5.729473e-03,1.176601e-02,1.569924e-02,1.239053e-02,5.604922e-01,2.455770e-04,1.917993e-02,2.457880e-01,4.293365e-03,6.398022e-02,5.438402e-03,1.533325e-03,1.004741e-02,5.500636e-03
2.802048e-02,4.352313e-03,8.654519e-03,1.175638e-02,1.043983e-02,4.528207e-01,2.118711e-04,1.351641e-02,4.024549e-01,3.996992e-03,4.550711e-02,3.850617e-03,1.167934e-03,7.857639e-03,5.392391e-03
2.020177e-02,3.425770e-03,6.175250e-03,8.268605e-03,7.600442e-03,3.322054e-01,1.528612e-04,9.474489e-03,5.615513e-01,3.520130e-03,3.256806e-02,2.718889e-03,8.567565e-04,6.563106e-03,4.717190e-03
1.429528e-02,2.422827e-03,4.340779e-03,5.794722e-03,5.348920e-03,2.328621e-01,1.091789e-04,6.640121e-03,6.871072e-01,2.711659e-03,2.347418e-02,1.932952e-03,6.294707e-04,6.619418e-03,5.711301e-03
1.016412e-02,1.860152e-03,3.070303e-03,4.091139e-03,3.823843e-03,1.634377e-01,8.645962e-05,4.668976e-03,6.035955e-01,3.225897e-03,6.242075e-02,2.142701e-03,3.509571e-03,1.277760e-01,6.126960e-03
7.295544e-03,1.420343e-03,2.158878e-03,2.910754e-03,2.714129e-03,1.147940e-01,6.506444e-05,3.276342e-03,4.773115e-01,3.666976e-03,1.237408e-01,2.080014e-03,3.013064e-03,2.508117e-01,4.740968e-03
5.253085e-03,1.108664e-03,1.528780e-03,2.064645e-03,1.985300e-03,8.049325e-02,5.223355e-05,2.303279e-03,3.401295e-01,3.440717e-03,1.722368e-01,2.808231e-03,2.256769e-03,3.808850e-01,3.453750e-03
3.787222e-03,9.874122e-04,1.102291e-03,1.474195e-03,1.467198e-03,5.678901e-02,4.471491e-05,1.624771e-03,2.423525e-01,4.075123e-03,2.297113e-01,3.244933e-03,1.686045e-03,4.491037e-01,2.549588e-03
2.748674e-03,1.628618e-03,8.502835e-04,1.097350e-03,1.122906e-03,4.113815e-02,3.939878e-05,1.153456e-03,1.818718e-01,3.410714e-03,2.746610e-01,3.782472e-03,1.213779e-03,4.833874e-01,1.894039e-03
1.936107e-03,4.454928e-03,8.974321e-04,1.037804e-03,1.214937e-03,3.039521e-02,5.509783e-05,8.272854e-04,3.662517e-01,3.210664e-03,2.008512e-01,2.993630e-03,8.526854e-04,3.831874e-01,1.833978e-03
1.393226e-03,3.836426e-03,7.712978e-04,9.016982e-04,1.002062e-03,2.176731e-02,5.908561e-05,6.012323e-04,4.790601e-01,2.708490e-03,1.467173e-01,2.510027e-03,6.029831e-04,3.364757e-01,1.593068e-03
1.204238e-03,4.314499e-03,2.054876e-03,2.512181e-03,1.385930e-03,1.627995e-02,1.095423e-04,5.833755e-04,5.904250e-01,2.709307e-03,1.079556e-01,2.180060e-03,4.671222e-04,2.662341e-01,1.584241e-03
1.259034e-03,3.906739e-03,1.862486e-03,4.021149e-03,1.440661e-03,1.265087e-02,1.213584e-04,4.434224e-04,6.744511e-01,3.172210e-03,8.265967e-02,2.035755e-03,4.280720e-04,2.097350e-01,1.812404e-03
3.010228e-03,6.494761e-03,1.719227e-03,4.970424e-03,1.679834e-03,1.084292e-02,1.295774e-04,4.164126e-04,7.191613e-01,5.625190e-03,6.712683e-02,2.367632e-03,6.436278e-04,1.716542e-01,4.157824e-03
5.778513e-03,1.888918e-02,3.093409e-03,6.775948e-03,2.111416e-03,1.396204e-02,4.412149e-04,2.656867e-03,7.148955e-01,5.483774e-03,5.334788e-02,3.098777e-03,1.364208e-03,1.640143e-01,4.087003e-03
1.886009e-02,3.389080e-02,5.931355e-03,1.814787e-02,2.471258e-03,1.972730e-02,9.259724e-04,4.240436e-03,6.498033e-01,7.271520e-03,4.598839e-02,4.400959e-03,3.423763e-03,1.789843e-01,5.932625e-03
1.785300e-02,3.733210e-02,6.546136e-03,1.652817e-02,2.793733e-03,1.759856e-02,7.837227e-04,4.025510e-03,6.473429e-01,8.106768e-03,3.902847e-02,4.131963e-03,3.860794e-03,1.886599e-01,5.408341e-03
1.760091e-02,4.834874e-02,6.436645e-03,1.338461e-02,3.226324e-03,1.646481e-02,6.199391e-04,3.198303e-03,6.082178e-01,1.733311e-02,3.709493e-02,3.732231e-03,3.226268e-03,2.137147e-01,7.400702e-03
