1.000000e+00,0.000000e+00,0.000000e+00,0.000000e+00,0.000000e+00,0.000000e+00,0.000000e+00,0.000000e+00,0.000000e+00,0.000000e+00,0.000000e+00,0.000000e+00,0.000000e+00,0.000000e+00,0.000000e+00
1.000000e+00,0.000000e+00,0.000000e+00,0.000000e+00,0.000000e+00,0.000000e+00,0.000000e+00,0.000000e+00,0.000000e+00,0.000000e+00,0.000000e+00,0.000000e+00,0.000000e+00,0.000000e+00,0.000000e+00
1.000000e+00,0.000000e+00,0.000000e+00,0.000000e+00,0.000000e+00,0.000000e+00,0.000000e+00,0.000000e+00,0.000000e+00,0.000000e+00,0.000000e+00,0.000000e+00,0.000000e+00,0.000000e+00,0.000000e+00
1.000000e+00,0.000000e+00,0.000000e+00,0.000000e+00,0.000000e+00,0.000000e+00,0.000000e+00,0.000000e+00,0.000000e+00,0.000000e+00,0.000000e+00,0.000000e+00,0.000000e+00,0.000000e+00,0.000000e+00
1.000000e+00,0.000000e+00,0.000000e+00,0.000000e+00,0.000000e+00,0.000000e+00,0.000000e+00,0.000000e+00,0.000000e+00,0.000000e+00,0.000000e+00,0.000000e+00,0.000000e+00,0.000000e+00,0.000000e+00
1.000000e+00,0.000000e+00,0.000000e+00,0.000000e+00,0.000000e+00,0.000000e+00,0.000000e+00,0.000000e+00,0.000000e+00,0.000000e+00,0.000000e+00,0.000000e+00,0.000000e+00,0.000000e+00,0.000000e+00
1.000000e+00,0.000000e+00,0.000000e+00,0.000000e+00,0.000000e+00,0.000000e+00,0.000000e+00,0.000000e+00,0.000000e+00,0.000000e+00,0.000000e+00,0.000000e+00,0.000000e+00,0.000000e+00,0.000000e+00
1.000000e+00,0.000000e+00,0.000000e+00,0.000000e+00,0.000000e+00,0.000000e+00,0.000000e+00,0.000000e+00,0.000000e+00,0.000000e+00,0.000000e+00,0.000000e+00,0.000000e+00,0.000000e+00,0.000000e+00
1.000000e+00,0.000000e+00,0.000000e+00,0.000000e+00,0.000000e+00,0.000000e+00,0.000000e+00,0.000000e+00,0.000000e+00,0.000000e+00,0.000000e+00,0.000000e+00,0.000000e+00,0.000000e+00,0.000000e+00
1.000000e+00,0.000000e+00,0.000000e+00,0.000000e+00,0.000000e+00,0.000000e+00,0.000000e+00,0.000000e+00,0.000000e+00,0.000000e+00,0.000000e+00,0.000000e+00,0.000000e+00,0.000000e+00,0.000000e+00
1.000000e+00,0.000000e+00,0.000000e+00,0.000000e+00,0.000000e+00,0.000000e+00,0.000000e+00,0.000000e+00,0.000000e+00,0.000000e+00,0.000000e+00,0.000000e+00,0.000000e+00,0.000000e+00,0.000000e+00
1.000000e+00,0.000000e+00,0.000000e+00,0.000000e+00,0.000000e+00,0.000000e+00,0.000000e+00,0.000000e+00,0.000000e+00,0.000000e+00,0.000000e+00,0.000000e+00,0.000000e+00,0.000000e+00,0.000000e+00
1.000000e+00,0.000000e+00,0.000000e+00,0.000000e+00,0.000000e+00,0.000000e+00,0.000000e+00,0.000000e+00,0.000000e+00,0.000000e+00,0.000000e+00,0.000000e+00,0.000000e+00,0.000000e+00,0.000000e+00
1.000000e+00,0.000000e+00,0.000000e+00,0.000000e+00,0.000000e+00,0.000000e+00,0.000000e+00,0.000000e+00,0.000000e+00,0.000000e+00,0.000000e+00,0.000000e+00,0.000000e+00,0.000000e+00,0.000000e+00
1.000000e+00,0.000000e+00,0.000000e+00,0.000000e+00,0.000000e+00,0.000000e+00,0.000000e+00,0.000000e+00,0.000000e+00,0.000000e+00,0.000000e+00,0.000000e+00,0.000000e+00,0.000000e+00,0.000000e+00
1.000000e+00,0.000000e+00,0.000000e+00,0.000000e+00,0.000000e+00,0.000000e+00,0.000000e+00,0.000000e+00,0.000000e+00,0.000000e+00,0.000000e+00,0.000000e+00,0.000000e+00,0.000000e+00,0.000000e+00
1.000000e+00,0.000000e+00,0.000000e+00,0.000000e+00,0.000000e+00,0.000000e+00,0.000000e+00,0.000000e+00,0.000000e+00,0.000000e+00,0.000000e+00,0.000000e+00,0.000000e+00,0.000000e+00,0.000000e+00
1.000000e+00,0.000000e+00,0.000000e+00,0.000000e+00,0.000000e+00,0.000000e+00,0.000000e+00,0.000000e+00,0.000000e+00,0.000000e+00,0.000000e+00,0.000000e+00,0.000000e+00,0.000000e+00,0.000000e+00
1.000000e+00,0.000000e+00,0.000000e+00,0.000000e+00,0.000000e+00,0.000000e+00,0.000000e+00,0.000000e+00,0.000000e+00,0.000000e+00,0.000000e+00,0.000000e+00,0.000000e+00,0.000000e+00,0.000000e+00
1.000000e+00,0.000000e+00,0.000000e+00,0.000000e+00,0.000000e+00,0.000000e+00,0.000000e+00,0.000000e+00,0.000000e+00,0.000000e+00,0.000000e+00,0.000000e+00,0.000000e+00,0.000000e+00,0.000000e+00
1.000000e+00,0.000000e+00,0.000000e+00,0.000000e+00,0.000000e+00,0.000000e+00,0.000000e+00,0.000000e+00,0.000000e+00,0.000000e+00,0.000000e+00,0.000000e+00,0.000000e+00,0.000000e+00,0.000000e+00
1.000000e+00,0.000000e+00,0.000000e+00,0.000000e+00,0.000000e+00,0.000000e+00,0.000000e+00,0.000000e+00,0.000000e+00,0.000000e+00,0.000000e+00,0.000000e+00,0.000000e+00,0.000000e+00,0.000000e+00
1.000000e+00,0.000000e+00,0.000000e+00,0.000000e+00,0.000000e+00,0.000000e+00,0.000000e+00,0.000000e+00,0.000000e+00,0.000000e+00,0.000000e+00,0.000000e+00,0.000000e+00,0.000000e+00,0.000000e+00
1.000000e+00,0.000000e+00,0.000000e+00,0.000000e+00,0.000000e+00,0.000000e+00,0.000000e+00,0.000000e+00,0.000000e+00,0.000000e+00,0.000000e+00,0.000000e+00,0.000000e+00,0.000000e+00,0.000000e+00
1.000000e+00,0.000000e+00,0.000000e+00,0.000000e+00,0.000000e+00,0.000000e+00,0.000000e+00,0.000000e+00,0.000000e+00,0.000000e+00,0.000000e+00,0.000000e+00,0.000000e+00,0.000000e+00,0.000000e+00
1.000000e+00,0.000000e+00,0.000000e+00,0.000000e+00,0.000000e+00,0.000000e+00,0.000000e+00,0.000000e+00,0.000000e+00,0.000000e+00,0.000000e+00,0.000000e+00,0.000000e+00,0.000000e+00,0.000000e+00
1.000000e+00,0.000000e+00,0.000000e+00,0.000000e+00,0.000000e+00,0.000000e+00,0.000000e+00,0.000000e+00,0.000000e+00,0.000000e+00,0.000000e+00,0.000000e+00,0.000000e+00,0.000000e+00,0.000000e+00
1.000000e+00,0.000000e+00,0.000000e+00,0.000000e+00,0.000000e+00,0.000000e+00,0.000000e+00,0.000000e+00,0.000000e+00,0.000000e+00,0.000000e+00,0.000000e+00,0.000000e+00,0.000000e+00,0.000000e+00
1.000000e+00,0.000000e+00,0.000000e+00,0.000000e+00,0.000000e+00,0.000000e+00,0.000000e+00,0.000000e+00,0.000000e+00,0.000000e+00,0.000000e+00,0.000000e+00,0.000000e+00,0.000000e+00,0.000000e+00
1.000000e+00,0.000000e+00,0.000000e+00,0.000000e+00,0.000000e+00,0.000000e+00,0.000000e+00,0.000000e+00,0.000000e+00,0.000000e+00,0.000000e+00,0.000000e+00,0.000000e+00,0.000000e+00,0.000000e+00
1.000000e+00,0.000000e+00,0.000000e+00,0.000000e+00,0.000000e+00,0.000000e+00,0.000000e+00,0.000000e+00,0.000000e+00,0.000000e+00,0.000000e+00,0.000000e+00,0.000000e+00,0.000000e+00,0.000000e+00
1.000000e+00,0.000000e+00,0.000000e+00,0.000000e+00,0.000000e+00,0.000000e+00,0.000000e+00,0.000000e+00,0.000000e+00,0.000000e+00,0.000000e+00,0.000000e+00,0.000000e+00,0.000000e+00,0.000000e+00
1.000000e+00,0.000000e+00,0.000000e+00,0.000000e+00,0.000000e+00,0.000000e+00,0.000000e+00,0.000000e+00,0.000000e+00,0.000000e+00,0.000000e+00,0.000000e+00,0.000000e+00,0.000000e+00,0.000000e+00
1.000000e+00,0.000000e+00,0.000000e+00,0.000000e+00,0.000000e+00,0.000000e+00,0.000000e+00,0.000000e+00,0.000000e+00,0.000000e+00,0.000000e+00,0.000000e+00,0.000000e+00,0.000000e+00,0.000000e+00
1.000000e+00,0.000000e+00,0.000000e+00,0.000000e+00,0.000000e+00,0.000000e+00,0.000000e+00,0.000000e+00,0.000000e+00,0.000000e+00,0.000000e+00,0.000000e+00,0.000000e+00,0.000000e+00,0.000000e+00
1.000000e+00,0.000000e+00,0.000000e+00,0.000000e+00,0.000000e+00,0.000000e+00,0.000000e+00,0.000000e+00,0.000000e+00,0.000000e+00,0.000000e+00,0.000000e+00,0.000000e+00,0.000000e+00,0.000000e+00
1.000000e+00,0.000000e+00,0.000000e+00,0.000000e+00,0.000000e+00,0.000000e+00,0.000000e+00,0.000000e+00,0.000000e+00,0.000000e+00,0.000000e+00,0.000000e+00,0.000000e+00,0.000000e+00,0.000000e+00
1.000000e+00,0.000000e+00,0.000000e+00,0.000000e+00,0.000000e+00,0.000000e+00,0.000000e+00,0.000000e+00,0.000000e+00,0.000000e+00,0.000000e+00,0.000000e+00,0.000000e+00,0.000000e+00,0.000000e+00
1.000000e+00,0.000000e+00,0.000000e+00,0.000000e+00,0.000000e+00,0.000000e+00,0.000000e+00,0.000000e+00,0.000000e+00,0.000000e+00,0.000000e+00,0.000000e+00,0.000000e+00,0.000000e+00,0.000000e+00
1.000000e+00,0.000000e+00,0.000000e+00,0.000000e+00,0.000000e+00,0.000000e+00,0.000000e+00,0.000000e+00,0.000000e+00,0.000000e+00,0.000000e+00,0.000000e+00,0.000000e+00,0.000000e+00,0.000000e+00
1.000000e+00,0.000000e+00,0.000000e+00,0.000000e+00,0.000000e+00,0.000000e+00,0.000000e+00,0.000000e+00,0.000000e+00,0.000000e+00,0.000000e+00,0.000000e+00,0.000000e+00,0.000000e+00,0.000000e+00
1.000000e+00,0.000000e+00,0.000000e+00,0.000000e+00,0.000000e+00,0.000000e+00,0.000000e+00,0.000000e+00,0.000000e+00,0.000000e+00,0.000000e+00,0.000000e+00,0.000000e+00,0.000000e+00,0.000000e+00
1.000000e+00,0.000000e+00,0.000000e+00,0.000000e+00,0.000000e+00,0.000000e+00,0.000000e+00,0.000000e+00,0.000000e+00,0.000000e+00,0.000000e+00,0.000000e+00,0.000000e+00,0.000000e+00,0.000000e+00
1.000000e+00,0.000000e+00,0.000000e+00,0.000000e+00,0.000000e+00,0.000000e+00,0.000000e+00,0.000000e+00,0.000000e+00,0.000000e+00,0.000000e+00,0.000000e+00,0.000000e+00,0.000000e+00,0.000000e+00
1.000000e+00,0.000000e+00,0.000000e+00,0.000000e+00,0.000000e+00,0.000000e+00,0.000000e+00,0.000000e+00,0.000000e+00,0.000000e+00,0.000000e+00,0.000000e+00,0.000000e+00,0.000000e+00,0.000000e+00
4.332208e-01,4.403534e-02,4.617321e-02,2.066304e-01,1.582211e-02,1.872915e-02,7.047243e-03,3.971697e-02,2.508439e-02,2.813475e-03,5.203155e-02,5.459607e-02,1.600409e-02,9.464607e-03,2.863062e-02
3.940826e-01,5.261803e-02,4.289421e-02,2.122532e-01,1.854990e-02,1.909319e-02,8.277438e-03,3.367573e-02,3.303517e-02,3.361824e-03,6.196530e-02,5.680727e-02,1.785869e-02,1.145517e-02,3.407231e-02
3.093379e-01,4.833538e-02,7.899681e-02,2.873492e-01,2.092678e-02,1.688833e-02,7.993229e-03,4.994458e-02,2.904378e-02,2.664798e-03,4.903561e-02,4.813519e-02,1.487322e-02,9.339232e-03,2.713593e-02
3.331997e-01,5.493637e-02,6.517749e-02,2.760439e-01,2.143799e-02,1.770233e-02,7.424956e-03,3.984464e-02,3.193256e-02,2.765262e-03,4.856641e-02,4.514261e-02,1.652822e-02,8.932508e-03,3.036503e-02
3.494053e-01,6.122537e-02,5.159049e-02,2.476221e-01,2.676355e-02,2.086335e-02,8.913533e-03,3.244047e-02,3.172171e-02,3.262480e-03,5.008945e-02,4.901611e-02,2.024075e-02,1.074900e-02,3.609624e-02
3.204601e-01,7.019672e-02,5.166924e-02,2.461055e-01,3.661278e-02,2.759955e-02,1.094101e-02,3.005129e-02,3.007900e-02,3.915472e-03,4.821316e-02,5.296919e-02,2.195533e-02,1.003370e-02,3.919791e-02
2.638998e-01,7.045759e-02,6.803089e-02,2.867208e-01,3.545015e-02,2.647215e-02,1.145888e-02,2.925492e-02,2.776518e-02,4.607751e-03,4.048439e-02,5.423104e-02,2.496575e-02,8.673291e-03,4.752739e-02
3.531103e-01,6.473769e-02,5.515169e-02,2.348521e-01,3.040383e-02,2.612711e-02,1.025726e-02,2.529155e-02,2.468082e-02,4.785038e-03,3.721918e-02,5.033727e-02,2.598485e-02,9.426929e-03,4.763434e-02
4.303207e-01,6.033792e-02,4.309001e-02,1.898129e-01,2.529902e-02,2.560113e-02,8.945030e-03,2.076458e-02,2.323346e-02,5.061117e-03,3.400555e-02,4.536440e-02,2.608407e-02,1.045952e-02,5.162054e-02
4.224190e-01,6.580318e-02,4.646320e-02,1.818327e-01,2.222091e-02,2.592813e-02,8.807234e-03,2.195637e-02,2.419125e-02,4.880532e-03,3.594458e-02,4.406108e-02,2.968269e-02,1.017632e-02,5.563287e-02
1.000000e+00,0.000000e+00,0.000000e+00,0.000000e+00,0.000000e+00,0.000000e+00,0.000000e+00,0.000000e+00,0.000000e+00,0.000000e+00,0.000000e+00,0.000000e+00,0.000000e+00,0.000000e+00,0.000000e+00
1.000000e+00,0.000000e+00,0.000000e+00,0.000000e+00,0.000000e+00,0.000000e+00,0.000000e+00,0.000000e+00,0.000000e+00,0.000000e+00,0.000000e+00,0.000000e+00,0.000000e+00,0.000000e+00,0.000000e+00
1.000000e+00,0.000000e+00,0.000000e+00,0.000000e+00,0.000000e+00,0.000000e+00,0.000000e+00,0.000000e+00,0.000000e+00,0.000000e+00,0.000000e+00,0.000000e+00,0.000000e+00,0.000000e+00,0.000000e+00
1.000000e+00,0.000000e+00,0.000000e+00,0.000000e+00,0.000000e+00,0.000000e+00,0.000000e+00,0.000000e+00,0.000000e+00,0.000000e+00,0.000000e+00,0.000000e+00,0.000000e+00,0.000000e+00,0.000000e+00
1.000000e+00,0.000000e+00,0.000000e+00,0.000000e+00,0.000000e+00,0.000000e+00,0.000000e+00,0.000000e+00,0.000000e+00,0.000000e+00,0.000000e+00,0.000000e+00,0.000000e+00,0.000000e+00,0.000000e+00
1.000000e+00,0.000000e+00,0.000000e+00,0.000000e+00,0.000000e+00,0.000000e+00,0.000000e+00,0.000000e+00,0.000000e+00,0.000000e+00,0.000000e+00,0.000000e+00,0.000000e+00,0.000000e+00,0.000000e+00
4.377072e-01,1.816085e-02,3.027732e-01,8.351021e-02,6.436910e-03,1.735153e-02,3.307677e-03,3.550766e-02,8.230727e-03,1.935422e-03,3.133646e-02,1.859693e-02,1.225995e-02,5.031836e-03,1.785338e-02
3.142447e-01,1.286883e-02,2.229755e-01,6.489037e-02,5.024054e-03,1.273513e-02,2.747905e-03,2.955712e-01,6.051932e-03,1.410582e-03,2.282136e-02,1.327338e-02,8.851029e-03,3.668678e-03,1.286543e-02
2.231967e-01,9.063569e-03,2.439717e-01,7.734761e-02,4.138535e-03,9.219158e-03,2.034422e-03,3.816177e-01,4.365428e-03,1.024399e-03,1.646307e-02,9.419563e-03,6.342262e-03,2.633152e-03,9.162812e-03
1.579463e-01,6.385879e-03,2.012571e-01,6.316628e-02,3.053643e-03,6.681436e-03,1.637293e-03,5.247700e-01,3.121015e-03,7.357292e-04,1.174013e-02,6.625810e-03,4.518765e-03,1.884997e-03,6.475750e-03
1.109017e-01,4.495752e-03,1.481852e-01,4.523107e-02,2.454151e-03,4.769014e-03,1.427426e-03,6.575505e-01,2.327991e-03,5.282589e-04,8.350897e-03,4.644227e-03,3.222676e-03,1.343202e-03,4.567979e-03
7.818906e-02,3.214697e-03,1.060147e-01,3.236300e-02,2.641641e-03,3.520881e-03,1.359864e-03,7.544538e-01,1.956089e-03,3.901649e-04,6.059873e-03,3.270519e-03,2.368241e-03,9.648965e-04,3.232587e-03
6.168231e-02,2.560077e-03,7.581780e-02,2.344310e-02,4.005933e-03,5.591764e-03,2.224618e-03,7.858225e-01,3.842304e-03,4.749940e-04,8.345701e-03,2.806891e-03,1.984700e-02,8.278484e-04,2.707268e-03
4.672015e-02,2.183035e-03,5.512631e-02,1.706345e-02,3.232840e-03,3.179236e-02,4.298052e-03,6.040950e-01,3.998298e-03,5.167251e-04,6.548265e-03,2.199231e-03,2.188964e-01,6.118017e-04,2.718126e-03
3.330626e-02,1.579433e-03,3.862958e-02,1.200997e-02,2.439412e-03,2.314338e-02,3.296526e-03,4.268872e-01,2.995733e-03,3.921080e-04,4.769967e-03,1.720629e-03,4.457499e-01,4.389650e-04,2.640899e-03
2.341200e-02,1.126761e-03,2.707086e-02,8.431617e-03,1.856621e-03,1.673741e-02,3.339079e-03,2.992477e-01,2.213416e-03,2.908361e-04,3.574456e-03,1.446810e-03,6.074969e-01,3.147034e-04,3.440876e-03
1.655830e-02,8.588401e-04,1.903053e-02,5.928739e-03,1.533077e-03,1.272994e-02,3.023020e-03,2.096981e-01,1.655857e-03,2.293117e-04,2.753139e-03,1.409786e-03,7.188832e-01,2.468708e-04,5.461316e-03
1.202824e-02,6.701613e-04,1.343253e-02,4.361511e-03,2.502027e-03,1.770381e-02,2.300489e-03,1.473694e-01,1.554676e-03,1.937262e-04,3.507797e-03,2.505393e-03,7.869180e-01,3.372515e-04,4.614999e-03
8.778325e-03,5.553914e-04,9.464680e-03,3.486701e-03,2.544201e-03,2.917766e-02,1.899032e-03,1.039254e-01,7.619095e-03,3.399923e-04,9.410171e-03,4.284602e-03,7.912780e-01,1.339246e-03,2.589750e-02
6.361805e-03,4.165087e-04,6.651078e-03,3.580077e-03,2.083158e-03,2.550531e-02,1.384341e-03,7.306643e-02,7.447329e-02,1.372191e-03,3.248750e-02,8.101095e-03,6.941681e-01,5.102561e-03,6.524660e-02
4.612751e-03,3.447259e-04,5.158095e-03,6.229247e-03,1.868496e-03,1.850848e-02,1.053624e-03,5.519497e-02,1.257020e-01,1.807487e-03,6.092437e-02,2.713927e-02,5.482793e-01,1.534965e-02,1.278276e-01
3.386356e-03,4.929469e-04,3.968140e-03,8.388089e-03,1.729520e-03,1.455150e-02,8.646438e-04,4.175389e-02,2.418847e-01,1.868548e-03,5.626784e-02,2.194029e-02,4.030746e-01,1.637524e-02,1.834537e-01
2.970886e-03,6.500817e-04,3.294986e-03,7.833569e-03,1.832989e-03,1.515038e-02,7.943682e-04,3.167484e-02,4.124736e-01,1.934340e-03,4.771760e-02,1.760134e-02,2.960123e-01,1.242870e-02,1.476301e-01
2.806955e-03,8.440467e-04,3.095674e-03,1.232165e-02,3.204326e-03,1.984293e-02,8.134327e-04,3.419581e-02,5.085317e-01,2.375959e-03,4.540981e-02,1.448971e-02,2.171925e-01,9.600368e-03,1.252751e-01
4.022698e-03,2.273361e-03,8.161541e-03,1.924358e-02,1.446818e-02,1.583488e-02,8.926614e-04,2.907665e-02,4.908941e-01,5.717778e-03,6.306520e-02,1.227980e-02,1.622251e-01,9.338031e-03,1.625065e-01
4.017353e-03,1.928490e-02,6.583006e-03,1.499255e-02,1.503488e-02,6.353179e-02,7.161067e-04,2.113572e-02,4.947687e-01,4.782383e-03,4.768315e-02,8.840483e-03,1.156015e-01,6.957476e-03,1.760701e-01
4.105700e-03,2.428460e-02,5.086232e-03,1.219842e-02,1.642567e-02,9.815965e-02,6.023110e-04,1.543452e-02,5.032331e-01,3.848435e-03,3.583241e-02,6.431446e-03,8.271645e-02,5.230858e-03,1.864102e-01
8.997751e-03,3.522016e-02,5.625449e-03,2.137072e-02,5.332793e-02,1.136040e-01,1.758361e-03,1.516107e-02,4.824616e-01,3.560673e-03,2.593463e-02,4.836297e-03,6.112238e-02,4.275449e-03,1.627436e-01
7.845831e-03,3.706905e-02,7.484435e-03,1.970853e-01,4.638228e-02,8.904435e-02,1.370168e-03,1.311827e-02,3.912976e-01,3.496549e-03,2.269132e-02,3.731300e-03,4.421712e-02,3.163290e-03,1.320032e-01
1.705029e-02,4.549081e-02,1.962816e-02,1.542548e-01,5.693098e-02,8.450584e-02,1.605856e-03,1.272310e-02,3.562395e-01,1.281179e-02,2.965496e-02,3.492292e-03,3.517238e-02,3.425550e-03,1.670137e-01
1.244468e-02,4.681120e-02,4.717100e-02,1.736045e-01,4.073130e-02,5.995641e-02,1.165072e-03,9.554148e-03,4.055186e-01,1.378208e-02,2.341722e-02,2.789285e-03,2.616662e-02,2.566552e-03,1.343213e-01
1.445509e-02,7.818051e-02,4.546507e-02,1.385120e-01,3.452364e-02,5.548654e-02,1.215931e-03,8.456904e-03,4.365508e-01,1.955009e-02,2.182926e-02,2.605203e-03,2.177480e-02,2.078095e-03,1.193160e-01
1.975847e-02,6.653956e-02,3.717381e-02,1.256236e-01,4.204626e-02,7.075702e-02,1.600487e-03,4.243268e-02,4.499804e-01,1.615355e-02,1.729074e-02,2.106081e-03,1.604988e-02,1.749945e-03,9.073751e-02
2.878609e-02,7.263468e-02,2.909615e-02,9.946265e-02,4.313909e-02,7.546569e-02,1.939656e-03,4.431662e-02,4.875236e-01,1.483397e-02,1.257372e-02,1.591110e-03,1.231935e-02,1.455561e-03,7.486205e-02
5.031485e-02,5.844672e-02,2.177348e-02,8.274778e-02,3.766862e-02,9.295879e-02,1.777604e-03,5.084852e-02,4.590779e-01,1.467821e-02,1.000220e-02,1.570747e-03,9.308433e-03,2.400187e-03,1.064260e-01
6.457718e-02,5.114947e-02,2.328737e-02,9.344994e-02,5.701321e-02,1.110529e-01,3.112975e-03,6.184801e-02,4.238614e-01,1.118784e-02,8.212827e-03,1.601271e-03,7.714649e-03,2.317100e-03,7.961385e-02
1.065667e-01,4.872577e-02,1.874924e-02,1.034713e-01,6.550838e-02,1.310894e-01,3.186521e-03,4.778134e-02,3.784013e-01,9.427962e-03,9.480840e-03,2.301362e-03,7.095284e-03,3.607208e-03,6.460746e-02
8.523180e-02,9.565122e-02,1.874045e-02,1.889369e-01,4.996949e-02,9.320957e-02,2.354901e-03,3.498465e-02,2.948208e-01,8.408310e-03,1.184057e-02,4.714208e-03,6.965434e-03,3.828842e-03,1.003429e-01
8.672292e-02,1.018649e-01,2.284099e-02,1.567559e-01,3.960101e-02,6.936949e-02,1.800465e-03,2.617190e-02,2.314463e-01,8.123828e-03,1.471924e-02,8.120824e-03,8.142943e-03,1.807635e-02,2.062429e-01
1.160648e-01,8.643416e-02,5.891268e-02,1.736263e-01,2.955340e-02,5.105375e-02,2.204688e-03,2.136558e-02,1.901761e-01,6.229919e-03,1.530761e-02,9.291094e-03,7.980395e-03,2.692755e-02,2.048720e-01
1.195105e-01,6.669447e-02,4.555787e-02,1.226288e-01,2.164689e-02,3.775610e-02,1.679451e-03,1.530126e-02,1.645691e-01,5.375485e-03,1.878335e-02,7.865421e-03,7.161910e-03,1.123196e-01,2.531499e-01
1.058485e-01,5.423559e-02,3.441308e-02,8.662236e-02,1.612976e-02,2.927534e-02,1.290201e-03,1.101926e-02,2.252650e-01,6.365221e-03,3.475164e-02,7.478606e-03,1.180703e-02,1.355073e-01,2.399911e-01
7.479095e-02,3.805511e-02,2.441414e-02,6.077287e-02,1.138752e-02,2.064825e-02,9.212882e-04,7.751653e-03,4.251527e-01,6.235750e-03,2.543613e-02,5.367835e-03,8.705700e-03,1.123028e-01,1.780573e-01
5.374696e-02,2.681859e-02,1.747120e-02,4.269120e-02,8.117819e-03,1.487732e-02,7.183771e-04,5.467416e-03,4.488540e-01,6.977549e-03,1.936065e-02,3.841724e-03,6.785025e-03,2.019236e-01,1.423486e-01
3.968662e-02,1.899691e-02,1.245830e-02,2.993208e-02,5.760532e-03,1.055100e-02,5.882819e-04,3.858609e-03,3.827806e-01,1.391292e-02,1.493673e-02,2.806881e-03,4.899375e-03,3.481830e-01,1.106482e-01
2.863426e-02,1.379252e-02,8.946195e-03,2.102667e-02,4.261506e-03,7.581379e-03,4.418886e-04,2.716044e-03,3.403986e-01,1.433786e-02,1.403440e-02,2.126189e-03,3.723022e-03,3.745877e-01,1.633918e-01
2.066110e-02,9.816946e-03,6.517501e-03,1.477050e-02,3.133736e-03,5.639723e-03,3.809841e-04,1.925037e-03,2.890180e-01,2.574909e-02,1.235791e-02,1.638215e-03,2.788026e-03,4.449323e-01,1.606709e-01
1.857550e-02,1.137490e-02,4.813691e-03,1.061526e-02,2.714751e-03,5.523614e-03,3.512726e-04,1.408217e-03,2.707676e-01,1.280620e-01,2.534656e-02,1.731315e-03,3.113060e-03,3.766610e-01,1.389413e-01
1.391785e-02,8.872624e-03,3.550707e-03,8.000407e-03,2.401683e-03,4.635993e-03,2.892326e-04,1.079371e-03,2.818760e-01,1.467050e-01,9.087288e-02,3.523794e-03,5.288161e-03,3.135757e-01,1.154106e-01
1.168738e-02,8.325170e-03,3.052112e-03,6.924630e-03,2.396652e-03,4.321420e-03,4.095770e-04,1.141696e-03,3.332724e-01,1.165852e-01,1.508091e-01,7.747676e-03,1.512223e-02,2.420792e-01,9.612559e-02
8.813866e-03,8.004619e-03,2.322000e-03,6.492535e-03,2.257810e-03,4.216691e-03,4.477118e-04,8.811630e-04,3.881625e-01,8.952651e-02,1.694765e-01,1.717015e-02,4.485759e-02,1.822606e-01,7.510969e-02
7.410570e-03,6.300684e-03,1.710270e-03,5.802742e-03,1.927964e-03,3.956933e-03,3.967977e-04,7.042327e-04,3.588671e-01,6.692668e-02,2.611493e-01,3.077694e-02,6.584018e-02,1.311468e-01,5.708279e-02
6.874214e-03,4.880043e-03,1.264705e-03,5.170506e-03,4.564300e-03,7.522877e-03,8.411102e-04,2.154920e-03,3.307023e-01,5.064263e-02,2.897343e-01,6.558045e-02,9.108231e-02,9.521283e-02,4.377249e-02
5.167744e-03,4.370107e-03,9.199090e-04,4.042163e-03,3.782274e-03,6.708918e-03,6.562207e-04,2.007690e-03,3.217479e-01,3.698000e-02,3.099145e-01,1.051423e-01,9.865674e-02,6.861021e-02,3.129327e-02
3.730317e-03,4.594551e-03,7.002834e-04,2.896973e-03,3.400684e-03,4.879036e-03,4.786903e-04,1.457915e-03,4.827247e-01,2.614374e-02,2.395278e-01,8.306669e-02,7.620838e-02,4.816740e-02,2.202282e-02
3.725828e-03,4.083252e-03,1.411781e-02,8.934693e-03,1.941651e-02,5.531629e-03,7.546456e-04,3.209271e-03,5.912876e-01,1.854655e-02,1.688533e-01,5.824554e-02,5.397402e-02,3.374084e-02,1.557853e-02
5.919060e-03,4.222350e-03,3.059073e-02,1.643693e-02,6.202295e-02,6.541382e-03,1.645560e-03,5.804686e-03,6.195335e-01,1.383532e-02,1.188764e-01,4.084254e-02,3.798181e-02,2.366496e-02,1.208186e-02
6.155467e-03,1.044087e-02,3.015779e-02,2.550288e-02,1.370689e-01,6.074245e-03,1.396896e-03,9.803435e-03,5.902943e-01,1.257004e-02,8.439967e-02,2.869203e-02,2.725241e-02,1.677529e-02,1.341589e-02
9.971114e-03,1.847819e-02,3.665654e-02,2.895978e-02,1.457192e-01,5.561934e-03,1.521995e-03,1.218699e-02,5.927555e-01,1.221385e-02,5.980605e-02,2.017947e-02,1.946175e-02,1.191259e-02,2.461513e-02
2.481734e-02,1.818292e-02,3.045299e-02,3.007913e-02,1.517523e-01,5.805148e-03,1.604074e-03,2.555925e-02,6.010587e-01,9.307891e-03,4.280032e-02,1.436677e-02,1.396746e-02,8.710082e-03,2.153575e-02
2.233329e-02,1.385528e-02,3.162079e-02,4.032408e-02,1.162954e-01,4.568219e-03,1.325873e-03,2.104133e-01,4.813190e-01,6.544908e-03,3.015302e-02,1.008347e-02,9.875103e-03,6.148041e-03,1.514036e-02
2.042888e-02,1.044683e-02,2.529659e-02,3.928087e-02,9.540792e-02,3.547960e-03,1.139297e-03,3.858093e-01,3.638826e-01,4.586657e-03,2.120144e-02,7.068916e-03,6.958753e-03,4.326554e-03,1.061744e-02
1.802802e-02,7.482696e-03,1.834882e-02,2.918076e-02,7.355528e-02,2.758467e-03,9.283781e-04,5.539600e-01,2.572567e-01,3.214460e-03,1.488010e-02,4.954183e-03,4.979736e-03,3.034263e-03,7.438104e-03
1.510763e-02,5.316067e-03,1.324068e-02,2.173457e-02,5.641781e-02,2.569434e-03,7.839379e-04,6.772661e-01,1.804412e-01,2.256703e-03,1.044656e-02,3.483341e-03,3.587846e-03,2.133895e-03,5.214315e-03
2.208924e-02,4.251468e-03,1.030618e-02,1.593826e-02,4.440508e-02,8.030992e-03,1.495664e-03,7.451954e-01,1.268730e-01,1.634674e-03,7.535143e-03,2.773347e-03,4.055669e-03,1.547820e-03,3.868136e-03
2.795162e-02,4.057049e-03,7.653832e-03,1.182331e-02,3.399795e-02,9.072343e-03,2.676710e-03,7.946271e-01,9.017377e-02,1.180534e-03,5.816133e-03,2.272021e-03,4.625793e-03,1.101801e-03,2.970192e-03
2.988368e-02,3.454768e-03,5.648077e-03,8.655178e-03,2.809248e-02,8.803908e-03,4.665426e-03,8.316516e-01,6.391805e-02,8.424179e-04,4.291069e-03,1.779984e-03,5.321141e-03,7.861804e-04,2.206186e-03
5.233059e-02,3.259655e-03,5.207559e-03,6.658610e-03,2.449016e-02,1.202137e-02,5.806015e-03,8.285796e-01,4.731042e-02,6.276717e-04,3.747545e-03,1.926589e-03,5.322717e-03,6.603298e-04,2.051192e-03
7.811578e-02,6.418079e-03,9.457958e-03,6.897731e-03,2.289266e-02,1.740523e-02,7.343115e-03,7.847217e-01,4.099394e-02,9.105075e-04,5.565253e-03,3.738300e-03,9.661855e-03,1.028813e-03,4.849066e-03
1.399011e-01,7.868477e-03,1.030923e-02,6.432020e-03,2.087430e-02,2.204914e-02,7.761476e-03,7.184783e-01,3.627180e-02,1.234146e-03,5.238292e-03,5.106381e-03,1.064301e-02,1.236368e-03,6.595950e-03
2.179681e-01,9.228718e-03,8.703014e-03,6.637257e-03,2.107829e-02,2.804651e-02,7.311236e-03,6.278026e-01,3.042598e-02,1.072490e-03,5.241041e-03,5.858169e-03,2.341317e-02,1.140677e-03,6.072793e-03
2.951911e-01,1.011650e-02,7.978524e-03,7.320037e-03,1.855239e-02,4.789773e-02,7.514272e-03,5.253398e-01,2.337677e-02,9.634170e-04,4.329663e-03,5.918378e-03,3.854987e-02,9.970847e-04,5.954495e-03
3.030053e-01,1.060964e-02,7.020637e-03,1.336575e-02,1.604840e-02,4.714374e-02,6.467592e-03,4.032052e-01,2.601849e-02,3.387411e-03,6.310180e-03,8.650820e-03,1.368352e-01,1.119697e-03,1.081202e-02
3.015981e-01,9.751900e-03,5.466621e-03,1.545057e-02,1.358043e-02,4.950193e-02,5.541632e-03,3.098342e-01,2.317654e-02,2.999363e-03,6.152526e-03,9.799729e-03,2.351896e-01,9.298294e-04,1.102708e-02
2.557727e-01,1.085481e-02,4.349114e-03,1.316662e-02,1.137884e-02,4.343192e-02,4.313056e-03,2.276804e-01,2.357294e-02,2.574744e-03,5.988093e-03,1.087511e-02,3.703521e-01,7.476655e-04,1.494190e-02
2.221855e-01,1.839499e-02,4.236646e-03,1.148644e-02,8.767602e-03,3.335123e-02,3.323219e-03,1.658144e-01,2.567375e-02,2.799530e-03,5.169183e-03,9.110787e-03,4.616225e-01,6.554737e-04,2.740888e-02
1.845416e-01,2.401657e-02,5.074109e-03,1.152420e-02,7.940177e-03,2.521844e-02,2.981845e-03,1.179533e-01,3.139232e-02,4.496054e-03,4.456516e-03,7.599491e-03,5.396706e-01,6.154827e-04,3.251939e-02
1.398224e-01,2.431656e-02,9.871352e-03,1.451823e-02,8.048635e-03,1.872055e-02,2.445447e-03,8.405157e-02,6.760141e-02,6.358370e-03,4.704125e-03,5.981149e-03,5.560932e-01,9.333350e-04,5.653369e-02
1.119870e-01,2.744595e-02,2.429420e-02,1.408133e-02,1.192817e-02,1.663819e-02,2.805008e-03,6.761897e-02,8.172441e-02,6.513193e-03,5.809106e-03,5.315454e-03,4.895156e-01,1.101444e-03,1.332220e-01
1.102362e-01,2.342283e-02,6.011058e-02,2.355097e-02,1.876236e-02,1.451481e-02,2.438494e-03,8.064104e-02,7.670923e-02,6.109795e-03,6.829541e-03,5.755898e-03,4.057995e-01,1.165273e-03,1.639535e-01
1.106057e-01,2.159629e-02,9.651197e-02,2.619801e-02,1.998389e-02,3.071402e-02,2.133806e-03,6.402270e-02,7.131203e-02,8.958005e-03,5.611074e-03,4.551582e-03,3.227144e-01,1.038464e-03,2.140480e-01
7.999004e-02,1.633453e-02,1.185505e-01,4.653436e-02,1.925479e-02,2.235162e-02,2.245726e-03,1.223447e-01,6.103420e-02,7.094244e-03,5.476593e-03,3.440723e-03,2.440424e-01,8.505841e-04,2.504551e-01
6.675566e-02,1.616919e-02,1.333894e-01,5.868749e-02,1.858435e-02,2.687689e-02,2.227038e-03,9.881030e-02,1.122624e-01,1.362314e-02,5.403706e-03,2.877297e-03,1.846385e-01,9.902144e-04,2.587043e-01
5.194077e-02,1.490311e-02,1.171834e-01,1.184884e-01,2.431451e-02,2.222966e-02,3.307261e-03,1.369012e-01,1.057272e-01,1.292901e-02,6.487790e-03,2.625819e-03,1.388560e-01,8.083049e-04,2.432976e-01
4.522874e-02,1.382029e-02,9.385520e-02,8.748423e-02,8.694892e-02,1.720827e-02,4.056036e-03,2.067716e-01,8.387160e-02,9.711934e-03,8.943296e-03,2.766839e-03,1.020280e-01,7.930038e-04,2.365121e-01
3.885064e-02,1.080201e-02,6.729550e-02,6.341270e-02,8.258551e-02,1.319099e-02,4.228693e-03,3.802496e-01,6.029785e-02,7.171965e-03,8.162390e-03,2.328784e-03,7.310068e-02,6.571270e-04,1.876656e-01
3.191787e-02,8.111759e-03,4.808531e-02,4.575521e-02,6.659468e-02,1.040574e-02,3.649302e-03,5.326307e-01,4.285681e-02,5.440470e-03,7.115088e-03,2.033069e-03,5.311587e-02,5.890026e-04,1.416992e-01
3.334992e-02,6.223022e-03,3.487299e-02,3.300030e-02,5.340288e-02,9.861650e-03,2.917840e-03,6.425471e-01,3.039836e-02,4.057468e-03,6.643724e-03,1.965581e-03,3.875092e-02,5.778774e-04,1.014303e-01
2.760545e-02,4.521081e-03,2.482221e-02,2.341713e-02,3.963958e-02,8.168890e-03,2.230486e-03,7.378510e-01,2.144293e-02,2.941221e-03,5.175109e-03,1.655655e-03,2.844104e-02,4.729843e-04,7.161520e-02
2.690499e-02,3.230809e-03,1.750440e-02,1.693337e-02,2.854741e-02,6.796575e-03,1.748796e-03,8.042647e-01,1.510856e-02,2.092734e-03,4.077320e-03,1.407648e-03,2.024469e-02,3.799603e-04,5.075807e-02
3.029208e-02,2.335219e-03,1.253907e-02,1.224249e-02,2.104012e-02,7.688993e-03,2.485209e-03,8.434792e-01,1.063552e-02,1.487990e-03,3.332590e-03,1.478843e-03,1.500010e-02,3.194863e-04,3.564308e-02
3.308759e-02,1.773314e-03,9.248530e-03,9.063945e-03,1.623992e-02,1.027425e-02,3.487053e-03,8.654926e-01,7.552070e-03,1.086275e-03,2.755085e-03,1.535079e-03,1.306245e-02,2.633050e-04,2.507846e-02
4.296590e-02,1.386163e-03,7.040269e-03,7.036552e-03,1.302242e-02,1.017942e-02,3.200440e-03,8.771111e-01,5.589151e-03,7.948880e-04,2.255652e-03,1.604952e-03,9.800847e-03,2.335050e-04,1.777868e-02
4.809900e-02,1.088720e-03,5.513717e-03,5.711981e-03,1.090539e-02,8.593851e-03,2.962968e-03,8.886870e-01,4.187330e-03,5.803305e-04,1.814921e-03,1.584791e-03,7.431831e-03,1.902134e-04,1.264789e-02
6.367696e-02,2.954077e-03,5.709710e-03,1.270046e-02,1.018527e-02,7.612455e-03,2.232046e-03,8.254580e-01,1.348616e-02,2.493519e-03,7.700095e-03,1.072600e-02,1.749413e-02,2.415895e-03,1.515523e-02
7.494883e-02,1.012882e-02,4.537284e-03,1.435562e-02,9.875092e-03,8.846965e-03,1.966008e-03,6.995953e-01,4.992128e-02,3.984952e-03,1.224286e-02,1.008822e-02,8.058780e-02,2.068640e-03,1.685239e-02
8.994976e-02,8.661740e-03,3.691835e-03,1.179487e-02,1.106107e-02,1.468410e-02,2.202234e-03,6.503617e-01,4.150958e-02,3.100745e-03,1.203247e-02,9.534499e-03,1.256003e-01,1.654621e-03,1.416053e-02
1.375771e-01,7.435478e-03,9.295434e-03,1.791716e-02,1.582030e-02,1.848026e-02,3.936535e-03,6.023876e-01,3.405161e-02,2.805657e-03,1.228821e-02,1.053391e-02,1.147505e-01,1.467882e-03,1.125244e-02
1.899105e-01,6.638940e-03,8.628474e-03,1.593002e-02,2.401562e-02,1.782186e-02,4.467487e-03,5.741532e-01,2.653408e-02,2.669409e-03,1.026712e-02,1.110078e-02,9.700852e-02,1.373691e-03,9.480368e-03
2.405537e-01,7.679069e-03,1.081133e-02,1.325983e-02,3.334478e-02,1.744219e-02,6.479632e-03,4.257964e-01,2.543531e-02,9.963395e-03,1.424685e-02,1.454579e-02,1.633286e-01,2.683556e-03,1.442949e-02
2.405221e-01,6.623144e-03,1.107335e-02,1.064460e-02,4.152073e-02,1.596017e-02,6.087644e-03,3.071323e-01,2.420306e-02,8.667181e-03,2.172605e-02,1.839861e-02,2.545295e-01,4.632548e-03,2.827899e-02
2.655303e-01,6.535076e-03,1.040427e-02,8.453583e-03,5.318003e-02,2.073656e-02,7.298932e-03,2.204224e-01,2.307665e-02,7.279008e-03,1.817854e-02,1.877795e-02,3.052035e-01,5.271425e-03,2.965176e-02
2.004705e-01,5.021849e-03,8.169265e-03,6.101276e-03,4.197206e-02,1.540121e-02,6.744282e-03,1.559611e-01,2.042581e-02,6.338885e-03,2.210975e-02,1.632554e-02,4.412773e-01,5.750957e-03,4.793026e-02
1.538130e-01,3.848885e-03,6.195403e-03,4.574885e-03,3.285138e-02,1.146987e-02,6.097669e-03,1.096885e-01,2.089236e-02,5.991694e-03,2.351662e-02,1.607972e-02,4.913903e-01,6.138434e-03,1.074513e-01
1.104816e-01,2.772795e-03,4.609864e-03,3.316003e-03,2.492831e-02,8.675494e-03,4.984093e-03,7.738129e-02,1.696483e-02,5.293854e-03,2.377616e-02,2.192448e-02,5.559665e-01,5.852876e-03,1.330718e-01
7.856967e-02,2.259841e-03,4.019658e-03,2.505804e-03,1.964052e-02,7.465921e-03,3.907281e-03,5.453989e-02,2.136286e-02,5.721375e-03,2.327397e-02,5.271559e-02,5.560613e-01,4.838784e-03,1.631175e-01
5.707189e-02,1.964681e-03,4.516435e-03,2.180996e-03,1.754344e-02,6.411341e-03,3.293418e-03,4.058747e-02,2.691073e-02,5.764264e-03,2.291858e-02,8.030361e-02,5.221504e-01,3.913115e-03,2.044697e-01
4.112933e-02,5.274509e-03,8.376719e-03,2.385768e-03,1.932811e-02,9.776875e-03,2.773413e-03,4.637880e-02,5.529861e-02,5.353695e-03,2.593809e-02,1.313545e-01,4.730480e-01,3.582690e-03,1.700009e-01
2.969972e-02,9.284206e-03,8.800482e-03,2.942026e-03,2.408799e-02,2.942275e-02,2.237537e-03,7.310062e-02,2.006287e-01,3.926144e-03,2.150124e-02,1.072803e-01,3.578604e-01,2.692916e-03,1.265350e-01
2.190193e-02,1.298491e-02,8.939940e-03,3.749564e-03,2.030278e-02,6.557829e-02,2.306184e-03,9.669569e-02,3.035105e-01,2.952042e-03,1.576249e-02,7.796438e-02,2.626866e-01,1.980349e-03,1.026844e-01
1.635259e-02,2.177755e-02,6.649619e-03,5.301327e-03,1.529354e-02,9.305780e-02,2.094467e-03,6.945163e-02,4.369041e-01,2.135671e-03,1.123095e-02,5.506664e-02,1.893551e-01,1.399751e-03,7.392918e-02
1.414449e-02,2.964267e-02,7.688368e-03,2.648077e-02,1.283633e-02,1.232655e-01,3.649104e-03,6.294297e-02,4.721197e-01,1.918435e-03,8.070675e-03,3.957872e-02,1.425516e-01,1.005368e-03,5.410525e-02
1.486041e-02,3.008416e-02,1.116237e-02,1.652254e-01,1.257073e-02,1.128089e-01,3.966941e-03,5.957496e-02,4.053174e-01,2.605512e-03,6.000361e-03,2.832275e-02,1.026866e-01,7.358008e-04,4.407774e-02
2.279819e-02,3.073539e-02,9.567229e-03,1.332635e-01,2.440805e-02,1.482935e-01,8.474065e-03,5.927923e-02,4.236627e-01,2.780028e-03,4.569960e-03,2.022282e-02,7.406531e-02,5.823739e-04,3.729758e-02
3.116872e-02,3.734222e-02,1.105879e-02,1.058267e-01,4.098413e-02,1.452328e-01,9.417986e-03,9.104516e-02,4.118049e-01,7.875245e-03,3.831976e-03,1.440721e-02,5.576931e-02,5.915438e-04,3.364326e-02
2.208608e-02,5.646700e-02,1.914118e-02,8.630334e-02,2.899822e-02,1.019464e-01,6.626735e-03,6.504987e-02,5.135961e-01,1.571279e-02,3.241084e-03,1.013734e-02,4.073591e-02,4.227388e-04,2.953524e-02
1.639421e-02,1.128237e-01,2.685392e-02,6.918787e-02,2.157474e-02,7.189891e-02,4.808354e-03,4.870644e-02,5.235336e-01,2.036027e-02,5.416649e-03,7.425256e-03,3.146905e-02,3.427622e-04,3.920425e-02
1.162485e-02,1.839648e-01,2.244825e-02,5.422805e-02,1.526372e-02,5.041622e-02,3.373388e-03,3.420870e-02,5.431004e-01,1.480665e-02,4.781702e-03,5.756680e-03,2.434172e-02,2.946309e-04,3.139021e-02
1.204260e-02,1.994610e-01,2.134132e-02,4.679530e-02,1.487652e-02,3.680366e-02,2.844327e-03,2.572447e-02,4.892781e-01,1.325525e-02,2.829041e-02,5.679491e-03,3.945754e-02,6.723583e-04,6.347762e-02
1.037879e-02,1.733695e-01,1.769063e-02,4.174316e-02,1.218113e-02,2.656581e-02,2.855608e-03,2.016145e-02,4.540608e-01,1.364489e-02,5.424983e-02,1.177707e-02,5.003841e-02,4.602389e-03,1.066805e-01
8.361719e-03,1.603460e-01,3.669730e-02,3.299760e-02,8.921587e-03,1.942605e-02,2.107900e-03,1.418250e-02,4.067790e-01,2.340848e-02,4.081606e-02,1.760869e-02,3.737945e-02,1.848454e-02,1.724831e-01
1.297080e-02,1.282088e-01,3.590443e-02,2.805627e-02,7.737162e-03,1.522387e-02,1.911883e-03,1.028534e-02,3.400323e-01,2.497435e-02,4.222905e-02,5.421875e-02,4.735674e-02,9.328606e-02,1.576042e-01
1.585278e-02,1.050783e-01,3.737131e-02,2.229510e-02,6.229892e-03,1.450790e-02,1.638076e-03,8.068725e-03,2.664082e-01,2.770405e-02,4.560596e-02,1.076261e-01,5.174315e-02,1.430209e-01,1.468494e-01
2.075620e-02,9.455827e-02,3.776325e-02,1.845253e-02,5.565145e-03,1.743118e-02,1.716020e-03,6.937859e-03,2.185133e-01,2.435453e-02,4.961775e-02,1.481251e-01,7.459424e-02,1.516663e-01,1.299484e-01
4.217207e-02,7.788084e-02,3.106640e-02,1.437949e-02,1.017692e-02,1.712995e-02,2.779471e-03,1.050177e-02,2.153669e-01,2.090256e-02,5.023286e-02,1.843629e-01,8.659343e-02,1.367468e-01,9.970763e-02
4.534194e-02,6.793591e-02,3.702580e-02,1.193471e-02,8.665577e-03,1.587867e-02,3.371818e-03,9.618129e-03,1.632082e-01,3.077954e-02,5.278779e-02,2.432327e-01,6.681672e-02,1.674938e-01,7.590867e-02
4.565182e-02,5.329062e-02,2.824690e-02,8.869737e-03,7.130684e-03,1.269443e-02,3.093804e-03,7.793435e-03,1.270049e-01,4.574671e-02,4.977427e-02,2.726623e-01,5.455501e-02,2.211587e-01,6.232672e-02
4.428647e-02,4.357200e-02,2.676276e-02,8.985268e-03,3.243632e-02,1.197856e-02,3.527920e-03,2.035808e-02,1.360781e-01,4.537499e-02,4.452173e-02,2.956950e-01,5.922579e-02,1.776297e-01,4.956716e-02
3.824889e-02,3.444084e-02,2.251462e-02,7.376575e-03,3.070460e-02,1.085312e-02,3.642319e-03,2.105079e-02,1.317586e-01,4.718008e-02,5.236792e-02,3.418177e-01,5.520070e-02,1.605052e-01,4.233807e-02
3.279947e-02,2.995842e-02,2.834901e-02,6.497292e-03,2.694386e-02,8.777731e-03,3.310247e-03,2.285942e-02,1.547120e-01,5.246058e-02,6.995164e-02,3.557484e-01,5.119957e-02,1.206796e-01,3.575275e-02
3.989806e-02,3.100162e-02,2.309592e-02,5.290724e-03,1.995533e-02,6.925724e-03,2.615361e-03,2.185796e-02,1.601034e-01,4.654104e-02,7.340451e-02,4.057051e-01,4.505625e-02,8.815811e-02,3.039086e-02
3.975932e-02,3.702071e-02,1.801164e-02,4.316824e-03,1.799889e-02,6.888906e-03,2.135978e-03,2.207196e-02,2.582217e-01,4.692755e-02,6.823637e-02,3.491955e-01,4.091213e-02,6.438968e-02,2.391288e-02
4.359204e-02,3.959487e-02,2.538914e-02,5.697143e-03,2.949462e-02,7.085839e-03,2.409430e-03,7.613021e-02,3.305508e-01,3.869702e-02,5.046939e-02,2.533444e-01,3.324450e-02,4.653657e-02,1.776401e-02
6.318150e-02,5.296718e-02,3.322190e-02,6.272067e-03,3.540212e-02,1.185137e-02,2.477715e-03,8.575854e-02,3.502673e-01,4.078996e-02,4.146129e-02,2.020191e-01,2.640259e-02,3.411532e-02,1.381199e-02
8.481635e-02,7.244822e-02,5.651158e-02,1.185412e-02,3.147730e-02,1.347817e-02,2.898256e-03,6.782091e-02,3.389584e-01,4.202175e-02,3.343312e-02,1.817038e-01,2.057777e-02,2.498065e-02,1.701961e-02
8.160134e-02,1.103437e-01,5.005996e-02,1.091505e-02,3.012579e-02,2.480967e-02,2.652064e-03,5.589814e-02,3.729689e-01,3.663012e-02,2.568767e-02,1.484083e-01,1.710867e-02,1.858577e-02,1.420480e-02
7.994032e-02,1.290760e-01,3.932640e-02,8.802537e-03,3.270739e-02,4.062335e-02,2.247824e-03,4.962307e-02,4.047557e-01,4.024728e-02,1.978566e-02,1.115525e-01,1.369998e-02,1.447302e-02,1.313890e-02
9.431304e-02,1.173661e-01,3.018735e-02,7.356736e-03,3.289347e-02,5.827687e-02,2.684921e-03,4.826863e-02,4.312394e-01,3.450360e-02,1.580331e-02,8.317944e-02,1.170821e-02,1.231032e-02,1.990859e-02
1.203999e-01,9.941725e-02,2.352943e-02,6.765240e-03,4.917426e-02,5.698297e-02,2.714650e-03,5.362620e-02,4.472419e-01,2.746492e-02,1.244527e-02,5.921388e-02,8.874685e-03,1.108133e-02,2.106809e-02
1.774755e-01,1.119368e-01,1.929848e-02,7.365463e-03,7.147458e-02,5.412308e-02,2.420502e-03,5.498934e-02,3.794599e-01,2.140866e-02,9.965417e-03,4.181928e-02,7.145211e-03,2.035083e-02,2.076698e-02
1.474326e-01,1.159592e-01,2.082452e-02,2.602857e-02,1.501207e-01,4.913646e-02,3.735324e-03,9.943638e-02,2.979207e-01,1.531767e-02,7.442579e-03,2.959210e-02,5.404628e-03,1.527366e-02,1.637501e-02
1.176529e-01,9.827511e-02,1.915141e-02,1.373245e-01,1.600723e-01,3.829296e-02,2.718461e-03,1.360897e-01,2.160436e-01,1.424438e-02,7.901177e-03,2.104032e-02,4.181424e-03,1.119978e-02,1.581199e-02
1.062051e-01,8.210245e-02,2.759553e-02,1.869504e-01,1.741858e-01,3.136213e-02,2.178578e-03,1.314068e-01,1.665545e-01,2.917381e-02,2.026781e-02,1.654131e-02,4.470204e-03,8.374467e-03,1.263101e-02
9.638740e-02,6.533758e-02,2.922996e-02,1.585341e-01,1.715313e-01,2.501005e-02,1.852277e-03,1.248512e-01,1.289543e-01,1.290433e-01,2.969530e-02,1.326845e-02,6.253052e-03,6.931484e-03,1.312021e-02
7.488555e-02,5.603702e-02,2.281920e-02,1.633017e-01,1.283851e-01,2.367678e-02,2.285791e-03,8.909426e-02,1.053729e-01,1.657057e-01,1.024700e-01,1.929044e-02,2.220330e-02,8.944434e-03,1.552778e-02
5.714474e-02,4.119329e-02,1.727199e-02,1.450922e-01,9.471683e-02,2.164930e-02,2.026727e-03,6.265376e-02,8.072111e-02,2.534262e-01,1.244908e-01,3.098252e-02,4.587059e-02,8.954747e-03,1.380518e-02
4.437688e-02,3.033590e-02,1.327647e-02,1.247468e-01,6.812512e-02,1.995869e-02,1.565883e-03,4.410960e-02,6.765052e-02,3.371934e-01,1.176934e-01,4.710362e-02,5.893176e-02,1.255885e-02,1.237308e-02
3.332015e-02,2.169895e-02,9.409864e-03,8.813362e-02,4.800036e-02,1.448343e-02,1.140171e-03,3.130547e-02,5.167090e-02,4.455457e-01,1.187946e-01,5.658257e-02,5.111349e-02,1.698803e-02,1.181273e-02
2.594565e-02,1.609297e-02,6.894472e-03,6.477085e-02,3.412651e-02,1.151180e-02,9.006275e-04,2.248257e-02,4.021117e-02,5.380285e-01,1.121140e-01,5.891659e-02,4.099537e-02,1.642471e-02,1.058424e-02
