1.000000e+00,0.000000e+00,0.000000e+00,0.000000e+00,0.000000e+00,0.000000e+00,0.000000e+00,0.000000e+00,0.000000e+00,0.000000e+00,0.000000e+00,0.000000e+00,0.000000e+00,0.000000e+00,0.000000e+00
1.000000e+00,0.000000e+00,0.000000e+00,0.000000e+00,0.000000e+00,0.000000e+00,0.000000e+00,0.000000e+00,0.000000e+00,0.000000e+00,0.000000e+00,0.000000e+00,0.000000e+00,0.000000e+00,0.000000e+00
1.000000e+00,0.000000e+00,0.000000e+00,0.000000e+00,0.000000e+00,0.000000e+00,0.000000e+00,0.000000e+00,0.000000e+00,0.000000e+00,0.000000e+00,0.000000e+00,0.000000e+00,0.000000e+00,0.000000e+00
1.000000e+00,0.000000e+00,0.000000e+00,0.000000e+00,0.000000e+00,0.000000e+00,0.000000e+00,0.000000e+00,0.000000e+00,0.000000e+00,0.000000e+00,0.000000e+00,0.000000e+00,0.000000e+00,0.000000e+00
1.000000e+00,0.000000e+00,0.000000e+00,0.000000e+00,0.000000e+00,0.000000e+00,0.000000e+00,0.000000e+00,0.000000e+00,0.000000e+00,0.000000e+00,0.000000e+00,0.000000e+00,0.000000e+00,0.000000e+00
1.000000e+00,0.000000e+00,0.000000e+00,0.000000e+00,0.000000e+00,0.000000e+00,0.000000e+00,0.000000e+00,0.000000e+00,0.000000e+00,0.000000e+00,0.000000e+00,0.000000e+00,0.000000e+00,0.000000e+00
1.000000e+00,0.000000e+00,0.000000e+00,0.000000e+00,0.000000e+00,0.000000e+00,0.000000e+00,0.000000e+00,0.000000e+00,0.000000e+00,0.000000e+00,0.000000e+00,0.000000e+00,0.000000e+00,0.000000e+00
1.000000e+00,0.000000e+00,0.000000e+00,0.000000e+00,0.000000e+00,0.000000e+00,0.000000e+00,0.000000e+00,0.000000e+00,0.000000e+00,0.000000e+00,0.000000e+00,0.000000e+00,0.000000e+00,0.000000e+00
1.000000e+00,0.000000e+00,0.000000e+00,0.000000e+00,0.000000e+00,0.000000e+00,0.000000e+00,0.000000e+00,0.000000e+00,0.000000e+00,0.000000e+00,0.000000e+00,0.000000e+00,0.000000e+00,0.000000e+00
1.000000e+00,0.000000e+00,0.000000e+00,0.000000e+00,0.000000e+00,0.000000e+00,0.000000e+00,0.000000e+00,0.000000e+00,0.000000e+00,0.000000e+00,0.000000e+00,0.000000e+00,0.000000e+00,0.000000e+00
1.000000e+00,0.000000e+00,0.000000e+00,0.000000e+00,0.000000e+00,0.000000e+00,0.000000e+00,0.000000e+00,0.000000e+00,0.000000e+00,0.000000e+00,0.000000e+00,0.000000e+00,0.000000e+00,0.000000e+00
1.000000e+00,0.000000e+00,0.000000e+00,0.000000e+00,0.000000e+00,0.000000e+00,0.000000e+00,0.000000e+00,0.000000e+00,0.000000e+00,0.000000e+00,0.000000e+00,0.000000e+00,0.000000e+00,0.000000e+00
1.000000e+00,0.000000e+00,0.000000e+00,0.000000e+00,0.000000e+00,0.000000e+00,0.000000e+00,0.000000e+00,0.000000e+00,0.000000e+00,0.000000e+00,0.000000e+00,0.000000e+00,0.000000e+00,0.000000e+00
1.000000e+00,0.000000e+00,0.000000e+00,0.000000e+00,0.000000e+00,0.000000e+00,0.000000e+00,0.000000e+00,0.000000e+00,0.000000e+00,0.000000e+00,0.000000e+00,0.000000e+00,0.000000e+00,0.000000e+00
1.000000e+00,0.000000e+00,0.000000e+00,0.000000e+00,0.000000e+00,0.000000e+00,0.000000e+00,0.000000e+00,0.000000e+00,0.000000e+00,0.000000e+00,0.000000e+00,0.000000e+00,0.000000e+00,0.000000e+00
1.000000e+00,0.000000e+00,0.000000e+00,0.000000e+00,0.000000e+00,0.000000e+00,0.000000e+00,0.000000e+00,0.000000e+00,0.000000e+00,0.000000e+00,0.000000e+00,0.000000e+00,0.000000e+00,0.000000e+00
1.000000e+00,0.000000e+00,0.000000e+00,0.000000e+00,0.000000e+00,0.000000e+00,0.000000e+00,0.000000e+00,0.000000e+00,0.000000e+00,0.000000e+00,0.000000e+00,0.000000e+00,0.000000e+00,0.000000e+00
1.000000e+00,0.000000e+00,0.000000e+00,0.000000e+00,0.000000e+00,0.000000e+00,0.000000e+00,0.000000e+00,0.000000e+00,0.000000e+00,0.000000e+00,0.000000e+00,0.000000e+00,0.000000e+00,0.000000e+00
1.000000e+00,0.000000e+00,0.000000e+00,0.000000e+00,0.000000e+00,0.000000e+00,0.000000e+00,0.000000e+00,0.000000e+00,0.000000e+00,0.000000e+00,0.000000e+00,0.000000e+00,0.000000e+00,0.000000e+00
1.000000e+00,0.000000e+00,0.000000e+00,0.000000e+00,0.000000e+00,0.000000e+00,0.000000e+00,0.000000e+00,0.000000e+00,0.000000e+00,0.000000e+00,0.000000e+00,0.000000e+00,0.000000e+00,0.000000e+00
1.000000e+00,0.000000e+00,0.000000e+00,0.000000e+00,0.000000e+00,0.000000e+00,0.000000e+00,0.000000e+00,0.000000e+00,0.000000e+00,0.000000e+00,0.000000e+00,0.000000e+00,0.000000e+00,0.000000e+00
1.000000e+00,0.000000e+00,0.000000e+00,0.000000e+00,0.000000e+00,0.000000e+00,0.000000e+00,0.000000e+00,0.000000e+00,0.000000e+00,0.000000e+00,0.000000e+00,0.000000e+00,0.000000e+00,0.000000e+00
1.000000e+00,0.000000e+00,0.000000e+00,0.000000e+00,0.000000e+00,0.000000e+00,0.000000e+00,0.000000e+00,0.000000e+00,0.000000e+00,0.000000e+00,0.000000e+00,0.000000e+00,0.000000e+00,0.000000e+00
1.000000e+00,0.000000e+00,0.000000e+00,0.000000e+00,0.000000e+00,0.000000e+00,0.000000e+00,0.000000e+00,0.000000e+00,0.000000e+00,0.000000e+00,0.000000e+00,0.000000e+00,0.000000e+00,0.000000e+00
1.000000e+00,0.000000e+00,0.000000e+00,0.000000e+00,0.000000e+00,0.000000e+00,0.000000e+00,0.000000e+00,0.000000e+00,0.000000e+00,0.000000e+00,0.000000e+00,0.000000e+00,0.000000e+00,0.000000e+00
1.000000e+00,0.000000e+00,0.000000e+00,0.000000e+00,0.000000e+00,0.000000e+00,0.000000e+00,0.000000e+00,0.000000e+00,0.000000e+00,0.000000e+00,0.000000e+00,0.000000e+00,0.000000e+00,0.000000e+00
1.000000e+00,0.000000e+00,0.000000e+00,0.000000e+00,0.000000e+00,0.000000e+00,0.000000e+00,0.000000e+00,0.000000e+00,0.000000e+00,0.000000e+00,0.000000e+00,0.000000e+00,0.000000e+00,0.000000e+00
1.000000e+00,0.000000e+00,0.000000e+00,0.000000e+00,0.000000e+00,0.000000e+00,0.000000e+00,0.000000e+00,0.000000e+00,0.000000e+00,0.000000e+00,0.000000e+00,0.000000e+00,0.000000e+00,0.000000e+00
1.000000e+00,0.000000e+00,0.000000e+00,0.000000e+00,0.000000e+00,0.000000e+00,0.000000e+00,0.000000e+00,0.000000e+00,0.000000e+00,0.000000e+00,0.000000e+00,0.000000e+00,0.000000e+00,0.000000e+00
1.000000e+00,0.000000e+00,0.000000e+00,0.000000e+00,0.000000e+00,0.000000e+00,0.000000e+00,0.000000e+00,0.000000e+00,0.000000e+00,0.000000e+00,0.000000e+00,0.000000e+00,0.000000e+00,0.000000e+00
1.000000e+00,0.000000e+00,0.000000e+00,0.000000e+00,0.000000e+00,0.000000e+00,0.000000e+00,0.000000e+00,0.000000e+00,0.000000e+00,0.000000e+00,0.000000e+00,0.000000e+00,0.000000e+00,0.000000e+00
1.000000e+00,0.000000e+00,0.000000e+00,0.000000e+00,0.000000e+00,0.000000e+00,0.000000e+00,0.000000e+00,0.000000e+00,0.000000e+00,0.000000e+00,0.000000e+00,0.000000e+00,0.000000e+00,0.000000e+00
1.000000e+00,0.000000e+00,0.000000e+00,0.000000e+00,0.000000e+00,0.000000e+00,0.000000e+00,0.000000e+00,0.000000e+00,0.000000e+00,0.000000e+00,0.000000e+00,0.000000e+00,0.000000e+00,0.000000e+00
1.000000e+00,0.000000e+00,0.000000e+00,0.000000e+00,0.000000e+00,0.000000e+00,0.000000e+00,0.000000e+00,0.000000e+00,0.000000e+00,0.000000e+00,0.000000e+00,0.000000e+00,0.000000e+00,0.000000e+00
1.000000e+00,0.000000e+00,0.000000e+00,0.000000e+00,0.000000e+00,0.000000e+00,0.000000e+00,0.000000e+00,0.000000e+00,0.000000e+00,0.000000e+00,0.000000e+00,0.000000e+00,0.000000e+00,0.000000e+00
1.000000e+00,0.000000e+00,0.000000e+00,0.000000e+00,0.000000e+00,0.000000e+00,0.000000e+00,0.000000e+00,0.000000e+00,0.000000e+00,0.000000e+00,0.000000e+00,0.000000e+00,0.000000e+00,0.000000e+00
1.000000e+00,0.000000e+00,0.000000e+00,0.000000e+00,0.000000e+00,0.000000e+00,0.000000e+00,0.000000e+00,0.000000e+00,0.000000e+00,0.000000e+00,0.000000e+00,0.000000e+00,0.000000e+00,0.000000e+00
1.000000e+00,0.000000e+00,0.000000e+00,0.000000e+00,0.000000e+00,0.000000e+00,0.000000e+00,0.000000e+00,0.000000e+00,0.000000e+00,0.000000e+00,0.000000e+00,0.000000e+00,0.000000e+00,0.000000e+00
1.000000e+00,0.000000e+00,0.000000e+00,0.000000e+00,0.000000e+00,0.000000e+00,0.000000e+00,0.000000e+00,0.000000e+00,0.000000e+00,0.000000e+00,0.000000e+00,0.000000e+00,0.000000e+00,0.000000e+00
1.000000e+00,0.000000e+00,0.000000e+00,0.000000e+00,0.000000e+00,0.000000e+00,0.000000e+00,0.000000e+00,0.000000e+00,0.000000e+00,0.000000e+00,0.000000e+00,0.000000e+00,0.000000e+00,0.000000e+00
1.000000e+00,0.000000e+00,0.000000e+00,0.000000e+00,0.000000e+00,0.000000e+00,0.000000e+00,0.000000e+00,0.000000e+00,0.000000e+00,0.000000e+00,0.000000e+00,0.000000e+00,0.000000e+00,0.000000e+00
1.000000e+00,0.000000e+00,0.000000e+00,0.000000e+00,0.000000e+00,0.000000e+00,0.000000e+00,0.000000e+00,0.000000e+00,0.000000e+00,0.000000e+00,0.000000e+00,0.000000e+00,0.000000e+00,0.000000e+00
1.000000e+00,0.000000e+00,0.000000e+00,0.000000e+00,0.000000e+00,0.000000e+00,0.000000e+00,0.000000e+00,0.000000e+00,0.000000e+00,0.000000e+00,0.000000e+00,0.000000e+00,0.000000e+00,0.000000e+00
1.000000e+00,0.000000e+00,0.000000e+00,0.000000e+00,0.000000e+00,0.000000e+00,0.000000e+00,0.000000e+00,0.000000e+00,0.000000e+00,0.000000e+00,0.000000e+00,0.000000e+00,0.000000e+00,0.000000e+00
1.000000e+00,0.000000e+00,0.000000e+00,0.000000e+00,0.000000e+00,0.000000e+00,0.000000e+00,0.000000e+00,0.000000e+00,0.000000e+00,0.000000e+00,0.000000e+00,0.000000e+00,0.000000e+00,0.000000e+00
1.000000e+00,0.000000e+00,0.000000e+00,0.000000e+00,0.000000e+00,0.000000e+00,0.000000e+00,0.000000e+00,0.000000e+00,0.000000e+00,0.000000e+00,0.000000e+00,0.000000e+00,0.000000e+00,0.000000e+00
1.000000e+00,0.000000e+00,0.000000e+00,0.000000e+00,0.000000e+00,0.000000e+00,0.000000e+00,0.000000e+00,0.000000e+00,0.000000e+00,0.000000e+00,0.000000e+00,0.000000e+00,0.000000e+00,0.000000e+00
1.000000e+00,0.000000e+00,0.000000e+00,0.000000e+00,0.000000e+00,0.000000e+00,0.000000e+00,0.000000e+00,0.000000e+00,0.000000e+00,0.000000e+00,0.000000e+00,0.000000e+00,0.000000e+00,0.000000e+00
1.000000e+00,0.000000e+00,0.000000e+00,0.000000e+00,0.000000e+00,0.000000e+00,0.000000e+00,0.000000e+00,0.000000e+00,0.000000e+00,0.000000e+00,0.000000e+00,0.000000e+00,0.000000e+00,0.000000e+00
1.000000e+00,0.000000e+00,0.000000e+00,0.000000e+00,0.000000e+00,0.000000e+00,0.000000e+00,0.000000e+00,0.000000e+00,0.000000e+00,0.000000e+00,0.000000e+00,0.000000e+00,0.000000e+00,0.000000e+00
4.467965e-01,6.824107e-02,3.452944e-02,1.572835e-01,2.518999e-02,4.298044e-02,1.461085e-02,4.443987e-02,2.786848e-02,7.441072e-03,2.312877e-02,3.798917e-02,1.315269e-02,5.688142e-03,5.065999e-02
3.620456e-01,8.420113e-02,3.508624e-02,1.977547e-01,3.063130e-02,4.357160e-02,1.446855e-02,4.307163e-02,3.155213e-02,8.512340e-03,2.468547e-02,4.128077e-02,1.398010e-02,6.347531e-03,6.281086e-02
2.942923e-01,9.543729e-02,3.884727e-02,2.310609e-01,3.241757e-02,4.130127e-02,1.355825e-02,4.406539e-02,3.552511e-02,8.853998e-03,2.636714e-02,4.125091e-02,1.407204e-02,7.133132e-03,7.581733e-02
2.509777e-01,1.116874e-01,3.943463e-02,2.554706e-01,3.288189e-02,3.589748e-02,1.219898e-02,3.995389e-02,3.609797e-02,1.001448e-02,2.666736e-02,4.026319e-02,1.424083e-02,7.820416e-03,8.639319e-02
1.833011e-01,1.134305e-01,3.674657e-02,2.882234e-01,2.896789e-02,2.956467e-02,1.036446e-02,3.236976e-02,4.203182e-02,1.166677e-02,2.329379e-02,3.586833e-02,1.437585e-02,1.130509e-02,1.384899e-01
1.430554e-01,1.049330e-01,4.693431e-02,3.112735e-01,3.102262e-02,2.682267e-02,1.033825e-02,3.595076e-02,4.986320e-02,1.092967e-02,2.469474e-02,3.843316e-02,1.614334e-02,1.400243e-02,1.356029e-01
1.181638e-01,9.876318e-02,6.260263e-02,3.041998e-01,3.228057e-02,2.600898e-02,1.104738e-02,3.235868e-02,5.408926e-02,1.138358e-02,2.736321e-02,4.027063e-02,1.968319e-02,1.821790e-02,1.435672e-01
9.754960e-02,1.053043e-01,9.035534e-02,3.059904e-01,3.076996e-02,2.463697e-02,9.548554e-03,2.821531e-02,5.136241e-02,9.568909e-03,3.038292e-02,3.750973e-02,1.835372e-02,2.050633e-02,1.399456e-01
1.299646e-01,1.076477e-01,7.789961e-02,2.723994e-01,3.374218e-02,2.649211e-02,1.042226e-02,2.318589e-02,5.255775e-02,9.182129e-03,3.598282e-02,3.843899e-02,2.229655e-02,2.286659e-02,1.369214e-01
1.584282e-01,9.439354e-02,6.640377e-02,2.373952e-01,3.141442e-02,2.626330e-02,1.049804e-02,2.138957e-02,5.288012e-02,9.441297e-03,4.386863e-02,6.315595e-02,3.264770e-02,2.223813e-02,1.295821e-01
2.066945e-01,7.907385e-02,7.861222e-02,2.443526e-01,2.899697e-02,2.369000e-02,8.966010e-03,2.424777e-02,4.332262e-02,7.202781e-03,4.324386e-02,6.333758e-02,3.010589e-02,1.716910e-02,1.009842e-01
3.442597e-01,6.320742e-02,6.711140e-02,1.969847e-01,2.461224e-02,2.140483e-02,7.591361e-03,2.056608e-02,3.380761e-02,5.762019e-03,3.586487e-02,5.602182e-02,2.861376e-02,1.324398e-02,8.094816e-02
4.845525e-01,5.002442e-02,4.967113e-02,1.480212e-01,1.976326e-02,1.912122e-02,6.277289e-03,1.641054e-02,2.562345e-02,4.573499e-03,2.832246e-02,4.630863e-02,2.609370e-02,1.097212e-02,6.426465e-02
1.000000e+00,0.000000e+00,0.000000e+00,0.000000e+00,0.000000e+00,0.000000e+00,0.000000e+00,0.000000e+00,0.000000e+00,0.000000e+00,0.000000e+00,0.000000e+00,0.000000e+00,0.000000e+00,0.000000e+00
1.000000e+00,0.000000e+00,0.000000e+00,0.000000e+00,0.000000e+00,0.000000e+00,0.000000e+00,0.000000e+00,0.000000e+00,0.000000e+00,0.000000e+00,0.000000e+00,0.000000e+00,0.000000e+00,0.000000e+00
1.000000e+00,0.000000e+00,0.000000e+00,0.000000e+00,0.000000e+00,0.000000e+00,0.000000e+00,0.000000e+00,0.000000e+00,0.000000e+00,0.000000e+00,0.000000e+00,0.000000e+00,0.000000e+00,0.000000e+00
4.953471e-01,3.109208e-02,1.139130e-01,1.102497e-01,1.116603e-02,1.851495e-02,5.347287e-03,7.092787e-02,1.045419e-02,2.926118e-03,3.285183e-02,3.852765e-02,1.786256e-02,6.651471e-03,3.416813e-02
3.535244e-01,2.190423e-02,8.133899e-02,7.795326e-02,8.220990e-03,1.324059e-02,4.003692e-03,3.382398e-01,7.379324e-03,2.081988e-03,2.340721e-02,2.715589e-02,1.271703e-02,4.715355e-03,2.411721e-02
2.506582e-01,1.541753e-02,5.752729e-02,5.512682e-02,6.080632e-03,9.506078e-03,3.169573e-03,5.309221e-01,5.195368e-03,1.469991e-03,1.652656e-02,1.908731e-02,9.002584e-03,3.350717e-03,1.695928e-02
1.763809e-01,1.084604e-02,4.072987e-02,3.890713e-02,4.373481e-03,6.848710e-03,2.586236e-03,6.689248e-01,3.648885e-03,1.032957e-03,1.164020e-02,1.338704e-02,6.352649e-03,2.439789e-03,1.190130e-02
1.242662e-01,7.638607e-03,2.873598e-02,2.735893e-02,3.235923e-03,4.941207e-03,2.525510e-03,7.657648e-01,2.560912e-03,7.273552e-04,8.186450e-03,9.412993e-03,4.549830e-03,1.748464e-03,8.346937e-03
8.751226e-02,5.386049e-03,2.022127e-02,1.922693e-02,2.481829e-03,3.625149e-03,2.447589e-03,8.337644e-01,1.803746e-03,5.134501e-04,5.790547e-03,6.653060e-03,3.452051e-03,1.265160e-03,5.856493e-03
6.399579e-02,3.856736e-03,1.424809e-02,1.354161e-02,3.314780e-03,4.094834e-03,2.586077e-03,8.159051e-01,1.789896e-03,4.527611e-04,1.216567e-02,8.639094e-03,4.959153e-02,1.226719e-03,4.591336e-03
4.907907e-02,2.818804e-03,1.002139e-02,9.860741e-03,3.203440e-03,7.205748e-03,2.373339e-03,7.172196e-01,1.671445e-03,4.069264e-04,1.976800e-02,1.455278e-02,1.558262e-01,1.179342e-03,4.813205e-03
3.510296e-02,2.010170e-03,7.038171e-03,7.615900e-03,3.221739e-03,7.255808e-03,2.311788e-03,5.410063e-01,1.521551e-03,3.217605e-04,1.645246e-02,1.206368e-02,3.587022e-01,8.606202e-04,4.514917e-03
2.595817e-02,1.600125e-03,5.182295e-03,9.746406e-03,5.277613e-03,7.871997e-03,2.047051e-03,3.926738e-01,8.523963e-03,3.468593e-04,1.369698e-02,1.058690e-02,5.089421e-01,9.057265e-04,6.639978e-03
1.839983e-02,1.196940e-03,3.686281e-03,9.484796e-03,6.042833e-03,6.729246e-03,1.679914e-03,2.801084e-01,7.760749e-03,2.860932e-04,1.787000e-02,1.220502e-02,6.244416e-01,8.844987e-04,9.223817e-03
1.504460e-02,9.642352e-04,2.697988e-03,7.435014e-03,5.950474e-03,2.749517e-02,1.625798e-03,1.973605e-01,6.780916e-03,3.186788e-04,3.289592e-02,3.867111e-02,6.538856e-01,1.584921e-03,7.289047e-03
1.097268e-02,7.073940e-04,1.954495e-03,5.433470e-03,6.407084e-03,2.021727e-02,1.250170e-03,1.384001e-01,8.752398e-03,2.814099e-04,4.314122e-02,4.965275e-02,7.062840e-01,1.179552e-03,5.365974e-03
7.797427e-03,5.157272e-04,1.487584e-03,3.984499e-03,5.175163e-03,1.473171e-02,9.493504e-04,9.749399e-02,9.048340e-03,2.478069e-04,4.229210e-02,4.384716e-02,7.674606e-01,8.628278e-04,4.105708e-03
6.304258e-03,4.830193e-04,1.115150e-03,2.917937e-03,4.487688e-03,1.255138e-02,7.917861e-04,6.833668e-02,9.421360e-03,8.276139e-04,4.261639e-02,7.753462e-02,7.687524e-01,6.926337e-04,3.167032e-03
4.531408e-03,3.815758e-04,8.324182e-04,2.127100e-03,3.527326e-03,9.638815e-03,6.093857e-04,4.795193e-02,7.752063e-03,1.131088e-03,3.957453e-02,9.971762e-02,7.793192e-01,5.216013e-04,2.383945e-03
3.805575e-03,5.333813e-04,1.151450e-03,1.711036e-03,4.303462e-03,7.454716e-03,1.395968e-03,3.477028e-02,8.828430e-03,6.287227e-03,3.129830e-02,1.609536e-01,7.342954e-01,1.155611e-03,2.055494e-03
2.968053e-03,9.763543e-04,1.267859e-03,1.822889e-03,7.868395e-03,6.552525e-03,1.540165e-03,2.807075e-02,2.446407e-02,9.312812e-03,2.695509e-02,1.754167e-01,7.101960e-01,9.067093e-04,1.681697e-03
2.328848e-03,9.218883e-04,1.051989e-03,1.523255e-03,9.689541e-03,6.157138e-03,1.323611e-03,1.983256e-02,3.139627e-02,1.266812e-02,2.122824e-02,2.882035e-01,6.012284e-01,9.258770e-04,1.520867e-03
2.976100e-03,1.513538e-03,2.000443e-03,4.365120e-03,2.302963e-02,1.410452e-02,3.433048e-03,3.472937e-02,7.956766e-02,1.139448e-02,2.114123e-02,3.044752e-01,4.953409e-01,7.334632e-04,1.195398e-03
3.699229e-03,2.607968e-03,3.602778e-03,7.085198e-03,4.783297e-02,1.717056e-02,3.606627e-03,3.997093e-02,1.374193e-01,1.245573e-02,1.963084e-02,3.301748e-01,3.731795e-01,6.263955e-04,9.371719e-04
4.367797e-03,3.735097e-03,4.704881e-03,5.713193e-03,5.867112e-02,1.778995e-02,4.472627e-03,4.259796e-02,2.795813e-01,1.015800e-02,2.070067e-02,2.765896e-01,2.694516e-01,5.712864e-04,8.950107e-04
6.910828e-03,4.139855e-03,7.919734e-03,6.678400e-03,7.229874e-02,2.753223e-02,5.585724e-03,9.064269e-02,2.893572e-01,9.178866e-03,2.573906e-02,2.449543e-01,2.075008e-01,6.195584e-04,9.420898e-04
7.931830e-03,8.238821e-03,1.581567e-02,1.351568e-02,6.349796e-02,6.078095e-02,6.093699e-03,1.173866e-01,3.113494e-01,8.176427e-03,2.538873e-02,1.901913e-01,1.689204e-01,8.789224e-04,1.833658e-03
1.183985e-02,1.477698e-02,2.022262e-02,1.657557e-02,5.811121e-02,4.588464e-02,5.046209e-03,1.019903e-01,4.012427e-01,7.149664e-03,2.471155e-02,1.473319e-01,1.419387e-01,1.162072e-03,2.016110e-03
2.374301e-02,2.068062e-02,2.558927e-02,2.661775e-02,9.390026e-02,3.622797e-02,5.314203e-03,9.501377e-02,3.967291e-01,7.598696e-03,2.383448e-02,1.242115e-01,1.160019e-01,1.987847e-03,2.549715e-03
2.859563e-02,2.712687e-02,2.261254e-02,1.625798e-01,9.813927e-02,2.785194e-02,4.894614e-03,7.119580e-02,3.504810e-01,1.007975e-02,1.880560e-02,8.806375e-02,8.379776e-02,1.638235e-03,4.137449e-03
2.896691e-02,4.045530e-02,1.905266e-02,1.317031e-01,9.012616e-02,2.680633e-02,6.469788e-03,5.281275e-02,4.111131e-01,9.408180e-03,1.535653e-02,6.575234e-02,9.530569e-02,1.369841e-03,5.301342e-03
2.388779e-02,5.914907e-02,1.454931e-02,1.042159e-01,8.575332e-02,2.695169e-02,5.771326e-03,3.867782e-02,4.924722e-01,7.565104e-03,1.217691e-02,4.859593e-02,7.459658e-02,1.131850e-03,4.505135e-03
2.360157e-02,5.044544e-02,1.169004e-02,9.066870e-02,9.760353e-02,3.080962e-02,7.933379e-03,3.878091e-02,5.380899e-01,5.949958e-03,9.346847e-03,3.470116e-02,5.580651e-02,9.301726e-04,3.642332e-03
3.158567e-02,3.882870e-02,8.833120e-03,7.478885e-02,1.997881e-01,3.447505e-02,1.602672e-02,3.140981e-02,4.848079e-01,4.368689e-03,6.955945e-03,2.466617e-02,3.989778e-02,7.068815e-04,2.860639e-03
4.527173e-02,3.335359e-02,7.214539e-03,5.920915e-02,2.435213e-01,4.343521e-02,1.998156e-02,2.372469e-02,4.625424e-01,3.277778e-03,5.592022e-03,1.805186e-02,3.149802e-02,7.426332e-04,2.583594e-03
4.656562e-02,3.132649e-02,5.882785e-03,4.783209e-02,3.136106e-01,5.698190e-02,2.638470e-02,1.888141e-02,4.063874e-01,2.416764e-03,4.539934e-03,1.340160e-02,2.315925e-02,6.672096e-04,1.962279e-03
4.170384e-02,2.835466e-02,4.035358e-02,1.683958e-01,2.908726e-01,4.749829e-02,2.039794e-02,3.711217e-02,2.917569e-01,1.792421e-03,3.810791e-03,9.484858e-03,1.645190e-02,5.062203e-04,1.508132e-03
3.877693e-02,2.092402e-02,7.663395e-02,2.735206e-01,2.158102e-01,3.782121e-02,1.458763e-02,8.501256e-02,2.121232e-01,1.369891e-03,2.947459e-03,7.013460e-03,1.192047e-02,4.267980e-04,1.111669e-03
4.167651e-02,1.512497e-02,1.012308e-01,3.310823e-01,1.592049e-01,3.006146e-02,1.038806e-02,1.401475e-01,1.521357e-01,1.085957e-03,2.527737e-03,5.266333e-03,8.852285e-03,3.713271e-04,8.441239e-04
3.393474e-02,1.069177e-02,8.110458e-02,2.532322e-01,1.198626e-01,2.118600e-02,7.372157e-03,3.518880e-01,1.069782e-01,7.705626e-04,2.090646e-03,3.704838e-03,6.303691e-03,2.668161e-04,6.131359e-04
2.630028e-02,7.524245e-03,5.948135e-02,1.950465e-01,8.857276e-02,1.494328e-02,5.231924e-03,5.180451e-01,7.500052e-02,5.472477e-04,1.589740e-03,2.603815e-03,4.477281e-03,1.897732e-04,4.462178e-04
2.051697e-02,5.375650e-03,4.545316e-02,1.490208e-01,6.282204e-02,1.056175e-02,3.725694e-03,6.417351e-01,5.266280e-02,4.247905e-04,1.898876e-03,1.880314e-03,3.404685e-03,1.654439e-04,3.519195e-04
1.521467e-02,3.787103e-03,3.313535e-02,1.064953e-01,4.493694e-02,7.448006e-03,2.631666e-03,7.434667e-01,3.689284e-02,3.124936e-04,1.490903e-03,1.335856e-03,2.464857e-03,1.257269e-04,2.615115e-04
1.192187e-02,2.683582e-03,2.568596e-02,7.799363e-02,3.229211e-02,5.386263e-03,1.886516e-03,8.116589e-01,2.585853e-02,2.396853e-04,1.255832e-03,9.766608e-04,1.852139e-03,1.048197e-04,2.035599e-04
1.241589e-02,1.918709e-03,1.989067e-02,5.639520e-02,2.379164e-02,3.951202e-03,1.449930e-03,8.582572e-01,1.816221e-02,1.915760e-04,1.134789e-03,7.725276e-04,1.412459e-03,9.303696e-05,1.629887e-04
1.203298e-02,1.422260e-03,1.614830e-02,4.248900e-02,1.772656e-02,2.999059e-03,1.206910e-03,8.897693e-01,1.279743e-02,2.306414e-04,1.077586e-03,6.470617e-04,1.183744e-03,9.889831e-05,1.702294e-04
1.225487e-02,1.111540e-03,1.257745e-02,3.123584e-02,1.341190e-02,2.631749e-03,9.945296e-04,9.138182e-01,9.149360e-03,2.042406e-04,9.097091e-04,5.138428e-04,9.067495e-04,8.064875e-05,1.993805e-04
1.254391e-02,8.334948e-04,9.221540e-03,2.254788e-02,1.004350e-02,2.372880e-03,7.800804e-04,9.328856e-01,6.463050e-03,1.620906e-04,6.760944e-04,4.114876e-04,7.176411e-04,6.379776e-05,2.768726e-04
2.222213e-02,2.265178e-03,9.576517e-03,2.290266e-02,9.985959e-03,2.949964e-03,7.667514e-04,8.840756e-01,1.821188e-02,2.916096e-03,4.329048e-03,4.293266e-03,8.657692e-03,1.126568e-03,5.720676e-03
2.941887e-02,2.619994e-03,7.583860e-03,1.753683e-02,1.064487e-02,3.533957e-03,9.095783e-04,8.446461e-01,3.481497e-02,2.822123e-03,8.150835e-03,6.277582e-03,1.897413e-02,1.939009e-03,1.012728e-02
3.088006e-02,2.265591e-03,5.515168e-03,1.290160e-02,9.817149e-03,4.734094e-03,8.344922e-04,6.562211e-01,4.734576e-02,2.146689e-03,6.908726e-03,5.429274e-03,2.031818e-01,1.597895e-03,1.022059e-02
2.401915e-02,2.623394e-03,4.785696e-03,1.025143e-02,8.958338e-03,3.753489e-03,9.046494e-04,4.632392e-01,2.553780e-01,2.313181e-03,5.870364e-03,4.162368e-03,1.973833e-01,1.445177e-03,1.491233e-02
1.868360e-02,2.051173e-03,3.812029e-03,7.724319e-03,1.416740e-02,6.238183e-03,1.058433e-03,3.265631e-01,1.823981e-01,2.269660e-03,1.151293e-02,5.282283e-03,3.673488e-01,1.634743e-03,4.925532e-02
1.371415e-02,1.510915e-03,2.754142e-03,5.657917e-03,1.182899e-02,5.492060e-03,8.862266e-04,2.291040e-01,1.300560e-01,1.956515e-03,1.372274e-02,5.122765e-03,4.483132e-01,1.429433e-03,1.284509e-01
9.962725e-03,1.137104e-03,2.072155e-03,4.026583e-03,8.899551e-03,4.014723e-03,6.776147e-04,1.606423e-01,9.291142e-02,1.713501e-03,1.119298e-02,4.029967e-03,3.454889e-01,1.281481e-03,3.519490e-01
7.255633e-03,1.393735e-03,1.855525e-03,2.903729e-03,6.426474e-03,2.886523e-03,4.892995e-04,1.127228e-01,6.853582e-02,1.356874e-03,8.168769e-03,2.972072e-03,2.494951e-01,1.089096e-03,5.324485e-01
5.367986e-03,3.689404e-03,3.846216e-03,2.159069e-03,4.911178e-03,2.324864e-03,5.818539e-04,7.942310e-02,5.326504e-02,1.157782e-03,6.007145e-03,2.201599e-03,1.773001e-01,9.733759e-04,6.567913e-01
4.518639e-03,7.324222e-03,4.717955e-03,2.336075e-03,4.000039e-03,2.060813e-03,6.861716e-04,5.965836e-02,5.487235e-02,1.068646e-03,4.408420e-03,1.652011e-03,1.259474e-01,9.577841e-04,7.257912e-01
5.717698e-03,2.024022e-02,6.633262e-03,2.951049e-03,3.411015e-03,5.381102e-03,7.190573e-04,4.987539e-02,1.034591e-01,9.945144e-04,3.417615e-03,1.280483e-03,8.947334e-02,8.233204e-04,7.056229e-01
6.281862e-03,2.688270e-02,5.076327e-03,2.641269e-03,4.026889e-03,7.609522e-03,6.332970e-04,3.594558e-02,2.598166e-01,7.739267e-04,2.469531e-03,9.380034e-04,6.313884e-02,6.409775e-04,5.831247e-01
5.044709e-03,2.855136e-02,3.646184e-03,2.315612e-03,3.977621e-03,8.637629e-03,5.230294e-04,2.567975e-02,4.083797e-01,6.062595e-04,1.784371e-03,6.885178e-04,4.464791e-02,4.790937e-04,4.650382e-01
4.182060e-03,3.699016e-02,3.321816e-03,7.685534e-03,4.849867e-03,9.122706e-03,5.834898e-04,1.916919e-02,5.326859e-01,1.019564e-03,1.445253e-03,6.734142e-04,3.273589e-02,3.816090e-04,3.451536e-01
4.140587e-03,5.799866e-02,2.693015e-03,1.751356e-02,4.163452e-03,1.493634e-02,5.891216e-04,1.548310e-02,5.840786e-01,1.490149e-03,1.942642e-03,7.273158e-04,2.566099e-02,4.024072e-04,2.681802e-01
7.789040e-03,7.573321e-02,2.148440e-03,1.901391e-02,9.270525e-03,2.086821e-02,1.045082e-03,1.406158e-02,6.022619e-01,1.406852e-03,2.826864e-03,9.128570e-04,1.957959e-02,4.736760e-04,2.226083e-01
6.395989e-03,1.590762e-01,2.056317e-03,6.725398e-02,7.024119e-03,2.100272e-02,7.749526e-04,1.080318e-02,5.199854e-01,2.647131e-03,4.991941e-03,9.348851e-04,1.538280e-02,7.765336e-04,1.808938e-01
7.605566e-03,2.330437e-01,1.787760e-03,6.435360e-02,6.676639e-03,1.950601e-02,6.488546e-04,1.129419e-02,4.683529e-01,3.440797e-03,4.985789e-03,9.095531e-04,1.296692e-02,8.658109e-04,1.635619e-01
1.033236e-02,2.563329e-01,2.441528e-03,7.600903e-02,8.199652e-03,3.415982e-02,5.592554e-04,1.211755e-02,3.943732e-01,5.517666e-03,7.316992e-03,9.851375e-04,1.107496e-02,1.820416e-03,1.787595e-01
9.986060e-03,2.217448e-01,2.190362e-03,7.689341e-02,7.496810e-03,3.719964e-02,4.159648e-04,1.625868e-02,4.621196e-01,5.272394e-03,8.287430e-03,8.714908e-04,1.023926e-02,2.177009e-03,1.388470e-01
1.011911e-02,1.787207e-01,1.688326e-03,6.756952e-02,7.492583e-03,4.292281e-02,3.159450e-04,1.810530e-02,5.316362e-01,5.174077e-03,9.072681e-03,8.077560e-04,1.267907e-02,2.273270e-03,1.114226e-01
8.961586e-03,1.430678e-01,1.382573e-03,5.931947e-02,5.567450e-03,3.696964e-02,2.411831e-04,1.477772e-02,5.980315e-01,4.386031e-03,9.935714e-03,6.706843e-04,2.193623e-02,1.936465e-03,9.281601e-02
6.590636e-03,1.025865e-01,1.020087e-03,4.730573e-02,3.919214e-03,3.008330e-02,1.816545e-04,1.060516e-02,6.741369e-01,3.799518e-03,2.477917e-02,6.659107e-04,1.665107e-02,4.978109e-03,7.269701e-02
5.180084e-03,7.299687e-02,8.187806e-04,3.531924e-02,2.869987e-03,2.199223e-02,1.716061e-04,7.494180e-03,5.433665e-01,3.593117e-03,1.591322e-01,1.252542e-03,2.061640e-02,3.788713e-02,8.730911e-02
4.155035e-03,5.183009e-02,6.376111e-04,2.525075e-02,2.052946e-03,1.708140e-02,1.508724e-04,5.266707e-03,5.946453e-01,3.128058e-03,1.198056e-01,2.902423e-03,1.865436e-02,7.390659e-02,8.053225e-02
5.908097e-03,3.754079e-02,1.913994e-03,2.027353e-02,3.159743e-03,4.781948e-02,5.018075e-04,4.113708e-03,4.990110e-01,2.837335e-03,1.954386e-01,5.002015e-03,2.031068e-02,7.606161e-02,8.010764e-02
1.373891e-02,2.878834e-02,5.505311e-03,1.915564e-02,7.650060e-03,3.832049e-02,9.447541e-04,3.082461e-03,4.335177e-01,3.593118e-03,2.024352e-01,9.179216e-03,1.667548e-02,1.166888e-01,1.007245e-01
2.104535e-02,2.210322e-02,5.192231e-03,1.457576e-02,6.546241e-03,2.937179e-02,8.020531e-04,2.330242e-03,3.593439e-01,3.937013e-03,2.475325e-01,9.836795e-03,1.329392e-02,1.826317e-01,8.145716e-02
1.046742e-01,1.668909e-02,4.760436e-03,1.163610e-02,6.241747e-03,2.161660e-02,7.429813e-04,3.277289e-03,2.704300e-01,8.379951e-03,2.511410e-01,9.965756e-03,1.166934e-02,2.206920e-01,5.808337e-02
8.089330e-02,2.099228e-02,5.303501e-03,9.619241e-03,5.891133e-03,1.848127e-02,6.603683e-04,3.561601e-03,2.517450e-01,1.572012e-02,2.239569e-01,1.159442e-02,1.111659e-02,2.984025e-01,4.206172e-02
5.898658e-02,2.806158e-02,6.981363e-03,8.040796e-03,7.120488e-03,1.526323e-02,5.902996e-04,3.003977e-03,2.962396e-01,1.954570e-02,1.926261e-01,1.041449e-02,1.028648e-02,3.103803e-01,3.245892e-02
4.868356e-02,2.806049e-02,9.564271e-03,5.393542e-02,1.051351e-02,1.282105e-02,5.217727e-04,2.798289e-03,3.888016e-01,2.068190e-02,1.470457e-01,1.081059e-02,9.116388e-03,2.290355e-01,2.760988e-02
4.497100e-02,2.779449e-02,9.694937e-03,5.185528e-02,1.557211e-02,1.167480e-02,5.460152e-04,2.372326e-03,4.339429e-01,6.092994e-02,1.119986e-01,9.403545e-03,9.360431e-03,1.797132e-01,3.017048e-02
7.642938e-02,2.353548e-02,8.622508e-03,4.669226e-02,1.381557e-02,1.022415e-02,5.809921e-04,4.239167e-03,4.526110e-01,5.883034e-02,1.004635e-01,1.317315e-02,1.625723e-02,1.492093e-01,2.531599e-02
1.016163e-01,2.208707e-02,8.805263e-03,3.674284e-02,1.489623e-02,1.128142e-02,6.368175e-04,5.077554e-03,4.905641e-01,4.724469e-02,7.955527e-02,1.108676e-02,1.493344e-02,1.296083e-01,2.586392e-02
1.347238e-01,2.394755e-02,1.222877e-02,4.418157e-02,2.598331e-02,1.171509e-02,8.942559e-04,9.460798e-03,4.647460e-01,3.796352e-02,6.140574e-02,1.427210e-02,1.469439e-02,1.153122e-01,2.847093e-02
1.991304e-01,3.161050e-02,1.832371e-02,3.537942e-02,2.693135e-02,1.183289e-02,1.001678e-03,1.083286e-02,4.394094e-01,2.801552e-02,4.634392e-02,1.481397e-02,1.174671e-02,9.995971e-02,2.466799e-02
2.139461e-01,2.838471e-02,2.070831e-02,2.700017e-02,3.045270e-02,1.057956e-02,8.224520e-04,1.461057e-02,4.531209e-01,2.043039e-02,3.528215e-02,1.220599e-02,8.871594e-03,1.041688e-01,1.941560e-02
3.112653e-01,2.580986e-02,2.379081e-02,3.566986e-02,2.748162e-02,1.142632e-02,1.500987e-03,1.182657e-02,3.929845e-01,1.472014e-02,2.975479e-02,1.085682e-02,7.117549e-03,7.862687e-02,1.716796e-02
3.645724e-01,2.635121e-02,2.700059e-02,6.576256e-02,3.773037e-02,1.217131e-02,1.889469e-03,1.256651e-02,3.196280e-01,1.091167e-02,2.696126e-02,9.323178e-03,5.606897e-03,6.337948e-02,1.614512e-02
3.811945e-01,2.468130e-02,4.279292e-02,5.702397e-02,4.171160e-02,1.242139e-02,1.621702e-03,1.186242e-02,2.891334e-01,9.611335e-03,2.486448e-02,8.666174e-03,4.687794e-03,6.579500e-02,2.393200e-02
3.672581e-01,2.656998e-02,3.380628e-02,4.953375e-02,5.177591e-02,2.960386e-02,1.675674e-03,1.082408e-02,3.051235e-01,7.595899e-03,1.982799e-02,8.505886e-03,4.624937e-03,6.397571e-02,1.929841e-02
3.923967e-01,2.571908e-02,2.750325e-02,4.579093e-02,4.685863e-02,2.576113e-02,1.851470e-03,1.125747e-02,3.137101e-01,6.995356e-03,1.688244e-02,8.594463e-03,4.508664e-03,5.271059e-02,1.945975e-02
3.884085e-01,3.060482e-02,2.395605e-02,4.324023e-02,4.113379e-02,3.654661e-02,2.081979e-03,1.071476e-02,3.092448e-01,6.682833e-03,2.076513e-02,1.129104e-02,5.976676e-03,4.656571e-02,2.278708e-02
3.746224e-01,2.698273e-02,2.006496e-02,3.324401e-02,3.628131e-02,3.696335e-02,1.979862e-03,9.725250e-03,3.617103e-01,5.387488e-03,2.183293e-02,9.400655e-03,5.586162e-03,3.879760e-02,1.742092e-02
3.909451e-01,2.279113e-02,1.710464e-02,2.596622e-02,3.241211e-02,3.536757e-02,1.624289e-03,7.838308e-03,3.875418e-01,4.448219e-03,1.723785e-02,7.212377e-03,4.440070e-03,3.145957e-02,1.361077e-02
3.828581e-01,6.791538e-02,1.656716e-02,4.935247e-02,2.523500e-02,3.100505e-02,1.342296e-03,6.610020e-03,3.215167e-01,5.389288e-03,1.673620e-02,6.266605e-03,5.789569e-03,2.608405e-02,3.733224e-02
4.325167e-01,7.768930e-02,1.928227e-02,4.142182e-02,1.861186e-02,3.007557e-02,1.066449e-03,5.110818e-03,2.546323e-01,6.307603e-03,1.527340e-02,5.380787e-03,5.740183e-03,2.679003e-02,6.010099e-02
4.952458e-01,5.886418e-02,1.664533e-02,3.312243e-02,1.413565e-02,2.760772e-02,1.343597e-03,5.472621e-03,1.991670e-01,6.305532e-03,1.611317e-02,4.391035e-03,5.098732e-03,6.981140e-02,4.667592e-02
4.490579e-01,4.228883e-02,1.289085e-02,2.371957e-02,1.102013e-02,2.559036e-02,1.154321e-03,4.333903e-03,1.425478e-01,7.106186e-03,2.616769e-02,3.669805e-03,4.221010e-03,2.104347e-01,3.579695e-02
4.195116e-01,3.054970e-02,9.732680e-03,1.688742e-02,8.397943e-03,2.002154e-02,9.609272e-04,3.151891e-03,1.009877e-01,7.135154e-03,2.710814e-02,3.002434e-03,3.733058e-03,3.218579e-01,2.696192e-02
3.474115e-01,2.188982e-02,7.398476e-03,1.211512e-02,7.118730e-03,1.610381e-02,8.067295e-04,2.384949e-03,7.672807e-02,1.039128e-02,3.606180e-02,2.557253e-03,3.044523e-03,4.347630e-01,2.122499e-02
2.685409e-01,1.754326e-02,6.647810e-03,9.107877e-03,6.749529e-03,1.408996e-02,9.145216e-04,2.288891e-03,8.536605e-02,2.339688e-02,3.813395e-02,2.310602e-03,2.646632e-03,5.031822e-01,1.908094e-02
1.969596e-01,2.306855e-02,5.569234e-03,6.833083e-03,6.712081e-03,1.334660e-02,9.348211e-04,1.823537e-03,1.171732e-01,3.330221e-02,3.144139e-02,2.186254e-03,2.864432e-03,5.261075e-01,3.167746e-02
1.388556e-01,1.750620e-02,4.241821e-03,4.869212e-03,5.392462e-03,1.054089e-02,7.574765e-04,1.361193e-03,1.314597e-01,3.674696e-02,2.431974e-02,1.639751e-03,2.223717e-03,5.775147e-01,4.257062e-02
9.886403e-02,1.486136e-02,3.813800e-03,3.491054e-03,4.153089e-03,8.318456e-03,5.936964e-04,1.069014e-03,1.392379e-01,3.901082e-02,1.931119e-02,1.224422e-03,1.799667e-03,6.056318e-01,5.861972e-02
7.365303e-02,1.490922e-02,3.666938e-03,2.545880e-03,5.915391e-03,8.900257e-03,5.492317e-04,8.871949e-04,1.481720e-01,3.283563e-02,1.472276e-02,9.062120e-04,1.519674e-03,6.369048e-01,5.391179e-02
5.532916e-02,1.142856e-02,3.385239e-03,1.853234e-03,4.629548e-03,8.265264e-03,4.109803e-04,7.274091e-04,1.680154e-01,3.292314e-02,1.140849e-02,7.382267e-04,1.279385e-03,6.254951e-01,7.411090e-02
4.571207e-02,1.296365e-02,8.028649e-03,1.873074e-03,4.487389e-03,2.110391e-02,4.924171e-04,2.086254e-03,1.710532e-01,2.966670e-02,1.266293e-02,7.468291e-04,1.407842e-03,6.211666e-01,6.654844e-02
4.250559e-02,2.610266e-02,2.276150e-02,4.848149e-03,7.019739e-03,1.946613e-02,4.988715e-04,9.137163e-03,1.881092e-01,2.381415e-02,1.155581e-02,8.397164e-04,1.508206e-03,5.926128e-01,4.922031e-02
3.979132e-02,2.108665e-02,3.323239e-02,4.418885e-02,7.207541e-03,2.489818e-02,1.028457e-03,4.463347e-02,1.807062e-01,1.777452e-02,9.432763e-03,7.639207e-04,1.459185e-03,5.387134e-01,3.508310e-02
3.457929e-02,1.515840e-02,2.540940e-01,7.356604e-02,6.178678e-03,2.090054e-02,7.421229e-04,3.421806e-02,1.304915e-01,1.278280e-02,6.857889e-03,5.774291e-04,1.076405e-03,3.827440e-01,2.603284e-02
3.100882e-02,1.100170e-02,3.835512e-01,1.064041e-01,5.311241e-03,1.697113e-02,5.751382e-04,4.509208e-02,9.415707e-02,9.517560e-03,5.047777e-03,4.368547e-04,8.694736e-04,2.703105e-01,1.974536e-02
4.282251e-02,9.051862e-03,4.472236e-01,1.302018e-01,4.445218e-03,1.391958e-02,5.655455e-04,5.218362e-02,7.080641e-02,8.399189e-03,3.747981e-03,3.407130e-04,7.277724e-04,1.969142e-01,1.865003e-02
5.849909e-02,8.865343e-03,5.223165e-01,1.314145e-01,3.793645e-03,1.055282e-02,5.039365e-04,4.061419e-02,5.240349e-02,7.127122e-03,2.919330e-03,3.612323e-04,6.125032e-04,1.412309e-01,1.878551e-02
5.731240e-02,7.308637e-03,6.032521e-01,1.232401e-01,3.101820e-03,7.733409e-03,4.360872e-04,3.035295e-02,3.890500e-02,6.794840e-03,2.332420e-03,3.975081e-04,5.354377e-04,9.944873e-02,1.884869e-02
5.574278e-02,5.493193e-03,6.572690e-01,1.220870e-01,2.431797e-03,5.724631e-03,4.473351e-04,2.668586e-02,2.875648e-02,6.549091e-03,1.899707e-03,5.415020e-04,5.069396e-04,7.013195e-02,1.573279e-02
6.120460e-02,4.610606e-03,6.811962e-01,1.153695e-01,2.229784e-03,4.312821e-03,6.980185e-04,3.688026e-02,2.197128e-02,6.526354e-03,1.580223e-03,6.980628e-04,4.890758e-04,4.948298e-02,1.275029e-02
6.210108e-02,3.916436e-03,6.903751e-01,1.220724e-01,2.202301e-03,3.328325e-03,1.093648e-03,4.500931e-02,1.678079e-02,6.004102e-03,1.314053e-03,6.527225e-04,4.907205e-04,3.487135e-02,9.787714e-03
6.621762e-02,3.844442e-03,6.729165e-01,1.332451e-01,2.404187e-03,2.684407e-03,1.023433e-03,4.085413e-02,2.500295e-02,1.067339e-02,2.401540e-03,1.204121e-03,7.483064e-04,2.551737e-02,1.126255e-02
4.813860e-02,3.374676e-03,6.871207e-01,9.645255e-02,1.734249e-03,2.004998e-03,7.373521e-04,2.911187e-02,4.289614e-02,2.306780e-02,1.003239e-02,1.090370e-03,7.638078e-04,4.490209e-02,8.572497e-03
4.027298e-02,7.116973e-03,6.166683e-01,1.112152e-01,3.968157e-03,2.012840e-03,5.842451e-04,2.090556e-02,6.824440e-02,2.971140e-02,2.036195e-02,5.251007e-03,1.756516e-03,6.371197e-02,8.218464e-03
4.256921e-02,1.052862e-02,5.313060e-01,8.086371e-02,3.682268e-03,2.142451e-03,5.526076e-04,1.547746e-02,8.944437e-02,4.387761e-02,4.330328e-02,7.150136e-03,2.187510e-03,1.165736e-01,1.034117e-02
6.797136e-02,1.427086e-02,3.970508e-01,6.357981e-02,3.612415e-03,2.494791e-03,6.353416e-04,1.173399e-02,1.088895e-01,4.894274e-02,5.222393e-02,1.217051e-02,2.768938e-03,2.002360e-01,1.341904e-02
6.940766e-02,2.289694e-02,2.787886e-01,5.081078e-02,3.604650e-03,3.985438e-03,5.231176e-04,8.851225e-03,1.081370e-01,4.471418e-02,1.302135e-01,2.080810e-02,4.220455e-03,2.383418e-01,1.469661e-02
5.891374e-02,2.701778e-02,1.955780e-01,4.080981e-02,3.585798e-03,5.650041e-03,4.223872e-04,6.609047e-03,1.138735e-01,4.208657e-02,1.908888e-01,2.425723e-02,4.040260e-03,2.727438e-01,1.352314e-02
4.872131e-02,6.889433e-02,1.379734e-01,4.555786e-02,4.519573e-03,1.034025e-02,4.586838e-04,5.984256e-03,1.764709e-01,4.939879e-02,1.598520e-01,2.129528e-02,3.916464e-03,2.461168e-01,2.050008e-02
3.820586e-02,8.083212e-02,9.767754e-02,3.696036e-02,4.109749e-03,1.313400e-02,4.569865e-04,4.442222e-03,2.092498e-01,4.914627e-02,1.222735e-01,1.715219e-02,3.236695e-03,2.894254e-01,3.369724e-02
3.250982e-02,7.268447e-02,6.896912e-02,2.942824e-02,3.501503e-03,1.260902e-02,4.386222e-04,3.357159e-03,2.419425e-01,4.158379e-02,1.069004e-01,1.908166e-02,2.681836e-03,3.355595e-01,2.875233e-02
2.623011e-02,6.781842e-02,4.977322e-02,2.553552e-02,3.450350e-03,1.381466e-02,3.553938e-04,2.572307e-03,3.792592e-01,4.132696e-02,8.399729e-02,1.608730e-02,2.778179e-03,2.590407e-01,2.796040e-02
2.182677e-02,5.310669e-02,3.531903e-02,1.916652e-02,2.570866e-03,1.022685e-02,3.015893e-04,1.925818e-03,4.524918e-01,4.689139e-02,7.343744e-02,1.341439e-02,2.444948e-03,2.425876e-01,2.428838e-02
3.922155e-02,5.547432e-02,2.570119e-02,1.577477e-02,2.232126e-03,8.235386e-03,3.500022e-04,2.253207e-03,3.817245e-01,5.488301e-02,1.146644e-01,1.451850e-02,3.240324e-03,2.533731e-01,2.835361e-02
4.244062e-02,4.654543e-02,1.836925e-02,1.158985e-02,1.795277e-03,7.640711e-03,2.852979e-04,2.163175e-03,3.034237e-01,1.919073e-01,9.626457e-02,1.332098e-02,3.321339e-03,2.370757e-01,2.385672e-02
5.281398e-02,3.844849e-02,1.302293e-02,8.338507e-03,1.635222e-03,6.478779e-03,2.392545e-04,1.786198e-03,2.275419e-01,3.671636e-01,7.454965e-02,1.093957e-02,4.179939e-03,1.726932e-01,2.016879e-02
1.195131e-01,3.775894e-02,1.107116e-02,7.146763e-03,2.240306e-03,1.038599e-02,6.968838e-04,2.760188e-03,1.814037e-01,3.889805e-01,5.979423e-02,1.795304e-02,1.035964e-02,1.244517e-01,2.548378e-02
1.511131e-01,4.300801e-02,1.019999e-02,1.034961e-02,2.102134e-03,2.331326e-02,1.072292e-03,3.030852e-03,1.511497e-01,3.300438e-01,5.782005e-02,6.204279e-02,3.156228e-02,8.933377e-02,3.385836e-02
1.728114e-01,4.525968e-02,7.980509e-03,1.287717e-02,1.858164e-03,2.164677e-02,1.022951e-03,4.461404e-03,1.606853e-01,2.464401e-01,8.394879e-02,1.110368e-01,3.984269e-02,6.378879e-02,2.633957e-02
1.352009e-01,4.148225e-02,6.198402e-03,1.220430e-02,1.908183e-03,1.694508e-02,9.221802e-04,4.645866e-03,2.488764e-01,2.052088e-01,1.004422e-01,1.071150e-01,5.042031e-02,4.553358e-02,2.289665e-02
1.207917e-01,5.749012e-02,5.563958e-03,1.198770e-02,1.951667e-03,1.840578e-02,1.139714e-03,5.313305e-03,2.996830e-01,1.714559e-01,9.776955e-02,1.050527e-01,4.839485e-02,3.390804e-02,2.109189e-02
8.923955e-02,1.068369e-01,6.092635e-03,1.063708e-02,2.210941e-03,1.412866e-02,1.288050e-03,8.334645e-03,3.658481e-01,1.487410e-01,7.868044e-02,7.876862e-02,3.857340e-02,2.637733e-02,2.424267e-02
6.375564e-02,1.052274e-01,5.280897e-03,8.745246e-03,2.375892e-03,1.048790e-02,1.585548e-03,1.256630e-02,4.304067e-01,1.563360e-01,6.738460e-02,6.022410e-02,3.129273e-02,2.162322e-02,2.270777e-02
4.627527e-02,8.719864e-02,4.036440e-03,7.482237e-03,2.649739e-03,7.876205e-03,1.156274e-03,1.342480e-02,4.620686e-01,2.012802e-01,5.727897e-02,4.646871e-02,2.459461e-02,1.974940e-02,1.845985e-02
3.497822e-02,7.292185e-02,3.307607e-03,6.927097e-03,4.553530e-03,6.329756e-03,9.373706e-04,1.279857e-02,4.648896e-01,2.616587e-01,4.630773e-02,3.396773e-02,2.105955e-02,1.546630e-02,1.389638e-02
