1.000000e+00,0.000000e+00,0.000000e+00,0.000000e+00,0.000000e+00,0.000000e+00,0.000000e+00,0.000000e+00,0.000000e+00,0.000000e+00,0.000000e+00,0.000000e+00,0.000000e+00,0.000000e+00,0.000000e+00
1.000000e+00,0.000000e+00,0.000000e+00,0.000000e+00,0.000000e+00,0.000000e+00,0.000000e+00,0.000000e+00,0.000000e+00,0.000000e+00,0.000000e+00,0.000000e+00,0.000000e+00,0.000000e+00,0.000000e+00
1.000000e+00,0.000000e+00,0.000000e+00,0.000000e+00,0.000000e+00,0.000000e+00,0.000000e+00,0.000000e+00,0.000000e+00,0.000000e+00,0.000000e+00,0.000000e+00,0.000000e+00,0.000000e+00,0.000000e+00
1.000000e+00,0.000000e+00,0.000000e+00,0.000000e+00,0.000000e+00,0.000000e+00,0.000000e+00,0.000000e+00,0.000000e+00,0.000000e+00,0.000000e+00,0.000000e+00,0.000000e+00,0.000000e+00,0.000000e+00
1.000000e+00,0.000000e+00,0.000000e+00,0.000000e+00,0.000000e+00,0.000000e+00,0.000000e+00,0.000000e+00,0.000000e+00,0.000000e+00,0.000000e+00,0.000000e+00,0.000000e+00,0.000000e+00,0.000000e+00
1.000000e+00,0.000000e+00,0.000000e+00,0.000000e+00,0.000000e+00,0.000000e+00,0.000000e+00,0.000000e+00,0.000000e+00,0.000000e+00,0.000000e+00,0.000000e+00,0.000000e+00,0.000000e+00,0.000000e+00
1.000000e+00,0.000000e+00,0.000000e+00,0.000000e+00,0.000000e+00,0.000000e+00,0.000000e+00,0.000000e+00,0.000000e+00,0.000000e+00,0.000000e+00,0.000000e+00,0.000000e+00,0.000000e+00,0.000000e+00
1.000000e+00,0.000000e+00,0.000000e+00,0.000000e+00,0.000000e+00,0.000000e+00,0.000000e+00,0.000000e+00,0.000000e+00,0.000000e+00,0.000000e+00,0.000000e+00,0.000000e+00,0.000000e+00,0.000000e+00
1.000000e+00,0.000000e+00,0.000000e+00,0.000000e+00,0.000000e+00,0.000000e+00,0.000000e+00,0.000000e+00,0.000000e+00,0.000000e+00,0.000000e+00,0.000000e+00,0.000000e+00,0.000000e+00,0.000000e+00
1.000000e+00,0.000000e+00,0.000000e+00,0.000000e+00,0.000000e+00,0.000000e+00,0.000000e+00,0.000000e+00,0.000000e+00,0.000000e+00,0.000000e+00,0.000000e+00,0.000000e+00,0.000000e+00,0.000000e+00
1.000000e+00,0.000000e+00,0.000000e+00,0.000000e+00,0.000000e+00,0.000000e+00,0.000000e+00,0.000000e+00,0.000000e+00,0.000000e+00,0.000000e+00,0.000000e+00,0.000000e+00,0.000000e+00,0.000000e+00
1.000000e+00,0.000000e+00,0.000000e+00,0.000000e+00,0.000000e+00,0.000000e+00,0.000000e+00,0.000000e+00,0.000000e+00,0.000000e+00,0.000000e+00,0.000000e+00,0.000000e+00,0.000000e+00,0.000000e+00
1.000000e+00,0.000000e+00,0.000000e+00,0.000000e+00,0.000000e+00,0.000000e+00,0.000000e+00,0.000000e+00,0.000000e+00,0.000000e+00,0.000000e+00,0.000000e+00,0.000000e+00,0.000000e+00,0.000000e+00
1.000000e+00,0.000000e+00,0.000000e+00,0.000000e+00,0.000000e+00,0.000000e+00,0.000000e+00,0.000000e+00,0.000000e+00,0.000000e+00,0.000000e+00,0.000000e+00,0.000000e+00,0.000000e+00,0.000000e+00
1.000000e+00,0.000000e+00,0.000000e+00,0.000000e+00,0.000000e+00,0.000000e+00,0.000000e+00,0.000000e+00,0.000000e+00,0.000000e+00,0.000000e+00,0.000000e+00,0.000000e+00,0.000000e+00,0.000000e+00
1.000000e+00,0.000000e+00,0.000000e+00,0.000000e+00,0.000000e+00,0.000000e+00,0.000000e+00,0.000000e+00,0.000000e+00,0.000000e+00,0.000000e+00,0.000000e+00,0.000000e+00,0.000000e+00,0.000000e+00
1.000000e+00,0.000000e+00,0.000000e+00,0.000000e+00,0.000000e+00,0.000000e+00,0.000000e+00,0.000000e+00,0.000000e+00,0.000000e+00,0.000000e+00,0.000000e+00,0.000000e+00,0.000000e+00,0.000000e+00
1.000000e+00,0.000000e+00,0.000000e+00,0.000000e+00,0.000000e+00,0.000000e+00,0.000000e+00,0.000000e+00,0.000000e+00,0.000000e+00,0.000000e+00,0.000000e+00,0.000000e+00,0.000000e+00,0.000000e+00
1.000000e+00,0.000000e+00,0.000000e+00,0.000000e+00,0.000000e+00,0.000000e+00,0.000000e+00,0.000000e+00,0.000000e+00,0.000000e+00,0.000000e+00,0.000000e+00,0.000000e+00,0.000000e+00,0.000000e+00
1.000000e+00,0.000000e+00,0.000000e+00,0.000000e+00,0.000000e+00,0.000000e+00,0.000000e+00,0.000000e+00,0.000000e+00,0.000000e+00,0.000000e+00,0.000000e+00,0.000000e+00,0.000000e+00,0.000000e+00
1.000000e+00,0.000000e+00,0.000000e+00,0.000000e+00,0.000000e+00,0.000000e+00,0.000000e+00,0.000000e+00,0.000000e+00,0.000000e+00,0.000000e+00,0.000000e+00,0.000000e+00,0.000000e+00,0.000000e+00
1.000000e+00,0.000000e+00,0.000000e+00,0.000000e+00,0.000000e+00,0.000000e+00,0.000000e+00,0.000000e+00,0.000000e+00,0.000000e+00,0.000000e+00,0.000000e+00,0.000000e+00,0.000000e+00,0.000000e+00
1.000000e+00,0.000000e+00,0.000000e+00,0.000000e+00,0.000000e+00,0.000000e+00,0.000000e+00,0.000000e+00,0.000000e+00,0.000000e+00,0.000000e+00,0.000000e+00,0.000000e+00,0.000000e+00,0.000000e+00
1.000000e+00,0.000000e+00,0.000000e+00,0.000000e+00,0.000000e+00,0.000000e+00,0.000000e+00,0.000000e+00,0.000000e+00,0.000000e+00,0.000000e+00,0.000000e+00,0.000000e+00,0.000000e+00,0.000000e+00
1.000000e+00,0.000000e+00,0.000000e+00,0.000000e+00,0.000000e+00,0.000000e+00,0.000000e+00,0.000000e+00,0.000000e+00,0.000000e+00,0.000000e+00,0.000000e+00,0.000000e+00,0.000000e+00,0.000000e+00
1.000000e+00,0.000000e+00,0.000000e+00,0.000000e+00,0.000000e+00,0.000000e+00,0.000000e+00,0.000000e+00,0.000000e+00,0.000000e+00,0.000000e+00,0.000000e+00,0.000000e+00,0.000000e+00,0.000000e+00
1.000000e+00,0.000000e+00,0.000000e+00,0.000000e+00,0.000000e+00,0.000000e+00,0.000000e+00,0.000000e+00,0.000000e+00,0.000000e+00,0.000000e+00,0.000000e+00,0.000000e+00,0.000000e+00,0.000000e+00
1.000000e+00,0.000000e+00,0.000000e+00,0.000000e+00,0.000000e+00,0.000000e+00,0.000000e+00,0.000000e+00,0.000000e+00,0.000000e+00,0.000000e+00,0.000000e+00,0.000000e+00,0.000000e+00,0.000000e+00
1.000000e+00,0.000000e+00,0.000000e+00,0.000000e+00,0.000000e+00,0.000000e+00,0.000000e+00,0.000000e+00,0.000000e+00,0.000000e+00,0.000000e+00,0.000000e+00,0.000000e+00,0.000000e+00,0.000000e+00
1.000000e+00,0.000000e+00,0.000000e+00,0.000000e+00,0.000000e+00,0.000000e+00,0.000000e+00,0.000000e+00,0.000000e+00,0.000000e+00,0.000000e+00,0.000000e+00,0.000000e+00,0.000000e+00,0.000000e+00
1.000000e+00,0.000000e+00,0.000000e+00,0.000000e+00,0.000000e+00,0.000000e+00,0.000000e+00,0.000000e+00,0.000000e+00,0.000000e+00,0.000000e+00,0.000000e+00,0.000000e+00,0.000000e+00,0.000000e+00
1.000000e+00,0.000000e+00,0.000000e+00,0.000000e+00,0.000000e+00,0.000000e+00,0.000000e+00,0.000000e+00,0.000000e+00,0.000000e+00,0.000000e+00,0.000000e+00,0.000000e+00,0.000000e+00,0.000000e+00
1.000000e+00,0.000000e+00,0.000000e+00,0.000000e+00,0.000000e+00,0.000000e+00,0.000000e+00,0.000000e+00,0.000000e+00,0.000000e+00,0.000000e+00,0.000000e+00,0.000000e+00,0.000000e+00,0.000000e+00
1.000000e+00,0.000000e+00,0.000000e+00,0.000000e+00,0.000000e+00,0.000000e+00,0.000000e+00,0.000000e+00,0.000000e+00,0.000000e+00,0.000000e+00,0.000000e+00,0.000000e+00,0.000000e+00,0.000000e+00
1.000000e+00,0.000000e+00,0.000000e+00,0.000000e+00,0.000000e+00,0.000000e+00,0.000000e+00,0.000000e+00,0.000000e+00,0.000000e+00,0.000000e+00,0.000000e+00,0.000000e+00,0.000000e+00,0.000000e+00
1.000000e+00,0.000000e+00,0.000000e+00,0.000000e+00,0.000000e+00,0.000000e+00,0.000000e+00,0.000000e+00,0.000000e+00,0.000000e+00,0.000000e+00,0.000000e+00,0.000000e+00,0.000000e+00,0.000000e+00
1.000000e+00,0.000000e+00,0.000000e+00,0.000000e+00,0.000000e+00,0.000000e+00,0.000000e+00,0.000000e+00,0.000000e+00,0.000000e+00,0.000000e+00,0.000000e+00,0.000000e+00,0.000000e+00,0.000000e+00
1.000000e+00,0.000000e+00,0.000000e+00,0.000000e+00,0.000000e+00,0.000000e+00,0.000000e+00,0.000000e+00,0.000000e+00,0.000000e+00,0.000000e+00,0.000000e+00,0.000000e+00,0.000000e+00,0.000000e+00
1.000000e+00,0.000000e+00,0.000000e+00,0.000000e+00,0.000000e+00,0.000000e+00,0.000000e+00,0.000000e+00,0.000000e+00,0.000000e+00,0.000000e+00,0.000000e+00,0.000000e+00,0.000000e+00,0.000000e+00
1.000000e+00,0.000000e+00,0.000000e+00,0.000000e+00,0.000000e+00,0.000000e+00,0.000000e+00,0.000000e+00,0.000000e+00,0.000000e+00,0.000000e+00,0.000000e+00,0.000000e+00,0.000000e+00,0.000000e+00
1.000000e+00,0.000000e+00,0.000000e+00,0.000000e+00,0.000000e+00,0.000000e+00,0.000000e+00,0.000000e+00,0.000000e+00,0.000000e+00,0.000000e+00,0.000000e+00,0.000000e+00,0.000000e+00,0.000000e+00
1.000000e+00,0.000000e+00,0.000000e+00,0.000000e+00,0.000000e+00,0.000000e+00,0.000000e+00,0.000000e+00,0.000000e+00,0.000000e+00,0.000000e+00,0.000000e+00,0.000000e+00,0.000000e+00,0.000000e+00
1.000000e+00,0.000000e+00,0.000000e+00,0.000000e+00,0.000000e+00,0.000000e+00,0.000000e+00,0.000000e+00,0.000000e+00,0.000000e+00,0.000000e+00,0.000000e+00,0.000000e+00,0.000000e+00,0.000000e+00
1.000000e+00,0.000000e+00,0.000000e+00,0.000000e+00,0.000000e+00,0.000000e+00,0.000000e+00,0.000000e+00,0.000000e+00,0.000000e+00,0.000000e+00,0.000000e+00,0.000000e+00,0.000000e+00,0.000000e+00
1.000000e+00,0.000000e+00,0.000000e+00,0.000000e+00,0.000000e+00,0.000000e+00,0.000000e+00,0.000000e+00,0.000000e+00,0.000000e+00,0.000000e+00,0.000000e+00,0.000000e+00,0.000000e+00,0.000000e+00
1.000000e+00,0.000000e+00,0.000000e+00,0.000000e+00,0.000000e+00,0.000000e+00,0.000000e+00,0.000000e+00,0.000000e+00,0.000000e+00,0.000000e+00,0.000000e+00,0.000000e+00,0.000000e+00,0.000000e+00
1.000000e+00,0.000000e+00,0.000000e+00,0.000000e+00,0.000000e+00,0.000000e+00,0.000000e+00,0.000000e+00,0.000000e+00,0.000000e+00,0.000000e+00,0.000000e+00,0.000000e+00,0.000000e+00,0.000000e+00
1.000000e+00,0.000000e+00,0.000000e+00,0.000000e+00,0.000000e+00,0.000000e+00,0.000000e+00,0.000000e+00,0.000000e+00,0.000000e+00,0.000000e+00,0.000000e+00,0.000000e+00,0.000000e+00,0.000000e+00
1.000000e+00,0.000000e+00,0.000000e+00,0.000000e+00,0.000000e+00,0.000000e+00,0.000000e+00,0.000000e+00,0.000000e+00,0.000000e+00,0.000000e+00,0.000000e+00,0.000000e+00,0.000000e+00,0.000000e+00
1.000000e+00,0.000000e+00,0.000000e+00,0.000000e+00,0.000000e+00,0.000000e+00,0.000000e+00,0.000000e+00,0.000000e+00,0.000000e+00,0.000000e+00,0.000000e+00,0.000000e+00,0.000000e+00,0.000000e+00
1.000000e+00,0.000000e+00,0.000000e+00,0.000000e+00,0.000000e+00,0.000000e+00,0.000000e+00,0.000000e+00,0.000000e+00,0.000000e+00,0.000000e+00,0.000000e+00,0.000000e+00,0.000000e+00,0.000000e+00
1.000000e+00,0.000000e+00,0.000000e+00,0.000000e+00,0.000000e+00,0.000000e+00,0.000000e+00,0.000000e+00,0.000000e+00,0.000000e+00,0.000000e+00,0.000000e+00,0.000000e+00,0.000000e+00,0.000000e+00
1.000000e+00,0.000000e+00,0.000000e+00,0.000000e+00,0.000000e+00,0.000000e+00,0.000000e+00,0.000000e+00,0.000000e+00,0.000000e+00,0.000000e+00,0.000000e+00,0.000000e+00,0.000000e+00,0.000000e+00
1.000000e+00,0.000000e+00,0.000000e+00,0.000000e+00,0.000000e+00,0.000000e+00,0.000000e+00,0.000000e+00,0.000000e+00,0.000000e+00,0.000000e+00,0.000000e+00,0.000000e+00,0.000000e+00,0.000000e+00
1.000000e+00,0.000000e+00,0.000000e+00,0.000000e+00,0.000000e+00,0.000000e+00,0.000000e+00,0.000000e+00,0.000000e+00,0.000000e+00,0.000000e+00,0.000000e+00,0.000000e+00,0.000000e+00,0.000000e+00
1.000000e+00,0.000000e+00,0.000000e+00,0.000000e+00,0.000000e+00,0.000000e+00,0.000000e+00,0.000000e+00,0.000000e+00,0.000000e+00,0.000000e+00,0.000000e+00,0.000000e+00,0.000000e+00,0.000000e+00
1.000000e+00,0.000000e+00,0.000000e+00,0.000000e+00,0.000000e+00,0.000000e+00,0.000000e+00,0.000000e+00,0.000000e+00,0.000000e+00,0.000000e+00,0.000000e+00,0.000000e+00,0.000000e+00,0.000000e+00
1.000000e+00,0.000000e+00,0.000000e+00,0.000000e+00,0.000000e+00,0.000000e+00,0.000000e+00,0.000000e+00,0.000000e+00,0.000000e+00,0.000000e+00,0.000000e+00,0.000000e+00,0.000000e+00,0.000000e+00
4.808729e-01,7.081448e-02,1.970153e-02,1.664428e-01,1.330349e-02,2.664872e-02,6.319474e-03,1.909556e-02,2.637219e-02,4.104242e-03,4.668634e-02,4.229972e-02,1.207295e-02,7.127667e-03,5.813791e-02
3.931420e-01,7.790039e-02,2.920892e-02,2.038348e-01,1.383668e-02,2.857792e-02,5.848343e-03,2.194901e-02,2.736151e-02,5.084493e-03,5.667407e-02,4.569252e-02,1.335971e-02,8.945627e-03,6.858395e-02
3.141997e-01,8.774664e-02,4.241155e-02,2.346066e-01,1.436388e-02,3.080200e-02,5.674616e-03,2.444178e-02,3.498345e-02,5.502505e-03,6.247637e-02,4.240017e-02,1.368906e-02,1.079745e-02,7.590419e-02
3.016423e-01,9.257510e-02,3.875598e-02,2.278001e-01,1.460144e-02,2.896542e-02,5.611442e-03,2.168297e-02,4.056201e-02,6.208236e-03,6.557232e-02,4.021035e-02,1.456005e-02,1.394081e-02,8.731151e-02
2.599047e-01,9.183135e-02,3.528016e-02,2.054694e-01,1.432888e-02,2.986433e-02,6.056454e-03,1.953175e-02,4.814729e-02,9.888294e-03,6.496987e-02,3.898241e-02,1.591707e-02,2.642594e-02,1.334021e-01
2.546753e-01,9.439855e-02,3.290029e-02,1.909574e-01,1.534370e-02,3.087852e-02,6.402225e-03,1.837033e-02,4.993948e-02,1.145610e-02,6.430267e-02,3.802866e-02,1.631050e-02,3.010304e-02,1.459333e-01
2.928343e-01,9.102848e-02,2.902388e-02,1.678309e-01,1.462218e-02,3.043899e-02,5.861449e-03,1.615965e-02,4.457907e-02,1.180658e-02,5.792508e-02,3.394337e-02,1.623568e-02,3.323642e-02,1.544740e-01
2.213694e-01,1.076047e-01,3.629429e-02,2.610245e-01,1.256760e-02,2.256398e-02,4.754729e-03,1.286609e-02,3.688521e-02,1.110373e-02,4.374542e-02,2.595366e-02,1.289282e-02,2.433904e-02,1.660348e-01
1.566062e-01,9.652354e-02,3.279538e-02,4.073187e-01,9.056613e-03,1.610448e-02,3.387924e-03,9.195213e-03,3.323805e-02,1.249606e-02,3.251850e-02,1.835278e-02,9.612281e-03,1.716713e-02,1.456272e-01
1.102864e-01,7.748877e-02,3.368500e-02,5.399210e-01,7.376982e-03,1.280295e-02,2.512666e-03,6.591950e-03,2.684468e-02,9.732730e-03,2.788123e-02,1.409383e-02,8.264714e-03,1.241531e-02,1.101017e-01
7.771029e-02,5.911057e-02,3.311519e-02,6.136992e-01,6.356577e-03,1.022797e-02,1.862359e-03,4.675170e-03,2.311039e-02,1.024889e-02,4.856084e-02,1.103130e-02,7.302528e-03,9.407078e-03,8.358161e-02
5.477536e-02,4.696241e-02,2.583257e-02,6.348200e-01,5.383519e-03,8.225701e-03,1.377163e-03,3.334779e-03,2.792831e-02,8.869459e-03,8.890875e-02,9.452917e-03,9.151603e-03,7.350528e-03,6.762692e-02
3.845217e-02,3.319384e-02,1.885677e-02,6.913618e-01,3.967386e-03,5.928418e-03,9.732018e-04,2.415468e-03,2.289481e-02,6.796646e-03,1.061933e-01,7.148369e-03,7.935037e-03,5.527113e-03,4.835572e-02
2.718171e-02,2.344123e-02,1.411162e-02,6.640603e-01,2.912595e-03,4.557719e-03,7.078481e-04,1.712222e-03,1.805506e-02,5.513811e-03,1.853891e-01,5.676612e-03,7.649425e-03,4.215205e-03,3.481559e-02
1.913342e-02,1.651939e-02,1.209366e-02,6.797256e-01,2.093941e-03,3.520707e-03,5.111516e-04,1.212548e-03,1.354255e-02,4.516992e-03,1.960654e-01,7.578519e-03,1.480756e-02,3.277587e-03,2.540096e-02
1.367175e-02,1.167317e-02,9.348896e-03,5.758752e-01,1.749431e-03,4.210072e-03,3.822394e-04,8.934035e-04,1.022495e-02,3.773609e-03,2.711731e-01,1.862891e-02,5.744763e-02,2.912755e-03,1.803490e-02
9.604741e-03,8.181365e-03,6.615485e-03,4.188690e-01,6.101595e-03,3.890331e-03,2.803787e-04,6.575036e-04,8.659679e-03,2.901146e-03,3.657158e-01,6.322157e-02,9.020698e-02,2.301214e-03,1.279320e-02
6.871378e-03,5.780668e-03,4.729701e-03,3.051693e-01,5.404761e-03,4.570975e-03,2.483552e-04,4.975472e-04,1.354198e-02,2.304063e-03,2.643832e-01,1.628928e-01,2.127002e-01,1.710242e-03,9.194826e-03
4.963723e-03,4.074361e-03,3.334136e-03,2.174281e-01,4.460967e-03,4.578069e-03,2.000011e-04,3.698954e-04,1.322414e-02,2.066994e-03,1.886232e-01,2.684030e-01,2.803554e-01,1.322249e-03,6.595796e-03
3.529717e-03,2.894392e-03,2.343596e-03,1.523828e-01,3.758800e-03,3.458677e-03,1.507619e-04,3.230586e-04,3.539544e-02,1.766984e-03,1.347532e-01,2.336772e-01,4.199722e-01,9.503788e-04,4.642768e-03
2.563088e-03,2.076746e-03,1.741385e-03,1.069623e-01,1.107088e-02,2.834829e-03,4.698719e-04,3.263338e-03,1.097535e-01,1.938467e-03,9.972703e-02,1.862675e-01,4.673040e-01,7.017161e-04,3.325335e-03
1.987040e-03,1.694432e-03,1.549113e-03,7.584383e-02,1.151002e-02,5.986156e-03,7.865062e-04,8.387725e-03,1.425960e-01,1.216680e-02,7.139211e-02,1.816578e-01,4.812476e-01,6.099723e-04,2.584918e-03
1.839973e-03,1.664436e-03,1.462464e-03,5.440125e-02,1.031465e-02,2.666522e-02,1.298642e-03,1.178243e-02,1.323854e-01,1.767534e-02,5.073232e-02,2.432723e-01,4.430720e-01,5.958375e-04,2.837826e-03
1.460095e-03,1.398180e-03,1.231785e-03,3.905699e-02,8.733553e-03,5.752791e-02,1.111755e-03,1.187180e-02,1.106251e-01,1.677610e-02,3.654546e-02,2.278791e-01,4.824624e-01,5.512236e-04,2.768603e-03
1.431842e-03,1.758933e-03,9.906257e-04,2.769686e-02,6.766393e-03,6.908311e-02,1.001503e-03,9.458556e-03,8.973724e-02,1.394409e-02,2.705852e-02,3.249474e-01,4.230065e-01,7.144477e-04,2.403928e-03
1.346518e-03,2.022967e-03,7.333711e-04,1.946478e-02,5.282077e-03,9.680130e-02,7.858146e-04,7.038446e-03,7.091577e-02,1.100550e-02,1.946752e-02,4.177031e-01,3.448518e-01,6.765175e-04,1.904513e-03
1.292491e-03,2.248330e-03,5.383124e-04,1.368348e-02,4.110484e-03,1.021611e-01,6.226320e-04,5.257203e-03,5.567781e-02,8.327229e-03,1.410894e-02,5.136122e-01,2.763605e-01,5.864694e-04,1.412858e-03
1.421678e-03,2.060920e-03,3.963344e-04,9.618276e-03,3.044765e-03,1.042421e-01,5.428380e-04,3.871228e-03,4.139317e-02,6.228298e-03,1.014205e-02,5.882764e-01,2.272432e-01,4.627520e-04,1.056023e-03
6.061302e-03,4.641424e-03,4.215336e-04,6.893580e-03,2.745182e-03,1.132822e-01,7.749604e-04,3.084950e-03,3.662956e-02,5.069294e-03,7.390883e-03,6.278169e-01,1.834460e-01,8.059354e-04,9.363213e-04
1.456863e-02,1.751668e-02,2.786446e-03,6.161886e-03,3.752920e-03,1.264372e-01,1.667051e-03,4.162434e-03,6.316672e-02,5.661685e-03,7.374243e-03,5.905894e-01,1.531962e-01,1.903615e-03,1.054913e-03
1.353838e-02,1.554660e-02,2.300422e-03,4.495686e-03,4.008942e-03,1.082031e-01,1.509354e-03,3.248365e-03,5.477148e-02,4.146828e-03,5.573140e-03,6.651998e-01,1.150180e-01,1.489353e-03,9.506211e-04
2.338469e-02,2.849873e-02,5.971556e-03,3.530183e-03,8.704671e-03,1.051391e-01,4.041518e-03,5.867028e-03,5.717264e-02,3.233442e-03,4.351788e-03,6.364563e-01,1.113620e-01,1.375773e-03,9.105944e-04
2.370773e-02,2.695257e-02,4.884102e-03,2.618831e-03,7.811918e-03,8.932169e-02,4.262296e-03,5.265142e-03,5.387907e-02,2.557588e-03,3.703563e-03,5.856601e-01,1.874521e-01,1.069613e-03,8.536644e-04
2.704444e-02,2.337904e-02,4.995323e-03,2.302613e-03,7.515339e-03,7.012594e-02,4.218122e-03,4.665789e-03,4.757162e-02,2.118560e-03,2.900088e-03,4.865813e-01,3.149945e-01,8.188338e-04,7.685754e-04
3.341157e-02,1.810682e-02,3.792400e-03,1.942656e-03,5.920038e-03,5.562463e-02,3.251669e-03,4.272937e-03,3.884663e-02,1.553785e-03,2.224586e-03,3.738711e-01,4.557462e-01,7.147074e-04,7.202905e-04
3.756519e-02,1.454688e-02,3.168093e-03,1.648134e-03,7.352206e-03,4.427842e-02,3.863102e-03,6.704661e-03,3.430127e-02,1.122860e-03,2.168923e-03,3.673047e-01,4.743810e-01,8.435115e-04,7.510442e-04
5.408690e-02,1.268364e-02,2.635037e-03,3.266498e-03,1.055964e-02,3.544901e-02,3.876653e-03,6.186949e-03,4.048397e-02,8.845673e-04,2.034707e-03,2.896822e-01,5.363581e-01,8.888356e-04,9.232552e-04
5.091507e-02,1.022489e-02,2.038981e-03,2.690021e-03,8.548310e-03,2.781609e-02,2.910968e-03,4.846920e-03,3.286554e-02,6.600490e-04,1.705267e-03,2.113520e-01,6.415560e-01,7.889788e-04,1.080887e-03
5.691411e-02,1.163958e-02,2.104038e-03,3.050202e-03,8.537387e-03,2.396744e-02,2.569009e-03,4.629483e-03,3.061386e-02,6.127188e-04,1.450567e-03,1.666647e-01,6.850308e-01,6.889343e-04,1.527257e-03
5.793919e-02,9.066520e-03,2.148346e-03,2.879465e-03,6.809340e-03,2.109014e-02,2.050209e-03,4.711192e-03,2.508850e-02,4.839555e-04,1.542023e-03,1.265591e-01,7.375132e-01,6.097159e-04,1.509153e-03
6.238122e-02,7.908567e-03,2.182635e-03,2.661731e-03,6.084343e-03,2.665750e-02,2.310546e-03,4.725060e-03,2.490257e-02,3.787843e-04,1.776334e-03,1.203769e-01,7.356746e-01,5.422824e-04,1.436961e-03
5.710568e-02,7.678133e-03,1.820649e-03,2.982423e-03,4.856439e-03,7.995760e-02,1.922167e-03,3.845897e-03,2.020546e-02,3.408864e-04,1.473767e-03,9.030784e-02,7.244560e-01,4.562472e-04,2.590776e-03
5.667510e-02,6.745603e-03,1.986061e-03,2.759502e-03,3.766554e-03,9.643126e-02,1.906106e-03,3.279297e-03,1.629809e-02,3.083675e-04,1.216022e-03,6.763409e-02,7.381284e-01,4.351432e-04,2.430408e-03
5.009114e-02,5.593796e-03,2.394985e-03,3.036898e-03,2.987044e-03,9.383412e-02,1.730228e-03,2.810809e-03,1.339960e-02,4.015985e-04,1.122114e-03,4.964286e-02,7.695560e-01,3.800560e-04,3.018657e-03
4.385291e-02,4.453646e-03,2.470632e-03,2.383259e-03,8.052566e-03,7.018605e-02,5.266193e-03,6.148406e-03,1.495188e-02,3.529113e-04,1.596142e-03,4.785141e-02,7.866485e-01,1.249256e-03,4.536168e-03
3.996657e-02,3.834044e-03,3.187987e-03,1.962290e-03,7.620219e-03,5.395451e-02,6.171413e-03,6.732351e-03,1.196286e-02,3.201640e-04,1.490771e-03,4.183697e-02,8.126299e-01,1.213980e-03,7.115897e-03
2.979518e-02,2.838150e-03,2.634968e-03,1.558107e-03,7.074769e-03,4.224481e-02,4.701620e-03,4.996454e-03,9.112780e-03,2.694399e-04,1.528013e-03,3.302618e-02,8.501857e-01,9.794759e-04,9.054307e-03
2.401218e-02,2.099391e-03,2.288252e-03,1.344094e-03,5.888246e-03,8.955428e-02,3.884105e-03,3.610849e-03,6.912338e-03,3.116866e-04,1.970554e-03,3.033249e-02,8.201954e-01,8.112903e-04,6.784815e-03
2.503714e-02,1.660055e-03,2.191063e-03,1.213660e-03,7.110445e-03,1.063420e-01,3.844722e-03,2.765172e-03,6.046434e-03,7.235151e-04,5.183213e-03,4.853849e-02,7.824326e-01,1.078365e-03,5.833229e-03
2.239280e-02,1.388354e-03,2.394331e-03,1.303832e-03,5.414044e-03,1.333166e-01,3.557117e-03,1.981891e-03,5.208392e-03,2.400102e-03,7.865287e-03,1.049895e-01,7.016746e-01,1.595176e-03,4.517889e-03
2.370233e-02,1.242242e-03,3.514677e-03,1.626535e-03,5.563612e-03,9.984216e-02,3.229183e-03,1.518850e-03,5.940553e-03,3.085550e-03,2.740174e-02,1.919445e-01,6.254729e-01,1.696069e-03,4.219113e-03
1.714045e-02,9.852480e-04,2.579381e-03,1.404212e-03,4.125483e-03,8.774886e-02,2.429455e-03,1.087483e-03,4.641145e-03,4.785561e-03,2.298177e-02,1.613382e-01,6.836894e-01,1.568208e-03,3.495225e-03
1.264429e-02,7.487189e-04,1.883315e-03,1.389287e-03,3.373020e-03,6.811519e-02,2.011521e-03,7.947842e-04,4.481961e-03,9.014033e-03,2.201489e-02,2.239752e-01,6.442677e-01,1.426256e-03,3.859891e-03
9.294723e-03,7.078520e-04,2.039441e-03,1.397312e-03,4.769273e-03,4.904078e-02,3.510775e-03,8.131060e-04,9.123190e-03,1.572402e-02,4.276822e-02,2.387596e-01,6.165844e-01,1.317393e-03,4.149934e-03
6.587273e-03,5.287513e-04,1.826225e-03,1.084894e-03,4.931963e-03,3.509600e-02,3.822743e-03,3.596027e-03,9.115766e-03,1.412185e-02,3.559218e-02,1.811647e-01,6.976063e-01,9.891489e-04,3.936188e-03
5.143556e-03,8.334377e-04,2.110626e-03,1.350600e-03,9.367500e-03,2.647417e-02,3.206829e-03,3.321037e-03,1.073151e-02,2.515921e-02,2.975884e-02,1.666577e-01,7.068674e-01,1.182184e-03,7.835487e-03
5.076294e-03,1.054760e-03,2.217590e-03,2.560514e-03,9.677759e-03,2.233617e-02,2.639687e-03,7.527890e-03,1.203320e-02,3.110134e-02,2.638931e-02,1.279893e-01,7.393966e-01,1.433909e-03,8.565776e-03
4.734478e-03,1.056376e-03,2.124408e-03,4.708376e-03,7.576574e-03,1.708928e-02,1.965980e-03,1.332409e-02,5.484477e-02,3.308740e-02,4.709124e-02,1.317485e-01,6.661964e-01,4.694671e-03,9.757487e-03
3.823125e-03,1.323729e-03,2.164259e-03,7.559110e-03,7.534871e-03,1.251291e-02,1.490691e-03,2.453230e-02,1.536468e-01,2.705502e-02,5.607361e-02,1.024233e-01,5.845160e-01,5.479251e-03,9.865017e-03
4.081246e-03,2.791470e-03,5.273470e-03,9.790428e-03,7.033970e-03,9.298882e-03,1.144079e-03,2.775846e-02,2.726059e-01,2.253593e-02,5.949534e-02,7.868955e-02,4.790612e-01,6.302318e-03,1.413775e-02
3.996703e-03,2.482945e-03,4.036615e-03,7.055802e-03,7.609737e-03,6.700831e-03,8.150710e-04,2.034169e-02,4.488052e-01,1.801674e-02,4.997818e-02,5.709324e-02,3.452548e-01,6.969117e-03,2.084333e-02
4.348113e-03,4.158566e-03,4.891347e-03,5.048430e-03,1.091669e-02,5.680268e-03,5.859530e-04,1.459207e-02,5.686144e-01,1.580863e-02,4.339660e-02,4.017746e-02,2.423400e-01,9.303810e-03,3.013767e-02
6.644324e-03,1.379336e-02,7.060301e-03,3.965618e-03,9.018434e-03,7.718322e-03,4.866856e-04,1.059245e-02,5.890543e-01,1.478848e-02,3.658663e-02,2.831911e-02,1.708364e-01,2.727375e-02,7.386184e-02
1.325131e-02,1.287863e-02,1.055844e-02,3.228820e-03,9.870277e-03,8.204447e-03,4.070104e-04,7.704673e-03,6.113489e-01,1.242764e-02,3.034585e-02,2.003122e-02,1.209617e-01,4.294215e-02,9.583901e-02
2.686247e-02,1.291226e-02,1.264421e-02,2.710144e-03,1.052866e-02,8.485855e-03,3.598366e-04,5.598479e-03,5.964713e-01,1.008940e-02,2.414612e-02,1.454093e-02,8.643825e-02,5.729365e-02,1.309184e-01
2.358625e-02,1.350995e-02,1.690269e-02,2.888171e-03,8.671973e-03,8.064007e-03,3.057517e-04,4.114939e-03,5.311577e-01,8.977327e-03,1.794996e-02,1.062043e-02,6.155162e-02,4.651474e-02,2.451845e-01
3.614002e-02,1.439282e-02,6.871885e-02,5.982558e-03,8.884230e-03,1.156864e-02,4.903307e-04,3.431886e-03,4.347166e-01,1.118408e-02,1.423817e-02,8.038010e-03,4.502504e-02,3.904050e-02,2.981482e-01
4.182025e-02,1.730099e-02,7.977396e-02,1.197933e-02,9.986354e-03,1.145541e-02,5.102878e-04,5.393068e-03,4.363618e-01,9.996174e-03,1.150937e-02,6.784542e-03,3.312537e-02,4.960123e-02,2.744018e-01
4.385519e-02,1.762751e-02,6.425977e-02,1.047691e-02,8.597317e-03,9.479709e-03,4.621769e-04,7.246085e-03,4.226150e-01,1.021732e-02,9.557215e-03,5.766165e-03,2.412776e-02,6.055535e-02,3.051565e-01
3.467499e-02,5.578481e-02,6.350349e-02,1.304677e-02,7.384817e-03,7.239788e-03,3.630124e-04,5.356095e-03,4.152161e-01,2.095000e-02,7.309229e-03,4.323732e-03,1.785592e-02,4.518277e-02,3.018084e-01
4.061793e-02,1.337962e-01,5.794449e-02,1.274588e-02,8.028192e-03,5.893854e-03,3.220953e-04,5.019914e-03,3.912345e-01,2.281645e-02,6.572444e-03,3.329411e-03,1.376919e-02,3.796611e-02,2.599434e-01
3.523405e-02,1.497164e-01,4.593223e-02,1.219318e-02,5.872160e-03,4.883744e-03,2.567944e-04,3.626817e-03,3.316680e-01,2.874060e-02,5.453279e-03,2.723410e-03,1.031170e-02,3.730160e-02,3.260860e-01
2.616543e-02,1.353323e-01,3.661181e-02,1.133461e-02,4.262067e-03,3.618328e-03,1.855682e-04,2.601457e-03,3.047208e-01,2.838259e-02,4.861671e-03,2.157845e-03,7.485447e-03,3.180966e-02,4.004704e-01
2.141626e-02,1.033314e-01,2.703244e-02,8.201037e-03,3.071611e-03,2.914068e-03,1.514924e-04,1.943928e-03,2.413363e-01,2.858678e-02,5.538690e-03,1.743421e-03,5.405189e-03,6.135642e-02,4.879709e-01
1.666112e-02,7.643704e-02,2.000965e-02,6.115051e-03,2.278492e-03,2.349608e-03,1.383170e-04,1.543759e-03,2.019103e-01,3.161365e-02,9.995941e-03,1.663384e-03,3.914980e-03,1.509555e-01,4.744132e-01
1.176029e-02,5.382992e-02,1.476072e-02,4.297060e-03,1.606615e-03,1.674501e-03,9.827934e-05,1.084570e-03,1.458585e-01,2.672005e-02,8.681843e-03,1.190073e-03,2.747519e-03,2.756814e-01,4.500087e-01
8.359191e-03,3.778633e-02,1.043701e-02,3.025742e-03,1.146722e-03,1.219874e-03,7.085883e-05,7.654190e-04,1.059931e-01,2.102078e-02,1.026640e-02,8.883236e-04,1.945421e-03,3.756576e-01,4.214173e-01
5.932838e-03,2.654237e-02,7.440132e-03,2.124496e-03,8.386230e-04,8.774335e-04,5.296040e-05,5.381258e-04,7.689052e-02,1.998366e-02,2.133530e-02,8.378485e-04,1.445684e-03,4.808311e-01,3.543289e-01
4.235774e-03,1.859712e-02,5.299161e-03,1.492145e-03,6.527308e-04,6.490645e-04,4.553038e-05,3.903020e-04,5.933208e-02,3.462071e-02,2.664308e-02,9.137600e-04,1.235014e-03,5.498769e-01,2.960166e-01
3.119807e-03,1.305203e-02,3.884913e-03,1.066511e-03,5.984449e-04,6.839083e-04,6.142922e-05,3.304526e-04,4.880583e-02,6.323260e-02,5.409961e-02,1.912800e-03,1.466896e-03,5.581206e-01,2.495641e-01
2.576815e-03,9.217832e-03,2.925320e-03,1.041359e-03,7.522164e-04,9.870222e-04,2.292473e-04,4.008487e-04,7.502531e-02,7.012000e-02,6.503682e-02,5.731228e-03,2.176140e-03,5.398076e-01,2.239722e-01
2.311775e-03,6.524427e-03,2.128629e-03,1.006312e-03,1.024463e-03,9.375517e-04,2.343260e-04,4.735997e-04,8.438131e-02,5.816334e-02,2.172218e-01,9.380676e-03,3.038724e-03,4.399219e-01,1.732512e-01
4.491901e-03,4.705836e-03,1.524792e-03,2.203189e-03,1.606637e-03,1.520107e-03,3.255796e-04,6.667876e-04,1.059821e-01,6.500891e-02,2.103242e-01,1.424782e-02,5.339887e-03,4.269815e-01,1.550707e-01
5.224451e-03,3.568765e-03,1.142350e-03,3.304889e-03,2.062655e-03,1.919371e-03,3.692855e-04,7.868507e-04,1.798853e-01,6.009077e-02,2.668173e-01,3.727854e-02,7.192101e-03,3.109966e-01,1.193608e-01
1.310130e-02,2.959058e-03,9.322750e-04,3.115430e-03,3.470956e-03,2.953934e-03,8.474572e-04,1.079994e-03,1.919187e-01,5.817049e-02,2.805464e-01,8.415445e-02,1.436381e-02,2.250196e-01,1.173661e-01
1.301027e-02,2.235705e-03,7.724732e-04,2.727237e-03,3.464673e-03,3.119016e-03,7.069066e-04,9.437194e-04,1.988303e-01,4.989902e-02,3.449916e-01,1.114141e-01,1.536621e-02,1.627434e-01,8.977535e-02
1.293453e-02,1.720610e-03,8.046909e-04,2.282235e-03,3.046998e-03,4.546162e-03,6.399962e-04,9.583585e-04,1.712944e-01,3.665591e-02,4.078855e-01,1.618897e-01,1.329041e-02,1.185020e-01,6.354861e-02
1.098744e-02,1.276110e-03,6.805965e-04,1.933963e-03,2.475653e-03,4.256583e-03,6.176232e-04,8.048044e-04,1.213397e-01,2.732176e-02,5.097702e-01,1.770383e-01,1.147129e-02,8.518752e-02,4.483854e-02
8.824670e-03,1.013786e-03,5.949514e-04,1.597285e-03,2.102407e-03,4.566903e-03,5.158926e-04,7.345242e-04,8.611191e-02,2.011045e-02,4.946973e-01,2.763844e-01,1.059720e-02,6.059448e-02,3.155384e-02
7.599582e-03,8.251219e-04,4.735695e-04,1.300866e-03,1.700015e-03,5.200766e-03,4.314714e-04,6.010090e-04,6.055843e-02,1.436464e-02,4.639650e-01,3.697163e-01,7.873690e-03,4.317419e-02,2.221535e-02
7.320132e-03,7.774134e-04,6.196889e-04,1.150858e-03,2.000901e-03,6.338176e-03,3.565157e-04,6.803008e-04,4.436801e-02,1.163643e-02,3.909398e-01,4.807551e-01,6.179146e-03,3.113805e-02,1.573953e-02
3.317133e-02,9.572750e-04,9.915284e-04,1.507384e-03,4.692205e-03,8.305410e-03,5.318003e-04,3.754408e-03,3.290330e-02,1.186757e-02,3.283012e-01,5.324656e-01,5.728245e-03,2.359562e-02,1.122718e-02
4.437487e-02,1.070080e-03,1.429251e-03,2.945270e-03,8.788664e-03,1.034301e-02,6.684301e-04,1.522622e-02,2.499058e-02,1.363448e-02,2.744854e-01,5.708026e-01,5.453175e-03,1.774389e-02,8.044104e-03
8.188955e-02,2.058959e-03,2.424048e-03,5.192506e-03,1.000688e-02,1.349809e-02,9.674031e-04,1.835899e-02,1.977460e-02,1.374615e-02,2.219902e-01,5.844941e-01,5.092760e-03,1.397223e-02,6.533642e-03
8.522349e-02,2.539139e-03,2.383539e-03,6.385129e-03,2.170268e-02,1.171896e-02,8.829016e-04,2.924675e-02,1.905811e-02,1.127151e-02,1.892318e-01,5.978587e-01,6.001553e-03,1.135330e-02,5.142504e-03
8.100665e-02,2.852671e-03,2.448387e-03,7.250680e-03,2.560542e-02,9.738774e-03,8.053609e-04,3.773584e-02,2.259051e-02,9.501429e-03,1.632038e-01,6.181527e-01,6.095498e-03,8.950058e-03,4.062275e-03
9.281831e-02,4.150710e-03,3.927984e-03,7.662220e-03,3.595793e-02,1.145828e-02,1.021625e-03,8.456323e-02,3.111601e-02,7.569445e-03,1.543690e-01,5.456968e-01,7.913880e-03,8.147635e-03,3.626962e-03
8.167247e-02,4.386776e-03,4.080936e-03,6.540694e-03,3.728371e-02,1.009741e-02,1.011805e-03,9.207292e-02,4.828898e-02,5.985892e-03,1.563330e-01,5.336910e-01,8.185046e-03,7.515732e-03,2.853626e-03
9.151438e-02,4.399233e-03,3.297358e-03,9.060750e-03,3.177783e-02,1.276624e-02,1.007639e-03,7.452993e-02,4.751007e-02,4.527091e-03,1.658807e-01,5.348911e-01,8.917757e-03,7.218500e-03,2.701490e-03
7.258237e-02,1.335308e-02,5.281602e-03,8.157833e-03,4.001364e-02,1.160503e-02,9.577766e-04,6.882186e-02,8.298294e-02,4.040871e-03,1.844400e-01,4.875893e-01,9.322347e-03,7.302430e-03,3.548899e-03
5.829005e-02,1.489328e-02,7.530603e-03,7.975964e-03,5.778690e-02,1.186340e-02,1.000686e-03,6.101181e-02,8.237195e-02,3.952513e-03,1.881325e-01,4.845778e-01,9.996380e-03,6.807223e-03,3.808991e-03
6.141530e-02,1.430563e-02,2.132651e-02,1.636378e-02,8.384315e-02,1.740817e-02,1.586308e-03,5.336581e-02,7.991349e-02,4.943380e-03,2.340572e-01,3.924352e-01,8.475387e-03,6.545191e-03,4.015401e-03
5.060750e-02,1.691086e-02,2.707605e-02,1.324450e-02,1.211495e-01,1.255905e-02,1.265327e-03,4.099491e-02,9.713311e-02,4.876559e-03,2.780636e-01,3.135989e-01,7.871106e-03,8.055671e-03,6.593360e-03
3.835232e-02,1.373502e-02,2.236963e-02,1.061678e-02,1.023053e-01,8.934768e-03,9.416016e-04,3.383575e-02,1.878447e-01,4.575877e-03,3.177515e-01,2.351030e-01,7.057245e-03,9.469573e-03,7.106883e-03
2.746915e-02,9.881458e-03,1.651796e-02,7.649167e-03,7.644386e-02,6.320694e-03,6.709493e-04,2.421340e-02,3.924414e-01,3.550089e-03,2.420718e-01,1.734399e-01,5.386372e-03,8.588240e-03,5.355577e-03
1.975682e-02,7.020296e-03,1.183589e-02,5.450795e-03,5.547045e-02,4.614190e-03,4.847056e-04,1.713667e-02,5.344672e-01,2.862283e-03,1.973627e-01,1.252716e-01,4.127444e-03,9.877792e-03,4.261112e-03
1.569199e-02,5.230922e-03,8.699208e-03,3.851572e-03,3.995708e-02,3.632083e-03,3.430051e-04,1.208165e-02,6.084818e-01,2.261664e-03,1.850733e-01,8.812563e-02,2.990771e-03,1.744362e-02,6.135699e-03
1.510875e-02,4.237112e-03,6.818030e-03,2.875094e-03,3.027195e-02,5.585232e-03,2.476371e-04,9.189211e-03,6.739864e-01,2.395131e-03,1.548524e-01,6.210278e-02,2.366824e-03,2.149168e-02,8.471744e-03
1.690678e-02,4.094081e-03,5.569042e-03,2.202089e-03,2.399454e-02,4.956409e-03,1.857839e-04,6.972073e-03,7.316499e-01,2.276651e-03,1.197689e-01,4.362028e-02,1.942861e-03,2.391845e-02,1.194215e-02
2.728860e-02,3.745372e-03,5.829233e-03,6.589044e-03,2.656240e-02,6.140963e-03,1.598562e-04,1.613948e-02,7.407511e-01,2.454547e-03,9.768221e-02,3.090484e-02,1.635575e-03,2.146452e-02,1.265225e-02
3.663140e-02,4.188918e-03,5.489680e-03,6.397981e-03,2.556148e-02,7.316732e-03,1.453541e-04,1.439586e-02,7.341834e-01,2.785585e-03,8.551141e-02,2.214094e-02,1.678330e-03,3.764628e-02,1.592674e-02
4.078799e-02,1.852266e-02,1.167150e-02,8.200569e-03,2.338122e-02,9.802174e-03,2.414407e-04,1.317715e-02,6.845829e-01,6.450445e-03,6.783669e-02,1.587887e-02,1.644717e-03,6.729349e-02,3.052817e-02
4.668097e-02,1.773602e-02,1.058022e-02,6.523716e-03,1.996500e-02,8.393179e-03,2.256795e-04,1.511335e-02,6.010752e-01,5.344048e-03,1.060650e-01,1.117976e-02,1.333827e-03,1.269668e-01,2.281723e-02
4.527338e-02,1.863332e-02,1.832462e-02,5.594049e-02,1.920953e-02,8.218143e-03,2.228738e-04,1.787141e-02,5.506687e-01,4.856737e-03,7.494908e-02,7.935205e-03,1.208405e-03,9.215113e-02,8.453694e-02
4.287960e-02,1.449152e-02,7.453982e-02,1.996631e-01,1.750635e-02,6.689503e-03,2.047734e-04,1.436843e-02,4.211028e-01,4.699753e-03,5.293773e-02,5.650626e-03,9.372188e-04,6.909943e-02,7.522939e-02
4.145289e-02,1.137879e-02,1.497938e-01,1.425076e-01,1.315008e-02,5.280511e-03,1.586732e-04,1.034937e-02,3.117274e-01,6.683974e-03,3.744804e-02,3.996971e-03,7.160468e-04,5.395478e-02,2.114010e-01
3.382786e-02,2.506958e-02,1.542931e-01,2.030290e-01,1.222789e-02,4.415274e-03,1.305858e-04,7.971928e-03,2.482010e-01,7.061111e-03,2.781854e-02,3.021826e-03,8.060306e-04,4.127871e-02,2.308476e-01
4.070850e-02,3.090565e-02,1.466431e-01,2.422615e-01,1.547644e-02,4.094231e-03,1.681327e-04,5.852467e-03,2.055817e-01,9.518380e-03,2.433467e-02,2.739688e-03,1.106135e-03,4.714441e-02,2.234649e-01
3.236651e-02,2.869541e-02,1.263254e-01,1.717843e-01,1.164678e-02,3.568848e-03,1.512798e-04,4.170995e-03,1.546725e-01,1.073808e-02,1.826695e-02,2.205352e-03,9.532286e-04,5.780252e-02,3.766518e-01
2.544239e-02,2.253492e-02,8.938390e-02,1.209726e-01,8.226211e-03,2.710625e-03,1.366738e-04,3.023856e-03,2.451115e-01,1.340970e-02,3.126122e-02,4.547901e-03,1.401518e-03,4.643353e-02,3.854034e-01
2.050031e-02,1.695061e-02,6.349907e-02,8.498314e-02,5.840580e-03,2.199931e-03,1.209909e-04,2.255425e-03,2.117953e-01,3.231659e-02,6.244728e-02,5.145931e-03,2.966789e-03,5.456723e-02,4.344108e-01
1.482974e-02,1.263503e-02,4.491106e-02,5.958045e-02,4.238707e-03,1.722900e-03,9.777233e-05,1.613103e-03,1.682814e-01,2.548998e-02,4.874004e-02,4.219330e-03,4.750248e-03,6.069408e-02,5.481962e-01
1.057846e-02,8.873862e-03,3.154549e-02,4.175302e-02,3.023303e-03,1.240127e-03,8.215483e-05,1.147100e-03,1.376413e-01,2.735076e-02,4.221046e-02,3.668817e-03,4.916531e-03,5.254814e-02,6.334205e-01
7.613763e-03,6.335235e-03,2.238649e-02,2.938291e-02,2.241030e-03,9.495544e-04,9.995184e-05,8.559699e-04,1.990649e-01,3.146221e-02,4.677250e-02,6.231674e-03,9.739641e-03,5.916936e-02,5.776948e-01
5.382959e-03,4.560475e-03,1.574567e-02,2.074624e-02,1.783746e-03,8.610828e-04,1.417147e-04,6.128396e-04,1.575202e-01,4.829434e-02,6.896305e-02,1.646211e-02,2.571114e-02,5.574995e-02,5.774645e-01
3.780419e-03,3.224733e-03,1.105058e-02,1.460366e-02,1.770703e-03,6.688822e-04,1.451111e-04,4.529073e-04,1.122320e-01,5.691275e-02,6.983778e-02,1.791265e-02,3.228373e-02,4.216344e-02,6.329607e-01
2.659303e-03,2.315637e-03,7.759358e-03,1.026306e-02,8.874805e-03,5.119719e-04,1.865270e-04,3.865543e-04,9.072274e-02,4.213616e-02,6.938184e-02,1.495490e-02,3.352904e-02,3.056502e-02,6.857531e-01
2.336575e-03,1.899231e-03,6.210845e-03,7.483326e-03,1.647866e-02,5.288782e-04,3.183734e-04,1.740058e-02,9.156385e-02,3.251547e-02,1.143188e-01,2.267753e-02,4.003679e-02,2.338045e-02,6.228507e-01
2.069435e-03,2.170294e-03,6.597116e-03,7.401627e-03,2.134850e-02,1.115126e-03,1.184739e-03,9.267054e-02,1.085507e-01,3.051262e-02,1.053983e-01,2.638261e-02,5.121991e-02,1.999914e-02,5.233793e-01
2.902046e-03,2.282820e-03,9.704093e-03,1.014936e-02,3.682643e-02,1.737727e-03,3.175751e-03,1.852872e-01,1.730077e-01,2.544673e-02,8.826131e-02,1.990293e-02,4.448837e-02,1.689248e-02,3.799350e-01
3.877566e-03,2.107135e-03,8.608741e-03,8.570919e-03,1.909032e-01,3.302285e-03,2.621354e-03,1.380315e-01,2.287275e-01,1.994957e-02,6.668021e-02,1.406118e-02,3.197148e-02,1.218453e-02,2.684028e-01
6.590939e-03,1.810186e-03,1.086078e-02,1.988356e-02,3.182504e-01,3.849828e-03,3.118111e-03,1.491684e-01,1.931021e-01,1.491034e-02,4.878443e-02,9.977828e-03,2.286328e-02,8.700427e-03,1.881295e-01
1.506816e-02,2.800622e-03,1.024886e-02,5.128445e-02,2.985996e-01,1.025608e-02,5.950328e-03,1.658165e-01,2.222010e-01,1.598622e-02,3.974486e-02,7.112823e-03,1.625418e-02,6.833631e-03,1.318427e-01
2.651624e-02,3.991994e-03,8.310052e-03,7.399908e-02,2.543924e-01,1.082743e-02,5.833559e-03,1.465794e-01,2.972059e-01,1.515807e-02,4.179801e-02,5.205730e-03,1.233988e-02,5.422643e-03,9.241969e-02
5.014405e-02,3.901179e-03,8.307979e-03,1.610931e-01,1.983149e-01,9.502891e-03,6.783115e-03,1.958835e-01,2.323160e-01,1.537700e-02,3.424163e-02,5.091371e-03,9.926509e-03,4.299733e-03,6.481706e-02
9.754940e-02,6.627278e-03,7.705253e-03,1.600318e-01,1.804915e-01,9.634448e-03,6.377731e-03,1.983998e-01,2.140699e-01,2.108213e-02,3.285751e-02,5.094794e-03,9.322008e-03,4.295739e-03,4.646070e-02
9.175849e-02,4.913875e-03,6.873218e-03,1.464315e-01,1.484395e-01,7.092285e-03,4.704301e-03,3.470095e-01,1.570911e-01,1.503929e-02,2.416559e-02,3.786498e-03,7.037274e-03,3.112436e-03,3.254521e-02
8.265130e-02,3.670527e-03,5.467077e-03,1.086773e-01,1.174073e-01,5.421052e-03,3.437283e-03,4.999073e-01,1.121610e-01,1.063485e-02,1.740635e-02,2.892752e-03,5.233501e-03,2.223793e-03,2.280867e-02
7.597986e-02,2.816502e-03,4.417825e-03,7.908843e-02,9.173425e-02,4.435238e-03,2.743449e-03,6.137311e-01,8.112150e-02,7.519015e-03,1.253376e-02,2.365033e-03,3.910090e-03,1.593382e-03,1.601055e-02
6.168783e-02,2.026103e-03,3.549912e-03,5.616634e-02,6.714513e-02,3.555134e-03,2.372435e-03,7.154577e-01,5.700670e-02,5.280364e-03,8.872029e-03,1.705431e-03,2.818262e-03,1.130698e-03,1.122594e-02
7.045794e-02,1.569285e-03,3.262188e-03,4.033251e-02,4.998662e-02,5.316911e-03,3.093052e-03,7.628527e-01,4.014542e-02,3.751079e-03,6.464262e-03,1.505493e-03,2.414588e-03,8.447666e-04,8.003117e-03
8.279756e-02,1.340157e-03,2.613465e-03,2.853747e-02,3.823536e-02,1.045900e-02,3.779844e-03,7.850722e-01,2.865804e-02,2.654516e-03,4.826549e-03,1.542258e-03,3.147011e-03,6.345181e-04,5.701939e-03
1.642409e-01,2.532946e-03,2.148341e-03,2.208728e-02,2.819303e-02,2.162041e-02,3.385556e-03,6.282482e-01,2.333238e-02,2.477933e-03,2.493465e-02,2.872060e-02,4.005687e-02,1.869647e-03,6.151135e-03
1.418462e-01,4.612993e-03,1.807957e-03,1.965538e-02,2.087579e-02,2.966762e-02,3.011907e-03,4.749856e-01,2.900671e-02,4.414074e-03,5.179210e-02,7.064445e-02,1.160566e-01,3.589585e-03,2.803306e-02
1.000133e-01,3.669821e-03,1.473561e-03,1.587171e-02,1.510003e-02,2.703050e-02,2.276451e-03,3.334305e-01,3.562950e-02,4.053910e-03,5.834501e-02,1.551361e-01,2.236392e-01,2.673298e-03,2.165715e-02
7.034048e-02,3.253228e-03,1.297336e-03,1.533757e-02,1.123231e-02,2.857462e-02,1.692090e-03,2.338056e-01,4.846924e-02,3.678939e-03,5.454110e-02,1.696749e-01,3.366608e-01,2.150340e-03,1.929145e-02
