1.000000e+00,0.000000e+00,0.000000e+00,0.000000e+00,0.000000e+00,0.000000e+00,0.000000e+00,0.000000e+00,0.000000e+00,0.000000e+00,0.000000e+00,0.000000e+00,0.000000e+00,0.000000e+00,0.000000e+00
1.000000e+00,0.000000e+00,0.000000e+00,0.000000e+00,0.000000e+00,0.000000e+00,0.000000e+00,0.000000e+00,0.000000e+00,0.000000e+00,0.000000e+00,0.000000e+00,0.000000e+00,0.000000e+00,0.000000e+00
1.000000e+00,0.000000e+00,0.000000e+00,0.000000e+00,0.000000e+00,0.000000e+00,0.000000e+00,0.000000e+00,0.000000e+00,0.000000e+00,0.000000e+00,0.000000e+00,0.000000e+00,0.000000e+00,0.000000e+00
1.000000e+00,0.000000e+00,0.000000e+00,0.000000e+00,0.000000e+00,0.000000e+00,0.000000e+00,0.000000e+00,0.000000e+00,0.000000e+00,0.000000e+00,0.000000e+00,0.000000e+00,0.000000e+00,0.000000e+00
1.000000e+00,0.000000e+00,0.000000e+00,0.000000e+00,0.000000e+00,0.000000e+00,0.000000e+00,0.000000e+00,0.000000e+00,0.000000e+00,0.000000e+00,0.000000e+00,0.000000e+00,0.000000e+00,0.000000e+00
1.000000e+00,0.000000e+00,0.000000e+00,0.000000e+00,0.000000e+00,0.000000e+00,0.000000e+00,0.000000e+00,0.000000e+00,0.000000e+00,0.000000e+00,0.000000e+00,0.000000e+00,0.000000e+00,0.000000e+00
1.000000e+00,0.000000e+00,0.000000e+00,0.000000e+00,0.000000e+00,0.000000e+00,0.000000e+00,0.000000e+00,0.000000e+00,0.000000e+00,0.000000e+00,0.000000e+00,0.000000e+00,0.000000e+00,0.000000e+00
1.000000e+00,0.000000e+00,0.000000e+00,0.000000e+00,0.000000e+00,0.000000e+00,0.000000e+00,0.000000e+00,0.000000e+00,0.000000e+00,0.000000e+00,0.000000e+00,0.000000e+00,0.000000e+00,0.000000e+00
1.000000e+00,0.000000e+00,0.000000e+00,0.000000e+00,0.000000e+00,0.000000e+00,0.000000e+00,0.000000e+00,0.000000e+00,0.000000e+00,0.000000e+00,0.000000e+00,0.000000e+00,0.000000e+00,0.000000e+00
1.000000e+00,0.000000e+00,0.000000e+00,0.000000e+00,0.000000e+00,0.000000e+00,0.000000e+00,0.000000e+00,0.000000e+00,0.000000e+00,0.000000e+00,0.000000e+00,0.000000e+00,0.000000e+00,0.000000e+00
1.000000e+00,0.000000e+00,0.000000e+00,0.000000e+00,0.000000e+00,0.000000e+00,0.000000e+00,0.000000e+00,0.000000e+00,0.000000e+00,0.000000e+00,0.000000e+00,0.000000e+00,0.000000e+00,0.000000e+00
1.000000e+00,0.000000e+00,0.000000e+00,0.000000e+00,0.000000e+00,0.000000e+00,0.000000e+00,0.000000e+00,0.000000e+00,0.000000e+00,0.000000e+00,0.000000e+00,0.000000e+00,0.000000e+00,0.000000e+00
1.000000e+00,0.000000e+00,0.000000e+00,0.000000e+00,0.000000e+00,0.000000e+00,0.000000e+00,0.000000e+00,0.000000e+00,0.000000e+00,0.000000e+00,0.000000e+00,0.000000e+00,0.000000e+00,0.000000e+00
1.000000e+00,0.000000e+00,0.000000e+00,0.000000e+00,0.000000e+00,0.000000e+00,0.000000e+00,0.000000e+00,0.000000e+00,0.000000e+00,0.000000e+00,0.000000e+00,0.000000e+00,0.000000e+00,0.000000e+00
1.000000e+00,0.000000e+00,0.000000e+00,0.000000e+00,0.000000e+00,0.000000e+00,0.000000e+00,0.000000e+00,0.000000e+00,0.000000e+00,0.000000e+00,0.000000e+00,0.000000e+00,0.000000e+00,0.000000e+00
1.000000e+00,0.000000e+00,0.000000e+00,0.000000e+00,0.000000e+00,0.000000e+00,0.000000e+00,0.000000e+00,0.000000e+00,0.000000e+00,0.000000e+00,0.000000e+00,0.000000e+00,0.000000e+00,0.000000e+00
1.000000e+00,0.000000e+00,0.000000e+00,0.000000e+00,0.000000e+00,0.000000e+00,0.000000e+00,0.000000e+00,0.000000e+00,0.000000e+00,0.000000e+00,0.000000e+00,0.000000e+00,0.000000e+00,0.000000e+00
1.000000e+00,0.000000e+00,0.000000e+00,0.000000e+00,0.000000e+00,0.000000e+00,0.000000e+00,0.000000e+00,0.000000e+00,0.000000e+00,0.000000e+00,0.000000e+00,0.000000e+00,0.000000e+00,0.000000e+00
1.000000e+00,0.000000e+00,0.000000e+00,0.000000e+00,0.000000e+00,0.000000e+00,0.000000e+00,0.000000e+00,0.000000e+00,0.000000e+00,0.000000e+00,0.000000e+00,0.000000e+00,0.000000e+00,0.000000e+00
1.000000e+00,0.000000e+00,0.000000e+00,0.000000e+00,0.000000e+00,0.000000e+00,0.000000e+00,0.000000e+00,0.000000e+00,0.000000e+00,0.000000e+00,0.000000e+00,0.000000e+00,0.000000e+00,0.000000e+00
1.000000e+00,0.000000e+00,0.000000e+00,0.000000e+00,0.000000e+00,0.000000e+00,0.000000e+00,0.000000e+00,0.000000e+00,0.000000e+00,0.000000e+00,0.000000e+00,0.000000e+00,0.000000e+00,0.000000e+00
1.000000e+00,0.000000e+00,0.000000e+00,0.000000e+00,0.000000e+00,0.000000e+00,0.000000e+00,0.000000e+00,0.000000e+00,0.000000e+00,0.000000e+00,0.000000e+00,0.000000e+00,0.000000e+00,0.000000e+00
1.000000e+00,0.000000e+00,0.000000e+00,0.000000e+00,0.000000e+00,0.000000e+00,0.000000e+00,0.000000e+00,0.000000e+00,0.000000e+00,0.000000e+00,0.000000e+00,0.000000e+00,0.000000e+00,0.000000e+00
1.000000e+00,0.000000e+00,0.000000e+00,0.000000e+00,0.000000e+00,0.000000e+00,0.000000e+00,0.000000e+00,0.000000e+00,0.000000e+00,0.000000e+00,0.000000e+00,0.000000e+00,0.000000e+00,0.000000e+00
1.000000e+00,0.000000e+00,0.000000e+00,0.000000e+00,0.000000e+00,0.000000e+00,0.000000e+00,0.000000e+00,0.000000e+00,0.000000e+00,0.000000e+00,0.000000e+00,0.000000e+00,0.000000e+00,0.000000e+00
1.000000e+00,0.000000e+00,0.000000e+00,0.000000e+00,0.000000e+00,0.000000e+00,0.000000e+00,0.000000e+00,0.000000e+00,0.000000e+00,0.000000e+00,0.000000e+00,0.000000e+00,0.000000e+00,0.000000e+00
1.000000e+00,0.000000e+00,0.000000e+00,0.000000e+00,0.000000e+00,0.000000e+00,0.000000e+00,0.000000e+00,0.000000e+00,0.000000e+00,0.000000e+00,0.000000e+00,0.000000e+00,0.000000e+00,0.000000e+00
1.000000e+00,0.000000e+00,0.000000e+00,0.000000e+00,0.000000e+00,0.000000e+00,0.000000e+00,0.000000e+00,0.000000e+00,0.000000e+00,0.000000e+00,0.000000e+00,0.000000e+00,0.000000e+00,0.000000e+00
1.000000e+00,0.000000e+00,0.000000e+00,0.000000e+00,0.000000e+00,0.000000e+00,0.000000e+00,0.000000e+00,0.000000e+00,0.000000e+00,0.000000e+00,0.000000e+00,0.000000e+00,0.000000e+00,0.000000e+00
1.000000e+00,0.000000e+00,0.000000e+00,0.000000e+00,0.000000e+00,0.000000e+00,0.000000e+00,0.000000e+00,0.000000e+00,0.000000e+00,0.000000e+00,0.000000e+00,0.000000e+00,0.000000e+00,0.000000e+00
1.000000e+00,0.000000e+00,0.000000e+00,0.000000e+00,0.000000e+00,0.000000e+00,0.000000e+00,0.000000e+00,0.000000e+00,0.000000e+00,0.000000e+00,0.000000e+00,0.000000e+00,0.000000e+00,0.000000e+00
1.000000e+00,0.000000e+00,0.000000e+00,0.000000e+00,0.000000e+00,0.000000e+00,0.000000e+00,0.000000e+00,0.000000e+00,0.000000e+00,0.000000e+00,0.000000e+00,0.000000e+00,0.000000e+00,0.000000e+00
1.000000e+00,0.000000e+00,0.000000e+00,0.000000e+00,0.000000e+00,0.000000e+00,0.000000e+00,0.000000e+00,0.000000e+00,0.000000e+00,0.000000e+00,0.000000e+00,0.000000e+00,0.000000e+00,0.000000e+00
1.000000e+00,0.000000e+00,0.000000e+00,0.000000e+00,0.000000e+00,0.000000e+00,0.000000e+00,0.000000e+00,0.000000e+00,0.000000e+00,0.000000e+00,0.000000e+00,0.000000e+00,0.000000e+00,0.000000e+00
1.000000e+00,0.000000e+00,0.000000e+00,0.000000e+00,0.000000e+00,0.000000e+00,0.000000e+00,0.000000e+00,0.000000e+00,0.000000e+00,0.000000e+00,0.000000e+00,0.000000e+00,0.000000e+00,0.000000e+00
1.000000e+00,0.000000e+00,0.000000e+00,0.000000e+00,0.000000e+00,0.000000e+00,0.000000e+00,0.000000e+00,0.000000e+00,0.000000e+00,0.000000e+00,0.000000e+00,0.000000e+00,0.000000e+00,0.000000e+00
1.000000e+00,0.000000e+00,0.000000e+00,0.000000e+00,0.000000e+00,0.000000e+00,0.000000e+00,0.000000e+00,0.000000e+00,0.000000e+00,0.000000e+00,0.000000e+00,0.000000e+00,0.000000e+00,0.000000e+00
1.000000e+00,0.000000e+00,0.000000e+00,0.000000e+00,0.000000e+00,0.000000e+00,0.000000e+00,0.000000e+00,0.000000e+00,0.000000e+00,0.000000e+00,0.000000e+00,0.000000e+00,0.000000e+00,0.000000e+00
1.000000e+00,0.000000e+00,0.000000e+00,0.000000e+00,0.000000e+00,0.000000e+00,0.000000e+00,0.000000e+00,0.000000e+00,0.000000e+00,0.000000e+00,0.000000e+00,0.000000e+00,0.000000e+00,0.000000e+00
1.000000e+00,0.000000e+00,0.000000e+00,0.000000e+00,0.000000e+00,0.000000e+00,0.000000e+00,0.000000e+00,0.000000e+00,0.000000e+00,0.000000e+00,0.000000e+00,0.000000e+00,0.000000e+00,0.000000e+00
1.000000e+00,0.000000e+00,0.000000e+00,0.000000e+00,0.000000e+00,0.000000e+00,0.000000e+00,0.000000e+00,0.000000e+00,0.000000e+00,0.000000e+00,0.000000e+00,0.000000e+00,0.000000e+00,0.000000e+00
1.000000e+00,0.000000e+00,0.000000e+00,0.000000e+00,0.000000e+00,0.000000e+00,0.000000e+00,0.000000e+00,0.000000e+00,0.000000e+00,0.000000e+00,0.000000e+00,0.000000e+00,0.000000e+00,0.000000e+00
1.000000e+00,0.000000e+00,0.000000e+00,0.000000e+00,0.000000e+00,0.000000e+00,0.000000e+00,0.000000e+00,0.000000e+00,0.000000e+00,0.000000e+00,0.000000e+00,0.000000e+00,0.000000e+00,0.000000e+00
1.000000e+00,0.000000e+00,0.000000e+00,0.000000e+00,0.000000e+00,0.000000e+00,0.000000e+00,0.000000e+00,0.000000e+00,0.000000e+00,0.000000e+00,0.000000e+00,0.000000e+00,0.000000e+00,0.000000e+00
1.000000e+00,0.000000e+00,0.000000e+00,0.000000e+00,0.000000e+00,0.000000e+00,0.000000e+00,0.000000e+00,0.000000e+00,0.000000e+00,0.000000e+00,0.000000e+00,0.000000e+00,0.000000e+00,0.000000e+00
1.000000e+00,0.000000e+00,0.000000e+00,0.000000e+00,0.000000e+00,0.000000e+00,0.000000e+00,0.000000e+00,0.000000e+00,0.000000e+00,0.000000e+00,0.000000e+00,0.000000e+00,0.000000e+00,0.000000e+00
1.000000e+00,0.000000e+00,0.000000e+00,0.000000e+00,0.000000e+00,0.000000e+00,0.000000e+00,0.000000e+00,0.000000e+00,0.000000e+00,0.000000e+00,0.000000e+00,0.000000e+00,0.000000e+00,0.000000e+00
1.000000e+00,0.000000e+00,0.000000e+00,0.000000e+00,0.000000e+00,0.000000e+00,0.000000e+00,0.000000e+00,0.000000e+00,0.000000e+00,0.000000e+00,0.000000e+00,0.000000e+00,0.000000e+00,0.000000e+00
1.000000e+00,0.000000e+00,0.000000e+00,0.000000e+00,0.000000e+00,0.000000e+00,0.000000e+00,0.000000e+00,0.000000e+00,0.000000e+00,0.000000e+00,0.000000e+00,0.000000e+00,0.000000e+00,0.000000e+00
1.000000e+00,0.000000e+00,0.000000e+00,0.000000e+00,0.000000e+00,0.000000e+00,0.000000e+00,0.000000e+00,0.000000e+00,0.000000e+00,0.000000e+00,0.000000e+00,0.000000e+00,0.000000e+00,0.000000e+00
1.000000e+00,0.000000e+00,0.000000e+00,0.000000e+00,0.000000e+00,0.000000e+00,0.000000e+00,0.000000e+00,0.000000e+00,0.000000e+00,0.000000e+00,0.000000e+00,0.000000e+00,0.000000e+00,0.000000e+00
1.000000e+00,0.000000e+00,0.000000e+00,0.000000e+00,0.000000e+00,0.000000e+00,0.000000e+00,0.000000e+00,0.000000e+00,0.000000e+00,0.000000e+00,0.000000e+00,0.000000e+00,0.000000e+00,0.000000e+00
1.000000e+00,0.000000e+00,0.000000e+00,0.000000e+00,0.000000e+00,0.000000e+00,0.000000e+00,0.000000e+00,0.000000e+00,0.000000e+00,0.000000e+00,0.000000e+00,0.000000e+00,0.000000e+00,0.000000e+00
1.000000e+00,0.000000e+00,0.000000e+00,0.000000e+00,0.000000e+00,0.000000e+00,0.000000e+00,0.000000e+00,0.000000e+00,0.000000e+00,0.000000e+00,0.000000e+00,0.000000e+00,0.000000e+00,0.000000e+00
1.000000e+00,0.000000e+00,0.000000e+00,0.000000e+00,0.000000e+00,0.000000e+00,0.000000e+00,0.000000e+00,0.000000e+00,0.000000e+00,0.000000e+00,0.000000e+00,0.000000e+00,0.000000e+00,0.000000e+00
1.000000e+00,0.000000e+00,0.000000e+00,0.000000e+00,0.000000e+00,0.000000e+00,0.000000e+00,0.000000e+00,0.000000e+00,0.000000e+00,0.000000e+00,0.000000e+00,0.000000e+00,0.000000e+00,0.000000e+00
1.000000e+00,0.000000e+00,0.000000e+00,0.000000e+00,0.000000e+00,0.000000e+00,0.000000e+00,0.000000e+00,0.000000e+00,0.000000e+00,0.000000e+00,0.000000e+00,0.000000e+00,0.000000e+00,0.000000e+00
1.000000e+00,0.000000e+00,0.000000e+00,0.000000e+00,0.000000e+00,0.000000e+00,0.000000e+00,0.000000e+00,0.000000e+00,0.000000e+00,0.000000e+00,0.000000e+00,0.000000e+00,0.000000e+00,0.000000e+00
1.000000e+00,0.000000e+00,0.000000e+00,0.000000e+00,0.000000e+00,0.000000e+00,0.000000e+00,0.000000e+00,0.000000e+00,0.000000e+00,0.000000e+00,0.000000e+00,0.000000e+00,0.000000e+00,0.000000e+00
3.869345e-01,1.015415e-02,2.285627e-01,1.064716e-01,4.496655e-03,1.135605e-02,2.391628e-03,1.887101e-01,3.833882e-03,1.219255e-03,1.486977e-02,2.021414e-02,9.246268e-03,2.560544e-03,8.978752e-03
2.907011e-01,7.360098e-03,2.081044e-01,9.544478e-02,3.320954e-03,9.081958e-03,2.114203e-03,3.330842e-01,3.259852e-03,1.624216e-03,1.247921e-02,1.625153e-02,7.447023e-03,2.954377e-03,6.772073e-03
2.338113e-01,5.258656e-03,1.837291e-01,8.190036e-02,2.741736e-03,7.172030e-03,1.835969e-03,4.443430e-01,2.591300e-03,1.310549e-03,9.839534e-03,1.200206e-02,6.161017e-03,2.387929e-03,4.915403e-03
1.806427e-01,3.958551e-03,1.344312e-01,6.797203e-02,2.247683e-03,5.734454e-03,1.450261e-03,4.443763e-01,7.515050e-03,2.916454e-03,6.541807e-02,2.538915e-02,5.108834e-02,2.876962e-03,3.982717e-03
1.283071e-01,3.079418e-03,9.517381e-02,1.273017e-01,1.724894e-03,4.243515e-03,1.044658e-03,3.632359e-01,1.514849e-02,3.536560e-03,1.075486e-01,4.981840e-02,8.970778e-02,6.322622e-03,3.806563e-03
9.066127e-02,4.385814e-03,6.746364e-02,1.310745e-01,1.628061e-03,3.076860e-03,8.200798e-04,2.818721e-01,2.371953e-02,7.400917e-03,1.362591e-01,7.906131e-02,1.372536e-01,2.937700e-02,5.946258e-03
6.358552e-02,4.268049e-03,4.731533e-02,9.269677e-02,1.329609e-03,2.523446e-03,5.916276e-04,1.979100e-01,4.016951e-02,6.798455e-03,1.310788e-01,6.152755e-02,2.357218e-01,6.194724e-02,5.253632e-02
4.526689e-02,7.843052e-03,3.397359e-02,7.255534e-02,2.322591e-03,2.032355e-03,4.556783e-04,1.398419e-01,1.179520e-01,7.969091e-03,1.147556e-01,4.733659e-02,2.591579e-01,7.392060e-02,7.461676e-02
3.225460e-02,9.300478e-03,2.406307e-02,5.229600e-02,2.082312e-03,2.388827e-03,4.651624e-04,9.967760e-02,1.715722e-01,8.627697e-03,9.989664e-02,3.800827e-02,2.362870e-01,1.502447e-01,7.283540e-02
2.332133e-02,1.843592e-02,1.704857e-02,3.709825e-02,1.819293e-03,2.361068e-03,4.223384e-04,7.041138e-02,3.602695e-01,6.659931e-03,8.036835e-02,2.850818e-02,1.726948e-01,1.164156e-01,6.416556e-02
1.727557e-02,2.410731e-02,1.208546e-02,2.658603e-02,2.440202e-03,6.171096e-03,3.139397e-04,4.936170e-02,5.162482e-01,5.283633e-03,5.729431e-02,2.015173e-02,1.219970e-01,8.815619e-02,5.252755e-02
1.232343e-02,2.101216e-02,8.597891e-03,2.008884e-02,2.179764e-03,8.526409e-03,2.697041e-04,3.463578e-02,6.437104e-01,3.925176e-03,4.049477e-02,1.433310e-02,8.651678e-02,6.305749e-02,4.032835e-02
9.520682e-03,4.259302e-02,6.565352e-03,1.820689e-02,4.710247e-03,1.886313e-02,2.514554e-04,2.435936e-02,6.755238e-01,4.903124e-03,2.944840e-02,1.016530e-02,6.317896e-02,4.625152e-02,4.545884e-02
6.911523e-03,3.885689e-02,4.713490e-03,1.665153e-02,3.771654e-03,1.916843e-02,2.114283e-04,1.750889e-02,7.401575e-01,3.905763e-03,2.154752e-02,7.397167e-03,4.735531e-02,3.409662e-02,3.774633e-02
5.723274e-03,4.565964e-02,3.494170e-03,1.567163e-02,5.702513e-03,4.157666e-02,3.842919e-04,1.244077e-02,7.396152e-01,4.987046e-03,1.632766e-02,5.714653e-03,4.036231e-02,2.531093e-02,3.702923e-02
4.468340e-03,4.952942e-02,2.518933e-03,1.386443e-02,4.174651e-03,3.238641e-02,2.899890e-04,8.934168e-03,7.788246e-01,3.963023e-03,1.389307e-02,6.853477e-03,3.353397e-02,1.803750e-02,2.872807e-02
3.897727e-03,4.990837e-02,2.062631e-03,1.620002e-02,3.747392e-03,2.830807e-02,2.454786e-04,6.817531e-03,7.978297e-01,4.633103e-03,1.123790e-02,5.351972e-03,2.699746e-02,1.304796e-02,2.971462e-02
6.077632e-03,4.877122e-02,1.984826e-03,2.094947e-02,1.157295e-02,3.216262e-02,4.873438e-04,6.886839e-03,7.854424e-01,5.654282e-03,9.468882e-03,4.565205e-03,2.238175e-02,9.581003e-03,3.401351e-02
4.895243e-03,4.839580e-02,2.328741e-03,1.845221e-02,1.044200e-02,2.595918e-02,4.879086e-04,5.898069e-03,8.013929e-01,7.932853e-03,7.767517e-03,3.397082e-03,2.107995e-02,6.973565e-03,3.459691e-02
5.776275e-03,7.746064e-02,2.616948e-03,1.906521e-02,1.882066e-02,2.850766e-02,8.910510e-04,4.992830e-03,7.555791e-01,7.412851e-03,8.750437e-03,2.735086e-03,2.555972e-02,5.622942e-03,3.620859e-02
4.575469e-03,7.672273e-02,2.182711e-03,3.043616e-02,2.557376e-02,2.901398e-02,9.630494e-04,4.733841e-03,7.507848e-01,6.598094e-03,6.525582e-03,1.989238e-03,1.971587e-02,4.109311e-03,3.607541e-02
3.519605e-03,6.640334e-02,2.839204e-03,1.460562e-01,2.209898e-02,2.701267e-02,7.534350e-04,7.671082e-03,6.521252e-01,6.959945e-03,5.085668e-03,1.451488e-03,1.492376e-02,2.991852e-03,4.010754e-02
4.288902e-03,6.089995e-02,5.714641e-03,1.142713e-01,4.029909e-02,4.512008e-02,1.163994e-03,1.828003e-02,6.544887e-01,5.331554e-03,3.725745e-03,1.044656e-03,1.096128e-02,2.154045e-03,3.225599e-02
6.186930e-03,5.109894e-02,4.804358e-03,9.299328e-02,4.438175e-02,4.184810e-02,1.013403e-03,1.340404e-01,5.833682e-01,3.863889e-03,2.889516e-03,7.647594e-04,7.953513e-03,1.524952e-03,2.326798e-02
9.125492e-03,4.285698e-02,3.951413e-03,6.838582e-02,4.202511e-02,3.645778e-02,9.246274e-04,3.054235e-01,4.615568e-01,2.738311e-03,2.285131e-03,5.562410e-04,5.954002e-03,1.086186e-03,1.667259e-02
7.580629e-03,3.190812e-02,3.155539e-03,4.847517e-02,3.035269e-02,2.576258e-02,7.622323e-04,5.065824e-01,3.244944e-01,1.922858e-03,1.782162e-03,3.977251e-04,4.335644e-03,7.639206e-04,1.172387e-02
6.251164e-03,2.268004e-02,2.722865e-03,3.419949e-02,2.181279e-02,1.957609e-02,6.468712e-04,6.466788e-01,2.274197e-01,1.490255e-03,2.410990e-03,7.208349e-04,4.407161e-03,5.992045e-04,8.383770e-03
7.188791e-03,1.618366e-02,2.449888e-03,2.437245e-02,1.556271e-02,1.609949e-02,5.924859e-04,6.912380e-01,1.599717e-01,1.270400e-03,1.319764e-02,6.808287e-03,3.720155e-02,6.615420e-04,7.201497e-03
6.658008e-03,1.140087e-02,2.072165e-03,1.855539e-02,1.120076e-02,1.370510e-02,6.376065e-04,5.867514e-01,1.132890e-01,9.234453e-04,1.766552e-02,1.081270e-02,1.990649e-01,5.300920e-04,6.733102e-03
4.907683e-03,7.990142e-03,1.530093e-03,1.380283e-02,7.879310e-03,1.058791e-02,4.667865e-04,4.808761e-01,7.959096e-02,6.528238e-04,1.570801e-02,1.531240e-02,3.553654e-01,4.018404e-04,4.927780e-03
3.640810e-03,5.609846e-03,1.113494e-03,9.876744e-03,5.612377e-03,8.092229e-03,3.423033e-04,3.463438e-01,5.605013e-02,4.983513e-04,1.522180e-02,1.692427e-02,5.264194e-01,3.253234e-04,3.929154e-03
2.570391e-03,3.954214e-03,8.154989e-04,7.197770e-03,4.122323e-03,6.276652e-03,3.653822e-04,2.450144e-01,4.051944e-02,3.542216e-04,1.533054e-02,3.681416e-02,6.335379e-01,2.669800e-04,2.860181e-03
1.845862e-03,2.856313e-03,5.865082e-04,5.169054e-03,3.004098e-03,4.776811e-03,2.908059e-04,1.730491e-01,3.397781e-02,2.550987e-04,1.679361e-02,4.811062e-02,7.069197e-01,2.090972e-04,2.155607e-03
1.381394e-03,2.142205e-03,6.194668e-04,3.828690e-03,2.599414e-03,4.665818e-03,2.805890e-04,1.224029e-01,3.213507e-02,3.220642e-04,1.682860e-02,1.813706e-01,6.296661e-01,1.905777e-04,1.566599e-03
1.268348e-03,1.686415e-03,4.903650e-04,2.854676e-03,2.123948e-03,5.494183e-03,2.270649e-04,8.638032e-02,2.707957e-02,8.100005e-04,1.418603e-02,3.586151e-01,4.974435e-01,2.121515e-04,1.128484e-03
1.451284e-03,1.314312e-03,4.367710e-04,2.088779e-03,2.191179e-03,5.527924e-03,2.198458e-04,6.114867e-02,2.059847e-02,1.812045e-03,2.008929e-02,5.264273e-01,3.555655e-01,3.251352e-04,8.035681e-04
1.218594e-03,1.009537e-03,3.510352e-04,1.542067e-03,2.107798e-03,5.902875e-03,2.276595e-04,4.347138e-02,1.574371e-02,1.868696e-03,2.090817e-02,6.530137e-01,2.517044e-01,3.599442e-04,5.704502e-04
9.605776e-04,8.224666e-04,2.972673e-04,1.121369e-03,1.851746e-03,6.755395e-03,1.720446e-04,3.062983e-02,1.213844e-02,1.925290e-03,2.514626e-02,7.401066e-01,1.772923e-01,3.656508e-04,4.148722e-04
1.044627e-03,9.158382e-04,2.957519e-04,8.324849e-04,1.750493e-03,5.152794e-03,1.288959e-04,2.148559e-02,9.172946e-03,1.737165e-03,1.264906e-01,7.054231e-01,1.248627e-01,4.061286e-04,3.009174e-04
8.919338e-04,1.139909e-03,2.659907e-04,5.929719e-04,1.335594e-03,3.707818e-03,9.176222e-05,1.505129e-02,7.063044e-03,1.624578e-03,1.521839e-01,7.278955e-01,8.759108e-02,3.416281e-04,2.229584e-04
7.700721e-04,8.859435e-04,1.957152e-04,4.431081e-04,1.128689e-03,2.652980e-03,6.503202e-05,1.054188e-02,5.670431e-03,1.369174e-03,1.417332e-01,7.726619e-01,6.137513e-02,3.361744e-04,1.706504e-04
7.211328e-04,7.892110e-04,1.580133e-04,3.631771e-04,1.056593e-03,1.997447e-03,4.645457e-05,7.389515e-03,4.810270e-03,1.624475e-03,1.195771e-01,8.176712e-01,4.317630e-02,4.657545e-04,1.534003e-04
9.516893e-04,6.633463e-04,1.334575e-04,3.237536e-04,1.220816e-03,1.629396e-03,3.593014e-05,5.206321e-03,3.986754e-03,1.995549e-03,1.011854e-01,8.513174e-01,3.042851e-02,7.724518e-04,1.491680e-04
1.075169e-03,7.743542e-04,1.615062e-04,3.162748e-04,1.916056e-03,1.594171e-03,3.346219e-05,3.749907e-03,3.435581e-03,2.658110e-03,9.765720e-02,8.635926e-01,2.162752e-02,1.220997e-03,1.870437e-04
3.000202e-03,1.900467e-03,3.753899e-03,6.522371e-04,1.724397e-02,3.838708e-03,1.100464e-04,4.615152e-03,3.953064e-03,4.130276e-03,8.338244e-02,8.563694e-01,1.548713e-02,1.352000e-03,2.109576e-04
6.187890e-03,2.938191e-03,8.837192e-03,1.312803e-03,5.159225e-02,6.356677e-03,2.039464e-04,8.222206e-03,3.426532e-03,4.044342e-03,7.215390e-02,8.217248e-01,1.104577e-02,1.692846e-03,2.606723e-04
7.345507e-03,3.114357e-03,1.724029e-02,3.415016e-03,5.969367e-02,9.706332e-03,9.348196e-04,2.246187e-02,2.921702e-03,3.716133e-03,5.855750e-02,8.010948e-01,7.929098e-03,1.625183e-03,2.437627e-04
7.997286e-03,4.245920e-03,2.369591e-02,4.067260e-03,4.876151e-02,1.039240e-02,8.643849e-04,2.030124e-02,2.883193e-03,3.437242e-03,1.627720e-01,7.024080e-01,5.736788e-03,2.103996e-03,3.328049e-04
1.058872e-02,3.746734e-03,2.188080e-02,3.375463e-03,3.507239e-02,1.770032e-02,7.103203e-04,1.582719e-02,2.284298e-03,2.629936e-03,2.387861e-01,6.393975e-01,4.324091e-03,3.303642e-03,3.724689e-04
1.225080e-02,3.679108e-03,2.009687e-02,2.622023e-03,2.509085e-02,2.153201e-02,6.138975e-04,1.160226e-02,1.772247e-03,1.980175e-03,2.464083e-01,6.445031e-01,3.323199e-03,4.080592e-03,4.445043e-04
1.265632e-02,3.583872e-03,1.588009e-02,2.003773e-03,1.806107e-02,1.786078e-02,7.198717e-04,8.463579e-03,1.418435e-03,1.504254e-03,2.792537e-01,6.318585e-01,2.619450e-03,3.702021e-03,4.142888e-04
1.036254e-02,3.310899e-03,1.151581e-02,1.461376e-03,1.401231e-02,1.376709e-02,1.035548e-03,6.153286e-03,1.291844e-03,1.196508e-03,3.584033e-01,5.707428e-01,2.139834e-03,4.267971e-03,3.387705e-04
9.007896e-03,5.072517e-03,8.990260e-03,1.090195e-03,1.309365e-02,1.061052e-02,1.321849e-03,4.603337e-03,1.405033e-03,1.396202e-03,4.175751e-01,5.182827e-01,1.763246e-03,5.410342e-03,3.771172e-04
8.233982e-03,1.019469e-02,1.546730e-02,1.059668e-03,1.394946e-02,9.743846e-03,2.173571e-03,5.348512e-03,1.391835e-03,2.432607e-03,4.046744e-01,5.157029e-01,1.518470e-03,7.416867e-03,6.918109e-04
6.907312e-03,1.134382e-02,2.094136e-02,1.092354e-03,1.321135e-02,9.698645e-03,3.273240e-03,5.849672e-03,1.376376e-03,3.963987e-03,3.913539e-01,5.200379e-01,1.287068e-03,8.640591e-03,1.022312e-03
5.000769e-03,1.182474e-02,2.089859e-02,8.397616e-04,1.061115e-02,7.854942e-03,2.595748e-03,4.610495e-03,2.555821e-03,1.309510e-02,4.292396e-01,4.771138e-01,9.537609e-04,9.116264e-03,3.689434e-03
3.551366e-03,9.350537e-03,2.499926e-02,6.351914e-04,7.718390e-03,6.114651e-03,1.883848e-03,3.342742e-03,4.914105e-03,2.517638e-02,5.536270e-01,3.426630e-01,6.803978e-04,7.153400e-03,8.189743e-03
2.576308e-03,6.944336e-03,2.464548e-02,5.740980e-04,5.958868e-03,8.422937e-03,1.604595e-03,3.086792e-03,8.896919e-03,2.992127e-02,6.258914e-01,2.678834e-01,5.089688e-04,5.908921e-03,7.175655e-03
2.304229e-03,5.942218e-03,4.067272e-02,1.026544e-03,7.676565e-03,2.309148e-02,1.700062e-03,2.858147e-03,1.622191e-02,1.147788e-01,5.234890e-01,2.464489e-01,1.037307e-03,4.985710e-03,7.766347e-03
1.951264e-03,4.391900e-03,3.386746e-02,9.053975e-04,5.927796e-03,3.145781e-02,1.290054e-03,2.102264e-03,1.263862e-02,2.873053e-01,4.215686e-01,1.842498e-01,9.254164e-04,3.812201e-03,7.606183e-03
1.581859e-03,3.619542e-03,2.504024e-02,8.804698e-04,6.898628e-03,2.631095e-02,9.472700e-04,1.608110e-03,1.074936e-02,3.741816e-01,3.817275e-01,1.535695e-01,1.767944e-03,4.240610e-03,6.876491e-03
1.114868e-03,2.744993e-03,1.757595e-02,6.682501e-04,4.884640e-03,1.856119e-02,6.743084e-04,1.126308e-03,7.593877e-03,5.491315e-01,2.786058e-01,1.078476e-01,1.342083e-03,3.122343e-03,5.006293e-03
7.951874e-04,2.183902e-03,1.233537e-02,5.060494e-04,3.470124e-03,1.311055e-02,4.776226e-04,7.893654e-04,5.371739e-03,6.785161e-01,1.974210e-01,7.678172e-02,1.167322e-03,2.380684e-03,4.693246e-03
5.603560e-04,1.547775e-03,8.651990e-03,3.643308e-04,2.450837e-03,9.389536e-03,3.358314e-04,5.533211e-04,3.777032e-03,7.740519e-01,1.384266e-01,5.388775e-02,8.649965e-04,1.721680e-03,3.416065e-03
4.164542e-04,3.178395e-03,6.772561e-03,2.638569e-04,1.816133e-03,6.895025e-03,2.372719e-04,3.919505e-04,2.673061e-03,8.344162e-01,9.797034e-02,3.790270e-02,1.082396e-03,1.265387e-03,4.718331e-03
1.298382e-03,4.335866e-03,6.465938e-03,2.433194e-04,3.379324e-03,8.170657e-03,1.816351e-04,4.351399e-04,2.155764e-03,8.637298e-01,6.957584e-02,2.659127e-02,9.820074e-04,1.183295e-03,1.127173e-02
4.218424e-03,5.566804e-03,1.999993e-01,1.046346e-03,2.519697e-02,7.525227e-03,3.355223e-04,1.060948e-02,2.246742e-03,6.606715e-01,5.090483e-02,1.880386e-02,1.042289e-03,9.872715e-04,1.084551e-02
1.677171e-02,9.137485e-03,2.853536e-01,1.773775e-03,3.204091e-02,1.519987e-02,3.310925e-04,1.012815e-02,2.631838e-03,5.434248e-01,3.689913e-02,1.333151e-02,9.681410e-04,8.423532e-04,3.116562e-02
1.260468e-02,8.739818e-03,4.678484e-01,2.406504e-03,2.558567e-02,1.420150e-02,2.835025e-04,7.306779e-03,2.347361e-03,3.977118e-01,2.612192e-02,9.479952e-03,1.072309e-03,6.081910e-04,2.368164e-02
1.152790e-02,7.242643e-03,5.719376e-01,2.185796e-03,3.411115e-02,1.276896e-02,1.734983e-03,6.559481e-03,2.704808e-03,3.026825e-01,1.904614e-02,6.989434e-03,2.486233e-03,4.741705e-04,1.754824e-02
1.663854e-02,6.520830e-03,6.068377e-01,2.984444e-03,5.639675e-02,2.338653e-02,9.753154e-03,1.223038e-02,4.101145e-03,2.242881e-01,1.407318e-02,5.981158e-03,3.615260e-03,4.171709e-04,1.277561e-02
1.387696e-02,5.733951e-03,6.869794e-01,3.121332e-03,4.695399e-02,2.217522e-02,1.221428e-02,1.565285e-02,3.207405e-03,1.621321e-01,9.982630e-03,4.289521e-03,3.988119e-03,3.313439e-04,9.360962e-03
1.677312e-02,4.610529e-03,6.892630e-01,5.476927e-03,4.827144e-02,2.024031e-02,3.967878e-02,2.992548e-02,2.439604e-03,1.222466e-01,7.114579e-03,3.163188e-03,3.119609e-03,3.650189e-04,7.311859e-03
2.690030e-02,3.880708e-03,6.479249e-01,1.054756e-02,4.101080e-02,1.680608e-02,1.058354e-01,3.390358e-02,1.954650e-03,9.314872e-02,5.344003e-03,2.789096e-03,2.796430e-03,6.986945e-04,6.459076e-03
2.853263e-02,3.199213e-03,6.448095e-01,1.176689e-02,3.272440e-02,1.360268e-02,1.368697e-01,3.755515e-02,1.519890e-03,7.383090e-02,3.981736e-03,2.375687e-03,2.331964e-03,8.605593e-04,6.039113e-03
2.856162e-02,3.148276e-03,5.935202e-01,1.073655e-02,2.400373e-02,1.113751e-02,1.993824e-01,3.113883e-02,1.418432e-03,7.705170e-02,5.645233e-03,3.377043e-03,2.903484e-03,1.123362e-03,6.851670e-03
4.520794e-02,5.031164e-03,5.702643e-01,1.006550e-02,1.765730e-02,9.512966e-03,2.177925e-01,2.425200e-02,1.865425e-03,7.292610e-02,6.591718e-03,5.765973e-03,3.318029e-03,1.989363e-03,7.759734e-03
5.073433e-02,5.333139e-03,5.289869e-01,9.511777e-03,1.510599e-02,8.238956e-03,2.532598e-01,2.324125e-02,3.741842e-03,7.376258e-02,7.111378e-03,6.651836e-03,3.370483e-03,2.569929e-03,8.379850e-03
3.934942e-02,5.408198e-03,4.530279e-01,7.998478e-03,1.205358e-02,1.179616e-02,1.978750e-01,1.689124e-02,8.772701e-03,1.762520e-01,2.986225e-02,6.223982e-03,6.107775e-03,6.750846e-03,2.163048e-02
3.122182e-02,5.130744e-03,3.657515e-01,6.770831e-03,1.000531e-02,1.135472e-02,1.464050e-01,1.263326e-02,7.581547e-02,2.127319e-01,6.298816e-02,8.320479e-03,9.079896e-03,1.502528e-02,2.676562e-02
2.425093e-02,4.831810e-03,2.726032e-01,5.959468e-03,1.183515e-02,1.016371e-02,1.052958e-01,9.012077e-03,2.418310e-01,1.570728e-01,7.950658e-02,9.066927e-03,7.988719e-03,3.129075e-02,2.929106e-02
1.837530e-02,4.043397e-03,2.035913e-01,4.649431e-03,1.047489e-02,8.478119e-03,7.727352e-02,6.662995e-03,3.752841e-01,1.177492e-01,8.290701e-02,7.750794e-03,6.785296e-03,4.700449e-02,2.897024e-02
1.401959e-02,3.579485e-03,1.502229e-01,3.396582e-03,7.926386e-03,7.191201e-03,5.622166e-02,4.893998e-03,4.105514e-01,1.176270e-01,7.070586e-02,6.105073e-03,7.062457e-03,1.106284e-01,2.986800e-02
1.067493e-02,7.542045e-03,1.062171e-01,4.017610e-03,6.271926e-03,5.797517e-03,3.986421e-02,3.668901e-03,5.100789e-01,9.486276e-02,5.472554e-02,5.069289e-03,5.741357e-03,1.073932e-01,3.807458e-02
9.587930e-03,8.708019e-03,7.609895e-02,3.265687e-03,6.312656e-03,5.051681e-03,2.837998e-02,2.818473e-03,5.447552e-01,7.386047e-02,4.997284e-02,4.005013e-03,4.821719e-03,1.138687e-01,6.849261e-02
1.688005e-02,1.408338e-02,5.497444e-02,2.486871e-03,1.113417e-02,4.536005e-03,1.993495e-02,2.134245e-03,5.387661e-01,5.609668e-02,5.428360e-02,3.111545e-03,4.489677e-03,1.088403e-01,1.082478e-01
1.606002e-02,1.370039e-02,4.322162e-02,2.408717e-03,8.581191e-03,4.791975e-03,1.401222e-02,1.612724e-03,5.249666e-01,4.679398e-02,4.102348e-02,2.408076e-03,3.501578e-03,9.409949e-02,1.828179e-01
1.924286e-02,1.261253e-02,7.003137e-02,3.086244e-03,7.742641e-03,5.617226e-03,9.930985e-03,1.493927e-03,5.080412e-01,4.305989e-02,3.327095e-02,2.425205e-03,3.685749e-03,7.248344e-02,2.072757e-01
1.937166e-02,1.446130e-02,9.214273e-02,3.612094e-03,9.269567e-03,5.351560e-03,7.035535e-03,1.918286e-03,4.185549e-01,4.107136e-02,2.704175e-02,2.167359e-03,3.432313e-03,6.067466e-02,2.938949e-01
2.878527e-02,1.701759e-02,1.137412e-01,3.082688e-03,1.198591e-02,5.639728e-03,4.994514e-03,4.520361e-03,3.748975e-01,4.539797e-02,2.184875e-02,1.787020e-03,2.795895e-03,6.367937e-02,2.998262e-01
2.616395e-02,1.391467e-02,3.016791e-01,5.138072e-03,1.556474e-02,6.183601e-03,3.552192e-03,2.003030e-02,2.883992e-01,3.617122e-02,1.753757e-02,1.381712e-03,2.281019e-03,4.743053e-02,2.145721e-01
2.154209e-02,1.003428e-02,4.490257e-01,5.892352e-03,1.302574e-02,4.719295e-03,2.502291e-03,5.838559e-02,2.080245e-01,2.672027e-02,1.248144e-02,9.803408e-04,1.631020e-03,3.404671e-02,1.509884e-01
1.904508e-02,7.191874e-03,5.803375e-01,6.015740e-03,1.018273e-02,4.210326e-03,1.773110e-03,6.042318e-02,1.482088e-01,1.989192e-02,8.807397e-03,6.909351e-04,1.153476e-03,2.498892e-02,1.070790e-01
2.286000e-02,5.567373e-03,6.153800e-01,5.781692e-03,8.071308e-03,4.493421e-03,1.289032e-03,7.021772e-02,1.116501e-01,3.712186e-02,6.379703e-03,5.056164e-04,8.445987e-04,2.396918e-02,8.586834e-02
2.941353e-02,5.304595e-03,5.975664e-01,9.266390e-03,7.408183e-03,4.458412e-03,9.756432e-04,7.936355e-02,8.917347e-02,4.995333e-02,5.226293e-03,4.294870e-04,7.118011e-04,3.186457e-02,8.888431e-02
4.810838e-02,1.279312e-02,5.409431e-01,2.125114e-02,7.274291e-03,4.761417e-03,7.442305e-04,7.858601e-02,8.840290e-02,4.532549e-02,9.800474e-03,8.970194e-04,1.854775e-03,2.891305e-02,1.103446e-01
5.810108e-02,2.808155e-02,4.410321e-01,1.078920e-01,1.230613e-02,7.221675e-03,6.850557e-04,1.043403e-01,7.417609e-02,3.709666e-02,1.167387e-02,1.115192e-03,1.988313e-03,2.185490e-02,9.243499e-02
7.215120e-02,5.037457e-02,3.687380e-01,1.133054e-01,1.907226e-02,1.160889e-02,1.031277e-03,1.330009e-01,6.806960e-02,3.469200e-02,1.340273e-02,1.647662e-03,2.402455e-03,1.869249e-02,9.181053e-02
9.947320e-02,8.502930e-02,2.784578e-01,1.508718e-01,2.384707e-02,1.126519e-02,1.464277e-03,1.297671e-01,7.082643e-02,2.708131e-02,1.483197e-02,6.989609e-03,5.275417e-03,1.442208e-02,8.039752e-02
1.659040e-01,1.198483e-01,2.507530e-01,1.096233e-01,1.805867e-02,1.048736e-02,1.098671e-03,1.184293e-01,6.303786e-02,2.029433e-02,1.564523e-02,6.244707e-03,5.387178e-03,1.714795e-02,7.804015e-02
1.642514e-01,9.022934e-02,2.018707e-01,8.136013e-02,1.408577e-02,1.300724e-02,8.281928e-04,8.532213e-02,5.999783e-02,1.539157e-02,4.868799e-02,6.232310e-03,5.322790e-03,1.543121e-01,5.910049e-02
1.166785e-01,6.374657e-02,1.426939e-01,5.709831e-02,1.004676e-02,1.002405e-02,6.035434e-04,5.982869e-02,5.750836e-02,1.185791e-02,1.882971e-01,7.943601e-03,4.426399e-03,2.273654e-01,4.188084e-02
8.265216e-02,4.511483e-02,1.018246e-01,4.010556e-02,7.160507e-03,9.298488e-03,4.514020e-04,4.193081e-02,5.012209e-02,9.051353e-03,2.799168e-01,1.180464e-02,3.474457e-03,2.874222e-01,2.967025e-02
5.841154e-02,3.240425e-02,7.168098e-02,2.824543e-02,5.119430e-03,7.702938e-03,3.367320e-04,2.939898e-02,4.149472e-02,7.729562e-03,3.718039e-01,1.017333e-02,2.676483e-03,3.115557e-01,2.126606e-02
4.117936e-02,2.321997e-02,5.023556e-02,1.987594e-02,3.768187e-03,5.703967e-03,2.616763e-04,2.059793e-02,3.474450e-02,7.840805e-03,4.351290e-01,8.836028e-03,1.993370e-03,3.314893e-01,1.512453e-02
2.900919e-02,1.702324e-02,3.518837e-02,1.407364e-02,2.870206e-03,4.520035e-03,2.044013e-04,1.444109e-02,3.335849e-02,7.046016e-03,4.440545e-01,8.837559e-03,1.598783e-03,3.770712e-01,1.070326e-02
2.036114e-02,1.338852e-02,2.464079e-02,9.882425e-03,2.075229e-03,6.108589e-03,1.473204e-04,1.011415e-02,2.994152e-02,6.128804e-03,4.494575e-01,9.046577e-03,1.296334e-03,4.097820e-01,7.629069e-03
1.454349e-02,1.175227e-02,1.731036e-02,8.529024e-03,2.806576e-03,8.171020e-03,1.683370e-04,7.193045e-03,6.101177e-02,1.238071e-02,4.519146e-01,7.609203e-03,1.199661e-03,3.897657e-01,5.644164e-03
1.046676e-02,9.792941e-03,1.230206e-02,7.735468e-03,9.106683e-03,1.941627e-02,3.521451e-04,7.269817e-03,1.683258e-01,1.606571e-02,4.008538e-01,6.598375e-03,2.078936e-03,3.254122e-01,4.223037e-03
7.982746e-03,1.025261e-02,8.928397e-03,9.252005e-03,1.065966e-02,2.896370e-02,5.364603e-04,6.966883e-03,2.190028e-01,1.590665e-02,3.727636e-01,7.300356e-03,3.268252e-03,2.949201e-01,3.295656e-03
6.837583e-03,1.503649e-02,7.084875e-03,3.114265e-02,9.752981e-03,4.332329e-02,6.028723e-04,8.782508e-03,2.219052e-01,1.381403e-02,3.586880e-01,9.663337e-03,1.129568e-02,2.583402e-01,3.730227e-03
5.329462e-03,1.330539e-02,5.354047e-03,4.023960e-02,9.036609e-03,3.725186e-02,7.008204e-04,6.769490e-03,1.893141e-01,1.244871e-02,4.602602e-01,1.046490e-02,1.200818e-02,1.926751e-01,4.841472e-03
4.316045e-03,1.189003e-02,5.371972e-03,5.076441e-02,8.527181e-03,3.670181e-02,6.858031e-04,5.233123e-03,1.542304e-01,9.997838e-03,5.404880e-01,1.065341e-02,1.556453e-02,1.408331e-01,4.742405e-03
3.785238e-03,9.174864e-03,4.426585e-03,3.700996e-02,1.075186e-02,2.706281e-02,8.166640e-04,4.981826e-03,1.308378e-01,7.976456e-03,6.316087e-01,1.039815e-02,1.526336e-02,1.020107e-01,3.895056e-03
7.980850e-03,1.500615e-02,7.184330e-03,2.824106e-02,1.433529e-02,2.653012e-02,1.854880e-03,2.440769e-02,2.206253e-01,6.782307e-03,5.350012e-01,1.358186e-02,1.998026e-02,7.451883e-02,3.969966e-03
1.663922e-02,3.872352e-02,8.561298e-03,2.726400e-02,1.504409e-02,2.502610e-02,2.298012e-03,3.565112e-02,2.145875e-01,6.779372e-03,5.162477e-01,1.392528e-02,2.020355e-02,5.334996e-02,5.699298e-03
1.692344e-02,4.749593e-02,1.475864e-02,2.268573e-02,2.902751e-02,2.448842e-02,2.829174e-03,7.313326e-02,2.521742e-01,1.212599e-02,4.273386e-01,1.294786e-02,1.966864e-02,3.910478e-02,5.297821e-03
1.945226e-02,3.663155e-02,2.261255e-02,1.740514e-02,4.900906e-02,1.929740e-02,9.524037e-02,1.498858e-01,1.925182e-01,2.451137e-02,3.148034e-01,9.992851e-03,1.534994e-02,2.908267e-02,4.207444e-03
2.313549e-02,2.676412e-02,4.014260e-02,1.301741e-02,3.919600e-02,1.713914e-02,1.081668e-01,3.141917e-01,1.362017e-01,1.827271e-02,2.214568e-01,7.210777e-03,1.116536e-02,2.084793e-02,3.091473e-03
2.178611e-02,1.921535e-02,7.076882e-02,1.057232e-02,2.982998e-02,1.474687e-02,1.843006e-01,3.516260e-01,9.656298e-02,1.400334e-02,1.555159e-01,5.291551e-03,8.492608e-03,1.502621e-02,2.261309e-03
1.947418e-02,1.393827e-02,7.614425e-02,8.689512e-03,2.398814e-02,1.252979e-02,3.561355e-01,2.753938e-01,6.847857e-02,1.134328e-02,1.095595e-01,4.515794e-03,7.227144e-03,1.090553e-02,1.676717e-03
2.057285e-02,1.003933e-02,8.461139e-02,7.938248e-03,2.017779e-02,1.126446e-02,4.023982e-01,2.842957e-01,5.031222e-02,1.006148e-02,7.754694e-02,3.917855e-03,7.522102e-03,7.920288e-03,1.421235e-03
1.911277e-02,7.133733e-03,6.582236e-02,5.960246e-03,1.560463e-02,9.266510e-03,5.189856e-01,2.428250e-01,3.706868e-02,7.440639e-03,5.441801e-02,3.129577e-03,6.461659e-03,5.606791e-03,1.163754e-03
2.044884e-02,5.163307e-03,5.981425e-02,4.850039e-03,1.178230e-02,7.989440e-03,5.657650e-01,2.390248e-01,2.752932e-02,5.579989e-03,3.835955e-02,2.573184e-03,5.646648e-03,4.230352e-03,1.242972e-03
1.960384e-02,3.711830e-03,4.551736e-02,3.687816e-03,8.682759e-03,6.954869e-03,6.528861e-01,1.959743e-01,2.031739e-02,4.079646e-03,2.693566e-02,2.186426e-03,5.315415e-03,3.045499e-03,1.101065e-03
2.395999e-02,2.952682e-03,3.576824e-02,2.911580e-03,7.199846e-03,8.124487e-03,7.007547e-01,1.643524e-01,1.564451e-02,4.035342e-03,1.945663e-02,2.956869e-03,6.751590e-03,2.735017e-03,2.396088e-03
4.965925e-02,3.113511e-03,3.260786e-02,2.567824e-03,6.359295e-03,9.844279e-03,7.140313e-01,1.341324e-01,1.189812e-02,3.820398e-03,1.409152e-02,3.724755e-03,8.511849e-03,2.401990e-03,3.235557e-03
4.763687e-02,2.694545e-03,2.633135e-02,2.086315e-03,5.210615e-03,9.135407e-03,7.669215e-01,9.917562e-02,9.121235e-03,3.630617e-03,1.049342e-02,4.572233e-03,7.607007e-03,2.021546e-03,3.361674e-03
4.878077e-02,2.433807e-03,4.149404e-02,2.540194e-03,4.601887e-03,1.362727e-02,7.655687e-01,7.725552e-02,7.722623e-03,3.797411e-03,8.226699e-03,8.694127e-03,1.009923e-02,1.554077e-03,3.603519e-03
5.241837e-02,2.423150e-03,3.895891e-02,4.203707e-03,4.469404e-03,2.216426e-02,7.416676e-01,6.266209e-02,6.004297e-03,3.118834e-03,7.332940e-03,2.234358e-02,2.656756e-02,1.255079e-03,4.410157e-03
6.254461e-02,2.028897e-03,5.080465e-02,5.131215e-03,4.482233e-03,2.450019e-02,7.152008e-01,5.989004e-02,5.009551e-03,2.557050e-03,6.269213e-03,3.013926e-02,2.626340e-02,1.026443e-03,4.152413e-03
1.001246e-01,2.072978e-03,1.178510e-01,1.869332e-02,8.214242e-03,2.226343e-02,5.777654e-01,7.016177e-02,4.788848e-03,3.076270e-03,7.210906e-03,3.528812e-02,2.602062e-02,1.471792e-03,4.996644e-03
1.137566e-01,2.540941e-03,1.083027e-01,1.846214e-02,1.082768e-02,2.380663e-02,5.470290e-01,6.845002e-02,9.678856e-03,3.904213e-03,1.197314e-02,4.287874e-02,3.015895e-02,1.630265e-03,6.600060e-03
1.083446e-01,4.230397e-03,1.109344e-01,4.417728e-02,1.710468e-02,2.655932e-02,4.456919e-01,6.494275e-02,2.711570e-02,4.418729e-03,1.791795e-02,7.468068e-02,4.118714e-02,1.876452e-03,1.081804e-02
1.464734e-01,5.031102e-03,1.719310e-01,4.859030e-02,1.684378e-02,2.724105e-02,3.386106e-01,5.700096e-02,2.500285e-02,4.412959e-03,1.688718e-02,8.728389e-02,3.977140e-02,2.338523e-03,1.258100e-02
1.774326e-01,7.315520e-03,2.066996e-01,6.304185e-02,1.622989e-02,2.732376e-02,2.535268e-01,4.794841e-02,2.652378e-02,5.190861e-03,1.597028e-02,1.031962e-01,3.290473e-02,2.316883e-03,1.437883e-02
2.896063e-01,1.768730e-02,1.645190e-01,6.117285e-02,1.620083e-02,2.630183e-02,1.937207e-01,3.862787e-02,2.711837e-02,4.932332e-03,1.450523e-02,9.729793e-02,2.866968e-02,2.659857e-03,1.697991e-02
3.336908e-01,4.650275e-02,1.254138e-01,6.092326e-02,2.539431e-02,2.440103e-02,1.632091e-01,2.961832e-02,3.182404e-02,4.654923e-03,1.342047e-02,9.089600e-02,2.990246e-02,2.596648e-03,1.755206e-02
3.482230e-01,5.251044e-02,9.652632e-02,8.729541e-02,2.291721e-02,3.063123e-02,1.216849e-01,2.402201e-02,3.067835e-02,5.091541e-03,1.371380e-02,1.095656e-01,3.249089e-02,3.470990e-03,2.117831e-02
3.919607e-01,4.690921e-02,7.552163e-02,8.548529e-02,2.301437e-02,3.340241e-02,9.821656e-02,1.957741e-02,3.967664e-02,5.200381e-03,1.356878e-02,1.078727e-01,3.379013e-02,4.102138e-03,2.170167e-02
4.276150e-01,3.879150e-02,6.148117e-02,6.445657e-02,2.149425e-02,3.188436e-02,1.389995e-01,2.306008e-02,4.499084e-02,5.399345e-03,1.087175e-02,8.266727e-02,2.756986e-02,3.223638e-03,1.749483e-02
3.530412e-01,2.865828e-02,4.391746e-02,4.578424e-02,1.640371e-02,2.441719e-02,3.219532e-01,1.844028e-02,3.900827e-02,4.436391e-03,7.916111e-03,5.981592e-02,2.058444e-02,2.438348e-03,1.318487e-02
2.978079e-01,2.168149e-02,3.213746e-02,3.270810e-02,1.254343e-02,2.013555e-02,4.504865e-01,1.693491e-02,3.420228e-02,3.796883e-03,5.852122e-03,4.407478e-02,1.574798e-02,1.838036e-03,1.005252e-02
2.611392e-01,1.780446e-02,2.560433e-02,2.382672e-02,1.025292e-02,2.254458e-02,5.230543e-01,1.322017e-02,2.722220e-02,3.499558e-03,5.266415e-03,3.968340e-02,1.583415e-02,1.464571e-03,9.583030e-03
2.037156e-01,1.675712e-02,2.186793e-02,1.735734e-02,8.872749e-03,3.601832e-02,5.841597e-01,1.034936e-02,2.101462e-02,3.543002e-03,6.126774e-03,3.734570e-02,2.132045e-02,1.175216e-03,1.037604e-02
