1.000000e+00,0.000000e+00,0.000000e+00,0.000000e+00,0.000000e+00,0.000000e+00,0.000000e+00,0.000000e+00,0.000000e+00,0.000000e+00,0.000000e+00,0.000000e+00,0.000000e+00,0.000000e+00,0.000000e+00
1.000000e+00,0.000000e+00,0.000000e+00,0.000000e+00,0.000000e+00,0.000000e+00,0.000000e+00,0.000000e+00,0.000000e+00,0.000000e+00,0.000000e+00,0.000000e+00,0.000000e+00,0.000000e+00,0.000000e+00
1.000000e+00,0.000000e+00,0.000000e+00,0.000000e+00,0.000000e+00,0.000000e+00,0.000000e+00,0.000000e+00,0.000000e+00,0.000000e+00,0.000000e+00,0.000000e+00,0.000000e+00,0.000000e+00,0.000000e+00
1.000000e+00,0.000000e+00,0.000000e+00,0.000000e+00,0.000000e+00,0.000000e+00,0.000000e+00,0.000000e+00,0.000000e+00,0.000000e+00,0.000000e+00,0.000000e+00,0.000000e+00,0.000000e+00,0.000000e+00
1.000000e+00,0.000000e+00,0.000000e+00,0.000000e+00,0.000000e+00,0.000000e+00,0.000000e+00,0.000000e+00,0.000000e+00,0.000000e+00,0.000000e+00,0.000000e+00,0.000000e+00,0.000000e+00,0.000000e+00
1.000000e+00,0.000000e+00,0.000000e+00,0.000000e+00,0.000000e+00,0.000000e+00,0.000000e+00,0.000000e+00,0.000000e+00,0.000000e+00,0.000000e+00,0.000000e+00,0.000000e+00,0.000000e+00,0.000000e+00
1.000000e+00,0.000000e+00,0.000000e+00,0.000000e+00,0.000000e+00,0.000000e+00,0.000000e+00,0.000000e+00,0.000000e+00,0.000000e+00,0.000000e+00,0.000000e+00,0.000000e+00,0.000000e+00,0.000000e+00
1.000000e+00,0.000000e+00,0.000000e+00,0.000000e+00,0.000000e+00,0.000000e+00,0.000000e+00,0.000000e+00,0.000000e+00,0.000000e+00,0.000000e+00,0.000000e+00,0.000000e+00,0.000000e+00,0.000000e+00
1.000000e+00,0.000000e+00,0.000000e+00,0.000000e+00,0.000000e+00,0.000000e+00,0.000000e+00,0.000000e+00,0.000000e+00,0.000000e+00,0.000000e+00,0.000000e+00,0.000000e+00,0.000000e+00,0.000000e+00
1.000000e+00,0.000000e+00,0.000000e+00,0.000000e+00,0.000000e+00,0.000000e+00,0.000000e+00,0.000000e+00,0.000000e+00,0.000000e+00,0.000000e+00,0.000000e+00,0.000000e+00,0.000000e+00,0.000000e+00
1.000000e+00,0.000000e+00,0.000000e+00,0.000000e+00,0.000000e+00,0.000000e+00,0.000000e+00,0.000000e+00,0.000000e+00,0.000000e+00,0.000000e+00,0.000000e+00,0.000000e+00,0.000000e+00,0.000000e+00
1.000000e+00,0.000000e+00,0.000000e+00,0.000000e+00,0.000000e+00,0.000000e+00,0.000000e+00,0.000000e+00,0.000000e+00,0.000000e+00,0.000000e+00,0.000000e+00,0.000000e+00,0.000000e+00,0.000000e+00
1.000000e+00,0.000000e+00,0.000000e+00,0.000000e+00,0.000000e+00,0.000000e+00,0.000000e+00,0.000000e+00,0.000000e+00,0.000000e+00,0.000000e+00,0.000000e+00,0.000000e+00,0.000000e+00,0.000000e+00
1.000000e+00,0.000000e+00,0.000000e+00,0.000000e+00,0.000000e+00,0.000000e+00,0.000000e+00,0.000000e+00,0.000000e+00,0.000000e+00,0.000000e+00,0.000000e+00,0.000000e+00,0.000000e+00,0.000000e+00
1.000000e+00,0.000000e+00,0.000000e+00,0.000000e+00,0.000000e+00,0.000000e+00,0.000000e+00,0.000000e+00,0.000000e+00,0.000000e+00,0.000000e+00,0.000000e+00,0.000000e+00,0.000000e+00,0.000000e+00
1.000000e+00,0.000000e+00,0.000000e+00,0.000000e+00,0.000000e+00,0.000000e+00,0.000000e+00,0.000000e+00,0.000000e+00,0.000000e+00,0.000000e+00,0.000000e+00,0.000000e+00,0.000000e+00,0.000000e+00
1.000000e+00,0.000000e+00,0.000000e+00,0.000000e+00,0.000000e+00,0.000000e+00,0.000000e+00,0.000000e+00,0.000000e+00,0.000000e+00,0.000000e+00,0.000000e+00,0.000000e+00,0.000000e+00,0.000000e+00
1.000000e+00,0.000000e+00,0.000000e+00,0.000000e+00,0.000000e+00,0.000000e+00,0.000000e+00,0.000000e+00,0.000000e+00,0.000000e+00,0.000000e+00,0.000000e+00,0.000000e+00,0.000000e+00,0.000000e+00
1.000000e+00,0.000000e+00,0.000000e+00,0.000000e+00,0.000000e+00,0.000000e+00,0.000000e+00,0.000000e+00,0.000000e+00,0.000000e+00,0.000000e+00,0.000000e+00,0.000000e+00,0.000000e+00,0.000000e+00
1.000000e+00,0.000000e+00,0.000000e+00,0.000000e+00,0.000000e+00,0.000000e+00,0.000000e+00,0.000000e+00,0.000000e+00,0.000000e+00,0.000000e+00,0.000000e+00,0.000000e+00,0.000000e+00,0.000000e+00
1.000000e+00,0.000000e+00,0.000000e+00,0.000000e+00,0.000000e+00,0.000000e+00,0.000000e+00,0.000000e+00,0.000000e+00,0.000000e+00,0.000000e+00,0.000000e+00,0.000000e+00,0.000000e+00,0.000000e+00
1.000000e+00,0.000000e+00,0.000000e+00,0.000000e+00,0.000000e+00,0.000000e+00,0.000000e+00,0.000000e+00,0.000000e+00,0.000000e+00,0.000000e+00,0.000000e+00,0.000000e+00,0.000000e+00,0.000000e+00
1.000000e+00,0.000000e+00,0.000000e+00,0.000000e+00,0.000000e+00,0.000000e+00,0.000000e+00,0.000000e+00,0.000000e+00,0.000000e+00,0.000000e+00,0.000000e+00,0.000000e+00,0.000000e+00,0.000000e+00
1.000000e+00,0.000000e+00,0.000000e+00,0.000000e+00,0.000000e+00,0.000000e+00,0.000000e+00,0.000000e+00,0.000000e+00,0.000000e+00,0.000000e+00,0.000000e+00,0.000000e+00,0.000000e+00,0.000000e+00
1.000000e+00,0.000000e+00,0.000000e+00,0.000000e+00,0.000000e+00,0.000000e+00,0.000000e+00,0.000000e+00,0.000000e+00,0.000000e+00,0.000000e+00,0.000000e+00,0.000000e+00,0.000000e+00,0.000000e+00
1.000000e+00,0.000000e+00,0.000000e+00,0.000000e+00,0.000000e+00,0.000000e+00,0.000000e+00,0.000000e+00,0.000000e+00,0.000000e+00,0.000000e+00,0.000000e+00,0.000000e+00,0.000000e+00,0.000000e+00
1.000000e+00,0.000000e+00,0.000000e+00,0.000000e+00,0.000000e+00,0.000000e+00,0.000000e+00,0.000000e+00,0.000000e+00,0.000000e+00,0.000000e+00,0.000000e+00,0.000000e+00,0.000000e+00,0.000000e+00
1.000000e+00,0.000000e+00,0.000000e+00,0.000000e+00,0.000000e+00,0.000000e+00,0.000000e+00,0.000000e+00,0.000000e+00,0.000000e+00,0.000000e+00,0.000000e+00,0.000000e+00,0.000000e+00,0.000000e+00
1.000000e+00,0.000000e+00,0.000000e+00,0.000000e+00,0.000000e+00,0.000000e+00,0.000000e+00,0.000000e+00,0.000000e+00,0.000000e+00,0.000000e+00,0.000000e+00,0.000000e+00,0.000000e+00,0.000000e+00
1.000000e+00,0.000000e+00,0.000000e+00,0.000000e+00,0.000000e+00,0.000000e+00,0.000000e+00,0.000000e+00,0.000000e+00,0.000000e+00,0.000000e+00,0.000000e+00,0.000000e+00,0.000000e+00,0.000000e+00
1.000000e+00,0.000000e+00,0.000000e+00,0.000000e+00,0.000000e+00,0.000000e+00,0.000000e+00,0.000000e+00,0.000000e+00,0.000000e+00,0.000000e+00,0.000000e+00,0.000000e+00,0.000000e+00,0.000000e+00
1.000000e+00,0.000000e+00,0.000000e+00,0.000000e+00,0.000000e+00,0.000000e+00,0.000000e+00,0.000000e+00,0.000000e+00,0.000000e+00,0.000000e+00,0.000000e+00,0.000000e+00,0.000000e+00,0.000000e+00
1.000000e+00,0.000000e+00,0.000000e+00,0.000000e+00,0.000000e+00,0.000000e+00,0.000000e+00,0.000000e+00,0.000000e+00,0.000000e+00,0.000000e+00,0.000000e+00,0.000000e+00,0.000000e+00,0.000000e+00
1.000000e+00,0.000000e+00,0.000000e+00,0.000000e+00,0.000000e+00,0.000000e+00,0.000000e+00,0.000000e+00,0.000000e+00,0.000000e+00,0.000000e+00,0.000000e+00,0.000000e+00,0.000000e+00,0.000000e+00
1.000000e+00,0.000000e+00,0.000000e+00,0.000000e+00,0.000000e+00,0.000000e+00,0.000000e+00,0.000000e+00,0.000000e+00,0.000000e+00,0.000000e+00,0.000000e+00,0.000000e+00,0.000000e+00,0.000000e+00
1.000000e+00,0.000000e+00,0.000000e+00,0.000000e+00,0.000000e+00,0.000000e+00,0.000000e+00,0.000000e+00,0.000000e+00,0.000000e+00,0.000000e+00,0.000000e+00,0.000000e+00,0.000000e+00,0.000000e+00
1.000000e+00,0.000000e+00,0.000000e+00,0.000000e+00,0.000000e+00,0.000000e+00,0.000000e+00,0.000000e+00,0.000000e+00,0.000000e+00,0.000000e+00,0.000000e+00,0.000000e+00,0.000000e+00,0.000000e+00
1.000000e+00,0.000000e+00,0.000000e+00,0.000000e+00,0.000000e+00,0.000000e+00,0.000000e+00,0.000000e+00,0.000000e+00,0.000000e+00,0.000000e+00,0.000000e+00,0.000000e+00,0.000000e+00,0.000000e+00
1.000000e+00,0.000000e+00,0.000000e+00,0.000000e+00,0.000000e+00,0.000000e+00,0.000000e+00,0.000000e+00,0.000000e+00,0.000000e+00,0.000000e+00,0.000000e+00,0.000000e+00,0.000000e+00,0.000000e+00
1.000000e+00,0.000000e+00,0.000000e+00,0.000000e+00,0.000000e+00,0.000000e+00,0.000000e+00,0.000000e+00,0.000000e+00,0.000000e+00,0.000000e+00,0.000000e+00,0.000000e+00,0.000000e+00,0.000000e+00
1.000000e+00,0.000000e+00,0.000000e+00,0.000000e+00,0.000000e+00,0.000000e+00,0.000000e+00,0.000000e+00,0.000000e+00,0.000000e+00,0.000000e+00,0.000000e+00,0.000000e+00,0.000000e+00,0.000000e+00
1.000000e+00,0.000000e+00,0.000000e+00,0.000000e+00,0.000000e+00,0.000000e+00,0.000000e+00,0.000000e+00,0.000000e+00,0.000000e+00,0.000000e+00,0.000000e+00,0.000000e+00,0.000000e+00,0.000000e+00
1.000000e+00,0.000000e+00,0.000000e+00,0.000000e+00,0.000000e+00,0.000000e+00,0.000000e+00,0.000000e+00,0.000000e+00,0.000000e+00,0.000000e+00,0.000000e+00,0.000000e+00,0.000000e+00,0.000000e+00
1.000000e+00,0.000000e+00,0.000000e+00,0.000000e+00,0.000000e+00,0.000000e+00,0.000000e+00,0.000000e+00,0.000000e+00,0.000000e+00,0.000000e+00,0.000000e+00,0.000000e+00,0.000000e+00,0.000000e+00
4.941724e-01,8.032636e-02,2.067146e-02,1.198338e-01,1.524265e-02,2.614127e-02,8.317580e-03,5.652088e-02,1.953883e-02,4.592163e-03,2.645759e-02,4.588373e-02,2.108271e-02,9.516591e-03,5.170200e-02
4.729195e-01,9.262575e-02,1.959476e-02,1.216945e-01,1.593183e-02,2.749981e-02,8.210969e-03,4.422979e-02,1.827461e-02,5.347752e-03,3.011794e-02,4.531389e-02,2.121174e-02,1.206489e-02,6.496231e-02
3.631381e-01,1.199675e-01,3.691159e-02,1.684219e-01,1.718147e-02,3.170102e-02,9.412640e-03,4.660896e-02,2.214377e-02,5.060080e-03,3.198588e-02,4.140165e-02,1.943999e-02,1.247605e-02,7.414949e-02
2.722028e-01,1.363543e-01,8.308096e-02,2.326365e-01,1.462412e-02,2.614076e-02,8.031843e-03,4.205622e-02,2.409704e-02,4.416985e-03,2.515590e-02,3.258052e-02,1.555721e-02,9.893077e-03,7.317187e-02
3.097780e-01,1.274977e-01,6.682977e-02,2.165279e-01,1.852237e-02,2.660267e-02,8.208876e-03,3.518067e-02,3.114435e-02,4.279608e-03,2.667323e-02,3.174802e-02,1.746609e-02,9.985581e-03,6.955509e-02
2.653894e-01,1.070044e-01,7.184324e-02,2.652340e-01,2.577049e-02,3.357359e-02,9.301773e-03,3.793459e-02,3.058919e-02,3.693525e-03,2.559303e-02,3.604131e-02,1.909395e-02,8.695867e-03,6.024172e-02
2.073658e-01,8.309760e-02,1.194378e-01,3.297672e-01,2.275661e-02,2.990259e-02,8.047133e-03,4.249046e-02,2.478389e-02,3.147698e-03,2.428600e-02,3.323574e-02,1.569888e-02,6.808180e-03,4.917446e-02
1.843596e-01,7.088645e-02,1.630156e-01,3.465597e-01,1.965120e-02,2.642971e-02,7.250187e-03,3.846710e-02,2.038589e-02,3.077191e-03,2.137717e-02,3.210023e-02,1.478310e-02,5.559088e-03,4.609783e-02
2.261956e-01,6.082308e-02,1.741918e-01,3.022443e-01,1.837818e-02,2.529801e-02,7.176349e-03,3.648344e-02,1.768617e-02,3.228995e-03,2.263963e-02,3.719500e-02,1.858956e-02,5.666627e-03,4.420334e-02
3.659131e-01,5.045043e-02,1.311192e-01,2.317149e-01,1.650679e-02,2.462486e-02,6.786228e-03,2.999532e-02,1.523600e-02,2.877594e-03,1.989237e-02,3.536068e-02,2.326831e-02,5.512059e-03,4.074222e-02
3.861382e-01,5.194537e-02,1.186704e-01,2.495051e-01,1.405571e-02,2.182085e-02,5.971476e-03,2.701884e-02,1.296167e-02,2.310130e-03,1.794275e-02,3.120163e-02,2.207921e-02,4.670435e-03,3.370827e-02
4.906083e-01,4.300240e-02,1.002840e-01,1.923815e-01,1.206053e-02,2.090540e-02,5.729870e-03,2.201820e-02,1.050757e-02,2.005335e-03,1.827147e-02,2.960303e-02,2.059609e-02,4.091394e-03,2.793489e-02
1.000000e+00,0.000000e+00,0.000000e+00,0.000000e+00,0.000000e+00,0.000000e+00,0.000000e+00,0.000000e+00,0.000000e+00,0.000000e+00,0.000000e+00,0.000000e+00,0.000000e+00,0.000000e+00,0.000000e+00
1.000000e+00,0.000000e+00,0.000000e+00,0.000000e+00,0.000000e+00,0.000000e+00,0.000000e+00,0.000000e+00,0.000000e+00,0.000000e+00,0.000000e+00,0.000000e+00,0.000000e+00,0.000000e+00,0.000000e+00
1.000000e+00,0.000000e+00,0.000000e+00,0.000000e+00,0.000000e+00,0.000000e+00,0.000000e+00,0.000000e+00,0.000000e+00,0.000000e+00,0.000000e+00,0.000000e+00,0.000000e+00,0.000000e+00,0.000000e+00
1.000000e+00,0.000000e+00,0.000000e+00,0.000000e+00,0.000000e+00,0.000000e+00,0.000000e+00,0.000000e+00,0.000000e+00,0.000000e+00,0.000000e+00,0.000000e+00,0.000000e+00,0.000000e+00,0.000000e+00
1.000000e+00,0.000000e+00,0.000000e+00,0.000000e+00,0.000000e+00,0.000000e+00,0.000000e+00,0.000000e+00,0.000000e+00,0.000000e+00,0.000000e+00,0.000000e+00,0.000000e+00,0.000000e+00,0.000000e+00
1.000000e+00,0.000000e+00,0.000000e+00,0.000000e+00,0.000000e+00,0.000000e+00,0.000000e+00,0.000000e+00,0.000000e+00,0.000000e+00,0.000000e+00,0.000000e+00,0.000000e+00,0.000000e+00,0.000000e+00
4.278542e-01,9.290786e-03,3.052503e-02,3.941241e-02,3.973116e-03,1.213569e-02,4.123828e-03,4.265309e-01,2.685376e-03,9.096342e-04,7.837929e-03,1.458832e-02,9.704417e-03,1.701267e-03,8.727198e-03
3.037708e-01,6.575243e-03,2.223037e-02,2.810206e-02,2.917991e-03,9.054105e-03,3.573206e-03,5.908206e-01,1.907346e-03,6.580541e-04,5.616619e-03,1.033085e-02,6.955180e-03,1.279894e-03,6.207766e-03
2.146619e-01,4.650651e-03,1.601352e-02,1.987821e-02,2.198749e-03,6.485622e-03,2.690712e-03,7.096425e-01,1.356313e-03,4.704142e-04,4.124986e-03,7.332875e-03,5.052453e-03,1.046990e-03,4.394227e-03
1.531010e-01,3.305618e-03,1.139595e-02,1.408726e-02,2.737838e-03,4.637961e-03,2.113289e-03,7.915386e-01,9.843782e-04,3.442142e-04,3.004506e-03,5.176126e-03,3.709733e-03,7.672731e-04,3.096368e-03
1.104568e-01,2.347966e-03,8.068806e-03,1.000121e-02,3.334821e-03,3.485765e-03,1.765986e-03,8.479398e-01,7.687476e-04,2.591131e-04,2.226711e-03,3.692356e-03,2.905290e-03,5.572086e-04,2.189442e-03
7.911849e-02,1.669361e-03,5.754380e-03,7.129175e-03,3.572937e-03,2.616362e-03,1.606296e-03,8.892667e-01,6.069156e-04,2.115835e-04,1.628569e-03,2.630688e-03,2.234592e-03,3.947291e-04,1.559221e-03
5.708016e-02,1.311860e-03,4.210264e-03,5.418921e-03,3.526926e-03,2.189070e-03,1.379479e-03,9.012989e-01,2.034411e-03,6.445821e-04,3.013213e-03,4.699977e-03,1.097851e-02,8.701693e-04,1.343640e-03
4.081753e-02,2.012500e-03,3.675014e-03,1.077305e-02,6.895638e-03,2.100312e-03,1.582665e-03,7.935917e-01,1.736178e-02,4.278237e-03,2.340882e-02,3.829199e-02,4.297677e-02,9.955741e-03,2.278295e-03
3.019393e-02,1.945990e-03,2.816390e-03,8.541138e-03,6.048559e-03,3.731420e-03,1.984118e-03,5.912952e-01,2.495395e-02,3.796870e-03,2.221246e-02,3.206518e-02,2.512154e-01,8.090261e-03,1.110921e-02
2.372234e-02,1.581393e-03,2.147327e-03,6.952481e-03,6.528101e-03,4.620989e-03,2.943881e-03,4.298626e-01,5.086131e-02,3.227851e-03,2.144246e-02,3.038714e-02,3.991756e-01,6.346415e-03,1.020020e-02
2.109133e-02,1.399264e-03,1.999354e-03,5.217853e-03,5.771809e-03,5.855074e-03,3.776248e-03,3.066061e-01,4.571959e-02,2.877436e-03,1.957523e-02,4.180605e-02,5.211036e-01,5.938104e-03,1.126306e-02
2.141960e-02,1.673881e-03,1.591884e-03,3.895966e-03,4.884768e-03,5.759220e-03,3.775934e-03,2.162352e-01,3.436188e-02,2.427467e-03,1.558214e-02,3.639928e-02,6.380405e-01,4.531993e-03,9.420315e-03
1.854995e-02,1.840762e-02,2.422635e-03,3.248728e-03,3.996999e-03,6.798113e-03,2.783279e-03,1.525148e-01,1.118338e-01,2.076747e-03,1.366788e-02,3.171279e-02,6.149030e-01,3.883593e-03,1.320024e-02
1.765155e-02,2.563857e-02,3.390667e-03,4.321902e-03,3.684111e-03,9.401100e-03,2.215182e-03,1.090921e-01,1.090962e-01,2.354461e-03,1.070592e-02,2.889739e-02,6.506036e-01,4.514231e-03,1.843309e-02
1.629453e-02,2.221290e-02,3.682318e-03,4.406993e-03,3.766928e-03,1.005517e-02,1.840026e-03,7.941447e-02,9.410039e-02,2.062640e-03,8.160757e-03,3.778704e-02,6.866640e-01,4.206696e-03,2.534516e-02
1.794963e-02,1.826447e-02,1.359511e-02,8.636251e-03,1.163580e-02,1.011717e-02,1.410342e-03,6.939477e-02,8.171709e-02,1.653520e-03,6.064262e-03,2.919387e-02,6.998149e-01,3.529722e-03,2.702310e-02
1.814100e-02,2.849586e-02,2.227570e-02,1.078073e-02,1.643656e-02,1.194344e-02,1.210079e-03,5.234157e-02,1.187144e-01,1.805495e-03,4.821765e-03,2.376265e-02,6.379596e-01,3.252825e-03,4.805831e-02
1.345723e-02,9.499206e-02,1.926555e-02,9.671744e-03,1.763170e-02,3.723495e-02,1.111581e-03,3.817875e-02,2.327722e-01,2.246412e-03,5.653111e-03,1.757503e-02,4.623038e-01,2.365015e-03,4.554084e-02
9.723799e-03,9.627478e-02,1.434291e-02,9.360684e-03,2.110527e-02,5.552654e-02,1.221300e-03,2.801141e-02,3.727395e-01,1.920458e-03,9.994755e-03,1.314108e-02,3.279100e-01,1.712411e-03,3.701513e-02
7.569324e-03,9.097619e-02,1.191203e-02,1.578685e-02,5.176372e-02,6.394917e-02,4.733230e-03,2.330948e-02,4.450419e-01,2.081899e-03,9.599840e-03,9.568647e-03,2.340906e-01,1.257301e-03,2.835981e-02
8.536516e-03,7.161219e-02,1.029339e-02,2.611838e-02,1.152719e-01,5.851224e-02,8.008251e-03,4.374460e-02,4.555789e-01,1.593947e-03,6.919626e-03,6.783684e-03,1.649365e-01,9.134637e-04,2.117639e-02
1.217834e-02,6.495206e-02,1.014405e-02,4.254088e-02,2.147721e-01,7.613267e-02,8.137559e-03,3.589860e-02,3.901803e-01,1.455431e-03,4.976233e-03,4.828441e-03,1.161531e-01,6.849501e-04,1.696525e-02
1.328498e-02,7.142885e-02,1.045963e-02,1.953485e-01,2.006461e-01,7.892589e-02,6.400253e-03,3.116351e-02,2.873358e-01,1.384266e-03,4.034956e-03,3.462943e-03,8.162984e-02,4.862267e-04,1.400836e-02
1.805820e-02,6.761368e-02,1.557680e-02,3.295051e-01,1.522408e-01,7.922264e-02,5.186447e-03,2.468053e-02,2.182808e-01,2.632592e-03,3.701071e-03,2.935547e-03,5.779323e-02,3.716615e-04,2.220102e-02
2.837870e-02,7.585640e-02,1.912966e-02,3.326343e-01,1.302006e-01,1.011522e-01,4.975970e-03,2.039293e-02,1.885971e-01,5.707229e-03,4.429818e-03,2.890497e-03,4.212878e-02,3.604495e-04,4.316542e-02
3.804594e-02,7.918046e-02,5.055588e-02,3.213384e-01,1.166851e-01,8.105253e-02,5.323153e-03,2.129562e-02,2.025143e-01,7.070275e-03,4.054131e-03,2.491058e-03,3.033911e-02,3.416003e-04,3.971250e-02
5.046779e-02,8.511915e-02,6.766376e-02,3.115755e-01,1.147301e-01,6.708453e-02,6.440091e-03,1.867129e-02,2.018960e-01,8.207287e-03,3.551492e-03,2.520433e-03,2.258952e-02,3.727973e-04,3.911036e-02
5.706743e-02,8.806349e-02,8.385757e-02,3.237330e-01,9.736936e-02,5.156964e-02,5.147625e-03,1.914199e-02,1.904268e-01,1.156622e-02,4.259731e-03,2.959562e-03,1.637419e-02,6.433687e-04,4.782017e-02
7.745282e-02,8.555816e-02,9.662645e-02,2.393703e-01,8.107997e-02,4.175913e-02,4.049231e-03,1.548580e-02,1.807626e-01,1.574891e-02,1.254728e-02,4.273559e-03,1.280133e-02,2.429718e-02,1.081873e-01
9.632992e-02,7.983606e-02,9.368611e-02,1.786837e-01,7.153881e-02,4.109669e-02,3.827224e-03,1.211159e-02,1.749580e-01,2.165296e-02,1.749626e-02,5.729406e-03,1.058009e-02,4.772549e-02,1.447477e-01
7.812655e-02,6.525224e-02,7.549436e-02,1.290165e-01,5.094007e-02,3.112759e-02,2.815541e-03,8.903014e-03,1.856602e-01,3.045045e-02,1.679028e-02,4.711810e-03,8.434765e-03,4.731669e-02,2.649599e-01
5.856029e-02,4.963508e-02,5.540150e-02,9.164216e-02,3.596662e-02,2.309175e-02,2.023762e-03,6.597194e-03,3.335376e-01,2.976729e-02,2.150743e-02,4.432725e-03,8.876471e-03,4.070036e-02,2.382598e-01
4.314586e-02,3.661757e-02,3.945365e-02,7.427282e-02,2.597683e-02,1.659316e-02,1.547589e-03,5.785046e-03,4.454007e-01,2.490532e-02,2.562018e-02,5.115259e-03,1.134910e-02,3.412471e-02,2.100922e-01
3.641052e-02,2.793461e-02,2.822091e-02,6.112305e-02,1.857167e-02,1.227816e-02,1.153370e-03,4.505643e-03,4.926566e-01,2.541227e-02,4.349961e-02,3.277043e-02,1.433946e-02,2.578656e-02,1.753370e-01
3.789535e-02,2.422618e-02,2.103919e-02,4.712478e-02,1.385220e-02,1.011440e-02,1.503555e-03,4.325972e-03,3.927633e-01,4.610478e-02,1.009221e-01,9.902946e-02,3.799749e-02,2.768805e-02,1.354133e-01
2.810305e-02,1.736716e-02,1.499374e-02,3.480810e-02,1.024507e-02,7.793635e-03,1.176731e-03,3.148562e-03,2.984552e-01,3.824569e-02,1.385416e-01,2.413219e-01,3.751901e-02,2.887371e-02,9.940682e-02
2.008224e-02,1.234967e-02,1.060753e-02,2.512456e-02,8.460776e-03,5.663998e-03,8.554311e-04,2.274170e-03,2.161576e-01,5.421422e-02,1.505265e-01,3.569448e-01,3.389054e-02,2.810058e-02,7.474731e-02
1.566037e-02,8.806904e-03,7.532825e-03,1.785290e-02,6.383401e-03,4.865150e-03,6.805427e-04,1.776338e-03,1.558686e-01,9.997489e-02,1.655668e-01,4.018782e-01,2.826444e-02,3.010548e-02,5.478315e-02
1.367259e-02,6.906839e-03,5.527785e-03,1.293088e-02,4.814128e-03,5.155491e-03,6.057356e-04,2.660040e-03,1.203940e-01,1.487672e-01,1.625360e-01,4.224651e-01,2.450595e-02,2.457143e-02,4.448685e-02
1.085611e-02,6.147037e-03,4.164126e-03,1.014509e-02,3.959121e-03,4.318052e-03,5.101904e-04,2.483119e-03,9.714927e-02,2.224331e-01,1.815195e-01,3.746182e-01,2.343901e-02,2.172974e-02,3.652833e-02
9.026483e-03,5.612654e-03,3.508480e-03,7.929249e-03,6.722623e-03,3.681097e-03,5.524944e-04,3.381616e-03,7.761338e-02,3.091891e-01,1.752058e-01,3.282452e-01,1.968651e-02,2.035798e-02,2.928734e-02
7.309739e-03,6.464907e-03,2.850494e-03,6.194778e-03,9.484285e-03,3.048998e-03,6.943112e-04,3.900721e-03,9.257136e-02,3.128812e-01,2.019236e-01,2.937633e-01,1.800238e-02,1.808662e-02,2.282335e-02
6.575704e-03,9.019941e-03,3.388318e-03,4.883332e-03,3.506823e-02,4.412707e-03,2.880565e-03,4.954849e-03,1.636225e-01,2.360835e-01,2.124029e-01,2.676319e-01,1.531020e-02,1.484117e-02,1.892410e-02
6.435303e-03,1.134530e-02,4.177958e-03,3.828522e-03,5.958225e-02,4.347305e-03,2.950275e-03,7.117469e-03,2.815018e-01,1.793310e-01,1.703207e-01,2.290083e-01,1.265865e-02,1.248137e-02,1.491389e-02
6.192136e-03,1.416808e-02,5.045967e-03,2.873564e-03,1.106831e-01,5.551032e-03,3.453996e-03,1.171021e-02,3.456721e-01,1.379434e-01,1.320836e-01,1.922674e-01,1.057081e-02,1.070943e-02,1.107523e-02
7.199293e-03,1.203519e-02,6.152847e-03,2.154264e-03,1.359255e-01,7.190219e-03,4.710510e-03,1.437612e-02,4.091929e-01,1.115907e-01,1.027362e-01,1.600201e-01,9.270198e-03,9.281251e-03,8.164810e-03
8.438021e-03,1.208440e-02,5.498942e-03,1.658761e-03,1.136957e-01,1.092760e-02,5.705390e-03,1.394628e-02,4.602200e-01,1.000419e-01,8.490798e-02,1.602172e-01,9.064771e-03,7.579715e-03,6.013396e-03
1.004308e-02,1.956485e-02,5.483186e-03,1.644785e-03,9.837516e-02,1.107490e-02,1.216460e-02,1.538926e-02,5.242155e-01,8.530124e-02,7.312848e-02,1.249580e-01,8.445288e-03,5.793090e-03,4.418685e-03
1.042500e-02,2.430195e-02,4.707756e-03,1.852169e-03,8.726592e-02,1.215385e-02,1.486064e-02,2.359590e-02,5.846096e-01,7.079879e-02,5.720650e-02,9.393246e-02,6.711135e-03,4.379044e-03,3.199304e-03
1.228140e-02,2.929998e-02,3.644269e-03,1.849362e-03,7.337211e-02,1.068966e-02,1.230233e-02,2.190054e-02,6.494040e-01,6.253671e-02,4.351405e-02,6.773914e-02,5.461669e-03,3.522477e-03,2.482390e-03
1.236642e-02,2.527562e-02,2.737716e-03,2.053905e-03,6.109603e-02,8.379046e-03,9.651417e-03,1.857324e-02,7.193835e-01,5.160864e-02,3.158042e-02,4.808758e-02,4.449459e-03,2.647777e-03,2.109320e-03
1.746576e-02,2.317688e-02,2.247021e-03,4.161326e-03,8.378340e-02,7.500826e-03,8.868872e-03,1.596958e-02,6.788270e-01,9.185697e-02,2.323801e-02,3.462622e-02,4.623288e-03,2.029686e-03,1.625226e-03
3.091833e-02,2.568527e-02,2.576156e-03,7.613929e-03,1.059795e-01,7.229019e-03,1.157780e-02,5.426459e-02,5.814834e-01,1.175880e-01,2.014361e-02,2.738894e-02,4.064846e-03,2.070675e-03,1.416042e-03
5.938017e-02,2.086703e-02,4.296943e-03,8.148372e-03,1.017003e-01,6.675645e-03,2.344779e-02,7.786345e-02,4.580325e-01,1.939519e-01,1.485979e-02,2.323698e-02,4.158651e-03,1.899873e-03,1.480505e-03
5.908135e-02,1.519833e-02,3.520348e-03,6.492367e-03,9.810866e-02,5.722734e-03,2.178184e-01,6.492827e-02,3.352093e-01,1.601150e-01,1.052097e-02,1.678388e-02,3.735999e-03,1.417991e-03,1.346474e-03
4.486573e-02,1.078025e-02,2.602629e-03,4.635171e-03,7.292253e-02,4.328851e-03,4.310728e-01,5.069491e-02,2.381458e-01,1.151630e-01,7.418111e-03,1.186347e-02,3.466401e-03,1.012912e-03,1.027439e-03
3.252710e-02,7.601477e-03,1.867325e-03,3.296353e-03,5.168376e-02,3.089265e-03,5.948712e-01,3.693805e-02,1.676738e-01,8.195425e-02,5.213811e-03,8.356253e-03,3.381360e-03,7.245811e-04,8.215172e-04
3.090745e-02,5.573524e-03,1.387101e-03,2.460330e-03,3.859153e-02,2.574457e-03,6.969762e-01,2.731240e-02,1.209079e-01,5.806541e-02,3.847167e-03,6.446333e-03,3.698379e-03,5.298616e-04,7.220060e-04
6.372222e-02,4.835704e-03,1.797102e-03,2.303903e-03,3.316686e-02,1.002017e-02,7.019462e-01,2.112113e-02,9.108201e-02,4.131572e-02,3.607217e-03,8.742154e-03,1.419224e-02,4.388541e-04,1.708480e-03
5.350094e-02,4.430193e-03,1.645041e-03,1.959826e-03,2.773427e-02,1.150876e-02,7.348160e-01,1.550643e-02,6.547476e-02,3.033042e-02,9.325759e-03,1.174087e-02,2.302957e-02,4.768180e-04,8.520309e-03
6.552055e-02,3.533105e-03,1.335892e-03,1.561798e-03,2.366247e-02,1.484190e-02,7.220015e-01,1.159682e-02,4.662447e-02,2.263265e-02,2.134364e-02,2.269314e-02,2.938315e-02,9.785029e-04,1.229033e-02
8.138537e-02,2.973264e-03,1.348170e-03,1.434719e-03,2.063686e-02,1.302995e-02,7.313731e-01,9.177327e-03,3.365550e-02,1.640191e-02,2.736791e-02,1.909168e-02,2.681133e-02,1.218607e-03,1.409424e-02
1.052402e-01,7.517893e-03,1.797008e-03,1.832350e-03,1.978321e-02,1.430518e-02,6.704553e-01,7.500029e-03,2.775982e-02,1.330101e-02,3.949724e-02,1.671483e-02,3.321552e-02,3.922093e-03,3.715830e-02
1.242925e-01,9.486645e-03,3.933581e-03,2.890292e-03,2.268901e-02,1.634632e-02,5.993099e-01,7.975375e-03,2.663062e-02,1.339468e-02,4.448443e-02,1.684668e-02,4.509140e-02,5.139176e-03,6.148930e-02
1.129539e-01,9.904262e-03,4.436992e-03,2.674731e-03,2.127711e-02,1.559119e-02,5.961210e-01,1.067375e-02,3.034660e-02,1.123364e-02,3.860039e-02,1.460983e-02,7.089420e-02,4.156407e-03,5.652606e-02
1.411084e-01,1.028196e-02,9.616847e-03,6.224918e-03,2.345510e-02,3.350084e-02,5.252936e-01,1.427891e-02,3.345149e-02,1.136727e-02,3.961255e-02,1.607511e-02,7.834301e-02,4.455771e-03,5.293423e-02
1.457005e-01,1.003756e-02,1.403419e-02,8.119962e-03,2.438202e-02,2.896906e-02,4.391569e-01,4.401574e-02,3.396424e-02,9.466007e-03,4.218650e-02,1.458362e-02,1.324762e-01,3.903236e-03,4.900436e-02
1.458166e-01,8.290521e-03,2.689641e-02,2.124410e-02,2.591199e-02,2.791137e-02,3.195565e-01,1.194387e-01,6.227963e-02,9.005430e-03,6.574425e-02,1.816628e-02,1.013287e-01,3.507026e-03,4.490241e-02
1.167713e-01,6.163038e-03,6.666837e-02,2.804003e-02,1.898859e-02,2.513632e-02,2.295957e-01,2.748976e-01,4.893961e-02,7.903247e-03,5.303678e-02,1.388179e-02,7.391691e-02,2.628909e-03,3.343184e-02
9.384905e-02,5.012541e-03,5.248725e-02,2.629381e-02,1.590780e-02,1.868494e-02,1.624156e-01,3.963602e-01,8.168465e-02,7.144182e-03,4.840089e-02,1.040290e-02,5.331372e-02,2.027632e-03,2.601488e-02
9.097537e-02,6.140004e-03,5.425571e-02,4.871887e-02,1.550425e-02,1.716579e-02,1.165514e-01,4.409074e-01,9.677780e-02,7.101107e-03,3.744852e-02,8.309932e-03,3.852442e-02,1.638563e-03,1.998084e-02
1.144009e-01,6.344592e-03,5.903215e-02,6.193893e-02,1.799072e-02,1.427189e-02,8.239409e-02,4.635662e-01,9.054136e-02,5.816080e-03,2.971352e-02,7.519071e-03,2.877459e-02,1.570913e-03,1.612503e-02
1.204759e-01,6.954185e-03,5.551195e-02,1.237491e-01,2.199761e-02,1.175135e-02,5.787168e-02,4.497815e-01,7.743616e-02,6.565264e-03,2.352131e-02,6.752870e-03,2.243060e-02,1.693765e-03,1.350670e-02
1.176577e-01,5.876813e-03,4.148798e-02,1.063932e-01,2.292135e-02,9.519608e-03,4.112212e-02,5.387145e-01,6.008078e-02,4.750635e-03,1.712042e-02,5.450184e-03,1.735098e-02,1.332663e-03,1.022095e-02
1.144473e-01,4.595449e-03,2.983323e-02,7.879379e-02,1.982616e-02,7.610292e-03,2.921993e-02,6.289057e-01,4.567583e-02,3.381547e-03,1.247300e-02,4.171148e-03,1.273560e-02,9.928764e-04,7.338175e-03
1.196360e-01,3.617097e-03,2.136862e-02,5.781550e-02,1.711688e-02,7.923994e-03,2.133250e-02,6.865152e-01,3.357416e-02,2.444194e-03,9.235268e-03,3.606454e-03,9.735452e-03,7.434917e-04,5.335306e-03
1.269509e-01,2.963037e-03,1.555366e-02,4.235862e-02,1.700551e-02,1.364588e-02,1.601342e-02,7.157775e-01,2.417653e-02,1.895214e-03,7.081474e-03,3.833423e-03,8.106592e-03,5.926958e-04,4.045562e-03
1.120785e-01,2.361739e-03,1.159545e-02,3.073483e-02,1.415386e-02,3.216705e-02,1.261718e-02,7.432294e-01,1.723731e-02,1.376768e-03,5.570219e-03,3.643233e-03,9.623265e-03,4.781990e-04,3.133076e-03
1.114580e-01,1.814106e-03,9.158225e-03,2.237218e-02,1.261629e-02,3.237832e-02,1.417381e-02,7.637366e-01,1.246926e-02,9.923076e-04,4.072389e-03,2.846200e-03,9.198387e-03,3.597051e-04,2.354317e-03
8.884197e-02,1.403109e-03,6.829374e-03,1.613163e-02,1.072855e-02,3.197154e-02,1.291575e-02,8.061266e-01,8.892288e-03,7.108929e-04,2.945094e-03,2.104992e-03,8.407893e-03,2.614394e-04,1.728890e-03
7.020283e-02,1.086561e-03,5.243112e-03,1.154372e-02,8.834922e-03,3.500668e-02,1.301880e-02,8.314185e-01,6.350524e-03,5.398863e-04,2.308670e-03,1.668065e-03,1.124583e-02,2.066693e-04,1.325260e-03
9.682038e-02,9.462854e-04,4.396167e-03,8.610548e-03,7.881762e-03,3.298060e-02,1.062834e-02,8.181844e-01,4.697528e-03,4.387824e-04,2.094904e-03,1.884132e-03,9.032770e-03,2.295919e-04,1.173757e-03
8.768812e-02,6.982108e-04,3.246531e-03,6.223377e-03,6.096957e-03,2.945391e-02,8.131981e-03,8.428273e-01,3.409974e-03,3.219695e-04,1.802068e-03,1.883163e-03,7.129003e-03,1.958984e-04,8.914422e-04
8.142253e-02,8.192362e-04,2.653503e-03,4.958550e-03,5.148143e-03,1.289042e-01,6.601325e-03,6.556541e-01,3.519306e-03,6.782849e-04,1.707689e-02,2.521659e-02,6.426494e-02,9.912604e-04,2.091063e-03
7.131556e-02,1.706566e-03,2.024662e-03,3.895843e-03,3.876716e-03,2.625355e-01,5.023280e-03,4.887846e-01,4.187506e-03,6.739441e-04,2.140217e-02,2.747872e-02,1.011036e-01,1.110643e-03,4.880664e-03
6.659137e-02,2.569690e-02,6.254415e-03,2.758131e-02,3.252928e-03,1.955678e-01,3.690043e-03,3.510276e-01,9.768867e-02,8.719062e-04,2.511395e-02,6.084054e-02,1.238164e-01,3.042564e-03,8.963568e-03
1.021631e-01,2.120135e-02,5.022117e-03,2.381790e-02,3.311967e-03,1.579553e-01,3.218180e-03,2.707227e-01,9.186290e-02,8.259793e-04,3.995237e-02,9.458676e-02,1.738568e-01,3.166049e-03,8.336641e-03
1.174198e-01,4.329721e-02,4.572049e-03,2.657115e-02,4.104171e-03,1.161068e-01,2.356607e-03,1.923450e-01,1.771186e-01,1.318050e-03,3.722686e-02,9.145969e-02,1.710672e-01,6.014550e-03,9.022271e-03
1.192475e-01,3.436150e-02,3.477033e-03,2.033960e-02,3.734936e-03,9.294380e-02,1.854253e-03,1.358018e-01,1.623072e-01,1.227381e-03,5.002512e-02,1.581095e-01,2.027972e-01,6.294169e-03,7.479005e-03
1.047710e-01,2.537250e-02,2.618328e-03,1.693795e-02,4.010996e-03,7.047584e-02,1.446861e-03,9.640809e-02,1.685368e-01,1.321905e-03,7.006294e-02,1.924498e-01,2.348410e-01,4.923997e-03,5.822068e-03
1.458797e-01,2.062106e-02,4.338124e-03,2.803783e-02,4.774616e-03,5.329911e-02,1.261271e-03,6.999882e-02,1.490305e-01,2.117616e-03,7.606398e-02,2.114180e-01,2.230677e-01,4.615205e-03,5.476516e-03
1.631912e-01,1.755738e-02,4.219368e-03,3.297579e-02,4.652252e-03,4.099721e-02,1.428256e-03,5.094308e-02,1.348043e-01,3.362417e-03,7.938988e-02,2.553479e-01,2.008617e-01,5.766073e-03,4.503181e-03
1.380676e-01,1.429341e-02,4.983699e-03,2.784776e-02,1.331563e-02,3.192788e-02,1.590471e-03,3.631746e-02,1.167086e-01,5.014051e-03,9.190392e-02,3.079750e-01,1.973834e-01,6.915792e-03,5.755429e-03
1.064706e-01,1.168468e-02,3.993394e-03,2.076872e-02,1.020767e-02,2.522902e-02,1.270540e-03,2.578180e-02,9.161611e-02,6.494711e-03,1.611367e-01,3.713736e-01,1.483339e-01,1.104282e-02,4.595858e-03
8.412195e-02,9.018093e-03,3.708741e-03,1.531635e-02,8.981924e-03,2.617701e-02,1.080883e-03,1.885305e-02,7.024755e-02,5.846843e-03,2.408256e-01,3.960055e-01,1.066345e-01,9.507860e-03,3.674153e-03
8.189545e-02,6.791728e-03,3.273505e-03,1.142304e-02,6.481256e-03,3.087744e-02,8.542255e-04,1.353583e-02,5.052113e-02,4.680275e-03,2.142550e-01,4.897876e-01,7.525623e-02,7.407270e-03,2.960021e-03
7.415045e-02,5.506520e-03,2.849864e-03,8.848284e-03,5.558445e-03,2.375576e-02,7.090045e-04,1.027755e-02,3.889704e-02,4.651459e-03,2.230760e-01,5.372840e-01,5.436087e-02,7.631868e-03,2.442900e-03
7.405844e-02,4.701991e-03,3.236843e-03,6.869388e-03,7.077856e-03,2.026528e-02,7.125728e-04,8.839069e-03,2.885390e-02,4.673569e-03,2.475955e-01,5.435907e-01,3.939639e-02,8.024693e-03,2.103771e-03
6.128369e-02,4.249714e-03,2.731659e-03,5.167249e-03,8.373429e-03,1.597578e-02,7.332932e-04,7.618379e-03,2.388954e-02,3.695768e-03,2.689196e-01,5.598940e-01,2.842289e-02,7.399772e-03,1.645318e-03
6.317800e-02,7.441739e-03,4.160407e-03,4.436955e-03,2.628040e-02,1.263365e-02,1.260684e-03,1.098334e-02,2.472351e-02,3.094006e-03,2.994483e-01,5.095462e-01,2.143004e-02,9.824948e-03,1.557796e-03
6.812520e-02,9.580690e-03,5.228494e-03,3.738180e-03,2.235808e-02,1.194748e-02,1.620216e-03,1.466425e-02,2.177430e-02,3.343861e-03,3.667764e-01,4.397607e-01,1.613429e-02,1.331710e-02,1.630764e-03
5.606999e-02,7.834276e-03,4.968019e-03,2.983015e-03,1.683440e-02,9.197220e-03,1.560018e-03,1.272289e-02,1.722200e-02,3.040461e-03,4.478066e-01,3.930195e-01,1.175214e-02,1.365886e-02,1.330647e-03
5.857802e-02,6.949608e-03,5.641032e-03,2.960012e-03,1.278475e-02,8.592285e-03,1.370976e-03,1.043613e-02,1.352619e-02,3.390229e-03,4.253654e-01,4.277221e-01,9.615075e-03,1.161396e-02,1.454250e-03
6.611601e-02,6.167353e-03,5.568368e-03,2.695082e-03,1.021501e-02,9.029183e-03,1.414892e-03,7.982444e-03,1.003781e-02,3.346855e-03,4.327948e-01,4.236372e-01,8.310176e-03,1.109744e-02,1.587353e-03
8.570744e-02,9.514078e-03,1.120581e-02,4.093525e-03,1.822284e-02,9.941686e-03,2.148584e-03,6.962042e-03,8.208743e-03,4.073516e-03,3.997314e-01,4.196559e-01,7.573433e-03,1.057035e-02,2.390701e-03
8.505094e-02,9.251766e-03,1.165265e-02,3.756250e-03,1.632174e-02,9.772028e-03,2.146835e-03,6.730133e-03,6.741927e-03,3.957466e-03,3.888180e-01,4.371310e-01,6.619562e-03,9.945853e-03,2.103854e-03
6.207398e-02,8.020846e-03,9.539349e-03,2.790278e-03,1.344320e-02,7.643783e-03,1.722275e-03,5.157613e-03,5.136801e-03,4.109004e-03,3.951204e-01,4.696087e-01,5.524292e-03,8.452161e-03,1.657393e-03
4.722505e-02,8.990600e-03,8.173210e-03,2.544364e-03,1.324153e-02,7.181587e-03,1.597449e-03,4.645949e-03,4.491998e-03,3.678086e-03,4.028815e-01,4.813989e-01,4.770798e-03,7.695364e-03,1.483611e-03
3.464283e-02,1.247364e-02,2.144211e-02,2.456794e-03,1.519800e-02,8.211004e-03,1.868201e-03,6.499746e-03,3.976414e-03,4.768942e-03,3.752630e-01,5.015900e-01,3.538458e-03,6.577270e-03,1.493680e-03
2.556063e-02,1.307766e-02,2.855941e-02,2.189008e-03,1.362985e-02,8.350195e-03,1.581567e-03,6.871464e-03,4.365151e-03,4.950355e-03,3.697654e-01,5.110831e-01,2.616834e-03,5.668083e-03,1.731372e-03
1.998472e-02,1.564937e-02,3.183587e-02,1.924804e-03,2.157605e-02,1.144829e-02,1.577456e-03,7.032928e-03,4.658572e-03,5.810300e-03,3.919926e-01,4.765831e-01,1.985716e-03,5.990119e-03,1.950176e-03
1.591217e-02,1.238934e-02,6.247715e-02,2.942634e-03,1.967232e-02,1.017936e-02,1.832743e-03,1.597774e-02,4.488963e-03,6.669468e-03,4.059325e-01,4.319971e-01,1.460577e-03,6.372720e-03,1.695224e-03
2.042414e-02,1.291609e-02,6.051652e-02,4.173502e-03,2.163402e-02,1.509374e-02,2.120323e-03,1.769312e-02,7.148325e-03,1.058507e-02,4.616449e-01,3.550165e-01,1.361108e-03,6.757305e-03,2.915340e-03
2.268479e-02,1.432638e-02,6.082594e-02,5.323615e-03,2.344371e-02,1.696829e-02,2.459012e-03,2.384070e-02,2.261480e-02,2.493295e-02,4.864627e-01,2.828510e-01,1.343410e-03,7.419824e-03,4.502923e-03
2.748708e-02,1.434916e-02,5.979879e-02,5.852531e-03,3.026614e-02,2.067896e-02,5.048804e-03,2.898809e-02,3.750702e-02,3.422831e-02,5.056393e-01,2.155945e-01,2.286132e-03,6.423830e-03,5.851380e-03
3.650046e-02,2.180604e-02,5.742487e-02,6.377639e-03,6.565987e-02,2.243881e-02,6.324532e-03,4.008257e-02,4.610126e-02,6.826970e-02,4.455868e-01,1.647138e-01,2.642676e-03,7.048692e-03,9.022280e-03
4.766968e-02,3.357270e-02,7.104546e-02,8.632217e-03,7.595229e-02,2.616036e-02,6.163386e-03,7.777946e-02,5.145028e-02,7.960722e-02,3.669860e-01,1.312503e-01,3.049772e-03,8.706185e-03,1.197476e-02
7.220750e-02,3.525433e-02,6.149351e-02,1.070172e-02,8.864711e-02,3.391127e-02,5.095533e-03,7.979096e-02,6.120973e-02,1.178807e-01,3.035290e-01,9.733930e-02,3.005920e-03,1.379218e-02,1.614131e-02
9.410118e-02,3.109282e-02,6.048486e-02,1.264383e-02,1.016892e-01,3.453621e-02,4.276673e-03,8.105006e-02,6.163573e-02,1.715053e-01,2.481447e-01,6.969319e-02,2.749518e-03,1.155482e-02,1.484184e-02
8.316614e-02,2.833084e-02,6.876915e-02,1.769757e-02,1.697350e-01,2.831428e-02,5.590157e-03,1.117733e-01,5.182970e-02,1.779262e-01,1.833783e-01,5.069595e-02,2.313669e-03,8.681303e-03,1.179837e-02
9.439005e-02,2.452236e-02,1.110108e-01,2.072788e-02,2.150657e-01,2.624364e-02,1.022755e-02,1.062110e-01,4.781551e-02,1.527488e-01,1.347039e-01,3.751113e-02,2.233448e-03,6.377517e-03,1.021070e-02
9.271932e-02,2.375515e-02,2.136511e-01,1.975459e-02,1.770255e-01,2.517145e-02,9.644723e-03,1.147126e-01,4.386706e-02,1.296985e-01,1.039783e-01,2.946355e-02,2.622989e-03,5.449825e-03,8.485382e-03
9.153940e-02,2.091598e-02,2.642321e-01,1.632810e-02,1.443833e-01,1.977720e-02,7.931275e-03,1.395453e-01,4.262429e-02,1.215077e-01,9.021371e-02,2.537287e-02,2.653861e-03,5.620177e-03,7.354759e-03
1.151477e-01,1.930278e-02,2.686373e-01,2.145524e-02,1.590708e-01,1.796252e-02,2.292038e-02,1.366267e-01,3.954933e-02,9.554186e-02,6.582595e-02,1.936951e-02,3.977894e-03,5.917056e-03,8.694986e-03
1.211539e-01,1.616884e-02,3.036378e-01,3.160362e-02,1.470263e-01,2.165676e-02,3.727890e-02,1.325652e-01,3.287169e-02,7.284851e-02,4.872086e-02,1.526848e-02,5.090232e-03,5.163747e-03,8.945186e-03
1.259181e-01,1.340517e-02,3.080315e-01,3.389296e-02,1.192240e-01,1.983157e-02,4.089577e-02,1.847189e-01,2.638058e-02,5.973717e-02,3.642934e-02,1.215686e-02,4.910523e-03,5.453490e-03,9.014024e-03
1.229580e-01,1.202377e-02,3.135331e-01,4.089473e-02,9.916764e-02,1.589580e-02,3.573962e-02,2.339510e-01,2.349140e-02,4.776802e-02,2.677585e-02,9.482774e-03,4.303002e-03,5.325146e-03,8.690145e-03
1.031006e-01,9.469387e-03,2.700918e-01,3.907169e-02,7.506126e-02,1.322709e-02,3.734608e-02,3.430149e-01,2.427050e-02,4.094875e-02,1.951781e-02,7.776157e-03,4.105615e-03,4.897106e-03,8.101324e-03
9.102160e-02,8.101537e-03,3.393075e-01,2.977217e-02,5.625394e-02,1.178733e-02,3.988491e-02,3.047479e-01,2.420476e-02,5.201038e-02,1.515164e-02,6.852564e-03,3.939229e-03,5.438394e-03,1.152618e-02
9.424859e-02,8.614156e-03,3.622018e-01,2.350631e-02,4.392881e-02,1.051378e-02,4.493714e-02,2.716533e-01,2.937181e-02,6.675497e-02,1.293639e-02,6.366930e-03,3.668296e-03,6.113398e-03,1.518439e-02
8.785079e-02,8.634881e-03,4.186702e-01,1.922181e-02,3.237002e-02,9.991439e-03,3.595100e-02,2.238406e-01,2.410554e-02,9.080331e-02,1.126726e-02,5.821287e-03,3.022944e-03,5.977858e-03,2.247112e-02
8.252994e-02,7.591718e-03,4.503440e-01,1.754559e-02,2.622195e-02,9.965427e-03,2.851574e-02,1.878179e-01,2.611922e-02,1.097966e-01,1.075380e-02,5.344071e-03,2.666722e-03,6.435804e-03,2.835159e-02
6.452298e-02,1.363105e-02,4.832081e-01,3.239946e-02,3.239222e-02,8.949092e-03,2.041082e-02,1.344540e-01,7.201774e-02,8.510321e-02,1.031516e-02,5.994639e-03,2.127122e-03,6.837124e-03,2.763736e-02
5.022485e-02,1.050469e-02,3.980355e-01,2.873588e-02,2.477097e-02,6.807548e-03,1.477391e-02,9.560634e-02,2.416904e-01,6.442302e-02,1.210156e-02,5.877970e-03,1.720779e-03,1.674377e-02,2.798294e-02
9.371444e-02,1.139008e-02,3.551891e-01,2.525254e-02,2.503017e-02,7.933923e-03,1.193479e-02,7.220028e-02,2.501900e-01,4.892810e-02,2.693160e-02,6.051460e-03,2.153653e-03,3.787688e-02,2.522304e-02
1.124669e-01,8.778311e-03,2.566569e-01,2.090469e-02,1.891524e-02,7.040461e-03,8.859630e-03,5.333632e-02,3.596356e-01,3.946557e-02,3.472663e-02,6.106281e-03,2.380909e-03,5.097096e-02,1.975570e-02
1.270965e-01,6.945059e-03,1.832711e-01,1.548097e-02,1.409734e-02,5.675360e-03,6.492872e-03,3.786162e-02,4.176760e-01,3.281182e-02,3.186332e-02,5.262010e-03,2.995627e-03,9.478326e-02,1.768719e-02
1.087235e-01,7.587987e-03,1.323523e-01,1.162363e-02,1.246843e-02,5.855417e-03,4.705803e-03,2.718376e-02,4.469422e-01,3.077646e-02,4.451627e-02,4.346784e-03,5.371629e-03,1.276287e-01,2.991715e-02
9.037303e-02,6.876135e-03,9.333247e-02,8.697644e-03,9.388810e-03,4.977826e-03,3.361105e-03,1.957518e-02,4.653848e-01,2.831560e-02,4.515757e-02,3.231132e-03,4.672418e-03,1.553825e-01,6.127376e-02
7.304260e-02,7.954862e-03,7.136563e-02,7.369111e-03,7.557109e-03,4.690935e-03,2.456317e-03,1.414058e-02,5.210798e-01,2.913444e-02,3.889156e-02,2.583995e-03,3.839075e-03,1.524624e-01,6.343158e-02
5.760915e-02,7.326828e-03,5.266487e-02,5.438402e-03,6.744283e-03,4.688412e-03,1.781414e-03,1.002965e-02,5.637806e-01,3.131897e-02,2.887096e-02,1.949359e-03,2.993033e-03,1.693355e-01,5.546859e-02
4.916774e-02,7.238430e-03,3.946316e-02,4.398918e-03,7.016427e-03,4.483287e-03,1.369559e-03,8.092032e-03,6.185383e-01,2.821654e-02,2.309642e-02,1.601462e-03,2.384633e-03,1.589733e-01,4.595983e-02
