1.000000e+00,0.000000e+00,0.000000e+00,0.000000e+00,0.000000e+00,0.000000e+00,0.000000e+00,0.000000e+00,0.000000e+00,0.000000e+00,0.000000e+00,0.000000e+00,0.000000e+00,0.000000e+00,0.000000e+00
1.000000e+00,0.000000e+00,0.000000e+00,0.000000e+00,0.000000e+00,0.000000e+00,0.000000e+00,0.000000e+00,0.000000e+00,0.000000e+00,0.000000e+00,0.000000e+00,0.000000e+00,0.000000e+00,0.000000e+00
1.000000e+00,0.000000e+00,0.000000e+00,0.000000e+00,0.000000e+00,0.000000e+00,0.000000e+00,0.000000e+00,0.000000e+00,0.000000e+00,0.000000e+00,0.000000e+00,0.000000e+00,0.000000e+00,0.000000e+00
1.000000e+00,0.000000e+00,0.000000e+00,0.000000e+00,0.000000e+00,0.000000e+00,0.000000e+00,0.000000e+00,0.000000e+00,0.000000e+00,0.000000e+00,0.000000e+00,0.000000e+00,0.000000e+00,0.000000e+00
1.000000e+00,0.000000e+00,0.000000e+00,0.000000e+00,0.000000e+00,0.000000e+00,0.000000e+00,0.000000e+00,0.000000e+00,0.000000e+00,0.000000e+00,0.000000e+00,0.000000e+00,0.000000e+00,0.000000e+00
1.000000e+00,0.000000e+00,0.000000e+00,0.000000e+00,0.000000e+00,0.000000e+00,0.000000e+00,0.000000e+00,0.000000e+00,0.000000e+00,0.000000e+00,0.000000e+00,0.000000e+00,0.000000e+00,0.000000e+00
1.000000e+00,0.000000e+00,0.000000e+00,0.000000e+00,0.000000e+00,0.000000e+00,0.000000e+00,0.000000e+00,0.000000e+00,0.000000e+00,0.000000e+00,0.000000e+00,0.000000e+00,0.000000e+00,0.000000e+00
1.000000e+00,0.000000e+00,0.000000e+00,0.000000e+00,0.000000e+00,0.000000e+00,0.000000e+00,0.000000e+00,0.000000e+00,0.000000e+00,0.000000e+00,0.000000e+00,0.000000e+00,0.000000e+00,0.000000e+00
1.000000e+00,0.000000e+00,0.000000e+00,0.000000e+00,0.000000e+00,0.000000e+00,0.000000e+00,0.000000e+00,0.000000e+00,0.000000e+00,0.000000e+00,0.000000e+00,0.000000e+00,0.000000e+00,0.000000e+00
1.000000e+00,0.000000e+00,0.000000e+00,0.000000e+00,0.000000e+00,0.000000e+00,0.000000e+00,0.000000e+00,0.000000e+00,0.000000e+00,0.000000e+00,0.000000e+00,0.000000e+00,0.000000e+00,0.000000e+00
1.000000e+00,0.000000e+00,0.000000e+00,0.000000e+00,0.000000e+00,0.000000e+00,0.000000e+00,0.000000e+00,0.000000e+00,0.000000e+00,0.000000e+00,0.000000e+00,0.000000e+00,0.000000e+00,0.000000e+00
1.000000e+00,0.000000e+00,0.000000e+00,0.000000e+00,0.000000e+00,0.000000e+00,0.000000e+00,0.000000e+00,0.000000e+00,0.000000e+00,0.000000e+00,0.000000e+00,0.000000e+00,0.000000e+00,0.000000e+00
1.000000e+00,0.000000e+00,0.000000e+00,0.000000e+00,0.000000e+00,0.000000e+00,0.000000e+00,0.000000e+00,0.000000e+00,0.000000e+00,0.000000e+00,0.000000e+00,0.000000e+00,0.000000e+00,0.000000e+00
1.000000e+00,0.000000e+00,0.000000e+00,0.000000e+00,0.000000e+00,0.000000e+00,0.000000e+00,0.000000e+00,0.000000e+00,0.000000e+00,0.000000e+00,0.000000e+00,0.000000e+00,0.000000e+00,0.000000e+00
1.000000e+00,0.000000e+00,0.000000e+00,0.000000e+00,0.000000e+00,0.000000e+00,0.000000e+00,0.000000e+00,0.000000e+00,0.000000e+00,0.000000e+00,0.000000e+00,0.000000e+00,0.000000e+00,0.000000e+00
1.000000e+00,0.000000e+00,0.000000e+00,0.000000e+00,0.000000e+00,0.000000e+00,0.000000e+00,0.000000e+00,0.000000e+00,0.000000e+00,0.000000e+00,0.000000e+00,0.000000e+00,0.000000e+00,0.000000e+00
1.000000e+00,0.000000e+00,0.000000e+00,0.000000e+00,0.000000e+00,0.000000e+00,0.000000e+00,0.000000e+00,0.000000e+00,0.000000e+00,0.000000e+00,0.000000e+00,0.000000e+00,0.000000e+00,0.000000e+00
1.000000e+00,0.000000e+00,0.000000e+00,0.000000e+00,0.000000e+00,0.000000e+00,0.000000e+00,0.000000e+00,0.000000e+00,0.000000e+00,0.000000e+00,0.000000e+00,0.000000e+00,0.000000e+00,0.000000e+00
1.000000e+00,0.000000e+00,0.000000e+00,0.000000e+00,0.000000e+00,0.000000e+00,0.000000e+00,0.000000e+00,0.000000e+00,0.000000e+00,0.000000e+00,0.000000e+00,0.000000e+00,0.000000e+00,0.000000e+00
1.000000e+00,0.000000e+00,0.000000e+00,0.000000e+00,0.000000e+00,0.000000e+00,0.000000e+00,0.000000e+00,0.000000e+00,0.000000e+00,0.000000e+00,0.000000e+00,0.000000e+00,0.000000e+00,0.000000e+00
1.000000e+00,0.000000e+00,0.000000e+00,0.000000e+00,0.000000e+00,0.000000e+00,0.000000e+00,0.000000e+00,0.000000e+00,0.000000e+00,0.000000e+00,0.000000e+00,0.000000e+00,0.000000e+00,0.000000e+00
1.000000e+00,0.000000e+00,0.000000e+00,0.000000e+00,0.000000e+00,0.000000e+00,0.000000e+00,0.000000e+00,0.000000e+00,0.000000e+00,0.000000e+00,0.000000e+00,0.000000e+00,0.000000e+00,0.000000e+00
1.000000e+00,0.000000e+00,0.000000e+00,0.000000e+00,0.000000e+00,0.000000e+00,0.000000e+00,0.000000e+00,0.000000e+00,0.000000e+00,0.000000e+00,0.000000e+00,0.000000e+00,0.000000e+00,0.000000e+00
1.000000e+00,0.000000e+00,0.000000e+00,0.000000e+00,0.000000e+00,0.000000e+00,0.000000e+00,0.000000e+00,0.000000e+00,0.000000e+00,0.000000e+00,0.000000e+00,0.000000e+00,0.000000e+00,0.000000e+00
1.000000e+00,0.000000e+00,0.000000e+00,0.000000e+00,0.000000e+00,0.000000e+00,0.000000e+00,0.000000e+00,0.000000e+00,0.000000e+00,0.000000e+00,0.000000e+00,0.000000e+00,0.000000e+00,0.000000e+00
1.000000e+00,0.000000e+00,0.000000e+00,0.000000e+00,0.000000e+00,0.000000e+00,0.000000e+00,0.000000e+00,0.000000e+00,0.000000e+00,0.000000e+00,0.000000e+00,0.000000e+00,0.000000e+00,0.000000e+00
1.000000e+00,0.000000e+00,0.000000e+00,0.000000e+00,0.000000e+00,0.000000e+00,0.000000e+00,0.000000e+00,0.000000e+00,0.000000e+00,0.000000e+00,0.000000e+00,0.000000e+00,0.000000e+00,0.000000e+00
1.000000e+00,0.000000e+00,0.000000e+00,0.000000e+00,0.000000e+00,0.000000e+00,0.000000e+00,0.000000e+00,0.000000e+00,0.000000e+00,0.000000e+00,0.000000e+00,0.000000e+00,0.000000e+00,0.000000e+00
1.000000e+00,0.000000e+00,0.000000e+00,0.000000e+00,0.000000e+00,0.000000e+00,0.000000e+00,0.000000e+00,0.000000e+00,0.000000e+00,0.000000e+00,0.000000e+00,0.000000e+00,0.000000e+00,0.000000e+00
1.000000e+00,0.000000e+00,0.000000e+00,0.000000e+00,0.000000e+00,0.000000e+00,0.000000e+00,0.000000e+00,0.000000e+00,0.000000e+00,0.000000e+00,0.000000e+00,0.000000e+00,0.000000e+00,0.000000e+00
1.000000e+00,0.000000e+00,0.000000e+00,0.000000e+00,0.000000e+00,0.000000e+00,0.000000e+00,0.000000e+00,0.000000e+00,0.000000e+00,0.000000e+00,0.000000e+00,0.000000e+00,0.000000e+00,0.000000e+00
1.000000e+00,0.000000e+00,0.000000e+00,0.000000e+00,0.000000e+00,0.000000e+00,0.000000e+00,0.000000e+00,0.000000e+00,0.000000e+00,0.000000e+00,0.000000e+00,0.000000e+00,0.000000e+00,0.000000e+00
1.000000e+00,0.000000e+00,0.000000e+00,0.000000e+00,0.000000e+00,0.000000e+00,0.000000e+00,0.000000e+00,0.000000e+00,0.000000e+00,0.000000e+00,0.000000e+00,0.000000e+00,0.000000e+00,0.000000e+00
1.000000e+00,0.000000e+00,0.000000e+00,0.000000e+00,0.000000e+00,0.000000e+00,0.000000e+00,0.000000e+00,0.000000e+00,0.000000e+00,0.000000e+00,0.000000e+00,0.000000e+00,0.000000e+00,0.000000e+00
1.000000e+00,0.000000e+00,0.000000e+00,0.000000e+00,0.000000e+00,0.000000e+00,0.000000e+00,0.000000e+00,0.000000e+00,0.000000e+00,0.000000e+00,0.000000e+00,0.000000e+00,0.000000e+00,0.000000e+00
1.000000e+00,0.000000e+00,0.000000e+00,0.000000e+00,0.000000e+00,0.000000e+00,0.000000e+00,0.000000e+00,0.000000e+00,0.000000e+00,0.000000e+00,0.000000e+00,0.000000e+00,0.000000e+00,0.000000e+00
1.000000e+00,0.000000e+00,0.000000e+00,0.000000e+00,0.000000e+00,0.000000e+00,0.000000e+00,0.000000e+00,0.000000e+00,0.000000e+00,0.000000e+00,0.000000e+00,0.000000e+00,0.000000e+00,0.000000e+00
1.000000e+00,0.000000e+00,0.000000e+00,0.000000e+00,0.000000e+00,0.000000e+00,0.000000e+00,0.000000e+00,0.000000e+00,0.000000e+00,0.000000e+00,0.000000e+00,0.000000e+00,0.000000e+00,0.000000e+00
1.000000e+00,0.000000e+00,0.000000e+00,0.000000e+00,0.000000e+00,0.000000e+00,0.000000e+00,0.000000e+00,0.000000e+00,0.000000e+00,0.000000e+00,0.000000e+00,0.000000e+00,0.000000e+00,0.000000e+00
1.000000e+00,0.000000e+00,0.000000e+00,0.000000e+00,0.000000e+00,0.000000e+00,0.000000e+00,0.000000e+00,0.000000e+00,0.000000e+00,0.000000e+00,0.000000e+00,0.000000e+00,0.000000e+00,0.000000e+00
1.000000e+00,0.000000e+00,0.000000e+00,0.000000e+00,0.000000e+00,0.000000e+00,0.000000e+00,0.000000e+00,0.000000e+00,0.000000e+00,0.000000e+00,0.000000e+00,0.000000e+00,0.000000e+00,0.000000e+00
1.000000e+00,0.000000e+00,0.000000e+00,0.000000e+00,0.000000e+00,0.000000e+00,0.000000e+00,0.000000e+00,0.000000e+00,0.000000e+00,0.000000e+00,0.000000e+00,0.000000e+00,0.000000e+00,0.000000e+00
1.000000e+00,0.000000e+00,0.000000e+00,0.000000e+00,0.000000e+00,0.000000e+00,0.000000e+00,0.000000e+00,0.000000e+00,0.000000e+00,0.000000e+00,0.000000e+00,0.000000e+00,0.000000e+00,0.000000e+00
1.000000e+00,0.000000e+00,0.000000e+00,0.000000e+00,0.000000e+00,0.000000e+00,0.000000e+00,0.000000e+00,0.000000e+00,0.000000e+00,0.000000e+00,0.000000e+00,0.000000e+00,0.000000e+00,0.000000e+00
1.000000e+00,0.000000e+00,0.000000e+00,0.000000e+00,0.000000e+00,0.000000e+00,0.000000e+00,0.000000e+00,0.000000e+00,0.000000e+00,0.000000e+00,0.000000e+00,0.000000e+00,0.000000e+00,0.000000e+00
1.000000e+00,0.000000e+00,0.000000e+00,0.000000e+00,0.000000e+00,0.000000e+00,0.000000e+00,0.000000e+00,0.000000e+00,0.000000e+00,0.000000e+00,0.000000e+00,0.000000e+00,0.000000e+00,0.000000e+00
1.000000e+00,0.000000e+00,0.000000e+00,0.000000e+00,0.000000e+00,0.000000e+00,0.000000e+00,0.000000e+00,0.000000e+00,0.000000e+00,0.000000e+00,0.000000e+00,0.000000e+00,0.000000e+00,0.000000e+00
1.000000e+00,0.000000e+00,0.000000e+00,0.000000e+00,0.000000e+00,0.000000e+00,0.000000e+00,0.000000e+00,0.000000e+00,0.000000e+00,0.000000e+00,0.000000e+00,0.000000e+00,0.000000e+00,0.000000e+00
1.000000e+00,0.000000e+00,0.000000e+00,0.000000e+00,0.000000e+00,0.000000e+00,0.000000e+00,0.000000e+00,0.000000e+00,0.000000e+00,0.000000e+00,0.000000e+00,0.000000e+00,0.000000e+00,0.000000e+00
1.000000e+00,0.000000e+00,0.000000e+00,0.000000e+00,0.000000e+00,0.000000e+00,0.000000e+00,0.000000e+00,0.000000e+00,0.000000e+00,0.000000e+00,0.000000e+00,0.000000e+00,0.000000e+00,0.000000e+00
1.000000e+00,0.000000e+00,0.000000e+00,0.000000e+00,0.000000e+00,0.000000e+00,0.000000e+00,0.000000e+00,0.000000e+00,0.000000e+00,0.000000e+00,0.000000e+00,0.000000e+00,0.000000e+00,0.000000e+00
1.000000e+00,0.000000e+00,0.000000e+00,0.000000e+00,0.000000e+00,0.000000e+00,0.000000e+00,0.000000e+00,0.000000e+00,0.000000e+00,0.000000e+00,0.000000e+00,0.000000e+00,0.000000e+00,0.000000e+00
1.000000e+00,0.000000e+00,0.000000e+00,0.000000e+00,0.000000e+00,0.000000e+00,0.000000e+00,0.000000e+00,0.000000e+00,0.000000e+00,0.000000e+00,0.000000e+00,0.000000e+00,0.000000e+00,0.000000e+00
1.000000e+00,0.000000e+00,0.000000e+00,0.000000e+00,0.000000e+00,0.000000e+00,0.000000e+00,0.000000e+00,0.000000e+00,0.000000e+00,0.000000e+00,0.000000e+00,0.000000e+00,0.000000e+00,0.000000e+00
1.000000e+00,0.000000e+00,0.000000e+00,0.000000e+00,0.000000e+00,0.000000e+00,0.000000e+00,0.000000e+00,0.000000e+00,0.000000e+00,0.000000e+00,0.000000e+00,0.000000e+00,0.000000e+00,0.000000e+00
1.000000e+00,0.000000e+00,0.000000e+00,0.000000e+00,0.000000e+00,0.000000e+00,0.000000e+00,0.000000e+00,0.000000e+00,0.000000e+00,0.000000e+00,0.000000e+00,0.000000e+00,0.000000e+00,0.000000e+00
1.000000e+00,0.000000e+00,0.000000e+00,0.000000e+00,0.000000e+00,0.000000e+00,0.000000e+00,0.000000e+00,0.000000e+00,0.000000e+00,0.000000e+00,0.000000e+00,0.000000e+00,0.000000e+00,0.000000e+00
1.000000e+00,0.000000e+00,0.000000e+00,0.000000e+00,0.000000e+00,0.000000e+00,0.000000e+00,0.000000e+00,0.000000e+00,0.000000e+00,0.000000e+00,0.000000e+00,0.000000e+00,0.000000e+00,0.000000e+00
1.000000e+00,0.000000e+00,0.000000e+00,0.000000e+00,0.000000e+00,0.000000e+00,0.000000e+00,0.000000e+00,0.000000e+00,0.000000e+00,0.000000e+00,0.000000e+00,0.000000e+00,0.000000e+00,0.000000e+00
1.000000e+00,0.000000e+00,0.000000e+00,0.000000e+00,0.000000e+00,0.000000e+00,0.000000e+00,0.000000e+00,0.000000e+00,0.000000e+00,0.000000e+00,0.000000e+00,0.000000e+00,0.000000e+00,0.000000e+00
4.437016e-01,1.645207e-02,1.686816e-02,5.551158e-02,6.632451e-03,2.571733e-01,1.152390e-02,1.321986e-02,1.631330e-02,1.994494e-03,1.392414e-02,3.148538e-02,8.296129e-02,2.825490e-03,2.941306e-02
3.203027e-01,1.509638e-02,1.810304e-02,2.395095e-01,5.364774e-03,1.850470e-01,8.884294e-03,9.420794e-03,4.925586e-02,4.686024e-03,1.085638e-02,2.287245e-02,7.146305e-02,2.054965e-03,3.708280e-02
2.289251e-01,1.860522e-02,1.546165e-02,2.387062e-01,4.477492e-03,1.569096e-01,8.744570e-03,6.782150e-03,7.191963e-02,4.590230e-03,9.884126e-03,2.092192e-02,1.578968e-01,1.909364e-03,5.426595e-02
1.618994e-01,1.550030e-02,1.178397e-02,1.767830e-01,3.784052e-03,1.496768e-01,7.250158e-03,4.818735e-03,6.577209e-02,3.428433e-03,8.182664e-03,1.757650e-02,2.984540e-01,2.229399e-03,7.286047e-02
1.185717e-01,2.515792e-02,1.591883e-02,1.580153e-01,4.390096e-03,1.182345e-01,6.430190e-03,3.442502e-03,7.610007e-02,4.672460e-03,6.574885e-03,1.330413e-02,2.767153e-01,2.393282e-03,1.700788e-01
8.398896e-02,4.348259e-02,1.538853e-02,1.805320e-01,3.516425e-03,8.558343e-02,4.895446e-03,2.442166e-03,1.493462e-01,7.441555e-03,6.429893e-03,1.032867e-02,2.190247e-01,2.153149e-03,1.854463e-01
6.111841e-02,6.685027e-02,2.123067e-02,1.829748e-01,2.949925e-03,6.318697e-02,3.848336e-03,1.770397e-03,1.668108e-01,9.414265e-03,6.821358e-03,8.471270e-03,1.708171e-01,2.984678e-03,2.307507e-01
4.307426e-02,7.290951e-02,1.938899e-02,2.283882e-01,2.153289e-03,4.463955e-02,2.730216e-03,1.256732e-03,2.556761e-01,1.178092e-02,6.409442e-03,6.291847e-03,1.206389e-01,2.735901e-03,1.819263e-01
5.203155e-02,8.015071e-02,1.795024e-02,2.567761e-01,2.017245e-03,3.276876e-02,2.196049e-03,1.384336e-03,2.584677e-01,1.128206e-02,1.891624e-02,8.695468e-03,9.435523e-02,1.014648e-02,1.528619e-01
4.215615e-02,1.094696e-01,2.320030e-02,2.107208e-01,1.485897e-03,2.415869e-02,1.584815e-03,9.965498e-04,2.347306e-01,1.462066e-02,1.584496e-02,7.035473e-03,6.784677e-02,1.089934e-02,2.352494e-01
7.541115e-02,9.610279e-02,2.210009e-02,1.759039e-01,1.416255e-03,1.960416e-02,1.406828e-03,1.279373e-03,2.878027e-01,1.475309e-02,2.649464e-02,2.324237e-02,5.688282e-02,1.838201e-02,1.792179e-01
9.147471e-02,8.157931e-02,2.514302e-02,1.499620e-01,1.674277e-03,1.594626e-02,1.258763e-03,1.786241e-03,3.001258e-01,2.091929e-02,3.389816e-02,4.367337e-02,5.136947e-02,3.274068e-02,1.484487e-01
1.678982e-01,7.746956e-02,2.555256e-02,1.195607e-01,2.008372e-03,1.438865e-02,1.270069e-03,3.091755e-03,2.624301e-01,2.368234e-02,3.422572e-02,5.109245e-02,4.786457e-02,3.819332e-02,1.312717e-01
1.644656e-01,6.303278e-02,2.019188e-02,9.195114e-02,2.316505e-03,1.191602e-02,1.122287e-03,3.832986e-03,3.251554e-01,1.968911e-02,4.178014e-02,6.430967e-02,6.085018e-02,3.167849e-02,9.770775e-02
2.593191e-01,5.336051e-02,1.825714e-02,7.233866e-02,2.661619e-03,1.442506e-02,1.123215e-03,3.812606e-03,2.738649e-01,1.678068e-02,3.821756e-02,6.973723e-02,6.072181e-02,2.917632e-02,8.620360e-02
2.389726e-01,4.802851e-02,1.695563e-02,5.231646e-02,5.347437e-03,1.587337e-02,2.256099e-03,2.134136e-02,3.343298e-01,1.321510e-02,3.368278e-02,5.957251e-02,6.229668e-02,2.445035e-02,7.136124e-02
1.860465e-01,5.225078e-02,2.558186e-02,3.803129e-02,1.135900e-02,3.072017e-02,4.230252e-03,4.644114e-02,3.239675e-01,1.194047e-02,2.778882e-02,6.010499e-02,7.207103e-02,1.990831e-02,8.955790e-02
1.444958e-01,4.997645e-02,2.345402e-02,2.787038e-02,2.173648e-02,3.587667e-02,4.157666e-03,4.744805e-02,2.779797e-01,1.034899e-02,2.657460e-02,5.947431e-02,1.821823e-01,1.484523e-02,7.357938e-02
1.141885e-01,4.477673e-02,2.457825e-02,2.167353e-02,1.243336e-01,3.306808e-02,6.074985e-03,5.105871e-02,2.544793e-01,9.282938e-03,2.075242e-02,4.476121e-02,1.798264e-01,1.076885e-02,6.037649e-02
1.019130e-01,4.942773e-02,3.618313e-02,2.211113e-02,1.190831e-01,4.587850e-02,6.864023e-03,7.999241e-02,2.247275e-01,1.284046e-02,2.344771e-02,4.016195e-02,1.703999e-01,9.381952e-03,5.758750e-02
8.026303e-02,5.317550e-02,2.825488e-02,1.644416e-02,1.043001e-01,4.665388e-02,5.841258e-03,7.389502e-02,2.329363e-01,1.125643e-02,2.146866e-02,3.781644e-02,2.372267e-01,8.283482e-03,4.218435e-02
6.420696e-02,4.603715e-02,2.189468e-02,1.271380e-02,1.140454e-01,4.680529e-02,5.095624e-03,7.078347e-02,2.162599e-01,8.834624e-03,1.832055e-02,3.345793e-02,3.042244e-01,6.383384e-03,3.093688e-02
6.021752e-02,3.961318e-02,1.717493e-02,1.062130e-02,1.081836e-01,4.895643e-02,3.818840e-03,6.548752e-02,1.917790e-01,6.525077e-03,1.441100e-02,2.525080e-02,3.795123e-01,5.236821e-03,2.321173e-02
6.051040e-02,3.063670e-02,1.316725e-02,1.015690e-02,9.904799e-02,4.586150e-02,3.058881e-03,1.989214e-01,1.519894e-01,4.697971e-03,1.168964e-02,1.889717e-02,3.301447e-01,4.152387e-03,1.706777e-02
5.358563e-02,2.190644e-02,9.914748e-03,8.543077e-03,7.523476e-02,3.387699e-02,2.398548e-03,4.099823e-01,1.076120e-01,3.311169e-03,8.648399e-03,1.342220e-02,2.364991e-01,2.983214e-03,1.208157e-02
4.029439e-02,1.538930e-02,7.417825e-03,6.446000e-03,5.591877e-02,2.399052e-02,1.837325e-03,5.782218e-01,7.543653e-02,2.337352e-03,6.189477e-03,9.473209e-03,1.664455e-01,2.135369e-03,8.466749e-03
2.997575e-02,1.083038e-02,5.513347e-03,4.992165e-03,4.186318e-02,1.708792e-02,1.393739e-03,6.981798e-01,5.293572e-02,1.677102e-03,4.416892e-03,6.723184e-03,1.169424e-01,1.532123e-03,5.936363e-03
2.503358e-02,7.648225e-03,3.996631e-03,3.966574e-03,3.324739e-02,1.217679e-02,1.111507e-03,7.789786e-01,3.715364e-02,1.204849e-03,3.220141e-03,4.802906e-03,8.220859e-02,1.087268e-03,4.163348e-03
2.895300e-02,5.545455e-03,2.982202e-03,3.487208e-03,3.034275e-02,9.111393e-03,8.919563e-04,8.235389e-01,2.641170e-02,8.984056e-04,2.601602e-03,3.599883e-03,5.782787e-02,8.722098e-04,2.935414e-03
3.279873e-02,3.981189e-03,2.215766e-03,2.812942e-03,2.483767e-02,6.962522e-03,7.135061e-04,8.583533e-01,1.857537e-02,6.348515e-04,2.042439e-03,2.639798e-03,4.071188e-02,6.438399e-04,2.076204e-03
3.361447e-02,2.882265e-03,1.687035e-03,2.309089e-03,2.028860e-02,5.447459e-03,7.045727e-04,8.853470e-01,1.310318e-02,4.505271e-04,1.518712e-03,2.000478e-03,2.868777e-02,4.685186e-04,1.490372e-03
3.496971e-02,2.073191e-03,1.411764e-03,2.200694e-03,1.654279e-02,4.230682e-03,6.714988e-04,9.040426e-01,9.224974e-03,3.245870e-04,1.131769e-03,1.525015e-03,2.023188e-02,3.420493e-04,1.076784e-03
4.083956e-02,1.489926e-03,1.284467e-03,2.252165e-03,1.280184e-02,3.202882e-03,5.700301e-04,9.134248e-01,6.491520e-03,2.351908e-04,8.620471e-04,1.171701e-03,1.433451e-02,2.521636e-04,7.871034e-04
3.659000e-02,1.064959e-03,9.999203e-04,1.773415e-03,9.552487e-03,2.330162e-03,4.407516e-04,9.302307e-01,4.551161e-03,1.670711e-04,6.321585e-04,8.505888e-04,1.007409e-02,1.802247e-04,5.622610e-04
3.151680e-02,7.720288e-04,7.864251e-04,1.407111e-03,7.032717e-03,1.694664e-03,3.566137e-04,9.444134e-01,3.191494e-03,1.205461e-04,4.618758e-04,6.232861e-04,7.083403e-03,1.295855e-04,4.099984e-04
4.157324e-02,6.224549e-04,1.000431e-03,1.687129e-03,5.605465e-03,1.597810e-03,5.116402e-04,9.380468e-01,2.278781e-03,1.188586e-04,4.462293e-04,7.191519e-04,5.197811e-03,1.432390e-04,4.509392e-04
5.243044e-02,6.559280e-04,1.154063e-03,1.804150e-03,4.586255e-03,1.857796e-03,5.103621e-04,9.261470e-01,1.730979e-03,2.278185e-04,8.405038e-04,2.103887e-03,4.414382e-03,5.650956e-04,9.713758e-04
6.152819e-02,9.039779e-04,1.198663e-03,1.489727e-03,4.171623e-03,1.804317e-03,4.663412e-04,9.107913e-01,1.358346e-03,4.457192e-04,2.372307e-03,4.071773e-03,7.157956e-03,1.018906e-03,1.220846e-03
8.235512e-02,1.213711e-03,1.256505e-03,1.305590e-03,4.705313e-03,2.339012e-03,4.558294e-04,8.837057e-01,1.107332e-03,5.371464e-04,3.262085e-03,4.677893e-03,9.998138e-03,1.266198e-03,1.814404e-03
1.191166e-01,2.433456e-03,2.134454e-03,1.059322e-03,5.278802e-03,6.086142e-03,4.703302e-04,7.890354e-01,1.552432e-03,1.569448e-03,6.208817e-03,4.944198e-03,1.180710e-02,3.301344e-02,1.528994e-02
1.255815e-01,2.350103e-03,3.324542e-03,8.126281e-04,4.479178e-03,5.360749e-03,4.845434e-04,5.913942e-01,2.524334e-03,4.224990e-03,7.227079e-03,4.524421e-03,1.173474e-02,2.122079e-01,2.376902e-02
1.956304e-01,3.059086e-03,4.380108e-03,8.390219e-04,4.279563e-03,6.150863e-03,7.008403e-04,4.360927e-01,3.241455e-03,5.673277e-03,1.077118e-02,1.061943e-02,1.769730e-02,2.566079e-01,4.425679e-02
2.098407e-01,3.346527e-03,4.859316e-03,1.633077e-03,4.645450e-03,5.384801e-03,8.523159e-04,3.100075e-01,1.037173e-02,8.813141e-03,1.343690e-02,2.611082e-02,2.812720e-02,3.204163e-01,5.215424e-02
2.552399e-01,4.155667e-03,4.456209e-03,2.371683e-03,5.656407e-03,4.687532e-03,9.706995e-04,2.199557e-01,1.413663e-02,1.073591e-02,1.392001e-02,3.978977e-02,3.931320e-02,3.287966e-01,5.581407e-02
2.885896e-01,4.246320e-03,1.185831e-02,2.387462e-03,1.106242e-02,9.687732e-03,6.787565e-03,1.632320e-01,2.264395e-02,2.725723e-02,1.331445e-02,4.804199e-02,4.461149e-02,3.039698e-01,4.230969e-02
2.231950e-01,4.148022e-03,9.604357e-03,3.480857e-03,1.578619e-02,9.343196e-03,8.422946e-03,1.164840e-01,3.794345e-02,4.689340e-02,1.539561e-02,1.446363e-01,7.252682e-02,2.598456e-01,3.229428e-02
1.660753e-01,3.956427e-03,7.290039e-03,3.070509e-03,1.304816e-02,8.457961e-03,6.613686e-03,8.189856e-02,3.364379e-02,4.323260e-02,1.535476e-02,2.976930e-01,9.069002e-02,2.055009e-01,2.347437e-02
1.182199e-01,4.941568e-03,7.629949e-03,2.338192e-03,1.152824e-02,6.866548e-03,4.716367e-03,5.746281e-02,3.309124e-02,5.516844e-02,2.057880e-02,4.122072e-01,9.198013e-02,1.561846e-01,1.708604e-02
8.811313e-02,8.182202e-03,8.114357e-03,2.276731e-03,1.602743e-02,6.780069e-03,3.521994e-03,4.114688e-02,5.243033e-02,9.127388e-02,2.378247e-02,4.372082e-01,8.945195e-02,1.185551e-01,1.313524e-02
6.912708e-02,2.757949e-02,1.382462e-02,2.994012e-03,3.261110e-02,9.407099e-03,2.603495e-03,3.171501e-02,9.845316e-02,1.477408e-01,2.130967e-02,3.604359e-01,8.314798e-02,8.752462e-02,1.152598e-02
8.496198e-02,3.232232e-02,1.211481e-02,4.202118e-03,4.114385e-02,1.255937e-02,2.314148e-03,2.681772e-02,1.000852e-01,1.457811e-01,2.978836e-02,3.558753e-01,7.161082e-02,6.885509e-02,1.156791e-02
8.421164e-02,3.522471e-02,1.176117e-02,5.412204e-03,6.271243e-02,1.087724e-02,1.918582e-03,2.099850e-02,1.793576e-01,1.212169e-01,2.973015e-02,3.184189e-01,5.834384e-02,4.980123e-02,1.001501e-02
9.628406e-02,3.019649e-02,1.189193e-02,8.707168e-03,1.137500e-01,1.165785e-02,2.309298e-03,3.110461e-02,2.041545e-01,9.431281e-02,2.484457e-02,2.766420e-01,4.893896e-02,3.689654e-02,8.309193e-03
9.553470e-02,2.431210e-02,9.670080e-03,9.156557e-03,1.609475e-01,1.016016e-02,2.648492e-03,2.655145e-02,2.506541e-01,7.417926e-02,2.157952e-02,2.391196e-01,4.162023e-02,2.738425e-02,6.481991e-03
8.634926e-02,1.966029e-02,1.209205e-02,1.223836e-02,1.835877e-01,9.475435e-03,2.932961e-03,6.635536e-02,2.536848e-01,5.844771e-02,1.935376e-02,2.112892e-01,3.960933e-02,2.007480e-02,4.848938e-03
7.723359e-02,3.312475e-02,9.815681e-03,1.231769e-02,1.402830e-01,1.544858e-02,2.448009e-03,4.854695e-02,3.971155e-01,4.740004e-02,1.507281e-02,1.509109e-01,2.907628e-02,1.473058e-02,6.475552e-03
6.080782e-02,2.979502e-02,1.040959e-02,6.527406e-02,1.219372e-01,1.232469e-02,2.042616e-03,3.526441e-02,4.688883e-01,3.566344e-02,1.120895e-02,1.075796e-01,2.118415e-02,1.045706e-02,7.163115e-03
5.169556e-02,2.976345e-02,1.037687e-02,8.037807e-02,1.024671e-01,1.065875e-02,1.826868e-03,2.566118e-02,5.419216e-01,2.766998e-02,8.800441e-03,7.809670e-02,1.606437e-02,7.531324e-03,7.087783e-03
5.367479e-02,2.538204e-02,8.115644e-03,6.918050e-02,9.841114e-02,9.647305e-03,2.893273e-03,1.977193e-02,6.023783e-01,2.013372e-02,7.329828e-03,5.837655e-02,1.229857e-02,5.454270e-03,6.952131e-03
5.854585e-02,2.255205e-02,7.975791e-03,6.638503e-02,9.058046e-02,8.330462e-03,4.053147e-03,1.676957e-02,6.346025e-01,1.631997e-02,7.664459e-03,4.404343e-02,1.035826e-02,4.413720e-03,7.405191e-03
6.415194e-02,2.046950e-02,9.416468e-03,7.733866e-02,9.114776e-02,7.616748e-03,5.113951e-03,1.588701e-02,6.362848e-01,1.231892e-02,7.373604e-03,3.383566e-02,8.457702e-03,3.573293e-03,7.013995e-03
8.163171e-02,2.338914e-02,9.688036e-03,6.390057e-02,1.310227e-01,7.379712e-03,5.333615e-03,2.057362e-02,5.953492e-01,9.822588e-03,6.544443e-03,2.559188e-02,7.362533e-03,3.556765e-03,8.853458e-03
9.312399e-02,2.322106e-02,1.241059e-02,6.353579e-02,1.641618e-01,8.865554e-03,5.468876e-03,4.294361e-02,5.369778e-01,7.974465e-03,5.276463e-03,1.929895e-02,6.048209e-03,2.898893e-03,7.793997e-03
7.661332e-02,1.713525e-02,9.525768e-03,4.676201e-02,1.711263e-01,6.974773e-03,4.458703e-03,2.053943e-01,4.264436e-01,5.672212e-03,3.835695e-03,1.383621e-02,4.581436e-03,2.072217e-03,5.568226e-03
5.682134e-02,1.216979e-02,7.138216e-03,3.307766e-02,1.293788e-01,5.185543e-03,3.282557e-03,4.225445e-01,3.053128e-01,3.978656e-03,2.774508e-03,9.702556e-03,3.263718e-03,1.456276e-03,3.913186e-03
4.094544e-02,8.614006e-03,5.089834e-03,2.328504e-02,9.244653e-02,3.913219e-03,2.353549e-03,5.915461e-01,2.140798e-01,2.816887e-03,1.987318e-03,6.820954e-03,2.334472e-03,1.022463e-03,2.744471e-03
3.007163e-02,6.065332e-03,3.634827e-03,1.646439e-02,6.731622e-02,5.971357e-03,1.682546e-03,7.055922e-01,1.499238e-01,1.995325e-03,1.558342e-03,5.037362e-03,2.029856e-03,7.210886e-04,1.935767e-03
2.577243e-02,4.356627e-03,2.678086e-03,1.204497e-02,4.944453e-02,1.567966e-02,1.362228e-03,7.721027e-01,1.054576e-01,1.411908e-03,1.477847e-03,4.040708e-03,2.212398e-03,5.179151e-04,1.440364e-03
2.969601e-02,3.214328e-03,2.651230e-03,8.814983e-03,3.775034e-02,2.675506e-02,1.571038e-03,8.042588e-01,7.485902e-02,1.020347e-03,1.841363e-03,3.198900e-03,2.526702e-03,4.259280e-04,1.415953e-03
2.554889e-02,2.434262e-03,2.530667e-03,6.673223e-03,3.070949e-02,3.334929e-02,1.732934e-03,8.332488e-01,5.288931e-02,8.536634e-04,2.268430e-03,2.986534e-03,2.690295e-03,3.514213e-04,1.732839e-03
4.038368e-02,2.544549e-03,2.884947e-03,5.982342e-03,3.980242e-02,7.628541e-02,1.996235e-03,7.795548e-01,3.970190e-02,7.469463e-04,2.400302e-03,2.817351e-03,2.681939e-03,3.945967e-04,1.822638e-03
4.447158e-02,3.038555e-03,4.511682e-03,5.827989e-03,3.794225e-02,1.195818e-01,2.118720e-03,7.417420e-01,3.033688e-02,7.731033e-04,2.182932e-03,2.471755e-03,2.302073e-03,5.162676e-04,2.182455e-03
4.741089e-02,3.031723e-03,5.099824e-03,5.148310e-03,3.917322e-02,1.163028e-01,2.685062e-03,7.486201e-01,2.243503e-02,7.581131e-04,1.875136e-03,2.298557e-03,1.896667e-03,5.609971e-04,2.703606e-03
5.500199e-02,3.205874e-03,5.292008e-03,5.263391e-03,4.008632e-02,1.109322e-01,3.797035e-03,7.475847e-01,1.747809e-02,8.698791e-04,1.783470e-03,2.674783e-03,1.634283e-03,7.037148e-04,3.692256e-03
7.127114e-02,3.874138e-03,4.994755e-03,5.520621e-03,3.366764e-02,2.890970e-01,3.142116e-03,5.333450e-01,1.346900e-02,2.272876e-03,1.794433e-02,6.165890e-03,3.039673e-03,3.709074e-03,8.486738e-03
5.209058e-02,3.457532e-03,3.719126e-03,4.039384e-03,2.533395e-02,4.517345e-01,2.337998e-03,3.736376e-01,9.747644e-03,2.031178e-03,4.941262e-02,6.071274e-03,3.117117e-03,6.209595e-03,7.059984e-03
3.932569e-02,2.996294e-03,2.856906e-03,2.923629e-03,1.808078e-02,5.541915e-01,1.794317e-03,2.617841e-01,7.256569e-03,1.835302e-03,7.423063e-02,7.093299e-03,2.609928e-03,1.554743e-02,7.473783e-03
2.870035e-02,2.502303e-03,2.151111e-03,2.091936e-03,1.273465e-02,5.127852e-01,1.380634e-03,1.833371e-01,8.444726e-03,2.137866e-03,1.126433e-01,7.736230e-03,2.288321e-03,1.052740e-01,1.579237e-02
2.162484e-02,2.370788e-03,1.627453e-03,1.515581e-03,9.069330e-03,4.344619e-01,1.404874e-03,1.286522e-01,1.158929e-02,2.502857e-03,2.196807e-01,8.322287e-03,2.089808e-03,1.410583e-01,1.402989e-02
1.556678e-02,1.763114e-03,1.171159e-03,1.078737e-03,6.394125e-03,3.163845e-01,1.086714e-03,9.013341e-02,9.177442e-03,2.575077e-03,3.779905e-01,1.202121e-02,1.937928e-03,1.525465e-01,1.017285e-02
1.117893e-02,1.415232e-03,8.568197e-04,7.718908e-04,4.511721e-03,2.284546e-01,7.856300e-04,6.313742e-02,7.847253e-03,2.591781e-03,4.637149e-01,2.030450e-02,1.736471e-03,1.853515e-01,7.341331e-03
8.195241e-03,1.117508e-03,6.303373e-04,5.571741e-04,3.195595e-03,1.661652e-01,5.656494e-04,4.426013e-02,8.094014e-03,2.557090e-03,5.308883e-01,2.721796e-02,1.441252e-03,1.997924e-01,5.322035e-03
6.837111e-03,1.017759e-02,1.382875e-03,6.256801e-04,2.663528e-03,1.223336e-01,4.671894e-04,3.158592e-02,4.948492e-02,2.837899e-03,5.180206e-01,3.132768e-02,1.109177e-03,2.172150e-01,3.931145e-03
5.082105e-03,3.903906e-02,1.759588e-03,7.943106e-04,2.952192e-03,9.115453e-02,3.829826e-04,2.246647e-02,1.426404e-01,2.672488e-03,4.178119e-01,2.567078e-02,8.182165e-04,2.437238e-01,3.031248e-03
3.895920e-03,5.655938e-02,1.858914e-03,6.826101e-04,2.632475e-03,7.868753e-02,3.415443e-04,1.720412e-02,2.683927e-01,2.452488e-03,3.022165e-01,1.832261e-02,6.090647e-04,2.437178e-01,2.426331e-03
3.681073e-03,7.090026e-02,1.890138e-03,1.094322e-03,2.667870e-03,6.538701e-02,3.193833e-04,1.939169e-02,4.035900e-01,2.325892e-03,2.172372e-01,1.311451e-02,7.719004e-04,1.954027e-01,2.226055e-03
5.309345e-03,9.205686e-02,1.952553e-03,1.497126e-03,2.804843e-03,5.594852e-02,2.772581e-04,2.391648e-02,4.748469e-01,2.336359e-03,1.589500e-01,9.544415e-03,8.567082e-04,1.673266e-01,2.376071e-03
4.737868e-03,1.257793e-01,2.228936e-03,1.463405e-03,2.275459e-03,4.099800e-02,2.342081e-04,1.770673e-02,5.022985e-01,3.133782e-03,1.182445e-01,6.963867e-03,1.597301e-03,1.681930e-01,4.145114e-03
4.150867e-03,1.156855e-01,3.687726e-03,3.021126e-03,2.624063e-03,2.962478e-02,1.933260e-04,2.083405e-02,5.252302e-01,8.540763e-03,1.139817e-01,5.235343e-03,4.131155e-03,1.566377e-01,6.421614e-03
5.982604e-03,1.301267e-01,2.120787e-02,3.759614e-03,2.237069e-03,2.284104e-02,2.186603e-04,2.730936e-02,4.135880e-01,1.522397e-02,1.557107e-01,5.058177e-03,1.392723e-02,1.734242e-01,9.384723e-03
5.463816e-03,1.082814e-01,2.786396e-02,8.186801e-03,2.807969e-03,2.833306e-02,2.414446e-04,2.193663e-02,4.027840e-01,2.671942e-02,1.799695e-01,4.343084e-03,1.991256e-02,1.478327e-01,1.532370e-02
4.590584e-03,8.585930e-02,3.697804e-02,7.551956e-03,2.296626e-03,2.346375e-02,2.623998e-04,1.700442e-02,3.884344e-01,4.777103e-02,1.838520e-01,4.497643e-03,2.515308e-02,1.489547e-01,2.333000e-02
5.910238e-03,7.233157e-02,9.816429e-02,8.665673e-03,3.860180e-03,1.831990e-02,3.126861e-04,1.442604e-02,3.121653e-01,1.152753e-01,1.437380e-01,4.419878e-03,2.189585e-02,1.555445e-01,2.497057e-02
1.325488e-02,8.399907e-02,8.123084e-02,1.049050e-02,5.859257e-03,5.124240e-02,3.326676e-04,1.555256e-02,3.133627e-01,1.231826e-01,1.107602e-01,4.293745e-03,1.988818e-02,1.391433e-01,2.740708e-02
2.960916e-02,9.934925e-02,8.656216e-02,1.465189e-02,7.481714e-03,8.140552e-02,4.259056e-04,3.081272e-02,2.998368e-01,1.052234e-01,8.290863e-02,3.784969e-03,1.615763e-02,1.101559e-01,3.163426e-02
2.916635e-02,1.275195e-01,7.015585e-02,3.226144e-02,9.100871e-03,9.173522e-02,4.567603e-04,3.300365e-02,3.133495e-01,1.063821e-01,6.031389e-02,3.026995e-03,1.282026e-02,8.009262e-02,3.061487e-02
4.749625e-02,1.082486e-01,5.271486e-02,3.657449e-02,1.639310e-02,1.400611e-01,8.104652e-04,5.754047e-02,3.090269e-01,8.488989e-02,4.596804e-02,3.089474e-03,1.269967e-02,5.769336e-02,2.679334e-02
4.757641e-02,7.938834e-02,5.050522e-02,3.438565e-02,3.037209e-02,1.170573e-01,1.906091e-03,2.229082e-01,2.490630e-01,6.028769e-02,3.314653e-02,2.476398e-03,9.852192e-03,4.144089e-02,1.963393e-02
3.616071e-02,5.785779e-02,3.900230e-02,2.547592e-02,2.538595e-02,9.096781e-02,1.607162e-03,4.202881e-01,1.853547e-01,4.226517e-02,2.341281e-02,1.756683e-03,7.048813e-03,2.930787e-02,1.410821e-02
2.839294e-02,4.317198e-02,3.015090e-02,1.992824e-02,2.060220e-02,6.528989e-02,1.999885e-03,5.696356e-01,1.372256e-01,2.982436e-02,1.656734e-02,1.268275e-03,5.032226e-03,2.068389e-02,1.022661e-02
2.610512e-02,3.453043e-02,2.257993e-02,1.457720e-02,1.614021e-02,4.688479e-02,2.314218e-03,6.682619e-01,1.086299e-01,2.124857e-02,1.181290e-02,9.893934e-04,3.608651e-03,1.471677e-02,7.600021e-03
2.363131e-02,2.595799e-02,1.712394e-02,1.064626e-02,1.247041e-02,3.341237e-02,2.053533e-03,7.494913e-01,8.231208e-02,1.494365e-02,8.505609e-03,8.418261e-04,2.605671e-03,1.038808e-02,5.615908e-03
3.060834e-02,1.983142e-02,1.322245e-02,7.792432e-03,9.513415e-03,2.437382e-02,2.223007e-03,8.001764e-01,6.126319e-02,1.050364e-02,6.154615e-03,8.184154e-04,1.950734e-03,7.368953e-03,4.199173e-03
4.068026e-02,1.460943e-02,1.024616e-02,5.753367e-03,7.711300e-03,1.766929e-02,2.105060e-03,8.323961e-01,4.654649e-02,7.378441e-03,4.448105e-03,7.625293e-04,1.447328e-03,5.198187e-03,3.047906e-03
5.145453e-02,1.217726e-02,8.918216e-03,4.822231e-03,6.465911e-03,1.523690e-02,3.215283e-03,8.440314e-01,3.625080e-02,5.237332e-03,3.383237e-03,1.113253e-03,1.295622e-03,3.952836e-03,2.445263e-03
7.938621e-02,9.675564e-03,7.658564e-03,4.124127e-03,5.562465e-03,2.224144e-02,4.372715e-03,8.232433e-01,2.741741e-02,3.844838e-03,2.623950e-03,2.593234e-03,1.921710e-03,3.036825e-03,2.297712e-03
8.666903e-02,7.436557e-03,6.772931e-03,3.918083e-03,5.181555e-03,2.392793e-02,7.311678e-03,8.243856e-01,2.015371e-02,2.852249e-03,2.024177e-03,2.809609e-03,2.264685e-03,2.276097e-03,2.016157e-03
9.655033e-02,6.278951e-03,5.869057e-03,3.655083e-03,8.299702e-03,2.171738e-02,1.067664e-02,8.147933e-01,1.736676e-02,2.339836e-03,1.861193e-03,3.646998e-03,2.915271e-03,1.764984e-03,2.264506e-03
1.213431e-01,5.663774e-03,4.962925e-03,3.589202e-03,9.072791e-03,1.782835e-02,1.130146e-02,7.954458e-01,1.448541e-02,2.058364e-03,1.880523e-03,5.127102e-03,3.131594e-03,1.412060e-03,2.697669e-03
1.402148e-01,4.693912e-03,4.779962e-03,4.203690e-03,9.821633e-03,1.567079e-02,1.094916e-02,7.807111e-01,1.118066e-02,1.929278e-03,1.646115e-03,6.816039e-03,3.495681e-03,1.152638e-03,2.734534e-03
1.757714e-01,3.950552e-03,4.312561e-03,3.942905e-03,9.727429e-03,1.402833e-02,9.082229e-03,7.496462e-01,8.434339e-03,1.835499e-03,1.807793e-03,8.277391e-03,4.748553e-03,1.112039e-03,3.322821e-03
1.741944e-01,3.157509e-03,3.408443e-03,3.240342e-03,1.045950e-02,1.886405e-02,9.272371e-03,7.481277e-01,6.179411e-03,1.429762e-03,1.696210e-03,9.598439e-03,6.509647e-03,8.803781e-04,2.981843e-03
1.985492e-01,2.805756e-03,2.939522e-03,3.084901e-03,1.049956e-02,1.807872e-02,7.102674e-03,7.240298e-01,4.669173e-03,1.179661e-03,2.144554e-03,1.199686e-02,8.662665e-03,9.496809e-04,3.307387e-03
2.195428e-01,2.302663e-03,2.591303e-03,3.265270e-03,1.030148e-02,1.490255e-02,5.387623e-03,7.050116e-01,3.639634e-03,9.055485e-04,2.579665e-03,1.420137e-02,1.149243e-02,9.469645e-04,2.929107e-03
2.358721e-01,2.147753e-03,2.846514e-03,3.455567e-03,1.139216e-02,1.253613e-02,4.252409e-03,6.733316e-01,3.529615e-03,1.020257e-03,5.071852e-03,2.220504e-02,1.782949e-02,1.175144e-03,3.334358e-03
3.116762e-01,2.656548e-03,3.726015e-03,6.759619e-03,1.129144e-02,1.457326e-02,4.028626e-03,5.557857e-01,8.082755e-03,1.295225e-03,1.006729e-02,3.596488e-02,2.686751e-02,1.820988e-03,5.404079e-03
3.759263e-01,3.623236e-03,4.160121e-03,9.638514e-03,1.188052e-02,1.342952e-02,4.385286e-03,4.686637e-01,1.752350e-02,1.869055e-03,1.203810e-02,3.916375e-02,2.857004e-02,1.951588e-03,7.176920e-03
4.145927e-01,7.737180e-03,4.740741e-03,3.231072e-02,1.133830e-02,1.886611e-02,7.834150e-03,3.494015e-01,3.275892e-02,6.913660e-03,1.681834e-02,4.988330e-02,3.075422e-02,2.186427e-03,1.386374e-02
4.668065e-01,1.003584e-02,5.092339e-03,4.547174e-02,1.002858e-02,2.526734e-02,8.074698e-03,2.566899e-01,3.722762e-02,8.333307e-03,1.738963e-02,5.674960e-02,3.360359e-02,2.489274e-03,1.674003e-02
4.889182e-01,1.002157e-02,3.902983e-03,3.931637e-02,8.787866e-03,2.683491e-02,6.191261e-03,1.830350e-01,6.703610e-02,6.830440e-03,2.359471e-02,7.082326e-02,4.396146e-02,2.857753e-03,1.788807e-02
4.316929e-01,1.166869e-02,3.381568e-03,3.270114e-02,8.764073e-03,2.291024e-02,4.884036e-03,1.341249e-01,1.676547e-01,6.124623e-03,3.493638e-02,7.174782e-02,4.512393e-02,2.633419e-03,2.165156e-02
3.879372e-01,1.478003e-02,2.958429e-03,3.194060e-02,7.370033e-03,2.209396e-02,3.644542e-03,9.543391e-02,2.071905e-01,5.794020e-03,4.303175e-02,1.044982e-01,5.097563e-02,2.370832e-03,1.998044e-02
3.007386e-01,1.850460e-02,3.482986e-03,4.263534e-02,7.115695e-03,1.866262e-02,2.808145e-03,7.139180e-02,3.148355e-01,5.588663e-03,4.687034e-02,9.571210e-02,4.770930e-02,2.302683e-03,2.164157e-02
2.494035e-01,2.310765e-02,3.526103e-03,6.903289e-02,6.357424e-03,2.047620e-02,2.127068e-03,5.145200e-02,3.438452e-01,6.053738e-03,4.701922e-02,9.870563e-02,5.020672e-02,2.324570e-03,2.636209e-02
1.875396e-01,2.109914e-02,4.352979e-03,9.329000e-02,7.481041e-03,1.959676e-02,1.767939e-03,4.804024e-02,3.657309e-01,6.283619e-03,6.497268e-02,9.381723e-02,5.887143e-02,3.189514e-03,2.396701e-02
1.420755e-01,2.752645e-02,8.624920e-03,1.650893e-01,6.566141e-03,1.535838e-02,1.491567e-03,3.882790e-02,3.322623e-01,1.643027e-02,7.642231e-02,7.263471e-02,4.627176e-02,1.030999e-02,4.010852e-02
1.100916e-01,3.634630e-02,8.746602e-03,1.419820e-01,1.420433e-02,1.620825e-02,1.479303e-03,3.026719e-02,3.358875e-01,1.256407e-02,7.343006e-02,7.496491e-02,9.378034e-02,9.580287e-03,4.046728e-02
8.463366e-02,2.751516e-02,7.512040e-03,1.025049e-01,2.099480e-02,1.461533e-02,1.334428e-03,2.318433e-02,2.527623e-01,8.996935e-03,5.760493e-02,9.587036e-02,2.641777e-01,7.113159e-03,3.118002e-02
7.070045e-02,2.273914e-02,6.554767e-03,7.358009e-02,2.622933e-02,1.777627e-02,1.395349e-03,1.827821e-02,1.970496e-01,6.924842e-03,4.571905e-02,1.223893e-01,3.575311e-01,6.343352e-03,2.678931e-02
5.781649e-02,2.129831e-02,5.818477e-03,5.235089e-02,2.464995e-02,3.072237e-02,1.368233e-03,1.360444e-02,1.598726e-01,5.794497e-03,4.155620e-02,1.506376e-01,3.956360e-01,1.116395e-02,2.771003e-02
4.996776e-02,1.920872e-02,5.930083e-03,3.758601e-02,3.280173e-02,2.693835e-02,1.766285e-03,1.281984e-02,1.182482e-01,4.871310e-03,3.258081e-02,2.067263e-01,4.119861e-01,1.170135e-02,2.686725e-02
4.717768e-02,1.685947e-02,1.236721e-02,3.026883e-02,3.981282e-02,2.587430e-02,4.282528e-03,7.045013e-02,9.039399e-02,4.461681e-03,2.802885e-02,2.112733e-01,3.818362e-01,1.137729e-02,2.553566e-02
4.948861e-02,2.058799e-02,2.557279e-02,1.691088e-01,3.976204e-02,2.136000e-02,3.523861e-03,5.247596e-02,1.249240e-01,4.203691e-03,2.070342e-02,1.582239e-01,2.746210e-01,8.341852e-03,2.710208e-02
1.001495e-01,2.183127e-02,2.646068e-02,1.503600e-01,5.838672e-02,2.939491e-02,4.612592e-03,4.265491e-02,1.187390e-01,6.120078e-03,1.622906e-02,1.309089e-01,2.270082e-01,7.795754e-03,5.934834e-02
1.096850e-01,2.959066e-02,2.359156e-02,1.106849e-01,4.887948e-02,3.953636e-02,6.475084e-03,4.155912e-02,1.033659e-01,6.188785e-03,1.226235e-02,9.998688e-02,3.043854e-01,7.264407e-03,5.654401e-02
1.009460e-01,2.813822e-02,1.776646e-02,7.876603e-02,4.772459e-02,7.233085e-02,8.832132e-03,3.513674e-02,9.061220e-02,4.614723e-03,9.463698e-03,1.518454e-01,3.067594e-01,5.755395e-03,4.130808e-02
8.515683e-02,2.553585e-02,1.347149e-02,5.542553e-02,5.287496e-02,7.304899e-02,9.904771e-03,3.110938e-02,7.704829e-02,3.394022e-03,7.359629e-03,2.711347e-01,2.609479e-01,4.203787e-03,2.938382e-02
8.563675e-02,2.768095e-02,1.074974e-02,3.952564e-02,4.588310e-02,6.422658e-02,9.710838e-03,3.367766e-02,6.531824e-02,3.095161e-03,5.718473e-03,2.872252e-01,2.937315e-01,3.461981e-03,2.435813e-02
7.780023e-02,2.376411e-02,9.417104e-03,2.822408e-02,3.820052e-02,5.369953e-02,9.219160e-03,5.387792e-02,6.049594e-02,3.140879e-03,4.601951e-03,3.154763e-01,3.001833e-01,2.735117e-03,1.916379e-02
1.025747e-01,2.087138e-02,1.373474e-02,3.317214e-02,3.054342e-02,5.763448e-02,8.438609e-03,5.617045e-02,7.172016e-02,4.124117e-03,4.776029e-03,2.409908e-01,3.274474e-01,2.690681e-03,2.511078e-02
8.034740e-02,1.534947e-02,9.950021e-03,2.368730e-02,2.373929e-02,4.826603e-02,6.500900e-03,4.240447e-02,5.309373e-02,2.963386e-03,3.807399e-03,1.736397e-01,4.961224e-01,2.074771e-03,1.805368e-02
6.160532e-02,1.133729e-02,7.096848e-03,1.704608e-02,1.796846e-02,3.647337e-02,4.897052e-03,3.276589e-02,3.928271e-02,2.154545e-03,3.247372e-03,1.243760e-01,6.263973e-01,1.662472e-03,1.368934e-02
4.988135e-02,9.062001e-03,5.606120e-03,1.242738e-02,1.426282e-02,2.720581e-02,3.719186e-03,3.086470e-02,3.015820e-02,1.616505e-03,2.449456e-03,9.430312e-02,7.065583e-01,1.338892e-03,1.054614e-02
4.583839e-02,8.147418e-03,4.512816e-03,8.898604e-03,1.282061e-02,2.476124e-02,3.097647e-03,2.592615e-02,2.700007e-02,1.173729e-03,2.046418e-03,7.351410e-02,7.531245e-01,1.005727e-03,8.132650e-03
