1.000000e+00,0.000000e+00,0.000000e+00,0.000000e+00,0.000000e+00,0.000000e+00,0.000000e+00,0.000000e+00,0.000000e+00,0.000000e+00,0.000000e+00,0.000000e+00,0.000000e+00,0.000000e+00,0.000000e+00
1.000000e+00,0.000000e+00,0.000000e+00,0.000000e+00,0.000000e+00,0.000000e+00,0.000000e+00,0.000000e+00,0.000000e+00,0.000000e+00,0.000000e+00,0.000000e+00,0.000000e+00,0.000000e+00,0.000000e+00
1.000000e+00,0.000000e+00,0.000000e+00,0.000000e+00,0.000000e+00,0.000000e+00,0.000000e+00,0.000000e+00,0.000000e+00,0.000000e+00,0.000000e+00,0.000000e+00,0.000000e+00,0.000000e+00,0.000000e+00
1.000000e+00,0.000000e+00,0.000000e+00,0.000000e+00,0.000000e+00,0.000000e+00,0.000000e+00,0.000000e+00,0.000000e+00,0.000000e+00,0.000000e+00,0.000000e+00,0.000000e+00,0.000000e+00,0.000000e+00
1.000000e+00,0.000000e+00,0.000000e+00,0.000000e+00,0.000000e+00,0.000000e+00,0.000000e+00,0.000000e+00,0.000000e+00,0.000000e+00,0.000000e+00,0.000000e+00,0.000000e+00,0.000000e+00,0.000000e+00
1.000000e+00,0.000000e+00,0.000000e+00,0.000000e+00,0.000000e+00,0.000000e+00,0.000000e+00,0.000000e+00,0.000000e+00,0.000000e+00,0.000000e+00,0.000000e+00,0.000000e+00,0.000000e+00,0.000000e+00
1.000000e+00,0.000000e+00,0.000000e+00,0.000000e+00,0.000000e+00,0.000000e+00,0.000000e+00,0.000000e+00,0.000000e+00,0.000000e+00,0.000000e+00,0.000000e+00,0.000000e+00,0.000000e+00,0.000000e+00
1.000000e+00,0.000000e+00,0.000000e+00,0.000000e+00,0.000000e+00,0.000000e+00,0.000000e+00,0.000000e+00,0.000000e+00,0.000000e+00,0.000000e+00,0.000000e+00,0.000000e+00,0.000000e+00,0.000000e+00
1.000000e+00,0.000000e+00,0.000000e+00,0.000000e+00,0.000000e+00,0.000000e+00,0.000000e+00,0.000000e+00,0.000000e+00,0.000000e+00,0.000000e+00,0.000000e+00,0.000000e+00,0.000000e+00,0.000000e+00
1.000000e+00,0.000000e+00,0.000000e+00,0.000000e+00,0.000000e+00,0.000000e+00,0.000000e+00,0.000000e+00,0.000000e+00,0.000000e+00,0.000000e+00,0.000000e+00,0.000000e+00,0.000000e+00,0.000000e+00
1.000000e+00,0.000000e+00,0.000000e+00,0.000000e+00,0.000000e+00,0.000000e+00,0.000000e+00,0.000000e+00,0.000000e+00,0.000000e+00,0.000000e+00,0.000000e+00,0.000000e+00,0.000000e+00,0.000000e+00
1.000000e+00,0.000000e+00,0.000000e+00,0.000000e+00,0.000000e+00,0.000000e+00,0.000000e+00,0.000000e+00,0.000000e+00,0.000000e+00,0.000000e+00,0.000000e+00,0.000000e+00,0.000000e+00,0.000000e+00
1.000000e+00,0.000000e+00,0.000000e+00,0.000000e+00,0.000000e+00,0.000000e+00,0.000000e+00,0.000000e+00,0.000000e+00,0.000000e+00,0.000000e+00,0.000000e+00,0.000000e+00,0.000000e+00,0.000000e+00
1.000000e+00,0.000000e+00,0.000000e+00,0.000000e+00,0.000000e+00,0.000000e+00,0.000000e+00,0.000000e+00,0.000000e+00,0.000000e+00,0.000000e+00,0.000000e+00,0.000000e+00,0.000000e+00,0.000000e+00
1.000000e+00,0.000000e+00,0.000000e+00,0.000000e+00,0.000000e+00,0.000000e+00,0.000000e+00,0.000000e+00,0.000000e+00,0.000000e+00,0.000000e+00,0.000000e+00,0.000000e+00,0.000000e+00,0.000000e+00
1.000000e+00,0.000000e+00,0.000000e+00,0.000000e+00,0.000000e+00,0.000000e+00,0.000000e+00,0.000000e+00,0.000000e+00,0.000000e+00,0.000000e+00,0.000000e+00,0.000000e+00,0.000000e+00,0.000000e+00
1.000000e+00,0.000000e+00,0.000000e+00,0.000000e+00,0.000000e+00,0.000000e+00,0.000000e+00,0.000000e+00,0.000000e+00,0.000000e+00,0.000000e+00,0.000000e+00,0.000000e+00,0.000000e+00,0.000000e+00
1.000000e+00,0.000000e+00,0.000000e+00,0.000000e+00,0.000000e+00,0.000000e+00,0.000000e+00,0.000000e+00,0.000000e+00,0.000000e+00,0.000000e+00,0.000000e+00,0.000000e+00,0.000000e+00,0.000000e+00
1.000000e+00,0.000000e+00,0.000000e+00,0.000000e+00,0.000000e+00,0.000000e+00,0.000000e+00,0.000000e+00,0.000000e+00,0.000000e+00,0.000000e+00,0.000000e+00,0.000000e+00,0.000000e+00,0.000000e+00
1.000000e+00,0.000000e+00,0.000000e+00,0.000000e+00,0.000000e+00,0.000000e+00,0.000000e+00,0.000000e+00,0.000000e+00,0.000000e+00,0.000000e+00,0.000000e+00,0.000000e+00,0.000000e+00,0.000000e+00
1.000000e+00,0.000000e+00,0.000000e+00,0.000000e+00,0.000000e+00,0.000000e+00,0.000000e+00,0.000000e+00,0.000000e+00,0.000000e+00,0.000000e+00,0.000000e+00,0.000000e+00,0.000000e+00,0.000000e+00
1.000000e+00,0.000000e+00,0.000000e+00,0.000000e+00,0.000000e+00,0.000000e+00,0.000000e+00,0.000000e+00,0.000000e+00,0.000000e+00,0.000000e+00,0.000000e+00,0.000000e+00,0.000000e+00,0.000000e+00
1.000000e+00,0.000000e+00,0.000000e+00,0.000000e+00,0.000000e+00,0.000000e+00,0.000000e+00,0.000000e+00,0.000000e+00,0.000000e+00,0.000000e+00,0.000000e+00,0.000000e+00,0.000000e+00,0.000000e+00
1.000000e+00,0.000000e+00,0.000000e+00,0.000000e+00,0.000000e+00,0.000000e+00,0.000000e+00,0.000000e+00,0.000000e+00,0.000000e+00,0.000000e+00,0.000000e+00,0.000000e+00,0.000000e+00,0.000000e+00
1.000000e+00,0.000000e+00,0.000000e+00,0.000000e+00,0.000000e+00,0.000000e+00,0.000000e+00,0.000000e+00,0.000000e+00,0.000000e+00,0.000000e+00,0.000000e+00,0.000000e+00,0.000000e+00,0.000000e+00
1.000000e+00,0.000000e+00,0.000000e+00,0.000000e+00,0.000000e+00,0.000000e+00,0.000000e+00,0.000000e+00,0.000000e+00,0.000000e+00,0.000000e+00,0.000000e+00,0.000000e+00,0.000000e+00,0.000000e+00
1.000000e+00,0.000000e+00,0.000000e+00,0.000000e+00,0.000000e+00,0.000000e+00,0.000000e+00,0.000000e+00,0.000000e+00,0.000000e+00,0.000000e+00,0.000000e+00,0.000000e+00,0.000000e+00,0.000000e+00
1.000000e+00,0.000000e+00,0.000000e+00,0.000000e+00,0.000000e+00,0.000000e+00,0.000000e+00,0.000000e+00,0.000000e+00,0.000000e+00,0.000000e+00,0.000000e+00,0.000000e+00,0.000000e+00,0.000000e+00
1.000000e+00,0.000000e+00,0.000000e+00,0.000000e+00,0.000000e+00,0.000000e+00,0.000000e+00,0.000000e+00,0.000000e+00,0.000000e+00,0.000000e+00,0.000000e+00,0.000000e+00,0.000000e+00,0.000000e+00
1.000000e+00,0.000000e+00,0.000000e+00,0.000000e+00,0.000000e+00,0.000000e+00,0.000000e+00,0.000000e+00,0.000000e+00,0.000000e+00,0.000000e+00,0.000000e+00,0.000000e+00,0.000000e+00,0.000000e+00
1.000000e+00,0.000000e+00,0.000000e+00,0.000000e+00,0.000000e+00,0.000000e+00,0.000000e+00,0.000000e+00,0.000000e+00,0.000000e+00,0.000000e+00,0.000000e+00,0.000000e+00,0.000000e+00,0.000000e+00
1.000000e+00,0.000000e+00,0.000000e+00,0.000000e+00,0.000000e+00,0.000000e+00,0.000000e+00,0.000000e+00,0.000000e+00,0.000000e+00,0.000000e+00,0.000000e+00,0.000000e+00,0.000000e+00,0.000000e+00
1.000000e+00,0.000000e+00,0.000000e+00,0.000000e+00,0.000000e+00,0.000000e+00,0.000000e+00,0.000000e+00,0.000000e+00,0.000000e+00,0.000000e+00,0.000000e+00,0.000000e+00,0.000000e+00,0.000000e+00
1.000000e+00,0.000000e+00,0.000000e+00,0.000000e+00,0.000000e+00,0.000000e+00,0.000000e+00,0.000000e+00,0.000000e+00,0.000000e+00,0.000000e+00,0.000000e+00,0.000000e+00,0.000000e+00,0.000000e+00
1.000000e+00,0.000000e+00,0.000000e+00,0.000000e+00,0.000000e+00,0.000000e+00,0.000000e+00,0.000000e+00,0.000000e+00,0.000000e+00,0.000000e+00,0.000000e+00,0.000000e+00,0.000000e+00,0.000000e+00
1.000000e+00,0.000000e+00,0.000000e+00,0.000000e+00,0.000000e+00,0.000000e+00,0.000000e+00,0.000000e+00,0.000000e+00,0.000000e+00,0.000000e+00,0.000000e+00,0.000000e+00,0.000000e+00,0.000000e+00
1.000000e+00,0.000000e+00,0.000000e+00,0.000000e+00,0.000000e+00,0.000000e+00,0.000000e+00,0.000000e+00,0.000000e+00,0.000000e+00,0.000000e+00,0.000000e+00,0.000000e+00,0.000000e+00,0.000000e+00
1.000000e+00,0.000000e+00,0.000000e+00,0.000000e+00,0.000000e+00,0.000000e+00,0.000000e+00,0.000000e+00,0.000000e+00,0.000000e+00,0.000000e+00,0.000000e+00,0.000000e+00,0.000000e+00,0.000000e+00
1.000000e+00,0.000000e+00,0.000000e+00,0.000000e+00,0.000000e+00,0.000000e+00,0.000000e+00,0.000000e+00,0.000000e+00,0.000000e+00,0.000000e+00,0.000000e+00,0.000000e+00,0.000000e+00,0.000000e+00
1.000000e+00,0.000000e+00,0.000000e+00,0.000000e+00,0.000000e+00,0.000000e+00,0.000000e+00,0.000000e+00,0.000000e+00,0.000000e+00,0.000000e+00,0.000000e+00,0.000000e+00,0.000000e+00,0.000000e+00
1.000000e+00,0.000000e+00,0.000000e+00,0.000000e+00,0.000000e+00,0.000000e+00,0.000000e+00,0.000000e+00,0.000000e+00,0.000000e+00,0.000000e+00,0.000000e+00,0.000000e+00,0.000000e+00,0.000000e+00
1.000000e+00,0.000000e+00,0.000000e+00,0.000000e+00,0.000000e+00,0.000000e+00,0.000000e+00,0.000000e+00,0.000000e+00,0.000000e+00,0.000000e+00,0.000000e+00,0.000000e+00,0.000000e+00,0.000000e+00
1.000000e+00,0.000000e+00,0.000000e+00,0.000000e+00,0.000000e+00,0.000000e+00,0.000000e+00,0.000000e+00,0.000000e+00,0.000000e+00,0.000000e+00,0.000000e+00,0.000000e+00,0.000000e+00,0.000000e+00
1.000000e+00,0.000000e+00,0.000000e+00,0.000000e+00,0.000000e+00,0.000000e+00,0.000000e+00,0.000000e+00,0.000000e+00,0.000000e+00,0.000000e+00,0.000000e+00,0.000000e+00,0.000000e+00,0.000000e+00
1.000000e+00,0.000000e+00,0.000000e+00,0.000000e+00,0.000000e+00,0.000000e+00,0.000000e+00,0.000000e+00,0.000000e+00,0.000000e+00,0.000000e+00,0.000000e+00,0.000000e+00,0.000000e+00,0.000000e+00
1.000000e+00,0.000000e+00,0.000000e+00,0.000000e+00,0.000000e+00,0.000000e+00,0.000000e+00,0.000000e+00,0.000000e+00,0.000000e+00,0.000000e+00,0.000000e+00,0.000000e+00,0.000000e+00,0.000000e+00
1.000000e+00,0.000000e+00,0.000000e+00,0.000000e+00,0.000000e+00,0.000000e+00,0.000000e+00,0.000000e+00,0.000000e+00,0.000000e+00,0.000000e+00,0.000000e+00,0.000000e+00,0.000000e+00,0.000000e+00
1.000000e+00,0.000000e+00,0.000000e+00,0.000000e+00,0.000000e+00,0.000000e+00,0.000000e+00,0.000000e+00,0.000000e+00,0.000000e+00,0.000000e+00,0.000000e+00,0.000000e+00,0.000000e+00,0.000000e+00
1.000000e+00,0.000000e+00,0.000000e+00,0.000000e+00,0.000000e+00,0.000000e+00,0.000000e+00,0.000000e+00,0.000000e+00,0.000000e+00,0.000000e+00,0.000000e+00,0.000000e+00,0.000000e+00,0.000000e+00
1.000000e+00,0.000000e+00,0.000000e+00,0.000000e+00,0.000000e+00,0.000000e+00,0.000000e+00,0.000000e+00,0.000000e+00,0.000000e+00,0.000000e+00,0.000000e+00,0.000000e+00,0.000000e+00,0.000000e+00
1.000000e+00,0.000000e+00,0.000000e+00,0.000000e+00,0.000000e+00,0.000000e+00,0.000000e+00,0.000000e+00,0.000000e+00,0.000000e+00,0.000000e+00,0.000000e+00,0.000000e+00,0.000000e+00,0.000000e+00
1.000000e+00,0.000000e+00,0.000000e+00,0.000000e+00,0.000000e+00,0.000000e+00,0.000000e+00,0.000000e+00,0.000000e+00,0.000000e+00,0.000000e+00,0.000000e+00,0.000000e+00,0.000000e+00,0.000000e+00
1.000000e+00,0.000000e+00,0.000000e+00,0.000000e+00,0.000000e+00,0.000000e+00,0.000000e+00,0.000000e+00,0.000000e+00,0.000000e+00,0.000000e+00,0.000000e+00,0.000000e+00,0.000000e+00,0.000000e+00
1.000000e+00,0.000000e+00,0.000000e+00,0.000000e+00,0.000000e+00,0.000000e+00,0.000000e+00,0.000000e+00,0.000000e+00,0.000000e+00,0.000000e+00,0.000000e+00,0.000000e+00,0.000000e+00,0.000000e+00
1.000000e+00,0.000000e+00,0.000000e+00,0.000000e+00,0.000000e+00,0.000000e+00,0.000000e+00,0.000000e+00,0.000000e+00,0.000000e+00,0.000000e+00,0.000000e+00,0.000000e+00,0.000000e+00,0.000000e+00
1.000000e+00,0.000000e+00,0.000000e+00,0.000000e+00,0.000000e+00,0.000000e+00,0.000000e+00,0.000000e+00,0.000000e+00,0.000000e+00,0.000000e+00,0.000000e+00,0.000000e+00,0.000000e+00,0.000000e+00
4.478077e-01,1.065330e-02,5.101926e-02,1.868651e-02,1.926276e-03,2.562560e-02,1.137114e-03,5.009247e-03,2.573361e-03,6.601387e-03,3.863333e-01,1.353985e-02,6.290888e-03,9.478476e-03,1.331776e-02
3.138421e-01,7.775262e-03,3.579002e-02,1.309880e-02,1.407935e-03,1.826940e-02,8.105434e-04,3.586715e-03,1.877974e-03,4.899560e-03,5.591238e-01,1.140958e-02,4.466286e-03,1.367624e-02,9.965829e-03
2.197723e-01,5.623360e-03,2.510991e-02,9.208484e-03,1.053629e-03,1.352698e-02,6.198026e-04,2.570517e-03,1.504264e-03,5.052622e-03,6.766267e-01,1.061655e-02,3.196985e-03,1.613446e-02,9.383447e-03
1.540140e-01,4.236107e-03,1.773133e-02,6.573863e-03,1.083058e-03,1.205424e-02,7.926162e-04,1.884562e-03,1.924486e-03,3.369194e-02,7.132014e-01,1.083516e-02,2.393055e-03,2.161191e-02,1.797231e-02
1.078587e-01,3.212446e-03,1.245778e-02,4.685512e-03,9.155880e-04,1.096912e-02,5.899812e-04,1.334740e-03,2.184044e-03,5.593668e-02,7.468036e-01,9.546749e-03,1.791644e-03,2.083509e-02,2.087825e-02
7.553181e-02,2.431869e-03,8.739086e-03,3.296647e-03,7.572490e-04,9.048782e-03,4.309524e-04,9.369408e-04,1.779094e-03,1.892986e-01,6.622319e-01,7.950525e-03,1.313151e-03,1.721134e-02,1.904205e-02
5.297868e-02,7.638365e-03,6.681759e-03,2.450966e-03,7.291484e-04,9.649495e-03,6.414499e-04,7.231127e-04,4.195865e-03,3.406603e-01,5.167356e-01,9.892507e-03,1.090881e-03,1.386225e-02,3.206960e-02
3.714877e-02,6.328186e-03,4.711431e-03,1.780690e-03,6.188239e-04,9.751050e-03,6.038781e-04,5.286491e-04,3.541089e-03,4.409998e-01,4.407658e-01,1.427816e-02,8.810092e-04,1.241840e-02,2.564421e-02
2.607320e-02,6.061983e-03,3.342435e-03,1.301071e-03,6.037315e-04,1.396130e-02,5.532189e-04,3.862269e-04,3.015537e-03,5.648056e-01,3.326630e-01,1.669902e-02,7.499574e-04,1.024111e-02,1.954248e-02
1.849316e-02,5.084255e-03,2.421055e-03,9.672624e-04,5.964718e-04,1.272911e-02,5.707950e-04,3.066262e-04,3.057990e-03,6.676604e-01,2.492951e-01,1.557681e-02,6.239332e-04,8.034502e-03,1.458255e-02
1.349903e-02,5.061215e-03,1.864987e-03,7.452156e-04,5.821050e-04,1.077281e-02,5.966566e-04,2.408819e-04,3.979941e-03,7.470785e-01,1.824547e-01,1.511452e-02,5.780292e-04,6.446006e-03,1.098532e-02
1.042067e-02,4.010682e-03,1.420124e-03,6.095538e-04,8.445125e-04,9.503040e-03,4.831414e-04,1.865321e-04,5.175498e-03,7.950843e-01,1.410997e-01,1.613690e-02,9.051579e-04,5.950076e-03,8.170042e-03
7.487458e-03,3.675413e-03,1.345400e-03,5.328499e-04,2.038753e-03,6.839075e-03,3.961721e-04,1.994211e-04,6.256964e-03,8.430792e-01,1.026413e-01,1.334437e-02,7.885496e-04,5.205139e-03,6.169847e-03
6.688828e-03,4.694832e-03,2.249472e-03,2.343469e-03,5.088430e-02,7.702140e-03,6.422396e-04,3.863777e-04,1.691372e-02,8.032591e-01,7.879835e-02,1.251409e-02,1.741553e-03,5.945971e-03,5.235562e-03
1.690558e-02,9.200503e-03,6.759102e-03,1.166257e-02,6.491803e-02,1.192309e-02,2.439208e-03,3.780403e-03,2.504138e-02,7.593834e-01,5.832268e-02,1.424917e-02,3.041254e-03,6.568430e-03,5.805240e-03
5.945900e-02,1.301225e-02,1.060547e-02,2.378962e-02,8.294201e-02,2.330235e-02,5.193598e-03,6.607692e-03,4.009780e-02,6.453887e-01,4.785233e-02,1.856069e-02,5.032049e-03,8.275321e-03,9.881196e-03
1.029325e-01,1.600859e-02,1.497374e-02,5.249137e-02,8.104186e-02,2.676290e-02,6.630971e-03,1.923680e-02,6.293563e-02,4.991371e-01,5.043846e-02,3.493477e-02,8.217693e-03,9.990683e-03,1.426701e-02
9.633020e-02,1.915302e-02,2.154572e-02,4.150000e-02,7.047155e-02,3.113674e-02,7.583111e-03,2.227652e-02,5.153881e-02,5.142806e-01,5.098663e-02,3.321195e-02,1.220737e-02,1.378894e-02,1.398888e-02
8.366955e-02,1.494952e-02,3.760600e-02,3.407898e-02,6.561650e-02,2.696459e-02,9.303867e-03,6.533594e-02,4.126021e-02,5.069050e-01,4.832659e-02,2.599503e-02,1.573282e-02,1.348124e-02,1.077413e-02
9.588946e-02,1.329066e-02,3.163357e-02,2.886309e-02,5.622020e-02,2.461536e-02,7.056809e-03,5.350684e-02,4.011682e-02,5.516098e-01,3.754056e-02,2.145502e-02,1.341298e-02,1.522841e-02,9.560430e-03
1.496665e-01,1.201601e-02,2.716835e-02,2.339802e-02,5.340876e-02,2.450061e-02,5.572551e-03,5.431573e-02,3.675287e-02,5.211793e-01,3.121961e-02,2.162689e-02,1.139915e-02,1.676769e-02,1.100795e-02
1.664783e-01,1.165343e-02,2.492017e-02,2.185410e-02,5.326285e-02,2.200898e-02,6.186133e-03,6.085113e-02,3.866212e-02,5.204837e-01,2.308580e-02,1.798769e-02,9.287719e-03,1.344835e-02,9.829585e-03
1.503730e-01,1.125187e-02,1.934800e-02,1.706622e-02,4.201903e-02,1.739706e-02,4.692447e-03,5.128153e-02,3.378569e-02,5.909892e-01,1.856450e-02,1.494983e-02,7.236439e-03,1.316158e-02,7.883632e-03
1.511907e-01,2.143842e-02,2.119695e-02,2.359299e-02,3.876908e-02,1.561078e-02,3.857575e-03,9.025738e-02,7.509238e-02,4.888302e-01,1.901090e-02,1.404703e-02,7.020813e-03,2.201724e-02,8.067534e-03
1.196295e-01,1.779423e-02,1.729934e-02,1.904741e-02,3.920485e-02,1.130657e-02,2.786894e-03,2.877007e-01,6.692120e-02,3.664244e-01,1.396373e-02,1.050608e-02,5.382655e-03,1.609813e-02,5.934312e-03
9.282798e-02,1.383195e-02,1.331532e-02,1.656148e-02,3.092525e-02,8.200115e-03,2.075732e-03,4.649367e-01,5.121397e-02,2.642017e-01,1.164678e-02,9.676190e-03,4.822194e-03,1.144842e-02,4.316218e-03
6.932919e-02,1.075654e-02,2.189507e-02,1.807646e-02,2.351192e-02,6.689712e-03,1.967768e-03,5.743167e-01,4.991763e-02,1.926356e-01,8.399893e-03,6.881921e-03,3.911643e-03,8.185756e-03,3.524255e-03
5.930657e-02,9.673668e-03,3.062774e-02,1.864733e-02,1.946720e-02,6.926946e-03,2.250880e-03,6.227619e-01,4.094273e-02,1.649021e-01,6.224986e-03,5.061997e-03,3.693288e-03,6.063927e-03,3.448797e-03
4.747104e-02,7.663744e-03,2.506365e-02,1.462893e-02,2.114855e-02,5.423062e-03,2.098938e-03,7.066481e-01,3.317269e-02,1.188379e-01,4.637908e-03,3.629855e-03,2.735428e-03,4.336129e-03,2.504099e-03
3.811385e-02,5.633371e-03,1.849921e-02,1.049316e-02,1.645010e-02,4.644165e-03,1.745720e-03,7.830644e-01,2.402228e-02,8.419466e-02,3.384540e-03,2.628638e-03,2.178567e-03,3.088746e-03,1.858643e-03
2.969352e-02,4.046853e-03,1.350635e-02,7.667549e-03,1.282095e-02,4.218178e-03,1.460749e-03,8.405702e-01,1.720422e-02,5.925575e-02,2.446307e-03,1.891396e-03,1.667147e-03,2.197001e-03,1.353916e-03
2.343172e-02,3.012344e-03,1.007800e-02,6.114136e-03,1.010152e-02,3.518700e-03,1.436734e-03,8.806767e-01,1.286849e-02,4.169504e-02,1.754191e-03,1.389225e-03,1.283043e-03,1.596147e-03,1.043991e-03
1.999432e-02,2.354189e-03,8.056146e-03,5.174107e-03,8.279411e-03,3.027700e-03,1.865769e-03,9.063236e-01,1.003561e-02,2.940533e-02,1.275485e-03,1.040156e-03,1.029345e-03,1.171682e-03,9.672084e-04
1.753127e-02,1.939388e-03,6.021811e-03,4.128243e-03,6.403346e-03,2.383297e-03,2.035123e-03,9.263896e-01,7.485783e-03,2.079783e-02,1.001314e-03,8.829975e-04,8.703028e-04,8.740427e-04,1.255754e-03
1.901193e-02,1.551325e-03,4.608253e-03,3.592173e-03,4.774408e-03,1.937192e-03,2.383350e-03,9.380025e-01,5.437562e-03,1.463207e-02,7.980500e-04,8.530290e-04,7.165082e-04,6.629783e-04,1.038758e-03
2.164951e-02,1.215148e-03,4.185756e-03,3.909096e-03,3.992183e-03,1.553254e-03,3.062301e-03,9.427378e-01,4.067735e-03,1.028346e-02,6.621077e-04,7.595546e-04,6.243886e-04,4.858437e-04,8.119610e-04
2.253114e-02,9.485128e-04,4.029870e-03,3.700995e-03,2.943637e-03,1.191849e-03,2.801091e-03,9.488815e-01,3.026433e-03,7.227243e-03,5.438110e-04,6.845517e-04,4.870277e-04,3.627584e-04,6.396117e-04
2.561869e-02,7.345262e-04,3.685843e-03,3.242850e-03,2.204255e-03,9.600103e-04,3.202809e-03,9.507168e-01,2.247540e-03,5.073851e-03,4.918194e-04,6.166266e-04,4.154608e-04,2.819466e-04,5.070257e-04
3.247331e-02,6.019808e-04,3.492067e-03,2.799817e-03,1.807201e-03,1.122430e-03,4.058538e-03,9.451557e-01,1.736163e-03,3.613860e-03,6.965372e-04,1.007492e-03,5.684970e-04,2.760869e-04,5.903674e-04
4.119411e-02,4.752518e-04,3.307851e-03,2.777437e-03,1.459620e-03,1.178392e-03,4.116387e-03,9.379686e-01,1.424322e-03,2.578411e-03,7.119018e-04,1.322327e-03,6.080230e-04,2.551777e-04,6.222554e-04
5.131159e-02,3.761087e-04,3.487483e-03,2.885845e-03,1.357330e-03,1.856599e-03,5.423270e-03,9.262286e-01,1.323672e-03,1.859903e-03,6.869669e-04,1.484772e-03,7.403773e-04,2.360450e-04,7.414970e-04
7.724372e-02,3.155542e-04,4.442248e-03,2.930384e-03,1.250915e-03,3.669264e-03,5.757441e-03,8.968594e-01,1.302209e-03,1.449237e-03,6.959311e-04,1.705501e-03,8.600166e-04,2.615852e-04,1.256596e-03
1.148699e-01,2.897001e-04,4.727380e-03,3.522508e-03,2.049087e-03,3.619842e-03,6.815904e-03,8.566420e-01,1.243588e-03,1.132406e-03,8.662409e-04,1.694047e-03,9.405958e-04,2.374230e-04,1.349426e-03
1.033178e-01,2.617950e-04,3.863683e-03,3.197602e-03,2.298869e-03,3.124084e-03,5.366350e-03,8.723456e-01,9.884951e-04,8.255069e-04,7.775400e-04,1.363331e-03,8.647720e-04,1.862960e-04,1.218360e-03
1.197841e-01,6.644381e-04,3.490287e-03,3.072426e-03,3.237973e-03,5.586321e-03,5.337844e-03,8.435114e-01,1.481933e-03,8.242463e-04,1.899139e-03,2.299640e-03,4.181191e-03,3.555820e-04,4.273579e-03
1.356143e-01,2.148191e-03,3.660572e-03,5.607152e-03,5.186835e-03,8.300511e-03,4.897706e-03,7.434913e-01,8.734124e-03,2.088365e-03,1.304985e-02,1.074848e-02,2.224314e-02,2.567123e-03,3.166242e-02
1.077628e-01,4.329922e-03,3.456590e-03,1.134829e-02,6.678374e-03,1.265425e-02,4.047650e-03,5.305626e-01,1.385217e-02,5.631062e-03,2.382628e-02,1.587927e-01,8.143505e-02,3.142002e-03,3.248036e-02
9.783114e-02,8.726170e-03,3.399420e-03,3.030262e-02,1.125600e-02,1.097800e-02,3.698213e-03,3.864470e-01,6.260639e-02,7.239820e-03,3.163340e-02,1.446411e-01,9.570156e-02,4.640538e-03,1.008987e-01
1.109695e-01,1.552561e-02,2.788300e-03,2.973816e-02,1.054817e-02,1.218040e-02,6.013359e-03,2.842091e-01,2.028570e-01,6.268371e-03,2.742615e-02,1.094145e-01,8.840208e-02,3.984265e-03,8.967505e-02
8.850963e-02,3.924034e-02,3.233774e-03,4.437225e-02,7.989276e-03,1.505567e-02,5.002048e-03,2.026515e-01,2.736715e-01,9.605678e-03,2.321199e-02,7.961847e-02,1.109812e-01,3.416075e-03,9.344064e-02
8.458343e-02,5.074969e-02,3.025406e-03,4.779146e-02,6.765330e-03,1.223679e-02,3.665949e-03,1.447658e-01,3.702397e-01,7.510601e-03,2.251655e-02,6.026217e-02,1.054083e-01,3.106254e-03,7.737260e-02
6.281733e-02,2.341318e-01,2.853023e-03,8.356677e-02,4.840643e-03,8.798655e-03,2.580285e-03,1.015138e-01,2.939748e-01,6.140545e-03,1.711990e-02,4.268206e-02,7.536229e-02,3.118874e-03,6.049925e-02
6.035222e-02,2.095262e-01,3.239332e-03,1.232471e-01,4.189126e-03,1.014635e-02,1.866200e-03,7.181161e-02,2.635843e-01,5.719882e-03,5.155785e-02,3.258436e-02,7.605895e-02,1.094547e-02,7.517105e-02
5.361129e-02,1.489337e-01,4.778416e-03,1.022736e-01,6.806132e-03,1.158746e-02,1.483312e-03,5.108469e-02,1.978460e-01,4.314138e-03,1.969181e-01,2.854070e-02,1.168583e-01,1.322817e-02,6.173596e-02
5.698216e-02,1.093085e-01,5.636466e-03,7.337795e-02,1.372179e-02,1.305070e-02,1.798706e-03,3.927311e-02,2.217076e-01,3.827539e-03,1.631326e-01,3.170173e-02,1.285191e-01,1.995744e-02,1.180046e-01
4.653747e-02,8.433881e-02,3.264042e-02,1.166138e-01,3.868829e-02,1.164911e-02,1.920777e-03,3.072776e-02,2.264010e-01,4.973685e-03,1.410064e-01,2.789815e-02,1.276195e-01,1.710735e-02,9.187742e-02
8.640710e-02,6.480210e-02,6.001658e-02,1.004572e-01,4.102944e-02,1.105120e-02,1.913132e-03,3.020351e-02,2.218474e-01,1.045707e-02,1.160314e-01,2.379537e-02,1.081103e-01,3.431155e-02,8.956663e-02
1.131895e-01,5.182359e-02,8.055466e-02,8.527130e-02,4.977505e-02,1.173047e-02,3.029549e-03,2.682630e-02,2.445058e-01,1.163176e-02,9.574108e-02,1.928197e-02,8.910776e-02,3.091058e-02,8.662054e-02
1.498009e-01,5.203928e-02,1.365846e-01,6.555098e-02,7.459676e-02,1.528801e-02,3.904629e-03,2.404300e-02,2.077259e-01,1.119737e-02,7.985066e-02,1.521145e-02,6.880515e-02,2.439301e-02,7.100824e-02
1.352216e-01,5.104094e-02,1.413587e-01,4.964672e-02,1.648055e-01,2.278063e-02,2.030080e-02,2.070449e-02,1.863347e-01,9.396540e-03,5.997087e-02,1.131812e-02,5.017994e-02,1.862716e-02,5.831331e-02
1.302970e-01,5.833965e-02,1.290635e-01,4.647605e-02,2.118358e-01,3.273110e-02,4.193396e-02,2.672127e-02,1.616466e-01,7.511834e-03,4.474754e-02,9.118418e-03,3.758901e-02,1.466810e-02,4.732011e-02
1.094601e-01,8.584632e-02,1.381032e-01,6.082615e-02,1.638307e-01,2.588661e-02,3.062916e-02,2.238172e-02,1.297257e-01,9.317891e-03,3.286843e-02,7.624528e-03,2.831007e-02,1.333644e-02,1.418529e-01
1.390610e-01,8.224764e-02,1.145524e-01,6.630737e-02,1.825710e-01,3.045603e-02,2.770446e-02,2.352769e-02,1.313042e-01,7.072245e-03,2.545706e-02,6.184984e-03,2.337547e-02,1.077684e-02,1.294016e-01
1.323236e-01,6.740260e-02,9.178258e-02,1.072426e-01,2.326974e-01,3.048069e-02,2.399236e-02,5.200536e-02,1.139700e-01,5.187441e-03,1.961524e-02,5.296752e-03,1.771189e-02,8.121818e-03,9.216974e-02
1.860911e-01,5.336698e-02,7.864157e-02,9.799144e-02,2.480712e-01,2.661344e-02,1.892944e-02,5.645050e-02,1.090275e-01,4.186424e-03,1.564884e-02,4.767413e-03,2.456114e-02,6.269022e-03,6.938392e-02
2.133407e-01,4.873609e-02,9.596615e-02,1.479417e-01,1.876592e-01,2.355447e-02,1.390949e-02,4.453296e-02,8.781549e-02,8.442150e-03,2.491410e-02,8.278594e-03,2.091926e-02,6.666260e-03,6.732343e-02
2.050862e-01,4.051644e-02,7.365315e-02,1.404957e-01,1.353232e-01,1.941074e-02,9.952341e-03,3.200416e-02,6.636823e-02,1.137041e-02,1.587506e-01,1.196036e-02,2.933330e-02,7.347490e-03,5.842772e-02
1.460605e-01,2.928209e-02,5.207481e-02,1.097348e-01,9.705782e-02,1.438807e-02,7.057739e-03,2.253824e-02,4.972538e-02,1.041051e-02,3.542356e-01,1.029030e-02,4.552155e-02,8.012091e-03,4.361055e-02
1.063022e-01,2.089354e-02,3.671871e-02,7.950521e-02,6.853317e-02,1.197568e-02,4.981346e-03,1.600099e-02,4.703898e-02,8.967085e-02,3.902775e-01,9.125838e-03,5.404693e-02,2.862283e-02,3.630622e-02
8.414537e-02,1.558795e-02,2.614756e-02,5.664418e-02,4.873197e-02,1.026590e-02,3.526800e-03,1.145080e-02,9.932270e-02,9.696195e-02,3.778253e-01,7.141215e-03,4.772994e-02,7.910047e-02,3.541788e-02
6.307296e-02,1.272560e-02,1.999313e-02,4.146805e-02,3.573153e-02,8.378783e-03,2.538982e-03,8.182036e-03,2.629225e-01,9.780532e-02,2.758738e-01,5.732290e-03,3.634667e-02,9.232071e-02,3.690766e-02
5.114064e-02,1.290889e-02,1.758278e-02,3.050486e-02,2.617897e-02,7.565583e-03,1.921558e-03,5.949954e-03,2.660812e-01,8.317282e-02,2.227520e-01,4.760670e-03,2.828684e-02,1.991246e-01,4.206858e-02
3.798223e-02,1.012681e-02,1.272255e-02,2.176890e-02,1.841354e-02,5.935660e-03,1.398783e-03,4.247626e-03,3.602150e-01,7.118318e-02,1.646744e-01,4.402441e-03,2.109490e-02,2.275051e-01,3.832891e-02
6.526235e-02,1.096311e-02,1.003254e-02,2.552486e-02,1.362853e-02,9.162477e-03,1.616198e-03,3.779125e-03,3.189753e-01,5.454736e-02,1.438112e-01,3.954004e-03,1.565917e-02,2.879069e-01,3.517684e-02
5.218848e-02,1.224985e-02,9.765412e-03,2.245771e-02,1.067883e-02,8.380301e-03,1.469589e-03,2.961099e-03,2.686341e-01,6.708165e-02,1.317783e-01,3.707308e-03,1.196396e-02,3.553529e-01,4.133061e-02
3.800162e-02,1.050576e-02,7.483162e-03,1.636728e-02,7.864913e-03,6.470524e-03,1.111551e-03,2.253595e-03,2.024188e-01,8.582616e-02,1.204044e-01,3.433326e-03,9.382850e-03,4.517049e-01,3.677120e-02
2.824501e-02,8.097713e-03,5.807872e-03,1.183955e-02,6.065843e-03,4.850863e-03,8.568203e-04,1.799701e-03,1.518699e-01,9.402367e-02,1.366199e-01,2.659480e-03,6.966937e-03,5.106906e-01,2.960623e-02
2.001609e-02,5.923540e-03,4.268637e-03,8.602136e-03,4.570701e-03,4.362226e-03,6.641817e-04,1.452884e-03,1.103182e-01,2.784392e-01,1.044442e-01,2.486485e-03,5.957463e-03,4.266712e-01,2.182287e-02
1.415030e-02,4.328296e-03,3.008904e-03,6.175584e-03,3.393896e-03,3.586225e-03,4.775581e-04,1.041196e-03,7.962766e-02,4.503806e-01,7.999571e-02,3.592293e-03,5.467042e-03,3.282792e-01,1.649556e-02
1.050823e-02,3.655486e-03,2.157406e-03,5.299000e-03,2.759464e-03,5.725248e-03,3.589619e-04,7.895248e-04,5.903226e-02,5.474703e-01,8.005269e-02,1.648198e-02,1.067324e-02,2.413023e-01,1.373393e-02
7.877949e-03,3.143478e-03,1.566677e-03,4.917566e-03,2.354209e-03,1.090590e-02,3.143377e-04,5.918108e-04,4.366114e-02,5.663613e-01,8.835422e-02,5.212113e-02,2.426931e-02,1.831445e-01,1.041649e-02
6.696008e-03,2.674349e-03,1.157536e-03,4.547691e-03,2.318551e-03,1.138056e-02,2.780683e-04,5.137861e-04,3.313277e-02,4.580568e-01,1.724634e-01,1.268712e-01,3.682749e-02,1.352013e-01,7.880595e-03
5.053610e-03,2.749598e-03,9.932905e-04,4.054976e-03,8.726648e-03,8.146289e-03,2.091665e-04,4.761871e-04,3.362631e-02,3.347571e-01,2.665584e-01,1.792287e-01,5.210404e-02,9.719229e-02,6.123429e-03
8.635592e-03,4.087469e-03,8.916743e-04,5.051562e-03,4.316799e-02,7.258878e-03,8.192617e-04,1.156547e-03,7.789047e-02,2.627070e-01,3.042318e-01,1.528664e-01,5.640682e-02,6.955904e-02,5.269441e-03
1.880601e-02,7.729202e-03,7.246907e-03,1.806114e-02,6.874232e-02,7.127613e-03,1.998318e-03,3.491898e-02,9.687927e-02,2.097794e-01,2.799315e-01,1.413905e-01,5.100199e-02,5.128730e-02,5.099507e-03
1.839229e-02,7.791761e-03,6.762905e-03,2.186013e-02,6.380966e-02,6.157837e-03,1.990362e-03,1.140429e-01,1.578077e-01,1.499773e-01,2.452163e-01,1.183984e-01,4.626384e-02,3.769860e-02,3.830079e-03
1.416336e-02,5.560320e-03,5.031323e-03,1.875935e-02,4.904945e-02,4.393165e-03,1.443748e-03,3.481478e-01,1.143554e-01,1.052657e-01,1.829922e-01,8.607320e-02,3.550932e-02,2.655586e-02,2.699869e-03
1.377180e-02,4.069566e-03,4.332183e-03,2.667796e-02,4.742730e-02,3.284873e-03,1.113580e-03,4.958673e-01,8.447319e-02,7.415415e-02,1.363537e-01,6.124626e-02,2.630030e-02,1.893926e-02,1.988545e-03
1.295765e-02,3.044734e-03,3.322071e-03,3.620030e-02,4.192685e-02,2.708706e-03,8.827017e-04,6.126457e-01,6.002626e-02,5.214160e-02,9.792566e-02,4.290749e-02,1.851849e-02,1.337949e-02,1.412247e-03
1.543350e-02,2.463738e-03,2.616008e-03,2.929598e-02,3.729637e-02,3.365789e-03,7.666053e-04,7.022853e-01,4.312224e-02,3.744901e-02,7.164249e-02,3.018480e-02,1.328452e-02,9.717203e-03,1.076409e-03
1.744540e-02,1.979620e-03,2.096392e-03,2.445117e-02,3.192680e-02,4.060755e-03,6.876375e-04,7.652401e-01,3.096566e-02,2.853602e-02,5.378621e-02,2.127500e-02,9.655160e-03,7.050486e-03,8.436620e-04
4.532941e-02,1.647565e-03,1.772351e-03,1.919961e-02,3.742794e-02,5.425278e-03,9.098592e-04,7.718697e-01,2.300307e-02,2.304951e-02,4.071344e-02,1.540754e-02,8.033306e-03,5.410062e-03,8.014077e-04
7.068214e-02,1.347956e-03,1.603128e-03,1.430936e-02,3.069632e-02,8.036649e-03,1.159003e-03,7.803888e-01,1.801695e-02,2.075490e-02,3.036543e-02,1.127166e-02,6.394677e-03,4.197088e-03,7.759306e-04
8.120692e-02,1.313866e-03,1.613285e-03,1.107139e-02,2.639521e-02,9.879055e-03,1.195241e-03,7.952115e-01,1.467372e-02,1.736282e-02,2.231202e-02,8.603015e-03,5.191627e-03,3.244225e-03,7.261111e-04
7.248979e-02,1.280051e-03,1.757164e-03,8.873206e-03,2.497887e-02,8.564027e-03,1.226717e-03,8.255264e-01,1.232299e-02,1.343749e-02,1.608211e-02,6.390280e-03,3.962945e-03,2.493272e-03,6.147149e-04
6.398935e-02,1.120085e-03,1.762056e-03,6.914999e-03,2.614606e-02,7.505957e-03,1.496368e-03,8.500188e-01,9.797878e-03,9.626828e-03,1.156162e-02,4.651388e-03,3.088829e-03,1.834661e-03,4.851636e-04
1.075771e-01,1.112007e-03,1.450295e-03,5.291651e-03,2.324914e-02,6.785359e-03,1.237249e-03,7.987632e-01,9.756864e-03,6.824937e-03,1.344065e-02,1.009809e-02,1.231881e-02,1.607405e-03,4.872426e-04
2.084113e-01,1.219442e-03,1.182143e-03,4.236678e-03,1.847642e-02,6.090606e-03,1.207814e-03,6.768950e-01,9.779483e-03,4.980380e-03,1.628604e-02,1.924879e-02,2.982887e-02,1.665529e-03,4.914736e-04
2.607819e-01,1.173729e-03,9.151041e-04,3.541247e-03,1.528640e-02,5.727329e-03,1.478530e-03,5.306238e-01,1.189639e-02,3.772358e-03,1.927922e-02,7.275990e-02,6.950690e-02,2.697064e-03,5.601472e-04
2.849928e-01,1.185728e-03,8.267375e-04,3.322528e-03,1.119905e-02,6.767817e-03,1.616426e-03,3.954155e-01,1.273568e-02,3.097981e-03,1.984733e-02,1.660207e-01,8.582957e-02,6.224744e-03,9.174155e-04
3.161323e-01,1.652232e-03,1.152832e-03,4.447890e-03,1.007976e-02,7.413131e-03,1.699535e-03,2.930844e-01,1.871208e-02,3.890174e-03,2.251528e-02,2.214907e-01,8.526096e-02,1.040388e-02,2.064746e-03
2.412088e-01,1.860235e-03,9.309074e-04,3.231099e-03,1.061681e-02,6.679589e-03,1.275594e-03,2.083801e-01,2.733544e-02,4.493310e-03,1.982563e-02,3.804934e-01,8.304182e-02,9.058732e-03,1.568431e-03
1.759277e-01,2.604387e-03,7.895305e-04,2.319390e-03,2.152186e-02,8.961471e-03,1.067238e-03,1.532521e-01,3.080803e-02,4.093806e-03,1.703742e-02,4.579984e-01,1.154080e-01,6.891659e-03,1.319069e-03
1.290037e-01,3.782132e-03,7.664922e-04,1.676123e-03,3.003386e-02,1.991948e-02,1.133868e-03,1.160461e-01,2.541095e-02,4.037357e-03,1.435884e-02,5.164633e-01,1.305672e-01,5.595381e-03,1.205125e-03
9.268110e-02,4.385260e-03,8.635289e-04,1.318870e-03,2.886815e-02,1.786450e-02,2.895789e-03,8.416489e-02,2.267509e-02,1.408260e-02,1.329227e-02,5.923585e-01,1.183453e-01,5.176720e-03,1.027485e-03
6.725945e-02,3.939536e-03,1.067183e-03,1.258523e-03,2.547135e-02,1.392272e-02,2.673485e-03,6.014702e-02,2.200192e-02,3.456791e-02,1.835293e-02,6.427235e-01,9.841560e-02,7.164917e-03,1.033927e-03
5.143905e-02,4.553939e-03,1.681581e-03,1.283493e-03,2.131756e-02,1.690418e-02,2.485675e-03,4.415302e-02,2.427842e-02,1.152954e-01,2.418581e-02,6.006501e-01,8.052222e-02,8.810264e-03,2.439182e-03
4.100553e-02,5.256949e-03,2.713574e-03,1.739413e-03,1.919948e-02,1.992994e-02,2.538735e-03,3.275345e-02,2.693306e-02,1.972494e-01,3.117813e-02,5.343073e-01,7.007767e-02,1.089067e-02,4.226591e-03
3.515192e-02,4.308184e-03,2.309943e-03,5.530898e-03,1.620227e-02,2.343670e-02,2.157859e-03,2.333087e-02,3.056883e-02,2.092094e-01,5.498654e-02,5.072434e-01,6.695178e-02,1.350109e-02,5.110323e-03
3.468657e-02,4.652744e-03,2.085354e-03,5.693418e-03,1.268596e-02,3.231130e-02,1.726535e-03,1.656442e-02,2.745156e-02,2.115525e-01,6.151937e-02,5.043417e-01,6.522956e-02,1.224651e-02,7.252523e-03
3.489799e-02,6.052066e-03,1.985844e-03,5.760835e-03,1.025131e-02,3.143298e-02,1.399653e-03,1.200176e-02,3.136452e-02,2.568576e-01,7.525539e-02,4.309433e-01,7.358489e-02,1.542556e-02,1.278633e-02
2.882054e-02,1.709502e-02,2.175090e-03,5.581488e-03,8.164275e-03,3.264187e-02,1.186259e-03,9.237322e-03,4.713360e-02,1.976646e-01,7.516469e-02,4.686677e-01,6.957388e-02,2.219822e-02,1.469546e-02
2.256228e-02,2.121458e-02,3.291781e-03,5.731729e-03,7.720424e-03,4.621365e-02,1.361050e-03,1.310049e-02,7.228915e-02,1.448503e-01,7.565048e-02,4.743645e-01,7.761534e-02,2.127209e-02,1.276214e-02
1.636044e-02,1.783591e-02,3.055043e-03,4.908104e-03,9.556290e-03,5.013286e-02,1.259970e-03,1.919572e-02,2.721870e-01,1.019687e-01,5.881047e-02,3.521621e-01,6.735913e-02,1.611478e-02,9.093544e-03
1.222914e-02,1.493580e-02,4.139205e-03,4.659901e-03,1.473514e-02,5.421529e-02,1.357723e-03,7.953633e-02,3.380096e-01,7.186020e-02,4.913650e-02,2.740601e-01,6.105402e-02,1.337558e-02,6.695543e-03
8.788246e-03,1.093806e-02,3.194876e-03,4.413358e-03,1.259845e-02,4.123634e-02,1.064127e-03,2.133942e-01,2.870929e-01,5.040483e-02,4.200896e-02,2.328317e-01,7.738936e-02,9.873562e-03,4.771033e-03
6.341749e-03,7.710142e-03,2.371988e-03,3.415812e-03,1.178760e-02,2.926802e-02,7.855929e-04,3.683281e-01,2.113463e-01,3.531688e-02,3.434364e-02,1.854737e-01,9.308945e-02,7.027974e-03,3.393075e-03
4.597857e-03,5.413001e-03,1.751036e-03,2.433636e-03,9.073195e-03,2.053802e-02,5.605051e-04,5.370619e-01,1.487023e-01,2.473741e-02,2.582228e-02,1.337317e-01,7.825143e-02,4.935315e-03,2.390430e-03
3.275992e-03,3.791212e-03,1.270904e-03,1.721637e-03,7.710647e-03,1.445714e-02,4.026566e-04,6.740854e-01,1.041179e-01,1.731683e-02,1.814707e-02,9.364858e-02,5.492419e-02,3.455549e-03,1.674284e-03
2.720264e-03,2.662719e-03,1.061460e-03,1.474353e-03,6.085941e-03,1.178772e-02,2.931753e-04,7.672573e-01,7.292380e-02,1.213243e-02,1.285056e-02,6.563801e-02,3.946314e-02,2.473308e-03,1.175817e-03
2.934275e-03,1.894936e-03,9.607557e-04,2.085594e-03,8.554189e-03,8.562692e-03,2.433418e-04,8.294384e-01,5.115018e-02,8.499284e-03,9.084194e-03,4.599042e-02,2.802934e-02,1.745752e-03,8.266020e-04
5.025106e-03,1.349679e-03,8.073714e-04,3.848947e-03,7.211665e-03,7.355373e-03,1.845479e-04,8.709742e-01,3.587879e-02,5.992509e-03,6.899009e-03,3.248911e-02,2.013218e-02,1.255912e-03,5.955510e-04
8.222671e-03,9.639899e-04,6.781883e-04,4.659411e-03,6.329947e-03,6.188455e-03,1.445882e-04,8.994795e-01,2.517620e-02,4.219749e-03,5.204737e-03,2.295038e-02,1.444073e-02,9.044742e-04,4.369714e-04
8.907245e-03,6.832190e-04,5.041772e-04,3.971442e-03,4.821028e-03,4.914755e-03,1.145743e-04,9.244234e-01,1.765826e-02,2.958757e-03,3.712566e-03,1.611630e-02,1.026295e-02,6.403553e-04,3.109856e-04
1.148961e-02,4.925241e-04,4.096617e-04,3.188691e-03,3.563702e-03,3.987902e-03,1.053127e-04,9.402247e-01,1.241441e-02,2.074101e-03,2.695676e-03,1.137580e-02,7.287932e-03,4.623879e-04,2.276461e-04
1.267530e-02,3.523972e-04,3.271773e-04,2.541970e-03,2.611181e-03,3.230231e-03,8.550570e-05,9.520640e-01,8.742707e-03,1.455281e-03,2.026261e-03,8.122226e-03,5.257252e-03,3.411936e-04,1.673930e-04
2.078004e-02,3.885716e-04,4.277244e-04,3.366160e-03,2.049668e-03,4.970980e-03,1.122127e-04,7.885757e-01,6.494873e-03,1.423962e-03,1.423100e-02,3.922389e-02,1.170112e-01,5.855787e-04,3.584955e-04
1.954377e-02,3.873082e-04,6.082746e-04,4.448139e-03,1.729001e-03,6.339760e-03,1.646709e-04,6.666106e-01,5.577067e-03,1.191342e-03,1.963210e-02,4.602640e-02,2.261416e-01,5.385907e-04,1.061423e-03
2.268705e-02,3.333903e-04,5.236132e-04,3.706745e-03,1.356520e-03,5.587574e-03,2.378843e-04,4.816375e-01,5.126534e-03,9.295468e-04,1.861567e-02,4.175736e-02,4.158928e-01,5.639541e-04,1.043854e-03
3.885452e-02,3.710358e-04,5.415864e-04,2.984897e-03,1.142466e-03,4.487291e-03,2.637362e-04,3.443221e-01,7.590955e-03,7.591413e-04,2.087910e-02,3.605491e-02,5.397059e-01,7.306899e-04,1.311741e-03
4.822486e-02,9.552367e-04,8.885550e-04,3.680709e-03,1.401107e-03,7.286146e-03,9.912271e-04,2.484139e-01,2.029355e-02,6.359807e-04,2.112652e-02,6.120552e-02,5.826647e-01,8.216468e-04,1.410406e-03
3.701434e-02,8.549683e-04,7.957397e-04,2.736205e-03,1.587954e-03,5.343369e-03,9.520564e-04,1.763871e-01,2.001304e-02,5.437799e-04,2.009759e-02,8.794685e-02,6.435390e-01,7.221151e-04,1.465968e-03
3.065274e-02,7.231186e-04,6.541647e-04,1.992019e-03,2.354751e-03,3.886733e-03,8.301553e-04,1.249061e-01,2.247342e-02,4.682044e-04,1.675077e-02,9.535551e-02,6.971510e-01,6.353213e-04,1.166032e-03
1.041616e-01,1.524265e-03,1.043417e-03,1.689078e-03,2.724479e-03,3.372969e-03,1.235817e-03,8.907675e-02,2.305342e-02,1.185366e-03,1.600445e-02,1.583923e-01,5.940343e-01,1.467286e-03,1.034474e-03
9.151498e-02,1.614091e-03,9.965929e-04,1.463837e-03,3.254499e-03,3.138693e-03,1.126259e-03,6.305423e-02,2.384378e-02,2.281317e-03,1.459387e-02,3.068348e-01,4.831973e-01,2.202466e-03,8.832878e-04
9.530760e-02,2.283806e-03,1.032735e-03,1.602685e-03,3.889363e-03,3.469654e-03,1.250730e-03,4.491356e-02,3.368414e-02,4.081028e-03,1.512283e-02,3.877707e-01,4.013452e-01,3.343021e-03,9.029272e-04
6.846581e-02,1.770160e-03,8.565293e-04,1.250991e-03,1.274709e-02,2.802768e-03,1.115075e-03,3.170707e-02,3.385207e-02,3.363723e-03,1.265371e-02,5.236232e-01,3.026970e-01,2.434308e-03,6.605074e-04
5.476563e-02,1.696208e-03,8.447933e-04,1.104121e-03,4.389331e-02,2.627414e-03,1.163274e-03,2.323522e-02,5.024954e-02,3.109379e-03,1.038883e-02,5.630924e-01,2.415480e-01,1.783244e-03,4.986445e-04
5.736855e-02,1.816920e-03,1.210480e-03,1.730625e-03,5.642204e-02,2.424214e-03,1.109564e-03,2.616629e-02,1.013706e-01,3.048259e-03,1.047052e-02,5.487014e-01,1.863323e-01,1.412422e-03,4.158109e-04
4.681145e-02,2.024260e-03,1.542701e-03,1.657366e-03,8.280249e-02,2.052487e-03,1.398383e-03,3.738325e-02,2.229395e-01,2.590700e-03,9.863016e-03,4.471512e-01,1.403928e-01,1.061397e-03,3.289499e-04
3.969350e-02,3.178652e-03,6.215761e-03,1.173721e-02,1.450668e-01,4.100877e-03,1.976757e-03,4.924282e-02,2.953839e-01,2.619737e-03,8.484963e-03,3.284897e-01,1.024592e-01,9.422819e-04,4.078205e-04
2.952810e-02,3.416669e-03,8.655395e-03,9.980595e-03,1.318981e-01,3.910539e-03,2.361196e-03,7.321776e-02,4.147696e-01,2.111874e-03,7.251347e-03,2.360033e-01,7.571423e-02,7.771702e-04,4.040231e-04
2.674655e-02,3.892719e-03,8.341109e-03,9.175611e-03,1.744464e-01,6.265765e-03,5.031029e-03,5.331233e-02,4.811475e-01,1.856479e-03,6.204864e-03,1.668675e-01,5.502523e-02,7.894504e-04,8.974702e-04
2.297861e-02,7.560106e-03,8.023097e-03,2.039180e-02,1.636955e-01,6.207901e-03,5.696739e-03,3.795740e-02,5.600792e-01,1.966112e-03,4.815956e-03,1.173354e-01,4.123163e-02,6.394400e-04,1.421134e-03
2.552147e-02,9.018779e-03,1.092535e-02,9.338946e-02,1.709946e-01,1.112800e-02,6.637380e-03,3.192578e-02,5.154982e-01,2.346484e-03,3.740429e-03,8.302220e-02,3.160341e-02,5.247401e-04,3.723792e-03
5.810099e-02,1.031443e-02,1.045955e-02,1.837869e-01,1.579148e-01,1.046674e-02,6.625128e-03,2.486235e-02,4.370870e-01,3.706377e-03,3.134472e-03,5.953431e-02,2.558249e-02,4.306097e-04,7.993895e-03
6.122585e-02,9.939680e-03,9.012695e-03,2.785601e-01,1.937363e-01,8.701682e-03,7.202414e-03,2.341750e-02,3.360295e-01,2.840710e-03,2.432959e-03,4.196354e-02,1.831484e-02,3.158735e-04,6.306421e-03
9.473047e-02,1.076629e-02,8.216329e-03,2.645830e-01,2.499300e-01,1.001826e-02,9.548304e-03,3.334397e-02,2.649474e-01,2.348432e-03,2.106956e-03,2.986731e-02,1.368540e-02,2.816773e-04,5.626315e-03
