1.000000e+00,0.000000e+00,0.000000e+00,0.000000e+00,0.000000e+00,0.000000e+00,0.000000e+00,0.000000e+00,0.000000e+00,0.000000e+00,0.000000e+00,0.000000e+00,0.000000e+00,0.000000e+00,0.000000e+00
1.000000e+00,0.000000e+00,0.000000e+00,0.000000e+00,0.000000e+00,0.000000e+00,0.000000e+00,0.000000e+00,0.000000e+00,0.000000e+00,0.000000e+00,0.000000e+00,0.000000e+00,0.000000e+00,0.000000e+00
1.000000e+00,0.000000e+00,0.000000e+00,0.000000e+00,0.000000e+00,0.000000e+00,0.000000e+00,0.000000e+00,0.000000e+00,0.000000e+00,0.000000e+00,0.000000e+00,0.000000e+00,0.000000e+00,0.000000e+00
1.000000e+00,0.000000e+00,0.000000e+00,0.000000e+00,0.000000e+00,0.000000e+00,0.000000e+00,0.000000e+00,0.000000e+00,0.000000e+00,0.000000e+00,0.000000e+00,0.000000e+00,0.000000e+00,0.000000e+00
1.000000e+00,0.000000e+00,0.000000e+00,0.000000e+00,0.000000e+00,0.000000e+00,0.000000e+00,0.000000e+00,0.000000e+00,0.000000e+00,0.000000e+00,0.000000e+00,0.000000e+00,0.000000e+00,0.000000e+00
1.000000e+00,0.000000e+00,0.000000e+00,0.000000e+00,0.000000e+00,0.000000e+00,0.000000e+00,0.000000e+00,0.000000e+00,0.000000e+00,0.000000e+00,0.000000e+00,0.000000e+00,0.000000e+00,0.000000e+00
1.000000e+00,0.000000e+00,0.000000e+00,0.000000e+00,0.000000e+00,0.000000e+00,0.000000e+00,0.000000e+00,0.000000e+00,0.000000e+00,0.000000e+00,0.000000e+00,0.000000e+00,0.000000e+00,0.000000e+00
1.000000e+00,0.000000e+00,0.000000e+00,0.000000e+00,0.000000e+00,0.000000e+00,0.000000e+00,0.000000e+00,0.000000e+00,0.000000e+00,0.000000e+00,0.000000e+00,0.000000e+00,0.000000e+00,0.000000e+00
1.000000e+00,0.000000e+00,0.000000e+00,0.000000e+00,0.000000e+00,0.000000e+00,0.000000e+00,0.000000e+00,0.000000e+00,0.000000e+00,0.000000e+00,0.000000e+00,0.000000e+00,0.000000e+00,0.000000e+00
1.000000e+00,0.000000e+00,0.000000e+00,0.000000e+00,0.000000e+00,0.000000e+00,0.000000e+00,0.000000e+00,0.000000e+00,0.000000e+00,0.000000e+00,0.000000e+00,0.000000e+00,0.000000e+00,0.000000e+00
1.000000e+00,0.000000e+00,0.000000e+00,0.000000e+00,0.000000e+00,0.000000e+00,0.000000e+00,0.000000e+00,0.000000e+00,0.000000e+00,0.000000e+00,0.000000e+00,0.000000e+00,0.000000e+00,0.000000e+00
1.000000e+00,0.000000e+00,0.000000e+00,0.000000e+00,0.000000e+00,0.000000e+00,0.000000e+00,0.000000e+00,0.000000e+00,0.000000e+00,0.000000e+00,0.000000e+00,0.000000e+00,0.000000e+00,0.000000e+00
1.000000e+00,0.000000e+00,0.000000e+00,0.000000e+00,0.000000e+00,0.000000e+00,0.000000e+00,0.000000e+00,0.000000e+00,0.000000e+00,0.000000e+00,0.000000e+00,0.000000e+00,0.000000e+00,0.000000e+00
1.000000e+00,0.000000e+00,0.000000e+00,0.000000e+00,0.000000e+00,0.000000e+00,0.000000e+00,0.000000e+00,0.000000e+00,0.000000e+00,0.000000e+00,0.000000e+00,0.000000e+00,0.000000e+00,0.000000e+00
1.000000e+00,0.000000e+00,0.000000e+00,0.000000e+00,0.000000e+00,0.000000e+00,0.000000e+00,0.000000e+00,0.000000e+00,0.000000e+00,0.000000e+00,0.000000e+00,0.000000e+00,0.000000e+00,0.000000e+00
1.000000e+00,0.000000e+00,0.000000e+00,0.000000e+00,0.000000e+00,0.000000e+00,0.000000e+00,0.000000e+00,0.000000e+00,0.000000e+00,0.000000e+00,0.000000e+00,0.000000e+00,0.000000e+00,0.000000e+00
1.000000e+00,0.000000e+00,0.000000e+00,0.000000e+00,0.000000e+00,0.000000e+00,0.000000e+00,0.000000e+00,0.000000e+00,0.000000e+00,0.000000e+00,0.000000e+00,0.000000e+00,0.000000e+00,0.000000e+00
1.000000e+00,0.000000e+00,0.000000e+00,0.000000e+00,0.000000e+00,0.000000e+00,0.000000e+00,0.000000e+00,0.000000e+00,0.000000e+00,0.000000e+00,0.000000e+00,0.000000e+00,0.000000e+00,0.000000e+00
1.000000e+00,0.000000e+00,0.000000e+00,0.000000e+00,0.000000e+00,0.000000e+00,0.000000e+00,0.000000e+00,0.000000e+00,0.000000e+00,0.000000e+00,0.000000e+00,0.000000e+00,0.000000e+00,0.000000e+00
1.000000e+00,0.000000e+00,0.000000e+00,0.000000e+00,0.000000e+00,0.000000e+00,0.000000e+00,0.000000e+00,0.000000e+00,0.000000e+00,0.000000e+00,0.000000e+00,0.000000e+00,0.000000e+00,0.000000e+00
1.000000e+00,0.000000e+00,0.000000e+00,0.000000e+00,0.000000e+00,0.000000e+00,0.000000e+00,0.000000e+00,0.000000e+00,0.000000e+00,0.000000e+00,0.000000e+00,0.000000e+00,0.000000e+00,0.000000e+00
1.000000e+00,0.000000e+00,0.000000e+00,0.000000e+00,0.000000e+00,0.000000e+00,0.000000e+00,0.000000e+00,0.000000e+00,0.000000e+00,0.000000e+00,0.000000e+00,0.000000e+00,0.000000e+00,0.000000e+00
1.000000e+00,0.000000e+00,0.000000e+00,0.000000e+00,0.000000e+00,0.000000e+00,0.000000e+00,0.000000e+00,0.000000e+00,0.000000e+00,0.000000e+00,0.000000e+00,0.000000e+00,0.000000e+00,0.000000e+00
1.000000e+00,0.000000e+00,0.000000e+00,0.000000e+00,0.000000e+00,0.000000e+00,0.000000e+00,0.000000e+00,0.000000e+00,0.000000e+00,0.000000e+00,0.000000e+00,0.000000e+00,0.000000e+00,0.000000e+00
1.000000e+00,0.000000e+00,0.000000e+00,0.000000e+00,0.000000e+00,0.000000e+00,0.000000e+00,0.000000e+00,0.000000e+00,0.000000e+00,0.000000e+00,0.000000e+00,0.000000e+00,0.000000e+00,0.000000e+00
1.000000e+00,0.000000e+00,0.000000e+00,0.000000e+00,0.000000e+00,0.000000e+00,0.000000e+00,0.000000e+00,0.000000e+00,0.000000e+00,0.000000e+00,0.000000e+00,0.000000e+00,0.000000e+00,0.000000e+00
1.000000e+00,0.000000e+00,0.000000e+00,0.000000e+00,0.000000e+00,0.000000e+00,0.000000e+00,0.000000e+00,0.000000e+00,0.000000e+00,0.000000e+00,0.000000e+00,0.000000e+00,0.000000e+00,0.000000e+00
1.000000e+00,0.000000e+00,0.000000e+00,0.000000e+00,0.000000e+00,0.000000e+00,0.000000e+00,0.000000e+00,0.000000e+00,0.000000e+00,0.000000e+00,0.000000e+00,0.000000e+00,0.000000e+00,0.000000e+00
1.000000e+00,0.000000e+00,0.000000e+00,0.000000e+00,0.000000e+00,0.000000e+00,0.000000e+00,0.000000e+00,0.000000e+00,0.000000e+00,0.000000e+00,0.000000e+00,0.000000e+00,0.000000e+00,0.000000e+00
1.000000e+00,0.000000e+00,0.000000e+00,0.000000e+00,0.000000e+00,0.000000e+00,0.000000e+00,0.000000e+00,0.000000e+00,0.000000e+00,0.000000e+00,0.000000e+00,0.000000e+00,0.000000e+00,0.000000e+00
1.000000e+00,0.000000e+00,0.000000e+00,0.000000e+00,0.000000e+00,0.000000e+00,0.000000e+00,0.000000e+00,0.000000e+00,0.000000e+00,0.000000e+00,0.000000e+00,0.000000e+00,0.000000e+00,0.000000e+00
1.000000e+00,0.000000e+00,0.000000e+00,0.000000e+00,0.000000e+00,0.000000e+00,0.000000e+00,0.000000e+00,0.000000e+00,0.000000e+00,0.000000e+00,0.000000e+00,0.000000e+00,0.000000e+00,0.000000e+00
1.000000e+00,0.000000e+00,0.000000e+00,0.000000e+00,0.000000e+00,0.000000e+00,0.000000e+00,0.000000e+00,0.000000e+00,0.000000e+00,0.000000e+00,0.000000e+00,0.000000e+00,0.000000e+00,0.000000e+00
1.000000e+00,0.000000e+00,0.000000e+00,0.000000e+00,0.000000e+00,0.000000e+00,0.000000e+00,0.000000e+00,0.000000e+00,0.000000e+00,0.000000e+00,0.000000e+00,0.000000e+00,0.000000e+00,0.000000e+00
1.000000e+00,0.000000e+00,0.000000e+00,0.000000e+00,0.000000e+00,0.000000e+00,0.000000e+00,0.000000e+00,0.000000e+00,0.000000e+00,0.000000e+00,0.000000e+00,0.000000e+00,0.000000e+00,0.000000e+00
1.000000e+00,0.000000e+00,0.000000e+00,0.000000e+00,0.000000e+00,0.000000e+00,0.000000e+00,0.000000e+00,0.000000e+00,0.000000e+00,0.000000e+00,0.000000e+00,0.000000e+00,0.000000e+00,0.000000e+00
1.000000e+00,0.000000e+00,0.000000e+00,0.000000e+00,0.000000e+00,0.000000e+00,0.000000e+00,0.000000e+00,0.000000e+00,0.000000e+00,0.000000e+00,0.000000e+00,0.000000e+00,0.000000e+00,0.000000e+00
1.000000e+00,0.000000e+00,0.000000e+00,0.000000e+00,0.000000e+00,0.000000e+00,0.000000e+00,0.000000e+00,0.000000e+00,0.000000e+00,0.000000e+00,0.000000e+00,0.000000e+00,0.000000e+00,0.000000e+00
1.000000e+00,0.000000e+00,0.000000e+00,0.000000e+00,0.000000e+00,0.000000e+00,0.000000e+00,0.000000e+00,0.000000e+00,0.000000e+00,0.000000e+00,0.000000e+00,0.000000e+00,0.000000e+00,0.000000e+00
1.000000e+00,0.000000e+00,0.000000e+00,0.000000e+00,0.000000e+00,0.000000e+00,0.000000e+00,0.000000e+00,0.000000e+00,0.000000e+00,0.000000e+00,0.000000e+00,0.000000e+00,0.000000e+00,0.000000e+00
1.000000e+00,0.000000e+00,0.000000e+00,0.000000e+00,0.000000e+00,0.000000e+00,0.000000e+00,0.000000e+00,0.000000e+00,0.000000e+00,0.000000e+00,0.000000e+00,0.000000e+00,0.000000e+00,0.000000e+00
1.000000e+00,0.000000e+00,0.000000e+00,0.000000e+00,0.000000e+00,0.000000e+00,0.000000e+00,0.000000e+00,0.000000e+00,0.000000e+00,0.000000e+00,0.000000e+00,0.000000e+00,0.000000e+00,0.000000e+00
1.000000e+00,0.000000e+00,0.000000e+00,0.000000e+00,0.000000e+00,0.000000e+00,0.000000e+00,0.000000e+00,0.000000e+00,0.000000e+00,0.000000e+00,0.000000e+00,0.000000e+00,0.000000e+00,0.000000e+00
1.000000e+00,0.000000e+00,0.000000e+00,0.000000e+00,0.000000e+00,0.000000e+00,0.000000e+00,0.000000e+00,0.000000e+00,0.000000e+00,0.000000e+00,0.000000e+00,0.000000e+00,0.000000e+00,0.000000e+00
1.000000e+00,0.000000e+00,0.000000e+00,0.000000e+00,0.000000e+00,0.000000e+00,0.000000e+00,0.000000e+00,0.000000e+00,0.000000e+00,0.000000e+00,0.000000e+00,0.000000e+00,0.000000e+00,0.000000e+00
1.000000e+00,0.000000e+00,0.000000e+00,0.000000e+00,0.000000e+00,0.000000e+00,0.000000e+00,0.000000e+00,0.000000e+00,0.000000e+00,0.000000e+00,0.000000e+00,0.000000e+00,0.000000e+00,0.000000e+00
1.000000e+00,0.000000e+00,0.000000e+00,0.000000e+00,0.000000e+00,0.000000e+00,0.000000e+00,0.000000e+00,0.000000e+00,0.000000e+00,0.000000e+00,0.000000e+00,0.000000e+00,0.000000e+00,0.000000e+00
1.000000e+00,0.000000e+00,0.000000e+00,0.000000e+00,0.000000e+00,0.000000e+00,0.000000e+00,0.000000e+00,0.000000e+00,0.000000e+00,0.000000e+00,0.000000e+00,0.000000e+00,0.000000e+00,0.000000e+00
1.000000e+00,0.000000e+00,0.000000e+00,0.000000e+00,0.000000e+00,0.000000e+00,0.000000e+00,0.000000e+00,0.000000e+00,0.000000e+00,0.000000e+00,0.000000e+00,0.000000e+00,0.000000e+00,0.000000e+00
1.000000e+00,0.000000e+00,0.000000e+00,0.000000e+00,0.000000e+00,0.000000e+00,0.000000e+00,0.000000e+00,0.000000e+00,0.000000e+00,0.000000e+00,0.000000e+00,0.000000e+00,0.000000e+00,0.000000e+00
1.000000e+00,0.000000e+00,0.000000e+00,0.000000e+00,0.000000e+00,0.000000e+00,0.000000e+00,0.000000e+00,0.000000e+00,0.000000e+00,0.000000e+00,0.000000e+00,0.000000e+00,0.000000e+00,0.000000e+00
1.000000e+00,0.000000e+00,0.000000e+00,0.000000e+00,0.000000e+00,0.000000e+00,0.000000e+00,0.000000e+00,0.000000e+00,0.000000e+00,0.000000e+00,0.000000e+00,0.000000e+00,0.000000e+00,0.000000e+00
1.000000e+00,0.000000e+00,0.000000e+00,0.000000e+00,0.000000e+00,0.000000e+00,0.000000e+00,0.000000e+00,0.000000e+00,0.000000e+00,0.000000e+00,0.000000e+00,0.000000e+00,0.000000e+00,0.000000e+00
1.000000e+00,0.000000e+00,0.000000e+00,0.000000e+00,0.000000e+00,0.000000e+00,0.000000e+00,0.000000e+00,0.000000e+00,0.000000e+00,0.000000e+00,0.000000e+00,0.000000e+00,0.000000e+00,0.000000e+00
1.000000e+00,0.000000e+00,0.000000e+00,0.000000e+00,0.000000e+00,0.000000e+00,0.000000e+00,0.000000e+00,0.000000e+00,0.000000e+00,0.000000e+00,0.000000e+00,0.000000e+00,0.000000e+00,0.000000e+00
1.000000e+00,0.000000e+00,0.000000e+00,0.000000e+00,0.000000e+00,0.000000e+00,0.000000e+00,0.000000e+00,0.000000e+00,0.000000e+00,0.000000e+00,0.000000e+00,0.000000e+00,0.000000e+00,0.000000e+00
1.000000e+00,0.000000e+00,0.000000e+00,0.000000e+00,0.000000e+00,0.000000e+00,0.000000e+00,0.000000e+00,0.000000e+00,0.000000e+00,0.000000e+00,0.000000e+00,0.000000e+00,0.000000e+00,0.000000e+00
4.869029e-01,1.704185e-02,6.543408e-03,7.335454e-02,4.517279e-03,1.462362e-02,2.322224e-03,6.069916e-03,4.793282e-03,2.221836e-03,4.870300e-02,2.848930e-01,3.345376e-02,2.971126e-03,1.158824e-02
3.417534e-01,1.235337e-02,4.680115e-03,8.272953e-02,3.347570e-03,1.131348e-02,1.651222e-03,4.786819e-03,4.553333e-03,1.763775e-03,7.222430e-02,4.206517e-01,2.725182e-02,2.472873e-03,8.466693e-03
2.395075e-01,8.924563e-03,3.342990e-03,9.936413e-02,4.818515e-03,9.634075e-03,1.183221e-03,3.544263e-03,4.248838e-03,1.613689e-03,1.458626e-01,4.501251e-01,1.991491e-02,1.828696e-03,6.087051e-03
1.676871e-01,6.261055e-03,2.350438e-03,7.251532e-02,2.467258e-02,7.027354e-03,8.505417e-04,2.525000e-03,5.921271e-03,2.087194e-03,2.857565e-01,4.018566e-01,1.460905e-02,1.594747e-03,4.285386e-03
1.174101e-01,4.390891e-03,1.654028e-03,5.335294e-02,4.222382e-02,5.294566e-03,6.394855e-04,1.803301e-03,7.640752e-03,3.082851e-03,4.001254e-01,3.467668e-01,1.084704e-02,1.744279e-03,3.023776e-03
8.223417e-02,3.130811e-03,1.223082e-03,3.847051e-02,1.035134e-01,4.354806e-03,4.836459e-04,1.527226e-03,1.972199e-02,2.603262e-03,4.090618e-01,3.195069e-01,9.749617e-03,2.253816e-03,2.164972e-03
5.764468e-02,2.207519e-03,8.991440e-04,2.723085e-02,1.508895e-01,3.973468e-03,3.612124e-04,1.883676e-03,2.469695e-02,2.100852e-03,4.044642e-01,3.079966e-01,1.204746e-02,2.073283e-03,1.530596e-03
4.078134e-02,1.591886e-03,1.002773e-03,1.922857e-02,2.338339e-01,3.584742e-03,4.156381e-04,1.542410e-02,4.289138e-02,1.863749e-03,3.169113e-01,3.057170e-01,1.344850e-02,2.212896e-03,1.092230e-03
2.910288e-02,1.169435e-03,1.384072e-03,1.361585e-02,1.791222e-01,5.341367e-03,4.356065e-04,2.746198e-02,5.161716e-02,1.477978e-03,2.260345e-01,4.394792e-01,2.054118e-02,2.421498e-03,7.951006e-04
2.099554e-02,1.158608e-03,2.023381e-03,9.685692e-03,1.414247e-01,5.198102e-03,5.318551e-04,2.865877e-02,1.468473e-01,1.242869e-03,1.608359e-01,4.509795e-01,2.737601e-02,2.404689e-03,6.369723e-04
1.504923e-02,1.114264e-03,2.034863e-03,6.909429e-03,1.041743e-01,4.099713e-03,4.343038e-04,2.316477e-02,2.213218e-01,1.146553e-03,1.139817e-01,4.703284e-01,3.366416e-02,2.031552e-03,5.449443e-04
1.120551e-02,1.019505e-03,2.218260e-03,4.999806e-03,7.937603e-02,3.313381e-03,6.121140e-04,3.180782e-02,3.055964e-01,1.293444e-03,8.278936e-02,4.190052e-01,5.446503e-02,1.768703e-03,5.294515e-04
1.042899e-02,2.686352e-03,3.170639e-03,3.878357e-03,6.056514e-02,3.327787e-03,6.170571e-04,3.694611e-02,4.533209e-01,1.763578e-03,5.914999e-02,3.126365e-01,4.890571e-02,1.960566e-03,6.422902e-04
8.615243e-03,2.787796e-03,2.802307e-03,2.992358e-03,4.889386e-02,2.844432e-03,5.519138e-04,3.021623e-02,5.896479e-01,1.594158e-03,4.213178e-02,2.226201e-01,4.209845e-02,1.588317e-03,6.152021e-04
9.609746e-03,3.049355e-03,2.444535e-03,2.872548e-03,4.589844e-02,2.658702e-03,6.490056e-04,2.339764e-02,6.813223e-01,1.492195e-03,3.007195e-02,1.581483e-01,3.621822e-02,1.397245e-03,7.698444e-04
1.131631e-02,4.757803e-03,2.568566e-03,8.462457e-03,4.720464e-02,3.061805e-03,7.594326e-04,2.321752e-02,7.313403e-01,2.061495e-03,2.168339e-02,1.116714e-01,2.818412e-02,1.679379e-03,2.031477e-03
1.203932e-02,5.241295e-03,1.959923e-03,6.838416e-03,6.396414e-02,3.920801e-03,1.157083e-03,2.145531e-02,7.631087e-01,1.555606e-03,1.561464e-02,7.905364e-02,2.115135e-02,1.357311e-03,1.582428e-03
1.160575e-02,1.010836e-02,1.514716e-03,5.873404e-03,1.079758e-01,5.285987e-03,1.477641e-03,1.711268e-02,7.505330e-01,1.395530e-03,1.120069e-02,5.572146e-02,1.712519e-02,1.205381e-03,1.864416e-03
2.163443e-02,1.313787e-02,6.245032e-03,6.078175e-02,1.542290e-01,4.458238e-03,1.709258e-03,4.670741e-02,6.254365e-01,1.773854e-03,8.234768e-03,3.954399e-02,1.261579e-02,9.342135e-04,2.557879e-03
4.279945e-02,1.174250e-02,1.273174e-02,9.373248e-02,2.019490e-01,4.158834e-03,2.614609e-03,7.965825e-02,4.979175e-01,2.501483e-03,6.847088e-03,2.813524e-02,9.659312e-03,8.129362e-04,4.739535e-03
7.787585e-02,1.200912e-02,1.834508e-02,1.042756e-01,2.216109e-01,5.625099e-03,4.364420e-03,9.217098e-02,4.213766e-01,2.655793e-03,5.276863e-03,2.077964e-02,7.976981e-03,7.299047e-04,4.927116e-03
1.263053e-01,1.465846e-02,1.657906e-02,8.053926e-02,2.571403e-01,6.928572e-03,5.794170e-03,1.012548e-01,3.560576e-01,2.094833e-03,4.484982e-03,1.539633e-02,6.526295e-03,1.166086e-03,5.073889e-03
1.587701e-01,1.844291e-02,2.235551e-02,6.243597e-02,2.137472e-01,8.540915e-03,4.654512e-03,1.280358e-01,3.221338e-01,1.344319e-02,5.354190e-03,1.156642e-02,5.746282e-03,3.174696e-03,2.159855e-02
2.109901e-01,2.550477e-02,2.457712e-02,6.086856e-02,1.628096e-01,8.392297e-03,3.913164e-03,1.599823e-01,2.752848e-01,1.510105e-02,6.524362e-03,1.078052e-02,6.831033e-03,3.618974e-03,2.482127e-02
2.930709e-01,2.690165e-02,2.817055e-02,5.114958e-02,1.300412e-01,9.715803e-03,3.640060e-03,1.835280e-01,2.096751e-01,1.340142e-02,6.876796e-03,9.511029e-03,6.613203e-03,5.812692e-03,2.189195e-02
3.494315e-01,2.657649e-02,3.175585e-02,4.943429e-02,1.249580e-01,1.524316e-02,3.450042e-03,1.765405e-01,1.659418e-01,1.039454e-02,7.375082e-03,8.280056e-03,5.920463e-03,7.270104e-03,1.742802e-02
3.911101e-01,2.448533e-02,2.544816e-02,5.032862e-02,1.099196e-01,1.668921e-02,2.878547e-03,1.807294e-01,1.446613e-01,8.857159e-03,7.821538e-03,8.781029e-03,5.391783e-03,8.151122e-03,1.474713e-02
3.784517e-01,4.409362e-02,2.187431e-02,3.980634e-02,1.018342e-01,4.196220e-02,2.402242e-03,1.362288e-01,1.476944e-01,8.501379e-03,8.155102e-03,7.956982e-03,8.662176e-03,2.111254e-02,3.126395e-02
3.726490e-01,7.141221e-02,1.780559e-02,5.081337e-02,8.949129e-02,4.180554e-02,2.672495e-03,1.152398e-01,1.490254e-01,7.864822e-03,7.992038e-03,7.952500e-03,1.024283e-02,1.957910e-02,3.545405e-02
3.716918e-01,9.198302e-02,1.436196e-02,6.026491e-02,7.574449e-02,3.821561e-02,2.744175e-03,1.013381e-01,1.418506e-01,7.823968e-03,7.806501e-03,8.636238e-03,1.440810e-02,1.621835e-02,4.691218e-02
3.631881e-01,9.907260e-02,1.231734e-02,5.508326e-02,6.503142e-02,4.672603e-02,2.462035e-03,1.411945e-01,1.303864e-01,6.068428e-03,7.444744e-03,7.606684e-03,1.411618e-02,1.258240e-02,3.671988e-02
3.073621e-01,8.210453e-02,1.179444e-02,4.464988e-02,5.056354e-02,3.886381e-02,2.249365e-03,2.922782e-01,1.005186e-01,4.564475e-03,6.229953e-03,6.142793e-03,1.128112e-02,9.913293e-03,3.148399e-02
2.700400e-01,6.199600e-02,1.522409e-02,3.366316e-02,3.747555e-02,2.976969e-02,2.880216e-03,4.211661e-01,7.462184e-02,3.441516e-03,4.880120e-03,5.013558e-03,8.744632e-03,7.680179e-03,2.340333e-02
2.717724e-01,4.445285e-02,1.904550e-02,2.684784e-02,2.733373e-02,2.878291e-02,3.799944e-03,4.811310e-01,5.319213e-02,2.599130e-03,4.147456e-03,5.897269e-03,6.692930e-03,5.799051e-03,1.850585e-02
2.345177e-01,3.241712e-02,1.806157e-02,2.090168e-02,2.024543e-02,2.400633e-02,3.688430e-03,5.734957e-01,3.843014e-02,2.076604e-03,3.491805e-03,5.001634e-03,5.079958e-03,4.312835e-03,1.427311e-02
1.927724e-01,2.313352e-02,1.329342e-02,1.530025e-02,1.511100e-02,1.760658e-02,3.217799e-03,6.673708e-01,2.737720e-02,1.491253e-03,2.636495e-03,3.696653e-03,3.718899e-03,3.098257e-03,1.017551e-02
1.482879e-01,1.640988e-02,9.811199e-03,1.119073e-02,1.186783e-02,1.288088e-02,2.748979e-03,7.495244e-01,1.940266e-02,1.074229e-03,1.945027e-03,2.704139e-03,2.667441e-03,2.229593e-03,7.255110e-03
1.175929e-01,1.173624e-02,7.921796e-03,8.418672e-03,1.166272e-02,9.368287e-03,2.563809e-03,8.038909e-01,1.389786e-02,7.894532e-04,1.456757e-03,1.988588e-03,1.939278e-03,1.610216e-03,5.162443e-03
9.473084e-02,8.308782e-03,6.070514e-03,6.305747e-03,9.265517e-03,6.946670e-03,2.735791e-03,8.463517e-01,9.789958e-03,5.805591e-04,1.073268e-03,1.533626e-03,1.447211e-03,1.160668e-03,3.699145e-03
8.328771e-02,5.977408e-03,4.702681e-03,4.994676e-03,7.668270e-03,5.507443e-03,2.868783e-03,8.697618e-01,6.976665e-03,5.428041e-04,9.493553e-04,1.811632e-03,1.333196e-03,8.708087e-04,2.746764e-03
7.097553e-02,4.427708e-03,3.557201e-03,3.892447e-03,6.422201e-03,4.414241e-03,3.163346e-03,8.909261e-01,5.095513e-03,5.064162e-04,8.057363e-04,1.823949e-03,1.303767e-03,6.428351e-04,2.043005e-03
5.566446e-02,3.153257e-03,2.633634e-03,2.991930e-03,4.907778e-03,3.307379e-03,2.793435e-03,9.154317e-01,3.644899e-03,4.020782e-04,6.186139e-04,1.470245e-03,1.029165e-03,4.667751e-04,1.484637e-03
4.534313e-02,2.241217e-03,1.947848e-03,2.273353e-03,4.037600e-03,2.489870e-03,2.656018e-03,9.322177e-01,2.610909e-03,3.065877e-04,4.783491e-04,1.171556e-03,8.060574e-04,3.378007e-04,1.082007e-03
5.057998e-02,1.718379e-03,1.589558e-03,1.873785e-03,3.874880e-03,2.318213e-03,3.087415e-03,9.267995e-01,2.099581e-03,3.474902e-04,9.030379e-04,1.895872e-03,1.504958e-03,3.411713e-04,1.066101e-03
6.329101e-02,1.821729e-03,1.461812e-03,1.748060e-03,5.579576e-03,2.392486e-03,3.310699e-03,9.034199e-01,2.462974e-03,6.684864e-04,2.668495e-03,3.450349e-03,5.695269e-03,4.902416e-04,1.538903e-03
7.568798e-02,1.535878e-03,1.095760e-03,1.529265e-03,6.104283e-03,2.080915e-03,2.649055e-03,8.869863e-01,3.148795e-03,5.829590e-04,3.362517e-03,3.757983e-03,9.350901e-03,4.267137e-04,1.700701e-03
1.249683e-01,1.386244e-03,8.917691e-04,1.484568e-03,6.431876e-03,2.188365e-03,2.165314e-03,8.266406e-01,4.299326e-03,5.463660e-04,4.180619e-03,6.263468e-03,1.631560e-02,4.337428e-04,1.803838e-03
2.018560e-01,1.473318e-03,8.828836e-04,1.523069e-03,6.273105e-03,2.846222e-03,1.906055e-03,7.306690e-01,6.095060e-03,5.380503e-04,5.531241e-03,9.733707e-03,2.789036e-02,4.976246e-04,2.284246e-03
2.637387e-01,1.885289e-03,1.581574e-03,3.059029e-03,7.202250e-03,7.673969e-03,2.262285e-03,6.127414e-01,1.462721e-02,6.539366e-04,8.904274e-03,1.631588e-02,5.406423e-02,6.544497e-04,4.635457e-03
3.134847e-01,2.624225e-03,2.911331e-03,4.383830e-03,1.132297e-02,1.499407e-02,2.628342e-03,5.236375e-01,1.743498e-02,6.383185e-04,9.950560e-03,2.236330e-02,6.674464e-02,5.800850e-04,6.301145e-03
4.177245e-01,3.725744e-03,3.165497e-03,6.504015e-03,1.391716e-02,1.601648e-02,2.117961e-03,3.919236e-01,2.076327e-02,5.792991e-04,1.302892e-02,3.139475e-02,7.181743e-02,5.924667e-04,6.728909e-03
3.546474e-01,4.305185e-03,2.792223e-03,1.029880e-02,1.958959e-02,1.421476e-02,1.893808e-03,2.938063e-01,8.769874e-02,5.476612e-04,1.643897e-02,8.924691e-02,9.726490e-02,6.011607e-04,6.653623e-03
2.824095e-01,3.571626e-03,2.508101e-03,1.105398e-02,2.486974e-02,1.227202e-02,1.702764e-03,2.091395e-01,1.439227e-01,5.272427e-04,3.500881e-02,1.527728e-01,1.139782e-01,5.690500e-04,5.693989e-03
2.188377e-01,3.439403e-03,1.980888e-03,1.176283e-02,2.052480e-02,1.212472e-02,1.378980e-03,1.476907e-01,2.541969e-01,6.573386e-04,4.429343e-02,1.740736e-01,1.024409e-01,6.079312e-04,5.989863e-03
1.940672e-01,3.937484e-03,1.698507e-03,1.401083e-02,1.615588e-02,1.541199e-02,1.247907e-03,1.050196e-01,3.049724e-01,1.086438e-03,5.500305e-02,1.876382e-01,9.182459e-02,7.486679e-04,7.177265e-03
1.754263e-01,6.825100e-03,2.205272e-03,4.874945e-02,1.503321e-02,1.473038e-02,1.052644e-03,7.592831e-02,3.147999e-01,2.542930e-03,7.115239e-02,1.625070e-01,9.682411e-02,1.301031e-03,1.092201e-02
1.805877e-01,7.335956e-03,1.942785e-03,4.622277e-02,1.515363e-02,1.433338e-02,1.257490e-03,5.471708e-02,3.542974e-01,2.531649e-03,6.773495e-02,1.480006e-01,9.295414e-02,1.321118e-03,1.160940e-02
1.838350e-01,8.566982e-03,2.193471e-03,4.565360e-02,1.710503e-02,1.509191e-02,1.178802e-03,4.159385e-02,3.379356e-01,3.476824e-03,7.356805e-02,1.433008e-01,1.105570e-01,2.609929e-03,1.333323e-02
1.778259e-01,9.433852e-03,2.123344e-03,3.895763e-02,1.823979e-02,2.348097e-02,1.446443e-03,3.011502e-02,3.682722e-01,3.820822e-03,7.370933e-02,1.179042e-01,1.112161e-01,3.140508e-03,2.031394e-02
1.459092e-01,1.535070e-02,2.185893e-02,1.174021e-01,1.626478e-02,1.778262e-02,1.197436e-03,2.429262e-02,3.491317e-01,5.112115e-03,6.036397e-02,8.860233e-02,9.728772e-02,3.858893e-03,3.558488e-02
1.488374e-01,1.567063e-02,3.003978e-02,8.706650e-02,1.651348e-02,1.378151e-02,1.427536e-03,7.851736e-02,3.076565e-01,4.503821e-03,5.684104e-02,8.723749e-02,1.066609e-01,5.356862e-03,3.988929e-02
1.238879e-01,1.459861e-02,7.851741e-02,7.282890e-02,4.704723e-02,1.173702e-02,2.022422e-03,6.662607e-02,3.196881e-01,4.008720e-03,5.718981e-02,6.873573e-02,9.155177e-02,5.519593e-03,3.604079e-02
1.450569e-01,1.450937e-02,1.297175e-01,1.055515e-01,6.446230e-02,1.139911e-02,2.725289e-03,7.213864e-02,2.564893e-01,5.199065e-03,4.302849e-02,5.084690e-02,6.629647e-02,4.613967e-03,2.796534e-02
1.605771e-01,2.148181e-02,1.425837e-01,9.293698e-02,1.096140e-01,1.711652e-02,1.141499e-02,5.268345e-02,2.439302e-01,4.895625e-03,3.173916e-02,3.586701e-02,4.790756e-02,3.822625e-03,2.342931e-02
1.347714e-01,2.058607e-02,2.425327e-01,1.284116e-01,1.064487e-01,1.584494e-02,1.228965e-02,4.349998e-02,1.848868e-01,5.805596e-03,2.301504e-02,2.529032e-02,3.424926e-02,2.932972e-03,1.943510e-02
1.038454e-01,2.166796e-02,2.794998e-01,2.089892e-01,1.069648e-01,1.291587e-02,1.344522e-02,3.566521e-02,1.371052e-01,4.668022e-03,1.660724e-02,1.782526e-02,2.422464e-02,2.102945e-03,1.447321e-02
1.140355e-01,2.730298e-02,2.698373e-01,2.034410e-01,1.280680e-01,2.977736e-02,2.340490e-02,3.180182e-02,1.121529e-01,4.005250e-03,1.217724e-02,1.265495e-02,1.798988e-02,1.654638e-03,1.169639e-02
1.509444e-01,2.936084e-02,2.328317e-01,1.620574e-01,2.011312e-01,3.793204e-02,2.296310e-02,3.017963e-02,8.826975e-02,2.997603e-03,8.901430e-03,9.053521e-03,1.293495e-02,1.374882e-03,9.067548e-03
1.570480e-01,4.139808e-02,1.801475e-01,2.173608e-01,2.087376e-01,3.559140e-02,2.518518e-02,3.352328e-02,6.629257e-02,2.290697e-03,6.934768e-03,7.275655e-03,9.847112e-03,1.133161e-03,7.234239e-03
1.489746e-01,8.280543e-02,1.623775e-01,1.730133e-01,1.939995e-01,1.067041e-01,2.083469e-02,3.171377e-02,5.006956e-02,2.527870e-03,5.653560e-03,5.638912e-03,7.399181e-03,1.016087e-03,7.271926e-03
1.810300e-01,6.834027e-02,1.163961e-01,1.426217e-01,1.984975e-01,1.203045e-01,1.741977e-02,8.190459e-02,4.581768e-02,2.307744e-03,5.228468e-03,5.237435e-03,7.298877e-03,9.066127e-04,6.688801e-03
1.476378e-01,4.933388e-02,8.283763e-02,1.032786e-01,2.405025e-01,1.554039e-01,1.461799e-02,1.499584e-01,3.388966e-02,1.791682e-03,5.000221e-03,3.993494e-03,6.096458e-03,7.101001e-04,4.947651e-03
1.095505e-01,3.464893e-02,5.829944e-02,7.296522e-02,1.732068e-01,1.124294e-01,1.073493e-02,3.878792e-01,2.397225e-02,1.297301e-03,3.793087e-03,2.846961e-03,4.356197e-03,5.052284e-04,3.514569e-03
7.987910e-02,2.447217e-02,4.113080e-02,5.141037e-02,1.230877e-01,7.945560e-02,7.696896e-03,5.642778e-01,1.681027e-02,9.387323e-04,2.805102e-03,2.031327e-03,3.102303e-03,3.594433e-04,2.542394e-03
6.049134e-02,1.746560e-02,2.968972e-02,3.672197e-02,9.001431e-02,6.006687e-02,5.601338e-03,6.762410e-01,1.225111e-02,9.116532e-04,3.425006e-03,1.623729e-03,2.792818e-03,4.577714e-04,2.245742e-03
5.850988e-02,1.311455e-02,2.121416e-02,2.739633e-02,6.426905e-02,4.445281e-02,4.024026e-03,6.808327e-01,1.222492e-02,1.489302e-03,4.028095e-02,1.335390e-02,1.182351e-02,4.371356e-03,2.642571e-03
7.207830e-02,1.043706e-02,1.540107e-02,2.236385e-02,4.629224e-02,3.501006e-02,2.920808e-03,6.230555e-01,1.569225e-02,2.731901e-03,8.577675e-02,2.112851e-02,2.439100e-02,1.651227e-02,6.208486e-03
1.036639e-01,9.099843e-03,1.120341e-02,1.784249e-02,3.311390e-02,2.639373e-02,2.093505e-03,5.099136e-01,2.464222e-02,7.553203e-03,1.159364e-01,2.300519e-02,3.191463e-02,6.441136e-02,1.921270e-02
7.437227e-02,7.340708e-03,8.143619e-03,1.301325e-02,2.404816e-02,1.898602e-02,1.481990e-03,3.684659e-01,1.281856e-01,1.155350e-02,1.600665e-01,2.107427e-02,2.987474e-02,1.148400e-01,1.855335e-02
5.262288e-02,5.878134e-03,6.127575e-03,9.436005e-03,1.886939e-02,1.356268e-02,1.058501e-03,2.624570e-01,2.733522e-01,1.333590e-02,1.566656e-01,1.765628e-02,2.450196e-02,1.255129e-01,1.896308e-02
4.154071e-02,4.753921e-03,4.860507e-03,6.982812e-03,1.725638e-02,1.017379e-02,7.747723e-04,1.865767e-01,4.122980e-01,1.228929e-02,1.300297e-01,1.391770e-02,1.854641e-02,1.219980e-01,1.800139e-02
3.877957e-02,4.568188e-03,3.992493e-03,5.196745e-03,1.808745e-02,8.754974e-03,6.141599e-04,1.332902e-01,4.298412e-01,1.097891e-02,1.328892e-01,1.087397e-02,1.488428e-02,1.666262e-01,2.062247e-02
3.538559e-02,4.374113e-03,3.373503e-03,4.045971e-03,1.613942e-02,7.822247e-03,6.324948e-04,9.389792e-02,5.338557e-01,9.437938e-03,1.039423e-01,8.220156e-03,1.167530e-02,1.444234e-01,2.277402e-02
2.783222e-02,6.445943e-03,5.259345e-03,3.055459e-03,1.302244e-02,7.271303e-03,7.407430e-04,6.591337e-02,6.272203e-01,7.849899e-03,7.636225e-02,6.085553e-03,8.950690e-03,1.219304e-01,2.206018e-02
2.337117e-02,1.401020e-02,8.968789e-03,2.334558e-03,1.042197e-02,6.812829e-03,6.787562e-04,4.634349e-02,6.467680e-01,7.812336e-03,6.310576e-02,4.469032e-03,6.963656e-03,1.317254e-01,2.621404e-02
1.838752e-02,2.825460e-02,2.137092e-02,2.261592e-03,8.017266e-03,7.677359e-03,7.840327e-04,3.261838e-02,6.498966e-01,1.079219e-02,4.952024e-02,3.998865e-03,6.561006e-03,1.297449e-01,3.011455e-02
1.464025e-02,2.473822e-02,1.747448e-02,1.761829e-03,6.437423e-03,6.643923e-03,6.449584e-04,2.289333e-02,6.410259e-01,1.910217e-02,3.774550e-02,3.042600e-03,5.348610e-03,1.555455e-01,4.295532e-02
1.140405e-02,2.016615e-02,1.566139e-02,1.348109e-03,5.264502e-03,4.995693e-03,4.698553e-04,1.606059e-02,5.583196e-01,3.569617e-02,3.113231e-02,2.412060e-03,4.432925e-03,2.312126e-01,6.142407e-02
9.730281e-03,1.487171e-02,1.537856e-02,9.992017e-04,4.027721e-03,3.744970e-03,3.371196e-04,1.127479e-02,4.571028e-01,9.190027e-02,2.391297e-02,1.736267e-03,3.252065e-03,2.821017e-01,7.962964e-02
8.744989e-03,1.246071e-02,1.589107e-02,1.627652e-03,5.483463e-03,3.171633e-03,2.624321e-04,8.424110e-03,5.064589e-01,8.837732e-02,2.027697e-02,1.353914e-03,2.599040e-03,2.337523e-01,9.111547e-02
8.825334e-03,9.708554e-03,1.467167e-02,1.368312e-03,5.478307e-03,2.782553e-03,1.935405e-04,5.983483e-03,5.288446e-01,8.677857e-02,1.547043e-02,1.004358e-03,1.923850e-03,2.209092e-01,9.605724e-02
8.153155e-03,1.000951e-02,1.789890e-02,2.344534e-03,8.190302e-03,2.626045e-03,1.466688e-04,4.676697e-03,5.604904e-01,9.167360e-02,1.175164e-02,7.709219e-04,1.428302e-03,1.623151e-01,1.175243e-01
2.850028e-02,1.350126e-02,3.175404e-02,4.848695e-03,3.887736e-02,6.231790e-03,2.179970e-04,6.310279e-03,5.187054e-01,8.660818e-02,9.304957e-03,6.226305e-04,1.293524e-03,1.314066e-01,1.218171e-01
4.606999e-02,1.153181e-02,7.819362e-02,8.022349e-02,8.011997e-02,7.373035e-03,4.159214e-04,1.983577e-02,4.197151e-01,6.532573e-02,6.994842e-03,5.686128e-04,1.003712e-03,9.277442e-02,8.985400e-02
8.122502e-02,9.068963e-03,1.104714e-01,6.262688e-02,7.550186e-02,8.645873e-03,3.909076e-04,2.060428e-02,4.004907e-01,5.360933e-02,5.210235e-03,5.698982e-04,7.860428e-04,7.016964e-02,1.006290e-01
1.062423e-01,1.176934e-02,9.751309e-02,8.613812e-02,9.885943e-02,5.321501e-02,1.020242e-03,2.042153e-02,3.384510e-01,4.000628e-02,4.213444e-03,9.105450e-04,7.945581e-04,5.699370e-02,8.345140e-02
1.168092e-01,1.397097e-02,1.001982e-01,8.514439e-02,9.687665e-02,6.964666e-02,9.031432e-04,1.673050e-02,2.977151e-01,3.663734e-02,3.594019e-03,1.100939e-03,1.011243e-03,4.875717e-02,1.109046e-01
1.346852e-01,1.736227e-02,1.139945e-01,9.251410e-02,8.827840e-02,7.747597e-02,1.002357e-03,1.771665e-02,2.677973e-01,3.668505e-02,3.191353e-03,1.044706e-03,8.882820e-04,3.999905e-02,1.073649e-01
9.660085e-02,1.312682e-02,9.170169e-02,6.544112e-02,6.243631e-02,5.487489e-02,7.180563e-04,1.250776e-02,2.260606e-01,6.461161e-02,2.975441e-03,7.943233e-04,6.993684e-04,5.305124e-02,2.544000e-01
6.872090e-02,1.210506e-02,7.045399e-02,4.927095e-02,4.399759e-02,3.889690e-02,5.258499e-04,8.793947e-03,2.193558e-01,6.760508e-02,2.527116e-03,6.200713e-04,5.713915e-04,4.364182e-02,3.729136e-01
5.088901e-02,1.265446e-02,8.481707e-02,4.326144e-02,3.184173e-02,2.792408e-02,4.101715e-04,6.221479e-03,1.655898e-01,6.461751e-02,2.438527e-03,6.669546e-04,5.315142e-04,4.695842e-02,4.611779e-01
3.825636e-02,1.170182e-02,7.400571e-02,3.104947e-02,2.259806e-02,2.018301e-02,3.053148e-04,4.410868e-03,1.205141e-01,5.508398e-02,2.018366e-03,5.719574e-04,4.960815e-04,6.224249e-02,5.565624e-01
2.757219e-02,8.511616e-03,5.487319e-02,2.181700e-02,1.586705e-02,1.421804e-02,2.237251e-04,3.092509e-03,8.945087e-02,5.426599e-02,1.936335e-03,5.196352e-04,3.855642e-04,2.035950e-01,5.036713e-01
1.968665e-02,6.058978e-03,3.862175e-02,1.528930e-02,1.111810e-02,1.000278e-02,1.635762e-04,2.167240e-03,6.648169e-02,4.317027e-02,1.181739e-02,6.752069e-04,2.799741e-04,3.263569e-01,4.481103e-01
1.524901e-02,4.410607e-03,2.753924e-02,1.080526e-02,7.801142e-03,7.163707e-03,1.438749e-04,1.523942e-03,4.912461e-02,3.424025e-02,1.117938e-02,5.430492e-04,2.080283e-04,4.263052e-01,4.037628e-01
1.136236e-02,3.422920e-03,2.022759e-02,7.747990e-03,5.576298e-03,5.126867e-03,1.213966e-04,1.070132e-03,3.662426e-02,3.049671e-02,1.321850e-02,7.557373e-04,1.993063e-04,5.473754e-01,3.166745e-01
8.131805e-03,2.433150e-03,1.435463e-02,5.462104e-03,3.939161e-03,3.661640e-03,9.865530e-05,7.505598e-04,2.998231e-02,3.572658e-02,1.242837e-02,6.383082e-04,1.530195e-04,6.494937e-01,2.327460e-01
6.115726e-03,1.731584e-03,1.014347e-02,3.980122e-03,2.884425e-03,2.733105e-03,9.196613e-05,5.335980e-04,2.702675e-02,7.615100e-02,1.503526e-02,6.873413e-04,1.739826e-04,6.830610e-01,1.696507e-01
4.580403e-03,1.242464e-03,7.151118e-03,2.864318e-03,2.086923e-03,2.099718e-03,9.594325e-05,3.929903e-04,2.547139e-02,7.960792e-02,2.760909e-02,7.999607e-04,2.667047e-04,7.253714e-01,1.203597e-01
3.828583e-03,9.109353e-04,5.081866e-03,2.151890e-03,1.772740e-03,1.661587e-03,1.615565e-04,3.070073e-04,3.633979e-02,8.401851e-02,3.539879e-02,9.387437e-04,2.868018e-04,7.420288e-01,8.511235e-02
4.219196e-03,7.496022e-04,3.616221e-03,1.661979e-03,1.959405e-03,2.017184e-03,1.941072e-04,3.116395e-04,5.182634e-02,7.943562e-02,4.727492e-02,9.490295e-04,2.922217e-04,7.442209e-01,6.127158e-02
3.665430e-03,5.782951e-04,2.608459e-03,1.372681e-03,1.765360e-03,1.606541e-03,1.961908e-04,3.587638e-04,7.220529e-02,6.078052e-02,5.364545e-02,8.710428e-04,2.778520e-04,7.560331e-01,4.403502e-02
3.049549e-03,5.338540e-04,1.900224e-03,1.505795e-03,1.832435e-03,1.323273e-03,1.662925e-04,4.482314e-04,1.458253e-01,5.005571e-02,6.479925e-02,1.839030e-03,4.581598e-04,6.944848e-01,3.177804e-02
2.537634e-03,4.257725e-04,1.377123e-03,1.531567e-03,1.589357e-03,1.207805e-03,1.233468e-04,3.831782e-04,1.992060e-01,4.088017e-02,5.855253e-02,1.635943e-03,8.216477e-04,6.666128e-01,2.311511e-02
1.982439e-03,6.138571e-04,1.185631e-03,1.501135e-03,1.486694e-03,1.198236e-03,9.213398e-05,2.938569e-04,3.017877e-01,3.130823e-02,5.678454e-02,1.437770e-03,8.393679e-04,5.829174e-01,1.657106e-02
1.569655e-03,8.859911e-04,1.599022e-03,1.394631e-03,1.342575e-03,1.506505e-03,6.998722e-05,2.403324e-04,4.305720e-01,2.421488e-02,5.080253e-02,1.210789e-03,8.495554e-04,4.719214e-01,1.182005e-02
1.200174e-03,6.999368e-04,1.276578e-03,1.306813e-03,1.156089e-03,1.267808e-03,5.043749e-05,1.848979e-04,5.190488e-01,1.823189e-02,4.101203e-02,9.813578e-04,7.062361e-04,4.044605e-01,8.416523e-03
1.047414e-03,5.410811e-04,1.284667e-03,1.152616e-03,9.796771e-04,1.184719e-03,3.660934e-05,1.551751e-04,6.299944e-01,1.317746e-02,2.962387e-02,7.296822e-04,5.253620e-04,3.136104e-01,5.956940e-03
2.897972e-03,4.283542e-04,5.653144e-03,1.951577e-03,1.290418e-03,8.849675e-03,4.266091e-05,1.911678e-03,7.120059e-01,9.826962e-03,2.212175e-02,5.557844e-04,4.725533e-04,2.275797e-01,4.411945e-03
8.990788e-03,4.535944e-04,2.071331e-02,5.056680e-03,2.322392e-03,1.740220e-02,5.130762e-05,8.741434e-03,7.433257e-01,7.894113e-03,1.660266e-02,4.800831e-04,4.556346e-04,1.635323e-01,3.977808e-03
1.002216e-02,4.291120e-04,1.697518e-02,3.942885e-03,3.217264e-03,1.280365e-02,3.828426e-05,6.475765e-03,8.033121e-01,5.989641e-03,1.244016e-02,3.633274e-04,3.382834e-04,1.200821e-01,3.570172e-03
1.214046e-02,3.822721e-04,1.280490e-02,3.053640e-03,4.083965e-03,9.524602e-03,2.995772e-05,5.653419e-03,8.461602e-01,4.589671e-03,9.117217e-03,2.845589e-04,2.622281e-04,8.811412e-02,3.798767e-03
1.223774e-02,3.462631e-04,1.138531e-02,3.631230e-03,4.826270e-03,7.131684e-03,2.421817e-05,1.116754e-02,8.733212e-01,3.523985e-03,6.566337e-03,2.206206e-04,2.053152e-04,6.251627e-02,2.896083e-03
1.657636e-02,3.444137e-04,1.065386e-02,4.683573e-03,6.394732e-03,6.051633e-03,5.464554e-05,9.586296e-03,8.843809e-01,2.905748e-03,5.448922e-03,2.040343e-04,1.777157e-04,4.969015e-02,2.846953e-03
1.936858e-02,3.841732e-04,9.813309e-03,4.589870e-03,7.033801e-03,5.024148e-03,7.635668e-05,7.663557e-03,8.896519e-01,2.524209e-03,5.398632e-03,1.772697e-04,1.729131e-04,4.521522e-02,2.906081e-03
2.758642e-02,5.965355e-04,1.211189e-02,4.284153e-03,5.958892e-03,6.817668e-03,1.598636e-04,6.068951e-03,8.496472e-01,2.219941e-03,9.204117e-03,2.083234e-04,1.898258e-04,7.091154e-02,4.034697e-03
4.125207e-02,9.905489e-04,1.945832e-02,4.851602e-03,5.415419e-03,7.634706e-03,2.172182e-04,5.225824e-03,8.134437e-01,2.084760e-03,1.286442e-02,2.792298e-04,2.485053e-04,8.058616e-02,5.447584e-03
4.703847e-02,8.605019e-04,2.854180e-02,5.369795e-03,4.251923e-03,5.892371e-03,1.926015e-04,4.686328e-03,7.963260e-01,2.133448e-03,3.017912e-02,8.688952e-04,2.753926e-04,6.851897e-02,4.864381e-03
5.328157e-02,8.877213e-04,8.218160e-02,6.445319e-03,3.296608e-03,4.678810e-03,2.561616e-04,3.611289e-03,7.433643e-01,2.517796e-03,2.988259e-02,9.725790e-04,2.774120e-04,6.329112e-02,5.055133e-03
5.917653e-02,9.843293e-04,1.098598e-01,8.075584e-03,2.618496e-03,3.765957e-03,2.880924e-04,2.884620e-03,7.146575e-01,3.303640e-03,2.647566e-02,9.373365e-04,2.840117e-04,6.074575e-02,5.942789e-03
9.383418e-02,9.694889e-04,1.597967e-01,1.291442e-02,2.024497e-03,3.495141e-03,4.023412e-04,2.477278e-03,6.198848e-01,2.938832e-03,2.750293e-02,1.130493e-03,2.845966e-04,6.691828e-02,5.426140e-03
1.273895e-01,1.024828e-03,2.120368e-01,1.913157e-02,1.987999e-03,6.735538e-03,8.782105e-04,2.581980e-03,5.166646e-01,2.892225e-03,2.883573e-02,2.882509e-03,5.627709e-04,7.083873e-02,5.557141e-03
1.555875e-01,1.922174e-03,3.044848e-01,2.323807e-02,2.196685e-03,6.944805e-03,1.205855e-03,2.792135e-03,3.960752e-01,2.677375e-03,3.113144e-02,3.524181e-03,8.000948e-04,6.119058e-02,6.229179e-03
1.092916e-01,1.613430e-03,4.472243e-01,2.588316e-02,1.600775e-03,5.066196e-03,8.592184e-04,2.645398e-03,2.779139e-01,3.366651e-03,6.743974e-02,3.113887e-03,7.512450e-04,4.841829e-02,4.812287e-03
7.794096e-02,1.649247e-03,4.395263e-01,2.583890e-02,1.298646e-03,4.395870e-03,6.360501e-04,2.351381e-03,1.950019e-01,3.480754e-03,1.735117e-01,5.335917e-03,7.730853e-04,6.448561e-02,3.773785e-03
5.731113e-02,1.508526e-03,3.483620e-01,2.094514e-02,1.064889e-03,5.598957e-03,4.854769e-04,2.175346e-03,1.369407e-01,2.680580e-03,3.240862e-01,1.204822e-02,7.338584e-04,8.328363e-02,2.775372e-03
4.097481e-02,1.308980e-03,2.556692e-01,1.689118e-02,9.348724e-04,5.101111e-03,3.782036e-04,1.763064e-03,9.630363e-02,2.003697e-03,3.839277e-01,1.620807e-02,6.755815e-04,1.758374e-01,2.022525e-03
2.969082e-02,1.127927e-03,1.812766e-01,1.348578e-02,9.166610e-04,5.160927e-03,2.897098e-04,1.425835e-03,6.814207e-02,1.486574e-03,4.319805e-01,1.525542e-02,7.848884e-04,2.474935e-01,1.482813e-03
2.086471e-02,8.461027e-04,1.269576e-01,9.908720e-03,7.905203e-04,3.875714e-03,2.236681e-04,1.087071e-03,4.796815e-02,1.110445e-03,5.075478e-01,1.308911e-02,1.005007e-03,2.636527e-01,1.072739e-03
1.472247e-02,8.716005e-04,8.892406e-02,7.362967e-03,1.622914e-03,3.015000e-03,2.098253e-04,8.543548e-04,3.533921e-02,1.151678e-03,5.607662e-01,1.618908e-02,1.453910e-03,2.665927e-01,9.240684e-04
1.066627e-02,1.589624e-03,6.256763e-02,5.540675e-03,1.554389e-02,4.685852e-03,3.812741e-04,1.125228e-03,2.694429e-02,2.096689e-03,5.378069e-01,1.372744e-02,1.342118e-03,3.147641e-01,1.218030e-03
8.078216e-03,2.452740e-03,4.499926e-02,4.179272e-03,4.698049e-02,8.133035e-03,3.925676e-04,1.100995e-03,2.074251e-02,2.657339e-03,4.928803e-01,1.095131e-02,1.065604e-03,3.540629e-01,1.323493e-03
7.308280e-03,2.769322e-03,3.336259e-02,3.468101e-03,1.215022e-01,1.141721e-02,6.319607e-04,1.675560e-03,1.635109e-02,5.964534e-03,4.331956e-01,9.746353e-03,1.253020e-03,3.499016e-01,1.452690e-03
7.056121e-03,3.186914e-03,2.496777e-02,2.614726e-03,1.347570e-01,1.016475e-02,5.360969e-04,1.890566e-03,1.740166e-02,7.705749e-03,4.624253e-01,1.040831e-02,1.439086e-03,3.136775e-01,1.768635e-03
7.273229e-03,4.384475e-03,1.852125e-02,2.056414e-03,1.144374e-01,8.497939e-03,4.493199e-04,2.018828e-03,1.706678e-02,1.302022e-02,5.063815e-01,1.068230e-02,1.349879e-03,2.918080e-01,2.052614e-03
6.155050e-03,7.357854e-03,1.517953e-02,1.935963e-03,8.490797e-02,6.993569e-03,4.295834e-04,2.516971e-03,2.466375e-02,2.355092e-02,5.603305e-01,1.285297e-02,1.286000e-03,2.488719e-01,2.967593e-03
4.797346e-03,6.150269e-03,1.124080e-02,1.515702e-03,6.043820e-02,5.731505e-03,3.597084e-04,2.274171e-03,2.143048e-02,3.188153e-02,6.418588e-01,1.206293e-02,1.221721e-03,1.963704e-01,2.666607e-03
