1.000000e+00,0.000000e+00,0.000000e+00,0.000000e+00,0.000000e+00,0.000000e+00,0.000000e+00,0.000000e+00,0.000000e+00,0.000000e+00,0.000000e+00,0.000000e+00,0.000000e+00,0.000000e+00,0.000000e+00
1.000000e+00,0.000000e+00,0.000000e+00,0.000000e+00,0.000000e+00,0.000000e+00,0.000000e+00,0.000000e+00,0.000000e+00,0.000000e+00,0.000000e+00,0.000000e+00,0.000000e+00,0.000000e+00,0.000000e+00
1.000000e+00,0.000000e+00,0.000000e+00,0.000000e+00,0.000000e+00,0.000000e+00,0.000000e+00,0.000000e+00,0.000000e+00,0.000000e+00,0.000000e+00,0.000000e+00,0.000000e+00,0.000000e+00,0.000000e+00
1.000000e+00,0.000000e+00,0.000000e+00,0.000000e+00,0.000000e+00,0.000000e+00,0.000000e+00,0.000000e+00,0.000000e+00,0.000000e+00,0.000000e+00,0.000000e+00,0.000000e+00,0.000000e+00,0.000000e+00
1.000000e+00,0.000000e+00,0.000000e+00,0.000000e+00,0.000000e+00,0.000000e+00,0.000000e+00,0.000000e+00,0.000000e+00,0.000000e+00,0.000000e+00,0.000000e+00,0.000000e+00,0.000000e+00,0.000000e+00
1.000000e+00,0.000000e+00,0.000000e+00,0.000000e+00,0.000000e+00,0.000000e+00,0.000000e+00,0.000000e+00,0.000000e+00,0.000000e+00,0.000000e+00,0.000000e+00,0.000000e+00,0.000000e+00,0.000000e+00
1.000000e+00,0.000000e+00,0.000000e+00,0.000000e+00,0.000000e+00,0.000000e+00,0.000000e+00,0.000000e+00,0.000000e+00,0.000000e+00,0.000000e+00,0.000000e+00,0.000000e+00,0.000000e+00,0.000000e+00
1.000000e+00,0.000000e+00,0.000000e+00,0.000000e+00,0.000000e+00,0.000000e+00,0.000000e+00,0.000000e+00,0.000000e+00,0.000000e+00,0.000000e+00,0.000000e+00,0.000000e+00,0.000000e+00,0.000000e+00
1.000000e+00,0.000000e+00,0.000000e+00,0.000000e+00,0.000000e+00,0.000000e+00,0.000000e+00,0.000000e+00,0.000000e+00,0.000000e+00,0.000000e+00,0.000000e+00,0.000000e+00,0.000000e+00,0.000000e+00
1.000000e+00,0.000000e+00,0.000000e+00,0.000000e+00,0.000000e+00,0.000000e+00,0.000000e+00,0.000000e+00,0.000000e+00,0.000000e+00,0.000000e+00,0.000000e+00,0.000000e+00,0.000000e+00,0.000000e+00
1.000000e+00,0.000000e+00,0.000000e+00,0.000000e+00,0.000000e+00,0.000000e+00,0.000000e+00,0.000000e+00,0.000000e+00,0.000000e+00,0.000000e+00,0.000000e+00,0.000000e+00,0.000000e+00,0.000000e+00
1.000000e+00,0.000000e+00,0.000000e+00,0.000000e+00,0.000000e+00,0.000000e+00,0.000000e+00,0.000000e+00,0.000000e+00,0.000000e+00,0.000000e+00,0.000000e+00,0.000000e+00,0.000000e+00,0.000000e+00
1.000000e+00,0.000000e+00,0.000000e+00,0.000000e+00,0.000000e+00,0.000000e+00,0.000000e+00,0.000000e+00,0.000000e+00,0.000000e+00,0.000000e+00,0.000000e+00,0.000000e+00,0.000000e+00,0.000000e+00
1.000000e+00,0.000000e+00,0.000000e+00,0.000000e+00,0.000000e+00,0.000000e+00,0.000000e+00,0.000000e+00,0.000000e+00,0.000000e+00,0.000000e+00,0.000000e+00,0.000000e+00,0.000000e+00,0.000000e+00
1.000000e+00,0.000000e+00,0.000000e+00,0.000000e+00,0.000000e+00,0.000000e+00,0.000000e+00,0.000000e+00,0.000000e+00,0.000000e+00,0.000000e+00,0.000000e+00,0.000000e+00,0.000000e+00,0.000000e+00
1.000000e+00,0.000000e+00,0.000000e+00,0.000000e+00,0.000000e+00,0.000000e+00,0.000000e+00,0.000000e+00,0.000000e+00,0.000000e+00,0.000000e+00,0.000000e+00,0.000000e+00,0.000000e+00,0.000000e+00
1.000000e+00,0.000000e+00,0.000000e+00,0.000000e+00,0.000000e+00,0.000000e+00,0.000000e+00,0.000000e+00,0.000000e+00,0.000000e+00,0.000000e+00,0.000000e+00,0.000000e+00,0.000000e+00,0.000000e+00
1.000000e+00,0.000000e+00,0.000000e+00,0.000000e+00,0.000000e+00,0.000000e+00,0.000000e+00,0.000000e+00,0.000000e+00,0.000000e+00,0.000000e+00,0.000000e+00,0.000000e+00,0.000000e+00,0.000000e+00
1.000000e+00,0.000000e+00,0.000000e+00,0.000000e+00,0.000000e+00,0.000000e+00,0.000000e+00,0.000000e+00,0.000000e+00,0.000000e+00,0.000000e+00,0.000000e+00,0.000000e+00,0.000000e+00,0.000000e+00
1.000000e+00,0.000000e+00,0.000000e+00,0.000000e+00,0.000000e+00,0.000000e+00,0.000000e+00,0.000000e+00,0.000000e+00,0.000000e+00,0.000000e+00,0.000000e+00,0.000000e+00,0.000000e+00,0.000000e+00
1.000000e+00,0.000000e+00,0.000000e+00,0.000000e+00,0.000000e+00,0.000000e+00,0.000000e+00,0.000000e+00,0.000000e+00,0.000000e+00,0.000000e+00,0.000000e+00,0.000000e+00,0.000000e+00,0.000000e+00
1.000000e+00,0.000000e+00,0.000000e+00,0.000000e+00,0.000000e+00,0.000000e+00,0.000000e+00,0.000000e+00,0.000000e+00,0.000000e+00,0.000000e+00,0.000000e+00,0.000000e+00,0.000000e+00,0.000000e+00
1.000000e+00,0.000000e+00,0.000000e+00,0.000000e+00,0.000000e+00,0.000000e+00,0.000000e+00,0.000000e+00,0.000000e+00,0.000000e+00,0.000000e+00,0.000000e+00,0.000000e+00,0.000000e+00,0.000000e+00
1.000000e+00,0.000000e+00,0.000000e+00,0.000000e+00,0.000000e+00,0.000000e+00,0.000000e+00,0.000000e+00,0.000000e+00,0.000000e+00,0.000000e+00,0.000000e+00,0.000000e+00,0.000000e+00,0.000000e+00
1.000000e+00,0.000000e+00,0.000000e+00,0.000000e+00,0.000000e+00,0.000000e+00,0.000000e+00,0.000000e+00,0.000000e+00,0.000000e+00,0.000000e+00,0.000000e+00,0.000000e+00,0.000000e+00,0.000000e+00
1.000000e+00,0.000000e+00,0.000000e+00,0.000000e+00,0.000000e+00,0.000000e+00,0.000000e+00,0.000000e+00,0.000000e+00,0.000000e+00,0.000000e+00,0.000000e+00,0.000000e+00,0.000000e+00,0.000000e+00
1.000000e+00,0.000000e+00,0.000000e+00,0.000000e+00,0.000000e+00,0.000000e+00,0.000000e+00,0.000000e+00,0.000000e+00,0.000000e+00,0.000000e+00,0.000000e+00,0.000000e+00,0.000000e+00,0.000000e+00
1.000000e+00,0.000000e+00,0.000000e+00,0.000000e+00,0.000000e+00,0.000000e+00,0.000000e+00,0.000000e+00,0.000000e+00,0.000000e+00,0.000000e+00,0.000000e+00,0.000000e+00,0.000000e+00,0.000000e+00
1.000000e+00,0.000000e+00,0.000000e+00,0.000000e+00,0.000000e+00,0.000000e+00,0.000000e+00,0.000000e+00,0.000000e+00,0.000000e+00,0.000000e+00,0.000000e+00,0.000000e+00,0.000000e+00,0.000000e+00
1.000000e+00,0.000000e+00,0.000000e+00,0.000000e+00,0.000000e+00,0.000000e+00,0.000000e+00,0.000000e+00,0.000000e+00,0.000000e+00,0.000000e+00,0.000000e+00,0.000000e+00,0.000000e+00,0.000000e+00
1.000000e+00,0.000000e+00,0.000000e+00,0.000000e+00,0.000000e+00,0.000000e+00,0.000000e+00,0.000000e+00,0.000000e+00,0.000000e+00,0.000000e+00,0.000000e+00,0.000000e+00,0.000000e+00,0.000000e+00
1.000000e+00,0.000000e+00,0.000000e+00,0.000000e+00,0.000000e+00,0.000000e+00,0.000000e+00,0.000000e+00,0.000000e+00,0.000000e+00,0.000000e+00,0.000000e+00,0.000000e+00,0.000000e+00,0.000000e+00
1.000000e+00,0.000000e+00,0.000000e+00,0.000000e+00,0.000000e+00,0.000000e+00,0.000000e+00,0.000000e+00,0.000000e+00,0.000000e+00,0.000000e+00,0.000000e+00,0.000000e+00,0.000000e+00,0.000000e+00
1.000000e+00,0.000000e+00,0.000000e+00,0.000000e+00,0.000000e+00,0.000000e+00,0.000000e+00,0.000000e+00,0.000000e+00,0.000000e+00,0.000000e+00,0.000000e+00,0.000000e+00,0.000000e+00,0.000000e+00
1.000000e+00,0.000000e+00,0.000000e+00,0.000000e+00,0.000000e+00,0.000000e+00,0.000000e+00,0.000000e+00,0.000000e+00,0.000000e+00,0.000000e+00,0.000000e+00,0.000000e+00,0.000000e+00,0.000000e+00
1.000000e+00,0.000000e+00,0.000000e+00,0.000000e+00,0.000000e+00,0.000000e+00,0.000000e+00,0.000000e+00,0.000000e+00,0.000000e+00,0.000000e+00,0.000000e+00,0.000000e+00,0.000000e+00,0.000000e+00
1.000000e+00,0.000000e+00,0.000000e+00,0.000000e+00,0.000000e+00,0.000000e+00,0.000000e+00,0.000000e+00,0.000000e+00,0.000000e+00,0.000000e+00,0.000000e+00,0.000000e+00,0.000000e+00,0.000000e+00
1.000000e+00,0.000000e+00,0.000000e+00,0.000000e+00,0.000000e+00,0.000000e+00,0.000000e+00,0.000000e+00,0.000000e+00,0.000000e+00,0.000000e+00,0.000000e+00,0.000000e+00,0.000000e+00,0.000000e+00
1.000000e+00,0.000000e+00,0.000000e+00,0.000000e+00,0.000000e+00,0.000000e+00,0.000000e+00,0.000000e+00,0.000000e+00,0.000000e+00,0.000000e+00,0.000000e+00,0.000000e+00,0.000000e+00,0.000000e+00
1.000000e+00,0.000000e+00,0.000000e+00,0.000000e+00,0.000000e+00,0.000000e+00,0.000000e+00,0.000000e+00,0.000000e+00,0.000000e+00,0.000000e+00,0.000000e+00,0.000000e+00,0.000000e+00,0.000000e+00
1.000000e+00,0.000000e+00,0.000000e+00,0.000000e+00,0.000000e+00,0.000000e+00,0.000000e+00,0.000000e+00,0.000000e+00,0.000000e+00,0.000000e+00,0.000000e+00,0.000000e+00,0.000000e+00,0.000000e+00
1.000000e+00,0.000000e+00,0.000000e+00,0.000000e+00,0.000000e+00,0.000000e+00,0.000000e+00,0.000000e+00,0.000000e+00,0.000000e+00,0.000000e+00,0.000000e+00,0.000000e+00,0.000000e+00,0.000000e+00
1.000000e+00,0.000000e+00,0.000000e+00,0.000000e+00,0.000000e+00,0.000000e+00,0.000000e+00,0.000000e+00,0.000000e+00,0.000000e+00,0.000000e+00,0.000000e+00,0.000000e+00,0.000000e+00,0.000000e+00
1.000000e+00,0.000000e+00,0.000000e+00,0.000000e+00,0.000000e+00,0.000000e+00,0.000000e+00,0.000000e+00,0.000000e+00,0.000000e+00,0.000000e+00,0.000000e+00,0.000000e+00,0.000000e+00,0.000000e+00
1.000000e+00,0.000000e+00,0.000000e+00,0.000000e+00,0.000000e+00,0.000000e+00,0.000000e+00,0.000000e+00,0.000000e+00,0.000000e+00,0.000000e+00,0.000000e+00,0.000000e+00,0.000000e+00,0.000000e+00
1.000000e+00,0.000000e+00,0.000000e+00,0.000000e+00,0.000000e+00,0.000000e+00,0.000000e+00,0.000000e+00,0.000000e+00,0.000000e+00,0.000000e+00,0.000000e+00,0.000000e+00,0.000000e+00,0.000000e+00
1.000000e+00,0.000000e+00,0.000000e+00,0.000000e+00,0.000000e+00,0.000000e+00,0.000000e+00,0.000000e+00,0.000000e+00,0.000000e+00,0.000000e+00,0.000000e+00,0.000000e+00,0.000000e+00,0.000000e+00
4.887004e-01,4.682904e-03,3.311294e-01,3.234360e-02,2.125094e-03,1.544072e-02,8.375567e-03,8.734548e-02,1.724127e-03,1.491593e-03,5.532417e-03,8.339630e-03,4.894950e-03,1.725507e-03,6.148595e-03
3.569979e-01,3.726520e-03,4.958326e-01,3.017747e-02,1.634239e-03,1.228923e-02,6.556848e-03,6.756430e-02,1.497291e-03,2.880590e-03,4.475513e-03,6.151710e-03,3.708214e-03,1.408922e-03,5.098679e-03
2.547335e-01,2.753067e-03,5.403348e-01,2.471493e-02,1.261209e-03,8.977471e-03,5.227145e-03,5.843619e-02,6.406039e-03,4.756369e-02,5.348222e-03,6.575315e-03,7.258900e-03,1.934839e-02,1.106116e-02
1.784444e-01,2.008870e-03,5.454927e-01,2.722987e-02,8.915464e-04,6.320788e-03,3.684778e-03,4.334090e-02,7.670270e-03,5.434468e-02,7.691426e-02,5.771911e-03,5.227742e-03,3.446030e-02,8.197000e-03
1.249779e-01,1.656096e-03,4.321552e-01,2.002079e-02,6.364997e-04,4.468940e-03,2.588201e-03,3.127509e-02,8.771051e-03,7.559036e-02,2.438531e-01,8.718069e-03,4.242932e-03,3.483251e-02,6.213220e-03
8.751141e-02,1.476561e-03,3.081436e-01,1.422659e-02,4.661452e-04,3.278958e-03,1.822140e-03,2.209239e-02,7.570855e-03,5.754216e-02,4.374387e-01,1.360849e-02,3.220359e-03,3.719003e-02,4.411477e-03
6.131300e-02,1.396684e-03,2.182784e-01,1.029601e-02,4.173806e-04,2.666292e-03,1.302572e-03,1.569162e-02,7.342312e-03,4.218099e-02,5.870805e-01,1.562628e-02,2.577804e-03,3.065911e-02,3.171032e-03
4.310652e-02,2.315222e-03,1.536373e-01,7.946097e-03,1.567979e-03,2.658608e-03,1.016908e-03,1.140097e-02,7.843933e-03,3.079813e-02,6.765577e-01,2.084076e-02,2.535753e-03,3.539434e-02,2.379818e-03
3.020952e-02,1.651337e-03,1.075918e-01,5.751669e-03,1.233152e-03,2.331022e-03,7.305184e-04,8.022256e-03,5.809204e-03,2.170617e-02,7.613171e-01,1.980124e-02,1.934082e-03,3.021712e-02,1.693833e-03
2.121085e-02,1.234169e-03,7.539164e-02,4.405311e-03,1.074278e-03,2.324124e-03,5.313106e-04,5.671232e-03,4.556776e-03,1.544679e-02,8.058661e-01,2.232061e-02,1.651974e-03,3.708383e-02,1.230935e-03
1.493045e-02,1.038232e-03,5.294099e-02,3.294636e-03,3.567872e-03,1.817677e-03,4.451229e-04,4.604758e-03,3.567649e-03,1.104445e-02,7.886173e-01,2.091081e-02,1.621758e-03,9.069785e-02,9.004982e-04
1.049816e-02,7.922493e-04,3.711827e-02,2.409068e-03,3.535009e-03,1.494819e-03,3.191406e-04,3.295097e-03,3.061607e-03,7.942857e-03,7.871505e-01,2.142847e-02,1.367832e-03,1.189356e-01,6.513419e-04
7.420800e-03,7.463859e-04,2.603524e-02,1.787882e-03,2.933463e-03,1.191766e-03,2.337231e-04,2.355528e-03,3.005815e-03,5.864671e-03,8.098861e-01,2.044723e-02,1.107822e-03,1.165087e-01,4.749544e-04
5.238804e-03,7.557106e-04,1.830716e-02,1.338147e-03,2.382521e-03,9.739889e-04,1.716626e-04,1.695841e-03,2.845599e-03,4.387695e-03,8.202575e-01,1.606748e-02,8.390629e-04,1.243909e-01,3.478781e-04
3.775393e-03,1.899585e-03,1.307580e-02,1.105660e-03,2.467265e-03,1.231430e-03,1.453387e-04,1.305089e-03,3.097140e-03,4.236711e-03,8.167458e-01,1.614295e-02,8.542066e-04,1.336239e-01,2.937882e-04
2.791480e-03,7.428746e-03,1.025950e-02,1.198309e-03,3.251953e-03,2.940673e-03,1.701157e-04,1.890876e-03,4.497683e-03,5.136012e-03,7.999600e-01,1.722549e-02,7.444407e-04,1.422168e-01,2.879621e-04
2.014844e-03,8.702075e-03,8.263068e-03,1.141603e-03,2.982670e-03,3.274667e-03,1.591344e-04,1.531337e-03,1.430131e-02,6.542094e-03,7.984110e-01,2.383208e-02,6.769017e-04,1.278265e-01,3.406951e-04
1.724358e-03,7.955154e-03,6.441852e-03,1.055877e-03,2.574940e-03,3.000095e-03,2.007813e-04,1.422181e-03,2.091258e-02,1.106069e-02,7.973965e-01,2.164799e-02,7.222526e-04,1.233835e-01,5.013110e-04
1.571685e-03,6.500633e-03,5.910606e-03,1.122377e-03,2.547566e-03,3.581635e-03,1.912252e-04,2.977624e-03,2.704271e-02,1.120145e-02,8.154206e-01,1.853607e-02,6.509199e-04,1.022772e-01,4.678089e-04
1.967478e-03,5.182104e-03,4.717468e-03,1.369674e-03,3.545768e-03,3.249642e-03,1.811738e-04,2.754256e-03,2.557740e-02,1.111031e-02,8.296545e-01,1.575356e-02,6.369415e-04,9.377377e-02,5.260016e-04
4.181950e-03,5.240553e-03,9.200323e-03,1.462495e-03,9.371152e-03,8.754684e-03,7.133668e-04,4.349234e-03,2.527823e-02,1.243475e-02,8.125669e-01,1.309738e-02,7.248580e-04,9.189440e-02,7.296766e-04
7.250444e-03,4.753827e-03,8.273144e-03,1.655044e-03,1.465125e-02,1.138158e-02,8.582536e-04,4.257207e-03,2.473572e-02,1.396292e-02,7.909230e-01,1.124291e-02,9.917180e-04,1.036677e-01,1.395246e-03
7.083490e-03,6.082076e-03,6.615819e-03,2.225742e-03,4.421355e-02,1.781359e-02,1.614168e-03,7.114103e-03,2.792041e-02,1.389864e-02,7.133220e-01,9.355703e-03,1.401001e-03,1.394387e-01,1.900993e-03
1.553148e-02,7.127660e-03,1.438519e-02,2.437835e-03,5.718599e-02,2.712318e-02,1.772809e-03,2.245459e-02,3.198810e-02,2.285913e-02,6.357789e-01,7.839957e-03,1.994454e-03,1.491372e-01,2.383497e-03
3.050702e-02,1.513226e-02,3.659921e-02,3.076432e-03,9.834790e-02,6.405313e-02,1.789073e-03,2.779344e-02,5.969913e-02,2.458312e-02,4.795261e-01,6.152616e-03,2.020310e-03,1.388305e-01,1.188967e-02
4.428559e-02,1.251018e-02,6.125736e-02,3.609660e-03,1.333664e-01,6.257834e-02,2.030149e-03,1.064011e-01,8.360871e-02,2.163929e-02,3.428596e-01,5.033017e-03,2.227578e-03,1.076212e-01,1.097181e-02
4.299121e-02,9.999163e-03,1.321345e-01,9.567937e-03,1.633130e-01,4.723350e-02,2.992348e-03,1.801592e-01,6.577500e-02,1.587557e-02,2.407548e-01,3.731396e-03,1.732077e-03,7.572713e-02,8.013166e-03
4.037988e-02,7.773176e-03,3.146538e-01,2.491337e-02,1.413459e-01,3.438361e-02,2.441986e-03,1.402542e-01,4.989523e-02,1.143713e-02,1.691053e-01,2.866992e-03,1.348962e-03,5.329018e-02,5.910329e-03
3.750518e-02,7.264617e-03,4.513290e-01,3.737041e-02,1.216986e-01,2.530907e-02,2.030028e-03,1.021301e-01,4.258392e-02,8.223883e-03,1.190153e-01,2.316550e-03,1.068010e-03,3.776674e-02,4.388575e-03
3.505225e-02,1.003610e-02,5.445800e-01,3.372613e-02,1.152241e-01,2.207000e-02,1.858747e-03,7.328150e-02,4.001877e-02,5.922481e-03,8.418480e-02,1.737529e-03,8.644693e-04,2.802371e-02,3.419366e-03
4.269669e-02,2.111452e-02,5.891870e-01,2.750043e-02,1.190103e-01,2.360921e-02,1.408671e-03,5.167262e-02,3.226890e-02,4.386184e-03,5.921627e-02,1.267016e-03,7.051846e-04,2.324095e-02,2.716097e-03
4.469030e-02,4.912215e-02,4.870172e-01,1.268531e-01,1.348193e-01,2.198007e-02,1.246551e-03,3.930357e-02,2.776291e-02,3.356671e-03,4.184626e-02,1.075520e-03,6.264310e-04,1.700891e-02,3.291136e-03
5.695708e-02,4.000049e-02,3.741264e-01,1.024902e-01,2.476089e-01,2.183682e-02,1.331196e-03,8.521031e-02,2.101247e-02,2.506134e-03,3.006184e-02,1.033690e-03,9.467731e-04,1.212428e-02,2.753497e-03
8.059277e-02,3.188276e-02,2.660636e-01,9.097300e-02,3.692690e-01,2.224175e-02,1.474224e-03,7.483087e-02,1.897068e-02,2.431472e-03,2.452243e-02,1.108218e-03,3.244747e-03,8.978986e-03,3.415432e-03
1.231597e-01,2.911733e-02,1.909508e-01,9.056492e-02,3.984403e-01,2.709470e-02,1.706559e-03,6.627128e-02,1.988967e-02,4.508651e-03,2.089063e-02,1.415369e-03,1.149535e-02,8.053028e-03,6.441671e-03
2.261539e-01,2.407762e-02,1.404108e-01,8.211073e-02,3.618797e-01,2.682627e-02,2.167401e-03,5.339311e-02,2.072062e-02,8.683375e-03,1.742126e-02,2.734130e-03,1.988713e-02,6.515067e-03,7.019021e-03
2.578526e-01,2.214634e-02,9.933443e-02,6.297354e-02,3.078362e-01,2.365872e-02,2.047967e-03,3.983883e-02,1.823797e-02,7.372561e-03,1.453343e-02,3.933359e-03,1.235960e-01,5.015826e-03,1.162228e-02
3.190353e-01,1.795626e-02,7.040679e-02,4.759065e-02,2.288490e-01,1.827819e-02,2.084721e-03,2.927903e-02,1.542821e-02,5.595671e-03,1.269385e-02,4.996644e-03,2.097108e-01,3.742247e-03,1.435269e-02
2.619243e-01,1.309192e-02,4.954653e-02,3.415307e-02,1.633210e-01,1.335191e-02,2.041661e-03,2.089244e-02,1.188713e-02,4.025666e-03,1.031726e-02,6.408282e-03,3.921464e-01,2.746762e-03,1.414570e-02
2.052218e-01,9.423126e-03,3.478882e-02,2.438512e-02,1.161409e-01,9.675445e-03,1.582080e-03,1.475792e-02,9.084336e-03,2.886790e-03,8.189607e-03,9.912716e-03,5.399587e-01,2.009400e-03,1.198323e-02
1.465652e-01,6.755823e-03,2.449209e-02,1.717856e-02,8.223493e-02,7.043632e-03,1.451975e-03,1.039034e-02,6.632783e-03,2.050138e-03,6.550972e-03,1.261368e-02,6.654736e-01,1.440815e-03,9.125543e-03
1.034236e-01,4.865486e-03,1.733261e-02,1.221700e-02,5.959564e-02,5.297087e-03,1.172218e-03,7.347179e-03,5.319005e-03,1.454147e-03,5.110378e-03,2.001364e-02,7.487190e-01,1.054228e-03,7.078785e-03
7.395837e-02,3.435069e-03,1.281497e-02,8.692164e-03,4.660247e-02,7.134967e-03,2.885281e-03,1.658314e-02,4.025518e-03,1.052318e-03,3.990466e-03,2.225799e-02,7.904900e-01,8.676728e-04,5.209630e-03
5.356903e-02,2.477548e-03,9.189736e-03,6.180302e-03,3.959809e-02,5.461953e-03,2.098789e-03,1.180784e-02,3.164493e-03,7.418130e-04,2.925422e-03,2.366063e-02,8.347790e-01,6.365792e-04,3.708824e-03
3.848871e-02,2.026242e-03,6.896972e-03,4.392704e-03,3.245886e-02,4.402411e-03,1.529723e-03,8.555265e-03,2.867520e-03,5.250421e-04,2.205963e-03,2.197334e-02,8.704811e-01,5.341524e-04,2.661952e-03
2.846820e-02,1.488984e-03,4.925168e-03,3.187360e-03,2.848238e-02,3.673852e-03,1.105316e-03,6.537918e-03,2.850913e-03,3.826845e-04,3.293910e-03,2.177854e-02,8.910506e-01,7.607710e-04,2.013489e-03
2.480381e-02,1.259105e-03,3.772331e-03,2.760170e-03,8.253036e-02,3.930650e-03,1.212978e-03,2.834821e-02,1.211172e-02,3.562946e-04,7.286931e-03,2.278457e-02,8.060012e-01,6.843260e-04,2.157319e-03
2.396712e-02,1.706024e-03,5.885155e-03,2.350549e-03,6.420600e-02,3.563421e-03,1.371835e-03,1.337685e-01,1.587188e-02,4.428052e-04,1.040648e-02,1.807773e-02,7.137696e-01,7.002077e-04,3.912763e-03
2.353790e-02,1.717863e-03,7.351412e-03,2.581582e-03,4.848381e-02,4.616325e-03,2.111133e-03,3.274272e-01,1.320681e-02,6.480200e-04,1.125333e-02,1.335924e-02,5.386676e-01,6.263058e-04,4.411354e-03
2.259290e-02,1.773719e-03,8.914333e-03,2.962872e-03,4.466418e-02,5.956118e-03,2.328154e-03,4.812464e-01,1.112251e-02,6.018698e-04,1.036992e-02,9.618026e-03,3.935799e-01,5.065317e-04,3.762583e-03
2.039067e-02,1.619069e-03,8.647956e-03,3.425147e-03,3.926827e-02,6.427522e-03,5.406480e-03,6.043002e-01,8.505347e-03,5.150597e-04,8.573857e-03,6.929094e-03,2.815626e-01,4.255236e-04,4.003172e-03
2.816157e-02,1.723648e-03,7.131251e-03,3.451264e-03,3.662849e-02,9.339810e-03,7.607654e-03,6.805391e-01,6.780399e-03,5.333761e-04,8.297282e-03,5.351454e-03,2.001935e-01,3.655969e-04,3.895663e-03
3.508835e-02,1.690546e-03,6.929782e-03,4.795012e-03,3.411616e-02,2.098109e-02,3.633860e-02,6.896282e-01,5.218648e-03,6.207596e-04,6.760236e-03,4.700592e-03,1.479580e-01,3.727916e-04,4.801294e-03
5.305236e-02,1.752592e-03,8.504537e-03,9.536477e-03,3.698577e-02,3.871203e-02,4.139815e-02,6.741705e-01,4.167246e-03,8.794504e-04,6.253383e-03,4.685196e-03,1.146732e-01,3.952718e-04,4.833937e-03
6.046493e-02,2.250434e-03,9.106072e-03,1.512336e-02,4.149468e-02,4.691577e-02,4.190148e-02,6.749552e-01,3.747906e-03,8.029520e-04,6.134958e-03,4.960049e-03,8.703158e-02,3.985795e-04,4.712037e-03
8.613048e-02,2.651869e-03,1.291057e-02,1.379364e-02,5.503256e-02,1.027993e-01,6.270929e-02,5.616329e-01,3.728850e-03,1.152217e-03,6.548766e-03,5.990444e-03,7.910249e-02,4.034379e-04,5.413143e-03
7.604582e-02,2.453991e-03,1.327752e-02,1.090361e-02,7.330890e-02,1.382313e-01,7.816736e-02,5.133794e-01,3.144345e-03,1.490748e-03,9.746290e-03,5.514661e-03,6.766114e-02,3.679369e-04,6.306969e-03
6.766327e-02,3.212526e-03,1.082892e-02,9.933949e-03,7.824607e-02,2.469814e-01,5.852443e-02,3.879671e-01,4.162160e-03,2.162774e-03,1.619731e-02,1.111471e-02,8.633678e-02,7.092552e-04,1.595937e-02
5.307450e-02,2.552925e-03,7.842207e-03,8.793529e-03,5.863914e-02,3.746486e-01,4.221644e-02,2.722919e-01,4.033446e-03,1.934170e-03,1.623346e-02,5.620877e-02,8.844591e-02,1.092287e-03,1.199278e-02
4.928009e-02,2.642625e-03,5.806847e-03,8.191674e-03,4.238506e-02,3.620258e-01,3.026027e-02,1.924938e-01,6.486284e-03,2.020671e-03,1.791079e-02,1.726824e-01,9.690295e-02,1.200557e-03,9.710257e-03
3.921824e-02,2.730554e-03,4.240817e-03,6.899957e-03,2.988498e-02,3.291932e-01,2.145170e-02,1.355393e-01,1.426843e-02,1.633833e-03,1.468689e-02,3.171283e-01,7.406124e-02,1.067036e-03,7.995473e-03
4.108397e-02,3.142092e-03,3.241774e-03,5.374315e-03,2.118479e-02,2.928523e-01,1.562394e-02,9.637164e-02,1.633259e-02,1.683696e-03,2.186348e-02,4.135846e-01,5.941492e-02,1.353796e-03,6.892062e-03
3.123465e-02,2.441794e-03,2.403160e-03,3.945472e-03,1.493369e-02,2.539745e-01,1.123154e-02,6.828588e-02,1.326960e-02,1.527491e-03,2.251314e-02,5.254458e-01,4.251142e-02,1.080334e-03,5.201496e-03
2.272430e-02,1.770195e-03,1.706549e-03,2.812158e-03,1.053692e-02,1.830848e-01,7.917020e-03,4.790607e-02,1.017377e-02,1.209470e-03,2.853380e-02,6.455249e-01,3.158964e-02,8.414336e-04,3.668909e-03
1.633357e-02,1.577040e-03,1.332509e-03,2.001195e-03,8.522330e-03,1.293516e-01,5.602571e-03,3.368045e-02,1.419188e-02,1.056805e-03,2.618739e-02,7.338845e-01,2.299507e-02,6.774791e-04,2.605652e-03
1.170764e-02,1.398394e-03,1.047894e-03,1.407995e-03,6.340697e-03,9.123001e-02,3.950050e-03,2.364701e-02,1.193154e-02,8.910509e-04,2.007454e-02,8.075918e-01,1.643921e-02,5.078920e-04,1.834270e-03
8.312364e-03,1.233999e-03,8.374479e-04,9.901900e-04,4.864663e-03,6.400302e-02,2.796320e-03,1.658049e-02,1.004279e-02,7.580548e-04,1.490216e-02,8.612090e-01,1.179196e-02,3.885427e-04,1.288998e-03
6.186151e-03,1.728442e-03,9.425302e-04,7.086634e-04,7.436833e-03,4.607426e-02,2.185177e-03,1.186380e-02,1.180934e-02,1.066964e-03,1.562493e-02,8.837738e-01,9.244687e-03,4.416975e-04,9.126962e-04
4.710772e-03,1.675004e-03,9.704905e-04,5.104605e-04,9.998903e-03,3.312397e-02,1.841260e-03,8.819920e-03,1.376111e-02,1.459132e-03,1.783984e-02,8.968812e-01,7.285085e-03,4.757254e-04,6.470996e-04
3.923677e-03,1.344824e-03,8.538218e-04,3.791096e-04,1.572060e-02,2.409972e-02,1.768480e-03,7.002887e-03,2.103621e-02,1.912388e-03,2.265040e-02,8.925501e-01,5.816136e-03,4.766349e-04,4.650698e-04
3.022982e-03,2.329166e-03,9.798448e-04,2.833444e-04,1.671575e-02,1.744497e-02,1.423537e-03,5.265358e-03,3.040815e-02,2.025892e-03,2.056052e-02,8.928756e-01,5.730141e-03,5.753070e-04,3.595037e-04
2.230944e-03,2.931962e-03,8.754994e-04,2.073325e-04,1.341429e-02,1.247549e-02,1.042252e-03,3.759876e-03,3.040173e-02,1.921187e-03,1.938467e-02,9.049994e-01,5.466139e-03,6.121476e-04,2.770908e-04
1.778839e-03,2.250789e-03,6.950443e-04,1.540254e-04,1.377977e-02,9.241063e-03,8.435335e-04,2.861475e-03,2.663816e-02,4.226369e-03,1.785073e-02,9.139864e-01,4.735637e-03,7.472169e-04,2.109525e-04
1.508214e-03,2.360737e-03,6.513920e-04,1.215244e-04,1.140757e-02,7.443993e-03,7.786978e-04,2.338437e-03,2.384337e-02,8.129191e-03,1.737279e-02,9.191331e-01,3.667650e-03,1.054692e-03,1.887295e-04
2.093929e-03,4.328771e-03,1.905061e-03,3.384324e-04,1.122551e-02,2.584183e-02,2.543539e-03,9.700534e-03,2.734614e-02,8.730151e-03,1.402684e-02,8.875201e-01,3.156739e-03,1.069544e-03,1.729458e-04
2.091895e-03,3.382506e-03,2.746439e-03,3.370069e-04,9.119282e-03,8.265273e-02,5.390609e-03,1.008287e-02,2.019177e-02,1.087651e-02,1.042000e-02,8.391906e-01,2.541123e-03,8.348907e-04,1.417696e-04
2.574769e-03,2.657463e-03,2.500552e-03,2.561770e-04,8.376930e-03,1.744312e-01,4.342331e-03,7.554642e-03,1.522657e-02,2.055651e-02,8.589008e-03,7.493651e-01,2.685267e-03,7.434691e-04,1.399984e-04
3.366197e-03,2.824428e-03,3.896981e-03,2.187978e-04,1.320569e-02,3.048294e-01,3.629419e-03,5.922830e-03,1.210170e-02,7.277537e-02,7.713141e-03,5.657508e-01,2.998406e-03,5.832764e-04,1.836009e-04
3.741099e-03,2.229997e-03,3.340161e-03,2.044346e-04,2.341610e-02,3.283794e-01,2.811688e-03,4.744733e-03,9.659571e-03,2.019405e-01,7.589785e-03,4.068766e-01,4.158506e-03,7.304474e-04,1.769906e-04
4.031555e-03,2.082267e-03,3.707877e-03,4.139284e-04,4.344117e-02,3.941754e-01,2.708509e-03,1.036841e-02,1.257435e-02,2.167179e-01,6.868542e-03,2.958242e-01,5.594799e-03,1.182932e-03,3.081645e-04
6.807970e-03,5.621780e-03,8.081016e-03,7.227837e-04,5.074807e-02,3.518230e-01,2.369603e-03,4.211759e-02,1.936748e-02,2.748005e-01,7.421597e-03,2.197966e-01,5.486090e-03,3.935481e-03,9.003963e-04
1.283411e-02,5.029961e-03,1.509694e-02,8.288487e-04,4.711599e-02,2.867921e-01,2.987302e-03,9.078260e-02,2.050639e-02,3.308554e-01,6.726515e-03,1.711444e-01,4.873630e-03,3.489374e-03,9.364066e-04
2.078839e-02,4.517464e-03,1.946517e-02,9.833749e-04,5.657378e-02,2.810622e-01,3.988265e-03,8.045533e-02,1.713444e-02,3.550686e-01,6.494953e-03,1.446820e-01,4.776927e-03,3.003397e-03,1.005626e-03
2.266425e-02,1.318610e-02,3.255543e-02,1.796689e-03,6.739284e-02,2.450791e-01,6.709340e-03,1.469826e-01,4.051194e-02,2.768324e-01,6.802815e-03,1.300534e-01,5.434406e-03,2.705429e-03,1.293312e-03
2.257701e-02,1.216895e-02,6.884304e-02,2.638509e-03,5.950970e-02,2.106743e-01,8.549839e-03,2.589225e-01,3.616787e-02,2.030566e-01,6.416172e-03,1.028457e-01,4.257112e-03,2.188018e-03,1.184647e-03
2.051136e-02,9.225860e-03,7.836273e-02,2.089039e-03,5.047840e-02,1.633681e-01,3.843963e-02,3.774821e-01,2.893461e-02,1.447178e-01,4.908779e-03,7.539188e-02,3.415791e-03,1.788384e-03,8.855509e-04
1.938914e-02,7.123542e-03,7.084356e-02,1.897340e-03,4.473184e-02,1.285226e-01,5.024033e-02,4.867847e-01,2.214479e-02,1.027059e-01,4.360935e-03,5.633496e-02,2.854978e-03,1.409117e-03,6.561080e-04
2.412451e-02,7.318316e-03,6.658168e-02,2.234244e-03,3.713493e-02,9.684778e-02,4.462844e-02,5.676204e-01,1.771542e-02,7.638560e-02,8.580796e-03,4.487922e-02,3.815965e-03,1.493666e-03,6.390039e-04
3.431030e-02,9.142146e-03,5.298173e-02,4.923496e-03,3.588691e-02,7.263030e-02,3.761318e-02,6.322106e-01,1.547765e-02,5.492922e-02,7.415575e-03,3.228907e-02,5.909420e-03,3.286055e-03,9.944614e-04
4.931468e-02,1.195631e-02,4.519372e-02,9.459061e-03,3.896642e-02,5.475626e-02,3.221904e-02,6.606774e-01,1.650788e-02,3.905628e-02,5.974170e-03,2.334898e-02,6.874989e-03,4.474249e-03,1.220607e-03
5.806062e-02,1.171008e-02,3.397939e-02,9.003938e-03,3.751335e-02,3.969890e-02,2.695212e-02,6.984427e-01,2.225930e-02,2.989287e-02,4.405939e-03,1.679939e-02,5.463377e-03,4.559397e-03,1.258714e-03
7.255566e-02,1.270979e-02,2.548089e-02,7.499956e-03,3.648588e-02,2.912842e-02,2.255158e-02,7.152618e-01,2.945794e-02,2.254616e-02,3.323576e-03,1.235316e-02,4.444321e-03,4.880135e-03,1.320734e-03
1.000450e-01,1.251767e-02,1.918459e-02,6.666454e-03,2.978448e-02,2.427038e-02,2.006256e-02,7.169513e-01,3.069787e-02,1.654972e-02,2.682187e-03,1.064252e-02,4.384496e-03,3.857972e-03,1.702806e-03
1.230095e-01,1.396694e-02,1.522932e-02,6.100161e-03,2.709966e-02,2.079797e-02,1.719043e-02,7.121136e-01,3.033946e-02,1.201245e-02,2.373738e-03,1.005524e-02,4.735348e-03,3.034271e-03,1.941908e-03
1.549957e-01,1.429187e-02,1.287786e-02,6.296226e-03,2.546694e-02,1.903819e-02,1.413124e-02,6.925265e-01,2.908690e-02,8.912493e-03,2.331339e-03,1.029973e-02,4.783318e-03,2.568394e-03,2.393250e-03
1.721238e-01,1.285814e-02,1.074517e-02,5.728182e-03,2.415195e-02,1.653330e-02,1.217110e-02,6.917228e-01,2.483621e-02,7.377201e-03,2.292854e-03,1.006876e-02,4.611623e-03,2.086996e-03,2.691800e-03
1.751536e-01,1.022168e-02,8.555696e-03,5.580656e-03,2.471561e-02,1.379137e-02,9.851596e-03,7.074254e-01,1.966599e-02,5.462211e-03,2.038448e-03,9.279910e-03,4.281065e-03,1.613725e-03,2.363042e-03
1.963851e-01,7.724310e-03,7.034763e-03,5.107520e-03,2.393431e-02,1.234080e-02,8.324311e-03,7.005526e-01,1.472063e-02,4.133588e-03,1.844381e-03,9.816889e-03,4.564486e-03,1.316346e-03,2.200030e-03
2.884004e-01,6.110664e-03,5.917416e-03,5.202919e-03,2.044671e-02,1.115713e-02,6.405729e-03,6.072515e-01,1.186094e-02,3.323724e-03,2.953575e-03,1.953506e-02,7.635587e-03,1.212457e-03,2.586293e-03
3.286373e-01,5.180165e-03,5.477345e-03,6.365571e-03,1.876402e-02,1.046871e-02,5.094056e-03,5.702477e-01,9.571974e-03,2.797075e-03,3.497979e-03,2.164125e-02,8.111799e-03,1.246601e-03,2.898539e-03
3.372211e-01,4.762831e-03,4.664582e-03,6.312693e-03,2.008893e-02,8.841243e-03,4.048774e-03,5.520382e-01,7.914168e-03,2.333216e-03,6.216296e-03,2.515402e-02,1.517178e-02,1.642266e-03,3.589883e-03
3.146636e-01,4.434514e-03,4.298547e-03,6.720843e-03,2.224504e-02,7.787017e-03,3.661402e-03,5.708134e-01,8.414403e-03,1.914902e-03,7.028408e-03,2.483879e-02,1.812223e-02,1.585563e-03,3.471442e-03
3.582380e-01,6.333942e-03,4.925369e-03,1.788240e-02,2.054054e-02,1.168733e-02,3.902548e-03,4.445737e-01,1.966565e-02,2.659593e-03,1.534222e-02,4.371724e-02,3.438308e-02,2.651170e-03,1.349731e-02
4.395507e-01,7.158690e-03,5.007186e-03,2.193544e-02,1.817943e-02,1.203709e-02,4.100639e-03,3.488230e-01,2.599173e-02,2.498632e-03,1.680782e-02,4.689246e-02,3.390773e-02,2.922047e-03,1.418746e-02
4.993063e-01,7.791379e-03,5.910070e-03,2.837936e-02,1.699110e-02,1.484780e-02,4.341688e-03,2.785187e-01,3.057530e-02,2.395812e-03,1.578696e-02,4.969203e-02,2.875155e-02,2.920722e-03,1.379133e-02
1.000000e+00,0.000000e+00,0.000000e+00,0.000000e+00,0.000000e+00,0.000000e+00,0.000000e+00,0.000000e+00,0.000000e+00,0.000000e+00,0.000000e+00,0.000000e+00,0.000000e+00,0.000000e+00,0.000000e+00
1.000000e+00,0.000000e+00,0.000000e+00,0.000000e+00,0.000000e+00,0.000000e+00,0.000000e+00,0.000000e+00,0.000000e+00,0.000000e+00,0.000000e+00,0.000000e+00,0.000000e+00,0.000000e+00,0.000000e+00
1.000000e+00,0.000000e+00,0.000000e+00,0.000000e+00,0.000000e+00,0.000000e+00,0.000000e+00,0.000000e+00,0.000000e+00,0.000000e+00,0.000000e+00,0.000000e+00,0.000000e+00,0.000000e+00,0.000000e+00
1.000000e+00,0.000000e+00,0.000000e+00,0.000000e+00,0.000000e+00,0.000000e+00,0.000000e+00,0.000000e+00,0.000000e+00,0.000000e+00,0.000000e+00,0.000000e+00,0.000000e+00,0.000000e+00,0.000000e+00
1.000000e+00,0.000000e+00,0.000000e+00,0.000000e+00,0.000000e+00,0.000000e+00,0.000000e+00,0.000000e+00,0.000000e+00,0.000000e+00,0.000000e+00,0.000000e+00,0.000000e+00,0.000000e+00,0.000000e+00
1.000000e+00,0.000000e+00,0.000000e+00,0.000000e+00,0.000000e+00,0.000000e+00,0.000000e+00,0.000000e+00,0.000000e+00,0.000000e+00,0.000000e+00,0.000000e+00,0.000000e+00,0.000000e+00,0.000000e+00
1.000000e+00,0.000000e+00,0.000000e+00,0.000000e+00,0.000000e+00,0.000000e+00,0.000000e+00,0.000000e+00,0.000000e+00,0.000000e+00,0.000000e+00,0.000000e+00,0.000000e+00,0.000000e+00,0.000000e+00
1.000000e+00,0.000000e+00,0.000000e+00,0.000000e+00,0.000000e+00,0.000000e+00,0.000000e+00,0.000000e+00,0.000000e+00,0.000000e+00,0.000000e+00,0.000000e+00,0.000000e+00,0.000000e+00,0.000000e+00
1.000000e+00,0.000000e+00,0.000000e+00,0.000000e+00,0.000000e+00,0.000000e+00,0.000000e+00,0.000000e+00,0.000000e+00,0.000000e+00,0.000000e+00,0.000000e+00,0.000000e+00,0.000000e+00,0.000000e+00
1.000000e+00,0.000000e+00,0.000000e+00,0.000000e+00,0.000000e+00,0.000000e+00,0.000000e+00,0.000000e+00,0.000000e+00,0.000000e+00,0.000000e+00,0.000000e+00,0.000000e+00,0.000000e+00,0.000000e+00
1.000000e+00,0.000000e+00,0.000000e+00,0.000000e+00,0.000000e+00,0.000000e+00,0.000000e+00,0.000000e+00,0.000000e+00,0.000000e+00,0.000000e+00,0.000000e+00,0.000000e+00,0.000000e+00,0.000000e+00
4.944985e-01,1.241909e-02,1.269425e-02,1.675766e-02,1.653308e-02,1.463743e-01,1.885848e-02,1.903808e-01,2.912243e-02,2.736023e-03,7.770340e-03,2.271078e-02,1.560737e-02,1.782868e-03,1.175409e-02
3.889293e-01,1.012856e-02,1.022255e-02,1.456138e-02,1.300865e-02,2.606134e-01,1.477761e-02,1.690419e-01,2.251739e-02,3.763876e-03,1.683618e-02,3.752492e-02,2.368419e-02,3.488951e-03,1.090124e-02
4.175537e-01,1.113861e-02,8.249405e-03,1.550331e-02,1.078153e-02,2.228198e-01,1.126784e-02,1.401930e-01,2.191185e-02,3.822899e-03,2.352090e-02,6.607280e-02,2.909493e-02,3.906266e-03,1.416311e-02
3.023394e-01,1.031812e-02,6.928876e-03,1.208223e-02,8.666534e-03,2.836142e-01,8.385044e-03,9.979626e-02,2.013055e-02,3.194947e-03,6.117764e-02,1.163635e-01,3.173632e-02,2.125273e-02,1.401372e-02
2.271944e-01,1.100991e-02,6.316024e-03,9.251629e-03,6.949342e-03,2.832560e-01,6.659788e-03,7.261299e-02,2.298097e-02,2.933181e-03,1.209752e-01,1.369364e-01,3.033768e-02,4.901354e-02,1.357299e-02
1.634206e-01,8.481578e-03,4.880903e-03,7.058969e-03,5.249361e-03,2.790543e-01,4.889203e-03,5.155527e-02,1.898275e-02,2.510658e-03,2.385575e-01,1.404472e-01,2.321431e-02,4.013490e-02,1.156264e-02
1.179686e-01,6.099479e-03,3.616624e-03,5.342230e-03,3.789867e-03,2.177913e-01,3.574310e-03,3.641685e-02,1.379881e-02,2.184361e-03,4.089297e-01,1.225276e-01,1.742102e-02,3.161733e-02,8.921905e-03
8.522602e-02,4.515765e-03,2.763007e-03,3.985975e-03,2.860407e-03,1.594960e-01,2.569677e-03,2.584340e-02,1.053254e-02,2.017540e-03,5.418767e-01,1.139145e-01,1.301333e-02,2.378615e-02,7.598971e-03
6.021949e-02,3.259504e-03,2.098913e-03,2.932569e-03,2.142678e-03,1.229486e-01,1.862791e-03,1.821395e-02,7.659941e-03,1.689231e-03,6.338451e-01,1.100483e-01,9.661951e-03,1.771555e-02,5.701527e-03
4.342178e-02,4.872611e-03,2.620049e-03,2.430522e-03,4.723086e-03,9.338278e-02,1.424419e-03,1.306614e-02,6.373062e-03,2.132947e-03,6.134931e-01,1.805876e-01,7.850477e-03,1.917681e-02,4.444695e-03
3.061725e-02,8.408875e-03,2.611506e-03,1.850774e-03,7.281649e-03,6.611001e-02,1.046065e-03,9.398720e-03,5.975067e-03,2.162757e-03,5.353435e-01,3.033742e-01,5.890166e-03,1.672035e-02,3.209234e-03
2.160873e-02,9.280858e-03,2.405543e-03,1.396551e-03,6.365111e-03,4.657252e-02,7.661324e-04,6.785977e-03,8.567203e-03,2.109319e-03,5.575342e-01,3.148934e-01,4.354317e-03,1.508208e-02,2.278069e-03
1.515935e-02,9.687059e-03,3.764560e-03,1.053863e-03,5.206218e-03,3.283334e-02,5.596637e-04,4.850078e-03,1.284093e-02,2.305011e-03,5.299609e-01,3.640287e-01,3.099561e-03,1.303109e-02,1.619767e-03
1.066252e-02,1.781977e-02,1.171821e-02,8.153258e-04,5.539753e-03,2.322414e-02,4.274677e-04,3.520867e-03,1.862065e-02,3.302646e-03,5.172337e-01,3.716096e-01,2.293168e-03,1.203979e-02,1.172423e-03
7.619289e-03,1.498229e-02,1.499916e-02,7.190979e-04,5.522122e-03,1.642739e-02,3.205478e-04,2.828158e-03,2.816751e-02,4.293202e-03,5.844128e-01,3.064508e-01,1.802080e-03,1.055607e-02,8.994706e-04
6.125195e-03,1.234826e-02,3.470666e-02,1.228468e-03,6.766025e-03,1.519850e-02,4.631112e-04,4.445518e-03,4.584566e-02,1.368534e-02,5.379792e-01,3.097740e-01,1.552968e-03,9.066576e-03,8.145069e-04
8.587044e-03,1.149385e-02,9.487375e-02,2.907883e-03,1.316129e-02,1.249454e-02,6.329956e-04,1.322224e-02,6.979014e-02,3.133836e-02,4.893562e-01,2.404391e-01,2.026191e-03,8.552959e-03,1.123448e-03
1.272733e-02,1.021168e-02,2.376166e-01,9.485978e-03,2.230893e-02,1.312374e-02,6.657038e-04,2.258802e-02,8.341518e-02,3.249700e-02,3.712437e-01,1.712611e-01,2.254689e-03,9.215887e-03,1.384446e-03
3.040461e-02,1.665477e-02,2.275818e-01,1.320431e-02,5.987715e-02,1.670974e-02,1.299603e-03,2.255051e-02,1.235757e-01,3.149007e-02,3.068518e-01,1.250744e-01,2.738564e-03,1.722777e-02,4.759095e-03
3.322306e-02,1.427983e-02,1.667461e-01,1.138242e-02,6.448812e-02,1.616680e-02,1.015230e-03,1.678916e-02,2.204261e-01,5.108823e-02,2.475237e-01,9.103058e-02,3.822802e-03,4.355771e-02,1.846013e-02
4.995640e-02,1.200672e-02,1.239518e-01,9.593016e-03,6.720470e-02,2.271970e-02,8.660686e-04,1.273522e-02,2.308214e-01,8.953524e-02,2.140159e-01,6.577392e-02,3.586232e-03,6.804439e-02,2.918928e-02
4.947115e-02,1.119837e-02,9.008724e-02,7.640192e-03,7.011934e-02,2.118013e-02,6.760073e-04,9.772657e-03,2.534301e-01,9.653258e-02,2.263678e-01,4.789361e-02,3.229787e-03,8.576931e-02,2.663167e-02
4.697778e-02,1.311721e-02,6.932221e-02,6.386529e-03,1.033830e-01,1.702845e-02,6.569268e-04,8.666655e-03,2.604208e-01,8.948435e-02,2.280834e-01,3.692157e-02,3.034391e-03,9.511664e-02,2.140017e-02
4.102492e-02,1.317312e-02,5.567659e-02,6.520910e-03,1.241911e-01,1.433573e-02,6.919224e-04,1.036485e-02,2.856568e-01,7.231446e-02,2.250153e-01,2.867517e-02,2.839006e-03,1.034206e-01,1.609954e-02
3.538636e-02,1.373612e-02,4.215045e-02,5.421616e-03,9.438910e-02,1.191622e-02,6.587337e-04,1.524420e-02,3.972691e-01,5.903066e-02,1.957062e-01,2.197477e-02,2.230246e-03,9.285809e-02,1.202811e-02
3.056519e-02,1.477796e-02,3.316463e-02,4.914678e-03,7.280619e-02,1.201653e-02,6.689272e-04,2.250844e-02,4.306563e-01,7.621740e-02,1.848489e-01,1.710978e-02,1.816447e-03,8.837024e-02,9.558423e-03
2.952741e-02,3.523367e-02,6.037711e-02,1.258543e-02,5.474918e-02,1.328186e-02,7.319167e-04,6.135828e-02,4.257474e-01,6.996736e-02,1.412714e-01,1.261199e-02,1.657194e-03,7.375640e-02,7.143449e-03
2.463770e-02,4.080206e-02,4.455899e-02,1.406897e-02,4.211544e-02,2.316338e-02,6.442394e-04,5.390186e-02,5.163241e-01,6.754829e-02,1.019721e-01,9.045136e-03,1.253976e-03,5.440800e-02,5.555804e-03
2.201907e-02,4.006860e-02,3.623863e-02,1.440695e-02,3.780726e-02,2.695885e-02,6.487045e-04,9.957572e-02,5.299120e-01,6.563372e-02,7.331365e-02,6.959246e-03,1.091402e-03,4.096290e-02,4.403314e-03
1.847283e-02,2.975688e-02,2.808318e-02,1.285761e-02,3.618618e-02,2.467858e-02,1.577127e-03,3.194269e-01,3.888623e-01,4.925240e-02,5.231374e-02,5.266541e-03,9.950894e-04,2.898246e-02,3.288166e-03
1.673308e-02,2.191718e-02,2.208655e-02,1.112033e-02,3.022664e-02,2.607991e-02,2.119314e-03,4.887251e-01,2.804190e-01,3.563122e-02,3.723939e-02,3.942382e-03,9.059877e-04,2.042836e-02,2.425599e-03
1.635776e-02,1.560968e-02,1.683111e-02,9.713974e-03,3.682021e-02,2.534787e-02,5.948956e-03,6.032657e-01,1.979079e-01,2.502781e-02,2.621633e-02,2.986925e-03,1.840772e-03,1.437053e-02,1.754429e-03
1.231563e-02,1.100055e-02,1.252521e-02,7.046770e-03,2.940323e-02,1.827775e-02,4.603839e-03,7.152659e-01,1.386220e-01,1.755686e-02,1.840197e-02,2.133857e-03,1.526516e-03,1.007970e-02,1.240170e-03
1.088641e-02,7.883558e-03,1.010169e-02,5.220411e-03,2.735378e-02,1.356734e-02,7.783167e-03,7.823011e-01,9.728774e-02,1.242892e-02,1.301319e-02,1.613963e-03,2.523739e-03,7.096752e-03,9.381927e-04
9.190369e-03,5.707929e-03,8.130420e-03,3.771039e-03,2.333338e-02,1.003572e-02,8.159815e-03,8.363061e-01,6.842221e-02,8.716752e-03,9.145736e-03,1.173502e-03,2.223051e-03,5.004262e-03,6.797302e-04
8.367457e-03,4.155365e-03,6.716355e-03,2.805960e-03,2.025575e-02,8.134254e-03,8.388404e-03,8.730226e-01,4.811506e-02,6.120901e-03,6.445813e-03,8.805576e-04,2.476159e-03,3.610692e-03,5.046425e-04
8.957487e-03,3.228886e-03,5.778785e-03,2.623973e-03,1.672130e-02,1.033362e-02,1.141039e-02,8.901424e-01,3.407160e-02,4.370530e-03,4.673091e-03,8.094180e-04,3.673702e-03,2.705790e-03,4.989222e-04
1.176457e-02,2.515308e-03,5.076531e-03,2.553779e-03,1.544440e-02,7.979861e-03,1.348498e-02,9.038556e-01,2.455733e-02,3.230173e-03,3.380434e-03,6.655573e-04,2.952067e-03,2.127179e-03,4.122687e-04
1.916342e-02,2.126205e-03,4.344640e-03,2.693903e-03,1.969955e-02,7.933503e-03,2.097948e-02,8.921241e-01,1.864831e-02,2.435775e-03,3.029752e-03,1.040935e-03,3.499376e-03,1.666234e-03,6.148953e-04
2.738213e-02,2.172644e-03,3.681625e-03,2.907661e-03,1.711481e-02,6.731375e-03,1.759448e-02,8.957626e-01,1.550858e-02,1.808229e-03,2.803941e-03,1.673926e-03,2.991743e-03,1.262768e-03,6.034593e-04
4.178484e-02,2.766785e-03,3.658987e-03,3.482004e-03,1.454200e-02,6.800001e-03,1.400694e-02,8.882924e-01,1.438238e-02,1.386863e-03,2.395972e-03,2.146740e-03,2.638088e-03,9.837528e-04,7.322520e-04
