1.000000e+00,0.000000e+00,0.000000e+00,0.000000e+00,0.000000e+00,0.000000e+00,0.000000e+00,0.000000e+00,0.000000e+00,0.000000e+00,0.000000e+00,0.000000e+00,0.000000e+00,0.000000e+00,0.000000e+00
1.000000e+00,0.000000e+00,0.000000e+00,0.000000e+00,0.000000e+00,0.000000e+00,0.000000e+00,0.000000e+00,0.000000e+00,0.000000e+00,0.000000e+00,0.000000e+00,0.000000e+00,0.000000e+00,0.000000e+00
1.000000e+00,0.000000e+00,0.000000e+00,0.000000e+00,0.000000e+00,0.000000e+00,0.000000e+00,0.000000e+00,0.000000e+00,0.000000e+00,0.000000e+00,0.000000e+00,0.000000e+00,0.000000e+00,0.000000e+00
1.000000e+00,0.000000e+00,0.000000e+00,0.000000e+00,0.000000e+00,0.000000e+00,0.000000e+00,0.000000e+00,0.000000e+00,0.000000e+00,0.000000e+00,0.000000e+00,0.000000e+00,0.000000e+00,0.000000e+00
1.000000e+00,0.000000e+00,0.000000e+00,0.000000e+00,0.000000e+00,0.000000e+00,0.000000e+00,0.000000e+00,0.000000e+00,0.000000e+00,0.000000e+00,0.000000e+00,0.000000e+00,0.000000e+00,0.000000e+00
1.000000e+00,0.000000e+00,0.000000e+00,0.000000e+00,0.000000e+00,0.000000e+00,0.000000e+00,0.000000e+00,0.000000e+00,0.000000e+00,0.000000e+00,0.000000e+00,0.000000e+00,0.000000e+00,0.000000e+00
1.000000e+00,0.000000e+00,0.000000e+00,0.000000e+00,0.000000e+00,0.000000e+00,0.000000e+00,0.000000e+00,0.000000e+00,0.000000e+00,0.000000e+00,0.000000e+00,0.000000e+00,0.000000e+00,0.000000e+00
1.000000e+00,0.000000e+00,0.000000e+00,0.000000e+00,0.000000e+00,0.000000e+00,0.000000e+00,0.000000e+00,0.000000e+00,0.000000e+00,0.000000e+00,0.000000e+00,0.000000e+00,0.000000e+00,0.000000e+00
1.000000e+00,0.000000e+00,0.000000e+00,0.000000e+00,0.000000e+00,0.000000e+00,0.000000e+00,0.000000e+00,0.000000e+00,0.000000e+00,0.000000e+00,0.000000e+00,0.000000e+00,0.000000e+00,0.000000e+00
1.000000e+00,0.000000e+00,0.000000e+00,0.000000e+00,0.000000e+00,0.000000e+00,0.000000e+00,0.000000e+00,0.000000e+00,0.000000e+00,0.000000e+00,0.000000e+00,0.000000e+00,0.000000e+00,0.000000e+00
1.000000e+00,0.000000e+00,0.000000e+00,0.000000e+00,0.000000e+00,0.000000e+00,0.000000e+00,0.000000e+00,0.000000e+00,0.000000e+00,0.000000e+00,0.000000e+00,0.000000e+00,0.000000e+00,0.000000e+00
1.000000e+00,0.000000e+00,0.000000e+00,0.000000e+00,0.000000e+00,0.000000e+00,0.000000e+00,0.000000e+00,0.000000e+00,0.000000e+00,0.000000e+00,0.000000e+00,0.000000e+00,0.000000e+00,0.000000e+00
1.000000e+00,0.000000e+00,0.000000e+00,0.000000e+00,0.000000e+00,0.000000e+00,0.000000e+00,0.000000e+00,0.000000e+00,0.000000e+00,0.000000e+00,0.000000e+00,0.000000e+00,0.000000e+00,0.000000e+00
1.000000e+00,0.000000e+00,0.000000e+00,0.000000e+00,0.000000e+00,0.000000e+00,0.000000e+00,0.000000e+00,0.000000e+00,0.000000e+00,0.000000e+00,0.000000e+00,0.000000e+00,0.000000e+00,0.000000e+00
1.000000e+00,0.000000e+00,0.000000e+00,0.000000e+00,0.000000e+00,0.000000e+00,0.000000e+00,0.000000e+00,0.000000e+00,0.000000e+00,0.000000e+00,0.000000e+00,0.000000e+00,0.000000e+00,0.000000e+00
1.000000e+00,0.000000e+00,0.000000e+00,0.000000e+00,0.000000e+00,0.000000e+00,0.000000e+00,0.000000e+00,0.000000e+00,0.000000e+00,0.000000e+00,0.000000e+00,0.000000e+00,0.000000e+00,0.000000e+00
1.000000e+00,0.000000e+00,0.000000e+00,0.000000e+00,0.000000e+00,0.000000e+00,0.000000e+00,0.000000e+00,0.000000e+00,0.000000e+00,0.000000e+00,0.000000e+00,0.000000e+00,0.000000e+00,0.000000e+00
1.000000e+00,0.000000e+00,0.000000e+00,0.000000e+00,0.000000e+00,0.000000e+00,0.000000e+00,0.000000e+00,0.000000e+00,0.000000e+00,0.000000e+00,0.000000e+00,0.000000e+00,0.000000e+00,0.000000e+00
1.000000e+00,0.000000e+00,0.000000e+00,0.000000e+00,0.000000e+00,0.000000e+00,0.000000e+00,0.000000e+00,0.000000e+00,0.000000e+00,0.000000e+00,0.000000e+00,0.000000e+00,0.000000e+00,0.000000e+00
1.000000e+00,0.000000e+00,0.000000e+00,0.000000e+00,0.000000e+00,0.000000e+00,0.000000e+00,0.000000e+00,0.000000e+00,0.000000e+00,0.000000e+00,0.000000e+00,0.000000e+00,0.000000e+00,0.000000e+00
1.000000e+00,0.000000e+00,0.000000e+00,0.000000e+00,0.000000e+00,0.000000e+00,0.000000e+00,0.000000e+00,0.000000e+00,0.000000e+00,0.000000e+00,0.000000e+00,0.000000e+00,0.000000e+00,0.000000e+00
1.000000e+00,0.000000e+00,0.000000e+00,0.000000e+00,0.000000e+00,0.000000e+00,0.000000e+00,0.000000e+00,0.000000e+00,0.000000e+00,0.000000e+00,0.000000e+00,0.000000e+00,0.000000e+00,0.000000e+00
1.000000e+00,0.000000e+00,0.000000e+00,0.000000e+00,0.000000e+00,0.000000e+00,0.000000e+00,0.000000e+00,0.000000e+00,0.000000e+00,0.000000e+00,0.000000e+00,0.000000e+00,0.000000e+00,0.000000e+00
1.000000e+00,0.000000e+00,0.000000e+00,0.000000e+00,0.000000e+00,0.000000e+00,0.000000e+00,0.000000e+00,0.000000e+00,0.000000e+00,0.000000e+00,0.000000e+00,0.000000e+00,0.000000e+00,0.000000e+00
1.000000e+00,0.000000e+00,0.000000e+00,0.000000e+00,0.000000e+00,0.000000e+00,0.000000e+00,0.000000e+00,0.000000e+00,0.000000e+00,0.000000e+00,0.000000e+00,0.000000e+00,0.000000e+00,0.000000e+00
1.000000e+00,0.000000e+00,0.000000e+00,0.000000e+00,0.000000e+00,0.000000e+00,0.000000e+00,0.000000e+00,0.000000e+00,0.000000e+00,0.000000e+00,0.000000e+00,0.000000e+00,0.000000e+00,0.000000e+00
1.000000e+00,0.000000e+00,0.000000e+00,0.000000e+00,0.000000e+00,0.000000e+00,0.000000e+00,0.000000e+00,0.000000e+00,0.000000e+00,0.000000e+00,0.000000e+00,0.000000e+00,0.000000e+00,0.000000e+00
1.000000e+00,0.000000e+00,0.000000e+00,0.000000e+00,0.000000e+00,0.000000e+00,0.000000e+00,0.000000e+00,0.000000e+00,0.000000e+00,0.000000e+00,0.000000e+00,0.000000e+00,0.000000e+00,0.000000e+00
1.000000e+00,0.000000e+00,0.000000e+00,0.000000e+00,0.000000e+00,0.000000e+00,0.000000e+00,0.000000e+00,0.000000e+00,0.000000e+00,0.000000e+00,0.000000e+00,0.000000e+00,0.000000e+00,0.000000e+00
1.000000e+00,0.000000e+00,0.000000e+00,0.000000e+00,0.000000e+00,0.000000e+00,0.000000e+00,0.000000e+00,0.000000e+00,0.000000e+00,0.000000e+00,0.000000e+00,0.000000e+00,0.000000e+00,0.000000e+00
1.000000e+00,0.000000e+00,0.000000e+00,0.000000e+00,0.000000e+00,0.000000e+00,0.000000e+00,0.000000e+00,0.000000e+00,0.000000e+00,0.000000e+00,0.000000e+00,0.000000e+00,0.000000e+00,0.000000e+00
1.000000e+00,0.000000e+00,0.000000e+00,0.000000e+00,0.000000e+00,0.000000e+00,0.000000e+00,0.000000e+00,0.000000e+00,0.000000e+00,0.000000e+00,0.000000e+00,0.000000e+00,0.000000e+00,0.000000e+00
1.000000e+00,0.000000e+00,0.000000e+00,0.000000e+00,0.000000e+00,0.000000e+00,0.000000e+00,0.000000e+00,0.000000e+00,0.000000e+00,0.000000e+00,0.000000e+00,0.000000e+00,0.000000e+00,0.000000e+00
1.000000e+00,0.000000e+00,0.000000e+00,0.000000e+00,0.000000e+00,0.000000e+00,0.000000e+00,0.000000e+00,0.000000e+00,0.000000e+00,0.000000e+00,0.000000e+00,0.000000e+00,0.000000e+00,0.000000e+00
1.000000e+00,0.000000e+00,0.000000e+00,0.000000e+00,0.000000e+00,0.000000e+00,0.000000e+00,0.000000e+00,0.000000e+00,0.000000e+00,0.000000e+00,0.000000e+00,0.000000e+00,0.000000e+00,0.000000e+00
1.000000e+00,0.000000e+00,0.000000e+00,0.000000e+00,0.000000e+00,0.000000e+00,0.000000e+00,0.000000e+00,0.000000e+00,0.000000e+00,0.000000e+00,0.000000e+00,0.000000e+00,0.000000e+00,0.000000e+00
1.000000e+00,0.000000e+00,0.000000e+00,0.000000e+00,0.000000e+00,0.000000e+00,0.000000e+00,0.000000e+00,0.000000e+00,0.000000e+00,0.000000e+00,0.000000e+00,0.000000e+00,0.000000e+00,0.000000e+00
4.657612e-01,2.350273e-02,3.402659e-02,7.104626e-02,1.120714e-02,1.852824e-02,6.828576e-03,2.565838e-01,1.020566e-02,2.638631e-03,1.983946e-02,3.030529e-02,1.944819e-02,5.894616e-03,2.418370e-02
4.050130e-01,1.781536e-02,3.028186e-02,5.865295e-02,1.016863e-02,1.767641e-02,6.788495e-03,3.578661e-01,8.380886e-03,2.108250e-03,1.747131e-02,2.653981e-02,1.723032e-02,4.961062e-03,1.904560e-02
3.277281e-01,1.379522e-02,2.664065e-02,4.801887e-02,8.416432e-03,1.554016e-02,6.518428e-03,4.758179e-01,6.349718e-03,1.602757e-03,1.347662e-02,2.201408e-02,1.554230e-02,3.986644e-03,1.455218e-02
2.371287e-01,9.870428e-03,1.966221e-02,3.502169e-02,6.196089e-03,1.181431e-02,5.396130e-03,6.190243e-01,4.534241e-03,1.157352e-03,9.679786e-03,1.577442e-02,1.136704e-02,2.993051e-03,1.038032e-02
1.766276e-01,7.134747e-03,1.454507e-02,2.517130e-02,4.745586e-03,9.051412e-03,4.673745e-03,7.176519e-01,3.238488e-03,8.495897e-04,6.971400e-03,1.131644e-02,8.379910e-03,2.236655e-03,7.406170e-03
1.730500e-01,5.991994e-03,1.110496e-02,1.969926e-02,4.477776e-03,8.446450e-03,4.970814e-03,7.389963e-01,2.505356e-03,7.097468e-04,5.228845e-03,9.310237e-03,7.661856e-03,1.827067e-03,6.019383e-03
1.531979e-01,5.364083e-03,9.346392e-03,1.693321e-02,4.092681e-03,7.901021e-03,5.145873e-03,7.699938e-01,2.131392e-03,5.869633e-04,4.100923e-03,7.602996e-03,6.581680e-03,1.810291e-03,5.210766e-03
1.133288e-01,3.887716e-03,6.958153e-03,1.227956e-02,3.609568e-03,5.908735e-03,4.951826e-03,8.281865e-01,1.524347e-03,4.449472e-04,2.974997e-03,5.609058e-03,5.273587e-03,1.325393e-03,3.736765e-03
8.077376e-02,2.787184e-03,5.214273e-03,8.825462e-03,3.067218e-03,4.243499e-03,4.630987e-03,8.751172e-01,1.077613e-03,3.329971e-04,2.153055e-03,4.067635e-03,4.079151e-03,9.711460e-04,2.658793e-03
5.737715e-02,1.981019e-03,3.935948e-03,6.341323e-03,2.419908e-03,3.070679e-03,4.289633e-03,9.093478e-01,7.595067e-04,2.473919e-04,1.549623e-03,2.914135e-03,3.168935e-03,7.057851e-04,1.891161e-03
6.056459e-02,1.491665e-03,2.986255e-03,4.670108e-03,3.334497e-03,3.122599e-03,4.674651e-03,9.087605e-01,5.848446e-04,2.896087e-04,1.236414e-03,2.715838e-03,3.534799e-03,5.395219e-04,1.494056e-03
6.492766e-02,1.129681e-03,2.290309e-03,3.457640e-03,3.645969e-03,3.121597e-03,4.587146e-03,9.080290e-01,4.626623e-04,2.752444e-04,9.677849e-04,2.371400e-03,3.141618e-03,4.095853e-04,1.182712e-03
5.345994e-02,8.518441e-04,1.838660e-03,2.580342e-03,3.254975e-03,2.779167e-03,4.133178e-03,9.225702e-01,3.942015e-04,2.695253e-04,7.700808e-04,2.336938e-03,3.393962e-03,3.394473e-04,1.027444e-03
5.119187e-02,6.843492e-04,1.541344e-03,2.106865e-03,4.089882e-03,2.326134e-03,3.570061e-03,9.260411e-01,3.549246e-04,3.023397e-04,6.940894e-04,2.134521e-03,3.700322e-03,3.151528e-04,9.469761e-04
3.806407e-02,5.470157e-04,1.202337e-03,1.693868e-03,3.678081e-03,1.796113e-03,3.105819e-03,8.353343e-01,4.736666e-04,7.049384e-04,2.708338e-03,2.910917e-02,7.923868e-02,1.358861e-03,9.847501e-04
3.286673e-02,5.264975e-04,9.234594e-04,1.631423e-03,3.124966e-03,1.791297e-03,3.140673e-03,6.653763e-01,9.079669e-04,6.763513e-04,3.409834e-03,4.487414e-02,2.377641e-01,1.830526e-03,1.155692e-03
2.664066e-02,4.456402e-04,6.886650e-04,1.412928e-03,2.651453e-03,1.504926e-03,2.427942e-03,4.879514e-01,1.472525e-03,6.522740e-04,5.880981e-03,4.934208e-02,4.148592e-01,1.801522e-03,2.267768e-03
3.013221e-02,7.404484e-04,8.747875e-04,1.811535e-03,5.204544e-03,2.202165e-03,5.771804e-03,3.856642e-01,1.151455e-02,6.298744e-04,7.736198e-03,7.568820e-02,4.630518e-01,4.395315e-03,4.582372e-03
2.419158e-02,6.382185e-04,8.344062e-04,1.363421e-03,3.971544e-03,1.786446e-03,4.450110e-03,2.736382e-01,1.086714e-02,8.025746e-04,9.591079e-03,1.182064e-01,5.422468e-01,3.593155e-03,3.818863e-03
2.966587e-02,6.162453e-04,7.646664e-04,1.150712e-03,3.193197e-03,1.941819e-03,3.746279e-03,1.941078e-01,1.468735e-02,8.344447e-04,1.010067e-02,2.592947e-01,4.733676e-01,3.401974e-03,3.126614e-03
1.917907e-01,1.035767e-03,1.488116e-03,1.002086e-03,2.842589e-03,2.507866e-03,2.941665e-03,1.369258e-01,1.264113e-02,1.009364e-03,9.082956e-03,2.432242e-01,3.863042e-01,4.487596e-03,2.716038e-03
2.593689e-01,1.557056e-03,2.072812e-03,9.673316e-04,4.128397e-03,2.706328e-03,2.309584e-03,9.737197e-02,1.362670e-02,1.276731e-03,8.690219e-03,2.375123e-01,3.606850e-01,5.549330e-03,2.177395e-03
2.567228e-01,2.411885e-03,2.957906e-03,1.084284e-03,6.223171e-03,5.263499e-03,2.073104e-03,6.988569e-02,1.537592e-02,2.609553e-03,8.191237e-03,2.743477e-01,3.450037e-01,5.973143e-03,1.876511e-03
1.855990e-01,2.008980e-03,2.268552e-03,1.003688e-03,9.573787e-03,4.699634e-03,1.689919e-03,4.950250e-02,1.685688e-02,3.152222e-03,7.351046e-03,4.082417e-01,3.018728e-01,4.743555e-03,1.435763e-03
1.444715e-01,1.747601e-03,2.002874e-03,1.414738e-03,1.421099e-02,4.295778e-03,1.425448e-03,3.622342e-02,2.657018e-02,5.876294e-03,9.083780e-03,4.676462e-01,2.799420e-01,4.000903e-03,1.088323e-03
1.258563e-01,1.876064e-03,1.765123e-03,1.601816e-03,2.082744e-02,5.066160e-03,1.181946e-03,2.891101e-02,2.379004e-02,1.072169e-02,9.203930e-03,5.284658e-01,2.364548e-01,3.397497e-03,8.803870e-04
1.036908e-01,2.917031e-03,1.770682e-03,1.566589e-03,4.645001e-02,6.163611e-03,9.721204e-04,2.192733e-02,3.151069e-02,1.225469e-02,8.112321e-03,5.536209e-01,2.053962e-01,2.910794e-03,7.361865e-04
1.548942e-01,7.608469e-03,2.068143e-03,2.272843e-03,6.971170e-02,7.745863e-03,1.003238e-03,1.862506e-02,4.087663e-02,1.493025e-02,8.406935e-03,5.074013e-01,1.598496e-01,3.689770e-03,9.158864e-04
2.583433e-01,1.657420e-02,3.513147e-03,5.359683e-03,6.932945e-02,1.187838e-02,2.082400e-03,3.473419e-02,5.601523e-02,1.456449e-02,8.258463e-03,3.928897e-01,1.209495e-01,4.025532e-03,1.482275e-03
3.885053e-01,1.570111e-02,4.231744e-03,1.061309e-02,5.499393e-02,2.329589e-02,3.077491e-03,3.677031e-02,4.722469e-02,1.386062e-02,7.354670e-03,2.964137e-01,9.162551e-02,3.771241e-03,2.560608e-03
4.652739e-01,1.529264e-02,4.608732e-03,1.515859e-02,4.191529e-02,5.230889e-02,3.396611e-03,2.935188e-02,4.347410e-02,1.128647e-02,6.684959e-03,2.302677e-01,7.281946e-02,3.587615e-03,4.573158e-03
4.552862e-01,1.604388e-02,4.649619e-03,1.894050e-02,4.001663e-02,5.237442e-02,3.796369e-03,2.736446e-02,7.518714e-02,1.161934e-02,8.758279e-03,2.052931e-01,6.779344e-02,3.862621e-03,9.014013e-03
3.876553e-01,1.904395e-02,1.496943e-02,7.598323e-02,4.279495e-02,5.693297e-02,3.937715e-03,2.507735e-02,1.198197e-01,1.341190e-02,9.110892e-03,1.559484e-01,5.530018e-02,3.575367e-03,1.643876e-02
3.759817e-01,1.912696e-02,1.193314e-02,7.322313e-02,4.695857e-02,4.981950e-02,4.800893e-03,2.072130e-02,1.790607e-01,1.145588e-02,1.036961e-02,1.228905e-01,4.887463e-02,3.789713e-03,2.099392e-02
3.605083e-01,2.287036e-02,1.093404e-02,9.806856e-02,6.032491e-02,4.534570e-02,6.774955e-03,1.759279e-02,1.904738e-01,9.773531e-03,1.016579e-02,9.617464e-02,4.294942e-02,3.201744e-03,2.484148e-02
3.363257e-01,2.232154e-02,1.198221e-02,1.653959e-01,5.629954e-02,4.028969e-02,7.664668e-03,1.455081e-02,1.768200e-01,9.159745e-03,1.078252e-02,7.339747e-02,4.024567e-02,2.629644e-03,3.213489e-02
3.555883e-01,2.353234e-02,9.744035e-03,1.551515e-01,5.479078e-02,3.605658e-02,9.769425e-03,1.193487e-02,1.739172e-01,7.353759e-03,1.496412e-02,6.689903e-02,4.270365e-02,2.448198e-03,3.514620e-02
3.379626e-01,2.582267e-02,7.795116e-03,1.530670e-01,9.263586e-02,4.215641e-02,1.937209e-02,1.004783e-02,1.685389e-01,5.622008e-03,1.291265e-02,5.213626e-02,3.950462e-02,2.065840e-03,3.036013e-02
3.388289e-01,2.543256e-02,7.906379e-03,2.243435e-01,7.644666e-02,3.566514e-02,1.534860e-02,1.074310e-02,1.453264e-01,4.955217e-03,1.180598e-02,4.260804e-02,3.178297e-02,1.728096e-03,2.707851e-02
3.743174e-01,2.331779e-02,6.539933e-03,2.093929e-01,7.678336e-02,3.068627e-02,1.297301e-02,1.220386e-02,1.453255e-01,3.957157e-03,1.353002e-02,3.819623e-02,2.837029e-02,1.879357e-03,2.252689e-02
3.221678e-01,2.154134e-02,6.396600e-03,1.878052e-01,8.525152e-02,2.519068e-02,1.045949e-02,9.254090e-02,1.601088e-01,3.256220e-03,1.093945e-02,2.963789e-02,2.591282e-02,1.574832e-03,1.721634e-02
2.631416e-01,1.878796e-02,5.461865e-03,1.425440e-01,8.264998e-02,1.972513e-02,8.303237e-03,2.362250e-01,1.563708e-01,2.396728e-03,8.397325e-03,2.217339e-02,1.987888e-02,1.325063e-03,1.261914e-02
1.919750e-01,1.340835e-02,4.059550e-03,1.036209e-01,6.668054e-02,1.459667e-02,6.447269e-03,4.310485e-01,1.209090e-01,1.692401e-03,6.019637e-03,1.562679e-02,1.412129e-02,9.378170e-04,8.856385e-03
1.481435e-01,1.012963e-02,4.310047e-03,7.623947e-02,5.233045e-02,2.699611e-02,4.834113e-03,5.497086e-01,8.841380e-02,1.361515e-03,6.017302e-03,1.225839e-02,1.184175e-02,8.062082e-04,6.609128e-03
1.241159e-01,9.356385e-03,1.151904e-02,5.982029e-02,3.995278e-02,2.924263e-02,3.652126e-03,5.617758e-01,6.482631e-02,4.950269e-03,2.346194e-02,2.662956e-02,3.088900e-02,3.998360e-03,5.809679e-03
9.262758e-02,7.317635e-03,8.584492e-03,4.452141e-02,2.882361e-02,2.516863e-02,2.730350e-03,4.215859e-01,4.788261e-02,4.899412e-03,3.232253e-02,2.297339e-01,4.207808e-02,6.785119e-03,4.938714e-03
6.603268e-02,5.315349e-03,6.121670e-03,3.401439e-02,2.048334e-02,2.112960e-02,1.962543e-03,3.016904e-01,3.446948e-02,4.205070e-03,4.601747e-02,3.767745e-01,7.186855e-02,6.184310e-03,3.730687e-03
5.414619e-02,3.881867e-03,4.555062e-03,2.458519e-02,1.482394e-02,2.029075e-02,1.625381e-03,2.210590e-01,2.632667e-02,3.094544e-03,3.919081e-02,5.067022e-01,7.032127e-02,6.471902e-03,2.925203e-03
4.510047e-02,2.885858e-03,3.765136e-03,1.749064e-02,1.070138e-02,2.678506e-02,1.423748e-03,1.590010e-01,2.218998e-02,2.279444e-03,3.360671e-02,6.022661e-01,6.540290e-02,4.928953e-03,2.172598e-03
3.255843e-02,2.068545e-03,2.732585e-03,1.231602e-02,8.177953e-03,2.434318e-02,1.088850e-03,1.121384e-01,2.375966e-02,1.696487e-03,3.001802e-02,6.776824e-01,6.613273e-02,3.711527e-03,1.575222e-03
2.291083e-02,1.669265e-03,2.233100e-03,8.656370e-03,8.680072e-03,1.824765e-02,7.883520e-04,7.857822e-02,2.126928e-02,1.541796e-03,3.287716e-02,7.478225e-01,5.058788e-02,2.969469e-03,1.167963e-03
1.622480e-02,1.209554e-03,1.591684e-03,6.073888e-03,6.407897e-03,1.361168e-02,5.685321e-04,5.509740e-02,1.701523e-02,1.624131e-03,3.799134e-02,8.027064e-01,3.683008e-02,2.206213e-03,8.412212e-04
1.139732e-02,8.917454e-04,1.154153e-03,4.258138e-03,6.061811e-03,9.642112e-03,4.224485e-04,3.866812e-02,1.593801e-02,1.608515e-03,3.548327e-02,8.452485e-01,2.697410e-02,1.658426e-03,5.933308e-04
7.998334e-03,6.508893e-04,8.300216e-04,2.983459e-03,4.993213e-03,6.797575e-03,3.005391e-04,2.708478e-02,1.268863e-02,1.602860e-03,3.217092e-02,8.809735e-01,1.928783e-02,1.218848e-03,4.186311e-04
5.629662e-03,4.853413e-04,5.988769e-04,2.091816e-03,4.387222e-03,4.834427e-03,2.192406e-04,1.901864e-02,1.049623e-02,1.556947e-03,2.495309e-02,9.106165e-01,1.393199e-02,8.855208e-04,2.944027e-04
4.017955e-03,3.894260e-04,4.410396e-04,1.467188e-03,5.026030e-03,3.704888e-03,1.697785e-04,1.336523e-02,1.017323e-02,1.401332e-03,1.956464e-02,9.292065e-01,1.022784e-02,6.373321e-04,2.075414e-04
3.016918e-03,3.217242e-04,3.240508e-04,1.038028e-03,8.118789e-03,2.918931e-03,1.554907e-04,9.415078e-03,1.417904e-02,1.195069e-03,1.609271e-02,9.346750e-01,7.932908e-03,4.688230e-04,1.473660e-04
2.293000e-03,2.378493e-04,2.381949e-04,7.302888e-04,7.834505e-03,2.173203e-03,1.246784e-04,6.620158e-03,1.170306e-02,1.064514e-03,1.477719e-02,9.455845e-01,6.174714e-03,3.397206e-04,1.043700e-04
1.754501e-03,2.269320e-04,2.022515e-04,5.146710e-04,9.653211e-03,1.651234e-03,1.061910e-04,4.743608e-03,1.496203e-02,1.052578e-03,1.238134e-02,9.476591e-01,4.765758e-03,2.515278e-04,7.499674e-05
1.348414e-03,1.936169e-04,1.893079e-04,3.645406e-04,1.853408e-02,1.321867e-03,1.826493e-04,3.711874e-03,1.803804e-02,9.186008e-04,9.641086e-03,9.417900e-01,3.516618e-03,1.957409e-04,5.348100e-05
1.093744e-03,1.769642e-04,2.691533e-04,2.610294e-04,8.572923e-02,1.273243e-03,1.282321e-03,3.152129e-03,3.374370e-02,7.178329e-04,7.142680e-03,8.622357e-01,2.735492e-03,1.486252e-04,3.816412e-05
8.127706e-04,1.463922e-04,2.892907e-04,1.920665e-04,1.428151e-01,1.127215e-03,2.042575e-03,2.472407e-03,6.217671e-02,5.749358e-04,5.302584e-03,7.796011e-01,2.309459e-03,1.100049e-04,2.744446e-05
5.862577e-04,1.144781e-04,2.795701e-04,1.527905e-04,1.191439e-01,9.456175e-04,1.615538e-03,2.365950e-03,5.951605e-02,5.111554e-04,4.164265e-03,8.077971e-01,2.700303e-03,8.674686e-05,2.026629e-05
4.454075e-04,1.124313e-04,2.831535e-04,1.257588e-04,9.558675e-02,7.673496e-04,1.263286e-03,2.431815e-03,6.533796e-02,5.157170e-04,3.761065e-03,8.257619e-01,3.522203e-03,6.985536e-05,1.531129e-05
3.637162e-04,1.214752e-04,3.416187e-04,1.178743e-04,8.921499e-02,6.008372e-04,1.021521e-03,2.553986e-03,8.285527e-02,4.844661e-04,3.904507e-03,8.132459e-01,5.103000e-03,5.834586e-05,1.248278e-05
3.329837e-04,2.791368e-04,1.259149e-03,4.795786e-04,8.203624e-02,4.888791e-04,7.773708e-04,2.929625e-02,1.357215e-01,5.032086e-04,3.674410e-03,7.395118e-01,5.581180e-03,4.732898e-05,1.088708e-05
5.504888e-04,6.532087e-04,1.893712e-03,7.341756e-04,8.980829e-02,4.002330e-04,6.422150e-04,4.099587e-02,2.866446e-01,5.848947e-04,3.343163e-03,5.686589e-01,5.024846e-03,5.045138e-05,1.490254e-05
6.514341e-04,9.535804e-04,2.784242e-03,7.598824e-04,8.911015e-02,3.970607e-04,5.337958e-04,5.633555e-02,4.246929e-01,5.075175e-04,3.108965e-03,4.162715e-01,3.807589e-03,4.620462e-05,3.966787e-05
1.529895e-03,9.674210e-04,7.931831e-03,1.236640e-02,1.200903e-01,1.676495e-03,4.692188e-04,1.725959e-01,3.764818e-01,4.532407e-04,3.706810e-03,2.984028e-01,3.051326e-03,9.359694e-05,1.829871e-04
3.733380e-03,1.208471e-03,9.080851e-03,1.295984e-02,1.483559e-01,1.560160e-03,5.657455e-04,2.204761e-01,3.824169e-01,4.235645e-04,4.193099e-03,2.121047e-01,2.373666e-03,1.094858e-04,4.381319e-04
6.274662e-03,4.498160e-03,1.005571e-02,2.082802e-02,1.677890e-01,1.638138e-03,6.386789e-04,2.139499e-01,4.141591e-01,8.657648e-04,4.578822e-03,1.497035e-01,2.512917e-03,1.517131e-04,2.355879e-03
1.353495e-02,5.609887e-03,9.684850e-03,2.503063e-02,2.185447e-01,2.255395e-03,1.009132e-03,2.070214e-01,3.968353e-01,1.050649e-03,7.036959e-03,1.058196e-01,2.204444e-03,3.069027e-04,4.055132e-03
1.949817e-02,9.040178e-03,1.817685e-02,4.119866e-02,2.262844e-01,2.231836e-03,1.448191e-03,2.425482e-01,3.468431e-01,2.042958e-03,5.849415e-03,7.509275e-02,2.700364e-03,3.482242e-04,6.696785e-03
2.643098e-02,1.033242e-02,2.416726e-02,4.429413e-02,2.125152e-01,2.637648e-03,1.503047e-03,2.925514e-01,3.154727e-01,1.768131e-03,5.965502e-03,5.357485e-02,2.650989e-03,4.249739e-04,5.710694e-03
2.678860e-02,9.935448e-03,2.234756e-02,5.359284e-02,1.685282e-01,2.722077e-03,1.223174e-03,3.353840e-01,3.251905e-01,1.946251e-03,5.231250e-03,3.840527e-02,2.624660e-03,4.154520e-04,5.664739e-03
3.117514e-02,1.242284e-02,2.391682e-02,1.032429e-01,1.224846e-01,2.446064e-03,9.143864e-04,2.562304e-01,3.829608e-01,3.828653e-03,1.443577e-02,2.765001e-02,3.503399e-03,9.586138e-04,1.382957e-02
4.246260e-02,1.951641e-02,2.378096e-02,9.337220e-02,1.106712e-01,3.662165e-03,9.090144e-04,1.981256e-01,3.937019e-01,3.916426e-03,2.319514e-02,2.078991e-02,7.837596e-03,2.165979e-03,5.589291e-02
6.135359e-02,2.706519e-02,2.788063e-02,1.007360e-01,8.290402e-02,3.613096e-03,9.524727e-04,1.547067e-01,3.993592e-01,5.691695e-03,3.861580e-02,1.617610e-02,1.308740e-02,4.215688e-03,6.364252e-02
8.433882e-02,5.626919e-02,2.331635e-02,1.026726e-01,6.138237e-02,3.945215e-03,8.824078e-04,1.183477e-01,4.100590e-01,7.428946e-03,4.218879e-02,1.192040e-02,1.244981e-02,7.264193e-03,5.753424e-02
6.355486e-02,5.353181e-02,2.247038e-02,1.100407e-01,4.344467e-02,3.089162e-03,6.463568e-04,8.458292e-02,4.760135e-01,8.808242e-03,3.153390e-02,8.604417e-03,9.970147e-03,6.093849e-03,7.761513e-02
7.221369e-02,1.169743e-01,1.831030e-02,1.179817e-01,3.054465e-02,2.741253e-03,5.165394e-04,5.948455e-02,4.467986e-01,6.548620e-03,3.316351e-02,1.326410e-02,1.520398e-02,5.184573e-03,6.106962e-02
5.147851e-02,1.014770e-01,1.464679e-02,1.074727e-01,2.141925e-02,2.191791e-03,3.966315e-04,4.167140e-02,4.578125e-01,5.299774e-03,3.764065e-02,5.975154e-02,5.027128e-02,4.312889e-03,4.415739e-02
3.831577e-02,7.244460e-02,1.093263e-02,1.047265e-01,1.504953e-02,2.369828e-03,1.419023e-03,2.925595e-02,3.725141e-01,4.300141e-03,3.323957e-02,2.278469e-01,4.623734e-02,7.390120e-03,3.395801e-02
2.685140e-02,5.082531e-02,7.766530e-03,7.419850e-02,1.057012e-02,1.788845e-03,1.049298e-03,2.048875e-02,2.631854e-01,3.167915e-03,3.925686e-02,3.940610e-01,7.755193e-02,5.293095e-03,2.394501e-02
1.885273e-02,3.564391e-02,5.489857e-03,5.220094e-02,7.469870e-03,1.589781e-03,7.667734e-04,1.434842e-02,1.862054e-01,2.330395e-03,3.751673e-02,5.421383e-01,7.476567e-02,3.843023e-03,1.683814e-02
1.340886e-02,2.507542e-02,3.883091e-03,3.656442e-02,5.635351e-03,1.644463e-03,5.829559e-04,1.006269e-02,1.353042e-01,1.760354e-03,3.401024e-02,6.182619e-01,9.877713e-02,3.045389e-03,1.198363e-02
9.487972e-03,1.767698e-02,2.766827e-03,2.562044e-02,4.630209e-03,1.766831e-03,5.044986e-04,7.103857e-03,1.021166e-01,1.556024e-03,3.116085e-02,6.839973e-01,1.006020e-01,2.534432e-03,8.475091e-03
6.764211e-03,1.259791e-02,2.013617e-03,1.796894e-02,6.831939e-03,2.027659e-03,6.954664e-04,5.202876e-03,1.036980e-01,1.291923e-03,2.434355e-02,7.241319e-01,8.433275e-02,2.000382e-03,6.098847e-03
5.025778e-03,8.923553e-03,1.493289e-03,1.261943e-02,5.185554e-03,3.760939e-03,5.859818e-04,3.804396e-03,7.749103e-02,1.496649e-03,2.057581e-02,7.827795e-01,6.838246e-02,3.510985e-03,4.364634e-03
3.627849e-03,6.290764e-03,1.218869e-03,8.850997e-03,1.935100e-02,3.639442e-03,1.011681e-03,3.192562e-03,7.013813e-02,1.590388e-03,1.836304e-02,7.731310e-01,8.381703e-02,2.679150e-03,3.098062e-03
2.716918e-03,4.463456e-03,1.362143e-03,6.206672e-03,2.265291e-02,3.847924e-03,1.364316e-03,2.564137e-03,5.972697e-02,1.848420e-03,1.717442e-02,7.912067e-01,8.061859e-02,1.980014e-03,2.266379e-03
2.487896e-03,3.267958e-03,2.151376e-03,4.362847e-03,5.083787e-02,9.148487e-03,2.266692e-03,2.747989e-03,7.001188e-02,2.901464e-03,1.843110e-02,7.502787e-01,7.788993e-02,1.525757e-03,1.689983e-03
3.537035e-03,2.413220e-03,2.747235e-03,3.078099e-03,7.676384e-02,9.022387e-03,2.758259e-03,4.743382e-03,6.338625e-02,4.025540e-03,1.461126e-02,7.502165e-01,6.014827e-02,1.218643e-03,1.329999e-03
5.068740e-03,1.822858e-03,2.373386e-03,2.189748e-03,1.773288e-01,7.234049e-03,3.664430e-03,7.487548e-03,8.544384e-02,4.289337e-03,2.000353e-02,6.254219e-01,5.572411e-02,9.745706e-04,9.730818e-04
9.485605e-03,1.568215e-03,2.152302e-03,1.589845e-03,3.187852e-01,5.742270e-03,6.047857e-03,9.320207e-03,8.509868e-02,4.987778e-03,2.627009e-02,4.797908e-01,4.759818e-02,8.036473e-04,7.593149e-04
1.327545e-02,1.200540e-03,3.638027e-03,3.850064e-03,2.925368e-01,5.312028e-03,4.883257e-03,1.150156e-01,6.411764e-02,4.182240e-03,2.260756e-02,4.260873e-01,4.193518e-02,7.772574e-04,5.809810e-04
1.537126e-02,9.708474e-04,3.246634e-03,3.897278e-03,3.731796e-01,4.323720e-03,4.194926e-03,1.012747e-01,5.259366e-02,4.241338e-03,1.816748e-02,3.825870e-01,3.475507e-02,7.426003e-04,4.538389e-04
3.994237e-02,2.469344e-03,3.435339e-03,4.473900e-03,3.636305e-01,4.270435e-03,3.581936e-03,8.371512e-02,6.352263e-02,4.229508e-03,1.638310e-02,3.758140e-01,3.313501e-02,8.691436e-04,5.277428e-04
5.475022e-02,5.986393e-03,1.086304e-02,3.240044e-02,2.872673e-01,5.602773e-03,2.748762e-03,8.923528e-02,1.330921e-01,8.224267e-03,1.650431e-02,3.207412e-01,2.948654e-02,1.217848e-03,1.879555e-03
7.176825e-02,1.386158e-02,8.762290e-03,2.870672e-02,2.263494e-01,7.836692e-03,2.152718e-03,7.839186e-02,1.659416e-01,8.899276e-03,3.163852e-02,3.207254e-01,3.074678e-02,2.289866e-03,1.929090e-03
7.949419e-02,1.233847e-02,2.653219e-02,4.580671e-02,1.711925e-01,1.467172e-02,1.724462e-03,1.002048e-01,1.647246e-01,7.947266e-03,3.774857e-02,3.057773e-01,2.327283e-02,6.850773e-03,1.713597e-03
8.170152e-02,1.005084e-02,2.159783e-02,4.068995e-02,1.246886e-01,1.529271e-02,1.279740e-03,7.591558e-02,2.694063e-01,7.439424e-03,5.219423e-02,2.626680e-01,1.765538e-02,1.772243e-02,1.697455e-03
6.170268e-02,8.488119e-03,1.577984e-02,3.005877e-02,9.241051e-02,1.303643e-02,9.692848e-04,5.410638e-02,2.698058e-01,5.953556e-03,1.261854e-01,1.906243e-01,1.348065e-02,1.155726e-01,1.825708e-03
5.687342e-02,8.374080e-03,1.268026e-02,2.229612e-02,6.869420e-02,1.298361e-02,9.330565e-04,3.987772e-02,3.582148e-01,5.827960e-03,1.414205e-01,1.490171e-01,1.132816e-02,1.078409e-01,3.638160e-03
7.386927e-02,7.067643e-03,1.212436e-02,1.701243e-02,5.180184e-02,1.161886e-02,8.265717e-04,3.019259e-02,4.274220e-01,7.693359e-03,1.232117e-01,1.107228e-01,9.783129e-03,1.125373e-01,4.116148e-03
7.755248e-02,6.632275e-03,1.019577e-02,1.244919e-02,3.731681e-02,9.488218e-03,6.214195e-04,2.527087e-02,4.361492e-01,2.667312e-02,1.190532e-01,7.867640e-02,7.464007e-03,1.484585e-01,3.998623e-03
9.283012e-02,6.980679e-03,7.791016e-03,9.479382e-03,2.705073e-02,7.759686e-03,4.828990e-04,1.958924e-02,4.446996e-01,2.418537e-02,1.183538e-01,5.723512e-02,7.217886e-03,1.722556e-01,4.088918e-03
8.694276e-02,6.636966e-03,6.244095e-03,7.431860e-03,2.045699e-02,8.161311e-03,4.070844e-04,1.440955e-02,3.499111e-01,2.812749e-02,1.827852e-01,4.481832e-02,7.461233e-03,2.311878e-01,5.018282e-03
8.377715e-02,6.659989e-03,5.938823e-03,6.057882e-03,1.589226e-02,8.865017e-03,3.430708e-04,1.041738e-02,2.882514e-01,2.723699e-02,2.200245e-01,3.729367e-02,9.085233e-03,2.742607e-01,5.895893e-03
8.521263e-02,8.754327e-03,7.137313e-03,6.745359e-03,1.257160e-02,1.004128e-02,2.878119e-04,8.506700e-03,2.708939e-01,2.734866e-02,2.189466e-01,2.896036e-02,9.792913e-03,2.977119e-01,7.088661e-03
1.065281e-01,1.263328e-02,2.377301e-02,2.073493e-02,1.337708e-02,1.110845e-02,6.007950e-04,7.785063e-03,2.726297e-01,3.841641e-02,2.007855e-01,2.258112e-02,9.654879e-03,2.510410e-01,8.350717e-03
1.252328e-01,1.264382e-02,2.261228e-02,1.672451e-02,1.353538e-02,1.182947e-02,6.446054e-04,6.718393e-03,2.954971e-01,4.866900e-02,1.651203e-01,1.678953e-02,7.574135e-03,2.473110e-01,9.097654e-03
1.245975e-01,1.300354e-02,2.959477e-02,1.365944e-02,1.370774e-02,1.287429e-02,5.432436e-04,5.055085e-03,2.325789e-01,1.381493e-01,1.391302e-01,1.256495e-02,6.775862e-03,2.418021e-01,1.596296e-02
1.676218e-01,1.230756e-02,3.173601e-02,1.636514e-02,1.497267e-02,1.631622e-02,6.558466e-04,4.537344e-03,2.075681e-01,1.497204e-01,1.202352e-01,1.132019e-02,1.065868e-02,2.145707e-01,2.141422e-02
1.603892e-01,1.346915e-02,2.602479e-02,2.970358e-02,2.789140e-02,2.075636e-02,1.428604e-03,4.566772e-03,1.828512e-01,1.955964e-01,9.859140e-02,1.012974e-02,1.633717e-02,1.795441e-01,3.272020e-02
1.268705e-01,2.530480e-02,2.461224e-02,4.724933e-02,3.184353e-02,2.080938e-02,1.271292e-03,1.085373e-02,2.257763e-01,1.861523e-01,8.452322e-02,1.048388e-02,1.756351e-02,1.458333e-01,4.085283e-02
1.126444e-01,3.382114e-02,2.298223e-02,6.215033e-02,3.643576e-02,1.819733e-02,1.270753e-03,2.378315e-02,2.827659e-01,1.537942e-01,7.061430e-02,1.046031e-02,2.150218e-02,1.110583e-01,3.851964e-02
1.308196e-01,3.505148e-02,3.408832e-02,1.308646e-01,3.308515e-02,1.999255e-02,1.750325e-03,2.186507e-02,2.716048e-01,1.158569e-01,5.964344e-02,7.933038e-03,1.811318e-02,8.405388e-02,3.527763e-02
1.169427e-01,2.992227e-02,2.790499e-02,1.465164e-01,1.067367e-01,3.938615e-02,9.625435e-03,1.639024e-02,2.534672e-01,9.121518e-02,4.425533e-02,5.797252e-03,1.840684e-02,6.170458e-02,3.172874e-02
1.038622e-01,2.584074e-02,2.156803e-02,2.667717e-01,1.085221e-01,3.477947e-02,1.541947e-02,1.226735e-02,2.087038e-01,6.819379e-02,3.277789e-02,4.590388e-03,1.796015e-02,4.416568e-02,3.457715e-02
8.824353e-02,2.280015e-02,1.800952e-02,4.012044e-01,9.512319e-02,2.832602e-02,1.265773e-02,9.635756e-03,1.656479e-01,4.875190e-02,2.478589e-02,6.921161e-03,1.615516e-02,3.167179e-02,3.006596e-02
8.197987e-02,1.974752e-02,1.456858e-02,3.978368e-01,1.041332e-01,2.340196e-02,1.170796e-02,1.173391e-02,2.039390e-01,3.488322e-02,2.314447e-02,1.085348e-02,1.489533e-02,2.314062e-02,2.403403e-02
8.937003e-02,2.079436e-02,4.666606e-02,3.581943e-01,1.247149e-01,2.367249e-02,1.112861e-02,1.489039e-02,1.984605e-01,2.722986e-02,2.146179e-02,1.045821e-02,1.470272e-02,1.653674e-02,2.171904e-02
8.019744e-02,4.832762e-02,5.186078e-02,3.350003e-01,9.602813e-02,2.900612e-02,9.075385e-03,1.129384e-02,2.244320e-01,2.139645e-02,2.260905e-02,1.249013e-02,2.494475e-02,1.169484e-02,2.164316e-02
6.549882e-02,5.998944e-02,4.023902e-02,2.961983e-01,7.128543e-02,3.594022e-02,7.046135e-03,8.534573e-03,2.572959e-01,1.593743e-02,2.296383e-02,1.097931e-02,8.151297e-02,8.278800e-03,1.829982e-02
5.690194e-02,6.155226e-02,2.972642e-02,2.368717e-01,5.113172e-02,5.295359e-02,5.487657e-03,6.738745e-03,2.639467e-01,1.204539e-02,1.846148e-02,8.987294e-03,1.727030e-01,5.948299e-03,1.654389e-02
4.581290e-02,4.562370e-02,2.164867e-02,1.767055e-01,3.710962e-02,4.256874e-02,4.006965e-03,4.980079e-03,2.036793e-01,8.597037e-03,1.467015e-02,7.775990e-03,3.688607e-01,4.283625e-03,1.367703e-02
4.246868e-02,3.634581e-02,1.570161e-02,1.293658e-01,2.612783e-02,3.324532e-02,2.916238e-03,3.795587e-03,1.778260e-01,6.425835e-03,1.107467e-02,8.755279e-03,4.901909e-01,3.248296e-03,1.251227e-02
3.523984e-02,2.849397e-02,1.464327e-02,1.075526e-01,1.863498e-02,2.570402e-02,2.200190e-03,2.799067e-03,1.465844e-01,5.433036e-03,8.226496e-03,1.213541e-02,5.799358e-01,2.349508e-03,1.006737e-02
4.077580e-02,2.189756e-02,1.543144e-02,7.943869e-02,1.451785e-02,2.654514e-02,1.883221e-03,2.782762e-03,1.195158e-01,4.111192e-03,7.684091e-03,1.363279e-02,6.415313e-01,1.968922e-03,8.283479e-03
5.449091e-02,1.587363e-02,1.256177e-02,5.639415e-02,1.183297e-02,2.161527e-02,1.793919e-03,2.622971e-03,8.547326e-02,2.983086e-03,6.769837e-03,1.357240e-02,7.051969e-01,2.487264e-03,6.331619e-03
4.799790e-02,1.155728e-02,9.746320e-03,4.088977e-02,1.051069e-02,1.969370e-02,1.715955e-03,3.651809e-03,6.299544e-02,2.206133e-03,6.129838e-03,2.112772e-02,7.513731e-01,3.369264e-03,7.035114e-03
4.130790e-02,9.368290e-03,7.502947e-03,2.939230e-02,8.902720e-03,1.600858e-02,1.532575e-03,4.205294e-03,5.187325e-02,1.982768e-03,5.364078e-03,2.283251e-02,7.673229e-01,6.079005e-03,2.632486e-02
3.380971e-02,8.730733e-03,7.415072e-03,2.085303e-02,9.805236e-03,1.449549e-02,2.160935e-03,6.341718e-03,5.842647e-02,1.834201e-03,4.159610e-03,2.030139e-02,7.736613e-01,5.391434e-03,3.261363e-02
2.815644e-02,8.397927e-03,8.014902e-03,1.486482e-02,9.940215e-03,1.240299e-02,3.726956e-03,1.031850e-02,6.091116e-02,1.961287e-03,3.433161e-03,1.697261e-02,7.777641e-01,4.671375e-03,3.846355e-02
2.579433e-02,8.376243e-03,1.045983e-02,1.127086e-02,9.095675e-03,1.029981e-02,3.827743e-03,1.795824e-02,6.662931e-02,2.420648e-03,3.255996e-03,1.329695e-02,7.777330e-01,4.167793e-03,3.541359e-02
1.987912e-02,6.408551e-03,7.931474e-03,8.180115e-03,9.476770e-03,8.148871e-03,3.903228e-03,1.464103e-02,4.857069e-02,1.782054e-03,3.010621e-03,1.056671e-02,8.240876e-01,3.244241e-03,3.016892e-02
1.881624e-02,6.302978e-03,6.985769e-03,6.208133e-03,1.350939e-02,6.462977e-03,3.156314e-03,1.164800e-02,3.739435e-02,1.442064e-03,2.442292e-03,8.283268e-03,8.462375e-01,2.966939e-03,2.814376e-02
1.583591e-02,6.024051e-03,5.137223e-03,4.428412e-03,1.137125e-02,6.316266e-03,2.334885e-03,8.808619e-03,2.810431e-02,1.066029e-03,1.835088e-03,6.489979e-03,8.788676e-01,2.435120e-03,2.094525e-02
1.382074e-02,6.554016e-03,4.890182e-03,3.213165e-03,1.177937e-02,6.487540e-03,2.254371e-03,9.119776e-03,2.442863e-02,9.162488e-04,1.504732e-03,5.369956e-03,8.905063e-01,2.006568e-03,1.714842e-02
1.634841e-02,7.530355e-03,1.010592e-02,3.328352e-03,1.169302e-02,6.673053e-03,2.765054e-03,1.445941e-02,2.291092e-02,1.680414e-03,1.635815e-03,5.036998e-03,8.761549e-01,2.092261e-03,1.758513e-02
1.893707e-02,8.150589e-03,8.466660e-03,2.532688e-03,1.035520e-02,7.751213e-03,2.734150e-03,1.241391e-02,2.005356e-02,1.326421e-03,1.430242e-03,4.616292e-03,8.851380e-01,2.009647e-03,1.408437e-02
2.145713e-02,1.139595e-02,6.769537e-03,2.626063e-03,8.107867e-03,8.596490e-03,2.270453e-03,1.022065e-02,4.347976e-02,1.675520e-03,4.168322e-03,6.862273e-03,8.505095e-01,3.318907e-03,1.854163e-02
1.978606e-02,1.237292e-02,5.697085e-03,2.427930e-03,6.678214e-03,7.419380e-03,2.010965e-03,7.917903e-03,6.272373e-02,1.525969e-03,5.025259e-03,7.596427e-03,8.374155e-01,3.267070e-03,1.813564e-02
1.835246e-02,9.988743e-03,4.886052e-03,2.586052e-03,5.916023e-03,5.815028e-03,1.820916e-03,7.810749e-03,6.293195e-02,1.837890e-03,5.715853e-03,8.105149e-03,8.452357e-01,2.925012e-03,1.607245e-02
4.655849e-02,9.391993e-03,3.859491e-03,8.598756e-03,5.215390e-03,6.461905e-03,1.406613e-03,8.422865e-03,8.612870e-02,4.999897e-03,9.882417e-03,1.472723e-02,7.721058e-01,3.880318e-03,1.836015e-02
6.119271e-02,7.231764e-03,2.894736e-03,1.780706e-02,4.344999e-03,1.498292e-02,1.067363e-03,7.951106e-03,1.338833e-01,7.128197e-03,2.960589e-02,2.396141e-02,6.613756e-01,4.311163e-03,2.226179e-02
5.071576e-02,5.326408e-03,2.118761e-03,1.415077e-02,3.450114e-03,1.426150e-02,7.687383e-04,5.632905e-03,1.451840e-01,6.157482e-03,5.780149e-02,2.515140e-02,6.430714e-01,8.470702e-03,1.773862e-02
3.816819e-02,3.962740e-03,1.531794e-03,1.066332e-02,2.837816e-03,1.126868e-02,5.590807e-04,3.997613e-03,1.837576e-01,5.440410e-03,8.652383e-02,2.531807e-02,5.932974e-01,1.962863e-02,1.304481e-02
2.824655e-02,3.096883e-03,1.132381e-03,8.163309e-03,2.718847e-03,9.086304e-03,4.027250e-04,2.856312e-03,2.586410e-01,5.584884e-03,1.271430e-01,2.224549e-02,4.672436e-01,5.252023e-02,1.091844e-02
2.215324e-02,2.337506e-03,8.474498e-04,6.343035e-03,2.651451e-03,6.696533e-03,3.043429e-04,2.030696e-03,4.107497e-01,5.030627e-03,1.073790e-01,1.852190e-02,3.389201e-01,6.616279e-02,9.871657e-03
2.706059e-02,1.971051e-03,7.667477e-04,5.362228e-03,2.281863e-03,6.038418e-03,3.157136e-04,1.539548e-03,5.087288e-01,4.645453e-03,9.568644e-02,1.717318e-02,2.464096e-01,7.327954e-02,8.740879e-03
2.613690e-02,1.899612e-03,9.477965e-04,4.308961e-03,1.708094e-03,5.250178e-03,2.407342e-04,1.111298e-03,5.926092e-01,3.978292e-03,7.852700e-02,1.468274e-02,1.744909e-01,8.659686e-02,7.511458e-03
1.947735e-02,2.260719e-03,1.345844e-03,3.371025e-03,1.453956e-03,4.581479e-03,1.743203e-04,7.987288e-04,6.444067e-01,3.198465e-03,6.656299e-02,1.079529e-02,1.226548e-01,1.110576e-01,7.860737e-03
1.628078e-02,2.479288e-03,1.628653e-03,2.729989e-03,1.257903e-03,4.966803e-03,1.364719e-04,6.166502e-04,7.008106e-01,2.838346e-03,5.139505e-02,7.834657e-03,8.608886e-02,1.144815e-01,6.454476e-03
1.457104e-02,5.087818e-03,2.780735e-03,2.825033e-03,1.698190e-03,5.069769e-03,1.097395e-04,4.715600e-04,7.258785e-01,6.837678e-03,4.961738e-02,5.981943e-03,6.072079e-02,1.126444e-01,5.705420e-03
1.313969e-02,4.413250e-03,4.346779e-03,2.337161e-03,1.616343e-03,4.226847e-03,8.316117e-05,3.873227e-04,7.329168e-01,9.263270e-03,3.982800e-02,4.485419e-03,4.292513e-02,1.350318e-01,4.999021e-03
1.013329e-02,3.459343e-03,3.991086e-03,1.823285e-03,1.376797e-03,3.531499e-03,6.043499e-05,3.022150e-04,6.145913e-01,8.123482e-03,3.372115e-02,3.267449e-03,3.028030e-02,2.787854e-01,6.552949e-03
9.557700e-03,3.023571e-03,9.830433e-03,5.591471e-03,2.066764e-03,8.509317e-03,7.361879e-05,2.411735e-03,5.907195e-01,7.912828e-03,3.103445e-02,2.466580e-03,2.212384e-02,2.976224e-01,7.055844e-03
8.699980e-03,2.887679e-03,1.273713e-02,8.536624e-03,2.643959e-03,1.941402e-02,9.923545e-05,4.551845e-03,5.237628e-01,7.300801e-03,3.988213e-02,2.258615e-03,1.782152e-02,3.417030e-01,7.700727e-03
8.765809e-03,2.969372e-03,3.082716e-02,3.259135e-02,8.692538e-03,1.665279e-02,1.866145e-04,9.598373e-03,4.511525e-01,9.189172e-03,4.681684e-02,2.826220e-03,2.061540e-02,3.403767e-01,1.873916e-02
1.421583e-02,3.085533e-03,2.797271e-02,3.362320e-02,1.515342e-02,1.475919e-02,4.740857e-04,2.834098e-02,4.451711e-01,1.169719e-02,4.019609e-02,2.723315e-03,1.824233e-02,3.264406e-01,1.790451e-02
1.912417e-02,3.796771e-03,4.783398e-02,9.954456e-02,1.658083e-02,1.624149e-02,8.981766e-04,8.279613e-02,3.782550e-01,1.192359e-02,3.206726e-02,2.503952e-03,1.554297e-02,2.565770e-01,1.631402e-02
2.291764e-02,3.778364e-03,1.030343e-01,1.390653e-01,2.161791e-02,1.252756e-02,9.097633e-04,1.380684e-01,3.113005e-01,1.074903e-02,2.586861e-02,2.175966e-03,1.186699e-02,1.837097e-01,1.240989e-02
2.530108e-02,4.965147e-03,1.241517e-01,2.109590e-01,2.492377e-02,1.050916e-02,8.887136e-04,1.285597e-01,2.848923e-01,1.090957e-02,2.077609e-02,1.759801e-03,8.838348e-03,1.314472e-01,1.111836e-02
4.801252e-02,6.427280e-03,1.282944e-01,2.195883e-01,3.974018e-02,1.948551e-02,1.275929e-03,1.308322e-01,2.622208e-01,9.603200e-03,1.732922e-02,1.588077e-03,6.805638e-03,9.562426e-02,1.317243e-02
5.162911e-02,6.996248e-03,9.959207e-02,1.625294e-01,4.042743e-02,1.609138e-02,1.422599e-03,3.020775e-01,2.128720e-01,6.960756e-03,1.340702e-02,1.443775e-03,5.682252e-03,6.858049e-02,1.028788e-02
