1.000000e+00,0.000000e+00,0.000000e+00,0.000000e+00,0.000000e+00,0.000000e+00,0.000000e+00,0.000000e+00,0.000000e+00,0.000000e+00,0.000000e+00,0.000000e+00,0.000000e+00,0.000000e+00,0.000000e+00
1.000000e+00,0.000000e+00,0.000000e+00,0.000000e+00,0.000000e+00,0.000000e+00,0.000000e+00,0.000000e+00,0.000000e+00,0.000000e+00,0.000000e+00,0.000000e+00,0.000000e+00,0.000000e+00,0.000000e+00
1.000000e+00,0.000000e+00,0.000000e+00,0.000000e+00,0.000000e+00,0.000000e+00,0.000000e+00,0.000000e+00,0.000000e+00,0.000000e+00,0.000000e+00,0.000000e+00,0.000000e+00,0.000000e+00,0.000000e+00
1.000000e+00,0.000000e+00,0.000000e+00,0.000000e+00,0.000000e+00,0.000000e+00,0.000000e+00,0.000000e+00,0.000000e+00,0.000000e+00,0.000000e+00,0.000000e+00,0.000000e+00,0.000000e+00,0.000000e+00
1.000000e+00,0.000000e+00,0.000000e+00,0.000000e+00,0.000000e+00,0.000000e+00,0.000000e+00,0.000000e+00,0.000000e+00,0.000000e+00,0.000000e+00,0.000000e+00,0.000000e+00,0.000000e+00,0.000000e+00
1.000000e+00,0.000000e+00,0.000000e+00,0.000000e+00,0.000000e+00,0.000000e+00,0.000000e+00,0.000000e+00,0.000000e+00,0.000000e+00,0.000000e+00,0.000000e+00,0.000000e+00,0.000000e+00,0.000000e+00
1.000000e+00,0.000000e+00,0.000000e+00,0.000000e+00,0.000000e+00,0.000000e+00,0.000000e+00,0.000000e+00,0.000000e+00,0.000000e+00,0.000000e+00,0.000000e+00,0.000000e+00,0.000000e+00,0.000000e+00
1.000000e+00,0.000000e+00,0.000000e+00,0.000000e+00,0.000000e+00,0.000000e+00,0.000000e+00,0.000000e+00,0.000000e+00,0.000000e+00,0.000000e+00,0.000000e+00,0.000000e+00,0.000000e+00,0.000000e+00
1.000000e+00,0.000000e+00,0.000000e+00,0.000000e+00,0.000000e+00,0.000000e+00,0.000000e+00,0.000000e+00,0.000000e+00,0.000000e+00,0.000000e+00,0.000000e+00,0.000000e+00,0.000000e+00,0.000000e+00
1.000000e+00,0.000000e+00,0.000000e+00,0.000000e+00,0.000000e+00,0.000000e+00,0.000000e+00,0.000000e+00,0.000000e+00,0.000000e+00,0.000000e+00,0.000000e+00,0.000000e+00,0.000000e+00,0.000000e+00
1.000000e+00,0.000000e+00,0.000000e+00,0.000000e+00,0.000000e+00,0.000000e+00,0.000000e+00,0.000000e+00,0.000000e+00,0.000000e+00,0.000000e+00,0.000000e+00,0.000000e+00,0.000000e+00,0.000000e+00
1.000000e+00,0.000000e+00,0.000000e+00,0.000000e+00,0.000000e+00,0.000000e+00,0.000000e+00,0.000000e+00,0.000000e+00,0.000000e+00,0.000000e+00,0.000000e+00,0.000000e+00,0.000000e+00,0.000000e+00
1.000000e+00,0.000000e+00,0.000000e+00,0.000000e+00,0.000000e+00,0.000000e+00,0.000000e+00,0.000000e+00,0.000000e+00,0.000000e+00,0.000000e+00,0.000000e+00,0.000000e+00,0.000000e+00,0.000000e+00
1.000000e+00,0.000000e+00,0.000000e+00,0.000000e+00,0.000000e+00,0.000000e+00,0.000000e+00,0.000000e+00,0.000000e+00,0.000000e+00,0.000000e+00,0.000000e+00,0.000000e+00,0.000000e+00,0.000000e+00
1.000000e+00,0.000000e+00,0.000000e+00,0.000000e+00,0.000000e+00,0.000000e+00,0.000000e+00,0.000000e+00,0.000000e+00,0.000000e+00,0.000000e+00,0.000000e+00,0.000000e+00,0.000000e+00,0.000000e+00
1.000000e+00,0.000000e+00,0.000000e+00,0.000000e+00,0.000000e+00,0.000000e+00,0.000000e+00,0.000000e+00,0.000000e+00,0.000000e+00,0.000000e+00,0.000000e+00,0.000000e+00,0.000000e+00,0.000000e+00
1.000000e+00,0.000000e+00,0.000000e+00,0.000000e+00,0.000000e+00,0.000000e+00,0.000000e+00,0.000000e+00,0.000000e+00,0.000000e+00,0.000000e+00,0.000000e+00,0.000000e+00,0.000000e+00,0.000000e+00
1.000000e+00,0.000000e+00,0.000000e+00,0.000000e+00,0.000000e+00,0.000000e+00,0.000000e+00,0.000000e+00,0.000000e+00,0.000000e+00,0.000000e+00,0.000000e+00,0.000000e+00,0.000000e+00,0.000000e+00
1.000000e+00,0.000000e+00,0.000000e+00,0.000000e+00,0.000000e+00,0.000000e+00,0.000000e+00,0.000000e+00,0.000000e+00,0.000000e+00,0.000000e+00,0.000000e+00,0.000000e+00,0.000000e+00,0.000000e+00
1.000000e+00,0.000000e+00,0.000000e+00,0.000000e+00,0.000000e+00,0.000000e+00,0.000000e+00,0.000000e+00,0.000000e+00,0.000000e+00,0.000000e+00,0.000000e+00,0.000000e+00,0.000000e+00,0.000000e+00
1.000000e+00,0.000000e+00,0.000000e+00,0.000000e+00,0.000000e+00,0.000000e+00,0.000000e+00,0.000000e+00,0.000000e+00,0.000000e+00,0.000000e+00,0.000000e+00,0.000000e+00,0.000000e+00,0.000000e+00
1.000000e+00,0.000000e+00,0.000000e+00,0.000000e+00,0.000000e+00,0.000000e+00,0.000000e+00,0.000000e+00,0.000000e+00,0.000000e+00,0.000000e+00,0.000000e+00,0.000000e+00,0.000000e+00,0.000000e+00
1.000000e+00,0.000000e+00,0.000000e+00,0.000000e+00,0.000000e+00,0.000000e+00,0.000000e+00,0.000000e+00,0.000000e+00,0.000000e+00,0.000000e+00,0.000000e+00,0.000000e+00,0.000000e+00,0.000000e+00
1.000000e+00,0.000000e+00,0.000000e+00,0.000000e+00,0.000000e+00,0.000000e+00,0.000000e+00,0.000000e+00,0.000000e+00,0.000000e+00,0.000000e+00,0.000000e+00,0.000000e+00,0.000000e+00,0.000000e+00
1.000000e+00,0.000000e+00,0.000000e+00,0.000000e+00,0.000000e+00,0.000000e+00,0.000000e+00,0.000000e+00,0.000000e+00,0.000000e+00,0.000000e+00,0.000000e+00,0.000000e+00,0.000000e+00,0.000000e+00
1.000000e+00,0.000000e+00,0.000000e+00,0.000000e+00,0.000000e+00,0.000000e+00,0.000000e+00,0.000000e+00,0.000000e+00,0.000000e+00,0.000000e+00,0.000000e+00,0.000000e+00,0.000000e+00,0.000000e+00
1.000000e+00,0.000000e+00,0.000000e+00,0.000000e+00,0.000000e+00,0.000000e+00,0.000000e+00,0.000000e+00,0.000000e+00,0.000000e+00,0.000000e+00,0.000000e+00,0.000000e+00,0.000000e+00,0.000000e+00
1.000000e+00,0.000000e+00,0.000000e+00,0.000000e+00,0.000000e+00,0.000000e+00,0.000000e+00,0.000000e+00,0.000000e+00,0.000000e+00,0.000000e+00,0.000000e+00,0.000000e+00,0.000000e+00,0.000000e+00
1.000000e+00,0.000000e+00,0.000000e+00,0.000000e+00,0.000000e+00,0.000000e+00,0.000000e+00,0.000000e+00,0.000000e+00,0.000000e+00,0.000000e+00,0.000000e+00,0.000000e+00,0.000000e+00,0.000000e+00
1.000000e+00,0.000000e+00,0.000000e+00,0.000000e+00,0.000000e+00,0.000000e+00,0.000000e+00,0.000000e+00,0.000000e+00,0.000000e+00,0.000000e+00,0.000000e+00,0.000000e+00,0.000000e+00,0.000000e+00
1.000000e+00,0.000000e+00,0.000000e+00,0.000000e+00,0.000000e+00,0.000000e+00,0.000000e+00,0.000000e+00,0.000000e+00,0.000000e+00,0.000000e+00,0.000000e+00,0.000000e+00,0.000000e+00,0.000000e+00
1.000000e+00,0.000000e+00,0.000000e+00,0.000000e+00,0.000000e+00,0.000000e+00,0.000000e+00,0.000000e+00,0.000000e+00,0.000000e+00,0.000000e+00,0.000000e+00,0.000000e+00,0.000000e+00,0.000000e+00
1.000000e+00,0.000000e+00,0.000000e+00,0.000000e+00,0.000000e+00,0.000000e+00,0.000000e+00,0.000000e+00,0.000000e+00,0.000000e+00,0.000000e+00,0.000000e+00,0.000000e+00,0.000000e+00,0.000000e+00
1.000000e+00,0.000000e+00,0.000000e+00,0.000000e+00,0.000000e+00,0.000000e+00,0.000000e+00,0.000000e+00,0.000000e+00,0.000000e+00,0.000000e+00,0.000000e+00,0.000000e+00,0.000000e+00,0.000000e+00
1.000000e+00,0.000000e+00,0.000000e+00,0.000000e+00,0.000000e+00,0.000000e+00,0.000000e+00,0.000000e+00,0.000000e+00,0.000000e+00,0.000000e+00,0.000000e+00,0.000000e+00,0.000000e+00,0.000000e+00
1.000000e+00,0.000000e+00,0.000000e+00,0.000000e+00,0.000000e+00,0.000000e+00,0.000000e+00,0.000000e+00,0.000000e+00,0.000000e+00,0.000000e+00,0.000000e+00,0.000000e+00,0.000000e+00,0.000000e+00
1.000000e+00,0.000000e+00,0.000000e+00,0.000000e+00,0.000000e+00,0.000000e+00,0.000000e+00,0.000000e+00,0.000000e+00,0.000000e+00,0.000000e+00,0.000000e+00,0.000000e+00,0.000000e+00,0.000000e+00
1.000000e+00,0.000000e+00,0.000000e+00,0.000000e+00,0.000000e+00,0.000000e+00,0.000000e+00,0.000000e+00,0.000000e+00,0.000000e+00,0.000000e+00,0.000000e+00,0.000000e+00,0.000000e+00,0.000000e+00
1.000000e+00,0.000000e+00,0.000000e+00,0.000000e+00,0.000000e+00,0.000000e+00,0.000000e+00,0.000000e+00,0.000000e+00,0.000000e+00,0.000000e+00,0.000000e+00,0.000000e+00,0.000000e+00,0.000000e+00
1.000000e+00,0.000000e+00,0.000000e+00,0.000000e+00,0.000000e+00,0.000000e+00,0.000000e+00,0.000000e+00,0.000000e+00,0.000000e+00,0.000000e+00,0.000000e+00,0.000000e+00,0.000000e+00,0.000000e+00
1.000000e+00,0.000000e+00,0.000000e+00,0.000000e+00,0.000000e+00,0.000000e+00,0.000000e+00,0.000000e+00,0.000000e+00,0.000000e+00,0.000000e+00,0.000000e+00,0.000000e+00,0.000000e+00,0.000000e+00
1.000000e+00,0.000000e+00,0.000000e+00,0.000000e+00,0.000000e+00,0.000000e+00,0.000000e+00,0.000000e+00,0.000000e+00,0.000000e+00,0.000000e+00,0.000000e+00,0.000000e+00,0.000000e+00,0.000000e+00
1.000000e+00,0.000000e+00,0.000000e+00,0.000000e+00,0.000000e+00,0.000000e+00,0.000000e+00,0.000000e+00,0.000000e+00,0.000000e+00,0.000000e+00,0.000000e+00,0.000000e+00,0.000000e+00,0.000000e+00
1.000000e+00,0.000000e+00,0.000000e+00,0.000000e+00,0.000000e+00,0.000000e+00,0.000000e+00,0.000000e+00,0.000000e+00,0.000000e+00,0.000000e+00,0.000000e+00,0.000000e+00,0.000000e+00,0.000000e+00
4.846446e-01,4.100811e-02,2.590351e-02,7.594793e-02,5.737191e-03,2.790115e-02,2.966933e-03,9.282173e-03,4.139989e-02,7.615821e-03,7.016489e-02,1.613027e-02,9.009546e-03,4.748724e-02,1.348009e-01
4.984301e-01,3.489964e-02,2.162386e-02,6.555094e-02,5.590281e-03,2.656223e-02,2.774684e-03,8.183550e-03,3.836336e-02,6.971248e-03,7.343633e-02,1.552590e-02,8.936039e-03,6.638408e-02,1.267678e-01
4.614381e-01,3.265627e-02,2.042631e-02,5.959786e-02,5.570649e-03,2.807986e-02,2.817490e-03,7.766409e-03,4.064013e-02,7.655644e-03,8.712897e-02,1.737166e-02,1.058618e-02,8.484533e-02,1.334192e-01
4.620014e-01,3.972840e-02,3.489962e-02,8.265828e-02,6.619427e-03,2.290203e-02,2.845185e-03,1.192205e-02,4.034479e-02,6.203526e-03,7.848982e-02,2.048278e-02,1.025263e-02,6.863352e-02,1.120165e-01
1.000000e+00,0.000000e+00,0.000000e+00,0.000000e+00,0.000000e+00,0.000000e+00,0.000000e+00,0.000000e+00,0.000000e+00,0.000000e+00,0.000000e+00,0.000000e+00,0.000000e+00,0.000000e+00,0.000000e+00
1.000000e+00,0.000000e+00,0.000000e+00,0.000000e+00,0.000000e+00,0.000000e+00,0.000000e+00,0.000000e+00,0.000000e+00,0.000000e+00,0.000000e+00,0.000000e+00,0.000000e+00,0.000000e+00,0.000000e+00
1.000000e+00,0.000000e+00,0.000000e+00,0.000000e+00,0.000000e+00,0.000000e+00,0.000000e+00,0.000000e+00,0.000000e+00,0.000000e+00,0.000000e+00,0.000000e+00,0.000000e+00,0.000000e+00,0.000000e+00
1.000000e+00,0.000000e+00,0.000000e+00,0.000000e+00,0.000000e+00,0.000000e+00,0.000000e+00,0.000000e+00,0.000000e+00,0.000000e+00,0.000000e+00,0.000000e+00,0.000000e+00,0.000000e+00,0.000000e+00
1.000000e+00,0.000000e+00,0.000000e+00,0.000000e+00,0.000000e+00,0.000000e+00,0.000000e+00,0.000000e+00,0.000000e+00,0.000000e+00,0.000000e+00,0.000000e+00,0.000000e+00,0.000000e+00,0.000000e+00
1.000000e+00,0.000000e+00,0.000000e+00,0.000000e+00,0.000000e+00,0.000000e+00,0.000000e+00,0.000000e+00,0.000000e+00,0.000000e+00,0.000000e+00,0.000000e+00,0.000000e+00,0.000000e+00,0.000000e+00
1.000000e+00,0.000000e+00,0.000000e+00,0.000000e+00,0.000000e+00,0.000000e+00,0.000000e+00,0.000000e+00,0.000000e+00,0.000000e+00,0.000000e+00,0.000000e+00,0.000000e+00,0.000000e+00,0.000000e+00
4.720662e-01,6.422922e-02,5.079773e-02,1.908994e-01,7.371604e-03,1.143094e-02,2.405557e-03,1.122021e-02,2.495580e-02,4.680352e-03,2.525553e-02,2.003022e-02,1.405839e-02,1.519305e-02,8.540584e-02
4.321738e-01,5.619477e-02,1.063423e-01,1.782544e-01,6.698186e-03,1.166264e-02,2.313486e-03,1.109749e-02,2.203022e-02,4.832524e-03,2.191556e-02,1.917273e-02,1.538458e-02,1.383675e-02,9.809070e-02
3.259969e-01,5.996875e-02,1.308591e-01,2.523267e-01,5.162474e-03,9.775780e-03,1.748456e-03,9.467831e-03,2.729743e-02,5.577817e-03,1.968853e-02,1.538448e-02,1.211405e-02,1.141081e-02,1.132210e-01
3.009354e-01,5.253468e-02,1.747835e-01,1.869834e-01,4.293314e-03,1.357364e-02,1.573433e-03,8.066719e-03,2.261500e-02,7.975716e-03,1.861847e-02,1.376590e-02,1.289500e-02,2.466500e-02,1.567208e-01
3.539907e-01,4.990845e-02,1.355601e-01,1.553230e-01,3.973193e-03,1.765444e-02,1.814160e-03,8.335691e-03,2.276321e-02,9.274958e-03,2.331624e-02,1.729922e-02,1.955155e-02,2.177059e-02,1.594646e-01
2.663399e-01,4.276681e-02,9.823826e-02,1.201258e-01,2.990605e-03,1.590104e-02,1.446926e-03,6.230294e-03,2.628164e-02,1.657150e-02,1.927052e-02,1.418858e-02,1.795972e-02,2.063385e-02,3.310546e-01
1.951286e-01,3.192173e-02,6.989749e-02,8.752798e-02,2.196907e-03,1.348628e-02,1.067617e-03,4.538436e-03,4.239741e-02,1.315749e-02,1.768838e-02,1.155761e-02,1.709830e-02,2.149197e-02,4.708437e-01
1.374749e-01,2.263124e-02,4.908439e-02,6.298604e-02,1.564410e-03,9.956001e-03,7.690066e-04,3.210117e-03,8.475307e-02,1.342919e-02,2.592066e-02,1.323519e-02,1.451424e-02,2.532661e-02,5.351449e-01
9.694658e-02,1.600408e-02,3.446262e-02,4.660743e-02,1.244948e-03,9.223036e-03,5.631858e-04,2.418254e-03,1.108640e-01,2.404972e-02,5.310526e-02,2.552321e-02,2.740090e-02,2.509848e-02,5.264883e-01
6.791010e-02,1.122936e-02,2.413765e-02,3.340998e-02,1.164000e-03,8.859257e-03,3.965299e-04,1.757362e-03,8.375289e-02,1.936713e-02,1.141749e-01,3.066630e-02,3.819181e-02,1.966132e-02,5.453213e-01
4.758117e-02,7.933188e-03,1.695483e-02,2.419154e-02,4.168376e-03,1.003569e-02,3.000673e-04,1.341287e-03,7.150163e-02,1.707681e-02,1.311066e-01,3.705257e-02,5.424757e-02,6.870762e-02,5.078009e-01
3.336186e-02,5.761774e-03,1.199240e-02,1.770371e-02,4.925291e-03,9.437617e-03,3.724666e-04,1.032303e-03,5.964234e-02,1.495501e-02,1.061722e-01,4.939291e-02,5.962587e-02,1.060463e-01,5.195779e-01
2.395126e-02,4.158604e-03,8.478848e-03,1.370138e-02,4.208515e-03,4.118356e-02,5.216120e-04,7.527730e-04,4.542737e-02,1.096304e-02,7.915694e-02,6.980347e-02,1.132397e-01,1.906284e-01,3.938245e-01
1.699582e-02,3.097634e-03,6.010299e-03,1.004189e-02,3.523011e-03,3.998531e-02,5.672456e-04,5.614515e-04,3.526598e-02,8.191605e-03,5.905979e-02,8.545776e-02,1.458212e-01,2.703067e-01,3.151143e-01
1.201895e-02,2.217712e-03,4.249314e-03,7.237040e-03,3.144559e-03,3.902904e-02,5.901210e-04,5.018597e-04,2.726676e-02,6.740772e-03,4.528033e-02,1.594261e-01,1.905838e-01,2.212617e-01,2.804520e-01
8.451763e-03,1.559895e-03,3.000519e-03,5.084126e-03,2.355874e-03,2.846714e-02,4.345650e-04,3.767474e-04,1.940349e-02,5.928007e-03,3.445780e-02,3.368091e-01,1.646066e-01,1.891551e-01,1.999093e-01
5.993072e-03,1.103550e-03,2.209561e-03,3.635217e-03,7.258912e-03,2.037326e-02,5.437621e-04,4.144296e-04,1.572700e-02,5.068870e-03,2.995997e-02,3.241951e-01,2.748293e-01,1.545337e-01,1.541542e-01
4.493883e-03,7.949368e-04,2.042636e-03,2.649430e-03,1.527481e-02,1.581749e-02,4.829178e-03,2.529673e-03,1.170378e-02,6.090431e-03,2.531849e-02,3.518723e-01,3.154173e-01,1.311582e-01,1.100074e-01
3.345802e-03,5.645253e-04,1.523647e-03,1.890399e-03,1.533265e-02,1.128376e-02,3.576434e-03,2.263450e-03,8.538801e-03,5.904630e-03,2.286074e-02,3.633975e-01,3.779518e-01,1.039523e-01,7.761357e-02
2.633658e-03,4.011269e-04,1.161657e-03,1.367583e-03,1.439117e-02,8.057824e-03,2.670753e-03,1.955039e-03,6.156496e-03,5.648326e-03,2.777788e-02,4.469794e-01,3.519894e-01,7.438961e-02,5.442008e-02
2.376643e-03,3.180391e-04,9.478165e-04,1.203929e-03,1.612571e-02,7.697745e-03,1.991498e-03,2.062082e-03,4.806477e-03,5.046694e-03,5.049007e-02,4.666705e-01,3.456368e-01,5.643390e-02,3.819219e-02
2.477621e-03,2.466727e-04,8.474046e-04,1.033454e-03,1.684329e-02,6.268201e-03,1.777241e-03,2.356582e-03,3.747685e-03,4.250128e-03,8.810195e-02,4.540650e-01,3.508221e-01,4.038175e-02,2.678102e-02
2.073590e-03,1.983016e-04,8.860914e-04,8.689465e-04,1.762946e-02,4.750055e-03,2.103184e-03,1.069654e-02,6.626761e-03,3.968976e-03,8.887059e-02,4.101121e-01,4.040573e-01,2.836916e-02,1.878909e-02
1.814340e-03,2.652290e-04,4.015149e-03,7.121715e-04,1.792504e-02,3.556763e-03,2.419256e-03,2.121358e-02,1.174480e-02,3.594455e-03,8.195954e-02,3.630780e-01,4.545468e-01,1.992070e-02,1.323425e-02
1.744263e-03,2.933326e-04,4.887615e-03,6.861438e-04,1.733745e-02,3.453056e-03,3.012375e-03,4.869771e-02,1.444237e-02,3.470817e-03,9.150463e-02,3.431843e-01,4.436103e-01,1.404033e-02,9.635339e-03
2.546279e-03,5.526118e-04,1.602028e-02,6.719286e-04,2.469743e-02,3.901937e-03,4.602038e-03,6.420787e-02,2.487783e-02,4.725813e-03,9.953566e-02,2.765004e-01,4.582554e-01,1.008390e-02,8.820638e-03
5.699506e-03,1.049325e-03,1.837353e-02,9.497977e-04,3.291433e-02,5.995438e-03,4.507632e-03,7.317208e-02,4.318501e-02,6.334993e-03,9.432450e-02,2.331647e-01,4.633236e-01,7.468743e-03,9.536747e-03
9.017705e-03,2.675742e-03,3.923275e-02,2.850154e-03,4.626235e-02,6.493000e-03,4.366828e-03,9.176265e-02,8.699973e-02,6.475907e-03,7.320219e-02,1.801746e-01,4.347609e-01,5.667139e-03,1.005843e-02
1.287424e-02,2.936990e-03,3.110754e-02,3.271132e-03,6.698261e-02,7.018137e-03,6.301538e-03,9.193580e-02,1.851799e-01,6.061038e-03,5.796983e-02,1.388639e-01,3.774347e-01,4.150957e-03,7.911826e-03
2.022731e-02,2.632558e-03,3.178514e-02,3.010020e-03,1.084623e-01,7.698520e-03,7.996138e-03,1.393580e-01,1.597836e-01,4.880419e-03,4.661310e-02,1.167954e-01,3.407685e-01,3.054419e-03,6.934601e-03
1.780571e-02,2.119874e-03,2.410731e-02,3.019929e-03,9.049019e-02,6.529578e-03,6.370042e-03,1.407964e-01,1.586818e-01,5.206049e-03,4.481140e-02,1.613099e-01,3.306636e-01,2.305086e-03,5.783252e-03
1.594062e-02,2.268692e-03,1.771191e-02,3.486085e-03,7.341152e-02,5.618202e-03,4.922181e-03,1.076714e-01,2.269312e-01,6.330625e-03,4.243323e-02,1.971105e-01,2.896174e-01,1.746715e-03,4.799817e-03
1.283975e-02,3.618470e-03,1.268353e-02,3.328295e-03,5.427102e-02,4.943177e-03,3.636142e-03,7.859160e-02,3.913872e-01,5.275975e-03,3.399323e-02,1.675210e-01,2.228774e-01,1.283067e-03,3.750099e-03
1.091255e-02,5.968164e-03,9.242642e-03,4.150352e-03,4.263003e-02,5.130561e-03,2.676779e-03,6.422070e-02,5.028088e-01,4.998563e-03,2.797333e-02,1.398432e-01,1.754271e-01,9.834201e-04,3.033937e-03
1.138825e-02,8.464132e-03,7.626334e-03,8.883924e-03,3.634615e-02,1.155147e-02,1.979939e-03,5.990534e-02,5.091427e-01,8.507397e-03,3.021544e-02,1.402221e-01,1.583547e-01,1.700123e-03,5.712095e-03
2.244630e-02,9.626717e-03,5.727657e-03,1.843015e-02,2.707783e-02,2.150294e-02,1.480474e-03,4.617985e-02,5.192683e-01,8.106860e-03,4.783092e-02,1.468504e-01,1.178131e-01,1.853131e-03,5.805514e-03
2.897666e-02,1.169948e-02,5.183944e-03,3.946375e-02,2.125011e-02,3.750694e-02,1.257929e-03,3.489112e-02,4.632478e-01,6.594557e-03,9.027452e-02,1.685781e-01,8.338072e-02,2.055700e-03,5.638692e-03
2.928498e-02,8.695507e-03,3.887451e-03,6.073245e-02,1.612669e-02,3.497488e-02,9.565623e-04,2.497727e-02,3.328513e-01,4.913277e-03,7.931621e-02,3.385281e-01,5.887795e-02,1.525087e-03,4.352322e-03
2.253617e-02,6.198141e-03,2.777873e-03,5.025450e-02,1.167658e-02,2.704888e-02,6.860889e-04,1.764422e-02,2.361146e-01,3.593512e-03,6.737974e-02,5.082415e-01,4.158739e-02,1.100471e-03,3.160293e-03
1.660859e-02,4.401994e-03,1.975510e-03,3.689118e-02,9.851290e-03,2.088007e-02,5.010706e-04,1.246301e-02,1.660701e-01,2.641174e-03,5.281108e-02,6.425843e-01,2.927227e-02,7.862726e-04,2.262081e-03
1.193093e-02,3.112494e-03,1.416091e-03,2.614437e-02,1.250838e-02,1.956984e-02,3.722512e-04,8.795865e-03,1.168800e-01,1.959022e-03,4.378112e-02,7.305632e-01,2.078641e-02,5.699265e-04,1.610077e-03
8.605368e-03,2.207238e-03,1.025142e-03,1.838699e-02,1.830562e-02,1.582738e-02,2.767338e-04,6.193205e-03,8.214744e-02,1.474338e-03,4.660125e-02,7.824951e-01,1.483336e-02,4.537079e-04,1.167109e-03
6.501343e-03,1.594132e-03,7.535808e-04,1.298888e-02,1.884352e-02,1.175623e-02,2.093639e-04,4.467336e-03,5.780587e-02,1.265654e-03,4.795535e-02,8.239235e-01,1.070080e-02,3.783158e-04,8.561882e-04
4.873629e-03,1.208803e-03,5.592673e-04,9.158609e-03,1.701391e-02,8.521653e-03,1.560610e-04,3.211665e-03,4.079211e-02,1.347802e-03,5.757453e-02,8.468716e-01,7.769880e-03,3.121069e-04,6.284298e-04
3.725968e-03,9.569370e-04,4.219427e-04,6.436677e-03,1.401194e-02,6.962671e-03,1.266147e-04,2.476617e-03,2.913783e-02,1.192638e-03,5.588641e-02,8.723971e-01,5.549602e-03,2.635887e-04,4.534528e-04
2.759453e-03,7.152343e-04,3.154388e-04,4.519651e-03,1.164002e-02,6.708225e-03,1.626257e-04,1.937887e-03,2.086411e-02,9.286953e-04,4.437275e-02,9.005612e-01,3.969494e-03,2.201300e-04,3.250747e-04
2.206556e-03,5.180705e-04,2.405503e-04,3.173923e-03,9.449055e-03,7.588332e-03,1.455750e-04,1.691210e-03,1.480951e-02,7.208801e-04,3.756728e-02,9.185835e-01,2.889091e-03,1.860119e-04,2.304721e-04
1.938267e-03,3.840478e-04,2.161530e-04,2.243674e-03,8.491720e-03,1.886364e-02,2.325547e-04,2.244794e-03,1.069026e-02,7.081499e-04,3.593633e-02,9.154696e-01,2.216822e-03,1.952453e-04,1.687512e-04
1.644901e-03,2.860945e-04,1.676530e-04,1.581214e-03,7.560786e-03,1.427895e-02,2.365029e-04,1.989437e-03,8.631101e-03,8.160202e-04,3.069282e-02,9.300783e-01,1.683636e-03,2.283659e-04,1.241911e-04
1.471384e-03,2.260187e-04,1.531018e-04,1.124308e-03,6.766981e-03,1.043940e-02,2.976305e-04,1.796289e-03,7.213029e-03,8.342660e-04,2.622487e-02,9.416550e-01,1.457520e-03,2.450598e-04,9.505662e-05
1.469345e-03,2.170433e-04,1.934513e-04,8.752632e-04,1.159083e-02,9.463728e-03,1.142549e-03,3.877111e-03,8.248923e-03,7.469075e-04,2.768211e-02,9.323230e-01,1.558459e-03,5.244043e-04,8.681256e-05
2.410713e-03,4.005872e-04,3.399398e-04,7.905136e-04,3.799332e-02,1.982850e-02,2.944570e-03,7.570655e-03,1.107730e-02,8.184690e-04,4.980097e-02,8.624307e-01,2.819929e-03,6.661140e-04,1.077463e-04
3.620159e-03,1.205587e-03,1.037658e-03,8.158926e-04,7.456192e-02,2.503421e-02,3.134106e-03,6.237432e-03,1.152393e-02,7.595225e-04,1.076685e-01,7.594929e-01,3.360871e-03,1.235171e-03,3.122525e-04
6.817593e-03,1.271614e-03,1.213201e-03,8.116147e-04,1.055390e-01,1.979002e-02,3.076110e-03,5.796002e-03,1.128625e-02,6.657892e-04,1.338744e-01,7.033309e-01,4.269663e-03,1.967679e-03,2.901773e-04
7.453314e-03,1.185716e-03,1.640329e-03,7.473529e-04,1.142164e-01,1.585978e-02,2.636765e-03,5.170250e-03,1.155897e-02,6.579259e-04,1.529218e-01,6.751146e-01,6.356327e-03,4.170659e-03,3.098069e-04
1.227540e-02,1.330516e-03,4.690943e-03,8.368606e-04,1.415248e-01,2.311027e-02,4.650513e-03,6.913500e-03,1.468934e-02,7.334145e-04,2.101597e-01,5.648154e-01,8.707954e-03,5.065332e-03,4.960474e-04
2.005936e-02,1.597021e-03,8.552354e-03,8.507789e-04,1.319064e-01,2.325319e-02,4.134975e-03,9.165172e-03,1.165100e-02,8.793476e-04,2.787561e-01,4.935412e-01,8.956308e-03,5.824918e-03,8.718033e-04
2.516554e-02,1.489065e-03,8.663801e-03,9.463372e-04,2.003017e-01,1.903530e-02,3.710616e-03,2.721587e-02,1.050035e-02,1.020661e-03,2.716550e-01,4.155269e-01,8.134021e-03,5.767984e-03,8.668237e-04
2.242547e-02,1.195698e-03,6.563152e-03,8.470643e-04,1.913879e-01,1.729452e-02,3.085561e-03,2.508235e-02,1.015461e-02,1.143050e-03,2.422304e-01,4.633165e-01,8.668939e-03,5.884099e-03,7.206106e-04
3.635451e-02,2.080224e-03,7.054373e-03,1.130758e-03,2.257882e-01,1.877217e-02,2.843256e-03,3.603450e-02,1.843021e-02,1.992661e-03,2.613164e-01,3.715209e-01,7.635152e-03,7.954525e-03,1.092072e-03
3.754761e-02,2.553438e-03,8.661882e-03,1.318195e-03,2.228001e-01,2.455756e-02,2.643775e-03,4.363357e-02,4.847128e-02,4.166561e-03,2.496696e-01,3.364512e-01,7.441111e-03,7.385793e-03,2.698317e-03
4.284882e-02,2.617559e-03,9.596404e-03,1.517676e-03,2.796927e-01,2.342132e-02,2.815266e-03,6.745594e-02,6.167602e-02,5.853789e-03,1.980123e-01,2.882332e-01,6.480196e-03,7.477053e-03,2.301686e-03
6.731930e-02,2.766956e-03,8.423695e-03,2.847490e-03,3.249014e-01,2.088358e-02,3.033507e-03,1.300981e-01,5.377397e-02,4.766247e-03,1.519288e-01,2.127460e-01,6.781665e-03,6.598121e-03,3.131138e-03
6.184038e-02,2.278666e-03,7.136493e-03,3.021167e-03,2.751130e-01,1.637185e-02,4.026981e-03,3.141996e-01,3.931106e-02,3.738656e-03,1.080890e-01,1.521043e-01,5.619321e-03,4.878735e-03,2.270754e-03
4.761662e-02,1.679892e-03,6.418058e-03,2.504784e-03,2.109090e-01,1.620555e-02,1.582114e-02,4.757804e-01,2.811004e-02,2.650568e-03,7.589224e-02,1.067994e-01,4.566631e-03,3.450762e-03,1.594873e-03
3.594320e-02,1.243122e-03,4.858358e-03,1.966174e-03,1.638738e-01,1.401834e-02,3.463344e-02,5.852990e-01,1.993442e-02,1.894500e-03,5.323229e-02,7.493012e-02,4.575010e-03,2.476245e-03,1.121862e-03
2.906357e-02,1.007425e-03,3.740537e-03,1.733512e-03,1.473616e-01,1.131235e-02,5.182879e-02,6.400438e-01,1.437139e-02,1.392446e-03,3.735089e-02,5.283843e-02,5.337195e-03,1.817399e-03,8.006016e-04
2.318051e-02,8.864247e-04,2.747294e-03,1.741248e-03,1.301270e-01,8.172607e-03,3.772804e-02,7.150089e-01,1.028943e-02,9.985110e-04,2.625447e-02,3.707872e-02,3.900060e-03,1.305030e-03,5.817820e-04
1.745568e-02,6.923646e-04,1.967940e-03,1.354722e-03,1.005807e-01,5.845753e-03,2.675888e-02,7.888339e-01,7.288793e-03,7.032388e-04,1.841316e-02,2.597773e-02,2.789936e-03,9.215700e-04,4.156698e-04
1.453839e-02,5.485215e-04,1.435556e-03,1.139922e-03,8.422783e-02,4.317216e-03,1.909416e-02,8.348606e-01,5.237831e-03,4.962053e-04,1.294164e-02,1.819948e-02,2.005201e-03,6.607767e-04,2.966617e-04
1.325968e-02,4.971153e-04,1.160375e-03,1.063397e-03,6.634627e-02,6.064226e-03,1.507886e-02,8.678070e-01,3.845342e-03,3.589112e-04,9.152473e-03,1.284240e-02,1.785808e-03,5.092623e-04,2.287698e-04
1.238002e-02,4.674607e-04,1.099435e-03,1.056261e-03,5.631715e-02,5.254639e-03,1.153053e-02,8.911119e-01,2.888961e-03,2.633203e-04,6.520169e-03,9.087821e-03,1.464288e-03,3.801150e-04,1.778908e-04
1.118703e-02,5.249467e-04,1.196871e-03,1.229204e-03,5.143830e-02,4.321793e-03,8.538162e-03,9.066263e-01,2.110706e-03,1.906843e-04,4.635087e-03,6.409454e-03,1.157322e-03,2.809831e-04,1.531006e-04
1.100028e-02,5.200144e-04,1.273768e-03,1.315900e-03,5.163354e-02,3.336633e-03,6.350733e-03,9.138842e-01,1.523854e-03,1.381350e-04,3.290789e-03,4.515023e-03,8.876603e-04,2.049058e-04,1.245190e-04
1.124564e-02,4.114583e-04,9.826400e-04,1.199994e-03,4.692623e-02,2.629713e-03,4.916125e-03,9.240057e-01,1.102648e-03,9.896700e-05,2.345947e-03,3.193348e-03,6.879666e-04,1.473426e-04,1.062315e-04
1.572674e-02,3.271481e-04,7.985010e-04,9.766405e-04,3.695998e-02,2.552039e-03,4.634333e-03,9.316878e-01,8.103610e-04,7.268634e-05,1.714493e-03,2.571896e-03,9.357064e-04,1.111664e-04,1.204521e-04
1.819694e-02,2.551249e-04,7.082099e-04,8.546672e-04,2.976722e-02,2.165258e-03,4.258933e-03,9.386097e-01,6.059866e-04,5.368294e-05,1.270429e-03,2.039728e-03,1.009865e-03,8.496877e-05,1.191860e-04
1.750339e-02,2.193254e-04,6.125346e-04,7.060405e-04,2.333935e-02,1.953697e-03,3.588982e-03,9.474535e-01,4.683068e-04,4.072102e-05,9.864467e-04,1.742387e-03,1.140326e-03,7.893030e-05,1.659754e-04
1.547386e-02,2.032529e-04,5.662309e-04,6.136213e-04,1.948048e-02,1.625217e-03,2.946627e-03,9.550262e-01,3.819099e-04,3.181293e-05,7.724038e-04,1.371640e-03,1.245363e-03,6.948249e-05,1.918290e-04
1.730698e-02,2.069778e-04,6.698736e-04,7.590189e-04,1.728886e-02,1.914325e-03,2.717684e-03,9.540706e-01,3.206148e-04,3.914927e-05,6.474213e-04,1.323273e-03,2.341237e-03,6.959200e-05,3.243940e-04
2.849870e-02,1.326026e-03,1.211591e-03,9.929342e-04,2.137248e-02,2.250336e-03,4.080204e-03,9.221495e-01,1.590436e-03,2.767733e-04,1.762805e-03,2.672476e-03,9.330689e-03,1.699256e-04,2.315136e-03
3.954993e-02,1.793580e-03,1.527414e-03,1.881007e-03,2.313062e-02,2.323848e-03,4.282469e-03,8.849352e-01,2.451687e-03,1.643013e-03,4.196431e-03,9.570521e-03,1.821861e-02,5.649434e-04,3.930754e-03
3.755094e-02,2.077483e-03,1.495243e-03,4.998599e-03,1.872049e-02,6.702195e-03,3.819745e-03,6.315404e-01,8.495046e-03,1.910857e-03,1.668600e-02,1.499900e-01,1.109748e-01,7.040751e-04,4.334132e-03
3.065882e-02,2.070682e-03,1.264110e-03,4.699051e-03,1.475913e-02,6.408999e-03,3.275033e-03,4.459550e-01,4.090003e-02,1.552441e-03,2.135038e-02,1.468865e-01,2.755566e-01,6.426187e-04,4.020692e-03
2.580976e-02,2.117744e-03,1.100262e-03,4.277904e-03,1.100186e-02,6.143489e-03,3.053761e-03,3.153744e-01,1.312364e-01,1.449010e-03,4.285980e-02,1.411681e-01,3.100513e-01,7.774442e-04,3.578797e-03
2.045134e-02,1.845515e-03,8.551116e-04,3.555298e-03,8.187452e-03,5.595345e-03,2.372877e-03,2.227964e-01,1.819520e-01,1.838845e-03,7.718801e-02,1.235633e-01,3.451671e-01,8.615670e-04,3.769813e-03
2.064871e-02,1.905830e-03,7.374390e-04,3.035034e-03,6.177663e-03,5.228243e-03,2.069075e-03,1.583273e-01,1.989287e-01,2.584528e-03,1.268234e-01,1.174358e-01,3.501000e-01,1.459881e-03,4.538335e-03
1.546407e-02,2.276860e-03,8.976941e-04,2.657158e-03,5.168608e-03,4.928512e-03,1.474539e-03,1.137547e-01,2.387628e-01,3.256023e-03,1.604836e-01,1.069933e-01,3.308282e-01,1.334370e-03,1.171954e-02
1.215660e-02,3.264098e-03,1.444177e-03,2.943931e-03,5.151303e-03,5.389052e-03,1.099364e-03,8.615637e-02,2.736237e-01,4.899660e-03,1.757153e-01,9.750373e-02,3.110336e-01,1.344355e-03,1.827479e-02
9.494454e-03,5.818974e-03,2.870426e-03,2.825201e-03,1.373702e-02,8.025079e-03,9.391262e-04,6.253902e-02,3.504563e-01,5.458667e-03,1.497578e-01,7.880067e-02,2.798851e-01,1.254876e-03,2.813730e-02
7.561814e-03,8.805022e-03,2.232233e-03,2.018010e-03,1.166228e-02,1.892513e-02,6.891240e-04,4.434000e-02,5.096143e-01,4.084389e-03,1.088400e-01,5.683061e-02,2.009544e-01,9.957249e-04,2.244700e-02
7.342794e-03,1.165800e-02,2.116198e-03,3.860080e-03,1.088377e-02,2.091172e-02,5.486156e-04,3.189134e-02,6.275295e-01,3.778173e-03,7.824580e-02,4.077316e-02,1.424864e-01,8.811653e-04,1.709325e-02
6.905809e-03,1.847070e-02,1.871261e-03,4.212406e-03,9.073276e-03,4.258208e-02,4.279446e-04,2.284082e-02,6.829340e-01,3.440862e-03,6.008691e-02,2.984069e-02,1.022098e-01,9.580376e-04,1.414536e-02
8.547252e-03,2.498513e-02,3.220523e-03,5.244964e-03,1.569956e-02,7.524447e-02,5.755833e-04,1.732334e-02,6.740144e-01,6.515455e-03,4.490936e-02,2.123216e-02,7.440778e-02,1.225625e-03,2.685435e-02
1.342023e-02,2.177903e-02,5.424095e-03,1.589916e-02,3.201594e-02,7.001538e-02,7.223642e-04,2.469603e-02,6.816905e-01,6.676841e-03,3.329512e-02,1.570164e-02,5.510537e-02,1.308187e-03,2.225012e-02
5.463516e-02,2.090798e-02,8.492310e-03,3.263451e-02,2.484675e-02,6.188658e-02,7.857130e-04,2.134721e-02,5.940074e-01,1.489417e-02,5.113658e-02,2.386149e-02,4.921795e-02,8.338264e-03,3.300794e-02
6.198025e-02,2.066400e-02,7.332847e-03,2.605093e-02,1.960360e-02,5.302924e-02,6.290405e-04,1.705293e-02,5.987042e-01,2.331198e-02,5.158288e-02,2.002048e-02,4.164843e-02,7.856634e-03,5.053260e-02
1.044617e-01,1.914088e-02,1.041047e-02,2.339345e-02,1.692182e-02,4.804076e-02,6.947792e-04,1.902073e-02,5.517356e-01,2.926673e-02,6.107845e-02,1.870703e-02,3.779532e-02,1.360879e-02,4.572350e-02
9.922852e-02,2.017116e-02,7.952780e-03,1.801845e-02,1.276735e-02,4.043873e-02,5.422097e-04,1.369184e-02,6.151197e-01,2.679143e-02,4.603037e-02,1.388239e-02,2.924364e-02,1.128990e-02,4.483155e-02
8.345832e-02,2.067593e-02,6.053736e-03,1.472530e-02,9.686176e-03,4.157209e-02,4.468004e-04,1.013235e-02,6.493800e-01,2.192691e-02,3.533494e-02,1.047727e-02,2.715666e-02,1.300151e-02,5.597206e-02
6.046150e-02,2.832458e-02,4.772594e-03,1.085162e-02,6.941484e-03,3.179320e-02,3.645488e-04,7.124962e-03,6.523998e-01,1.974501e-02,2.651556e-02,8.817926e-03,3.534090e-02,2.835262e-02,7.819378e-02
4.625005e-02,2.468694e-02,3.761697e-03,9.127159e-03,5.479081e-03,2.583719e-02,3.538077e-04,5.058373e-03,5.831894e-01,1.465635e-02,2.471430e-02,1.472131e-02,1.280904e-01,3.112081e-02,8.295321e-02
5.225082e-02,2.203822e-02,3.398848e-03,8.374383e-03,4.347328e-03,2.123020e-02,4.489639e-04,3.781403e-03,5.436331e-01,1.155758e-02,2.225072e-02,1.280862e-02,1.286088e-01,6.433099e-02,1.009401e-01
4.200641e-02,1.890661e-02,3.069097e-03,7.686444e-03,3.450823e-03,1.952023e-02,4.434556e-04,2.768714e-03,4.975756e-01,1.053613e-02,2.180287e-02,1.505947e-02,1.484372e-01,1.135794e-01,9.515744e-02
3.203275e-02,1.939783e-02,4.971788e-03,9.338798e-03,3.111992e-03,1.455080e-02,5.141997e-04,2.067287e-03,4.405538e-01,1.253997e-02,2.378037e-02,2.285067e-02,1.168692e-01,1.597039e-01,1.377166e-01
2.507762e-02,1.548007e-02,3.683928e-03,6.815829e-03,2.262739e-03,1.062329e-02,5.246488e-04,1.531858e-03,3.181008e-01,9.826456e-03,2.994752e-02,2.395152e-02,8.346136e-02,3.592912e-01,1.094211e-01
2.098456e-02,1.202405e-02,2.700513e-03,4.932544e-03,1.652090e-03,8.199279e-03,4.143607e-04,1.143519e-03,2.259056e-01,7.352051e-03,3.236147e-02,4.009818e-02,6.372592e-02,4.978287e-01,8.067713e-02
1.586059e-02,8.513819e-03,1.916166e-03,3.479102e-03,1.182658e-03,5.908409e-03,3.020453e-04,8.203949e-04,1.608749e-01,5.684495e-03,3.046605e-02,2.874546e-02,4.494918e-02,6.290631e-01,6.223360e-02
1.161147e-02,6.030102e-03,1.401382e-03,2.455626e-03,8.998350e-04,4.410560e-03,2.321204e-04,5.993902e-04,1.148404e-01,5.127980e-03,2.711798e-02,2.271887e-02,3.237894e-02,7.255472e-01,4.462819e-02
8.369477e-03,4.277925e-03,1.031177e-03,1.732968e-03,6.578619e-04,3.155869e-03,1.701692e-04,4.254790e-04,8.140798e-02,5.420560e-03,2.540965e-02,2.254046e-02,2.313551e-02,7.902585e-01,3.200642e-02
5.971132e-03,3.134236e-03,7.863759e-04,1.236293e-03,5.268267e-04,2.284341e-03,1.241060e-04,3.031037e-04,5.903016e-02,6.413760e-03,2.117706e-02,2.256178e-02,1.666825e-02,8.351269e-01,2.465567e-02
4.244788e-03,2.327210e-03,5.954734e-04,9.101796e-04,4.482958e-04,1.657680e-03,9.115830e-05,2.145045e-04,4.288886e-02,7.734963e-03,1.754205e-02,1.989209e-02,1.185321e-02,8.713995e-01,1.820008e-02
3.833616e-03,2.493879e-03,5.644829e-04,7.669537e-04,1.091920e-03,1.873400e-03,8.023620e-05,1.752203e-04,3.725791e-02,2.113611e-02,1.849001e-02,2.930438e-02,9.610616e-03,8.551767e-01,1.814456e-02
3.405910e-03,2.814178e-03,5.220843e-04,7.706904e-04,1.493794e-03,2.491881e-03,8.964374e-05,1.592340e-04,3.363151e-02,2.609538e-02,2.011485e-02,5.577507e-02,8.141276e-03,8.284309e-01,1.606363e-02
4.110603e-03,3.769057e-03,6.025981e-04,1.095226e-03,4.132163e-03,2.792139e-03,1.320641e-04,3.136068e-04,3.622063e-02,3.265012e-02,3.352445e-02,1.249527e-01,1.167070e-02,7.296873e-01,1.434675e-02
4.851274e-03,3.474097e-03,6.063034e-04,1.066953e-03,4.887378e-03,2.624134e-03,1.548979e-04,5.569884e-04,3.659034e-02,3.246847e-02,3.470949e-02,2.604710e-01,1.280119e-02,5.938497e-01,1.088780e-02
4.140401e-03,2.549596e-03,4.707676e-04,8.857575e-04,4.035175e-03,2.081319e-03,1.308902e-04,4.947613e-04,2.886655e-02,3.346599e-02,4.426612e-02,3.669409e-01,1.058015e-02,4.932459e-01,7.845768e-03
2.957368e-03,2.343426e-03,3.546519e-04,6.490679e-04,3.433734e-03,2.357280e-03,9.603651e-05,3.766499e-04,8.147752e-02,2.636590e-02,3.639017e-02,4.769237e-01,9.990955e-03,3.506211e-01,5.662420e-03
2.091378e-03,2.368571e-03,2.620085e-04,4.707789e-04,2.669150e-03,2.440779e-03,6.985008e-05,2.861900e-04,1.179530e-01,2.067083e-02,2.900309e-02,5.620340e-01,8.487356e-03,2.471111e-01,4.081916e-03
1.476750e-03,3.414791e-03,2.218827e-04,3.495171e-04,2.309985e-03,1.965162e-03,5.069644e-05,3.937696e-04,3.239426e-01,1.481794e-02,2.137962e-02,4.473270e-01,6.413185e-03,1.730611e-01,2.876104e-03
1.065051e-03,6.553837e-03,4.116566e-04,3.588553e-04,1.933709e-03,2.059509e-03,3.773002e-05,2.831574e-03,4.699390e-01,1.151035e-02,2.064783e-02,3.545575e-01,4.746736e-03,1.213195e-01,2.027214e-03
8.600104e-04,2.277246e-02,7.473063e-04,3.538904e-04,2.578492e-03,1.922864e-03,2.933892e-05,3.182973e-03,5.590999e-01,8.602589e-03,2.274675e-02,2.868427e-01,3.609118e-03,8.518822e-02,1.463410e-03
2.055450e-03,5.053592e-02,5.082315e-03,1.613500e-03,1.187672e-02,1.689496e-03,8.568823e-05,9.094628e-03,6.207280e-01,6.653333e-03,1.947952e-02,2.069970e-01,2.854921e-03,5.966341e-02,1.590173e-03
2.291839e-03,5.563926e-02,4.341519e-03,1.598667e-03,1.097514e-02,1.919215e-03,6.667955e-05,7.134289e-03,7.018374e-01,5.091317e-03,1.748792e-02,1.459223e-01,2.092311e-03,4.179837e-02,1.803782e-03
5.677391e-03,5.559594e-02,5.141916e-03,4.057650e-03,6.162978e-02,1.986127e-03,9.347367e-05,8.044251e-03,7.024884e-01,4.128041e-03,1.617513e-02,1.025934e-01,1.515413e-03,2.928486e-02,1.588250e-03
8.214932e-03,4.557603e-02,8.747123e-03,2.732426e-02,2.168345e-01,1.937672e-03,2.127599e-04,2.816998e-02,5.522636e-01,3.236911e-03,1.269436e-02,7.194341e-02,1.078021e-03,2.052717e-02,1.239240e-03
1.116069e-02,3.739808e-02,9.557326e-03,4.066119e-02,3.576655e-01,1.774998e-03,4.863450e-04,2.951799e-02,4.312345e-01,2.561287e-03,1.129334e-02,5.043306e-02,7.653837e-04,1.449092e-02,9.993571e-04
1.412618e-02,3.867351e-02,1.179482e-02,7.823330e-02,4.287098e-01,1.981436e-03,5.966756e-04,5.377146e-02,3.143794e-01,1.901590e-03,8.698557e-03,3.540539e-02,5.651878e-04,1.024815e-02,9.145161e-04
2.410237e-02,3.511241e-02,1.548737e-02,8.911228e-02,4.288566e-01,2.501687e-03,6.262021e-04,6.729744e-02,2.892064e-01,1.738689e-03,8.114187e-03,2.497171e-02,4.642087e-04,7.989579e-03,4.418829e-03
3.964145e-02,2.687642e-02,2.416144e-02,9.989081e-02,3.955154e-01,3.201565e-03,5.253723e-04,5.585696e-02,3.115804e-01,1.434011e-03,1.105423e-02,1.802161e-02,4.434202e-04,8.109845e-03,3.687142e-03
5.715272e-02,1.999333e-02,4.571960e-02,2.396491e-01,3.088811e-01,2.695465e-03,5.225294e-04,5.597773e-02,2.361811e-01,1.206316e-03,8.853525e-03,1.350972e-02,4.443097e-04,6.479339e-03,2.734157e-03
8.381151e-02,1.535666e-02,7.428676e-02,3.132195e-01,2.382584e-01,2.538993e-03,6.360845e-04,5.412978e-02,1.911821e-01,1.183189e-03,7.181718e-03,9.990103e-03,4.651555e-04,5.591180e-03,2.168889e-03
9.941968e-02,1.156880e-02,1.310913e-01,3.859957e-01,1.714297e-01,2.224971e-03,7.553289e-04,3.975404e-02,1.372278e-01,9.355128e-04,5.565903e-03,7.583185e-03,5.526295e-04,4.159158e-03,1.736171e-03
1.364467e-01,9.331224e-03,1.852317e-01,3.943294e-01,1.237427e-01,2.332513e-03,1.110880e-03,3.007404e-02,1.005219e-01,8.190827e-04,4.357044e-03,5.971848e-03,7.448471e-04,3.321811e-03,1.664375e-03
2.153854e-01,7.879767e-03,2.007599e-01,3.670223e-01,9.149933e-02,2.771493e-03,1.325610e-03,2.344141e-02,7.435266e-02,7.598755e-04,3.571014e-03,5.155531e-03,1.223478e-03,3.117825e-03,1.734387e-03
2.606204e-01,6.774794e-03,1.942553e-01,3.802366e-01,6.588373e-02,2.845585e-03,1.470740e-03,1.907445e-02,5.371159e-02,8.137075e-04,3.163583e-03,4.577472e-03,1.782498e-03,2.918735e-03,1.870793e-03
3.492549e-01,7.758853e-03,1.758029e-01,3.384171e-01,4.880200e-02,3.641740e-03,1.881678e-03,1.691394e-02,3.991631e-02,1.085622e-03,3.376808e-03,4.869069e-03,2.419146e-03,3.102987e-03,2.756977e-03
3.584381e-01,2.740773e-02,2.054529e-01,2.915246e-01,3.749569e-02,5.047112e-03,1.736532e-03,1.409719e-02,2.960711e-02,2.808950e-03,5.539093e-03,7.307874e-03,2.857063e-03,4.257764e-03,6.422340e-03
2.561679e-01,6.604878e-02,1.896482e-01,2.060464e-01,2.705209e-02,1.161906e-02,1.301066e-03,1.055655e-02,2.113664e-02,3.149332e-03,1.745873e-01,9.378287e-03,2.594640e-03,1.553072e-02,5.183025e-03
1.809566e-01,4.661282e-02,1.330004e-01,1.443157e-01,1.897978e-02,8.791442e-03,9.324533e-04,7.501827e-03,1.498561e-02,2.310413e-03,4.129447e-01,9.579308e-03,1.897291e-03,1.348001e-02,3.711602e-03
1.267714e-01,3.270087e-02,9.316938e-02,1.010445e-01,1.330626e-02,8.005835e-03,6.589222e-04,5.293559e-03,1.064505e-02,1.666536e-03,5.725025e-01,9.509156e-03,1.352602e-03,2.070380e-02,2.669631e-03
8.880492e-02,2.293395e-02,6.527486e-02,7.075097e-02,9.341286e-03,9.012255e-03,4.681125e-04,3.734779e-03,7.593453e-03,1.241205e-03,6.769469e-01,8.821247e-03,9.820958e-04,3.216881e-02,1.925092e-03
6.230082e-02,1.648783e-02,4.586896e-02,4.963661e-02,6.918278e-03,8.790806e-03,3.983944e-04,2.703181e-03,5.761939e-03,1.227374e-03,7.521162e-01,1.048949e-02,8.115508e-04,3.461273e-02,1.875881e-03
4.365177e-02,1.158561e-02,3.213643e-02,3.476815e-02,4.881844e-03,7.168456e-03,2.868751e-04,1.907520e-03,4.107872e-03,9.287625e-04,8.141489e-01,9.139951e-03,6.278459e-04,3.327890e-02,1.381128e-03
3.067993e-02,8.465162e-03,2.256665e-02,2.441382e-02,3.748738e-03,5.849228e-03,2.231476e-04,1.384467e-03,3.285716e-03,1.056721e-03,8.519906e-01,1.046325e-02,6.194080e-04,3.396809e-02,1.285041e-03
2.162943e-02,6.184691e-03,1.589898e-02,1.715431e-02,3.914771e-03,4.555850e-03,1.920486e-04,1.058969e-03,3.439424e-03,1.693794e-03,8.564966e-01,9.670656e-03,6.144471e-04,5.642385e-02,1.072223e-03
1.541987e-02,7.043077e-03,1.146479e-02,1.224724e-02,3.023683e-02,6.643042e-03,3.459880e-04,1.144167e-03,5.578660e-03,3.193516e-03,7.950304e-01,1.155383e-02,6.987484e-04,9.827113e-02,1.128738e-03
1.172809e-02,8.383147e-03,9.700474e-03,8.884723e-03,2.457249e-02,7.531905e-03,4.748334e-04,1.308459e-03,6.198410e-03,7.968689e-03,7.969205e-01,1.681105e-02,7.368502e-04,9.703788e-02,1.742515e-03
8.586906e-03,7.313054e-03,9.141935e-03,6.511859e-03,2.250841e-02,9.589039e-03,5.180873e-04,1.443672e-03,7.364688e-03,1.293788e-02,7.716336e-01,2.146340e-02,8.127352e-04,1.179768e-01,2.197931e-03
