1.000000e+00,0.000000e+00,0.000000e+00,0.000000e+00,0.000000e+00,0.000000e+00,0.000000e+00,0.000000e+00,0.000000e+00,0.000000e+00,0.000000e+00,0.000000e+00,0.000000e+00,0.000000e+00,0.000000e+00
1.000000e+00,0.000000e+00,0.000000e+00,0.000000e+00,0.000000e+00,0.000000e+00,0.000000e+00,0.000000e+00,0.000000e+00,0.000000e+00,0.000000e+00,0.000000e+00,0.000000e+00,0.000000e+00,0.000000e+00
1.000000e+00,0.000000e+00,0.000000e+00,0.000000e+00,0.000000e+00,0.000000e+00,0.000000e+00,0.000000e+00,0.000000e+00,0.000000e+00,0.000000e+00,0.000000e+00,0.000000e+00,0.000000e+00,0.000000e+00
1.000000e+00,0.000000e+00,0.000000e+00,0.000000e+00,0.000000e+00,0.000000e+00,0.000000e+00,0.000000e+00,0.000000e+00,0.000000e+00,0.000000e+00,0.000000e+00,0.000000e+00,0.000000e+00,0.000000e+00
1.000000e+00,0.000000e+00,0.000000e+00,0.000000e+00,0.000000e+00,0.000000e+00,0.000000e+00,0.000000e+00,0.000000e+00,0.000000e+00,0.000000e+00,0.000000e+00,0.000000e+00,0.000000e+00,0.000000e+00
1.000000e+00,0.000000e+00,0.000000e+00,0.000000e+00,0.000000e+00,0.000000e+00,0.000000e+00,0.000000e+00,0.000000e+00,0.000000e+00,0.000000e+00,0.000000e+00,0.000000e+00,0.000000e+00,0.000000e+00
1.000000e+00,0.000000e+00,0.000000e+00,0.000000e+00,0.000000e+00,0.000000e+00,0.000000e+00,0.000000e+00,0.000000e+00,0.000000e+00,0.000000e+00,0.000000e+00,0.000000e+00,0.000000e+00,0.000000e+00
1.000000e+00,0.000000e+00,0.000000e+00,0.000000e+00,0.000000e+00,0.000000e+00,0.000000e+00,0.000000e+00,0.000000e+00,0.000000e+00,0.000000e+00,0.000000e+00,0.000000e+00,0.000000e+00,0.000000e+00
1.000000e+00,0.000000e+00,0.000000e+00,0.000000e+00,0.000000e+00,0.000000e+00,0.000000e+00,0.000000e+00,0.000000e+00,0.000000e+00,0.000000e+00,0.000000e+00,0.000000e+00,0.000000e+00,0.000000e+00
1.000000e+00,0.000000e+00,0.000000e+00,0.000000e+00,0.000000e+00,0.000000e+00,0.000000e+00,0.000000e+00,0.000000e+00,0.000000e+00,0.000000e+00,0.000000e+00,0.000000e+00,0.000000e+00,0.000000e+00
1.000000e+00,0.000000e+00,0.000000e+00,0.000000e+00,0.000000e+00,0.000000e+00,0.000000e+00,0.000000e+00,0.000000e+00,0.000000e+00,0.000000e+00,0.000000e+00,0.000000e+00,0.000000e+00,0.000000e+00
1.000000e+00,0.000000e+00,0.000000e+00,0.000000e+00,0.000000e+00,0.000000e+00,0.000000e+00,0.000000e+00,0.000000e+00,0.000000e+00,0.000000e+00,0.000000e+00,0.000000e+00,0.000000e+00,0.000000e+00
1.000000e+00,0.000000e+00,0.000000e+00,0.000000e+00,0.000000e+00,0.000000e+00,0.000000e+00,0.000000e+00,0.000000e+00,0.000000e+00,0.000000e+00,0.000000e+00,0.000000e+00,0.000000e+00,0.000000e+00
4.415109e-01,4.592336e-02,5.423072e-02,1.564447e-01,3.114215e-02,2.956544e-02,7.276541e-03,2.569477e-02,1.834812e-02,3.876200e-03,3.063767e-02,7.963768e-02,3.322574e-02,7.967513e-03,3.451851e-02
3.957405e-01,4.647158e-02,9.853619e-02,1.554792e-01,2.731354e-02,2.549093e-02,6.903272e-03,2.353694e-02,1.852879e-02,4.723125e-03,3.262997e-02,7.710514e-02,3.240303e-02,8.072855e-03,4.706499e-02
4.845558e-01,4.070849e-02,7.595860e-02,1.282979e-01,2.270836e-02,2.416198e-02,6.419437e-03,2.001263e-02,1.626354e-02,4.071475e-03,2.866368e-02,6.649637e-02,3.064525e-02,7.950259e-03,4.308631e-02
4.468358e-01,4.132310e-02,7.131004e-02,1.456746e-01,1.998304e-02,2.563427e-02,6.249127e-03,2.186470e-02,1.791136e-02,3.969527e-03,3.296378e-02,7.680063e-02,3.467766e-02,8.149436e-03,4.665308e-02
4.820914e-01,3.970470e-02,6.942881e-02,1.341149e-01,1.876845e-02,2.434037e-02,5.994376e-03,2.245489e-02,1.606118e-02,3.503654e-03,3.308052e-02,6.896672e-02,3.198943e-02,7.902007e-03,4.159870e-02
1.000000e+00,0.000000e+00,0.000000e+00,0.000000e+00,0.000000e+00,0.000000e+00,0.000000e+00,0.000000e+00,0.000000e+00,0.000000e+00,0.000000e+00,0.000000e+00,0.000000e+00,0.000000e+00,0.000000e+00
1.000000e+00,0.000000e+00,0.000000e+00,0.000000e+00,0.000000e+00,0.000000e+00,0.000000e+00,0.000000e+00,0.000000e+00,0.000000e+00,0.000000e+00,0.000000e+00,0.000000e+00,0.000000e+00,0.000000e+00
1.000000e+00,0.000000e+00,0.000000e+00,0.000000e+00,0.000000e+00,0.000000e+00,0.000000e+00,0.000000e+00,0.000000e+00,0.000000e+00,0.000000e+00,0.000000e+00,0.000000e+00,0.000000e+00,0.000000e+00
1.000000e+00,0.000000e+00,0.000000e+00,0.000000e+00,0.000000e+00,0.000000e+00,0.000000e+00,0.000000e+00,0.000000e+00,0.000000e+00,0.000000e+00,0.000000e+00,0.000000e+00,0.000000e+00,0.000000e+00
1.000000e+00,0.000000e+00,0.000000e+00,0.000000e+00,0.000000e+00,0.000000e+00,0.000000e+00,0.000000e+00,0.000000e+00,0.000000e+00,0.000000e+00,0.000000e+00,0.000000e+00,0.000000e+00,0.000000e+00
1.000000e+00,0.000000e+00,0.000000e+00,0.000000e+00,0.000000e+00,0.000000e+00,0.000000e+00,0.000000e+00,0.000000e+00,0.000000e+00,0.000000e+00,0.000000e+00,0.000000e+00,0.000000e+00,0.000000e+00
1.000000e+00,0.000000e+00,0.000000e+00,0.000000e+00,0.000000e+00,0.000000e+00,0.000000e+00,0.000000e+00,0.000000e+00,0.000000e+00,0.000000e+00,0.000000e+00,0.000000e+00,0.000000e+00,0.000000e+00
1.000000e+00,0.000000e+00,0.000000e+00,0.000000e+00,0.000000e+00,0.000000e+00,0.000000e+00,0.000000e+00,0.000000e+00,0.000000e+00,0.000000e+00,0.000000e+00,0.000000e+00,0.000000e+00,0.000000e+00
1.000000e+00,0.000000e+00,0.000000e+00,0.000000e+00,0.000000e+00,0.000000e+00,0.000000e+00,0.000000e+00,0.000000e+00,0.000000e+00,0.000000e+00,0.000000e+00,0.000000e+00,0.000000e+00,0.000000e+00
1.000000e+00,0.000000e+00,0.000000e+00,0.000000e+00,0.000000e+00,0.000000e+00,0.000000e+00,0.000000e+00,0.000000e+00,0.000000e+00,0.000000e+00,0.000000e+00,0.000000e+00,0.000000e+00,0.000000e+00
1.000000e+00,0.000000e+00,0.000000e+00,0.000000e+00,0.000000e+00,0.000000e+00,0.000000e+00,0.000000e+00,0.000000e+00,0.000000e+00,0.000000e+00,0.000000e+00,0.000000e+00,0.000000e+00,0.000000e+00
1.000000e+00,0.000000e+00,0.000000e+00,0.000000e+00,0.000000e+00,0.000000e+00,0.000000e+00,0.000000e+00,0.000000e+00,0.000000e+00,0.000000e+00,0.000000e+00,0.000000e+00,0.000000e+00,0.000000e+00
1.000000e+00,0.000000e+00,0.000000e+00,0.000000e+00,0.000000e+00,0.000000e+00,0.000000e+00,0.000000e+00,0.000000e+00,0.000000e+00,0.000000e+00,0.000000e+00,0.000000e+00,0.000000e+00,0.000000e+00
1.000000e+00,0.000000e+00,0.000000e+00,0.000000e+00,0.000000e+00,0.000000e+00,0.000000e+00,0.000000e+00,0.000000e+00,0.000000e+00,0.000000e+00,0.000000e+00,0.000000e+00,0.000000e+00,0.000000e+00
1.000000e+00,0.000000e+00,0.000000e+00,0.000000e+00,0.000000e+00,0.000000e+00,0.000000e+00,0.000000e+00,0.000000e+00,0.000000e+00,0.000000e+00,0.000000e+00,0.000000e+00,0.000000e+00,0.000000e+00
1.000000e+00,0.000000e+00,0.000000e+00,0.000000e+00,0.000000e+00,0.000000e+00,0.000000e+00,0.000000e+00,0.000000e+00,0.000000e+00,0.000000e+00,0.000000e+00,0.000000e+00,0.000000e+00,0.000000e+00
1.000000e+00,0.000000e+00,0.000000e+00,0.000000e+00,0.000000e+00,0.000000e+00,0.000000e+00,0.000000e+00,0.000000e+00,0.000000e+00,0.000000e+00,0.000000e+00,0.000000e+00,0.000000e+00,0.000000e+00
1.000000e+00,0.000000e+00,0.000000e+00,0.000000e+00,0.000000e+00,0.000000e+00,0.000000e+00,0.000000e+00,0.000000e+00,0.000000e+00,0.000000e+00,0.000000e+00,0.000000e+00,0.000000e+00,0.000000e+00
1.000000e+00,0.000000e+00,0.000000e+00,0.000000e+00,0.000000e+00,0.000000e+00,0.000000e+00,0.000000e+00,0.000000e+00,0.000000e+00,0.000000e+00,0.000000e+00,0.000000e+00,0.000000e+00,0.000000e+00
1.000000e+00,0.000000e+00,0.000000e+00,0.000000e+00,0.000000e+00,0.000000e+00,0.000000e+00,0.000000e+00,0.000000e+00,0.000000e+00,0.000000e+00,0.000000e+00,0.000000e+00,0.000000e+00,0.000000e+00
1.000000e+00,0.000000e+00,0.000000e+00,0.000000e+00,0.000000e+00,0.000000e+00,0.000000e+00,0.000000e+00,0.000000e+00,0.000000e+00,0.000000e+00,0.000000e+00,0.000000e+00,0.000000e+00,0.000000e+00
1.000000e+00,0.000000e+00,0.000000e+00,0.000000e+00,0.000000e+00,0.000000e+00,0.000000e+00,0.000000e+00,0.000000e+00,0.000000e+00,0.000000e+00,0.000000e+00,0.000000e+00,0.000000e+00,0.000000e+00
1.000000e+00,0.000000e+00,0.000000e+00,0.000000e+00,0.000000e+00,0.000000e+00,0.000000e+00,0.000000e+00,0.000000e+00,0.000000e+00,0.000000e+00,0.000000e+00,0.000000e+00,0.000000e+00,0.000000e+00
1.000000e+00,0.000000e+00,0.000000e+00,0.000000e+00,0.000000e+00,0.000000e+00,0.000000e+00,0.000000e+00,0.000000e+00,0.000000e+00,0.000000e+00,0.000000e+00,0.000000e+00,0.000000e+00,0.000000e+00
1.000000e+00,0.000000e+00,0.000000e+00,0.000000e+00,0.000000e+00,0.000000e+00,0.000000e+00,0.000000e+00,0.000000e+00,0.000000e+00,0.000000e+00,0.000000e+00,0.000000e+00,0.000000e+00,0.000000e+00
1.000000e+00,0.000000e+00,0.000000e+00,0.000000e+00,0.000000e+00,0.000000e+00,0.000000e+00,0.000000e+00,0.000000e+00,0.000000e+00,0.000000e+00,0.000000e+00,0.000000e+00,0.000000e+00,0.000000e+00
1.000000e+00,0.000000e+00,0.000000e+00,0.000000e+00,0.000000e+00,0.000000e+00,0.000000e+00,0.000000e+00,0.000000e+00,0.000000e+00,0.000000e+00,0.000000e+00,0.000000e+00,0.000000e+00,0.000000e+00
1.000000e+00,0.000000e+00,0.000000e+00,0.000000e+00,0.000000e+00,0.000000e+00,0.000000e+00,0.000000e+00,0.000000e+00,0.000000e+00,0.000000e+00,0.000000e+00,0.000000e+00,0.000000e+00,0.000000e+00
1.000000e+00,0.000000e+00,0.000000e+00,0.000000e+00,0.000000e+00,0.000000e+00,0.000000e+00,0.000000e+00,0.000000e+00,0.000000e+00,0.000000e+00,0.000000e+00,0.000000e+00,0.000000e+00,0.000000e+00
1.000000e+00,0.000000e+00,0.000000e+00,0.000000e+00,0.000000e+00,0.000000e+00,0.000000e+00,0.000000e+00,0.000000e+00,0.000000e+00,0.000000e+00,0.000000e+00,0.000000e+00,0.000000e+00,0.000000e+00
1.000000e+00,0.000000e+00,0.000000e+00,0.000000e+00,0.000000e+00,0.000000e+00,0.000000e+00,0.000000e+00,0.000000e+00,0.000000e+00,0.000000e+00,0.000000e+00,0.000000e+00,0.000000e+00,0.000000e+00
1.000000e+00,0.000000e+00,0.000000e+00,0.000000e+00,0.000000e+00,0.000000e+00,0.000000e+00,0.000000e+00,0.000000e+00,0.000000e+00,0.000000e+00,0.000000e+00,0.000000e+00,0.000000e+00,0.000000e+00
1.000000e+00,0.000000e+00,0.000000e+00,0.000000e+00,0.000000e+00,0.000000e+00,0.000000e+00,0.000000e+00,0.000000e+00,0.000000e+00,0.000000e+00,0.000000e+00,0.000000e+00,0.000000e+00,0.000000e+00
1.000000e+00,0.000000e+00,0.000000e+00,0.000000e+00,0.000000e+00,0.000000e+00,0.000000e+00,0.000000e+00,0.000000e+00,0.000000e+00,0.000000e+00,0.000000e+00,0.000000e+00,0.000000e+00,0.000000e+00
1.000000e+00,0.000000e+00,0.000000e+00,0.000000e+00,0.000000e+00,0.000000e+00,0.000000e+00,0.000000e+00,0.000000e+00,0.000000e+00,0.000000e+00,0.000000e+00,0.000000e+00,0.000000e+00,0.000000e+00
4.548034e-01,1.746628e-02,1.754853e-02,7.056937e-02,4.016400e-03,5.309594e-02,4.299280e-03,7.212599e-03,1.723428e-02,1.681935e-03,8.456468e-03,1.847549e-02,2.896526e-01,2.181767e-03,3.330566e-02
3.200513e-01,3.349254e-02,1.783827e-02,1.433254e-01,3.175365e-03,4.017255e-02,3.504023e-03,5.089675e-03,1.083419e-01,3.635424e-03,6.035357e-03,1.314174e-02,2.264879e-01,1.631107e-03,7.407758e-02
2.243455e-01,3.383016e-02,2.768756e-02,2.537504e-01,2.488198e-03,3.039127e-02,2.716228e-03,3.574997e-03,1.383194e-01,4.947148e-03,5.448015e-03,1.251109e-02,1.699175e-01,1.629819e-03,8.844272e-02
1.594255e-01,3.736272e-02,2.510153e-02,2.551859e-01,2.025906e-03,2.460274e-02,2.280899e-03,2.572911e-03,1.745216e-01,6.097544e-03,1.463527e-02,2.628919e-02,1.379006e-01,1.820153e-03,1.301775e-01
1.122654e-01,2.870934e-02,1.915526e-02,2.014472e-01,1.773892e-03,2.613107e-02,2.149804e-03,1.902378e-03,1.426954e-01,4.506018e-03,1.226975e-02,1.939742e-02,3.270284e-01,1.427121e-03,9.914143e-02
7.954266e-02,2.095128e-02,1.386328e-02,1.497639e-01,1.913228e-03,2.479617e-02,2.110485e-03,1.400019e-03,1.113152e-01,3.414126e-03,9.923869e-03,1.565999e-02,4.904747e-01,1.175071e-03,7.369607e-02
5.597026e-02,1.720271e-02,1.034728e-02,1.083078e-01,1.679446e-03,2.201657e-02,2.526276e-03,1.090476e-03,1.063238e-01,5.186683e-03,9.715092e-03,1.653721e-02,5.320035e-01,2.505280e-03,1.085877e-01
3.979758e-02,1.246558e-02,7.334763e-03,7.910440e-02,1.334448e-03,1.702001e-02,1.954578e-03,1.295377e-03,3.022441e-01,6.749192e-03,1.526965e-02,1.511409e-02,3.995503e-01,4.921294e-03,9.584463e-02
2.846651e-02,9.198179e-03,5.226869e-03,5.680099e-02,1.209196e-03,1.253615e-02,1.500043e-03,9.958631e-04,4.839062e-01,5.772605e-03,1.279459e-02,1.145513e-02,2.919774e-01,5.544772e-03,7.261550e-02
2.021235e-02,6.867832e-03,3.753052e-03,4.057170e-02,9.669373e-04,8.926925e-03,1.131673e-03,7.422944e-04,6.193367e-01,4.905361e-03,1.512492e-02,1.079257e-02,2.073529e-01,6.398043e-03,5.291679e-02
1.471611e-02,5.283792e-03,2.748069e-03,2.918695e-02,1.349435e-03,9.736571e-03,1.096822e-03,7.145785e-04,5.664839e-01,7.774339e-03,3.119909e-02,1.667737e-02,1.670608e-01,9.791036e-02,4.806180e-02
1.050192e-02,3.951207e-03,2.065986e-03,2.113757e-02,1.556053e-03,7.981239e-03,8.838859e-04,6.026321e-04,4.475054e-01,8.754293e-03,4.192150e-02,1.466116e-02,1.188607e-01,2.798057e-01,3.981081e-02
7.760445e-03,3.185513e-03,1.500655e-03,1.536060e-02,1.283963e-03,8.531095e-03,6.627603e-04,4.872617e-04,3.511937e-01,7.662557e-03,3.800789e-02,1.144951e-02,8.376376e-02,4.369603e-01,3.219004e-02
5.721143e-03,3.453157e-03,1.176600e-03,1.109121e-02,9.991358e-04,8.754281e-03,5.013379e-04,4.022963e-04,2.720760e-01,6.058466e-03,3.267749e-02,8.595200e-03,5.889005e-02,5.618069e-01,2.779681e-02
5.416472e-03,3.575179e-03,9.090400e-04,8.234753e-03,7.906020e-04,1.086566e-02,3.798324e-04,3.168655e-04,2.131328e-01,5.059083e-03,3.604650e-02,6.408597e-03,4.146465e-02,6.409605e-01,2.643960e-02
6.294055e-03,4.603469e-03,8.081010e-04,6.512986e-03,7.647718e-04,1.242884e-02,3.022900e-04,2.444738e-04,1.721059e-01,4.939933e-03,3.667030e-02,4.916049e-03,2.933834e-02,6.942727e-01,2.579791e-02
5.932371e-03,5.369289e-03,6.561134e-04,4.641674e-03,6.156793e-04,1.110176e-02,2.365871e-04,1.817349e-04,1.323977e-01,3.749170e-03,3.207881e-02,3.831560e-03,2.080235e-02,7.579163e-01,2.048887e-02
6.095392e-03,6.148301e-03,5.918224e-04,3.623022e-03,7.095101e-04,1.429596e-02,1.861929e-04,1.834372e-04,1.162889e-01,3.164293e-03,4.829432e-02,3.117541e-03,1.490928e-02,7.652587e-01,1.713333e-02
5.399271e-03,6.017069e-03,5.450358e-04,2.634961e-03,6.523201e-04,1.221568e-02,1.330635e-04,1.423755e-04,1.125718e-01,2.541835e-03,4.679328e-02,2.284056e-03,1.058653e-02,7.832998e-01,1.418298e-02
7.809836e-03,1.124347e-02,9.771028e-04,2.102073e-03,7.711806e-04,1.078641e-02,1.022877e-04,1.645102e-04,1.799318e-01,2.581831e-03,4.821702e-02,1.781786e-03,7.602095e-03,7.149541e-01,1.097453e-02
1.206842e-02,1.399783e-02,1.014449e-03,1.714925e-03,1.016332e-03,9.204844e-03,8.591335e-05,2.664553e-04,2.307359e-01,2.652840e-03,4.165876e-02,1.362470e-03,5.492574e-03,6.704233e-01,8.304982e-03
1.082257e-02,2.362755e-02,1.883866e-03,1.615357e-03,1.881554e-03,8.804535e-03,9.302568e-05,2.544053e-04,2.505213e-01,4.166266e-03,3.202140e-02,1.025987e-03,4.036603e-03,6.509203e-01,8.325174e-03
9.878187e-03,2.466894e-02,2.351622e-02,4.272089e-03,2.909923e-03,8.232500e-03,1.691817e-04,8.826725e-04,2.504914e-01,6.900176e-03,2.383371e-02,7.959986e-04,3.016877e-03,6.319159e-01,8.516089e-03
1.006702e-02,1.925272e-02,1.729623e-02,3.497779e-03,2.274185e-03,6.953544e-03,1.286495e-04,7.994722e-04,2.354451e-01,8.064162e-03,1.883303e-02,6.418763e-04,2.297649e-03,6.608833e-01,1.356526e-02
1.837428e-02,1.671002e-02,1.710728e-02,5.321992e-03,2.133524e-03,5.685423e-03,1.055413e-04,1.801743e-03,2.589619e-01,6.376722e-03,1.629374e-02,6.794686e-04,2.361708e-03,6.325633e-01,1.552330e-02
2.443216e-02,1.412374e-02,1.418274e-02,4.190333e-03,2.142911e-03,4.771556e-03,9.548884e-05,5.537421e-03,2.333817e-01,5.000426e-03,1.426943e-02,9.102735e-04,2.435284e-03,6.625434e-01,1.198302e-02
4.217625e-02,1.353234e-02,1.169405e-02,4.054916e-03,5.649009e-03,5.856174e-03,1.587230e-04,6.327564e-03,2.282326e-01,4.063442e-03,2.502252e-02,1.254795e-03,2.508202e-03,6.383647e-01,1.110473e-02
6.323870e-02,1.807906e-02,1.193206e-02,4.041144e-03,1.234234e-02,8.727013e-03,5.616418e-04,1.234315e-02,2.608998e-01,5.574550e-03,4.159656e-02,3.282249e-03,4.991212e-03,5.318288e-01,2.056174e-02
8.299623e-02,1.607063e-02,1.326615e-02,5.595814e-03,1.426297e-02,1.099387e-02,2.273160e-03,6.666354e-02,2.858462e-01,5.018589e-03,4.324754e-02,5.738919e-03,7.256377e-03,4.239124e-01,1.685757e-02
9.031922e-02,1.263480e-02,1.311855e-02,6.512590e-03,2.132854e-02,1.839260e-02,2.452882e-03,1.265200e-01,2.813385e-01,4.936954e-03,4.298058e-02,5.301264e-03,5.879523e-03,3.554534e-01,1.283060e-02
1.013258e-01,1.065366e-02,1.224817e-02,7.221072e-03,3.599888e-02,1.470933e-02,1.833842e-03,9.265494e-02,3.723657e-01,4.291687e-03,4.294147e-02,6.360507e-03,5.538943e-03,2.820117e-01,9.844414e-03
9.637714e-02,2.050931e-02,1.293550e-02,1.386940e-01,7.114710e-02,1.632209e-02,1.736495e-03,6.707132e-02,3.180494e-01,3.378439e-03,3.210532e-02,6.482653e-03,4.951829e-03,2.016547e-01,8.584785e-03
1.153278e-01,1.954054e-02,4.918395e-02,2.044276e-01,6.256154e-02,1.687504e-02,1.553571e-03,4.949935e-02,2.530337e-01,3.091032e-03,2.894206e-02,1.247459e-02,7.972233e-03,1.627269e-01,1.279005e-02
1.181554e-01,2.226637e-02,6.401575e-02,1.589635e-01,7.148621e-02,2.446101e-02,1.632294e-03,3.667932e-02,2.296938e-01,2.558431e-03,2.676435e-02,1.265485e-02,1.138925e-02,2.056341e-01,1.364547e-02
1.302344e-01,3.338932e-02,4.945450e-02,1.455872e-01,6.132221e-02,2.470347e-02,2.092424e-03,2.684376e-02,2.875795e-01,4.165440e-03,2.516221e-02,1.488206e-02,3.069876e-02,1.464865e-01,1.739829e-02
1.461489e-01,4.229422e-02,4.115628e-02,1.553664e-01,5.889071e-02,2.797034e-02,2.258142e-03,2.023548e-02,2.961769e-01,5.437517e-03,2.340251e-02,1.814077e-02,3.244180e-02,1.045462e-01,2.553387e-02
1.080659e-01,6.828219e-02,3.961320e-02,2.602296e-01,4.213494e-02,2.070521e-02,1.614555e-03,1.427679e-02,2.519309e-01,6.443226e-03,2.222286e-02,1.506555e-02,2.589150e-02,7.351084e-02,5.001282e-02
8.720692e-02,7.717195e-02,3.701741e-02,2.389866e-01,3.074107e-02,1.776915e-02,1.230403e-03,1.137249e-02,2.636933e-01,1.163578e-02,2.597761e-02,1.885581e-02,2.506942e-02,5.257319e-02,1.006989e-01
9.816986e-02,6.595036e-02,3.923165e-02,2.202936e-01,5.038620e-02,3.133030e-02,2.210931e-03,1.007408e-02,2.290274e-01,1.457710e-02,3.866450e-02,1.894001e-02,2.488997e-02,3.767526e-02,1.185787e-01
8.716662e-02,6.531297e-02,3.788726e-02,1.939178e-01,3.790545e-02,2.414928e-02,1.737036e-03,7.972740e-03,2.506673e-01,2.082058e-02,3.118089e-02,1.442910e-02,1.873467e-02,2.746316e-02,1.806552e-01
1.146205e-01,5.680539e-02,9.606157e-02,1.776274e-01,4.048256e-02,2.122030e-02,1.694137e-03,9.020409e-03,2.068658e-01,1.868483e-02,3.094430e-02,1.169447e-02,1.557934e-02,2.051814e-02,1.781808e-01
1.473965e-01,5.020950e-02,1.459829e-01,1.501203e-01,3.562229e-02,2.077475e-02,1.450607e-03,7.455746e-03,1.608375e-01,1.975576e-02,3.148647e-02,1.174206e-02,1.513025e-02,2.064755e-02,1.813878e-01
1.563440e-01,5.960695e-02,1.332362e-01,1.339695e-01,3.713052e-02,1.967424e-02,2.403759e-03,6.383442e-03,1.508877e-01,1.617638e-02,4.187685e-02,1.333656e-02,4.728014e-02,2.185318e-02,1.598406e-01
1.385786e-01,6.688964e-02,1.647903e-01,1.645111e-01,3.296256e-02,1.717565e-02,2.477069e-03,5.202683e-03,1.276446e-01,1.510130e-02,3.530960e-02,1.530270e-02,4.714292e-02,1.804450e-02,1.488667e-01
1.022366e-01,8.514543e-02,1.461600e-01,2.137697e-01,2.381660e-02,1.446157e-02,1.941992e-03,3.828732e-03,1.317657e-01,1.353257e-02,3.553459e-02,2.236729e-02,4.355329e-02,2.566002e-02,1.362259e-01
8.210378e-02,7.301491e-02,1.227457e-01,1.861367e-01,1.959358e-02,2.019262e-02,2.348523e-03,3.651224e-03,1.235034e-01,1.302238e-02,1.152039e-01,3.809125e-02,7.218986e-02,2.536399e-02,1.028381e-01
1.056781e-01,5.564187e-02,1.050866e-01,2.722452e-01,2.446006e-02,2.808135e-02,2.423134e-03,4.660180e-03,1.029440e-01,9.980706e-03,9.001692e-02,3.068906e-02,7.133198e-02,1.895323e-02,7.780756e-02
1.963321e-01,4.326161e-02,8.412870e-02,2.902620e-01,1.980164e-02,2.591456e-02,2.089462e-03,4.643581e-03,7.831823e-02,8.193975e-03,7.367324e-02,2.672545e-02,5.954697e-02,1.731490e-02,6.979349e-02
2.698112e-01,3.487443e-02,6.413423e-02,2.357468e-01,2.129352e-02,2.368727e-02,2.036701e-03,6.304231e-03,6.893824e-02,6.343385e-03,6.318353e-02,2.658372e-02,7.426861e-02,1.666514e-02,8.612904e-02
2.266563e-01,3.160295e-02,7.574099e-02,2.622814e-01,2.192120e-02,2.088505e-02,2.048462e-03,1.370894e-02,7.786255e-02,1.087151e-02,5.918860e-02,2.567310e-02,7.436895e-02,1.556894e-02,8.162109e-02
1.746671e-01,3.008041e-02,7.656120e-02,2.181517e-01,2.087269e-02,2.065290e-02,2.184022e-03,2.399437e-02,7.716596e-02,1.502948e-02,5.845249e-02,2.346000e-02,7.903061e-02,1.732299e-02,1.623742e-01
2.018222e-01,3.430820e-02,6.513560e-02,1.587925e-01,2.201575e-02,2.033092e-02,2.795856e-03,2.391722e-02,7.686530e-02,1.338976e-02,5.124277e-02,2.143740e-02,9.570406e-02,1.928473e-02,1.929578e-01
1.916138e-01,4.354334e-02,5.434409e-02,1.138688e-01,2.641960e-02,2.256195e-02,3.607021e-03,3.124457e-02,9.863986e-02,1.268433e-02,4.980974e-02,1.657793e-02,1.080313e-01,1.774888e-02,2.093049e-01
1.743681e-01,4.213949e-02,5.610985e-02,8.408257e-02,3.475041e-02,2.008254e-02,4.599592e-03,4.472264e-02,9.858686e-02,1.085280e-02,4.302927e-02,1.520706e-02,1.509556e-01,1.477981e-02,2.057334e-01
1.658605e-01,5.114103e-02,6.627581e-02,1.403246e-01,3.238504e-02,1.767988e-02,4.258082e-03,4.051999e-02,1.265458e-01,9.862985e-03,3.198923e-02,1.381456e-02,1.188602e-01,1.077823e-02,1.697040e-01
1.851380e-01,4.521882e-02,7.906184e-02,1.382577e-01,2.885593e-02,2.522689e-02,4.124381e-03,4.142416e-02,1.109571e-01,1.645594e-02,2.483116e-02,1.160819e-02,1.031918e-01,8.867778e-03,1.767802e-01
2.314456e-01,4.730745e-02,8.603024e-02,1.056943e-01,3.144674e-02,3.443098e-02,4.073898e-03,4.218484e-02,1.023444e-01,1.292295e-02,1.925139e-02,1.005031e-02,1.304972e-01,7.716786e-03,1.346029e-01
2.586777e-01,4.967402e-02,1.367249e-01,1.007114e-01,4.085933e-02,3.329020e-02,4.747329e-03,3.589090e-02,8.933478e-02,1.030317e-02,1.703991e-02,8.766681e-03,1.039619e-01,6.630309e-03,1.033874e-01
3.529523e-01,5.096089e-02,1.046668e-01,8.647366e-02,4.380352e-02,3.303512e-02,4.391456e-03,3.010785e-02,8.591191e-02,8.797930e-03,1.388144e-02,8.549141e-03,8.809790e-02,5.744690e-03,8.262536e-02
3.827298e-01,7.816882e-02,8.912612e-02,7.782630e-02,5.579741e-02,3.922216e-02,4.112687e-03,2.260570e-02,8.236741e-02,7.165880e-03,1.140355e-02,7.627854e-03,6.747722e-02,5.089661e-03,6.927939e-02
3.501219e-01,9.408014e-02,7.843785e-02,9.283072e-02,7.680840e-02,6.725493e-02,6.045329e-03,2.393757e-02,7.787268e-02,6.042761e-03,9.590676e-03,6.766692e-03,5.130456e-02,3.976743e-03,5.492900e-02
3.170075e-01,7.091130e-02,5.783837e-02,7.304108e-02,7.841165e-02,6.566045e-02,5.966747e-03,1.617311e-01,6.632028e-02,4.503130e-03,7.556397e-03,5.414877e-03,4.298827e-02,3.036247e-03,3.961253e-02
2.336926e-01,5.073090e-02,4.186089e-02,5.222207e-02,5.828112e-02,5.004195e-02,4.908424e-03,3.858002e-01,4.875202e-02,3.283401e-03,5.521085e-03,3.898034e-03,3.095334e-02,2.158086e-03,2.789591e-02
1.769068e-01,3.636934e-02,3.020390e-02,3.717668e-02,4.336102e-02,3.655479e-02,4.838668e-03,5.444115e-01,3.735574e-02,2.441115e-03,4.203810e-03,2.866352e-03,2.203609e-02,1.542529e-03,1.973154e-02
1.356125e-01,2.573235e-02,2.176442e-02,2.631167e-02,3.176465e-02,2.636356e-02,5.199780e-03,6.630461e-01,2.662734e-02,1.831180e-03,3.098078e-03,2.085342e-03,1.553931e-02,1.092702e-03,1.393091e-02
1.146722e-01,1.828069e-02,1.572450e-02,1.860831e-02,2.335850e-02,2.109048e-02,4.345401e-03,7.366067e-01,1.895363e-02,1.673638e-03,2.750370e-03,1.842514e-03,1.125117e-02,8.023621e-04,1.003954e-02
1.318170e-01,1.346713e-02,1.155485e-02,1.333106e-02,1.676289e-02,1.627068e-02,3.166971e-03,7.551669e-01,1.357905e-02,1.601859e-03,3.195316e-03,2.792612e-03,8.761580e-03,8.191157e-04,7.713052e-03
1.515956e-01,9.832660e-03,8.727076e-03,9.884842e-03,1.269183e-02,1.228714e-02,2.404815e-03,7.600459e-01,1.081304e-02,1.540614e-03,3.147469e-03,3.184827e-03,6.988745e-03,9.954016e-04,5.859988e-03
1.815195e-01,7.610700e-03,6.774174e-03,7.631054e-03,1.015954e-02,1.009015e-02,1.916367e-03,7.417451e-01,8.639382e-03,2.376606e-03,4.612653e-03,3.604528e-03,5.798139e-03,1.693139e-03,5.828973e-03
2.442635e-01,7.929574e-03,8.601481e-03,6.726563e-03,9.928162e-03,9.985437e-03,1.717784e-03,6.517059e-01,1.697078e-02,7.178071e-03,1.041541e-02,4.078215e-03,7.801858e-03,3.237515e-03,9.459768e-03
3.154192e-01,6.260833e-03,8.022558e-03,5.054944e-03,9.002478e-03,8.729815e-03,1.499275e-03,5.596395e-01,2.276432e-02,8.611523e-03,1.459555e-02,4.039092e-03,8.373817e-03,6.390403e-03,2.159668e-02
3.633119e-01,5.665965e-03,8.562777e-03,5.174669e-03,9.858986e-03,1.254987e-02,1.835302e-03,4.822619e-01,4.021134e-02,8.664378e-03,1.463358e-02,4.857383e-03,8.593084e-03,8.074343e-03,2.574453e-02
4.938607e-01,5.952479e-03,1.024837e-02,5.599805e-03,1.255771e-02,1.742961e-02,2.485928e-03,3.431142e-01,3.653926e-02,7.409574e-03,1.244473e-02,7.029738e-03,1.061080e-02,1.203031e-02,2.268680e-02
1.000000e+00,0.000000e+00,0.000000e+00,0.000000e+00,0.000000e+00,0.000000e+00,0.000000e+00,0.000000e+00,0.000000e+00,0.000000e+00,0.000000e+00,0.000000e+00,0.000000e+00,0.000000e+00,0.000000e+00
1.000000e+00,0.000000e+00,0.000000e+00,0.000000e+00,0.000000e+00,0.000000e+00,0.000000e+00,0.000000e+00,0.000000e+00,0.000000e+00,0.000000e+00,0.000000e+00,0.000000e+00,0.000000e+00,0.000000e+00
1.000000e+00,0.000000e+00,0.000000e+00,0.000000e+00,0.000000e+00,0.000000e+00,0.000000e+00,0.000000e+00,0.000000e+00,0.000000e+00,0.000000e+00,0.000000e+00,0.000000e+00,0.000000e+00,0.000000e+00
1.000000e+00,0.000000e+00,0.000000e+00,0.000000e+00,0.000000e+00,0.000000e+00,0.000000e+00,0.000000e+00,0.000000e+00,0.000000e+00,0.000000e+00,0.000000e+00,0.000000e+00,0.000000e+00,0.000000e+00
3.733036e-01,1.349747e-02,9.831660e-03,2.778224e-03,6.634738e-03,1.736721e-02,2.826136e-03,6.000429e-02,1.271133e-01,3.583963e-02,2.093589e-02,7.282337e-03,1.078617e-02,2.208078e-01,9.099142e-02
2.696474e-01,4.034616e-02,8.898234e-03,2.246137e-03,6.916882e-03,1.344214e-02,2.079758e-03,4.210557e-02,1.389793e-01,5.447819e-02,2.720950e-02,5.588395e-03,9.110743e-03,2.311389e-01,1.478126e-01
1.902807e-01,3.982515e-02,7.947360e-03,2.091026e-03,5.542423e-03,1.082904e-02,1.557090e-03,2.961812e-02,3.063534e-01,4.439095e-02,2.556485e-02,4.130472e-03,6.836221e-03,2.001838e-01,1.248494e-01
1.356174e-01,3.330952e-02,6.251171e-03,1.751652e-03,6.794667e-03,8.031616e-03,1.135537e-03,2.076338e-02,3.906346e-01,3.921073e-02,2.162834e-02,3.060373e-03,5.376307e-03,1.984723e-01,1.279625e-01
9.687003e-02,3.644305e-02,5.140974e-03,1.710362e-03,6.952800e-03,6.502795e-03,8.333272e-04,1.463336e-02,5.057015e-01,2.981590e-02,1.741372e-02,2.315389e-03,4.305271e-03,1.645088e-01,1.068526e-01
6.829559e-02,3.383488e-02,7.168326e-03,1.913666e-03,5.598286e-03,4.813497e-03,5.894453e-04,1.025975e-02,5.726554e-01,4.502345e-02,1.377547e-02,1.765956e-03,3.129632e-03,1.206546e-01,1.105220e-01
5.404511e-02,3.153988e-02,6.357541e-03,1.565541e-03,7.881701e-03,4.794037e-03,5.530996e-04,7.814198e-03,5.851873e-01,7.921734e-02,1.224576e-02,1.359054e-03,2.429768e-03,1.084428e-01,9.656685e-02
4.851125e-02,2.785399e-02,1.163539e-02,2.400772e-03,7.755114e-03,3.838899e-03,4.391333e-04,5.631328e-03,6.017542e-01,8.371949e-02,1.013899e-02,1.177820e-03,1.874745e-03,9.662065e-02,9.664820e-02
4.086344e-02,2.582219e-02,1.524756e-02,2.421473e-03,7.809302e-03,3.092213e-03,3.367372e-04,4.154302e-03,5.774991e-01,1.194486e-01,7.949807e-03,9.079468e-04,1.520208e-03,9.414995e-02,9.877718e-02
3.644582e-02,2.300264e-02,3.000101e-02,1.903116e-03,7.789637e-03,2.437726e-03,2.480327e-04,3.164108e-03,4.836082e-01,2.232258e-01,6.649229e-03,7.189449e-04,1.190813e-03,7.882931e-02,1.007857e-01
2.996439e-02,1.838475e-02,3.225936e-02,1.654592e-03,5.819986e-03,2.120908e-03,1.886600e-04,2.312854e-03,4.491122e-01,2.448340e-01,5.253576e-03,5.643980e-04,9.461493e-04,5.972170e-02,1.468625e-01
3.611159e-02,2.018679e-02,2.874242e-02,2.025819e-03,8.651154e-03,2.868412e-03,1.883176e-04,2.321248e-03,3.955899e-01,2.730184e-01,4.564232e-03,4.855672e-04,1.201865e-03,4.625734e-02,1.777869e-01
5.185496e-02,1.727479e-02,3.114513e-02,3.846237e-03,2.338482e-02,1.251651e-02,2.615653e-04,9.936316e-03,4.316488e-01,2.063302e-01,3.963691e-03,4.070583e-04,1.101514e-03,3.725451e-02,1.690740e-01
6.759734e-02,1.561254e-02,2.948169e-02,4.142498e-03,4.013946e-02,2.564458e-02,5.967824e-04,8.038637e-03,4.279212e-01,1.820161e-01,3.136365e-03,3.117509e-04,1.076018e-03,3.309453e-02,1.611905e-01
7.264185e-02,1.624205e-02,2.947147e-02,4.104738e-03,4.225929e-02,2.265797e-02,5.149341e-04,6.023347e-03,4.948586e-01,1.316725e-01,2.608131e-03,2.665570e-04,9.150409e-04,3.414658e-02,1.416169e-01
5.955349e-02,1.408177e-02,2.262760e-02,4.475533e-03,3.133490e-02,1.827498e-02,4.292590e-04,4.386071e-03,5.448686e-01,9.941453e-02,2.737026e-03,3.984176e-04,8.919627e-04,2.727682e-02,1.692490e-01
6.435563e-02,1.721123e-02,2.522787e-02,9.836653e-03,3.520071e-02,5.255646e-02,5.449172e-04,4.418455e-03,4.785120e-01,8.025941e-02,2.842562e-03,5.944066e-04,1.176544e-03,3.000774e-02,1.972553e-01
6.611907e-02,1.757569e-02,4.062558e-02,2.238686e-02,3.989768e-02,5.909745e-02,4.787915e-04,4.431488e-03,4.416299e-01,6.412775e-02,3.253459e-03,6.887603e-04,1.107721e-03,3.126143e-02,2.073183e-01
4.710064e-02,1.368799e-02,3.247402e-02,1.995478e-02,2.941814e-02,4.796391e-02,3.564921e-04,3.141822e-03,3.569444e-01,5.396332e-02,3.006870e-03,7.183816e-04,1.081440e-03,2.371264e-02,3.664752e-01
3.309888e-02,1.042896e-02,3.759539e-02,4.343423e-02,2.079401e-02,3.402259e-02,2.559705e-04,2.219297e-03,3.704150e-01,4.973824e-02,4.018084e-03,6.393431e-04,9.544455e-04,1.706392e-02,3.753217e-01
2.324358e-02,8.232879e-03,5.905482e-02,4.778865e-02,1.468285e-02,2.388823e-02,1.848470e-04,1.558669e-03,2.972938e-01,4.790782e-02,4.035474e-03,7.890678e-04,8.251196e-04,1.360653e-02,4.569077e-01
1.636504e-02,6.215427e-03,6.453940e-02,3.599749e-02,1.035702e-02,1.682425e-02,1.387231e-04,1.092929e-03,2.183796e-01,3.847014e-02,3.589535e-03,7.095898e-04,6.285043e-04,3.184963e-02,5.548427e-01
1.174667e-02,5.248635e-03,6.985122e-02,3.027952e-02,7.523424e-03,1.223125e-02,1.341426e-04,7.843962e-04,1.713387e-01,4.247486e-02,5.152615e-03,3.468962e-03,1.043041e-03,1.283068e-01,5.104158e-01
9.114144e-03,5.486748e-03,5.522883e-02,2.354381e-02,5.497267e-03,9.142524e-03,1.492702e-04,5.587893e-04,1.421850e-01,4.473473e-02,5.606540e-03,3.806636e-03,1.025210e-03,2.447798e-01,4.491407e-01
6.779807e-03,6.749085e-03,4.099029e-02,1.707512e-02,3.889001e-03,6.591796e-03,1.185697e-04,3.968825e-04,1.466609e-01,3.906339e-02,5.880069e-03,3.329169e-03,8.767808e-04,3.666481e-01,3.549511e-01
5.136651e-03,6.146638e-03,2.895419e-02,1.202571e-02,2.731619e-03,4.683807e-03,1.052550e-04,2.836949e-04,1.261134e-01,3.175510e-02,6.286564e-03,2.698777e-03,6.756049e-04,5.126925e-01,2.597106e-01
3.784506e-03,4.638293e-03,2.030578e-02,8.428975e-03,1.914873e-03,3.376102e-03,8.363602e-05,2.000611e-04,9.530347e-02,2.844054e-02,6.372615e-03,1.999194e-03,4.978923e-04,6.367719e-01,1.878822e-01
2.761306e-03,3.597587e-03,1.443693e-02,5.909607e-03,1.355783e-03,2.715872e-03,6.109011e-05,1.425691e-04,7.258124e-02,8.741198e-02,7.243285e-03,1.529382e-03,3.905369e-04,6.622210e-01,1.376420e-01
3.043950e-03,3.367580e-03,1.040783e-02,4.269319e-03,1.008792e-03,3.444577e-03,7.996263e-05,1.318197e-04,7.547582e-02,9.287120e-02,1.410628e-02,1.529071e-03,4.219043e-04,6.713053e-01,1.185367e-01
3.215863e-03,2.606007e-03,7.445875e-03,3.012495e-03,7.480850e-04,2.527610e-03,6.274760e-05,1.023194e-04,5.556266e-02,1.147403e-01,1.410558e-02,1.190553e-03,3.539345e-04,7.056252e-01,8.870079e-02
3.443648e-03,1.985149e-03,5.317313e-03,2.140360e-03,5.743943e-04,1.892841e-03,5.795686e-05,9.407567e-05,4.164203e-02,1.199331e-01,1.820635e-02,1.082257e-03,4.227477e-04,7.376418e-01,6.556597e-02
2.831784e-03,1.441290e-03,3.776385e-03,1.516337e-03,4.180841e-04,1.547335e-03,5.787253e-05,8.892077e-05,3.039908e-02,1.765592e-01,2.068546e-02,1.165784e-03,5.158348e-04,7.106540e-01,4.834266e-02
3.067087e-03,1.233818e-03,2.811332e-03,1.106564e-03,3.631281e-04,1.888993e-03,8.101889e-05,1.217010e-04,2.325516e-02,2.609609e-01,3.373146e-02,1.468171e-03,1.049417e-03,6.314616e-01,3.739967e-02
2.409193e-03,9.604063e-04,2.032011e-03,8.133483e-04,3.699540e-04,1.643886e-03,7.655560e-05,1.166484e-04,1.731515e-02,3.620359e-01,3.392675e-02,1.390570e-03,1.045540e-03,5.462608e-01,2.960332e-02
2.352825e-03,7.895736e-04,1.448705e-03,7.356480e-04,4.081579e-04,2.023308e-03,7.095400e-05,1.101757e-04,1.390597e-02,4.596535e-01,6.536666e-02,3.091598e-03,3.242902e-03,4.243866e-01,2.241344e-02
3.084093e-03,8.954013e-04,1.072185e-03,7.752014e-04,7.584764e-04,2.917643e-03,1.660826e-04,1.444434e-04,1.506568e-02,5.138803e-01,1.012126e-01,4.020349e-03,5.354187e-03,3.310009e-01,1.965247e-02
2.615404e-03,8.052738e-04,8.596255e-04,8.232110e-04,8.829230e-04,2.253440e-03,1.381841e-04,1.746037e-04,1.294555e-02,5.721195e-01,1.081567e-01,4.970056e-03,6.967999e-03,2.679845e-01,1.830302e-02
2.875679e-03,1.096417e-03,1.094503e-03,1.448591e-03,1.341777e-02,1.816081e-03,2.770922e-04,7.943971e-04,1.945119e-02,5.987413e-01,1.037964e-01,6.234450e-03,9.970054e-03,2.205911e-01,1.839495e-02
5.151998e-03,2.432953e-03,2.794790e-03,3.019220e-03,1.197071e-01,3.277706e-03,1.881355e-03,1.581320e-03,2.619037e-02,5.248187e-01,8.618708e-02,6.487655e-03,1.267362e-02,1.851237e-01,1.867249e-02
1.240893e-02,3.758128e-03,3.177978e-03,2.517971e-03,2.958557e-01,1.574126e-02,6.695929e-03,1.503122e-03,3.673121e-02,3.931934e-01,6.440152e-02,5.212569e-03,1.151045e-02,1.332340e-01,1.405782e-02
2.468261e-02,3.638383e-03,2.475169e-03,2.136042e-03,4.410905e-01,2.752047e-02,1.665452e-02,1.524876e-03,2.767930e-02,2.809949e-01,4.845629e-02,4.715131e-03,1.076171e-02,9.749635e-02,1.017379e-02
5.540605e-02,3.926833e-03,2.255525e-03,1.760379e-03,5.100336e-01,4.152941e-02,3.330386e-02,1.463676e-03,1.993452e-02,1.998840e-01,3.840957e-02,4.289102e-03,9.878407e-03,7.058055e-02,7.344488e-03
5.244660e-02,4.670430e-03,7.504707e-03,2.647090e-02,5.682815e-01,4.853737e-02,3.016552e-02,9.126767e-03,1.442294e-02,1.402174e-01,2.815934e-02,5.368444e-03,9.287495e-03,5.003089e-02,5.309599e-03
6.411567e-02,9.263246e-03,1.282751e-02,5.960789e-02,5.531576e-01,6.857097e-02,2.733832e-02,1.431077e-02,1.104101e-02,9.912848e-02,2.317995e-02,8.356077e-03,8.691384e-03,3.599567e-02,4.415425e-03
5.248344e-02,7.227580e-03,1.002036e-02,4.460025e-02,6.077248e-01,5.216479e-02,2.796929e-02,6.348647e-02,7.805332e-03,6.940630e-02,1.635708e-02,5.981597e-03,6.444247e-03,2.521418e-02,3.114208e-03
4.048355e-02,5.195201e-03,7.557281e-03,3.160993e-02,4.805900e-01,3.720059e-02,2.238319e-02,2.805909e-01,5.472810e-03,4.858743e-02,1.156265e-02,4.223948e-03,4.699368e-03,1.765687e-02,2.186271e-03
3.669242e-02,3.668570e-03,6.475539e-03,2.302998e-02,4.681697e-01,2.667546e-02,1.688294e-02,3.513640e-01,3.853719e-03,3.402543e-02,8.629871e-03,3.050223e-03,3.561165e-03,1.237207e-02,1.548860e-03
3.429382e-02,2.678722e-03,5.478098e-03,1.812025e-02,5.021958e-01,2.478955e-02,1.258072e-02,3.400539e-01,2.953025e-03,2.391974e-02,1.548037e-02,3.504714e-03,3.634644e-03,8.735301e-03,1.581327e-03
2.981990e-02,1.963366e-03,4.494610e-03,1.380709e-02,5.665010e-01,2.924274e-02,9.692653e-03,2.875784e-01,2.459422e-03,1.691366e-02,2.080786e-02,4.116751e-03,3.898039e-03,6.287861e-03,2.416750e-03
2.578989e-02,1.435124e-03,3.258727e-03,1.011731e-02,6.658123e-01,2.265909e-02,8.406596e-03,2.166668e-01,1.947192e-03,1.194844e-02,1.771780e-02,3.765554e-03,3.584963e-03,4.453985e-03,2.436266e-03
2.722252e-02,1.296303e-03,2.515442e-03,8.791380e-03,7.271004e-01,2.800961e-02,7.248783e-03,1.603737e-01,1.763441e-03,8.430502e-03,1.486039e-02,3.845639e-03,3.191032e-03,3.239146e-03,2.111813e-03
3.117181e-02,1.268333e-03,2.280477e-03,8.010148e-03,7.467033e-01,4.753412e-02,5.730038e-03,1.254768e-01,1.484343e-03,5.988496e-03,1.268448e-02,3.921419e-03,2.983795e-03,2.482554e-03,2.279975e-03
4.138914e-02,2.655214e-03,5.757947e-03,1.340611e-02,7.056276e-01,7.962930e-02,5.107297e-03,1.072630e-01,1.991632e-03,4.515596e-03,1.643304e-02,6.236895e-03,3.306006e-03,2.753473e-03,3.927755e-03
5.477789e-02,3.170088e-03,7.438009e-03,1.462583e-02,6.260999e-01,1.453019e-01,5.026112e-03,9.765289e-02,2.200083e-03,3.593369e-03,2.212536e-02,6.898680e-03,3.458552e-03,3.081125e-03,4.550232e-03
8.878600e-02,3.221470e-03,7.611663e-03,1.345863e-02,6.223813e-01,1.307124e-01,3.917756e-03,8.313186e-02,2.963520e-03,2.930771e-03,2.141072e-02,7.019268e-03,3.344480e-03,3.144234e-03,5.965973e-03
1.575577e-01,4.263154e-03,1.227947e-02,1.515930e-02,5.375090e-01,1.346652e-01,2.896471e-03,6.621269e-02,1.130406e-02,2.614922e-03,2.556362e-02,6.619647e-03,3.117333e-03,6.196957e-03,1.404043e-02
1.547707e-01,5.780500e-03,1.430613e-02,1.454037e-02,4.395414e-01,1.984148e-01,2.139504e-03,5.229021e-02,1.828877e-02,2.621179e-03,5.267119e-02,6.081011e-03,2.820342e-03,1.242354e-02,2.331035e-02
1.343613e-01,1.036850e-02,1.709858e-02,1.585074e-02,3.192458e-01,2.054652e-01,1.604856e-03,4.060448e-02,3.682639e-02,4.230387e-03,6.866784e-02,7.264275e-03,3.005652e-03,3.370470e-02,1.017013e-01
9.502943e-02,8.181331e-03,1.236412e-02,1.141083e-02,2.238292e-01,4.005657e-01,1.145194e-03,2.847701e-02,3.119351e-02,3.483596e-03,6.575480e-02,5.489352e-03,2.457043e-03,3.104044e-02,7.957842e-02
6.936508e-02,9.144288e-03,1.000449e-02,8.328045e-03,1.571944e-01,3.622412e-01,8.686660e-04,2.008736e-02,8.409731e-02,1.041075e-02,1.098878e-01,4.436026e-03,2.549120e-03,5.594026e-02,9.544519e-02
5.097391e-02,1.213310e-02,1.358600e-02,6.810470e-03,1.107414e-01,3.210591e-01,6.688525e-04,1.415876e-02,9.750135e-02,1.230158e-02,9.501566e-02,3.724788e-03,2.384180e-03,1.300115e-01,1.289294e-01
3.816146e-02,1.075304e-02,1.092449e-02,4.861374e-03,7.793429e-02,2.845568e-01,6.579497e-04,1.006935e-02,7.934694e-02,1.899029e-02,1.008791e-01,3.380640e-03,2.244665e-03,2.339868e-01,1.232528e-01
3.042861e-02,9.563517e-03,8.641924e-03,3.460685e-03,5.466185e-02,2.208875e-01,6.869314e-04,7.169312e-03,6.586442e-02,1.802851e-02,1.070750e-01,3.606290e-03,2.022101e-03,3.461016e-01,1.218018e-01
2.252008e-02,8.388821e-03,6.817288e-03,2.447362e-03,3.837212e-02,1.651804e-01,5.625276e-04,5.089156e-03,6.975939e-02,1.867137e-02,1.057790e-01,3.579879e-03,1.761038e-03,4.205633e-01,1.305082e-01
2.850148e-02,8.855952e-03,7.567651e-03,2.362959e-03,2.739325e-02,1.903665e-01,1.043289e-03,4.031248e-03,1.129408e-01,2.501730e-02,9.037055e-02,3.989590e-03,2.075109e-03,3.750011e-01,1.204834e-01
2.204674e-02,1.127121e-02,5.630876e-03,1.892702e-03,1.953267e-02,1.403987e-01,8.689808e-04,2.962400e-03,1.608678e-01,2.279316e-02,7.571420e-02,3.628821e-03,2.536061e-03,4.206423e-01,1.092135e-01
1.615564e-02,1.265107e-02,4.095688e-03,1.752116e-03,1.489463e-02,1.110467e-01,7.006361e-04,2.363366e-03,2.232650e-01,1.899466e-02,5.858175e-02,3.929661e-03,3.583228e-03,4.445771e-01,8.340883e-02
1.182194e-02,1.404372e-02,3.195369e-03,2.194919e-03,1.159645e-02,8.308183e-02,5.548365e-04,3.464234e-03,2.911994e-01,1.498724e-02,6.047955e-02,7.408381e-03,7.649328e-03,4.251812e-01,6.314175e-02
8.885565e-03,1.468618e-02,2.988706e-03,3.973674e-03,9.280085e-03,6.023043e-02,4.236319e-04,3.014279e-03,4.274338e-01,1.307186e-02,5.334220e-02,7.792418e-03,9.057634e-03,3.396544e-01,4.616509e-02
6.844722e-03,3.093502e-02,6.841560e-03,3.997344e-03,7.169525e-03,5.057871e-02,3.734389e-04,2.282658e-03,3.797215e-01,1.502756e-02,4.876108e-02,7.787500e-03,1.197796e-02,3.634792e-01,6.422228e-02
5.996286e-03,3.972811e-02,2.911088e-02,7.290702e-03,7.436632e-03,3.756862e-02,6.296784e-04,1.653920e-02,3.594048e-01,1.415343e-02,4.435084e-02,7.144884e-03,1.304828e-02,3.527076e-01,6.489009e-02
5.172641e-03,5.837022e-02,3.319252e-02,1.157118e-02,8.390891e-03,2.904460e-02,5.702694e-04,1.492518e-02,3.607293e-01,1.382488e-02,3.334147e-02,5.264225e-03,1.105095e-02,3.383263e-01,7.622537e-02
5.446941e-03,5.611580e-02,3.914214e-02,2.623843e-02,1.734136e-02,2.538628e-02,5.676841e-04,6.432158e-02,3.950706e-01,1.207815e-02,2.496306e-02,3.786041e-03,8.230132e-03,2.627086e-01,5.860321e-02
5.665375e-03,5.611879e-02,3.061987e-02,2.439626e-02,1.759949e-02,2.347867e-02,4.371782e-04,4.935176e-02,4.946270e-01,1.418654e-02,1.836528e-02,2.707561e-03,6.241131e-03,2.038555e-01,5.234958e-02
