1.000000e+00,0.000000e+00,0.000000e+00,0.000000e+00,0.000000e+00,0.000000e+00,0.000000e+00,0.000000e+00,0.000000e+00,0.000000e+00,0.000000e+00,0.000000e+00,0.000000e+00,0.000000e+00,0.000000e+00
1.000000e+00,0.000000e+00,0.000000e+00,0.000000e+00,0.000000e+00,0.000000e+00,0.000000e+00,0.000000e+00,0.000000e+00,0.000000e+00,0.000000e+00,0.000000e+00,0.000000e+00,0.000000e+00,0.000000e+00
1.000000e+00,0.000000e+00,0.000000e+00,0.000000e+00,0.000000e+00,0.000000e+00,0.000000e+00,0.000000e+00,0.000000e+00,0.000000e+00,0.000000e+00,0.000000e+00,0.000000e+00,0.000000e+00,0.000000e+00
1.000000e+00,0.000000e+00,0.000000e+00,0.000000e+00,0.000000e+00,0.000000e+00,0.000000e+00,0.000000e+00,0.000000e+00,0.000000e+00,0.000000e+00,0.000000e+00,0.000000e+00,0.000000e+00,0.000000e+00
1.000000e+00,0.000000e+00,0.000000e+00,0.000000e+00,0.000000e+00,0.000000e+00,0.000000e+00,0.000000e+00,0.000000e+00,0.000000e+00,0.000000e+00,0.000000e+00,0.000000e+00,0.000000e+00,0.000000e+00
1.000000e+00,0.000000e+00,0.000000e+00,0.000000e+00,0.000000e+00,0.000000e+00,0.000000e+00,0.000000e+00,0.000000e+00,0.000000e+00,0.000000e+00,0.000000e+00,0.000000e+00,0.000000e+00,0.000000e+00
1.000000e+00,0.000000e+00,0.000000e+00,0.000000e+00,0.000000e+00,0.000000e+00,0.000000e+00,0.000000e+00,0.000000e+00,0.000000e+00,0.000000e+00,0.000000e+00,0.000000e+00,0.000000e+00,0.000000e+00
1.000000e+00,0.000000e+00,0.000000e+00,0.000000e+00,0.000000e+00,0.000000e+00,0.000000e+00,0.000000e+00,0.000000e+00,0.000000e+00,0.000000e+00,0.000000e+00,0.000000e+00,0.000000e+00,0.000000e+00
1.000000e+00,0.000000e+00,0.000000e+00,0.000000e+00,0.000000e+00,0.000000e+00,0.000000e+00,0.000000e+00,0.000000e+00,0.000000e+00,0.000000e+00,0.000000e+00,0.000000e+00,0.000000e+00,0.000000e+00
1.000000e+00,0.000000e+00,0.000000e+00,0.000000e+00,0.000000e+00,0.000000e+00,0.000000e+00,0.000000e+00,0.000000e+00,0.000000e+00,0.000000e+00,0.000000e+00,0.000000e+00,0.000000e+00,0.000000e+00
1.000000e+00,0.000000e+00,0.000000e+00,0.000000e+00,0.000000e+00,0.000000e+00,0.000000e+00,0.000000e+00,0.000000e+00,0.000000e+00,0.000000e+00,0.000000e+00,0.000000e+00,0.000000e+00,0.000000e+00
1.000000e+00,0.000000e+00,0.000000e+00,0.000000e+00,0.000000e+00,0.000000e+00,0.000000e+00,0.000000e+00,0.000000e+00,0.000000e+00,0.000000e+00,0.000000e+00,0.000000e+00,0.000000e+00,0.000000e+00
1.000000e+00,0.000000e+00,0.000000e+00,0.000000e+00,0.000000e+00,0.000000e+00,0.000000e+00,0.000000e+00,0.000000e+00,0.000000e+00,0.000000e+00,0.000000e+00,0.000000e+00,0.000000e+00,0.000000e+00
1.000000e+00,0.000000e+00,0.000000e+00,0.000000e+00,0.000000e+00,0.000000e+00,0.000000e+00,0.000000e+00,0.000000e+00,0.000000e+00,0.000000e+00,0.000000e+00,0.000000e+00,0.000000e+00,0.000000e+00
1.000000e+00,0.000000e+00,0.000000e+00,0.000000e+00,0.000000e+00,0.000000e+00,0.000000e+00,0.000000e+00,0.000000e+00,0.000000e+00,0.000000e+00,0.000000e+00,0.000000e+00,0.000000e+00,0.000000e+00
1.000000e+00,0.000000e+00,0.000000e+00,0.000000e+00,0.000000e+00,0.000000e+00,0.000000e+00,0.000000e+00,0.000000e+00,0.000000e+00,0.000000e+00,0.000000e+00,0.000000e+00,0.000000e+00,0.000000e+00
1.000000e+00,0.000000e+00,0.000000e+00,0.000000e+00,0.000000e+00,0.000000e+00,0.000000e+00,0.000000e+00,0.000000e+00,0.000000e+00,0.000000e+00,0.000000e+00,0.000000e+00,0.000000e+00,0.000000e+00
1.000000e+00,0.000000e+00,0.000000e+00,0.000000e+00,0.000000e+00,0.000000e+00,0.000000e+00,0.000000e+00,0.000000e+00,0.000000e+00,0.000000e+00,0.000000e+00,0.000000e+00,0.000000e+00,0.000000e+00
1.000000e+00,0.000000e+00,0.000000e+00,0.000000e+00,0.000000e+00,0.000000e+00,0.000000e+00,0.000000e+00,0.000000e+00,0.000000e+00,0.000000e+00,0.000000e+00,0.000000e+00,0.000000e+00,0.000000e+00
1.000000e+00,0.000000e+00,0.000000e+00,0.000000e+00,0.000000e+00,0.000000e+00,0.000000e+00,0.000000e+00,0.000000e+00,0.000000e+00,0.000000e+00,0.000000e+00,0.000000e+00,0.000000e+00,0.000000e+00
1.000000e+00,0.000000e+00,0.000000e+00,0.000000e+00,0.000000e+00,0.000000e+00,0.000000e+00,0.000000e+00,0.000000e+00,0.000000e+00,0.000000e+00,0.000000e+00,0.000000e+00,0.000000e+00,0.000000e+00
1.000000e+00,0.000000e+00,0.000000e+00,0.000000e+00,0.000000e+00,0.000000e+00,0.000000e+00,0.000000e+00,0.000000e+00,0.000000e+00,0.000000e+00,0.000000e+00,0.000000e+00,0.000000e+00,0.000000e+00
1.000000e+00,0.000000e+00,0.000000e+00,0.000000e+00,0.000000e+00,0.000000e+00,0.000000e+00,0.000000e+00,0.000000e+00,0.000000e+00,0.000000e+00,0.000000e+00,0.000000e+00,0.000000e+00,0.000000e+00
1.000000e+00,0.000000e+00,0.000000e+00,0.000000e+00,0.000000e+00,0.000000e+00,0.000000e+00,0.000000e+00,0.000000e+00,0.000000e+00,0.000000e+00,0.000000e+00,0.000000e+00,0.000000e+00,0.000000e+00
1.000000e+00,0.000000e+00,0.000000e+00,0.000000e+00,0.000000e+00,0.000000e+00,0.000000e+00,0.000000e+00,0.000000e+00,0.000000e+00,0.000000e+00,0.000000e+00,0.000000e+00,0.000000e+00,0.000000e+00
1.000000e+00,0.000000e+00,0.000000e+00,0.000000e+00,0.000000e+00,0.000000e+00,0.000000e+00,0.000000e+00,0.000000e+00,0.000000e+00,0.000000e+00,0.000000e+00,0.000000e+00,0.000000e+00,0.000000e+00
1.000000e+00,0.000000e+00,0.000000e+00,0.000000e+00,0.000000e+00,0.000000e+00,0.000000e+00,0.000000e+00,0.000000e+00,0.000000e+00,0.000000e+00,0.000000e+00,0.000000e+00,0.000000e+00,0.000000e+00
1.000000e+00,0.000000e+00,0.000000e+00,0.000000e+00,0.000000e+00,0.000000e+00,0.000000e+00,0.000000e+00,0.000000e+00,0.000000e+00,0.000000e+00,0.000000e+00,0.000000e+00,0.000000e+00,0.000000e+00
1.000000e+00,0.000000e+00,0.000000e+00,0.000000e+00,0.000000e+00,0.000000e+00,0.000000e+00,0.000000e+00,0.000000e+00,0.000000e+00,0.000000e+00,0.000000e+00,0.000000e+00,0.000000e+00,0.000000e+00
1.000000e+00,0.000000e+00,0.000000e+00,0.000000e+00,0.000000e+00,0.000000e+00,0.000000e+00,0.000000e+00,0.000000e+00,0.000000e+00,0.000000e+00,0.000000e+00,0.000000e+00,0.000000e+00,0.000000e+00
1.000000e+00,0.000000e+00,0.000000e+00,0.000000e+00,0.000000e+00,0.000000e+00,0.000000e+00,0.000000e+00,0.000000e+00,0.000000e+00,0.000000e+00,0.000000e+00,0.000000e+00,0.000000e+00,0.000000e+00
1.000000e+00,0.000000e+00,0.000000e+00,0.000000e+00,0.000000e+00,0.000000e+00,0.000000e+00,0.000000e+00,0.000000e+00,0.000000e+00,0.000000e+00,0.000000e+00,0.000000e+00,0.000000e+00,0.000000e+00
1.000000e+00,0.000000e+00,0.000000e+00,0.000000e+00,0.000000e+00,0.000000e+00,0.000000e+00,0.000000e+00,0.000000e+00,0.000000e+00,0.000000e+00,0.000000e+00,0.000000e+00,0.000000e+00,0.000000e+00
1.000000e+00,0.000000e+00,0.000000e+00,0.000000e+00,0.000000e+00,0.000000e+00,0.000000e+00,0.000000e+00,0.000000e+00,0.000000e+00,0.000000e+00,0.000000e+00,0.000000e+00,0.000000e+00,0.000000e+00
1.000000e+00,0.000000e+00,0.000000e+00,0.000000e+00,0.000000e+00,0.000000e+00,0.000000e+00,0.000000e+00,0.000000e+00,0.000000e+00,0.000000e+00,0.000000e+00,0.000000e+00,0.000000e+00,0.000000e+00
1.000000e+00,0.000000e+00,0.000000e+00,0.000000e+00,0.000000e+00,0.000000e+00,0.000000e+00,0.000000e+00,0.000000e+00,0.000000e+00,0.000000e+00,0.000000e+00,0.000000e+00,0.000000e+00,0.000000e+00
1.000000e+00,0.000000e+00,0.000000e+00,0.000000e+00,0.000000e+00,0.000000e+00,0.000000e+00,0.000000e+00,0.000000e+00,0.000000e+00,0.000000e+00,0.000000e+00,0.000000e+00,0.000000e+00,0.000000e+00
1.000000e+00,0.000000e+00,0.000000e+00,0.000000e+00,0.000000e+00,0.000000e+00,0.000000e+00,0.000000e+00,0.000000e+00,0.000000e+00,0.000000e+00,0.000000e+00,0.000000e+00,0.000000e+00,0.000000e+00
1.000000e+00,0.000000e+00,0.000000e+00,0.000000e+00,0.000000e+00,0.000000e+00,0.000000e+00,0.000000e+00,0.000000e+00,0.000000e+00,0.000000e+00,0.000000e+00,0.000000e+00,0.000000e+00,0.000000e+00
1.000000e+00,0.000000e+00,0.000000e+00,0.000000e+00,0.000000e+00,0.000000e+00,0.000000e+00,0.000000e+00,0.000000e+00,0.000000e+00,0.000000e+00,0.000000e+00,0.000000e+00,0.000000e+00,0.000000e+00
1.000000e+00,0.000000e+00,0.000000e+00,0.000000e+00,0.000000e+00,0.000000e+00,0.000000e+00,0.000000e+00,0.000000e+00,0.000000e+00,0.000000e+00,0.000000e+00,0.000000e+00,0.000000e+00,0.000000e+00
1.000000e+00,0.000000e+00,0.000000e+00,0.000000e+00,0.000000e+00,0.000000e+00,0.000000e+00,0.000000e+00,0.000000e+00,0.000000e+00,0.000000e+00,0.000000e+00,0.000000e+00,0.000000e+00,0.000000e+00
1.000000e+00,0.000000e+00,0.000000e+00,0.000000e+00,0.000000e+00,0.000000e+00,0.000000e+00,0.000000e+00,0.000000e+00,0.000000e+00,0.000000e+00,0.000000e+00,0.000000e+00,0.000000e+00,0.000000e+00
1.000000e+00,0.000000e+00,0.000000e+00,0.000000e+00,0.000000e+00,0.000000e+00,0.000000e+00,0.000000e+00,0.000000e+00,0.000000e+00,0.000000e+00,0.000000e+00,0.000000e+00,0.000000e+00,0.000000e+00
1.000000e+00,0.000000e+00,0.000000e+00,0.000000e+00,0.000000e+00,0.000000e+00,0.000000e+00,0.000000e+00,0.000000e+00,0.000000e+00,0.000000e+00,0.000000e+00,0.000000e+00,0.000000e+00,0.000000e+00
1.000000e+00,0.000000e+00,0.000000e+00,0.000000e+00,0.000000e+00,0.000000e+00,0.000000e+00,0.000000e+00,0.000000e+00,0.000000e+00,0.000000e+00,0.000000e+00,0.000000e+00,0.000000e+00,0.000000e+00
1.000000e+00,0.000000e+00,0.000000e+00,0.000000e+00,0.000000e+00,0.000000e+00,0.000000e+00,0.000000e+00,0.000000e+00,0.000000e+00,0.000000e+00,0.000000e+00,0.000000e+00,0.000000e+00,0.000000e+00
1.000000e+00,0.000000e+00,0.000000e+00,0.000000e+00,0.000000e+00,0.000000e+00,0.000000e+00,0.000000e+00,0.000000e+00,0.000000e+00,0.000000e+00,0.000000e+00,0.000000e+00,0.000000e+00,0.000000e+00
1.000000e+00,0.000000e+00,0.000000e+00,0.000000e+00,0.000000e+00,0.000000e+00,0.000000e+00,0.000000e+00,0.000000e+00,0.000000e+00,0.000000e+00,0.000000e+00,0.000000e+00,0.000000e+00,0.000000e+00
1.000000e+00,0.000000e+00,0.000000e+00,0.000000e+00,0.000000e+00,0.000000e+00,0.000000e+00,0.000000e+00,0.000000e+00,0.000000e+00,0.000000e+00,0.000000e+00,0.000000e+00,0.000000e+00,0.000000e+00
1.000000e+00,0.000000e+00,0.000000e+00,0.000000e+00,0.000000e+00,0.000000e+00,0.000000e+00,0.000000e+00,0.000000e+00,0.000000e+00,0.000000e+00,0.000000e+00,0.000000e+00,0.000000e+00,0.000000e+00
1.000000e+00,0.000000e+00,0.000000e+00,0.000000e+00,0.000000e+00,0.000000e+00,0.000000e+00,0.000000e+00,0.000000e+00,0.000000e+00,0.000000e+00,0.000000e+00,0.000000e+00,0.000000e+00,0.000000e+00
1.000000e+00,0.000000e+00,0.000000e+00,0.000000e+00,0.000000e+00,0.000000e+00,0.000000e+00,0.000000e+00,0.000000e+00,0.000000e+00,0.000000e+00,0.000000e+00,0.000000e+00,0.000000e+00,0.000000e+00
1.000000e+00,0.000000e+00,0.000000e+00,0.000000e+00,0.000000e+00,0.000000e+00,0.000000e+00,0.000000e+00,0.000000e+00,0.000000e+00,0.000000e+00,0.000000e+00,0.000000e+00,0.000000e+00,0.000000e+00
1.000000e+00,0.000000e+00,0.000000e+00,0.000000e+00,0.000000e+00,0.000000e+00,0.000000e+00,0.000000e+00,0.000000e+00,0.000000e+00,0.000000e+00,0.000000e+00,0.000000e+00,0.000000e+00,0.000000e+00
1.000000e+00,0.000000e+00,0.000000e+00,0.000000e+00,0.000000e+00,0.000000e+00,0.000000e+00,0.000000e+00,0.000000e+00,0.000000e+00,0.000000e+00,0.000000e+00,0.000000e+00,0.000000e+00,0.000000e+00
4.198502e-01,6.706150e-03,3.299531e-01,3.790974e-02,2.491564e-03,1.255532e-02,4.725864e-03,6.352983e-02,2.099949e-03,1.046361e-02,7.524700e-02,1.454614e-02,6.780607e-03,5.077736e-03,8.063173e-03
2.939757e-01,4.975618e-03,3.680509e-01,5.172467e-02,1.764738e-03,8.923617e-03,3.327875e-03,4.571066e-02,2.080407e-03,1.356474e-02,1.492308e-01,1.513929e-02,5.050466e-03,3.035456e-02,6.125949e-03
2.058371e-01,3.660757e-03,3.207248e-01,3.794554e-02,1.249088e-03,6.286073e-03,2.332143e-03,3.225481e-02,1.802757e-03,1.330732e-02,3.041891e-01,1.650577e-02,3.723171e-03,4.544872e-02,4.732842e-03
1.441342e-01,2.753911e-03,2.270470e-01,2.701392e-02,9.688572e-04,4.529887e-03,1.649346e-03,2.266518e-02,1.502864e-03,1.027995e-02,4.569811e-01,3.606187e-02,2.780720e-03,5.821563e-02,3.415532e-03
1.009282e-01,2.019512e-03,1.593760e-01,1.971242e-02,9.982956e-04,3.523171e-03,1.226565e-03,1.591565e-02,1.720011e-03,8.439092e-03,5.610994e-01,6.957714e-02,2.154124e-03,5.084132e-02,2.469197e-03
7.069103e-02,1.599476e-03,1.117892e-01,1.464530e-02,1.365294e-03,2.971883e-03,9.680684e-04,1.119282e-02,1.682433e-03,7.272074e-03,6.372650e-01,8.884738e-02,1.863199e-03,4.599154e-02,1.855311e-03
4.953110e-02,1.268204e-03,7.839170e-02,1.043992e-02,1.173433e-03,3.615740e-03,7.193973e-04,7.855318e-03,1.527233e-03,6.065594e-03,7.105456e-01,8.758640e-02,1.575008e-03,3.816333e-02,1.542078e-03
3.472766e-02,1.047333e-03,5.498607e-02,7.612248e-03,1.066940e-03,3.233386e-03,5.166302e-04,5.511557e-03,1.828958e-03,5.064157e-03,7.575465e-01,9.102131e-02,1.242686e-03,3.300002e-02,1.594558e-03
2.434602e-02,8.661721e-04,3.854091e-02,5.710255e-03,1.283844e-03,2.849645e-03,3.802642e-04,3.871005e-03,2.188637e-03,4.410663e-03,7.970324e-01,8.643179e-02,9.877979e-04,2.947496e-02,1.625703e-03
1.708202e-02,7.244155e-04,2.699849e-02,4.157722e-03,2.132029e-03,2.289410e-03,2.806486e-04,2.727735e-03,2.100818e-03,4.049551e-03,8.079976e-01,1.017608e-01,8.149701e-04,2.533616e-02,1.547708e-03
1.198656e-02,6.296484e-04,1.891041e-02,3.067361e-03,1.936791e-03,1.823272e-03,2.143261e-04,1.918915e-03,1.862318e-03,3.896546e-03,8.284918e-01,1.004629e-01,6.847305e-04,2.244719e-02,1.667323e-03
8.423336e-03,5.499833e-04,1.325083e-02,2.183544e-03,1.798734e-03,1.359313e-03,2.030001e-04,1.355365e-03,1.604518e-03,3.921333e-03,8.281344e-01,1.141201e-01,5.791802e-04,2.115716e-02,1.359312e-03
5.919987e-03,4.321771e-04,9.281513e-03,1.544127e-03,1.508837e-03,1.041712e-03,1.955623e-04,9.562602e-04,1.270375e-03,3.074900e-03,8.408350e-01,1.159828e-01,5.359818e-04,1.641743e-02,1.003400e-03
4.217822e-03,5.157338e-04,6.535402e-03,1.101784e-03,1.750424e-03,1.090586e-03,6.013966e-04,7.436445e-04,1.144498e-03,2.470479e-03,8.549558e-01,1.104538e-01,4.786693e-04,1.309364e-02,8.463180e-04
3.135451e-03,7.530392e-04,4.651967e-03,8.017736e-04,2.098696e-03,1.837924e-03,1.308672e-03,7.183333e-04,1.181982e-03,2.506523e-03,8.562360e-01,1.113668e-01,4.946970e-04,1.160042e-02,1.307660e-03
2.484405e-03,7.621578e-04,3.311143e-03,5.899268e-04,2.107149e-03,2.504103e-03,1.457645e-03,7.057909e-04,1.154948e-03,2.195243e-03,8.779923e-01,9.395426e-02,6.340150e-04,8.815179e-03,1.331784e-03
1.803040e-03,8.594310e-04,2.422204e-03,4.484253e-04,2.237641e-03,4.502316e-03,1.464200e-03,6.099553e-04,1.279929e-03,1.884597e-03,8.975222e-01,7.599023e-02,8.995121e-04,6.581037e-03,1.495335e-03
1.290689e-03,1.134669e-03,1.965353e-03,3.616534e-04,2.957343e-03,6.197780e-03,1.519419e-03,4.965799e-04,1.366507e-03,1.452625e-03,9.169424e-01,5.672091e-02,1.156381e-03,4.884116e-03,1.553636e-03
9.990265e-04,1.281680e-02,8.321647e-03,2.574671e-03,1.154439e-02,1.414875e-02,1.977927e-03,4.658062e-04,2.149023e-03,1.192617e-03,8.884014e-01,4.418142e-02,3.618954e-03,3.781061e-03,3.826584e-03
9.302216e-04,2.087650e-02,2.884927e-02,4.925356e-03,2.208255e-02,2.212638e-02,6.505027e-03,2.873489e-03,2.669373e-03,1.403774e-03,8.339633e-01,3.385386e-02,4.297746e-03,3.031010e-03,1.161214e-02
1.037770e-03,1.894635e-02,3.434925e-02,4.877910e-03,2.798979e-02,3.655034e-02,9.579916e-03,8.069408e-03,2.817668e-03,1.349611e-03,8.029217e-01,2.970324e-02,4.261766e-03,2.443331e-03,1.510194e-02
1.780393e-03,6.751123e-02,1.864364e-01,5.337616e-03,2.752430e-02,4.075695e-02,1.158954e-02,6.934929e-03,3.653724e-03,1.243727e-03,6.054646e-01,2.346965e-02,3.188752e-03,1.833440e-03,1.327479e-02
3.514228e-03,7.437902e-02,2.867861e-01,6.264464e-03,3.297956e-02,3.554887e-02,8.729518e-03,6.199439e-03,4.897150e-03,1.147612e-03,4.972501e-01,1.812928e-02,2.350651e-03,1.370423e-03,2.045359e-02
4.701065e-03,5.524002e-02,4.644884e-01,9.205637e-03,2.799162e-02,2.666772e-02,6.322763e-03,5.730187e-03,4.149247e-03,8.593033e-04,3.617675e-01,1.351245e-02,1.707300e-03,1.016255e-03,1.664053e-02
1.380255e-02,5.323993e-02,4.770113e-01,1.192318e-02,4.266646e-02,2.168709e-02,4.889894e-03,5.026116e-03,1.383640e-02,7.302228e-04,3.242551e-01,1.467091e-02,1.446722e-03,9.998524e-04,1.381429e-02
1.883652e-02,5.353126e-02,4.447954e-01,2.515002e-02,9.195489e-02,2.068747e-02,3.790775e-03,5.125794e-03,1.961066e-02,7.562308e-04,2.871103e-01,1.303187e-02,1.371649e-03,1.057558e-03,1.318960e-02
2.975611e-02,7.007897e-02,3.513806e-01,4.913265e-02,1.565260e-01,3.918383e-02,4.296135e-03,1.626481e-02,3.774264e-02,8.243124e-04,2.091509e-01,1.126433e-02,8.460019e-03,1.137861e-03,1.480079e-02
4.942185e-02,5.320086e-02,2.687390e-01,4.642635e-02,2.004345e-01,5.075814e-02,7.365275e-03,8.161628e-02,3.512584e-02,7.270653e-04,1.505636e-01,9.498344e-03,3.296131e-02,1.525276e-03,1.163632e-02
4.864506e-02,3.754303e-02,1.974686e-01,3.343417e-02,1.712527e-01,4.463969e-02,7.707390e-03,2.835324e-01,2.643989e-02,6.172397e-04,1.071971e-01,7.966378e-03,2.392084e-02,1.356067e-03,8.279480e-03
6.590875e-02,2.700220e-02,1.408395e-01,2.516470e-02,2.714537e-01,4.194521e-02,9.723796e-03,2.765745e-01,2.008749e-02,6.354430e-04,8.167783e-02,8.144599e-03,2.245884e-02,1.267030e-03,7.116439e-03
6.295192e-02,1.955075e-02,9.978433e-02,2.348071e-02,2.262348e-01,4.308713e-02,1.524696e-02,2.592022e-01,1.812576e-02,1.832984e-03,1.431276e-01,1.591151e-02,6.122957e-02,1.227408e-03,9.006341e-03
4.622991e-02,1.399142e-02,7.067156e-02,1.847904e-02,1.703167e-01,3.773011e-02,3.009202e-02,1.913811e-01,1.513091e-02,2.719058e-02,1.651845e-01,4.870356e-02,1.530110e-01,1.844668e-03,1.004293e-02
3.618148e-02,9.991552e-03,5.006802e-02,1.443354e-02,1.326965e-01,3.733442e-02,6.505419e-02,1.404355e-01,1.495378e-02,2.783339e-02,1.336421e-01,1.698471e-01,1.552296e-01,3.095866e-03,9.202968e-03
2.803911e-02,7.302559e-03,3.530172e-02,1.119278e-02,9.496816e-02,2.823010e-02,4.987275e-02,9.871826e-02,1.438695e-02,7.195110e-02,1.192781e-01,2.751596e-01,1.539529e-01,4.311923e-03,7.333889e-03
2.037453e-02,5.507280e-03,2.478690e-02,7.925687e-03,6.655888e-02,2.044300e-02,4.334290e-02,6.917822e-02,1.523787e-02,6.696379e-02,1.497769e-01,3.536278e-01,1.474809e-01,3.275962e-03,5.519371e-03
1.464798e-02,4.408219e-03,1.741516e-02,5.642456e-03,4.670972e-02,1.544956e-02,3.503166e-02,4.849216e-02,1.854640e-02,7.511707e-02,1.506240e-01,4.278447e-01,1.330959e-01,2.671839e-03,4.303186e-03
1.123364e-02,3.772051e-03,1.250996e-02,4.068873e-03,3.361598e-02,3.340963e-02,2.539735e-02,3.675860e-02,3.155664e-02,8.501706e-02,1.684406e-01,4.254065e-01,1.234141e-01,2.168999e-03,3.230074e-03
8.215036e-03,3.118233e-03,8.821967e-03,2.926182e-03,2.420687e-02,3.063493e-02,1.813894e-02,2.613081e-02,3.197809e-02,7.017978e-02,1.797717e-01,4.870860e-01,1.044784e-01,1.880486e-03,2.432540e-03
6.353634e-03,2.649812e-03,6.237830e-03,2.158042e-03,1.802842e-02,4.653488e-02,1.282143e-02,1.858775e-02,2.554980e-02,6.171642e-02,1.643216e-01,5.441327e-01,8.731570e-02,1.774523e-03,1.817404e-03
4.843338e-03,1.893399e-03,4.378692e-03,1.572888e-03,1.734408e-02,3.511288e-02,9.014259e-03,1.317023e-02,2.100527e-02,4.431114e-02,1.281128e-01,6.455651e-01,7.089817e-02,1.489938e-03,1.287781e-03
3.755908e-03,1.352089e-03,3.085644e-03,1.161774e-03,2.128462e-02,2.583365e-02,6.346452e-03,9.400590e-03,1.751506e-02,3.157125e-02,9.864727e-02,7.227830e-01,5.503044e-02,1.312927e-03,9.193201e-04
3.770896e-03,9.857727e-04,2.209926e-03,9.207004e-04,3.106898e-02,1.943609e-02,4.506771e-03,6.950856e-03,1.598471e-02,2.250159e-02,7.813686e-02,7.704818e-01,4.122746e-02,1.159393e-03,6.581853e-04
3.691826e-03,7.511942e-04,1.606504e-03,7.159846e-04,1.129372e-01,1.414526e-02,3.366684e-03,5.286382e-03,2.375168e-02,1.607841e-02,5.850902e-02,7.266392e-01,3.108960e-02,9.566328e-04,4.744281e-04
3.191135e-03,5.817215e-04,1.205401e-03,5.317089e-04,1.170343e-01,1.032678e-02,2.474099e-03,3.955101e-03,2.355759e-02,1.156719e-02,4.273269e-02,7.588180e-01,2.294960e-02,7.381699e-04,3.365021e-04
3.266779e-03,5.163806e-04,8.796524e-04,3.816954e-04,9.632522e-02,1.024290e-02,1.911880e-03,3.044686e-03,2.193816e-02,8.290693e-03,3.392320e-02,8.001226e-01,1.832991e-02,5.842269e-04,2.420430e-04
3.154633e-03,4.488377e-04,6.329845e-04,2.757689e-04,8.391209e-02,9.072648e-03,1.534855e-03,2.300770e-03,2.787481e-02,5.928292e-03,2.669361e-02,8.225273e-01,1.499716e-02,4.694635e-04,1.768348e-04
3.848270e-03,5.568455e-04,5.603525e-04,2.016387e-04,1.686311e-01,8.611039e-02,1.968046e-03,1.873438e-03,2.702641e-02,4.306599e-03,1.994174e-02,6.721899e-01,1.229297e-02,3.625791e-04,1.297466e-04
3.434659e-03,4.465567e-04,4.312278e-04,1.449276e-04,1.694474e-01,1.231656e-01,1.828203e-03,1.473852e-03,2.339621e-02,3.082793e-03,1.440507e-02,6.488892e-01,9.476974e-03,2.822678e-04,9.505776e-05
3.711654e-03,3.751775e-04,3.848221e-04,1.058911e-04,2.062546e-01,1.229334e-01,1.930121e-03,1.925689e-03,2.433537e-02,2.212216e-03,1.034953e-02,6.179634e-01,7.222858e-03,2.260077e-04,6.926699e-05
4.641850e-03,4.168493e-04,5.466455e-04,8.827902e-05,2.822758e-01,1.239134e-01,2.331628e-03,5.228374e-03,2.718539e-02,1.620035e-03,7.976202e-03,5.379197e-01,5.567003e-03,2.320907e-04,5.675462e-05
5.814354e-03,4.547780e-04,6.948649e-04,7.714676e-05,3.219496e-01,1.266421e-01,2.705591e-03,8.857893e-03,3.017041e-02,1.234961e-03,6.438341e-03,4.900064e-01,4.639999e-03,2.631556e-04,5.033775e-05
8.049568e-03,6.062743e-04,7.466475e-04,1.414254e-04,4.094847e-01,1.131368e-01,3.146856e-03,1.857040e-02,3.197562e-02,9.471193e-04,5.872349e-03,3.944626e-01,1.247929e-02,3.019915e-04,7.826612e-05
1.337946e-02,6.667916e-04,6.814310e-04,1.953769e-04,3.241378e-01,1.276610e-01,2.755767e-03,1.968763e-02,3.181994e-02,7.774211e-04,8.533939e-03,4.555661e-01,1.326011e-02,3.384592e-04,5.387129e-04
2.479447e-02,8.566417e-04,6.416237e-04,3.233661e-04,2.939062e-01,1.316878e-01,3.110021e-03,2.354609e-02,3.402455e-02,6.075246e-04,1.025571e-02,4.645538e-01,1.031710e-02,5.227188e-04,8.523129e-04
3.364919e-02,1.528516e-03,1.262352e-03,8.642784e-04,2.707977e-01,1.131107e-01,5.256984e-03,9.005325e-02,5.321423e-02,5.744669e-04,9.180609e-03,4.104779e-01,8.576634e-03,5.385062e-04,9.147413e-04
2.944058e-02,1.633362e-03,1.470245e-03,7.307577e-04,2.210659e-01,8.539201e-02,6.854963e-03,2.692685e-01,5.085461e-02,4.648822e-04,7.037655e-03,3.184300e-01,6.201218e-03,4.486369e-04,7.066866e-04
2.173579e-02,1.226886e-03,1.681317e-03,6.410544e-04,1.596750e-01,6.089733e-02,6.917180e-03,4.769897e-01,3.630206e-02,3.337863e-04,4.980321e-03,2.234182e-01,4.379903e-03,3.205616e-04,5.008694e-04
1.583359e-02,8.827257e-04,1.329605e-03,4.783976e-04,1.154094e-01,4.389198e-02,5.708593e-03,6.268749e-01,2.564849e-02,2.349452e-04,3.506314e-03,1.565501e-01,3.070999e-03,2.287985e-04,3.512358e-04
1.291347e-02,6.717881e-04,1.018757e-03,4.123210e-04,9.361680e-02,3.306346e-02,4.538490e-03,7.206575e-01,1.818007e-02,1.692254e-04,2.495894e-03,1.096833e-01,2.160684e-03,1.687809e-04,2.494911e-04
1.025581e-02,5.499850e-04,7.875705e-04,3.546854e-04,7.107100e-02,2.333186e-02,3.319980e-03,7.968595e-01,1.291154e-02,1.210014e-04,1.760625e-03,7.680291e-02,1.538473e-03,1.508472e-04,1.841965e-04
8.644690e-03,4.811532e-04,6.271900e-04,3.442462e-04,5.312821e-02,1.648538e-02,2.388452e-03,8.522367e-01,9.157389e-03,8.602309e-05,1.247185e-03,5.378091e-02,1.106304e-03,1.433729e-04,1.427693e-04
8.975192e-03,4.126797e-04,4.830539e-04,3.597320e-04,3.834308e-02,1.171268e-02,1.728165e-03,8.915898e-01,6.690582e-03,6.198154e-05,9.035896e-04,3.767575e-02,8.056917e-04,1.352715e-04,1.228158e-04
9.560388e-03,3.673066e-04,3.832127e-04,3.390764e-04,2.762364e-02,8.331174e-03,1.287697e-03,9.190930e-01,5.055428e-03,4.674117e-05,6.636169e-04,2.640200e-02,6.057979e-04,1.264418e-04,1.145256e-04
1.427563e-02,4.266622e-04,3.972074e-04,4.309426e-04,2.029158e-02,6.285724e-03,1.184653e-03,9.319497e-01,4.443568e-03,3.862653e-05,5.892453e-04,1.874729e-02,6.252651e-04,1.622187e-04,1.517643e-04
1.899394e-02,5.835783e-04,6.249065e-04,5.405465e-04,1.548129e-02,4.901083e-03,1.307158e-03,9.392189e-01,3.612278e-03,4.253480e-05,4.961634e-04,1.326289e-02,5.828900e-04,1.775046e-04,1.744118e-04
2.594828e-02,5.883351e-04,8.609312e-04,6.507711e-04,1.218642e-02,4.022882e-03,1.748543e-03,9.398188e-01,3.356822e-03,4.737474e-05,4.112960e-04,9.448295e-03,5.283578e-04,1.968774e-04,1.860386e-04
3.955732e-02,9.061616e-04,1.238997e-03,9.288338e-04,1.011209e-02,3.462706e-03,1.876462e-03,9.297336e-01,3.573993e-03,1.046459e-04,4.041270e-04,7.031205e-03,5.469969e-04,1.952556e-04,3.276613e-04
4.323602e-02,8.839915e-04,1.360844e-03,1.014516e-03,7.904336e-03,2.701465e-03,1.744115e-03,9.315829e-01,3.028300e-03,1.108957e-04,3.439531e-04,5.120376e-03,4.714658e-04,1.674308e-04,3.293968e-04
8.142794e-02,9.439794e-04,2.010046e-03,1.231734e-03,6.621232e-03,3.710103e-03,4.569492e-03,8.891714e-01,2.877926e-03,1.942455e-04,4.522242e-04,4.978840e-03,8.765323e-04,2.093106e-04,7.250443e-04
1.223029e-01,1.026793e-03,1.861061e-03,1.283313e-03,6.127727e-03,4.792219e-03,4.386049e-03,8.468635e-01,2.325146e-03,3.171231e-04,6.362755e-04,5.174306e-03,1.493356e-03,2.800249e-04,1.130186e-03
1.535636e-01,9.871484e-04,1.786096e-03,1.404634e-03,5.922922e-03,4.952740e-03,4.517822e-03,8.142362e-01,1.906171e-03,4.226725e-04,7.513320e-04,5.685789e-03,2.107091e-03,3.466851e-04,1.409089e-03
1.727430e-01,1.009936e-03,1.607491e-03,1.282901e-03,5.006158e-03,5.236020e-03,3.807893e-03,7.956542e-01,1.689834e-03,4.197489e-04,1.040749e-03,5.390296e-03,3.172422e-03,3.780294e-04,1.561294e-03
1.447571e-01,7.949917e-04,1.223245e-03,1.040221e-03,4.028663e-03,3.948126e-03,2.787811e-03,8.307230e-01,1.294726e-03,3.135960e-04,8.220050e-04,4.093680e-03,2.633072e-03,2.893269e-04,1.250336e-03
1.327490e-01,6.426644e-04,9.909786e-04,8.889282e-04,3.306315e-03,3.017051e-03,2.004855e-03,8.481334e-01,9.630666e-04,2.255845e-04,6.351573e-04,3.104917e-03,2.139760e-03,2.198032e-04,9.784938e-04
1.227015e-01,5.486929e-04,8.257879e-04,8.586267e-04,3.076581e-03,2.391766e-03,1.459389e-03,8.616871e-01,7.022051e-04,1.653309e-04,4.944961e-04,2.359288e-03,1.795084e-03,1.672341e-04,7.668365e-04
1.374656e-01,7.437487e-04,9.588272e-04,1.079013e-03,3.778984e-03,2.886063e-03,1.300823e-03,8.432065e-01,6.162014e-04,1.808869e-04,6.511312e-04,2.847705e-03,2.857128e-03,1.782890e-04,1.248933e-03
1.721977e-01,7.665530e-04,1.003753e-03,1.046450e-03,5.832665e-03,2.956813e-03,1.334924e-03,8.048132e-01,8.329375e-04,2.431649e-04,8.493694e-04,2.994101e-03,3.465905e-03,2.195304e-04,1.442874e-03
2.046290e-01,9.421301e-04,1.105877e-03,1.161144e-03,1.150683e-02,3.047536e-03,1.516776e-03,7.623463e-01,1.493688e-03,4.530768e-04,1.175209e-03,3.685713e-03,4.696330e-03,3.356449e-04,1.904660e-03
3.418698e-01,1.820119e-03,1.618708e-03,2.489127e-03,1.605728e-02,5.031545e-03,1.425271e-03,5.834503e-01,6.098506e-03,3.024992e-03,3.219730e-03,7.098547e-03,1.455183e-02,2.070491e-03,1.017364e-02
3.780363e-01,4.442508e-03,1.315664e-03,3.340689e-03,1.305663e-02,7.129159e-03,1.189239e-03,4.106837e-01,1.339843e-02,7.608989e-03,1.013374e-02,8.932890e-03,3.833854e-02,3.495148e-03,9.889841e-02
3.060296e-01,1.036419e-02,1.083019e-03,3.102516e-03,9.585410e-03,6.052010e-03,8.810234e-04,2.877828e-01,2.951817e-02,6.405606e-03,1.009003e-02,8.055641e-03,4.283509e-02,3.740316e-03,2.744745e-01
2.224228e-01,1.025219e-02,8.402480e-04,2.328194e-03,6.782297e-03,4.413392e-03,6.286105e-04,2.016065e-01,2.656686e-02,4.727248e-03,8.002735e-03,5.905223e-03,3.934295e-02,3.859163e-03,4.623216e-01
1.587545e-01,1.223280e-02,6.521520e-04,1.679156e-03,4.786703e-03,3.163439e-03,4.450479e-04,1.411856e-01,2.293940e-02,3.457477e-03,6.316873e-03,4.280948e-03,3.245233e-02,4.443490e-03,6.032101e-01
1.112214e-01,1.454017e-02,4.869366e-04,1.190309e-03,3.359816e-03,2.283519e-03,3.121499e-04,9.884102e-02,2.031202e-02,2.471866e-03,4.627518e-03,3.034579e-03,2.465400e-02,3.966788e-03,7.086979e-01
7.787279e-02,1.877418e-02,3.569612e-04,8.524338e-04,2.361258e-03,1.777297e-03,2.187088e-04,6.919040e-02,2.822763e-02,1.765110e-03,3.314311e-03,2.150247e-03,1.815584e-02,3.012146e-03,7.719706e-01
5.452522e-02,2.466121e-02,2.664750e-04,6.196720e-04,1.664199e-03,1.436865e-03,1.533697e-04,4.843789e-02,4.136083e-02,1.280499e-03,2.417241e-03,1.552728e-03,1.360619e-02,2.264920e-03,8.057526e-01
3.821545e-02,4.638378e-02,2.279364e-04,4.777960e-04,1.224910e-03,2.425221e-03,1.099321e-04,3.392976e-02,1.095021e-01,9.816651e-04,1.808831e-03,1.180377e-03,1.108460e-02,1.754205e-03,7.506934e-01
2.683111e-02,8.191630e-02,2.189916e-04,3.878856e-04,1.009394e-03,4.577972e-03,8.179232e-05,2.377551e-02,1.956241e-01,7.852291e-04,1.374253e-03,9.510663e-04,9.533509e-03,1.392863e-03,6.515400e-01
1.903447e-02,1.183179e-01,4.042431e-04,7.311410e-04,1.916842e-03,9.909671e-03,1.389636e-04,1.691238e-02,3.421143e-01,7.281669e-04,1.028911e-03,7.417907e-04,1.073711e-02,1.097877e-03,4.761862e-01
1.375753e-02,1.380208e-01,6.899606e-04,4.300056e-03,5.544526e-03,3.373796e-02,3.201037e-04,1.335135e-02,4.279045e-01,1.004703e-03,7.962104e-04,5.888207e-04,2.126651e-02,8.637512e-04,3.378531e-01
1.058904e-02,1.666650e-01,1.578267e-03,6.890561e-03,1.042675e-02,4.035605e-02,5.857993e-04,1.337559e-02,4.694188e-01,1.717169e-03,6.708034e-04,5.087358e-04,3.086831e-02,7.370670e-04,2.456121e-01
7.902844e-03,1.313228e-01,1.253102e-03,5.689438e-03,1.146362e-02,3.247054e-02,4.544746e-04,9.574974e-03,5.717713e-01,2.108395e-03,5.783885e-04,4.139390e-04,3.161228e-02,7.227588e-04,1.926611e-01
8.512679e-03,1.015368e-01,1.187030e-03,4.862552e-03,1.650954e-02,2.794050e-02,4.224557e-04,7.296977e-03,6.281169e-01,1.777221e-03,5.682253e-04,4.339898e-04,5.003733e-02,8.906380e-04,1.499071e-01
8.043211e-03,7.964908e-02,2.088536e-03,7.027213e-03,1.227788e-02,2.027870e-02,3.697538e-04,5.261697e-03,6.834118e-01,2.356092e-03,9.012630e-04,1.052735e-03,4.287818e-02,8.865447e-04,1.335172e-01
7.065319e-03,6.256445e-02,1.348889e-02,1.495013e-02,9.155302e-03,1.578673e-02,3.717496e-04,3.995892e-03,6.687289e-01,4.097038e-03,5.900969e-03,3.537436e-03,5.472304e-02,1.124054e-03,1.345101e-01
6.387881e-03,4.794298e-02,1.842060e-02,1.719784e-02,6.990065e-03,1.283702e-02,4.441653e-04,3.356653e-03,5.737951e-01,6.931674e-03,2.628080e-02,1.134114e-02,1.078371e-01,2.919629e-03,1.573173e-01
6.848580e-03,3.473719e-02,1.635085e-02,1.569519e-02,8.817645e-03,1.014527e-02,1.548155e-03,4.289865e-02,4.108073e-01,7.008826e-03,1.427647e-01,1.621919e-02,1.169675e-01,2.908853e-03,1.662820e-01
8.609951e-03,3.030093e-02,1.953241e-02,1.928833e-02,1.022429e-02,1.294657e-02,3.204385e-03,5.490774e-02,3.289154e-01,6.780910e-03,1.592254e-01,1.582344e-02,1.168139e-01,4.121240e-03,2.093051e-01
6.514707e-03,2.683165e-02,1.671859e-02,1.628643e-02,7.346752e-03,1.047251e-02,2.287218e-03,3.875140e-02,4.665481e-01,8.066818e-03,1.129106e-01,1.140890e-02,9.008791e-02,3.732736e-03,1.820356e-01
5.177965e-03,2.258007e-02,1.484850e-02,1.553404e-02,5.919890e-03,1.535444e-02,1.816155e-03,3.124591e-02,5.316633e-01,6.395231e-03,8.283128e-02,8.570589e-03,9.746468e-02,3.624504e-03,1.569735e-01
4.048062e-03,1.752943e-02,1.175616e-02,1.279668e-02,4.726161e-03,1.308015e-02,1.413599e-03,2.483768e-02,6.127630e-01,4.935252e-03,6.040770e-02,6.540021e-03,9.075405e-02,3.329306e-03,1.310827e-01
3.209547e-03,1.681087e-02,9.063562e-03,9.609927e-03,3.892298e-03,1.699950e-02,1.244755e-03,1.917023e-02,5.663586e-01,3.778811e-03,4.377881e-02,9.930961e-03,1.787321e-01,2.915720e-03,1.145043e-01
2.484643e-03,1.620170e-02,6.684254e-03,7.073873e-03,3.066545e-03,1.446022e-02,9.930545e-04,1.378561e-02,5.526896e-01,3.185720e-03,3.136811e-02,8.458811e-03,2.342148e-01,2.313729e-03,1.030193e-01
4.537324e-03,1.317431e-02,6.236999e-03,6.323680e-03,3.492309e-03,1.090408e-02,7.829283e-04,1.202862e-02,5.628096e-01,3.255550e-03,2.421956e-02,6.899761e-03,2.096014e-01,2.540926e-03,1.331929e-01
7.646351e-03,1.225788e-02,6.078880e-03,4.734855e-03,4.000521e-03,8.530221e-03,6.885970e-04,9.758190e-03,5.721476e-01,3.738753e-03,2.001158e-02,5.808394e-03,1.708082e-01,7.159083e-03,1.666310e-01
8.754022e-03,1.004610e-02,5.396062e-03,3.544639e-03,3.473695e-03,6.701314e-03,5.346832e-04,7.106840e-03,5.852926e-01,3.920865e-03,1.665469e-02,4.568634e-03,1.250496e-01,1.763448e-02,2.013217e-01
8.175888e-03,1.106763e-02,4.670838e-03,2.632002e-03,4.810331e-03,5.557484e-03,5.132346e-04,5.300891e-03,5.421943e-01,4.388442e-03,1.227799e-02,3.797423e-03,1.792648e-01,1.421786e-02,2.011309e-01
1.439562e-02,1.767944e-02,8.556005e-03,2.381502e-03,9.640627e-03,6.125224e-03,6.408478e-04,4.768632e-03,5.242969e-01,4.583605e-03,9.705652e-03,3.113816e-03,1.536847e-01,1.230976e-02,2.281176e-01
1.544624e-02,3.387808e-02,2.385218e-02,2.038858e-03,1.144048e-02,8.227298e-03,9.384506e-04,5.609350e-03,4.228410e-01,4.018209e-03,7.146130e-03,2.578009e-03,1.395910e-01,1.105968e-02,3.113350e-01
1.312139e-02,4.330023e-02,2.775151e-02,1.873806e-03,1.157531e-02,1.101321e-02,7.628752e-04,7.260748e-03,3.862784e-01,3.661393e-03,5.294363e-03,1.922589e-03,1.054989e-01,9.914434e-03,3.707708e-01
1.196154e-02,7.792772e-02,3.434420e-02,1.394631e-03,9.604928e-03,1.203627e-02,5.722516e-04,6.272806e-03,2.984877e-01,3.013613e-03,3.886323e-03,1.399017e-03,7.666632e-02,8.521670e-03,4.539110e-01
1.391906e-02,7.302281e-02,1.179857e-01,1.546974e-03,1.389935e-02,1.156364e-02,6.585338e-04,7.456986e-03,2.467035e-01,2.563226e-03,2.883613e-03,1.036983e-03,5.680975e-02,6.661657e-03,4.432881e-01
1.933670e-02,9.990864e-02,1.151254e-01,2.012986e-03,1.530179e-02,1.913302e-02,7.573924e-04,7.646624e-03,2.159778e-01,4.093566e-03,2.342680e-03,9.297514e-04,4.192586e-02,5.920241e-03,4.495875e-01
2.095823e-02,1.112075e-01,1.238979e-01,1.809644e-03,1.579941e-02,1.909862e-02,7.324875e-04,9.985847e-03,1.799418e-01,3.955202e-03,1.783582e-03,7.236616e-04,3.031370e-02,5.130861e-03,4.746615e-01
4.124194e-02,1.157248e-01,1.145453e-01,4.730616e-03,2.245624e-02,1.697058e-02,1.150835e-03,2.009914e-02,1.590254e-01,5.533048e-03,1.772881e-03,7.558641e-04,2.318058e-02,5.384003e-03,4.674287e-01
4.742859e-02,1.136388e-01,1.219314e-01,4.428308e-03,2.492176e-02,1.413080e-02,1.257961e-03,3.398753e-02,1.358601e-01,5.164524e-03,1.517264e-03,6.659992e-04,1.825976e-02,5.588314e-03,4.712189e-01
1.006540e-01,1.018592e-01,9.338448e-02,4.877087e-03,3.440720e-02,2.506463e-02,2.125017e-03,3.254110e-02,1.683428e-01,5.046333e-03,1.781409e-03,1.077403e-03,2.725927e-02,7.407256e-03,3.941729e-01
1.068125e-01,1.004803e-01,7.329301e-02,5.206812e-03,3.507220e-02,6.315239e-02,2.124631e-03,4.617861e-02,2.020224e-01,4.709282e-03,1.844553e-03,1.365246e-03,2.788671e-02,1.164572e-02,3.182057e-01
1.000018e-01,8.729938e-02,5.490497e-02,6.515433e-03,3.275931e-02,6.367379e-02,1.929140e-03,1.825554e-01,1.748998e-01,3.958731e-03,1.729440e-03,1.626724e-03,2.257306e-02,1.041824e-02,2.551549e-01
9.360043e-02,6.902992e-02,4.090097e-02,5.775345e-03,2.715959e-02,5.604295e-02,1.760587e-03,3.572320e-01,1.320723e-01,2.929697e-03,1.406690e-03,1.280710e-03,1.747465e-02,8.249635e-03,1.850845e-01
7.205832e-02,5.046100e-02,2.954494e-02,4.457832e-03,2.107933e-02,4.088995e-02,1.603742e-03,5.273947e-01,9.727062e-02,2.083202e-03,1.046747e-03,9.312389e-04,1.269698e-02,6.062027e-03,1.324194e-01
6.291739e-02,3.640463e-02,2.116312e-02,3.533891e-03,1.572698e-02,2.921893e-02,1.593117e-03,6.485754e-01,7.033826e-02,1.493241e-03,9.495247e-04,9.750412e-04,9.419851e-03,4.486272e-03,9.320433e-02
6.400727e-02,2.862472e-02,1.594733e-02,2.792541e-03,1.217600e-02,2.091608e-02,1.526068e-03,7.223135e-01,5.277455e-02,1.084885e-03,8.540928e-04,8.740007e-04,6.930165e-03,3.416182e-03,6.576253e-02
7.767307e-02,2.328729e-02,1.174124e-02,2.154634e-03,9.526697e-03,1.516359e-02,1.642338e-03,7.601399e-01,4.219084e-02,7.934781e-04,7.468963e-04,8.001377e-04,5.010936e-03,2.571080e-03,4.655780e-02
8.594027e-02,1.737238e-02,8.714536e-03,1.689122e-03,7.119456e-03,1.132473e-02,1.502589e-03,7.934272e-01,3.241145e-02,5.924157e-04,6.277926e-04,7.779214e-04,3.659911e-03,1.872539e-03,3.296769e-02
9.943056e-02,1.494757e-02,6.706409e-03,1.410565e-03,5.529612e-03,8.691794e-03,1.564181e-03,8.055735e-01,2.659571e-02,4.932251e-04,5.488961e-04,8.176401e-04,2.731142e-03,1.397691e-03,2.356147e-02
1.603163e-01,1.131735e-02,5.567933e-03,1.329366e-03,4.467415e-03,8.247141e-03,2.106681e-03,7.628961e-01,2.105192e-02,4.593931e-04,6.237363e-04,1.193405e-03,2.256150e-03,1.096750e-03,1.707039e-02
1.972993e-01,8.530620e-03,4.553309e-03,1.280654e-03,3.457939e-03,9.716015e-03,2.417272e-03,7.387539e-01,1.575936e-02,4.504209e-04,6.857795e-04,1.566236e-03,1.914626e-03,9.242227e-04,1.269032e-02
2.371639e-01,6.412871e-03,3.837998e-03,1.523431e-03,2.813171e-03,9.253457e-03,2.382828e-03,7.088916e-01,1.170118e-02,4.939236e-04,7.534591e-04,2.491695e-03,1.809520e-03,8.226091e-04,9.648397e-03
2.848994e-01,4.906231e-03,3.340533e-03,1.695690e-03,2.996810e-03,7.990169e-03,2.160648e-03,6.694999e-01,8.909601e-03,4.944548e-04,7.716042e-04,2.834696e-03,1.673143e-03,6.891513e-04,7.138001e-03
3.280718e-01,5.371380e-03,5.063248e-03,1.160015e-02,4.016581e-03,1.973745e-02,2.598270e-03,5.521272e-01,1.227154e-02,2.772730e-03,6.124003e-03,2.425453e-02,1.029551e-02,3.312904e-03,1.238278e-02
2.342016e-01,7.644544e-03,4.695640e-03,9.582560e-02,3.234091e-03,1.526473e-02,1.946111e-03,3.933977e-01,8.803208e-02,2.415993e-02,2.807555e-02,3.217300e-02,3.730837e-02,3.903217e-03,3.013791e-02
1.663989e-01,6.695465e-03,3.669214e-03,1.313824e-01,3.015030e-03,1.215890e-02,1.502995e-03,2.776925e-01,1.335330e-01,2.344939e-02,8.719944e-02,3.255863e-02,7.017390e-02,3.838270e-03,4.673205e-02
1.186725e-01,9.187091e-03,2.918625e-03,1.238662e-01,2.540065e-03,9.499491e-03,1.307074e-03,1.959048e-01,2.222797e-01,2.185649e-02,7.946965e-02,2.845690e-02,9.295557e-02,7.929742e-03,8.315615e-02
8.730350e-02,1.056829e-02,2.668885e-03,1.299852e-01,3.207600e-03,8.487517e-03,1.829799e-03,1.387670e-01,3.314980e-01,1.809298e-02,6.501693e-02,2.840073e-02,9.281592e-02,1.390165e-02,6.745614e-02
8.031063e-02,1.261315e-02,3.082772e-03,1.103251e-01,3.592848e-03,1.063782e-02,2.700733e-03,9.867203e-02,3.366182e-01,1.949051e-02,6.073684e-02,6.454909e-02,1.148330e-01,2.616406e-02,5.567335e-02
5.787522e-02,9.046867e-03,2.253974e-03,7.794099e-02,2.872564e-03,7.815499e-03,1.945033e-03,6.939953e-02,2.402251e-01,1.383198e-02,4.780051e-02,8.925039e-02,3.173363e-01,2.140371e-02,4.100241e-02
4.747736e-02,6.575312e-03,1.696161e-03,5.496860e-02,2.640935e-03,6.318929e-03,1.505076e-03,4.913632e-02,1.726739e-01,9.844439e-03,3.914303e-02,1.658320e-01,3.869374e-01,2.471524e-02,3.053535e-02
3.526726e-02,6.695285e-03,1.392610e-03,3.849892e-02,3.233286e-03,1.623178e-02,1.300275e-03,3.469829e-02,1.283252e-01,7.464427e-03,3.651168e-02,1.862720e-01,4.458657e-01,3.536902e-02,2.287429e-02
2.651992e-02,1.077992e-02,1.141482e-03,2.698009e-02,4.812095e-03,4.782705e-02,9.956884e-04,2.463750e-02,1.096157e-01,7.360314e-03,4.923743e-02,1.910853e-01,4.413599e-01,3.446471e-02,2.318295e-02
2.012104e-02,7.311828e-02,1.259542e-03,1.893920e-02,6.337631e-03,7.495449e-02,7.353740e-04,1.760601e-02,1.367221e-01,8.468179e-03,5.098803e-02,1.660494e-01,3.666731e-01,2.930151e-02,2.872622e-02
1.523597e-02,1.019078e-01,1.036958e-03,1.340575e-02,7.138034e-03,1.992515e-01,5.426329e-04,1.336372e-02,1.414570e-01,6.716370e-03,4.225892e-02,1.248536e-01,2.878105e-01,2.179956e-02,2.322181e-02
1.194679e-02,9.426044e-02,9.045193e-04,9.536537e-03,7.137650e-03,3.003337e-01,4.165072e-04,1.093612e-02,1.741420e-01,5.162067e-03,3.206539e-02,8.991018e-02,2.287002e-01,1.662830e-02,1.791973e-02
1.138559e-02,9.882744e-02,6.157570e-03,8.464769e-03,7.085401e-03,3.406283e-01,3.342364e-04,1.115611e-02,2.093063e-01,4.409795e-03,2.333022e-02,6.415206e-02,1.889156e-01,1.232165e-02,1.352498e-02
9.491915e-03,1.102632e-01,4.838133e-03,7.016279e-03,7.755039e-03,4.179061e-01,2.760083e-04,8.900892e-03,2.128496e-01,4.120478e-03,1.664814e-02,4.520987e-02,1.334809e-01,9.731609e-03,1.151175e-02
9.816330e-03,9.129657e-02,3.982668e-03,8.100644e-03,1.018575e-02,4.864536e-01,3.023648e-04,7.914043e-03,2.137232e-01,7.124599e-03,1.269638e-02,3.216238e-02,9.517600e-02,8.062772e-03,1.300269e-02
8.146727e-03,6.958118e-02,2.853508e-03,1.103292e-02,8.190257e-03,5.733565e-01,2.393536e-04,7.647281e-03,1.898333e-01,7.148551e-03,1.086499e-02,2.307854e-02,6.806949e-02,6.031137e-03,1.392625e-02
7.278757e-03,5.227190e-02,2.064783e-03,1.745186e-02,6.241383e-03,6.218191e-01,1.906888e-04,6.631679e-03,1.724063e-01,7.381449e-03,1.086207e-02,1.680768e-02,4.867451e-02,4.759958e-03,2.515789e-02
