1.000000e+00,0.000000e+00,0.000000e+00,0.000000e+00,0.000000e+00,0.000000e+00,0.000000e+00,0.000000e+00,0.000000e+00,0.000000e+00,0.000000e+00,0.000000e+00,0.000000e+00,0.000000e+00,0.000000e+00
1.000000e+00,0.000000e+00,0.000000e+00,0.000000e+00,0.000000e+00,0.000000e+00,0.000000e+00,0.000000e+00,0.000000e+00,0.000000e+00,0.000000e+00,0.000000e+00,0.000000e+00,0.000000e+00,0.000000e+00
1.000000e+00,0.000000e+00,0.000000e+00,0.000000e+00,0.000000e+00,0.000000e+00,0.000000e+00,0.000000e+00,0.000000e+00,0.000000e+00,0.000000e+00,0.000000e+00,0.000000e+00,0.000000e+00,0.000000e+00
1.000000e+00,0.000000e+00,0.000000e+00,0.000000e+00,0.000000e+00,0.000000e+00,0.000000e+00,0.000000e+00,0.000000e+00,0.000000e+00,0.000000e+00,0.000000e+00,0.000000e+00,0.000000e+00,0.000000e+00
1.000000e+00,0.000000e+00,0.000000e+00,0.000000e+00,0.000000e+00,0.000000e+00,0.000000e+00,0.000000e+00,0.000000e+00,0.000000e+00,0.000000e+00,0.000000e+00,0.000000e+00,0.000000e+00,0.000000e+00
1.000000e+00,0.000000e+00,0.000000e+00,0.000000e+00,0.000000e+00,0.000000e+00,0.000000e+00,0.000000e+00,0.000000e+00,0.000000e+00,0.000000e+00,0.000000e+00,0.000000e+00,0.000000e+00,0.000000e+00
1.000000e+00,0.000000e+00,0.000000e+00,0.000000e+00,0.000000e+00,0.000000e+00,0.000000e+00,0.000000e+00,0.000000e+00,0.000000e+00,0.000000e+00,0.000000e+00,0.000000e+00,0.000000e+00,0.000000e+00
1.000000e+00,0.000000e+00,0.000000e+00,0.000000e+00,0.000000e+00,0.000000e+00,0.000000e+00,0.000000e+00,0.000000e+00,0.000000e+00,0.000000e+00,0.000000e+00,0.000000e+00,0.000000e+00,0.000000e+00
1.000000e+00,0.000000e+00,0.000000e+00,0.000000e+00,0.000000e+00,0.000000e+00,0.000000e+00,0.000000e+00,0.000000e+00,0.000000e+00,0.000000e+00,0.000000e+00,0.000000e+00,0.000000e+00,0.000000e+00
1.000000e+00,0.000000e+00,0.000000e+00,0.000000e+00,0.000000e+00,0.000000e+00,0.000000e+00,0.000000e+00,0.000000e+00,0.000000e+00,0.000000e+00,0.000000e+00,0.000000e+00,0.000000e+00,0.000000e+00
1.000000e+00,0.000000e+00,0.000000e+00,0.000000e+00,0.000000e+00,0.000000e+00,0.000000e+00,0.000000e+00,0.000000e+00,0.000000e+00,0.000000e+00,0.000000e+00,0.000000e+00,0.000000e+00,0.000000e+00
1.000000e+00,0.000000e+00,0.000000e+00,0.000000e+00,0.000000e+00,0.000000e+00,0.000000e+00,0.000000e+00,0.000000e+00,0.000000e+00,0.000000e+00,0.000000e+00,0.000000e+00,0.000000e+00,0.000000e+00
1.000000e+00,0.000000e+00,0.000000e+00,0.000000e+00,0.000000e+00,0.000000e+00,0.000000e+00,0.000000e+00,0.000000e+00,0.000000e+00,0.000000e+00,0.000000e+00,0.000000e+00,0.000000e+00,0.000000e+00
1.000000e+00,0.000000e+00,0.000000e+00,0.000000e+00,0.000000e+00,0.000000e+00,0.000000e+00,0.000000e+00,0.000000e+00,0.000000e+00,0.000000e+00,0.000000e+00,0.000000e+00,0.000000e+00,0.000000e+00
1.000000e+00,0.000000e+00,0.000000e+00,0.000000e+00,0.000000e+00,0.000000e+00,0.000000e+00,0.000000e+00,0.000000e+00,0.000000e+00,0.000000e+00,0.000000e+00,0.000000e+00,0.000000e+00,0.000000e+00
1.000000e+00,0.000000e+00,0.000000e+00,0.000000e+00,0.000000e+00,0.000000e+00,0.000000e+00,0.000000e+00,0.000000e+00,0.000000e+00,0.000000e+00,0.000000e+00,0.000000e+00,0.000000e+00,0.000000e+00
1.000000e+00,0.000000e+00,0.000000e+00,0.000000e+00,0.000000e+00,0.000000e+00,0.000000e+00,0.000000e+00,0.000000e+00,0.000000e+00,0.000000e+00,0.000000e+00,0.000000e+00,0.000000e+00,0.000000e+00
1.000000e+00,0.000000e+00,0.000000e+00,0.000000e+00,0.000000e+00,0.000000e+00,0.000000e+00,0.000000e+00,0.000000e+00,0.000000e+00,0.000000e+00,0.000000e+00,0.000000e+00,0.000000e+00,0.000000e+00
1.000000e+00,0.000000e+00,0.000000e+00,0.000000e+00,0.000000e+00,0.000000e+00,0.000000e+00,0.000000e+00,0.000000e+00,0.000000e+00,0.000000e+00,0.000000e+00,0.000000e+00,0.000000e+00,0.000000e+00
1.000000e+00,0.000000e+00,0.000000e+00,0.000000e+00,0.000000e+00,0.000000e+00,0.000000e+00,0.000000e+00,0.000000e+00,0.000000e+00,0.000000e+00,0.000000e+00,0.000000e+00,0.000000e+00,0.000000e+00
1.000000e+00,0.000000e+00,0.000000e+00,0.000000e+00,0.000000e+00,0.000000e+00,0.000000e+00,0.000000e+00,0.000000e+00,0.000000e+00,0.000000e+00,0.000000e+00,0.000000e+00,0.000000e+00,0.000000e+00
1.000000e+00,0.000000e+00,0.000000e+00,0.000000e+00,0.000000e+00,0.000000e+00,0.000000e+00,0.000000e+00,0.000000e+00,0.000000e+00,0.000000e+00,0.000000e+00,0.000000e+00,0.000000e+00,0.000000e+00
1.000000e+00,0.000000e+00,0.000000e+00,0.000000e+00,0.000000e+00,0.000000e+00,0.000000e+00,0.000000e+00,0.000000e+00,0.000000e+00,0.000000e+00,0.000000e+00,0.000000e+00,0.000000e+00,0.000000e+00
1.000000e+00,0.000000e+00,0.000000e+00,0.000000e+00,0.000000e+00,0.000000e+00,0.000000e+00,0.000000e+00,0.000000e+00,0.000000e+00,0.000000e+00,0.000000e+00,0.000000e+00,0.000000e+00,0.000000e+00
1.000000e+00,0.000000e+00,0.000000e+00,0.000000e+00,0.000000e+00,0.000000e+00,0.000000e+00,0.000000e+00,0.000000e+00,0.000000e+00,0.000000e+00,0.000000e+00,0.000000e+00,0.000000e+00,0.000000e+00
1.000000e+00,0.000000e+00,0.000000e+00,0.000000e+00,0.000000e+00,0.000000e+00,0.000000e+00,0.000000e+00,0.000000e+00,0.000000e+00,0.000000e+00,0.000000e+00,0.000000e+00,0.000000e+00,0.000000e+00
1.000000e+00,0.000000e+00,0.000000e+00,0.000000e+00,0.000000e+00,0.000000e+00,0.000000e+00,0.000000e+00,0.000000e+00,0.000000e+00,0.000000e+00,0.000000e+00,0.000000e+00,0.000000e+00,0.000000e+00
1.000000e+00,0.000000e+00,0.000000e+00,0.000000e+00,0.000000e+00,0.000000e+00,0.000000e+00,0.000000e+00,0.000000e+00,0.000000e+00,0.000000e+00,0.000000e+00,0.000000e+00,0.000000e+00,0.000000e+00
1.000000e+00,0.000000e+00,0.000000e+00,0.000000e+00,0.000000e+00,0.000000e+00,0.000000e+00,0.000000e+00,0.000000e+00,0.000000e+00,0.000000e+00,0.000000e+00,0.000000e+00,0.000000e+00,0.000000e+00
1.000000e+00,0.000000e+00,0.000000e+00,0.000000e+00,0.000000e+00,0.000000e+00,0.000000e+00,0.000000e+00,0.000000e+00,0.000000e+00,0.000000e+00,0.000000e+00,0.000000e+00,0.000000e+00,0.000000e+00
1.000000e+00,0.000000e+00,0.000000e+00,0.000000e+00,0.000000e+00,0.000000e+00,0.000000e+00,0.000000e+00,0.000000e+00,0.000000e+00,0.000000e+00,0.000000e+00,0.000000e+00,0.000000e+00,0.000000e+00
1.000000e+00,0.000000e+00,0.000000e+00,0.000000e+00,0.000000e+00,0.000000e+00,0.000000e+00,0.000000e+00,0.000000e+00,0.000000e+00,0.000000e+00,0.000000e+00,0.000000e+00,0.000000e+00,0.000000e+00
1.000000e+00,0.000000e+00,0.000000e+00,0.000000e+00,0.000000e+00,0.000000e+00,0.000000e+00,0.000000e+00,0.000000e+00,0.000000e+00,0.000000e+00,0.000000e+00,0.000000e+00,0.000000e+00,0.000000e+00
1.000000e+00,0.000000e+00,0.000000e+00,0.000000e+00,0.000000e+00,0.000000e+00,0.000000e+00,0.000000e+00,0.000000e+00,0.000000e+00,0.000000e+00,0.000000e+00,0.000000e+00,0.000000e+00,0.000000e+00
1.000000e+00,0.000000e+00,0.000000e+00,0.000000e+00,0.000000e+00,0.000000e+00,0.000000e+00,0.000000e+00,0.000000e+00,0.000000e+00,0.000000e+00,0.000000e+00,0.000000e+00,0.000000e+00,0.000000e+00
1.000000e+00,0.000000e+00,0.000000e+00,0.000000e+00,0.000000e+00,0.000000e+00,0.000000e+00,0.000000e+00,0.000000e+00,0.000000e+00,0.000000e+00,0.000000e+00,0.000000e+00,0.000000e+00,0.000000e+00
1.000000e+00,0.000000e+00,0.000000e+00,0.000000e+00,0.000000e+00,0.000000e+00,0.000000e+00,0.000000e+00,0.000000e+00,0.000000e+00,0.000000e+00,0.000000e+00,0.000000e+00,0.000000e+00,0.000000e+00
1.000000e+00,0.000000e+00,0.000000e+00,0.000000e+00,0.000000e+00,0.000000e+00,0.000000e+00,0.000000e+00,0.000000e+00,0.000000e+00,0.000000e+00,0.000000e+00,0.000000e+00,0.000000e+00,0.000000e+00
1.000000e+00,0.000000e+00,0.000000e+00,0.000000e+00,0.000000e+00,0.000000e+00,0.000000e+00,0.000000e+00,0.000000e+00,0.000000e+00,0.000000e+00,0.000000e+00,0.000000e+00,0.000000e+00,0.000000e+00
1.000000e+00,0.000000e+00,0.000000e+00,0.000000e+00,0.000000e+00,0.000000e+00,0.000000e+00,0.000000e+00,0.000000e+00,0.000000e+00,0.000000e+00,0.000000e+00,0.000000e+00,0.000000e+00,0.000000e+00
1.000000e+00,0.000000e+00,0.000000e+00,0.000000e+00,0.000000e+00,0.000000e+00,0.000000e+00,0.000000e+00,0.000000e+00,0.000000e+00,0.000000e+00,0.000000e+00,0.000000e+00,0.000000e+00,0.000000e+00
1.000000e+00,0.000000e+00,0.000000e+00,0.000000e+00,0.000000e+00,0.000000e+00,0.000000e+00,0.000000e+00,0.000000e+00,0.000000e+00,0.000000e+00,0.000000e+00,0.000000e+00,0.000000e+00,0.000000e+00
1.000000e+00,0.000000e+00,0.000000e+00,0.000000e+00,0.000000e+00,0.000000e+00,0.000000e+00,0.000000e+00,0.000000e+00,0.000000e+00,0.000000e+00,0.000000e+00,0.000000e+00,0.000000e+00,0.000000e+00
1.000000e+00,0.000000e+00,0.000000e+00,0.000000e+00,0.000000e+00,0.000000e+00,0.000000e+00,0.000000e+00,0.000000e+00,0.000000e+00,0.000000e+00,0.000000e+00,0.000000e+00,0.000000e+00,0.000000e+00
1.000000e+00,0.000000e+00,0.000000e+00,0.000000e+00,0.000000e+00,0.000000e+00,0.000000e+00,0.000000e+00,0.000000e+00,0.000000e+00,0.000000e+00,0.000000e+00,0.000000e+00,0.000000e+00,0.000000e+00
1.000000e+00,0.000000e+00,0.000000e+00,0.000000e+00,0.000000e+00,0.000000e+00,0.000000e+00,0.000000e+00,0.000000e+00,0.000000e+00,0.000000e+00,0.000000e+00,0.000000e+00,0.000000e+00,0.000000e+00
1.000000e+00,0.000000e+00,0.000000e+00,0.000000e+00,0.000000e+00,0.000000e+00,0.000000e+00,0.000000e+00,0.000000e+00,0.000000e+00,0.000000e+00,0.000000e+00,0.000000e+00,0.000000e+00,0.000000e+00
1.000000e+00,0.000000e+00,0.000000e+00,0.000000e+00,0.000000e+00,0.000000e+00,0.000000e+00,0.000000e+00,0.000000e+00,0.000000e+00,0.000000e+00,0.000000e+00,0.000000e+00,0.000000e+00,0.000000e+00
1.000000e+00,0.000000e+00,0.000000e+00,0.000000e+00,0.000000e+00,0.000000e+00,0.000000e+00,0.000000e+00,0.000000e+00,0.000000e+00,0.000000e+00,0.000000e+00,0.000000e+00,0.000000e+00,0.000000e+00
1.000000e+00,0.000000e+00,0.000000e+00,0.000000e+00,0.000000e+00,0.000000e+00,0.000000e+00,0.000000e+00,0.000000e+00,0.000000e+00,0.000000e+00,0.000000e+00,0.000000e+00,0.000000e+00,0.000000e+00
3.969863e-01,6.310074e-03,3.648465e-01,8.359793e-02,1.930600e-03,9.277376e-03,2.571208e-03,3.425568e-02,4.282679e-03,5.519862e-03,4.704886e-02,1.316550e-02,6.092289e-03,1.647297e-02,7.642073e-03
2.779971e-01,4.755225e-03,4.175503e-01,9.220530e-02,1.364513e-03,6.603064e-03,1.807928e-03,2.429773e-02,3.464872e-03,4.508268e-03,8.668124e-02,9.622650e-03,4.383680e-03,5.929912e-02,5.459010e-03
1.946724e-01,3.743121e-03,3.011490e-01,6.570853e-02,9.620772e-04,4.883823e-03,1.269370e-03,1.706693e-02,3.056582e-03,3.299097e-03,3.214624e-01,7.471284e-03,3.111399e-03,6.825942e-02,3.884660e-03
1.363094e-01,2.748850e-03,2.130038e-01,4.633265e-02,6.837998e-04,3.813925e-03,8.935308e-04,1.199035e-02,2.352146e-03,2.356065e-03,5.145530e-01,6.209480e-03,2.204434e-03,5.380114e-02,2.747485e-03
9.557153e-02,2.165158e-03,1.505858e-01,3.337799e-02,6.486604e-04,3.371156e-03,6.502155e-04,8.551175e-03,2.279678e-03,1.747539e-03,5.959345e-01,1.186412e-02,1.677002e-03,8.961467e-02,1.960852e-03
6.699473e-02,1.579254e-03,1.055832e-01,2.394814e-02,1.458625e-03,3.868513e-03,4.964054e-04,6.137024e-03,2.586511e-03,1.280912e-03,6.594747e-01,2.164019e-02,1.591094e-03,1.019496e-01,1.411146e-03
4.699429e-02,1.202711e-03,7.401826e-02,1.731607e-02,1.755551e-03,3.985317e-03,3.694910e-04,4.370181e-03,3.084306e-03,9.514772e-04,7.041052e-01,2.458239e-02,1.531026e-03,1.146911e-01,1.042668e-03
3.293240e-02,9.476170e-04,5.184856e-02,1.234181e-02,1.667389e-03,3.405533e-03,2.750846e-04,3.088526e-03,2.907122e-03,7.746050e-04,7.687156e-01,2.264196e-02,1.320116e-03,9.633993e-02,7.937750e-04
2.307597e-02,7.466883e-04,3.631407e-02,8.755608e-03,1.532857e-03,2.610495e-03,2.049997e-04,2.178418e-03,2.677296e-03,7.323702e-04,8.080496e-01,1.902286e-02,1.131163e-03,9.235704e-02,6.106013e-04
1.618026e-02,5.867259e-04,2.545892e-02,6.192587e-03,1.503671e-03,2.140101e-03,1.672494e-04,1.552127e-03,2.149565e-03,7.073146e-04,8.456922e-01,1.434012e-02,1.004933e-03,8.182379e-02,5.004460e-04
1.139225e-02,1.009270e-03,1.810242e-02,4.413936e-03,2.042610e-03,1.830024e-03,1.886023e-04,1.197304e-03,2.479540e-03,1.284040e-03,8.650081e-01,1.206291e-02,8.108648e-04,7.755375e-02,6.243865e-04
8.117191e-03,1.569448e-03,1.304218e-02,3.172615e-03,1.783717e-03,1.709883e-03,2.065471e-04,9.876048e-04,2.826605e-03,2.718019e-03,8.686987e-01,1.164457e-02,6.368875e-04,8.211485e-02,7.711509e-04
5.947729e-03,2.248652e-02,2.040460e-02,2.645578e-03,2.430981e-03,1.942226e-03,6.053087e-04,5.162549e-03,8.698657e-03,6.984361e-03,8.257337e-01,1.394710e-02,5.869051e-04,8.121667e-02,1.207097e-03
4.442839e-03,1.783675e-02,1.654645e-02,2.065276e-03,2.277278e-03,1.911001e-03,5.536526e-04,4.541767e-03,1.228743e-02,8.875629e-03,8.200354e-01,1.634410e-02,5.448639e-04,9.041473e-02,1.322747e-03
3.472866e-03,1.569278e-02,1.212386e-02,1.717927e-03,3.352222e-03,3.314780e-03,5.436204e-04,3.454610e-03,2.122031e-02,1.715762e-02,7.841559e-01,2.236125e-02,6.637723e-04,1.093923e-01,1.376134e-03
2.922516e-03,1.183708e-02,8.798846e-03,1.470029e-03,5.620761e-03,2.708828e-03,5.225642e-04,2.871018e-03,2.014537e-02,2.166163e-02,7.954586e-01,2.524009e-02,6.620680e-04,9.879212e-02,1.288445e-03
2.187268e-03,8.642249e-03,6.283158e-03,1.237854e-03,6.883629e-03,2.074120e-03,4.321771e-04,2.072689e-03,1.587734e-02,1.957035e-02,8.329918e-01,2.281249e-02,7.769517e-04,7.702256e-02,1.135313e-03
2.297589e-03,9.145001e-03,6.503210e-03,1.133087e-03,6.235335e-03,2.056236e-03,4.551858e-04,3.097685e-03,1.940742e-02,2.053189e-02,8.102861e-01,3.652958e-02,1.077777e-03,8.022465e-02,1.019323e-03
2.814217e-03,7.338873e-03,5.577772e-03,1.147893e-03,7.443001e-03,2.172879e-03,4.787210e-04,3.279873e-03,1.928995e-02,2.849855e-02,7.864721e-01,3.751474e-02,1.333331e-03,9.571894e-02,9.192119e-04
8.832837e-03,8.540839e-03,6.834726e-03,1.927923e-03,2.766759e-02,6.430272e-03,7.999823e-04,5.769787e-03,3.121656e-02,4.240699e-02,6.692822e-01,3.112739e-02,2.254628e-03,1.554636e-01,1.444652e-03
2.965657e-02,1.099685e-02,1.275916e-02,2.409382e-03,3.601498e-02,1.149155e-02,1.301000e-03,8.657413e-03,4.201251e-02,5.092317e-02,6.037923e-01,2.511320e-02,2.367272e-03,1.597239e-01,2.780800e-03
3.147002e-02,1.007778e-02,2.027368e-02,2.675691e-03,4.300426e-02,1.444048e-02,1.963790e-03,4.608527e-02,4.621321e-02,5.486478e-02,5.295132e-01,2.247035e-02,2.894461e-03,1.710806e-01,2.972384e-03
5.975708e-02,8.522957e-03,2.547589e-02,3.405624e-03,3.881878e-02,1.304064e-02,1.980914e-03,8.495503e-02,4.021502e-02,4.235971e-02,4.674995e-01,2.353277e-02,3.169417e-03,1.843919e-01,2.874719e-03
6.233706e-02,8.080430e-03,2.375368e-02,5.085176e-03,4.448461e-02,1.551451e-02,1.880339e-03,7.287901e-02,3.931114e-02,3.609438e-02,4.579901e-01,1.822243e-02,2.979666e-03,2.082581e-01,3.129396e-03
8.954352e-02,7.447941e-03,7.070962e-02,2.376356e-02,4.786338e-02,1.240566e-02,1.673058e-03,1.413085e-01,3.434069e-02,2.784112e-02,3.426879e-01,1.453128e-02,2.740414e-03,1.802035e-01,2.939870e-03
1.151231e-01,1.086431e-02,9.676763e-02,2.082335e-02,5.209269e-02,1.492041e-02,1.343078e-03,1.658387e-01,4.069857e-02,2.078541e-02,2.679105e-01,1.258239e-02,2.928386e-03,1.729514e-01,4.370169e-03
1.296859e-01,1.271909e-02,1.208213e-01,1.975134e-02,5.556558e-02,1.822515e-02,1.082571e-03,1.265529e-01,5.335408e-02,2.305871e-02,2.537456e-01,1.044885e-02,2.550978e-03,1.659977e-01,6.440163e-03
1.356786e-01,1.449193e-02,1.133142e-01,2.216278e-02,7.054579e-02,3.402939e-02,1.546652e-03,1.114174e-01,9.001131e-02,2.255651e-02,2.230667e-01,9.380901e-03,2.884289e-03,1.430026e-01,5.911052e-03
1.349315e-01,1.357231e-02,1.571268e-01,4.281300e-02,1.028215e-01,3.571527e-02,1.450947e-03,1.212568e-01,8.134677e-02,1.699106e-02,1.693133e-01,8.841550e-03,2.431091e-03,1.068877e-01,4.500416e-03
1.191794e-01,1.248803e-02,2.263927e-01,1.292418e-01,8.548524e-02,3.033990e-02,1.157742e-03,9.418809e-02,7.748996e-02,1.317880e-02,1.218862e-01,7.034109e-03,1.895559e-03,7.679111e-02,3.251290e-03
9.503590e-02,8.965782e-03,2.310602e-01,1.567301e-01,6.933724e-02,2.217212e-02,1.097580e-03,2.012446e-01,5.606115e-02,9.626040e-03,8.580399e-02,5.135918e-03,1.438344e-03,5.398369e-02,2.307199e-03
7.854600e-02,6.786939e-03,1.867911e-01,1.262747e-01,5.547238e-02,1.691953e-02,9.310012e-04,3.756891e-01,3.974813e-02,6.914451e-03,6.122838e-02,3.716052e-03,1.312372e-03,3.803988e-02,1.629835e-03
8.666548e-02,6.557353e-03,1.391604e-01,1.861182e-01,5.768610e-02,3.198050e-02,2.117211e-03,3.239363e-01,3.158886e-02,6.336192e-03,4.659849e-02,5.803305e-03,4.601380e-02,2.694850e-02,2.489449e-03
1.063487e-01,5.169411e-03,1.008974e-01,2.177806e-01,6.091959e-02,3.057257e-02,4.179238e-03,3.074134e-01,2.345583e-02,5.485102e-03,3.352340e-02,4.831003e-03,7.809795e-02,1.893678e-02,2.389031e-03
9.473110e-02,4.100476e-03,7.137912e-02,1.676105e-01,6.638585e-02,2.869040e-02,7.429027e-03,3.002204e-01,1.752537e-02,4.209932e-03,2.517881e-02,4.271311e-03,1.920640e-01,1.329600e-02,2.907655e-03
8.457932e-02,2.988399e-03,5.070031e-02,1.205805e-01,5.486392e-02,2.624095e-02,8.114334e-03,2.208028e-01,1.252349e-02,3.005760e-03,1.800405e-02,3.896436e-03,3.812649e-01,9.330282e-03,3.104470e-03
7.894003e-02,2.187398e-03,3.689377e-02,8.723754e-02,4.660599e-02,2.556884e-02,9.300193e-03,1.617947e-01,9.047996e-03,2.229714e-03,1.363245e-02,4.931374e-03,5.094135e-01,6.636379e-03,5.580122e-03
1.266393e-01,1.863064e-03,2.767678e-02,6.250990e-02,3.530501e-02,3.314858e-02,1.116919e-02,1.159336e-01,6.720855e-03,1.785535e-03,1.048451e-02,8.019621e-03,5.494964e-01,4.823307e-03,4.424415e-03
1.163097e-01,1.529360e-03,1.979086e-02,4.418511e-02,2.874914e-02,3.112105e-02,8.879581e-03,8.393698e-02,4.968709e-03,1.522049e-03,8.931052e-03,1.047279e-02,6.314235e-01,3.820142e-03,4.360020e-03
9.232279e-02,1.478157e-03,1.425751e-02,3.113952e-02,2.262864e-02,2.992874e-02,8.726581e-03,6.089404e-02,3.969615e-03,1.479411e-03,9.413300e-03,2.273077e-02,6.899611e-01,3.050106e-03,8.019761e-03
6.772149e-02,1.297461e-03,1.049686e-02,2.223018e-02,1.726921e-02,2.728339e-02,6.798699e-03,4.309843e-02,3.518968e-03,1.253921e-03,7.960344e-03,2.195340e-02,7.576655e-01,2.266836e-03,9.185322e-03
5.008458e-02,1.324219e-03,7.625042e-03,1.605313e-02,1.369320e-02,2.033230e-02,5.073045e-03,3.050249e-02,3.759599e-03,1.257802e-03,7.985676e-03,2.255509e-02,8.011153e-01,1.747553e-03,1.689093e-02
3.855803e-02,1.140433e-03,5.770275e-03,1.151347e-02,1.209204e-02,1.504483e-02,4.471373e-03,2.208796e-02,4.976163e-03,1.235066e-03,6.707586e-03,4.062861e-02,8.080911e-01,1.405406e-03,2.627764e-02
3.103427e-02,1.443129e-03,5.049990e-03,8.341582e-03,9.675383e-03,1.147517e-02,3.750850e-03,1.617359e-02,6.167823e-03,1.263408e-03,5.353147e-03,5.094773e-02,8.155596e-01,1.338028e-03,3.242628e-02
2.294480e-02,1.267678e-03,1.689535e-02,6.285976e-03,2.932013e-02,9.251961e-03,1.689321e-02,5.241672e-02,1.158426e-02,1.467561e-03,6.075530e-03,4.972701e-02,7.183247e-01,1.393494e-03,5.615161e-02
1.621719e-02,9.211969e-04,1.448642e-02,4.672484e-03,2.252081e-02,6.848649e-03,1.533083e-02,3.045649e-01,9.163545e-03,1.056304e-03,5.260797e-03,3.569220e-02,5.180261e-01,1.017099e-03,4.422143e-02
1.179274e-02,8.438029e-04,1.232976e-02,4.117148e-03,2.550321e-02,6.029733e-03,1.493420e-02,4.803652e-01,1.023333e-02,7.747579e-04,5.406587e-03,2.573336e-02,3.684870e-01,7.273549e-04,3.272184e-02
1.020850e-02,1.226638e-03,1.272795e-02,4.084426e-03,3.103215e-02,6.305685e-03,2.694550e-02,5.763540e-01,1.101994e-02,5.846575e-04,7.673045e-03,1.925588e-02,2.683071e-01,5.398695e-04,2.373468e-02
8.214371e-03,1.059704e-03,9.972590e-03,3.394834e-03,3.398413e-02,5.012218e-03,2.477584e-02,6.581818e-01,1.025931e-02,4.371458e-04,8.971900e-03,1.432746e-02,2.037668e-01,4.173509e-04,1.722456e-02
6.369136e-03,8.742015e-04,7.348373e-03,2.633260e-03,4.057919e-02,4.242436e-03,2.569066e-02,7.237204e-01,7.625483e-03,3.406745e-04,7.323155e-03,1.010808e-02,1.503307e-01,3.287486e-04,1.248548e-02
9.059085e-03,7.510349e-04,5.420135e-03,2.626884e-03,5.628323e-02,1.639255e-02,3.536617e-02,7.114598e-01,5.756949e-03,2.844120e-04,5.658073e-03,7.319873e-03,1.343896e-01,2.617258e-04,8.970569e-03
1.930340e-02,8.623182e-04,4.531500e-03,3.065790e-03,4.892632e-02,4.842040e-02,4.501913e-02,6.605818e-01,4.338094e-03,3.713250e-04,4.654411e-03,5.982763e-03,1.467913e-01,3.658023e-04,6.785673e-03
2.406121e-02,8.737495e-04,3.791952e-03,3.180180e-03,4.425325e-02,1.531870e-01,4.887149e-02,5.433750e-01,3.303611e-03,3.396106e-04,4.743421e-03,5.339555e-03,1.584837e-01,3.905132e-04,5.805912e-03
2.235462e-02,7.156479e-04,2.998876e-03,2.868152e-03,3.819919e-02,3.043276e-01,4.736250e-02,4.457661e-01,2.473360e-03,3.814650e-04,5.463024e-03,5.062033e-03,1.170048e-01,3.779443e-04,4.644805e-03
2.683215e-02,6.870416e-04,2.617721e-03,3.956968e-03,4.173600e-02,4.516469e-01,3.502163e-02,3.321887e-01,2.169349e-03,3.574190e-04,7.599150e-03,4.729559e-03,8.601371e-02,3.150021e-04,4.128749e-03
1.931948e-02,5.514029e-04,1.944580e-03,3.058682e-03,3.111246e-02,5.708361e-01,2.482295e-02,2.330559e-01,1.757542e-03,4.657314e-04,1.408592e-02,9.666877e-03,8.555339e-02,3.290081e-04,3.440003e-03
1.429921e-02,4.706619e-04,1.484276e-03,2.481364e-03,2.287240e-02,6.600966e-01,1.786386e-02,1.633833e-01,1.430512e-03,4.197783e-04,1.536672e-02,2.451431e-02,7.234520e-02,3.587880e-04,2.612877e-03
1.010271e-02,3.610856e-04,1.092641e-03,1.876857e-03,1.618209e-02,6.045386e-01,1.251427e-02,1.144235e-01,1.833869e-03,4.661068e-04,1.279055e-02,1.229285e-01,9.867235e-02,3.369471e-04,1.880010e-03
7.284848e-03,1.321070e-03,1.046324e-03,1.570275e-03,1.244917e-02,5.071589e-01,8.802869e-03,8.050802e-02,1.644069e-02,5.451618e-04,1.178561e-02,1.868480e-01,1.612352e-01,5.960992e-04,2.407736e-03
5.249236e-03,1.035806e-03,7.798299e-04,1.178632e-03,8.897866e-03,5.510525e-01,6.243261e-03,5.648075e-02,1.336173e-02,4.423279e-04,9.928257e-03,2.199196e-01,1.231791e-01,5.055050e-04,1.745701e-03
3.944004e-03,8.930704e-04,6.591268e-04,9.337797e-04,6.596690e-03,4.936226e-01,4.444165e-03,3.978844e-02,1.042545e-02,4.177887e-04,1.939796e-02,2.839700e-01,1.328814e-01,7.353594e-04,1.290189e-03
3.100022e-03,7.654160e-04,5.764097e-04,7.387673e-04,4.815165e-03,4.044297e-01,3.218054e-03,2.803324e-02,7.975603e-03,6.586728e-04,4.296761e-02,3.783207e-01,1.224421e-01,9.491493e-04,1.009419e-03
2.217527e-03,6.689060e-04,4.856610e-04,5.233058e-04,3.389952e-03,2.896151e-01,2.257488e-03,1.963676e-02,5.973906e-03,1.097766e-03,3.773298e-02,5.418881e-01,9.289820e-02,7.502068e-04,8.642147e-04
1.588242e-03,6.403578e-04,3.663964e-04,3.699455e-04,2.404766e-03,2.042228e-01,1.583098e-03,1.375236e-02,6.121592e-03,1.368141e-03,3.364833e-02,6.646646e-01,6.793108e-02,6.843327e-04,6.540504e-04
1.191000e-03,6.722332e-04,3.912100e-04,2.658851e-04,2.498936e-03,1.442985e-01,1.199361e-03,9.646782e-03,6.046408e-03,1.448324e-03,2.635878e-02,7.565532e-01,4.838738e-02,5.520697e-04,4.898750e-04
9.049096e-04,6.584977e-04,5.454705e-04,2.228947e-04,2.211529e-02,1.013839e-01,9.603017e-04,6.810624e-03,1.583621e-02,1.369261e-03,2.322405e-02,7.894539e-01,3.564559e-02,5.090623e-04,3.600597e-04
7.400764e-04,1.172159e-03,1.032757e-03,2.333458e-04,4.374795e-02,7.138579e-02,1.118913e-03,4.985277e-03,3.713204e-02,1.159678e-03,1.966474e-02,7.906368e-01,2.620283e-02,5.023365e-04,2.852958e-04
6.318808e-04,5.316570e-03,1.586730e-03,2.389862e-04,3.625520e-02,5.424738e-02,9.525004e-04,3.686800e-03,3.180263e-02,1.281536e-03,4.631094e-02,7.920755e-01,2.402338e-02,1.349768e-03,2.402608e-04
5.946254e-04,6.636132e-03,1.672057e-03,3.622865e-04,2.962690e-02,4.383985e-02,7.800368e-04,2.926660e-03,2.933052e-02,2.193114e-03,8.339563e-02,7.754182e-01,2.081322e-02,2.166727e-03,2.441211e-04
5.442470e-04,4.905708e-03,1.362668e-03,6.239467e-04,2.924501e-02,3.687342e-02,5.824388e-04,2.592833e-03,2.816161e-02,2.657480e-03,1.071383e-01,7.631766e-01,1.987825e-02,2.050905e-03,2.066303e-04
7.591926e-04,5.485249e-03,6.220164e-03,8.424503e-04,1.334918e-01,2.731079e-02,9.181892e-04,3.969568e-03,7.256523e-02,2.729928e-03,9.722378e-02,6.215346e-01,2.446578e-02,2.089419e-03,3.938720e-04
1.288595e-03,6.140835e-03,1.492273e-02,1.859423e-03,1.821645e-01,3.055688e-02,1.630719e-03,8.663334e-03,8.529924e-02,4.801170e-03,1.199557e-01,5.068983e-01,3.145010e-02,3.498618e-03,8.698430e-04
2.353827e-03,3.463212e-02,2.124828e-02,1.970512e-03,1.833204e-01,3.331149e-02,1.943983e-03,1.370324e-02,1.604227e-01,6.556844e-03,1.127498e-01,3.731156e-01,4.955150e-02,3.982515e-03,1.137136e-03
3.033715e-03,4.204267e-02,1.852958e-02,1.725103e-03,1.740779e-01,3.861540e-02,2.188705e-03,1.593012e-02,2.800231e-01,5.547998e-03,9.024249e-02,2.783675e-01,4.408175e-02,4.482465e-03,1.111456e-03
2.469514e-03,2.996396e-02,1.304651e-02,1.216393e-03,1.737683e-01,3.019840e-02,3.059505e-03,1.180038e-02,4.323561e-01,3.915431e-03,6.500684e-02,1.977387e-01,3.146837e-02,3.183369e-03,8.082888e-04
1.970526e-03,2.225420e-02,9.272588e-03,8.840394e-04,1.582214e-01,2.640815e-02,3.046204e-03,8.933989e-03,5.558361e-01,2.771323e-03,4.589605e-02,1.389265e-01,2.272247e-02,2.252511e-03,6.039736e-04
1.779257e-03,1.666178e-02,6.534448e-03,6.498243e-04,1.285786e-01,3.414621e-02,3.015729e-03,6.332587e-03,6.517326e-01,1.971470e-03,3.233026e-02,9.742436e-02,1.675781e-02,1.583258e-03,5.017813e-04
2.466510e-03,1.222559e-02,4.624669e-03,7.167790e-04,1.718502e-01,2.890911e-02,4.788319e-03,4.912589e-03,6.559892e-01,1.497959e-03,2.273433e-02,6.835432e-02,1.910595e-02,1.120063e-03,7.043714e-04
2.979484e-03,8.796076e-03,3.256236e-03,5.994991e-04,2.424784e-01,2.215453e-02,1.289370e-02,3.846619e-03,6.216083e-01,1.066330e-03,1.598607e-02,4.790652e-02,1.508571e-02,7.899855e-04,5.525202e-04
8.886576e-03,6.417227e-03,2.297157e-03,5.934420e-04,2.600573e-01,1.683030e-02,2.006160e-02,3.745215e-03,6.237726e-01,7.538988e-04,1.120731e-02,3.358769e-02,1.080418e-02,5.568812e-04,4.285843e-04
3.391987e-02,7.932482e-03,1.780301e-03,1.199874e-03,2.482379e-01,1.737339e-02,1.657779e-02,4.907385e-03,6.254849e-01,5.534945e-04,7.989115e-03,2.380631e-02,8.292967e-03,4.493809e-04,1.494827e-03
5.296845e-02,8.366756e-03,1.302089e-03,1.819741e-03,2.305414e-01,2.437349e-02,1.268268e-02,4.915157e-03,6.306404e-01,4.185372e-04,5.889030e-03,1.718575e-02,6.177323e-03,4.098874e-04,2.309366e-03
7.414413e-02,1.372367e-02,1.060673e-03,1.289026e-02,2.736386e-01,2.056345e-02,1.146955e-02,1.387206e-02,5.490024e-01,5.264542e-04,4.614133e-03,1.345109e-02,4.918386e-03,3.550811e-04,5.770127e-03
8.285394e-02,1.492277e-02,1.439299e-03,5.315552e-02,2.891426e-01,1.635086e-02,9.190571e-03,2.590716e-02,4.773156e-01,1.530023e-03,3.491140e-03,1.067874e-02,3.699475e-03,2.826344e-04,1.003974e-02
7.639354e-02,1.169041e-02,1.002007e-02,7.872891e-02,2.698754e-01,1.464469e-02,7.205581e-03,6.153690e-02,4.442147e-01,2.140647e-03,2.775494e-03,7.807842e-03,2.777276e-03,2.284446e-04,9.960162e-03
5.819727e-02,1.029194e-02,1.209178e-02,6.613006e-02,1.959291e-01,1.179645e-02,5.117739e-03,2.969832e-01,3.240098e-01,1.750885e-03,2.584686e-03,5.532837e-03,2.003448e-03,1.832948e-04,7.397552e-03
4.366952e-02,8.546198e-03,9.063067e-03,4.897981e-02,1.394953e-01,9.266008e-03,3.620952e-03,4.921306e-01,2.310305e-01,1.291932e-03,2.171016e-03,3.900168e-03,1.441253e-03,1.395034e-04,5.254210e-03
3.283150e-02,6.186715e-03,6.932366e-03,3.549743e-02,9.840119e-02,6.620112e-03,2.562846e-03,6.386131e-01,1.619367e-01,9.354608e-04,1.824972e-03,2.760482e-03,1.061097e-03,1.088354e-04,3.727171e-03
2.524170e-02,4.461242e-03,5.128327e-03,2.536274e-02,7.016466e-02,4.738663e-03,1.840101e-03,7.419931e-01,1.135518e-01,6.741556e-04,1.393051e-03,1.946830e-03,7.917269e-04,8.184284e-05,2.630050e-03
2.139497e-02,3.231982e-03,3.891320e-03,1.827504e-02,5.081694e-02,3.532641e-03,1.392416e-03,8.120294e-01,7.961258e-02,5.005814e-04,1.265937e-03,1.413385e-03,6.679686e-04,7.467325e-05,1.900127e-03
1.811688e-02,2.286606e-03,3.042012e-03,1.302052e-02,3.636229e-02,2.780162e-03,1.048368e-03,8.631669e-01,5.577115e-02,3.570951e-04,1.005520e-03,1.061528e-03,5.615736e-04,6.160884e-05,1.357693e-03
1.994817e-02,1.728828e-03,2.407519e-03,9.355885e-03,2.667500e-02,2.724510e-03,8.389087e-04,8.933610e-01,3.915778e-02,2.609507e-04,1.018016e-03,8.839282e-04,5.767372e-04,7.313564e-05,9.896589e-04
1.895785e-02,1.239748e-03,1.815725e-03,6.653653e-03,1.962820e-02,2.302405e-03,7.071572e-04,9.182252e-01,2.747635e-02,1.856333e-04,8.712839e-04,7.193124e-04,4.546490e-04,5.907941e-05,7.036717e-04
1.543410e-02,8.911953e-04,1.364506e-03,4.724978e-03,1.534286e-02,1.799951e-03,5.753021e-04,9.383746e-01,1.925700e-02,1.314863e-04,6.747486e-04,5.279465e-04,3.540113e-04,4.532253e-05,5.018781e-04
1.342051e-02,6.721988e-04,1.097780e-03,3.415497e-03,1.347470e-02,1.542216e-03,7.648060e-04,9.503402e-01,1.352302e-02,9.756396e-05,5.117737e-04,4.094737e-04,3.215598e-04,3.714492e-05,3.715770e-04
1.229663e-02,4.893343e-04,8.799334e-04,2.517689e-03,1.067908e-02,1.141327e-03,7.330481e-04,9.604725e-01,9.491844e-03,7.167416e-05,3.727408e-04,3.128847e-04,2.475337e-04,2.814295e-05,2.655690e-04
1.268976e-02,3.663366e-04,7.269848e-04,1.899797e-03,8.673458e-03,8.783150e-04,6.982380e-04,9.663749e-01,6.666399e-03,5.339037e-05,2.808660e-04,2.587812e-04,2.156020e-04,2.224047e-05,1.948693e-04
1.615590e-02,2.964341e-04,6.030394e-04,1.513942e-03,8.153345e-03,7.792632e-04,7.579380e-04,9.660120e-01,4.699979e-03,4.326014e-05,2.375563e-04,2.987036e-04,2.573795e-04,2.252206e-05,1.687384e-04
2.514955e-02,2.644700e-04,5.572127e-04,1.415258e-03,7.827247e-03,7.637074e-04,8.541357e-04,9.585540e-01,3.339980e-03,4.439617e-05,2.313486e-04,4.224958e-04,3.556988e-04,3.025497e-05,1.902047e-04
5.248155e-02,1.946050e-03,1.349273e-03,3.955274e-03,1.024772e-02,2.892402e-03,1.237223e-03,9.036865e-01,3.591776e-03,6.539678e-04,2.454314e-03,6.431645e-03,4.573189e-03,5.918254e-04,3.907315e-03
7.595429e-02,8.407600e-03,2.267963e-03,1.165707e-02,1.198747e-02,4.981270e-03,1.299357e-03,7.489554e-01,2.436734e-02,6.431056e-03,1.305620e-02,2.705242e-02,3.576271e-02,2.735735e-03,2.508412e-02
1.109794e-01,1.877213e-02,2.445717e-03,1.603038e-02,1.392876e-02,5.882112e-03,1.240617e-03,6.383252e-01,4.524880e-02,1.056148e-02,1.842485e-02,3.417684e-02,4.236624e-02,3.202153e-03,3.841516e-02
1.624728e-01,2.598831e-02,3.629088e-03,2.573417e-02,1.303528e-02,8.014799e-03,1.487050e-03,4.924697e-01,7.309903e-02,1.745284e-02,1.876809e-02,4.105969e-02,4.871839e-02,5.939085e-03,6.213169e-02
2.349777e-01,2.820759e-02,4.208833e-03,2.486425e-02,1.232407e-02,9.625308e-03,1.821226e-03,3.997191e-01,6.663418e-02,2.064907e-02,1.927109e-02,3.666340e-02,6.935406e-02,6.052366e-03,6.562778e-02
2.623382e-01,2.751742e-02,3.915428e-03,2.649071e-02,1.079340e-02,1.097618e-02,1.667304e-03,2.926013e-01,6.433032e-02,1.613215e-02,1.716065e-02,3.057685e-02,1.687911e-01,6.161821e-03,6.054713e-02
2.357910e-01,2.401190e-02,3.077115e-03,1.992071e-02,8.410652e-03,9.309309e-03,1.318734e-03,2.082106e-01,5.635283e-02,1.151985e-02,1.382871e-02,2.713711e-02,3.323255e-01,5.073498e-03,4.371237e-02
2.054978e-01,2.016944e-02,2.507215e-03,1.453657e-02,8.002773e-03,9.191068e-03,1.029744e-03,1.471187e-01,4.976160e-02,8.155077e-03,1.072308e-02,2.505154e-02,4.627317e-01,4.318758e-03,3.120491e-02
1.668462e-01,1.592724e-02,2.133660e-03,1.030345e-02,6.556897e-03,8.387212e-03,1.081914e-03,1.037187e-01,3.856292e-02,5.753317e-03,7.846355e-03,1.936091e-02,5.878575e-01,3.401167e-03,2.226252e-02
1.317385e-01,1.276813e-02,1.699619e-03,7.350596e-03,5.072156e-03,6.495947e-03,8.792121e-04,7.297695e-02,2.990195e-02,4.052643e-03,5.914917e-03,1.564812e-02,6.862876e-01,3.395608e-03,1.581802e-02
1.017619e-01,1.128607e-02,1.396728e-03,5.220762e-03,4.408928e-03,5.890143e-03,7.693038e-04,5.138724e-02,2.462654e-02,2.859464e-03,4.520172e-03,1.527124e-02,7.558124e-01,3.442584e-03,1.134647e-02
7.550789e-02,1.051936e-02,1.089601e-03,3.726169e-03,4.163832e-03,4.727002e-03,6.209922e-04,3.621766e-02,2.444881e-02,2.043358e-03,3.542708e-03,1.453733e-02,8.079499e-01,2.746849e-03,8.158495e-03
5.547388e-02,8.551933e-03,8.541098e-04,2.681437e-03,3.590382e-03,3.566377e-03,5.424562e-04,2.557737e-02,1.891238e-02,1.476334e-03,2.851760e-03,1.595191e-02,8.520175e-01,2.074926e-03,5.877255e-03
4.091965e-02,6.590187e-03,6.574272e-04,1.892378e-03,3.083891e-03,2.645449e-03,4.415476e-04,1.807932e-02,1.394476e-02,1.046313e-03,2.045531e-03,2.483007e-02,8.781921e-01,1.487867e-03,4.143563e-03
3.140615e-02,5.212220e-03,5.447936e-04,1.347061e-03,2.680958e-03,3.190568e-03,3.860088e-04,1.285298e-02,1.049741e-02,7.580065e-04,1.531579e-03,2.748106e-02,8.980382e-01,1.135415e-03,2.937549e-03
2.485780e-02,3.976418e-03,5.902175e-04,9.484157e-04,2.640421e-03,4.259067e-03,6.615688e-04,9.455027e-03,8.210531e-03,5.401874e-04,1.130870e-03,2.637738e-02,9.134628e-01,8.181872e-04,2.071163e-03
1.885335e-02,3.587616e-03,6.872064e-04,6.763176e-04,2.714086e-03,1.603061e-02,8.268156e-04,7.032041e-03,6.739556e-03,4.017091e-04,8.455236e-04,3.146823e-02,9.080253e-01,5.988329e-04,1.512782e-03
1.647807e-02,4.949460e-03,5.702893e-03,1.626417e-03,2.924006e-03,1.285024e-01,1.141487e-03,5.339660e-03,8.040022e-03,7.456234e-04,7.693491e-04,2.653130e-02,7.934965e-01,6.001362e-04,3.152641e-03
1.358479e-02,3.957883e-03,4.293615e-03,1.733540e-03,2.599485e-03,1.493460e-01,1.018646e-03,4.948776e-03,1.434905e-02,8.772683e-04,1.356924e-03,2.679417e-02,7.690851e-01,5.204928e-04,5.534184e-03
1.219835e-02,3.089234e-03,3.139649e-03,1.364659e-03,2.437501e-03,1.120297e-01,1.201592e-03,6.582608e-03,1.275706e-02,8.717336e-04,1.861086e-03,2.418385e-02,8.108720e-01,4.912833e-04,6.919652e-03
2.057648e-02,7.560999e-03,2.997531e-03,3.932989e-03,3.882334e-03,8.356620e-02,1.331060e-03,5.596403e-03,6.772032e-02,2.489721e-03,6.357888e-03,4.364941e-02,7.404991e-01,9.088999e-04,8.930640e-03
1.674032e-02,5.926446e-03,2.385802e-03,2.976764e-03,3.135225e-03,6.814506e-02,1.261728e-03,4.393660e-03,5.914758e-02,1.925758e-03,8.118717e-03,8.665092e-02,7.273785e-01,2.618171e-03,9.195278e-03
1.791296e-02,4.364858e-03,1.773440e-03,2.545626e-03,2.536479e-03,5.632640e-02,1.016307e-03,3.215505e-03,4.604749e-02,1.571662e-03,1.152531e-02,1.522354e-01,6.858604e-01,5.583134e-03,7.485031e-03
1.326946e-02,3.124232e-03,1.282229e-03,1.874851e-03,1.999611e-03,5.325458e-02,7.700258e-04,2.256965e-03,3.328497e-02,1.519372e-03,1.638226e-02,2.038251e-01,6.563978e-01,4.923194e-03,5.835284e-03
9.843525e-03,2.250842e-03,9.455736e-04,1.403502e-03,1.531143e-03,4.142146e-02,6.054394e-04,1.588027e-03,2.436667e-02,2.206523e-03,2.508248e-02,2.857214e-01,5.937186e-01,4.856960e-03,4.457852e-03
8.007416e-03,1.721362e-03,7.853164e-04,1.245434e-03,1.276119e-03,5.033706e-02,4.914204e-04,1.117653e-03,1.747817e-02,2.136644e-03,2.848596e-02,3.730254e-01,5.057434e-01,4.926965e-03,3.221734e-03
5.991239e-03,1.236750e-03,5.940275e-04,9.987520e-04,1.441295e-03,3.913483e-02,5.249978e-04,8.091170e-04,1.260212e-02,2.591436e-03,3.622381e-02,4.683179e-01,4.234499e-01,3.625327e-03,2.458497e-03
4.687534e-03,8.936342e-04,4.921624e-04,7.976338e-04,2.852924e-03,2.847868e-02,4.880292e-04,6.680609e-04,1.076429e-02,2.580974e-03,4.485900e-02,5.194844e-01,3.783268e-01,2.661837e-03,1.964052e-03
3.847062e-03,6.706807e-04,6.084610e-04,5.878225e-04,2.720436e-03,2.152850e-02,4.515540e-04,6.187663e-04,1.304041e-02,2.863936e-03,3.755812e-02,6.235137e-01,2.883136e-01,2.084348e-03,1.592558e-03
2.965070e-03,4.893432e-04,5.349923e-04,5.062862e-04,9.702137e-03,1.640590e-02,5.928128e-04,6.445455e-04,1.799764e-02,2.794271e-03,3.199933e-02,6.832097e-01,2.294815e-01,1.500185e-03,1.176324e-03
2.681846e-03,3.884776e-04,1.359821e-03,4.859249e-04,3.002721e-02,1.266695e-02,1.630450e-03,8.062362e-03,2.248835e-02,2.844015e-03,2.656186e-02,6.667039e-01,2.220767e-01,1.130850e-03,8.913027e-04
2.469072e-03,3.141857e-04,2.065561e-03,3.853939e-04,3.910355e-02,9.227175e-03,1.478885e-03,1.370458e-02,2.931714e-02,3.029435e-03,2.129805e-02,6.855363e-01,1.905721e-01,8.297062e-04,6.688312e-04
3.156783e-03,3.126434e-04,2.290897e-03,3.764046e-04,5.788806e-02,6.762734e-03,1.892454e-03,2.090793e-02,3.837209e-02,3.934032e-03,1.841039e-02,6.583098e-01,1.862596e-01,6.169306e-04,5.092127e-04
3.927634e-03,3.679798e-04,4.565078e-03,4.025174e-04,9.580514e-02,4.968172e-03,2.084337e-03,3.737808e-02,5.090575e-02,4.401984e-03,1.433561e-02,5.915030e-01,1.884644e-01,4.942358e-04,3.960643e-04
5.419543e-03,4.150878e-04,3.886552e-03,4.529519e-04,1.605766e-01,3.743349e-03,2.512672e-03,5.338556e-02,7.004078e-02,4.368754e-03,1.248873e-02,4.938411e-01,1.881899e-01,3.794900e-04,2.990263e-04
7.354079e-03,8.178039e-04,4.004792e-03,5.562049e-04,1.926907e-01,3.266489e-03,2.293820e-03,7.488091e-02,1.215703e-01,4.357609e-03,1.101126e-02,3.942567e-01,1.823519e-01,3.334808e-04,2.540080e-04
7.279200e-03,9.204904e-04,4.208921e-03,8.022829e-04,2.070914e-01,2.503932e-03,1.793426e-03,1.835090e-01,1.208282e-01,3.744850e-03,1.046138e-02,2.910178e-01,1.653619e-01,2.562757e-04,2.209132e-04
6.782856e-03,1.058947e-03,4.887142e-03,1.495927e-03,2.061232e-01,1.921719e-03,1.380867e-03,2.764999e-01,1.343492e-01,2.994582e-03,9.399800e-03,2.105943e-01,1.421218e-01,1.998230e-04,1.899831e-04
9.499380e-03,9.243882e-04,1.525478e-02,5.335255e-03,2.032976e-01,1.538114e-03,1.552564e-03,3.738750e-01,1.146934e-01,2.290739e-03,8.725784e-03,1.500929e-01,1.125798e-01,1.700574e-04,1.702812e-04
1.687150e-02,8.298178e-04,1.281591e-02,6.442242e-03,3.266579e-01,1.624585e-03,3.209848e-03,3.116338e-01,1.169777e-01,1.776982e-03,7.704947e-03,1.081637e-01,8.495007e-02,1.691274e-04,1.719932e-04
2.784842e-02,8.891388e-04,1.544446e-02,2.206050e-02,3.509004e-01,1.442235e-03,2.978694e-03,3.423960e-01,8.942128e-02,1.329322e-03,6.211608e-03,7.713918e-02,6.162135e-02,1.544849e-04,1.629695e-04
4.357547e-02,1.263571e-03,2.117071e-02,1.017071e-01,3.359050e-01,4.610822e-03,3.846925e-03,2.881058e-01,9.101737e-02,1.004659e-03,5.046044e-03,5.724223e-02,4.508802e-02,1.367671e-04,2.795862e-04
5.648163e-02,1.678560e-03,1.884837e-02,1.089004e-01,4.043263e-01,4.289593e-03,8.102588e-03,2.239462e-01,9.352027e-02,8.963109e-04,4.210417e-03,4.164187e-02,3.265342e-02,1.542829e-04,3.498113e-04
7.435653e-02,2.473449e-03,1.865620e-02,9.976882e-02,4.701930e-01,4.001418e-03,1.001262e-02,1.810453e-01,7.970846e-02,6.908905e-04,3.945768e-03,3.060052e-02,2.386420e-02,2.454706e-04,4.372966e-04
9.029821e-02,1.942499e-03,1.462333e-02,7.875532e-02,4.423137e-01,3.664012e-03,8.298129e-03,2.560461e-01,6.042229e-02,5.053555e-04,3.185549e-03,2.212323e-02,1.729038e-02,1.862693e-04,3.456303e-04
9.006847e-02,1.473023e-03,1.071690e-02,5.903331e-02,3.394910e-01,2.782965e-03,6.140121e-03,4.160053e-01,4.310013e-02,3.576826e-04,2.369762e-03,1.568663e-02,1.238529e-02,1.369559e-04,2.525238e-04
7.440640e-02,1.093446e-03,7.632723e-03,4.181099e-02,2.474230e-01,2.164107e-03,4.413790e-03,5.685903e-01,3.036125e-02,2.531607e-04,1.712469e-03,1.105181e-02,8.805281e-03,1.005456e-04,1.806807e-04
6.675248e-02,8.469910e-04,5.528485e-03,3.001138e-02,1.810427e-01,2.711560e-03,3.314247e-03,6.723412e-01,2.140354e-02,1.805437e-04,1.291000e-03,7.948461e-03,6.398315e-03,8.455287e-05,1.445436e-04
7.363033e-02,7.390053e-04,4.039720e-03,2.154632e-02,1.299471e-01,6.207337e-03,2.524777e-03,7.325144e-01,1.519466e-02,1.363473e-04,1.236115e-03,6.771539e-03,5.198238e-03,1.317637e-04,1.823612e-04
6.286657e-02,6.511967e-04,2.978530e-03,1.759180e-02,9.169517e-02,5.364755e-03,1.866972e-03,6.140099e-01,1.085502e-02,5.331422e-04,3.055364e-02,1.396163e-01,1.765321e-02,3.399331e-03,3.644269e-04
4.540389e-02,4.951924e-04,2.146338e-03,1.336137e-02,6.472911e-02,5.105186e-03,1.367819e-03,4.401461e-01,8.015178e-03,4.432789e-04,3.067524e-02,3.696460e-01,1.493581e-02,3.209769e-03,3.197565e-04
3.257819e-02,3.612388e-04,1.514380e-03,9.540723e-03,4.544402e-02,4.243724e-03,9.792611e-04,3.102954e-01,6.142788e-03,3.481288e-04,2.875358e-02,5.443668e-01,1.258362e-02,2.610668e-03,2.374184e-04
2.537398e-02,2.613272e-04,1.072576e-03,6.793809e-03,3.191981e-02,3.889125e-03,7.197941e-04,2.192408e-01,4.953397e-03,2.814443e-04,2.536563e-02,6.665255e-01,1.136658e-02,2.048592e-03,1.876289e-04
1.979800e-02,2.157338e-04,7.876516e-04,4.797265e-03,2.283366e-02,4.133663e-03,5.824107e-04,1.547379e-01,4.963708e-03,2.623872e-04,2.334969e-02,7.510295e-01,1.084987e-02,1.504659e-03,1.538841e-04
1.436941e-02,2.477253e-04,6.512995e-04,3.406904e-03,1.684333e-02,5.563623e-03,5.550176e-04,1.091191e-01,5.098034e-03,3.760384e-04,2.150152e-02,8.116527e-01,9.379851e-03,1.108939e-03,1.265196e-04
