1.000000e+00,0.000000e+00,0.000000e+00,0.000000e+00,0.000000e+00,0.000000e+00,0.000000e+00,0.000000e+00,0.000000e+00,0.000000e+00,0.000000e+00,0.000000e+00,0.000000e+00,0.000000e+00,0.000000e+00
1.000000e+00,0.000000e+00,0.000000e+00,0.000000e+00,0.000000e+00,0.000000e+00,0.000000e+00,0.000000e+00,0.000000e+00,0.000000e+00,0.000000e+00,0.000000e+00,0.000000e+00,0.000000e+00,0.000000e+00
1.000000e+00,0.000000e+00,0.000000e+00,0.000000e+00,0.000000e+00,0.000000e+00,0.000000e+00,0.000000e+00,0.000000e+00,0.000000e+00,0.000000e+00,0.000000e+00,0.000000e+00,0.000000e+00,0.000000e+00
1.000000e+00,0.000000e+00,0.000000e+00,0.000000e+00,0.000000e+00,0.000000e+00,0.000000e+00,0.000000e+00,0.000000e+00,0.000000e+00,0.000000e+00,0.000000e+00,0.000000e+00,0.000000e+00,0.000000e+00
1.000000e+00,0.000000e+00,0.000000e+00,0.000000e+00,0.000000e+00,0.000000e+00,0.000000e+00,0.000000e+00,0.000000e+00,0.000000e+00,0.000000e+00,0.000000e+00,0.000000e+00,0.000000e+00,0.000000e+00
1.000000e+00,0.000000e+00,0.000000e+00,0.000000e+00,0.000000e+00,0.000000e+00,0.000000e+00,0.000000e+00,0.000000e+00,0.000000e+00,0.000000e+00,0.000000e+00,0.000000e+00,0.000000e+00,0.000000e+00
1.000000e+00,0.000000e+00,0.000000e+00,0.000000e+00,0.000000e+00,0.000000e+00,0.000000e+00,0.000000e+00,0.000000e+00,0.000000e+00,0.000000e+00,0.000000e+00,0.000000e+00,0.000000e+00,0.000000e+00
1.000000e+00,0.000000e+00,0.000000e+00,0.000000e+00,0.000000e+00,0.000000e+00,0.000000e+00,0.000000e+00,0.000000e+00,0.000000e+00,0.000000e+00,0.000000e+00,0.000000e+00,0.000000e+00,0.000000e+00
1.000000e+00,0.000000e+00,0.000000e+00,0.000000e+00,0.000000e+00,0.000000e+00,0.000000e+00,0.000000e+00,0.000000e+00,0.000000e+00,0.000000e+00,0.000000e+00,0.000000e+00,0.000000e+00,0.000000e+00
1.000000e+00,0.000000e+00,0.000000e+00,0.000000e+00,0.000000e+00,0.000000e+00,0.000000e+00,0.000000e+00,0.000000e+00,0.000000e+00,0.000000e+00,0.000000e+00,0.000000e+00,0.000000e+00,0.000000e+00
1.000000e+00,0.000000e+00,0.000000e+00,0.000000e+00,0.000000e+00,0.000000e+00,0.000000e+00,0.000000e+00,0.000000e+00,0.000000e+00,0.000000e+00,0.000000e+00,0.000000e+00,0.000000e+00,0.000000e+00
1.000000e+00,0.000000e+00,0.000000e+00,0.000000e+00,0.000000e+00,0.000000e+00,0.000000e+00,0.000000e+00,0.000000e+00,0.000000e+00,0.000000e+00,0.000000e+00,0.000000e+00,0.000000e+00,0.000000e+00
1.000000e+00,0.000000e+00,0.000000e+00,0.000000e+00,0.000000e+00,0.000000e+00,0.000000e+00,0.000000e+00,0.000000e+00,0.000000e+00,0.000000e+00,0.000000e+00,0.000000e+00,0.000000e+00,0.000000e+00
1.000000e+00,0.000000e+00,0.000000e+00,0.000000e+00,0.000000e+00,0.000000e+00,0.000000e+00,0.000000e+00,0.000000e+00,0.000000e+00,0.000000e+00,0.000000e+00,0.000000e+00,0.000000e+00,0.000000e+00
1.000000e+00,0.000000e+00,0.000000e+00,0.000000e+00,0.000000e+00,0.000000e+00,0.000000e+00,0.000000e+00,0.000000e+00,0.000000e+00,0.000000e+00,0.000000e+00,0.000000e+00,0.000000e+00,0.000000e+00
1.000000e+00,0.000000e+00,0.000000e+00,0.000000e+00,0.000000e+00,0.000000e+00,0.000000e+00,0.000000e+00,0.000000e+00,0.000000e+00,0.000000e+00,0.000000e+00,0.000000e+00,0.000000e+00,0.000000e+00
1.000000e+00,0.000000e+00,0.000000e+00,0.000000e+00,0.000000e+00,0.000000e+00,0.000000e+00,0.000000e+00,0.000000e+00,0.000000e+00,0.000000e+00,0.000000e+00,0.000000e+00,0.000000e+00,0.000000e+00
1.000000e+00,0.000000e+00,0.000000e+00,0.000000e+00,0.000000e+00,0.000000e+00,0.000000e+00,0.000000e+00,0.000000e+00,0.000000e+00,0.000000e+00,0.000000e+00,0.000000e+00,0.000000e+00,0.000000e+00
1.000000e+00,0.000000e+00,0.000000e+00,0.000000e+00,0.000000e+00,0.000000e+00,0.000000e+00,0.000000e+00,0.000000e+00,0.000000e+00,0.000000e+00,0.000000e+00,0.000000e+00,0.000000e+00,0.000000e+00
1.000000e+00,0.000000e+00,0.000000e+00,0.000000e+00,0.000000e+00,0.000000e+00,0.000000e+00,0.000000e+00,0.000000e+00,0.000000e+00,0.000000e+00,0.000000e+00,0.000000e+00,0.000000e+00,0.000000e+00
1.000000e+00,0.000000e+00,0.000000e+00,0.000000e+00,0.000000e+00,0.000000e+00,0.000000e+00,0.000000e+00,0.000000e+00,0.000000e+00,0.000000e+00,0.000000e+00,0.000000e+00,0.000000e+00,0.000000e+00
1.000000e+00,0.000000e+00,0.000000e+00,0.000000e+00,0.000000e+00,0.000000e+00,0.000000e+00,0.000000e+00,0.000000e+00,0.000000e+00,0.000000e+00,0.000000e+00,0.000000e+00,0.000000e+00,0.000000e+00
1.000000e+00,0.000000e+00,0.000000e+00,0.000000e+00,0.000000e+00,0.000000e+00,0.000000e+00,0.000000e+00,0.000000e+00,0.000000e+00,0.000000e+00,0.000000e+00,0.000000e+00,0.000000e+00,0.000000e+00
1.000000e+00,0.000000e+00,0.000000e+00,0.000000e+00,0.000000e+00,0.000000e+00,0.000000e+00,0.000000e+00,0.000000e+00,0.000000e+00,0.000000e+00,0.000000e+00,0.000000e+00,0.000000e+00,0.000000e+00
1.000000e+00,0.000000e+00,0.000000e+00,0.000000e+00,0.000000e+00,0.000000e+00,0.000000e+00,0.000000e+00,0.000000e+00,0.000000e+00,0.000000e+00,0.000000e+00,0.000000e+00,0.000000e+00,0.000000e+00
1.000000e+00,0.000000e+00,0.000000e+00,0.000000e+00,0.000000e+00,0.000000e+00,0.000000e+00,0.000000e+00,0.000000e+00,0.000000e+00,0.000000e+00,0.000000e+00,0.000000e+00,0.000000e+00,0.000000e+00
1.000000e+00,0.000000e+00,0.000000e+00,0.000000e+00,0.000000e+00,0.000000e+00,0.000000e+00,0.000000e+00,0.000000e+00,0.000000e+00,0.000000e+00,0.000000e+00,0.000000e+00,0.000000e+00,0.000000e+00
1.000000e+00,0.000000e+00,0.000000e+00,0.000000e+00,0.000000e+00,0.000000e+00,0.000000e+00,0.000000e+00,0.000000e+00,0.000000e+00,0.000000e+00,0.000000e+00,0.000000e+00,0.000000e+00,0.000000e+00
1.000000e+00,0.000000e+00,0.000000e+00,0.000000e+00,0.000000e+00,0.000000e+00,0.000000e+00,0.000000e+00,0.000000e+00,0.000000e+00,0.000000e+00,0.000000e+00,0.000000e+00,0.000000e+00,0.000000e+00
1.000000e+00,0.000000e+00,0.000000e+00,0.000000e+00,0.000000e+00,0.000000e+00,0.000000e+00,0.000000e+00,0.000000e+00,0.000000e+00,0.000000e+00,0.000000e+00,0.000000e+00,0.000000e+00,0.000000e+00
1.000000e+00,0.000000e+00,0.000000e+00,0.000000e+00,0.000000e+00,0.000000e+00,0.000000e+00,0.000000e+00,0.000000e+00,0.000000e+00,0.000000e+00,0.000000e+00,0.000000e+00,0.000000e+00,0.000000e+00
1.000000e+00,0.000000e+00,0.000000e+00,0.000000e+00,0.000000e+00,0.000000e+00,0.000000e+00,0.000000e+00,0.000000e+00,0.000000e+00,0.000000e+00,0.000000e+00,0.000000e+00,0.000000e+00,0.000000e+00
1.000000e+00,0.000000e+00,0.000000e+00,0.000000e+00,0.000000e+00,0.000000e+00,0.000000e+00,0.000000e+00,0.000000e+00,0.000000e+00,0.000000e+00,0.000000e+00,0.000000e+00,0.000000e+00,0.000000e+00
1.000000e+00,0.000000e+00,0.000000e+00,0.000000e+00,0.000000e+00,0.000000e+00,0.000000e+00,0.000000e+00,0.000000e+00,0.000000e+00,0.000000e+00,0.000000e+00,0.000000e+00,0.000000e+00,0.000000e+00
1.000000e+00,0.000000e+00,0.000000e+00,0.000000e+00,0.000000e+00,0.000000e+00,0.000000e+00,0.000000e+00,0.000000e+00,0.000000e+00,0.000000e+00,0.000000e+00,0.000000e+00,0.000000e+00,0.000000e+00
1.000000e+00,0.000000e+00,0.000000e+00,0.000000e+00,0.000000e+00,0.000000e+00,0.000000e+00,0.000000e+00,0.000000e+00,0.000000e+00,0.000000e+00,0.000000e+00,0.000000e+00,0.000000e+00,0.000000e+00
1.000000e+00,0.000000e+00,0.000000e+00,0.000000e+00,0.000000e+00,0.000000e+00,0.000000e+00,0.000000e+00,0.000000e+00,0.000000e+00,0.000000e+00,0.000000e+00,0.000000e+00,0.000000e+00,0.000000e+00
1.000000e+00,0.000000e+00,0.000000e+00,0.000000e+00,0.000000e+00,0.000000e+00,0.000000e+00,0.000000e+00,0.000000e+00,0.000000e+00,0.000000e+00,0.000000e+00,0.000000e+00,0.000000e+00,0.000000e+00
1.000000e+00,0.000000e+00,0.000000e+00,0.000000e+00,0.000000e+00,0.000000e+00,0.000000e+00,0.000000e+00,0.000000e+00,0.000000e+00,0.000000e+00,0.000000e+00,0.000000e+00,0.000000e+00,0.000000e+00
1.000000e+00,0.000000e+00,0.000000e+00,0.000000e+00,0.000000e+00,0.000000e+00,0.000000e+00,0.000000e+00,0.000000e+00,0.000000e+00,0.000000e+00,0.000000e+00,0.000000e+00,0.000000e+00,0.000000e+00
1.000000e+00,0.000000e+00,0.000000e+00,0.000000e+00,0.000000e+00,0.000000e+00,0.000000e+00,0.000000e+00,0.000000e+00,0.000000e+00,0.000000e+00,0.000000e+00,0.000000e+00,0.000000e+00,0.000000e+00
1.000000e+00,0.000000e+00,0.000000e+00,0.000000e+00,0.000000e+00,0.000000e+00,0.000000e+00,0.000000e+00,0.000000e+00,0.000000e+00,0.000000e+00,0.000000e+00,0.000000e+00,0.000000e+00,0.000000e+00
1.000000e+00,0.000000e+00,0.000000e+00,0.000000e+00,0.000000e+00,0.000000e+00,0.000000e+00,0.000000e+00,0.000000e+00,0.000000e+00,0.000000e+00,0.000000e+00,0.000000e+00,0.000000e+00,0.000000e+00
1.000000e+00,0.000000e+00,0.000000e+00,0.000000e+00,0.000000e+00,0.000000e+00,0.000000e+00,0.000000e+00,0.000000e+00,0.000000e+00,0.000000e+00,0.000000e+00,0.000000e+00,0.000000e+00,0.000000e+00
1.000000e+00,0.000000e+00,0.000000e+00,0.000000e+00,0.000000e+00,0.000000e+00,0.000000e+00,0.000000e+00,0.000000e+00,0.000000e+00,0.000000e+00,0.000000e+00,0.000000e+00,0.000000e+00,0.000000e+00
1.000000e+00,0.000000e+00,0.000000e+00,0.000000e+00,0.000000e+00,0.000000e+00,0.000000e+00,0.000000e+00,0.000000e+00,0.000000e+00,0.000000e+00,0.000000e+00,0.000000e+00,0.000000e+00,0.000000e+00
1.000000e+00,0.000000e+00,0.000000e+00,0.000000e+00,0.000000e+00,0.000000e+00,0.000000e+00,0.000000e+00,0.000000e+00,0.000000e+00,0.000000e+00,0.000000e+00,0.000000e+00,0.000000e+00,0.000000e+00
1.000000e+00,0.000000e+00,0.000000e+00,0.000000e+00,0.000000e+00,0.000000e+00,0.000000e+00,0.000000e+00,0.000000e+00,0.000000e+00,0.000000e+00,0.000000e+00,0.000000e+00,0.000000e+00,0.000000e+00
1.000000e+00,0.000000e+00,0.000000e+00,0.000000e+00,0.000000e+00,0.000000e+00,0.000000e+00,0.000000e+00,0.000000e+00,0.000000e+00,0.000000e+00,0.000000e+00,0.000000e+00,0.000000e+00,0.000000e+00
1.000000e+00,0.000000e+00,0.000000e+00,0.000000e+00,0.000000e+00,0.000000e+00,0.000000e+00,0.000000e+00,0.000000e+00,0.000000e+00,0.000000e+00,0.000000e+00,0.000000e+00,0.000000e+00,0.000000e+00
1.000000e+00,0.000000e+00,0.000000e+00,0.000000e+00,0.000000e+00,0.000000e+00,0.000000e+00,0.000000e+00,0.000000e+00,0.000000e+00,0.000000e+00,0.000000e+00,0.000000e+00,0.000000e+00,0.000000e+00
4.665236e-01,2.637513e-02,3.895082e-02,1.085450e-01,1.146013e-02,2.150159e-02,4.649815e-03,1.266820e-02,6.406300e-02,4.251713e-03,1.779921e-02,3.391008e-02,5.908993e-02,5.745820e-03,1.244659e-01
3.651247e-01,2.995129e-02,3.310179e-02,1.978305e-01,9.312295e-03,2.216451e-02,4.333842e-03,1.019784e-02,7.647646e-02,4.065655e-03,1.350160e-02,2.605920e-02,8.919138e-02,4.529824e-03,1.141591e-01
2.707355e-01,2.261248e-02,2.537961e-02,1.533594e-01,6.898895e-03,3.636739e-02,3.722994e-03,7.793947e-03,6.422058e-02,3.232953e-03,9.958262e-03,1.862694e-02,2.783072e-01,3.331090e-03,9.545280e-02
1.938995e-01,1.613287e-02,1.822746e-02,1.079178e-01,4.881985e-03,4.692464e-02,2.738682e-03,5.541028e-03,4.536179e-02,2.287927e-03,6.996808e-03,1.306251e-02,4.658814e-01,2.344565e-03,6.780087e-02
1.507018e-01,1.166212e-02,1.390947e-02,7.585213e-02,3.563045e-03,8.254831e-02,2.612399e-03,4.280198e-03,3.194574e-02,1.615816e-03,4.939797e-03,9.223373e-03,5.571003e-01,1.674918e-03,4.837054e-02
1.138039e-01,8.389661e-03,1.085517e-02,5.331046e-02,2.563973e-03,8.965416e-02,2.388857e-03,3.285340e-03,2.248200e-02,1.142894e-03,3.493913e-03,6.532437e-03,6.457560e-01,1.189520e-03,3.515171e-02
8.457921e-02,6.064483e-03,8.590532e-03,3.747449e-02,1.853939e-03,8.861521e-02,2.135556e-03,2.480818e-03,1.593582e-02,8.311475e-04,2.482318e-03,4.657311e-03,7.152193e-01,8.483817e-04,2.823156e-02
6.010439e-02,4.287615e-03,6.172282e-03,2.629429e-02,1.368567e-03,7.768438e-02,1.885290e-03,1.835792e-03,1.121425e-02,5.927330e-04,1.771041e-03,3.314470e-03,7.761902e-01,5.993722e-04,2.668535e-02
4.223091e-02,3.015789e-03,4.331982e-03,1.841956e-02,9.829194e-04,6.401972e-02,1.508977e-03,1.311810e-03,7.897943e-03,4.298502e-04,1.273534e-03,2.373997e-03,8.192579e-01,4.217322e-04,3.252345e-02
2.959598e-02,2.133272e-03,3.039206e-03,1.292312e-02,7.054136e-04,5.356859e-02,1.210897e-03,9.318637e-04,5.644342e-03,3.233312e-04,1.010257e-03,1.889132e-03,8.419398e-01,2.972189e-04,4.478753e-02
2.072981e-02,1.502170e-03,2.129733e-03,9.053892e-03,5.055782e-04,4.129829e-02,9.563377e-04,6.600732e-04,3.994798e-03,2.412290e-04,7.977377e-04,1.439802e-03,8.646852e-01,2.102993e-04,5.179505e-02
1.456108e-02,1.066820e-03,1.498729e-03,6.394605e-03,3.754495e-04,3.369611e-02,7.609247e-04,4.683656e-04,3.004329e-03,2.773544e-04,8.325160e-04,1.287556e-03,8.605706e-01,1.653468e-04,7.504024e-02
1.023063e-02,7.625779e-04,1.054715e-03,4.615175e-03,2.767414e-04,2.790412e-02,5.510408e-04,3.311310e-04,2.595859e-03,4.592502e-04,7.732721e-04,1.175243e-03,7.997293e-01,1.514781e-04,1.493895e-01
7.250679e-03,5.433251e-04,7.448760e-04,3.363406e-03,2.279233e-04,2.959879e-02,4.234122e-04,2.367084e-04,2.918926e-03,1.042666e-03,7.722127e-04,2.023554e-03,8.085577e-01,2.025670e-04,1.420933e-01
5.264885e-03,4.036005e-04,5.318479e-04,2.547250e-03,2.617677e-04,4.818647e-02,3.548601e-04,1.906960e-04,6.034237e-03,2.541580e-03,8.087851e-03,1.552871e-02,7.947121e-01,6.270907e-04,1.147271e-01
3.869528e-03,3.898075e-04,3.987107e-04,1.939587e-03,2.247868e-04,4.632615e-02,2.959498e-04,1.576303e-04,1.373083e-02,4.056138e-03,1.012691e-02,2.775120e-02,7.872187e-01,1.068485e-03,1.024456e-01
2.800736e-03,8.830792e-03,8.469461e-04,1.622234e-03,3.191616e-04,3.330133e-02,2.143911e-04,1.445639e-04,1.090706e-01,7.464325e-03,1.074654e-02,5.155567e-02,6.729097e-01,1.275116e-03,9.889792e-02
1.990124e-03,1.161952e-02,7.533259e-04,1.439707e-03,3.716103e-04,2.474593e-02,1.538387e-04,1.226559e-04,2.782944e-01,7.597265e-03,1.036768e-02,4.289141e-02,4.962825e-01,1.108910e-03,1.222613e-01
1.427431e-03,1.579964e-02,6.529830e-04,1.304665e-03,4.302580e-04,2.245058e-02,1.081052e-04,9.272228e-05,4.420145e-01,5.919341e-03,8.253262e-03,3.094243e-02,3.497581e-01,9.412422e-04,1.199048e-01
1.054124e-03,1.306047e-02,4.849561e-04,1.235887e-03,4.253866e-04,2.133318e-02,7.643188e-05,7.709023e-05,5.739860e-01,4.637772e-03,6.582673e-03,2.227670e-02,2.462161e-01,1.119889e-03,1.074334e-01
9.603812e-04,1.815575e-02,3.927352e-04,1.194774e-03,7.864474e-04,2.524631e-02,5.742752e-05,7.866028e-05,6.254880e-01,4.750358e-03,5.731537e-03,1.680900e-02,1.739600e-01,1.599477e-03,1.247891e-01
8.573314e-04,1.496886e-02,2.921189e-04,1.105336e-03,7.939916e-04,2.446134e-02,4.586288e-05,9.613598e-05,7.149215e-01,4.202366e-03,4.819911e-03,1.281823e-02,1.226005e-01,1.723479e-03,9.629312e-02
9.594305e-04,2.334611e-02,2.770246e-04,1.196052e-03,6.257681e-03,2.340133e-02,1.103426e-04,1.690022e-04,7.441632e-01,4.492102e-03,5.986858e-03,1.023664e-02,8.742245e-02,2.084944e-03,8.989687e-02
7.843223e-04,2.170427e-02,2.824962e-04,2.314505e-03,8.324744e-03,2.577151e-02,1.692378e-04,6.997298e-04,7.910262e-01,4.228178e-03,5.349732e-03,7.711146e-03,6.236671e-02,2.065658e-03,6.720159e-02
9.632477e-04,1.751147e-02,2.468628e-04,3.592398e-03,6.563730e-03,4.096145e-02,1.586508e-04,1.070815e-03,7.985091e-01,4.316011e-03,4.207201e-03,5.941891e-03,4.959863e-02,1.987494e-03,6.437112e-02
1.304224e-03,1.433137e-02,1.959466e-04,3.901738e-03,7.584833e-03,6.387535e-02,2.987930e-04,1.133030e-03,8.013685e-01,3.769377e-03,3.478877e-03,4.814474e-03,3.950477e-02,1.785143e-03,5.265362e-02
1.040947e-03,1.124781e-02,1.700029e-04,3.842101e-03,5.844933e-03,5.303835e-02,2.166950e-04,9.671373e-04,8.390851e-01,3.521018e-03,2.852704e-03,3.439035e-03,2.804089e-02,1.809039e-03,4.488423e-02
9.429768e-04,1.192681e-02,1.524433e-04,3.005326e-03,5.734146e-03,4.012043e-02,1.697702e-04,7.038499e-04,8.595935e-01,3.321922e-03,2.718110e-03,2.464186e-03,2.097274e-02,3.140121e-03,4.503364e-02
6.752584e-04,8.989742e-03,1.150086e-04,2.160792e-03,4.083604e-03,2.846854e-02,1.200909e-04,4.943956e-04,8.922323e-01,2.537724e-03,2.157198e-03,1.732749e-03,1.494904e-02,3.955454e-03,3.732813e-02
5.070235e-04,7.161040e-03,8.939923e-05,1.649391e-03,2.929514e-03,2.037472e-02,8.557554e-05,3.539049e-04,9.184108e-01,1.865198e-03,1.718894e-03,1.248459e-03,1.079023e-02,3.359711e-03,2.945613e-02
1.292603e-03,1.325581e-02,1.883690e-04,1.677848e-03,5.721468e-03,2.258947e-02,1.111493e-04,2.825386e-04,8.934271e-01,1.972633e-03,3.636760e-03,1.162749e-03,9.404502e-03,4.674220e-03,4.060291e-02
4.570796e-03,1.166160e-02,1.362947e-03,1.328574e-02,1.026906e-02,2.639505e-02,8.535834e-04,5.614572e-03,8.650528e-01,2.006118e-03,6.343661e-03,1.180137e-03,8.914829e-03,3.860520e-03,3.862858e-02
1.542059e-02,1.368990e-02,3.565784e-03,3.329112e-02,7.155000e-02,6.151343e-02,3.572845e-03,7.861782e-03,7.094945e-01,2.949406e-03,7.269968e-03,1.155837e-03,1.000917e-02,3.493021e-03,5.516259e-02
3.165076e-02,1.720430e-02,9.757972e-03,5.559964e-02,8.547270e-02,7.510659e-02,4.800408e-03,6.771104e-03,5.955826e-01,4.241604e-03,7.232455e-03,1.051307e-03,8.381273e-03,2.999788e-03,9.414750e-02
2.967494e-02,1.712247e-02,5.047096e-02,9.502855e-02,7.089121e-02,5.703297e-02,3.992313e-03,6.035004e-03,5.305023e-01,7.546973e-03,5.690982e-03,1.236287e-03,6.472262e-03,2.534195e-03,1.157686e-01
2.897322e-02,1.425644e-02,3.844215e-02,8.241525e-02,6.008058e-02,2.608077e-01,3.540351e-03,6.749040e-03,3.905953e-01,7.857943e-03,4.861339e-03,1.118311e-03,5.010476e-03,2.632372e-03,9.265950e-02
2.461395e-02,1.022058e-02,2.798413e-02,5.937840e-02,5.931918e-02,3.151141e-01,2.927494e-03,1.427798e-01,2.753092e-01,6.022614e-03,3.706812e-03,8.509624e-04,4.594136e-03,2.048651e-03,6.512998e-02
1.929060e-02,7.401636e-03,2.053716e-02,4.250982e-02,4.505226e-02,2.549456e-01,2.252821e-03,3.561202e-01,1.931365e-01,4.489998e-03,3.034455e-03,6.228026e-04,3.442311e-03,1.492520e-03,4.567140e-02
1.469842e-02,5.248914e-03,1.465639e-02,3.032868e-02,3.368453e-02,1.804311e-01,2.590602e-03,5.184534e-01,1.377971e-01,4.325591e-03,1.504539e-02,3.134178e-03,6.385440e-03,1.067250e-03,3.215307e-02
1.073838e-02,3.711002e-03,1.053989e-02,2.206367e-02,2.390620e-02,1.274420e-01,2.082839e-03,4.929063e-01,1.143113e-01,1.196927e-02,1.102529e-01,1.071864e-02,3.294561e-02,2.245045e-03,2.416703e-02
7.613744e-03,2.737557e-03,7.886681e-03,1.792980e-02,1.685460e-02,8.961584e-02,1.554769e-03,4.301922e-01,1.094322e-01,1.436325e-02,2.136079e-01,1.484333e-02,4.632937e-02,8.552062e-03,1.848676e-02
5.616202e-03,2.096647e-03,7.530556e-03,3.141494e-02,1.204868e-02,6.305601e-02,1.121927e-03,3.769575e-01,9.786727e-02,1.165202e-02,2.350631e-01,2.686459e-02,9.861565e-02,1.387164e-02,1.622336e-02
4.264047e-03,2.063785e-03,5.903224e-03,3.161029e-02,8.646891e-03,4.453816e-02,8.221940e-04,3.115689e-01,9.374269e-02,9.662202e-03,3.249463e-01,2.928348e-02,1.009294e-01,1.999378e-02,1.202469e-02
3.200158e-03,1.948676e-03,4.746771e-03,2.614552e-02,6.170396e-03,3.136921e-02,5.932074e-04,2.203106e-01,1.077046e-01,1.092552e-02,3.964826e-01,2.795726e-02,1.012508e-01,5.054806e-02,1.064666e-02
3.598174e-03,2.236546e-03,4.490942e-03,2.525090e-02,4.720320e-03,2.281374e-02,8.054503e-04,1.550190e-01,2.799925e-01,1.411121e-02,2.975573e-01,5.083998e-02,8.420026e-02,4.375419e-02,1.060952e-02
9.594338e-03,2.210293e-03,3.851523e-03,2.255513e-02,3.607517e-03,1.731476e-02,6.644736e-04,1.092120e-01,4.441470e-01,1.150275e-02,2.254247e-01,4.509657e-02,6.091122e-02,3.468850e-02,9.219223e-03
1.986538e-02,1.875848e-03,3.016730e-03,1.685902e-02,3.053315e-03,1.737409e-02,9.376054e-04,7.725282e-02,4.155104e-01,9.671439e-03,2.347828e-01,1.135441e-01,4.468787e-02,3.354274e-02,8.025807e-03
2.097177e-02,1.494649e-03,2.378521e-03,1.254766e-02,2.574255e-03,1.440868e-02,8.583548e-04,5.437999e-02,3.493606e-01,7.547459e-03,2.903383e-01,1.768373e-01,3.269604e-02,2.736287e-02,6.243573e-03
1.863840e-02,1.091797e-03,1.763660e-03,8.929204e-03,1.904766e-03,1.062194e-02,7.945651e-04,3.827243e-02,2.529553e-01,5.421644e-03,3.133400e-01,2.975166e-01,2.371296e-02,2.058701e-02,4.449788e-03
1.525982e-02,7.848903e-04,1.292661e-03,6.313977e-03,1.643103e-03,7.787399e-03,6.459306e-04,2.696075e-02,1.775152e-01,3.961957e-03,2.740159e-01,4.464020e-01,1.689613e-02,1.738100e-02,3.139268e-03
1.290076e-02,5.813629e-04,1.011733e-03,4.513816e-03,1.409213e-03,6.297342e-03,4.754828e-04,1.903611e-02,1.244873e-01,3.009637e-03,2.573984e-01,5.396876e-01,1.208234e-02,1.488284e-02,2.226015e-03
9.360724e-03,4.512450e-04,7.572559e-04,3.216413e-03,1.888948e-03,4.727958e-03,3.556635e-04,1.338975e-02,8.721300e-02,2.210323e-03,2.046551e-01,6.484600e-01,8.615577e-03,1.311990e-02,1.578117e-03
7.020113e-03,7.718704e-04,6.919671e-04,2.313979e-03,4.168923e-03,3.656081e-03,2.624506e-04,9.550095e-03,6.125879e-02,1.916449e-03,2.180796e-01,6.683457e-01,6.315385e-03,1.451531e-02,1.133223e-03
5.721611e-03,7.699849e-03,1.097056e-03,1.703358e-03,8.236247e-03,3.923555e-03,2.029242e-04,7.211894e-03,4.307242e-02,2.801558e-03,2.101171e-01,6.894641e-01,4.653124e-03,1.327147e-02,8.236613e-04
4.740723e-03,1.561963e-02,1.721777e-03,1.369835e-03,1.199021e-02,6.118765e-03,2.985296e-04,6.352863e-03,3.047001e-02,2.492512e-03,1.628159e-01,7.379329e-01,3.448739e-03,1.400023e-02,6.273712e-04
5.395602e-03,1.307900e-02,1.751942e-03,1.164381e-03,1.125946e-02,6.966191e-03,9.822588e-04,5.550305e-03,2.167087e-02,2.266882e-03,1.507667e-01,7.621390e-01,2.750950e-03,1.376992e-02,4.865267e-04
7.726794e-03,1.081850e-02,2.303895e-03,9.805895e-04,1.077656e-02,6.813984e-03,2.494028e-03,5.118075e-03,1.546967e-02,1.872532e-03,1.743105e-01,7.472818e-01,2.151375e-03,1.141684e-02,4.648051e-04
9.722216e-03,8.975349e-03,2.590799e-03,8.501702e-04,9.030543e-03,6.746464e-03,2.151038e-03,4.633255e-03,1.110204e-02,1.566851e-03,1.781573e-01,7.530036e-01,1.788308e-03,9.250483e-03,4.316198e-04
2.054261e-02,9.024236e-03,2.629392e-03,1.005465e-03,9.519685e-03,7.267321e-03,1.937411e-03,4.263914e-03,8.109136e-03,1.317354e-03,2.127945e-01,7.113400e-01,1.890064e-03,7.821810e-03,5.371780e-04
1.872549e-02,1.006400e-02,2.719095e-03,1.049228e-03,2.101589e-02,6.330361e-03,1.909235e-03,4.076244e-03,6.294165e-03,1.459414e-03,2.317414e-01,6.848100e-01,1.839731e-03,7.170205e-03,7.956044e-04
1.364221e-02,2.578245e-02,3.807082e-03,9.161270e-04,5.847957e-02,7.176569e-03,3.065498e-03,3.276486e-03,7.553167e-03,3.574095e-03,2.244543e-01,6.348360e-01,1.739694e-03,8.885993e-03,2.810854e-03
1.053864e-02,4.751877e-02,1.554103e-02,8.505858e-04,8.357270e-02,9.251369e-03,6.305869e-03,2.613361e-03,9.793295e-03,7.733941e-02,2.020629e-01,5.014387e-01,1.631103e-03,1.024468e-02,2.129763e-02
7.999974e-03,4.349203e-02,2.679141e-02,8.026201e-04,7.008795e-02,1.314847e-02,8.967857e-03,2.549958e-03,1.194939e-02,1.897492e-01,1.787942e-01,3.945809e-01,1.640894e-03,9.253655e-03,4.019147e-02
9.630174e-03,3.320841e-02,3.128232e-02,9.323162e-04,5.458185e-02,1.211336e-02,8.400855e-03,4.553264e-03,1.179674e-02,3.263354e-01,1.652704e-01,2.868800e-01,1.850798e-03,8.609897e-03,4.455424e-02
1.007879e-02,2.392526e-02,3.553646e-02,2.247072e-03,4.417484e-02,1.105050e-02,1.126424e-02,6.139509e-02,1.113044e-02,4.183490e-01,1.208249e-01,2.090036e-01,1.999470e-03,6.926220e-03,3.209416e-02
1.160104e-02,2.012653e-02,2.828478e-02,3.743498e-03,1.821819e-01,3.988658e-02,1.906014e-02,4.344917e-02,1.019524e-02,3.749644e-01,8.776611e-02,1.478533e-01,2.212496e-03,5.869695e-03,2.280513e-02
1.382569e-02,1.529133e-02,2.154891e-02,5.470850e-03,3.289344e-01,6.323603e-02,4.868598e-02,3.098758e-02,9.623301e-03,2.729551e-01,6.273791e-02,1.039242e-01,2.258845e-03,4.169666e-03,1.635015e-02
1.300556e-02,1.181078e-02,1.635669e-02,9.097677e-03,4.469580e-01,6.370832e-02,7.653579e-02,2.317275e-02,8.477631e-03,1.964184e-01,4.447358e-02,7.285775e-02,2.171634e-03,2.957743e-03,1.199768e-02
1.452330e-02,1.050785e-02,1.559086e-02,2.366766e-02,4.655763e-01,8.678447e-02,1.120633e-01,2.525830e-02,8.136222e-03,1.399853e-01,3.144512e-02,5.128340e-02,3.529818e-03,2.134060e-03,9.514012e-03
4.776941e-02,1.330116e-02,2.242487e-02,3.282111e-02,4.537741e-01,8.684859e-02,1.182577e-01,2.219570e-02,1.673455e-02,1.068878e-01,2.332129e-02,3.746154e-02,4.587518e-03,2.417403e-03,1.119726e-02
5.045090e-02,1.472357e-02,1.938144e-02,1.118133e-01,4.392370e-01,7.389894e-02,9.258056e-02,2.684092e-02,3.372128e-02,7.590672e-02,1.877473e-02,2.787628e-02,3.927100e-03,1.989211e-03,8.878073e-03
4.095609e-02,1.055850e-02,1.399155e-02,8.246800e-02,4.228315e-01,5.427524e-02,7.432283e-02,1.772701e-01,2.484922e-02,5.316450e-02,1.427705e-02,1.987708e-02,3.503456e-03,1.413099e-03,6.241817e-03
3.452074e-02,7.512601e-03,1.006739e-02,5.888336e-02,3.263182e-01,4.058310e-02,5.353468e-02,3.810980e-01,1.770558e-02,3.723176e-02,1.043082e-02,1.402391e-02,2.717727e-03,9.956040e-04,4.376560e-03
2.824219e-02,5.311912e-03,7.217277e-03,4.163636e-02,2.564662e-01,2.968489e-02,3.820266e-02,5.305231e-01,1.246230e-02,2.612762e-02,8.136395e-03,9.959888e-03,2.237132e-03,7.026534e-04,3.089575e-03
3.883883e-02,3.806831e-03,5.351588e-03,3.685204e-02,2.402078e-01,2.210533e-02,2.719828e-02,5.761979e-01,9.003764e-03,1.841710e-02,8.819330e-03,8.166982e-03,2.255116e-03,5.233980e-04,2.255700e-03
5.905454e-02,2.850058e-03,4.235440e-03,5.090570e-02,1.978864e-01,1.649253e-02,1.924337e-02,6.015309e-01,7.570442e-03,1.307001e-02,1.222150e-02,9.038964e-03,3.608171e-03,4.830474e-04,1.808865e-03
6.080394e-02,2.538341e-03,3.609100e-03,7.267889e-02,1.836030e-01,1.207908e-02,1.394228e-02,5.757861e-01,1.812911e-02,9.645656e-03,2.754671e-02,9.064825e-03,7.827046e-03,5.435910e-04,2.202226e-03
5.353148e-02,2.610500e-03,3.596398e-03,9.008960e-02,1.551534e-01,9.020741e-03,1.035762e-02,4.678199e-01,9.903949e-02,7.958520e-03,7.183760e-02,9.759092e-03,1.235566e-02,1.026652e-03,5.843303e-03
3.907382e-02,2.362599e-03,3.019760e-03,8.056333e-02,1.168410e-01,6.717554e-03,7.312045e-03,3.293923e-01,2.055057e-01,6.504714e-03,1.752292e-01,7.689348e-03,1.120732e-02,1.615876e-03,6.965425e-03
2.749828e-02,1.797291e-03,2.191084e-03,5.700155e-02,8.262174e-02,4.737477e-03,5.120982e-03,2.306837e-01,4.221838e-01,5.210386e-03,1.401109e-01,5.426225e-03,8.113319e-03,1.280796e-03,6.022397e-03
1.941402e-02,2.173375e-03,2.135588e-03,4.337419e-02,5.869045e-02,3.384595e-03,3.589982e-03,1.615291e-01,5.724769e-01,4.484261e-03,1.102411e-01,3.868896e-03,5.894502e-03,1.372327e-03,7.370754e-03
1.377006e-02,1.739102e-03,1.901013e-03,3.055638e-02,4.158593e-02,2.479685e-03,2.518493e-03,1.131243e-01,6.881668e-01,4.196704e-03,8.410719e-02,2.744660e-03,4.373500e-03,1.825223e-03,6.911019e-03
9.744404e-03,1.356930e-03,2.091029e-03,2.177893e-02,2.928888e-02,1.821780e-03,1.767309e-03,7.919879e-02,7.769991e-01,3.378058e-03,5.975656e-02,1.946965e-03,3.133151e-03,1.739618e-03,5.998537e-03
7.164717e-03,1.394041e-03,2.133892e-03,1.555504e-02,2.061223e-02,1.410257e-03,1.242719e-03,5.545606e-02,8.373094e-01,2.997503e-03,4.250243e-02,1.394566e-03,2.298538e-03,2.242822e-03,6.285811e-03
9.556537e-03,1.275635e-03,1.860142e-03,1.100001e-02,1.468519e-02,1.819461e-03,8.902012e-04,3.886989e-02,8.480321e-01,3.145150e-03,3.316154e-02,1.027282e-03,1.912718e-03,6.155339e-03,2.660888e-02
7.082129e-03,1.342522e-03,1.850793e-03,8.906589e-03,1.041616e-02,1.409070e-03,6.305129e-04,2.723762e-02,8.875435e-01,3.340488e-03,2.361504e-02,7.433497e-04,1.427890e-03,4.605182e-03,1.984922e-02
5.809509e-03,1.076412e-02,3.890771e-03,8.769386e-03,7.771973e-03,1.761458e-03,4.668082e-04,1.917224e-02,8.599544e-01,4.619026e-03,1.929461e-02,6.260044e-04,1.374464e-03,1.677551e-02,3.894977e-02
4.891207e-03,9.991415e-03,3.929922e-03,6.619799e-03,5.616468e-03,1.374786e-03,3.514907e-04,1.346967e-02,7.834198e-01,1.033662e-02,1.538606e-02,5.072135e-04,1.243446e-03,9.277876e-02,5.008339e-02
4.526622e-03,7.872561e-03,1.014870e-02,4.888412e-03,4.026725e-03,1.135564e-03,2.657637e-04,9.491844e-03,5.964501e-01,2.787827e-02,1.751144e-02,7.488360e-04,4.123916e-03,2.448565e-01,6.607480e-02
8.924174e-03,7.003018e-03,1.330000e-02,3.723001e-03,3.340185e-03,1.210456e-03,2.408359e-04,7.066928e-03,4.861697e-01,4.610492e-02,3.009115e-02,7.520946e-04,5.826323e-03,2.140722e-01,1.721751e-01
1.508601e-02,8.162298e-03,2.260619e-02,3.576330e-03,4.906373e-03,1.920882e-03,4.165298e-04,9.173106e-03,4.437780e-01,9.900060e-02,3.482175e-02,8.952609e-04,7.519505e-03,1.786795e-01,1.694577e-01
1.279262e-02,8.449937e-03,3.374396e-02,1.783714e-02,7.784186e-03,1.789506e-03,5.279647e-04,2.381939e-02,4.569590e-01,8.726380e-02,3.326393e-02,9.285312e-04,7.143482e-03,1.375526e-01,1.701440e-01
1.038133e-02,7.581606e-03,3.454197e-02,3.140500e-02,7.290372e-03,1.706546e-03,5.091190e-04,1.815214e-02,5.400319e-01,7.563041e-02,2.804701e-02,1.161196e-03,7.303353e-03,1.003572e-01,1.359009e-01
1.191325e-02,8.429076e-03,1.634163e-01,2.668494e-02,1.232591e-02,2.845228e-03,2.162646e-03,1.808973e-02,4.135814e-01,7.015742e-02,3.725502e-02,3.379731e-03,1.658410e-02,7.947208e-02,1.337032e-01
1.450747e-02,1.214897e-02,1.561624e-01,2.711722e-02,2.120094e-01,5.253399e-03,6.553230e-03,1.453908e-02,2.939858e-01,5.051603e-02,2.745343e-02,2.549700e-03,1.231785e-02,5.702021e-02,1.078658e-01
3.057382e-02,1.440125e-02,1.362243e-01,2.411395e-02,3.501594e-01,8.864463e-03,1.174656e-02,1.226319e-02,2.106840e-01,3.747069e-02,2.186020e-02,2.008954e-03,9.490387e-03,4.316802e-02,8.697077e-02
3.607648e-02,2.591626e-02,1.016430e-01,9.853488e-02,3.966581e-01,1.076416e-02,1.412985e-02,1.274242e-02,1.496860e-01,3.224897e-02,1.643193e-02,1.627307e-03,7.292221e-03,3.122384e-02,6.502448e-02
1.064967e-01,3.645347e-02,7.519139e-02,9.243130e-02,3.712320e-01,1.583774e-02,1.498094e-02,1.309975e-02,1.116803e-01,5.270176e-02,1.758810e-02,1.514589e-03,6.519235e-03,2.542450e-02,5.884817e-02
1.661163e-01,3.667039e-02,5.473455e-02,1.064827e-01,3.399374e-01,1.962254e-02,1.424196e-02,1.462508e-02,9.492234e-02,4.851383e-02,1.843403e-02,2.590000e-03,8.173056e-03,2.537073e-02,4.956508e-02
2.565812e-01,3.319309e-02,3.945054e-02,1.072280e-01,2.881759e-01,1.969696e-02,1.209470e-02,1.543617e-02,8.626215e-02,3.896489e-02,1.759361e-02,6.446559e-03,1.406291e-02,2.242444e-02,4.238879e-02
3.861493e-01,2.840360e-02,2.870794e-02,9.229234e-02,2.212029e-01,1.813884e-02,9.443593e-03,1.317179e-02,8.160768e-02,2.946012e-02,1.560214e-02,1.147967e-02,1.290986e-02,1.867176e-02,3.275842e-02
4.734491e-01,2.839066e-02,2.178450e-02,1.091961e-01,1.711772e-01,1.488203e-02,7.894948e-03,1.515843e-02,6.191900e-02,2.136912e-02,1.274019e-02,1.226737e-02,1.080632e-02,1.384475e-02,2.512031e-02
1.000000e+00,0.000000e+00,0.000000e+00,0.000000e+00,0.000000e+00,0.000000e+00,0.000000e+00,0.000000e+00,0.000000e+00,0.000000e+00,0.000000e+00,0.000000e+00,0.000000e+00,0.000000e+00,0.000000e+00
1.000000e+00,0.000000e+00,0.000000e+00,0.000000e+00,0.000000e+00,0.000000e+00,0.000000e+00,0.000000e+00,0.000000e+00,0.000000e+00,0.000000e+00,0.000000e+00,0.000000e+00,0.000000e+00,0.000000e+00
1.000000e+00,0.000000e+00,0.000000e+00,0.000000e+00,0.000000e+00,0.000000e+00,0.000000e+00,0.000000e+00,0.000000e+00,0.000000e+00,0.000000e+00,0.000000e+00,0.000000e+00,0.000000e+00,0.000000e+00
1.000000e+00,0.000000e+00,0.000000e+00,0.000000e+00,0.000000e+00,0.000000e+00,0.000000e+00,0.000000e+00,0.000000e+00,0.000000e+00,0.000000e+00,0.000000e+00,0.000000e+00,0.000000e+00,0.000000e+00
4.135922e-01,2.001815e-02,2.626543e-02,3.517845e-01,4.479103e-02,8.227292e-03,2.787069e-03,1.147910e-02,1.841146e-02,5.708353e-03,4.685641e-02,2.606114e-02,6.975372e-03,3.604562e-03,1.343792e-02
2.919602e-01,1.956594e-02,2.546492e-02,4.443902e-01,3.265643e-02,6.947085e-03,2.120242e-03,8.231574e-03,2.398422e-02,1.560676e-02,4.411946e-02,6.162700e-02,5.050047e-03,4.003881e-03,1.427198e-02
2.121912e-01,1.453759e-02,1.913377e-02,3.739153e-01,2.383917e-02,5.494852e-03,1.558563e-03,6.193287e-03,1.779019e-02,1.590958e-02,6.466027e-02,2.242435e-01,3.803060e-03,5.968453e-03,1.076119e-02
1.510495e-01,1.044094e-02,1.345320e-02,2.674460e-01,1.809609e-02,4.229006e-03,1.117453e-03,4.453215e-03,1.325112e-02,1.165783e-02,9.398016e-02,3.932894e-01,2.838247e-03,6.879721e-03,7.818040e-03
1.067364e-01,7.421610e-03,9.465748e-03,1.904561e-01,1.511186e-02,3.479291e-03,8.057358e-04,3.166443e-03,9.978388e-03,8.457752e-03,1.426845e-01,4.858268e-01,2.073567e-03,8.693693e-03,5.642117e-03
7.514154e-02,5.329208e-03,6.656821e-03,1.342756e-01,2.784039e-02,2.854052e-03,5.721576e-04,2.282517e-03,7.618052e-03,6.009968e-03,1.642705e-01,5.412014e-01,1.618276e-03,2.034056e-02,3.989037e-03
5.290027e-02,3.851184e-03,4.682135e-03,9.485000e-02,3.063081e-02,2.167332e-03,4.040446e-04,1.627119e-03,5.672845e-03,4.309704e-03,2.982496e-01,4.739730e-01,1.202277e-03,2.266233e-02,2.817358e-03
3.714000e-02,2.866092e-03,3.300205e-03,6.661567e-02,3.277732e-02,1.601730e-03,2.867244e-04,1.164662e-03,4.160395e-03,3.110771e-03,4.310143e-01,3.942130e-01,8.839725e-04,1.887071e-02,1.994436e-03
2.600663e-02,2.263028e-03,2.377959e-03,4.670916e-02,2.955576e-02,1.129047e-03,2.052070e-04,8.332638e-04,3.663338e-03,2.261675e-03,5.659783e-01,3.033396e-01,6.262448e-04,1.364391e-02,1.406884e-03
1.821427e-02,1.774670e-03,1.764256e-03,3.288393e-02,2.677959e-02,8.068404e-04,1.630316e-04,6.428100e-04,4.490393e-03,1.708047e-03,6.554505e-01,2.431789e-01,4.593116e-04,1.068862e-02,9.948639e-04
1.277719e-02,1.472151e-03,1.292789e-03,2.305449e-02,1.945073e-02,6.583672e-04,1.275466e-04,4.944787e-04,4.742733e-03,1.381995e-03,7.437669e-01,1.813315e-01,3.478795e-04,8.361885e-03,7.392857e-04
8.999004e-03,1.353991e-03,1.278610e-03,1.623135e-02,1.445180e-02,7.001554e-04,1.227211e-04,5.023594e-04,4.333087e-03,1.220744e-03,8.086619e-01,1.349259e-01,2.583769e-04,6.373842e-03,5.860816e-04
6.476221e-03,2.025900e-03,2.469766e-03,1.180324e-02,1.149244e-02,7.206508e-04,1.196328e-04,9.456876e-04,6.759977e-03,1.066927e-03,8.462884e-01,1.037812e-01,2.129270e-04,5.369507e-03,4.674386e-04
4.715812e-03,3.164275e-03,2.132504e-03,8.563204e-03,1.109414e-02,6.974566e-04,1.591586e-04,1.224328e-03,2.620275e-02,2.932840e-03,8.510805e-01,8.259036e-02,1.751068e-04,4.738001e-03,5.295184e-04
3.605094e-03,3.723985e-03,2.977759e-03,6.833035e-03,1.230981e-02,1.045997e-03,2.403349e-04,3.290351e-03,5.964871e-02,3.806667e-03,8.309013e-01,6.689048e-02,1.605720e-04,4.029246e-03,5.367293e-04
4.189745e-03,4.837655e-03,6.142732e-03,6.389354e-03,1.423348e-02,2.244098e-03,2.234636e-04,7.624064e-03,7.311003e-02,1.286439e-02,8.069053e-01,5.267259e-02,2.722827e-04,7.079649e-03,1.211217e-03
4.942574e-03,5.039086e-03,6.341192e-03,5.468974e-03,1.677439e-02,1.907634e-03,2.441499e-04,7.988047e-03,7.820690e-02,1.690015e-02,8.015163e-01,3.984690e-02,3.079957e-04,1.299390e-02,1.521900e-03
8.326706e-03,5.227207e-03,1.141726e-02,5.885040e-03,2.719402e-02,2.735781e-03,2.535875e-04,6.999706e-03,1.053265e-01,5.164675e-02,7.233742e-01,2.970744e-02,3.159186e-04,1.603847e-02,5.551499e-03
1.109056e-02,5.671507e-03,8.689201e-03,4.760253e-03,2.437158e-02,3.345720e-03,2.740037e-04,5.821865e-03,1.239491e-01,1.541005e-01,5.865289e-01,2.578405e-02,7.875299e-04,3.624672e-02,8.578502e-03
1.609337e-02,1.195141e-02,7.436060e-03,4.285628e-03,2.264859e-02,1.098228e-02,3.133748e-04,7.079890e-03,1.963229e-01,1.219764e-01,5.021325e-01,2.327175e-02,1.230090e-03,6.538152e-02,8.894185e-03
2.027987e-02,1.755707e-02,6.720656e-03,5.426131e-03,2.499930e-02,1.726791e-02,4.191342e-04,7.142305e-03,2.288802e-01,1.018727e-01,4.208997e-01,1.780608e-02,1.895719e-03,9.646444e-02,3.236876e-02
2.033742e-02,1.897769e-02,6.531390e-03,5.089717e-03,2.480324e-02,1.769818e-02,3.480178e-04,6.262786e-03,2.769569e-01,8.483568e-02,3.357162e-01,1.284522e-02,1.924776e-03,1.306511e-01,5.702161e-02
1.992223e-02,1.151551e-01,6.831599e-03,3.927194e-03,1.877494e-02,3.122957e-02,2.744588e-04,4.883617e-03,2.345313e-01,6.513251e-02,2.616977e-01,9.162819e-03,1.665195e-03,1.651843e-01,6.162736e-02
1.647787e-02,1.141560e-01,5.849161e-03,5.234784e-03,1.351132e-02,2.848181e-02,3.998181e-04,4.396050e-03,3.074445e-01,5.259839e-02,1.855412e-01,6.863918e-03,2.857034e-03,1.627943e-01,9.339397e-02
2.065339e-02,1.107512e-01,6.036960e-03,5.803755e-03,1.033801e-02,4.067518e-02,6.286942e-04,2.070207e-02,3.120641e-01,4.189279e-02,1.369314e-01,5.552199e-03,4.912709e-03,1.961504e-01,8.690712e-02
1.604138e-02,8.003327e-02,6.288115e-03,4.589624e-03,1.109843e-02,3.033710e-02,8.258364e-04,2.629060e-01,2.312504e-01,3.015841e-02,9.869213e-02,4.094561e-03,4.404483e-03,1.565608e-01,6.271941e-02
1.239798e-02,5.705498e-02,6.825357e-03,3.740375e-03,8.995921e-03,2.234430e-02,9.175746e-04,4.640127e-01,1.661508e-01,2.128596e-02,7.004967e-02,2.937326e-03,3.381873e-03,1.154339e-01,4.447126e-02
9.958368e-03,4.030954e-02,5.940088e-03,3.298269e-03,7.162854e-03,1.706824e-02,7.624694e-04,6.151038e-01,1.173646e-01,1.492320e-02,4.940510e-02,2.143168e-03,2.914758e-03,8.226630e-02,3.137922e-02
7.834409e-03,2.844594e-02,4.643511e-03,3.237922e-03,5.937092e-03,1.329268e-02,5.673761e-04,7.214037e-01,8.295463e-02,1.048501e-02,3.474942e-02,1.555961e-03,3.018426e-03,5.981797e-02,2.205602e-02
7.589448e-03,2.006542e-02,3.697831e-03,2.972523e-03,5.166829e-03,1.052732e-02,4.377210e-04,7.962806e-01,5.854082e-02,7.379727e-03,2.440865e-02,1.122160e-03,3.296535e-03,4.298995e-02,1.552446e-02
8.873036e-03,1.411744e-02,3.155737e-03,2.444681e-03,4.222441e-03,8.429768e-03,3.762451e-04,8.488668e-01,4.114388e-02,5.238348e-03,1.727517e-02,8.390901e-04,3.030227e-03,3.105998e-02,1.092716e-02
8.658672e-03,9.938313e-03,2.730752e-03,1.983857e-03,3.540505e-03,7.026638e-03,3.435333e-04,8.874490e-01,2.896440e-02,3.754351e-03,1.222642e-02,6.233551e-04,2.835462e-03,2.224026e-02,7.684456e-03
9.895600e-03,7.118880e-03,2.743775e-03,1.606969e-03,3.083736e-03,7.502463e-03,8.518741e-04,9.105833e-01,2.045746e-02,2.721259e-03,8.726793e-03,5.205105e-04,2.773645e-03,1.595785e-02,5.455960e-03
1.508575e-02,5.097150e-03,2.734942e-03,1.470456e-03,2.772463e-03,1.096186e-02,2.978912e-03,9.161662e-01,1.460495e-02,1.937697e-03,6.220905e-03,5.038365e-04,4.337996e-03,1.120446e-02,3.922439e-03
3.656831e-02,4.299053e-03,3.112180e-03,3.716307e-03,2.420924e-03,1.281896e-02,2.438463e-03,8.555148e-01,1.115800e-02,2.875393e-03,1.100409e-02,1.597006e-02,2.500719e-02,8.702688e-03,4.393591e-03
2.970725e-02,3.617863e-03,3.012564e-03,1.089638e-02,2.135748e-03,1.435376e-02,2.500767e-03,6.331552e-01,9.669739e-03,5.809936e-03,2.786236e-02,1.763846e-01,6.111848e-02,1.588778e-02,3.887542e-03
2.241712e-02,2.788973e-03,2.383391e-03,9.903670e-03,2.151439e-03,1.168077e-02,2.648804e-03,4.589284e-01,9.861295e-03,4.762722e-03,2.358830e-02,3.373072e-01,9.518376e-02,1.306876e-02,3.325327e-03
1.630722e-02,2.053517e-03,1.807827e-03,7.388580e-03,2.225472e-03,9.441374e-03,2.632595e-03,3.233314e-01,7.928252e-03,4.007302e-03,3.341242e-02,5.064025e-01,6.976277e-02,1.084694e-02,2.451837e-03
1.175456e-02,1.681319e-03,1.495231e-03,5.233566e-03,2.315629e-03,8.581849e-03,1.983457e-03,2.268399e-01,6.538226e-03,2.941399e-03,7.496220e-02,5.960478e-01,4.983271e-02,7.990353e-03,1.801819e-03
8.327681e-03,1.328487e-03,1.100585e-03,3.694109e-03,1.956395e-03,7.764925e-03,1.436742e-03,1.590165e-01,4.881396e-03,2.151465e-03,9.730969e-02,6.683991e-01,3.524604e-02,6.083816e-03,1.303090e-03
5.858138e-03,1.055905e-03,7.814115e-04,2.594812e-03,1.658708e-03,5.631661e-03,1.016223e-03,1.113770e-01,3.519559e-03,1.671775e-03,8.775999e-02,7.470257e-01,2.476981e-02,4.356909e-03,9.223810e-04
4.131342e-03,9.654033e-04,5.835437e-04,1.837666e-03,1.824478e-03,4.191353e-03,7.206446e-04,7.805696e-02,2.882117e-03,1.415301e-03,9.527320e-02,7.867202e-01,1.750279e-02,3.237775e-03,6.572790e-04
2.919056e-03,9.683709e-04,4.601107e-04,1.296008e-03,2.017107e-03,3.033688e-03,5.099413e-04,5.466572e-02,2.398309e-03,1.113215e-03,1.046891e-01,8.104556e-01,1.243856e-02,2.568583e-03,4.667339e-04
2.108450e-03,8.645591e-04,3.631413e-04,9.226269e-04,2.830053e-03,2.535865e-03,3.667314e-04,3.831479e-02,1.990371e-03,9.094105e-04,8.276322e-02,8.549168e-01,8.877848e-03,1.908018e-03,3.281193e-04
1.597937e-03,1.227249e-03,4.054832e-04,6.698659e-04,2.625136e-03,3.454167e-03,2.677619e-04,2.694549e-02,1.520122e-03,8.233715e-04,6.883976e-02,8.836138e-01,6.316572e-03,1.462043e-03,2.312594e-04
1.186565e-03,6.902078e-03,9.784236e-04,5.593996e-04,3.558815e-03,3.347369e-03,1.991759e-04,1.914837e-02,1.302879e-03,6.368457e-04,6.474062e-02,8.916986e-01,4.451043e-03,1.126605e-03,1.632396e-04
8.829556e-04,5.891519e-03,9.400949e-04,4.189405e-04,3.026505e-03,2.979379e-03,1.536136e-04,1.351590e-02,1.020981e-03,4.979050e-04,5.287499e-02,9.135649e-01,3.139561e-03,9.776973e-04,1.150903e-04
