1.000000e+00,0.000000e+00,0.000000e+00,0.000000e+00,0.000000e+00,0.000000e+00,0.000000e+00,0.000000e+00,0.000000e+00,0.000000e+00,0.000000e+00,0.000000e+00,0.000000e+00,0.000000e+00,0.000000e+00
1.000000e+00,0.000000e+00,0.000000e+00,0.000000e+00,0.000000e+00,0.000000e+00,0.000000e+00,0.000000e+00,0.000000e+00,0.000000e+00,0.000000e+00,0.000000e+00,0.000000e+00,0.000000e+00,0.000000e+00
1.000000e+00,0.000000e+00,0.000000e+00,0.000000e+00,0.000000e+00,0.000000e+00,0.000000e+00,0.000000e+00,0.000000e+00,0.000000e+00,0.000000e+00,0.000000e+00,0.000000e+00,0.000000e+00,0.000000e+00
1.000000e+00,0.000000e+00,0.000000e+00,0.000000e+00,0.000000e+00,0.000000e+00,0.000000e+00,0.000000e+00,0.000000e+00,0.000000e+00,0.000000e+00,0.000000e+00,0.000000e+00,0.000000e+00,0.000000e+00
1.000000e+00,0.000000e+00,0.000000e+00,0.000000e+00,0.000000e+00,0.000000e+00,0.000000e+00,0.000000e+00,0.000000e+00,0.000000e+00,0.000000e+00,0.000000e+00,0.000000e+00,0.000000e+00,0.000000e+00
1.000000e+00,0.000000e+00,0.000000e+00,0.000000e+00,0.000000e+00,0.000000e+00,0.000000e+00,0.000000e+00,0.000000e+00,0.000000e+00,0.000000e+00,0.000000e+00,0.000000e+00,0.000000e+00,0.000000e+00
1.000000e+00,0.000000e+00,0.000000e+00,0.000000e+00,0.000000e+00,0.000000e+00,0.000000e+00,0.000000e+00,0.000000e+00,0.000000e+00,0.000000e+00,0.000000e+00,0.000000e+00,0.000000e+00,0.000000e+00
1.000000e+00,0.000000e+00,0.000000e+00,0.000000e+00,0.000000e+00,0.000000e+00,0.000000e+00,0.000000e+00,0.000000e+00,0.000000e+00,0.000000e+00,0.000000e+00,0.000000e+00,0.000000e+00,0.000000e+00
1.000000e+00,0.000000e+00,0.000000e+00,0.000000e+00,0.000000e+00,0.000000e+00,0.000000e+00,0.000000e+00,0.000000e+00,0.000000e+00,0.000000e+00,0.000000e+00,0.000000e+00,0.000000e+00,0.000000e+00
1.000000e+00,0.000000e+00,0.000000e+00,0.000000e+00,0.000000e+00,0.000000e+00,0.000000e+00,0.000000e+00,0.000000e+00,0.000000e+00,0.000000e+00,0.000000e+00,0.000000e+00,0.000000e+00,0.000000e+00
1.000000e+00,0.000000e+00,0.000000e+00,0.000000e+00,0.000000e+00,0.000000e+00,0.000000e+00,0.000000e+00,0.000000e+00,0.000000e+00,0.000000e+00,0.000000e+00,0.000000e+00,0.000000e+00,0.000000e+00
1.000000e+00,0.000000e+00,0.000000e+00,0.000000e+00,0.000000e+00,0.000000e+00,0.000000e+00,0.000000e+00,0.000000e+00,0.000000e+00,0.000000e+00,0.000000e+00,0.000000e+00,0.000000e+00,0.000000e+00
1.000000e+00,0.000000e+00,0.000000e+00,0.000000e+00,0.000000e+00,0.000000e+00,0.000000e+00,0.000000e+00,0.000000e+00,0.000000e+00,0.000000e+00,0.000000e+00,0.000000e+00,0.000000e+00,0.000000e+00
1.000000e+00,0.000000e+00,0.000000e+00,0.000000e+00,0.000000e+00,0.000000e+00,0.000000e+00,0.000000e+00,0.000000e+00,0.000000e+00,0.000000e+00,0.000000e+00,0.000000e+00,0.000000e+00,0.000000e+00
1.000000e+00,0.000000e+00,0.000000e+00,0.000000e+00,0.000000e+00,0.000000e+00,0.000000e+00,0.000000e+00,0.000000e+00,0.000000e+00,0.000000e+00,0.000000e+00,0.000000e+00,0.000000e+00,0.000000e+00
1.000000e+00,0.000000e+00,0.000000e+00,0.000000e+00,0.000000e+00,0.000000e+00,0.000000e+00,0.000000e+00,0.000000e+00,0.000000e+00,0.000000e+00,0.000000e+00,0.000000e+00,0.000000e+00,0.000000e+00
1.000000e+00,0.000000e+00,0.000000e+00,0.000000e+00,0.000000e+00,0.000000e+00,0.000000e+00,0.000000e+00,0.000000e+00,0.000000e+00,0.000000e+00,0.000000e+00,0.000000e+00,0.000000e+00,0.000000e+00
1.000000e+00,0.000000e+00,0.000000e+00,0.000000e+00,0.000000e+00,0.000000e+00,0.000000e+00,0.000000e+00,0.000000e+00,0.000000e+00,0.000000e+00,0.000000e+00,0.000000e+00,0.000000e+00,0.000000e+00
1.000000e+00,0.000000e+00,0.000000e+00,0.000000e+00,0.000000e+00,0.000000e+00,0.000000e+00,0.000000e+00,0.000000e+00,0.000000e+00,0.000000e+00,0.000000e+00,0.000000e+00,0.000000e+00,0.000000e+00
1.000000e+00,0.000000e+00,0.000000e+00,0.000000e+00,0.000000e+00,0.000000e+00,0.000000e+00,0.000000e+00,0.000000e+00,0.000000e+00,0.000000e+00,0.000000e+00,0.000000e+00,0.000000e+00,0.000000e+00
1.000000e+00,0.000000e+00,0.000000e+00,0.000000e+00,0.000000e+00,0.000000e+00,0.000000e+00,0.000000e+00,0.000000e+00,0.000000e+00,0.000000e+00,0.000000e+00,0.000000e+00,0.000000e+00,0.000000e+00
1.000000e+00,0.000000e+00,0.000000e+00,0.000000e+00,0.000000e+00,0.000000e+00,0.000000e+00,0.000000e+00,0.000000e+00,0.000000e+00,0.000000e+00,0.000000e+00,0.000000e+00,0.000000e+00,0.000000e+00
1.000000e+00,0.000000e+00,0.000000e+00,0.000000e+00,0.000000e+00,0.000000e+00,0.000000e+00,0.000000e+00,0.000000e+00,0.000000e+00,0.000000e+00,0.000000e+00,0.000000e+00,0.000000e+00,0.000000e+00
1.000000e+00,0.000000e+00,0.000000e+00,0.000000e+00,0.000000e+00,0.000000e+00,0.000000e+00,0.000000e+00,0.000000e+00,0.000000e+00,0.000000e+00,0.000000e+00,0.000000e+00,0.000000e+00,0.000000e+00
1.000000e+00,0.000000e+00,0.000000e+00,0.000000e+00,0.000000e+00,0.000000e+00,0.000000e+00,0.000000e+00,0.000000e+00,0.000000e+00,0.000000e+00,0.000000e+00,0.000000e+00,0.000000e+00,0.000000e+00
1.000000e+00,0.000000e+00,0.000000e+00,0.000000e+00,0.000000e+00,0.000000e+00,0.000000e+00,0.000000e+00,0.000000e+00,0.000000e+00,0.000000e+00,0.000000e+00,0.000000e+00,0.000000e+00,0.000000e+00
1.000000e+00,0.000000e+00,0.000000e+00,0.000000e+00,0.000000e+00,0.000000e+00,0.000000e+00,0.000000e+00,0.000000e+00,0.000000e+00,0.000000e+00,0.000000e+00,0.000000e+00,0.000000e+00,0.000000e+00
1.000000e+00,0.000000e+00,0.000000e+00,0.000000e+00,0.000000e+00,0.000000e+00,0.000000e+00,0.000000e+00,0.000000e+00,0.000000e+00,0.000000e+00,0.000000e+00,0.000000e+00,0.000000e+00,0.000000e+00
1.000000e+00,0.000000e+00,0.000000e+00,0.000000e+00,0.000000e+00,0.000000e+00,0.000000e+00,0.000000e+00,0.000000e+00,0.000000e+00,0.000000e+00,0.000000e+00,0.000000e+00,0.000000e+00,0.000000e+00
1.000000e+00,0.000000e+00,0.000000e+00,0.000000e+00,0.000000e+00,0.000000e+00,0.000000e+00,0.000000e+00,0.000000e+00,0.000000e+00,0.000000e+00,0.000000e+00,0.000000e+00,0.000000e+00,0.000000e+00
1.000000e+00,0.000000e+00,0.000000e+00,0.000000e+00,0.000000e+00,0.000000e+00,0.000000e+00,0.000000e+00,0.000000e+00,0.000000e+00,0.000000e+00,0.000000e+00,0.000000e+00,0.000000e+00,0.000000e+00
1.000000e+00,0.000000e+00,0.000000e+00,0.000000e+00,0.000000e+00,0.000000e+00,0.000000e+00,0.000000e+00,0.000000e+00,0.000000e+00,0.000000e+00,0.000000e+00,0.000000e+00,0.000000e+00,0.000000e+00
1.000000e+00,0.000000e+00,0.000000e+00,0.000000e+00,0.000000e+00,0.000000e+00,0.000000e+00,0.000000e+00,0.000000e+00,0.000000e+00,0.000000e+00,0.000000e+00,0.000000e+00,0.000000e+00,0.000000e+00
1.000000e+00,0.000000e+00,0.000000e+00,0.000000e+00,0.000000e+00,0.000000e+00,0.000000e+00,0.000000e+00,0.000000e+00,0.000000e+00,0.000000e+00,0.000000e+00,0.000000e+00,0.000000e+00,0.000000e+00
1.000000e+00,0.000000e+00,0.000000e+00,0.000000e+00,0.000000e+00,0.000000e+00,0.000000e+00,0.000000e+00,0.000000e+00,0.000000e+00,0.000000e+00,0.000000e+00,0.000000e+00,0.000000e+00,0.000000e+00
1.000000e+00,0.000000e+00,0.000000e+00,0.000000e+00,0.000000e+00,0.000000e+00,0.000000e+00,0.000000e+00,0.000000e+00,0.000000e+00,0.000000e+00,0.000000e+00,0.000000e+00,0.000000e+00,0.000000e+00
1.000000e+00,0.000000e+00,0.000000e+00,0.000000e+00,0.000000e+00,0.000000e+00,0.000000e+00,0.000000e+00,0.000000e+00,0.000000e+00,0.000000e+00,0.000000e+00,0.000000e+00,0.000000e+00,0.000000e+00
1.000000e+00,0.000000e+00,0.000000e+00,0.000000e+00,0.000000e+00,0.000000e+00,0.000000e+00,0.000000e+00,0.000000e+00,0.000000e+00,0.000000e+00,0.000000e+00,0.000000e+00,0.000000e+00,0.000000e+00
1.000000e+00,0.000000e+00,0.000000e+00,0.000000e+00,0.000000e+00,0.000000e+00,0.000000e+00,0.000000e+00,0.000000e+00,0.000000e+00,0.000000e+00,0.000000e+00,0.000000e+00,0.000000e+00,0.000000e+00
1.000000e+00,0.000000e+00,0.000000e+00,0.000000e+00,0.000000e+00,0.000000e+00,0.000000e+00,0.000000e+00,0.000000e+00,0.000000e+00,0.000000e+00,0.000000e+00,0.000000e+00,0.000000e+00,0.000000e+00
1.000000e+00,0.000000e+00,0.000000e+00,0.000000e+00,0.000000e+00,0.000000e+00,0.000000e+00,0.000000e+00,0.000000e+00,0.000000e+00,0.000000e+00,0.000000e+00,0.000000e+00,0.000000e+00,0.000000e+00
1.000000e+00,0.000000e+00,0.000000e+00,0.000000e+00,0.000000e+00,0.000000e+00,0.000000e+00,0.000000e+00,0.000000e+00,0.000000e+00,0.000000e+00,0.000000e+00,0.000000e+00,0.000000e+00,0.000000e+00
1.000000e+00,0.000000e+00,0.000000e+00,0.000000e+00,0.000000e+00,0.000000e+00,0.000000e+00,0.000000e+00,0.000000e+00,0.000000e+00,0.000000e+00,0.000000e+00,0.000000e+00,0.000000e+00,0.000000e+00
1.000000e+00,0.000000e+00,0.000000e+00,0.000000e+00,0.000000e+00,0.000000e+00,0.000000e+00,0.000000e+00,0.000000e+00,0.000000e+00,0.000000e+00,0.000000e+00,0.000000e+00,0.000000e+00,0.000000e+00
1.000000e+00,0.000000e+00,0.000000e+00,0.000000e+00,0.000000e+00,0.000000e+00,0.000000e+00,0.000000e+00,0.000000e+00,0.000000e+00,0.000000e+00,0.000000e+00,0.000000e+00,0.000000e+00,0.000000e+00
1.000000e+00,0.000000e+00,0.000000e+00,0.000000e+00,0.000000e+00,0.000000e+00,0.000000e+00,0.000000e+00,0.000000e+00,0.000000e+00,0.000000e+00,0.000000e+00,0.000000e+00,0.000000e+00,0.000000e+00
1.000000e+00,0.000000e+00,0.000000e+00,0.000000e+00,0.000000e+00,0.000000e+00,0.000000e+00,0.000000e+00,0.000000e+00,0.000000e+00,0.000000e+00,0.000000e+00,0.000000e+00,0.000000e+00,0.000000e+00
1.000000e+00,0.000000e+00,0.000000e+00,0.000000e+00,0.000000e+00,0.000000e+00,0.000000e+00,0.000000e+00,0.000000e+00,0.000000e+00,0.000000e+00,0.000000e+00,0.000000e+00,0.000000e+00,0.000000e+00
1.000000e+00,0.000000e+00,0.000000e+00,0.000000e+00,0.000000e+00,0.000000e+00,0.000000e+00,0.000000e+00,0.000000e+00,0.000000e+00,0.000000e+00,0.000000e+00,0.000000e+00,0.000000e+00,0.000000e+00
1.000000e+00,0.000000e+00,0.000000e+00,0.000000e+00,0.000000e+00,0.000000e+00,0.000000e+00,0.000000e+00,0.000000e+00,0.000000e+00,0.000000e+00,0.000000e+00,0.000000e+00,0.000000e+00,0.000000e+00
1.000000e+00,0.000000e+00,0.000000e+00,0.000000e+00,0.000000e+00,0.000000e+00,0.000000e+00,0.000000e+00,0.000000e+00,0.000000e+00,0.000000e+00,0.000000e+00,0.000000e+00,0.000000e+00,0.000000e+00
3.824550e-01,2.807003e-02,1.721044e-02,3.852360e-01,1.412595e-02,1.308107e-02,3.367281e-03,7.410016e-03,7.496762e-03,2.663402e-03,5.765549e-02,3.906099e-02,1.843342e-02,3.931523e-03,1.980252e-02
2.677313e-01,2.033980e-02,1.233719e-02,3.677656e-01,1.168247e-02,9.227904e-03,2.403229e-03,5.212707e-03,6.275004e-03,3.899471e-03,2.302744e-01,2.811771e-02,1.603680e-02,4.478864e-03,1.421748e-02
1.874239e-01,1.434835e-02,8.749662e-03,3.057960e-01,8.499657e-03,6.474605e-03,1.696765e-03,3.671377e-03,5.372989e-03,5.226059e-03,4.021082e-01,2.113616e-02,1.363275e-02,5.695317e-03,1.016826e-02
1.313037e-01,1.015486e-02,6.251450e-03,2.284172e-01,6.746423e-03,4.619754e-03,1.193699e-03,2.727763e-03,5.077536e-03,3.904331e-02,4.377820e-01,1.599140e-02,1.282595e-02,8.976030e-02,8.104688e-03
9.196725e-02,7.152406e-03,4.424698e-03,1.633489e-01,5.618826e-03,3.434201e-03,8.405247e-04,1.955898e-03,1.273372e-02,2.873733e-02,3.519031e-01,1.142441e-02,1.032326e-02,3.001595e-01,5.975964e-03
6.442329e-02,5.041139e-03,3.133417e-03,1.154593e-01,4.637598e-03,2.844508e-03,5.919350e-04,1.395920e-03,1.282504e-02,2.082013e-02,2.616055e-01,8.141424e-03,8.234771e-03,4.864107e-01,4.435398e-03
4.526163e-02,3.607056e-03,2.262597e-03,8.099710e-02,3.365434e-03,3.245792e-03,4.164102e-04,9.873384e-04,1.744938e-02,1.479868e-02,1.888106e-01,5.788307e-03,6.223743e-03,6.227031e-01,4.082896e-03
3.176320e-02,3.129878e-03,1.657189e-03,5.677643e-02,2.434239e-03,3.629680e-03,2.943466e-04,6.993363e-04,2.458039e-02,1.059309e-02,1.382397e-01,4.178534e-03,4.672051e-03,7.138920e-01,3.459965e-03
2.254361e-02,6.442131e-03,1.759609e-03,4.021218e-02,2.308292e-03,2.260303e-02,3.516774e-04,9.863202e-04,7.222766e-02,7.688808e-03,9.809768e-02,3.167008e-03,3.589263e-03,7.141435e-01,3.879240e-03
1.629685e-02,5.263788e-03,2.225846e-03,2.844954e-02,2.119936e-03,3.938756e-02,2.692208e-04,7.629875e-04,7.457460e-02,5.802989e-03,7.208072e-02,3.126798e-03,3.919354e-03,7.411202e-01,4.599688e-03
1.264948e-02,4.270129e-03,1.910125e-03,1.998802e-02,1.944619e-03,3.547912e-02,2.057791e-04,5.984504e-04,6.532186e-02,4.564665e-03,5.288686e-02,2.469306e-03,3.518510e-03,7.893729e-01,4.820257e-03
1.155159e-02,4.297346e-03,3.807815e-03,1.454186e-02,1.719810e-03,3.526853e-02,1.842323e-04,7.999184e-04,8.441311e-02,4.370238e-03,3.867071e-02,1.931283e-03,3.253621e-03,7.891762e-01,6.013711e-03
1.267709e-02,5.371854e-03,1.878930e-02,1.173863e-02,1.887703e-03,2.963676e-02,2.456722e-04,1.040682e-03,8.809381e-02,4.270857e-03,2.923488e-02,2.175567e-03,4.812046e-03,7.820255e-01,7.999653e-03
1.463982e-02,4.506715e-03,1.552408e-01,1.265457e-02,2.425191e-03,2.311539e-02,2.570347e-04,1.973824e-03,7.539698e-02,5.509058e-03,2.287754e-02,1.762639e-03,4.040134e-03,6.671114e-01,8.488875e-03
2.480589e-02,4.241445e-03,2.908654e-01,9.653220e-03,2.161741e-03,1.787442e-02,1.993357e-04,1.698451e-03,6.379002e-02,1.639146e-02,2.871831e-02,1.482505e-03,3.868904e-03,5.088311e-01,2.541784e-02
3.691033e-02,4.993415e-03,3.326736e-01,1.068478e-02,3.656256e-03,1.757405e-02,3.179983e-04,5.309666e-03,5.854038e-02,2.038933e-02,3.614465e-02,1.471647e-03,4.555461e-03,4.417200e-01,2.505844e-02
4.101359e-02,5.049600e-03,4.033403e-01,3.198082e-02,5.306815e-03,1.586831e-02,2.685730e-04,4.993622e-03,5.471004e-02,1.777864e-02,2.852098e-02,1.277994e-03,3.654457e-03,3.613006e-01,2.493563e-02
5.711106e-02,5.196164e-03,4.395092e-01,2.316783e-02,7.774862e-03,1.531779e-02,2.422355e-04,5.844052e-03,5.476269e-02,1.714172e-02,2.148410e-02,1.097142e-03,2.860040e-03,3.006305e-01,4.786057e-02
5.804346e-02,8.519618e-03,4.141440e-01,1.825111e-02,6.927398e-03,1.433418e-02,4.018281e-04,7.051731e-03,7.739411e-02,2.744183e-02,2.025874e-02,1.385739e-03,2.963692e-03,2.410882e-01,1.017943e-01
5.864505e-02,7.867377e-03,3.421758e-01,1.795121e-02,6.413713e-03,1.138894e-02,3.394464e-04,7.220387e-03,2.041034e-01,2.648661e-02,2.156473e-02,1.401973e-03,2.481536e-03,2.095074e-01,8.245249e-02
7.657444e-02,7.234242e-03,2.792394e-01,1.491472e-02,2.586724e-02,1.028267e-02,3.964842e-04,1.329787e-02,2.889644e-01,2.916814e-02,1.744850e-02,1.765017e-03,2.242210e-03,1.690276e-01,6.357705e-02
6.161341e-02,5.359076e-03,2.149059e-01,1.534322e-02,3.125145e-02,7.596998e-03,5.501939e-04,2.163131e-01,2.398984e-01,2.242651e-02,1.251236e-02,1.314773e-03,1.630169e-03,1.246325e-01,4.465183e-02
5.006995e-02,4.789569e-03,1.713033e-01,1.396021e-02,4.205961e-02,5.748652e-03,7.024320e-04,3.803424e-01,1.834863e-01,1.671723e-02,8.980600e-03,1.011320e-03,1.206899e-03,8.810652e-02,3.151514e-02
5.269910e-02,4.703232e-03,1.275009e-01,1.122237e-02,3.930998e-02,4.629244e-03,2.111720e-03,5.011001e-01,1.500203e-01,1.272863e-02,6.717965e-03,7.837358e-04,9.852137e-04,6.298005e-02,2.250747e-02
4.332177e-02,4.413139e-03,9.919385e-02,1.656627e-02,2.903202e-02,3.496405e-03,1.914220e-03,6.146141e-01,1.112517e-01,9.194970e-03,4.827965e-03,5.816529e-04,7.485711e-04,4.488141e-02,1.596196e-02
3.315929e-02,3.523589e-03,7.495116e-02,1.336018e-02,2.176712e-02,2.568800e-03,1.541513e-03,7.149708e-01,7.938918e-02,6.602475e-03,3.439781e-03,4.205911e-04,5.526011e-04,3.245994e-02,1.129302e-02
2.890403e-02,2.791713e-03,5.539912e-02,1.067126e-02,1.670654e-02,2.113520e-03,2.691621e-03,7.848665e-01,5.639055e-02,4.899741e-03,2.486313e-03,3.444805e-04,4.715644e-04,2.316767e-02,8.095493e-03
3.222508e-02,2.106624e-03,4.823720e-02,1.188647e-02,1.371272e-02,3.427806e-03,1.384600e-02,8.044029e-01,4.034574e-02,4.007101e-03,1.985074e-03,3.845223e-04,7.551939e-04,1.669869e-02,5.979017e-03
2.744308e-02,1.663178e-03,3.591574e-02,9.858168e-03,1.105784e-02,3.170354e-03,1.094840e-02,8.497763e-01,2.848914e-02,2.876538e-03,1.581958e-03,3.365052e-04,6.869908e-04,1.192432e-02,4.271672e-03
2.133859e-02,1.217717e-03,2.586360e-02,7.051967e-03,8.550128e-03,2.383165e-03,1.179558e-02,8.862123e-01,2.005617e-02,2.021361e-03,1.136972e-03,2.502401e-04,6.167010e-04,8.476308e-03,3.029244e-03
1.721810e-02,9.132049e-04,1.888100e-02,5.133105e-03,7.780888e-03,1.758762e-03,9.671763e-03,9.133739e-01,1.413086e-02,1.421045e-03,8.373981e-04,1.876965e-04,5.583470e-04,5.992470e-03,2.141497e-03
2.028404e-02,7.829519e-04,1.413488e-02,3.803324e-03,6.917439e-03,2.373704e-03,8.920019e-03,9.235701e-01,1.001612e-02,1.031113e-03,7.178946e-04,3.040568e-04,1.259048e-03,4.238293e-03,1.647058e-03
2.361037e-02,6.750157e-04,1.169877e-02,3.113660e-03,5.849744e-03,2.426888e-03,9.586733e-03,9.285991e-01,7.136864e-03,7.469883e-04,5.866712e-04,3.279223e-04,1.443947e-03,2.983195e-03,1.214182e-03
3.370123e-02,6.403663e-04,1.151806e-02,3.554062e-03,5.323100e-03,3.395945e-03,1.076321e-02,9.195406e-01,5.149605e-03,5.869875e-04,5.379578e-04,6.001402e-04,1.578683e-03,2.118585e-03,9.914264e-04
3.625713e-02,5.389535e-04,9.522515e-03,3.626214e-03,5.133059e-03,3.030331e-03,1.106959e-02,9.218444e-01,3.710850e-03,4.636284e-04,5.160265e-04,6.085060e-04,1.400776e-03,1.504870e-03,7.731287e-04
3.360792e-02,4.236889e-04,7.895735e-03,3.424818e-03,5.072590e-03,2.561053e-03,1.064292e-02,9.293658e-01,2.695351e-03,3.946668e-04,4.822330e-04,5.895931e-04,1.178056e-03,1.069573e-03,5.960173e-04
3.254174e-02,3.566965e-04,6.064774e-03,3.253032e-03,5.328422e-03,2.266624e-03,1.109044e-02,9.327002e-01,2.285658e-03,3.373746e-04,6.246998e-04,6.855235e-04,1.190869e-03,7.695271e-04,5.044010e-04
3.137568e-02,3.064097e-04,4.728307e-03,2.932323e-03,5.979072e-03,2.062990e-03,1.187168e-02,9.348694e-01,1.814480e-03,2.890613e-04,7.142058e-04,7.887151e-04,1.258799e-03,5.576459e-04,4.511600e-04
3.915473e-02,7.992542e-04,4.015624e-03,2.553971e-03,7.797813e-03,2.263044e-03,9.573430e-03,8.818920e-01,6.178314e-03,1.209709e-03,6.059662e-03,4.130038e-03,3.145888e-02,7.963404e-04,2.117185e-03
6.403577e-02,1.503238e-03,3.721827e-03,2.238065e-03,1.515636e-02,2.216311e-03,7.865351e-03,8.339198e-01,7.765970e-03,1.286350e-03,1.020918e-02,7.161273e-03,3.712092e-02,9.343452e-04,4.865267e-03
8.478791e-02,1.697913e-03,2.952517e-03,1.833152e-03,1.762956e-02,2.137440e-03,6.091683e-03,7.762784e-01,8.098815e-03,1.667086e-03,1.037333e-02,1.157174e-02,6.864118e-02,1.115391e-03,5.123925e-03
1.255754e-01,2.561887e-03,3.921174e-03,1.914274e-03,1.788295e-02,2.952032e-03,5.194494e-03,7.288710e-01,8.313119e-03,2.499280e-03,1.118861e-02,1.148207e-02,7.047985e-02,1.400824e-03,5.763078e-03
1.654789e-01,3.521266e-03,4.930490e-03,1.860772e-03,1.659848e-02,3.664257e-03,4.937187e-03,6.930457e-01,7.656914e-03,2.493473e-03,1.081418e-02,9.566884e-03,6.640361e-02,1.654187e-03,7.373726e-03
2.675180e-01,5.666751e-03,4.541769e-03,3.557203e-03,1.483948e-02,6.009274e-03,4.347312e-03,5.254362e-01,1.571305e-02,2.564945e-03,1.190309e-02,2.048585e-02,1.039103e-01,2.293778e-03,1.121301e-02
2.258505e-01,5.914201e-03,1.100928e-02,1.039382e-02,1.969126e-02,8.105753e-03,4.068604e-03,3.789524e-01,2.736025e-02,3.719241e-03,1.596150e-02,3.836497e-02,2.344332e-01,2.698472e-03,1.347657e-02
1.752833e-01,4.636204e-03,8.081538e-03,9.320229e-03,1.671586e-02,7.462355e-03,3.244836e-03,2.745790e-01,2.489949e-02,2.899877e-03,1.536159e-02,3.312985e-02,4.112924e-01,2.223596e-03,1.086997e-02
1.259897e-01,3.366300e-03,5.767443e-03,6.900758e-03,1.420718e-02,5.562904e-03,2.412711e-03,1.928269e-01,2.248649e-02,2.574588e-03,1.225743e-02,3.111058e-02,5.594214e-01,1.795811e-03,1.331987e-02
8.865260e-02,2.483796e-03,4.184782e-03,5.068299e-03,2.379527e-02,4.006483e-03,3.105024e-03,1.365683e-01,3.871354e-02,2.131351e-03,1.234537e-02,3.789463e-02,6.295185e-01,1.305704e-03,1.022634e-02
6.218479e-02,1.873242e-03,3.809899e-03,3.698384e-03,9.990525e-02,3.125744e-03,9.322508e-03,9.791442e-02,3.535630e-02,1.593621e-03,1.615081e-02,3.332109e-02,6.210365e-01,9.603210e-04,9.747123e-03
4.403459e-02,2.157383e-03,3.214088e-03,4.882715e-03,1.433510e-01,7.172489e-03,1.413660e-02,7.483747e-02,1.735796e-01,1.339155e-03,1.406164e-02,2.878709e-02,4.746637e-01,8.176413e-04,1.296473e-02
3.199261e-02,3.022677e-03,2.593871e-03,4.929583e-03,1.259278e-01,1.078246e-02,1.606899e-02,5.877379e-02,2.970806e-01,1.107320e-03,1.401967e-02,2.823166e-02,3.920597e-01,7.370875e-04,1.267215e-02
3.411401e-02,4.209906e-03,4.716456e-03,1.013186e-02,1.254318e-01,2.177261e-02,1.745763e-02,5.273670e-02,3.734026e-01,1.271705e-03,1.624741e-02,2.571920e-02,3.021400e-01,8.234185e-04,9.824654e-03
5.024169e-02,5.136741e-03,6.292813e-03,1.064351e-02,1.307476e-01,8.173634e-02,2.337769e-02,3.905771e-02,3.376753e-01,1.463498e-03,1.464659e-02,2.150896e-02,2.668048e-01,9.712240e-04,9.695556e-03
6.455583e-02,9.515465e-03,1.049831e-02,1.961723e-02,1.179791e-01,8.436666e-02,2.848021e-02,3.195783e-02,2.996484e-01,2.447551e-03,1.225487e-02,2.000305e-02,2.831948e-01,9.001530e-04,1.458048e-02
9.505551e-02,1.005560e-02,8.788299e-03,1.612544e-02,8.707319e-02,1.583074e-01,2.397391e-02,2.310124e-02,2.268119e-01,2.252383e-03,1.232750e-02,3.161005e-02,2.888591e-01,1.243240e-03,1.441522e-02
1.063460e-01,1.462301e-02,1.001176e-02,1.497426e-02,7.180196e-02,1.468433e-01,2.778084e-02,1.960136e-02,1.774810e-01,3.810346e-03,1.291800e-02,5.034426e-02,3.142911e-01,2.192524e-03,2.698036e-02
1.315438e-01,1.309187e-02,7.545931e-03,1.205333e-02,5.564133e-02,1.455609e-01,2.345835e-02,1.497950e-02,1.335250e-01,2.895679e-03,1.012273e-02,8.156415e-02,3.434839e-01,1.943430e-03,2.259029e-02
1.176840e-01,1.593792e-02,5.874954e-03,9.992105e-03,4.515306e-02,1.314283e-01,1.934130e-02,1.244680e-02,1.192743e-01,2.469188e-03,8.535454e-03,1.426278e-01,3.462311e-01,1.831384e-03,2.117221e-02
9.345657e-02,1.271918e-02,5.803202e-03,1.586115e-02,3.218921e-02,2.141247e-01,1.415444e-02,9.409864e-03,9.897782e-02,3.568003e-03,1.105496e-02,1.186166e-01,3.440566e-01,2.456016e-03,2.355164e-02
7.299746e-02,1.206350e-02,4.933227e-03,1.174521e-02,2.818009e-02,1.564913e-01,1.085071e-02,8.313404e-03,8.463263e-02,2.624882e-03,9.671866e-03,1.035383e-01,4.744692e-01,2.048816e-03,1.743943e-02
6.188847e-02,1.672968e-02,5.101987e-03,8.731084e-03,3.840625e-02,1.189156e-01,9.733142e-03,1.352474e-02,1.109109e-01,2.288440e-03,9.296739e-03,8.790903e-02,5.005769e-01,2.148746e-03,1.383830e-02
5.211819e-02,1.864377e-02,5.174585e-03,9.545012e-03,3.018428e-02,9.735115e-02,7.826799e-03,1.543999e-02,1.118212e-01,2.037243e-03,8.229112e-03,7.005580e-02,5.583735e-01,2.085408e-03,1.111398e-02
4.368352e-02,1.512932e-02,4.242588e-03,7.347724e-03,2.661627e-02,7.964286e-02,7.337224e-03,1.372710e-02,8.972333e-02,1.548336e-03,6.650216e-03,5.556545e-02,6.386623e-01,1.719315e-03,8.404347e-03
5.041207e-02,1.672667e-02,3.917304e-03,6.630840e-03,2.148270e-02,6.410009e-02,5.584375e-03,1.056418e-02,7.023776e-02,1.260954e-03,5.355991e-03,4.229629e-02,6.898916e-01,2.679653e-03,8.859470e-03
4.055822e-02,2.423722e-02,3.600524e-03,5.331203e-03,1.827928e-02,5.366034e-02,4.598137e-03,9.208753e-03,6.050425e-02,1.067256e-03,4.205943e-03,3.247935e-02,7.231591e-01,2.068180e-03,1.704224e-02
3.832365e-02,5.974551e-02,6.926910e-03,5.192151e-03,1.975861e-02,4.974534e-02,4.512368e-03,1.010414e-02,9.094341e-02,1.373829e-03,4.113169e-03,2.673292e-02,6.549334e-01,2.133656e-03,2.546096e-02
3.197479e-02,1.972945e-01,6.512898e-03,1.297900e-02,1.437656e-02,4.117567e-02,3.248684e-03,7.480144e-03,1.008752e-01,3.008469e-03,3.465202e-03,2.013263e-02,4.716838e-01,1.879086e-03,8.391335e-02
4.193755e-02,2.196036e-01,9.427935e-03,1.361293e-02,1.287358e-02,5.172146e-02,3.300886e-03,1.115348e-02,1.088440e-01,4.334934e-03,4.815833e-03,1.670495e-02,3.985675e-01,2.506692e-03,1.005947e-01
3.767134e-02,2.531262e-01,9.047256e-03,1.283709e-02,9.837830e-03,4.981643e-02,2.985851e-03,9.793427e-03,1.334118e-01,7.057676e-03,6.700050e-03,1.645344e-02,3.125639e-01,5.921861e-03,1.327758e-01
3.557032e-02,2.845356e-01,8.551199e-03,1.263649e-02,7.261546e-03,4.617722e-02,2.194373e-03,7.326190e-03,1.824824e-01,6.970425e-03,8.626961e-03,1.952669e-02,2.370167e-01,1.117522e-02,1.299488e-01
6.176029e-02,2.603965e-01,8.655529e-03,1.550538e-02,6.811747e-03,4.366188e-02,1.945830e-03,7.793505e-03,1.949086e-01,9.985580e-03,1.157202e-02,2.661914e-02,2.060196e-01,1.656150e-02,1.278029e-01
7.287594e-02,2.728194e-01,9.762572e-03,1.684082e-02,5.631515e-03,5.607560e-02,1.598905e-03,6.564273e-03,1.867741e-01,1.009851e-02,1.554928e-02,4.310849e-02,1.645035e-01,2.295753e-02,1.148396e-01
6.964210e-02,2.214320e-01,8.002939e-03,1.746573e-02,5.202514e-03,7.449420e-02,1.541485e-03,1.036626e-02,2.691048e-01,9.477709e-03,2.403498e-02,4.853866e-02,1.331043e-01,2.173917e-02,8.585326e-02
5.228644e-02,1.749204e-01,1.200547e-02,1.683377e-02,4.758370e-03,9.135883e-02,1.496632e-03,6.152582e-02,2.836981e-01,1.180795e-02,3.047853e-02,5.426069e-02,1.033274e-01,2.271356e-02,7.852816e-02
3.876785e-02,1.713602e-01,1.549783e-02,1.322451e-02,4.312870e-03,7.678018e-02,1.357429e-03,6.248315e-02,3.427261e-01,1.051339e-02,2.790059e-02,5.326640e-02,7.599377e-02,2.037672e-02,8.543909e-02
2.977245e-02,1.550616e-01,2.544637e-02,1.086385e-02,4.676325e-03,6.102688e-02,1.612890e-03,6.917292e-02,3.579157e-01,9.182031e-03,2.823934e-02,4.985180e-02,5.884596e-02,1.833861e-02,1.199934e-01
2.770810e-02,1.513434e-01,2.796454e-02,9.930497e-03,5.603766e-03,4.813576e-02,1.727916e-03,7.920438e-02,3.522510e-01,1.001531e-02,2.911982e-02,5.799886e-02,4.861424e-02,1.767720e-02,1.327053e-01
2.680781e-02,1.205240e-01,2.658716e-02,8.023731e-03,8.831301e-03,4.044003e-02,2.732400e-03,1.114448e-01,3.991641e-01,8.542532e-03,3.408756e-02,4.352035e-02,3.822026e-02,1.456675e-02,1.165071e-01
3.558841e-02,9.517625e-02,2.438926e-02,6.951651e-03,1.577025e-02,3.441881e-02,3.225822e-03,1.732895e-01,4.062707e-01,6.704960e-03,2.867233e-02,3.293007e-02,3.284543e-02,1.366817e-02,9.009845e-02
3.506269e-02,7.700208e-02,1.785658e-02,6.292302e-03,3.253627e-02,2.719196e-02,3.807900e-03,1.478900e-01,4.958648e-01,5.717301e-03,2.138605e-02,2.371076e-02,2.769100e-02,1.180229e-02,6.618807e-02
3.280286e-02,6.868797e-02,1.386438e-02,5.469795e-03,4.779851e-02,2.323822e-02,4.487086e-03,1.473339e-01,5.305816e-01,4.827485e-03,1.611252e-02,1.698174e-02,2.679847e-02,9.840325e-03,5.117517e-02
3.492127e-02,6.042247e-02,1.001646e-02,4.760781e-03,4.757348e-02,1.918407e-02,4.025095e-03,1.484116e-01,5.680366e-01,4.440185e-03,1.209691e-02,1.202888e-02,2.810251e-02,9.320332e-03,3.665949e-02
4.121710e-02,5.478236e-02,7.436197e-03,4.010495e-03,4.539646e-02,1.730087e-02,3.370445e-03,1.522288e-01,5.869890e-01,3.832676e-03,9.304409e-03,8.623019e-03,3.109271e-02,8.204118e-03,2.621134e-02
7.115995e-02,5.322973e-02,5.475554e-03,3.721018e-03,3.976211e-02,1.921226e-02,2.877758e-03,1.261436e-01,5.930983e-01,3.801123e-03,8.634171e-03,6.568203e-03,3.859399e-02,8.658065e-03,1.906415e-02
1.102887e-01,7.396294e-02,4.179930e-03,3.355749e-03,4.066626e-02,1.766769e-02,2.707883e-03,1.005808e-01,5.772950e-01,3.415058e-03,7.306774e-03,5.273114e-03,3.059319e-02,8.627910e-03,1.407905e-02
1.520707e-01,8.290704e-02,3.322272e-03,3.019871e-03,3.592603e-02,1.508172e-02,2.798750e-03,8.666974e-02,5.617974e-01,3.216063e-03,6.666365e-03,5.288742e-03,2.252858e-02,7.716209e-03,1.099047e-02
2.148581e-01,8.748186e-02,3.056007e-03,3.129262e-03,3.434738e-02,1.289161e-02,3.876758e-03,1.007314e-01,4.893942e-01,4.242694e-03,5.925273e-03,6.691779e-03,1.682614e-02,7.178403e-03,9.369133e-03
2.956816e-01,8.477691e-02,2.682241e-03,2.845057e-03,3.300736e-02,1.074621e-02,4.216233e-03,1.027540e-01,4.192685e-01,4.215003e-03,5.362615e-03,7.703067e-03,1.246583e-02,6.276199e-03,7.999177e-03
3.867155e-01,7.866947e-02,2.847601e-03,3.269783e-03,3.020696e-02,1.062381e-02,4.686751e-03,9.689508e-02,3.449209e-01,4.057182e-03,5.130620e-03,8.446323e-03,9.782421e-03,6.143712e-03,7.603956e-03
4.826475e-01,6.243421e-02,3.350119e-03,4.645470e-03,2.447909e-02,1.050780e-02,4.872007e-03,1.034682e-01,2.604998e-01,4.126213e-03,5.765150e-03,1.045292e-02,9.756412e-03,6.068135e-03,6.927029e-03
1.000000e+00,0.000000e+00,0.000000e+00,0.000000e+00,0.000000e+00,0.000000e+00,0.000000e+00,0.000000e+00,0.000000e+00,0.000000e+00,0.000000e+00,0.000000e+00,0.000000e+00,0.000000e+00,0.000000e+00
1.000000e+00,0.000000e+00,0.000000e+00,0.000000e+00,0.000000e+00,0.000000e+00,0.000000e+00,0.000000e+00,0.000000e+00,0.000000e+00,0.000000e+00,0.000000e+00,0.000000e+00,0.000000e+00,0.000000e+00
1.000000e+00,0.000000e+00,0.000000e+00,0.000000e+00,0.000000e+00,0.000000e+00,0.000000e+00,0.000000e+00,0.000000e+00,0.000000e+00,0.000000e+00,0.000000e+00,0.000000e+00,0.000000e+00,0.000000e+00
1.000000e+00,0.000000e+00,0.000000e+00,0.000000e+00,0.000000e+00,0.000000e+00,0.000000e+00,0.000000e+00,0.000000e+00,0.000000e+00,0.000000e+00,0.000000e+00,0.000000e+00,0.000000e+00,0.000000e+00
1.000000e+00,0.000000e+00,0.000000e+00,0.000000e+00,0.000000e+00,0.000000e+00,0.000000e+00,0.000000e+00,0.000000e+00,0.000000e+00,0.000000e+00,0.000000e+00,0.000000e+00,0.000000e+00,0.000000e+00
1.000000e+00,0.000000e+00,0.000000e+00,0.000000e+00,0.000000e+00,0.000000e+00,0.000000e+00,0.000000e+00,0.000000e+00,0.000000e+00,0.000000e+00,0.000000e+00,0.000000e+00,0.000000e+00,0.000000e+00
4.403104e-01,6.916516e-03,2.564825e-03,2.535543e-03,5.391284e-03,8.749292e-03,3.015545e-03,2.531337e-02,2.921141e-02,8.111990e-03,2.286513e-02,2.301265e-01,1.963174e-01,7.705492e-03,1.086537e-02
3.197714e-01,4.935172e-03,1.965344e-03,1.899025e-03,5.682343e-03,6.348762e-03,2.248016e-03,1.791971e-02,2.185260e-02,7.015652e-03,1.990279e-02,3.614775e-01,2.151551e-01,5.751364e-03,8.075247e-03
2.247648e-01,3.486643e-03,1.452699e-03,1.344933e-03,5.706652e-03,4.519173e-03,1.605375e-03,1.257961e-02,1.581898e-02,5.277652e-03,1.553625e-02,4.717808e-01,2.261701e-01,4.162592e-03,5.793666e-03
1.574928e-01,2.462822e-03,1.111427e-03,9.532023e-04,6.135616e-03,3.240146e-03,1.137089e-03,8.882572e-03,1.143269e-02,4.433825e-03,1.226575e-02,5.754049e-01,2.078682e-01,3.081949e-03,4.097089e-03
1.102821e-01,1.749123e-03,9.382610e-04,6.821682e-04,8.453093e-03,2.308063e-03,8.030635e-04,6.378920e-03,8.785314e-03,4.771033e-03,1.023335e-02,6.489522e-01,1.905058e-01,2.261409e-03,2.896126e-03
7.726484e-02,1.301963e-03,9.026424e-04,4.946925e-04,9.001335e-03,1.679195e-03,5.711839e-04,4.617075e-03,7.005527e-03,8.878331e-03,9.049704e-03,6.929994e-01,1.824142e-01,1.771844e-03,2.048047e-03
5.412227e-02,9.471638e-04,7.385862e-04,3.551159e-04,9.646661e-03,1.209976e-03,4.086541e-04,3.316303e-03,7.062015e-03,1.070567e-02,7.472908e-03,7.537310e-01,1.475417e-01,1.293072e-03,1.448814e-03
3.790522e-02,6.841286e-04,5.714961e-04,2.670222e-04,1.028698e-02,8.947025e-04,3.125375e-04,2.493861e-03,6.611999e-03,1.675496e-02,6.190780e-03,7.888491e-01,1.262147e-01,9.417508e-04,1.020733e-03
2.656457e-02,5.065406e-04,4.416138e-04,1.934302e-04,7.660400e-03,7.408450e-04,2.222446e-04,1.852463e-03,5.476215e-03,2.981674e-02,6.526062e-03,8.059437e-01,1.126250e-01,7.103804e-04,7.197779e-04
1.877160e-02,4.465163e-04,3.791892e-04,1.580569e-04,5.637974e-03,7.831588e-04,1.585620e-04,1.480086e-03,5.327560e-03,7.119650e-02,9.038564e-03,7.847739e-01,1.006853e-01,6.408355e-04,5.221540e-04
1.333961e-02,4.088187e-04,3.970087e-04,3.518867e-04,4.862291e-03,7.717495e-04,1.145213e-04,2.893819e-03,8.814838e-03,9.565284e-02,1.138847e-02,7.773289e-01,8.276971e-02,5.317886e-04,3.737409e-04
9.677558e-03,8.508718e-04,5.070471e-04,4.251611e-04,4.281057e-03,6.682972e-04,8.219050e-05,3.126638e-03,1.581511e-02,1.200571e-01,2.030737e-02,7.515531e-01,7.179329e-02,5.745283e-04,2.807118e-04
8.425559e-03,1.019241e-03,2.210466e-03,1.297847e-03,3.557227e-03,9.427414e-04,7.425895e-05,2.138136e-02,1.772291e-02,1.953085e-01,3.194459e-02,6.592332e-01,5.567378e-02,9.849134e-04,2.232939e-04
1.188857e-02,1.316223e-03,1.080562e-02,4.116908e-03,2.874349e-03,2.843185e-03,2.190717e-04,3.524353e-02,2.694764e-02,3.338990e-01,3.694695e-02,4.911568e-01,4.062970e-02,9.145270e-04,1.979803e-04
1.408859e-02,1.526891e-03,3.111416e-02,9.351384e-03,2.370429e-03,4.354132e-03,3.756755e-04,7.803496e-02,2.831893e-02,3.943183e-01,4.294404e-02,3.629918e-01,2.923132e-02,8.182911e-04,1.611164e-04
2.000289e-02,2.176755e-03,4.902849e-02,1.906911e-02,2.211835e-03,5.024840e-03,6.257553e-04,1.227922e-01,2.686463e-02,3.798235e-01,8.523574e-02,2.644273e-01,2.087364e-02,1.701865e-03,1.413992e-04
2.069524e-02,1.854768e-03,8.109355e-02,3.611863e-02,1.780984e-03,4.291245e-03,6.296783e-04,2.318478e-01,2.253114e-02,3.205338e-01,7.370667e-02,1.884586e-01,1.483239e-02,1.519171e-03,1.062880e-04
3.403816e-02,1.549233e-03,7.258579e-02,5.396117e-02,1.637120e-03,4.665877e-03,6.933871e-04,3.445209e-01,2.541225e-02,2.431951e-01,6.765678e-02,1.369227e-01,1.071326e-02,2.346787e-03,1.014715e-04
5.772524e-02,2.081760e-03,8.172581e-02,5.767859e-02,2.263648e-03,1.168001e-02,1.855419e-03,2.726059e-01,6.065200e-02,2.178851e-01,1.049830e-01,1.067885e-01,8.394742e-03,1.279693e-02,8.833681e-04
6.238059e-02,1.771171e-03,1.049367e-01,8.010478e-02,2.130250e-03,1.049891e-02,1.986355e-03,2.966621e-01,6.389488e-02,1.812343e-01,9.661059e-02,7.708766e-02,6.570918e-03,1.325116e-02,8.796550e-04
5.026774e-02,1.307669e-03,9.203800e-02,8.702909e-02,3.750651e-03,8.025847e-03,1.703333e-03,4.379404e-01,4.825708e-02,1.306304e-01,6.921656e-02,5.470191e-02,4.797941e-03,9.661053e-03,6.723729e-04
4.432119e-02,1.091173e-03,9.015179e-02,1.162818e-01,9.461324e-03,7.411661e-03,1.530875e-03,4.864504e-01,4.208402e-02,9.843413e-02,5.036521e-02,3.975552e-02,3.686805e-03,8.401050e-03,5.730713e-04
3.565025e-02,8.722170e-04,7.310354e-02,1.068827e-01,3.089253e-02,1.357590e-02,1.165937e-03,5.613145e-01,3.155977e-02,7.030766e-02,3.635596e-02,2.832054e-02,2.743591e-03,6.781110e-03,4.737977e-04
2.931498e-02,1.099346e-03,6.399912e-02,9.330468e-02,1.012401e-01,2.862980e-02,9.909635e-04,5.523554e-01,2.391152e-02,4.996706e-02,2.646749e-02,2.024740e-02,2.178106e-03,5.733258e-03,5.607746e-04
2.479200e-02,1.164302e-03,4.937959e-02,8.547413e-02,1.576988e-01,2.941629e-02,8.358733e-04,5.589032e-01,1.733816e-02,3.507179e-02,1.911331e-02,1.436368e-02,1.724801e-03,4.208322e-03,5.156883e-04
2.867176e-02,1.815201e-03,4.098246e-02,9.014358e-02,2.038941e-01,2.845800e-02,8.799178e-04,5.378457e-01,1.262513e-02,2.460557e-02,1.407107e-02,1.047224e-02,1.606921e-03,3.175616e-03,7.526759e-04
3.715951e-02,2.501183e-03,3.631683e-02,1.035687e-01,2.256596e-01,3.417116e-02,9.861175e-04,5.090203e-01,9.427343e-03,1.731686e-02,1.071680e-02,7.908260e-03,1.623025e-03,2.492962e-03,1.131325e-03
5.800636e-02,3.997232e-03,4.041840e-02,1.114870e-01,2.263649e-01,4.472242e-02,1.010706e-03,4.618920e-01,1.244100e-02,1.271434e-02,9.726769e-03,7.980464e-03,2.665352e-03,2.309098e-03,4.263921e-03
4.320788e-02,4.199535e-03,3.321162e-02,8.238771e-02,1.670271e-01,3.249838e-02,7.370188e-04,3.263528e-01,5.357607e-02,9.704783e-03,1.963283e-01,8.344552e-03,4.792811e-03,2.718759e-02,1.044384e-02
3.243440e-02,4.666635e-03,3.797219e-02,6.047342e-02,1.281591e-01,2.464014e-02,6.028008e-04,2.302460e-01,6.620219e-02,8.780953e-03,2.863011e-01,8.665182e-03,5.227187e-03,9.196079e-02,1.366793e-02
2.565802e-02,3.732888e-03,2.841913e-02,4.271303e-02,9.040412e-02,1.860048e-02,4.569780e-04,1.615078e-01,4.895405e-02,7.219353e-03,4.459690e-01,1.460377e-02,5.211635e-03,9.633969e-02,1.021003e-02
1.905674e-02,3.587858e-03,2.008722e-02,3.014433e-02,6.340820e-02,1.383725e-02,3.526178e-04,1.131981e-01,3.712026e-02,6.724348e-03,5.690266e-01,1.663573e-02,4.114511e-03,9.476218e-02,7.944055e-03
1.619053e-02,3.822651e-03,1.450124e-02,2.179038e-02,4.456304e-02,1.111443e-02,3.216224e-04,7.950761e-02,3.047932e-02,1.579328e-02,5.702989e-01,1.895030e-02,3.425671e-03,1.621021e-01,7.138899e-03
1.374039e-02,4.850371e-03,1.117311e-02,1.637013e-02,3.172190e-02,8.475738e-03,3.326753e-04,5.605593e-02,3.000182e-02,1.565929e-02,5.423520e-01,2.347653e-02,3.041331e-03,2.369086e-01,5.840155e-03
1.122853e-02,7.290463e-02,9.563322e-03,1.220436e-02,2.449234e-02,6.962925e-03,3.804979e-04,4.013538e-02,4.742929e-02,1.393657e-02,4.595453e-01,1.940020e-02,2.433139e-03,2.737207e-01,5.662783e-03
8.428552e-03,6.768844e-02,7.963126e-03,8.807490e-03,1.727290e-02,6.081057e-03,3.110903e-04,2.852747e-02,5.209160e-02,1.049080e-02,3.336920e-01,1.504209e-02,1.855533e-03,4.366160e-01,5.131908e-03
7.425115e-03,6.175140e-02,6.032440e-03,6.522802e-03,1.222722e-02,6.708048e-03,2.472188e-04,2.012849e-02,5.537988e-02,8.894492e-03,2.564201e-01,1.231319e-02,1.539896e-03,5.393091e-01,5.100556e-03
6.883353e-03,8.317459e-02,8.808089e-03,4.789502e-03,8.800292e-03,6.616673e-03,2.263801e-04,1.435105e-02,6.538512e-02,6.893575e-03,1.951339e-01,9.052970e-03,1.391760e-03,5.826985e-01,5.794267e-03
8.522679e-03,6.985975e-02,6.921156e-03,4.353908e-03,6.502887e-03,8.332340e-03,2.107021e-04,1.043184e-02,8.820090e-02,5.631888e-03,1.584633e-01,7.638819e-03,2.045717e-03,6.165769e-01,6.307204e-03
1.151168e-02,6.455213e-02,5.595226e-03,3.406863e-03,4.997344e-03,7.963123e-03,1.879052e-04,7.718774e-03,9.032660e-02,4.449894e-03,1.201280e-01,5.871916e-03,1.796421e-03,6.651219e-01,6.372259e-03
1.737929e-02,7.604188e-02,1.051881e-02,7.901517e-03,8.000537e-03,1.047961e-02,3.669285e-04,1.049956e-02,1.184193e-01,5.687923e-03,1.012068e-01,4.717147e-03,2.504174e-03,6.189398e-01,7.336846e-03
2.674877e-02,6.456399e-02,9.438925e-03,6.575529e-03,1.030493e-02,1.158591e-02,6.165922e-04,1.205288e-02,1.633129e-01,5.228230e-03,7.572602e-02,3.670805e-03,2.428467e-03,6.007449e-01,7.001130e-03
9.880246e-02,6.280970e-02,8.050043e-03,5.295952e-03,2.098645e-02,2.140708e-02,7.454922e-04,1.038224e-02,1.368467e-01,4.168882e-03,5.699879e-02,3.184245e-03,3.152248e-03,5.603156e-01,6.854102e-03
1.934228e-01,5.916719e-02,9.364101e-03,6.985360e-03,2.120836e-02,2.362216e-02,1.152567e-03,1.174537e-02,1.105204e-01,4.396747e-03,4.663173e-02,4.673933e-03,4.136351e-03,4.930508e-01,9.922231e-03
2.730843e-01,5.621095e-02,8.402890e-03,7.475213e-03,2.985603e-02,2.352059e-02,2.546709e-03,1.479087e-02,9.145956e-02,5.259264e-03,3.779581e-02,6.066067e-03,5.117129e-03,4.280344e-01,1.038024e-02
3.126849e-01,4.693029e-02,9.767368e-03,7.877395e-03,3.712519e-02,3.108274e-02,2.679321e-03,1.683006e-02,8.815837e-02,2.371518e-02,3.394042e-02,8.326563e-03,6.956400e-03,3.620010e-01,1.192476e-02
3.802177e-01,3.695509e-02,1.027333e-02,9.599638e-03,3.302412e-02,2.472763e-02,2.078318e-03,1.879079e-02,9.501283e-02,2.337327e-02,3.356779e-02,1.686554e-02,1.039789e-02,2.910601e-01,1.405595e-02
3.344705e-01,2.897335e-02,9.054259e-03,9.162907e-03,2.832898e-02,2.914651e-02,1.667821e-03,1.718350e-02,1.352168e-01,2.114422e-02,5.232652e-02,1.608775e-02,1.049572e-02,2.887134e-01,1.802783e-02
2.886867e-01,2.230695e-02,8.405376e-03,7.733440e-03,2.674580e-02,3.752756e-02,1.396363e-03,1.525945e-02,1.751144e-01,2.016015e-02,6.531502e-02,1.245828e-02,9.325445e-03,2.879581e-01,2.160699e-02
2.434352e-01,1.837182e-02,9.587734e-03,7.362438e-03,2.455086e-02,4.331028e-02,1.471005e-03,1.579144e-02,2.291905e-01,1.727531e-02,6.262387e-02,9.652174e-03,7.664604e-03,2.824011e-01,2.731168e-02
2.217164e-01,1.606965e-02,1.301421e-02,6.787769e-03,1.950664e-02,3.539376e-02,1.480169e-03,1.380718e-02,2.903957e-01,1.276378e-02,5.072308e-02,7.127796e-03,6.024843e-03,2.831630e-01,2.202599e-02
2.261275e-01,1.613859e-02,1.163887e-02,6.044993e-03,1.487134e-02,3.177263e-02,1.556119e-03,1.051389e-02,3.279912e-01,9.612947e-03,4.443012e-02,5.256652e-03,4.712366e-03,2.711311e-01,1.820168e-02
2.139570e-01,2.037907e-02,1.048939e-02,5.177473e-03,1.164629e-02,3.295883e-02,2.324329e-03,9.170890e-03,3.989720e-01,9.143557e-03,3.658369e-02,4.192221e-03,4.016825e-03,2.266785e-01,1.431001e-02
2.243977e-01,2.062486e-02,9.263447e-03,5.087005e-03,9.540538e-03,3.839483e-02,3.228466e-03,7.916932e-03,4.370137e-01,1.039254e-02,2.845330e-02,4.479542e-03,3.634290e-03,1.843618e-01,1.321107e-02
2.816933e-01,2.471010e-02,9.352118e-03,6.133162e-03,8.725133e-03,4.595656e-02,4.829997e-03,8.828695e-03,3.994012e-01,1.077304e-02,2.332483e-02,7.113025e-03,4.989963e-03,1.491713e-01,1.499753e-02
3.627093e-01,2.300149e-02,8.513804e-03,7.172221e-03,7.989914e-03,4.170912e-02,3.872778e-03,7.598006e-03,3.441362e-01,9.059017e-03,2.216561e-02,8.269513e-03,5.708307e-03,1.311792e-01,1.691552e-02
4.685355e-01,2.011888e-02,7.784803e-03,8.122959e-03,6.822839e-03,3.674918e-02,3.132306e-03,6.587126e-03,2.718435e-01,8.013180e-03,1.926987e-02,1.011117e-02,6.869640e-03,1.020975e-01,2.394151e-02
