1.000000e+00,0.000000e+00,0.000000e+00,0.000000e+00,0.000000e+00,0.000000e+00,0.000000e+00,0.000000e+00,0.000000e+00,0.000000e+00,0.000000e+00,0.000000e+00,0.000000e+00,0.000000e+00,0.000000e+00
1.000000e+00,0.000000e+00,0.000000e+00,0.000000e+00,0.000000e+00,0.000000e+00,0.000000e+00,0.000000e+00,0.000000e+00,0.000000e+00,0.000000e+00,0.000000e+00,0.000000e+00,0.000000e+00,0.000000e+00
1.000000e+00,0.000000e+00,0.000000e+00,0.000000e+00,0.000000e+00,0.000000e+00,0.000000e+00,0.000000e+00,0.000000e+00,0.000000e+00,0.000000e+00,0.000000e+00,0.000000e+00,0.000000e+00,0.000000e+00
1.000000e+00,0.000000e+00,0.000000e+00,0.000000e+00,0.000000e+00,0.000000e+00,0.000000e+00,0.000000e+00,0.000000e+00,0.000000e+00,0.000000e+00,0.000000e+00,0.000000e+00,0.000000e+00,0.000000e+00
1.000000e+00,0.000000e+00,0.000000e+00,0.000000e+00,0.000000e+00,0.000000e+00,0.000000e+00,0.000000e+00,0.000000e+00,0.000000e+00,0.000000e+00,0.000000e+00,0.000000e+00,0.000000e+00,0.000000e+00
1.000000e+00,0.000000e+00,0.000000e+00,0.000000e+00,0.000000e+00,0.000000e+00,0.000000e+00,0.000000e+00,0.000000e+00,0.000000e+00,0.000000e+00,0.000000e+00,0.000000e+00,0.000000e+00,0.000000e+00
1.000000e+00,0.000000e+00,0.000000e+00,0.000000e+00,0.000000e+00,0.000000e+00,0.000000e+00,0.000000e+00,0.000000e+00,0.000000e+00,0.000000e+00,0.000000e+00,0.000000e+00,0.000000e+00,0.000000e+00
1.000000e+00,0.000000e+00,0.000000e+00,0.000000e+00,0.000000e+00,0.000000e+00,0.000000e+00,0.000000e+00,0.000000e+00,0.000000e+00,0.000000e+00,0.000000e+00,0.000000e+00,0.000000e+00,0.000000e+00
1.000000e+00,0.000000e+00,0.000000e+00,0.000000e+00,0.000000e+00,0.000000e+00,0.000000e+00,0.000000e+00,0.000000e+00,0.000000e+00,0.000000e+00,0.000000e+00,0.000000e+00,0.000000e+00,0.000000e+00
1.000000e+00,0.000000e+00,0.000000e+00,0.000000e+00,0.000000e+00,0.000000e+00,0.000000e+00,0.000000e+00,0.000000e+00,0.000000e+00,0.000000e+00,0.000000e+00,0.000000e+00,0.000000e+00,0.000000e+00
1.000000e+00,0.000000e+00,0.000000e+00,0.000000e+00,0.000000e+00,0.000000e+00,0.000000e+00,0.000000e+00,0.000000e+00,0.000000e+00,0.000000e+00,0.000000e+00,0.000000e+00,0.000000e+00,0.000000e+00
1.000000e+00,0.000000e+00,0.000000e+00,0.000000e+00,0.000000e+00,0.000000e+00,0.000000e+00,0.000000e+00,0.000000e+00,0.000000e+00,0.000000e+00,0.000000e+00,0.000000e+00,0.000000e+00,0.000000e+00
1.000000e+00,0.000000e+00,0.000000e+00,0.000000e+00,0.000000e+00,0.000000e+00,0.000000e+00,0.000000e+00,0.000000e+00,0.000000e+00,0.000000e+00,0.000000e+00,0.000000e+00,0.000000e+00,0.000000e+00
1.000000e+00,0.000000e+00,0.000000e+00,0.000000e+00,0.000000e+00,0.000000e+00,0.000000e+00,0.000000e+00,0.000000e+00,0.000000e+00,0.000000e+00,0.000000e+00,0.000000e+00,0.000000e+00,0.000000e+00
1.000000e+00,0.000000e+00,0.000000e+00,0.000000e+00,0.000000e+00,0.000000e+00,0.000000e+00,0.000000e+00,0.000000e+00,0.000000e+00,0.000000e+00,0.000000e+00,0.000000e+00,0.000000e+00,0.000000e+00
1.000000e+00,0.000000e+00,0.000000e+00,0.000000e+00,0.000000e+00,0.000000e+00,0.000000e+00,0.000000e+00,0.000000e+00,0.000000e+00,0.000000e+00,0.000000e+00,0.000000e+00,0.000000e+00,0.000000e+00
1.000000e+00,0.000000e+00,0.000000e+00,0.000000e+00,0.000000e+00,0.000000e+00,0.000000e+00,0.000000e+00,0.000000e+00,0.000000e+00,0.000000e+00,0.000000e+00,0.000000e+00,0.000000e+00,0.000000e+00
1.000000e+00,0.000000e+00,0.000000e+00,0.000000e+00,0.000000e+00,0.000000e+00,0.000000e+00,0.000000e+00,0.000000e+00,0.000000e+00,0.000000e+00,0.000000e+00,0.000000e+00,0.000000e+00,0.000000e+00
1.000000e+00,0.000000e+00,0.000000e+00,0.000000e+00,0.000000e+00,0.000000e+00,0.000000e+00,0.000000e+00,0.000000e+00,0.000000e+00,0.000000e+00,0.000000e+00,0.000000e+00,0.000000e+00,0.000000e+00
1.000000e+00,0.000000e+00,0.000000e+00,0.000000e+00,0.000000e+00,0.000000e+00,0.000000e+00,0.000000e+00,0.000000e+00,0.000000e+00,0.000000e+00,0.000000e+00,0.000000e+00,0.000000e+00,0.000000e+00
1.000000e+00,0.000000e+00,0.000000e+00,0.000000e+00,0.000000e+00,0.000000e+00,0.000000e+00,0.000000e+00,0.000000e+00,0.000000e+00,0.000000e+00,0.000000e+00,0.000000e+00,0.000000e+00,0.000000e+00
1.000000e+00,0.000000e+00,0.000000e+00,0.000000e+00,0.000000e+00,0.000000e+00,0.000000e+00,0.000000e+00,0.000000e+00,0.000000e+00,0.000000e+00,0.000000e+00,0.000000e+00,0.000000e+00,0.000000e+00
1.000000e+00,0.000000e+00,0.000000e+00,0.000000e+00,0.000000e+00,0.000000e+00,0.000000e+00,0.000000e+00,0.000000e+00,0.000000e+00,0.000000e+00,0.000000e+00,0.000000e+00,0.000000e+00,0.000000e+00
1.000000e+00,0.000000e+00,0.000000e+00,0.000000e+00,0.000000e+00,0.000000e+00,0.000000e+00,0.000000e+00,0.000000e+00,0.000000e+00,0.000000e+00,0.000000e+00,0.000000e+00,0.000000e+00,0.000000e+00
1.000000e+00,0.000000e+00,0.000000e+00,0.000000e+00,0.000000e+00,0.000000e+00,0.000000e+00,0.000000e+00,0.000000e+00,0.000000e+00,0.000000e+00,0.000000e+00,0.000000e+00,0.000000e+00,0.000000e+00
1.000000e+00,0.000000e+00,0.000000e+00,0.000000e+00,0.000000e+00,0.000000e+00,0.000000e+00,0.000000e+00,0.000000e+00,0.000000e+00,0.000000e+00,0.000000e+00,0.000000e+00,0.000000e+00,0.000000e+00
1.000000e+00,0.000000e+00,0.000000e+00,0.000000e+00,0.000000e+00,0.000000e+00,0.000000e+00,0.000000e+00,0.000000e+00,0.000000e+00,0.000000e+00,0.000000e+00,0.000000e+00,0.000000e+00,0.000000e+00
1.000000e+00,0.000000e+00,0.000000e+00,0.000000e+00,0.000000e+00,0.000000e+00,0.000000e+00,0.000000e+00,0.000000e+00,0.000000e+00,0.000000e+00,0.000000e+00,0.000000e+00,0.000000e+00,0.000000e+00
1.000000e+00,0.000000e+00,0.000000e+00,0.000000e+00,0.000000e+00,0.000000e+00,0.000000e+00,0.000000e+00,0.000000e+00,0.000000e+00,0.000000e+00,0.000000e+00,0.000000e+00,0.000000e+00,0.000000e+00
1.000000e+00,0.000000e+00,0.000000e+00,0.000000e+00,0.000000e+00,0.000000e+00,0.000000e+00,0.000000e+00,0.000000e+00,0.000000e+00,0.000000e+00,0.000000e+00,0.000000e+00,0.000000e+00,0.000000e+00
1.000000e+00,0.000000e+00,0.000000e+00,0.000000e+00,0.000000e+00,0.000000e+00,0.000000e+00,0.000000e+00,0.000000e+00,0.000000e+00,0.000000e+00,0.000000e+00,0.000000e+00,0.000000e+00,0.000000e+00
1.000000e+00,0.000000e+00,0.000000e+00,0.000000e+00,0.000000e+00,0.000000e+00,0.000000e+00,0.000000e+00,0.000000e+00,0.000000e+00,0.000000e+00,0.000000e+00,0.000000e+00,0.000000e+00,0.000000e+00
1.000000e+00,0.000000e+00,0.000000e+00,0.000000e+00,0.000000e+00,0.000000e+00,0.000000e+00,0.000000e+00,0.000000e+00,0.000000e+00,0.000000e+00,0.000000e+00,0.000000e+00,0.000000e+00,0.000000e+00
1.000000e+00,0.000000e+00,0.000000e+00,0.000000e+00,0.000000e+00,0.000000e+00,0.000000e+00,0.000000e+00,0.000000e+00,0.000000e+00,0.000000e+00,0.000000e+00,0.000000e+00,0.000000e+00,0.000000e+00
1.000000e+00,0.000000e+00,0.000000e+00,0.000000e+00,0.000000e+00,0.000000e+00,0.000000e+00,0.000000e+00,0.000000e+00,0.000000e+00,0.000000e+00,0.000000e+00,0.000000e+00,0.000000e+00,0.000000e+00
1.000000e+00,0.000000e+00,0.000000e+00,0.000000e+00,0.000000e+00,0.000000e+00,0.000000e+00,0.000000e+00,0.000000e+00,0.000000e+00,0.000000e+00,0.000000e+00,0.000000e+00,0.000000e+00,0.000000e+00
1.000000e+00,0.000000e+00,0.000000e+00,0.000000e+00,0.000000e+00,0.000000e+00,0.000000e+00,0.000000e+00,0.000000e+00,0.000000e+00,0.000000e+00,0.000000e+00,0.000000e+00,0.000000e+00,0.000000e+00
1.000000e+00,0.000000e+00,0.000000e+00,0.000000e+00,0.000000e+00,0.000000e+00,0.000000e+00,0.000000e+00,0.000000e+00,0.000000e+00,0.000000e+00,0.000000e+00,0.000000e+00,0.000000e+00,0.000000e+00
4.414419e-01,4.684930e-02,6.496884e-02,1.502596e-01,1.072323e-02,1.970004e-02,4.494272e-03,2.358046e-02,4.305008e-02,4.560361e-03,6.332798e-02,3.394664e-02,1.353960e-02,2.094321e-02,5.861444e-02
4.006798e-01,5.602738e-02,6.851704e-02,1.462594e-01,1.104374e-02,1.894785e-02,4.370584e-03,2.075191e-02,4.385198e-02,6.587776e-03,6.337023e-02,3.383281e-02,1.373645e-02,3.006361e-02,8.195940e-02
3.866180e-01,6.083380e-02,6.281319e-02,1.691926e-01,1.067762e-02,1.651270e-02,4.312860e-03,2.223549e-02,4.631575e-02,6.121716e-03,6.393445e-02,3.400925e-02,1.537862e-02,2.760279e-02,7.344111e-02
3.169154e-01,4.965970e-02,1.302955e-01,2.090196e-01,1.067486e-02,1.457970e-02,3.967284e-03,4.505050e-02,3.692106e-02,4.887503e-03,5.449492e-02,3.001215e-02,1.360652e-02,2.264671e-02,5.726859e-02
2.515127e-01,3.972172e-02,2.024439e-01,2.284236e-01,9.387965e-03,1.210875e-02,3.279615e-03,5.045476e-02,3.215440e-02,4.743783e-03,5.165141e-02,3.292605e-02,1.395353e-02,1.918835e-02,4.804939e-02
2.900008e-01,3.424656e-02,2.255739e-01,1.916417e-01,9.718055e-03,1.081379e-02,3.505786e-03,6.173309e-02,2.542907e-02,4.347065e-03,4.348189e-02,2.994202e-02,1.360620e-02,1.607733e-02,3.988277e-02
3.045526e-01,3.951009e-02,2.139115e-01,1.851015e-01,9.248422e-03,1.349447e-02,3.767103e-03,5.565846e-02,2.245785e-02,4.802886e-03,3.781100e-02,3.211054e-02,1.569410e-02,1.359375e-02,4.828582e-02
4.255548e-01,3.323878e-02,1.764267e-01,1.407696e-01,8.794591e-03,1.259071e-02,3.985886e-03,5.463099e-02,1.711955e-02,4.048016e-03,2.963619e-02,2.958990e-02,1.555976e-02,1.059154e-02,3.746313e-02
1.000000e+00,0.000000e+00,0.000000e+00,0.000000e+00,0.000000e+00,0.000000e+00,0.000000e+00,0.000000e+00,0.000000e+00,0.000000e+00,0.000000e+00,0.000000e+00,0.000000e+00,0.000000e+00,0.000000e+00
1.000000e+00,0.000000e+00,0.000000e+00,0.000000e+00,0.000000e+00,0.000000e+00,0.000000e+00,0.000000e+00,0.000000e+00,0.000000e+00,0.000000e+00,0.000000e+00,0.000000e+00,0.000000e+00,0.000000e+00
1.000000e+00,0.000000e+00,0.000000e+00,0.000000e+00,0.000000e+00,0.000000e+00,0.000000e+00,0.000000e+00,0.000000e+00,0.000000e+00,0.000000e+00,0.000000e+00,0.000000e+00,0.000000e+00,0.000000e+00
1.000000e+00,0.000000e+00,0.000000e+00,0.000000e+00,0.000000e+00,0.000000e+00,0.000000e+00,0.000000e+00,0.000000e+00,0.000000e+00,0.000000e+00,0.000000e+00,0.000000e+00,0.000000e+00,0.000000e+00
1.000000e+00,0.000000e+00,0.000000e+00,0.000000e+00,0.000000e+00,0.000000e+00,0.000000e+00,0.000000e+00,0.000000e+00,0.000000e+00,0.000000e+00,0.000000e+00,0.000000e+00,0.000000e+00,0.000000e+00
4.160627e-01,8.365869e-03,4.122916e-01,4.102714e-02,3.188109e-03,9.320319e-03,3.775010e-03,6.732161e-02,3.135913e-03,1.366833e-03,7.436516e-03,1.005088e-02,5.439119e-03,2.347351e-03,8.871085e-03
3.020165e-01,1.102513e-02,4.994600e-01,4.520736e-02,2.481846e-03,1.176434e-02,2.763656e-03,5.102422e-02,2.850268e-03,2.714218e-03,4.094810e-02,9.541922e-03,4.508880e-03,4.359562e-03,9.333957e-03
2.132116e-01,1.310910e-02,4.455420e-01,5.181130e-02,1.943554e-03,9.491564e-03,2.187632e-03,3.663412e-02,3.069401e-03,2.999188e-03,1.909885e-01,8.423666e-03,3.456991e-03,9.558809e-03,7.572589e-03
1.495076e-01,1.661097e-02,3.602799e-01,3.802564e-02,1.388744e-03,6.951064e-03,1.538254e-03,2.571710e-02,2.645007e-03,3.599727e-03,3.620147e-01,8.620834e-03,2.656791e-03,1.486787e-02,5.575730e-03
1.046975e-01,1.188851e-02,2.526294e-01,2.691261e-02,9.992362e-04,4.976989e-03,1.081638e-03,1.801609e-02,1.993777e-03,2.905108e-03,5.423311e-01,1.331753e-02,1.966170e-03,1.230994e-02,3.974379e-03
7.332036e-02,8.525510e-03,1.770891e-01,1.949842e-02,8.226113e-04,3.574108e-03,7.818393e-04,1.268264e-02,1.819739e-03,2.531708e-03,6.465069e-01,3.247380e-02,1.560705e-03,1.598304e-02,2.829545e-03
5.149066e-02,6.406882e-03,1.241241e-01,1.522047e-02,1.905890e-03,3.248040e-03,6.241084e-04,9.087544e-03,2.984705e-03,2.921586e-03,6.964300e-01,5.150322e-02,1.584605e-03,3.031994e-02,2.148322e-03
3.615175e-02,4.672281e-03,8.701549e-02,1.180052e-02,1.518658e-03,3.039692e-03,4.575474e-04,6.404096e-03,3.624708e-03,3.321585e-03,7.485102e-01,5.309700e-02,1.420404e-03,3.708920e-02,1.876844e-03
2.543109e-02,3.779439e-03,6.110288e-02,9.090275e-03,1.343881e-03,2.525593e-03,3.394801e-04,4.521975e-03,5.913246e-03,4.040137e-03,7.832707e-01,5.040773e-02,1.270639e-03,4.533867e-02,1.624213e-03
1.787819e-02,3.367912e-03,4.307081e-02,6.779189e-03,1.415963e-03,2.174805e-03,2.477781e-04,3.192359e-03,7.534346e-03,3.791344e-03,8.145145e-01,4.236387e-02,1.008363e-03,5.136768e-02,1.292835e-03
1.255763e-02,2.862855e-03,3.025225e-02,4.914392e-03,1.148559e-03,1.691615e-03,1.767903e-04,2.250202e-03,7.123631e-03,3.345666e-03,8.478640e-01,3.392015e-02,7.460787e-04,5.017579e-02,9.703191e-04
8.852588e-03,4.030766e-03,2.150706e-02,3.481431e-03,1.298337e-03,1.541935e-03,1.386816e-04,1.624595e-03,5.794401e-03,3.911912e-03,8.734199e-01,2.623422e-02,5.817433e-04,4.678786e-02,7.945133e-04
6.247919e-03,3.258926e-03,1.521202e-02,2.487504e-03,1.115318e-03,1.725186e-03,1.104122e-04,1.177297e-03,4.878576e-03,4.534482e-03,8.901544e-01,2.119002e-02,4.902512e-04,4.675090e-02,6.668500e-04
4.419395e-03,2.922084e-03,1.079168e-02,1.759705e-03,8.735914e-04,1.566048e-03,8.742201e-05,8.529386e-04,4.663182e-03,5.964977e-03,9.018338e-01,1.992678e-02,3.991222e-04,4.330387e-02,6.354564e-04
3.200264e-03,2.432682e-03,7.634953e-03,1.246628e-03,6.448710e-04,1.308072e-03,6.941822e-05,6.350565e-04,6.132980e-03,6.308179e-03,8.967599e-01,1.779666e-02,3.167923e-04,5.494040e-02,5.731679e-04
2.365992e-03,7.914126e-03,5.887455e-03,9.238906e-04,5.993600e-04,1.283241e-03,8.241490e-05,5.794916e-04,1.479331e-02,1.177489e-02,8.765404e-01,1.637979e-02,2.727914e-04,5.981009e-02,7.928036e-04
1.882988e-03,8.240180e-03,4.584931e-03,7.071503e-04,8.791185e-04,3.315345e-03,9.520292e-05,7.021374e-04,4.716121e-02,1.378415e-02,8.358245e-01,1.557523e-02,3.121837e-04,6.601688e-02,9.188104e-04
1.560303e-03,6.900508e-03,3.531509e-03,5.630098e-04,1.935010e-03,4.225929e-03,1.025766e-04,5.854098e-04,6.015042e-02,2.080644e-02,8.085151e-01,1.484547e-02,3.431881e-04,7.498793e-02,9.472342e-04
1.650455e-03,6.313132e-03,3.956269e-03,6.687235e-04,2.788539e-03,6.068130e-03,1.274053e-04,6.452549e-04,6.838407e-02,2.632273e-02,7.696540e-01,1.230609e-02,4.962778e-04,9.922845e-02,1.390419e-03
2.350321e-03,4.768919e-03,3.008211e-03,6.988329e-04,3.604747e-03,5.341468e-03,1.108577e-04,5.229851e-04,6.185263e-02,2.769388e-02,7.233729e-01,9.318477e-03,7.006202e-04,1.552929e-01,1.362153e-03
2.563148e-03,3.594502e-03,2.234082e-03,6.603010e-04,3.313820e-03,4.604963e-03,9.499110e-05,4.840030e-04,5.110963e-02,2.871085e-02,6.919158e-01,7.555696e-03,7.214010e-04,2.012872e-01,1.149622e-03
3.660739e-03,3.666677e-03,2.233501e-03,1.058474e-03,6.786101e-03,1.263104e-02,4.284662e-04,1.303452e-03,4.906840e-02,4.452782e-02,6.549007e-01,6.834342e-03,8.102638e-04,2.101803e-01,1.909780e-03
5.775705e-03,4.259510e-03,2.233719e-03,1.848120e-03,1.067072e-02,2.719227e-02,8.900481e-04,5.445275e-03,4.629681e-02,4.578049e-02,5.948929e-01,6.773738e-03,1.106447e-03,2.439156e-01,2.918717e-03
8.337639e-03,5.148004e-03,6.881076e-03,2.014898e-03,1.374087e-02,2.880095e-02,9.872441e-04,1.206361e-02,8.347446e-02,1.092510e-01,4.739098e-01,6.645183e-03,2.090317e-03,2.338298e-01,1.282509e-02
1.673327e-02,6.660186e-03,7.676977e-03,2.065421e-03,1.443963e-02,4.349656e-02,8.266592e-04,1.336443e-02,2.208534e-01,1.067021e-01,3.428223e-01,5.276933e-03,1.791436e-03,1.800713e-01,3.721941e-02
2.421656e-02,5.588372e-03,2.382237e-02,3.286748e-03,2.141810e-02,3.886864e-02,1.110192e-03,1.402447e-01,2.526510e-01,7.937583e-02,2.447779e-01,6.649537e-03,1.983345e-03,1.286440e-01,2.736280e-02
2.860690e-02,4.855007e-03,3.715178e-02,7.898399e-03,2.088745e-02,3.342872e-02,8.773319e-04,1.072313e-01,3.944503e-01,6.867064e-02,1.722945e-01,4.748585e-03,1.647136e-03,9.088328e-02,2.636860e-02
5.425090e-02,5.766729e-03,3.989943e-02,9.412617e-03,3.367194e-02,6.065338e-02,9.587186e-04,8.122092e-02,4.217168e-01,5.553134e-02,1.235877e-01,3.624476e-03,3.722999e-03,7.354556e-02,3.243645e-02
5.663241e-02,1.394536e-02,5.280738e-02,4.815552e-02,1.030484e-01,6.391297e-02,1.943773e-03,8.763092e-02,3.501699e-01,3.989777e-02,9.124927e-02,3.041885e-03,3.253848e-03,5.978218e-02,2.452836e-02
6.418096e-02,2.571405e-02,4.468992e-02,5.659471e-02,1.024490e-01,4.688943e-02,1.633439e-03,1.099789e-01,3.644575e-01,3.253442e-02,6.619449e-02,2.482582e-03,3.725183e-03,5.230371e-02,2.617159e-02
5.662215e-02,3.704152e-02,3.689220e-02,4.336267e-02,8.815871e-02,3.543529e-02,1.349621e-03,9.370796e-02,4.414768e-01,2.996535e-02,4.890868e-02,1.929496e-03,4.458236e-03,4.113109e-02,3.956021e-02
4.891075e-02,3.756572e-02,2.855420e-02,3.206100e-02,7.362358e-02,2.564998e-02,1.117370e-03,3.022126e-01,3.298027e-01,2.141631e-02,3.477393e-02,1.407383e-03,3.512367e-03,3.145486e-02,2.793727e-02
3.722128e-02,2.759426e-02,2.105062e-02,2.335154e-02,5.876071e-02,1.820448e-02,8.737092e-04,4.923797e-01,2.354551e-01,1.510141e-02,2.455383e-02,1.015538e-03,2.636499e-03,2.217836e-02,1.962297e-02
2.711804e-02,1.943924e-02,1.497818e-02,1.662094e-02,4.252513e-02,1.280880e-02,6.375029e-04,6.405805e-01,1.655366e-01,1.058694e-02,1.722237e-02,7.149082e-04,1.862456e-03,1.562533e-02,1.374301e-02
2.134249e-02,1.372174e-02,1.068019e-02,1.180550e-02,3.041317e-02,1.010924e-02,6.424150e-04,7.427282e-01,1.161579e-01,7.429030e-03,1.209594e-02,5.288215e-04,1.475996e-03,1.121403e-02,9.655370e-03
1.855156e-02,9.674036e-03,7.603564e-03,8.448019e-03,2.231788e-02,7.934941e-03,7.891387e-04,8.131139e-01,8.144668e-02,5.217842e-03,8.509228e-03,4.087967e-04,1.241060e-03,7.956709e-03,6.786707e-03
1.694369e-02,6.851676e-03,5.427230e-03,6.068122e-03,1.813299e-02,5.935062e-03,1.013163e-03,8.612167e-01,5.712543e-02,3.659732e-03,5.992739e-03,3.019370e-04,9.708332e-04,5.599470e-03,4.761269e-03
2.021127e-02,4.894267e-03,3.908236e-03,4.431649e-03,1.734963e-02,4.995163e-03,1.758492e-03,8.869619e-01,4.018428e-02,2.571096e-03,4.261545e-03,2.486120e-04,9.270335e-04,3.941189e-03,3.355600e-03
2.593939e-02,3.651822e-03,3.005482e-03,3.236976e-03,1.485056e-02,6.778976e-03,6.129672e-03,8.954122e-01,2.842030e-02,1.819983e-03,3.133098e-03,3.258009e-04,2.017528e-03,2.821277e-03,2.456940e-03
2.939759e-02,2.687066e-03,2.561499e-03,2.564553e-03,1.194592e-02,7.614159e-03,8.610938e-03,9.043753e-01,2.014269e-02,1.289635e-03,2.348230e-03,5.566540e-04,2.057462e-03,2.015320e-03,1.832954e-03
3.314071e-02,2.016242e-03,2.214294e-03,2.114719e-03,1.015304e-02,6.519021e-03,1.023669e-02,9.114568e-01,1.433099e-02,9.208932e-04,1.729749e-03,6.008506e-04,1.751970e-03,1.441207e-03,1.372778e-03
4.573837e-02,1.623019e-03,1.843713e-03,1.846836e-03,9.767407e-03,6.057783e-03,1.191632e-02,9.036088e-01,1.043199e-02,7.167493e-04,1.434778e-03,9.369092e-04,1.773123e-03,1.087486e-03,1.216725e-03
4.771032e-02,1.346191e-03,1.631371e-03,1.897620e-03,8.538248e-03,5.242940e-03,1.075614e-02,9.089260e-01,7.734081e-03,5.699086e-04,1.187871e-03,1.074699e-03,1.581341e-03,8.083322e-04,9.949470e-04
5.216043e-02,1.013250e-03,1.538990e-03,2.037964e-03,6.700569e-03,4.874133e-03,9.104037e-03,9.114422e-01,5.554268e-03,4.541284e-04,9.833269e-04,1.226424e-03,1.450129e-03,6.062490e-04,8.539502e-04
6.311237e-02,1.028231e-03,1.215708e-03,1.899857e-03,5.722869e-03,6.040629e-03,7.077921e-03,9.007355e-01,4.787292e-03,4.512799e-04,1.398393e-03,2.328297e-03,2.634405e-03,5.305664e-04,1.036633e-03
6.167082e-02,1.522979e-03,1.003921e-03,3.170322e-03,5.970627e-03,5.014489e-03,5.165576e-03,8.405300e-01,8.012430e-03,1.980411e-03,9.176577e-03,8.909025e-03,4.444245e-02,8.327146e-04,2.597630e-03
4.720968e-02,1.227956e-03,7.319212e-04,3.542554e-03,4.896261e-03,4.269985e-03,4.040754e-03,6.347111e-01,8.387443e-03,1.760666e-03,1.253455e-02,6.603021e-02,2.068721e-01,1.667879e-03,2.116895e-03
3.848816e-02,3.477122e-03,6.626882e-04,5.650807e-03,4.841263e-03,5.472823e-03,3.502375e-03,4.883956e-01,1.723753e-02,1.333583e-03,2.795827e-02,5.655825e-02,3.418551e-01,1.457440e-03,3.108992e-03
2.810599e-02,9.040561e-03,5.119266e-04,5.025084e-03,4.643695e-03,4.081940e-03,2.529936e-03,3.450372e-01,1.964031e-01,9.593835e-04,2.608909e-02,4.165647e-02,3.302079e-01,1.230987e-03,4.476657e-03
2.024140e-02,1.001631e-02,4.967473e-04,8.429926e-03,9.466155e-03,5.054054e-03,1.851523e-03,2.472506e-01,2.282710e-01,7.306526e-04,4.855547e-02,3.114416e-02,3.796290e-01,9.496997e-04,7.913355e-03
1.540230e-02,1.486357e-02,5.678180e-03,5.204625e-02,2.757472e-02,4.480120e-03,1.423391e-03,1.839895e-01,2.522510e-01,5.866578e-04,5.097455e-02,2.336445e-02,3.550045e-01,8.089354e-04,1.155193e-02
1.521516e-02,2.767894e-02,5.508993e-02,1.266899e-01,4.612739e-02,4.014593e-03,1.332796e-03,1.423415e-01,2.615047e-01,7.680674e-04,3.898058e-02,1.724776e-02,2.526214e-01,7.056991e-04,9.681614e-03
1.877781e-02,3.096322e-02,4.965477e-02,1.477918e-01,7.969950e-02,3.636330e-03,1.642012e-03,1.058603e-01,3.332508e-01,6.639831e-04,2.878431e-02,1.262864e-02,1.782501e-01,5.384932e-04,7.857957e-03
1.385901e-02,3.415629e-02,1.034053e-01,2.873169e-01,6.064667e-02,2.919475e-03,1.207364e-03,7.498191e-02,2.572237e-01,6.751113e-04,2.257611e-02,9.064298e-03,1.254832e-01,3.953390e-04,6.089371e-03
1.396766e-02,2.602336e-02,1.612938e-01,3.187716e-01,6.572936e-02,2.423716e-03,1.214885e-03,5.925795e-02,2.314309e-01,8.347934e-04,1.765659e-02,6.878349e-03,8.948659e-02,3.006052e-04,4.729858e-03
1.353204e-02,2.009064e-02,1.494295e-01,4.317809e-01,5.335475e-02,2.150228e-03,9.616603e-04,4.392063e-02,1.800268e-01,2.174983e-03,2.606289e-02,6.169201e-03,6.582408e-02,3.006039e-04,4.221132e-03
9.708943e-03,1.418618e-02,1.154510e-01,4.294719e-01,3.780023e-02,1.704945e-03,6.866385e-04,3.124213e-02,1.266638e-01,2.163326e-03,1.690758e-01,5.575558e-03,5.291284e-02,2.935637e-04,3.063288e-03
7.010491e-03,1.008101e-02,1.059441e-01,5.188923e-01,2.708608e-02,1.297651e-03,5.136912e-04,2.280626e-02,8.982686e-02,1.797477e-03,1.588375e-01,1.382340e-02,3.912980e-02,6.207217e-04,2.332659e-03
5.011656e-03,7.075825e-03,7.496835e-02,4.271008e-01,1.921356e-02,1.152635e-03,3.768462e-04,1.646238e-02,6.391673e-02,2.112417e-03,2.015489e-01,1.401507e-01,3.300862e-02,6.216993e-03,1.683597e-03
3.546659e-03,4.974860e-03,5.256390e-02,3.101623e-01,1.384113e-02,1.164038e-03,2.683022e-04,1.157039e-02,4.722669e-02,2.115397e-03,2.295372e-01,2.634145e-01,4.158343e-02,1.680063e-02,1.230525e-03
2.521848e-03,3.547732e-03,3.686843e-02,2.213845e-01,1.460901e-02,9.762094e-04,1.913616e-04,8.131673e-03,3.994079e-02,2.097310e-03,2.519591e-01,3.542161e-01,3.603029e-02,2.664047e-02,8.851546e-04
1.932994e-03,2.851996e-03,2.660303e-02,1.584874e-01,1.774230e-02,1.047490e-03,1.476255e-04,6.025571e-03,3.144250e-02,4.781333e-03,2.286482e-01,3.746985e-01,3.390937e-02,1.109789e-01,7.027186e-04
1.507575e-03,2.353659e-03,1.892052e-02,1.129646e-01,2.622394e-02,1.068460e-03,1.188992e-04,4.704808e-03,3.110721e-02,4.847631e-03,2.429375e-01,3.739477e-01,2.840981e-02,1.503402e-01,5.475102e-04
1.358961e-03,1.946312e-03,1.455897e-02,1.006896e-01,4.889311e-02,2.090588e-03,1.868537e-04,5.651029e-03,5.316925e-02,9.889658e-03,2.163710e-01,3.309169e-01,2.934225e-02,1.842278e-01,7.076601e-04
1.804235e-03,1.949287e-03,1.172770e-02,7.632776e-02,1.324084e-01,2.872979e-03,3.664230e-04,5.570502e-03,5.460221e-02,1.511430e-02,2.137715e-01,2.896751e-01,2.893821e-02,1.639935e-01,8.779286e-04
2.353454e-03,2.122692e-03,9.575807e-03,5.670581e-02,1.962409e-01,3.513758e-03,1.035547e-03,5.428288e-03,5.722544e-02,1.536805e-02,2.220826e-01,2.194071e-01,2.660275e-02,1.814059e-01,9.319446e-04
2.531830e-03,1.805941e-03,1.160450e-02,4.263714e-02,1.964232e-01,3.178708e-03,7.329753e-03,2.883754e-02,5.434991e-02,1.528396e-02,1.916270e-01,1.607175e-01,2.133324e-02,2.601237e-01,2.216057e-03
5.386180e-03,2.579215e-03,1.118586e-02,3.355678e-02,2.571414e-01,9.399406e-03,3.541490e-02,2.195304e-02,9.540816e-02,1.515927e-02,1.697023e-01,1.138648e-01,1.591781e-02,2.107972e-01,2.533688e-03
6.370854e-03,2.381981e-03,8.964137e-03,2.966765e-02,3.768690e-01,1.041945e-02,8.235642e-02,1.712445e-02,8.741969e-02,1.107392e-02,1.244625e-01,7.988688e-02,1.155136e-02,1.495386e-01,1.913126e-03
9.741290e-03,2.826619e-03,1.470386e-02,4.461472e-02,4.434958e-01,1.050122e-02,1.236530e-01,1.482805e-02,6.785212e-02,8.027057e-03,8.885024e-02,5.606295e-02,8.538947e-03,1.048165e-01,1.487684e-03
3.381578e-02,5.662752e-03,1.481806e-02,4.140341e-02,4.686467e-01,1.860172e-02,1.485250e-01,1.094013e-02,5.363846e-02,8.789141e-03,7.315213e-02,3.953595e-02,7.443959e-03,7.378342e-02,1.243356e-03
6.481820e-02,5.999764e-03,1.154419e-02,3.674294e-02,5.271999e-01,2.814623e-02,1.195920e-01,8.435583e-03,3.857693e-02,9.294271e-03,6.152700e-02,2.848783e-02,6.602161e-03,5.196285e-02,1.070151e-03
6.910053e-02,7.515228e-03,1.071797e-02,9.937678e-02,5.133790e-01,4.007434e-02,9.329010e-02,1.334163e-02,2.965439e-02,7.345042e-03,4.805803e-02,2.441173e-02,6.050781e-03,3.661738e-02,1.067040e-03
5.340178e-02,5.483820e-03,8.238115e-03,7.265376e-02,5.168238e-01,4.560090e-02,6.832706e-02,1.209169e-01,2.098931e-02,5.170506e-03,3.422999e-02,1.739109e-02,4.363969e-03,2.564668e-02,7.623650e-04
4.032169e-02,3.974065e-03,6.008757e-03,5.128377e-02,4.041296e-01,3.351422e-02,4.866425e-02,3.357370e-01,1.477465e-02,3.636508e-03,2.411910e-02,1.219648e-02,3.143658e-03,1.795601e-02,5.402772e-04
2.983979e-02,2.832994e-03,4.371060e-03,3.614173e-02,3.018746e-01,2.365666e-02,3.440300e-02,5.131764e-01,1.036393e-02,2.559624e-03,1.698575e-02,8.571307e-03,2.257285e-03,1.257181e-02,3.940626e-04
3.121134e-02,2.107898e-03,3.358468e-03,2.710045e-02,2.234394e-01,2.248374e-02,2.436827e-02,6.155914e-01,7.899116e-03,2.012247e-03,1.740725e-02,9.073240e-03,4.297609e-03,8.958574e-03,6.910095e-04
5.194633e-02,1.731098e-03,2.435273e-03,2.449737e-02,1.597670e-01,1.793727e-02,1.725658e-02,5.754462e-01,6.784914e-03,2.564001e-03,7.068650e-02,4.327063e-02,1.682248e-02,7.867179e-03,9.872367e-04
4.015781e-02,1.706871e-03,1.800691e-03,1.817330e-02,1.123799e-01,1.421537e-02,1.212982e-02,4.270115e-01,5.951431e-03,7.766201e-03,1.099054e-01,2.147387e-01,2.423632e-02,8.709799e-03,1.116895e-03
3.127496e-02,1.531183e-03,1.596467e-03,1.467743e-02,7.878491e-02,1.291195e-02,8.516401e-03,3.050165e-01,5.477819e-03,8.117571e-03,1.579832e-01,3.356574e-01,2.580383e-02,1.150022e-02,1.150073e-03
2.474522e-02,1.351047e-03,1.276833e-03,1.326356e-02,5.522828e-02,1.061314e-02,5.984393e-03,2.164632e-01,5.779524e-03,7.601942e-03,1.494497e-01,4.709322e-01,2.653287e-02,9.696070e-03,1.082044e-03
1.765109e-02,1.390858e-03,1.378670e-03,1.088722e-02,3.984040e-02,8.216100e-03,4.297634e-03,1.534016e-01,3.137153e-02,6.670784e-03,1.482364e-01,5.374974e-01,2.950993e-02,8.356321e-03,1.294049e-03
1.298201e-02,1.911340e-03,1.303604e-03,9.218975e-03,3.069698e-02,1.426798e-02,3.160962e-03,1.092967e-01,3.694717e-02,9.949747e-03,1.798478e-01,5.449903e-01,3.606918e-02,8.257500e-03,1.099746e-03
9.588270e-03,1.927235e-03,1.015096e-03,6.676346e-03,2.300971e-02,1.267196e-02,2.297648e-03,7.694792e-02,4.133356e-02,1.238689e-02,2.014215e-01,5.585033e-01,4.275215e-02,8.463301e-03,1.005053e-03
7.207986e-03,1.464636e-03,7.842978e-04,4.768312e-03,1.640639e-02,1.242835e-02,1.627797e-03,5.402679e-02,3.009276e-02,1.088889e-02,1.576560e-01,6.621989e-01,3.318785e-02,6.490790e-03,7.702919e-04
6.009358e-03,1.114648e-03,6.339570e-04,3.509210e-03,1.293571e-02,1.197310e-02,1.171304e-03,3.821364e-02,2.216746e-02,1.262062e-02,1.287208e-01,7.271666e-01,2.786357e-02,5.305766e-03,5.942251e-04
6.349508e-03,1.017618e-03,5.300142e-04,2.698433e-03,1.719599e-02,1.125381e-02,8.808141e-04,2.741893e-02,1.805047e-02,1.876895e-02,1.516201e-01,7.148337e-01,2.451161e-02,4.396532e-03,4.735180e-04
6.558416e-03,8.919847e-04,4.147897e-04,2.112217e-03,2.681382e-02,1.003893e-02,7.080293e-04,1.963075e-02,1.685919e-02,1.850266e-02,1.809379e-01,6.908820e-01,2.158918e-02,3.688353e-03,3.717070e-04
7.383668e-03,1.315629e-03,4.221472e-04,1.779224e-03,8.416443e-02,9.258201e-03,1.466572e-03,1.552742e-02,2.130305e-02,1.746486e-02,1.581439e-01,6.611434e-01,1.738284e-02,2.941970e-03,3.027824e-04
6.516189e-03,1.659296e-03,3.997138e-04,1.506407e-03,1.673465e-01,8.124137e-03,3.209481e-03,1.316665e-02,2.796820e-02,1.313300e-02,1.152103e-01,6.260191e-01,1.323253e-02,2.267653e-03,2.409255e-04
5.324324e-03,1.574758e-03,4.330771e-04,1.150812e-03,3.550869e-01,6.387078e-03,5.795346e-03,1.005218e-02,2.980216e-02,9.395887e-03,8.225738e-02,4.812779e-01,9.576445e-03,1.699658e-03,1.860824e-04
5.331608e-03,2.115115e-03,8.054771e-04,9.420396e-04,4.978189e-01,5.785029e-03,6.028035e-03,1.016124e-02,4.030730e-02,6.866963e-03,5.872455e-02,3.562495e-01,7.196824e-03,1.512292e-03,1.551250e-04
4.783474e-03,2.526111e-03,7.920693e-04,7.395596e-04,5.950855e-01,6.059764e-03,6.763112e-03,9.044093e-03,5.811333e-02,5.003003e-03,4.198245e-02,2.622081e-01,5.479549e-03,1.288691e-03,1.312425e-04
5.544891e-03,3.621902e-03,3.146138e-03,1.156008e-03,6.452090e-01,5.585024e-03,5.820943e-03,2.176170e-02,6.611464e-02,3.795720e-03,2.987917e-02,2.026210e-01,4.411760e-03,1.199439e-03,1.326795e-04
5.180096e-03,2.746281e-03,2.720299e-03,9.455059e-04,6.929389e-01,4.677719e-03,6.166541e-03,2.929189e-02,7.680902e-02,2.751235e-03,2.179953e-02,1.487615e-01,4.187794e-03,9.073569e-04,1.163705e-04
4.582588e-03,2.179798e-03,2.270643e-03,8.081871e-04,7.013418e-01,3.768237e-03,5.613211e-03,2.917586e-02,1.221603e-01,1.986782e-03,1.579884e-02,1.062126e-01,3.345439e-03,6.588715e-04,9.686996e-05
4.485589e-03,2.432368e-03,2.654766e-03,9.295176e-04,5.779384e-01,3.469086e-03,5.547160e-03,7.306319e-02,2.356691e-01,1.510561e-03,1.152054e-02,7.712944e-02,2.993606e-03,5.439169e-04,1.127203e-04
5.188419e-03,2.437026e-03,2.496977e-03,8.807763e-04,5.011651e-01,3.966913e-03,5.987787e-03,7.043426e-02,3.378654e-01,1.116456e-03,8.449031e-03,5.698324e-02,2.485933e-03,4.309787e-04,1.117367e-04
7.192294e-03,2.196788e-03,2.516268e-03,9.078825e-04,4.648193e-01,3.692215e-03,7.413552e-03,1.110746e-01,3.491345e-01,8.245843e-04,6.644392e-03,4.110306e-02,2.006846e-03,3.683518e-04,1.054577e-04
8.392066e-03,1.627387e-03,1.897809e-03,8.053387e-04,3.820505e-01,2.984056e-03,6.598821e-03,2.826701e-01,2.768308e-01,5.808152e-04,4.780096e-03,2.892563e-02,1.510585e-03,2.647876e-04,8.134418e-05
1.165881e-02,1.361315e-03,1.499435e-03,7.040461e-04,3.182095e-01,3.202449e-03,5.797517e-03,4.058792e-01,2.260117e-01,4.095533e-04,3.474201e-03,2.037023e-02,1.160565e-03,1.983296e-04,6.314848e-05
2.411199e-02,1.391863e-03,1.336493e-03,7.892427e-04,2.487375e-01,3.095480e-03,5.791222e-03,5.271761e-01,1.683627e-01,2.942058e-04,2.631817e-03,1.471682e-02,1.269893e-03,1.926677e-04,1.020932e-04
2.655557e-02,1.264861e-03,1.071851e-03,7.231761e-04,1.963008e-01,2.961657e-03,4.735447e-03,6.282601e-01,1.235266e-01,2.130950e-04,2.291388e-03,1.069824e-02,1.107401e-03,1.833983e-04,1.064091e-04
3.801284e-02,1.088492e-03,8.179079e-04,7.355380e-04,1.480426e-01,2.542376e-03,3.517252e-03,7.040750e-01,8.918899e-02,1.657552e-04,2.446063e-03,8.121507e-03,9.170109e-04,1.620314e-04,1.666147e-04
5.595933e-02,1.202790e-03,7.663748e-04,1.099996e-03,1.156331e-01,2.514935e-03,2.608615e-03,7.413367e-01,6.754822e-02,1.491607e-04,3.000131e-03,6.599940e-03,9.177612e-04,2.293032e-04,4.337075e-04
8.307329e-02,1.739591e-03,1.020557e-03,1.481449e-03,8.952248e-02,2.749673e-03,2.018054e-03,7.491434e-01,5.629953e-02,2.304533e-04,4.044446e-03,6.294667e-03,1.098383e-03,4.203653e-04,8.636713e-04
1.404962e-01,2.978379e-03,2.074350e-03,2.987476e-03,6.994821e-02,4.846729e-03,2.144407e-03,7.106598e-01,4.670733e-02,4.093109e-04,4.570283e-03,6.598603e-03,2.264478e-03,1.139864e-03,2.174696e-03
1.596203e-01,3.761305e-03,2.371267e-03,3.027363e-03,5.565054e-02,4.929461e-03,2.332257e-03,7.105607e-01,4.184738e-02,4.323215e-04,3.718051e-03,5.837047e-03,2.237192e-03,1.433966e-03,2.240855e-03
1.989017e-01,5.624968e-03,2.860918e-03,3.562122e-03,4.597267e-02,4.633809e-03,2.343680e-03,6.862550e-01,3.523720e-02,6.060181e-04,2.998976e-03,5.320951e-03,2.040083e-03,1.337455e-03,2.304580e-03
3.236713e-01,5.794869e-03,3.536784e-03,4.436332e-03,3.445926e-02,5.573988e-03,2.790060e-03,5.739864e-01,2.758485e-02,8.851198e-04,2.901997e-03,6.721477e-03,2.827141e-03,1.552967e-03,3.277493e-03
4.152727e-01,5.496836e-03,3.695057e-03,4.572580e-03,2.689628e-02,6.227725e-03,3.621174e-03,4.935511e-01,2.142932e-02,9.830812e-04,2.781461e-03,7.319901e-03,3.262574e-03,1.441341e-03,3.448950e-03
4.296842e-01,4.710302e-03,3.713343e-03,4.872111e-03,2.359622e-02,5.723585e-03,3.734808e-03,4.883329e-01,1.680634e-02,1.083537e-03,2.553559e-03,7.493531e-03,3.340504e-03,1.263523e-03,3.091587e-03
4.384939e-01,3.928368e-03,3.833904e-03,4.596940e-03,1.846415e-02,7.005214e-03,4.357563e-03,4.861974e-01,1.294454e-02,1.031715e-03,2.321873e-03,8.936612e-03,3.661155e-03,1.248825e-03,2.977819e-03
4.985170e-01,3.337429e-03,3.646786e-03,4.354789e-03,1.500810e-02,7.425898e-03,4.366895e-03,4.319484e-01,9.771193e-03,9.991896e-04,2.271129e-03,1.011484e-02,3.888620e-03,1.220437e-03,3.129286e-03
1.000000e+00,0.000000e+00,0.000000e+00,0.000000e+00,0.000000e+00,0.000000e+00,0.000000e+00,0.000000e+00,0.000000e+00,0.000000e+00,0.000000e+00,0.000000e+00,0.000000e+00,0.000000e+00,0.000000e+00
1.000000e+00,0.000000e+00,0.000000e+00,0.000000e+00,0.000000e+00,0.000000e+00,0.000000e+00,0.000000e+00,0.000000e+00,0.000000e+00,0.000000e+00,0.000000e+00,0.000000e+00,0.000000e+00,0.000000e+00
4.194148e-01,4.213601e-03,4.621617e-03,1.660915e-02,7.868101e-03,4.510538e-02,5.152355e-03,2.531533e-01,6.596192e-03,1.405570e-03,5.722280e-03,2.288632e-02,1.947387e-01,2.164568e-03,1.034805e-02
3.351518e-01,3.371252e-03,3.615306e-03,1.439311e-02,6.083507e-03,3.864053e-02,4.669953e-03,1.906369e-01,7.227586e-03,1.228182e-03,7.397695e-03,2.729397e-02,3.481487e-01,2.265321e-03,9.876196e-03
2.679388e-01,3.244556e-03,5.461115e-03,2.166711e-02,6.853886e-03,4.682001e-02,6.621979e-03,1.425513e-01,1.546407e-02,2.885170e-03,1.329351e-02,3.232937e-02,4.133713e-01,3.716451e-03,1.778130e-02
1.900470e-01,2.435017e-03,3.955552e-03,1.593131e-02,5.230785e-03,6.074754e-02,6.049627e-03,1.005134e-01,1.633586e-02,2.273549e-03,1.716108e-02,1.108059e-01,4.515700e-01,3.417529e-03,1.352589e-02
1.392727e-01,2.416098e-03,4.155358e-03,1.263314e-02,3.986677e-03,5.102661e-02,5.061627e-03,7.103746e-02,2.910715e-02,3.176443e-03,2.457853e-02,1.567654e-01,4.706507e-01,1.238544e-02,1.374659e-02
9.829716e-02,2.230036e-03,3.000124e-03,9.330737e-03,3.284395e-03,3.637736e-02,3.597632e-03,5.018531e-02,4.481510e-02,3.965500e-03,3.947865e-02,1.840257e-01,5.007240e-01,9.632356e-03,1.105592e-02
6.965603e-02,1.823849e-03,2.176911e-03,7.373579e-03,2.597438e-03,2.674982e-02,2.590257e-03,3.534083e-02,4.729669e-02,5.980480e-03,4.149791e-02,2.721379e-01,4.631017e-01,1.279638e-02,8.880173e-03
4.897981e-02,1.510173e-03,1.560445e-03,5.492445e-03,2.496275e-03,1.930331e-02,1.847237e-03,2.484699e-02,4.264022e-02,5.186083e-03,3.667657e-02,4.083607e-01,3.827539e-01,1.198834e-02,6.357543e-03
3.445193e-02,9.443013e-03,2.918478e-03,4.427875e-03,3.009592e-03,1.386529e-02,1.318083e-03,1.787815e-02,1.149042e-01,6.032589e-03,4.006089e-02,3.794624e-01,3.459126e-01,2.095933e-02,5.355630e-03
2.425384e-02,1.298225e-02,2.560345e-03,3.357730e-03,2.503895e-03,9.999482e-03,9.269785e-04,1.257086e-02,1.576642e-01,6.953766e-03,5.837960e-02,3.354378e-01,3.117673e-01,5.517811e-02,5.463960e-03
1.701968e-02,1.432848e-01,5.181977e-03,2.400718e-03,1.955632e-03,7.278989e-03,6.501984e-04,8.827261e-03,1.435532e-01,6.909897e-03,5.393711e-02,2.911594e-01,2.553984e-01,5.695535e-02,5.487445e-03
1.196268e-02,1.968270e-01,4.427132e-03,1.720777e-03,1.527097e-03,5.797111e-03,4.557772e-04,6.188439e-03,1.698413e-01,7.562554e-03,7.180272e-02,2.276022e-01,1.874807e-01,9.933096e-02,7.473547e-03
8.504739e-03,1.820844e-01,3.709021e-03,1.259467e-03,1.290401e-03,5.397756e-03,3.203922e-04,4.350457e-03,2.158931e-01,5.843550e-03,1.004538e-01,1.628818e-01,1.325461e-01,1.676038e-01,7.861128e-03
6.101044e-03,1.427799e-01,2.685421e-03,8.992265e-04,9.655989e-04,4.258306e-03,2.249087e-04,3.057091e-03,2.574975e-01,4.501822e-03,1.601247e-01,1.178894e-01,9.316308e-02,1.999345e-01,5.917427e-03
4.666520e-03,1.686413e-01,2.111267e-03,6.612271e-04,8.980433e-04,3.288797e-03,1.587971e-04,2.173208e-03,2.722248e-01,3.444421e-03,1.960503e-01,8.387519e-02,6.546254e-02,1.914770e-01,4.866564e-03
3.463137e-03,1.317729e-01,1.536116e-03,4.734193e-04,8.031271e-04,2.483977e-03,1.116962e-04,1.548751e-03,3.174589e-01,2.772735e-03,1.976541e-01,5.923445e-02,4.590323e-02,2.310172e-01,3.766247e-03
3.008655e-03,1.016193e-01,1.491664e-03,3.744514e-04,1.068341e-03,2.060847e-03,8.084131e-05,1.276656e-03,3.204409e-01,2.106099e-03,1.847247e-01,4.208919e-02,3.225014e-02,3.040705e-01,3.337804e-03
3.144284e-03,8.053709e-02,2.526369e-03,4.191872e-04,3.217882e-03,1.795132e-03,6.143948e-05,1.469677e-03,3.502729e-01,1.709800e-03,1.802741e-01,2.979248e-02,2.262414e-02,3.194833e-01,2.672269e-03
3.212393e-03,6.557131e-02,2.147602e-03,3.382470e-04,3.671619e-03,1.587669e-03,5.083712e-05,1.357909e-03,4.019864e-01,1.267752e-03,1.610172e-01,2.097552e-02,1.585240e-02,3.188840e-01,2.079151e-03
3.619371e-03,5.585126e-02,2.216663e-03,9.240353e-04,5.207576e-03,1.981818e-03,5.578099e-05,1.835016e-03,5.353471e-01,1.070003e-03,1.195149e-01,1.497648e-02,1.115370e-02,2.443862e-01,1.860057e-03
3.888738e-03,4.836433e-02,2.279477e-03,1.426051e-03,6.054876e-03,2.274959e-03,6.637870e-05,5.859733e-03,6.463746e-01,1.016480e-03,8.552267e-02,1.061251e-02,7.857649e-03,1.768585e-01,1.543049e-03
5.874559e-03,5.762751e-02,3.168602e-03,2.964131e-03,7.327380e-03,3.057150e-03,9.452650e-05,1.330402e-02,6.982251e-01,1.182584e-03,6.130838e-02,7.542400e-03,5.564492e-03,1.310671e-01,1.692130e-03
1.141024e-02,5.012499e-02,5.827948e-03,5.536784e-03,1.239720e-02,4.397620e-03,1.816792e-04,2.303741e-02,7.229313e-01,2.187132e-03,4.467210e-02,5.537435e-03,4.058873e-03,1.033312e-01,4.368071e-03
1.742968e-02,6.187803e-02,8.546087e-03,8.186862e-03,1.158937e-02,8.521097e-03,2.055435e-04,2.475830e-02,6.696506e-01,1.009022e-02,3.261972e-02,4.039544e-03,3.315794e-03,9.001405e-02,4.915513e-02
2.085197e-02,7.086612e-02,7.290768e-03,1.005624e-02,1.272475e-02,2.967795e-02,2.138910e-04,2.459309e-02,6.741526e-01,9.060495e-03,2.358286e-02,2.968525e-03,2.798036e-03,6.733027e-02,4.383253e-02
1.911229e-02,9.336600e-02,6.853065e-03,3.124279e-02,1.072411e-02,6.059587e-02,2.126799e-04,2.154825e-02,6.122670e-01,1.331962e-02,1.737003e-02,2.290455e-03,3.337782e-03,4.948693e-02,5.827314e-02
1.781374e-02,9.242888e-02,6.567072e-03,3.670946e-02,1.028479e-02,1.446997e-01,2.446102e-04,2.293876e-02,5.564491e-01,1.118204e-02,1.311831e-02,1.728966e-03,2.700259e-03,3.682064e-02,4.631367e-02
1.816810e-02,1.193288e-01,5.846801e-03,5.597275e-02,1.016430e-02,1.694733e-01,2.173852e-04,2.523940e-02,5.008067e-01,9.607490e-03,9.728329e-03,1.255030e-03,2.305454e-03,2.760377e-02,4.428233e-02
1.720275e-02,1.330865e-01,6.537403e-03,1.118294e-01,1.475716e-02,1.804593e-01,2.149574e-04,4.830831e-02,4.133666e-01,7.460829e-03,7.647002e-03,9.395282e-04,1.846970e-03,2.011281e-02,3.623044e-02
1.301644e-02,1.194263e-01,5.599858e-03,3.216726e-01,1.071450e-02,1.292033e-01,1.578498e-04,3.532426e-02,3.039847e-01,6.313872e-03,8.249023e-03,7.477497e-04,1.431593e-03,1.418574e-02,2.997227e-02
1.821287e-02,2.008432e-01,5.403822e-03,2.799796e-01,9.928538e-03,1.267956e-01,1.461602e-04,4.997736e-02,2.437715e-01,7.335165e-03,1.288912e-02,8.937888e-04,1.593684e-03,1.126439e-02,3.096514e-02
1.621339e-02,1.986700e-01,9.761455e-03,3.320282e-01,8.483506e-03,9.292831e-02,1.254629e-04,5.329357e-02,2.121591e-01,9.704189e-03,1.685698e-02,8.942891e-04,1.854450e-03,8.394962e-03,3.863206e-02
1.195225e-02,1.495381e-01,3.371092e-02,3.736879e-01,6.186777e-03,6.551606e-02,1.023665e-04,3.908757e-02,1.722741e-01,1.390418e-02,6.174827e-02,1.726372e-03,3.350510e-03,1.044318e-02,5.677150e-02
8.878137e-03,1.125109e-01,2.572041e-02,4.711716e-01,4.499854e-03,4.597879e-02,9.507493e-05,2.758571e-02,1.388292e-01,1.017337e-02,8.828233e-02,1.480078e-02,3.319187e-03,7.623369e-03,4.053119e-02
6.547348e-03,9.882195e-02,2.060154e-02,3.949634e-01,3.249651e-03,3.257285e-02,9.229113e-05,1.938292e-02,1.636696e-01,8.112538e-03,9.918705e-02,1.037394e-01,7.852297e-03,6.247698e-03,3.495936e-02
4.744836e-03,7.106604e-02,1.499039e-02,2.924651e-01,2.414685e-03,2.340935e-02,1.104215e-04,1.365382e-02,1.239872e-01,5.866952e-03,1.002043e-01,3.034451e-01,1.384284e-02,5.119933e-03,2.467904e-02
3.406751e-03,5.022059e-02,1.075405e-02,2.067291e-01,1.741513e-03,1.675180e-02,1.193892e-04,9.601666e-03,9.052967e-02,4.270517e-03,8.386542e-02,4.855767e-01,1.449874e-02,4.550036e-03,1.738399e-02
