1.000000e+00,0.000000e+00,0.000000e+00,0.000000e+00,0.000000e+00,0.000000e+00,0.000000e+00,0.000000e+00,0.000000e+00,0.000000e+00,0.000000e+00,0.000000e+00,0.000000e+00,0.000000e+00,0.000000e+00
1.000000e+00,0.000000e+00,0.000000e+00,0.000000e+00,0.000000e+00,0.000000e+00,0.000000e+00,0.000000e+00,0.000000e+00,0.000000e+00,0.000000e+00,0.000000e+00,0.000000e+00,0.000000e+00,0.000000e+00
1.000000e+00,0.000000e+00,0.000000e+00,0.000000e+00,0.000000e+00,0.000000e+00,0.000000e+00,0.000000e+00,0.000000e+00,0.000000e+00,0.000000e+00,0.000000e+00,0.000000e+00,0.000000e+00,0.000000e+00
1.000000e+00,0.000000e+00,0.000000e+00,0.000000e+00,0.000000e+00,0.000000e+00,0.000000e+00,0.000000e+00,0.000000e+00,0.000000e+00,0.000000e+00,0.000000e+00,0.000000e+00,0.000000e+00,0.000000e+00
1.000000e+00,0.000000e+00,0.000000e+00,0.000000e+00,0.000000e+00,0.000000e+00,0.000000e+00,0.000000e+00,0.000000e+00,0.000000e+00,0.000000e+00,0.000000e+00,0.000000e+00,0.000000e+00,0.000000e+00
1.000000e+00,0.000000e+00,0.000000e+00,0.000000e+00,0.000000e+00,0.000000e+00,0.000000e+00,0.000000e+00,0.000000e+00,0.000000e+00,0.000000e+00,0.000000e+00,0.000000e+00,0.000000e+00,0.000000e+00
1.000000e+00,0.000000e+00,0.000000e+00,0.000000e+00,0.000000e+00,0.000000e+00,0.000000e+00,0.000000e+00,0.000000e+00,0.000000e+00,0.000000e+00,0.000000e+00,0.000000e+00,0.000000e+00,0.000000e+00
1.000000e+00,0.000000e+00,0.000000e+00,0.000000e+00,0.000000e+00,0.000000e+00,0.000000e+00,0.000000e+00,0.000000e+00,0.000000e+00,0.000000e+00,0.000000e+00,0.000000e+00,0.000000e+00,0.000000e+00
1.000000e+00,0.000000e+00,0.000000e+00,0.000000e+00,0.000000e+00,0.000000e+00,0.000000e+00,0.000000e+00,0.000000e+00,0.000000e+00,0.000000e+00,0.000000e+00,0.000000e+00,0.000000e+00,0.000000e+00
1.000000e+00,0.000000e+00,0.000000e+00,0.000000e+00,0.000000e+00,0.000000e+00,0.000000e+00,0.000000e+00,0.000000e+00,0.000000e+00,0.000000e+00,0.000000e+00,0.000000e+00,0.000000e+00,0.000000e+00
1.000000e+00,0.000000e+00,0.000000e+00,0.000000e+00,0.000000e+00,0.000000e+00,0.000000e+00,0.000000e+00,0.000000e+00,0.000000e+00,0.000000e+00,0.000000e+00,0.000000e+00,0.000000e+00,0.000000e+00
1.000000e+00,0.000000e+00,0.000000e+00,0.000000e+00,0.000000e+00,0.000000e+00,0.000000e+00,0.000000e+00,0.000000e+00,0.000000e+00,0.000000e+00,0.000000e+00,0.000000e+00,0.000000e+00,0.000000e+00
1.000000e+00,0.000000e+00,0.000000e+00,0.000000e+00,0.000000e+00,0.000000e+00,0.000000e+00,0.000000e+00,0.000000e+00,0.000000e+00,0.000000e+00,0.000000e+00,0.000000e+00,0.000000e+00,0.000000e+00
1.000000e+00,0.000000e+00,0.000000e+00,0.000000e+00,0.000000e+00,0.000000e+00,0.000000e+00,0.000000e+00,0.000000e+00,0.000000e+00,0.000000e+00,0.000000e+00,0.000000e+00,0.000000e+00,0.000000e+00
1.000000e+00,0.000000e+00,0.000000e+00,0.000000e+00,0.000000e+00,0.000000e+00,0.000000e+00,0.000000e+00,0.000000e+00,0.000000e+00,0.000000e+00,0.000000e+00,0.000000e+00,0.000000e+00,0.000000e+00
1.000000e+00,0.000000e+00,0.000000e+00,0.000000e+00,0.000000e+00,0.000000e+00,0.000000e+00,0.000000e+00,0.000000e+00,0.000000e+00,0.000000e+00,0.000000e+00,0.000000e+00,0.000000e+00,0.000000e+00
1.000000e+00,0.000000e+00,0.000000e+00,0.000000e+00,0.000000e+00,0.000000e+00,0.000000e+00,0.000000e+00,0.000000e+00,0.000000e+00,0.000000e+00,0.000000e+00,0.000000e+00,0.000000e+00,0.000000e+00
1.000000e+00,0.000000e+00,0.000000e+00,0.000000e+00,0.000000e+00,0.000000e+00,0.000000e+00,0.000000e+00,0.000000e+00,0.000000e+00,0.000000e+00,0.000000e+00,0.000000e+00,0.000000e+00,0.000000e+00
1.000000e+00,0.000000e+00,0.000000e+00,0.000000e+00,0.000000e+00,0.000000e+00,0.000000e+00,0.000000e+00,0.000000e+00,0.000000e+00,0.000000e+00,0.000000e+00,0.000000e+00,0.000000e+00,0.000000e+00
1.000000e+00,0.000000e+00,0.000000e+00,0.000000e+00,0.000000e+00,0.000000e+00,0.000000e+00,0.000000e+00,0.000000e+00,0.000000e+00,0.000000e+00,0.000000e+00,0.000000e+00,0.000000e+00,0.000000e+00
1.000000e+00,0.000000e+00,0.000000e+00,0.000000e+00,0.000000e+00,0.000000e+00,0.000000e+00,0.000000e+00,0.000000e+00,0.000000e+00,0.000000e+00,0.000000e+00,0.000000e+00,0.000000e+00,0.000000e+00
1.000000e+00,0.000000e+00,0.000000e+00,0.000000e+00,0.000000e+00,0.000000e+00,0.000000e+00,0.000000e+00,0.000000e+00,0.000000e+00,0.000000e+00,0.000000e+00,0.000000e+00,0.000000e+00,0.000000e+00
1.000000e+00,0.000000e+00,0.000000e+00,0.000000e+00,0.000000e+00,0.000000e+00,0.000000e+00,0.000000e+00,0.000000e+00,0.000000e+00,0.000000e+00,0.000000e+00,0.000000e+00,0.000000e+00,0.000000e+00
1.000000e+00,0.000000e+00,0.000000e+00,0.000000e+00,0.000000e+00,0.000000e+00,0.000000e+00,0.000000e+00,0.000000e+00,0.000000e+00,0.000000e+00,0.000000e+00,0.000000e+00,0.000000e+00,0.000000e+00
1.000000e+00,0.000000e+00,0.000000e+00,0.000000e+00,0.000000e+00,0.000000e+00,0.000000e+00,0.000000e+00,0.000000e+00,0.000000e+00,0.000000e+00,0.000000e+00,0.000000e+00,0.000000e+00,0.000000e+00
1.000000e+00,0.000000e+00,0.000000e+00,0.000000e+00,0.000000e+00,0.000000e+00,0.000000e+00,0.000000e+00,0.000000e+00,0.000000e+00,0.000000e+00,0.000000e+00,0.000000e+00,0.000000e+00,0.000000e+00
1.000000e+00,0.000000e+00,0.000000e+00,0.000000e+00,0.000000e+00,0.000000e+00,0.000000e+00,0.000000e+00,0.000000e+00,0.000000e+00,0.000000e+00,0.000000e+00,0.000000e+00,0.000000e+00,0.000000e+00
1.000000e+00,0.000000e+00,0.000000e+00,0.000000e+00,0.000000e+00,0.000000e+00,0.000000e+00,0.000000e+00,0.000000e+00,0.000000e+00,0.000000e+00,0.000000e+00,0.000000e+00,0.000000e+00,0.000000e+00
1.000000e+00,0.000000e+00,0.000000e+00,0.000000e+00,0.000000e+00,0.000000e+00,0.000000e+00,0.000000e+00,0.000000e+00,0.000000e+00,0.000000e+00,0.000000e+00,0.000000e+00,0.000000e+00,0.000000e+00
1.000000e+00,0.000000e+00,0.000000e+00,0.000000e+00,0.000000e+00,0.000000e+00,0.000000e+00,0.000000e+00,0.000000e+00,0.000000e+00,0.000000e+00,0.000000e+00,0.000000e+00,0.000000e+00,0.000000e+00
1.000000e+00,0.000000e+00,0.000000e+00,0.000000e+00,0.000000e+00,0.000000e+00,0.000000e+00,0.000000e+00,0.000000e+00,0.000000e+00,0.000000e+00,0.000000e+00,0.000000e+00,0.000000e+00,0.000000e+00
1.000000e+00,0.000000e+00,0.000000e+00,0.000000e+00,0.000000e+00,0.000000e+00,0.000000e+00,0.000000e+00,0.000000e+00,0.000000e+00,0.000000e+00,0.000000e+00,0.000000e+00,0.000000e+00,0.000000e+00
1.000000e+00,0.000000e+00,0.000000e+00,0.000000e+00,0.000000e+00,0.000000e+00,0.000000e+00,0.000000e+00,0.000000e+00,0.000000e+00,0.000000e+00,0.000000e+00,0.000000e+00,0.000000e+00,0.000000e+00
1.000000e+00,0.000000e+00,0.000000e+00,0.000000e+00,0.000000e+00,0.000000e+00,0.000000e+00,0.000000e+00,0.000000e+00,0.000000e+00,0.000000e+00,0.000000e+00,0.000000e+00,0.000000e+00,0.000000e+00
1.000000e+00,0.000000e+00,0.000000e+00,0.000000e+00,0.000000e+00,0.000000e+00,0.000000e+00,0.000000e+00,0.000000e+00,0.000000e+00,0.000000e+00,0.000000e+00,0.000000e+00,0.000000e+00,0.000000e+00
1.000000e+00,0.000000e+00,0.000000e+00,0.000000e+00,0.000000e+00,0.000000e+00,0.000000e+00,0.000000e+00,0.000000e+00,0.000000e+00,0.000000e+00,0.000000e+00,0.000000e+00,0.000000e+00,0.000000e+00
1.000000e+00,0.000000e+00,0.000000e+00,0.000000e+00,0.000000e+00,0.000000e+00,0.000000e+00,0.000000e+00,0.000000e+00,0.000000e+00,0.000000e+00,0.000000e+00,0.000000e+00,0.000000e+00,0.000000e+00
1.000000e+00,0.000000e+00,0.000000e+00,0.000000e+00,0.000000e+00,0.000000e+00,0.000000e+00,0.000000e+00,0.000000e+00,0.000000e+00,0.000000e+00,0.000000e+00,0.000000e+00,0.000000e+00,0.000000e+00
1.000000e+00,0.000000e+00,0.000000e+00,0.000000e+00,0.000000e+00,0.000000e+00,0.000000e+00,0.000000e+00,0.000000e+00,0.000000e+00,0.000000e+00,0.000000e+00,0.000000e+00,0.000000e+00,0.000000e+00
1.000000e+00,0.000000e+00,0.000000e+00,0.000000e+00,0.000000e+00,0.000000e+00,0.000000e+00,0.000000e+00,0.000000e+00,0.000000e+00,0.000000e+00,0.000000e+00,0.000000e+00,0.000000e+00,0.000000e+00
1.000000e+00,0.000000e+00,0.000000e+00,0.000000e+00,0.000000e+00,0.000000e+00,0.000000e+00,0.000000e+00,0.000000e+00,0.000000e+00,0.000000e+00,0.000000e+00,0.000000e+00,0.000000e+00,0.000000e+00
1.000000e+00,0.000000e+00,0.000000e+00,0.000000e+00,0.000000e+00,0.000000e+00,0.000000e+00,0.000000e+00,0.000000e+00,0.000000e+00,0.000000e+00,0.000000e+00,0.000000e+00,0.000000e+00,0.000000e+00
1.000000e+00,0.000000e+00,0.000000e+00,0.000000e+00,0.000000e+00,0.000000e+00,0.000000e+00,0.000000e+00,0.000000e+00,0.000000e+00,0.000000e+00,0.000000e+00,0.000000e+00,0.000000e+00,0.000000e+00
1.000000e+00,0.000000e+00,0.000000e+00,0.000000e+00,0.000000e+00,0.000000e+00,0.000000e+00,0.000000e+00,0.000000e+00,0.000000e+00,0.000000e+00,0.000000e+00,0.000000e+00,0.000000e+00,0.000000e+00
4.989112e-01,4.485968e-02,2.118205e-02,9.993358e-02,1.403035e-02,2.159451e-02,5.610305e-03,1.884592e-02,4.986592e-02,5.581205e-03,5.734049e-02,4.883409e-02,2.204386e-02,2.403279e-02,6.733408e-02
3.933975e-01,6.115074e-02,5.446567e-02,1.994393e-01,1.203159e-02,1.707869e-02,4.556030e-03,2.013761e-02,4.785770e-02,4.682463e-03,4.690807e-02,3.782703e-02,1.846688e-02,1.831907e-02,6.368160e-02
4.867800e-01,5.303593e-02,4.137211e-02,1.599796e-01,1.142832e-02,1.602090e-02,4.584821e-03,1.727349e-02,4.216655e-02,3.850927e-03,4.065930e-02,3.283111e-02,1.898844e-02,1.623762e-02,5.479087e-02
4.205167e-01,5.427998e-02,5.966590e-02,2.364856e-01,1.101528e-02,1.509829e-02,4.561468e-03,2.163894e-02,3.594883e-02,3.027284e-03,3.486578e-02,2.905343e-02,1.587540e-02,1.274491e-02,4.522214e-02
1.000000e+00,0.000000e+00,0.000000e+00,0.000000e+00,0.000000e+00,0.000000e+00,0.000000e+00,0.000000e+00,0.000000e+00,0.000000e+00,0.000000e+00,0.000000e+00,0.000000e+00,0.000000e+00,0.000000e+00
1.000000e+00,0.000000e+00,0.000000e+00,0.000000e+00,0.000000e+00,0.000000e+00,0.000000e+00,0.000000e+00,0.000000e+00,0.000000e+00,0.000000e+00,0.000000e+00,0.000000e+00,0.000000e+00,0.000000e+00
3.798190e-01,4.016982e-02,1.524856e-01,2.354417e-01,1.006664e-02,1.631551e-02,3.882905e-03,1.674473e-02,1.974066e-02,2.545535e-03,2.849216e-02,4.052743e-02,1.372903e-02,7.220389e-03,3.281879e-02
4.214758e-01,3.408789e-02,1.801029e-01,1.901957e-01,8.697771e-03,1.853850e-02,3.061872e-03,1.311453e-02,1.475419e-02,4.983073e-03,2.878778e-02,3.441821e-02,1.159759e-02,6.168308e-03,3.001574e-02
1.000000e+00,0.000000e+00,0.000000e+00,0.000000e+00,0.000000e+00,0.000000e+00,0.000000e+00,0.000000e+00,0.000000e+00,0.000000e+00,0.000000e+00,0.000000e+00,0.000000e+00,0.000000e+00,0.000000e+00
3.915342e-01,2.793295e-02,1.037782e-01,1.166542e-01,5.543824e-03,1.469602e-02,1.917118e-03,7.773556e-03,1.809724e-02,1.183091e-02,2.192648e-02,2.917893e-02,1.078592e-02,1.483599e-02,2.235144e-01
2.840252e-01,2.202314e-02,7.694531e-02,8.241668e-02,4.208311e-03,1.134061e-02,1.400762e-03,5.650536e-03,7.092186e-02,2.317869e-02,1.994381e-02,2.142850e-02,1.108715e-02,6.496549e-02,3.004639e-01
1.994203e-01,1.609551e-02,5.397953e-02,5.777867e-02,3.017845e-03,8.069203e-03,1.001447e-03,4.064209e-03,9.017843e-02,1.129507e-01,1.570647e-02,1.568594e-02,8.954819e-03,8.952203e-02,3.235749e-01
1.460384e-01,1.276539e-02,3.799808e-02,4.071031e-02,3.094933e-03,6.192104e-03,7.570746e-04,3.343262e-03,2.421345e-01,1.073603e-01,1.592677e-02,1.231268e-02,1.646420e-02,8.602498e-02,2.688771e-01
1.093505e-01,1.567775e-02,2.676474e-02,2.879011e-02,2.643632e-03,4.727356e-03,5.758118e-04,2.791297e-03,3.135682e-01,1.032288e-01,1.251331e-02,9.049268e-03,1.436109e-02,1.120180e-01,2.439401e-01
7.826257e-02,1.524570e-02,1.887395e-02,2.293162e-02,1.914780e-03,3.678594e-03,4.735350e-04,2.154551e-03,3.588083e-01,1.145840e-01,9.134957e-03,6.835315e-03,1.129695e-02,1.024807e-01,2.533245e-01
5.521958e-02,1.312057e-02,1.333878e-02,1.633175e-02,1.351999e-03,2.766238e-03,3.927761e-04,1.526530e-03,2.870562e-01,8.459062e-02,7.021785e-03,4.894176e-03,8.326480e-03,2.335286e-01,2.705340e-01
3.915240e-02,1.033852e-02,9.483092e-03,1.178499e-02,9.727787e-04,2.084979e-03,3.922902e-04,1.082015e-03,2.317786e-01,6.576627e-02,8.653485e-03,4.442927e-03,6.308381e-03,2.724832e-01,3.352761e-01
2.825060e-02,7.748764e-03,6.794712e-03,8.415781e-03,7.229092e-04,1.517182e-03,4.077456e-04,7.824093e-04,2.037536e-01,5.477172e-02,2.549424e-02,4.723890e-03,4.685388e-03,3.120294e-01,3.399017e-01
2.082884e-02,5.664058e-03,4.849406e-03,6.106568e-03,6.024528e-04,1.134178e-03,3.159331e-04,5.834975e-04,1.489976e-01,5.546708e-02,8.093163e-02,5.460776e-03,3.831392e-03,3.833805e-01,2.818461e-01
1.481510e-02,4.091392e-03,3.426729e-03,4.310888e-03,5.221920e-04,9.064014e-04,2.313197e-04,4.562166e-04,1.077890e-01,7.456534e-02,1.434541e-01,5.960575e-03,3.218138e-03,4.202414e-01,2.160112e-01
1.050538e-02,2.959619e-03,2.418944e-03,3.033470e-03,1.813443e-03,8.725696e-04,1.697681e-04,3.348279e-04,1.120680e-01,1.683348e-01,1.206881e-01,4.416430e-03,2.362446e-03,4.110420e-01,1.589802e-01
7.495419e-03,2.271143e-03,1.758397e-03,2.145846e-03,3.274077e-03,7.035333e-04,1.655783e-04,2.692692e-04,1.130366e-01,3.373505e-01,8.869703e-02,3.218499e-03,1.773239e-03,3.209116e-01,1.169293e-01
5.562288e-03,1.760358e-03,1.465653e-03,1.584310e-03,4.051884e-03,5.816462e-04,1.495397e-04,2.358904e-04,8.268461e-02,5.217946e-01,6.240180e-02,2.434698e-03,1.463447e-03,2.307350e-01,8.309425e-02
5.968769e-03,2.117489e-03,1.319768e-03,3.220144e-03,1.562112e-02,1.709131e-03,2.929324e-04,7.556231e-04,6.029364e-02,6.208625e-01,5.311146e-02,3.114319e-03,5.260673e-03,1.656726e-01,6.067988e-02
5.431462e-03,3.288632e-03,1.366000e-03,5.982220e-03,1.590179e-02,2.302422e-03,3.074117e-04,1.320173e-03,4.509456e-02,6.731663e-01,5.892388e-02,4.487539e-03,1.633703e-02,1.193246e-01,4.676600e-02
1.267777e-02,3.758465e-03,1.742074e-03,8.053478e-03,1.627750e-02,3.200526e-03,2.812503e-04,1.071390e-03,3.563083e-02,6.626997e-01,9.515974e-02,8.513534e-03,2.997788e-02,8.603460e-02,3.492130e-02
1.951510e-02,4.269650e-03,5.992642e-03,7.576901e-03,3.727866e-02,8.762664e-03,3.796627e-04,1.953489e-03,3.198833e-02,6.550906e-01,8.704424e-02,1.169153e-02,4.034255e-02,6.222138e-02,2.589259e-02
2.527368e-02,4.687449e-03,5.054060e-02,6.510017e-03,8.046347e-02,2.446206e-02,5.299922e-03,1.647269e-02,2.725152e-02,5.779431e-01,7.000472e-02,9.968096e-03,3.689407e-02,4.526908e-02,1.895956e-02
3.590020e-02,5.981608e-03,5.593625e-02,7.273108e-03,1.099957e-01,2.558053e-02,8.107008e-03,3.138878e-02,4.430723e-02,5.354539e-01,5.404029e-02,8.092813e-03,2.911241e-02,3.408975e-02,1.474040e-02
3.581617e-02,5.645372e-03,4.586043e-02,6.335674e-03,1.248984e-01,2.152296e-02,6.805929e-03,4.530166e-02,5.154061e-02,5.243069e-01,5.032568e-02,9.077795e-03,2.947329e-02,2.756624e-02,1.552291e-02
2.789472e-02,5.619689e-03,3.338817e-02,6.193478e-03,1.512665e-01,1.977694e-02,5.492379e-03,4.550551e-02,1.213892e-01,4.116784e-01,8.524022e-02,7.903869e-03,3.879687e-02,2.399215e-02,1.586186e-02
2.222796e-02,5.054187e-03,2.395352e-02,6.060632e-03,2.340325e-01,1.486302e-02,4.029854e-03,3.310648e-02,1.399989e-01,2.997440e-01,1.239081e-01,6.761204e-03,4.354937e-02,2.647215e-02,1.623826e-02
1.607117e-02,4.779735e-03,1.727960e-02,5.431646e-03,1.867802e-01,1.120084e-02,2.852900e-03,2.353109e-02,1.713340e-01,2.133038e-01,1.956870e-01,8.268641e-03,8.387980e-02,3.204798e-02,2.755164e-02
1.149340e-02,3.735213e-03,1.258277e-02,6.249677e-03,1.348363e-01,8.243440e-03,2.033332e-03,1.677165e-02,2.321054e-01,1.547869e-01,2.239296e-01,1.094946e-02,8.577378e-02,5.813771e-02,3.837150e-02
8.742211e-03,3.003167e-03,9.471283e-03,5.669031e-03,9.886097e-02,6.652715e-03,1.540011e-03,1.195143e-02,2.038774e-01,1.170807e-01,2.838621e-01,1.908109e-02,8.425362e-02,9.017815e-02,5.577613e-02
9.907928e-03,2.540729e-03,6.982507e-03,6.620200e-03,6.995536e-02,5.566582e-03,1.216150e-03,8.475782e-03,1.613107e-01,1.191043e-01,3.063101e-01,2.048762e-02,6.901962e-02,8.082053e-02,1.316819e-01
1.014558e-02,2.066875e-03,5.137512e-03,5.521352e-03,5.083038e-02,5.071755e-03,1.042642e-03,6.075996e-03,1.146917e-01,1.072988e-01,2.983623e-01,1.845980e-02,5.832948e-02,6.412452e-02,2.528413e-01
8.848155e-03,1.862188e-03,4.383368e-03,5.748294e-03,3.827569e-02,6.370272e-03,1.224049e-03,4.417066e-03,8.422787e-02,8.614990e-02,2.467182e-01,1.888286e-02,5.245246e-02,5.056864e-02,3.898709e-01
6.805255e-03,1.522987e-03,3.757583e-03,4.597511e-03,2.882617e-02,5.244438e-03,1.042642e-03,3.151987e-03,6.161655e-02,8.144840e-02,1.830242e-01,1.811424e-02,4.190899e-02,4.398467e-02,5.149543e-01
5.577835e-03,1.167923e-03,2.788773e-03,3.559170e-03,2.406868e-02,4.129306e-03,8.112109e-04,2.264804e-03,4.429639e-02,7.539120e-02,1.407185e-01,1.830394e-02,3.361738e-02,3.506799e-02,6.082369e-01
5.338522e-03,1.281771e-03,2.887002e-03,3.078781e-03,3.773530e-02,3.701611e-03,9.117571e-04,2.680911e-03,3.328201e-02,6.719849e-02,1.166038e-01,2.631307e-02,3.150670e-02,2.729864e-02,6.401817e-01
8.569534e-03,1.253988e-03,3.651146e-03,3.470838e-03,6.996262e-02,3.076629e-03,7.249523e-04,3.163799e-03,2.785134e-02,9.804910e-02,9.812534e-02,3.215294e-02,3.682193e-02,2.175819e-02,5.913677e-01
2.353190e-02,1.893185e-03,8.356519e-03,6.331922e-03,1.479336e-01,5.134838e-03,6.466491e-04,5.985769e-03,2.960776e-02,1.092379e-01,9.055260e-02,5.843277e-02,3.750708e-02,1.885673e-02,4.559909e-01
5.531802e-02,2.019474e-03,1.048502e-02,1.284159e-02,1.396246e-01,5.514841e-03,8.511308e-04,4.049722e-02,3.670685e-02,8.571021e-02,1.171833e-01,1.158482e-01,3.989950e-02,1.694154e-02,3.205585e-01
6.832577e-02,3.371450e-03,1.653989e-02,1.583050e-02,1.173880e-01,7.301894e-03,1.105470e-03,5.414958e-02,4.330045e-02,6.756154e-02,1.485769e-01,1.684139e-01,4.484947e-02,1.687641e-02,2.264089e-01
5.330671e-02,8.517402e-03,1.601665e-02,1.362215e-02,8.852255e-02,6.106906e-03,9.175658e-04,4.468764e-02,1.480589e-01,5.692141e-02,1.393827e-01,1.888362e-01,5.464810e-02,1.554601e-02,1.649092e-01
3.887229e-02,1.813628e-02,1.866264e-02,1.226678e-02,6.405152e-02,4.692496e-03,6.992350e-04,3.319047e-02,3.583977e-01,4.110126e-02,1.023785e-01,1.387848e-01,4.090909e-02,1.114354e-02,1.167136e-01
3.030669e-02,1.908857e-02,7.374901e-02,3.923203e-02,5.318697e-02,5.805613e-03,8.315662e-04,2.607920e-02,4.228666e-01,3.410577e-02,7.338827e-02,9.858561e-02,2.954016e-02,8.080461e-03,8.515354e-02
2.283567e-02,2.331350e-02,8.754724e-02,4.077507e-02,4.103460e-02,4.873338e-03,6.550063e-04,1.846807e-02,4.128457e-01,4.873215e-02,5.383492e-02,6.975242e-02,2.170207e-02,6.053433e-03,1.475769e-01
1.846717e-02,2.214911e-02,7.497651e-02,6.243110e-02,3.463147e-02,4.061233e-03,6.200838e-04,1.415623e-02,5.035931e-01,4.037315e-02,3.913467e-02,4.925520e-02,1.590021e-02,4.537007e-03,1.157138e-01
3.852443e-02,2.229569e-02,6.305137e-02,6.516938e-02,4.513324e-02,6.986216e-03,1.555045e-03,1.150293e-02,4.962911e-01,3.271541e-02,3.168531e-02,3.555892e-02,1.345872e-02,4.024124e-03,1.320482e-01
4.821629e-02,3.006976e-02,4.987084e-02,7.470736e-02,4.317898e-02,8.509818e-03,1.782989e-03,1.028469e-02,4.647993e-01,3.664586e-02,2.875801e-02,2.668489e-02,1.278318e-02,3.616517e-03,1.600916e-01
1.014531e-01,3.365202e-02,4.423632e-02,7.132980e-02,7.016338e-02,1.678298e-02,2.985633e-03,1.557604e-02,3.929515e-01,2.889561e-02,2.600935e-02,2.241776e-02,1.387564e-02,3.567375e-03,1.561036e-01
1.650197e-01,3.877490e-02,3.787567e-02,6.353194e-02,7.770059e-02,2.350134e-02,5.315492e-03,1.820544e-02,3.366434e-01,2.429318e-02,2.099985e-02,1.824814e-02,1.516692e-02,3.477094e-03,1.512464e-01
1.989472e-01,4.181969e-02,3.224823e-02,6.404631e-02,1.007479e-01,2.926745e-02,1.177002e-02,3.785485e-02,2.878432e-01,1.880621e-02,1.725174e-02,1.481995e-02,1.840601e-02,3.135391e-03,1.230360e-01
1.579657e-01,4.631852e-02,4.740756e-02,9.088319e-02,7.483955e-02,2.160585e-02,8.508168e-03,2.708307e-02,2.775006e-01,2.973364e-02,1.258657e-02,1.066657e-02,1.459228e-02,2.286591e-03,1.780222e-01
1.339202e-01,4.733748e-02,6.250633e-02,1.906408e-01,8.222155e-02,1.839820e-02,8.498142e-03,3.236632e-02,2.366740e-01,2.378604e-02,9.921789e-03,7.898181e-03,1.140741e-02,1.780334e-03,1.326433e-01
1.321872e-01,5.611256e-02,6.452285e-02,1.921906e-01,7.602881e-02,1.718641e-02,6.864061e-03,2.567297e-02,2.138777e-01,2.882511e-02,8.090897e-03,5.768792e-03,8.784861e-03,1.620228e-03,1.622669e-01
1.169329e-01,5.720508e-02,8.209652e-02,1.914000e-01,6.466999e-02,1.713961e-02,6.442887e-03,2.075325e-02,1.865809e-01,3.644339e-02,6.818302e-03,4.285451e-03,7.323036e-03,1.456610e-03,2.004521e-01
1.486535e-01,6.982578e-02,8.565969e-02,1.666821e-01,9.731765e-02,3.223817e-02,7.897809e-03,2.193260e-02,1.480269e-01,2.890474e-02,5.944940e-03,3.519925e-03,6.319263e-03,1.612613e-03,1.754642e-01
1.490698e-01,9.005861e-02,7.420916e-02,1.469168e-01,1.573033e-01,5.955854e-02,1.106854e-02,2.564598e-02,1.227112e-01,2.065131e-02,5.024546e-03,2.681456e-03,4.982871e-03,1.722482e-03,1.283954e-01
1.449142e-01,7.249081e-02,5.621615e-02,1.189376e-01,1.953185e-01,1.116035e-01,4.955214e-02,3.794009e-02,9.081399e-02,1.527209e-02,4.253190e-03,2.037839e-03,7.439646e-03,1.488948e-03,9.172135e-02
1.182635e-01,6.174800e-02,4.115082e-02,8.767655e-02,1.664341e-01,9.295221e-02,3.612855e-02,2.396775e-01,6.682983e-02,1.082854e-02,3.705616e-03,1.647464e-03,6.011812e-03,1.488462e-03,6.545711e-02
8.942846e-02,4.493366e-02,2.920092e-02,6.218596e-02,1.198450e-01,6.718561e-02,2.587632e-02,4.500343e-01,4.738385e-02,7.632995e-03,2.959780e-03,1.360505e-03,4.672925e-03,1.094447e-03,4.620526e-02
7.042526e-02,3.267527e-02,2.084919e-02,4.386386e-02,8.694008e-02,4.890768e-02,1.852068e-02,5.985800e-01,3.343624e-02,5.391833e-03,2.230470e-03,1.120615e-03,3.608683e-03,8.259056e-04,3.262424e-02
5.330079e-02,2.321407e-02,1.480742e-02,3.087517e-02,6.137352e-02,3.444766e-02,1.304673e-02,7.129971e-01,2.347885e-02,3.792677e-03,1.667839e-03,8.304346e-04,2.587536e-03,6.292628e-04,2.295092e-02
4.022282e-02,1.636742e-02,1.046861e-02,2.185401e-02,4.338753e-02,2.434880e-02,9.229941e-03,7.945333e-01,1.658783e-02,2.678375e-03,1.274817e-03,6.299909e-04,1.861234e-03,4.609626e-04,1.609447e-02
3.017933e-02,1.147758e-02,7.365961e-03,1.535223e-02,3.071251e-02,1.707952e-02,6.482094e-03,8.534985e-01,1.165765e-02,1.882841e-03,9.359463e-04,4.510125e-04,1.313358e-03,3.389087e-04,1.127270e-02
3.483969e-02,8.307072e-03,5.304439e-03,1.097837e-02,2.209201e-02,1.333643e-02,4.879195e-03,8.734086e-01,8.384684e-03,1.364801e-03,2.118739e-03,1.189047e-03,5.397665e-03,3.510184e-04,8.048312e-03
3.983945e-02,6.234239e-03,3.851779e-03,7.864304e-03,1.645924e-02,1.152748e-02,4.002934e-03,8.729867e-01,6.265652e-03,1.015908e-03,2.987810e-03,1.627631e-03,1.906279e-02,3.566928e-04,5.917384e-03
3.387253e-02,4.803827e-03,3.039751e-03,5.651138e-03,1.455165e-02,1.093604e-02,3.708076e-03,8.509822e-01,4.904803e-03,8.666685e-04,7.006687e-03,3.574762e-03,5.022089e-02,4.261509e-04,5.454903e-03
2.764770e-02,3.679159e-03,2.211800e-03,4.017953e-03,1.176747e-02,1.075673e-02,3.119646e-03,6.492745e-01,3.756123e-03,6.328159e-04,6.490893e-03,2.918765e-03,2.685041e-01,3.304136e-04,4.892094e-03
2.564699e-02,2.971717e-03,2.799603e-03,3.079063e-03,1.375535e-02,1.139282e-02,5.437539e-03,5.590284e-01,3.238707e-03,5.482281e-04,7.184944e-03,3.085678e-03,3.566343e-01,2.957038e-04,4.901000e-03
2.572251e-02,2.165568e-03,3.036311e-03,2.483415e-03,1.347593e-02,1.730240e-02,6.574168e-03,4.038520e-01,2.821698e-03,6.258287e-04,1.266266e-02,1.663153e-02,4.872021e-01,3.763230e-04,5.067643e-03
2.074818e-02,1.552176e-03,2.225710e-03,1.902276e-03,1.333276e-02,1.851942e-02,6.114897e-03,2.862876e-01,2.664316e-03,6.340693e-04,3.018937e-02,4.388102e-02,5.660695e-01,3.291723e-04,5.549600e-03
1.681501e-02,1.157855e-03,1.624093e-03,2.099595e-03,1.134129e-02,4.082555e-02,4.603388e-03,2.006524e-01,3.044461e-03,7.608694e-04,3.491966e-02,1.052048e-01,5.720379e-01,6.131988e-04,4.299925e-03
1.269534e-02,8.891366e-04,1.350322e-03,1.715206e-03,8.823435e-03,3.182165e-02,3.591838e-03,1.405219e-01,4.711661e-03,1.152504e-03,4.793620e-02,1.132514e-01,6.258163e-01,5.797414e-04,5.143248e-03
9.207499e-03,6.662150e-04,9.936267e-04,1.344920e-03,7.532977e-03,2.361762e-02,2.619051e-03,9.838560e-02,5.193983e-03,1.133124e-03,5.149916e-02,1.150272e-01,6.773614e-01,4.868205e-04,4.930841e-03
6.914703e-03,5.946468e-04,7.987139e-04,1.030353e-03,6.266768e-03,1.853099e-02,1.877365e-03,6.887583e-02,5.167587e-03,3.105333e-03,4.770200e-02,1.468896e-01,6.867883e-01,4.890300e-04,4.968849e-03
5.318566e-03,5.411505e-04,7.359765e-04,8.023951e-04,4.936615e-03,1.385445e-02,1.333912e-03,4.823157e-02,6.643908e-03,7.155808e-03,4.938927e-02,1.763811e-01,6.799222e-01,4.404350e-04,4.312618e-03
3.995223e-03,2.122175e-03,7.543142e-04,8.355033e-04,3.860047e-03,9.964060e-03,9.581637e-04,3.396528e-02,6.664305e-02,1.371926e-02,5.007884e-02,2.186411e-01,5.903541e-01,4.551284e-04,3.653716e-03
3.280094e-03,2.965603e-03,2.207024e-03,1.710402e-03,3.481281e-03,7.806548e-03,1.175427e-03,5.533872e-02,7.535242e-02,2.088722e-02,5.257159e-02,2.215944e-01,5.482084e-01,4.556349e-04,2.965306e-03
3.641076e-03,1.520993e-02,7.687115e-03,6.224126e-03,3.491058e-03,1.065061e-02,1.081997e-03,4.941647e-02,1.343871e-01,4.619935e-02,5.979957e-02,1.933490e-01,4.651980e-01,6.531715e-04,3.011484e-03
3.288979e-03,4.326985e-02,6.038617e-03,5.313049e-03,3.140435e-03,7.961720e-03,7.675429e-04,3.594793e-02,3.402196e-01,3.588398e-02,4.382594e-02,1.389948e-01,3.311446e-01,5.289238e-04,3.674081e-03
3.411232e-03,4.014320e-02,5.615740e-03,7.100605e-03,3.957428e-03,5.751543e-03,5.488119e-04,2.685378e-02,5.131150e-01,2.600940e-02,3.227540e-02,9.816899e-02,2.335708e-01,3.802128e-04,3.097860e-03
1.177115e-02,3.300478e-02,8.239911e-03,8.000247e-02,1.106463e-02,7.489430e-03,4.444743e-04,2.224823e-02,5.451341e-01,1.857953e-02,2.507303e-02,6.970023e-02,1.644341e-01,3.322106e-04,2.481727e-03
2.633962e-02,4.033709e-02,9.167292e-03,6.178503e-02,9.643575e-03,1.467714e-02,3.505477e-04,1.934599e-02,5.101724e-01,1.506037e-02,1.024505e-01,5.696105e-02,1.238696e-01,5.950725e-03,3.889101e-03
2.479589e-02,4.147154e-02,8.387745e-03,4.426520e-02,7.414560e-03,2.012537e-02,2.796527e-04,1.428124e-02,4.435836e-01,1.196034e-02,1.996225e-01,4.229720e-02,8.737510e-02,5.065424e-02,3.485820e-03
3.591990e-02,6.002426e-02,9.696641e-03,3.330811e-02,7.981561e-03,1.808102e-02,3.119410e-04,1.404057e-02,4.599880e-01,9.905133e-03,1.839871e-01,3.314652e-02,6.249830e-02,6.681691e-02,4.293989e-03
3.948669e-02,5.261753e-02,9.980944e-03,2.534692e-02,9.125920e-03,1.508960e-02,3.919106e-04,1.249694e-02,5.175141e-01,8.037808e-03,1.585370e-01,2.463434e-02,4.434486e-02,7.872257e-02,3.672914e-03
5.287959e-02,4.411941e-02,8.416082e-03,1.886479e-02,8.652983e-03,1.509515e-02,4.813355e-04,1.128260e-02,5.875010e-01,6.864628e-03,1.254285e-01,1.937822e-02,3.184254e-02,6.553176e-02,3.661402e-03
1.389484e-01,3.629031e-02,9.701869e-03,1.457932e-02,8.244618e-03,1.688531e-02,7.049260e-04,4.234101e-02,5.064723e-01,6.687151e-03,1.045066e-01,1.623027e-02,2.396333e-02,6.897953e-02,5.465116e-03
1.862263e-01,2.780250e-02,1.106699e-02,1.305726e-02,7.697129e-03,1.960802e-02,1.190624e-03,4.128332e-02,4.380393e-01,1.198966e-02,1.140428e-01,1.740366e-02,2.015460e-02,8.218728e-02,8.250581e-03
2.310936e-01,2.749172e-02,1.195370e-02,1.291758e-02,8.946908e-03,2.444473e-02,1.324393e-03,3.787147e-02,3.412277e-01,2.105531e-02,1.322444e-01,1.998620e-02,1.786709e-02,9.455776e-02,1.701742e-02
2.483776e-01,4.409032e-02,1.273521e-02,1.283746e-02,1.184073e-02,3.023391e-02,1.266089e-03,2.893662e-02,2.815915e-01,2.570583e-02,1.434666e-01,1.681474e-02,1.475991e-02,1.043596e-01,2.298393e-02
2.602227e-01,4.047995e-02,1.273493e-02,1.171510e-02,1.073047e-02,3.696868e-02,1.148739e-03,2.338776e-02,2.296088e-01,2.436391e-02,1.453557e-01,1.587727e-02,1.218458e-02,1.517619e-01,2.345951e-02
2.315015e-01,4.103583e-02,1.231363e-02,1.165333e-02,9.950430e-03,3.694637e-02,1.040956e-03,1.739113e-02,1.873284e-01,5.640897e-02,1.827175e-01,1.654890e-02,9.841798e-03,1.260923e-01,5.922886e-02
1.666314e-01,3.119852e-02,9.263893e-03,9.244251e-03,7.452996e-03,3.388491e-02,7.725909e-04,1.244891e-02,1.518982e-01,4.652123e-02,2.933432e-01,1.681147e-02,7.825013e-03,1.381678e-01,7.453559e-02
1.172305e-01,2.445729e-02,7.399370e-03,6.989094e-03,5.369943e-03,2.513989e-02,5.515438e-04,8.779386e-03,1.767501e-01,3.667839e-02,3.205177e-01,1.304422e-02,5.707488e-03,1.894118e-01,6.197324e-02
8.222677e-02,1.829172e-02,5.724076e-03,5.258315e-03,3.817707e-03,1.827627e-02,3.949999e-04,6.185588e-03,1.863661e-01,2.793998e-02,2.778075e-01,1.003637e-02,4.471106e-03,3.065620e-01,4.664142e-02
5.767999e-02,1.317641e-02,4.483418e-03,3.941012e-03,2.757948e-03,1.329001e-02,2.855838e-04,4.362662e-03,1.705025e-01,2.116075e-02,2.403269e-01,7.698042e-03,3.307713e-03,4.226263e-01,3.440066e-02
4.082144e-02,1.071762e-02,4.890635e-03,5.030457e-03,2.067533e-03,9.962881e-03,2.600026e-04,3.152242e-03,3.526416e-01,1.658551e-02,1.811946e-01,5.751244e-03,2.475443e-03,3.338037e-01,3.064506e-02
2.906805e-02,7.993603e-03,4.041199e-03,6.531574e-03,1.566371e-03,7.671756e-03,2.475827e-04,2.363655e-03,4.992938e-01,1.259487e-02,1.496866e-01,4.481223e-03,2.611307e-03,2.475756e-01,2.427283e-02
2.074498e-02,5.770550e-03,3.065145e-03,5.534340e-03,1.970315e-03,6.593572e-03,2.085368e-04,1.910030e-03,3.735091e-01,1.240951e-02,1.771392e-01,5.557088e-03,4.142358e-03,3.612943e-01,2.015095e-02
1.514840e-02,4.350599e-03,2.447072e-03,4.402130e-03,2.817354e-03,5.555483e-03,2.576944e-04,1.420539e-03,2.975688e-01,1.433166e-02,1.676853e-01,5.539667e-03,6.233386e-03,4.541642e-01,1.807774e-02
1.197270e-02,3.647339e-03,2.545544e-03,3.631202e-03,3.687005e-03,4.248529e-03,2.721316e-04,1.098842e-03,2.605445e-01,1.254883e-02,1.381483e-01,4.655621e-03,5.266567e-03,5.317384e-01,1.599451e-02
4.168816e-02,4.150828e-03,2.335506e-03,4.274184e-03,3.541320e-03,5.040306e-03,2.768661e-04,9.532449e-04,2.725992e-01,1.041978e-02,1.317175e-01,4.159393e-03,5.469927e-03,4.958737e-01,1.749997e-02
3.568685e-02,4.874622e-03,2.292352e-03,3.469008e-03,2.809449e-03,3.973057e-03,2.238418e-04,7.128125e-04,2.593336e-01,8.191496e-03,1.116263e-01,3.448235e-03,4.830869e-03,5.397285e-01,1.879891e-02
2.692741e-02,7.042692e-03,2.190279e-03,3.188593e-03,2.360452e-03,3.633580e-03,1.810415e-04,5.429921e-04,3.244962e-01,7.177753e-03,9.838992e-02,2.898652e-03,4.096066e-03,4.908257e-01,2.604873e-02
1.972297e-02,1.123381e-02,1.962497e-03,2.507289e-03,1.850785e-03,5.029603e-03,1.367366e-04,4.026274e-04,3.411011e-01,6.949165e-03,7.992953e-02,2.191730e-03,3.142407e-03,4.849924e-01,3.884732e-02
1.424617e-02,1.183795e-02,1.812971e-03,1.927459e-03,1.640337e-03,4.937905e-03,1.016103e-04,3.127430e-04,3.581631e-01,8.445567e-03,7.245488e-02,1.647884e-03,2.708092e-03,4.621436e-01,5.761971e-02
1.005750e-02,1.054127e-02,1.582606e-03,1.409200e-03,1.218394e-03,3.716124e-03,7.200533e-05,2.217156e-04,3.118392e-01,6.130246e-03,5.309786e-02,1.203029e-03,1.975427e-03,5.489522e-01,4.798317e-02
7.234429e-03,1.436832e-02,3.082180e-03,1.051655e-03,9.388456e-04,3.708123e-03,5.555559e-05,1.815211e-04,2.785292e-01,4.549898e-03,3.853316e-02,8.831917e-04,1.439907e-03,6.065385e-01,3.890550e-02
7.396958e-03,1.220903e-02,4.898010e-02,3.735865e-03,1.529588e-03,1.038863e-02,1.037862e-04,2.645675e-03,2.858476e-01,3.761022e-03,2.943049e-02,6.589416e-04,1.216407e-03,5.625230e-01,2.957291e-02
7.969938e-03,9.185578e-03,3.980281e-02,3.132554e-03,2.012715e-03,9.091651e-03,1.041510e-04,2.141112e-03,3.142335e-01,3.003943e-03,2.102338e-02,4.766924e-04,8.775794e-04,5.642127e-01,2.273175e-02
2.034175e-02,8.114764e-03,1.231274e-01,4.111242e-02,8.864513e-03,1.006767e-02,2.748598e-04,2.632067e-03,2.846107e-01,2.923902e-03,1.658989e-02,4.457578e-04,9.083243e-04,4.630538e-01,1.693209e-02
2.798315e-02,6.456248e-03,1.715961e-01,4.733220e-02,8.325261e-03,1.402742e-02,3.419139e-04,2.254139e-03,2.987170e-01,2.384038e-03,1.390248e-02,4.722699e-04,8.037791e-04,3.911453e-01,1.425871e-02
3.352685e-02,4.860672e-03,1.641586e-01,3.985911e-02,7.607967e-03,1.428125e-02,2.752360e-04,1.967358e-03,3.765277e-01,2.154056e-03,1.156695e-02,4.571117e-04,6.666562e-04,3.299263e-01,1.216432e-02
4.133387e-02,3.786625e-03,1.549518e-01,4.026479e-02,8.031425e-03,1.280029e-02,2.384952e-04,1.848891e-03,4.414775e-01,1.818168e-03,1.072397e-02,4.955889e-04,6.258359e-04,2.721774e-01,9.425369e-03
4.884954e-02,3.153128e-03,1.393663e-01,4.091240e-02,7.762372e-03,1.115344e-02,2.132067e-04,1.720458e-03,4.968187e-01,1.783591e-03,1.191448e-02,5.759562e-04,6.008712e-04,2.270507e-01,8.124826e-03
5.118734e-02,2.804702e-03,2.084603e-01,5.503348e-02,6.343813e-03,1.056283e-02,1.848880e-04,1.863985e-03,4.642630e-01,2.175166e-03,1.190683e-02,5.390604e-04,4.871912e-04,1.720939e-01,1.209339e-02
7.251069e-02,2.860125e-03,2.372011e-01,5.750055e-02,6.295823e-03,1.046897e-02,3.026678e-04,2.435556e-03,4.391070e-01,2.614497e-03,1.360223e-02,5.874248e-04,4.906103e-04,1.429589e-01,1.106384e-02
9.110405e-02,2.977077e-03,2.435436e-01,7.634924e-02,6.504607e-03,9.109498e-03,4.100404e-04,3.607182e-03,4.240316e-01,2.654669e-03,1.395702e-02,6.257464e-04,4.860524e-04,1.151191e-01,9.520541e-03
1.330043e-01,6.317765e-03,2.623080e-01,8.089866e-02,6.612289e-03,1.303357e-02,5.862304e-04,3.585371e-03,3.602679e-01,5.072333e-03,1.452475e-02,6.907076e-04,5.638393e-04,9.610453e-02,1.642973e-02
1.960677e-01,9.173539e-03,2.309260e-01,7.866867e-02,8.291439e-03,1.600660e-02,8.508886e-04,4.981184e-03,3.196342e-01,5.376734e-03,1.573073e-02,9.165885e-04,7.221494e-04,9.617444e-02,1.647915e-02
2.266950e-01,1.486536e-02,1.992310e-01,6.249639e-02,1.005211e-02,3.001282e-02,9.772159e-04,6.313846e-03,3.193722e-01,5.657102e-03,1.515397e-02,1.158067e-03,8.814915e-04,8.967729e-02,1.745613e-02
3.348666e-01,1.315876e-02,1.537500e-01,4.593888e-02,1.022591e-02,2.586362e-02,1.112284e-03,6.266220e-03,2.727010e-01,5.291442e-03,1.801012e-02,1.366714e-03,1.084480e-03,9.501208e-02,1.535188e-02
4.039196e-01,1.111624e-02,1.156558e-01,3.372660e-02,1.047427e-02,2.166794e-02,1.190637e-03,6.509145e-03,2.736123e-01,4.415844e-03,1.808345e-02,1.311937e-03,1.141332e-03,8.517007e-02,1.200488e-02
4.320148e-01,9.454513e-03,9.058054e-02,2.478686e-02,9.172641e-03,2.227909e-02,1.155700e-03,5.827209e-03,2.683842e-01,3.801205e-03,2.135024e-02,1.634153e-03,1.287778e-03,9.780711e-02,1.046392e-02
4.679163e-01,8.007957e-03,7.077701e-02,1.885070e-02,8.124875e-03,2.117423e-02,1.126722e-03,4.881835e-03,2.725607e-01,3.550980e-03,1.904502e-02,2.279302e-03,1.327581e-03,9.129713e-02,9.079695e-03
1.000000e+00,0.000000e+00,0.000000e+00,0.000000e+00,0.000000e+00,0.000000e+00,0.000000e+00,0.000000e+00,0.000000e+00,0.000000e+00,0.000000e+00,0.000000e+00,0.000000e+00,0.000000e+00,0.000000e+00
1.000000e+00,0.000000e+00,0.000000e+00,0.000000e+00,0.000000e+00,0.000000e+00,0.000000e+00,0.000000e+00,0.000000e+00,0.000000e+00,0.000000e+00,0.000000e+00,0.000000e+00,0.000000e+00,0.000000e+00
1.000000e+00,0.000000e+00,0.000000e+00,0.000000e+00,0.000000e+00,0.000000e+00,0.000000e+00,0.000000e+00,0.000000e+00,0.000000e+00,0.000000e+00,0.000000e+00,0.000000e+00,0.000000e+00,0.000000e+00
4.386628e-01,1.039083e-02,1.072711e-01,4.421955e-02,4.589606e-03,1.216649e-02,1.835811e-03,4.110311e-03,1.160885e-01,7.231379e-03,9.610619e-03,9.251646e-03,6.109098e-03,5.293541e-02,1.755268e-01
3.562569e-01,1.004167e-02,1.050467e-01,3.260059e-02,3.551648e-03,1.140026e-02,1.409752e-03,3.270484e-03,8.619702e-02,6.150809e-03,7.431628e-03,7.045064e-03,4.976699e-03,1.140738e-01,2.505471e-01
3.043010e-01,1.159724e-02,9.003456e-02,2.755534e-02,3.247531e-03,1.206246e-02,1.129158e-03,2.674794e-03,7.160457e-02,6.129339e-03,6.749514e-03,6.377357e-03,4.608252e-03,1.774907e-01,2.744382e-01
2.281514e-01,9.729919e-03,6.547551e-02,2.051882e-02,2.563121e-03,9.797977e-03,8.319647e-04,1.937461e-03,6.489433e-02,1.201883e-02,6.318260e-03,4.849094e-03,3.787033e-03,3.435878e-01,2.255386e-01
2.038690e-01,8.916225e-03,4.737675e-02,1.535026e-02,3.522919e-03,8.659858e-03,7.101914e-04,1.517887e-03,9.869526e-02,2.352284e-02,2.516904e-02,4.347898e-03,9.001591e-03,3.789779e-01,1.703624e-01
2.061817e-01,1.331758e-02,3.670726e-02,1.795666e-02,5.389396e-03,1.137945e-02,8.993859e-04,1.392426e-03,1.015829e-01,2.086546e-02,2.254332e-02,3.740337e-03,8.074922e-03,4.102444e-01,1.397247e-01
1.580419e-01,1.517608e-02,2.911591e-02,1.377719e-02,5.302342e-03,1.107940e-02,8.763277e-04,1.070113e-03,7.953379e-02,1.801855e-02,1.788239e-02,2.762203e-03,6.307949e-03,5.287336e-01,1.123223e-01
1.132377e-01,1.116006e-02,2.368418e-02,1.013726e-02,4.105767e-03,8.103465e-03,7.300942e-04,7.934259e-04,7.170591e-02,4.890797e-02,1.497385e-02,2.040603e-03,4.637678e-03,5.861757e-01,9.960631e-02
8.185653e-02,8.140652e-03,2.030556e-02,7.375090e-03,3.350278e-03,5.921763e-03,6.592614e-04,7.161259e-04,6.062981e-02,1.385207e-01,1.578900e-02,2.108335e-03,4.379108e-03,5.499483e-01,1.002995e-01
7.151523e-02,6.047451e-03,1.513847e-02,7.118786e-03,8.737347e-03,5.070765e-03,6.959463e-04,9.567824e-04,5.818468e-02,2.769493e-01,2.112716e-02,3.298054e-03,7.763468e-03,4.267840e-01,9.061252e-02
5.319146e-02,4.747198e-03,1.081803e-02,6.268383e-03,5.764206e-02,7.242283e-03,9.404224e-04,7.822315e-04,4.411174e-02,4.126807e-01,1.637081e-02,2.774596e-03,6.664186e-03,3.073907e-01,6.837524e-02
4.179242e-02,4.172898e-03,8.234011e-03,8.497149e-03,9.271049e-02,9.809159e-03,1.900865e-03,1.317589e-03,4.849849e-02,4.806249e-01,1.527528e-02,2.739017e-03,8.129435e-03,2.220616e-01,5.423662e-02
1.047725e-01,7.429054e-03,9.511079e-03,1.668058e-02,9.842892e-02,1.570132e-02,3.116042e-03,1.275645e-03,1.148616e-01,3.823264e-01,1.305215e-02,2.672338e-03,1.609137e-02,1.562598e-01,5.782114e-02
7.761944e-02,1.032171e-02,8.319046e-03,2.954661e-02,8.093938e-02,1.941774e-02,2.384432e-03,1.293894e-03,1.840552e-01,2.747363e-01,6.587525e-02,2.125033e-02,6.450658e-02,1.107441e-01,4.898992e-02
5.513988e-02,1.737814e-02,1.142686e-02,5.063561e-02,6.528582e-02,1.794065e-02,1.832437e-03,1.096807e-03,2.152545e-01,1.938966e-01,9.878391e-02,6.680143e-02,9.050380e-02,7.792362e-02,3.610000e-02
3.882134e-02,1.299399e-02,9.153575e-03,4.373902e-02,4.866062e-02,1.682340e-02,1.379111e-03,8.194576e-04,1.554127e-01,1.363932e-01,1.127891e-01,1.726121e-01,1.681152e-01,5.521248e-02,2.707465e-02
2.740541e-02,9.750233e-03,7.295796e-03,3.794251e-02,3.576396e-02,1.649856e-02,1.170584e-03,6.693659e-04,1.120543e-01,9.584795e-02,1.115793e-01,2.340262e-01,2.511278e-01,3.904108e-02,1.982693e-02
1.931165e-02,7.117835e-03,5.778563e-03,2.701579e-02,2.624317e-02,1.409741e-02,1.040864e-03,5.163441e-04,8.102620e-02,6.774338e-02,1.121536e-01,3.742651e-01,2.213318e-01,2.799269e-02,1.436563e-02
1.362449e-02,5.042758e-03,4.117648e-03,1.903762e-02,1.877239e-02,1.271572e-02,7.953888e-04,4.149024e-04,5.831134e-02,4.777443e-02,8.770292e-02,5.099155e-01,1.905333e-01,2.084750e-02,1.039407e-02
9.666487e-03,3.641028e-03,2.933831e-03,1.338715e-02,1.374134e-02,1.050326e-02,6.146251e-04,4.201561e-04,4.403514e-02,3.384214e-02,7.465094e-02,5.626162e-01,2.071527e-01,1.498475e-02,7.810227e-03
6.868928e-03,2.629841e-03,2.097172e-03,9.417325e-03,1.038565e-02,8.493204e-03,5.284005e-04,3.836429e-04,3.407476e-02,2.489806e-02,5.909156e-02,6.514324e-01,1.729604e-01,1.111788e-02,5.620897e-03
4.890693e-03,1.902103e-03,1.486324e-03,6.614478e-03,7.795576e-03,6.562209e-03,4.106795e-04,3.128716e-04,3.152488e-02,1.844926e-02,4.592918e-02,7.239777e-01,1.381151e-01,7.978079e-03,4.050856e-03
3.530586e-03,1.373224e-03,1.055280e-03,4.639242e-03,5.676465e-03,5.235539e-03,3.167394e-04,2.644527e-04,2.622179e-02,1.382426e-02,3.464434e-02,7.933088e-01,1.012836e-01,5.760940e-03,2.864835e-03
2.527588e-03,9.968102e-04,7.510454e-04,3.252677e-03,4.544919e-03,3.909906e-03,2.488467e-04,2.103930e-04,2.715700e-02,1.047357e-02,2.655554e-02,8.398232e-01,7.345227e-02,4.081194e-03,2.015085e-03
1.861814e-03,7.413567e-04,5.401530e-04,2.282520e-03,3.708482e-03,3.010502e-03,2.095579e-04,1.723273e-04,2.644450e-02,9.162406e-03,2.201090e-02,8.714298e-01,5.405489e-02,2.950479e-03,1.420375e-03
1.404138e-03,5.445917e-04,3.886859e-04,1.602312e-03,3.218185e-03,2.209683e-03,1.525317e-04,1.547221e-04,2.107656e-02,8.719200e-03,2.019578e-02,8.974770e-01,3.975184e-02,2.106127e-03,9.987277e-04
1.080629e-03,4.616022e-04,2.887112e-04,1.125703e-03,2.723020e-03,1.635602e-03,1.099279e-04,1.273506e-04,1.842132e-02,1.069695e-02,2.070069e-02,9.115343e-01,2.888511e-02,1.504646e-03,7.044025e-04
