1.000000e+00,0.000000e+00,0.000000e+00,0.000000e+00,0.000000e+00,0.000000e+00,0.000000e+00,0.000000e+00,0.000000e+00,0.000000e+00,0.000000e+00,0.000000e+00,0.000000e+00,0.000000e+00,0.000000e+00
1.000000e+00,0.000000e+00,0.000000e+00,0.000000e+00,0.000000e+00,0.000000e+00,0.000000e+00,0.000000e+00,0.000000e+00,0.000000e+00,0.000000e+00,0.000000e+00,0.000000e+00,0.000000e+00,0.000000e+00
1.000000e+00,0.000000e+00,0.000000e+00,0.000000e+00,0.000000e+00,0.000000e+00,0.000000e+00,0.000000e+00,0.000000e+00,0.000000e+00,0.000000e+00,0.000000e+00,0.000000e+00,0.000000e+00,0.000000e+00
1.000000e+00,0.000000e+00,0.000000e+00,0.000000e+00,0.000000e+00,0.000000e+00,0.000000e+00,0.000000e+00,0.000000e+00,0.000000e+00,0.000000e+00,0.000000e+00,0.000000e+00,0.000000e+00,0.000000e+00
1.000000e+00,0.000000e+00,0.000000e+00,0.000000e+00,0.000000e+00,0.000000e+00,0.000000e+00,0.000000e+00,0.000000e+00,0.000000e+00,0.000000e+00,0.000000e+00,0.000000e+00,0.000000e+00,0.000000e+00
1.000000e+00,0.000000e+00,0.000000e+00,0.000000e+00,0.000000e+00,0.000000e+00,0.000000e+00,0.000000e+00,0.000000e+00,0.000000e+00,0.000000e+00,0.000000e+00,0.000000e+00,0.000000e+00,0.000000e+00
1.000000e+00,0.000000e+00,0.000000e+00,0.000000e+00,0.000000e+00,0.000000e+00,0.000000e+00,0.000000e+00,0.000000e+00,0.000000e+00,0.000000e+00,0.000000e+00,0.000000e+00,0.000000e+00,0.000000e+00
1.000000e+00,0.000000e+00,0.000000e+00,0.000000e+00,0.000000e+00,0.000000e+00,0.000000e+00,0.000000e+00,0.000000e+00,0.000000e+00,0.000000e+00,0.000000e+00,0.000000e+00,0.000000e+00,0.000000e+00
1.000000e+00,0.000000e+00,0.000000e+00,0.000000e+00,0.000000e+00,0.000000e+00,0.000000e+00,0.000000e+00,0.000000e+00,0.000000e+00,0.000000e+00,0.000000e+00,0.000000e+00,0.000000e+00,0.000000e+00
1.000000e+00,0.000000e+00,0.000000e+00,0.000000e+00,0.000000e+00,0.000000e+00,0.000000e+00,0.000000e+00,0.000000e+00,0.000000e+00,0.000000e+00,0.000000e+00,0.000000e+00,0.000000e+00,0.000000e+00
1.000000e+00,0.000000e+00,0.000000e+00,0.000000e+00,0.000000e+00,0.000000e+00,0.000000e+00,0.000000e+00,0.000000e+00,0.000000e+00,0.000000e+00,0.000000e+00,0.000000e+00,0.000000e+00,0.000000e+00
1.000000e+00,0.000000e+00,0.000000e+00,0.000000e+00,0.000000e+00,0.000000e+00,0.000000e+00,0.000000e+00,0.000000e+00,0.000000e+00,0.000000e+00,0.000000e+00,0.000000e+00,0.000000e+00,0.000000e+00
1.000000e+00,0.000000e+00,0.000000e+00,0.000000e+00,0.000000e+00,0.000000e+00,0.000000e+00,0.000000e+00,0.000000e+00,0.000000e+00,0.000000e+00,0.000000e+00,0.000000e+00,0.000000e+00,0.000000e+00
1.000000e+00,0.000000e+00,0.000000e+00,0.000000e+00,0.000000e+00,0.000000e+00,0.000000e+00,0.000000e+00,0.000000e+00,0.000000e+00,0.000000e+00,0.000000e+00,0.000000e+00,0.000000e+00,0.000000e+00
1.000000e+00,0.000000e+00,0.000000e+00,0.000000e+00,0.000000e+00,0.000000e+00,0.000000e+00,0.000000e+00,0.000000e+00,0.000000e+00,0.000000e+00,0.000000e+00,0.000000e+00,0.000000e+00,0.000000e+00
1.000000e+00,0.000000e+00,0.000000e+00,0.000000e+00,0.000000e+00,0.000000e+00,0.000000e+00,0.000000e+00,0.000000e+00,0.000000e+00,0.000000e+00,0.000000e+00,0.000000e+00,0.000000e+00,0.000000e+00
1.000000e+00,0.000000e+00,0.000000e+00,0.000000e+00,0.000000e+00,0.000000e+00,0.000000e+00,0.000000e+00,0.000000e+00,0.000000e+00,0.000000e+00,0.000000e+00,0.000000e+00,0.000000e+00,0.000000e+00
1.000000e+00,0.000000e+00,0.000000e+00,0.000000e+00,0.000000e+00,0.000000e+00,0.000000e+00,0.000000e+00,0.000000e+00,0.000000e+00,0.000000e+00,0.000000e+00,0.000000e+00,0.000000e+00,0.000000e+00
1.000000e+00,0.000000e+00,0.000000e+00,0.000000e+00,0.000000e+00,0.000000e+00,0.000000e+00,0.000000e+00,0.000000e+00,0.000000e+00,0.000000e+00,0.000000e+00,0.000000e+00,0.000000e+00,0.000000e+00
1.000000e+00,0.000000e+00,0.000000e+00,0.000000e+00,0.000000e+00,0.000000e+00,0.000000e+00,0.000000e+00,0.000000e+00,0.000000e+00,0.000000e+00,0.000000e+00,0.000000e+00,0.000000e+00,0.000000e+00
1.000000e+00,0.000000e+00,0.000000e+00,0.000000e+00,0.000000e+00,0.000000e+00,0.000000e+00,0.000000e+00,0.000000e+00,0.000000e+00,0.000000e+00,0.000000e+00,0.000000e+00,0.000000e+00,0.000000e+00
1.000000e+00,0.000000e+00,0.000000e+00,0.000000e+00,0.000000e+00,0.000000e+00,0.000000e+00,0.000000e+00,0.000000e+00,0.000000e+00,0.000000e+00,0.000000e+00,0.000000e+00,0.000000e+00,0.000000e+00
1.000000e+00,0.000000e+00,0.000000e+00,0.000000e+00,0.000000e+00,0.000000e+00,0.000000e+00,0.000000e+00,0.000000e+00,0.000000e+00,0.000000e+00,0.000000e+00,0.000000e+00,0.000000e+00,0.000000e+00
1.000000e+00,0.000000e+00,0.000000e+00,0.000000e+00,0.000000e+00,0.000000e+00,0.000000e+00,0.000000e+00,0.000000e+00,0.000000e+00,0.000000e+00,0.000000e+00,0.000000e+00,0.000000e+00,0.000000e+00
1.000000e+00,0.000000e+00,0.000000e+00,0.000000e+00,0.000000e+00,0.000000e+00,0.000000e+00,0.000000e+00,0.000000e+00,0.000000e+00,0.000000e+00,0.000000e+00,0.000000e+00,0.000000e+00,0.000000e+00
1.000000e+00,0.000000e+00,0.000000e+00,0.000000e+00,0.000000e+00,0.000000e+00,0.000000e+00,0.000000e+00,0.000000e+00,0.000000e+00,0.000000e+00,0.000000e+00,0.000000e+00,0.000000e+00,0.000000e+00
1.000000e+00,0.000000e+00,0.000000e+00,0.000000e+00,0.000000e+00,0.000000e+00,0.000000e+00,0.000000e+00,0.000000e+00,0.000000e+00,0.000000e+00,0.000000e+00,0.000000e+00,0.000000e+00,0.000000e+00
1.000000e+00,0.000000e+00,0.000000e+00,0.000000e+00,0.000000e+00,0.000000e+00,0.000000e+00,0.000000e+00,0.000000e+00,0.000000e+00,0.000000e+00,0.000000e+00,0.000000e+00,0.000000e+00,0.000000e+00
1.000000e+00,0.000000e+00,0.000000e+00,0.000000e+00,0.000000e+00,0.000000e+00,0.000000e+00,0.000000e+00,0.000000e+00,0.000000e+00,0.000000e+00,0.000000e+00,0.000000e+00,0.000000e+00,0.000000e+00
1.000000e+00,0.000000e+00,0.000000e+00,0.000000e+00,0.000000e+00,0.000000e+00,0.000000e+00,0.000000e+00,0.000000e+00,0.000000e+00,0.000000e+00,0.000000e+00,0.000000e+00,0.000000e+00,0.000000e+00
1.000000e+00,0.000000e+00,0.000000e+00,0.000000e+00,0.000000e+00,0.000000e+00,0.000000e+00,0.000000e+00,0.000000e+00,0.000000e+00,0.000000e+00,0.000000e+00,0.000000e+00,0.000000e+00,0.000000e+00
1.000000e+00,0.000000e+00,0.000000e+00,0.000000e+00,0.000000e+00,0.000000e+00,0.000000e+00,0.000000e+00,0.000000e+00,0.000000e+00,0.000000e+00,0.000000e+00,0.000000e+00,0.000000e+00,0.000000e+00
1.000000e+00,0.000000e+00,0.000000e+00,0.000000e+00,0.000000e+00,0.000000e+00,0.000000e+00,0.000000e+00,0.000000e+00,0.000000e+00,0.000000e+00,0.000000e+00,0.000000e+00,0.000000e+00,0.000000e+00
1.000000e+00,0.000000e+00,0.000000e+00,0.000000e+00,0.000000e+00,0.000000e+00,0.000000e+00,0.000000e+00,0.000000e+00,0.000000e+00,0.000000e+00,0.000000e+00,0.000000e+00,0.000000e+00,0.000000e+00
1.000000e+00,0.000000e+00,0.000000e+00,0.000000e+00,0.000000e+00,0.000000e+00,0.000000e+00,0.000000e+00,0.000000e+00,0.000000e+00,0.000000e+00,0.000000e+00,0.000000e+00,0.000000e+00,0.000000e+00
1.000000e+00,0.000000e+00,0.000000e+00,0.000000e+00,0.000000e+00,0.000000e+00,0.000000e+00,0.000000e+00,0.000000e+00,0.000000e+00,0.000000e+00,0.000000e+00,0.000000e+00,0.000000e+00,0.000000e+00
1.000000e+00,0.000000e+00,0.000000e+00,0.000000e+00,0.000000e+00,0.000000e+00,0.000000e+00,0.000000e+00,0.000000e+00,0.000000e+00,0.000000e+00,0.000000e+00,0.000000e+00,0.000000e+00,0.000000e+00
1.000000e+00,0.000000e+00,0.000000e+00,0.000000e+00,0.000000e+00,0.000000e+00,0.000000e+00,0.000000e+00,0.000000e+00,0.000000e+00,0.000000e+00,0.000000e+00,0.000000e+00,0.000000e+00,0.000000e+00
1.000000e+00,0.000000e+00,0.000000e+00,0.000000e+00,0.000000e+00,0.000000e+00,0.000000e+00,0.000000e+00,0.000000e+00,0.000000e+00,0.000000e+00,0.000000e+00,0.000000e+00,0.000000e+00,0.000000e+00
1.000000e+00,0.000000e+00,0.000000e+00,0.000000e+00,0.000000e+00,0.000000e+00,0.000000e+00,0.000000e+00,0.000000e+00,0.000000e+00,0.000000e+00,0.000000e+00,0.000000e+00,0.000000e+00,0.000000e+00
1.000000e+00,0.000000e+00,0.000000e+00,0.000000e+00,0.000000e+00,0.000000e+00,0.000000e+00,0.000000e+00,0.000000e+00,0.000000e+00,0.000000e+00,0.000000e+00,0.000000e+00,0.000000e+00,0.000000e+00
1.000000e+00,0.000000e+00,0.000000e+00,0.000000e+00,0.000000e+00,0.000000e+00,0.000000e+00,0.000000e+00,0.000000e+00,0.000000e+00,0.000000e+00,0.000000e+00,0.000000e+00,0.000000e+00,0.000000e+00
1.000000e+00,0.000000e+00,0.000000e+00,0.000000e+00,0.000000e+00,0.000000e+00,0.000000e+00,0.000000e+00,0.000000e+00,0.000000e+00,0.000000e+00,0.000000e+00,0.000000e+00,0.000000e+00,0.000000e+00
1.000000e+00,0.000000e+00,0.000000e+00,0.000000e+00,0.000000e+00,0.000000e+00,0.000000e+00,0.000000e+00,0.000000e+00,0.000000e+00,0.000000e+00,0.000000e+00,0.000000e+00,0.000000e+00,0.000000e+00
1.000000e+00,0.000000e+00,0.000000e+00,0.000000e+00,0.000000e+00,0.000000e+00,0.000000e+00,0.000000e+00,0.000000e+00,0.000000e+00,0.000000e+00,0.000000e+00,0.000000e+00,0.000000e+00,0.000000e+00
1.000000e+00,0.000000e+00,0.000000e+00,0.000000e+00,0.000000e+00,0.000000e+00,0.000000e+00,0.000000e+00,0.000000e+00,0.000000e+00,0.000000e+00,0.000000e+00,0.000000e+00,0.000000e+00,0.000000e+00
1.000000e+00,0.000000e+00,0.000000e+00,0.000000e+00,0.000000e+00,0.000000e+00,0.000000e+00,0.000000e+00,0.000000e+00,0.000000e+00,0.000000e+00,0.000000e+00,0.000000e+00,0.000000e+00,0.000000e+00
1.000000e+00,0.000000e+00,0.000000e+00,0.000000e+00,0.000000e+00,0.000000e+00,0.000000e+00,0.000000e+00,0.000000e+00,0.000000e+00,0.000000e+00,0.000000e+00,0.000000e+00,0.000000e+00,0.000000e+00
1.000000e+00,0.000000e+00,0.000000e+00,0.000000e+00,0.000000e+00,0.000000e+00,0.000000e+00,0.000000e+00,0.000000e+00,0.000000e+00,0.000000e+00,0.000000e+00,0.000000e+00,0.000000e+00,0.000000e+00
1.000000e+00,0.000000e+00,0.000000e+00,0.000000e+00,0.000000e+00,0.000000e+00,0.000000e+00,0.000000e+00,0.000000e+00,0.000000e+00,0.000000e+00,0.000000e+00,0.000000e+00,0.000000e+00,0.000000e+00
1.000000e+00,0.000000e+00,0.000000e+00,0.000000e+00,0.000000e+00,0.000000e+00,0.000000e+00,0.000000e+00,0.000000e+00,0.000000e+00,0.000000e+00,0.000000e+00,0.000000e+00,0.000000e+00,0.000000e+00
1.000000e+00,0.000000e+00,0.000000e+00,0.000000e+00,0.000000e+00,0.000000e+00,0.000000e+00,0.000000e+00,0.000000e+00,0.000000e+00,0.000000e+00,0.000000e+00,0.000000e+00,0.000000e+00,0.000000e+00
1.000000e+00,0.000000e+00,0.000000e+00,0.000000e+00,0.000000e+00,0.000000e+00,0.000000e+00,0.000000e+00,0.000000e+00,0.000000e+00,0.000000e+00,0.000000e+00,0.000000e+00,0.000000e+00,0.000000e+00
1.000000e+00,0.000000e+00,0.000000e+00,0.000000e+00,0.000000e+00,0.000000e+00,0.000000e+00,0.000000e+00,0.000000e+00,0.000000e+00,0.000000e+00,0.000000e+00,0.000000e+00,0.000000e+00,0.000000e+00
1.000000e+00,0.000000e+00,0.000000e+00,0.000000e+00,0.000000e+00,0.000000e+00,0.000000e+00,0.000000e+00,0.000000e+00,0.000000e+00,0.000000e+00,0.000000e+00,0.000000e+00,0.000000e+00,0.000000e+00
1.000000e+00,0.000000e+00,0.000000e+00,0.000000e+00,0.000000e+00,0.000000e+00,0.000000e+00,0.000000e+00,0.000000e+00,0.000000e+00,0.000000e+00,0.000000e+00,0.000000e+00,0.000000e+00,0.000000e+00
1.000000e+00,0.000000e+00,0.000000e+00,0.000000e+00,0.000000e+00,0.000000e+00,0.000000e+00,0.000000e+00,0.000000e+00,0.000000e+00,0.000000e+00,0.000000e+00,0.000000e+00,0.000000e+00,0.000000e+00
4.611747e-01,1.865712e-01,1.796942e-02,1.537838e-01,4.986080e-03,1.132737e-02,2.581720e-03,7.401384e-03,7.400595e-03,1.574065e-03,8.609224e-02,1.338893e-02,2.438055e-02,6.543681e-03,1.482424e-02
3.820116e-01,1.690398e-01,1.462915e-02,1.240058e-01,4.252769e-03,1.047937e-02,1.892276e-03,6.936268e-03,9.541007e-03,1.935334e-03,1.893446e-01,1.017764e-02,2.821463e-02,3.018875e-02,1.735098e-02
2.941750e-01,1.339439e-01,1.558259e-02,9.696182e-02,1.117384e-02,2.342695e-02,1.444596e-03,1.132273e-02,4.886863e-02,2.516293e-03,2.325632e-01,8.365181e-03,3.015117e-02,5.572388e-02,3.378017e-02
2.154721e-01,9.679048e-02,1.241659e-02,7.334814e-02,1.740746e-02,2.393124e-02,1.172250e-03,1.077434e-02,9.067403e-02,7.494653e-03,2.915554e-01,7.632998e-03,2.550707e-02,9.804700e-02,2.777627e-02
1.628440e-01,7.445562e-02,1.166587e-02,6.145763e-02,2.609686e-02,2.471356e-02,1.079124e-03,9.567779e-03,1.122922e-01,1.865569e-02,2.826142e-01,7.210674e-03,2.232017e-02,1.603493e-01,2.467733e-02
1.174505e-01,5.734102e-02,9.031715e-03,4.474920e-02,1.961969e-02,2.022001e-02,7.921750e-04,6.849916e-03,1.265117e-01,5.127054e-02,2.233573e-01,5.827411e-03,1.685994e-02,2.778004e-01,2.231851e-02
8.739801e-02,4.528602e-02,6.713281e-03,3.197069e-02,1.550401e-02,1.628415e-02,6.240021e-04,5.202937e-03,1.406415e-01,9.087387e-02,1.784609e-01,4.794007e-03,1.324124e-02,3.399211e-01,2.308432e-02
6.372841e-02,4.837676e-02,6.289436e-03,2.643964e-02,1.182038e-02,1.469431e-02,6.134368e-04,4.204634e-03,2.504713e-01,8.162639e-02,1.313212e-01,4.688825e-03,1.016238e-02,3.222585e-01,2.330440e-02
4.510438e-02,4.775919e-02,1.901242e-02,4.818711e-02,8.944873e-03,1.151271e-02,4.742191e-04,3.092747e-03,3.016988e-01,1.190578e-01,9.855589e-02,5.085831e-03,1.063942e-02,2.357338e-01,4.514072e-02
3.206777e-02,3.992622e-02,2.306147e-02,3.929781e-02,6.612292e-03,8.578852e-03,3.792180e-04,2.199699e-03,2.496729e-01,2.355486e-01,7.670925e-02,5.246468e-03,9.310292e-03,1.844147e-01,8.697449e-02
2.578770e-02,4.527055e-02,3.315714e-02,4.736136e-02,6.031214e-03,7.295822e-03,4.318473e-04,1.984576e-03,2.670129e-01,2.113159e-01,8.419686e-02,5.540588e-03,1.148164e-02,1.713173e-01,8.181456e-02
2.384758e-02,5.108365e-02,2.713300e-02,5.328485e-02,5.056453e-03,1.045349e-02,4.476876e-04,1.953494e-03,2.597164e-01,2.197540e-01,9.081767e-02,6.509619e-03,2.321306e-02,1.275392e-01,9.918989e-02
3.083691e-02,5.566587e-02,2.196997e-02,5.747135e-02,6.002604e-03,1.471025e-02,1.158182e-03,5.358187e-03,2.916586e-01,1.688858e-01,1.041636e-01,1.368271e-02,3.496367e-02,1.114919e-01,8.198052e-02
5.572830e-02,4.924634e-02,1.686591e-02,6.029283e-02,5.887922e-03,1.469795e-02,1.194603e-03,5.274712e-03,2.542799e-01,2.343372e-01,9.427845e-02,1.647085e-02,3.441276e-02,8.948487e-02,6.754736e-02
9.404205e-02,4.621354e-02,1.596768e-02,7.870001e-02,8.699599e-03,1.837222e-02,1.132990e-03,4.914298e-03,2.321471e-01,2.020952e-01,1.087333e-01,1.907166e-02,3.796121e-02,7.243531e-02,5.951390e-02
1.167777e-01,7.367794e-02,2.657056e-02,7.776084e-02,1.381641e-02,2.070978e-02,1.367883e-03,6.310420e-03,2.182456e-01,1.854489e-01,9.695191e-02,1.741968e-02,3.602505e-02,6.074609e-02,4.817126e-02
1.591025e-01,7.325599e-02,4.609978e-02,7.818102e-02,1.528724e-02,2.300413e-02,2.615872e-03,3.303292e-02,1.732888e-01,1.511874e-01,9.020882e-02,2.270867e-02,4.159186e-02,5.095517e-02,3.947993e-02
1.403763e-01,8.154075e-02,5.419199e-02,6.246572e-02,1.491447e-02,2.515681e-02,2.486084e-03,4.944921e-02,1.662537e-01,2.049276e-01,7.677754e-02,1.763751e-02,3.125721e-02,4.047698e-02,3.208812e-02
1.134543e-01,1.473517e-01,6.512474e-02,5.689681e-02,1.366374e-02,2.357546e-02,2.256729e-03,6.989674e-02,1.440312e-01,1.910675e-01,6.642090e-02,1.492237e-02,2.476803e-02,3.330333e-02,3.326645e-02
9.188737e-02,1.661803e-01,5.906089e-02,4.405191e-02,1.721863e-02,1.965937e-02,2.203912e-03,1.016664e-01,1.361423e-01,2.017807e-01,5.619881e-02,1.207573e-02,2.667790e-02,3.063501e-02,3.456085e-02
9.018659e-02,1.616032e-01,7.420070e-02,3.863677e-02,2.864433e-02,2.854781e-02,2.930966e-03,1.063091e-01,1.268546e-01,1.794241e-01,4.412232e-02,1.931702e-02,4.056333e-02,2.407932e-02,3.457999e-02
8.787948e-02,1.445650e-01,6.691569e-02,3.155450e-02,3.825856e-02,2.745127e-02,4.342263e-03,9.435733e-02,1.322513e-01,1.955738e-01,3.831419e-02,2.770394e-02,6.108712e-02,1.876773e-02,3.097795e-02
1.063952e-01,1.257860e-01,5.313581e-02,2.393281e-02,4.161375e-02,2.435967e-02,5.955447e-03,8.077633e-02,1.136928e-01,2.603997e-01,3.558990e-02,2.739118e-02,5.401107e-02,1.713143e-02,2.982908e-02
1.496178e-01,9.850096e-02,4.601524e-02,1.924533e-02,4.343272e-02,4.323416e-02,7.916532e-03,6.937865e-02,9.108313e-02,2.775928e-01,3.098365e-02,3.060105e-02,5.081680e-02,1.608762e-02,2.549366e-02
1.776475e-01,7.705998e-02,3.798146e-02,1.532857e-02,6.504036e-02,5.669690e-02,1.007520e-02,6.576383e-02,9.003642e-02,2.569755e-01,2.944234e-02,3.252865e-02,5.219369e-02,1.341669e-02,1.981295e-02
1.714748e-01,6.241021e-02,4.051464e-02,1.367517e-02,8.044741e-02,1.149634e-01,8.968140e-03,5.651027e-02,8.377248e-02,2.038238e-01,2.645254e-02,4.516697e-02,6.326826e-02,1.016921e-02,1.838270e-02
1.538468e-01,4.598517e-02,4.163820e-02,1.262346e-02,7.839331e-02,2.215830e-01,7.646424e-03,5.264568e-02,6.299356e-02,1.513375e-01,2.108236e-02,3.975591e-02,8.467923e-02,7.794977e-03,1.799442e-02
1.393307e-01,4.461824e-02,8.403744e-02,6.007634e-02,8.513834e-02,1.703547e-01,6.812615e-03,4.038946e-02,7.022700e-02,1.081662e-01,1.988690e-02,5.391314e-02,9.108490e-02,5.878424e-03,2.008567e-02
2.211062e-01,3.344637e-02,7.725837e-02,6.081806e-02,7.458710e-02,1.301224e-01,6.479708e-03,6.454850e-02,5.697250e-02,7.877928e-02,3.155123e-02,5.157672e-02,8.669751e-02,5.079258e-03,2.097682e-02
3.012048e-01,2.644909e-02,6.202610e-02,4.998932e-02,7.682660e-02,1.013837e-01,6.641435e-03,8.210083e-02,4.770764e-02,5.659478e-02,3.104104e-02,5.172464e-02,7.946741e-02,5.784251e-03,2.105833e-02
2.410123e-01,2.364663e-02,4.681291e-02,5.262163e-02,5.649222e-02,7.960743e-02,5.621201e-03,5.970638e-02,5.043925e-02,4.645529e-02,5.164955e-02,1.460067e-01,1.000450e-01,9.524029e-03,3.035957e-02
2.039695e-01,3.249788e-02,3.540229e-02,4.471621e-02,4.163517e-02,6.163990e-02,4.347160e-03,4.268182e-02,6.585889e-02,4.270655e-02,7.641682e-02,1.927543e-01,1.094396e-01,1.652212e-02,2.941181e-02
1.587275e-01,3.154975e-02,3.700115e-02,5.478394e-02,3.707218e-02,4.710236e-02,3.286402e-03,3.326935e-02,9.646588e-02,3.701299e-02,7.695860e-02,2.213815e-01,1.196274e-01,2.058654e-02,2.517455e-02
2.062248e-01,5.059324e-02,3.265772e-02,4.272971e-02,3.182090e-02,3.605612e-02,2.847040e-03,2.553905e-02,1.049612e-01,3.190957e-02,1.147136e-01,1.778737e-01,9.254340e-02,2.973606e-02,1.979389e-02
2.633806e-01,4.765284e-02,3.121947e-02,5.022907e-02,2.763254e-02,3.219824e-02,2.591116e-03,2.324271e-02,1.044328e-01,2.602923e-02,9.984590e-02,1.817379e-01,6.799068e-02,2.478084e-02,1.703604e-02
2.803487e-01,4.815477e-02,3.369482e-02,8.296877e-02,2.424556e-02,2.880750e-02,2.701278e-03,2.935296e-02,9.558108e-02,2.038827e-02,8.176072e-02,1.862715e-01,5.040145e-02,1.983549e-02,1.548720e-02
2.807986e-01,5.365576e-02,3.736666e-02,8.273861e-02,2.227769e-02,2.318900e-02,2.478119e-03,3.450627e-02,9.355193e-02,1.574151e-02,9.869780e-02,1.771715e-01,3.962881e-02,2.309737e-02,1.510045e-02
3.146648e-01,4.842784e-02,3.068219e-02,6.771865e-02,3.732999e-02,2.316292e-02,2.405669e-03,3.241450e-02,8.140692e-02,1.365056e-02,1.123164e-01,1.325970e-01,3.312010e-02,4.724428e-02,2.285827e-02
3.084909e-01,7.607035e-02,2.652311e-02,5.583562e-02,3.940736e-02,2.017780e-02,2.196030e-03,3.330881e-02,8.629803e-02,1.203392e-02,1.108036e-01,9.883510e-02,2.829130e-02,7.033409e-02,3.139385e-02
2.484439e-01,1.241306e-01,6.593043e-02,5.825009e-02,4.566571e-02,1.636071e-02,1.969405e-03,3.865975e-02,1.037971e-01,1.170330e-02,9.052125e-02,7.259300e-02,2.426232e-02,6.821923e-02,2.949317e-02
1.953941e-01,1.486169e-01,5.512096e-02,4.494345e-02,4.259821e-02,1.520815e-02,1.688799e-03,4.096110e-02,1.829953e-01,1.101824e-02,8.181567e-02,5.294407e-02,1.795208e-02,7.551620e-02,3.322680e-02
1.564111e-01,2.011772e-01,5.941894e-02,8.642948e-02,4.987692e-02,1.272225e-02,1.891162e-03,3.805999e-02,1.758056e-01,9.636961e-03,6.396761e-02,3.869042e-02,1.360149e-02,6.019136e-02,3.211955e-02
1.688628e-01,2.776144e-01,7.887663e-02,7.244308e-02,4.153505e-02,1.044139e-02,1.695233e-03,3.035657e-02,1.385795e-01,1.154426e-02,4.876087e-02,2.878130e-02,1.087807e-02,5.217753e-02,2.745330e-02
1.511180e-01,3.176280e-01,6.297801e-02,5.706147e-02,5.012642e-02,1.287085e-02,1.660319e-03,2.404642e-02,1.542794e-01,1.810123e-02,3.758224e-02,2.136274e-02,8.832231e-03,4.973739e-02,3.261522e-02
1.347094e-01,3.573908e-01,5.847218e-02,4.384506e-02,5.676726e-02,1.208234e-02,1.357237e-03,1.816403e-02,1.365380e-01,2.255662e-02,2.929831e-02,1.553928e-02,6.979578e-03,6.571873e-02,4.058117e-02
1.818696e-01,3.007463e-01,5.720559e-02,5.183783e-02,5.312603e-02,1.319945e-02,1.655332e-03,1.615106e-02,1.096713e-01,4.748607e-02,2.714365e-02,1.872480e-02,8.181803e-03,5.666350e-02,5.633774e-02
2.057471e-01,2.539162e-01,6.299016e-02,4.284512e-02,5.315872e-02,1.203408e-02,1.642697e-03,1.315043e-02,9.151568e-02,8.734997e-02,2.277015e-02,1.520546e-02,7.883418e-03,5.244538e-02,7.734546e-02
2.966108e-01,1.893669e-01,6.159264e-02,3.737448e-02,5.235451e-02,1.266011e-02,1.727169e-03,1.019866e-02,7.072349e-02,1.070909e-01,2.053244e-02,1.455287e-02,7.811225e-03,4.516361e-02,7.224016e-02
3.576369e-01,1.500978e-01,5.790613e-02,3.602322e-02,6.195442e-02,1.344446e-02,2.842256e-03,1.304724e-02,6.000500e-02,8.861426e-02,2.097978e-02,1.499129e-02,9.002964e-03,3.902530e-02,7.442895e-02
4.367693e-01,1.405699e-01,5.021863e-02,2.736729e-02,5.029965e-02,1.197353e-02,2.537590e-03,1.059241e-02,4.853202e-02,7.392449e-02,1.954767e-02,1.499034e-02,8.457405e-03,3.285035e-02,7.136943e-02
3.719386e-01,1.692042e-01,7.089548e-02,8.904195e-02,3.724685e-02,1.002475e-02,2.471180e-03,1.016179e-02,4.635756e-02,5.460308e-02,1.530176e-02,1.460611e-02,7.615555e-03,2.495645e-02,7.557464e-02
3.125467e-01,1.477732e-01,1.502350e-01,1.265005e-01,2.788697e-02,8.416869e-03,1.867531e-03,8.360469e-03,4.137393e-02,4.448629e-02,1.292055e-02,1.247405e-02,5.978202e-03,2.028901e-02,7.889076e-02
3.351768e-01,1.165906e-01,1.522328e-01,9.953900e-02,2.229255e-02,1.243110e-02,1.573956e-03,7.304604e-03,3.625815e-02,4.663225e-02,1.642434e-02,1.251806e-02,5.734497e-03,3.761608e-02,9.767513e-02
2.611054e-01,9.088570e-02,1.668653e-01,1.150227e-01,1.673487e-02,9.651856e-03,1.283522e-03,5.331098e-03,3.960105e-02,3.813483e-02,1.351820e-02,1.031686e-02,5.608725e-03,3.075426e-02,1.951855e-01
1.854427e-01,6.722216e-02,2.009388e-01,2.580222e-01,1.231847e-02,6.938051e-03,1.014928e-03,3.788067e-03,3.061337e-02,2.892036e-02,1.051127e-02,7.675112e-03,4.233098e-03,2.194094e-02,1.604203e-01
1.324833e-01,4.916211e-02,2.802208e-01,2.474501e-01,8.855319e-03,5.130684e-03,7.718914e-04,2.705702e-03,3.152721e-02,2.243205e-02,8.613441e-03,5.590664e-03,3.859367e-03,1.602303e-02,1.851742e-01
1.012418e-01,3.989881e-02,2.503099e-01,2.296909e-01,6.692055e-03,4.549323e-03,7.893453e-04,2.016838e-03,3.771766e-02,2.006644e-02,1.852053e-02,4.429960e-03,1.220370e-02,1.461112e-02,2.572615e-01
9.162948e-02,5.101234e-02,1.810303e-01,1.949662e-01,5.522921e-03,5.135996e-03,1.019651e-03,1.594826e-03,6.383034e-02,3.092536e-02,4.098240e-02,4.080891e-03,1.780022e-02,2.707391e-02,2.833951e-01
6.727061e-02,9.079099e-02,1.676012e-01,1.521831e-01,3.946689e-03,3.772712e-03,7.535007e-04,1.143029e-03,9.178893e-02,2.465303e-02,2.907204e-02,3.515142e-03,1.339529e-02,2.633682e-02,3.237769e-01
5.189010e-02,8.625601e-02,1.378683e-01,1.093052e-01,2.820735e-03,2.889879e-03,5.495133e-04,8.744824e-04,8.646716e-02,2.231965e-02,2.240945e-02,4.954685e-03,1.112759e-02,3.887341e-02,4.213938e-01
4.961686e-02,1.108951e-01,9.967577e-02,7.721519e-02,2.095006e-03,2.370288e-03,4.113749e-04,7.328546e-04,7.445139e-02,2.306533e-02,1.735871e-02,6.246805e-03,9.961320e-03,1.287054e-01,3.971985e-01
4.876371e-02,1.381632e-01,7.356507e-02,5.502566e-02,3.292055e-03,5.601927e-03,4.136997e-04,6.621575e-04,2.224469e-01,1.935431e-02,1.578221e-02,6.311950e-03,1.197175e-02,9.529000e-02,3.033553e-01
3.766239e-02,2.145047e-01,5.689138e-02,5.558420e-02,2.959537e-03,6.590584e-03,3.394888e-04,5.430046e-04,2.298898e-01,1.509584e-02,1.200981e-02,4.991273e-03,8.857964e-03,6.803849e-02,2.860415e-01
2.722446e-02,2.388330e-01,4.392523e-02,5.819909e-02,2.631633e-03,7.303663e-03,2.507188e-04,4.166276e-04,3.348284e-01,1.094585e-02,9.418394e-03,3.827495e-03,6.854708e-03,4.792298e-02,2.074177e-01
2.240236e-02,2.088172e-01,3.519573e-02,4.335496e-02,9.571056e-03,9.756453e-03,2.968974e-04,3.743086e-04,3.981029e-01,9.305903e-03,1.220898e-02,2.946929e-03,6.530142e-03,3.549080e-02,2.056454e-01
3.481455e-02,1.611487e-01,2.705014e-02,4.258915e-02,3.645326e-02,5.978519e-02,2.146578e-03,2.222226e-03,4.137570e-01,9.501459e-03,1.432559e-02,2.646119e-03,7.609353e-03,2.911408e-02,1.568366e-01
4.738526e-02,1.293878e-01,5.550388e-02,9.783691e-02,5.191368e-02,6.357441e-02,2.411019e-03,6.079498e-03,3.498729e-01,1.421880e-02,2.087452e-02,2.759235e-03,9.052731e-03,2.373476e-02,1.253946e-01
5.846425e-02,1.078695e-01,5.425154e-02,7.464164e-02,5.340280e-02,5.161979e-02,2.014562e-03,8.205771e-03,2.877693e-01,4.091700e-02,1.571987e-02,2.343412e-03,8.659638e-03,1.816960e-02,2.159514e-01
4.712575e-02,8.871676e-02,1.740979e-01,7.423180e-02,4.295343e-02,4.380460e-02,1.907645e-03,7.007470e-03,2.192305e-01,4.519322e-02,1.152673e-02,2.015910e-03,7.473844e-03,1.308722e-02,2.216273e-01
3.343682e-02,6.819881e-02,3.219447e-01,1.033335e-01,3.072152e-02,3.176895e-02,1.372920e-03,5.022401e-03,1.588478e-01,4.131445e-02,8.688114e-03,1.676429e-03,5.630113e-03,9.213906e-03,1.788296e-01
3.329798e-02,5.261735e-02,3.761683e-01,8.980101e-02,2.409395e-02,2.324191e-02,1.120880e-03,4.071467e-03,1.238642e-01,4.776479e-02,8.302995e-03,1.392892e-03,4.297537e-03,7.185492e-03,2.027793e-01
2.703163e-02,3.887273e-02,4.608461e-01,9.422800e-02,1.793307e-02,1.644520e-02,8.829398e-04,3.676582e-03,9.897294e-02,5.435868e-02,6.774208e-03,1.050645e-03,3.237871e-03,5.244646e-03,1.704448e-01
4.451025e-02,3.288160e-02,4.195104e-01,8.328553e-02,1.466932e-02,1.198473e-02,7.336492e-04,5.796317e-03,8.934040e-02,7.477659e-02,7.160572e-03,8.947197e-04,2.736425e-03,4.435447e-03,2.072840e-01
4.722539e-02,3.369750e-02,4.231243e-01,6.910825e-02,1.190377e-02,9.475821e-03,7.432994e-04,8.837106e-03,7.558066e-02,1.264532e-01,6.003398e-03,6.927693e-04,2.024157e-03,4.326402e-03,1.808040e-01
5.645904e-02,2.915095e-02,4.328913e-01,6.230289e-02,9.945696e-03,7.579848e-03,7.674067e-04,3.424743e-02,6.371500e-02,1.384416e-01,5.605301e-03,6.122006e-04,1.619537e-03,4.156438e-03,1.525053e-01
6.254456e-02,2.753356e-02,3.551753e-01,5.834887e-02,1.024892e-02,9.065256e-03,9.445868e-04,1.086632e-01,5.661887e-02,1.509752e-01,5.083547e-03,5.173176e-04,1.562363e-03,5.946944e-03,1.467716e-01
6.425544e-02,2.281880e-02,3.313867e-01,5.055144e-02,1.029836e-02,8.618010e-03,1.023822e-03,2.096834e-01,4.916477e-02,1.268898e-01,4.144453e-03,4.282933e-04,1.450241e-03,4.957377e-03,1.143291e-01
7.087068e-02,2.185526e-02,2.999795e-01,4.051448e-02,9.594991e-03,7.314905e-03,1.099766e-03,2.719503e-01,4.763348e-02,1.086943e-01,3.389931e-03,4.636396e-04,1.305453e-03,5.547184e-03,1.097861e-01
8.872085e-02,2.617925e-02,2.476836e-01,3.224175e-02,8.300368e-03,5.735579e-03,1.120250e-03,3.736121e-01,4.137429e-02,7.883848e-02,2.854328e-03,5.710422e-04,1.075358e-03,5.247836e-03,8.644488e-02
1.158797e-01,3.399409e-02,2.151824e-01,2.520559e-02,6.627464e-03,5.809890e-03,1.342138e-03,4.215481e-01,3.514976e-02,5.741818e-02,2.528397e-03,9.883426e-04,1.065603e-03,4.848481e-03,7.241185e-02
1.788463e-01,5.785532e-02,1.663046e-01,2.038420e-02,5.477841e-03,5.695518e-03,1.657879e-03,4.228701e-01,2.829495e-02,4.122890e-02,2.540766e-03,1.865822e-03,1.364777e-03,4.408022e-03,6.120491e-02
2.136084e-01,4.940559e-02,1.293503e-01,1.652434e-02,4.861065e-03,5.667747e-03,1.845573e-03,4.692109e-01,2.238407e-02,2.961871e-02,2.417335e-03,2.511331e-03,1.461995e-03,3.637693e-03,4.749487e-02
2.981277e-01,3.863677e-02,9.334712e-02,1.388074e-02,4.521409e-03,6.199192e-03,2.149500e-03,4.503499e-01,1.822144e-02,2.153411e-02,3.228205e-03,5.339124e-03,1.986971e-03,3.688774e-03,3.878899e-02
3.218354e-01,2.885944e-02,6.863935e-02,1.384409e-02,4.125617e-03,5.927151e-03,2.096625e-03,4.795191e-01,1.419322e-02,1.566936e-02,3.356255e-03,6.917667e-03,2.210313e-03,2.992107e-03,2.981434e-02
3.206463e-01,2.883558e-02,5.170188e-02,4.018060e-02,4.696280e-03,1.206318e-02,1.977363e-03,4.110286e-01,2.761594e-02,1.475365e-02,2.047125e-02,1.654585e-02,7.560822e-03,4.578842e-03,3.734381e-02
2.352135e-01,2.488939e-02,3.859474e-02,2.571194e-01,5.577402e-03,8.917005e-03,1.560420e-03,2.921282e-01,4.277772e-02,1.171387e-02,2.785900e-02,1.437744e-02,8.115712e-03,3.474872e-03,2.768132e-02
2.251387e-01,1.958047e-02,4.040504e-02,3.092779e-01,5.753458e-03,7.793181e-03,1.922570e-03,2.429220e-01,5.237355e-02,1.706004e-02,3.058454e-02,1.390581e-02,8.190611e-03,2.809633e-03,2.228255e-02
2.192149e-01,1.559553e-02,4.598420e-02,2.766126e-01,8.783487e-03,8.275284e-03,2.818112e-03,2.861550e-01,4.291920e-02,1.692463e-02,3.324208e-02,1.331485e-02,9.256777e-03,2.890435e-03,1.801291e-02
2.208376e-01,1.700506e-02,5.026150e-02,2.835625e-01,1.149744e-02,8.762711e-03,2.631519e-03,2.296353e-01,5.059516e-02,2.010807e-02,5.327778e-02,1.398027e-02,1.555826e-02,4.360436e-03,1.792641e-02
2.471251e-01,1.646494e-02,3.962300e-02,2.205934e-01,1.123159e-02,9.739169e-03,3.155314e-03,2.356507e-01,5.126998e-02,2.759946e-02,7.261066e-02,1.636055e-02,1.863440e-02,6.746417e-03,2.319533e-02
3.028843e-01,1.550771e-02,3.230923e-02,1.685959e-01,1.074032e-02,1.029297e-02,3.061160e-03,1.979846e-01,6.529550e-02,2.857727e-02,8.183809e-02,2.087650e-02,2.203023e-02,1.282716e-02,2.717902e-02
3.817458e-01,1.300683e-02,2.582862e-02,1.311875e-01,1.055725e-02,9.941711e-03,2.883220e-03,1.669149e-01,5.351026e-02,2.378567e-02,8.335263e-02,2.203845e-02,2.416798e-02,1.653410e-02,3.454513e-02
4.688445e-01,1.245628e-02,1.942091e-02,1.083491e-01,8.971784e-03,1.127492e-02,2.511256e-03,1.219456e-01,5.761687e-02,2.176655e-02,6.823038e-02,2.124050e-02,2.632865e-02,1.551233e-02,3.553040e-02
4.247836e-01,2.097009e-02,5.099963e-02,1.025407e-01,1.236483e-02,1.256448e-02,3.875373e-03,9.939960e-02,6.309164e-02,1.935769e-02,5.878009e-02,1.937009e-02,2.871737e-02,2.360460e-02,5.958017e-02
4.312394e-01,3.271233e-02,6.726094e-02,9.024419e-02,1.208200e-02,1.571758e-02,3.689294e-03,7.492412e-02,7.364192e-02,1.946688e-02,4.918995e-02,1.870698e-02,2.940341e-02,2.700654e-02,5.471449e-02
4.589416e-01,3.400509e-02,6.265208e-02,8.056903e-02,1.052205e-02,1.656088e-02,3.692811e-03,5.527870e-02,6.102728e-02,1.716644e-02,5.011300e-02,2.003319e-02,2.754491e-02,3.530703e-02,6.658592e-02
4.412555e-01,3.379028e-02,7.998930e-02,9.041091e-02,1.239950e-02,1.642520e-02,3.960139e-03,4.433764e-02,5.675954e-02,1.720840e-02,4.654648e-02,1.893201e-02,2.619596e-02,3.489934e-02,7.688989e-02
4.867578e-01,4.005480e-02,7.496997e-02,7.915919e-02,1.542022e-02,1.718972e-02,3.446604e-03,3.269821e-02,4.957241e-02,1.588860e-02,3.768921e-02,1.763077e-02,2.135320e-02,3.440779e-02,7.376154e-02
3.553752e-01,4.172973e-02,2.373772e-01,9.463571e-02,1.577962e-02,1.361730e-02,2.891233e-03,2.511428e-02,4.717639e-02,1.251850e-02,2.721426e-02,1.296903e-02,1.596143e-02,2.506980e-02,7.257027e-02
3.076656e-01,7.123849e-02,2.231449e-01,9.123124e-02,1.786830e-02,1.138286e-02,2.347884e-03,2.012505e-02,6.092703e-02,1.072135e-02,2.128394e-02,1.065082e-02,1.470772e-02,1.994447e-02,1.167604e-01
2.262172e-01,6.067353e-02,2.445038e-01,2.150187e-01,2.251706e-02,9.495855e-03,1.804271e-03,1.572930e-02,5.926778e-02,8.640206e-03,1.584700e-02,8.268732e-03,1.118047e-02,1.419482e-02,8.664130e-02
2.048320e-01,8.716224e-02,2.577926e-01,2.078373e-01,2.450893e-02,8.990385e-03,1.558066e-03,1.472163e-02,6.721137e-02,8.289439e-03,1.211231e-02,6.452694e-03,1.019278e-02,1.060130e-02,7.773694e-02
2.269195e-01,1.105939e-01,2.234671e-01,1.590939e-01,4.906215e-02,1.036480e-02,2.125544e-03,4.359816e-02,6.035090e-02,8.824383e-03,9.402797e-03,5.886604e-03,8.988924e-03,1.053794e-02,7.078337e-02
2.031395e-01,9.830964e-02,2.700112e-01,1.501323e-01,4.599454e-02,9.050006e-03,1.969562e-03,4.630312e-02,5.925021e-02,9.700271e-03,7.775193e-03,5.596734e-03,7.151394e-03,8.940466e-03,7.667583e-02
2.425757e-01,1.032842e-01,2.149334e-01,1.260546e-01,6.616776e-02,8.761001e-03,2.415441e-03,7.678098e-02,5.251462e-02,9.288002e-03,6.695414e-03,5.242139e-03,6.041118e-03,8.455960e-03,7.078978e-02
2.974233e-01,8.682721e-02,1.968859e-01,1.107371e-01,7.081291e-02,8.959739e-03,2.919757e-03,7.936358e-02,5.388467e-02,7.631605e-03,6.070575e-03,4.561361e-03,5.756658e-03,9.336787e-03,5.882892e-02
3.317475e-01,7.623241e-02,2.073972e-01,8.735038e-02,8.121045e-02,9.379823e-03,2.467775e-03,6.265897e-02,5.325713e-02,5.892742e-03,5.014992e-03,3.890634e-03,4.933201e-03,9.306853e-03,5.925991e-02
3.992988e-01,6.852695e-02,1.717508e-01,7.685615e-02,8.200829e-02,1.022484e-02,3.301744e-03,4.764901e-02,4.413254e-02,5.339089e-03,5.098416e-03,6.048115e-03,6.109760e-03,7.909543e-03,6.574589e-02
4.644582e-01,6.649886e-02,1.370411e-01,6.478193e-02,7.797824e-02,1.167159e-02,3.508308e-03,3.589176e-02,3.926316e-02,4.417918e-03,6.085438e-03,6.902413e-03,7.411837e-03,7.900326e-03,6.618893e-02
4.003469e-01,1.104044e-01,1.062517e-01,1.215936e-01,7.715191e-02,1.105933e-02,3.524458e-03,2.775034e-02,3.371462e-02,4.860801e-03,5.811961e-03,7.285577e-03,6.654022e-03,6.809678e-03,7.678072e-02
4.268257e-01,9.109594e-02,8.881386e-02,1.603810e-01,6.470071e-02,9.854856e-03,3.466871e-03,2.135682e-02,3.327902e-02,4.862611e-03,5.859489e-03,1.009104e-02,7.078451e-03,5.509275e-03,6.682436e-02
4.892990e-01,7.138245e-02,9.830836e-02,1.383902e-01,4.900005e-02,9.943210e-03,3.673494e-03,1.680475e-02,2.944057e-02,4.616839e-03,5.700770e-03,1.223668e-02,7.287854e-03,5.099727e-03,5.881608e-02
1.000000e+00,0.000000e+00,0.000000e+00,0.000000e+00,0.000000e+00,0.000000e+00,0.000000e+00,0.000000e+00,0.000000e+00,0.000000e+00,0.000000e+00,0.000000e+00,0.000000e+00,0.000000e+00,0.000000e+00
1.000000e+00,0.000000e+00,0.000000e+00,0.000000e+00,0.000000e+00,0.000000e+00,0.000000e+00,0.000000e+00,0.000000e+00,0.000000e+00,0.000000e+00,0.000000e+00,0.000000e+00,0.000000e+00,0.000000e+00
1.000000e+00,0.000000e+00,0.000000e+00,0.000000e+00,0.000000e+00,0.000000e+00,0.000000e+00,0.000000e+00,0.000000e+00,0.000000e+00,0.000000e+00,0.000000e+00,0.000000e+00,0.000000e+00,0.000000e+00
3.788315e-01,3.371770e-02,1.068663e-01,2.335592e-01,1.398885e-02,7.481874e-03,1.400758e-03,6.160537e-03,8.488798e-02,1.640303e-02,1.996305e-02,1.024451e-02,1.136403e-02,3.361200e-03,7.176947e-02
3.021981e-01,2.710798e-02,1.190654e-01,2.268828e-01,1.020330e-02,5.793550e-03,1.027039e-03,4.803060e-03,9.919894e-02,4.308252e-02,2.295107e-02,8.078245e-03,1.008229e-02,2.636221e-03,1.168895e-01
2.142328e-01,2.232111e-02,2.315966e-01,1.946318e-01,7.279334e-03,4.370153e-03,7.480244e-04,4.465556e-03,8.620684e-02,7.429484e-02,2.016795e-02,6.083819e-03,8.211599e-03,2.216394e-03,1.231731e-01
1.522130e-01,5.322225e-02,1.963388e-01,1.490794e-01,5.196611e-03,3.258114e-03,5.621894e-04,3.340849e-03,1.216312e-01,1.381556e-01,1.674998e-02,4.971332e-03,7.824306e-03,2.428700e-03,1.450277e-01
1.149735e-01,1.324492e-01,1.501958e-01,1.111644e-01,3.767832e-03,2.610795e-03,4.281189e-04,2.571067e-03,1.388914e-01,1.683470e-01,1.393273e-02,4.137072e-03,1.066726e-02,3.249611e-03,1.426142e-01
9.268468e-02,2.561407e-01,1.306962e-01,8.762927e-02,2.765585e-03,2.100254e-03,3.151452e-04,1.982658e-03,1.437527e-01,1.416807e-01,1.057512e-02,3.250260e-03,1.014359e-02,3.673994e-03,1.126090e-01
1.084698e-01,2.579780e-01,1.020321e-01,7.234660e-02,2.188588e-03,1.948918e-03,2.705470e-04,2.410052e-03,2.011872e-01,1.094397e-01,1.004791e-02,3.036505e-03,1.376167e-02,4.133106e-03,1.107493e-01
9.662504e-02,2.100015e-01,9.991687e-02,1.560956e-01,1.757791e-03,2.264003e-03,2.482411e-04,4.267845e-03,2.259952e-01,8.008409e-02,1.504124e-02,2.848902e-03,1.332036e-02,4.397468e-03,8.713585e-02
1.115988e-01,1.542848e-01,8.023796e-02,1.799292e-01,2.749162e-03,2.970442e-03,3.171619e-04,6.538007e-03,2.549608e-01,6.025323e-02,3.793802e-02,2.857423e-03,1.639007e-02,6.633627e-03,8.234131e-02
9.608830e-02,1.199834e-01,6.546567e-02,2.307165e-01,2.743199e-03,3.073850e-03,2.932074e-04,6.248159e-03,2.775720e-01,4.800404e-02,5.300205e-02,4.190054e-03,1.831031e-02,8.226911e-03,6.608226e-02
1.096640e-01,9.739988e-02,8.312739e-02,2.042071e-01,4.201442e-03,8.922142e-03,7.631993e-04,9.817306e-03,2.313758e-01,4.440650e-02,9.344699e-02,1.253305e-02,3.446926e-02,1.060687e-02,5.505896e-02
1.209592e-01,7.326099e-02,8.991641e-02,1.649881e-01,8.560984e-03,1.143305e-02,4.559417e-03,3.200069e-02,1.934739e-01,3.857788e-02,1.350258e-01,1.356498e-02,4.700496e-02,1.127719e-02,5.539642e-02
1.807166e-01,5.481445e-02,9.893829e-02,1.217381e-01,1.710378e-02,1.339126e-02,5.588251e-03,9.716816e-02,1.461060e-01,2.832721e-02,1.310174e-01,1.106658e-02,4.071594e-02,9.178697e-03,4.412918e-02
1.998245e-01,6.634900e-02,1.065706e-01,9.289604e-02,2.983475e-02,1.366707e-02,5.576795e-03,8.671299e-02,1.842647e-01,2.365851e-02,9.944647e-02,8.699118e-03,3.409342e-02,8.160853e-03,4.024520e-02
1.800870e-01,9.723998e-02,9.949361e-02,7.317047e-02,3.033947e-02,1.274274e-02,5.933984e-03,8.372662e-02,2.477806e-01,2.141951e-02,7.306325e-02,6.871467e-03,2.957397e-02,6.035032e-03,3.252231e-02
1.640360e-01,1.302941e-01,9.036712e-02,5.525092e-02,3.411331e-02,1.309960e-02,6.532872e-03,6.735159e-02,2.899830e-01,1.864791e-02,5.269631e-02,5.735016e-03,3.450321e-02,4.831453e-03,3.255761e-02
1.420764e-01,1.554821e-01,7.008492e-02,4.153334e-02,3.730438e-02,1.447119e-02,6.837798e-03,5.374927e-02,3.418972e-01,1.582420e-02,3.849494e-02,4.806692e-03,3.762630e-02,3.906416e-03,3.590488e-02
1.481249e-01,1.616659e-01,6.589599e-02,5.895141e-02,4.025806e-02,1.561719e-02,6.370389e-03,4.200399e-02,3.070035e-01,2.741288e-02,3.080052e-02,1.072283e-02,3.476473e-02,4.095155e-03,4.631251e-02
1.913675e-01,2.002884e-01,4.833577e-02,4.438429e-02,4.174510e-02,1.396867e-02,5.520701e-03,3.688462e-02,2.842108e-01,2.394210e-02,2.388146e-02,1.184293e-02,2.842685e-02,4.693072e-03,4.050777e-02
2.305578e-01,2.097349e-01,3.665014e-02,3.484632e-02,4.249461e-02,1.580504e-02,4.827195e-03,3.647222e-02,2.648360e-01,2.019980e-02,1.887701e-02,1.154956e-02,2.958433e-02,4.836803e-03,3.872814e-02
3.031920e-01,2.026962e-01,2.743903e-02,2.893638e-02,4.149029e-02,1.721867e-02,4.376018e-03,3.227217e-02,2.218481e-01,1.793899e-02,1.570917e-02,1.307099e-02,2.750361e-02,5.200953e-03,4.110727e-02
3.690335e-01,1.875552e-01,2.067999e-02,2.384139e-02,3.958492e-02,1.931336e-02,3.977525e-03,2.663986e-02,1.940486e-01,1.698244e-02,1.251851e-02,1.373800e-02,2.710066e-02,4.867970e-03,4.011799e-02
4.280600e-01,1.675740e-01,1.763512e-02,3.879683e-02,3.031017e-02,2.087711e-02,3.426461e-03,1.968643e-02,1.446960e-01,1.908374e-02,1.111518e-02,2.161704e-02,2.434815e-02,3.923021e-03,4.885077e-02
1.000000e+00,0.000000e+00,0.000000e+00,0.000000e+00,0.000000e+00,0.000000e+00,0.000000e+00,0.000000e+00,0.000000e+00,0.000000e+00,0.000000e+00,0.000000e+00,0.000000e+00,0.000000e+00,0.000000e+00
4.779702e-01,1.454761e-01,1.673190e-02,7.248313e-02,2.079617e-02,2.040499e-02,4.325217e-03,1.470420e-02,8.216073e-02,1.310719e-02,1.136879e-02,3.815810e-02,3.547509e-02,3.422686e-03,4.341547e-02
3.748878e-01,1.165349e-01,1.825087e-02,1.661959e-01,1.558066e-02,1.676145e-02,3.308087e-03,1.125063e-02,6.550033e-02,1.360105e-02,1.409784e-02,6.421625e-02,3.808717e-02,4.437725e-03,7.728939e-02
3.920940e-01,8.850689e-02,1.728691e-02,1.539777e-01,1.269843e-02,2.030082e-02,3.033454e-03,1.000556e-02,5.401909e-02,1.107312e-02,2.001668e-02,8.289284e-02,5.720006e-02,5.927783e-03,7.096664e-02
3.936765e-01,6.398712e-02,1.951857e-02,1.553552e-01,1.068965e-02,1.988116e-02,2.896526e-03,8.474209e-03,4.843026e-02,1.057307e-02,3.167900e-02,9.576958e-02,7.484566e-02,7.812103e-03,5.641141e-02
4.493637e-01,5.609825e-02,1.557615e-02,1.184452e-01,1.036193e-02,2.035145e-02,3.395139e-03,8.396892e-03,7.503514e-02,1.011276e-02,2.700544e-02,7.765120e-02,7.544728e-02,7.347857e-03,4.541158e-02
4.490489e-01,4.563246e-02,1.483782e-02,9.349911e-02,9.968758e-03,1.806243e-02,3.480199e-03,1.346941e-02,1.045075e-01,1.386688e-02,2.604529e-02,7.060034e-02,8.704988e-02,8.934298e-03,4.099669e-02
4.616342e-01,3.461970e-02,1.465102e-02,1.211239e-01,8.988509e-03,1.919578e-02,3.288739e-03,1.517519e-02,9.462762e-02,1.365188e-02,2.571230e-02,5.832809e-02,8.287568e-02,9.119133e-03,3.700829e-02
1.000000e+00,0.000000e+00,0.000000e+00,0.000000e+00,0.000000e+00,0.000000e+00,0.000000e+00,0.000000e+00,0.000000e+00,0.000000e+00,0.000000e+00,0.000000e+00,0.000000e+00,0.000000e+00,0.000000e+00
