1.000000e+00,0.000000e+00,0.000000e+00,0.000000e+00,0.000000e+00,0.000000e+00,0.000000e+00,0.000000e+00,0.000000e+00,0.000000e+00,0.000000e+00,0.000000e+00,0.000000e+00,0.000000e+00,0.000000e+00
1.000000e+00,0.000000e+00,0.000000e+00,0.000000e+00,0.000000e+00,0.000000e+00,0.000000e+00,0.000000e+00,0.000000e+00,0.000000e+00,0.000000e+00,0.000000e+00,0.000000e+00,0.000000e+00,0.000000e+00
1.000000e+00,0.000000e+00,0.000000e+00,0.000000e+00,0.000000e+00,0.000000e+00,0.000000e+00,0.000000e+00,0.000000e+00,0.000000e+00,0.000000e+00,0.000000e+00,0.000000e+00,0.000000e+00,0.000000e+00
1.000000e+00,0.000000e+00,0.000000e+00,0.000000e+00,0.000000e+00,0.000000e+00,0.000000e+00,0.000000e+00,0.000000e+00,0.000000e+00,0.000000e+00,0.000000e+00,0.000000e+00,0.000000e+00,0.000000e+00
1.000000e+00,0.000000e+00,0.000000e+00,0.000000e+00,0.000000e+00,0.000000e+00,0.000000e+00,0.000000e+00,0.000000e+00,0.000000e+00,0.000000e+00,0.000000e+00,0.000000e+00,0.000000e+00,0.000000e+00
1.000000e+00,0.000000e+00,0.000000e+00,0.000000e+00,0.000000e+00,0.000000e+00,0.000000e+00,0.000000e+00,0.000000e+00,0.000000e+00,0.000000e+00,0.000000e+00,0.000000e+00,0.000000e+00,0.000000e+00
1.000000e+00,0.000000e+00,0.000000e+00,0.000000e+00,0.000000e+00,0.000000e+00,0.000000e+00,0.000000e+00,0.000000e+00,0.000000e+00,0.000000e+00,0.000000e+00,0.000000e+00,0.000000e+00,0.000000e+00
1.000000e+00,0.000000e+00,0.000000e+00,0.000000e+00,0.000000e+00,0.000000e+00,0.000000e+00,0.000000e+00,0.000000e+00,0.000000e+00,0.000000e+00,0.000000e+00,0.000000e+00,0.000000e+00,0.000000e+00
1.000000e+00,0.000000e+00,0.000000e+00,0.000000e+00,0.000000e+00,0.000000e+00,0.000000e+00,0.000000e+00,0.000000e+00,0.000000e+00,0.000000e+00,0.000000e+00,0.000000e+00,0.000000e+00,0.000000e+00
1.000000e+00,0.000000e+00,0.000000e+00,0.000000e+00,0.000000e+00,0.000000e+00,0.000000e+00,0.000000e+00,0.000000e+00,0.000000e+00,0.000000e+00,0.000000e+00,0.000000e+00,0.000000e+00,0.000000e+00
1.000000e+00,0.000000e+00,0.000000e+00,0.000000e+00,0.000000e+00,0.000000e+00,0.000000e+00,0.000000e+00,0.000000e+00,0.000000e+00,0.000000e+00,0.000000e+00,0.000000e+00,0.000000e+00,0.000000e+00
1.000000e+00,0.000000e+00,0.000000e+00,0.000000e+00,0.000000e+00,0.000000e+00,0.000000e+00,0.000000e+00,0.000000e+00,0.000000e+00,0.000000e+00,0.000000e+00,0.000000e+00,0.000000e+00,0.000000e+00
1.000000e+00,0.000000e+00,0.000000e+00,0.000000e+00,0.000000e+00,0.000000e+00,0.000000e+00,0.000000e+00,0.000000e+00,0.000000e+00,0.000000e+00,0.000000e+00,0.000000e+00,0.000000e+00,0.000000e+00
1.000000e+00,0.000000e+00,0.000000e+00,0.000000e+00,0.000000e+00,0.000000e+00,0.000000e+00,0.000000e+00,0.000000e+00,0.000000e+00,0.000000e+00,0.000000e+00,0.000000e+00,0.000000e+00,0.000000e+00
1.000000e+00,0.000000e+00,0.000000e+00,0.000000e+00,0.000000e+00,0.000000e+00,0.000000e+00,0.000000e+00,0.000000e+00,0.000000e+00,0.000000e+00,0.000000e+00,0.000000e+00,0.000000e+00,0.000000e+00
1.000000e+00,0.000000e+00,0.000000e+00,0.000000e+00,0.000000e+00,0.000000e+00,0.000000e+00,0.000000e+00,0.000000e+00,0.000000e+00,0.000000e+00,0.000000e+00,0.000000e+00,0.000000e+00,0.000000e+00
1.000000e+00,0.000000e+00,0.000000e+00,0.000000e+00,0.000000e+00,0.000000e+00,0.000000e+00,0.000000e+00,0.000000e+00,0.000000e+00,0.000000e+00,0.000000e+00,0.000000e+00,0.000000e+00,0.000000e+00
1.000000e+00,0.000000e+00,0.000000e+00,0.000000e+00,0.000000e+00,0.000000e+00,0.000000e+00,0.000000e+00,0.000000e+00,0.000000e+00,0.000000e+00,0.000000e+00,0.000000e+00,0.000000e+00,0.000000e+00
1.000000e+00,0.000000e+00,0.000000e+00,0.000000e+00,0.000000e+00,0.000000e+00,0.000000e+00,0.000000e+00,0.000000e+00,0.000000e+00,0.000000e+00,0.000000e+00,0.000000e+00,0.000000e+00,0.000000e+00
1.000000e+00,0.000000e+00,0.000000e+00,0.000000e+00,0.000000e+00,0.000000e+00,0.000000e+00,0.000000e+00,0.000000e+00,0.000000e+00,0.000000e+00,0.000000e+00,0.000000e+00,0.000000e+00,0.000000e+00
1.000000e+00,0.000000e+00,0.000000e+00,0.000000e+00,0.000000e+00,0.000000e+00,0.000000e+00,0.000000e+00,0.000000e+00,0.000000e+00,0.000000e+00,0.000000e+00,0.000000e+00,0.000000e+00,0.000000e+00
1.000000e+00,0.000000e+00,0.000000e+00,0.000000e+00,0.000000e+00,0.000000e+00,0.000000e+00,0.000000e+00,0.000000e+00,0.000000e+00,0.000000e+00,0.000000e+00,0.000000e+00,0.000000e+00,0.000000e+00
1.000000e+00,0.000000e+00,0.000000e+00,0.000000e+00,0.000000e+00,0.000000e+00,0.000000e+00,0.000000e+00,0.000000e+00,0.000000e+00,0.000000e+00,0.000000e+00,0.000000e+00,0.000000e+00,0.000000e+00
1.000000e+00,0.000000e+00,0.000000e+00,0.000000e+00,0.000000e+00,0.000000e+00,0.000000e+00,0.000000e+00,0.000000e+00,0.000000e+00,0.000000e+00,0.000000e+00,0.000000e+00,0.000000e+00,0.000000e+00
1.000000e+00,0.000000e+00,0.000000e+00,0.000000e+00,0.000000e+00,0.000000e+00,0.000000e+00,0.000000e+00,0.000000e+00,0.000000e+00,0.000000e+00,0.000000e+00,0.000000e+00,0.000000e+00,0.000000e+00
1.000000e+00,0.000000e+00,0.000000e+00,0.000000e+00,0.000000e+00,0.000000e+00,0.000000e+00,0.000000e+00,0.000000e+00,0.000000e+00,0.000000e+00,0.000000e+00,0.000000e+00,0.000000e+00,0.000000e+00
1.000000e+00,0.000000e+00,0.000000e+00,0.000000e+00,0.000000e+00,0.000000e+00,0.000000e+00,0.000000e+00,0.000000e+00,0.000000e+00,0.000000e+00,0.000000e+00,0.000000e+00,0.000000e+00,0.000000e+00
1.000000e+00,0.000000e+00,0.000000e+00,0.000000e+00,0.000000e+00,0.000000e+00,0.000000e+00,0.000000e+00,0.000000e+00,0.000000e+00,0.000000e+00,0.000000e+00,0.000000e+00,0.000000e+00,0.000000e+00
1.000000e+00,0.000000e+00,0.000000e+00,0.000000e+00,0.000000e+00,0.000000e+00,0.000000e+00,0.000000e+00,0.000000e+00,0.000000e+00,0.000000e+00,0.000000e+00,0.000000e+00,0.000000e+00,0.000000e+00
1.000000e+00,0.000000e+00,0.000000e+00,0.000000e+00,0.000000e+00,0.000000e+00,0.000000e+00,0.000000e+00,0.000000e+00,0.000000e+00,0.000000e+00,0.000000e+00,0.000000e+00,0.000000e+00,0.000000e+00
1.000000e+00,0.000000e+00,0.000000e+00,0.000000e+00,0.000000e+00,0.000000e+00,0.000000e+00,0.000000e+00,0.000000e+00,0.000000e+00,0.000000e+00,0.000000e+00,0.000000e+00,0.000000e+00,0.000000e+00
1.000000e+00,0.000000e+00,0.000000e+00,0.000000e+00,0.000000e+00,0.000000e+00,0.000000e+00,0.000000e+00,0.000000e+00,0.000000e+00,0.000000e+00,0.000000e+00,0.000000e+00,0.000000e+00,0.000000e+00
1.000000e+00,0.000000e+00,0.000000e+00,0.000000e+00,0.000000e+00,0.000000e+00,0.000000e+00,0.000000e+00,0.000000e+00,0.000000e+00,0.000000e+00,0.000000e+00,0.000000e+00,0.000000e+00,0.000000e+00
1.000000e+00,0.000000e+00,0.000000e+00,0.000000e+00,0.000000e+00,0.000000e+00,0.000000e+00,0.000000e+00,0.000000e+00,0.000000e+00,0.000000e+00,0.000000e+00,0.000000e+00,0.000000e+00,0.000000e+00
1.000000e+00,0.000000e+00,0.000000e+00,0.000000e+00,0.000000e+00,0.000000e+00,0.000000e+00,0.000000e+00,0.000000e+00,0.000000e+00,0.000000e+00,0.000000e+00,0.000000e+00,0.000000e+00,0.000000e+00
1.000000e+00,0.000000e+00,0.000000e+00,0.000000e+00,0.000000e+00,0.000000e+00,0.000000e+00,0.000000e+00,0.000000e+00,0.000000e+00,0.000000e+00,0.000000e+00,0.000000e+00,0.000000e+00,0.000000e+00
1.000000e+00,0.000000e+00,0.000000e+00,0.000000e+00,0.000000e+00,0.000000e+00,0.000000e+00,0.000000e+00,0.000000e+00,0.000000e+00,0.000000e+00,0.000000e+00,0.000000e+00,0.000000e+00,0.000000e+00
1.000000e+00,0.000000e+00,0.000000e+00,0.000000e+00,0.000000e+00,0.000000e+00,0.000000e+00,0.000000e+00,0.000000e+00,0.000000e+00,0.000000e+00,0.000000e+00,0.000000e+00,0.000000e+00,0.000000e+00
1.000000e+00,0.000000e+00,0.000000e+00,0.000000e+00,0.000000e+00,0.000000e+00,0.000000e+00,0.000000e+00,0.000000e+00,0.000000e+00,0.000000e+00,0.000000e+00,0.000000e+00,0.000000e+00,0.000000e+00
1.000000e+00,0.000000e+00,0.000000e+00,0.000000e+00,0.000000e+00,0.000000e+00,0.000000e+00,0.000000e+00,0.000000e+00,0.000000e+00,0.000000e+00,0.000000e+00,0.000000e+00,0.000000e+00,0.000000e+00
1.000000e+00,0.000000e+00,0.000000e+00,0.000000e+00,0.000000e+00,0.000000e+00,0.000000e+00,0.000000e+00,0.000000e+00,0.000000e+00,0.000000e+00,0.000000e+00,0.000000e+00,0.000000e+00,0.000000e+00
1.000000e+00,0.000000e+00,0.000000e+00,0.000000e+00,0.000000e+00,0.000000e+00,0.000000e+00,0.000000e+00,0.000000e+00,0.000000e+00,0.000000e+00,0.000000e+00,0.000000e+00,0.000000e+00,0.000000e+00
1.000000e+00,0.000000e+00,0.000000e+00,0.000000e+00,0.000000e+00,0.000000e+00,0.000000e+00,0.000000e+00,0.000000e+00,0.000000e+00,0.000000e+00,0.000000e+00,0.000000e+00,0.000000e+00,0.000000e+00
1.000000e+00,0.000000e+00,0.000000e+00,0.000000e+00,0.000000e+00,0.000000e+00,0.000000e+00,0.000000e+00,0.000000e+00,0.000000e+00,0.000000e+00,0.000000e+00,0.000000e+00,0.000000e+00,0.000000e+00
1.000000e+00,0.000000e+00,0.000000e+00,0.000000e+00,0.000000e+00,0.000000e+00,0.000000e+00,0.000000e+00,0.000000e+00,0.000000e+00,0.000000e+00,0.000000e+00,0.000000e+00,0.000000e+00,0.000000e+00
1.000000e+00,0.000000e+00,0.000000e+00,0.000000e+00,0.000000e+00,0.000000e+00,0.000000e+00,0.000000e+00,0.000000e+00,0.000000e+00,0.000000e+00,0.000000e+00,0.000000e+00,0.000000e+00,0.000000e+00
1.000000e+00,0.000000e+00,0.000000e+00,0.000000e+00,0.000000e+00,0.000000e+00,0.000000e+00,0.000000e+00,0.000000e+00,0.000000e+00,0.000000e+00,0.000000e+00,0.000000e+00,0.000000e+00,0.000000e+00
1.000000e+00,0.000000e+00,0.000000e+00,0.000000e+00,0.000000e+00,0.000000e+00,0.000000e+00,0.000000e+00,0.000000e+00,0.000000e+00,0.000000e+00,0.000000e+00,0.000000e+00,0.000000e+00,0.000000e+00
1.000000e+00,0.000000e+00,0.000000e+00,0.000000e+00,0.000000e+00,0.000000e+00,0.000000e+00,0.000000e+00,0.000000e+00,0.000000e+00,0.000000e+00,0.000000e+00,0.000000e+00,0.000000e+00,0.000000e+00
1.000000e+00,0.000000e+00,0.000000e+00,0.000000e+00,0.000000e+00,0.000000e+00,0.000000e+00,0.000000e+00,0.000000e+00,0.000000e+00,0.000000e+00,0.000000e+00,0.000000e+00,0.000000e+00,0.000000e+00
1.000000e+00,0.000000e+00,0.000000e+00,0.000000e+00,0.000000e+00,0.000000e+00,0.000000e+00,0.000000e+00,0.000000e+00,0.000000e+00,0.000000e+00,0.000000e+00,0.000000e+00,0.000000e+00,0.000000e+00
1.000000e+00,0.000000e+00,0.000000e+00,0.000000e+00,0.000000e+00,0.000000e+00,0.000000e+00,0.000000e+00,0.000000e+00,0.000000e+00,0.000000e+00,0.000000e+00,0.000000e+00,0.000000e+00,0.000000e+00
1.000000e+00,0.000000e+00,0.000000e+00,0.000000e+00,0.000000e+00,0.000000e+00,0.000000e+00,0.000000e+00,0.000000e+00,0.000000e+00,0.000000e+00,0.000000e+00,0.000000e+00,0.000000e+00,0.000000e+00
1.000000e+00,0.000000e+00,0.000000e+00,0.000000e+00,0.000000e+00,0.000000e+00,0.000000e+00,0.000000e+00,0.000000e+00,0.000000e+00,0.000000e+00,0.000000e+00,0.000000e+00,0.000000e+00,0.000000e+00
1.000000e+00,0.000000e+00,0.000000e+00,0.000000e+00,0.000000e+00,0.000000e+00,0.000000e+00,0.000000e+00,0.000000e+00,0.000000e+00,0.000000e+00,0.000000e+00,0.000000e+00,0.000000e+00,0.000000e+00
1.000000e+00,0.000000e+00,0.000000e+00,0.000000e+00,0.000000e+00,0.000000e+00,0.000000e+00,0.000000e+00,0.000000e+00,0.000000e+00,0.000000e+00,0.000000e+00,0.000000e+00,0.000000e+00,0.000000e+00
1.000000e+00,0.000000e+00,0.000000e+00,0.000000e+00,0.000000e+00,0.000000e+00,0.000000e+00,0.000000e+00,0.000000e+00,0.000000e+00,0.000000e+00,0.000000e+00,0.000000e+00,0.000000e+00,0.000000e+00
1.000000e+00,0.000000e+00,0.000000e+00,0.000000e+00,0.000000e+00,0.000000e+00,0.000000e+00,0.000000e+00,0.000000e+00,0.000000e+00,0.000000e+00,0.000000e+00,0.000000e+00,0.000000e+00,0.000000e+00
1.000000e+00,0.000000e+00,0.000000e+00,0.000000e+00,0.000000e+00,0.000000e+00,0.000000e+00,0.000000e+00,0.000000e+00,0.000000e+00,0.000000e+00,0.000000e+00,0.000000e+00,0.000000e+00,0.000000e+00
1.000000e+00,0.000000e+00,0.000000e+00,0.000000e+00,0.000000e+00,0.000000e+00,0.000000e+00,0.000000e+00,0.000000e+00,0.000000e+00,0.000000e+00,0.000000e+00,0.000000e+00,0.000000e+00,0.000000e+00
1.000000e+00,0.000000e+00,0.000000e+00,0.000000e+00,0.000000e+00,0.000000e+00,0.000000e+00,0.000000e+00,0.000000e+00,0.000000e+00,0.000000e+00,0.000000e+00,0.000000e+00,0.000000e+00,0.000000e+00
4.717018e-01,3.132004e-02,9.623764e-03,7.572042e-02,4.194022e-03,1.345423e-02,1.714279e-03,5.596111e-03,4.416570e-02,3.772327e-03,2.581129e-01,2.624861e-02,9.684907e-03,1.732848e-02,2.736237e-02
4.581009e-01,3.189839e-02,7.580045e-03,6.367999e-02,4.298327e-03,1.362395e-02,1.587243e-03,4.585113e-03,3.983766e-02,4.312000e-03,2.905585e-01,2.600577e-02,1.022928e-02,1.941581e-02,2.428695e-02
3.484614e-01,3.612055e-02,8.934984e-03,9.276234e-02,4.484170e-03,1.597008e-02,1.458241e-03,4.576589e-03,4.146009e-02,1.040492e-02,3.375990e-01,3.535251e-02,1.202802e-02,1.804637e-02,3.234071e-02
2.490552e-01,4.630651e-02,1.454173e-02,1.076384e-01,4.100919e-03,2.128463e-02,1.336534e-03,3.632193e-03,4.659380e-02,3.815703e-02,3.646970e-01,3.679101e-02,1.731566e-02,1.440954e-02,3.413985e-02
1.779168e-01,5.181785e-02,2.322224e-02,1.387650e-01,4.491248e-03,1.994330e-02,1.268971e-03,2.810379e-03,5.664811e-02,9.685337e-02,3.368003e-01,3.114812e-02,1.381147e-02,1.201793e-02,3.248483e-02
1.258989e-01,6.216042e-02,2.758117e-02,1.195392e-01,3.968548e-03,1.601166e-02,1.018614e-03,2.024100e-03,6.307808e-02,2.425917e-01,2.572944e-01,2.435619e-02,1.083581e-02,9.931600e-03,3.370954e-02
8.839464e-02,5.167228e-02,2.282189e-02,1.176250e-01,3.174021e-03,1.278723e-02,7.751632e-04,1.463695e-03,6.217273e-02,2.328034e-01,3.378058e-01,2.256213e-02,8.953663e-03,7.666198e-03,2.932214e-02
6.218271e-02,4.312412e-02,1.697781e-02,8.800905e-02,2.893586e-03,1.049247e-02,6.901862e-04,1.059912e-03,7.308006e-02,2.443035e-01,3.860828e-01,3.096694e-02,8.709695e-03,7.850664e-03,2.357657e-02
4.363033e-02,3.511722e-02,1.199189e-02,6.211961e-02,2.259474e-03,8.101769e-03,5.154531e-04,7.513946e-04,7.459463e-02,2.749413e-01,4.159392e-01,3.488505e-02,8.888559e-03,7.924506e-03,1.833959e-02
3.066575e-02,3.020128e-02,8.422236e-03,4.359290e-02,1.690821e-03,6.340653e-03,3.713528e-04,5.419362e-04,7.130375e-02,2.619485e-01,4.772011e-01,3.902183e-02,7.562770e-03,7.407023e-03,1.372814e-02
2.157841e-02,3.678202e-02,5.976825e-03,3.062756e-02,1.359316e-03,5.054005e-03,2.766152e-04,3.946607e-04,9.715183e-02,2.888372e-01,4.487010e-01,3.777261e-02,6.586366e-03,7.196045e-03,1.170560e-02
1.724685e-02,1.195945e-01,6.043487e-03,2.677750e-02,1.573260e-03,6.252035e-03,3.139218e-04,1.240764e-03,1.198985e-01,2.763750e-01,3.563272e-01,3.344035e-02,5.977094e-03,1.215141e-02,1.678815e-02
1.310689e-02,1.195224e-01,4.649601e-03,2.635487e-02,2.382889e-03,8.451654e-03,2.635833e-04,1.813203e-03,1.619844e-01,3.051285e-01,2.949573e-01,2.919180e-02,5.663528e-03,1.206293e-02,1.446652e-02
1.194135e-02,1.106654e-01,4.066205e-03,2.396329e-02,4.102064e-03,1.257906e-02,3.730192e-04,1.900917e-03,1.829991e-01,3.122073e-01,2.763311e-01,2.691481e-02,6.538975e-03,1.117522e-02,1.424208e-02
1.380492e-02,9.030954e-02,2.953104e-03,1.779562e-02,3.425661e-03,1.254314e-02,3.584475e-04,1.416830e-03,1.439269e-01,2.558599e-01,3.928697e-01,3.595245e-02,7.446304e-03,9.344984e-03,1.199251e-02
1.547016e-02,7.499130e-02,2.258976e-03,1.415276e-02,3.060218e-03,1.507424e-02,3.826167e-04,1.146597e-03,1.142889e-01,1.926902e-01,4.758538e-01,6.295245e-02,8.863723e-03,8.034528e-03,1.077950e-02
1.490341e-02,6.560466e-02,3.058486e-03,1.147424e-02,2.771818e-03,1.675406e-02,3.745282e-04,1.450671e-03,9.062778e-02,1.900968e-01,4.964333e-01,7.656217e-02,1.153938e-02,7.277083e-03,1.107163e-02
1.723747e-02,5.053354e-02,4.105324e-03,1.272132e-02,1.822759e-02,1.771438e-02,2.159825e-03,4.148482e-03,1.036458e-01,1.813609e-01,4.648603e-01,7.827030e-02,2.630580e-02,7.077709e-03,1.163132e-02
2.525260e-02,3.858822e-02,5.009536e-03,1.403355e-02,4.341665e-02,1.907340e-02,4.061233e-03,2.343298e-02,8.692583e-02,1.563162e-01,4.579130e-01,6.191304e-02,4.693350e-02,6.380182e-03,1.075014e-02
4.274833e-02,3.625562e-02,5.389311e-03,1.267444e-02,5.131493e-02,1.888651e-02,4.886325e-03,2.730831e-02,7.392175e-02,1.215476e-01,4.372610e-01,5.641501e-02,9.155177e-02,8.074570e-03,1.176454e-02
6.668223e-02,3.465884e-02,6.014135e-03,1.295427e-02,6.117968e-02,1.962529e-02,4.935186e-03,6.231963e-02,8.771345e-02,9.676596e-02,3.536195e-01,5.466038e-02,1.155672e-01,8.032858e-03,1.527143e-02
5.361084e-02,2.511151e-02,5.081215e-03,1.354255e-02,5.555055e-02,1.547544e-02,3.761900e-03,5.326138e-02,7.234667e-02,7.079378e-02,2.738828e-01,9.115054e-02,2.463565e-01,7.070456e-03,1.300385e-02
4.559412e-02,1.802664e-02,4.453627e-03,1.119124e-02,4.847696e-02,1.231673e-02,3.256999e-03,6.688108e-02,5.864517e-02,5.089746e-02,2.184061e-01,1.158736e-01,3.288635e-01,6.122289e-03,1.099455e-02
3.345943e-02,1.384598e-02,7.253821e-03,1.442008e-02,3.914177e-02,8.928088e-03,2.477447e-03,1.179017e-01,7.033160e-02,3.684559e-02,1.726300e-01,1.115864e-01,3.570762e-01,4.769743e-03,9.332293e-03
2.661265e-02,1.078624e-02,8.950715e-03,1.154394e-02,3.452081e-02,6.667489e-03,1.969792e-03,2.574711e-01,9.002188e-02,2.702174e-02,1.406070e-01,8.247189e-02,2.906140e-01,3.883552e-03,6.857165e-03
3.379952e-02,1.169561e-02,1.266163e-02,1.113818e-02,3.847657e-02,7.069051e-03,2.294888e-03,2.675583e-01,1.609946e-01,2.110827e-02,1.245464e-01,6.169568e-02,2.347531e-01,5.223842e-03,6.984258e-03
2.617117e-02,1.103548e-02,9.590009e-03,8.273497e-03,3.944954e-02,9.748068e-03,4.463364e-03,2.087950e-01,3.527046e-01,1.526023e-02,9.310836e-02,4.380129e-02,1.681761e-01,4.144255e-03,5.279046e-03
2.072580e-02,1.187508e-02,7.352166e-03,9.057137e-03,3.689287e-02,1.014842e-02,4.274908e-03,1.576996e-01,5.075164e-01,1.086835e-02,6.630656e-02,3.107733e-02,1.190776e-01,3.068794e-03,4.058966e-03
1.634580e-02,2.508078e-02,6.399404e-03,9.678450e-03,3.070824e-02,1.759085e-02,4.365301e-03,1.212140e-01,5.983905e-01,8.068546e-03,4.820561e-02,2.214799e-02,8.568612e-02,2.234444e-03,3.884011e-03
1.920733e-02,2.291946e-02,5.305191e-03,1.315130e-02,3.442512e-02,1.623807e-02,7.309143e-03,1.062641e-01,6.531025e-01,6.052062e-03,3.426616e-02,1.572769e-02,6.146663e-02,1.598595e-03,2.966703e-03
2.539292e-02,2.033861e-02,4.399464e-03,1.795853e-02,4.589941e-02,1.566483e-02,1.010502e-02,9.118056e-02,6.779492e-01,4.990870e-03,2.453216e-02,1.121233e-02,4.658380e-02,1.167839e-03,2.624488e-03
3.886343e-02,1.600755e-02,4.072975e-03,2.040353e-02,7.980620e-02,1.318339e-02,2.340956e-02,1.737677e-01,5.620474e-01,3.884029e-03,1.787828e-02,8.032844e-03,3.539058e-02,8.559810e-04,2.396491e-03
4.945225e-02,1.288717e-02,3.508045e-03,2.022164e-02,1.677734e-01,1.057699e-02,2.077137e-02,1.767166e-01,4.882253e-01,2.824702e-03,1.287826e-02,5.887244e-03,2.565318e-02,6.477115e-04,1.976222e-03
7.863665e-02,1.146838e-02,3.183003e-03,1.654246e-02,1.734798e-01,1.013633e-02,1.706541e-02,2.116572e-01,4.313568e-01,2.244311e-03,1.004687e-02,6.163970e-03,2.400921e-02,9.061452e-04,3.103461e-03
1.081416e-01,1.443196e-02,2.551500e-03,1.515452e-02,1.620492e-01,1.372249e-02,1.796739e-02,1.559247e-01,4.230513e-01,1.989510e-03,8.267794e-03,5.747458e-03,6.102784e-02,7.913837e-04,9.181370e-03
1.108286e-01,2.373543e-02,2.571199e-03,1.493279e-02,1.475875e-01,1.477633e-02,1.829881e-02,1.126631e-01,4.344562e-01,2.954108e-03,7.336393e-03,6.415008e-03,8.166111e-02,7.268537e-04,2.105649e-02
1.075798e-01,3.447270e-02,2.989552e-03,2.131689e-02,1.250095e-01,1.489302e-02,2.212670e-02,8.490106e-02,4.238110e-01,2.820161e-03,6.215827e-03,6.701942e-03,1.280889e-01,5.789032e-04,1.849402e-02
1.004882e-01,3.757880e-02,4.668354e-03,2.150086e-02,1.290917e-01,1.462797e-02,2.363862e-02,6.880053e-02,4.662592e-01,2.626959e-03,5.127530e-03,6.120355e-03,1.034243e-01,4.883035e-04,1.555842e-02
1.101415e-01,7.237097e-02,4.480880e-03,1.892643e-02,1.043414e-01,2.118235e-02,1.781166e-02,5.736680e-02,4.568498e-01,4.862330e-03,4.352782e-03,5.788758e-03,1.033091e-01,9.212794e-04,1.729398e-02
1.290582e-01,1.007669e-01,5.103262e-03,1.588367e-02,8.905545e-02,2.022295e-02,1.441345e-02,5.087953e-02,4.062738e-01,5.523338e-03,4.731534e-03,7.212711e-03,1.293820e-01,1.742692e-03,1.975049e-02
1.313235e-01,9.811588e-02,6.128572e-02,7.528065e-02,8.595046e-02,1.904127e-02,1.189206e-02,6.324708e-02,3.116309e-01,5.050307e-03,4.500862e-03,6.661459e-03,1.002205e-01,1.972478e-03,2.382687e-02
1.994471e-01,1.585857e-01,5.115568e-02,6.133280e-02,7.434293e-02,1.657814e-02,8.785972e-03,5.311178e-02,2.416866e-01,4.770178e-03,4.782823e-03,6.750768e-03,8.551683e-02,3.624731e-03,2.952815e-02
2.018355e-01,1.264240e-01,1.494051e-01,9.103851e-02,6.164587e-02,1.503666e-02,6.675314e-03,6.074674e-02,1.769357e-01,4.590333e-03,4.628291e-03,6.512919e-03,6.482767e-02,3.565295e-03,2.613223e-02
2.314044e-01,9.365459e-02,1.233201e-01,1.039449e-01,5.038587e-02,1.259834e-02,5.448935e-03,1.598510e-01,1.274117e-01,3.923560e-03,4.429835e-03,5.607251e-03,5.161645e-02,3.849906e-03,2.255311e-02
2.520469e-01,7.157701e-02,1.030798e-01,9.700273e-02,3.969765e-02,1.088323e-02,4.621177e-03,2.505024e-01,9.302087e-02,3.663803e-03,3.992005e-03,5.312404e-03,4.090430e-02,4.047246e-03,1.964847e-02
1.977085e-01,5.060759e-02,8.653660e-02,8.846003e-02,2.968459e-02,8.292902e-03,3.962609e-03,4.119311e-01,6.596336e-02,2.694673e-03,3.150165e-03,4.114668e-03,2.967037e-02,3.040078e-03,1.418278e-02
2.075297e-01,3.684696e-02,6.692546e-02,8.288963e-02,2.444934e-02,6.923167e-03,3.526499e-03,4.753831e-01,4.862793e-02,2.159159e-03,2.789563e-03,3.735550e-03,2.519639e-02,2.386235e-03,1.063131e-02
2.149502e-01,2.712009e-02,5.079772e-02,7.037194e-02,1.931188e-02,6.577985e-03,3.278173e-03,5.316722e-01,3.726852e-02,1.825033e-03,2.654419e-03,3.839658e-03,1.980017e-02,2.121957e-03,8.410079e-03
2.319609e-01,1.993205e-02,3.896717e-02,5.728714e-02,1.657730e-02,5.850031e-03,3.436952e-03,5.621026e-01,2.870281e-02,1.410069e-03,2.252891e-03,3.376856e-03,1.972578e-02,1.882240e-03,6.535268e-03
2.869338e-01,1.454349e-02,3.366383e-02,6.399408e-02,1.307219e-02,7.162702e-03,3.669417e-03,5.096776e-01,2.232617e-02,1.192289e-03,2.263242e-03,4.318753e-03,2.951604e-02,1.724713e-03,5.941691e-03
2.521000e-01,1.086543e-02,2.988373e-02,6.299081e-02,9.741387e-03,7.187104e-03,3.310957e-03,5.649565e-01,1.674436e-02,1.131726e-03,1.928823e-03,3.691612e-03,2.851326e-02,1.552459e-03,5.401962e-03
2.668095e-01,8.018865e-03,2.992045e-02,4.744819e-02,7.549235e-03,7.322131e-03,3.397262e-03,5.755411e-01,1.275190e-02,9.079458e-04,1.703194e-03,3.331979e-03,2.897974e-02,1.397224e-03,4.921360e-03
2.556679e-01,5.994144e-03,2.691014e-02,3.508840e-02,5.998282e-03,7.523287e-03,3.691965e-03,6.122149e-01,1.016654e-02,7.433000e-04,1.472327e-03,3.060966e-03,2.612719e-02,1.182587e-03,4.158171e-03
2.994326e-01,4.608163e-03,2.082044e-02,2.544500e-02,4.699203e-03,1.242104e-02,3.481702e-03,5.869452e-01,7.981002e-03,5.986713e-04,1.274474e-03,3.587055e-03,2.365065e-02,9.904134e-04,4.064362e-03
3.728255e-01,3.898252e-03,1.747794e-02,1.926311e-02,4.180338e-03,1.968631e-02,3.625051e-03,5.192855e-01,5.984220e-03,8.588352e-04,1.606585e-03,5.690688e-03,1.903723e-02,1.235913e-03,5.344546e-03
3.131449e-01,3.843077e-03,1.478131e-02,1.529180e-02,3.695523e-03,2.003767e-01,3.086774e-03,3.877200e-01,4.654946e-03,6.415399e-03,4.621302e-03,1.506522e-02,1.840956e-02,1.638209e-03,7.255392e-03
2.543638e-01,3.685104e-03,1.187075e-02,1.260209e-02,2.909530e-03,3.066897e-01,2.547067e-03,2.733606e-01,4.048617e-03,5.927611e-02,7.511022e-03,3.139352e-02,1.970296e-02,1.652712e-03,8.386424e-03
2.442080e-01,4.142048e-03,9.092839e-03,1.130641e-02,2.670375e-03,3.312474e-01,2.033740e-03,1.924910e-01,3.717164e-03,1.042326e-01,9.238923e-03,4.964970e-02,2.476380e-02,1.776193e-03,9.429818e-03
2.069159e-01,3.976121e-03,6.847816e-03,1.051768e-02,2.097439e-03,2.713114e-01,1.559717e-03,1.350125e-01,3.724693e-03,1.671909e-01,2.031004e-02,1.233487e-01,3.324956e-02,2.716984e-03,1.122059e-02
1.534403e-01,3.231820e-03,4.903681e-03,9.366843e-03,1.666076e-03,2.268199e-01,1.214605e-03,9.457899e-02,4.035427e-03,1.838979e-01,2.773765e-02,2.383028e-01,3.699768e-02,3.450469e-03,1.035576e-02
1.141259e-01,4.101733e-03,3.703559e-03,9.049994e-03,1.450589e-03,2.321012e-01,9.367050e-04,6.627315e-02,6.218856e-03,1.493669e-01,3.662465e-02,3.236844e-01,3.902435e-02,3.222263e-03,1.011583e-02
8.262344e-02,4.896290e-03,2.742192e-03,7.265152e-03,1.560083e-03,1.695576e-01,7.069350e-04,4.649105e-02,2.042938e-02,1.142722e-01,3.903897e-02,4.639835e-01,3.493159e-02,3.361529e-03,8.140075e-03
6.290428e-02,7.955367e-03,2.033227e-03,5.438618e-03,1.421104e-03,1.209287e-01,5.349112e-04,3.260745e-02,4.050361e-02,8.901262e-02,3.737357e-02,5.519223e-01,3.699838e-02,3.342550e-03,7.023322e-03
6.160440e-02,9.521634e-03,1.771289e-03,4.870681e-03,3.936731e-03,8.701953e-02,8.168858e-04,2.367746e-02,1.075558e-01,6.984927e-02,3.090538e-02,5.525979e-01,3.669147e-02,3.383722e-03,5.797738e-03
6.323247e-02,8.777522e-03,1.438635e-03,3.800446e-03,3.793947e-03,6.408942e-02,6.602519e-04,1.698986e-02,9.419157e-02,5.620212e-02,3.530801e-02,6.120271e-01,3.125903e-02,3.828557e-03,4.401071e-03
5.678805e-02,8.389423e-03,1.283993e-03,3.074118e-03,3.612719e-03,4.904141e-02,5.535865e-04,1.254405e-02,9.425049e-02,4.687050e-02,3.718135e-02,6.514167e-01,2.798080e-02,3.679221e-03,3.333672e-03
6.059507e-02,1.978396e-02,2.054846e-03,3.040910e-03,4.398462e-03,3.858908e-02,4.497805e-04,9.469162e-03,1.264196e-01,4.288476e-02,4.589814e-02,6.110537e-01,2.667454e-02,4.709391e-03,3.978547e-03
6.558258e-02,2.615368e-02,2.153726e-03,3.839544e-03,4.150097e-03,2.977753e-02,3.846898e-04,7.708522e-03,1.178326e-01,3.589069e-02,5.706284e-02,6.107708e-01,2.996306e-02,4.654665e-03,4.074953e-03
6.824480e-02,2.985285e-02,3.366747e-03,1.051820e-02,7.386467e-03,2.390786e-02,6.189729e-04,1.082795e-02,1.958620e-01,2.719143e-02,6.075323e-02,5.188277e-01,3.350401e-02,4.174158e-03,4.963524e-03
8.195499e-02,3.296654e-02,3.960533e-03,6.686463e-02,1.501578e-02,2.201017e-02,9.966912e-04,1.420706e-02,2.598018e-01,2.329836e-02,5.038539e-02,3.852141e-01,2.807232e-02,4.959619e-03,1.029200e-02
1.505461e-01,3.094398e-02,3.904757e-03,7.236359e-02,2.438619e-02,2.052038e-02,1.703740e-03,1.223947e-02,2.557802e-01,1.824370e-02,5.808530e-02,2.938638e-01,2.554912e-02,6.651030e-03,2.521862e-02
1.454369e-01,2.987865e-02,4.636149e-03,1.164342e-01,2.862760e-02,2.034193e-02,2.258352e-03,1.241500e-02,2.989688e-01,1.690898e-02,4.523532e-02,2.196280e-01,2.485642e-02,6.108320e-03,2.826530e-02
1.553268e-01,3.083126e-02,4.144769e-03,9.583875e-02,3.144937e-02,1.751738e-02,3.063125e-03,1.169489e-02,3.872701e-01,1.492095e-02,3.622227e-02,1.597418e-01,2.221418e-02,5.790987e-03,2.397348e-02
1.594059e-01,2.561969e-02,3.740780e-03,7.972731e-02,4.142157e-02,1.789065e-02,3.768714e-03,8.904964e-03,4.449904e-01,1.202655e-02,2.958938e-02,1.219924e-01,1.882607e-02,4.719120e-03,2.737658e-02
1.467817e-01,2.766719e-02,6.551466e-03,1.973466e-01,3.238375e-02,1.692992e-02,2.830860e-03,7.400499e-03,3.871506e-01,1.313367e-02,2.757931e-02,9.011585e-02,1.606646e-02,3.912576e-03,2.414949e-02
2.213725e-01,2.794036e-02,6.612326e-03,1.566354e-01,3.366731e-02,1.881508e-02,2.652283e-03,6.523069e-03,3.358752e-01,1.209924e-02,2.566874e-02,7.686201e-02,1.925478e-02,4.377574e-03,5.164415e-02
2.409820e-01,2.624057e-02,8.794675e-03,1.307954e-01,4.147137e-02,2.014017e-02,3.264046e-03,1.451562e-02,3.347315e-01,1.245397e-02,2.569969e-02,6.847472e-02,2.108186e-02,3.926617e-03,4.742777e-02
2.959279e-01,2.157754e-02,7.298529e-03,1.008549e-01,4.497536e-02,1.891748e-02,3.369888e-03,1.512859e-02,3.307652e-01,1.088430e-02,2.301021e-02,5.848245e-02,2.174776e-02,4.599849e-03,4.246007e-02
2.696372e-01,3.306142e-02,2.587102e-02,1.397670e-01,3.308833e-02,1.705789e-02,2.615469e-03,1.217103e-02,2.950785e-01,1.298259e-02,2.111600e-02,4.915958e-02,2.683331e-02,3.800319e-03,5.776031e-02
2.027037e-01,3.724693e-02,2.087829e-02,1.057407e-01,2.664123e-02,1.814828e-02,2.547375e-03,9.817844e-03,2.814915e-01,9.737817e-03,2.328005e-02,3.585166e-02,1.713094e-01,3.102127e-03,5.150306e-02
1.617583e-01,3.030903e-02,1.578080e-02,7.647077e-02,2.393128e-02,1.857184e-02,3.866441e-03,1.488950e-02,3.337048e-01,7.349197e-03,2.447671e-02,2.701578e-02,1.847188e-01,3.034338e-03,7.412243e-02
1.268585e-01,3.606463e-02,1.461421e-02,6.613405e-02,2.113202e-02,1.562403e-02,3.744184e-03,1.081916e-02,4.387925e-01,8.006340e-03,2.044783e-02,2.070584e-02,1.533697e-01,4.053500e-03,5.963356e-02
9.464104e-02,3.326416e-02,1.410459e-02,6.543083e-02,1.645190e-02,1.570527e-02,3.447756e-03,8.740838e-03,3.583023e-01,1.619546e-02,2.591381e-02,2.117527e-02,1.726713e-01,1.988886e-02,1.340666e-01
7.062395e-02,2.459904e-02,1.112606e-02,4.938588e-02,1.197757e-02,1.293616e-02,3.143141e-03,6.372686e-03,2.602236e-01,2.121962e-02,3.731813e-02,3.605039e-02,2.554784e-01,2.249644e-02,1.770489e-01
5.052233e-02,1.835950e-02,9.125575e-03,3.565080e-02,8.846882e-03,9.828896e-03,2.324327e-03,4.787800e-03,1.849160e-01,1.575131e-02,3.277626e-02,2.914476e-02,2.492828e-01,1.688432e-02,3.317985e-01
3.611689e-02,1.351812e-02,7.812547e-03,2.539441e-02,9.410152e-03,7.381135e-03,3.343141e-03,5.633838e-03,1.350439e-01,1.218032e-02,3.494932e-02,2.487743e-02,2.151310e-01,2.304980e-02,4.461581e-01
3.130200e-02,1.103907e-02,6.527986e-03,1.878880e-02,7.236127e-03,7.221402e-03,3.791846e-03,1.324795e-02,1.008186e-01,1.118324e-02,3.146692e-02,1.898304e-02,1.722122e-01,4.412576e-02,5.220551e-01
2.336792e-02,2.650726e-02,1.352450e-02,3.543858e-02,7.549380e-03,6.424635e-03,3.238629e-03,1.202075e-02,2.467664e-01,8.762209e-03,2.520850e-02,1.645809e-02,1.427384e-01,3.343810e-02,3.985566e-01
3.392698e-02,2.536780e-02,3.248062e-02,6.177457e-02,7.692819e-03,1.026895e-02,3.617473e-03,1.153459e-02,1.893937e-01,2.792755e-02,4.593711e-02,4.012867e-02,1.475485e-01,5.032158e-02,3.120793e-01
3.391319e-02,2.004101e-02,4.366092e-02,5.744232e-02,8.860410e-03,9.439081e-03,4.569245e-03,1.525802e-02,1.412404e-01,2.412908e-02,7.660679e-02,4.717200e-02,1.856808e-01,4.103496e-02,2.909518e-01
4.738890e-02,1.724174e-02,4.607411e-02,5.135411e-02,1.408267e-02,1.181624e-02,5.489295e-03,2.111836e-02,1.167989e-01,2.385225e-02,8.960182e-02,5.087440e-02,2.353393e-01,3.510324e-02,2.338647e-01
4.322431e-02,2.283052e-02,9.251197e-02,3.865612e-02,4.753537e-02,1.165659e-02,8.320725e-03,3.489830e-02,9.855937e-02,2.107197e-02,1.020019e-01,4.380548e-02,2.113428e-01,3.782652e-02,1.857581e-01
5.455325e-02,2.489370e-02,1.023334e-01,5.270635e-02,5.273634e-02,1.546640e-02,8.472527e-03,5.298445e-02,1.310366e-01,2.316500e-02,8.489179e-02,3.921290e-02,1.805487e-01,3.430212e-02,1.426965e-01
7.933877e-02,2.897718e-02,8.994925e-02,5.334119e-02,4.517070e-02,1.498915e-02,6.458763e-03,4.114188e-02,1.426284e-01,2.918246e-02,6.882620e-02,3.382246e-02,1.457804e-01,3.352439e-02,1.868688e-01
7.337806e-02,2.912232e-02,1.087370e-01,4.601918e-02,4.855393e-02,1.638928e-02,6.356606e-03,4.318523e-02,1.315449e-01,2.420876e-02,6.779157e-02,4.805690e-02,1.792481e-01,2.828588e-02,1.491223e-01
8.043596e-02,3.690137e-02,1.028745e-01,4.370589e-02,4.970440e-02,1.866990e-02,6.316252e-03,4.910199e-02,1.307159e-01,2.259329e-02,6.944598e-02,5.889472e-02,1.811215e-01,2.553083e-02,1.239875e-01
9.207474e-02,3.025182e-02,8.140610e-02,3.234428e-02,7.071041e-02,1.676764e-02,1.279993e-02,1.112729e-01,1.118591e-01,2.185956e-02,7.091570e-02,5.558755e-02,1.725854e-01,2.180662e-02,9.775831e-02
1.018830e-01,3.547253e-02,6.694576e-02,2.684183e-02,6.367734e-02,1.887271e-02,1.065385e-02,1.369284e-01,1.010820e-01,2.075333e-02,5.806673e-02,4.894587e-02,2.061429e-01,2.020759e-02,8.352611e-02
1.625880e-01,2.839231e-02,5.326577e-02,2.458195e-02,4.870100e-02,1.905786e-02,8.502083e-03,1.518608e-01,8.369412e-02,1.996376e-02,4.502357e-02,6.330975e-02,2.033653e-01,1.929625e-02,6.839745e-02
1.590286e-01,2.330304e-02,5.368137e-02,4.796093e-02,4.213571e-02,1.715590e-02,6.437179e-03,1.811762e-01,8.512484e-02,2.626216e-02,4.182271e-02,6.417972e-02,1.832483e-01,1.625236e-02,5.223094e-02
1.311917e-01,1.935724e-02,5.982295e-02,7.013486e-02,3.823043e-02,1.624363e-02,5.333823e-03,1.425123e-01,8.113374e-02,5.233836e-02,5.061856e-02,8.192357e-02,1.853200e-01,1.948079e-02,4.635807e-02
1.512200e-01,2.637640e-02,7.340268e-02,5.348127e-02,4.867823e-02,3.285805e-02,8.659231e-03,1.180481e-01,1.134277e-01,4.237940e-02,5.632022e-02,7.076681e-02,1.468029e-01,1.705310e-02,4.052588e-02
1.625200e-01,3.345468e-02,8.424516e-02,4.513506e-02,5.119187e-02,3.724856e-02,1.055230e-02,9.453922e-02,1.418456e-01,3.779806e-02,4.819023e-02,5.647358e-02,1.138197e-01,1.817910e-02,6.480698e-02
1.207408e-01,5.958434e-02,6.848734e-02,5.426424e-02,5.084153e-02,3.448384e-02,7.960054e-03,6.906979e-02,2.419722e-01,3.515129e-02,4.575730e-02,4.484439e-02,8.777250e-02,1.512360e-02,6.394675e-02
1.226578e-01,5.512829e-02,6.634045e-02,5.871489e-02,5.110756e-02,3.429897e-02,6.445719e-03,6.396959e-02,2.217697e-01,7.377326e-02,4.335515e-02,3.708147e-02,6.854708e-02,1.454953e-02,8.226054e-02
1.258295e-01,4.821444e-02,5.388228e-02,4.579961e-02,4.973843e-02,2.753608e-02,4.948120e-03,5.579388e-02,1.772197e-01,7.777689e-02,3.383805e-02,2.708321e-02,5.090497e-02,1.692288e-02,2.045120e-01
1.002238e-01,4.275326e-02,6.398395e-02,4.154396e-02,3.968313e-02,2.296164e-02,3.815196e-03,5.287014e-02,2.113249e-01,1.096487e-01,2.734008e-02,1.953000e-02,3.660389e-02,2.639823e-02,2.013191e-01
1.014436e-01,3.677297e-02,5.969331e-02,3.290233e-02,3.397474e-02,1.916289e-02,3.451701e-03,5.271667e-02,1.694051e-01,1.272230e-01,2.229496e-02,1.466777e-02,2.747826e-02,4.497708e-02,2.538357e-01
1.159882e-01,2.832422e-02,5.882360e-02,2.377844e-02,2.699827e-02,1.828714e-02,3.033435e-03,4.814478e-02,1.274938e-01,1.233099e-01,1.760378e-02,1.135878e-02,2.107940e-02,6.379654e-02,3.119798e-01
1.389779e-01,2.323633e-02,5.690251e-02,1.801559e-02,3.032165e-02,4.297413e-02,2.855102e-03,3.730562e-02,1.003939e-01,1.339332e-01,1.551623e-02,8.451157e-03,1.579369e-02,7.973512e-02,2.955880e-01
1.396606e-01,2.156291e-02,4.893861e-02,1.435992e-02,3.678265e-02,8.490994e-02,3.099621e-03,3.396130e-02,7.429700e-02,1.066928e-01,1.310101e-02,6.912842e-03,1.266272e-02,6.459714e-02,3.384610e-01
1.411727e-01,2.247522e-02,4.101654e-02,1.332657e-02,3.043063e-02,1.037993e-01,2.841994e-03,2.486798e-02,6.747156e-02,8.398660e-02,1.459062e-02,6.924707e-03,1.159298e-02,8.304936e-02,3.524533e-01
1.394750e-01,1.768215e-02,3.464524e-02,1.077869e-02,2.669959e-02,1.090086e-01,2.449342e-03,1.922234e-02,5.456178e-02,6.122845e-02,1.167992e-02,5.706671e-03,9.446500e-03,7.526816e-02,4.221476e-01
1.876851e-01,1.932506e-02,5.299585e-02,1.494239e-02,2.466986e-02,1.208126e-01,2.177034e-03,1.650834e-02,5.115830e-02,5.523276e-02,1.112221e-02,6.039056e-03,7.972176e-03,7.759384e-02,3.517655e-01
2.111247e-01,2.250626e-02,7.989207e-02,2.055496e-02,1.995805e-02,9.575232e-02,1.778706e-03,1.262090e-02,1.142401e-01,5.677305e-02,1.357611e-02,1.048705e-02,9.263996e-03,7.625807e-02,2.552136e-01
1.561204e-01,1.787271e-02,6.673849e-02,1.600117e-02,1.436721e-02,6.874918e-02,1.298129e-03,9.015298e-03,2.138653e-01,9.320752e-02,1.588206e-02,7.868877e-03,7.675893e-03,8.096895e-02,2.303689e-01
1.151446e-01,1.312170e-02,4.886370e-02,1.229771e-02,1.017525e-02,4.877863e-02,9.257304e-04,6.576298e-03,4.183914e-01,7.343965e-02,1.341688e-02,5.629330e-03,6.413287e-03,5.959423e-02,1.672317e-01
8.493907e-02,1.036217e-02,3.701326e-02,1.022378e-02,7.359670e-03,3.458396e-02,6.876781e-04,4.870777e-03,5.357796e-01,7.478607e-02,1.116309e-02,4.091687e-03,5.705543e-03,4.635141e-02,1.320823e-01
5.997013e-02,7.910141e-03,2.977967e-02,8.641326e-03,5.239540e-03,2.424439e-02,4.875126e-04,3.435367e-03,6.636493e-01,5.392792e-02,8.081003e-03,2.991487e-03,4.291994e-03,3.300938e-02,9.434085e-02
4.738728e-02,8.137982e-03,4.056919e-02,8.618579e-03,3.869428e-03,1.720476e-02,3.922537e-04,2.969275e-03,6.959133e-01,4.684432e-02,6.904125e-03,2.434178e-03,3.880790e-03,2.979950e-02,8.507513e-02
5.355735e-02,7.493161e-03,5.003992e-02,7.961949e-03,4.287078e-03,1.295381e-02,3.565372e-04,2.725803e-03,5.098867e-01,4.366171e-02,1.740129e-02,2.078108e-03,4.574731e-03,4.012265e-02,2.428992e-01
6.932114e-02,6.561877e-03,4.109982e-02,6.033414e-03,3.356008e-03,1.081436e-02,2.912570e-04,2.226505e-03,3.656271e-01,4.386349e-02,1.538561e-02,1.632895e-03,4.000040e-03,5.730476e-02,3.724817e-01
6.455262e-02,8.327537e-03,8.775285e-02,8.907760e-03,3.336440e-03,1.029030e-02,3.002119e-04,1.862449e-03,2.675643e-01,3.645919e-02,1.767971e-02,1.717148e-03,5.061001e-03,5.122424e-02,4.349643e-01
4.799102e-02,7.087041e-03,1.675647e-01,8.637391e-03,2.883849e-03,9.688759e-03,2.433183e-04,1.353248e-03,2.122626e-01,4.105375e-02,2.443871e-02,2.229283e-03,8.127184e-03,8.492550e-02,3.815136e-01
4.590812e-02,8.051312e-03,2.055456e-01,7.278450e-03,5.372019e-03,8.198278e-03,4.510992e-04,1.699941e-03,1.569808e-01,5.123741e-02,3.712789e-02,2.932953e-03,1.303657e-02,7.689026e-02,3.792893e-01
3.861851e-02,9.694012e-03,2.631590e-01,1.071634e-02,1.056437e-02,7.130540e-03,9.608308e-04,4.194891e-03,1.158773e-01,4.870489e-02,4.034730e-02,4.666822e-03,1.882047e-02,5.723503e-02,3.693097e-01
4.307641e-02,1.894118e-02,2.764133e-01,1.068300e-02,1.443907e-02,7.037303e-03,1.094430e-03,8.066313e-03,1.081475e-01,8.539307e-02,4.542179e-02,6.168691e-03,2.644258e-02,4.680019e-02,3.018752e-01
5.071481e-02,3.351506e-02,2.595603e-01,9.789413e-03,1.486707e-02,6.474540e-03,1.008771e-03,1.379912e-02,9.351959e-02,1.112602e-01,3.596721e-02,5.768808e-03,2.371372e-02,3.936280e-02,3.006786e-01
5.190555e-02,3.433137e-02,2.095355e-01,9.499340e-03,2.157022e-02,6.040945e-03,1.084943e-03,2.980381e-02,8.183620e-02,1.817284e-01,3.013110e-02,4.673591e-03,1.933428e-02,3.410595e-02,2.844188e-01
5.072555e-02,3.519735e-02,2.421785e-01,2.178456e-02,3.441107e-02,5.584989e-03,1.456994e-03,8.163194e-02,7.689019e-02,1.627173e-01,2.496795e-02,4.064119e-03,1.702770e-02,2.549018e-02,2.158716e-01
5.108779e-02,3.491744e-02,2.678682e-01,3.329984e-02,4.257543e-02,4.972494e-03,1.380606e-03,1.224148e-01,6.700704e-02,1.419845e-01,2.011267e-02,3.701913e-03,1.389261e-02,2.073809e-02,1.740466e-01
6.529362e-02,2.911910e-02,2.261547e-01,6.216888e-02,4.182288e-02,4.901487e-03,1.293911e-03,1.975487e-01,7.338586e-02,1.187567e-01,1.840086e-02,6.877565e-03,1.281454e-02,1.586066e-02,1.256005e-01
7.594289e-02,3.247518e-02,1.786185e-01,7.412073e-02,3.975221e-02,4.367383e-03,1.161999e-03,2.670665e-01,7.426177e-02,1.060888e-01,1.719106e-02,7.168131e-03,1.087503e-02,1.372588e-02,9.718385e-02
8.919411e-02,3.792463e-02,1.568498e-01,1.375990e-01,3.575605e-02,4.454471e-03,1.254986e-03,2.811325e-01,6.244102e-02,7.733724e-02,1.388790e-02,5.961654e-03,8.456663e-03,1.261813e-02,7.513189e-02
9.123313e-02,3.056697e-02,1.145192e-01,1.167844e-01,2.956633e-02,3.878111e-03,1.253161e-03,4.232223e-01,4.827460e-02,5.553786e-02,1.036845e-02,4.794312e-03,6.378374e-03,9.850249e-03,5.377254e-02
9.895316e-02,2.585567e-02,8.461800e-02,9.662014e-02,2.945749e-02,3.605731e-03,1.174973e-03,5.215741e-01,3.539221e-02,3.965272e-02,7.811157e-03,4.045032e-03,5.002064e-03,7.350565e-03,3.888704e-02
1.016205e-01,2.062660e-02,6.328993e-02,7.524402e-02,2.481916e-02,4.337357e-03,1.273947e-03,6.070861e-01,2.657558e-02,2.840336e-02,5.999419e-03,3.542350e-03,3.944057e-03,5.555451e-03,2.768218e-02
1.276642e-01,1.657325e-02,4.632002e-02,5.829528e-02,2.352411e-02,4.969595e-03,1.543545e-03,6.447044e-01,2.000120e-02,2.057928e-02,4.767130e-03,3.533509e-03,3.422840e-03,4.175306e-03,1.992629e-02
1.551713e-01,1.278235e-02,3.433597e-02,4.841178e-02,2.250198e-02,4.984391e-03,1.991713e-03,6.630763e-01,1.495665e-02,1.460583e-02,3.593580e-03,3.259789e-03,2.961298e-03,3.100641e-03,1.426638e-02
1.438122e-01,9.777389e-03,2.738778e-02,3.802630e-02,1.920336e-02,4.288315e-03,2.471774e-03,7.134426e-01,1.110071e-02,1.040372e-02,2.649467e-03,2.515759e-03,2.539397e-03,2.285998e-03,1.009526e-02
1.539567e-01,8.240905e-03,2.111619e-02,3.011901e-02,1.775127e-02,3.724588e-03,2.860927e-03,7.306461e-01,8.991311e-03,7.361123e-03,1.991190e-03,2.184637e-03,2.131850e-03,1.697792e-03,7.226400e-03
1.672953e-01,6.379843e-03,1.627220e-02,2.456549e-02,1.694643e-02,3.622222e-03,3.235518e-03,7.367445e-01,7.045132e-03,5.245945e-03,1.571552e-03,2.612955e-03,1.940258e-03,1.262565e-03,5.260152e-03
1.806559e-01,4.828047e-03,1.267582e-02,1.953836e-02,1.714025e-02,3.833035e-03,4.190420e-03,7.368464e-01,5.467814e-03,3.771085e-03,1.294153e-03,3.024521e-03,1.924324e-03,9.445448e-04,3.865368e-03
