1.000000e+00,0.000000e+00,0.000000e+00,0.000000e+00,0.000000e+00,0.000000e+00,0.000000e+00,0.000000e+00,0.000000e+00,0.000000e+00,0.000000e+00,0.000000e+00,0.000000e+00,0.000000e+00,0.000000e+00
1.000000e+00,0.000000e+00,0.000000e+00,0.000000e+00,0.000000e+00,0.000000e+00,0.000000e+00,0.000000e+00,0.000000e+00,0.000000e+00,0.000000e+00,0.000000e+00,0.000000e+00,0.000000e+00,0.000000e+00
1.000000e+00,0.000000e+00,0.000000e+00,0.000000e+00,0.000000e+00,0.000000e+00,0.000000e+00,0.000000e+00,0.000000e+00,0.000000e+00,0.000000e+00,0.000000e+00,0.000000e+00,0.000000e+00,0.000000e+00
1.000000e+00,0.000000e+00,0.000000e+00,0.000000e+00,0.000000e+00,0.000000e+00,0.000000e+00,0.000000e+00,0.000000e+00,0.000000e+00,0.000000e+00,0.000000e+00,0.000000e+00,0.000000e+00,0.000000e+00
1.000000e+00,0.000000e+00,0.000000e+00,0.000000e+00,0.000000e+00,0.000000e+00,0.000000e+00,0.000000e+00,0.000000e+00,0.000000e+00,0.000000e+00,0.000000e+00,0.000000e+00,0.000000e+00,0.000000e+00
1.000000e+00,0.000000e+00,0.000000e+00,0.000000e+00,0.000000e+00,0.000000e+00,0.000000e+00,0.000000e+00,0.000000e+00,0.000000e+00,0.000000e+00,0.000000e+00,0.000000e+00,0.000000e+00,0.000000e+00
1.000000e+00,0.000000e+00,0.000000e+00,0.000000e+00,0.000000e+00,0.000000e+00,0.000000e+00,0.000000e+00,0.000000e+00,0.000000e+00,0.000000e+00,0.000000e+00,0.000000e+00,0.000000e+00,0.000000e+00
1.000000e+00,0.000000e+00,0.000000e+00,0.000000e+00,0.000000e+00,0.000000e+00,0.000000e+00,0.000000e+00,0.000000e+00,0.000000e+00,0.000000e+00,0.000000e+00,0.000000e+00,0.000000e+00,0.000000e+00
1.000000e+00,0.000000e+00,0.000000e+00,0.000000e+00,0.000000e+00,0.000000e+00,0.000000e+00,0.000000e+00,0.000000e+00,0.000000e+00,0.000000e+00,0.000000e+00,0.000000e+00,0.000000e+00,0.000000e+00
1.000000e+00,0.000000e+00,0.000000e+00,0.000000e+00,0.000000e+00,0.000000e+00,0.000000e+00,0.000000e+00,0.000000e+00,0.000000e+00,0.000000e+00,0.000000e+00,0.000000e+00,0.000000e+00,0.000000e+00
1.000000e+00,0.000000e+00,0.000000e+00,0.000000e+00,0.000000e+00,0.000000e+00,0.000000e+00,0.000000e+00,0.000000e+00,0.000000e+00,0.000000e+00,0.000000e+00,0.000000e+00,0.000000e+00,0.000000e+00
1.000000e+00,0.000000e+00,0.000000e+00,0.000000e+00,0.000000e+00,0.000000e+00,0.000000e+00,0.000000e+00,0.000000e+00,0.000000e+00,0.000000e+00,0.000000e+00,0.000000e+00,0.000000e+00,0.000000e+00
1.000000e+00,0.000000e+00,0.000000e+00,0.000000e+00,0.000000e+00,0.000000e+00,0.000000e+00,0.000000e+00,0.000000e+00,0.000000e+00,0.000000e+00,0.000000e+00,0.000000e+00,0.000000e+00,0.000000e+00
1.000000e+00,0.000000e+00,0.000000e+00,0.000000e+00,0.000000e+00,0.000000e+00,0.000000e+00,0.000000e+00,0.000000e+00,0.000000e+00,0.000000e+00,0.000000e+00,0.000000e+00,0.000000e+00,0.000000e+00
1.000000e+00,0.000000e+00,0.000000e+00,0.000000e+00,0.000000e+00,0.000000e+00,0.000000e+00,0.000000e+00,0.000000e+00,0.000000e+00,0.000000e+00,0.000000e+00,0.000000e+00,0.000000e+00,0.000000e+00
1.000000e+00,0.000000e+00,0.000000e+00,0.000000e+00,0.000000e+00,0.000000e+00,0.000000e+00,0.000000e+00,0.000000e+00,0.000000e+00,0.000000e+00,0.000000e+00,0.000000e+00,0.000000e+00,0.000000e+00
1.000000e+00,0.000000e+00,0.000000e+00,0.000000e+00,0.000000e+00,0.000000e+00,0.000000e+00,0.000000e+00,0.000000e+00,0.000000e+00,0.000000e+00,0.000000e+00,0.000000e+00,0.000000e+00,0.000000e+00
1.000000e+00,0.000000e+00,0.000000e+00,0.000000e+00,0.000000e+00,0.000000e+00,0.000000e+00,0.000000e+00,0.000000e+00,0.000000e+00,0.000000e+00,0.000000e+00,0.000000e+00,0.000000e+00,0.000000e+00
1.000000e+00,0.000000e+00,0.000000e+00,0.000000e+00,0.000000e+00,0.000000e+00,0.000000e+00,0.000000e+00,0.000000e+00,0.000000e+00,0.000000e+00,0.000000e+00,0.000000e+00,0.000000e+00,0.000000e+00
1.000000e+00,0.000000e+00,0.000000e+00,0.000000e+00,0.000000e+00,0.000000e+00,0.000000e+00,0.000000e+00,0.000000e+00,0.000000e+00,0.000000e+00,0.000000e+00,0.000000e+00,0.000000e+00,0.000000e+00
1.000000e+00,0.000000e+00,0.000000e+00,0.000000e+00,0.000000e+00,0.000000e+00,0.000000e+00,0.000000e+00,0.000000e+00,0.000000e+00,0.000000e+00,0.000000e+00,0.000000e+00,0.000000e+00,0.000000e+00
1.000000e+00,0.000000e+00,0.000000e+00,0.000000e+00,0.000000e+00,0.000000e+00,0.000000e+00,0.000000e+00,0.000000e+00,0.000000e+00,0.000000e+00,0.000000e+00,0.000000e+00,0.000000e+00,0.000000e+00
1.000000e+00,0.000000e+00,0.000000e+00,0.000000e+00,0.000000e+00,0.000000e+00,0.000000e+00,0.000000e+00,0.000000e+00,0.000000e+00,0.000000e+00,0.000000e+00,0.000000e+00,0.000000e+00,0.000000e+00
1.000000e+00,0.000000e+00,0.000000e+00,0.000000e+00,0.000000e+00,0.000000e+00,0.000000e+00,0.000000e+00,0.000000e+00,0.000000e+00,0.000000e+00,0.000000e+00,0.000000e+00,0.000000e+00,0.000000e+00
1.000000e+00,0.000000e+00,0.000000e+00,0.000000e+00,0.000000e+00,0.000000e+00,0.000000e+00,0.000000e+00,0.000000e+00,0.000000e+00,0.000000e+00,0.000000e+00,0.000000e+00,0.000000e+00,0.000000e+00
1.000000e+00,0.000000e+00,0.000000e+00,0.000000e+00,0.000000e+00,0.000000e+00,0.000000e+00,0.000000e+00,0.000000e+00,0.000000e+00,0.000000e+00,0.000000e+00,0.000000e+00,0.000000e+00,0.000000e+00
1.000000e+00,0.000000e+00,0.000000e+00,0.000000e+00,0.000000e+00,0.000000e+00,0.000000e+00,0.000000e+00,0.000000e+00,0.000000e+00,0.000000e+00,0.000000e+00,0.000000e+00,0.000000e+00,0.000000e+00
1.000000e+00,0.000000e+00,0.000000e+00,0.000000e+00,0.000000e+00,0.000000e+00,0.000000e+00,0.000000e+00,0.000000e+00,0.000000e+00,0.000000e+00,0.000000e+00,0.000000e+00,0.000000e+00,0.000000e+00
1.000000e+00,0.000000e+00,0.000000e+00,0.000000e+00,0.000000e+00,0.000000e+00,0.000000e+00,0.000000e+00,0.000000e+00,0.000000e+00,0.000000e+00,0.000000e+00,0.000000e+00,0.000000e+00,0.000000e+00
1.000000e+00,0.000000e+00,0.000000e+00,0.000000e+00,0.000000e+00,0.000000e+00,0.000000e+00,0.000000e+00,0.000000e+00,0.000000e+00,0.000000e+00,0.000000e+00,0.000000e+00,0.000000e+00,0.000000e+00
1.000000e+00,0.000000e+00,0.000000e+00,0.000000e+00,0.000000e+00,0.000000e+00,0.000000e+00,0.000000e+00,0.000000e+00,0.000000e+00,0.000000e+00,0.000000e+00,0.000000e+00,0.000000e+00,0.000000e+00
1.000000e+00,0.000000e+00,0.000000e+00,0.000000e+00,0.000000e+00,0.000000e+00,0.000000e+00,0.000000e+00,0.000000e+00,0.000000e+00,0.000000e+00,0.000000e+00,0.000000e+00,0.000000e+00,0.000000e+00
1.000000e+00,0.000000e+00,0.000000e+00,0.000000e+00,0.000000e+00,0.000000e+00,0.000000e+00,0.000000e+00,0.000000e+00,0.000000e+00,0.000000e+00,0.000000e+00,0.000000e+00,0.000000e+00,0.000000e+00
1.000000e+00,0.000000e+00,0.000000e+00,0.000000e+00,0.000000e+00,0.000000e+00,0.000000e+00,0.000000e+00,0.000000e+00,0.000000e+00,0.000000e+00,0.000000e+00,0.000000e+00,0.000000e+00,0.000000e+00
1.000000e+00,0.000000e+00,0.000000e+00,0.000000e+00,0.000000e+00,0.000000e+00,0.000000e+00,0.000000e+00,0.000000e+00,0.000000e+00,0.000000e+00,0.000000e+00,0.000000e+00,0.000000e+00,0.000000e+00
1.000000e+00,0.000000e+00,0.000000e+00,0.000000e+00,0.000000e+00,0.000000e+00,0.000000e+00,0.000000e+00,0.000000e+00,0.000000e+00,0.000000e+00,0.000000e+00,0.000000e+00,0.000000e+00,0.000000e+00
1.000000e+00,0.000000e+00,0.000000e+00,0.000000e+00,0.000000e+00,0.000000e+00,0.000000e+00,0.000000e+00,0.000000e+00,0.000000e+00,0.000000e+00,0.000000e+00,0.000000e+00,0.000000e+00,0.000000e+00
1.000000e+00,0.000000e+00,0.000000e+00,0.000000e+00,0.000000e+00,0.000000e+00,0.000000e+00,0.000000e+00,0.000000e+00,0.000000e+00,0.000000e+00,0.000000e+00,0.000000e+00,0.000000e+00,0.000000e+00
1.000000e+00,0.000000e+00,0.000000e+00,0.000000e+00,0.000000e+00,0.000000e+00,0.000000e+00,0.000000e+00,0.000000e+00,0.000000e+00,0.000000e+00,0.000000e+00,0.000000e+00,0.000000e+00,0.000000e+00
1.000000e+00,0.000000e+00,0.000000e+00,0.000000e+00,0.000000e+00,0.000000e+00,0.000000e+00,0.000000e+00,0.000000e+00,0.000000e+00,0.000000e+00,0.000000e+00,0.000000e+00,0.000000e+00,0.000000e+00
1.000000e+00,0.000000e+00,0.000000e+00,0.000000e+00,0.000000e+00,0.000000e+00,0.000000e+00,0.000000e+00,0.000000e+00,0.000000e+00,0.000000e+00,0.000000e+00,0.000000e+00,0.000000e+00,0.000000e+00
1.000000e+00,0.000000e+00,0.000000e+00,0.000000e+00,0.000000e+00,0.000000e+00,0.000000e+00,0.000000e+00,0.000000e+00,0.000000e+00,0.000000e+00,0.000000e+00,0.000000e+00,0.000000e+00,0.000000e+00
1.000000e+00,0.000000e+00,0.000000e+00,0.000000e+00,0.000000e+00,0.000000e+00,0.000000e+00,0.000000e+00,0.000000e+00,0.000000e+00,0.000000e+00,0.000000e+00,0.000000e+00,0.000000e+00,0.000000e+00
1.000000e+00,0.000000e+00,0.000000e+00,0.000000e+00,0.000000e+00,0.000000e+00,0.000000e+00,0.000000e+00,0.000000e+00,0.000000e+00,0.000000e+00,0.000000e+00,0.000000e+00,0.000000e+00,0.000000e+00
1.000000e+00,0.000000e+00,0.000000e+00,0.000000e+00,0.000000e+00,0.000000e+00,0.000000e+00,0.000000e+00,0.000000e+00,0.000000e+00,0.000000e+00,0.000000e+00,0.000000e+00,0.000000e+00,0.000000e+00
1.000000e+00,0.000000e+00,0.000000e+00,0.000000e+00,0.000000e+00,0.000000e+00,0.000000e+00,0.000000e+00,0.000000e+00,0.000000e+00,0.000000e+00,0.000000e+00,0.000000e+00,0.000000e+00,0.000000e+00
1.000000e+00,0.000000e+00,0.000000e+00,0.000000e+00,0.000000e+00,0.000000e+00,0.000000e+00,0.000000e+00,0.000000e+00,0.000000e+00,0.000000e+00,0.000000e+00,0.000000e+00,0.000000e+00,0.000000e+00
1.000000e+00,0.000000e+00,0.000000e+00,0.000000e+00,0.000000e+00,0.000000e+00,0.000000e+00,0.000000e+00,0.000000e+00,0.000000e+00,0.000000e+00,0.000000e+00,0.000000e+00,0.000000e+00,0.000000e+00
1.000000e+00,0.000000e+00,0.000000e+00,0.000000e+00,0.000000e+00,0.000000e+00,0.000000e+00,0.000000e+00,0.000000e+00,0.000000e+00,0.000000e+00,0.000000e+00,0.000000e+00,0.000000e+00,0.000000e+00
1.000000e+00,0.000000e+00,0.000000e+00,0.000000e+00,0.000000e+00,0.000000e+00,0.000000e+00,0.000000e+00,0.000000e+00,0.000000e+00,0.000000e+00,0.000000e+00,0.000000e+00,0.000000e+00,0.000000e+00
1.000000e+00,0.000000e+00,0.000000e+00,0.000000e+00,0.000000e+00,0.000000e+00,0.000000e+00,0.000000e+00,0.000000e+00,0.000000e+00,0.000000e+00,0.000000e+00,0.000000e+00,0.000000e+00,0.000000e+00
1.000000e+00,0.000000e+00,0.000000e+00,0.000000e+00,0.000000e+00,0.000000e+00,0.000000e+00,0.000000e+00,0.000000e+00,0.000000e+00,0.000000e+00,0.000000e+00,0.000000e+00,0.000000e+00,0.000000e+00
1.000000e+00,0.000000e+00,0.000000e+00,0.000000e+00,0.000000e+00,0.000000e+00,0.000000e+00,0.000000e+00,0.000000e+00,0.000000e+00,0.000000e+00,0.000000e+00,0.000000e+00,0.000000e+00,0.000000e+00
1.000000e+00,0.000000e+00,0.000000e+00,0.000000e+00,0.000000e+00,0.000000e+00,0.000000e+00,0.000000e+00,0.000000e+00,0.000000e+00,0.000000e+00,0.000000e+00,0.000000e+00,0.000000e+00,0.000000e+00
1.000000e+00,0.000000e+00,0.000000e+00,0.000000e+00,0.000000e+00,0.000000e+00,0.000000e+00,0.000000e+00,0.000000e+00,0.000000e+00,0.000000e+00,0.000000e+00,0.000000e+00,0.000000e+00,0.000000e+00
1.000000e+00,0.000000e+00,0.000000e+00,0.000000e+00,0.000000e+00,0.000000e+00,0.000000e+00,0.000000e+00,0.000000e+00,0.000000e+00,0.000000e+00,0.000000e+00,0.000000e+00,0.000000e+00,0.000000e+00
1.000000e+00,0.000000e+00,0.000000e+00,0.000000e+00,0.000000e+00,0.000000e+00,0.000000e+00,0.000000e+00,0.000000e+00,0.000000e+00,0.000000e+00,0.000000e+00,0.000000e+00,0.000000e+00,0.000000e+00
1.000000e+00,0.000000e+00,0.000000e+00,0.000000e+00,0.000000e+00,0.000000e+00,0.000000e+00,0.000000e+00,0.000000e+00,0.000000e+00,0.000000e+00,0.000000e+00,0.000000e+00,0.000000e+00,0.000000e+00
1.000000e+00,0.000000e+00,0.000000e+00,0.000000e+00,0.000000e+00,0.000000e+00,0.000000e+00,0.000000e+00,0.000000e+00,0.000000e+00,0.000000e+00,0.000000e+00,0.000000e+00,0.000000e+00,0.000000e+00
4.336390e-01,2.254460e-02,1.099277e-02,1.821665e-01,3.530365e-02,7.422008e-02,1.990362e-02,1.003737e-02,3.854975e-02,8.654760e-03,4.593412e-02,2.665664e-02,6.600798e-02,1.688579e-03,2.370052e-02
3.057874e-01,1.887566e-02,8.406539e-03,1.743753e-01,2.665056e-02,5.453606e-02,1.518097e-02,8.900881e-03,4.375873e-02,8.880747e-03,8.381115e-02,2.213665e-02,9.798106e-02,5.154461e-03,1.255639e-01
2.151772e-01,1.841971e-02,6.323569e-03,1.422534e-01,2.019929e-02,4.167410e-02,1.141234e-02,6.524464e-03,4.717629e-02,8.503349e-03,1.135107e-01,1.853199e-02,9.160723e-02,6.690935e-03,2.519955e-01
1.511350e-01,3.874377e-02,7.248383e-03,2.103631e-01,1.523338e-02,4.148259e-02,8.216242e-03,4.757593e-03,1.032104e-01,1.089061e-02,9.055528e-02,1.464616e-02,7.598882e-02,5.399541e-03,2.221290e-01
1.065302e-01,5.403451e-02,6.247699e-03,2.239152e-01,1.200174e-02,3.539243e-02,6.097633e-03,3.687579e-03,1.443457e-01,1.113832e-02,7.594857e-02,1.649863e-02,7.266676e-02,4.943353e-03,2.265517e-01
7.765424e-02,4.890877e-02,7.258112e-03,1.761261e-01,1.837473e-02,3.006236e-02,4.716732e-03,2.797754e-03,1.887877e-01,8.470650e-03,1.349345e-01,1.743343e-02,7.047696e-02,4.635420e-03,2.093626e-01
5.511957e-02,4.954664e-02,9.561508e-03,2.609707e-01,1.786790e-02,2.249721e-02,3.485883e-03,2.105739e-03,2.232427e-01,7.827722e-03,1.074271e-01,1.523632e-02,6.668386e-02,3.803487e-03,1.546238e-01
3.989610e-02,6.173063e-02,7.692532e-03,2.359240e-01,1.537496e-02,2.884540e-02,2.736738e-03,1.726362e-03,1.995995e-01,6.154697e-03,1.440818e-01,2.004950e-02,1.102545e-01,3.495845e-03,1.224374e-01
2.975870e-02,8.937439e-02,6.106251e-03,2.071201e-01,1.207784e-02,2.317823e-02,2.090144e-03,1.504696e-03,2.468575e-01,4.961094e-03,1.504197e-01,1.997836e-02,1.105396e-01,4.334733e-03,9.169865e-02
2.741669e-02,1.008805e-01,5.281306e-03,1.955170e-01,1.006242e-02,1.977547e-02,1.723687e-03,1.565368e-03,2.703497e-01,4.049376e-03,1.423132e-01,2.511037e-02,1.154671e-01,5.560637e-03,7.492713e-02
2.908194e-02,1.115718e-01,5.500944e-03,1.719663e-01,1.318051e-02,2.028621e-02,1.998719e-03,1.802289e-03,2.844400e-01,3.805318e-03,1.417430e-01,2.915405e-02,1.228195e-01,5.701446e-03,5.694795e-02
2.472190e-02,1.581397e-01,7.741136e-03,1.839150e-01,9.832602e-03,1.638751e-02,1.478728e-03,1.687331e-03,2.983631e-01,5.301894e-03,1.079376e-01,2.610350e-02,9.656134e-02,1.109441e-02,5.073434e-02
3.367259e-02,1.801948e-01,7.622676e-03,1.501876e-01,9.967802e-03,2.709762e-02,1.266886e-03,2.817562e-03,2.608153e-01,4.712669e-03,9.409337e-02,2.941814e-02,1.058219e-01,2.812491e-02,6.418613e-02
5.436181e-02,1.707193e-01,2.270461e-02,1.225371e-01,1.233585e-02,3.177126e-02,1.694778e-03,7.279283e-03,2.293036e-01,5.878805e-03,1.026799e-01,3.136103e-02,9.819890e-02,3.266688e-02,7.650684e-02
9.655558e-02,1.384633e-01,2.031739e-02,9.432772e-02,1.270712e-02,3.702057e-02,1.784179e-03,8.806866e-03,1.846041e-01,4.464353e-03,1.140553e-01,3.410475e-02,1.558974e-01,2.893721e-02,6.795417e-02
1.745326e-01,1.053161e-01,2.074413e-02,8.795025e-02,1.336983e-02,5.310784e-02,2.375526e-03,1.115249e-02,1.511936e-01,3.985568e-03,1.159284e-01,5.322740e-02,1.230268e-01,2.344690e-02,6.064264e-02
1.515995e-01,7.645851e-02,1.613193e-02,6.435876e-02,1.117549e-02,1.136879e-01,2.809232e-03,1.101247e-02,1.116717e-01,3.018503e-03,8.643386e-02,5.468932e-02,2.340184e-01,1.731495e-02,4.561961e-02
1.205457e-01,5.477468e-02,1.190806e-02,4.656642e-02,8.868780e-03,1.077708e-01,2.680709e-03,1.001749e-02,8.170497e-02,2.216956e-03,6.186685e-02,6.676938e-02,3.793755e-01,1.229708e-02,3.263664e-02
9.276663e-02,3.970986e-02,8.429722e-03,3.292888e-02,8.022324e-03,8.517297e-02,2.224775e-03,7.723094e-03,5.919258e-02,1.619372e-03,4.405673e-02,7.245764e-02,5.138535e-01,8.656288e-03,2.318571e-02
7.491674e-02,2.856795e-02,6.251086e-03,2.348674e-02,9.301770e-03,6.857894e-02,3.262079e-03,7.325022e-03,4.582772e-02,1.191964e-03,3.134105e-02,7.839309e-02,5.988610e-01,6.147878e-03,1.654700e-02
5.948254e-02,2.048285e-02,4.514296e-03,1.689270e-02,1.269485e-02,5.150965e-02,2.759124e-03,5.628228e-03,3.413053e-02,9.130031e-04,2.225271e-02,7.669129e-02,6.756884e-01,4.358825e-03,1.200103e-02
4.584519e-02,1.631814e-02,1.284860e-02,1.218881e-02,2.292833e-02,4.275223e-02,2.792248e-03,4.996784e-03,2.503645e-02,8.144930e-04,1.584010e-02,5.727521e-02,7.280920e-01,3.310129e-03,8.961340e-03
3.673949e-02,1.176582e-02,9.294295e-03,8.835780e-03,2.878968e-02,3.120252e-02,2.103445e-03,3.934331e-03,1.836664e-02,6.228364e-04,1.122141e-02,4.443839e-02,7.839442e-01,2.353153e-03,6.388004e-03
3.440098e-02,9.799634e-03,9.968720e-03,6.993151e-03,4.241345e-02,2.393713e-02,2.132866e-03,7.395240e-03,1.476017e-02,5.125412e-04,8.005097e-03,3.782127e-02,7.952298e-01,1.707378e-03,4.922577e-03
3.060203e-02,7.896833e-03,8.545566e-03,5.241440e-03,4.626731e-02,1.804753e-02,1.833727e-03,6.099187e-03,1.160875e-02,3.986998e-04,5.771626e-03,3.167230e-02,8.210552e-01,1.222164e-03,3.737664e-03
2.772571e-02,7.661974e-03,8.914523e-03,5.646098e-03,3.946747e-02,1.438128e-02,1.823585e-03,7.786874e-03,9.722536e-03,5.177832e-04,4.341130e-03,3.543192e-02,8.314863e-01,9.322127e-04,4.160575e-03
2.643837e-02,5.594514e-03,7.438158e-03,4.093842e-03,3.163171e-02,1.123889e-02,2.487796e-03,8.325411e-03,7.400831e-03,4.037969e-04,3.357669e-03,3.171770e-02,8.551346e-01,6.756331e-04,4.061119e-03
2.402888e-02,4.607231e-03,5.732406e-03,2.968493e-03,2.509063e-02,1.023789e-02,2.458408e-03,6.486487e-03,6.616069e-03,3.112189e-04,2.693033e-03,3.900154e-02,8.659580e-01,6.238857e-04,3.185851e-03
2.854495e-02,3.852215e-03,7.549880e-03,2.372511e-03,3.394452e-02,8.892499e-03,1.721976e-02,7.284928e-03,7.165893e-03,2.549395e-04,2.419179e-03,4.694863e-02,8.293594e-01,4.658309e-04,3.724862e-03
2.754409e-02,2.981898e-03,5.661053e-03,1.733214e-03,2.710381e-02,8.326382e-03,1.337073e-02,5.911032e-03,6.204297e-03,1.862697e-04,1.845053e-03,4.265876e-02,8.532097e-01,3.495250e-04,2.914214e-03
3.386875e-02,2.391920e-03,4.928742e-03,1.306703e-03,2.633734e-02,6.952127e-03,1.066795e-02,5.526594e-03,5.343723e-03,1.394493e-04,1.429761e-03,3.895552e-02,8.590884e-01,2.799167e-04,2.783101e-03
4.124170e-02,2.045731e-03,4.556745e-03,1.006971e-03,3.118422e-02,7.813476e-03,1.881821e-02,9.237433e-03,9.622329e-03,1.300498e-04,1.237407e-03,4.812716e-02,8.217162e-01,2.507114e-04,3.011676e-03
4.679411e-02,1.928852e-03,3.524821e-03,7.452079e-04,2.866920e-02,1.197710e-02,1.496221e-02,7.559353e-03,1.129150e-02,1.124793e-04,1.095228e-03,5.157283e-02,8.168209e-01,3.116318e-04,2.634534e-03
4.088158e-02,1.610615e-03,2.866419e-03,5.396673e-04,3.144170e-02,1.193231e-02,1.951289e-02,8.121284e-03,1.130275e-02,1.015546e-04,9.099991e-04,4.357004e-02,8.244171e-01,2.369531e-04,2.555180e-03
3.841013e-02,1.178266e-03,2.442398e-03,4.142016e-04,2.556821e-02,3.026201e-02,4.901540e-02,1.376696e-02,8.417232e-03,8.047895e-05,7.157505e-04,3.880496e-02,7.887552e-01,1.932185e-04,1.975709e-03
4.788111e-02,9.780016e-04,2.113162e-03,3.538109e-04,2.626853e-02,6.600631e-02,4.563417e-02,1.006482e-02,7.343456e-03,7.196097e-05,7.044413e-04,3.291052e-02,7.577161e-01,1.777702e-04,1.775910e-03
5.429756e-02,8.851677e-04,1.880680e-03,3.768641e-04,2.359171e-02,6.782927e-02,3.460908e-02,7.677735e-03,6.544828e-03,6.537347e-05,8.585816e-04,2.745135e-02,7.722581e-01,1.502797e-04,1.523482e-03
6.227978e-02,9.001913e-04,2.689000e-03,7.377377e-04,2.233789e-02,8.149533e-02,2.742974e-02,8.219829e-03,6.322260e-03,7.197232e-05,1.365890e-03,2.183603e-02,7.628126e-01,1.559705e-04,1.345880e-03
5.423944e-02,6.654740e-04,2.739850e-03,6.986522e-04,2.328590e-02,5.846958e-02,2.176424e-02,1.478911e-02,5.018871e-03,6.176941e-05,1.538559e-03,1.841724e-02,7.969477e-01,1.702408e-04,1.193421e-03
6.894927e-02,5.263806e-04,2.152764e-03,2.277602e-03,3.874494e-02,4.301543e-02,2.059834e-02,1.108026e-02,4.297962e-03,6.545387e-05,1.465479e-03,1.694776e-02,7.881308e-01,1.728387e-04,1.574774e-03
7.950578e-02,4.800805e-04,2.376711e-03,1.746534e-02,3.966364e-02,3.695540e-02,1.570110e-02,8.606164e-03,3.706548e-03,1.082721e-04,2.639838e-03,1.464344e-02,7.765856e-01,3.084759e-04,1.253728e-03
7.569160e-02,4.332003e-04,2.011379e-03,1.895744e-02,3.636721e-02,2.875049e-02,1.182444e-02,6.812390e-03,3.513573e-03,1.743483e-04,4.007765e-03,1.509435e-02,7.937620e-01,9.029096e-04,1.697030e-03
6.876355e-02,4.025277e-04,1.603081e-03,1.707329e-02,2.878306e-02,2.271758e-02,8.617496e-03,5.177874e-03,3.670263e-03,2.136064e-04,5.124017e-03,1.549926e-02,8.192455e-01,1.345576e-03,1.763416e-03
7.304028e-02,9.670042e-04,1.268588e-03,1.561450e-02,2.210593e-02,2.034546e-02,6.488489e-03,4.985068e-03,4.702345e-03,4.581880e-04,4.078122e-03,1.290816e-02,8.300711e-01,1.103278e-03,1.863545e-03
7.730972e-02,1.131323e-03,1.196617e-03,2.375720e-02,1.752375e-02,1.801973e-02,4.913474e-03,5.630382e-03,5.110179e-03,7.362511e-04,3.469693e-03,1.161232e-02,8.265325e-01,9.608291e-04,2.096076e-03
9.010788e-02,1.095355e-03,5.022108e-03,8.257329e-02,1.507513e-02,1.553063e-02,3.854237e-03,1.369276e-02,7.613744e-03,1.041590e-03,3.593856e-03,1.011604e-02,7.471968e-01,1.004279e-03,2.482385e-03
7.889830e-02,1.179234e-03,7.009583e-03,7.236604e-02,2.083203e-02,1.393750e-02,2.963985e-03,2.034397e-01,6.132459e-03,7.930133e-04,4.968219e-03,8.059538e-03,5.761557e-01,1.031950e-03,2.232793e-03
6.138848e-02,9.200100e-04,5.364626e-03,5.387979e-02,3.078780e-02,1.037972e-02,2.214339e-03,4.069148e-01,5.161429e-03,5.596198e-04,4.055706e-03,5.734718e-03,4.102391e-01,7.480191e-04,1.651816e-03
4.600300e-02,7.331939e-04,4.210154e-03,3.892043e-02,2.745812e-02,8.130620e-03,1.665675e-03,5.724611e-01,3.639885e-03,3.958892e-04,2.988101e-03,4.050718e-03,2.876049e-01,5.391440e-04,1.199072e-03
3.378003e-02,5.564666e-04,3.115431e-03,2.766100e-02,2.211521e-02,6.235811e-03,1.269540e-03,6.946909e-01,2.562875e-03,2.802376e-04,2.144837e-03,2.846828e-03,2.014932e-01,3.821831e-04,8.654909e-04
2.434252e-02,4.004440e-04,2.222636e-03,1.943168e-02,1.644022e-02,4.537740e-03,9.222623e-04,7.842376e-01,1.796344e-03,1.967477e-04,1.525464e-03,1.997325e-03,1.410690e-01,2.689086e-04,6.111660e-04
1.795212e-02,2.880205e-04,1.574451e-03,1.361809e-02,1.237303e-02,3.356857e-03,6.708669e-04,8.468941e-01,1.259053e-03,1.379856e-04,1.084171e-03,1.402846e-03,9.876839e-02,1.894985e-04,4.305679e-04
1.426086e-02,2.200008e-04,1.145916e-03,9.567884e-03,9.494718e-03,2.704648e-03,4.834529e-04,8.896564e-01,8.881126e-04,9.839759e-05,8.355707e-04,1.002926e-03,6.917988e-02,1.384348e-04,3.228778e-04
1.097661e-02,1.603219e-04,8.317186e-04,6.718060e-03,9.799531e-03,2.020130e-03,3.656028e-04,9.183437e-01,6.281934e-04,6.940137e-05,6.028334e-04,7.090152e-04,4.844596e-02,9.830744e-05,2.306894e-04
8.518072e-03,1.184338e-04,6.030604e-04,4.718230e-03,1.127946e-02,1.506879e-03,2.919150e-04,9.373674e-01,4.460541e-04,4.954938e-05,4.360568e-04,5.012817e-04,3.392909e-02,7.035841e-05,1.641709e-04
7.857777e-03,8.677795e-05,4.759486e-04,3.328832e-03,8.808390e-03,1.103359e-03,3.422716e-04,9.529575e-01,3.226380e-04,3.878878e-05,3.299125e-04,3.704238e-04,2.380412e-02,5.158228e-05,1.216539e-04
7.735154e-03,6.401120e-05,3.853124e-04,2.354595e-03,6.795636e-03,8.029788e-04,3.531001e-04,9.638492e-01,2.348258e-04,3.232650e-05,2.577662e-04,2.841062e-04,1.672051e-02,3.877316e-05,9.171116e-05
7.940836e-03,4.834146e-05,3.395280e-04,1.669990e-03,5.256318e-03,5.977613e-04,5.443543e-04,9.710529e-01,1.714684e-04,2.886423e-05,2.169363e-04,2.412777e-04,1.178730e-02,3.102969e-05,7.310312e-05
8.577601e-03,3.882608e-05,3.080532e-04,1.191529e-03,4.109127e-03,4.733868e-04,6.084949e-04,9.755602e-01,1.322987e-04,4.119306e-05,2.183351e-04,2.552341e-04,8.380603e-03,3.192313e-05,7.320064e-05
8.149824e-03,3.297321e-05,2.704895e-04,8.485721e-04,3.137996e-03,4.423397e-04,7.530969e-04,9.792081e-01,1.152363e-04,4.999301e-05,2.264404e-04,3.911908e-04,6.254829e-03,3.540263e-05,8.348590e-05
8.063771e-03,4.214455e-05,2.974239e-04,6.374283e-04,2.851847e-03,4.145672e-04,8.971046e-04,9.809589e-01,1.529913e-04,8.796861e-05,2.311037e-04,4.826522e-04,4.727808e-03,4.310237e-05,1.110895e-04
1.250796e-02,6.035719e-05,4.814572e-04,5.417412e-04,3.290550e-03,4.204329e-04,1.423719e-03,9.767712e-01,1.288037e-04,1.065576e-04,2.079161e-04,4.294268e-04,3.434406e-03,4.022520e-05,1.552264e-04
1.352717e-02,6.239660e-05,5.317241e-04,4.501234e-04,2.938090e-03,4.227182e-04,1.393796e-03,9.770591e-01,1.048361e-04,1.006556e-04,1.976282e-04,3.985783e-04,2.582764e-03,3.992782e-05,1.905044e-04
1.624389e-02,5.950356e-05,4.147502e-04,3.582397e-04,2.388727e-03,5.241291e-04,1.246727e-03,9.759282e-01,8.256918e-05,8.337295e-05,1.704838e-04,3.366091e-04,1.926557e-03,3.380045e-05,2.024003e-04
1.837235e-02,5.831737e-05,3.248460e-04,2.920265e-04,1.884935e-03,5.533003e-04,9.961671e-04,9.752742e-01,6.385495e-05,6.475978e-05,1.385323e-04,2.813003e-04,1.435843e-03,2.840007e-05,2.312124e-04
2.488968e-02,6.781441e-05,2.667192e-04,2.577804e-04,1.509204e-03,5.945886e-04,7.578586e-04,9.696329e-01,5.448243e-05,5.119807e-05,1.372012e-04,2.987632e-04,1.137624e-03,3.082788e-05,3.134759e-04
7.697995e-02,4.627431e-03,5.607362e-04,9.874128e-04,4.201669e-03,2.225429e-03,1.046779e-03,8.718528e-01,8.302368e-03,1.372388e-03,2.248712e-03,5.225194e-03,1.037438e-02,2.999743e-04,9.694887e-03
8.852483e-02,3.969834e-03,6.060128e-04,1.542496e-03,6.075713e-03,2.428832e-03,1.012472e-03,8.561835e-01,1.021887e-02,1.128522e-03,2.878227e-03,5.038648e-03,1.177643e-02,2.859749e-04,8.329630e-03
1.095447e-01,5.872101e-03,1.274727e-03,5.559896e-02,9.332474e-03,1.167520e-02,1.492956e-03,7.098367e-01,1.883177e-02,1.390997e-03,8.339129e-03,2.246544e-02,3.272700e-02,1.091177e-03,1.052677e-02
1.850664e-01,9.444475e-03,2.481821e-03,5.719775e-02,2.615242e-02,5.963013e-02,1.385454e-03,5.448704e-01,1.864605e-02,1.333109e-03,1.569728e-02,2.042733e-02,4.066633e-02,3.283667e-03,1.371744e-02
2.691343e-01,8.363724e-03,2.201309e-03,4.318506e-02,3.450248e-02,7.554640e-02,1.446428e-03,3.962065e-01,1.549948e-02,1.010052e-03,1.249278e-02,1.765635e-02,1.091643e-01,2.527639e-03,1.106317e-02
2.850108e-01,1.231388e-02,4.887071e-03,6.558069e-02,2.713271e-02,6.621605e-02,1.315999e-03,2.824858e-01,8.770205e-02,2.143195e-03,1.192690e-02,2.464898e-02,1.040542e-01,2.398248e-03,2.218343e-02
2.885938e-01,1.775581e-02,5.036756e-03,6.157800e-02,2.159018e-02,6.344613e-02,1.222514e-03,2.010773e-01,1.124041e-01,3.061440e-03,1.208529e-02,2.209925e-02,1.615460e-01,2.135754e-03,2.636773e-02
3.431990e-01,2.347054e-02,1.857315e-02,6.265320e-02,2.073366e-02,6.545275e-02,1.355254e-03,1.420448e-01,1.084643e-01,3.259248e-03,1.586262e-02,2.699767e-02,1.361176e-01,2.094514e-03,2.972165e-02
3.549913e-01,3.359153e-02,1.515756e-02,5.670914e-02,1.669098e-02,5.341593e-02,1.607142e-03,1.008684e-01,1.265495e-01,3.624579e-03,1.384724e-02,2.215473e-02,1.518436e-01,2.013818e-03,4.693459e-02
3.051649e-01,5.382318e-02,2.331869e-02,4.805061e-02,1.295827e-02,3.959311e-02,1.360019e-03,7.177331e-02,2.003624e-01,4.191463e-03,1.277749e-02,1.906017e-02,1.518611e-01,2.484250e-03,5.322110e-02
3.169232e-01,5.858071e-02,2.933021e-02,4.150993e-02,9.807015e-03,3.038906e-02,1.110412e-03,5.130444e-02,2.358479e-01,5.848250e-03,1.192264e-02,1.651535e-02,1.346165e-01,3.074669e-03,5.321983e-02
3.340796e-01,6.433252e-02,3.594457e-02,3.220066e-02,8.878449e-03,2.570933e-02,1.169040e-03,4.117316e-02,2.130230e-01,1.196973e-02,1.329772e-02,1.477758e-02,1.265651e-01,4.238092e-03,7.264140e-02
3.250226e-01,5.797018e-02,7.852797e-02,3.739229e-02,7.377042e-03,2.061243e-02,9.309658e-04,2.932607e-02,2.176586e-01,2.139995e-02,1.058208e-02,1.167083e-02,9.058583e-02,3.853076e-03,8.709014e-02
3.606122e-01,6.203523e-02,8.003404e-02,3.260933e-02,7.438663e-03,1.665893e-02,8.565270e-04,2.156429e-02,2.140359e-01,2.356397e-02,9.782120e-03,9.292527e-03,6.606551e-02,4.879646e-03,9.057106e-02
4.000699e-01,6.378482e-02,6.796561e-02,3.091708e-02,7.121023e-03,1.320456e-02,7.616263e-04,1.593836e-02,2.175686e-01,2.269122e-02,7.886497e-03,7.182789e-03,4.994395e-02,4.779358e-03,9.018452e-02
3.288797e-01,7.440151e-02,1.125536e-01,3.683254e-02,7.266983e-03,1.183265e-02,7.187190e-04,1.208560e-02,2.191812e-01,3.092852e-02,6.838322e-03,5.672196e-03,3.655302e-02,5.115457e-03,1.111399e-01
2.690471e-01,5.994760e-02,1.382282e-01,4.221529e-02,5.800065e-03,8.845820e-03,5.689678e-04,8.923669e-03,2.376511e-01,6.008495e-02,6.000237e-03,4.428429e-03,2.631436e-02,4.050342e-03,1.278939e-01
3.060385e-01,6.145680e-02,1.208197e-01,4.354201e-02,1.058911e-02,9.290214e-03,1.176751e-03,9.202475e-03,2.217487e-01,5.636213e-02,6.741660e-03,5.847129e-03,2.599333e-02,4.415984e-03,1.167756e-01
3.285702e-01,5.494501e-02,9.470305e-02,3.972888e-02,3.876619e-02,1.341252e-02,6.203813e-03,1.967249e-02,1.931977e-01,4.317146e-02,7.173813e-03,5.995609e-03,5.501793e-02,4.180643e-03,9.526081e-02
2.515697e-01,6.073356e-02,7.264626e-02,3.093629e-02,4.325529e-02,1.531337e-02,6.023140e-03,1.671147e-02,1.730071e-01,3.294730e-02,6.385486e-03,5.634903e-03,1.918326e-01,3.781158e-03,8.922241e-02
2.031597e-01,4.804057e-02,5.890569e-02,2.715643e-02,3.360682e-02,1.914183e-02,5.428195e-03,1.257921e-02,1.300229e-01,2.956622e-02,9.156983e-03,1.394557e-02,3.171887e-01,5.535553e-03,8.656565e-02
1.768220e-01,3.839310e-02,4.676660e-02,3.365441e-02,3.103576e-02,2.167341e-02,5.221768e-03,1.008810e-02,9.783559e-02,2.356474e-02,4.753286e-02,3.272087e-02,3.493807e-01,5.822573e-03,7.948751e-02
1.914915e-01,2.902319e-02,3.410296e-02,3.119404e-02,2.706034e-02,2.131394e-02,4.043937e-03,7.769611e-03,7.645664e-02,1.820237e-02,7.028600e-02,1.051745e-01,3.011466e-01,9.735387e-03,7.299902e-02
1.994676e-01,2.156895e-02,2.477981e-02,2.475913e-02,2.485527e-02,1.810998e-02,4.304587e-03,6.809155e-03,6.078102e-02,1.415940e-02,6.474768e-02,1.949892e-01,2.710559e-01,8.232147e-03,6.138021e-02
2.701728e-01,1.777190e-02,1.775477e-02,2.028611e-02,1.830045e-02,1.788332e-02,3.798077e-03,5.299293e-03,4.650731e-02,1.158937e-02,5.084565e-02,2.210079e-01,2.440757e-01,8.222706e-03,4.648474e-02
3.049180e-01,1.380024e-02,1.272302e-02,1.514867e-02,1.333147e-02,1.863431e-02,3.185174e-03,4.258584e-03,3.628153e-02,1.327537e-02,4.401551e-02,1.971069e-01,2.671042e-01,1.808965e-02,3.812744e-02
2.390898e-01,1.096310e-02,9.342855e-03,1.147770e-02,9.911462e-03,2.093913e-02,2.585956e-03,3.130124e-03,3.386731e-02,1.853008e-02,4.777568e-02,2.636223e-01,2.756337e-01,2.318791e-02,2.994294e-02
1.757257e-01,7.847357e-03,6.599854e-03,8.284946e-03,7.374459e-03,1.586849e-02,1.970279e-03,2.311168e-03,3.193669e-02,2.181206e-02,4.427163e-02,3.627673e-01,2.705925e-01,2.042537e-02,2.221215e-02
1.436539e-01,5.786088e-03,4.757583e-03,6.095722e-03,5.639549e-03,1.277236e-02,1.555811e-03,1.703614e-03,2.952311e-02,2.964884e-02,4.452757e-02,4.463841e-01,2.347627e-01,1.687013e-02,1.631888e-02
1.221344e-01,4.157451e-03,3.407087e-03,4.405702e-03,4.295318e-03,1.035158e-02,1.204945e-03,1.271858e-03,2.813961e-02,3.606797e-02,4.343120e-02,5.183184e-01,1.981565e-01,1.305022e-02,1.160777e-02
8.985664e-02,2.996272e-03,2.427299e-03,3.187207e-03,3.867578e-03,9.115042e-03,9.977340e-04,9.598903e-04,2.682569e-02,3.394566e-02,4.115182e-02,6.162397e-01,1.504346e-01,9.824151e-03,8.170719e-03
6.497149e-02,2.167066e-03,1.731987e-03,2.349090e-03,4.003241e-03,8.332637e-03,8.204002e-04,7.708150e-04,2.505511e-02,3.110020e-02,3.836221e-02,6.926209e-01,1.147091e-01,7.250885e-03,5.754861e-03
4.576771e-02,1.544652e-03,1.240609e-03,1.675083e-03,5.012108e-03,6.486359e-03,6.699305e-04,6.192338e-04,2.368058e-02,2.832275e-02,3.185342e-02,7.592646e-01,8.448403e-02,5.333283e-03,4.045660e-03
3.222505e-02,1.124077e-03,9.089151e-04,1.207963e-03,5.179305e-03,5.319362e-03,5.628536e-04,5.302419e-04,2.114926e-02,2.496214e-02,2.536737e-02,8.134160e-01,6.140272e-02,3.798994e-03,2.845712e-03
2.260903e-02,9.742666e-04,1.933320e-03,9.954285e-04,2.156808e-02,5.566555e-03,9.334768e-04,7.125942e-04,2.381456e-02,2.213469e-02,1.996446e-02,8.296535e-01,4.439074e-02,2.718890e-03,2.030358e-03
1.595297e-02,7.916211e-04,2.107534e-03,7.712652e-04,2.412192e-02,4.326244e-03,1.005529e-03,1.060291e-03,2.050060e-02,2.386856e-02,1.624665e-02,8.530184e-01,3.255451e-02,2.204748e-03,1.469083e-03
1.201237e-02,3.291991e-03,1.545613e-02,1.147076e-03,1.735176e-01,3.533822e-03,9.480935e-04,8.800208e-03,5.252690e-02,1.877905e-02,1.272739e-02,6.699084e-01,2.471642e-02,1.573598e-03,1.060924e-03
1.034869e-02,4.721713e-03,5.047938e-02,2.556382e-03,1.884813e-01,3.069141e-03,9.056272e-04,6.152840e-02,1.215587e-01,1.687865e-02,9.894587e-03,5.072103e-01,2.022650e-02,1.291249e-03,8.494620e-04
9.057972e-03,9.747820e-03,5.260849e-02,3.022355e-03,1.869099e-01,3.247720e-03,8.654053e-04,5.250938e-02,2.512595e-01,1.468574e-02,8.384528e-03,3.871681e-01,1.780748e-02,1.546681e-03,1.178978e-03
7.793780e-03,9.777809e-03,5.868810e-02,1.383117e-02,1.442824e-01,7.797617e-03,9.370266e-04,3.969360e-02,2.252499e-01,1.249349e-02,3.389271e-02,3.977121e-01,3.607862e-02,3.118145e-03,8.653597e-03
8.741956e-03,1.015656e-02,5.836725e-02,1.672457e-02,1.146124e-01,5.929307e-03,7.090135e-04,4.155336e-02,2.130805e-01,1.169741e-02,1.000207e-01,3.304228e-01,7.086626e-02,9.642282e-03,7.475630e-03
1.166815e-02,9.836147e-03,1.183117e-01,5.221474e-02,1.022663e-01,6.431555e-03,7.699939e-04,5.162594e-02,2.107263e-01,1.023462e-02,1.044517e-01,2.386750e-01,6.423005e-02,1.265264e-02,5.905352e-03
1.039406e-02,8.270753e-03,9.989933e-02,4.964811e-02,8.121396e-02,5.654153e-03,6.305072e-04,4.144225e-02,3.451282e-01,1.466500e-02,9.328452e-02,1.731305e-01,5.466238e-02,1.413940e-02,7.836945e-03
1.237448e-02,1.065103e-02,9.116752e-02,5.212950e-02,7.310980e-02,7.589333e-03,6.302217e-04,3.044043e-02,3.830107e-01,1.788251e-02,1.181744e-01,1.289764e-01,4.798489e-02,1.734549e-02,8.533278e-03
1.345191e-02,1.055947e-02,6.670176e-02,4.171795e-02,5.289325e-02,8.111207e-03,5.635709e-04,2.191132e-02,3.753455e-01,1.459615e-02,2.111255e-01,1.173923e-01,3.610129e-02,2.173792e-02,7.790885e-03
1.225156e-02,1.033818e-02,5.360495e-02,3.536852e-02,3.813555e-02,7.313563e-03,4.916254e-04,1.556426e-02,2.873304e-01,1.098308e-02,2.317925e-01,2.442093e-01,2.920645e-02,1.703145e-02,6.378675e-03
1.028864e-02,8.265531e-03,3.837536e-02,2.733411e-02,2.849049e-02,6.962883e-03,4.139701e-04,1.105213e-02,2.115699e-01,8.939301e-03,2.237512e-01,3.796732e-01,2.273015e-02,1.697101e-02,5.182229e-03
7.805012e-03,7.567476e-03,2.732819e-02,2.061665e-02,2.264160e-02,5.890853e-03,3.895376e-04,8.305208e-03,1.791962e-01,7.605026e-03,2.407258e-01,4.343738e-01,1.892889e-02,1.471842e-02,3.907413e-03
6.722767e-03,6.317436e-03,1.948120e-02,1.628267e-02,1.829902e-02,7.695211e-03,4.453560e-04,6.206514e-03,1.350267e-01,5.982341e-03,2.737075e-01,4.730306e-01,1.542817e-02,1.209007e-02,3.284503e-03
8.847458e-03,5.724828e-03,1.387758e-02,1.310159e-02,1.431263e-02,1.475034e-02,5.349305e-04,5.004328e-03,1.004448e-01,4.805284e-03,2.850041e-01,5.080795e-01,1.265591e-02,9.393032e-03,3.463736e-03
1.117617e-02,4.833001e-03,9.835010e-03,1.008415e-02,1.038535e-02,2.016735e-02,5.540733e-04,3.979947e-03,7.330803e-02,3.721504e-03,2.728901e-01,5.587103e-01,1.020617e-02,7.219154e-03,2.929789e-03
1.008796e-02,4.854734e-03,7.047524e-03,7.816144e-03,8.298450e-03,1.845378e-02,5.560597e-04,3.063887e-03,5.632649e-02,3.107907e-03,2.446424e-01,6.189764e-01,8.198163e-03,5.905895e-03,2.664195e-03
9.810623e-03,4.226427e-03,5.199007e-03,5.850328e-03,1.216550e-02,1.695705e-02,8.293176e-04,3.138524e-03,4.397851e-02,2.735687e-03,2.081712e-01,6.721945e-01,7.598992e-03,5.020106e-03,2.124193e-03
8.267087e-03,3.827683e-03,3.970120e-03,4.674207e-03,1.595814e-02,1.533031e-02,8.545223e-04,2.457106e-03,3.760517e-02,2.447878e-03,1.777793e-01,7.138115e-01,6.675160e-03,4.513139e-03,1.828701e-03
9.853370e-03,4.268198e-03,3.572155e-03,3.760011e-03,1.584876e-02,8.376784e-02,1.294922e-03,2.143525e-03,4.569427e-02,1.990364e-03,1.402322e-01,6.757180e-01,6.765068e-03,3.535926e-03,1.555450e-03
9.194812e-03,4.804994e-03,2.733120e-03,2.717772e-03,1.207546e-02,2.567488e-01,1.122802e-03,2.051930e-03,4.603117e-02,1.701084e-03,1.034859e-01,5.466586e-01,6.635936e-03,2.843282e-03,1.194392e-03
8.029785e-03,4.791301e-03,2.314721e-03,1.996235e-03,1.000304e-02,4.365180e-01,1.018564e-03,2.617348e-03,4.757943e-02,1.375883e-03,7.439245e-02,4.006826e-01,5.640192e-03,2.139692e-03,9.008722e-04
7.032617e-03,8.808910e-03,1.980821e-03,1.466360e-03,1.016422e-02,5.156599e-01,9.151199e-04,2.829976e-03,6.297705e-02,1.660593e-03,5.515787e-02,3.234687e-01,4.750939e-03,2.335006e-03,7.919201e-04
7.304634e-03,7.707560e-03,1.626085e-03,1.091869e-03,9.634152e-03,5.999283e-01,1.033132e-03,2.799999e-03,6.001974e-02,1.713948e-03,4.042225e-02,2.599737e-01,4.116519e-03,1.979109e-03,6.491058e-04
6.668498e-03,6.625348e-03,1.235091e-03,8.003039e-04,1.023900e-02,4.996507e-01,8.038952e-04,2.486390e-03,5.262285e-02,1.809289e-03,2.987575e-02,3.770669e-01,7.984322e-03,1.574562e-03,5.571557e-04
5.897425e-03,6.618496e-03,9.392325e-04,5.745553e-04,9.134043e-03,3.676030e-01,6.313951e-04,2.410489e-03,4.923026e-02,1.487474e-03,2.199854e-02,5.190409e-01,1.281993e-02,1.196358e-03,4.179618e-04
5.575680e-03,6.501871e-03,6.994350e-04,4.165608e-04,8.409033e-03,2.690147e-01,4.849790e-04,2.152521e-03,4.568858e-02,1.161556e-03,1.648290e-02,6.227072e-01,1.949743e-02,8.907594e-04,3.168263e-04
9.579264e-03,2.428879e-02,9.863168e-04,3.388163e-04,5.634700e-02,1.977989e-01,1.266312e-03,3.216950e-03,1.012381e-01,9.343490e-04,1.336722e-02,5.712880e-01,1.827025e-02,7.649125e-04,3.147394e-04
2.256872e-02,2.488600e-02,1.203153e-03,2.938937e-04,5.735338e-02,1.473617e-01,1.266730e-03,4.060577e-03,8.695461e-02,7.242005e-04,2.031550e-02,6.135113e-01,1.846910e-02,7.166303e-04,3.145644e-04
8.273803e-02,3.442370e-02,4.772847e-03,1.451530e-03,6.347391e-02,1.340063e-01,1.984157e-03,1.416422e-02,9.613169e-02,9.542513e-04,2.673148e-02,5.033186e-01,2.964663e-02,3.785753e-03,2.416858e-03
1.191173e-01,2.940132e-02,1.521587e-02,4.002407e-03,5.887610e-02,1.410023e-01,2.785847e-03,7.585449e-02,8.893255e-02,1.629227e-03,2.735362e-02,3.943874e-01,3.324082e-02,5.326325e-03,2.874511e-03
1.226689e-01,2.361036e-02,2.376883e-02,3.838906e-03,4.920619e-02,1.401497e-01,3.058629e-02,1.946363e-01,7.276342e-02,2.019698e-03,2.016288e-02,2.855812e-01,2.460751e-02,3.974366e-03,2.425379e-03
1.246425e-01,2.094562e-02,8.165196e-02,3.715083e-03,4.161950e-02,1.202184e-01,9.543181e-02,1.917807e-01,6.418523e-02,2.405534e-03,1.634363e-02,2.113648e-01,1.894950e-02,3.671570e-03,3.074188e-03
1.368358e-01,1.981697e-02,9.299137e-02,3.545588e-03,3.480985e-02,1.458640e-01,9.267749e-02,2.086352e-01,6.209953e-02,2.516395e-03,1.528262e-02,1.617008e-01,1.629146e-02,3.311236e-03,3.621567e-03
1.122853e-01,2.010181e-02,9.500511e-02,4.281059e-03,3.672494e-02,1.099198e-01,1.288201e-01,2.761949e-01,6.890134e-02,2.070436e-03,1.179068e-02,1.145691e-01,1.366262e-02,2.602239e-03,3.070707e-03
1.045392e-01,1.604216e-02,8.451714e-02,4.042322e-03,4.390623e-02,7.899822e-02,1.397126e-01,2.778367e-01,1.395318e-01,1.784993e-03,9.683463e-03,8.124284e-02,1.249761e-02,3.054395e-03,2.610388e-03
1.107238e-01,1.414082e-02,7.620724e-02,3.726530e-03,4.481681e-02,5.789009e-02,1.703316e-01,2.917655e-01,1.410990e-01,1.817752e-03,7.601764e-03,5.886569e-02,1.477734e-02,3.549942e-03,2.686224e-03
1.143600e-01,1.102882e-02,6.436076e-02,4.071787e-03,4.138105e-02,4.244843e-02,2.277065e-01,3.122200e-01,1.138799e-01,1.754046e-03,6.044155e-03,4.250067e-02,1.209068e-02,3.667599e-03,2.485604e-03
1.087236e-01,8.510987e-03,5.730801e-02,3.863384e-03,3.620381e-02,3.233561e-02,2.098757e-01,4.060761e-01,8.252618e-02,1.373010e-03,6.583373e-03,3.144454e-02,9.680495e-03,3.335686e-03,2.159566e-03
9.499385e-02,6.452298e-03,5.131160e-02,3.651601e-03,3.021448e-02,2.384991e-02,1.728478e-01,5.141493e-01,5.890614e-02,1.094925e-03,5.733933e-03,2.310000e-02,8.905908e-03,2.756637e-03,2.031638e-03
8.656457e-02,5.033179e-03,5.081213e-02,3.582255e-03,2.394653e-02,1.820635e-02,1.427226e-01,5.913358e-01,4.273133e-02,1.383732e-03,4.613481e-03,1.673786e-02,7.385367e-03,2.306343e-03,2.638491e-03
9.793983e-02,4.948985e-03,5.015758e-02,4.422095e-03,2.192211e-02,1.589522e-02,1.226314e-01,6.124249e-01,3.376409e-02,3.778553e-03,4.845611e-03,1.372077e-02,6.707005e-03,2.300783e-03,4.541078e-03
1.129207e-01,4.310498e-03,6.951676e-02,8.696295e-03,1.889283e-02,1.342786e-02,9.164885e-02,6.163629e-01,2.602006e-02,5.453325e-03,5.517554e-03,1.179171e-02,5.526906e-03,2.731382e-03,7.182314e-03
1.503197e-01,4.377593e-03,7.111466e-02,1.239523e-02,1.692459e-02,1.125570e-02,6.670069e-02,5.825030e-01,2.832128e-02,1.255670e-02,8.731589e-03,1.121439e-02,5.096864e-03,4.502715e-03,1.398522e-02
