1.000000e+00,0.000000e+00,0.000000e+00,0.000000e+00,0.000000e+00,0.000000e+00,0.000000e+00,0.000000e+00,0.000000e+00,0.000000e+00,0.000000e+00,0.000000e+00,0.000000e+00,0.000000e+00,0.000000e+00
1.000000e+00,0.000000e+00,0.000000e+00,0.000000e+00,0.000000e+00,0.000000e+00,0.000000e+00,0.000000e+00,0.000000e+00,0.000000e+00,0.000000e+00,0.000000e+00,0.000000e+00,0.000000e+00,0.000000e+00
1.000000e+00,0.000000e+00,0.000000e+00,0.000000e+00,0.000000e+00,0.000000e+00,0.000000e+00,0.000000e+00,0.000000e+00,0.000000e+00,0.000000e+00,0.000000e+00,0.000000e+00,0.000000e+00,0.000000e+00
1.000000e+00,0.000000e+00,0.000000e+00,0.000000e+00,0.000000e+00,0.000000e+00,0.000000e+00,0.000000e+00,0.000000e+00,0.000000e+00,0.000000e+00,0.000000e+00,0.000000e+00,0.000000e+00,0.000000e+00
1.000000e+00,0.000000e+00,0.000000e+00,0.000000e+00,0.000000e+00,0.000000e+00,0.000000e+00,0.000000e+00,0.000000e+00,0.000000e+00,0.000000e+00,0.000000e+00,0.000000e+00,0.000000e+00,0.000000e+00
1.000000e+00,0.000000e+00,0.000000e+00,0.000000e+00,0.000000e+00,0.000000e+00,0.000000e+00,0.000000e+00,0.000000e+00,0.000000e+00,0.000000e+00,0.000000e+00,0.000000e+00,0.000000e+00,0.000000e+00
1.000000e+00,0.000000e+00,0.000000e+00,0.000000e+00,0.000000e+00,0.000000e+00,0.000000e+00,0.000000e+00,0.000000e+00,0.000000e+00,0.000000e+00,0.000000e+00,0.000000e+00,0.000000e+00,0.000000e+00
1.000000e+00,0.000000e+00,0.000000e+00,0.000000e+00,0.000000e+00,0.000000e+00,0.000000e+00,0.000000e+00,0.000000e+00,0.000000e+00,0.000000e+00,0.000000e+00,0.000000e+00,0.000000e+00,0.000000e+00
1.000000e+00,0.000000e+00,0.000000e+00,0.000000e+00,0.000000e+00,0.000000e+00,0.000000e+00,0.000000e+00,0.000000e+00,0.000000e+00,0.000000e+00,0.000000e+00,0.000000e+00,0.000000e+00,0.000000e+00
1.000000e+00,0.000000e+00,0.000000e+00,0.000000e+00,0.000000e+00,0.000000e+00,0.000000e+00,0.000000e+00,0.000000e+00,0.000000e+00,0.000000e+00,0.000000e+00,0.000000e+00,0.000000e+00,0.000000e+00
1.000000e+00,0.000000e+00,0.000000e+00,0.000000e+00,0.000000e+00,0.000000e+00,0.000000e+00,0.000000e+00,0.000000e+00,0.000000e+00,0.000000e+00,0.000000e+00,0.000000e+00,0.000000e+00,0.000000e+00
1.000000e+00,0.000000e+00,0.000000e+00,0.000000e+00,0.000000e+00,0.000000e+00,0.000000e+00,0.000000e+00,0.000000e+00,0.000000e+00,0.000000e+00,0.000000e+00,0.000000e+00,0.000000e+00,0.000000e+00
1.000000e+00,0.000000e+00,0.000000e+00,0.000000e+00,0.000000e+00,0.000000e+00,0.000000e+00,0.000000e+00,0.000000e+00,0.000000e+00,0.000000e+00,0.000000e+00,0.000000e+00,0.000000e+00,0.000000e+00
1.000000e+00,0.000000e+00,0.000000e+00,0.000000e+00,0.000000e+00,0.000000e+00,0.000000e+00,0.000000e+00,0.000000e+00,0.000000e+00,0.000000e+00,0.000000e+00,0.000000e+00,0.000000e+00,0.000000e+00
1.000000e+00,0.000000e+00,0.000000e+00,0.000000e+00,0.000000e+00,0.000000e+00,0.000000e+00,0.000000e+00,0.000000e+00,0.000000e+00,0.000000e+00,0.000000e+00,0.000000e+00,0.000000e+00,0.000000e+00
1.000000e+00,0.000000e+00,0.000000e+00,0.000000e+00,0.000000e+00,0.000000e+00,0.000000e+00,0.000000e+00,0.000000e+00,0.000000e+00,0.000000e+00,0.000000e+00,0.000000e+00,0.000000e+00,0.000000e+00
1.000000e+00,0.000000e+00,0.000000e+00,0.000000e+00,0.000000e+00,0.000000e+00,0.000000e+00,0.000000e+00,0.000000e+00,0.000000e+00,0.000000e+00,0.000000e+00,0.000000e+00,0.000000e+00,0.000000e+00
1.000000e+00,0.000000e+00,0.000000e+00,0.000000e+00,0.000000e+00,0.000000e+00,0.000000e+00,0.000000e+00,0.000000e+00,0.000000e+00,0.000000e+00,0.000000e+00,0.000000e+00,0.000000e+00,0.000000e+00
1.000000e+00,0.000000e+00,0.000000e+00,0.000000e+00,0.000000e+00,0.000000e+00,0.000000e+00,0.000000e+00,0.000000e+00,0.000000e+00,0.000000e+00,0.000000e+00,0.000000e+00,0.000000e+00,0.000000e+00
1.000000e+00,0.000000e+00,0.000000e+00,0.000000e+00,0.000000e+00,0.000000e+00,0.000000e+00,0.000000e+00,0.000000e+00,0.000000e+00,0.000000e+00,0.000000e+00,0.000000e+00,0.000000e+00,0.000000e+00
1.000000e+00,0.000000e+00,0.000000e+00,0.000000e+00,0.000000e+00,0.000000e+00,0.000000e+00,0.000000e+00,0.000000e+00,0.000000e+00,0.000000e+00,0.000000e+00,0.000000e+00,0.000000e+00,0.000000e+00
1.000000e+00,0.000000e+00,0.000000e+00,0.000000e+00,0.000000e+00,0.000000e+00,0.000000e+00,0.000000e+00,0.000000e+00,0.000000e+00,0.000000e+00,0.000000e+00,0.000000e+00,0.000000e+00,0.000000e+00
1.000000e+00,0.000000e+00,0.000000e+00,0.000000e+00,0.000000e+00,0.000000e+00,0.000000e+00,0.000000e+00,0.000000e+00,0.000000e+00,0.000000e+00,0.000000e+00,0.000000e+00,0.000000e+00,0.000000e+00
1.000000e+00,0.000000e+00,0.000000e+00,0.000000e+00,0.000000e+00,0.000000e+00,0.000000e+00,0.000000e+00,0.000000e+00,0.000000e+00,0.000000e+00,0.000000e+00,0.000000e+00,0.000000e+00,0.000000e+00
1.000000e+00,0.000000e+00,0.000000e+00,0.000000e+00,0.000000e+00,0.000000e+00,0.000000e+00,0.000000e+00,0.000000e+00,0.000000e+00,0.000000e+00,0.000000e+00,0.000000e+00,0.000000e+00,0.000000e+00
1.000000e+00,0.000000e+00,0.000000e+00,0.000000e+00,0.000000e+00,0.000000e+00,0.000000e+00,0.000000e+00,0.000000e+00,0.000000e+00,0.000000e+00,0.000000e+00,0.000000e+00,0.000000e+00,0.000000e+00
1.000000e+00,0.000000e+00,0.000000e+00,0.000000e+00,0.000000e+00,0.000000e+00,0.000000e+00,0.000000e+00,0.000000e+00,0.000000e+00,0.000000e+00,0.000000e+00,0.000000e+00,0.000000e+00,0.000000e+00
1.000000e+00,0.000000e+00,0.000000e+00,0.000000e+00,0.000000e+00,0.000000e+00,0.000000e+00,0.000000e+00,0.000000e+00,0.000000e+00,0.000000e+00,0.000000e+00,0.000000e+00,0.000000e+00,0.000000e+00
1.000000e+00,0.000000e+00,0.000000e+00,0.000000e+00,0.000000e+00,0.000000e+00,0.000000e+00,0.000000e+00,0.000000e+00,0.000000e+00,0.000000e+00,0.000000e+00,0.000000e+00,0.000000e+00,0.000000e+00
1.000000e+00,0.000000e+00,0.000000e+00,0.000000e+00,0.000000e+00,0.000000e+00,0.000000e+00,0.000000e+00,0.000000e+00,0.000000e+00,0.000000e+00,0.000000e+00,0.000000e+00,0.000000e+00,0.000000e+00
1.000000e+00,0.000000e+00,0.000000e+00,0.000000e+00,0.000000e+00,0.000000e+00,0.000000e+00,0.000000e+00,0.000000e+00,0.000000e+00,0.000000e+00,0.000000e+00,0.000000e+00,0.000000e+00,0.000000e+00
1.000000e+00,0.000000e+00,0.000000e+00,0.000000e+00,0.000000e+00,0.000000e+00,0.000000e+00,0.000000e+00,0.000000e+00,0.000000e+00,0.000000e+00,0.000000e+00,0.000000e+00,0.000000e+00,0.000000e+00
1.000000e+00,0.000000e+00,0.000000e+00,0.000000e+00,0.000000e+00,0.000000e+00,0.000000e+00,0.000000e+00,0.000000e+00,0.000000e+00,0.000000e+00,0.000000e+00,0.000000e+00,0.000000e+00,0.000000e+00
1.000000e+00,0.000000e+00,0.000000e+00,0.000000e+00,0.000000e+00,0.000000e+00,0.000000e+00,0.000000e+00,0.000000e+00,0.000000e+00,0.000000e+00,0.000000e+00,0.000000e+00,0.000000e+00,0.000000e+00
1.000000e+00,0.000000e+00,0.000000e+00,0.000000e+00,0.000000e+00,0.000000e+00,0.000000e+00,0.000000e+00,0.000000e+00,0.000000e+00,0.000000e+00,0.000000e+00,0.000000e+00,0.000000e+00,0.000000e+00
1.000000e+00,0.000000e+00,0.000000e+00,0.000000e+00,0.000000e+00,0.000000e+00,0.000000e+00,0.000000e+00,0.000000e+00,0.000000e+00,0.000000e+00,0.000000e+00,0.000000e+00,0.000000e+00,0.000000e+00
1.000000e+00,0.000000e+00,0.000000e+00,0.000000e+00,0.000000e+00,0.000000e+00,0.000000e+00,0.000000e+00,0.000000e+00,0.000000e+00,0.000000e+00,0.000000e+00,0.000000e+00,0.000000e+00,0.000000e+00
1.000000e+00,0.000000e+00,0.000000e+00,0.000000e+00,0.000000e+00,0.000000e+00,0.000000e+00,0.000000e+00,0.000000e+00,0.000000e+00,0.000000e+00,0.000000e+00,0.000000e+00,0.000000e+00,0.000000e+00
1.000000e+00,0.000000e+00,0.000000e+00,0.000000e+00,0.000000e+00,0.000000e+00,0.000000e+00,0.000000e+00,0.000000e+00,0.000000e+00,0.000000e+00,0.000000e+00,0.000000e+00,0.000000e+00,0.000000e+00
1.000000e+00,0.000000e+00,0.000000e+00,0.000000e+00,0.000000e+00,0.000000e+00,0.000000e+00,0.000000e+00,0.000000e+00,0.000000e+00,0.000000e+00,0.000000e+00,0.000000e+00,0.000000e+00,0.000000e+00
1.000000e+00,0.000000e+00,0.000000e+00,0.000000e+00,0.000000e+00,0.000000e+00,0.000000e+00,0.000000e+00,0.000000e+00,0.000000e+00,0.000000e+00,0.000000e+00,0.000000e+00,0.000000e+00,0.000000e+00
1.000000e+00,0.000000e+00,0.000000e+00,0.000000e+00,0.000000e+00,0.000000e+00,0.000000e+00,0.000000e+00,0.000000e+00,0.000000e+00,0.000000e+00,0.000000e+00,0.000000e+00,0.000000e+00,0.000000e+00
1.000000e+00,0.000000e+00,0.000000e+00,0.000000e+00,0.000000e+00,0.000000e+00,0.000000e+00,0.000000e+00,0.000000e+00,0.000000e+00,0.000000e+00,0.000000e+00,0.000000e+00,0.000000e+00,0.000000e+00
1.000000e+00,0.000000e+00,0.000000e+00,0.000000e+00,0.000000e+00,0.000000e+00,0.000000e+00,0.000000e+00,0.000000e+00,0.000000e+00,0.000000e+00,0.000000e+00,0.000000e+00,0.000000e+00,0.000000e+00
1.000000e+00,0.000000e+00,0.000000e+00,0.000000e+00,0.000000e+00,0.000000e+00,0.000000e+00,0.000000e+00,0.000000e+00,0.000000e+00,0.000000e+00,0.000000e+00,0.000000e+00,0.000000e+00,0.000000e+00
1.000000e+00,0.000000e+00,0.000000e+00,0.000000e+00,0.000000e+00,0.000000e+00,0.000000e+00,0.000000e+00,0.000000e+00,0.000000e+00,0.000000e+00,0.000000e+00,0.000000e+00,0.000000e+00,0.000000e+00
1.000000e+00,0.000000e+00,0.000000e+00,0.000000e+00,0.000000e+00,0.000000e+00,0.000000e+00,0.000000e+00,0.000000e+00,0.000000e+00,0.000000e+00,0.000000e+00,0.000000e+00,0.000000e+00,0.000000e+00
1.000000e+00,0.000000e+00,0.000000e+00,0.000000e+00,0.000000e+00,0.000000e+00,0.000000e+00,0.000000e+00,0.000000e+00,0.000000e+00,0.000000e+00,0.000000e+00,0.000000e+00,0.000000e+00,0.000000e+00
1.000000e+00,0.000000e+00,0.000000e+00,0.000000e+00,0.000000e+00,0.000000e+00,0.000000e+00,0.000000e+00,0.000000e+00,0.000000e+00,0.000000e+00,0.000000e+00,0.000000e+00,0.000000e+00,0.000000e+00
3.648723e-01,3.197625e-02,2.184721e-02,3.691543e-01,4.111228e-03,1.179233e-02,2.937446e-03,5.417830e-03,4.429716e-02,9.993310e-03,7.310300e-03,1.272988e-02,1.776097e-02,2.471174e-03,9.332833e-02
2.556770e-01,2.532444e-02,6.423570e-02,2.597705e-01,2.883727e-03,8.524585e-03,2.061205e-03,3.811604e-03,3.630520e-02,1.288863e-01,6.601932e-03,9.076882e-03,1.398869e-02,2.657893e-03,1.801944e-01
1.793157e-01,1.948716e-02,7.895017e-02,3.810085e-01,2.289101e-03,6.263765e-03,1.535354e-03,2.721550e-03,4.753071e-02,9.518135e-02,8.269688e-03,6.556178e-03,1.036230e-02,1.961021e-03,1.585675e-01
1.261418e-01,1.777606e-02,8.593300e-02,4.604706e-01,1.775805e-03,4.668093e-03,1.183573e-03,2.124393e-03,5.859934e-02,7.791600e-02,1.437945e-02,5.131260e-03,9.143986e-03,1.592575e-03,1.331641e-01
9.927891e-02,5.029032e-02,8.015895e-02,4.147461e-01,1.805821e-03,4.748818e-03,9.505423e-04,1.976610e-03,1.086041e-01,6.948239e-02,3.144971e-02,4.377543e-03,8.808177e-03,1.935056e-03,1.213869e-01
7.075745e-02,7.563233e-02,6.080124e-02,4.015211e-01,1.629861e-03,3.837609e-03,6.975975e-04,1.563160e-03,1.576614e-01,5.265444e-02,3.061538e-02,3.647804e-03,8.081713e-03,2.570250e-03,1.283287e-01
1.231302e-01,8.130893e-02,4.396800e-02,3.175923e-01,1.781203e-03,3.665748e-03,5.894687e-04,2.119614e-03,1.695792e-01,3.821663e-02,6.812664e-02,2.755954e-02,1.575066e-02,7.200952e-03,9.941099e-02
1.430759e-01,6.855451e-02,3.250244e-02,2.611489e-01,1.662855e-03,4.153058e-03,5.053738e-04,2.859264e-03,1.436050e-01,2.899769e-02,1.108260e-01,5.642997e-02,4.730938e-02,1.463174e-02,8.373791e-02
1.731386e-01,5.189730e-02,2.319559e-02,2.045135e-01,2.195818e-03,5.678347e-03,6.276072e-04,3.151112e-03,1.364986e-01,2.203153e-02,1.035437e-01,7.378976e-02,1.157735e-01,1.391875e-02,7.004625e-02
2.064933e-01,3.858320e-02,1.707218e-02,1.594424e-01,8.564379e-03,8.835125e-03,8.878965e-04,3.747057e-03,1.486885e-01,1.623662e-02,1.076560e-01,8.943973e-02,1.253821e-01,1.400470e-02,5.496687e-02
2.987423e-01,3.403896e-02,1.581610e-02,1.267736e-01,1.956258e-02,1.811707e-02,2.298203e-03,7.619430e-03,1.223980e-01,1.301381e-02,9.722911e-02,7.235149e-02,1.100225e-01,1.413934e-02,4.787742e-02
3.570494e-01,2.971152e-02,1.384238e-02,1.011336e-01,2.260020e-02,4.560324e-02,3.469146e-03,1.117478e-02,9.863900e-02,1.076106e-02,7.959938e-02,6.681238e-02,9.346371e-02,1.558529e-02,5.055483e-02
4.033729e-01,2.506594e-02,1.291712e-02,7.773647e-02,2.337773e-02,6.771439e-02,4.282682e-03,1.148869e-02,7.527950e-02,8.949940e-03,7.166457e-02,7.213686e-02,8.100284e-02,1.559721e-02,4.941311e-02
3.864603e-01,2.850689e-02,1.554542e-02,6.674782e-02,2.638793e-02,8.653086e-02,5.022287e-03,1.344923e-02,5.996526e-02,9.447070e-03,6.383551e-02,7.633055e-02,6.892975e-02,2.590598e-02,6.693503e-02
3.676314e-01,3.124317e-02,2.006689e-02,5.678067e-02,3.742652e-02,1.157947e-01,5.651277e-03,1.652708e-02,5.254809e-02,9.221546e-03,5.328027e-02,6.945942e-02,5.572331e-02,3.695750e-02,7.168806e-02
2.641352e-01,2.991836e-02,1.735443e-02,4.520988e-02,2.750438e-02,1.239484e-01,4.245299e-03,1.227806e-02,4.515721e-02,1.293464e-02,4.306896e-02,5.869328e-02,4.841237e-02,6.695017e-02,2.001893e-01
1.882727e-01,3.225843e-02,1.471764e-02,3.432260e-02,1.997920e-02,1.225435e-01,3.334465e-03,8.803352e-03,4.434803e-02,1.284174e-02,3.487246e-02,7.692270e-02,6.009401e-02,7.872012e-02,2.679691e-01
1.390384e-01,4.925343e-02,1.208856e-02,3.096966e-02,1.697174e-02,1.165903e-01,3.091470e-03,6.657717e-03,5.943428e-02,1.230762e-02,3.211913e-02,8.168873e-02,8.488826e-02,7.501876e-02,2.798820e-01
1.096905e-01,1.078406e-01,1.671209e-02,6.434284e-02,1.444271e-02,8.910006e-02,2.598836e-03,5.093313e-03,9.846550e-02,2.121335e-02,2.610429e-02,6.539384e-02,7.262611e-02,5.520187e-02,2.511741e-01
1.100107e-01,9.592337e-02,1.291558e-02,5.059210e-02,1.427669e-02,7.352608e-02,2.603945e-03,4.175428e-03,1.383934e-01,1.891999e-02,2.490403e-02,5.662171e-02,7.387896e-02,5.157706e-02,2.716809e-01
7.965333e-02,9.139672e-02,1.055858e-02,8.066272e-02,1.099920e-02,5.423990e-02,1.996581e-03,3.215719e-03,2.593950e-01,2.542294e-02,2.096565e-02,4.251149e-02,5.568460e-02,3.735728e-02,2.259403e-01
1.173367e-01,7.543644e-02,8.617150e-03,7.066902e-02,2.669596e-02,7.003553e-02,1.958593e-03,3.592266e-03,2.355603e-01,1.953616e-02,2.889559e-02,4.173902e-02,6.860214e-02,3.303716e-02,1.982881e-01
1.202516e-01,6.237244e-02,7.597944e-03,8.737983e-02,6.819853e-02,8.254907e-02,2.344189e-03,1.394337e-02,2.712922e-01,1.390614e-02,2.554372e-02,3.027496e-02,5.034302e-02,2.381680e-02,1.401862e-01
1.227123e-01,4.982999e-02,8.254986e-03,1.246126e-01,5.821629e-02,1.183120e-01,2.075780e-03,1.103641e-02,2.136224e-01,1.055933e-02,3.349783e-02,2.512108e-02,9.704855e-02,1.863440e-02,1.064662e-01
1.235939e-01,3.819794e-02,6.787335e-03,9.985412e-02,5.201373e-02,1.095236e-01,2.442887e-03,9.809606e-03,2.023654e-01,1.081586e-02,3.787652e-02,2.510043e-02,1.754655e-01,1.472459e-02,9.142862e-02
9.803941e-02,3.020562e-02,5.986087e-03,7.274120e-02,4.331186e-02,1.007904e-01,2.645208e-03,7.965752e-03,1.507571e-01,8.013438e-03,2.944006e-02,2.227953e-02,3.490728e-01,1.083153e-02,6.791998e-02
7.268065e-02,2.426905e-02,5.105997e-03,5.420516e-02,3.211564e-02,7.714964e-02,2.063533e-03,6.017231e-03,1.083192e-01,5.746796e-03,2.417731e-02,2.472091e-02,5.002813e-01,9.229536e-03,5.391806e-02
5.531682e-02,1.932158e-02,4.059543e-03,4.042057e-02,2.466746e-02,5.856001e-02,1.700158e-03,4.797792e-03,7.866682e-02,4.142070e-03,1.832163e-02,3.165291e-02,6.099648e-01,6.848832e-03,4.155898e-02
4.058953e-02,1.431964e-02,3.011218e-03,2.870150e-02,2.120513e-02,4.195780e-02,1.332884e-03,3.532786e-03,5.591652e-02,2.976084e-03,1.312436e-02,3.481627e-02,7.010979e-01,4.973700e-03,3.244463e-02
3.440652e-02,1.282283e-02,7.619089e-03,2.234432e-02,2.739717e-02,3.862518e-02,2.703722e-03,3.154999e-03,4.063594e-02,2.623881e-03,9.944343e-03,2.971016e-02,7.396888e-01,3.864326e-03,2.445875e-02
5.477757e-02,2.120173e-02,4.584279e-02,2.584770e-02,3.317583e-02,4.295313e-02,3.319079e-03,3.817998e-03,3.132229e-02,5.851260e-03,7.825474e-03,2.858676e-02,6.704137e-01,5.005563e-03,2.005916e-02
5.751350e-02,2.224016e-02,4.105103e-02,2.627543e-02,4.902466e-02,5.699178e-02,3.716978e-03,4.572750e-03,3.398563e-02,7.304240e-03,1.079419e-02,2.397395e-02,6.420916e-01,3.942686e-03,1.652136e-02
6.493491e-02,1.731983e-02,3.248383e-02,2.265003e-02,4.479954e-02,5.497987e-02,3.113780e-03,7.891463e-03,3.022445e-02,6.164234e-03,1.659024e-02,2.550348e-02,6.549007e-01,3.405680e-03,1.503801e-02
5.566360e-02,1.261468e-02,2.332780e-02,1.623343e-02,3.920093e-02,3.996769e-02,3.409686e-03,9.593066e-03,2.332110e-02,4.541673e-03,1.209983e-02,2.955887e-02,7.152444e-01,2.707398e-03,1.251587e-02
4.311185e-02,9.323972e-03,1.721375e-02,1.166719e-02,3.186325e-02,2.914513e-02,3.623475e-03,1.544939e-02,1.845307e-02,3.515229e-03,8.950904e-03,3.766535e-02,7.581630e-01,2.029088e-03,9.825343e-03
4.065704e-02,1.108631e-02,1.288854e-02,9.048634e-03,2.663915e-02,2.428818e-02,3.780830e-03,1.532457e-02,1.927843e-02,3.306749e-03,6.892992e-03,3.975600e-02,7.763946e-01,1.876009e-03,8.781942e-03
4.343038e-02,8.403103e-03,2.387872e-02,1.820441e-02,2.225075e-02,2.421613e-02,3.787378e-03,2.270753e-02,1.614515e-02,2.444085e-03,5.557993e-03,3.164364e-02,7.694922e-01,1.438103e-03,6.400378e-03
4.005179e-02,6.693088e-03,1.784223e-02,1.335241e-02,1.966995e-02,2.308165e-02,2.811515e-03,1.786717e-02,1.335229e-02,1.755866e-03,4.135062e-03,2.451023e-02,8.090774e-01,1.094090e-03,4.705281e-03
3.401099e-02,6.028219e-03,1.571007e-02,1.023381e-02,1.809756e-02,1.763378e-02,2.593077e-03,2.568764e-02,1.367295e-02,1.323727e-03,3.447684e-03,2.801898e-02,8.190723e-01,8.282335e-04,3.640978e-03
2.943275e-02,6.217211e-03,1.722556e-02,7.676576e-03,1.455972e-02,1.559666e-02,2.155291e-03,3.889935e-02,1.406688e-02,9.923049e-04,2.583216e-03,2.309979e-02,8.238130e-01,6.165536e-04,3.065153e-03
2.632046e-02,5.825476e-03,4.370834e-02,8.867000e-03,1.371851e-02,1.341114e-02,2.028054e-03,9.598268e-02,1.396620e-02,1.255605e-03,2.529361e-03,1.790414e-02,7.407119e-01,8.010521e-04,1.297004e-02
3.032501e-02,8.850140e-03,1.400817e-01,8.533484e-02,1.431069e-02,1.238929e-02,2.189079e-03,7.404602e-02,2.905888e-02,4.919255e-03,3.394457e-03,1.333206e-02,5.353392e-01,9.742422e-04,4.545505e-02
3.091250e-02,9.309971e-03,1.191599e-01,9.706650e-02,1.299711e-02,1.222786e-02,2.717699e-03,5.753342e-02,3.988765e-02,1.707752e-02,9.246655e-03,1.170685e-02,3.890164e-01,1.283902e-03,1.898561e-01
2.365708e-02,9.747169e-03,8.422665e-02,6.867977e-02,1.008722e-02,9.236124e-03,2.368945e-03,4.057220e-02,2.011997e-01,1.629517e-02,7.702681e-03,8.827146e-03,2.762685e-01,1.286831e-03,2.398447e-01
1.725455e-02,1.090299e-02,6.004593e-02,5.320122e-02,7.898341e-03,6.997797e-03,1.827651e-03,2.977785e-02,2.828737e-01,1.377372e-02,6.172823e-03,6.380868e-03,1.949041e-01,1.139786e-03,3.068486e-01
1.263683e-02,8.639082e-03,4.273699e-02,3.846561e-02,6.050182e-03,5.326154e-03,1.368198e-03,2.160270e-02,2.786085e-01,9.838598e-03,4.789234e-03,4.533418e-03,1.373812e-01,8.968792e-04,4.271263e-01
1.610281e-02,1.339014e-02,4.103761e-02,6.468385e-02,1.396985e-02,5.031474e-03,1.349283e-03,4.078482e-02,3.481571e-01,8.149095e-03,5.170394e-03,3.387973e-03,9.715034e-02,9.970285e-04,3.406382e-01
1.101984e-01,1.294318e-02,3.054301e-02,5.596419e-02,2.216755e-02,6.529617e-03,1.181273e-03,3.632797e-02,3.548622e-01,9.185852e-03,1.153553e-02,3.218097e-03,6.918717e-02,2.812429e-03,2.733436e-01
1.388226e-01,1.622957e-02,2.822419e-02,4.770546e-02,3.886969e-02,7.173808e-03,2.154057e-03,3.456851e-02,3.377645e-01,1.308451e-02,1.954059e-02,6.130149e-03,5.142369e-02,9.756299e-03,2.485524e-01
1.394259e-01,2.060099e-02,5.310441e-02,7.668458e-02,4.364664e-02,6.797947e-03,3.339109e-03,3.991159e-02,2.877592e-01,1.591232e-02,2.712614e-02,1.697302e-02,4.456320e-02,1.006949e-02,2.140855e-01
1.387360e-01,1.976463e-02,1.694974e-01,9.284358e-02,3.924146e-02,6.208521e-03,2.636324e-03,6.870379e-02,2.124210e-01,1.272293e-02,2.359181e-02,1.567991e-02,3.307813e-02,8.496982e-03,1.563776e-01
1.205256e-01,2.050302e-02,2.901061e-01,1.049657e-01,3.143319e-02,4.937802e-03,2.016516e-03,6.837893e-02,1.684331e-01,1.258333e-02,1.994498e-02,1.238704e-02,2.370594e-02,7.943735e-03,1.121350e-01
1.149927e-01,1.754378e-02,3.872471e-01,1.034615e-01,2.352679e-02,3.903363e-03,1.507237e-03,6.161565e-02,1.348488e-01,1.453633e-02,1.795851e-02,1.060137e-02,1.727926e-02,9.136965e-03,8.184051e-02
8.446981e-02,1.243821e-02,5.157915e-01,1.079713e-01,1.656545e-02,2.840676e-03,1.078690e-03,4.904499e-02,9.968763e-02,1.070115e-02,1.342384e-02,8.071533e-03,1.267001e-02,6.767994e-03,5.847716e-02
6.128637e-02,8.816096e-03,5.857265e-01,1.375468e-01,1.166499e-02,2.040141e-03,7.713617e-04,3.893578e-02,7.349209e-02,8.680199e-03,9.683075e-03,5.727713e-03,9.061847e-03,4.775321e-03,4.179162e-02
4.592834e-02,6.277903e-03,6.345623e-01,1.594357e-01,8.296295e-03,1.473037e-03,5.855019e-04,3.330395e-02,5.287112e-02,6.863029e-03,7.007306e-03,4.037096e-03,6.433226e-03,3.371256e-03,2.955393e-02
3.964067e-02,5.041562e-03,6.705508e-01,1.658590e-01,6.064474e-03,1.141997e-03,4.937844e-04,2.886389e-02,3.829507e-02,8.015893e-03,5.111580e-03,2.849820e-03,4.573236e-03,2.466991e-03,2.103122e-02
3.922110e-02,4.588592e-03,6.474587e-01,2.095264e-01,4.492951e-03,9.105378e-04,5.681824e-04,3.101327e-02,2.779022e-02,8.147832e-03,3.744393e-03,2.049371e-03,3.296535e-03,1.938866e-03,1.525293e-02
4.003983e-02,3.658438e-03,6.041197e-01,2.569793e-01,3.798281e-03,7.822760e-04,6.404043e-04,4.329767e-02,1.984737e-02,7.793417e-03,2.784674e-03,1.510210e-03,2.369077e-03,1.502687e-03,1.087658e-02
3.909937e-02,3.122069e-03,5.928542e-01,2.603312e-01,3.467444e-03,7.295302e-04,1.005824e-03,6.164730e-02,1.457457e-02,9.037599e-03,2.125179e-03,1.105931e-03,1.712747e-03,1.245993e-03,7.940978e-03
4.554076e-02,3.076778e-03,5.992002e-01,2.395439e-01,2.819606e-03,9.311578e-04,1.490844e-03,7.711793e-02,1.085296e-02,8.110947e-03,1.698159e-03,8.728832e-04,1.298030e-03,1.142937e-03,6.302803e-03
6.309486e-02,3.525308e-03,5.715510e-01,2.021595e-01,3.032495e-03,1.890965e-03,1.927971e-03,1.260232e-01,8.226357e-03,7.420433e-03,1.594577e-03,9.074140e-04,1.058362e-03,1.266841e-03,6.320688e-03
6.907231e-02,2.904175e-03,4.580508e-01,1.759276e-01,4.038969e-03,1.984523e-03,1.816442e-03,2.647233e-01,6.516613e-03,5.510199e-03,1.370652e-03,8.012622e-04,8.900481e-04,1.090677e-03,5.302321e-03
7.878325e-02,3.006352e-03,4.093795e-01,1.655112e-01,4.544287e-03,2.118299e-03,1.710162e-03,3.098305e-01,7.878771e-03,5.498436e-03,1.559124e-03,1.339794e-03,9.380188e-04,1.371246e-03,6.530949e-03
6.888154e-02,7.004252e-03,4.802871e-01,1.231136e-01,3.485919e-03,2.001260e-03,1.299228e-03,2.336314e-01,4.205771e-02,1.572801e-02,3.493774e-03,1.388379e-03,1.090162e-03,1.022484e-02,6.312867e-03
9.758183e-02,1.886470e-02,4.090226e-01,9.453166e-02,2.918615e-03,3.961285e-03,1.088537e-03,1.829934e-01,6.024689e-02,2.600534e-02,6.041317e-02,2.761097e-03,2.671562e-03,2.833623e-02,8.603070e-03
1.305426e-01,1.913794e-02,2.895515e-01,6.971683e-02,2.334061e-03,5.043567e-03,8.757851e-04,1.371898e-01,8.649880e-02,2.897096e-02,1.779863e-01,9.812066e-03,4.191019e-03,2.963803e-02,8.510785e-03
1.218359e-01,2.105800e-02,2.075695e-01,5.120900e-02,1.974556e-03,7.377585e-03,9.463299e-04,1.034336e-01,7.770671e-02,2.725865e-02,3.061870e-01,1.939733e-02,5.408240e-03,3.761829e-02,1.101933e-02
8.730580e-02,1.552475e-02,1.455640e-01,3.622813e-02,1.708444e-03,7.440458e-03,9.168485e-04,7.315111e-02,5.718470e-02,2.136830e-02,4.555655e-01,2.534371e-02,4.315021e-03,6.016300e-02,8.220171e-03
6.182297e-02,1.113338e-02,1.020106e-01,2.558755e-02,1.489128e-03,7.043135e-03,7.642068e-04,5.131220e-02,4.104402e-02,1.553439e-02,5.950811e-01,2.567711e-02,3.326190e-03,5.222423e-02,5.949832e-03
4.367018e-02,8.236852e-03,7.220389e-02,1.820571e-02,2.035991e-03,1.133168e-02,9.938310e-04,3.654061e-02,2.979565e-02,1.347662e-02,6.792923e-01,2.388148e-02,2.780077e-03,5.235460e-02,5.200473e-03
3.076410e-02,6.000781e-03,5.065547e-02,1.282024e-02,2.156238e-03,8.180286e-03,8.626214e-04,2.579767e-02,2.233258e-02,1.176194e-02,7.562860e-01,1.787483e-02,2.300378e-03,4.818631e-02,4.020535e-03
2.186964e-02,4.418033e-03,3.556128e-02,9.141791e-03,1.872491e-03,6.469162e-03,6.793983e-04,1.830480e-02,1.645802e-02,9.372309e-03,8.086627e-01,1.494317e-02,1.846364e-03,4.737673e-02,3.024104e-03
1.537803e-02,3.243339e-03,2.492759e-02,6.569085e-03,1.413544e-03,5.010842e-03,4.854134e-04,1.283563e-02,1.196395e-02,7.425614e-03,8.536228e-01,1.180094e-02,1.511121e-03,4.136078e-02,2.451283e-03
1.086648e-02,2.419331e-03,1.752231e-02,4.714049e-03,1.344844e-03,3.853983e-03,3.672022e-04,9.051318e-03,9.330069e-03,6.695086e-03,8.676053e-01,1.038955e-02,1.218144e-03,5.271582e-02,1.906542e-03
7.894112e-03,5.944348e-03,1.298363e-02,3.412470e-03,4.929163e-03,4.062728e-03,3.883384e-04,6.443967e-03,8.788856e-03,8.244030e-03,8.353672e-01,2.014387e-02,1.057820e-03,7.839593e-02,1.943555e-03
5.881050e-03,1.009532e-02,2.005815e-02,2.976044e-03,1.132763e-02,6.579793e-03,6.420216e-04,8.582550e-03,7.496671e-03,9.663785e-03,7.753581e-01,1.792232e-02,1.069007e-03,1.207756e-01,1.571953e-03
4.729414e-03,4.160187e-02,1.771394e-02,2.782635e-03,3.780069e-02,2.421748e-02,1.107607e-03,7.277250e-03,1.194733e-02,1.117066e-02,6.727339e-01,1.901754e-02,9.840978e-04,1.455917e-01,1.323876e-03
7.695820e-03,4.327373e-02,1.963760e-02,3.447868e-03,6.460819e-02,3.758411e-02,2.248651e-03,1.132785e-02,3.195566e-02,1.867988e-02,5.699582e-01,2.662800e-02,1.206098e-03,1.604307e-01,1.317658e-03
9.275945e-03,4.772610e-02,1.748382e-02,4.154391e-03,8.287154e-02,3.648017e-02,2.050253e-03,1.049136e-02,1.028779e-01,2.642028e-02,4.871207e-01,3.247662e-02,1.183821e-03,1.352281e-01,4.159005e-03
1.098834e-02,5.479142e-02,3.353359e-02,9.468621e-03,8.574623e-02,3.367202e-02,1.899060e-03,1.953901e-02,1.677489e-01,3.227020e-02,3.914326e-01,4.260352e-02,2.135647e-03,1.014701e-01,1.270081e-02
1.151599e-02,4.133024e-02,2.772368e-02,8.188321e-03,6.735628e-02,2.595578e-02,1.369877e-03,1.704568e-02,3.129126e-01,2.437107e-02,3.398814e-01,3.338336e-02,1.709080e-03,7.629136e-02,1.096522e-02
1.498684e-02,3.349642e-02,2.255532e-02,7.047083e-03,5.304939e-02,2.290590e-02,9.905797e-04,1.418188e-02,3.881344e-01,1.833851e-02,3.255958e-01,2.509839e-02,1.401245e-03,6.286016e-02,9.358142e-03
1.802005e-02,3.342713e-02,1.799098e-02,6.643709e-03,4.539999e-02,2.298367e-02,7.433905e-04,1.236976e-02,4.053450e-01,1.590051e-02,3.324944e-01,1.855154e-02,1.368646e-03,5.604600e-02,1.271527e-02
2.602922e-02,2.805769e-02,2.730178e-02,9.347616e-03,4.592840e-02,1.820701e-02,6.524744e-04,1.597903e-02,4.614070e-01,1.354885e-02,2.831431e-01,1.349313e-02,1.183744e-03,4.429675e-02,1.142413e-02
3.196175e-02,2.291140e-02,2.499943e-02,1.176100e-02,4.186624e-02,1.441396e-02,6.461409e-04,1.507528e-02,4.535455e-01,1.087601e-02,3.083782e-01,1.032609e-02,1.221424e-03,4.204723e-02,9.970321e-03
4.244570e-02,1.921657e-02,2.169113e-02,1.193177e-02,3.473691e-02,1.187212e-02,5.589548e-04,1.441061e-02,4.170560e-01,8.567387e-03,3.117811e-01,7.636333e-03,1.429451e-03,8.849838e-02,8.167612e-03
7.559691e-02,1.765033e-02,4.418506e-02,4.815337e-02,4.397155e-02,1.104490e-02,8.454592e-04,3.157564e-02,3.296420e-01,7.859838e-03,2.808009e-01,6.080638e-03,1.536130e-03,9.463446e-02,6.422832e-03
9.029211e-02,1.693346e-02,5.943651e-02,4.377028e-02,4.863054e-02,1.240475e-02,1.444149e-03,3.759855e-02,2.829341e-01,6.203528e-03,2.385529e-01,5.117163e-03,1.491258e-03,1.496837e-01,5.507107e-03
8.963935e-02,1.385717e-02,5.300617e-02,3.257665e-02,4.509126e-02,2.028886e-02,1.803174e-03,3.041730e-02,2.633180e-01,4.787510e-03,1.990650e-01,4.509018e-03,1.719166e-03,2.348008e-01,5.120605e-03
1.032999e-01,1.720629e-02,7.210501e-02,2.565670e-02,3.908230e-02,3.637061e-02,3.631423e-03,2.424595e-02,2.451604e-01,3.920566e-03,1.515661e-01,4.329391e-03,2.389645e-03,2.614008e-01,9.634976e-03
1.417645e-01,1.534103e-02,7.668246e-02,1.955980e-02,2.979622e-02,2.918756e-02,4.480773e-03,2.092635e-02,2.411201e-01,3.533343e-03,1.240948e-01,4.415420e-03,2.252576e-03,2.785813e-01,8.263840e-03
1.764778e-01,1.378624e-02,1.030676e-01,1.712063e-02,2.579009e-02,2.301269e-02,5.870877e-03,2.285578e-02,2.417413e-01,3.006828e-03,9.884684e-02,4.082112e-03,2.236405e-03,2.554560e-01,6.648837e-03
2.157587e-01,1.359142e-02,1.709117e-01,1.802051e-02,1.928761e-02,1.780360e-02,8.708137e-03,3.251040e-02,2.232672e-01,4.538816e-03,7.280586e-02,3.689556e-03,2.306183e-03,1.909990e-01,5.801172e-03
2.970636e-01,1.667722e-02,1.614267e-01,1.554260e-02,1.459648e-02,1.559973e-02,9.038452e-03,3.860220e-02,2.038549e-01,4.901979e-03,5.669807e-02,4.061013e-03,2.867965e-03,1.528345e-01,6.234556e-03
2.735004e-01,1.398071e-02,2.281597e-01,1.827033e-02,1.130548e-02,2.043735e-02,1.274768e-02,9.466763e-02,1.488480e-01,3.790052e-03,4.144081e-02,3.923504e-03,2.947990e-03,1.204519e-01,5.528501e-03
2.763320e-01,1.176798e-02,2.570136e-01,1.934025e-02,9.986745e-03,3.721509e-02,3.505693e-02,1.110273e-01,1.064259e-01,3.305510e-03,2.996260e-02,4.107133e-03,5.045689e-03,8.815336e-02,5.259960e-03
2.524754e-01,9.526454e-03,2.755524e-01,2.438228e-02,9.715192e-03,3.629129e-02,4.065505e-02,1.736776e-01,7.581554e-02,2.972653e-03,2.142506e-02,4.528557e-03,5.446651e-03,6.283485e-02,4.701107e-03
2.326121e-01,8.176018e-03,2.801396e-01,3.145603e-02,9.928249e-03,3.867812e-02,3.546498e-02,2.274143e-01,5.508605e-02,3.252120e-03,1.571292e-02,5.369419e-03,6.705862e-03,4.510122e-02,4.903009e-03
2.051109e-01,8.014116e-03,2.426445e-01,3.153826e-02,1.133576e-02,3.691044e-02,3.551793e-02,3.231890e-01,3.989498e-02,2.938355e-03,1.159616e-02,4.678453e-03,9.376658e-03,3.234663e-02,4.907769e-03
1.616120e-01,7.031155e-03,1.933847e-01,3.421890e-02,1.327159e-02,2.791542e-02,3.063741e-02,4.530384e-01,2.874332e-02,2.695851e-03,8.493125e-03,3.606501e-03,7.639452e-03,2.291569e-02,4.796504e-03
2.448148e-01,6.247055e-03,1.434119e-01,2.703397e-02,1.890665e-02,2.513307e-02,2.482549e-02,3.756049e-01,3.771880e-02,1.106148e-02,1.553682e-02,1.349819e-02,1.282724e-02,2.406843e-02,1.931128e-02
2.000390e-01,5.561772e-03,1.036306e-01,3.842928e-02,1.725824e-02,2.203008e-02,1.900010e-02,2.870711e-01,9.020170e-02,6.902445e-02,2.026251e-02,3.108481e-02,3.140247e-02,2.684396e-02,3.815997e-02
2.247332e-01,6.617841e-03,7.631105e-02,3.500157e-02,1.400223e-02,1.820621e-02,1.473139e-02,2.066687e-01,9.292008e-02,1.139826e-01,2.759933e-02,4.152495e-02,5.899771e-02,2.376533e-02,4.493776e-02
2.479640e-01,1.013570e-02,6.015793e-02,2.888132e-02,1.344598e-02,2.018730e-02,1.737570e-02,1.526992e-01,8.143881e-02,1.015970e-01,2.929394e-02,4.311056e-02,4.807787e-02,5.567453e-02,8.996014e-02
1.894402e-01,1.340104e-02,4.366695e-02,2.134800e-02,9.760632e-03,1.567054e-02,1.240214e-02,1.081538e-01,1.486679e-01,1.468049e-01,2.235061e-02,3.104518e-02,3.573199e-02,6.794914e-02,1.336069e-01
1.973283e-01,1.516483e-02,3.939596e-02,4.856127e-02,8.350242e-03,1.541486e-02,9.687961e-03,7.787223e-02,1.455358e-01,1.306784e-01,2.386584e-02,3.355981e-02,3.644595e-02,9.508318e-02,1.230553e-01
1.999118e-01,1.462552e-02,3.027863e-02,4.267415e-02,6.631204e-03,1.247044e-02,7.253315e-03,5.503620e-02,1.163000e-01,1.076978e-01,2.776932e-02,2.778636e-02,3.206387e-02,1.730540e-01,1.464474e-01
2.131004e-01,2.758679e-02,2.458321e-02,6.084114e-02,7.015772e-03,1.225799e-02,5.463839e-03,4.061764e-02,1.447671e-01,8.692612e-02,3.542404e-02,2.887604e-02,3.454723e-02,1.400524e-01,1.379403e-01
2.798293e-01,3.317794e-02,2.154335e-02,7.083805e-02,6.304761e-03,1.189527e-02,4.623342e-03,3.167233e-02,1.269828e-01,6.628911e-02,3.944592e-02,2.996963e-02,3.698941e-02,1.233446e-01,1.170942e-01
3.047230e-01,2.995664e-02,2.065874e-02,5.918462e-02,6.560993e-03,1.111884e-02,3.862148e-03,2.480531e-02,1.136790e-01,8.148161e-02,3.771024e-02,2.889208e-02,3.584641e-02,1.189573e-01,1.225630e-01
3.401548e-01,2.818686e-02,2.199301e-02,5.562470e-02,1.044086e-02,1.092089e-02,3.888311e-03,2.414091e-02,1.132218e-01,7.866463e-02,3.519831e-02,2.520559e-02,3.400859e-02,1.204511e-01,9.789959e-02
3.799765e-01,3.240336e-02,2.317198e-02,5.410202e-02,2.169088e-02,1.140886e-02,4.426418e-03,2.925870e-02,1.120197e-01,6.559612e-02,3.996373e-02,2.137774e-02,2.892445e-02,9.898029e-02,7.669926e-02
3.840301e-01,2.940307e-02,6.328548e-02,7.583756e-02,3.410850e-02,1.565121e-02,4.472850e-03,3.412141e-02,9.589864e-02,5.011758e-02,3.444934e-02,2.044853e-02,2.484383e-02,7.612301e-02,5.720891e-02
4.142858e-01,3.108488e-02,6.586500e-02,6.532055e-02,3.486083e-02,1.926272e-02,3.748896e-03,2.847055e-02,9.983169e-02,4.289540e-02,2.886764e-02,2.131654e-02,2.019165e-02,7.158632e-02,5.241150e-02
3.581769e-01,3.299464e-02,6.481447e-02,7.562688e-02,2.939492e-02,2.086053e-02,3.369194e-03,2.462841e-02,9.178488e-02,3.486276e-02,3.400237e-02,7.522808e-02,4.569043e-02,5.952543e-02,4.904009e-02
3.381224e-01,5.925097e-02,5.192316e-02,7.713900e-02,2.626445e-02,1.891736e-02,3.317819e-03,2.380143e-02,1.308287e-01,3.166764e-02,3.467221e-02,6.285483e-02,4.727674e-02,4.814688e-02,4.581640e-02
3.500491e-01,6.567380e-02,4.020977e-02,6.894519e-02,2.528245e-02,1.817720e-02,3.122796e-03,1.970362e-02,1.657614e-01,2.710697e-02,3.262110e-02,5.656484e-02,4.350545e-02,3.786637e-02,4.540996e-02
3.725454e-01,6.421027e-02,3.132726e-02,7.978549e-02,2.473844e-02,1.638232e-02,2.994948e-03,1.949778e-02,1.752598e-01,2.217572e-02,3.154586e-02,4.668880e-02,4.261006e-02,3.024653e-02,3.999127e-02
3.315038e-01,5.324979e-02,3.084051e-02,1.985887e-01,2.157954e-02,1.717522e-02,2.862951e-03,1.886169e-02,1.513746e-01,1.681172e-02,2.939360e-02,3.727186e-02,3.434821e-02,2.283053e-02,3.330721e-02
3.031673e-01,4.356695e-02,3.417617e-02,2.609933e-01,1.915232e-02,1.590469e-02,2.576460e-03,1.806460e-02,1.281890e-01,1.503419e-02,4.120614e-02,3.396402e-02,3.642997e-02,1.687472e-02,3.070016e-02
2.973964e-01,3.457825e-02,4.958596e-02,2.661268e-01,1.722107e-02,1.483329e-02,2.243766e-03,1.596350e-02,1.225626e-01,1.400337e-02,4.318126e-02,3.352216e-02,3.974885e-02,1.403915e-02,3.499365e-02
3.063631e-01,3.615379e-02,4.073698e-02,2.110288e-01,1.695891e-02,1.409278e-02,2.393180e-03,1.536474e-02,1.238561e-01,1.827398e-02,5.584063e-02,3.580920e-02,4.712252e-02,1.358508e-02,6.242031e-02
2.769825e-01,4.677451e-02,3.965089e-02,2.068920e-01,2.002437e-02,1.148654e-02,2.731901e-03,1.968704e-02,1.498929e-01,2.256957e-02,6.404177e-02,2.923320e-02,4.194079e-02,1.278798e-02,5.530407e-02
3.204805e-01,5.383112e-02,3.110879e-02,1.694393e-01,2.464916e-02,1.060881e-02,2.742318e-03,2.054629e-02,1.752603e-01,2.003161e-02,5.725851e-02,2.326988e-02,3.323770e-02,1.099410e-02,4.654164e-02
3.207226e-01,4.318586e-02,3.454489e-02,1.984337e-01,2.141781e-02,1.046561e-02,2.411413e-03,2.718979e-02,1.730019e-01,1.962923e-02,4.502272e-02,1.792361e-02,2.591599e-02,9.096791e-03,5.103802e-02
2.458111e-01,3.603228e-02,3.132432e-02,2.204528e-01,1.547191e-02,8.409754e-03,1.796620e-03,1.965122e-02,2.407060e-01,2.565065e-02,4.703503e-02,1.375407e-02,2.639477e-02,6.848075e-03,6.066153e-02
1.770421e-01,2.603864e-02,2.299849e-02,2.831520e-01,1.183413e-02,6.302966e-03,1.435490e-03,1.411290e-02,2.170055e-01,2.173117e-02,1.138255e-01,1.175472e-02,4.256634e-02,5.151866e-03,4.504823e-02
1.286917e-01,1.843903e-02,1.642460e-02,2.190236e-01,9.129354e-03,4.738870e-03,1.078340e-03,1.072204e-02,1.562791e-01,1.572006e-02,2.908542e-01,1.612606e-02,7.441199e-02,6.069563e-03,3.229147e-02
9.901901e-02,1.344778e-02,1.226498e-02,2.213875e-01,1.018560e-02,4.067635e-03,9.280423e-04,9.104889e-03,1.178976e-01,1.186384e-02,3.324705e-01,5.742272e-02,7.055967e-02,1.585182e-02,2.352842e-02
8.330346e-02,9.867805e-03,8.965373e-03,1.823711e-01,1.439650e-02,3.712735e-03,8.543102e-04,7.089680e-03,8.527054e-02,1.010508e-02,3.633657e-01,8.897409e-02,6.156250e-02,6.260058e-02,1.756050e-02
1.228595e-01,7.584892e-03,6.622137e-03,1.311055e-01,1.484651e-02,3.712298e-03,8.851744e-04,6.503211e-03,6.256927e-02,1.213921e-02,2.974116e-01,1.139487e-01,6.047453e-02,1.461915e-01,1.314607e-02
1.240930e-01,6.487155e-03,5.091665e-03,9.571983e-02,1.247493e-02,3.427150e-03,8.151112e-04,5.474148e-03,4.758533e-02,1.101724e-02,2.409061e-01,1.203773e-01,5.334074e-02,2.631605e-01,1.002988e-02
1.282775e-01,6.405409e-03,4.532784e-03,7.194380e-02,9.989891e-03,5.268978e-03,7.138617e-04,5.485911e-03,3.614265e-02,1.420907e-02,3.368004e-01,1.121224e-01,4.122723e-02,2.190818e-01,7.798426e-03
1.342524e-01,6.842473e-03,4.263963e-03,5.349097e-02,7.623336e-03,6.098629e-03,6.397358e-04,5.084316e-03,2.863703e-02,1.291805e-02,3.981306e-01,1.036821e-01,3.241235e-02,1.987499e-01,7.174160e-03
1.252476e-01,1.268203e-02,6.094527e-03,3.940164e-02,6.870674e-03,6.396232e-03,7.458840e-04,8.002115e-03,2.259652e-02,1.379886e-02,4.328395e-01,9.664632e-02,2.503217e-02,1.974533e-01,6.192684e-03
1.340940e-01,1.751315e-02,1.118424e-02,3.008930e-02,7.010074e-03,6.345258e-03,8.673972e-04,1.533233e-02,1.984273e-02,1.294901e-02,3.888934e-01,1.013150e-01,2.199025e-02,2.272650e-01,5.308933e-03
1.192451e-01,2.380636e-02,1.438804e-02,2.227804e-02,1.481795e-02,5.159463e-03,7.533173e-04,1.833413e-02,1.708340e-02,1.455635e-02,3.957457e-01,8.442102e-02,1.824984e-02,2.464504e-01,4.710909e-03
9.604599e-02,2.156927e-02,1.531072e-02,1.616546e-02,1.083137e-02,4.064283e-03,6.802476e-04,1.639562e-02,1.570939e-02,1.112001e-02,3.086990e-01,6.713734e-02,1.482326e-02,3.972375e-01,4.210601e-03
6.933323e-02,1.672290e-02,1.184732e-02,1.141376e-02,7.854557e-03,3.003561e-03,4.884484e-04,1.197370e-02,1.507362e-02,8.499909e-03,2.485392e-01,5.142958e-02,1.104137e-02,5.286831e-01,4.095729e-03
5.653286e-02,1.565268e-02,1.099008e-02,8.403820e-03,5.926121e-03,2.948942e-03,3.775755e-04,1.023045e-02,1.432817e-02,7.242507e-03,2.000885e-01,3.794887e-02,8.394456e-03,6.154078e-01,5.527152e-03
4.545913e-02,1.210314e-02,7.806835e-03,6.043792e-03,4.201699e-03,2.696213e-03,2.727654e-04,8.011831e-03,1.400529e-02,5.812064e-03,1.717412e-01,2.846579e-02,6.205653e-03,6.828029e-01,4.371780e-03
3.661632e-02,1.212956e-02,6.591599e-03,4.338531e-03,3.021323e-03,2.839193e-03,2.038030e-04,6.203690e-03,1.778251e-02,4.444655e-03,1.450449e-01,2.164849e-02,4.539782e-03,7.307728e-01,3.822840e-03
2.894724e-02,1.180275e-02,6.318444e-03,3.143082e-03,2.234554e-03,2.703293e-03,1.514363e-04,4.516909e-03,2.264038e-02,3.564894e-03,1.611010e-01,1.593981e-02,3.233532e-03,7.306036e-01,3.099086e-03
2.693914e-02,1.228217e-02,4.904279e-02,4.005427e-03,1.997221e-03,4.828755e-03,1.490783e-04,3.765146e-03,3.451427e-02,3.658544e-03,1.733358e-01,1.164736e-02,2.437209e-03,6.680521e-01,3.344970e-03
3.526589e-02,1.012130e-02,2.256407e-01,4.603917e-03,1.894173e-03,1.275623e-02,2.450729e-04,2.912062e-03,2.813889e-02,3.062075e-03,1.304165e-01,8.183938e-03,1.785127e-03,5.313070e-01,3.667171e-03
3.817930e-02,1.073781e-02,3.513764e-01,7.413995e-03,2.965221e-02,2.328121e-02,5.685203e-04,2.443853e-03,2.400323e-02,2.604698e-03,1.051073e-01,5.802964e-03,1.314061e-03,3.944946e-01,3.019796e-03
5.017208e-02,1.137371e-02,3.867842e-01,9.561615e-03,4.965390e-02,3.275676e-02,6.115907e-04,2.409346e-03,2.523347e-02,2.904017e-03,1.151749e-01,4.236975e-03,1.028108e-03,3.051600e-01,2.939401e-03
6.109013e-02,1.878307e-02,3.637582e-01,1.252881e-02,1.164634e-01,6.907710e-02,6.118239e-04,1.878804e-03,2.548575e-02,2.862569e-03,9.232777e-02,3.078009e-03,9.807657e-04,2.258540e-01,5.219745e-03
8.573315e-02,2.249363e-02,3.133646e-01,1.482479e-02,1.279778e-01,9.638687e-02,5.656553e-04,1.528421e-03,3.261022e-02,3.153616e-03,1.005111e-01,2.323655e-03,1.017421e-03,1.900597e-01,7.449403e-03
9.606418e-02,2.112913e-02,3.348092e-01,1.876895e-02,1.100506e-01,7.474641e-02,6.289149e-04,1.561488e-03,3.349473e-02,3.271481e-03,1.217804e-01,2.194276e-03,1.114084e-03,1.705800e-01,9.806099e-03
1.191316e-01,2.102056e-02,3.487723e-01,2.142633e-02,8.176333e-02,5.449985e-02,5.816592e-04,1.402389e-03,3.577094e-02,2.707402e-03,1.184992e-01,1.909601e-03,1.333166e-03,1.813451e-01,9.836613e-03
1.520993e-01,2.071342e-02,3.235032e-01,1.988990e-02,5.999639e-02,3.968253e-02,5.720356e-04,1.303095e-03,3.663731e-02,2.386109e-03,1.582730e-01,1.631225e-03,1.287036e-03,1.723562e-01,9.669229e-03
1.911449e-01,1.977094e-02,2.950619e-01,2.400997e-02,5.148760e-02,2.941195e-02,7.948779e-04,2.533874e-03,3.647785e-02,2.512888e-03,1.882540e-01,2.564763e-03,1.292649e-03,1.458538e-01,8.828008e-03
2.552980e-01,2.204760e-02,2.522644e-01,2.402067e-02,4.098309e-02,2.338533e-02,1.293902e-03,4.804467e-03,3.581915e-02,2.756527e-03,1.763502e-01,3.868553e-03,1.927786e-03,1.450088e-01,1.017141e-02
