1.000000e+00,0.000000e+00,0.000000e+00,0.000000e+00,0.000000e+00,0.000000e+00,0.000000e+00,0.000000e+00,0.000000e+00,0.000000e+00,0.000000e+00,0.000000e+00,0.000000e+00,0.000000e+00,0.000000e+00
1.000000e+00,0.000000e+00,0.000000e+00,0.000000e+00,0.000000e+00,0.000000e+00,0.000000e+00,0.000000e+00,0.000000e+00,0.000000e+00,0.000000e+00,0.000000e+00,0.000000e+00,0.000000e+00,0.000000e+00
1.000000e+00,0.000000e+00,0.000000e+00,0.000000e+00,0.000000e+00,0.000000e+00,0.000000e+00,0.000000e+00,0.000000e+00,0.000000e+00,0.000000e+00,0.000000e+00,0.000000e+00,0.000000e+00,0.000000e+00
1.000000e+00,0.000000e+00,0.000000e+00,0.000000e+00,0.000000e+00,0.000000e+00,0.000000e+00,0.000000e+00,0.000000e+00,0.000000e+00,0.000000e+00,0.000000e+00,0.000000e+00,0.000000e+00,0.000000e+00
1.000000e+00,0.000000e+00,0.000000e+00,0.000000e+00,0.000000e+00,0.000000e+00,0.000000e+00,0.000000e+00,0.000000e+00,0.000000e+00,0.000000e+00,0.000000e+00,0.000000e+00,0.000000e+00,0.000000e+00
1.000000e+00,0.000000e+00,0.000000e+00,0.000000e+00,0.000000e+00,0.000000e+00,0.000000e+00,0.000000e+00,0.000000e+00,0.000000e+00,0.000000e+00,0.000000e+00,0.000000e+00,0.000000e+00,0.000000e+00
1.000000e+00,0.000000e+00,0.000000e+00,0.000000e+00,0.000000e+00,0.000000e+00,0.000000e+00,0.000000e+00,0.000000e+00,0.000000e+00,0.000000e+00,0.000000e+00,0.000000e+00,0.000000e+00,0.000000e+00
1.000000e+00,0.000000e+00,0.000000e+00,0.000000e+00,0.000000e+00,0.000000e+00,0.000000e+00,0.000000e+00,0.000000e+00,0.000000e+00,0.000000e+00,0.000000e+00,0.000000e+00,0.000000e+00,0.000000e+00
1.000000e+00,0.000000e+00,0.000000e+00,0.000000e+00,0.000000e+00,0.000000e+00,0.000000e+00,0.000000e+00,0.000000e+00,0.000000e+00,0.000000e+00,0.000000e+00,0.000000e+00,0.000000e+00,0.000000e+00
1.000000e+00,0.000000e+00,0.000000e+00,0.000000e+00,0.000000e+00,0.000000e+00,0.000000e+00,0.000000e+00,0.000000e+00,0.000000e+00,0.000000e+00,0.000000e+00,0.000000e+00,0.000000e+00,0.000000e+00
1.000000e+00,0.000000e+00,0.000000e+00,0.000000e+00,0.000000e+00,0.000000e+00,0.000000e+00,0.000000e+00,0.000000e+00,0.000000e+00,0.000000e+00,0.000000e+00,0.000000e+00,0.000000e+00,0.000000e+00
1.000000e+00,0.000000e+00,0.000000e+00,0.000000e+00,0.000000e+00,0.000000e+00,0.000000e+00,0.000000e+00,0.000000e+00,0.000000e+00,0.000000e+00,0.000000e+00,0.000000e+00,0.000000e+00,0.000000e+00
1.000000e+00,0.000000e+00,0.000000e+00,0.000000e+00,0.000000e+00,0.000000e+00,0.000000e+00,0.000000e+00,0.000000e+00,0.000000e+00,0.000000e+00,0.000000e+00,0.000000e+00,0.000000e+00,0.000000e+00
1.000000e+00,0.000000e+00,0.000000e+00,0.000000e+00,0.000000e+00,0.000000e+00,0.000000e+00,0.000000e+00,0.000000e+00,0.000000e+00,0.000000e+00,0.000000e+00,0.000000e+00,0.000000e+00,0.000000e+00
1.000000e+00,0.000000e+00,0.000000e+00,0.000000e+00,0.000000e+00,0.000000e+00,0.000000e+00,0.000000e+00,0.000000e+00,0.000000e+00,0.000000e+00,0.000000e+00,0.000000e+00,0.000000e+00,0.000000e+00
1.000000e+00,0.000000e+00,0.000000e+00,0.000000e+00,0.000000e+00,0.000000e+00,0.000000e+00,0.000000e+00,0.000000e+00,0.000000e+00,0.000000e+00,0.000000e+00,0.000000e+00,0.000000e+00,0.000000e+00
1.000000e+00,0.000000e+00,0.000000e+00,0.000000e+00,0.000000e+00,0.000000e+00,0.000000e+00,0.000000e+00,0.000000e+00,0.000000e+00,0.000000e+00,0.000000e+00,0.000000e+00,0.000000e+00,0.000000e+00
1.000000e+00,0.000000e+00,0.000000e+00,0.000000e+00,0.000000e+00,0.000000e+00,0.000000e+00,0.000000e+00,0.000000e+00,0.000000e+00,0.000000e+00,0.000000e+00,0.000000e+00,0.000000e+00,0.000000e+00
1.000000e+00,0.000000e+00,0.000000e+00,0.000000e+00,0.000000e+00,0.000000e+00,0.000000e+00,0.000000e+00,0.000000e+00,0.000000e+00,0.000000e+00,0.000000e+00,0.000000e+00,0.000000e+00,0.000000e+00
1.000000e+00,0.000000e+00,0.000000e+00,0.000000e+00,0.000000e+00,0.000000e+00,0.000000e+00,0.000000e+00,0.000000e+00,0.000000e+00,0.000000e+00,0.000000e+00,0.000000e+00,0.000000e+00,0.000000e+00
1.000000e+00,0.000000e+00,0.000000e+00,0.000000e+00,0.000000e+00,0.000000e+00,0.000000e+00,0.000000e+00,0.000000e+00,0.000000e+00,0.000000e+00,0.000000e+00,0.000000e+00,0.000000e+00,0.000000e+00
1.000000e+00,0.000000e+00,0.000000e+00,0.000000e+00,0.000000e+00,0.000000e+00,0.000000e+00,0.000000e+00,0.000000e+00,0.000000e+00,0.000000e+00,0.000000e+00,0.000000e+00,0.000000e+00,0.000000e+00
1.000000e+00,0.000000e+00,0.000000e+00,0.000000e+00,0.000000e+00,0.000000e+00,0.000000e+00,0.000000e+00,0.000000e+00,0.000000e+00,0.000000e+00,0.000000e+00,0.000000e+00,0.000000e+00,0.000000e+00
1.000000e+00,0.000000e+00,0.000000e+00,0.000000e+00,0.000000e+00,0.000000e+00,0.000000e+00,0.000000e+00,0.000000e+00,0.000000e+00,0.000000e+00,0.000000e+00,0.000000e+00,0.000000e+00,0.000000e+00
1.000000e+00,0.000000e+00,0.000000e+00,0.000000e+00,0.000000e+00,0.000000e+00,0.000000e+00,0.000000e+00,0.000000e+00,0.000000e+00,0.000000e+00,0.000000e+00,0.000000e+00,0.000000e+00,0.000000e+00
1.000000e+00,0.000000e+00,0.000000e+00,0.000000e+00,0.000000e+00,0.000000e+00,0.000000e+00,0.000000e+00,0.000000e+00,0.000000e+00,0.000000e+00,0.000000e+00,0.000000e+00,0.000000e+00,0.000000e+00
1.000000e+00,0.000000e+00,0.000000e+00,0.000000e+00,0.000000e+00,0.000000e+00,0.000000e+00,0.000000e+00,0.000000e+00,0.000000e+00,0.000000e+00,0.000000e+00,0.000000e+00,0.000000e+00,0.000000e+00
1.000000e+00,0.000000e+00,0.000000e+00,0.000000e+00,0.000000e+00,0.000000e+00,0.000000e+00,0.000000e+00,0.000000e+00,0.000000e+00,0.000000e+00,0.000000e+00,0.000000e+00,0.000000e+00,0.000000e+00
1.000000e+00,0.000000e+00,0.000000e+00,0.000000e+00,0.000000e+00,0.000000e+00,0.000000e+00,0.000000e+00,0.000000e+00,0.000000e+00,0.000000e+00,0.000000e+00,0.000000e+00,0.000000e+00,0.000000e+00
1.000000e+00,0.000000e+00,0.000000e+00,0.000000e+00,0.000000e+00,0.000000e+00,0.000000e+00,0.000000e+00,0.000000e+00,0.000000e+00,0.000000e+00,0.000000e+00,0.000000e+00,0.000000e+00,0.000000e+00
1.000000e+00,0.000000e+00,0.000000e+00,0.000000e+00,0.000000e+00,0.000000e+00,0.000000e+00,0.000000e+00,0.000000e+00,0.000000e+00,0.000000e+00,0.000000e+00,0.000000e+00,0.000000e+00,0.000000e+00
1.000000e+00,0.000000e+00,0.000000e+00,0.000000e+00,0.000000e+00,0.000000e+00,0.000000e+00,0.000000e+00,0.000000e+00,0.000000e+00,0.000000e+00,0.000000e+00,0.000000e+00,0.000000e+00,0.000000e+00
1.000000e+00,0.000000e+00,0.000000e+00,0.000000e+00,0.000000e+00,0.000000e+00,0.000000e+00,0.000000e+00,0.000000e+00,0.000000e+00,0.000000e+00,0.000000e+00,0.000000e+00,0.000000e+00,0.000000e+00
1.000000e+00,0.000000e+00,0.000000e+00,0.000000e+00,0.000000e+00,0.000000e+00,0.000000e+00,0.000000e+00,0.000000e+00,0.000000e+00,0.000000e+00,0.000000e+00,0.000000e+00,0.000000e+00,0.000000e+00
1.000000e+00,0.000000e+00,0.000000e+00,0.000000e+00,0.000000e+00,0.000000e+00,0.000000e+00,0.000000e+00,0.000000e+00,0.000000e+00,0.000000e+00,0.000000e+00,0.000000e+00,0.000000e+00,0.000000e+00
1.000000e+00,0.000000e+00,0.000000e+00,0.000000e+00,0.000000e+00,0.000000e+00,0.000000e+00,0.000000e+00,0.000000e+00,0.000000e+00,0.000000e+00,0.000000e+00,0.000000e+00,0.000000e+00,0.000000e+00
1.000000e+00,0.000000e+00,0.000000e+00,0.000000e+00,0.000000e+00,0.000000e+00,0.000000e+00,0.000000e+00,0.000000e+00,0.000000e+00,0.000000e+00,0.000000e+00,0.000000e+00,0.000000e+00,0.000000e+00
1.000000e+00,0.000000e+00,0.000000e+00,0.000000e+00,0.000000e+00,0.000000e+00,0.000000e+00,0.000000e+00,0.000000e+00,0.000000e+00,0.000000e+00,0.000000e+00,0.000000e+00,0.000000e+00,0.000000e+00
1.000000e+00,0.000000e+00,0.000000e+00,0.000000e+00,0.000000e+00,0.000000e+00,0.000000e+00,0.000000e+00,0.000000e+00,0.000000e+00,0.000000e+00,0.000000e+00,0.000000e+00,0.000000e+00,0.000000e+00
1.000000e+00,0.000000e+00,0.000000e+00,0.000000e+00,0.000000e+00,0.000000e+00,0.000000e+00,0.000000e+00,0.000000e+00,0.000000e+00,0.000000e+00,0.000000e+00,0.000000e+00,0.000000e+00,0.000000e+00
1.000000e+00,0.000000e+00,0.000000e+00,0.000000e+00,0.000000e+00,0.000000e+00,0.000000e+00,0.000000e+00,0.000000e+00,0.000000e+00,0.000000e+00,0.000000e+00,0.000000e+00,0.000000e+00,0.000000e+00
1.000000e+00,0.000000e+00,0.000000e+00,0.000000e+00,0.000000e+00,0.000000e+00,0.000000e+00,0.000000e+00,0.000000e+00,0.000000e+00,0.000000e+00,0.000000e+00,0.000000e+00,0.000000e+00,0.000000e+00
1.000000e+00,0.000000e+00,0.000000e+00,0.000000e+00,0.000000e+00,0.000000e+00,0.000000e+00,0.000000e+00,0.000000e+00,0.000000e+00,0.000000e+00,0.000000e+00,0.000000e+00,0.000000e+00,0.000000e+00
1.000000e+00,0.000000e+00,0.000000e+00,0.000000e+00,0.000000e+00,0.000000e+00,0.000000e+00,0.000000e+00,0.000000e+00,0.000000e+00,0.000000e+00,0.000000e+00,0.000000e+00,0.000000e+00,0.000000e+00
1.000000e+00,0.000000e+00,0.000000e+00,0.000000e+00,0.000000e+00,0.000000e+00,0.000000e+00,0.000000e+00,0.000000e+00,0.000000e+00,0.000000e+00,0.000000e+00,0.000000e+00,0.000000e+00,0.000000e+00
1.000000e+00,0.000000e+00,0.000000e+00,0.000000e+00,0.000000e+00,0.000000e+00,0.000000e+00,0.000000e+00,0.000000e+00,0.000000e+00,0.000000e+00,0.000000e+00,0.000000e+00,0.000000e+00,0.000000e+00
1.000000e+00,0.000000e+00,0.000000e+00,0.000000e+00,0.000000e+00,0.000000e+00,0.000000e+00,0.000000e+00,0.000000e+00,0.000000e+00,0.000000e+00,0.000000e+00,0.000000e+00,0.000000e+00,0.000000e+00
1.000000e+00,0.000000e+00,0.000000e+00,0.000000e+00,0.000000e+00,0.000000e+00,0.000000e+00,0.000000e+00,0.000000e+00,0.000000e+00,0.000000e+00,0.000000e+00,0.000000e+00,0.000000e+00,0.000000e+00
1.000000e+00,0.000000e+00,0.000000e+00,0.000000e+00,0.000000e+00,0.000000e+00,0.000000e+00,0.000000e+00,0.000000e+00,0.000000e+00,0.000000e+00,0.000000e+00,0.000000e+00,0.000000e+00,0.000000e+00
1.000000e+00,0.000000e+00,0.000000e+00,0.000000e+00,0.000000e+00,0.000000e+00,0.000000e+00,0.000000e+00,0.000000e+00,0.000000e+00,0.000000e+00,0.000000e+00,0.000000e+00,0.000000e+00,0.000000e+00
1.000000e+00,0.000000e+00,0.000000e+00,0.000000e+00,0.000000e+00,0.000000e+00,0.000000e+00,0.000000e+00,0.000000e+00,0.000000e+00,0.000000e+00,0.000000e+00,0.000000e+00,0.000000e+00,0.000000e+00
1.000000e+00,0.000000e+00,0.000000e+00,0.000000e+00,0.000000e+00,0.000000e+00,0.000000e+00,0.000000e+00,0.000000e+00,0.000000e+00,0.000000e+00,0.000000e+00,0.000000e+00,0.000000e+00,0.000000e+00
1.000000e+00,0.000000e+00,0.000000e+00,0.000000e+00,0.000000e+00,0.000000e+00,0.000000e+00,0.000000e+00,0.000000e+00,0.000000e+00,0.000000e+00,0.000000e+00,0.000000e+00,0.000000e+00,0.000000e+00
1.000000e+00,0.000000e+00,0.000000e+00,0.000000e+00,0.000000e+00,0.000000e+00,0.000000e+00,0.000000e+00,0.000000e+00,0.000000e+00,0.000000e+00,0.000000e+00,0.000000e+00,0.000000e+00,0.000000e+00
1.000000e+00,0.000000e+00,0.000000e+00,0.000000e+00,0.000000e+00,0.000000e+00,0.000000e+00,0.000000e+00,0.000000e+00,0.000000e+00,0.000000e+00,0.000000e+00,0.000000e+00,0.000000e+00,0.000000e+00
1.000000e+00,0.000000e+00,0.000000e+00,0.000000e+00,0.000000e+00,0.000000e+00,0.000000e+00,0.000000e+00,0.000000e+00,0.000000e+00,0.000000e+00,0.000000e+00,0.000000e+00,0.000000e+00,0.000000e+00
1.000000e+00,0.000000e+00,0.000000e+00,0.000000e+00,0.000000e+00,0.000000e+00,0.000000e+00,0.000000e+00,0.000000e+00,0.000000e+00,0.000000e+00,0.000000e+00,0.000000e+00,0.000000e+00,0.000000e+00
1.000000e+00,0.000000e+00,0.000000e+00,0.000000e+00,0.000000e+00,0.000000e+00,0.000000e+00,0.000000e+00,0.000000e+00,0.000000e+00,0.000000e+00,0.000000e+00,0.000000e+00,0.000000e+00,0.000000e+00
1.000000e+00,0.000000e+00,0.000000e+00,0.000000e+00,0.000000e+00,0.000000e+00,0.000000e+00,0.000000e+00,0.000000e+00,0.000000e+00,0.000000e+00,0.000000e+00,0.000000e+00,0.000000e+00,0.000000e+00
1.000000e+00,0.000000e+00,0.000000e+00,0.000000e+00,0.000000e+00,0.000000e+00,0.000000e+00,0.000000e+00,0.000000e+00,0.000000e+00,0.000000e+00,0.000000e+00,0.000000e+00,0.000000e+00,0.000000e+00
4.507721e-01,3.299443e-02,6.031280e-02,3.632272e-01,3.138269e-03,9.712616e-03,2.978356e-03,8.015597e-03,1.104753e-02,4.718746e-03,6.212823e-03,7.797265e-03,1.105584e-02,1.422792e-03,2.659359e-02
3.226926e-01,2.733153e-02,6.325415e-02,4.264593e-01,2.346482e-03,7.234859e-03,2.144150e-03,6.416559e-03,2.788620e-02,2.318699e-02,8.919510e-03,6.111529e-03,9.738641e-03,1.172722e-03,6.510485e-02
2.358508e-01,3.643268e-02,7.473519e-02,4.361598e-01,2.069928e-03,5.820195e-03,1.680836e-03,5.192491e-03,5.576349e-02,3.871642e-02,9.006660e-03,4.889017e-03,9.199647e-03,1.095771e-03,8.338700e-02
1.782762e-01,3.892258e-02,6.337989e-02,3.343333e-01,2.132890e-03,8.504024e-03,2.262517e-03,4.911165e-03,1.081251e-01,2.870698e-02,1.139274e-02,3.598851e-03,1.357086e-01,1.298221e-03,7.844698e-02
1.261838e-01,3.857322e-02,4.484032e-02,2.375544e-01,1.581853e-03,7.435195e-03,2.120647e-03,3.495977e-03,1.325728e-01,2.061169e-02,8.112177e-03,2.582334e-03,3.141121e-01,9.731257e-04,5.925037e-02
9.710509e-02,2.963996e-02,3.192230e-02,1.693326e-01,1.270235e-03,7.160103e-03,2.267909e-03,2.591238e-03,3.089122e-01,1.470608e-02,5.843372e-03,1.920157e-03,2.829839e-01,7.255865e-04,4.361929e-02
8.263024e-02,2.156287e-02,2.273762e-02,1.211912e-01,1.537553e-03,1.003004e-02,3.392322e-03,1.938692e-03,2.405509e-01,1.037526e-02,4.483241e-03,1.915826e-03,4.437108e-01,5.736829e-04,3.336971e-02
6.236456e-02,1.652833e-02,1.684704e-02,9.086399e-02,1.743705e-03,9.664855e-03,3.358611e-03,1.472415e-03,2.641589e-01,7.441549e-03,3.245400e-03,1.995856e-03,4.938716e-01,4.228615e-04,2.602029e-02
4.449959e-02,1.176389e-02,1.190810e-02,6.402303e-02,1.730004e-03,7.712217e-03,3.059601e-03,1.057256e-03,1.924216e-01,5.276143e-03,2.385555e-03,2.368280e-03,6.277333e-01,3.045688e-04,2.375677e-02
3.223652e-02,8.383199e-03,8.491219e-03,4.509159e-02,1.963900e-03,1.575963e-02,2.862106e-03,7.891599e-04,1.364501e-01,3.780403e-03,2.044059e-03,1.316346e-02,6.716964e-01,3.241457e-04,5.696411e-02
2.479678e-02,6.318141e-03,6.325372e-03,3.194658e-02,2.100394e-03,1.330134e-02,2.304929e-03,5.825207e-04,9.937524e-02,2.984320e-03,1.745889e-03,1.575041e-02,7.335126e-01,6.926418e-04,5.826287e-02
2.160137e-02,4.623471e-03,4.687369e-03,2.273666e-02,2.118038e-03,2.359285e-02,2.368718e-03,4.461642e-04,7.039741e-02,2.964706e-03,3.030388e-03,3.477225e-02,7.219733e-01,7.042356e-04,8.398312e-02
7.294193e-02,5.219733e-03,1.308679e-02,1.684271e-02,2.433767e-03,7.130548e-02,4.236847e-03,4.074118e-04,5.010838e-02,7.270469e-03,5.688118e-03,4.238281e-02,6.158985e-01,1.013987e-03,9.116313e-02
8.784330e-02,7.453203e-03,7.749554e-02,1.242512e-02,2.962924e-03,7.617169e-02,3.569523e-03,3.392653e-04,3.588154e-02,1.418233e-02,6.809874e-03,4.069242e-02,5.449653e-01,1.942447e-03,8.726555e-02
1.400599e-01,1.040359e-02,1.237820e-01,1.090547e-02,3.924797e-03,6.552157e-02,3.049619e-03,4.073709e-04,2.817655e-02,3.581636e-02,7.852346e-03,3.413928e-02,4.265242e-01,2.632629e-03,1.068044e-01
1.492629e-01,8.222979e-03,1.203673e-01,9.719860e-03,7.079539e-03,7.533450e-02,1.010844e-02,6.662311e-03,2.757121e-02,4.214277e-02,7.433882e-03,2.737794e-02,3.124380e-01,2.122486e-03,1.941559e-01
1.682908e-01,7.255647e-03,1.573080e-01,2.001277e-02,1.572662e-02,6.668701e-02,9.661430e-03,1.340006e-02,3.294162e-02,3.631954e-02,7.768512e-03,2.174617e-02,2.333328e-01,2.046884e-03,2.075023e-01
1.766435e-01,5.863599e-03,1.502298e-01,2.453696e-02,2.056782e-02,6.400508e-02,7.990837e-03,1.451760e-02,2.697581e-02,2.837545e-02,6.104115e-03,1.563739e-02,1.661061e-01,1.913309e-03,2.905327e-01
1.656662e-01,5.121203e-03,2.050276e-01,3.300323e-02,3.849323e-02,6.490418e-02,7.381955e-03,2.655730e-02,2.474339e-02,2.878351e-02,4.991665e-03,1.167701e-02,1.194032e-01,1.489138e-03,2.627573e-01
1.288585e-01,4.016879e-03,1.756199e-01,9.353149e-02,4.074496e-02,6.316160e-02,7.002348e-03,1.226622e-01,1.841425e-02,2.229587e-02,4.215611e-03,8.389847e-03,8.617057e-02,1.290072e-03,2.236260e-01
1.021270e-01,3.882827e-03,1.974151e-01,1.181682e-01,3.607159e-02,5.169340e-02,7.153858e-03,1.569910e-01,1.401129e-02,1.781435e-02,4.135724e-03,6.193121e-03,6.766141e-02,1.359843e-03,2.153213e-01
9.935194e-02,5.915711e-03,1.667706e-01,1.518246e-01,3.676341e-02,4.927901e-02,6.247614e-03,1.484735e-01,1.593721e-02,1.611252e-02,5.622339e-03,4.955342e-03,5.643111e-02,2.261007e-03,2.340541e-01
1.147489e-01,6.736268e-03,1.625827e-01,1.530858e-01,3.621087e-02,3.790704e-02,5.793165e-03,1.505158e-01,1.421260e-02,1.330008e-02,5.783745e-03,4.689006e-03,5.546441e-02,2.574516e-03,2.363950e-01
1.465597e-01,8.429500e-03,1.637062e-01,1.533784e-01,3.602372e-02,3.361386e-02,4.982437e-03,1.597371e-01,1.551668e-02,1.062095e-02,5.800110e-03,4.905856e-03,6.925645e-02,2.589682e-03,1.848793e-01
1.945128e-01,1.098633e-02,1.665003e-01,1.430238e-01,3.951219e-02,3.070076e-02,4.621753e-03,1.818518e-01,1.440949e-02,8.863242e-03,5.268211e-03,4.393897e-03,5.747937e-02,2.783574e-03,1.350925e-01
2.195166e-01,1.135422e-02,2.167564e-01,1.120347e-01,3.871082e-02,2.544341e-02,4.501434e-03,1.995089e-01,1.403340e-02,8.200388e-03,4.453061e-03,4.168611e-03,4.126365e-02,2.548163e-03,9.750634e-02
2.388104e-01,1.375871e-02,2.519876e-01,9.442432e-02,3.632467e-02,2.793857e-02,4.676463e-03,1.864658e-01,1.510344e-02,1.073872e-02,4.491299e-03,4.628885e-03,3.020429e-02,2.885188e-03,7.756165e-02
2.591056e-01,1.342919e-02,2.011103e-01,7.658371e-02,2.762513e-02,2.192499e-02,3.899374e-03,2.757165e-01,1.414959e-02,8.903565e-03,6.009357e-03,6.712812e-03,2.251325e-02,3.275099e-03,5.904160e-02
1.947954e-01,1.275463e-02,2.830460e-01,6.139455e-02,2.000277e-02,1.758239e-02,2.811178e-03,2.331549e-01,1.541611e-02,1.219548e-02,5.004577e-02,6.438413e-03,1.743442e-02,2.569499e-02,4.723315e-02
1.562898e-01,1.254880e-02,2.145549e-01,5.043724e-02,1.425475e-02,1.354673e-02,2.016074e-03,1.705767e-01,1.763356e-02,1.149265e-02,2.481998e-01,9.260923e-03,1.430901e-02,2.997719e-02,3.490205e-02
1.121804e-01,1.012570e-02,1.601194e-01,3.645968e-02,1.001726e-02,1.007646e-02,1.425929e-03,1.203427e-01,1.578442e-02,9.634913e-03,4.427636e-01,9.963755e-03,1.074964e-02,2.545321e-02,2.490283e-02
8.120463e-02,8.280028e-03,1.145646e-01,2.612722e-02,7.029902e-03,7.582678e-03,1.010175e-03,8.507648e-02,1.405617e-02,7.455065e-03,5.906178e-01,1.122707e-02,8.114180e-03,1.976080e-02,1.789328e-02
5.743825e-02,6.034401e-03,8.067045e-02,1.854662e-02,4.994578e-03,5.963641e-03,7.186329e-04,5.974827e-02,1.101897e-02,5.409508e-03,6.778449e-01,3.795987e-02,6.083479e-03,1.491829e-02,1.265022e-02
4.038591e-02,4.408817e-03,5.656159e-02,1.306792e-02,3.563047e-03,4.362773e-03,5.133601e-04,4.186789e-02,8.700254e-03,3.983437e-03,7.449459e-01,5.334475e-02,4.420381e-03,1.097974e-02,8.894285e-03
2.954007e-02,5.193257e-03,4.054131e-02,9.385410e-03,3.111724e-03,5.724429e-03,1.216982e-03,3.047015e-02,1.303156e-02,4.391660e-03,7.481228e-01,9.026058e-02,3.289219e-03,9.133559e-03,6.587232e-03
2.194791e-02,5.354198e-03,2.875997e-02,6.728461e-03,2.718301e-03,5.087603e-03,1.009621e-03,2.179416e-02,1.054661e-02,4.048486e-03,7.058693e-01,1.708595e-01,2.422850e-03,7.649567e-03,5.203358e-03
1.621879e-02,4.012514e-03,2.020612e-02,4.980228e-03,2.027181e-03,4.097301e-03,7.296896e-04,1.536783e-02,8.385255e-03,3.338237e-03,6.550731e-01,2.540127e-01,1.783765e-03,5.936194e-03,3.831070e-03
1.329385e-02,3.024409e-03,1.420960e-02,3.786098e-03,1.865145e-03,3.126208e-03,6.482754e-04,1.095891e-02,7.925618e-03,3.004862e-03,5.354786e-01,3.937437e-01,1.349093e-03,4.773082e-03,2.812538e-03
1.102731e-02,2.233201e-03,1.006071e-02,3.031070e-03,2.065516e-03,2.630258e-03,8.203583e-04,8.680353e-03,6.360944e-03,2.429859e-03,4.481210e-01,4.955515e-01,1.062989e-03,3.911237e-03,2.013766e-03
2.328911e-02,2.590828e-03,7.802422e-03,3.261986e-03,5.430259e-03,5.338626e-03,3.421043e-03,1.453218e-02,5.512708e-03,2.040213e-03,3.828237e-01,5.371686e-01,1.145247e-03,3.956658e-03,1.686441e-03
2.918625e-02,4.714435e-03,7.423927e-03,3.222786e-03,1.115176e-02,1.669076e-02,5.485500e-03,1.545001e-02,5.821861e-03,2.123147e-03,2.929719e-01,5.995612e-01,1.058632e-03,3.572111e-03,1.565653e-03
3.943056e-02,5.348030e-03,6.304228e-03,3.150672e-03,1.261409e-02,2.121300e-02,6.092174e-03,1.476400e-02,5.624383e-03,2.000537e-03,2.462309e-01,6.312855e-01,1.019819e-03,3.472866e-03,1.449180e-03
5.970333e-02,5.873502e-03,6.096113e-03,2.863671e-03,1.507043e-02,2.624635e-02,6.827364e-03,1.879808e-02,4.914238e-03,1.906467e-03,2.757533e-01,5.684948e-01,1.362227e-03,4.859187e-03,1.230937e-03
6.993373e-02,8.954614e-03,7.651986e-03,2.993281e-03,3.136986e-02,4.360699e-02,7.608553e-03,2.158875e-02,5.392896e-03,1.792252e-03,2.757964e-01,5.147108e-01,1.721256e-03,5.732252e-03,1.146401e-03
6.961856e-02,1.061516e-02,1.262419e-02,3.979227e-03,4.642156e-02,4.445893e-02,1.244448e-02,5.797984e-02,5.778184e-03,1.735788e-03,2.524785e-01,4.733109e-01,2.109663e-03,5.446975e-03,9.981197e-04
1.032390e-01,1.830230e-02,1.272221e-02,4.019776e-03,4.992203e-02,3.384403e-02,1.058179e-02,5.197426e-02,1.203645e-02,2.683482e-03,2.573373e-01,4.323615e-01,2.368786e-03,5.761905e-03,2.845171e-03
1.620303e-01,2.465535e-02,1.435386e-02,5.030992e-03,5.717151e-02,2.683380e-02,8.841719e-03,5.858649e-02,1.269587e-02,3.437386e-03,2.442549e-01,3.681442e-01,2.561494e-03,7.087744e-03,4.314451e-03
2.035337e-01,2.364671e-02,3.075280e-02,7.269140e-03,1.018983e-01,2.176089e-02,9.082793e-03,8.963804e-02,1.734068e-02,3.127162e-03,1.973220e-01,2.816397e-01,2.162709e-03,6.329789e-03,4.495624e-03
2.181822e-01,2.562705e-02,3.868909e-02,9.259192e-03,1.310617e-01,2.137922e-02,8.678673e-03,9.619352e-02,4.219538e-02,2.944207e-03,1.681091e-01,2.231208e-01,2.445804e-03,5.950678e-03,6.163363e-03
1.860371e-01,2.239818e-02,4.596594e-02,1.749186e-02,1.504416e-01,1.811405e-02,7.347680e-03,1.976210e-01,3.535397e-02,2.360519e-03,1.276567e-01,1.746971e-01,2.903667e-03,5.452981e-03,6.157666e-03
1.612880e-01,2.108732e-02,3.657314e-02,1.679781e-02,2.327656e-01,1.458064e-02,5.926856e-03,2.100925e-01,4.956055e-02,2.322793e-03,1.025554e-01,1.301806e-01,3.669429e-03,5.336066e-03,7.263261e-03
1.250294e-01,1.753629e-02,3.758447e-02,4.479700e-02,2.248889e-01,1.091514e-02,5.228193e-03,2.456687e-01,9.947494e-02,2.117805e-03,7.834449e-02,9.472760e-02,3.408251e-03,4.126464e-03,6.152218e-03
1.337371e-01,1.326830e-02,4.040366e-02,1.385078e-01,2.166118e-01,9.701431e-03,4.826366e-03,2.126992e-01,8.460657e-02,2.218698e-03,5.626155e-02,7.475850e-02,4.014114e-03,3.351015e-03,5.033778e-03
1.746215e-01,1.259789e-02,3.915693e-02,1.684951e-01,2.387619e-01,8.055201e-03,4.101140e-03,1.689529e-01,7.110292e-02,1.939765e-03,4.204889e-02,5.650447e-02,5.072805e-03,3.642092e-03,4.946439e-03
1.923879e-01,1.794597e-02,3.944850e-02,1.995587e-01,2.484653e-01,7.487679e-03,3.785449e-03,1.329665e-01,6.285204e-02,2.263929e-03,3.367491e-02,4.398615e-02,6.280546e-03,3.766588e-03,5.129783e-03
2.854353e-01,1.844995e-02,3.000712e-02,1.489245e-01,2.191808e-01,9.268651e-03,3.086073e-03,9.637881e-02,6.931663e-02,2.285400e-03,3.144119e-02,5.194145e-02,1.941179e-02,4.837302e-03,1.003506e-02
2.815209e-01,2.056429e-02,2.186866e-02,1.083525e-01,2.383146e-01,1.427637e-02,2.464067e-03,6.970134e-02,1.313869e-01,2.088276e-03,2.868336e-02,4.631575e-02,1.972080e-02,5.560029e-03,9.182128e-03
2.682355e-01,3.265454e-02,1.725790e-02,1.377635e-01,1.750378e-01,1.439439e-02,2.109994e-03,6.064771e-02,1.794708e-01,4.037352e-03,3.062985e-02,3.748723e-02,2.105472e-02,6.130560e-03,1.308810e-02
1.958103e-01,3.572947e-02,1.259091e-02,1.893742e-01,1.237454e-01,1.092883e-02,1.532397e-03,4.315285e-02,2.936739e-01,4.113583e-03,2.573801e-02,2.704508e-02,2.081410e-02,4.519246e-03,1.123165e-02
2.033012e-01,4.529595e-02,1.087832e-02,2.232301e-01,8.773613e-02,1.038154e-02,1.854901e-03,3.174670e-02,2.616619e-01,4.401524e-03,4.163837e-02,3.761040e-02,1.773345e-02,6.188374e-03,1.634112e-02
1.566161e-01,3.419498e-02,7.993218e-03,2.140445e-01,6.178175e-02,9.769090e-03,1.547931e-03,2.303876e-02,2.566089e-01,1.032886e-02,5.910911e-02,1.195382e-01,1.854794e-02,1.287430e-02,1.400640e-02
1.169805e-01,2.659304e-02,6.098757e-03,1.929164e-01,4.500962e-02,1.022439e-02,1.345699e-03,1.792453e-02,2.272766e-01,1.001550e-02,1.016361e-01,1.894273e-01,2.691726e-02,1.537722e-02,1.225712e-02
8.531662e-02,2.779864e-02,4.841316e-03,1.427789e-01,4.123647e-02,9.381388e-03,9.976168e-04,1.270636e-02,2.648762e-01,1.326419e-02,1.298691e-01,2.220592e-01,2.189636e-02,1.289893e-02,1.007872e-02
7.352851e-02,2.595749e-02,5.008988e-03,1.149248e-01,4.646460e-02,9.086319e-03,1.127122e-03,1.308185e-02,2.306465e-01,1.050822e-02,1.705642e-01,2.592687e-01,1.837601e-02,1.358917e-02,7.867522e-03
5.513120e-02,2.916717e-02,7.791651e-03,8.335247e-02,5.841109e-02,7.805825e-03,1.007047e-03,1.029607e-02,2.064166e-01,9.032285e-03,2.193088e-01,2.723035e-01,1.916960e-02,1.417520e-02,6.631575e-03
4.098592e-02,2.267059e-02,7.191246e-03,6.208768e-02,5.557083e-02,6.810817e-03,1.135587e-03,8.129714e-03,1.624479e-01,7.269510e-03,3.183799e-01,2.729747e-01,1.586631e-02,1.326416e-02,5.215143e-03
2.985680e-02,2.064535e-02,6.350921e-03,4.375726e-02,6.378442e-02,4.997244e-03,1.090049e-03,6.030790e-03,1.233383e-01,5.599092e-03,4.328409e-01,2.351961e-01,1.214149e-02,1.049510e-02,3.876214e-03
2.414742e-02,1.932476e-02,1.001349e-02,3.109160e-02,1.748174e-01,3.979822e-03,1.032210e-03,7.150090e-03,9.459655e-02,4.339927e-03,4.175122e-01,1.868839e-01,9.334637e-03,1.266527e-02,3.110720e-03
1.887180e-02,1.812259e-02,8.894524e-03,2.201129e-02,1.404025e-01,3.055023e-03,9.476223e-04,6.668439e-03,7.172339e-02,3.354270e-03,5.422363e-01,1.366428e-01,6.854895e-03,1.764759e-02,2.567097e-03
1.628836e-02,1.491619e-02,6.837161e-03,1.590809e-02,1.065716e-01,2.685602e-03,9.278618e-04,6.097292e-03,5.733386e-02,2.741666e-03,6.424989e-01,1.036789e-01,5.115872e-03,1.589974e-02,2.498919e-03
1.656714e-02,1.110258e-02,5.186776e-03,1.151754e-02,1.057657e-01,2.614271e-03,1.032583e-03,5.426239e-03,5.255795e-02,2.566641e-03,6.852754e-01,7.717454e-02,3.985662e-03,1.585834e-02,3.368719e-03
3.405565e-02,1.004266e-02,5.170821e-03,1.071986e-02,9.392895e-02,5.663752e-03,1.617000e-03,9.454938e-03,1.014409e-01,3.482686e-03,6.236759e-01,6.873301e-02,3.906263e-03,1.577449e-02,1.233305e-02
5.929127e-02,1.089153e-02,5.122183e-03,1.254430e-02,7.622290e-02,6.935522e-03,1.582975e-03,1.141122e-02,1.912760e-01,3.908556e-03,5.195453e-01,6.116277e-02,4.026001e-03,1.571259e-02,2.036683e-02
8.794133e-02,9.549176e-03,9.179344e-03,1.455658e-02,7.922176e-02,8.372241e-03,1.719896e-03,6.647055e-02,1.758253e-01,3.281980e-03,4.565396e-01,5.294020e-02,4.004315e-03,1.354621e-02,1.685143e-02
8.940467e-02,1.570668e-02,9.419905e-03,1.726464e-02,1.052534e-01,1.142683e-02,1.704665e-03,5.659602e-02,2.202175e-01,4.734973e-03,3.771371e-01,5.355449e-02,5.796569e-03,1.283083e-02,1.895168e-02
8.841853e-02,1.454731e-02,4.812004e-02,6.198762e-02,1.440137e-01,1.421585e-02,1.905337e-03,6.507848e-02,1.846247e-01,7.882421e-03,2.865457e-01,4.614988e-02,5.594553e-03,1.074640e-02,2.016932e-02
8.427547e-02,2.184879e-02,5.398140e-02,5.961070e-02,1.412809e-01,1.427128e-02,2.102167e-03,5.703740e-02,1.800860e-01,9.834638e-03,2.802813e-01,5.462898e-02,4.862492e-03,1.403602e-02,2.186242e-02
9.784232e-02,2.950593e-02,6.687154e-02,6.047342e-02,1.202637e-01,1.349316e-02,2.706143e-03,8.668840e-02,1.483307e-01,8.367711e-03,2.580674e-01,6.506962e-02,4.526736e-03,1.955320e-02,1.823993e-02
8.980672e-02,2.977937e-02,6.596512e-02,6.993065e-02,1.670642e-01,1.555031e-02,2.872525e-03,1.168449e-01,1.285809e-01,7.508054e-03,2.148520e-01,5.602673e-02,3.824736e-03,1.744540e-02,1.394820e-02
1.425657e-01,3.913733e-02,5.560863e-02,6.431574e-02,1.539620e-01,1.776657e-02,4.056213e-03,1.154423e-01,1.125036e-01,7.178906e-03,1.858055e-01,6.424182e-02,3.613589e-03,1.716918e-02,1.663294e-02
1.781190e-01,4.254013e-02,4.600960e-02,5.153725e-02,1.938770e-01,2.128137e-02,4.395706e-03,1.189093e-01,9.425912e-02,7.113069e-03,1.473927e-01,5.389153e-02,3.132900e-03,2.131040e-02,1.623087e-02
2.592898e-01,4.202221e-02,3.832000e-02,4.197164e-02,1.839220e-01,1.940700e-02,4.462454e-03,1.165086e-01,7.991335e-02,8.820679e-03,1.218071e-01,4.509206e-02,3.238440e-03,2.148673e-02,1.373794e-02
2.165941e-01,3.116928e-02,5.280063e-02,4.460840e-02,1.438108e-01,1.735671e-02,1.443317e-02,2.539595e-01,5.715736e-02,7.224481e-03,9.639290e-02,3.517460e-02,2.882866e-03,1.645250e-02,9.982752e-03
2.380953e-01,3.704438e-02,6.017128e-02,4.344763e-02,1.629652e-01,1.859745e-02,1.323581e-02,2.190859e-01,4.711220e-02,7.087477e-03,8.996466e-02,3.088437e-02,3.690765e-03,1.986938e-02,8.748192e-03
1.845453e-01,3.008373e-02,7.669552e-02,5.295880e-02,1.413117e-01,1.618148e-02,1.277431e-02,3.329722e-01,3.460976e-02,5.603931e-03,6.430250e-02,2.245581e-02,3.260591e-03,1.574547e-02,6.498952e-03
1.325054e-01,2.179784e-02,6.302388e-02,4.058657e-02,1.106831e-01,1.268220e-02,1.125041e-02,5.002006e-01,2.435075e-02,3.999554e-03,4.510871e-02,1.577728e-02,2.350968e-03,1.111156e-02,4.571244e-03
9.634052e-02,1.546373e-02,5.031931e-02,3.481081e-02,9.202699e-02,1.169702e-02,2.078177e-02,6.021889e-01,1.723666e-02,3.173355e-03,3.165634e-02,1.111562e-02,2.018971e-03,7.889025e-03,3.280884e-03
6.917620e-02,1.087345e-02,3.866211e-02,2.958261e-02,7.498491e-02,8.460301e-03,1.707175e-02,6.973602e-01,1.212795e-02,2.341596e-03,2.218683e-02,7.802424e-03,1.504465e-03,5.543570e-03,2.321566e-03
5.126601e-02,7.657423e-03,2.897458e-02,2.581320e-02,6.697469e-02,6.242869e-03,1.579512e-02,7.591079e-01,8.584841e-03,1.794245e-03,1.556416e-02,5.486513e-03,1.182515e-03,3.890982e-03,1.664912e-03
3.720153e-02,5.382481e-03,2.111919e-02,1.941682e-02,5.338823e-02,4.515232e-03,1.221614e-02,8.197979e-01,6.080876e-03,1.269959e-03,1.095313e-02,3.846934e-03,8.878681e-04,2.743800e-03,1.179980e-03
2.825591e-02,3.791400e-03,1.521421e-02,1.385364e-02,4.017339e-02,4.920089e-03,1.645591e-02,8.571171e-01,4.283794e-03,8.973544e-04,7.758623e-03,2.723215e-03,1.770134e-03,1.931762e-03,8.534777e-04
2.189209e-02,2.667753e-03,1.090573e-02,1.003647e-02,3.042628e-02,3.989462e-03,2.093241e-02,8.845353e-01,3.043734e-03,6.309442e-04,5.476426e-03,1.925283e-03,1.564579e-03,1.363923e-03,6.095970e-04
1.816888e-02,1.912738e-03,7.988803e-03,7.417590e-03,2.484558e-02,3.346793e-03,2.404356e-02,9.012190e-01,2.201857e-03,4.618173e-04,3.928769e-03,1.451796e-03,1.529266e-03,9.775284e-04,5.060391e-04
1.587850e-02,1.378973e-03,5.908071e-03,5.636348e-03,2.094266e-02,2.713788e-03,1.955297e-02,9.195582e-01,1.600762e-03,3.451696e-04,2.850797e-03,1.165827e-03,1.322281e-03,7.077956e-04,4.378141e-04
1.458335e-02,1.012531e-03,4.398490e-03,4.081308e-03,1.705297e-02,2.228802e-03,1.475725e-02,9.353319e-01,1.160067e-03,2.489432e-04,2.107736e-03,1.041361e-03,1.105763e-03,5.300778e-04,3.593752e-04
2.042765e-02,8.172076e-04,3.893914e-03,3.237624e-03,1.406940e-02,2.471630e-03,1.168372e-02,9.370718e-01,9.107200e-04,2.029794e-04,1.618175e-03,1.419959e-03,1.190848e-03,4.745071e-04,5.098579e-04
2.796533e-02,1.002293e-03,4.194377e-03,3.221450e-03,1.421847e-02,3.488946e-03,1.067190e-02,9.268084e-01,8.601757e-04,2.539189e-04,1.603416e-03,2.643890e-03,1.484202e-03,6.435511e-04,9.397054e-04
6.966550e-02,2.030536e-03,3.900336e-03,5.708705e-03,1.514357e-02,5.154329e-03,8.048641e-03,8.561330e-01,4.298265e-03,5.285235e-04,5.028341e-03,1.027873e-02,7.856973e-03,1.475447e-03,4.749160e-03
8.032705e-02,4.234877e-03,3.694149e-03,1.008138e-02,1.702866e-02,5.326808e-03,6.078303e-03,7.138021e-01,5.607902e-02,1.017963e-02,1.404534e-02,2.259300e-02,2.960673e-02,3.481420e-03,2.344152e-02
6.322027e-02,7.111352e-03,3.144952e-03,9.716351e-03,1.340612e-02,4.048681e-03,4.374369e-03,5.161059e-01,1.204349e-01,1.439477e-01,1.702161e-02,1.926693e-02,2.918742e-02,3.208049e-03,4.580534e-02
4.485713e-02,1.264195e-02,7.140373e-03,8.179862e-02,9.703486e-03,2.943347e-03,3.085718e-03,3.627954e-01,1.444572e-01,2.045868e-01,1.983150e-02,1.770674e-02,3.566526e-02,2.440101e-03,5.034635e-02
4.084555e-02,1.461956e-02,6.777187e-03,7.590979e-02,7.186061e-03,2.841095e-03,2.266552e-03,2.578170e-01,1.996677e-01,1.682959e-01,2.814880e-02,1.789596e-02,5.560294e-02,3.441655e-03,1.186842e-01
5.300551e-02,1.766560e-02,6.422118e-03,1.840182e-01,5.753398e-03,3.189152e-03,1.672869e-03,1.828649e-01,2.114068e-01,1.202167e-01,3.049332e-02,1.804150e-02,5.572151e-02,4.677735e-03,1.048508e-01
9.599379e-02,1.711430e-02,5.906485e-03,1.794254e-01,6.594165e-03,6.942040e-03,1.747385e-03,1.315480e-01,1.774063e-01,8.573673e-02,5.192311e-02,2.437632e-02,7.571857e-02,1.402974e-02,1.255376e-01
1.055330e-01,1.577076e-02,8.946547e-03,2.203729e-01,1.100649e-02,1.004067e-02,1.947165e-03,9.837391e-02,1.467730e-01,6.199442e-02,5.490539e-02,3.424023e-02,7.722341e-02,2.034844e-02,1.325237e-01
8.000600e-02,1.225074e-02,6.464403e-03,1.724494e-01,1.098246e-02,1.420844e-02,1.499188e-03,6.918341e-02,1.121275e-01,4.357909e-02,4.267971e-02,5.984420e-02,2.646449e-01,1.462048e-02,9.546007e-02
7.464439e-02,9.675994e-03,5.096878e-03,1.351548e-01,1.703322e-02,2.428723e-02,1.756301e-03,5.147490e-02,1.176777e-01,3.089464e-02,3.398658e-02,7.434709e-02,3.392249e-01,1.199920e-02,7.274617e-02
5.329384e-02,7.741634e-03,3.891316e-03,9.845698e-02,1.841982e-02,1.978959e-02,1.368345e-03,3.630585e-02,8.470025e-02,2.239924e-02,3.183597e-02,7.656500e-02,4.847714e-01,8.488200e-03,5.197256e-02
3.910017e-02,6.049787e-03,2.879361e-03,6.928091e-02,1.986419e-02,1.528284e-02,1.103956e-03,2.560326e-02,6.055689e-02,1.590062e-02,2.438235e-02,8.804870e-02,5.885157e-01,6.070162e-03,3.736110e-02
2.815064e-02,4.414997e-03,2.367929e-03,4.906914e-02,2.098382e-02,1.150083e-02,1.181300e-03,1.816570e-02,4.373616e-02,1.156412e-02,1.903232e-02,7.508618e-02,6.824199e-01,4.388306e-03,2.793863e-02
2.215371e-02,3.487793e-03,2.134967e-03,3.466418e-02,2.531514e-02,1.076861e-02,3.957407e-03,1.338266e-02,3.144720e-02,8.219074e-03,1.455837e-02,7.373893e-02,7.311934e-01,3.164109e-03,2.181443e-02
2.589511e-02,2.872631e-03,2.076268e-03,2.447022e-02,2.417423e-02,1.228229e-02,5.019064e-03,1.071742e-02,2.264619e-02,5.896592e-03,1.087817e-02,6.224852e-02,7.723401e-01,2.399530e-03,1.608370e-02
2.392679e-02,3.852301e-03,2.471957e-03,1.751028e-02,2.857895e-02,1.194139e-02,5.280088e-03,8.513272e-03,1.661195e-02,4.263499e-03,8.002020e-03,5.020373e-02,8.052244e-01,1.813019e-03,1.180631e-02
2.133029e-02,3.241346e-03,3.904860e-03,1.257313e-02,3.041570e-02,1.097788e-02,1.157535e-02,8.672236e-03,1.251439e-02,3.240934e-03,6.028939e-03,4.389622e-02,8.211219e-01,1.357778e-03,9.149025e-03
2.495707e-02,3.187739e-03,5.212379e-03,9.022301e-03,6.250892e-02,1.089023e-02,1.590418e-02,6.901715e-03,1.036775e-02,2.342681e-03,4.453137e-03,3.668492e-02,7.998196e-01,1.091391e-03,6.655940e-03
3.165979e-02,3.316753e-03,6.732372e-03,6.470569e-03,6.204996e-02,9.047212e-03,2.036690e-02,1.103188e-02,8.278337e-03,1.764298e-03,3.341269e-03,4.929782e-02,7.809097e-01,8.518018e-04,4.881425e-03
3.964599e-02,4.001995e-03,6.549428e-03,4.748499e-03,6.810157e-02,7.148260e-03,1.833481e-02,1.288626e-02,9.828951e-03,1.338761e-03,3.072382e-03,7.966007e-02,7.402545e-01,7.204274e-04,3.708201e-03
4.353287e-02,3.551654e-03,1.054926e-02,4.008796e-03,8.938031e-02,6.787808e-03,2.829466e-02,6.384478e-02,1.291491e-02,1.196665e-03,3.358233e-03,7.934757e-02,6.489068e-01,7.912266e-04,3.534546e-03
9.141895e-02,3.551062e-03,2.750482e-02,6.060846e-03,9.012325e-02,9.285139e-03,2.622315e-02,1.011232e-01,1.462162e-02,1.373493e-03,3.632599e-03,8.291531e-02,5.380000e-01,1.023565e-03,3.142972e-03
1.025590e-01,2.739923e-03,6.019412e-02,7.263808e-03,7.206409e-02,7.545662e-03,2.021889e-02,2.024870e-01,1.085753e-02,1.049113e-03,3.128079e-03,6.535442e-02,4.413808e-01,8.695889e-04,2.288064e-03
8.319899e-02,2.056714e-03,5.109727e-02,5.360396e-03,5.369526e-02,6.328845e-03,2.336871e-02,3.965808e-01,7.837178e-03,7.462167e-04,2.270375e-03,4.591720e-02,3.191699e-01,6.379932e-04,1.734151e-03
6.927892e-02,1.566200e-03,3.843072e-02,4.029686e-03,3.944230e-02,5.908905e-03,2.134533e-02,5.458266e-01,5.661802e-03,5.281608e-04,1.640162e-03,3.237204e-02,2.322243e-01,4.666910e-04,1.278154e-03
5.572730e-02,1.162053e-03,2.769642e-02,2.921586e-03,2.894160e-02,4.388128e-03,1.640138e-02,6.671206e-01,4.083223e-03,3.733502e-04,1.166488e-03,2.271271e-02,1.660708e-01,3.315650e-04,9.027589e-04
5.005325e-02,9.034037e-04,1.997580e-02,2.327185e-03,2.252849e-02,4.248444e-03,1.479709e-02,7.406164e-01,3.053091e-03,2.735300e-04,8.594870e-04,1.598383e-02,1.234715e-01,2.497763e-04,6.586752e-04
4.087831e-02,7.022342e-04,1.418000e-02,1.718040e-03,2.082290e-02,3.696252e-03,1.380343e-02,8.018012e-01,2.308250e-03,2.003185e-04,6.478820e-04,1.123112e-02,8.733636e-02,1.938022e-04,4.799265e-04
3.550820e-02,6.450176e-04,1.028939e-02,1.358540e-03,2.514708e-02,3.559501e-03,1.893735e-02,8.319050e-01,1.933224e-03,1.511699e-04,5.220685e-04,7.902537e-03,6.159214e-02,1.594061e-04,3.893872e-04
3.236414e-02,5.946651e-04,7.651605e-03,1.103749e-03,2.339955e-02,4.092076e-03,3.726286e-02,8.410594e-01,1.603909e-03,1.165912e-04,4.298955e-04,5.600674e-03,4.422498e-02,1.223221e-04,3.735962e-04
2.717316e-02,4.857683e-04,5.639401e-03,1.122442e-03,2.019111e-02,3.851468e-03,2.810891e-02,8.761688e-01,1.171236e-03,9.342119e-05,3.674394e-04,4.066350e-03,3.114084e-02,1.063373e-04,3.132558e-04
2.618305e-02,4.318595e-04,4.196816e-03,1.035265e-03,1.824148e-02,4.209518e-03,2.240619e-02,8.966448e-01,8.785677e-04,8.286570e-05,3.281765e-04,2.975306e-03,2.202957e-02,9.215519e-05,2.644115e-04
2.235084e-02,3.520354e-04,3.101283e-03,8.682503e-04,1.692612e-02,3.147393e-03,1.915908e-02,9.151646e-01,6.863598e-04,6.682040e-05,2.810557e-04,2.126623e-03,1.549820e-02,7.166664e-05,1.997342e-04
1.862630e-02,2.656034e-04,2.365517e-03,7.308811e-04,1.306078e-02,2.868476e-03,2.100721e-02,9.272246e-01,5.046703e-04,6.001890e-05,2.521787e-04,1.638537e-03,1.117276e-02,5.512679e-05,1.673423e-04
1.661690e-02,1.950361e-04,1.818758e-03,6.362220e-04,1.016208e-02,2.252065e-03,1.911772e-02,9.392498e-01,3.651056e-04,4.948452e-05,2.154285e-04,1.211040e-03,7.924746e-03,4.271237e-05,1.428752e-04
1.777920e-02,1.804507e-04,1.613291e-03,7.383857e-04,8.637812e-03,1.943517e-03,1.629735e-02,9.451572e-01,3.055464e-04,7.449954e-05,2.725506e-04,1.012091e-03,5.768167e-03,4.199385e-05,1.779431e-04
1.816808e-02,1.743215e-04,1.461823e-03,7.384564e-04,7.480535e-03,1.714590e-03,1.678114e-02,9.471436e-01,2.823938e-04,8.705040e-05,3.180181e-04,9.852706e-04,4.399818e-03,4.435222e-05,2.205571e-04
2.314170e-02,2.072670e-04,1.259084e-03,8.942939e-04,8.072652e-03,2.239887e-03,1.512454e-02,9.425407e-01,3.916118e-04,1.378480e-04,5.157558e-04,1.265223e-03,3.780528e-03,5.484954e-05,3.740205e-04
4.283391e-02,2.847181e-04,1.289020e-03,1.402963e-03,8.797216e-03,2.707424e-03,1.181759e-02,9.240702e-01,4.847032e-04,1.413575e-04,6.060097e-04,1.852015e-03,3.137059e-03,9.278935e-05,4.829718e-04
4.953707e-02,3.850595e-04,1.285976e-03,1.813938e-03,9.080297e-03,3.180734e-03,9.183068e-03,9.172789e-01,6.306152e-04,1.793265e-04,9.327884e-04,2.670176e-03,2.863966e-03,1.507471e-04,8.273306e-04
7.566081e-02,1.475291e-03,1.220407e-03,7.418320e-03,1.128248e-02,3.948030e-03,6.747237e-03,8.413486e-01,9.894116e-03,1.026074e-03,6.696275e-03,1.189642e-02,1.507694e-02,8.375004e-04,5.471501e-03
8.478402e-02,1.815869e-03,1.213636e-03,7.054629e-03,1.355742e-02,4.155636e-03,5.679386e-03,8.147820e-01,1.709444e-02,1.392241e-03,9.666162e-03,1.360448e-02,1.662740e-02,9.129561e-04,7.659801e-03
6.963957e-02,4.500498e-03,3.091965e-03,1.008662e-01,1.233529e-02,3.670955e-03,4.149977e-03,5.879002e-01,1.406984e-01,3.678466e-03,1.114447e-02,1.760486e-02,1.579160e-02,1.243767e-03,2.368376e-02
5.552764e-02,6.013935e-03,6.222369e-03,1.641005e-01,9.210634e-03,3.278600e-03,3.045878e-03,4.222104e-01,2.184560e-01,8.412682e-03,1.406963e-02,1.997015e-02,1.919629e-02,2.085215e-03,4.819999e-02
7.100505e-02,9.743953e-03,6.624673e-03,1.352848e-01,1.003123e-02,4.008521e-03,2.616607e-03,3.246606e-01,2.065349e-01,1.018506e-02,1.504218e-02,1.750758e-02,2.160761e-02,4.299515e-03,1.608477e-01
5.815708e-02,1.350529e-02,7.839359e-03,1.461316e-01,7.299064e-03,3.941128e-03,1.908611e-03,2.289760e-01,2.844014e-01,1.324982e-02,1.264030e-02,1.535468e-02,1.996931e-02,4.102567e-03,1.825238e-01
8.082309e-02,1.198955e-02,9.453878e-03,1.172244e-01,7.179277e-03,6.400555e-03,1.973549e-03,1.736957e-01,2.585140e-01,1.184567e-02,1.288704e-02,1.348412e-02,2.026519e-02,1.067288e-02,2.635911e-01
