1.000000e+00,0.000000e+00,0.000000e+00,0.000000e+00,0.000000e+00,0.000000e+00,0.000000e+00,0.000000e+00,0.000000e+00,0.000000e+00,0.000000e+00,0.000000e+00,0.000000e+00,0.000000e+00,0.000000e+00
1.000000e+00,0.000000e+00,0.000000e+00,0.000000e+00,0.000000e+00,0.000000e+00,0.000000e+00,0.000000e+00,0.000000e+00,0.000000e+00,0.000000e+00,0.000000e+00,0.000000e+00,0.000000e+00,0.000000e+00
1.000000e+00,0.000000e+00,0.000000e+00,0.000000e+00,0.000000e+00,0.000000e+00,0.000000e+00,0.000000e+00,0.000000e+00,0.000000e+00,0.000000e+00,0.000000e+00,0.000000e+00,0.000000e+00,0.000000e+00
1.000000e+00,0.000000e+00,0.000000e+00,0.000000e+00,0.000000e+00,0.000000e+00,0.000000e+00,0.000000e+00,0.000000e+00,0.000000e+00,0.000000e+00,0.000000e+00,0.000000e+00,0.000000e+00,0.000000e+00
1.000000e+00,0.000000e+00,0.000000e+00,0.000000e+00,0.000000e+00,0.000000e+00,0.000000e+00,0.000000e+00,0.000000e+00,0.000000e+00,0.000000e+00,0.000000e+00,0.000000e+00,0.000000e+00,0.000000e+00
1.000000e+00,0.000000e+00,0.000000e+00,0.000000e+00,0.000000e+00,0.000000e+00,0.000000e+00,0.000000e+00,0.000000e+00,0.000000e+00,0.000000e+00,0.000000e+00,0.000000e+00,0.000000e+00,0.000000e+00
1.000000e+00,0.000000e+00,0.000000e+00,0.000000e+00,0.000000e+00,0.000000e+00,0.000000e+00,0.000000e+00,0.000000e+00,0.000000e+00,0.000000e+00,0.000000e+00,0.000000e+00,0.000000e+00,0.000000e+00
1.000000e+00,0.000000e+00,0.000000e+00,0.000000e+00,0.000000e+00,0.000000e+00,0.000000e+00,0.000000e+00,0.000000e+00,0.000000e+00,0.000000e+00,0.000000e+00,0.000000e+00,0.000000e+00,0.000000e+00
1.000000e+00,0.000000e+00,0.000000e+00,0.000000e+00,0.000000e+00,0.000000e+00,0.000000e+00,0.000000e+00,0.000000e+00,0.000000e+00,0.000000e+00,0.000000e+00,0.000000e+00,0.000000e+00,0.000000e+00
1.000000e+00,0.000000e+00,0.000000e+00,0.000000e+00,0.000000e+00,0.000000e+00,0.000000e+00,0.000000e+00,0.000000e+00,0.000000e+00,0.000000e+00,0.000000e+00,0.000000e+00,0.000000e+00,0.000000e+00
1.000000e+00,0.000000e+00,0.000000e+00,0.000000e+00,0.000000e+00,0.000000e+00,0.000000e+00,0.000000e+00,0.000000e+00,0.000000e+00,0.000000e+00,0.000000e+00,0.000000e+00,0.000000e+00,0.000000e+00
1.000000e+00,0.000000e+00,0.000000e+00,0.000000e+00,0.000000e+00,0.000000e+00,0.000000e+00,0.000000e+00,0.000000e+00,0.000000e+00,0.000000e+00,0.000000e+00,0.000000e+00,0.000000e+00,0.000000e+00
1.000000e+00,0.000000e+00,0.000000e+00,0.000000e+00,0.000000e+00,0.000000e+00,0.000000e+00,0.000000e+00,0.000000e+00,0.000000e+00,0.000000e+00,0.000000e+00,0.000000e+00,0.000000e+00,0.000000e+00
1.000000e+00,0.000000e+00,0.000000e+00,0.000000e+00,0.000000e+00,0.000000e+00,0.000000e+00,0.000000e+00,0.000000e+00,0.000000e+00,0.000000e+00,0.000000e+00,0.000000e+00,0.000000e+00,0.000000e+00
1.000000e+00,0.000000e+00,0.000000e+00,0.000000e+00,0.000000e+00,0.000000e+00,0.000000e+00,0.000000e+00,0.000000e+00,0.000000e+00,0.000000e+00,0.000000e+00,0.000000e+00,0.000000e+00,0.000000e+00
1.000000e+00,0.000000e+00,0.000000e+00,0.000000e+00,0.000000e+00,0.000000e+00,0.000000e+00,0.000000e+00,0.000000e+00,0.000000e+00,0.000000e+00,0.000000e+00,0.000000e+00,0.000000e+00,0.000000e+00
1.000000e+00,0.000000e+00,0.000000e+00,0.000000e+00,0.000000e+00,0.000000e+00,0.000000e+00,0.000000e+00,0.000000e+00,0.000000e+00,0.000000e+00,0.000000e+00,0.000000e+00,0.000000e+00,0.000000e+00
1.000000e+00,0.000000e+00,0.000000e+00,0.000000e+00,0.000000e+00,0.000000e+00,0.000000e+00,0.000000e+00,0.000000e+00,0.000000e+00,0.000000e+00,0.000000e+00,0.000000e+00,0.000000e+00,0.000000e+00
1.000000e+00,0.000000e+00,0.000000e+00,0.000000e+00,0.000000e+00,0.000000e+00,0.000000e+00,0.000000e+00,0.000000e+00,0.000000e+00,0.000000e+00,0.000000e+00,0.000000e+00,0.000000e+00,0.000000e+00
1.000000e+00,0.000000e+00,0.000000e+00,0.000000e+00,0.000000e+00,0.000000e+00,0.000000e+00,0.000000e+00,0.000000e+00,0.000000e+00,0.000000e+00,0.000000e+00,0.000000e+00,0.000000e+00,0.000000e+00
1.000000e+00,0.000000e+00,0.000000e+00,0.000000e+00,0.000000e+00,0.000000e+00,0.000000e+00,0.000000e+00,0.000000e+00,0.000000e+00,0.000000e+00,0.000000e+00,0.000000e+00,0.000000e+00,0.000000e+00
1.000000e+00,0.000000e+00,0.000000e+00,0.000000e+00,0.000000e+00,0.000000e+00,0.000000e+00,0.000000e+00,0.000000e+00,0.000000e+00,0.000000e+00,0.000000e+00,0.000000e+00,0.000000e+00,0.000000e+00
1.000000e+00,0.000000e+00,0.000000e+00,0.000000e+00,0.000000e+00,0.000000e+00,0.000000e+00,0.000000e+00,0.000000e+00,0.000000e+00,0.000000e+00,0.000000e+00,0.000000e+00,0.000000e+00,0.000000e+00
1.000000e+00,0.000000e+00,0.000000e+00,0.000000e+00,0.000000e+00,0.000000e+00,0.000000e+00,0.000000e+00,0.000000e+00,0.000000e+00,0.000000e+00,0.000000e+00,0.000000e+00,0.000000e+00,0.000000e+00
1.000000e+00,0.000000e+00,0.000000e+00,0.000000e+00,0.000000e+00,0.000000e+00,0.000000e+00,0.000000e+00,0.000000e+00,0.000000e+00,0.000000e+00,0.000000e+00,0.000000e+00,0.000000e+00,0.000000e+00
1.000000e+00,0.000000e+00,0.000000e+00,0.000000e+00,0.000000e+00,0.000000e+00,0.000000e+00,0.000000e+00,0.000000e+00,0.000000e+00,0.000000e+00,0.000000e+00,0.000000e+00,0.000000e+00,0.000000e+00
1.000000e+00,0.000000e+00,0.000000e+00,0.000000e+00,0.000000e+00,0.000000e+00,0.000000e+00,0.000000e+00,0.000000e+00,0.000000e+00,0.000000e+00,0.000000e+00,0.000000e+00,0.000000e+00,0.000000e+00
1.000000e+00,0.000000e+00,0.000000e+00,0.000000e+00,0.000000e+00,0.000000e+00,0.000000e+00,0.000000e+00,0.000000e+00,0.000000e+00,0.000000e+00,0.000000e+00,0.000000e+00,0.000000e+00,0.000000e+00
1.000000e+00,0.000000e+00,0.000000e+00,0.000000e+00,0.000000e+00,0.000000e+00,0.000000e+00,0.000000e+00,0.000000e+00,0.000000e+00,0.000000e+00,0.000000e+00,0.000000e+00,0.000000e+00,0.000000e+00
1.000000e+00,0.000000e+00,0.000000e+00,0.000000e+00,0.000000e+00,0.000000e+00,0.000000e+00,0.000000e+00,0.000000e+00,0.000000e+00,0.000000e+00,0.000000e+00,0.000000e+00,0.000000e+00,0.000000e+00
1.000000e+00,0.000000e+00,0.000000e+00,0.000000e+00,0.000000e+00,0.000000e+00,0.000000e+00,0.000000e+00,0.000000e+00,0.000000e+00,0.000000e+00,0.000000e+00,0.000000e+00,0.000000e+00,0.000000e+00
1.000000e+00,0.000000e+00,0.000000e+00,0.000000e+00,0.000000e+00,0.000000e+00,0.000000e+00,0.000000e+00,0.000000e+00,0.000000e+00,0.000000e+00,0.000000e+00,0.000000e+00,0.000000e+00,0.000000e+00
1.000000e+00,0.000000e+00,0.000000e+00,0.000000e+00,0.000000e+00,0.000000e+00,0.000000e+00,0.000000e+00,0.000000e+00,0.000000e+00,0.000000e+00,0.000000e+00,0.000000e+00,0.000000e+00,0.000000e+00
1.000000e+00,0.000000e+00,0.000000e+00,0.000000e+00,0.000000e+00,0.000000e+00,0.000000e+00,0.000000e+00,0.000000e+00,0.000000e+00,0.000000e+00,0.000000e+00,0.000000e+00,0.000000e+00,0.000000e+00
1.000000e+00,0.000000e+00,0.000000e+00,0.000000e+00,0.000000e+00,0.000000e+00,0.000000e+00,0.000000e+00,0.000000e+00,0.000000e+00,0.000000e+00,0.000000e+00,0.000000e+00,0.000000e+00,0.000000e+00
1.000000e+00,0.000000e+00,0.000000e+00,0.000000e+00,0.000000e+00,0.000000e+00,0.000000e+00,0.000000e+00,0.000000e+00,0.000000e+00,0.000000e+00,0.000000e+00,0.000000e+00,0.000000e+00,0.000000e+00
1.000000e+00,0.000000e+00,0.000000e+00,0.000000e+00,0.000000e+00,0.000000e+00,0.000000e+00,0.000000e+00,0.000000e+00,0.000000e+00,0.000000e+00,0.000000e+00,0.000000e+00,0.000000e+00,0.000000e+00
1.000000e+00,0.000000e+00,0.000000e+00,0.000000e+00,0.000000e+00,0.000000e+00,0.000000e+00,0.000000e+00,0.000000e+00,0.000000e+00,0.000000e+00,0.000000e+00,0.000000e+00,0.000000e+00,0.000000e+00
1.000000e+00,0.000000e+00,0.000000e+00,0.000000e+00,0.000000e+00,0.000000e+00,0.000000e+00,0.000000e+00,0.000000e+00,0.000000e+00,0.000000e+00,0.000000e+00,0.000000e+00,0.000000e+00,0.000000e+00
1.000000e+00,0.000000e+00,0.000000e+00,0.000000e+00,0.000000e+00,0.000000e+00,0.000000e+00,0.000000e+00,0.000000e+00,0.000000e+00,0.000000e+00,0.000000e+00,0.000000e+00,0.000000e+00,0.000000e+00
1.000000e+00,0.000000e+00,0.000000e+00,0.000000e+00,0.000000e+00,0.000000e+00,0.000000e+00,0.000000e+00,0.000000e+00,0.000000e+00,0.000000e+00,0.000000e+00,0.000000e+00,0.000000e+00,0.000000e+00
1.000000e+00,0.000000e+00,0.000000e+00,0.000000e+00,0.000000e+00,0.000000e+00,0.000000e+00,0.000000e+00,0.000000e+00,0.000000e+00,0.000000e+00,0.000000e+00,0.000000e+00,0.000000e+00,0.000000e+00
1.000000e+00,0.000000e+00,0.000000e+00,0.000000e+00,0.000000e+00,0.000000e+00,0.000000e+00,0.000000e+00,0.000000e+00,0.000000e+00,0.000000e+00,0.000000e+00,0.000000e+00,0.000000e+00,0.000000e+00
1.000000e+00,0.000000e+00,0.000000e+00,0.000000e+00,0.000000e+00,0.000000e+00,0.000000e+00,0.000000e+00,0.000000e+00,0.000000e+00,0.000000e+00,0.000000e+00,0.000000e+00,0.000000e+00,0.000000e+00
1.000000e+00,0.000000e+00,0.000000e+00,0.000000e+00,0.000000e+00,0.000000e+00,0.000000e+00,0.000000e+00,0.000000e+00,0.000000e+00,0.000000e+00,0.000000e+00,0.000000e+00,0.000000e+00,0.000000e+00
1.000000e+00,0.000000e+00,0.000000e+00,0.000000e+00,0.000000e+00,0.000000e+00,0.000000e+00,0.000000e+00,0.000000e+00,0.000000e+00,0.000000e+00,0.000000e+00,0.000000e+00,0.000000e+00,0.000000e+00
1.000000e+00,0.000000e+00,0.000000e+00,0.000000e+00,0.000000e+00,0.000000e+00,0.000000e+00,0.000000e+00,0.000000e+00,0.000000e+00,0.000000e+00,0.000000e+00,0.000000e+00,0.000000e+00,0.000000e+00
1.000000e+00,0.000000e+00,0.000000e+00,0.000000e+00,0.000000e+00,0.000000e+00,0.000000e+00,0.000000e+00,0.000000e+00,0.000000e+00,0.000000e+00,0.000000e+00,0.000000e+00,0.000000e+00,0.000000e+00
1.000000e+00,0.000000e+00,0.000000e+00,0.000000e+00,0.000000e+00,0.000000e+00,0.000000e+00,0.000000e+00,0.000000e+00,0.000000e+00,0.000000e+00,0.000000e+00,0.000000e+00,0.000000e+00,0.000000e+00
1.000000e+00,0.000000e+00,0.000000e+00,0.000000e+00,0.000000e+00,0.000000e+00,0.000000e+00,0.000000e+00,0.000000e+00,0.000000e+00,0.000000e+00,0.000000e+00,0.000000e+00,0.000000e+00,0.000000e+00
1.000000e+00,0.000000e+00,0.000000e+00,0.000000e+00,0.000000e+00,0.000000e+00,0.000000e+00,0.000000e+00,0.000000e+00,0.000000e+00,0.000000e+00,0.000000e+00,0.000000e+00,0.000000e+00,0.000000e+00
1.000000e+00,0.000000e+00,0.000000e+00,0.000000e+00,0.000000e+00,0.000000e+00,0.000000e+00,0.000000e+00,0.000000e+00,0.000000e+00,0.000000e+00,0.000000e+00,0.000000e+00,0.000000e+00,0.000000e+00
1.000000e+00,0.000000e+00,0.000000e+00,0.000000e+00,0.000000e+00,0.000000e+00,0.000000e+00,0.000000e+00,0.000000e+00,0.000000e+00,0.000000e+00,0.000000e+00,0.000000e+00,0.000000e+00,0.000000e+00
1.000000e+00,0.000000e+00,0.000000e+00,0.000000e+00,0.000000e+00,0.000000e+00,0.000000e+00,0.000000e+00,0.000000e+00,0.000000e+00,0.000000e+00,0.000000e+00,0.000000e+00,0.000000e+00,0.000000e+00
1.000000e+00,0.000000e+00,0.000000e+00,0.000000e+00,0.000000e+00,0.000000e+00,0.000000e+00,0.000000e+00,0.000000e+00,0.000000e+00,0.000000e+00,0.000000e+00,0.000000e+00,0.000000e+00,0.000000e+00
1.000000e+00,0.000000e+00,0.000000e+00,0.000000e+00,0.000000e+00,0.000000e+00,0.000000e+00,0.000000e+00,0.000000e+00,0.000000e+00,0.000000e+00,0.000000e+00,0.000000e+00,0.000000e+00,0.000000e+00
1.000000e+00,0.000000e+00,0.000000e+00,0.000000e+00,0.000000e+00,0.000000e+00,0.000000e+00,0.000000e+00,0.000000e+00,0.000000e+00,0.000000e+00,0.000000e+00,0.000000e+00,0.000000e+00,0.000000e+00
1.000000e+00,0.000000e+00,0.000000e+00,0.000000e+00,0.000000e+00,0.000000e+00,0.000000e+00,0.000000e+00,0.000000e+00,0.000000e+00,0.000000e+00,0.000000e+00,0.000000e+00,0.000000e+00,0.000000e+00
4.358033e-01,9.109170e-03,4.142665e-02,3.029503e-02,4.279746e-03,5.867488e-02,2.624250e-02,2.642243e-01,3.822403e-03,1.001754e-03,8.438234e-03,6.506611e-02,4.085200e-02,1.759305e-03,9.004544e-03
3.886634e-01,6.864625e-03,4.133763e-02,2.329337e-02,3.377462e-03,6.404589e-02,8.174741e-02,2.849092e-01,2.969017e-03,7.809676e-04,6.481981e-03,5.054186e-02,3.620409e-02,1.422196e-03,7.360897e-03
3.161387e-01,5.000678e-03,3.379066e-02,1.700185e-02,2.603658e-03,5.694453e-02,9.124947e-02,3.992071e-01,2.191846e-03,5.961372e-04,4.731039e-03,3.655741e-02,2.721791e-02,1.166241e-03,5.602735e-03
2.640951e-01,3.679469e-03,2.612096e-02,1.248098e-02,2.050555e-03,5.122749e-02,8.422835e-02,4.980949e-01,1.656968e-03,4.652370e-04,3.474084e-03,2.628996e-02,2.077018e-02,9.855496e-04,4.380153e-03
1.956162e-01,2.695923e-03,1.917819e-02,8.911610e-03,1.601895e-03,3.933143e-02,7.497579e-02,6.157480e-01,1.191126e-03,3.407417e-04,2.469136e-03,1.861517e-02,1.524733e-02,7.479692e-04,3.329458e-03
1.448923e-01,1.985374e-03,1.403744e-02,6.353936e-03,1.308832e-03,2.997476e-02,7.037127e-02,7.003067e-01,8.639695e-04,2.567746e-04,1.758429e-03,1.325629e-02,1.148500e-02,5.669075e-04,2.582017e-03
1.084655e-01,1.451844e-03,1.010200e-02,4.544836e-03,1.124652e-03,2.195249e-02,6.349658e-02,7.658479e-01,6.262418e-04,1.986172e-04,1.263726e-03,9.642424e-03,8.857780e-03,4.282992e-04,1.997137e-03
7.940938e-02,1.139951e-03,7.247161e-03,3.264548e-03,1.510279e-03,1.631229e-02,5.155566e-02,8.208454e-01,5.105486e-04,1.676957e-04,9.329111e-04,7.136444e-03,8.032409e-03,3.306855e-04,1.604612e-03
6.082125e-02,8.935070e-04,5.208045e-03,2.428076e-03,2.420231e-03,1.206029e-02,3.949988e-02,8.617767e-01,4.040734e-04,1.355916e-04,7.015959e-04,5.249627e-03,6.869652e-03,2.612129e-04,1.270334e-03
5.448824e-02,7.261419e-04,3.814797e-03,1.829730e-03,3.925104e-03,9.249680e-03,2.982049e-02,8.826958e-01,3.402242e-04,1.305777e-04,5.819164e-04,4.718733e-03,6.361790e-03,2.258218e-04,1.091009e-03
5.447768e-02,6.825089e-04,3.018055e-03,1.487218e-03,4.426998e-03,7.820478e-03,2.361562e-02,8.906762e-01,3.134565e-04,1.313027e-04,5.133900e-04,4.906741e-03,6.634386e-03,2.339154e-04,1.062048e-03
6.286095e-02,7.394684e-04,2.755822e-03,1.351605e-03,6.058571e-03,7.625863e-03,1.862030e-02,8.857689e-01,3.675987e-04,1.729088e-04,5.376260e-04,5.135716e-03,6.530046e-03,2.585136e-04,1.216151e-03
7.952550e-02,6.675192e-04,2.164623e-03,1.421254e-03,6.377975e-03,6.846454e-03,1.358125e-02,8.748329e-01,4.063951e-04,2.029297e-04,5.048125e-04,6.095053e-03,5.825066e-03,2.657044e-04,1.282613e-03
9.343000e-02,7.685903e-04,1.667340e-03,3.077514e-03,5.819109e-03,5.725590e-03,9.824896e-03,8.111290e-01,1.866236e-03,1.038437e-03,2.712637e-03,2.570742e-02,3.391184e-02,1.504878e-03,1.816565e-03
1.380077e-01,2.603048e-03,1.700846e-03,4.924013e-03,7.548954e-03,5.676101e-03,7.312411e-03,6.845570e-01,5.576417e-03,2.968511e-03,8.954946e-03,3.363134e-02,8.550662e-02,5.936013e-03,5.096059e-03
1.903345e-01,3.912070e-03,1.638352e-03,6.131589e-03,1.136809e-02,4.811627e-03,5.551999e-03,5.654329e-01,1.433323e-02,4.529069e-03,1.530960e-02,3.909888e-02,1.207804e-01,9.428700e-03,7.338951e-03
1.605019e-01,5.055247e-03,1.581651e-03,1.205484e-02,1.099868e-02,4.177305e-03,5.802148e-03,4.322790e-01,4.339534e-02,6.935179e-03,2.969123e-02,5.034393e-02,2.189091e-01,9.386615e-03,8.887761e-03
1.810783e-01,9.100264e-03,2.830285e-03,3.830282e-02,1.628565e-02,7.955785e-03,6.382705e-03,3.245673e-01,9.799080e-02,7.775314e-03,3.068797e-02,4.835045e-02,2.037882e-01,1.069141e-02,1.421269e-02
2.345251e-01,1.062844e-02,3.723839e-03,4.087017e-02,1.627904e-02,1.180595e-02,5.431768e-03,2.490643e-01,1.121673e-01,6.427017e-03,3.824589e-02,4.308317e-02,1.841237e-01,1.057663e-02,3.304769e-02
2.555046e-01,1.643000e-02,1.732776e-02,1.092553e-01,2.566243e-02,1.409244e-02,4.518903e-03,1.803928e-01,1.023608e-01,5.882228e-03,3.373912e-02,4.887804e-02,1.465821e-01,8.492348e-03,3.088109e-02
3.781863e-01,1.986396e-02,1.625813e-02,9.178183e-02,2.848176e-02,1.750975e-02,4.073120e-03,1.305229e-01,8.028925e-02,4.652934e-03,3.001857e-02,4.227015e-02,1.232497e-01,7.185951e-03,2.565557e-02
4.279780e-01,2.692124e-02,1.318064e-02,7.870585e-02,2.587709e-02,1.786230e-02,3.718344e-03,9.430435e-02,6.887086e-02,4.552216e-03,2.918671e-02,4.930011e-02,1.217175e-01,9.257643e-03,2.856705e-02
4.358015e-01,2.431455e-02,1.299621e-02,6.396727e-02,2.604043e-02,2.221501e-02,3.289335e-03,6.807277e-02,5.522697e-02,3.627516e-03,2.343701e-02,5.326164e-02,1.780749e-01,7.283252e-03,2.239162e-02
3.882405e-01,2.001167e-02,1.143024e-02,4.722322e-02,2.717297e-02,2.061151e-02,2.598093e-03,4.924392e-02,4.161652e-02,2.787028e-03,1.777487e-02,6.337041e-02,2.855520e-01,5.776405e-03,1.659061e-02
3.447611e-01,2.147987e-02,1.449762e-02,4.492656e-02,3.598307e-02,2.802102e-02,3.114777e-03,3.728437e-02,3.526423e-02,2.703522e-03,2.223507e-02,8.525017e-02,3.041465e-01,6.307167e-03,1.402497e-02
2.537982e-01,1.797734e-02,1.089381e-02,3.271619e-02,3.040920e-02,2.426534e-02,2.480523e-03,2.762431e-02,3.015149e-02,2.092433e-03,1.839143e-02,1.057855e-01,4.274326e-01,5.180904e-03,1.080067e-02
1.959599e-01,1.584052e-02,8.238629e-03,2.533325e-02,2.474723e-02,3.370080e-02,2.380266e-03,2.180518e-02,2.727229e-02,1.862238e-03,1.583286e-02,8.923314e-02,5.238967e-01,4.218732e-03,9.678192e-03
1.490164e-01,1.269789e-02,5.980747e-03,1.860101e-02,2.003713e-02,2.563788e-02,1.800229e-03,1.627015e-02,2.246875e-02,1.431122e-03,1.224421e-02,7.743423e-02,6.248802e-01,3.522338e-03,7.977636e-03
1.126774e-01,1.100847e-02,4.762406e-03,1.410462e-02,1.602896e-02,1.959801e-02,1.527111e-03,1.194199e-02,1.811852e-02,1.155902e-03,9.976177e-03,6.944251e-02,6.990203e-01,3.067828e-03,7.569853e-03
8.204898e-02,9.363917e-03,4.099659e-03,1.053382e-02,1.802298e-02,1.488029e-02,1.254542e-03,8.701321e-03,1.431898e-02,9.943111e-04,9.718293e-03,8.796369e-02,7.275264e-01,2.638768e-03,7.934075e-03
6.431492e-02,8.264756e-03,3.984281e-03,8.107878e-03,2.100043e-02,1.251106e-02,2.329923e-03,7.491290e-03,1.193711e-02,8.668489e-04,8.535598e-03,1.075604e-01,7.344890e-01,2.221406e-03,6.385148e-03
9.786178e-02,6.549827e-03,3.528571e-03,6.972832e-03,1.758470e-02,1.487652e-02,3.424537e-03,6.862572e-03,1.003353e-02,9.992874e-04,8.193945e-03,9.695485e-02,7.187992e-01,2.287276e-03,5.070607e-03
8.997677e-02,6.033590e-03,3.276780e-03,5.930717e-03,1.749033e-02,1.235561e-02,2.757782e-03,5.882158e-03,8.496231e-03,8.537655e-04,6.160167e-03,9.167808e-02,7.431130e-01,1.848302e-03,4.146719e-03
8.256929e-02,4.889724e-03,3.154475e-03,5.260190e-03,1.580805e-02,1.246759e-02,2.515867e-03,4.712862e-03,7.114450e-03,7.185945e-04,5.167178e-03,8.373487e-02,7.667914e-01,1.731741e-03,3.363731e-03
8.628371e-02,4.573765e-03,1.924510e-02,1.108049e-02,2.005513e-02,1.125536e-02,4.027174e-03,6.154678e-02,6.616994e-03,8.487626e-04,5.112850e-03,7.502728e-02,6.897475e-01,1.742018e-03,2.837035e-03
1.069793e-01,4.462050e-03,1.940331e-02,9.212444e-03,1.965987e-02,1.442636e-02,5.936145e-03,6.988707e-02,8.136077e-03,8.448145e-04,4.359607e-03,6.201378e-02,6.694405e-01,2.258129e-03,2.980560e-03
1.420153e-01,4.169920e-03,2.600098e-02,8.447576e-03,1.753219e-02,1.536857e-02,2.047177e-02,7.395683e-02,6.355777e-03,9.483801e-04,3.754484e-03,5.260684e-02,6.235337e-01,2.314007e-03,2.523704e-03
1.545686e-01,3.471188e-03,2.933989e-02,6.584351e-03,1.630902e-02,1.291940e-02,3.452737e-02,1.419196e-01,4.976837e-03,1.000569e-03,3.032239e-03,4.938576e-02,5.377361e-01,2.208865e-03,2.020092e-03
1.498050e-01,3.333689e-03,3.615768e-02,5.372569e-03,1.678846e-02,1.251251e-02,8.556388e-02,2.193243e-01,4.209741e-03,1.010896e-03,2.426244e-03,3.918807e-02,4.207649e-01,1.926018e-03,1.616009e-03
1.338957e-01,2.578097e-03,3.027692e-02,4.205835e-03,1.683541e-02,1.226188e-02,1.769978e-01,2.839544e-01,3.199679e-03,7.973594e-04,2.030283e-03,2.811133e-02,3.021536e-01,1.439856e-03,1.261817e-03
1.343052e-01,2.208841e-03,2.472516e-02,3.315206e-03,1.756341e-02,1.772936e-02,2.253711e-01,3.290282e-01,2.526588e-03,6.168616e-04,1.731330e-03,2.097894e-02,2.174138e-01,1.116013e-03,1.369992e-03
1.086006e-01,2.023499e-03,2.027880e-02,2.597571e-03,1.493135e-02,2.035142e-02,2.674643e-01,3.815077e-01,2.016692e-03,4.931047e-04,1.465644e-03,1.569866e-02,1.604137e-01,8.343942e-04,1.322583e-03
8.726744e-02,1.627382e-03,1.542615e-02,2.096262e-03,1.141229e-02,1.859112e-02,2.031646e-01,5.295620e-01,1.621029e-03,3.834725e-04,1.226917e-03,1.182710e-02,1.140051e-01,6.281071e-04,1.160911e-03
7.597510e-02,1.465017e-03,1.290270e-02,2.383172e-03,9.446126e-03,2.256300e-02,1.741104e-01,6.036968e-01,1.315454e-03,3.379331e-04,1.235460e-03,1.054752e-02,8.224005e-02,5.241829e-04,1.257057e-03
7.563951e-02,1.601205e-03,1.259299e-02,2.350429e-03,9.450364e-03,4.015139e-02,1.569489e-01,6.245174e-01,1.240374e-03,3.720413e-04,1.921693e-03,9.511880e-03,6.137519e-02,4.959567e-04,1.830733e-03
8.964701e-02,2.256881e-03,1.162719e-02,2.311862e-03,9.485807e-03,4.890533e-02,1.191127e-01,6.540306e-01,1.383400e-03,3.799737e-04,2.302880e-03,9.054465e-03,4.576229e-02,6.431587e-04,3.096451e-03
8.378839e-02,2.183613e-03,1.091017e-02,2.973760e-03,1.161054e-02,4.394512e-02,9.471678e-02,7.011982e-01,1.445135e-03,4.570041e-04,2.602978e-03,7.402822e-03,3.316937e-02,5.830044e-04,3.013057e-03
1.288474e-01,3.854512e-03,1.018069e-02,3.303115e-03,1.380902e-02,3.633648e-02,7.879701e-02,6.524682e-01,3.466979e-03,6.569406e-03,1.351513e-02,1.034722e-02,2.835988e-02,1.472715e-03,8.672217e-03
1.597329e-01,9.549089e-03,1.201117e-02,1.491758e-02,2.031006e-02,4.468278e-02,6.239377e-02,5.322685e-01,2.571137e-02,1.400123e-02,2.237135e-02,3.334698e-02,3.202771e-02,3.120100e-03,1.355542e-02
1.747561e-01,1.186609e-02,1.305022e-02,1.813549e-02,1.668740e-02,3.875524e-02,4.653413e-02,3.859629e-01,4.330976e-02,1.011494e-01,3.789848e-02,3.008323e-02,3.476827e-02,9.319181e-03,3.772411e-02
2.404413e-01,2.827610e-02,1.490100e-02,3.059380e-02,1.351350e-02,4.118668e-02,3.372965e-02,2.868947e-01,5.066309e-02,8.670861e-02,3.697915e-02,3.311380e-02,3.463273e-02,1.214486e-02,5.622101e-02
2.824687e-01,3.428086e-02,1.634549e-02,3.438189e-02,1.116946e-02,4.011744e-02,2.436935e-02,2.154025e-01,7.731063e-02,6.746531e-02,4.295757e-02,3.639615e-02,3.232181e-02,1.723273e-02,6.778014e-02
2.581481e-01,3.845751e-02,2.777429e-02,5.514637e-02,8.926847e-03,4.157430e-02,1.739942e-02,1.549022e-01,6.920945e-02,5.341985e-02,4.839903e-02,7.104983e-02,3.895549e-02,1.865846e-02,9.797885e-02
2.951678e-01,4.096695e-02,2.685446e-02,6.466722e-02,7.410538e-03,4.070763e-02,1.259915e-02,1.098286e-01,6.066784e-02,4.279558e-02,5.166588e-02,7.335570e-02,3.698293e-02,2.226364e-02,1.140661e-01
2.527713e-01,3.606276e-02,2.323687e-02,7.802302e-02,6.866025e-03,3.926807e-02,9.141274e-03,7.818317e-02,7.969173e-02,3.617626e-02,6.310058e-02,8.810651e-02,4.595651e-02,2.358586e-02,1.398300e-01
2.964125e-01,3.239481e-02,2.043338e-02,7.901324e-02,6.604269e-03,4.135711e-02,7.087497e-03,5.583780e-02,6.531520e-02,2.851872e-02,6.759004e-02,9.480815e-02,4.887012e-02,2.975294e-02,1.260042e-01
3.686154e-01,3.021275e-02,1.576539e-02,6.226629e-02,6.895243e-03,3.871561e-02,5.550717e-03,4.046666e-02,5.548950e-02,2.346811e-02,7.041988e-02,7.939900e-02,4.133376e-02,3.467008e-02,1.267315e-01
3.298529e-01,2.824690e-02,1.407642e-02,5.067307e-02,6.793114e-03,3.148053e-02,4.185091e-03,2.896143e-02,8.173500e-02,2.077089e-02,1.151114e-01,7.709627e-02,4.062005e-02,5.680940e-02,1.135875e-01
3.773487e-01,2.592796e-02,1.277494e-02,4.016442e-02,6.067973e-03,2.697873e-02,3.400042e-03,2.148227e-02,6.642032e-02,1.864912e-02,1.052908e-01,6.356623e-02,3.622460e-02,9.735245e-02,9.835144e-02
4.216077e-01,2.462931e-02,1.165498e-02,3.213116e-02,1.116544e-02,2.641779e-02,3.230885e-03,1.863017e-02,5.621547e-02,2.222966e-02,8.686683e-02,5.236019e-02,3.267733e-02,1.153332e-01,8.484992e-02
4.978379e-01,2.344231e-02,9.533856e-03,2.673520e-02,1.602234e-02,2.629600e-02,3.599319e-03,1.595934e-02,4.897571e-02,1.855067e-02,6.936882e-02,4.328571e-02,2.705261e-02,1.046708e-01,6.866941e-02
4.967111e-01,3.362209e-02,8.659196e-03,2.416777e-02,1.844384e-02,2.790790e-02,2.980583e-03,1.342916e-02,5.710427e-02,1.860617e-02,6.568147e-02,3.587778e-02,2.302517e-02,1.005008e-01,7.328265e-02
3.990380e-01,6.897032e-02,2.354544e-02,4.887785e-02,2.965091e-02,4.151317e-02,2.752698e-03,1.173276e-02,7.234131e-02,2.077785e-02,5.150685e-02,3.208389e-02,2.428382e-02,7.599548e-02,9.692967e-02
3.078559e-01,1.101411e-01,2.400421e-02,7.427991e-02,3.227680e-02,3.429979e-02,2.223677e-03,9.767896e-03,1.141562e-01,2.540774e-02,4.303177e-02,2.513029e-02,2.097467e-02,5.811122e-02,1.183389e-01
2.410980e-01,2.083266e-01,2.294974e-02,6.004038e-02,2.345188e-02,2.836490e-02,1.703380e-03,7.975449e-03,1.312002e-01,1.978953e-02,5.125214e-02,1.932345e-02,1.894726e-02,6.401863e-02,1.015584e-01
1.991572e-01,2.762451e-01,2.008789e-02,4.977395e-02,1.951365e-02,2.467785e-02,1.337479e-03,7.151825e-03,1.608870e-01,1.620249e-02,5.260210e-02,1.468523e-02,1.736927e-02,5.974024e-02,8.056865e-02
2.553279e-01,2.129992e-01,1.781126e-02,4.345746e-02,1.541506e-02,2.081803e-02,1.239153e-03,6.665414e-03,1.870132e-01,1.520713e-02,5.334252e-02,1.432410e-02,1.565577e-02,6.255602e-02,7.816768e-02
2.014463e-01,1.549667e-01,2.280497e-02,1.052546e-01,1.170446e-02,1.586094e-02,1.086884e-03,6.340803e-03,2.946163e-01,1.178169e-02,4.281410e-02,1.170461e-02,1.332945e-02,4.517032e-02,6.111795e-02
2.870589e-01,1.180347e-01,2.213249e-02,9.111470e-02,1.189243e-02,1.829342e-02,2.342680e-03,1.724540e-02,2.472383e-01,9.358409e-03,3.909646e-02,1.980804e-02,1.903339e-02,4.211789e-02,5.523282e-02
3.186088e-01,8.901385e-02,2.602843e-02,9.980220e-02,1.294157e-02,2.085001e-02,2.925636e-03,1.686002e-02,2.343476e-01,7.447708e-03,3.689791e-02,2.557196e-02,1.866895e-02,3.614070e-02,5.389466e-02
3.127009e-01,7.514800e-02,3.087222e-02,1.015141e-01,2.690225e-02,1.902975e-02,2.663438e-03,4.800824e-02,2.208513e-01,5.805584e-03,3.198912e-02,2.180206e-02,1.604672e-02,4.209099e-02,4.457546e-02
3.106802e-01,7.177487e-02,3.519506e-02,1.051801e-01,3.978779e-02,2.615358e-02,2.828332e-03,5.124598e-02,1.966249e-01,4.650578e-03,2.559896e-02,1.780737e-02,1.289186e-02,5.648395e-02,4.309662e-02
2.458084e-01,6.024642e-02,2.684351e-02,7.863003e-02,7.064658e-02,3.134799e-02,2.183338e-03,3.904017e-02,2.042889e-01,3.481801e-03,1.948355e-02,1.321134e-02,2.191088e-02,1.004941e-01,8.238307e-02
2.107127e-01,4.936595e-02,2.053459e-02,6.156120e-02,1.234393e-01,3.804544e-02,1.929693e-03,4.728328e-02,2.279530e-01,2.737023e-03,1.535448e-02,1.103090e-02,2.059969e-02,9.743043e-02,7.202238e-02
1.855794e-01,4.168405e-02,1.790754e-02,4.955526e-02,1.041979e-01,3.444381e-02,2.662057e-03,1.161104e-01,2.437619e-01,2.314016e-03,1.591378e-02,9.922165e-03,1.689307e-02,1.030328e-01,5.602174e-02
1.448383e-01,3.196571e-02,1.596378e-02,4.036744e-02,7.884506e-02,2.789038e-02,3.369696e-03,3.110767e-01,1.915531e-01,1.935604e-03,1.224078e-02,7.808027e-03,1.251817e-02,7.658597e-02,4.304121e-02
1.113865e-01,2.331203e-02,1.267913e-02,2.943391e-02,5.587979e-02,2.019366e-02,3.048325e-03,4.935321e-01,1.400746e-01,1.486195e-03,8.895834e-03,5.761791e-03,9.125892e-03,5.466525e-02,3.052496e-02
1.033779e-01,1.870417e-02,1.341633e-02,2.273481e-02,4.054803e-02,1.554276e-02,2.946659e-03,5.962232e-01,1.037449e-01,1.164621e-03,7.481071e-03,4.585631e-03,7.029697e-03,4.017392e-02,2.232615e-02
1.365642e-01,1.404230e-02,1.161170e-02,1.754439e-02,2.911454e-02,1.331404e-02,2.477054e-03,6.341248e-01,7.445545e-02,9.822450e-04,7.760605e-03,5.093961e-03,5.978837e-03,2.988551e-02,1.705040e-02
2.289887e-01,1.116806e-02,9.007511e-03,1.571880e-02,2.087158e-02,1.057822e-02,1.836114e-03,4.968713e-01,5.548945e-02,1.392063e-03,6.755060e-02,1.054820e-02,2.864678e-02,2.736812e-02,1.396446e-02
2.624069e-01,8.497857e-03,6.853278e-03,2.357688e-02,1.526402e-02,8.759832e-03,1.450438e-03,3.899164e-01,4.392135e-02,1.182595e-03,1.308775e-01,3.057836e-02,4.212190e-02,2.199367e-02,1.259893e-02
2.616881e-01,6.642370e-03,6.019752e-03,2.695110e-02,1.224584e-02,7.045147e-03,1.264470e-03,3.016142e-01,3.583787e-02,1.268855e-03,1.777972e-01,3.527654e-02,9.807943e-02,1.864457e-02,9.624516e-03
1.946264e-01,5.263986e-03,5.003045e-03,3.250703e-02,9.600892e-03,5.351952e-03,9.381201e-04,2.136341e-01,5.865176e-02,1.863116e-03,2.704536e-01,3.906241e-02,1.349894e-01,1.983458e-02,8.219581e-03
1.785820e-01,4.461572e-03,4.535398e-03,3.105203e-02,7.918138e-03,4.783248e-03,7.291657e-04,1.573773e-01,5.699013e-02,2.935175e-03,3.715826e-01,4.315929e-02,1.070565e-01,2.204506e-02,6.792334e-03
1.931349e-01,5.361260e-03,1.014650e-02,2.691069e-02,8.373125e-03,4.633773e-03,9.950452e-04,1.182806e-01,6.773635e-02,6.350045e-03,3.918303e-01,4.322312e-02,9.029727e-02,2.277946e-02,9.947632e-03
1.487550e-01,5.611160e-03,1.265706e-02,4.168082e-02,7.311201e-03,3.800895e-03,8.395444e-04,8.399227e-02,2.051033e-01,5.479640e-03,3.381995e-01,4.486517e-02,7.167657e-02,1.927194e-02,1.075592e-02
1.622681e-01,8.537171e-03,2.254273e-02,4.365882e-02,1.325546e-02,4.968305e-03,1.790716e-03,6.504236e-02,1.703669e-01,8.879949e-03,3.374831e-01,5.057961e-02,7.571864e-02,2.331991e-02,1.158821e-02
1.361047e-01,9.126708e-03,1.869347e-02,4.631609e-02,1.506576e-02,4.891764e-03,1.386346e-03,4.641663e-02,1.292507e-01,7.605732e-03,4.509841e-01,3.791002e-02,5.861096e-02,2.641295e-02,1.122406e-02
1.456282e-01,2.220477e-02,1.837908e-02,4.214365e-02,1.711099e-02,5.324400e-03,1.111458e-03,3.351022e-02,1.063622e-01,9.890946e-03,4.503185e-01,3.004351e-02,4.688084e-02,5.286628e-02,1.822491e-02
1.136556e-01,2.851295e-02,9.431685e-02,4.012553e-02,2.009546e-02,8.610976e-03,1.625241e-03,2.611160e-02,1.061451e-01,1.655204e-02,3.988943e-01,2.292460e-02,3.828702e-02,5.805288e-02,2.608991e-02
1.146340e-01,3.128735e-02,9.613059e-02,3.662529e-02,3.145189e-02,1.437349e-02,1.798221e-03,2.416996e-02,9.664872e-02,3.440130e-02,3.526231e-01,2.013854e-02,3.583736e-02,7.904403e-02,3.083612e-02
1.183216e-01,3.297114e-02,1.082118e-01,8.231808e-02,5.183626e-02,2.183879e-02,1.865451e-03,1.999206e-02,8.926259e-02,2.942487e-02,2.811288e-01,2.679438e-02,4.588854e-02,5.965905e-02,3.048669e-02
1.162217e-01,6.376876e-02,7.993069e-02,6.478803e-02,3.839174e-02,3.696837e-02,1.865676e-03,1.689424e-02,9.260958e-02,2.671023e-02,2.477403e-01,4.528355e-02,8.088984e-02,5.735268e-02,3.058470e-02
1.079125e-01,7.306306e-02,5.683201e-02,5.314055e-02,3.125032e-02,6.228600e-02,1.596652e-03,1.330554e-02,2.183218e-01,2.054054e-02,1.924389e-01,3.803370e-02,6.685004e-02,4.118091e-02,2.324752e-02
1.165963e-01,5.763756e-02,5.026320e-02,4.008549e-02,2.495230e-02,4.771951e-02,1.251471e-02,1.340297e-01,1.716830e-01,1.931573e-02,1.619308e-01,3.097843e-02,7.547024e-02,3.316025e-02,2.366268e-02
1.060865e-01,4.279551e-02,4.733451e-02,3.064882e-02,2.151506e-02,3.540929e-02,4.344111e-02,2.882797e-01,1.229068e-01,1.588208e-02,1.198798e-01,2.345853e-02,6.002932e-02,2.446330e-02,1.786958e-02
9.118630e-02,3.077410e-02,3.562463e-02,2.412051e-02,1.715291e-02,2.860067e-02,5.183508e-02,4.467500e-01,8.678827e-02,1.175717e-02,8.582041e-02,1.679054e-02,4.250809e-02,1.739048e-02,1.290077e-02
6.628678e-02,2.165339e-02,2.586067e-02,1.744692e-02,1.591881e-02,2.177642e-02,5.270712e-02,5.836043e-01,6.219930e-02,8.468981e-03,6.055364e-02,1.184067e-02,3.014821e-02,1.246040e-02,9.074365e-03
4.793460e-02,1.520522e-02,1.839579e-02,1.268849e-02,1.374900e-02,1.666624e-02,4.084270e-02,6.967251e-01,4.419297e-02,6.043324e-03,4.277394e-02,8.336402e-03,2.128065e-02,8.790204e-03,6.375395e-03
3.852794e-02,1.076719e-02,1.384823e-02,1.122636e-02,1.598664e-02,1.653654e-02,3.947119e-02,7.550645e-01,3.145991e-02,4.543645e-03,3.019780e-02,6.082561e-03,1.549870e-02,6.244092e-03,4.544663e-03
3.790260e-02,7.800973e-03,1.084452e-02,9.360710e-03,2.641840e-02,1.468609e-02,3.644232e-02,7.849542e-01,2.256807e-02,3.704999e-03,2.147433e-02,4.679525e-03,1.143567e-02,4.418062e-03,3.309518e-03
4.416765e-02,5.875111e-03,9.546438e-03,7.724451e-03,4.393642e-02,1.127145e-02,3.360546e-02,7.912153e-01,1.714565e-02,2.751848e-03,1.526593e-02,3.551077e-03,8.267255e-03,3.132307e-03,2.543662e-03
6.723849e-02,5.147248e-03,9.696121e-03,6.939306e-03,5.661171e-02,1.145706e-02,3.809919e-02,7.616404e-01,1.460062e-02,2.083787e-03,1.135688e-02,3.697610e-03,6.706732e-03,2.365530e-03,2.359366e-03
8.751635e-02,4.755550e-03,9.400513e-03,6.674160e-03,6.296172e-02,1.205955e-02,3.348646e-02,7.455420e-01,1.242471e-02,1.739830e-03,8.596485e-03,5.015808e-03,5.583900e-03,1.815512e-03,2.427408e-03
9.645469e-02,3.900726e-03,8.319383e-03,5.852974e-03,6.393021e-02,1.120353e-02,3.721363e-02,7.394301e-01,1.098556e-02,1.420973e-03,7.267776e-03,4.847723e-03,4.840792e-03,1.415355e-03,2.916597e-03
1.160527e-01,3.543189e-03,7.206257e-03,5.105306e-03,5.786324e-02,1.086424e-02,3.587119e-02,7.280244e-01,1.047422e-02,1.655810e-03,7.907931e-03,5.702619e-03,4.689763e-03,1.155864e-03,3.883235e-03
1.311143e-01,4.472597e-03,6.549756e-03,6.431991e-03,4.451353e-02,2.384643e-02,2.973583e-02,6.991090e-01,1.466791e-02,2.903830e-03,1.193843e-02,8.929601e-03,5.838193e-03,1.208445e-03,8.740101e-03
1.454709e-01,4.731423e-03,5.715414e-03,8.692281e-03,3.323929e-02,2.294423e-02,2.478447e-02,6.374416e-01,3.679831e-02,3.812099e-03,2.884512e-02,1.852188e-02,1.843494e-02,1.505890e-03,9.062132e-03
1.486739e-01,3.936522e-03,4.870948e-03,1.175654e-02,2.753926e-02,2.025376e-02,1.999835e-02,5.434625e-01,4.297928e-02,4.015656e-03,7.431945e-02,3.431056e-02,5.311761e-02,1.890604e-03,8.875094e-03
1.190946e-01,5.352363e-03,5.518490e-03,1.093106e-01,2.570737e-02,1.683223e-02,1.590770e-02,4.161972e-01,5.680630e-02,6.907533e-03,9.536982e-02,3.476120e-02,7.659000e-02,2.585560e-03,1.305907e-02
9.379805e-02,5.999898e-03,6.517250e-03,1.334283e-01,2.092288e-02,1.625593e-02,1.392582e-02,3.149991e-01,8.558831e-02,1.284862e-02,1.182412e-01,3.468234e-02,1.153852e-01,4.309556e-03,2.309755e-02
1.033662e-01,5.797955e-03,7.353794e-03,9.983642e-02,2.178880e-02,1.312467e-02,1.314395e-02,2.804184e-01,1.109913e-01,1.028244e-02,1.579157e-01,3.252434e-02,1.077626e-01,6.708011e-03,2.898546e-02
9.609181e-02,5.666502e-03,1.047231e-02,7.287840e-02,1.020109e-01,9.715300e-03,9.534351e-03,2.064797e-01,1.258292e-01,8.154136e-03,1.949210e-01,2.670313e-02,8.321043e-02,9.007860e-03,3.932494e-02
9.439383e-02,7.690882e-03,7.932836e-02,6.642388e-02,1.223668e-01,8.527735e-03,6.946103e-03,1.572144e-01,1.147191e-01,6.521103e-03,1.883906e-01,2.500659e-02,7.013299e-02,8.157128e-03,4.418060e-02
1.944823e-01,1.444511e-02,7.526298e-02,5.297596e-02,1.087724e-01,7.860739e-03,5.296327e-03,1.142420e-01,1.338287e-01,7.092419e-03,1.371843e-01,1.874369e-02,5.093717e-02,8.265114e-03,7.061094e-02
3.015668e-01,1.878675e-02,6.559454e-02,4.483443e-02,8.620746e-02,1.037455e-02,4.585046e-03,8.824727e-02,1.149989e-01,5.981376e-03,1.012447e-01,1.502810e-02,3.815866e-02,9.899882e-03,9.449150e-02
2.372563e-01,4.121472e-02,5.936507e-02,1.344807e-01,8.541159e-02,1.000844e-02,3.496459e-03,6.631089e-02,1.642171e-01,4.646598e-03,7.246549e-02,1.208324e-02,2.725641e-02,7.143885e-03,7.464313e-02
2.061663e-01,4.861434e-02,1.300270e-01,1.727031e-01,6.606725e-02,1.012474e-02,3.016056e-03,4.961335e-02,1.525329e-01,3.842934e-03,5.297793e-02,9.490266e-03,2.013733e-02,5.829985e-03,6.885643e-02
1.601678e-01,4.203627e-02,2.887610e-01,1.575048e-01,4.957389e-02,8.634969e-03,2.599116e-03,3.707502e-02,1.145477e-01,3.711032e-03,3.793525e-02,7.260130e-03,1.482739e-02,5.502428e-03,6.986324e-02
2.767975e-01,3.668639e-02,2.471997e-01,1.288357e-01,4.144901e-02,8.787194e-03,2.665325e-03,3.443182e-02,9.048964e-02,4.131390e-03,3.045842e-02,8.719202e-03,1.246067e-02,1.140991e-02,6.547804e-02
3.165262e-01,3.984385e-02,2.306719e-01,1.216272e-01,3.980223e-02,9.866093e-03,2.762794e-03,3.955745e-02,7.649412e-02,4.600818e-03,2.422859e-02,8.019364e-03,1.038747e-02,1.286171e-02,6.275025e-02
3.855737e-01,3.951857e-02,1.885760e-01,1.096084e-01,3.775396e-02,1.125642e-02,2.480549e-03,3.822396e-02,6.485571e-02,4.793192e-03,2.157316e-02,1.178673e-02,9.636936e-03,1.634892e-02,5.801379e-02
3.586841e-01,3.953854e-02,1.706008e-01,1.634445e-01,4.353384e-02,1.425535e-02,2.404384e-03,4.541526e-02,5.026248e-02,4.063505e-03,1.921276e-02,1.636802e-02,9.874301e-03,1.393978e-02,4.840240e-02
4.063435e-01,3.838854e-02,1.431886e-01,1.464240e-01,4.952612e-02,1.491527e-02,2.274925e-03,4.106608e-02,4.444925e-02,4.101961e-03,1.913183e-02,1.851518e-02,9.299808e-03,1.678357e-02,4.559139e-02
4.918523e-01,3.494362e-02,1.165619e-01,1.189657e-01,4.441864e-02,1.378385e-02,2.377213e-03,3.236645e-02,3.687387e-02,4.076145e-03,1.843051e-02,1.916744e-02,8.400991e-03,1.516204e-02,4.261937e-02
3.878222e-01,4.813705e-02,9.450331e-02,2.509820e-01,3.521552e-02,1.137980e-02,2.098960e-03,2.608471e-02,3.308744e-02,3.423856e-03,1.646924e-02,2.811362e-02,9.489331e-03,1.170755e-02,4.148537e-02
2.788069e-01,3.547274e-02,6.792964e-02,1.989618e-01,2.477834e-02,8.120187e-03,1.494269e-03,1.850073e-02,5.860589e-02,2.385944e-02,1.980679e-02,2.057412e-02,8.547013e-03,1.122313e-02,2.233191e-01
2.136229e-01,2.639749e-02,7.043448e-02,1.564490e-01,1.775678e-02,6.065869e-03,1.171459e-03,1.462482e-02,9.066370e-02,2.597213e-02,1.827210e-02,1.575878e-02,8.106859e-03,1.040007e-02,3.243035e-01
1.808710e-01,1.989740e-02,5.589137e-02,1.115337e-01,1.281538e-02,4.715788e-03,9.534466e-04,1.100905e-02,9.124661e-02,2.357903e-02,1.485832e-02,1.166650e-02,7.104168e-03,3.783971e-02,4.160186e-01
1.928851e-01,1.683546e-02,4.555847e-02,8.421046e-02,9.438328e-03,3.967513e-03,8.020141e-04,8.263599e-03,1.662427e-01,2.318406e-02,1.265833e-02,9.330336e-03,7.833648e-03,3.513382e-02,3.836561e-01
1.906867e-01,1.336011e-02,3.698372e-02,6.003077e-02,6.779149e-03,3.361376e-03,6.080947e-04,6.034190e-03,2.934483e-01,2.064504e-02,1.098991e-02,7.212774e-03,8.731197e-03,2.893906e-02,3.121896e-01
1.503198e-01,9.570834e-03,2.602090e-02,4.242798e-02,4.810808e-03,3.040899e-03,4.827839e-04,4.376085e-03,4.293816e-01,2.193411e-02,1.006291e-02,8.806704e-03,1.086460e-02,2.195275e-02,2.559472e-01
1.083006e-01,6.917930e-03,1.880707e-02,2.978336e-02,3.450774e-03,2.551553e-03,4.151668e-04,3.280629e-03,5.196733e-01,3.286910e-02,1.130288e-02,1.577996e-02,3.234042e-02,2.269119e-02,1.918360e-01
7.721704e-02,4.941105e-03,1.333343e-02,2.091384e-02,2.508734e-03,1.901584e-03,3.120217e-04,2.341445e-03,5.834033e-01,4.654042e-02,1.684716e-02,1.946582e-02,3.566381e-02,2.390632e-02,1.507039e-01
5.431784e-02,3.513484e-03,9.388665e-03,1.472774e-02,2.008852e-03,1.517711e-03,3.157327e-04,1.706394e-03,4.981262e-01,4.437246e-02,4.034996e-02,3.381658e-02,6.888958e-02,3.325335e-02,1.936954e-01
3.825184e-02,2.548977e-03,6.653943e-03,1.050019e-02,1.716113e-03,1.293221e-03,4.096650e-04,1.366230e-03,3.746581e-01,3.940884e-02,8.474275e-02,7.694504e-02,1.415493e-01,2.916028e-02,1.907954e-01
2.716139e-02,2.021392e-03,6.767335e-03,1.334152e-02,5.275761e-02,1.770168e-03,1.849032e-03,1.117891e-02,2.650797e-01,2.898463e-02,8.104736e-02,5.933538e-02,1.323789e-01,2.092744e-02,2.953992e-01
1.994499e-02,3.538576e-03,1.059947e-02,1.730613e-02,6.472202e-02,1.434535e-02,2.187065e-03,1.106655e-02,1.988290e-01,2.377780e-02,7.553612e-02,6.275833e-02,1.287994e-01,1.584254e-02,3.507466e-01
1.569298e-02,4.003515e-03,2.093307e-02,1.375270e-02,1.670617e-01,1.225546e-02,2.194612e-03,1.073079e-02,1.482486e-01,1.897139e-02,6.172576e-02,4.775580e-02,1.161568e-01,1.151216e-02,3.490047e-01
1.608462e-02,5.049567e-03,4.298176e-02,1.518519e-02,1.419398e-01,1.064683e-02,1.894559e-03,7.554509e-02,1.595709e-01,2.145926e-02,6.846152e-02,3.920098e-02,1.065069e-01,1.030631e-02,2.851667e-01
1.456684e-02,5.753001e-03,1.220036e-01,5.022346e-02,1.213278e-01,1.017604e-02,1.611514e-03,1.088364e-01,1.407394e-01,2.508211e-02,6.219323e-02,3.046553e-02,9.572813e-02,8.611269e-03,2.026817e-01
2.190796e-02,7.297141e-03,1.466387e-01,5.569924e-02,1.180734e-01,8.310364e-03,1.358286e-03,1.851882e-01,1.254614e-01,2.605581e-02,5.522154e-02,2.302817e-02,7.478531e-02,7.796858e-03,1.431775e-01
2.187610e-02,1.493654e-02,1.483037e-01,5.346601e-02,9.371915e-02,6.058588e-03,9.962426e-04,2.911907e-01,1.273851e-01,1.953643e-02,4.152922e-02,1.704813e-02,5.617340e-02,6.841583e-03,1.009391e-01
2.826305e-02,2.692271e-02,1.531125e-01,4.715890e-02,7.847775e-02,4.993102e-03,8.024568e-04,3.398696e-01,1.425302e-01,1.466368e-02,3.158408e-02,1.294790e-02,4.152261e-02,5.437627e-03,7.171382e-02
2.231465e-02,1.966449e-02,1.149965e-01,5.398130e-02,6.879570e-02,3.600550e-03,8.107087e-04,4.669927e-01,1.230775e-01,1.032685e-02,2.258705e-02,9.171332e-03,2.947053e-02,3.913130e-03,5.029693e-02
1.980072e-02,1.403494e-02,8.365901e-02,4.957948e-02,5.857678e-02,2.600206e-03,6.757343e-04,5.845453e-01,9.755638e-02,7.262965e-03,1.616079e-02,6.488103e-03,2.091519e-02,2.770307e-03,3.537415e-02
