1.000000e+00,0.000000e+00,0.000000e+00,0.000000e+00,0.000000e+00,0.000000e+00,0.000000e+00,0.000000e+00,0.000000e+00,0.000000e+00,0.000000e+00,0.000000e+00,0.000000e+00,0.000000e+00,0.000000e+00
1.000000e+00,0.000000e+00,0.000000e+00,0.000000e+00,0.000000e+00,0.000000e+00,0.000000e+00,0.000000e+00,0.000000e+00,0.000000e+00,0.000000e+00,0.000000e+00,0.000000e+00,0.000000e+00,0.000000e+00
1.000000e+00,0.000000e+00,0.000000e+00,0.000000e+00,0.000000e+00,0.000000e+00,0.000000e+00,0.000000e+00,0.000000e+00,0.000000e+00,0.000000e+00,0.000000e+00,0.000000e+00,0.000000e+00,0.000000e+00
1.000000e+00,0.000000e+00,0.000000e+00,0.000000e+00,0.000000e+00,0.000000e+00,0.000000e+00,0.000000e+00,0.000000e+00,0.000000e+00,0.000000e+00,0.000000e+00,0.000000e+00,0.000000e+00,0.000000e+00
1.000000e+00,0.000000e+00,0.000000e+00,0.000000e+00,0.000000e+00,0.000000e+00,0.000000e+00,0.000000e+00,0.000000e+00,0.000000e+00,0.000000e+00,0.000000e+00,0.000000e+00,0.000000e+00,0.000000e+00
1.000000e+00,0.000000e+00,0.000000e+00,0.000000e+00,0.000000e+00,0.000000e+00,0.000000e+00,0.000000e+00,0.000000e+00,0.000000e+00,0.000000e+00,0.000000e+00,0.000000e+00,0.000000e+00,0.000000e+00
1.000000e+00,0.000000e+00,0.000000e+00,0.000000e+00,0.000000e+00,0.000000e+00,0.000000e+00,0.000000e+00,0.000000e+00,0.000000e+00,0.000000e+00,0.000000e+00,0.000000e+00,0.000000e+00,0.000000e+00
1.000000e+00,0.000000e+00,0.000000e+00,0.000000e+00,0.000000e+00,0.000000e+00,0.000000e+00,0.000000e+00,0.000000e+00,0.000000e+00,0.000000e+00,0.000000e+00,0.000000e+00,0.000000e+00,0.000000e+00
1.000000e+00,0.000000e+00,0.000000e+00,0.000000e+00,0.000000e+00,0.000000e+00,0.000000e+00,0.000000e+00,0.000000e+00,0.000000e+00,0.000000e+00,0.000000e+00,0.000000e+00,0.000000e+00,0.000000e+00
1.000000e+00,0.000000e+00,0.000000e+00,0.000000e+00,0.000000e+00,0.000000e+00,0.000000e+00,0.000000e+00,0.000000e+00,0.000000e+00,0.000000e+00,0.000000e+00,0.000000e+00,0.000000e+00,0.000000e+00
1.000000e+00,0.000000e+00,0.000000e+00,0.000000e+00,0.000000e+00,0.000000e+00,0.000000e+00,0.000000e+00,0.000000e+00,0.000000e+00,0.000000e+00,0.000000e+00,0.000000e+00,0.000000e+00,0.000000e+00
1.000000e+00,0.000000e+00,0.000000e+00,0.000000e+00,0.000000e+00,0.000000e+00,0.000000e+00,0.000000e+00,0.000000e+00,0.000000e+00,0.000000e+00,0.000000e+00,0.000000e+00,0.000000e+00,0.000000e+00
1.000000e+00,0.000000e+00,0.000000e+00,0.000000e+00,0.000000e+00,0.000000e+00,0.000000e+00,0.000000e+00,0.000000e+00,0.000000e+00,0.000000e+00,0.000000e+00,0.000000e+00,0.000000e+00,0.000000e+00
1.000000e+00,0.000000e+00,0.000000e+00,0.000000e+00,0.000000e+00,0.000000e+00,0.000000e+00,0.000000e+00,0.000000e+00,0.000000e+00,0.000000e+00,0.000000e+00,0.000000e+00,0.000000e+00,0.000000e+00
1.000000e+00,0.000000e+00,0.000000e+00,0.000000e+00,0.000000e+00,0.000000e+00,0.000000e+00,0.000000e+00,0.000000e+00,0.000000e+00,0.000000e+00,0.000000e+00,0.000000e+00,0.000000e+00,0.000000e+00
1.000000e+00,0.000000e+00,0.000000e+00,0.000000e+00,0.000000e+00,0.000000e+00,0.000000e+00,0.000000e+00,0.000000e+00,0.000000e+00,0.000000e+00,0.000000e+00,0.000000e+00,0.000000e+00,0.000000e+00
1.000000e+00,0.000000e+00,0.000000e+00,0.000000e+00,0.000000e+00,0.000000e+00,0.000000e+00,0.000000e+00,0.000000e+00,0.000000e+00,0.000000e+00,0.000000e+00,0.000000e+00,0.000000e+00,0.000000e+00
1.000000e+00,0.000000e+00,0.000000e+00,0.000000e+00,0.000000e+00,0.000000e+00,0.000000e+00,0.000000e+00,0.000000e+00,0.000000e+00,0.000000e+00,0.000000e+00,0.000000e+00,0.000000e+00,0.000000e+00
1.000000e+00,0.000000e+00,0.000000e+00,0.000000e+00,0.000000e+00,0.000000e+00,0.000000e+00,0.000000e+00,0.000000e+00,0.000000e+00,0.000000e+00,0.000000e+00,0.000000e+00,0.000000e+00,0.000000e+00
1.000000e+00,0.000000e+00,0.000000e+00,0.000000e+00,0.000000e+00,0.000000e+00,0.000000e+00,0.000000e+00,0.000000e+00,0.000000e+00,0.000000e+00,0.000000e+00,0.000000e+00,0.000000e+00,0.000000e+00
1.000000e+00,0.000000e+00,0.000000e+00,0.000000e+00,0.000000e+00,0.000000e+00,0.000000e+00,0.000000e+00,0.000000e+00,0.000000e+00,0.000000e+00,0.000000e+00,0.000000e+00,0.000000e+00,0.000000e+00
1.000000e+00,0.000000e+00,0.000000e+00,0.000000e+00,0.000000e+00,0.000000e+00,0.000000e+00,0.000000e+00,0.000000e+00,0.000000e+00,0.000000e+00,0.000000e+00,0.000000e+00,0.000000e+00,0.000000e+00
1.000000e+00,0.000000e+00,0.000000e+00,0.000000e+00,0.000000e+00,0.000000e+00,0.000000e+00,0.000000e+00,0.000000e+00,0.000000e+00,0.000000e+00,0.000000e+00,0.000000e+00,0.000000e+00,0.000000e+00
1.000000e+00,0.000000e+00,0.000000e+00,0.000000e+00,0.000000e+00,0.000000e+00,0.000000e+00,0.000000e+00,0.000000e+00,0.000000e+00,0.000000e+00,0.000000e+00,0.000000e+00,0.000000e+00,0.000000e+00
1.000000e+00,0.000000e+00,0.000000e+00,0.000000e+00,0.000000e+00,0.000000e+00,0.000000e+00,0.000000e+00,0.000000e+00,0.000000e+00,0.000000e+00,0.000000e+00,0.000000e+00,0.000000e+00,0.000000e+00
1.000000e+00,0.000000e+00,0.000000e+00,0.000000e+00,0.000000e+00,0.000000e+00,0.000000e+00,0.000000e+00,0.000000e+00,0.000000e+00,0.000000e+00,0.000000e+00,0.000000e+00,0.000000e+00,0.000000e+00
1.000000e+00,0.000000e+00,0.000000e+00,0.000000e+00,0.000000e+00,0.000000e+00,0.000000e+00,0.000000e+00,0.000000e+00,0.000000e+00,0.000000e+00,0.000000e+00,0.000000e+00,0.000000e+00,0.000000e+00
1.000000e+00,0.000000e+00,0.000000e+00,0.000000e+00,0.000000e+00,0.000000e+00,0.000000e+00,0.000000e+00,0.000000e+00,0.000000e+00,0.000000e+00,0.000000e+00,0.000000e+00,0.000000e+00,0.000000e+00
1.000000e+00,0.000000e+00,0.000000e+00,0.000000e+00,0.000000e+00,0.000000e+00,0.000000e+00,0.000000e+00,0.000000e+00,0.000000e+00,0.000000e+00,0.000000e+00,0.000000e+00,0.000000e+00,0.000000e+00
1.000000e+00,0.000000e+00,0.000000e+00,0.000000e+00,0.000000e+00,0.000000e+00,0.000000e+00,0.000000e+00,0.000000e+00,0.000000e+00,0.000000e+00,0.000000e+00,0.000000e+00,0.000000e+00,0.000000e+00
1.000000e+00,0.000000e+00,0.000000e+00,0.000000e+00,0.000000e+00,0.000000e+00,0.000000e+00,0.000000e+00,0.000000e+00,0.000000e+00,0.000000e+00,0.000000e+00,0.000000e+00,0.000000e+00,0.000000e+00
1.000000e+00,0.000000e+00,0.000000e+00,0.000000e+00,0.000000e+00,0.000000e+00,0.000000e+00,0.000000e+00,0.000000e+00,0.000000e+00,0.000000e+00,0.000000e+00,0.000000e+00,0.000000e+00,0.000000e+00
1.000000e+00,0.000000e+00,0.000000e+00,0.000000e+00,0.000000e+00,0.000000e+00,0.000000e+00,0.000000e+00,0.000000e+00,0.000000e+00,0.000000e+00,0.000000e+00,0.000000e+00,0.000000e+00,0.000000e+00
1.000000e+00,0.000000e+00,0.000000e+00,0.000000e+00,0.000000e+00,0.000000e+00,0.000000e+00,0.000000e+00,0.000000e+00,0.000000e+00,0.000000e+00,0.000000e+00,0.000000e+00,0.000000e+00,0.000000e+00
1.000000e+00,0.000000e+00,0.000000e+00,0.000000e+00,0.000000e+00,0.000000e+00,0.000000e+00,0.000000e+00,0.000000e+00,0.000000e+00,0.000000e+00,0.000000e+00,0.000000e+00,0.000000e+00,0.000000e+00
1.000000e+00,0.000000e+00,0.000000e+00,0.000000e+00,0.000000e+00,0.000000e+00,0.000000e+00,0.000000e+00,0.000000e+00,0.000000e+00,0.000000e+00,0.000000e+00,0.000000e+00,0.000000e+00,0.000000e+00
1.000000e+00,0.000000e+00,0.000000e+00,0.000000e+00,0.000000e+00,0.000000e+00,0.000000e+00,0.000000e+00,0.000000e+00,0.000000e+00,0.000000e+00,0.000000e+00,0.000000e+00,0.000000e+00,0.000000e+00
1.000000e+00,0.000000e+00,0.000000e+00,0.000000e+00,0.000000e+00,0.000000e+00,0.000000e+00,0.000000e+00,0.000000e+00,0.000000e+00,0.000000e+00,0.000000e+00,0.000000e+00,0.000000e+00,0.000000e+00
1.000000e+00,0.000000e+00,0.000000e+00,0.000000e+00,0.000000e+00,0.000000e+00,0.000000e+00,0.000000e+00,0.000000e+00,0.000000e+00,0.000000e+00,0.000000e+00,0.000000e+00,0.000000e+00,0.000000e+00
1.000000e+00,0.000000e+00,0.000000e+00,0.000000e+00,0.000000e+00,0.000000e+00,0.000000e+00,0.000000e+00,0.000000e+00,0.000000e+00,0.000000e+00,0.000000e+00,0.000000e+00,0.000000e+00,0.000000e+00
1.000000e+00,0.000000e+00,0.000000e+00,0.000000e+00,0.000000e+00,0.000000e+00,0.000000e+00,0.000000e+00,0.000000e+00,0.000000e+00,0.000000e+00,0.000000e+00,0.000000e+00,0.000000e+00,0.000000e+00
1.000000e+00,0.000000e+00,0.000000e+00,0.000000e+00,0.000000e+00,0.000000e+00,0.000000e+00,0.000000e+00,0.000000e+00,0.000000e+00,0.000000e+00,0.000000e+00,0.000000e+00,0.000000e+00,0.000000e+00
1.000000e+00,0.000000e+00,0.000000e+00,0.000000e+00,0.000000e+00,0.000000e+00,0.000000e+00,0.000000e+00,0.000000e+00,0.000000e+00,0.000000e+00,0.000000e+00,0.000000e+00,0.000000e+00,0.000000e+00
1.000000e+00,0.000000e+00,0.000000e+00,0.000000e+00,0.000000e+00,0.000000e+00,0.000000e+00,0.000000e+00,0.000000e+00,0.000000e+00,0.000000e+00,0.000000e+00,0.000000e+00,0.000000e+00,0.000000e+00
1.000000e+00,0.000000e+00,0.000000e+00,0.000000e+00,0.000000e+00,0.000000e+00,0.000000e+00,0.000000e+00,0.000000e+00,0.000000e+00,0.000000e+00,0.000000e+00,0.000000e+00,0.000000e+00,0.000000e+00
1.000000e+00,0.000000e+00,0.000000e+00,0.000000e+00,0.000000e+00,0.000000e+00,0.000000e+00,0.000000e+00,0.000000e+00,0.000000e+00,0.000000e+00,0.000000e+00,0.000000e+00,0.000000e+00,0.000000e+00
1.000000e+00,0.000000e+00,0.000000e+00,0.000000e+00,0.000000e+00,0.000000e+00,0.000000e+00,0.000000e+00,0.000000e+00,0.000000e+00,0.000000e+00,0.000000e+00,0.000000e+00,0.000000e+00,0.000000e+00
1.000000e+00,0.000000e+00,0.000000e+00,0.000000e+00,0.000000e+00,0.000000e+00,0.000000e+00,0.000000e+00,0.000000e+00,0.000000e+00,0.000000e+00,0.000000e+00,0.000000e+00,0.000000e+00,0.000000e+00
1.000000e+00,0.000000e+00,0.000000e+00,0.000000e+00,0.000000e+00,0.000000e+00,0.000000e+00,0.000000e+00,0.000000e+00,0.000000e+00,0.000000e+00,0.000000e+00,0.000000e+00,0.000000e+00,0.000000e+00
1.000000e+00,0.000000e+00,0.000000e+00,0.000000e+00,0.000000e+00,0.000000e+00,0.000000e+00,0.000000e+00,0.000000e+00,0.000000e+00,0.000000e+00,0.000000e+00,0.000000e+00,0.000000e+00,0.000000e+00
1.000000e+00,0.000000e+00,0.000000e+00,0.000000e+00,0.000000e+00,0.000000e+00,0.000000e+00,0.000000e+00,0.000000e+00,0.000000e+00,0.000000e+00,0.000000e+00,0.000000e+00,0.000000e+00,0.000000e+00
1.000000e+00,0.000000e+00,0.000000e+00,0.000000e+00,0.000000e+00,0.000000e+00,0.000000e+00,0.000000e+00,0.000000e+00,0.000000e+00,0.000000e+00,0.000000e+00,0.000000e+00,0.000000e+00,0.000000e+00
1.000000e+00,0.000000e+00,0.000000e+00,0.000000e+00,0.000000e+00,0.000000e+00,0.000000e+00,0.000000e+00,0.000000e+00,0.000000e+00,0.000000e+00,0.000000e+00,0.000000e+00,0.000000e+00,0.000000e+00
1.000000e+00,0.000000e+00,0.000000e+00,0.000000e+00,0.000000e+00,0.000000e+00,0.000000e+00,0.000000e+00,0.000000e+00,0.000000e+00,0.000000e+00,0.000000e+00,0.000000e+00,0.000000e+00,0.000000e+00
1.000000e+00,0.000000e+00,0.000000e+00,0.000000e+00,0.000000e+00,0.000000e+00,0.000000e+00,0.000000e+00,0.000000e+00,0.000000e+00,0.000000e+00,0.000000e+00,0.000000e+00,0.000000e+00,0.000000e+00
1.000000e+00,0.000000e+00,0.000000e+00,0.000000e+00,0.000000e+00,0.000000e+00,0.000000e+00,0.000000e+00,0.000000e+00,0.000000e+00,0.000000e+00,0.000000e+00,0.000000e+00,0.000000e+00,0.000000e+00
1.000000e+00,0.000000e+00,0.000000e+00,0.000000e+00,0.000000e+00,0.000000e+00,0.000000e+00,0.000000e+00,0.000000e+00,0.000000e+00,0.000000e+00,0.000000e+00,0.000000e+00,0.000000e+00,0.000000e+00
1.000000e+00,0.000000e+00,0.000000e+00,0.000000e+00,0.000000e+00,0.000000e+00,0.000000e+00,0.000000e+00,0.000000e+00,0.000000e+00,0.000000e+00,0.000000e+00,0.000000e+00,0.000000e+00,0.000000e+00
1.000000e+00,0.000000e+00,0.000000e+00,0.000000e+00,0.000000e+00,0.000000e+00,0.000000e+00,0.000000e+00,0.000000e+00,0.000000e+00,0.000000e+00,0.000000e+00,0.000000e+00,0.000000e+00,0.000000e+00
1.000000e+00,0.000000e+00,0.000000e+00,0.000000e+00,0.000000e+00,0.000000e+00,0.000000e+00,0.000000e+00,0.000000e+00,0.000000e+00,0.000000e+00,0.000000e+00,0.000000e+00,0.000000e+00,0.000000e+00
4.290767e-01,2.217843e-02,1.631311e-02,2.789881e-02,3.847600e-03,1.410990e-01,2.743941e-03,4.305887e-03,2.769479e-03,2.701713e-03,2.645787e-01,6.010343e-02,6.565002e-03,4.220764e-03,1.159732e-02
3.018893e-01,1.573274e-02,1.162111e-02,1.990712e-02,2.719040e-03,1.082283e-01,1.934056e-03,3.039635e-03,2.215087e-03,2.032463e-03,4.181952e-01,9.530375e-02,4.678289e-03,3.359776e-03,9.144081e-03
2.115324e-01,1.119472e-02,8.196723e-03,1.403321e-02,1.965085e-03,8.031032e-02,1.431871e-03,2.159593e-03,1.687257e-03,1.541937e-03,5.547555e-01,9.802085e-02,3.339343e-03,2.446948e-03,7.384210e-03
1.492915e-01,1.050476e-02,6.343601e-03,1.024934e-02,2.346161e-03,7.556155e-02,2.420660e-03,1.821776e-03,5.266786e-03,1.778507e-03,5.613575e-01,1.522398e-01,2.509424e-03,2.201554e-03,1.610699e-02
1.063056e-01,1.180288e-02,6.498615e-03,8.785689e-03,4.658116e-03,7.993491e-02,2.834119e-03,2.028489e-03,8.526849e-03,2.642754e-03,4.629211e-01,2.634656e-01,1.878304e-03,2.750382e-03,3.496663e-02
7.584845e-02,1.014679e-02,5.681338e-03,7.724523e-03,8.329138e-03,8.365212e-02,2.882248e-03,2.130060e-03,9.246944e-03,3.274614e-03,3.687962e-01,3.749219e-01,1.438117e-03,4.227841e-03,4.169969e-02
5.406548e-02,2.523487e-02,2.843312e-02,6.915908e-03,1.639151e-02,7.076214e-02,4.468692e-03,3.495160e-03,5.588404e-02,3.132467e-03,2.783076e-01,4.083751e-01,1.160581e-03,3.646413e-03,3.972688e-02
4.112728e-02,2.360816e-02,2.628126e-02,6.890395e-03,2.477305e-02,6.216848e-02,9.074909e-03,1.057580e-02,5.402180e-02,5.271775e-03,2.404776e-01,4.481452e-01,1.177928e-03,4.627444e-03,4.177891e-02
3.443602e-02,2.129324e-02,2.658239e-02,6.737328e-03,2.314248e-02,4.836983e-02,1.207038e-02,2.118985e-02,5.240554e-02,6.078207e-03,1.819358e-01,5.266660e-01,1.116854e-03,4.597722e-03,3.337836e-02
2.961429e-02,2.001332e-02,2.230209e-02,5.540293e-03,3.220287e-02,3.766796e-02,1.262285e-02,3.631991e-02,1.202849e-01,5.159046e-03,1.397608e-01,5.088547e-01,1.025739e-03,4.443078e-03,2.418809e-02
2.219909e-02,1.702974e-02,1.698347e-02,4.246771e-03,3.671813e-02,3.034418e-02,1.074297e-02,3.818788e-02,2.617706e-01,4.192955e-03,1.049202e-01,4.295374e-01,1.035220e-03,4.669429e-03,1.742201e-02
1.702433e-02,1.668175e-02,1.493078e-02,1.035294e-02,4.586662e-02,2.897795e-02,8.298594e-03,2.850961e-02,4.007640e-01,5.735135e-03,7.946954e-02,3.239459e-01,1.775933e-03,4.255557e-03,1.341132e-02
1.320688e-02,1.465933e-02,1.080965e-02,8.300874e-03,4.396897e-02,2.152717e-02,5.965422e-03,2.035299e-02,5.426427e-01,4.985902e-03,6.202541e-02,2.331884e-01,3.386545e-03,4.535018e-03,1.044468e-02
1.092653e-02,1.216085e-02,7.982860e-03,1.800668e-02,7.187258e-02,1.961942e-02,4.380845e-03,1.492820e-02,6.058741e-01,4.662822e-03,4.660994e-02,1.652486e-01,5.578003e-03,3.857282e-03,8.291275e-03
1.140697e-02,1.551175e-02,6.887475e-03,2.757357e-02,5.798462e-02,1.637544e-02,3.412348e-03,1.075612e-02,6.304473e-01,8.898452e-03,4.228384e-02,1.312591e-01,1.641570e-02,3.802627e-03,1.698469e-02
1.800703e-02,1.507128e-02,5.488942e-03,4.043471e-02,4.888847e-02,1.334113e-02,3.417540e-03,8.598768e-03,6.488743e-01,9.354553e-03,3.860326e-02,1.070512e-01,1.885539e-02,3.880022e-03,2.013341e-02
4.461946e-02,1.628871e-02,4.985312e-03,3.972682e-02,4.530223e-02,1.193753e-02,3.574049e-03,8.117634e-03,6.391113e-01,1.599556e-02,3.618744e-02,8.249314e-02,1.822322e-02,5.177705e-03,2.825996e-02
8.437203e-02,1.909520e-02,5.574508e-03,5.468443e-02,6.088656e-02,1.109291e-02,4.421460e-03,1.313892e-02,5.833442e-01,1.503825e-02,3.104834e-02,6.558038e-02,1.700033e-02,5.248508e-03,2.947398e-02
7.702490e-02,2.147650e-02,5.500953e-03,4.017735e-02,6.822700e-02,1.090508e-02,3.987256e-03,1.745768e-02,6.259216e-01,1.167831e-02,2.583024e-02,4.790742e-02,1.281526e-02,5.354912e-03,2.573553e-02
7.576776e-02,2.367919e-02,6.548573e-03,3.681051e-02,9.063137e-02,9.971144e-03,3.837647e-03,1.043242e-01,5.529230e-01,8.612909e-03,1.903754e-02,3.449088e-02,9.306711e-03,4.735221e-03,1.932335e-02
6.545103e-02,2.031804e-02,6.216408e-03,2.669587e-02,7.998551e-02,8.748646e-03,6.759630e-03,1.965526e-01,5.197151e-01,6.424255e-03,1.358114e-02,2.424708e-02,7.130675e-03,3.985177e-03,1.418891e-02
6.824294e-02,3.016149e-02,1.250501e-02,2.141979e-02,7.147563e-02,1.170489e-02,6.734389e-03,2.171665e-01,5.059561e-01,5.715079e-03,1.005776e-02,1.731872e-02,5.931712e-03,3.602269e-03,1.200780e-02
5.241656e-02,2.980850e-02,1.946231e-02,1.751190e-02,6.043734e-02,1.017886e-02,9.476488e-03,2.777777e-01,3.895476e-01,3.369284e-02,3.333223e-02,1.918539e-02,1.749732e-02,8.359433e-03,2.131565e-02
8.423536e-02,3.534269e-02,1.661747e-02,1.817052e-02,4.904943e-02,1.032860e-02,8.155181e-03,2.455083e-01,3.090413e-01,2.862772e-02,6.567942e-02,3.467192e-02,3.498084e-02,1.245720e-02,4.713411e-02
1.337366e-01,3.204302e-02,1.587235e-02,2.700145e-02,3.951032e-02,1.531026e-02,6.517748e-03,1.845741e-01,2.651246e-01,3.715175e-02,7.778233e-02,6.251553e-02,3.658262e-02,1.435590e-02,5.192146e-02
1.224127e-01,2.369653e-02,1.175356e-02,2.245211e-02,2.878591e-02,1.268178e-02,4.875413e-03,1.398236e-01,2.122544e-01,2.810923e-02,1.446488e-01,1.064276e-01,7.083751e-02,3.094302e-02,4.029778e-02
1.625630e-01,2.033804e-02,1.106029e-02,2.258987e-02,2.154221e-02,1.370017e-02,3.995137e-03,1.219611e-01,1.733436e-01,2.662025e-02,1.668720e-01,1.112094e-01,6.509846e-02,4.528194e-02,3.382447e-02
2.227437e-01,2.225205e-02,1.138679e-02,1.839926e-02,1.733360e-02,1.686233e-02,3.183024e-03,1.003412e-01,1.449684e-01,3.119449e-02,1.590839e-01,1.091149e-01,5.755247e-02,5.611606e-02,2.946784e-02
2.669514e-01,2.156802e-02,1.070001e-02,1.573298e-02,1.394782e-02,1.828860e-02,2.756481e-03,7.463665e-02,1.261058e-01,2.498874e-02,1.625506e-01,1.119301e-01,4.537768e-02,8.065484e-02,2.381026e-02
2.981766e-01,2.111849e-02,1.006338e-02,1.448575e-02,1.435912e-02,1.694071e-02,2.344818e-03,5.851276e-02,1.190345e-01,2.088935e-02,1.552354e-01,1.113778e-01,3.702437e-02,9.976630e-02,2.067072e-02
2.667960e-01,1.859786e-02,1.024165e-02,1.648169e-02,1.614238e-02,1.822895e-02,2.282957e-03,4.546450e-02,1.081479e-01,1.977151e-02,2.187898e-01,9.770398e-02,2.911471e-02,1.147685e-01,1.746763e-02
2.947102e-01,1.868051e-02,1.508009e-02,1.538771e-02,1.446883e-02,1.675922e-02,2.156066e-03,3.785956e-02,8.739129e-02,1.894237e-02,2.170431e-01,8.971246e-02,2.476940e-02,1.308477e-01,1.619157e-02
2.829758e-01,1.867369e-02,2.557759e-02,2.766525e-02,2.328235e-02,2.271200e-02,2.973913e-03,3.230979e-02,7.369655e-02,1.720437e-02,2.375885e-01,7.896547e-02,2.470450e-02,1.155527e-01,1.611757e-02
2.209715e-01,1.903457e-02,2.393796e-02,2.474854e-02,2.594685e-02,1.849050e-02,2.745777e-03,2.401611e-02,8.141777e-02,1.567588e-02,2.521299e-01,7.522351e-02,2.280841e-02,1.794649e-01,1.338787e-02
1.927736e-01,1.714743e-02,2.357391e-02,2.277967e-02,2.625528e-02,1.860602e-02,2.502826e-03,2.085171e-02,7.335024e-02,1.310081e-02,3.288038e-01,7.294092e-02,2.141577e-02,1.549059e-01,1.099215e-02
1.630281e-01,1.936848e-02,2.448312e-02,2.018263e-02,2.163631e-02,1.664312e-02,1.932933e-03,1.910811e-02,1.017067e-01,1.198141e-02,3.332073e-01,7.105494e-02,1.894939e-02,1.665758e-01,1.014163e-02
2.113178e-01,2.279622e-02,2.759039e-02,2.505982e-02,2.276043e-02,2.043937e-02,1.907977e-03,1.919424e-02,1.118692e-01,1.230329e-02,2.818199e-01,6.356707e-02,1.785533e-02,1.446091e-01,1.690982e-02
1.976335e-01,6.498316e-02,2.281370e-02,2.216357e-02,2.588601e-02,2.314165e-02,1.622954e-03,1.630209e-02,2.068483e-01,1.269493e-02,2.092168e-01,4.653496e-02,1.340952e-02,1.191240e-01,1.762493e-02
1.671749e-01,5.880815e-02,3.335051e-02,9.991883e-02,4.070354e-02,1.842182e-02,1.750574e-03,2.939572e-02,2.350469e-01,1.046013e-02,1.581859e-01,3.410540e-02,1.092818e-02,8.618184e-02,1.556770e-02
1.608549e-01,6.901235e-02,4.136328e-02,8.094621e-02,3.494808e-02,2.100554e-02,1.656671e-03,1.049867e-01,2.384583e-01,8.914473e-03,1.183833e-01,2.597371e-02,9.337893e-03,6.955804e-02,1.460061e-02
1.443106e-01,6.607397e-02,6.938462e-02,6.874866e-02,3.637274e-02,2.687033e-02,1.628314e-03,9.834489e-02,3.051323e-01,6.752836e-03,8.562712e-02,1.987725e-02,7.231562e-03,5.214626e-02,1.149860e-02
1.437046e-01,8.908214e-02,9.464715e-02,5.898523e-02,3.540913e-02,3.164339e-02,1.387756e-03,9.050643e-02,3.116055e-01,5.186697e-03,6.321114e-02,1.464050e-02,5.488728e-03,4.495700e-02,9.544593e-03
1.208684e-01,7.570739e-02,6.891233e-02,4.305991e-02,3.631540e-02,3.803365e-02,1.226615e-03,8.079652e-02,4.286398e-01,3.891669e-03,4.514730e-02,1.101197e-02,4.163865e-03,3.492332e-02,7.301822e-03
1.012447e-01,6.502602e-02,5.116190e-02,3.187227e-02,3.169580e-02,4.272791e-02,9.903059e-04,8.080719e-02,5.141358e-01,2.858063e-03,3.237347e-02,7.966655e-03,3.216833e-03,2.799265e-02,5.930433e-03
9.810737e-02,5.054986e-02,4.069193e-02,2.455756e-02,3.555743e-02,3.235532e-02,8.174115e-04,2.003567e-01,4.591101e-01,2.068043e-03,2.294621e-02,5.867015e-03,2.330251e-03,2.038986e-02,4.294981e-03
1.107746e-01,4.154441e-02,4.131372e-02,1.995039e-02,2.993252e-02,2.331389e-02,7.558766e-04,2.711608e-01,4.179550e-01,1.838581e-03,1.633409e-02,4.779574e-03,1.794534e-03,1.474156e-02,3.810378e-03
1.361246e-01,4.356921e-02,3.491803e-02,1.673226e-02,2.425690e-02,1.717434e-02,8.276812e-04,3.126498e-01,3.813027e-01,1.493207e-03,1.162985e-02,3.911137e-03,1.358130e-03,1.081493e-02,3.237206e-03
1.850037e-01,3.768430e-02,2.808923e-02,1.304929e-02,2.042860e-02,1.312336e-02,1.013392e-03,3.195560e-01,3.555709e-01,1.242800e-03,8.549593e-03,4.195323e-03,1.428635e-03,7.833269e-03,3.231690e-03
2.397356e-01,3.166042e-02,2.422718e-02,1.091577e-02,1.802190e-02,1.046231e-02,1.447876e-03,3.192236e-01,3.230800e-01,9.570917e-04,6.472856e-03,3.755421e-03,1.368943e-03,5.719999e-03,2.951082e-03
2.553012e-01,3.055893e-02,2.449796e-02,4.458115e-02,1.464239e-02,8.805303e-03,1.418521e-03,2.795361e-01,2.831005e-01,4.389085e-03,9.457601e-03,6.508519e-03,2.477958e-03,5.173136e-03,2.955165e-02
2.061895e-01,2.879278e-02,3.249869e-02,3.933217e-02,1.072624e-02,6.677427e-03,1.065798e-03,1.988215e-01,3.895948e-01,6.604556e-03,2.805250e-02,5.575391e-03,2.646654e-03,1.097598e-02,3.244609e-02
1.820081e-01,3.213612e-02,2.894334e-02,3.050815e-02,7.955942e-03,5.400643e-03,8.020941e-04,1.402965e-01,3.379198e-01,5.867123e-03,1.787087e-01,6.774002e-03,3.059206e-03,1.304010e-02,2.658018e-02
1.584031e-01,2.383416e-02,2.083361e-02,2.250156e-02,5.655210e-03,4.725562e-03,5.915579e-04,9.855665e-02,2.387259e-01,4.549763e-03,3.633782e-01,2.293045e-02,2.688615e-03,1.345093e-02,1.917480e-02
1.637733e-01,1.936618e-02,1.558793e-02,1.783962e-02,4.178617e-03,4.932050e-03,4.474162e-04,6.965174e-02,1.688354e-01,4.186772e-03,4.207057e-01,7.975662e-02,2.468228e-03,1.398740e-02,1.428302e-02
1.740583e-01,1.506435e-02,1.230793e-02,1.306252e-02,3.628945e-03,6.354648e-03,4.333336e-04,5.075284e-02,1.196246e-01,4.873926e-03,4.623891e-01,1.011283e-01,2.554049e-03,2.350943e-02,1.025767e-02
1.491120e-01,1.132702e-02,9.462909e-03,1.025967e-02,2.830955e-03,5.389948e-03,3.801077e-04,3.657294e-02,8.538775e-02,6.527944e-03,4.748188e-01,1.607783e-01,3.125856e-03,3.657005e-02,7.455854e-03
1.372292e-01,8.976911e-03,7.990071e-03,8.345707e-03,2.811547e-03,6.603390e-03,5.022601e-04,2.699257e-02,6.122742e-02,6.333538e-03,4.591358e-01,2.277926e-01,2.946400e-03,3.740113e-02,5.711457e-03
1.386770e-01,1.110714e-02,1.290105e-02,7.551896e-03,5.181053e-03,9.445984e-03,1.052807e-03,2.372359e-02,4.605472e-02,8.623881e-03,4.214965e-01,2.534588e-01,3.169817e-03,5.301677e-02,4.539007e-03
1.105560e-01,8.299284e-03,9.329225e-03,5.993802e-03,6.911187e-03,8.938677e-03,1.164207e-03,1.736362e-02,3.396694e-02,7.345071e-03,5.148464e-01,2.050356e-01,2.771746e-03,6.415499e-02,3.323327e-03
8.282649e-02,6.478690e-03,6.643922e-03,4.442969e-03,7.182654e-03,6.876233e-03,1.119729e-03,1.251785e-02,2.425553e-02,6.102936e-03,6.095866e-01,1.728783e-01,2.312487e-03,5.432808e-02,2.447628e-03
6.269484e-02,4.974828e-03,4.751545e-03,3.163383e-03,6.280389e-03,5.231273e-03,1.170501e-03,8.939303e-03,1.738796e-02,5.169247e-03,6.876261e-01,1.426352e-01,2.061742e-03,4.610731e-02,1.806366e-03
4.899928e-02,3.908540e-03,3.642171e-03,2.317469e-03,6.653722e-03,4.638473e-03,2.252701e-03,7.548837e-03,1.309973e-02,4.193425e-03,7.342225e-01,1.268224e-01,1.881145e-03,3.846366e-02,1.355975e-03
3.475934e-02,2.867467e-03,2.607576e-03,1.644452e-03,6.736524e-03,3.630907e-03,1.896927e-03,5.467224e-03,9.411327e-03,3.104236e-03,8.037069e-01,9.384233e-02,1.621638e-03,2.771737e-02,9.857616e-04
2.545177e-02,3.150867e-03,2.210459e-03,1.225567e-03,9.422915e-03,2.875799e-03,1.725549e-03,4.052444e-03,7.358300e-03,2.607145e-03,8.428607e-01,7.367646e-02,1.507530e-03,2.094068e-02,9.338160e-04
2.004241e-02,2.836094e-03,2.542087e-03,9.318817e-04,1.304356e-02,3.905317e-03,6.657521e-03,4.036869e-03,6.693255e-03,2.520187e-03,8.561891e-01,6.271087e-02,1.457232e-03,1.559636e-02,8.373004e-04
1.478806e-02,2.252495e-03,2.340955e-03,7.026609e-04,1.375881e-02,3.177529e-03,4.942395e-03,3.713579e-03,5.988879e-03,1.855934e-03,8.882739e-01,4.523783e-02,1.270672e-03,1.100836e-02,6.879760e-04
1.120899e-02,1.922356e-03,3.494633e-03,6.428220e-04,3.105949e-02,2.683016e-03,4.297546e-03,3.969220e-03,5.803158e-03,1.429886e-03,8.906196e-01,3.293385e-02,1.344924e-03,7.816143e-03,7.743450e-04
9.629325e-03,1.996796e-03,1.984174e-02,1.206566e-03,3.636080e-02,2.611144e-03,3.481519e-03,5.005274e-02,5.923454e-03,1.158316e-03,8.352011e-01,2.399965e-02,1.738770e-03,5.933329e-03,8.647210e-04
8.646530e-03,2.977083e-03,1.788188e-02,1.274252e-03,8.454821e-02,2.485718e-03,6.355328e-03,5.763309e-02,3.933290e-02,9.293546e-04,7.537456e-01,1.747318e-02,1.689284e-03,4.210055e-03,8.175974e-04
9.448041e-03,3.843644e-03,5.109501e-02,4.479033e-03,1.347783e-01,4.040915e-03,5.542672e-03,1.810069e-01,3.844981e-02,8.476683e-04,5.484572e-01,1.258172e-02,1.465575e-03,2.989211e-03,9.743531e-04
1.304291e-02,6.595942e-03,4.084054e-02,5.408614e-03,1.750624e-01,3.584919e-03,4.565164e-03,1.703193e-01,8.278171e-02,6.956728e-04,4.831976e-01,9.427333e-03,1.434984e-03,2.136289e-03,9.065737e-04
1.259723e-02,5.402355e-03,3.991023e-02,1.389755e-02,1.973496e-01,3.028829e-03,3.879497e-03,2.976508e-01,7.039442e-02,4.991454e-04,3.453859e-01,6.740343e-03,1.083456e-03,1.505499e-03,6.751511e-04
1.955406e-02,1.731481e-02,3.581315e-02,1.601984e-02,1.778336e-01,2.745047e-03,3.043430e-03,3.847204e-01,7.835954e-02,5.168529e-04,2.548943e-01,5.381892e-03,1.168985e-03,1.246853e-03,1.387218e-03
2.625683e-02,1.602597e-02,2.969166e-02,1.393485e-02,2.173095e-01,2.939797e-03,2.790430e-03,3.749413e-01,1.000929e-01,5.483734e-04,2.077546e-01,4.328023e-03,1.098556e-03,1.113440e-03,1.173818e-03
4.218050e-02,3.000988e-02,2.642851e-02,2.081331e-02,2.127904e-01,9.041354e-03,5.089499e-03,2.964598e-01,1.632719e-01,1.000621e-03,1.513420e-01,7.061722e-03,2.833017e-02,8.883276e-04,5.292028e-03
3.443556e-02,2.189765e-02,1.896687e-02,2.553556e-02,1.608389e-01,1.623472e-02,3.833219e-03,2.091325e-01,1.293687e-01,8.280745e-04,1.080699e-01,6.113213e-03,2.599736e-01,6.392858e-04,4.132267e-03
3.066759e-02,1.568027e-02,1.378378e-02,2.423700e-02,1.215146e-01,2.053862e-02,3.285019e-03,1.481385e-01,9.779140e-02,8.174339e-04,7.882538e-02,1.015234e-02,4.305015e-01,4.805778e-04,3.586022e-03
2.280151e-02,1.131970e-02,1.009503e-02,2.174301e-02,8.890790e-02,1.670834e-02,2.462256e-03,1.041281e-01,6.936864e-02,5.959019e-04,5.602911e-02,8.606189e-03,5.837060e-01,3.742824e-04,3.154028e-03
1.790995e-02,8.126741e-03,7.175024e-03,1.642809e-02,6.383175e-02,1.233232e-02,1.772552e-03,7.300010e-02,4.893265e-02,4.326924e-04,3.955150e-02,7.050114e-03,7.003831e-01,2.733221e-04,2.800108e-03
1.387084e-02,5.771792e-03,5.063940e-03,1.162896e-02,4.692833e-02,9.355929e-03,1.390980e-03,5.138500e-02,3.476517e-02,3.266110e-04,2.820077e-02,7.081366e-03,7.817804e-01,2.294081e-04,2.220453e-03
1.659268e-02,4.119381e-03,3.583027e-03,8.154494e-03,3.449408e-02,7.068075e-03,1.094901e-03,3.619455e-02,2.453006e-02,2.329453e-04,1.984786e-02,7.465571e-03,8.348495e-01,1.871277e-04,1.585683e-03
1.830415e-02,2.947762e-03,2.886771e-03,5.738467e-03,2.559494e-02,4.371158e-02,4.214524e-03,2.836783e-02,1.740827e-02,1.726346e-04,1.420325e-02,6.992534e-03,8.279975e-01,3.177731e-04,1.141967e-03
2.562200e-02,2.191770e-03,2.289193e-03,4.111819e-03,2.252751e-02,3.385340e-02,3.361537e-03,2.058925e-02,1.296479e-02,1.466335e-04,1.028785e-02,1.180542e-02,8.490652e-01,3.405667e-04,8.430016e-04
2.350991e-02,1.712939e-03,1.869439e-03,2.951632e-03,2.325259e-02,2.903356e-02,2.530145e-03,1.479242e-02,9.371533e-03,1.384787e-04,7.650191e-03,1.507515e-02,8.671182e-01,3.202145e-04,6.736137e-04
2.073227e-02,1.863927e-03,2.638378e-03,2.140135e-03,4.941574e-02,2.173647e-02,2.168232e-03,1.081008e-02,8.019617e-03,1.782141e-04,6.065323e-03,1.435583e-02,8.590351e-01,3.100256e-04,5.307162e-04
1.986306e-02,1.776314e-03,2.524130e-03,1.703376e-03,4.782228e-02,2.431813e-02,1.699950e-03,8.090362e-03,6.648859e-03,2.746514e-04,5.963743e-03,2.134294e-02,8.569373e-01,3.617313e-04,6.731901e-04
2.023813e-02,2.023333e-03,4.610713e-03,1.933838e-03,4.597772e-02,2.845065e-02,1.626279e-03,1.564845e-02,7.470350e-03,8.336392e-04,6.839368e-03,2.248262e-02,8.398764e-01,5.728147e-04,1.415678e-03
1.836489e-02,2.237442e-03,7.365797e-03,3.578164e-03,4.731461e-02,2.986993e-02,2.456404e-03,8.455346e-02,2.544777e-02,1.720428e-03,1.339184e-02,2.594388e-02,7.336774e-01,8.281072e-04,3.249866e-03
2.424389e-02,2.382166e-03,2.445438e-02,8.013397e-02,4.908695e-02,3.446788e-02,2.313814e-03,1.119257e-01,4.034799e-02,3.268959e-03,1.644584e-02,2.205011e-02,5.833555e-01,9.367495e-04,4.586065e-03
2.106799e-02,5.697209e-03,2.248921e-02,6.269289e-02,4.054073e-02,3.586395e-02,2.466019e-03,8.954580e-02,2.399520e-01,2.931302e-03,1.573626e-02,2.275646e-02,4.299226e-01,7.519900e-04,7.585589e-03
2.915852e-02,1.548330e-02,2.197182e-02,1.292983e-01,3.369319e-02,3.633820e-02,2.351789e-03,6.535349e-02,3.176697e-01,2.777670e-03,1.375442e-02,1.680675e-02,3.060334e-01,5.787471e-04,8.730701e-03
5.239318e-02,2.013442e-02,2.245496e-02,9.573483e-02,3.390234e-02,4.829073e-02,3.228831e-03,6.392238e-02,3.759939e-01,2.403962e-03,1.498257e-02,1.585983e-02,2.424193e-01,5.254111e-04,7.753350e-03
5.484079e-02,1.476647e-02,1.610316e-02,6.888070e-02,3.239106e-02,3.824248e-02,4.622751e-03,2.749674e-01,2.953690e-01,1.698627e-03,1.071220e-02,1.127129e-02,1.702023e-01,3.965608e-04,5.535164e-03
4.600409e-02,1.074893e-02,1.143603e-02,4.870834e-02,2.563015e-02,3.026878e-02,3.690760e-03,4.682702e-01,2.148515e-01,1.192430e-03,7.654154e-03,7.920248e-03,1.194410e-01,2.850466e-04,3.898345e-03
3.379305e-02,7.596128e-03,8.161411e-03,3.427450e-02,2.091095e-02,2.143809e-02,2.697543e-03,6.220834e-01,1.505527e-01,8.382747e-04,5.475438e-03,5.552498e-03,8.367777e-02,2.025115e-04,2.745734e-03
2.740417e-02,5.436486e-03,5.877389e-03,2.420474e-02,1.778561e-02,1.548133e-02,2.081353e-03,7.269905e-01,1.055466e-01,5.931607e-04,3.939650e-03,3.910017e-03,5.864610e-02,1.511246e-04,1.951757e-03
2.138849e-02,3.869461e-03,4.222205e-03,1.709868e-02,1.545761e-02,1.101060e-02,1.574351e-03,8.028574e-01,7.394586e-02,4.240179e-04,2.816465e-03,2.750337e-03,4.109519e-02,1.096790e-04,1.379631e-03
1.934308e-02,2.833556e-03,3.042673e-03,1.242677e-02,1.695042e-02,7.963649e-03,1.230106e-03,8.497058e-01,5.195423e-02,3.150109e-04,2.205697e-03,2.022728e-03,2.892081e-02,8.707905e-05,9.983259e-04
1.760761e-02,2.081553e-03,2.169744e-03,9.055699e-03,2.098278e-02,5.825372e-03,9.907378e-04,8.802571e-01,3.651547e-02,2.271016e-04,1.734051e-03,1.460061e-03,2.031622e-02,6.621444e-05,7.102496e-04
1.582666e-02,1.559567e-03,1.543725e-03,6.519067e-03,2.020628e-02,4.207774e-03,8.169273e-04,9.061037e-01,2.575837e-02,1.654838e-04,1.311846e-03,1.089527e-03,1.432496e-02,5.202768e-05,5.139997e-04
1.763579e-02,1.232178e-03,1.202942e-03,5.174579e-03,1.905763e-02,3.275479e-03,6.760791e-04,9.205211e-01,1.826787e-02,1.334655e-04,1.144666e-03,9.566503e-04,1.027271e-02,4.894290e-05,3.998098e-04
1.878658e-02,9.301550e-04,9.033211e-04,4.137815e-03,1.896783e-02,2.442026e-03,5.477845e-04,9.309882e-01,1.290563e-02,1.000047e-04,9.079092e-04,7.472379e-04,7.302053e-03,3.902016e-05,2.943546e-04
2.309843e-02,8.097373e-04,9.244041e-04,3.678930e-03,1.521025e-02,2.956504e-03,5.973941e-04,9.333258e-01,9.840990e-03,1.173211e-04,1.531377e-03,1.717768e-03,5.724792e-03,1.061211e-04,3.601109e-04
3.179727e-02,8.037433e-04,1.072082e-03,4.551616e-03,1.756612e-02,3.192711e-03,6.507348e-04,9.219000e-01,9.498733e-03,1.257742e-04,1.844694e-03,1.919234e-03,4.516351e-03,1.108164e-04,4.500030e-04
4.073630e-02,8.306098e-04,1.360075e-03,6.606082e-03,1.803503e-02,2.606835e-03,5.823723e-04,9.090679e-01,1.130354e-02,1.948187e-04,1.809543e-03,2.546143e-03,3.710444e-03,1.330955e-04,4.771918e-04
4.958614e-02,1.534458e-03,1.369214e-03,6.204142e-03,2.007890e-02,2.303311e-03,6.361165e-04,8.071077e-01,1.009993e-01,3.657455e-04,2.389933e-03,2.621987e-03,3.489667e-03,2.146898e-04,1.098697e-03
5.145992e-02,1.450500e-03,1.337642e-03,5.735102e-03,1.998491e-02,1.827063e-03,5.549363e-04,7.402149e-01,1.654737e-01,4.525271e-04,3.264692e-03,3.113664e-03,3.262203e-03,5.161789e-04,1.352000e-03
3.984750e-02,1.322129e-03,1.155721e-03,7.339687e-03,1.526327e-02,1.467909e-03,4.116001e-04,5.368244e-01,3.831515e-01,5.448386e-04,4.904957e-03,2.698535e-03,3.062065e-03,6.282832e-04,1.377482e-03
4.484025e-02,1.343254e-03,1.712906e-03,6.732783e-03,2.518247e-02,1.391760e-03,4.507288e-04,4.953303e-01,3.760417e-01,1.045297e-03,3.032244e-02,2.950897e-03,7.145100e-03,1.109143e-03,4.400895e-03
7.799879e-02,1.974478e-03,2.664883e-03,6.719892e-03,2.816919e-02,1.623652e-03,7.889922e-04,3.949203e-01,4.056030e-01,1.792136e-03,4.624549e-02,3.558695e-03,9.200341e-03,2.673110e-03,1.606696e-02
1.273546e-01,4.785836e-03,3.924844e-03,9.979212e-03,2.554696e-02,3.741167e-03,1.098034e-03,2.924614e-01,4.050184e-01,3.344266e-03,5.531851e-02,6.149161e-03,1.408016e-02,4.683791e-03,4.251363e-02
2.098865e-01,8.652978e-03,6.135819e-03,1.218724e-02,2.308848e-02,5.538865e-03,1.433543e-03,2.157698e-01,3.723846e-01,8.407546e-03,4.981625e-02,9.890968e-03,1.699804e-02,7.879943e-03,5.192938e-02
1.986466e-01,8.166928e-03,5.180579e-03,9.161132e-03,1.820602e-02,6.165098e-03,1.616470e-03,1.543767e-01,2.833772e-01,9.635242e-03,3.751005e-02,7.879587e-03,1.432656e-02,1.190123e-02,2.338506e-01
2.117389e-01,1.000444e-02,4.543961e-03,9.056685e-03,1.493604e-02,8.123515e-03,1.611265e-03,1.098751e-01,2.582465e-01,1.029214e-02,2.958013e-02,7.049476e-03,1.210017e-02,1.678029e-02,2.960614e-01
2.264156e-01,1.353664e-02,7.932881e-03,1.536921e-02,1.167555e-02,1.070465e-02,1.401284e-03,7.741742e-02,3.327357e-01,1.141192e-02,2.375965e-02,9.778840e-03,1.281337e-02,1.529234e-02,2.297550e-01
2.399186e-01,1.636950e-02,7.595533e-03,1.802832e-02,1.027162e-02,1.166371e-02,1.238466e-03,5.498683e-02,3.268384e-01,1.325040e-02,2.399181e-02,1.056566e-02,1.199696e-02,2.539555e-02,2.278886e-01
2.639649e-01,1.627112e-02,1.158400e-02,1.860186e-02,1.044522e-02,1.239480e-02,1.211662e-03,3.917961e-02,2.924747e-01,1.329002e-02,2.462782e-02,1.021642e-02,1.113590e-02,2.968551e-02,2.449164e-01
2.874396e-01,2.103598e-02,3.163786e-02,1.882771e-02,1.109174e-02,1.539213e-02,1.335727e-03,2.813471e-02,2.417926e-01,1.195166e-02,2.236497e-02,1.078060e-02,1.115195e-02,4.349020e-02,2.435727e-01
2.566450e-01,2.077464e-02,3.092439e-02,1.460529e-02,1.070768e-02,1.322889e-02,1.042126e-03,2.058901e-02,2.020972e-01,9.993576e-03,1.840655e-02,8.350414e-03,8.783063e-03,4.737353e-02,3.364787e-01
3.319532e-01,2.256105e-02,3.014732e-02,1.469076e-02,1.078489e-02,1.416667e-02,1.069879e-03,1.523030e-02,1.632581e-01,8.685752e-03,1.446455e-02,6.762656e-03,7.583307e-03,5.090653e-02,3.077351e-01
3.130313e-01,2.203272e-02,2.842797e-02,1.150925e-02,1.028821e-02,1.440819e-02,9.689619e-04,1.129731e-02,1.451662e-01,7.855010e-03,1.176017e-02,5.556614e-03,6.443118e-03,5.868343e-02,3.525716e-01
2.631963e-01,1.887297e-02,2.672300e-02,8.655436e-03,8.976827e-03,1.317362e-02,7.515411e-04,8.181124e-03,1.320144e-01,6.953313e-03,9.056060e-03,4.162105e-03,5.055287e-03,5.662285e-02,4.376052e-01
2.336765e-01,1.655268e-02,2.038121e-02,7.419868e-03,8.953195e-03,1.679991e-02,7.167556e-04,6.074185e-03,1.114510e-01,6.091582e-03,7.583571e-03,3.914084e-03,4.738396e-03,4.917088e-02,5.064762e-01
2.079412e-01,1.728025e-02,1.600911e-02,9.595627e-03,9.215861e-03,1.686284e-02,8.273298e-04,4.660259e-03,9.788873e-02,7.660314e-03,6.491486e-03,4.695070e-03,4.597890e-03,4.634998e-02,5.499240e-01
2.569238e-01,1.545157e-02,1.309070e-02,9.770704e-03,8.978905e-03,1.382748e-02,1.367829e-03,3.623429e-03,8.419881e-02,7.502994e-03,5.716955e-03,6.028321e-03,4.568970e-03,4.021080e-02,5.287387e-01
2.751542e-01,1.354481e-02,9.661010e-03,8.463361e-03,7.588732e-03,1.069301e-02,1.277739e-03,2.700650e-03,7.106376e-02,7.062901e-03,4.847076e-03,5.616318e-03,4.100705e-03,3.268584e-02,5.455398e-01
3.110968e-01,1.607767e-02,8.123228e-03,3.031287e-02,1.194880e-02,1.319662e-02,1.580983e-03,2.738515e-03,6.287856e-02,6.860735e-03,6.490326e-03,1.110649e-02,5.770172e-03,3.004823e-02,4.817699e-01
4.393304e-01,1.534277e-02,7.432120e-03,3.206524e-02,1.156969e-02,1.217286e-02,1.847059e-03,2.536630e-03,5.865798e-02,5.622198e-03,6.399060e-03,1.344095e-02,5.666034e-03,2.773748e-02,3.601795e-01
1.000000e+00,0.000000e+00,0.000000e+00,0.000000e+00,0.000000e+00,0.000000e+00,0.000000e+00,0.000000e+00,0.000000e+00,0.000000e+00,0.000000e+00,0.000000e+00,0.000000e+00,0.000000e+00,0.000000e+00
4.893124e-01,4.364269e-02,1.662769e-02,1.384124e-01,1.330669e-02,8.969005e-03,1.505281e-03,2.655259e-03,5.031260e-02,5.708554e-03,6.440756e-03,1.156371e-02,4.637562e-03,1.901560e-02,1.878898e-01
3.696655e-01,4.270975e-02,1.431738e-02,1.457150e-01,1.096147e-02,9.257107e-03,1.140725e-03,2.966125e-03,1.070955e-01,8.729111e-03,9.474779e-02,8.849688e-03,2.811873e-02,1.710476e-02,1.386214e-01
2.684851e-01,3.818712e-02,1.304273e-02,1.265522e-01,8.010444e-03,7.256266e-03,8.621612e-04,2.705070e-03,2.300362e-01,8.602321e-03,8.113571e-02,9.063996e-03,4.475526e-02,1.312794e-02,1.481776e-01
1.884025e-01,2.758234e-02,1.074731e-02,9.601475e-02,6.237881e-03,6.035714e-03,6.559218e-04,2.254996e-03,2.656315e-01,7.137191e-03,7.692137e-02,1.011907e-02,1.370104e-01,9.541436e-03,1.557076e-01
1.322570e-01,1.968529e-02,8.242195e-03,7.134853e-02,5.227380e-03,5.774788e-03,4.830750e-04,1.697353e-03,2.402218e-01,5.593898e-03,6.762742e-02,1.136669e-02,2.342483e-01,7.003773e-03,1.892226e-01
9.277815e-02,1.402767e-02,6.170476e-03,5.345307e-02,5.188051e-03,5.203987e-03,4.184650e-04,1.203967e-03,1.803024e-01,4.397228e-03,5.286749e-02,1.699791e-02,3.921187e-01,5.072731e-03,1.697998e-01
6.892284e-02,1.002309e-02,4.543465e-03,3.934263e-02,4.489819e-03,1.182896e-02,5.011442e-04,8.730204e-04,1.276534e-01,3.552140e-03,3.937849e-02,4.068147e-02,5.102671e-01,3.771443e-03,1.341710e-01
4.844850e-02,7.124111e-03,3.488950e-03,2.781087e-02,3.922541e-03,9.357660e-03,4.304177e-04,6.266523e-04,9.129764e-02,2.776639e-03,2.973749e-02,8.290645e-02,5.769311e-01,3.397266e-03,1.117438e-01
3.395922e-02,5.073713e-03,2.676873e-03,1.955195e-02,3.544686e-03,9.200973e-03,6.248081e-04,5.086365e-04,6.485583e-02,2.272597e-03,2.212500e-02,1.254614e-01,6.210508e-01,4.030614e-03,8.506291e-02
2.383517e-02,3.586832e-03,2.024042e-03,1.372770e-02,3.127021e-03,9.539877e-03,1.107151e-03,3.939523e-04,4.618174e-02,2.067105e-03,1.612220e-02,1.641896e-01,6.469839e-01,3.514494e-03,6.359919e-02
1.706249e-02,2.656467e-03,1.807222e-03,1.008936e-02,2.099585e-02,3.562140e-02,7.463580e-03,1.770992e-03,4.225413e-02,2.809696e-03,1.314413e-02,2.152752e-01,5.742544e-01,4.504937e-03,5.029021e-02
1.257053e-02,2.084229e-03,1.798773e-03,7.589306e-03,1.868451e-02,2.364123e-01,7.191307e-03,1.668983e-03,3.326448e-02,3.454152e-03,1.137874e-02,1.737111e-01,4.501718e-01,3.406680e-03,3.661316e-02
9.588799e-03,1.785030e-03,1.556310e-03,5.578774e-03,1.518265e-02,2.342215e-01,7.443213e-03,2.296813e-03,2.973251e-02,2.784085e-03,9.100745e-03,1.927882e-01,4.585558e-01,2.614259e-03,2.677135e-02
1.146384e-02,2.580791e-02,1.191160e-02,1.975987e-02,1.298249e-02,1.925203e-01,7.978585e-03,2.924853e-03,5.955842e-02,4.236314e-03,8.135772e-03,1.797561e-01,4.391341e-01,2.024492e-03,2.180528e-02
1.286776e-02,2.296791e-02,9.329545e-03,1.470990e-02,1.216806e-02,1.545935e-01,6.025296e-03,2.999862e-03,5.700396e-02,3.063672e-03,6.664023e-03,1.570957e-01,5.229130e-01,1.556971e-03,1.604083e-02
