1.000000e+00,0.000000e+00,0.000000e+00,0.000000e+00,0.000000e+00,0.000000e+00,0.000000e+00,0.000000e+00,0.000000e+00,0.000000e+00,0.000000e+00,0.000000e+00,0.000000e+00,0.000000e+00,0.000000e+00
1.000000e+00,0.000000e+00,0.000000e+00,0.000000e+00,0.000000e+00,0.000000e+00,0.000000e+00,0.000000e+00,0.000000e+00,0.000000e+00,0.000000e+00,0.000000e+00,0.000000e+00,0.000000e+00,0.000000e+00
1.000000e+00,0.000000e+00,0.000000e+00,0.000000e+00,0.000000e+00,0.000000e+00,0.000000e+00,0.000000e+00,0.000000e+00,0.000000e+00,0.000000e+00,0.000000e+00,0.000000e+00,0.000000e+00,0.000000e+00
1.000000e+00,0.000000e+00,0.000000e+00,0.000000e+00,0.000000e+00,0.000000e+00,0.000000e+00,0.000000e+00,0.000000e+00,0.000000e+00,0.000000e+00,0.000000e+00,0.000000e+00,0.000000e+00,0.000000e+00
1.000000e+00,0.000000e+00,0.000000e+00,0.000000e+00,0.000000e+00,0.000000e+00,0.000000e+00,0.000000e+00,0.000000e+00,0.000000e+00,0.000000e+00,0.000000e+00,0.000000e+00,0.000000e+00,0.000000e+00
1.000000e+00,0.000000e+00,0.000000e+00,0.000000e+00,0.000000e+00,0.000000e+00,0.000000e+00,0.000000e+00,0.000000e+00,0.000000e+00,0.000000e+00,0.000000e+00,0.000000e+00,0.000000e+00,0.000000e+00
1.000000e+00,0.000000e+00,0.000000e+00,0.000000e+00,0.000000e+00,0.000000e+00,0.000000e+00,0.000000e+00,0.000000e+00,0.000000e+00,0.000000e+00,0.000000e+00,0.000000e+00,0.000000e+00,0.000000e+00
1.000000e+00,0.000000e+00,0.000000e+00,0.000000e+00,0.000000e+00,0.000000e+00,0.000000e+00,0.000000e+00,0.000000e+00,0.000000e+00,0.000000e+00,0.000000e+00,0.000000e+00,0.000000e+00,0.000000e+00
1.000000e+00,0.000000e+00,0.000000e+00,0.000000e+00,0.000000e+00,0.000000e+00,0.000000e+00,0.000000e+00,0.000000e+00,0.000000e+00,0.000000e+00,0.000000e+00,0.000000e+00,0.000000e+00,0.000000e+00
1.000000e+00,0.000000e+00,0.000000e+00,0.000000e+00,0.000000e+00,0.000000e+00,0.000000e+00,0.000000e+00,0.000000e+00,0.000000e+00,0.000000e+00,0.000000e+00,0.000000e+00,0.000000e+00,0.000000e+00
1.000000e+00,0.000000e+00,0.000000e+00,0.000000e+00,0.000000e+00,0.000000e+00,0.000000e+00,0.000000e+00,0.000000e+00,0.000000e+00,0.000000e+00,0.000000e+00,0.000000e+00,0.000000e+00,0.000000e+00
1.000000e+00,0.000000e+00,0.000000e+00,0.000000e+00,0.000000e+00,0.000000e+00,0.000000e+00,0.000000e+00,0.000000e+00,0.000000e+00,0.000000e+00,0.000000e+00,0.000000e+00,0.000000e+00,0.000000e+00
1.000000e+00,0.000000e+00,0.000000e+00,0.000000e+00,0.000000e+00,0.000000e+00,0.000000e+00,0.000000e+00,0.000000e+00,0.000000e+00,0.000000e+00,0.000000e+00,0.000000e+00,0.000000e+00,0.000000e+00
1.000000e+00,0.000000e+00,0.000000e+00,0.000000e+00,0.000000e+00,0.000000e+00,0.000000e+00,0.000000e+00,0.000000e+00,0.000000e+00,0.000000e+00,0.000000e+00,0.000000e+00,0.000000e+00,0.000000e+00
1.000000e+00,0.000000e+00,0.000000e+00,0.000000e+00,0.000000e+00,0.000000e+00,0.000000e+00,0.000000e+00,0.000000e+00,0.000000e+00,0.000000e+00,0.000000e+00,0.000000e+00,0.000000e+00,0.000000e+00
1.000000e+00,0.000000e+00,0.000000e+00,0.000000e+00,0.000000e+00,0.000000e+00,0.000000e+00,0.000000e+00,0.000000e+00,0.000000e+00,0.000000e+00,0.000000e+00,0.000000e+00,0.000000e+00,0.000000e+00
1.000000e+00,0.000000e+00,0.000000e+00,0.000000e+00,0.000000e+00,0.000000e+00,0.000000e+00,0.000000e+00,0.000000e+00,0.000000e+00,0.000000e+00,0.000000e+00,0.000000e+00,0.000000e+00,0.000000e+00
1.000000e+00,0.000000e+00,0.000000e+00,0.000000e+00,0.000000e+00,0.000000e+00,0.000000e+00,0.000000e+00,0.000000e+00,0.000000e+00,0.000000e+00,0.000000e+00,0.000000e+00,0.000000e+00,0.000000e+00
1.000000e+00,0.000000e+00,0.000000e+00,0.000000e+00,0.000000e+00,0.000000e+00,0.000000e+00,0.000000e+00,0.000000e+00,0.000000e+00,0.000000e+00,0.000000e+00,0.000000e+00,0.000000e+00,0.000000e+00
1.000000e+00,0.000000e+00,0.000000e+00,0.000000e+00,0.000000e+00,0.000000e+00,0.000000e+00,0.000000e+00,0.000000e+00,0.000000e+00,0.000000e+00,0.000000e+00,0.000000e+00,0.000000e+00,0.000000e+00
1.000000e+00,0.000000e+00,0.000000e+00,0.000000e+00,0.000000e+00,0.000000e+00,0.000000e+00,0.000000e+00,0.000000e+00,0.000000e+00,0.000000e+00,0.000000e+00,0.000000e+00,0.000000e+00,0.000000e+00
1.000000e+00,0.000000e+00,0.000000e+00,0.000000e+00,0.000000e+00,0.000000e+00,0.000000e+00,0.000000e+00,0.000000e+00,0.000000e+00,0.000000e+00,0.000000e+00,0.000000e+00,0.000000e+00,0.000000e+00
1.000000e+00,0.000000e+00,0.000000e+00,0.000000e+00,0.000000e+00,0.000000e+00,0.000000e+00,0.000000e+00,0.000000e+00,0.000000e+00,0.000000e+00,0.000000e+00,0.000000e+00,0.000000e+00,0.000000e+00
1.000000e+00,0.000000e+00,0.000000e+00,0.000000e+00,0.000000e+00,0.000000e+00,0.000000e+00,0.000000e+00,0.000000e+00,0.000000e+00,0.000000e+00,0.000000e+00,0.000000e+00,0.000000e+00,0.000000e+00
1.000000e+00,0.000000e+00,0.000000e+00,0.000000e+00,0.000000e+00,0.000000e+00,0.000000e+00,0.000000e+00,0.000000e+00,0.000000e+00,0.000000e+00,0.000000e+00,0.000000e+00,0.000000e+00,0.000000e+00
1.000000e+00,0.000000e+00,0.000000e+00,0.000000e+00,0.000000e+00,0.000000e+00,0.000000e+00,0.000000e+00,0.000000e+00,0.000000e+00,0.000000e+00,0.000000e+00,0.000000e+00,0.000000e+00,0.000000e+00
1.000000e+00,0.000000e+00,0.000000e+00,0.000000e+00,0.000000e+00,0.000000e+00,0.000000e+00,0.000000e+00,0.000000e+00,0.000000e+00,0.000000e+00,0.000000e+00,0.000000e+00,0.000000e+00,0.000000e+00
1.000000e+00,0.000000e+00,0.000000e+00,0.000000e+00,0.000000e+00,0.000000e+00,0.000000e+00,0.000000e+00,0.000000e+00,0.000000e+00,0.000000e+00,0.000000e+00,0.000000e+00,0.000000e+00,0.000000e+00
1.000000e+00,0.000000e+00,0.000000e+00,0.000000e+00,0.000000e+00,0.000000e+00,0.000000e+00,0.000000e+00,0.000000e+00,0.000000e+00,0.000000e+00,0.000000e+00,0.000000e+00,0.000000e+00,0.000000e+00
1.000000e+00,0.000000e+00,0.000000e+00,0.000000e+00,0.000000e+00,0.000000e+00,0.000000e+00,0.000000e+00,0.000000e+00,0.000000e+00,0.000000e+00,0.000000e+00,0.000000e+00,0.000000e+00,0.000000e+00
1.000000e+00,0.000000e+00,0.000000e+00,0.000000e+00,0.000000e+00,0.000000e+00,0.000000e+00,0.000000e+00,0.000000e+00,0.000000e+00,0.000000e+00,0.000000e+00,0.000000e+00,0.000000e+00,0.000000e+00
1.000000e+00,0.000000e+00,0.000000e+00,0.000000e+00,0.000000e+00,0.000000e+00,0.000000e+00,0.000000e+00,0.000000e+00,0.000000e+00,0.000000e+00,0.000000e+00,0.000000e+00,0.000000e+00,0.000000e+00
1.000000e+00,0.000000e+00,0.000000e+00,0.000000e+00,0.000000e+00,0.000000e+00,0.000000e+00,0.000000e+00,0.000000e+00,0.000000e+00,0.000000e+00,0.000000e+00,0.000000e+00,0.000000e+00,0.000000e+00
1.000000e+00,0.000000e+00,0.000000e+00,0.000000e+00,0.000000e+00,0.000000e+00,0.000000e+00,0.000000e+00,0.000000e+00,0.000000e+00,0.000000e+00,0.000000e+00,0.000000e+00,0.000000e+00,0.000000e+00
1.000000e+00,0.000000e+00,0.000000e+00,0.000000e+00,0.000000e+00,0.000000e+00,0.000000e+00,0.000000e+00,0.000000e+00,0.000000e+00,0.000000e+00,0.000000e+00,0.000000e+00,0.000000e+00,0.000000e+00
1.000000e+00,0.000000e+00,0.000000e+00,0.000000e+00,0.000000e+00,0.000000e+00,0.000000e+00,0.000000e+00,0.000000e+00,0.000000e+00,0.000000e+00,0.000000e+00,0.000000e+00,0.000000e+00,0.000000e+00
1.000000e+00,0.000000e+00,0.000000e+00,0.000000e+00,0.000000e+00,0.000000e+00,0.000000e+00,0.000000e+00,0.000000e+00,0.000000e+00,0.000000e+00,0.000000e+00,0.000000e+00,0.000000e+00,0.000000e+00
1.000000e+00,0.000000e+00,0.000000e+00,0.000000e+00,0.000000e+00,0.000000e+00,0.000000e+00,0.000000e+00,0.000000e+00,0.000000e+00,0.000000e+00,0.000000e+00,0.000000e+00,0.000000e+00,0.000000e+00
1.000000e+00,0.000000e+00,0.000000e+00,0.000000e+00,0.000000e+00,0.000000e+00,0.000000e+00,0.000000e+00,0.000000e+00,0.000000e+00,0.000000e+00,0.000000e+00,0.000000e+00,0.000000e+00,0.000000e+00
1.000000e+00,0.000000e+00,0.000000e+00,0.000000e+00,0.000000e+00,0.000000e+00,0.000000e+00,0.000000e+00,0.000000e+00,0.000000e+00,0.000000e+00,0.000000e+00,0.000000e+00,0.000000e+00,0.000000e+00
1.000000e+00,0.000000e+00,0.000000e+00,0.000000e+00,0.000000e+00,0.000000e+00,0.000000e+00,0.000000e+00,0.000000e+00,0.000000e+00,0.000000e+00,0.000000e+00,0.000000e+00,0.000000e+00,0.000000e+00
1.000000e+00,0.000000e+00,0.000000e+00,0.000000e+00,0.000000e+00,0.000000e+00,0.000000e+00,0.000000e+00,0.000000e+00,0.000000e+00,0.000000e+00,0.000000e+00,0.000000e+00,0.000000e+00,0.000000e+00
1.000000e+00,0.000000e+00,0.000000e+00,0.000000e+00,0.000000e+00,0.000000e+00,0.000000e+00,0.000000e+00,0.000000e+00,0.000000e+00,0.000000e+00,0.000000e+00,0.000000e+00,0.000000e+00,0.000000e+00
1.000000e+00,0.000000e+00,0.000000e+00,0.000000e+00,0.000000e+00,0.000000e+00,0.000000e+00,0.000000e+00,0.000000e+00,0.000000e+00,0.000000e+00,0.000000e+00,0.000000e+00,0.000000e+00,0.000000e+00
1.000000e+00,0.000000e+00,0.000000e+00,0.000000e+00,0.000000e+00,0.000000e+00,0.000000e+00,0.000000e+00,0.000000e+00,0.000000e+00,0.000000e+00,0.000000e+00,0.000000e+00,0.000000e+00,0.000000e+00
1.000000e+00,0.000000e+00,0.000000e+00,0.000000e+00,0.000000e+00,0.000000e+00,0.000000e+00,0.000000e+00,0.000000e+00,0.000000e+00,0.000000e+00,0.000000e+00,0.000000e+00,0.000000e+00,0.000000e+00
1.000000e+00,0.000000e+00,0.000000e+00,0.000000e+00,0.000000e+00,0.000000e+00,0.000000e+00,0.000000e+00,0.000000e+00,0.000000e+00,0.000000e+00,0.000000e+00,0.000000e+00,0.000000e+00,0.000000e+00
1.000000e+00,0.000000e+00,0.000000e+00,0.000000e+00,0.000000e+00,0.000000e+00,0.000000e+00,0.000000e+00,0.000000e+00,0.000000e+00,0.000000e+00,0.000000e+00,0.000000e+00,0.000000e+00,0.000000e+00
1.000000e+00,0.000000e+00,0.000000e+00,0.000000e+00,0.000000e+00,0.000000e+00,0.000000e+00,0.000000e+00,0.000000e+00,0.000000e+00,0.000000e+00,0.000000e+00,0.000000e+00,0.000000e+00,0.000000e+00
1.000000e+00,0.000000e+00,0.000000e+00,0.000000e+00,0.000000e+00,0.000000e+00,0.000000e+00,0.000000e+00,0.000000e+00,0.000000e+00,0.000000e+00,0.000000e+00,0.000000e+00,0.000000e+00,0.000000e+00
1.000000e+00,0.000000e+00,0.000000e+00,0.000000e+00,0.000000e+00,0.000000e+00,0.000000e+00,0.000000e+00,0.000000e+00,0.000000e+00,0.000000e+00,0.000000e+00,0.000000e+00,0.000000e+00,0.000000e+00
1.000000e+00,0.000000e+00,0.000000e+00,0.000000e+00,0.000000e+00,0.000000e+00,0.000000e+00,0.000000e+00,0.000000e+00,0.000000e+00,0.000000e+00,0.000000e+00,0.000000e+00,0.000000e+00,0.000000e+00
1.000000e+00,0.000000e+00,0.000000e+00,0.000000e+00,0.000000e+00,0.000000e+00,0.000000e+00,0.000000e+00,0.000000e+00,0.000000e+00,0.000000e+00,0.000000e+00,0.000000e+00,0.000000e+00,0.000000e+00
1.000000e+00,0.000000e+00,0.000000e+00,0.000000e+00,0.000000e+00,0.000000e+00,0.000000e+00,0.000000e+00,0.000000e+00,0.000000e+00,0.000000e+00,0.000000e+00,0.000000e+00,0.000000e+00,0.000000e+00
4.889223e-01,4.109793e-02,4.129358e-02,1.421093e-01,1.235625e-02,1.046668e-01,5.659133e-03,3.852854e-02,7.604220e-03,2.889649e-03,2.356961e-02,4.633991e-02,1.995332e-02,2.468069e-03,2.254147e-02
3.569676e-01,3.149018e-02,3.512137e-02,1.030204e-01,9.500539e-03,3.257414e-01,4.446290e-03,3.157493e-02,5.892356e-03,7.223708e-03,1.989222e-02,3.326199e-02,1.460517e-02,2.078469e-03,1.918344e-02
2.704635e-01,2.884176e-02,3.367034e-02,7.942589e-02,8.675363e-03,3.790864e-01,3.657366e-03,2.529467e-02,2.559814e-02,2.268959e-02,3.574122e-02,2.419941e-02,1.240280e-02,2.632759e-03,4.762079e-02
2.211103e-01,2.213466e-02,3.251720e-02,1.547088e-01,1.297162e-02,3.241948e-01,3.320416e-03,2.027547e-02,4.240223e-02,1.790326e-02,6.100343e-02,2.904721e-02,1.138231e-02,4.929341e-03,4.209890e-02
1.556432e-01,1.592374e-02,2.423598e-02,1.784798e-01,9.585856e-03,2.326475e-01,2.443822e-03,1.444292e-02,3.767515e-02,1.342204e-02,1.317654e-01,1.381553e-01,9.956423e-03,4.838180e-03,3.078472e-02
1.091181e-01,1.124829e-02,1.704542e-02,1.321323e-01,7.032903e-03,1.634381e-01,1.726447e-03,1.025092e-02,2.846504e-02,9.713696e-03,1.576249e-01,3.172210e-01,8.565451e-03,4.641434e-03,2.177601e-02
7.675595e-02,8.132061e-03,1.200565e-02,9.454335e-02,5.619427e-03,1.157628e-01,1.301581e-03,7.407798e-03,2.804393e-02,7.305049e-03,1.463325e-01,4.675679e-01,8.472931e-03,5.324775e-03,1.542432e-02
5.416809e-02,6.000677e-03,8.457745e-03,6.802144e-02,5.344104e-03,8.301293e-02,9.603992e-04,5.281050e-03,2.590677e-02,5.509172e-03,1.359664e-01,5.780741e-01,7.759009e-03,4.670025e-03,1.086811e-02
3.957682e-02,4.839280e-03,6.085080e-03,4.986665e-02,1.202476e-02,6.628737e-02,7.793267e-04,4.167479e-03,2.485889e-02,4.399319e-03,1.629993e-01,6.049087e-01,6.841304e-03,4.318375e-03,8.047296e-03
3.033614e-02,3.859622e-03,4.355589e-03,3.715438e-02,1.886613e-02,5.090697e-02,6.398857e-04,3.454425e-03,3.358752e-02,3.467569e-03,1.509226e-01,6.462466e-01,6.458195e-03,3.831327e-03,5.913096e-03
2.308479e-02,3.285703e-03,3.114449e-03,2.740240e-02,2.452481e-02,4.002938e-02,5.158109e-04,2.887170e-03,4.107165e-02,3.054096e-03,1.402535e-01,6.754605e-01,6.640660e-03,4.184865e-03,4.490280e-03
1.872835e-02,2.742451e-03,2.448698e-03,2.101688e-02,3.310407e-02,3.260421e-02,4.885074e-04,8.496813e-03,4.636236e-02,2.906910e-03,1.073748e-01,7.108268e-01,6.307050e-03,3.253738e-03,3.338421e-03
1.823282e-02,3.578204e-03,2.218107e-03,1.584710e-02,6.230344e-02,2.457986e-02,6.132914e-04,2.276436e-02,8.398496e-02,2.833169e-03,8.013389e-02,6.718491e-01,6.081984e-03,2.494497e-03,2.485150e-03
1.865803e-02,4.893411e-03,2.083261e-03,1.188331e-02,6.126802e-02,1.878152e-02,7.025805e-04,2.072984e-02,8.815810e-02,3.720645e-03,5.940619e-02,6.999441e-01,5.408049e-03,2.141325e-03,2.221605e-03
1.876190e-02,5.607336e-03,1.703289e-03,8.691471e-03,5.025686e-02,1.399304e-02,6.604957e-04,1.818176e-02,9.412001e-02,3.582287e-03,4.490158e-02,7.311064e-01,4.946379e-03,1.754785e-03,1.732404e-03
3.507506e-02,5.725848e-03,2.685060e-03,7.616093e-03,5.861085e-02,2.203079e-02,1.640800e-03,2.252679e-02,8.476470e-02,3.478816e-03,3.635440e-02,7.117087e-01,4.304866e-03,1.655896e-03,1.821308e-03
3.281744e-02,4.595705e-03,3.852325e-03,6.275056e-03,6.026315e-02,1.920681e-02,2.006004e-03,4.627676e-02,6.834681e-02,3.244993e-03,2.793283e-02,7.163111e-01,5.774891e-03,1.671523e-03,1.424601e-03
3.670865e-02,4.394422e-03,4.222648e-03,7.682952e-03,6.309232e-02,2.221822e-02,1.842471e-03,4.271489e-02,6.148877e-02,3.518712e-03,2.973752e-02,7.016951e-01,1.724182e-02,1.938477e-03,1.502992e-03
3.648500e-02,5.389222e-03,5.836932e-03,7.466821e-03,8.687826e-02,2.065680e-02,2.581465e-03,4.323170e-02,6.358835e-02,3.766895e-03,2.994595e-02,6.683177e-01,2.191104e-02,2.155457e-03,1.788440e-03
3.488706e-02,4.702976e-03,5.003056e-03,6.109728e-03,1.074214e-01,1.910941e-02,3.622429e-03,4.028005e-02,6.097296e-02,3.835756e-03,3.002433e-02,6.326363e-01,4.744946e-02,2.443602e-03,1.501409e-03
3.053943e-02,5.065098e-03,5.728559e-03,4.711623e-03,1.930842e-01,1.582248e-02,6.473271e-03,3.309388e-02,5.637128e-02,3.814796e-03,2.924825e-02,5.712782e-01,4.072199e-02,2.510805e-03,1.536187e-03
4.140617e-02,4.423382e-03,6.257709e-03,4.140067e-03,2.269101e-01,1.862971e-02,5.593679e-03,8.162923e-02,7.233191e-02,3.999139e-03,2.580172e-02,4.649202e-01,3.900129e-02,3.528188e-03,1.427476e-03
4.853427e-02,4.308806e-03,8.538308e-03,3.652775e-03,2.106362e-01,1.732162e-02,4.366981e-03,1.857784e-01,7.887651e-02,3.689368e-03,2.158538e-02,3.681200e-01,3.919376e-02,4.042355e-03,1.355312e-03
5.993880e-02,3.780908e-03,8.641060e-03,3.344342e-03,1.971683e-01,1.387993e-02,3.957069e-03,2.974414e-01,7.447217e-02,2.905531e-03,1.898223e-02,2.811473e-01,2.923836e-02,3.653229e-03,1.449350e-03
5.442917e-02,3.725634e-03,7.083381e-03,3.617466e-03,1.936395e-01,1.228849e-02,4.539138e-03,2.905934e-01,1.769089e-01,2.126833e-03,1.602240e-02,2.077088e-01,2.270885e-02,2.814646e-03,1.793361e-03
4.765902e-02,5.958493e-03,5.931896e-03,3.845865e-03,2.236387e-01,1.737418e-02,4.067568e-03,2.208823e-01,2.888483e-01,1.588994e-03,1.210211e-02,1.474798e-01,1.627916e-02,2.270184e-03,2.073449e-03
3.656639e-02,5.015161e-03,4.857305e-03,3.714974e-03,2.116104e-01,1.339270e-02,3.422215e-03,2.761330e-01,3.175023e-01,1.119402e-03,8.552142e-03,1.034628e-01,1.150629e-02,1.679059e-03,1.465866e-03
3.111332e-02,4.004863e-03,3.588100e-03,3.907948e-03,2.105493e-01,9.815115e-03,3.034176e-03,3.789018e-01,2.653601e-01,7.878909e-04,6.028032e-03,7.255512e-02,8.119897e-03,1.203267e-03,1.031035e-03
2.847891e-02,3.007539e-03,2.728271e-03,3.340006e-03,1.574196e-01,7.039045e-03,2.257606e-03,5.455950e-01,1.871897e-01,5.558299e-04,4.263950e-03,5.083983e-02,5.707472e-03,8.540321e-04,7.231178e-04
2.721034e-02,2.239637e-03,2.031449e-03,2.822216e-03,1.169557e-01,5.222659e-03,1.882242e-03,6.648548e-01,1.325372e-01,3.975632e-04,3.047107e-03,3.563280e-02,4.044739e-03,6.114923e-04,5.100917e-04
2.453636e-02,1.724111e-03,1.535228e-03,2.175560e-03,8.709947e-02,4.213088e-03,1.623451e-03,7.521678e-01,9.374540e-02,2.862869e-04,2.157112e-03,2.501281e-02,2.909302e-03,4.467602e-04,3.671698e-04
2.364107e-02,1.328202e-03,1.200091e-03,1.640177e-03,6.600770e-02,3.351003e-03,1.309772e-03,8.135501e-01,6.601053e-02,2.044371e-04,1.526456e-03,1.756440e-02,2.069926e-03,3.285145e-04,2.675801e-04
2.520450e-02,1.030253e-03,9.648385e-04,1.223014e-03,4.973095e-02,2.817822e-03,1.124974e-03,8.553160e-01,4.703688e-02,1.475086e-04,1.099825e-03,1.236229e-02,1.493753e-03,2.378913e-04,2.094717e-04
2.433670e-02,8.399416e-04,8.386587e-04,9.672327e-04,3.969488e-02,2.201375e-03,1.010533e-03,8.853642e-01,3.366901e-02,1.105910e-04,8.159702e-04,8.706811e-03,1.089187e-03,1.845512e-04,1.703538e-04
2.504373e-02,7.478620e-04,7.672151e-04,7.693249e-04,3.053946e-02,1.829401e-03,9.415270e-04,9.068834e-01,2.451764e-02,8.543759e-05,6.157957e-04,6.157229e-03,8.060465e-04,1.497249e-04,1.461905e-04
3.070730e-02,7.722336e-04,7.996403e-04,7.163514e-04,2.500065e-02,1.640868e-03,8.694511e-04,9.157876e-01,1.768893e-02,8.347069e-05,5.426646e-04,4.450272e-03,6.442503e-04,1.339995e-04,1.622077e-04
4.736001e-02,7.045221e-04,8.649305e-04,9.430863e-04,1.971031e-02,1.439181e-03,7.617264e-04,9.106921e-01,1.264648e-02,8.980276e-05,5.277697e-04,3.409602e-03,5.501423e-04,1.288524e-04,1.715007e-04
5.911039e-02,6.112013e-04,8.281695e-04,1.333680e-03,1.597295e-02,1.165221e-03,6.294590e-04,9.073400e-01,9.086198e-03,8.714256e-05,4.781943e-04,2.615652e-03,4.574084e-04,1.185764e-04,1.656864e-04
8.832945e-02,5.030084e-04,7.804906e-04,3.358411e-03,1.189634e-02,8.912656e-04,4.698494e-04,8.833685e-01,7.079873e-03,8.941814e-05,4.470257e-04,2.167521e-03,3.736853e-04,1.061318e-04,1.390778e-04
1.537248e-01,4.229742e-04,8.155068e-04,7.011287e-03,9.364219e-03,8.313864e-04,3.690704e-04,8.181351e-01,5.783604e-03,8.932076e-05,5.328889e-04,2.294175e-03,3.637709e-04,1.163192e-04,1.456237e-04
1.549086e-01,5.739431e-04,9.995817e-04,7.404023e-02,8.466528e-03,3.582532e-03,3.063018e-04,6.400070e-01,5.337528e-03,9.113719e-05,5.207306e-03,1.007070e-01,5.332277e-03,2.479168e-04,1.921940e-04
1.249054e-01,1.632218e-03,1.204763e-03,8.861831e-02,1.047865e-02,4.367659e-03,5.100939e-04,4.538982e-01,6.312422e-03,3.573938e-04,1.396985e-02,2.812098e-01,1.189671e-02,3.013862e-04,3.371990e-04
8.969545e-02,1.358515e-03,1.020273e-03,7.987981e-02,1.232051e-02,4.412268e-03,4.805913e-04,3.189671e-01,5.591890e-03,3.895913e-04,2.246908e-02,4.536245e-01,9.183084e-03,2.691819e-04,3.381503e-04
6.371333e-02,9.850928e-04,7.309407e-04,5.662775e-02,1.198404e-02,3.720118e-03,3.641404e-04,2.235131e-01,5.693268e-03,3.664665e-04,2.181842e-02,6.030136e-01,6.954033e-03,2.495869e-04,2.661002e-04
4.643674e-02,7.377256e-04,5.244564e-04,3.984713e-02,1.261767e-02,3.086015e-03,2.745120e-04,1.567158e-01,7.879514e-03,3.876814e-04,1.948543e-02,7.052959e-01,6.248450e-03,2.662942e-04,1.967383e-04
3.322045e-02,7.937986e-04,4.011952e-04,2.792675e-02,9.876395e-03,2.309905e-03,2.116971e-04,1.099160e-01,1.341069e-02,5.606328e-04,2.093829e-02,7.739983e-01,5.743174e-03,5.482506e-04,1.445700e-04
2.522280e-02,2.186774e-03,3.855486e-04,1.964170e-02,7.853661e-03,1.868938e-03,1.738580e-04,7.716972e-02,1.917300e-02,1.885436e-03,4.810633e-02,7.888601e-01,6.223863e-03,1.118410e-03,1.298950e-04
1.975802e-02,2.137600e-02,7.554735e-04,1.385314e-02,6.415317e-03,1.470575e-03,1.464598e-04,5.427128e-02,3.385559e-02,2.372431e-03,1.308508e-01,7.047906e-01,7.615604e-03,2.339885e-03,1.288599e-04
1.910498e-02,1.847725e-02,1.154224e-03,1.040359e-02,1.211258e-02,1.626671e-03,3.056184e-04,3.968420e-02,4.548127e-02,3.703606e-03,1.138979e-01,7.246413e-01,6.895491e-03,2.305066e-03,2.062775e-04
1.700564e-02,1.569423e-02,1.365170e-03,8.357512e-03,1.322405e-02,2.449641e-03,3.720082e-04,2.872840e-02,4.651601e-02,3.881946e-03,9.406999e-02,7.602344e-01,5.815088e-03,1.984315e-03,3.016622e-04
1.640226e-02,1.908708e-02,2.226789e-03,7.357861e-03,1.176711e-02,3.929578e-03,2.990633e-04,2.082323e-02,5.266475e-02,4.560001e-03,1.323301e-01,7.201092e-01,4.818421e-03,2.419443e-03,1.205140e-03
1.230892e-02,2.085208e-02,2.132711e-03,5.591691e-03,9.320075e-03,2.959071e-03,2.138389e-04,1.477837e-02,4.414161e-02,3.799628e-03,3.384182e-01,5.367582e-01,3.783093e-03,3.800348e-03,1.142152e-03
1.028258e-02,1.917168e-02,2.475535e-03,4.414944e-03,7.841527e-03,2.372314e-03,1.586879e-04,1.071961e-02,3.540395e-02,3.398080e-03,4.983910e-01,3.972707e-01,3.153260e-03,3.969751e-03,9.763793e-04
1.298391e-02,1.528309e-02,2.873878e-03,3.699288e-03,7.263012e-03,2.397836e-03,1.402376e-04,7.870947e-03,2.725550e-02,3.876416e-03,6.071981e-01,2.990409e-01,2.858238e-03,5.669874e-03,1.588804e-03
1.095836e-02,1.146332e-02,2.855961e-03,2.798185e-03,6.316746e-03,1.928515e-03,1.108136e-04,5.713792e-03,2.085247e-02,2.901890e-03,7.076783e-01,2.170969e-01,2.161657e-03,5.750726e-03,1.412394e-03
1.048273e-02,8.589393e-03,3.260868e-03,2.065721e-03,4.739481e-03,2.024429e-03,9.531912e-05,4.228060e-03,1.631520e-02,2.144346e-03,7.806697e-01,1.565122e-01,1.572405e-03,5.431023e-03,1.869156e-03
1.033128e-02,6.657763e-03,5.836186e-03,2.392467e-03,4.967491e-03,4.048691e-03,1.293329e-04,6.127623e-03,1.757583e-02,2.017026e-03,8.187175e-01,1.127351e-01,1.148557e-03,4.779712e-03,2.535505e-03
1.156831e-02,7.859727e-03,8.755310e-03,3.140158e-03,8.764363e-03,3.827062e-03,2.675450e-04,7.376765e-03,1.659302e-02,1.631546e-03,8.410429e-01,8.109884e-02,8.459084e-04,3.921803e-03,3.306739e-03
1.605494e-02,2.049110e-02,9.179510e-03,9.470829e-03,1.619941e-02,4.947597e-03,6.656089e-04,7.964070e-03,3.037149e-02,2.503681e-03,8.089166e-01,5.830152e-02,7.825178e-04,3.900010e-03,1.025109e-02
1.456210e-02,1.567713e-01,7.942643e-03,1.477618e-02,3.394128e-02,4.662766e-03,6.602271e-04,6.823004e-03,9.695747e-02,3.645825e-03,6.027126e-01,4.142227e-02,6.783147e-04,3.573880e-03,1.087017e-02
1.425091e-02,2.389072e-01,6.503092e-03,1.704091e-02,4.194586e-02,3.774508e-03,5.540095e-04,6.067998e-03,1.846594e-01,4.326445e-03,4.400810e-01,2.970352e-02,6.114555e-04,2.947120e-03,8.626572e-03
1.492151e-02,2.779593e-01,5.081425e-03,3.067163e-02,7.037240e-02,3.991593e-03,4.738807e-04,7.378867e-03,2.263225e-01,3.437545e-03,3.279449e-01,2.109391e-02,4.811923e-04,2.307485e-03,7.561720e-03
1.780229e-02,2.464767e-01,6.578344e-03,1.476599e-01,8.618976e-02,1.181376e-02,5.040318e-04,9.663351e-03,2.037719e-01,3.332865e-03,2.398835e-01,1.531780e-02,4.454721e-04,1.782367e-03,8.778021e-03
3.966430e-02,2.295628e-01,9.540748e-03,1.270040e-01,8.252881e-02,4.318291e-02,5.525360e-04,1.085289e-02,1.799799e-01,4.596364e-03,2.017382e-01,1.174712e-02,5.130816e-04,2.239695e-03,5.629653e-02
6.717611e-02,2.420623e-01,1.091481e-02,1.036916e-01,1.051407e-01,4.329890e-02,5.662034e-04,9.971711e-03,1.778248e-01,4.239964e-03,1.654477e-01,9.156123e-03,7.281564e-04,3.732745e-03,5.604815e-02
1.065894e-01,1.987041e-01,1.318826e-02,8.159076e-02,9.078600e-02,6.610952e-02,8.205299e-04,7.927672e-03,1.710882e-01,4.693511e-03,1.600575e-01,1.040724e-02,1.211895e-03,1.259839e-02,7.422695e-02
1.123485e-01,1.778714e-01,1.170755e-02,5.911317e-02,6.545751e-02,7.605337e-02,7.770973e-04,7.383153e-03,1.415597e-01,7.737334e-03,1.169009e-01,8.453446e-03,1.239775e-03,1.397617e-02,1.994208e-01
9.001932e-02,1.529202e-01,1.414699e-02,5.174435e-02,4.739108e-02,5.862946e-02,6.469161e-04,5.527874e-03,1.265001e-01,1.586521e-02,8.260244e-02,6.512060e-03,1.220836e-03,1.148320e-02,3.347899e-01
1.312430e-01,1.493364e-01,3.817909e-02,6.713787e-02,3.679219e-02,4.416905e-02,7.430320e-04,6.601636e-03,1.176368e-01,1.405424e-02,6.064605e-02,6.746140e-03,2.280804e-03,1.062471e-02,3.138090e-01
1.955757e-01,1.326036e-01,5.072065e-02,6.894661e-02,3.320323e-02,4.451337e-02,9.920821e-04,1.052461e-02,1.102051e-01,1.111315e-02,5.214731e-02,1.108802e-02,4.816230e-03,1.505470e-02,2.584956e-01
1.858767e-01,1.109323e-01,4.648336e-02,1.344106e-01,2.730293e-02,3.485555e-02,1.163959e-03,8.291241e-03,1.185320e-01,1.066827e-02,4.196858e-02,1.021677e-02,5.026657e-03,1.394150e-02,2.503295e-01
1.330663e-01,8.814723e-02,3.586385e-02,1.013868e-01,2.040374e-02,2.651069e-02,8.863705e-04,5.923792e-03,1.116608e-01,1.015766e-02,3.799120e-02,8.094016e-03,6.745492e-03,5.371138e-02,3.594506e-01
9.581794e-02,6.574115e-02,2.605601e-02,7.233044e-02,1.529579e-02,1.995788e-02,6.527079e-04,4.234354e-03,1.154410e-01,7.799536e-03,3.295345e-02,5.983648e-03,4.988482e-03,1.562893e-01,3.764583e-01
7.754605e-02,6.250889e-02,3.366021e-02,1.082431e-01,1.508492e-02,2.013295e-02,5.894870e-04,4.039525e-03,1.192174e-01,6.770068e-03,3.469244e-02,5.299945e-03,4.189866e-03,1.867782e-01,3.212469e-01
6.905396e-02,5.574332e-02,4.077024e-02,8.602047e-02,1.386807e-02,1.871567e-02,6.087929e-04,3.505653e-03,8.807901e-02,5.371898e-03,2.978018e-02,5.153927e-03,3.762424e-03,3.301982e-01,2.493682e-01
5.390364e-02,4.365930e-02,3.772308e-02,6.141163e-02,1.043889e-02,1.475905e-02,4.740110e-04,2.615090e-03,6.454574e-02,6.400249e-03,2.510527e-02,3.963314e-03,2.853991e-03,4.472494e-01,2.248973e-01
5.567206e-02,4.154796e-02,2.871218e-02,4.533906e-02,9.588132e-03,1.492677e-02,4.544692e-04,2.204155e-03,5.077958e-02,7.830100e-03,3.031322e-02,3.386832e-03,2.384827e-03,5.008099e-01,2.060507e-01
7.225192e-02,3.569639e-02,2.243159e-02,3.486963e-02,8.336046e-03,1.939783e-02,4.827153e-04,2.057265e-03,4.098913e-02,8.332165e-03,3.134695e-02,3.200096e-03,2.056273e-03,5.514904e-01,1.670615e-01
5.365485e-02,2.802395e-02,1.844753e-02,2.570409e-02,7.297561e-03,1.741088e-02,4.808498e-04,1.785348e-03,3.882078e-02,1.625986e-02,4.165965e-02,3.498365e-03,1.959605e-03,6.203315e-01,1.246651e-01
3.823759e-02,2.047054e-02,1.379820e-02,1.855241e-02,5.882592e-03,1.347351e-02,4.103777e-04,1.337467e-03,5.093617e-02,3.030216e-02,4.109635e-02,2.676679e-03,1.541628e-03,6.577064e-01,1.035779e-01
3.137194e-02,1.775487e-02,1.900146e-02,1.920000e-02,7.842937e-03,1.377219e-02,6.660732e-04,1.730498e-03,5.371908e-02,3.341534e-02,5.809519e-02,2.272265e-03,1.353086e-03,6.601387e-01,7.966636e-02
2.467547e-02,1.392130e-02,1.562563e-02,1.430564e-02,7.533564e-03,1.077125e-02,7.470883e-04,1.829778e-03,5.204400e-02,3.998074e-02,7.907482e-02,2.110441e-03,1.109320e-03,6.787035e-01,5.756750e-02
2.132912e-02,1.086428e-02,1.273491e-02,1.092761e-02,7.201942e-03,8.653518e-03,7.774895e-04,1.664310e-03,5.820944e-02,8.500559e-02,1.008368e-01,3.101797e-03,9.282467e-04,6.367587e-01,4.100625e-02
2.704448e-02,1.104765e-02,1.181447e-02,8.822910e-03,7.473466e-03,8.392371e-03,9.237416e-04,1.942102e-03,6.373224e-02,2.193235e-01,7.817011e-02,3.608644e-03,9.068217e-04,5.267743e-01,3.002316e-02
5.211586e-02,9.890210e-03,1.216709e-02,8.592941e-03,1.337528e-02,8.306164e-03,9.990376e-04,3.312281e-03,7.007200e-02,2.194255e-01,6.575361e-02,3.445848e-03,8.660608e-04,5.093708e-01,2.230723e-02
5.527755e-02,1.508868e-02,1.747302e-02,1.037781e-02,2.713504e-02,2.902800e-02,1.574879e-03,9.919403e-03,8.920802e-02,2.605967e-01,5.184417e-02,3.101833e-03,9.292894e-04,4.103138e-01,1.813179e-02
6.128112e-02,1.329970e-02,1.529752e-02,1.103419e-02,2.804065e-02,3.360787e-02,1.393486e-03,1.010177e-02,1.140628e-01,3.294120e-01,4.304658e-02,2.808748e-03,9.170078e-04,3.224106e-01,1.328585e-02
6.894014e-02,1.336716e-02,1.405063e-02,1.332239e-02,3.024912e-02,2.992446e-02,1.240114e-03,1.380711e-02,1.153464e-01,3.395542e-01,5.114510e-02,3.958336e-03,1.715159e-03,2.923261e-01,1.105358e-02
8.950189e-02,1.404158e-02,2.064246e-02,2.215749e-02,3.237618e-02,2.742812e-02,1.296551e-03,1.827918e-02,1.216857e-01,3.059797e-01,4.721139e-02,4.806885e-03,2.020283e-03,2.828698e-01,9.702848e-03
1.024972e-01,1.676145e-02,2.111374e-02,2.031931e-02,3.526313e-02,3.059997e-02,1.215482e-03,1.769133e-02,1.464030e-01,2.559226e-01,5.056934e-02,5.691892e-03,2.345794e-03,2.847281e-01,8.877724e-03
1.192346e-01,1.761561e-02,2.491004e-02,1.807361e-02,3.690419e-02,3.361066e-02,1.603476e-03,1.668205e-02,1.659306e-01,1.930769e-01,5.118754e-02,5.812539e-03,2.140357e-03,3.044665e-01,8.751302e-03
1.398836e-01,1.502873e-02,3.306581e-02,1.681403e-02,3.108691e-02,3.075567e-02,1.698480e-03,1.409264e-02,1.485732e-01,1.405460e-01,5.307227e-02,6.610077e-03,2.149649e-03,3.581251e-01,8.497754e-03
1.879632e-01,1.548227e-02,4.298721e-02,1.440097e-02,2.649002e-02,2.920998e-02,2.315469e-03,1.195075e-02,1.272340e-01,9.962272e-02,5.551355e-02,8.450894e-03,2.650998e-03,3.641345e-01,1.159336e-02
2.933039e-01,1.330038e-02,4.524370e-02,1.391922e-02,2.074661e-02,2.396423e-02,2.500812e-03,1.159534e-02,1.418596e-01,7.182437e-02,4.629252e-02,1.021140e-02,2.494943e-03,2.912883e-01,1.145453e-02
3.860052e-01,1.173853e-02,4.032941e-02,1.292986e-02,1.651397e-02,2.487401e-02,2.123849e-03,1.009124e-02,1.228197e-01,5.109889e-02,4.689046e-02,1.305513e-02,3.199412e-03,2.446849e-01,1.364535e-02
4.479058e-01,1.301583e-02,3.507311e-02,1.415558e-02,1.648574e-02,2.111643e-02,1.675083e-03,9.025250e-03,1.144475e-01,3.728530e-02,4.038478e-02,1.928320e-02,4.016017e-03,2.112080e-01,1.492224e-02
1.000000e+00,0.000000e+00,0.000000e+00,0.000000e+00,0.000000e+00,0.000000e+00,0.000000e+00,0.000000e+00,0.000000e+00,0.000000e+00,0.000000e+00,0.000000e+00,0.000000e+00,0.000000e+00,0.000000e+00
1.000000e+00,0.000000e+00,0.000000e+00,0.000000e+00,0.000000e+00,0.000000e+00,0.000000e+00,0.000000e+00,0.000000e+00,0.000000e+00,0.000000e+00,0.000000e+00,0.000000e+00,0.000000e+00,0.000000e+00
1.000000e+00,0.000000e+00,0.000000e+00,0.000000e+00,0.000000e+00,0.000000e+00,0.000000e+00,0.000000e+00,0.000000e+00,0.000000e+00,0.000000e+00,0.000000e+00,0.000000e+00,0.000000e+00,0.000000e+00
4.498892e-01,9.166057e-03,1.783368e-02,1.842275e-02,1.127412e-02,1.674701e-01,1.609106e-03,7.337673e-03,3.874375e-02,1.082253e-02,6.416091e-02,1.275716e-01,3.528029e-03,6.013994e-02,1.203039e-02
4.222820e-01,8.748441e-03,1.349398e-02,1.712123e-02,1.031177e-02,1.426551e-01,2.139915e-03,6.576921e-03,2.855695e-02,8.075326e-03,9.816655e-02,1.857099e-01,2.783480e-03,4.312971e-02,1.024871e-02
4.382803e-01,1.089607e-02,1.107620e-02,1.844190e-02,1.265232e-02,1.203921e-01,2.464543e-03,6.487238e-03,2.105952e-02,6.156228e-03,1.015346e-01,2.066924e-01,2.608184e-03,3.199598e-02,9.262474e-03
3.911484e-01,1.301788e-02,8.961168e-03,1.705647e-02,2.055726e-02,1.013754e-01,2.701783e-03,5.912138e-03,1.567421e-02,4.858663e-03,1.328278e-01,2.513457e-01,2.594500e-03,2.392562e-02,8.042927e-03
3.687253e-01,1.766331e-02,7.894613e-03,1.778193e-02,3.381799e-02,8.869792e-02,3.564851e-03,6.160226e-03,1.352451e-02,3.615805e-03,1.281881e-01,2.821384e-01,2.757692e-03,1.744048e-02,8.028906e-03
3.321141e-01,1.678551e-02,6.282883e-03,1.547998e-02,3.814666e-02,7.847638e-02,4.101677e-03,6.108959e-03,1.221173e-02,2.780216e-03,1.295998e-01,3.336152e-01,2.820341e-03,1.333788e-02,8.138689e-03
3.264241e-01,1.896837e-02,6.230548e-03,1.820078e-02,4.642574e-02,8.611231e-02,4.068720e-03,6.572300e-03,1.095206e-02,2.383649e-03,1.225277e-01,3.282713e-01,2.877490e-03,1.081501e-02,9.169952e-03
3.364545e-01,2.137635e-02,5.790499e-03,2.090933e-02,5.515150e-02,7.396087e-02,3.911280e-03,7.003464e-03,1.042488e-02,1.998739e-03,1.386684e-01,3.024285e-01,3.592784e-03,9.029614e-03,9.299290e-03
3.449732e-01,2.277986e-02,6.100700e-03,2.507939e-02,8.061583e-02,5.873394e-02,4.060865e-03,1.337721e-02,1.012402e-02,1.674627e-03,1.259097e-01,2.867124e-01,3.282104e-03,7.561679e-03,9.014440e-03
3.619941e-01,1.866089e-02,4.758193e-03,2.526671e-02,6.212343e-02,4.780962e-02,3.856456e-03,1.781311e-02,1.504176e-02,1.746438e-03,1.425689e-01,2.760429e-01,3.799852e-03,9.020017e-03,9.497751e-03
2.966292e-01,1.420461e-02,4.446315e-03,1.994914e-02,6.414464e-02,4.334249e-02,3.928140e-03,1.716130e-02,1.394094e-02,2.109340e-03,1.709350e-01,3.280792e-01,4.713974e-03,8.941731e-03,7.473972e-03
2.749637e-01,1.079004e-02,3.633425e-03,1.523252e-02,4.954567e-02,4.785888e-02,3.922570e-03,1.506910e-02,1.192960e-02,2.525073e-03,1.824406e-01,3.599524e-01,6.575989e-03,9.144599e-03,6.415795e-03
2.071748e-01,8.172634e-03,3.221783e-03,1.105688e-02,4.213148e-02,4.087715e-02,2.971510e-03,1.139277e-02,1.336316e-02,2.604910e-03,1.537120e-01,4.823988e-01,8.041264e-03,8.005225e-03,4.875567e-03
1.540557e-01,6.006659e-03,2.638459e-03,8.085222e-03,3.447875e-02,3.241948e-02,2.239626e-03,8.445083e-03,1.322389e-02,2.591695e-03,1.235349e-01,5.934550e-01,8.169559e-03,6.966306e-03,3.689678e-03
1.189197e-01,5.205643e-03,2.787102e-03,7.346699e-03,3.952521e-02,2.733588e-02,1.776047e-03,7.669297e-03,1.920875e-02,2.838434e-03,9.004175e-02,6.614580e-01,6.972163e-03,5.784230e-03,3.131161e-03
8.988806e-02,3.955769e-03,2.540640e-03,5.765646e-03,4.699028e-02,2.103229e-02,1.423804e-03,6.984444e-03,2.431892e-02,2.614515e-03,6.618809e-02,7.150378e-01,6.527204e-03,4.413940e-03,2.318526e-03
6.682345e-02,2.976249e-03,2.040025e-03,4.351468e-03,6.637920e-02,1.597431e-02,1.333723e-03,5.798857e-03,3.058012e-02,2.438745e-03,4.804679e-02,7.426100e-01,5.702619e-03,3.275581e-03,1.668869e-03
5.109955e-02,2.268713e-03,1.980790e-03,3.657719e-03,1.838558e-01,1.338260e-02,1.255899e-03,8.809723e-03,3.092250e-02,2.039207e-03,3.494433e-02,6.555870e-01,6.588589e-03,2.427471e-03,1.180019e-03
3.954860e-02,1.738963e-03,1.874952e-03,3.067379e-03,2.698466e-01,1.306255e-02,1.378579e-03,1.107408e-02,2.720538e-02,1.639512e-03,3.089313e-02,5.838634e-01,1.207857e-02,1.875277e-03,8.529938e-04
3.245055e-02,1.367161e-03,1.673115e-03,2.200333e-03,4.032276e-01,9.611363e-03,3.146167e-03,1.156582e-02,4.108483e-02,1.192868e-03,2.275585e-02,4.558693e-01,1.183158e-02,1.396764e-03,6.266320e-04
3.401085e-02,1.215000e-03,3.082150e-03,1.857575e-03,4.449563e-01,9.399854e-03,3.401054e-03,4.656357e-02,4.773084e-02,1.024291e-03,2.621094e-02,3.621855e-01,1.655401e-02,1.238358e-03,5.696032e-04
3.483281e-02,1.145831e-03,4.537794e-03,1.613100e-03,4.134660e-01,9.910798e-03,3.911861e-03,8.396477e-02,5.221143e-02,7.896503e-04,8.550588e-02,2.886304e-01,1.798365e-02,1.004230e-03,4.917517e-04
5.658940e-02,1.466281e-03,8.026329e-03,2.619853e-03,3.234174e-01,1.709556e-02,3.733710e-03,1.202560e-01,5.275616e-02,8.293912e-04,1.464368e-01,2.454594e-01,1.926610e-02,9.168250e-04,1.130684e-03
6.383178e-02,1.379926e-03,1.052841e-02,2.700774e-03,2.548524e-01,2.153376e-02,4.961424e-03,2.062276e-01,5.022354e-02,8.720590e-04,1.462059e-01,2.127731e-01,2.181841e-02,8.390729e-04,1.251863e-03
1.085680e-01,1.924957e-03,8.483557e-03,3.851142e-03,1.998622e-01,9.092585e-02,6.351999e-03,1.650587e-01,6.172595e-02,8.298140e-04,1.251334e-01,1.973248e-01,2.655391e-02,8.155493e-04,2.590155e-03
1.281389e-01,3.008506e-03,7.172972e-03,4.087443e-03,1.799390e-01,9.109437e-02,6.639629e-03,1.500510e-01,8.246741e-02,7.782628e-04,1.239984e-01,1.867256e-01,3.229019e-02,1.190763e-03,2.417455e-03
1.434451e-01,8.571936e-03,6.811326e-03,5.414453e-03,1.434876e-01,8.468384e-02,7.369043e-03,1.403418e-01,1.474108e-01,1.010976e-03,9.930053e-02,1.611244e-01,4.614083e-02,1.795072e-03,3.092224e-03
2.605001e-01,8.558548e-03,5.209371e-03,7.574031e-03,1.274019e-01,7.407907e-02,7.524981e-03,1.071876e-01,1.366126e-01,9.016367e-04,7.585128e-02,1.398828e-01,4.175553e-02,1.643000e-03,5.317476e-03
3.533402e-01,7.447056e-03,3.818408e-03,8.578148e-03,1.145026e-01,7.213126e-02,7.194366e-03,7.797708e-02,1.179663e-01,7.250579e-04,5.687876e-02,1.313958e-01,4.150757e-02,1.406768e-03,5.130552e-03
4.242369e-01,6.667395e-03,2.879519e-03,8.404706e-03,9.383050e-02,8.804958e-02,5.826204e-03,5.580668e-02,1.000170e-01,5.960825e-04,4.397343e-02,1.185653e-01,4.483995e-02,1.537631e-03,4.769110e-03
4.682906e-01,5.747254e-03,2.197404e-03,8.067691e-03,7.376932e-02,1.176513e-01,6.145064e-03,4.144115e-02,7.535370e-02,5.006606e-04,3.443533e-02,1.014084e-01,5.922435e-02,1.512371e-03,4.255415e-03
4.994030e-01,4.979672e-03,2.285085e-03,8.547728e-03,5.725686e-02,1.403687e-01,7.413813e-03,3.190327e-02,5.658662e-02,4.518320e-04,2.559639e-02,8.871869e-02,7.089704e-02,1.318005e-03,4.273250e-03
1.000000e+00,0.000000e+00,0.000000e+00,0.000000e+00,0.000000e+00,0.000000e+00,0.000000e+00,0.000000e+00,0.000000e+00,0.000000e+00,0.000000e+00,0.000000e+00,0.000000e+00,0.000000e+00,0.000000e+00
1.000000e+00,0.000000e+00,0.000000e+00,0.000000e+00,0.000000e+00,0.000000e+00,0.000000e+00,0.000000e+00,0.000000e+00,0.000000e+00,0.000000e+00,0.000000e+00,0.000000e+00,0.000000e+00,0.000000e+00
1.000000e+00,0.000000e+00,0.000000e+00,0.000000e+00,0.000000e+00,0.000000e+00,0.000000e+00,0.000000e+00,0.000000e+00,0.000000e+00,0.000000e+00,0.000000e+00,0.000000e+00,0.000000e+00,0.000000e+00
1.000000e+00,0.000000e+00,0.000000e+00,0.000000e+00,0.000000e+00,0.000000e+00,0.000000e+00,0.000000e+00,0.000000e+00,0.000000e+00,0.000000e+00,0.000000e+00,0.000000e+00,0.000000e+00,0.000000e+00
1.000000e+00,0.000000e+00,0.000000e+00,0.000000e+00,0.000000e+00,0.000000e+00,0.000000e+00,0.000000e+00,0.000000e+00,0.000000e+00,0.000000e+00,0.000000e+00,0.000000e+00,0.000000e+00,0.000000e+00
3.665125e-01,4.262980e-03,1.824213e-03,6.899798e-03,1.375865e-02,7.974388e-02,3.754116e-03,5.262164e-03,1.268574e-02,1.364670e-03,8.394686e-03,5.308686e-02,4.353595e-01,1.696905e-03,5.393321e-03
2.573557e-01,3.051706e-03,1.315732e-03,4.945788e-03,1.145023e-02,5.839827e-02,2.678387e-03,3.696461e-03,1.067447e-02,1.123049e-03,6.916472e-03,4.772576e-02,5.855745e-01,1.221223e-03,3.872164e-03
1.826721e-01,2.222595e-03,1.340582e-03,3.994493e-03,1.399115e-02,4.771240e-02,2.065174e-03,2.730057e-03,1.189718e-02,1.366766e-03,1.025776e-02,4.666168e-02,6.692612e-01,9.933143e-04,2.833473e-03
1.323353e-01,1.644387e-03,1.010035e-03,3.197188e-03,1.141790e-02,4.187727e-02,1.538981e-03,1.967548e-03,1.200036e-02,1.982459e-03,1.514661e-02,5.926235e-02,7.137429e-01,7.787899e-04,2.097932e-03
9.450550e-02,1.221029e-03,7.555854e-04,2.750057e-03,8.310897e-03,4.115320e-02,1.151922e-03,1.412038e-03,1.423526e-02,2.052767e-03,1.424852e-02,7.314150e-02,7.429064e-01,6.043180e-04,1.551007e-03
6.649344e-02,9.291914e-04,6.555866e-04,2.456720e-03,6.708530e-03,3.499246e-02,8.840391e-04,1.190892e-03,1.395381e-02,2.068404e-03,1.378865e-02,8.750801e-02,7.667191e-01,4.746413e-04,1.176586e-03
4.681628e-02,7.800059e-04,5.676208e-04,1.897230e-03,1.387239e-02,2.523110e-02,9.474545e-04,9.979766e-04,2.423751e-02,2.103556e-03,1.232359e-02,1.010059e-01,7.678527e-01,3.894105e-04,9.773137e-04
3.643574e-02,9.980600e-04,1.476096e-03,1.879554e-03,3.827393e-02,2.029938e-02,2.345814e-03,2.642726e-03,4.046298e-02,6.139882e-03,1.230023e-02,1.415052e-01,6.934305e-01,6.136252e-04,1.196390e-03
2.765479e-02,1.486305e-03,1.379047e-03,1.510813e-03,5.828847e-02,1.589574e-02,3.285612e-03,4.702435e-03,7.041557e-02,8.673318e-03,1.157023e-02,1.686732e-01,6.244575e-01,6.446150e-04,1.362447e-03
2.104019e-02,4.974204e-03,2.980907e-03,1.291282e-03,6.416190e-02,1.442288e-02,4.287419e-03,1.070330e-02,1.599599e-01,9.415996e-03,1.027828e-02,1.800620e-01,5.136575e-01,7.305809e-04,2.033713e-03
1.620148e-02,4.194991e-03,3.524661e-03,1.078975e-03,1.040384e-01,1.066482e-02,4.779082e-03,1.684758e-02,1.548119e-01,9.660937e-03,1.126444e-02,2.381065e-01,4.219341e-01,1.020841e-03,1.871292e-03
1.276284e-02,3.671897e-03,3.711760e-03,1.003960e-03,1.328463e-01,7.972790e-03,3.984353e-03,2.359072e-02,1.582700e-01,1.077657e-02,1.442413e-02,2.912124e-01,3.332105e-01,1.013182e-03,1.548622e-03
1.153135e-02,3.383715e-03,3.510000e-03,9.848343e-04,1.304533e-01,6.153351e-03,3.057810e-03,4.167837e-02,1.790095e-01,9.371775e-03,1.980641e-02,2.978623e-01,2.907616e-01,1.177227e-03,1.258535e-03
1.060480e-02,2.784674e-03,2.742128e-03,1.308114e-03,2.104546e-01,4.560517e-03,2.748164e-03,4.519942e-02,2.005556e-01,7.794719e-03,2.013858e-02,2.483686e-01,2.408813e-01,9.172630e-04,9.415324e-04
