1.000000e+00,0.000000e+00,0.000000e+00,0.000000e+00,0.000000e+00,0.000000e+00,0.000000e+00,0.000000e+00,0.000000e+00,0.000000e+00,0.000000e+00,0.000000e+00,0.000000e+00,0.000000e+00,0.000000e+00
1.000000e+00,0.000000e+00,0.000000e+00,0.000000e+00,0.000000e+00,0.000000e+00,0.000000e+00,0.000000e+00,0.000000e+00,0.000000e+00,0.000000e+00,0.000000e+00,0.000000e+00,0.000000e+00,0.000000e+00
1.000000e+00,0.000000e+00,0.000000e+00,0.000000e+00,0.000000e+00,0.000000e+00,0.000000e+00,0.000000e+00,0.000000e+00,0.000000e+00,0.000000e+00,0.000000e+00,0.000000e+00,0.000000e+00,0.000000e+00
1.000000e+00,0.000000e+00,0.000000e+00,0.000000e+00,0.000000e+00,0.000000e+00,0.000000e+00,0.000000e+00,0.000000e+00,0.000000e+00,0.000000e+00,0.000000e+00,0.000000e+00,0.000000e+00,0.000000e+00
1.000000e+00,0.000000e+00,0.000000e+00,0.000000e+00,0.000000e+00,0.000000e+00,0.000000e+00,0.000000e+00,0.000000e+00,0.000000e+00,0.000000e+00,0.000000e+00,0.000000e+00,0.000000e+00,0.000000e+00
1.000000e+00,0.000000e+00,0.000000e+00,0.000000e+00,0.000000e+00,0.000000e+00,0.000000e+00,0.000000e+00,0.000000e+00,0.000000e+00,0.000000e+00,0.000000e+00,0.000000e+00,0.000000e+00,0.000000e+00
1.000000e+00,0.000000e+00,0.000000e+00,0.000000e+00,0.000000e+00,0.000000e+00,0.000000e+00,0.000000e+00,0.000000e+00,0.000000e+00,0.000000e+00,0.000000e+00,0.000000e+00,0.000000e+00,0.000000e+00
1.000000e+00,0.000000e+00,0.000000e+00,0.000000e+00,0.000000e+00,0.000000e+00,0.000000e+00,0.000000e+00,0.000000e+00,0.000000e+00,0.000000e+00,0.000000e+00,0.000000e+00,0.000000e+00,0.000000e+00
1.000000e+00,0.000000e+00,0.000000e+00,0.000000e+00,0.000000e+00,0.000000e+00,0.000000e+00,0.000000e+00,0.000000e+00,0.000000e+00,0.000000e+00,0.000000e+00,0.000000e+00,0.000000e+00,0.000000e+00
1.000000e+00,0.000000e+00,0.000000e+00,0.000000e+00,0.000000e+00,0.000000e+00,0.000000e+00,0.000000e+00,0.000000e+00,0.000000e+00,0.000000e+00,0.000000e+00,0.000000e+00,0.000000e+00,0.000000e+00
1.000000e+00,0.000000e+00,0.000000e+00,0.000000e+00,0.000000e+00,0.000000e+00,0.000000e+00,0.000000e+00,0.000000e+00,0.000000e+00,0.000000e+00,0.000000e+00,0.000000e+00,0.000000e+00,0.000000e+00
1.000000e+00,0.000000e+00,0.000000e+00,0.000000e+00,0.000000e+00,0.000000e+00,0.000000e+00,0.000000e+00,0.000000e+00,0.000000e+00,0.000000e+00,0.000000e+00,0.000000e+00,0.000000e+00,0.000000e+00
1.000000e+00,0.000000e+00,0.000000e+00,0.000000e+00,0.000000e+00,0.000000e+00,0.000000e+00,0.000000e+00,0.000000e+00,0.000000e+00,0.000000e+00,0.000000e+00,0.000000e+00,0.000000e+00,0.000000e+00
1.000000e+00,0.000000e+00,0.000000e+00,0.000000e+00,0.000000e+00,0.000000e+00,0.000000e+00,0.000000e+00,0.000000e+00,0.000000e+00,0.000000e+00,0.000000e+00,0.000000e+00,0.000000e+00,0.000000e+00
1.000000e+00,0.000000e+00,0.000000e+00,0.000000e+00,0.000000e+00,0.000000e+00,0.000000e+00,0.000000e+00,0.000000e+00,0.000000e+00,0.000000e+00,0.000000e+00,0.000000e+00,0.000000e+00,0.000000e+00
1.000000e+00,0.000000e+00,0.000000e+00,0.000000e+00,0.000000e+00,0.000000e+00,0.000000e+00,0.000000e+00,0.000000e+00,0.000000e+00,0.000000e+00,0.000000e+00,0.000000e+00,0.000000e+00,0.000000e+00
1.000000e+00,0.000000e+00,0.000000e+00,0.000000e+00,0.000000e+00,0.000000e+00,0.000000e+00,0.000000e+00,0.000000e+00,0.000000e+00,0.000000e+00,0.000000e+00,0.000000e+00,0.000000e+00,0.000000e+00
1.000000e+00,0.000000e+00,0.000000e+00,0.000000e+00,0.000000e+00,0.000000e+00,0.000000e+00,0.000000e+00,0.000000e+00,0.000000e+00,0.000000e+00,0.000000e+00,0.000000e+00,0.000000e+00,0.000000e+00
1.000000e+00,0.000000e+00,0.000000e+00,0.000000e+00,0.000000e+00,0.000000e+00,0.000000e+00,0.000000e+00,0.000000e+00,0.000000e+00,0.000000e+00,0.000000e+00,0.000000e+00,0.000000e+00,0.000000e+00
1.000000e+00,0.000000e+00,0.000000e+00,0.000000e+00,0.000000e+00,0.000000e+00,0.000000e+00,0.000000e+00,0.000000e+00,0.000000e+00,0.000000e+00,0.000000e+00,0.000000e+00,0.000000e+00,0.000000e+00
1.000000e+00,0.000000e+00,0.000000e+00,0.000000e+00,0.000000e+00,0.000000e+00,0.000000e+00,0.000000e+00,0.000000e+00,0.000000e+00,0.000000e+00,0.000000e+00,0.000000e+00,0.000000e+00,0.000000e+00
1.000000e+00,0.000000e+00,0.000000e+00,0.000000e+00,0.000000e+00,0.000000e+00,0.000000e+00,0.000000e+00,0.000000e+00,0.000000e+00,0.000000e+00,0.000000e+00,0.000000e+00,0.000000e+00,0.000000e+00
1.000000e+00,0.000000e+00,0.000000e+00,0.000000e+00,0.000000e+00,0.000000e+00,0.000000e+00,0.000000e+00,0.000000e+00,0.000000e+00,0.000000e+00,0.000000e+00,0.000000e+00,0.000000e+00,0.000000e+00
1.000000e+00,0.000000e+00,0.000000e+00,0.000000e+00,0.000000e+00,0.000000e+00,0.000000e+00,0.000000e+00,0.000000e+00,0.000000e+00,0.000000e+00,0.000000e+00,0.000000e+00,0.000000e+00,0.000000e+00
1.000000e+00,0.000000e+00,0.000000e+00,0.000000e+00,0.000000e+00,0.000000e+00,0.000000e+00,0.000000e+00,0.000000e+00,0.000000e+00,0.000000e+00,0.000000e+00,0.000000e+00,0.000000e+00,0.000000e+00
1.000000e+00,0.000000e+00,0.000000e+00,0.000000e+00,0.000000e+00,0.000000e+00,0.000000e+00,0.000000e+00,0.000000e+00,0.000000e+00,0.000000e+00,0.000000e+00,0.000000e+00,0.000000e+00,0.000000e+00
1.000000e+00,0.000000e+00,0.000000e+00,0.000000e+00,0.000000e+00,0.000000e+00,0.000000e+00,0.000000e+00,0.000000e+00,0.000000e+00,0.000000e+00,0.000000e+00,0.000000e+00,0.000000e+00,0.000000e+00
1.000000e+00,0.000000e+00,0.000000e+00,0.000000e+00,0.000000e+00,0.000000e+00,0.000000e+00,0.000000e+00,0.000000e+00,0.000000e+00,0.000000e+00,0.000000e+00,0.000000e+00,0.000000e+00,0.000000e+00
1.000000e+00,0.000000e+00,0.000000e+00,0.000000e+00,0.000000e+00,0.000000e+00,0.000000e+00,0.000000e+00,0.000000e+00,0.000000e+00,0.000000e+00,0.000000e+00,0.000000e+00,0.000000e+00,0.000000e+00
1.000000e+00,0.000000e+00,0.000000e+00,0.000000e+00,0.000000e+00,0.000000e+00,0.000000e+00,0.000000e+00,0.000000e+00,0.000000e+00,0.000000e+00,0.000000e+00,0.000000e+00,0.000000e+00,0.000000e+00
1.000000e+00,0.000000e+00,0.000000e+00,0.000000e+00,0.000000e+00,0.000000e+00,0.000000e+00,0.000000e+00,0.000000e+00,0.000000e+00,0.000000e+00,0.000000e+00,0.000000e+00,0.000000e+00,0.000000e+00
1.000000e+00,0.000000e+00,0.000000e+00,0.000000e+00,0.000000e+00,0.000000e+00,0.000000e+00,0.000000e+00,0.000000e+00,0.000000e+00,0.000000e+00,0.000000e+00,0.000000e+00,0.000000e+00,0.000000e+00
1.000000e+00,0.000000e+00,0.000000e+00,0.000000e+00,0.000000e+00,0.000000e+00,0.000000e+00,0.000000e+00,0.000000e+00,0.000000e+00,0.000000e+00,0.000000e+00,0.000000e+00,0.000000e+00,0.000000e+00
1.000000e+00,0.000000e+00,0.000000e+00,0.000000e+00,0.000000e+00,0.000000e+00,0.000000e+00,0.000000e+00,0.000000e+00,0.000000e+00,0.000000e+00,0.000000e+00,0.000000e+00,0.000000e+00,0.000000e+00
1.000000e+00,0.000000e+00,0.000000e+00,0.000000e+00,0.000000e+00,0.000000e+00,0.000000e+00,0.000000e+00,0.000000e+00,0.000000e+00,0.000000e+00,0.000000e+00,0.000000e+00,0.000000e+00,0.000000e+00
1.000000e+00,0.000000e+00,0.000000e+00,0.000000e+00,0.000000e+00,0.000000e+00,0.000000e+00,0.000000e+00,0.000000e+00,0.000000e+00,0.000000e+00,0.000000e+00,0.000000e+00,0.000000e+00,0.000000e+00
1.000000e+00,0.000000e+00,0.000000e+00,0.000000e+00,0.000000e+00,0.000000e+00,0.000000e+00,0.000000e+00,0.000000e+00,0.000000e+00,0.000000e+00,0.000000e+00,0.000000e+00,0.000000e+00,0.000000e+00
1.000000e+00,0.000000e+00,0.000000e+00,0.000000e+00,0.000000e+00,0.000000e+00,0.000000e+00,0.000000e+00,0.000000e+00,0.000000e+00,0.000000e+00,0.000000e+00,0.000000e+00,0.000000e+00,0.000000e+00
1.000000e+00,0.000000e+00,0.000000e+00,0.000000e+00,0.000000e+00,0.000000e+00,0.000000e+00,0.000000e+00,0.000000e+00,0.000000e+00,0.000000e+00,0.000000e+00,0.000000e+00,0.000000e+00,0.000000e+00
1.000000e+00,0.000000e+00,0.000000e+00,0.000000e+00,0.000000e+00,0.000000e+00,0.000000e+00,0.000000e+00,0.000000e+00,0.000000e+00,0.000000e+00,0.000000e+00,0.000000e+00,0.000000e+00,0.000000e+00
1.000000e+00,0.000000e+00,0.000000e+00,0.000000e+00,0.000000e+00,0.000000e+00,0.000000e+00,0.000000e+00,0.000000e+00,0.000000e+00,0.000000e+00,0.000000e+00,0.000000e+00,0.000000e+00,0.000000e+00
1.000000e+00,0.000000e+00,0.000000e+00,0.000000e+00,0.000000e+00,0.000000e+00,0.000000e+00,0.000000e+00,0.000000e+00,0.000000e+00,0.000000e+00,0.000000e+00,0.000000e+00,0.000000e+00,0.000000e+00
1.000000e+00,0.000000e+00,0.000000e+00,0.000000e+00,0.000000e+00,0.000000e+00,0.000000e+00,0.000000e+00,0.000000e+00,0.000000e+00,0.000000e+00,0.000000e+00,0.000000e+00,0.000000e+00,0.000000e+00
1.000000e+00,0.000000e+00,0.000000e+00,0.000000e+00,0.000000e+00,0.000000e+00,0.000000e+00,0.000000e+00,0.000000e+00,0.000000e+00,0.000000e+00,0.000000e+00,0.000000e+00,0.000000e+00,0.000000e+00
1.000000e+00,0.000000e+00,0.000000e+00,0.000000e+00,0.000000e+00,0.000000e+00,0.000000e+00,0.000000e+00,0.000000e+00,0.000000e+00,0.000000e+00,0.000000e+00,0.000000e+00,0.000000e+00,0.000000e+00
1.000000e+00,0.000000e+00,0.000000e+00,0.000000e+00,0.000000e+00,0.000000e+00,0.000000e+00,0.000000e+00,0.000000e+00,0.000000e+00,0.000000e+00,0.000000e+00,0.000000e+00,0.000000e+00,0.000000e+00
1.000000e+00,0.000000e+00,0.000000e+00,0.000000e+00,0.000000e+00,0.000000e+00,0.000000e+00,0.000000e+00,0.000000e+00,0.000000e+00,0.000000e+00,0.000000e+00,0.000000e+00,0.000000e+00,0.000000e+00
1.000000e+00,0.000000e+00,0.000000e+00,0.000000e+00,0.000000e+00,0.000000e+00,0.000000e+00,0.000000e+00,0.000000e+00,0.000000e+00,0.000000e+00,0.000000e+00,0.000000e+00,0.000000e+00,0.000000e+00
1.000000e+00,0.000000e+00,0.000000e+00,0.000000e+00,0.000000e+00,0.000000e+00,0.000000e+00,0.000000e+00,0.000000e+00,0.000000e+00,0.000000e+00,0.000000e+00,0.000000e+00,0.000000e+00,0.000000e+00
1.000000e+00,0.000000e+00,0.000000e+00,0.000000e+00,0.000000e+00,0.000000e+00,0.000000e+00,0.000000e+00,0.000000e+00,0.000000e+00,0.000000e+00,0.000000e+00,0.000000e+00,0.000000e+00,0.000000e+00
1.000000e+00,0.000000e+00,0.000000e+00,0.000000e+00,0.000000e+00,0.000000e+00,0.000000e+00,0.000000e+00,0.000000e+00,0.000000e+00,0.000000e+00,0.000000e+00,0.000000e+00,0.000000e+00,0.000000e+00
1.000000e+00,0.000000e+00,0.000000e+00,0.000000e+00,0.000000e+00,0.000000e+00,0.000000e+00,0.000000e+00,0.000000e+00,0.000000e+00,0.000000e+00,0.000000e+00,0.000000e+00,0.000000e+00,0.000000e+00
1.000000e+00,0.000000e+00,0.000000e+00,0.000000e+00,0.000000e+00,0.000000e+00,0.000000e+00,0.000000e+00,0.000000e+00,0.000000e+00,0.000000e+00,0.000000e+00,0.000000e+00,0.000000e+00,0.000000e+00
1.000000e+00,0.000000e+00,0.000000e+00,0.000000e+00,0.000000e+00,0.000000e+00,0.000000e+00,0.000000e+00,0.000000e+00,0.000000e+00,0.000000e+00,0.000000e+00,0.000000e+00,0.000000e+00,0.000000e+00
1.000000e+00,0.000000e+00,0.000000e+00,0.000000e+00,0.000000e+00,0.000000e+00,0.000000e+00,0.000000e+00,0.000000e+00,0.000000e+00,0.000000e+00,0.000000e+00,0.000000e+00,0.000000e+00,0.000000e+00
1.000000e+00,0.000000e+00,0.000000e+00,0.000000e+00,0.000000e+00,0.000000e+00,0.000000e+00,0.000000e+00,0.000000e+00,0.000000e+00,0.000000e+00,0.000000e+00,0.000000e+00,0.000000e+00,0.000000e+00
4.158356e-01,3.341508e-02,1.639533e-02,2.142551e-01,4.846016e-03,1.789026e-02,2.963280e-03,6.296606e-03,1.339277e-02,3.240780e-03,1.550323e-01,4.757825e-02,2.830992e-02,4.602793e-03,3.594596e-02
2.914712e-01,2.370863e-02,1.180862e-02,1.771443e-01,5.098951e-03,1.293954e-02,2.085990e-03,4.497366e-03,1.031857e-02,7.631169e-03,1.962359e-01,1.987472e-01,2.828080e-02,4.489212e-03,2.554257e-02
2.041606e-01,1.665648e-02,8.447791e-03,1.304758e-01,6.178451e-03,9.724467e-03,1.474002e-03,3.278546e-03,7.976896e-03,9.775061e-03,2.891266e-01,2.628052e-01,2.794290e-02,3.974513e-03,1.800271e-02
1.429724e-01,1.167228e-02,6.034700e-03,9.424026e-02,1.734941e-02,8.239347e-03,1.043158e-03,2.329888e-03,6.612453e-03,1.636104e-02,3.324025e-01,3.206136e-01,2.297595e-02,4.439102e-03,1.271396e-02
1.002294e-01,8.189861e-03,4.255249e-03,6.679913e-02,1.720240e-01,8.251214e-03,7.438949e-04,1.672266e-03,6.647340e-03,1.426912e-02,3.096448e-01,2.630612e-01,3.144448e-02,3.511569e-03,9.256425e-03
7.091441e-02,5.785582e-03,3.044938e-03,4.850599e-02,2.798176e-01,1.184317e-02,5.891919e-04,1.304435e-03,1.200811e-02,1.310916e-02,2.482218e-01,2.336005e-01,6.171857e-02,2.767727e-03,6.768758e-03
5.013610e-02,4.124286e-03,2.196040e-03,3.596443e-02,2.313026e-01,1.827466e-02,5.194888e-04,1.485233e-03,1.587756e-02,1.046288e-02,1.892005e-01,2.445716e-01,1.886631e-01,2.260657e-03,4.960931e-03
3.541598e-02,2.952207e-03,1.635008e-03,2.613366e-02,1.830940e-01,1.782857e-02,5.986624e-04,1.971711e-03,3.519347e-02,8.248186e-03,1.546546e-01,2.625978e-01,2.642804e-01,1.829151e-03,3.566628e-03
2.509310e-02,2.240255e-03,1.255458e-03,1.873109e-02,1.301752e-01,2.818271e-02,6.830515e-04,1.855423e-03,3.415945e-02,6.048542e-03,1.123675e-01,2.615266e-01,3.731609e-01,1.518165e-03,3.002472e-03
1.776413e-02,1.606748e-03,9.489970e-04,1.341785e-02,9.727021e-02,2.190835e-02,7.933107e-04,2.674241e-03,3.159689e-02,4.357291e-03,8.223654e-02,2.088659e-01,5.130668e-01,1.147114e-03,2.345722e-03
1.263519e-02,1.162457e-03,7.185951e-04,9.702284e-03,7.804585e-02,1.579819e-02,6.826954e-04,3.414107e-03,2.688901e-02,3.125863e-03,6.072037e-02,1.636414e-01,6.208317e-01,9.135613e-04,1.718727e-03
9.601450e-03,8.792736e-04,6.570268e-04,7.046406e-03,7.418247e-02,1.183430e-02,6.816634e-04,8.530634e-03,3.085144e-02,2.260452e-03,4.663717e-02,1.263162e-01,6.785264e-01,7.190864e-04,1.276136e-03
7.988435e-03,6.560751e-04,5.368594e-04,5.201806e-03,8.180669e-02,8.919937e-03,1.723477e-03,2.076618e-02,4.671814e-02,1.626102e-03,3.720679e-02,9.854300e-02,6.867830e-01,5.469212e-04,9.766043e-04
6.225039e-03,4.902027e-04,4.700176e-04,3.868051e-03,6.330699e-02,6.897762e-03,1.774321e-03,4.767688e-02,5.149861e-02,1.185813e-03,2.780938e-02,7.581592e-02,7.117922e-01,4.212956e-04,7.675939e-04
6.478268e-03,5.182957e-04,9.707789e-04,3.706692e-03,5.524475e-02,6.135541e-03,1.480779e-03,1.457011e-01,6.134014e-02,8.755075e-04,2.285253e-02,5.998832e-02,6.336479e-01,3.982185e-04,6.611703e-04
8.907406e-03,6.858931e-04,1.261374e-03,2.979401e-03,5.431066e-02,5.842152e-03,2.025317e-03,2.006015e-01,1.058572e-01,6.349239e-04,1.987456e-02,4.843901e-02,5.476804e-01,3.189254e-04,5.813314e-04
2.958042e-02,8.089166e-04,2.778359e-03,3.554359e-03,5.124472e-02,6.735099e-03,2.161952e-03,3.194946e-01,9.510852e-02,4.908014e-04,1.675445e-02,4.782011e-02,4.226137e-01,2.824934e-04,5.714502e-04
8.814952e-02,1.011662e-03,2.712961e-03,5.075878e-03,8.504511e-02,3.610978e-02,5.049187e-03,3.047853e-01,9.702038e-02,4.169110e-04,1.407411e-02,4.759441e-02,3.120032e-01,2.751766e-04,6.764145e-04
1.337466e-01,1.563961e-03,2.103810e-03,1.000266e-02,7.633333e-02,1.496841e-01,5.833249e-03,2.219687e-01,9.728658e-02,3.808225e-04,1.175591e-02,5.586456e-02,2.316559e-01,2.476218e-04,1.572212e-03
1.939111e-01,4.327941e-03,4.000113e-03,6.469794e-02,6.129486e-02,1.397480e-01,5.139441e-03,1.609542e-01,1.338605e-01,6.233703e-04,9.446360e-03,4.961341e-02,1.678350e-01,3.374807e-04,4.210466e-03
2.294568e-01,7.093601e-03,3.808226e-03,6.022611e-02,7.117593e-02,1.041103e-01,8.285827e-03,1.155988e-01,2.228817e-01,8.576816e-04,7.590682e-03,3.913107e-02,1.217882e-01,3.797645e-04,7.615385e-03
2.244868e-01,1.161911e-02,5.602877e-03,5.967034e-02,1.291007e-01,9.517760e-02,1.750487e-02,8.273890e-02,2.301313e-01,1.060754e-03,6.800224e-03,3.042620e-02,8.837668e-02,5.520794e-04,1.675162e-02
1.978566e-01,1.580829e-02,5.242584e-03,6.089541e-02,2.099126e-01,9.313347e-02,2.688525e-02,6.000272e-02,2.214502e-01,8.898953e-04,5.732790e-03,2.334247e-02,6.415389e-02,4.994752e-04,1.419441e-02
1.733127e-01,3.967292e-02,8.791769e-03,7.169357e-02,2.582665e-01,1.082656e-01,2.990343e-02,4.515184e-02,1.790344e-01,9.944554e-04,4.929424e-03,1.713911e-02,4.710965e-02,4.562952e-04,1.527839e-02
1.692598e-01,3.538498e-02,7.255176e-03,5.957609e-02,2.766099e-01,1.050586e-01,3.065426e-02,4.034133e-02,2.103866e-01,7.721009e-04,4.765270e-03,1.265247e-02,3.545832e-02,4.808494e-04,1.134426e-02
1.655041e-01,3.672044e-02,8.092810e-03,8.937574e-02,3.196098e-01,9.435281e-02,2.698548e-02,4.420481e-02,1.638409e-01,9.833071e-04,4.265013e-03,9.410341e-03,2.618977e-02,4.161001e-04,1.004867e-02
1.629518e-01,3.244485e-02,1.118559e-02,7.989264e-02,2.795563e-01,1.229234e-01,2.397347e-02,3.435982e-02,2.059104e-01,1.722139e-03,3.684548e-03,7.721263e-03,2.289482e-02,6.415853e-04,1.013729e-02
1.699585e-01,2.885064e-02,1.231230e-02,9.050766e-02,2.556427e-01,1.045360e-01,1.795191e-02,3.955313e-02,2.369412e-01,1.905874e-03,4.586159e-03,8.355650e-03,1.971984e-02,7.863379e-04,8.392076e-03
2.292014e-01,2.502511e-02,1.333238e-02,6.965972e-02,2.442695e-01,8.481497e-02,1.342593e-02,7.024172e-02,2.059508e-01,1.920564e-03,5.975028e-03,9.491308e-03,1.644642e-02,1.838416e-03,8.406842e-03
3.142279e-01,3.712288e-02,1.816607e-02,6.571130e-02,1.757701e-01,6.397916e-02,1.008188e-02,5.934684e-02,1.744623e-01,5.195110e-03,1.319424e-02,1.865922e-02,1.804813e-02,7.379225e-03,1.865564e-02
4.000837e-01,4.257907e-02,1.490454e-02,5.442237e-02,1.281631e-01,5.435888e-02,8.706427e-03,5.443354e-02,1.498611e-01,4.750265e-03,1.203613e-02,2.266938e-02,2.759519e-02,6.449524e-03,1.898685e-02
1.000000e+00,0.000000e+00,0.000000e+00,0.000000e+00,0.000000e+00,0.000000e+00,0.000000e+00,0.000000e+00,0.000000e+00,0.000000e+00,0.000000e+00,0.000000e+00,0.000000e+00,0.000000e+00,0.000000e+00
1.000000e+00,0.000000e+00,0.000000e+00,0.000000e+00,0.000000e+00,0.000000e+00,0.000000e+00,0.000000e+00,0.000000e+00,0.000000e+00,0.000000e+00,0.000000e+00,0.000000e+00,0.000000e+00,0.000000e+00
1.000000e+00,0.000000e+00,0.000000e+00,0.000000e+00,0.000000e+00,0.000000e+00,0.000000e+00,0.000000e+00,0.000000e+00,0.000000e+00,0.000000e+00,0.000000e+00,0.000000e+00,0.000000e+00,0.000000e+00
1.000000e+00,0.000000e+00,0.000000e+00,0.000000e+00,0.000000e+00,0.000000e+00,0.000000e+00,0.000000e+00,0.000000e+00,0.000000e+00,0.000000e+00,0.000000e+00,0.000000e+00,0.000000e+00,0.000000e+00
1.000000e+00,0.000000e+00,0.000000e+00,0.000000e+00,0.000000e+00,0.000000e+00,0.000000e+00,0.000000e+00,0.000000e+00,0.000000e+00,0.000000e+00,0.000000e+00,0.000000e+00,0.000000e+00,0.000000e+00
1.000000e+00,0.000000e+00,0.000000e+00,0.000000e+00,0.000000e+00,0.000000e+00,0.000000e+00,0.000000e+00,0.000000e+00,0.000000e+00,0.000000e+00,0.000000e+00,0.000000e+00,0.000000e+00,0.000000e+00
3.975108e-01,1.036483e-02,3.686612e-03,1.301843e-02,2.067204e-02,5.716487e-02,3.676266e-03,6.240364e-03,2.008308e-02,4.071554e-03,4.747309e-02,9.390114e-02,3.064940e-01,5.614361e-03,1.002854e-02
3.050061e-01,7.327616e-03,2.674273e-03,9.612560e-03,1.538744e-02,8.533316e-02,3.446146e-03,4.608779e-03,1.536125e-02,6.409452e-03,7.883805e-02,1.736425e-01,2.780902e-01,6.428022e-03,7.834482e-03
2.182870e-01,5.268290e-03,1.970876e-03,7.076339e-03,1.186583e-02,7.831021e-02,2.889314e-03,3.791295e-03,1.687013e-02,2.928293e-02,1.126799e-01,2.282521e-01,2.625926e-01,1.179013e-02,9.073126e-03
1.568508e-01,3.755009e-03,1.663253e-03,5.780168e-03,9.245039e-03,2.008894e-01,3.295039e-03,3.872080e-03,1.530735e-02,2.466067e-02,1.082181e-01,2.474473e-01,2.018871e-01,9.675532e-03,7.453140e-03
1.126458e-01,3.383599e-03,1.339187e-03,5.083426e-03,2.010243e-02,1.590922e-01,2.503418e-03,3.206384e-03,1.257858e-01,2.700341e-02,9.438261e-02,2.650822e-01,1.643847e-01,9.820471e-03,6.184213e-03
8.138323e-02,3.729878e-03,1.316943e-03,5.368374e-03,2.657404e-02,1.203812e-01,1.941761e-03,2.908886e-03,1.566328e-01,5.699567e-02,8.281828e-02,3.126363e-01,1.315556e-01,1.076605e-02,4.990994e-03
6.069978e-02,3.188098e-03,1.145139e-03,5.582970e-03,2.446181e-02,8.871831e-02,1.474833e-03,3.977501e-03,1.295448e-01,8.805741e-02,7.899803e-02,3.969411e-01,1.018783e-01,1.147582e-02,3.856030e-03
5.418308e-02,2.846187e-03,1.903331e-03,5.806795e-03,4.557148e-02,6.377523e-02,1.252176e-03,6.943834e-03,1.214018e-01,1.044756e-01,6.498507e-02,4.270819e-01,8.466343e-02,1.141442e-02,3.695602e-03
6.641445e-02,4.213548e-03,8.308443e-03,7.472442e-03,7.644247e-02,4.720470e-02,1.452738e-03,2.468448e-02,1.353945e-01,9.906225e-02,5.946492e-02,3.794930e-01,7.399251e-02,1.329544e-02,3.104150e-03
4.968301e-02,3.418070e-03,7.612896e-03,2.348341e-02,9.452643e-02,3.484098e-02,1.063481e-03,2.650216e-02,1.996818e-01,9.585746e-02,6.004862e-02,3.308939e-01,5.775068e-02,1.104968e-02,3.587479e-03
4.563947e-02,2.899516e-03,6.105445e-03,2.693641e-02,1.192657e-01,2.505556e-02,8.395538e-04,3.847416e-02,1.889528e-01,9.109586e-02,6.507085e-02,3.214173e-01,4.934132e-02,1.529003e-02,3.616066e-03
3.760404e-02,2.674126e-03,5.647634e-03,2.689051e-02,1.362971e-01,1.848443e-02,6.711265e-04,4.205255e-02,1.593379e-01,7.422321e-02,1.000543e-01,3.112177e-01,5.933404e-02,2.175317e-02,3.758230e-03
3.076168e-02,3.657325e-03,9.789176e-03,2.061902e-02,1.181407e-01,1.381372e-02,5.785694e-04,3.461613e-02,1.888581e-01,6.452921e-02,1.184305e-01,3.085626e-01,5.639450e-02,2.808052e-02,3.168319e-03
2.445330e-02,5.707908e-03,1.430584e-02,1.583512e-02,1.167642e-01,1.161215e-02,6.623168e-04,2.703703e-02,1.967409e-01,5.001079e-02,1.242837e-01,3.322885e-01,4.386047e-02,3.369980e-02,2.737957e-03
4.387620e-02,5.343434e-03,1.183782e-02,1.315062e-02,1.149344e-01,1.505694e-02,8.799528e-04,2.375509e-02,2.105404e-01,3.886637e-02,1.539126e-01,2.779141e-01,3.608007e-02,5.061374e-02,3.238210e-03
3.961031e-02,5.107463e-03,1.209022e-02,1.104486e-02,1.187896e-01,1.310647e-02,1.009755e-03,2.887727e-02,1.991761e-01,2.902161e-02,1.643543e-01,2.945360e-01,3.331415e-02,4.713675e-02,2.825195e-03
3.404907e-02,6.338645e-03,1.306442e-02,8.736495e-03,1.246214e-01,1.803437e-02,1.187842e-03,2.472131e-02,1.826744e-01,2.319498e-02,1.775234e-01,2.918585e-01,3.442734e-02,5.686788e-02,2.700006e-03
4.144486e-02,1.272494e-02,1.737984e-02,8.435993e-03,1.129604e-01,2.860444e-02,1.155496e-03,2.486634e-02,2.146739e-01,1.958659e-02,1.826832e-01,2.306367e-01,3.001566e-02,6.806354e-02,6.768141e-03
3.899486e-02,1.165910e-02,1.018868e-01,1.394106e-02,8.599788e-02,2.237586e-02,1.222610e-03,7.236419e-02,2.282044e-01,1.559511e-02,1.414847e-01,1.674807e-01,2.928733e-02,6.352544e-02,5.980107e-03
3.884901e-02,1.591104e-02,1.047084e-01,1.182632e-02,8.296277e-02,2.009765e-02,1.081669e-03,5.807660e-02,2.867416e-01,1.188154e-02,1.181744e-01,1.202340e-01,2.312986e-02,1.008505e-01,5.474613e-03
5.103678e-02,2.462427e-02,9.583926e-02,1.072017e-02,9.602971e-02,1.758178e-02,1.032729e-03,5.147351e-02,3.122452e-01,9.824714e-03,9.780400e-02,8.685932e-02,1.811432e-02,1.208460e-01,5.968164e-03
8.589105e-02,2.365696e-02,9.950010e-02,1.257759e-02,1.127734e-01,2.171254e-02,2.004279e-03,5.458799e-02,2.617460e-01,9.449534e-03,1.049698e-01,7.260037e-02,1.639233e-02,1.147458e-01,7.392234e-03
1.114194e-01,2.535666e-02,7.774723e-02,1.408654e-02,1.244221e-01,2.494214e-02,2.126381e-03,6.055700e-02,2.398027e-01,9.020247e-03,1.022469e-01,7.498480e-02,1.643264e-02,1.026069e-01,1.424835e-02
1.147430e-01,2.508769e-02,6.188334e-02,1.848526e-02,1.568922e-01,2.462659e-02,1.965966e-03,8.239377e-02,2.429398e-01,7.773445e-03,8.918988e-02,5.998743e-02,1.368751e-02,8.738542e-02,1.295863e-02
1.054102e-01,2.161239e-02,5.744622e-02,7.548298e-02,1.645113e-01,2.277256e-02,1.854147e-03,1.071703e-01,2.407418e-01,6.548131e-03,6.647509e-02,4.433875e-02,1.101457e-02,6.244037e-02,1.218117e-02
9.299889e-02,1.877598e-02,4.773268e-02,6.007761e-02,1.386542e-01,1.841751e-02,1.472380e-03,7.680085e-02,3.930407e-01,5.306656e-03,4.782373e-02,3.174203e-02,8.529339e-03,4.464274e-02,1.398468e-02
7.290431e-02,2.264223e-02,3.406239e-02,4.664416e-02,1.007180e-01,1.767670e-02,1.114450e-03,5.439132e-02,5.052692e-01,6.304280e-03,3.567222e-02,2.384542e-02,1.275938e-02,3.191170e-02,3.408417e-02
5.187275e-02,1.982756e-02,2.389440e-02,3.461009e-02,7.081796e-02,1.264575e-02,8.072426e-04,3.823879e-02,6.288198e-01,5.501142e-03,2.558485e-02,1.677899e-02,1.678913e-02,2.243982e-02,3.137171e-02
3.835157e-02,1.693600e-02,1.707647e-02,2.650412e-02,5.054506e-02,1.039808e-02,6.309946e-04,2.783877e-02,5.524193e-01,4.496530e-03,2.146973e-02,1.234813e-02,1.486960e-01,1.672699e-02,5.556225e-02
2.769140e-02,1.355669e-02,1.211810e-02,1.926519e-02,3.581423e-02,7.633152e-03,5.595760e-04,1.962582e-02,5.203874e-01,3.542555e-03,1.581031e-02,9.266349e-03,2.591456e-01,1.204790e-02,4.353578e-02
2.117888e-02,1.023733e-02,8.651947e-03,1.390137e-02,2.595108e-02,6.929792e-03,6.271976e-04,1.490701e-02,4.714083e-01,2.568959e-03,1.230858e-02,6.904264e-03,3.629186e-01,8.577433e-03,3.292929e-02
1.873314e-02,7.729729e-03,6.232743e-03,1.053150e-02,1.885016e-02,6.544972e-03,6.938674e-04,1.116122e-02,3.688228e-01,1.889959e-03,8.931374e-03,6.218196e-03,5.031819e-01,6.063799e-03,2.441459e-02
1.543919e-02,5.643896e-03,4.442766e-03,7.566672e-03,1.357371e-02,5.304903e-03,5.352003e-04,8.004225e-03,2.748465e-01,1.333716e-03,6.439489e-03,5.942494e-03,6.292430e-01,4.288522e-03,1.739575e-02
1.371876e-02,4.107456e-03,3.169200e-03,5.417534e-03,9.998987e-03,4.619390e-03,4.274526e-04,5.715375e-03,1.995466e-01,9.436953e-04,4.779631e-03,5.458943e-03,7.264831e-01,3.069435e-03,1.254442e-02
1.042735e-02,3.089937e-03,2.503807e-03,3.842215e-03,7.980631e-03,4.141525e-03,4.268361e-04,4.185913e-03,1.464006e-01,7.004067e-04,3.578217e-03,4.366680e-03,7.970241e-01,2.248744e-03,9.083050e-03
9.916716e-03,2.634316e-03,2.626252e-03,2.910921e-03,6.888749e-03,6.638333e-03,4.282164e-04,3.031457e-03,1.118172e-01,5.549925e-04,3.038007e-03,4.157368e-03,8.367971e-01,1.761469e-03,6.798841e-03
2.137884e-02,3.565477e-03,3.652198e-03,2.354920e-03,1.030769e-02,1.032007e-02,6.011742e-04,2.482389e-03,8.102076e-02,8.042655e-04,4.107309e-03,6.097949e-03,8.467463e-01,1.460205e-03,5.100374e-03
2.333220e-02,3.170425e-03,4.483349e-03,1.863522e-03,1.342982e-02,9.113804e-03,9.459929e-04,2.131035e-03,5.792357e-02,1.305379e-03,3.839092e-03,6.640378e-03,8.653213e-01,1.182879e-03,5.317283e-03
3.187466e-02,4.087160e-03,4.999160e-03,1.601747e-03,1.571310e-02,8.429652e-03,9.142519e-04,1.901938e-03,4.492819e-02,1.846523e-03,3.829865e-03,8.292790e-03,8.651462e-01,1.073840e-03,5.360955e-03
3.621326e-02,5.335452e-03,8.626116e-03,4.456376e-03,1.637935e-02,7.609498e-03,8.731753e-04,4.113981e-03,3.776263e-02,2.178783e-03,3.761228e-03,1.315040e-02,8.534377e-01,1.167137e-03,4.934959e-03
5.600198e-02,7.946269e-03,8.126072e-03,4.320665e-03,1.923489e-02,1.231830e-02,9.090427e-04,5.174172e-03,3.558265e-02,1.795805e-03,4.339514e-03,1.674862e-02,8.215040e-01,1.361875e-03,4.636161e-03
5.185631e-02,7.771391e-03,1.038253e-02,9.241194e-03,2.346777e-02,1.231956e-02,1.139757e-03,7.866076e-02,3.521255e-02,1.544341e-03,4.673395e-03,1.596249e-02,7.414317e-01,1.663153e-03,4.673218e-03
5.412282e-02,7.490729e-03,1.222929e-02,8.929239e-03,2.227139e-02,1.640936e-02,1.350844e-03,9.953894e-02,3.536594e-02,1.295878e-03,4.138933e-03,1.349108e-02,7.166751e-01,1.587259e-03,5.103235e-03
6.300929e-02,7.751603e-03,1.258350e-02,8.707770e-03,2.989120e-02,2.597088e-02,3.451449e-03,8.666799e-02,3.822813e-02,1.066663e-03,3.170502e-03,1.474990e-02,6.966766e-01,1.358596e-03,6.715950e-03
1.104355e-01,1.092333e-02,1.059712e-02,1.169725e-02,3.215738e-02,2.915259e-02,4.944986e-03,9.446773e-02,4.224509e-02,1.066428e-03,3.517826e-03,2.136729e-02,6.115354e-01,2.652069e-03,1.324000e-02
1.408587e-01,1.255082e-02,8.381232e-03,1.396539e-02,3.913211e-02,4.252684e-02,8.420421e-03,8.956006e-02,4.090604e-02,9.433173e-04,4.008180e-03,2.118834e-02,5.581145e-01,2.654502e-03,1.678956e-02
1.850863e-01,1.347178e-02,8.043420e-03,1.953079e-02,3.871986e-02,3.982057e-02,7.349781e-03,1.147688e-01,3.931767e-02,1.056121e-03,4.376609e-03,1.737966e-02,4.775162e-01,3.112227e-03,3.045017e-02
1.973416e-01,1.410266e-02,6.549452e-03,2.060216e-02,3.407944e-02,4.233670e-02,8.967094e-03,9.187358e-02,4.619013e-02,1.255565e-03,5.507044e-03,1.611593e-02,4.600579e-01,3.156884e-03,5.186387e-02
1.950638e-01,1.351961e-02,5.310833e-03,2.042978e-02,3.174789e-02,4.633716e-02,9.918271e-03,7.089659e-02,4.627063e-02,1.458452e-03,5.737583e-03,1.464821e-02,4.625532e-01,2.915960e-03,7.319213e-02
1.822121e-01,1.237727e-02,4.224773e-03,1.891266e-02,2.851713e-02,5.642468e-02,8.652897e-03,5.932729e-02,5.004792e-02,1.520528e-03,5.067491e-03,1.152353e-02,4.833554e-01,3.133564e-03,7.470279e-02
1.626539e-01,1.141238e-02,3.252471e-03,1.645390e-02,2.373336e-02,8.274943e-02,7.466182e-03,4.531885e-02,5.289493e-02,1.270068e-03,4.671917e-03,8.727486e-03,5.079857e-01,3.032151e-03,6.837730e-02
1.735838e-01,1.230430e-02,2.594366e-03,1.510630e-02,1.872469e-02,9.118013e-02,5.941724e-03,3.561782e-02,6.090498e-02,1.446828e-03,7.064601e-03,8.091392e-03,4.999991e-01,4.308359e-03,6.313160e-02
1.571204e-01,1.208638e-02,2.349332e-03,1.226803e-02,1.488064e-02,1.254092e-01,4.815820e-03,2.867901e-02,5.621616e-02,1.160050e-03,7.248892e-03,6.369047e-03,5.098355e-01,3.744162e-03,5.781749e-02
1.823744e-01,1.544337e-02,4.915751e-03,1.491094e-02,1.868674e-02,1.426352e-01,4.480357e-03,2.492467e-02,4.785994e-02,1.416569e-03,4.044718e-02,1.206023e-02,4.361751e-01,7.350157e-03,4.631948e-02
1.880426e-01,1.329685e-02,5.490047e-03,1.201701e-02,1.566691e-02,2.174157e-01,3.968739e-03,2.169814e-02,4.381686e-02,1.258881e-03,3.430699e-02,1.137884e-02,3.910114e-01,6.253798e-03,3.437723e-02
2.481676e-01,1.431806e-02,4.451682e-03,1.065716e-02,1.405836e-02,2.295884e-01,3.030914e-03,1.609206e-02,5.199499e-02,1.157124e-03,2.861938e-02,1.070949e-02,3.346283e-01,5.960144e-03,2.656627e-02
2.291384e-01,1.657922e-02,4.342854e-03,2.917588e-02,1.140171e-02,1.690237e-01,2.419026e-03,1.389700e-02,4.506973e-02,1.893107e-03,1.670188e-01,3.440699e-02,2.464784e-01,8.255178e-03,2.089990e-02
1.610748e-01,1.204033e-02,3.237711e-03,2.227243e-02,8.075262e-03,1.186083e-01,1.705087e-03,9.790787e-03,3.332132e-02,2.488920e-03,3.892195e-01,3.814636e-02,1.728078e-01,1.212168e-02,1.508966e-02
1.133895e-01,8.530144e-03,2.318113e-03,1.619936e-02,5.762697e-03,8.327486e-02,1.217803e-03,6.924773e-03,2.553263e-02,1.942315e-03,5.483934e-01,2.969737e-02,1.210947e-01,2.483851e-02,1.088382e-02
8.046594e-02,7.195394e-03,1.713527e-03,1.212494e-02,4.260773e-03,6.002013e-02,8.778881e-04,4.902625e-03,2.041127e-02,1.689855e-03,5.651206e-01,2.355857e-02,8.519682e-02,1.242645e-01,8.197215e-03
5.827155e-02,6.016531e-03,1.430166e-03,1.029313e-02,3.491229e-03,4.952144e-02,6.783134e-04,3.516287e-03,1.672982e-02,2.166304e-03,6.064475e-01,1.910507e-02,6.068102e-02,1.544828e-01,7.168839e-03
4.162468e-02,4.740762e-03,1.169240e-03,7.770723e-03,3.033456e-03,3.846125e-02,6.978968e-04,2.616128e-03,1.359360e-02,2.814568e-03,6.683066e-01,1.682325e-02,4.396425e-02,1.473814e-01,7.002213e-03
2.933108e-02,3.474554e-03,8.433313e-04,5.470307e-03,2.245871e-03,2.848185e-02,5.088742e-04,1.887494e-03,1.132112e-02,2.534628e-03,6.631192e-01,1.401791e-02,3.108086e-02,2.003185e-01,5.364411e-03
2.069622e-02,2.686355e-03,6.114603e-04,3.876049e-03,1.686702e-03,2.066282e-02,3.758585e-04,1.353171e-03,1.053526e-02,2.046977e-03,6.372703e-01,1.191922e-02,2.199083e-02,2.602829e-01,4.005873e-03
1.457375e-02,3.109746e-03,5.097590e-04,2.741169e-03,1.598302e-03,1.504747e-02,3.243598e-04,9.870958e-04,9.550201e-03,1.561341e-03,6.221775e-01,9.754986e-03,1.553124e-02,2.995822e-01,2.950826e-03
1.047620e-02,3.427411e-03,4.626141e-04,1.972684e-03,1.445075e-03,1.092877e-02,2.925922e-04,7.472233e-04,8.933670e-03,1.354167e-03,6.229756e-01,8.172424e-03,1.095537e-02,3.156566e-01,2.199575e-03
7.836227e-03,3.806206e-03,1.569180e-03,1.437374e-03,1.867465e-03,7.989612e-03,3.561348e-04,6.531987e-04,1.092180e-02,1.584369e-03,6.313757e-01,7.956850e-03,7.762989e-03,3.131399e-01,1.742965e-03
5.721277e-03,2.939359e-03,1.863999e-03,1.021816e-03,1.945394e-03,6.173434e-03,3.280892e-04,4.992392e-04,9.284578e-03,1.852491e-03,6.515044e-01,6.565248e-03,5.700569e-03,3.032660e-01,1.334039e-03
4.156887e-03,2.553480e-03,2.755067e-03,7.443243e-04,2.591533e-03,4.543806e-03,2.726948e-04,4.314938e-04,1.144428e-02,2.571190e-03,6.422903e-01,5.454566e-03,4.237097e-03,3.148697e-01,1.083505e-03
3.012270e-03,1.962906e-03,2.316689e-03,5.333782e-04,2.437612e-03,3.510770e-03,2.128797e-04,3.238021e-04,1.158005e-02,3.548148e-03,6.449556e-01,4.422007e-03,3.338743e-03,3.169756e-01,8.694721e-04
2.304310e-03,2.024177e-03,2.583853e-03,4.214291e-04,2.348596e-03,3.204767e-03,1.860980e-04,2.937889e-04,2.042725e-02,5.545322e-03,6.053640e-01,4.002575e-03,2.532630e-03,3.479632e-01,7.979975e-04
2.300683e-03,5.474286e-03,4.188437e-03,8.577723e-04,2.631379e-03,7.278373e-03,1.922830e-04,7.772837e-04,8.695664e-02,8.294021e-03,5.004043e-01,3.336149e-03,1.887584e-03,3.741217e-01,1.299098e-03
2.080870e-03,5.755805e-03,4.400412e-03,1.618071e-03,2.888128e-03,2.619651e-02,1.870186e-04,9.006143e-04,2.144123e-01,9.813447e-03,3.735617e-01,2.444887e-03,1.406119e-03,3.524259e-01,1.908298e-03
2.508176e-03,5.024707e-03,4.884717e-03,2.670305e-03,3.757152e-03,5.197847e-02,2.381189e-04,2.626754e-03,2.590185e-01,1.133397e-02,2.904201e-01,1.820275e-03,1.135285e-03,3.599026e-01,2.681053e-03
2.926538e-03,3.898300e-03,3.729130e-03,4.228533e-03,1.168297e-02,1.030934e-01,1.090189e-03,9.290302e-03,2.479596e-01,1.063894e-02,2.345255e-01,1.549555e-03,2.178834e-03,3.597181e-01,3.490136e-03
6.624051e-03,6.927519e-03,3.680430e-03,4.291327e-03,2.950722e-02,2.312452e-01,3.758405e-03,9.077926e-03,1.985674e-01,1.049813e-02,1.868146e-01,1.172733e-03,1.894014e-03,3.011488e-01,4.792259e-03
2.047786e-02,7.751227e-03,7.060717e-03,5.214692e-03,4.279593e-02,3.378935e-01,4.339566e-03,2.969817e-02,1.635022e-01,9.490331e-03,1.426752e-01,1.018161e-03,2.898714e-03,2.181635e-01,7.020341e-03
2.765540e-02,6.162446e-03,1.163609e-02,8.942628e-03,4.476207e-02,3.251346e-01,3.574055e-03,6.527373e-02,2.221374e-01,7.551713e-03,1.028880e-01,9.643212e-04,5.336848e-03,1.560650e-01,1.191573e-02
3.507402e-02,4.771590e-03,2.077020e-02,1.486835e-02,4.793786e-02,2.684012e-01,2.846701e-03,6.408568e-02,3.219993e-01,1.024165e-02,7.272585e-02,9.320746e-04,5.386926e-03,1.099016e-01,2.005712e-02
4.272918e-02,4.229140e-03,2.363221e-02,4.414331e-02,4.367255e-02,2.131089e-01,2.068888e-03,5.315801e-02,3.979811e-01,8.398099e-03,5.421622e-02,1.779420e-03,5.253154e-03,7.760553e-02,2.802442e-02
5.879479e-02,3.882533e-03,1.998515e-02,4.130857e-02,3.506137e-02,1.546291e-01,1.694978e-03,4.445156e-02,4.532760e-01,6.364221e-03,5.788793e-02,6.566696e-03,3.539506e-02,5.537767e-02,2.532441e-02
4.150706e-02,3.118794e-03,1.460637e-02,4.421044e-02,2.715609e-02,1.128488e-01,1.256766e-03,3.193890e-02,3.338155e-01,5.188095e-03,1.030738e-01,4.752799e-02,1.734034e-01,3.928338e-02,2.106458e-02
3.173588e-02,2.773263e-03,1.066537e-02,5.375001e-02,2.784224e-02,8.165664e-02,1.045551e-03,2.395083e-02,3.063716e-01,4.680323e-03,1.745235e-01,4.399923e-02,1.907490e-01,2.927008e-02,1.698651e-02
2.258141e-02,2.483860e-03,8.090001e-03,6.411505e-02,2.998997e-02,5.829997e-02,7.944074e-04,1.729845e-02,2.411855e-01,3.613340e-03,2.872338e-01,3.634279e-02,1.898091e-01,2.316090e-02,1.500142e-02
1.626333e-02,3.289341e-03,1.039619e-02,6.593778e-02,2.796775e-02,4.114807e-02,6.828877e-04,1.235299e-02,2.005554e-01,4.548304e-03,2.901818e-01,6.337080e-02,1.946712e-01,4.744795e-02,2.118630e-02
1.184134e-02,2.789609e-03,8.527928e-03,5.065071e-02,3.131558e-02,2.906361e-02,5.584598e-04,1.087767e-02,1.757779e-01,6.979007e-03,2.542544e-01,1.046325e-01,2.107301e-01,4.924150e-02,5.275970e-02
8.479849e-03,2.028340e-03,6.126032e-03,3.583143e-02,2.400955e-02,2.066126e-02,4.084262e-04,7.873996e-03,1.266425e-01,8.484378e-03,3.243402e-01,1.703247e-01,1.652426e-01,4.702981e-02,5.251689e-02
6.373293e-03,1.540398e-03,4.634939e-03,2.529069e-02,1.983950e-02,1.459291e-02,3.301516e-04,6.093557e-03,9.175864e-02,9.861499e-03,3.927631e-01,2.003635e-01,1.347354e-01,4.711018e-02,4.471233e-02
5.248132e-03,1.572181e-03,4.271119e-03,1.815439e-02,1.686559e-02,1.071564e-02,2.932242e-04,4.562448e-03,6.722580e-02,1.504414e-02,4.690822e-01,1.823541e-01,1.000566e-01,6.581192e-02,3.874257e-02
6.003663e-03,1.840061e-03,6.012294e-03,1.690947e-02,2.106821e-02,9.213543e-03,3.209754e-04,6.903952e-03,5.423572e-02,1.631739e-02,5.040131e-01,1.794840e-01,8.614714e-02,5.707027e-02,3.446032e-02
8.523042e-03,1.933992e-03,6.664864e-03,1.328367e-02,2.208941e-02,8.093811e-03,5.169220e-04,7.523277e-03,4.295415e-02,2.202218e-02,5.139815e-01,1.913649e-01,6.665576e-02,6.467290e-02,2.971976e-02
4.794369e-02,2.405102e-03,6.267515e-03,1.493249e-02,1.795221e-02,1.191312e-02,6.025971e-04,6.145819e-03,3.491377e-02,2.076810e-02,4.659499e-01,2.366555e-01,5.210064e-02,5.921996e-02,2.222965e-02
1.132572e-01,5.275562e-03,7.261890e-03,1.890318e-02,1.549120e-02,1.566342e-02,7.021055e-04,5.420940e-03,3.241234e-02,3.257411e-02,4.127543e-01,2.303925e-01,4.250363e-02,4.833900e-02,1.904876e-02
1.668160e-01,8.240327e-03,7.259786e-03,2.164844e-02,1.488755e-02,1.766115e-02,1.234700e-03,6.984923e-03,3.274831e-02,3.250618e-02,3.539999e-01,2.397972e-01,3.402941e-02,4.498804e-02,1.719817e-02
2.520219e-01,8.432290e-03,7.858455e-03,2.272357e-02,1.163637e-02,2.128244e-02,1.794084e-03,1.285923e-02,2.839122e-02,2.600970e-02,2.746457e-01,2.531352e-01,2.653736e-02,3.704766e-02,1.562491e-02
2.857124e-01,1.061818e-02,7.440136e-03,2.462457e-02,1.427300e-02,1.873395e-02,1.946706e-03,1.506702e-02,4.025052e-02,2.118221e-02,2.262958e-01,2.645180e-01,2.097424e-02,3.383617e-02,1.452706e-02
3.347539e-01,1.289292e-02,6.872345e-03,2.593469e-02,1.150744e-02,2.098154e-02,1.929286e-03,1.290912e-02,3.851548e-02,1.847026e-02,2.052446e-01,2.401192e-01,1.685387e-02,3.125731e-02,2.175816e-02
3.571629e-01,1.419610e-02,8.524003e-03,2.674850e-02,1.057438e-02,2.432370e-02,2.571671e-03,1.851856e-02,3.448877e-02,1.790517e-02,1.826204e-01,2.332009e-01,1.391982e-02,2.896442e-02,2.628078e-02
3.550960e-01,2.272039e-02,8.481115e-03,2.487385e-02,1.703359e-02,2.323388e-02,2.837871e-03,1.924979e-02,4.623186e-02,1.658634e-02,1.758338e-01,2.171801e-01,1.188516e-02,2.805330e-02,3.070292e-02
3.339334e-01,2.803783e-02,1.077660e-02,2.319732e-02,2.466741e-02,2.167838e-02,3.875306e-03,3.214705e-02,5.559729e-02,1.750465e-02,1.623272e-01,2.195940e-01,1.005697e-02,2.743317e-02,2.917338e-02
2.857826e-01,3.168522e-02,1.371711e-02,2.223748e-02,4.451869e-02,2.090267e-02,4.033526e-03,4.005563e-02,8.144879e-02,1.902371e-02,1.438765e-01,2.332568e-01,8.699549e-03,2.602952e-02,2.473221e-02
2.368673e-01,6.605107e-02,2.424516e-02,1.975057e-02,6.132364e-02,2.081777e-02,4.343529e-03,3.766274e-02,1.135031e-01,1.986061e-02,1.287994e-01,2.019199e-01,8.791808e-03,2.784947e-02,2.821398e-02
1.863713e-01,6.374913e-02,6.204505e-02,2.076193e-02,7.082907e-02,1.792930e-02,6.431698e-03,1.036759e-01,1.422713e-01,1.819342e-02,9.835894e-02,1.540603e-01,1.132204e-02,2.126771e-02,2.273293e-02
1.571215e-01,6.014594e-02,6.531460e-02,1.863938e-02,9.234920e-02,2.439371e-02,7.754792e-03,8.731835e-02,2.102303e-01,1.620808e-02,8.473342e-02,1.271279e-01,1.031399e-02,1.942901e-02,1.891978e-02
1.260329e-01,4.711023e-02,6.296024e-02,4.563979e-02,9.818994e-02,2.733277e-02,5.944071e-03,1.004712e-01,2.561279e-01,1.693271e-02,7.829674e-02,9.772222e-02,8.227361e-03,1.430928e-02,1.470265e-02
1.089201e-01,4.044399e-02,5.281794e-02,4.184240e-02,1.017293e-01,4.211038e-02,4.845136e-03,1.008675e-01,2.821878e-01,1.453829e-02,1.006928e-01,7.816000e-02,6.573593e-03,1.291233e-02,1.135839e-02
9.145711e-02,5.604170e-02,4.132186e-02,3.450149e-02,9.507641e-02,6.295899e-02,3.953002e-03,7.678398e-02,3.280843e-01,1.156813e-02,1.034433e-01,6.723516e-02,5.885372e-03,1.298855e-02,8.700633e-03
7.964436e-02,5.445839e-02,3.880821e-02,5.101079e-02,1.038869e-01,5.513405e-02,4.457311e-03,8.637608e-02,2.960496e-01,1.159774e-02,1.093127e-01,7.918070e-02,6.178238e-03,1.126348e-02,1.264146e-02
6.364274e-02,4.698082e-02,3.030877e-02,8.274151e-02,1.503811e-01,4.047327e-02,3.393763e-03,6.120002e-02,3.059951e-01,1.050403e-02,1.090199e-01,6.147376e-02,5.212062e-03,1.347636e-02,1.519690e-02
4.758428e-02,3.485145e-02,2.163233e-02,5.981312e-02,1.623473e-01,2.997616e-02,2.566492e-03,4.365643e-02,2.716319e-01,7.571966e-03,1.731309e-01,4.435875e-02,4.565967e-03,8.399285e-02,1.232012e-02
3.434260e-02,2.497105e-02,1.528133e-02,4.408759e-02,1.390430e-01,2.299535e-02,1.857415e-03,3.104307e-02,2.124913e-01,5.565242e-03,2.428787e-01,3.736418e-02,4.259372e-03,1.730745e-01,1.074520e-02
