1.000000e+00,0.000000e+00,0.000000e+00,0.000000e+00,0.000000e+00,0.000000e+00,0.000000e+00,0.000000e+00,0.000000e+00,0.000000e+00,0.000000e+00,0.000000e+00,0.000000e+00,0.000000e+00,0.000000e+00
1.000000e+00,0.000000e+00,0.000000e+00,0.000000e+00,0.000000e+00,0.000000e+00,0.000000e+00,0.000000e+00,0.000000e+00,0.000000e+00,0.000000e+00,0.000000e+00,0.000000e+00,0.000000e+00,0.000000e+00
1.000000e+00,0.000000e+00,0.000000e+00,0.000000e+00,0.000000e+00,0.000000e+00,0.000000e+00,0.000000e+00,0.000000e+00,0.000000e+00,0.000000e+00,0.000000e+00,0.000000e+00,0.000000e+00,0.000000e+00
1.000000e+00,0.000000e+00,0.000000e+00,0.000000e+00,0.000000e+00,0.000000e+00,0.000000e+00,0.000000e+00,0.000000e+00,0.000000e+00,0.000000e+00,0.000000e+00,0.000000e+00,0.000000e+00,0.000000e+00
1.000000e+00,0.000000e+00,0.000000e+00,0.000000e+00,0.000000e+00,0.000000e+00,0.000000e+00,0.000000e+00,0.000000e+00,0.000000e+00,0.000000e+00,0.000000e+00,0.000000e+00,0.000000e+00,0.000000e+00
1.000000e+00,0.000000e+00,0.000000e+00,0.000000e+00,0.000000e+00,0.000000e+00,0.000000e+00,0.000000e+00,0.000000e+00,0.000000e+00,0.000000e+00,0.000000e+00,0.000000e+00,0.000000e+00,0.000000e+00
1.000000e+00,0.000000e+00,0.000000e+00,0.000000e+00,0.000000e+00,0.000000e+00,0.000000e+00,0.000000e+00,0.000000e+00,0.000000e+00,0.000000e+00,0.000000e+00,0.000000e+00,0.000000e+00,0.000000e+00
1.000000e+00,0.000000e+00,0.000000e+00,0.000000e+00,0.000000e+00,0.000000e+00,0.000000e+00,0.000000e+00,0.000000e+00,0.000000e+00,0.000000e+00,0.000000e+00,0.000000e+00,0.000000e+00,0.000000e+00
1.000000e+00,0.000000e+00,0.000000e+00,0.000000e+00,0.000000e+00,0.000000e+00,0.000000e+00,0.000000e+00,0.000000e+00,0.000000e+00,0.000000e+00,0.000000e+00,0.000000e+00,0.000000e+00,0.000000e+00
1.000000e+00,0.000000e+00,0.000000e+00,0.000000e+00,0.000000e+00,0.000000e+00,0.000000e+00,0.000000e+00,0.000000e+00,0.000000e+00,0.000000e+00,0.000000e+00,0.000000e+00,0.000000e+00,0.000000e+00
1.000000e+00,0.000000e+00,0.000000e+00,0.000000e+00,0.000000e+00,0.000000e+00,0.000000e+00,0.000000e+00,0.000000e+00,0.000000e+00,0.000000e+00,0.000000e+00,0.000000e+00,0.000000e+00,0.000000e+00
1.000000e+00,0.000000e+00,0.000000e+00,0.000000e+00,0.000000e+00,0.000000e+00,0.000000e+00,0.000000e+00,0.000000e+00,0.000000e+00,0.000000e+00,0.000000e+00,0.000000e+00,0.000000e+00,0.000000e+00
1.000000e+00,0.000000e+00,0.000000e+00,0.000000e+00,0.000000e+00,0.000000e+00,0.000000e+00,0.000000e+00,0.000000e+00,0.000000e+00,0.000000e+00,0.000000e+00,0.000000e+00,0.000000e+00,0.000000e+00
1.000000e+00,0.000000e+00,0.000000e+00,0.000000e+00,0.000000e+00,0.000000e+00,0.000000e+00,0.000000e+00,0.000000e+00,0.000000e+00,0.000000e+00,0.000000e+00,0.000000e+00,0.000000e+00,0.000000e+00
1.000000e+00,0.000000e+00,0.000000e+00,0.000000e+00,0.000000e+00,0.000000e+00,0.000000e+00,0.000000e+00,0.000000e+00,0.000000e+00,0.000000e+00,0.000000e+00,0.000000e+00,0.000000e+00,0.000000e+00
1.000000e+00,0.000000e+00,0.000000e+00,0.000000e+00,0.000000e+00,0.000000e+00,0.000000e+00,0.000000e+00,0.000000e+00,0.000000e+00,0.000000e+00,0.000000e+00,0.000000e+00,0.000000e+00,0.000000e+00
1.000000e+00,0.000000e+00,0.000000e+00,0.000000e+00,0.000000e+00,0.000000e+00,0.000000e+00,0.000000e+00,0.000000e+00,0.000000e+00,0.000000e+00,0.000000e+00,0.000000e+00,0.000000e+00,0.000000e+00
1.000000e+00,0.000000e+00,0.000000e+00,0.000000e+00,0.000000e+00,0.000000e+00,0.000000e+00,0.000000e+00,0.000000e+00,0.000000e+00,0.000000e+00,0.000000e+00,0.000000e+00,0.000000e+00,0.000000e+00
1.000000e+00,0.000000e+00,0.000000e+00,0.000000e+00,0.000000e+00,0.000000e+00,0.000000e+00,0.000000e+00,0.000000e+00,0.000000e+00,0.000000e+00,0.000000e+00,0.000000e+00,0.000000e+00,0.000000e+00
1.000000e+00,0.000000e+00,0.000000e+00,0.000000e+00,0.000000e+00,0.000000e+00,0.000000e+00,0.000000e+00,0.000000e+00,0.000000e+00,0.000000e+00,0.000000e+00,0.000000e+00,0.000000e+00,0.000000e+00
1.000000e+00,0.000000e+00,0.000000e+00,0.000000e+00,0.000000e+00,0.000000e+00,0.000000e+00,0.000000e+00,0.000000e+00,0.000000e+00,0.000000e+00,0.000000e+00,0.000000e+00,0.000000e+00,0.000000e+00
1.000000e+00,0.000000e+00,0.000000e+00,0.000000e+00,0.000000e+00,0.000000e+00,0.000000e+00,0.000000e+00,0.000000e+00,0.000000e+00,0.000000e+00,0.000000e+00,0.000000e+00,0.000000e+00,0.000000e+00
1.000000e+00,0.000000e+00,0.000000e+00,0.000000e+00,0.000000e+00,0.000000e+00,0.000000e+00,0.000000e+00,0.000000e+00,0.000000e+00,0.000000e+00,0.000000e+00,0.000000e+00,0.000000e+00,0.000000e+00
1.000000e+00,0.000000e+00,0.000000e+00,0.000000e+00,0.000000e+00,0.000000e+00,0.000000e+00,0.000000e+00,0.000000e+00,0.000000e+00,0.000000e+00,0.000000e+00,0.000000e+00,0.000000e+00,0.000000e+00
1.000000e+00,0.000000e+00,0.000000e+00,0.000000e+00,0.000000e+00,0.000000e+00,0.000000e+00,0.000000e+00,0.000000e+00,0.000000e+00,0.000000e+00,0.000000e+00,0.000000e+00,0.000000e+00,0.000000e+00
1.000000e+00,0.000000e+00,0.000000e+00,0.000000e+00,0.000000e+00,0.000000e+00,0.000000e+00,0.000000e+00,0.000000e+00,0.000000e+00,0.000000e+00,0.000000e+00,0.000000e+00,0.000000e+00,0.000000e+00
1.000000e+00,0.000000e+00,0.000000e+00,0.000000e+00,0.000000e+00,0.000000e+00,0.000000e+00,0.000000e+00,0.000000e+00,0.000000e+00,0.000000e+00,0.000000e+00,0.000000e+00,0.000000e+00,0.000000e+00
1.000000e+00,0.000000e+00,0.000000e+00,0.000000e+00,0.000000e+00,0.000000e+00,0.000000e+00,0.000000e+00,0.000000e+00,0.000000e+00,0.000000e+00,0.000000e+00,0.000000e+00,0.000000e+00,0.000000e+00
1.000000e+00,0.000000e+00,0.000000e+00,0.000000e+00,0.000000e+00,0.000000e+00,0.000000e+00,0.000000e+00,0.000000e+00,0.000000e+00,0.000000e+00,0.000000e+00,0.000000e+00,0.000000e+00,0.000000e+00
1.000000e+00,0.000000e+00,0.000000e+00,0.000000e+00,0.000000e+00,0.000000e+00,0.000000e+00,0.000000e+00,0.000000e+00,0.000000e+00,0.000000e+00,0.000000e+00,0.000000e+00,0.000000e+00,0.000000e+00
1.000000e+00,0.000000e+00,0.000000e+00,0.000000e+00,0.000000e+00,0.000000e+00,0.000000e+00,0.000000e+00,0.000000e+00,0.000000e+00,0.000000e+00,0.000000e+00,0.000000e+00,0.000000e+00,0.000000e+00
1.000000e+00,0.000000e+00,0.000000e+00,0.000000e+00,0.000000e+00,0.000000e+00,0.000000e+00,0.000000e+00,0.000000e+00,0.000000e+00,0.000000e+00,0.000000e+00,0.000000e+00,0.000000e+00,0.000000e+00
1.000000e+00,0.000000e+00,0.000000e+00,0.000000e+00,0.000000e+00,0.000000e+00,0.000000e+00,0.000000e+00,0.000000e+00,0.000000e+00,0.000000e+00,0.000000e+00,0.000000e+00,0.000000e+00,0.000000e+00
1.000000e+00,0.000000e+00,0.000000e+00,0.000000e+00,0.000000e+00,0.000000e+00,0.000000e+00,0.000000e+00,0.000000e+00,0.000000e+00,0.000000e+00,0.000000e+00,0.000000e+00,0.000000e+00,0.000000e+00
1.000000e+00,0.000000e+00,0.000000e+00,0.000000e+00,0.000000e+00,0.000000e+00,0.000000e+00,0.000000e+00,0.000000e+00,0.000000e+00,0.000000e+00,0.000000e+00,0.000000e+00,0.000000e+00,0.000000e+00
1.000000e+00,0.000000e+00,0.000000e+00,0.000000e+00,0.000000e+00,0.000000e+00,0.000000e+00,0.000000e+00,0.000000e+00,0.000000e+00,0.000000e+00,0.000000e+00,0.000000e+00,0.000000e+00,0.000000e+00
1.000000e+00,0.000000e+00,0.000000e+00,0.000000e+00,0.000000e+00,0.000000e+00,0.000000e+00,0.000000e+00,0.000000e+00,0.000000e+00,0.000000e+00,0.000000e+00,0.000000e+00,0.000000e+00,0.000000e+00
1.000000e+00,0.000000e+00,0.000000e+00,0.000000e+00,0.000000e+00,0.000000e+00,0.000000e+00,0.000000e+00,0.000000e+00,0.000000e+00,0.000000e+00,0.000000e+00,0.000000e+00,0.000000e+00,0.000000e+00
1.000000e+00,0.000000e+00,0.000000e+00,0.000000e+00,0.000000e+00,0.000000e+00,0.000000e+00,0.000000e+00,0.000000e+00,0.000000e+00,0.000000e+00,0.000000e+00,0.000000e+00,0.000000e+00,0.000000e+00
1.000000e+00,0.000000e+00,0.000000e+00,0.000000e+00,0.000000e+00,0.000000e+00,0.000000e+00,0.000000e+00,0.000000e+00,0.000000e+00,0.000000e+00,0.000000e+00,0.000000e+00,0.000000e+00,0.000000e+00
1.000000e+00,0.000000e+00,0.000000e+00,0.000000e+00,0.000000e+00,0.000000e+00,0.000000e+00,0.000000e+00,0.000000e+00,0.000000e+00,0.000000e+00,0.000000e+00,0.000000e+00,0.000000e+00,0.000000e+00
1.000000e+00,0.000000e+00,0.000000e+00,0.000000e+00,0.000000e+00,0.000000e+00,0.000000e+00,0.000000e+00,0.000000e+00,0.000000e+00,0.000000e+00,0.000000e+00,0.000000e+00,0.000000e+00,0.000000e+00
1.000000e+00,0.000000e+00,0.000000e+00,0.000000e+00,0.000000e+00,0.000000e+00,0.000000e+00,0.000000e+00,0.000000e+00,0.000000e+00,0.000000e+00,0.000000e+00,0.000000e+00,0.000000e+00,0.000000e+00
1.000000e+00,0.000000e+00,0.000000e+00,0.000000e+00,0.000000e+00,0.000000e+00,0.000000e+00,0.000000e+00,0.000000e+00,0.000000e+00,0.000000e+00,0.000000e+00,0.000000e+00,0.000000e+00,0.000000e+00
1.000000e+00,0.000000e+00,0.000000e+00,0.000000e+00,0.000000e+00,0.000000e+00,0.000000e+00,0.000000e+00,0.000000e+00,0.000000e+00,0.000000e+00,0.000000e+00,0.000000e+00,0.000000e+00,0.000000e+00
1.000000e+00,0.000000e+00,0.000000e+00,0.000000e+00,0.000000e+00,0.000000e+00,0.000000e+00,0.000000e+00,0.000000e+00,0.000000e+00,0.000000e+00,0.000000e+00,0.000000e+00,0.000000e+00,0.000000e+00
1.000000e+00,0.000000e+00,0.000000e+00,0.000000e+00,0.000000e+00,0.000000e+00,0.000000e+00,0.000000e+00,0.000000e+00,0.000000e+00,0.000000e+00,0.000000e+00,0.000000e+00,0.000000e+00,0.000000e+00
1.000000e+00,0.000000e+00,0.000000e+00,0.000000e+00,0.000000e+00,0.000000e+00,0.000000e+00,0.000000e+00,0.000000e+00,0.000000e+00,0.000000e+00,0.000000e+00,0.000000e+00,0.000000e+00,0.000000e+00
1.000000e+00,0.000000e+00,0.000000e+00,0.000000e+00,0.000000e+00,0.000000e+00,0.000000e+00,0.000000e+00,0.000000e+00,0.000000e+00,0.000000e+00,0.000000e+00,0.000000e+00,0.000000e+00,0.000000e+00
1.000000e+00,0.000000e+00,0.000000e+00,0.000000e+00,0.000000e+00,0.000000e+00,0.000000e+00,0.000000e+00,0.000000e+00,0.000000e+00,0.000000e+00,0.000000e+00,0.000000e+00,0.000000e+00,0.000000e+00
1.000000e+00,0.000000e+00,0.000000e+00,0.000000e+00,0.000000e+00,0.000000e+00,0.000000e+00,0.000000e+00,0.000000e+00,0.000000e+00,0.000000e+00,0.000000e+00,0.000000e+00,0.000000e+00,0.000000e+00
1.000000e+00,0.000000e+00,0.000000e+00,0.000000e+00,0.000000e+00,0.000000e+00,0.000000e+00,0.000000e+00,0.000000e+00,0.000000e+00,0.000000e+00,0.000000e+00,0.000000e+00,0.000000e+00,0.000000e+00
1.000000e+00,0.000000e+00,0.000000e+00,0.000000e+00,0.000000e+00,0.000000e+00,0.000000e+00,0.000000e+00,0.000000e+00,0.000000e+00,0.000000e+00,0.000000e+00,0.000000e+00,0.000000e+00,0.000000e+00
1.000000e+00,0.000000e+00,0.000000e+00,0.000000e+00,0.000000e+00,0.000000e+00,0.000000e+00,0.000000e+00,0.000000e+00,0.000000e+00,0.000000e+00,0.000000e+00,0.000000e+00,0.000000e+00,0.000000e+00
1.000000e+00,0.000000e+00,0.000000e+00,0.000000e+00,0.000000e+00,0.000000e+00,0.000000e+00,0.000000e+00,0.000000e+00,0.000000e+00,0.000000e+00,0.000000e+00,0.000000e+00,0.000000e+00,0.000000e+00
4.559047e-01,1.417465e-02,7.019298e-03,1.597473e-02,2.920680e-03,2.270962e-02,1.753482e-03,5.785931e-03,6.523231e-03,2.001626e-03,3.423840e-01,1.676020e-02,6.214772e-03,8.341804e-02,1.645505e-02
3.207665e-01,1.055051e-02,5.039579e-03,1.149736e-02,2.138947e-03,1.811441e-02,1.350017e-03,4.285340e-03,5.952859e-03,1.814813e-03,4.859622e-01,1.653051e-02,4.592615e-03,9.800161e-02,1.340271e-02
2.248212e-01,7.619479e-03,3.611760e-03,8.222737e-03,1.721068e-03,1.510745e-02,1.036239e-03,3.167193e-03,5.557462e-03,2.111986e-03,5.327200e-01,1.675908e-02,3.341485e-03,1.642583e-01,9.944701e-03
1.577126e-01,5.619383e-03,2.915169e-03,6.334605e-03,1.533521e-03,1.583626e-02,8.986469e-04,2.336223e-03,4.956971e-03,2.209086e-03,6.011635e-01,1.874494e-02,2.728676e-03,1.682931e-01,8.717320e-03
1.106403e-01,4.185040e-03,2.626813e-03,5.355435e-03,1.989395e-03,2.031111e-02,9.166641e-04,2.050256e-03,6.952642e-03,2.410737e-03,5.811186e-01,3.321511e-02,2.390679e-03,2.183708e-01,7.466533e-03
7.769389e-02,3.102761e-03,2.007286e-03,3.981113e-03,1.827132e-03,1.992746e-02,7.478432e-04,1.642233e-03,6.588823e-03,2.130847e-03,5.613807e-01,2.750430e-02,2.476637e-03,2.831228e-01,5.866220e-03
5.474333e-02,2.516202e-03,1.612327e-03,3.056826e-03,1.984600e-03,1.849344e-02,6.118128e-04,1.318352e-03,6.899757e-03,2.040725e-03,5.216237e-01,2.346738e-02,2.276416e-03,3.543251e-01,5.030063e-03
3.848014e-02,1.904736e-03,1.252785e-03,2.268699e-03,1.613875e-03,1.502152e-02,4.656038e-04,1.010336e-03,7.233964e-03,1.885230e-03,4.995679e-01,1.897586e-02,1.866092e-03,4.046335e-01,3.819794e-03
2.831062e-02,2.021969e-03,3.189113e-03,2.646607e-03,2.365846e-03,2.834717e-02,1.447313e-03,2.775790e-03,2.082088e-02,3.961171e-03,4.996445e-01,1.528122e-02,3.107758e-03,3.821494e-01,3.930639e-03
1.995846e-02,1.550638e-03,2.774550e-03,2.009918e-03,2.080073e-03,2.202421e-02,1.065866e-03,2.544074e-03,2.072997e-02,3.356674e-03,5.408862e-01,1.264344e-02,2.483300e-03,3.629336e-01,2.959017e-03
1.405283e-02,1.122082e-03,2.065940e-03,1.426888e-03,1.618647e-03,1.599431e-02,7.525416e-04,1.833275e-03,1.597915e-02,2.548884e-03,5.882308e-01,9.707499e-03,1.888442e-03,3.406219e-01,2.156755e-03
1.064814e-02,1.364414e-03,2.004388e-03,1.228168e-03,2.536899e-03,1.230438e-02,7.697607e-04,2.162783e-03,1.961420e-02,3.057255e-03,6.318736e-01,9.422150e-03,2.135318e-03,2.986418e-01,2.236701e-03
8.754689e-03,1.902942e-03,1.775840e-03,1.557269e-03,2.952607e-03,1.002701e-02,7.808160e-04,4.875379e-03,3.121602e-02,3.854707e-03,6.464869e-01,9.549267e-03,2.582312e-03,2.713018e-01,2.382460e-03
9.399633e-03,2.568456e-03,1.712416e-03,2.700882e-03,4.547262e-03,9.894274e-03,1.154568e-03,8.536910e-03,5.705886e-02,5.152609e-03,6.124994e-01,1.045907e-02,3.284276e-03,2.684458e-01,2.585621e-03
9.922922e-03,1.406284e-02,3.094903e-03,3.985950e-03,4.719337e-03,1.100410e-02,9.215315e-04,9.731877e-03,1.207711e-01,5.347910e-03,5.449526e-01,8.942231e-03,2.469528e-03,2.571108e-01,2.962401e-03
1.489365e-02,1.447116e-02,3.157487e-03,1.377452e-02,1.421810e-02,5.071560e-02,1.324573e-03,1.304901e-02,1.952111e-01,7.150971e-03,4.220949e-01,6.750243e-03,2.318288e-03,2.359710e-01,4.899353e-03
1.910471e-02,1.682078e-02,3.676614e-03,1.806866e-02,1.531390e-02,4.716426e-02,1.245305e-03,1.792063e-02,2.020200e-01,1.082907e-02,3.677505e-01,6.579200e-03,1.971387e-03,2.668775e-01,4.657503e-03
1.771838e-02,1.647312e-02,4.242913e-03,1.491972e-02,1.790923e-02,1.233557e-01,1.206206e-03,8.116002e-02,2.173799e-01,8.562923e-03,2.830233e-01,5.574020e-03,2.198227e-03,2.022876e-01,3.988772e-03
3.052917e-02,1.365496e-02,1.303553e-02,1.430821e-02,3.430283e-02,2.486869e-01,1.572015e-03,7.770462e-02,1.945404e-01,6.463684e-03,2.070942e-01,4.175562e-03,2.091827e-03,1.486061e-01,3.233984e-03
3.245063e-02,1.259172e-02,2.862816e-02,1.305824e-02,3.978024e-02,3.254936e-01,1.542500e-03,6.182519e-02,2.096698e-01,5.268473e-03,1.493747e-01,3.234164e-03,1.893908e-03,1.118513e-01,3.337348e-03
3.954377e-02,1.215059e-02,3.676610e-02,1.915570e-02,5.257489e-02,3.348259e-01,1.548536e-03,8.385627e-02,2.155567e-01,4.254657e-03,1.101908e-01,2.838686e-03,1.702507e-03,8.188882e-02,3.146099e-03
4.213002e-02,1.444125e-02,2.952868e-02,1.554556e-02,5.279687e-02,3.370855e-01,1.230120e-03,6.345352e-02,2.809395e-01,3.229170e-03,8.612746e-02,2.523694e-03,1.495392e-03,6.670877e-02,2.764575e-03
6.995785e-02,1.341245e-02,2.540191e-02,2.871960e-02,5.260637e-02,2.923602e-01,1.170631e-03,6.078785e-02,3.042131e-01,2.671161e-03,7.070720e-02,1.116503e-02,2.837182e-03,5.991694e-02,4.072499e-03
9.350054e-02,1.307191e-02,2.180232e-02,3.156580e-02,4.239253e-02,2.497690e-01,1.200914e-03,5.522448e-02,3.319422e-01,2.535604e-03,7.380521e-02,1.159974e-02,3.940119e-03,6.239558e-02,5.254107e-03
1.644705e-01,2.429973e-02,1.910757e-02,4.802746e-02,3.239313e-02,2.024798e-01,1.046021e-03,4.157420e-02,2.882161e-01,2.398976e-03,7.205665e-02,3.880933e-02,7.233870e-03,4.859391e-02,9.292780e-03
1.186989e-01,1.831116e-02,1.433464e-02,4.915935e-02,2.306723e-02,1.420415e-01,7.892967e-04,2.963435e-02,2.138114e-01,2.104306e-03,2.472772e-01,7.752992e-02,2.029464e-02,3.465769e-02,8.288400e-03
8.422168e-02,1.448321e-02,1.111565e-02,8.244061e-02,1.679667e-02,9.962441e-02,5.827564e-04,2.158535e-02,1.639382e-01,1.748273e-03,3.359690e-01,1.046231e-01,3.092912e-02,2.523242e-02,6.709476e-03
6.035451e-02,1.116682e-02,8.080661e-03,1.168016e-01,1.433152e-02,7.039879e-02,5.187630e-04,1.682752e-02,1.698911e-01,1.632973e-03,3.810591e-01,8.704992e-02,3.542965e-02,2.047907e-02,5.978078e-03
4.247870e-02,7.905217e-03,6.034601e-03,1.027027e-01,1.131870e-02,4.962168e-02,3.894113e-04,1.244310e-02,1.234641e-01,1.338974e-03,4.516037e-01,9.705756e-02,5.683985e-02,3.131676e-02,5.484959e-03
2.981665e-02,5.581849e-03,4.810801e-03,8.416712e-02,9.253366e-03,3.484487e-02,3.058946e-04,9.371697e-03,1.010651e-01,1.270361e-03,4.651475e-01,1.143963e-01,7.554226e-02,5.966207e-02,4.764181e-03
2.106555e-02,4.171389e-03,4.274526e-03,6.881355e-02,9.015279e-03,2.473024e-02,2.468042e-04,7.180759e-03,9.738053e-02,2.046749e-03,4.126306e-01,1.716665e-01,9.916618e-02,7.354752e-02,4.063859e-03
1.488494e-02,3.068751e-03,3.382759e-03,5.278474e-02,9.682612e-03,1.759690e-02,1.895637e-04,5.178294e-03,9.969215e-02,2.966417e-03,3.968118e-01,2.113943e-01,1.081713e-01,7.058114e-02,3.614423e-03
1.118585e-02,2.420988e-03,3.406812e-03,3.922018e-02,1.127081e-02,1.270735e-02,2.502704e-04,4.345948e-03,9.375997e-02,3.857945e-03,4.419412e-01,2.075694e-01,1.011962e-01,6.195024e-02,4.916894e-03
9.007758e-03,2.629312e-03,7.480440e-03,3.014287e-02,1.569799e-02,1.047722e-02,4.008932e-04,5.646135e-03,8.367907e-02,7.899694e-03,4.488637e-01,2.120180e-01,9.090961e-02,6.928988e-02,5.857324e-03
9.961738e-03,2.898360e-03,9.112408e-03,2.645583e-02,1.463461e-02,9.581899e-03,3.970869e-04,5.867044e-03,7.507990e-02,1.183229e-02,4.243264e-01,1.961871e-01,8.315901e-02,1.219136e-01,8.592729e-03
1.123416e-02,3.187506e-03,1.142856e-02,2.469354e-02,1.272834e-02,8.725526e-03,5.036253e-04,1.102003e-02,7.061923e-02,1.185218e-02,4.113562e-01,1.875858e-01,8.385861e-02,1.397891e-01,1.141751e-02
1.998890e-02,5.437704e-03,1.350750e-02,2.803214e-02,1.033891e-02,9.171174e-03,5.391888e-04,1.312420e-02,7.965961e-02,1.279622e-02,4.014658e-01,1.738718e-01,7.566881e-02,1.435490e-01,1.284898e-02
3.993044e-02,5.617450e-03,1.591007e-02,5.681771e-02,1.031120e-02,9.242537e-03,8.292415e-04,2.883315e-02,8.159352e-02,1.180889e-02,3.538728e-01,1.747989e-01,6.798919e-02,1.322914e-01,1.015344e-02
1.064772e-01,7.645166e-03,2.062267e-02,6.286573e-02,1.068123e-02,1.112100e-02,1.203993e-03,2.618272e-02,7.686587e-02,1.693883e-02,2.918881e-01,1.755777e-01,5.383744e-02,1.288065e-01,9.285821e-03
2.405270e-01,6.634307e-03,1.582918e-02,5.959356e-02,8.414418e-03,2.684591e-02,1.287943e-03,2.095757e-02,5.782381e-02,1.378101e-02,2.340181e-01,1.591895e-01,4.277396e-02,1.030767e-01,9.247059e-03
3.659318e-01,6.288419e-03,1.195769e-02,5.013924e-02,7.092523e-03,2.522227e-02,1.227631e-03,1.662003e-02,4.276056e-02,1.230972e-02,1.835493e-01,1.564350e-01,3.276129e-02,7.694945e-02,1.075513e-02
4.234413e-01,5.860018e-03,9.537931e-03,4.621582e-02,9.749560e-03,2.393209e-02,1.130209e-03,1.365520e-02,3.389964e-02,1.312528e-02,1.652402e-01,1.591748e-01,2.808874e-02,5.694441e-02,1.000498e-02
3.794547e-01,7.376804e-03,9.087354e-03,3.719700e-02,1.093954e-02,2.569743e-02,1.594675e-03,1.939138e-02,2.853164e-02,1.869007e-02,1.596639e-01,2.220851e-01,2.753746e-02,4.332562e-02,9.427360e-03
2.970579e-01,9.066881e-03,8.993407e-03,3.031021e-02,2.662744e-02,2.798972e-02,2.474488e-03,2.663305e-02,3.443979e-02,1.590916e-02,1.515489e-01,3.023083e-01,2.476076e-02,3.254107e-02,9.338997e-03
2.172937e-01,8.519257e-03,9.627653e-03,2.263605e-02,1.648001e-01,2.170672e-02,8.742989e-03,2.119140e-02,7.415457e-02,1.200983e-02,1.270009e-01,2.624811e-01,1.884585e-02,2.339561e-02,7.594313e-03
1.528128e-01,9.189479e-03,8.201249e-03,1.692270e-02,1.825881e-01,1.675270e-02,7.116264e-03,1.651776e-02,2.691408e-01,8.881504e-03,9.009141e-02,1.862589e-01,1.350107e-02,1.654478e-02,5.480488e-03
1.081296e-01,8.532830e-03,6.586274e-03,1.282899e-02,2.265912e-01,1.291832e-02,5.541361e-03,1.217375e-02,3.752301e-01,6.570078e-03,6.520528e-02,1.332651e-01,1.050400e-02,1.167345e-02,4.249596e-03
7.741815e-02,1.530672e-02,6.559716e-03,2.574285e-02,2.033693e-01,1.096025e-02,4.174782e-03,1.546680e-02,4.682735e-01,7.901391e-03,4.702500e-02,9.409474e-02,9.351688e-03,8.327245e-03,6.027987e-03
5.795645e-02,1.276537e-02,5.634880e-03,1.888104e-02,2.248311e-01,7.959847e-03,3.052641e-03,1.121355e-01,4.341067e-01,5.668698e-03,3.333614e-02,6.609167e-02,7.359050e-03,5.907097e-03,4.313900e-03
4.649757e-02,9.461829e-03,4.404631e-03,1.499592e-02,1.980449e-01,5.932017e-03,2.409415e-03,3.020930e-01,3.294103e-01,3.985083e-03,2.358556e-02,4.637251e-02,5.617277e-03,4.151909e-03,3.038093e-03
3.659607e-02,7.205895e-03,3.617521e-03,1.132531e-02,1.564907e-01,4.623968e-03,2.069936e-03,4.846067e-01,2.323762e-01,2.800077e-03,1.658682e-02,3.254406e-02,4.046406e-03,2.949251e-03,2.161128e-03
3.021148e-02,5.639886e-03,2.829155e-03,8.460337e-03,1.209923e-01,3.945243e-03,1.740818e-03,6.190641e-01,1.639080e-01,1.967239e-03,1.169586e-02,2.290701e-02,2.961309e-03,2.112956e-03,1.564324e-03
3.231525e-02,4.765227e-03,2.353236e-03,6.704786e-03,9.464560e-02,3.640179e-03,1.373250e-03,7.057053e-01,1.165640e-01,1.400665e-03,8.368050e-03,1.685145e-02,2.414149e-03,1.566728e-03,1.332062e-03
3.123530e-02,3.763609e-03,1.905855e-03,5.256602e-03,7.494694e-02,3.135936e-03,1.034679e-03,7.716031e-01,8.386883e-02,9.921505e-04,5.979231e-03,1.219504e-02,1.850436e-03,1.151688e-03,1.080584e-03
4.273689e-02,3.329651e-03,2.318058e-03,4.531200e-03,5.984676e-02,4.053955e-03,1.067498e-03,8.000536e-01,6.344639e-02,7.464949e-04,4.599749e-03,9.326010e-03,1.698197e-03,9.554822e-04,1.289988e-03
6.689015e-02,4.644018e-03,3.539941e-03,4.337315e-03,4.748599e-02,7.911848e-03,1.808776e-03,7.955374e-01,5.096658e-02,6.064468e-04,3.888963e-03,7.625514e-03,1.788176e-03,1.130561e-03,1.838298e-03
6.306936e-02,4.282247e-03,3.513267e-03,3.720043e-03,3.981039e-02,6.787199e-03,2.259360e-03,8.248285e-01,3.860096e-02,4.653937e-04,3.076337e-03,5.659350e-03,1.485140e-03,9.777534e-04,1.464604e-03
5.810988e-02,3.197725e-03,2.878594e-03,3.181923e-03,3.284846e-02,5.094257e-03,1.949175e-03,8.552291e-01,2.783676e-02,3.395237e-04,2.309509e-03,4.066534e-03,1.125384e-03,7.664266e-04,1.066607e-03
5.995866e-02,2.392453e-03,2.308695e-03,2.578625e-03,2.748163e-02,4.034941e-03,1.615998e-03,8.724980e-01,1.989417e-02,2.487894e-04,1.750341e-03,2.982671e-03,8.880695e-04,5.757672e-04,7.911289e-04
6.123360e-02,1.793410e-03,1.887138e-03,2.146973e-03,2.285835e-02,3.591125e-03,1.441221e-03,8.849989e-01,1.409767e-02,1.900675e-04,1.401813e-03,2.378430e-03,8.652859e-04,4.493028e-04,6.667063e-04
8.495924e-02,1.484046e-03,1.583073e-03,1.994780e-03,1.966886e-02,3.520465e-03,1.352237e-03,8.688569e-01,1.028382e-02,1.715829e-04,1.275442e-03,2.605290e-03,1.120135e-03,3.988257e-04,7.252772e-04
9.054944e-02,1.181129e-03,1.189953e-03,1.726702e-03,1.737243e-02,2.793095e-03,1.053429e-03,8.706090e-01,7.716288e-03,1.479856e-04,1.118658e-03,2.318406e-03,1.243012e-03,3.296141e-04,6.508558e-04
1.417841e-01,1.714393e-03,1.111935e-03,5.018471e-03,1.543271e-02,3.846683e-03,8.815342e-04,7.346170e-01,9.366516e-03,6.564545e-04,8.060786e-03,3.243114e-02,4.189538e-02,1.514629e-03,1.668335e-03
1.143656e-01,1.944057e-03,1.025593e-03,1.007231e-02,1.475345e-02,5.769564e-03,8.204163e-04,5.551708e-01,1.269868e-02,8.029888e-04,1.152476e-02,1.877370e-01,7.920112e-02,2.353691e-03,1.760086e-03
8.763603e-02,2.336601e-03,1.046007e-03,2.006279e-02,1.235653e-02,7.625330e-03,2.359618e-03,3.967080e-01,9.127802e-02,1.011679e-03,1.417150e-02,2.946964e-01,6.408540e-02,2.173379e-03,2.452767e-03
6.203302e-02,1.727983e-03,8.147847e-04,1.707715e-02,1.268076e-02,8.043758e-03,1.835261e-03,2.787310e-01,9.731712e-02,8.026473e-04,1.861341e-02,4.453946e-01,5.091569e-02,2.158907e-03,1.854001e-03
4.377288e-02,1.369185e-03,7.412136e-04,1.232023e-02,2.991312e-02,5.790795e-03,1.308794e-03,1.965223e-01,1.589246e-01,6.059877e-04,1.962358e-02,4.802442e-01,4.579032e-02,1.757775e-03,1.315025e-03
3.478685e-02,1.202495e-03,6.314109e-04,9.583241e-03,4.237816e-02,5.417547e-03,1.060464e-03,1.394290e-01,2.124500e-01,1.178693e-03,2.212645e-02,4.890608e-01,3.813557e-02,1.577636e-03,9.816462e-04
2.700943e-02,9.127386e-04,5.094740e-04,7.372311e-03,3.369729e-02,8.252382e-03,8.155846e-04,9.782727e-02,1.664163e-01,1.461768e-03,2.312006e-02,5.995923e-01,2.995557e-02,2.283553e-03,7.739780e-04
1.921866e-02,8.062463e-04,4.046455e-04,5.432843e-03,2.511574e-02,7.591555e-03,5.860919e-04,6.856129e-02,1.259047e-01,1.436929e-03,3.116126e-02,6.844539e-01,2.307744e-02,5.621921e-03,6.267945e-04
1.407876e-02,2.398951e-03,1.406042e-03,4.219273e-03,2.145418e-02,7.823666e-03,4.469882e-04,4.848209e-02,9.662995e-02,1.729610e-03,6.146140e-02,7.050986e-01,1.967137e-02,1.447353e-02,6.255808e-04
1.066166e-02,2.215379e-03,1.235468e-03,4.024235e-03,1.650375e-02,7.491009e-03,3.384862e-04,3.411314e-02,7.462212e-02,3.063628e-03,9.997448e-02,7.095554e-01,1.641142e-02,1.914360e-02,6.462152e-04
1.109291e-02,1.989376e-03,1.419085e-03,3.244290e-03,1.236704e-02,1.380017e-02,2.761718e-04,2.411493e-02,5.513140e-02,2.951113e-03,2.536279e-01,5.847459e-01,1.282368e-02,2.151959e-02,8.964699e-04
8.528230e-03,1.509881e-03,1.213422e-03,2.349545e-03,8.999620e-03,1.128860e-02,2.027296e-04,1.699355e-02,4.005600e-02,2.290648e-03,3.819999e-01,4.967478e-01,9.197748e-03,1.792422e-02,6.981847e-04
6.390344e-03,2.033345e-03,2.530035e-03,1.939481e-03,6.986971e-03,1.115763e-02,1.597569e-04,1.226162e-02,3.309230e-02,1.872812e-03,4.057490e-01,4.921290e-01,6.889265e-03,1.614886e-02,6.596377e-04
4.556323e-03,3.528354e-03,3.718190e-03,1.817131e-03,9.495525e-03,8.340507e-03,1.267879e-04,8.783547e-03,3.622366e-02,1.882989e-03,4.606704e-01,4.426322e-01,4.912283e-03,1.231407e-02,9.980003e-04
3.778706e-03,4.836518e-03,2.436530e-02,3.020277e-03,1.717792e-02,6.198782e-03,1.252279e-04,7.413097e-03,3.498496e-02,1.705444e-03,5.479563e-01,3.343594e-01,3.577093e-03,9.609251e-03,8.916548e-04
3.205892e-03,5.805345e-03,2.078811e-02,2.938681e-03,2.106599e-02,5.146435e-03,1.356469e-04,5.961363e-03,3.540546e-02,1.693074e-03,6.341878e-01,2.521534e-01,2.579067e-03,8.049924e-03,8.838156e-04
2.871970e-03,6.950282e-03,1.667451e-02,3.282521e-03,1.800923e-02,5.670933e-03,1.322796e-04,5.358263e-03,4.787292e-02,1.892383e-03,6.899823e-01,1.915407e-01,1.877879e-03,6.821920e-03,1.061878e-03
3.102398e-03,8.662019e-03,1.474897e-02,4.098254e-03,1.445313e-02,4.830568e-03,1.169550e-04,5.120166e-03,1.166366e-01,2.693626e-03,6.566870e-01,1.577395e-01,1.395305e-03,8.244771e-03,1.470688e-03
5.447460e-03,3.034949e-02,1.208782e-02,6.496132e-03,4.956372e-02,7.120812e-03,6.853632e-04,4.457145e-03,1.289607e-01,2.023822e-03,6.267434e-01,1.176233e-01,1.059135e-03,6.214963e-03,1.166721e-03
9.282377e-03,3.188938e-02,1.058741e-02,1.309873e-02,1.305161e-01,8.098027e-03,1.718465e-03,1.488656e-02,1.167547e-01,1.631289e-03,5.688384e-01,8.592423e-02,8.432079e-04,4.831071e-03,1.100150e-03
1.773659e-02,7.747228e-02,9.145800e-03,1.287133e-02,2.353607e-01,7.014154e-03,1.370283e-03,1.269451e-02,1.384575e-01,1.728244e-03,4.162422e-01,6.150940e-02,6.750039e-04,3.730544e-03,3.991418e-03
2.661990e-02,9.547791e-02,8.634677e-03,1.190256e-02,2.804752e-01,5.690280e-03,1.033962e-03,1.048677e-02,1.615685e-01,4.167514e-03,3.270762e-01,4.465026e-02,7.069685e-04,3.668066e-03,1.784127e-02
3.362665e-02,1.428619e-01,7.299338e-03,1.440807e-02,2.702941e-01,4.919634e-03,8.285972e-04,1.177103e-02,1.924713e-01,5.055654e-03,2.554909e-01,3.311797e-02,8.992932e-04,3.501908e-03,2.345354e-02
5.354851e-02,1.644645e-01,7.712755e-03,1.518480e-02,2.506253e-01,1.032803e-02,7.208438e-04,1.163696e-02,1.970754e-01,4.679243e-03,2.206716e-01,2.456756e-02,9.597675e-04,7.738419e-03,3.008628e-02
6.119215e-02,1.767374e-01,7.173773e-03,1.673242e-02,2.244498e-01,1.364702e-02,6.227891e-04,1.023619e-02,2.157055e-01,6.013439e-03,1.698863e-01,1.788591e-02,1.060781e-03,8.718929e-03,6.993759e-02
5.543141e-02,1.742837e-01,8.049507e-03,4.420872e-02,1.867909e-01,1.312219e-02,6.077915e-04,2.196449e-02,2.191992e-01,9.180643e-03,1.216268e-01,1.349085e-02,1.095271e-03,7.660452e-03,1.232880e-01
6.897879e-02,1.952949e-01,7.141056e-03,4.029354e-02,1.549617e-01,1.907432e-02,5.776926e-04,1.916944e-02,2.448133e-01,7.650839e-03,8.982036e-02,1.105079e-02,1.837629e-03,7.839543e-03,1.314962e-01
6.002314e-02,1.816677e-01,8.038338e-03,6.262691e-02,1.147171e-01,1.838638e-02,4.992773e-04,1.863336e-02,2.204940e-01,1.277719e-02,6.650203e-02,8.637076e-03,1.996608e-03,7.625750e-03,2.173752e-01
4.655237e-02,1.820536e-01,3.476800e-02,1.086783e-01,8.158257e-02,2.183460e-02,3.929114e-04,1.491549e-02,1.833472e-01,3.227240e-02,4.773172e-02,6.298329e-03,1.685283e-03,5.983596e-03,2.319037e-01
3.844219e-02,1.687176e-01,3.038770e-02,9.192646e-02,6.608810e-02,3.783702e-02,4.254001e-04,1.510196e-02,2.153627e-01,5.695187e-02,3.466313e-02,5.088498e-03,1.893922e-03,5.894319e-03,2.312191e-01
2.859840e-02,1.550294e-01,2.868448e-02,7.077210e-02,4.730795e-02,3.318450e-02,3.259323e-04,1.103098e-02,1.804650e-01,4.638883e-02,2.600260e-02,3.858775e-03,1.852562e-03,6.936715e-03,3.595618e-01
2.042997e-02,1.485020e-01,2.774284e-02,6.153492e-02,3.326634e-02,2.416463e-02,2.366855e-04,7.893574e-03,1.594052e-01,3.965069e-02,2.239764e-02,2.923595e-03,1.531485e-03,1.239137e-02,4.379290e-01
1.558641e-02,1.135845e-01,3.283168e-02,4.524215e-02,2.413786e-02,1.780422e-02,1.957781e-04,5.819054e-03,1.363404e-01,3.297910e-02,2.923984e-02,2.939013e-03,1.877503e-03,1.580374e-01,3.833850e-01
1.175451e-02,8.071608e-02,3.756642e-02,3.224699e-02,1.705400e-02,1.266713e-02,1.457800e-04,4.135804e-03,1.329533e-01,2.980524e-02,2.703105e-02,2.237465e-03,1.589203e-03,2.442395e-01,3.658575e-01
8.736161e-03,5.688678e-02,3.035240e-02,2.260974e-02,1.203152e-02,8.991087e-03,1.123422e-04,2.923016e-03,1.075708e-01,3.300184e-02,2.101815e-02,1.700824e-03,1.217344e-03,2.945046e-01,3.983434e-01
6.401435e-03,4.000676e-02,2.169510e-02,1.586195e-02,8.459809e-03,6.360507e-03,8.391557e-05,2.054753e-03,9.047750e-02,6.786030e-02,1.526111e-02,1.245877e-03,8.797571e-04,4.156231e-01,3.077281e-01
4.588790e-03,2.811024e-02,1.531974e-02,1.111121e-02,5.954694e-03,4.487224e-03,6.504753e-05,1.442214e-03,6.877162e-02,6.678466e-02,1.109169e-02,9.155163e-04,6.520307e-04,5.501614e-01,2.305440e-01
3.900471e-03,2.009143e-02,1.154441e-02,7.853566e-03,4.532820e-03,3.521956e-03,7.835656e-05,1.061301e-03,6.904316e-02,9.257297e-02,1.042617e-02,6.829178e-04,4.995689e-04,6.080756e-01,1.661153e-01
3.261408e-03,1.427057e-02,9.270415e-03,5.536582e-03,3.351687e-03,2.625038e-03,7.585419e-05,7.804474e-04,7.479613e-02,1.376905e-01,8.754133e-03,5.481623e-04,4.283505e-04,6.102394e-01,1.283713e-01
5.449768e-03,1.028046e-02,8.834486e-03,3.912304e-03,2.648852e-03,1.987796e-03,8.420215e-05,8.019917e-04,8.165586e-02,1.831319e-01,8.983414e-03,4.729315e-04,5.058285e-04,5.979772e-01,9.327300e-02
1.742949e-02,8.842294e-03,1.196682e-02,4.330339e-03,4.239200e-03,2.165498e-03,3.186299e-04,1.690215e-03,8.597521e-02,2.183269e-01,1.454588e-02,1.439277e-03,2.132757e-03,5.510906e-01,7.550683e-02
2.267295e-02,6.694281e-03,1.129153e-02,3.352113e-03,3.679954e-03,2.375775e-03,4.010123e-04,1.539869e-03,8.455482e-02,2.246698e-01,1.216563e-02,1.281424e-03,1.961491e-03,5.607184e-01,6.264096e-02
5.790598e-02,6.646936e-03,4.418898e-02,5.015417e-03,4.454337e-03,5.365639e-03,7.846911e-04,3.390830e-03,8.980349e-02,2.290038e-01,1.093448e-02,1.890636e-03,2.620416e-03,4.766017e-01,6.139267e-02
1.250947e-01,1.411312e-02,4.893890e-02,1.581056e-02,1.174658e-02,9.630465e-03,1.104497e-03,7.698299e-03,8.319026e-02,2.433267e-01,1.178553e-02,3.300629e-03,3.015178e-03,3.645333e-01,5.671137e-02
1.682228e-01,1.419323e-02,3.893742e-02,1.421753e-02,2.059195e-02,1.697066e-02,1.199953e-03,2.104421e-02,1.207584e-01,2.400423e-01,1.078702e-02,3.865778e-03,2.771840e-03,2.805876e-01,4.580932e-02
2.345097e-01,1.674199e-02,3.284604e-02,1.346827e-02,3.946970e-02,2.229193e-02,1.482327e-03,2.503374e-02,1.496344e-01,1.998843e-01,9.703534e-03,5.254040e-03,3.421303e-03,2.092480e-01,3.701067e-02
2.686844e-01,1.575694e-02,2.593277e-02,1.172687e-02,4.094131e-02,2.152492e-02,1.362493e-03,2.619628e-02,1.788372e-01,2.014190e-01,9.081165e-03,5.093004e-03,3.074624e-03,1.591108e-01,3.125815e-02
3.268661e-01,1.467663e-02,2.025300e-02,1.053003e-02,3.577812e-02,1.883494e-02,1.243571e-03,2.043457e-02,2.347791e-01,1.486381e-01,8.410987e-03,7.434677e-03,3.899609e-03,1.204510e-01,2.776968e-02
3.823500e-01,1.253796e-02,1.628840e-02,8.885710e-03,3.525207e-02,1.507185e-02,1.239933e-03,1.562266e-02,2.634223e-01,1.060129e-01,8.067868e-03,8.427244e-03,4.352791e-03,9.986091e-02,2.260736e-02
4.573193e-01,1.154463e-02,1.596653e-02,9.033067e-03,2.924156e-02,1.247730e-02,1.259848e-03,1.226386e-02,2.472673e-01,7.626483e-02,8.755061e-03,1.009348e-02,5.037330e-03,8.240927e-02,2.106655e-02
4.528433e-01,3.315370e-02,2.933271e-02,8.759832e-02,2.395601e-02,1.078901e-02,1.792595e-03,1.112401e-02,1.869321e-01,5.427547e-02,8.437427e-03,1.494340e-02,6.358205e-03,5.870584e-02,1.975795e-02
4.716410e-01,2.523849e-02,3.088770e-02,6.783480e-02,2.441208e-02,9.373460e-03,3.320070e-03,1.072866e-01,1.393441e-01,3.830263e-02,8.324655e-03,1.239795e-02,5.403874e-03,4.190901e-02,1.432360e-02
3.858863e-01,1.933676e-02,3.195902e-02,4.904354e-02,2.089136e-02,7.169326e-03,3.062620e-03,2.921471e-01,1.019672e-01,2.694370e-02,6.989647e-03,9.263688e-03,4.197922e-03,3.073404e-02,1.040776e-02
3.432636e-01,1.992744e-02,2.858818e-02,3.701012e-02,2.221873e-02,5.871161e-03,3.153371e-03,3.894196e-01,8.155704e-02,1.946377e-02,6.218988e-03,7.064080e-03,3.440088e-03,2.437779e-02,8.426009e-03
2.625290e-01,1.549268e-02,2.322712e-02,2.682874e-02,1.736915e-02,5.556000e-03,4.143020e-03,5.343658e-01,5.915945e-02,1.377668e-02,4.867339e-03,5.618292e-03,2.672184e-03,1.782037e-02,6.574165e-03
1.874202e-01,1.097528e-02,1.840300e-02,1.925987e-02,1.324451e-02,4.375955e-03,4.042880e-03,6.642265e-01,4.154554e-02,9.698980e-03,3.564875e-03,4.080028e-03,1.962689e-03,1.251643e-02,4.683279e-03
1.395654e-01,7.797442e-03,1.510342e-02,1.408946e-02,1.411934e-02,3.377136e-03,3.207174e-03,7.476504e-01,2.927708e-02,6.807047e-03,2.584968e-03,2.883668e-03,1.426712e-03,8.791561e-03,3.319288e-03
1.149697e-01,5.604197e-03,1.110023e-02,1.012807e-02,1.243819e-02,2.645917e-03,2.471719e-03,8.015252e-01,2.063847e-02,4.792594e-03,1.941226e-03,2.123961e-03,1.062263e-03,6.189567e-03,2.368693e-03
1.047175e-01,4.032069e-03,8.588890e-03,7.667057e-03,1.068615e-02,2.375423e-03,2.116914e-03,8.317472e-01,1.450283e-02,3.398163e-03,1.476810e-03,1.697626e-03,9.095571e-04,4.362453e-03,1.721412e-03
8.619322e-02,2.893986e-03,7.066933e-03,6.346966e-03,9.165255e-03,2.267318e-03,1.759764e-03,8.639152e-01,1.018745e-02,2.422550e-03,1.144101e-03,1.415704e-03,8.915517e-04,3.075950e-03,1.254073e-03
6.438390e-02,2.095242e-03,5.904363e-03,4.949839e-03,7.890302e-03,3.125744e-03,1.497927e-03,8.941122e-01,7.168078e-03,1.730571e-03,1.192189e-03,1.451476e-03,1.300746e-03,2.199932e-03,9.974245e-04
4.684509e-02,1.505475e-03,4.433888e-03,3.642150e-03,6.347839e-03,3.363268e-03,1.248482e-03,9.147832e-01,5.055368e-03,1.246742e-03,2.968990e-03,1.829475e-03,4.212252e-03,1.693755e-03,8.240017e-04
4.822631e-02,1.331753e-03,4.986810e-03,3.088485e-03,6.694135e-03,1.729972e-02,1.174946e-03,8.975905e-01,3.796439e-03,9.389197e-04,4.217397e-03,2.178162e-03,4.245460e-03,1.798523e-03,2.432433e-03
5.269521e-02,1.369682e-03,5.722191e-03,2.966640e-03,1.484631e-02,1.354461e-01,1.071481e-03,7.660486e-01,2.823493e-03,7.213530e-04,5.035314e-03,2.411227e-03,3.883262e-03,2.239767e-03,2.719437e-03
6.118906e-02,1.399450e-03,6.249095e-03,2.701654e-03,2.019483e-02,2.449660e-01,9.961021e-04,6.389742e-01,2.277276e-03,6.086060e-04,6.322263e-03,2.424697e-03,3.424272e-03,4.076193e-03,4.196157e-03
9.527576e-02,1.401971e-03,9.192823e-03,2.643473e-03,2.627101e-02,2.996489e-01,1.080391e-03,5.362425e-01,2.139718e-03,6.095523e-04,6.364374e-03,2.311515e-03,2.920202e-03,5.280544e-03,8.617200e-03
9.254815e-02,1.430483e-03,9.051777e-03,2.179807e-03,2.730216e-02,4.217052e-01,8.286458e-04,4.037567e-01,2.073626e-03,6.419324e-04,9.650890e-03,1.892430e-03,2.404423e-03,1.161688e-02,1.291688e-02
9.052172e-02,1.230001e-02,4.970127e-02,2.550410e-02,2.327707e-02,4.254147e-01,8.339450e-04,2.930757e-01,6.069397e-03,2.498796e-03,1.195152e-02,5.386955e-03,6.853741e-03,1.173496e-02,3.487622e-02
6.774274e-02,9.624467e-03,3.673501e-02,1.816628e-02,1.654511e-02,4.719985e-01,6.411857e-04,2.060729e-01,4.825841e-03,2.460946e-03,6.827496e-02,6.733911e-03,6.853134e-03,4.914097e-02,3.418408e-02
5.206434e-02,7.694676e-03,2.627254e-02,1.289320e-02,1.178445e-02,4.592044e-01,5.413258e-04,1.455183e-01,4.061590e-03,3.738898e-03,9.694009e-02,1.325958e-02,6.679706e-03,1.306859e-01,2.866092e-02
3.698995e-02,7.384512e-03,1.869609e-02,9.057445e-03,8.320496e-03,3.365082e-01,4.414860e-04,1.021349e-01,4.268354e-03,1.393071e-02,1.533458e-01,1.105463e-02,4.935891e-03,2.692121e-01,2.371941e-02
2.645671e-02,7.208559e-03,1.326284e-02,6.366712e-03,5.856982e-03,2.445757e-01,4.019054e-04,7.174943e-02,6.161055e-03,2.033861e-02,1.693682e-01,9.851753e-03,3.683323e-03,3.954266e-01,1.929165e-02
1.917053e-02,1.498990e-02,9.554530e-03,4.824580e-03,4.303757e-03,1.750091e-01,3.827002e-04,5.035196e-02,4.303963e-02,2.857067e-02,1.425294e-01,1.548684e-02,3.396476e-03,4.696181e-01,1.877185e-02
1.405594e-02,1.838169e-02,6.901981e-03,3.692374e-03,3.701526e-03,1.312346e-01,3.725216e-04,3.532829e-02,8.639883e-02,2.395111e-02,1.286623e-01,2.438007e-02,3.008545e-03,5.053864e-01,1.454382e-02
1.104776e-02,1.955433e-02,5.180696e-03,3.341169e-03,3.196598e-03,1.033980e-01,3.900302e-04,2.487606e-02,1.221542e-01,2.152090e-02,1.052420e-01,3.322060e-02,2.889814e-03,5.317621e-01,1.222576e-02
8.494108e-03,1.946925e-02,3.831167e-03,3.828926e-03,2.508654e-03,8.135282e-02,4.464719e-04,1.746856e-02,1.267608e-01,2.251003e-02,9.278976e-02,4.550280e-02,3.635593e-03,5.576401e-01,1.376103e-02
6.593920e-03,1.731000e-02,2.892787e-03,2.905913e-03,1.927805e-03,6.220472e-02,4.548205e-04,1.227049e-02,1.135597e-01,1.897290e-02,8.933549e-02,4.980613e-02,3.209843e-03,6.076185e-01,1.093695e-02
9.925802e-03,3.263725e-02,2.438526e-03,3.829275e-03,1.637351e-03,5.123805e-02,7.157852e-04,8.881737e-03,1.121963e-01,2.702546e-02,9.542405e-02,4.889829e-02,3.425912e-03,5.877895e-01,1.393675e-02
1.038052e-02,2.747587e-02,2.022434e-03,2.969614e-03,1.760496e-03,4.172669e-02,6.519624e-04,6.424961e-03,9.813485e-02,2.442517e-02,8.598065e-02,5.265421e-02,2.855452e-03,6.310531e-01,1.148405e-02
1.085097e-02,2.955040e-02,2.088626e-03,3.145596e-03,1.671247e-03,3.724526e-02,6.175137e-04,5.420335e-03,1.050364e-01,2.195476e-02,7.257872e-02,4.418003e-02,2.645684e-03,6.501966e-01,1.281784e-02
2.235645e-02,4.984855e-02,3.323002e-03,5.121450e-03,3.119859e-03,4.064604e-02,1.107930e-03,8.426655e-03,2.051121e-01,2.769327e-02,5.919402e-02,3.334250e-02,2.858386e-03,5.167534e-01,2.109635e-02
2.990060e-02,4.673923e-02,3.258526e-03,5.618756e-03,4.915139e-03,4.766787e-02,1.158738e-03,6.907489e-03,2.894116e-01,2.647460e-02,5.315054e-02,2.842668e-02,3.261318e-03,4.335021e-01,1.960677e-02
4.779885e-02,4.905533e-02,4.778619e-03,1.075177e-02,6.581214e-03,4.833254e-02,1.243255e-03,8.640711e-03,3.739949e-01,2.341421e-02,4.682172e-02,2.306792e-02,3.719991e-03,3.349733e-01,1.682559e-02
4.877719e-02,5.536105e-02,5.027995e-03,9.150022e-03,9.790853e-03,5.515556e-02,1.082718e-03,9.155039e-03,4.085742e-01,1.908251e-02,3.810668e-02,1.759274e-02,3.436079e-03,3.046715e-01,1.503581e-02
5.915899e-02,4.647416e-02,7.848671e-03,2.053641e-02,1.318250e-02,4.113495e-02,1.226405e-03,1.160763e-02,4.835941e-01,1.515190e-02,2.960548e-02,1.270647e-02,2.938110e-03,2.403969e-01,1.443731e-02
6.037217e-02,4.885536e-02,1.032891e-02,1.928766e-02,1.635118e-02,3.081515e-02,1.039701e-03,9.262113e-03,5.266741e-01,2.042213e-02,2.376631e-02,9.735564e-03,2.959641e-03,1.944334e-01,2.569668e-02
6.484282e-02,5.210521e-02,9.717165e-03,2.035928e-02,1.708721e-02,2.292932e-02,8.840897e-04,8.562244e-03,5.868455e-01,1.899873e-02,1.883697e-02,7.812346e-03,3.099904e-03,1.418158e-01,2.610341e-02
