1.000000e+00,0.000000e+00,0.000000e+00,0.000000e+00,0.000000e+00,0.000000e+00,0.000000e+00,0.000000e+00,0.000000e+00,0.000000e+00,0.000000e+00,0.000000e+00,0.000000e+00,0.000000e+00,0.000000e+00
1.000000e+00,0.000000e+00,0.000000e+00,0.000000e+00,0.000000e+00,0.000000e+00,0.000000e+00,0.000000e+00,0.000000e+00,0.000000e+00,0.000000e+00,0.000000e+00,0.000000e+00,0.000000e+00,0.000000e+00
1.000000e+00,0.000000e+00,0.000000e+00,0.000000e+00,0.000000e+00,0.000000e+00,0.000000e+00,0.000000e+00,0.000000e+00,0.000000e+00,0.000000e+00,0.000000e+00,0.000000e+00,0.000000e+00,0.000000e+00
1.000000e+00,0.000000e+00,0.000000e+00,0.000000e+00,0.000000e+00,0.000000e+00,0.000000e+00,0.000000e+00,0.000000e+00,0.000000e+00,0.000000e+00,0.000000e+00,0.000000e+00,0.000000e+00,0.000000e+00
1.000000e+00,0.000000e+00,0.000000e+00,0.000000e+00,0.000000e+00,0.000000e+00,0.000000e+00,0.000000e+00,0.000000e+00,0.000000e+00,0.000000e+00,0.000000e+00,0.000000e+00,0.000000e+00,0.000000e+00
1.000000e+00,0.000000e+00,0.000000e+00,0.000000e+00,0.000000e+00,0.000000e+00,0.000000e+00,0.000000e+00,0.000000e+00,0.000000e+00,0.000000e+00,0.000000e+00,0.000000e+00,0.000000e+00,0.000000e+00
1.000000e+00,0.000000e+00,0.000000e+00,0.000000e+00,0.000000e+00,0.000000e+00,0.000000e+00,0.000000e+00,0.000000e+00,0.000000e+00,0.000000e+00,0.000000e+00,0.000000e+00,0.000000e+00,0.000000e+00
1.000000e+00,0.000000e+00,0.000000e+00,0.000000e+00,0.000000e+00,0.000000e+00,0.000000e+00,0.000000e+00,0.000000e+00,0.000000e+00,0.000000e+00,0.000000e+00,0.000000e+00,0.000000e+00,0.000000e+00
1.000000e+00,0.000000e+00,0.000000e+00,0.000000e+00,0.000000e+00,0.000000e+00,0.000000e+00,0.000000e+00,0.000000e+00,0.000000e+00,0.000000e+00,0.000000e+00,0.000000e+00,0.000000e+00,0.000000e+00
1.000000e+00,0.000000e+00,0.000000e+00,0.000000e+00,0.000000e+00,0.000000e+00,0.000000e+00,0.000000e+00,0.000000e+00,0.000000e+00,0.000000e+00,0.000000e+00,0.000000e+00,0.000000e+00,0.000000e+00
1.000000e+00,0.000000e+00,0.000000e+00,0.000000e+00,0.000000e+00,0.000000e+00,0.000000e+00,0.000000e+00,0.000000e+00,0.000000e+00,0.000000e+00,0.000000e+00,0.000000e+00,0.000000e+00,0.000000e+00
1.000000e+00,0.000000e+00,0.000000e+00,0.000000e+00,0.000000e+00,0.000000e+00,0.000000e+00,0.000000e+00,0.000000e+00,0.000000e+00,0.000000e+00,0.000000e+00,0.000000e+00,0.000000e+00,0.000000e+00
1.000000e+00,0.000000e+00,0.000000e+00,0.000000e+00,0.000000e+00,0.000000e+00,0.000000e+00,0.000000e+00,0.000000e+00,0.000000e+00,0.000000e+00,0.000000e+00,0.000000e+00,0.000000e+00,0.000000e+00
1.000000e+00,0.000000e+00,0.000000e+00,0.000000e+00,0.000000e+00,0.000000e+00,0.000000e+00,0.000000e+00,0.000000e+00,0.000000e+00,0.000000e+00,0.000000e+00,0.000000e+00,0.000000e+00,0.000000e+00
1.000000e+00,0.000000e+00,0.000000e+00,0.000000e+00,0.000000e+00,0.000000e+00,0.000000e+00,0.000000e+00,0.000000e+00,0.000000e+00,0.000000e+00,0.000000e+00,0.000000e+00,0.000000e+00,0.000000e+00
1.000000e+00,0.000000e+00,0.000000e+00,0.000000e+00,0.000000e+00,0.000000e+00,0.000000e+00,0.000000e+00,0.000000e+00,0.000000e+00,0.000000e+00,0.000000e+00,0.000000e+00,0.000000e+00,0.000000e+00
1.000000e+00,0.000000e+00,0.000000e+00,0.000000e+00,0.000000e+00,0.000000e+00,0.000000e+00,0.000000e+00,0.000000e+00,0.000000e+00,0.000000e+00,0.000000e+00,0.000000e+00,0.000000e+00,0.000000e+00
1.000000e+00,0.000000e+00,0.000000e+00,0.000000e+00,0.000000e+00,0.000000e+00,0.000000e+00,0.000000e+00,0.000000e+00,0.000000e+00,0.000000e+00,0.000000e+00,0.000000e+00,0.000000e+00,0.000000e+00
1.000000e+00,0.000000e+00,0.000000e+00,0.000000e+00,0.000000e+00,0.000000e+00,0.000000e+00,0.000000e+00,0.000000e+00,0.000000e+00,0.000000e+00,0.000000e+00,0.000000e+00,0.000000e+00,0.000000e+00
1.000000e+00,0.000000e+00,0.000000e+00,0.000000e+00,0.000000e+00,0.000000e+00,0.000000e+00,0.000000e+00,0.000000e+00,0.000000e+00,0.000000e+00,0.000000e+00,0.000000e+00,0.000000e+00,0.000000e+00
1.000000e+00,0.000000e+00,0.000000e+00,0.000000e+00,0.000000e+00,0.000000e+00,0.000000e+00,0.000000e+00,0.000000e+00,0.000000e+00,0.000000e+00,0.000000e+00,0.000000e+00,0.000000e+00,0.000000e+00
1.000000e+00,0.000000e+00,0.000000e+00,0.000000e+00,0.000000e+00,0.000000e+00,0.000000e+00,0.000000e+00,0.000000e+00,0.000000e+00,0.000000e+00,0.000000e+00,0.000000e+00,0.000000e+00,0.000000e+00
1.000000e+00,0.000000e+00,0.000000e+00,0.000000e+00,0.000000e+00,0.000000e+00,0.000000e+00,0.000000e+00,0.000000e+00,0.000000e+00,0.000000e+00,0.000000e+00,0.000000e+00,0.000000e+00,0.000000e+00
1.000000e+00,0.000000e+00,0.000000e+00,0.000000e+00,0.000000e+00,0.000000e+00,0.000000e+00,0.000000e+00,0.000000e+00,0.000000e+00,0.000000e+00,0.000000e+00,0.000000e+00,0.000000e+00,0.000000e+00
1.000000e+00,0.000000e+00,0.000000e+00,0.000000e+00,0.000000e+00,0.000000e+00,0.000000e+00,0.000000e+00,0.000000e+00,0.000000e+00,0.000000e+00,0.000000e+00,0.000000e+00,0.000000e+00,0.000000e+00
1.000000e+00,0.000000e+00,0.000000e+00,0.000000e+00,0.000000e+00,0.000000e+00,0.000000e+00,0.000000e+00,0.000000e+00,0.000000e+00,0.000000e+00,0.000000e+00,0.000000e+00,0.000000e+00,0.000000e+00
1.000000e+00,0.000000e+00,0.000000e+00,0.000000e+00,0.000000e+00,0.000000e+00,0.000000e+00,0.000000e+00,0.000000e+00,0.000000e+00,0.000000e+00,0.000000e+00,0.000000e+00,0.000000e+00,0.000000e+00
1.000000e+00,0.000000e+00,0.000000e+00,0.000000e+00,0.000000e+00,0.000000e+00,0.000000e+00,0.000000e+00,0.000000e+00,0.000000e+00,0.000000e+00,0.000000e+00,0.000000e+00,0.000000e+00,0.000000e+00
1.000000e+00,0.000000e+00,0.000000e+00,0.000000e+00,0.000000e+00,0.000000e+00,0.000000e+00,0.000000e+00,0.000000e+00,0.000000e+00,0.000000e+00,0.000000e+00,0.000000e+00,0.000000e+00,0.000000e+00
1.000000e+00,0.000000e+00,0.000000e+00,0.000000e+00,0.000000e+00,0.000000e+00,0.000000e+00,0.000000e+00,0.000000e+00,0.000000e+00,0.000000e+00,0.000000e+00,0.000000e+00,0.000000e+00,0.000000e+00
1.000000e+00,0.000000e+00,0.000000e+00,0.000000e+00,0.000000e+00,0.000000e+00,0.000000e+00,0.000000e+00,0.000000e+00,0.000000e+00,0.000000e+00,0.000000e+00,0.000000e+00,0.000000e+00,0.000000e+00
1.000000e+00,0.000000e+00,0.000000e+00,0.000000e+00,0.000000e+00,0.000000e+00,0.000000e+00,0.000000e+00,0.000000e+00,0.000000e+00,0.000000e+00,0.000000e+00,0.000000e+00,0.000000e+00,0.000000e+00
1.000000e+00,0.000000e+00,0.000000e+00,0.000000e+00,0.000000e+00,0.000000e+00,0.000000e+00,0.000000e+00,0.000000e+00,0.000000e+00,0.000000e+00,0.000000e+00,0.000000e+00,0.000000e+00,0.000000e+00
1.000000e+00,0.000000e+00,0.000000e+00,0.000000e+00,0.000000e+00,0.000000e+00,0.000000e+00,0.000000e+00,0.000000e+00,0.000000e+00,0.000000e+00,0.000000e+00,0.000000e+00,0.000000e+00,0.000000e+00
1.000000e+00,0.000000e+00,0.000000e+00,0.000000e+00,0.000000e+00,0.000000e+00,0.000000e+00,0.000000e+00,0.000000e+00,0.000000e+00,0.000000e+00,0.000000e+00,0.000000e+00,0.000000e+00,0.000000e+00
1.000000e+00,0.000000e+00,0.000000e+00,0.000000e+00,0.000000e+00,0.000000e+00,0.000000e+00,0.000000e+00,0.000000e+00,0.000000e+00,0.000000e+00,0.000000e+00,0.000000e+00,0.000000e+00,0.000000e+00
1.000000e+00,0.000000e+00,0.000000e+00,0.000000e+00,0.000000e+00,0.000000e+00,0.000000e+00,0.000000e+00,0.000000e+00,0.000000e+00,0.000000e+00,0.000000e+00,0.000000e+00,0.000000e+00,0.000000e+00
1.000000e+00,0.000000e+00,0.000000e+00,0.000000e+00,0.000000e+00,0.000000e+00,0.000000e+00,0.000000e+00,0.000000e+00,0.000000e+00,0.000000e+00,0.000000e+00,0.000000e+00,0.000000e+00,0.000000e+00
1.000000e+00,0.000000e+00,0.000000e+00,0.000000e+00,0.000000e+00,0.000000e+00,0.000000e+00,0.000000e+00,0.000000e+00,0.000000e+00,0.000000e+00,0.000000e+00,0.000000e+00,0.000000e+00,0.000000e+00
4.926454e-01,9.148157e-03,9.574953e-03,2.616928e-02,5.528457e-03,1.502962e-02,8.839667e-03,3.862411e-01,3.595290e-03,1.288258e-03,5.355419e-03,1.238592e-02,1.302044e-02,1.811608e-03,9.366322e-03
3.627833e-01,6.892096e-03,1.570432e-02,2.054074e-02,4.203748e-03,1.276370e-02,7.349687e-03,5.340543e-01,2.590518e-03,9.496034e-04,4.209957e-03,9.399417e-03,9.562325e-03,1.954397e-03,7.041845e-03
2.900667e-01,5.351295e-03,1.779168e-02,1.596226e-02,3.453341e-03,1.113608e-02,6.740161e-03,6.196585e-01,1.946232e-03,7.937353e-04,3.761696e-03,7.671851e-03,7.480497e-03,2.661796e-03,5.524182e-03
3.661790e-01,4.625729e-03,1.436114e-02,1.386506e-02,5.375393e-03,1.083653e-02,6.551533e-03,5.457451e-01,1.935875e-03,1.127679e-03,4.278952e-03,8.509265e-03,8.795025e-03,2.623877e-03,5.189729e-03
3.201501e-01,5.924708e-03,1.344742e-02,1.575310e-02,6.857286e-03,9.549407e-03,5.909503e-03,5.853662e-01,2.953398e-03,1.246186e-03,5.334108e-03,9.083934e-03,1.023118e-02,3.263554e-03,4.929863e-03
3.445525e-01,6.357177e-03,1.074845e-02,1.651976e-02,1.145158e-02,7.734578e-03,4.645082e-03,4.958290e-01,3.335360e-03,1.460882e-03,1.083902e-02,2.116594e-02,5.788902e-02,3.538490e-03,3.933213e-03
3.966771e-01,8.196708e-03,9.433473e-03,1.490391e-02,1.394546e-02,8.119348e-03,5.346224e-03,3.838996e-01,7.262654e-03,1.489462e-03,1.248452e-02,4.458141e-02,7.680002e-02,1.297056e-02,3.889625e-03
4.383378e-01,9.204244e-03,8.795699e-03,1.841293e-02,1.423126e-02,8.635377e-03,6.022991e-03,2.903626e-01,1.143740e-02,1.640903e-03,1.602008e-02,6.779971e-02,8.767620e-02,1.661452e-02,4.808309e-03
4.282385e-01,1.107406e-02,7.613133e-03,2.582740e-02,1.451699e-02,1.037310e-02,7.902482e-03,2.141363e-01,2.038663e-02,1.999407e-03,2.025113e-02,1.233339e-01,8.685167e-02,2.104745e-02,6.447891e-03
3.676131e-01,9.459864e-03,6.050371e-03,2.646495e-02,1.499184e-02,9.562227e-03,6.773250e-03,1.584577e-01,2.818633e-02,1.988114e-03,2.161723e-02,2.313281e-01,9.130689e-02,2.055885e-02,5.641254e-03
2.818068e-01,8.409212e-03,4.947845e-03,2.843484e-02,1.793410e-02,9.245859e-03,5.388533e-03,1.163411e-01,3.527966e-02,2.565965e-03,2.740121e-02,2.863477e-01,1.397863e-01,3.010630e-02,6.004610e-03
2.044410e-01,7.588429e-03,4.226303e-03,3.004224e-02,3.191461e-02,7.019755e-03,4.016833e-03,8.926757e-02,4.358026e-02,3.247387e-03,3.726747e-02,3.474935e-01,1.474896e-01,3.705607e-02,5.349110e-03
1.453273e-01,6.015078e-03,3.710981e-03,2.544805e-02,3.165361e-02,5.462296e-03,2.996704e-03,6.482720e-02,4.895457e-02,3.748648e-03,3.730547e-02,4.628918e-01,1.236972e-01,3.376057e-02,4.200581e-03
1.023261e-01,4.348308e-03,2.855501e-03,1.861704e-02,2.495847e-02,4.586548e-03,2.182554e-03,4.579943e-02,3.819286e-02,5.117832e-03,3.272323e-02,5.902746e-01,9.784146e-02,2.714417e-02,3.031969e-03
7.274564e-02,3.294569e-03,2.553403e-03,1.466173e-02,2.071548e-02,4.518118e-03,1.656318e-03,3.392893e-02,3.231133e-02,7.099589e-03,3.112609e-02,6.451413e-01,1.023713e-01,2.554841e-02,2.327790e-03
5.394199e-02,2.463697e-03,2.069454e-03,1.135741e-02,1.609881e-02,5.261137e-03,1.604401e-03,2.498556e-02,2.699662e-02,1.217302e-02,3.325569e-02,7.028307e-01,8.100236e-02,2.402234e-02,1.936828e-03
3.880781e-02,1.862138e-03,1.588664e-03,8.168964e-03,1.188173e-02,4.314337e-03,1.189143e-03,1.780362e-02,2.118296e-02,1.075678e-02,3.534412e-02,7.662014e-01,6.033487e-02,1.891939e-02,1.644128e-03
2.858111e-02,1.599713e-03,1.376898e-03,6.067977e-03,1.589630e-02,3.360968e-03,1.165578e-03,1.360589e-02,2.661925e-02,9.516375e-03,4.099215e-02,7.873000e-01,4.702578e-02,1.540187e-02,1.490142e-03
2.644533e-02,2.193704e-03,3.326022e-03,5.920815e-03,2.122398e-02,4.098750e-03,1.309055e-03,3.215985e-02,5.054310e-02,8.440939e-03,3.991421e-02,7.553079e-01,3.528336e-02,1.247234e-02,1.360624e-03
2.647353e-02,6.071200e-03,6.016973e-03,5.084042e-03,6.316280e-02,5.593428e-03,2.267900e-03,3.093187e-02,1.001674e-01,8.162396e-03,4.441161e-02,6.597167e-01,2.700707e-02,1.321563e-02,1.717303e-03
3.542451e-02,2.170908e-02,2.797543e-02,7.626013e-03,7.189515e-02,7.783208e-03,2.743235e-03,2.779344e-02,1.612944e-01,1.668834e-02,3.954639e-02,4.725811e-01,2.029723e-02,3.224999e-02,5.439247e-02
1.010179e-01,2.215894e-02,6.247046e-02,6.174874e-02,8.012374e-02,9.562668e-03,2.536709e-03,3.863573e-02,1.500400e-01,1.503869e-02,3.330747e-02,3.342597e-01,1.599984e-02,2.571710e-02,4.738225e-02
1.274429e-01,2.154624e-02,1.715074e-01,1.110238e-01,6.725331e-02,8.145234e-03,2.003201e-03,2.970475e-02,1.134434e-01,1.423595e-02,2.877148e-02,2.350428e-01,1.196171e-02,1.879817e-02,3.911953e-02
2.071598e-01,3.133069e-02,1.683377e-01,9.935795e-02,7.069267e-02,1.095020e-02,2.047906e-03,2.245542e-02,9.008133e-02,1.498551e-02,2.567522e-02,1.663811e-01,9.528282e-03,1.829833e-02,6.271774e-02
2.721509e-01,4.656817e-02,1.537928e-01,9.335711e-02,6.501540e-02,1.946042e-02,2.242451e-03,1.769808e-02,7.082186e-02,1.235225e-02,2.592806e-02,1.195308e-01,8.766553e-03,2.154671e-02,7.076834e-02
2.008381e-01,7.962108e-02,1.664647e-01,1.690424e-01,4.850442e-02,1.592857e-02,1.720925e-03,1.343408e-02,6.124318e-02,1.160310e-02,1.944007e-02,8.388401e-02,6.402694e-03,1.553147e-02,1.063411e-01
1.672902e-01,6.904721e-02,2.732202e-01,1.932992e-01,3.794573e-02,1.317921e-02,1.380746e-03,1.052636e-02,5.075215e-02,1.038953e-02,1.675242e-02,6.002692e-02,4.999581e-03,1.138869e-02,7.980181e-02
1.369780e-01,8.621676e-02,3.051025e-01,1.477012e-01,2.774245e-02,1.297769e-02,1.068960e-03,7.963570e-03,5.563241e-02,1.898099e-02,1.541250e-02,4.294849e-02,4.736777e-03,1.174620e-02,1.247915e-01
1.086985e-01,7.311607e-02,3.118520e-01,1.118829e-01,1.997877e-02,1.064077e-02,8.016867e-04,6.137169e-03,5.221965e-02,8.549726e-02,2.197692e-02,3.106316e-02,1.006418e-02,5.103457e-02,1.050364e-01
1.078632e-01,5.940967e-02,3.080651e-01,1.024819e-01,1.773229e-02,1.302882e-02,7.203309e-04,6.597569e-03,6.048604e-02,9.050535e-02,3.847438e-02,2.395054e-02,1.223217e-02,7.295603e-02,8.549658e-02
9.846468e-02,4.620236e-02,2.878055e-01,7.986968e-02,1.584762e-02,1.188854e-02,9.036850e-04,5.528954e-03,7.157110e-02,1.029563e-01,4.087739e-02,1.812344e-02,1.086094e-02,1.032371e-01,1.058628e-01
7.868648e-02,4.032679e-02,2.176031e-01,6.076045e-02,1.264637e-02,1.004609e-02,7.583714e-04,4.581591e-03,6.665795e-02,7.663485e-02,5.693642e-02,1.419915e-02,1.012947e-02,2.165137e-01,1.335192e-01
6.094210e-02,4.126419e-02,2.034522e-01,4.851403e-02,1.147460e-02,8.709429e-03,7.316598e-04,3.427905e-03,7.067437e-02,5.415957e-02,8.330581e-02,1.078216e-02,7.888929e-03,2.968027e-01,9.787033e-02
5.205107e-02,3.152059e-02,1.461442e-01,3.771855e-02,1.271281e-02,6.991921e-03,9.198918e-04,3.864049e-03,7.686111e-02,4.010593e-02,1.850753e-01,1.003299e-02,8.771470e-03,3.138166e-01,7.341346e-02
3.899517e-02,2.467236e-02,1.028700e-01,2.778580e-02,9.920236e-03,5.391321e-03,7.297805e-04,3.160012e-03,8.560453e-02,2.942727e-02,1.951595e-01,8.548706e-03,7.828550e-03,4.070373e-01,5.286951e-02
2.954704e-02,2.084537e-02,7.259177e-02,2.204234e-02,8.363942e-03,4.167583e-03,6.293588e-04,2.719964e-03,9.909904e-02,2.744247e-02,2.489057e-01,1.151960e-02,7.653610e-03,4.036485e-01,4.082374e-02
2.234640e-02,1.551487e-02,5.106378e-02,1.599903e-02,6.171075e-03,3.674129e-03,4.871368e-04,2.093441e-03,7.873040e-02,2.027165e-02,2.341959e-01,9.768652e-03,6.599030e-03,5.038980e-01,2.918651e-02
1.637303e-02,1.166971e-02,3.585212e-02,1.162839e-02,4.589544e-03,3.371235e-03,3.634550e-04,1.513461e-03,5.981280e-02,1.513098e-02,2.129374e-01,8.330840e-03,5.084312e-03,5.926781e-01,2.066467e-02
1.246151e-02,1.169384e-02,2.541449e-02,8.426325e-03,3.485233e-03,3.487592e-03,2.856760e-04,1.107494e-03,5.989071e-02,1.141683e-02,1.829230e-01,9.245181e-03,4.071424e-03,6.513999e-01,1.469076e-02
9.880554e-03,9.777907e-03,1.807227e-02,6.660212e-03,2.689356e-03,3.692759e-03,2.505252e-04,8.684929e-04,6.674765e-02,9.294205e-03,1.617966e-01,8.562286e-03,3.202132e-03,6.879687e-01,1.053636e-02
7.186695e-03,8.494281e-03,1.318713e-02,7.503932e-03,2.740328e-03,3.291339e-03,2.105557e-04,7.451944e-04,1.014223e-01,7.777262e-03,1.732441e-01,7.891750e-03,2.506085e-03,6.557630e-01,8.036000e-03
5.225159e-03,6.192959e-03,9.596069e-03,6.522320e-03,2.363936e-03,2.852605e-03,1.831134e-04,6.762900e-04,1.699622e-01,6.135548e-03,1.492493e-01,6.284900e-03,2.156933e-03,6.268409e-01,5.757708e-03
3.890665e-03,4.587200e-03,6.976658e-03,6.150621e-03,2.423789e-03,3.157657e-03,2.192394e-04,6.007759e-04,2.816965e-01,6.185039e-03,1.382591e-01,4.863082e-03,1.731020e-03,5.345504e-01,4.708149e-03
3.095994e-03,3.324886e-03,5.072152e-03,6.815115e-03,2.208435e-03,6.383199e-03,2.587937e-04,4.705797e-04,4.327978e-01,6.437280e-03,1.125188e-01,7.531389e-03,7.110194e-03,3.999703e-01,6.004981e-03
2.440124e-03,2.509233e-03,3.667199e-03,6.170362e-03,2.554104e-03,4.787728e-03,2.043329e-04,4.029754e-04,3.855255e-01,6.994213e-03,1.270667e-01,7.529728e-03,9.484429e-03,4.360154e-01,4.647867e-03
4.273460e-03,2.756760e-03,3.371633e-03,6.040805e-03,1.675493e-02,3.566734e-03,1.866689e-04,8.691149e-04,3.408961e-01,8.425128e-03,1.501462e-01,1.329753e-02,1.663326e-02,4.288090e-01,3.972680e-03
6.480940e-03,4.410441e-03,4.251351e-03,5.978503e-03,6.153274e-02,3.838160e-03,2.126335e-04,3.091118e-03,3.462159e-01,9.439044e-03,1.571666e-01,1.585502e-02,1.432711e-02,3.639308e-01,3.269726e-03
1.228901e-02,4.615649e-03,8.258577e-03,6.375823e-03,1.106606e-01,5.256698e-03,3.730352e-04,1.927540e-02,3.758495e-01,8.093195e-03,1.485242e-01,1.867054e-02,1.353848e-02,2.646859e-01,3.533561e-03
1.245608e-02,4.252135e-03,1.699426e-02,7.500698e-03,8.389552e-02,4.886747e-03,4.688904e-04,9.067319e-02,4.145820e-01,6.310132e-03,1.187297e-01,2.122972e-02,1.649253e-02,1.953651e-01,6.163319e-03
1.667051e-02,3.780177e-03,3.211327e-02,8.783780e-03,6.141810e-02,4.841530e-03,4.356126e-04,2.219189e-01,3.748043e-01,4.829468e-03,9.126601e-02,1.770221e-02,1.474700e-02,1.409862e-01,5.702910e-03
2.546042e-02,4.419444e-03,4.247494e-02,1.261259e-02,5.566625e-02,8.671368e-03,6.831717e-04,3.265974e-01,3.220466e-01,3.739442e-03,6.657805e-02,1.338797e-02,1.097145e-02,1.024058e-01,4.285165e-03
2.434085e-02,3.482231e-03,5.401421e-02,1.528198e-02,4.503054e-02,1.282224e-02,7.313860e-04,4.564475e-01,2.453389e-01,2.734471e-03,4.705450e-02,9.612844e-03,7.777990e-03,7.220233e-02,3.128083e-03
2.050669e-02,2.648539e-03,5.236980e-02,2.090074e-02,4.226652e-02,1.177550e-02,8.269723e-04,5.663779e-01,1.818807e-01,1.976067e-03,3.312084e-02,6.906536e-03,5.561725e-03,5.060352e-02,2.277944e-03
1.565544e-02,1.938184e-03,3.831242e-02,1.736517e-02,3.279490e-02,8.659611e-03,7.047213e-04,6.858616e-01,1.279813e-01,1.393583e-03,2.341150e-02,4.866234e-03,4.007317e-03,3.543594e-02,1.612063e-03
1.331476e-02,1.577297e-03,2.890861e-02,1.425359e-02,2.646623e-02,6.395051e-03,5.360854e-04,7.680923e-01,9.050509e-02,9.956877e-04,1.664471e-02,3.444743e-03,2.867387e-03,2.484663e-02,1.151907e-03
1.193817e-02,1.279559e-03,2.220915e-02,1.709120e-02,2.265313e-02,4.676693e-03,4.420509e-04,8.207631e-01,6.373585e-02,7.290134e-04,1.173189e-02,2.442527e-03,2.038783e-03,1.744072e-02,8.282510e-04
1.468730e-02,1.179148e-03,1.691876e-02,1.359836e-02,2.218779e-02,3.681482e-03,3.235218e-04,8.569749e-01,4.528688e-02,5.307791e-04,8.276368e-03,1.889363e-03,1.518932e-03,1.228733e-02,6.591420e-04
1.751352e-02,1.241283e-03,1.360047e-02,1.037871e-02,2.469786e-02,3.031074e-03,2.450012e-04,8.790987e-01,3.209130e-02,3.859012e-04,5.856770e-03,1.451142e-03,1.143170e-03,8.685824e-03,5.793064e-04
2.657739e-02,1.526742e-03,1.063338e-02,8.328332e-03,2.467249e-02,3.379046e-03,2.149131e-04,8.873744e-01,2.317510e-02,2.902130e-04,4.309278e-03,1.444624e-03,1.070954e-03,6.299206e-03,7.038649e-04
3.801429e-02,1.789716e-03,9.114537e-03,6.645630e-03,1.983899e-02,4.556686e-03,2.403274e-04,8.898025e-01,1.730924e-02,2.402625e-04,3.375436e-03,1.872823e-03,1.229082e-03,4.851372e-03,1.119028e-03
7.016230e-02,2.031510e-03,7.899774e-03,6.551776e-03,1.523622e-02,1.141611e-02,5.054232e-04,8.597057e-01,1.334208e-02,2.127414e-04,2.769974e-03,3.046581e-03,1.921532e-03,3.622669e-03,1.575555e-03
1.536733e-01,2.892765e-03,7.495077e-03,6.735825e-03,1.216920e-02,1.538065e-02,1.015333e-03,7.717184e-01,1.107844e-02,3.284346e-04,2.629860e-03,6.814127e-03,2.332182e-03,3.030303e-03,2.705983e-03
2.392715e-01,2.957312e-03,6.739295e-03,7.094747e-03,1.008364e-02,1.657272e-02,1.496753e-03,6.863889e-01,8.996920e-03,3.972939e-04,2.414624e-03,9.265061e-03,2.656033e-03,2.605572e-03,3.059636e-03
3.609288e-01,2.849325e-03,6.570039e-03,8.597751e-03,9.317430e-03,3.749868e-02,1.790517e-03,5.276889e-01,7.244186e-03,5.183606e-04,3.357285e-03,2.260016e-02,5.497815e-03,2.309253e-03,3.231479e-03
4.316440e-01,2.344541e-03,5.489648e-03,6.914506e-03,7.799870e-03,9.621389e-02,1.651145e-03,3.899111e-01,5.639785e-03,6.621118e-04,4.251582e-03,3.431963e-02,8.141214e-03,2.244588e-03,2.772357e-03
4.352806e-01,2.002062e-03,4.470995e-03,5.859171e-03,6.038304e-03,1.470364e-01,2.448467e-03,2.789086e-01,5.284818e-03,1.305829e-03,6.074179e-03,9.136632e-02,8.669794e-03,2.405672e-03,2.848760e-03
3.139970e-01,1.493539e-03,3.192102e-03,4.361186e-03,4.609911e-03,1.287065e-01,2.058447e-03,1.956095e-01,7.391213e-03,1.242335e-03,6.526589e-03,3.141050e-01,1.264573e-02,1.977147e-03,2.083812e-03
2.368239e-01,1.114124e-03,2.329827e-03,3.355617e-03,3.612250e-03,1.050778e-01,2.176328e-03,1.374551e-01,8.397372e-03,1.365123e-03,6.420612e-03,4.780924e-01,1.059667e-02,1.626066e-03,1.556666e-03
1.860843e-01,1.128850e-03,1.746434e-03,2.434513e-03,8.454639e-03,7.530297e-02,1.698375e-03,9.714536e-02,2.067090e-02,1.169162e-03,5.459411e-03,5.861712e-01,1.022034e-02,1.208309e-03,1.105293e-03
1.343752e-01,1.045722e-03,1.287805e-03,1.789716e-03,1.241127e-02,5.305543e-02,1.284789e-03,6.835053e-02,2.473354e-02,1.040732e-03,4.253444e-03,6.854073e-01,9.248715e-03,9.307723e-04,7.850892e-04
1.006962e-01,8.925223e-04,1.257935e-03,1.566773e-03,1.762577e-02,3.831671e-02,1.101956e-03,4.846730e-02,2.102005e-02,1.411692e-03,3.984593e-03,7.543297e-01,7.871906e-03,8.863334e-04,5.706127e-04
7.185144e-02,9.232060e-04,1.391103e-03,1.146631e-03,2.363661e-02,2.760387e-02,9.497619e-04,3.434548e-02,2.393012e-02,1.543489e-03,4.705551e-03,7.991674e-01,7.269995e-03,1.112206e-03,4.231413e-04
5.085784e-02,9.104146e-04,1.218077e-03,8.427947e-04,2.065078e-02,2.012451e-02,7.649799e-04,2.467555e-02,2.462733e-02,1.743491e-03,6.338138e-03,8.391266e-01,6.585393e-03,1.196961e-03,3.371618e-04
3.578737e-02,7.360706e-04,1.096299e-03,6.332623e-04,2.810880e-02,1.447897e-02,6.948910e-04,1.763933e-02,3.180015e-02,1.515389e-03,8.131206e-03,8.514195e-01,6.608954e-03,1.098939e-03,2.508610e-04
2.531062e-02,5.696857e-04,9.290351e-04,4.655803e-04,2.670707e-02,1.039899e-02,5.605966e-04,1.270050e-02,2.894055e-02,1.474299e-03,9.564466e-03,8.719822e-01,8.952375e-03,1.258892e-03,1.851637e-04
1.855449e-02,5.013375e-04,1.126245e-03,4.200954e-04,4.443618e-02,7.969304e-03,5.999780e-04,9.459067e-03,2.619673e-02,3.637744e-03,1.391519e-02,8.594043e-01,1.153229e-02,2.075828e-03,1.712917e-04
1.313473e-02,4.275890e-04,1.065264e-03,3.550959e-04,5.286451e-02,6.142198e-03,1.282322e-03,7.052097e-03,2.474367e-02,2.672776e-03,1.450261e-02,8.631734e-01,1.087017e-02,1.564975e-03,1.486329e-04
9.612872e-03,3.748141e-04,1.012032e-03,3.165153e-04,4.882472e-02,5.395067e-03,1.453897e-03,6.177009e-03,3.024857e-02,2.162773e-03,1.798230e-02,8.610660e-01,1.381855e-02,1.419674e-03,1.352351e-04
7.986167e-03,1.110028e-03,1.483193e-03,2.603308e-04,4.475276e-02,5.260520e-03,1.451116e-03,9.175427e-03,1.733406e-01,1.628597e-03,1.665842e-02,7.080173e-01,2.752035e-02,1.229816e-03,1.253661e-04
6.471279e-03,1.041303e-03,1.175039e-03,2.197085e-04,3.584372e-02,6.739059e-03,1.749083e-03,1.212059e-02,2.789048e-01,1.218840e-03,1.461187e-02,6.018592e-01,3.693233e-02,1.007730e-03,1.055386e-04
1.260112e-02,1.512555e-03,4.963732e-03,3.565383e-04,3.531731e-02,1.278388e-02,4.704460e-02,3.943697e-02,3.180276e-01,1.019421e-03,1.313356e-02,4.741370e-01,3.857164e-02,9.367823e-04,1.573590e-04
3.653250e-02,1.561147e-03,1.327048e-02,1.984690e-03,4.115688e-02,1.527080e-02,3.974211e-02,1.726798e-01,2.677121e-01,8.961902e-04,1.072908e-02,3.603476e-01,3.665528e-02,1.124740e-03,3.365579e-04
6.988536e-02,2.464524e-03,1.787833e-02,3.928498e-03,6.329007e-02,1.826685e-02,3.102119e-02,1.974586e-01,2.593190e-01,1.687612e-03,1.561912e-02,2.825122e-01,3.399359e-02,1.946017e-03,7.290323e-04
1.892787e-01,4.395083e-03,1.637419e-02,6.456680e-03,6.211247e-02,3.064416e-02,2.322961e-02,1.612273e-01,2.140544e-01,2.112454e-03,2.338040e-02,2.347047e-01,2.819370e-02,2.097508e-03,1.738678e-03
2.269080e-01,5.435381e-03,1.315900e-02,8.928578e-03,8.210026e-02,3.501212e-02,1.976407e-02,1.238544e-01,2.145431e-01,1.836054e-03,3.577928e-02,2.017937e-01,2.690008e-02,1.902533e-03,2.083488e-03
1.943084e-01,7.634455e-03,1.409387e-02,8.922220e-03,9.265755e-02,3.170935e-02,6.969152e-02,1.309118e-01,2.133079e-01,1.516043e-03,2.700181e-02,1.452434e-01,5.943129e-02,1.720764e-03,1.849638e-03
1.616115e-01,7.282595e-03,1.223208e-02,7.696297e-03,1.036359e-01,5.138051e-02,8.420951e-02,1.026001e-01,2.712156e-01,1.143799e-03,2.137996e-02,1.077215e-01,6.499869e-02,1.406315e-03,1.485542e-03
1.330337e-01,6.523004e-03,1.065324e-02,8.338806e-03,1.691986e-01,4.393525e-02,7.651436e-02,1.241460e-01,2.764570e-01,1.143678e-03,1.698146e-02,8.147448e-02,4.879143e-02,1.610736e-03,1.198271e-03
1.631929e-01,5.836306e-03,9.368641e-03,8.803392e-03,1.682500e-01,6.712404e-02,7.731835e-02,1.082260e-01,2.604668e-01,1.194164e-03,1.800075e-02,6.532752e-02,4.307076e-02,2.233823e-03,1.586587e-03
1.591437e-01,5.009356e-03,8.926250e-03,8.011652e-03,1.608785e-01,7.542561e-02,1.103897e-01,1.382733e-01,2.103151e-01,1.291840e-03,1.915134e-02,5.309643e-02,4.402732e-02,2.528263e-03,3.531639e-03
1.584274e-01,5.897423e-03,1.248628e-02,9.373944e-03,1.394692e-01,6.499626e-02,1.445560e-01,1.652139e-01,1.814937e-01,2.997297e-03,1.693448e-02,4.874134e-02,4.194591e-02,1.930571e-03,5.536341e-03
1.433209e-01,5.493151e-03,1.562769e-02,3.130561e-02,1.234574e-01,5.328467e-02,1.316281e-01,2.267838e-01,1.669612e-01,3.974687e-03,1.458850e-02,4.216574e-02,3.399745e-02,1.474832e-03,5.936257e-03
1.393117e-01,5.748325e-03,1.607275e-02,3.017279e-02,1.037929e-01,4.652609e-02,1.287721e-01,2.630599e-01,1.757846e-01,4.388237e-03,1.438537e-02,3.751701e-02,2.713066e-02,1.217132e-03,6.120359e-03
1.429762e-01,5.799326e-03,1.818563e-02,4.095708e-02,1.007002e-01,6.723484e-02,1.615898e-01,2.037381e-01,1.689599e-01,4.747258e-03,1.681873e-02,3.807934e-02,2.223733e-02,1.122124e-03,6.854242e-03
1.571015e-01,7.306849e-03,3.319782e-02,5.474631e-02,9.259735e-02,7.752204e-02,1.683836e-01,1.630630e-01,1.531189e-01,6.331711e-03,2.373338e-02,3.396546e-02,1.772546e-02,1.461192e-03,9.745456e-03
1.572610e-01,9.499194e-03,3.711631e-02,5.314600e-02,1.012455e-01,1.753936e-01,1.255590e-01,1.175417e-01,1.175446e-01,1.411560e-02,2.475685e-02,3.188435e-02,1.432343e-02,3.079319e-03,1.753352e-02
1.137149e-01,8.186667e-03,2.639573e-02,3.780258e-02,7.265642e-02,3.368290e-01,8.819616e-02,8.248426e-02,8.417869e-02,1.736320e-02,6.565475e-02,3.042302e-02,1.398697e-02,5.661212e-03,1.646645e-02
8.904256e-02,7.801807e-03,1.943204e-02,2.908698e-02,5.209811e-02,4.151945e-01,6.246041e-02,5.810248e-02,6.836057e-02,1.590342e-02,1.091091e-01,3.115023e-02,1.192737e-02,1.363742e-02,1.669297e-02
6.534092e-02,5.645006e-03,1.418691e-02,2.306135e-02,3.673524e-02,3.114456e-01,4.387454e-02,4.111636e-02,5.028704e-02,1.434206e-02,2.949090e-01,5.996226e-02,9.726243e-03,1.411386e-02,1.525364e-02
4.722244e-02,4.080461e-03,1.056353e-02,1.795953e-02,2.629823e-02,2.231101e-01,3.087078e-02,2.972364e-02,3.783235e-02,1.097862e-02,4.588809e-01,6.948867e-02,7.315489e-03,1.370940e-02,1.196594e-02
3.535902e-02,3.284130e-03,7.968219e-03,1.365739e-02,1.896245e-02,1.584224e-01,2.190362e-02,2.168405e-02,3.222635e-02,1.048889e-02,5.354159e-01,9.711147e-02,5.982862e-03,2.884866e-02,8.684583e-03
2.949367e-02,3.678726e-03,5.854589e-03,9.728063e-03,1.344175e-02,1.118932e-01,1.555713e-02,1.607339e-02,2.629893e-02,1.453905e-02,5.789791e-01,1.225355e-01,5.602685e-03,4.008234e-02,6.241789e-03
3.075324e-02,1.778439e-02,7.106151e-03,7.158391e-03,1.058052e-02,8.122836e-02,1.103027e-02,1.269126e-02,3.127621e-02,1.368833e-02,5.866390e-01,1.404951e-01,4.768307e-03,4.009584e-02,4.704542e-03
3.022556e-02,2.470774e-02,2.739483e-02,5.744119e-03,4.136887e-02,6.174053e-02,8.205601e-03,1.465101e-02,5.608842e-02,1.186993e-02,5.300337e-01,1.455698e-01,3.901764e-03,3.495625e-02,3.541872e-03
4.272986e-02,2.451331e-02,2.907884e-02,5.194286e-03,3.815002e-02,5.669658e-02,6.122152e-03,1.818936e-02,6.912810e-02,1.384708e-02,5.133480e-01,1.407196e-01,4.527126e-03,3.447024e-02,3.285439e-03
5.257691e-02,2.830021e-02,3.527127e-02,4.578389e-03,3.957681e-02,5.021505e-02,4.664392e-03,1.784330e-02,7.515543e-02,1.829462e-02,4.872386e-01,1.430595e-01,5.203053e-03,3.529388e-02,2.728583e-03
4.958605e-02,2.381134e-02,4.126862e-02,1.365454e-02,4.956596e-02,3.906161e-02,3.594664e-03,3.195797e-02,6.730099e-02,1.759274e-02,4.902821e-01,1.263052e-01,9.235594e-03,3.422539e-02,2.557256e-03
5.355266e-02,2.036457e-02,6.466338e-02,1.987664e-02,4.204481e-02,4.409350e-02,3.394895e-03,6.607909e-02,5.457775e-02,1.677094e-02,4.649087e-01,1.069755e-01,1.263500e-02,2.751614e-02,2.546482e-03
3.908412e-02,2.612627e-02,4.761824e-02,1.451175e-02,6.859704e-02,3.264342e-02,2.870430e-03,5.718089e-02,2.085672e-01,1.369044e-02,3.667656e-01,8.708731e-02,1.292446e-02,2.042454e-02,1.908302e-03
2.844245e-02,5.771420e-02,3.483777e-02,1.089458e-02,5.683969e-02,2.579675e-02,2.160906e-03,4.387418e-02,3.509092e-01,1.056824e-02,2.808658e-01,6.773049e-02,1.246960e-02,1.532045e-02,1.575821e-03
2.038123e-02,9.974237e-02,2.517004e-02,7.966369e-03,4.168791e-02,2.219051e-02,1.529056e-03,3.293149e-02,4.567937e-01,7.796737e-03,2.092892e-01,4.939248e-02,1.274080e-02,1.097091e-02,1.417201e-03
1.531786e-02,1.254882e-01,1.972149e-02,6.273681e-03,3.218403e-02,1.788306e-02,1.164894e-03,5.527895e-02,5.138030e-01,5.924223e-03,1.514161e-01,3.504006e-02,1.139032e-02,7.981550e-03,1.132636e-03
1.314177e-02,2.169026e-01,1.584841e-02,9.925777e-03,2.981456e-02,1.754253e-02,1.022172e-03,4.682521e-02,4.917688e-01,5.255141e-03,1.082657e-01,2.497761e-02,9.393175e-03,5.897357e-03,3.419215e-03
1.047625e-02,2.090206e-01,1.214032e-02,1.545826e-02,3.272379e-02,1.543275e-02,9.394236e-04,3.939494e-02,5.513644e-01,4.094459e-03,7.708054e-02,1.761951e-02,6.946442e-03,4.253040e-03,3.055308e-03
9.441373e-03,1.899791e-01,9.519449e-03,1.471813e-02,5.064512e-02,1.711260e-02,1.148451e-03,3.794078e-02,5.873259e-01,3.270174e-03,5.470398e-02,1.240838e-02,5.218672e-03,3.143881e-03,3.423997e-03
1.365736e-02,1.367127e-01,6.958598e-03,1.229044e-02,9.383701e-02,2.019128e-02,1.663799e-03,4.589781e-02,6.102808e-01,2.414253e-03,3.843259e-02,8.736470e-03,3.760860e-03,2.263608e-03,2.902541e-03
2.753760e-02,1.029749e-01,5.296470e-03,1.442911e-02,1.163293e-01,1.897643e-02,3.132656e-03,1.444115e-01,5.234708e-01,1.830600e-03,2.705062e-02,6.349943e-03,3.337987e-03,1.629635e-03,3.242514e-03
3.185560e-02,7.413340e-02,3.882135e-03,1.155142e-02,1.179330e-01,1.559101e-02,2.946683e-03,3.069040e-01,4.040651e-01,1.297734e-03,1.901871e-02,4.556525e-03,2.658639e-03,1.165460e-03,2.440652e-03
3.146515e-02,5.338448e-02,2.899014e-03,9.751010e-03,1.026651e-01,1.150760e-02,2.609041e-03,4.625103e-01,3.007968e-01,9.186722e-04,1.339034e-02,3.280400e-03,2.179532e-03,8.244925e-04,1.818038e-03
4.000200e-02,4.040556e-02,2.206045e-03,8.227881e-03,9.090744e-02,9.151097e-03,2.400035e-03,5.610304e-01,2.285986e-01,6.556786e-04,9.522169e-03,2.474311e-03,2.415369e-03,5.936629e-04,1.409832e-03
3.878237e-02,2.916961e-02,2.114545e-03,8.442258e-03,7.055113e-02,7.098733e-03,2.162295e-03,6.656874e-01,1.631118e-01,4.667799e-04,6.863875e-03,1.911868e-03,2.122334e-03,4.323055e-04,1.082685e-03
3.748559e-02,2.069890e-02,1.683535e-03,6.510870e-03,5.082296e-02,5.757115e-03,1.600372e-03,7.510557e-01,1.146123e-01,3.379296e-04,5.115928e-03,1.482189e-03,1.645538e-03,3.376144e-04,8.534508e-04
4.023055e-02,1.504033e-02,1.449300e-03,5.012425e-03,3.881827e-02,4.455440e-03,1.310417e-03,8.051715e-01,8.116784e-02,2.448675e-04,3.772261e-03,1.113394e-03,1.284444e-03,2.639481e-04,6.650363e-04
3.424731e-02,1.189331e-02,1.678970e-03,4.650664e-03,2.830111e-02,3.692430e-03,1.108740e-03,8.504047e-01,5.741358e-02,2.215861e-04,3.047762e-03,9.916505e-04,1.179764e-03,3.699396e-04,7.983760e-04
3.108229e-02,8.739972e-03,1.963694e-03,4.107811e-03,2.085052e-02,3.136172e-03,1.049646e-03,8.831186e-01,4.054519e-02,1.871549e-04,2.369387e-03,8.021767e-04,9.815210e-04,3.492343e-04,7.166578e-04
2.760045e-02,6.854196e-03,1.889622e-03,3.296645e-03,1.528507e-02,2.358382e-03,9.699671e-04,9.087951e-01,2.883480e-02,1.485124e-04,1.704997e-03,6.342725e-04,7.357170e-04,2.751955e-04,6.170546e-04
2.210405e-02,5.027697e-03,1.468766e-03,2.519101e-03,1.098073e-02,1.752741e-03,8.079280e-04,9.318036e-01,2.042341e-02,1.181098e-04,1.224139e-03,5.197208e-04,5.434101e-04,2.049751e-04,5.016251e-04
1.833860e-02,3.605517e-03,1.127282e-03,1.923419e-03,7.799418e-03,1.323570e-03,6.537845e-04,9.484396e-01,1.438556e-02,9.950237e-05,8.904929e-04,4.414031e-04,4.043743e-04,1.561283e-04,4.113127e-04
2.470631e-02,2.590847e-03,8.945935e-04,1.599063e-03,5.582271e-03,1.159784e-03,5.355070e-04,9.506929e-01,1.018774e-02,8.220581e-05,6.769965e-04,4.600519e-04,3.399877e-04,1.203280e-04,3.713708e-04
2.736920e-02,1.857007e-03,7.205964e-04,1.414557e-03,4.073768e-03,9.863675e-04,4.346052e-04,9.542377e-01,7.195380e-03,6.787126e-05,5.111870e-04,4.283284e-04,2.887385e-04,9.465106e-05,3.200273e-04
3.694082e-02,1.366491e-03,7.087432e-04,1.472866e-03,3.069517e-03,1.181241e-03,3.809940e-04,9.479215e-01,5.110945e-03,7.253137e-05,4.574705e-04,5.377583e-04,3.214354e-04,8.955192e-05,3.681665e-04
9.605521e-02,1.255515e-03,3.229209e-03,6.833800e-03,2.964623e-03,1.544132e-02,8.896764e-04,8.541966e-01,4.228533e-03,3.631193e-04,1.731212e-03,6.421783e-03,4.791632e-03,2.544728e-04,1.343298e-03
1.599376e-01,1.690853e-03,4.190119e-03,6.477828e-03,3.918531e-03,2.504689e-02,1.090119e-03,7.728002e-01,3.237512e-03,3.361674e-04,1.666470e-03,6.237833e-03,1.172933e-02,3.098396e-04,1.330759e-03
1.947061e-01,2.018246e-03,1.092651e-02,6.617469e-03,4.710449e-03,2.554435e-02,1.871606e-03,7.122201e-01,2.638236e-03,3.491462e-04,2.365587e-03,1.103510e-02,2.217791e-02,5.405604e-04,2.278729e-03
2.785870e-01,2.731977e-03,1.200470e-02,6.102643e-03,5.062214e-03,2.604602e-02,2.415348e-03,6.121336e-01,2.037607e-03,3.611829e-04,2.985398e-03,1.398053e-02,3.182538e-02,5.697384e-04,3.156736e-03
3.525292e-01,3.020521e-03,1.270594e-02,5.267221e-03,1.293768e-02,3.394029e-02,3.224201e-03,4.391720e-01,2.763924e-03,9.011833e-04,7.552162e-03,2.496076e-02,9.449770e-02,1.463114e-03,5.064119e-03
3.573423e-01,2.837242e-03,9.771533e-03,6.034517e-03,1.361529e-02,3.480284e-02,3.123702e-03,3.088622e-01,6.223825e-03,2.645576e-03,1.104300e-02,4.410408e-02,1.897014e-01,2.265501e-03,7.627057e-03
3.396208e-01,3.326364e-03,6.085119e-02,7.777637e-03,1.256061e-02,2.971284e-02,3.713421e-03,2.228100e-01,9.257056e-03,4.338109e-03,1.872526e-02,5.384452e-02,2.194438e-01,3.990180e-03,1.002824e-02
3.774253e-01,4.052969e-03,4.968079e-02,2.083907e-02,1.439703e-02,4.035062e-02,3.455087e-03,1.578445e-01,2.420844e-02,7.140616e-03,2.179730e-02,7.095400e-02,1.863302e-01,4.248102e-03,1.727610e-02
3.013129e-01,4.822322e-03,3.690892e-02,2.975596e-02,1.461997e-02,4.871399e-02,3.099793e-03,1.119976e-01,8.177964e-02,8.655744e-03,2.850995e-02,5.385853e-02,2.202272e-01,6.130762e-03,4.960683e-02
2.317213e-01,5.269737e-03,2.698518e-02,2.650707e-02,1.265155e-02,3.754273e-02,2.404217e-03,7.958110e-02,1.252174e-01,7.683164e-03,4.222288e-02,3.940821e-02,2.344959e-01,1.884002e-02,1.094696e-01
1.671560e-01,4.843134e-03,1.960556e-02,1.916595e-02,1.131306e-02,2.767105e-02,1.748813e-03,5.586830e-02,1.871257e-01,5.765453e-03,4.711991e-02,2.924105e-02,1.936771e-01,2.732616e-02,2.023728e-01
1.238323e-01,4.787619e-03,1.449403e-02,1.398162e-02,9.151332e-03,2.068237e-02,1.271129e-03,3.916486e-02,1.858537e-01,4.247611e-03,4.613044e-02,2.072563e-02,1.402107e-01,3.626382e-02,3.392029e-01
8.937775e-02,6.742036e-03,1.116573e-02,1.059988e-02,6.954639e-03,1.688346e-02,9.520658e-04,2.783423e-02,2.531032e-01,3.384765e-03,3.710058e-02,1.479091e-02,1.012026e-01,3.391466e-02,3.859935e-01
6.579435e-02,6.301034e-03,8.454264e-03,8.382888e-03,5.815107e-03,1.753114e-02,7.001765e-04,1.964364e-02,3.123884e-01,3.333435e-03,2.908275e-02,1.133455e-02,7.338007e-02,3.016318e-02,4.076950e-01
5.217911e-02,7.362335e-03,8.230107e-03,7.554613e-03,6.100960e-03,2.280467e-02,6.074990e-04,1.423480e-02,4.036387e-01,6.074032e-03,4.123905e-02,1.319995e-02,6.038282e-02,2.653437e-02,3.298571e-01
3.949212e-02,6.497636e-03,6.611103e-03,7.681353e-03,7.705931e-03,2.278916e-02,4.695457e-04,1.020840e-02,4.095361e-01,9.654238e-03,1.137397e-01,3.152618e-02,7.212962e-02,2.276463e-02,2.391944e-01
2.837026e-02,4.964181e-03,4.848448e-03,8.842438e-03,6.478104e-03,1.914110e-02,3.581090e-04,7.339743e-03,3.520292e-01,8.277853e-03,1.732657e-01,7.311062e-02,1.208930e-01,1.935634e-02,1.727249e-01
2.037378e-02,3.534248e-03,3.438599e-03,7.459781e-03,6.468448e-03,1.409495e-02,3.342096e-04,5.490705e-03,2.590013e-01,6.695500e-03,2.343828e-01,1.728328e-01,1.277934e-01,1.535040e-02,1.227491e-01
1.439720e-02,2.606820e-03,2.468248e-03,6.002117e-03,5.506496e-03,1.034521e-02,2.659447e-04,4.354083e-03,1.859881e-01,6.048993e-03,3.239275e-01,2.073390e-01,1.314689e-01,1.176124e-02,8.752009e-02
1.031815e-02,1.994361e-03,2.017585e-03,4.506699e-03,5.737397e-03,8.004736e-03,5.310053e-04,5.270347e-03,1.384165e-01,5.805662e-03,3.742669e-01,2.067359e-01,1.631979e-01,9.349656e-03,6.384718e-02
7.817923e-03,1.577110e-03,3.044093e-03,3.423368e-03,6.623991e-03,1.820747e-02,3.109399e-03,1.331251e-02,9.930833e-02,1.315752e-02,3.420042e-01,2.027664e-01,2.304901e-01,8.437055e-03,4.672051e-02
6.287604e-03,2.205004e-03,3.812419e-03,2.947856e-03,1.206365e-02,3.695758e-02,6.874613e-03,1.097587e-02,7.910647e-02,1.859393e-02,2.899621e-01,2.264355e-01,2.496695e-01,1.268677e-02,4.142118e-02
6.512675e-03,4.593233e-03,6.545414e-03,2.484336e-03,1.180305e-02,3.787398e-02,6.940076e-03,9.435289e-03,6.794149e-02,1.885569e-02,2.541335e-01,2.599896e-01,2.502857e-01,2.934459e-02,3.326144e-02
5.377683e-03,7.867087e-03,8.990457e-03,2.146895e-03,1.004053e-02,3.253052e-02,5.718342e-03,6.980523e-03,5.938093e-02,1.754985e-02,2.254030e-01,2.818776e-01,2.756741e-01,3.204208e-02,2.842039e-02
5.682256e-03,8.815190e-03,7.290550e-03,2.352283e-03,8.742960e-03,3.431786e-02,4.430596e-03,5.836169e-03,5.460268e-02,1.774774e-02,1.914912e-01,3.557416e-01,2.545443e-01,2.657777e-02,2.182694e-02
5.145168e-03,9.830024e-03,5.778653e-03,2.559045e-03,8.500167e-03,3.373552e-02,3.873646e-03,5.127051e-03,5.102661e-02,1.799074e-02,1.474765e-01,4.441705e-01,2.083961e-01,4.027255e-02,1.611776e-02
4.515005e-03,8.865212e-03,4.846773e-03,2.416810e-03,8.908365e-03,3.764343e-02,3.517876e-03,4.268024e-03,4.706147e-02,1.776989e-02,1.233936e-01,4.918169e-01,1.760915e-01,5.701021e-02,1.187490e-02
4.609943e-03,7.778944e-03,4.149950e-03,2.297955e-03,9.535100e-03,3.645692e-02,2.973763e-03,4.490108e-03,4.837266e-02,1.421331e-02,9.470961e-02,5.769459e-01,1.387981e-01,4.583714e-02,8.830550e-03
3.988001e-03,5.971582e-03,3.311927e-03,1.968201e-03,1.192999e-02,3.423642e-02,2.379052e-03,4.053357e-03,3.993398e-02,1.055670e-02,7.209039e-02,6.570194e-01,1.122190e-01,3.404370e-02,6.298249e-03
4.608705e-03,4.710562e-03,3.502721e-03,1.795773e-03,2.000640e-02,2.723899e-02,2.062415e-03,3.716588e-03,3.498022e-02,8.701386e-03,7.095355e-02,6.839699e-01,1.038737e-01,2.520896e-02,4.670198e-03
5.381438e-03,3.458748e-03,3.562059e-03,1.422864e-03,2.220596e-02,2.062070e-02,1.801762e-03,6.656235e-03,2.776249e-02,6.557512e-03,7.669830e-02,6.778461e-01,1.240258e-01,1.846630e-02,3.533783e-03
5.453246e-03,2.560133e-03,3.032216e-03,1.273092e-03,2.010028e-02,1.665345e-02,1.461584e-03,5.882124e-03,2.136093e-02,5.300876e-03,7.488070e-02,6.828333e-01,1.430552e-01,1.353323e-02,2.619760e-03
1.037684e-02,2.273258e-03,3.082185e-03,1.120710e-03,2.704123e-02,1.577824e-02,1.787000e-03,8.088268e-03,2.198403e-02,4.342007e-03,6.914553e-02,6.748315e-01,1.481633e-01,9.891970e-03,2.093954e-03
1.637967e-02,1.932872e-03,3.482626e-03,1.110499e-03,5.373101e-02,1.717222e-02,2.510606e-03,1.851895e-02,2.356332e-02,4.345470e-03,7.912751e-02,5.836288e-01,1.853365e-01,7.547831e-03,1.612172e-03
