1.000000e+00,0.000000e+00,0.000000e+00,0.000000e+00,0.000000e+00,0.000000e+00,0.000000e+00,0.000000e+00,0.000000e+00,0.000000e+00,0.000000e+00,0.000000e+00,0.000000e+00,0.000000e+00,0.000000e+00
1.000000e+00,0.000000e+00,0.000000e+00,0.000000e+00,0.000000e+00,0.000000e+00,0.000000e+00,0.000000e+00,0.000000e+00,0.000000e+00,0.000000e+00,0.000000e+00,0.000000e+00,0.000000e+00,0.000000e+00
1.000000e+00,0.000000e+00,0.000000e+00,0.000000e+00,0.000000e+00,0.000000e+00,0.000000e+00,0.000000e+00,0.000000e+00,0.000000e+00,0.000000e+00,0.000000e+00,0.000000e+00,0.000000e+00,0.000000e+00
1.000000e+00,0.000000e+00,0.000000e+00,0.000000e+00,0.000000e+00,0.000000e+00,0.000000e+00,0.000000e+00,0.000000e+00,0.000000e+00,0.000000e+00,0.000000e+00,0.000000e+00,0.000000e+00,0.000000e+00
1.000000e+00,0.000000e+00,0.000000e+00,0.000000e+00,0.000000e+00,0.000000e+00,0.000000e+00,0.000000e+00,0.000000e+00,0.000000e+00,0.000000e+00,0.000000e+00,0.000000e+00,0.000000e+00,0.000000e+00
1.000000e+00,0.000000e+00,0.000000e+00,0.000000e+00,0.000000e+00,0.000000e+00,0.000000e+00,0.000000e+00,0.000000e+00,0.000000e+00,0.000000e+00,0.000000e+00,0.000000e+00,0.000000e+00,0.000000e+00
1.000000e+00,0.000000e+00,0.000000e+00,0.000000e+00,0.000000e+00,0.000000e+00,0.000000e+00,0.000000e+00,0.000000e+00,0.000000e+00,0.000000e+00,0.000000e+00,0.000000e+00,0.000000e+00,0.000000e+00
1.000000e+00,0.000000e+00,0.000000e+00,0.000000e+00,0.000000e+00,0.000000e+00,0.000000e+00,0.000000e+00,0.000000e+00,0.000000e+00,0.000000e+00,0.000000e+00,0.000000e+00,0.000000e+00,0.000000e+00
1.000000e+00,0.000000e+00,0.000000e+00,0.000000e+00,0.000000e+00,0.000000e+00,0.000000e+00,0.000000e+00,0.000000e+00,0.000000e+00,0.000000e+00,0.000000e+00,0.000000e+00,0.000000e+00,0.000000e+00
1.000000e+00,0.000000e+00,0.000000e+00,0.000000e+00,0.000000e+00,0.000000e+00,0.000000e+00,0.000000e+00,0.000000e+00,0.000000e+00,0.000000e+00,0.000000e+00,0.000000e+00,0.000000e+00,0.000000e+00
1.000000e+00,0.000000e+00,0.000000e+00,0.000000e+00,0.000000e+00,0.000000e+00,0.000000e+00,0.000000e+00,0.000000e+00,0.000000e+00,0.000000e+00,0.000000e+00,0.000000e+00,0.000000e+00,0.000000e+00
1.000000e+00,0.000000e+00,0.000000e+00,0.000000e+00,0.000000e+00,0.000000e+00,0.000000e+00,0.000000e+00,0.000000e+00,0.000000e+00,0.000000e+00,0.000000e+00,0.000000e+00,0.000000e+00,0.000000e+00
1.000000e+00,0.000000e+00,0.000000e+00,0.000000e+00,0.000000e+00,0.000000e+00,0.000000e+00,0.000000e+00,0.000000e+00,0.000000e+00,0.000000e+00,0.000000e+00,0.000000e+00,0.000000e+00,0.000000e+00
1.000000e+00,0.000000e+00,0.000000e+00,0.000000e+00,0.000000e+00,0.000000e+00,0.000000e+00,0.000000e+00,0.000000e+00,0.000000e+00,0.000000e+00,0.000000e+00,0.000000e+00,0.000000e+00,0.000000e+00
1.000000e+00,0.000000e+00,0.000000e+00,0.000000e+00,0.000000e+00,0.000000e+00,0.000000e+00,0.000000e+00,0.000000e+00,0.000000e+00,0.000000e+00,0.000000e+00,0.000000e+00,0.000000e+00,0.000000e+00
1.000000e+00,0.000000e+00,0.000000e+00,0.000000e+00,0.000000e+00,0.000000e+00,0.000000e+00,0.000000e+00,0.000000e+00,0.000000e+00,0.000000e+00,0.000000e+00,0.000000e+00,0.000000e+00,0.000000e+00
1.000000e+00,0.000000e+00,0.000000e+00,0.000000e+00,0.000000e+00,0.000000e+00,0.000000e+00,0.000000e+00,0.000000e+00,0.000000e+00,0.000000e+00,0.000000e+00,0.000000e+00,0.000000e+00,0.000000e+00
1.000000e+00,0.000000e+00,0.000000e+00,0.000000e+00,0.000000e+00,0.000000e+00,0.000000e+00,0.000000e+00,0.000000e+00,0.000000e+00,0.000000e+00,0.000000e+00,0.000000e+00,0.000000e+00,0.000000e+00
1.000000e+00,0.000000e+00,0.000000e+00,0.000000e+00,0.000000e+00,0.000000e+00,0.000000e+00,0.000000e+00,0.000000e+00,0.000000e+00,0.000000e+00,0.000000e+00,0.000000e+00,0.000000e+00,0.000000e+00
1.000000e+00,0.000000e+00,0.000000e+00,0.000000e+00,0.000000e+00,0.000000e+00,0.000000e+00,0.000000e+00,0.000000e+00,0.000000e+00,0.000000e+00,0.000000e+00,0.000000e+00,0.000000e+00,0.000000e+00
1.000000e+00,0.000000e+00,0.000000e+00,0.000000e+00,0.000000e+00,0.000000e+00,0.000000e+00,0.000000e+00,0.000000e+00,0.000000e+00,0.000000e+00,0.000000e+00,0.000000e+00,0.000000e+00,0.000000e+00
1.000000e+00,0.000000e+00,0.000000e+00,0.000000e+00,0.000000e+00,0.000000e+00,0.000000e+00,0.000000e+00,0.000000e+00,0.000000e+00,0.000000e+00,0.000000e+00,0.000000e+00,0.000000e+00,0.000000e+00
1.000000e+00,0.000000e+00,0.000000e+00,0.000000e+00,0.000000e+00,0.000000e+00,0.000000e+00,0.000000e+00,0.000000e+00,0.000000e+00,0.000000e+00,0.000000e+00,0.000000e+00,0.000000e+00,0.000000e+00
1.000000e+00,0.000000e+00,0.000000e+00,0.000000e+00,0.000000e+00,0.000000e+00,0.000000e+00,0.000000e+00,0.000000e+00,0.000000e+00,0.000000e+00,0.000000e+00,0.000000e+00,0.000000e+00,0.000000e+00
1.000000e+00,0.000000e+00,0.000000e+00,0.000000e+00,0.000000e+00,0.000000e+00,0.000000e+00,0.000000e+00,0.000000e+00,0.000000e+00,0.000000e+00,0.000000e+00,0.000000e+00,0.000000e+00,0.000000e+00
1.000000e+00,0.000000e+00,0.000000e+00,0.000000e+00,0.000000e+00,0.000000e+00,0.000000e+00,0.000000e+00,0.000000e+00,0.000000e+00,0.000000e+00,0.000000e+00,0.000000e+00,0.000000e+00,0.000000e+00
1.000000e+00,0.000000e+00,0.000000e+00,0.000000e+00,0.000000e+00,0.000000e+00,0.000000e+00,0.000000e+00,0.000000e+00,0.000000e+00,0.000000e+00,0.000000e+00,0.000000e+00,0.000000e+00,0.000000e+00
1.000000e+00,0.000000e+00,0.000000e+00,0.000000e+00,0.000000e+00,0.000000e+00,0.000000e+00,0.000000e+00,0.000000e+00,0.000000e+00,0.000000e+00,0.000000e+00,0.000000e+00,0.000000e+00,0.000000e+00
1.000000e+00,0.000000e+00,0.000000e+00,0.000000e+00,0.000000e+00,0.000000e+00,0.000000e+00,0.000000e+00,0.000000e+00,0.000000e+00,0.000000e+00,0.000000e+00,0.000000e+00,0.000000e+00,0.000000e+00
1.000000e+00,0.000000e+00,0.000000e+00,0.000000e+00,0.000000e+00,0.000000e+00,0.000000e+00,0.000000e+00,0.000000e+00,0.000000e+00,0.000000e+00,0.000000e+00,0.000000e+00,0.000000e+00,0.000000e+00
1.000000e+00,0.000000e+00,0.000000e+00,0.000000e+00,0.000000e+00,0.000000e+00,0.000000e+00,0.000000e+00,0.000000e+00,0.000000e+00,0.000000e+00,0.000000e+00,0.000000e+00,0.000000e+00,0.000000e+00
1.000000e+00,0.000000e+00,0.000000e+00,0.000000e+00,0.000000e+00,0.000000e+00,0.000000e+00,0.000000e+00,0.000000e+00,0.000000e+00,0.000000e+00,0.000000e+00,0.000000e+00,0.000000e+00,0.000000e+00
1.000000e+00,0.000000e+00,0.000000e+00,0.000000e+00,0.000000e+00,0.000000e+00,0.000000e+00,0.000000e+00,0.000000e+00,0.000000e+00,0.000000e+00,0.000000e+00,0.000000e+00,0.000000e+00,0.000000e+00
1.000000e+00,0.000000e+00,0.000000e+00,0.000000e+00,0.000000e+00,0.000000e+00,0.000000e+00,0.000000e+00,0.000000e+00,0.000000e+00,0.000000e+00,0.000000e+00,0.000000e+00,0.000000e+00,0.000000e+00
1.000000e+00,0.000000e+00,0.000000e+00,0.000000e+00,0.000000e+00,0.000000e+00,0.000000e+00,0.000000e+00,0.000000e+00,0.000000e+00,0.000000e+00,0.000000e+00,0.000000e+00,0.000000e+00,0.000000e+00
1.000000e+00,0.000000e+00,0.000000e+00,0.000000e+00,0.000000e+00,0.000000e+00,0.000000e+00,0.000000e+00,0.000000e+00,0.000000e+00,0.000000e+00,0.000000e+00,0.000000e+00,0.000000e+00,0.000000e+00
1.000000e+00,0.000000e+00,0.000000e+00,0.000000e+00,0.000000e+00,0.000000e+00,0.000000e+00,0.000000e+00,0.000000e+00,0.000000e+00,0.000000e+00,0.000000e+00,0.000000e+00,0.000000e+00,0.000000e+00
4.859445e-01,9.022826e-03,4.134516e-02,3.805823e-02,4.806326e-03,1.345275e-02,4.212475e-03,3.192439e-01,4.292828e-03,1.461357e-03,1.302595e-02,3.613675e-02,1.545634e-02,3.552621e-03,9.987992e-03
3.486288e-01,6.418495e-03,3.076496e-02,2.811437e-02,3.656056e-03,1.035286e-02,3.702692e-03,5.078300e-01,3.063441e-03,1.056705e-03,9.465699e-03,2.574686e-02,1.128888e-02,2.701741e-03,7.208449e-03
2.501239e-01,4.560109e-03,2.279098e-02,2.059119e-02,2.814420e-03,7.786637e-03,3.300826e-03,6.448318e-01,2.164014e-03,7.500481e-04,6.790672e-03,1.821327e-02,8.070776e-03,2.063197e-03,5.148214e-03
1.790763e-01,3.238379e-03,1.671686e-02,1.497528e-02,2.378917e-03,5.688102e-03,2.752386e-03,7.445948e-01,1.524371e-03,5.329494e-04,4.829205e-03,1.281389e-02,5.721049e-03,1.527455e-03,3.630053e-03
1.290584e-01,2.314301e-03,1.230594e-02,1.095675e-02,2.343375e-03,4.167508e-03,2.293435e-03,8.147666e-01,1.080191e-03,3.872294e-04,3.468993e-03,9.051139e-03,4.117202e-03,1.118766e-03,2.570060e-03
9.489511e-02,1.675588e-03,9.304724e-03,7.949614e-03,2.571964e-03,3.288480e-03,2.171835e-03,8.620925e-01,7.826252e-04,3.125384e-04,2.513381e-03,6.546400e-03,3.193554e-03,8.280523e-04,1.873591e-03
7.058945e-02,1.206441e-03,7.172996e-03,5.828921e-03,2.557652e-03,2.484185e-03,1.927625e-03,8.965538e-01,5.553996e-04,2.441653e-04,1.800952e-03,4.697538e-03,2.443603e-03,5.948736e-04,1.342362e-03
5.283181e-02,8.658880e-04,5.328065e-03,4.220299e-03,2.701339e-03,1.896831e-03,1.913160e-03,9.215740e-01,3.972647e-04,1.919921e-04,1.306434e-03,3.398839e-03,1.979821e-03,4.271597e-04,9.670574e-04
3.933305e-02,6.220475e-04,3.959816e-03,3.051435e-03,3.041483e-03,1.411400e-03,1.784069e-03,9.403690e-01,2.851985e-04,1.502115e-04,9.507863e-04,2.474679e-03,1.566004e-03,3.084463e-04,6.923398e-04
2.870862e-02,4.588591e-04,3.083132e-03,2.297395e-03,2.726818e-03,1.082064e-03,1.516392e-03,9.551598e-01,2.084275e-04,1.323550e-04,7.133012e-04,1.830834e-03,1.323767e-03,2.359220e-04,5.223539e-04
2.187278e-02,3.491614e-04,2.378901e-03,1.679208e-03,2.986340e-03,8.763768e-04,1.626162e-03,9.641263e-01,1.655841e-04,1.544265e-04,5.419527e-04,1.446465e-03,1.184507e-03,1.831238e-04,4.286999e-04
1.762879e-02,3.117458e-04,2.058048e-03,1.299984e-03,2.781624e-03,7.651800e-04,1.467460e-03,9.631208e-01,3.019886e-04,5.839252e-04,1.425763e-03,2.631729e-03,4.459034e-03,6.804079e-04,4.835008e-04
1.522255e-02,3.990300e-04,1.576368e-03,1.042588e-03,3.242511e-03,7.748986e-04,1.266493e-03,8.239833e-01,7.258049e-04,2.415971e-03,4.241864e-03,1.272790e-02,1.247934e-01,2.253747e-03,5.333629e-03
1.149768e-02,4.173985e-04,1.143062e-03,7.815581e-04,3.339118e-03,6.933777e-04,1.158187e-03,6.044855e-01,1.836756e-03,2.935674e-03,4.988909e-03,2.601952e-02,3.283280e-01,2.777168e-03,9.598158e-03
8.778200e-03,5.117144e-04,8.424947e-04,6.273876e-04,3.615661e-03,1.217023e-03,2.073260e-03,4.452692e-01,4.722555e-03,4.095284e-03,6.831141e-03,1.505947e-01,3.585688e-01,5.036165e-03,7.216389e-03
7.327953e-03,9.758541e-04,6.547239e-04,1.110344e-03,3.121349e-03,1.878315e-03,2.567655e-03,3.148451e-01,3.130788e-02,3.244056e-03,7.717320e-03,3.215104e-01,2.910304e-01,5.341643e-03,7.366934e-03
6.639299e-03,1.244006e-03,4.921275e-04,9.748097e-04,2.586142e-03,1.714606e-03,2.133064e-03,2.223677e-01,5.079129e-02,2.693275e-03,7.290095e-03,4.262251e-01,2.649772e-01,4.494339e-03,5.377019e-03
6.532271e-03,2.134796e-03,4.022282e-04,7.838442e-04,2.542003e-03,1.375152e-03,1.624180e-03,1.560427e-01,7.826963e-02,3.841840e-03,9.876667e-03,5.230890e-01,2.048803e-01,4.671907e-03,3.933590e-03
1.416410e-02,2.875463e-03,3.927889e-04,6.275598e-04,2.058082e-03,1.571408e-03,1.816308e-03,1.097428e-01,6.747223e-02,8.231399e-03,2.804168e-02,6.044775e-01,1.505961e-01,5.005493e-03,2.927168e-03
1.831999e-02,3.309004e-03,3.630237e-04,5.269625e-04,1.810345e-03,1.791451e-03,1.652660e-03,7.712890e-02,5.880395e-02,8.699743e-03,3.638591e-02,6.747714e-01,1.091866e-01,5.092605e-03,2.157433e-03
1.617895e-02,5.088175e-03,4.851247e-04,4.480591e-04,2.761950e-03,1.804323e-03,1.406685e-03,5.440156e-02,4.983247e-02,8.525973e-03,5.619717e-02,7.169526e-01,7.921308e-02,5.119171e-03,1.584742e-03
1.241452e-02,3.859977e-03,4.490813e-04,4.368617e-04,4.360469e-03,1.500000e-03,1.093434e-03,3.820125e-02,3.865119e-02,7.396432e-03,4.850942e-02,7.816298e-01,5.647792e-02,3.892910e-03,1.126706e-03
8.841626e-03,3.775395e-03,3.431903e-03,5.354430e-04,1.573269e-01,1.945945e-03,1.603036e-03,2.700010e-02,4.119116e-02,5.808028e-03,3.534886e-02,6.689510e-01,4.024706e-02,3.124020e-03,8.694689e-04
6.620209e-03,2.844514e-03,3.956615e-03,1.498489e-03,1.450809e-01,1.885636e-03,1.211779e-03,1.954354e-02,3.243810e-02,5.163293e-03,3.446402e-02,7.126030e-01,2.925630e-02,2.777238e-03,6.563375e-04
5.044207e-03,2.225430e-03,3.493478e-03,1.668288e-03,1.171559e-01,1.623474e-03,8.997541e-04,1.420082e-02,2.570935e-02,4.374091e-03,4.468563e-02,7.544093e-01,2.160707e-02,2.408621e-03,4.945910e-04
5.111566e-03,2.508830e-03,3.795883e-03,1.926068e-03,1.133277e-01,1.948868e-03,8.380807e-04,1.248474e-02,2.545145e-02,4.590474e-03,3.494511e-02,7.740895e-01,1.625494e-02,2.244024e-03,4.828258e-04
8.845547e-03,3.068293e-03,3.719885e-03,2.419417e-03,1.199727e-01,3.910861e-03,9.402354e-04,2.100357e-02,2.949407e-02,4.206337e-03,3.079546e-02,7.563744e-01,1.271266e-02,2.123686e-03,4.129006e-04
1.035457e-02,4.938234e-03,5.804217e-03,8.961020e-03,1.208552e-01,6.053136e-03,1.109110e-03,1.420139e-01,3.212163e-02,3.423626e-03,2.586354e-02,6.253698e-01,1.109018e-02,1.721062e-03,3.206944e-04
1.126794e-02,7.401469e-03,5.263205e-03,7.432316e-03,2.650894e-01,1.234240e-02,5.888421e-03,1.156361e-01,8.969674e-02,2.675556e-03,1.983043e-02,4.474379e-01,8.188772e-03,1.514367e-03,3.349841e-04
1.073151e-02,1.023645e-02,4.210980e-03,5.873818e-03,2.733980e-01,1.077490e-02,6.270977e-03,8.556609e-02,2.517008e-01,2.059593e-03,1.503314e-02,3.164514e-01,6.011029e-03,1.210241e-03,4.710733e-04
1.007213e-02,9.704214e-03,6.741932e-03,3.869253e-02,2.734899e-01,8.329541e-03,4.845134e-03,7.412267e-02,3.302570e-01,2.107070e-03,1.127446e-02,2.226228e-01,4.756217e-03,9.232411e-04,2.061225e-03
9.316509e-03,1.182174e-02,5.834679e-03,3.374109e-02,2.308379e-01,6.308437e-03,3.710972e-03,5.750794e-02,4.662611e-01,2.148101e-03,9.979811e-03,1.562249e-01,3.887763e-03,6.850606e-04,1.734025e-03
9.430534e-03,2.069727e-02,5.294417e-03,4.637070e-02,1.901360e-01,5.240935e-03,2.739172e-03,4.267893e-02,5.480963e-01,4.154489e-03,7.978876e-03,1.096222e-01,3.173833e-03,5.463558e-04,3.840038e-03
1.161469e-02,3.799272e-02,4.493849e-03,4.511636e-02,1.628726e-01,4.719907e-03,2.126536e-03,3.182871e-02,5.990134e-01,4.870320e-03,7.636905e-03,7.724062e-02,3.165082e-03,5.178130e-04,6.790495e-03
1.201585e-02,4.019780e-02,4.495303e-03,6.319548e-02,1.590899e-01,3.742977e-03,1.785583e-03,3.974439e-02,5.976475e-01,5.617199e-03,6.695541e-03,5.444409e-02,3.045423e-03,5.179995e-04,7.764953e-03
2.004633e-02,3.435569e-02,4.497951e-03,7.522215e-02,1.426790e-01,3.172446e-03,1.470900e-03,6.978007e-02,5.912677e-01,4.314790e-03,5.457800e-03,3.844835e-02,2.642858e-03,4.267806e-04,6.217309e-03
4.117845e-02,2.657377e-02,3.581445e-03,6.919710e-02,1.214914e-01,3.158036e-03,1.219179e-03,6.028708e-02,6.254709e-01,3.195246e-03,5.077862e-03,2.933137e-02,5.226914e-03,3.724299e-04,4.638832e-03
3.898287e-02,2.032362e-02,3.452350e-03,1.540361e-01,8.949912e-02,4.408018e-03,1.003044e-03,4.312759e-02,4.867569e-01,2.605299e-03,3.402296e-02,8.510084e-02,3.215488e-02,5.357099e-04,3.990729e-03
2.879035e-02,1.443588e-02,2.529196e-03,1.252553e-01,6.381584e-02,4.838832e-03,8.257589e-04,3.075662e-02,3.510412e-01,2.086824e-03,1.092456e-01,1.062841e-01,1.563788e-01,5.845802e-04,3.130938e-03
2.071434e-02,1.018719e-02,1.814954e-03,9.235863e-02,4.616173e-02,4.268178e-03,7.324570e-04,2.346783e-02,2.521524e-01,1.572954e-03,1.470840e-01,1.039027e-01,2.928617e-01,4.701656e-04,2.250819e-03
1.488953e-02,7.184265e-03,1.382484e-03,6.733797e-02,4.765853e-02,4.293832e-03,7.001961e-04,1.951313e-02,1.836338e-01,2.100401e-03,1.670595e-01,9.599124e-02,3.861757e-01,4.420657e-04,1.637265e-03
1.085818e-02,5.053708e-03,1.038325e-03,4.743567e-02,1.469832e-01,3.296431e-03,7.920661e-04,1.464786e-02,1.429526e-01,2.372783e-03,2.075053e-01,7.481307e-02,3.406061e-01,4.657240e-04,1.179037e-03
7.843174e-03,3.684706e-03,8.378482e-04,3.457648e-02,1.374802e-01,1.518566e-02,8.793212e-04,2.865946e-02,1.083213e-01,2.181520e-03,1.576548e-01,6.614056e-02,4.349866e-01,6.919716e-04,8.764562e-04
5.988286e-03,2.920964e-03,1.019438e-03,2.569192e-02,1.089663e-01,1.829873e-02,9.460440e-04,2.692365e-02,8.825978e-02,2.868728e-03,1.146942e-01,6.900395e-02,5.324615e-01,1.188496e-03,7.679873e-04
4.620648e-03,2.225436e-03,1.123345e-03,1.926154e-02,8.142637e-02,1.506717e-02,8.026457e-04,2.387417e-02,6.625678e-02,3.780326e-03,8.831613e-02,7.979838e-02,6.104986e-01,2.050382e-03,8.980754e-04
3.625035e-03,1.862191e-03,1.406969e-03,1.504484e-02,6.129048e-02,1.390894e-02,1.071203e-03,1.999269e-02,4.820105e-02,2.964995e-03,6.936812e-02,1.096950e-01,6.480007e-01,2.016964e-03,1.550897e-03
2.773951e-03,1.419472e-03,1.310464e-03,1.093025e-02,4.701009e-02,1.247490e-02,9.075596e-04,1.542121e-02,3.540468e-02,2.473557e-03,6.223091e-02,1.340435e-01,6.696057e-01,1.858243e-03,2.135593e-03
2.333395e-03,1.165726e-03,1.257373e-03,8.065009e-03,1.059528e-01,1.027979e-02,1.790722e-03,1.355696e-02,3.910362e-02,2.576366e-03,6.234774e-02,1.497165e-01,5.981110e-01,1.641992e-03,2.101058e-03
5.480796e-03,1.349002e-03,1.093550e-03,8.552643e-03,9.597512e-02,2.760343e-02,1.405844e-03,1.013517e-02,3.148566e-02,1.959429e-03,4.797882e-02,2.504357e-01,5.133622e-01,1.278549e-03,1.904116e-03
5.813035e-03,1.072755e-03,8.698515e-04,6.956633e-03,7.579080e-02,2.459725e-02,1.034101e-03,7.425956e-03,2.394198e-02,1.505156e-03,3.617362e-02,4.312988e-01,3.809360e-01,9.758117e-04,1.608324e-03
1.228759e-02,8.268093e-04,6.774222e-04,5.088526e-03,5.860314e-02,2.396908e-02,8.182458e-04,5.659072e-03,1.724718e-02,1.100345e-03,2.664933e-02,5.436486e-01,3.012522e-01,7.350119e-04,1.437461e-03
1.967615e-02,7.266895e-04,5.316947e-04,3.854676e-03,4.516461e-02,2.670922e-02,6.274113e-04,4.247651e-03,1.245668e-02,7.963571e-04,1.936847e-02,6.033255e-01,2.606446e-01,5.590823e-04,1.311180e-03
1.852386e-02,6.804164e-04,4.618163e-04,2.787847e-03,4.424348e-02,2.153409e-02,1.114052e-03,3.561670e-03,9.952178e-03,6.007287e-04,1.550745e-02,6.842418e-01,1.951296e-01,4.333621e-04,1.227626e-03
3.154493e-02,6.166679e-04,9.840713e-04,2.256053e-03,3.366586e-02,4.955442e-02,4.320599e-03,1.237582e-02,7.121114e-03,4.846754e-04,1.123560e-02,6.957227e-01,1.484237e-01,6.318119e-04,1.061957e-03
4.779403e-02,9.261327e-04,9.102121e-04,2.059489e-03,3.102565e-02,7.966536e-02,4.176495e-03,1.231744e-02,5.291808e-03,4.115984e-04,8.436010e-03,6.539124e-01,1.510183e-01,1.064794e-03,9.903315e-04
5.919441e-02,1.555862e-03,1.141637e-03,2.703130e-03,2.928929e-02,1.329871e-01,4.063053e-03,2.009743e-02,4.346399e-03,4.220949e-04,6.492076e-03,6.082974e-01,1.271717e-01,1.269441e-03,9.689928e-04
7.528697e-02,1.525835e-03,1.260048e-03,2.656243e-03,2.691804e-02,1.240716e-01,3.561314e-03,2.140769e-02,3.387663e-03,3.934721e-04,5.313388e-03,6.158107e-01,1.161149e-01,1.348966e-03,9.431803e-04
7.596003e-02,1.923267e-03,1.638560e-03,2.454616e-03,2.129606e-02,1.056639e-01,3.657106e-03,1.760535e-02,2.630306e-03,5.072925e-04,4.634819e-03,6.581155e-01,1.017576e-01,1.295665e-03,8.599059e-04
7.557508e-02,2.706247e-03,2.709302e-03,2.107481e-03,1.851538e-02,8.731399e-02,3.318931e-03,1.446625e-02,3.292012e-03,6.874700e-04,4.305496e-03,6.898001e-01,9.309471e-02,1.266068e-03,8.414091e-04
7.324687e-02,3.606500e-03,3.698921e-03,1.752841e-03,2.084659e-02,6.827904e-02,3.553971e-03,1.237180e-02,7.816260e-03,1.398208e-03,4.926123e-03,6.941425e-01,1.017779e-01,1.236139e-03,1.346334e-03
6.277888e-02,3.520807e-03,3.553482e-03,1.581107e-03,2.077620e-02,5.645717e-02,3.239253e-03,1.090075e-02,9.099996e-03,1.457382e-03,7.240865e-03,6.321130e-01,1.824979e-01,1.954397e-03,2.828809e-03
5.356548e-02,2.987725e-03,3.054178e-03,1.242628e-03,1.843514e-02,4.411750e-02,2.795068e-03,9.317112e-03,7.768628e-03,1.262393e-03,6.290807e-03,6.712990e-01,1.735516e-01,1.821079e-03,2.491585e-03
5.206672e-02,2.355276e-03,3.023683e-03,9.394356e-04,1.950143e-02,3.692484e-02,3.967411e-03,8.798820e-03,7.014800e-03,1.236213e-03,5.540202e-03,6.748083e-01,1.799769e-01,1.772371e-03,2.073686e-03
4.848111e-02,1.867042e-03,3.012822e-03,7.086708e-04,2.113036e-02,2.861329e-02,4.479739e-03,8.093479e-03,6.160640e-03,1.160608e-03,4.316878e-03,6.754649e-01,1.932068e-01,1.738018e-03,1.565669e-03
4.402450e-02,1.598565e-03,3.024528e-03,5.814719e-04,2.229610e-02,2.134119e-02,4.481762e-03,7.588230e-03,6.167493e-03,1.417167e-03,3.544212e-03,6.106837e-01,2.698317e-01,2.195042e-03,1.224420e-03
4.483072e-02,1.460246e-03,3.801236e-03,5.431639e-04,3.904114e-02,1.783283e-02,1.069392e-02,1.207693e-02,5.959245e-03,1.985517e-03,2.921666e-03,6.115994e-01,2.430011e-01,3.292734e-03,9.601543e-04
4.456436e-02,1.654286e-03,3.730566e-03,4.807918e-04,5.120146e-02,1.560575e-02,1.870288e-02,1.535580e-02,7.180251e-03,2.253542e-03,2.618370e-03,6.436820e-01,1.892906e-01,2.923958e-03,7.554470e-04
4.289699e-02,1.517307e-03,6.295915e-03,4.315398e-04,6.939647e-02,1.426027e-02,5.482531e-02,2.632885e-02,1.016707e-02,4.674151e-03,3.447709e-03,5.578390e-01,2.046200e-01,2.310098e-03,9.892962e-04
4.712314e-02,1.327473e-03,7.551615e-03,4.328511e-04,6.544985e-02,1.214134e-02,4.581267e-02,2.767693e-02,9.282852e-03,4.768292e-03,4.051754e-03,5.381983e-01,2.329342e-01,2.081894e-03,1.166831e-03
4.168884e-02,2.022577e-03,1.426562e-02,3.374194e-04,6.039929e-02,9.833818e-03,3.812904e-02,2.458919e-02,9.357609e-03,5.319443e-03,4.197257e-03,5.540001e-01,2.321197e-01,2.628201e-03,1.111798e-03
6.582446e-02,2.044013e-03,4.535057e-02,3.040197e-04,6.660061e-02,1.096111e-02,4.784879e-02,2.818970e-02,8.240975e-03,6.070305e-03,3.762056e-03,4.829335e-01,2.247363e-01,4.495791e-03,2.637806e-03
1.180464e-01,1.749239e-03,4.957151e-02,3.899011e-04,7.051939e-02,1.162454e-02,5.618504e-02,3.368893e-02,6.972391e-03,5.964635e-03,3.621749e-03,4.132451e-01,2.204200e-01,4.672334e-03,3.328870e-03
9.153312e-02,1.264890e-03,4.054659e-02,5.098641e-04,7.015982e-02,9.197058e-03,4.786995e-02,5.080708e-02,6.926665e-03,5.545110e-03,7.802533e-03,3.207494e-01,3.397547e-01,3.911807e-03,3.421373e-03
6.562259e-02,9.039294e-04,2.913898e-02,5.352572e-04,5.198374e-02,7.100533e-03,3.642743e-02,7.069649e-02,7.013145e-03,4.825632e-03,7.862417e-03,2.339837e-01,4.761718e-01,3.087543e-03,4.646825e-03
4.642009e-02,6.470971e-04,2.059199e-02,4.574255e-04,3.813772e-02,5.507128e-03,2.732326e-02,6.881460e-02,6.531517e-03,3.787652e-03,7.778357e-03,1.688896e-01,5.969527e-01,2.361109e-03,5.799742e-03
3.271326e-02,4.936748e-04,1.477334e-02,4.939984e-04,2.918079e-02,4.213774e-03,2.006285e-02,1.305788e-01,6.646148e-03,3.186571e-03,6.758403e-03,1.221044e-01,6.209331e-01,1.784069e-03,6.076861e-03
2.381581e-02,4.556523e-04,1.068489e-02,1.213177e-03,2.537231e-02,9.027361e-03,1.546233e-02,1.523832e-01,1.194914e-02,2.684384e-03,9.274651e-03,8.977002e-02,6.342313e-01,1.367016e-03,1.230870e-02
1.788194e-02,4.476166e-04,8.826490e-03,1.738871e-03,3.623156e-02,1.443393e-02,1.129145e-02,2.276390e-01,1.358744e-02,2.070381e-03,1.310392e-02,6.976029e-02,5.614014e-01,1.069062e-03,2.051659e-02
1.520060e-02,6.586394e-04,6.394858e-03,2.637672e-03,3.921939e-02,9.497947e-02,8.862386e-03,1.805239e-01,6.255957e-02,1.664646e-03,1.476339e-02,5.485051e-02,4.981699e-01,8.190325e-04,1.869599e-02
1.499500e-02,1.474417e-03,4.750350e-03,3.339198e-03,3.599977e-02,9.078388e-02,7.009470e-03,1.854381e-01,1.220756e-01,1.268488e-03,1.583112e-02,4.371541e-02,4.567807e-01,6.409841e-04,1.589759e-02
2.164961e-02,3.104070e-03,5.576679e-03,4.533572e-03,4.301312e-02,6.835694e-02,6.396970e-03,2.161323e-01,1.533447e-01,1.055968e-03,1.781585e-02,3.506451e-02,3.901424e-01,5.417826e-04,3.327142e-02
4.520315e-02,3.514834e-03,6.407309e-03,1.025438e-02,6.860474e-02,5.012798e-02,8.493289e-03,1.687087e-01,2.776778e-01,7.975314e-04,1.599210e-02,2.535839e-02,2.839007e-01,4.449752e-04,3.451405e-02
6.047510e-02,4.093287e-03,8.531233e-03,1.792052e-01,7.653817e-02,4.173430e-02,7.104517e-03,1.313553e-01,2.264726e-01,1.094030e-03,1.374188e-02,1.890319e-02,2.042001e-01,4.293952e-04,2.612175e-02
7.984595e-02,5.421072e-03,7.522269e-03,1.751257e-01,1.259297e-01,3.353652e-02,6.714254e-03,1.308902e-01,2.413918e-01,8.679638e-04,1.174211e-02,1.399258e-02,1.479093e-01,3.458012e-04,1.876481e-02
8.105972e-02,4.149347e-03,5.903231e-03,1.451345e-01,2.112517e-01,2.570816e-02,6.307118e-03,1.894487e-01,1.923754e-01,6.353203e-04,8.970825e-03,1.019913e-02,1.052146e-01,2.988887e-04,1.334330e-02
1.087003e-01,3.325672e-03,4.290759e-03,1.078430e-01,1.875620e-01,1.921670e-02,5.883693e-03,3.098239e-01,1.533062e-01,4.600492e-04,6.760063e-03,8.087720e-03,7.506260e-02,2.228220e-04,9.454470e-03
1.124165e-01,2.630988e-03,3.108747e-03,7.909749e-02,1.628460e-01,1.446621e-02,4.919781e-03,4.306845e-01,1.176537e-01,3.319833e-04,5.100114e-03,6.498372e-03,5.339880e-02,1.667278e-04,6.680091e-03
1.975354e-01,2.353445e-03,2.430947e-03,5.724432e-02,1.181902e-01,1.576393e-02,5.160586e-03,4.613803e-01,8.377545e-02,2.716343e-04,4.261871e-03,7.251889e-03,3.915809e-02,1.733453e-04,5.048614e-03
1.728888e-01,1.809060e-03,1.949693e-03,4.083190e-02,8.505293e-02,1.499459e-02,4.372337e-03,5.788263e-01,5.896001e-02,1.973515e-04,3.123470e-03,5.392289e-03,2.782847e-02,1.454504e-04,3.627324e-03
1.636145e-01,1.446269e-03,1.558171e-03,2.899083e-02,6.104106e-02,1.297494e-02,4.074603e-03,6.552795e-01,4.165845e-02,1.476401e-04,2.328464e-03,4.188930e-03,1.991567e-02,1.228162e-04,2.658109e-03
1.362533e-01,1.197475e-03,1.331610e-03,2.060108e-02,4.423193e-02,1.035725e-02,4.145812e-03,7.311484e-01,2.946464e-02,1.194218e-04,1.734457e-03,3.159246e-03,1.419635e-02,1.069180e-04,1.952080e-03
1.082824e-01,9.885951e-04,1.200927e-03,1.474268e-02,3.262959e-02,8.653284e-03,3.797613e-03,7.932254e-01,2.087189e-02,9.610147e-05,1.344500e-03,2.424436e-03,1.018637e-02,9.535399e-05,1.460790e-03
1.003219e-01,1.188367e-03,1.307063e-03,1.120369e-02,2.604288e-02,8.052099e-03,3.756494e-03,8.194091e-01,1.542676e-02,1.198139e-04,1.366582e-03,2.588295e-03,7.829902e-03,1.380878e-04,1.248845e-03
8.642448e-02,1.113773e-03,1.721776e-03,9.040918e-03,2.033880e-02,6.146736e-03,3.728472e-03,8.492679e-01,1.205965e-02,1.187781e-04,1.144969e-03,2.111183e-03,5.650131e-03,1.330184e-04,9.993566e-04
7.981868e-02,9.476336e-04,1.948829e-03,7.550613e-03,1.557844e-02,4.884216e-03,3.333946e-03,8.689300e-01,8.798165e-03,1.413576e-04,1.007596e-03,1.879734e-03,4.176366e-03,1.375828e-04,8.668622e-04
7.871328e-02,7.666863e-04,2.195855e-03,5.808497e-03,1.121756e-02,4.745113e-03,3.417562e-03,8.801863e-01,6.379491e-03,1.204330e-04,7.914376e-04,1.682492e-03,3.107459e-03,1.421135e-04,7.256566e-04
7.383349e-02,6.088772e-04,2.487443e-03,4.684845e-03,8.184122e-03,4.433082e-03,3.116954e-03,8.927642e-01,4.582925e-03,1.015896e-04,6.341885e-04,1.491711e-03,2.358041e-03,1.303397e-04,5.882160e-04
6.794500e-02,4.712106e-04,2.944295e-03,4.049090e-03,6.104205e-03,4.381877e-03,3.190810e-03,9.029995e-01,3.252637e-03,9.406656e-05,5.569833e-04,1.385097e-03,1.949729e-03,1.270864e-04,5.484551e-04
6.535298e-02,3.773829e-04,2.364792e-03,3.262064e-03,4.609098e-03,4.742939e-03,2.811174e-03,9.103320e-01,2.318802e-03,7.804368e-05,4.676648e-04,1.101492e-03,1.556385e-03,1.091862e-04,5.160510e-04
5.530028e-02,3.120305e-04,2.334361e-03,3.069909e-03,3.469041e-03,6.382696e-03,2.567423e-03,9.209520e-01,1.658784e-03,9.733063e-05,4.416439e-04,1.030109e-03,1.555177e-03,1.274904e-04,7.017283e-04
1.043956e-01,5.113940e-04,2.385159e-03,2.576543e-03,3.935627e-03,3.375154e-02,2.633981e-03,8.187832e-01,1.516496e-03,2.362729e-04,2.814357e-03,2.984113e-03,2.084552e-02,3.241285e-04,2.306163e-03
1.579979e-01,5.906890e-04,2.016403e-03,2.226094e-03,4.357044e-03,3.671557e-02,2.620098e-03,7.484629e-01,1.399657e-03,2.904293e-04,3.258095e-03,3.855755e-03,3.335710e-02,3.960609e-04,2.456237e-03
2.111372e-01,1.654879e-03,1.927953e-03,2.351251e-03,1.298088e-02,3.660287e-02,2.821761e-03,6.046883e-01,2.108886e-03,5.654374e-04,5.845184e-03,5.836205e-03,1.033360e-01,5.377510e-04,7.605413e-03
1.868108e-01,1.830845e-03,1.634609e-03,1.790091e-03,1.338618e-02,3.062790e-02,3.985194e-03,4.378986e-01,1.997100e-03,5.098130e-04,5.432653e-03,9.458890e-03,2.976635e-01,4.947087e-04,6.479139e-03
1.533033e-01,1.555032e-03,1.942699e-03,1.327354e-03,1.667740e-02,2.392403e-02,1.035103e-02,3.355594e-01,2.133905e-03,9.532206e-04,8.399263e-03,2.111074e-02,4.110147e-01,1.094827e-03,1.065311e-02
1.958440e-01,2.215810e-03,3.070274e-03,1.244863e-03,1.656797e-02,2.251355e-02,8.573174e-03,2.436561e-01,4.285896e-03,1.221347e-03,1.232988e-02,3.540328e-02,4.366903e-01,3.263155e-03,1.312042e-02
1.958640e-01,2.352878e-03,2.765687e-03,1.644950e-03,3.180157e-02,1.932636e-02,6.898176e-03,1.732381e-01,7.938961e-03,1.413187e-03,1.272410e-02,4.717112e-02,4.800930e-01,3.395582e-03,1.337239e-02
1.705392e-01,4.737696e-03,5.743180e-03,4.571421e-03,4.796666e-02,5.104895e-02,1.060471e-02,1.463124e-01,2.462697e-02,2.111441e-03,1.854621e-02,5.087956e-02,4.368995e-01,3.023596e-03,2.238858e-02
1.256646e-01,3.795457e-02,6.887960e-03,5.985872e-03,5.579939e-02,5.946455e-02,8.340101e-03,1.086210e-01,1.360958e-01,2.858262e-03,1.812116e-02,3.825110e-02,3.712588e-01,2.320751e-03,2.237617e-02
8.958777e-02,3.592250e-02,8.108191e-03,2.806752e-02,6.658766e-02,8.241847e-02,6.705387e-03,7.694771e-02,1.721468e-01,3.172639e-03,1.783438e-02,2.784089e-02,3.644999e-01,1.708121e-03,1.845209e-02
6.355058e-02,4.465845e-02,7.840926e-03,4.412680e-02,5.233213e-02,8.278751e-02,4.878594e-03,6.694472e-02,1.892540e-01,3.075429e-03,4.609810e-02,2.343804e-02,3.519238e-01,1.571574e-03,1.751941e-02
4.618179e-02,3.877466e-02,6.314923e-03,3.717437e-02,4.928652e-02,1.242475e-01,3.760838e-03,5.017378e-02,2.653682e-01,2.543275e-03,7.010564e-02,1.840112e-02,2.710467e-01,1.489972e-03,1.513069e-02
3.295038e-02,4.153070e-02,4.740933e-03,3.120328e-02,3.622926e-02,1.927707e-01,2.696573e-03,3.633176e-02,3.397332e-01,2.048537e-03,5.642642e-02,1.378996e-02,1.964569e-01,1.183188e-03,1.190823e-02
2.393739e-02,6.420834e-02,6.308473e-03,6.479472e-02,2.713876e-02,1.745715e-01,1.956711e-03,2.634291e-02,4.059477e-01,3.621374e-03,4.093893e-02,9.842336e-03,1.395155e-01,8.764456e-04,9.999032e-03
2.132548e-02,5.256228e-02,5.166748e-03,4.988033e-02,3.592875e-02,2.164815e-01,2.028869e-03,2.172927e-02,4.378116e-01,3.427135e-03,3.043270e-02,7.577952e-03,1.017265e-01,8.564894e-04,1.306444e-02
2.389053e-02,4.200513e-02,5.026638e-03,7.951041e-02,4.415107e-02,2.377332e-01,2.428799e-03,2.106877e-02,4.158363e-01,4.619802e-03,2.306398e-02,6.014299e-03,7.364430e-02,1.035470e-03,1.997140e-02
2.243918e-02,3.940153e-02,4.211711e-03,7.681015e-02,4.032832e-02,2.337428e-01,2.436062e-03,1.788552e-02,4.412967e-01,5.863979e-03,1.764553e-02,4.964659e-03,6.910078e-02,1.190979e-03,2.268208e-02
1.931357e-02,9.349393e-02,3.504916e-03,6.746253e-02,3.664502e-02,1.813759e-01,2.097128e-03,1.416495e-02,4.696497e-01,6.080355e-03,1.301579e-02,3.858221e-03,6.531929e-02,9.936334e-04,2.302502e-02
1.744356e-02,7.216362e-02,2.657700e-03,6.712502e-02,2.809704e-02,1.405342e-01,1.557234e-03,1.002839e-02,5.409160e-01,5.442961e-03,1.111932e-02,4.344893e-03,6.609813e-02,1.559129e-03,3.091276e-02
3.054784e-02,5.571073e-02,2.878712e-03,5.649535e-02,3.352999e-02,2.160281e-01,2.466335e-03,7.507186e-03,4.071329e-01,4.140874e-03,1.054015e-02,7.017878e-03,1.309999e-01,2.231819e-03,3.277221e-02
5.413806e-02,4.078472e-02,2.289350e-03,4.232173e-02,2.569360e-02,2.129359e-01,2.080423e-03,5.504414e-03,3.023758e-01,3.587078e-03,1.360238e-02,4.222229e-02,2.196309e-01,6.272691e-03,2.656069e-02
4.737952e-02,2.948724e-02,1.891994e-03,3.066650e-02,1.928894e-02,2.047654e-01,1.800379e-03,4.073350e-03,2.189136e-01,2.944584e-03,1.379050e-02,7.663994e-02,3.225746e-01,5.777699e-03,2.000586e-02
3.401515e-02,2.111051e-02,1.563164e-03,2.187838e-02,1.375184e-02,1.605445e-01,1.347384e-03,2.885059e-03,1.539747e-01,2.281603e-03,1.116441e-02,1.153678e-01,4.407260e-01,4.760451e-03,1.462902e-02
2.409019e-02,1.485679e-02,1.112632e-03,1.536838e-02,9.697423e-03,1.145855e-01,9.680160e-04,2.024738e-03,1.090650e-01,1.762636e-03,9.078052e-03,3.061662e-01,3.772143e-01,3.714354e-03,1.029584e-02
1.795782e-02,1.050916e-02,7.849758e-04,1.083898e-02,7.005362e-03,8.243384e-02,6.964187e-04,1.421616e-03,8.259442e-02,1.410554e-03,8.024035e-03,3.735940e-01,3.927606e-01,2.727727e-03,7.240561e-03
1.297459e-02,7.408824e-03,5.527477e-04,7.624352e-03,4.991097e-03,6.320783e-02,5.041670e-04,9.980985e-04,6.225577e-02,1.168489e-03,7.818854e-03,4.413216e-01,3.821526e-01,1.930721e-03,5.090232e-03
9.272753e-03,5.215276e-03,4.065683e-04,5.384083e-03,3.581250e-03,1.199974e-01,4.026056e-04,7.082880e-04,4.558921e-02,9.630437e-04,6.828656e-03,4.632853e-01,3.334121e-01,1.379482e-03,3.573978e-03
6.593922e-03,3.669129e-03,2.916206e-04,3.785290e-03,2.553005e-03,8.816952e-02,2.935333e-04,4.990876e-04,3.506704e-02,1.019260e-03,7.225931e-03,5.607326e-01,2.866194e-01,9.706797e-04,2.510037e-03
4.788763e-03,2.691693e-03,2.223398e-04,2.656288e-03,1.836071e-03,6.664477e-02,2.193253e-04,3.564740e-04,2.968322e-02,1.487387e-03,8.850709e-03,6.506245e-01,2.274740e-01,6.844257e-04,1.780075e-03
3.489651e-03,1.959760e-03,1.629084e-04,1.866948e-03,1.304684e-03,5.160053e-02,1.682885e-04,2.570297e-04,2.472630e-02,2.517150e-03,1.147198e-02,7.112125e-01,1.875116e-01,4.843460e-04,1.266346e-03
2.877478e-03,1.526861e-03,1.205542e-04,1.316716e-03,9.913745e-04,4.204031e-02,1.550078e-04,2.014554e-04,2.783597e-02,3.285247e-03,1.174528e-02,7.581537e-01,1.484651e-01,3.502031e-04,9.347341e-04
2.216581e-03,1.251200e-03,8.728867e-05,9.276323e-04,7.981796e-04,3.175183e-02,1.679183e-04,1.534733e-04,4.293044e-02,3.271880e-03,1.185285e-02,7.806780e-01,1.229402e-01,2.534742e-04,7.190110e-04
1.650156e-03,1.087250e-03,7.069505e-05,6.563519e-04,5.841384e-04,2.436316e-02,1.252948e-04,1.242770e-04,4.315140e-02,3.052906e-03,9.264074e-03,8.217696e-01,9.340016e-02,1.829794e-04,5.175345e-04
1.322266e-03,9.686361e-04,7.528503e-05,4.916361e-04,1.279550e-03,1.834437e-02,2.306477e-04,2.296391e-04,1.051953e-01,3.378566e-03,8.453609e-03,7.903316e-01,6.913045e-02,1.691723e-04,3.992206e-04
1.028801e-03,7.929987e-04,1.823347e-04,3.819035e-04,2.843601e-03,1.545893e-02,2.538041e-04,4.006540e-04,1.333008e-01,3.136340e-03,6.690335e-03,7.850216e-01,5.007816e-02,1.400078e-04,2.897229e-04
9.766656e-04,1.182401e-03,4.431788e-03,3.355454e-04,1.173444e-02,1.153041e-02,7.100577e-04,7.021043e-04,1.609604e-01,5.891749e-03,5.892918e-03,7.577299e-01,3.753328e-02,1.328382e-04,2.555715e-04
2.025057e-03,1.323188e-03,4.373092e-03,3.314354e-04,1.766315e-02,1.030551e-02,2.653526e-03,1.216266e-03,1.583495e-01,9.046016e-03,7.042377e-03,7.556357e-01,2.957281e-02,1.918935e-04,2.705046e-04
2.364355e-03,1.430946e-03,3.534730e-03,4.223443e-04,2.537094e-02,1.457793e-02,3.325755e-03,1.920691e-03,1.966349e-01,7.583658e-03,7.459697e-03,7.102479e-01,2.466360e-02,2.114766e-04,2.511679e-04
1.989567e-03,1.306962e-03,2.548347e-03,3.068731e-04,5.141896e-02,1.053049e-02,2.913379e-03,1.768760e-03,3.971783e-01,5.338241e-03,5.434272e-03,5.013028e-01,1.761983e-02,1.632347e-04,1.800882e-04
1.444372e-03,1.146676e-03,1.796674e-03,2.179863e-04,4.870347e-02,7.454102e-03,2.218563e-03,1.306395e-03,5.613049e-01,3.745703e-03,3.956768e-03,3.537995e-01,1.262878e-02,1.367168e-04,1.394103e-04
1.128426e-03,1.189074e-03,1.273900e-03,1.787813e-04,6.568931e-02,6.050117e-03,1.653269e-03,9.195475e-04,6.596835e-01,2.649576e-03,2.811881e-03,2.476873e-01,8.877033e-03,1.000495e-04,1.082852e-04
1.074694e-03,1.058220e-03,9.303795e-04,1.859944e-04,1.872541e-01,8.424045e-03,2.003818e-03,6.771645e-04,6.146002e-01,1.885485e-03,2.026077e-03,1.734033e-01,6.313692e-03,7.331651e-05,8.955847e-05
3.869956e-03,1.347017e-03,6.899314e-04,2.419880e-04,2.959515e-01,7.808520e-03,2.763127e-03,5.501824e-04,5.578022e-01,1.350203e-03,1.453560e-03,1.214123e-01,4.596463e-03,5.370296e-05,1.093120e-04
1.899372e-02,4.678479e-03,6.635700e-04,2.630351e-03,2.554548e-01,2.040647e-02,3.260115e-03,7.198787e-04,5.967986e-01,1.450943e-03,1.378292e-03,8.621932e-02,4.791916e-03,4.902098e-05,2.504540e-03
2.517080e-02,4.834361e-03,5.734365e-04,2.886129e-03,2.476012e-01,1.674179e-02,3.119994e-03,9.416803e-04,6.293317e-01,1.091770e-03,1.084487e-03,6.064000e-02,3.864872e-03,4.001553e-05,2.077777e-03
3.914365e-02,4.284243e-03,2.000833e-03,3.442549e-03,3.682110e-01,1.403575e-02,3.361114e-03,6.281806e-03,5.095016e-01,8.880625e-04,8.795316e-04,4.270429e-02,3.151976e-03,8.748418e-05,2.026114e-03
5.720952e-02,3.976704e-03,4.909658e-03,4.464581e-03,4.514220e-01,1.385208e-02,4.432885e-03,2.558262e-02,3.976344e-01,8.149219e-04,9.289110e-04,3.021193e-02,2.739199e-03,1.020083e-04,1.718579e-03
7.107752e-02,3.897612e-03,5.643083e-03,4.116524e-03,4.233347e-01,1.135905e-02,3.882513e-03,4.816528e-02,3.995441e-01,1.298543e-03,1.564567e-03,2.164468e-02,2.308850e-03,9.957272e-05,2.063373e-03
1.287316e-01,3.522737e-03,8.892532e-03,4.880824e-03,3.795523e-01,9.201808e-03,4.202750e-03,1.332682e-01,3.040229e-01,1.236497e-03,2.376243e-03,1.582851e-02,2.288054e-03,1.204378e-04,1.874502e-03
2.181418e-01,3.259753e-03,8.585159e-03,9.633522e-03,3.434516e-01,8.548108e-03,4.274336e-03,1.470661e-01,2.278303e-01,1.405368e-03,5.553990e-03,1.482913e-02,4.408384e-03,3.901132e-04,2.622212e-03
2.918287e-01,2.822558e-03,7.564379e-03,2.302128e-02,3.119122e-01,7.862012e-03,3.478681e-03,1.529682e-01,1.656967e-01,1.159371e-03,7.920414e-03,1.490727e-02,5.209978e-03,8.631338e-04,2.785062e-03
3.415892e-01,2.398328e-03,5.994924e-03,2.969281e-02,3.112836e-01,1.030749e-02,2.890365e-03,1.313474e-01,1.198041e-01,1.190047e-03,9.071521e-03,2.256818e-02,6.441671e-03,1.847011e-03,3.573268e-03
3.505496e-01,2.990545e-03,5.692922e-03,5.239087e-02,3.002172e-01,2.429480e-02,3.053156e-03,1.093138e-01,8.723887e-02,1.318032e-03,1.106703e-02,3.703365e-02,7.865737e-03,2.088467e-03,4.885247e-03
2.533387e-01,3.088224e-03,4.994734e-03,1.628610e-01,2.168593e-01,3.870969e-02,2.375234e-03,7.821517e-02,6.578291e-02,1.606113e-03,7.689048e-02,7.292780e-02,1.486636e-02,2.083449e-03,5.400769e-03
1.842930e-01,5.056849e-03,4.517101e-03,1.836986e-01,1.709719e-01,6.384534e-02,2.026194e-03,5.566941e-02,7.424722e-02,5.184293e-03,1.372874e-01,7.574971e-02,1.787188e-02,7.215110e-03,1.236585e-02
1.311700e-01,4.378365e-03,3.346750e-03,1.307025e-01,1.221452e-01,6.246156e-02,1.546454e-03,4.018121e-02,5.820986e-02,7.449216e-03,1.573636e-01,2.141933e-01,3.915613e-02,1.793404e-02,9.761828e-03
9.742264e-02,4.190195e-03,2.504659e-03,9.322922e-02,8.731186e-02,6.177299e-02,1.178959e-03,2.848534e-02,4.627538e-02,1.114504e-02,2.862797e-01,2.139644e-01,3.437952e-02,2.405017e-02,7.809958e-03
7.049517e-02,8.330319e-03,2.246722e-03,6.620751e-02,6.139455e-02,5.713636e-02,9.774516e-04,2.013754e-02,3.617697e-02,2.097380e-02,2.901125e-01,2.798623e-01,5.156721e-02,2.756959e-02,6.811982e-03
5.193448e-02,7.527575e-03,2.609521e-03,4.914124e-02,4.521713e-02,5.586721e-02,9.073750e-04,1.603929e-02,3.924530e-02,2.375348e-02,2.897864e-01,3.330469e-01,5.261246e-02,2.634642e-02,5.965183e-03
4.168401e-02,7.021646e-03,2.755414e-03,3.646134e-02,3.835044e-02,4.383942e-02,7.433056e-04,1.585384e-02,7.366800e-02,2.718894e-02,2.706572e-01,3.625703e-01,4.873618e-02,2.330348e-02,7.166502e-03
3.630330e-02,1.094292e-02,2.293460e-03,2.589287e-02,3.325126e-02,3.282465e-02,1.033684e-03,1.274216e-02,1.016763e-01,3.066847e-02,2.955607e-01,3.459306e-01,3.953423e-02,2.550291e-02,5.842485e-03
3.529961e-02,1.345019e-02,1.809677e-03,1.832552e-02,2.876207e-02,2.438592e-02,9.398429e-04,1.022277e-02,1.717422e-01,2.819316e-02,3.113560e-01,2.997932e-01,3.017616e-02,2.130439e-02,4.239392e-03
2.604246e-02,1.424916e-02,1.409650e-03,1.287452e-02,2.250898e-02,1.795585e-02,6.908946e-04,8.394688e-03,3.879773e-01,2.088656e-02,2.261227e-01,2.206770e-01,2.170151e-02,1.551980e-02,2.988911e-03
1.972056e-02,2.591093e-02,2.383341e-03,9.851024e-03,2.281547e-02,1.660924e-02,1.074680e-03,8.815642e-03,4.350257e-01,1.648033e-02,2.395754e-01,1.679576e-01,1.822857e-02,1.311299e-02,2.438485e-03
1.439535e-02,3.619799e-02,2.179963e-03,7.120647e-03,1.916349e-02,2.053561e-02,1.040123e-03,7.042082e-03,4.668080e-01,1.279856e-02,2.579745e-01,1.262423e-01,1.604983e-02,1.052769e-02,1.923913e-03
1.106561e-02,4.745252e-02,1.997296e-03,5.643524e-03,1.754512e-02,1.572510e-02,1.399587e-03,1.815402e-02,5.566088e-01,9.725603e-03,2.027863e-01,8.962788e-02,1.284932e-02,7.922968e-03,1.496332e-03
8.833252e-03,5.262895e-02,1.657900e-03,4.300738e-03,1.523019e-02,1.278157e-02,1.417857e-03,1.686265e-02,6.402097e-01,7.253034e-03,1.587757e-01,6.350223e-02,9.561879e-03,5.839322e-03,1.145165e-03
