1.000000e+00,0.000000e+00,0.000000e+00,0.000000e+00,0.000000e+00,0.000000e+00,0.000000e+00,0.000000e+00,0.000000e+00,0.000000e+00,0.000000e+00,0.000000e+00,0.000000e+00,0.000000e+00,0.000000e+00
1.000000e+00,0.000000e+00,0.000000e+00,0.000000e+00,0.000000e+00,0.000000e+00,0.000000e+00,0.000000e+00,0.000000e+00,0.000000e+00,0.000000e+00,0.000000e+00,0.000000e+00,0.000000e+00,0.000000e+00
1.000000e+00,0.000000e+00,0.000000e+00,0.000000e+00,0.000000e+00,0.000000e+00,0.000000e+00,0.000000e+00,0.000000e+00,0.000000e+00,0.000000e+00,0.000000e+00,0.000000e+00,0.000000e+00,0.000000e+00
1.000000e+00,0.000000e+00,0.000000e+00,0.000000e+00,0.000000e+00,0.000000e+00,0.000000e+00,0.000000e+00,0.000000e+00,0.000000e+00,0.000000e+00,0.000000e+00,0.000000e+00,0.000000e+00,0.000000e+00
1.000000e+00,0.000000e+00,0.000000e+00,0.000000e+00,0.000000e+00,0.000000e+00,0.000000e+00,0.000000e+00,0.000000e+00,0.000000e+00,0.000000e+00,0.000000e+00,0.000000e+00,0.000000e+00,0.000000e+00
1.000000e+00,0.000000e+00,0.000000e+00,0.000000e+00,0.000000e+00,0.000000e+00,0.000000e+00,0.000000e+00,0.000000e+00,0.000000e+00,0.000000e+00,0.000000e+00,0.000000e+00,0.000000e+00,0.000000e+00
1.000000e+00,0.000000e+00,0.000000e+00,0.000000e+00,0.000000e+00,0.000000e+00,0.000000e+00,0.000000e+00,0.000000e+00,0.000000e+00,0.000000e+00,0.000000e+00,0.000000e+00,0.000000e+00,0.000000e+00
1.000000e+00,0.000000e+00,0.000000e+00,0.000000e+00,0.000000e+00,0.000000e+00,0.000000e+00,0.000000e+00,0.000000e+00,0.000000e+00,0.000000e+00,0.000000e+00,0.000000e+00,0.000000e+00,0.000000e+00
1.000000e+00,0.000000e+00,0.000000e+00,0.000000e+00,0.000000e+00,0.000000e+00,0.000000e+00,0.000000e+00,0.000000e+00,0.000000e+00,0.000000e+00,0.000000e+00,0.000000e+00,0.000000e+00,0.000000e+00
1.000000e+00,0.000000e+00,0.000000e+00,0.000000e+00,0.000000e+00,0.000000e+00,0.000000e+00,0.000000e+00,0.000000e+00,0.000000e+00,0.000000e+00,0.000000e+00,0.000000e+00,0.000000e+00,0.000000e+00
1.000000e+00,0.000000e+00,0.000000e+00,0.000000e+00,0.000000e+00,0.000000e+00,0.000000e+00,0.000000e+00,0.000000e+00,0.000000e+00,0.000000e+00,0.000000e+00,0.000000e+00,0.000000e+00,0.000000e+00
1.000000e+00,0.000000e+00,0.000000e+00,0.000000e+00,0.000000e+00,0.000000e+00,0.000000e+00,0.000000e+00,0.000000e+00,0.000000e+00,0.000000e+00,0.000000e+00,0.000000e+00,0.000000e+00,0.000000e+00
1.000000e+00,0.000000e+00,0.000000e+00,0.000000e+00,0.000000e+00,0.000000e+00,0.000000e+00,0.000000e+00,0.000000e+00,0.000000e+00,0.000000e+00,0.000000e+00,0.000000e+00,0.000000e+00,0.000000e+00
1.000000e+00,0.000000e+00,0.000000e+00,0.000000e+00,0.000000e+00,0.000000e+00,0.000000e+00,0.000000e+00,0.000000e+00,0.000000e+00,0.000000e+00,0.000000e+00,0.000000e+00,0.000000e+00,0.000000e+00
1.000000e+00,0.000000e+00,0.000000e+00,0.000000e+00,0.000000e+00,0.000000e+00,0.000000e+00,0.000000e+00,0.000000e+00,0.000000e+00,0.000000e+00,0.000000e+00,0.000000e+00,0.000000e+00,0.000000e+00
1.000000e+00,0.000000e+00,0.000000e+00,0.000000e+00,0.000000e+00,0.000000e+00,0.000000e+00,0.000000e+00,0.000000e+00,0.000000e+00,0.000000e+00,0.000000e+00,0.000000e+00,0.000000e+00,0.000000e+00
1.000000e+00,0.000000e+00,0.000000e+00,0.000000e+00,0.000000e+00,0.000000e+00,0.000000e+00,0.000000e+00,0.000000e+00,0.000000e+00,0.000000e+00,0.000000e+00,0.000000e+00,0.000000e+00,0.000000e+00
1.000000e+00,0.000000e+00,0.000000e+00,0.000000e+00,0.000000e+00,0.000000e+00,0.000000e+00,0.000000e+00,0.000000e+00,0.000000e+00,0.000000e+00,0.000000e+00,0.000000e+00,0.000000e+00,0.000000e+00
1.000000e+00,0.000000e+00,0.000000e+00,0.000000e+00,0.000000e+00,0.000000e+00,0.000000e+00,0.000000e+00,0.000000e+00,0.000000e+00,0.000000e+00,0.000000e+00,0.000000e+00,0.000000e+00,0.000000e+00
1.000000e+00,0.000000e+00,0.000000e+00,0.000000e+00,0.000000e+00,0.000000e+00,0.000000e+00,0.000000e+00,0.000000e+00,0.000000e+00,0.000000e+00,0.000000e+00,0.000000e+00,0.000000e+00,0.000000e+00
1.000000e+00,0.000000e+00,0.000000e+00,0.000000e+00,0.000000e+00,0.000000e+00,0.000000e+00,0.000000e+00,0.000000e+00,0.000000e+00,0.000000e+00,0.000000e+00,0.000000e+00,0.000000e+00,0.000000e+00
1.000000e+00,0.000000e+00,0.000000e+00,0.000000e+00,0.000000e+00,0.000000e+00,0.000000e+00,0.000000e+00,0.000000e+00,0.000000e+00,0.000000e+00,0.000000e+00,0.000000e+00,0.000000e+00,0.000000e+00
1.000000e+00,0.000000e+00,0.000000e+00,0.000000e+00,0.000000e+00,0.000000e+00,0.000000e+00,0.000000e+00,0.000000e+00,0.000000e+00,0.000000e+00,0.000000e+00,0.000000e+00,0.000000e+00,0.000000e+00
1.000000e+00,0.000000e+00,0.000000e+00,0.000000e+00,0.000000e+00,0.000000e+00,0.000000e+00,0.000000e+00,0.000000e+00,0.000000e+00,0.000000e+00,0.000000e+00,0.000000e+00,0.000000e+00,0.000000e+00
1.000000e+00,0.000000e+00,0.000000e+00,0.000000e+00,0.000000e+00,0.000000e+00,0.000000e+00,0.000000e+00,0.000000e+00,0.000000e+00,0.000000e+00,0.000000e+00,0.000000e+00,0.000000e+00,0.000000e+00
1.000000e+00,0.000000e+00,0.000000e+00,0.000000e+00,0.000000e+00,0.000000e+00,0.000000e+00,0.000000e+00,0.000000e+00,0.000000e+00,0.000000e+00,0.000000e+00,0.000000e+00,0.000000e+00,0.000000e+00
1.000000e+00,0.000000e+00,0.000000e+00,0.000000e+00,0.000000e+00,0.000000e+00,0.000000e+00,0.000000e+00,0.000000e+00,0.000000e+00,0.000000e+00,0.000000e+00,0.000000e+00,0.000000e+00,0.000000e+00
1.000000e+00,0.000000e+00,0.000000e+00,0.000000e+00,0.000000e+00,0.000000e+00,0.000000e+00,0.000000e+00,0.000000e+00,0.000000e+00,0.000000e+00,0.000000e+00,0.000000e+00,0.000000e+00,0.000000e+00
1.000000e+00,0.000000e+00,0.000000e+00,0.000000e+00,0.000000e+00,0.000000e+00,0.000000e+00,0.000000e+00,0.000000e+00,0.000000e+00,0.000000e+00,0.000000e+00,0.000000e+00,0.000000e+00,0.000000e+00
1.000000e+00,0.000000e+00,0.000000e+00,0.000000e+00,0.000000e+00,0.000000e+00,0.000000e+00,0.000000e+00,0.000000e+00,0.000000e+00,0.000000e+00,0.000000e+00,0.000000e+00,0.000000e+00,0.000000e+00
1.000000e+00,0.000000e+00,0.000000e+00,0.000000e+00,0.000000e+00,0.000000e+00,0.000000e+00,0.000000e+00,0.000000e+00,0.000000e+00,0.000000e+00,0.000000e+00,0.000000e+00,0.000000e+00,0.000000e+00
1.000000e+00,0.000000e+00,0.000000e+00,0.000000e+00,0.000000e+00,0.000000e+00,0.000000e+00,0.000000e+00,0.000000e+00,0.000000e+00,0.000000e+00,0.000000e+00,0.000000e+00,0.000000e+00,0.000000e+00
1.000000e+00,0.000000e+00,0.000000e+00,0.000000e+00,0.000000e+00,0.000000e+00,0.000000e+00,0.000000e+00,0.000000e+00,0.000000e+00,0.000000e+00,0.000000e+00,0.000000e+00,0.000000e+00,0.000000e+00
1.000000e+00,0.000000e+00,0.000000e+00,0.000000e+00,0.000000e+00,0.000000e+00,0.000000e+00,0.000000e+00,0.000000e+00,0.000000e+00,0.000000e+00,0.000000e+00,0.000000e+00,0.000000e+00,0.000000e+00
1.000000e+00,0.000000e+00,0.000000e+00,0.000000e+00,0.000000e+00,0.000000e+00,0.000000e+00,0.000000e+00,0.000000e+00,0.000000e+00,0.000000e+00,0.000000e+00,0.000000e+00,0.000000e+00,0.000000e+00
1.000000e+00,0.000000e+00,0.000000e+00,0.000000e+00,0.000000e+00,0.000000e+00,0.000000e+00,0.000000e+00,0.000000e+00,0.000000e+00,0.000000e+00,0.000000e+00,0.000000e+00,0.000000e+00,0.000000e+00
1.000000e+00,0.000000e+00,0.000000e+00,0.000000e+00,0.000000e+00,0.000000e+00,0.000000e+00,0.000000e+00,0.000000e+00,0.000000e+00,0.000000e+00,0.000000e+00,0.000000e+00,0.000000e+00,0.000000e+00
1.000000e+00,0.000000e+00,0.000000e+00,0.000000e+00,0.000000e+00,0.000000e+00,0.000000e+00,0.000000e+00,0.000000e+00,0.000000e+00,0.000000e+00,0.000000e+00,0.000000e+00,0.000000e+00,0.000000e+00
1.000000e+00,0.000000e+00,0.000000e+00,0.000000e+00,0.000000e+00,0.000000e+00,0.000000e+00,0.000000e+00,0.000000e+00,0.000000e+00,0.000000e+00,0.000000e+00,0.000000e+00,0.000000e+00,0.000000e+00
1.000000e+00,0.000000e+00,0.000000e+00,0.000000e+00,0.000000e+00,0.000000e+00,0.000000e+00,0.000000e+00,0.000000e+00,0.000000e+00,0.000000e+00,0.000000e+00,0.000000e+00,0.000000e+00,0.000000e+00
1.000000e+00,0.000000e+00,0.000000e+00,0.000000e+00,0.000000e+00,0.000000e+00,0.000000e+00,0.000000e+00,0.000000e+00,0.000000e+00,0.000000e+00,0.000000e+00,0.000000e+00,0.000000e+00,0.000000e+00
1.000000e+00,0.000000e+00,0.000000e+00,0.000000e+00,0.000000e+00,0.000000e+00,0.000000e+00,0.000000e+00,0.000000e+00,0.000000e+00,0.000000e+00,0.000000e+00,0.000000e+00,0.000000e+00,0.000000e+00
1.000000e+00,0.000000e+00,0.000000e+00,0.000000e+00,0.000000e+00,0.000000e+00,0.000000e+00,0.000000e+00,0.000000e+00,0.000000e+00,0.000000e+00,0.000000e+00,0.000000e+00,0.000000e+00,0.000000e+00
1.000000e+00,0.000000e+00,0.000000e+00,0.000000e+00,0.000000e+00,0.000000e+00,0.000000e+00,0.000000e+00,0.000000e+00,0.000000e+00,0.000000e+00,0.000000e+00,0.000000e+00,0.000000e+00,0.000000e+00
1.000000e+00,0.000000e+00,0.000000e+00,0.000000e+00,0.000000e+00,0.000000e+00,0.000000e+00,0.000000e+00,0.000000e+00,0.000000e+00,0.000000e+00,0.000000e+00,0.000000e+00,0.000000e+00,0.000000e+00
1.000000e+00,0.000000e+00,0.000000e+00,0.000000e+00,0.000000e+00,0.000000e+00,0.000000e+00,0.000000e+00,0.000000e+00,0.000000e+00,0.000000e+00,0.000000e+00,0.000000e+00,0.000000e+00,0.000000e+00
1.000000e+00,0.000000e+00,0.000000e+00,0.000000e+00,0.000000e+00,0.000000e+00,0.000000e+00,0.000000e+00,0.000000e+00,0.000000e+00,0.000000e+00,0.000000e+00,0.000000e+00,0.000000e+00,0.000000e+00
1.000000e+00,0.000000e+00,0.000000e+00,0.000000e+00,0.000000e+00,0.000000e+00,0.000000e+00,0.000000e+00,0.000000e+00,0.000000e+00,0.000000e+00,0.000000e+00,0.000000e+00,0.000000e+00,0.000000e+00
4.395680e-01,1.310720e-02,1.544036e-02,5.394389e-02,7.945648e-03,2.120952e-02,6.847675e-03,3.749229e-01,6.361632e-03,9.749500e-04,1.122998e-02,2.241393e-02,1.317299e-02,2.201245e-03,1.066008e-02
4.051720e-01,1.383444e-02,1.978717e-02,4.403444e-02,8.666009e-03,2.407329e-02,1.626194e-02,4.030510e-01,6.829920e-03,9.972122e-04,1.128392e-02,2.038839e-02,1.241193e-02,3.094694e-03,1.011364e-02
4.834252e-01,1.820125e-02,1.824060e-02,3.921168e-02,7.943232e-03,2.556696e-02,2.015457e-02,3.193325e-01,6.005243e-03,1.081821e-03,1.072830e-02,1.984387e-02,1.286185e-02,4.134314e-03,1.326857e-02
1.000000e+00,0.000000e+00,0.000000e+00,0.000000e+00,0.000000e+00,0.000000e+00,0.000000e+00,0.000000e+00,0.000000e+00,0.000000e+00,0.000000e+00,0.000000e+00,0.000000e+00,0.000000e+00,0.000000e+00
4.805682e-01,2.241702e-02,1.383050e-02,4.914729e-02,8.197643e-03,3.687798e-02,1.828244e-02,2.040481e-01,1.352706e-02,3.184144e-03,1.351693e-02,3.507219e-02,7.317950e-02,5.739156e-03,2.241179e-02
4.271445e-01,2.082523e-02,1.298534e-02,5.695695e-02,9.861324e-03,5.039931e-02,1.904434e-02,1.674006e-01,2.070400e-02,4.319148e-03,1.482078e-02,3.856716e-02,1.286742e-01,4.991023e-03,2.330601e-02
3.143328e-01,2.236384e-02,1.004675e-02,1.261136e-01,1.071807e-02,4.183818e-02,1.778366e-02,1.205909e-01,8.688414e-02,6.017438e-03,1.323377e-02,2.945244e-02,1.443212e-01,4.725100e-03,5.157807e-02
2.265272e-01,2.059823e-02,9.005609e-03,1.405648e-01,1.032592e-02,4.768592e-02,1.994020e-02,8.926225e-02,1.025625e-01,5.427074e-03,1.607643e-02,2.611471e-02,2.162479e-01,3.792945e-03,6.586833e-02
1.614973e-01,1.655217e-02,7.026514e-03,1.320098e-01,8.720936e-03,4.559661e-02,1.589706e-02,6.353034e-02,9.106082e-02,4.187076e-03,1.387612e-02,3.286223e-02,3.453512e-01,2.942621e-03,5.888929e-02
1.151048e-01,1.293075e-02,5.273365e-03,9.410727e-02,7.010194e-03,5.570476e-02,1.157008e-02,4.466486e-02,6.849152e-02,3.129923e-03,1.164912e-02,5.098663e-02,4.718052e-01,2.166637e-03,4.540485e-02
8.153331e-02,9.274509e-03,3.813589e-03,6.641343e-02,5.866241e-03,5.247146e-02,8.568759e-03,3.141228e-02,5.010756e-02,2.266721e-03,9.068935e-03,5.423390e-02,5.890006e-01,1.542242e-03,3.442652e-02
5.910075e-02,6.645103e-03,2.731531e-03,4.678243e-02,4.276567e-03,4.609586e-02,6.137914e-03,2.206197e-02,3.615048e-02,1.623084e-03,7.193636e-03,5.799484e-02,6.771773e-01,1.270870e-03,2.475773e-02
4.698056e-02,6.204048e-03,2.014570e-03,3.288493e-02,4.432391e-03,3.473445e-02,4.430220e-03,1.557429e-02,4.338025e-02,1.241558e-03,7.063788e-03,5.838919e-02,7.240273e-01,1.165100e-03,1.747742e-02
3.690237e-02,5.407577e-03,1.517191e-03,2.313661e-02,5.138432e-03,2.600324e-02,3.227636e-03,1.105401e-02,3.846883e-02,1.181474e-03,5.924609e-03,6.020438e-02,7.682791e-01,1.102423e-03,1.245214e-02
2.921322e-02,1.194005e-02,1.745735e-03,1.673884e-02,5.896023e-03,3.882856e-02,2.413980e-03,8.893266e-03,6.655168e-02,1.637731e-03,5.214805e-03,4.859862e-02,7.515689e-01,1.163754e-03,9.594824e-03
2.628529e-02,1.248222e-02,3.467227e-03,1.305019e-02,1.439417e-02,7.959221e-02,2.263381e-03,7.903330e-03,1.344735e-01,1.664454e-03,4.400600e-03,3.742633e-02,6.522961e-01,1.018919e-03,9.282075e-03
2.114703e-02,3.044714e-02,2.164470e-02,4.267795e-02,1.336707e-02,1.106136e-01,1.772073e-03,9.611539e-03,2.139478e-01,3.117048e-03,3.941122e-03,2.749610e-02,4.845589e-01,8.126711e-04,1.484524e-02
2.225693e-02,3.369953e-02,2.171832e-02,3.834940e-02,1.133857e-02,2.540305e-01,1.628637e-03,1.016871e-02,1.999209e-01,4.290454e-03,4.112145e-03,2.099535e-02,3.596893e-01,7.318799e-04,1.706934e-02
4.059877e-02,5.347624e-02,1.869791e-02,3.147870e-02,1.047247e-02,2.911987e-01,1.655926e-03,1.029543e-02,2.058132e-01,6.667216e-03,5.796719e-03,1.671602e-02,2.670602e-01,1.014649e-03,3.905781e-02
3.988862e-02,6.868087e-02,1.725049e-02,2.435824e-02,1.033449e-02,3.389035e-01,1.646464e-03,8.968269e-03,2.049282e-01,8.734822e-03,6.768075e-03,1.260019e-02,1.968360e-01,1.325377e-03,5.877645e-02
4.602224e-02,8.854554e-02,1.428843e-02,1.934204e-02,1.152772e-02,3.867628e-01,2.054936e-03,9.140149e-03,1.987738e-01,7.568457e-03,6.248991e-03,9.378733e-03,1.419183e-01,1.267789e-03,5.716007e-02
4.401578e-02,1.123003e-01,1.259956e-02,3.941126e-02,8.465497e-03,2.907946e-01,1.486043e-03,7.402355e-03,1.966281e-01,9.689647e-03,5.381774e-03,6.984790e-03,1.005134e-01,1.085070e-03,1.632418e-01
4.852038e-02,1.019363e-01,9.444406e-03,4.131509e-02,6.645013e-03,3.466812e-01,1.152016e-03,1.942643e-02,1.797125e-01,1.249386e-02,5.183626e-03,5.189565e-03,7.246358e-02,1.328076e-03,1.485080e-01
5.804587e-02,9.740821e-02,6.795739e-03,3.397540e-02,7.152928e-03,4.254780e-01,1.045105e-03,2.037844e-02,1.614199e-01,9.795678e-03,4.101222e-03,3.858292e-03,5.453910e-02,1.342398e-03,1.146637e-01
5.503207e-02,1.055386e-01,5.491683e-03,5.894407e-02,9.482734e-03,3.908571e-01,8.829280e-04,6.930615e-02,1.593280e-01,7.840970e-03,4.782800e-03,3.200856e-03,3.930870e-02,1.238977e-03,8.876445e-02
7.529229e-02,1.279531e-01,4.340219e-03,4.723664e-02,1.254248e-02,3.738283e-01,8.173889e-04,7.710651e-02,1.538222e-01,5.972520e-03,7.533443e-03,2.807861e-03,3.023535e-02,3.544290e-03,7.696752e-02
5.777078e-02,1.457429e-01,3.659355e-03,3.934393e-02,9.936745e-03,2.771605e-01,7.075332e-04,5.563994e-02,1.608483e-01,5.005330e-03,9.299763e-03,4.694520e-03,1.195225e-01,6.030490e-03,1.046374e-01
4.724522e-02,1.069586e-01,3.086415e-03,3.253235e-02,1.427118e-02,2.091156e-01,1.015007e-03,4.042675e-02,1.401797e-01,4.956629e-03,1.826052e-02,8.786880e-03,2.689691e-01,1.052114e-02,9.367491e-02
3.956100e-02,8.189577e-02,2.773811e-03,2.522418e-02,1.672845e-02,1.623568e-01,1.099869e-03,2.910018e-02,1.322891e-01,4.805616e-03,2.080534e-02,9.062246e-03,3.789763e-01,1.082352e-02,8.449775e-02
3.215549e-02,6.003138e-02,8.002344e-03,1.862311e-02,2.071482e-02,1.170445e-01,5.564152e-03,2.504721e-02,1.033114e-01,4.222127e-03,1.921636e-02,7.483686e-03,4.441600e-01,9.704274e-03,1.247191e-01
2.802286e-02,5.428760e-02,8.837036e-03,1.575182e-02,2.073367e-02,9.183723e-02,4.752736e-03,1.880015e-02,9.037236e-02,4.742211e-03,1.608349e-02,6.090490e-03,5.155509e-01,1.171085e-02,1.124266e-01
2.977141e-02,4.757598e-02,1.765346e-02,1.620185e-02,2.731225e-02,6.990574e-02,6.512599e-03,2.079719e-02,7.773984e-02,5.187514e-03,1.527621e-02,6.083393e-03,5.461932e-01,1.213626e-02,1.016531e-01
4.447762e-02,6.532045e-02,2.078969e-02,1.455018e-02,2.899019e-02,5.884531e-02,7.617403e-03,1.851498e-02,7.512996e-02,6.852165e-03,1.499636e-02,1.081482e-02,5.316216e-01,1.430190e-02,8.717744e-02
6.646869e-02,6.283047e-02,1.766654e-02,1.440712e-02,2.688634e-02,4.818979e-02,6.665586e-03,1.487799e-02,7.646279e-02,6.323496e-03,1.634343e-02,3.258254e-02,5.295843e-01,1.286271e-02,6.784825e-02
7.532311e-02,5.141575e-02,1.626640e-02,1.485794e-02,2.278813e-02,5.299845e-02,5.291533e-03,1.124227e-02,6.912486e-02,7.227316e-03,2.320219e-02,1.569530e-01,4.251916e-01,1.310871e-02,5.500875e-02
6.762310e-02,3.874438e-02,1.167900e-02,1.148937e-02,1.650952e-02,5.042042e-02,3.855030e-03,7.993328e-03,5.809390e-02,5.941161e-03,2.332757e-02,2.935277e-01,3.593553e-01,1.090748e-02,4.053275e-02
5.615589e-02,2.855886e-02,8.734202e-03,8.416207e-03,1.208786e-02,3.990126e-02,2.814231e-03,5.854389e-03,5.974158e-02,4.865739e-03,2.739676e-02,4.079942e-01,3.008248e-01,7.936600e-03,2.871755e-02
4.569998e-02,2.027500e-02,6.156099e-03,5.936145e-03,8.483108e-03,3.141581e-02,2.004166e-03,4.109087e-03,4.345878e-02,4.090739e-03,2.206554e-02,5.572531e-01,2.231684e-01,5.680575e-03,2.020342e-02
3.602142e-02,1.439163e-02,4.332022e-03,4.179325e-03,5.961409e-03,2.417088e-02,1.420329e-03,2.883012e-03,3.276151e-02,3.705683e-03,2.007635e-02,6.543869e-01,1.774328e-01,4.092687e-03,1.418407e-02
2.737718e-02,1.015745e-02,3.055471e-03,2.950480e-03,4.379105e-03,1.793402e-02,1.031056e-03,2.049811e-03,2.982372e-02,3.741586e-03,2.238039e-02,7.122077e-01,1.499617e-01,2.950301e-03,1.000003e-02
2.120595e-02,7.556140e-03,2.152351e-03,2.073138e-03,3.100035e-03,1.280303e-02,7.397964e-04,1.448792e-03,2.461343e-02,7.228206e-03,2.000410e-02,7.404187e-01,1.474672e-01,2.119575e-03,7.069576e-03
1.833784e-02,8.279443e-03,1.674965e-03,1.466385e-03,2.231834e-03,9.314859e-03,5.461379e-04,1.074708e-03,2.450471e-02,1.192869e-02,1.628698e-02,7.672260e-01,1.305786e-01,1.564065e-03,4.984771e-03
1.441657e-02,6.091830e-03,1.187645e-03,1.031979e-03,1.591495e-03,6.826034e-03,3.915555e-04,8.479846e-04,2.472954e-02,9.788681e-03,1.221707e-02,8.188058e-01,9.745640e-02,1.122586e-03,3.494833e-03
1.104696e-02,8.119781e-03,1.019997e-03,7.270706e-04,1.173961e-03,5.011135e-03,2.795142e-04,6.843164e-04,3.580055e-02,1.028576e-02,9.240843e-03,8.401425e-01,7.320209e-02,7.964573e-04,2.469051e-03
8.067582e-03,5.883308e-03,7.465251e-04,5.118512e-04,8.991775e-04,3.768956e-03,1.978847e-04,6.273429e-04,3.336699e-02,8.411509e-03,6.998593e-03,8.761054e-01,5.211433e-02,5.671656e-04,1.733409e-03
7.631124e-03,4.531153e-03,5.517421e-04,3.681894e-04,7.438689e-04,3.010022e-03,1.495343e-04,6.655308e-04,4.331024e-02,8.913789e-03,5.753646e-03,8.847390e-01,3.799155e-02,4.106025e-04,1.230003e-03
5.675528e-03,3.306008e-03,5.298224e-04,2.838654e-04,5.971593e-03,2.256012e-03,1.594636e-04,7.917756e-04,1.066303e-01,7.613965e-03,4.658318e-03,8.328924e-01,2.806608e-02,2.962315e-04,8.686871e-04
4.172812e-03,2.749827e-03,7.063141e-04,2.131095e-04,7.981488e-03,1.663812e-03,2.365147e-04,9.714486e-04,1.254770e-01,8.203943e-03,4.431400e-03,8.213385e-01,2.097612e-02,2.566099e-04,6.211943e-04
3.048152e-03,2.668977e-03,6.960342e-04,1.688020e-04,7.715301e-03,1.254592e-03,2.265927e-04,1.473160e-03,1.992116e-01,7.155648e-03,3.751890e-03,7.558667e-01,1.611629e-02,2.015610e-04,4.447255e-04
2.494875e-03,2.549790e-03,7.381146e-04,1.456026e-04,1.337276e-02,1.023209e-03,3.750089e-04,2.260407e-03,3.992081e-01,1.010513e-02,3.284761e-03,5.515066e-01,1.246094e-02,1.507006e-04,3.239581e-04
2.363512e-03,2.200269e-03,7.250328e-04,1.525578e-04,2.097043e-02,1.072257e-03,5.639272e-04,3.067323e-03,5.389999e-01,2.148171e-02,3.024252e-03,3.954579e-01,9.567865e-03,1.123863e-04,2.406693e-04
2.105362e-03,2.050708e-03,6.279505e-04,1.422046e-04,2.716066e-02,9.367911e-04,5.086500e-04,3.859393e-03,6.467909e-01,2.674916e-02,2.382495e-03,2.793365e-01,7.080689e-03,8.356167e-05,1.849621e-04
1.652970e-03,1.714199e-03,4.448684e-04,1.300809e-04,2.238481e-02,6.939595e-04,3.609298e-04,2.832555e-03,7.482896e-01,1.899717e-02,1.697136e-03,1.956353e-01,4.969474e-03,5.913538e-05,1.378277e-04
1.454481e-03,1.523446e-03,3.171053e-04,1.332413e-04,2.315011e-02,5.305522e-04,2.616347e-04,2.332023e-03,8.148315e-01,1.362071e-02,1.203199e-03,1.370062e-01,3.484844e-03,4.200769e-05,1.088647e-04
2.232867e-03,1.411975e-03,2.375150e-04,7.495358e-04,3.468169e-02,6.020170e-04,2.174033e-04,7.402659e-03,8.431420e-01,9.744533e-03,9.162895e-04,9.605853e-02,2.464261e-03,3.216468e-05,1.065475e-04
3.112590e-03,1.707003e-03,1.726995e-04,1.057321e-03,4.327554e-02,5.951151e-04,1.815931e-04,7.772361e-03,8.649170e-01,7.043106e-03,7.378465e-04,6.749937e-02,1.754094e-03,2.853212e-05,1.458716e-04
4.023694e-03,1.389194e-03,1.335626e-04,1.990570e-03,6.788355e-02,7.865419e-04,2.030286e-04,5.400514e-02,8.148212e-01,5.022437e-03,6.231821e-04,4.764798e-02,1.313852e-03,2.472757e-05,1.313306e-04
5.910824e-03,1.284269e-03,1.275415e-04,2.495340e-03,8.460990e-02,2.030595e-03,2.538640e-04,1.021800e-01,7.620471e-01,3.572441e-03,5.785131e-04,3.369801e-02,1.012044e-03,3.802225e-05,1.615488e-04
9.699351e-03,1.500326e-03,1.892861e-04,3.489630e-03,1.155783e-01,3.498805e-03,3.577955e-04,1.071172e-01,7.300651e-01,2.609483e-03,5.666508e-04,2.414359e-02,8.998518e-04,5.041637e-05,2.341246e-04
2.087133e-02,1.035015e-02,2.613822e-03,1.259182e-02,1.137276e-01,1.673919e-02,4.828517e-04,8.123254e-02,6.507148e-01,1.047935e-02,1.577216e-02,3.197363e-02,5.358328e-03,8.749281e-04,2.621750e-02
2.614316e-02,2.815406e-02,2.555923e-03,3.161073e-02,1.072151e-01,1.662992e-02,7.162202e-04,6.976052e-02,5.969368e-01,1.190107e-02,1.916904e-02,3.243913e-02,1.329779e-02,1.138968e-03,4.233158e-02
2.246524e-02,2.760812e-02,6.944488e-03,1.410219e-01,7.949291e-02,1.467633e-02,5.647378e-04,5.467160e-02,4.975822e-01,2.186249e-02,2.940471e-02,2.765182e-02,2.143212e-02,9.873756e-04,5.363400e-02
1.802700e-02,2.630100e-02,6.736034e-03,1.823071e-01,5.807691e-02,1.134563e-02,4.294482e-04,3.923814e-02,4.015902e-01,1.849498e-02,1.407254e-01,2.078091e-02,2.441536e-02,4.241426e-03,4.729044e-02
1.325341e-02,2.292608e-02,6.735782e-03,1.490954e-01,4.372992e-02,8.973313e-03,3.149854e-04,2.825572e-02,3.181698e-01,1.800980e-02,2.762839e-01,1.767927e-02,3.589141e-02,1.333541e-02,4.734574e-02
9.756389e-03,2.006947e-02,6.396994e-03,1.361914e-01,3.100624e-02,6.977711e-03,2.403811e-04,2.025536e-02,4.410626e-01,1.818171e-02,2.187863e-01,1.362507e-02,2.786225e-02,1.171394e-02,3.787412e-02
8.492353e-03,2.433163e-02,5.260041e-03,1.062187e-01,2.294313e-02,7.593489e-03,2.267862e-04,1.452532e-02,4.760141e-01,1.557704e-02,2.040702e-01,1.155873e-02,2.284536e-02,3.082436e-02,4.951868e-02
7.671001e-03,2.590089e-02,4.379155e-03,7.804954e-02,1.644336e-02,8.922097e-03,2.087894e-04,1.028770e-02,5.095344e-01,1.337442e-02,1.754658e-01,1.074364e-02,2.048348e-02,3.540404e-02,8.313167e-02
1.074092e-02,2.501525e-02,3.760861e-03,5.602044e-02,1.338000e-02,1.251799e-02,4.036330e-04,7.896175e-03,4.823927e-01,1.166759e-02,1.547598e-01,9.474536e-03,1.832589e-02,5.618851e-02,1.374556e-01
1.203566e-02,2.417409e-02,3.807792e-03,3.975339e-02,2.573514e-02,1.076338e-02,4.114610e-04,5.747053e-03,4.508131e-01,9.015021e-03,1.415991e-01,8.077539e-03,1.787244e-02,9.206573e-02,1.581291e-01
1.793801e-02,2.884981e-02,1.024490e-02,3.143034e-02,2.551851e-02,9.879980e-03,4.548108e-04,4.843125e-03,5.200748e-01,8.140846e-03,1.016659e-01,6.397806e-03,1.413777e-02,7.814218e-02,1.422811e-01
2.286462e-02,7.219409e-02,8.203551e-03,2.339109e-02,2.499215e-02,9.375019e-03,6.661006e-04,3.763122e-03,4.752873e-01,7.107209e-03,7.517327e-02,5.148822e-03,1.311965e-02,8.122136e-02,1.774926e-01
2.133759e-02,8.985170e-02,6.937807e-03,1.963060e-02,1.767169e-02,8.594222e-03,5.262184e-04,2.797715e-03,5.560715e-01,5.870878e-03,5.727919e-02,4.188699e-03,1.041256e-02,6.563247e-02,1.331971e-01
1.684368e-02,6.406512e-02,5.069225e-03,1.603924e-02,1.262694e-02,8.182644e-03,4.404709e-04,2.050994e-03,4.833114e-01,5.922854e-03,1.325282e-01,1.409867e-02,8.483269e-02,4.933550e-02,1.046524e-01
1.284522e-02,4.593785e-02,4.073867e-03,1.381537e-02,9.337245e-03,6.960788e-03,4.114886e-04,1.642999e-03,3.764936e-01,6.366367e-03,2.017294e-01,2.574097e-02,1.571315e-01,3.722579e-02,1.002874e-01
1.072718e-02,3.440682e-02,4.558393e-03,1.066916e-02,2.396660e-02,6.933240e-03,9.135888e-04,2.570184e-03,2.782213e-01,7.648777e-03,1.772916e-01,2.987877e-02,2.802930e-01,2.839286e-02,1.035285e-01
1.231834e-02,2.818936e-02,1.486306e-02,9.037859e-03,4.474764e-02,8.545996e-03,1.673149e-03,2.777254e-03,2.073472e-01,7.838190e-02,1.492399e-01,3.037234e-02,3.061751e-01,2.145853e-02,8.487232e-02
1.438361e-02,2.386556e-02,1.491214e-02,7.448847e-03,4.260109e-02,2.441631e-02,1.329984e-02,2.271790e-02,1.739108e-01,8.740337e-02,1.231726e-01,3.494889e-02,2.990007e-01,1.811472e-02,9.980363e-02
1.345565e-02,1.776498e-02,3.089656e-02,7.550067e-03,8.229472e-02,2.336155e-02,9.269252e-02,5.456257e-02,1.355025e-01,7.620145e-02,9.732333e-02,2.762032e-02,2.325095e-01,1.337414e-02,9.489003e-02
1.388161e-02,1.461259e-02,5.661672e-02,7.259330e-03,7.083705e-02,2.437969e-02,1.630210e-01,8.180329e-02,1.006662e-01,7.348615e-02,7.289262e-02,2.264807e-02,1.985971e-01,1.037917e-02,8.891925e-02
2.025221e-02,1.319507e-02,6.507812e-02,1.189895e-02,6.314553e-02,4.659345e-02,2.126926e-01,1.173790e-01,7.446512e-02,5.703940e-02,6.466994e-02,2.088038e-02,1.520555e-01,7.763478e-03,7.289125e-02
1.680439e-02,9.600976e-03,4.846795e-02,9.365680e-03,4.926642e-02,3.420734e-02,3.335833e-01,1.719341e-01,5.277151e-02,4.147894e-02,4.690848e-02,1.498108e-02,1.095496e-01,5.690945e-03,5.538929e-02
1.288079e-02,7.029744e-03,3.498772e-02,6.809722e-03,3.672172e-02,2.519720e-02,4.344633e-01,2.089003e-01,3.749911e-02,3.008000e-02,3.359494e-02,1.057412e-02,7.793272e-02,4.046356e-03,3.928221e-02
1.303845e-02,5.015150e-03,2.502590e-02,4.908559e-03,2.621136e-02,1.959080e-02,5.682473e-01,1.708946e-01,2.651290e-02,2.124756e-02,2.366363e-02,7.649556e-03,5.752376e-02,2.850652e-03,2.761974e-02
1.487764e-02,3.620587e-03,1.834353e-02,3.589445e-03,1.870995e-02,1.516840e-02,6.685516e-01,1.365629e-01,1.918592e-02,1.500314e-02,1.695044e-02,5.738843e-03,4.219094e-02,2.009772e-03,1.949693e-02
1.876261e-02,2.742817e-03,1.333667e-02,2.787335e-03,1.348894e-02,1.256549e-02,7.384392e-01,1.086318e-01,1.422461e-02,1.058719e-02,1.207061e-02,4.915584e-03,3.211286e-02,1.442214e-03,1.389206e-02
2.375498e-02,2.243146e-03,9.897504e-03,2.150176e-03,9.913357e-03,1.069310e-02,7.876050e-01,8.621571e-02,1.142011e-02,7.559469e-03,9.043751e-03,4.136847e-03,2.386998e-02,1.055016e-03,1.044182e-02
3.709864e-02,2.368142e-03,7.549018e-03,1.709097e-03,8.120723e-03,8.828499e-03,8.095012e-01,7.166677e-02,9.820359e-03,5.398660e-03,6.965786e-03,3.352224e-03,1.876345e-02,8.010993e-04,8.056381e-03
4.423141e-02,2.343543e-03,6.091883e-03,1.508452e-03,6.581949e-03,7.184701e-03,8.309872e-01,5.818306e-02,9.199955e-03,3.889808e-03,5.341561e-03,3.338788e-03,1.451211e-02,6.290319e-04,5.976567e-03
6.268156e-02,2.948459e-03,6.190960e-03,1.783097e-03,6.420427e-03,7.160615e-03,8.187189e-01,5.413056e-02,1.035707e-02,2.923063e-03,4.352345e-03,4.975881e-03,1.202315e-02,5.687146e-04,4.765241e-03
8.593717e-02,3.562741e-03,8.477321e-03,2.141849e-03,7.368443e-03,7.789452e-03,7.550483e-01,9.079601e-02,1.068922e-02,2.295573e-03,4.014357e-03,5.672096e-03,1.157484e-02,5.742346e-04,4.058399e-03
8.790124e-02,3.299880e-03,8.120997e-03,2.204437e-03,7.783396e-03,7.762676e-03,6.999880e-01,1.450963e-01,1.003066e-02,1.830384e-03,3.530239e-03,5.088375e-03,1.344257e-02,4.811989e-04,3.439709e-03
7.592009e-02,3.159264e-03,1.018940e-02,2.927254e-03,8.732900e-03,1.191148e-02,6.029406e-01,1.918030e-01,9.050392e-03,8.528437e-03,1.797106e-02,9.514276e-03,3.306860e-02,1.875274e-03,1.240794e-02
7.030696e-02,3.185174e-03,7.920222e-03,4.623869e-03,8.019574e-03,1.882148e-02,4.466035e-01,1.996101e-01,9.808017e-03,8.809151e-03,5.319655e-02,2.979530e-02,1.168327e-01,3.001105e-03,1.946638e-02
5.604756e-02,6.316130e-03,6.057238e-03,1.158978e-02,7.643301e-03,1.573884e-02,3.212312e-01,1.558417e-01,8.518214e-02,8.414887e-03,5.297700e-02,5.360789e-02,1.979574e-01,3.255302e-03,1.813970e-02
4.325422e-02,4.850294e-03,4.450012e-03,1.108623e-02,6.009175e-03,1.359253e-02,2.328571e-01,1.201527e-01,1.140443e-01,6.198194e-03,5.610036e-02,8.071460e-02,2.884450e-01,4.706705e-03,1.353863e-02
3.143924e-02,3.499306e-03,3.235657e-03,8.570161e-03,5.148162e-03,1.006188e-02,1.635094e-01,8.573836e-02,9.900147e-02,4.438141e-03,5.632542e-02,7.900223e-02,4.359567e-01,4.185125e-03,9.888738e-03
2.550652e-02,2.602724e-03,2.360662e-03,6.764670e-03,5.580254e-03,7.543778e-03,1.146231e-01,6.034640e-02,9.099627e-02,3.654737e-03,7.669529e-02,1.149803e-01,4.756904e-01,4.156363e-03,8.498598e-03
1.868823e-02,1.892235e-03,1.753900e-03,7.948292e-03,8.504127e-03,6.004482e-03,8.027343e-02,4.475927e-02,8.576534e-02,3.276895e-03,9.439561e-02,1.295886e-01,5.055424e-01,4.963626e-03,6.643594e-03
1.373829e-02,1.488517e-03,1.812726e-03,1.331556e-02,1.547345e-02,4.507671e-03,5.622344e-02,3.420128e-02,1.096780e-01,3.062922e-03,1.183308e-01,1.203246e-01,4.981333e-01,4.209800e-03,5.499636e-03
1.054549e-02,1.176959e-03,1.101163e-02,1.556569e-02,2.172612e-02,3.212712e-03,3.939411e-02,1.005245e-01,1.044867e-01,2.307845e-03,1.429559e-01,9.629880e-02,4.434416e-01,3.057943e-03,4.294092e-03
1.648739e-02,1.473813e-03,1.013722e-01,4.891320e-02,5.181531e-02,2.485109e-03,2.782458e-02,9.908931e-02,1.310637e-01,1.722983e-03,1.240354e-01,7.064216e-02,3.177285e-01,2.196404e-03,3.149990e-03
1.773943e-02,1.971384e-03,1.439436e-01,5.195786e-02,8.442731e-02,2.067611e-03,1.953847e-02,7.805690e-02,2.304116e-01,1.287819e-03,9.189852e-02,4.978644e-02,2.230780e-01,1.557388e-03,2.277625e-03
2.694208e-02,5.338499e-03,1.475384e-01,1.052047e-01,9.880911e-02,2.136033e-03,1.379339e-02,7.917175e-02,2.581960e-01,1.099446e-03,6.685412e-02,3.524356e-02,1.568062e-01,1.125176e-03,1.741538e-03
3.237725e-02,8.527234e-03,1.203789e-01,1.871390e-01,8.971579e-02,2.990392e-03,9.846191e-03,8.126194e-02,2.780626e-01,1.270821e-03,4.980987e-02,2.541045e-02,1.108617e-01,8.540926e-04,1.493835e-03
2.964376e-02,9.085750e-03,8.720804e-02,2.751779e-01,6.833080e-02,3.863696e-03,6.920668e-03,5.742903e-02,2.109878e-01,1.775956e-03,1.430342e-01,2.081069e-02,8.308250e-02,9.994396e-04,1.649805e-03
2.088093e-02,7.406126e-03,6.495622e-02,4.383103e-01,5.408677e-02,2.753161e-03,4.860538e-03,4.029382e-02,1.675185e-01,1.318223e-03,1.197869e-01,1.744051e-02,5.842489e-02,7.536306e-04,1.209527e-03
1.517682e-02,5.248975e-03,4.570887e-02,4.268430e-01,3.988979e-02,2.213296e-03,3.414638e-03,2.852081e-02,1.193180e-01,1.183593e-03,1.998674e-01,6.882989e-02,4.152319e-02,1.369001e-03,8.927643e-04
1.427322e-02,3.770099e-03,3.204599e-02,3.140406e-01,3.775771e-02,2.203390e-03,2.410288e-03,2.008958e-02,8.554864e-02,2.474390e-03,2.340939e-01,2.102671e-01,3.167360e-02,8.687798e-03,6.636530e-04
1.132826e-02,2.707265e-03,2.249205e-02,2.254677e-01,3.115257e-02,2.702086e-03,1.710554e-03,1.419757e-02,6.102945e-02,2.010508e-03,3.025385e-01,2.904868e-01,2.332712e-02,8.350222e-03,4.993385e-04
9.994810e-03,2.007087e-03,1.591582e-02,1.598967e-01,4.679110e-02,4.537378e-03,1.236006e-03,1.001162e-02,4.301560e-02,1.916086e-03,3.668224e-01,3.097803e-01,1.703274e-02,1.058592e-02,4.563658e-04
8.574517e-03,1.470780e-03,1.118284e-02,1.130621e-01,4.624363e-02,7.144724e-03,9.048405e-04,7.074555e-03,3.062156e-02,1.830713e-03,4.203495e-01,3.293770e-01,1.262616e-02,9.175038e-03,3.619504e-04
6.347968e-03,1.091992e-03,7.894991e-03,7.954355e-02,3.566151e-02,1.013059e-02,6.558073e-04,5.013188e-03,2.224892e-02,1.492341e-03,4.964026e-01,3.159302e-01,9.816062e-03,7.467880e-03,3.024543e-04
6.082972e-03,1.146432e-03,5.803917e-03,5.627865e-02,3.384798e-02,2.547004e-02,5.503115e-04,3.614398e-03,1.709899e-02,1.673171e-03,4.548433e-01,3.789504e-01,7.808014e-03,6.178898e-03,6.525783e-04
6.255884e-03,1.395161e-03,6.333749e-03,4.031489e-02,3.253898e-02,2.065997e-02,4.410744e-04,3.178005e-03,1.274088e-02,2.451143e-03,5.024518e-01,3.591515e-01,5.903565e-03,5.546359e-03,6.370927e-04
5.527885e-03,1.341901e-03,5.080501e-03,2.861024e-02,2.890020e-02,1.806968e-02,3.375183e-04,2.610816e-03,9.515302e-03,3.220126e-03,5.286542e-01,3.560075e-01,4.619369e-03,6.951918e-03,5.529478e-04
4.654511e-03,1.084648e-03,3.688058e-03,2.017698e-02,2.167759e-02,1.479912e-02,2.468691e-04,1.894789e-03,6.900884e-03,3.174288e-03,4.317608e-01,4.791192e-01,3.561106e-03,6.813834e-03,4.474382e-04
5.991173e-03,2.767967e-03,1.151799e-02,1.431614e-02,1.778908e-02,1.119207e-02,2.279667e-04,3.205700e-03,5.288675e-03,8.885698e-03,3.789291e-01,5.277910e-01,3.258582e-03,8.406037e-03,4.328899e-04
5.511368e-03,2.896030e-03,9.689983e-03,1.012366e-02,1.398726e-02,8.710320e-03,2.307344e-04,3.505517e-03,4.023904e-03,7.596910e-03,3.295340e-01,5.932784e-01,3.027537e-03,7.530980e-03,3.534024e-04
5.011759e-03,2.847105e-03,8.374336e-03,7.184712e-03,1.046296e-02,6.521768e-03,1.919485e-04,3.196234e-03,3.067531e-03,6.206445e-03,2.705132e-01,6.673400e-01,2.500860e-03,6.300785e-03,2.802968e-04
5.528657e-03,1.300209e-02,1.188120e-02,5.707117e-03,2.428269e-02,6.975043e-03,3.054453e-04,6.232335e-03,2.783200e-03,4.929926e-03,2.221691e-01,6.884650e-01,2.258459e-03,5.255682e-03,2.240633e-04
1.091837e-02,7.250716e-02,2.953673e-02,4.706897e-03,4.908851e-02,1.086690e-02,7.162851e-04,1.268159e-02,2.722243e-03,5.855577e-03,1.821595e-01,6.099337e-01,2.297400e-03,5.741371e-03,2.677557e-04
1.086033e-02,7.986186e-02,6.834471e-02,7.537493e-03,4.006321e-02,1.149158e-02,9.614602e-04,3.553756e-02,3.340044e-03,6.090243e-03,1.715670e-01,5.562122e-01,1.802142e-03,6.063428e-03,2.667957e-04
1.128770e-02,6.365735e-02,1.412053e-01,1.378107e-02,3.089646e-02,1.060491e-02,1.656053e-03,7.985983e-02,3.367657e-03,5.504140e-03,1.616309e-01,4.701254e-01,1.516206e-03,4.695569e-03,2.115128e-04
1.482637e-02,5.485993e-02,1.446334e-01,1.670099e-02,2.456501e-02,9.844620e-03,1.436063e-03,7.747054e-02,3.426258e-03,4.658551e-03,1.960145e-01,4.455816e-01,1.253484e-03,4.546218e-03,1.825146e-04
1.316223e-02,5.262211e-02,1.249232e-01,1.852307e-02,2.120997e-02,7.772577e-03,1.122532e-03,6.239446e-02,1.234100e-02,3.885356e-03,3.340956e-01,3.418085e-01,9.351696e-04,4.987216e-03,2.171227e-04
1.377536e-02,3.981186e-02,1.662031e-01,2.484216e-02,1.897774e-02,5.785961e-03,9.921371e-04,8.162870e-02,2.055038e-02,3.304162e-03,3.260112e-01,2.920660e-01,7.433821e-04,5.088685e-03,2.191928e-04
1.607546e-02,3.052190e-02,1.724774e-01,3.645180e-02,3.792424e-02,6.297552e-03,1.560887e-03,1.379974e-01,2.038448e-02,3.028688e-03,2.943823e-01,2.375530e-01,5.818469e-04,4.553690e-03,2.094706e-04
1.659225e-02,2.586625e-02,1.404834e-01,5.151075e-02,1.254813e-01,1.386684e-02,3.020372e-03,1.159661e-01,1.963827e-02,3.844494e-03,3.065891e-01,1.722847e-01,4.429753e-04,4.185828e-03,2.274411e-04
2.521191e-02,2.381688e-02,1.155535e-01,4.917622e-02,1.583875e-01,1.390650e-02,2.806219e-03,1.196375e-01,2.575627e-02,6.256941e-03,3.264029e-01,1.259814e-01,3.704338e-04,5.795260e-03,9.405587e-04
2.937297e-02,1.868927e-02,9.284732e-02,5.742835e-02,1.746822e-01,1.518957e-02,2.178505e-03,9.460972e-02,3.425311e-02,5.680931e-03,3.761478e-01,9.200516e-02,3.240847e-04,5.661519e-03,9.294882e-04
3.556878e-02,1.622367e-02,7.185601e-02,5.923303e-02,2.662799e-01,1.989734e-02,1.665673e-03,7.398578e-02,3.288652e-02,5.397804e-03,3.430995e-01,6.761115e-02,2.986724e-04,5.055213e-03,9.409838e-04
4.783565e-02,1.249466e-02,5.332835e-02,6.079275e-02,3.496248e-01,2.283028e-02,1.296183e-03,5.606112e-02,3.648976e-02,7.288733e-03,2.960556e-01,4.908612e-02,2.877475e-04,5.564196e-03,9.641245e-04
7.880852e-02,1.063213e-02,4.392774e-02,9.717700e-02,3.041801e-01,2.289281e-02,1.173297e-03,4.173429e-02,4.207961e-02,8.820964e-03,3.012962e-01,3.870989e-02,5.780004e-04,6.735982e-03,1.253449e-03
9.212629e-02,9.229987e-03,3.638013e-02,1.202236e-01,2.802899e-01,1.945960e-02,1.177916e-03,4.013667e-02,4.543003e-02,7.336851e-03,3.020369e-01,3.328795e-02,9.612276e-04,1.020953e-02,1.713402e-03
1.209372e-01,8.692520e-03,3.079018e-02,1.266022e-01,2.430127e-01,2.012764e-02,1.406901e-03,3.644440e-02,4.843743e-02,8.802654e-03,3.088344e-01,3.085375e-02,1.353668e-03,1.071919e-02,2.985294e-03
1.636549e-01,8.822273e-03,2.800729e-02,1.270729e-01,1.994127e-01,2.534642e-02,1.480205e-03,3.092221e-02,6.415828e-02,9.663573e-03,2.884410e-01,3.305383e-02,1.689076e-03,1.390585e-02,4.369590e-03
2.444545e-01,8.270114e-03,2.571352e-02,1.238691e-01,1.556312e-01,2.639386e-02,1.573685e-03,2.551252e-02,8.145475e-02,1.006245e-02,2.412629e-01,2.964780e-02,1.754352e-03,1.761323e-02,6.786136e-03
3.380334e-01,8.941662e-03,2.427742e-02,9.390683e-02,1.131373e-01,2.274319e-02,1.737154e-03,1.946259e-02,1.044280e-01,1.241514e-02,1.938591e-01,2.802679e-02,1.906601e-03,2.853120e-02,8.593643e-03
4.240221e-01,1.076081e-02,2.441305e-02,7.574419e-02,8.674314e-02,1.864392e-02,2.762088e-03,1.843883e-02,1.045747e-01,1.301364e-02,1.461202e-01,3.001034e-02,3.293905e-03,3.138700e-02,1.007212e-02
1.000000e+00,0.000000e+00,0.000000e+00,0.000000e+00,0.000000e+00,0.000000e+00,0.000000e+00,0.000000e+00,0.000000e+00,0.000000e+00,0.000000e+00,0.000000e+00,0.000000e+00,0.000000e+00,0.000000e+00
1.000000e+00,0.000000e+00,0.000000e+00,0.000000e+00,0.000000e+00,0.000000e+00,0.000000e+00,0.000000e+00,0.000000e+00,0.000000e+00,0.000000e+00,0.000000e+00,0.000000e+00,0.000000e+00,0.000000e+00
1.000000e+00,0.000000e+00,0.000000e+00,0.000000e+00,0.000000e+00,0.000000e+00,0.000000e+00,0.000000e+00,0.000000e+00,0.000000e+00,0.000000e+00,0.000000e+00,0.000000e+00,0.000000e+00,0.000000e+00
1.000000e+00,0.000000e+00,0.000000e+00,0.000000e+00,0.000000e+00,0.000000e+00,0.000000e+00,0.000000e+00,0.000000e+00,0.000000e+00,0.000000e+00,0.000000e+00,0.000000e+00,0.000000e+00,0.000000e+00
1.000000e+00,0.000000e+00,0.000000e+00,0.000000e+00,0.000000e+00,0.000000e+00,0.000000e+00,0.000000e+00,0.000000e+00,0.000000e+00,0.000000e+00,0.000000e+00,0.000000e+00,0.000000e+00,0.000000e+00
1.000000e+00,0.000000e+00,0.000000e+00,0.000000e+00,0.000000e+00,0.000000e+00,0.000000e+00,0.000000e+00,0.000000e+00,0.000000e+00,0.000000e+00,0.000000e+00,0.000000e+00,0.000000e+00,0.000000e+00
1.000000e+00,0.000000e+00,0.000000e+00,0.000000e+00,0.000000e+00,0.000000e+00,0.000000e+00,0.000000e+00,0.000000e+00,0.000000e+00,0.000000e+00,0.000000e+00,0.000000e+00,0.000000e+00,0.000000e+00
1.000000e+00,0.000000e+00,0.000000e+00,0.000000e+00,0.000000e+00,0.000000e+00,0.000000e+00,0.000000e+00,0.000000e+00,0.000000e+00,0.000000e+00,0.000000e+00,0.000000e+00,0.000000e+00,0.000000e+00
4.161769e-01,6.511158e-02,3.049961e-02,3.679679e-02,1.276009e-02,1.475340e-01,1.758370e-03,1.472958e-02,1.966012e-02,2.158379e-02,1.558174e-01,3.009610e-02,3.332845e-03,3.164405e-02,1.249878e-02
2.939642e-01,5.764501e-02,2.775174e-02,3.045229e-02,9.056474e-03,1.201677e-01,1.283850e-03,1.075952e-02,4.477846e-02,1.616362e-02,3.050524e-01,2.492978e-02,2.529205e-03,3.920623e-02,1.625954e-02
2.074715e-01,4.148697e-02,2.013794e-02,2.190753e-02,6.409235e-03,8.770683e-02,9.760507e-04,7.751922e-03,3.728219e-02,1.226578e-02,4.412624e-01,3.310678e-02,1.981372e-03,6.774063e-02,1.251279e-02
1.457857e-01,2.929130e-02,1.416426e-02,1.584682e-02,4.546790e-03,6.203682e-02,7.157679e-04,5.511670e-03,3.056921e-02,9.566398e-03,5.736030e-01,3.744391e-02,1.483861e-03,6.034256e-02,9.091804e-03
1.041550e-01,2.144048e-02,1.021950e-02,1.201739e-02,4.067576e-03,4.526474e-02,6.727691e-04,4.284742e-03,2.431808e-02,1.041468e-02,6.056950e-01,3.707247e-02,1.434716e-03,1.114479e-01,7.494960e-03
7.661368e-02,1.583364e-02,7.497761e-03,9.259272e-03,4.952216e-03,3.271014e-02,6.015733e-04,3.469718e-03,2.314126e-02,1.531533e-02,6.339532e-01,3.882923e-02,1.534173e-03,1.305268e-01,5.762009e-03
6.254280e-02,1.176659e-02,5.701580e-03,6.991784e-03,4.087802e-03,2.353474e-02,5.891923e-04,2.734154e-03,1.886523e-02,1.803675e-02,6.424705e-01,3.914657e-02,1.518860e-03,1.577244e-01,4.288958e-03
4.878528e-02,8.913551e-03,7.537246e-03,6.223046e-03,6.214606e-03,3.479333e-02,7.633661e-04,3.242902e-03,1.594412e-02,1.428482e-02,6.411428e-01,4.376422e-02,2.152569e-03,1.627475e-01,3.490574e-03
3.554530e-02,6.536607e-03,5.395445e-03,7.032377e-03,3.177192e-02,2.752092e-02,5.744204e-04,2.463465e-03,1.512677e-02,1.059831e-02,5.287353e-01,4.782958e-02,3.517919e-03,2.739250e-01,3.426628e-03
