1.000000e+00,0.000000e+00,0.000000e+00,0.000000e+00,0.000000e+00,0.000000e+00,0.000000e+00,0.000000e+00,0.000000e+00,0.000000e+00,0.000000e+00,0.000000e+00,0.000000e+00,0.000000e+00,0.000000e+00
1.000000e+00,0.000000e+00,0.000000e+00,0.000000e+00,0.000000e+00,0.000000e+00,0.000000e+00,0.000000e+00,0.000000e+00,0.000000e+00,0.000000e+00,0.000000e+00,0.000000e+00,0.000000e+00,0.000000e+00
1.000000e+00,0.000000e+00,0.000000e+00,0.000000e+00,0.000000e+00,0.000000e+00,0.000000e+00,0.000000e+00,0.000000e+00,0.000000e+00,0.000000e+00,0.000000e+00,0.000000e+00,0.000000e+00,0.000000e+00
1.000000e+00,0.000000e+00,0.000000e+00,0.000000e+00,0.000000e+00,0.000000e+00,0.000000e+00,0.000000e+00,0.000000e+00,0.000000e+00,0.000000e+00,0.000000e+00,0.000000e+00,0.000000e+00,0.000000e+00
1.000000e+00,0.000000e+00,0.000000e+00,0.000000e+00,0.000000e+00,0.000000e+00,0.000000e+00,0.000000e+00,0.000000e+00,0.000000e+00,0.000000e+00,0.000000e+00,0.000000e+00,0.000000e+00,0.000000e+00
1.000000e+00,0.000000e+00,0.000000e+00,0.000000e+00,0.000000e+00,0.000000e+00,0.000000e+00,0.000000e+00,0.000000e+00,0.000000e+00,0.000000e+00,0.000000e+00,0.000000e+00,0.000000e+00,0.000000e+00
1.000000e+00,0.000000e+00,0.000000e+00,0.000000e+00,0.000000e+00,0.000000e+00,0.000000e+00,0.000000e+00,0.000000e+00,0.000000e+00,0.000000e+00,0.000000e+00,0.000000e+00,0.000000e+00,0.000000e+00
1.000000e+00,0.000000e+00,0.000000e+00,0.000000e+00,0.000000e+00,0.000000e+00,0.000000e+00,0.000000e+00,0.000000e+00,0.000000e+00,0.000000e+00,0.000000e+00,0.000000e+00,0.000000e+00,0.000000e+00
1.000000e+00,0.000000e+00,0.000000e+00,0.000000e+00,0.000000e+00,0.000000e+00,0.000000e+00,0.000000e+00,0.000000e+00,0.000000e+00,0.000000e+00,0.000000e+00,0.000000e+00,0.000000e+00,0.000000e+00
1.000000e+00,0.000000e+00,0.000000e+00,0.000000e+00,0.000000e+00,0.000000e+00,0.000000e+00,0.000000e+00,0.000000e+00,0.000000e+00,0.000000e+00,0.000000e+00,0.000000e+00,0.000000e+00,0.000000e+00
1.000000e+00,0.000000e+00,0.000000e+00,0.000000e+00,0.000000e+00,0.000000e+00,0.000000e+00,0.000000e+00,0.000000e+00,0.000000e+00,0.000000e+00,0.000000e+00,0.000000e+00,0.000000e+00,0.000000e+00
1.000000e+00,0.000000e+00,0.000000e+00,0.000000e+00,0.000000e+00,0.000000e+00,0.000000e+00,0.000000e+00,0.000000e+00,0.000000e+00,0.000000e+00,0.000000e+00,0.000000e+00,0.000000e+00,0.000000e+00
1.000000e+00,0.000000e+00,0.000000e+00,0.000000e+00,0.000000e+00,0.000000e+00,0.000000e+00,0.000000e+00,0.000000e+00,0.000000e+00,0.000000e+00,0.000000e+00,0.000000e+00,0.000000e+00,0.000000e+00
1.000000e+00,0.000000e+00,0.000000e+00,0.000000e+00,0.000000e+00,0.000000e+00,0.000000e+00,0.000000e+00,0.000000e+00,0.000000e+00,0.000000e+00,0.000000e+00,0.000000e+00,0.000000e+00,0.000000e+00
1.000000e+00,0.000000e+00,0.000000e+00,0.000000e+00,0.000000e+00,0.000000e+00,0.000000e+00,0.000000e+00,0.000000e+00,0.000000e+00,0.000000e+00,0.000000e+00,0.000000e+00,0.000000e+00,0.000000e+00
1.000000e+00,0.000000e+00,0.000000e+00,0.000000e+00,0.000000e+00,0.000000e+00,0.000000e+00,0.000000e+00,0.000000e+00,0.000000e+00,0.000000e+00,0.000000e+00,0.000000e+00,0.000000e+00,0.000000e+00
1.000000e+00,0.000000e+00,0.000000e+00,0.000000e+00,0.000000e+00,0.000000e+00,0.000000e+00,0.000000e+00,0.000000e+00,0.000000e+00,0.000000e+00,0.000000e+00,0.000000e+00,0.000000e+00,0.000000e+00
1.000000e+00,0.000000e+00,0.000000e+00,0.000000e+00,0.000000e+00,0.000000e+00,0.000000e+00,0.000000e+00,0.000000e+00,0.000000e+00,0.000000e+00,0.000000e+00,0.000000e+00,0.000000e+00,0.000000e+00
1.000000e+00,0.000000e+00,0.000000e+00,0.000000e+00,0.000000e+00,0.000000e+00,0.000000e+00,0.000000e+00,0.000000e+00,0.000000e+00,0.000000e+00,0.000000e+00,0.000000e+00,0.000000e+00,0.000000e+00
1.000000e+00,0.000000e+00,0.000000e+00,0.000000e+00,0.000000e+00,0.000000e+00,0.000000e+00,0.000000e+00,0.000000e+00,0.000000e+00,0.000000e+00,0.000000e+00,0.000000e+00,0.000000e+00,0.000000e+00
1.000000e+00,0.000000e+00,0.000000e+00,0.000000e+00,0.000000e+00,0.000000e+00,0.000000e+00,0.000000e+00,0.000000e+00,0.000000e+00,0.000000e+00,0.000000e+00,0.000000e+00,0.000000e+00,0.000000e+00
1.000000e+00,0.000000e+00,0.000000e+00,0.000000e+00,0.000000e+00,0.000000e+00,0.000000e+00,0.000000e+00,0.000000e+00,0.000000e+00,0.000000e+00,0.000000e+00,0.000000e+00,0.000000e+00,0.000000e+00
1.000000e+00,0.000000e+00,0.000000e+00,0.000000e+00,0.000000e+00,0.000000e+00,0.000000e+00,0.000000e+00,0.000000e+00,0.000000e+00,0.000000e+00,0.000000e+00,0.000000e+00,0.000000e+00,0.000000e+00
1.000000e+00,0.000000e+00,0.000000e+00,0.000000e+00,0.000000e+00,0.000000e+00,0.000000e+00,0.000000e+00,0.000000e+00,0.000000e+00,0.000000e+00,0.000000e+00,0.000000e+00,0.000000e+00,0.000000e+00
1.000000e+00,0.000000e+00,0.000000e+00,0.000000e+00,0.000000e+00,0.000000e+00,0.000000e+00,0.000000e+00,0.000000e+00,0.000000e+00,0.000000e+00,0.000000e+00,0.000000e+00,0.000000e+00,0.000000e+00
1.000000e+00,0.000000e+00,0.000000e+00,0.000000e+00,0.000000e+00,0.000000e+00,0.000000e+00,0.000000e+00,0.000000e+00,0.000000e+00,0.000000e+00,0.000000e+00,0.000000e+00,0.000000e+00,0.000000e+00
1.000000e+00,0.000000e+00,0.000000e+00,0.000000e+00,0.000000e+00,0.000000e+00,0.000000e+00,0.000000e+00,0.000000e+00,0.000000e+00,0.000000e+00,0.000000e+00,0.000000e+00,0.000000e+00,0.000000e+00
1.000000e+00,0.000000e+00,0.000000e+00,0.000000e+00,0.000000e+00,0.000000e+00,0.000000e+00,0.000000e+00,0.000000e+00,0.000000e+00,0.000000e+00,0.000000e+00,0.000000e+00,0.000000e+00,0.000000e+00
1.000000e+00,0.000000e+00,0.000000e+00,0.000000e+00,0.000000e+00,0.000000e+00,0.000000e+00,0.000000e+00,0.000000e+00,0.000000e+00,0.000000e+00,0.000000e+00,0.000000e+00,0.000000e+00,0.000000e+00
1.000000e+00,0.000000e+00,0.000000e+00,0.000000e+00,0.000000e+00,0.000000e+00,0.000000e+00,0.000000e+00,0.000000e+00,0.000000e+00,0.000000e+00,0.000000e+00,0.000000e+00,0.000000e+00,0.000000e+00
1.000000e+00,0.000000e+00,0.000000e+00,0.000000e+00,0.000000e+00,0.000000e+00,0.000000e+00,0.000000e+00,0.000000e+00,0.000000e+00,0.000000e+00,0.000000e+00,0.000000e+00,0.000000e+00,0.000000e+00
1.000000e+00,0.000000e+00,0.000000e+00,0.000000e+00,0.000000e+00,0.000000e+00,0.000000e+00,0.000000e+00,0.000000e+00,0.000000e+00,0.000000e+00,0.000000e+00,0.000000e+00,0.000000e+00,0.000000e+00
1.000000e+00,0.000000e+00,0.000000e+00,0.000000e+00,0.000000e+00,0.000000e+00,0.000000e+00,0.000000e+00,0.000000e+00,0.000000e+00,0.000000e+00,0.000000e+00,0.000000e+00,0.000000e+00,0.000000e+00
1.000000e+00,0.000000e+00,0.000000e+00,0.000000e+00,0.000000e+00,0.000000e+00,0.000000e+00,0.000000e+00,0.000000e+00,0.000000e+00,0.000000e+00,0.000000e+00,0.000000e+00,0.000000e+00,0.000000e+00
1.000000e+00,0.000000e+00,0.000000e+00,0.000000e+00,0.000000e+00,0.000000e+00,0.000000e+00,0.000000e+00,0.000000e+00,0.000000e+00,0.000000e+00,0.000000e+00,0.000000e+00,0.000000e+00,0.000000e+00
1.000000e+00,0.000000e+00,0.000000e+00,0.000000e+00,0.000000e+00,0.000000e+00,0.000000e+00,0.000000e+00,0.000000e+00,0.000000e+00,0.000000e+00,0.000000e+00,0.000000e+00,0.000000e+00,0.000000e+00
1.000000e+00,0.000000e+00,0.000000e+00,0.000000e+00,0.000000e+00,0.000000e+00,0.000000e+00,0.000000e+00,0.000000e+00,0.000000e+00,0.000000e+00,0.000000e+00,0.000000e+00,0.000000e+00,0.000000e+00
1.000000e+00,0.000000e+00,0.000000e+00,0.000000e+00,0.000000e+00,0.000000e+00,0.000000e+00,0.000000e+00,0.000000e+00,0.000000e+00,0.000000e+00,0.000000e+00,0.000000e+00,0.000000e+00,0.000000e+00
1.000000e+00,0.000000e+00,0.000000e+00,0.000000e+00,0.000000e+00,0.000000e+00,0.000000e+00,0.000000e+00,0.000000e+00,0.000000e+00,0.000000e+00,0.000000e+00,0.000000e+00,0.000000e+00,0.000000e+00
1.000000e+00,0.000000e+00,0.000000e+00,0.000000e+00,0.000000e+00,0.000000e+00,0.000000e+00,0.000000e+00,0.000000e+00,0.000000e+00,0.000000e+00,0.000000e+00,0.000000e+00,0.000000e+00,0.000000e+00
1.000000e+00,0.000000e+00,0.000000e+00,0.000000e+00,0.000000e+00,0.000000e+00,0.000000e+00,0.000000e+00,0.000000e+00,0.000000e+00,0.000000e+00,0.000000e+00,0.000000e+00,0.000000e+00,0.000000e+00
1.000000e+00,0.000000e+00,0.000000e+00,0.000000e+00,0.000000e+00,0.000000e+00,0.000000e+00,0.000000e+00,0.000000e+00,0.000000e+00,0.000000e+00,0.000000e+00,0.000000e+00,0.000000e+00,0.000000e+00
1.000000e+00,0.000000e+00,0.000000e+00,0.000000e+00,0.000000e+00,0.000000e+00,0.000000e+00,0.000000e+00,0.000000e+00,0.000000e+00,0.000000e+00,0.000000e+00,0.000000e+00,0.000000e+00,0.000000e+00
1.000000e+00,0.000000e+00,0.000000e+00,0.000000e+00,0.000000e+00,0.000000e+00,0.000000e+00,0.000000e+00,0.000000e+00,0.000000e+00,0.000000e+00,0.000000e+00,0.000000e+00,0.000000e+00,0.000000e+00
1.000000e+00,0.000000e+00,0.000000e+00,0.000000e+00,0.000000e+00,0.000000e+00,0.000000e+00,0.000000e+00,0.000000e+00,0.000000e+00,0.000000e+00,0.000000e+00,0.000000e+00,0.000000e+00,0.000000e+00
1.000000e+00,0.000000e+00,0.000000e+00,0.000000e+00,0.000000e+00,0.000000e+00,0.000000e+00,0.000000e+00,0.000000e+00,0.000000e+00,0.000000e+00,0.000000e+00,0.000000e+00,0.000000e+00,0.000000e+00
1.000000e+00,0.000000e+00,0.000000e+00,0.000000e+00,0.000000e+00,0.000000e+00,0.000000e+00,0.000000e+00,0.000000e+00,0.000000e+00,0.000000e+00,0.000000e+00,0.000000e+00,0.000000e+00,0.000000e+00
1.000000e+00,0.000000e+00,0.000000e+00,0.000000e+00,0.000000e+00,0.000000e+00,0.000000e+00,0.000000e+00,0.000000e+00,0.000000e+00,0.000000e+00,0.000000e+00,0.000000e+00,0.000000e+00,0.000000e+00
1.000000e+00,0.000000e+00,0.000000e+00,0.000000e+00,0.000000e+00,0.000000e+00,0.000000e+00,0.000000e+00,0.000000e+00,0.000000e+00,0.000000e+00,0.000000e+00,0.000000e+00,0.000000e+00,0.000000e+00
1.000000e+00,0.000000e+00,0.000000e+00,0.000000e+00,0.000000e+00,0.000000e+00,0.000000e+00,0.000000e+00,0.000000e+00,0.000000e+00,0.000000e+00,0.000000e+00,0.000000e+00,0.000000e+00,0.000000e+00
1.000000e+00,0.000000e+00,0.000000e+00,0.000000e+00,0.000000e+00,0.000000e+00,0.000000e+00,0.000000e+00,0.000000e+00,0.000000e+00,0.000000e+00,0.000000e+00,0.000000e+00,0.000000e+00,0.000000e+00
1.000000e+00,0.000000e+00,0.000000e+00,0.000000e+00,0.000000e+00,0.000000e+00,0.000000e+00,0.000000e+00,0.000000e+00,0.000000e+00,0.000000e+00,0.000000e+00,0.000000e+00,0.000000e+00,0.000000e+00
1.000000e+00,0.000000e+00,0.000000e+00,0.000000e+00,0.000000e+00,0.000000e+00,0.000000e+00,0.000000e+00,0.000000e+00,0.000000e+00,0.000000e+00,0.000000e+00,0.000000e+00,0.000000e+00,0.000000e+00
1.000000e+00,0.000000e+00,0.000000e+00,0.000000e+00,0.000000e+00,0.000000e+00,0.000000e+00,0.000000e+00,0.000000e+00,0.000000e+00,0.000000e+00,0.000000e+00,0.000000e+00,0.000000e+00,0.000000e+00
1.000000e+00,0.000000e+00,0.000000e+00,0.000000e+00,0.000000e+00,0.000000e+00,0.000000e+00,0.000000e+00,0.000000e+00,0.000000e+00,0.000000e+00,0.000000e+00,0.000000e+00,0.000000e+00,0.000000e+00
1.000000e+00,0.000000e+00,0.000000e+00,0.000000e+00,0.000000e+00,0.000000e+00,0.000000e+00,0.000000e+00,0.000000e+00,0.000000e+00,0.000000e+00,0.000000e+00,0.000000e+00,0.000000e+00,0.000000e+00
4.823895e-01,2.906903e-02,6.931519e-02,1.102363e-01,1.791599e-02,2.974286e-02,6.627775e-03,1.862161e-01,4.961421e-03,2.757910e-03,1.141387e-02,1.965632e-02,1.262989e-02,2.534640e-03,1.453323e-02
4.638600e-01,2.458971e-02,6.277317e-02,8.707803e-02,1.508466e-02,2.692864e-02,7.195719e-03,2.498474e-01,4.071365e-03,2.550738e-03,1.024491e-02,1.725570e-02,1.245011e-02,2.565696e-03,1.350416e-02
4.093747e-01,4.053542e-02,6.458949e-02,9.142384e-02,1.376879e-02,2.779635e-02,6.909614e-03,2.231251e-01,8.708848e-03,5.242104e-03,1.912682e-02,2.359381e-02,3.737893e-02,6.022553e-03,2.240359e-02
3.468299e-01,4.019450e-02,6.180014e-02,8.844262e-02,1.172889e-02,2.293620e-02,6.646518e-03,1.775571e-01,1.769697e-02,5.853721e-03,2.208548e-02,5.885298e-02,9.978298e-02,8.593788e-03,3.099827e-02
2.529876e-01,3.422584e-02,4.620245e-02,1.129313e-01,1.167409e-02,1.776351e-02,6.411321e-03,1.255072e-01,8.818308e-02,5.483040e-03,3.192887e-02,1.476563e-01,8.547738e-02,8.309152e-03,2.525888e-02
1.828557e-01,4.671820e-02,4.684157e-02,1.144625e-01,1.082633e-02,1.473532e-02,6.605254e-03,8.862118e-02,1.463190e-01,7.204691e-03,3.317700e-02,1.759391e-01,6.127567e-02,1.093170e-02,5.348687e-02
1.601661e-01,3.595161e-02,3.398553e-02,9.859082e-02,8.769480e-03,1.410704e-02,6.255739e-03,6.304142e-02,1.921998e-01,1.096039e-02,4.566073e-02,1.942470e-01,5.092914e-02,3.765989e-02,4.747526e-02
1.260805e-01,2.567506e-02,2.422742e-02,7.909255e-02,1.286741e-02,1.334642e-02,4.869156e-03,4.500915e-02,2.210444e-01,9.066319e-03,6.752999e-02,2.642326e-01,4.312691e-02,2.980216e-02,3.402986e-02
9.909312e-02,1.860771e-02,1.749131e-02,5.727771e-02,1.792124e-02,1.282301e-02,4.827039e-03,3.247441e-02,1.672874e-01,7.476321e-03,1.423896e-01,3.172524e-01,3.232441e-02,4.716130e-02,2.559299e-02
7.193854e-02,1.319479e-02,1.233676e-02,4.021408e-02,1.459447e-02,9.367651e-03,3.651904e-03,2.286972e-02,1.196223e-01,5.424856e-03,2.798231e-01,3.267780e-01,2.294110e-02,3.921923e-02,1.802349e-02
5.778508e-02,1.006641e-02,9.236370e-03,2.858489e-02,1.406879e-02,7.274836e-03,3.393888e-03,1.690263e-02,8.666110e-02,4.070420e-03,3.570042e-01,3.445043e-01,1.676999e-02,3.079969e-02,1.287744e-02
5.817952e-02,7.545960e-03,6.677706e-03,2.032790e-02,1.256861e-02,6.591193e-03,3.196971e-03,1.254061e-02,6.326861e-02,3.224711e-03,3.742259e-01,3.842863e-01,1.283436e-02,2.535216e-02,9.179473e-03
6.138335e-02,6.126622e-03,4.863944e-03,1.499862e-02,1.870954e-02,7.859419e-03,2.962983e-03,9.569535e-03,4.772696e-02,2.882873e-03,3.494626e-01,4.354910e-01,1.028507e-02,2.094704e-02,6.730404e-03
4.982327e-02,4.697605e-03,3.489211e-03,1.073781e-02,1.858693e-02,9.589734e-03,2.337041e-03,6.939906e-03,3.569845e-02,2.502594e-03,3.379139e-01,4.843255e-01,8.337554e-03,1.989749e-02,5.122903e-03
3.825936e-02,3.596955e-03,2.508259e-03,7.586243e-03,1.755601e-02,8.825884e-03,1.709798e-03,4.925388e-03,2.695294e-02,2.793666e-03,2.866985e-01,5.698780e-01,6.657165e-03,1.798911e-02,4.062741e-03
2.877666e-02,3.072395e-03,1.844522e-03,5.427567e-03,1.878284e-02,7.636447e-03,1.252947e-03,3.574109e-03,2.139948e-02,3.013794e-03,2.329097e-01,6.485724e-01,5.383340e-03,1.508517e-02,3.268671e-03
2.052946e-02,2.551481e-03,1.387777e-03,3.936739e-03,2.807468e-02,6.017793e-03,9.569502e-04,3.369817e-03,1.713987e-02,2.434456e-03,1.696423e-01,7.262245e-01,4.199168e-03,1.110964e-02,2.425358e-03
1.455578e-02,2.004709e-03,1.081409e-03,2.864397e-03,3.477838e-02,4.476278e-03,7.289671e-04,4.445702e-03,1.371693e-02,1.914106e-03,1.236439e-01,7.828786e-01,3.123507e-03,8.051284e-03,1.735998e-03
1.052858e-02,6.472033e-03,3.335264e-03,2.418852e-03,7.220241e-02,3.821697e-03,5.717456e-04,9.596320e-03,1.152027e-02,1.675707e-03,1.031927e-01,7.644721e-01,2.309651e-03,6.110617e-03,1.772056e-03
7.424192e-03,5.866851e-03,4.728192e-03,2.482082e-03,8.532239e-02,3.817572e-03,7.767364e-04,1.740829e-02,1.076305e-02,1.292870e-03,7.528974e-02,7.771235e-01,1.784471e-03,4.579288e-03,1.340823e-03
5.599569e-03,9.504061e-03,6.302887e-03,2.719911e-03,2.252106e-01,3.167504e-03,1.772571e-03,2.492248e-02,1.274486e-02,1.189752e-03,5.532682e-02,6.455005e-01,1.465812e-03,3.552350e-03,1.020321e-03
4.566301e-03,7.302287e-03,3.807355e-02,7.175615e-03,2.090510e-01,3.354580e-03,5.709347e-03,1.986588e-01,1.043333e-02,1.206110e-03,4.018889e-02,4.695365e-01,1.423263e-03,2.578024e-03,7.424933e-04
3.798416e-03,6.284987e-03,3.578145e-02,5.540516e-03,4.154117e-01,3.123698e-03,5.260516e-03,1.401572e-01,1.796016e-02,9.662597e-04,2.883608e-02,3.332960e-01,1.116907e-03,1.893006e-03,5.730725e-04
8.728771e-03,6.093428e-03,3.732125e-02,5.469145e-03,5.211822e-01,5.042493e-03,5.383789e-03,1.077521e-01,3.707037e-02,9.342260e-04,2.158201e-02,2.400856e-01,1.418292e-03,1.438709e-03,4.977084e-04
1.600619e-02,6.921947e-03,2.874723e-02,5.393977e-03,6.242611e-01,1.127633e-02,4.327308e-03,7.664585e-02,3.599577e-02,9.177955e-04,1.733935e-02,1.691303e-01,1.300185e-03,1.244688e-03,4.919564e-04
3.539127e-02,9.669686e-03,2.707057e-02,1.174517e-02,6.347392e-01,2.648102e-02,4.005880e-03,5.997464e-02,4.552563e-02,1.384435e-03,1.981682e-02,1.201183e-01,1.663503e-03,1.622019e-03,7.920219e-04
5.116080e-02,1.356546e-02,2.369662e-02,1.466069e-02,5.297971e-01,2.366494e-02,2.966261e-03,4.362626e-02,1.762742e-01,2.219883e-03,2.673409e-02,8.610906e-02,1.577789e-03,2.912218e-03,1.034610e-03
7.826287e-02,1.270114e-02,1.785256e-02,1.634845e-02,4.854975e-01,2.891001e-02,2.284066e-03,3.276662e-02,2.126539e-01,3.744731e-03,3.570317e-02,6.439496e-02,1.573571e-03,5.487926e-03,1.818609e-03
1.148462e-01,1.018197e-02,1.323545e-02,1.770691e-02,4.280813e-01,3.176055e-02,1.832024e-03,2.822543e-02,2.434865e-01,3.705557e-03,3.778739e-02,5.781627e-02,2.104504e-03,7.097178e-03,2.132766e-03
1.297293e-01,9.908251e-03,9.885465e-03,1.576330e-02,3.175689e-01,2.696550e-02,1.582648e-03,2.182090e-02,3.572833e-01,3.452968e-03,3.889126e-02,5.186029e-02,2.035854e-03,9.767041e-03,3.485007e-03
1.326813e-01,1.040701e-02,8.747851e-03,2.981024e-02,2.327403e-01,2.142209e-02,1.346188e-03,1.828944e-02,3.331428e-01,5.815551e-03,1.148574e-01,6.145375e-02,4.760492e-03,1.392693e-02,1.059863e-02
1.462829e-01,1.297120e-02,7.490841e-03,2.989439e-02,1.705089e-01,1.703861e-02,1.241765e-03,2.041908e-02,2.649908e-01,8.209992e-03,2.299109e-01,5.308567e-02,7.139607e-03,1.734649e-02,1.346901e-02
1.054529e-01,1.119921e-02,5.628194e-03,3.181810e-02,1.202536e-01,1.215783e-02,8.998816e-04,1.508594e-02,3.294139e-01,7.079462e-03,2.745188e-01,4.542634e-02,1.410252e-02,1.448217e-02,1.248118e-02
7.878698e-02,9.311343e-03,5.278678e-03,4.569174e-02,8.833411e-02,8.994373e-03,7.342760e-04,1.237393e-02,2.943725e-01,5.408880e-03,3.546165e-01,5.022522e-02,2.377005e-02,1.171280e-02,1.038859e-02
5.597913e-02,8.634177e-03,4.565428e-03,4.593848e-02,6.370916e-02,6.909196e-03,5.772411e-04,8.778309e-03,2.906468e-01,4.386424e-03,4.163671e-01,4.715605e-02,2.069192e-02,1.641954e-02,9.241029e-03
3.953613e-02,6.322072e-03,3.479578e-03,3.721874e-02,4.647813e-02,5.365220e-03,4.465578e-04,6.199769e-03,2.218080e-01,3.578139e-03,5.220917e-01,6.255007e-02,1.844525e-02,1.812249e-02,8.358131e-03
2.808399e-02,4.610385e-03,2.932261e-03,3.640616e-02,3.616755e-02,4.803360e-03,3.414497e-04,4.433801e-03,1.595767e-01,5.213143e-03,5.661942e-01,1.037984e-01,1.564204e-02,2.450005e-02,7.296502e-03
1.984895e-02,3.292966e-03,2.226717e-03,2.697104e-02,2.877712e-02,3.698922e-03,2.608015e-04,3.318974e-03,1.130347e-01,5.170953e-03,6.305130e-01,1.178829e-01,1.419834e-02,2.321167e-02,7.592864e-03
1.420892e-02,2.358563e-03,1.727839e-03,1.995999e-02,2.266389e-02,3.278102e-03,2.002349e-04,2.402759e-03,7.958790e-02,9.032588e-03,6.689834e-01,1.287270e-01,1.179282e-02,2.225089e-02,1.282514e-02
1.060263e-02,1.749319e-03,2.529400e-03,1.410933e-02,1.780616e-02,2.855272e-03,2.401730e-04,1.968022e-03,5.607918e-02,1.022727e-02,6.837528e-01,1.366841e-01,1.025402e-02,2.987475e-02,2.126763e-02
7.766541e-03,1.262873e-03,2.120140e-03,9.973985e-03,1.603060e-02,2.587933e-03,6.724063e-04,2.221121e-03,3.987729e-02,8.709545e-03,7.389283e-01,1.121050e-01,8.790927e-03,2.581616e-02,2.313723e-02
6.819237e-03,1.055813e-03,2.405175e-03,7.097738e-03,1.271430e-02,8.483524e-03,1.605817e-03,2.055894e-03,2.873156e-02,9.899358e-03,6.946074e-01,1.590221e-01,9.286054e-03,2.763048e-02,2.858560e-02
5.632577e-03,1.167096e-03,3.636358e-03,5.025181e-03,1.280156e-02,7.120280e-03,2.016587e-03,1.666732e-03,2.121618e-02,1.494947e-02,6.823025e-01,1.810050e-01,9.732818e-03,2.649563e-02,2.523199e-02
5.331770e-03,1.844003e-03,6.157842e-03,3.640563e-03,4.124385e-02,6.525547e-03,3.970055e-03,2.769493e-03,2.893287e-02,1.366042e-02,6.846102e-01,1.521814e-01,7.970521e-03,2.193392e-02,1.922761e-02
1.057410e-02,8.720238e-03,2.147584e-02,3.302386e-03,5.146129e-02,6.614907e-03,3.928241e-03,2.329482e-02,8.028452e-02,2.875888e-02,5.504386e-01,1.575806e-01,8.642064e-03,3.063596e-02,1.428756e-02
1.531849e-02,1.057529e-02,2.361050e-02,3.839497e-03,2.069493e-01,1.327026e-02,3.776100e-03,2.279321e-02,9.379879e-02,2.631648e-02,4.167753e-01,1.210494e-01,7.276781e-03,2.364411e-02,1.100639e-02
3.328864e-02,2.001620e-02,2.636989e-02,5.596533e-03,2.194466e-01,1.660159e-02,4.229067e-03,4.267813e-02,1.625866e-01,2.351703e-02,3.193033e-01,9.209856e-02,6.046666e-03,1.955693e-02,8.664289e-03
4.477234e-02,1.906146e-02,2.266389e-02,6.548055e-03,2.194246e-01,2.312647e-02,1.649611e-02,7.629335e-02,1.997901e-01,2.103320e-02,2.522662e-01,7.021293e-02,5.190016e-03,1.642834e-02,6.692926e-03
5.318647e-02,2.081814e-02,1.958664e-02,1.088598e-02,1.704136e-01,1.949312e-02,1.291427e-02,1.923379e-01,2.130972e-01,2.668701e-02,1.877028e-01,5.057813e-02,4.339452e-03,1.295973e-02,4.999520e-03
6.117281e-02,2.354082e-02,2.548832e-02,1.729922e-02,1.435572e-01,1.984065e-02,1.673481e-02,1.760339e-01,2.155699e-01,1.034185e-01,1.402420e-01,3.727234e-02,3.630491e-03,1.208777e-02,4.111330e-03
7.142789e-02,2.484979e-02,2.789330e-02,2.050779e-02,1.132052e-01,1.934005e-02,4.604390e-02,1.855048e-01,2.248772e-01,1.151520e-01,1.045375e-01,2.861602e-02,3.736589e-03,1.097286e-02,3.335103e-03
8.078667e-02,3.788666e-02,2.772177e-02,1.865457e-02,9.234631e-02,1.834636e-02,4.994319e-02,1.708903e-01,2.645832e-01,1.152564e-01,8.559819e-02,2.229089e-02,3.130115e-03,9.763489e-03,2.801787e-03
1.048757e-01,2.997343e-02,2.948260e-02,1.616010e-02,8.333333e-02,2.344587e-02,9.713819e-02,1.358717e-01,2.514880e-01,1.303215e-01,6.438394e-02,1.995299e-02,3.236218e-03,7.552905e-03,2.783519e-03
1.219120e-01,2.401903e-02,4.180368e-02,1.523690e-02,6.559762e-02,2.432309e-02,1.577971e-01,1.409737e-01,2.160265e-01,1.076984e-01,4.696191e-02,1.530960e-02,7.315912e-03,6.553412e-03,8.471102e-03
9.643741e-02,1.842374e-02,4.283183e-02,1.319878e-02,5.393529e-02,1.863522e-02,2.849298e-01,1.544114e-01,1.706030e-01,7.956755e-02,3.377193e-02,1.147404e-02,7.814020e-03,4.721631e-03,9.244437e-03
7.954015e-02,1.661492e-02,4.791193e-02,1.352290e-02,4.600383e-02,1.817562e-02,3.719096e-01,1.343247e-01,1.255101e-01,7.851943e-02,2.841418e-02,1.099456e-02,8.899348e-03,4.480709e-03,1.517811e-02
5.987715e-02,1.266829e-02,3.759517e-02,1.026984e-02,3.342272e-02,1.662113e-02,3.100904e-01,9.584621e-02,9.893113e-02,6.586659e-02,1.797830e-01,4.791681e-02,1.495282e-02,3.562235e-03,1.259655e-02
4.745193e-02,9.509519e-03,2.944519e-02,8.165336e-03,2.592181e-02,3.304072e-02,3.710899e-01,6.797802e-02,7.141642e-02,6.234717e-02,1.398572e-01,1.065488e-01,1.344583e-02,3.871784e-03,9.910348e-03
3.511892e-02,6.831378e-03,2.306683e-02,8.711689e-03,1.961507e-02,2.770447e-02,3.538248e-01,4.801182e-02,5.295685e-02,4.775446e-02,1.353765e-01,2.185259e-01,1.076516e-02,4.102619e-03,7.633590e-03
2.491007e-02,4.906832e-03,1.635858e-02,7.068029e-03,1.419488e-02,2.080362e-02,2.530478e-01,3.368324e-02,3.867833e-02,3.376735e-02,1.811778e-01,3.540336e-01,8.231187e-03,3.614090e-03,5.524632e-03
1.769140e-02,3.634019e-03,1.191706e-02,5.523089e-03,1.036192e-02,1.629257e-02,1.825823e-01,2.364240e-02,2.853413e-02,2.429084e-02,1.854905e-01,4.766544e-01,6.353592e-03,3.010390e-03,4.021440e-03
1.246234e-02,3.617417e-03,8.553261e-03,4.004852e-03,7.674568e-03,1.275359e-02,1.290592e-01,1.665151e-02,2.025245e-02,1.709973e-02,2.083285e-01,5.496399e-01,4.664383e-03,2.377487e-03,2.860885e-03
8.766684e-03,3.347106e-03,6.151552e-03,2.854574e-03,5.616816e-03,9.360901e-03,9.061737e-02,1.184954e-02,1.486231e-02,1.201273e-02,2.280358e-01,5.991873e-01,3.375007e-03,1.935310e-03,2.027048e-03
6.648147e-03,1.338268e-02,8.087740e-03,3.085316e-03,9.694413e-03,8.030970e-03,6.401826e-02,1.027225e-02,1.129391e-02,8.595094e-03,2.022401e-01,6.489866e-01,2.558967e-03,1.625312e-03,1.480181e-03
5.018144e-03,1.675378e-02,6.011982e-03,2.380258e-03,1.300366e-02,6.586290e-03,4.506209e-02,7.553488e-03,1.101717e-02,6.178946e-03,2.697393e-01,6.051062e-01,2.711070e-03,1.759091e-03,1.118563e-03
3.641889e-03,1.341833e-02,4.716166e-03,1.903323e-03,1.189860e-02,5.635914e-03,3.159941e-02,5.552098e-03,1.052248e-02,4.382900e-03,3.301952e-01,5.715429e-01,2.099038e-03,2.068507e-03,8.233546e-04
2.890828e-03,1.038378e-02,3.917463e-03,1.632095e-03,9.137275e-03,7.557055e-03,2.223920e-02,4.064060e-03,1.144057e-02,3.126617e-03,3.964282e-01,5.209380e-01,1.676961e-03,3.956029e-03,6.119909e-04
3.010410e-03,1.121188e-02,4.873389e-03,2.283054e-03,7.860191e-03,6.794497e-03,1.568468e-02,3.657304e-03,1.338882e-02,2.294534e-03,4.223566e-01,5.002678e-01,1.398078e-03,4.460128e-03,4.586712e-04
4.924214e-03,1.641404e-02,7.775226e-03,5.435967e-03,1.539549e-02,6.001849e-03,1.159667e-02,4.678893e-03,1.267293e-02,2.009721e-03,3.936201e-01,5.114396e-01,1.286281e-03,6.363128e-03,3.858961e-04
4.837716e-03,1.404206e-02,7.069052e-03,4.349323e-03,2.353046e-02,5.919004e-03,8.847126e-03,4.334412e-03,2.541161e-02,2.179419e-03,4.121597e-01,4.779236e-01,1.569767e-03,7.399681e-03,4.270197e-04
4.307367e-03,1.317358e-02,7.319779e-03,3.343744e-03,2.615241e-02,4.979608e-03,6.440036e-03,4.028994e-03,2.558396e-02,2.460422e-03,4.518192e-01,4.398629e-01,1.475473e-03,8.449171e-03,6.034015e-04
4.668319e-03,1.108874e-02,2.883453e-02,4.415911e-03,3.001332e-02,5.749289e-03,4.910612e-03,2.551237e-02,2.516285e-02,3.232391e-03,4.659098e-01,3.791170e-01,1.681057e-03,9.083016e-03,6.207047e-04
3.669810e-03,9.677961e-03,2.311070e-02,3.417507e-03,2.765067e-02,5.027799e-03,3.569672e-03,1.985985e-02,2.978287e-02,2.957961e-03,5.179864e-01,3.414269e-01,1.881827e-03,9.420442e-03,5.596062e-04
2.758924e-03,7.547483e-03,1.641583e-02,2.418172e-03,2.023218e-02,3.908750e-03,2.528814e-03,1.405520e-02,2.679950e-02,2.459169e-03,6.285912e-01,2.628337e-01,1.509975e-03,7.449429e-03,4.916504e-04
2.836473e-03,6.096197e-03,1.361501e-02,1.776534e-03,1.856999e-02,3.792005e-03,2.369241e-03,1.240972e-02,2.361976e-02,2.489248e-03,7.106795e-01,1.942233e-01,1.303381e-03,5.671582e-03,5.479822e-04
3.617018e-03,5.774261e-03,1.093763e-02,1.592578e-03,4.635384e-02,3.309818e-03,2.385254e-03,1.408349e-02,2.888175e-02,2.237331e-03,7.222918e-01,1.514643e-01,1.152349e-03,5.397792e-03,5.206887e-04
6.698282e-03,6.029006e-03,1.054828e-02,1.451120e-03,1.494244e-01,9.657742e-03,7.286972e-03,1.811006e-02,5.616457e-02,2.152606e-03,6.072608e-01,1.186564e-01,1.223623e-03,4.689099e-03,6.470128e-04
7.156980e-03,5.886303e-03,1.036823e-02,1.389305e-03,1.791420e-01,7.776788e-03,8.732447e-03,2.549305e-02,6.915349e-02,2.084657e-03,5.898613e-01,8.719520e-02,1.139856e-03,3.996975e-03,6.234461e-04
1.247809e-02,1.029378e-02,1.290449e-02,1.271740e-03,2.437715e-01,9.360807e-03,7.329567e-03,2.673830e-02,1.262443e-01,1.793630e-03,4.797184e-01,6.237064e-02,1.052657e-03,3.656177e-03,1.015842e-03
1.909466e-02,2.108046e-02,3.020840e-02,1.836152e-03,2.632403e-01,8.238064e-03,5.467176e-03,8.770469e-02,1.119587e-01,1.469553e-03,3.993947e-01,4.413110e-02,1.065485e-03,3.675274e-03,1.435221e-03
1.711266e-02,2.448008e-02,4.096732e-02,1.605281e-03,2.433930e-01,7.031420e-03,4.152227e-03,1.277547e-01,9.768230e-02,1.153672e-03,3.972095e-01,3.196159e-02,1.016148e-03,3.106998e-03,1.373185e-03
2.025244e-02,2.983961e-02,6.253479e-02,1.617559e-03,2.303506e-01,6.171332e-03,3.119475e-03,1.285570e-01,9.332224e-02,1.134076e-03,3.945866e-01,2.290493e-02,8.725891e-04,3.386005e-03,1.350749e-03
2.339735e-02,6.633466e-02,6.937856e-02,1.637980e-03,2.228378e-01,5.467359e-03,2.352151e-03,1.482563e-01,9.263182e-02,9.932828e-04,3.445237e-01,1.668275e-02,9.125885e-04,3.008912e-03,1.584806e-03
2.141584e-02,8.736368e-02,5.623985e-02,1.696262e-03,1.863250e-01,5.707242e-03,1.818532e-03,2.302180e-01,1.286860e-01,8.005986e-04,2.625605e-01,1.250529e-02,8.497261e-04,2.262830e-03,1.550758e-03
2.351088e-02,1.284754e-01,4.399915e-02,1.860359e-03,1.641107e-01,8.764159e-03,1.527441e-03,2.130339e-01,1.931024e-01,7.847142e-04,2.026149e-01,1.000222e-02,1.272932e-03,2.541011e-03,4.399889e-03
2.872117e-02,1.069780e-01,4.728574e-02,5.140536e-03,1.443931e-01,8.966521e-03,1.524069e-03,2.450568e-01,2.427831e-01,1.127595e-03,1.475811e-01,9.786859e-03,2.334143e-03,1.951867e-03,6.369568e-03
2.684040e-02,1.064469e-01,4.690815e-02,6.744813e-02,1.261933e-01,7.656355e-03,1.370998e-03,2.232653e-01,2.518113e-01,4.508630e-03,1.044803e-01,8.586852e-03,3.286338e-03,1.446906e-03,1.975015e-02
2.548549e-02,1.051482e-01,9.001743e-02,7.718606e-02,1.096414e-01,7.270101e-03,1.890713e-03,1.909452e-01,2.576129e-01,6.433478e-03,7.405679e-02,7.223661e-03,4.107908e-03,1.113885e-03,4.186673e-02
2.832551e-02,1.063137e-01,1.656055e-01,7.009826e-02,9.639161e-02,6.681978e-03,2.994719e-03,1.832957e-01,2.119298e-01,9.344067e-03,5.318928e-02,5.860529e-03,5.143243e-03,9.685453e-04,5.385756e-02
2.482657e-02,8.950604e-02,1.301631e-01,7.664789e-02,7.725833e-02,9.608658e-03,2.848677e-03,1.401359e-01,1.536219e-01,7.010640e-03,3.849798e-02,4.594125e-03,2.052632e-01,7.328159e-04,3.928409e-02
2.715883e-02,7.116456e-02,1.007009e-01,7.175708e-02,1.192598e-01,9.854108e-03,1.125390e-02,1.181753e-01,1.550363e-01,6.008322e-03,3.027333e-02,4.399772e-03,2.427859e-01,1.030477e-03,3.114145e-02
2.764265e-02,5.488086e-02,7.794696e-02,6.172881e-02,1.160544e-01,1.595614e-02,1.994397e-02,8.930764e-02,1.364279e-01,7.911123e-03,3.357702e-02,1.256236e-02,3.174334e-01,2.784174e-03,2.584274e-02
2.830401e-02,3.989181e-02,6.033228e-02,5.048706e-02,1.051035e-01,2.196382e-02,1.879467e-02,6.904635e-02,1.001339e-01,7.154851e-03,3.344525e-02,1.596176e-02,4.134272e-01,2.240282e-03,3.371328e-02
2.128848e-02,2.849578e-02,4.245824e-02,3.566873e-02,7.466877e-02,1.642884e-02,1.391975e-02,4.847570e-02,7.112974e-02,5.495409e-03,2.459589e-02,1.496826e-02,5.531731e-01,1.627018e-03,4.760641e-02
2.159742e-02,2.050225e-02,2.984789e-02,2.516389e-02,5.363329e-02,1.267799e-02,1.040107e-02,3.402060e-02,5.047739e-02,4.157129e-03,1.807544e-02,2.137576e-02,6.492647e-01,1.347648e-03,4.745762e-02
2.299543e-02,1.534781e-02,2.108913e-02,1.795233e-02,3.819470e-02,1.101896e-02,7.783125e-03,2.384195e-02,3.629703e-02,3.381450e-03,1.375611e-02,4.386474e-02,7.064161e-01,1.550573e-03,3.651058e-02
2.901698e-02,1.111865e-02,1.482227e-02,1.277202e-02,2.733902e-02,1.678385e-02,6.245168e-03,1.674191e-02,2.688413e-02,4.530549e-03,1.561160e-02,1.034917e-01,6.849165e-01,1.503036e-03,2.822266e-02
2.917508e-02,8.136286e-03,1.053401e-02,9.242557e-03,2.082871e-02,1.560130e-02,5.028238e-03,1.181368e-02,1.996070e-02,4.083400e-03,2.111802e-02,1.305813e-01,6.874955e-01,1.312374e-03,2.508881e-02
2.139383e-02,5.881458e-03,7.459396e-03,6.907085e-03,1.605741e-02,1.571437e-02,3.742646e-03,8.374093e-03,1.451359e-02,3.056040e-03,1.689379e-02,1.186328e-01,7.413073e-01,1.032248e-03,1.903406e-02
1.532025e-02,4.142764e-03,5.246149e-03,4.882155e-03,1.355335e-02,1.188286e-02,2.715495e-03,5.873470e-03,1.040406e-02,2.242110e-03,2.022013e-02,9.863041e-02,7.893866e-01,7.996169e-04,1.470054e-02
1.123301e-02,2.917709e-03,3.725987e-03,3.475271e-03,1.639681e-02,8.572606e-03,2.014631e-03,4.152093e-03,7.950473e-03,1.917996e-03,2.953915e-02,9.665301e-02,7.990763e-01,6.440848e-04,1.173081e-02
1.228026e-02,2.167847e-03,3.045348e-03,2.607701e-03,2.784845e-02,7.761902e-03,1.840262e-03,3.655454e-03,8.829542e-03,3.287993e-03,3.198525e-02,1.116231e-01,7.731624e-01,6.003102e-04,9.304178e-03
1.212465e-02,1.981647e-03,2.337012e-03,1.944527e-03,6.607580e-02,8.117544e-03,4.023226e-03,4.198439e-03,5.573236e-02,3.007515e-03,3.302180e-02,1.036619e-01,6.958158e-01,5.222385e-04,7.435532e-03
1.063409e-02,1.776607e-03,1.910846e-03,1.577184e-03,8.036882e-02,1.260361e-02,6.482285e-03,4.853323e-03,5.920136e-02,4.010302e-03,3.060864e-02,1.111103e-01,6.682174e-01,6.368009e-04,6.008356e-03
1.036471e-02,1.894334e-03,1.726413e-03,1.269557e-03,6.265459e-02,1.499654e-02,6.748695e-03,4.888989e-03,7.840291e-02,4.530093e-03,2.881993e-02,2.169509e-01,5.584347e-01,1.094727e-03,7.222875e-03
8.679005e-03,1.713935e-03,1.529675e-03,1.012544e-03,4.698835e-02,1.402160e-02,6.986612e-03,4.734744e-03,6.649817e-02,3.909971e-03,2.418612e-02,3.718641e-01,4.392695e-01,1.115956e-03,7.489752e-03
8.108995e-03,2.717433e-03,1.961483e-03,8.372549e-04,3.730447e-02,1.094016e-02,6.520809e-03,4.114491e-03,6.166287e-02,3.324545e-03,1.813553e-02,5.071681e-01,3.292797e-01,9.554502e-04,6.968739e-03
9.623742e-03,4.397416e-03,3.904606e-03,7.167755e-04,3.139297e-02,9.772135e-03,7.902972e-03,4.023518e-03,6.252754e-02,3.099427e-03,1.413090e-02,5.924188e-01,2.488844e-01,8.556267e-04,6.349189e-03
1.359281e-02,4.973932e-03,9.200073e-03,1.086249e-03,3.392749e-02,1.159307e-02,1.186270e-02,5.919751e-03,6.002174e-02,2.862319e-03,1.048340e-02,5.853180e-01,2.414910e-01,8.821852e-04,6.785249e-03
1.252425e-02,4.101107e-03,7.948609e-03,9.039753e-04,2.773966e-02,1.035123e-02,9.559888e-03,5.448684e-03,4.564606e-02,2.404355e-03,8.621676e-03,6.008643e-01,2.548724e-01,8.053965e-04,8.208345e-03
1.512555e-02,3.476063e-03,7.625320e-03,8.556839e-04,2.650676e-02,1.108662e-02,8.143370e-03,5.374831e-03,3.440505e-02,2.035738e-03,7.271837e-03,6.023744e-01,2.661160e-01,9.403900e-04,8.662315e-03
1.346076e-02,2.887861e-03,6.643268e-03,9.730273e-04,2.298635e-02,2.906923e-02,6.588379e-03,6.137905e-03,2.441414e-02,1.775023e-03,8.233743e-03,5.042390e-01,3.619983e-01,9.884565e-04,9.604467e-03
1.105742e-02,2.043877e-03,4.659903e-03,1.098524e-03,1.678933e-02,3.880389e-02,4.757843e-03,4.589042e-03,1.719348e-02,1.399040e-03,1.799177e-02,3.793426e-01,4.921802e-01,9.015590e-04,7.191562e-03
8.684181e-03,1.451727e-03,3.288608e-03,1.009736e-03,1.458200e-02,3.027389e-02,3.448580e-03,3.234771e-03,1.224235e-02,1.224600e-03,1.975972e-02,3.140425e-01,5.805248e-01,7.891289e-04,5.443356e-03
6.535037e-03,1.051772e-03,2.357736e-03,9.450748e-04,1.529246e-02,2.217066e-02,2.491866e-03,2.410887e-03,9.408511e-03,3.272096e-03,1.310700e-01,3.521659e-01,4.460778e-01,7.161164e-04,4.034074e-03
5.053114e-03,8.559829e-04,1.718372e-03,1.644795e-03,1.448295e-02,1.656196e-02,1.786109e-03,2.163620e-03,1.023743e-02,3.941019e-03,2.655841e-01,3.330117e-01,3.387053e-01,1.243325e-03,3.010251e-03
3.882682e-03,6.954015e-04,1.310070e-03,1.423439e-03,2.076897e-02,1.171861e-02,1.275899e-03,2.042871e-03,1.457963e-02,5.107211e-03,4.176992e-01,2.556686e-01,2.546057e-01,6.638253e-03,2.583538e-03
2.986550e-03,9.253313e-04,1.108937e-03,1.292712e-03,2.679329e-02,8.345970e-03,9.370465e-04,1.574722e-03,5.922367e-02,5.686542e-03,4.638439e-01,2.093549e-01,1.962042e-01,1.682640e-02,4.895902e-03
2.371159e-03,9.372643e-04,1.103844e-03,1.421076e-03,2.010481e-02,6.799668e-03,6.765825e-04,1.487282e-03,1.587068e-01,5.046270e-03,4.755127e-01,1.586570e-01,1.417467e-01,2.080239e-02,4.626521e-03
1.773016e-03,8.885122e-04,9.869027e-04,1.440505e-03,1.452059e-02,6.102753e-03,4.796133e-04,1.236752e-03,3.347456e-01,4.066847e-03,3.676683e-01,1.237423e-01,1.016413e-01,3.696790e-02,3.739066e-03
1.312479e-03,7.352919e-04,8.054372e-04,1.172722e-03,1.040509e-02,4.504337e-03,3.392675e-04,9.030352e-04,4.927875e-01,3.040293e-03,2.749824e-01,1.005191e-01,7.306178e-02,3.271371e-02,2.717551e-03
9.744572e-04,5.942053e-04,7.347175e-04,9.055436e-04,7.322587e-03,3.357222e-03,2.391040e-04,6.591898e-04,6.349230e-01,2.309787e-03,1.953698e-01,7.289218e-02,5.167562e-02,2.609128e-02,1.951342e-03
7.541218e-04,5.132486e-04,6.591050e-04,6.510160e-04,5.161015e-03,2.567888e-03,1.685386e-04,4.674768e-04,7.348804e-01,1.771978e-03,1.380724e-01,5.335859e-02,3.657923e-02,2.294492e-02,1.450063e-03
7.495426e-04,6.664613e-04,6.041041e-04,5.776172e-04,3.784226e-03,2.255139e-03,1.206315e-04,3.515921e-04,7.963981e-01,1.948082e-03,1.014232e-01,3.780534e-02,2.584334e-02,2.619002e-02,1.282570e-03
1.101534e-03,1.002596e-03,1.416212e-03,5.878736e-04,2.999355e-03,2.266016e-03,9.003327e-05,4.978859e-04,8.391474e-01,4.874077e-03,7.262597e-02,2.670906e-02,1.828207e-02,2.713577e-02,1.264097e-03
1.410973e-03,1.013884e-03,1.309769e-03,5.041491e-04,2.409956e-03,1.889013e-03,6.525617e-05,4.743369e-04,8.655550e-01,6.738367e-03,5.177581e-02,1.890218e-02,1.287973e-02,3.371195e-02,1.359522e-03
1.576375e-03,1.151021e-03,1.471286e-03,3.937306e-04,1.793620e-03,2.151427e-03,5.097269e-05,4.485713e-04,8.212818e-01,5.887208e-03,3.668256e-02,1.333102e-02,9.044913e-03,1.032227e-01,1.512798e-03
1.586926e-03,1.936939e-03,1.395108e-03,3.064275e-04,1.338577e-03,2.483486e-03,3.837543e-05,3.481667e-04,7.797696e-01,4.493622e-03,2.592848e-02,9.364638e-03,6.342595e-03,1.631251e-01,1.541935e-03
3.137627e-03,1.823364e-03,1.453617e-03,2.734534e-04,1.026817e-03,2.364769e-03,2.969670e-05,2.967293e-04,8.195333e-01,3.221205e-03,1.920555e-02,6.569788e-03,4.449419e-03,1.351298e-01,1.484850e-03
1.086706e-02,3.620960e-03,5.009108e-02,5.285938e-03,1.598772e-03,6.623661e-03,7.621652e-05,3.182968e-03,7.651080e-01,2.534942e-03,1.490892e-02,4.668524e-03,3.200094e-03,1.254002e-01,2.832620e-03
1.469662e-02,3.982738e-03,4.435262e-02,4.212357e-03,1.855907e-03,9.080170e-03,8.047238e-05,4.269704e-03,7.127655e-01,2.275928e-03,1.157509e-02,3.355604e-03,2.315782e-03,1.811441e-01,4.037436e-03
2.546964e-02,4.931913e-03,6.647957e-02,7.504452e-03,3.195820e-03,1.398238e-02,1.387067e-04,4.265848e-03,6.287165e-01,2.095854e-03,1.085023e-02,2.482794e-03,1.766568e-03,2.207430e-01,7.376700e-03
3.197261e-02,7.543432e-03,8.112924e-02,1.237951e-02,3.478749e-03,1.642959e-02,1.365680e-04,3.730703e-03,5.567358e-01,3.609153e-03,9.891314e-03,1.902808e-03,1.388432e-03,2.397200e-01,2.995221e-02
3.795406e-02,7.470267e-03,7.200718e-02,1.146443e-02,4.541934e-03,1.652736e-02,1.173543e-04,3.360087e-03,4.963598e-01,1.426464e-02,1.507916e-02,1.862251e-03,1.745400e-03,2.472154e-01,7.003075e-02
5.787499e-02,7.339954e-03,1.074338e-01,1.949501e-02,1.580243e-02,1.435666e-02,1.705477e-04,8.393625e-03,4.059307e-01,1.205712e-02,2.277605e-02,2.188793e-03,1.917131e-03,2.696821e-01,5.458112e-02
6.859499e-02,6.530551e-03,8.893556e-02,1.890535e-02,4.221918e-02,1.108414e-02,1.637935e-04,1.029523e-02,4.006673e-01,9.333007e-03,2.723951e-02,1.841851e-03,1.571735e-03,2.733887e-01,3.922909e-02
8.947078e-02,7.120436e-03,8.614927e-02,2.849856e-02,5.115348e-02,1.121355e-02,7.860564e-04,1.571998e-02,3.867495e-01,7.810943e-03,4.724965e-02,2.447245e-03,1.947600e-03,2.337017e-01,2.998118e-02
9.232707e-02,6.309533e-03,7.635734e-02,2.329884e-02,4.572005e-02,8.974435e-03,6.272275e-04,1.601266e-02,4.694989e-01,6.050815e-03,3.805663e-02,2.078709e-03,1.696576e-03,1.911575e-01,2.183370e-02
9.066896e-02,2.649375e-02,1.363886e-01,1.308391e-01,5.054795e-02,9.012539e-03,6.278401e-04,1.576298e-02,3.512357e-01,4.954734e-03,2.765794e-02,2.284322e-03,1.455761e-03,1.354120e-01,1.665782e-02
9.292511e-02,2.749538e-02,2.068892e-01,1.597716e-01,5.615254e-02,1.533601e-02,9.936937e-04,1.729508e-02,2.778268e-01,3.844599e-03,2.274458e-02,2.368068e-03,1.277264e-03,1.017253e-01,1.335480e-02
1.118955e-01,2.900235e-02,2.469501e-01,1.733417e-01,5.366882e-02,1.771466e-02,1.216393e-03,1.388601e-02,2.328027e-01,5.096640e-03,1.816991e-02,2.556652e-03,1.124033e-03,7.840513e-02,1.416960e-02
2.053979e-01,2.559803e-02,2.276916e-01,1.673019e-01,4.990816e-02,1.696548e-02,1.886109e-03,1.121961e-02,2.011836e-01,4.614864e-03,1.471860e-02,3.466389e-03,1.457859e-03,5.712996e-02,1.145989e-02
3.232954e-01,2.421152e-02,1.846894e-01,1.378269e-01,5.402710e-02,1.522057e-02,2.003633e-03,8.992142e-03,1.742467e-01,4.024196e-03,1.175074e-02,5.517221e-03,2.625137e-03,4.215529e-02,9.414010e-03
4.606656e-01,2.237725e-02,1.343888e-01,1.042609e-01,4.831981e-02,1.419196e-02,2.061526e-03,8.381929e-03,1.306969e-01,3.786640e-03,1.154889e-02,1.042292e-02,5.405263e-03,3.210097e-02,1.139066e-02
1.000000e+00,0.000000e+00,0.000000e+00,0.000000e+00,0.000000e+00,0.000000e+00,0.000000e+00,0.000000e+00,0.000000e+00,0.000000e+00,0.000000e+00,0.000000e+00,0.000000e+00,0.000000e+00,0.000000e+00
1.000000e+00,0.000000e+00,0.000000e+00,0.000000e+00,0.000000e+00,0.000000e+00,0.000000e+00,0.000000e+00,0.000000e+00,0.000000e+00,0.000000e+00,0.000000e+00,0.000000e+00,0.000000e+00,0.000000e+00
1.000000e+00,0.000000e+00,0.000000e+00,0.000000e+00,0.000000e+00,0.000000e+00,0.000000e+00,0.000000e+00,0.000000e+00,0.000000e+00,0.000000e+00,0.000000e+00,0.000000e+00,0.000000e+00,0.000000e+00
1.000000e+00,0.000000e+00,0.000000e+00,0.000000e+00,0.000000e+00,0.000000e+00,0.000000e+00,0.000000e+00,0.000000e+00,0.000000e+00,0.000000e+00,0.000000e+00,0.000000e+00,0.000000e+00,0.000000e+00
