1.000000e+00,0.000000e+00,0.000000e+00,0.000000e+00,0.000000e+00,0.000000e+00,0.000000e+00,0.000000e+00,0.000000e+00,0.000000e+00,0.000000e+00,0.000000e+00,0.000000e+00,0.000000e+00,0.000000e+00
1.000000e+00,0.000000e+00,0.000000e+00,0.000000e+00,0.000000e+00,0.000000e+00,0.000000e+00,0.000000e+00,0.000000e+00,0.000000e+00,0.000000e+00,0.000000e+00,0.000000e+00,0.000000e+00,0.000000e+00
1.000000e+00,0.000000e+00,0.000000e+00,0.000000e+00,0.000000e+00,0.000000e+00,0.000000e+00,0.000000e+00,0.000000e+00,0.000000e+00,0.000000e+00,0.000000e+00,0.000000e+00,0.000000e+00,0.000000e+00
1.000000e+00,0.000000e+00,0.000000e+00,0.000000e+00,0.000000e+00,0.000000e+00,0.000000e+00,0.000000e+00,0.000000e+00,0.000000e+00,0.000000e+00,0.000000e+00,0.000000e+00,0.000000e+00,0.000000e+00
1.000000e+00,0.000000e+00,0.000000e+00,0.000000e+00,0.000000e+00,0.000000e+00,0.000000e+00,0.000000e+00,0.000000e+00,0.000000e+00,0.000000e+00,0.000000e+00,0.000000e+00,0.000000e+00,0.000000e+00
1.000000e+00,0.000000e+00,0.000000e+00,0.000000e+00,0.000000e+00,0.000000e+00,0.000000e+00,0.000000e+00,0.000000e+00,0.000000e+00,0.000000e+00,0.000000e+00,0.000000e+00,0.000000e+00,0.000000e+00
1.000000e+00,0.000000e+00,0.000000e+00,0.000000e+00,0.000000e+00,0.000000e+00,0.000000e+00,0.000000e+00,0.000000e+00,0.000000e+00,0.000000e+00,0.000000e+00,0.000000e+00,0.000000e+00,0.000000e+00
1.000000e+00,0.000000e+00,0.000000e+00,0.000000e+00,0.000000e+00,0.000000e+00,0.000000e+00,0.000000e+00,0.000000e+00,0.000000e+00,0.000000e+00,0.000000e+00,0.000000e+00,0.000000e+00,0.000000e+00
1.000000e+00,0.000000e+00,0.000000e+00,0.000000e+00,0.000000e+00,0.000000e+00,0.000000e+00,0.000000e+00,0.000000e+00,0.000000e+00,0.000000e+00,0.000000e+00,0.000000e+00,0.000000e+00,0.000000e+00
1.000000e+00,0.000000e+00,0.000000e+00,0.000000e+00,0.000000e+00,0.000000e+00,0.000000e+00,0.000000e+00,0.000000e+00,0.000000e+00,0.000000e+00,0.000000e+00,0.000000e+00,0.000000e+00,0.000000e+00
1.000000e+00,0.000000e+00,0.000000e+00,0.000000e+00,0.000000e+00,0.000000e+00,0.000000e+00,0.000000e+00,0.000000e+00,0.000000e+00,0.000000e+00,0.000000e+00,0.000000e+00,0.000000e+00,0.000000e+00
1.000000e+00,0.000000e+00,0.000000e+00,0.000000e+00,0.000000e+00,0.000000e+00,0.000000e+00,0.000000e+00,0.000000e+00,0.000000e+00,0.000000e+00,0.000000e+00,0.000000e+00,0.000000e+00,0.000000e+00
1.000000e+00,0.000000e+00,0.000000e+00,0.000000e+00,0.000000e+00,0.000000e+00,0.000000e+00,0.000000e+00,0.000000e+00,0.000000e+00,0.000000e+00,0.000000e+00,0.000000e+00,0.000000e+00,0.000000e+00
1.000000e+00,0.000000e+00,0.000000e+00,0.000000e+00,0.000000e+00,0.000000e+00,0.000000e+00,0.000000e+00,0.000000e+00,0.000000e+00,0.000000e+00,0.000000e+00,0.000000e+00,0.000000e+00,0.000000e+00
1.000000e+00,0.000000e+00,0.000000e+00,0.000000e+00,0.000000e+00,0.000000e+00,0.000000e+00,0.000000e+00,0.000000e+00,0.000000e+00,0.000000e+00,0.000000e+00,0.000000e+00,0.000000e+00,0.000000e+00
1.000000e+00,0.000000e+00,0.000000e+00,0.000000e+00,0.000000e+00,0.000000e+00,0.000000e+00,0.000000e+00,0.000000e+00,0.000000e+00,0.000000e+00,0.000000e+00,0.000000e+00,0.000000e+00,0.000000e+00
1.000000e+00,0.000000e+00,0.000000e+00,0.000000e+00,0.000000e+00,0.000000e+00,0.000000e+00,0.000000e+00,0.000000e+00,0.000000e+00,0.000000e+00,0.000000e+00,0.000000e+00,0.000000e+00,0.000000e+00
1.000000e+00,0.000000e+00,0.000000e+00,0.000000e+00,0.000000e+00,0.000000e+00,0.000000e+00,0.000000e+00,0.000000e+00,0.000000e+00,0.000000e+00,0.000000e+00,0.000000e+00,0.000000e+00,0.000000e+00
1.000000e+00,0.000000e+00,0.000000e+00,0.000000e+00,0.000000e+00,0.000000e+00,0.000000e+00,0.000000e+00,0.000000e+00,0.000000e+00,0.000000e+00,0.000000e+00,0.000000e+00,0.000000e+00,0.000000e+00
1.000000e+00,0.000000e+00,0.000000e+00,0.000000e+00,0.000000e+00,0.000000e+00,0.000000e+00,0.000000e+00,0.000000e+00,0.000000e+00,0.000000e+00,0.000000e+00,0.000000e+00,0.000000e+00,0.000000e+00
1.000000e+00,0.000000e+00,0.000000e+00,0.000000e+00,0.000000e+00,0.000000e+00,0.000000e+00,0.000000e+00,0.000000e+00,0.000000e+00,0.000000e+00,0.000000e+00,0.000000e+00,0.000000e+00,0.000000e+00
1.000000e+00,0.000000e+00,0.000000e+00,0.000000e+00,0.000000e+00,0.000000e+00,0.000000e+00,0.000000e+00,0.000000e+00,0.000000e+00,0.000000e+00,0.000000e+00,0.000000e+00,0.000000e+00,0.000000e+00
1.000000e+00,0.000000e+00,0.000000e+00,0.000000e+00,0.000000e+00,0.000000e+00,0.000000e+00,0.000000e+00,0.000000e+00,0.000000e+00,0.000000e+00,0.000000e+00,0.000000e+00,0.000000e+00,0.000000e+00
1.000000e+00,0.000000e+00,0.000000e+00,0.000000e+00,0.000000e+00,0.000000e+00,0.000000e+00,0.000000e+00,0.000000e+00,0.000000e+00,0.000000e+00,0.000000e+00,0.000000e+00,0.000000e+00,0.000000e+00
1.000000e+00,0.000000e+00,0.000000e+00,0.000000e+00,0.000000e+00,0.000000e+00,0.000000e+00,0.000000e+00,0.000000e+00,0.000000e+00,0.000000e+00,0.000000e+00,0.000000e+00,0.000000e+00,0.000000e+00
1.000000e+00,0.000000e+00,0.000000e+00,0.000000e+00,0.000000e+00,0.000000e+00,0.000000e+00,0.000000e+00,0.000000e+00,0.000000e+00,0.000000e+00,0.000000e+00,0.000000e+00,0.000000e+00,0.000000e+00
1.000000e+00,0.000000e+00,0.000000e+00,0.000000e+00,0.000000e+00,0.000000e+00,0.000000e+00,0.000000e+00,0.000000e+00,0.000000e+00,0.000000e+00,0.000000e+00,0.000000e+00,0.000000e+00,0.000000e+00
1.000000e+00,0.000000e+00,0.000000e+00,0.000000e+00,0.000000e+00,0.000000e+00,0.000000e+00,0.000000e+00,0.000000e+00,0.000000e+00,0.000000e+00,0.000000e+00,0.000000e+00,0.000000e+00,0.000000e+00
1.000000e+00,0.000000e+00,0.000000e+00,0.000000e+00,0.000000e+00,0.000000e+00,0.000000e+00,0.000000e+00,0.000000e+00,0.000000e+00,0.000000e+00,0.000000e+00,0.000000e+00,0.000000e+00,0.000000e+00
1.000000e+00,0.000000e+00,0.000000e+00,0.000000e+00,0.000000e+00,0.000000e+00,0.000000e+00,0.000000e+00,0.000000e+00,0.000000e+00,0.000000e+00,0.000000e+00,0.000000e+00,0.000000e+00,0.000000e+00
1.000000e+00,0.000000e+00,0.000000e+00,0.000000e+00,0.000000e+00,0.000000e+00,0.000000e+00,0.000000e+00,0.000000e+00,0.000000e+00,0.000000e+00,0.000000e+00,0.000000e+00,0.000000e+00,0.000000e+00
1.000000e+00,0.000000e+00,0.000000e+00,0.000000e+00,0.000000e+00,0.000000e+00,0.000000e+00,0.000000e+00,0.000000e+00,0.000000e+00,0.000000e+00,0.000000e+00,0.000000e+00,0.000000e+00,0.000000e+00
1.000000e+00,0.000000e+00,0.000000e+00,0.000000e+00,0.000000e+00,0.000000e+00,0.000000e+00,0.000000e+00,0.000000e+00,0.000000e+00,0.000000e+00,0.000000e+00,0.000000e+00,0.000000e+00,0.000000e+00
1.000000e+00,0.000000e+00,0.000000e+00,0.000000e+00,0.000000e+00,0.000000e+00,0.000000e+00,0.000000e+00,0.000000e+00,0.000000e+00,0.000000e+00,0.000000e+00,0.000000e+00,0.000000e+00,0.000000e+00
1.000000e+00,0.000000e+00,0.000000e+00,0.000000e+00,0.000000e+00,0.000000e+00,0.000000e+00,0.000000e+00,0.000000e+00,0.000000e+00,0.000000e+00,0.000000e+00,0.000000e+00,0.000000e+00,0.000000e+00
1.000000e+00,0.000000e+00,0.000000e+00,0.000000e+00,0.000000e+00,0.000000e+00,0.000000e+00,0.000000e+00,0.000000e+00,0.000000e+00,0.000000e+00,0.000000e+00,0.000000e+00,0.000000e+00,0.000000e+00
1.000000e+00,0.000000e+00,0.000000e+00,0.000000e+00,0.000000e+00,0.000000e+00,0.000000e+00,0.000000e+00,0.000000e+00,0.000000e+00,0.000000e+00,0.000000e+00,0.000000e+00,0.000000e+00,0.000000e+00
1.000000e+00,0.000000e+00,0.000000e+00,0.000000e+00,0.000000e+00,0.000000e+00,0.000000e+00,0.000000e+00,0.000000e+00,0.000000e+00,0.000000e+00,0.000000e+00,0.000000e+00,0.000000e+00,0.000000e+00
1.000000e+00,0.000000e+00,0.000000e+00,0.000000e+00,0.000000e+00,0.000000e+00,0.000000e+00,0.000000e+00,0.000000e+00,0.000000e+00,0.000000e+00,0.000000e+00,0.000000e+00,0.000000e+00,0.000000e+00
1.000000e+00,0.000000e+00,0.000000e+00,0.000000e+00,0.000000e+00,0.000000e+00,0.000000e+00,0.000000e+00,0.000000e+00,0.000000e+00,0.000000e+00,0.000000e+00,0.000000e+00,0.000000e+00,0.000000e+00
1.000000e+00,0.000000e+00,0.000000e+00,0.000000e+00,0.000000e+00,0.000000e+00,0.000000e+00,0.000000e+00,0.000000e+00,0.000000e+00,0.000000e+00,0.000000e+00,0.000000e+00,0.000000e+00,0.000000e+00
1.000000e+00,0.000000e+00,0.000000e+00,0.000000e+00,0.000000e+00,0.000000e+00,0.000000e+00,0.000000e+00,0.000000e+00,0.000000e+00,0.000000e+00,0.000000e+00,0.000000e+00,0.000000e+00,0.000000e+00
1.000000e+00,0.000000e+00,0.000000e+00,0.000000e+00,0.000000e+00,0.000000e+00,0.000000e+00,0.000000e+00,0.000000e+00,0.000000e+00,0.000000e+00,0.000000e+00,0.000000e+00,0.000000e+00,0.000000e+00
1.000000e+00,0.000000e+00,0.000000e+00,0.000000e+00,0.000000e+00,0.000000e+00,0.000000e+00,0.000000e+00,0.000000e+00,0.000000e+00,0.000000e+00,0.000000e+00,0.000000e+00,0.000000e+00,0.000000e+00
1.000000e+00,0.000000e+00,0.000000e+00,0.000000e+00,0.000000e+00,0.000000e+00,0.000000e+00,0.000000e+00,0.000000e+00,0.000000e+00,0.000000e+00,0.000000e+00,0.000000e+00,0.000000e+00,0.000000e+00
1.000000e+00,0.000000e+00,0.000000e+00,0.000000e+00,0.000000e+00,0.000000e+00,0.000000e+00,0.000000e+00,0.000000e+00,0.000000e+00,0.000000e+00,0.000000e+00,0.000000e+00,0.000000e+00,0.000000e+00
3.957843e-01,1.054603e-02,1.215512e-01,4.076096e-02,6.073912e-03,2.078863e-02,1.037760e-02,3.339721e-01,3.333637e-03,1.181618e-03,9.186342e-03,1.875311e-02,1.433797e-02,2.188045e-03,1.116454e-02
3.051147e-01,7.648882e-03,9.442960e-02,3.210215e-02,4.659044e-03,1.639688e-02,9.107445e-03,4.857457e-01,2.428970e-03,9.240734e-04,6.957929e-03,1.374527e-02,1.064486e-02,1.830911e-03,8.263718e-03
2.217850e-01,5.726184e-03,9.505919e-02,2.938687e-02,3.838086e-03,1.255345e-02,7.259040e-03,5.913460e-01,1.803332e-03,7.746982e-04,5.124735e-03,9.879245e-03,7.742854e-03,1.622021e-03,6.099295e-03
1.642736e-01,4.184373e-03,8.171286e-02,2.577639e-02,3.700860e-03,1.054323e-02,5.524754e-03,6.793293e-01,1.642450e-03,9.302243e-04,3.860652e-03,7.070135e-03,5.699206e-03,1.331800e-03,4.420192e-03
1.653754e-01,5.051454e-03,7.173499e-02,2.553933e-02,1.448174e-02,1.536861e-02,5.609929e-03,6.662176e-01,4.698068e-03,2.647975e-03,4.083223e-03,7.105288e-03,5.380463e-03,2.162266e-03,4.543666e-03
1.819018e-01,6.822668e-03,5.672345e-02,2.495836e-02,2.411561e-02,1.771006e-02,4.950237e-03,6.395630e-01,7.709910e-03,3.512211e-03,5.896125e-03,1.071183e-02,6.851975e-03,2.832756e-03,5.739973e-03
3.385289e-01,6.305703e-03,4.186170e-02,2.048117e-02,2.311900e-02,1.715106e-02,3.805818e-03,5.051786e-01,6.346532e-03,3.207287e-03,5.796279e-03,1.151763e-02,6.610427e-03,3.045812e-03,7.044041e-03
4.844653e-01,5.221875e-03,3.116237e-02,1.672815e-02,1.965619e-02,1.608496e-02,3.080160e-03,3.818676e-01,5.210460e-03,2.803969e-03,5.460109e-03,1.091534e-02,5.991923e-03,3.333781e-03,8.017810e-03
1.000000e+00,0.000000e+00,0.000000e+00,0.000000e+00,0.000000e+00,0.000000e+00,0.000000e+00,0.000000e+00,0.000000e+00,0.000000e+00,0.000000e+00,0.000000e+00,0.000000e+00,0.000000e+00,0.000000e+00
4.853396e-01,7.859793e-03,1.843066e-02,1.953713e-02,1.413438e-02,2.633487e-02,2.568180e-03,2.001331e-01,1.004730e-01,1.236481e-02,1.613738e-02,1.579936e-02,8.870296e-03,7.198009e-03,6.481955e-02
3.447544e-01,9.630568e-03,1.390004e-02,1.730410e-02,1.047216e-02,4.475582e-02,1.927557e-03,1.404351e-01,9.054724e-02,1.018713e-02,1.509457e-01,3.510481e-02,7.506023e-03,3.348021e-02,8.904921e-02
2.513512e-01,1.159151e-02,1.002038e-02,1.340085e-02,7.998473e-03,4.087278e-02,1.717743e-03,9.866948e-02,8.621243e-02,7.610882e-03,2.254609e-01,4.590842e-02,6.656658e-03,1.192819e-01,7.324636e-02
1.842953e-01,1.459044e-02,7.274171e-03,1.021495e-02,5.811850e-03,4.031663e-02,1.567500e-03,6.926043e-02,7.523540e-02,5.768139e-03,2.696146e-01,4.896820e-02,6.797579e-03,2.020660e-01,5.821889e-02
1.312574e-01,1.132491e-02,5.336718e-03,7.791411e-03,4.154215e-03,3.573534e-02,2.054511e-03,4.874153e-02,6.386665e-02,4.827117e-03,2.340822e-01,4.722565e-02,5.657115e-03,3.543206e-01,4.362457e-02
9.224840e-02,8.638266e-03,3.867488e-03,5.658924e-03,3.064377e-03,3.011011e-02,1.586335e-03,3.422453e-02,5.390631e-02,4.201640e-03,2.451462e-01,4.641445e-02,4.727970e-03,4.335216e-01,3.268348e-02
6.469834e-02,7.366586e-03,2.798072e-03,4.105297e-03,2.321356e-03,2.196969e-02,1.156915e-03,2.398459e-02,5.797261e-02,3.685944e-03,2.155895e-01,4.441040e-02,3.628274e-03,5.222914e-01,2.402102e-02
4.562429e-02,6.218153e-03,2.082533e-03,3.020096e-03,1.744077e-03,1.678279e-02,8.599468e-04,1.683681e-02,6.549817e-02,3.387628e-03,1.856025e-01,3.809645e-02,2.746494e-03,5.941567e-01,1.734333e-02
3.225360e-02,4.979027e-03,1.610095e-03,2.341847e-03,1.330845e-03,1.351072e-02,6.411836e-04,1.182727e-02,7.712337e-02,3.084589e-03,1.609749e-01,2.978866e-02,2.002233e-03,6.460671e-01,1.246459e-02
2.274185e-02,8.384669e-03,1.483723e-03,1.808723e-03,1.222482e-03,1.472501e-02,4.839286e-04,8.327607e-03,1.228095e-01,2.916426e-03,1.539212e-01,2.334056e-02,1.489358e-03,6.273705e-01,8.974499e-03
1.605385e-02,6.913302e-03,1.300113e-03,2.179241e-03,1.385380e-03,1.199398e-02,3.717944e-04,6.050259e-03,1.367170e-01,3.573345e-03,1.895376e-01,1.866520e-02,1.764854e-03,5.967599e-01,6.734277e-03
1.130484e-02,5.793697e-03,1.126363e-03,1.890248e-03,1.349146e-03,1.038110e-02,2.951840e-04,4.343981e-03,1.772157e-01,4.282272e-03,1.883381e-01,1.582779e-02,1.359953e-03,5.715320e-01,4.959642e-03
8.220367e-03,5.174552e-03,1.268449e-03,2.045797e-03,2.257235e-03,8.724538e-03,2.683784e-04,3.836244e-03,2.243384e-01,5.039098e-03,1.918957e-01,1.354477e-02,1.293877e-03,5.282806e-01,3.812104e-03
5.852177e-03,5.250732e-03,1.218923e-03,1.725869e-03,2.105173e-03,9.313202e-03,2.164020e-04,2.814130e-03,2.785965e-01,4.193442e-03,1.615962e-01,1.091441e-02,1.078105e-03,5.122465e-01,2.878258e-03
5.212295e-03,1.584733e-02,2.114001e-03,5.664959e-03,5.837422e-03,8.750331e-03,3.796100e-04,3.454386e-03,4.158657e-01,4.406195e-03,1.239761e-01,8.854393e-03,1.768955e-03,3.931046e-01,4.763781e-03
6.757964e-03,1.526902e-02,2.615966e-03,1.196202e-02,8.812262e-03,9.033898e-03,5.353806e-04,6.920341e-03,4.828547e-01,6.750928e-03,1.011530e-01,8.087176e-03,2.689518e-03,3.266786e-01,9.879245e-03
9.499710e-03,1.286590e-02,3.003209e-03,1.533673e-02,8.553984e-03,8.582816e-03,5.399410e-04,6.159737e-03,5.039153e-01,8.860342e-03,8.916391e-02,7.344415e-03,2.546974e-03,3.104504e-01,1.317662e-02
1.529419e-02,1.808676e-02,4.848133e-03,1.546179e-02,8.466955e-03,9.414063e-03,5.016207e-04,5.376302e-03,5.101160e-01,1.050516e-02,8.270451e-02,6.593878e-03,2.314981e-03,2.942485e-01,1.606709e-02
2.024855e-02,1.743843e-02,5.354511e-03,1.571978e-02,9.154912e-03,1.171032e-02,4.342679e-04,4.378623e-03,4.876561e-01,1.104870e-02,7.423863e-02,5.450001e-03,2.244206e-03,3.165747e-01,1.834822e-02
2.894485e-02,1.810302e-02,5.659068e-03,1.800289e-02,1.298128e-02,1.433253e-02,5.339502e-04,1.491184e-02,5.129622e-01,1.013936e-02,6.695202e-02,5.013993e-03,2.830481e-03,2.719621e-01,1.667045e-02
4.721480e-02,1.764304e-02,9.443313e-03,3.402706e-02,1.794321e-02,1.827274e-02,7.203196e-04,1.662056e-02,5.109446e-01,9.840704e-03,5.679996e-02,5.446424e-03,4.031498e-03,2.259490e-01,2.510280e-02
4.473782e-02,1.509100e-02,8.938780e-03,4.290583e-02,1.769433e-02,4.367527e-02,1.474485e-03,1.939964e-02,5.049479e-01,9.191028e-03,6.046151e-02,8.327313e-03,1.938933e-02,1.774361e-01,2.632972e-02
4.720726e-02,2.349450e-02,1.272204e-02,3.952263e-02,2.176312e-02,9.735940e-02,1.717614e-03,2.939820e-02,4.009835e-01,1.079246e-02,7.465445e-02,3.277957e-02,4.074034e-02,1.349850e-01,3.187994e-02
5.442360e-02,2.847440e-02,2.332505e-02,3.254974e-02,2.839015e-02,1.408055e-01,2.021310e-03,3.569961e-02,3.411531e-01,1.284435e-02,7.218622e-02,3.853542e-02,4.342816e-02,1.146579e-01,3.150560e-02
5.785429e-02,4.952417e-02,2.372741e-02,2.975416e-02,4.425816e-02,1.292562e-01,1.932052e-03,3.286130e-02,3.017811e-01,1.360552e-02,1.088993e-01,3.940893e-02,3.827113e-02,9.651692e-02,3.234936e-02
6.492934e-02,7.180324e-02,3.429293e-02,3.214242e-02,5.646156e-02,1.480756e-01,2.081267e-03,7.533546e-02,2.582426e-01,1.173074e-02,8.145010e-02,3.039842e-02,2.904436e-02,7.595187e-02,2.806013e-02
6.504335e-02,7.048780e-02,2.768949e-02,2.437665e-02,7.323974e-02,2.240723e-01,2.387762e-03,7.409328e-02,2.425414e-01,8.775108e-03,6.104549e-02,2.196828e-02,2.135995e-02,5.884876e-02,2.407060e-02
1.117624e-01,6.967602e-02,2.246795e-02,3.118352e-02,9.723518e-02,2.113624e-01,2.451497e-03,7.622980e-02,2.259173e-01,6.790548e-03,4.448226e-02,1.804811e-02,1.568690e-02,4.353500e-02,2.317105e-02
1.211801e-01,6.842086e-02,1.615645e-02,2.498455e-02,1.198536e-01,2.645807e-01,2.605385e-03,6.604679e-02,2.036570e-01,4.890851e-03,3.218290e-02,1.314448e-02,1.139268e-02,3.350164e-02,1.740204e-02
1.611447e-01,5.631181e-02,1.455487e-02,3.246396e-02,1.673207e-01,1.971466e-01,3.191523e-03,8.380385e-02,2.010811e-01,3.623667e-03,2.305041e-02,9.860334e-03,8.456868e-03,2.505805e-02,1.293152e-02
1.649232e-01,4.756009e-02,4.413897e-02,7.723822e-02,1.399629e-01,1.439244e-01,3.181089e-03,1.065296e-01,2.104588e-01,2.777559e-03,1.652559e-02,7.549964e-03,6.424810e-03,1.778270e-02,1.102200e-02
1.451311e-01,4.327595e-02,3.296941e-02,5.929351e-02,1.459651e-01,1.252812e-01,2.734028e-03,9.075496e-02,3.089829e-01,2.078146e-03,1.179881e-02,5.484380e-03,4.771706e-03,1.270721e-02,8.771606e-03
1.693326e-01,3.530712e-02,3.220404e-02,9.634702e-02,1.378642e-01,9.915169e-02,2.682729e-03,1.142588e-01,2.767432e-01,1.576078e-03,9.187172e-03,5.245271e-03,4.320317e-03,9.162543e-03,6.617194e-03
1.980254e-01,2.995506e-02,2.396001e-02,7.702388e-02,1.329759e-01,1.115622e-01,2.922116e-03,1.006182e-01,2.923213e-01,1.146564e-03,7.045272e-03,4.760741e-03,5.870452e-03,6.586579e-03,5.226358e-03
2.681456e-01,2.269992e-02,1.775422e-02,5.746895e-02,1.085196e-01,1.746377e-01,2.613398e-03,7.162621e-02,2.464493e-01,8.682504e-04,5.993539e-03,4.814002e-03,8.990624e-03,4.967651e-03,4.451095e-03
3.104465e-01,1.835593e-02,1.395601e-02,5.083893e-02,1.301480e-01,1.605985e-01,2.120189e-03,5.892881e-02,2.288096e-01,6.640730e-04,5.039088e-03,5.664877e-03,7.481930e-03,3.580038e-03,3.367706e-03
3.563373e-01,1.854465e-02,1.065088e-02,4.265192e-02,1.154030e-01,1.518671e-01,1.960120e-03,5.755118e-02,2.184925e-01,6.491495e-04,4.900523e-03,7.714472e-03,6.763773e-03,2.919722e-03,3.593655e-03
3.756899e-01,1.530373e-02,9.321952e-03,4.051244e-02,1.077895e-01,1.114847e-01,2.191508e-03,1.360240e-01,1.770529e-01,6.409903e-04,4.762850e-03,7.218157e-03,6.152975e-03,2.368539e-03,3.485901e-03
4.718918e-01,1.458261e-02,8.244682e-03,3.330031e-02,9.011392e-02,8.817694e-02,2.095974e-03,1.158808e-01,1.479309e-01,8.766564e-04,5.009952e-03,7.624734e-03,6.026863e-03,3.046266e-03,5.197641e-03
1.000000e+00,0.000000e+00,0.000000e+00,0.000000e+00,0.000000e+00,0.000000e+00,0.000000e+00,0.000000e+00,0.000000e+00,0.000000e+00,0.000000e+00,0.000000e+00,0.000000e+00,0.000000e+00,0.000000e+00
1.000000e+00,0.000000e+00,0.000000e+00,0.000000e+00,0.000000e+00,0.000000e+00,0.000000e+00,0.000000e+00,0.000000e+00,0.000000e+00,0.000000e+00,0.000000e+00,0.000000e+00,0.000000e+00,0.000000e+00
1.000000e+00,0.000000e+00,0.000000e+00,0.000000e+00,0.000000e+00,0.000000e+00,0.000000e+00,0.000000e+00,0.000000e+00,0.000000e+00,0.000000e+00,0.000000e+00,0.000000e+00,0.000000e+00,0.000000e+00
1.000000e+00,0.000000e+00,0.000000e+00,0.000000e+00,0.000000e+00,0.000000e+00,0.000000e+00,0.000000e+00,0.000000e+00,0.000000e+00,0.000000e+00,0.000000e+00,0.000000e+00,0.000000e+00,0.000000e+00
4.550124e-01,7.358077e-03,4.655477e-03,2.195585e-02,1.820732e-02,8.795494e-02,4.836177e-03,6.346320e-02,3.531795e-02,1.188453e-03,4.950223e-03,2.301674e-02,2.600713e-01,2.549071e-03,9.462766e-03
3.314006e-01,6.995683e-03,4.908027e-03,2.873406e-02,1.539098e-02,1.222344e-01,5.226180e-03,4.613731e-02,2.788050e-02,1.039873e-03,5.943245e-03,2.257621e-02,3.706306e-01,1.924497e-03,8.977923e-03
2.422519e-01,5.629534e-03,5.111285e-03,2.070784e-02,1.318711e-02,1.092079e-01,5.076015e-03,3.312977e-02,2.195993e-02,8.179169e-04,6.381753e-03,2.492768e-02,5.019523e-01,1.442070e-03,8.217024e-03
1.980924e-01,6.227828e-03,8.637951e-03,1.497660e-02,2.114180e-02,1.379553e-01,7.827896e-03,2.673848e-02,1.887591e-02,8.329289e-04,1.067324e-02,3.008537e-02,5.095161e-01,1.215207e-03,7.203025e-03
1.444204e-01,4.852755e-03,6.724139e-03,1.064158e-02,1.590065e-02,1.447401e-01,6.399603e-03,1.905354e-02,1.433147e-02,1.010703e-03,1.530405e-02,4.173575e-02,5.681952e-01,1.028660e-03,5.661484e-03
1.214132e-01,3.984597e-03,5.129130e-03,7.771324e-03,1.236436e-02,1.616033e-01,5.494488e-03,1.376391e-02,1.242831e-02,1.212751e-03,1.918634e-02,6.680231e-02,5.628873e-01,1.282753e-03,4.676013e-03
8.885483e-02,2.898820e-03,3.785123e-03,5.491632e-03,9.008858e-03,1.613195e-01,4.208827e-03,9.712536e-03,1.058155e-02,1.468554e-03,1.754657e-02,1.322732e-01,5.475759e-01,1.759820e-03,3.514329e-03
6.682545e-02,2.313754e-03,2.986574e-03,3.936299e-03,7.190060e-03,1.168374e-01,3.403706e-03,6.941736e-03,1.106416e-02,2.084672e-03,2.061854e-02,1.956472e-01,5.549321e-01,2.049056e-03,3.169265e-03
5.155848e-02,1.845519e-03,2.307036e-03,2.851147e-03,5.945251e-03,8.485492e-02,2.715401e-03,5.021951e-03,1.063002e-02,2.750740e-03,2.257951e-02,3.055140e-01,4.965582e-01,2.179853e-03,2.688002e-03
3.958524e-02,1.421336e-03,1.747089e-03,2.110203e-03,5.145461e-03,6.481739e-02,2.122486e-03,3.693540e-03,1.072632e-02,3.108572e-03,1.997360e-02,3.750758e-01,4.654172e-01,2.521573e-03,2.534191e-03
3.193160e-02,1.186246e-03,1.554831e-03,1.611163e-03,7.631548e-03,5.470654e-02,1.950558e-03,3.348151e-03,1.399290e-02,2.658100e-03,1.763152e-02,4.717534e-01,3.856604e-01,2.154872e-03,2.228219e-03
2.402530e-02,1.168854e-03,1.334812e-03,1.199194e-03,9.370960e-03,1.093331e-01,1.789856e-03,3.377971e-03,1.776371e-02,2.049784e-03,1.460838e-02,5.254391e-01,2.851490e-01,1.728783e-03,1.661179e-03
1.818490e-02,2.358983e-03,1.900123e-03,8.692973e-04,1.080720e-02,9.073504e-02,1.583035e-03,3.595048e-03,1.595591e-02,2.277890e-03,1.072188e-02,6.325315e-01,2.057633e-01,1.455022e-03,1.260754e-03
1.488587e-02,4.165886e-03,2.592201e-03,6.669420e-04,1.428230e-02,7.694720e-02,1.528740e-03,4.480935e-03,1.922288e-02,2.463743e-03,8.088954e-03,6.991215e-01,1.491400e-01,1.352379e-03,1.060388e-03
1.414287e-02,1.183102e-02,8.996231e-03,8.783917e-04,1.755594e-02,1.123984e-01,1.923261e-03,7.629492e-03,2.922824e-02,4.296151e-03,7.735155e-03,6.672997e-01,1.117641e-01,2.540843e-03,1.780122e-03
1.571401e-02,1.711679e-02,9.478938e-03,1.443563e-03,2.624344e-02,1.307105e-01,3.234548e-03,1.081179e-02,5.345241e-02,4.372473e-03,9.056838e-03,6.271429e-01,8.660175e-02,2.520981e-03,2.099043e-03
1.819018e-02,3.788291e-02,9.369805e-03,1.931925e-03,3.160397e-02,1.807388e-01,3.430000e-03,1.357572e-02,9.976023e-02,4.580141e-03,9.310249e-03,5.191010e-01,6.365817e-02,3.302867e-03,3.564054e-03
2.097110e-02,1.037495e-01,4.584743e-02,3.917071e-02,2.705234e-02,1.556767e-01,2.823675e-03,1.859611e-02,1.176713e-01,1.266590e-02,1.121433e-02,3.811950e-01,4.875189e-02,2.783961e-03,1.183009e-02
2.463718e-02,1.410664e-01,4.267115e-02,3.423923e-02,2.332082e-02,1.549050e-01,2.881710e-03,2.573350e-02,1.546851e-01,1.890500e-02,1.904901e-02,2.914617e-01,4.065287e-02,4.570247e-03,2.122120e-02
2.286245e-02,1.639895e-01,4.875453e-02,7.122882e-02,1.713405e-02,1.143988e-01,2.196898e-03,2.329519e-02,1.698118e-01,3.250026e-02,1.891462e-02,2.070486e-01,3.335745e-02,3.907111e-03,7.059990e-02
2.202155e-02,1.952281e-01,4.024093e-02,6.075550e-02,1.293771e-02,8.918913e-02,1.739440e-03,2.546273e-02,1.939510e-01,4.036848e-02,3.115139e-02,1.571768e-01,4.389435e-02,5.017173e-03,8.086567e-02
2.262265e-02,1.721090e-01,3.717348e-02,4.913604e-02,1.019458e-02,6.522577e-02,1.660722e-03,3.960158e-02,1.830207e-01,3.348894e-02,8.566152e-02,1.255363e-01,8.771911e-02,8.141248e-03,7.870840e-02
2.105632e-02,1.455451e-01,3.001095e-02,3.883977e-02,1.079413e-02,6.830348e-02,1.286467e-03,2.913791e-02,2.470162e-01,2.497306e-02,7.668094e-02,9.606478e-02,1.237418e-01,8.691726e-03,7.785736e-02
1.564254e-02,1.214660e-01,2.231183e-02,2.782617e-02,1.132135e-02,7.528961e-02,1.011311e-03,2.052963e-02,2.924988e-01,1.850493e-02,5.893314e-02,7.444759e-02,1.697906e-01,1.106763e-02,7.935899e-02
1.170629e-02,1.120067e-01,1.686138e-02,2.187523e-02,9.212431e-03,6.328923e-02,9.240110e-04,1.459312e-02,3.386779e-01,2.266269e-02,4.373650e-02,5.928091e-02,2.041980e-01,9.885890e-03,7.108972e-02
9.775182e-03,9.446657e-02,1.365397e-02,1.892284e-02,1.000886e-02,5.997332e-02,1.264919e-03,1.074850e-02,3.084223e-01,1.776735e-02,3.400235e-02,5.297197e-02,2.894300e-01,1.001623e-02,6.857561e-02
8.719756e-03,7.461806e-02,1.048620e-02,1.539987e-02,9.606184e-03,5.311986e-02,1.336655e-03,8.001545e-03,2.281221e-01,1.341579e-02,2.831995e-02,4.523756e-02,4.197953e-01,8.440644e-03,7.538050e-02
8.772803e-03,5.552096e-02,1.055482e-02,1.427269e-02,1.155122e-02,5.281156e-02,2.722271e-03,6.682306e-03,1.721248e-01,1.039107e-02,2.930276e-02,3.735736e-02,5.110496e-01,7.205777e-03,6.967996e-02
1.128258e-02,4.436155e-02,8.910503e-03,1.479797e-02,1.006031e-02,5.309348e-02,2.315997e-03,5.005911e-03,1.386909e-01,8.288592e-03,2.738470e-02,4.128773e-02,5.698476e-01,7.467745e-03,5.720444e-02
1.467885e-02,3.362396e-02,7.373239e-03,1.135381e-02,1.425584e-02,4.204133e-02,2.671620e-03,3.979729e-03,1.166568e-01,6.552999e-03,2.607474e-02,3.880353e-02,6.294938e-01,6.748331e-03,4.569144e-02
1.586652e-02,2.642385e-02,5.473075e-03,8.400232e-03,1.203980e-02,3.738355e-02,2.221205e-03,3.178110e-03,9.618621e-02,5.162828e-03,4.925949e-02,7.437560e-02,6.205536e-01,8.075394e-03,3.540057e-02
1.949263e-02,2.025072e-02,4.134709e-03,6.385677e-03,9.194002e-03,3.507864e-02,1.706508e-03,2.499016e-03,7.541988e-02,5.469010e-03,6.961820e-02,1.551661e-01,5.619166e-01,7.867304e-03,2.580103e-02
1.695169e-02,1.509829e-02,3.122411e-03,4.665270e-03,6.965481e-03,4.185177e-02,1.250366e-03,1.798883e-03,6.144317e-02,5.380525e-03,6.235753e-02,3.237537e-01,4.311607e-01,5.924458e-03,1.827582e-02
1.676881e-02,1.130811e-02,2.333270e-03,3.386495e-03,5.238062e-03,5.802733e-02,9.145831e-04,1.289450e-03,4.897008e-02,5.071493e-03,5.086866e-02,4.589671e-01,3.195226e-01,4.394641e-03,1.293940e-02
1.708230e-02,8.629438e-03,1.924803e-03,2.490247e-03,3.857272e-03,5.303446e-02,6.902231e-04,9.455819e-04,4.243605e-02,4.764560e-03,4.007604e-02,5.685225e-01,2.431112e-01,3.301519e-03,9.133855e-03
1.387009e-02,6.231605e-03,1.419197e-03,1.929231e-03,2.836457e-03,7.036836e-02,5.022219e-04,6.847882e-04,3.947213e-02,4.203126e-03,3.193667e-02,6.195050e-01,1.980798e-01,2.479997e-03,6.481359e-03
1.066167e-02,4.566338e-03,1.287699e-03,1.469422e-03,2.708739e-03,5.916844e-02,4.396253e-04,5.699106e-04,4.275879e-02,3.745025e-03,2.553990e-02,6.835053e-01,1.571470e-01,1.841333e-03,4.590851e-03
1.034914e-02,3.679435e-03,1.535577e-03,1.162462e-03,7.652747e-03,5.038133e-02,9.895365e-04,6.594033e-04,5.106429e-02,4.250743e-03,2.258811e-02,6.776907e-01,1.630947e-01,1.404112e-03,3.497625e-03
1.080263e-02,2.904161e-03,1.548389e-03,9.443789e-04,8.885495e-03,4.435257e-02,9.478499e-04,6.319790e-04,4.686222e-02,5.862188e-03,2.092756e-02,6.900634e-01,1.614725e-01,1.118069e-03,2.676646e-03
9.162628e-03,2.377144e-03,1.275481e-03,7.306311e-04,6.921220e-03,3.280374e-02,6.921001e-04,6.179869e-04,3.865784e-02,6.309508e-03,1.753060e-02,7.462329e-01,1.338390e-01,9.108683e-04,1.938374e-03
8.525982e-03,1.972663e-03,1.012358e-03,6.252208e-04,6.676244e-03,2.562933e-02,5.439586e-04,7.743932e-04,4.687439e-02,6.373045e-03,1.401158e-02,7.763872e-01,1.084375e-01,7.545296e-04,1.401586e-03
1.223812e-02,1.771298e-03,1.029218e-03,5.909161e-04,6.275667e-03,2.113494e-02,4.298369e-04,8.374982e-04,4.429949e-02,5.835006e-03,1.112787e-02,8.097894e-01,8.297526e-02,6.273600e-04,1.038041e-03
1.410753e-02,2.416174e-03,9.851158e-04,4.766471e-04,8.183127e-03,1.523022e-02,3.935597e-04,9.617024e-04,1.165556e-01,4.520219e-03,8.834376e-03,7.574273e-01,6.867686e-02,4.872796e-04,7.442404e-04
2.453746e-02,2.476940e-03,8.947045e-04,4.217673e-04,7.053789e-03,1.142946e-02,3.370335e-04,1.122275e-03,1.014656e-01,4.035212e-03,7.751504e-03,7.837793e-01,5.374879e-02,4.038077e-04,5.423483e-04
2.555717e-02,2.267189e-03,7.102257e-04,3.758681e-04,5.190017e-03,9.216891e-03,2.595134e-04,1.221860e-03,8.941595e-02,3.263227e-03,6.323735e-03,8.146622e-01,4.077393e-02,3.421915e-04,4.200098e-04
2.574400e-02,2.272133e-03,6.058104e-04,3.828888e-04,5.455718e-03,7.224013e-03,2.355621e-04,2.638697e-03,1.235424e-01,3.173652e-03,6.179934e-03,7.844926e-01,3.744930e-02,2.788540e-04,3.245517e-04
2.694015e-02,1.919954e-03,4.823146e-04,3.668684e-04,5.734885e-03,6.050261e-03,2.366172e-04,3.360754e-03,1.226476e-01,3.061466e-03,5.787877e-03,7.876003e-01,3.524053e-02,3.172507e-04,2.532203e-04
2.503655e-02,1.946732e-03,4.739020e-04,3.827004e-04,1.410678e-02,4.871417e-03,2.741826e-04,4.298201e-03,1.987539e-01,3.197297e-03,5.211412e-03,7.045403e-01,3.642357e-02,2.836935e-04,1.994741e-04
2.132694e-02,1.767173e-03,4.036384e-04,3.906941e-04,1.649693e-02,4.227906e-03,3.123456e-04,4.470793e-03,2.379878e-01,2.839546e-03,5.102068e-03,6.682606e-01,3.598533e-02,2.663987e-04,1.618438e-04
1.786982e-02,1.431335e-03,3.128083e-04,3.322630e-04,3.868501e-02,3.287379e-03,6.898875e-04,3.952481e-03,3.651812e-01,2.158809e-03,4.669689e-03,5.280225e-01,3.308133e-02,2.039593e-04,1.215456e-04
1.533731e-02,1.240354e-03,3.332507e-04,3.038331e-04,6.741272e-02,2.481860e-03,8.925404e-04,4.962908e-03,4.009649e-01,1.706141e-03,4.128592e-03,4.690423e-01,3.093984e-02,1.591776e-04,9.430542e-05
1.494783e-02,1.094422e-03,4.560579e-04,3.085361e-04,1.230802e-01,2.670459e-03,1.813809e-03,7.182394e-03,4.113097e-01,1.337613e-03,3.620688e-03,4.060237e-01,2.593319e-02,1.292184e-04,9.224321e-05
1.376867e-02,9.766835e-04,5.582679e-04,4.516058e-04,1.614611e-01,2.434207e-03,2.144946e-03,9.989200e-03,4.715781e-01,9.817515e-04,2.949215e-03,3.117923e-01,2.071909e-02,1.004672e-04,9.430628e-05
1.191225e-02,9.384465e-04,4.885807e-04,4.796562e-04,1.529879e-01,2.076332e-03,1.883613e-03,1.059394e-02,5.675061e-01,7.157297e-04,2.362858e-03,2.305174e-01,1.735554e-02,7.963196e-05,1.019161e-04
1.466451e-02,7.526418e-04,6.881244e-04,2.160861e-03,2.417373e-01,3.319013e-03,2.731340e-03,1.452397e-02,5.414866e-01,5.214317e-04,1.861625e-03,1.624784e-01,1.289266e-02,6.061327e-05,1.208388e-04
2.066123e-02,7.788180e-04,6.495384e-04,4.524879e-03,3.397529e-01,3.111754e-03,3.663623e-03,1.457522e-02,4.850695e-01,3.924218e-04,1.576035e-03,1.153670e-01,9.640265e-03,5.185021e-05,1.849208e-04
2.973527e-02,8.289724e-04,5.175532e-04,3.814463e-03,4.220706e-01,3.062547e-03,3.131054e-03,1.205394e-02,4.317806e-01,3.017572e-04,2.437095e-03,8.300851e-02,6.961992e-03,9.476448e-05,2.009940e-04
4.762477e-02,2.109291e-03,8.402526e-04,5.173146e-03,4.048067e-01,6.327230e-03,2.775361e-03,1.252425e-02,4.420945e-01,2.862496e-04,8.431035e-03,6.100071e-02,5.167764e-03,4.696012e-04,3.691644e-04
6.348522e-02,2.390387e-03,7.476614e-04,5.814012e-03,3.966885e-01,7.414774e-03,2.651694e-03,1.169393e-02,4.481669e-01,2.622184e-04,9.863508e-03,4.586480e-02,3.994924e-03,4.700525e-04,4.914444e-04
8.079132e-02,7.759724e-03,1.479940e-03,4.562193e-02,4.225520e-01,6.254492e-03,3.301746e-03,1.746356e-02,3.669231e-01,2.544502e-04,8.708747e-03,3.458654e-02,3.200788e-03,4.083540e-04,6.933338e-04
1.127873e-01,9.624325e-03,2.110554e-03,9.657200e-02,4.130543e-01,7.251677e-03,2.900834e-03,2.191882e-02,2.908221e-01,7.452835e-04,7.769726e-03,2.718544e-02,2.794254e-03,4.465250e-04,4.016879e-03
1.579260e-01,1.245055e-02,6.796193e-03,1.685340e-01,3.244709e-01,6.575079e-03,2.378769e-03,2.551148e-02,2.392097e-01,2.933289e-03,9.849643e-03,2.592288e-02,7.099824e-03,6.984684e-04,9.643227e-03
2.535940e-01,1.353963e-02,8.518653e-03,1.416591e-01,3.000094e-01,8.478112e-03,2.242067e-03,2.110562e-02,1.995726e-01,2.454203e-03,9.622285e-03,2.097290e-02,7.321646e-03,1.574953e-03,9.334818e-03
2.362338e-01,2.008850e-02,1.140506e-02,2.145981e-01,2.251297e-01,7.337149e-03,1.965478e-03,1.729539e-02,1.865000e-01,6.999807e-03,1.180468e-02,1.691977e-02,8.342408e-03,1.574840e-03,3.380524e-02
2.569547e-01,3.705329e-02,1.056255e-02,1.722640e-01,1.846505e-01,9.008662e-03,2.290565e-03,1.770549e-02,1.984329e-01,5.810096e-03,1.048677e-02,1.234691e-02,4.964484e-02,1.440820e-03,3.134793e-02
1.930534e-01,4.353108e-02,3.351735e-02,2.578545e-01,1.343157e-01,7.813905e-03,2.089484e-03,1.323646e-02,1.822482e-01,7.040879e-03,8.676416e-03,9.197582e-03,3.653693e-02,1.299309e-03,6.958866e-02
1.694628e-01,5.060329e-02,3.903919e-02,2.538175e-01,9.523848e-02,6.578960e-03,1.800054e-03,1.061719e-02,1.799056e-01,9.010596e-03,1.313407e-02,7.744014e-03,3.331112e-02,2.014920e-03,1.277222e-01
1.521053e-01,5.006720e-02,3.271736e-02,2.021152e-01,6.825084e-02,7.633056e-03,3.233038e-03,8.128488e-03,1.347478e-01,8.192266e-03,1.565354e-02,5.880505e-03,2.149864e-01,2.126908e-03,9.416208e-02
1.350490e-01,8.046404e-02,3.095837e-02,2.111568e-01,4.977509e-02,7.548726e-03,4.895709e-03,5.849604e-03,1.226924e-01,1.934372e-02,2.044963e-02,5.349073e-03,2.137819e-01,3.663958e-03,8.902198e-02
1.817697e-01,8.465769e-02,2.652096e-02,1.746574e-01,3.592338e-02,1.381376e-02,6.340179e-03,4.591545e-03,1.194901e-01,2.009146e-02,2.396386e-02,1.168828e-02,2.036912e-01,6.096319e-03,8.670419e-02
2.794811e-01,6.566181e-02,2.025573e-02,1.286099e-01,2.613635e-02,2.285661e-02,9.670371e-03,4.942243e-03,9.840859e-02,1.601968e-02,2.397216e-02,1.038051e-02,2.208587e-01,5.802374e-03,6.694378e-02
2.285819e-01,6.984788e-02,1.674821e-02,1.158766e-01,1.863029e-02,1.840554e-02,7.586324e-03,3.751573e-03,2.538157e-01,1.332809e-02,1.775474e-02,9.465097e-03,1.663924e-01,4.649977e-03,5.516566e-02
2.645385e-01,5.073130e-02,1.257813e-02,9.206016e-02,1.412344e-02,1.762345e-02,8.951634e-03,3.390342e-03,2.021860e-01,1.001077e-02,1.496820e-02,9.326536e-03,2.498268e-01,4.731669e-03,4.495309e-02
2.401053e-01,3.658609e-02,9.590014e-03,7.311460e-02,1.132395e-02,2.187344e-02,8.456399e-03,2.733005e-03,1.450145e-01,7.671894e-03,1.235066e-02,9.191517e-03,3.638355e-01,4.747775e-03,5.340540e-02
3.672625e-01,2.733712e-02,7.355287e-03,5.405430e-02,9.304042e-03,2.519178e-02,8.290368e-03,2.577147e-03,1.044834e-01,6.079897e-03,1.041957e-02,9.385736e-03,3.199521e-01,4.807429e-03,4.349935e-02
3.673958e-01,2.016248e-02,5.318983e-03,4.015320e-02,8.371296e-03,2.521175e-02,7.850001e-03,1.988879e-03,7.468241e-02,5.901404e-03,1.371400e-02,2.207181e-02,3.594802e-01,6.129257e-03,4.156858e-02
3.137368e-01,1.538523e-02,4.955367e-03,2.968451e-02,1.039339e-02,2.805212e-02,6.466982e-03,1.484556e-03,6.501861e-02,7.982831e-03,2.812689e-02,4.064472e-02,4.072866e-01,5.076120e-03,3.570529e-02
2.501688e-01,1.151839e-02,4.630712e-03,2.124920e-02,1.273667e-02,2.815592e-02,5.149001e-03,1.292408e-03,6.214478e-02,9.807652e-03,5.679062e-02,7.304919e-02,4.151850e-01,4.702701e-03,4.341901e-02
2.239373e-01,9.129260e-03,3.911744e-03,1.601285e-02,1.322537e-02,5.723107e-02,5.363598e-03,1.090523e-03,5.285671e-02,1.200592e-02,5.771888e-02,7.729649e-02,4.103017e-01,5.179143e-03,5.473943e-02
1.646696e-01,7.836121e-03,1.723189e-02,1.278243e-02,1.365659e-02,4.492160e-02,4.335353e-03,1.176278e-03,4.416273e-02,1.371483e-02,5.843777e-02,6.220797e-02,4.274645e-01,4.431828e-03,1.229705e-01
1.200436e-01,6.035410e-03,1.782798e-02,9.554244e-03,1.116252e-02,3.276891e-02,3.389715e-03,1.472531e-03,3.590438e-02,1.298423e-02,5.488396e-02,4.647383e-02,3.403331e-01,3.874759e-03,3.032909e-01
9.663357e-02,9.528863e-03,2.091973e-02,1.135521e-02,4.293601e-02,2.547771e-02,3.430921e-03,9.227440e-03,1.062882e-01,1.624459e-02,6.211423e-02,3.890324e-02,2.843575e-01,3.182061e-03,2.694007e-01
1.027670e-01,1.188229e-02,2.364944e-02,1.745382e-02,4.630390e-02,2.289202e-02,4.616622e-03,4.397442e-02,1.828005e-01,1.753189e-02,5.138446e-02,3.346270e-02,2.142479e-01,2.619406e-03,2.244137e-01
1.233957e-01,1.438735e-02,4.212542e-02,3.484010e-02,4.381651e-02,2.012879e-02,4.849649e-03,6.718650e-02,2.033548e-01,1.464983e-02,4.140453e-02,2.657024e-02,1.583781e-01,2.368774e-03,2.025438e-01
1.999913e-01,1.879971e-02,5.421610e-02,3.756175e-02,4.622212e-02,1.728766e-02,7.200911e-03,5.622740e-02,2.319853e-01,1.416115e-02,3.041654e-02,1.995447e-02,1.129412e-01,2.108864e-03,1.509256e-01
2.415342e-01,2.378409e-02,5.103358e-02,3.170545e-02,6.325904e-02,1.904784e-02,9.795526e-03,5.109071e-02,2.647384e-01,1.097093e-02,2.260632e-02,1.551019e-02,8.118959e-02,1.983969e-03,1.117502e-01
2.928305e-01,2.950677e-02,4.305723e-02,3.468339e-02,5.728969e-02,2.062253e-02,9.028324e-03,5.706128e-02,2.591947e-01,8.973049e-03,1.989449e-02,1.982324e-02,5.977237e-02,3.221540e-03,8.504087e-02
2.998872e-01,4.900193e-02,3.443418e-02,2.951849e-02,5.114333e-02,2.047986e-02,8.310459e-03,5.107035e-02,2.999986e-01,7.483132e-03,1.634638e-02,1.830677e-02,4.417088e-02,4.299744e-03,6.554871e-02
2.565867e-01,7.261586e-02,3.094424e-02,2.650819e-02,5.402312e-02,2.355832e-02,7.553806e-03,6.794398e-02,3.398713e-01,5.969953e-03,1.254823e-02,1.539140e-02,3.255911e-02,3.755158e-03,5.017057e-02
2.195903e-01,6.486212e-02,8.661932e-02,8.503061e-02,4.567027e-02,1.917854e-02,6.207144e-03,8.388342e-02,2.925521e-01,7.261748e-03,1.011775e-02,1.308786e-02,2.435677e-02,2.962317e-03,3.861962e-02
2.160743e-01,9.821412e-02,1.039997e-01,7.269722e-02,4.893614e-02,2.116913e-02,6.211106e-03,6.164084e-02,2.836592e-01,1.155589e-02,8.106770e-03,1.151046e-02,2.080522e-02,2.226694e-03,3.319319e-02
1.930238e-01,8.180646e-02,1.049013e-01,1.612152e-01,4.286949e-02,1.790224e-02,5.269116e-03,5.053021e-02,2.314977e-01,1.208608e-02,1.013308e-02,3.014073e-02,2.628808e-02,2.026309e-03,3.031019e-02
1.461456e-01,1.282089e-01,8.448368e-02,1.589498e-01,3.203462e-02,1.610322e-02,3.989650e-03,3.619606e-02,2.186859e-01,3.393454e-02,3.504113e-02,2.457251e-02,3.199871e-02,2.412725e-03,4.724289e-02
1.061717e-01,1.218279e-01,7.761776e-02,2.247451e-01,2.409283e-02,1.220673e-02,2.901039e-03,2.609431e-02,2.170732e-01,4.002310e-02,4.713776e-02,1.811379e-02,2.848548e-02,2.480147e-03,5.102910e-02
8.050998e-02,1.078472e-01,5.992274e-02,2.348043e-01,1.744116e-02,9.111496e-03,2.066948e-03,1.859329e-02,2.286295e-01,3.113079e-02,1.128373e-01,1.387570e-02,2.693234e-02,3.974843e-03,5.232236e-02
6.147761e-02,8.015230e-02,4.263276e-02,1.791009e-01,1.324772e-02,7.107111e-03,1.513882e-03,1.329587e-02,1.865849e-01,2.374865e-02,2.685316e-01,1.158627e-02,3.466134e-02,8.553861e-03,6.780522e-02
4.617332e-02,5.733796e-02,3.037083e-02,1.419444e-01,9.868358e-03,5.534037e-03,1.139089e-03,9.581322e-03,1.389742e-01,1.763118e-02,4.018856e-01,1.044735e-02,3.118010e-02,2.087430e-02,7.705802e-02
3.476031e-02,4.429785e-02,2.250653e-02,1.226792e-01,8.400678e-03,8.410442e-03,8.890693e-04,7.179959e-03,1.240427e-01,1.324401e-02,4.205934e-01,1.198739e-02,4.264683e-02,5.152801e-02,8.683367e-02
2.768119e-02,5.782912e-02,1.724454e-02,1.003819e-01,7.126305e-03,9.912930e-03,6.790391e-04,5.119764e-03,1.647322e-01,1.038772e-02,4.132085e-01,1.049800e-02,3.541331e-02,6.598786e-02,7.379764e-02
2.063352e-02,4.633073e-02,1.421184e-02,7.899960e-02,5.312863e-03,7.177307e-03,4.960021e-04,4.310474e-03,3.772930e-01,8.215499e-03,2.917772e-01,7.786304e-03,2.666436e-02,5.517971e-02,5.561156e-02
3.430655e-02,5.134125e-02,1.148870e-02,6.135611e-02,4.930402e-03,8.680525e-03,4.863516e-04,4.066985e-03,4.125089e-01,7.197889e-03,2.141141e-01,6.596761e-03,2.375797e-02,8.717206e-02,7.199542e-02
6.130476e-02,5.119567e-02,9.648080e-03,4.542863e-02,4.298231e-03,1.659241e-02,6.545307e-04,3.823015e-03,3.263840e-01,5.958165e-03,1.597934e-01,4.980711e-03,1.750258e-02,1.654592e-01,1.269766e-01
5.288728e-02,4.658017e-02,7.853848e-03,3.270207e-02,3.801210e-03,1.488095e-02,5.970973e-04,3.323565e-03,3.792336e-01,6.005151e-03,1.207220e-01,4.470133e-03,1.499038e-02,1.351006e-01,1.768520e-01
7.178885e-02,4.045687e-02,6.060538e-03,2.560877e-02,4.057327e-03,1.980588e-02,6.884641e-04,3.112284e-03,3.197677e-01,6.608263e-03,1.051168e-01,5.953489e-03,2.187149e-02,1.208750e-01,2.482283e-01
9.806105e-02,3.894484e-02,1.031596e-02,3.113771e-02,4.495127e-03,1.890536e-02,6.159812e-04,4.165743e-03,3.014668e-01,5.730834e-03,1.364145e-01,1.492664e-02,2.969733e-02,1.066599e-01,1.984623e-01
1.684597e-01,4.188611e-02,1.598140e-02,4.647958e-02,5.136197e-03,2.179368e-02,7.874400e-04,5.343249e-03,2.357844e-01,5.305913e-03,1.210973e-01,2.978428e-02,4.318763e-02,9.170528e-02,1.672678e-01
