1.000000e+00,0.000000e+00,0.000000e+00,0.000000e+00,0.000000e+00,0.000000e+00,0.000000e+00,0.000000e+00,0.000000e+00,0.000000e+00,0.000000e+00,0.000000e+00,0.000000e+00,0.000000e+00,0.000000e+00
1.000000e+00,0.000000e+00,0.000000e+00,0.000000e+00,0.000000e+00,0.000000e+00,0.000000e+00,0.000000e+00,0.000000e+00,0.000000e+00,0.000000e+00,0.000000e+00,0.000000e+00,0.000000e+00,0.000000e+00
1.000000e+00,0.000000e+00,0.000000e+00,0.000000e+00,0.000000e+00,0.000000e+00,0.000000e+00,0.000000e+00,0.000000e+00,0.000000e+00,0.000000e+00,0.000000e+00,0.000000e+00,0.000000e+00,0.000000e+00
1.000000e+00,0.000000e+00,0.000000e+00,0.000000e+00,0.000000e+00,0.000000e+00,0.000000e+00,0.000000e+00,0.000000e+00,0.000000e+00,0.000000e+00,0.000000e+00,0.000000e+00,0.000000e+00,0.000000e+00
1.000000e+00,0.000000e+00,0.000000e+00,0.000000e+00,0.000000e+00,0.000000e+00,0.000000e+00,0.000000e+00,0.000000e+00,0.000000e+00,0.000000e+00,0.000000e+00,0.000000e+00,0.000000e+00,0.000000e+00
1.000000e+00,0.000000e+00,0.000000e+00,0.000000e+00,0.000000e+00,0.000000e+00,0.000000e+00,0.000000e+00,0.000000e+00,0.000000e+00,0.000000e+00,0.000000e+00,0.000000e+00,0.000000e+00,0.000000e+00
1.000000e+00,0.000000e+00,0.000000e+00,0.000000e+00,0.000000e+00,0.000000e+00,0.000000e+00,0.000000e+00,0.000000e+00,0.000000e+00,0.000000e+00,0.000000e+00,0.000000e+00,0.000000e+00,0.000000e+00
1.000000e+00,0.000000e+00,0.000000e+00,0.000000e+00,0.000000e+00,0.000000e+00,0.000000e+00,0.000000e+00,0.000000e+00,0.000000e+00,0.000000e+00,0.000000e+00,0.000000e+00,0.000000e+00,0.000000e+00
1.000000e+00,0.000000e+00,0.000000e+00,0.000000e+00,0.000000e+00,0.000000e+00,0.000000e+00,0.000000e+00,0.000000e+00,0.000000e+00,0.000000e+00,0.000000e+00,0.000000e+00,0.000000e+00,0.000000e+00
1.000000e+00,0.000000e+00,0.000000e+00,0.000000e+00,0.000000e+00,0.000000e+00,0.000000e+00,0.000000e+00,0.000000e+00,0.000000e+00,0.000000e+00,0.000000e+00,0.000000e+00,0.000000e+00,0.000000e+00
1.000000e+00,0.000000e+00,0.000000e+00,0.000000e+00,0.000000e+00,0.000000e+00,0.000000e+00,0.000000e+00,0.000000e+00,0.000000e+00,0.000000e+00,0.000000e+00,0.000000e+00,0.000000e+00,0.000000e+00
1.000000e+00,0.000000e+00,0.000000e+00,0.000000e+00,0.000000e+00,0.000000e+00,0.000000e+00,0.000000e+00,0.000000e+00,0.000000e+00,0.000000e+00,0.000000e+00,0.000000e+00,0.000000e+00,0.000000e+00
1.000000e+00,0.000000e+00,0.000000e+00,0.000000e+00,0.000000e+00,0.000000e+00,0.000000e+00,0.000000e+00,0.000000e+00,0.000000e+00,0.000000e+00,0.000000e+00,0.000000e+00,0.000000e+00,0.000000e+00
1.000000e+00,0.000000e+00,0.000000e+00,0.000000e+00,0.000000e+00,0.000000e+00,0.000000e+00,0.000000e+00,0.000000e+00,0.000000e+00,0.000000e+00,0.000000e+00,0.000000e+00,0.000000e+00,0.000000e+00
1.000000e+00,0.000000e+00,0.000000e+00,0.000000e+00,0.000000e+00,0.000000e+00,0.000000e+00,0.000000e+00,0.000000e+00,0.000000e+00,0.000000e+00,0.000000e+00,0.000000e+00,0.000000e+00,0.000000e+00
1.000000e+00,0.000000e+00,0.000000e+00,0.000000e+00,0.000000e+00,0.000000e+00,0.000000e+00,0.000000e+00,0.000000e+00,0.000000e+00,0.000000e+00,0.000000e+00,0.000000e+00,0.000000e+00,0.000000e+00
1.000000e+00,0.000000e+00,0.000000e+00,0.000000e+00,0.000000e+00,0.000000e+00,0.000000e+00,0.000000e+00,0.000000e+00,0.000000e+00,0.000000e+00,0.000000e+00,0.000000e+00,0.000000e+00,0.000000e+00
1.000000e+00,0.000000e+00,0.000000e+00,0.000000e+00,0.000000e+00,0.000000e+00,0.000000e+00,0.000000e+00,0.000000e+00,0.000000e+00,0.000000e+00,0.000000e+00,0.000000e+00,0.000000e+00,0.000000e+00
1.000000e+00,0.000000e+00,0.000000e+00,0.000000e+00,0.000000e+00,0.000000e+00,0.000000e+00,0.000000e+00,0.000000e+00,0.000000e+00,0.000000e+00,0.000000e+00,0.000000e+00,0.000000e+00,0.000000e+00
1.000000e+00,0.000000e+00,0.000000e+00,0.000000e+00,0.000000e+00,0.000000e+00,0.000000e+00,0.000000e+00,0.000000e+00,0.000000e+00,0.000000e+00,0.000000e+00,0.000000e+00,0.000000e+00,0.000000e+00
1.000000e+00,0.000000e+00,0.000000e+00,0.000000e+00,0.000000e+00,0.000000e+00,0.000000e+00,0.000000e+00,0.000000e+00,0.000000e+00,0.000000e+00,0.000000e+00,0.000000e+00,0.000000e+00,0.000000e+00
1.000000e+00,0.000000e+00,0.000000e+00,0.000000e+00,0.000000e+00,0.000000e+00,0.000000e+00,0.000000e+00,0.000000e+00,0.000000e+00,0.000000e+00,0.000000e+00,0.000000e+00,0.000000e+00,0.000000e+00
1.000000e+00,0.000000e+00,0.000000e+00,0.000000e+00,0.000000e+00,0.000000e+00,0.000000e+00,0.000000e+00,0.000000e+00,0.000000e+00,0.000000e+00,0.000000e+00,0.000000e+00,0.000000e+00,0.000000e+00
1.000000e+00,0.000000e+00,0.000000e+00,0.000000e+00,0.000000e+00,0.000000e+00,0.000000e+00,0.000000e+00,0.000000e+00,0.000000e+00,0.000000e+00,0.000000e+00,0.000000e+00,0.000000e+00,0.000000e+00
1.000000e+00,0.000000e+00,0.000000e+00,0.000000e+00,0.000000e+00,0.000000e+00,0.000000e+00,0.000000e+00,0.000000e+00,0.000000e+00,0.000000e+00,0.000000e+00,0.000000e+00,0.000000e+00,0.000000e+00
1.000000e+00,0.000000e+00,0.000000e+00,0.000000e+00,0.000000e+00,0.000000e+00,0.000000e+00,0.000000e+00,0.000000e+00,0.000000e+00,0.000000e+00,0.000000e+00,0.000000e+00,0.000000e+00,0.000000e+00
1.000000e+00,0.000000e+00,0.000000e+00,0.000000e+00,0.000000e+00,0.000000e+00,0.000000e+00,0.000000e+00,0.000000e+00,0.000000e+00,0.000000e+00,0.000000e+00,0.000000e+00,0.000000e+00,0.000000e+00
1.000000e+00,0.000000e+00,0.000000e+00,0.000000e+00,0.000000e+00,0.000000e+00,0.000000e+00,0.000000e+00,0.000000e+00,0.000000e+00,0.000000e+00,0.000000e+00,0.000000e+00,0.000000e+00,0.000000e+00
1.000000e+00,0.000000e+00,0.000000e+00,0.000000e+00,0.000000e+00,0.000000e+00,0.000000e+00,0.000000e+00,0.000000e+00,0.000000e+00,0.000000e+00,0.000000e+00,0.000000e+00,0.000000e+00,0.000000e+00
1.000000e+00,0.000000e+00,0.000000e+00,0.000000e+00,0.000000e+00,0.000000e+00,0.000000e+00,0.000000e+00,0.000000e+00,0.000000e+00,0.000000e+00,0.000000e+00,0.000000e+00,0.000000e+00,0.000000e+00
1.000000e+00,0.000000e+00,0.000000e+00,0.000000e+00,0.000000e+00,0.000000e+00,0.000000e+00,0.000000e+00,0.000000e+00,0.000000e+00,0.000000e+00,0.000000e+00,0.000000e+00,0.000000e+00,0.000000e+00
1.000000e+00,0.000000e+00,0.000000e+00,0.000000e+00,0.000000e+00,0.000000e+00,0.000000e+00,0.000000e+00,0.000000e+00,0.000000e+00,0.000000e+00,0.000000e+00,0.000000e+00,0.000000e+00,0.000000e+00
1.000000e+00,0.000000e+00,0.000000e+00,0.000000e+00,0.000000e+00,0.000000e+00,0.000000e+00,0.000000e+00,0.000000e+00,0.000000e+00,0.000000e+00,0.000000e+00,0.000000e+00,0.000000e+00,0.000000e+00
1.000000e+00,0.000000e+00,0.000000e+00,0.000000e+00,0.000000e+00,0.000000e+00,0.000000e+00,0.000000e+00,0.000000e+00,0.000000e+00,0.000000e+00,0.000000e+00,0.000000e+00,0.000000e+00,0.000000e+00
1.000000e+00,0.000000e+00,0.000000e+00,0.000000e+00,0.000000e+00,0.000000e+00,0.000000e+00,0.000000e+00,0.000000e+00,0.000000e+00,0.000000e+00,0.000000e+00,0.000000e+00,0.000000e+00,0.000000e+00
1.000000e+00,0.000000e+00,0.000000e+00,0.000000e+00,0.000000e+00,0.000000e+00,0.000000e+00,0.000000e+00,0.000000e+00,0.000000e+00,0.000000e+00,0.000000e+00,0.000000e+00,0.000000e+00,0.000000e+00
1.000000e+00,0.000000e+00,0.000000e+00,0.000000e+00,0.000000e+00,0.000000e+00,0.000000e+00,0.000000e+00,0.000000e+00,0.000000e+00,0.000000e+00,0.000000e+00,0.000000e+00,0.000000e+00,0.000000e+00
1.000000e+00,0.000000e+00,0.000000e+00,0.000000e+00,0.000000e+00,0.000000e+00,0.000000e+00,0.000000e+00,0.000000e+00,0.000000e+00,0.000000e+00,0.000000e+00,0.000000e+00,0.000000e+00,0.000000e+00
1.000000e+00,0.000000e+00,0.000000e+00,0.000000e+00,0.000000e+00,0.000000e+00,0.000000e+00,0.000000e+00,0.000000e+00,0.000000e+00,0.000000e+00,0.000000e+00,0.000000e+00,0.000000e+00,0.000000e+00
1.000000e+00,0.000000e+00,0.000000e+00,0.000000e+00,0.000000e+00,0.000000e+00,0.000000e+00,0.000000e+00,0.000000e+00,0.000000e+00,0.000000e+00,0.000000e+00,0.000000e+00,0.000000e+00,0.000000e+00
1.000000e+00,0.000000e+00,0.000000e+00,0.000000e+00,0.000000e+00,0.000000e+00,0.000000e+00,0.000000e+00,0.000000e+00,0.000000e+00,0.000000e+00,0.000000e+00,0.000000e+00,0.000000e+00,0.000000e+00
1.000000e+00,0.000000e+00,0.000000e+00,0.000000e+00,0.000000e+00,0.000000e+00,0.000000e+00,0.000000e+00,0.000000e+00,0.000000e+00,0.000000e+00,0.000000e+00,0.000000e+00,0.000000e+00,0.000000e+00
1.000000e+00,0.000000e+00,0.000000e+00,0.000000e+00,0.000000e+00,0.000000e+00,0.000000e+00,0.000000e+00,0.000000e+00,0.000000e+00,0.000000e+00,0.000000e+00,0.000000e+00,0.000000e+00,0.000000e+00
1.000000e+00,0.000000e+00,0.000000e+00,0.000000e+00,0.000000e+00,0.000000e+00,0.000000e+00,0.000000e+00,0.000000e+00,0.000000e+00,0.000000e+00,0.000000e+00,0.000000e+00,0.000000e+00,0.000000e+00
1.000000e+00,0.000000e+00,0.000000e+00,0.000000e+00,0.000000e+00,0.000000e+00,0.000000e+00,0.000000e+00,0.000000e+00,0.000000e+00,0.000000e+00,0.000000e+00,0.000000e+00,0.000000e+00,0.000000e+00
1.000000e+00,0.000000e+00,0.000000e+00,0.000000e+00,0.000000e+00,0.000000e+00,0.000000e+00,0.000000e+00,0.000000e+00,0.000000e+00,0.000000e+00,0.000000e+00,0.000000e+00,0.000000e+00,0.000000e+00
1.000000e+00,0.000000e+00,0.000000e+00,0.000000e+00,0.000000e+00,0.000000e+00,0.000000e+00,0.000000e+00,0.000000e+00,0.000000e+00,0.000000e+00,0.000000e+00,0.000000e+00,0.000000e+00,0.000000e+00
1.000000e+00,0.000000e+00,0.000000e+00,0.000000e+00,0.000000e+00,0.000000e+00,0.000000e+00,0.000000e+00,0.000000e+00,0.000000e+00,0.000000e+00,0.000000e+00,0.000000e+00,0.000000e+00,0.000000e+00
1.000000e+00,0.000000e+00,0.000000e+00,0.000000e+00,0.000000e+00,0.000000e+00,0.000000e+00,0.000000e+00,0.000000e+00,0.000000e+00,0.000000e+00,0.000000e+00,0.000000e+00,0.000000e+00,0.000000e+00
1.000000e+00,0.000000e+00,0.000000e+00,0.000000e+00,0.000000e+00,0.000000e+00,0.000000e+00,0.000000e+00,0.000000e+00,0.000000e+00,0.000000e+00,0.000000e+00,0.000000e+00,0.000000e+00,0.000000e+00
1.000000e+00,0.000000e+00,0.000000e+00,0.000000e+00,0.000000e+00,0.000000e+00,0.000000e+00,0.000000e+00,0.000000e+00,0.000000e+00,0.000000e+00,0.000000e+00,0.000000e+00,0.000000e+00,0.000000e+00
1.000000e+00,0.000000e+00,0.000000e+00,0.000000e+00,0.000000e+00,0.000000e+00,0.000000e+00,0.000000e+00,0.000000e+00,0.000000e+00,0.000000e+00,0.000000e+00,0.000000e+00,0.000000e+00,0.000000e+00
1.000000e+00,0.000000e+00,0.000000e+00,0.000000e+00,0.000000e+00,0.000000e+00,0.000000e+00,0.000000e+00,0.000000e+00,0.000000e+00,0.000000e+00,0.000000e+00,0.000000e+00,0.000000e+00,0.000000e+00
1.000000e+00,0.000000e+00,0.000000e+00,0.000000e+00,0.000000e+00,0.000000e+00,0.000000e+00,0.000000e+00,0.000000e+00,0.000000e+00,0.000000e+00,0.000000e+00,0.000000e+00,0.000000e+00,0.000000e+00
1.000000e+00,0.000000e+00,0.000000e+00,0.000000e+00,0.000000e+00,0.000000e+00,0.000000e+00,0.000000e+00,0.000000e+00,0.000000e+00,0.000000e+00,0.000000e+00,0.000000e+00,0.000000e+00,0.000000e+00
1.000000e+00,0.000000e+00,0.000000e+00,0.000000e+00,0.000000e+00,0.000000e+00,0.000000e+00,0.000000e+00,0.000000e+00,0.000000e+00,0.000000e+00,0.000000e+00,0.000000e+00,0.000000e+00,0.000000e+00
1.000000e+00,0.000000e+00,0.000000e+00,0.000000e+00,0.000000e+00,0.000000e+00,0.000000e+00,0.000000e+00,0.000000e+00,0.000000e+00,0.000000e+00,0.000000e+00,0.000000e+00,0.000000e+00,0.000000e+00
1.000000e+00,0.000000e+00,0.000000e+00,0.000000e+00,0.000000e+00,0.000000e+00,0.000000e+00,0.000000e+00,0.000000e+00,0.000000e+00,0.000000e+00,0.000000e+00,0.000000e+00,0.000000e+00,0.000000e+00
1.000000e+00,0.000000e+00,0.000000e+00,0.000000e+00,0.000000e+00,0.000000e+00,0.000000e+00,0.000000e+00,0.000000e+00,0.000000e+00,0.000000e+00,0.000000e+00,0.000000e+00,0.000000e+00,0.000000e+00
1.000000e+00,0.000000e+00,0.000000e+00,0.000000e+00,0.000000e+00,0.000000e+00,0.000000e+00,0.000000e+00,0.000000e+00,0.000000e+00,0.000000e+00,0.000000e+00,0.000000e+00,0.000000e+00,0.000000e+00
1.000000e+00,0.000000e+00,0.000000e+00,0.000000e+00,0.000000e+00,0.000000e+00,0.000000e+00,0.000000e+00,0.000000e+00,0.000000e+00,0.000000e+00,0.000000e+00,0.000000e+00,0.000000e+00,0.000000e+00
1.000000e+00,0.000000e+00,0.000000e+00,0.000000e+00,0.000000e+00,0.000000e+00,0.000000e+00,0.000000e+00,0.000000e+00,0.000000e+00,0.000000e+00,0.000000e+00,0.000000e+00,0.000000e+00,0.000000e+00
4.834108e-01,4.856902e-02,1.445775e-02,6.622890e-02,3.397593e-03,1.627533e-02,4.382631e-03,3.503416e-02,1.556298e-01,1.267921e-02,1.686843e-02,1.330264e-02,1.246101e-02,6.311322e-03,1.109914e-01
3.527699e-01,4.639301e-02,1.219885e-02,6.430742e-02,2.693322e-03,1.263341e-02,3.133122e-03,2.503144e-02,2.635694e-01,1.675058e-02,2.903426e-02,9.845925e-03,1.237785e-02,8.227173e-03,1.410344e-01
2.538925e-01,4.393058e-02,1.046224e-02,6.508805e-02,2.868701e-03,1.016879e-02,2.293513e-03,1.798763e-02,3.871457e-01,1.905269e-02,2.715548e-02,8.189304e-03,1.563260e-02,1.076155e-02,1.253708e-01
1.783386e-01,6.772022e-02,7.491830e-03,4.612894e-02,3.297163e-03,8.189332e-03,1.627400e-03,1.264390e-02,3.360389e-01,1.546056e-02,2.405580e-02,6.781495e-03,1.752057e-02,3.361714e-02,2.410882e-01
1.252129e-01,9.649350e-02,5.558289e-03,3.601028e-02,2.473921e-03,5.924876e-03,1.161379e-03,8.882618e-03,4.705026e-01,1.166811e-02,1.736986e-02,5.035190e-03,1.385814e-02,2.489390e-02,1.749545e-01
9.076456e-02,1.525019e-01,9.962968e-03,2.988864e-02,3.311754e-03,6.844294e-03,8.786165e-04,6.396929e-03,4.460348e-01,1.203318e-02,1.446947e-02,4.420447e-03,1.347092e-02,2.887636e-02,1.801451e-01
6.747970e-02,1.402850e-01,8.687731e-03,2.776348e-02,6.240495e-03,9.479383e-03,8.599597e-04,4.798186e-03,4.361404e-01,9.607855e-03,1.339749e-02,5.167748e-03,2.311079e-02,3.274027e-02,2.142415e-01
5.533393e-02,1.435387e-01,8.843919e-03,2.539885e-02,1.050749e-02,1.659068e-02,1.039083e-03,3.520438e-03,4.422191e-01,8.123823e-03,1.247830e-02,5.073057e-03,2.701112e-02,3.025381e-02,2.100676e-01
4.043711e-02,1.632396e-01,6.393529e-03,2.927633e-02,9.165674e-03,1.910823e-02,8.166806e-04,2.745781e-03,4.880498e-01,6.180898e-03,9.520140e-03,4.727326e-03,2.561330e-02,3.342683e-02,1.612988e-01
3.038607e-02,1.769974e-01,4.777827e-03,1.201471e-01,7.325682e-03,2.028394e-02,6.149954e-04,2.591196e-03,4.453183e-01,4.907523e-03,8.302799e-03,4.359716e-03,2.284556e-02,3.020108e-02,1.209407e-01
2.295532e-02,2.242491e-01,4.238399e-03,1.869218e-01,5.497400e-03,1.593202e-02,4.582967e-04,1.906003e-03,3.865197e-01,4.319943e-03,8.529456e-03,3.429611e-03,1.656626e-02,2.585222e-02,9.262455e-02
1.915819e-02,2.138069e-01,7.702249e-03,1.866092e-01,6.499501e-03,1.415976e-02,4.532310e-04,1.597672e-03,3.394436e-01,5.405130e-03,5.595785e-02,3.765995e-03,2.315494e-02,3.040182e-02,9.188396e-02
1.714930e-02,2.100881e-01,9.044991e-03,1.445881e-01,5.851464e-03,1.182085e-02,3.847177e-04,1.525812e-03,2.888872e-01,1.171269e-02,6.174411e-02,4.940365e-03,2.337294e-02,5.938172e-02,1.495077e-01
1.453382e-02,1.889404e-01,7.912090e-03,1.100045e-01,1.093847e-02,9.897993e-03,6.433378e-04,1.678705e-03,3.461572e-01,1.096177e-02,7.388417e-02,4.938438e-03,2.466018e-02,4.833598e-02,1.465129e-01
2.103585e-02,1.976487e-01,7.746615e-03,9.086000e-02,1.268709e-02,8.920783e-03,1.056745e-03,2.201465e-03,3.840276e-01,1.194527e-02,6.500316e-02,4.006702e-03,2.197559e-02,3.872093e-02,1.321635e-01
1.577845e-02,2.173613e-01,1.420917e-02,1.577042e-01,1.092266e-02,7.171061e-03,8.221613e-04,1.735999e-03,3.244433e-01,1.083659e-02,4.736041e-02,3.316010e-03,1.590627e-02,2.808965e-02,1.443428e-01
1.719448e-02,1.781841e-01,2.775869e-02,1.603679e-01,1.056938e-02,7.135329e-03,8.551502e-04,1.689465e-03,2.790986e-01,2.507203e-02,3.803336e-02,3.917706e-03,1.284315e-02,2.764745e-02,2.096331e-01
5.810877e-02,1.448045e-01,2.973743e-02,1.315882e-01,1.548857e-02,9.066797e-03,8.865908e-04,1.929245e-03,2.448484e-01,6.420288e-02,3.225164e-02,4.644467e-03,1.276379e-02,2.523673e-02,2.244420e-01
5.420626e-02,1.094442e-01,6.290290e-02,1.262824e-01,1.664083e-02,7.539270e-03,8.633228e-04,2.362441e-03,2.509923e-01,5.635693e-02,3.403720e-02,4.218117e-03,1.298032e-02,2.224555e-02,2.389279e-01
6.652296e-02,8.258405e-02,6.486070e-02,9.448682e-02,1.731921e-02,6.643187e-03,8.053494e-04,2.785926e-03,2.540645e-01,5.505682e-02,3.156203e-02,3.792103e-03,1.167943e-02,3.660548e-02,2.712314e-01
2.301678e-01,6.646546e-02,5.304958e-02,7.375181e-02,2.310545e-02,7.322317e-03,9.640477e-04,4.842699e-03,2.005361e-01,4.517172e-02,2.878943e-02,5.073603e-03,1.188166e-02,2.806383e-02,2.208144e-01
2.542002e-01,5.942436e-02,6.185279e-02,1.313080e-01,2.205936e-02,6.970396e-03,1.002936e-03,6.173567e-03,1.881024e-01,3.513160e-02,2.513655e-02,5.574656e-03,1.096177e-02,2.053315e-02,1.715682e-01
3.748897e-01,5.208534e-02,7.278331e-02,9.675028e-02,2.364160e-02,9.105239e-03,1.320679e-03,1.452089e-02,1.347292e-01,2.859640e-02,2.070545e-02,7.113880e-03,9.599957e-03,2.201325e-02,1.321448e-01
3.554440e-01,5.600224e-02,1.053840e-01,7.806688e-02,2.502228e-02,1.257687e-02,1.395731e-03,1.811943e-02,1.204622e-01,2.594626e-02,2.352045e-02,7.936502e-03,1.070481e-02,3.280973e-02,1.266086e-01
3.077825e-01,5.439321e-02,1.612071e-01,6.728531e-02,2.061755e-02,1.034396e-02,1.276822e-03,1.624153e-02,1.094205e-01,2.782014e-02,2.087792e-02,7.220820e-03,1.042422e-02,2.785043e-02,1.572380e-01
3.929358e-01,5.452151e-02,1.466599e-01,5.639730e-02,1.755053e-02,9.642500e-03,1.373226e-03,1.543719e-02,8.798857e-02,2.103789e-02,1.753951e-02,9.874471e-03,9.933590e-03,2.905368e-02,1.300544e-01
3.851097e-01,4.413596e-02,1.415808e-01,4.119180e-02,1.844557e-02,9.498013e-03,1.301039e-03,1.308648e-02,6.903925e-02,1.575343e-02,1.392786e-02,8.547141e-03,8.078388e-03,6.995861e-02,1.603459e-01
3.904989e-01,3.528928e-02,1.057161e-01,2.980612e-02,1.757180e-02,9.412616e-03,1.461684e-03,1.026154e-02,5.547890e-02,1.178885e-02,1.306459e-02,7.118654e-03,8.046992e-03,1.521579e-01,1.523260e-01
4.278170e-01,2.778843e-02,7.883109e-02,2.253414e-02,1.410217e-02,9.309542e-03,1.423826e-03,7.811910e-03,5.031173e-02,9.906554e-03,1.156225e-02,6.381217e-03,7.946857e-03,1.990863e-01,1.251870e-01
3.493174e-01,2.120552e-02,5.582647e-02,1.617110e-02,1.093327e-02,8.048246e-03,1.161924e-03,5.675384e-03,3.910677e-02,8.754369e-03,9.293785e-03,5.655947e-03,6.703342e-03,3.374659e-01,1.246807e-01
3.074679e-01,1.716443e-02,4.002102e-02,1.172351e-02,8.879483e-03,7.553473e-03,1.157424e-03,4.232853e-03,3.422227e-02,9.748417e-03,9.000389e-03,4.866521e-03,6.034360e-03,4.304478e-01,1.074800e-01
2.974890e-01,1.365109e-02,2.831385e-02,8.508973e-03,7.451920e-03,6.325504e-03,9.635275e-04,3.111927e-03,3.510560e-02,1.432804e-02,9.133313e-03,4.165092e-03,6.283831e-03,4.709993e-01,9.416898e-02
2.239008e-01,9.855097e-03,2.019305e-02,5.985644e-03,5.301794e-03,4.598696e-03,6.877136e-04,2.203343e-03,2.799344e-02,2.867911e-02,7.324569e-03,3.028966e-03,4.537785e-03,5.861709e-01,6.953904e-02
1.787882e-01,7.452293e-03,1.486476e-02,4.240135e-03,3.975212e-03,3.385422e-03,5.304905e-04,1.587726e-03,2.519799e-02,4.196576e-02,6.403340e-03,2.278069e-03,3.447201e-03,6.532450e-01,5.263843e-02
1.361210e-01,5.470940e-03,1.075017e-02,3.002525e-03,2.926229e-03,2.489493e-03,3.990183e-04,1.166219e-03,2.161048e-02,5.111073e-02,5.951696e-03,1.675310e-03,2.532512e-03,7.111264e-01,4.366726e-02
1.019084e-01,4.185718e-03,8.324152e-03,2.131852e-03,2.652967e-03,1.967417e-03,3.207779e-04,8.916773e-04,2.102368e-02,1.531880e-01,6.849254e-03,1.286526e-03,1.995766e-03,6.553874e-01,3.788647e-02
7.655061e-02,3.131791e-03,6.865866e-03,1.531045e-03,2.479217e-03,1.539178e-03,2.655749e-04,7.496033e-04,2.104055e-02,2.707962e-01,7.237526e-03,1.169845e-03,1.748871e-03,5.743788e-01,3.051531e-02
6.859056e-02,2.545317e-03,7.169863e-03,1.447601e-03,2.676023e-03,1.496494e-03,5.451827e-04,8.095631e-04,1.990720e-02,4.281715e-01,7.073987e-03,1.277776e-03,1.629760e-03,4.326321e-01,2.402709e-02
5.115043e-02,2.208147e-03,6.192594e-03,1.206378e-03,2.942117e-03,1.326255e-03,4.162707e-04,8.425600e-04,1.571319e-02,5.690239e-01,7.519247e-03,1.115665e-03,1.747192e-03,3.186000e-01,1.999604e-02
3.877603e-02,2.096110e-03,4.793935e-03,1.368910e-03,3.144044e-03,1.088181e-03,3.719591e-04,1.358365e-03,1.458233e-02,6.721901e-01,8.282371e-03,1.190723e-03,2.542351e-03,2.307383e-01,1.747635e-02
3.528196e-02,2.903402e-03,4.902145e-03,3.688196e-03,1.571251e-02,2.326036e-03,8.782407e-04,1.371065e-02,2.133305e-02,6.849675e-01,1.480538e-02,2.575102e-03,9.178312e-03,1.684567e-01,1.928087e-02
3.137444e-02,3.104025e-03,5.530246e-03,7.648271e-03,2.710536e-02,4.675300e-03,8.729832e-04,1.934863e-02,2.325308e-02,6.920494e-01,2.439392e-02,4.747760e-03,1.541196e-02,1.223926e-01,1.809201e-02
4.071523e-02,3.552633e-03,4.563974e-03,1.526681e-02,2.687668e-02,1.129541e-02,7.920297e-04,1.702571e-02,3.070576e-02,5.770310e-01,8.418219e-02,4.046576e-02,3.688467e-02,9.027801e-02,2.036423e-02
4.711467e-02,3.539762e-03,4.892932e-03,2.952440e-02,2.639451e-02,1.314582e-02,8.858190e-04,2.256767e-02,3.424978e-02,4.540603e-01,1.443464e-01,7.609272e-02,5.974092e-02,6.586040e-02,1.758389e-02
3.649201e-02,5.488659e-03,5.889586e-03,2.950788e-02,2.551659e-02,2.258304e-02,1.214427e-03,2.792651e-02,8.569606e-02,3.965518e-01,1.629610e-01,8.277179e-02,5.577363e-02,4.744207e-02,1.418497e-02
2.793873e-02,6.585837e-03,5.650068e-03,1.087903e-01,2.380712e-02,1.934779e-02,1.076491e-03,4.317587e-02,1.583508e-01,3.170645e-01,1.269593e-01,6.719281e-02,4.544991e-02,3.483151e-02,1.377894e-02
2.962171e-02,8.173588e-03,4.853364e-03,9.397923e-02,3.891465e-02,1.579715e-02,2.259107e-03,4.583739e-02,2.747502e-01,2.580791e-01,9.788114e-02,5.481369e-02,3.609139e-02,2.709252e-02,1.185582e-02
3.439755e-02,9.925965e-03,5.700851e-03,1.300196e-01,4.728396e-02,1.242201e-02,2.788826e-03,7.528833e-02,3.244550e-01,1.861731e-01,7.201006e-02,4.223322e-02,2.871384e-02,1.939625e-02,9.191479e-03
2.550985e-02,1.025563e-02,4.764751e-03,1.254258e-01,3.565172e-02,9.496668e-03,2.166668e-03,5.479280e-02,4.614285e-01,1.378858e-01,5.470904e-02,3.131344e-02,2.517465e-02,1.411041e-02,7.314242e-03
1.940807e-02,1.040433e-02,5.134726e-03,1.573852e-01,2.711201e-02,7.106346e-03,1.586793e-03,3.946732e-02,5.270495e-01,9.909632e-02,4.324087e-02,2.329670e-02,2.316011e-02,1.017576e-02,6.375950e-03
2.768088e-02,9.983925e-03,8.563377e-03,1.393395e-01,2.139678e-02,7.377954e-03,1.499295e-03,2.813789e-02,4.332551e-01,7.822712e-02,1.185599e-01,2.682308e-02,7.720136e-02,8.377945e-03,1.357592e-02
6.192730e-02,1.952131e-02,1.624744e-02,1.115052e-01,6.675345e-02,1.512397e-02,5.476817e-03,2.241196e-02,3.255880e-01,8.670445e-02,1.397312e-01,3.474842e-02,7.109502e-02,8.816722e-03,1.434875e-02
1.162560e-01,2.192513e-02,1.336627e-02,8.724061e-02,7.482520e-02,1.973883e-02,6.765505e-03,1.787042e-02,2.590921e-01,7.668287e-02,1.287930e-01,5.920395e-02,8.274469e-02,1.526722e-02,2.022832e-02
1.547535e-01,2.601258e-02,1.195914e-02,7.282702e-02,7.910980e-02,2.970330e-02,8.552382e-03,1.558540e-02,2.114440e-01,7.386482e-02,1.089927e-01,7.073039e-02,9.108947e-02,1.623628e-02,2.913930e-02
1.752798e-01,3.075565e-02,1.640180e-02,7.006410e-02,7.461227e-02,3.647138e-02,7.881789e-03,1.821987e-02,1.690963e-01,5.729987e-02,1.030654e-01,8.926183e-02,9.200694e-02,2.346092e-02,3.612210e-02
1.559125e-01,2.566786e-02,1.406725e-02,6.240620e-02,5.556145e-02,2.920257e-02,6.490047e-03,1.939116e-02,1.280587e-01,4.422535e-02,1.037823e-01,1.995886e-01,1.079879e-01,1.904157e-02,2.861643e-02
1.524642e-01,2.461827e-02,1.244823e-02,6.108590e-02,4.272257e-02,2.338689e-02,5.283386e-03,1.863622e-02,1.281956e-01,3.499632e-02,1.052269e-01,2.284042e-01,1.215507e-01,1.476290e-02,2.621762e-02
1.216538e-01,2.000493e-02,1.752220e-02,1.134236e-01,3.160176e-02,1.779131e-02,3.887686e-03,1.880697e-02,1.038978e-01,2.598450e-02,1.221922e-01,2.641951e-01,1.047375e-01,1.284137e-02,2.145930e-02
1.255548e-01,1.723352e-02,1.693270e-02,1.079144e-01,2.567734e-02,1.616102e-02,3.256859e-03,2.487486e-02,1.052799e-01,2.244449e-02,1.246149e-01,2.908728e-01,8.730719e-02,1.377612e-02,1.809914e-02
1.484389e-01,1.510639e-02,1.567517e-02,8.607677e-02,2.567059e-02,1.288120e-02,3.689280e-03,3.063112e-02,1.360663e-01,2.166325e-02,1.292879e-01,2.709386e-01,7.580089e-02,1.370935e-02,1.436436e-02
1.475642e-01,1.253708e-02,2.930466e-02,1.362429e-01,3.763337e-02,1.113433e-02,3.637087e-03,5.341173e-02,1.227303e-01,2.447250e-02,1.180005e-01,2.187084e-01,6.046577e-02,1.250912e-02,1.164807e-02
1.476276e-01,1.075198e-02,2.403025e-02,1.027747e-01,6.108846e-02,1.198506e-02,1.002679e-02,4.699256e-02,1.429785e-01,3.723493e-02,1.388040e-01,1.921309e-01,5.261721e-02,1.129334e-02,9.663664e-03
1.374537e-01,9.657849e-03,2.671913e-02,8.442082e-02,1.021580e-01,1.293138e-02,1.392430e-02,8.351776e-02,1.574591e-01,5.319312e-02,1.217524e-01,1.388306e-01,4.131410e-02,8.959269e-03,7.708468e-03
1.332204e-01,9.522649e-03,3.747591e-02,1.340986e-01,1.063279e-01,1.179490e-02,1.246481e-02,1.387214e-01,1.333273e-01,4.540900e-02,9.352405e-02,1.003214e-01,3.097888e-02,6.975979e-03,5.836738e-03
1.435987e-01,1.243499e-02,3.568910e-02,1.207158e-01,1.161097e-01,1.201085e-02,1.229824e-02,1.263332e-01,1.477612e-01,7.394448e-02,8.196840e-02,7.950055e-02,2.572823e-02,5.971215e-03,5.935502e-03
1.571418e-01,1.914449e-02,3.938552e-02,1.625730e-01,1.125509e-01,1.137447e-02,1.240116e-02,1.155091e-01,1.573561e-01,5.390927e-02,6.330543e-02,6.327356e-02,2.168040e-02,4.466636e-03,5.928227e-03
1.931345e-01,1.733684e-02,2.931885e-02,1.418749e-01,1.255667e-01,1.094193e-02,1.106001e-02,1.286494e-01,1.690882e-01,4.075092e-02,4.955639e-02,5.140532e-02,2.125126e-02,3.416871e-03,6.647912e-03
2.345411e-01,2.318074e-02,2.189275e-02,1.100447e-01,1.034269e-01,1.126335e-02,8.971304e-03,1.418791e-01,2.118801e-01,2.996195e-02,3.690991e-02,3.988203e-02,1.644879e-02,2.868447e-03,6.848934e-03
2.665927e-01,3.694408e-02,1.660135e-02,7.905615e-02,8.002394e-02,2.197671e-02,6.999577e-03,1.035456e-01,2.797231e-01,2.161418e-02,2.874393e-02,3.109928e-02,1.590054e-02,3.258627e-03,7.920208e-03
3.014062e-01,4.310045e-02,1.245059e-02,5.714626e-02,6.341989e-02,3.238818e-02,5.630924e-03,7.811530e-02,3.117610e-01,1.568916e-02,2.214137e-02,2.509010e-02,1.928381e-02,3.628992e-03,8.747800e-03
2.940955e-01,5.439838e-02,9.740865e-03,4.167569e-02,5.892917e-02,4.854216e-02,4.550641e-03,5.591343e-02,3.354738e-01,1.162365e-02,2.111765e-02,2.010404e-02,2.928681e-02,3.969896e-03,1.057836e-02
2.758061e-01,6.989129e-02,7.415743e-03,3.036608e-02,5.339664e-02,7.356459e-02,3.589037e-03,4.008410e-02,3.437573e-01,8.743181e-03,1.665068e-02,1.708309e-02,4.424527e-02,3.986714e-03,1.142017e-02
2.739836e-01,8.824278e-02,6.362687e-03,2.359849e-02,5.007283e-02,8.869626e-02,3.000183e-03,2.894505e-02,3.048099e-01,6.830784e-03,1.344355e-02,1.570353e-02,7.877995e-02,5.136398e-03,1.239401e-02
3.180012e-01,7.761165e-02,5.167135e-03,1.954198e-02,4.092420e-02,9.069443e-02,2.728183e-03,2.117409e-02,2.735805e-01,6.423114e-03,1.207624e-02,1.539406e-02,9.292302e-02,5.916215e-03,1.784402e-02
3.702506e-01,6.761555e-02,5.355370e-03,2.232154e-02,3.325749e-02,8.095789e-02,2.734486e-03,1.703564e-02,2.225972e-01,1.095450e-02,1.302603e-02,1.746519e-02,8.546081e-02,6.247091e-03,4.472062e-02
3.269106e-01,5.950305e-02,6.539002e-03,3.027635e-02,2.495315e-02,7.581608e-02,2.315890e-03,1.340153e-02,1.673483e-01,2.509915e-02,1.530035e-02,1.656212e-02,6.580683e-02,6.332158e-03,1.638354e-01
3.346501e-01,4.593828e-02,7.294100e-03,3.113795e-02,1.871679e-02,8.353475e-02,2.561171e-03,1.063097e-02,1.321876e-01,4.905678e-02,2.097808e-02,1.612899e-02,5.237391e-02,9.193514e-03,1.856170e-01
3.354373e-01,3.445164e-02,6.250491e-03,2.386221e-02,1.454749e-02,7.332522e-02,2.709346e-03,8.657445e-03,1.055787e-01,4.192686e-02,3.719654e-02,1.445169e-02,4.897602e-02,2.863321e-02,2.239959e-01
3.125161e-01,3.815469e-02,1.360574e-02,2.572684e-02,1.128463e-02,7.673145e-02,2.711263e-03,6.954275e-03,1.031806e-01,7.819120e-02,3.312456e-02,1.835268e-02,4.295851e-02,3.172527e-02,2.047822e-01
3.479566e-01,2.951614e-02,1.181687e-02,2.254078e-02,1.075280e-02,7.957985e-02,2.989932e-03,6.538160e-03,8.020805e-02,6.589004e-02,3.369796e-02,2.068160e-02,3.898415e-02,4.339532e-02,2.054518e-01
3.511215e-01,3.864363e-02,1.218468e-02,3.394728e-02,1.913250e-02,7.885841e-02,4.401913e-03,6.571624e-03,7.511298e-02,5.019590e-02,3.208407e-02,3.215380e-02,3.771881e-02,4.275248e-02,1.851205e-01
4.168715e-01,3.086335e-02,1.021715e-02,2.612753e-02,1.855302e-02,6.778179e-02,5.323395e-03,5.794663e-03,6.742302e-02,3.750018e-02,3.084154e-02,2.783717e-02,3.795075e-02,4.992790e-02,1.669871e-01
4.115745e-01,2.500558e-02,9.325621e-03,1.976608e-02,1.578366e-02,6.539740e-02,4.605459e-03,4.617625e-03,6.471153e-02,3.189810e-02,3.296172e-02,2.287412e-02,3.149600e-02,8.722016e-02,1.727625e-01
3.983591e-01,2.013941e-02,7.533128e-03,1.564903e-02,1.355290e-02,5.617274e-02,3.631027e-03,3.695989e-03,1.099679e-01,2.892791e-02,3.415246e-02,1.967401e-02,2.824774e-02,1.242091e-01,1.360875e-01
3.708835e-01,1.634485e-02,5.794152e-03,1.271893e-02,1.071650e-02,5.744525e-02,3.201597e-03,3.066384e-03,1.956003e-01,2.533879e-02,3.077191e-02,1.721085e-02,3.145705e-02,1.049106e-01,1.145393e-01
3.042421e-01,1.326082e-02,6.561715e-03,1.683463e-02,9.437606e-03,4.538023e-02,3.234118e-03,5.236057e-03,3.365334e-01,1.915275e-02,2.798556e-02,1.625071e-02,3.041536e-02,8.064422e-02,8.483074e-02
3.546278e-01,1.417109e-02,9.635877e-03,1.966923e-02,1.075328e-02,3.928331e-02,5.773088e-03,6.834844e-03,3.105193e-01,1.580610e-02,2.669314e-02,1.676150e-02,2.707704e-02,7.463319e-02,6.776116e-02
2.556114e-01,1.569827e-02,1.461289e-02,1.726279e-02,8.069037e-03,2.802857e-02,4.094658e-03,4.843380e-03,4.825544e-01,1.176638e-02,1.991992e-02,1.210635e-02,1.957818e-02,5.489120e-02,5.096252e-02
2.074758e-01,1.658576e-02,2.304842e-02,1.572993e-02,6.964087e-03,2.061092e-02,3.043345e-03,3.838453e-03,5.389898e-01,1.518637e-02,2.010999e-02,9.272507e-03,1.570017e-02,5.423852e-02,4.920593e-02
2.833028e-01,2.450359e-02,2.606776e-02,2.255145e-02,1.678896e-02,1.745645e-02,2.780679e-03,5.191578e-03,4.277900e-01,1.831343e-02,2.920128e-02,1.038429e-02,1.740880e-02,5.235111e-02,4.590782e-02
3.275540e-01,2.506366e-02,2.773790e-02,5.304273e-02,2.892918e-02,2.003866e-02,4.065855e-03,1.438877e-02,3.375362e-01,1.815626e-02,2.630914e-02,1.186148e-02,1.651745e-02,4.540446e-02,4.339433e-02
3.745503e-01,2.797870e-02,2.676265e-02,7.393839e-02,3.986972e-02,1.933780e-02,4.216221e-03,1.396263e-02,2.604909e-01,1.985195e-02,2.242487e-02,1.166047e-02,1.532462e-02,3.800164e-02,5.162918e-02
2.993644e-01,3.163482e-02,2.623586e-02,1.541595e-01,3.051931e-02,1.633800e-02,3.254015e-03,1.050332e-02,2.918609e-01,1.933175e-02,1.717713e-02,9.079828e-03,1.173134e-02,2.691131e-02,5.189862e-02
3.617121e-01,3.511737e-02,2.557625e-02,1.418177e-01,3.602859e-02,1.699111e-02,2.808947e-03,8.616975e-03,2.356499e-01,1.773531e-02,1.629344e-02,7.969006e-03,1.008940e-02,2.126411e-02,6.232978e-02
3.244639e-01,4.427886e-02,3.077660e-02,2.280997e-01,3.353406e-02,1.668578e-02,3.272672e-03,8.677605e-03,1.916702e-01,1.433168e-02,1.387119e-02,7.784388e-03,9.757743e-03,1.577836e-02,5.701730e-02
3.581571e-01,4.822683e-02,3.195579e-02,2.103494e-01,2.745184e-02,1.581139e-02,3.103525e-03,8.189688e-03,1.641615e-01,1.269603e-02,1.396051e-02,1.042591e-02,9.940483e-03,1.258211e-02,7.298789e-02
3.183971e-01,4.527939e-02,2.995298e-02,1.786496e-01,2.272737e-02,1.323241e-02,2.780827e-03,6.920132e-03,2.092718e-01,1.290404e-02,1.630671e-02,9.146351e-03,1.015687e-02,9.598432e-03,1.146759e-01
2.260883e-01,3.330277e-02,2.749352e-02,1.372967e-01,1.638117e-02,9.857541e-03,1.994804e-03,5.038163e-03,3.334369e-01,1.119707e-02,3.772282e-02,9.082008e-03,3.285310e-02,7.139509e-03,1.111156e-01
1.685700e-01,2.465459e-02,2.081032e-02,1.133101e-01,1.261053e-02,7.953744e-03,1.466396e-03,3.978318e-03,3.428686e-01,1.008827e-02,6.537831e-02,1.645336e-02,1.177408e-01,6.378731e-03,8.773791e-02
1.187005e-01,1.768029e-02,1.505421e-02,8.695991e-02,9.502571e-03,5.888320e-03,1.122281e-03,2.934622e-03,2.863821e-01,9.000988e-03,9.140396e-02,2.249694e-02,2.464659e-01,6.975380e-03,7.943206e-02
8.320443e-02,1.257078e-02,1.110967e-02,6.173869e-02,1.374177e-02,4.229170e-03,8.223372e-04,2.199710e-03,2.207156e-01,6.841173e-03,1.074273e-01,2.144881e-02,3.552421e-01,2.716748e-02,7.154089e-02
5.846969e-02,9.400217e-03,1.075847e-02,4.395086e-02,3.291548e-02,3.134221e-03,6.258126e-04,1.739292e-03,1.675420e-01,5.923834e-03,1.349697e-01,1.833542e-02,2.871277e-01,1.315589e-01,9.354833e-02
4.100213e-02,6.933188e-03,9.163209e-03,3.083337e-02,3.476106e-02,2.378143e-03,4.736765e-04,1.524135e-03,1.230583e-01,5.366743e-03,1.100475e-01,1.336703e-02,2.063934e-01,2.632434e-01,1.514547e-01
2.961170e-02,5.831107e-03,1.197185e-02,2.207985e-02,2.603398e-02,1.986128e-03,4.300966e-04,2.508385e-03,1.105873e-01,1.339017e-02,1.050235e-01,1.010108e-02,1.480569e-01,3.555003e-01,1.568876e-01
2.162771e-02,5.151065e-03,1.323414e-02,1.600681e-02,1.886677e-02,2.725897e-03,3.909470e-04,3.616155e-03,9.120744e-02,1.502800e-02,8.618104e-02,7.454950e-03,1.048987e-01,4.941580e-01,1.194524e-01
1.943934e-02,4.536837e-03,1.425573e-02,1.381704e-02,1.524062e-02,3.567012e-03,4.039629e-04,5.851964e-03,9.328271e-02,1.820818e-02,8.341680e-02,6.517631e-03,7.639877e-02,5.443118e-01,1.007516e-01
1.581031e-02,4.644105e-03,1.563530e-02,1.143705e-02,1.176998e-02,4.397589e-03,3.532779e-04,5.340234e-03,8.912896e-02,2.833189e-02,1.256862e-01,6.671399e-03,5.933283e-02,5.061745e-01,1.152864e-01
1.313148e-02,7.170021e-03,1.273209e-01,1.035862e-02,1.470915e-02,3.407379e-03,4.048159e-04,8.115064e-03,8.048584e-02,2.280762e-02,1.701357e-01,5.526694e-03,4.581053e-02,3.813304e-01,1.092857e-01
1.100858e-02,6.218471e-03,3.093994e-01,1.541743e-02,1.223567e-02,2.817222e-03,4.720711e-04,1.807338e-02,6.687330e-02,1.806624e-02,1.349766e-01,4.298859e-03,3.351934e-02,2.800178e-01,8.660570e-02
1.039395e-02,6.569814e-03,4.505295e-01,1.430961e-02,1.046066e-02,2.356914e-03,4.115825e-04,2.180161e-02,6.062488e-02,1.577993e-02,1.060440e-01,3.364912e-03,2.430309e-02,2.070627e-01,6.598688e-02
1.479912e-02,2.366776e-02,4.818368e-01,1.120118e-02,1.277789e-02,2.316634e-03,4.150090e-04,3.311657e-02,7.741550e-02,1.843233e-02,8.875306e-02,2.825486e-03,1.757899e-02,1.635428e-01,5.132085e-02
1.733561e-02,2.833717e-02,4.960460e-01,8.351577e-03,1.358799e-02,2.362709e-03,4.226417e-04,4.332287e-02,6.592260e-02,2.430958e-02,8.471419e-02,2.161715e-03,1.274622e-02,1.535773e-01,4.680196e-02
2.662076e-02,4.678092e-02,3.903681e-01,7.876064e-03,2.144410e-02,4.523826e-03,4.397526e-04,5.988868e-02,6.297036e-02,5.120868e-02,8.723858e-02,1.712060e-03,9.440557e-03,1.530994e-01,7.638828e-02
3.867361e-02,5.225297e-02,2.842064e-01,8.115130e-03,3.161751e-02,5.835489e-03,3.904141e-04,9.575903e-02,7.916966e-02,6.539883e-02,7.312310e-02,1.370415e-03,7.436697e-03,1.361901e-01,1.204607e-01
5.435292e-02,8.023034e-02,2.226193e-01,2.624086e-02,5.942461e-02,6.175937e-03,4.493290e-04,1.264779e-01,8.644339e-02,5.947587e-02,5.585415e-02,1.384563e-03,5.733849e-03,1.036504e-01,1.114866e-01
7.512724e-02,9.031820e-02,1.799522e-01,3.033803e-02,6.351182e-02,5.461424e-03,6.247052e-04,1.451133e-01,7.515398e-02,7.586186e-02,4.770747e-02,1.658258e-03,5.338574e-03,1.123555e-01,9.147755e-02
1.130971e-01,1.080434e-01,1.448532e-01,3.334467e-02,6.137205e-02,5.721395e-03,7.157774e-04,1.247727e-01,7.047111e-02,8.341795e-02,5.453693e-02,1.996574e-03,7.688771e-03,1.154873e-01,7.448106e-02
1.870084e-01,1.121335e-01,1.077352e-01,3.513421e-02,5.306079e-02,6.847370e-03,7.430277e-04,9.621299e-02,8.198613e-02,8.084813e-02,6.713761e-02,3.308281e-03,6.929920e-03,9.643930e-02,6.447518e-02
2.462390e-01,9.286379e-02,8.222717e-02,6.308742e-02,4.944745e-02,7.689838e-03,2.087168e-03,8.696083e-02,7.110313e-02,7.860762e-02,6.615438e-02,8.021076e-03,7.017851e-03,7.739383e-02,6.109950e-02
2.777927e-01,7.838309e-02,6.484355e-02,9.700309e-02,6.173524e-02,8.920958e-03,1.285550e-02,8.962080e-02,6.802037e-02,6.331615e-02,5.682579e-02,9.755122e-03,8.280794e-03,5.626661e-02,4.638035e-02
3.094490e-01,6.180438e-02,5.527468e-02,1.049069e-01,5.126298e-02,1.779358e-02,1.172192e-02,9.922658e-02,6.798814e-02,5.782889e-02,5.160850e-02,1.644141e-02,8.880530e-03,4.217841e-02,4.363413e-02
3.912206e-01,5.291210e-02,4.398168e-02,9.003078e-02,4.294917e-02,1.863359e-02,9.395413e-03,7.279629e-02,6.739727e-02,5.103363e-02,4.625151e-02,2.030456e-02,9.791620e-03,3.428903e-02,4.901285e-02
4.903178e-01,4.056247e-02,3.460231e-02,7.389114e-02,3.916723e-02,1.714534e-02,7.619059e-03,5.308566e-02,5.886167e-02,3.857294e-02,3.993330e-02,2.166799e-02,1.009653e-02,2.742736e-02,4.704921e-02
3.761117e-01,3.215337e-02,2.500897e-02,5.361416e-02,2.768786e-02,1.536232e-02,5.423867e-03,3.751849e-02,8.221818e-02,6.289088e-02,2.947260e-02,1.564216e-02,1.155339e-02,2.206977e-02,2.032723e-01
2.775165e-01,2.467673e-02,1.799638e-02,3.990762e-02,1.955814e-02,1.424812e-02,3.895100e-03,2.671586e-02,1.124136e-01,5.062542e-02,2.718705e-02,1.442219e-02,3.474191e-02,2.008607e-02,3.160093e-01
2.017745e-01,2.142906e-02,1.320487e-02,3.065004e-02,1.401680e-02,1.419850e-02,2.892960e-03,1.928699e-02,1.921430e-01,4.428662e-02,2.948889e-02,1.189585e-02,3.544535e-02,2.179562e-02,3.474909e-01
1.438777e-01,1.817072e-02,9.934519e-03,2.312975e-02,1.041253e-02,1.264004e-02,2.234020e-03,1.391623e-02,2.023695e-01,4.101247e-02,3.654585e-02,9.451591e-03,3.403575e-02,2.814964e-02,4.141198e-01
1.029918e-01,1.907475e-02,7.165153e-03,1.673263e-02,7.542197e-03,1.063513e-02,1.623461e-03,9.847272e-03,1.672501e-01,3.511063e-02,2.707238e-02,6.918494e-03,2.512082e-02,2.838455e-02,5.345307e-01
7.443497e-02,1.445175e-02,5.400504e-03,1.211127e-02,5.522169e-03,8.741667e-03,1.185860e-03,6.950825e-03,1.337872e-01,2.629286e-02,1.941790e-02,4.946366e-03,1.960662e-02,2.441251e-02,6.427376e-01
5.452407e-02,2.572267e-02,2.148952e-02,1.893335e-02,4.527683e-03,7.213382e-03,8.986533e-04,4.912931e-03,2.348603e-01,2.047731e-02,1.670276e-02,3.803210e-03,1.453112e-02,3.006499e-02,5.413381e-01
7.322893e-02,2.239924e-02,1.246523e-01,1.692598e-02,5.341233e-03,7.264119e-03,1.062653e-03,3.764442e-03,1.820388e-01,1.615660e-02,1.720150e-02,3.760248e-03,1.245127e-02,4.561121e-02,4.681415e-01
7.234973e-02,1.881876e-02,1.038236e-01,1.260206e-02,4.606276e-03,9.629698e-03,8.805880e-04,2.716486e-03,1.394093e-01,1.785999e-02,1.532494e-02,3.028002e-03,9.527126e-03,1.952597e-01,3.941638e-01
1.064675e-01,1.574701e-02,8.064039e-02,9.238468e-03,4.658612e-03,9.454227e-03,7.435812e-04,2.027984e-03,1.096168e-01,1.702516e-02,1.823641e-02,2.654993e-03,7.786367e-03,2.793261e-01,3.363764e-01
8.764932e-02,1.161955e-02,6.083483e-02,6.695042e-03,3.479866e-03,7.593545e-03,5.683433e-04,1.475498e-03,1.025610e-01,1.841590e-02,1.612845e-02,2.048567e-03,5.764422e-03,4.068998e-01,2.682658e-01
6.268295e-02,8.180586e-03,4.280012e-02,4.694738e-03,2.466544e-03,5.372298e-03,4.037573e-04,1.038316e-03,7.295876e-02,2.078503e-02,1.177706e-02,1.455085e-03,4.071674e-03,5.700803e-01,1.912328e-01
4.737838e-02,6.024095e-03,3.269940e-02,3.837509e-03,2.120743e-03,3.849875e-03,3.672014e-04,7.788513e-04,7.842229e-02,4.286175e-02,9.801954e-03,1.161597e-03,2.945499e-03,6.274088e-01,1.403421e-01
3.686611e-02,4.798717e-03,2.487320e-02,2.762628e-03,1.782274e-03,2.785385e-03,3.234835e-04,6.090552e-04,6.497385e-02,1.015927e-01,7.926060e-03,8.624133e-04,2.147894e-03,6.446837e-01,1.030125e-01
3.031256e-02,6.021113e-03,2.051611e-02,2.012680e-03,1.667048e-03,2.276171e-03,2.566618e-04,4.779398e-04,7.448240e-02,1.356553e-01,7.385030e-03,6.835444e-04,1.697926e-03,6.284347e-01,8.812088e-02
2.470782e-02,5.556366e-03,5.409524e-02,1.731615e-03,2.097994e-03,1.831958e-03,2.554505e-04,4.716096e-04,8.417743e-02,1.690404e-01,7.417632e-03,6.349978e-04,1.460210e-03,5.712795e-01,7.524174e-02
2.081668e-02,5.150424e-03,4.519686e-02,1.321337e-03,1.705579e-03,1.585568e-03,2.362619e-04,5.698834e-04,1.077314e-01,1.611654e-01,6.331270e-03,4.977945e-04,1.203461e-03,5.527157e-01,9.377245e-02
2.859141e-02,6.134567e-03,3.689414e-02,1.539620e-03,2.560513e-03,2.838051e-03,3.379734e-04,1.172362e-03,1.523465e-01,1.813378e-01,5.730223e-03,4.945719e-04,1.066849e-03,4.754087e-01,1.035468e-01
3.558275e-02,6.033074e-03,2.955273e-02,1.658227e-03,2.728751e-03,2.880090e-03,3.441653e-04,1.561353e-03,1.567925e-01,1.720503e-01,5.622430e-03,4.753986e-04,9.881776e-04,4.177433e-01,1.659867e-01
