1.000000e+00,0.000000e+00,0.000000e+00,0.000000e+00,0.000000e+00,0.000000e+00,0.000000e+00,0.000000e+00,0.000000e+00,0.000000e+00,0.000000e+00,0.000000e+00,0.000000e+00,0.000000e+00,0.000000e+00
1.000000e+00,0.000000e+00,0.000000e+00,0.000000e+00,0.000000e+00,0.000000e+00,0.000000e+00,0.000000e+00,0.000000e+00,0.000000e+00,0.000000e+00,0.000000e+00,0.000000e+00,0.000000e+00,0.000000e+00
1.000000e+00,0.000000e+00,0.000000e+00,0.000000e+00,0.000000e+00,0.000000e+00,0.000000e+00,0.000000e+00,0.000000e+00,0.000000e+00,0.000000e+00,0.000000e+00,0.000000e+00,0.000000e+00,0.000000e+00
1.000000e+00,0.000000e+00,0.000000e+00,0.000000e+00,0.000000e+00,0.000000e+00,0.000000e+00,0.000000e+00,0.000000e+00,0.000000e+00,0.000000e+00,0.000000e+00,0.000000e+00,0.000000e+00,0.000000e+00
1.000000e+00,0.000000e+00,0.000000e+00,0.000000e+00,0.000000e+00,0.000000e+00,0.000000e+00,0.000000e+00,0.000000e+00,0.000000e+00,0.000000e+00,0.000000e+00,0.000000e+00,0.000000e+00,0.000000e+00
1.000000e+00,0.000000e+00,0.000000e+00,0.000000e+00,0.000000e+00,0.000000e+00,0.000000e+00,0.000000e+00,0.000000e+00,0.000000e+00,0.000000e+00,0.000000e+00,0.000000e+00,0.000000e+00,0.000000e+00
1.000000e+00,0.000000e+00,0.000000e+00,0.000000e+00,0.000000e+00,0.000000e+00,0.000000e+00,0.000000e+00,0.000000e+00,0.000000e+00,0.000000e+00,0.000000e+00,0.000000e+00,0.000000e+00,0.000000e+00
1.000000e+00,0.000000e+00,0.000000e+00,0.000000e+00,0.000000e+00,0.000000e+00,0.000000e+00,0.000000e+00,0.000000e+00,0.000000e+00,0.000000e+00,0.000000e+00,0.000000e+00,0.000000e+00,0.000000e+00
1.000000e+00,0.000000e+00,0.000000e+00,0.000000e+00,0.000000e+00,0.000000e+00,0.000000e+00,0.000000e+00,0.000000e+00,0.000000e+00,0.000000e+00,0.000000e+00,0.000000e+00,0.000000e+00,0.000000e+00
1.000000e+00,0.000000e+00,0.000000e+00,0.000000e+00,0.000000e+00,0.000000e+00,0.000000e+00,0.000000e+00,0.000000e+00,0.000000e+00,0.000000e+00,0.000000e+00,0.000000e+00,0.000000e+00,0.000000e+00
1.000000e+00,0.000000e+00,0.000000e+00,0.000000e+00,0.000000e+00,0.000000e+00,0.000000e+00,0.000000e+00,0.000000e+00,0.000000e+00,0.000000e+00,0.000000e+00,0.000000e+00,0.000000e+00,0.000000e+00
1.000000e+00,0.000000e+00,0.000000e+00,0.000000e+00,0.000000e+00,0.000000e+00,0.000000e+00,0.000000e+00,0.000000e+00,0.000000e+00,0.000000e+00,0.000000e+00,0.000000e+00,0.000000e+00,0.000000e+00
1.000000e+00,0.000000e+00,0.000000e+00,0.000000e+00,0.000000e+00,0.000000e+00,0.000000e+00,0.000000e+00,0.000000e+00,0.000000e+00,0.000000e+00,0.000000e+00,0.000000e+00,0.000000e+00,0.000000e+00
1.000000e+00,0.000000e+00,0.000000e+00,0.000000e+00,0.000000e+00,0.000000e+00,0.000000e+00,0.000000e+00,0.000000e+00,0.000000e+00,0.000000e+00,0.000000e+00,0.000000e+00,0.000000e+00,0.000000e+00
1.000000e+00,0.000000e+00,0.000000e+00,0.000000e+00,0.000000e+00,0.000000e+00,0.000000e+00,0.000000e+00,0.000000e+00,0.000000e+00,0.000000e+00,0.000000e+00,0.000000e+00,0.000000e+00,0.000000e+00
1.000000e+00,0.000000e+00,0.000000e+00,0.000000e+00,0.000000e+00,0.000000e+00,0.000000e+00,0.000000e+00,0.000000e+00,0.000000e+00,0.000000e+00,0.000000e+00,0.000000e+00,0.000000e+00,0.000000e+00
1.000000e+00,0.000000e+00,0.000000e+00,0.000000e+00,0.000000e+00,0.000000e+00,0.000000e+00,0.000000e+00,0.000000e+00,0.000000e+00,0.000000e+00,0.000000e+00,0.000000e+00,0.000000e+00,0.000000e+00
1.000000e+00,0.000000e+00,0.000000e+00,0.000000e+00,0.000000e+00,0.000000e+00,0.000000e+00,0.000000e+00,0.000000e+00,0.000000e+00,0.000000e+00,0.000000e+00,0.000000e+00,0.000000e+00,0.000000e+00
1.000000e+00,0.000000e+00,0.000000e+00,0.000000e+00,0.000000e+00,0.000000e+00,0.000000e+00,0.000000e+00,0.000000e+00,0.000000e+00,0.000000e+00,0.000000e+00,0.000000e+00,0.000000e+00,0.000000e+00
1.000000e+00,0.000000e+00,0.000000e+00,0.000000e+00,0.000000e+00,0.000000e+00,0.000000e+00,0.000000e+00,0.000000e+00,0.000000e+00,0.000000e+00,0.000000e+00,0.000000e+00,0.000000e+00,0.000000e+00
1.000000e+00,0.000000e+00,0.000000e+00,0.000000e+00,0.000000e+00,0.000000e+00,0.000000e+00,0.000000e+00,0.000000e+00,0.000000e+00,0.000000e+00,0.000000e+00,0.000000e+00,0.000000e+00,0.000000e+00
1.000000e+00,0.000000e+00,0.000000e+00,0.000000e+00,0.000000e+00,0.000000e+00,0.000000e+00,0.000000e+00,0.000000e+00,0.000000e+00,0.000000e+00,0.000000e+00,0.000000e+00,0.000000e+00,0.000000e+00
1.000000e+00,0.000000e+00,0.000000e+00,0.000000e+00,0.000000e+00,0.000000e+00,0.000000e+00,0.000000e+00,0.000000e+00,0.000000e+00,0.000000e+00,0.000000e+00,0.000000e+00,0.000000e+00,0.000000e+00
1.000000e+00,0.000000e+00,0.000000e+00,0.000000e+00,0.000000e+00,0.000000e+00,0.000000e+00,0.000000e+00,0.000000e+00,0.000000e+00,0.000000e+00,0.000000e+00,0.000000e+00,0.000000e+00,0.000000e+00
1.000000e+00,0.000000e+00,0.000000e+00,0.000000e+00,0.000000e+00,0.000000e+00,0.000000e+00,0.000000e+00,0.000000e+00,0.000000e+00,0.000000e+00,0.000000e+00,0.000000e+00,0.000000e+00,0.000000e+00
1.000000e+00,0.000000e+00,0.000000e+00,0.000000e+00,0.000000e+00,0.000000e+00,0.000000e+00,0.000000e+00,0.000000e+00,0.000000e+00,0.000000e+00,0.000000e+00,0.000000e+00,0.000000e+00,0.000000e+00
1.000000e+00,0.000000e+00,0.000000e+00,0.000000e+00,0.000000e+00,0.000000e+00,0.000000e+00,0.000000e+00,0.000000e+00,0.000000e+00,0.000000e+00,0.000000e+00,0.000000e+00,0.000000e+00,0.000000e+00
1.000000e+00,0.000000e+00,0.000000e+00,0.000000e+00,0.000000e+00,0.000000e+00,0.000000e+00,0.000000e+00,0.000000e+00,0.000000e+00,0.000000e+00,0.000000e+00,0.000000e+00,0.000000e+00,0.000000e+00
1.000000e+00,0.000000e+00,0.000000e+00,0.000000e+00,0.000000e+00,0.000000e+00,0.000000e+00,0.000000e+00,0.000000e+00,0.000000e+00,0.000000e+00,0.000000e+00,0.000000e+00,0.000000e+00,0.000000e+00
1.000000e+00,0.000000e+00,0.000000e+00,0.000000e+00,0.000000e+00,0.000000e+00,0.000000e+00,0.000000e+00,0.000000e+00,0.000000e+00,0.000000e+00,0.000000e+00,0.000000e+00,0.000000e+00,0.000000e+00
1.000000e+00,0.000000e+00,0.000000e+00,0.000000e+00,0.000000e+00,0.000000e+00,0.000000e+00,0.000000e+00,0.000000e+00,0.000000e+00,0.000000e+00,0.000000e+00,0.000000e+00,0.000000e+00,0.000000e+00
1.000000e+00,0.000000e+00,0.000000e+00,0.000000e+00,0.000000e+00,0.000000e+00,0.000000e+00,0.000000e+00,0.000000e+00,0.000000e+00,0.000000e+00,0.000000e+00,0.000000e+00,0.000000e+00,0.000000e+00
1.000000e+00,0.000000e+00,0.000000e+00,0.000000e+00,0.000000e+00,0.000000e+00,0.000000e+00,0.000000e+00,0.000000e+00,0.000000e+00,0.000000e+00,0.000000e+00,0.000000e+00,0.000000e+00,0.000000e+00
1.000000e+00,0.000000e+00,0.000000e+00,0.000000e+00,0.000000e+00,0.000000e+00,0.000000e+00,0.000000e+00,0.000000e+00,0.000000e+00,0.000000e+00,0.000000e+00,0.000000e+00,0.000000e+00,0.000000e+00
1.000000e+00,0.000000e+00,0.000000e+00,0.000000e+00,0.000000e+00,0.000000e+00,0.000000e+00,0.000000e+00,0.000000e+00,0.000000e+00,0.000000e+00,0.000000e+00,0.000000e+00,0.000000e+00,0.000000e+00
1.000000e+00,0.000000e+00,0.000000e+00,0.000000e+00,0.000000e+00,0.000000e+00,0.000000e+00,0.000000e+00,0.000000e+00,0.000000e+00,0.000000e+00,0.000000e+00,0.000000e+00,0.000000e+00,0.000000e+00
1.000000e+00,0.000000e+00,0.000000e+00,0.000000e+00,0.000000e+00,0.000000e+00,0.000000e+00,0.000000e+00,0.000000e+00,0.000000e+00,0.000000e+00,0.000000e+00,0.000000e+00,0.000000e+00,0.000000e+00
1.000000e+00,0.000000e+00,0.000000e+00,0.000000e+00,0.000000e+00,0.000000e+00,0.000000e+00,0.000000e+00,0.000000e+00,0.000000e+00,0.000000e+00,0.000000e+00,0.000000e+00,0.000000e+00,0.000000e+00
1.000000e+00,0.000000e+00,0.000000e+00,0.000000e+00,0.000000e+00,0.000000e+00,0.000000e+00,0.000000e+00,0.000000e+00,0.000000e+00,0.000000e+00,0.000000e+00,0.000000e+00,0.000000e+00,0.000000e+00
1.000000e+00,0.000000e+00,0.000000e+00,0.000000e+00,0.000000e+00,0.000000e+00,0.000000e+00,0.000000e+00,0.000000e+00,0.000000e+00,0.000000e+00,0.000000e+00,0.000000e+00,0.000000e+00,0.000000e+00
1.000000e+00,0.000000e+00,0.000000e+00,0.000000e+00,0.000000e+00,0.000000e+00,0.000000e+00,0.000000e+00,0.000000e+00,0.000000e+00,0.000000e+00,0.000000e+00,0.000000e+00,0.000000e+00,0.000000e+00
1.000000e+00,0.000000e+00,0.000000e+00,0.000000e+00,0.000000e+00,0.000000e+00,0.000000e+00,0.000000e+00,0.000000e+00,0.000000e+00,0.000000e+00,0.000000e+00,0.000000e+00,0.000000e+00,0.000000e+00
1.000000e+00,0.000000e+00,0.000000e+00,0.000000e+00,0.000000e+00,0.000000e+00,0.000000e+00,0.000000e+00,0.000000e+00,0.000000e+00,0.000000e+00,0.000000e+00,0.000000e+00,0.000000e+00,0.000000e+00
1.000000e+00,0.000000e+00,0.000000e+00,0.000000e+00,0.000000e+00,0.000000e+00,0.000000e+00,0.000000e+00,0.000000e+00,0.000000e+00,0.000000e+00,0.000000e+00,0.000000e+00,0.000000e+00,0.000000e+00
1.000000e+00,0.000000e+00,0.000000e+00,0.000000e+00,0.000000e+00,0.000000e+00,0.000000e+00,0.000000e+00,0.000000e+00,0.000000e+00,0.000000e+00,0.000000e+00,0.000000e+00,0.000000e+00,0.000000e+00
1.000000e+00,0.000000e+00,0.000000e+00,0.000000e+00,0.000000e+00,0.000000e+00,0.000000e+00,0.000000e+00,0.000000e+00,0.000000e+00,0.000000e+00,0.000000e+00,0.000000e+00,0.000000e+00,0.000000e+00
1.000000e+00,0.000000e+00,0.000000e+00,0.000000e+00,0.000000e+00,0.000000e+00,0.000000e+00,0.000000e+00,0.000000e+00,0.000000e+00,0.000000e+00,0.000000e+00,0.000000e+00,0.000000e+00,0.000000e+00
1.000000e+00,0.000000e+00,0.000000e+00,0.000000e+00,0.000000e+00,0.000000e+00,0.000000e+00,0.000000e+00,0.000000e+00,0.000000e+00,0.000000e+00,0.000000e+00,0.000000e+00,0.000000e+00,0.000000e+00
1.000000e+00,0.000000e+00,0.000000e+00,0.000000e+00,0.000000e+00,0.000000e+00,0.000000e+00,0.000000e+00,0.000000e+00,0.000000e+00,0.000000e+00,0.000000e+00,0.000000e+00,0.000000e+00,0.000000e+00
1.000000e+00,0.000000e+00,0.000000e+00,0.000000e+00,0.000000e+00,0.000000e+00,0.000000e+00,0.000000e+00,0.000000e+00,0.000000e+00,0.000000e+00,0.000000e+00,0.000000e+00,0.000000e+00,0.000000e+00
1.000000e+00,0.000000e+00,0.000000e+00,0.000000e+00,0.000000e+00,0.000000e+00,0.000000e+00,0.000000e+00,0.000000e+00,0.000000e+00,0.000000e+00,0.000000e+00,0.000000e+00,0.000000e+00,0.000000e+00
4.639204e-01,4.602329e-02,5.871298e-02,5.335969e-02,1.042875e-02,1.237712e-01,2.732461e-03,8.114500e-03,2.314401e-02,3.991245e-02,8.097091e-02,2.450662e-02,6.686523e-03,2.297152e-02,3.474471e-02
3.416500e-01,3.716300e-02,4.249655e-02,4.045845e-02,7.534373e-03,9.192409e-02,2.034989e-03,6.596312e-03,2.121153e-02,3.244923e-02,2.540010e-01,4.745462e-02,5.114589e-03,3.741890e-02,3.249243e-02
2.493344e-01,3.187997e-02,3.043975e-02,3.049462e-02,5.803129e-03,6.754386e-02,1.546473e-03,5.279530e-03,1.794344e-02,2.379324e-02,3.956695e-01,4.801484e-02,3.886634e-03,6.248668e-02,2.588403e-02
1.762146e-01,2.414837e-02,2.158672e-02,2.476339e-02,4.758883e-03,5.069543e-02,1.331956e-03,4.152970e-03,1.623373e-02,1.812994e-02,5.081167e-01,4.245360e-02,3.063658e-03,8.354956e-02,2.080047e-02
1.247500e-01,1.790205e-02,1.567195e-02,1.880733e-02,4.384711e-03,4.018388e-02,1.298316e-03,3.159200e-03,1.286445e-02,1.420279e-02,6.015086e-01,4.255730e-02,3.086009e-03,8.351892e-02,1.610455e-02
9.066206e-02,1.367786e-02,1.163760e-02,1.574554e-02,4.224666e-03,3.256419e-02,1.181564e-03,2.581659e-03,1.096209e-02,1.136340e-02,6.362226e-01,4.844324e-02,2.889004e-03,1.055339e-01,1.231061e-02
6.727567e-02,1.609531e-02,9.599785e-03,1.330673e-02,6.519773e-03,2.839074e-02,1.517860e-03,2.218296e-03,2.637549e-02,1.143557e-02,5.852389e-01,6.780672e-02,2.866854e-03,1.466334e-01,1.471889e-02
4.951371e-02,1.525569e-02,7.493753e-03,1.042623e-02,5.901191e-03,2.108810e-02,1.585545e-03,2.014948e-03,4.815938e-02,9.572083e-03,5.550290e-01,5.683194e-02,2.602803e-03,2.032387e-01,1.128684e-02
3.634838e-02,1.419306e-02,7.254412e-03,8.241528e-03,6.936124e-03,1.548130e-02,1.580465e-03,2.194903e-03,4.605483e-02,1.041895e-02,5.714588e-01,4.397132e-02,2.195915e-03,2.246865e-01,8.983460e-03
3.085986e-02,1.169921e-02,6.625261e-03,6.262785e-03,5.966585e-03,1.159051e-02,1.328861e-03,2.019801e-03,5.599732e-02,9.149573e-03,5.520876e-01,3.816670e-02,1.782191e-03,2.593759e-01,7.087814e-03
3.427739e-02,8.913500e-03,4.935600e-03,4.770005e-03,4.539576e-03,8.922628e-03,1.015216e-03,1.766965e-03,4.925647e-02,6.896719e-03,5.585772e-01,3.517972e-02,1.478515e-03,2.743064e-01,5.164098e-03
2.598605e-02,6.990976e-03,4.224845e-03,3.571459e-03,3.949625e-03,6.767711e-03,7.329988e-04,1.435035e-03,4.720836e-02,5.318461e-03,5.557961e-01,2.870618e-02,1.244777e-03,3.040468e-01,4.020630e-03
2.116749e-02,7.610320e-03,8.889389e-03,4.772591e-03,6.308938e-03,5.970928e-03,6.111509e-04,2.208926e-03,8.165685e-02,5.408644e-03,5.407926e-01,2.432279e-02,1.156658e-03,2.841509e-01,4.971864e-03
3.991117e-02,8.031232e-03,1.738759e-02,8.630372e-03,7.914435e-03,1.240635e-02,6.564209e-04,2.280865e-03,9.736823e-02,1.264317e-02,4.584781e-01,1.929484e-02,1.942938e-03,3.011482e-01,1.190619e-02
4.218432e-02,1.055765e-02,1.472762e-02,1.218069e-02,7.529986e-03,1.103036e-02,5.355169e-04,2.654000e-03,1.217479e-01,1.409909e-02,4.430728e-01,1.544101e-02,2.110797e-03,2.900418e-01,1.208650e-02
3.475381e-02,1.015235e-02,1.158766e-02,1.122435e-02,6.661933e-03,8.508379e-03,4.443952e-04,2.421162e-03,1.181186e-01,1.679807e-02,4.371715e-01,1.350358e-02,2.289370e-03,3.165280e-01,9.836778e-03
3.566704e-02,1.817924e-02,9.374231e-03,1.255179e-02,8.574372e-03,7.860019e-03,5.159283e-04,3.856287e-03,1.131554e-01,1.815211e-02,4.435866e-01,1.717929e-02,2.971993e-03,2.960539e-01,1.232177e-02
3.844947e-02,2.548618e-02,8.268882e-03,1.267551e-02,9.605134e-03,8.947301e-03,5.597866e-04,3.618124e-03,1.388114e-01,2.010562e-02,4.354224e-01,2.444340e-02,4.776313e-03,2.534239e-01,1.540658e-02
3.378927e-02,2.704758e-02,3.358266e-02,1.195567e-02,9.488107e-03,8.359458e-03,5.186624e-04,3.820379e-03,1.536707e-01,2.077499e-02,4.570035e-01,1.978336e-02,4.686343e-03,1.995903e-01,1.592902e-02
3.126264e-02,2.508503e-02,1.699961e-01,1.603233e-02,9.822389e-03,1.945322e-02,5.217820e-04,8.014349e-03,1.939473e-01,1.580875e-02,3.351501e-01,1.424885e-02,3.604192e-03,1.433865e-01,1.366641e-02
3.334887e-02,2.502315e-02,1.585548e-01,1.817631e-02,1.997343e-02,2.481959e-02,6.257059e-04,8.426338e-03,3.122534e-01,1.495443e-02,2.432686e-01,1.055373e-02,2.829579e-03,1.096149e-01,1.757729e-02
2.569160e-02,2.055922e-02,1.160139e-01,1.945611e-02,1.590323e-02,1.834188e-02,6.292051e-04,8.798904e-03,4.838910e-01,1.203158e-02,1.717919e-01,7.683632e-03,2.978163e-03,7.783389e-02,1.839577e-02
2.183402e-02,1.866557e-02,9.157328e-02,2.472913e-02,1.380202e-02,1.440046e-02,6.161884e-04,1.092177e-02,5.921125e-01,9.537185e-03,1.213401e-01,5.511357e-03,2.577993e-03,5.578982e-02,1.658863e-02
1.674067e-02,1.605006e-02,1.049605e-01,5.504202e-02,1.076748e-02,1.035256e-02,4.529330e-04,8.080005e-03,6.258439e-01,7.235542e-03,8.559944e-02,3.948925e-03,2.408018e-03,3.924106e-02,1.327686e-02
1.490753e-02,1.444733e-02,1.028848e-01,7.296340e-02,1.157435e-02,9.332110e-03,3.948714e-04,8.784992e-03,5.245780e-01,1.770280e-02,1.260709e-01,1.144049e-02,4.110479e-02,2.844753e-02,1.536601e-02
1.171426e-02,1.190611e-02,7.856640e-02,6.247438e-02,1.004536e-02,8.053777e-03,3.428234e-04,7.557526e-03,5.378926e-01,1.444065e-02,1.377401e-01,1.405686e-02,6.789433e-02,2.125284e-02,1.606194e-02
8.513963e-03,9.208100e-03,5.590170e-02,5.886721e-02,7.897706e-03,6.130720e-03,2.797603e-04,5.511798e-03,4.449440e-01,1.171326e-02,1.840810e-01,3.406975e-02,1.421105e-01,1.646996e-02,1.430063e-02
6.367688e-03,8.294955e-03,4.011051e-02,8.055084e-02,7.753222e-03,4.849660e-03,2.454794e-04,4.086293e-03,3.819115e-01,9.359593e-03,2.568310e-01,4.154901e-02,1.278727e-01,1.910492e-02,1.111271e-02
5.095050e-03,6.922268e-03,2.875714e-02,7.663126e-02,7.056569e-03,4.274383e-03,2.076458e-04,3.100713e-03,3.122171e-01,9.570427e-03,3.298991e-01,5.080411e-02,1.110185e-01,4.520084e-02,9.244908e-03
4.146027e-03,5.216513e-03,2.101410e-02,7.581864e-02,1.158896e-02,5.168214e-03,2.252908e-04,2.475767e-03,2.784815e-01,1.007029e-02,3.059406e-01,9.144665e-02,1.015659e-01,7.784525e-02,8.996302e-03
5.821021e-03,4.065610e-03,1.639365e-02,7.211214e-02,6.351134e-02,1.977431e-02,6.030815e-04,4.125523e-03,2.144763e-01,1.184773e-02,3.127365e-01,1.223311e-01,8.023529e-02,6.433336e-02,7.633069e-03
5.731294e-03,3.208898e-03,1.206190e-02,6.682775e-02,7.022623e-02,2.288346e-02,6.219834e-04,3.478389e-03,1.612731e-01,1.133135e-02,3.974973e-01,1.270474e-01,5.928611e-02,5.242267e-02,6.102121e-03
4.156489e-03,2.599563e-03,9.486889e-03,4.908826e-02,5.850603e-02,1.636246e-02,4.540269e-04,2.545045e-03,1.142336e-01,8.868179e-03,5.202265e-01,1.018159e-01,4.465083e-02,6.233945e-02,4.666746e-03
3.398371e-03,2.049998e-03,8.260182e-03,3.512937e-02,5.752080e-02,1.163681e-02,3.525820e-04,2.295103e-03,8.031763e-02,9.340481e-03,6.182258e-01,8.018285e-02,3.284827e-02,5.401800e-02,4.423843e-03
3.025545e-03,1.660147e-03,7.350081e-03,2.568484e-02,5.004339e-02,8.594462e-03,2.999649e-04,2.685490e-03,5.727483e-02,1.042228e-02,6.834487e-01,7.364193e-02,2.516820e-02,4.571751e-02,4.982652e-03
5.240389e-03,1.320868e-03,6.641266e-03,1.974326e-02,4.535881e-02,6.479354e-03,3.074938e-04,3.543542e-03,4.107896e-02,1.070323e-02,7.204716e-01,7.314348e-02,2.012237e-02,4.100637e-02,4.839023e-03
1.305327e-02,1.249207e-03,5.896708e-03,1.805963e-02,3.843688e-02,6.814262e-03,3.843094e-04,3.665733e-03,2.976022e-02,2.572727e-02,7.046732e-01,9.528299e-02,1.707820e-02,3.503444e-02,4.883650e-03
2.085282e-02,2.633979e-03,7.488795e-03,1.523279e-02,3.607620e-02,6.074918e-03,3.570371e-04,4.766239e-03,2.337109e-02,3.686644e-02,6.421080e-01,1.423624e-01,2.057768e-02,3.658498e-02,4.646720e-03
3.650086e-02,3.320216e-03,6.313365e-03,1.114445e-02,2.614516e-02,5.107035e-03,3.053320e-04,4.492904e-03,1.949032e-02,3.006719e-02,4.935327e-01,2.920050e-01,1.829678e-02,4.966849e-02,3.610294e-03
6.616100e-02,3.308015e-03,5.685505e-03,8.550577e-03,1.938536e-02,5.211152e-03,2.577392e-04,3.903192e-03,1.542348e-02,2.398840e-02,4.706004e-01,3.157315e-01,1.414189e-02,4.473376e-02,2.918124e-03
9.830903e-02,6.771475e-03,8.970218e-03,7.895188e-03,2.095541e-02,6.196931e-03,3.326178e-04,5.497330e-03,1.493516e-02,2.354327e-02,4.210225e-01,3.319732e-01,1.188710e-02,3.860176e-02,3.108903e-03
1.285133e-01,5.982196e-03,9.919591e-03,7.135834e-03,4.026413e-02,8.402645e-03,7.621938e-04,1.253923e-02,1.366997e-02,2.893188e-02,3.810085e-01,3.177207e-01,9.894317e-03,3.228287e-02,2.972577e-03
1.560869e-01,8.108558e-03,1.136484e-02,8.060159e-03,5.566978e-02,8.675757e-03,8.144650e-04,1.103029e-02,1.598644e-02,2.477061e-02,3.299533e-01,3.311432e-01,9.344382e-03,2.587856e-02,3.112766e-03
1.323976e-01,6.285402e-03,1.370544e-02,7.165574e-03,1.008354e-01,7.193857e-03,8.313360e-04,3.560844e-02,2.949758e-02,2.885501e-02,3.102258e-01,2.937513e-01,8.761391e-03,2.177804e-02,3.107845e-03
1.213712e-01,6.362094e-03,1.767746e-02,6.079427e-03,1.703678e-01,7.809934e-03,2.014948e-03,3.034000e-02,4.058342e-02,2.465574e-02,2.862414e-01,2.592481e-01,7.246397e-03,1.725998e-02,2.742094e-03
1.048189e-01,6.297760e-03,1.853367e-02,4.624420e-03,2.576894e-01,7.709781e-03,3.262336e-03,2.719723e-02,7.738087e-02,2.029896e-02,2.488035e-01,2.016122e-01,5.917242e-03,1.362444e-02,2.229250e-03
7.864363e-02,6.214055e-03,8.616533e-02,3.717052e-03,2.876243e-01,6.525643e-03,2.804364e-03,5.333069e-02,8.658010e-02,1.739461e-02,1.994815e-01,1.513560e-01,6.642590e-03,1.180280e-02,1.717428e-03
5.897769e-02,7.566506e-03,7.725509e-02,2.898894e-03,2.843391e-01,6.180385e-03,3.050468e-03,5.051636e-02,2.047881e-01,1.547989e-02,1.638354e-01,1.085955e-01,5.827081e-03,9.378816e-03,1.310714e-03
5.127416e-02,5.584369e-03,8.653972e-02,5.590268e-03,2.098067e-01,4.944070e-03,4.530761e-03,2.425321e-01,1.619467e-01,1.176341e-02,1.267679e-01,7.644917e-02,4.329327e-03,6.997870e-03,9.434050e-04
5.667011e-02,5.073461e-03,1.735291e-01,1.371482e-02,2.239918e-01,4.848664e-03,3.889580e-03,2.131385e-01,1.338022e-01,1.039877e-02,9.678280e-02,5.395876e-02,3.203423e-03,6.270682e-03,7.273593e-04
7.271923e-02,5.571950e-03,2.386940e-01,3.980465e-02,2.198495e-01,4.877542e-03,2.931629e-03,1.634103e-01,1.124952e-01,1.097012e-02,7.990400e-02,3.828315e-02,2.367112e-03,7.433121e-03,6.885364e-04
1.237536e-01,5.374578e-03,2.289281e-01,6.801514e-02,2.225132e-01,4.463455e-03,2.150516e-03,1.223796e-01,9.206276e-02,1.793520e-02,7.219024e-02,2.792090e-02,1.916861e-03,9.641938e-03,7.538183e-04
1.506009e-01,5.303938e-03,2.242216e-01,7.235113e-02,2.251943e-01,5.974404e-03,1.679872e-03,9.034146e-02,7.845885e-02,4.601541e-02,6.316631e-02,2.249306e-02,1.802365e-03,1.123242e-02,1.163995e-03
1.748605e-01,4.305179e-03,2.812946e-01,5.676357e-02,2.340166e-01,5.283335e-03,1.858562e-03,7.484957e-02,5.782846e-02,3.472070e-02,4.626898e-02,1.649191e-02,1.561994e-03,8.832912e-03,1.063099e-03
1.919251e-01,3.804546e-03,2.814614e-01,4.475344e-02,2.514004e-01,8.495018e-03,1.892459e-02,7.371595e-02,4.219771e-02,2.585803e-02,3.513583e-02,1.245899e-02,2.488979e-03,6.408728e-03,9.712564e-04
2.180590e-01,3.258399e-03,2.156682e-01,3.490582e-02,2.113815e-01,9.245745e-03,1.357187e-01,7.790293e-02,3.033836e-02,1.883069e-02,2.527168e-02,1.009527e-02,3.637305e-03,4.666331e-03,1.020020e-03
2.695330e-01,3.167010e-03,1.530432e-01,2.722043e-02,2.207018e-01,1.482930e-02,1.375937e-01,8.761178e-02,2.215093e-02,1.401621e-02,2.010994e-02,1.710552e-02,5.490096e-03,3.944215e-03,3.482922e-03
2.756124e-01,2.794201e-03,1.082067e-01,2.197986e-02,2.154292e-01,1.394111e-02,2.031261e-01,7.678774e-02,1.663366e-02,1.221786e-02,1.620662e-02,1.789752e-02,6.778950e-03,3.558554e-03,8.829402e-03
2.131566e-01,2.219645e-03,7.614911e-02,1.855848e-02,2.513293e-01,1.535883e-02,2.881851e-01,5.971590e-02,1.240023e-02,1.345770e-02,1.494871e-02,1.398837e-02,7.428430e-03,2.979460e-03,1.012418e-02
1.984485e-01,3.174910e-03,5.388961e-02,1.866723e-02,3.489110e-01,1.641530e-02,2.555469e-01,4.453368e-02,9.759873e-03,9.825263e-03,1.187547e-02,1.131874e-02,7.039265e-03,2.252139e-03,8.342082e-03
1.912106e-01,4.677849e-03,3.867859e-02,1.857752e-02,3.919958e-01,1.718924e-02,2.530012e-01,3.471371e-02,8.953478e-03,7.701478e-03,9.265540e-03,9.109926e-03,6.073551e-03,1.855143e-03,6.996389e-03
1.609721e-01,5.504225e-03,2.794798e-02,1.782310e-02,3.425270e-01,1.499500e-02,3.645245e-01,2.579769e-02,6.991410e-03,6.353143e-03,6.916090e-03,7.377800e-03,4.856483e-03,1.595549e-03,5.817831e-03
1.372475e-01,7.673884e-03,2.084672e-02,2.078536e-02,2.989376e-01,1.369142e-02,4.456540e-01,2.001989e-02,5.632692e-03,6.939849e-03,5.309226e-03,6.093880e-03,4.138547e-03,1.528404e-03,5.501054e-03
1.398309e-01,1.015141e-02,1.623275e-02,2.566961e-02,2.729740e-01,1.342901e-02,4.691053e-01,1.891169e-02,5.154661e-03,7.107624e-03,4.428562e-03,5.317790e-03,4.121219e-03,1.604376e-03,5.961075e-03
2.085873e-01,1.364346e-02,1.378674e-02,3.187173e-02,2.411338e-01,1.818731e-02,4.112763e-01,1.730663e-02,6.880809e-03,8.160870e-03,5.542820e-03,6.972395e-03,5.542930e-03,2.367709e-03,8.739237e-03
3.085842e-01,1.377906e-02,1.141181e-02,3.243813e-02,2.053814e-01,2.030109e-02,3.407263e-01,1.684340e-02,6.725641e-03,8.410154e-03,6.087256e-03,8.377955e-03,6.617177e-03,2.764466e-03,1.155194e-02
4.443533e-01,1.292835e-02,9.091938e-03,2.791546e-02,1.542162e-01,2.092515e-02,2.578847e-01,2.095326e-02,5.726757e-03,7.082133e-03,6.604730e-03,1.061953e-02,7.203330e-03,2.748850e-03,1.174625e-02
1.000000e+00,0.000000e+00,0.000000e+00,0.000000e+00,0.000000e+00,0.000000e+00,0.000000e+00,0.000000e+00,0.000000e+00,0.000000e+00,0.000000e+00,0.000000e+00,0.000000e+00,0.000000e+00,0.000000e+00
1.000000e+00,0.000000e+00,0.000000e+00,0.000000e+00,0.000000e+00,0.000000e+00,0.000000e+00,0.000000e+00,0.000000e+00,0.000000e+00,0.000000e+00,0.000000e+00,0.000000e+00,0.000000e+00,0.000000e+00
3.946865e-01,2.144906e-02,8.354529e-03,2.815780e-02,6.118736e-02,1.423917e-01,9.614193e-02,1.173916e-02,5.112549e-03,5.559562e-03,1.124605e-01,2.324894e-02,6.874749e-03,5.549640e-02,2.713916e-02
2.788191e-01,1.580472e-02,6.166420e-03,1.988973e-02,4.342210e-02,1.187662e-01,6.781489e-02,9.082804e-03,5.708383e-03,4.434660e-03,2.261987e-01,4.007052e-02,5.546802e-03,1.360164e-01,2.225858e-02
1.954834e-01,1.145351e-02,4.430171e-03,1.412729e-02,3.083776e-02,8.619966e-02,4.757252e-02,6.507523e-03,1.122462e-02,3.671948e-03,3.006663e-01,5.214386e-02,4.001688e-03,2.145126e-01,1.716724e-02
1.372234e-01,8.379099e-03,3.251051e-03,1.039091e-02,2.232678e-02,6.427854e-02,3.347620e-02,4.756961e-03,2.616734e-02,3.853509e-03,3.416969e-01,6.268013e-02,3.004164e-03,2.649300e-01,1.358511e-02
9.707978e-02,6.109512e-03,3.023243e-03,8.333229e-03,1.610081e-02,6.832837e-02,2.379194e-02,3.628776e-03,4.316010e-02,6.338851e-03,3.980665e-01,5.525083e-02,3.055273e-03,2.548586e-01,1.287410e-02
6.818015e-02,6.556404e-03,4.104015e-03,6.105141e-03,1.514333e-02,5.154465e-02,1.676753e-02,2.874777e-03,1.121279e-01,7.010292e-03,3.873224e-01,4.960819e-02,2.248079e-03,2.583425e-01,1.206464e-02
4.848714e-02,5.541184e-03,9.191154e-03,5.507777e-03,1.292133e-02,4.513153e-02,1.220550e-02,3.305493e-03,2.316365e-01,8.999374e-03,3.227922e-01,4.453707e-02,1.917244e-03,2.351952e-01,1.263136e-02
3.415092e-02,4.570053e-03,7.154637e-03,4.190918e-03,9.640089e-03,5.975363e-02,8.708282e-03,2.606486e-03,2.382696e-01,7.435382e-03,2.374888e-01,3.478453e-02,1.539665e-03,3.394732e-01,1.023372e-02
2.405437e-02,3.451068e-03,5.335493e-03,3.029862e-03,7.147334e-03,5.142379e-02,6.137002e-03,1.868417e-03,1.833716e-01,6.028888e-03,1.783620e-01,2.578001e-02,1.251774e-03,4.930866e-01,9.671899e-03
1.897734e-02,5.375029e-03,6.100261e-03,2.893797e-03,7.140486e-03,5.851550e-02,4.498965e-03,2.369367e-03,1.743312e-01,5.351807e-03,1.903087e-01,2.029335e-02,1.639000e-03,4.878368e-01,1.436841e-02
4.541229e-02,1.063265e-02,7.133723e-03,4.649574e-03,1.326495e-02,5.811201e-02,3.529871e-03,4.047918e-03,1.607937e-01,5.353314e-03,1.942562e-01,1.463871e-02,3.522946e-03,4.450540e-01,2.959829e-02
5.910693e-02,1.766882e-02,5.811920e-03,4.174822e-03,2.182780e-02,6.420541e-02,2.847122e-03,4.250905e-03,1.496410e-01,4.503893e-03,2.111397e-01,1.052624e-02,3.615753e-03,4.146397e-01,2.603997e-02
7.417057e-02,2.773234e-02,6.218452e-03,5.612585e-02,2.958636e-02,7.148933e-02,3.686856e-03,1.026602e-02,1.710612e-01,4.829137e-03,1.673661e-01,7.695463e-03,5.537509e-03,3.330072e-01,3.122758e-02
8.873667e-02,2.159965e-02,5.082474e-03,4.291592e-02,3.210165e-02,6.222846e-02,3.429616e-03,8.185430e-03,2.950918e-01,4.103412e-03,1.370199e-01,6.016415e-03,7.497948e-03,2.556078e-01,3.038283e-02
1.116379e-01,2.019556e-02,6.419745e-03,6.195550e-02,3.895990e-02,5.571388e-02,4.278332e-03,1.657021e-02,3.157471e-01,3.715052e-03,1.180657e-01,8.232355e-03,7.862426e-03,2.007128e-01,2.993346e-02
1.653801e-01,1.570859e-02,6.687764e-03,5.832525e-02,3.536234e-02,5.008807e-02,4.285363e-03,1.343840e-02,3.378394e-01,3.453468e-03,1.001398e-01,9.709585e-03,8.871301e-03,1.601603e-01,3.055016e-02
1.811839e-01,1.372031e-02,7.589960e-03,9.716161e-02,4.361622e-02,5.019618e-02,6.241515e-03,1.677322e-02,3.298186e-01,3.220391e-03,7.547077e-02,1.028655e-02,9.249837e-03,1.281256e-01,2.734531e-02
1.627401e-01,1.110956e-02,3.027372e-02,1.113783e-01,3.360185e-02,3.804869e-02,5.269540e-03,1.389058e-02,3.851503e-01,5.810758e-03,5.497387e-02,8.612566e-03,7.041886e-03,9.125095e-02,4.084741e-02
1.441322e-01,1.053567e-02,3.369474e-02,8.811092e-02,2.645754e-02,2.932498e-02,4.539829e-03,1.049966e-02,3.694844e-01,5.944589e-03,4.152526e-02,7.162587e-03,5.764659e-03,6.791679e-02,1.549062e-01
1.011117e-01,7.521740e-03,2.685272e-02,6.203776e-02,1.862728e-02,2.056313e-02,3.182673e-03,7.350883e-03,4.718057e-01,4.701633e-03,2.950472e-02,5.042863e-03,4.083846e-03,4.917985e-02,1.884336e-01
7.100584e-02,5.442631e-03,2.463972e-02,4.406352e-02,1.311483e-02,1.443682e-02,2.248854e-03,5.150548e-03,4.871525e-01,4.528352e-03,2.143696e-02,3.646177e-03,2.995538e-03,4.257224e-02,2.575656e-01
4.999119e-02,4.259951e-03,2.758454e-02,3.091810e-02,9.304881e-03,1.016771e-02,1.599777e-03,3.610847e-03,3.996037e-01,5.153235e-03,1.891022e-02,2.865043e-03,2.316939e-03,8.136022e-02,3.523537e-01
3.504362e-02,3.014766e-03,1.981430e-02,2.166408e-02,6.518145e-03,7.139617e-03,1.122643e-03,2.528662e-03,4.031782e-01,1.022526e-02,1.534876e-02,2.251884e-03,1.705888e-03,2.080545e-01,2.623896e-01
2.458880e-02,2.128962e-03,1.401091e-02,1.517717e-02,4.567355e-03,5.010395e-03,7.901189e-04,1.770987e-03,3.010780e-01,8.821888e-03,1.391722e-02,1.673407e-03,1.225276e-03,4.152378e-01,1.900018e-01
1.772718e-02,1.655821e-03,1.070982e-02,1.084164e-02,5.170370e-03,3.997889e-03,6.941837e-04,1.317121e-03,2.331462e-01,1.146882e-02,5.934073e-02,1.704241e-03,1.327026e-03,4.270103e-01,2.138887e-01
1.299967e-02,1.484232e-03,7.727278e-03,7.730237e-03,8.853624e-03,3.045353e-03,8.452715e-04,1.020210e-03,1.723853e-01,1.361405e-02,6.088318e-02,1.694065e-03,1.735697e-03,4.024741e-01,3.035077e-01
9.813060e-03,1.138737e-03,5.523917e-03,5.465095e-03,7.252550e-03,3.397965e-03,7.465446e-04,8.117779e-04,1.242713e-01,1.873867e-02,8.715045e-02,1.452975e-03,1.520408e-03,4.284880e-01,3.042286e-01
7.205656e-03,8.564313e-04,3.957149e-03,3.890923e-03,5.206526e-03,2.541702e-03,5.528091e-04,6.972497e-04,8.856899e-02,1.609008e-02,1.535438e-01,1.336311e-03,1.778923e-03,4.951239e-01,2.186496e-01
5.889136e-03,7.128750e-04,2.836773e-03,2.868056e-03,4.151778e-03,2.161938e-03,4.476560e-04,8.759213e-04,6.509098e-02,1.576222e-02,2.151277e-01,1.815132e-03,3.160642e-03,5.191141e-01,1.599851e-01
4.836974e-03,6.066654e-04,2.239327e-03,2.201641e-03,4.008783e-03,2.050487e-03,4.559373e-04,1.498849e-03,5.063774e-02,4.189351e-02,2.177469e-01,2.593691e-03,4.029115e-03,5.500514e-01,1.151490e-01
4.179567e-03,4.845075e-04,1.681239e-03,2.325597e-03,4.412923e-03,1.854127e-03,5.348208e-04,1.936745e-03,3.879049e-02,6.049633e-02,3.265955e-01,6.639003e-03,1.006812e-02,4.556197e-01,8.438142e-02
3.671437e-03,4.137497e-04,1.270579e-03,2.401328e-03,6.919462e-03,1.981899e-03,5.911886e-04,1.706225e-03,3.106040e-02,6.967451e-02,4.152990e-01,1.281748e-02,1.636777e-02,3.723117e-01,6.351332e-02
3.205765e-03,3.877784e-04,9.549762e-04,2.800250e-03,2.923214e-02,2.799793e-03,2.309426e-03,3.677818e-03,2.817056e-02,8.472278e-02,4.242646e-01,1.393865e-02,2.350733e-02,3.288952e-01,5.113294e-02
2.405868e-03,3.367825e-04,8.615766e-04,2.973023e-03,3.597141e-02,2.541194e-03,2.253304e-03,1.520681e-02,2.776720e-02,7.312024e-02,4.954062e-01,1.359973e-02,2.343160e-02,2.629976e-01,4.112744e-02
2.092009e-03,1.660832e-03,1.909725e-03,5.341010e-03,4.588692e-02,2.488877e-03,1.944727e-03,2.574352e-02,6.629065e-02,9.260385e-02,4.884478e-01,1.572023e-02,2.498341e-02,1.909612e-01,3.392524e-02
3.680563e-03,1.574840e-03,3.523151e-03,5.389679e-03,7.243767e-02,5.203618e-03,4.712628e-03,1.365821e-01,6.048317e-02,8.941047e-02,4.016656e-01,1.470359e-02,2.958004e-02,1.426083e-01,2.844457e-02
5.566981e-03,1.720151e-03,4.106320e-03,7.045666e-03,7.417803e-02,6.364795e-03,3.961107e-03,2.232832e-01,5.844730e-02,8.075190e-02,3.548011e-01,1.965906e-02,3.425647e-02,1.041218e-01,2.173621e-02
7.522209e-03,2.068653e-03,1.026921e-02,6.192687e-03,2.303957e-01,4.660891e-03,3.341319e-03,2.104665e-01,5.756269e-02,5.830197e-02,2.705245e-01,2.131340e-02,2.712478e-02,7.481950e-02,1.543599e-02
7.993946e-03,2.472363e-03,1.675373e-02,5.173099e-03,2.355579e-01,3.461809e-03,2.816872e-03,3.108406e-01,5.914895e-02,4.247282e-02,2.046133e-01,2.129401e-02,2.206605e-02,5.438269e-02,1.095199e-02
9.267586e-03,9.631707e-03,2.400224e-02,4.039849e-03,2.004885e-01,3.278255e-03,2.309183e-03,3.367188e-01,1.504563e-01,3.038369e-02,1.485205e-01,1.651003e-02,1.733006e-02,3.930855e-02,7.754830e-03
1.158804e-02,1.615183e-02,2.931761e-02,3.431943e-03,1.846593e-01,3.764972e-03,2.290298e-03,3.237545e-01,2.401626e-01,2.168847e-02,1.050566e-01,1.169293e-02,1.235688e-02,2.856894e-02,5.515133e-03
1.613643e-02,2.949045e-02,2.846108e-02,3.077905e-03,2.050471e-01,5.346926e-03,2.557660e-03,2.442741e-01,3.338335e-01,1.536044e-02,7.430285e-02,8.287871e-03,8.805624e-03,2.107550e-02,3.942571e-03
3.370355e-02,7.550803e-02,3.094179e-02,3.445609e-03,1.844723e-01,5.905722e-03,2.098513e-03,1.873180e-01,3.774915e-01,1.139784e-02,5.264702e-02,6.179674e-03,6.324280e-03,1.683972e-02,5.726457e-03
4.930660e-02,8.769166e-02,3.207497e-02,5.053247e-03,1.906216e-01,7.451022e-03,2.292507e-03,1.593288e-01,3.901267e-01,9.349023e-03,3.805105e-02,4.747642e-03,4.802854e-03,1.383722e-02,5.265058e-03
6.767923e-02,9.667912e-02,4.275628e-02,8.473752e-03,1.981799e-01,7.138518e-03,4.799770e-03,1.667740e-01,3.452672e-01,8.509412e-03,2.760321e-02,4.117509e-03,3.953179e-03,1.066617e-02,7.402704e-03
1.481758e-01,9.462697e-02,3.720508e-02,1.480231e-02,1.935721e-01,1.035855e-02,6.149406e-03,1.470177e-01,2.966362e-01,6.740589e-03,2.284538e-02,4.074097e-03,3.350249e-03,8.602093e-03,5.843421e-03
1.850773e-01,1.306974e-01,2.955058e-02,1.650799e-02,1.690076e-01,1.011235e-02,4.841645e-03,1.099682e-01,3.018504e-01,5.420977e-03,1.816242e-02,3.529143e-03,2.732388e-03,7.871393e-03,4.670222e-03
2.160825e-01,1.600947e-01,2.607277e-02,1.601161e-02,1.493817e-01,1.280392e-02,3.865774e-03,7.927895e-02,2.972988e-01,4.801079e-03,1.680836e-02,3.574786e-03,2.502319e-03,7.233936e-03,4.188776e-03
1.730867e-01,1.366170e-01,1.943367e-02,2.625720e-02,2.210490e-01,1.420640e-02,3.387512e-03,1.306084e-01,2.462186e-01,3.446618e-03,1.259079e-02,2.885093e-03,1.969636e-03,5.169736e-03,3.073523e-03
1.462528e-01,1.135951e-01,1.485359e-02,2.058139e-02,1.975037e-01,1.418496e-02,2.972265e-03,2.798262e-01,1.886978e-01,2.441053e-03,9.250444e-03,2.209231e-03,1.679400e-03,3.689301e-03,2.262669e-03
1.865163e-01,1.100753e-01,1.346036e-02,1.814394e-02,1.788088e-01,2.658121e-02,3.402603e-03,2.694090e-01,1.728015e-01,1.886318e-03,9.191076e-03,2.258671e-03,2.227827e-03,2.814847e-03,2.422253e-03
2.176845e-01,9.657089e-02,1.145280e-02,1.937992e-02,1.684134e-01,2.191601e-02,3.796485e-03,2.741530e-01,1.503586e-01,2.359647e-03,1.400754e-02,7.909616e-03,5.043297e-03,2.483852e-03,4.470472e-03
3.242905e-01,6.989932e-02,9.661384e-03,4.839402e-02,1.425120e-01,1.822390e-02,3.542693e-03,2.005793e-01,1.211972e-01,2.976254e-03,1.557106e-02,2.365865e-02,1.187131e-02,2.265644e-03,5.356733e-03
4.032289e-01,5.139806e-02,7.718572e-03,4.242355e-02,1.275269e-01,1.507822e-02,3.458002e-03,1.650824e-01,1.106390e-01,4.399158e-03,1.813893e-02,2.522776e-02,1.532846e-02,2.730109e-03,7.622004e-03
3.635657e-01,3.843005e-02,9.176473e-03,5.060000e-02,9.372000e-02,1.552687e-02,3.144673e-03,1.183925e-01,1.107067e-01,8.136421e-03,4.894057e-02,7.729427e-02,4.782571e-02,3.178838e-03,1.136115e-02
3.922617e-01,3.285926e-02,1.406955e-02,7.398032e-02,6.839333e-02,1.741334e-02,2.507669e-03,8.542412e-02,1.034785e-01,9.945115e-03,5.705570e-02,7.830081e-02,4.732674e-02,4.119025e-03,1.286482e-02
3.138553e-01,3.043705e-02,6.191187e-02,1.288841e-01,4.962649e-02,1.853520e-02,1.881615e-03,6.166324e-02,1.098018e-01,1.014117e-02,6.526729e-02,7.902122e-02,5.113444e-02,4.767566e-03,1.307164e-02
3.660501e-01,2.762649e-02,5.588255e-02,1.061340e-01,3.587087e-02,1.901527e-02,1.592085e-03,4.533334e-02,9.016234e-02,8.689570e-03,1.006506e-01,7.662711e-02,4.609157e-02,7.976668e-03,1.229744e-02
4.001307e-01,2.673156e-02,4.695875e-02,9.586596e-02,2.859887e-02,1.809633e-02,1.498475e-03,3.425111e-02,8.089311e-02,7.520894e-03,1.186761e-01,7.406316e-02,4.033737e-02,1.131585e-02,1.506176e-02
3.224803e-01,2.344515e-02,4.021229e-02,8.350863e-02,2.331061e-02,1.371886e-02,1.356642e-03,5.056455e-02,7.852896e-02,9.223523e-03,1.481754e-01,6.381590e-02,5.242602e-02,7.499957e-02,1.423361e-02
3.243519e-01,1.901090e-02,2.934126e-02,8.054900e-02,1.849427e-02,1.126156e-02,1.343635e-03,5.540939e-02,7.201119e-02,9.910668e-03,1.570766e-01,5.921423e-02,5.207458e-02,9.520517e-02,1.474565e-02
3.055806e-01,1.603897e-02,2.122680e-02,6.775754e-02,1.460902e-02,9.683231e-03,1.292151e-03,6.015611e-02,8.952771e-02,8.251861e-03,2.053297e-01,5.577818e-02,4.577308e-02,8.695215e-02,1.204289e-02
2.798922e-01,1.899312e-02,1.825225e-02,7.043374e-02,2.738314e-02,8.867214e-03,1.250590e-03,6.489042e-02,1.252094e-01,7.726779e-03,2.059437e-01,4.739103e-02,3.891030e-02,7.504722e-02,9.808837e-03
2.780855e-01,2.958586e-02,1.933363e-02,6.143510e-02,2.989925e-02,9.698159e-03,1.658975e-03,8.009264e-02,1.163206e-01,8.267758e-03,1.987865e-01,5.247897e-02,3.646760e-02,6.925584e-02,8.633601e-03
2.578091e-01,2.828360e-02,1.839992e-02,5.381376e-02,3.075856e-02,1.087242e-02,2.168131e-03,7.114954e-02,1.747448e-01,9.103891e-03,1.914752e-01,4.093413e-02,3.487005e-02,6.675927e-02,8.857595e-03
2.510033e-01,3.566685e-02,1.855592e-02,4.290295e-02,3.229068e-02,9.235374e-03,2.105234e-03,5.702570e-02,2.062793e-01,2.668232e-02,1.726523e-01,3.075326e-02,2.871252e-02,7.543835e-02,1.069588e-02
2.204927e-01,3.037618e-02,2.567982e-02,7.004754e-02,3.651972e-02,8.988395e-03,2.703845e-03,5.769081e-02,2.706290e-01,2.093211e-02,1.367419e-01,2.619048e-02,2.577899e-02,5.672276e-02,1.050575e-02
2.097855e-01,2.405881e-02,1.012281e-01,1.285585e-01,3.319215e-02,8.389795e-03,2.434040e-03,4.811471e-02,2.407698e-01,1.529821e-02,1.003825e-01,1.942165e-02,1.917605e-02,4.063695e-02,8.553259e-03
1.814688e-01,3.171143e-02,1.770526e-01,1.244772e-01,5.481991e-02,8.302710e-03,2.570070e-03,3.716911e-02,1.870504e-01,2.421642e-02,8.685580e-02,1.421054e-02,1.555908e-02,4.376750e-02,1.076834e-02
2.127827e-01,5.309555e-02,1.402431e-01,9.918813e-02,6.177295e-02,1.339141e-02,2.052276e-03,3.009769e-02,1.447675e-01,5.652563e-02,9.856205e-02,1.116080e-02,1.262862e-02,5.389600e-02,9.835603e-03
1.961716e-01,4.513999e-02,1.510165e-01,2.006334e-01,5.478472e-02,1.196384e-02,1.603959e-03,3.682666e-02,1.081747e-01,4.497770e-02,8.335380e-02,8.247968e-03,9.275005e-03,4.041991e-02,7.410212e-03
2.312548e-01,4.902904e-02,1.625745e-01,2.202699e-01,4.884757e-02,1.002498e-02,1.342870e-03,3.216510e-02,8.279707e-02,4.001273e-02,6.883179e-02,7.720512e-03,7.570300e-03,3.147829e-02,6.080626e-03
2.627394e-01,3.755403e-02,1.654223e-01,2.559611e-01,4.263853e-02,1.223814e-02,1.894004e-03,3.125988e-02,6.335805e-02,3.058522e-02,5.182514e-02,8.654105e-03,8.671395e-03,2.235922e-02,4.839569e-03
3.310240e-01,3.753539e-02,1.480633e-01,2.289430e-01,3.781781e-02,1.379935e-02,2.135606e-03,2.609265e-02,5.760286e-02,3.011229e-02,4.331105e-02,1.084933e-02,1.067201e-02,1.663660e-02,5.404783e-03
2.445010e-01,2.765938e-02,1.098940e-01,2.208814e-01,2.688354e-02,3.765994e-02,1.693504e-03,1.858457e-02,4.963449e-02,2.213230e-02,3.317532e-02,1.267858e-02,1.775559e-01,1.187318e-02,5.192860e-03
1.836642e-01,1.972137e-02,7.732619e-02,1.634504e-01,1.903304e-02,3.305715e-02,1.353903e-03,1.319115e-02,3.501232e-02,1.555647e-02,2.365096e-02,9.992661e-03,3.927515e-01,8.343677e-03,3.895013e-03
1.419083e-01,1.406752e-02,5.433030e-02,1.167365e-01,1.348214e-02,2.831431e-02,1.097331e-03,9.317636e-03,2.473027e-02,1.094750e-02,1.688711e-02,8.251406e-03,5.509695e-01,5.888820e-03,3.071404e-03
1.067634e-01,9.939376e-03,3.820715e-02,8.188648e-02,9.621148e-03,2.037616e-02,1.028404e-03,6.742508e-03,1.755272e-02,7.686629e-03,1.264603e-02,8.303196e-03,6.726153e-01,4.245057e-03,2.386458e-03
8.324879e-02,7.175396e-03,2.677008e-02,5.745675e-02,6.911006e-03,1.557267e-02,9.761490e-04,5.148171e-03,1.266126e-02,5.417530e-03,9.857694e-03,8.742997e-03,7.550848e-01,3.097323e-03,1.879408e-03
5.996138e-02,5.088984e-03,1.881924e-02,4.026582e-02,5.287451e-03,4.619363e-02,2.261666e-03,4.469003e-03,9.157803e-03,3.833463e-03,8.156777e-03,1.047387e-02,7.813113e-01,3.212460e-03,1.507119e-03
4.847858e-02,3.699228e-03,2.370442e-02,2.962362e-02,5.007184e-03,1.601209e-01,3.081247e-03,9.513280e-03,6.922173e-03,2.849453e-03,1.147270e-02,1.247570e-02,6.790699e-01,2.773336e-03,1.208266e-03
3.502343e-02,2.640615e-03,1.675094e-02,2.083076e-02,4.268527e-03,3.231540e-01,2.276445e-03,6.875465e-03,5.053212e-03,2.094004e-03,9.970567e-03,1.746279e-02,5.501159e-01,2.558123e-03,9.252840e-04
2.494751e-02,1.889365e-03,1.184767e-02,1.464766e-02,3.225056e-03,4.872302e-01,1.640794e-03,4.861220e-03,3.640900e-03,1.583844e-03,9.958571e-03,3.748386e-02,3.942678e-01,2.063274e-03,7.122615e-04
1.797560e-02,1.411355e-03,8.380884e-03,1.034762e-02,2.591716e-03,5.906797e-01,1.171720e-03,3.430284e-03,3.069342e-03,1.218386e-03,8.808907e-03,5.471154e-02,2.940729e-01,1.574704e-03,5.553685e-04
