1.000000e+00,0.000000e+00,0.000000e+00,0.000000e+00,0.000000e+00,0.000000e+00,0.000000e+00,0.000000e+00,0.000000e+00,0.000000e+00,0.000000e+00,0.000000e+00,0.000000e+00,0.000000e+00,0.000000e+00
1.000000e+00,0.000000e+00,0.000000e+00,0.000000e+00,0.000000e+00,0.000000e+00,0.000000e+00,0.000000e+00,0.000000e+00,0.000000e+00,0.000000e+00,0.000000e+00,0.000000e+00,0.000000e+00,0.000000e+00
1.000000e+00,0.000000e+00,0.000000e+00,0.000000e+00,0.000000e+00,0.000000e+00,0.000000e+00,0.000000e+00,0.000000e+00,0.000000e+00,0.000000e+00,0.000000e+00,0.000000e+00,0.000000e+00,0.000000e+00
1.000000e+00,0.000000e+00,0.000000e+00,0.000000e+00,0.000000e+00,0.000000e+00,0.000000e+00,0.000000e+00,0.000000e+00,0.000000e+00,0.000000e+00,0.000000e+00,0.000000e+00,0.000000e+00,0.000000e+00
1.000000e+00,0.000000e+00,0.000000e+00,0.000000e+00,0.000000e+00,0.000000e+00,0.000000e+00,0.000000e+00,0.000000e+00,0.000000e+00,0.000000e+00,0.000000e+00,0.000000e+00,0.000000e+00,0.000000e+00
1.000000e+00,0.000000e+00,0.000000e+00,0.000000e+00,0.000000e+00,0.000000e+00,0.000000e+00,0.000000e+00,0.000000e+00,0.000000e+00,0.000000e+00,0.000000e+00,0.000000e+00,0.000000e+00,0.000000e+00
1.000000e+00,0.000000e+00,0.000000e+00,0.000000e+00,0.000000e+00,0.000000e+00,0.000000e+00,0.000000e+00,0.000000e+00,0.000000e+00,0.000000e+00,0.000000e+00,0.000000e+00,0.000000e+00,0.000000e+00
1.000000e+00,0.000000e+00,0.000000e+00,0.000000e+00,0.000000e+00,0.000000e+00,0.000000e+00,0.000000e+00,0.000000e+00,0.000000e+00,0.000000e+00,0.000000e+00,0.000000e+00,0.000000e+00,0.000000e+00
1.000000e+00,0.000000e+00,0.000000e+00,0.000000e+00,0.000000e+00,0.000000e+00,0.000000e+00,0.000000e+00,0.000000e+00,0.000000e+00,0.000000e+00,0.000000e+00,0.000000e+00,0.000000e+00,0.000000e+00
1.000000e+00,0.000000e+00,0.000000e+00,0.000000e+00,0.000000e+00,0.000000e+00,0.000000e+00,0.000000e+00,0.000000e+00,0.000000e+00,0.000000e+00,0.000000e+00,0.000000e+00,0.000000e+00,0.000000e+00
1.000000e+00,0.000000e+00,0.000000e+00,0.000000e+00,0.000000e+00,0.000000e+00,0.000000e+00,0.000000e+00,0.000000e+00,0.000000e+00,0.000000e+00,0.000000e+00,0.000000e+00,0.000000e+00,0.000000e+00
1.000000e+00,0.000000e+00,0.000000e+00,0.000000e+00,0.000000e+00,0.000000e+00,0.000000e+00,0.000000e+00,0.000000e+00,0.000000e+00,0.000000e+00,0.000000e+00,0.000000e+00,0.000000e+00,0.000000e+00
1.000000e+00,0.000000e+00,0.000000e+00,0.000000e+00,0.000000e+00,0.000000e+00,0.000000e+00,0.000000e+00,0.000000e+00,0.000000e+00,0.000000e+00,0.000000e+00,0.000000e+00,0.000000e+00,0.000000e+00
1.000000e+00,0.000000e+00,0.000000e+00,0.000000e+00,0.000000e+00,0.000000e+00,0.000000e+00,0.000000e+00,0.000000e+00,0.000000e+00,0.000000e+00,0.000000e+00,0.000000e+00,0.000000e+00,0.000000e+00
1.000000e+00,0.000000e+00,0.000000e+00,0.000000e+00,0.000000e+00,0.000000e+00,0.000000e+00,0.000000e+00,0.000000e+00,0.000000e+00,0.000000e+00,0.000000e+00,0.000000e+00,0.000000e+00,0.000000e+00
1.000000e+00,0.000000e+00,0.000000e+00,0.000000e+00,0.000000e+00,0.000000e+00,0.000000e+00,0.000000e+00,0.000000e+00,0.000000e+00,0.000000e+00,0.000000e+00,0.000000e+00,0.000000e+00,0.000000e+00
1.000000e+00,0.000000e+00,0.000000e+00,0.000000e+00,0.000000e+00,0.000000e+00,0.000000e+00,0.000000e+00,0.000000e+00,0.000000e+00,0.000000e+00,0.000000e+00,0.000000e+00,0.000000e+00,0.000000e+00
1.000000e+00,0.000000e+00,0.000000e+00,0.000000e+00,0.000000e+00,0.000000e+00,0.000000e+00,0.000000e+00,0.000000e+00,0.000000e+00,0.000000e+00,0.000000e+00,0.000000e+00,0.000000e+00,0.000000e+00
1.000000e+00,0.000000e+00,0.000000e+00,0.000000e+00,0.000000e+00,0.000000e+00,0.000000e+00,0.000000e+00,0.000000e+00,0.000000e+00,0.000000e+00,0.000000e+00,0.000000e+00,0.000000e+00,0.000000e+00
1.000000e+00,0.000000e+00,0.000000e+00,0.000000e+00,0.000000e+00,0.000000e+00,0.000000e+00,0.000000e+00,0.000000e+00,0.000000e+00,0.000000e+00,0.000000e+00,0.000000e+00,0.000000e+00,0.000000e+00
1.000000e+00,0.000000e+00,0.000000e+00,0.000000e+00,0.000000e+00,0.000000e+00,0.000000e+00,0.000000e+00,0.000000e+00,0.000000e+00,0.000000e+00,0.000000e+00,0.000000e+00,0.000000e+00,0.000000e+00
1.000000e+00,0.000000e+00,0.000000e+00,0.000000e+00,0.000000e+00,0.000000e+00,0.000000e+00,0.000000e+00,0.000000e+00,0.000000e+00,0.000000e+00,0.000000e+00,0.000000e+00,0.000000e+00,0.000000e+00
1.000000e+00,0.000000e+00,0.000000e+00,0.000000e+00,0.000000e+00,0.000000e+00,0.000000e+00,0.000000e+00,0.000000e+00,0.000000e+00,0.000000e+00,0.000000e+00,0.000000e+00,0.000000e+00,0.000000e+00
1.000000e+00,0.000000e+00,0.000000e+00,0.000000e+00,0.000000e+00,0.000000e+00,0.000000e+00,0.000000e+00,0.000000e+00,0.000000e+00,0.000000e+00,0.000000e+00,0.000000e+00,0.000000e+00,0.000000e+00
1.000000e+00,0.000000e+00,0.000000e+00,0.000000e+00,0.000000e+00,0.000000e+00,0.000000e+00,0.000000e+00,0.000000e+00,0.000000e+00,0.000000e+00,0.000000e+00,0.000000e+00,0.000000e+00,0.000000e+00
1.000000e+00,0.000000e+00,0.000000e+00,0.000000e+00,0.000000e+00,0.000000e+00,0.000000e+00,0.000000e+00,0.000000e+00,0.000000e+00,0.000000e+00,0.000000e+00,0.000000e+00,0.000000e+00,0.000000e+00
1.000000e+00,0.000000e+00,0.000000e+00,0.000000e+00,0.000000e+00,0.000000e+00,0.000000e+00,0.000000e+00,0.000000e+00,0.000000e+00,0.000000e+00,0.000000e+00,0.000000e+00,0.000000e+00,0.000000e+00
1.000000e+00,0.000000e+00,0.000000e+00,0.000000e+00,0.000000e+00,0.000000e+00,0.000000e+00,0.000000e+00,0.000000e+00,0.000000e+00,0.000000e+00,0.000000e+00,0.000000e+00,0.000000e+00,0.000000e+00
1.000000e+00,0.000000e+00,0.000000e+00,0.000000e+00,0.000000e+00,0.000000e+00,0.000000e+00,0.000000e+00,0.000000e+00,0.000000e+00,0.000000e+00,0.000000e+00,0.000000e+00,0.000000e+00,0.000000e+00
1.000000e+00,0.000000e+00,0.000000e+00,0.000000e+00,0.000000e+00,0.000000e+00,0.000000e+00,0.000000e+00,0.000000e+00,0.000000e+00,0.000000e+00,0.000000e+00,0.000000e+00,0.000000e+00,0.000000e+00
1.000000e+00,0.000000e+00,0.000000e+00,0.000000e+00,0.000000e+00,0.000000e+00,0.000000e+00,0.000000e+00,0.000000e+00,0.000000e+00,0.000000e+00,0.000000e+00,0.000000e+00,0.000000e+00,0.000000e+00
1.000000e+00,0.000000e+00,0.000000e+00,0.000000e+00,0.000000e+00,0.000000e+00,0.000000e+00,0.000000e+00,0.000000e+00,0.000000e+00,0.000000e+00,0.000000e+00,0.000000e+00,0.000000e+00,0.000000e+00
1.000000e+00,0.000000e+00,0.000000e+00,0.000000e+00,0.000000e+00,0.000000e+00,0.000000e+00,0.000000e+00,0.000000e+00,0.000000e+00,0.000000e+00,0.000000e+00,0.000000e+00,0.000000e+00,0.000000e+00
1.000000e+00,0.000000e+00,0.000000e+00,0.000000e+00,0.000000e+00,0.000000e+00,0.000000e+00,0.000000e+00,0.000000e+00,0.000000e+00,0.000000e+00,0.000000e+00,0.000000e+00,0.000000e+00,0.000000e+00
1.000000e+00,0.000000e+00,0.000000e+00,0.000000e+00,0.000000e+00,0.000000e+00,0.000000e+00,0.000000e+00,0.000000e+00,0.000000e+00,0.000000e+00,0.000000e+00,0.000000e+00,0.000000e+00,0.000000e+00
1.000000e+00,0.000000e+00,0.000000e+00,0.000000e+00,0.000000e+00,0.000000e+00,0.000000e+00,0.000000e+00,0.000000e+00,0.000000e+00,0.000000e+00,0.000000e+00,0.000000e+00,0.000000e+00,0.000000e+00
1.000000e+00,0.000000e+00,0.000000e+00,0.000000e+00,0.000000e+00,0.000000e+00,0.000000e+00,0.000000e+00,0.000000e+00,0.000000e+00,0.000000e+00,0.000000e+00,0.000000e+00,0.000000e+00,0.000000e+00
1.000000e+00,0.000000e+00,0.000000e+00,0.000000e+00,0.000000e+00,0.000000e+00,0.000000e+00,0.000000e+00,0.000000e+00,0.000000e+00,0.000000e+00,0.000000e+00,0.000000e+00,0.000000e+00,0.000000e+00
1.000000e+00,0.000000e+00,0.000000e+00,0.000000e+00,0.000000e+00,0.000000e+00,0.000000e+00,0.000000e+00,0.000000e+00,0.000000e+00,0.000000e+00,0.000000e+00,0.000000e+00,0.000000e+00,0.000000e+00
1.000000e+00,0.000000e+00,0.000000e+00,0.000000e+00,0.000000e+00,0.000000e+00,0.000000e+00,0.000000e+00,0.000000e+00,0.000000e+00,0.000000e+00,0.000000e+00,0.000000e+00,0.000000e+00,0.000000e+00
1.000000e+00,0.000000e+00,0.000000e+00,0.000000e+00,0.000000e+00,0.000000e+00,0.000000e+00,0.000000e+00,0.000000e+00,0.000000e+00,0.000000e+00,0.000000e+00,0.000000e+00,0.000000e+00,0.000000e+00
1.000000e+00,0.000000e+00,0.000000e+00,0.000000e+00,0.000000e+00,0.000000e+00,0.000000e+00,0.000000e+00,0.000000e+00,0.000000e+00,0.000000e+00,0.000000e+00,0.000000e+00,0.000000e+00,0.000000e+00
1.000000e+00,0.000000e+00,0.000000e+00,0.000000e+00,0.000000e+00,0.000000e+00,0.000000e+00,0.000000e+00,0.000000e+00,0.000000e+00,0.000000e+00,0.000000e+00,0.000000e+00,0.000000e+00,0.000000e+00
1.000000e+00,0.000000e+00,0.000000e+00,0.000000e+00,0.000000e+00,0.000000e+00,0.000000e+00,0.000000e+00,0.000000e+00,0.000000e+00,0.000000e+00,0.000000e+00,0.000000e+00,0.000000e+00,0.000000e+00
1.000000e+00,0.000000e+00,0.000000e+00,0.000000e+00,0.000000e+00,0.000000e+00,0.000000e+00,0.000000e+00,0.000000e+00,0.000000e+00,0.000000e+00,0.000000e+00,0.000000e+00,0.000000e+00,0.000000e+00
1.000000e+00,0.000000e+00,0.000000e+00,0.000000e+00,0.000000e+00,0.000000e+00,0.000000e+00,0.000000e+00,0.000000e+00,0.000000e+00,0.000000e+00,0.000000e+00,0.000000e+00,0.000000e+00,0.000000e+00
1.000000e+00,0.000000e+00,0.000000e+00,0.000000e+00,0.000000e+00,0.000000e+00,0.000000e+00,0.000000e+00,0.000000e+00,0.000000e+00,0.000000e+00,0.000000e+00,0.000000e+00,0.000000e+00,0.000000e+00
1.000000e+00,0.000000e+00,0.000000e+00,0.000000e+00,0.000000e+00,0.000000e+00,0.000000e+00,0.000000e+00,0.000000e+00,0.000000e+00,0.000000e+00,0.000000e+00,0.000000e+00,0.000000e+00,0.000000e+00
1.000000e+00,0.000000e+00,0.000000e+00,0.000000e+00,0.000000e+00,0.000000e+00,0.000000e+00,0.000000e+00,0.000000e+00,0.000000e+00,0.000000e+00,0.000000e+00,0.000000e+00,0.000000e+00,0.000000e+00
1.000000e+00,0.000000e+00,0.000000e+00,0.000000e+00,0.000000e+00,0.000000e+00,0.000000e+00,0.000000e+00,0.000000e+00,0.000000e+00,0.000000e+00,0.000000e+00,0.000000e+00,0.000000e+00,0.000000e+00
1.000000e+00,0.000000e+00,0.000000e+00,0.000000e+00,0.000000e+00,0.000000e+00,0.000000e+00,0.000000e+00,0.000000e+00,0.000000e+00,0.000000e+00,0.000000e+00,0.000000e+00,0.000000e+00,0.000000e+00
1.000000e+00,0.000000e+00,0.000000e+00,0.000000e+00,0.000000e+00,0.000000e+00,0.000000e+00,0.000000e+00,0.000000e+00,0.000000e+00,0.000000e+00,0.000000e+00,0.000000e+00,0.000000e+00,0.000000e+00
4.902649e-01,8.772636e-03,1.022874e-02,4.728822e-02,9.627743e-03,1.368951e-02,5.733895e-03,3.786500e-01,2.414370e-03,9.409218e-04,5.620424e-03,9.975984e-03,1.007969e-02,9.579501e-04,5.755093e-03
3.463056e-01,6.230654e-03,9.068049e-03,3.367615e-02,7.589026e-03,1.041783e-02,4.658889e-03,5.565004e-01,1.706977e-03,6.690382e-04,4.023880e-03,7.056679e-03,7.331709e-03,6.965714e-04,4.068583e-03
2.647586e-01,4.668350e-03,7.777206e-03,2.514469e-02,7.347337e-03,9.302583e-03,4.496262e-03,6.518842e-01,1.501538e-03,9.231741e-04,4.940982e-03,5.693889e-03,7.761812e-03,7.821769e-04,3.017222e-03
2.893825e-01,3.973890e-03,6.171685e-03,2.474457e-02,8.192023e-03,8.126855e-03,3.549675e-03,5.338089e-01,2.673381e-03,1.456589e-03,4.499636e-02,1.414060e-02,5.492300e-02,1.232791e-03,2.627218e-03
2.182518e-01,3.145306e-03,4.839742e-03,2.225215e-02,8.703301e-03,6.938137e-03,2.945973e-03,4.196774e-01,3.219551e-03,1.679739e-03,1.151889e-01,2.117884e-02,1.662774e-01,2.253604e-03,3.448204e-03
1.828225e-01,3.750259e-03,4.182695e-03,2.023033e-02,1.088134e-02,1.078994e-02,3.228066e-03,3.229121e-01,1.319706e-02,1.703433e-03,1.138147e-01,2.484694e-02,2.787072e-01,2.276937e-03,6.656536e-03
2.116191e-01,4.859672e-03,5.596898e-03,2.194379e-02,2.067933e-02,2.154132e-02,5.426033e-03,2.506657e-01,1.416125e-02,1.541617e-03,1.040829e-01,2.337208e-02,3.038044e-01,1.945595e-03,8.760421e-03
2.017127e-01,5.628361e-03,5.535412e-03,2.310065e-02,2.112375e-02,2.210930e-02,5.279264e-03,1.906190e-01,2.292444e-02,1.422102e-03,7.883148e-02,2.131554e-02,3.910481e-01,1.779917e-03,7.570092e-03
2.700754e-01,9.567671e-03,1.287668e-02,3.306819e-02,2.905044e-02,2.588407e-02,6.207617e-03,1.603418e-01,3.411170e-02,1.785165e-03,5.844736e-02,2.256314e-02,3.259694e-01,2.155716e-03,7.895728e-03
3.326792e-01,1.112223e-02,1.984332e-02,4.743380e-02,2.400654e-02,2.621813e-02,5.725815e-03,1.438558e-01,3.559320e-02,3.107288e-03,4.675168e-02,3.121682e-02,2.571144e-01,2.900029e-03,1.243183e-02
3.286619e-01,1.852030e-02,2.468575e-02,7.445527e-02,1.975219e-02,3.527019e-02,4.428374e-03,1.075181e-01,3.433216e-02,7.615115e-03,6.378624e-02,4.069287e-02,2.027535e-01,8.462796e-03,2.906532e-02
3.654227e-01,1.801012e-02,5.428166e-02,8.357221e-02,1.706198e-02,3.686782e-02,3.586405e-03,7.946576e-02,2.751364e-02,9.431520e-03,5.513355e-02,4.689042e-02,1.599859e-01,8.771600e-03,3.400482e-02
2.808097e-01,1.387552e-02,2.647925e-01,6.799407e-02,1.359480e-02,3.125228e-02,2.874349e-03,6.938601e-02,2.031647e-02,9.221796e-03,4.224759e-02,3.541612e-02,1.152264e-01,6.598873e-03,2.639356e-02
2.768123e-01,1.247411e-02,3.323697e-01,6.810751e-02,1.203091e-02,2.795851e-02,2.645630e-03,5.448737e-02,1.853644e-02,1.140966e-02,3.716760e-02,3.064657e-02,8.566087e-02,5.536274e-03,2.415663e-02
2.606471e-01,1.171100e-02,3.984413e-01,5.988311e-02,1.114527e-02,2.769467e-02,2.620638e-03,4.579540e-02,1.795109e-02,1.610389e-02,3.297678e-02,2.429465e-02,6.321699e-02,4.671229e-03,2.284695e-02
2.541802e-01,1.486858e-02,3.860851e-01,5.529389e-02,1.027092e-02,2.888508e-02,2.466650e-03,3.482064e-02,3.760387e-02,1.795098e-02,3.298099e-02,2.321672e-02,4.800309e-02,2.509060e-02,2.828265e-02
2.598045e-01,1.354638e-02,3.631451e-01,4.670137e-02,8.917818e-03,3.017139e-02,2.219530e-03,2.638667e-02,3.463610e-02,1.979572e-02,3.307388e-02,2.139859e-02,3.718454e-02,7.222088e-02,3.079754e-02
2.228405e-01,1.279345e-02,2.968651e-01,3.994577e-02,7.148516e-03,2.413723e-02,1.864413e-03,1.930927e-02,7.663167e-02,2.904299e-02,2.956768e-02,1.804103e-02,2.786716e-02,1.502066e-01,4.373863e-02
3.191063e-01,1.290615e-02,2.155115e-01,3.102806e-02,6.277552e-03,2.250974e-02,1.808989e-03,1.527341e-02,7.106986e-02,2.895936e-02,2.989920e-02,1.682449e-02,2.260613e-02,1.455467e-01,6.067256e-02
2.966561e-01,1.264500e-02,1.614266e-01,2.555620e-02,5.405380e-03,1.807927e-02,1.536803e-03,1.138809e-02,8.919515e-02,4.411151e-02,2.709506e-02,1.325590e-02,1.905406e-02,1.985178e-01,7.607707e-02
4.262041e-01,1.102614e-02,1.144747e-01,2.164690e-02,4.910876e-03,1.880316e-02,1.494855e-03,8.722995e-03,6.705217e-02,3.424734e-02,2.397026e-02,1.320912e-02,1.606468e-02,1.725271e-01,6.564566e-02
1.000000e+00,0.000000e+00,0.000000e+00,0.000000e+00,0.000000e+00,0.000000e+00,0.000000e+00,0.000000e+00,0.000000e+00,0.000000e+00,0.000000e+00,0.000000e+00,0.000000e+00,0.000000e+00,0.000000e+00
1.000000e+00,0.000000e+00,0.000000e+00,0.000000e+00,0.000000e+00,0.000000e+00,0.000000e+00,0.000000e+00,0.000000e+00,0.000000e+00,0.000000e+00,0.000000e+00,0.000000e+00,0.000000e+00,0.000000e+00
4.999816e-01,2.369909e-02,9.224111e-02,6.263485e-02,9.332577e-03,1.724013e-02,1.788780e-03,7.844463e-03,4.707059e-02,2.291252e-02,2.059576e-02,2.061208e-02,1.353015e-02,1.030881e-01,5.742821e-02
4.658074e-01,2.168366e-02,1.529663e-01,5.828990e-02,1.128482e-02,1.766407e-02,1.990243e-03,8.517289e-03,4.987986e-02,2.798364e-02,1.619091e-02,1.665867e-02,1.062450e-02,8.350511e-02,5.695371e-02
4.047035e-01,5.306160e-02,1.521889e-01,5.185710e-02,1.776609e-02,1.575539e-02,1.963767e-03,1.040759e-02,6.788836e-02,3.831889e-02,1.334841e-02,1.461451e-02,9.123956e-03,8.431356e-02,6.468840e-02
3.474683e-01,4.460818e-02,2.129168e-01,5.291399e-02,1.872557e-02,1.378183e-02,2.010723e-03,1.116327e-02,6.349082e-02,4.725759e-02,1.083530e-02,1.180482e-02,7.262297e-03,6.900015e-02,8.676035e-02
2.778358e-01,3.408466e-02,2.666790e-01,3.989007e-02,1.488847e-02,1.151561e-02,1.526488e-03,8.536268e-03,5.520652e-02,4.813732e-02,8.999755e-03,9.612202e-03,6.470548e-03,5.456574e-02,1.620515e-01
2.643950e-01,2.968828e-02,2.808182e-01,4.387053e-02,2.543981e-02,9.942609e-03,1.346295e-03,1.364103e-02,4.566263e-02,4.143241e-02,7.486386e-03,8.087740e-03,5.295890e-03,4.468904e-02,1.782043e-01
1.888760e-01,2.241370e-02,2.042555e-01,3.130688e-02,1.827556e-02,7.211054e-03,9.562295e-04,9.746743e-03,3.615536e-02,7.356544e-02,5.676554e-03,5.914971e-03,4.430616e-03,3.406587e-02,3.571495e-01
1.483951e-01,2.221254e-02,1.700203e-01,5.739383e-02,1.758965e-02,6.918812e-03,7.253549e-04,1.078646e-02,6.024053e-02,8.008583e-02,6.540601e-03,5.010766e-03,5.759557e-03,2.716484e-02,3.811558e-01
1.301499e-01,1.954749e-02,2.803714e-01,7.572329e-02,1.469895e-02,7.831604e-03,8.112300e-04,1.221401e-02,4.666155e-02,6.745064e-02,6.643803e-03,4.150608e-03,4.485114e-03,2.317104e-02,3.060893e-01
1.395429e-01,1.675594e-02,3.602518e-01,7.497573e-02,1.432154e-02,8.999673e-03,1.470355e-03,1.500461e-02,4.220656e-02,5.199991e-02,5.827667e-03,3.779363e-03,3.517963e-03,2.074089e-02,2.406051e-01
1.651479e-01,1.681435e-02,3.977508e-01,7.197319e-02,1.713324e-02,9.350049e-03,1.532553e-03,3.381682e-02,3.849119e-02,3.952958e-02,5.976333e-03,3.461609e-03,2.866554e-03,1.977655e-02,1.763793e-01
2.169599e-01,1.918042e-02,3.484516e-01,9.130639e-02,1.800736e-02,9.841157e-03,1.853238e-03,6.229929e-02,3.652580e-02,3.146012e-02,6.268222e-03,3.476599e-03,2.638315e-03,2.048386e-02,1.312478e-01
2.225557e-01,2.089370e-02,2.728565e-01,8.004177e-02,1.536188e-02,1.279536e-01,1.602801e-03,4.631440e-02,3.185686e-02,2.525194e-02,1.364480e-02,4.449819e-03,3.062687e-03,2.731056e-02,1.068431e-01
1.684404e-01,1.953233e-02,2.041249e-01,5.836963e-02,1.124139e-02,2.908016e-01,1.218621e-03,3.374660e-02,2.442484e-02,2.254488e-02,2.497410e-02,3.433650e-03,2.722640e-03,3.569380e-02,9.873063e-02
1.525190e-01,1.751886e-02,1.519011e-01,4.551268e-02,9.150502e-03,2.738410e-01,1.195609e-03,2.530278e-02,2.267579e-02,7.236930e-02,6.942230e-02,4.113681e-03,4.031148e-03,7.209957e-02,7.834668e-02
1.082426e-01,1.454340e-02,1.076358e-01,3.259783e-02,7.016659e-03,1.951929e-01,1.066351e-03,1.811355e-02,2.090057e-02,7.527307e-02,2.754385e-01,4.106999e-03,4.278146e-03,7.684801e-02,5.874566e-02
7.762944e-02,1.346541e-02,7.725613e-02,2.375731e-02,5.389050e-03,1.399947e-01,1.064084e-03,1.306505e-02,2.972810e-02,9.892966e-02,3.721857e-01,8.039176e-03,6.063086e-03,8.729899e-02,4.613415e-02
5.609166e-02,1.446422e-02,5.670688e-02,1.728145e-02,7.800635e-03,1.000352e-01,1.178010e-03,1.050086e-02,4.441434e-02,8.583649e-02,4.319254e-01,1.128769e-02,6.934812e-03,1.067879e-01,4.875445e-02
3.992455e-02,1.103621e-02,4.014426e-02,1.806353e-02,8.607342e-03,7.043166e-02,9.735937e-04,7.835936e-03,5.627641e-02,7.504403e-02,5.035813e-01,1.140063e-02,5.475128e-03,1.136386e-01,3.756683e-02
2.911003e-02,7.904429e-03,2.857381e-02,2.502964e-02,4.526036e-02,5.014316e-02,1.371144e-03,8.313425e-03,5.424181e-02,7.605121e-02,5.131408e-01,8.597225e-03,4.516506e-03,9.394561e-02,5.380095e-02
2.175157e-02,6.146238e-03,2.076926e-02,2.565646e-02,1.526202e-01,3.645458e-02,3.765194e-03,7.957395e-03,4.921694e-02,8.765212e-02,3.899401e-01,6.703291e-03,5.346839e-03,8.218621e-02,1.038336e-01
1.604948e-02,5.873894e-03,1.534188e-02,2.600925e-02,1.490797e-01,2.672393e-02,5.418066e-03,8.121911e-03,4.972127e-02,8.439437e-02,3.163437e-01,6.472591e-03,6.362064e-03,7.589158e-02,2.081964e-01
1.214512e-02,9.350201e-03,1.292666e-02,2.228307e-02,1.866738e-01,2.231087e-02,5.404728e-03,8.422285e-03,5.421405e-02,6.156018e-02,3.480181e-01,8.602357e-03,1.143448e-02,5.901257e-02,1.776415e-01
9.715119e-03,8.621246e-03,1.010680e-02,2.130859e-02,2.132509e-01,1.824065e-02,5.218062e-03,1.254378e-02,5.081144e-02,4.582687e-02,3.762360e-01,1.106288e-02,1.448265e-02,7.129060e-02,1.312845e-01
8.016910e-03,8.161766e-03,8.761051e-03,1.705307e-02,1.675929e-01,1.624073e-02,4.342137e-03,3.197356e-02,5.474011e-02,3.632827e-02,3.938782e-01,3.873548e-02,2.049865e-02,1.011978e-01,9.247943e-02
8.813847e-03,8.290594e-03,7.346568e-03,1.255442e-02,1.394296e-01,1.514618e-02,4.440348e-03,4.456339e-02,5.589367e-02,2.826432e-02,4.178152e-01,6.568671e-02,2.294589e-02,1.032141e-01,6.559510e-02
1.203037e-02,1.607259e-02,7.374680e-03,9.613994e-03,1.213168e-01,1.656044e-02,4.474332e-03,5.653471e-02,7.127558e-02,2.287954e-02,4.111672e-01,9.309690e-02,2.859763e-02,8.158572e-02,4.741952e-02
1.051112e-02,1.212537e-02,7.689962e-03,7.005641e-03,9.813360e-02,1.468264e-02,7.355106e-03,2.176240e-01,5.736622e-02,1.828176e-02,2.977990e-01,1.243174e-01,2.723931e-02,6.591827e-02,3.395052e-02
2.027104e-02,1.135033e-02,7.432123e-03,5.528604e-03,7.854110e-02,2.537636e-02,8.963235e-03,2.057212e-01,5.548711e-02,1.690549e-02,2.281792e-01,2.098021e-01,3.490427e-02,6.439255e-02,2.714520e-02
2.010958e-02,2.794177e-02,1.818398e-02,1.955118e-02,8.154082e-02,3.344239e-02,8.682724e-03,1.597978e-01,1.478572e-01,1.640106e-02,1.666221e-01,1.758415e-01,4.242374e-02,4.774795e-02,3.385612e-02
2.250830e-02,2.234512e-02,1.397074e-02,1.501263e-02,6.780365e-02,3.182425e-02,7.072728e-03,1.282243e-01,1.244844e-01,1.263920e-02,1.356494e-01,2.999999e-01,5.415956e-02,3.772704e-02,2.657874e-02
2.803576e-02,2.331124e-02,2.201240e-02,2.287743e-02,7.222642e-02,5.159473e-02,9.863279e-03,1.293716e-01,1.802730e-01,1.028041e-02,1.038173e-01,2.325511e-01,6.157987e-02,2.888899e-02,2.331642e-02
5.522797e-02,2.983359e-02,2.338543e-02,2.341645e-02,6.872015e-02,9.785536e-02,1.185422e-02,9.383635e-02,1.958409e-01,8.604273e-03,8.003724e-02,1.729452e-01,6.751759e-02,2.654679e-02,4.437853e-02
7.134561e-02,3.905964e-02,4.287634e-02,3.415198e-02,6.415313e-02,1.187617e-01,1.362891e-02,7.270255e-02,2.020392e-01,8.268474e-03,5.869438e-02,1.244971e-01,7.215223e-02,2.014367e-02,5.752508e-02
5.914399e-02,5.486399e-02,3.812516e-02,3.020043e-02,4.970502e-02,9.837950e-02,1.015358e-02,5.165578e-02,1.753904e-01,1.209870e-02,5.384260e-02,8.821600e-02,6.325021e-02,1.974228e-02,1.952324e-01
5.716272e-02,6.213394e-02,4.795270e-02,7.720803e-02,4.207670e-02,8.335961e-02,8.355343e-03,3.805250e-02,1.839364e-01,2.106977e-02,4.462280e-02,6.324630e-02,5.307456e-02,1.524787e-02,2.025008e-01
6.222790e-02,6.267475e-02,4.239602e-02,5.744295e-02,4.757109e-02,1.179382e-01,7.616291e-03,3.062724e-02,2.208758e-01,1.699876e-02,3.446222e-02,4.553016e-02,4.813812e-02,1.358167e-02,1.919188e-01
6.366610e-02,6.546156e-02,6.796273e-02,1.404635e-01,4.938239e-02,9.019975e-02,7.089401e-03,3.032515e-02,1.909807e-01,1.465688e-02,2.724122e-02,3.343649e-02,3.681760e-02,1.000172e-02,1.723148e-01
7.484791e-02,6.326704e-02,6.320404e-02,1.115739e-01,5.569075e-02,1.322225e-01,7.681977e-03,5.058149e-02,1.974514e-01,1.120895e-02,2.070183e-02,2.445918e-02,3.268197e-02,1.005678e-02,1.443703e-01
9.642535e-02,5.657488e-02,6.220896e-02,1.026163e-01,6.503851e-02,1.844821e-01,1.164349e-02,6.222050e-02,1.605757e-01,8.783218e-03,1.607739e-02,1.934027e-02,3.352556e-02,7.646883e-03,1.128409e-01
1.170436e-01,5.031503e-02,4.758836e-02,7.977495e-02,7.004442e-02,1.951428e-01,8.990115e-03,4.730125e-02,2.112872e-01,6.852943e-03,1.320118e-02,1.510151e-02,2.702736e-02,1.201277e-02,9.831657e-02
1.410317e-01,4.468144e-02,3.507707e-02,6.090773e-02,6.865776e-02,2.581497e-01,7.574358e-03,3.687057e-02,2.124947e-01,5.072992e-03,1.065936e-02,1.211548e-02,2.355559e-02,1.001908e-02,7.313243e-02
1.450513e-01,7.706206e-02,4.950513e-02,1.456322e-01,7.827934e-02,1.878711e-01,7.461759e-03,3.976377e-02,1.586970e-01,4.448004e-03,8.679567e-03,1.106824e-02,1.871583e-02,8.019361e-03,5.974527e-02
1.791593e-01,7.600102e-02,4.802750e-02,1.093233e-01,1.108123e-01,1.402890e-01,8.642588e-03,4.523923e-02,1.744606e-01,4.754800e-03,8.589578e-03,9.813227e-03,2.022278e-02,7.670532e-03,5.699419e-02
2.309186e-01,6.714953e-02,5.816531e-02,1.234266e-01,8.673412e-02,1.029663e-01,8.538906e-03,4.099661e-02,1.646628e-01,5.723273e-03,9.701176e-03,1.246457e-02,2.345688e-02,7.178715e-03,5.791664e-02
3.179530e-01,5.407665e-02,4.656661e-02,9.716372e-02,7.086699e-02,8.465487e-02,6.621866e-03,3.150045e-02,1.375114e-01,9.026540e-03,1.602193e-02,1.145836e-02,2.315525e-02,1.268024e-02,8.074214e-02
2.755414e-01,4.401092e-02,4.859216e-02,1.080941e-01,5.142994e-02,6.300414e-02,4.865525e-03,2.296929e-02,1.871746e-01,1.506625e-02,1.301745e-02,9.623348e-03,1.793647e-02,1.064737e-02,1.280270e-01
2.240530e-01,4.618500e-02,3.929061e-02,8.084856e-02,3.834983e-02,4.640464e-02,3.666667e-03,1.737751e-02,2.367141e-01,3.358877e-02,1.018056e-02,7.338024e-03,1.579602e-02,9.902427e-03,1.903043e-01
2.132236e-01,4.322449e-02,3.047973e-02,6.081512e-02,3.519850e-02,3.525795e-02,2.948973e-03,1.331972e-02,2.521451e-01,3.105059e-02,8.728355e-03,6.257383e-03,1.756488e-02,1.665034e-02,2.331354e-01
2.908308e-01,4.519634e-02,2.492281e-02,5.464418e-02,3.806102e-02,3.274957e-02,2.709822e-03,1.120508e-02,2.352861e-01,2.493853e-02,8.681466e-03,5.994861e-03,1.695966e-02,2.003671e-02,1.877830e-01
2.460461e-01,3.738469e-02,1.916083e-02,4.197971e-02,2.805084e-02,2.476887e-02,1.975864e-03,7.950939e-03,3.108491e-01,2.274262e-02,7.387827e-03,4.524444e-03,1.296688e-02,2.046746e-02,2.137439e-01
1.820211e-01,2.751648e-02,1.588507e-02,3.472681e-02,1.995491e-02,1.775209e-02,1.398648e-03,5.592301e-03,4.172105e-01,2.108878e-02,5.550736e-03,3.338636e-03,9.718984e-03,1.560912e-02,2.226359e-01
1.358812e-01,2.066409e-02,2.367702e-02,2.895984e-02,1.437272e-02,1.286048e-02,1.053571e-03,3.997086e-03,4.775566e-01,2.285534e-02,4.696101e-03,2.559473e-03,7.122627e-03,1.604149e-02,2.277024e-01
1.139402e-01,1.618150e-02,2.493750e-02,2.217329e-02,1.073306e-02,9.568336e-03,8.467693e-04,2.939800e-03,4.177947e-01,2.389479e-02,4.557956e-03,2.235159e-03,5.845877e-03,2.692327e-02,3.174278e-01
1.249531e-01,1.878884e-02,2.389231e-02,1.779896e-02,1.081769e-02,8.350344e-03,1.551710e-03,2.975519e-03,3.545739e-01,2.166242e-02,9.557499e-03,4.916735e-03,2.250581e-02,3.424037e-02,3.434148e-01
1.171470e-01,1.603074e-02,1.903391e-02,1.607752e-02,1.000140e-02,1.278008e-02,2.019963e-03,3.165119e-03,3.227230e-01,2.005416e-02,1.009683e-02,8.328914e-03,9.060821e-02,4.084111e-02,3.110920e-01
1.433210e-01,1.393446e-02,1.751552e-02,1.312751e-02,8.648186e-03,1.540470e-02,2.837540e-03,3.925373e-03,2.599008e-01,2.208938e-02,1.287464e-02,1.925027e-02,1.228339e-01,4.734445e-02,2.969922e-01
1.969806e-01,1.250494e-02,1.648912e-02,9.979689e-03,6.906050e-03,1.907375e-02,2.567168e-03,3.532883e-03,1.959325e-01,2.516624e-02,1.467805e-02,3.379843e-02,1.475122e-01,6.959197e-02,2.452864e-01
1.975686e-01,1.153531e-02,1.826870e-02,7.778983e-03,6.628232e-03,2.686526e-02,2.715163e-03,3.040380e-03,1.480885e-01,2.187026e-02,1.509918e-02,5.531845e-02,1.821157e-01,7.723048e-02,2.258768e-01
1.482673e-01,1.133538e-02,1.441678e-02,6.035476e-03,5.446418e-03,2.811731e-02,2.611630e-03,2.168587e-03,1.075936e-01,2.087157e-02,1.558914e-02,8.225755e-02,3.236388e-01,6.467349e-02,1.669769e-01
1.123732e-01,8.377028e-03,1.030279e-02,4.429773e-03,3.922407e-03,2.551056e-02,2.071485e-03,1.548271e-03,7.814093e-02,2.450032e-02,2.236220e-02,1.291935e-01,4.063529e-01,5.002486e-02,1.208898e-01
1.014207e-01,6.529609e-03,7.338379e-03,3.570751e-03,3.233079e-03,2.255006e-02,1.643646e-03,1.121863e-03,5.628183e-02,3.230294e-02,3.077133e-02,1.163372e-01,4.940733e-01,3.671875e-02,8.610653e-02
1.845123e-01,5.262928e-03,5.374690e-03,3.767885e-03,2.619919e-03,2.435774e-02,1.494923e-03,9.011066e-04,4.141023e-02,6.596680e-02,4.162879e-02,1.522149e-01,3.813842e-01,2.718088e-02,6.192271e-02
2.712182e-01,4.699087e-03,3.908469e-03,3.452409e-03,2.037231e-03,2.061341e-02,1.302949e-03,7.259137e-04,3.241582e-02,8.083819e-02,5.235876e-02,1.740508e-01,2.880332e-01,2.035201e-02,4.399348e-02
3.174788e-01,4.564193e-03,2.955793e-03,3.145483e-03,1.773302e-03,2.151630e-02,1.188716e-03,6.271080e-04,2.904506e-02,7.449241e-02,4.945024e-02,2.139302e-01,2.317524e-01,1.648242e-02,3.159758e-02
3.328578e-01,4.124444e-03,2.277117e-03,3.043772e-03,1.781128e-03,2.308181e-02,1.223344e-03,4.942971e-04,3.265470e-02,6.179433e-02,4.111400e-02,2.726117e-01,1.878940e-01,1.224433e-02,2.280331e-02
3.532250e-01,4.024114e-03,1.823267e-03,2.695899e-03,1.390643e-02,1.826102e-02,3.779398e-03,4.909842e-04,7.191291e-02,4.918600e-02,3.680989e-02,2.583736e-01,1.601136e-01,8.892267e-03,1.650564e-02
3.244492e-01,4.575809e-03,1.620574e-03,3.299157e-03,1.301246e-02,1.478744e-02,3.880084e-03,9.955151e-04,1.768020e-01,3.805261e-02,2.873122e-02,2.462799e-01,1.253695e-01,6.315733e-03,1.182874e-02
2.514309e-01,4.455631e-03,1.675732e-03,2.730614e-03,1.610098e-02,1.230182e-02,4.473206e-03,1.884667e-03,3.362237e-01,2.815162e-02,2.278224e-02,2.040755e-01,1.009071e-01,4.436953e-03,8.369430e-03
1.820854e-01,3.908415e-03,1.215915e-03,2.319410e-03,1.387900e-02,9.423509e-03,3.235350e-03,1.389378e-03,5.092453e-01,1.985000e-02,1.689766e-02,1.538538e-01,7.358590e-02,3.114852e-03,5.996093e-03
1.293711e-01,4.957943e-03,1.040170e-03,7.344406e-03,1.259596e-02,9.715701e-03,2.349836e-03,1.088185e-03,6.255984e-01,1.440193e-02,1.350041e-02,1.157722e-01,5.469395e-02,2.197383e-03,5.372426e-03
9.237565e-02,4.860116e-03,1.004348e-03,6.525950e-03,2.492130e-02,7.736079e-03,1.927023e-03,1.079292e-03,7.093158e-01,1.018440e-02,1.069325e-02,8.326956e-02,4.068445e-02,1.549513e-03,3.873305e-03
6.590108e-02,5.610577e-03,1.010011e-03,1.641586e-02,3.967708e-02,1.114667e-02,1.638538e-03,9.044850e-04,7.497029e-01,7.376731e-03,7.727437e-03,5.883066e-02,2.916867e-02,1.099170e-03,3.790089e-03
4.740979e-02,7.488827e-03,9.825906e-04,1.950483e-02,4.086052e-02,1.032931e-02,1.305518e-03,6.842936e-04,7.872117e-01,6.244451e-03,5.623221e-03,4.142624e-02,2.084433e-02,7.887033e-04,9.295639e-03
3.524196e-02,1.242997e-02,9.663420e-04,4.206420e-02,4.096341e-02,9.069867e-03,1.239687e-03,6.373116e-04,7.935065e-01,5.580192e-03,4.192338e-03,2.938340e-02,1.512631e-02,5.634441e-04,9.035044e-03
2.651483e-02,1.333058e-02,7.685798e-04,3.457765e-02,4.154019e-02,7.957747e-03,1.086519e-03,5.399635e-04,8.217244e-01,4.810898e-03,3.052714e-03,2.088728e-02,1.130776e-02,4.053437e-04,1.149549e-02
2.039418e-02,2.202654e-02,7.380950e-04,3.873438e-02,4.755704e-02,7.315188e-03,9.730591e-04,6.853222e-04,8.030307e-01,6.521923e-03,2.317426e-03,1.484921e-02,9.132311e-03,3.083805e-04,2.541618e-02
1.804639e-02,2.064037e-02,2.692560e-03,6.854692e-02,8.950050e-02,2.440215e-02,3.608815e-03,1.540749e-02,7.026339e-01,6.400218e-03,1.785489e-03,1.059613e-02,7.887359e-03,2.460695e-04,2.760554e-02
2.512389e-02,2.277175e-02,3.088212e-03,6.423321e-02,1.198095e-01,7.746679e-02,6.180776e-03,1.330563e-02,6.208998e-01,5.468420e-03,1.436104e-03,7.576086e-03,6.075334e-03,1.970309e-04,2.636739e-02
4.494824e-02,2.579717e-02,3.342255e-03,6.567629e-02,1.071024e-01,7.934459e-02,5.397767e-03,1.192159e-02,5.761532e-01,8.969706e-03,1.402482e-03,5.886163e-03,5.630107e-03,2.129183e-04,5.821510e-02
5.243797e-02,2.521908e-02,3.482123e-03,6.225647e-02,1.136068e-01,6.074750e-02,1.037928e-02,1.289944e-02,5.770901e-01,9.106345e-03,1.597215e-03,4.658235e-03,1.895028e-02,2.359402e-04,4.733311e-02
4.178593e-02,2.261300e-02,2.891666e-03,5.151890e-02,1.590579e-01,4.554512e-02,8.534920e-03,9.706119e-03,5.872468e-01,8.541547e-03,2.449436e-03,3.557341e-03,1.806221e-02,3.711096e-04,3.811800e-02
4.316220e-02,2.117454e-02,2.932457e-03,3.995648e-02,1.591539e-01,3.409166e-02,6.933575e-03,8.289170e-03,5.911087e-01,8.053811e-03,1.053324e-02,3.392022e-03,1.729100e-02,3.120671e-03,5.080654e-02
3.119968e-02,1.738630e-02,2.363615e-03,2.963420e-02,1.245719e-01,2.538899e-02,5.160795e-03,5.986895e-03,6.577197e-01,8.217358e-03,1.780840e-02,2.699088e-03,2.177466e-02,3.967163e-03,4.612115e-02
2.198923e-02,1.247598e-02,1.743660e-03,2.114686e-02,8.919150e-02,1.805078e-02,3.652350e-03,4.356247e-03,7.073631e-01,6.180323e-03,3.063766e-02,2.188028e-03,2.491646e-02,7.226529e-03,4.888127e-02
1.554390e-02,8.876853e-03,1.298013e-03,1.488565e-02,6.370795e-02,1.280905e-02,2.630903e-03,3.260456e-03,7.239317e-01,5.613240e-03,2.588591e-02,1.629549e-03,2.171488e-02,1.981902e-02,7.839289e-02
1.121775e-02,6.588106e-03,1.533621e-03,1.066238e-02,4.688200e-02,9.537722e-03,2.004337e-03,2.794984e-03,7.390816e-01,5.133324e-03,2.907656e-02,1.457331e-03,2.515722e-02,2.703719e-02,8.183574e-02
8.217031e-03,4.765510e-03,1.223892e-03,7.502100e-03,3.348113e-02,7.317720e-03,1.514894e-03,1.996227e-03,7.146050e-01,5.312346e-03,2.397364e-02,1.176893e-03,1.842884e-02,8.072256e-02,8.976215e-02
7.777375e-03,3.658486e-03,3.333590e-03,5.360807e-03,2.353124e-02,7.912330e-03,1.164294e-03,1.442493e-03,6.907514e-01,6.897560e-03,1.896404e-02,1.071355e-03,1.330919e-02,1.332798e-01,8.154593e-02
1.046357e-02,3.240071e-03,6.813185e-03,3.916561e-03,1.670611e-02,7.231981e-03,9.315726e-04,1.046263e-03,5.056109e-01,4.071840e-02,2.186409e-02,9.767606e-04,1.037050e-02,2.905768e-01,7.953309e-02
1.033247e-02,3.119127e-03,6.120080e-03,2.952796e-03,1.196701e-02,6.224915e-03,7.304446e-04,7.683246e-04,4.382212e-01,5.268357e-02,2.879477e-02,1.252740e-03,8.863819e-03,3.020532e-01,1.259155e-01
1.311403e-02,2.636981e-03,4.660382e-03,2.273710e-03,8.619925e-03,6.172808e-03,5.925642e-04,5.879755e-04,3.485126e-01,8.383923e-02,4.070681e-02,1.575197e-03,7.797540e-03,3.678898e-01,1.110204e-01
1.019381e-02,2.563953e-03,3.549654e-03,1.679203e-03,6.153791e-03,1.185374e-02,5.174954e-04,5.038596e-04,2.669953e-01,1.151517e-01,5.263803e-02,1.801168e-03,6.416626e-03,4.162375e-01,1.037442e-01
8.716684e-03,2.452495e-03,3.028482e-03,1.277305e-03,4.535906e-03,3.367393e-02,1.139066e-03,6.762934e-04,2.189460e-01,1.692347e-01,5.408229e-02,2.197694e-03,6.128295e-03,3.939541e-01,9.995674e-02
1.232234e-02,2.455314e-03,3.270008e-03,1.180633e-03,3.664750e-03,5.978447e-02,1.541250e-03,1.115217e-03,1.885910e-01,2.050826e-01,6.775155e-02,2.818614e-03,6.481370e-03,3.620477e-01,8.189318e-02
1.887373e-02,3.553255e-03,7.357500e-03,1.749367e-03,5.870983e-03,7.577012e-02,1.836029e-03,1.165394e-03,1.674595e-01,2.609955e-01,7.421336e-02,7.052684e-03,9.833777e-03,2.994140e-01,6.485470e-02
2.039169e-02,3.599469e-03,8.340938e-03,1.478240e-03,6.319148e-03,7.083489e-02,1.779829e-03,1.014322e-03,1.447342e-01,3.588356e-01,7.064146e-02,6.715061e-03,9.320944e-03,2.484576e-01,4.753664e-02
1.769054e-02,3.375078e-03,6.829470e-03,1.388440e-03,6.944669e-03,6.401996e-02,1.474614e-03,8.665810e-04,1.070838e-01,4.760620e-01,6.623878e-02,8.020629e-03,9.588624e-03,1.951944e-01,3.522245e-02
1.717240e-02,4.847699e-03,6.126919e-03,1.368728e-03,9.627830e-03,9.996992e-02,1.474625e-03,9.137327e-04,8.269969e-02,5.248321e-01,5.707666e-02,9.141035e-03,1.066006e-02,1.451195e-01,2.896911e-02
1.742458e-02,6.269661e-03,1.003276e-02,2.959152e-03,1.460673e-02,7.840214e-02,4.583254e-03,4.908383e-03,6.636835e-02,5.802447e-01,5.089962e-02,1.097511e-02,1.574792e-02,1.115760e-01,2.500176e-02
1.725126e-02,1.296310e-02,9.780867e-03,6.831151e-03,2.111359e-02,5.898052e-02,4.853460e-03,9.554187e-03,6.856788e-02,6.114019e-01,4.304694e-02,1.123881e-02,1.723703e-02,8.737309e-02,1.980624e-02
1.726145e-02,1.531606e-02,9.939856e-03,6.639561e-03,2.366494e-02,6.202081e-02,5.829176e-03,1.695399e-02,6.012997e-02,6.471571e-01,3.279118e-02,9.103976e-03,1.345415e-02,6.366376e-02,1.607407e-02
2.909987e-02,2.263998e-02,1.217907e-02,7.847228e-03,2.480538e-02,5.035978e-02,6.109805e-03,8.758599e-02,6.713365e-02,5.764983e-01,2.675024e-02,9.560304e-03,1.166877e-02,5.417393e-02,1.358773e-02
4.747462e-02,2.882543e-02,1.726536e-02,8.528234e-03,3.014884e-02,4.056931e-02,7.117706e-03,1.798781e-01,6.398379e-02,4.788566e-01,2.078272e-02,1.047146e-02,1.060972e-02,4.403604e-02,1.145211e-02
6.591181e-02,2.540189e-02,3.424545e-02,9.392971e-03,3.489119e-02,3.156056e-02,9.422980e-03,3.140575e-01,4.959952e-02,3.493404e-01,1.631168e-02,9.563050e-03,8.385649e-03,3.326658e-02,8.648722e-03
9.396327e-02,2.411359e-02,3.241936e-02,8.770891e-03,3.697070e-02,2.753386e-02,1.173486e-02,3.950280e-01,4.030241e-02,2.612469e-01,1.694282e-02,1.100893e-02,8.046732e-03,2.524164e-02,6.676056e-03
1.360959e-01,2.149429e-02,3.106320e-02,7.992062e-03,4.611641e-02,2.696238e-02,2.257035e-02,3.939030e-01,3.280401e-02,2.162015e-01,1.889586e-02,1.221646e-02,7.139832e-03,2.096142e-02,5.583423e-03
1.284464e-01,1.710643e-02,3.059239e-02,1.118271e-02,6.592605e-02,2.896914e-02,2.844882e-02,4.446548e-01,2.835717e-02,1.580008e-01,1.741104e-02,1.205011e-02,6.608696e-03,1.723254e-02,5.012953e-03
1.017847e-01,1.276044e-02,2.599432e-02,1.028351e-02,7.200500e-02,2.336108e-02,2.540496e-02,5.513887e-01,2.191672e-02,1.110009e-01,1.373998e-02,8.921837e-03,5.408446e-03,1.239366e-02,3.635716e-03
7.977054e-02,9.994317e-03,2.134769e-02,8.515034e-03,8.001393e-02,1.855493e-02,2.070434e-02,6.333718e-01,1.656468e-02,7.787164e-02,1.059808e-02,6.456366e-03,4.804639e-03,8.795523e-03,2.636529e-03
7.267074e-02,1.109351e-02,1.947618e-02,8.103558e-03,8.379801e-02,1.439741e-02,1.716999e-02,6.777186e-01,1.340901e-02,5.485125e-02,9.493494e-03,4.951730e-03,4.194504e-03,6.630310e-03,2.041808e-03
6.887232e-02,1.063097e-02,1.878973e-02,8.320911e-03,8.096261e-02,1.366109e-02,1.617194e-02,7.095731e-01,1.086440e-02,3.859984e-02,8.141682e-03,4.112063e-03,4.423906e-03,5.009098e-03,1.866402e-03
5.826793e-02,7.998889e-03,1.653611e-02,6.909241e-03,6.883114e-02,1.093604e-02,1.318448e-02,7.644802e-01,7.973948e-03,2.704000e-02,6.261550e-03,3.060702e-03,3.511315e-03,3.627468e-03,1.381075e-03
5.198663e-02,6.124066e-03,1.284759e-02,5.370350e-03,6.188944e-02,9.432158e-03,1.091692e-02,8.022225e-01,6.044728e-03,1.895543e-02,4.913736e-03,2.443688e-03,3.121279e-03,2.629397e-03,1.102228e-03
6.163729e-02,5.036475e-03,9.768764e-03,4.371553e-03,5.169154e-02,8.515568e-03,8.843103e-03,8.190514e-01,4.835723e-03,1.334280e-02,3.754663e-03,2.912936e-03,3.034331e-03,2.073874e-03,1.130135e-03
6.078129e-02,3.813749e-03,7.644168e-03,3.846437e-03,4.003762e-02,7.158211e-03,6.673324e-03,8.460028e-01,3.671722e-03,9.394063e-03,2.805392e-03,2.777312e-03,2.629963e-03,1.615774e-03,1.148264e-03
5.677413e-02,2.837128e-03,5.774217e-03,3.349638e-03,3.115491e-02,5.940290e-03,5.008416e-03,8.710123e-01,2.706052e-03,6.606053e-03,2.041691e-03,2.376999e-03,2.216507e-03,1.202068e-03,9.996666e-04
5.646239e-02,2.107736e-03,4.450626e-03,3.178934e-03,2.443678e-02,4.803247e-03,3.770250e-03,8.869286e-01,1.968570e-03,4.651215e-03,1.550500e-03,2.025099e-03,1.875361e-03,8.915162e-04,8.992171e-04
5.960481e-02,1.648327e-03,3.569665e-03,3.153803e-03,1.954643e-02,4.262837e-03,2.951171e-03,8.938301e-01,1.451965e-03,3.284858e-03,1.244749e-03,2.010996e-03,1.862722e-03,6.882196e-04,8.893065e-04
1.207108e-01,2.712084e-03,3.455332e-03,5.088784e-03,1.921311e-02,4.959433e-03,2.895957e-03,8.154222e-01,4.088063e-03,4.092999e-03,2.685038e-03,5.582101e-03,5.049493e-03,7.821748e-04,3.262443e-03
1.677761e-01,2.782124e-03,3.552084e-03,1.392589e-02,1.679247e-02,6.012302e-03,3.368381e-03,7.333765e-01,3.880324e-03,3.885596e-03,4.428990e-03,1.870732e-02,1.532867e-02,1.079161e-03,5.104049e-03
2.054953e-01,4.048244e-03,7.542475e-03,4.973660e-02,3.033551e-02,7.094859e-03,3.978983e-03,6.278163e-01,5.118121e-03,4.300655e-03,5.501743e-03,2.281966e-02,2.031804e-02,1.077863e-03,4.815626e-03
2.687074e-01,4.929589e-03,7.947584e-03,5.000781e-02,2.722779e-02,1.042093e-02,4.598980e-03,4.745110e-01,9.952289e-03,4.789511e-03,1.194903e-02,4.843271e-02,6.677397e-02,2.088597e-03,7.662807e-03
3.719633e-01,5.856423e-03,7.204138e-03,4.009987e-02,3.186275e-02,9.107702e-03,4.441708e-03,3.954554e-01,8.920909e-03,3.611613e-03,1.207125e-02,4.132203e-02,5.943713e-02,1.961768e-03,6.684012e-03
4.285040e-01,8.957951e-03,7.852114e-03,3.731656e-02,2.972438e-02,1.117928e-02,3.764272e-03,2.862523e-01,1.568400e-02,3.650829e-03,1.805256e-02,5.411138e-02,8.215381e-02,2.960516e-03,9.836003e-03
4.815242e-01,1.077001e-02,1.693233e-02,3.551747e-02,3.793887e-02,1.339449e-02,3.470815e-03,2.048315e-01,2.017374e-02,3.723263e-03,1.771270e-02,5.749470e-02,8.364978e-02,3.261397e-03,9.604740e-03
1.000000e+00,0.000000e+00,0.000000e+00,0.000000e+00,0.000000e+00,0.000000e+00,0.000000e+00,0.000000e+00,0.000000e+00,0.000000e+00,0.000000e+00,0.000000e+00,0.000000e+00,0.000000e+00,0.000000e+00
1.000000e+00,0.000000e+00,0.000000e+00,0.000000e+00,0.000000e+00,0.000000e+00,0.000000e+00,0.000000e+00,0.000000e+00,0.000000e+00,0.000000e+00,0.000000e+00,0.000000e+00,0.000000e+00,0.000000e+00
1.000000e+00,0.000000e+00,0.000000e+00,0.000000e+00,0.000000e+00,0.000000e+00,0.000000e+00,0.000000e+00,0.000000e+00,0.000000e+00,0.000000e+00,0.000000e+00,0.000000e+00,0.000000e+00,0.000000e+00
