1.000000e+00,0.000000e+00,0.000000e+00,0.000000e+00,0.000000e+00,0.000000e+00,0.000000e+00,0.000000e+00,0.000000e+00,0.000000e+00,0.000000e+00,0.000000e+00,0.000000e+00,0.000000e+00,0.000000e+00
1.000000e+00,0.000000e+00,0.000000e+00,0.000000e+00,0.000000e+00,0.000000e+00,0.000000e+00,0.000000e+00,0.000000e+00,0.000000e+00,0.000000e+00,0.000000e+00,0.000000e+00,0.000000e+00,0.000000e+00
1.000000e+00,0.000000e+00,0.000000e+00,0.000000e+00,0.000000e+00,0.000000e+00,0.000000e+00,0.000000e+00,0.000000e+00,0.000000e+00,0.000000e+00,0.000000e+00,0.000000e+00,0.000000e+00,0.000000e+00
1.000000e+00,0.000000e+00,0.000000e+00,0.000000e+00,0.000000e+00,0.000000e+00,0.000000e+00,0.000000e+00,0.000000e+00,0.000000e+00,0.000000e+00,0.000000e+00,0.000000e+00,0.000000e+00,0.000000e+00
1.000000e+00,0.000000e+00,0.000000e+00,0.000000e+00,0.000000e+00,0.000000e+00,0.000000e+00,0.000000e+00,0.000000e+00,0.000000e+00,0.000000e+00,0.000000e+00,0.000000e+00,0.000000e+00,0.000000e+00
1.000000e+00,0.000000e+00,0.000000e+00,0.000000e+00,0.000000e+00,0.000000e+00,0.000000e+00,0.000000e+00,0.000000e+00,0.000000e+00,0.000000e+00,0.000000e+00,0.000000e+00,0.000000e+00,0.000000e+00
1.000000e+00,0.000000e+00,0.000000e+00,0.000000e+00,0.000000e+00,0.000000e+00,0.000000e+00,0.000000e+00,0.000000e+00,0.000000e+00,0.000000e+00,0.000000e+00,0.000000e+00,0.000000e+00,0.000000e+00
1.000000e+00,0.000000e+00,0.000000e+00,0.000000e+00,0.000000e+00,0.000000e+00,0.000000e+00,0.000000e+00,0.000000e+00,0.000000e+00,0.000000e+00,0.000000e+00,0.000000e+00,0.000000e+00,0.000000e+00
1.000000e+00,0.000000e+00,0.000000e+00,0.000000e+00,0.000000e+00,0.000000e+00,0.000000e+00,0.000000e+00,0.000000e+00,0.000000e+00,0.000000e+00,0.000000e+00,0.000000e+00,0.000000e+00,0.000000e+00
1.000000e+00,0.000000e+00,0.000000e+00,0.000000e+00,0.000000e+00,0.000000e+00,0.000000e+00,0.000000e+00,0.000000e+00,0.000000e+00,0.000000e+00,0.000000e+00,0.000000e+00,0.000000e+00,0.000000e+00
1.000000e+00,0.000000e+00,0.000000e+00,0.000000e+00,0.000000e+00,0.000000e+00,0.000000e+00,0.000000e+00,0.000000e+00,0.000000e+00,0.000000e+00,0.000000e+00,0.000000e+00,0.000000e+00,0.000000e+00
1.000000e+00,0.000000e+00,0.000000e+00,0.000000e+00,0.000000e+00,0.000000e+00,0.000000e+00,0.000000e+00,0.000000e+00,0.000000e+00,0.000000e+00,0.000000e+00,0.000000e+00,0.000000e+00,0.000000e+00
1.000000e+00,0.000000e+00,0.000000e+00,0.000000e+00,0.000000e+00,0.000000e+00,0.000000e+00,0.000000e+00,0.000000e+00,0.000000e+00,0.000000e+00,0.000000e+00,0.000000e+00,0.000000e+00,0.000000e+00
1.000000e+00,0.000000e+00,0.000000e+00,0.000000e+00,0.000000e+00,0.000000e+00,0.000000e+00,0.000000e+00,0.000000e+00,0.000000e+00,0.000000e+00,0.000000e+00,0.000000e+00,0.000000e+00,0.000000e+00
1.000000e+00,0.000000e+00,0.000000e+00,0.000000e+00,0.000000e+00,0.000000e+00,0.000000e+00,0.000000e+00,0.000000e+00,0.000000e+00,0.000000e+00,0.000000e+00,0.000000e+00,0.000000e+00,0.000000e+00
1.000000e+00,0.000000e+00,0.000000e+00,0.000000e+00,0.000000e+00,0.000000e+00,0.000000e+00,0.000000e+00,0.000000e+00,0.000000e+00,0.000000e+00,0.000000e+00,0.000000e+00,0.000000e+00,0.000000e+00
1.000000e+00,0.000000e+00,0.000000e+00,0.000000e+00,0.000000e+00,0.000000e+00,0.000000e+00,0.000000e+00,0.000000e+00,0.000000e+00,0.000000e+00,0.000000e+00,0.000000e+00,0.000000e+00,0.000000e+00
1.000000e+00,0.000000e+00,0.000000e+00,0.000000e+00,0.000000e+00,0.000000e+00,0.000000e+00,0.000000e+00,0.000000e+00,0.000000e+00,0.000000e+00,0.000000e+00,0.000000e+00,0.000000e+00,0.000000e+00
1.000000e+00,0.000000e+00,0.000000e+00,0.000000e+00,0.000000e+00,0.000000e+00,0.000000e+00,0.000000e+00,0.000000e+00,0.000000e+00,0.000000e+00,0.000000e+00,0.000000e+00,0.000000e+00,0.000000e+00
1.000000e+00,0.000000e+00,0.000000e+00,0.000000e+00,0.000000e+00,0.000000e+00,0.000000e+00,0.000000e+00,0.000000e+00,0.000000e+00,0.000000e+00,0.000000e+00,0.000000e+00,0.000000e+00,0.000000e+00
1.000000e+00,0.000000e+00,0.000000e+00,0.000000e+00,0.000000e+00,0.000000e+00,0.000000e+00,0.000000e+00,0.000000e+00,0.000000e+00,0.000000e+00,0.000000e+00,0.000000e+00,0.000000e+00,0.000000e+00
1.000000e+00,0.000000e+00,0.000000e+00,0.000000e+00,0.000000e+00,0.000000e+00,0.000000e+00,0.000000e+00,0.000000e+00,0.000000e+00,0.000000e+00,0.000000e+00,0.000000e+00,0.000000e+00,0.000000e+00
1.000000e+00,0.000000e+00,0.000000e+00,0.000000e+00,0.000000e+00,0.000000e+00,0.000000e+00,0.000000e+00,0.000000e+00,0.000000e+00,0.000000e+00,0.000000e+00,0.000000e+00,0.000000e+00,0.000000e+00
1.000000e+00,0.000000e+00,0.000000e+00,0.000000e+00,0.000000e+00,0.000000e+00,0.000000e+00,0.000000e+00,0.000000e+00,0.000000e+00,0.000000e+00,0.000000e+00,0.000000e+00,0.000000e+00,0.000000e+00
1.000000e+00,0.000000e+00,0.000000e+00,0.000000e+00,0.000000e+00,0.000000e+00,0.000000e+00,0.000000e+00,0.000000e+00,0.000000e+00,0.000000e+00,0.000000e+00,0.000000e+00,0.000000e+00,0.000000e+00
1.000000e+00,0.000000e+00,0.000000e+00,0.000000e+00,0.000000e+00,0.000000e+00,0.000000e+00,0.000000e+00,0.000000e+00,0.000000e+00,0.000000e+00,0.000000e+00,0.000000e+00,0.000000e+00,0.000000e+00
1.000000e+00,0.000000e+00,0.000000e+00,0.000000e+00,0.000000e+00,0.000000e+00,0.000000e+00,0.000000e+00,0.000000e+00,0.000000e+00,0.000000e+00,0.000000e+00,0.000000e+00,0.000000e+00,0.000000e+00
1.000000e+00,0.000000e+00,0.000000e+00,0.000000e+00,0.000000e+00,0.000000e+00,0.000000e+00,0.000000e+00,0.000000e+00,0.000000e+00,0.000000e+00,0.000000e+00,0.000000e+00,0.000000e+00,0.000000e+00
1.000000e+00,0.000000e+00,0.000000e+00,0.000000e+00,0.000000e+00,0.000000e+00,0.000000e+00,0.000000e+00,0.000000e+00,0.000000e+00,0.000000e+00,0.000000e+00,0.000000e+00,0.000000e+00,0.000000e+00
1.000000e+00,0.000000e+00,0.000000e+00,0.000000e+00,0.000000e+00,0.000000e+00,0.000000e+00,0.000000e+00,0.000000e+00,0.000000e+00,0.000000e+00,0.000000e+00,0.000000e+00,0.000000e+00,0.000000e+00
1.000000e+00,0.000000e+00,0.000000e+00,0.000000e+00,0.000000e+00,0.000000e+00,0.000000e+00,0.000000e+00,0.000000e+00,0.000000e+00,0.000000e+00,0.000000e+00,0.000000e+00,0.000000e+00,0.000000e+00
1.000000e+00,0.000000e+00,0.000000e+00,0.000000e+00,0.000000e+00,0.000000e+00,0.000000e+00,0.000000e+00,0.000000e+00,0.000000e+00,0.000000e+00,0.000000e+00,0.000000e+00,0.000000e+00,0.000000e+00
1.000000e+00,0.000000e+00,0.000000e+00,0.000000e+00,0.000000e+00,0.000000e+00,0.000000e+00,0.000000e+00,0.000000e+00,0.000000e+00,0.000000e+00,0.000000e+00,0.000000e+00,0.000000e+00,0.000000e+00
1.000000e+00,0.000000e+00,0.000000e+00,0.000000e+00,0.000000e+00,0.000000e+00,0.000000e+00,0.000000e+00,0.000000e+00,0.000000e+00,0.000000e+00,0.000000e+00,0.000000e+00,0.000000e+00,0.000000e+00
1.000000e+00,0.000000e+00,0.000000e+00,0.000000e+00,0.000000e+00,0.000000e+00,0.000000e+00,0.000000e+00,0.000000e+00,0.000000e+00,0.000000e+00,0.000000e+00,0.000000e+00,0.000000e+00,0.000000e+00
1.000000e+00,0.000000e+00,0.000000e+00,0.000000e+00,0.000000e+00,0.000000e+00,0.000000e+00,0.000000e+00,0.000000e+00,0.000000e+00,0.000000e+00,0.000000e+00,0.000000e+00,0.000000e+00,0.000000e+00
1.000000e+00,0.000000e+00,0.000000e+00,0.000000e+00,0.000000e+00,0.000000e+00,0.000000e+00,0.000000e+00,0.000000e+00,0.000000e+00,0.000000e+00,0.000000e+00,0.000000e+00,0.000000e+00,0.000000e+00
1.000000e+00,0.000000e+00,0.000000e+00,0.000000e+00,0.000000e+00,0.000000e+00,0.000000e+00,0.000000e+00,0.000000e+00,0.000000e+00,0.000000e+00,0.000000e+00,0.000000e+00,0.000000e+00,0.000000e+00
1.000000e+00,0.000000e+00,0.000000e+00,0.000000e+00,0.000000e+00,0.000000e+00,0.000000e+00,0.000000e+00,0.000000e+00,0.000000e+00,0.000000e+00,0.000000e+00,0.000000e+00,0.000000e+00,0.000000e+00
1.000000e+00,0.000000e+00,0.000000e+00,0.000000e+00,0.000000e+00,0.000000e+00,0.000000e+00,0.000000e+00,0.000000e+00,0.000000e+00,0.000000e+00,0.000000e+00,0.000000e+00,0.000000e+00,0.000000e+00
1.000000e+00,0.000000e+00,0.000000e+00,0.000000e+00,0.000000e+00,0.000000e+00,0.000000e+00,0.000000e+00,0.000000e+00,0.000000e+00,0.000000e+00,0.000000e+00,0.000000e+00,0.000000e+00,0.000000e+00
1.000000e+00,0.000000e+00,0.000000e+00,0.000000e+00,0.000000e+00,0.000000e+00,0.000000e+00,0.000000e+00,0.000000e+00,0.000000e+00,0.000000e+00,0.000000e+00,0.000000e+00,0.000000e+00,0.000000e+00
1.000000e+00,0.000000e+00,0.000000e+00,0.000000e+00,0.000000e+00,0.000000e+00,0.000000e+00,0.000000e+00,0.000000e+00,0.000000e+00,0.000000e+00,0.000000e+00,0.000000e+00,0.000000e+00,0.000000e+00
1.000000e+00,0.000000e+00,0.000000e+00,0.000000e+00,0.000000e+00,0.000000e+00,0.000000e+00,0.000000e+00,0.000000e+00,0.000000e+00,0.000000e+00,0.000000e+00,0.000000e+00,0.000000e+00,0.000000e+00
1.000000e+00,0.000000e+00,0.000000e+00,0.000000e+00,0.000000e+00,0.000000e+00,0.000000e+00,0.000000e+00,0.000000e+00,0.000000e+00,0.000000e+00,0.000000e+00,0.000000e+00,0.000000e+00,0.000000e+00
1.000000e+00,0.000000e+00,0.000000e+00,0.000000e+00,0.000000e+00,0.000000e+00,0.000000e+00,0.000000e+00,0.000000e+00,0.000000e+00,0.000000e+00,0.000000e+00,0.000000e+00,0.000000e+00,0.000000e+00
1.000000e+00,0.000000e+00,0.000000e+00,0.000000e+00,0.000000e+00,0.000000e+00,0.000000e+00,0.000000e+00,0.000000e+00,0.000000e+00,0.000000e+00,0.000000e+00,0.000000e+00,0.000000e+00,0.000000e+00
1.000000e+00,0.000000e+00,0.000000e+00,0.000000e+00,0.000000e+00,0.000000e+00,0.000000e+00,0.000000e+00,0.000000e+00,0.000000e+00,0.000000e+00,0.000000e+00,0.000000e+00,0.000000e+00,0.000000e+00
1.000000e+00,0.000000e+00,0.000000e+00,0.000000e+00,0.000000e+00,0.000000e+00,0.000000e+00,0.000000e+00,0.000000e+00,0.000000e+00,0.000000e+00,0.000000e+00,0.000000e+00,0.000000e+00,0.000000e+00
1.000000e+00,0.000000e+00,0.000000e+00,0.000000e+00,0.000000e+00,0.000000e+00,0.000000e+00,0.000000e+00,0.000000e+00,0.000000e+00,0.000000e+00,0.000000e+00,0.000000e+00,0.000000e+00,0.000000e+00
1.000000e+00,0.000000e+00,0.000000e+00,0.000000e+00,0.000000e+00,0.000000e+00,0.000000e+00,0.000000e+00,0.000000e+00,0.000000e+00,0.000000e+00,0.000000e+00,0.000000e+00,0.000000e+00,0.000000e+00
1.000000e+00,0.000000e+00,0.000000e+00,0.000000e+00,0.000000e+00,0.000000e+00,0.000000e+00,0.000000e+00,0.000000e+00,0.000000e+00,0.000000e+00,0.000000e+00,0.000000e+00,0.000000e+00,0.000000e+00
1.000000e+00,0.000000e+00,0.000000e+00,0.000000e+00,0.000000e+00,0.000000e+00,0.000000e+00,0.000000e+00,0.000000e+00,0.000000e+00,0.000000e+00,0.000000e+00,0.000000e+00,0.000000e+00,0.000000e+00
1.000000e+00,0.000000e+00,0.000000e+00,0.000000e+00,0.000000e+00,0.000000e+00,0.000000e+00,0.000000e+00,0.000000e+00,0.000000e+00,0.000000e+00,0.000000e+00,0.000000e+00,0.000000e+00,0.000000e+00
1.000000e+00,0.000000e+00,0.000000e+00,0.000000e+00,0.000000e+00,0.000000e+00,0.000000e+00,0.000000e+00,0.000000e+00,0.000000e+00,0.000000e+00,0.000000e+00,0.000000e+00,0.000000e+00,0.000000e+00
3.955610e-01,3.556489e-02,2.544080e-02,2.576213e-01,4.291900e-03,1.405404e-02,3.504240e-03,5.275606e-03,1.321159e-02,2.017618e-02,9.495651e-03,1.669118e-02,2.549472e-02,1.592626e-03,1.720243e-01
2.895446e-01,2.948934e-02,2.475248e-02,2.912587e-01,3.778995e-03,1.110621e-02,2.805001e-03,4.041255e-03,1.746772e-02,1.785700e-02,1.715842e-02,1.444633e-02,2.961501e-02,2.258179e-03,2.444208e-01
2.296027e-01,2.472637e-02,1.875586e-02,3.420951e-01,3.490429e-03,1.105000e-02,2.432187e-03,3.092248e-03,5.864845e-02,2.289283e-02,2.194325e-02,1.741355e-02,2.566954e-02,4.791225e-03,2.133964e-01
1.796316e-01,2.232665e-02,1.517718e-02,2.940002e-01,3.656057e-03,1.358654e-02,2.216687e-03,2.481743e-03,8.651941e-02,2.970699e-02,3.855074e-02,3.618986e-02,7.660798e-02,8.933606e-03,1.904149e-01
1.331864e-01,1.618221e-02,1.091522e-02,2.170879e-01,7.611913e-03,1.012583e-02,2.246770e-03,2.461155e-03,1.430865e-01,4.349807e-02,1.462362e-01,3.533810e-02,8.856776e-02,7.887221e-03,1.355689e-01
1.019724e-01,1.370327e-02,1.017464e-02,2.613982e-01,6.917351e-03,9.176675e-03,1.643133e-03,3.100054e-03,1.943858e-01,3.171548e-02,1.317945e-01,3.447301e-02,9.292979e-02,7.037265e-03,9.957853e-02
1.172927e-01,1.152890e-02,8.618381e-03,2.187513e-01,6.571768e-03,1.331209e-02,1.372559e-03,3.933474e-03,2.167041e-01,2.402989e-02,1.444920e-01,5.044039e-02,1.008597e-01,8.454945e-03,7.363787e-02
1.423705e-01,1.999027e-02,8.285016e-03,1.745343e-01,7.072241e-03,1.285411e-02,1.213529e-03,5.584393e-03,2.394958e-01,3.375981e-02,1.254051e-01,8.122294e-02,8.049282e-02,1.076203e-02,5.695716e-02
1.351777e-01,3.010461e-02,7.285999e-03,1.413915e-01,7.379827e-03,1.431916e-02,1.280561e-03,5.888335e-03,3.428752e-01,2.573101e-02,1.003589e-01,6.639769e-02,6.976347e-02,9.658709e-03,4.238737e-02
1.086454e-01,3.923997e-02,7.695114e-03,1.268853e-01,6.217852e-03,1.241786e-02,1.023283e-03,4.874416e-03,4.335831e-01,1.954760e-02,7.735289e-02,5.376771e-02,6.857412e-02,8.247734e-03,3.192768e-02
8.760393e-02,4.855357e-02,7.078670e-03,1.299222e-01,5.200747e-03,1.255225e-02,7.946218e-04,3.950255e-03,4.300421e-01,1.690467e-02,7.134736e-02,8.382687e-02,6.422281e-02,1.169092e-02,2.630894e-02
6.727293e-02,4.887911e-02,6.670135e-03,1.334527e-01,4.974529e-03,1.174017e-02,6.561564e-04,3.610305e-03,4.211686e-01,1.581515e-02,1.055687e-01,8.401673e-02,6.114603e-02,1.442578e-02,2.060294e-02
5.858529e-02,5.257471e-02,1.218683e-02,1.885429e-01,5.275676e-03,1.110912e-02,5.999962e-04,5.684145e-03,3.837239e-01,2.101627e-02,1.079065e-01,6.698631e-02,5.438522e-02,1.402536e-02,1.739773e-02
5.710773e-02,7.934985e-02,1.458908e-02,1.855444e-01,5.709154e-03,1.021992e-02,6.206830e-04,5.924622e-03,3.480703e-01,4.066814e-02,1.140573e-01,5.517241e-02,4.518341e-02,1.582209e-02,2.196088e-02
5.356939e-02,9.681831e-02,1.186937e-02,1.475912e-01,5.596392e-03,9.542496e-03,6.069010e-04,5.089800e-03,3.474527e-01,4.735546e-02,1.237461e-01,6.220103e-02,5.372206e-02,1.516651e-02,1.967222e-02
6.289653e-02,1.180660e-01,1.015958e-02,1.525172e-01,7.555359e-03,9.702339e-03,5.836696e-04,4.651631e-03,2.872881e-01,5.343679e-02,1.300628e-01,8.265540e-02,4.637059e-02,1.530572e-02,1.874822e-02
5.838362e-02,1.183128e-01,7.716857e-03,1.188072e-01,7.935612e-03,9.625406e-03,5.333412e-04,3.964998e-03,2.713999e-01,4.699589e-02,1.539238e-01,1.193051e-01,4.860168e-02,1.802164e-02,1.647208e-02
6.225048e-02,1.058908e-01,6.130050e-03,8.659454e-02,1.648245e-02,1.257371e-02,2.252531e-03,3.657855e-03,3.745226e-01,3.699446e-02,1.308902e-01,8.939818e-02,4.174208e-02,1.444807e-02,1.617195e-02
6.340166e-02,1.125954e-01,4.937616e-03,6.265818e-02,1.773277e-02,1.129924e-02,3.003710e-03,5.595101e-03,3.961782e-01,2.883678e-02,1.324176e-01,8.076170e-02,5.310640e-02,1.314756e-02,1.432805e-02
5.969380e-02,1.085330e-01,5.807905e-03,4.967809e-02,1.780068e-02,1.242373e-02,2.654577e-03,6.327760e-03,4.732882e-01,2.214338e-02,9.926328e-02,7.498933e-02,4.466571e-02,1.072686e-02,1.200365e-02
5.441687e-02,8.361784e-02,4.626186e-03,3.596612e-02,1.480392e-02,1.409348e-02,3.892527e-03,8.289625e-03,4.958567e-01,1.641060e-02,7.959571e-02,1.238637e-01,4.717992e-02,7.983736e-03,9.403106e-03
6.045446e-02,6.639539e-02,3.998464e-03,2.756011e-02,1.515873e-02,1.916348e-02,4.045221e-03,1.313282e-02,4.740159e-01,1.329047e-02,7.036325e-02,1.676647e-01,4.910108e-02,7.033690e-03,8.622212e-03
5.416873e-02,8.671109e-02,5.861044e-03,2.001827e-02,2.325526e-02,1.586777e-02,4.262277e-03,1.013425e-02,5.090036e-01,1.218758e-02,5.876441e-02,1.382515e-01,4.374379e-02,5.698856e-03,1.207149e-02
4.648511e-02,6.894899e-02,5.244981e-03,1.584278e-02,2.693837e-02,1.521774e-02,4.999383e-03,1.441435e-02,5.694373e-01,1.098085e-02,4.965029e-02,1.203953e-01,3.593311e-02,4.431620e-03,1.107980e-02
5.943202e-02,5.237193e-02,4.072915e-03,1.306072e-02,2.526423e-02,1.312274e-02,4.131146e-03,1.284305e-02,5.540462e-01,9.056139e-03,5.597313e-02,1.480821e-01,3.557557e-02,3.721144e-03,9.246965e-03
6.086007e-02,4.411872e-02,8.883025e-03,1.233833e-02,3.648797e-02,1.497262e-02,7.270619e-03,2.231011e-02,5.614113e-01,8.061401e-03,4.948327e-02,1.214313e-01,3.840912e-02,4.283084e-03,9.679139e-03
5.928886e-02,3.905741e-02,1.626515e-02,1.319733e-02,3.740257e-02,1.623479e-02,8.189682e-03,2.986378e-02,5.595523e-01,7.561100e-03,4.694900e-02,1.060577e-01,4.257579e-02,6.054593e-03,1.174995e-02
5.366389e-02,3.447932e-02,8.084030e-02,1.155976e-02,3.571632e-02,1.605764e-02,6.715143e-03,4.146831e-02,4.969501e-01,7.409682e-03,4.913082e-02,9.509929e-02,5.345438e-02,5.819964e-03,1.163511e-02
5.559710e-02,5.855688e-02,6.978437e-02,1.157584e-02,4.810305e-02,1.748418e-02,5.783360e-03,3.181181e-02,4.645193e-01,8.159783e-03,5.592398e-02,9.920500e-02,4.843256e-02,1.049471e-02,1.456807e-02
6.550741e-02,5.306827e-02,5.686856e-02,1.390258e-02,3.920957e-02,1.545025e-02,4.278950e-03,2.599202e-02,3.592600e-01,8.097278e-03,1.271466e-01,1.589023e-01,4.899890e-02,1.145911e-02,1.185819e-02
7.234773e-02,4.823657e-02,4.502299e-02,1.237261e-02,3.036250e-02,1.481984e-02,3.213657e-03,1.990103e-02,2.689297e-01,1.015318e-02,2.123708e-01,1.785884e-01,5.497153e-02,1.775586e-02,1.095345e-02
7.625993e-02,4.776888e-02,3.907318e-02,1.019193e-02,2.353456e-02,1.350866e-02,2.426442e-03,1.571701e-02,2.071117e-01,1.174456e-02,2.707292e-01,1.882934e-01,5.584281e-02,2.631269e-02,1.148516e-02
8.559211e-02,4.670205e-02,3.440879e-02,8.804798e-03,1.826174e-02,1.090265e-02,1.895424e-03,1.444266e-02,1.768680e-01,9.464327e-03,3.367309e-01,1.664919e-01,4.441137e-02,3.554661e-02,9.476678e-03
1.510648e-01,5.372354e-02,2.842069e-02,9.533075e-03,1.438349e-02,1.036590e-02,1.496408e-03,1.244563e-02,1.416711e-01,9.247381e-03,3.164274e-01,1.646167e-01,3.859591e-02,3.835211e-02,9.655903e-03
2.197177e-01,5.446234e-02,2.319132e-02,1.193411e-02,1.144027e-02,1.186794e-02,1.558939e-03,1.051980e-02,1.118405e-01,1.522595e-02,2.724493e-01,1.665462e-01,3.100705e-02,4.652192e-02,1.171669e-02
2.050027e-01,6.618582e-02,1.908403e-02,1.295877e-02,1.014779e-02,1.051257e-02,1.405833e-03,8.596472e-03,1.129624e-01,1.629451e-02,2.684894e-01,1.529165e-01,2.505414e-02,7.686480e-02,1.352431e-02
1.634116e-01,9.162211e-02,1.589961e-02,1.189081e-02,9.364604e-03,1.178065e-02,1.278128e-03,6.955686e-03,1.531871e-01,1.544703e-02,2.681445e-01,1.316493e-01,1.924095e-02,8.446509e-02,1.566285e-02
1.180774e-01,8.247551e-02,1.239833e-02,1.004272e-02,7.697864e-03,1.139681e-02,9.296332e-04,5.194712e-03,1.179872e-01,1.270246e-02,3.246232e-01,9.478110e-02,1.398718e-02,1.709045e-01,1.680133e-02
8.765052e-02,7.704368e-02,1.009637e-02,8.488683e-03,7.159673e-03,9.694454e-03,6.939289e-04,4.296008e-03,1.150412e-01,1.072074e-02,3.374156e-01,7.560401e-02,1.027393e-02,2.276928e-01,1.812836e-02
6.376420e-02,6.781674e-02,7.396047e-03,6.599281e-03,5.891767e-03,2.583916e-02,5.338365e-04,3.171357e-03,2.935216e-01,1.339976e-02,2.617218e-01,5.498856e-02,7.969421e-03,1.727578e-01,1.462871e-02
4.590673e-02,5.486347e-02,5.386966e-03,5.635973e-03,5.086468e-03,2.565063e-02,4.316298e-04,2.402537e-03,4.769424e-01,1.203552e-02,1.862764e-01,3.924347e-02,5.760238e-03,1.229172e-01,1.146040e-02
3.544267e-02,4.587778e-02,1.268976e-02,1.813485e-02,1.119182e-02,3.215676e-02,3.960439e-03,1.502561e-02,5.413089e-01,1.703980e-02,1.351787e-01,2.790201e-02,4.305542e-03,9.045473e-02,9.330638e-03
4.300387e-02,3.537203e-02,3.415010e-02,9.880009e-02,2.160982e-02,3.109601e-02,3.710903e-03,1.465272e-02,5.051979e-01,1.570343e-02,9.764742e-02,1.980340e-02,3.452269e-03,6.483081e-02,1.096919e-02
3.964451e-02,3.049524e-02,2.670324e-02,1.005390e-01,2.928872e-02,3.206082e-02,2.925540e-03,1.135241e-02,5.608385e-01,1.507201e-02,7.032540e-02,1.411782e-02,2.987725e-03,4.694812e-02,1.670099e-02
6.947462e-02,2.700076e-02,2.256105e-02,8.170482e-02,7.321043e-02,4.817372e-02,3.359701e-03,1.013427e-02,5.319604e-01,1.120524e-02,5.363246e-02,1.034347e-02,2.641557e-03,3.955981e-02,1.503773e-02
5.831809e-02,2.749052e-02,3.514081e-02,2.685745e-01,5.991898e-02,3.504892e-02,2.614755e-03,8.343866e-03,3.979167e-01,9.697411e-03,3.943437e-02,7.418448e-03,2.128096e-03,2.973192e-02,1.822261e-02
6.954930e-02,3.023899e-02,3.862358e-02,3.030704e-01,6.947090e-02,3.159983e-02,2.833819e-03,1.089960e-02,3.363131e-01,1.036713e-02,3.392201e-02,5.616609e-03,3.119572e-03,2.707019e-02,2.730494e-02
5.448846e-02,2.910913e-02,5.679495e-02,4.242610e-01,6.394680e-02,2.645816e-02,2.617409e-03,1.015013e-02,2.519880e-01,7.795054e-03,2.457759e-02,4.025373e-03,2.410919e-03,1.927753e-02,2.209948e-02
6.439895e-02,2.960614e-02,4.844382e-02,4.309404e-01,1.013579e-01,3.379605e-02,4.874893e-03,1.174752e-02,2.102318e-01,6.794194e-03,1.879475e-02,3.135634e-03,2.197828e-03,1.406509e-02,1.961487e-02
8.706349e-02,3.641371e-02,7.555221e-02,4.343613e-01,8.924700e-02,3.238461e-02,4.316944e-03,1.185335e-02,1.652573e-01,6.132827e-03,1.767804e-02,4.105907e-03,2.374663e-03,1.088735e-02,2.237126e-02
1.257112e-01,2.857531e-02,9.158999e-02,4.196222e-01,7.650088e-02,2.431369e-02,3.430266e-03,4.612053e-02,1.300974e-01,5.081457e-03,1.792884e-02,3.332860e-03,2.311870e-03,8.238437e-03,1.714508e-02
1.988847e-01,2.414155e-02,8.203410e-02,3.810861e-01,6.941982e-02,2.133087e-02,3.857613e-03,5.449678e-02,1.045899e-01,4.375822e-03,2.305027e-02,4.870006e-03,5.189052e-03,8.072606e-03,1.460092e-02
2.653805e-01,2.549529e-02,7.264411e-02,3.431905e-01,5.657922e-02,2.143057e-02,3.436896e-03,5.590148e-02,8.705895e-02,4.504036e-03,2.181212e-02,6.261857e-03,9.422468e-03,9.690154e-03,1.719194e-02
3.893434e-01,2.385541e-02,5.710994e-02,2.656298e-01,4.563008e-02,2.334829e-02,3.552565e-03,5.228879e-02,7.014694e-02,4.231909e-03,1.805766e-02,6.912011e-03,1.227420e-02,8.920430e-03,1.869862e-02
4.265360e-01,2.571901e-02,4.515919e-02,2.104458e-01,3.538418e-02,2.659508e-02,3.473967e-03,4.059408e-02,6.370868e-02,1.198852e-02,1.855398e-02,1.661817e-02,2.817777e-02,1.136614e-02,3.567947e-02
3.423795e-01,2.361138e-02,7.023393e-02,2.024489e-01,2.551927e-02,2.095386e-02,2.641832e-03,2.982765e-02,6.757124e-02,3.692006e-02,1.643231e-02,1.308558e-02,2.720747e-02,8.615579e-03,1.125515e-01
2.598283e-01,1.909767e-02,7.124010e-02,1.669882e-01,1.811065e-02,1.605734e-02,1.934926e-03,2.228462e-02,6.827933e-02,5.634471e-02,1.636622e-02,1.009261e-02,2.715090e-02,6.797667e-03,2.394268e-01
2.257092e-01,1.608355e-02,5.453844e-02,1.254158e-01,3.068469e-02,1.373590e-02,1.860877e-02,2.561830e-02,1.196791e-01,4.508272e-02,6.756873e-02,1.107371e-02,6.107585e-02,6.303601e-03,1.788217e-01
2.296042e-01,1.706922e-02,4.136583e-02,1.131297e-01,3.664070e-02,1.357396e-02,4.791295e-02,2.180603e-02,1.524769e-01,3.885625e-02,5.571900e-02,1.102487e-02,7.931334e-02,6.171518e-03,1.353357e-01
2.700863e-01,1.485690e-02,2.980824e-02,9.241762e-02,3.980038e-02,2.095754e-02,5.770338e-02,1.651447e-02,1.231004e-01,3.045359e-02,5.098978e-02,1.425256e-02,1.298593e-01,5.536507e-03,1.036631e-01
2.249709e-01,1.515724e-02,2.198879e-02,8.060228e-02,4.313704e-02,2.764310e-02,4.640824e-02,1.293553e-02,1.418276e-01,2.411807e-02,5.002363e-02,1.420720e-02,2.101706e-01,5.349200e-03,8.146071e-02
1.688511e-01,1.163387e-02,1.571534e-02,6.358414e-02,3.963966e-02,3.290449e-02,3.665905e-02,9.508180e-03,1.116733e-01,1.764335e-02,5.028475e-02,1.590525e-02,3.583570e-01,4.809799e-03,6.283084e-02
1.255045e-01,2.945035e-02,1.933732e-02,9.716935e-02,3.683380e-02,2.384754e-02,2.709399e-02,7.048653e-03,2.509276e-01,1.292787e-02,3.827890e-02,1.264083e-02,2.665916e-01,4.160473e-03,4.818722e-02
1.132892e-01,2.253665e-02,1.755527e-02,1.034640e-01,3.109973e-02,2.107412e-02,2.001530e-02,5.776826e-03,1.900199e-01,9.993957e-03,5.408154e-02,1.648841e-02,3.449169e-01,5.258934e-03,4.442938e-02
9.950341e-02,1.779375e-02,1.869891e-02,9.217536e-02,4.211160e-02,1.658925e-02,1.572662e-02,6.291829e-03,1.401736e-01,8.250058e-03,1.190265e-01,2.041885e-02,3.547038e-01,5.345346e-03,4.319116e-02
9.597428e-02,1.717451e-02,8.626916e-02,7.249172e-02,4.532138e-02,1.620559e-02,1.764297e-02,7.977528e-03,1.090639e-01,1.006441e-02,1.023532e-01,2.973868e-02,3.176791e-01,7.022969e-03,6.502064e-02
1.772611e-01,1.565706e-02,7.529275e-02,5.605694e-02,4.818329e-02,1.636919e-02,1.696020e-02,9.482636e-03,1.006467e-01,1.527052e-02,8.415375e-02,2.856147e-02,2.599170e-01,8.492211e-03,8.769514e-02
2.357973e-01,1.977256e-02,1.143015e-01,4.532419e-02,6.264335e-02,3.528899e-02,1.444869e-02,1.183682e-02,8.655459e-02,1.631934e-02,6.267408e-02,2.372725e-02,1.933186e-01,7.608497e-03,7.038423e-02
2.604272e-01,2.768069e-02,1.005964e-01,3.684289e-02,9.225240e-02,5.702144e-02,2.094676e-02,2.011322e-02,8.184604e-02,1.376188e-02,4.696991e-02,2.375244e-02,1.540690e-01,7.152026e-03,5.656769e-02
2.347675e-01,4.038732e-02,1.326313e-01,3.950582e-02,1.304243e-01,5.652149e-02,2.270612e-02,2.649358e-02,7.740816e-02,1.302861e-02,3.502040e-02,1.946899e-02,1.208602e-01,5.645115e-03,4.513119e-02
1.789320e-01,2.985580e-02,9.645914e-02,2.964868e-02,2.807992e-01,4.951877e-02,4.657801e-02,5.939000e-02,5.618789e-02,9.335787e-03,2.544565e-02,1.416370e-02,8.667591e-02,4.076989e-03,3.293251e-02
1.451954e-01,2.281428e-02,7.410981e-02,2.316140e-02,3.478812e-01,4.816130e-02,4.758564e-02,1.192966e-01,4.292842e-02,7.460610e-03,1.961543e-02,1.052474e-02,6.270818e-02,3.052503e-03,2.550454e-02
2.040602e-01,2.014422e-02,5.517690e-02,1.817474e-02,3.469819e-01,3.857242e-02,4.986318e-02,1.190111e-01,3.762178e-02,7.011265e-03,1.669573e-02,1.207319e-02,5.025540e-02,2.687975e-03,2.167006e-02
2.258593e-01,2.049528e-02,4.226309e-02,1.483077e-02,3.019851e-01,2.995862e-02,6.294008e-02,1.520275e-01,5.495306e-02,6.293003e-03,1.333137e-02,1.412383e-02,3.838509e-02,2.508015e-03,2.004598e-02
2.491897e-01,1.637693e-02,3.159596e-02,1.383111e-02,3.126726e-01,2.765610e-02,5.189836e-02,1.639564e-01,5.576984e-02,5.131489e-03,1.023278e-02,1.505110e-02,2.881646e-02,2.224131e-03,1.559704e-02
2.920839e-01,1.305090e-02,2.481628e-02,1.345107e-02,3.469763e-01,2.389126e-02,4.275569e-02,1.308730e-01,4.543597e-02,4.573154e-03,8.853721e-03,1.521306e-02,2.209009e-02,2.149337e-03,1.378643e-02
3.195939e-01,1.088060e-02,2.012391e-02,1.264038e-02,3.366038e-01,1.995150e-02,3.998804e-02,1.381600e-01,4.659116e-02,3.872640e-03,7.228796e-03,1.360512e-02,1.746666e-02,1.985711e-03,1.130782e-02
3.849373e-01,1.151934e-02,1.764721e-02,1.544001e-02,3.000087e-01,2.461356e-02,4.560862e-02,1.028878e-01,3.812744e-02,3.639176e-03,7.081574e-03,1.448096e-02,1.750968e-02,2.810550e-03,1.368813e-02
4.413453e-01,1.026042e-02,1.443421e-02,1.359808e-02,2.863796e-01,2.718424e-02,4.486060e-02,7.774136e-02,3.156389e-02,2.844054e-03,6.108191e-03,1.263618e-02,1.491616e-02,2.826772e-03,1.330094e-02
1.000000e+00,0.000000e+00,0.000000e+00,0.000000e+00,0.000000e+00,0.000000e+00,0.000000e+00,0.000000e+00,0.000000e+00,0.000000e+00,0.000000e+00,0.000000e+00,0.000000e+00,0.000000e+00,0.000000e+00
1.000000e+00,0.000000e+00,0.000000e+00,0.000000e+00,0.000000e+00,0.000000e+00,0.000000e+00,0.000000e+00,0.000000e+00,0.000000e+00,0.000000e+00,0.000000e+00,0.000000e+00,0.000000e+00,0.000000e+00
1.000000e+00,0.000000e+00,0.000000e+00,0.000000e+00,0.000000e+00,0.000000e+00,0.000000e+00,0.000000e+00,0.000000e+00,0.000000e+00,0.000000e+00,0.000000e+00,0.000000e+00,0.000000e+00,0.000000e+00
1.000000e+00,0.000000e+00,0.000000e+00,0.000000e+00,0.000000e+00,0.000000e+00,0.000000e+00,0.000000e+00,0.000000e+00,0.000000e+00,0.000000e+00,0.000000e+00,0.000000e+00,0.000000e+00,0.000000e+00
3.870259e-01,1.967397e-02,1.781476e-02,3.513663e-02,6.349694e-02,9.609029e-02,1.149254e-02,1.606653e-02,1.051587e-02,3.729816e-03,2.207542e-01,7.731522e-02,8.960390e-03,8.373068e-03,2.355394e-02
3.335213e-01,1.998496e-02,1.896183e-02,3.136654e-02,4.554237e-02,1.032200e-01,8.483818e-03,1.161423e-02,8.878035e-03,3.416091e-03,2.534487e-01,1.252640e-01,7.867659e-03,7.526674e-03,2.090387e-02
3.168094e-01,2.101011e-02,2.109438e-02,2.730176e-02,3.343248e-02,8.794383e-02,6.568608e-03,9.051812e-03,9.385485e-03,4.158054e-03,2.322258e-01,1.952269e-01,7.159513e-03,1.043025e-02,1.820167e-02
3.078499e-01,2.147260e-02,2.135167e-02,2.413114e-02,2.475847e-02,7.456453e-02,5.301001e-03,7.556434e-03,9.718048e-03,4.711852e-03,2.009969e-01,2.621577e-01,6.262990e-03,1.124257e-02,1.792419e-02
2.992288e-01,2.166024e-02,2.105918e-02,2.374352e-02,2.137932e-02,6.121951e-02,4.876097e-03,1.008112e-02,1.556227e-02,5.373208e-03,1.699996e-01,3.125890e-01,5.774632e-03,1.215976e-02,1.529363e-02
2.949290e-01,2.053757e-02,1.856739e-02,2.264714e-02,1.779771e-02,5.399738e-02,4.625729e-03,1.202898e-02,2.173350e-02,4.943227e-03,1.494357e-01,3.501205e-01,5.460712e-03,1.053196e-02,1.264349e-02
3.097684e-01,2.304387e-02,1.564280e-02,2.215997e-02,1.573147e-02,5.075294e-02,3.788030e-03,1.120968e-02,2.915124e-02,4.779917e-03,1.374937e-01,3.468373e-01,8.303429e-03,9.309708e-03,1.202760e-02
3.341985e-01,3.632223e-02,1.429719e-02,2.249708e-02,1.552769e-02,4.718091e-02,3.107217e-03,1.238015e-02,3.483643e-02,5.542439e-03,1.340437e-01,3.054270e-01,1.292509e-02,8.941988e-03,1.277235e-02
3.343844e-01,3.673597e-02,1.327651e-02,2.196782e-02,1.943906e-02,4.992752e-02,2.986666e-03,1.088546e-02,3.622111e-02,5.933120e-03,1.926879e-01,2.402306e-01,1.452115e-02,8.606409e-03,1.219631e-02
3.137270e-01,3.839321e-02,1.113559e-02,2.344453e-02,2.234010e-02,4.703819e-02,2.804988e-03,8.743498e-03,3.467310e-02,4.929153e-03,2.762699e-01,1.819693e-01,1.603976e-02,7.231872e-03,1.125982e-02
3.057702e-01,4.483575e-02,9.198682e-03,2.646575e-02,2.325489e-02,4.876822e-02,2.664006e-03,7.228083e-03,3.789270e-02,3.774987e-03,3.141109e-01,1.413265e-01,1.644043e-02,6.047145e-03,1.222174e-02
2.960035e-01,5.704293e-02,8.080974e-03,3.214205e-02,2.172850e-02,5.830748e-02,3.696114e-03,7.615102e-03,3.272993e-02,3.000628e-03,3.314373e-01,1.105934e-01,1.688917e-02,4.875317e-03,1.585767e-02
2.580817e-01,1.093254e-01,8.914225e-03,2.728559e-02,2.410660e-02,5.638843e-02,4.532569e-03,1.177914e-02,3.939491e-02,2.973958e-03,3.340555e-01,8.612999e-02,1.851903e-02,4.543449e-03,1.396959e-02
2.334366e-01,1.163654e-01,1.277820e-02,2.301079e-02,2.874692e-02,5.910547e-02,4.953905e-03,2.937279e-02,4.519859e-02,3.214320e-03,3.349671e-01,7.180724e-02,1.992030e-02,4.623453e-03,1.249892e-02
2.279880e-01,1.236254e-01,1.054461e-02,1.854241e-02,2.709175e-02,5.620845e-02,4.304792e-03,2.306297e-02,7.055583e-02,3.046935e-03,3.289843e-01,6.893055e-02,2.017246e-02,4.815404e-03,1.212621e-02
2.572314e-01,1.213968e-01,8.819121e-03,1.838550e-02,2.627892e-02,5.750926e-02,3.964301e-03,1.899039e-02,8.785973e-02,3.037438e-03,2.859648e-01,7.105841e-02,2.067369e-02,5.048256e-03,1.378202e-02
2.024500e-01,1.739958e-01,7.572499e-03,1.520642e-02,2.616307e-02,5.127597e-02,3.001936e-03,1.637846e-02,1.643761e-01,4.292617e-03,2.281615e-01,6.590743e-02,2.028809e-02,6.031904e-03,1.489813e-02
1.793329e-01,2.352441e-01,7.540106e-03,1.357009e-02,2.717946e-02,4.579703e-02,2.657662e-03,1.798125e-02,1.937873e-01,6.781496e-03,1.739330e-01,5.005667e-02,2.145612e-02,6.642585e-03,1.804020e-02
1.524978e-01,3.069028e-01,8.074688e-03,1.154695e-02,2.337069e-02,4.266540e-02,2.136102e-03,1.628340e-02,2.156028e-01,8.363801e-03,1.247784e-01,3.697575e-02,2.710762e-02,5.921991e-03,1.777194e-02
1.359484e-01,3.044894e-01,7.068117e-03,9.182311e-03,2.268186e-02,5.143193e-02,2.155711e-03,1.574715e-02,2.612224e-01,8.396573e-03,9.181367e-02,3.868575e-02,2.809114e-02,6.662044e-03,1.642360e-02
1.270112e-01,2.794799e-01,6.456648e-03,8.005062e-03,2.291403e-02,4.850593e-02,2.535508e-03,1.604430e-02,3.143327e-01,8.095827e-03,6.824271e-02,3.456144e-02,4.082279e-02,7.024120e-03,1.596786e-02
1.377608e-01,2.737979e-01,5.167160e-03,9.467519e-03,2.323461e-02,4.040425e-02,3.009172e-03,1.647684e-02,3.306424e-01,1.073907e-02,5.087053e-02,2.751073e-02,4.490202e-02,7.380369e-03,1.863657e-02
2.121886e-01,2.198027e-01,4.356585e-03,2.034288e-02,2.262133e-02,3.388696e-02,3.779566e-03,1.457770e-02,2.828759e-01,1.323776e-02,3.761069e-02,2.336697e-02,8.122799e-02,6.781043e-03,2.334337e-02
2.660798e-01,1.702310e-01,3.652679e-03,1.933636e-02,2.193605e-02,2.900699e-02,4.815185e-03,1.269934e-02,2.398799e-01,1.075936e-02,2.760084e-02,1.927598e-02,1.493969e-01,5.697465e-03,1.963218e-02
3.754601e-01,1.290658e-01,2.938905e-03,1.786074e-02,1.892291e-02,2.615203e-02,6.094435e-03,1.150326e-02,1.816861e-01,8.339409e-03,2.030967e-02,1.565305e-02,1.647765e-01,4.785201e-03,1.645194e-02
4.536726e-01,9.567268e-02,3.118362e-03,1.717300e-02,1.511599e-02,2.460272e-02,6.636498e-03,1.048433e-02,1.353433e-01,6.244289e-03,1.539468e-02,1.276137e-02,1.834835e-01,4.255093e-03,1.604163e-02
4.513150e-01,7.235691e-02,3.747662e-03,1.671997e-02,1.350845e-02,2.089114e-02,7.760496e-03,9.607899e-03,1.052972e-01,5.491692e-03,1.334274e-02,1.055563e-02,2.280649e-01,4.625026e-03,3.671530e-02
1.000000e+00,0.000000e+00,0.000000e+00,0.000000e+00,0.000000e+00,0.000000e+00,0.000000e+00,0.000000e+00,0.000000e+00,0.000000e+00,0.000000e+00,0.000000e+00,0.000000e+00,0.000000e+00,0.000000e+00
4.932597e-01,4.010946e-02,3.483057e-03,1.131094e-02,7.801926e-03,2.623159e-02,6.346547e-03,5.400734e-03,5.659704e-02,5.270546e-03,1.355918e-02,1.448504e-02,2.426258e-01,5.297466e-03,6.822093e-02
4.677614e-01,3.060791e-02,3.132709e-03,8.729303e-03,5.967108e-03,2.388528e-02,5.544079e-03,3.865922e-03,4.269351e-02,6.814837e-03,1.466015e-02,1.837520e-02,2.332344e-01,8.234888e-03,1.264933e-01
3.886109e-01,2.281109e-02,2.920134e-03,6.763104e-03,4.617411e-03,2.259592e-02,5.559908e-03,2.751114e-03,3.253211e-02,1.055968e-02,1.839987e-02,3.096327e-02,2.503392e-01,8.120663e-03,1.924556e-01
3.717464e-01,1.644351e-02,2.435343e-03,5.046819e-03,3.627673e-03,1.809146e-02,6.276866e-03,1.952091e-03,2.401409e-02,2.352533e-02,2.686913e-02,4.635536e-02,2.190054e-01,7.552679e-03,2.270578e-01
3.144709e-01,1.178185e-02,1.945010e-03,4.258662e-03,3.728553e-03,1.524549e-02,5.649866e-03,1.452076e-03,2.119464e-02,7.312819e-02,4.461540e-02,6.522737e-02,2.167466e-01,8.146958e-03,2.124085e-01
2.937093e-01,8.625924e-03,1.637707e-03,3.640783e-03,3.653172e-03,1.255885e-02,4.550893e-03,1.082387e-03,1.800617e-02,1.109384e-01,5.617831e-02,7.571897e-02,1.965629e-01,7.498831e-03,2.056374e-01
2.552279e-01,7.085296e-03,1.463506e-03,2.958709e-03,2.953713e-03,9.337013e-03,3.291761e-03,7.842825e-04,1.497369e-02,1.819329e-01,4.899627e-02,7.013690e-02,1.747061e-01,6.498053e-03,2.196539e-01
2.411617e-01,8.547960e-03,2.127175e-03,2.567038e-03,3.050483e-03,6.721201e-03,2.413183e-03,6.602060e-04,1.870674e-02,2.280045e-01,4.345489e-02,6.461299e-02,1.434177e-01,5.254844e-03,2.292995e-01
2.643170e-01,1.096507e-02,6.358705e-03,5.658953e-03,3.686082e-03,5.278757e-03,2.040220e-03,4.583992e-03,1.877847e-02,2.800183e-01,3.851841e-02,6.211214e-02,1.097633e-01,4.545333e-03,1.833754e-01
2.975878e-01,1.899373e-02,1.807039e-02,4.528570e-02,6.036646e-03,5.598321e-03,2.021752e-03,2.350297e-02,2.785519e-02,2.497288e-01,3.163303e-02,5.711136e-02,8.135560e-02,3.453341e-03,1.317653e-01
2.807590e-01,1.596268e-02,3.654738e-02,5.494283e-02,7.879766e-03,6.359627e-03,3.036944e-03,1.256867e-01,2.312117e-02,2.080199e-01,3.080101e-02,4.912331e-02,6.155494e-02,2.749021e-03,9.345581e-02
3.978108e-01,1.344839e-02,3.177185e-02,4.846775e-02,1.028700e-02,1.220655e-02,3.224068e-03,1.036467e-01,2.595503e-02,1.711155e-01,2.378486e-02,4.134011e-02,4.395936e-02,2.298696e-03,7.068342e-02
4.807804e-01,1.152824e-02,2.678341e-02,4.613571e-02,1.290145e-02,1.683745e-02,3.024271e-03,9.351055e-02,3.475678e-02,1.301416e-01,1.903699e-02,3.657175e-02,3.203404e-02,1.893989e-03,5.406342e-02
4.929928e-01,1.281560e-02,2.139596e-02,4.066914e-02,1.983350e-02,1.706085e-02,2.787955e-03,1.364349e-01,4.459161e-02,9.743352e-02,1.502943e-02,2.982774e-02,2.369611e-02,1.729782e-03,4.370124e-02
1.000000e+00,0.000000e+00,0.000000e+00,0.000000e+00,0.000000e+00,0.000000e+00,0.000000e+00,0.000000e+00,0.000000e+00,0.000000e+00,0.000000e+00,0.000000e+00,0.000000e+00,0.000000e+00,0.000000e+00
1.000000e+00,0.000000e+00,0.000000e+00,0.000000e+00,0.000000e+00,0.000000e+00,0.000000e+00,0.000000e+00,0.000000e+00,0.000000e+00,0.000000e+00,0.000000e+00,0.000000e+00,0.000000e+00,0.000000e+00
4.126732e-01,3.368553e-02,1.487801e-02,1.044638e-01,4.175076e-02,2.036037e-02,4.004419e-03,9.171464e-02,1.191244e-01,4.714195e-02,1.070809e-02,4.671034e-02,1.871641e-02,1.727751e-03,3.234030e-02
3.451061e-01,3.557147e-02,1.716075e-02,1.257901e-01,4.114041e-02,1.879879e-02,3.955112e-03,8.650453e-02,1.237236e-01,7.473633e-02,1.526868e-02,4.267462e-02,1.965570e-02,1.697935e-03,4.821581e-02
2.418867e-01,2.913468e-02,4.222023e-02,3.023063e-01,3.012943e-02,1.335824e-02,2.812564e-03,6.085182e-02,9.820017e-02,5.665854e-02,2.751236e-02,3.471633e-02,1.851897e-02,1.268517e-03,4.042508e-02
1.695578e-01,2.079277e-02,3.341946e-02,2.602391e-01,2.156612e-02,9.852995e-03,2.058382e-03,4.299317e-02,7.064094e-02,4.158669e-02,1.715136e-01,6.218307e-02,6.244513e-02,1.717694e-03,2.943316e-02
1.189095e-01,1.501675e-02,3.307860e-02,2.668059e-01,1.628829e-02,7.291677e-03,1.543127e-03,3.107437e-02,5.231206e-02,3.032808e-02,2.249556e-01,7.119945e-02,1.077514e-01,2.215330e-03,2.122979e-02
8.380947e-02,1.138172e-02,2.865436e-02,3.539478e-01,1.269799e-02,5.309208e-03,1.150653e-03,2.192593e-02,8.867435e-02,2.204114e-02,2.225722e-01,5.134331e-02,7.765185e-02,2.393096e-03,1.644684e-02
6.007516e-02,8.586705e-03,2.777801e-02,3.016802e-01,9.592186e-03,4.320514e-03,8.721892e-04,1.566324e-02,6.762660e-02,1.623401e-02,3.543397e-01,4.619542e-02,6.464870e-02,1.033193e-02,1.205544e-02
4.264855e-02,7.065921e-03,1.994571e-02,2.216721e-01,6.974500e-03,3.418341e-03,6.213570e-04,1.099275e-02,5.118826e-02,1.445005e-02,4.849836e-01,6.322931e-02,5.080302e-02,1.320663e-02,8.799925e-03
3.044248e-02,5.636228e-03,1.456194e-02,1.616471e-01,6.879837e-03,2.749781e-03,4.926680e-04,7.994115e-03,4.590331e-02,1.550822e-02,5.723248e-01,6.201249e-02,4.618986e-02,1.946478e-02,8.192342e-03
2.249965e-02,4.589169e-03,1.113318e-02,1.255512e-01,9.887641e-03,2.782129e-03,3.948453e-04,5.931888e-03,4.478728e-02,1.500675e-02,6.374217e-01,5.416691e-02,3.853367e-02,2.001548e-02,7.298525e-03
1.897616e-02,1.011019e-02,9.419614e-03,9.191181e-02,1.309952e-02,5.157877e-03,5.225911e-04,5.039989e-03,4.389826e-02,1.419294e-02,6.738865e-01,5.162315e-02,3.007987e-02,2.584697e-02,6.234536e-03
1.783884e-02,1.040107e-02,8.121679e-03,6.765499e-02,1.646119e-02,8.148493e-03,1.033231e-03,5.535514e-03,4.028145e-02,1.417473e-02,6.829897e-01,5.981509e-02,2.411862e-02,3.672374e-02,6.701691e-03
1.882480e-02,1.154118e-02,6.387548e-03,4.906699e-02,2.439842e-02,7.022949e-03,1.540946e-03,5.106100e-03,5.197955e-02,1.894465e-02,6.699033e-01,7.288171e-02,1.837607e-02,3.680908e-02,7.216693e-03
3.472262e-02,1.751310e-02,8.064311e-03,3.617905e-02,5.056870e-02,7.010971e-03,1.965821e-03,1.285264e-02,6.085298e-02,2.895161e-02,5.766937e-01,1.051624e-01,1.521794e-02,3.785357e-02,6.390657e-03
1.444972e-01,1.982933e-02,1.062437e-02,3.043823e-02,4.643662e-02,9.714548e-03,2.239754e-03,1.975833e-02,5.993558e-02,3.238033e-02,4.729605e-01,1.009852e-01,1.297405e-02,3.184864e-02,5.377302e-03
2.481543e-01,2.087633e-02,1.077371e-02,3.143079e-02,3.628121e-02,1.845320e-02,2.632829e-03,2.533045e-02,5.718483e-02,2.620412e-02,3.732834e-01,1.060831e-01,1.203244e-02,2.537144e-02,5.907816e-03
2.194622e-01,2.792616e-02,1.068784e-02,2.663744e-02,2.941762e-02,2.206748e-02,2.300034e-03,2.376340e-02,8.404639e-02,3.135535e-02,3.687747e-01,1.135167e-01,1.126457e-02,2.289964e-02,5.880471e-03
2.337680e-01,5.846911e-02,1.303838e-02,2.734921e-02,2.567181e-02,2.031053e-02,2.340757e-03,3.266993e-02,1.165989e-01,2.958084e-02,2.966023e-01,9.837222e-02,1.128512e-02,2.603671e-02,7.906194e-03
2.403564e-01,7.998709e-02,1.281271e-02,2.353801e-02,2.126210e-02,1.708718e-02,1.906793e-03,2.874147e-02,1.387928e-01,4.098232e-02,2.543856e-01,8.268575e-02,1.124217e-02,3.783935e-02,8.380271e-03
2.508619e-01,6.134760e-02,2.321624e-02,5.537037e-02,2.483512e-02,1.778273e-02,2.469800e-03,5.098012e-02,1.329236e-01,3.404268e-02,2.159305e-01,8.060703e-02,1.209320e-02,3.007445e-02,7.464641e-03
2.862659e-01,4.750682e-02,6.617044e-02,6.350070e-02,2.328897e-02,2.324728e-02,2.815045e-03,4.543613e-02,9.861735e-02,3.529990e-02,1.767683e-01,8.709067e-02,1.158042e-02,2.343336e-02,8.978670e-03
2.857339e-01,4.095015e-02,6.919047e-02,6.759936e-02,2.378581e-02,2.660158e-02,2.937410e-03,3.922576e-02,7.879733e-02,2.874522e-02,1.603467e-01,1.325722e-01,1.214279e-02,1.978508e-02,1.158621e-02
