1.000000e+00,0.000000e+00,0.000000e+00,0.000000e+00,0.000000e+00,0.000000e+00,0.000000e+00,0.000000e+00,0.000000e+00,0.000000e+00,0.000000e+00,0.000000e+00,0.000000e+00,0.000000e+00,0.000000e+00
1.000000e+00,0.000000e+00,0.000000e+00,0.000000e+00,0.000000e+00,0.000000e+00,0.000000e+00,0.000000e+00,0.000000e+00,0.000000e+00,0.000000e+00,0.000000e+00,0.000000e+00,0.000000e+00,0.000000e+00
1.000000e+00,0.000000e+00,0.000000e+00,0.000000e+00,0.000000e+00,0.000000e+00,0.000000e+00,0.000000e+00,0.000000e+00,0.000000e+00,0.000000e+00,0.000000e+00,0.000000e+00,0.000000e+00,0.000000e+00
1.000000e+00,0.000000e+00,0.000000e+00,0.000000e+00,0.000000e+00,0.000000e+00,0.000000e+00,0.000000e+00,0.000000e+00,0.000000e+00,0.000000e+00,0.000000e+00,0.000000e+00,0.000000e+00,0.000000e+00
1.000000e+00,0.000000e+00,0.000000e+00,0.000000e+00,0.000000e+00,0.000000e+00,0.000000e+00,0.000000e+00,0.000000e+00,0.000000e+00,0.000000e+00,0.000000e+00,0.000000e+00,0.000000e+00,0.000000e+00
1.000000e+00,0.000000e+00,0.000000e+00,0.000000e+00,0.000000e+00,0.000000e+00,0.000000e+00,0.000000e+00,0.000000e+00,0.000000e+00,0.000000e+00,0.000000e+00,0.000000e+00,0.000000e+00,0.000000e+00
1.000000e+00,0.000000e+00,0.000000e+00,0.000000e+00,0.000000e+00,0.000000e+00,0.000000e+00,0.000000e+00,0.000000e+00,0.000000e+00,0.000000e+00,0.000000e+00,0.000000e+00,0.000000e+00,0.000000e+00
1.000000e+00,0.000000e+00,0.000000e+00,0.000000e+00,0.000000e+00,0.000000e+00,0.000000e+00,0.000000e+00,0.000000e+00,0.000000e+00,0.000000e+00,0.000000e+00,0.000000e+00,0.000000e+00,0.000000e+00
1.000000e+00,0.000000e+00,0.000000e+00,0.000000e+00,0.000000e+00,0.000000e+00,0.000000e+00,0.000000e+00,0.000000e+00,0.000000e+00,0.000000e+00,0.000000e+00,0.000000e+00,0.000000e+00,0.000000e+00
1.000000e+00,0.000000e+00,0.000000e+00,0.000000e+00,0.000000e+00,0.000000e+00,0.000000e+00,0.000000e+00,0.000000e+00,0.000000e+00,0.000000e+00,0.000000e+00,0.000000e+00,0.000000e+00,0.000000e+00
1.000000e+00,0.000000e+00,0.000000e+00,0.000000e+00,0.000000e+00,0.000000e+00,0.000000e+00,0.000000e+00,0.000000e+00,0.000000e+00,0.000000e+00,0.000000e+00,0.000000e+00,0.000000e+00,0.000000e+00
1.000000e+00,0.000000e+00,0.000000e+00,0.000000e+00,0.000000e+00,0.000000e+00,0.000000e+00,0.000000e+00,0.000000e+00,0.000000e+00,0.000000e+00,0.000000e+00,0.000000e+00,0.000000e+00,0.000000e+00
1.000000e+00,0.000000e+00,0.000000e+00,0.000000e+00,0.000000e+00,0.000000e+00,0.000000e+00,0.000000e+00,0.000000e+00,0.000000e+00,0.000000e+00,0.000000e+00,0.000000e+00,0.000000e+00,0.000000e+00
1.000000e+00,0.000000e+00,0.000000e+00,0.000000e+00,0.000000e+00,0.000000e+00,0.000000e+00,0.000000e+00,0.000000e+00,0.000000e+00,0.000000e+00,0.000000e+00,0.000000e+00,0.000000e+00,0.000000e+00
1.000000e+00,0.000000e+00,0.000000e+00,0.000000e+00,0.000000e+00,0.000000e+00,0.000000e+00,0.000000e+00,0.000000e+00,0.000000e+00,0.000000e+00,0.000000e+00,0.000000e+00,0.000000e+00,0.000000e+00
1.000000e+00,0.000000e+00,0.000000e+00,0.000000e+00,0.000000e+00,0.000000e+00,0.000000e+00,0.000000e+00,0.000000e+00,0.000000e+00,0.000000e+00,0.000000e+00,0.000000e+00,0.000000e+00,0.000000e+00
1.000000e+00,0.000000e+00,0.000000e+00,0.000000e+00,0.000000e+00,0.000000e+00,0.000000e+00,0.000000e+00,0.000000e+00,0.000000e+00,0.000000e+00,0.000000e+00,0.000000e+00,0.000000e+00,0.000000e+00
1.000000e+00,0.000000e+00,0.000000e+00,0.000000e+00,0.000000e+00,0.000000e+00,0.000000e+00,0.000000e+00,0.000000e+00,0.000000e+00,0.000000e+00,0.000000e+00,0.000000e+00,0.000000e+00,0.000000e+00
1.000000e+00,0.000000e+00,0.000000e+00,0.000000e+00,0.000000e+00,0.000000e+00,0.000000e+00,0.000000e+00,0.000000e+00,0.000000e+00,0.000000e+00,0.000000e+00,0.000000e+00,0.000000e+00,0.000000e+00
1.000000e+00,0.000000e+00,0.000000e+00,0.000000e+00,0.000000e+00,0.000000e+00,0.000000e+00,0.000000e+00,0.000000e+00,0.000000e+00,0.000000e+00,0.000000e+00,0.000000e+00,0.000000e+00,0.000000e+00
1.000000e+00,0.000000e+00,0.000000e+00,0.000000e+00,0.000000e+00,0.000000e+00,0.000000e+00,0.000000e+00,0.000000e+00,0.000000e+00,0.000000e+00,0.000000e+00,0.000000e+00,0.000000e+00,0.000000e+00
1.000000e+00,0.000000e+00,0.000000e+00,0.000000e+00,0.000000e+00,0.000000e+00,0.000000e+00,0.000000e+00,0.000000e+00,0.000000e+00,0.000000e+00,0.000000e+00,0.000000e+00,0.000000e+00,0.000000e+00
1.000000e+00,0.000000e+00,0.000000e+00,0.000000e+00,0.000000e+00,0.000000e+00,0.000000e+00,0.000000e+00,0.000000e+00,0.000000e+00,0.000000e+00,0.000000e+00,0.000000e+00,0.000000e+00,0.000000e+00
1.000000e+00,0.000000e+00,0.000000e+00,0.000000e+00,0.000000e+00,0.000000e+00,0.000000e+00,0.000000e+00,0.000000e+00,0.000000e+00,0.000000e+00,0.000000e+00,0.000000e+00,0.000000e+00,0.000000e+00
1.000000e+00,0.000000e+00,0.000000e+00,0.000000e+00,0.000000e+00,0.000000e+00,0.000000e+00,0.000000e+00,0.000000e+00,0.000000e+00,0.000000e+00,0.000000e+00,0.000000e+00,0.000000e+00,0.000000e+00
1.000000e+00,0.000000e+00,0.000000e+00,0.000000e+00,0.000000e+00,0.000000e+00,0.000000e+00,0.000000e+00,0.000000e+00,0.000000e+00,0.000000e+00,0.000000e+00,0.000000e+00,0.000000e+00,0.000000e+00
1.000000e+00,0.000000e+00,0.000000e+00,0.000000e+00,0.000000e+00,0.000000e+00,0.000000e+00,0.000000e+00,0.000000e+00,0.000000e+00,0.000000e+00,0.000000e+00,0.000000e+00,0.000000e+00,0.000000e+00
1.000000e+00,0.000000e+00,0.000000e+00,0.000000e+00,0.000000e+00,0.000000e+00,0.000000e+00,0.000000e+00,0.000000e+00,0.000000e+00,0.000000e+00,0.000000e+00,0.000000e+00,0.000000e+00,0.000000e+00
1.000000e+00,0.000000e+00,0.000000e+00,0.000000e+00,0.000000e+00,0.000000e+00,0.000000e+00,0.000000e+00,0.000000e+00,0.000000e+00,0.000000e+00,0.000000e+00,0.000000e+00,0.000000e+00,0.000000e+00
1.000000e+00,0.000000e+00,0.000000e+00,0.000000e+00,0.000000e+00,0.000000e+00,0.000000e+00,0.000000e+00,0.000000e+00,0.000000e+00,0.000000e+00,0.000000e+00,0.000000e+00,0.000000e+00,0.000000e+00
1.000000e+00,0.000000e+00,0.000000e+00,0.000000e+00,0.000000e+00,0.000000e+00,0.000000e+00,0.000000e+00,0.000000e+00,0.000000e+00,0.000000e+00,0.000000e+00,0.000000e+00,0.000000e+00,0.000000e+00
1.000000e+00,0.000000e+00,0.000000e+00,0.000000e+00,0.000000e+00,0.000000e+00,0.000000e+00,0.000000e+00,0.000000e+00,0.000000e+00,0.000000e+00,0.000000e+00,0.000000e+00,0.000000e+00,0.000000e+00
1.000000e+00,0.000000e+00,0.000000e+00,0.000000e+00,0.000000e+00,0.000000e+00,0.000000e+00,0.000000e+00,0.000000e+00,0.000000e+00,0.000000e+00,0.000000e+00,0.000000e+00,0.000000e+00,0.000000e+00
1.000000e+00,0.000000e+00,0.000000e+00,0.000000e+00,0.000000e+00,0.000000e+00,0.000000e+00,0.000000e+00,0.000000e+00,0.000000e+00,0.000000e+00,0.000000e+00,0.000000e+00,0.000000e+00,0.000000e+00
1.000000e+00,0.000000e+00,0.000000e+00,0.000000e+00,0.000000e+00,0.000000e+00,0.000000e+00,0.000000e+00,0.000000e+00,0.000000e+00,0.000000e+00,0.000000e+00,0.000000e+00,0.000000e+00,0.000000e+00
1.000000e+00,0.000000e+00,0.000000e+00,0.000000e+00,0.000000e+00,0.000000e+00,0.000000e+00,0.000000e+00,0.000000e+00,0.000000e+00,0.000000e+00,0.000000e+00,0.000000e+00,0.000000e+00,0.000000e+00
1.000000e+00,0.000000e+00,0.000000e+00,0.000000e+00,0.000000e+00,0.000000e+00,0.000000e+00,0.000000e+00,0.000000e+00,0.000000e+00,0.000000e+00,0.000000e+00,0.000000e+00,0.000000e+00,0.000000e+00
1.000000e+00,0.000000e+00,0.000000e+00,0.000000e+00,0.000000e+00,0.000000e+00,0.000000e+00,0.000000e+00,0.000000e+00,0.000000e+00,0.000000e+00,0.000000e+00,0.000000e+00,0.000000e+00,0.000000e+00
1.000000e+00,0.000000e+00,0.000000e+00,0.000000e+00,0.000000e+00,0.000000e+00,0.000000e+00,0.000000e+00,0.000000e+00,0.000000e+00,0.000000e+00,0.000000e+00,0.000000e+00,0.000000e+00,0.000000e+00
1.000000e+00,0.000000e+00,0.000000e+00,0.000000e+00,0.000000e+00,0.000000e+00,0.000000e+00,0.000000e+00,0.000000e+00,0.000000e+00,0.000000e+00,0.000000e+00,0.000000e+00,0.000000e+00,0.000000e+00
1.000000e+00,0.000000e+00,0.000000e+00,0.000000e+00,0.000000e+00,0.000000e+00,0.000000e+00,0.000000e+00,0.000000e+00,0.000000e+00,0.000000e+00,0.000000e+00,0.000000e+00,0.000000e+00,0.000000e+00
1.000000e+00,0.000000e+00,0.000000e+00,0.000000e+00,0.000000e+00,0.000000e+00,0.000000e+00,0.000000e+00,0.000000e+00,0.000000e+00,0.000000e+00,0.000000e+00,0.000000e+00,0.000000e+00,0.000000e+00
1.000000e+00,0.000000e+00,0.000000e+00,0.000000e+00,0.000000e+00,0.000000e+00,0.000000e+00,0.000000e+00,0.000000e+00,0.000000e+00,0.000000e+00,0.000000e+00,0.000000e+00,0.000000e+00,0.000000e+00
1.000000e+00,0.000000e+00,0.000000e+00,0.000000e+00,0.000000e+00,0.000000e+00,0.000000e+00,0.000000e+00,0.000000e+00,0.000000e+00,0.000000e+00,0.000000e+00,0.000000e+00,0.000000e+00,0.000000e+00
1.000000e+00,0.000000e+00,0.000000e+00,0.000000e+00,0.000000e+00,0.000000e+00,0.000000e+00,0.000000e+00,0.000000e+00,0.000000e+00,0.000000e+00,0.000000e+00,0.000000e+00,0.000000e+00,0.000000e+00
1.000000e+00,0.000000e+00,0.000000e+00,0.000000e+00,0.000000e+00,0.000000e+00,0.000000e+00,0.000000e+00,0.000000e+00,0.000000e+00,0.000000e+00,0.000000e+00,0.000000e+00,0.000000e+00,0.000000e+00
1.000000e+00,0.000000e+00,0.000000e+00,0.000000e+00,0.000000e+00,0.000000e+00,0.000000e+00,0.000000e+00,0.000000e+00,0.000000e+00,0.000000e+00,0.000000e+00,0.000000e+00,0.000000e+00,0.000000e+00
1.000000e+00,0.000000e+00,0.000000e+00,0.000000e+00,0.000000e+00,0.000000e+00,0.000000e+00,0.000000e+00,0.000000e+00,0.000000e+00,0.000000e+00,0.000000e+00,0.000000e+00,0.000000e+00,0.000000e+00
1.000000e+00,0.000000e+00,0.000000e+00,0.000000e+00,0.000000e+00,0.000000e+00,0.000000e+00,0.000000e+00,0.000000e+00,0.000000e+00,0.000000e+00,0.000000e+00,0.000000e+00,0.000000e+00,0.000000e+00
1.000000e+00,0.000000e+00,0.000000e+00,0.000000e+00,0.000000e+00,0.000000e+00,0.000000e+00,0.000000e+00,0.000000e+00,0.000000e+00,0.000000e+00,0.000000e+00,0.000000e+00,0.000000e+00,0.000000e+00
1.000000e+00,0.000000e+00,0.000000e+00,0.000000e+00,0.000000e+00,0.000000e+00,0.000000e+00,0.000000e+00,0.000000e+00,0.000000e+00,0.000000e+00,0.000000e+00,0.000000e+00,0.000000e+00,0.000000e+00
1.000000e+00,0.000000e+00,0.000000e+00,0.000000e+00,0.000000e+00,0.000000e+00,0.000000e+00,0.000000e+00,0.000000e+00,0.000000e+00,0.000000e+00,0.000000e+00,0.000000e+00,0.000000e+00,0.000000e+00
1.000000e+00,0.000000e+00,0.000000e+00,0.000000e+00,0.000000e+00,0.000000e+00,0.000000e+00,0.000000e+00,0.000000e+00,0.000000e+00,0.000000e+00,0.000000e+00,0.000000e+00,0.000000e+00,0.000000e+00
1.000000e+00,0.000000e+00,0.000000e+00,0.000000e+00,0.000000e+00,0.000000e+00,0.000000e+00,0.000000e+00,0.000000e+00,0.000000e+00,0.000000e+00,0.000000e+00,0.000000e+00,0.000000e+00,0.000000e+00
1.000000e+00,0.000000e+00,0.000000e+00,0.000000e+00,0.000000e+00,0.000000e+00,0.000000e+00,0.000000e+00,0.000000e+00,0.000000e+00,0.000000e+00,0.000000e+00,0.000000e+00,0.000000e+00,0.000000e+00
1.000000e+00,0.000000e+00,0.000000e+00,0.000000e+00,0.000000e+00,0.000000e+00,0.000000e+00,0.000000e+00,0.000000e+00,0.000000e+00,0.000000e+00,0.000000e+00,0.000000e+00,0.000000e+00,0.000000e+00
1.000000e+00,0.000000e+00,0.000000e+00,0.000000e+00,0.000000e+00,0.000000e+00,0.000000e+00,0.000000e+00,0.000000e+00,0.000000e+00,0.000000e+00,0.000000e+00,0.000000e+00,0.000000e+00,0.000000e+00
1.000000e+00,0.000000e+00,0.000000e+00,0.000000e+00,0.000000e+00,0.000000e+00,0.000000e+00,0.000000e+00,0.000000e+00,0.000000e+00,0.000000e+00,0.000000e+00,0.000000e+00,0.000000e+00,0.000000e+00
1.000000e+00,0.000000e+00,0.000000e+00,0.000000e+00,0.000000e+00,0.000000e+00,0.000000e+00,0.000000e+00,0.000000e+00,0.000000e+00,0.000000e+00,0.000000e+00,0.000000e+00,0.000000e+00,0.000000e+00
4.020115e-01,7.729473e-03,5.454007e-03,9.812922e-03,3.205638e-03,3.896374e-02,1.448362e-03,3.208381e-03,3.632225e-03,3.303060e-03,4.218575e-01,7.564363e-02,5.068834e-03,4.806303e-03,1.385444e-02
2.825259e-01,5.628462e-03,3.955812e-03,7.408884e-03,2.469394e-03,3.634386e-02,1.394672e-03,2.446862e-03,3.669182e-03,3.404044e-03,4.588416e-01,1.692174e-01,3.981113e-03,5.569619e-03,1.314319e-02
1.984809e-01,4.988237e-03,3.079873e-03,6.252308e-03,2.047080e-03,3.463850e-02,1.728064e-03,2.176480e-03,4.074791e-03,2.796258e-03,4.564011e-01,2.498479e-01,2.985987e-03,6.972251e-03,2.353030e-02
1.392481e-01,4.541608e-03,3.363139e-03,4.609005e-03,1.938678e-03,2.619590e-02,1.317603e-03,1.795392e-03,4.469574e-03,2.756245e-03,4.690394e-01,3.064875e-01,2.138179e-03,8.413922e-03,2.368579e-02
9.814557e-02,4.014384e-03,3.213907e-03,3.532284e-03,3.778344e-03,2.362759e-02,1.915692e-03,1.705972e-03,4.876601e-03,4.719344e-03,4.313587e-01,3.860769e-01,1.657499e-03,1.038651e-02,2.099075e-02
6.948904e-02,3.456273e-03,3.053669e-03,2.687640e-03,4.270121e-03,2.484048e-02,2.453808e-03,1.883572e-03,5.520728e-03,6.216835e-03,4.536031e-01,3.841652e-01,1.270019e-03,1.469482e-02,2.239477e-02
5.016181e-02,2.984433e-03,2.381397e-03,2.026641e-03,4.661642e-03,2.226854e-02,2.424047e-03,1.755698e-03,5.843878e-03,4.277598e-02,5.311840e-01,2.942239e-01,1.051444e-03,1.573211e-02,2.052458e-02
3.565449e-02,2.948056e-03,1.996574e-03,1.535571e-03,6.794425e-03,1.924819e-02,2.393289e-03,1.503666e-03,6.648707e-03,1.293833e-01,5.074375e-01,2.415458e-01,8.600469e-04,1.920773e-02,2.284265e-02
2.581435e-02,2.427417e-03,1.597205e-03,1.201687e-03,5.898142e-03,1.814197e-02,1.992218e-03,1.468079e-03,8.058993e-03,1.393295e-01,5.302762e-01,2.165298e-01,7.027184e-04,2.280684e-02,2.375502e-02
1.853331e-02,2.564864e-03,2.215202e-03,9.547755e-04,6.450812e-03,2.038235e-02,4.074546e-03,1.622991e-03,6.995183e-03,1.560146e-01,5.569163e-01,1.809320e-01,7.865571e-04,2.006626e-02,2.149024e-02
1.405726e-02,5.137926e-03,5.386647e-03,1.278298e-03,9.695166e-03,3.503556e-02,4.302617e-02,1.306965e-02,8.571923e-03,1.964035e-01,4.877205e-01,1.419725e-01,1.126612e-03,1.575226e-02,2.176615e-02
1.005486e-02,4.680479e-03,4.227260e-03,1.491794e-03,8.861810e-03,5.813808e-02,3.465035e-02,9.635097e-03,7.209713e-03,1.482377e-01,5.748417e-01,1.070123e-01,1.871390e-03,1.173713e-02,1.735033e-02
7.836508e-03,5.462259e-03,5.089972e-03,1.637300e-03,7.241530e-03,1.357829e-01,3.028468e-02,8.556454e-03,5.932415e-03,1.150894e-01,5.673497e-01,8.252497e-02,2.299038e-03,8.863580e-03,1.604933e-02
6.527883e-03,8.216574e-03,9.268483e-03,1.448816e-03,9.717382e-03,1.055232e-01,2.192581e-02,6.329523e-03,5.249137e-03,9.930269e-02,6.281622e-01,6.624624e-02,4.314547e-03,6.820390e-03,2.094713e-02
6.243543e-03,2.073158e-02,1.814690e-02,1.389680e-03,1.136812e-02,8.792412e-02,1.754235e-02,5.318273e-03,5.897292e-03,8.531298e-02,6.540753e-01,4.917333e-02,4.376835e-03,5.119783e-03,2.737990e-02
6.081385e-03,1.622522e-02,3.976757e-02,1.260221e-03,3.735857e-02,6.572831e-02,2.499074e-02,1.324536e-01,6.183178e-03,9.593049e-02,5.116163e-01,3.500906e-02,3.827760e-03,3.810059e-03,1.975751e-02
6.193165e-03,1.296871e-02,4.889008e-02,2.063471e-03,5.100033e-02,4.904555e-02,1.866413e-02,2.873083e-01,6.201392e-03,8.057392e-02,3.923016e-01,2.486252e-02,2.942060e-03,2.810808e-03,1.417395e-02
8.534081e-03,1.000428e-02,9.128155e-02,5.509299e-03,1.141869e-01,3.703446e-02,1.726915e-02,3.314302e-01,7.294015e-03,6.075903e-02,2.844664e-01,1.769982e-02,2.283581e-03,2.060591e-03,1.018661e-02
2.006221e-02,8.090192e-03,1.305807e-01,1.853157e-02,1.625234e-01,3.904105e-02,1.266446e-02,2.746246e-01,7.236404e-03,4.345533e-02,2.590001e-01,1.311796e-02,1.838973e-03,1.634855e-03,7.598142e-03
1.671308e-02,5.875642e-03,1.218884e-01,1.559117e-02,1.393721e-01,2.952483e-02,9.116957e-03,4.238311e-01,5.329628e-03,3.052701e-02,1.850621e-01,9.328751e-03,1.315354e-03,1.186336e-03,5.337690e-03
1.214751e-02,4.153319e-03,8.957174e-02,1.106304e-02,1.020853e-01,2.136957e-02,6.531477e-03,5.862554e-01,3.786558e-03,2.137996e-02,1.295912e-01,6.544424e-03,9.392978e-04,8.435476e-04,3.737687e-03
9.791108e-03,2.941583e-03,6.353761e-02,7.782844e-03,7.423653e-02,1.555208e-02,4.716543e-03,7.045764e-01,2.660238e-03,1.497048e-02,9.072731e-02,4.586481e-03,6.965303e-04,6.062540e-04,2.618030e-03
8.195145e-03,2.089279e-03,4.482667e-02,5.494361e-03,5.558975e-02,1.110748e-02,3.408407e-03,7.874154e-01,1.868639e-03,1.048383e-02,6.351854e-02,3.216465e-03,5.172041e-04,4.344753e-04,1.834413e-03
7.206709e-03,1.493406e-03,3.146559e-02,3.899685e-03,4.207190e-02,9.045192e-03,2.536736e-03,8.445995e-01,1.326733e-03,7.362497e-03,4.449572e-02,2.271747e-03,5.790183e-04,3.541691e-04,1.291442e-03
7.402769e-03,1.067603e-03,2.212608e-02,2.843596e-03,3.086364e-02,7.099214e-03,1.964904e-03,8.860481e-01,9.440418e-04,5.160163e-03,3.117608e-02,1.609697e-03,5.262999e-04,2.563519e-04,9.115183e-04
7.907408e-03,7.724083e-04,1.560284e-02,2.197903e-03,2.518231e-02,5.238736e-03,1.546308e-03,9.128721e-01,6.765343e-04,3.620513e-03,2.192586e-02,1.158164e-03,4.654098e-04,1.869913e-04,6.465361e-04
8.076232e-03,5.557413e-04,1.097075e-02,1.670441e-03,1.846260e-02,3.830256e-03,1.208878e-03,9.349424e-01,4.894714e-04,2.539711e-03,1.542219e-02,8.487157e-04,3.764473e-04,1.378860e-04,4.683375e-04
8.885982e-03,4.195744e-04,7.772521e-03,1.321772e-03,1.403975e-02,2.960667e-03,1.144820e-03,9.489195e-01,3.748215e-04,1.784375e-03,1.089104e-02,6.542071e-04,3.742659e-04,1.042441e-04,3.524582e-04
1.077230e-02,3.325127e-04,5.653214e-03,1.278738e-03,1.176023e-02,2.472932e-03,1.135419e-03,9.557804e-01,5.466309e-04,1.264526e-03,7.701347e-03,5.227966e-04,4.105329e-04,7.983497e-05,2.885838e-04
1.206951e-02,2.536666e-04,4.068180e-03,1.187708e-03,9.674340e-03,2.312657e-03,9.598834e-04,9.615080e-01,5.809490e-04,8.905656e-04,5.429578e-03,4.100081e-04,3.710558e-04,5.982870e-05,2.240866e-04
3.527671e-02,3.790103e-04,2.978744e-03,1.838658e-03,7.485237e-03,2.122751e-03,8.374289e-04,9.307445e-01,7.602065e-03,9.935184e-04,5.636329e-03,2.135779e-03,1.276647e-03,1.578931e-04,5.347785e-04
7.971311e-02,2.796061e-03,2.391079e-03,9.294702e-03,7.612283e-03,4.168274e-03,7.937743e-04,8.044041e-01,2.907178e-02,1.452165e-03,2.065549e-02,1.185856e-02,2.271218e-02,6.669463e-04,2.409504e-03
8.564606e-02,3.318929e-03,1.905144e-03,1.095527e-02,7.890244e-03,9.955972e-03,8.616849e-04,6.652250e-01,2.869963e-02,1.727736e-03,2.412796e-02,1.308454e-02,1.396008e-01,7.986767e-04,6.202435e-03
7.771587e-02,2.768039e-03,2.215625e-03,1.448836e-02,8.240157e-03,2.044354e-02,2.185630e-03,5.209122e-01,2.269505e-02,1.503567e-03,2.994980e-02,3.213611e-02,2.564867e-01,1.040868e-03,7.218465e-03
6.654269e-02,2.219010e-03,2.509881e-03,1.222520e-02,1.062588e-02,2.296774e-02,2.772246e-03,3.847553e-01,1.686898e-02,1.214790e-03,3.352033e-02,3.380975e-02,3.993124e-01,8.645131e-04,9.791271e-03
5.213670e-02,1.841459e-03,2.105185e-03,8.753601e-03,1.911813e-02,1.991365e-02,2.917451e-03,2.715688e-01,1.303191e-02,1.202857e-03,3.695384e-02,5.472697e-02,5.039042e-01,1.000611e-03,1.082466e-02
3.846416e-02,1.364164e-03,1.532829e-03,6.185077e-03,1.946783e-02,1.548294e-02,2.579927e-03,1.905935e-01,1.023750e-02,1.104116e-03,2.942113e-02,6.770185e-02,6.033556e-01,1.118201e-03,1.139129e-02
2.870940e-02,1.016697e-03,1.127100e-03,4.370389e-03,1.580199e-02,1.132709e-02,1.954689e-03,1.337412e-01,7.542603e-03,9.856918e-04,2.508551e-02,6.250765e-02,6.938443e-01,1.144452e-03,1.084132e-02
2.658294e-02,9.111137e-04,8.634405e-04,3.097276e-03,1.296435e-02,8.305983e-03,1.515641e-03,9.367672e-02,6.420338e-03,1.761992e-03,2.134841e-02,6.458259e-02,7.469376e-01,1.248063e-03,9.783562e-03
2.277439e-02,1.047276e-03,7.724754e-04,2.231821e-03,1.173455e-02,6.282186e-03,1.221418e-03,6.568666e-02,5.788018e-03,3.552766e-03,1.931949e-02,6.498145e-02,7.840617e-01,1.161846e-03,9.384083e-03
2.044789e-02,1.028129e-03,8.893639e-04,1.702270e-03,9.626823e-03,6.310974e-03,1.817720e-03,4.614652e-02,5.894084e-03,1.827576e-02,1.899078e-02,1.005452e-01,7.589691e-01,1.953873e-03,7.401571e-03
1.845292e-02,8.295776e-04,7.564814e-04,1.334430e-03,7.185075e-03,4.944653e-03,1.389174e-03,3.243329e-02,8.128963e-03,9.806769e-02,2.358424e-02,1.490345e-01,6.462457e-01,2.136626e-03,5.476741e-03
2.191584e-02,7.194508e-04,6.374567e-04,1.515164e-03,6.431612e-03,4.342951e-03,1.190216e-03,2.313891e-02,1.090518e-02,1.369192e-01,2.699205e-02,2.147862e-01,5.440409e-01,2.371821e-03,4.093130e-03
3.004992e-02,1.007459e-03,7.000663e-04,2.443634e-03,1.472256e-02,3.475433e-03,1.497074e-03,2.141561e-02,2.001729e-02,1.398710e-01,2.744070e-02,2.377674e-01,4.937972e-01,2.680216e-03,3.114427e-03
2.995652e-02,1.731706e-03,9.167031e-04,4.844649e-03,4.347051e-02,2.959041e-03,1.837770e-03,2.102395e-02,4.664292e-02,1.460123e-01,2.408587e-02,2.154509e-01,4.562445e-01,2.439930e-03,2.382800e-03
2.911180e-02,2.228693e-03,2.561758e-03,4.290427e-03,3.940392e-02,2.244180e-03,1.377544e-03,2.538083e-02,9.063248e-02,1.473116e-01,1.941559e-02,2.185254e-01,4.135891e-01,2.005942e-03,1.920814e-03
2.220615e-02,1.936136e-03,5.972360e-03,4.513501e-03,3.124449e-02,1.669029e-03,1.064645e-03,1.779030e-01,9.109725e-02,1.161817e-01,1.702348e-02,1.717355e-01,3.542306e-01,1.653934e-03,1.568340e-03
1.705162e-02,1.726634e-03,1.275358e-02,5.649766e-03,2.624377e-02,1.279171e-03,9.116456e-04,3.021410e-01,1.130290e-01,8.670007e-02,2.303671e-02,1.317129e-01,2.753448e-01,1.280199e-03,1.139211e-03
1.632530e-02,1.776041e-03,5.364356e-02,2.540622e-02,3.173784e-02,1.668498e-03,7.337926e-04,3.220075e-01,1.726195e-01,6.566240e-02,1.859142e-02,9.352867e-02,1.942202e-01,1.057240e-03,1.021794e-03
2.022371e-02,2.088604e-03,8.709727e-02,3.069093e-02,4.791406e-02,1.772637e-03,5.768487e-04,2.924146e-01,2.506109e-01,4.848854e-02,1.393431e-02,6.593505e-02,1.362992e-01,9.592487e-04,9.941109e-04
2.159084e-02,2.742457e-03,1.051451e-01,5.161536e-02,6.055936e-02,2.137177e-03,5.255140e-04,2.396167e-01,3.238520e-01,3.681416e-02,1.110876e-02,4.673225e-02,9.578200e-02,9.027499e-04,8.757252e-04
2.408118e-02,3.123353e-03,8.547083e-02,8.870955e-02,7.431760e-02,2.019281e-03,4.153543e-04,2.172070e-01,3.660275e-01,2.706099e-02,1.011072e-02,3.287146e-02,6.717316e-02,7.313706e-04,6.805671e-04
3.964551e-02,1.399055e-02,7.522832e-02,1.112548e-01,8.189723e-02,6.112179e-03,3.390705e-04,1.612824e-01,3.772652e-01,3.141961e-02,2.532514e-02,2.408971e-02,4.818116e-02,2.266997e-03,1.702199e-03
5.839996e-02,2.821548e-02,6.085771e-02,1.323120e-01,8.262116e-02,7.863845e-03,3.915302e-04,1.357906e-01,3.521586e-01,3.808444e-02,4.432163e-02,1.824633e-02,3.534763e-02,3.301004e-03,2.088061e-03
8.060712e-02,3.555551e-02,4.740455e-02,1.481625e-01,8.081324e-02,9.744243e-03,4.230317e-04,1.098185e-01,3.270330e-01,6.160779e-02,5.211689e-02,1.422151e-02,2.583604e-02,4.001267e-03,2.654742e-03
1.360210e-01,3.623865e-02,3.568576e-02,1.993581e-01,6.559303e-02,9.359958e-03,1.757594e-03,9.537083e-02,2.788430e-01,5.768547e-02,4.353147e-02,1.374009e-02,1.907793e-02,3.705249e-03,4.031861e-03
2.395377e-01,3.166896e-02,2.752322e-02,1.800223e-01,5.594559e-02,1.196741e-02,2.601536e-03,7.395403e-02,2.600642e-01,4.528371e-02,3.505314e-02,1.421210e-02,1.433480e-02,3.441343e-03,4.390003e-03
2.497636e-01,2.668332e-02,2.115927e-02,1.508247e-01,6.777545e-02,1.168254e-01,3.024432e-03,5.858190e-02,1.997025e-01,3.384103e-02,2.901737e-02,2.336318e-02,1.140882e-02,2.898918e-03,5.130093e-03
2.047073e-01,2.000784e-02,1.526617e-02,1.701612e-01,5.218587e-02,1.580749e-01,2.432306e-03,4.242343e-02,1.742951e-01,3.173580e-02,7.715506e-02,2.715329e-02,1.518528e-02,3.211232e-03,6.005153e-03
1.493504e-01,1.533050e-02,1.096633e-02,2.262991e-01,5.361307e-02,1.728436e-01,2.243658e-03,3.036019e-02,1.311253e-01,2.516775e-02,8.991475e-02,2.648465e-02,4.896462e-02,2.413134e-03,1.492304e-02
1.063720e-01,1.125551e-02,8.277900e-03,2.315699e-01,4.875476e-02,1.376936e-01,2.055573e-03,2.252451e-02,9.834788e-02,1.882482e-02,1.198390e-01,4.876032e-02,1.012230e-01,2.699356e-03,4.180188e-02
7.502940e-02,8.004630e-03,6.193846e-03,1.648281e-01,4.536009e-02,9.838679e-02,1.628285e-03,1.646491e-02,6.949898e-02,1.474307e-02,1.250144e-01,8.307445e-02,2.171596e-01,3.417930e-03,7.119544e-02
5.333636e-02,5.702203e-03,4.665744e-03,1.165977e-01,5.812608e-02,7.012928e-02,1.293858e-03,1.231465e-02,4.961365e-02,1.195307e-02,1.088491e-01,1.073642e-01,3.115420e-01,3.649240e-03,8.486281e-02
3.776441e-02,4.007299e-03,3.634381e-03,8.174644e-02,6.721210e-02,4.997405e-02,1.126189e-03,9.369454e-03,3.570734e-02,9.481938e-03,8.240631e-02,2.262505e-01,3.132082e-01,3.033905e-03,7.507754e-02
2.690314e-02,2.821415e-03,2.767629e-03,5.727313e-02,7.583892e-02,3.689140e-02,1.161849e-03,7.588240e-03,2.669266e-02,6.950556e-03,6.429034e-02,2.902455e-01,3.287859e-01,2.327803e-03,6.946163e-02
1.896453e-02,1.982970e-03,2.017345e-03,4.011873e-02,6.407017e-02,2.651060e-02,9.186610e-04,5.481659e-03,1.884066e-02,4.915268e-03,4.516577e-02,4.804507e-01,2.386056e-01,1.682027e-03,5.027536e-02
1.367671e-02,1.407755e-03,1.490680e-03,2.810126e-02,4.863401e-02,1.950882e-02,8.440632e-04,4.011622e-03,1.394257e-02,3.591120e-03,3.190006e-02,6.045285e-01,1.912319e-01,1.385288e-03,3.574568e-02
1.002925e-02,1.003741e-03,1.117916e-03,1.969239e-02,4.354559e-02,1.693352e-02,1.172184e-03,3.138073e-03,1.122349e-02,2.742556e-03,2.329359e-02,6.733719e-01,1.662712e-01,1.114752e-03,2.534982e-02
8.341808e-03,7.426701e-04,9.664998e-04,1.384913e-02,3.926282e-02,1.431918e-02,1.545842e-03,3.772582e-03,9.032373e-03,2.286716e-03,1.779411e-02,7.448196e-01,1.245049e-01,9.097252e-04,1.785202e-02
7.967828e-03,5.709751e-04,8.325233e-04,9.839187e-03,2.875112e-02,1.681737e-02,1.236744e-03,3.505989e-03,7.230960e-03,2.123344e-03,1.384523e-02,7.968361e-01,9.702989e-02,7.938147e-04,1.261893e-02
1.437679e-02,4.978917e-04,6.358183e-04,7.134765e-03,2.152167e-02,1.452670e-02,9.941250e-04,2.893517e-03,5.578215e-03,2.418240e-03,1.108437e-02,8.339956e-01,7.446091e-02,9.912503e-04,8.890082e-03
2.961339e-02,6.089899e-04,5.969192e-04,5.508587e-03,1.716314e-02,1.390573e-02,9.145444e-04,2.610213e-03,5.480102e-03,3.053612e-03,9.447242e-03,8.461236e-01,5.711345e-02,1.312194e-03,6.548239e-03
8.195004e-02,7.878639e-04,1.041572e-03,5.010447e-03,1.675587e-02,2.601014e-02,2.285948e-03,3.979307e-03,5.809554e-03,3.791239e-03,1.107182e-02,7.879453e-01,4.606899e-02,2.263095e-03,5.228783e-03
1.654115e-01,1.318734e-03,1.386122e-03,5.028428e-03,1.612369e-02,2.217062e-02,2.942670e-03,6.586400e-03,6.304008e-03,5.514150e-03,9.076322e-03,7.149358e-01,3.468974e-02,3.789321e-03,4.722447e-03
2.445842e-01,1.601251e-03,1.414364e-03,4.654859e-03,1.358013e-02,1.985181e-02,2.931341e-03,6.845002e-03,5.652569e-03,5.309266e-03,7.438898e-03,6.501856e-01,2.759301e-02,3.975125e-03,4.382543e-03
3.073717e-01,1.668559e-03,1.533254e-03,3.769266e-03,1.149286e-02,1.789300e-02,3.491898e-03,7.203412e-03,4.650427e-03,4.637205e-03,6.421541e-03,6.000786e-01,2.256121e-02,3.453903e-03,3.773102e-03
3.352411e-01,2.260453e-03,1.749264e-03,3.579792e-03,1.001528e-02,1.934622e-02,3.133870e-03,6.396607e-03,4.274056e-03,3.645488e-03,5.718002e-03,5.699647e-01,2.829722e-02,2.921804e-03,3.456035e-03
3.479450e-01,2.382727e-03,1.997832e-03,3.260443e-03,8.180875e-03,1.883801e-02,2.665160e-03,5.283838e-03,3.660199e-03,2.888386e-03,4.930530e-03,5.582645e-01,3.412700e-02,2.553428e-03,3.022003e-03
3.346215e-01,2.697958e-03,2.058994e-03,2.796559e-03,8.087632e-03,1.770972e-02,2.591963e-03,5.144432e-03,3.882595e-03,2.409602e-03,4.354492e-03,5.599358e-01,4.920961e-02,2.100328e-03,2.398726e-03
3.009666e-01,2.250168e-03,1.822697e-03,2.161636e-03,7.037049e-03,1.540696e-02,2.607158e-03,5.014961e-03,3.368466e-03,1.938181e-03,3.861489e-03,6.043472e-01,4.569887e-02,1.690359e-03,1.828115e-03
2.454850e-01,1.774961e-03,1.551078e-03,1.598437e-03,6.840297e-03,1.215905e-02,2.402454e-03,4.871722e-03,2.693847e-03,1.484562e-03,3.615050e-03,6.722789e-01,4.040786e-02,1.460645e-03,1.376067e-03
2.331374e-01,1.881433e-03,2.254986e-03,1.261071e-03,6.721930e-03,1.143399e-02,2.209697e-03,5.044407e-03,2.244897e-03,1.087317e-03,4.490433e-03,6.634448e-01,6.222785e-02,1.440809e-03,1.118916e-03
1.803288e-01,1.492089e-03,1.685561e-03,9.169208e-04,7.215923e-03,9.099325e-03,1.617460e-03,3.798497e-03,1.737806e-03,7.814899e-04,7.872739e-03,7.107737e-01,6.946667e-02,2.390094e-03,8.228417e-04
1.960718e-01,1.429364e-03,1.787160e-03,7.246443e-04,9.141947e-03,1.338625e-02,1.568504e-03,3.384783e-03,1.370350e-03,6.111571e-04,1.396481e-02,6.784535e-01,7.327100e-02,4.175930e-03,6.588103e-04
2.350712e-01,1.111559e-03,1.445946e-03,5.642481e-04,1.191251e-02,1.802444e-02,1.453856e-03,2.971675e-03,1.072872e-03,5.895511e-04,2.074862e-02,6.374635e-01,6.153490e-02,5.520552e-03,5.145867e-04
2.269135e-01,1.122871e-03,1.238488e-03,6.140298e-04,1.143697e-02,1.699320e-02,1.325677e-03,2.775392e-03,1.102371e-03,6.237538e-04,1.815992e-02,6.364224e-01,7.564969e-02,5.068173e-03,5.535296e-04
2.093359e-01,1.090930e-03,2.910655e-03,1.602617e-03,9.605083e-03,1.629501e-02,1.697904e-03,4.015762e-03,1.120543e-03,5.986259e-04,1.967975e-02,5.692494e-01,1.577836e-01,4.503758e-03,5.104861e-04
1.797826e-01,1.129716e-03,2.292225e-03,1.550112e-03,7.528066e-03,1.809587e-02,1.477713e-03,3.397759e-03,1.604740e-03,6.900642e-04,1.693279e-02,5.719783e-01,1.895477e-01,3.524299e-03,4.680198e-04
1.732077e-01,1.518511e-03,2.035838e-03,2.037059e-03,7.840925e-03,3.023722e-02,2.002131e-03,4.500597e-03,4.542586e-03,1.018878e-03,1.611939e-02,5.113856e-01,2.398857e-01,2.767168e-03,9.005493e-04
1.715812e-01,1.666715e-03,3.826232e-03,3.151381e-03,7.976325e-03,4.198249e-02,3.434809e-03,6.944480e-03,6.503765e-03,9.924395e-04,1.442970e-02,4.487006e-01,2.852260e-01,2.344784e-03,1.239147e-03
2.083111e-01,2.353013e-03,1.617893e-02,8.251140e-03,8.781635e-03,7.364009e-02,3.683721e-03,1.399267e-02,1.017675e-02,1.503620e-03,1.914627e-02,3.442673e-01,2.850576e-01,2.200379e-03,2.455813e-03
2.128797e-01,3.306301e-03,3.961555e-02,1.868591e-02,1.721442e-02,9.203341e-02,3.981345e-03,2.554400e-02,1.053252e-02,2.147794e-03,1.948691e-02,2.535700e-01,2.960005e-01,2.026604e-03,2.975061e-03
2.156073e-01,3.751220e-03,1.035739e-01,2.191520e-02,2.134569e-02,8.879446e-02,4.666466e-03,2.846429e-02,1.033793e-02,3.951413e-03,2.291579e-02,1.881965e-01,2.810314e-01,2.014443e-03,3.433991e-03
2.116469e-01,3.188970e-03,9.798940e-02,1.786331e-02,4.175659e-02,7.423383e-02,1.584477e-02,3.339221e-02,8.840979e-03,8.608248e-03,4.005283e-02,1.530667e-01,2.834297e-01,2.652601e-03,7.432962e-03
1.934487e-01,2.846028e-03,1.154798e-01,1.471858e-02,4.539549e-02,5.707452e-02,2.809304e-02,4.612241e-02,1.077265e-02,9.902977e-03,4.530099e-02,1.307402e-01,2.861578e-01,2.871328e-03,1.107557e-02
1.420268e-01,2.697230e-03,3.106228e-01,2.535759e-02,3.443721e-02,4.058409e-02,2.012502e-02,3.608005e-02,2.091274e-02,8.432304e-03,3.733511e-02,9.356877e-02,2.144040e-01,2.670422e-03,1.074598e-02
1.403871e-01,5.231975e-03,3.629115e-01,2.281969e-02,3.539428e-02,2.977818e-02,1.629814e-02,4.012440e-02,4.729869e-02,7.264619e-03,3.054079e-02,6.782734e-02,1.634782e-01,3.362323e-03,2.728275e-02
1.901341e-01,6.450112e-03,3.185952e-01,1.947216e-02,6.229167e-02,2.528302e-02,1.491897e-02,3.702377e-02,4.977193e-02,7.779963e-03,2.710538e-02,5.135156e-02,1.273570e-01,4.366968e-03,5.809816e-02
2.763262e-01,8.654568e-03,2.834376e-01,2.151695e-02,7.149485e-02,2.841116e-02,1.217974e-02,3.218241e-02,4.472424e-02,8.370389e-03,2.235903e-02,3.850067e-02,9.509441e-02,4.352912e-03,5.239473e-02
2.878409e-01,1.219386e-02,2.827133e-01,2.341343e-02,6.473732e-02,2.444722e-02,1.035230e-02,3.168689e-02,4.592158e-02,1.208917e-02,1.689759e-02,2.915148e-02,7.368837e-02,5.041393e-03,7.982521e-02
2.362261e-01,3.004362e-02,2.844621e-01,6.453197e-02,5.246264e-02,1.959729e-02,8.404995e-03,3.319892e-02,9.110521e-02,1.726235e-02,1.229022e-02,2.154784e-02,5.378413e-02,4.046037e-03,7.103656e-02
2.278635e-01,3.222286e-02,2.652120e-01,5.220690e-02,5.064404e-02,1.941701e-02,7.923799e-03,3.562569e-02,1.099210e-01,6.581391e-02,9.249860e-03,1.599672e-02,4.065631e-02,3.439405e-03,6.380695e-02
2.592204e-01,3.304316e-02,2.264841e-01,4.303704e-02,5.291406e-02,1.925978e-02,7.411196e-03,4.162209e-02,8.479954e-02,1.128448e-01,6.944909e-03,1.328658e-02,3.015065e-02,3.075303e-03,6.590636e-02
2.165328e-01,2.549542e-02,1.595751e-01,4.469639e-02,3.989974e-02,1.615142e-02,5.927630e-03,3.103717e-02,1.466523e-01,1.969633e-01,9.891614e-03,1.812991e-02,2.766877e-02,3.565819e-03,5.781258e-02
1.711635e-01,1.943477e-02,1.119875e-01,5.886708e-02,2.933729e-02,1.628422e-02,4.574923e-03,2.241582e-02,1.640837e-01,1.826519e-01,3.609834e-02,3.569956e-02,9.321173e-02,3.936796e-03,5.025268e-02
1.237451e-01,1.378339e-02,7.849881e-02,5.121546e-02,2.087925e-02,1.250340e-02,3.475962e-03,1.630401e-02,1.258999e-01,1.292416e-01,4.377771e-02,7.101507e-02,2.681284e-01,3.839889e-03,3.769198e-02
8.900584e-02,9.748838e-03,5.514156e-02,3.742297e-02,1.520738e-02,9.364677e-03,2.580571e-03,1.159945e-02,9.939888e-02,9.343999e-02,4.438305e-02,1.467733e-01,3.472534e-01,7.162616e-03,3.151741e-02
6.310999e-02,6.933512e-03,3.886570e-02,2.815751e-02,1.226173e-02,7.024341e-03,1.934379e-03,8.299178e-03,7.686612e-02,7.099256e-02,4.514416e-02,2.240839e-01,3.773686e-01,1.315652e-02,2.580177e-02
4.526531e-02,5.021341e-03,2.768504e-02,2.068361e-02,1.189265e-02,5.071493e-03,1.540765e-03,6.481985e-03,5.736082e-02,7.567389e-02,4.896781e-02,2.750699e-01,3.219423e-01,5.188462e-02,4.545845e-02
3.245494e-02,3.823320e-03,2.004612e-02,1.491645e-02,1.170248e-02,3.655137e-03,1.170473e-03,5.333111e-03,4.291680e-02,7.123969e-02,5.597825e-02,3.082395e-01,3.007849e-01,8.113684e-02,4.660191e-02
2.342075e-02,4.167786e-03,1.780853e-02,1.088130e-02,1.051250e-02,2.639225e-03,8.664445e-04,5.026921e-03,3.472265e-02,5.931292e-02,7.394495e-02,3.314794e-01,2.858981e-01,8.846502e-02,5.085352e-02
1.733681e-02,4.307287e-03,1.509904e-02,8.226182e-03,1.467975e-02,2.258476e-03,6.743298e-04,7.818948e-03,2.757031e-02,4.967748e-02,1.050980e-01,3.881247e-01,2.347157e-01,7.604457e-02,4.836833e-02
1.685408e-02,1.238093e-02,1.381330e-02,6.642495e-03,1.687454e-02,4.041766e-03,5.640202e-04,1.161087e-02,2.279538e-02,4.119787e-02,1.030267e-01,4.576810e-01,1.903204e-01,6.583870e-02,3.635792e-02
4.282777e-02,1.829088e-02,2.110676e-02,5.985547e-03,2.572077e-02,1.362604e-02,1.287943e-03,2.943030e-02,2.561740e-02,4.580071e-02,1.051852e-01,4.319738e-01,1.456775e-01,5.805695e-02,2.941231e-02
6.617592e-02,1.454842e-02,1.818627e-02,5.560769e-03,2.381301e-02,1.282183e-02,1.274134e-03,3.189053e-02,2.216449e-02,4.233326e-02,1.245153e-01,4.554191e-01,1.120451e-01,4.509131e-02,2.416048e-02
2.130868e-01,1.195896e-02,1.429185e-02,7.414841e-03,2.005196e-02,1.170017e-02,1.097766e-03,2.618331e-02,1.913790e-02,3.415186e-02,1.337347e-01,3.689012e-01,8.366506e-02,3.661107e-02,1.801245e-02
3.518460e-01,1.023942e-02,1.215636e-02,9.711036e-03,2.162830e-02,1.413432e-02,1.131355e-03,2.327631e-02,3.460904e-02,2.799520e-02,1.137974e-01,2.751942e-01,6.182996e-02,2.875941e-02,1.369160e-02
4.361644e-01,1.118021e-02,1.064273e-02,1.546208e-02,2.859383e-02,1.650750e-02,1.232768e-03,1.952352e-02,5.014607e-02,2.060496e-02,9.193365e-02,2.214875e-01,4.390197e-02,2.137851e-02,1.124027e-02
4.293084e-01,1.763642e-02,1.657943e-02,1.603348e-02,2.671605e-02,1.543997e-02,1.996877e-03,6.088543e-02,7.878037e-02,1.681246e-02,8.824789e-02,1.691931e-01,3.332116e-02,1.947746e-02,9.571654e-03
3.868779e-01,1.983267e-02,2.193070e-02,1.668059e-02,3.664366e-02,2.105665e-02,2.135508e-03,7.295804e-02,1.435197e-01,1.295092e-02,8.404750e-02,1.292988e-01,2.633950e-02,1.772758e-02,8.000350e-03
3.118429e-01,1.941770e-02,2.556503e-02,1.920687e-02,1.011582e-01,2.338308e-02,2.769678e-03,9.895489e-02,1.705303e-01,1.020856e-02,7.771938e-02,9.577610e-02,2.292172e-02,1.403226e-02,6.513430e-03
2.297219e-01,1.419747e-02,2.054985e-02,2.256822e-02,9.950253e-02,1.782533e-02,2.830703e-03,3.044198e-01,1.223825e-01,7.281057e-03,5.658768e-02,6.957609e-02,1.766983e-02,9.997936e-03,4.889159e-03
1.717483e-01,1.029836e-02,1.555149e-02,1.999944e-02,1.020455e-01,1.491618e-02,2.866058e-03,4.544761e-01,8.703258e-02,5.175155e-03,4.107814e-02,5.023998e-02,1.372590e-02,7.089738e-03,3.757021e-03
1.262787e-01,7.331061e-03,1.138698e-02,1.700009e-02,9.903796e-02,1.444590e-02,2.361179e-03,5.743015e-01,6.123630e-02,3.678486e-03,2.911475e-02,3.549163e-02,1.065431e-02,5.016576e-03,2.664546e-03
9.452151e-02,5.207082e-03,8.298003e-03,1.358835e-02,8.859678e-02,1.210145e-02,1.874870e-03,6.710812e-01,4.299787e-02,2.632270e-03,2.056290e-02,2.497849e-02,8.139726e-03,3.537999e-03,1.881444e-03
7.181145e-02,3.685644e-03,5.969649e-03,1.036379e-02,7.354365e-02,9.346089e-03,1.393066e-03,7.501837e-01,3.015369e-02,1.862970e-03,1.449533e-02,1.754555e-02,5.823260e-03,2.495793e-03,1.326337e-03
5.539914e-02,2.602537e-03,4.244265e-03,8.161999e-03,6.419750e-02,6.979889e-03,1.019900e-03,8.055764e-01,2.113698e-02,1.311414e-03,1.020425e-02,1.231633e-02,4.159193e-03,1.757990e-03,9.321627e-04
4.223348e-02,1.839808e-03,3.024883e-03,6.736255e-03,5.977406e-02,5.079385e-03,7.492044e-04,8.441285e-01,1.481456e-02,9.225943e-04,7.187967e-03,8.643194e-03,2.973268e-03,1.237431e-03,6.553832e-04
3.361175e-02,1.311889e-03,2.353642e-03,7.893153e-03,4.561042e-02,3.745888e-03,6.104087e-04,8.791277e-01,1.040351e-02,6.497356e-04,5.086287e-03,6.110791e-03,2.139998e-03,8.770132e-04,4.678088e-04
2.919042e-02,9.408247e-04,1.981737e-03,1.058186e-02,3.556205e-02,2.804576e-03,5.588693e-04,9.001122e-01,7.313399e-03,4.608292e-04,3.617809e-03,4.334666e-03,1.575647e-03,6.294447e-04,3.355849e-04
2.589295e-02,6.819807e-04,1.859029e-03,1.038868e-02,2.767745e-02,2.070240e-03,4.839247e-04,9.179443e-01,5.146004e-03,3.278491e-04,2.585279e-03,3.077088e-03,1.160523e-03,4.607417e-04,2.439259e-04
2.474757e-02,5.214689e-04,2.209696e-03,8.725841e-03,2.133006e-02,1.520110e-03,4.436253e-04,9.311374e-01,3.647250e-03,2.452060e-04,1.868786e-03,2.207429e-03,8.724714e-04,3.347612e-04,1.882776e-04
2.534550e-02,4.266259e-04,3.380090e-03,7.336392e-03,1.698095e-02,1.137369e-03,4.601914e-04,9.380894e-01,2.609341e-03,1.925773e-04,1.364781e-03,1.609759e-03,6.660802e-04,2.463665e-04,1.546307e-04
2.300116e-02,3.338931e-04,4.075141e-03,6.397262e-03,1.381170e-02,8.614912e-04,4.487673e-04,9.460498e-01,1.876602e-03,1.577233e-04,1.003962e-03,1.164401e-03,5.008157e-04,1.848475e-04,1.324881e-04
2.138242e-02,2.611596e-04,3.424526e-03,5.222634e-03,1.132587e-02,6.896871e-04,3.889787e-04,9.535407e-01,1.364227e-03,1.413694e-04,7.411182e-04,8.469166e-04,3.907569e-04,1.424017e-04,1.372031e-04
2.023535e-02,2.131702e-04,2.750506e-03,4.048976e-03,9.521918e-03,5.475710e-04,3.459588e-04,9.593517e-01,9.844693e-04,1.099888e-04,6.234522e-04,6.427472e-04,3.365994e-04,1.178222e-04,1.697850e-04
2.342816e-02,2.251162e-04,2.261112e-03,3.113259e-03,7.842720e-03,5.390258e-04,3.544790e-04,9.593509e-01,7.461628e-04,1.383456e-04,6.033198e-04,5.558949e-04,3.389760e-04,1.270877e-04,3.754675e-04
3.000778e-02,2.395053e-04,2.124534e-03,2.477864e-03,6.556702e-03,5.331899e-04,4.433139e-04,9.546466e-01,5.622081e-04,1.524378e-04,5.820646e-04,5.695476e-04,3.539242e-04,1.395100e-04,6.108187e-04
4.007032e-02,2.736102e-04,2.095475e-03,2.028216e-03,5.549737e-03,6.163308e-04,5.411993e-04,9.457116e-01,4.351905e-04,1.628933e-04,5.741533e-04,5.893504e-04,3.800998e-04,1.459727e-04,8.257875e-04
4.894634e-02,2.829778e-04,1.861810e-03,1.693590e-03,4.787300e-03,6.596360e-04,5.448414e-04,9.381927e-01,3.403465e-04,1.476342e-04,5.558940e-04,5.500952e-04,3.776774e-04,1.467804e-04,9.123247e-04
6.970255e-02,2.812002e-04,2.311251e-03,1.549213e-03,4.029143e-03,7.362152e-04,7.905810e-04,9.175225e-01,2.960308e-04,1.538389e-04,5.342419e-04,5.953884e-04,3.838899e-04,1.676564e-04,9.462666e-04
1.074725e-01,3.885848e-04,2.291906e-03,1.511223e-03,3.745792e-03,9.695656e-04,8.704343e-04,8.787240e-01,2.782402e-04,1.711348e-04,6.165832e-04,9.618778e-04,5.627710e-04,2.206382e-04,1.214670e-03
1.601089e-01,8.108843e-04,2.193950e-03,1.569231e-03,3.892073e-03,1.672842e-03,1.128680e-03,8.178980e-01,4.169338e-04,3.324672e-04,1.515644e-03,3.334349e-03,1.950337e-03,4.861557e-04,2.689523e-03
2.607585e-01,8.229646e-04,1.861840e-03,1.483488e-03,3.303971e-03,1.845993e-03,1.198619e-03,7.089305e-01,6.043817e-04,5.007301e-04,2.490690e-03,6.987745e-03,5.472268e-03,9.141475e-04,2.824062e-03
3.356208e-01,8.170341e-04,1.595514e-03,1.397084e-03,3.163511e-03,2.148577e-03,1.134919e-03,6.347172e-01,7.527068e-04,5.201228e-04,2.376736e-03,6.595613e-03,5.846275e-03,8.422959e-04,2.471614e-03
