1.000000e+00,0.000000e+00,0.000000e+00,0.000000e+00,0.000000e+00,0.000000e+00,0.000000e+00,0.000000e+00,0.000000e+00,0.000000e+00,0.000000e+00,0.000000e+00,0.000000e+00,0.000000e+00,0.000000e+00
1.000000e+00,0.000000e+00,0.000000e+00,0.000000e+00,0.000000e+00,0.000000e+00,0.000000e+00,0.000000e+00,0.000000e+00,0.000000e+00,0.000000e+00,0.000000e+00,0.000000e+00,0.000000e+00,0.000000e+00
1.000000e+00,0.000000e+00,0.000000e+00,0.000000e+00,0.000000e+00,0.000000e+00,0.000000e+00,0.000000e+00,0.000000e+00,0.000000e+00,0.000000e+00,0.000000e+00,0.000000e+00,0.000000e+00,0.000000e+00
1.000000e+00,0.000000e+00,0.000000e+00,0.000000e+00,0.000000e+00,0.000000e+00,0.000000e+00,0.000000e+00,0.000000e+00,0.000000e+00,0.000000e+00,0.000000e+00,0.000000e+00,0.000000e+00,0.000000e+00
1.000000e+00,0.000000e+00,0.000000e+00,0.000000e+00,0.000000e+00,0.000000e+00,0.000000e+00,0.000000e+00,0.000000e+00,0.000000e+00,0.000000e+00,0.000000e+00,0.000000e+00,0.000000e+00,0.000000e+00
1.000000e+00,0.000000e+00,0.000000e+00,0.000000e+00,0.000000e+00,0.000000e+00,0.000000e+00,0.000000e+00,0.000000e+00,0.000000e+00,0.000000e+00,0.000000e+00,0.000000e+00,0.000000e+00,0.000000e+00
1.000000e+00,0.000000e+00,0.000000e+00,0.000000e+00,0.000000e+00,0.000000e+00,0.000000e+00,0.000000e+00,0.000000e+00,0.000000e+00,0.000000e+00,0.000000e+00,0.000000e+00,0.000000e+00,0.000000e+00
1.000000e+00,0.000000e+00,0.000000e+00,0.000000e+00,0.000000e+00,0.000000e+00,0.000000e+00,0.000000e+00,0.000000e+00,0.000000e+00,0.000000e+00,0.000000e+00,0.000000e+00,0.000000e+00,0.000000e+00
1.000000e+00,0.000000e+00,0.000000e+00,0.000000e+00,0.000000e+00,0.000000e+00,0.000000e+00,0.000000e+00,0.000000e+00,0.000000e+00,0.000000e+00,0.000000e+00,0.000000e+00,0.000000e+00,0.000000e+00
1.000000e+00,0.000000e+00,0.000000e+00,0.000000e+00,0.000000e+00,0.000000e+00,0.000000e+00,0.000000e+00,0.000000e+00,0.000000e+00,0.000000e+00,0.000000e+00,0.000000e+00,0.000000e+00,0.000000e+00
1.000000e+00,0.000000e+00,0.000000e+00,0.000000e+00,0.000000e+00,0.000000e+00,0.000000e+00,0.000000e+00,0.000000e+00,0.000000e+00,0.000000e+00,0.000000e+00,0.000000e+00,0.000000e+00,0.000000e+00
1.000000e+00,0.000000e+00,0.000000e+00,0.000000e+00,0.000000e+00,0.000000e+00,0.000000e+00,0.000000e+00,0.000000e+00,0.000000e+00,0.000000e+00,0.000000e+00,0.000000e+00,0.000000e+00,0.000000e+00
1.000000e+00,0.000000e+00,0.000000e+00,0.000000e+00,0.000000e+00,0.000000e+00,0.000000e+00,0.000000e+00,0.000000e+00,0.000000e+00,0.000000e+00,0.000000e+00,0.000000e+00,0.000000e+00,0.000000e+00
1.000000e+00,0.000000e+00,0.000000e+00,0.000000e+00,0.000000e+00,0.000000e+00,0.000000e+00,0.000000e+00,0.000000e+00,0.000000e+00,0.000000e+00,0.000000e+00,0.000000e+00,0.000000e+00,0.000000e+00
1.000000e+00,0.000000e+00,0.000000e+00,0.000000e+00,0.000000e+00,0.000000e+00,0.000000e+00,0.000000e+00,0.000000e+00,0.000000e+00,0.000000e+00,0.000000e+00,0.000000e+00,0.000000e+00,0.000000e+00
1.000000e+00,0.000000e+00,0.000000e+00,0.000000e+00,0.000000e+00,0.000000e+00,0.000000e+00,0.000000e+00,0.000000e+00,0.000000e+00,0.000000e+00,0.000000e+00,0.000000e+00,0.000000e+00,0.000000e+00
1.000000e+00,0.000000e+00,0.000000e+00,0.000000e+00,0.000000e+00,0.000000e+00,0.000000e+00,0.000000e+00,0.000000e+00,0.000000e+00,0.000000e+00,0.000000e+00,0.000000e+00,0.000000e+00,0.000000e+00
1.000000e+00,0.000000e+00,0.000000e+00,0.000000e+00,0.000000e+00,0.000000e+00,0.000000e+00,0.000000e+00,0.000000e+00,0.000000e+00,0.000000e+00,0.000000e+00,0.000000e+00,0.000000e+00,0.000000e+00
1.000000e+00,0.000000e+00,0.000000e+00,0.000000e+00,0.000000e+00,0.000000e+00,0.000000e+00,0.000000e+00,0.000000e+00,0.000000e+00,0.000000e+00,0.000000e+00,0.000000e+00,0.000000e+00,0.000000e+00
1.000000e+00,0.000000e+00,0.000000e+00,0.000000e+00,0.000000e+00,0.000000e+00,0.000000e+00,0.000000e+00,0.000000e+00,0.000000e+00,0.000000e+00,0.000000e+00,0.000000e+00,0.000000e+00,0.000000e+00
1.000000e+00,0.000000e+00,0.000000e+00,0.000000e+00,0.000000e+00,0.000000e+00,0.000000e+00,0.000000e+00,0.000000e+00,0.000000e+00,0.000000e+00,0.000000e+00,0.000000e+00,0.000000e+00,0.000000e+00
1.000000e+00,0.000000e+00,0.000000e+00,0.000000e+00,0.000000e+00,0.000000e+00,0.000000e+00,0.000000e+00,0.000000e+00,0.000000e+00,0.000000e+00,0.000000e+00,0.000000e+00,0.000000e+00,0.000000e+00
1.000000e+00,0.000000e+00,0.000000e+00,0.000000e+00,0.000000e+00,0.000000e+00,0.000000e+00,0.000000e+00,0.000000e+00,0.000000e+00,0.000000e+00,0.000000e+00,0.000000e+00,0.000000e+00,0.000000e+00
1.000000e+00,0.000000e+00,0.000000e+00,0.000000e+00,0.000000e+00,0.000000e+00,0.000000e+00,0.000000e+00,0.000000e+00,0.000000e+00,0.000000e+00,0.000000e+00,0.000000e+00,0.000000e+00,0.000000e+00
1.000000e+00,0.000000e+00,0.000000e+00,0.000000e+00,0.000000e+00,0.000000e+00,0.000000e+00,0.000000e+00,0.000000e+00,0.000000e+00,0.000000e+00,0.000000e+00,0.000000e+00,0.000000e+00,0.000000e+00
1.000000e+00,0.000000e+00,0.000000e+00,0.000000e+00,0.000000e+00,0.000000e+00,0.000000e+00,0.000000e+00,0.000000e+00,0.000000e+00,0.000000e+00,0.000000e+00,0.000000e+00,0.000000e+00,0.000000e+00
1.000000e+00,0.000000e+00,0.000000e+00,0.000000e+00,0.000000e+00,0.000000e+00,0.000000e+00,0.000000e+00,0.000000e+00,0.000000e+00,0.000000e+00,0.000000e+00,0.000000e+00,0.000000e+00,0.000000e+00
1.000000e+00,0.000000e+00,0.000000e+00,0.000000e+00,0.000000e+00,0.000000e+00,0.000000e+00,0.000000e+00,0.000000e+00,0.000000e+00,0.000000e+00,0.000000e+00,0.000000e+00,0.000000e+00,0.000000e+00
1.000000e+00,0.000000e+00,0.000000e+00,0.000000e+00,0.000000e+00,0.000000e+00,0.000000e+00,0.000000e+00,0.000000e+00,0.000000e+00,0.000000e+00,0.000000e+00,0.000000e+00,0.000000e+00,0.000000e+00
1.000000e+00,0.000000e+00,0.000000e+00,0.000000e+00,0.000000e+00,0.000000e+00,0.000000e+00,0.000000e+00,0.000000e+00,0.000000e+00,0.000000e+00,0.000000e+00,0.000000e+00,0.000000e+00,0.000000e+00
1.000000e+00,0.000000e+00,0.000000e+00,0.000000e+00,0.000000e+00,0.000000e+00,0.000000e+00,0.000000e+00,0.000000e+00,0.000000e+00,0.000000e+00,0.000000e+00,0.000000e+00,0.000000e+00,0.000000e+00
1.000000e+00,0.000000e+00,0.000000e+00,0.000000e+00,0.000000e+00,0.000000e+00,0.000000e+00,0.000000e+00,0.000000e+00,0.000000e+00,0.000000e+00,0.000000e+00,0.000000e+00,0.000000e+00,0.000000e+00
1.000000e+00,0.000000e+00,0.000000e+00,0.000000e+00,0.000000e+00,0.000000e+00,0.000000e+00,0.000000e+00,0.000000e+00,0.000000e+00,0.000000e+00,0.000000e+00,0.000000e+00,0.000000e+00,0.000000e+00
1.000000e+00,0.000000e+00,0.000000e+00,0.000000e+00,0.000000e+00,0.000000e+00,0.000000e+00,0.000000e+00,0.000000e+00,0.000000e+00,0.000000e+00,0.000000e+00,0.000000e+00,0.000000e+00,0.000000e+00
1.000000e+00,0.000000e+00,0.000000e+00,0.000000e+00,0.000000e+00,0.000000e+00,0.000000e+00,0.000000e+00,0.000000e+00,0.000000e+00,0.000000e+00,0.000000e+00,0.000000e+00,0.000000e+00,0.000000e+00
1.000000e+00,0.000000e+00,0.000000e+00,0.000000e+00,0.000000e+00,0.000000e+00,0.000000e+00,0.000000e+00,0.000000e+00,0.000000e+00,0.000000e+00,0.000000e+00,0.000000e+00,0.000000e+00,0.000000e+00
1.000000e+00,0.000000e+00,0.000000e+00,0.000000e+00,0.000000e+00,0.000000e+00,0.000000e+00,0.000000e+00,0.000000e+00,0.000000e+00,0.000000e+00,0.000000e+00,0.000000e+00,0.000000e+00,0.000000e+00
1.000000e+00,0.000000e+00,0.000000e+00,0.000000e+00,0.000000e+00,0.000000e+00,0.000000e+00,0.000000e+00,0.000000e+00,0.000000e+00,0.000000e+00,0.000000e+00,0.000000e+00,0.000000e+00,0.000000e+00
1.000000e+00,0.000000e+00,0.000000e+00,0.000000e+00,0.000000e+00,0.000000e+00,0.000000e+00,0.000000e+00,0.000000e+00,0.000000e+00,0.000000e+00,0.000000e+00,0.000000e+00,0.000000e+00,0.000000e+00
1.000000e+00,0.000000e+00,0.000000e+00,0.000000e+00,0.000000e+00,0.000000e+00,0.000000e+00,0.000000e+00,0.000000e+00,0.000000e+00,0.000000e+00,0.000000e+00,0.000000e+00,0.000000e+00,0.000000e+00
1.000000e+00,0.000000e+00,0.000000e+00,0.000000e+00,0.000000e+00,0.000000e+00,0.000000e+00,0.000000e+00,0.000000e+00,0.000000e+00,0.000000e+00,0.000000e+00,0.000000e+00,0.000000e+00,0.000000e+00
1.000000e+00,0.000000e+00,0.000000e+00,0.000000e+00,0.000000e+00,0.000000e+00,0.000000e+00,0.000000e+00,0.000000e+00,0.000000e+00,0.000000e+00,0.000000e+00,0.000000e+00,0.000000e+00,0.000000e+00
1.000000e+00,0.000000e+00,0.000000e+00,0.000000e+00,0.000000e+00,0.000000e+00,0.000000e+00,0.000000e+00,0.000000e+00,0.000000e+00,0.000000e+00,0.000000e+00,0.000000e+00,0.000000e+00,0.000000e+00
1.000000e+00,0.000000e+00,0.000000e+00,0.000000e+00,0.000000e+00,0.000000e+00,0.000000e+00,0.000000e+00,0.000000e+00,0.000000e+00,0.000000e+00,0.000000e+00,0.000000e+00,0.000000e+00,0.000000e+00
1.000000e+00,0.000000e+00,0.000000e+00,0.000000e+00,0.000000e+00,0.000000e+00,0.000000e+00,0.000000e+00,0.000000e+00,0.000000e+00,0.000000e+00,0.000000e+00,0.000000e+00,0.000000e+00,0.000000e+00
1.000000e+00,0.000000e+00,0.000000e+00,0.000000e+00,0.000000e+00,0.000000e+00,0.000000e+00,0.000000e+00,0.000000e+00,0.000000e+00,0.000000e+00,0.000000e+00,0.000000e+00,0.000000e+00,0.000000e+00
1.000000e+00,0.000000e+00,0.000000e+00,0.000000e+00,0.000000e+00,0.000000e+00,0.000000e+00,0.000000e+00,0.000000e+00,0.000000e+00,0.000000e+00,0.000000e+00,0.000000e+00,0.000000e+00,0.000000e+00
1.000000e+00,0.000000e+00,0.000000e+00,0.000000e+00,0.000000e+00,0.000000e+00,0.000000e+00,0.000000e+00,0.000000e+00,0.000000e+00,0.000000e+00,0.000000e+00,0.000000e+00,0.000000e+00,0.000000e+00
1.000000e+00,0.000000e+00,0.000000e+00,0.000000e+00,0.000000e+00,0.000000e+00,0.000000e+00,0.000000e+00,0.000000e+00,0.000000e+00,0.000000e+00,0.000000e+00,0.000000e+00,0.000000e+00,0.000000e+00
1.000000e+00,0.000000e+00,0.000000e+00,0.000000e+00,0.000000e+00,0.000000e+00,0.000000e+00,0.000000e+00,0.000000e+00,0.000000e+00,0.000000e+00,0.000000e+00,0.000000e+00,0.000000e+00,0.000000e+00
1.000000e+00,0.000000e+00,0.000000e+00,0.000000e+00,0.000000e+00,0.000000e+00,0.000000e+00,0.000000e+00,0.000000e+00,0.000000e+00,0.000000e+00,0.000000e+00,0.000000e+00,0.000000e+00,0.000000e+00
1.000000e+00,0.000000e+00,0.000000e+00,0.000000e+00,0.000000e+00,0.000000e+00,0.000000e+00,0.000000e+00,0.000000e+00,0.000000e+00,0.000000e+00,0.000000e+00,0.000000e+00,0.000000e+00,0.000000e+00
1.000000e+00,0.000000e+00,0.000000e+00,0.000000e+00,0.000000e+00,0.000000e+00,0.000000e+00,0.000000e+00,0.000000e+00,0.000000e+00,0.000000e+00,0.000000e+00,0.000000e+00,0.000000e+00,0.000000e+00
1.000000e+00,0.000000e+00,0.000000e+00,0.000000e+00,0.000000e+00,0.000000e+00,0.000000e+00,0.000000e+00,0.000000e+00,0.000000e+00,0.000000e+00,0.000000e+00,0.000000e+00,0.000000e+00,0.000000e+00
1.000000e+00,0.000000e+00,0.000000e+00,0.000000e+00,0.000000e+00,0.000000e+00,0.000000e+00,0.000000e+00,0.000000e+00,0.000000e+00,0.000000e+00,0.000000e+00,0.000000e+00,0.000000e+00,0.000000e+00
4.691259e-01,2.744851e-02,2.819894e-02,1.070281e-01,7.294301e-03,1.557454e-02,2.876483e-03,9.210944e-03,7.298844e-03,4.646796e-02,2.453542e-02,2.105783e-01,1.983175e-02,3.727873e-03,2.080218e-02
3.473099e-01,2.546907e-02,2.045870e-02,8.152832e-02,6.449699e-03,2.229929e-02,2.326252e-03,6.804377e-03,5.795219e-03,6.470954e-02,3.209446e-02,3.424439e-01,1.828092e-02,4.212464e-03,1.981788e-02
2.460495e-01,1.926218e-02,1.500316e-02,6.192373e-02,6.720309e-03,1.736734e-02,1.795432e-03,5.188537e-03,5.854683e-03,4.987364e-02,4.536179e-02,4.812292e-01,1.522405e-02,1.364649e-02,1.549998e-02
1.882042e-01,1.405868e-02,1.088683e-02,4.515469e-02,5.883955e-03,1.499894e-02,1.385225e-03,3.833755e-03,5.235562e-03,3.714265e-02,5.756681e-02,5.805001e-01,1.129396e-02,1.221224e-02,1.164237e-02
1.423142e-01,1.013060e-02,7.762495e-03,3.239748e-02,4.991184e-03,1.313895e-02,1.016569e-03,2.821738e-03,4.779726e-03,2.657005e-02,7.451907e-02,6.522794e-01,8.234656e-03,1.039648e-02,8.647374e-03
1.034690e-01,7.974361e-03,5.851899e-03,2.297184e-02,5.206754e-03,1.022300e-02,7.595347e-04,2.183031e-03,3.873925e-03,1.910086e-02,1.154978e-01,6.815161e-01,5.985640e-03,8.859000e-03,6.527269e-03
7.680088e-02,5.910156e-03,4.297075e-03,1.647139e-02,4.544223e-03,7.946339e-03,6.045410e-04,1.842052e-03,3.228327e-03,1.386311e-02,1.130856e-01,7.339174e-01,4.505315e-03,7.962881e-03,5.020739e-03
6.170881e-02,5.804329e-03,3.486168e-03,1.234362e-02,6.857580e-03,6.310322e-03,1.093611e-03,2.002544e-03,3.911464e-03,1.066266e-02,1.061667e-01,7.635045e-01,3.910829e-03,7.334174e-03,4.902777e-03
5.791212e-02,8.829843e-03,4.564246e-03,1.092589e-02,1.055309e-02,7.057076e-03,1.820646e-03,2.584446e-03,6.493420e-03,8.630672e-03,1.036354e-01,7.595698e-01,3.562093e-03,6.865603e-03,6.995778e-03
6.462264e-02,9.700874e-03,4.257064e-03,9.357260e-03,1.098243e-02,7.948251e-03,2.528966e-03,3.028338e-03,6.834492e-03,6.789324e-03,1.296851e-01,7.262426e-01,3.642448e-03,7.430675e-03,6.949567e-03
6.056860e-02,1.009800e-02,6.735050e-03,7.673836e-03,1.484067e-02,8.358188e-03,3.270473e-03,4.432396e-03,6.890599e-03,6.416364e-03,1.328803e-01,7.211070e-01,3.044168e-03,7.300097e-03,6.384233e-03
5.254546e-02,1.401839e-02,7.017596e-03,6.632795e-03,3.150658e-02,7.392142e-03,2.830134e-03,5.581053e-03,7.888806e-03,6.253329e-03,1.676886e-01,6.715783e-01,2.415053e-03,9.258667e-03,7.393055e-03
3.901732e-02,1.396718e-02,6.180285e-03,5.030985e-03,6.711609e-02,6.183957e-03,2.760902e-03,6.865103e-03,1.182243e-02,6.094441e-03,1.662097e-01,6.505835e-01,2.034160e-03,9.831961e-03,6.301929e-03
3.298354e-02,1.428181e-02,5.684605e-03,4.081124e-03,8.513239e-02,6.592806e-03,2.858843e-03,1.271282e-02,1.634408e-02,4.879227e-03,1.423496e-01,6.564958e-01,1.779477e-03,8.727594e-03,5.096223e-03
2.818573e-02,1.261648e-02,7.227178e-03,3.513474e-03,8.476023e-02,8.287995e-03,4.657285e-03,3.426066e-02,1.789607e-02,4.719433e-03,1.150853e-01,6.657408e-01,1.826459e-03,7.300333e-03,3.922537e-03
4.810226e-02,1.595754e-02,9.165823e-03,3.912400e-03,7.857072e-02,1.125925e-02,9.644531e-03,4.318969e-02,2.157745e-02,8.804755e-03,1.643058e-01,5.717136e-01,2.219972e-03,6.691569e-03,4.884657e-03
7.361019e-02,2.600076e-02,1.107751e-02,4.871372e-03,7.351849e-02,1.238710e-02,1.025345e-02,4.259188e-02,2.656712e-02,1.071250e-02,2.052131e-01,4.817590e-01,2.974964e-03,6.450813e-03,1.201174e-02
5.825682e-02,4.451108e-02,3.324084e-02,4.210266e-03,7.669357e-02,4.830853e-02,1.367767e-02,3.931555e-02,3.405630e-02,3.199463e-02,2.135446e-01,3.749681e-01,3.982887e-03,5.866836e-03,1.737234e-02
4.785107e-02,3.957624e-02,4.726116e-02,4.120497e-03,8.947229e-02,4.789305e-02,1.650680e-02,4.563689e-02,4.261067e-02,1.419606e-01,1.734634e-01,2.711593e-01,4.654355e-03,5.305190e-03,2.252857e-02
5.617500e-02,3.984702e-02,4.431010e-02,4.086579e-03,1.003103e-01,5.281642e-02,1.309956e-02,3.809052e-02,4.553078e-02,2.176479e-01,1.378512e-01,1.909002e-01,4.636724e-03,4.237788e-03,5.045986e-02
5.134114e-02,5.747983e-02,4.215165e-02,8.428588e-03,8.542553e-02,4.284799e-02,9.817629e-03,3.010410e-02,6.103087e-02,2.668311e-01,9.826871e-02,1.353046e-01,7.587532e-03,3.148699e-03,1.002320e-01
6.367518e-02,7.977749e-02,3.381249e-02,1.066977e-02,8.151005e-02,3.984462e-02,7.421714e-03,2.396898e-02,6.457657e-02,2.443510e-01,7.331339e-02,9.575238e-02,9.217205e-03,2.450481e-03,1.696587e-01
7.426545e-02,8.110145e-02,5.019227e-02,3.102251e-02,1.415176e-01,3.993481e-02,7.566437e-03,5.453504e-02,7.701343e-02,1.767444e-01,5.547089e-02,6.834538e-02,7.263851e-03,1.987501e-03,1.330389e-01
9.645897e-02,6.636060e-02,1.181424e-01,7.371102e-02,1.242265e-01,3.518158e-02,6.569217e-03,5.975094e-02,6.558725e-02,1.414287e-01,4.050491e-02,4.894197e-02,5.918697e-03,1.577752e-03,1.156396e-01
9.042554e-02,5.091296e-02,1.602414e-01,5.816557e-02,1.177138e-01,3.044636e-02,5.227562e-03,1.795518e-01,5.211247e-02,1.018220e-01,2.968215e-02,3.490679e-02,4.570142e-03,1.266112e-03,8.295543e-02
7.603673e-02,4.668728e-02,1.805362e-01,4.505363e-02,9.820317e-02,2.490813e-02,4.131373e-03,2.966765e-01,4.296583e-02,7.304882e-02,2.224614e-02,2.466386e-02,3.371518e-03,1.503358e-03,5.996747e-02
6.118844e-02,3.595051e-02,1.422651e-01,3.370383e-02,8.312346e-02,1.830358e-02,3.320049e-03,4.594503e-01,3.224971e-02,5.127424e-02,1.577262e-02,1.739640e-02,2.506913e-03,1.220348e-03,4.227455e-02
4.653611e-02,2.642338e-02,1.054313e-01,2.403147e-02,6.613031e-02,1.322896e-02,2.622145e-03,6.005696e-01,2.313348e-02,3.596688e-02,1.112200e-02,1.220738e-02,1.966471e-03,9.711657e-04,2.965932e-02
3.509888e-02,1.943095e-02,7.631140e-02,1.732171e-02,5.053128e-02,9.781968e-03,2.140251e-03,7.076856e-01,1.671218e-02,2.532541e-02,7.874641e-03,8.569994e-03,1.635341e-03,7.562036e-04,2.082421e-02
2.838697e-02,1.425599e-02,5.530066e-02,1.254662e-02,3.842143e-02,7.351949e-03,2.157619e-03,7.833828e-01,1.190711e-02,1.787770e-02,5.608954e-03,6.031684e-03,1.391605e-03,6.621587e-04,1.471675e-02
2.191398e-02,1.010251e-02,3.926932e-02,9.010376e-03,2.776296e-02,5.402329e-03,1.761589e-03,8.437333e-01,8.440883e-03,1.253720e-02,3.971114e-03,4.235939e-03,1.008207e-03,5.134712e-04,1.033674e-02
1.789684e-02,7.130794e-03,2.803398e-02,6.491560e-03,2.004628e-02,4.070492e-03,1.530229e-03,8.858145e-01,5.994512e-03,8.785876e-03,2.835104e-03,2.976805e-03,7.308468e-04,4.016001e-04,7.260556e-03
1.494798e-02,5.032991e-03,2.043922e-02,4.801960e-03,1.477410e-02,3.071891e-03,1.567788e-03,9.147663e-01,4.319793e-03,6.160123e-03,2.042522e-03,2.103199e-03,5.503431e-04,3.083552e-04,5.113353e-03
1.215787e-02,3.559650e-03,1.494292e-02,3.562950e-03,1.109401e-02,2.306587e-03,1.466278e-03,9.362779e-01,3.073920e-03,4.322257e-03,1.491282e-03,1.493886e-03,4.183317e-04,2.304223e-04,3.601655e-03
9.731969e-03,2.508809e-03,1.141193e-02,2.694532e-03,8.200484e-03,1.776565e-03,1.246127e-03,9.519227e-01,2.171480e-03,3.040083e-03,1.097049e-03,1.102815e-03,3.780863e-04,1.748655e-04,2.542494e-03
8.038532e-03,1.774099e-03,8.930145e-03,2.126678e-03,6.088553e-03,1.366088e-03,1.035492e-03,9.631083e-01,1.555377e-03,2.143463e-03,7.949331e-04,8.105609e-04,3.043737e-04,1.316030e-04,1.791788e-03
6.857509e-03,1.254266e-03,6.452756e-03,1.635238e-03,4.704243e-03,1.024688e-03,9.235983e-04,9.717200e-01,1.134777e-03,1.510468e-03,5.816169e-04,5.877528e-04,2.486455e-04,9.851815e-05,1.265910e-03
6.124601e-03,8.850112e-04,4.589814e-03,1.241599e-03,3.972550e-03,8.615304e-04,9.514889e-04,9.773895e-01,8.638895e-04,1.065191e-03,4.451675e-04,4.295055e-04,2.068547e-04,7.223585e-05,9.009935e-04
6.345276e-03,6.282224e-04,3.258365e-03,9.931463e-04,3.481878e-03,7.637057e-04,8.036722e-04,9.807142e-01,6.654102e-04,7.522115e-04,3.760652e-04,3.241532e-04,1.899398e-04,5.381350e-05,6.499017e-04
7.390567e-03,4.537961e-04,2.312693e-03,8.013687e-04,2.791473e-03,6.317536e-04,6.083651e-04,9.825813e-01,5.402658e-04,5.323223e-04,3.359105e-04,2.858976e-04,1.994021e-04,4.333247e-05,4.916092e-04
7.804886e-03,3.321934e-04,1.637321e-03,7.374479e-04,2.305502e-03,5.060253e-04,4.465395e-04,9.843527e-01,4.144881e-04,3.745620e-04,2.825501e-04,2.307121e-04,1.840368e-04,3.210820e-05,3.589727e-04
7.596247e-03,2.548257e-04,1.168921e-03,7.649715e-04,2.019096e-03,4.180865e-04,3.248471e-04,9.860176e-01,3.112351e-04,2.636274e-04,2.237586e-04,1.836030e-04,1.652614e-04,2.387262e-05,2.640972e-04
2.911225e-02,1.348517e-03,1.110829e-03,1.287021e-02,4.002739e-03,1.263554e-03,3.123010e-04,9.208499e-01,1.211782e-02,6.697230e-04,3.351582e-03,4.215798e-03,7.332901e-03,1.564611e-04,1.285402e-03
3.770187e-02,1.776957e-03,1.556824e-03,2.145205e-02,6.676947e-03,1.345173e-03,3.323361e-04,8.957564e-01,1.151365e-02,7.116939e-04,4.264761e-03,5.011374e-03,1.030406e-02,1.702482e-04,1.425707e-03
6.193885e-02,1.713043e-03,2.843293e-03,2.067297e-02,9.084260e-03,1.620797e-03,7.016224e-04,8.696412e-01,8.768662e-03,6.045930e-04,5.020339e-03,5.630574e-03,1.043895e-02,1.677368e-04,1.153142e-03
1.269405e-01,3.849089e-03,3.207529e-03,1.580012e-02,1.521671e-02,3.749867e-03,1.702794e-03,7.944958e-01,6.420758e-03,4.602856e-04,4.556915e-03,4.424378e-03,1.787853e-02,1.677681e-04,1.129010e-03
2.090589e-01,4.634059e-03,3.050320e-03,1.361001e-02,1.979608e-02,7.634336e-03,2.262122e-03,5.993374e-01,5.474424e-03,4.351940e-04,7.468198e-03,8.376425e-03,1.164405e-01,3.162668e-04,2.105826e-03
2.838392e-01,4.932862e-03,2.878792e-03,1.101910e-02,2.227033e-02,1.049674e-02,3.297301e-03,4.374179e-01,5.413393e-03,5.900200e-04,8.938080e-03,1.343806e-02,1.920908e-01,3.997118e-04,2.977749e-03
2.977023e-01,4.567823e-03,2.431517e-03,8.318363e-03,2.527717e-02,9.078779e-03,3.293760e-03,3.151238e-01,4.776716e-03,5.974886e-04,9.049265e-03,1.639622e-02,2.997623e-01,4.026461e-04,3.221737e-03
3.073670e-01,4.123695e-03,2.156273e-03,6.964308e-03,2.096684e-02,1.063083e-02,3.583858e-03,2.251628e-01,5.193714e-03,1.151821e-03,9.155941e-03,2.082572e-02,3.781365e-01,7.703825e-04,3.810286e-03
3.212086e-01,3.644449e-03,3.193845e-03,5.962311e-03,1.882544e-02,1.145875e-02,4.294589e-03,1.646738e-01,4.887300e-03,1.239166e-03,8.026019e-03,2.013014e-02,4.276560e-01,1.211154e-03,3.588449e-03
2.705060e-01,3.123362e-03,2.472232e-03,4.534584e-03,1.706281e-02,1.034151e-02,3.393744e-03,1.164513e-01,4.219546e-03,9.836050e-04,6.028775e-03,2.356769e-02,5.329402e-01,1.096319e-03,3.278406e-03
2.865649e-01,3.105539e-03,2.038139e-03,3.638908e-03,1.762855e-02,1.102507e-02,3.585479e-03,8.353553e-02,3.751197e-03,8.339437e-04,4.791875e-03,3.487715e-02,5.409948e-01,9.473811e-04,2.681615e-03
3.472297e-01,3.203048e-03,2.752834e-03,3.047488e-03,1.591813e-02,1.495086e-02,4.052330e-03,6.023002e-02,3.421932e-03,6.988882e-04,4.231321e-03,3.438535e-02,5.017431e-01,1.386276e-03,2.748785e-03
4.274293e-01,2.802149e-03,2.564668e-03,2.736109e-03,1.233083e-02,1.586759e-02,3.795066e-03,4.300569e-02,3.292658e-03,9.043434e-04,4.726345e-03,3.071236e-02,4.451821e-01,1.705735e-03,2.945041e-03
4.380549e-01,2.744759e-03,2.269430e-03,2.594093e-03,1.030623e-02,1.356076e-02,3.511706e-03,3.090310e-02,3.162191e-03,9.677474e-04,4.367438e-03,3.017249e-02,4.526032e-01,1.976942e-03,2.805047e-03
4.090061e-01,2.552225e-03,1.864998e-03,2.120444e-03,9.014922e-03,1.143656e-02,3.564831e-03,2.265281e-02,3.001347e-03,1.089697e-03,4.438100e-03,3.952540e-02,4.843181e-01,2.182724e-03,3.231689e-03
3.768773e-01,3.556819e-03,1.894587e-03,2.395013e-03,8.198919e-03,1.190555e-02,5.090631e-03,1.733772e-02,6.948343e-03,1.865431e-03,5.499141e-03,6.657037e-02,4.837238e-01,3.205867e-03,4.930463e-03
3.024266e-01,3.068155e-03,1.485454e-03,2.096049e-03,6.469604e-03,9.873427e-03,4.596819e-03,1.341384e-02,6.262950e-03,1.810484e-03,5.057185e-03,7.652201e-02,5.586938e-01,3.007648e-03,5.215962e-03
2.294470e-01,2.745994e-03,1.631841e-03,1.624987e-03,5.287933e-03,9.569949e-03,3.891200e-03,9.661273e-03,5.779789e-03,1.902642e-03,4.319448e-03,7.229241e-02,6.441267e-01,3.303526e-03,4.415401e-03
1.661475e-01,2.119691e-03,1.244707e-03,1.205794e-03,4.002658e-03,8.105824e-03,2.862618e-03,6.817640e-03,4.877651e-03,1.935329e-03,4.051565e-03,1.074556e-01,6.805077e-01,3.780173e-03,4.885701e-03
1.216315e-01,1.793628e-03,1.105145e-03,8.924377e-04,3.192940e-03,6.095279e-03,2.107506e-03,4.823696e-03,4.913500e-03,4.447066e-03,4.634055e-03,1.470544e-01,6.856788e-01,4.342280e-03,7.287769e-03
8.663861e-02,1.674841e-03,1.201956e-03,6.584242e-04,2.906741e-03,4.742898e-03,1.853450e-03,3.457835e-03,6.487340e-03,9.037560e-03,4.823787e-03,2.965472e-01,5.676754e-01,4.209855e-03,8.084127e-03
6.128569e-02,1.501173e-03,1.271206e-03,5.222933e-04,3.004304e-03,4.064366e-03,1.534067e-03,2.527939e-03,9.045901e-03,1.588089e-02,5.007904e-03,4.225308e-01,4.604855e-01,3.771984e-03,7.566008e-03
4.476781e-02,4.407736e-03,4.095997e-03,4.123323e-04,6.455876e-03,3.610439e-03,1.311143e-03,1.808479e-03,2.184782e-02,2.857063e-02,5.358119e-03,4.917790e-01,3.757883e-01,3.269382e-03,6.516961e-03
3.200334e-02,3.240312e-03,3.471283e-03,3.498193e-04,6.087201e-03,3.352992e-03,1.956799e-03,1.550260e-03,2.398713e-02,5.471572e-02,7.793548e-03,5.280943e-01,3.249776e-01,2.647427e-03,5.772306e-03
2.372702e-02,2.424527e-03,2.786345e-03,5.148120e-04,7.010125e-03,6.108968e-03,3.172559e-03,1.460572e-03,2.818773e-02,1.058921e-01,1.230571e-02,5.406098e-01,2.590440e-01,2.096325e-03,4.659439e-03
1.719575e-02,1.861990e-03,2.272576e-03,4.188618e-04,5.481019e-03,5.226542e-03,3.139652e-03,1.221778e-03,2.292624e-02,1.041257e-01,1.179231e-02,6.292771e-01,1.894299e-01,1.771710e-03,3.858880e-03
1.303852e-02,1.624675e-03,2.219230e-03,4.964960e-04,4.761380e-03,2.835768e-02,3.379686e-03,1.144149e-03,2.417067e-02,8.430114e-02,1.654271e-02,6.676995e-01,1.479136e-01,1.505586e-03,2.844999e-03
9.297313e-03,1.239468e-03,1.612142e-03,3.907390e-04,3.496411e-03,2.245843e-02,2.518748e-03,9.106493e-04,2.115500e-02,6.195984e-02,1.385856e-02,7.451109e-01,1.120785e-01,1.792251e-03,2.121045e-03
6.588781e-03,9.376395e-04,1.159021e-03,3.005502e-04,2.556936e-03,1.894827e-02,1.776471e-03,6.783597e-04,1.675420e-02,4.513067e-02,1.167404e-02,8.031812e-01,8.617476e-02,2.563813e-03,1.575288e-03
4.779064e-03,1.326644e-03,1.034994e-03,3.179312e-04,2.234828e-03,2.015573e-02,1.314870e-03,6.298583e-04,1.807303e-02,3.347276e-02,1.237586e-02,8.288764e-01,7.076447e-02,3.277611e-03,1.365927e-03
3.938852e-03,1.014809e-03,9.308804e-04,2.906451e-04,2.292638e-03,1.734016e-02,1.547875e-03,9.758727e-04,1.439719e-02,2.439277e-02,1.222588e-02,8.629456e-01,5.388947e-02,2.651825e-03,1.165460e-03
4.025470e-03,7.368131e-04,7.969183e-04,2.418883e-04,1.753690e-03,2.010210e-02,5.231233e-03,1.930453e-03,1.052110e-02,1.766423e-02,1.020552e-02,8.798935e-01,4.357979e-02,2.295454e-03,1.021764e-03
5.263438e-03,9.382881e-04,2.350261e-03,2.195507e-04,1.795670e-03,2.073458e-02,4.896993e-03,2.956237e-03,8.896136e-03,1.332834e-02,7.473712e-03,8.904847e-01,3.700044e-02,2.704035e-03,9.575936e-04
9.267895e-03,1.847932e-03,6.122381e-03,2.603122e-04,1.744771e-03,2.232648e-02,5.227826e-03,1.101995e-02,8.230992e-03,9.781011e-03,5.620152e-03,8.824778e-01,2.981388e-02,4.848269e-03,1.410402e-03
1.575075e-02,1.491215e-03,4.814047e-03,3.589590e-04,1.965786e-03,6.880912e-02,4.842854e-03,8.962013e-03,6.978510e-03,7.090091e-03,5.141316e-03,8.301551e-01,3.659942e-02,5.276917e-03,1.763882e-03
5.953994e-02,1.775194e-03,3.713459e-03,7.139937e-04,5.478783e-03,5.455075e-02,4.507062e-03,8.132711e-03,8.440964e-03,5.124121e-03,4.642974e-03,7.681803e-01,6.837957e-02,5.280880e-03,1.539293e-03
1.180313e-01,2.114133e-03,3.035100e-03,1.123534e-03,9.905739e-03,4.586162e-02,4.287054e-03,7.459001e-03,1.055977e-02,4.039094e-03,4.750278e-03,7.064898e-01,7.447203e-02,5.975312e-03,1.896178e-03
1.446069e-01,2.566640e-03,3.868379e-03,2.553472e-03,1.074713e-02,5.880916e-02,4.183562e-03,7.432844e-03,9.718302e-03,3.473876e-03,5.763174e-03,5.760486e-01,1.611086e-01,5.286633e-03,3.832865e-03
1.082332e-01,3.547345e-03,9.775504e-03,7.997019e-03,1.101241e-02,7.952935e-02,5.718112e-03,5.950159e-03,1.186835e-02,5.633046e-03,7.028887e-03,4.278294e-01,2.999141e-01,4.816730e-03,1.114640e-02
8.244248e-02,2.826585e-03,8.109447e-03,6.880620e-03,1.305725e-02,8.545145e-02,7.125240e-03,4.794847e-03,1.014503e-02,5.206320e-03,8.219900e-03,3.745481e-01,3.728307e-01,3.968349e-03,1.439376e-02
6.221650e-02,2.204003e-03,6.724371e-03,5.898349e-03,2.043592e-02,6.209527e-02,1.315917e-02,1.921599e-02,1.146616e-02,4.490094e-03,1.206396e-02,4.074025e-01,3.547838e-01,3.258879e-03,1.458513e-02
4.645481e-02,1.827363e-03,7.698783e-03,6.591551e-03,2.028571e-02,4.707983e-02,1.151169e-02,1.110933e-01,9.033203e-03,4.048917e-03,1.308841e-02,3.643427e-01,3.341681e-01,2.588798e-03,2.018680e-02
4.188939e-02,2.584881e-03,1.302476e-02,2.294451e-02,2.211201e-02,4.243472e-02,9.597857e-03,1.221697e-01,2.101860e-02,6.659128e-03,2.068398e-02,2.683959e-01,2.643545e-01,5.486103e-03,1.366440e-01
3.983407e-02,3.724614e-03,1.357808e-02,1.875106e-02,1.760610e-02,3.400647e-02,7.556986e-03,9.933200e-02,3.722882e-02,7.196340e-03,1.961961e-02,1.948201e-01,1.981769e-01,9.837913e-03,2.987310e-01
3.426176e-02,3.958297e-03,1.263388e-02,1.531357e-02,1.492758e-02,2.626964e-02,6.018340e-03,7.441659e-02,6.767426e-02,7.586641e-03,1.829845e-02,1.417368e-01,1.454462e-01,1.427293e-02,4.171851e-01
5.708752e-02,5.038444e-03,1.828665e-02,1.416405e-02,1.685120e-02,2.092633e-02,4.777588e-03,5.854696e-02,7.887536e-02,7.003615e-03,1.650354e-02,1.016833e-01,1.054700e-01,1.563898e-02,4.791465e-01
7.901362e-02,6.067940e-03,1.620926e-02,1.345341e-02,1.371401e-02,1.648825e-02,3.531869e-03,4.195281e-02,9.515858e-02,8.891262e-03,1.261601e-02,7.178134e-02,7.590231e-02,1.448328e-02,5.307360e-01
1.014183e-01,6.489014e-03,1.250285e-02,1.171750e-02,1.101692e-02,1.372672e-02,2.698282e-03,2.981759e-02,8.568281e-02,7.945852e-03,9.637893e-03,5.066003e-02,5.483783e-02,1.185420e-02,5.899943e-01
8.526801e-02,5.777486e-03,9.292467e-03,8.520242e-03,7.983933e-03,1.055552e-02,1.940694e-03,2.102437e-02,6.708590e-02,7.337823e-03,7.269678e-03,3.551637e-02,3.906007e-02,9.848326e-03,6.835191e-01
7.305093e-02,5.007094e-03,9.874338e-03,6.685417e-03,6.717224e-03,8.080762e-03,1.483803e-03,1.602552e-02,5.196036e-02,7.062274e-03,5.744258e-03,2.496832e-02,2.778067e-02,8.424151e-03,7.471349e-01
8.992007e-02,1.400062e-02,2.653781e-02,2.318226e-02,1.820659e-02,9.195631e-03,1.608723e-03,1.323122e-02,5.160299e-02,7.163855e-03,6.029187e-03,1.858401e-02,2.092083e-02,7.330001e-03,6.924863e-01
1.489236e-01,1.516089e-02,2.095040e-02,2.147679e-02,1.677970e-02,9.982005e-03,1.544490e-03,1.015194e-02,4.180733e-02,7.177970e-03,5.589921e-03,1.419037e-02,1.598601e-02,7.134775e-03,6.631439e-01
1.471316e-01,1.226576e-02,1.712204e-02,1.563125e-02,1.348772e-02,8.011928e-03,1.235623e-03,7.927795e-03,4.326004e-02,7.378438e-03,5.734965e-03,1.046410e-02,1.201730e-02,1.276599e-02,6.855655e-01
1.350809e-01,1.001238e-02,1.310659e-02,1.216738e-02,1.190598e-02,7.208759e-03,1.066667e-03,7.676038e-03,4.324603e-02,6.474091e-03,6.007570e-03,7.959053e-03,9.496618e-03,2.903492e-02,6.995571e-01
1.247517e-01,7.752523e-03,1.046844e-02,8.775600e-03,9.646288e-03,6.415102e-03,8.097179e-04,6.008626e-03,3.920079e-02,5.189188e-03,4.982569e-03,5.819896e-03,7.203140e-03,3.727476e-02,7.257017e-01
1.244052e-01,1.105698e-02,3.336463e-02,1.093743e-02,1.576794e-02,6.393035e-03,9.432564e-04,1.005612e-02,4.133548e-02,4.177723e-03,4.536635e-03,4.397682e-03,5.704174e-03,4.361133e-02,6.833124e-01
1.128459e-01,9.090785e-03,2.523656e-02,7.930563e-03,1.404445e-02,5.848821e-03,8.223011e-04,8.342633e-03,4.600357e-02,3.076474e-03,3.561267e-03,3.225596e-03,4.339725e-03,5.690828e-02,6.987231e-01
1.337294e-01,1.259538e-02,1.967503e-02,7.216685e-03,1.557964e-02,1.620873e-02,8.632435e-04,7.574212e-03,4.943269e-02,2.427737e-03,4.050242e-03,2.735278e-03,3.741372e-03,1.091575e-01,6.150130e-01
1.412158e-01,1.658687e-02,1.992066e-02,1.075313e-02,1.714303e-02,2.058177e-02,1.156475e-03,6.550711e-03,6.170184e-02,2.125964e-03,4.045984e-03,3.158490e-03,3.712235e-03,1.159303e-01,5.754168e-01
1.479236e-01,1.793021e-02,1.821591e-02,1.060204e-02,1.635339e-02,1.944491e-02,1.188614e-03,5.547316e-03,7.241406e-02,2.338861e-03,3.843851e-03,3.262139e-03,3.694174e-03,1.087109e-01,5.685301e-01
2.434027e-01,1.971402e-02,2.630984e-02,2.087585e-02,1.715726e-02,1.873314e-02,1.306888e-03,4.808762e-03,7.688770e-02,2.508460e-03,3.874977e-03,4.290001e-03,3.739202e-03,9.416333e-02,4.622279e-01
3.388009e-01,1.653928e-02,2.790087e-02,2.035519e-02,1.489745e-02,1.605699e-02,1.344576e-03,4.313022e-03,8.011024e-02,2.844502e-03,4.950240e-03,6.850915e-03,3.791288e-03,7.948742e-02,3.817572e-01
4.315112e-01,1.392080e-02,4.121958e-02,2.385272e-02,1.547013e-02,1.292631e-02,1.422894e-03,3.633438e-03,8.638315e-02,2.873094e-03,4.727843e-03,7.175594e-03,3.555023e-03,7.253145e-02,2.787969e-01
1.000000e+00,0.000000e+00,0.000000e+00,0.000000e+00,0.000000e+00,0.000000e+00,0.000000e+00,0.000000e+00,0.000000e+00,0.000000e+00,0.000000e+00,0.000000e+00,0.000000e+00,0.000000e+00,0.000000e+00
1.000000e+00,0.000000e+00,0.000000e+00,0.000000e+00,0.000000e+00,0.000000e+00,0.000000e+00,0.000000e+00,0.000000e+00,0.000000e+00,0.000000e+00,0.000000e+00,0.000000e+00,0.000000e+00,0.000000e+00
4.321156e-01,8.279929e-03,2.373957e-02,1.457990e-02,1.124009e-02,2.993457e-01,9.813956e-04,2.584164e-03,4.830295e-02,4.122042e-03,3.799959e-03,6.602938e-03,2.617543e-03,3.555610e-02,1.061321e-01
3.067035e-01,5.967214e-03,1.666777e-02,1.024476e-02,8.371033e-03,4.956917e-01,7.010485e-04,2.002786e-03,3.390476e-02,1.012859e-02,2.841654e-03,4.629491e-03,1.846513e-03,2.545781e-02,7.484139e-02
2.149604e-01,4.263861e-03,1.168948e-02,7.246515e-03,5.920961e-03,4.915963e-01,5.064543e-04,1.518150e-03,2.784108e-02,1.435829e-01,4.138868e-03,3.258234e-03,1.372470e-03,1.896144e-02,6.314290e-02
1.505490e-01,3.089831e-03,8.188431e-03,5.133425e-03,4.234149e-03,4.708085e-01,3.850601e-04,1.223513e-03,3.262120e-02,1.283513e-01,1.408565e-02,2.353203e-03,1.349390e-03,1.992946e-02,1.576979e-01
1.055302e-01,2.265940e-03,5.742838e-03,3.628848e-03,3.126452e-03,3.747045e-01,3.645899e-04,1.098460e-03,4.178502e-02,1.679996e-01,4.522562e-02,1.854276e-03,1.369677e-03,2.869787e-02,2.166061e-01
7.455706e-02,1.619724e-03,4.023497e-03,2.557828e-03,2.319454e-03,2.654682e-01,3.264402e-04,8.256281e-04,3.616585e-02,1.300728e-01,4.703568e-02,1.393966e-03,1.090564e-03,4.095007e-02,3.915932e-01
5.315175e-02,1.196959e-03,2.823400e-03,1.811872e-03,1.802060e-03,1.932370e-01,3.261405e-04,6.579985e-04,2.769144e-02,1.022901e-01,5.230767e-02,1.126845e-03,1.032182e-03,1.307161e-01,4.298286e-01
3.749759e-02,8.698786e-04,1.983100e-03,1.284466e-03,1.796924e-03,1.382652e-01,2.695086e-04,5.072402e-04,2.524448e-02,8.712809e-02,5.210946e-02,8.636530e-04,8.141009e-04,1.820449e-01,4.693215e-01
2.627054e-02,7.101214e-04,1.396719e-03,9.050404e-04,1.825180e-03,9.926897e-02,1.917469e-04,4.073916e-04,2.664690e-02,6.711962e-02,4.121830e-02,6.442797e-04,7.276982e-04,3.736840e-01,3.589835e-01
1.842715e-02,6.095981e-04,1.008747e-03,6.420054e-04,2.145608e-03,7.052913e-02,1.455499e-04,4.255116e-04,3.260478e-02,4.827018e-02,3.460948e-02,4.876546e-04,6.204830e-04,5.070976e-01,2.823765e-01
1.303548e-02,5.974296e-04,8.200805e-04,4.901877e-04,2.651461e-03,5.190662e-02,1.146728e-04,5.485130e-04,3.733825e-02,3.694749e-02,3.740849e-02,6.617155e-04,2.122516e-02,5.561140e-01,2.401404e-01
9.248693e-03,6.036332e-04,8.982521e-04,3.786379e-04,2.314272e-03,3.671455e-02,8.647772e-05,5.920636e-04,4.275347e-02,3.105829e-02,3.708605e-02,6.695286e-04,1.642208e-02,6.381539e-01,1.830201e-01
6.645814e-03,9.684399e-04,6.518096e-03,3.954808e-04,2.005021e-03,2.809345e-02,7.754769e-05,1.290871e-03,4.942808e-02,2.357371e-02,3.498971e-02,6.345398e-04,1.306123e-02,6.943484e-01,1.379697e-01
5.252679e-03,1.683180e-03,6.206877e-03,6.810429e-04,1.822501e-03,3.128847e-02,7.458196e-05,5.148548e-03,6.344940e-02,1.736408e-02,3.015869e-02,5.838830e-04,9.926909e-03,7.284414e-01,9.791780e-02
3.854492e-03,1.763002e-03,4.990326e-03,5.774015e-04,1.494926e-03,2.295196e-02,5.378540e-05,4.021764e-03,6.404111e-02,1.236468e-02,2.283141e-02,4.337452e-04,7.101509e-03,7.842023e-01,6.931762e-02
3.101144e-03,3.451807e-03,1.173036e-02,1.591335e-03,1.420526e-03,2.057308e-02,5.929134e-05,3.853300e-03,7.527515e-02,1.036852e-02,1.844362e-02,4.872769e-04,5.979526e-03,7.925804e-01,5.108469e-02
4.250680e-03,1.397190e-02,2.301154e-02,1.739058e-03,2.456980e-03,1.662414e-02,1.604676e-04,5.953838e-03,1.012264e-01,7.899050e-03,1.556070e-02,4.970402e-04,4.455888e-03,7.623541e-01,3.983821e-02
1.783667e-02,1.153302e-02,4.392475e-02,2.235135e-02,5.013421e-03,1.079376e-01,4.224058e-04,6.645526e-03,1.043880e-01,6.139182e-03,1.404988e-02,9.702020e-04,3.942603e-03,6.245951e-01,3.025037e-02
2.638768e-02,9.945125e-03,4.035842e-02,1.776083e-02,8.793825e-03,1.126540e-01,3.568747e-04,5.007898e-03,1.951356e-01,6.619742e-03,1.461616e-02,7.825650e-04,2.955606e-03,5.331447e-01,2.548102e-02
3.167562e-02,9.455455e-03,4.744428e-02,3.211220e-02,1.392274e-02,1.104065e-01,5.164287e-04,5.493468e-03,2.618620e-01,6.202107e-03,1.247028e-02,7.164113e-04,2.521947e-03,4.448966e-01,2.030384e-02
3.803882e-02,7.711078e-03,4.811469e-02,2.472503e-02,1.137348e-02,1.183447e-01,4.537913e-04,4.214940e-03,3.014908e-01,7.076385e-03,1.231584e-02,6.038517e-04,1.966095e-03,4.033288e-01,2.024163e-02
4.419423e-02,6.838024e-03,3.911635e-02,1.842127e-02,1.003621e-02,1.323999e-01,4.127203e-04,3.134727e-03,3.145547e-01,8.584486e-03,1.644957e-02,6.018360e-04,1.809855e-03,3.816471e-01,2.179904e-02
6.789648e-02,1.007709e-02,3.612059e-02,2.998006e-02,1.040524e-02,1.017689e-01,6.392274e-04,3.127527e-03,3.843034e-01,1.334476e-02,1.369132e-02,6.133789e-04,1.590993e-03,2.913968e-01,3.504428e-02
8.394046e-02,1.570529e-02,2.854837e-02,2.672840e-02,1.139493e-02,7.524472e-02,6.563125e-04,4.130977e-03,4.520953e-01,1.092718e-02,1.607320e-02,1.328120e-03,1.793383e-03,2.424793e-01,2.895407e-02
8.973471e-02,2.391290e-02,2.344350e-02,2.166970e-02,1.323776e-02,7.037857e-02,6.655723e-04,5.119989e-03,4.859134e-01,8.622274e-03,2.627072e-02,1.866611e-03,2.246593e-03,2.038271e-01,2.309065e-02
1.051683e-01,3.038061e-02,2.039235e-02,2.539323e-02,1.422873e-02,6.516656e-02,7.257942e-04,5.600838e-03,4.590827e-01,8.060239e-03,3.007219e-02,2.956240e-03,3.031992e-03,1.933631e-01,3.637709e-02
1.149036e-01,3.484308e-02,1.710424e-02,2.756149e-02,1.318164e-02,6.064234e-02,6.673594e-04,5.435647e-03,4.533671e-01,1.131177e-02,3.836571e-02,4.209221e-03,3.635698e-03,1.547528e-01,6.001836e-02
1.926123e-01,5.464046e-02,1.620590e-02,2.311789e-02,1.248540e-02,7.502089e-02,8.558055e-04,6.334122e-03,3.748499e-01,8.392829e-03,3.579845e-02,5.835010e-03,5.415470e-03,1.396465e-01,4.878919e-02
2.758124e-01,5.170158e-02,1.593215e-02,2.004357e-02,1.300805e-02,7.134460e-02,9.422524e-04,6.055399e-03,3.181192e-01,6.436070e-03,3.246835e-02,5.972252e-03,6.159140e-03,1.368196e-01,3.918534e-02
2.503369e-01,4.797086e-02,4.712649e-02,9.628841e-02,1.749625e-02,5.390264e-02,1.287663e-03,8.000690e-03,2.643166e-01,4.906638e-03,4.147790e-02,7.160297e-03,5.079406e-03,1.232091e-01,3.144015e-02
2.300514e-01,4.167584e-02,1.433575e-01,9.665953e-02,1.513647e-02,4.946896e-02,1.277998e-03,8.552788e-03,1.915828e-01,5.025681e-03,6.741592e-02,9.398758e-03,4.757024e-03,1.067357e-01,2.890362e-02
1.727182e-01,4.038473e-02,1.403419e-01,8.117440e-02,1.109295e-02,5.138521e-02,1.021292e-03,6.553185e-03,1.421386e-01,6.144613e-03,1.759408e-01,1.070664e-02,5.571273e-03,1.243119e-01,3.051420e-02
1.919522e-01,3.193766e-02,1.137080e-01,6.621705e-02,1.016947e-02,4.678289e-02,1.139753e-03,6.732012e-03,1.034263e-01,5.562596e-03,2.363157e-01,1.192719e-02,5.284261e-03,1.430124e-01,2.583256e-02
2.263800e-01,2.497184e-02,8.371840e-02,4.871910e-02,7.782294e-03,3.481190e-02,1.043496e-03,5.502667e-03,7.437247e-02,4.654805e-03,2.835538e-01,1.798042e-02,5.341379e-03,1.622100e-01,1.895737e-02
2.501175e-01,1.940618e-02,6.393672e-02,3.888892e-02,6.682317e-03,2.589366e-02,1.285740e-03,5.230322e-03,5.485356e-02,4.784844e-03,3.154218e-01,2.614952e-02,5.010031e-03,1.682136e-01,1.412537e-02
2.697358e-01,2.079890e-02,4.976149e-02,3.848411e-02,8.531861e-03,2.163676e-02,2.907576e-03,1.088621e-02,6.091002e-02,6.381386e-03,3.015907e-01,3.238653e-02,5.654912e-03,1.551079e-01,1.522594e-02
2.422515e-01,1.712183e-02,3.643026e-02,3.478485e-02,9.619334e-03,2.146491e-02,3.561906e-03,1.269325e-02,8.299842e-02,7.911698e-03,3.243293e-01,3.431681e-02,5.752969e-03,1.542200e-01,1.254304e-02
3.083604e-01,2.201731e-02,3.031167e-02,3.342635e-02,8.813166e-03,1.805639e-02,4.108041e-03,1.583556e-02,7.335883e-02,9.280806e-03,2.894191e-01,2.730185e-02,5.080862e-03,1.393404e-01,1.528933e-02
2.359695e-01,2.275137e-02,2.656840e-02,3.162830e-02,1.213937e-02,3.231521e-02,3.950104e-03,3.491814e-02,1.636634e-01,9.740975e-03,2.586621e-01,2.098501e-02,3.969450e-03,1.305053e-01,1.223334e-02
1.840599e-01,2.605676e-02,4.062608e-02,4.233652e-02,1.470244e-02,4.235913e-02,3.450748e-03,6.907105e-02,1.689395e-01,1.467033e-02,2.516009e-01,1.733358e-02,4.051838e-03,1.065235e-01,1.421768e-02
1.870355e-01,2.534349e-02,9.516580e-02,7.091630e-02,1.717207e-02,3.702185e-02,4.277496e-03,9.649000e-02,1.544261e-01,1.408547e-02,1.897698e-01,1.464227e-02,3.757413e-03,7.626690e-02,1.362960e-02
1.524193e-01,4.123625e-02,1.079265e-01,9.357174e-02,5.730584e-02,1.022705e-01,5.952960e-03,8.017551e-02,1.274968e-01,1.214099e-02,1.398998e-01,1.046736e-02,3.322781e-03,5.447330e-02,1.134039e-02
