1.000000e+00,0.000000e+00,0.000000e+00,0.000000e+00,0.000000e+00,0.000000e+00,0.000000e+00,0.000000e+00,0.000000e+00,0.000000e+00,0.000000e+00,0.000000e+00,0.000000e+00,0.000000e+00,0.000000e+00
1.000000e+00,0.000000e+00,0.000000e+00,0.000000e+00,0.000000e+00,0.000000e+00,0.000000e+00,0.000000e+00,0.000000e+00,0.000000e+00,0.000000e+00,0.000000e+00,0.000000e+00,0.000000e+00,0.000000e+00
1.000000e+00,0.000000e+00,0.000000e+00,0.000000e+00,0.000000e+00,0.000000e+00,0.000000e+00,0.000000e+00,0.000000e+00,0.000000e+00,0.000000e+00,0.000000e+00,0.000000e+00,0.000000e+00,0.000000e+00
1.000000e+00,0.000000e+00,0.000000e+00,0.000000e+00,0.000000e+00,0.000000e+00,0.000000e+00,0.000000e+00,0.000000e+00,0.000000e+00,0.000000e+00,0.000000e+00,0.000000e+00,0.000000e+00,0.000000e+00
1.000000e+00,0.000000e+00,0.000000e+00,0.000000e+00,0.000000e+00,0.000000e+00,0.000000e+00,0.000000e+00,0.000000e+00,0.000000e+00,0.000000e+00,0.000000e+00,0.000000e+00,0.000000e+00,0.000000e+00
1.000000e+00,0.000000e+00,0.000000e+00,0.000000e+00,0.000000e+00,0.000000e+00,0.000000e+00,0.000000e+00,0.000000e+00,0.000000e+00,0.000000e+00,0.000000e+00,0.000000e+00,0.000000e+00,0.000000e+00
1.000000e+00,0.000000e+00,0.000000e+00,0.000000e+00,0.000000e+00,0.000000e+00,0.000000e+00,0.000000e+00,0.000000e+00,0.000000e+00,0.000000e+00,0.000000e+00,0.000000e+00,0.000000e+00,0.000000e+00
1.000000e+00,0.000000e+00,0.000000e+00,0.000000e+00,0.000000e+00,0.000000e+00,0.000000e+00,0.000000e+00,0.000000e+00,0.000000e+00,0.000000e+00,0.000000e+00,0.000000e+00,0.000000e+00,0.000000e+00
1.000000e+00,0.000000e+00,0.000000e+00,0.000000e+00,0.000000e+00,0.000000e+00,0.000000e+00,0.000000e+00,0.000000e+00,0.000000e+00,0.000000e+00,0.000000e+00,0.000000e+00,0.000000e+00,0.000000e+00
1.000000e+00,0.000000e+00,0.000000e+00,0.000000e+00,0.000000e+00,0.000000e+00,0.000000e+00,0.000000e+00,0.000000e+00,0.000000e+00,0.000000e+00,0.000000e+00,0.000000e+00,0.000000e+00,0.000000e+00
1.000000e+00,0.000000e+00,0.000000e+00,0.000000e+00,0.000000e+00,0.000000e+00,0.000000e+00,0.000000e+00,0.000000e+00,0.000000e+00,0.000000e+00,0.000000e+00,0.000000e+00,0.000000e+00,0.000000e+00
1.000000e+00,0.000000e+00,0.000000e+00,0.000000e+00,0.000000e+00,0.000000e+00,0.000000e+00,0.000000e+00,0.000000e+00,0.000000e+00,0.000000e+00,0.000000e+00,0.000000e+00,0.000000e+00,0.000000e+00
1.000000e+00,0.000000e+00,0.000000e+00,0.000000e+00,0.000000e+00,0.000000e+00,0.000000e+00,0.000000e+00,0.000000e+00,0.000000e+00,0.000000e+00,0.000000e+00,0.000000e+00,0.000000e+00,0.000000e+00
1.000000e+00,0.000000e+00,0.000000e+00,0.000000e+00,0.000000e+00,0.000000e+00,0.000000e+00,0.000000e+00,0.000000e+00,0.000000e+00,0.000000e+00,0.000000e+00,0.000000e+00,0.000000e+00,0.000000e+00
1.000000e+00,0.000000e+00,0.000000e+00,0.000000e+00,0.000000e+00,0.000000e+00,0.000000e+00,0.000000e+00,0.000000e+00,0.000000e+00,0.000000e+00,0.000000e+00,0.000000e+00,0.000000e+00,0.000000e+00
1.000000e+00,0.000000e+00,0.000000e+00,0.000000e+00,0.000000e+00,0.000000e+00,0.000000e+00,0.000000e+00,0.000000e+00,0.000000e+00,0.000000e+00,0.000000e+00,0.000000e+00,0.000000e+00,0.000000e+00
1.000000e+00,0.000000e+00,0.000000e+00,0.000000e+00,0.000000e+00,0.000000e+00,0.000000e+00,0.000000e+00,0.000000e+00,0.000000e+00,0.000000e+00,0.000000e+00,0.000000e+00,0.000000e+00,0.000000e+00
1.000000e+00,0.000000e+00,0.000000e+00,0.000000e+00,0.000000e+00,0.000000e+00,0.000000e+00,0.000000e+00,0.000000e+00,0.000000e+00,0.000000e+00,0.000000e+00,0.000000e+00,0.000000e+00,0.000000e+00
1.000000e+00,0.000000e+00,0.000000e+00,0.000000e+00,0.000000e+00,0.000000e+00,0.000000e+00,0.000000e+00,0.000000e+00,0.000000e+00,0.000000e+00,0.000000e+00,0.000000e+00,0.000000e+00,0.000000e+00
1.000000e+00,0.000000e+00,0.000000e+00,0.000000e+00,0.000000e+00,0.000000e+00,0.000000e+00,0.000000e+00,0.000000e+00,0.000000e+00,0.000000e+00,0.000000e+00,0.000000e+00,0.000000e+00,0.000000e+00
1.000000e+00,0.000000e+00,0.000000e+00,0.000000e+00,0.000000e+00,0.000000e+00,0.000000e+00,0.000000e+00,0.000000e+00,0.000000e+00,0.000000e+00,0.000000e+00,0.000000e+00,0.000000e+00,0.000000e+00
1.000000e+00,0.000000e+00,0.000000e+00,0.000000e+00,0.000000e+00,0.000000e+00,0.000000e+00,0.000000e+00,0.000000e+00,0.000000e+00,0.000000e+00,0.000000e+00,0.000000e+00,0.000000e+00,0.000000e+00
1.000000e+00,0.000000e+00,0.000000e+00,0.000000e+00,0.000000e+00,0.000000e+00,0.000000e+00,0.000000e+00,0.000000e+00,0.000000e+00,0.000000e+00,0.000000e+00,0.000000e+00,0.000000e+00,0.000000e+00
1.000000e+00,0.000000e+00,0.000000e+00,0.000000e+00,0.000000e+00,0.000000e+00,0.000000e+00,0.000000e+00,0.000000e+00,0.000000e+00,0.000000e+00,0.000000e+00,0.000000e+00,0.000000e+00,0.000000e+00
1.000000e+00,0.000000e+00,0.000000e+00,0.000000e+00,0.000000e+00,0.000000e+00,0.000000e+00,0.000000e+00,0.000000e+00,0.000000e+00,0.000000e+00,0.000000e+00,0.000000e+00,0.000000e+00,0.000000e+00
1.000000e+00,0.000000e+00,0.000000e+00,0.000000e+00,0.000000e+00,0.000000e+00,0.000000e+00,0.000000e+00,0.000000e+00,0.000000e+00,0.000000e+00,0.000000e+00,0.000000e+00,0.000000e+00,0.000000e+00
1.000000e+00,0.000000e+00,0.000000e+00,0.000000e+00,0.000000e+00,0.000000e+00,0.000000e+00,0.000000e+00,0.000000e+00,0.000000e+00,0.000000e+00,0.000000e+00,0.000000e+00,0.000000e+00,0.000000e+00
1.000000e+00,0.000000e+00,0.000000e+00,0.000000e+00,0.000000e+00,0.000000e+00,0.000000e+00,0.000000e+00,0.000000e+00,0.000000e+00,0.000000e+00,0.000000e+00,0.000000e+00,0.000000e+00,0.000000e+00
1.000000e+00,0.000000e+00,0.000000e+00,0.000000e+00,0.000000e+00,0.000000e+00,0.000000e+00,0.000000e+00,0.000000e+00,0.000000e+00,0.000000e+00,0.000000e+00,0.000000e+00,0.000000e+00,0.000000e+00
1.000000e+00,0.000000e+00,0.000000e+00,0.000000e+00,0.000000e+00,0.000000e+00,0.000000e+00,0.000000e+00,0.000000e+00,0.000000e+00,0.000000e+00,0.000000e+00,0.000000e+00,0.000000e+00,0.000000e+00
1.000000e+00,0.000000e+00,0.000000e+00,0.000000e+00,0.000000e+00,0.000000e+00,0.000000e+00,0.000000e+00,0.000000e+00,0.000000e+00,0.000000e+00,0.000000e+00,0.000000e+00,0.000000e+00,0.000000e+00
1.000000e+00,0.000000e+00,0.000000e+00,0.000000e+00,0.000000e+00,0.000000e+00,0.000000e+00,0.000000e+00,0.000000e+00,0.000000e+00,0.000000e+00,0.000000e+00,0.000000e+00,0.000000e+00,0.000000e+00
1.000000e+00,0.000000e+00,0.000000e+00,0.000000e+00,0.000000e+00,0.000000e+00,0.000000e+00,0.000000e+00,0.000000e+00,0.000000e+00,0.000000e+00,0.000000e+00,0.000000e+00,0.000000e+00,0.000000e+00
1.000000e+00,0.000000e+00,0.000000e+00,0.000000e+00,0.000000e+00,0.000000e+00,0.000000e+00,0.000000e+00,0.000000e+00,0.000000e+00,0.000000e+00,0.000000e+00,0.000000e+00,0.000000e+00,0.000000e+00
1.000000e+00,0.000000e+00,0.000000e+00,0.000000e+00,0.000000e+00,0.000000e+00,0.000000e+00,0.000000e+00,0.000000e+00,0.000000e+00,0.000000e+00,0.000000e+00,0.000000e+00,0.000000e+00,0.000000e+00
1.000000e+00,0.000000e+00,0.000000e+00,0.000000e+00,0.000000e+00,0.000000e+00,0.000000e+00,0.000000e+00,0.000000e+00,0.000000e+00,0.000000e+00,0.000000e+00,0.000000e+00,0.000000e+00,0.000000e+00
1.000000e+00,0.000000e+00,0.000000e+00,0.000000e+00,0.000000e+00,0.000000e+00,0.000000e+00,0.000000e+00,0.000000e+00,0.000000e+00,0.000000e+00,0.000000e+00,0.000000e+00,0.000000e+00,0.000000e+00
1.000000e+00,0.000000e+00,0.000000e+00,0.000000e+00,0.000000e+00,0.000000e+00,0.000000e+00,0.000000e+00,0.000000e+00,0.000000e+00,0.000000e+00,0.000000e+00,0.000000e+00,0.000000e+00,0.000000e+00
1.000000e+00,0.000000e+00,0.000000e+00,0.000000e+00,0.000000e+00,0.000000e+00,0.000000e+00,0.000000e+00,0.000000e+00,0.000000e+00,0.000000e+00,0.000000e+00,0.000000e+00,0.000000e+00,0.000000e+00
1.000000e+00,0.000000e+00,0.000000e+00,0.000000e+00,0.000000e+00,0.000000e+00,0.000000e+00,0.000000e+00,0.000000e+00,0.000000e+00,0.000000e+00,0.000000e+00,0.000000e+00,0.000000e+00,0.000000e+00
1.000000e+00,0.000000e+00,0.000000e+00,0.000000e+00,0.000000e+00,0.000000e+00,0.000000e+00,0.000000e+00,0.000000e+00,0.000000e+00,0.000000e+00,0.000000e+00,0.000000e+00,0.000000e+00,0.000000e+00
1.000000e+00,0.000000e+00,0.000000e+00,0.000000e+00,0.000000e+00,0.000000e+00,0.000000e+00,0.000000e+00,0.000000e+00,0.000000e+00,0.000000e+00,0.000000e+00,0.000000e+00,0.000000e+00,0.000000e+00
1.000000e+00,0.000000e+00,0.000000e+00,0.000000e+00,0.000000e+00,0.000000e+00,0.000000e+00,0.000000e+00,0.000000e+00,0.000000e+00,0.000000e+00,0.000000e+00,0.000000e+00,0.000000e+00,0.000000e+00
1.000000e+00,0.000000e+00,0.000000e+00,0.000000e+00,0.000000e+00,0.000000e+00,0.000000e+00,0.000000e+00,0.000000e+00,0.000000e+00,0.000000e+00,0.000000e+00,0.000000e+00,0.000000e+00,0.000000e+00
1.000000e+00,0.000000e+00,0.000000e+00,0.000000e+00,0.000000e+00,0.000000e+00,0.000000e+00,0.000000e+00,0.000000e+00,0.000000e+00,0.000000e+00,0.000000e+00,0.000000e+00,0.000000e+00,0.000000e+00
1.000000e+00,0.000000e+00,0.000000e+00,0.000000e+00,0.000000e+00,0.000000e+00,0.000000e+00,0.000000e+00,0.000000e+00,0.000000e+00,0.000000e+00,0.000000e+00,0.000000e+00,0.000000e+00,0.000000e+00
1.000000e+00,0.000000e+00,0.000000e+00,0.000000e+00,0.000000e+00,0.000000e+00,0.000000e+00,0.000000e+00,0.000000e+00,0.000000e+00,0.000000e+00,0.000000e+00,0.000000e+00,0.000000e+00,0.000000e+00
1.000000e+00,0.000000e+00,0.000000e+00,0.000000e+00,0.000000e+00,0.000000e+00,0.000000e+00,0.000000e+00,0.000000e+00,0.000000e+00,0.000000e+00,0.000000e+00,0.000000e+00,0.000000e+00,0.000000e+00
1.000000e+00,0.000000e+00,0.000000e+00,0.000000e+00,0.000000e+00,0.000000e+00,0.000000e+00,0.000000e+00,0.000000e+00,0.000000e+00,0.000000e+00,0.000000e+00,0.000000e+00,0.000000e+00,0.000000e+00
1.000000e+00,0.000000e+00,0.000000e+00,0.000000e+00,0.000000e+00,0.000000e+00,0.000000e+00,0.000000e+00,0.000000e+00,0.000000e+00,0.000000e+00,0.000000e+00,0.000000e+00,0.000000e+00,0.000000e+00
1.000000e+00,0.000000e+00,0.000000e+00,0.000000e+00,0.000000e+00,0.000000e+00,0.000000e+00,0.000000e+00,0.000000e+00,0.000000e+00,0.000000e+00,0.000000e+00,0.000000e+00,0.000000e+00,0.000000e+00
1.000000e+00,0.000000e+00,0.000000e+00,0.000000e+00,0.000000e+00,0.000000e+00,0.000000e+00,0.000000e+00,0.000000e+00,0.000000e+00,0.000000e+00,0.000000e+00,0.000000e+00,0.000000e+00,0.000000e+00
1.000000e+00,0.000000e+00,0.000000e+00,0.000000e+00,0.000000e+00,0.000000e+00,0.000000e+00,0.000000e+00,0.000000e+00,0.000000e+00,0.000000e+00,0.000000e+00,0.000000e+00,0.000000e+00,0.000000e+00
1.000000e+00,0.000000e+00,0.000000e+00,0.000000e+00,0.000000e+00,0.000000e+00,0.000000e+00,0.000000e+00,0.000000e+00,0.000000e+00,0.000000e+00,0.000000e+00,0.000000e+00,0.000000e+00,0.000000e+00
4.600602e-01,1.349445e-02,9.943506e-03,2.360034e-02,5.779942e-03,3.353824e-02,2.930613e-03,6.370157e-03,3.730908e-03,1.701732e-03,3.574802e-01,5.015903e-02,1.235535e-02,7.353094e-03,1.150223e-02
3.235930e-01,9.901629e-03,7.093430e-03,1.691703e-02,4.316160e-03,2.498216e-02,2.146085e-03,4.702652e-03,3.675823e-03,5.459717e-03,4.798772e-01,7.620373e-02,9.264331e-03,2.108629e-02,1.078074e-02
2.301525e-01,7.425495e-03,5.382423e-03,1.248677e-02,3.640765e-03,2.282641e-02,1.729262e-03,3.676388e-03,3.379129e-03,1.959539e-02,5.655264e-01,8.228045e-02,6.915853e-03,2.404751e-02,1.093534e-02
1.801070e-01,7.593320e-03,7.419498e-03,1.861494e-02,3.704714e-03,2.300553e-02,2.476544e-03,7.988859e-03,1.630051e-02,3.523437e-02,5.332206e-01,9.017053e-02,5.170420e-03,3.459211e-02,3.440104e-02
1.506444e-01,1.000356e-02,1.022917e-02,1.855289e-02,4.433773e-03,2.526432e-02,4.127616e-03,9.200133e-03,2.222967e-02,5.869066e-02,4.922016e-01,1.027543e-01,3.904358e-03,3.860335e-02,4.916020e-02
1.234191e-01,9.175714e-03,1.041191e-02,1.883626e-02,1.100409e-02,3.197486e-02,3.828226e-03,9.020258e-03,2.472562e-02,1.819127e-01,3.807640e-01,1.104404e-01,3.317710e-03,3.633776e-02,4.483145e-02
9.136268e-02,7.095646e-03,7.672609e-03,1.589856e-02,9.527504e-03,2.598233e-02,2.891308e-03,7.098240e-03,2.309705e-02,3.405052e-01,2.918100e-01,1.092429e-01,2.975232e-03,3.099593e-02,3.384477e-02
9.868175e-02,5.877029e-03,5.638333e-03,1.275078e-02,7.539616e-03,2.173418e-02,2.326541e-03,6.671674e-03,2.591181e-02,4.319225e-01,2.202760e-01,9.774649e-02,2.721784e-03,3.370655e-02,2.649504e-02
1.547074e-01,1.078683e-02,7.830301e-03,3.604224e-02,8.320510e-03,2.019091e-02,2.601693e-03,1.091192e-02,4.901222e-02,3.315830e-01,1.870299e-01,7.958017e-02,4.421472e-03,7.030931e-02,2.667214e-02
2.377763e-01,1.465598e-02,1.344265e-02,4.808505e-02,1.015585e-02,1.952587e-02,2.937323e-03,1.365653e-02,4.697943e-02,2.653620e-01,1.527309e-01,6.349904e-02,6.041936e-03,8.182112e-02,2.333004e-02
3.492734e-01,1.443048e-02,1.088791e-02,3.944730e-02,9.372836e-03,1.888599e-02,2.478563e-03,1.164563e-02,3.670514e-02,2.501791e-01,1.152694e-01,5.018911e-02,8.262623e-03,6.266898e-02,2.030360e-02
3.540646e-01,1.313511e-02,1.063830e-02,3.048083e-02,8.571785e-03,2.241902e-02,2.789524e-03,1.288454e-02,2.923982e-02,3.022538e-01,9.040060e-02,4.346221e-02,9.110287e-03,5.068446e-02,1.986508e-02
4.031681e-01,1.462583e-02,9.581489e-03,2.812320e-02,9.131172e-03,2.720686e-02,3.291910e-03,1.534510e-02,2.740642e-02,2.663504e-01,7.589188e-02,4.425773e-02,1.121872e-02,4.194940e-02,2.245178e-02
4.467530e-01,1.399137e-02,8.762963e-03,2.677534e-02,9.566750e-03,2.995351e-02,3.456566e-03,1.615867e-02,2.649450e-02,2.456578e-01,6.399487e-02,4.387870e-02,1.056697e-02,3.165626e-02,2.233267e-02
3.910144e-01,1.256538e-02,7.794358e-03,2.280885e-02,2.569084e-02,2.523041e-02,3.498723e-03,1.589875e-02,3.346475e-02,3.172179e-01,5.135215e-02,3.845555e-02,1.056107e-02,2.522165e-02,1.922514e-02
3.761330e-01,1.713365e-02,9.857184e-03,4.751550e-02,2.328999e-02,2.804836e-02,5.024323e-03,2.983749e-02,6.228456e-02,2.555973e-01,4.301955e-02,4.950794e-02,1.066505e-02,1.872384e-02,2.336229e-02
3.086786e-01,1.519136e-02,7.456688e-03,3.648290e-02,1.685846e-02,2.932280e-02,3.666307e-03,2.152059e-02,5.489761e-02,3.548616e-01,4.055761e-02,6.469980e-02,1.234877e-02,1.418336e-02,1.927350e-02
2.718389e-01,1.417164e-02,5.842819e-03,3.018601e-02,1.334350e-02,2.498771e-02,2.814242e-03,1.906558e-02,6.745480e-02,3.901038e-01,4.508489e-02,7.222097e-02,1.341545e-02,1.165001e-02,1.781967e-02
1.975136e-01,1.199239e-02,5.104464e-03,2.242983e-02,1.095446e-02,1.822352e-02,2.020259e-03,1.533069e-02,8.331874e-02,5.090383e-01,3.501935e-02,5.277788e-02,1.230081e-02,1.037891e-02,1.359680e-02
1.467306e-01,8.929582e-03,3.991530e-03,1.595644e-02,1.208481e-02,1.306095e-02,1.514716e-03,1.166343e-02,7.188925e-02,6.248171e-01,2.530057e-02,3.757752e-02,8.980778e-03,7.733557e-03,9.769200e-03
1.246975e-01,1.157352e-02,3.560091e-03,1.267042e-02,1.410031e-02,9.792323e-03,1.271240e-03,1.260921e-02,9.759933e-02,6.433195e-01,1.944282e-02,2.822697e-02,7.057148e-03,6.505742e-03,7.573970e-03
1.286498e-01,1.544256e-02,1.183315e-02,2.824996e-02,1.886819e-02,9.193934e-03,1.355441e-03,2.298420e-02,1.338995e-01,5.642876e-01,1.572835e-02,2.804065e-02,8.693324e-03,5.015981e-03,7.757359e-03
1.290888e-01,2.117092e-02,1.653896e-02,3.349137e-02,2.291264e-02,1.124168e-02,1.363918e-03,2.767714e-02,1.732903e-01,4.942204e-01,1.595034e-02,3.106058e-02,1.076164e-02,3.839062e-03,7.392256e-03
1.166434e-01,2.479538e-02,1.865922e-02,4.186306e-02,3.404620e-02,1.106313e-02,1.990921e-03,2.489199e-02,1.537996e-01,4.011913e-01,2.596741e-02,8.012068e-02,5.599160e-02,2.994858e-03,5.981300e-03
1.278940e-01,2.474734e-02,1.646794e-02,3.923286e-02,3.301226e-02,9.554598e-03,2.678986e-03,2.116864e-02,1.477437e-01,3.510153e-01,2.733064e-02,1.175136e-01,7.305256e-02,2.605150e-03,5.982337e-03
1.048170e-01,3.022202e-02,1.904094e-02,3.412540e-02,4.163714e-02,8.945031e-03,3.837839e-03,2.310533e-02,2.556666e-01,2.834964e-01,2.402803e-02,9.703783e-02,6.433956e-02,2.826871e-03,6.873991e-03
9.404368e-02,3.869174e-02,1.839822e-02,3.127199e-02,5.830175e-02,8.984536e-03,3.508587e-03,4.857431e-02,3.157155e-01,2.182660e-01,2.036437e-02,7.381116e-02,5.949967e-02,2.715439e-03,7.853112e-03
9.575561e-02,3.668585e-02,2.572825e-02,3.300422e-02,8.771382e-02,1.031005e-02,4.300778e-03,7.801685e-02,3.137383e-01,1.660273e-01,2.041436e-02,5.808984e-02,5.761511e-02,2.607557e-03,9.992126e-03
1.044509e-01,2.818804e-02,3.127386e-02,3.207387e-02,8.730277e-02,1.338114e-02,6.816048e-03,2.080418e-01,2.451579e-01,1.237963e-01,1.835683e-02,4.345538e-02,4.659431e-02,2.188731e-03,8.922197e-03
1.015517e-01,2.048530e-02,5.161420e-02,3.520228e-02,7.807451e-02,1.532235e-02,9.481138e-03,3.277349e-01,1.780020e-01,9.191111e-02,1.514813e-02,3.134442e-02,3.513498e-02,1.829593e-03,7.163430e-03
8.045999e-02,1.469833e-02,4.511856e-02,2.676198e-02,6.543031e-02,1.734808e-02,4.180705e-02,4.475235e-01,1.253108e-01,6.495647e-02,1.104454e-02,2.214181e-02,3.081130e-02,1.338056e-03,5.249240e-03
6.174329e-02,1.051218e-02,5.300261e-02,2.306257e-02,5.010088e-02,1.687237e-02,4.008395e-02,5.596525e-01,8.793771e-02,4.557210e-02,7.789393e-03,1.565418e-02,2.324215e-02,9.585544e-04,3.815620e-03
4.781143e-02,7.514068e-03,7.512023e-02,2.767407e-02,3.843276e-02,1.409750e-02,4.072258e-02,6.169692e-01,6.204180e-02,3.237785e-02,5.558452e-03,1.124402e-02,1.692017e-02,7.088495e-04,2.807121e-03
6.430343e-02,6.170989e-03,7.598881e-02,2.898473e-02,3.685835e-02,2.134617e-02,4.785111e-02,6.203001e-01,4.392770e-02,2.310161e-02,4.128002e-03,8.795477e-03,1.481950e-02,5.917388e-04,2.832348e-03
8.936098e-02,5.698105e-03,7.286592e-02,2.728784e-02,3.683837e-02,3.393031e-02,4.726399e-02,6.047739e-01,3.137096e-02,1.714096e-02,3.193222e-03,7.931046e-03,1.648932e-02,5.916930e-04,5.263464e-03
1.132962e-01,5.440290e-03,7.372883e-02,2.788258e-02,3.484613e-02,4.222585e-02,4.071403e-02,5.854425e-01,2.289356e-02,1.583024e-02,2.965273e-03,9.062650e-03,1.575956e-02,8.151658e-04,9.097166e-03
1.386506e-01,4.722723e-03,5.831787e-02,2.213571e-02,3.214113e-02,4.459459e-02,3.118886e-02,5.989947e-01,1.677965e-02,1.432428e-02,2.587956e-03,9.066124e-03,1.362479e-02,9.954702e-04,1.187557e-02
1.447372e-01,6.270806e-03,4.762486e-02,2.318857e-02,4.904112e-02,4.698382e-02,2.488548e-02,5.499830e-01,1.257847e-02,4.337846e-02,2.338592e-03,7.103854e-03,1.191670e-02,1.389392e-03,2.857974e-02
1.555285e-01,6.502091e-03,3.695995e-02,1.769992e-02,5.116687e-02,5.744097e-02,2.242836e-02,5.539512e-01,9.115105e-03,4.238379e-02,1.901426e-03,5.459596e-03,9.136310e-03,1.203751e-03,2.912219e-02
1.623072e-01,5.514318e-03,2.797054e-02,1.368895e-02,4.211979e-02,6.191770e-02,1.684147e-02,5.906442e-01,6.727543e-03,3.298392e-02,1.625070e-03,4.644074e-03,7.200082e-03,1.071489e-03,2.474358e-02
2.082580e-01,5.586646e-03,2.512371e-02,1.359523e-02,3.613789e-02,5.593777e-02,1.361613e-02,5.743360e-01,5.604490e-03,2.482084e-02,1.804254e-03,5.499843e-03,6.926971e-03,1.212909e-03,2.153929e-02
2.609952e-01,5.996784e-03,2.698021e-02,1.312423e-02,3.055298e-02,5.583756e-02,1.115108e-02,5.272596e-01,5.321411e-03,1.908474e-02,2.547879e-03,7.345845e-03,7.510481e-03,2.211369e-03,2.408066e-02
3.064429e-01,7.470265e-03,2.783649e-02,1.598305e-02,2.616814e-02,8.233771e-02,8.637865e-03,4.174122e-01,6.292767e-03,2.797448e-02,4.978608e-03,1.007749e-02,1.071646e-02,3.133769e-03,4.453783e-02
4.106381e-01,8.356372e-03,2.942286e-02,1.581338e-02,2.115966e-02,6.686380e-02,8.197007e-03,3.222271e-01,5.660249e-03,2.741189e-02,5.295143e-03,1.125654e-02,1.046126e-02,4.327753e-03,5.290887e-02
3.538852e-01,9.936625e-03,2.805213e-02,1.681214e-02,1.629703e-02,1.528650e-01,6.308681e-03,2.295982e-01,5.864679e-03,6.368584e-02,8.858980e-03,1.380752e-02,1.344659e-02,5.172817e-03,7.540858e-02
2.541662e-01,2.695747e-02,2.235398e-02,1.680306e-02,1.182575e-02,1.486914e-01,4.524998e-03,1.609238e-01,1.493519e-02,1.821802e-01,8.147548e-03,1.210630e-02,1.215972e-02,5.346930e-03,1.188775e-01
1.853455e-01,5.003860e-02,1.671195e-02,1.291701e-02,8.560802e-03,1.839361e-01,3.341125e-03,1.127696e-01,1.983794e-02,1.940679e-01,1.213504e-02,9.129633e-03,1.084114e-02,8.909972e-03,1.714576e-01
1.507048e-01,4.829139e-02,1.323402e-02,1.103682e-02,7.213240e-03,1.972622e-01,2.673934e-03,7.923109e-02,2.434254e-02,1.447761e-01,2.644673e-02,7.413944e-03,1.127971e-02,1.728361e-02,2.588099e-01
1.452371e-01,5.892467e-02,1.052367e-02,1.243064e-02,5.408030e-03,1.620457e-01,2.079460e-03,5.567035e-02,3.239068e-02,1.157660e-01,8.196796e-02,7.361562e-03,1.022340e-02,2.845152e-02,2.715193e-01
1.374848e-01,5.187275e-02,8.603619e-03,1.110411e-02,4.117577e-03,1.434983e-01,1.718299e-03,3.931925e-02,2.778569e-02,8.679005e-02,1.261679e-01,6.993354e-03,9.329822e-03,4.104038e-02,3.041741e-01
1.518669e-01,4.973406e-02,7.535489e-03,1.670557e-02,4.486661e-03,1.280542e-01,1.453722e-03,2.875938e-02,2.797332e-02,6.285101e-02,1.121686e-01,7.432754e-03,1.023077e-02,4.413913e-02,3.466084e-01
1.754079e-01,4.959310e-02,1.738968e-02,4.765213e-02,6.080988e-03,1.259017e-01,1.557417e-03,2.182291e-02,2.924252e-02,4.648969e-02,1.024852e-01,7.081618e-03,9.641380e-03,3.833522e-02,3.213186e-01
2.412798e-01,5.375315e-02,2.483718e-02,5.402384e-02,7.053949e-03,1.265855e-01,2.145637e-03,1.788168e-02,3.224884e-02,3.438741e-02,8.309311e-02,7.437044e-03,1.172586e-02,3.714165e-02,2.664055e-01
2.234216e-01,7.301179e-02,6.941667e-02,9.126340e-02,6.677238e-03,1.016225e-01,2.318284e-03,1.418268e-02,2.978374e-02,2.766639e-02,8.545122e-02,1.739472e-02,1.070407e-02,3.505023e-02,2.120355e-01
1.867939e-01,6.291704e-02,2.010000e-01,9.719411e-02,5.259897e-03,7.653264e-02,1.898043e-03,1.098633e-02,2.474065e-02,2.446986e-02,6.905112e-02,1.884361e-02,9.453344e-03,2.801600e-02,1.828435e-01
1.427804e-01,4.836479e-02,3.535243e-01,7.022814e-02,3.919972e-03,5.904288e-02,1.412363e-03,8.051682e-03,2.155318e-02,2.978169e-02,5.254773e-02,1.648070e-02,8.356540e-03,3.297566e-02,1.509800e-01
1.750519e-01,4.677341e-02,3.277539e-01,6.506339e-02,4.852239e-03,5.350026e-02,1.422215e-03,8.355310e-03,3.908367e-02,2.760155e-02,4.677422e-02,2.240783e-02,1.402283e-02,3.309720e-02,1.342401e-01
2.504343e-01,4.903882e-02,2.541857e-01,6.629871e-02,6.615758e-03,6.278673e-02,1.740657e-03,7.813983e-03,5.632517e-02,2.406838e-02,3.805174e-02,2.252337e-02,1.388758e-02,2.833900e-02,1.178902e-01
2.328022e-01,6.024622e-02,1.919642e-01,7.407697e-02,5.439629e-03,7.260135e-02,1.521580e-03,6.599321e-03,1.039006e-01,2.669250e-02,2.994119e-02,1.740028e-02,1.159911e-02,3.127245e-02,1.339425e-01
2.285529e-01,8.697067e-02,1.411348e-01,7.910461e-02,9.345006e-03,6.963216e-02,1.326169e-03,6.831502e-03,1.313334e-01,2.426196e-02,2.677760e-02,1.379993e-02,1.202358e-02,3.445961e-02,1.344462e-01
1.637389e-01,1.028400e-01,9.958533e-02,1.228236e-01,7.263975e-03,5.153097e-02,9.731681e-04,4.900660e-03,2.245849e-01,2.528943e-02,2.234705e-02,9.838670e-03,1.090209e-02,2.733912e-02,1.260422e-01
1.161592e-01,9.384749e-02,7.029592e-02,1.208288e-01,5.493836e-03,3.703851e-02,7.078629e-04,3.462025e-03,2.987545e-01,2.693313e-02,1.739505e-02,7.051691e-03,1.276697e-02,2.030297e-02,1.689622e-01
8.602817e-02,7.753625e-02,5.696533e-02,1.625473e-01,5.971419e-03,2.776678e-02,5.567536e-04,2.722890e-03,3.439704e-01,3.051773e-02,1.736073e-02,5.430072e-03,1.204769e-02,1.516811e-02,1.554105e-01
1.099885e-01,6.188080e-02,4.646215e-02,1.314613e-01,2.763589e-02,6.549595e-02,1.136730e-03,3.175133e-03,3.475820e-01,2.438068e-02,1.585011e-02,4.604626e-03,1.270349e-02,1.195914e-02,1.356836e-01
1.112627e-01,5.163392e-02,4.510265e-02,1.763793e-01,3.490008e-02,7.389589e-02,1.285016e-03,3.504891e-03,2.714255e-01,2.820652e-02,1.362705e-02,4.254160e-03,9.716893e-03,8.946649e-03,1.658589e-01
1.437060e-01,6.346191e-02,4.444081e-02,1.456230e-01,4.182035e-02,6.887190e-02,1.801253e-03,4.520594e-03,2.867833e-01,2.387718e-02,1.091824e-02,3.453098e-03,7.587032e-03,7.070634e-03,1.460647e-01
1.168756e-01,6.345487e-02,4.513792e-02,1.964122e-01,3.778655e-02,5.803651e-02,2.475941e-03,4.086138e-03,2.565642e-01,2.240624e-02,8.236824e-03,2.605400e-03,6.301135e-03,5.073946e-03,1.745466e-01
1.217487e-01,5.487893e-02,5.074970e-02,2.526235e-01,4.089472e-02,5.426376e-02,4.810108e-03,1.865819e-02,2.313420e-01,1.773907e-02,7.933296e-03,2.486478e-03,5.960776e-03,3.911288e-03,1.319995e-01
1.000299e-01,4.075547e-02,3.656579e-02,1.803824e-01,4.227793e-02,4.128216e-02,4.126214e-03,2.421471e-01,1.863918e-01,1.275269e-02,7.817551e-03,2.179090e-03,5.118570e-03,3.185899e-03,9.498740e-02
8.144610e-02,3.022026e-02,2.625992e-02,1.278986e-01,3.947365e-02,3.002604e-02,3.462028e-03,4.326934e-01,1.379534e-01,9.028138e-03,6.462412e-03,1.648920e-03,3.943841e-03,2.347759e-03,6.713554e-02
5.909585e-02,2.127515e-02,1.853108e-02,8.971257e-02,2.953698e-02,2.231424e-02,2.969636e-03,5.954659e-01,9.666764e-02,6.335918e-03,4.663997e-03,1.200937e-03,3.291201e-03,1.715511e-03,4.722345e-02
5.167423e-02,1.503313e-02,1.325141e-02,6.311096e-02,2.395867e-02,4.417319e-02,5.740472e-03,6.592703e-01,6.804474e-02,4.624803e-03,6.166850e-03,1.389085e-03,8.684049e-03,1.309101e-03,3.356902e-02
3.969870e-02,1.089798e-02,1.024322e-02,4.613248e-02,1.713627e-02,3.173145e-02,4.209163e-03,5.625950e-01,4.942968e-02,6.185872e-03,9.810062e-02,2.028570e-02,7.433617e-02,5.010236e-03,2.400751e-02
2.990461e-02,7.953587e-03,7.680771e-03,4.393091e-02,1.834827e-02,2.388012e-02,3.523251e-03,4.735562e-01,3.904444e-02,5.193418e-03,9.675600e-02,4.674123e-02,1.820831e-01,3.904325e-03,1.749980e-02
2.191062e-02,5.802080e-03,5.598540e-03,4.082942e-02,1.592443e-02,2.284817e-02,2.928445e-03,3.553466e-01,3.161402e-02,3.749794e-03,7.725303e-02,4.671821e-02,3.520410e-01,3.066833e-03,1.436879e-02
2.017144e-02,5.045242e-03,1.110392e-02,4.008510e-02,2.671217e-02,2.040522e-02,6.836977e-03,3.112232e-01,6.427145e-02,2.993985e-03,6.801885e-02,4.662907e-02,3.625055e-01,2.670997e-03,1.132696e-02
1.431137e-02,4.465033e-03,8.493545e-03,2.844273e-02,2.391300e-02,1.508053e-02,4.969980e-03,2.184040e-01,4.955486e-02,3.617203e-03,5.814093e-02,7.631442e-02,4.801224e-01,2.546492e-03,1.162358e-02
1.046267e-02,4.894922e-03,7.998867e-03,2.291961e-02,1.996440e-02,1.176463e-02,3.715982e-03,1.543041e-01,5.069651e-02,5.910266e-03,5.841917e-02,1.226579e-01,5.125349e-01,4.317154e-03,9.439048e-03
7.585372e-03,4.259000e-03,6.338568e-03,1.673509e-02,1.617274e-02,8.816458e-03,2.737911e-03,1.106904e-01,5.838659e-02,4.873674e-03,4.881608e-02,2.101295e-01,4.816630e-01,1.539952e-02,7.396113e-03
5.908437e-03,3.935890e-03,5.293886e-03,1.304088e-02,1.467153e-02,7.686879e-03,2.155613e-03,7.956016e-02,8.459607e-02,4.380950e-03,4.730958e-02,3.010636e-01,4.032686e-01,2.060512e-02,6.522873e-03
4.246567e-03,3.084592e-03,3.883726e-03,9.371874e-03,1.067868e-02,5.570209e-03,1.538729e-03,5.604563e-02,7.165529e-02,3.290243e-03,3.991026e-02,4.752055e-01,2.892559e-01,2.158505e-02,4.677735e-03
3.061894e-03,2.908790e-03,5.297583e-03,6.762693e-03,8.872359e-03,4.001401e-03,1.098208e-03,3.937440e-02,8.224946e-02,3.808900e-03,5.295949e-02,5.574911e-01,2.045996e-01,2.407328e-02,3.440839e-03
3.127592e-03,2.966953e-03,8.772750e-03,6.797084e-03,1.005523e-02,3.393100e-03,8.432795e-04,2.922392e-02,1.195148e-01,4.209803e-03,6.957868e-02,5.518768e-01,1.448495e-01,4.193408e-02,2.856434e-03
9.893136e-03,2.467314e-03,7.485691e-03,7.116544e-03,8.467562e-03,3.493228e-03,7.135652e-04,2.185108e-02,1.505282e-01,5.309077e-03,7.032415e-02,4.999207e-01,1.023087e-01,1.078504e-01,2.270611e-03
1.041438e-02,5.379032e-03,6.968518e-03,6.134636e-03,2.560541e-02,2.835194e-03,5.527243e-04,1.646034e-02,1.982085e-01,6.212390e-03,1.135447e-01,3.918493e-01,7.228620e-02,1.414272e-01,2.121411e-03
2.531594e-02,7.856801e-03,1.889666e-02,1.789989e-02,5.931116e-02,7.802457e-03,7.706243e-04,1.371174e-02,2.401206e-01,9.057742e-03,1.097775e-01,3.111632e-01,5.342307e-02,1.198711e-01,5.021523e-03
3.746562e-02,3.485058e-02,1.859983e-02,1.394502e-02,6.321801e-02,9.620114e-03,6.733338e-04,1.027929e-02,2.819560e-01,1.168728e-02,9.961913e-02,2.252918e-01,4.062920e-02,1.456184e-01,6.546305e-03
4.332889e-02,2.842878e-02,1.549376e-02,1.135759e-02,4.679019e-02,1.695047e-02,5.725752e-04,7.821966e-03,3.176686e-01,9.938693e-03,9.022431e-02,1.620227e-01,3.261406e-02,2.087645e-01,8.022866e-03
4.154097e-02,2.396820e-02,1.904319e-02,3.054005e-02,4.447372e-02,1.956334e-02,5.952731e-04,7.294630e-03,3.332773e-01,1.382664e-02,1.297033e-01,1.222519e-01,2.910139e-02,1.750822e-01,9.737778e-03
3.550795e-02,2.195930e-02,2.188971e-02,3.107952e-02,3.469372e-02,5.890166e-02,7.696364e-04,6.894021e-03,2.772095e-01,1.331469e-02,1.959336e-01,9.033597e-02,2.617514e-02,1.739357e-01,1.139997e-02
2.948820e-02,1.922812e-02,3.356574e-02,1.035022e-01,2.942234e-02,4.644108e-02,7.924427e-04,1.581797e-02,3.294612e-01,1.154653e-02,1.547493e-01,6.508573e-02,2.059934e-02,1.288659e-01,1.143395e-02
2.327103e-02,1.953091e-02,4.753014e-02,1.379574e-01,2.278949e-02,4.545276e-02,1.025984e-03,1.218726e-02,3.770511e-01,9.834094e-03,1.238965e-01,4.709068e-02,1.613938e-02,1.032267e-01,1.301661e-02
3.701052e-02,2.364308e-02,4.883729e-02,1.132341e-01,2.415192e-02,4.265123e-02,2.540073e-03,1.797262e-02,3.504323e-01,1.246062e-02,1.178849e-01,3.823385e-02,1.719064e-02,1.386852e-01,1.507154e-02
3.476296e-02,2.131290e-02,5.062980e-02,1.177096e-01,2.224674e-02,3.240612e-02,2.126823e-03,9.356998e-02,3.535903e-01,1.069318e-02,9.414317e-02,2.932122e-02,1.647307e-02,1.068615e-01,1.415271e-02
5.981079e-02,1.914012e-02,4.806348e-02,1.560030e-01,4.256503e-02,2.629383e-02,2.484296e-03,8.277173e-02,3.110928e-01,1.297366e-02,8.428896e-02,2.421304e-02,1.675088e-02,9.789240e-02,1.565603e-02
6.706226e-02,1.512088e-02,7.155575e-02,1.344274e-01,6.056783e-02,2.196734e-02,2.387614e-03,2.011965e-01,2.391694e-01,9.231198e-03,6.098065e-02,1.763690e-02,1.267964e-02,7.345758e-02,1.255908e-02
7.212052e-02,1.297916e-02,6.095756e-02,1.195681e-01,9.415954e-02,2.058006e-02,3.355067e-03,2.696120e-01,2.009977e-01,6.809387e-03,4.497660e-02,1.298667e-02,9.738656e-03,6.111695e-02,1.004207e-02
6.932624e-02,9.932813e-03,6.122487e-02,1.025848e-01,1.210678e-01,1.665973e-02,3.553810e-03,3.514075e-01,1.582600e-01,4.881130e-03,3.259584e-02,9.543625e-03,7.256110e-03,4.445259e-02,7.253123e-03
7.730981e-02,8.348310e-03,5.538244e-02,1.002029e-01,1.571220e-01,1.479808e-02,3.069594e-03,3.727702e-01,1.257725e-01,3.904959e-03,2.519806e-02,7.332148e-03,5.527402e-03,3.772034e-02,5.541122e-03
7.405928e-02,7.915013e-03,4.237081e-02,8.422174e-02,1.672607e-01,1.407385e-02,2.353051e-03,4.357237e-01,1.089981e-01,2.865932e-03,1.878339e-02,5.427364e-03,4.057371e-03,2.782598e-02,4.063735e-03
5.830275e-02,6.023901e-03,3.046911e-02,6.386116e-02,1.217159e-01,1.325237e-02,1.739457e-03,5.774701e-01,8.211090e-02,2.049944e-03,1.344569e-02,3.976780e-03,2.952510e-03,1.972578e-02,2.903651e-03
4.518550e-02,4.433543e-03,2.161489e-02,4.837843e-02,8.720105e-02,9.474752e-03,1.253761e-03,6.909870e-01,5.968609e-02,1.447325e-03,9.502271e-03,2.817571e-03,2.131293e-03,1.383976e-02,2.046742e-03
3.807070e-02,3.347805e-03,1.526543e-02,3.500370e-02,6.260400e-02,6.778971e-03,9.122849e-04,7.722793e-01,4.316096e-02,1.017708e-03,6.731131e-03,2.044454e-03,1.626513e-03,9.710312e-03,1.446767e-03
3.986243e-02,3.131968e-03,1.130647e-02,2.726121e-02,4.464037e-02,6.112583e-03,7.590601e-04,8.182123e-01,3.114370e-02,7.429849e-04,5.139889e-03,1.800222e-03,1.632352e-03,7.026901e-03,1.227595e-03
5.507858e-02,1.066990e-02,8.820810e-03,3.185729e-02,3.284983e-02,6.454461e-03,8.440546e-04,6.750008e-01,5.091448e-02,4.714345e-03,1.671383e-02,7.366524e-03,8.340209e-02,1.012681e-02,5.186245e-03
5.141360e-02,1.307845e-02,1.015591e-02,3.149374e-02,2.402569e-02,6.702655e-03,1.098412e-03,5.014040e-01,5.065430e-02,7.480077e-03,3.662492e-02,1.731031e-02,2.285869e-01,8.142626e-03,1.182843e-02
4.401455e-02,1.580259e-02,2.046046e-02,3.092413e-02,1.774787e-02,9.136915e-03,1.281040e-03,3.626730e-01,4.759222e-02,8.211193e-03,4.052867e-02,4.037910e-02,3.343164e-01,6.741000e-03,2.019090e-02
8.337245e-02,2.748781e-02,3.526624e-02,3.274649e-02,1.390520e-02,2.111797e-02,2.100007e-03,2.622450e-01,5.083116e-02,1.079314e-02,4.108042e-02,6.756115e-02,3.031121e-01,8.862996e-03,3.951784e-02
1.301826e-01,2.229159e-02,3.152686e-02,2.486221e-02,1.131450e-02,1.860053e-02,2.028034e-03,1.910192e-01,4.660704e-02,1.167709e-02,4.411032e-02,7.656777e-02,3.486149e-01,9.362797e-03,3.123462e-02
2.241881e-01,1.921398e-02,2.574124e-02,1.950762e-02,1.040161e-02,2.289006e-02,2.210305e-03,1.402088e-01,4.581019e-02,9.080292e-03,4.043890e-02,9.545016e-02,3.091656e-01,9.073793e-03,2.661937e-02
2.196473e-01,2.259550e-02,2.363494e-02,2.042124e-02,1.153997e-02,3.872503e-02,2.019180e-03,9.928012e-02,3.722176e-02,8.762293e-03,3.520776e-02,2.154739e-01,2.229911e-01,8.390743e-03,3.408921e-02
1.984164e-01,1.987702e-02,1.919586e-02,1.763968e-02,9.301717e-03,4.164008e-02,1.908826e-03,7.029563e-02,3.004947e-02,7.503776e-03,3.445855e-02,3.524085e-01,1.592904e-01,9.352127e-03,2.866197e-02
2.769151e-01,2.213081e-02,1.852326e-02,1.546549e-02,1.591796e-02,3.683202e-02,2.115268e-03,5.108136e-02,3.128754e-02,7.480978e-03,2.858374e-02,3.468171e-01,1.139412e-01,8.501744e-03,2.440639e-02
3.796774e-01,2.183517e-02,1.924184e-02,1.402728e-02,2.319571e-02,3.538625e-02,2.139251e-03,3.972373e-02,2.585980e-02,7.653058e-03,2.482222e-02,2.977292e-01,8.139788e-02,7.555592e-03,1.975567e-02
4.986034e-01,2.000463e-02,1.676942e-02,1.323026e-02,2.113661e-02,3.260526e-02,1.946023e-03,2.992933e-02,2.033372e-02,6.898217e-03,2.012972e-02,2.367645e-01,5.820224e-02,6.644756e-03,1.680198e-02
1.000000e+00,0.000000e+00,0.000000e+00,0.000000e+00,0.000000e+00,0.000000e+00,0.000000e+00,0.000000e+00,0.000000e+00,0.000000e+00,0.000000e+00,0.000000e+00,0.000000e+00,0.000000e+00,0.000000e+00
1.000000e+00,0.000000e+00,0.000000e+00,0.000000e+00,0.000000e+00,0.000000e+00,0.000000e+00,0.000000e+00,0.000000e+00,0.000000e+00,0.000000e+00,0.000000e+00,0.000000e+00,0.000000e+00,0.000000e+00
1.000000e+00,0.000000e+00,0.000000e+00,0.000000e+00,0.000000e+00,0.000000e+00,0.000000e+00,0.000000e+00,0.000000e+00,0.000000e+00,0.000000e+00,0.000000e+00,0.000000e+00,0.000000e+00,0.000000e+00
1.000000e+00,0.000000e+00,0.000000e+00,0.000000e+00,0.000000e+00,0.000000e+00,0.000000e+00,0.000000e+00,0.000000e+00,0.000000e+00,0.000000e+00,0.000000e+00,0.000000e+00,0.000000e+00,0.000000e+00
1.000000e+00,0.000000e+00,0.000000e+00,0.000000e+00,0.000000e+00,0.000000e+00,0.000000e+00,0.000000e+00,0.000000e+00,0.000000e+00,0.000000e+00,0.000000e+00,0.000000e+00,0.000000e+00,0.000000e+00
4.127607e-01,1.586455e-02,2.020649e-02,3.305160e-02,2.278339e-02,3.334447e-02,2.832296e-03,1.117219e-02,7.486607e-03,5.516452e-03,5.729189e-02,3.473140e-01,9.721327e-03,7.211407e-03,1.344274e-02
3.307905e-01,1.479156e-02,1.659698e-02,2.561584e-02,2.174205e-02,3.090347e-02,3.403006e-03,1.017073e-02,7.094284e-03,4.743893e-03,1.518967e-01,3.544017e-01,7.851743e-03,9.822844e-03,1.017478e-02
2.741112e-01,1.535394e-02,1.419488e-02,2.134458e-02,1.664794e-02,4.094309e-02,2.989314e-03,8.222601e-03,6.511922e-03,3.844026e-03,2.193139e-01,3.522750e-01,6.239023e-03,9.438558e-03,8.570045e-03
2.197038e-01,2.770284e-02,1.902573e-02,1.874175e-02,6.329243e-02,4.175285e-02,4.002335e-03,1.396168e-02,6.626252e-03,4.306785e-03,1.967022e-01,3.601836e-01,5.392789e-03,1.210998e-02,6.495106e-03
2.214073e-01,3.602484e-02,2.077713e-02,1.758324e-02,6.862962e-02,3.635837e-02,4.556028e-03,1.514852e-02,6.910373e-03,4.362093e-03,2.102376e-01,3.294802e-01,4.895428e-03,1.770806e-02,5.921230e-03
1.856050e-01,2.846329e-02,2.771878e-02,1.661860e-02,5.960064e-02,3.564274e-02,7.208474e-03,2.161060e-02,5.913336e-03,3.945915e-03,2.143209e-01,3.698922e-01,4.262000e-03,1.480830e-02,4.389346e-03
1.697665e-01,2.856142e-02,2.760150e-02,1.458302e-02,5.134518e-02,2.893070e-02,7.180695e-03,2.416583e-02,5.557493e-03,3.305079e-03,2.231361e-01,3.951454e-01,3.539329e-03,1.360033e-02,3.581452e-03
2.032780e-01,3.246845e-02,2.485884e-02,1.676935e-02,6.219612e-02,2.625257e-02,6.961704e-03,2.537619e-02,8.170605e-03,2.926395e-03,2.050544e-01,3.660574e-01,3.356263e-03,1.290223e-02,3.371433e-03
2.492542e-01,3.007101e-02,2.085617e-02,1.744504e-02,5.523188e-02,2.419415e-02,8.713456e-03,3.115112e-02,8.666392e-03,2.628744e-03,2.039784e-01,3.289419e-01,3.558605e-03,1.126591e-02,4.043065e-03
2.688781e-01,2.830094e-02,1.947070e-02,1.756171e-02,5.947648e-02,2.911013e-02,1.279184e-02,3.705290e-02,9.992136e-03,2.777047e-03,1.837565e-01,3.126505e-01,3.449927e-03,1.064317e-02,4.087971e-03
2.620921e-01,2.863557e-02,1.808831e-02,1.525304e-02,7.552401e-02,8.403587e-02,1.281878e-02,3.819702e-02,1.060864e-02,8.800895e-03,1.506029e-01,2.713942e-01,2.819541e-03,1.637432e-02,4.754856e-03
2.703357e-01,2.524806e-02,2.272245e-02,1.928398e-02,9.026308e-02,6.744388e-02,1.721019e-02,6.839826e-02,1.173169e-02,7.909399e-03,1.475578e-01,2.280580e-01,3.475771e-03,1.587383e-02,4.487830e-03
3.030763e-01,2.274856e-02,2.308647e-02,1.982864e-02,1.143919e-01,6.436767e-02,1.449880e-02,6.062560e-02,1.406850e-02,7.485609e-03,1.260921e-01,2.000798e-01,3.954038e-03,2.006754e-02,5.628448e-03
3.375069e-01,2.273424e-02,2.266321e-02,2.625330e-02,1.254682e-01,5.667309e-02,1.183000e-02,5.720220e-02,2.458852e-02,7.885580e-03,1.144980e-01,1.617731e-01,4.157495e-03,1.998737e-02,6.778729e-03
3.191804e-01,2.160362e-02,2.693148e-02,3.774922e-02,1.564335e-01,5.663135e-02,9.692970e-03,8.655521e-02,2.219405e-02,7.268805e-03,9.595954e-02,1.284143e-01,3.861484e-03,2.117546e-02,6.348584e-03
3.648126e-01,1.686332e-02,5.041631e-02,5.850203e-02,1.208576e-01,4.413728e-02,7.222522e-03,8.883201e-02,2.046904e-02,6.711849e-03,9.537981e-02,9.692495e-02,3.287851e-03,2.017634e-02,5.406519e-03
2.889799e-01,1.218183e-02,4.649050e-02,6.095693e-02,8.988228e-02,3.158456e-02,6.114167e-03,2.852725e-01,1.477088e-02,5.017601e-03,6.908249e-02,6.901464e-02,2.488542e-03,1.428707e-02,3.876072e-03
2.813321e-01,9.120774e-03,4.914844e-02,6.896222e-02,7.261562e-02,2.360600e-02,5.988643e-03,3.541768e-01,1.173455e-02,4.619089e-03,5.168857e-02,5.113869e-02,2.336950e-03,1.052358e-02,3.008058e-03
2.052640e-01,6.490719e-03,4.241608e-02,5.552268e-02,5.352427e-02,1.692459e-02,5.084540e-03,5.193665e-01,8.342132e-03,3.444447e-03,3.631729e-02,3.601420e-02,1.706750e-03,7.435158e-03,2.146662e-03
1.454400e-01,4.566545e-03,3.351674e-02,4.160891e-02,4.081121e-02,1.193141e-02,3.749457e-03,6.515164e-01,5.849174e-03,2.420828e-03,2.544107e-02,2.522784e-02,1.207058e-03,5.208021e-03,1.505371e-03
1.039060e-01,3.224498e-03,2.715188e-02,3.411434e-02,3.340109e-02,8.775747e-03,2.798989e-03,7.395021e-01,4.158827e-03,1.719314e-03,1.785057e-02,1.771130e-02,9.571112e-04,3.653554e-03,1.074804e-03
7.733384e-02,2.451874e-03,2.193801e-02,2.664772e-02,4.481063e-02,1.105978e-02,2.094022e-03,7.786394e-01,3.173684e-03,1.399950e-03,1.329341e-02,1.259699e-02,1.059331e-03,2.616387e-03,8.849917e-04
8.046061e-02,2.331003e-03,1.932655e-02,2.603211e-02,1.009482e-01,1.858617e-02,1.775134e-03,7.238755e-01,2.582836e-03,1.173725e-03,9.791906e-03,9.182489e-03,9.401870e-04,2.012191e-03,9.813642e-04
7.428294e-02,2.096639e-03,2.480668e-02,2.876563e-02,1.617871e-01,1.880905e-02,2.248052e-03,6.651309e-01,2.346619e-03,1.604647e-03,7.195300e-03,6.864691e-03,9.723104e-04,1.489558e-03,1.599864e-03
6.325794e-02,1.897147e-03,4.857776e-02,2.684874e-02,1.546979e-01,1.659981e-02,3.013325e-03,6.540406e-01,2.227040e-03,1.154625e-02,5.650501e-03,5.132575e-03,1.407659e-03,1.192474e-03,3.910262e-03
7.976164e-02,3.148509e-03,5.284006e-02,2.530356e-02,1.661123e-01,3.369558e-02,3.557029e-03,6.038686e-01,2.856735e-03,1.041453e-02,5.161976e-03,4.773521e-03,1.816575e-03,1.126393e-03,5.562971e-03
1.090638e-01,4.834371e-03,4.490927e-02,2.274997e-02,1.518846e-01,3.572686e-02,3.803432e-03,5.973574e-01,2.770462e-03,8.323310e-03,4.355094e-03,5.345388e-03,2.054523e-03,1.093102e-03,5.728436e-03
1.420217e-01,4.495918e-03,4.163826e-02,2.175515e-02,1.205702e-01,3.419199e-02,4.002708e-03,6.049389e-01,2.512853e-03,6.584453e-03,3.725646e-03,5.370042e-03,2.095968e-03,1.044753e-03,5.051485e-03
1.573242e-01,3.754722e-03,3.758700e-02,2.449777e-02,8.894567e-02,4.062721e-02,3.157985e-03,6.165138e-01,2.441421e-03,5.578682e-03,4.251685e-03,5.311810e-03,2.377314e-03,1.112055e-03,6.518658e-03
1.865372e-01,3.934648e-03,3.403273e-02,2.965380e-02,6.942719e-02,5.718739e-02,3.063752e-03,5.769411e-01,3.074886e-03,5.591404e-03,6.508488e-03,9.527229e-03,3.437852e-03,1.744334e-03,9.338034e-03
