1.000000e+00,0.000000e+00,0.000000e+00,0.000000e+00,0.000000e+00,0.000000e+00,0.000000e+00,0.000000e+00,0.000000e+00,0.000000e+00,0.000000e+00,0.000000e+00,0.000000e+00,0.000000e+00,0.000000e+00
1.000000e+00,0.000000e+00,0.000000e+00,0.000000e+00,0.000000e+00,0.000000e+00,0.000000e+00,0.000000e+00,0.000000e+00,0.000000e+00,0.000000e+00,0.000000e+00,0.000000e+00,0.000000e+00,0.000000e+00
1.000000e+00,0.000000e+00,0.000000e+00,0.000000e+00,0.000000e+00,0.000000e+00,0.000000e+00,0.000000e+00,0.000000e+00,0.000000e+00,0.000000e+00,0.000000e+00,0.000000e+00,0.000000e+00,0.000000e+00
1.000000e+00,0.000000e+00,0.000000e+00,0.000000e+00,0.000000e+00,0.000000e+00,0.000000e+00,0.000000e+00,0.000000e+00,0.000000e+00,0.000000e+00,0.000000e+00,0.000000e+00,0.000000e+00,0.000000e+00
1.000000e+00,0.000000e+00,0.000000e+00,0.000000e+00,0.000000e+00,0.000000e+00,0.000000e+00,0.000000e+00,0.000000e+00,0.000000e+00,0.000000e+00,0.000000e+00,0.000000e+00,0.000000e+00,0.000000e+00
1.000000e+00,0.000000e+00,0.000000e+00,0.000000e+00,0.000000e+00,0.000000e+00,0.000000e+00,0.000000e+00,0.000000e+00,0.000000e+00,0.000000e+00,0.000000e+00,0.000000e+00,0.000000e+00,0.000000e+00
1.000000e+00,0.000000e+00,0.000000e+00,0.000000e+00,0.000000e+00,0.000000e+00,0.000000e+00,0.000000e+00,0.000000e+00,0.000000e+00,0.000000e+00,0.000000e+00,0.000000e+00,0.000000e+00,0.000000e+00
1.000000e+00,0.000000e+00,0.000000e+00,0.000000e+00,0.000000e+00,0.000000e+00,0.000000e+00,0.000000e+00,0.000000e+00,0.000000e+00,0.000000e+00,0.000000e+00,0.000000e+00,0.000000e+00,0.000000e+00
1.000000e+00,0.000000e+00,0.000000e+00,0.000000e+00,0.000000e+00,0.000000e+00,0.000000e+00,0.000000e+00,0.000000e+00,0.000000e+00,0.000000e+00,0.000000e+00,0.000000e+00,0.000000e+00,0.000000e+00
1.000000e+00,0.000000e+00,0.000000e+00,0.000000e+00,0.000000e+00,0.000000e+00,0.000000e+00,0.000000e+00,0.000000e+00,0.000000e+00,0.000000e+00,0.000000e+00,0.000000e+00,0.000000e+00,0.000000e+00
1.000000e+00,0.000000e+00,0.000000e+00,0.000000e+00,0.000000e+00,0.000000e+00,0.000000e+00,0.000000e+00,0.000000e+00,0.000000e+00,0.000000e+00,0.000000e+00,0.000000e+00,0.000000e+00,0.000000e+00
1.000000e+00,0.000000e+00,0.000000e+00,0.000000e+00,0.000000e+00,0.000000e+00,0.000000e+00,0.000000e+00,0.000000e+00,0.000000e+00,0.000000e+00,0.000000e+00,0.000000e+00,0.000000e+00,0.000000e+00
1.000000e+00,0.000000e+00,0.000000e+00,0.000000e+00,0.000000e+00,0.000000e+00,0.000000e+00,0.000000e+00,0.000000e+00,0.000000e+00,0.000000e+00,0.000000e+00,0.000000e+00,0.000000e+00,0.000000e+00
1.000000e+00,0.000000e+00,0.000000e+00,0.000000e+00,0.000000e+00,0.000000e+00,0.000000e+00,0.000000e+00,0.000000e+00,0.000000e+00,0.000000e+00,0.000000e+00,0.000000e+00,0.000000e+00,0.000000e+00
1.000000e+00,0.000000e+00,0.000000e+00,0.000000e+00,0.000000e+00,0.000000e+00,0.000000e+00,0.000000e+00,0.000000e+00,0.000000e+00,0.000000e+00,0.000000e+00,0.000000e+00,0.000000e+00,0.000000e+00
1.000000e+00,0.000000e+00,0.000000e+00,0.000000e+00,0.000000e+00,0.000000e+00,0.000000e+00,0.000000e+00,0.000000e+00,0.000000e+00,0.000000e+00,0.000000e+00,0.000000e+00,0.000000e+00,0.000000e+00
1.000000e+00,0.000000e+00,0.000000e+00,0.000000e+00,0.000000e+00,0.000000e+00,0.000000e+00,0.000000e+00,0.000000e+00,0.000000e+00,0.000000e+00,0.000000e+00,0.000000e+00,0.000000e+00,0.000000e+00
1.000000e+00,0.000000e+00,0.000000e+00,0.000000e+00,0.000000e+00,0.000000e+00,0.000000e+00,0.000000e+00,0.000000e+00,0.000000e+00,0.000000e+00,0.000000e+00,0.000000e+00,0.000000e+00,0.000000e+00
1.000000e+00,0.000000e+00,0.000000e+00,0.000000e+00,0.000000e+00,0.000000e+00,0.000000e+00,0.000000e+00,0.000000e+00,0.000000e+00,0.000000e+00,0.000000e+00,0.000000e+00,0.000000e+00,0.000000e+00
1.000000e+00,0.000000e+00,0.000000e+00,0.000000e+00,0.000000e+00,0.000000e+00,0.000000e+00,0.000000e+00,0.000000e+00,0.000000e+00,0.000000e+00,0.000000e+00,0.000000e+00,0.000000e+00,0.000000e+00
1.000000e+00,0.000000e+00,0.000000e+00,0.000000e+00,0.000000e+00,0.000000e+00,0.000000e+00,0.000000e+00,0.000000e+00,0.000000e+00,0.000000e+00,0.000000e+00,0.000000e+00,0.000000e+00,0.000000e+00
1.000000e+00,0.000000e+00,0.000000e+00,0.000000e+00,0.000000e+00,0.000000e+00,0.000000e+00,0.000000e+00,0.000000e+00,0.000000e+00,0.000000e+00,0.000000e+00,0.000000e+00,0.000000e+00,0.000000e+00
1.000000e+00,0.000000e+00,0.000000e+00,0.000000e+00,0.000000e+00,0.000000e+00,0.000000e+00,0.000000e+00,0.000000e+00,0.000000e+00,0.000000e+00,0.000000e+00,0.000000e+00,0.000000e+00,0.000000e+00
1.000000e+00,0.000000e+00,0.000000e+00,0.000000e+00,0.000000e+00,0.000000e+00,0.000000e+00,0.000000e+00,0.000000e+00,0.000000e+00,0.000000e+00,0.000000e+00,0.000000e+00,0.000000e+00,0.000000e+00
1.000000e+00,0.000000e+00,0.000000e+00,0.000000e+00,0.000000e+00,0.000000e+00,0.000000e+00,0.000000e+00,0.000000e+00,0.000000e+00,0.000000e+00,0.000000e+00,0.000000e+00,0.000000e+00,0.000000e+00
1.000000e+00,0.000000e+00,0.000000e+00,0.000000e+00,0.000000e+00,0.000000e+00,0.000000e+00,0.000000e+00,0.000000e+00,0.000000e+00,0.000000e+00,0.000000e+00,0.000000e+00,0.000000e+00,0.000000e+00
1.000000e+00,0.000000e+00,0.000000e+00,0.000000e+00,0.000000e+00,0.000000e+00,0.000000e+00,0.000000e+00,0.000000e+00,0.000000e+00,0.000000e+00,0.000000e+00,0.000000e+00,0.000000e+00,0.000000e+00
1.000000e+00,0.000000e+00,0.000000e+00,0.000000e+00,0.000000e+00,0.000000e+00,0.000000e+00,0.000000e+00,0.000000e+00,0.000000e+00,0.000000e+00,0.000000e+00,0.000000e+00,0.000000e+00,0.000000e+00
1.000000e+00,0.000000e+00,0.000000e+00,0.000000e+00,0.000000e+00,0.000000e+00,0.000000e+00,0.000000e+00,0.000000e+00,0.000000e+00,0.000000e+00,0.000000e+00,0.000000e+00,0.000000e+00,0.000000e+00
1.000000e+00,0.000000e+00,0.000000e+00,0.000000e+00,0.000000e+00,0.000000e+00,0.000000e+00,0.000000e+00,0.000000e+00,0.000000e+00,0.000000e+00,0.000000e+00,0.000000e+00,0.000000e+00,0.000000e+00
1.000000e+00,0.000000e+00,0.000000e+00,0.000000e+00,0.000000e+00,0.000000e+00,0.000000e+00,0.000000e+00,0.000000e+00,0.000000e+00,0.000000e+00,0.000000e+00,0.000000e+00,0.000000e+00,0.000000e+00
1.000000e+00,0.000000e+00,0.000000e+00,0.000000e+00,0.000000e+00,0.000000e+00,0.000000e+00,0.000000e+00,0.000000e+00,0.000000e+00,0.000000e+00,0.000000e+00,0.000000e+00,0.000000e+00,0.000000e+00
1.000000e+00,0.000000e+00,0.000000e+00,0.000000e+00,0.000000e+00,0.000000e+00,0.000000e+00,0.000000e+00,0.000000e+00,0.000000e+00,0.000000e+00,0.000000e+00,0.000000e+00,0.000000e+00,0.000000e+00
1.000000e+00,0.000000e+00,0.000000e+00,0.000000e+00,0.000000e+00,0.000000e+00,0.000000e+00,0.000000e+00,0.000000e+00,0.000000e+00,0.000000e+00,0.000000e+00,0.000000e+00,0.000000e+00,0.000000e+00
1.000000e+00,0.000000e+00,0.000000e+00,0.000000e+00,0.000000e+00,0.000000e+00,0.000000e+00,0.000000e+00,0.000000e+00,0.000000e+00,0.000000e+00,0.000000e+00,0.000000e+00,0.000000e+00,0.000000e+00
1.000000e+00,0.000000e+00,0.000000e+00,0.000000e+00,0.000000e+00,0.000000e+00,0.000000e+00,0.000000e+00,0.000000e+00,0.000000e+00,0.000000e+00,0.000000e+00,0.000000e+00,0.000000e+00,0.000000e+00
1.000000e+00,0.000000e+00,0.000000e+00,0.000000e+00,0.000000e+00,0.000000e+00,0.000000e+00,0.000000e+00,0.000000e+00,0.000000e+00,0.000000e+00,0.000000e+00,0.000000e+00,0.000000e+00,0.000000e+00
1.000000e+00,0.000000e+00,0.000000e+00,0.000000e+00,0.000000e+00,0.000000e+00,0.000000e+00,0.000000e+00,0.000000e+00,0.000000e+00,0.000000e+00,0.000000e+00,0.000000e+00,0.000000e+00,0.000000e+00
1.000000e+00,0.000000e+00,0.000000e+00,0.000000e+00,0.000000e+00,0.000000e+00,0.000000e+00,0.000000e+00,0.000000e+00,0.000000e+00,0.000000e+00,0.000000e+00,0.000000e+00,0.000000e+00,0.000000e+00
1.000000e+00,0.000000e+00,0.000000e+00,0.000000e+00,0.000000e+00,0.000000e+00,0.000000e+00,0.000000e+00,0.000000e+00,0.000000e+00,0.000000e+00,0.000000e+00,0.000000e+00,0.000000e+00,0.000000e+00
1.000000e+00,0.000000e+00,0.000000e+00,0.000000e+00,0.000000e+00,0.000000e+00,0.000000e+00,0.000000e+00,0.000000e+00,0.000000e+00,0.000000e+00,0.000000e+00,0.000000e+00,0.000000e+00,0.000000e+00
1.000000e+00,0.000000e+00,0.000000e+00,0.000000e+00,0.000000e+00,0.000000e+00,0.000000e+00,0.000000e+00,0.000000e+00,0.000000e+00,0.000000e+00,0.000000e+00,0.000000e+00,0.000000e+00,0.000000e+00
1.000000e+00,0.000000e+00,0.000000e+00,0.000000e+00,0.000000e+00,0.000000e+00,0.000000e+00,0.000000e+00,0.000000e+00,0.000000e+00,0.000000e+00,0.000000e+00,0.000000e+00,0.000000e+00,0.000000e+00
1.000000e+00,0.000000e+00,0.000000e+00,0.000000e+00,0.000000e+00,0.000000e+00,0.000000e+00,0.000000e+00,0.000000e+00,0.000000e+00,0.000000e+00,0.000000e+00,0.000000e+00,0.000000e+00,0.000000e+00
1.000000e+00,0.000000e+00,0.000000e+00,0.000000e+00,0.000000e+00,0.000000e+00,0.000000e+00,0.000000e+00,0.000000e+00,0.000000e+00,0.000000e+00,0.000000e+00,0.000000e+00,0.000000e+00,0.000000e+00
1.000000e+00,0.000000e+00,0.000000e+00,0.000000e+00,0.000000e+00,0.000000e+00,0.000000e+00,0.000000e+00,0.000000e+00,0.000000e+00,0.000000e+00,0.000000e+00,0.000000e+00,0.000000e+00,0.000000e+00
1.000000e+00,0.000000e+00,0.000000e+00,0.000000e+00,0.000000e+00,0.000000e+00,0.000000e+00,0.000000e+00,0.000000e+00,0.000000e+00,0.000000e+00,0.000000e+00,0.000000e+00,0.000000e+00,0.000000e+00
1.000000e+00,0.000000e+00,0.000000e+00,0.000000e+00,0.000000e+00,0.000000e+00,0.000000e+00,0.000000e+00,0.000000e+00,0.000000e+00,0.000000e+00,0.000000e+00,0.000000e+00,0.000000e+00,0.000000e+00
1.000000e+00,0.000000e+00,0.000000e+00,0.000000e+00,0.000000e+00,0.000000e+00,0.000000e+00,0.000000e+00,0.000000e+00,0.000000e+00,0.000000e+00,0.000000e+00,0.000000e+00,0.000000e+00,0.000000e+00
1.000000e+00,0.000000e+00,0.000000e+00,0.000000e+00,0.000000e+00,0.000000e+00,0.000000e+00,0.000000e+00,0.000000e+00,0.000000e+00,0.000000e+00,0.000000e+00,0.000000e+00,0.000000e+00,0.000000e+00
1.000000e+00,0.000000e+00,0.000000e+00,0.000000e+00,0.000000e+00,0.000000e+00,0.000000e+00,0.000000e+00,0.000000e+00,0.000000e+00,0.000000e+00,0.000000e+00,0.000000e+00,0.000000e+00,0.000000e+00
1.000000e+00,0.000000e+00,0.000000e+00,0.000000e+00,0.000000e+00,0.000000e+00,0.000000e+00,0.000000e+00,0.000000e+00,0.000000e+00,0.000000e+00,0.000000e+00,0.000000e+00,0.000000e+00,0.000000e+00
1.000000e+00,0.000000e+00,0.000000e+00,0.000000e+00,0.000000e+00,0.000000e+00,0.000000e+00,0.000000e+00,0.000000e+00,0.000000e+00,0.000000e+00,0.000000e+00,0.000000e+00,0.000000e+00,0.000000e+00
1.000000e+00,0.000000e+00,0.000000e+00,0.000000e+00,0.000000e+00,0.000000e+00,0.000000e+00,0.000000e+00,0.000000e+00,0.000000e+00,0.000000e+00,0.000000e+00,0.000000e+00,0.000000e+00,0.000000e+00
1.000000e+00,0.000000e+00,0.000000e+00,0.000000e+00,0.000000e+00,0.000000e+00,0.000000e+00,0.000000e+00,0.000000e+00,0.000000e+00,0.000000e+00,0.000000e+00,0.000000e+00,0.000000e+00,0.000000e+00
1.000000e+00,0.000000e+00,0.000000e+00,0.000000e+00,0.000000e+00,0.000000e+00,0.000000e+00,0.000000e+00,0.000000e+00,0.000000e+00,0.000000e+00,0.000000e+00,0.000000e+00,0.000000e+00,0.000000e+00
4.836990e-01,1.175988e-02,4.128005e-02,1.026743e-01,7.014716e-03,1.106878e-02,3.206106e-03,2.644942e-01,5.248097e-03,1.413762e-03,1.513570e-02,2.288379e-02,1.511556e-02,3.458726e-03,1.154733e-02
3.442903e-01,8.372890e-03,3.011133e-02,7.299189e-02,5.475499e-03,8.276012e-03,2.734326e-03,4.738389e-01,3.752013e-03,1.015832e-03,1.095719e-02,1.631543e-02,1.107687e-02,2.534496e-03,8.256989e-03
2.457862e-01,5.959136e-03,2.179416e-02,5.155314e-02,4.103156e-03,6.104206e-03,2.553936e-03,6.236045e-01,2.659643e-03,7.300156e-04,7.845343e-03,1.158163e-02,7.969287e-03,1.868775e-03,5.886945e-03
1.740146e-01,4.217021e-03,1.545593e-02,3.635604e-02,3.067665e-03,4.551636e-03,2.115331e-03,7.325717e-01,1.877476e-03,5.203406e-04,5.634627e-03,8.219618e-03,5.800610e-03,1.435650e-03,4.161835e-03
1.287811e-01,3.172978e-03,1.093445e-02,2.590224e-02,2.853980e-03,3.438322e-03,1.595888e-03,7.136310e-01,1.552431e-03,1.189413e-03,2.962484e-02,1.755945e-02,4.145669e-02,1.514476e-02,3.162526e-03
9.126368e-02,2.675934e-03,7.715084e-03,1.944509e-02,2.330332e-03,2.652987e-03,1.190782e-03,6.056709e-01,1.477204e-03,3.084823e-03,9.989628e-02,6.637225e-02,3.822362e-02,5.559614e-02,2.404896e-03
6.425685e-02,2.546115e-03,5.477377e-03,1.402106e-02,1.840499e-03,1.939425e-03,8.630507e-04,4.311931e-01,4.747682e-03,4.566761e-02,1.121969e-01,1.082705e-01,1.214148e-01,8.167408e-02,3.890960e-03
4.573203e-02,3.963263e-03,4.416060e-03,1.501124e-02,1.985696e-03,1.543403e-03,6.762967e-04,3.148821e-01,1.405963e-02,3.868096e-02,1.098610e-01,2.270332e-01,1.358814e-01,8.282843e-02,3.445302e-03
3.756903e-02,1.277135e-02,5.640162e-03,1.370645e-02,2.343316e-03,4.697147e-03,9.202139e-04,2.271340e-01,3.093753e-02,3.166233e-02,1.050044e-01,2.974675e-01,1.347124e-01,8.781822e-02,7.615922e-03
2.702490e-02,1.205067e-02,8.358011e-03,1.282271e-02,1.894095e-03,5.187197e-03,7.179003e-04,1.594447e-01,2.682766e-02,2.310139e-02,7.921767e-02,4.741107e-01,9.854504e-02,6.363434e-02,7.063096e-03
2.346128e-02,1.051067e-02,8.702854e-03,1.490208e-02,2.531512e-03,5.313932e-03,6.387095e-04,1.126393e-01,2.922563e-02,1.739948e-02,6.721201e-02,5.778963e-01,7.501194e-02,4.874919e-02,5.805084e-03
1.834925e-02,8.159411e-03,8.724568e-03,1.378444e-02,4.159736e-03,6.833246e-03,7.024409e-04,8.196421e-02,2.850548e-02,1.272167e-02,5.436063e-02,6.665857e-01,5.513247e-02,3.534355e-02,4.673124e-03
3.454135e-02,6.941494e-03,7.206225e-03,2.179883e-02,8.760165e-03,7.880129e-03,7.991875e-04,6.010330e-02,2.535655e-02,1.049897e-02,6.080414e-02,6.811581e-01,4.068731e-02,2.820828e-02,5.255903e-03
2.488903e-02,6.293299e-03,6.374897e-03,1.863822e-02,3.151055e-02,6.060203e-03,7.043406e-04,4.233568e-02,2.096030e-02,7.900029e-03,5.644508e-02,7.230572e-01,2.916720e-02,2.098429e-02,4.679620e-03
1.836786e-02,6.748023e-03,1.080446e-02,1.411887e-02,8.788893e-02,4.675138e-03,6.895954e-04,2.975396e-02,1.871580e-02,1.092825e-02,5.063384e-02,7.029655e-01,2.107488e-02,1.668664e-02,5.948245e-03
1.736453e-02,1.787977e-02,1.923685e-02,1.045767e-02,1.681650e-01,5.327792e-03,5.475039e-04,2.129920e-02,1.544611e-02,1.199198e-02,5.238512e-02,6.204467e-01,1.620272e-02,1.624471e-02,7.004319e-03
4.894017e-02,2.992372e-02,2.384367e-02,8.028631e-03,2.007546e-01,1.036484e-02,1.357585e-03,2.064656e-02,1.434373e-02,9.929886e-03,4.764610e-02,5.503821e-01,1.288661e-02,1.479998e-02,6.151823e-03
6.706107e-02,2.867412e-02,2.496040e-02,7.059690e-03,2.301283e-01,1.468450e-02,2.633503e-03,2.087811e-02,1.530457e-02,8.598225e-03,4.090022e-02,5.085829e-01,1.114839e-02,1.384238e-02,5.543611e-03
5.942208e-02,2.230442e-02,2.196432e-02,5.685228e-03,1.699448e-01,1.557815e-02,2.423873e-03,1.642156e-02,1.333999e-02,8.663086e-03,4.279994e-02,5.933483e-01,9.410954e-03,1.357747e-02,5.115819e-03
6.785773e-02,1.876048e-02,1.722113e-02,6.512877e-03,1.242235e-01,1.715642e-02,4.134621e-03,1.557511e-02,1.313054e-02,8.952267e-03,1.121995e-01,5.669172e-01,1.009332e-02,1.149622e-02,5.769085e-03
8.199866e-02,1.542017e-02,1.373451e-02,7.666247e-03,9.474573e-02,1.735201e-02,4.697567e-03,1.337904e-02,1.288823e-02,8.197924e-03,1.758160e-01,5.260680e-01,1.095558e-02,1.022863e-02,6.851758e-03
6.493057e-02,1.166016e-02,1.033741e-02,6.957076e-03,7.295453e-02,1.585204e-02,4.114943e-03,1.022768e-02,1.110214e-02,7.202715e-03,3.619869e-01,3.939452e-01,1.347324e-02,8.952443e-03,6.303035e-03
5.492713e-02,1.018353e-02,8.488225e-03,6.597360e-03,5.556111e-02,1.866829e-02,4.234798e-03,8.330310e-03,1.461120e-02,7.735015e-03,4.694582e-01,3.091958e-01,1.419004e-02,8.617168e-03,9.201841e-03
4.002986e-02,9.964380e-03,6.467434e-03,5.923408e-03,4.390657e-02,3.359469e-02,4.304774e-03,6.313376e-03,1.475458e-02,5.930977e-03,5.575006e-01,2.434968e-01,1.173830e-02,7.067771e-03,9.006417e-03
2.985016e-02,1.288442e-02,5.499464e-03,4.996776e-03,4.038997e-02,6.498943e-02,5.086799e-03,5.525746e-03,2.111872e-02,4.352049e-03,5.781901e-01,2.039650e-01,1.009613e-02,5.987373e-03,7.067825e-03
2.717495e-02,1.375450e-02,5.181665e-03,5.203235e-03,6.266236e-02,9.663187e-02,7.706949e-03,6.625161e-03,2.564179e-02,3.298412e-03,5.668193e-01,1.602017e-01,8.704556e-03,4.812187e-03,5.581419e-03
3.545286e-02,1.398136e-02,4.792175e-03,4.225508e-03,6.592752e-02,1.114026e-01,6.680816e-03,6.156605e-03,3.624570e-02,2.543556e-03,4.973953e-01,1.911380e-01,1.489348e-02,4.788782e-03,4.375709e-03
3.779099e-02,1.125314e-02,5.003753e-03,3.820903e-03,7.155155e-02,9.613910e-02,5.676280e-03,5.496841e-03,2.896462e-02,2.022784e-03,5.447016e-01,1.633809e-01,1.525507e-02,4.901631e-03,4.040836e-03
3.829779e-02,9.300611e-03,5.161527e-03,3.297194e-03,7.561404e-02,8.332095e-02,4.725600e-03,6.752969e-03,2.368177e-02,1.805954e-03,5.586530e-01,1.594479e-01,2.102653e-02,5.228079e-03,3.686060e-03
4.715627e-02,7.100361e-03,6.762806e-03,3.517088e-03,8.417773e-02,7.515533e-02,4.344243e-03,1.502229e-02,1.925934e-02,1.516311e-03,4.904399e-01,1.900840e-01,3.559337e-02,1.687619e-02,2.994847e-03
7.578567e-02,5.514983e-03,6.262085e-03,3.183169e-03,9.190290e-02,6.180142e-02,3.696584e-03,1.452260e-02,1.510056e-02,1.375348e-03,4.513249e-01,1.896456e-01,3.832127e-02,3.891291e-02,2.650011e-03
9.243017e-02,4.497521e-03,8.846652e-03,6.025082e-03,9.068517e-02,4.493824e-02,2.754998e-03,1.284493e-02,1.300372e-02,1.141521e-03,4.872685e-01,1.600602e-01,3.066988e-02,4.192969e-02,2.903666e-03
9.159270e-02,3.578634e-03,7.633958e-03,5.608590e-03,7.736782e-02,3.457964e-02,2.132095e-03,9.293733e-03,9.855112e-03,9.633368e-04,5.742416e-01,1.230288e-01,2.405396e-02,3.369360e-02,2.376446e-03
1.189940e-01,6.599789e-03,9.532062e-03,3.180961e-02,1.273546e-01,2.849118e-02,1.751246e-03,1.153765e-02,1.511169e-02,1.386454e-03,4.871471e-01,1.091259e-01,2.028483e-02,2.632658e-02,4.547231e-03
1.395550e-01,6.605104e-03,7.912418e-03,2.511124e-02,1.600680e-01,2.645408e-02,1.667553e-03,1.173883e-02,8.683005e-02,2.312859e-03,3.577420e-01,1.199449e-01,1.745383e-02,2.135921e-02,1.524501e-02
1.668094e-01,6.806082e-03,8.554380e-03,5.347371e-02,1.788669e-01,3.358053e-02,1.618303e-03,2.300661e-02,1.103818e-01,2.110505e-03,2.637610e-01,1.029178e-01,1.844550e-02,1.548859e-02,1.417892e-02
2.003247e-01,6.290576e-03,1.028955e-02,4.703894e-02,2.001635e-01,5.421566e-02,2.510725e-03,1.805242e-02,9.534508e-02,1.801072e-03,2.174920e-01,1.063229e-01,1.603667e-02,1.231373e-02,1.180248e-02
2.007821e-01,7.317439e-03,1.424001e-02,5.182783e-02,2.911670e-01,5.731069e-02,4.475709e-03,1.448089e-02,7.890084e-02,1.568307e-03,1.580429e-01,8.650051e-02,1.421137e-02,1.011282e-02,9.061663e-03
2.040890e-01,1.012451e-02,1.273103e-02,8.012730e-02,3.029963e-01,7.396460e-02,6.932544e-03,2.173081e-02,6.721391e-02,1.974614e-03,1.159449e-01,6.846888e-02,1.594271e-02,8.893673e-03,8.865238e-03
1.490348e-01,7.485789e-03,9.471484e-03,5.825976e-02,4.007814e-01,5.524761e-02,5.382322e-03,1.114155e-01,4.740494e-02,1.389616e-03,8.178455e-02,4.825089e-02,1.160344e-02,6.256574e-03,6.231434e-03
1.140737e-01,5.504578e-03,7.103979e-03,4.224377e-02,4.057720e-01,4.266960e-02,5.384426e-03,2.333452e-01,3.344442e-02,1.000217e-03,5.819233e-02,3.399082e-02,8.501912e-03,4.395385e-03,4.377604e-03
9.905369e-02,3.940891e-03,5.254271e-03,2.999965e-02,4.279588e-01,3.263339e-02,3.540606e-02,2.534015e-01,2.354596e-02,8.488307e-04,4.231408e-02,2.399646e-02,1.523632e-02,3.098636e-03,3.311475e-03
7.550306e-02,2.799139e-03,3.787525e-03,2.129487e-02,4.142823e-01,2.420881e-02,7.963891e-02,2.774797e-01,1.656902e-02,7.293639e-04,3.007011e-02,1.690467e-02,3.194042e-02,2.188025e-03,2.604065e-03
5.472470e-02,2.007916e-03,2.774363e-03,1.524269e-02,3.853759e-01,1.993382e-02,1.403244e-01,2.095202e-01,1.178551e-02,3.033537e-03,2.564931e-02,1.207265e-02,1.007254e-01,1.570835e-03,1.525879e-02
3.868080e-02,1.884211e-03,2.026178e-03,1.140502e-02,2.770551e-01,1.433613e-02,2.486708e-01,1.538331e-01,8.870496e-03,5.189616e-02,4.799283e-02,1.114737e-02,8.700474e-02,2.129992e-03,4.306693e-02
2.739834e-02,2.369734e-03,1.493555e-03,8.414804e-03,1.966481e-01,1.057974e-02,2.433049e-01,1.101084e-01,7.341257e-03,1.114606e-01,1.097592e-01,1.121941e-02,8.292294e-02,3.256386e-03,7.372259e-02
1.977189e-02,2.722128e-03,1.278701e-03,6.770408e-03,1.395265e-01,8.404310e-03,2.549887e-01,7.794986e-02,1.016316e-02,1.397679e-01,1.487470e-01,1.571748e-02,7.853650e-02,8.425694e-03,8.722980e-02
1.464611e-02,3.813584e-03,1.293443e-03,5.564081e-03,9.985337e-02,6.713359e-03,2.054515e-01,5.498557e-02,1.558542e-02,2.187079e-01,1.719158e-01,1.717477e-02,7.497489e-02,1.369548e-02,9.562477e-02
1.332354e-02,8.323921e-03,4.577322e-03,1.726870e-02,7.765262e-02,7.522146e-03,1.576343e-01,4.244233e-02,5.436970e-02,2.240257e-01,1.612201e-01,1.700619e-02,7.397311e-02,3.028329e-02,1.103771e-01
1.301998e-02,1.229521e-02,1.219484e-02,3.888177e-02,6.079523e-02,8.940326e-03,1.155059e-01,3.158765e-02,5.890774e-02,2.130454e-01,1.469378e-01,1.548924e-02,6.356101e-02,4.558250e-02,1.632554e-01
1.059171e-02,1.367637e-02,1.362935e-02,3.007535e-02,4.574850e-02,8.869303e-03,8.175986e-02,2.254046e-02,6.653407e-02,2.137165e-01,1.665517e-01,1.247910e-02,5.049910e-02,7.577942e-02,1.875492e-01
8.748365e-03,1.340684e-02,1.061100e-02,2.177419e-02,3.352281e-02,1.173228e-02,5.736215e-02,1.596531e-02,8.181097e-02,1.549841e-01,2.030375e-01,1.178075e-02,3.827199e-02,1.827140e-01,1.542777e-01
8.203540e-03,2.634007e-02,1.051771e-02,1.915996e-02,2.585726e-02,1.550926e-02,4.035480e-02,1.363366e-02,1.700816e-01,1.111039e-01,1.868002e-01,1.038484e-02,2.875403e-02,2.111649e-01,1.221344e-01
7.826453e-03,6.372588e-02,1.396327e-02,2.092404e-02,1.992193e-02,1.466101e-02,2.847739e-02,1.131966e-02,2.287109e-01,8.451807e-02,1.632773e-01,1.055247e-02,2.399609e-02,1.928639e-01,1.152616e-01
1.198574e-02,8.909816e-02,1.385562e-02,2.573571e-02,1.509775e-02,1.253035e-02,2.017010e-02,8.739999e-03,2.466351e-01,6.612109e-02,1.243862e-01,8.285102e-03,1.850753e-02,2.247325e-01,1.141191e-01
9.748306e-03,8.957295e-02,1.874419e-02,5.928409e-02,1.111080e-02,9.385501e-03,1.417961e-02,6.270849e-03,3.619153e-01,5.134584e-02,9.246003e-02,6.516306e-03,1.442163e-02,1.658844e-01,8.916020e-02
1.194995e-02,8.442654e-02,2.720609e-02,4.636444e-02,1.124445e-02,1.489625e-02,1.000496e-02,4.824243e-03,4.015697e-01,6.024102e-02,7.178514e-02,5.516854e-03,1.225072e-02,1.419836e-01,9.573601e-02
1.227878e-02,8.633539e-02,2.151170e-02,6.162380e-02,1.056134e-02,1.777620e-02,7.106601e-03,4.086759e-03,4.712261e-01,4.872884e-02,5.542345e-02,4.668230e-03,1.128278e-02,1.081687e-01,7.922141e-02
3.696919e-02,6.908567e-02,1.864262e-02,6.516979e-02,1.191321e-02,1.722238e-02,5.173182e-03,3.429939e-03,3.880499e-01,4.208921e-02,6.390838e-02,6.516007e-03,1.698600e-02,9.102536e-02,1.638192e-01
8.847491e-02,5.833873e-02,1.681167e-02,7.921048e-02,1.726475e-02,1.556470e-02,3.905568e-03,4.958115e-03,3.427667e-01,4.286339e-02,5.570260e-02,7.711397e-03,1.700901e-02,7.091092e-02,1.785071e-01
1.346570e-01,5.829798e-02,1.930984e-02,6.945238e-02,2.568912e-02,2.118700e-02,3.157348e-03,8.198237e-03,3.026680e-01,3.772772e-02,4.667569e-02,7.947948e-03,1.978121e-02,6.095200e-02,1.842986e-01
1.427184e-01,5.130483e-02,4.352269e-02,1.187239e-01,3.855848e-02,2.302900e-02,2.964011e-03,2.437511e-02,2.587512e-01,2.942375e-02,4.131722e-02,7.230747e-03,1.787200e-02,4.651545e-02,1.536933e-01
1.842348e-01,5.021096e-02,4.359043e-02,1.099865e-01,5.212676e-02,2.989240e-02,4.874485e-03,2.399575e-02,2.429350e-01,2.173682e-02,3.369245e-02,7.081197e-03,1.717749e-02,3.668207e-02,1.417828e-01
2.577691e-01,5.156303e-02,4.041212e-02,9.741239e-02,5.208836e-02,2.436498e-02,4.275782e-03,2.201562e-02,2.305831e-01,1.894874e-02,2.778170e-02,7.751342e-03,1.547766e-02,2.856008e-02,1.209959e-01
3.541644e-01,5.327247e-02,4.153075e-02,7.891061e-02,4.911300e-02,2.193341e-02,4.410931e-03,2.524520e-02,1.935303e-01,1.504950e-02,2.307828e-02,8.432791e-03,1.322567e-02,2.330090e-02,9.480181e-02
3.389148e-01,4.463316e-02,7.307383e-02,9.942566e-02,4.977911e-02,1.958922e-02,3.736841e-03,3.661119e-02,1.894429e-01,1.343968e-02,1.975724e-02,8.098713e-03,1.130055e-02,1.770102e-02,7.449605e-02
3.099846e-01,4.092737e-02,1.239755e-01,1.184956e-01,4.473395e-02,2.223689e-02,3.406802e-03,3.347765e-02,1.659711e-01,1.316828e-02,1.619411e-02,7.747517e-03,9.575810e-03,1.503491e-02,7.506977e-02
2.863801e-01,3.732545e-02,9.702632e-02,9.941321e-02,3.675293e-02,1.768320e-02,2.708127e-03,3.368944e-02,2.469516e-01,1.311173e-02,1.291333e-02,6.236576e-03,8.894775e-03,1.233179e-02,8.858129e-02
2.799240e-01,2.920492e-02,1.055305e-01,1.475600e-01,3.020529e-02,1.531342e-02,2.098516e-03,3.697794e-02,2.395480e-01,9.797671e-03,1.127246e-02,8.658867e-03,8.953164e-03,9.497008e-03,6.545809e-02
3.602241e-01,2.370090e-02,8.443739e-02,1.221281e-01,2.619164e-02,1.304214e-02,1.828569e-03,5.032115e-02,2.239691e-01,7.466651e-03,1.072386e-02,7.977158e-03,1.029836e-02,8.566564e-03,4.912426e-02
3.585362e-01,1.753472e-02,9.073816e-02,1.572241e-01,2.413602e-02,1.031549e-02,1.558944e-03,6.834081e-02,1.974996e-01,5.516811e-03,9.845096e-03,6.963820e-03,9.172217e-03,7.295158e-03,3.532292e-02
3.893278e-01,1.390836e-02,6.701231e-02,1.226940e-01,2.275444e-02,8.108220e-03,1.464581e-03,1.739432e-01,1.450957e-01,3.995669e-03,7.821572e-03,5.607319e-03,7.344282e-03,5.500462e-03,2.542216e-02
3.929499e-01,1.074103e-02,4.853226e-02,9.558097e-02,1.999276e-02,6.710925e-03,1.550414e-03,2.769824e-01,1.040466e-01,2.886615e-03,6.717268e-03,4.962225e-03,5.585904e-03,4.261511e-03,1.849911e-02
2.880803e-01,7.555907e-03,3.410589e-02,6.992296e-02,1.485178e-02,4.824181e-03,1.128256e-03,4.761371e-01,7.305022e-02,2.022947e-03,4.830806e-03,3.550376e-03,3.961887e-03,3.006535e-03,1.297083e-02
2.105433e-01,5.325788e-03,2.393877e-02,4.912324e-02,1.062479e-02,3.805376e-03,8.213891e-04,6.230762e-01,5.121764e-02,1.418973e-03,3.454595e-03,2.592304e-03,2.834416e-03,2.119053e-03,9.104133e-03
1.519998e-01,3.833640e-03,1.685900e-02,3.451608e-02,8.048506e-03,2.887617e-03,6.103386e-04,7.300253e-01,3.593463e-02,9.957969e-04,2.472726e-03,1.853340e-03,2.027982e-03,1.500295e-03,6.434937e-03
1.190283e-01,2.797789e-03,1.197773e-02,2.426365e-02,5.989671e-03,2.843274e-03,5.145447e-04,7.956827e-01,2.528274e-02,7.042793e-04,1.886158e-03,1.540684e-03,1.546917e-03,1.138856e-03,4.802598e-03
1.049564e-01,2.139975e-03,8.690674e-03,1.709237e-02,4.990309e-03,3.743555e-03,4.411321e-04,8.304822e-01,1.785692e-02,5.047562e-04,1.470661e-03,1.405416e-03,1.226323e-03,9.822156e-04,4.017076e-03
8.841092e-02,1.597624e-03,6.436506e-03,1.208895e-02,3.738564e-03,6.041354e-03,5.996303e-04,8.601154e-01,1.272617e-02,3.692192e-04,1.223043e-03,1.289565e-03,1.031238e-03,7.741357e-04,3.557700e-03
7.132178e-02,1.247513e-03,5.220952e-03,8.591574e-03,3.169037e-03,6.180889e-03,8.923461e-04,8.878702e-01,9.052279e-03,2.830613e-04,9.088442e-04,9.638714e-04,8.450310e-04,5.747315e-04,2.877945e-03
5.761408e-02,9.441205e-04,4.075049e-03,6.067309e-03,2.443858e-03,6.045705e-03,9.199081e-04,9.104760e-01,6.456517e-03,2.153743e-04,6.701774e-04,7.513688e-04,6.424235e-04,4.241586e-04,2.253975e-03
5.386063e-02,7.661486e-04,3.533211e-03,4.362227e-03,2.415569e-03,7.651701e-03,1.128998e-03,9.164927e-01,4.735167e-03,2.248395e-04,5.886714e-04,7.947785e-04,6.234628e-04,3.798376e-04,2.442133e-03
8.628931e-02,1.341578e-03,3.661772e-03,4.258185e-03,2.738175e-03,3.455257e-02,1.500543e-03,8.302797e-01,6.764630e-03,1.330238e-03,2.003721e-03,3.797075e-03,3.715129e-03,9.519316e-04,1.681548e-02
8.312462e-02,3.061202e-03,5.162774e-03,4.470831e-03,2.379187e-03,4.482324e-02,1.424127e-03,6.064261e-01,5.529111e-02,3.690222e-02,8.554057e-03,5.380859e-03,1.121388e-02,3.883292e-03,1.279025e-01
5.934757e-02,3.265127e-03,8.326487e-03,1.746713e-02,1.847082e-03,3.156471e-02,1.085626e-03,4.279000e-01,2.518775e-01,4.629551e-02,7.844487e-03,4.060898e-03,1.117153e-02,2.881178e-03,1.250651e-01
4.408711e-02,3.204980e-03,6.720603e-03,1.427693e-02,1.481083e-03,2.269371e-02,8.790038e-04,3.006560e-01,2.606730e-01,6.236341e-02,1.026514e-02,3.312969e-03,1.252053e-02,3.760315e-03,2.531053e-01
3.147514e-02,2.115542e-02,6.165098e-03,2.590540e-02,1.160414e-03,1.597461e-02,6.677057e-04,2.105854e-01,4.163624e-01,4.586063e-02,7.694914e-03,3.249773e-03,1.048902e-02,3.195442e-03,2.000587e-01
2.618410e-02,3.119484e-02,5.078536e-03,2.203891e-02,1.063663e-03,1.194271e-02,6.458785e-04,1.477784e-01,4.267207e-01,4.783495e-02,9.949376e-03,4.341216e-03,1.798164e-02,1.236810e-02,2.348770e-01
1.956773e-02,2.431351e-02,3.971320e-03,1.592646e-02,8.934545e-04,8.578855e-03,5.076037e-04,1.035554e-01,3.237157e-01,3.685777e-02,1.291342e-02,4.135245e-03,2.386346e-02,1.618002e-01,2.594000e-01
1.679875e-02,2.091936e-02,2.465411e-02,1.332269e-02,3.399963e-03,6.405296e-03,4.172933e-04,7.288897e-02,2.811846e-01,2.939063e-02,1.292633e-02,4.341453e-03,2.248774e-02,1.740123e-01,3.168505e-01
1.256571e-02,1.611713e-02,1.876374e-02,9.605415e-03,3.507302e-03,4.726963e-03,3.295238e-04,5.113273e-02,2.137236e-01,2.164884e-02,1.095407e-02,3.369691e-03,1.740942e-02,2.222014e-01,3.939444e-01
1.120410e-02,1.430018e-02,1.721293e-02,8.415649e-03,3.680461e-03,4.439427e-03,3.049295e-04,3.609026e-02,1.851737e-01,2.143585e-02,1.796332e-02,5.307045e-03,1.623574e-02,2.846886e-01,3.735478e-01
1.141737e-02,1.150125e-02,1.876581e-02,6.599159e-03,4.361762e-03,4.251265e-03,4.137861e-04,2.584403e-02,1.387142e-01,1.770899e-02,1.766729e-02,5.546361e-03,1.920742e-02,3.583196e-01,3.596816e-01
1.598891e-02,1.177984e-02,2.650020e-02,1.029601e-02,1.065294e-02,6.036586e-03,5.411491e-04,1.940933e-02,1.122195e-01,1.452404e-02,2.670028e-02,5.477267e-03,1.462710e-02,3.913418e-01,3.339051e-01
1.305493e-02,9.768718e-03,2.374162e-02,1.230410e-02,1.490155e-02,4.656616e-03,7.819000e-04,1.412844e-02,9.805556e-02,1.656837e-02,4.777521e-02,1.973432e-02,1.520698e-02,4.092983e-01,3.000233e-01
3.845135e-02,8.977286e-03,2.214883e-02,1.639046e-02,5.243715e-02,6.860352e-03,1.140021e-03,2.274357e-02,7.506341e-02,1.529379e-02,9.392340e-02,2.788048e-02,2.227123e-02,3.288190e-01,2.675997e-01
7.273299e-02,8.118504e-03,2.061726e-02,2.735423e-02,6.123869e-02,7.866878e-03,1.318848e-03,3.140086e-02,6.270995e-02,1.740097e-02,1.312907e-01,4.468710e-02,3.327411e-02,2.790233e-01,2.009657e-01
6.233242e-02,8.744413e-03,2.449444e-02,2.130880e-02,1.638328e-01,2.452116e-02,2.718797e-03,2.887502e-02,5.903523e-02,1.853152e-02,1.181542e-01,4.118428e-02,3.556243e-02,2.302715e-01,1.604331e-01
5.932642e-02,9.911037e-03,2.659057e-02,1.865810e-02,1.549949e-01,3.140377e-02,5.164765e-03,8.505440e-02,7.053556e-02,1.773598e-02,1.133698e-01,3.825557e-02,3.508039e-02,2.148390e-01,1.190797e-01
1.111808e-01,1.040692e-02,2.632476e-02,2.697452e-02,1.311353e-01,3.008416e-02,5.509383e-03,1.195873e-01,8.954400e-02,1.425312e-02,1.107867e-01,4.425768e-02,3.571461e-02,1.584960e-01,8.574481e-02
1.230866e-01,1.176070e-02,2.704466e-02,4.267754e-02,2.036923e-01,3.105220e-02,4.886539e-03,8.780757e-02,8.193336e-02,1.722194e-02,1.129305e-01,4.101291e-02,3.117793e-02,1.214557e-01,6.225954e-02
2.149028e-01,1.287563e-02,2.140671e-02,9.660864e-02,1.833402e-01,3.261700e-02,3.872321e-03,6.495652e-02,6.616898e-02,1.361394e-02,8.900447e-02,3.669613e-02,2.693239e-02,8.818575e-02,4.881854e-02
3.054138e-01,1.412563e-02,1.696261e-02,1.123042e-01,1.477087e-01,3.098496e-02,3.622059e-03,5.064682e-02,5.967732e-02,1.140115e-02,7.536521e-02,3.913592e-02,2.788439e-02,6.386315e-02,4.090398e-02
3.549860e-01,1.251077e-02,1.378650e-02,1.642584e-01,1.117859e-01,2.954825e-02,3.902849e-03,4.321748e-02,5.155669e-02,9.829426e-03,6.547219e-02,3.908810e-02,2.271015e-02,4.573918e-02,3.160816e-02
4.091208e-01,1.354174e-02,1.193908e-02,1.244874e-01,9.519850e-02,2.801861e-02,4.864958e-03,6.642028e-02,5.142061e-02,7.648703e-03,6.666537e-02,3.912989e-02,2.197421e-02,3.387459e-02,2.569521e-02
3.998782e-01,1.281935e-02,1.174255e-02,1.099965e-01,1.215134e-01,2.254399e-02,4.097570e-03,6.462801e-02,6.599396e-02,1.123231e-02,7.503255e-02,3.559669e-02,1.779125e-02,2.737584e-02,1.975785e-02
4.381059e-01,1.184765e-02,9.336376e-03,9.065772e-02,1.453588e-01,1.823867e-02,3.192681e-03,4.873727e-02,7.105119e-02,1.186415e-02,6.489317e-02,3.277640e-02,1.407702e-02,2.254084e-02,1.732225e-02
4.406429e-01,1.385389e-02,7.766591e-03,9.000079e-02,1.227764e-01,2.105100e-02,4.266540e-03,4.175412e-02,1.058481e-01,1.009405e-02,5.959962e-02,3.477741e-02,1.232098e-02,1.749459e-02,1.775303e-02
4.065359e-01,1.932021e-02,8.331549e-03,7.386525e-02,1.433715e-01,2.880269e-02,4.900902e-03,3.606097e-02,1.407694e-01,8.566717e-03,4.504251e-02,3.595914e-02,1.513465e-02,1.322409e-02,2.011456e-02
3.056396e-01,3.343862e-02,9.110302e-03,6.226579e-02,1.064987e-01,8.109462e-02,4.932326e-03,5.660636e-02,1.856513e-01,8.038854e-03,3.511645e-02,2.833707e-02,5.217290e-02,9.727351e-03,2.136987e-02
2.242032e-01,3.868257e-02,9.478130e-03,6.137123e-02,8.102610e-02,7.225367e-02,4.007487e-03,4.381659e-02,2.709284e-01,9.085614e-03,3.432359e-02,2.871639e-02,9.178049e-02,7.292266e-03,2.303422e-02
1.584601e-01,3.112582e-02,1.612009e-02,2.649940e-01,5.752116e-02,5.155663e-02,2.865439e-03,3.466904e-02,2.332979e-01,1.012921e-02,2.694558e-02,2.157270e-02,6.724118e-02,5.360195e-03,1.814101e-02
1.383166e-01,2.973082e-02,1.610667e-02,2.119519e-01,4.576069e-02,4.914789e-02,3.562007e-03,3.546815e-02,2.451076e-01,9.948499e-03,4.116160e-02,2.562516e-02,1.175604e-01,5.169542e-03,2.538249e-02
1.368772e-01,2.730202e-02,1.394888e-02,1.780522e-01,4.234055e-02,4.304116e-02,3.368235e-03,4.516885e-02,2.300138e-01,8.740831e-03,3.640602e-02,2.365973e-02,1.832260e-01,4.434817e-03,2.341965e-02
1.152172e-01,2.130931e-02,1.164922e-02,1.279236e-01,3.860962e-02,3.602682e-02,2.890267e-03,4.272324e-02,2.053850e-01,6.399247e-03,3.554894e-02,2.197070e-02,3.113967e-01,3.475558e-03,1.947455e-02
1.339336e-01,1.708816e-02,1.045761e-02,9.984381e-02,3.535661e-02,3.810003e-02,3.235217e-03,5.158404e-02,1.708059e-01,4.880397e-03,3.353072e-02,1.948621e-02,3.619483e-01,2.977465e-03,1.677193e-02
1.687504e-01,2.255443e-02,1.149783e-02,7.627290e-02,2.754665e-02,7.736316e-02,3.322194e-03,3.974296e-02,1.379394e-01,3.897378e-03,2.500324e-02,2.382995e-02,3.641331e-01,2.417360e-03,1.572917e-02
1.476390e-01,2.050197e-02,1.027716e-02,5.500079e-02,2.112108e-02,1.135309e-01,3.862722e-03,3.139418e-02,1.056326e-01,3.313619e-03,1.947443e-02,7.306313e-02,3.782325e-01,1.953760e-03,1.500217e-02
1.627694e-01,1.674688e-02,8.782649e-03,4.074722e-02,1.862717e-02,8.711375e-02,3.808106e-03,2.550071e-02,7.840644e-02,2.702237e-03,1.762774e-02,6.327085e-02,4.563534e-01,1.757475e-03,1.578594e-02
1.623897e-01,1.306443e-02,7.127636e-03,3.035953e-02,1.515863e-02,7.199425e-02,3.753263e-03,2.121553e-02,5.707962e-02,2.130408e-03,1.424476e-02,4.770830e-02,5.288786e-01,1.314849e-03,2.358051e-02
1.347889e-01,1.003865e-02,6.106391e-03,2.201545e-02,1.148812e-02,5.784427e-02,3.547181e-03,1.565595e-02,4.103594e-02,1.875333e-03,1.210043e-02,3.481352e-02,5.934807e-01,1.239129e-03,5.396999e-02
2.409408e-01,8.974614e-03,6.272574e-03,1.731783e-02,9.059018e-03,5.292842e-02,3.164491e-03,1.237138e-02,2.976728e-02,1.622661e-03,1.174694e-02,2.565519e-02,5.067617e-01,2.361587e-03,7.105552e-02
3.894104e-01,7.788228e-03,5.496824e-03,1.366675e-02,6.782033e-03,4.939044e-02,2.797601e-03,9.184602e-03,2.182097e-02,1.336076e-03,1.025199e-02,1.946134e-02,3.990040e-01,5.154409e-03,5.845432e-02
3.878305e-01,6.262400e-03,4.349995e-03,1.082170e-02,6.208718e-03,4.593144e-02,2.999278e-03,6.797379e-03,1.725002e-02,1.872037e-03,9.924647e-03,1.903063e-02,3.465651e-01,4.976078e-03,1.291801e-01
3.422717e-01,4.744213e-03,3.240556e-03,9.770742e-03,5.230832e-03,1.305835e-01,3.446124e-03,4.935520e-03,1.654290e-02,4.830044e-03,1.228481e-02,3.183053e-02,3.013398e-01,4.124956e-03,1.248237e-01
3.172599e-01,5.881567e-03,3.603898e-03,9.101490e-03,1.753080e-02,9.902095e-02,3.804842e-03,6.325237e-03,4.696761e-02,4.814663e-03,1.493220e-02,3.500570e-02,2.405987e-01,4.427024e-03,1.907254e-01
3.118783e-01,5.099875e-03,4.350694e-03,8.908280e-03,1.580947e-02,1.197995e-01,5.130609e-03,2.551576e-02,5.280770e-02,6.696030e-03,2.217630e-02,6.047326e-02,2.089565e-01,4.195681e-03,1.482020e-01
2.880420e-01,4.137730e-03,9.614090e-03,1.007311e-02,1.570370e-02,2.638624e-01,6.230408e-03,2.212869e-02,4.338036e-02,5.645405e-03,1.815584e-02,5.193190e-02,1.508626e-01,3.200544e-03,1.070312e-01
2.255688e-01,3.477221e-03,1.460427e-02,8.720052e-03,1.675897e-02,4.230711e-01,1.370099e-02,1.815447e-02,3.330223e-02,4.309539e-03,1.329619e-02,3.805237e-02,1.080812e-01,2.341105e-03,7.656150e-02
1.781614e-01,2.997780e-03,1.167814e-02,6.643459e-03,1.336893e-02,5.618987e-01,9.897044e-03,1.320362e-02,2.496045e-02,3.296427e-03,1.014216e-02,3.000916e-02,7.696776e-02,1.728844e-03,5.504607e-02
1.762437e-01,3.665474e-03,1.823394e-02,5.844178e-03,1.196230e-02,6.061238e-01,7.753241e-03,1.110044e-02,1.945321e-02,2.878916e-03,8.018285e-03,2.323420e-02,5.808057e-02,1.452722e-03,4.595495e-02
2.094746e-01,4.626075e-03,9.615429e-02,2.186454e-02,2.541868e-02,4.778757e-01,1.102639e-02,1.660460e-02,2.263310e-02,2.996864e-03,7.904951e-03,1.897275e-02,4.798656e-02,1.235813e-03,3.522515e-02
2.530443e-01,9.014919e-03,1.025971e-01,2.243014e-02,2.107702e-02,4.472051e-01,9.680482e-03,1.260065e-02,1.856210e-02,5.021611e-03,8.284781e-03,1.788566e-02,3.680384e-02,1.804749e-03,3.398759e-02
3.334034e-01,1.645493e-02,1.034223e-01,2.723213e-02,2.148783e-02,3.582430e-01,9.455676e-03,1.229067e-02,1.591356e-02,5.435602e-03,9.336824e-03,1.938543e-02,3.044209e-02,2.386685e-03,3.510991e-02
3.706281e-01,2.639922e-02,9.100948e-02,3.839547e-02,2.878573e-02,2.867163e-01,9.827904e-03,1.299896e-02,2.260256e-02,6.950432e-03,1.388632e-02,2.237695e-02,2.647375e-02,3.159616e-03,3.978930e-02
4.054396e-01,2.911102e-02,8.084119e-02,4.262435e-02,2.828095e-02,2.444914e-01,8.401477e-03,1.101244e-02,2.330594e-02,1.067859e-02,2.007467e-02,2.583192e-02,2.198969e-02,4.376456e-03,4.354035e-02
4.405897e-01,2.520806e-02,1.105159e-01,3.460833e-02,2.684663e-02,2.121522e-01,8.587174e-03,1.080237e-02,2.243385e-02,9.403966e-03,1.661851e-02,2.230401e-02,1.872407e-02,4.397793e-03,3.680738e-02
4.989563e-01,2.352627e-02,1.066644e-01,2.986506e-02,2.142526e-02,1.688106e-01,7.309812e-03,1.029044e-02,2.019696e-02,9.222983e-03,1.782404e-02,2.093975e-02,1.556698e-02,7.214493e-03,4.218661e-02
1.000000e+00,0.000000e+00,0.000000e+00,0.000000e+00,0.000000e+00,0.000000e+00,0.000000e+00,0.000000e+00,0.000000e+00,0.000000e+00,0.000000e+00,0.000000e+00,0.000000e+00,0.000000e+00,0.000000e+00
4.794933e-01,3.278311e-02,1.352070e-01,2.940161e-02,1.523270e-02,1.043817e-01,5.537146e-03,9.729726e-03,1.573781e-02,2.500038e-02,2.036164e-02,2.098603e-02,1.010977e-02,2.175785e-02,7.428014e-02
4.247099e-01,3.661554e-02,1.323825e-01,3.043707e-02,1.213623e-02,9.319914e-02,4.481807e-03,9.574547e-03,1.597751e-02,2.940460e-02,2.800329e-02,2.339095e-02,9.553634e-03,4.584156e-02,1.042916e-01
3.679714e-01,3.176428e-02,1.192663e-01,2.724855e-02,9.213633e-03,1.226654e-01,3.621950e-03,8.808619e-03,1.628430e-02,2.528631e-02,9.250096e-02,2.469971e-02,8.382479e-03,5.317697e-02,8.910907e-02
3.451851e-01,3.097054e-02,9.890606e-02,2.784172e-02,7.204557e-03,1.358656e-01,3.134606e-03,8.554870e-03,1.847762e-02,2.044031e-02,1.242309e-01,2.250073e-02,7.795146e-03,5.997817e-02,8.891399e-02
2.693950e-01,2.442295e-02,7.821465e-02,2.501898e-02,6.234818e-03,1.274733e-01,2.436544e-03,6.597495e-03,1.524603e-02,1.743172e-02,2.786984e-01,2.247191e-02,6.541790e-03,5.193811e-02,6.787824e-02
2.228052e-01,2.094702e-02,5.818158e-02,2.110182e-02,5.104627e-03,1.134996e-01,1.988068e-03,5.367598e-03,1.476434e-02,1.321877e-02,3.840995e-01,2.295187e-02,5.853237e-03,5.412363e-02,5.599315e-02
2.117650e-01,2.387174e-02,4.686381e-02,2.093398e-02,5.428324e-03,1.006013e-01,1.961543e-03,5.113358e-03,1.668436e-02,1.120666e-02,3.939974e-01,3.153646e-02,6.476880e-03,6.420550e-02,5.935374e-02
1.819639e-01,3.422168e-02,4.525505e-02,3.345335e-02,8.626590e-03,9.158313e-02,3.215470e-03,6.708714e-03,1.753658e-02,8.734047e-03,3.924824e-01,5.990214e-02,8.932661e-03,5.275037e-02,5.463394e-02
1.483732e-01,2.680721e-02,3.375604e-02,2.621827e-02,7.934273e-03,7.392751e-02,2.927598e-03,5.996692e-03,1.706886e-02,6.509931e-03,4.554537e-01,6.234796e-02,9.292806e-03,8.024923e-02,4.313673e-02
