1.000000e+00,0.000000e+00,0.000000e+00,0.000000e+00,0.000000e+00,0.000000e+00,0.000000e+00,0.000000e+00,0.000000e+00,0.000000e+00,0.000000e+00,0.000000e+00,0.000000e+00,0.000000e+00,0.000000e+00
1.000000e+00,0.000000e+00,0.000000e+00,0.000000e+00,0.000000e+00,0.000000e+00,0.000000e+00,0.000000e+00,0.000000e+00,0.000000e+00,0.000000e+00,0.000000e+00,0.000000e+00,0.000000e+00,0.000000e+00
1.000000e+00,0.000000e+00,0.000000e+00,0.000000e+00,0.000000e+00,0.000000e+00,0.000000e+00,0.000000e+00,0.000000e+00,0.000000e+00,0.000000e+00,0.000000e+00,0.000000e+00,0.000000e+00,0.000000e+00
1.000000e+00,0.000000e+00,0.000000e+00,0.000000e+00,0.000000e+00,0.000000e+00,0.000000e+00,0.000000e+00,0.000000e+00,0.000000e+00,0.000000e+00,0.000000e+00,0.000000e+00,0.000000e+00,0.000000e+00
1.000000e+00,0.000000e+00,0.000000e+00,0.000000e+00,0.000000e+00,0.000000e+00,0.000000e+00,0.000000e+00,0.000000e+00,0.000000e+00,0.000000e+00,0.000000e+00,0.000000e+00,0.000000e+00,0.000000e+00
1.000000e+00,0.000000e+00,0.000000e+00,0.000000e+00,0.000000e+00,0.000000e+00,0.000000e+00,0.000000e+00,0.000000e+00,0.000000e+00,0.000000e+00,0.000000e+00,0.000000e+00,0.000000e+00,0.000000e+00
1.000000e+00,0.000000e+00,0.000000e+00,0.000000e+00,0.000000e+00,0.000000e+00,0.000000e+00,0.000000e+00,0.000000e+00,0.000000e+00,0.000000e+00,0.000000e+00,0.000000e+00,0.000000e+00,0.000000e+00
1.000000e+00,0.000000e+00,0.000000e+00,0.000000e+00,0.000000e+00,0.000000e+00,0.000000e+00,0.000000e+00,0.000000e+00,0.000000e+00,0.000000e+00,0.000000e+00,0.000000e+00,0.000000e+00,0.000000e+00
1.000000e+00,0.000000e+00,0.000000e+00,0.000000e+00,0.000000e+00,0.000000e+00,0.000000e+00,0.000000e+00,0.000000e+00,0.000000e+00,0.000000e+00,0.000000e+00,0.000000e+00,0.000000e+00,0.000000e+00
1.000000e+00,0.000000e+00,0.000000e+00,0.000000e+00,0.000000e+00,0.000000e+00,0.000000e+00,0.000000e+00,0.000000e+00,0.000000e+00,0.000000e+00,0.000000e+00,0.000000e+00,0.000000e+00,0.000000e+00
1.000000e+00,0.000000e+00,0.000000e+00,0.000000e+00,0.000000e+00,0.000000e+00,0.000000e+00,0.000000e+00,0.000000e+00,0.000000e+00,0.000000e+00,0.000000e+00,0.000000e+00,0.000000e+00,0.000000e+00
1.000000e+00,0.000000e+00,0.000000e+00,0.000000e+00,0.000000e+00,0.000000e+00,0.000000e+00,0.000000e+00,0.000000e+00,0.000000e+00,0.000000e+00,0.000000e+00,0.000000e+00,0.000000e+00,0.000000e+00
1.000000e+00,0.000000e+00,0.000000e+00,0.000000e+00,0.000000e+00,0.000000e+00,0.000000e+00,0.000000e+00,0.000000e+00,0.000000e+00,0.000000e+00,0.000000e+00,0.000000e+00,0.000000e+00,0.000000e+00
1.000000e+00,0.000000e+00,0.000000e+00,0.000000e+00,0.000000e+00,0.000000e+00,0.000000e+00,0.000000e+00,0.000000e+00,0.000000e+00,0.000000e+00,0.000000e+00,0.000000e+00,0.000000e+00,0.000000e+00
1.000000e+00,0.000000e+00,0.000000e+00,0.000000e+00,0.000000e+00,0.000000e+00,0.000000e+00,0.000000e+00,0.000000e+00,0.000000e+00,0.000000e+00,0.000000e+00,0.000000e+00,0.000000e+00,0.000000e+00
1.000000e+00,0.000000e+00,0.000000e+00,0.000000e+00,0.000000e+00,0.000000e+00,0.000000e+00,0.000000e+00,0.000000e+00,0.000000e+00,0.000000e+00,0.000000e+00,0.000000e+00,0.000000e+00,0.000000e+00
1.000000e+00,0.000000e+00,0.000000e+00,0.000000e+00,0.000000e+00,0.000000e+00,0.000000e+00,0.000000e+00,0.000000e+00,0.000000e+00,0.000000e+00,0.000000e+00,0.000000e+00,0.000000e+00,0.000000e+00
1.000000e+00,0.000000e+00,0.000000e+00,0.000000e+00,0.000000e+00,0.000000e+00,0.000000e+00,0.000000e+00,0.000000e+00,0.000000e+00,0.000000e+00,0.000000e+00,0.000000e+00,0.000000e+00,0.000000e+00
1.000000e+00,0.000000e+00,0.000000e+00,0.000000e+00,0.000000e+00,0.000000e+00,0.000000e+00,0.000000e+00,0.000000e+00,0.000000e+00,0.000000e+00,0.000000e+00,0.000000e+00,0.000000e+00,0.000000e+00
1.000000e+00,0.000000e+00,0.000000e+00,0.000000e+00,0.000000e+00,0.000000e+00,0.000000e+00,0.000000e+00,0.000000e+00,0.000000e+00,0.000000e+00,0.000000e+00,0.000000e+00,0.000000e+00,0.000000e+00
1.000000e+00,0.000000e+00,0.000000e+00,0.000000e+00,0.000000e+00,0.000000e+00,0.000000e+00,0.000000e+00,0.000000e+00,0.000000e+00,0.000000e+00,0.000000e+00,0.000000e+00,0.000000e+00,0.000000e+00
1.000000e+00,0.000000e+00,0.000000e+00,0.000000e+00,0.000000e+00,0.000000e+00,0.000000e+00,0.000000e+00,0.000000e+00,0.000000e+00,0.000000e+00,0.000000e+00,0.000000e+00,0.000000e+00,0.000000e+00
1.000000e+00,0.000000e+00,0.000000e+00,0.000000e+00,0.000000e+00,0.000000e+00,0.000000e+00,0.000000e+00,0.000000e+00,0.000000e+00,0.000000e+00,0.000000e+00,0.000000e+00,0.000000e+00,0.000000e+00
1.000000e+00,0.000000e+00,0.000000e+00,0.000000e+00,0.000000e+00,0.000000e+00,0.000000e+00,0.000000e+00,0.000000e+00,0.000000e+00,0.000000e+00,0.000000e+00,0.000000e+00,0.000000e+00,0.000000e+00
1.000000e+00,0.000000e+00,0.000000e+00,0.000000e+00,0.000000e+00,0.000000e+00,0.000000e+00,0.000000e+00,0.000000e+00,0.000000e+00,0.000000e+00,0.000000e+00,0.000000e+00,0.000000e+00,0.000000e+00
1.000000e+00,0.000000e+00,0.000000e+00,0.000000e+00,0.000000e+00,0.000000e+00,0.000000e+00,0.000000e+00,0.000000e+00,0.000000e+00,0.000000e+00,0.000000e+00,0.000000e+00,0.000000e+00,0.000000e+00
1.000000e+00,0.000000e+00,0.000000e+00,0.000000e+00,0.000000e+00,0.000000e+00,0.000000e+00,0.000000e+00,0.000000e+00,0.000000e+00,0.000000e+00,0.000000e+00,0.000000e+00,0.000000e+00,0.000000e+00
1.000000e+00,0.000000e+00,0.000000e+00,0.000000e+00,0.000000e+00,0.000000e+00,0.000000e+00,0.000000e+00,0.000000e+00,0.000000e+00,0.000000e+00,0.000000e+00,0.000000e+00,0.000000e+00,0.000000e+00
1.000000e+00,0.000000e+00,0.000000e+00,0.000000e+00,0.000000e+00,0.000000e+00,0.000000e+00,0.000000e+00,0.000000e+00,0.000000e+00,0.000000e+00,0.000000e+00,0.000000e+00,0.000000e+00,0.000000e+00
1.000000e+00,0.000000e+00,0.000000e+00,0.000000e+00,0.000000e+00,0.000000e+00,0.000000e+00,0.000000e+00,0.000000e+00,0.000000e+00,0.000000e+00,0.000000e+00,0.000000e+00,0.000000e+00,0.000000e+00
1.000000e+00,0.000000e+00,0.000000e+00,0.000000e+00,0.000000e+00,0.000000e+00,0.000000e+00,0.000000e+00,0.000000e+00,0.000000e+00,0.000000e+00,0.000000e+00,0.000000e+00,0.000000e+00,0.000000e+00
1.000000e+00,0.000000e+00,0.000000e+00,0.000000e+00,0.000000e+00,0.000000e+00,0.000000e+00,0.000000e+00,0.000000e+00,0.000000e+00,0.000000e+00,0.000000e+00,0.000000e+00,0.000000e+00,0.000000e+00
1.000000e+00,0.000000e+00,0.000000e+00,0.000000e+00,0.000000e+00,0.000000e+00,0.000000e+00,0.000000e+00,0.000000e+00,0.000000e+00,0.000000e+00,0.000000e+00,0.000000e+00,0.000000e+00,0.000000e+00
1.000000e+00,0.000000e+00,0.000000e+00,0.000000e+00,0.000000e+00,0.000000e+00,0.000000e+00,0.000000e+00,0.000000e+00,0.000000e+00,0.000000e+00,0.000000e+00,0.000000e+00,0.000000e+00,0.000000e+00
1.000000e+00,0.000000e+00,0.000000e+00,0.000000e+00,0.000000e+00,0.000000e+00,0.000000e+00,0.000000e+00,0.000000e+00,0.000000e+00,0.000000e+00,0.000000e+00,0.000000e+00,0.000000e+00,0.000000e+00
1.000000e+00,0.000000e+00,0.000000e+00,0.000000e+00,0.000000e+00,0.000000e+00,0.000000e+00,0.000000e+00,0.000000e+00,0.000000e+00,0.000000e+00,0.000000e+00,0.000000e+00,0.000000e+00,0.000000e+00
1.000000e+00,0.000000e+00,0.000000e+00,0.000000e+00,0.000000e+00,0.000000e+00,0.000000e+00,0.000000e+00,0.000000e+00,0.000000e+00,0.000000e+00,0.000000e+00,0.000000e+00,0.000000e+00,0.000000e+00
1.000000e+00,0.000000e+00,0.000000e+00,0.000000e+00,0.000000e+00,0.000000e+00,0.000000e+00,0.000000e+00,0.000000e+00,0.000000e+00,0.000000e+00,0.000000e+00,0.000000e+00,0.000000e+00,0.000000e+00
1.000000e+00,0.000000e+00,0.000000e+00,0.000000e+00,0.000000e+00,0.000000e+00,0.000000e+00,0.000000e+00,0.000000e+00,0.000000e+00,0.000000e+00,0.000000e+00,0.000000e+00,0.000000e+00,0.000000e+00
1.000000e+00,0.000000e+00,0.000000e+00,0.000000e+00,0.000000e+00,0.000000e+00,0.000000e+00,0.000000e+00,0.000000e+00,0.000000e+00,0.000000e+00,0.000000e+00,0.000000e+00,0.000000e+00,0.000000e+00
1.000000e+00,0.000000e+00,0.000000e+00,0.000000e+00,0.000000e+00,0.000000e+00,0.000000e+00,0.000000e+00,0.000000e+00,0.000000e+00,0.000000e+00,0.000000e+00,0.000000e+00,0.000000e+00,0.000000e+00
1.000000e+00,0.000000e+00,0.000000e+00,0.000000e+00,0.000000e+00,0.000000e+00,0.000000e+00,0.000000e+00,0.000000e+00,0.000000e+00,0.000000e+00,0.000000e+00,0.000000e+00,0.000000e+00,0.000000e+00
1.000000e+00,0.000000e+00,0.000000e+00,0.000000e+00,0.000000e+00,0.000000e+00,0.000000e+00,0.000000e+00,0.000000e+00,0.000000e+00,0.000000e+00,0.000000e+00,0.000000e+00,0.000000e+00,0.000000e+00
1.000000e+00,0.000000e+00,0.000000e+00,0.000000e+00,0.000000e+00,0.000000e+00,0.000000e+00,0.000000e+00,0.000000e+00,0.000000e+00,0.000000e+00,0.000000e+00,0.000000e+00,0.000000e+00,0.000000e+00
1.000000e+00,0.000000e+00,0.000000e+00,0.000000e+00,0.000000e+00,0.000000e+00,0.000000e+00,0.000000e+00,0.000000e+00,0.000000e+00,0.000000e+00,0.000000e+00,0.000000e+00,0.000000e+00,0.000000e+00
1.000000e+00,0.000000e+00,0.000000e+00,0.000000e+00,0.000000e+00,0.000000e+00,0.000000e+00,0.000000e+00,0.000000e+00,0.000000e+00,0.000000e+00,0.000000e+00,0.000000e+00,0.000000e+00,0.000000e+00
1.000000e+00,0.000000e+00,0.000000e+00,0.000000e+00,0.000000e+00,0.000000e+00,0.000000e+00,0.000000e+00,0.000000e+00,0.000000e+00,0.000000e+00,0.000000e+00,0.000000e+00,0.000000e+00,0.000000e+00
1.000000e+00,0.000000e+00,0.000000e+00,0.000000e+00,0.000000e+00,0.000000e+00,0.000000e+00,0.000000e+00,0.000000e+00,0.000000e+00,0.000000e+00,0.000000e+00,0.000000e+00,0.000000e+00,0.000000e+00
1.000000e+00,0.000000e+00,0.000000e+00,0.000000e+00,0.000000e+00,0.000000e+00,0.000000e+00,0.000000e+00,0.000000e+00,0.000000e+00,0.000000e+00,0.000000e+00,0.000000e+00,0.000000e+00,0.000000e+00
1.000000e+00,0.000000e+00,0.000000e+00,0.000000e+00,0.000000e+00,0.000000e+00,0.000000e+00,0.000000e+00,0.000000e+00,0.000000e+00,0.000000e+00,0.000000e+00,0.000000e+00,0.000000e+00,0.000000e+00
1.000000e+00,0.000000e+00,0.000000e+00,0.000000e+00,0.000000e+00,0.000000e+00,0.000000e+00,0.000000e+00,0.000000e+00,0.000000e+00,0.000000e+00,0.000000e+00,0.000000e+00,0.000000e+00,0.000000e+00
1.000000e+00,0.000000e+00,0.000000e+00,0.000000e+00,0.000000e+00,0.000000e+00,0.000000e+00,0.000000e+00,0.000000e+00,0.000000e+00,0.000000e+00,0.000000e+00,0.000000e+00,0.000000e+00,0.000000e+00
1.000000e+00,0.000000e+00,0.000000e+00,0.000000e+00,0.000000e+00,0.000000e+00,0.000000e+00,0.000000e+00,0.000000e+00,0.000000e+00,0.000000e+00,0.000000e+00,0.000000e+00,0.000000e+00,0.000000e+00
1.000000e+00,0.000000e+00,0.000000e+00,0.000000e+00,0.000000e+00,0.000000e+00,0.000000e+00,0.000000e+00,0.000000e+00,0.000000e+00,0.000000e+00,0.000000e+00,0.000000e+00,0.000000e+00,0.000000e+00
1.000000e+00,0.000000e+00,0.000000e+00,0.000000e+00,0.000000e+00,0.000000e+00,0.000000e+00,0.000000e+00,0.000000e+00,0.000000e+00,0.000000e+00,0.000000e+00,0.000000e+00,0.000000e+00,0.000000e+00
1.000000e+00,0.000000e+00,0.000000e+00,0.000000e+00,0.000000e+00,0.000000e+00,0.000000e+00,0.000000e+00,0.000000e+00,0.000000e+00,0.000000e+00,0.000000e+00,0.000000e+00,0.000000e+00,0.000000e+00
1.000000e+00,0.000000e+00,0.000000e+00,0.000000e+00,0.000000e+00,0.000000e+00,0.000000e+00,0.000000e+00,0.000000e+00,0.000000e+00,0.000000e+00,0.000000e+00,0.000000e+00,0.000000e+00,0.000000e+00
1.000000e+00,0.000000e+00,0.000000e+00,0.000000e+00,0.000000e+00,0.000000e+00,0.000000e+00,0.000000e+00,0.000000e+00,0.000000e+00,0.000000e+00,0.000000e+00,0.000000e+00,0.000000e+00,0.000000e+00
1.000000e+00,0.000000e+00,0.000000e+00,0.000000e+00,0.000000e+00,0.000000e+00,0.000000e+00,0.000000e+00,0.000000e+00,0.000000e+00,0.000000e+00,0.000000e+00,0.000000e+00,0.000000e+00,0.000000e+00
1.000000e+00,0.000000e+00,0.000000e+00,0.000000e+00,0.000000e+00,0.000000e+00,0.000000e+00,0.000000e+00,0.000000e+00,0.000000e+00,0.000000e+00,0.000000e+00,0.000000e+00,0.000000e+00,0.000000e+00
1.000000e+00,0.000000e+00,0.000000e+00,0.000000e+00,0.000000e+00,0.000000e+00,0.000000e+00,0.000000e+00,0.000000e+00,0.000000e+00,0.000000e+00,0.000000e+00,0.000000e+00,0.000000e+00,0.000000e+00
1.000000e+00,0.000000e+00,0.000000e+00,0.000000e+00,0.000000e+00,0.000000e+00,0.000000e+00,0.000000e+00,0.000000e+00,0.000000e+00,0.000000e+00,0.000000e+00,0.000000e+00,0.000000e+00,0.000000e+00
4.643872e-01,5.090991e-02,3.414744e-03,2.699103e-01,8.292278e-03,1.264693e-02,2.102575e-03,4.457315e-03,3.131752e-03,1.376979e-03,1.399285e-01,1.428129e-02,1.462813e-02,2.808688e-03,7.723365e-03
3.251708e-01,3.901829e-02,3.025955e-03,3.395644e-01,7.462775e-03,1.145774e-02,1.545882e-03,3.134556e-03,2.527050e-03,3.367097e-03,2.174818e-01,2.367676e-02,1.324384e-02,3.674708e-03,5.648341e-03
2.278706e-01,2.764320e-02,2.391644e-03,2.586251e-01,1.460580e-02,1.116917e-02,1.150769e-03,2.429324e-03,2.520321e-03,2.759014e-03,3.118424e-01,1.126543e-01,1.542334e-02,4.757286e-03,4.157660e-03
1.597055e-01,1.937105e-02,1.713065e-03,1.820848e-01,1.817803e-02,8.288551e-03,8.458708e-04,1.742131e-03,3.094816e-03,2.217577e-03,2.265042e-01,3.536007e-01,1.514296e-02,4.552774e-03,2.957918e-03
1.122793e-01,1.357731e-02,1.241727e-03,1.289962e-01,1.358264e-01,6.516456e-03,6.631094e-04,1.375047e-03,5.317247e-03,2.034408e-03,1.933232e-01,3.713934e-01,1.950511e-02,5.379407e-03,2.571736e-03
7.975797e-02,9.519284e-03,8.962832e-04,9.090835e-02,1.496796e-01,7.604383e-03,5.244201e-04,1.087723e-03,1.024953e-02,1.556763e-03,1.393675e-01,4.764829e-01,2.649640e-02,4.000955e-03,1.867930e-03
5.623369e-02,6.670941e-03,6.609836e-04,6.383485e-02,1.275583e-01,8.069551e-03,4.808832e-04,9.423816e-04,8.882409e-03,1.164524e-03,1.004086e-01,5.941331e-01,2.672777e-02,2.895402e-03,1.336568e-03
4.005463e-02,4.731885e-03,1.094347e-03,4.490943e-02,1.775287e-01,1.417545e-02,9.310784e-03,1.298736e-02,1.099828e-02,1.723109e-03,7.285339e-02,5.689188e-01,3.709451e-02,2.248976e-03,1.370253e-03
2.894640e-02,3.531532e-03,1.067753e-03,3.174171e-02,1.272018e-01,5.804047e-02,6.659496e-03,9.968081e-03,9.435190e-03,1.533567e-03,5.246063e-02,6.075814e-01,5.751557e-02,2.329690e-03,1.986663e-03
2.085019e-02,2.510426e-03,8.609478e-04,2.228944e-02,8.971469e-02,7.207109e-02,4.877900e-03,7.552502e-03,7.175713e-03,1.185662e-03,3.725797e-02,6.689547e-01,6.137295e-02,1.700494e-03,1.625189e-03
1.501387e-02,1.894190e-03,8.002128e-04,1.573412e-02,6.466165e-02,5.504666e-02,3.595231e-03,6.845221e-03,5.990218e-03,1.023164e-03,2.738495e-02,7.393007e-01,5.991872e-02,1.316418e-03,1.474692e-03
1.074989e-02,1.393847e-03,6.712311e-04,1.110363e-02,4.581297e-02,4.065211e-02,2.605910e-03,5.440732e-03,4.564980e-03,7.764607e-04,1.981587e-02,8.006308e-01,5.365610e-02,9.725483e-04,1.152940e-03
8.040729e-03,1.691343e-03,2.079044e-03,7.892368e-03,3.312249e-02,3.245730e-02,1.889594e-03,4.044137e-03,3.609844e-03,8.576239e-04,1.466451e-02,8.388129e-01,4.870293e-02,8.608169e-04,1.274355e-03
5.984301e-03,1.352288e-03,1.757056e-03,5.630435e-03,2.339144e-02,2.559832e-02,1.397333e-03,3.218165e-03,3.403708e-03,7.217992e-04,1.053554e-02,8.605518e-01,5.468247e-02,6.305258e-04,1.144780e-03
4.451164e-03,9.873353e-04,1.430014e-03,3.974224e-03,1.656062e-02,2.041447e-02,1.537075e-03,3.226394e-03,2.666816e-03,5.532730e-04,7.504734e-03,8.868431e-01,4.849210e-02,4.671220e-04,8.916129e-04
4.483142e-03,7.557497e-04,1.400718e-03,2.823951e-03,1.276662e-02,1.820893e-02,1.631039e-03,3.621057e-03,2.111799e-03,4.259453e-04,5.593493e-03,9.060626e-01,3.899808e-02,3.801337e-04,7.367744e-04
7.521759e-03,7.301292e-04,2.313579e-03,2.055747e-03,1.027417e-02,1.561417e-02,1.923830e-03,3.783975e-03,2.755401e-03,3.571574e-04,4.208930e-03,9.139864e-01,3.352387e-02,3.752883e-04,5.756030e-04
1.075487e-02,8.845118e-04,3.562887e-03,1.579097e-03,1.638238e-02,1.617660e-02,5.074481e-03,3.721974e-03,5.528093e-03,3.219187e-04,3.500720e-03,8.956301e-01,3.586562e-02,3.494334e-04,6.672710e-04
3.439576e-02,1.664768e-03,7.504381e-02,4.389387e-03,2.678163e-02,4.713029e-02,5.441206e-03,1.264822e-02,8.821731e-03,5.351761e-04,3.071323e-03,7.446362e-01,3.419744e-02,5.675496e-04,6.755396e-04
5.002315e-02,3.344568e-03,6.527027e-02,4.859521e-03,4.615873e-02,3.871032e-02,9.356660e-03,1.420582e-02,1.724657e-02,5.180280e-04,4.033320e-03,7.039265e-01,4.070995e-02,7.767515e-04,8.598095e-04
5.535104e-02,3.899659e-03,1.202561e-01,1.683324e-02,6.825757e-02,3.115053e-02,1.631874e-02,7.214320e-02,1.729148e-02,4.735786e-04,4.296948e-03,5.479769e-01,4.390423e-02,9.633059e-04,8.835403e-04
8.062169e-02,7.674101e-03,1.678111e-01,2.045072e-02,5.970437e-02,2.535527e-02,1.599149e-02,7.712042e-02,2.058253e-02,4.709896e-04,6.087231e-03,4.815238e-01,3.432389e-02,1.191718e-03,1.090693e-03
6.271545e-02,6.524589e-03,3.555685e-01,1.958541e-02,4.809148e-02,1.861500e-02,1.617614e-02,7.995865e-02,1.616124e-02,4.347148e-04,4.550966e-03,3.435032e-01,2.593114e-02,1.009502e-03,1.174010e-03
5.684559e-02,9.153606e-03,4.580957e-01,3.162181e-02,4.142739e-02,1.817123e-02,1.828192e-02,7.650565e-02,1.903779e-02,6.910557e-04,3.504280e-03,2.446860e-01,1.933766e-02,9.917173e-04,1.648692e-03
7.717235e-02,1.794216e-02,4.507568e-01,3.157406e-02,3.728181e-02,3.181722e-02,3.156748e-02,8.081777e-02,2.850189e-02,3.042875e-03,3.042464e-03,1.825560e-01,1.784133e-02,1.404099e-03,4.681655e-03
8.458884e-02,1.857056e-02,3.981206e-01,3.530863e-02,4.668054e-02,3.822445e-02,3.886006e-02,1.380067e-01,3.583132e-02,3.176469e-03,2.886589e-03,1.333536e-01,1.999419e-02,1.589788e-03,4.807633e-03
6.663147e-02,1.428370e-02,2.880312e-01,2.687122e-02,3.907213e-02,2.875071e-02,3.737888e-02,3.491490e-01,2.819287e-02,2.361898e-03,2.183331e-03,9.605110e-02,1.616082e-02,1.198532e-03,3.683124e-03
4.792402e-02,1.009023e-02,2.029204e-01,1.893569e-02,2.882164e-02,2.027676e-02,2.652367e-02,5.389994e-01,2.001384e-02,1.655892e-03,1.536068e-03,6.725726e-02,1.159268e-02,8.416174e-04,2.610822e-03
3.447662e-02,7.147756e-03,1.430083e-01,1.333587e-02,2.096158e-02,1.436723e-02,1.873561e-02,6.738540e-01,1.406497e-02,1.166245e-03,1.088931e-03,4.709300e-02,8.265115e-03,5.947414e-04,1.840042e-03
2.844668e-02,5.513375e-03,1.021639e-01,9.457377e-03,1.633845e-02,1.048182e-02,1.326913e-02,7.615011e-01,9.983361e-03,8.287568e-04,8.509107e-04,3.316009e-02,6.028202e-03,4.718661e-04,1.505064e-03
2.489084e-02,4.182508e-03,7.371238e-02,6.893002e-03,1.337712e-02,7.730059e-03,9.609673e-03,8.215947e-01,7.110950e-03,6.198720e-04,6.483086e-04,2.344344e-02,4.339615e-03,3.526206e-04,1.494977e-03
4.559465e-02,3.556375e-03,5.241644e-02,5.302426e-03,1.141581e-02,6.975834e-03,7.338587e-03,8.353292e-01,5.776658e-03,5.121211e-04,7.657562e-04,1.704578e-02,6.181482e-03,2.882796e-04,1.500645e-03
7.617158e-02,3.547933e-03,3.779556e-02,6.991034e-03,8.865569e-03,7.321698e-03,5.542338e-03,7.972189e-01,5.756769e-03,1.330104e-03,5.736285e-03,1.848845e-02,1.728137e-02,6.868466e-04,7.265564e-03
9.676588e-02,6.065669e-03,2.871298e-02,9.994976e-03,7.484681e-03,1.231226e-02,4.826860e-03,6.179392e-01,8.660441e-03,3.292555e-03,2.114942e-02,3.030667e-02,1.109260e-01,2.033595e-03,3.952869e-02
9.197555e-02,2.778068e-02,3.216071e-02,4.882931e-02,6.565121e-03,1.086752e-02,3.797149e-03,4.524930e-01,3.805803e-02,7.115921e-03,1.874209e-02,2.371304e-02,8.816455e-02,2.655353e-03,1.470819e-01
1.733411e-01,2.661461e-02,3.030864e-02,4.413345e-02,7.008156e-03,1.187183e-02,3.591161e-03,3.698683e-01,5.010381e-02,1.426996e-02,2.077914e-02,2.620985e-02,9.996873e-02,4.373063e-03,1.175582e-01
2.029508e-01,2.586836e-02,2.384183e-02,3.462436e-02,1.007810e-02,1.057892e-02,4.004550e-03,3.450342e-01,9.819039e-02,1.242992e-02,2.071223e-02,2.542050e-02,9.326091e-02,4.199091e-03,8.880583e-02
1.743456e-01,1.996249e-02,3.017421e-02,5.200462e-02,9.685604e-03,8.827894e-03,3.090257e-03,2.503100e-01,2.498497e-01,1.025002e-02,2.252077e-02,2.025027e-02,7.668640e-02,4.273722e-03,6.776851e-02
1.743565e-01,1.720311e-02,2.242980e-02,4.281848e-02,1.038026e-02,7.511171e-03,2.854215e-03,1.830079e-01,2.789477e-01,1.828246e-02,2.322281e-02,1.585093e-02,6.566624e-02,8.985001e-03,1.284834e-01
1.606264e-01,1.942057e-02,2.235706e-02,3.361209e-02,1.231772e-02,6.740356e-03,2.528225e-03,1.290286e-01,2.120309e-01,1.765237e-02,2.512218e-02,1.254201e-02,5.166525e-02,9.855250e-03,2.845010e-01
1.337087e-01,6.162162e-02,1.816092e-02,2.874625e-02,1.259764e-02,5.825728e-03,1.960553e-03,9.130503e-02,2.656600e-01,1.906928e-02,2.029820e-02,9.416671e-03,3.936449e-02,9.857442e-03,2.824074e-01
9.420754e-02,6.570406e-02,1.705325e-02,3.643236e-02,1.126067e-02,4.265252e-03,1.458971e-03,6.595343e-02,4.210134e-01,1.649712e-02,1.576914e-02,6.813101e-03,2.921956e-02,7.424533e-03,2.069276e-01
8.246758e-02,9.735453e-02,1.908644e-02,4.334125e-02,2.095296e-02,5.096012e-03,1.894240e-03,4.867113e-02,4.013642e-01,2.653381e-02,1.766161e-02,8.600246e-03,2.664507e-02,6.827571e-03,1.935033e-01
7.766283e-02,1.101352e-01,4.545381e-02,1.053186e-01,2.001592e-02,6.108561e-03,2.065776e-03,4.272732e-02,3.298216e-01,2.638413e-02,2.096717e-02,1.477727e-02,3.085224e-02,6.034795e-03,1.616747e-01
1.364954e-01,1.042688e-01,3.598681e-02,8.793396e-02,2.836385e-02,9.265697e-03,2.571524e-03,3.346187e-02,2.870269e-01,2.255560e-02,2.903847e-02,2.860941e-02,4.072185e-02,5.705339e-03,1.479945e-01
1.101752e-01,9.975547e-02,3.083615e-02,1.624678e-01,2.390183e-02,7.955892e-03,1.995965e-03,2.759496e-02,2.782935e-01,1.760554e-02,2.490364e-02,2.347720e-02,3.551681e-02,4.593405e-03,1.509267e-01
1.684299e-01,9.150542e-02,2.740514e-02,1.316511e-01,2.176118e-02,8.370789e-03,1.755528e-03,2.259384e-02,2.771293e-01,1.439760e-02,2.527628e-02,2.091703e-02,3.376821e-02,4.694832e-03,1.503439e-01
1.929744e-01,7.333092e-02,3.432847e-02,1.723159e-01,1.714747e-02,1.074022e-02,1.696695e-03,2.111038e-02,2.556108e-01,1.196104e-02,2.427023e-02,2.128461e-02,3.241723e-02,4.975371e-03,1.258363e-01
2.593352e-01,5.622181e-02,4.367971e-02,1.636891e-01,1.463241e-02,1.139646e-02,1.481315e-03,1.888599e-02,2.522190e-01,1.057975e-02,2.110882e-02,1.780491e-02,2.612155e-02,4.616543e-03,9.822758e-02
3.623233e-01,4.475864e-02,4.062602e-02,1.282172e-01,2.607223e-02,1.386627e-02,2.283654e-03,1.843068e-02,2.074320e-01,8.816562e-03,2.164486e-02,1.720574e-02,2.559588e-02,5.079954e-03,7.764690e-02
3.364170e-01,4.805351e-02,7.700100e-02,1.692740e-01,3.138786e-02,2.151171e-02,2.353918e-03,1.812952e-02,1.694162e-01,7.655761e-03,1.892781e-02,1.430019e-02,2.057862e-02,4.554290e-03,6.043857e-02
4.293860e-01,4.141887e-02,6.229039e-02,1.315572e-01,2.896453e-02,1.955780e-02,2.293665e-03,1.897876e-02,1.463341e-01,6.501741e-03,1.799290e-02,1.302292e-02,1.761192e-02,8.503409e-03,5.558577e-02
4.154944e-01,4.548606e-02,5.375286e-02,9.662051e-02,2.441146e-02,1.926197e-02,1.786050e-03,1.577618e-02,1.231904e-01,5.524069e-03,7.247694e-02,1.047132e-02,1.832874e-02,4.113816e-02,5.628083e-02
3.142032e-01,4.023627e-02,4.128553e-02,6.851601e-02,2.026085e-02,1.868354e-02,1.528810e-03,1.258262e-02,1.149938e-01,4.487663e-03,8.947022e-02,8.078188e-03,1.678950e-02,1.962144e-01,5.266945e-02
2.250161e-01,3.081007e-02,3.062613e-02,4.820269e-02,1.570039e-02,1.619532e-02,1.271126e-03,9.058052e-03,9.261551e-02,4.055450e-03,8.888236e-02,6.311110e-03,1.399269e-02,3.690293e-01,4.823361e-02
1.661702e-01,2.550980e-02,2.283636e-02,3.590184e-02,1.263034e-02,1.305347e-02,1.242538e-03,6.993163e-03,2.302198e-01,5.265587e-03,8.786250e-02,5.476394e-03,1.112606e-02,3.348476e-01,4.086439e-02
1.250584e-01,1.992554e-02,1.647560e-02,2.714570e-02,9.751606e-03,9.865209e-03,1.036018e-03,5.749590e-03,3.408376e-01,1.483872e-02,8.528914e-02,5.319280e-03,9.557258e-03,2.949249e-01,3.422540e-02
1.128983e-01,1.764500e-02,1.206399e-02,2.327590e-02,7.836594e-03,7.811291e-03,1.357670e-03,5.113029e-03,3.333368e-01,1.542860e-02,1.512173e-01,2.537235e-02,1.289227e-02,2.449147e-01,2.883618e-02
1.284791e-01,1.339397e-02,8.873613e-03,1.775026e-02,6.870949e-03,5.942225e-03,1.322692e-03,5.319745e-03,2.592169e-01,1.352431e-02,2.294666e-01,5.622610e-02,1.551246e-02,2.133930e-01,2.470810e-02
1.134418e-01,1.242769e-02,7.516660e-03,1.405867e-02,7.920160e-03,4.873733e-03,1.380223e-03,6.690784e-03,1.969213e-01,1.225641e-02,2.688996e-01,6.477182e-02,1.840326e-02,2.516244e-01,1.881343e-02
8.159518e-02,1.789777e-02,4.641362e-02,1.190817e-02,1.546967e-02,6.140784e-03,1.207576e-03,6.100727e-03,1.536451e-01,1.056020e-02,3.276069e-01,5.131662e-02,1.733846e-02,2.371936e-01,1.560561e-02
7.832015e-02,1.631650e-02,3.981464e-02,1.393931e-02,1.940096e-02,6.314153e-03,1.321542e-03,6.047048e-03,1.464180e-01,9.839904e-03,3.166806e-01,5.034986e-02,1.488365e-02,2.663912e-01,1.396239e-02
1.049830e-01,1.311607e-02,3.908700e-02,2.332344e-02,1.961436e-02,6.855809e-03,1.764500e-03,1.059257e-02,1.205623e-01,1.138938e-02,3.353847e-01,4.438187e-02,1.213148e-02,2.413601e-01,1.545355e-02
1.541168e-01,1.687274e-02,5.579765e-02,4.858030e-02,1.801804e-02,1.451897e-02,1.464899e-03,9.992997e-03,1.237858e-01,1.708037e-02,2.819806e-01,4.005155e-02,1.765829e-02,1.834842e-01,1.659680e-02
2.629882e-01,1.593371e-02,4.603489e-02,5.669612e-02,1.410172e-02,1.310210e-02,1.207744e-03,8.273967e-03,9.817661e-02,1.645452e-02,2.587816e-01,3.494441e-02,1.746942e-02,1.411342e-01,1.470070e-02
2.170104e-01,1.759147e-02,4.053171e-02,4.044643e-02,1.048809e-02,3.501750e-02,9.628291e-04,7.142864e-03,7.104825e-02,1.495770e-02,3.743740e-01,2.659851e-02,1.699746e-02,1.160773e-01,1.075545e-02
2.074427e-01,1.545190e-02,4.262248e-02,2.932980e-02,7.963962e-03,1.367173e-01,1.191391e-03,1.337686e-02,5.194652e-02,1.636383e-02,3.301691e-01,2.083414e-02,1.379319e-02,1.047930e-01,8.003846e-03
1.555074e-01,1.273221e-02,3.389217e-02,2.116929e-02,6.103582e-03,1.250883e-01,9.111143e-04,1.013588e-02,3.923700e-02,1.751019e-02,3.796220e-01,1.594923e-02,1.118193e-02,1.646537e-01,6.305995e-03
1.456410e-01,2.168280e-02,3.205219e-02,1.554647e-02,4.881942e-03,1.163422e-01,8.712373e-04,7.747748e-03,3.614748e-02,1.997380e-02,3.795501e-01,1.202619e-02,9.567773e-03,1.904379e-01,7.531228e-03
1.271039e-01,2.581026e-02,3.653306e-02,1.327533e-02,4.571101e-03,1.071953e-01,1.399140e-03,8.974900e-03,5.799002e-02,2.142562e-02,3.711448e-01,1.005912e-02,9.601945e-03,1.940719e-01,1.084363e-02
9.719504e-02,2.237273e-02,3.606829e-02,1.282771e-02,4.229013e-03,1.395495e-01,1.640094e-03,9.870565e-03,7.297422e-02,2.011658e-02,3.411646e-01,8.705678e-03,1.116600e-02,2.117355e-01,1.038443e-02
7.065075e-02,2.187673e-02,3.597055e-02,1.176617e-02,5.918848e-03,1.241015e-01,2.082720e-03,1.058680e-02,7.048170e-02,1.675883e-02,3.137155e-01,8.008120e-03,1.008516e-02,2.894849e-01,8.511644e-03
5.256883e-02,1.935913e-02,4.408520e-02,1.373302e-02,1.255248e-02,1.239158e-01,2.996800e-03,1.471733e-02,1.038833e-01,2.347124e-02,2.828048e-01,7.213886e-03,1.082218e-02,2.766080e-01,1.126805e-02
4.020461e-02,2.013996e-02,4.642329e-02,1.143864e-02,1.200485e-02,1.132303e-01,2.667609e-03,2.200860e-02,9.835352e-02,2.205762e-02,2.908767e-01,1.081236e-02,1.200240e-02,2.872364e-01,1.054314e-02
3.582295e-02,2.972736e-02,4.874349e-02,1.091304e-02,1.130244e-02,1.037830e-01,2.087434e-03,2.416860e-02,1.054653e-01,1.856773e-02,2.830930e-01,1.266212e-02,1.133716e-02,2.878185e-01,1.450786e-02
3.321034e-02,2.937936e-02,1.861857e-01,1.026217e-02,1.081925e-02,7.860082e-02,1.622392e-03,3.914062e-02,8.915485e-02,1.549368e-02,2.655128e-01,9.537608e-03,9.954680e-03,2.085475e-01,1.257822e-02
3.748609e-02,2.640549e-02,1.573197e-01,9.291948e-03,1.761991e-02,1.211292e-01,1.651261e-03,3.289314e-02,1.288210e-01,1.518477e-02,2.083229e-01,7.130771e-03,7.674038e-03,1.997490e-01,2.932085e-02
4.227133e-02,2.507877e-02,1.641540e-01,8.101234e-03,1.771247e-02,1.150066e-01,1.370570e-03,2.579535e-02,1.093037e-01,1.175642e-02,1.523746e-01,5.057790e-03,5.584991e-03,2.845297e-01,3.190234e-02
4.145749e-02,2.661247e-02,2.655075e-01,8.944621e-03,2.413532e-02,1.483115e-01,1.726699e-03,2.600772e-02,8.881113e-02,9.003929e-03,1.077698e-01,3.612086e-03,4.279254e-03,2.181417e-01,2.567888e-02
5.040221e-02,2.452544e-02,2.640702e-01,7.655323e-03,2.628056e-02,1.470866e-01,1.848902e-03,2.134079e-02,7.558519e-02,6.902888e-03,7.727072e-02,2.609100e-03,3.460006e-03,2.693090e-01,2.165312e-02
4.768142e-02,3.388256e-02,3.267083e-01,1.822142e-02,7.261395e-02,1.182790e-01,3.174117e-03,2.517666e-02,5.671430e-02,5.074413e-03,5.519214e-02,2.010123e-03,2.818519e-03,2.139674e-01,1.848569e-02
7.216197e-02,2.848264e-02,2.659930e-01,2.473127e-02,8.537029e-02,1.143413e-01,4.033574e-03,2.650164e-02,4.595838e-02,4.001195e-03,4.008144e-02,1.566502e-03,3.034974e-03,2.665354e-01,1.720650e-02
7.360791e-02,2.579315e-02,3.523638e-01,5.442695e-02,9.362081e-02,8.565937e-02,3.852866e-03,2.206594e-02,3.434657e-02,3.170200e-03,2.898446e-02,1.276603e-03,2.535135e-03,2.025267e-01,1.576953e-02
9.928223e-02,2.244055e-02,3.785660e-01,5.818649e-02,9.478863e-02,6.649481e-02,3.508547e-03,1.828153e-02,3.156215e-02,3.961276e-03,2.180380e-02,1.282847e-03,2.220362e-03,1.843585e-01,1.326221e-02
1.394678e-01,1.990900e-02,3.526959e-01,4.779536e-02,9.741183e-02,5.271105e-02,2.797102e-03,1.363677e-02,3.941167e-02,4.082931e-03,1.754203e-02,1.423631e-03,2.315116e-03,1.955908e-01,1.320905e-02
2.326328e-01,2.469178e-02,2.947586e-01,4.871485e-02,9.855504e-02,4.273835e-02,2.397124e-03,1.025108e-02,4.040473e-02,3.490919e-03,1.474856e-02,2.614364e-03,3.106686e-03,1.669780e-01,1.391701e-02
2.458173e-01,2.525438e-02,2.110887e-01,4.577944e-02,8.742728e-02,1.592230e-01,2.093660e-03,7.390739e-03,2.985196e-02,2.589344e-03,4.011867e-02,5.356237e-03,3.599964e-03,1.233668e-01,1.104249e-02
2.516131e-01,2.371769e-02,1.507199e-01,3.557361e-02,6.805199e-02,2.140097e-01,1.680409e-03,6.884602e-03,2.257164e-02,4.297454e-03,1.059684e-01,8.113299e-03,3.416871e-03,9.137490e-02,1.200632e-02
1.818393e-01,1.826921e-02,1.058529e-01,2.991650e-02,4.832495e-02,3.385742e-01,1.360893e-03,5.523215e-03,3.219098e-02,1.681165e-02,1.107038e-01,6.636249e-03,4.023959e-03,7.041340e-02,2.955883e-02
1.337642e-01,1.395194e-02,7.465733e-02,2.507009e-02,3.476270e-02,2.641267e-01,1.081001e-03,4.815722e-03,7.809386e-02,2.207057e-02,2.310873e-01,7.076434e-03,3.908376e-03,7.464232e-02,3.089147e-02
9.460450e-02,1.013019e-02,5.244644e-02,1.831489e-02,2.450278e-02,1.926573e-01,7.973833e-04,3.571844e-03,6.068208e-02,1.682815e-02,3.882875e-01,5.749817e-03,2.892515e-03,1.056800e-01,2.285464e-02
6.673487e-02,7.271051e-03,3.681553e-02,1.297640e-02,1.720290e-02,1.368324e-01,5.926013e-04,2.630912e-03,4.694612e-02,1.277532e-02,4.765087e-01,4.771057e-03,2.095176e-03,1.589669e-01,1.688013e-02
4.715687e-02,5.382558e-03,2.591013e-02,1.026190e-02,1.236052e-02,9.752399e-02,4.755782e-04,1.953592e-03,4.619825e-02,1.029962e-02,5.337727e-01,9.492131e-03,4.196759e-03,1.791239e-01,1.589150e-02
3.419727e-02,3.963818e-03,1.839178e-02,7.392203e-03,1.581352e-02,6.952474e-02,7.980334e-04,1.838923e-03,3.529862e-02,8.959724e-03,5.922229e-01,1.287992e-02,3.233650e-03,1.841685e-01,1.131643e-02
2.532600e-02,3.431329e-03,1.378475e-02,5.362602e-03,2.696994e-02,5.153539e-02,1.103094e-03,1.780961e-03,2.762520e-02,8.248262e-03,6.292468e-01,1.374076e-02,2.503312e-03,1.808895e-01,8.452070e-03
1.892667e-02,2.962486e-03,1.006571e-02,3.901955e-03,2.359116e-02,3.752108e-02,8.919267e-04,1.520852e-03,6.368487e-02,1.061408e-02,5.399942e-01,1.272701e-02,1.945276e-03,2.639098e-01,7.743044e-03
1.509360e-02,5.020371e-03,9.284261e-03,2.979811e-03,3.252881e-02,2.875786e-02,8.318601e-04,1.464948e-03,8.216898e-02,1.311500e-02,4.949574e-01,1.060756e-02,1.534120e-03,2.932371e-01,8.418421e-03
1.128434e-02,3.898592e-03,7.043615e-03,2.573955e-03,2.735826e-02,2.120657e-02,6.242376e-04,1.185677e-03,9.119821e-02,1.229238e-02,4.859551e-01,9.592197e-03,1.361951e-03,3.150548e-01,9.370075e-03
8.376705e-03,2.966763e-03,9.344292e-03,2.161249e-03,2.047375e-02,1.665426e-02,4.799048e-04,8.978042e-04,9.781942e-02,1.643505e-02,4.546779e-01,8.898502e-03,1.755449e-03,3.508744e-01,8.184494e-03
5.980732e-03,4.709872e-03,3.287507e-02,1.729150e-03,1.779859e-02,1.287437e-02,3.562973e-04,7.052605e-04,1.165066e-01,2.054545e-02,3.943551e-01,7.078310e-03,1.635580e-03,3.738418e-01,9.007987e-03
4.657342e-03,4.717115e-03,3.887481e-02,3.888540e-03,1.334799e-02,1.492262e-02,2.898961e-04,7.724600e-04,1.335762e-01,2.636076e-02,2.961476e-01,5.864007e-03,3.164211e-03,4.178527e-01,3.556386e-02
4.236488e-03,3.649711e-03,3.111911e-02,2.996499e-03,1.099566e-02,1.237706e-02,2.278125e-04,7.605242e-04,1.554310e-01,2.523471e-02,2.128508e-01,4.543002e-03,2.352067e-03,5.036396e-01,2.958592e-02
4.025352e-03,2.673704e-03,2.383784e-02,2.152213e-03,8.333021e-03,9.827540e-03,1.676500e-04,5.746526e-04,1.370763e-01,1.936389e-02,1.533683e-01,3.391515e-03,1.859691e-03,6.058027e-01,2.754564e-02
5.506032e-03,2.055459e-03,1.970853e-02,1.831434e-03,5.977628e-03,9.209448e-03,1.408136e-04,4.635472e-04,1.641525e-01,1.681787e-02,1.139178e-01,2.946566e-03,1.827199e-03,6.144476e-01,4.099751e-02
5.457381e-03,1.576471e-03,1.458050e-02,1.689194e-03,4.340971e-03,7.547135e-03,1.096325e-04,4.253161e-04,2.112344e-01,1.309142e-02,8.290535e-02,2.531612e-03,1.619625e-03,6.201329e-01,3.275806e-02
5.659937e-03,1.187257e-03,1.095594e-02,1.232221e-03,3.209933e-03,6.270294e-03,8.509139e-05,3.564644e-04,1.903938e-01,9.621562e-03,6.039475e-02,1.879259e-03,1.246213e-03,6.826555e-01,2.485186e-02
5.860574e-03,1.197729e-03,9.260411e-03,9.200075e-04,2.496182e-03,5.344286e-03,7.855982e-05,5.874563e-04,1.983753e-01,7.168306e-03,4.372885e-02,1.327474e-03,9.397524e-04,7.041364e-01,1.857867e-02
1.155354e-02,2.627037e-03,2.138571e-02,3.344330e-03,6.876571e-03,9.584449e-03,3.854166e-04,2.496271e-03,1.888623e-01,5.237631e-03,3.121436e-02,9.511245e-04,7.083410e-04,7.008221e-01,1.395083e-02
2.154252e-02,3.414698e-03,2.475712e-02,5.062944e-03,2.825725e-02,9.909698e-03,3.443453e-04,4.420912e-03,2.636602e-01,6.904379e-03,2.259548e-02,6.755468e-04,1.140314e-03,5.742186e-01,3.309594e-02
2.795012e-02,3.240214e-03,2.473658e-02,4.774841e-03,4.862102e-02,1.027005e-02,3.469617e-04,4.886320e-03,2.453591e-01,6.267647e-03,1.647111e-02,4.782955e-04,2.020139e-03,5.718536e-01,3.272396e-02
2.562542e-02,7.951800e-03,7.220284e-02,9.166380e-02,1.052037e-01,7.781933e-03,5.339339e-04,8.285576e-03,2.209194e-01,5.488376e-03,1.165721e-02,3.399870e-04,1.512411e-03,4.105881e-01,3.024546e-02
2.802694e-02,9.475268e-03,6.249173e-02,7.017246e-02,2.204610e-01,8.725304e-03,1.510157e-03,7.881766e-03,2.185440e-01,4.517915e-03,8.764170e-03,2.607850e-04,1.486610e-03,3.294873e-01,2.819460e-02
2.836151e-02,1.080669e-02,6.001832e-02,6.658807e-02,2.102429e-01,8.484193e-03,1.367720e-03,1.370001e-02,3.127208e-01,5.013092e-03,6.767247e-03,2.991692e-04,2.086742e-03,2.451027e-01,2.844080e-02
2.076298e-02,9.326953e-03,4.431270e-02,5.173837e-02,1.483009e-01,6.223241e-03,9.839394e-04,9.857696e-03,4.867821e-01,7.531547e-03,6.312544e-03,4.023786e-04,2.969144e-03,1.718883e-01,3.260721e-02
1.554349e-02,9.120465e-03,3.338030e-02,3.728813e-02,1.042342e-01,4.691456e-03,7.101271e-04,6.958202e-03,4.948198e-01,1.079345e-02,5.539862e-03,5.486456e-04,3.462176e-03,1.207089e-01,1.522007e-01
1.109738e-02,1.350736e-02,3.122024e-02,3.476228e-02,7.320477e-02,3.330643e-03,5.085697e-04,4.901227e-03,5.741000e-01,9.113930e-03,4.768228e-03,7.012767e-04,3.831508e-03,8.464078e-02,1.503118e-01
8.686643e-03,1.683620e-02,2.295735e-02,2.473182e-02,5.184783e-02,2.432983e-03,3.660453e-04,3.602915e-03,5.708194e-01,7.625560e-03,4.624551e-03,6.133618e-04,3.529782e-03,6.009093e-02,2.212346e-01
6.646496e-03,1.897891e-02,1.745554e-02,1.806992e-02,3.644542e-02,1.934350e-03,3.177183e-04,2.582247e-03,6.021356e-01,6.605331e-03,4.934439e-03,1.391425e-03,7.836546e-03,4.788502e-02,2.267810e-01
4.795073e-03,1.436780e-02,1.353021e-02,1.395114e-02,2.557513e-02,1.533255e-03,2.767235e-04,1.825143e-03,5.923036e-01,1.870478e-02,5.714208e-03,3.229020e-03,9.460596e-03,7.814562e-02,2.165877e-01
3.772059e-03,1.137343e-02,1.217106e-02,1.089053e-02,1.802790e-02,1.280454e-03,4.961505e-04,1.318452e-03,5.668364e-01,2.137783e-02,1.817602e-02,1.396425e-02,1.012715e-02,1.092662e-01,2.009221e-01
2.850667e-03,8.641317e-03,9.898918e-03,8.070418e-03,1.318116e-02,1.388535e-03,4.362875e-04,1.041210e-03,4.092132e-01,2.147808e-02,3.223252e-02,1.398917e-02,1.403447e-02,1.706778e-01,2.928663e-01
2.646341e-03,9.462919e-03,8.908162e-03,5.990293e-03,3.337263e-02,2.741952e-03,7.274692e-04,1.712291e-03,2.914878e-01,1.932653e-02,3.563774e-02,1.189904e-02,1.971342e-02,1.600644e-01,3.963091e-01
2.947229e-03,7.740499e-03,7.675390e-03,4.769263e-03,2.982486e-02,5.989302e-03,7.447845e-04,5.222214e-03,2.119949e-01,1.867564e-02,1.049567e-01,2.217286e-02,1.997718e-02,1.547357e-01,4.025735e-01
4.014847e-03,7.004344e-03,6.284082e-03,4.028345e-03,2.257021e-02,5.941435e-03,8.027252e-04,4.629176e-03,1.530392e-01,1.736502e-02,3.157944e-01,2.465452e-02,1.899575e-02,1.276828e-01,2.871932e-01
4.701486e-03,6.093478e-03,5.240481e-03,3.457886e-03,1.673833e-02,4.819650e-03,7.879369e-04,3.783169e-03,1.106349e-01,1.400262e-02,4.792405e-01,2.659276e-02,1.659753e-02,1.047923e-01,2.025171e-01
5.732872e-03,5.090245e-03,3.995920e-03,3.625215e-03,1.234074e-02,4.517764e-03,6.866793e-04,3.202035e-03,7.925238e-02,1.104626e-02,5.921111e-01,3.118651e-02,1.307709e-02,9.162572e-02,1.425095e-01
7.851596e-03,4.560005e-03,3.356454e-03,3.647661e-03,1.010847e-02,4.830276e-03,8.040423e-04,3.563808e-03,5.916592e-02,1.035065e-02,6.389990e-01,5.257796e-02,1.054489e-02,8.882590e-02,1.008134e-01
1.378196e-02,2.043103e-02,6.301331e-03,6.454197e-03,2.348321e-02,7.480835e-03,1.757904e-03,4.750561e-03,9.378165e-02,1.333936e-02,5.901133e-01,5.501764e-02,8.683788e-03,7.339669e-02,8.122657e-02
1.710635e-02,1.561894e-02,6.265211e-03,6.760202e-03,1.777842e-02,7.567395e-03,1.516720e-03,8.231681e-03,7.485502e-02,1.171209e-02,6.437303e-01,6.232878e-02,7.873872e-03,6.091503e-02,5.773999e-02
1.935425e-02,1.261417e-02,7.480207e-03,9.612471e-03,1.330743e-02,8.949046e-03,1.497867e-03,8.296875e-03,5.959820e-02,1.029408e-02,7.001168e-01,5.269589e-02,7.146779e-03,4.706936e-02,4.196656e-02
2.793129e-02,2.165971e-02,2.352369e-02,7.811809e-03,2.354263e-02,3.375911e-02,2.187243e-03,1.552408e-02,6.495169e-02,1.658372e-02,6.049232e-01,6.236108e-02,6.020631e-03,5.765926e-02,3.156083e-02
3.425649e-02,2.055736e-02,3.325401e-02,7.122505e-03,2.670432e-02,4.337424e-02,2.735274e-03,3.341573e-02,6.514924e-02,2.320275e-02,5.202530e-01,9.139757e-02,5.202220e-03,7.051301e-02,2.286232e-02
6.381181e-02,2.134597e-02,3.171262e-02,2.203618e-02,2.621999e-02,3.808592e-02,3.409172e-03,4.265222e-02,7.816310e-02,2.576778e-02,4.755062e-01,8.612714e-02,6.624765e-03,5.850155e-02,2.003561e-02
1.107906e-01,3.374904e-02,3.588460e-02,2.150526e-02,3.410365e-02,3.733056e-02,2.948659e-03,4.595633e-02,1.063159e-01,2.619741e-02,3.769669e-01,7.456494e-02,6.085214e-03,6.590586e-02,2.169514e-02
1.205921e-01,2.747256e-02,5.199110e-02,3.027564e-02,3.798920e-02,3.206941e-02,2.475847e-03,1.330957e-01,1.365510e-01,2.187080e-02,2.723039e-01,6.053851e-02,5.659729e-03,4.945366e-02,1.766093e-02
1.382508e-01,2.653337e-02,6.228808e-02,2.620379e-02,3.578336e-02,4.068426e-02,1.992232e-03,1.244896e-01,1.943567e-01,2.559017e-02,2.015262e-01,4.561271e-02,5.242271e-03,4.385814e-02,2.758833e-02
1.137441e-01,2.127196e-02,7.362276e-02,3.534535e-02,2.792595e-02,3.069096e-02,1.472680e-03,1.026679e-01,3.270424e-01,2.480631e-02,1.432857e-01,3.288817e-02,4.477955e-03,3.169788e-02,2.905997e-02
1.163442e-01,1.862415e-02,6.851252e-02,4.947054e-02,2.903905e-02,2.578401e-02,1.109384e-03,8.775604e-02,3.290031e-01,3.881460e-02,1.218012e-01,2.497828e-02,5.211666e-03,2.821941e-02,5.533185e-02
1.295582e-01,1.518766e-02,5.480997e-02,3.987008e-02,3.240265e-02,2.251180e-02,8.168881e-04,6.717832e-02,3.628127e-01,4.161233e-02,1.036353e-01,1.783950e-02,4.626891e-03,4.062928e-02,6.650838e-02
1.216247e-01,1.551368e-02,4.090950e-02,3.096330e-02,3.608593e-02,2.510016e-02,8.453415e-04,6.170325e-02,4.168749e-01,3.170945e-02,8.446789e-02,1.320032e-02,4.660131e-03,5.327103e-02,6.307045e-02
9.853051e-02,2.406469e-02,2.960218e-02,2.237493e-02,3.384897e-02,2.997456e-02,6.539039e-04,4.447260e-02,4.999484e-01,2.859337e-02,6.143919e-02,9.437970e-03,3.801835e-03,4.042099e-02,7.283593e-02
7.097909e-02,3.250788e-02,2.148932e-02,1.641044e-02,2.507039e-02,2.450543e-02,4.875528e-04,3.150949e-02,5.924602e-01,2.334975e-02,4.334687e-02,6.694948e-03,3.140010e-03,2.882006e-02,7.922868e-02
