1.000000e+00,0.000000e+00,0.000000e+00,0.000000e+00,0.000000e+00,0.000000e+00,0.000000e+00,0.000000e+00,0.000000e+00,0.000000e+00,0.000000e+00,0.000000e+00,0.000000e+00,0.000000e+00,0.000000e+00
1.000000e+00,0.000000e+00,0.000000e+00,0.000000e+00,0.000000e+00,0.000000e+00,0.000000e+00,0.000000e+00,0.000000e+00,0.000000e+00,0.000000e+00,0.000000e+00,0.000000e+00,0.000000e+00,0.000000e+00
1.000000e+00,0.000000e+00,0.000000e+00,0.000000e+00,0.000000e+00,0.000000e+00,0.000000e+00,0.000000e+00,0.000000e+00,0.000000e+00,0.000000e+00,0.000000e+00,0.000000e+00,0.000000e+00,0.000000e+00
1.000000e+00,0.000000e+00,0.000000e+00,0.000000e+00,0.000000e+00,0.000000e+00,0.000000e+00,0.000000e+00,0.000000e+00,0.000000e+00,0.000000e+00,0.000000e+00,0.000000e+00,0.000000e+00,0.000000e+00
1.000000e+00,0.000000e+00,0.000000e+00,0.000000e+00,0.000000e+00,0.000000e+00,0.000000e+00,0.000000e+00,0.000000e+00,0.000000e+00,0.000000e+00,0.000000e+00,0.000000e+00,0.000000e+00,0.000000e+00
1.000000e+00,0.000000e+00,0.000000e+00,0.000000e+00,0.000000e+00,0.000000e+00,0.000000e+00,0.000000e+00,0.000000e+00,0.000000e+00,0.000000e+00,0.000000e+00,0.000000e+00,0.000000e+00,0.000000e+00
1.000000e+00,0.000000e+00,0.000000e+00,0.000000e+00,0.000000e+00,0.000000e+00,0.000000e+00,0.000000e+00,0.000000e+00,0.000000e+00,0.000000e+00,0.000000e+00,0.000000e+00,0.000000e+00,0.000000e+00
1.000000e+00,0.000000e+00,0.000000e+00,0.000000e+00,0.000000e+00,0.000000e+00,0.000000e+00,0.000000e+00,0.000000e+00,0.000000e+00,0.000000e+00,0.000000e+00,0.000000e+00,0.000000e+00,0.000000e+00
1.000000e+00,0.000000e+00,0.000000e+00,0.000000e+00,0.000000e+00,0.000000e+00,0.000000e+00,0.000000e+00,0.000000e+00,0.000000e+00,0.000000e+00,0.000000e+00,0.000000e+00,0.000000e+00,0.000000e+00
1.000000e+00,0.000000e+00,0.000000e+00,0.000000e+00,0.000000e+00,0.000000e+00,0.000000e+00,0.000000e+00,0.000000e+00,0.000000e+00,0.000000e+00,0.000000e+00,0.000000e+00,0.000000e+00,0.000000e+00
1.000000e+00,0.000000e+00,0.000000e+00,0.000000e+00,0.000000e+00,0.000000e+00,0.000000e+00,0.000000e+00,0.000000e+00,0.000000e+00,0.000000e+00,0.000000e+00,0.000000e+00,0.000000e+00,0.000000e+00
1.000000e+00,0.000000e+00,0.000000e+00,0.000000e+00,0.000000e+00,0.000000e+00,0.000000e+00,0.000000e+00,0.000000e+00,0.000000e+00,0.000000e+00,0.000000e+00,0.000000e+00,0.000000e+00,0.000000e+00
1.000000e+00,0.000000e+00,0.000000e+00,0.000000e+00,0.000000e+00,0.000000e+00,0.000000e+00,0.000000e+00,0.000000e+00,0.000000e+00,0.000000e+00,0.000000e+00,0.000000e+00,0.000000e+00,0.000000e+00
1.000000e+00,0.000000e+00,0.000000e+00,0.000000e+00,0.000000e+00,0.000000e+00,0.000000e+00,0.000000e+00,0.000000e+00,0.000000e+00,0.000000e+00,0.000000e+00,0.000000e+00,0.000000e+00,0.000000e+00
1.000000e+00,0.000000e+00,0.000000e+00,0.000000e+00,0.000000e+00,0.000000e+00,0.000000e+00,0.000000e+00,0.000000e+00,0.000000e+00,0.000000e+00,0.000000e+00,0.000000e+00,0.000000e+00,0.000000e+00
1.000000e+00,0.000000e+00,0.000000e+00,0.000000e+00,0.000000e+00,0.000000e+00,0.000000e+00,0.000000e+00,0.000000e+00,0.000000e+00,0.000000e+00,0.000000e+00,0.000000e+00,0.000000e+00,0.000000e+00
1.000000e+00,0.000000e+00,0.000000e+00,0.000000e+00,0.000000e+00,0.000000e+00,0.000000e+00,0.000000e+00,0.000000e+00,0.000000e+00,0.000000e+00,0.000000e+00,0.000000e+00,0.000000e+00,0.000000e+00
1.000000e+00,0.000000e+00,0.000000e+00,0.000000e+00,0.000000e+00,0.000000e+00,0.000000e+00,0.000000e+00,0.000000e+00,0.000000e+00,0.000000e+00,0.000000e+00,0.000000e+00,0.000000e+00,0.000000e+00
1.000000e+00,0.000000e+00,0.000000e+00,0.000000e+00,0.000000e+00,0.000000e+00,0.000000e+00,0.000000e+00,0.000000e+00,0.000000e+00,0.000000e+00,0.000000e+00,0.000000e+00,0.000000e+00,0.000000e+00
1.000000e+00,0.000000e+00,0.000000e+00,0.000000e+00,0.000000e+00,0.000000e+00,0.000000e+00,0.000000e+00,0.000000e+00,0.000000e+00,0.000000e+00,0.000000e+00,0.000000e+00,0.000000e+00,0.000000e+00
1.000000e+00,0.000000e+00,0.000000e+00,0.000000e+00,0.000000e+00,0.000000e+00,0.000000e+00,0.000000e+00,0.000000e+00,0.000000e+00,0.000000e+00,0.000000e+00,0.000000e+00,0.000000e+00,0.000000e+00
1.000000e+00,0.000000e+00,0.000000e+00,0.000000e+00,0.000000e+00,0.000000e+00,0.000000e+00,0.000000e+00,0.000000e+00,0.000000e+00,0.000000e+00,0.000000e+00,0.000000e+00,0.000000e+00,0.000000e+00
1.000000e+00,0.000000e+00,0.000000e+00,0.000000e+00,0.000000e+00,0.000000e+00,0.000000e+00,0.000000e+00,0.000000e+00,0.000000e+00,0.000000e+00,0.000000e+00,0.000000e+00,0.000000e+00,0.000000e+00
1.000000e+00,0.000000e+00,0.000000e+00,0.000000e+00,0.000000e+00,0.000000e+00,0.000000e+00,0.000000e+00,0.000000e+00,0.000000e+00,0.000000e+00,0.000000e+00,0.000000e+00,0.000000e+00,0.000000e+00
1.000000e+00,0.000000e+00,0.000000e+00,0.000000e+00,0.000000e+00,0.000000e+00,0.000000e+00,0.000000e+00,0.000000e+00,0.000000e+00,0.000000e+00,0.000000e+00,0.000000e+00,0.000000e+00,0.000000e+00
1.000000e+00,0.000000e+00,0.000000e+00,0.000000e+00,0.000000e+00,0.000000e+00,0.000000e+00,0.000000e+00,0.000000e+00,0.000000e+00,0.000000e+00,0.000000e+00,0.000000e+00,0.000000e+00,0.000000e+00
1.000000e+00,0.000000e+00,0.000000e+00,0.000000e+00,0.000000e+00,0.000000e+00,0.000000e+00,0.000000e+00,0.000000e+00,0.000000e+00,0.000000e+00,0.000000e+00,0.000000e+00,0.000000e+00,0.000000e+00
1.000000e+00,0.000000e+00,0.000000e+00,0.000000e+00,0.000000e+00,0.000000e+00,0.000000e+00,0.000000e+00,0.000000e+00,0.000000e+00,0.000000e+00,0.000000e+00,0.000000e+00,0.000000e+00,0.000000e+00
1.000000e+00,0.000000e+00,0.000000e+00,0.000000e+00,0.000000e+00,0.000000e+00,0.000000e+00,0.000000e+00,0.000000e+00,0.000000e+00,0.000000e+00,0.000000e+00,0.000000e+00,0.000000e+00,0.000000e+00
1.000000e+00,0.000000e+00,0.000000e+00,0.000000e+00,0.000000e+00,0.000000e+00,0.000000e+00,0.000000e+00,0.000000e+00,0.000000e+00,0.000000e+00,0.000000e+00,0.000000e+00,0.000000e+00,0.000000e+00
1.000000e+00,0.000000e+00,0.000000e+00,0.000000e+00,0.000000e+00,0.000000e+00,0.000000e+00,0.000000e+00,0.000000e+00,0.000000e+00,0.000000e+00,0.000000e+00,0.000000e+00,0.000000e+00,0.000000e+00
1.000000e+00,0.000000e+00,0.000000e+00,0.000000e+00,0.000000e+00,0.000000e+00,0.000000e+00,0.000000e+00,0.000000e+00,0.000000e+00,0.000000e+00,0.000000e+00,0.000000e+00,0.000000e+00,0.000000e+00
1.000000e+00,0.000000e+00,0.000000e+00,0.000000e+00,0.000000e+00,0.000000e+00,0.000000e+00,0.000000e+00,0.000000e+00,0.000000e+00,0.000000e+00,0.000000e+00,0.000000e+00,0.000000e+00,0.000000e+00
1.000000e+00,0.000000e+00,0.000000e+00,0.000000e+00,0.000000e+00,0.000000e+00,0.000000e+00,0.000000e+00,0.000000e+00,0.000000e+00,0.000000e+00,0.000000e+00,0.000000e+00,0.000000e+00,0.000000e+00
1.000000e+00,0.000000e+00,0.000000e+00,0.000000e+00,0.000000e+00,0.000000e+00,0.000000e+00,0.000000e+00,0.000000e+00,0.000000e+00,0.000000e+00,0.000000e+00,0.000000e+00,0.000000e+00,0.000000e+00
1.000000e+00,0.000000e+00,0.000000e+00,0.000000e+00,0.000000e+00,0.000000e+00,0.000000e+00,0.000000e+00,0.000000e+00,0.000000e+00,0.000000e+00,0.000000e+00,0.000000e+00,0.000000e+00,0.000000e+00
1.000000e+00,0.000000e+00,0.000000e+00,0.000000e+00,0.000000e+00,0.000000e+00,0.000000e+00,0.000000e+00,0.000000e+00,0.000000e+00,0.000000e+00,0.000000e+00,0.000000e+00,0.000000e+00,0.000000e+00
1.000000e+00,0.000000e+00,0.000000e+00,0.000000e+00,0.000000e+00,0.000000e+00,0.000000e+00,0.000000e+00,0.000000e+00,0.000000e+00,0.000000e+00,0.000000e+00,0.000000e+00,0.000000e+00,0.000000e+00
1.000000e+00,0.000000e+00,0.000000e+00,0.000000e+00,0.000000e+00,0.000000e+00,0.000000e+00,0.000000e+00,0.000000e+00,0.000000e+00,0.000000e+00,0.000000e+00,0.000000e+00,0.000000e+00,0.000000e+00
1.000000e+00,0.000000e+00,0.000000e+00,0.000000e+00,0.000000e+00,0.000000e+00,0.000000e+00,0.000000e+00,0.000000e+00,0.000000e+00,0.000000e+00,0.000000e+00,0.000000e+00,0.000000e+00,0.000000e+00
1.000000e+00,0.000000e+00,0.000000e+00,0.000000e+00,0.000000e+00,0.000000e+00,0.000000e+00,0.000000e+00,0.000000e+00,0.000000e+00,0.000000e+00,0.000000e+00,0.000000e+00,0.000000e+00,0.000000e+00
1.000000e+00,0.000000e+00,0.000000e+00,0.000000e+00,0.000000e+00,0.000000e+00,0.000000e+00,0.000000e+00,0.000000e+00,0.000000e+00,0.000000e+00,0.000000e+00,0.000000e+00,0.000000e+00,0.000000e+00
1.000000e+00,0.000000e+00,0.000000e+00,0.000000e+00,0.000000e+00,0.000000e+00,0.000000e+00,0.000000e+00,0.000000e+00,0.000000e+00,0.000000e+00,0.000000e+00,0.000000e+00,0.000000e+00,0.000000e+00
1.000000e+00,0.000000e+00,0.000000e+00,0.000000e+00,0.000000e+00,0.000000e+00,0.000000e+00,0.000000e+00,0.000000e+00,0.000000e+00,0.000000e+00,0.000000e+00,0.000000e+00,0.000000e+00,0.000000e+00
1.000000e+00,0.000000e+00,0.000000e+00,0.000000e+00,0.000000e+00,0.000000e+00,0.000000e+00,0.000000e+00,0.000000e+00,0.000000e+00,0.000000e+00,0.000000e+00,0.000000e+00,0.000000e+00,0.000000e+00
1.000000e+00,0.000000e+00,0.000000e+00,0.000000e+00,0.000000e+00,0.000000e+00,0.000000e+00,0.000000e+00,0.000000e+00,0.000000e+00,0.000000e+00,0.000000e+00,0.000000e+00,0.000000e+00,0.000000e+00
1.000000e+00,0.000000e+00,0.000000e+00,0.000000e+00,0.000000e+00,0.000000e+00,0.000000e+00,0.000000e+00,0.000000e+00,0.000000e+00,0.000000e+00,0.000000e+00,0.000000e+00,0.000000e+00,0.000000e+00
1.000000e+00,0.000000e+00,0.000000e+00,0.000000e+00,0.000000e+00,0.000000e+00,0.000000e+00,0.000000e+00,0.000000e+00,0.000000e+00,0.000000e+00,0.000000e+00,0.000000e+00,0.000000e+00,0.000000e+00
1.000000e+00,0.000000e+00,0.000000e+00,0.000000e+00,0.000000e+00,0.000000e+00,0.000000e+00,0.000000e+00,0.000000e+00,0.000000e+00,0.000000e+00,0.000000e+00,0.000000e+00,0.000000e+00,0.000000e+00
1.000000e+00,0.000000e+00,0.000000e+00,0.000000e+00,0.000000e+00,0.000000e+00,0.000000e+00,0.000000e+00,0.000000e+00,0.000000e+00,0.000000e+00,0.000000e+00,0.000000e+00,0.000000e+00,0.000000e+00
1.000000e+00,0.000000e+00,0.000000e+00,0.000000e+00,0.000000e+00,0.000000e+00,0.000000e+00,0.000000e+00,0.000000e+00,0.000000e+00,0.000000e+00,0.000000e+00,0.000000e+00,0.000000e+00,0.000000e+00
1.000000e+00,0.000000e+00,0.000000e+00,0.000000e+00,0.000000e+00,0.000000e+00,0.000000e+00,0.000000e+00,0.000000e+00,0.000000e+00,0.000000e+00,0.000000e+00,0.000000e+00,0.000000e+00,0.000000e+00
1.000000e+00,0.000000e+00,0.000000e+00,0.000000e+00,0.000000e+00,0.000000e+00,0.000000e+00,0.000000e+00,0.000000e+00,0.000000e+00,0.000000e+00,0.000000e+00,0.000000e+00,0.000000e+00,0.000000e+00
1.000000e+00,0.000000e+00,0.000000e+00,0.000000e+00,0.000000e+00,0.000000e+00,0.000000e+00,0.000000e+00,0.000000e+00,0.000000e+00,0.000000e+00,0.000000e+00,0.000000e+00,0.000000e+00,0.000000e+00
1.000000e+00,0.000000e+00,0.000000e+00,0.000000e+00,0.000000e+00,0.000000e+00,0.000000e+00,0.000000e+00,0.000000e+00,0.000000e+00,0.000000e+00,0.000000e+00,0.000000e+00,0.000000e+00,0.000000e+00
1.000000e+00,0.000000e+00,0.000000e+00,0.000000e+00,0.000000e+00,0.000000e+00,0.000000e+00,0.000000e+00,0.000000e+00,0.000000e+00,0.000000e+00,0.000000e+00,0.000000e+00,0.000000e+00,0.000000e+00
1.000000e+00,0.000000e+00,0.000000e+00,0.000000e+00,0.000000e+00,0.000000e+00,0.000000e+00,0.000000e+00,0.000000e+00,0.000000e+00,0.000000e+00,0.000000e+00,0.000000e+00,0.000000e+00,0.000000e+00
1.000000e+00,0.000000e+00,0.000000e+00,0.000000e+00,0.000000e+00,0.000000e+00,0.000000e+00,0.000000e+00,0.000000e+00,0.000000e+00,0.000000e+00,0.000000e+00,0.000000e+00,0.000000e+00,0.000000e+00
1.000000e+00,0.000000e+00,0.000000e+00,0.000000e+00,0.000000e+00,0.000000e+00,0.000000e+00,0.000000e+00,0.000000e+00,0.000000e+00,0.000000e+00,0.000000e+00,0.000000e+00,0.000000e+00,0.000000e+00
4.200520e-01,2.209622e-01,1.810902e-02,2.031913e-01,4.328102e-03,8.989781e-03,2.337416e-03,4.999613e-03,2.908225e-03,1.190313e-03,6.881304e-02,1.774155e-02,9.310167e-03,7.711290e-03,9.355979e-03
2.951681e-01,1.620527e-01,1.371754e-02,1.537919e-01,3.279275e-03,7.345429e-03,1.685455e-03,3.814295e-03,3.413152e-03,1.628464e-03,2.260404e-01,9.437676e-02,7.455211e-03,1.778094e-02,8.450324e-03
2.093431e-01,1.146022e-01,1.007270e-02,1.154589e-01,2.602181e-03,7.399752e-03,1.242679e-03,2.958828e-03,4.145650e-03,1.637521e-03,3.555618e-01,1.338412e-01,5.565877e-03,2.763164e-02,7.935939e-03
1.481054e-01,8.139216e-02,7.345869e-03,8.690308e-02,1.311107e-02,1.161273e-02,9.635686e-04,2.227035e-03,4.332511e-03,1.571279e-03,4.218765e-01,1.803178e-01,5.061037e-03,2.803767e-02,7.142358e-03
1.115542e-01,5.880051e-02,5.549019e-03,6.465580e-02,1.735422e-02,1.101947e-02,9.266869e-04,1.777670e-03,3.799560e-03,1.695457e-03,4.478814e-01,2.341428e-01,4.071653e-03,2.894906e-02,7.822563e-03
7.962901e-02,4.166353e-02,4.017390e-03,4.754559e-02,1.555147e-02,1.024101e-02,1.227185e-03,1.430097e-03,3.541890e-03,1.491865e-03,5.674504e-01,1.942980e-01,3.585170e-03,2.155332e-02,6.774127e-03
5.762410e-02,3.035086e-02,3.005760e-03,3.491080e-02,1.467256e-02,1.324745e-02,1.672748e-03,1.147591e-03,3.575621e-03,1.342742e-03,6.495398e-01,1.616622e-01,3.385589e-03,1.645079e-02,7.411478e-03
4.819137e-02,2.745461e-02,2.751014e-03,2.862028e-02,1.854545e-02,1.607927e-02,1.851384e-03,1.096062e-03,5.449907e-03,2.055693e-03,6.247805e-01,1.887889e-01,3.026377e-03,1.446909e-02,1.684011e-02
4.528968e-02,2.165886e-02,9.323196e-03,3.603913e-02,3.564664e-02,4.240903e-02,3.308789e-03,5.361170e-03,6.514363e-03,2.650896e-03,5.810495e-01,1.781065e-01,2.987589e-03,1.362767e-02,1.602692e-02
5.602576e-02,1.741730e-02,7.699749e-03,3.421194e-02,4.329330e-02,4.500561e-02,2.962726e-03,4.957481e-03,7.223754e-03,2.660538e-03,5.747600e-01,1.676208e-01,2.783734e-03,1.859131e-02,1.478604e-02
5.960415e-02,2.029742e-02,6.683017e-03,3.248944e-02,5.527315e-02,3.477573e-02,2.972990e-03,4.951501e-03,1.172631e-02,3.333118e-03,5.620502e-01,1.658129e-01,2.704932e-03,1.652293e-02,2.080228e-02
7.677388e-02,1.792919e-02,9.278156e-03,2.564765e-02,4.768867e-02,3.631680e-02,7.072320e-03,2.035107e-02,1.490313e-02,4.109990e-03,5.425555e-01,1.594127e-01,3.488700e-03,1.452863e-02,1.994374e-02
1.356228e-01,1.867847e-02,1.194927e-02,2.477895e-02,4.751549e-02,4.272474e-02,7.914640e-03,3.068495e-02,1.412725e-02,3.955853e-03,4.534250e-01,1.722483e-01,4.363996e-03,1.309449e-02,1.891586e-02
2.012251e-01,1.950049e-02,1.088054e-02,2.202034e-02,3.797945e-02,4.227179e-02,6.971686e-03,2.648883e-02,1.328759e-02,4.431041e-03,3.623548e-01,2.175767e-01,4.318680e-03,1.185038e-02,1.884260e-02
1.982206e-01,1.855973e-02,1.045054e-02,1.934920e-02,3.235830e-02,3.734373e-02,5.712559e-03,2.731493e-02,1.626652e-02,4.851596e-03,2.822835e-01,3.134889e-01,4.100704e-03,1.233194e-02,1.736740e-02
1.520320e-01,1.678038e-02,1.436019e-02,1.488217e-02,3.009480e-02,3.179542e-02,6.046261e-03,4.475654e-02,2.403391e-02,4.251636e-03,2.204974e-01,4.131172e-01,3.251242e-03,1.124364e-02,1.285714e-02
1.268581e-01,1.753557e-02,2.109389e-02,1.409386e-02,3.941478e-02,2.972572e-02,1.484363e-02,1.011635e-01,3.446958e-02,4.708936e-03,1.884921e-01,3.823498e-01,3.352341e-03,1.035851e-02,1.153965e-02
1.416094e-01,1.790389e-02,1.765430e-02,1.412609e-02,3.740346e-02,4.781400e-02,1.379707e-02,1.024313e-01,3.396608e-02,3.832782e-03,1.660324e-01,3.781455e-01,4.536444e-03,9.418892e-03,1.132831e-02
1.337785e-01,1.938890e-02,2.042198e-02,1.406907e-02,4.938649e-02,4.333661e-02,1.123964e-02,1.487881e-01,5.440854e-02,3.597073e-03,1.377879e-01,3.390372e-01,4.156101e-03,8.417044e-03,1.218686e-02
1.259168e-01,1.943350e-02,2.429294e-02,1.487874e-02,8.074773e-02,3.507143e-02,9.351377e-03,1.446736e-01,8.344822e-02,3.755775e-03,1.408798e-01,2.915427e-01,4.130676e-03,9.777270e-03,1.209949e-02
1.188865e-01,2.143177e-02,2.580576e-02,3.902911e-02,1.191762e-01,4.849569e-02,7.999646e-03,1.073207e-01,1.018966e-01,3.957804e-03,1.341409e-01,2.445890e-01,7.308300e-03,8.002181e-03,1.195980e-02
9.482756e-02,2.188387e-02,2.388887e-02,3.001213e-02,1.057357e-01,3.983318e-02,7.414512e-03,1.174386e-01,1.979977e-01,5.264725e-03,1.211402e-01,2.026669e-01,1.217428e-02,1.007750e-02,9.644174e-03
6.847313e-02,1.728551e-02,1.676653e-02,2.104777e-02,8.027449e-02,2.948841e-02,5.587533e-03,8.251510e-02,4.201904e-01,3.786724e-03,8.755068e-02,1.435265e-01,8.856061e-03,7.615277e-03,7.035909e-03
4.897740e-02,1.651511e-02,1.184828e-02,1.507481e-02,7.983399e-02,2.437915e-02,4.287027e-03,5.845996e-02,5.580522e-01,2.803363e-03,6.200171e-02,1.006973e-01,6.370111e-03,5.525808e-03,5.173889e-03
3.538625e-02,1.495018e-02,8.590825e-03,1.784120e-02,7.856958e-02,2.227576e-02,3.339398e-03,4.223866e-02,6.448414e-01,2.851945e-03,4.405366e-02,7.128303e-02,5.348727e-03,3.987202e-03,4.442189e-03
3.386707e-02,1.221629e-02,6.340210e-03,1.474676e-02,1.647986e-01,1.812689e-02,3.295933e-03,3.466199e-02,6.152906e-01,2.476438e-03,3.159644e-02,5.065740e-02,4.305113e-03,2.954555e-03,4.665716e-03
3.144879e-02,9.764709e-03,4.989892e-03,1.201368e-02,2.488430e-01,1.480135e-02,2.723512e-03,8.547533e-02,5.208390e-01,1.790740e-03,2.265340e-02,3.570767e-02,3.357562e-03,2.206144e-03,3.385272e-03
3.164531e-02,7.786439e-03,3.793690e-03,9.498776e-03,2.271189e-01,1.086067e-02,2.349128e-03,2.562439e-01,4.008760e-01,1.292657e-03,1.644734e-02,2.519300e-02,2.837322e-03,1.607339e-03,2.449539e-03
2.436195e-02,5.698141e-03,4.232471e-03,9.769918e-03,1.763215e-01,8.503916e-03,1.803520e-03,4.504578e-01,2.836210e-01,9.202796e-04,1.157886e-02,1.770535e-02,2.062192e-03,1.151285e-03,1.811734e-03
2.261241e-02,6.953444e-03,3.753535e-03,8.559802e-03,1.425721e-01,8.468008e-03,1.478181e-03,5.654135e-01,2.122202e-01,8.371272e-04,8.537632e-03,1.295893e-02,2.231143e-03,9.499822e-04,2.453970e-03
2.617956e-02,5.629048e-03,6.301200e-03,9.643640e-03,1.206888e-01,8.106029e-03,1.503101e-03,6.484662e-01,1.526661e-01,7.521803e-04,6.205900e-03,9.396187e-03,1.756060e-03,8.063033e-04,1.899733e-03
3.270891e-02,4.943417e-03,6.723156e-03,9.962735e-03,9.429058e-02,8.401184e-03,1.175412e-03,7.160824e-01,1.096312e-01,6.256100e-04,4.968675e-03,6.836583e-03,1.384702e-03,6.587768e-04,1.606637e-03
3.808053e-02,4.360391e-03,7.608990e-03,9.276983e-03,7.073671e-02,7.767826e-03,9.799649e-04,7.696472e-01,7.842933e-02,5.377745e-04,4.031546e-03,5.143886e-03,1.126618e-03,5.886253e-04,1.683597e-03
5.120491e-02,4.266134e-03,8.073897e-03,1.137298e-02,5.408124e-02,6.904664e-03,1.179762e-03,7.945006e-01,5.661507e-02,5.311323e-04,3.665220e-03,4.088615e-03,1.259139e-03,6.699763e-04,1.586718e-03
6.924029e-02,3.663095e-03,7.992480e-03,1.230432e-02,4.228879e-02,5.963462e-03,1.106129e-03,8.053947e-01,4.114507e-02,5.894598e-04,3.694850e-03,3.442852e-03,1.196277e-03,5.965640e-04,1.381641e-03
8.267481e-02,3.146418e-03,9.408759e-03,1.370184e-02,3.188620e-02,5.718648e-03,1.011463e-03,8.092726e-01,3.072165e-02,5.234279e-04,3.804274e-03,4.648273e-03,1.459796e-03,5.808031e-04,1.441015e-03
1.642665e-01,3.009704e-03,1.558101e-02,1.432534e-02,2.392224e-02,6.232143e-03,1.099570e-03,7.307455e-01,2.392852e-02,6.874545e-04,4.220683e-03,6.763548e-03,2.144314e-03,8.794252e-04,2.194020e-03
2.222785e-01,4.252480e-03,5.658215e-02,2.253262e-02,2.037407e-02,8.416392e-03,1.285883e-03,6.231877e-01,1.896811e-02,1.312714e-03,5.253337e-03,8.317395e-03,2.940187e-03,1.130105e-03,3.168345e-03
2.408788e-01,3.685413e-03,8.779781e-02,2.999576e-02,1.643263e-02,8.529816e-03,1.721004e-03,5.760283e-01,1.475199e-02,1.489531e-03,4.608532e-03,6.953272e-03,2.819819e-03,1.097325e-03,3.209971e-03
2.871995e-01,3.668810e-03,1.139189e-01,2.961565e-02,1.314279e-02,9.843018e-03,2.267032e-03,5.064508e-01,1.212824e-02,2.650219e-03,4.032173e-03,6.384395e-03,2.810124e-03,1.251865e-03,4.636414e-03
3.404930e-01,3.390855e-03,1.479715e-01,4.016737e-02,1.095049e-02,9.726259e-03,2.826069e-03,4.134355e-01,1.023938e-02,2.496959e-03,3.628964e-03,5.770259e-03,2.860904e-03,1.513802e-03,4.528606e-03
3.476390e-01,3.165324e-03,1.554686e-01,8.387542e-02,9.120916e-03,1.037946e-02,2.977721e-03,3.514114e-01,9.438878e-03,5.255646e-03,3.971994e-03,6.118530e-03,3.730442e-03,1.736286e-03,5.710282e-03
3.360992e-01,3.658149e-03,1.137035e-01,8.302437e-02,7.143460e-03,1.483455e-02,2.222938e-03,2.732891e-01,2.216659e-02,1.238293e-02,3.047938e-02,2.114576e-02,5.662309e-02,2.747464e-03,2.047939e-02
2.525394e-01,4.489771e-03,8.140773e-02,1.923262e-01,5.629610e-03,1.074535e-02,1.647043e-03,1.936177e-01,1.138941e-01,1.265433e-02,3.767461e-02,1.958812e-02,4.904554e-02,2.278960e-03,2.246141e-02
2.063750e-01,5.030690e-03,5.891032e-02,2.601911e-01,4.649849e-03,8.334134e-03,1.326900e-03,1.380873e-01,1.353090e-01,1.644211e-02,5.591407e-02,2.357064e-02,4.527352e-02,2.459111e-03,3.812629e-02
1.846059e-01,7.355505e-03,4.171492e-02,2.123575e-01,4.309391e-03,6.538602e-03,1.120649e-03,9.779918e-02,1.955650e-01,1.210101e-02,1.094297e-01,3.974406e-02,5.408348e-02,2.383237e-03,3.089181e-02
1.466488e-01,1.087383e-02,3.056683e-02,2.051820e-01,6.222584e-03,7.403587e-03,1.236247e-03,6.955297e-02,2.280858e-01,1.169149e-02,1.630404e-01,3.607168e-02,5.375992e-02,2.569094e-03,2.709473e-02
1.105677e-01,1.694555e-02,2.613290e-02,1.701411e-01,9.546807e-03,7.236092e-03,1.362831e-03,4.947994e-02,1.988274e-01,1.129921e-02,2.345328e-01,3.400703e-02,5.231958e-02,1.406400e-02,6.353702e-02
7.967713e-02,1.643230e-02,2.461728e-02,1.803736e-01,1.706708e-02,6.308547e-03,1.156260e-03,3.510126e-02,2.927110e-01,9.234384e-03,1.949176e-01,2.925583e-02,5.367202e-02,1.302557e-02,4.645012e-02
5.815113e-02,1.426413e-02,2.178989e-02,2.015316e-01,1.692592e-02,6.266156e-03,1.470975e-03,2.497504e-02,2.278591e-01,7.886196e-03,2.498836e-01,2.675413e-02,7.337183e-02,1.578243e-02,5.308785e-02
4.215260e-02,1.593088e-02,2.554631e-02,1.597525e-01,1.278899e-02,5.710883e-03,1.185506e-03,1.769734e-02,1.677523e-01,9.913849e-03,2.464254e-01,2.619389e-02,1.175877e-01,1.983516e-02,1.315266e-01
3.486660e-02,2.334666e-02,2.471752e-02,1.286751e-01,1.055694e-02,5.708676e-03,1.002934e-03,1.306939e-02,1.313741e-01,1.045128e-02,2.015018e-01,3.159355e-02,1.578741e-01,2.149019e-02,2.037713e-01
2.700349e-02,1.830254e-02,1.889253e-02,1.032897e-01,1.282272e-02,5.394634e-03,1.111527e-03,9.792248e-03,1.171911e-01,9.148528e-03,1.958867e-01,4.140478e-02,2.477472e-01,1.542079e-02,1.765917e-01
3.896869e-02,1.432858e-02,1.472094e-02,7.734130e-02,1.093926e-02,6.164328e-03,3.762213e-03,8.855332e-03,1.000588e-01,8.157642e-03,1.430777e-01,6.499977e-02,3.600330e-01,1.096475e-02,1.376278e-01
5.298879e-02,1.170356e-02,1.060854e-02,5.698977e-02,8.752496e-03,8.975150e-03,3.280971e-03,7.412345e-03,8.413546e-02,6.153579e-03,1.022850e-01,9.131585e-02,4.475497e-01,8.546710e-03,9.930205e-02
4.642472e-02,8.409039e-03,7.553938e-03,4.027483e-02,6.804090e-03,8.922454e-03,2.919722e-03,6.106300e-03,6.063490e-02,4.409870e-03,7.269355e-02,9.336860e-02,5.631096e-01,6.198765e-03,7.216957e-02
3.511179e-02,6.238392e-03,5.384945e-03,2.833160e-02,5.603614e-03,6.907435e-03,2.170467e-03,4.591537e-03,4.355840e-02,3.268472e-03,5.139913e-02,1.065207e-01,6.437939e-01,4.800661e-03,5.231895e-02
2.679487e-02,4.731907e-03,4.072942e-03,2.046237e-02,5.403413e-03,7.320772e-03,1.844974e-03,4.690357e-03,3.228445e-02,2.503210e-03,3.677188e-02,1.005471e-01,7.104301e-01,3.868434e-03,3.827323e-02
2.571424e-02,4.077166e-03,3.045392e-03,1.462696e-02,6.092497e-03,5.944033e-03,1.440936e-03,3.994168e-03,2.537062e-02,1.939033e-03,2.599862e-02,8.217393e-02,7.692040e-01,2.840143e-03,2.753831e-02
3.164969e-02,4.463776e-03,2.419903e-03,1.091689e-02,5.429832e-03,5.403850e-03,1.114835e-03,3.495207e-03,2.060831e-02,1.509926e-03,1.851806e-02,6.462878e-02,8.082489e-01,2.045278e-03,1.954680e-02
3.579707e-02,5.239655e-03,9.081443e-03,1.942007e-02,6.236265e-03,5.979736e-03,9.540037e-04,4.868128e-03,2.717214e-02,1.370681e-03,1.473837e-02,4.800786e-02,8.047426e-01,1.699766e-03,1.469216e-02
3.346632e-02,4.435651e-03,7.059082e-03,1.399371e-02,1.146114e-02,7.831152e-03,1.103335e-03,4.485959e-03,2.159051e-02,9.955753e-04,1.059436e-02,3.639669e-02,8.346327e-01,1.319790e-03,1.063407e-02
3.622114e-02,4.144943e-03,6.584499e-03,1.017021e-02,1.349748e-02,8.937070e-03,1.427212e-03,4.359130e-03,1.744302e-02,7.487491e-04,7.600860e-03,2.901925e-02,8.499901e-01,1.434542e-03,8.421842e-03
3.417616e-02,3.617598e-03,6.134931e-03,7.407899e-03,1.362396e-02,1.066634e-02,2.155656e-03,4.219893e-03,1.350380e-02,5.583104e-04,5.500380e-03,2.492886e-02,8.654290e-01,1.424243e-03,6.652913e-03
5.662146e-02,1.073701e-02,4.560217e-02,2.800402e-02,5.787267e-02,2.938520e-02,6.486141e-03,2.997758e-02,1.357587e-02,6.194498e-04,5.349634e-03,2.720896e-02,6.788079e-01,1.657050e-03,8.094917e-03
9.133965e-02,1.126334e-02,4.992998e-02,2.592145e-02,5.922017e-02,3.513381e-02,7.587040e-03,2.535824e-02,1.561491e-02,6.408321e-04,5.084978e-03,2.084242e-02,6.359504e-01,3.385354e-03,1.272749e-02
1.196135e-01,1.047843e-02,5.426865e-02,2.641650e-02,5.528730e-02,3.080930e-02,7.387238e-03,2.250305e-02,1.353152e-02,6.456735e-04,7.317061e-03,1.861320e-02,6.181825e-01,3.654529e-03,1.129152e-02
1.279145e-01,9.426851e-03,4.929037e-02,9.787406e-02,4.607246e-02,2.591979e-02,5.715258e-03,2.810578e-02,1.425789e-02,7.180712e-04,1.515053e-02,4.725017e-02,5.192423e-01,3.318836e-03,9.743175e-03
1.523002e-01,7.888768e-03,5.778935e-02,7.661974e-02,3.509798e-02,2.554617e-02,2.520483e-02,8.032086e-02,1.291611e-02,7.703208e-04,1.238098e-02,3.819900e-02,4.643904e-01,2.788420e-03,7.786910e-03
1.339281e-01,6.233256e-03,8.973238e-02,7.035964e-02,3.116237e-02,2.059786e-02,5.583656e-02,1.905790e-01,1.030852e-02,7.156130e-04,9.129789e-03,2.757870e-02,3.457623e-01,2.123877e-03,5.952082e-03
1.348158e-01,6.609472e-03,1.337558e-01,7.002831e-02,3.222514e-02,1.771480e-02,7.918318e-02,2.297034e-01,1.035418e-02,1.088355e-03,6.718827e-03,1.976491e-02,2.503051e-01,1.838829e-03,5.893890e-03
1.387495e-01,8.520233e-03,1.471911e-01,6.062956e-02,3.074061e-02,1.953956e-02,6.993915e-02,2.187942e-01,1.209024e-02,7.039971e-02,8.174957e-03,1.764855e-02,1.821247e-01,2.337968e-03,1.311999e-02
1.731699e-01,9.562002e-03,1.071104e-01,4.911598e-02,2.509362e-02,2.072619e-02,7.054749e-02,1.770629e-01,1.929179e-02,8.660966e-02,2.671896e-02,3.113360e-02,1.529168e-01,7.508889e-03,4.343170e-02
1.372573e-01,7.890325e-03,7.668395e-02,3.782045e-02,1.831280e-02,1.579215e-02,5.219773e-02,1.332115e-01,2.295529e-02,2.411998e-01,3.601272e-02,2.877575e-02,1.340791e-01,9.147820e-03,4.866327e-02
1.026036e-01,6.131423e-03,5.444902e-02,2.874910e-02,1.340936e-02,1.159689e-02,3.896975e-02,9.835730e-02,2.640975e-02,3.862751e-01,3.788265e-02,2.235931e-02,1.138225e-01,9.022939e-03,4.996135e-02
7.574924e-02,5.881120e-03,3.867726e-02,2.208496e-02,1.228980e-02,8.720974e-03,2.867455e-02,7.075563e-02,3.329448e-02,3.688994e-01,4.108027e-02,1.680423e-02,9.545471e-02,1.054881e-02,1.710846e-01
5.470981e-02,6.562521e-03,2.804354e-02,1.897670e-02,1.013027e-02,6.900495e-03,2.061096e-02,5.012241e-02,6.036767e-02,2.936335e-01,3.593824e-02,1.294744e-02,7.286691e-02,1.249580e-02,3.156937e-01
4.148824e-02,9.609635e-03,2.219301e-02,1.856740e-02,9.602547e-03,6.158036e-03,1.521546e-02,3.676097e-02,1.074563e-01,2.317796e-01,5.063297e-02,1.223659e-02,6.521315e-02,3.083345e-02,3.422527e-01
3.185200e-02,8.209195e-03,2.190729e-02,2.329933e-02,7.457525e-03,4.857394e-03,1.091744e-02,2.620893e-02,3.015346e-01,1.667474e-01,4.287835e-02,9.904517e-03,4.741784e-02,5.126200e-02,2.455462e-01
2.349597e-02,6.808579e-03,1.679812e-02,2.321575e-02,6.112526e-03,3.674883e-03,7.977452e-03,1.865501e-02,4.077756e-01,1.189875e-01,6.534016e-02,9.548446e-03,3.920645e-02,6.446911e-02,1.879345e-01
1.884496e-02,5.696882e-03,1.232992e-02,2.484176e-02,6.670278e-03,2.972795e-03,5.845105e-03,1.368881e-02,3.271780e-01,8.504294e-02,2.558478e-01,9.098316e-03,3.285460e-02,5.789373e-02,1.411942e-01
2.160665e-02,5.105943e-03,9.196139e-03,2.236372e-02,3.242139e-02,2.325181e-03,4.165999e-03,1.028495e-02,2.567476e-01,6.059315e-02,3.304470e-01,1.206631e-02,4.486354e-02,8.015175e-02,1.076607e-01
1.759343e-02,4.938151e-03,7.410544e-03,1.975706e-02,4.533572e-02,1.957325e-03,3.088796e-03,8.651051e-03,2.362358e-01,4.359102e-02,3.731647e-01,1.310209e-02,4.352296e-02,8.294936e-02,9.870204e-02
6.302414e-02,5.321337e-03,6.722806e-03,1.730241e-02,3.761834e-02,2.989627e-03,2.558247e-03,9.337370e-03,1.816609e-01,3.465478e-02,4.015392e-01,1.507995e-02,4.035489e-02,1.013169e-01,8.051916e-02
7.073057e-02,6.999921e-03,6.515494e-03,1.628178e-02,3.047501e-02,7.890114e-03,2.334793e-03,1.055876e-02,1.431321e-01,2.862243e-02,4.456068e-01,1.863468e-02,4.202774e-02,1.029386e-01,6.725120e-02
5.460580e-02,6.865441e-03,5.477495e-03,1.523178e-02,2.550230e-02,8.816562e-03,1.782243e-03,8.538106e-03,1.065460e-01,2.153675e-02,5.503837e-01,1.934620e-02,3.500687e-02,9.248995e-02,4.787080e-02
4.141156e-02,5.966085e-03,4.800161e-03,1.186640e-02,2.068532e-02,7.288298e-03,1.370780e-03,7.040592e-03,8.131419e-02,1.665094e-02,5.856593e-01,4.074585e-02,3.109776e-02,1.099788e-01,3.412396e-02
4.065127e-02,6.455680e-03,5.924425e-03,1.071087e-02,2.193134e-02,7.676061e-03,1.525957e-03,9.299180e-03,7.110561e-02,1.471715e-02,6.100924e-01,3.332235e-02,2.557545e-02,1.139857e-01,2.702649e-02
8.684845e-02,1.005975e-02,1.120577e-02,2.433794e-02,1.976074e-02,1.261642e-02,1.577432e-03,1.044241e-02,9.411067e-02,1.509909e-02,5.408109e-01,2.569579e-02,2.001560e-02,1.069431e-01,2.047587e-02
1.216578e-01,1.145562e-02,1.169592e-02,2.828072e-02,1.645644e-02,1.377528e-02,1.390142e-03,8.211753e-03,8.688167e-02,1.464640e-02,5.311973e-01,2.010519e-02,1.664671e-02,1.018287e-01,1.577025e-02
1.114382e-01,2.614400e-02,1.037098e-02,2.383684e-02,1.230885e-02,1.377861e-02,1.073903e-03,6.046938e-03,1.183010e-01,1.360987e-02,5.029008e-01,1.852194e-02,1.446073e-02,1.141990e-01,1.300828e-02
1.198943e-01,2.608385e-02,8.218367e-03,2.038672e-02,8.947349e-03,1.190000e-02,8.994215e-04,5.235264e-03,9.291352e-02,1.073975e-02,5.210303e-01,1.463830e-02,1.299660e-02,1.364034e-01,9.712968e-03
1.248296e-01,3.901934e-02,2.572575e-02,3.398888e-02,8.458491e-03,1.070037e-02,1.646143e-03,1.099699e-02,1.269360e-01,9.376843e-03,4.523891e-01,1.138442e-02,1.064116e-02,1.257386e-01,8.168279e-03
1.566463e-01,3.503451e-02,2.737147e-02,2.812371e-02,7.276990e-03,1.233728e-02,3.060527e-03,1.370077e-02,1.335288e-01,9.392313e-03,4.235981e-01,1.140745e-02,9.085429e-03,1.221932e-01,7.243165e-03
1.262078e-01,3.996034e-02,2.670675e-02,2.296496e-02,6.194124e-03,2.175455e-02,2.822133e-03,1.251300e-02,1.921508e-01,9.682203e-03,3.771346e-01,1.054697e-02,7.979711e-03,1.374823e-01,5.899769e-03
1.106132e-01,3.817454e-02,1.130714e-01,2.728258e-02,1.094129e-02,2.230684e-02,3.476160e-03,4.102409e-02,1.787784e-01,1.400396e-02,3.051492e-01,8.185023e-03,7.750093e-03,1.140932e-01,5.149950e-03
1.003605e-01,4.092176e-02,1.662385e-01,5.348627e-02,2.016276e-02,2.026047e-02,3.458540e-03,3.575043e-02,1.882339e-01,1.676049e-02,2.391468e-01,6.747224e-03,6.567939e-03,9.356305e-02,8.341375e-03
8.661579e-02,6.148664e-02,1.553896e-01,4.905491e-02,2.902663e-02,5.101620e-02,2.698577e-03,3.236836e-02,2.083022e-01,1.799938e-02,1.932538e-01,7.130626e-03,5.223283e-03,9.240334e-02,8.030598e-03
9.074327e-02,5.684846e-02,1.990272e-01,3.950141e-02,3.525946e-02,4.854944e-02,2.216662e-03,2.930990e-02,2.154988e-01,1.464086e-02,1.473408e-01,5.527270e-03,5.124078e-03,1.015192e-01,8.893142e-03
9.168185e-02,5.186485e-02,2.132625e-01,3.037978e-02,3.687233e-02,4.929667e-02,1.759092e-03,2.655457e-02,2.450101e-01,1.176363e-02,1.120707e-01,4.241183e-03,4.756431e-03,1.094775e-01,1.100892e-02
9.429511e-02,5.059429e-02,1.877608e-01,2.386746e-02,3.128886e-02,4.135307e-02,1.412836e-03,4.579746e-02,2.639337e-01,1.067934e-02,8.797020e-02,3.609505e-03,4.674386e-03,1.219055e-01,3.085750e-02
7.660849e-02,3.978869e-02,2.117743e-01,1.874073e-02,4.543230e-02,3.478632e-02,1.317516e-03,8.421792e-02,2.461162e-01,7.875255e-03,6.579352e-02,2.645907e-03,3.444401e-03,1.389275e-01,2.253099e-02
6.759030e-02,3.578230e-02,1.702849e-01,3.375461e-02,8.008710e-02,2.557951e-02,1.768552e-03,1.293008e-01,2.736610e-01,5.797199e-03,4.662434e-02,2.132600e-03,2.595161e-03,1.076109e-01,1.743075e-02
5.681857e-02,2.799468e-02,2.428970e-01,5.788478e-02,8.700439e-02,1.859866e-02,1.725685e-03,1.271486e-01,2.483833e-01,4.304737e-03,3.300555e-02,1.667104e-03,1.941417e-03,7.750612e-02,1.311933e-02
6.263577e-02,2.413391e-02,2.575890e-01,5.006075e-02,1.378466e-01,1.562628e-02,1.875094e-03,1.276827e-01,2.185690e-01,3.621327e-03,2.426616e-02,1.423112e-03,1.564429e-03,6.257667e-02,1.052915e-02
4.884389e-02,1.852426e-02,4.249817e-01,6.824058e-02,1.009746e-01,1.115138e-02,1.388878e-03,9.452485e-02,1.554953e-01,2.874125e-03,1.720201e-02,1.084574e-03,1.177354e-03,4.405380e-02,9.482607e-03
4.190654e-02,1.453171e-02,5.505196e-01,7.176113e-02,7.423751e-02,7.969291e-03,1.110995e-03,7.078073e-02,1.111318e-01,2.299060e-03,1.221135e-02,8.398066e-04,9.089819e-04,3.092926e-02,8.862281e-03
5.966421e-02,1.958202e-02,5.673667e-01,9.426057e-02,7.049773e-02,7.155680e-03,1.223503e-03,5.552280e-02,8.177678e-02,2.224061e-03,9.235567e-03,7.590158e-04,7.911773e-04,2.174932e-02,8.190901e-03
5.208507e-02,2.472708e-02,5.543199e-01,1.576797e-01,5.183234e-02,5.275455e-03,9.497919e-04,4.242579e-02,6.680329e-02,4.559346e-03,7.128428e-03,7.188289e-04,6.880365e-04,1.528204e-02,1.552495e-02
3.868769e-02,2.502077e-02,4.413698e-01,2.631382e-01,3.705618e-02,3.838178e-03,6.826749e-04,3.005558e-02,6.026518e-02,2.416665e-02,1.014464e-02,7.311960e-04,7.066013e-04,1.095572e-02,5.318095e-02
2.805367e-02,2.280961e-02,3.352714e-01,1.985322e-01,2.658844e-02,2.946131e-03,5.115427e-04,2.126068e-02,6.830245e-02,4.895547e-02,1.106206e-02,2.095149e-03,7.304891e-04,1.775334e-02,2.151273e-01
2.218196e-02,1.810174e-02,2.575689e-01,1.609472e-01,1.889699e-02,2.700227e-03,4.223725e-04,1.594814e-02,8.960842e-02,6.047885e-02,7.489163e-02,8.994270e-03,5.905303e-03,4.908917e-02,2.142649e-01
1.784886e-02,1.692081e-02,2.035197e-01,1.243613e-01,1.369159e-02,3.169350e-03,3.568323e-04,1.173843e-02,9.347209e-02,4.685625e-02,1.255136e-01,1.105135e-02,1.195879e-02,6.591417e-02,2.536269e-01
1.895129e-02,1.698719e-02,1.543980e-01,1.023534e-01,1.046558e-02,6.086365e-03,3.493177e-04,1.046507e-02,1.262708e-01,3.473764e-02,1.665108e-01,1.041398e-02,3.106745e-02,1.042948e-01,2.066482e-01
2.204921e-02,2.073132e-02,1.233251e-01,8.348992e-02,7.865913e-03,1.124543e-02,4.152206e-04,7.829588e-03,1.730793e-01,2.967317e-02,1.486936e-01,9.659127e-03,2.638546e-02,1.545275e-01,1.810301e-01
4.118069e-02,3.206178e-02,9.019604e-02,6.132723e-02,5.912673e-03,1.245105e-02,5.178869e-04,5.704280e-03,1.504718e-01,2.338117e-02,1.358869e-01,8.556107e-03,2.007050e-02,2.710693e-01,1.412124e-01
6.471424e-02,3.335397e-02,6.940321e-02,4.462374e-02,5.139062e-03,5.521365e-02,7.289080e-04,4.620413e-03,1.374392e-01,2.033072e-02,1.167974e-01,6.617089e-03,1.543498e-02,3.042792e-01,1.213040e-01
5.752803e-02,3.218890e-02,5.255022e-02,3.285987e-02,4.334831e-03,4.551998e-02,7.376041e-04,3.600628e-03,1.325936e-01,1.875979e-02,9.645459e-02,5.056674e-03,1.142119e-02,3.974819e-01,1.089123e-01
4.923154e-02,2.624291e-02,3.967670e-02,2.418325e-02,4.419033e-03,3.401275e-02,7.628654e-04,3.003461e-03,1.346256e-01,1.747551e-02,7.789213e-02,5.446842e-03,8.612214e-03,4.879853e-01,8.642987e-02
3.839672e-02,2.378811e-02,2.986197e-02,1.714847e-02,3.976747e-03,2.582515e-02,5.706822e-04,2.167811e-03,1.445266e-01,1.631050e-02,5.952528e-02,4.202161e-03,6.251004e-03,5.550027e-01,7.244607e-02
3.792313e-02,2.522139e-02,2.648736e-02,1.228732e-02,3.801287e-03,1.947177e-02,4.399423e-04,1.655706e-03,1.824344e-01,1.547868e-02,4.462684e-02,3.140116e-03,4.634978e-03,5.580074e-01,6.438977e-02
3.281695e-02,2.059790e-02,2.569849e-02,8.900004e-03,3.947264e-03,1.472798e-02,3.614540e-04,1.473511e-03,2.275158e-01,1.405620e-02,3.258438e-02,2.333541e-03,3.475256e-03,5.538453e-01,5.766589e-02
3.079793e-02,1.733751e-02,2.249614e-02,6.461827e-03,4.014166e-03,1.118795e-02,2.996960e-04,1.227613e-03,2.287823e-01,1.499938e-02,2.393687e-02,1.701982e-03,2.673048e-03,5.711862e-01,6.289738e-02
2.502282e-02,1.265352e-02,1.735496e-02,4.603907e-03,3.554863e-03,8.219616e-03,2.221734e-04,8.900389e-04,2.406513e-01,1.200285e-02,1.767011e-02,1.222360e-03,1.951529e-03,5.953969e-01,5.858306e-02
2.105364e-02,9.063040e-03,1.360440e-02,3.260935e-03,3.520774e-03,5.981166e-03,1.797116e-04,6.739067e-04,2.471493e-01,1.242895e-02,1.282985e-02,8.827577e-04,1.508609e-03,5.919097e-01,7.595332e-02
2.632316e-02,7.005692e-03,1.628438e-02,2.983845e-03,4.015633e-03,5.463416e-03,1.995965e-04,1.116791e-03,2.951585e-01,1.542676e-02,1.166078e-02,7.647069e-04,1.493128e-03,4.840598e-01,1.280438e-01
2.854238e-02,5.850640e-03,5.096725e-02,2.506102e-03,4.647854e-03,4.566961e-03,2.182589e-04,3.685608e-03,2.699137e-01,2.487739e-02,2.021326e-02,9.482570e-04,3.058405e-03,4.501370e-01,1.298669e-01
2.947450e-02,4.498694e-03,5.480802e-02,1.988006e-03,4.195779e-03,4.028098e-03,1.923963e-04,3.568131e-03,2.057046e-01,2.342839e-02,2.242550e-02,1.113795e-03,3.196798e-03,5.323098e-01,1.090676e-01
4.257137e-02,3.639244e-03,6.083089e-02,1.746682e-03,4.846368e-03,4.125767e-03,2.176548e-04,8.195994e-03,2.226452e-01,2.237056e-02,2.620674e-02,1.137471e-03,3.521311e-03,4.933573e-01,1.045875e-01
3.820163e-02,2.732364e-03,6.194968e-02,1.489123e-03,4.485569e-03,3.053389e-03,1.665981e-04,7.537413e-03,2.095354e-01,7.528243e-02,2.214480e-02,1.063874e-03,2.788716e-03,4.811642e-01,8.840477e-02
4.310597e-02,2.286225e-03,5.013602e-02,1.307626e-03,3.620090e-03,2.525263e-03,1.450489e-04,6.902844e-03,1.984976e-01,8.506055e-02,1.834192e-02,1.153000e-03,2.472827e-03,4.548621e-01,1.295829e-01
6.251110e-02,3.420317e-03,5.060844e-02,2.087416e-03,1.128299e-02,3.051502e-03,2.295718e-04,2.431104e-02,2.289694e-01,6.863717e-02,1.434063e-02,1.116454e-03,1.939886e-03,4.242330e-01,1.032612e-01
7.790112e-02,4.599779e-03,9.385707e-02,8.459814e-03,1.761439e-02,3.194963e-03,3.102265e-04,3.105499e-02,2.231986e-01,6.982575e-02,1.120736e-02,1.422222e-03,1.950360e-03,3.180699e-01,1.373335e-01
7.656113e-02,6.723061e-03,8.889572e-02,1.527927e-02,2.890868e-02,1.096613e-02,7.502470e-04,1.071404e-01,2.139892e-01,9.257793e-02,1.637283e-02,2.751680e-03,7.493353e-03,2.274234e-01,1.041670e-01
6.984934e-02,6.407792e-03,8.672723e-02,1.356364e-02,3.187737e-02,9.939022e-03,2.580416e-03,2.622083e-01,1.726163e-01,7.927802e-02,1.289491e-02,2.346202e-03,6.018559e-03,1.646652e-01,7.902781e-02
8.275900e-02,8.647385e-03,1.438466e-01,1.791340e-02,2.625101e-02,1.574469e-02,5.060631e-03,2.825365e-01,1.332381e-01,7.877228e-02,1.063336e-02,2.071316e-03,4.920708e-03,1.192689e-01,6.833623e-02
1.178283e-01,1.485601e-02,1.509604e-01,1.525681e-02,2.405469e-02,1.492573e-02,4.414952e-02,2.630704e-01,1.073358e-01,6.743056e-02,8.079235e-03,2.545119e-03,5.444353e-03,8.859064e-02,7.547235e-02
1.576092e-01,1.529471e-02,1.225672e-01,1.309771e-02,2.068722e-02,1.314937e-02,5.780777e-02,2.851287e-01,9.380147e-02,5.114482e-02,6.273212e-03,3.138040e-03,5.081734e-03,7.099842e-02,8.422041e-02
1.735950e-01,1.419711e-02,9.030503e-02,9.691230e-03,1.804998e-02,1.053222e-02,5.263013e-02,3.148397e-01,7.356083e-02,3.872284e-02,4.728673e-03,3.068098e-03,3.986315e-03,7.354400e-02,1.185489e-01
2.125188e-01,1.245498e-02,6.871179e-02,8.211533e-03,1.963088e-02,1.050811e-02,5.829013e-02,3.400976e-01,5.590627e-02,2.863665e-02,3.653601e-03,4.307729e-03,3.798722e-03,6.083316e-02,1.124401e-01
2.631354e-01,1.292159e-02,5.099377e-02,7.883252e-03,1.864469e-02,1.505852e-02,5.437267e-02,3.514904e-01,4.756628e-02,2.119282e-02,3.021728e-03,9.294179e-03,5.730930e-03,4.526893e-02,9.342485e-02
2.830310e-01,1.203835e-02,3.734660e-02,6.319143e-03,1.613746e-02,1.358110e-02,6.422441e-02,3.362273e-01,3.921357e-02,1.611356e-02,2.630825e-03,9.871650e-03,5.038473e-03,3.541558e-02,1.228110e-01
3.589993e-01,1.916243e-02,2.878141e-02,5.448281e-03,1.551841e-02,1.219581e-02,5.688929e-02,2.937081e-01,3.784402e-02,1.282489e-02,2.447291e-03,9.581363e-03,4.788243e-03,2.904531e-02,1.127659e-01
4.324595e-01,1.795741e-02,2.481268e-02,5.167798e-03,1.365505e-02,1.513025e-02,5.594452e-02,2.545762e-01,4.154026e-02,1.068791e-02,3.122236e-03,1.220661e-02,6.484034e-03,2.271597e-02,8.353953e-02
4.724194e-01,1.539007e-02,2.214417e-02,4.789288e-03,1.381344e-02,1.599416e-02,6.210135e-02,2.329221e-01,4.464567e-02,8.951664e-03,3.580043e-03,1.245826e-02,1.058637e-02,1.782767e-02,6.237634e-02
