1.000000e+00,0.000000e+00,0.000000e+00,0.000000e+00,0.000000e+00,0.000000e+00,0.000000e+00,0.000000e+00,0.000000e+00,0.000000e+00,0.000000e+00,0.000000e+00,0.000000e+00,0.000000e+00,0.000000e+00
1.000000e+00,0.000000e+00,0.000000e+00,0.000000e+00,0.000000e+00,0.000000e+00,0.000000e+00,0.000000e+00,0.000000e+00,0.000000e+00,0.000000e+00,0.000000e+00,0.000000e+00,0.000000e+00,0.000000e+00
1.000000e+00,0.000000e+00,0.000000e+00,0.000000e+00,0.000000e+00,0.000000e+00,0.000000e+00,0.000000e+00,0.000000e+00,0.000000e+00,0.000000e+00,0.000000e+00,0.000000e+00,0.000000e+00,0.000000e+00
1.000000e+00,0.000000e+00,0.000000e+00,0.000000e+00,0.000000e+00,0.000000e+00,0.000000e+00,0.000000e+00,0.000000e+00,0.000000e+00,0.000000e+00,0.000000e+00,0.000000e+00,0.000000e+00,0.000000e+00
1.000000e+00,0.000000e+00,0.000000e+00,0.000000e+00,0.000000e+00,0.000000e+00,0.000000e+00,0.000000e+00,0.000000e+00,0.000000e+00,0.000000e+00,0.000000e+00,0.000000e+00,0.000000e+00,0.000000e+00
1.000000e+00,0.000000e+00,0.000000e+00,0.000000e+00,0.000000e+00,0.000000e+00,0.000000e+00,0.000000e+00,0.000000e+00,0.000000e+00,0.000000e+00,0.000000e+00,0.000000e+00,0.000000e+00,0.000000e+00
1.000000e+00,0.000000e+00,0.000000e+00,0.000000e+00,0.000000e+00,0.000000e+00,0.000000e+00,0.000000e+00,0.000000e+00,0.000000e+00,0.000000e+00,0.000000e+00,0.000000e+00,0.000000e+00,0.000000e+00
1.000000e+00,0.000000e+00,0.000000e+00,0.000000e+00,0.000000e+00,0.000000e+00,0.000000e+00,0.000000e+00,0.000000e+00,0.000000e+00,0.000000e+00,0.000000e+00,0.000000e+00,0.000000e+00,0.000000e+00
1.000000e+00,0.000000e+00,0.000000e+00,0.000000e+00,0.000000e+00,0.000000e+00,0.000000e+00,0.000000e+00,0.000000e+00,0.000000e+00,0.000000e+00,0.000000e+00,0.000000e+00,0.000000e+00,0.000000e+00
1.000000e+00,0.000000e+00,0.000000e+00,0.000000e+00,0.000000e+00,0.000000e+00,0.000000e+00,0.000000e+00,0.000000e+00,0.000000e+00,0.000000e+00,0.000000e+00,0.000000e+00,0.000000e+00,0.000000e+00
1.000000e+00,0.000000e+00,0.000000e+00,0.000000e+00,0.000000e+00,0.000000e+00,0.000000e+00,0.000000e+00,0.000000e+00,0.000000e+00,0.000000e+00,0.000000e+00,0.000000e+00,0.000000e+00,0.000000e+00
1.000000e+00,0.000000e+00,0.000000e+00,0.000000e+00,0.000000e+00,0.000000e+00,0.000000e+00,0.000000e+00,0.000000e+00,0.000000e+00,0.000000e+00,0.000000e+00,0.000000e+00,0.000000e+00,0.000000e+00
1.000000e+00,0.000000e+00,0.000000e+00,0.000000e+00,0.000000e+00,0.000000e+00,0.000000e+00,0.000000e+00,0.000000e+00,0.000000e+00,0.000000e+00,0.000000e+00,0.000000e+00,0.000000e+00,0.000000e+00
1.000000e+00,0.000000e+00,0.000000e+00,0.000000e+00,0.000000e+00,0.000000e+00,0.000000e+00,0.000000e+00,0.000000e+00,0.000000e+00,0.000000e+00,0.000000e+00,0.000000e+00,0.000000e+00,0.000000e+00
1.000000e+00,0.000000e+00,0.000000e+00,0.000000e+00,0.000000e+00,0.000000e+00,0.000000e+00,0.000000e+00,0.000000e+00,0.000000e+00,0.000000e+00,0.000000e+00,0.000000e+00,0.000000e+00,0.000000e+00
1.000000e+00,0.000000e+00,0.000000e+00,0.000000e+00,0.000000e+00,0.000000e+00,0.000000e+00,0.000000e+00,0.000000e+00,0.000000e+00,0.000000e+00,0.000000e+00,0.000000e+00,0.000000e+00,0.000000e+00
1.000000e+00,0.000000e+00,0.000000e+00,0.000000e+00,0.000000e+00,0.000000e+00,0.000000e+00,0.000000e+00,0.000000e+00,0.000000e+00,0.000000e+00,0.000000e+00,0.000000e+00,0.000000e+00,0.000000e+00
1.000000e+00,0.000000e+00,0.000000e+00,0.000000e+00,0.000000e+00,0.000000e+00,0.000000e+00,0.000000e+00,0.000000e+00,0.000000e+00,0.000000e+00,0.000000e+00,0.000000e+00,0.000000e+00,0.000000e+00
1.000000e+00,0.000000e+00,0.000000e+00,0.000000e+00,0.000000e+00,0.000000e+00,0.000000e+00,0.000000e+00,0.000000e+00,0.000000e+00,0.000000e+00,0.000000e+00,0.000000e+00,0.000000e+00,0.000000e+00
1.000000e+00,0.000000e+00,0.000000e+00,0.000000e+00,0.000000e+00,0.000000e+00,0.000000e+00,0.000000e+00,0.000000e+00,0.000000e+00,0.000000e+00,0.000000e+00,0.000000e+00,0.000000e+00,0.000000e+00
1.000000e+00,0.000000e+00,0.000000e+00,0.000000e+00,0.000000e+00,0.000000e+00,0.000000e+00,0.000000e+00,0.000000e+00,0.000000e+00,0.000000e+00,0.000000e+00,0.000000e+00,0.000000e+00,0.000000e+00
1.000000e+00,0.000000e+00,0.000000e+00,0.000000e+00,0.000000e+00,0.000000e+00,0.000000e+00,0.000000e+00,0.000000e+00,0.000000e+00,0.000000e+00,0.000000e+00,0.000000e+00,0.000000e+00,0.000000e+00
1.000000e+00,0.000000e+00,0.000000e+00,0.000000e+00,0.000000e+00,0.000000e+00,0.000000e+00,0.000000e+00,0.000000e+00,0.000000e+00,0.000000e+00,0.000000e+00,0.000000e+00,0.000000e+00,0.000000e+00
1.000000e+00,0.000000e+00,0.000000e+00,0.000000e+00,0.000000e+00,0.000000e+00,0.000000e+00,0.000000e+00,0.000000e+00,0.000000e+00,0.000000e+00,0.000000e+00,0.000000e+00,0.000000e+00,0.000000e+00
1.000000e+00,0.000000e+00,0.000000e+00,0.000000e+00,0.000000e+00,0.000000e+00,0.000000e+00,0.000000e+00,0.000000e+00,0.000000e+00,0.000000e+00,0.000000e+00,0.000000e+00,0.000000e+00,0.000000e+00
1.000000e+00,0.000000e+00,0.000000e+00,0.000000e+00,0.000000e+00,0.000000e+00,0.000000e+00,0.000000e+00,0.000000e+00,0.000000e+00,0.000000e+00,0.000000e+00,0.000000e+00,0.000000e+00,0.000000e+00
1.000000e+00,0.000000e+00,0.000000e+00,0.000000e+00,0.000000e+00,0.000000e+00,0.000000e+00,0.000000e+00,0.000000e+00,0.000000e+00,0.000000e+00,0.000000e+00,0.000000e+00,0.000000e+00,0.000000e+00
1.000000e+00,0.000000e+00,0.000000e+00,0.000000e+00,0.000000e+00,0.000000e+00,0.000000e+00,0.000000e+00,0.000000e+00,0.000000e+00,0.000000e+00,0.000000e+00,0.000000e+00,0.000000e+00,0.000000e+00
1.000000e+00,0.000000e+00,0.000000e+00,0.000000e+00,0.000000e+00,0.000000e+00,0.000000e+00,0.000000e+00,0.000000e+00,0.000000e+00,0.000000e+00,0.000000e+00,0.000000e+00,0.000000e+00,0.000000e+00
1.000000e+00,0.000000e+00,0.000000e+00,0.000000e+00,0.000000e+00,0.000000e+00,0.000000e+00,0.000000e+00,0.000000e+00,0.000000e+00,0.000000e+00,0.000000e+00,0.000000e+00,0.000000e+00,0.000000e+00
1.000000e+00,0.000000e+00,0.000000e+00,0.000000e+00,0.000000e+00,0.000000e+00,0.000000e+00,0.000000e+00,0.000000e+00,0.000000e+00,0.000000e+00,0.000000e+00,0.000000e+00,0.000000e+00,0.000000e+00
1.000000e+00,0.000000e+00,0.000000e+00,0.000000e+00,0.000000e+00,0.000000e+00,0.000000e+00,0.000000e+00,0.000000e+00,0.000000e+00,0.000000e+00,0.000000e+00,0.000000e+00,0.000000e+00,0.000000e+00
1.000000e+00,0.000000e+00,0.000000e+00,0.000000e+00,0.000000e+00,0.000000e+00,0.000000e+00,0.000000e+00,0.000000e+00,0.000000e+00,0.000000e+00,0.000000e+00,0.000000e+00,0.000000e+00,0.000000e+00
1.000000e+00,0.000000e+00,0.000000e+00,0.000000e+00,0.000000e+00,0.000000e+00,0.000000e+00,0.000000e+00,0.000000e+00,0.000000e+00,0.000000e+00,0.000000e+00,0.000000e+00,0.000000e+00,0.000000e+00
1.000000e+00,0.000000e+00,0.000000e+00,0.000000e+00,0.000000e+00,0.000000e+00,0.000000e+00,0.000000e+00,0.000000e+00,0.000000e+00,0.000000e+00,0.000000e+00,0.000000e+00,0.000000e+00,0.000000e+00
1.000000e+00,0.000000e+00,0.000000e+00,0.000000e+00,0.000000e+00,0.000000e+00,0.000000e+00,0.000000e+00,0.000000e+00,0.000000e+00,0.000000e+00,0.000000e+00,0.000000e+00,0.000000e+00,0.000000e+00
1.000000e+00,0.000000e+00,0.000000e+00,0.000000e+00,0.000000e+00,0.000000e+00,0.000000e+00,0.000000e+00,0.000000e+00,0.000000e+00,0.000000e+00,0.000000e+00,0.000000e+00,0.000000e+00,0.000000e+00
1.000000e+00,0.000000e+00,0.000000e+00,0.000000e+00,0.000000e+00,0.000000e+00,0.000000e+00,0.000000e+00,0.000000e+00,0.000000e+00,0.000000e+00,0.000000e+00,0.000000e+00,0.000000e+00,0.000000e+00
1.000000e+00,0.000000e+00,0.000000e+00,0.000000e+00,0.000000e+00,0.000000e+00,0.000000e+00,0.000000e+00,0.000000e+00,0.000000e+00,0.000000e+00,0.000000e+00,0.000000e+00,0.000000e+00,0.000000e+00
1.000000e+00,0.000000e+00,0.000000e+00,0.000000e+00,0.000000e+00,0.000000e+00,0.000000e+00,0.000000e+00,0.000000e+00,0.000000e+00,0.000000e+00,0.000000e+00,0.000000e+00,0.000000e+00,0.000000e+00
1.000000e+00,0.000000e+00,0.000000e+00,0.000000e+00,0.000000e+00,0.000000e+00,0.000000e+00,0.000000e+00,0.000000e+00,0.000000e+00,0.000000e+00,0.000000e+00,0.000000e+00,0.000000e+00,0.000000e+00
1.000000e+00,0.000000e+00,0.000000e+00,0.000000e+00,0.000000e+00,0.000000e+00,0.000000e+00,0.000000e+00,0.000000e+00,0.000000e+00,0.000000e+00,0.000000e+00,0.000000e+00,0.000000e+00,0.000000e+00
1.000000e+00,0.000000e+00,0.000000e+00,0.000000e+00,0.000000e+00,0.000000e+00,0.000000e+00,0.000000e+00,0.000000e+00,0.000000e+00,0.000000e+00,0.000000e+00,0.000000e+00,0.000000e+00,0.000000e+00
1.000000e+00,0.000000e+00,0.000000e+00,0.000000e+00,0.000000e+00,0.000000e+00,0.000000e+00,0.000000e+00,0.000000e+00,0.000000e+00,0.000000e+00,0.000000e+00,0.000000e+00,0.000000e+00,0.000000e+00
1.000000e+00,0.000000e+00,0.000000e+00,0.000000e+00,0.000000e+00,0.000000e+00,0.000000e+00,0.000000e+00,0.000000e+00,0.000000e+00,0.000000e+00,0.000000e+00,0.000000e+00,0.000000e+00,0.000000e+00
1.000000e+00,0.000000e+00,0.000000e+00,0.000000e+00,0.000000e+00,0.000000e+00,0.000000e+00,0.000000e+00,0.000000e+00,0.000000e+00,0.000000e+00,0.000000e+00,0.000000e+00,0.000000e+00,0.000000e+00
1.000000e+00,0.000000e+00,0.000000e+00,0.000000e+00,0.000000e+00,0.000000e+00,0.000000e+00,0.000000e+00,0.000000e+00,0.000000e+00,0.000000e+00,0.000000e+00,0.000000e+00,0.000000e+00,0.000000e+00
1.000000e+00,0.000000e+00,0.000000e+00,0.000000e+00,0.000000e+00,0.000000e+00,0.000000e+00,0.000000e+00,0.000000e+00,0.000000e+00,0.000000e+00,0.000000e+00,0.000000e+00,0.000000e+00,0.000000e+00
1.000000e+00,0.000000e+00,0.000000e+00,0.000000e+00,0.000000e+00,0.000000e+00,0.000000e+00,0.000000e+00,0.000000e+00,0.000000e+00,0.000000e+00,0.000000e+00,0.000000e+00,0.000000e+00,0.000000e+00
1.000000e+00,0.000000e+00,0.000000e+00,0.000000e+00,0.000000e+00,0.000000e+00,0.000000e+00,0.000000e+00,0.000000e+00,0.000000e+00,0.000000e+00,0.000000e+00,0.000000e+00,0.000000e+00,0.000000e+00
1.000000e+00,0.000000e+00,0.000000e+00,0.000000e+00,0.000000e+00,0.000000e+00,0.000000e+00,0.000000e+00,0.000000e+00,0.000000e+00,0.000000e+00,0.000000e+00,0.000000e+00,0.000000e+00,0.000000e+00
1.000000e+00,0.000000e+00,0.000000e+00,0.000000e+00,0.000000e+00,0.000000e+00,0.000000e+00,0.000000e+00,0.000000e+00,0.000000e+00,0.000000e+00,0.000000e+00,0.000000e+00,0.000000e+00,0.000000e+00
1.000000e+00,0.000000e+00,0.000000e+00,0.000000e+00,0.000000e+00,0.000000e+00,0.000000e+00,0.000000e+00,0.000000e+00,0.000000e+00,0.000000e+00,0.000000e+00,0.000000e+00,0.000000e+00,0.000000e+00
1.000000e+00,0.000000e+00,0.000000e+00,0.000000e+00,0.000000e+00,0.000000e+00,0.000000e+00,0.000000e+00,0.000000e+00,0.000000e+00,0.000000e+00,0.000000e+00,0.000000e+00,0.000000e+00,0.000000e+00
1.000000e+00,0.000000e+00,0.000000e+00,0.000000e+00,0.000000e+00,0.000000e+00,0.000000e+00,0.000000e+00,0.000000e+00,0.000000e+00,0.000000e+00,0.000000e+00,0.000000e+00,0.000000e+00,0.000000e+00
1.000000e+00,0.000000e+00,0.000000e+00,0.000000e+00,0.000000e+00,0.000000e+00,0.000000e+00,0.000000e+00,0.000000e+00,0.000000e+00,0.000000e+00,0.000000e+00,0.000000e+00,0.000000e+00,0.000000e+00
1.000000e+00,0.000000e+00,0.000000e+00,0.000000e+00,0.000000e+00,0.000000e+00,0.000000e+00,0.000000e+00,0.000000e+00,0.000000e+00,0.000000e+00,0.000000e+00,0.000000e+00,0.000000e+00,0.000000e+00
1.000000e+00,0.000000e+00,0.000000e+00,0.000000e+00,0.000000e+00,0.000000e+00,0.000000e+00,0.000000e+00,0.000000e+00,0.000000e+00,0.000000e+00,0.000000e+00,0.000000e+00,0.000000e+00,0.000000e+00
1.000000e+00,0.000000e+00,0.000000e+00,0.000000e+00,0.000000e+00,0.000000e+00,0.000000e+00,0.000000e+00,0.000000e+00,0.000000e+00,0.000000e+00,0.000000e+00,0.000000e+00,0.000000e+00,0.000000e+00
1.000000e+00,0.000000e+00,0.000000e+00,0.000000e+00,0.000000e+00,0.000000e+00,0.000000e+00,0.000000e+00,0.000000e+00,0.000000e+00,0.000000e+00,0.000000e+00,0.000000e+00,0.000000e+00,0.000000e+00
1.000000e+00,0.000000e+00,0.000000e+00,0.000000e+00,0.000000e+00,0.000000e+00,0.000000e+00,0.000000e+00,0.000000e+00,0.000000e+00,0.000000e+00,0.000000e+00,0.000000e+00,0.000000e+00,0.000000e+00
1.000000e+00,0.000000e+00,0.000000e+00,0.000000e+00,0.000000e+00,0.000000e+00,0.000000e+00,0.000000e+00,0.000000e+00,0.000000e+00,0.000000e+00,0.000000e+00,0.000000e+00,0.000000e+00,0.000000e+00
4.452354e-01,4.803224e-02,6.133789e-02,6.832959e-02,1.272167e-02,1.830357e-01,5.829749e-03,1.341536e-02,3.881270e-03,1.440452e-02,7.797863e-02,3.094070e-02,1.330090e-02,4.908728e-03,1.664760e-02
4.403383e-01,3.884492e-02,5.783530e-02,5.932206e-02,1.275338e-02,1.948697e-01,5.204685e-03,1.341268e-02,5.993313e-03,1.720241e-02,8.306359e-02,3.318733e-02,1.453919e-02,6.101705e-03,1.733151e-02
3.112005e-01,3.431657e-02,4.800401e-02,5.600030e-02,1.092161e-02,1.561254e-01,3.882351e-03,1.038871e-02,2.337947e-02,3.218053e-02,1.315036e-01,3.985514e-02,1.417578e-02,5.786091e-02,7.020519e-02
2.184687e-01,3.532487e-02,3.419725e-02,4.023258e-02,8.498576e-03,1.152368e-01,2.775995e-03,7.418837e-03,3.151099e-02,2.753062e-02,2.281348e-01,3.098206e-02,1.052679e-02,1.351907e-01,7.397047e-02
1.539627e-01,6.220861e-02,2.452546e-02,3.121867e-02,6.341973e-03,8.380646e-02,1.973997e-03,5.293744e-03,5.480027e-02,2.122466e-02,2.515551e-01,2.372921e-02,7.930988e-03,1.566015e-01,1.148267e-01
1.086763e-01,5.378944e-02,1.770913e-02,2.314248e-02,4.629244e-03,6.132179e-02,1.439504e-03,3.816772e-03,7.310368e-02,1.704826e-02,3.241797e-01,1.808062e-02,6.057598e-03,1.908596e-01,9.614584e-02
7.661162e-02,4.009977e-02,1.261035e-02,1.659260e-02,3.496111e-03,4.428935e-02,1.060621e-03,2.744683e-03,5.735379e-02,1.310665e-02,3.410145e-01,1.417639e-02,4.591867e-03,3.017811e-01,7.047059e-02
5.393830e-02,2.860170e-02,8.897639e-03,1.167105e-02,2.621244e-03,3.218361e-02,7.850347e-04,1.956414e-03,4.279487e-02,9.722705e-03,3.747836e-01,1.118455e-02,3.387850e-03,3.675218e-01,4.994969e-02
3.841588e-02,2.039105e-02,6.412756e-03,8.379969e-03,2.131496e-03,2.388590e-02,6.114563e-04,1.421171e-03,3.289721e-02,7.923978e-03,4.213489e-01,9.988536e-03,2.699200e-03,3.879601e-01,3.553246e-02
2.723628e-02,1.508297e-02,4.780817e-03,6.051709e-03,1.705687e-03,1.805877e-02,4.890739e-04,1.025430e-03,3.206693e-02,6.024011e-03,3.654674e-01,9.997065e-03,2.118668e-03,4.846560e-01,2.523920e-02
1.990066e-02,1.246270e-02,5.616745e-03,4.558685e-03,2.198243e-03,1.377883e-02,9.170684e-04,8.977528e-04,2.920235e-02,6.618193e-03,4.132200e-01,1.261302e-02,2.341312e-03,4.569567e-01,1.871784e-02
1.445953e-02,1.068674e-02,5.172642e-03,3.603441e-03,3.173452e-03,1.107518e-02,9.063828e-04,8.062071e-04,6.007509e-02,5.907522e-03,3.773782e-01,1.248739e-02,1.862059e-03,4.789200e-01,1.348615e-02
1.049777e-02,8.000590e-03,4.022895e-03,2.872458e-03,2.503337e-03,8.418420e-03,7.042295e-04,6.255442e-04,1.420918e-01,5.790179e-03,2.990727e-01,9.565218e-03,1.342606e-03,4.944066e-01,1.008575e-02
7.615048e-03,6.266952e-03,4.397968e-03,2.227806e-03,1.903154e-03,8.742498e-03,5.657875e-04,4.985708e-04,2.102847e-01,5.471045e-03,2.251706e-01,7.401671e-03,1.006991e-03,5.099956e-01,8.451660e-03
5.498461e-03,7.505671e-03,4.327076e-03,1.763207e-03,1.814100e-03,7.370656e-03,4.355945e-04,4.117001e-04,3.328621e-01,5.549919e-03,1.655268e-01,5.642894e-03,7.495382e-04,4.528616e-01,7.680717e-03
3.930346e-03,5.435872e-03,3.281485e-03,1.356375e-03,1.410680e-03,6.281880e-03,3.095620e-04,3.136775e-04,3.450287e-01,4.479986e-03,1.204734e-01,4.151248e-03,5.516166e-04,4.966846e-01,6.310555e-03
2.915393e-03,4.569753e-03,3.028582e-03,1.906141e-03,1.169940e-03,8.509399e-03,2.357013e-04,2.899538e-04,4.528463e-01,4.023744e-03,8.845544e-02,3.224263e-03,4.996345e-04,4.171840e-01,1.114173e-02
3.255403e-03,4.548695e-03,7.157038e-03,6.926639e-03,1.195403e-03,2.462184e-02,1.786768e-04,3.027859e-04,4.681298e-01,6.016032e-03,8.384333e-02,3.290514e-03,5.103194e-03,3.513047e-01,3.412594e-02
4.556485e-03,3.484442e-03,2.812778e-02,5.380487e-03,1.109441e-03,1.985370e-02,1.296745e-04,2.950013e-04,3.674002e-01,1.256184e-01,6.472671e-02,2.725136e-03,4.534091e-03,2.862910e-01,8.576744e-02
7.234202e-03,3.041880e-03,3.456654e-02,6.242789e-03,1.305688e-03,1.629016e-02,1.123189e-04,9.565654e-04,3.315049e-01,1.300773e-01,6.970753e-02,3.150507e-03,6.059201e-03,2.922732e-01,9.747726e-02
8.501815e-03,2.777871e-03,2.713870e-02,5.991650e-03,1.409577e-03,1.227287e-02,8.605030e-05,9.224872e-04,3.117421e-01,9.923917e-02,8.682297e-02,3.100490e-03,7.283688e-03,3.465886e-01,8.612198e-02
1.204988e-02,5.599209e-03,2.456397e-02,5.398928e-03,2.508033e-03,1.173945e-02,8.090428e-05,1.825665e-03,3.139560e-01,7.985868e-02,7.532585e-02,2.527060e-03,6.647290e-03,3.785038e-01,7.941529e-02
1.536631e-02,5.222216e-03,1.066456e-01,2.504396e-02,6.566507e-03,9.927094e-03,1.099737e-04,1.551346e-02,3.038183e-01,7.073008e-02,5.914081e-02,1.919085e-03,5.252107e-03,2.955308e-01,7.921363e-02
4.965103e-02,5.309044e-03,1.178620e-01,4.108456e-02,2.017777e-02,1.623596e-02,9.910049e-04,2.520127e-02,2.822489e-01,5.282318e-02,4.331222e-02,1.445564e-03,3.979594e-03,2.717958e-01,6.788216e-02
6.155054e-02,7.723837e-03,1.002084e-01,5.104640e-02,2.032217e-02,1.351996e-02,8.774095e-04,2.502749e-02,2.635691e-01,5.448547e-02,3.075014e-02,1.054413e-03,3.353316e-03,2.038473e-01,1.626641e-01
6.097238e-02,7.266246e-03,1.022855e-01,8.128162e-02,2.275765e-02,1.004994e-02,6.864954e-04,1.935538e-02,2.621638e-01,7.070125e-02,2.191308e-02,7.667274e-04,2.668520e-03,1.435498e-01,1.935816e-01
1.093213e-01,8.847196e-03,1.577739e-01,6.750958e-02,4.977163e-02,1.010039e-02,7.094642e-04,1.718637e-02,2.197369e-01,5.427205e-02,1.589010e-02,5.704804e-04,2.018532e-03,1.084329e-01,1.778592e-01
9.840715e-02,1.183197e-02,1.159335e-01,5.759202e-02,2.013753e-01,3.249426e-02,8.585228e-03,1.451614e-02,1.979334e-01,3.880331e-02,1.156724e-02,4.921947e-04,2.056880e-03,7.993464e-02,1.284768e-01
7.249768e-02,2.089420e-02,8.246779e-02,5.222255e-02,2.644098e-01,5.418378e-02,6.622442e-03,1.054739e-02,1.711351e-01,3.667639e-02,1.960301e-02,1.327190e-03,1.003470e-02,5.653018e-02,1.408479e-01
5.322555e-02,2.132113e-02,5.986493e-02,1.384743e-01,1.940171e-01,4.380507e-02,4.724558e-03,7.697472e-03,2.205362e-01,3.474349e-02,3.279526e-02,2.828253e-03,1.604342e-02,3.977114e-02,1.301522e-01
3.863756e-02,2.130863e-02,4.316458e-02,1.386853e-01,1.363997e-01,3.193791e-02,3.334350e-03,5.463469e-03,3.605178e-01,3.887599e-02,2.762416e-02,2.075798e-03,1.218316e-02,2.798432e-02,1.118073e-01
2.853375e-02,2.018543e-02,3.142770e-02,1.043679e-01,9.617980e-02,2.441768e-02,2.356603e-03,3.837053e-03,4.312227e-01,3.593707e-02,3.154695e-02,1.521671e-03,9.138443e-03,2.001026e-02,1.593170e-01
2.006107e-02,1.708458e-02,2.318181e-02,7.781095e-02,6.741886e-02,1.715197e-02,1.654475e-03,2.701306e-03,5.892015e-01,2.605916e-02,2.239994e-02,1.253423e-03,6.735208e-03,1.409454e-02,1.131912e-01
1.448102e-02,1.348019e-02,1.688494e-02,5.686806e-02,4.725833e-02,1.223290e-02,1.168664e-03,1.924294e-03,6.893477e-01,2.529033e-02,1.663585e-02,1.055632e-03,5.308972e-03,1.265023e-02,8.541290e-02
1.072250e-02,1.206217e-02,1.289245e-02,4.096234e-02,3.311381e-02,8.794474e-03,8.386321e-04,1.367172e-03,7.139865e-01,2.981172e-02,1.233464e-02,8.594161e-04,4.000573e-03,3.494485e-02,8.330879e-02
7.676201e-03,8.754856e-03,9.081651e-03,2.879755e-02,2.318306e-02,6.164493e-03,5.950205e-04,9.609780e-04,7.822350e-01,2.258224e-02,1.280894e-02,1.125169e-03,2.864608e-03,3.233296e-02,6.083730e-02
5.860829e-03,6.429787e-03,6.463237e-03,2.027359e-02,1.624919e-02,4.419248e-03,4.484075e-04,7.033797e-04,7.706296e-01,2.461378e-02,1.644533e-02,4.160998e-03,8.664224e-03,4.575483e-02,6.888352e-02
6.244320e-03,5.170058e-03,4.902134e-03,1.435389e-02,1.168910e-02,3.591933e-03,3.754522e-04,8.961108e-04,6.184552e-01,2.246905e-02,1.617821e-01,1.893101e-02,1.950064e-02,4.056657e-02,7.107244e-02
5.305828e-03,5.934191e-03,3.681077e-03,1.009868e-02,8.400260e-03,2.872209e-03,3.660897e-04,7.717764e-04,4.933230e-01,2.621111e-02,2.699237e-01,3.602404e-02,2.169031e-02,5.283631e-02,6.256143e-02
4.956740e-03,8.362845e-03,4.006147e-03,7.212857e-03,7.596337e-03,3.136396e-03,4.159887e-04,1.588508e-03,3.753904e-01,2.740256e-02,3.551645e-01,6.472117e-02,3.248593e-02,5.471859e-02,5.284111e-02
4.651670e-03,4.141069e-02,1.644857e-02,5.459534e-03,1.210430e-02,8.458504e-03,9.509916e-04,4.190021e-03,3.007560e-01,2.757485e-02,3.468945e-01,6.059027e-02,3.850910e-02,7.687431e-02,5.512677e-02
5.527104e-03,6.075003e-02,2.282999e-02,4.845072e-03,1.898253e-02,1.389724e-02,1.424449e-03,8.859027e-03,2.355424e-01,2.455413e-02,3.371116e-01,5.924059e-02,4.498202e-02,8.630332e-02,7.515053e-02
2.790230e-02,6.030805e-02,3.642599e-02,1.336482e-02,4.389601e-02,2.283167e-02,2.151979e-03,1.508396e-02,2.095236e-01,2.160312e-02,2.913107e-01,6.157082e-02,4.114687e-02,8.902533e-02,6.385480e-02
5.733916e-02,5.300562e-02,2.906650e-02,3.800096e-02,6.333583e-02,2.654936e-02,2.842318e-03,1.687095e-02,1.690513e-01,1.915965e-02,2.726708e-01,6.889972e-02,5.231429e-02,7.555513e-02,5.533846e-02
7.901607e-02,4.818297e-02,2.618772e-02,4.820300e-02,7.595193e-02,2.701793e-02,2.797490e-03,1.936897e-02,1.521339e-01,1.869532e-02,2.380210e-01,8.680329e-02,5.756569e-02,6.384689e-02,5.620792e-02
1.084448e-01,5.801960e-02,3.359528e-02,9.192037e-02,7.451964e-02,2.456114e-02,2.381298e-03,2.086417e-02,1.318316e-01,1.413082e-02,1.918722e-01,9.550384e-02,5.520472e-02,4.816992e-02,4.898056e-02
1.619183e-01,1.016229e-01,3.014915e-02,7.304708e-02,6.162591e-02,2.007670e-02,1.860213e-03,1.904325e-02,1.325511e-01,1.219480e-02,1.567169e-01,8.876933e-02,4.439815e-02,4.801876e-02,4.800751e-02
2.186706e-01,9.165518e-02,2.835784e-02,7.559364e-02,4.870623e-02,2.515286e-02,2.531533e-03,1.935168e-02,1.399518e-01,1.044016e-02,1.203183e-01,1.005019e-01,3.762142e-02,3.797185e-02,4.317501e-02
2.525085e-01,7.902927e-02,3.704168e-02,7.948396e-02,3.935171e-02,2.215069e-02,2.631300e-03,2.122393e-02,1.650545e-01,1.133416e-02,1.086926e-01,8.225625e-02,2.753767e-02,3.560169e-02,3.610206e-02
3.586533e-01,5.971300e-02,3.614475e-02,7.452740e-02,2.998742e-02,2.443763e-02,2.775456e-03,1.961790e-02,1.352518e-01,9.340504e-03,8.659105e-02,6.855042e-02,2.162422e-02,3.457029e-02,3.821488e-02
4.018515e-01,4.875191e-02,3.330122e-02,7.136016e-02,2.471464e-02,2.902086e-02,2.644676e-03,1.799956e-02,1.165921e-01,8.683147e-03,7.822657e-02,7.545640e-02,1.939978e-02,3.353428e-02,3.846306e-02
4.394484e-01,4.319872e-02,2.747726e-02,6.633535e-02,2.571504e-02,2.673344e-02,2.491206e-03,2.034967e-02,1.107713e-01,7.701131e-03,6.722840e-02,6.984030e-02,1.731395e-02,3.327778e-02,4.211809e-02
4.499276e-01,4.704586e-02,2.419526e-02,7.182362e-02,2.031761e-02,2.361884e-02,2.418760e-03,1.754424e-02,1.332024e-01,9.620172e-03,5.546310e-02,5.900742e-02,1.432670e-02,3.028039e-02,4.120799e-02
3.845719e-01,6.190489e-02,2.600423e-02,6.302981e-02,2.071969e-02,2.853908e-02,2.256157e-03,1.896060e-02,1.977779e-01,1.062755e-02,4.523608e-02,5.418037e-02,1.292871e-02,3.247248e-02,4.079053e-02
3.338583e-01,6.739637e-02,2.539118e-02,6.143622e-02,2.111356e-02,4.205788e-02,1.983857e-03,2.562513e-02,2.419867e-01,1.274350e-02,3.658357e-02,4.039430e-02,1.256044e-02,3.197785e-02,4.489110e-02
2.558492e-01,7.118315e-02,2.740587e-02,5.198466e-02,2.481985e-02,6.249804e-02,1.716348e-03,3.981554e-02,3.036392e-01,1.105837e-02,2.856015e-02,2.977092e-02,1.075071e-02,3.215713e-02,4.879084e-02
2.079316e-01,8.144119e-02,2.531493e-02,4.033313e-02,3.521113e-02,5.994057e-02,1.519432e-03,6.453697e-02,3.489092e-01,9.028075e-03,2.182487e-02,2.182597e-02,8.505205e-03,3.037461e-02,4.330318e-02
1.821943e-01,7.692787e-02,2.815241e-02,3.426752e-02,3.636359e-02,6.084467e-02,2.173540e-03,7.905152e-02,3.783462e-01,9.786632e-03,1.750688e-02,1.680268e-02,8.580597e-03,2.775907e-02,4.124252e-02
1.802811e-01,7.041392e-02,2.429356e-02,3.126353e-02,4.615428e-02,5.256903e-02,3.355333e-03,1.020802e-01,3.871698e-01,8.904647e-03,1.366240e-02,1.312040e-02,8.518117e-03,2.372547e-02,3.448824e-02
2.128311e-01,6.633684e-02,2.087425e-02,3.801656e-02,4.458982e-02,4.596409e-02,3.237162e-03,1.060099e-01,3.655091e-01,1.023554e-02,1.164293e-02,1.069401e-02,8.858488e-03,1.824656e-02,3.695370e-02
2.871199e-01,6.386527e-02,1.635627e-02,3.841733e-02,3.604425e-02,4.225382e-02,2.909684e-03,9.306382e-02,3.298453e-01,8.640856e-03,1.110379e-02,1.190613e-02,9.139311e-03,1.446569e-02,3.486849e-02
3.334959e-01,6.241250e-02,1.282765e-02,3.112016e-02,3.800309e-02,4.789210e-02,2.662438e-03,1.061975e-01,2.874612e-01,6.699701e-03,8.834422e-03,1.013369e-02,7.595783e-03,1.099363e-02,3.367029e-02
3.938175e-01,6.105744e-02,1.562777e-02,3.755597e-02,3.008720e-02,4.393673e-02,2.188573e-03,9.730890e-02,2.351441e-01,6.234582e-03,7.968342e-03,9.407114e-03,7.073763e-03,8.605912e-03,4.398608e-02
4.343926e-01,5.812155e-02,1.346711e-02,2.927163e-02,3.122556e-02,4.642086e-02,2.158176e-03,9.867040e-02,2.099664e-01,5.490987e-03,6.751198e-03,8.076783e-03,6.302879e-03,7.784565e-03,4.189932e-02
4.274331e-01,4.750746e-02,1.679048e-02,4.093323e-02,3.012470e-02,4.896163e-02,2.218668e-03,1.423765e-01,1.760138e-01,4.741916e-03,6.222477e-03,6.892171e-03,6.116509e-03,6.027756e-03,3.763966e-02
3.883807e-01,4.938219e-02,2.212626e-02,3.141365e-02,2.740237e-02,6.280886e-02,1.757286e-03,1.110905e-01,1.598097e-01,7.219426e-03,5.865496e-03,5.435827e-03,5.994342e-03,1.113346e-02,1.101800e-01
3.820011e-01,5.020805e-02,2.360270e-02,4.143255e-02,3.822497e-02,5.420963e-02,3.553142e-03,1.594622e-01,1.322667e-01,5.474678e-03,5.763525e-03,5.407788e-03,6.619678e-03,8.601254e-03,8.317209e-02
3.626209e-01,4.451537e-02,2.457976e-02,4.806127e-02,3.663586e-02,7.017495e-02,3.031630e-03,1.410703e-01,1.206234e-01,6.328258e-03,5.835945e-03,5.882800e-03,9.042061e-03,9.993919e-03,1.116037e-01
3.528679e-01,3.846428e-02,4.246230e-02,9.008796e-02,3.535230e-02,6.288351e-02,2.825499e-03,1.596102e-01,9.507794e-02,5.322175e-03,5.972690e-03,7.886760e-03,8.445377e-03,7.615546e-03,8.512560e-02
3.382480e-01,2.869587e-02,3.845447e-02,7.368985e-02,3.006035e-02,5.716067e-02,2.487292e-03,2.601634e-01,7.921199e-02,3.962385e-03,6.492642e-03,6.612640e-03,7.761602e-03,5.781088e-03,6.121780e-02
2.606576e-01,2.112121e-02,3.293923e-02,5.333503e-02,2.270079e-02,4.131360e-02,2.585854e-03,4.407323e-01,5.800841e-02,2.901533e-03,4.785290e-03,4.947371e-03,6.322987e-03,4.159598e-03,4.348918e-02
2.423611e-01,1.561795e-02,3.382551e-02,3.976083e-02,1.869759e-02,3.159412e-02,2.305518e-03,5.239232e-01,4.300583e-02,2.103009e-03,3.582632e-03,3.721526e-03,5.457529e-03,3.034364e-03,3.100923e-02
2.460229e-01,1.180833e-02,2.700246e-02,3.037007e-02,1.644466e-02,2.412390e-02,1.973819e-03,5.670242e-01,3.340983e-02,1.817346e-03,3.510643e-03,3.937871e-03,4.955438e-03,2.603148e-03,2.499537e-02
1.871866e-01,1.068705e-02,2.003075e-02,2.716145e-02,1.217226e-02,1.799695e-02,1.511877e-03,5.082064e-01,1.468628e-01,7.973214e-03,8.582920e-03,8.149905e-03,6.676209e-03,3.128919e-03,3.367276e-02
1.573999e-01,1.038688e-02,1.468751e-02,3.628597e-02,9.988695e-03,1.352277e-02,1.335635e-03,4.824446e-01,1.955847e-01,9.688382e-03,1.190762e-02,1.268980e-02,7.962783e-03,2.786795e-03,3.332794e-02
1.380074e-01,1.082958e-02,1.538222e-02,7.849444e-02,9.222353e-03,1.063637e-02,1.085144e-03,4.840121e-01,1.819440e-01,8.437512e-03,1.110369e-02,1.366038e-02,6.881122e-03,2.513465e-03,2.779013e-02
1.304364e-01,8.730952e-03,1.250721e-02,6.359044e-02,7.324372e-03,8.231004e-03,9.435862e-04,5.717456e-01,1.399131e-01,6.160562e-03,9.794381e-03,1.127983e-02,5.253219e-03,2.123876e-03,2.196543e-02
1.712606e-01,9.038115e-03,2.913724e-02,5.255962e-02,6.163179e-03,6.888881e-03,9.287839e-04,5.467287e-01,1.082523e-01,5.637848e-03,8.479187e-03,9.301338e-03,4.580960e-03,2.783205e-03,3.826011e-02
2.317114e-01,1.004556e-02,3.269631e-02,6.354824e-02,6.757754e-03,7.875301e-03,1.405895e-03,4.743420e-01,9.580754e-02,5.235998e-03,9.444056e-03,1.204227e-02,7.029369e-03,3.586767e-03,3.847149e-02
3.034457e-01,1.184694e-02,4.498542e-02,5.987430e-02,7.646310e-03,7.593255e-03,2.521975e-03,4.008049e-01,7.292607e-02,6.843621e-03,9.788206e-03,1.246418e-02,6.763026e-03,6.265113e-03,4.623097e-02
3.034302e-01,1.678036e-02,6.192890e-02,4.942645e-02,6.417091e-03,6.981697e-03,2.411055e-03,2.935733e-01,6.067014e-02,7.440781e-03,9.731276e-03,1.013004e-02,5.451233e-03,3.367662e-02,1.319509e-01
3.267877e-01,2.088578e-02,5.952837e-02,4.352276e-02,7.394183e-03,7.328490e-03,1.970789e-03,2.101942e-01,4.585901e-02,5.910603e-03,8.838757e-03,8.231568e-03,4.723592e-03,7.009140e-02,1.787328e-01
3.972645e-01,2.006309e-02,4.632605e-02,3.337706e-02,6.644339e-03,8.214910e-03,1.606716e-03,1.486560e-01,3.897426e-02,5.114982e-03,8.356916e-03,6.231795e-03,4.800455e-03,1.053054e-01,1.690635e-01
3.511823e-01,3.194553e-02,3.942649e-02,3.927504e-02,6.823455e-03,8.401928e-03,1.408638e-03,1.049733e-01,4.919947e-02,6.650991e-03,8.849253e-03,7.889711e-03,6.090526e-03,1.093770e-01,2.285064e-01
2.589762e-01,2.549164e-02,2.886486e-02,3.013838e-02,6.146674e-03,6.936581e-03,1.097318e-03,7.360802e-02,5.120222e-02,2.024342e-02,7.017147e-03,5.900828e-03,5.176195e-03,1.198025e-01,3.593981e-01
2.567201e-01,2.233828e-02,2.376541e-02,3.068042e-02,6.302218e-03,7.058881e-03,1.211746e-03,5.217128e-02,7.118379e-02,1.696540e-02,7.324070e-03,4.946476e-03,5.001483e-03,1.291440e-01,3.651864e-01
2.247133e-01,1.730128e-02,1.753143e-02,2.302527e-02,5.138512e-03,7.073166e-03,9.872830e-04,3.691829e-02,6.860666e-02,1.414348e-02,6.086736e-03,3.731577e-03,4.104781e-03,1.448708e-01,4.257674e-01
2.350293e-01,1.321164e-02,1.286918e-02,1.660531e-02,4.005569e-03,6.435157e-03,9.059476e-04,2.616859e-02,5.634601e-02,1.845179e-02,5.571376e-03,3.408660e-03,4.001463e-03,1.807644e-01,4.162257e-01
3.270065e-01,1.201074e-02,1.128754e-02,1.311265e-02,4.996873e-03,7.331306e-03,1.061092e-03,1.925686e-02,5.947309e-02,2.120547e-02,5.900498e-03,4.139606e-03,5.652433e-03,1.520943e-01,3.554710e-01
3.634686e-01,1.310553e-02,1.042210e-02,1.135977e-02,5.994657e-03,7.373716e-03,1.072959e-03,1.458248e-02,5.010893e-02,2.457356e-02,5.998027e-03,4.233855e-03,6.470714e-03,1.534012e-01,3.278339e-01
3.645952e-01,1.633022e-02,1.096124e-02,1.191202e-02,6.223937e-03,7.563944e-03,1.795941e-03,1.171085e-02,4.656824e-02,2.266937e-02,6.461838e-03,5.115844e-03,6.489526e-03,1.429508e-01,3.386511e-01
3.327565e-01,1.569569e-02,9.953914e-03,1.041344e-02,6.613836e-03,8.542673e-03,1.676571e-03,9.052722e-03,4.427251e-02,2.074197e-02,5.972651e-03,4.910702e-03,6.551503e-03,1.488995e-01,3.739459e-01
2.728857e-01,1.624246e-02,1.150933e-02,9.890424e-03,9.396283e-03,7.668300e-03,1.480081e-03,6.679948e-03,4.408964e-02,2.837077e-02,5.033682e-03,4.009672e-03,5.796310e-03,1.185940e-01,4.583533e-01
2.465479e-01,2.570231e-02,4.434423e-02,5.805634e-02,3.504819e-02,3.674014e-02,2.886196e-03,8.397082e-03,5.273295e-02,3.026349e-02,7.554667e-03,4.298743e-03,5.830574e-03,8.872259e-02,3.528746e-01
2.333597e-01,2.019518e-02,4.326390e-02,5.247092e-02,6.404815e-02,3.520143e-02,7.592320e-02,2.293209e-02,4.432119e-02,4.283286e-02,6.380348e-03,3.818603e-03,8.376251e-03,6.433528e-02,2.825409e-01
2.364907e-01,2.071922e-02,5.003220e-02,4.236030e-02,8.805390e-02,3.917798e-02,9.139757e-02,5.124345e-02,3.903445e-02,5.774955e-02,4.866065e-03,3.094320e-03,7.941777e-03,4.916992e-02,2.186686e-01
2.380899e-01,2.252209e-02,8.393027e-02,3.657651e-02,9.252004e-02,3.573782e-02,7.132071e-02,4.188230e-02,3.155898e-02,1.080422e-01,5.394307e-03,5.452389e-03,9.364681e-03,3.797620e-02,1.796316e-01
1.988208e-01,2.238480e-02,1.023090e-01,3.098316e-02,7.297738e-02,3.289171e-02,5.178902e-02,3.247102e-02,2.548177e-02,1.305873e-01,2.029655e-02,4.034318e-02,1.073258e-02,3.978740e-02,1.881444e-01
1.702877e-01,2.139968e-02,1.167693e-01,1.026783e-01,6.413862e-02,2.918764e-02,3.845487e-02,2.735129e-02,2.943114e-02,1.107586e-01,2.841963e-02,6.437735e-02,1.755921e-02,3.127642e-02,1.479102e-01
1.267911e-01,2.024177e-02,1.053944e-01,8.194178e-02,5.023685e-02,2.475148e-02,3.001319e-02,2.081827e-02,3.515027e-02,1.796896e-01,4.014195e-02,1.129478e-01,1.623307e-02,3.269522e-02,1.229534e-01
1.255781e-01,1.740650e-02,8.702280e-02,6.157163e-02,4.051613e-02,2.632733e-02,2.503098e-02,1.557438e-02,3.088952e-02,1.528564e-01,6.649062e-02,1.974258e-01,2.231408e-02,3.597472e-02,9.502101e-02
1.142624e-01,1.758785e-02,8.394252e-02,4.987432e-02,3.697002e-02,3.787377e-02,2.538108e-02,1.348960e-02,6.628233e-02,1.205106e-01,9.174955e-02,2.022575e-01,2.649548e-02,3.667210e-02,7.665094e-02
9.849258e-02,1.956612e-02,7.003012e-02,3.935125e-02,4.120294e-02,9.602817e-02,1.971484e-02,1.210299e-02,6.060944e-02,1.031334e-01,9.599486e-02,1.883970e-01,2.210641e-02,6.350295e-02,6.976697e-02
9.921429e-02,3.006566e-02,5.877980e-02,3.043676e-02,4.061379e-02,8.648830e-02,1.542828e-02,1.074264e-02,5.621596e-02,7.861050e-02,9.767483e-02,2.648462e-01,2.607286e-02,5.062915e-02,5.418099e-02
9.524055e-02,3.891015e-02,4.693890e-02,3.327346e-02,4.116334e-02,1.119018e-01,1.305070e-02,9.297767e-03,6.578702e-02,6.105483e-02,8.465742e-02,2.920533e-01,2.619706e-02,3.846056e-02,4.201315e-02
1.084400e-01,3.519880e-02,3.790038e-02,4.421113e-02,3.672308e-02,1.097459e-01,1.084666e-02,1.057461e-02,6.253786e-02,4.704601e-02,1.127848e-01,2.990817e-01,2.154309e-02,2.855927e-02,3.480672e-02
1.002818e-01,2.825452e-02,2.950210e-02,3.931928e-02,2.885378e-02,1.775785e-01,8.521830e-03,8.665491e-03,4.848705e-02,3.495147e-02,1.156102e-01,3.153504e-01,1.693380e-02,2.069842e-02,2.699131e-02
7.831461e-02,2.248833e-02,2.210003e-02,3.081856e-02,3.460301e-02,1.675603e-01,7.427434e-03,6.980115e-03,4.658045e-02,2.541520e-02,1.240660e-01,3.853785e-01,1.289624e-02,1.494285e-02,2.042842e-02
6.490202e-02,1.822021e-02,1.734168e-02,2.390672e-02,3.243089e-02,1.369331e-01,1.173175e-02,6.703196e-03,3.885330e-02,1.833282e-02,1.224317e-01,4.716919e-01,1.050691e-02,1.094690e-02,1.506688e-02
5.298612e-02,1.594233e-02,1.292621e-02,1.846774e-02,2.772951e-02,1.061473e-01,9.221964e-03,5.344819e-03,4.073749e-02,1.315620e-02,1.145552e-01,5.549020e-01,8.145490e-03,8.019012e-03,1.171866e-02
5.910467e-02,1.490120e-02,1.117140e-02,1.661923e-02,2.833410e-02,9.973197e-02,9.511275e-03,6.464768e-03,5.231813e-02,9.549498e-03,1.137518e-01,5.535437e-01,7.785948e-03,6.618832e-03,1.059355e-02
5.507771e-02,1.250985e-02,9.109547e-03,1.319865e-02,2.494069e-02,7.842614e-02,8.638082e-03,6.847287e-03,5.143827e-02,6.962473e-03,9.330374e-02,6.189415e-01,6.544553e-03,5.603340e-03,8.458182e-03
4.114622e-02,9.686950e-03,7.436240e-03,9.557462e-03,2.173495e-02,6.583520e-02,7.060480e-03,7.897869e-03,4.001540e-02,4.996193e-03,7.296065e-02,6.962688e-01,4.990909e-03,4.419619e-03,5.993141e-03
3.523909e-02,8.574166e-03,6.045384e-03,7.140898e-03,5.256469e-02,5.489078e-02,6.307175e-03,9.347051e-03,3.996026e-02,3.684162e-03,6.580553e-02,6.977497e-01,3.975853e-03,4.134010e-03,4.581333e-03
3.046518e-02,7.068448e-03,4.792531e-03,5.150023e-03,5.716436e-02,5.886636e-02,6.685770e-03,8.224176e-03,3.278823e-02,2.925192e-03,1.114625e-01,6.623327e-01,4.853072e-03,3.793394e-03,3.428165e-03
3.613766e-02,6.530792e-03,4.600438e-03,4.327475e-03,5.376384e-02,4.810596e-02,9.298907e-03,1.262427e-02,2.806130e-02,2.534075e-03,2.021195e-01,5.789153e-01,6.116312e-03,3.980898e-03,2.883299e-03
3.850553e-02,8.682099e-03,7.350903e-03,3.829350e-03,6.870985e-02,5.260929e-02,9.713419e-03,1.505470e-02,2.785366e-02,2.470286e-03,2.405878e-01,5.100858e-01,6.884986e-03,4.121472e-03,3.540953e-03
4.250335e-02,2.427686e-02,3.395129e-02,5.293170e-03,9.771957e-02,1.405156e-01,1.251715e-02,1.330836e-02,3.979176e-02,3.663450e-03,1.986065e-01,3.700482e-01,6.899555e-03,3.739709e-03,7.165520e-03
6.027543e-02,2.385774e-02,1.158982e-01,8.889386e-03,9.241351e-02,1.440860e-01,1.223721e-02,4.245470e-02,3.252599e-02,6.512285e-03,1.730782e-01,2.688916e-01,7.103025e-03,5.261275e-03,6.515506e-03
9.653732e-02,2.102258e-02,1.226101e-01,9.517828e-03,8.710209e-02,1.711288e-01,1.271862e-02,4.203548e-02,2.422559e-02,6.419579e-03,1.838936e-01,2.030076e-01,8.351535e-03,5.842214e-03,5.587085e-03
1.335128e-01,1.846249e-02,1.474125e-01,1.542092e-02,7.438235e-02,1.403936e-01,1.169741e-02,8.564084e-02,1.775659e-02,7.849734e-03,1.702107e-01,1.579609e-01,8.437523e-03,6.003166e-03,4.858598e-03
1.559359e-01,1.495976e-02,1.706241e-01,2.012005e-02,5.769641e-02,1.088084e-01,1.276359e-02,1.692489e-01,1.278419e-02,8.489434e-03,1.370741e-01,1.155181e-01,6.785769e-03,5.172518e-03,4.018646e-03
1.564617e-01,1.171278e-02,1.936508e-01,2.773114e-02,5.810864e-02,1.052383e-01,3.169335e-02,2.026161e-01,9.618684e-03,7.329854e-03,9.870077e-02,8.277585e-02,6.513030e-03,4.748105e-03,3.100928e-03
1.247154e-01,8.560376e-03,1.599471e-01,2.538877e-02,4.917741e-02,7.659720e-02,2.753798e-02,3.768661e-01,6.945823e-03,5.297342e-03,6.992317e-02,5.831664e-02,5.043443e-03,3.455385e-03,2.227927e-03
1.084340e-01,7.385230e-03,1.385971e-01,2.388820e-02,4.226275e-02,5.620179e-02,2.592750e-02,4.814272e-01,5.249683e-03,4.459254e-03,5.429800e-02,4.216253e-02,4.884574e-03,3.025552e-03,1.796538e-03
9.244772e-02,6.477965e-03,1.423229e-01,2.252404e-02,3.424536e-02,4.478626e-02,3.313326e-02,5.336440e-01,4.228756e-03,3.389271e-03,3.998996e-02,3.210742e-02,6.359118e-03,2.624917e-03,1.719034e-03
8.928983e-02,6.747419e-03,1.232323e-01,2.095966e-02,3.037322e-02,4.182343e-02,4.203954e-02,5.649019e-01,4.063106e-03,2.652004e-03,3.035279e-02,2.849606e-02,1.053826e-02,2.375172e-03,2.155166e-03
8.383887e-02,6.045232e-03,9.896801e-02,1.823379e-02,2.601606e-02,3.599646e-02,5.910542e-02,6.019903e-01,3.749212e-03,1.953688e-03,2.327837e-02,2.504545e-02,1.145949e-02,2.022430e-03,2.297195e-03
7.431950e-02,4.871426e-03,7.765958e-02,1.360843e-02,2.100242e-02,3.060300e-02,7.358629e-02,6.426266e-01,4.221138e-03,1.520972e-03,2.010260e-02,2.069562e-02,1.057125e-02,2.237695e-03,2.373518e-03
7.196061e-02,4.351761e-03,6.398163e-02,1.040076e-02,1.736961e-02,2.891760e-02,7.721089e-02,6.668122e-01,4.637561e-03,1.318773e-03,1.783576e-02,1.909716e-02,1.003018e-02,2.839122e-03,3.236373e-03
8.407398e-02,4.334195e-03,5.800639e-02,8.816609e-03,1.718501e-02,3.450929e-02,7.991946e-02,6.475182e-01,5.211701e-03,1.292837e-03,1.910316e-02,2.008738e-02,1.191083e-02,3.594943e-03,4.436046e-03
1.028901e-01,4.411281e-03,6.231926e-02,9.059036e-03,1.636420e-02,3.872482e-02,8.640830e-02,6.060367e-01,4.837626e-03,1.486624e-03,2.297353e-02,1.969778e-02,1.371304e-02,4.931382e-03,6.146295e-03
1.268526e-01,3.865141e-03,8.082320e-02,9.257742e-03,1.733235e-02,3.342007e-02,8.159713e-02,5.750116e-01,4.667713e-03,2.295694e-03,2.497230e-02,1.638261e-02,1.260293e-02,5.168418e-03,5.750481e-03
1.537797e-01,3.866059e-03,6.752162e-02,1.305073e-02,1.976570e-02,3.387979e-02,6.185010e-02,5.755554e-01,4.829055e-03,4.090156e-03,2.122880e-02,1.598420e-02,1.155602e-02,5.608241e-03,7.434393e-03
1.930321e-01,4.484584e-03,5.538166e-02,1.462815e-02,2.171113e-02,3.155712e-02,4.974529e-02,5.562779e-01,4.626089e-03,5.977807e-03,1.692372e-02,1.583230e-02,1.285054e-02,5.979565e-03,1.099208e-02
1.812702e-01,9.001202e-03,4.501084e-02,1.924341e-02,1.747766e-02,2.938912e-02,3.613894e-02,4.315548e-01,2.094763e-02,6.580335e-02,2.246165e-02,2.798288e-02,2.385544e-02,7.055397e-03,6.280740e-02
2.242377e-01,8.549841e-03,3.869366e-02,2.037770e-02,1.582330e-02,2.834430e-02,2.792800e-02,3.747414e-01,2.781571e-02,7.607944e-02,2.392402e-02,2.925439e-02,3.057012e-02,6.886481e-03,6.677388e-02
2.862180e-01,9.318784e-03,3.865333e-02,2.299576e-02,1.631941e-02,2.664540e-02,2.356593e-02,3.265480e-01,2.774172e-02,6.965231e-02,2.488419e-02,3.239365e-02,3.244615e-02,6.420438e-03,5.619694e-02
3.139135e-01,1.132165e-02,3.245908e-02,2.621226e-02,1.528064e-02,2.154880e-02,1.928953e-02,2.857891e-01,3.928524e-02,9.103192e-02,2.476140e-02,2.723635e-02,2.950363e-02,6.580296e-03,5.578661e-02
2.549397e-01,1.920573e-02,2.491038e-02,6.989340e-02,1.219833e-02,2.101303e-02,1.431319e-02,2.113117e-01,7.067084e-02,8.888736e-02,2.400282e-02,4.714280e-02,3.252633e-02,7.826257e-03,1.011582e-01
2.921438e-01,1.986496e-02,1.821483e-02,6.736885e-02,9.798515e-03,2.434530e-02,1.055730e-02,1.511495e-01,6.278850e-02,8.414664e-02,2.452102e-02,5.570778e-02,3.439478e-02,1.746826e-02,1.275300e-01
3.731604e-01,1.975500e-02,1.390980e-02,6.035772e-02,8.373071e-03,2.793717e-02,9.028281e-03,1.120527e-01,5.641411e-02,6.740005e-02,2.421164e-02,5.330048e-02,4.158121e-02,1.689723e-02,1.156211e-01
