1.000000e+00,0.000000e+00,0.000000e+00,0.000000e+00,0.000000e+00,0.000000e+00,0.000000e+00,0.000000e+00,0.000000e+00,0.000000e+00,0.000000e+00,0.000000e+00,0.000000e+00,0.000000e+00,0.000000e+00
1.000000e+00,0.000000e+00,0.000000e+00,0.000000e+00,0.000000e+00,0.000000e+00,0.000000e+00,0.000000e+00,0.000000e+00,0.000000e+00,0.000000e+00,0.000000e+00,0.000000e+00,0.000000e+00,0.000000e+00
1.000000e+00,0.000000e+00,0.000000e+00,0.000000e+00,0.000000e+00,0.000000e+00,0.000000e+00,0.000000e+00,0.000000e+00,0.000000e+00,0.000000e+00,0.000000e+00,0.000000e+00,0.000000e+00,0.000000e+00
1.000000e+00,0.000000e+00,0.000000e+00,0.000000e+00,0.000000e+00,0.000000e+00,0.000000e+00,0.000000e+00,0.000000e+00,0.000000e+00,0.000000e+00,0.000000e+00,0.000000e+00,0.000000e+00,0.000000e+00
1.000000e+00,0.000000e+00,0.000000e+00,0.000000e+00,0.000000e+00,0.000000e+00,0.000000e+00,0.000000e+00,0.000000e+00,0.000000e+00,0.000000e+00,0.000000e+00,0.000000e+00,0.000000e+00,0.000000e+00
1.000000e+00,0.000000e+00,0.000000e+00,0.000000e+00,0.000000e+00,0.000000e+00,0.000000e+00,0.000000e+00,0.000000e+00,0.000000e+00,0.000000e+00,0.000000e+00,0.000000e+00,0.000000e+00,0.000000e+00
1.000000e+00,0.000000e+00,0.000000e+00,0.000000e+00,0.000000e+00,0.000000e+00,0.000000e+00,0.000000e+00,0.000000e+00,0.000000e+00,0.000000e+00,0.000000e+00,0.000000e+00,0.000000e+00,0.000000e+00
1.000000e+00,0.000000e+00,0.000000e+00,0.000000e+00,0.000000e+00,0.000000e+00,0.000000e+00,0.000000e+00,0.000000e+00,0.000000e+00,0.000000e+00,0.000000e+00,0.000000e+00,0.000000e+00,0.000000e+00
1.000000e+00,0.000000e+00,0.000000e+00,0.000000e+00,0.000000e+00,0.000000e+00,0.000000e+00,0.000000e+00,0.000000e+00,0.000000e+00,0.000000e+00,0.000000e+00,0.000000e+00,0.000000e+00,0.000000e+00
1.000000e+00,0.000000e+00,0.000000e+00,0.000000e+00,0.000000e+00,0.000000e+00,0.000000e+00,0.000000e+00,0.000000e+00,0.000000e+00,0.000000e+00,0.000000e+00,0.000000e+00,0.000000e+00,0.000000e+00
1.000000e+00,0.000000e+00,0.000000e+00,0.000000e+00,0.000000e+00,0.000000e+00,0.000000e+00,0.000000e+00,0.000000e+00,0.000000e+00,0.000000e+00,0.000000e+00,0.000000e+00,0.000000e+00,0.000000e+00
1.000000e+00,0.000000e+00,0.000000e+00,0.000000e+00,0.000000e+00,0.000000e+00,0.000000e+00,0.000000e+00,0.000000e+00,0.000000e+00,0.000000e+00,0.000000e+00,0.000000e+00,0.000000e+00,0.000000e+00
1.000000e+00,0.000000e+00,0.000000e+00,0.000000e+00,0.000000e+00,0.000000e+00,0.000000e+00,0.000000e+00,0.000000e+00,0.000000e+00,0.000000e+00,0.000000e+00,0.000000e+00,0.000000e+00,0.000000e+00
1.000000e+00,0.000000e+00,0.000000e+00,0.000000e+00,0.000000e+00,0.000000e+00,0.000000e+00,0.000000e+00,0.000000e+00,0.000000e+00,0.000000e+00,0.000000e+00,0.000000e+00,0.000000e+00,0.000000e+00
1.000000e+00,0.000000e+00,0.000000e+00,0.000000e+00,0.000000e+00,0.000000e+00,0.000000e+00,0.000000e+00,0.000000e+00,0.000000e+00,0.000000e+00,0.000000e+00,0.000000e+00,0.000000e+00,0.000000e+00
1.000000e+00,0.000000e+00,0.000000e+00,0.000000e+00,0.000000e+00,0.000000e+00,0.000000e+00,0.000000e+00,0.000000e+00,0.000000e+00,0.000000e+00,0.000000e+00,0.000000e+00,0.000000e+00,0.000000e+00
1.000000e+00,0.000000e+00,0.000000e+00,0.000000e+00,0.000000e+00,0.000000e+00,0.000000e+00,0.000000e+00,0.000000e+00,0.000000e+00,0.000000e+00,0.000000e+00,0.000000e+00,0.000000e+00,0.000000e+00
1.000000e+00,0.000000e+00,0.000000e+00,0.000000e+00,0.000000e+00,0.000000e+00,0.000000e+00,0.000000e+00,0.000000e+00,0.000000e+00,0.000000e+00,0.000000e+00,0.000000e+00,0.000000e+00,0.000000e+00
1.000000e+00,0.000000e+00,0.000000e+00,0.000000e+00,0.000000e+00,0.000000e+00,0.000000e+00,0.000000e+00,0.000000e+00,0.000000e+00,0.000000e+00,0.000000e+00,0.000000e+00,0.000000e+00,0.000000e+00
1.000000e+00,0.000000e+00,0.000000e+00,0.000000e+00,0.000000e+00,0.000000e+00,0.000000e+00,0.000000e+00,0.000000e+00,0.000000e+00,0.000000e+00,0.000000e+00,0.000000e+00,0.000000e+00,0.000000e+00
1.000000e+00,0.000000e+00,0.000000e+00,0.000000e+00,0.000000e+00,0.000000e+00,0.000000e+00,0.000000e+00,0.000000e+00,0.000000e+00,0.000000e+00,0.000000e+00,0.000000e+00,0.000000e+00,0.000000e+00
1.000000e+00,0.000000e+00,0.000000e+00,0.000000e+00,0.000000e+00,0.000000e+00,0.000000e+00,0.000000e+00,0.000000e+00,0.000000e+00,0.000000e+00,0.000000e+00,0.000000e+00,0.000000e+00,0.000000e+00
1.000000e+00,0.000000e+00,0.000000e+00,0.000000e+00,0.000000e+00,0.000000e+00,0.000000e+00,0.000000e+00,0.000000e+00,0.000000e+00,0.000000e+00,0.000000e+00,0.000000e+00,0.000000e+00,0.000000e+00
1.000000e+00,0.000000e+00,0.000000e+00,0.000000e+00,0.000000e+00,0.000000e+00,0.000000e+00,0.000000e+00,0.000000e+00,0.000000e+00,0.000000e+00,0.000000e+00,0.000000e+00,0.000000e+00,0.000000e+00
1.000000e+00,0.000000e+00,0.000000e+00,0.000000e+00,0.000000e+00,0.000000e+00,0.000000e+00,0.000000e+00,0.000000e+00,0.000000e+00,0.000000e+00,0.000000e+00,0.000000e+00,0.000000e+00,0.000000e+00
1.000000e+00,0.000000e+00,0.000000e+00,0.000000e+00,0.000000e+00,0.000000e+00,0.000000e+00,0.000000e+00,0.000000e+00,0.000000e+00,0.000000e+00,0.000000e+00,0.000000e+00,0.000000e+00,0.000000e+00
1.000000e+00,0.000000e+00,0.000000e+00,0.000000e+00,0.000000e+00,0.000000e+00,0.000000e+00,0.000000e+00,0.000000e+00,0.000000e+00,0.000000e+00,0.000000e+00,0.000000e+00,0.000000e+00,0.000000e+00
1.000000e+00,0.000000e+00,0.000000e+00,0.000000e+00,0.000000e+00,0.000000e+00,0.000000e+00,0.000000e+00,0.000000e+00,0.000000e+00,0.000000e+00,0.000000e+00,0.000000e+00,0.000000e+00,0.000000e+00
1.000000e+00,0.000000e+00,0.000000e+00,0.000000e+00,0.000000e+00,0.000000e+00,0.000000e+00,0.000000e+00,0.000000e+00,0.000000e+00,0.000000e+00,0.000000e+00,0.000000e+00,0.000000e+00,0.000000e+00
1.000000e+00,0.000000e+00,0.000000e+00,0.000000e+00,0.000000e+00,0.000000e+00,0.000000e+00,0.000000e+00,0.000000e+00,0.000000e+00,0.000000e+00,0.000000e+00,0.000000e+00,0.000000e+00,0.000000e+00
1.000000e+00,0.000000e+00,0.000000e+00,0.000000e+00,0.000000e+00,0.000000e+00,0.000000e+00,0.000000e+00,0.000000e+00,0.000000e+00,0.000000e+00,0.000000e+00,0.000000e+00,0.000000e+00,0.000000e+00
1.000000e+00,0.000000e+00,0.000000e+00,0.000000e+00,0.000000e+00,0.000000e+00,0.000000e+00,0.000000e+00,0.000000e+00,0.000000e+00,0.000000e+00,0.000000e+00,0.000000e+00,0.000000e+00,0.000000e+00
1.000000e+00,0.000000e+00,0.000000e+00,0.000000e+00,0.000000e+00,0.000000e+00,0.000000e+00,0.000000e+00,0.000000e+00,0.000000e+00,0.000000e+00,0.000000e+00,0.000000e+00,0.000000e+00,0.000000e+00
1.000000e+00,0.000000e+00,0.000000e+00,0.000000e+00,0.000000e+00,0.000000e+00,0.000000e+00,0.000000e+00,0.000000e+00,0.000000e+00,0.000000e+00,0.000000e+00,0.000000e+00,0.000000e+00,0.000000e+00
1.000000e+00,0.000000e+00,0.000000e+00,0.000000e+00,0.000000e+00,0.000000e+00,0.000000e+00,0.000000e+00,0.000000e+00,0.000000e+00,0.000000e+00,0.000000e+00,0.000000e+00,0.000000e+00,0.000000e+00
1.000000e+00,0.000000e+00,0.000000e+00,0.000000e+00,0.000000e+00,0.000000e+00,0.000000e+00,0.000000e+00,0.000000e+00,0.000000e+00,0.000000e+00,0.000000e+00,0.000000e+00,0.000000e+00,0.000000e+00
1.000000e+00,0.000000e+00,0.000000e+00,0.000000e+00,0.000000e+00,0.000000e+00,0.000000e+00,0.000000e+00,0.000000e+00,0.000000e+00,0.000000e+00,0.000000e+00,0.000000e+00,0.000000e+00,0.000000e+00
1.000000e+00,0.000000e+00,0.000000e+00,0.000000e+00,0.000000e+00,0.000000e+00,0.000000e+00,0.000000e+00,0.000000e+00,0.000000e+00,0.000000e+00,0.000000e+00,0.000000e+00,0.000000e+00,0.000000e+00
1.000000e+00,0.000000e+00,0.000000e+00,0.000000e+00,0.000000e+00,0.000000e+00,0.000000e+00,0.000000e+00,0.000000e+00,0.000000e+00,0.000000e+00,0.000000e+00,0.000000e+00,0.000000e+00,0.000000e+00
1.000000e+00,0.000000e+00,0.000000e+00,0.000000e+00,0.000000e+00,0.000000e+00,0.000000e+00,0.000000e+00,0.000000e+00,0.000000e+00,0.000000e+00,0.000000e+00,0.000000e+00,0.000000e+00,0.000000e+00
1.000000e+00,0.000000e+00,0.000000e+00,0.000000e+00,0.000000e+00,0.000000e+00,0.000000e+00,0.000000e+00,0.000000e+00,0.000000e+00,0.000000e+00,0.000000e+00,0.000000e+00,0.000000e+00,0.000000e+00
1.000000e+00,0.000000e+00,0.000000e+00,0.000000e+00,0.000000e+00,0.000000e+00,0.000000e+00,0.000000e+00,0.000000e+00,0.000000e+00,0.000000e+00,0.000000e+00,0.000000e+00,0.000000e+00,0.000000e+00
1.000000e+00,0.000000e+00,0.000000e+00,0.000000e+00,0.000000e+00,0.000000e+00,0.000000e+00,0.000000e+00,0.000000e+00,0.000000e+00,0.000000e+00,0.000000e+00,0.000000e+00,0.000000e+00,0.000000e+00
1.000000e+00,0.000000e+00,0.000000e+00,0.000000e+00,0.000000e+00,0.000000e+00,0.000000e+00,0.000000e+00,0.000000e+00,0.000000e+00,0.000000e+00,0.000000e+00,0.000000e+00,0.000000e+00,0.000000e+00
1.000000e+00,0.000000e+00,0.000000e+00,0.000000e+00,0.000000e+00,0.000000e+00,0.000000e+00,0.000000e+00,0.000000e+00,0.000000e+00,0.000000e+00,0.000000e+00,0.000000e+00,0.000000e+00,0.000000e+00
1.000000e+00,0.000000e+00,0.000000e+00,0.000000e+00,0.000000e+00,0.000000e+00,0.000000e+00,0.000000e+00,0.000000e+00,0.000000e+00,0.000000e+00,0.000000e+00,0.000000e+00,0.000000e+00,0.000000e+00
1.000000e+00,0.000000e+00,0.000000e+00,0.000000e+00,0.000000e+00,0.000000e+00,0.000000e+00,0.000000e+00,0.000000e+00,0.000000e+00,0.000000e+00,0.000000e+00,0.000000e+00,0.000000e+00,0.000000e+00
1.000000e+00,0.000000e+00,0.000000e+00,0.000000e+00,0.000000e+00,0.000000e+00,0.000000e+00,0.000000e+00,0.000000e+00,0.000000e+00,0.000000e+00,0.000000e+00,0.000000e+00,0.000000e+00,0.000000e+00
1.000000e+00,0.000000e+00,0.000000e+00,0.000000e+00,0.000000e+00,0.000000e+00,0.000000e+00,0.000000e+00,0.000000e+00,0.000000e+00,0.000000e+00,0.000000e+00,0.000000e+00,0.000000e+00,0.000000e+00
1.000000e+00,0.000000e+00,0.000000e+00,0.000000e+00,0.000000e+00,0.000000e+00,0.000000e+00,0.000000e+00,0.000000e+00,0.000000e+00,0.000000e+00,0.000000e+00,0.000000e+00,0.000000e+00,0.000000e+00
1.000000e+00,0.000000e+00,0.000000e+00,0.000000e+00,0.000000e+00,0.000000e+00,0.000000e+00,0.000000e+00,0.000000e+00,0.000000e+00,0.000000e+00,0.000000e+00,0.000000e+00,0.000000e+00,0.000000e+00
1.000000e+00,0.000000e+00,0.000000e+00,0.000000e+00,0.000000e+00,0.000000e+00,0.000000e+00,0.000000e+00,0.000000e+00,0.000000e+00,0.000000e+00,0.000000e+00,0.000000e+00,0.000000e+00,0.000000e+00
1.000000e+00,0.000000e+00,0.000000e+00,0.000000e+00,0.000000e+00,0.000000e+00,0.000000e+00,0.000000e+00,0.000000e+00,0.000000e+00,0.000000e+00,0.000000e+00,0.000000e+00,0.000000e+00,0.000000e+00
1.000000e+00,0.000000e+00,0.000000e+00,0.000000e+00,0.000000e+00,0.000000e+00,0.000000e+00,0.000000e+00,0.000000e+00,0.000000e+00,0.000000e+00,0.000000e+00,0.000000e+00,0.000000e+00,0.000000e+00
1.000000e+00,0.000000e+00,0.000000e+00,0.000000e+00,0.000000e+00,0.000000e+00,0.000000e+00,0.000000e+00,0.000000e+00,0.000000e+00,0.000000e+00,0.000000e+00,0.000000e+00,0.000000e+00,0.000000e+00
1.000000e+00,0.000000e+00,0.000000e+00,0.000000e+00,0.000000e+00,0.000000e+00,0.000000e+00,0.000000e+00,0.000000e+00,0.000000e+00,0.000000e+00,0.000000e+00,0.000000e+00,0.000000e+00,0.000000e+00
1.000000e+00,0.000000e+00,0.000000e+00,0.000000e+00,0.000000e+00,0.000000e+00,0.000000e+00,0.000000e+00,0.000000e+00,0.000000e+00,0.000000e+00,0.000000e+00,0.000000e+00,0.000000e+00,0.000000e+00
1.000000e+00,0.000000e+00,0.000000e+00,0.000000e+00,0.000000e+00,0.000000e+00,0.000000e+00,0.000000e+00,0.000000e+00,0.000000e+00,0.000000e+00,0.000000e+00,0.000000e+00,0.000000e+00,0.000000e+00
1.000000e+00,0.000000e+00,0.000000e+00,0.000000e+00,0.000000e+00,0.000000e+00,0.000000e+00,0.000000e+00,0.000000e+00,0.000000e+00,0.000000e+00,0.000000e+00,0.000000e+00,0.000000e+00,0.000000e+00
1.000000e+00,0.000000e+00,0.000000e+00,0.000000e+00,0.000000e+00,0.000000e+00,0.000000e+00,0.000000e+00,0.000000e+00,0.000000e+00,0.000000e+00,0.000000e+00,0.000000e+00,0.000000e+00,0.000000e+00
4.531325e-01,6.314637e-02,1.910326e-02,1.535807e-01,3.983453e-02,4.364199e-02,2.696275e-02,7.058600e-02,3.379322e-02,2.952834e-03,9.259358e-03,3.955221e-02,1.887504e-02,2.118235e-03,2.346094e-02
3.605878e-01,7.677076e-02,2.182925e-02,1.776462e-01,5.617870e-02,4.755706e-02,3.233384e-02,7.790095e-02,4.129043e-02,3.263910e-03,9.080482e-03,4.436757e-02,2.427426e-02,2.112504e-03,2.480620e-02
2.672976e-01,7.973828e-02,3.525780e-02,2.669750e-01,6.050520e-02,4.484785e-02,3.028583e-02,8.398391e-02,3.509902e-02,2.622879e-03,8.213423e-03,3.922005e-02,2.226169e-02,1.876022e-03,2.181536e-02
2.326370e-01,9.412800e-02,3.016827e-02,2.838352e-01,6.934429e-02,4.447725e-02,3.184260e-02,6.642261e-02,4.046986e-02,2.902439e-03,8.924363e-03,4.171122e-02,2.525913e-02,2.178547e-03,2.569926e-02
2.006781e-01,8.849257e-02,3.296342e-02,2.843608e-01,8.200538e-02,5.005926e-02,3.614452e-02,5.829851e-02,4.277232e-02,3.423840e-03,9.565735e-03,4.481643e-02,3.409911e-02,2.361319e-03,2.995875e-02
2.138249e-01,9.348714e-02,2.748577e-02,2.608235e-01,8.714507e-02,5.204882e-02,3.284188e-02,4.565431e-02,4.185278e-02,3.888377e-03,1.016610e-02,4.948619e-02,4.169653e-02,3.210809e-03,3.638789e-02
1.650411e-01,9.478359e-02,3.379588e-02,3.710805e-01,7.389285e-02,4.212240e-02,2.610986e-02,3.670563e-02,3.353798e-02,3.285880e-03,8.640974e-03,3.938141e-02,3.326331e-02,2.817801e-03,3.554088e-02
1.184985e-01,8.528915e-02,2.659999e-02,4.842795e-01,5.317840e-02,3.039166e-02,1.874749e-02,2.595545e-02,4.879142e-02,4.172406e-03,7.253120e-03,2.786462e-02,2.467480e-02,2.079840e-03,4.222371e-02
1.320805e-01,8.114146e-02,2.312546e-02,4.506981e-01,4.289774e-02,2.481462e-02,1.461346e-02,1.950319e-02,6.517069e-02,8.148471e-03,9.194674e-03,2.123404e-02,2.286566e-02,2.695399e-03,8.181660e-02
1.194529e-01,7.096094e-02,1.809589e-02,4.016466e-01,3.102189e-02,3.399520e-02,1.128701e-02,1.534517e-02,6.054700e-02,6.985225e-03,1.088824e-02,1.648700e-02,1.226482e-01,2.466070e-03,7.817274e-02
8.799355e-02,5.109755e-02,1.282576e-02,2.911007e-01,2.252402e-02,2.520007e-02,8.166127e-03,1.088351e-02,4.971939e-02,5.225959e-03,8.596618e-03,1.224393e-02,3.313420e-01,1.862240e-03,8.121863e-02
6.359307e-02,3.975981e-02,9.880232e-03,2.162491e-01,1.679200e-02,1.923901e-02,6.393907e-03,7.828280e-03,7.822589e-02,4.092724e-03,6.497933e-03,8.877221e-03,4.421755e-01,1.859565e-03,7.853575e-02
4.697053e-02,2.843305e-02,6.988463e-03,1.637318e-01,1.354192e-02,2.003619e-02,5.023129e-03,5.637621e-03,6.238908e-02,3.232199e-03,6.494530e-03,1.213458e-02,5.526271e-01,2.125979e-03,7.063380e-02
4.250330e-02,2.124172e-02,4.973007e-03,1.551108e-01,1.538961e-02,2.500990e-02,6.523323e-03,4.216271e-03,5.405219e-02,6.475180e-03,3.586617e-02,2.724589e-02,5.313132e-01,4.247962e-03,6.583141e-02
3.113846e-02,1.522490e-02,3.612303e-03,1.286463e-01,1.825684e-02,2.263059e-02,5.388796e-03,3.034888e-03,8.106263e-02,1.227718e-02,6.604725e-02,9.487004e-02,4.201061e-01,2.385758e-02,7.384606e-02
2.576962e-02,1.155210e-02,2.873610e-03,9.730221e-02,2.759667e-02,1.836073e-02,4.955948e-03,2.269637e-03,1.161605e-01,2.190509e-02,7.781826e-02,1.166594e-01,3.142753e-01,8.341676e-02,7.908414e-02
2.660017e-02,9.363081e-03,2.461398e-03,7.408249e-02,2.982891e-02,1.493706e-02,4.674904e-03,1.904699e-03,1.064742e-01,4.105428e-02,1.229345e-01,1.005635e-01,2.277240e-01,1.628912e-01,7.450551e-02
1.917929e-02,6.900971e-03,1.991928e-03,5.212535e-02,4.341558e-02,1.068409e-02,3.337909e-03,1.423528e-03,8.870905e-02,1.455139e-01,1.234307e-01,8.069548e-02,1.654343e-01,1.986797e-01,5.847821e-02
1.369568e-02,5.146400e-03,1.653639e-03,3.697555e-02,5.163886e-02,7.680953e-03,2.411371e-03,1.207391e-03,1.195557e-01,1.254824e-01,9.534369e-02,7.383447e-02,1.372880e-01,2.777376e-01,5.034840e-02
9.977976e-03,4.079703e-03,1.397428e-03,2.630244e-02,6.194424e-02,5.707104e-03,1.732063e-03,1.001845e-03,2.083869e-01,1.057150e-01,7.959201e-02,5.968775e-02,1.148783e-01,2.652531e-01,5.434406e-02
7.169577e-03,3.497314e-03,1.150465e-03,1.862121e-02,4.467547e-02,4.575599e-03,1.248619e-03,7.434533e-04,2.994762e-01,7.856750e-02,7.044952e-02,4.662572e-02,9.555669e-02,2.688923e-01,5.875035e-02
5.198185e-03,3.800513e-03,1.201407e-03,1.338303e-02,3.145020e-02,1.310150e-02,9.341415e-04,5.485395e-04,3.115240e-01,6.371181e-02,6.012244e-02,3.577736e-02,7.690775e-02,3.119773e-01,7.036179e-02
3.752341e-03,5.021338e-03,2.939925e-03,9.440279e-03,2.276074e-02,1.023531e-02,7.090996e-04,4.281198e-04,3.310182e-01,4.678714e-02,5.351716e-02,2.713211e-02,5.774195e-02,3.592895e-01,6.922674e-02
2.946605e-03,6.109225e-03,4.208216e-03,6.633498e-03,1.792213e-02,7.461010e-03,5.257555e-04,3.155238e-04,3.879288e-01,3.484160e-02,5.674978e-02,1.978822e-02,4.477869e-02,3.465973e-01,6.319363e-02
3.452250e-03,1.208592e-02,8.179426e-03,4.906556e-03,1.318974e-02,6.583099e-03,4.970878e-04,3.111789e-04,3.189392e-01,2.529151e-02,4.405715e-02,1.395078e-02,3.164615e-02,4.642033e-01,5.270667e-02
6.225065e-03,1.061064e-02,7.543790e-03,3.842264e-03,1.094320e-02,6.712378e-03,3.721952e-04,4.258490e-04,4.024628e-01,2.008146e-02,3.193071e-02,9.778365e-03,2.250944e-02,4.030191e-01,6.354266e-02
5.415657e-03,8.812028e-03,8.483496e-03,9.822126e-03,1.166841e-02,6.553939e-03,2.836964e-04,1.021285e-03,5.547261e-01,1.448636e-02,2.279881e-02,6.886039e-03,1.590336e-02,2.861894e-01,4.694927e-02
1.021337e-02,1.021597e-02,1.778410e-02,8.816515e-03,1.884348e-02,4.640060e-02,3.000264e-04,2.784444e-03,5.504423e-01,1.075059e-02,1.708264e-02,4.903219e-03,1.138963e-02,2.531810e-01,3.689211e-02
1.558960e-02,8.307312e-03,2.962480e-02,1.034892e-02,3.286779e-02,4.669672e-02,4.207234e-04,1.656945e-02,5.611123e-01,8.335746e-03,1.270184e-02,3.517887e-03,8.174636e-03,2.182866e-01,2.744571e-02
2.616307e-02,8.892150e-03,6.579014e-02,1.914103e-02,5.483803e-02,3.476420e-02,3.297753e-04,1.732383e-02,5.241989e-01,1.088750e-02,1.033404e-02,2.557901e-03,5.950789e-03,1.768132e-01,4.201541e-02
3.205320e-02,8.727826e-03,1.661455e-01,4.953236e-02,6.146175e-02,2.595572e-02,3.521049e-04,2.295363e-02,4.010904e-01,9.641662e-03,7.818642e-03,1.858296e-03,4.282668e-03,1.741774e-01,3.394886e-02
5.066715e-02,9.216745e-03,1.518829e-01,4.230276e-02,7.097652e-02,1.945758e-02,3.990075e-04,2.218221e-02,3.325652e-01,1.129017e-02,6.965154e-03,1.425346e-03,3.230749e-03,2.478213e-01,2.961724e-02
6.440298e-02,9.440778e-03,1.274172e-01,4.895566e-02,1.007057e-01,1.617243e-02,7.985233e-04,2.996682e-02,3.279024e-01,9.589383e-03,5.602541e-03,1.366235e-03,2.766072e-03,2.282454e-01,2.666792e-02
6.917772e-02,7.846939e-03,9.452151e-02,3.686086e-02,1.123520e-01,1.361121e-02,7.870254e-04,2.436823e-02,3.312138e-01,1.207266e-02,5.514284e-03,1.209665e-03,2.140312e-03,2.628981e-01,2.542585e-02
8.508401e-02,7.235842e-03,7.190020e-02,2.789826e-02,9.695617e-02,1.301931e-02,7.730772e-04,2.330271e-02,4.050881e-01,1.359260e-02,5.654561e-03,1.254225e-03,1.794984e-03,2.253486e-01,2.109743e-02
9.378800e-02,6.103482e-03,5.277687e-02,2.065727e-02,8.271915e-02,1.212510e-02,6.843049e-04,1.871501e-02,4.845375e-01,3.543920e-02,5.358041e-03,1.131707e-03,1.417918e-03,1.687317e-01,1.581472e-02
7.951516e-02,2.293742e-02,3.799841e-02,9.378823e-02,6.281688e-02,1.066920e-02,5.780737e-04,1.353653e-02,4.169564e-01,4.236440e-02,1.005187e-02,4.020333e-03,9.308284e-03,1.197747e-01,7.568409e-02
6.291502e-02,2.236593e-02,2.859923e-02,8.124490e-02,4.466387e-02,9.643213e-03,5.430438e-04,9.843925e-03,3.406549e-01,5.627130e-02,2.815896e-02,2.567254e-02,2.948928e-02,1.202020e-01,1.397320e-01
8.503371e-02,2.044592e-02,2.169132e-02,6.638572e-02,3.254779e-02,1.156836e-02,7.770154e-04,7.544656e-03,3.216182e-01,6.651666e-02,3.670996e-02,2.179890e-02,2.989528e-02,1.213160e-01,1.561505e-01
6.535788e-02,1.741298e-02,1.624615e-02,4.734803e-02,2.303800e-02,8.784812e-03,6.389922e-04,5.405342e-03,2.612811e-01,6.953853e-02,3.933135e-02,1.962226e-02,3.003919e-02,2.191834e-01,1.767720e-01
5.408046e-02,1.827465e-02,1.220246e-02,3.443846e-02,1.667703e-02,6.492747e-03,6.379557e-04,4.133377e-03,2.833770e-01,5.535794e-02,4.735669e-02,2.531920e-02,4.405165e-02,2.468237e-01,1.507767e-01
4.159705e-02,1.519779e-02,8.750643e-03,2.595943e-02,1.180482e-02,4.881186e-03,5.790493e-04,3.055261e-03,3.435173e-01,5.009779e-02,7.860266e-02,3.064886e-02,4.125170e-02,2.159517e-01,1.281048e-01
3.997661e-02,1.281174e-02,7.641295e-03,2.442563e-02,1.075890e-02,3.773672e-03,6.900921e-04,3.159347e-03,3.425413e-01,3.763304e-02,1.519490e-01,4.299346e-02,3.853694e-02,1.678045e-01,1.153045e-01
3.227916e-02,1.007718e-02,5.792604e-03,2.128543e-02,8.090492e-03,2.810760e-03,5.575599e-04,2.496878e-03,3.498837e-01,2.774024e-02,2.336367e-01,5.452342e-02,3.446689e-02,1.325673e-01,8.379167e-02
2.428175e-02,7.366414e-03,4.104181e-03,1.523950e-02,5.901339e-03,2.232568e-03,4.439093e-04,1.905028e-03,2.610091e-01,2.013636e-02,3.690168e-01,1.043087e-01,2.873338e-02,9.604625e-02,5.927474e-02
1.805487e-02,6.293984e-03,2.991197e-03,1.107112e-02,5.119645e-03,2.285638e-03,5.531907e-04,2.042477e-03,1.979287e-01,1.553655e-02,4.361287e-01,1.565638e-01,3.264914e-02,7.014225e-02,4.263879e-02
1.399429e-02,5.026332e-03,2.256918e-03,8.052748e-03,4.908413e-03,1.900883e-03,4.591407e-04,1.737004e-03,1.466027e-01,1.297261e-02,3.721578e-01,3.187092e-01,3.061722e-02,5.047289e-02,3.013190e-02
1.119227e-02,1.622011e-02,3.244866e-03,5.959682e-03,7.931625e-03,2.397706e-03,8.625801e-04,2.029741e-03,3.212587e-01,9.953603e-03,2.874911e-01,2.484171e-01,2.461370e-02,3.673553e-02,2.169176e-02
8.176719e-03,3.460184e-02,4.230607e-03,4.343616e-03,4.515539e-02,3.761390e-03,7.612598e-04,3.115119e-03,4.289786e-01,7.151683e-03,2.114229e-01,1.875122e-01,1.890645e-02,2.643457e-02,1.544759e-02
5.779607e-03,2.840181e-02,3.424793e-03,3.270382e-03,3.385277e-02,3.274005e-03,5.760872e-04,3.482491e-03,5.885360e-01,5.204405e-03,1.491759e-01,1.317955e-01,1.367146e-02,1.864026e-02,1.091458e-02
4.130051e-03,2.529556e-02,2.863455e-03,7.319701e-03,2.613127e-02,3.307340e-03,4.115005e-04,2.682243e-03,6.937866e-01,4.703093e-03,1.060743e-01,9.239803e-02,1.002883e-02,1.307380e-02,7.794162e-03
3.982252e-03,2.001482e-02,3.048227e-03,8.153892e-03,3.181667e-02,3.083000e-03,3.117135e-04,5.264514e-03,7.589259e-01,3.798042e-03,7.493303e-02,6.473099e-02,7.199089e-03,9.199436e-03,5.538412e-03
4.092253e-03,2.404671e-02,4.004395e-03,8.156805e-02,2.913818e-02,3.881676e-03,2.376758e-04,4.427196e-03,7.201473e-01,6.422996e-03,5.627607e-02,4.572650e-02,5.482378e-03,6.578848e-03,7.969848e-03
6.393217e-03,2.744061e-02,4.082605e-03,6.342660e-02,4.710513e-02,3.951638e-03,2.710467e-04,3.997159e-03,7.407111e-01,7.179568e-03,4.400495e-02,3.247809e-02,4.215686e-03,5.008509e-03,9.734109e-03
6.291158e-03,3.136082e-02,4.028765e-03,7.909313e-02,4.291549e-02,3.166900e-03,2.308563e-04,3.003141e-02,7.203221e-01,9.838266e-03,3.299236e-02,2.310131e-02,3.356648e-03,3.789649e-03,9.481057e-03
6.033544e-03,4.489270e-02,4.315291e-03,9.337957e-02,3.348797e-02,2.683020e-03,1.884494e-04,3.200987e-02,7.104671e-01,1.429550e-02,2.430390e-02,1.630429e-02,2.617023e-03,2.753192e-03,1.226858e-02
4.716631e-03,4.639041e-02,5.000430e-03,1.376757e-01,2.451815e-02,2.257125e-03,1.400781e-04,2.384959e-02,6.638108e-01,2.797195e-02,2.792684e-02,1.203611e-02,4.106459e-03,2.056109e-03,1.754348e-02
6.924257e-03,4.874548e-02,5.921535e-03,1.579590e-01,2.143836e-02,2.912774e-03,2.156855e-04,2.307185e-02,5.449470e-01,3.385104e-02,1.098582e-01,1.172024e-02,9.740753e-03,2.698648e-03,1.999510e-02
5.702905e-03,4.499276e-02,7.124078e-03,1.492980e-01,1.615704e-02,3.283313e-03,1.705191e-04,1.714249e-02,4.040052e-01,7.629892e-02,2.204906e-01,1.261603e-02,2.161030e-02,3.688049e-03,1.741970e-02
4.185889e-03,3.369619e-02,5.385811e-03,1.372004e-01,1.198180e-02,3.149586e-03,1.454947e-04,1.211261e-02,2.914985e-01,1.673903e-01,2.845446e-01,1.082099e-02,1.841704e-02,5.428988e-03,1.404178e-02
3.144932e-03,2.513084e-02,4.979609e-03,1.146587e-01,8.714524e-03,2.921606e-03,1.210995e-04,8.656040e-03,2.270697e-01,2.877671e-01,2.594600e-01,1.167458e-02,2.531419e-02,5.569386e-03,1.481773e-02
2.863194e-03,1.858196e-02,6.563348e-03,8.255507e-02,8.130164e-03,8.836066e-03,2.058783e-04,7.306806e-03,1.665264e-01,3.019079e-01,3.161288e-01,1.163635e-02,4.392293e-02,1.094689e-02,1.388824e-02
2.489740e-03,1.366141e-02,5.905041e-03,5.830308e-02,6.174405e-03,6.983192e-03,1.651696e-04,5.178473e-03,1.197730e-01,4.821773e-01,2.267965e-01,1.084235e-02,3.344240e-02,1.659355e-02,1.151437e-02
2.435252e-03,1.008545e-02,4.468815e-03,4.084642e-02,4.408130e-03,5.313358e-03,1.355007e-04,3.637296e-03,8.410428e-02,5.904997e-01,1.644180e-01,8.753779e-03,2.455878e-02,4.615943e-02,1.017580e-02
1.866370e-03,7.413437e-03,3.337553e-03,2.860215e-02,3.159741e-03,4.087231e-03,1.076799e-04,2.553121e-03,5.946945e-02,5.759221e-01,1.310936e-01,7.166290e-03,1.799148e-02,1.484870e-01,8.742800e-03
4.300442e-02,1.375581e-02,1.352927e-02,2.285604e-02,4.828008e-03,1.032209e-02,4.823972e-04,6.347615e-03,5.644532e-02,4.822083e-01,1.339288e-01,1.014975e-02,1.695875e-02,1.674411e-01,1.774227e-02
7.618836e-02,1.693661e-02,1.838366e-02,1.711833e-02,5.167512e-03,1.681181e-02,6.979865e-04,7.282278e-03,4.559156e-02,4.268101e-01,1.255739e-01,9.535875e-03,1.409224e-02,2.016828e-01,1.812690e-02
5.554164e-02,1.200528e-02,1.357914e-02,1.201221e-02,4.179168e-03,1.268626e-02,5.065022e-04,5.126391e-03,3.223863e-02,5.443942e-01,9.362005e-02,7.167140e-03,1.043274e-02,1.812207e-01,1.528994e-02
3.974269e-02,8.637181e-03,9.630998e-03,8.435510e-03,3.603423e-03,9.666799e-03,3.757619e-04,3.621019e-03,2.292245e-02,6.508275e-01,6.866606e-02,5.163156e-03,7.588484e-03,1.481836e-01,1.293530e-02
3.017622e-02,6.586272e-03,7.083338e-03,6.095427e-03,3.446762e-03,7.693441e-03,2.836752e-04,2.705529e-03,1.767750e-02,7.362766e-01,5.382854e-02,4.293123e-03,8.469398e-03,1.055534e-01,9.830760e-03
3.982277e-02,6.182250e-03,2.171839e-02,7.618926e-03,6.650336e-03,9.064136e-03,5.943154e-04,6.079378e-03,1.715799e-02,7.514372e-01,3.940405e-02,3.526734e-03,8.260828e-03,7.452398e-02,7.958708e-03
3.679595e-02,1.266693e-02,1.835730e-02,7.797322e-03,1.667766e-02,7.822979e-03,6.490368e-04,8.361734e-03,5.029532e-02,7.389071e-01,2.977400e-02,3.214612e-03,7.778201e-03,5.367246e-02,7.229397e-03
3.749356e-02,7.331885e-02,1.576290e-02,1.668951e-02,1.968542e-02,9.334823e-03,1.963613e-03,1.255584e-02,8.733818e-02,6.474781e-01,2.365449e-02,3.736193e-03,7.107674e-03,3.809844e-02,5.782415e-03
3.420186e-02,1.288568e-01,1.137372e-02,1.420541e-02,2.345722e-02,1.004186e-02,1.706620e-03,1.120907e-02,1.515254e-01,5.539903e-01,1.903969e-02,3.608621e-03,5.581510e-03,2.679901e-02,4.402881e-03
3.267722e-02,9.681305e-02,8.790917e-03,1.418201e-01,3.325175e-02,1.282528e-02,1.743909e-03,2.748817e-02,2.024311e-01,3.973055e-01,1.428160e-02,3.473976e-03,4.534747e-03,1.880913e-02,3.753551e-03
6.682432e-02,7.557272e-02,9.060275e-03,2.099427e-01,4.321902e-02,1.243130e-02,2.453957e-03,3.314558e-02,2.046449e-01,3.028632e-01,1.358512e-02,4.723749e-03,4.214710e-03,1.341549e-02,3.902971e-03
6.297453e-02,5.555917e-02,1.421968e-02,3.369886e-01,4.214755e-02,1.031289e-02,2.143828e-03,5.813002e-02,1.703894e-01,2.145073e-01,1.209044e-02,3.787694e-03,3.982701e-03,9.493175e-03,3.273116e-03
8.035529e-02,4.581451e-02,4.484309e-02,3.081333e-01,3.878529e-02,9.926282e-03,1.769585e-03,5.429238e-02,1.555407e-01,1.748806e-01,1.490688e-02,4.932812e-03,4.530611e-03,8.641478e-03,5.264725e-02
7.997631e-02,3.703503e-02,3.380492e-02,2.428572e-01,4.293638e-02,7.724784e-03,1.414932e-03,2.060511e-01,1.406553e-01,1.341879e-01,1.859924e-02,4.394378e-03,4.407831e-03,6.279184e-03,3.967547e-02
6.278717e-02,2.666514e-02,2.415419e-02,1.720970e-01,4.719305e-02,5.548326e-03,1.046282e-03,4.071244e-01,1.061021e-01,9.405817e-02,1.457946e-02,3.140594e-03,3.237764e-03,4.411186e-03,2.785508e-02
4.680166e-02,1.876126e-02,1.707797e-02,1.210874e-01,3.483458e-02,4.399808e-03,8.109049e-04,5.779968e-01,7.444298e-02,6.592022e-02,1.060714e-02,2.220167e-03,2.410430e-03,3.093837e-03,1.953484e-02
3.502959e-02,1.317153e-02,1.208883e-02,8.514633e-02,2.542347e-02,5.156958e-03,6.536298e-04,6.979911e-01,5.218689e-02,4.616953e-02,7.596590e-03,1.600258e-03,1.915242e-03,2.174061e-03,1.369601e-02
2.530883e-02,9.477996e-03,9.490032e-03,6.084385e-02,1.798178e-02,4.190180e-03,4.937305e-04,6.680111e-01,3.671327e-02,3.589699e-02,4.291379e-02,2.021492e-02,5.432162e-02,4.081769e-03,1.006019e-02
1.823934e-02,6.752902e-03,6.891565e-03,4.389516e-02,1.271183e-02,3.793044e-03,3.939691e-04,6.557985e-01,2.590267e-02,2.584966e-02,4.262082e-02,7.102345e-02,7.361811e-02,5.347705e-03,7.161366e-03
1.351581e-02,4.766239e-03,4.943850e-03,3.105990e-02,8.975435e-03,5.399267e-03,3.332525e-04,4.857597e-01,1.892388e-02,1.819930e-02,3.488413e-02,2.902741e-01,7.251795e-02,5.343717e-03,5.103513e-03
9.845116e-03,3.376301e-03,3.583741e-03,2.201610e-02,6.333472e-03,4.558685e-03,2.829799e-04,3.441316e-01,1.408121e-02,1.310852e-02,2.995954e-02,4.824608e-01,5.724806e-02,5.362276e-03,3.651618e-03
7.198740e-03,2.416673e-03,2.769890e-03,1.557931e-02,4.639431e-03,4.311043e-03,2.404867e-04,2.435657e-01,1.107626e-02,9.473141e-03,2.442496e-02,6.193689e-01,4.795466e-02,4.374422e-03,2.606463e-03
5.132808e-03,1.816235e-03,2.339639e-03,1.106307e-02,4.299177e-03,6.916440e-03,1.907926e-04,1.711477e-01,9.127473e-03,6.930447e-03,2.301916e-02,7.166948e-01,3.605855e-02,3.352748e-03,1.911010e-03
3.689054e-03,1.865302e-03,3.259101e-03,7.818313e-03,4.309754e-03,6.697606e-03,1.691198e-04,1.203857e-01,8.292384e-03,5.754174e-03,2.210809e-02,7.846467e-01,2.697933e-02,2.583385e-03,1.441997e-03
2.610747e-03,2.183733e-03,6.406602e-03,5.510978e-03,4.399416e-03,5.158236e-03,5.355519e-04,8.452004e-02,7.313589e-03,1.243243e-02,1.809118e-02,8.275696e-01,1.992492e-02,2.112535e-03,1.230463e-03
1.978105e-03,2.383865e-03,1.201922e-02,4.080974e-03,3.404795e-02,4.307449e-03,8.065191e-04,5.974085e-02,9.128717e-03,3.686618e-02,2.537353e-02,7.888013e-01,1.619097e-02,3.036520e-03,1.237879e-03
1.509823e-03,2.411435e-03,1.870692e-02,3.008308e-03,4.894699e-02,3.516938e-03,1.325425e-03,4.238269e-02,1.033740e-02,5.753347e-02,3.231195e-02,7.598047e-01,1.344191e-02,3.588927e-03,1.173074e-03
1.440943e-03,1.800535e-03,1.341129e-02,2.340201e-03,5.830424e-02,3.502012e-03,1.122711e-03,2.981185e-02,8.911503e-03,5.296727e-02,4.569613e-02,7.482177e-01,2.398438e-02,7.509310e-03,9.799062e-04
1.541561e-03,1.339030e-03,9.559461e-03,1.986657e-03,4.856176e-02,5.670549e-03,1.200297e-03,2.101690e-02,7.422063e-03,5.826023e-02,4.715411e-02,7.551296e-01,3.098622e-02,9.363810e-03,8.077229e-04
1.385652e-03,1.177824e-03,7.135974e-03,1.655107e-03,4.546144e-02,6.051627e-03,9.926620e-04,1.484342e-02,8.437402e-03,4.861288e-02,4.537839e-02,7.778752e-01,2.884920e-02,1.133118e-02,8.120791e-04
1.138264e-03,9.913660e-04,6.031713e-03,1.639074e-03,7.250156e-02,7.714548e-03,1.406878e-03,1.110039e-02,1.541086e-02,3.577838e-02,3.664487e-02,7.733327e-01,2.592821e-02,9.637548e-03,7.436437e-04
1.096576e-03,9.286239e-04,5.353104e-03,1.305682e-03,1.769525e-01,1.024507e-02,4.366476e-03,8.990072e-03,2.085810e-02,2.593373e-02,3.023819e-02,6.819577e-01,2.360614e-02,7.531736e-03,6.363543e-04
1.202112e-03,8.166549e-04,5.127753e-03,1.075113e-03,1.594165e-01,5.413773e-02,3.972372e-03,1.225663e-02,2.056018e-02,1.872155e-02,2.907090e-02,6.586704e-01,2.851110e-02,5.899908e-03,5.611039e-04
1.469687e-03,7.639806e-04,4.296578e-03,9.025072e-04,1.472625e-01,6.247155e-02,3.469134e-03,1.292689e-02,1.957870e-02,1.356006e-02,3.149388e-02,6.688140e-01,2.790435e-02,4.596465e-03,4.896905e-04
3.407404e-03,7.520908e-04,4.103442e-03,8.548473e-04,1.633018e-01,4.734986e-02,3.595474e-03,2.062395e-02,1.667327e-02,1.000043e-02,5.902378e-02,6.210424e-01,4.424846e-02,4.485521e-03,5.373246e-04
5.542802e-03,6.535452e-04,3.180403e-03,7.933148e-04,1.319066e-01,3.610205e-02,2.745790e-03,2.460877e-02,1.297273e-02,7.334588e-03,6.374357e-02,6.477733e-01,5.712584e-02,4.936394e-03,5.802933e-04
9.915167e-03,5.081680e-04,2.566141e-03,6.478758e-04,1.088028e-01,2.668579e-02,2.224784e-03,3.877901e-02,9.821439e-03,5.328994e-03,6.768632e-02,6.419958e-01,7.931688e-02,5.247451e-03,4.734183e-04
1.275947e-02,3.867894e-04,2.155602e-03,5.184158e-04,8.128923e-02,2.105680e-02,1.671212e-03,3.458894e-02,7.032525e-03,3.835562e-03,5.239773e-02,7.051703e-01,7.200696e-02,4.754452e-03,3.760886e-04
3.238992e-02,3.961684e-04,1.926353e-03,6.080027e-04,1.030837e-01,1.601441e-02,2.119300e-03,3.230276e-02,5.659251e-03,2.836881e-03,5.999310e-02,6.675869e-01,6.762569e-02,7.005525e-03,4.520494e-04
8.698398e-02,1.507209e-03,1.094294e-02,7.034111e-03,1.157862e-01,1.945321e-02,2.007819e-03,4.643997e-02,8.376599e-03,2.127200e-03,6.399269e-02,5.708044e-01,5.503917e-02,8.749889e-03,7.547259e-04
1.185556e-01,2.128884e-03,3.162602e-02,1.852105e-02,1.119243e-01,2.383605e-02,4.182273e-03,6.403168e-02,9.944767e-03,1.691983e-03,6.835626e-02,4.914566e-01,4.346756e-02,9.151948e-03,1.125041e-03
1.384292e-01,3.704817e-03,3.338011e-02,2.227231e-02,1.326262e-01,2.459639e-02,4.910138e-03,5.857490e-02,1.188983e-02,1.493163e-03,1.102424e-01,4.093757e-01,3.354176e-02,1.148618e-02,3.476853e-03
1.455567e-01,5.446210e-03,6.020237e-02,3.505504e-02,1.393964e-01,2.927837e-02,7.237441e-03,8.435328e-02,1.507465e-02,1.346072e-03,1.105950e-01,3.220672e-01,2.923084e-02,1.045382e-02,4.706589e-03
1.414665e-01,6.688636e-03,6.117667e-02,4.358575e-02,1.410507e-01,4.412785e-02,7.421440e-03,7.606889e-02,1.891249e-02,1.172019e-03,1.288504e-01,2.861337e-01,2.922659e-02,8.994154e-03,5.124287e-03
1.130458e-01,1.745866e-02,9.209423e-02,1.136835e-01,1.063036e-01,3.307608e-02,5.629584e-03,5.628075e-02,1.175085e-01,2.714319e-03,9.132048e-02,2.015742e-01,2.168313e-02,6.777892e-03,2.084919e-02
1.017718e-01,2.303149e-02,8.915056e-02,8.760431e-02,8.121078e-02,3.868648e-02,5.311877e-03,6.335783e-02,2.297202e-01,6.721217e-03,7.003374e-02,1.427438e-01,2.130556e-02,5.386063e-03,3.396437e-02
8.309299e-02,2.141806e-02,6.525935e-02,6.633054e-02,5.952224e-02,3.518648e-02,4.412573e-03,4.721461e-02,3.291657e-01,1.037793e-02,5.506079e-02,1.006211e-01,5.092983e-02,4.063094e-03,6.734475e-02
7.123595e-02,3.079688e-02,5.781760e-02,5.471991e-02,4.300035e-02,2.816337e-02,3.458966e-03,3.400953e-02,4.536238e-01,1.116006e-02,4.001001e-02,7.104031e-02,4.140594e-02,3.748310e-03,5.580902e-02
6.912112e-02,3.258429e-02,4.263070e-02,4.751046e-02,3.358836e-02,2.862647e-02,3.345945e-03,2.570635e-02,4.026109e-01,1.035580e-02,3.729524e-02,5.234206e-02,1.524979e-01,3.699394e-03,5.808498e-02
9.783241e-02,2.550921e-02,3.212111e-02,3.583344e-02,2.694366e-02,2.267666e-02,4.169381e-03,2.095326e-02,2.854888e-01,7.779751e-03,2.776487e-02,3.864668e-02,3.203435e-01,4.986448e-03,4.895084e-02
1.441993e-01,1.937022e-02,3.219828e-02,2.994552e-02,2.458457e-02,2.490807e-02,5.951117e-03,3.130230e-02,2.128403e-01,7.504744e-03,2.526889e-02,3.143565e-02,3.144646e-01,7.074446e-03,8.895199e-02
1.553548e-01,1.553824e-02,2.362149e-02,3.611889e-02,2.794183e-02,2.307642e-02,8.074502e-03,3.645732e-02,1.760835e-01,5.975817e-03,2.536336e-02,3.943718e-02,3.442540e-01,6.382120e-03,7.632049e-02
1.845490e-01,1.455443e-02,2.446233e-02,5.984582e-02,3.307100e-02,2.191472e-02,7.552884e-03,1.090847e-01,1.447040e-01,5.048806e-03,2.070951e-02,3.317352e-02,2.796924e-01,5.021791e-03,5.661507e-02
2.149626e-01,1.391261e-02,2.751937e-02,1.061013e-01,4.859072e-02,2.257599e-02,1.521199e-02,9.185793e-02,1.560139e-01,4.026843e-03,1.623400e-02,2.593036e-02,2.105160e-01,3.722043e-03,4.282426e-02
1.901030e-01,1.214278e-02,9.670393e-02,1.115066e-01,6.302390e-02,1.902392e-02,2.407723e-02,7.945938e-02,1.807662e-01,3.266572e-03,1.192410e-02,1.862254e-02,1.546715e-01,2.625833e-03,3.208260e-02
1.785611e-01,1.493128e-02,8.560757e-02,1.569017e-01,6.200242e-02,1.648637e-02,2.269021e-02,7.195291e-02,2.227359e-01,4.327777e-03,1.098955e-02,1.434324e-02,1.123726e-01,1.886469e-03,2.421093e-02
1.732552e-01,1.281251e-02,7.436660e-02,1.407589e-01,8.452564e-02,1.387672e-02,2.248519e-02,1.040503e-01,2.471908e-01,3.757853e-03,9.464383e-03,1.134710e-02,8.331143e-02,1.405924e-03,1.739146e-02
2.682707e-01,1.338707e-02,5.464729e-02,1.158619e-01,9.629995e-02,1.304525e-02,1.874932e-02,1.004476e-01,2.211124e-01,2.763795e-03,8.149494e-03,1.205011e-02,6.151937e-02,1.138947e-03,1.255682e-02
2.271916e-01,1.017999e-02,3.955106e-02,1.051085e-01,1.132418e-01,1.086541e-02,1.724052e-02,2.304083e-01,1.717016e-01,2.004319e-03,6.906390e-03,9.336664e-03,4.643265e-02,8.614460e-04,8.969746e-03
2.045978e-01,1.113066e-02,3.239862e-02,9.817692e-02,1.170923e-01,1.507910e-02,1.625670e-02,3.063768e-01,1.342117e-01,2.162884e-03,9.373537e-03,7.651630e-03,3.565862e-02,1.072310e-03,8.760459e-03
1.437539e-01,8.078971e-03,2.366889e-02,1.143670e-01,8.453000e-02,1.127598e-02,1.186933e-02,2.285431e-01,9.743125e-02,9.705447e-03,1.776354e-01,9.940682e-03,7.048468e-02,1.101241e-03,7.614193e-03
1.008069e-01,6.121174e-03,1.898094e-02,1.121686e-01,6.270583e-02,1.081574e-02,9.601396e-03,1.715808e-01,8.562511e-02,5.835249e-02,2.170044e-01,3.933969e-02,8.833621e-02,6.620647e-03,1.194005e-02
7.068826e-02,4.501543e-03,1.364162e-02,9.272232e-02,4.714788e-02,8.872768e-03,7.337688e-03,1.219262e-01,9.029049e-02,5.347119e-02,2.147174e-01,9.329966e-02,1.381437e-01,2.909439e-02,1.414499e-02
4.980411e-02,3.516139e-03,9.934402e-03,7.203972e-02,4.114807e-02,1.014387e-02,5.697601e-03,8.720481e-02,1.290104e-01,5.485861e-02,2.148103e-01,1.089568e-01,1.483339e-01,4.554463e-02,1.899674e-02
3.706724e-02,2.767816e-03,7.734545e-03,5.485009e-02,3.324582e-02,1.226709e-02,4.224218e-03,6.456812e-02,1.328396e-01,4.242371e-02,2.705335e-01,1.021467e-01,1.241706e-01,8.525634e-02,2.590467e-02
2.668271e-02,2.174450e-03,5.965095e-03,3.980056e-02,2.354963e-02,9.745232e-03,3.037888e-03,4.653373e-02,1.257092e-01,3.083698e-02,3.983577e-01,8.344376e-02,8.829077e-02,9.729432e-02,1.857805e-02
1.946828e-02,1.756713e-03,5.373201e-03,2.998096e-02,1.708069e-02,7.617655e-03,2.268974e-03,3.574830e-02,1.041542e-01,2.220038e-02,4.845414e-01,6.639892e-02,6.384891e-02,1.261001e-01,1.346125e-02
1.446136e-02,1.542267e-03,4.096205e-03,2.121228e-02,1.226202e-02,5.768602e-03,1.618938e-03,2.510795e-02,7.611424e-02,1.601528e-02,4.867235e-01,5.297215e-02,4.548133e-02,2.269022e-01,9.721578e-03
1.077019e-02,1.576753e-03,3.050118e-03,1.522716e-02,9.547323e-03,5.611869e-03,1.219017e-03,1.768003e-02,5.503855e-02,1.177335e-02,5.158018e-01,4.396744e-02,3.286200e-02,2.687852e-01,7.089118e-03
8.324528e-03,1.766046e-03,2.599228e-03,1.137139e-02,1.827751e-02,4.864709e-03,1.963826e-03,1.287205e-02,4.292064e-02,9.726165e-03,5.149142e-01,4.602685e-02,2.498686e-02,2.937610e-01,5.625032e-03
6.341322e-03,1.705944e-03,2.325725e-03,8.355904e-03,2.285004e-02,5.149926e-03,3.970464e-03,1.063197e-02,5.433271e-02,7.562509e-03,5.810215e-01,4.142148e-02,2.099567e-02,2.289224e-01,4.412387e-03
5.287016e-03,2.091347e-03,2.303639e-03,6.307327e-03,2.984010e-02,5.597319e-03,3.737733e-03,8.511825e-03,5.081663e-02,6.414870e-03,6.361915e-01,4.075035e-02,1.780089e-02,1.810441e-01,3.305324e-03
4.008908e-03,2.201880e-03,1.752648e-03,4.536565e-03,2.284824e-02,4.626676e-03,2.788025e-03,6.023113e-03,3.971664e-02,5.499199e-03,6.858028e-01,6.594241e-02,1.428782e-02,1.375825e-01,2.382616e-03
3.105685e-03,7.488795e-03,1.469528e-03,3.235668e-03,1.785131e-02,3.865851e-03,2.240414e-03,4.316855e-03,4.773480e-02,8.656656e-03,6.949337e-01,8.730210e-02,1.104612e-02,1.049724e-01,1.780119e-03
2.728353e-03,6.859520e-03,1.189214e-03,2.296038e-03,2.035927e-02,6.311415e-03,2.310620e-03,3.849478e-03,1.369874e-01,1.318754e-02,6.343566e-01,7.932663e-02,9.312823e-03,7.918714e-02,1.737918e-03
2.126406e-03,6.682981e-03,1.111224e-03,1.661714e-03,1.759249e-02,5.268405e-03,1.799336e-03,2.989551e-03,1.708741e-01,1.379619e-02,6.349062e-01,7.363187e-02,8.891353e-03,5.719179e-02,1.476411e-03
2.039864e-03,1.164532e-02,1.283356e-03,1.337617e-03,1.471107e-02,4.947931e-03,1.371479e-03,2.252626e-03,2.250335e-01,1.417443e-02,5.436754e-01,1.221173e-01,1.089692e-02,4.325852e-02,1.254560e-03
1.882836e-03,2.331619e-02,1.785346e-03,1.137118e-03,1.268920e-02,4.779223e-03,1.260160e-03,2.245575e-03,3.232962e-01,1.345961e-02,4.685449e-01,1.046280e-01,9.115188e-03,3.074218e-02,1.118133e-03
1.734313e-03,4.128618e-02,1.868551e-03,8.748604e-04,1.039862e-02,4.526364e-03,1.211009e-03,2.109020e-03,4.824437e-01,1.068837e-02,3.380129e-01,7.533049e-02,6.972228e-03,2.161638e-02,9.269352e-04
