1.000000e+00,0.000000e+00,0.000000e+00,0.000000e+00,0.000000e+00,0.000000e+00,0.000000e+00,0.000000e+00,0.000000e+00,0.000000e+00,0.000000e+00,0.000000e+00,0.000000e+00,0.000000e+00,0.000000e+00
1.000000e+00,0.000000e+00,0.000000e+00,0.000000e+00,0.000000e+00,0.000000e+00,0.000000e+00,0.000000e+00,0.000000e+00,0.000000e+00,0.000000e+00,0.000000e+00,0.000000e+00,0.000000e+00,0.000000e+00
1.000000e+00,0.000000e+00,0.000000e+00,0.000000e+00,0.000000e+00,0.000000e+00,0.000000e+00,0.000000e+00,0.000000e+00,0.000000e+00,0.000000e+00,0.000000e+00,0.000000e+00,0.000000e+00,0.000000e+00
1.000000e+00,0.000000e+00,0.000000e+00,0.000000e+00,0.000000e+00,0.000000e+00,0.000000e+00,0.000000e+00,0.000000e+00,0.000000e+00,0.000000e+00,0.000000e+00,0.000000e+00,0.000000e+00,0.000000e+00
1.000000e+00,0.000000e+00,0.000000e+00,0.000000e+00,0.000000e+00,0.000000e+00,0.000000e+00,0.000000e+00,0.000000e+00,0.000000e+00,0.000000e+00,0.000000e+00,0.000000e+00,0.000000e+00,0.000000e+00
1.000000e+00,0.000000e+00,0.000000e+00,0.000000e+00,0.000000e+00,0.000000e+00,0.000000e+00,0.000000e+00,0.000000e+00,0.000000e+00,0.000000e+00,0.000000e+00,0.000000e+00,0.000000e+00,0.000000e+00
1.000000e+00,0.000000e+00,0.000000e+00,0.000000e+00,0.000000e+00,0.000000e+00,0.000000e+00,0.000000e+00,0.000000e+00,0.000000e+00,0.000000e+00,0.000000e+00,0.000000e+00,0.000000e+00,0.000000e+00
1.000000e+00,0.000000e+00,0.000000e+00,0.000000e+00,0.000000e+00,0.000000e+00,0.000000e+00,0.000000e+00,0.000000e+00,0.000000e+00,0.000000e+00,0.000000e+00,0.000000e+00,0.000000e+00,0.000000e+00
1.000000e+00,0.000000e+00,0.000000e+00,0.000000e+00,0.000000e+00,0.000000e+00,0.000000e+00,0.000000e+00,0.000000e+00,0.000000e+00,0.000000e+00,0.000000e+00,0.000000e+00,0.000000e+00,0.000000e+00
1.000000e+00,0.000000e+00,0.000000e+00,0.000000e+00,0.000000e+00,0.000000e+00,0.000000e+00,0.000000e+00,0.000000e+00,0.000000e+00,0.000000e+00,0.000000e+00,0.000000e+00,0.000000e+00,0.000000e+00
1.000000e+00,0.000000e+00,0.000000e+00,0.000000e+00,0.000000e+00,0.000000e+00,0.000000e+00,0.000000e+00,0.000000e+00,0.000000e+00,0.000000e+00,0.000000e+00,0.000000e+00,0.000000e+00,0.000000e+00
1.000000e+00,0.000000e+00,0.000000e+00,0.000000e+00,0.000000e+00,0.000000e+00,0.000000e+00,0.000000e+00,0.000000e+00,0.000000e+00,0.000000e+00,0.000000e+00,0.000000e+00,0.000000e+00,0.000000e+00
1.000000e+00,0.000000e+00,0.000000e+00,0.000000e+00,0.000000e+00,0.000000e+00,0.000000e+00,0.000000e+00,0.000000e+00,0.000000e+00,0.000000e+00,0.000000e+00,0.000000e+00,0.000000e+00,0.000000e+00
1.000000e+00,0.000000e+00,0.000000e+00,0.000000e+00,0.000000e+00,0.000000e+00,0.000000e+00,0.000000e+00,0.000000e+00,0.000000e+00,0.000000e+00,0.000000e+00,0.000000e+00,0.000000e+00,0.000000e+00
1.000000e+00,0.000000e+00,0.000000e+00,0.000000e+00,0.000000e+00,0.000000e+00,0.000000e+00,0.000000e+00,0.000000e+00,0.000000e+00,0.000000e+00,0.000000e+00,0.000000e+00,0.000000e+00,0.000000e+00
1.000000e+00,0.000000e+00,0.000000e+00,0.000000e+00,0.000000e+00,0.000000e+00,0.000000e+00,0.000000e+00,0.000000e+00,0.000000e+00,0.000000e+00,0.000000e+00,0.000000e+00,0.000000e+00,0.000000e+00
1.000000e+00,0.000000e+00,0.000000e+00,0.000000e+00,0.000000e+00,0.000000e+00,0.000000e+00,0.000000e+00,0.000000e+00,0.000000e+00,0.000000e+00,0.000000e+00,0.000000e+00,0.000000e+00,0.000000e+00
1.000000e+00,0.000000e+00,0.000000e+00,0.000000e+00,0.000000e+00,0.000000e+00,0.000000e+00,0.000000e+00,0.000000e+00,0.000000e+00,0.000000e+00,0.000000e+00,0.000000e+00,0.000000e+00,0.000000e+00
1.000000e+00,0.000000e+00,0.000000e+00,0.000000e+00,0.000000e+00,0.000000e+00,0.000000e+00,0.000000e+00,0.000000e+00,0.000000e+00,0.000000e+00,0.000000e+00,0.000000e+00,0.000000e+00,0.000000e+00
1.000000e+00,0.000000e+00,0.000000e+00,0.000000e+00,0.000000e+00,0.000000e+00,0.000000e+00,0.000000e+00,0.000000e+00,0.000000e+00,0.000000e+00,0.000000e+00,0.000000e+00,0.000000e+00,0.000000e+00
1.000000e+00,0.000000e+00,0.000000e+00,0.000000e+00,0.000000e+00,0.000000e+00,0.000000e+00,0.000000e+00,0.000000e+00,0.000000e+00,0.000000e+00,0.000000e+00,0.000000e+00,0.000000e+00,0.000000e+00
1.000000e+00,0.000000e+00,0.000000e+00,0.000000e+00,0.000000e+00,0.000000e+00,0.000000e+00,0.000000e+00,0.000000e+00,0.000000e+00,0.000000e+00,0.000000e+00,0.000000e+00,0.000000e+00,0.000000e+00
1.000000e+00,0.000000e+00,0.000000e+00,0.000000e+00,0.000000e+00,0.000000e+00,0.000000e+00,0.000000e+00,0.000000e+00,0.000000e+00,0.000000e+00,0.000000e+00,0.000000e+00,0.000000e+00,0.000000e+00
1.000000e+00,0.000000e+00,0.000000e+00,0.000000e+00,0.000000e+00,0.000000e+00,0.000000e+00,0.000000e+00,0.000000e+00,0.000000e+00,0.000000e+00,0.000000e+00,0.000000e+00,0.000000e+00,0.000000e+00
1.000000e+00,0.000000e+00,0.000000e+00,0.000000e+00,0.000000e+00,0.000000e+00,0.000000e+00,0.000000e+00,0.000000e+00,0.000000e+00,0.000000e+00,0.000000e+00,0.000000e+00,0.000000e+00,0.000000e+00
1.000000e+00,0.000000e+00,0.000000e+00,0.000000e+00,0.000000e+00,0.000000e+00,0.000000e+00,0.000000e+00,0.000000e+00,0.000000e+00,0.000000e+00,0.000000e+00,0.000000e+00,0.000000e+00,0.000000e+00
1.000000e+00,0.000000e+00,0.000000e+00,0.000000e+00,0.000000e+00,0.000000e+00,0.000000e+00,0.000000e+00,0.000000e+00,0.000000e+00,0.000000e+00,0.000000e+00,0.000000e+00,0.000000e+00,0.000000e+00
1.000000e+00,0.000000e+00,0.000000e+00,0.000000e+00,0.000000e+00,0.000000e+00,0.000000e+00,0.000000e+00,0.000000e+00,0.000000e+00,0.000000e+00,0.000000e+00,0.000000e+00,0.000000e+00,0.000000e+00
1.000000e+00,0.000000e+00,0.000000e+00,0.000000e+00,0.000000e+00,0.000000e+00,0.000000e+00,0.000000e+00,0.000000e+00,0.000000e+00,0.000000e+00,0.000000e+00,0.000000e+00,0.000000e+00,0.000000e+00
1.000000e+00,0.000000e+00,0.000000e+00,0.000000e+00,0.000000e+00,0.000000e+00,0.000000e+00,0.000000e+00,0.000000e+00,0.000000e+00,0.000000e+00,0.000000e+00,0.000000e+00,0.000000e+00,0.000000e+00
1.000000e+00,0.000000e+00,0.000000e+00,0.000000e+00,0.000000e+00,0.000000e+00,0.000000e+00,0.000000e+00,0.000000e+00,0.000000e+00,0.000000e+00,0.000000e+00,0.000000e+00,0.000000e+00,0.000000e+00
4.800501e-01,3.863230e-02,4.437190e-02,1.115993e-01,9.515379e-03,3.297728e-02,6.059833e-03,2.228493e-02,2.023145e-02,5.102611e-03,8.997191e-02,5.141577e-02,1.459297e-02,1.830801e-02,5.488629e-02
4.695167e-01,3.756232e-02,3.714941e-02,1.054387e-01,1.039126e-02,3.117789e-02,5.722271e-03,1.830277e-02,2.436265e-02,5.049177e-03,1.103244e-01,5.069715e-02,1.519904e-02,2.321345e-02,5.589285e-02
4.714267e-01,3.631253e-02,3.181667e-02,9.557627e-02,1.017027e-02,2.872477e-02,5.369568e-03,1.533965e-02,2.882920e-02,5.183289e-03,1.212744e-01,4.712991e-02,1.526627e-02,2.844878e-02,5.913169e-02
4.522218e-01,4.181382e-02,2.868590e-02,9.114495e-02,9.846166e-03,2.635895e-02,4.655962e-03,1.313048e-02,2.803708e-02,5.684218e-03,1.385346e-01,4.845905e-02,1.545119e-02,3.211540e-02,6.386048e-02
4.095818e-01,4.314341e-02,3.851893e-02,1.093969e-01,8.877008e-03,2.765329e-02,5.045370e-03,1.719515e-02,3.024955e-02,5.451934e-03,1.367619e-01,6.015047e-02,1.699595e-02,3.057260e-02,6.040583e-02
3.728614e-01,4.384126e-02,5.593450e-02,1.328328e-01,8.093021e-03,2.429150e-02,4.607623e-03,2.169589e-02,3.480194e-02,5.694980e-03,1.204174e-01,6.206405e-02,1.771345e-02,3.015354e-02,6.499672e-02
4.070083e-01,4.515474e-02,5.088099e-02,1.291232e-01,8.069656e-03,2.217029e-02,4.131382e-03,1.877371e-02,3.420093e-02,5.493232e-03,1.080623e-01,5.472609e-02,1.718606e-02,2.988212e-02,6.513703e-02
4.712592e-01,4.328092e-02,4.485050e-02,1.152186e-01,8.238493e-03,2.026914e-02,3.903829e-03,1.617047e-02,3.220461e-02,4.933247e-03,8.913819e-02,4.728236e-02,1.604113e-02,2.581890e-02,6.139052e-02
1.000000e+00,0.000000e+00,0.000000e+00,0.000000e+00,0.000000e+00,0.000000e+00,0.000000e+00,0.000000e+00,0.000000e+00,0.000000e+00,0.000000e+00,0.000000e+00,0.000000e+00,0.000000e+00,0.000000e+00
1.000000e+00,0.000000e+00,0.000000e+00,0.000000e+00,0.000000e+00,0.000000e+00,0.000000e+00,0.000000e+00,0.000000e+00,0.000000e+00,0.000000e+00,0.000000e+00,0.000000e+00,0.000000e+00,0.000000e+00
1.000000e+00,0.000000e+00,0.000000e+00,0.000000e+00,0.000000e+00,0.000000e+00,0.000000e+00,0.000000e+00,0.000000e+00,0.000000e+00,0.000000e+00,0.000000e+00,0.000000e+00,0.000000e+00,0.000000e+00
4.786156e-01,6.215528e-02,8.042338e-02,1.373784e-01,1.019444e-02,2.278918e-02,8.757710e-03,3.757075e-02,1.948779e-02,3.720499e-03,4.135646e-02,2.586312e-02,1.165137e-02,1.299177e-02,4.704423e-02
1.000000e+00,0.000000e+00,0.000000e+00,0.000000e+00,0.000000e+00,0.000000e+00,0.000000e+00,0.000000e+00,0.000000e+00,0.000000e+00,0.000000e+00,0.000000e+00,0.000000e+00,0.000000e+00,0.000000e+00
1.000000e+00,0.000000e+00,0.000000e+00,0.000000e+00,0.000000e+00,0.000000e+00,0.000000e+00,0.000000e+00,0.000000e+00,0.000000e+00,0.000000e+00,0.000000e+00,0.000000e+00,0.000000e+00,0.000000e+00
1.000000e+00,0.000000e+00,0.000000e+00,0.000000e+00,0.000000e+00,0.000000e+00,0.000000e+00,0.000000e+00,0.000000e+00,0.000000e+00,0.000000e+00,0.000000e+00,0.000000e+00,0.000000e+00,0.000000e+00
1.000000e+00,0.000000e+00,0.000000e+00,0.000000e+00,0.000000e+00,0.000000e+00,0.000000e+00,0.000000e+00,0.000000e+00,0.000000e+00,0.000000e+00,0.000000e+00,0.000000e+00,0.000000e+00,0.000000e+00
1.000000e+00,0.000000e+00,0.000000e+00,0.000000e+00,0.000000e+00,0.000000e+00,0.000000e+00,0.000000e+00,0.000000e+00,0.000000e+00,0.000000e+00,0.000000e+00,0.000000e+00,0.000000e+00,0.000000e+00
1.000000e+00,0.000000e+00,0.000000e+00,0.000000e+00,0.000000e+00,0.000000e+00,0.000000e+00,0.000000e+00,0.000000e+00,0.000000e+00,0.000000e+00,0.000000e+00,0.000000e+00,0.000000e+00,0.000000e+00
4.695499e-01,1.853125e-02,2.809452e-02,4.836676e-02,4.975375e-03,2.592620e-02,4.253412e-03,1.204179e-02,8.004881e-03,5.510583e-03,2.924518e-01,3.091895e-02,1.343841e-02,1.466048e-02,2.327571e-02
3.288426e-01,1.324172e-02,1.973977e-02,3.400431e-02,3.510733e-03,1.901760e-02,2.983782e-03,8.452513e-03,5.800521e-03,4.068943e-03,4.927247e-01,2.542198e-02,9.455174e-03,1.500647e-02,1.772920e-02
2.302088e-01,9.386852e-03,1.383818e-02,2.385839e-02,2.487121e-03,1.389267e-02,2.098114e-03,5.926817e-03,4.170056e-03,2.939751e-03,6.326919e-01,2.512912e-02,6.652880e-03,1.349125e-02,1.322806e-02
1.612092e-01,8.481816e-03,9.984039e-03,1.711520e-02,3.864342e-03,1.072496e-02,1.967483e-03,4.237412e-03,5.727874e-03,4.252936e-03,6.461073e-01,4.976875e-02,4.724280e-03,2.309636e-02,4.873817e-02
1.129351e-01,6.722469e-03,7.115139e-03,1.232300e-02,3.197392e-03,9.182898e-03,1.545006e-03,3.023414e-03,5.737744e-03,4.288356e-03,6.981071e-01,6.262797e-02,3.417116e-03,2.607935e-02,4.369789e-02
7.919673e-02,5.297504e-03,5.134492e-03,8.894081e-03,3.171650e-03,8.803485e-03,1.255449e-03,2.195848e-03,5.013761e-03,4.070902e-03,7.525204e-01,5.891467e-02,2.595055e-03,2.700058e-02,3.593538e-02
5.552224e-02,4.095626e-03,3.711746e-03,6.321850e-03,2.646558e-03,7.275786e-03,9.364045e-04,1.552723e-03,4.367979e-03,1.295014e-02,7.788030e-01,6.722348e-02,1.935384e-03,2.290001e-02,2.975710e-02
3.895566e-02,3.919680e-03,2.749140e-03,4.790244e-03,4.749369e-03,5.622415e-03,8.940587e-04,1.145647e-03,5.787835e-03,1.837658e-02,7.807431e-01,8.549810e-02,1.566458e-03,2.052906e-02,2.467258e-02
2.749426e-02,8.586131e-03,2.866492e-03,3.574495e-03,1.226992e-02,9.944556e-03,3.036004e-03,1.185726e-03,1.032768e-02,6.018689e-02,7.088925e-01,1.009685e-01,1.514507e-03,1.844423e-02,3.070802e-02
1.983545e-02,7.866361e-03,5.798852e-03,3.366809e-03,2.812479e-02,9.782040e-03,7.641660e-03,2.859450e-02,1.625408e-02,5.948670e-02,6.106080e-01,1.529878e-01,1.883090e-03,1.980209e-02,2.796771e-02
1.407502e-02,7.699901e-03,5.374080e-03,2.527565e-03,2.555634e-02,8.768566e-03,6.982734e-03,2.182714e-02,1.619919e-02,1.501142e-01,5.598415e-01,1.318406e-01,2.147794e-03,1.719760e-02,2.984773e-02
1.010061e-02,9.758022e-03,4.845789e-03,2.373787e-03,2.043298e-02,7.161677e-03,5.129337e-03,1.815530e-02,6.216181e-02,1.384111e-01,5.367783e-01,1.328784e-01,2.877283e-03,1.882972e-02,3.010591e-02
7.245489e-03,8.621570e-03,4.017932e-03,2.365375e-03,1.688220e-02,6.445440e-03,3.840365e-03,1.453473e-02,7.012811e-02,1.350065e-01,5.304542e-01,1.511865e-01,3.731119e-03,2.059103e-02,2.494946e-02
5.617978e-03,7.137900e-03,4.299998e-03,2.434293e-03,2.786180e-02,7.509870e-03,3.629969e-03,1.417429e-02,5.610714e-02,1.159253e-01,5.834690e-01,1.261068e-01,5.772915e-03,2.066977e-02,1.928295e-02
4.134058e-03,5.324880e-03,3.553947e-03,1.862893e-03,5.652435e-02,6.506757e-03,4.882110e-03,1.069877e-02,4.216786e-02,8.857387e-02,6.432212e-01,9.761299e-02,4.720642e-03,1.587393e-02,1.434175e-02
3.254639e-03,5.202104e-03,5.461229e-03,4.621362e-03,7.721642e-02,5.382198e-03,5.686109e-03,1.696929e-02,3.385628e-02,6.355196e-02,6.798075e-01,7.129827e-02,5.137844e-03,1.132888e-02,1.122592e-02
2.709502e-03,1.635217e-02,8.721758e-03,8.738125e-03,7.133554e-02,5.063260e-03,4.155549e-03,1.140427e-01,4.738707e-02,4.588363e-02,5.976310e-01,5.288051e-02,8.473834e-03,8.061181e-03,8.564168e-03
2.732777e-03,1.447399e-02,8.610241e-03,6.866577e-03,1.037498e-01,4.068624e-03,3.425756e-03,1.743465e-01,6.271926e-02,3.276168e-02,5.127405e-01,4.579834e-02,1.570959e-02,5.808005e-03,6.188471e-03
2.456855e-03,1.181568e-02,9.350170e-03,5.299988e-03,1.077236e-01,3.064553e-03,2.542636e-03,3.267522e-01,6.886324e-02,2.319935e-02,3.821621e-01,3.429608e-02,1.375880e-02,4.230432e-03,4.484370e-03
3.006990e-03,8.979532e-03,9.813408e-03,4.137639e-03,1.028861e-01,2.842850e-03,2.056058e-03,4.466429e-01,5.908744e-02,1.638753e-02,3.003585e-01,2.511695e-02,1.225491e-02,3.090766e-03,3.338411e-03
5.376374e-03,7.782699e-03,1.333285e-02,3.913822e-03,8.863918e-02,2.381704e-03,1.717005e-03,5.311447e-01,5.991633e-02,1.160742e-02,2.411061e-01,1.816348e-02,1.001831e-02,2.346074e-03,2.554034e-03
6.530420e-03,6.332376e-03,2.038233e-02,3.646094e-03,7.452412e-02,2.186723e-03,1.472438e-03,6.171011e-01,6.038914e-02,8.179762e-03,1.753603e-01,1.294477e-02,7.343644e-03,1.729268e-03,1.877557e-03
1.112887e-02,6.545791e-03,2.048037e-02,3.558509e-03,1.163083e-01,7.931006e-03,2.511851e-03,5.548410e-01,1.223159e-01,5.823257e-03,1.301655e-01,9.893031e-03,5.450979e-03,1.553362e-03,1.492227e-03
1.468394e-02,9.112069e-03,2.347190e-02,4.996138e-03,1.543238e-01,1.227838e-02,1.000980e-02,4.636913e-01,1.976743e-01,4.175117e-03,9.170433e-02,7.156392e-03,4.232910e-03,1.245220e-03,1.244331e-03
2.279042e-02,1.882323e-02,2.351710e-02,5.583208e-03,1.772545e-01,1.615699e-02,1.564761e-02,3.989480e-01,2.338195e-01,3.076536e-03,6.478088e-02,5.448904e-03,6.254883e-03,1.251502e-03,6.646874e-03
2.549626e-02,2.067866e-02,1.986056e-02,5.030917e-03,1.695399e-01,1.515281e-02,1.454480e-02,3.932392e-01,2.691751e-01,2.218504e-03,4.638182e-02,4.364121e-03,7.806246e-03,1.295583e-03,5.215490e-03
4.427522e-02,2.107864e-02,2.221776e-02,1.018475e-02,1.539805e-01,1.220667e-02,1.459770e-02,4.054569e-01,2.594374e-01,2.000199e-03,3.308183e-02,3.631335e-03,1.153472e-02,1.058598e-03,5.257783e-03
8.127466e-02,2.146994e-02,1.741211e-02,1.555946e-02,1.549889e-01,1.729513e-02,1.200586e-02,3.192159e-01,2.928969e-01,2.168710e-03,2.368686e-02,3.676834e-03,1.862941e-02,1.024103e-03,1.869521e-02
5.953921e-02,2.119209e-02,1.328422e-02,2.449954e-02,1.092570e-01,1.741501e-02,8.624011e-03,2.249150e-01,3.469921e-01,5.062187e-03,2.011608e-02,3.188476e-03,3.894320e-02,9.034569e-04,1.060685e-01
4.379690e-02,1.806013e-02,1.420039e-02,2.350121e-02,7.676310e-02,1.289386e-02,6.293458e-03,1.577002e-01,4.117987e-01,8.794790e-03,1.518542e-02,4.852551e-03,4.153860e-02,1.919855e-03,1.627008e-01
4.169483e-02,1.568705e-02,1.185261e-02,2.233330e-02,5.486632e-02,1.292152e-02,5.999191e-03,1.108258e-01,3.273933e-01,8.898355e-03,1.605987e-02,4.819466e-02,1.433644e-01,1.470034e-02,1.652085e-01
4.507882e-02,1.190604e-02,8.980189e-03,1.671289e-02,3.891644e-02,1.211599e-02,5.573669e-03,7.785248e-02,2.344987e-01,9.528499e-03,1.645137e-02,2.549516e-01,1.293690e-01,1.758430e-02,1.204801e-01
4.980214e-02,8.682008e-03,6.548334e-03,1.233692e-02,2.748731e-02,1.100858e-02,4.664582e-03,5.468337e-02,1.659460e-01,9.355443e-03,1.522402e-02,4.064182e-01,1.127746e-01,2.806011e-02,8.700835e-02
4.172750e-02,6.407644e-03,5.135373e-03,8.850322e-03,1.979255e-02,9.178380e-03,4.107145e-03,3.883669e-02,1.177318e-01,1.211481e-02,1.427969e-02,5.453004e-01,9.341347e-02,2.152609e-02,6.159817e-02
4.205572e-02,4.783456e-03,4.418140e-03,6.378795e-03,1.409098e-02,9.163256e-03,3.663158e-03,2.773258e-02,8.403342e-02,1.849920e-02,1.870214e-02,6.302071e-01,7.293282e-02,1.943610e-02,4.390307e-02
3.559126e-02,3.720780e-03,3.365606e-03,4.557766e-03,1.007999e-02,9.310517e-03,2.831100e-03,1.964853e-02,6.014973e-02,2.032408e-02,1.929873e-02,7.104687e-01,5.382762e-02,1.574601e-02,3.107955e-02
2.600598e-02,2.762762e-03,2.538824e-03,3.250376e-03,7.219565e-03,7.190446e-03,2.170119e-03,1.426438e-02,4.256343e-02,1.673098e-02,2.160659e-02,7.812726e-01,3.823887e-02,1.224362e-02,2.194147e-02
1.843746e-02,2.059432e-03,2.101435e-03,2.310808e-03,5.289536e-03,5.259510e-03,1.562413e-03,1.011177e-02,3.014463e-02,1.369104e-02,2.592346e-02,8.316367e-01,2.695910e-02,9.095294e-03,1.541748e-02
1.300914e-02,1.579292e-03,1.952318e-03,1.659570e-03,5.354638e-03,3.797130e-03,1.248686e-03,7.155139e-03,2.210807e-02,1.168305e-02,2.156338e-02,8.715875e-01,1.898876e-02,7.436532e-03,1.087673e-02
9.438765e-03,1.379454e-03,1.982662e-03,1.208748e-03,4.494001e-03,2.817471e-03,9.133900e-04,5.116985e-03,1.607910e-02,9.337254e-03,4.202227e-02,8.783063e-01,1.340083e-02,5.771349e-03,7.731356e-03
9.034451e-03,1.146258e-03,1.599063e-03,9.077513e-04,3.761203e-03,2.157900e-03,6.889506e-04,4.177330e-03,1.173076e-02,9.914917e-03,9.400929e-02,8.406414e-01,9.492125e-03,5.195214e-03,5.543312e-03
6.882416e-03,8.908417e-04,1.160073e-03,6.981354e-04,3.005482e-03,1.773467e-03,4.933912e-04,3.126422e-03,8.387418e-03,7.803204e-03,1.498920e-01,8.008747e-01,6.759788e-03,4.318720e-03,3.933873e-03
5.220079e-03,6.601947e-04,8.309780e-04,5.201751e-04,2.239252e-03,1.362399e-03,3.499319e-04,2.271650e-03,5.966870e-03,5.937986e-03,1.567706e-01,8.064759e-01,4.796783e-03,3.819925e-03,2.777288e-03
4.274093e-03,6.983932e-04,6.493293e-04,4.855386e-04,9.093178e-03,1.424682e-03,2.719415e-04,2.098040e-03,4.290691e-03,4.664526e-03,1.167284e-01,8.461665e-01,3.617127e-03,3.546552e-03,1.991019e-03
3.219380e-03,5.394734e-04,4.697216e-04,3.730347e-04,6.822786e-03,1.082873e-03,1.943340e-04,1.529905e-03,3.048517e-03,3.352328e-03,8.979557e-02,8.828285e-01,2.589340e-03,2.742888e-03,1.411306e-03
2.543503e-03,5.437484e-04,4.419745e-04,3.431661e-04,5.538175e-03,9.228196e-04,1.430991e-04,1.191306e-03,2.235749e-03,2.423309e-03,7.069847e-02,9.077928e-01,1.900138e-03,2.267230e-03,1.014465e-03
1.927284e-03,9.876934e-04,5.648406e-04,3.793342e-04,8.323787e-03,1.195719e-03,1.728239e-04,1.165369e-03,1.786547e-03,1.937887e-03,5.957828e-02,9.173875e-01,1.457462e-03,2.377349e-03,7.580986e-04
1.555556e-03,9.917367e-04,6.692839e-04,3.809410e-04,8.654507e-03,1.188437e-03,1.627200e-04,1.404947e-03,1.460739e-03,1.516940e-03,5.125674e-02,9.267042e-01,1.182763e-03,2.315426e-03,5.549983e-04
1.457105e-03,8.183316e-04,6.841623e-04,3.498162e-04,6.570395e-03,1.029027e-03,1.442749e-04,1.299220e-03,1.201419e-03,1.195367e-03,4.757345e-02,9.339648e-01,9.729486e-04,2.340136e-03,3.995106e-04
1.343303e-03,1.083174e-03,2.765884e-03,9.070286e-04,6.637386e-03,2.321234e-03,1.969141e-04,7.424790e-03,1.013354e-03,1.128003e-03,4.652827e-02,9.252346e-01,8.156331e-04,2.316145e-03,2.843665e-04
4.098514e-03,1.082240e-02,2.461028e-02,6.185342e-03,1.289915e-02,1.677827e-02,2.933564e-04,5.330494e-02,1.295511e-03,1.449423e-03,6.883097e-02,7.954550e-01,7.552117e-04,2.982236e-03,2.394198e-04
5.677428e-03,8.979837e-03,5.384485e-02,1.663315e-02,1.479100e-02,1.643739e-02,9.996984e-04,1.035749e-01,1.865864e-03,1.512065e-03,8.575097e-02,6.865888e-01,6.260982e-04,2.535673e-03,1.823365e-04
7.460368e-03,7.503897e-03,5.231202e-02,1.478348e-02,1.260796e-02,1.724328e-02,1.120267e-03,8.368353e-02,1.586453e-03,1.323373e-03,1.078923e-01,6.895030e-01,5.705301e-04,2.264123e-03,1.455248e-04
1.179012e-02,9.514593e-03,4.556870e-02,1.410499e-02,2.044024e-02,3.096443e-02,1.574329e-03,7.112076e-02,1.296881e-03,1.213596e-03,2.113048e-01,5.770702e-01,5.062508e-04,3.414220e-03,1.159138e-04
1.541867e-02,9.038236e-03,4.181048e-02,1.493733e-02,2.822005e-02,3.304547e-02,2.244011e-03,6.979430e-02,1.174124e-03,9.895286e-04,2.830218e-01,4.938937e-01,4.655886e-04,5.853842e-03,9.284559e-05
1.856785e-02,8.700494e-03,3.902448e-02,1.683325e-02,2.417324e-02,2.896325e-02,1.852690e-03,5.935283e-02,1.255050e-03,9.133798e-04,3.689206e-01,4.243017e-01,3.988714e-04,6.654480e-03,8.779355e-05
2.042770e-02,7.472058e-03,3.312373e-02,1.578396e-02,1.948197e-02,2.244994e-02,1.411791e-03,4.923090e-02,1.527413e-03,7.811891e-04,4.931870e-01,3.234833e-01,3.114640e-04,1.124611e-02,8.139275e-05
2.084342e-02,6.004931e-03,2.866418e-02,1.567755e-02,1.632203e-02,1.765773e-02,1.153539e-03,4.322385e-02,1.927199e-03,7.249549e-04,5.823575e-01,2.484640e-01,2.685685e-04,1.663573e-02,7.471377e-05
1.997270e-02,4.399942e-03,2.279609e-02,1.394618e-02,1.181919e-02,1.310786e-02,8.742809e-04,3.351547e-02,3.213321e-03,1.110099e-03,6.688074e-01,1.796443e-01,2.135737e-04,2.647580e-02,1.037905e-04
2.544207e-02,3.754737e-03,2.709519e-02,1.719216e-02,9.154742e-03,1.186626e-02,8.050468e-04,2.767397e-02,3.982007e-03,1.022995e-03,6.881919e-01,1.455389e-01,1.968697e-04,3.794014e-02,1.430280e-04
5.475310e-02,3.561442e-03,2.883150e-02,2.236434e-02,8.568639e-03,1.179037e-02,9.401230e-04,2.244519e-02,4.378348e-03,1.351038e-03,6.640049e-01,1.290948e-01,2.345023e-04,4.734748e-02,3.341403e-04
7.618809e-02,3.453756e-03,2.833601e-02,2.176538e-02,7.071940e-03,1.218595e-02,9.763983e-04,1.839027e-02,6.611717e-03,2.163955e-03,6.564933e-01,1.056290e-01,2.873614e-04,5.981072e-02,6.360916e-04
7.480550e-02,1.008105e-02,4.760056e-02,2.272483e-02,1.138031e-02,2.415386e-02,2.010756e-03,2.118476e-02,7.311045e-03,3.022693e-03,6.244537e-01,9.508457e-02,5.619533e-04,5.413165e-02,1.492720e-03
6.370461e-02,8.263006e-03,3.538385e-02,1.638659e-02,8.206836e-03,7.625349e-02,1.605302e-03,1.680943e-02,6.342377e-03,2.516331e-03,6.261357e-01,8.061837e-02,4.646342e-04,5.526107e-02,2.048376e-03
4.671773e-02,6.084135e-03,2.576878e-02,1.152031e-02,5.834606e-03,1.474545e-01,1.166021e-03,1.207897e-02,4.854746e-03,1.875980e-03,6.161093e-01,6.217160e-02,3.874232e-04,5.584127e-02,2.134681e-03
3.346736e-02,4.344420e-03,1.844689e-02,8.094988e-03,4.118481e-03,1.144077e-01,8.351491e-04,8.548010e-03,3.582474e-03,1.401567e-03,6.898202e-01,4.669386e-02,2.901384e-04,6.435686e-02,1.591849e-03
2.352958e-02,3.083671e-03,1.306156e-02,5.739333e-03,2.984766e-03,8.141718e-02,6.046494e-04,6.041360e-03,2.748948e-03,1.118698e-03,7.342442e-01,3.925839e-02,2.230075e-04,8.479729e-02,1.147352e-03
1.661962e-02,2.249699e-03,9.704415e-03,4.157429e-03,2.736283e-03,5.874493e-02,4.725762e-04,4.336022e-03,2.377793e-03,1.194311e-03,7.680715e-01,3.212783e-02,2.063584e-04,9.614669e-02,8.545098e-04
1.166432e-02,1.672675e-03,6.991194e-03,2.952831e-03,2.517560e-03,4.150643e-02,3.947349e-04,3.074664e-03,2.177396e-03,1.684565e-03,8.058287e-01,2.817496e-02,1.989468e-04,9.053699e-02,6.240595e-04
8.202858e-03,2.876757e-03,5.837454e-03,2.170830e-03,2.897099e-03,2.987705e-02,4.112652e-04,2.223269e-03,1.736578e-02,3.732547e-03,7.500591e-01,3.664933e-02,1.596012e-04,1.366196e-01,9.174062e-04
5.798789e-03,2.560157e-03,5.026385e-03,1.642737e-03,4.318163e-03,2.242820e-02,3.984628e-04,1.663153e-03,4.828955e-02,9.337386e-03,6.944332e-01,3.663424e-02,1.599561e-04,1.662678e-01,1.041752e-03
4.305913e-03,4.174557e-03,5.265767e-03,1.347013e-03,5.092836e-03,1.849673e-02,3.229112e-04,1.410623e-03,1.391815e-01,2.306540e-02,5.699311e-01,3.308337e-02,1.653539e-04,1.904349e-01,3.722016e-03
3.423243e-03,3.632074e-03,4.754079e-03,1.817127e-03,4.566308e-03,1.559635e-02,2.597358e-04,1.199361e-03,2.625493e-01,2.228022e-02,4.546569e-01,2.754883e-02,1.844113e-04,1.930905e-01,4.441545e-03
2.808517e-03,3.032901e-03,3.533198e-03,1.714171e-03,3.426757e-03,1.221131e-02,1.981258e-04,8.712334e-04,3.698649e-01,1.738006e-02,3.450998e-01,2.034193e-02,3.324657e-04,2.146684e-01,4.516298e-03
2.178967e-03,2.608450e-03,2.573538e-03,1.740036e-03,2.803716e-03,9.463837e-03,1.469864e-04,6.720859e-04,4.949102e-01,1.431168e-02,2.710470e-01,1.538458e-02,4.398504e-04,1.768050e-01,4.914089e-03
1.608934e-03,2.376315e-03,2.209799e-03,4.205244e-03,2.802454e-03,7.228844e-03,1.204972e-04,1.078908e-03,5.956044e-01,1.135984e-02,2.176280e-01,1.171974e-02,1.040201e-03,1.362492e-01,4.767711e-03
1.479134e-03,2.152850e-03,3.462301e-03,1.313928e-02,3.339973e-03,6.148153e-03,2.781177e-04,2.751140e-03,6.256570e-01,9.921560e-03,1.888114e-01,1.101431e-02,6.085366e-03,1.190329e-01,6.726582e-03
1.442856e-03,2.006711e-03,3.897156e-03,1.703320e-02,6.569391e-03,7.647130e-03,1.661639e-03,1.006881e-02,5.752895e-01,9.403313e-03,1.916647e-01,1.230033e-02,2.386343e-02,1.272824e-01,9.869482e-03
3.070425e-03,2.078725e-03,6.737819e-03,4.616890e-02,1.299554e-02,7.720962e-03,4.008645e-03,6.887276e-02,4.729683e-01,8.483641e-03,1.800469e-01,2.317990e-02,5.717552e-02,9.585086e-02,1.064111e-02
4.001425e-03,3.303997e-03,9.375941e-03,8.862577e-02,2.111932e-02,8.772318e-03,4.246334e-03,6.779436e-02,3.987770e-01,1.339596e-02,1.584013e-01,2.690232e-02,1.081460e-01,7.451680e-02,1.262113e-02
8.243562e-03,3.892643e-03,9.253560e-03,6.591351e-02,4.647828e-02,4.263600e-02,9.537261e-03,5.624880e-02,4.433814e-01,1.156193e-02,1.197726e-01,2.338026e-02,8.954784e-02,5.535236e-02,1.479990e-02
2.334778e-02,4.839396e-03,1.133175e-02,5.032230e-02,9.012838e-02,5.756501e-02,1.637651e-02,7.117040e-02,4.056365e-01,1.149407e-02,8.970245e-02,1.742209e-02,6.699404e-02,4.200548e-02,4.166386e-02
4.067874e-02,5.319808e-03,1.114959e-02,3.918391e-02,1.596550e-01,6.609996e-02,2.894541e-02,5.973964e-02,3.647509e-01,9.131290e-03,6.702571e-02,1.333734e-02,5.110288e-02,3.256569e-02,5.131418e-02
3.905539e-02,8.357831e-03,1.445193e-02,4.161126e-02,2.323656e-01,4.931481e-02,2.587432e-02,8.833321e-02,3.404071e-01,6.497113e-03,4.760453e-02,9.636939e-03,3.641460e-02,2.345074e-02,3.662463e-02
4.682471e-02,1.083719e-02,3.963526e-02,8.934901e-02,2.422496e-01,3.586216e-02,2.013574e-02,1.170242e-01,2.818539e-01,5.096626e-03,3.406578e-02,7.143643e-03,2.599744e-02,1.721370e-02,2.671102e-02
4.628643e-02,8.781172e-03,2.042803e-01,1.077786e-01,1.925901e-01,2.564200e-02,1.506223e-02,1.051153e-01,2.115550e-01,3.997037e-03,2.412366e-02,5.106973e-03,1.856127e-02,1.217842e-02,1.894153e-02
4.363468e-02,6.645497e-03,1.467544e-01,9.252125e-02,1.756168e-01,1.845189e-02,1.145759e-02,2.953097e-01,1.506005e-01,2.849273e-03,1.712872e-02,3.613775e-03,1.354977e-02,8.556642e-03,1.330961e-02
5.271576e-02,5.269011e-03,1.075163e-01,7.551514e-02,1.549009e-01,1.354690e-02,8.601844e-03,4.315735e-01,1.076899e-01,2.027308e-03,1.257507e-02,2.723520e-03,9.899033e-03,6.063041e-03,9.382769e-03
4.200351e-02,4.172045e-03,7.669058e-02,5.330480e-02,1.135876e-01,9.523302e-03,6.061901e-03,5.889720e-01,7.561067e-02,1.421281e-03,8.875711e-03,1.917325e-03,7.029575e-03,4.254824e-03,6.574894e-03
3.428352e-02,3.088375e-03,5.411899e-02,3.759261e-02,8.443210e-02,6.732521e-03,4.346171e-03,7.010407e-01,5.299435e-02,1.001182e-03,6.318816e-03,1.374516e-03,5.065007e-03,2.991820e-03,4.619219e-03
2.670432e-02,2.191172e-03,3.815344e-02,2.645376e-02,6.145849e-02,5.050804e-03,3.155112e-03,7.844508e-01,3.712722e-02,7.151348e-04,4.564245e-03,9.916961e-04,3.620116e-03,2.109899e-03,3.253804e-03
2.931090e-02,1.616983e-03,2.699241e-02,1.869937e-02,4.648257e-02,4.086995e-03,2.403849e-03,8.323926e-01,2.615245e-02,5.335971e-04,3.728643e-03,9.490772e-04,2.778693e-03,1.541019e-03,2.330851e-03
2.935359e-02,1.185764e-03,1.911227e-02,1.343637e-02,3.503197e-02,3.293954e-03,2.410539e-03,8.687591e-01,1.839530e-02,3.908636e-04,2.868224e-03,8.134664e-04,2.166772e-03,1.110967e-03,1.670873e-03
2.783759e-02,8.769361e-04,1.365194e-02,9.648863e-03,2.654386e-02,2.676210e-03,2.066242e-03,8.969007e-01,1.291230e-02,2.909624e-04,2.260993e-03,6.324275e-04,1.702679e-03,7.946214e-04,1.203784e-03
2.714746e-02,7.436788e-04,1.017514e-02,7.243737e-03,2.264590e-02,2.169634e-03,1.730606e-03,9.136402e-01,9.120516e-03,2.299574e-04,1.811438e-03,5.216440e-04,1.363275e-03,5.771543e-04,8.796775e-04
3.027697e-02,7.186466e-04,8.200604e-03,5.479719e-03,1.792443e-02,1.822461e-03,1.397313e-03,9.212120e-01,6.589978e-03,3.965762e-04,1.977382e-03,9.093048e-04,1.814099e-03,4.839334e-04,7.966373e-04
3.434122e-02,1.012809e-03,6.092880e-03,4.180102e-03,1.678977e-02,2.404951e-03,1.837036e-03,8.961338e-01,5.384570e-03,4.091786e-04,3.956886e-03,1.804126e-03,2.373628e-02,4.608965e-04,1.455536e-03
3.410581e-02,9.885503e-04,4.532830e-03,3.153665e-03,2.953729e-02,2.605799e-03,4.533204e-03,8.778671e-01,4.589130e-03,3.387656e-04,3.663292e-03,1.847376e-03,3.009816e-02,3.809017e-04,1.758178e-03
3.108384e-02,1.133599e-03,4.749042e-03,2.785899e-03,4.529778e-02,9.731466e-03,9.764740e-03,8.031873e-01,4.912678e-03,3.208962e-04,4.243207e-03,3.500147e-03,7.661832e-02,3.588000e-04,2.312342e-03
3.042579e-02,1.078826e-03,1.320058e-02,3.540981e-03,4.941379e-02,9.853190e-03,1.378997e-02,7.734765e-01,4.006477e-03,5.407261e-04,6.294295e-03,4.401250e-03,8.276511e-02,3.142437e-04,6.898329e-03
4.230187e-02,8.542626e-04,1.086334e-02,2.668014e-03,4.151133e-02,1.437822e-02,1.217197e-02,5.902733e-01,3.350013e-03,5.492508e-04,3.376384e-02,1.825827e-02,2.171701e-01,5.391188e-04,1.134714e-02
4.333384e-02,3.028763e-03,3.389595e-02,5.479823e-03,5.732705e-02,1.158670e-02,1.046495e-02,4.231129e-01,4.554943e-02,4.653745e-03,3.140763e-02,1.610358e-02,2.798683e-01,2.100625e-03,3.208677e-02
4.685133e-02,3.644845e-03,2.895890e-02,5.659035e-03,7.695383e-02,1.069715e-02,8.822693e-03,3.073859e-01,3.986681e-02,4.779556e-03,3.280463e-02,1.408832e-02,2.857363e-01,4.845983e-03,1.289048e-01
3.953015e-02,5.601487e-03,2.532621e-02,4.810964e-02,7.224089e-02,9.508220e-03,6.632873e-03,2.169771e-01,1.034266e-01,6.769968e-03,4.056834e-02,1.668572e-02,2.880504e-01,6.408182e-03,1.141642e-01
4.553831e-02,5.033375e-03,1.920352e-02,5.219455e-02,5.819891e-02,7.883555e-03,5.282443e-03,1.537590e-01,9.823881e-02,5.853014e-03,5.679749e-02,1.440358e-02,2.385167e-01,1.322707e-02,2.258696e-01
1.125982e-01,5.096555e-03,1.522420e-02,4.261089e-02,5.011126e-02,6.858577e-03,4.716953e-03,1.106378e-01,1.197852e-01,6.473562e-03,5.347684e-02,1.632081e-02,1.934373e-01,1.963196e-02,2.430199e-01
2.293181e-01,6.580264e-03,1.999741e-02,7.987210e-02,4.016370e-02,7.681361e-03,3.781987e-03,8.195643e-02,1.194096e-01,7.518544e-03,4.562084e-02,1.701386e-02,1.476746e-01,1.605407e-02,1.773572e-01
2.612146e-01,1.090890e-02,3.754762e-02,9.901661e-02,5.299743e-02,8.582104e-03,4.395049e-03,6.220987e-02,1.039529e-01,6.555745e-03,4.596541e-02,1.566157e-02,1.129493e-01,1.553046e-02,1.625125e-01
3.048317e-01,1.778732e-02,5.357688e-02,8.323431e-02,5.907045e-02,2.227087e-02,5.385499e-03,4.740980e-02,8.883776e-02,8.494339e-03,3.760282e-02,1.303512e-02,8.411554e-02,1.805890e-02,1.562887e-01
2.715080e-01,2.382437e-02,5.859960e-02,8.747945e-02,7.544529e-02,3.041618e-02,1.132377e-02,4.106280e-02,7.860918e-02,7.877944e-03,3.214041e-02,1.071105e-02,6.870276e-02,1.814161e-02,1.841576e-01
2.689982e-01,3.457031e-02,6.788086e-02,7.265708e-02,7.359077e-02,5.000529e-02,9.675596e-03,3.186107e-02,6.518336e-02,7.200090e-03,2.485242e-02,9.937605e-03,5.671627e-02,1.802216e-02,2.088489e-01
2.559208e-01,3.246009e-02,7.427454e-02,6.677160e-02,6.884921e-02,1.313536e-01,8.016378e-03,2.525269e-02,5.600418e-02,6.866914e-03,2.050550e-02,9.906084e-03,4.401996e-02,1.774890e-02,1.820495e-01
2.324865e-01,2.996181e-02,8.275101e-02,5.809940e-02,7.080960e-02,1.950081e-01,6.903969e-03,2.305628e-02,4.687950e-02,6.562113e-03,1.741228e-02,1.005078e-02,3.418287e-02,2.198547e-02,1.638503e-01
1.846495e-01,2.960253e-02,6.485269e-02,4.618631e-02,5.705004e-02,3.329038e-01,5.080741e-03,2.333313e-02,3.961384e-02,1.183219e-02,1.564207e-02,7.769599e-03,2.488726e-02,2.896849e-02,1.276278e-01
1.336954e-01,2.638998e-02,4.934708e-02,3.369323e-02,4.251791e-02,4.814603e-01,3.686778e-03,2.001805e-02,3.004926e-02,1.109499e-02,1.401144e-02,5.572577e-03,1.770965e-02,2.923812e-02,1.015152e-01
9.485045e-02,3.360639e-02,4.386596e-02,3.996940e-02,3.487301e-02,3.933352e-01,2.950312e-03,1.444076e-02,1.419706e-01,2.080394e-02,1.758316e-02,5.199171e-03,1.892472e-02,2.452214e-02,1.131048e-01
6.654798e-02,2.978780e-02,3.408092e-02,3.038578e-02,2.548672e-02,2.983811e-01,2.151776e-03,1.018733e-02,3.159943e-01,1.632870e-02,1.887745e-02,4.355540e-03,1.492128e-02,3.822937e-02,9.428398e-02
4.670359e-02,2.402943e-02,2.592466e-02,2.174165e-02,1.850453e-02,2.248890e-01,1.656151e-03,7.255905e-03,4.595869e-01,1.742812e-02,2.171334e-02,3.392061e-03,1.118041e-02,4.155082e-02,7.444348e-02
3.277319e-02,1.690101e-02,1.818789e-02,1.529732e-02,1.305464e-02,1.576491e-01,1.175837e-03,5.103952e-03,5.939545e-01,1.313010e-02,1.946380e-02,2.725608e-03,1.012851e-02,4.042612e-02,6.002841e-02
2.392787e-02,1.219494e-02,1.281754e-02,1.087699e-02,9.632505e-03,1.115314e-01,9.015775e-04,3.631930e-03,5.253100e-01,1.181250e-02,2.749437e-02,3.777661e-03,1.425531e-02,1.780130e-01,5.382250e-02
1.824008e-02,9.632683e-03,9.041718e-03,7.782364e-03,7.546172e-03,7.861426e-02,6.748968e-04,2.582375e-03,4.159602e-01,1.026207e-02,2.773403e-02,4.624137e-03,1.345780e-02,3.431995e-01,5.064771e-02
1.378834e-02,7.829023e-03,6.586086e-03,5.526465e-03,1.004324e-02,5.548896e-02,5.449683e-04,1.858600e-03,4.163056e-01,8.748622e-03,2.442263e-02,3.862882e-03,1.128434e-02,3.751859e-01,5.852436e-02
9.972882e-03,5.757534e-03,4.810615e-03,3.912236e-03,7.804379e-03,3.954999e-02,4.403433e-04,1.335064e-03,4.563739e-01,7.329743e-03,1.881607e-02,2.859850e-03,8.192613e-03,3.805653e-01,5.227948e-02
7.443673e-03,4.536346e-03,3.904409e-03,3.283893e-03,7.688501e-03,2.898313e-02,3.922866e-04,1.464493e-03,5.116982e-01,6.781754e-03,1.588124e-02,2.388237e-03,7.409669e-03,3.567424e-01,4.140185e-02
5.996358e-03,4.120541e-03,4.315390e-03,2.589503e-03,8.493286e-03,2.161920e-02,3.876202e-04,1.387724e-03,5.210204e-01,1.383190e-02,1.397830e-02,2.210941e-03,6.274811e-03,3.448181e-01,4.895594e-02
5.565800e-03,3.445555e-03,5.580512e-03,2.002821e-03,8.218674e-03,1.557922e-02,3.153547e-04,1.522397e-03,4.879893e-01,7.364104e-02,1.222364e-02,1.754372e-03,5.314693e-03,3.323687e-01,4.447787e-02
8.374633e-03,3.194742e-03,8.400766e-03,1.668703e-03,1.138144e-02,1.147905e-02,3.377075e-04,7.585453e-03,4.739038e-01,1.182591e-01,1.283292e-02,1.454537e-03,4.631520e-03,2.945964e-01,4.189917e-02
1.426041e-02,4.396521e-03,2.775691e-02,2.001811e-03,1.629033e-02,8.662801e-03,5.675008e-04,1.406998e-02,4.453438e-01,1.480122e-01,1.702370e-02,1.322782e-03,4.412238e-03,2.565920e-01,3.928700e-02
2.928212e-02,5.965259e-03,2.300992e-02,1.965699e-03,3.619212e-02,9.590223e-03,4.760419e-04,1.354291e-02,3.952462e-01,2.182543e-01,1.329852e-02,1.171169e-03,3.788374e-03,2.053107e-01,4.290640e-02
4.212981e-02,1.305390e-02,2.417334e-02,7.903283e-03,4.239453e-02,8.202551e-03,7.404600e-04,2.480226e-02,4.035449e-01,1.822220e-01,1.503260e-02,2.214371e-03,6.086228e-03,1.586778e-01,6.882194e-02
3.561551e-02,1.396921e-02,7.319652e-02,5.590051e-02,4.780373e-02,8.207481e-03,7.232052e-04,1.946599e-02,3.247703e-01,1.484527e-01,2.422015e-02,2.478409e-03,2.078517e-02,1.146726e-01,1.097385e-01
3.234081e-02,2.437794e-02,5.856853e-02,9.327847e-02,4.452299e-02,6.575488e-03,7.070391e-04,4.060600e-02,2.727455e-01,1.340553e-01,7.841190e-02,4.566349e-03,3.678274e-02,8.826561e-02,8.419542e-02
3.790569e-02,2.828283e-02,5.335429e-02,9.196950e-02,6.176566e-02,5.949077e-03,8.905438e-04,8.299977e-02,2.325145e-01,1.244898e-01,9.012306e-02,5.124128e-03,4.270785e-02,6.881979e-02,7.310352e-02
3.456987e-02,2.139938e-02,4.331444e-02,1.286496e-01,4.877619e-02,4.777487e-03,1.556263e-03,1.941723e-01,1.816018e-01,9.679374e-02,9.842876e-02,4.320642e-03,3.936162e-02,4.863511e-02,5.364287e-02
3.271639e-02,1.659483e-02,3.438757e-02,2.043768e-01,3.860708e-02,4.318810e-03,1.725737e-03,2.749676e-01,1.384001e-01,6.916258e-02,7.884637e-02,3.290132e-03,2.917976e-02,3.426590e-02,3.916046e-02
3.224195e-02,1.185793e-02,3.042052e-02,2.739528e-01,2.990073e-02,7.289716e-03,1.596163e-03,3.338238e-01,9.850892e-02,4.929700e-02,5.600206e-02,2.614460e-03,2.080118e-02,2.416784e-02,2.752490e-02
5.730615e-02,8.786534e-03,2.688745e-02,2.244005e-01,2.457952e-02,1.512969e-02,2.016024e-03,4.420288e-01,7.002382e-02,3.480829e-02,3.969148e-02,2.337409e-03,1.536806e-02,1.714658e-02,1.948974e-02
7.465200e-02,6.575071e-03,2.163868e-02,1.753671e-01,2.121607e-02,1.922060e-02,2.346358e-03,5.363456e-01,5.029339e-02,2.466459e-02,2.819835e-02,2.086698e-03,1.132709e-02,1.218565e-02,1.388274e-02
6.256044e-02,4.984865e-03,1.951308e-02,1.874926e-01,1.623801e-02,1.490884e-02,1.924246e-03,5.901130e-01,3.584483e-02,1.767136e-02,2.028017e-02,1.722379e-03,8.344940e-03,8.607375e-03,9.793798e-03
5.799050e-02,4.107977e-03,1.751184e-02,1.482719e-01,1.348126e-02,1.258641e-02,2.170399e-03,6.655039e-01,2.921637e-02,1.277912e-02,1.477993e-02,1.753926e-03,6.271725e-03,6.532640e-03,7.042125e-03
5.860822e-02,3.620665e-03,1.798113e-02,1.168668e-01,1.153292e-02,1.136162e-02,5.928755e-03,7.119739e-01,2.338210e-02,9.409558e-03,1.098413e-02,2.708162e-03,5.496891e-03,4.744626e-03,5.400478e-03
5.564855e-02,2.870054e-03,1.476394e-02,8.999547e-02,1.228369e-02,9.784740e-03,7.938486e-03,7.588966e-01,1.806626e-02,6.714117e-03,8.327444e-03,2.332004e-03,5.037412e-03,3.396677e-03,3.944636e-03
5.168881e-02,2.403811e-03,1.226381e-02,6.684561e-02,1.697198e-02,9.468724e-03,1.249466e-02,7.890675e-01,1.448193e-02,4.822805e-03,6.439059e-03,2.090549e-03,5.448765e-03,2.495118e-03,3.016904e-03
5.437203e-02,1.999513e-03,1.172150e-02,4.990066e-02,1.598927e-02,8.399657e-03,1.341004e-02,8.124385e-01,1.210368e-02,3.473397e-03,5.008790e-03,2.093881e-03,4.762807e-03,1.862708e-03,2.463625e-03
6.944406e-02,2.033823e-03,1.217670e-02,3.766101e-02,1.831661e-02,7.572588e-03,1.360989e-02,8.096586e-01,1.167554e-02,2.701574e-03,4.359365e-03,2.922379e-03,4.112135e-03,1.475366e-03,2.280347e-03
8.301882e-02,1.934805e-03,1.062146e-02,2.827686e-02,2.153718e-02,6.736603e-03,1.132477e-02,8.101737e-01,1.017335e-02,2.097785e-03,3.710380e-03,3.626298e-03,3.626540e-03,1.168435e-03,1.972969e-03
9.475568e-02,1.874501e-03,8.229825e-03,2.216748e-02,2.608390e-02,6.283800e-03,9.041464e-03,8.077021e-01,8.175958e-03,1.627087e-03,3.188839e-03,4.409651e-03,3.656268e-03,9.723522e-04,1.831067e-03
1.119334e-01,3.758690e-03,7.781151e-03,2.128937e-02,4.006402e-02,7.466571e-03,7.490821e-03,7.687940e-01,7.269192e-03,1.675429e-03,3.947447e-03,9.148823e-03,4.879287e-03,1.191043e-03,3.310734e-03
1.020040e-01,6.917866e-03,6.111075e-03,3.195930e-02,3.374666e-02,7.455496e-03,5.832184e-03,6.259512e-01,2.175989e-02,2.630398e-03,2.686649e-02,3.604377e-02,8.257893e-02,1.851768e-03,8.290981e-03
1.394947e-01,6.866063e-03,4.907387e-03,2.877725e-02,3.063834e-02,8.792479e-03,5.208406e-03,5.067513e-01,2.607292e-02,2.292764e-03,3.946259e-02,5.334844e-02,1.369717e-01,2.159061e-03,8.256461e-03
1.897675e-01,5.800116e-03,4.140943e-03,2.754436e-02,2.591000e-02,9.525942e-03,7.063621e-03,3.934574e-01,3.107970e-02,1.885712e-03,6.088209e-02,8.807865e-02,1.425243e-01,3.068070e-03,9.271474e-03
2.636957e-01,5.577725e-03,3.854717e-03,3.323347e-02,2.136024e-02,1.073277e-02,7.781347e-03,3.019046e-01,3.939125e-02,1.705027e-03,6.151266e-02,1.091636e-01,1.242701e-01,4.234337e-03,1.158239e-02
3.595620e-01,8.313009e-03,3.976007e-03,3.338334e-02,1.868416e-02,1.155266e-02,6.854079e-03,2.358057e-01,4.085904e-02,1.721758e-03,5.278610e-02,1.043293e-01,1.059581e-01,4.574083e-03,1.164069e-02
3.925056e-01,8.547560e-03,4.592516e-03,2.956026e-02,1.839712e-02,1.010595e-02,5.241149e-03,2.099923e-01,8.262005e-02,1.657425e-03,4.170945e-02,9.407590e-02,8.677462e-02,3.852030e-03,1.036803e-02
4.306510e-01,9.925311e-03,7.259958e-03,2.764003e-02,1.929881e-02,9.926271e-03,4.544413e-03,1.915248e-01,9.208231e-02,1.923283e-03,3.389443e-02,8.599778e-02,7.091291e-02,3.547112e-03,1.087156e-02
