1.000000e+00,0.000000e+00,0.000000e+00,0.000000e+00,0.000000e+00,0.000000e+00,0.000000e+00,0.000000e+00,0.000000e+00,0.000000e+00,0.000000e+00,0.000000e+00,0.000000e+00,0.000000e+00,0.000000e+00
1.000000e+00,0.000000e+00,0.000000e+00,0.000000e+00,0.000000e+00,0.000000e+00,0.000000e+00,0.000000e+00,0.000000e+00,0.000000e+00,0.000000e+00,0.000000e+00,0.000000e+00,0.000000e+00,0.000000e+00
1.000000e+00,0.000000e+00,0.000000e+00,0.000000e+00,0.000000e+00,0.000000e+00,0.000000e+00,0.000000e+00,0.000000e+00,0.000000e+00,0.000000e+00,0.000000e+00,0.000000e+00,0.000000e+00,0.000000e+00
1.000000e+00,0.000000e+00,0.000000e+00,0.000000e+00,0.000000e+00,0.000000e+00,0.000000e+00,0.000000e+00,0.000000e+00,0.000000e+00,0.000000e+00,0.000000e+00,0.000000e+00,0.000000e+00,0.000000e+00
1.000000e+00,0.000000e+00,0.000000e+00,0.000000e+00,0.000000e+00,0.000000e+00,0.000000e+00,0.000000e+00,0.000000e+00,0.000000e+00,0.000000e+00,0.000000e+00,0.000000e+00,0.000000e+00,0.000000e+00
1.000000e+00,0.000000e+00,0.000000e+00,0.000000e+00,0.000000e+00,0.000000e+00,0.000000e+00,0.000000e+00,0.000000e+00,0.000000e+00,0.000000e+00,0.000000e+00,0.000000e+00,0.000000e+00,0.000000e+00
1.000000e+00,0.000000e+00,0.000000e+00,0.000000e+00,0.000000e+00,0.000000e+00,0.000000e+00,0.000000e+00,0.000000e+00,0.000000e+00,0.000000e+00,0.000000e+00,0.000000e+00,0.000000e+00,0.000000e+00
1.000000e+00,0.000000e+00,0.000000e+00,0.000000e+00,0.000000e+00,0.000000e+00,0.000000e+00,0.000000e+00,0.000000e+00,0.000000e+00,0.000000e+00,0.000000e+00,0.000000e+00,0.000000e+00,0.000000e+00
1.000000e+00,0.000000e+00,0.000000e+00,0.000000e+00,0.000000e+00,0.000000e+00,0.000000e+00,0.000000e+00,0.000000e+00,0.000000e+00,0.000000e+00,0.000000e+00,0.000000e+00,0.000000e+00,0.000000e+00
1.000000e+00,0.000000e+00,0.000000e+00,0.000000e+00,0.000000e+00,0.000000e+00,0.000000e+00,0.000000e+00,0.000000e+00,0.000000e+00,0.000000e+00,0.000000e+00,0.000000e+00,0.000000e+00,0.000000e+00
1.000000e+00,0.000000e+00,0.000000e+00,0.000000e+00,0.000000e+00,0.000000e+00,0.000000e+00,0.000000e+00,0.000000e+00,0.000000e+00,0.000000e+00,0.000000e+00,0.000000e+00,0.000000e+00,0.000000e+00
1.000000e+00,0.000000e+00,0.000000e+00,0.000000e+00,0.000000e+00,0.000000e+00,0.000000e+00,0.000000e+00,0.000000e+00,0.000000e+00,0.000000e+00,0.000000e+00,0.000000e+00,0.000000e+00,0.000000e+00
1.000000e+00,0.000000e+00,0.000000e+00,0.000000e+00,0.000000e+00,0.000000e+00,0.000000e+00,0.000000e+00,0.000000e+00,0.000000e+00,0.000000e+00,0.000000e+00,0.000000e+00,0.000000e+00,0.000000e+00
1.000000e+00,0.000000e+00,0.000000e+00,0.000000e+00,0.000000e+00,0.000000e+00,0.000000e+00,0.000000e+00,0.000000e+00,0.000000e+00,0.000000e+00,0.000000e+00,0.000000e+00,0.000000e+00,0.000000e+00
1.000000e+00,0.000000e+00,0.000000e+00,0.000000e+00,0.000000e+00,0.000000e+00,0.000000e+00,0.000000e+00,0.000000e+00,0.000000e+00,0.000000e+00,0.000000e+00,0.000000e+00,0.000000e+00,0.000000e+00
1.000000e+00,0.000000e+00,0.000000e+00,0.000000e+00,0.000000e+00,0.000000e+00,0.000000e+00,0.000000e+00,0.000000e+00,0.000000e+00,0.000000e+00,0.000000e+00,0.000000e+00,0.000000e+00,0.000000e+00
1.000000e+00,0.000000e+00,0.000000e+00,0.000000e+00,0.000000e+00,0.000000e+00,0.000000e+00,0.000000e+00,0.000000e+00,0.000000e+00,0.000000e+00,0.000000e+00,0.000000e+00,0.000000e+00,0.000000e+00
1.000000e+00,0.000000e+00,0.000000e+00,0.000000e+00,0.000000e+00,0.000000e+00,0.000000e+00,0.000000e+00,0.000000e+00,0.000000e+00,0.000000e+00,0.000000e+00,0.000000e+00,0.000000e+00,0.000000e+00
1.000000e+00,0.000000e+00,0.000000e+00,0.000000e+00,0.000000e+00,0.000000e+00,0.000000e+00,0.000000e+00,0.000000e+00,0.000000e+00,0.000000e+00,0.000000e+00,0.000000e+00,0.000000e+00,0.000000e+00
1.000000e+00,0.000000e+00,0.000000e+00,0.000000e+00,0.000000e+00,0.000000e+00,0.000000e+00,0.000000e+00,0.000000e+00,0.000000e+00,0.000000e+00,0.000000e+00,0.000000e+00,0.000000e+00,0.000000e+00
4.831873e-01,2.345438e-02,1.657353e-02,1.037785e-01,3.064168e-02,5.092610e-02,1.974518e-02,4.456145e-02,1.480396e-02,2.736234e-03,1.323317e-02,1.204144e-01,5.419972e-02,2.710897e-03,1.903345e-02
4.895679e-01,2.610695e-02,1.394659e-02,1.067202e-01,2.835304e-02,4.655344e-02,1.710850e-02,3.644172e-02,1.835921e-02,2.651286e-03,1.465325e-02,1.190773e-01,5.549402e-02,3.201251e-03,2.176527e-02
4.886084e-01,2.912020e-02,1.180557e-02,1.057130e-01,2.559668e-02,4.420298e-02,1.551387e-02,2.948044e-02,2.035545e-02,2.821353e-03,1.531636e-02,1.211708e-01,6.124564e-02,3.907396e-03,2.514180e-02
4.333539e-01,3.333277e-02,1.156732e-02,1.227135e-01,2.562262e-02,4.524373e-02,1.463436e-02,2.801948e-02,2.202491e-02,3.171468e-03,1.908093e-02,1.387810e-01,6.686109e-02,5.211328e-03,3.038161e-02
3.957964e-01,4.370265e-02,1.402268e-02,1.387243e-01,2.558885e-02,4.210295e-02,1.247883e-02,2.625250e-02,2.597431e-02,4.657523e-03,2.437031e-02,1.279111e-01,6.678872e-02,6.898523e-03,4.473038e-02
4.404552e-01,4.658598e-02,1.242962e-02,1.240910e-01,2.217365e-02,3.838318e-02,1.051476e-02,2.134623e-02,2.323832e-02,4.524437e-03,2.599240e-02,1.121108e-01,6.264851e-02,8.900541e-03,4.660530e-02
4.958986e-01,4.488815e-02,1.103644e-02,1.064283e-01,1.850091e-02,3.596313e-02,9.265537e-03,1.796844e-02,2.016943e-02,4.361929e-03,2.342074e-02,9.563666e-02,6.053754e-02,9.059038e-03,4.686513e-02
1.000000e+00,0.000000e+00,0.000000e+00,0.000000e+00,0.000000e+00,0.000000e+00,0.000000e+00,0.000000e+00,0.000000e+00,0.000000e+00,0.000000e+00,0.000000e+00,0.000000e+00,0.000000e+00,0.000000e+00
1.000000e+00,0.000000e+00,0.000000e+00,0.000000e+00,0.000000e+00,0.000000e+00,0.000000e+00,0.000000e+00,0.000000e+00,0.000000e+00,0.000000e+00,0.000000e+00,0.000000e+00,0.000000e+00,0.000000e+00
1.000000e+00,0.000000e+00,0.000000e+00,0.000000e+00,0.000000e+00,0.000000e+00,0.000000e+00,0.000000e+00,0.000000e+00,0.000000e+00,0.000000e+00,0.000000e+00,0.000000e+00,0.000000e+00,0.000000e+00
1.000000e+00,0.000000e+00,0.000000e+00,0.000000e+00,0.000000e+00,0.000000e+00,0.000000e+00,0.000000e+00,0.000000e+00,0.000000e+00,0.000000e+00,0.000000e+00,0.000000e+00,0.000000e+00,0.000000e+00
1.000000e+00,0.000000e+00,0.000000e+00,0.000000e+00,0.000000e+00,0.000000e+00,0.000000e+00,0.000000e+00,0.000000e+00,0.000000e+00,0.000000e+00,0.000000e+00,0.000000e+00,0.000000e+00,0.000000e+00
1.000000e+00,0.000000e+00,0.000000e+00,0.000000e+00,0.000000e+00,0.000000e+00,0.000000e+00,0.000000e+00,0.000000e+00,0.000000e+00,0.000000e+00,0.000000e+00,0.000000e+00,0.000000e+00,0.000000e+00
1.000000e+00,0.000000e+00,0.000000e+00,0.000000e+00,0.000000e+00,0.000000e+00,0.000000e+00,0.000000e+00,0.000000e+00,0.000000e+00,0.000000e+00,0.000000e+00,0.000000e+00,0.000000e+00,0.000000e+00
1.000000e+00,0.000000e+00,0.000000e+00,0.000000e+00,0.000000e+00,0.000000e+00,0.000000e+00,0.000000e+00,0.000000e+00,0.000000e+00,0.000000e+00,0.000000e+00,0.000000e+00,0.000000e+00,0.000000e+00
1.000000e+00,0.000000e+00,0.000000e+00,0.000000e+00,0.000000e+00,0.000000e+00,0.000000e+00,0.000000e+00,0.000000e+00,0.000000e+00,0.000000e+00,0.000000e+00,0.000000e+00,0.000000e+00,0.000000e+00
1.000000e+00,0.000000e+00,0.000000e+00,0.000000e+00,0.000000e+00,0.000000e+00,0.000000e+00,0.000000e+00,0.000000e+00,0.000000e+00,0.000000e+00,0.000000e+00,0.000000e+00,0.000000e+00,0.000000e+00
1.000000e+00,0.000000e+00,0.000000e+00,0.000000e+00,0.000000e+00,0.000000e+00,0.000000e+00,0.000000e+00,0.000000e+00,0.000000e+00,0.000000e+00,0.000000e+00,0.000000e+00,0.000000e+00,0.000000e+00
1.000000e+00,0.000000e+00,0.000000e+00,0.000000e+00,0.000000e+00,0.000000e+00,0.000000e+00,0.000000e+00,0.000000e+00,0.000000e+00,0.000000e+00,0.000000e+00,0.000000e+00,0.000000e+00,0.000000e+00
1.000000e+00,0.000000e+00,0.000000e+00,0.000000e+00,0.000000e+00,0.000000e+00,0.000000e+00,0.000000e+00,0.000000e+00,0.000000e+00,0.000000e+00,0.000000e+00,0.000000e+00,0.000000e+00,0.000000e+00
1.000000e+00,0.000000e+00,0.000000e+00,0.000000e+00,0.000000e+00,0.000000e+00,0.000000e+00,0.000000e+00,0.000000e+00,0.000000e+00,0.000000e+00,0.000000e+00,0.000000e+00,0.000000e+00,0.000000e+00
1.000000e+00,0.000000e+00,0.000000e+00,0.000000e+00,0.000000e+00,0.000000e+00,0.000000e+00,0.000000e+00,0.000000e+00,0.000000e+00,0.000000e+00,0.000000e+00,0.000000e+00,0.000000e+00,0.000000e+00
1.000000e+00,0.000000e+00,0.000000e+00,0.000000e+00,0.000000e+00,0.000000e+00,0.000000e+00,0.000000e+00,0.000000e+00,0.000000e+00,0.000000e+00,0.000000e+00,0.000000e+00,0.000000e+00,0.000000e+00
1.000000e+00,0.000000e+00,0.000000e+00,0.000000e+00,0.000000e+00,0.000000e+00,0.000000e+00,0.000000e+00,0.000000e+00,0.000000e+00,0.000000e+00,0.000000e+00,0.000000e+00,0.000000e+00,0.000000e+00
1.000000e+00,0.000000e+00,0.000000e+00,0.000000e+00,0.000000e+00,0.000000e+00,0.000000e+00,0.000000e+00,0.000000e+00,0.000000e+00,0.000000e+00,0.000000e+00,0.000000e+00,0.000000e+00,0.000000e+00
1.000000e+00,0.000000e+00,0.000000e+00,0.000000e+00,0.000000e+00,0.000000e+00,0.000000e+00,0.000000e+00,0.000000e+00,0.000000e+00,0.000000e+00,0.000000e+00,0.000000e+00,0.000000e+00,0.000000e+00
1.000000e+00,0.000000e+00,0.000000e+00,0.000000e+00,0.000000e+00,0.000000e+00,0.000000e+00,0.000000e+00,0.000000e+00,0.000000e+00,0.000000e+00,0.000000e+00,0.000000e+00,0.000000e+00,0.000000e+00
1.000000e+00,0.000000e+00,0.000000e+00,0.000000e+00,0.000000e+00,0.000000e+00,0.000000e+00,0.000000e+00,0.000000e+00,0.000000e+00,0.000000e+00,0.000000e+00,0.000000e+00,0.000000e+00,0.000000e+00
1.000000e+00,0.000000e+00,0.000000e+00,0.000000e+00,0.000000e+00,0.000000e+00,0.000000e+00,0.000000e+00,0.000000e+00,0.000000e+00,0.000000e+00,0.000000e+00,0.000000e+00,0.000000e+00,0.000000e+00
1.000000e+00,0.000000e+00,0.000000e+00,0.000000e+00,0.000000e+00,0.000000e+00,0.000000e+00,0.000000e+00,0.000000e+00,0.000000e+00,0.000000e+00,0.000000e+00,0.000000e+00,0.000000e+00,0.000000e+00
1.000000e+00,0.000000e+00,0.000000e+00,0.000000e+00,0.000000e+00,0.000000e+00,0.000000e+00,0.000000e+00,0.000000e+00,0.000000e+00,0.000000e+00,0.000000e+00,0.000000e+00,0.000000e+00,0.000000e+00
1.000000e+00,0.000000e+00,0.000000e+00,0.000000e+00,0.000000e+00,0.000000e+00,0.000000e+00,0.000000e+00,0.000000e+00,0.000000e+00,0.000000e+00,0.000000e+00,0.000000e+00,0.000000e+00,0.000000e+00
1.000000e+00,0.000000e+00,0.000000e+00,0.000000e+00,0.000000e+00,0.000000e+00,0.000000e+00,0.000000e+00,0.000000e+00,0.000000e+00,0.000000e+00,0.000000e+00,0.000000e+00,0.000000e+00,0.000000e+00
1.000000e+00,0.000000e+00,0.000000e+00,0.000000e+00,0.000000e+00,0.000000e+00,0.000000e+00,0.000000e+00,0.000000e+00,0.000000e+00,0.000000e+00,0.000000e+00,0.000000e+00,0.000000e+00,0.000000e+00
1.000000e+00,0.000000e+00,0.000000e+00,0.000000e+00,0.000000e+00,0.000000e+00,0.000000e+00,0.000000e+00,0.000000e+00,0.000000e+00,0.000000e+00,0.000000e+00,0.000000e+00,0.000000e+00,0.000000e+00
1.000000e+00,0.000000e+00,0.000000e+00,0.000000e+00,0.000000e+00,0.000000e+00,0.000000e+00,0.000000e+00,0.000000e+00,0.000000e+00,0.000000e+00,0.000000e+00,0.000000e+00,0.000000e+00,0.000000e+00
4.327850e-01,1.610550e-02,3.347777e-02,3.108268e-01,5.516842e-03,1.203650e-02,3.223178e-03,3.522364e-02,3.900483e-02,4.155130e-03,3.378542e-02,1.421524e-02,2.988756e-02,2.117344e-03,2.763922e-02
3.072939e-01,2.178334e-02,2.445963e-02,3.486210e-01,4.354725e-03,9.283085e-03,2.421643e-03,2.544974e-02,6.233791e-02,7.284822e-03,5.257033e-02,1.485021e-02,9.186942e-02,1.741498e-03,2.567874e-02
2.179274e-01,1.675977e-02,1.823588e-02,3.443779e-01,4.026197e-03,1.019130e-02,2.243754e-03,1.856119e-02,4.865448e-02,7.417943e-03,4.170071e-02,1.674014e-02,2.308993e-01,1.379808e-03,2.088419e-02
1.526896e-01,1.202486e-02,1.284130e-02,2.420069e-01,4.208109e-03,1.417237e-02,1.697250e-03,1.300653e-02,3.476540e-02,5.412873e-03,3.249608e-02,7.621129e-02,3.805977e-01,1.240318e-03,1.662945e-02
1.071052e-01,8.447067e-03,8.997830e-03,1.695450e-01,3.099515e-03,1.459228e-02,1.365268e-03,9.119817e-03,2.482284e-02,4.292163e-03,3.228734e-02,3.235334e-01,2.790568e-01,1.161132e-03,1.257436e-02
7.507678e-02,5.927728e-03,6.301839e-03,1.187311e-01,2.240469e-03,1.209655e-02,9.923849e-04,6.387602e-03,1.766429e-02,3.549375e-03,2.730001e-02,5.140764e-01,1.998579e-01,8.819267e-04,8.915660e-03
5.261566e-02,4.151388e-03,4.411781e-03,8.312014e-02,1.598904e-03,9.060616e-03,7.077699e-04,4.480908e-03,1.243819e-02,2.691053e-03,1.987240e-02,6.575309e-01,1.403757e-01,6.865458e-04,6.258063e-03
3.695896e-02,2.907284e-03,3.088619e-03,5.819423e-02,1.154361e-03,6.753337e-03,5.137427e-04,3.148207e-03,8.785402e-03,2.070346e-03,1.610220e-02,7.557618e-01,9.958851e-02,5.763454e-04,4.396638e-03
2.615368e-02,2.042658e-03,2.163029e-03,4.074291e-02,8.180423e-04,4.922026e-03,3.752023e-04,2.252927e-03,6.248632e-03,1.697279e-03,2.517417e-02,8.136802e-01,6.986630e-02,7.717868e-04,3.091165e-03
1.872024e-02,1.549272e-03,1.526160e-03,2.853099e-02,6.027867e-04,3.656108e-03,2.904324e-04,1.742276e-03,4.677107e-03,1.669956e-03,4.238703e-02,8.415286e-01,4.917651e-02,1.643756e-03,2.298706e-03
1.337059e-02,1.352646e-03,1.084394e-03,1.999193e-02,4.536767e-04,2.744958e-03,2.295937e-04,1.402657e-03,4.109378e-03,1.661649e-03,7.164866e-02,8.417426e-01,3.474312e-02,3.616204e-03,1.847868e-03
9.447904e-03,1.280535e-03,7.867015e-04,1.406937e-02,3.352412e-04,2.175316e-03,1.908363e-04,1.132007e-03,7.546733e-03,1.362381e-03,7.361305e-02,8.569061e-01,2.476723e-02,4.830810e-03,1.555822e-03
6.686796e-03,1.443499e-03,5.977758e-04,1.005654e-02,2.840233e-04,1.772404e-03,1.585513e-04,8.929618e-04,2.794089e-02,1.422642e-03,8.919886e-02,8.321999e-01,1.802638e-02,7.704418e-03,1.614384e-03
4.745560e-03,1.560569e-03,4.722116e-04,7.147140e-03,3.343509e-04,1.813074e-03,1.354056e-04,6.910617e-04,6.746208e-02,2.009781e-03,1.520279e-01,7.201478e-01,1.289746e-02,2.555703e-02,2.998482e-03
3.471595e-03,2.020424e-03,3.800570e-04,5.140868e-03,4.311444e-04,1.871456e-03,1.150235e-04,5.461622e-04,9.491829e-02,2.675549e-03,2.253442e-01,5.550439e-01,9.488122e-03,9.326614e-02,5.287172e-03
2.634688e-03,2.511862e-03,4.066912e-04,4.069461e-03,1.215750e-03,3.713304e-03,1.566103e-04,4.552760e-04,1.591790e-01,4.499694e-03,2.431547e-01,4.269237e-01,7.075039e-03,1.359253e-01,8.078938e-03
1.982717e-03,1.981990e-03,3.422356e-04,3.149069e-03,1.316983e-03,3.654967e-03,1.377196e-04,3.445428e-04,1.270888e-01,4.830666e-03,3.909746e-01,3.142095e-01,5.452421e-03,1.368689e-01,7.665013e-03
1.533627e-03,1.916958e-03,4.180629e-04,2.334054e-03,1.565452e-03,4.947105e-03,1.326301e-04,3.059230e-04,9.829569e-02,5.672053e-03,4.917121e-01,2.451665e-01,4.432735e-03,1.350218e-01,6.545389e-03
1.393344e-03,5.404095e-03,1.771253e-03,1.744305e-03,5.141815e-03,5.670578e-03,1.328809e-04,4.345161e-04,9.299529e-02,1.114967e-02,4.980713e-01,1.992836e-01,3.285787e-03,1.663719e-01,7.149812e-03
1.753163e-03,7.801120e-03,5.704591e-03,1.549275e-03,4.808440e-03,1.861630e-02,2.458101e-04,1.135538e-03,8.886757e-02,1.073061e-02,5.058506e-01,1.448898e-01,2.880024e-03,1.987924e-01,6.374890e-03
2.299719e-03,1.230446e-02,9.114217e-03,2.049835e-03,5.004440e-03,8.211495e-02,4.198671e-04,2.353627e-03,1.228486e-01,1.283932e-02,4.283580e-01,1.061415e-01,4.646868e-03,2.010654e-01,8.439167e-03
3.433306e-03,1.764993e-02,1.076962e-02,5.393410e-03,5.619804e-03,1.590194e-01,3.918853e-04,1.029616e-02,1.547932e-01,1.192826e-02,3.322551e-01,7.603260e-02,4.310314e-03,1.985544e-01,9.552657e-03
3.517202e-03,1.543226e-02,9.329128e-03,6.139828e-03,6.029621e-03,3.018818e-01,4.045963e-04,1.061929e-02,1.739928e-01,9.233273e-03,2.402136e-01,5.375040e-02,3.456196e-03,1.582497e-01,7.750281e-03
3.484627e-03,1.319767e-02,6.788453e-03,1.322580e-02,5.240508e-03,4.470633e-01,3.057442e-04,8.500647e-03,1.573761e-01,9.409865e-03,1.713907e-01,3.798208e-02,2.748461e-03,1.152726e-01,8.013465e-03
3.676798e-03,1.100386e-02,4.983904e-03,1.111409e-02,5.775790e-03,5.750839e-01,2.483345e-04,9.109729e-03,1.320303e-01,7.490915e-03,1.213335e-01,2.702080e-02,2.613987e-03,8.143491e-02,7.079147e-03
9.811989e-03,8.584495e-03,4.376411e-03,1.489780e-02,9.860592e-03,6.481639e-01,4.286738e-04,1.655762e-02,1.091218e-01,6.069540e-03,8.686591e-02,1.917075e-02,2.027037e-03,5.813584e-02,5.927653e-03
2.555016e-02,8.035656e-03,4.479604e-03,1.636824e-02,1.399207e-02,6.890544e-01,5.801911e-04,1.277505e-02,9.300728e-02,5.808481e-03,6.393447e-02,1.461342e-02,2.287770e-03,4.326898e-02,6.244202e-03
3.512824e-02,1.193414e-02,4.954467e-03,1.416717e-02,1.550242e-02,7.136657e-01,6.776492e-04,1.000694e-02,8.649027e-02,5.343324e-03,4.763694e-02,1.162006e-02,2.621074e-03,3.348557e-02,6.765921e-03
4.786068e-02,1.793669e-02,9.629857e-03,1.859312e-02,1.419939e-02,6.825060e-01,9.709257e-04,9.529464e-03,1.086664e-01,4.787150e-03,3.872726e-02,1.046437e-02,3.039239e-03,2.667984e-02,6.409502e-03
5.970471e-02,2.424158e-02,1.219566e-02,2.009062e-02,4.066093e-02,5.658846e-01,1.854004e-03,1.145360e-02,1.855416e-01,4.885464e-03,3.008965e-02,1.269879e-02,3.043670e-03,2.118507e-02,6.469969e-03
6.174614e-02,3.595522e-02,1.117932e-02,1.648485e-02,3.777098e-02,4.926965e-01,1.854510e-03,1.156511e-02,2.537010e-01,4.844496e-03,2.954932e-02,1.369005e-02,2.913711e-03,1.968933e-02,6.359330e-03
1.018358e-01,6.088864e-02,1.235610e-02,2.145497e-02,3.844723e-02,3.699345e-01,2.000636e-03,1.851160e-02,2.869328e-01,6.074950e-03,3.047578e-02,1.842919e-02,3.255881e-03,2.020980e-02,9.192055e-03
1.612134e-01,1.210334e-01,1.210710e-02,2.062716e-02,3.420649e-02,2.919848e-01,2.005223e-03,1.982662e-02,2.399108e-01,5.944456e-03,2.882848e-02,1.756519e-02,4.634285e-03,2.574782e-02,1.436470e-02
2.600408e-01,9.249793e-02,1.129204e-02,1.656040e-02,2.615062e-02,2.091645e-01,1.785570e-03,1.585694e-02,1.724105e-01,6.405499e-03,8.939812e-02,2.573182e-02,4.097310e-03,5.446263e-02,1.414530e-02
2.386687e-01,6.639860e-02,9.028832e-03,1.216395e-02,1.896329e-02,1.526713e-01,1.371013e-03,1.152937e-02,1.221911e-01,5.436415e-03,2.452287e-01,2.894075e-02,3.546939e-03,7.248269e-02,1.137834e-02
1.944588e-01,4.804925e-02,8.119048e-03,9.308514e-03,1.436211e-02,1.107867e-01,1.161045e-03,8.564660e-03,8.729916e-02,4.254074e-03,3.508288e-01,3.977677e-02,3.277312e-03,1.098696e-01,9.884126e-03
1.443542e-01,3.487150e-02,6.702769e-03,6.913765e-03,1.134226e-02,7.862602e-02,1.019498e-03,6.409223e-03,6.617376e-02,3.456114e-03,4.130251e-01,6.039771e-02,2.451312e-03,1.558507e-01,8.406094e-03
1.029296e-01,2.472027e-02,5.047563e-03,4.976743e-03,8.507928e-03,5.569766e-02,7.711788e-04,4.638336e-03,4.866463e-02,2.589257e-03,4.574301e-01,6.683242e-02,1.875566e-03,2.091282e-01,6.190509e-03
7.214198e-02,2.014020e-02,4.143827e-03,3.854577e-03,7.500208e-03,3.922344e-02,5.771415e-04,3.321118e-03,7.211794e-02,3.255797e-03,4.837910e-01,7.625447e-02,1.353642e-03,2.073865e-01,4.938223e-03
5.080746e-02,1.471512e-02,4.029788e-03,3.914521e-03,7.377946e-03,2.867251e-02,4.789701e-04,2.730193e-03,1.316594e-01,4.982239e-03,4.745812e-01,6.370227e-02,1.075326e-03,2.072044e-01,4.068707e-03
3.576890e-02,1.171959e-02,3.862953e-03,3.118651e-03,6.350850e-03,2.193868e-02,4.071456e-04,2.303992e-03,2.273211e-01,6.139380e-03,4.151114e-01,5.053576e-02,8.021261e-04,2.108352e-01,3.784349e-03
2.538330e-02,8.695439e-03,3.019322e-03,2.241106e-03,5.012468e-03,1.757524e-02,2.990455e-04,1.713326e-03,3.291355e-01,7.973534e-03,3.860095e-01,3.718707e-02,5.857233e-04,1.678098e-01,7.359794e-03
1.789440e-02,6.497635e-03,2.537739e-03,1.717861e-03,3.777270e-03,1.555295e-02,2.227181e-04,1.362951e-03,4.728090e-01,8.678386e-03,3.030884e-01,2.656760e-02,4.459502e-04,1.276193e-01,1.122786e-02
1.316681e-02,4.816107e-03,2.056087e-03,2.271825e-03,2.885475e-03,1.813682e-02,1.730535e-04,1.279699e-03,5.327123e-01,5.153409e-02,2.338689e-01,2.024437e-02,8.474062e-04,1.008335e-01,1.517357e-02
1.034321e-02,4.349850e-03,3.018101e-03,6.328736e-03,2.311197e-03,1.683701e-02,1.511329e-04,1.614730e-03,6.086024e-01,4.936198e-02,1.773274e-01,1.581612e-02,1.618557e-03,8.581602e-02,1.650357e-02
7.851074e-03,4.219124e-03,2.509350e-03,6.219815e-03,1.752447e-03,1.441624e-02,1.386669e-04,1.334367e-03,6.513976e-01,4.369567e-02,1.467630e-01,1.303878e-02,2.102211e-03,8.221424e-02,2.234741e-02
8.932680e-03,1.289036e-02,3.234519e-03,5.276754e-03,1.709351e-03,1.600703e-02,1.276061e-04,1.356944e-03,5.978787e-01,1.143471e-01,1.244184e-01,9.918955e-03,2.454265e-03,8.057063e-02,2.087664e-02
9.278274e-03,5.430524e-02,3.392757e-03,4.843385e-03,2.214657e-03,2.890047e-02,2.674964e-04,2.153388e-03,6.133816e-01,8.915031e-02,9.495425e-02,7.345311e-03,2.635050e-03,7.012969e-02,1.704815e-02
7.456332e-03,1.187909e-01,4.183350e-03,2.002989e-02,2.118916e-03,2.143903e-02,2.008828e-04,1.753857e-03,6.195471e-01,6.454670e-02,6.727546e-02,5.215779e-03,1.980620e-03,5.058714e-02,1.487408e-02
8.369069e-03,1.295953e-01,3.120238e-03,1.951987e-02,7.685549e-03,2.924738e-02,1.524912e-04,1.782662e-03,6.493147e-01,4.716536e-02,4.727315e-02,3.668824e-03,1.446374e-03,3.664388e-02,1.501520e-02
1.105103e-02,1.597712e-01,2.365400e-03,1.559152e-02,1.292939e-02,2.527059e-02,1.221602e-04,1.572324e-03,5.995099e-01,4.462798e-02,3.331968e-02,2.593276e-03,1.156359e-03,2.711056e-02,6.300870e-02
1.876373e-02,1.564510e-01,1.874436e-03,1.313812e-02,2.570873e-02,2.408118e-02,1.103898e-04,2.635575e-03,6.264324e-01,3.403363e-02,2.365406e-02,1.838202e-03,8.340391e-04,1.997569e-02,5.046878e-02
2.273329e-02,1.412495e-01,2.343449e-03,4.312900e-02,4.704250e-02,2.049923e-02,3.349790e-04,1.676282e-02,5.698113e-01,3.089357e-02,1.727807e-02,1.401802e-03,7.212881e-04,1.601230e-02,6.978689e-02
2.376580e-02,1.220407e-01,2.598933e-02,6.364390e-02,4.162947e-02,1.697611e-02,3.216770e-04,2.774306e-02,4.472672e-01,5.924861e-02,1.249250e-02,1.153701e-03,6.699400e-04,1.150798e-02,1.455501e-01
2.939345e-02,1.161687e-01,4.522267e-02,1.002593e-01,5.249608e-02,3.197368e-02,6.117532e-04,4.290614e-02,3.667795e-01,6.714983e-02,9.091157e-03,9.216287e-04,7.741743e-04,8.381728e-03,1.278703e-01
3.830434e-02,1.107010e-01,4.071714e-02,1.018954e-01,7.155780e-02,4.238114e-02,8.714808e-04,5.642252e-02,3.712775e-01,4.993423e-02,6.639259e-03,7.263094e-04,8.000054e-04,6.202010e-03,1.015699e-01
5.973158e-02,1.267376e-01,5.685907e-02,8.898890e-02,8.096857e-02,4.103181e-02,8.042518e-04,4.513177e-02,3.249862e-01,4.100104e-02,5.555983e-03,7.860072e-04,9.397176e-04,5.279813e-03,1.211977e-01
7.237803e-02,1.260272e-01,5.981825e-02,1.113126e-01,7.934493e-02,4.491002e-02,9.458718e-04,5.677567e-02,2.827027e-01,3.143353e-02,5.174605e-03,1.237774e-03,1.223964e-03,4.582098e-03,1.221327e-01
7.760669e-02,1.101674e-01,4.603796e-02,1.312607e-01,1.602664e-01,4.112133e-02,1.267320e-02,6.862132e-02,2.310284e-01,2.262418e-02,4.058650e-03,1.221975e-03,1.596873e-03,3.290174e-03,8.842473e-02
1.054189e-01,8.355415e-02,3.419062e-02,1.294916e-01,2.804886e-01,3.298427e-02,9.489922e-03,5.295022e-02,1.737140e-01,1.868303e-02,7.848962e-03,1.922216e-03,2.273475e-03,2.685790e-03,6.430423e-02
8.063638e-02,6.839553e-02,2.472131e-02,1.489389e-01,2.163536e-01,3.797619e-02,7.268215e-03,3.788546e-02,2.180252e-01,3.309645e-02,4.908434e-02,4.140256e-03,1.098182e-02,3.283546e-03,5.921278e-02
5.728150e-02,4.840153e-02,1.735574e-02,1.051288e-01,1.528809e-01,2.734715e-02,5.140824e-03,2.660979e-02,4.152780e-01,2.702698e-02,5.485506e-02,2.989943e-03,9.009849e-03,3.179463e-03,4.751452e-02
4.019379e-02,3.401738e-02,1.218451e-02,7.381222e-02,1.071248e-01,1.946356e-02,3.610097e-03,1.865590e-02,5.798144e-01,2.031257e-02,3.912496e-02,2.104260e-03,6.624920e-03,2.718151e-03,4.023852e-02
2.990505e-02,2.438072e-02,8.675210e-03,5.176162e-02,7.571103e-02,1.803340e-02,2.623037e-03,1.309908e-02,6.245878e-01,1.654976e-02,3.502519e-02,1.587052e-03,7.080844e-03,2.538829e-02,6.559194e-02
2.377763e-02,1.725758e-02,6.091534e-03,3.624701e-02,5.314366e-02,1.298275e-02,1.852381e-03,9.180999e-03,5.682069e-01,1.266252e-02,2.569727e-02,1.194642e-03,6.103340e-03,7.364564e-02,1.519562e-01
1.949033e-02,1.232526e-02,4.284249e-03,2.538188e-02,3.741627e-02,9.403086e-03,1.321547e-03,6.439691e-03,5.246426e-01,9.838251e-03,2.038746e-02,9.407232e-04,5.544735e-03,1.408715e-01,1.817124e-01
1.782648e-02,8.888563e-03,3.043361e-03,1.780282e-02,2.638376e-02,7.859481e-03,9.850269e-04,4.538054e-03,4.471340e-01,7.884292e-03,1.738863e-02,8.173749e-04,4.734512e-03,2.094257e-01,2.252879e-01
1.534357e-02,6.419639e-03,2.166033e-03,1.248125e-02,1.858549e-02,6.909119e-03,7.326611e-04,3.195284e-03,3.449422e-01,6.288501e-03,1.849461e-02,6.733912e-04,4.060417e-03,3.067142e-01,2.529936e-01
1.267569e-02,4.810074e-03,1.576653e-03,8.780546e-03,1.336525e-02,5.965015e-03,5.553393e-04,2.251051e-03,3.094522e-01,6.446274e-03,2.306949e-02,6.634829e-04,3.300617e-03,3.366473e-01,2.704410e-01
9.785679e-03,3.481921e-03,1.156379e-03,6.232530e-03,9.467394e-03,4.794274e-03,4.058915e-04,1.580350e-03,2.846920e-01,1.360201e-02,2.502126e-02,6.590673e-04,2.624336e-03,4.302256e-01,2.062713e-01
7.203502e-03,2.495703e-03,8.715383e-04,4.406795e-03,6.676872e-03,3.719790e-03,2.981598e-04,1.108104e-03,2.458424e-01,2.144643e-02,2.919736e-02,5.790782e-04,2.052884e-03,5.126414e-01,1.614600e-01
5.496331e-03,1.820287e-03,6.559959e-04,3.106758e-03,4.719114e-03,2.882473e-03,2.307668e-04,7.796232e-04,1.945886e-01,2.634000e-02,2.625512e-02,5.006391e-04,1.639465e-03,6.134877e-01,1.174972e-01
5.095407e-03,1.445690e-03,5.722276e-04,2.261612e-03,3.429585e-03,2.507233e-03,2.147249e-04,5.726929e-04,1.620473e-01,5.932902e-02,3.040604e-02,5.497614e-04,1.771590e-03,6.417792e-01,8.801785e-02
6.001384e-03,1.387279e-03,4.975446e-04,2.427183e-03,3.045869e-03,2.078695e-03,1.914830e-04,4.832509e-04,2.217144e-01,9.286387e-02,1.046416e-01,9.998631e-04,3.129201e-03,4.938265e-01,6.671181e-02
4.528524e-03,1.040053e-03,3.892055e-04,3.211167e-03,2.282758e-03,2.723561e-03,1.522126e-04,3.819616e-04,2.944354e-01,1.231737e-01,1.322064e-01,1.564821e-03,5.060339e-03,3.768865e-01,5.196331e-02
3.704666e-03,8.205679e-04,3.367183e-04,3.222740e-03,1.749927e-03,1.605656e-02,2.000559e-04,3.043732e-04,3.431687e-01,1.319463e-01,1.262029e-01,4.880778e-03,1.121402e-02,3.125764e-01,4.361518e-02
2.987895e-03,6.031886e-04,2.958979e-04,9.152275e-03,1.601470e-03,1.834496e-02,2.197928e-04,5.949114e-04,3.147810e-01,1.219858e-01,1.908518e-01,2.621223e-02,4.317626e-02,2.320239e-01,3.716866e-02
2.587565e-03,6.505267e-04,5.083191e-04,2.867332e-02,1.151564e-02,1.428357e-02,4.134575e-04,1.329354e-02,3.080292e-01,1.268441e-01,2.081874e-01,4.070249e-02,3.914095e-02,1.766355e-01,2.853439e-02
2.111868e-03,5.463404e-04,1.078706e-03,2.658561e-02,9.970334e-03,1.540919e-02,4.620182e-04,2.051493e-01,2.515373e-01,9.213423e-02,1.658482e-01,5.147211e-02,3.250483e-02,1.242113e-01,2.097869e-02
1.527152e-03,3.895805e-04,9.323753e-04,1.883970e-02,7.174313e-03,1.086861e-02,3.549308e-04,4.377934e-01,1.790433e-01,6.452645e-02,1.170427e-01,3.685122e-02,2.297970e-02,8.697560e-02,1.470096e-02
1.204839e-03,2.868302e-04,1.077594e-03,1.453307e-02,5.316719e-03,7.759477e-03,2.705203e-04,6.018329e-01,1.270296e-01,4.518945e-02,8.210567e-02,2.599524e-02,1.617369e-02,6.091578e-02,1.030865e-02
1.731849e-03,4.734818e-04,1.310137e-03,2.623890e-02,4.867658e-03,5.995381e-03,2.061227e-04,6.777216e-01,1.104136e-01,3.192823e-02,5.828681e-02,1.857656e-02,1.180769e-02,4.281858e-02,7.623460e-03
4.983934e-03,7.710153e-04,1.533478e-03,3.912773e-02,5.095865e-03,4.972424e-03,2.071007e-04,7.075440e-01,1.092196e-01,2.274150e-02,4.248078e-02,1.381032e-02,9.666538e-03,3.026317e-02,7.582578e-03
1.240386e-02,7.853479e-04,1.857799e-03,3.609801e-02,1.310585e-02,4.503993e-03,3.158480e-04,7.454325e-01,8.578987e-02,1.602455e-02,3.524099e-02,1.035670e-02,1.076845e-02,2.172764e-02,5.588685e-03
1.498557e-02,1.148449e-03,1.505375e-03,2.699859e-02,1.335610e-02,4.040903e-03,2.924395e-04,7.902908e-01,7.134220e-02,1.131784e-02,2.907839e-02,7.460275e-03,8.857263e-03,1.531242e-02,4.013528e-03
1.378409e-02,1.263378e-03,1.215727e-03,2.001510e-02,1.392023e-02,3.132550e-03,2.679066e-04,8.372766e-01,5.475064e-02,7.953649e-03,2.106006e-02,5.280631e-03,6.469756e-03,1.076692e-02,2.842783e-03
1.382937e-02,1.295783e-03,1.094476e-03,1.570028e-02,1.386888e-02,2.376362e-03,2.441494e-04,8.717011e-01,4.116850e-02,5.585592e-03,1.504480e-02,3.750598e-03,4.705226e-03,7.608492e-03,2.026443e-03
1.640954e-02,1.374042e-03,1.068671e-03,1.166166e-02,1.387407e-02,2.584997e-03,3.540448e-04,8.935426e-01,3.117206e-02,3.925460e-03,1.081091e-02,2.756097e-03,3.567478e-03,5.435335e-03,1.463079e-03
1.884658e-02,1.373444e-03,1.087470e-03,8.454067e-03,1.183765e-02,2.414861e-03,5.288835e-04,9.120649e-01,2.301564e-02,2.759990e-03,7.684834e-03,2.127214e-03,2.700626e-03,4.010891e-03,1.093033e-03
2.315367e-02,1.633206e-03,2.292241e-03,6.731212e-03,1.065739e-02,3.146639e-03,7.539969e-04,9.194318e-01,1.688424e-02,1.975574e-03,5.570123e-03,1.770816e-03,2.061241e-03,2.948597e-03,9.893230e-04
2.586346e-02,1.950928e-03,2.780404e-03,5.768796e-03,9.127003e-03,3.177312e-03,8.308220e-04,9.262859e-01,1.270841e-02,1.412416e-03,4.060601e-03,1.444655e-03,1.577997e-03,2.134446e-03,8.769293e-04
3.126314e-02,2.108992e-03,3.887975e-03,5.201340e-03,8.003814e-03,3.529361e-03,1.256409e-03,9.253747e-01,9.836518e-03,1.026448e-03,3.022997e-03,1.649053e-03,1.338990e-03,1.607319e-03,8.928934e-04
3.497753e-02,2.268829e-03,4.462155e-03,4.620540e-03,6.819191e-03,3.459577e-03,1.616508e-03,9.253715e-01,7.974445e-03,7.832323e-04,2.379622e-03,1.737380e-03,1.283931e-03,1.251057e-03,9.943987e-04
3.561594e-02,2.023980e-03,4.131902e-03,3.644147e-03,6.115360e-03,2.933721e-03,1.832507e-03,9.296582e-01,7.042097e-03,5.955804e-04,1.852540e-03,1.620426e-03,1.073880e-03,9.413363e-04,9.183344e-04
3.299813e-02,1.536956e-03,4.178913e-03,3.059426e-03,5.253153e-03,2.319051e-03,3.139173e-03,9.367087e-01,5.487696e-03,4.412186e-04,1.365946e-03,1.271034e-03,8.567239e-04,6.768291e-04,7.070464e-04
2.739538e-02,1.172980e-03,3.627962e-03,2.480386e-03,4.115552e-03,1.723920e-03,2.797436e-03,9.487248e-01,4.008235e-03,3.373813e-04,9.837989e-04,9.667988e-04,6.497900e-04,4.845683e-04,5.310637e-04
2.542566e-02,9.195420e-04,2.861485e-03,1.973795e-03,2.997517e-03,1.310387e-03,2.476374e-03,9.558004e-01,2.930923e-03,2.987693e-04,7.305674e-04,9.066811e-04,5.322512e-04,3.630882e-04,4.727073e-04
5.484281e-02,2.595149e-03,2.526212e-03,3.264407e-03,2.598603e-03,3.997447e-03,2.360861e-03,8.942391e-01,5.812866e-03,1.667339e-03,2.610399e-03,6.050101e-03,1.071167e-02,1.054898e-03,5.668167e-03
7.532804e-02,4.104683e-03,2.162314e-03,7.183061e-03,3.970793e-03,4.391845e-03,2.065625e-03,8.088963e-01,1.064553e-02,3.445677e-03,9.615922e-03,1.272985e-02,4.519983e-02,1.428540e-03,8.832020e-03
9.579159e-02,4.004483e-03,1.845256e-03,6.949856e-03,5.956509e-03,4.080423e-03,1.816997e-03,7.169039e-01,1.251557e-02,4.082989e-03,1.410670e-02,1.359833e-02,1.072660e-01,1.252860e-03,9.828549e-03
7.432546e-02,2.931567e-03,1.379758e-03,5.276035e-03,7.466582e-03,3.056781e-03,1.623214e-03,5.322110e-01,1.074830e-02,2.945625e-03,2.060753e-02,1.322025e-02,3.144449e-01,9.562089e-04,8.806795e-03
7.942982e-02,2.704304e-03,1.293419e-03,4.224078e-03,1.133937e-02,3.158280e-03,1.545341e-03,3.970252e-01,1.728660e-02,2.238154e-03,2.447433e-02,1.208725e-02,4.339028e-01,8.482775e-04,8.442785e-03
8.023208e-02,2.436938e-03,1.404143e-03,3.102812e-03,1.112168e-02,2.858707e-03,1.694903e-03,3.201077e-01,2.020199e-02,1.644349e-03,3.925020e-02,1.386732e-02,4.942831e-01,7.278801e-04,7.066187e-03
6.668802e-02,1.900901e-03,1.706675e-03,2.536716e-03,1.661737e-02,2.497583e-03,1.723644e-03,2.895112e-01,2.992473e-02,1.215671e-03,6.852059e-02,1.166692e-02,4.981716e-01,5.624802e-04,6.755885e-03
7.328770e-02,1.732594e-03,2.522060e-03,2.357778e-03,1.750009e-02,2.456080e-03,1.925997e-03,3.614280e-01,2.924207e-02,9.419866e-04,7.525323e-02,1.088515e-02,4.148086e-01,5.049935e-04,5.153629e-03
7.187451e-02,4.042993e-03,5.604001e-03,3.724015e-03,2.095971e-02,3.238718e-03,2.115747e-03,4.616981e-01,3.423668e-02,8.323400e-04,6.180647e-02,1.343925e-02,3.116288e-01,4.950654e-04,4.303686e-03
7.262473e-02,7.812123e-03,1.409955e-02,7.651246e-03,5.613273e-02,3.898106e-03,3.981430e-03,4.456566e-01,8.261766e-02,1.042239e-03,5.158677e-02,1.663921e-02,2.309074e-01,5.770935e-04,4.773091e-03
7.433070e-02,1.244799e-02,2.310925e-02,8.816661e-03,5.642426e-02,6.438952e-03,3.831426e-03,4.027157e-01,1.584135e-01,1.030160e-03,5.115689e-02,1.872515e-02,1.775422e-01,5.348423e-04,4.482245e-03
6.736074e-02,1.522381e-02,3.816552e-02,1.135279e-02,4.760844e-02,1.312272e-02,3.230683e-03,2.959536e-01,3.031288e-01,1.144063e-03,4.923180e-02,1.697669e-02,1.330632e-01,4.468531e-04,3.990307e-03
7.620108e-02,1.411887e-02,6.920043e-02,2.652397e-02,4.078368e-02,1.214176e-02,3.247452e-03,2.258337e-01,3.688423e-01,2.435261e-03,4.303419e-02,1.410441e-02,9.838774e-02,5.705745e-04,4.574562e-03
6.883586e-02,1.059941e-02,5.329585e-02,2.896141e-02,4.384171e-02,9.733126e-03,3.212340e-03,3.010884e-01,3.589082e-01,2.051779e-03,3.316445e-02,1.100307e-02,7.129227e-02,4.707426e-04,3.541403e-03
5.098077e-02,7.844898e-03,3.791649e-02,2.071303e-02,4.065622e-02,7.205906e-03,2.405350e-03,4.844106e-01,2.624303e-01,1.443105e-03,2.330510e-02,7.753322e-03,5.007833e-02,3.351068e-04,2.521483e-03
3.695466e-02,5.604656e-03,2.691858e-02,1.494531e-02,3.902005e-02,5.250360e-03,1.906205e-03,6.228098e-01,1.860281e-01,1.024147e-03,1.651225e-02,5.460019e-03,3.544521e-02,2.468284e-04,1.873821e-03
2.640948e-02,3.928457e-03,1.887209e-02,1.050315e-02,2.798807e-02,3.791017e-03,1.351440e-03,7.344755e-01,1.302463e-01,7.205392e-04,1.157705e-02,3.824863e-03,2.482391e-02,1.742548e-04,1.313852e-03
2.010318e-02,2.784777e-03,1.327655e-02,7.429826e-03,2.040326e-02,2.806698e-03,9.696642e-04,8.111302e-01,9.119991e-02,5.175463e-04,8.203878e-03,2.697531e-03,1.742189e-02,1.284514e-04,9.266703e-04
2.337964e-02,2.610909e-03,9.799672e-03,6.138034e-03,1.466241e-02,5.075994e-03,7.352614e-04,7.496533e-01,6.456754e-02,5.428821e-04,2.963922e-02,9.438759e-03,8.228339e-02,2.222663e-04,1.250776e-03
1.695504e-02,1.917984e-03,7.106344e-03,5.769745e-03,1.052905e-02,6.846206e-03,6.074487e-04,5.636194e-01,4.615090e-02,3.991582e-04,2.268596e-02,1.261426e-02,2.990476e-01,1.702694e-04,5.580685e-03
1.211925e-02,1.382546e-03,5.037539e-03,4.586441e-03,7.418592e-03,6.068060e-03,5.913221e-04,4.206086e-01,3.324487e-02,3.837709e-04,1.734105e-02,1.449569e-02,4.690958e-01,1.976088e-04,7.428855e-03
8.817866e-03,9.914347e-04,3.562650e-03,3.489010e-03,5.292184e-03,5.069952e-03,8.482893e-04,3.015841e-01,2.485609e-02,3.242187e-04,1.671131e-02,3.440215e-02,5.879952e-01,3.607519e-04,5.694796e-03
6.272005e-03,7.831597e-04,2.600564e-03,2.578298e-03,3.745758e-03,4.263702e-03,8.138246e-04,2.138727e-01,1.965114e-02,4.364533e-04,1.757636e-02,1.128493e-01,6.071053e-01,1.611015e-03,5.840429e-03
4.539034e-03,6.658742e-04,1.993851e-03,1.914502e-03,2.668124e-03,5.022846e-03,8.168420e-04,1.513739e-01,1.550019e-02,1.841394e-03,1.651638e-02,2.826812e-01,5.041524e-01,3.776092e-03,6.537348e-03
3.532408e-03,1.701079e-03,1.879462e-03,1.431754e-03,2.544059e-03,4.218797e-03,6.843136e-04,1.062562e-01,1.360761e-02,2.274553e-03,2.740786e-02,4.191750e-01,3.951438e-01,1.283519e-02,7.307778e-03
3.037215e-03,1.423355e-03,1.429944e-03,1.278121e-03,2.770413e-03,6.539966e-03,5.964768e-04,7.501597e-02,1.177229e-02,3.630732e-03,4.463308e-02,5.369029e-01,2.806835e-01,2.456142e-02,5.724578e-03
2.733448e-03,1.154630e-03,1.310527e-03,1.471941e-03,4.267534e-03,2.316632e-02,5.455255e-04,5.324118e-02,9.521825e-03,4.109196e-03,7.858834e-02,5.957466e-01,1.978379e-01,2.211231e-02,4.192750e-03
2.584201e-03,1.207113e-03,2.328318e-03,1.571212e-03,1.044139e-02,1.775267e-02,4.276752e-04,3.812438e-02,1.257550e-02,5.190111e-03,1.247644e-01,6.055582e-01,1.401239e-01,3.428274e-02,3.068326e-03
2.913903e-03,1.113372e-03,3.576532e-03,1.896931e-03,1.464547e-02,1.460209e-02,4.954982e-04,2.823948e-02,1.095749e-02,5.186789e-03,1.701369e-01,6.148951e-01,9.941923e-02,2.955056e-02,2.370724e-03
2.640607e-03,8.897756e-04,2.702153e-03,1.523960e-03,1.364035e-02,1.127961e-02,3.903735e-04,1.994881e-02,1.022478e-02,4.356694e-03,2.676000e-01,5.576726e-01,7.044031e-02,3.477376e-02,1.916326e-03
3.708946e-03,2.490011e-03,3.928286e-03,1.889316e-03,1.327130e-02,1.102466e-02,4.053110e-04,1.526701e-02,1.731176e-02,5.597768e-03,3.323586e-01,4.976303e-01,5.080227e-02,4.218596e-02,2.128530e-03
3.451538e-03,6.870186e-03,4.681553e-03,1.635785e-03,1.429765e-02,1.205812e-02,3.223355e-04,1.117744e-02,2.623099e-02,1.092089e-02,4.225523e-01,4.080029e-01,3.679594e-02,3.901154e-02,1.990830e-03
3.787755e-03,5.685421e-03,3.748683e-03,1.614820e-03,1.487078e-02,9.334804e-03,3.390345e-04,8.288367e-03,3.611306e-02,1.391917e-02,4.486527e-01,3.574488e-01,2.680842e-02,6.719370e-02,2.194458e-03
9.503716e-03,2.141514e-02,1.909911e-02,3.182061e-03,4.263594e-02,1.066028e-02,6.005512e-04,1.399451e-02,4.345980e-02,1.338135e-02,4.324995e-01,2.921815e-01,1.994605e-02,7.539703e-02,2.043461e-03
2.190869e-02,2.258351e-02,1.574565e-02,4.903537e-03,9.616319e-02,2.142035e-02,1.593711e-03,1.199197e-02,4.423390e-02,1.409440e-02,3.715262e-01,2.512487e-01,1.587659e-02,1.042986e-01,2.410942e-03
4.016458e-02,2.155208e-02,1.588066e-02,9.090837e-03,9.220494e-02,2.630874e-02,2.115729e-03,1.806014e-02,6.016941e-02,1.479244e-02,3.703654e-01,2.284479e-01,1.435833e-02,8.328088e-02,3.208007e-03
4.265291e-02,2.050475e-02,1.181329e-02,7.548153e-03,6.851500e-02,2.130673e-02,1.637590e-03,1.734269e-02,6.667259e-02,1.153482e-02,4.639484e-01,1.905871e-01,1.222951e-02,6.106182e-02,2.644671e-03
5.718565e-02,2.020140e-02,2.081613e-02,7.939404e-03,5.922163e-02,2.047781e-02,2.067660e-03,7.979123e-02,7.513660e-02,1.033294e-02,4.478210e-01,1.388356e-01,1.205663e-02,4.498227e-02,3.134069e-03
4.794448e-02,2.937993e-02,1.660055e-02,6.641876e-03,5.923960e-02,3.037243e-02,1.907706e-03,7.037635e-02,2.193205e-01,7.638741e-03,3.631454e-01,1.000783e-01,1.143854e-02,3.273809e-02,3.177459e-03
3.880636e-02,3.396713e-02,1.358205e-02,7.157878e-03,5.042065e-02,4.098148e-02,1.691517e-03,8.035991e-02,2.216637e-01,6.389908e-03,3.939108e-01,7.231773e-02,1.023267e-02,2.409158e-02,4.426640e-03
2.938746e-02,2.624316e-02,1.125641e-02,1.078614e-02,4.084013e-02,3.146346e-02,1.498075e-03,2.737278e-01,1.807604e-01,5.149049e-03,3.018946e-01,5.260104e-02,1.354906e-02,1.737444e-02,3.468751e-03
2.219833e-02,1.886087e-02,9.326758e-03,8.657270e-03,3.195157e-02,2.465906e-02,1.201353e-03,4.685476e-01,1.332310e-01,3.792167e-03,2.140885e-01,3.737593e-02,1.132363e-02,1.227180e-02,2.514121e-03
1.607707e-02,1.323162e-02,6.655652e-03,6.164660e-03,2.422264e-02,1.762676e-02,8.918665e-04,6.242270e-01,9.355859e-02,2.677021e-03,1.500589e-01,2.620156e-02,8.046655e-03,8.595765e-03,1.764111e-03
1.150190e-02,9.273084e-03,4.789504e-03,4.354058e-03,1.985301e-02,1.252660e-02,6.708628e-04,7.332069e-01,6.558695e-02,1.878484e-03,1.050749e-01,1.835587e-02,5.670329e-03,6.019695e-03,1.237944e-03
9.018457e-03,6.508238e-03,3.395576e-03,3.226136e-03,1.722179e-02,1.001292e-02,4.850637e-04,8.069942e-01,4.597649e-02,1.320187e-03,7.358837e-02,1.288236e-02,4.274725e-03,4.224357e-03,8.711659e-04
8.020727e-03,4.569786e-03,2.396018e-03,2.410005e-03,1.673146e-02,8.057039e-03,3.757909e-04,8.566862e-01,3.223800e-02,9.308035e-04,5.156626e-02,9.048745e-03,3.394689e-03,2.962019e-03,6.124720e-04
8.976047e-03,3.222956e-03,1.711980e-03,1.799231e-03,1.529314e-02,6.146340e-03,3.285339e-04,8.915658e-01,2.261639e-02,6.599418e-04,3.616455e-02,6.361066e-03,2.634481e-03,2.085048e-03,4.345356e-04
1.222206e-02,2.276730e-03,1.230601e-03,1.526748e-03,1.240221e-02,5.315389e-03,2.654497e-04,9.147506e-01,1.587840e-02,4.662585e-04,2.541008e-02,4.496934e-03,1.968395e-03,1.476958e-03,3.132291e-04
1.835829e-02,1.615171e-03,8.883023e-04,1.234507e-03,1.092751e-02,4.410152e-03,2.191307e-04,9.270814e-01,1.115822e-02,3.288617e-04,1.784080e-02,3.185828e-03,1.488527e-03,1.039105e-03,2.241813e-04
2.768309e-02,1.182510e-03,6.632094e-04,9.734557e-04,1.029979e-02,3.750245e-03,2.762974e-04,9.299536e-01,7.904333e-03,2.345653e-04,1.261953e-02,2.329491e-03,1.226973e-03,7.391532e-04,1.636782e-04
3.929242e-02,9.194958e-04,5.049215e-04,8.387406e-04,9.494212e-03,3.569761e-03,3.588235e-04,9.263820e-01,5.633064e-03,1.700715e-04,9.029775e-03,1.802585e-03,1.345253e-03,5.320930e-04,1.267310e-04
