1.000000e+00,0.000000e+00,0.000000e+00,0.000000e+00,0.000000e+00,0.000000e+00,0.000000e+00,0.000000e+00,0.000000e+00,0.000000e+00,0.000000e+00,0.000000e+00,0.000000e+00,0.000000e+00,0.000000e+00
1.000000e+00,0.000000e+00,0.000000e+00,0.000000e+00,0.000000e+00,0.000000e+00,0.000000e+00,0.000000e+00,0.000000e+00,0.000000e+00,0.000000e+00,0.000000e+00,0.000000e+00,0.000000e+00,0.000000e+00
1.000000e+00,0.000000e+00,0.000000e+00,0.000000e+00,0.000000e+00,0.000000e+00,0.000000e+00,0.000000e+00,0.000000e+00,0.000000e+00,0.000000e+00,0.000000e+00,0.000000e+00,0.000000e+00,0.000000e+00
1.000000e+00,0.000000e+00,0.000000e+00,0.000000e+00,0.000000e+00,0.000000e+00,0.000000e+00,0.000000e+00,0.000000e+00,0.000000e+00,0.000000e+00,0.000000e+00,0.000000e+00,0.000000e+00,0.000000e+00
1.000000e+00,0.000000e+00,0.000000e+00,0.000000e+00,0.000000e+00,0.000000e+00,0.000000e+00,0.000000e+00,0.000000e+00,0.000000e+00,0.000000e+00,0.000000e+00,0.000000e+00,0.000000e+00,0.000000e+00
1.000000e+00,0.000000e+00,0.000000e+00,0.000000e+00,0.000000e+00,0.000000e+00,0.000000e+00,0.000000e+00,0.000000e+00,0.000000e+00,0.000000e+00,0.000000e+00,0.000000e+00,0.000000e+00,0.000000e+00
1.000000e+00,0.000000e+00,0.000000e+00,0.000000e+00,0.000000e+00,0.000000e+00,0.000000e+00,0.000000e+00,0.000000e+00,0.000000e+00,0.000000e+00,0.000000e+00,0.000000e+00,0.000000e+00,0.000000e+00
1.000000e+00,0.000000e+00,0.000000e+00,0.000000e+00,0.000000e+00,0.000000e+00,0.000000e+00,0.000000e+00,0.000000e+00,0.000000e+00,0.000000e+00,0.000000e+00,0.000000e+00,0.000000e+00,0.000000e+00
1.000000e+00,0.000000e+00,0.000000e+00,0.000000e+00,0.000000e+00,0.000000e+00,0.000000e+00,0.000000e+00,0.000000e+00,0.000000e+00,0.000000e+00,0.000000e+00,0.000000e+00,0.000000e+00,0.000000e+00
1.000000e+00,0.000000e+00,0.000000e+00,0.000000e+00,0.000000e+00,0.000000e+00,0.000000e+00,0.000000e+00,0.000000e+00,0.000000e+00,0.000000e+00,0.000000e+00,0.000000e+00,0.000000e+00,0.000000e+00
1.000000e+00,0.000000e+00,0.000000e+00,0.000000e+00,0.000000e+00,0.000000e+00,0.000000e+00,0.000000e+00,0.000000e+00,0.000000e+00,0.000000e+00,0.000000e+00,0.000000e+00,0.000000e+00,0.000000e+00
1.000000e+00,0.000000e+00,0.000000e+00,0.000000e+00,0.000000e+00,0.000000e+00,0.000000e+00,0.000000e+00,0.000000e+00,0.000000e+00,0.000000e+00,0.000000e+00,0.000000e+00,0.000000e+00,0.000000e+00
1.000000e+00,0.000000e+00,0.000000e+00,0.000000e+00,0.000000e+00,0.000000e+00,0.000000e+00,0.000000e+00,0.000000e+00,0.000000e+00,0.000000e+00,0.000000e+00,0.000000e+00,0.000000e+00,0.000000e+00
1.000000e+00,0.000000e+00,0.000000e+00,0.000000e+00,0.000000e+00,0.000000e+00,0.000000e+00,0.000000e+00,0.000000e+00,0.000000e+00,0.000000e+00,0.000000e+00,0.000000e+00,0.000000e+00,0.000000e+00
1.000000e+00,0.000000e+00,0.000000e+00,0.000000e+00,0.000000e+00,0.000000e+00,0.000000e+00,0.000000e+00,0.000000e+00,0.000000e+00,0.000000e+00,0.000000e+00,0.000000e+00,0.000000e+00,0.000000e+00
1.000000e+00,0.000000e+00,0.000000e+00,0.000000e+00,0.000000e+00,0.000000e+00,0.000000e+00,0.000000e+00,0.000000e+00,0.000000e+00,0.000000e+00,0.000000e+00,0.000000e+00,0.000000e+00,0.000000e+00
1.000000e+00,0.000000e+00,0.000000e+00,0.000000e+00,0.000000e+00,0.000000e+00,0.000000e+00,0.000000e+00,0.000000e+00,0.000000e+00,0.000000e+00,0.000000e+00,0.000000e+00,0.000000e+00,0.000000e+00
1.000000e+00,0.000000e+00,0.000000e+00,0.000000e+00,0.000000e+00,0.000000e+00,0.000000e+00,0.000000e+00,0.000000e+00,0.000000e+00,0.000000e+00,0.000000e+00,0.000000e+00,0.000000e+00,0.000000e+00
1.000000e+00,0.000000e+00,0.000000e+00,0.000000e+00,0.000000e+00,0.000000e+00,0.000000e+00,0.000000e+00,0.000000e+00,0.000000e+00,0.000000e+00,0.000000e+00,0.000000e+00,0.000000e+00,0.000000e+00
1.000000e+00,0.000000e+00,0.000000e+00,0.000000e+00,0.000000e+00,0.000000e+00,0.000000e+00,0.000000e+00,0.000000e+00,0.000000e+00,0.000000e+00,0.000000e+00,0.000000e+00,0.000000e+00,0.000000e+00
1.000000e+00,0.000000e+00,0.000000e+00,0.000000e+00,0.000000e+00,0.000000e+00,0.000000e+00,0.000000e+00,0.000000e+00,0.000000e+00,0.000000e+00,0.000000e+00,0.000000e+00,0.000000e+00,0.000000e+00
1.000000e+00,0.000000e+00,0.000000e+00,0.000000e+00,0.000000e+00,0.000000e+00,0.000000e+00,0.000000e+00,0.000000e+00,0.000000e+00,0.000000e+00,0.000000e+00,0.000000e+00,0.000000e+00,0.000000e+00
1.000000e+00,0.000000e+00,0.000000e+00,0.000000e+00,0.000000e+00,0.000000e+00,0.000000e+00,0.000000e+00,0.000000e+00,0.000000e+00,0.000000e+00,0.000000e+00,0.000000e+00,0.000000e+00,0.000000e+00
1.000000e+00,0.000000e+00,0.000000e+00,0.000000e+00,0.000000e+00,0.000000e+00,0.000000e+00,0.000000e+00,0.000000e+00,0.000000e+00,0.000000e+00,0.000000e+00,0.000000e+00,0.000000e+00,0.000000e+00
1.000000e+00,0.000000e+00,0.000000e+00,0.000000e+00,0.000000e+00,0.000000e+00,0.000000e+00,0.000000e+00,0.000000e+00,0.000000e+00,0.000000e+00,0.000000e+00,0.000000e+00,0.000000e+00,0.000000e+00
1.000000e+00,0.000000e+00,0.000000e+00,0.000000e+00,0.000000e+00,0.000000e+00,0.000000e+00,0.000000e+00,0.000000e+00,0.000000e+00,0.000000e+00,0.000000e+00,0.000000e+00,0.000000e+00,0.000000e+00
1.000000e+00,0.000000e+00,0.000000e+00,0.000000e+00,0.000000e+00,0.000000e+00,0.000000e+00,0.000000e+00,0.000000e+00,0.000000e+00,0.000000e+00,0.000000e+00,0.000000e+00,0.000000e+00,0.000000e+00
1.000000e+00,0.000000e+00,0.000000e+00,0.000000e+00,0.000000e+00,0.000000e+00,0.000000e+00,0.000000e+00,0.000000e+00,0.000000e+00,0.000000e+00,0.000000e+00,0.000000e+00,0.000000e+00,0.000000e+00
1.000000e+00,0.000000e+00,0.000000e+00,0.000000e+00,0.000000e+00,0.000000e+00,0.000000e+00,0.000000e+00,0.000000e+00,0.000000e+00,0.000000e+00,0.000000e+00,0.000000e+00,0.000000e+00,0.000000e+00
1.000000e+00,0.000000e+00,0.000000e+00,0.000000e+00,0.000000e+00,0.000000e+00,0.000000e+00,0.000000e+00,0.000000e+00,0.000000e+00,0.000000e+00,0.000000e+00,0.000000e+00,0.000000e+00,0.000000e+00
1.000000e+00,0.000000e+00,0.000000e+00,0.000000e+00,0.000000e+00,0.000000e+00,0.000000e+00,0.000000e+00,0.000000e+00,0.000000e+00,0.000000e+00,0.000000e+00,0.000000e+00,0.000000e+00,0.000000e+00
1.000000e+00,0.000000e+00,0.000000e+00,0.000000e+00,0.000000e+00,0.000000e+00,0.000000e+00,0.000000e+00,0.000000e+00,0.000000e+00,0.000000e+00,0.000000e+00,0.000000e+00,0.000000e+00,0.000000e+00
1.000000e+00,0.000000e+00,0.000000e+00,0.000000e+00,0.000000e+00,0.000000e+00,0.000000e+00,0.000000e+00,0.000000e+00,0.000000e+00,0.000000e+00,0.000000e+00,0.000000e+00,0.000000e+00,0.000000e+00
1.000000e+00,0.000000e+00,0.000000e+00,0.000000e+00,0.000000e+00,0.000000e+00,0.000000e+00,0.000000e+00,0.000000e+00,0.000000e+00,0.000000e+00,0.000000e+00,0.000000e+00,0.000000e+00,0.000000e+00
1.000000e+00,0.000000e+00,0.000000e+00,0.000000e+00,0.000000e+00,0.000000e+00,0.000000e+00,0.000000e+00,0.000000e+00,0.000000e+00,0.000000e+00,0.000000e+00,0.000000e+00,0.000000e+00,0.000000e+00
1.000000e+00,0.000000e+00,0.000000e+00,0.000000e+00,0.000000e+00,0.000000e+00,0.000000e+00,0.000000e+00,0.000000e+00,0.000000e+00,0.000000e+00,0.000000e+00,0.000000e+00,0.000000e+00,0.000000e+00
1.000000e+00,0.000000e+00,0.000000e+00,0.000000e+00,0.000000e+00,0.000000e+00,0.000000e+00,0.000000e+00,0.000000e+00,0.000000e+00,0.000000e+00,0.000000e+00,0.000000e+00,0.000000e+00,0.000000e+00
1.000000e+00,0.000000e+00,0.000000e+00,0.000000e+00,0.000000e+00,0.000000e+00,0.000000e+00,0.000000e+00,0.000000e+00,0.000000e+00,0.000000e+00,0.000000e+00,0.000000e+00,0.000000e+00,0.000000e+00
1.000000e+00,0.000000e+00,0.000000e+00,0.000000e+00,0.000000e+00,0.000000e+00,0.000000e+00,0.000000e+00,0.000000e+00,0.000000e+00,0.000000e+00,0.000000e+00,0.000000e+00,0.000000e+00,0.000000e+00
1.000000e+00,0.000000e+00,0.000000e+00,0.000000e+00,0.000000e+00,0.000000e+00,0.000000e+00,0.000000e+00,0.000000e+00,0.000000e+00,0.000000e+00,0.000000e+00,0.000000e+00,0.000000e+00,0.000000e+00
1.000000e+00,0.000000e+00,0.000000e+00,0.000000e+00,0.000000e+00,0.000000e+00,0.000000e+00,0.000000e+00,0.000000e+00,0.000000e+00,0.000000e+00,0.000000e+00,0.000000e+00,0.000000e+00,0.000000e+00
1.000000e+00,0.000000e+00,0.000000e+00,0.000000e+00,0.000000e+00,0.000000e+00,0.000000e+00,0.000000e+00,0.000000e+00,0.000000e+00,0.000000e+00,0.000000e+00,0.000000e+00,0.000000e+00,0.000000e+00
1.000000e+00,0.000000e+00,0.000000e+00,0.000000e+00,0.000000e+00,0.000000e+00,0.000000e+00,0.000000e+00,0.000000e+00,0.000000e+00,0.000000e+00,0.000000e+00,0.000000e+00,0.000000e+00,0.000000e+00
1.000000e+00,0.000000e+00,0.000000e+00,0.000000e+00,0.000000e+00,0.000000e+00,0.000000e+00,0.000000e+00,0.000000e+00,0.000000e+00,0.000000e+00,0.000000e+00,0.000000e+00,0.000000e+00,0.000000e+00
1.000000e+00,0.000000e+00,0.000000e+00,0.000000e+00,0.000000e+00,0.000000e+00,0.000000e+00,0.000000e+00,0.000000e+00,0.000000e+00,0.000000e+00,0.000000e+00,0.000000e+00,0.000000e+00,0.000000e+00
1.000000e+00,0.000000e+00,0.000000e+00,0.000000e+00,0.000000e+00,0.000000e+00,0.000000e+00,0.000000e+00,0.000000e+00,0.000000e+00,0.000000e+00,0.000000e+00,0.000000e+00,0.000000e+00,0.000000e+00
1.000000e+00,0.000000e+00,0.000000e+00,0.000000e+00,0.000000e+00,0.000000e+00,0.000000e+00,0.000000e+00,0.000000e+00,0.000000e+00,0.000000e+00,0.000000e+00,0.000000e+00,0.000000e+00,0.000000e+00
1.000000e+00,0.000000e+00,0.000000e+00,0.000000e+00,0.000000e+00,0.000000e+00,0.000000e+00,0.000000e+00,0.000000e+00,0.000000e+00,0.000000e+00,0.000000e+00,0.000000e+00,0.000000e+00,0.000000e+00
1.000000e+00,0.000000e+00,0.000000e+00,0.000000e+00,0.000000e+00,0.000000e+00,0.000000e+00,0.000000e+00,0.000000e+00,0.000000e+00,0.000000e+00,0.000000e+00,0.000000e+00,0.000000e+00,0.000000e+00
1.000000e+00,0.000000e+00,0.000000e+00,0.000000e+00,0.000000e+00,0.000000e+00,0.000000e+00,0.000000e+00,0.000000e+00,0.000000e+00,0.000000e+00,0.000000e+00,0.000000e+00,0.000000e+00,0.000000e+00
1.000000e+00,0.000000e+00,0.000000e+00,0.000000e+00,0.000000e+00,0.000000e+00,0.000000e+00,0.000000e+00,0.000000e+00,0.000000e+00,0.000000e+00,0.000000e+00,0.000000e+00,0.000000e+00,0.000000e+00
1.000000e+00,0.000000e+00,0.000000e+00,0.000000e+00,0.000000e+00,0.000000e+00,0.000000e+00,0.000000e+00,0.000000e+00,0.000000e+00,0.000000e+00,0.000000e+00,0.000000e+00,0.000000e+00,0.000000e+00
1.000000e+00,0.000000e+00,0.000000e+00,0.000000e+00,0.000000e+00,0.000000e+00,0.000000e+00,0.000000e+00,0.000000e+00,0.000000e+00,0.000000e+00,0.000000e+00,0.000000e+00,0.000000e+00,0.000000e+00
1.000000e+00,0.000000e+00,0.000000e+00,0.000000e+00,0.000000e+00,0.000000e+00,0.000000e+00,0.000000e+00,0.000000e+00,0.000000e+00,0.000000e+00,0.000000e+00,0.000000e+00,0.000000e+00,0.000000e+00
1.000000e+00,0.000000e+00,0.000000e+00,0.000000e+00,0.000000e+00,0.000000e+00,0.000000e+00,0.000000e+00,0.000000e+00,0.000000e+00,0.000000e+00,0.000000e+00,0.000000e+00,0.000000e+00,0.000000e+00
1.000000e+00,0.000000e+00,0.000000e+00,0.000000e+00,0.000000e+00,0.000000e+00,0.000000e+00,0.000000e+00,0.000000e+00,0.000000e+00,0.000000e+00,0.000000e+00,0.000000e+00,0.000000e+00,0.000000e+00
1.000000e+00,0.000000e+00,0.000000e+00,0.000000e+00,0.000000e+00,0.000000e+00,0.000000e+00,0.000000e+00,0.000000e+00,0.000000e+00,0.000000e+00,0.000000e+00,0.000000e+00,0.000000e+00,0.000000e+00
1.000000e+00,0.000000e+00,0.000000e+00,0.000000e+00,0.000000e+00,0.000000e+00,0.000000e+00,0.000000e+00,0.000000e+00,0.000000e+00,0.000000e+00,0.000000e+00,0.000000e+00,0.000000e+00,0.000000e+00
1.000000e+00,0.000000e+00,0.000000e+00,0.000000e+00,0.000000e+00,0.000000e+00,0.000000e+00,0.000000e+00,0.000000e+00,0.000000e+00,0.000000e+00,0.000000e+00,0.000000e+00,0.000000e+00,0.000000e+00
1.000000e+00,0.000000e+00,0.000000e+00,0.000000e+00,0.000000e+00,0.000000e+00,0.000000e+00,0.000000e+00,0.000000e+00,0.000000e+00,0.000000e+00,0.000000e+00,0.000000e+00,0.000000e+00,0.000000e+00
3.552212e-01,9.595315e-03,1.230867e-02,3.277604e-02,3.113463e-03,1.130833e-02,1.922781e-03,5.530644e-03,3.207929e-03,1.392476e-03,5.163230e-01,2.314992e-02,8.807417e-03,5.315618e-03,1.002716e-02
2.486754e-01,6.754525e-03,8.628171e-03,2.296207e-02,2.196893e-03,8.687492e-03,1.350800e-03,3.876610e-03,2.292138e-03,9.853831e-04,6.406403e-01,3.431373e-02,6.184564e-03,5.166324e-03,7.285661e-03
1.741264e-01,5.038486e-03,6.097570e-03,1.624970e-02,1.951316e-03,8.545579e-03,1.005791e-03,2.766405e-03,2.232671e-03,8.353904e-04,6.850676e-01,6.972814e-02,4.378614e-03,1.145192e-02,1.052450e-02
1.219535e-01,3.805075e-03,4.355100e-03,1.158882e-02,1.906139e-03,8.031244e-03,8.092048e-04,2.025945e-03,2.253859e-03,7.680816e-04,7.410954e-01,7.604460e-02,3.165037e-03,1.196055e-02,1.023747e-02
8.551923e-02,5.377702e-03,3.588235e-03,8.459156e-03,9.928606e-03,7.492277e-03,3.825194e-03,1.862947e-03,5.629987e-03,1.701639e-03,7.474639e-01,8.424330e-02,2.749953e-03,1.276905e-02,1.938885e-02
6.022261e-02,6.060651e-03,3.682878e-03,6.168866e-03,1.244716e-02,1.038777e-02,3.946452e-03,1.504250e-03,7.602363e-03,5.694984e-03,7.158163e-01,1.136375e-01,2.234623e-03,1.746469e-02,3.312897e-02
4.311818e-02,5.719942e-03,3.498043e-03,4.737940e-03,1.174531e-02,1.124050e-02,3.071210e-03,1.414003e-03,1.340101e-02,6.794373e-03,6.577789e-01,1.682443e-01,1.896827e-03,2.896760e-02,3.837189e-02
3.896668e-02,8.807644e-03,3.825745e-03,4.604120e-03,1.332583e-02,1.394617e-02,3.318888e-03,3.021627e-03,1.555717e-02,5.874887e-03,6.282251e-01,1.642170e-01,2.097739e-03,5.839658e-02,3.581487e-02
2.939845e-02,9.405401e-03,3.758783e-03,3.871794e-03,1.319371e-02,1.193020e-02,2.715172e-03,2.743502e-03,1.593130e-02,6.508212e-03,6.320177e-01,1.685127e-01,1.990016e-03,6.474261e-02,3.328038e-02
2.236532e-02,9.833394e-03,3.447624e-03,2.906514e-03,1.189093e-02,1.096720e-02,2.462625e-03,2.146109e-03,1.514684e-02,1.206387e-02,6.244584e-01,1.348970e-01,1.604321e-03,6.524837e-02,8.056137e-02
1.639549e-02,9.374805e-03,5.303896e-03,3.068653e-03,1.771425e-02,1.235557e-02,3.219941e-03,3.136948e-03,2.160886e-02,1.176521e-02,6.018949e-01,1.468056e-01,2.005730e-03,5.544235e-02,8.990776e-02
1.164926e-02,1.365748e-02,1.451240e-02,3.975298e-03,1.814763e-02,1.061531e-02,3.081187e-03,2.700023e-03,2.730747e-02,1.318496e-02,5.036553e-01,1.416584e-01,1.946041e-03,4.690584e-02,1.870033e-01
8.447407e-03,1.127733e-02,1.837025e-02,3.978090e-03,1.935805e-02,1.609477e-02,7.605051e-03,4.474261e-03,2.871985e-02,1.268164e-02,5.486609e-01,1.122579e-01,2.961537e-03,3.925517e-02,1.658577e-01
6.349131e-03,1.109190e-02,1.680448e-02,4.893920e-03,2.319460e-01,1.221569e-02,1.166714e-02,3.566918e-03,2.762599e-02,1.046022e-02,3.932308e-01,1.134012e-01,2.549539e-03,3.271009e-02,1.214869e-01
4.927885e-03,1.203492e-02,2.106256e-02,2.907968e-02,3.454203e-01,4.481169e-02,9.271618e-03,4.251231e-03,2.830805e-02,7.560140e-03,2.928363e-01,8.425497e-02,5.926568e-03,2.361401e-02,8.664009e-02
4.870857e-03,1.173389e-02,2.681356e-02,3.004440e-02,3.414573e-01,5.791698e-02,8.182921e-03,2.977581e-02,3.110045e-02,5.576461e-03,2.731232e-01,7.471299e-02,2.362008e-02,1.822693e-02,6.284423e-02
5.989607e-03,2.538050e-02,2.704585e-02,2.715314e-02,2.960242e-01,4.215214e-02,6.415026e-03,7.299807e-02,6.871603e-02,4.994807e-03,2.582482e-01,7.323511e-02,2.786075e-02,1.359557e-02,5.019098e-02
1.062613e-02,1.884955e-02,2.790925e-02,5.140849e-02,2.347510e-01,3.219351e-02,8.030109e-03,2.425254e-01,5.436362e-02,3.823047e-03,1.912513e-01,5.252092e-02,2.633993e-02,9.988798e-03,3.541885e-02
4.268841e-02,1.401270e-02,3.301947e-02,6.971122e-02,3.245606e-01,2.576810e-02,8.550188e-03,1.915899e-01,5.180976e-02,2.990733e-03,1.442683e-01,3.780439e-02,1.997550e-02,7.379900e-03,2.587080e-02
5.156768e-02,1.055027e-02,2.632065e-02,1.458760e-01,3.661724e-01,1.967287e-02,7.810466e-03,1.614853e-01,4.077478e-02,2.189759e-03,1.025584e-01,2.687880e-02,1.419741e-02,5.253047e-03,1.869198e-02
6.211837e-02,8.413699e-03,2.435556e-02,1.746974e-01,3.843204e-01,1.853192e-02,8.073031e-03,1.599896e-01,3.748229e-02,1.825516e-03,7.273629e-02,1.922228e-02,1.027913e-02,4.087518e-03,1.386683e-02
6.239670e-02,6.734101e-03,1.936473e-02,2.108152e-01,3.889742e-01,1.716180e-02,7.642477e-03,1.673625e-01,3.099228e-02,1.707798e-03,5.204933e-02,1.382835e-02,7.566309e-03,3.190432e-03,1.021389e-02
4.971166e-02,4.895067e-03,1.491709e-02,2.226998e-01,3.753853e-01,1.379062e-02,6.422265e-03,2.254641e-01,2.375585e-02,1.204647e-03,3.681577e-02,1.006815e-02,5.457356e-03,2.256584e-03,7.155801e-03
4.579384e-02,3.543611e-03,1.116940e-02,1.869239e-01,3.604197e-01,1.146116e-02,5.191101e-03,3.097003e-01,1.998049e-02,8.525213e-04,2.665225e-02,7.312846e-03,4.396510e-03,1.588050e-03,5.014322e-03
3.493943e-02,2.507099e-03,7.974490e-03,1.321625e-01,2.586778e-01,8.307144e-03,3.722694e-03,5.051978e-01,1.407424e-02,6.057814e-04,1.879714e-02,5.182274e-03,3.222203e-03,1.114717e-03,3.514713e-03
2.915771e-02,1.809619e-03,5.616519e-03,9.286842e-02,1.855441e-01,6.231403e-03,2.691804e-03,6.430975e-01,9.877492e-03,4.338640e-04,1.334550e-02,3.687422e-03,2.387026e-03,7.841350e-04,2.467488e-03
2.376033e-02,1.296127e-03,3.963013e-03,6.515151e-02,1.325545e-01,4.929346e-03,2.009317e-03,7.428968e-01,6.929830e-03,3.172885e-04,9.499410e-03,2.642980e-03,1.762268e-03,5.533324e-04,1.734068e-03
1.930724e-02,9.272336e-04,2.879044e-03,4.589393e-02,9.494451e-02,4.389601e-03,1.628513e-03,8.131500e-01,4.881062e-03,2.326745e-04,6.753043e-03,1.961665e-03,1.410155e-03,4.081830e-04,1.233211e-03
1.665942e-02,6.822160e-04,2.118044e-03,3.232984e-02,6.796079e-02,3.747582e-03,1.317431e-03,8.629588e-01,3.449856e-03,1.680052e-04,4.832688e-03,1.448563e-03,1.126360e-03,3.115416e-04,8.888806e-04
1.672864e-02,4.999770e-04,1.582734e-03,2.286000e-02,4.977568e-02,2.921013e-03,1.085702e-03,8.957570e-01,2.454408e-03,1.203934e-04,3.451374e-03,1.045496e-03,8.493711e-04,2.294778e-04,6.386916e-04
1.983832e-02,4.625187e-04,1.269593e-03,1.614226e-02,4.205982e-02,2.466558e-03,1.023668e-03,9.098020e-01,1.886930e-03,9.877991e-05,2.664150e-03,8.647296e-04,7.332888e-04,1.933309e-04,4.940382e-04
1.977886e-02,5.136039e-04,1.088755e-03,1.142912e-02,3.447846e-02,2.069221e-03,9.615743e-04,9.237972e-01,1.581964e-03,8.713014e-05,2.160923e-03,7.902231e-04,6.580070e-04,1.801840e-04,4.247535e-04
3.683394e-02,5.555701e-03,1.536783e-03,1.045908e-02,2.697446e-02,2.169243e-03,1.008635e-03,8.487840e-01,7.169456e-03,5.762787e-04,1.653398e-02,4.212466e-03,2.964771e-02,1.404658e-03,7.133609e-03
3.802034e-02,1.006160e-02,1.332604e-03,8.443229e-03,2.381119e-02,2.287879e-03,1.412964e-03,7.637140e-01,1.054884e-02,7.131597e-04,1.995485e-02,4.495276e-03,1.009000e-01,1.434980e-03,1.286910e-02
3.465200e-02,2.570926e-02,1.236523e-03,6.912107e-03,2.004424e-02,3.347013e-03,2.248021e-03,6.492814e-01,7.562010e-02,6.988937e-04,2.447606e-02,5.557981e-03,1.321756e-01,1.232774e-03,1.680805e-02
2.876923e-02,4.655574e-02,6.524122e-03,1.561828e-02,1.773509e-02,2.968646e-03,2.648989e-03,4.772827e-01,2.401026e-01,2.598057e-03,2.382053e-02,4.819131e-03,1.158767e-01,1.041973e-03,1.363819e-02
4.211843e-02,4.272269e-02,9.331578e-03,1.379573e-02,3.498856e-02,4.399780e-03,3.799558e-03,4.380727e-01,2.201397e-01,2.301160e-03,4.018825e-02,6.393347e-03,1.237836e-01,1.067220e-03,1.689770e-02
4.181249e-02,3.492488e-02,1.242670e-02,1.118472e-02,3.963125e-02,4.135438e-03,3.656988e-03,3.419760e-01,1.768756e-01,1.827663e-03,8.336850e-02,9.498775e-03,2.226500e-01,1.277804e-03,1.475313e-02
7.558774e-02,2.640154e-02,1.706206e-02,9.207826e-03,4.701526e-02,4.806330e-03,3.887106e-03,2.682856e-01,1.347117e-01,1.468900e-03,8.966051e-02,1.627067e-02,2.911077e-01,1.440786e-03,1.308637e-02
6.349118e-02,1.888176e-02,1.306744e-02,6.785495e-03,3.439575e-02,4.015967e-03,2.825614e-03,1.916022e-01,9.989472e-02,1.414305e-03,8.688426e-02,2.347426e-02,4.417387e-01,1.390017e-03,1.013847e-02
6.426489e-02,1.534609e-02,1.036113e-02,5.577282e-03,2.588045e-02,3.216937e-03,2.205742e-03,1.408172e-01,1.123800e-01,1.302098e-03,7.657174e-02,2.676456e-02,5.020118e-01,1.306563e-03,1.199367e-02
6.183935e-02,1.470946e-02,1.094493e-02,5.185239e-03,2.149546e-02,2.578654e-03,1.696663e-03,1.298968e-01,1.447658e-01,1.103471e-03,6.777309e-02,2.602245e-02,4.982265e-01,1.074536e-03,1.268763e-02
5.336440e-02,1.249116e-02,2.564346e-02,6.549603e-03,2.854168e-02,3.159082e-03,2.518311e-03,1.721205e-01,1.546747e-01,1.077979e-03,5.566074e-02,2.015321e-02,4.307069e-01,1.136843e-03,3.220145e-02
6.242589e-02,1.248364e-02,2.862337e-02,1.619770e-02,1.259705e-01,4.608550e-03,3.590233e-03,1.386201e-01,1.990231e-01,8.479935e-04,4.299128e-02,1.475886e-02,3.116894e-01,8.661647e-04,3.730327e-02
4.770081e-02,2.762179e-02,3.627298e-02,1.047257e-01,2.283652e-01,5.350568e-03,3.343159e-03,1.010404e-01,1.561757e-01,9.035759e-04,3.085413e-02,1.055806e-02,2.193428e-01,6.370329e-04,2.710798e-02
5.668679e-02,3.479049e-02,5.489263e-02,1.710922e-01,2.532386e-01,6.527037e-03,9.163841e-03,7.279843e-02,1.340386e-01,9.274817e-04,2.239824e-02,7.829699e-03,1.547811e-01,4.995790e-04,2.033542e-02
1.174193e-01,5.240204e-02,5.320928e-02,1.612661e-01,2.363938e-01,1.661483e-02,1.484424e-02,5.271169e-02,1.389223e-01,1.936399e-03,1.734296e-02,6.289653e-03,1.097096e-01,4.195258e-04,2.051827e-02
9.876618e-02,8.318076e-02,5.484501e-02,3.024200e-01,1.790762e-01,1.251321e-02,1.116164e-02,3.747473e-02,1.059666e-01,2.136777e-03,1.298617e-02,4.767987e-03,7.709480e-02,3.305499e-04,1.727945e-02
1.334852e-01,9.046058e-02,8.421443e-02,3.366773e-01,1.382058e-01,1.015002e-02,9.562490e-03,2.719384e-02,8.072079e-02,2.348648e-03,1.115044e-02,4.692820e-03,5.493573e-02,3.426246e-04,1.585940e-02
1.345661e-01,6.829742e-02,7.755995e-02,4.481367e-01,1.035564e-01,8.770318e-03,6.998297e-03,2.168899e-02,5.767499e-02,2.620199e-03,1.294180e-02,4.615708e-03,3.988856e-02,4.381337e-04,1.224654e-02
1.922506e-01,5.366891e-02,5.641380e-02,3.689693e-01,7.952449e-02,8.115211e-03,5.377569e-03,1.932476e-02,5.689722e-02,8.252095e-03,8.555148e-02,5.728926e-03,3.577782e-02,1.208894e-03,2.293893e-02
2.523883e-01,4.142546e-02,4.101176e-02,2.897679e-01,6.019453e-02,7.443855e-03,4.206911e-03,1.589899e-02,8.031572e-02,8.579087e-03,1.324585e-01,5.220099e-03,3.282902e-02,3.458549e-03,2.480137e-02
2.454378e-01,3.277309e-02,2.971184e-02,2.214662e-01,7.331616e-02,9.345459e-03,3.530290e-03,1.785109e-02,1.101923e-01,7.251400e-03,1.902328e-01,4.825747e-03,2.801384e-02,5.892857e-03,2.015912e-02
1.868501e-01,2.368269e-02,2.129219e-02,1.674201e-01,5.396378e-02,6.942404e-03,2.533426e-03,1.509757e-02,2.203353e-01,6.624302e-03,2.449301e-01,3.962019e-03,2.318342e-02,6.365781e-03,1.681670e-02
1.440529e-01,1.751502e-02,1.605505e-02,1.225546e-01,4.040159e-02,5.456648e-03,1.810523e-03,1.724815e-02,3.722670e-01,5.986686e-03,2.108095e-01,3.379757e-03,1.993524e-02,8.509431e-03,1.401787e-02
1.205552e-01,1.298723e-02,1.178946e-02,8.799069e-02,2.977779e-02,4.509191e-03,1.417682e-03,1.378350e-02,5.068504e-01,6.863824e-03,1.603818e-01,2.731797e-03,1.730883e-02,9.570732e-03,1.348190e-02
8.873226e-02,9.320544e-03,8.959153e-03,6.275155e-02,2.123723e-02,3.413220e-03,1.071725e-03,1.039693e-02,6.362069e-01,6.993208e-03,1.147451e-01,2.222970e-03,1.484174e-02,8.268091e-03,1.083941e-02
8.277466e-02,8.531371e-03,7.428697e-03,4.450847e-02,1.556778e-02,3.461747e-03,8.277299e-04,7.514487e-03,7.035941e-01,5.831690e-03,8.159684e-02,1.854434e-03,1.187842e-02,1.329890e-02,1.133072e-02
1.170857e-01,7.493208e-03,5.580099e-03,3.224334e-02,1.348294e-02,4.785985e-03,7.297206e-04,5.735640e-03,6.864118e-01,5.294544e-03,7.439211e-02,2.373284e-03,1.352082e-02,1.596521e-02,1.490564e-02
1.604162e-01,6.105130e-03,4.495859e-03,2.503287e-02,1.059546e-02,7.001564e-03,7.859539e-04,4.526043e-03,6.693150e-01,5.115457e-03,5.680116e-02,8.070519e-03,1.471228e-02,1.393670e-02,1.308985e-02
2.273351e-01,5.568320e-03,3.552968e-03,1.854003e-02,9.124857e-03,8.236109e-03,8.311372e-04,3.754657e-03,5.647334e-01,5.651851e-03,4.452588e-02,7.200388e-03,1.554658e-02,2.307924e-02,6.231944e-02
2.898270e-01,5.937478e-03,2.870916e-03,1.375062e-02,9.093979e-03,9.032863e-03,7.864598e-04,3.220246e-03,4.948809e-01,6.684846e-03,4.233530e-02,7.807601e-03,1.623684e-02,2.477668e-02,7.275821e-02
2.537842e-01,5.555946e-03,3.110688e-03,1.287601e-02,6.932841e-03,9.662909e-03,6.788728e-04,2.419592e-03,5.610877e-01,5.147214e-03,3.325896e-02,1.630813e-02,1.746056e-02,1.829234e-02,5.342397e-02
2.589757e-01,6.462777e-03,2.467189e-03,1.108242e-02,5.557687e-03,1.153767e-02,7.351600e-04,2.063704e-03,5.094748e-01,4.431156e-03,3.424642e-02,2.254197e-02,4.102271e-02,1.496252e-02,7.443805e-02
2.535047e-01,7.804739e-03,2.412030e-03,8.379290e-03,4.541759e-03,1.048278e-02,7.813477e-04,1.593602e-03,4.253705e-01,4.990363e-03,3.051564e-02,1.905178e-02,6.972827e-02,2.853987e-02,1.323033e-01
1.777461e-01,5.959624e-03,3.105321e-03,5.948764e-03,3.886698e-03,7.443569e-03,6.229429e-04,1.336444e-03,3.395526e-01,5.576043e-03,2.491395e-02,1.407106e-02,9.350062e-02,2.218719e-02,2.941490e-01
1.249551e-01,4.432013e-03,2.643127e-03,4.204159e-03,3.049302e-03,5.299558e-03,5.913229e-04,1.372055e-03,2.525276e-01,5.361761e-03,2.262687e-02,1.016341e-02,8.819193e-02,1.726974e-02,4.573120e-01
8.896507e-02,3.464233e-03,6.727770e-03,3.236789e-03,1.075160e-02,4.547777e-03,1.942871e-03,6.333845e-03,1.842918e-01,4.185142e-03,1.845263e-02,8.097921e-03,1.426019e-01,1.372827e-02,5.026723e-01
6.343535e-02,4.127345e-03,2.470043e-02,4.156207e-03,4.129744e-02,4.867646e-03,2.608938e-03,1.622352e-02,1.396745e-01,3.218892e-03,1.405145e-02,6.294121e-03,1.367133e-01,1.099283e-02,5.276381e-01
5.269055e-02,1.153824e-02,7.101930e-02,5.995679e-03,4.286842e-02,2.426248e-02,3.238511e-03,2.558747e-02,1.120626e-01,2.838571e-03,1.058025e-02,5.546508e-03,1.776530e-01,9.549121e-03,4.445693e-01
3.748199e-02,1.453359e-02,5.365459e-02,4.728279e-03,3.412490e-02,5.016863e-02,2.556772e-03,1.882339e-02,8.863179e-02,2.252699e-03,8.385981e-03,6.778194e-03,3.463221e-01,6.910725e-03,3.246464e-01
2.808851e-02,3.500307e-02,9.140006e-02,1.137920e-02,4.128095e-02,4.197130e-02,2.351849e-03,1.434143e-02,1.327630e-01,3.254823e-03,8.701066e-03,6.457258e-03,3.345436e-01,5.385312e-03,2.430786e-01
2.122329e-02,1.076189e-01,8.004129e-02,1.150678e-02,3.061256e-02,3.744654e-02,1.795874e-03,1.099242e-02,1.641542e-01,3.742371e-03,1.415418e-02,9.267021e-03,3.204477e-01,4.154068e-03,1.828429e-01
1.711128e-02,1.278592e-01,6.510751e-02,9.193746e-03,2.746258e-02,4.468013e-02,1.377613e-03,8.746173e-03,1.662623e-01,3.394600e-03,1.392820e-02,7.818577e-03,3.678930e-01,3.223280e-03,1.359419e-01
1.300009e-02,9.202603e-02,4.642558e-02,6.660683e-03,2.149744e-02,3.539850e-02,1.131881e-03,6.953067e-03,1.205486e-01,2.495960e-03,1.007251e-02,7.728013e-03,5.365304e-01,2.420836e-03,9.711047e-02
1.029617e-02,6.482957e-02,3.270570e-02,5.035379e-03,1.633967e-02,2.741953e-02,9.217598e-04,5.204794e-03,8.514567e-02,1.784204e-03,7.338914e-03,9.145277e-03,6.627014e-01,1.790439e-03,6.934156e-02
1.401167e-02,8.494697e-02,2.803842e-02,2.817067e-02,1.721407e-02,2.413189e-02,1.109160e-03,3.977418e-03,8.445424e-02,2.275436e-03,5.762065e-03,1.043906e-02,6.260257e-01,2.313218e-03,6.712999e-02
1.427651e-02,6.003434e-02,1.997329e-02,2.749670e-02,1.382689e-02,2.040523e-02,1.513216e-03,4.825916e-03,6.385926e-02,2.457906e-03,1.102762e-02,1.590459e-02,6.849540e-01,2.417602e-03,5.702691e-02
1.410052e-02,4.283373e-02,1.440094e-02,2.387888e-02,1.420302e-02,2.291858e-02,1.716651e-03,5.097942e-03,4.853231e-02,2.353050e-03,2.163858e-02,3.595508e-02,7.047917e-01,1.976657e-03,4.560241e-02
1.257440e-02,3.038614e-02,1.030388e-02,1.793571e-02,1.133728e-02,1.973716e-02,1.418427e-03,4.131599e-03,3.536673e-02,2.970872e-03,1.827066e-02,4.708675e-02,7.519953e-01,1.959487e-03,3.452555e-02
1.590363e-02,2.201723e-02,7.938826e-03,1.340265e-02,1.005040e-02,1.645290e-02,1.411588e-03,5.890163e-03,3.515270e-02,4.331912e-03,1.796510e-02,5.977447e-02,7.309905e-01,2.464438e-03,5.625340e-02
4.453252e-02,1.668146e-02,6.700139e-03,1.413410e-02,1.036596e-02,1.718026e-02,2.013222e-03,5.579153e-03,4.721916e-02,1.312220e-02,1.794274e-02,5.688325e-02,6.823503e-01,4.093783e-03,6.120166e-02
4.432553e-02,1.328731e-02,8.182322e-03,1.369907e-02,1.473006e-02,1.559816e-02,2.936081e-03,1.648227e-02,8.189460e-02,1.320098e-02,2.302013e-02,5.474426e-02,6.449351e-01,3.234248e-03,4.972983e-02
3.660341e-02,1.035646e-02,8.267808e-03,1.226207e-02,1.256612e-02,1.301562e-02,2.752993e-03,1.862566e-02,8.089946e-02,1.324322e-02,2.626543e-02,5.642437e-02,6.610993e-01,2.577306e-03,4.504078e-02
3.224439e-02,7.970138e-03,1.182878e-02,9.445166e-03,1.244624e-02,9.603358e-03,3.701912e-03,8.195497e-02,8.303996e-02,2.264894e-02,2.282857e-02,5.127923e-02,6.086886e-01,2.144062e-03,4.017568e-02
2.531309e-02,7.818015e-03,1.561972e-02,7.357927e-03,1.128540e-02,7.615431e-03,5.054607e-03,1.057127e-01,1.372625e-01,2.383626e-02,2.495718e-02,5.047325e-02,5.195480e-01,1.611286e-03,5.653473e-02
2.231183e-02,6.232517e-03,2.065450e-02,6.434319e-03,8.965032e-03,6.290904e-03,4.226710e-03,2.721475e-01,1.204924e-01,1.924901e-02,2.430927e-02,4.206495e-02,3.992847e-01,1.215767e-03,4.612055e-02
1.939717e-02,5.851823e-03,2.338005e-02,6.700493e-03,9.572580e-03,7.058831e-03,4.486157e-03,3.447129e-01,1.561700e-01,1.614425e-02,2.644035e-02,3.654571e-02,2.990966e-01,9.505886e-04,4.349247e-02
1.974834e-02,5.113015e-03,1.885605e-02,1.165637e-02,9.746034e-03,7.785252e-03,4.662629e-03,3.612259e-01,2.229535e-01,1.374275e-02,2.690450e-02,3.612109e-02,2.254983e-01,8.583677e-04,3.512789e-02
1.766258e-02,4.281639e-03,1.862559e-02,1.798330e-02,1.518173e-02,9.992287e-03,4.559109e-03,2.860962e-01,2.291390e-01,1.486306e-02,4.329182e-02,9.011161e-02,2.160803e-01,1.216753e-03,3.091498e-02
1.521806e-02,3.476392e-03,1.448562e-02,2.085133e-02,1.503725e-02,8.820152e-03,3.713970e-03,2.160293e-01,2.079344e-01,1.278441e-02,7.805458e-02,1.215786e-01,2.544010e-01,1.193992e-03,2.642079e-02
1.513605e-02,2.951622e-03,1.096273e-02,2.430977e-02,1.461882e-02,1.041125e-02,3.183061e-03,1.561830e-01,1.686343e-01,1.216917e-02,1.294690e-01,1.800173e-01,2.478808e-01,1.232648e-03,2.284043e-02
1.284497e-02,2.969674e-03,9.495372e-03,3.044311e-02,1.774258e-02,1.244254e-02,2.458715e-03,1.116089e-01,1.241801e-01,9.707210e-03,1.517681e-01,3.137162e-01,1.816268e-01,1.583204e-03,1.741251e-02
9.874936e-03,2.484974e-03,7.515827e-03,3.062718e-02,1.461200e-02,1.491534e-02,1.792986e-03,7.909682e-02,8.864199e-02,7.785487e-03,1.387387e-01,4.610910e-01,1.286102e-01,1.412119e-03,1.280030e-02
7.316713e-03,1.961784e-03,5.931218e-03,2.604402e-02,1.090001e-02,1.537308e-02,1.280234e-03,5.551126e-02,6.232324e-02,5.672328e-03,1.290698e-01,5.777473e-01,9.063730e-02,1.082585e-03,9.149034e-03
5.274919e-03,1.494920e-03,4.405317e-03,1.964262e-02,7.893704e-03,1.179764e-02,9.053404e-04,3.893000e-02,4.369573e-02,4.091998e-03,1.059461e-01,6.850424e-01,6.356399e-02,7.931638e-04,6.522060e-03
3.749540e-03,1.103219e-03,3.144257e-03,1.416235e-02,6.006382e-03,8.836506e-03,6.363679e-04,2.727674e-02,3.064109e-02,3.009394e-03,8.201477e-02,7.696442e-01,4.459262e-02,5.688666e-04,4.613669e-03
2.844839e-03,9.507621e-04,2.278232e-03,1.008275e-02,8.403789e-03,6.514242e-03,4.480414e-04,1.911413e-02,2.251709e-02,2.883280e-03,6.861641e-02,8.201002e-01,3.139634e-02,5.064079e-04,3.343479e-03
2.202963e-03,7.546230e-04,1.613898e-03,7.223307e-03,8.905377e-03,4.790136e-03,3.153972e-04,1.339100e-02,1.629449e-02,2.614905e-03,5.437585e-02,8.626245e-01,2.210615e-02,3.924387e-04,2.394976e-03
1.622814e-03,5.643883e-04,1.139570e-03,5.112569e-03,1.340330e-02,3.483775e-03,2.224341e-04,9.385829e-03,1.165196e-02,2.163274e-03,4.288444e-02,8.907219e-01,1.561278e-02,3.296928e-04,1.701248e-03
1.177856e-03,4.024185e-04,8.020296e-04,3.599035e-03,1.166172e-02,2.533317e-03,1.571814e-04,6.582859e-03,8.239911e-03,1.615533e-03,3.155477e-02,9.192216e-01,1.099370e-02,2.626194e-04,1.195387e-03
8.621786e-04,2.937559e-04,5.706151e-04,2.534271e-03,1.018726e-02,1.892975e-03,1.128666e-04,4.628688e-03,5.828789e-03,1.202093e-03,2.371255e-02,9.393833e-01,7.731199e-03,2.170278e-04,8.424933e-04
7.882327e-04,2.657456e-04,4.426309e-04,1.787982e-03,9.534665e-03,1.531365e-03,8.963842e-05,3.293562e-03,4.122560e-03,9.366610e-04,2.362439e-02,9.472864e-01,5.436370e-03,2.467374e-04,6.130774e-04
6.987106e-04,2.856026e-04,3.483701e-04,1.265245e-03,1.241183e-02,1.373558e-03,9.936123e-05,2.406794e-03,2.950885e-03,7.305525e-04,1.790894e-02,9.550373e-01,3.823710e-03,2.173599e-04,4.417532e-04
6.814157e-04,6.465529e-04,3.754162e-04,9.021959e-04,7.766904e-02,2.232156e-03,1.942791e-04,2.097772e-03,2.542790e-03,6.527184e-04,1.318143e-02,8.955537e-01,2.712740e-03,2.388559e-04,3.189160e-04
7.144993e-04,5.721234e-04,3.322471e-04,6.467213e-04,5.727496e-02,2.061043e-03,2.005741e-04,1.732559e-03,1.852115e-03,5.345694e-04,1.088764e-02,9.208122e-01,1.929034e-03,2.200494e-04,2.295880e-04
7.295870e-04,5.743405e-04,1.162704e-03,5.712289e-04,4.160805e-02,2.067314e-03,2.634573e-04,4.240584e-03,1.368500e-03,4.738917e-04,9.053906e-03,9.361206e-01,1.381555e-03,2.202989e-04,1.639769e-04
9.307450e-04,6.276461e-04,1.793459e-03,5.913781e-04,2.986759e-02,2.509243e-03,3.441237e-04,7.042024e-03,1.001492e-03,6.640144e-04,9.126048e-03,9.441351e-01,1.002892e-03,2.438470e-04,1.204645e-04
9.981869e-04,9.376073e-04,1.850589e-03,5.277650e-04,2.311460e-02,2.855167e-03,3.807138e-04,7.116306e-03,7.967443e-04,6.621213e-04,8.143459e-03,9.515152e-01,7.215468e-04,2.886160e-04,9.138196e-05
1.285561e-03,2.397093e-03,5.193520e-03,1.019100e-03,1.877717e-02,4.513083e-03,6.034013e-04,1.049821e-02,7.717339e-04,6.717202e-04,1.273698e-02,9.404639e-01,5.270910e-04,4.663491e-04,7.512905e-05
1.265117e-03,2.274628e-03,5.126109e-03,1.226500e-03,1.374952e-02,3.640109e-03,6.177766e-04,1.629082e-02,8.225241e-04,6.560265e-04,1.559536e-02,9.377528e-01,3.824461e-04,5.429972e-04,5.721926e-05
1.310709e-03,2.686727e-03,6.503378e-03,1.648354e-03,1.087243e-02,3.169528e-03,5.952630e-04,2.528098e-02,1.114268e-03,7.256028e-04,1.928186e-02,9.257523e-01,2.900390e-04,7.203239e-04,4.820792e-05
1.545834e-03,2.781497e-03,2.971404e-02,2.011747e-02,9.772791e-03,2.606403e-03,5.434192e-04,2.157713e-01,1.642561e-03,8.547151e-04,1.855116e-02,6.952236e-01,2.221149e-04,6.176392e-04,3.547058e-05
2.802164e-03,2.744276e-03,7.260043e-02,5.597677e-02,1.192715e-02,2.563165e-03,7.783023e-04,2.765930e-01,7.354679e-03,1.540432e-03,2.589573e-02,5.383180e-01,1.936014e-04,6.732115e-04,3.911268e-05
6.059466e-03,3.784642e-03,1.210985e-01,7.045588e-02,1.787131e-02,3.395916e-03,9.021845e-04,2.655163e-01,2.319977e-02,4.881564e-03,8.396745e-02,3.965434e-01,2.296251e-04,1.849403e-03,2.445816e-04
9.186490e-03,6.563940e-03,9.347114e-02,7.851968e-02,3.348449e-02,6.231616e-03,9.048345e-04,1.968617e-01,5.017730e-02,4.422163e-03,2.363617e-01,2.811780e-01,1.943395e-04,2.070801e-03,3.719060e-04
1.119941e-02,8.499523e-03,7.745053e-02,8.709083e-02,4.948646e-02,1.241250e-02,8.534630e-04,1.485501e-01,5.568327e-02,4.118625e-03,3.414212e-01,2.002048e-01,1.775353e-04,2.292024e-03,5.596948e-04
1.097232e-02,1.227804e-02,7.900681e-02,2.261358e-01,5.962785e-02,1.526135e-02,8.229312e-04,1.337239e-01,5.076178e-02,3.466592e-03,2.635726e-01,1.419175e-01,1.828070e-04,1.722163e-03,5.475450e-04
1.575644e-02,1.205626e-02,7.148853e-02,3.222017e-01,6.405541e-02,1.559654e-02,7.797776e-04,9.866308e-02,6.791063e-02,4.020167e-03,2.224803e-01,1.022450e-01,2.939371e-04,1.514762e-03,9.374848e-04
2.283760e-02,1.021691e-02,5.656914e-02,2.739098e-01,5.359058e-02,1.419568e-02,6.043009e-04,7.452679e-02,1.188040e-01,4.560312e-03,2.923521e-01,7.231898e-02,3.120528e-04,3.399378e-03,1.802283e-03
2.361957e-02,7.574885e-03,4.265692e-02,2.065855e-01,4.218818e-02,1.108149e-02,4.425484e-04,5.402509e-02,1.664152e-01,3.956156e-03,3.816081e-01,5.301013e-02,3.444507e-04,5.037883e-03,1.453808e-03
2.586517e-02,5.809710e-03,3.985154e-02,1.633372e-01,3.775303e-02,9.228366e-03,3.491746e-04,4.046641e-02,2.037621e-01,4.253833e-03,4.194474e-01,4.024696e-02,3.748762e-04,7.993258e-03,1.261058e-03
3.144491e-02,5.148761e-03,5.004308e-02,1.464325e-01,3.094443e-02,9.380531e-03,3.109606e-04,3.119134e-02,2.680450e-01,3.502476e-03,3.645341e-01,3.557244e-02,6.780904e-04,2.166637e-02,1.105045e-03
4.280885e-02,5.068288e-03,3.816031e-02,1.068306e-01,2.455836e-02,1.303403e-02,3.292148e-04,2.310153e-02,3.573442e-01,3.221540e-03,3.174690e-01,2.741553e-02,1.306949e-03,3.745605e-02,1.895601e-03
5.446694e-02,1.650633e-02,3.351846e-02,1.070262e-01,5.514099e-02,1.732279e-02,6.853825e-04,1.982683e-02,3.921025e-01,2.540041e-03,2.403162e-01,1.990615e-02,1.165419e-03,3.673865e-02,2.737156e-03
1.290224e-01,1.952404e-02,3.320192e-02,1.198782e-01,5.007991e-02,1.496475e-02,9.400726e-04,1.577148e-02,3.517078e-01,2.476314e-03,2.022051e-01,1.637087e-02,1.780932e-03,3.642368e-02,5.652457e-03
1.155624e-01,2.918464e-02,2.559316e-02,1.112797e-01,3.646636e-02,1.160317e-02,7.470252e-04,1.130783e-02,2.860095e-01,5.600672e-03,1.446918e-01,1.259082e-02,2.201293e-03,2.978419e-02,1.773775e-01
1.260237e-01,4.257652e-02,2.077644e-02,7.950850e-02,2.786735e-02,1.179875e-02,5.651415e-04,8.346276e-03,2.189284e-01,1.353292e-02,1.031095e-01,9.425794e-03,3.237974e-03,1.089178e-01,2.253849e-01
1.330085e-01,4.430014e-02,1.981727e-02,5.841321e-02,2.140788e-02,1.002839e-02,6.263230e-04,6.695666e-03,1.694551e-01,1.236887e-02,7.443118e-02,7.840523e-03,3.695410e-03,1.395666e-01,2.983449e-01
1.237376e-01,3.365013e-02,1.480431e-02,4.134572e-02,1.529014e-02,8.105122e-03,6.560389e-04,4.841365e-03,1.212553e-01,9.428137e-03,5.344164e-02,6.575495e-03,2.872841e-03,3.034697e-01,2.605264e-01
9.139463e-02,2.379957e-02,1.055029e-02,2.909573e-02,1.077212e-02,5.913692e-03,4.950101e-04,3.400809e-03,8.587746e-02,9.472399e-03,4.128404e-02,5.397427e-03,2.248888e-03,4.569480e-01,2.233499e-01
6.744688e-02,1.685520e-02,7.636438e-03,2.040368e-02,7.636467e-03,4.323272e-03,3.667698e-04,2.385820e-03,6.177597e-02,1.256637e-02,3.001995e-02,3.963945e-03,1.691698e-03,5.850703e-01,1.778573e-01
4.763634e-02,1.183195e-02,5.361147e-03,1.428487e-02,5.379275e-03,3.053278e-03,2.594939e-04,1.672087e-03,4.371234e-02,1.889559e-02,2.229813e-02,2.798064e-03,1.203797e-03,6.916945e-01,1.299192e-01
3.341143e-02,8.292685e-03,3.771539e-03,1.000173e-02,3.793858e-03,2.162365e-03,1.890004e-04,1.171154e-03,3.126042e-02,4.013733e-02,1.664870e-02,1.981412e-03,8.578560e-04,7.474660e-01,9.885459e-02
2.340960e-02,5.830927e-03,2.679743e-03,7.005382e-03,2.697848e-03,1.628780e-03,1.499800e-04,8.216719e-04,2.358067e-02,2.320933e-01,1.310801e-02,1.437222e-03,6.444674e-04,6.080278e-01,7.688465e-02
1.648130e-02,4.115354e-03,1.949838e-03,4.920160e-03,1.942380e-03,1.242246e-03,1.356490e-04,5.793705e-04,1.994946e-02,3.250268e-01,1.057686e-02,1.081298e-03,4.760534e-04,5.488488e-01,6.267444e-02
1.196999e-02,3.335721e-03,1.560713e-03,3.507069e-03,2.485355e-03,1.221784e-03,2.367962e-04,4.537640e-04,4.724442e-02,3.958337e-01,1.166367e-02,8.514174e-04,4.239715e-04,4.427475e-01,7.646401e-02
9.406130e-03,2.610463e-03,1.163284e-03,2.627918e-03,2.794357e-03,1.402793e-03,5.092046e-04,9.241223e-04,5.765717e-02,5.241923e-01,9.641897e-03,7.050057e-04,9.943398e-04,3.278564e-01,5.751459e-02
9.421190e-03,2.916991e-03,9.599383e-04,2.519227e-03,4.789281e-03,2.026247e-03,8.573107e-04,1.720586e-03,6.590753e-02,6.158569e-01,9.526441e-03,6.909556e-04,1.728289e-03,2.383515e-01,4.272755e-02
1.413318e-02,5.015431e-03,2.415212e-03,1.355399e-02,4.164259e-02,2.965266e-03,1.151326e-03,3.249635e-03,8.382125e-02,5.787305e-01,2.629806e-02,1.719298e-03,7.494058e-03,1.731559e-01,4.465430e-02
1.554105e-02,1.253895e-02,1.802194e-02,6.475921e-02,6.806979e-02,3.188959e-03,1.625684e-03,1.423279e-02,9.562729e-02,4.542068e-01,2.793425e-02,1.497400e-03,9.624687e-03,1.230364e-01,9.009467e-02
1.785111e-02,2.487313e-02,4.600446e-02,1.154391e-01,8.581883e-02,3.867225e-03,1.606395e-03,1.445451e-02,9.663327e-02,3.506011e-01,2.368921e-02,1.347674e-03,9.567969e-03,8.789300e-02,1.203530e-01
1.782448e-02,8.919888e-02,8.062720e-02,1.381108e-01,7.472915e-02,3.940776e-03,1.500263e-03,1.157531e-02,1.307526e-01,2.631933e-01,1.818502e-02,1.184622e-03,7.560248e-03,6.214407e-02,9.947319e-02
2.770676e-02,1.101170e-01,7.564089e-02,1.037372e-01,1.043907e-01,2.611753e-02,4.344192e-03,9.565197e-03,1.764642e-01,2.083162e-01,1.658708e-02,1.116817e-03,6.293950e-03,4.504334e-02,8.455899e-02
