1.000000e+00,0.000000e+00,0.000000e+00,0.000000e+00,0.000000e+00,0.000000e+00,0.000000e+00,0.000000e+00,0.000000e+00,0.000000e+00,0.000000e+00,0.000000e+00,0.000000e+00,0.000000e+00,0.000000e+00
1.000000e+00,0.000000e+00,0.000000e+00,0.000000e+00,0.000000e+00,0.000000e+00,0.000000e+00,0.000000e+00,0.000000e+00,0.000000e+00,0.000000e+00,0.000000e+00,0.000000e+00,0.000000e+00,0.000000e+00
1.000000e+00,0.000000e+00,0.000000e+00,0.000000e+00,0.000000e+00,0.000000e+00,0.000000e+00,0.000000e+00,0.000000e+00,0.000000e+00,0.000000e+00,0.000000e+00,0.000000e+00,0.000000e+00,0.000000e+00
1.000000e+00,0.000000e+00,0.000000e+00,0.000000e+00,0.000000e+00,0.000000e+00,0.000000e+00,0.000000e+00,0.000000e+00,0.000000e+00,0.000000e+00,0.000000e+00,0.000000e+00,0.000000e+00,0.000000e+00
1.000000e+00,0.000000e+00,0.000000e+00,0.000000e+00,0.000000e+00,0.000000e+00,0.000000e+00,0.000000e+00,0.000000e+00,0.000000e+00,0.000000e+00,0.000000e+00,0.000000e+00,0.000000e+00,0.000000e+00
1.000000e+00,0.000000e+00,0.000000e+00,0.000000e+00,0.000000e+00,0.000000e+00,0.000000e+00,0.000000e+00,0.000000e+00,0.000000e+00,0.000000e+00,0.000000e+00,0.000000e+00,0.000000e+00,0.000000e+00
1.000000e+00,0.000000e+00,0.000000e+00,0.000000e+00,0.000000e+00,0.000000e+00,0.000000e+00,0.000000e+00,0.000000e+00,0.000000e+00,0.000000e+00,0.000000e+00,0.000000e+00,0.000000e+00,0.000000e+00
1.000000e+00,0.000000e+00,0.000000e+00,0.000000e+00,0.000000e+00,0.000000e+00,0.000000e+00,0.000000e+00,0.000000e+00,0.000000e+00,0.000000e+00,0.000000e+00,0.000000e+00,0.000000e+00,0.000000e+00
1.000000e+00,0.000000e+00,0.000000e+00,0.000000e+00,0.000000e+00,0.000000e+00,0.000000e+00,0.000000e+00,0.000000e+00,0.000000e+00,0.000000e+00,0.000000e+00,0.000000e+00,0.000000e+00,0.000000e+00
1.000000e+00,0.000000e+00,0.000000e+00,0.000000e+00,0.000000e+00,0.000000e+00,0.000000e+00,0.000000e+00,0.000000e+00,0.000000e+00,0.000000e+00,0.000000e+00,0.000000e+00,0.000000e+00,0.000000e+00
1.000000e+00,0.000000e+00,0.000000e+00,0.000000e+00,0.000000e+00,0.000000e+00,0.000000e+00,0.000000e+00,0.000000e+00,0.000000e+00,0.000000e+00,0.000000e+00,0.000000e+00,0.000000e+00,0.000000e+00
1.000000e+00,0.000000e+00,0.000000e+00,0.000000e+00,0.000000e+00,0.000000e+00,0.000000e+00,0.000000e+00,0.000000e+00,0.000000e+00,0.000000e+00,0.000000e+00,0.000000e+00,0.000000e+00,0.000000e+00
1.000000e+00,0.000000e+00,0.000000e+00,0.000000e+00,0.000000e+00,0.000000e+00,0.000000e+00,0.000000e+00,0.000000e+00,0.000000e+00,0.000000e+00,0.000000e+00,0.000000e+00,0.000000e+00,0.000000e+00
1.000000e+00,0.000000e+00,0.000000e+00,0.000000e+00,0.000000e+00,0.000000e+00,0.000000e+00,0.000000e+00,0.000000e+00,0.000000e+00,0.000000e+00,0.000000e+00,0.000000e+00,0.000000e+00,0.000000e+00
1.000000e+00,0.000000e+00,0.000000e+00,0.000000e+00,0.000000e+00,0.000000e+00,0.000000e+00,0.000000e+00,0.000000e+00,0.000000e+00,0.000000e+00,0.000000e+00,0.000000e+00,0.000000e+00,0.000000e+00
1.000000e+00,0.000000e+00,0.000000e+00,0.000000e+00,0.000000e+00,0.000000e+00,0.000000e+00,0.000000e+00,0.000000e+00,0.000000e+00,0.000000e+00,0.000000e+00,0.000000e+00,0.000000e+00,0.000000e+00
1.000000e+00,0.000000e+00,0.000000e+00,0.000000e+00,0.000000e+00,0.000000e+00,0.000000e+00,0.000000e+00,0.000000e+00,0.000000e+00,0.000000e+00,0.000000e+00,0.000000e+00,0.000000e+00,0.000000e+00
1.000000e+00,0.000000e+00,0.000000e+00,0.000000e+00,0.000000e+00,0.000000e+00,0.000000e+00,0.000000e+00,0.000000e+00,0.000000e+00,0.000000e+00,0.000000e+00,0.000000e+00,0.000000e+00,0.000000e+00
1.000000e+00,0.000000e+00,0.000000e+00,0.000000e+00,0.000000e+00,0.000000e+00,0.000000e+00,0.000000e+00,0.000000e+00,0.000000e+00,0.000000e+00,0.000000e+00,0.000000e+00,0.000000e+00,0.000000e+00
1.000000e+00,0.000000e+00,0.000000e+00,0.000000e+00,0.000000e+00,0.000000e+00,0.000000e+00,0.000000e+00,0.000000e+00,0.000000e+00,0.000000e+00,0.000000e+00,0.000000e+00,0.000000e+00,0.000000e+00
1.000000e+00,0.000000e+00,0.000000e+00,0.000000e+00,0.000000e+00,0.000000e+00,0.000000e+00,0.000000e+00,0.000000e+00,0.000000e+00,0.000000e+00,0.000000e+00,0.000000e+00,0.000000e+00,0.000000e+00
1.000000e+00,0.000000e+00,0.000000e+00,0.000000e+00,0.000000e+00,0.000000e+00,0.000000e+00,0.000000e+00,0.000000e+00,0.000000e+00,0.000000e+00,0.000000e+00,0.000000e+00,0.000000e+00,0.000000e+00
1.000000e+00,0.000000e+00,0.000000e+00,0.000000e+00,0.000000e+00,0.000000e+00,0.000000e+00,0.000000e+00,0.000000e+00,0.000000e+00,0.000000e+00,0.000000e+00,0.000000e+00,0.000000e+00,0.000000e+00
1.000000e+00,0.000000e+00,0.000000e+00,0.000000e+00,0.000000e+00,0.000000e+00,0.000000e+00,0.000000e+00,0.000000e+00,0.000000e+00,0.000000e+00,0.000000e+00,0.000000e+00,0.000000e+00,0.000000e+00
1.000000e+00,0.000000e+00,0.000000e+00,0.000000e+00,0.000000e+00,0.000000e+00,0.000000e+00,0.000000e+00,0.000000e+00,0.000000e+00,0.000000e+00,0.000000e+00,0.000000e+00,0.000000e+00,0.000000e+00
1.000000e+00,0.000000e+00,0.000000e+00,0.000000e+00,0.000000e+00,0.000000e+00,0.000000e+00,0.000000e+00,0.000000e+00,0.000000e+00,0.000000e+00,0.000000e+00,0.000000e+00,0.000000e+00,0.000000e+00
1.000000e+00,0.000000e+00,0.000000e+00,0.000000e+00,0.000000e+00,0.000000e+00,0.000000e+00,0.000000e+00,0.000000e+00,0.000000e+00,0.000000e+00,0.000000e+00,0.000000e+00,0.000000e+00,0.000000e+00
1.000000e+00,0.000000e+00,0.000000e+00,0.000000e+00,0.000000e+00,0.000000e+00,0.000000e+00,0.000000e+00,0.000000e+00,0.000000e+00,0.000000e+00,0.000000e+00,0.000000e+00,0.000000e+00,0.000000e+00
1.000000e+00,0.000000e+00,0.000000e+00,0.000000e+00,0.000000e+00,0.000000e+00,0.000000e+00,0.000000e+00,0.000000e+00,0.000000e+00,0.000000e+00,0.000000e+00,0.000000e+00,0.000000e+00,0.000000e+00
1.000000e+00,0.000000e+00,0.000000e+00,0.000000e+00,0.000000e+00,0.000000e+00,0.000000e+00,0.000000e+00,0.000000e+00,0.000000e+00,0.000000e+00,0.000000e+00,0.000000e+00,0.000000e+00,0.000000e+00
1.000000e+00,0.000000e+00,0.000000e+00,0.000000e+00,0.000000e+00,0.000000e+00,0.000000e+00,0.000000e+00,0.000000e+00,0.000000e+00,0.000000e+00,0.000000e+00,0.000000e+00,0.000000e+00,0.000000e+00
1.000000e+00,0.000000e+00,0.000000e+00,0.000000e+00,0.000000e+00,0.000000e+00,0.000000e+00,0.000000e+00,0.000000e+00,0.000000e+00,0.000000e+00,0.000000e+00,0.000000e+00,0.000000e+00,0.000000e+00
1.000000e+00,0.000000e+00,0.000000e+00,0.000000e+00,0.000000e+00,0.000000e+00,0.000000e+00,0.000000e+00,0.000000e+00,0.000000e+00,0.000000e+00,0.000000e+00,0.000000e+00,0.000000e+00,0.000000e+00
1.000000e+00,0.000000e+00,0.000000e+00,0.000000e+00,0.000000e+00,0.000000e+00,0.000000e+00,0.000000e+00,0.000000e+00,0.000000e+00,0.000000e+00,0.000000e+00,0.000000e+00,0.000000e+00,0.000000e+00
1.000000e+00,0.000000e+00,0.000000e+00,0.000000e+00,0.000000e+00,0.000000e+00,0.000000e+00,0.000000e+00,0.000000e+00,0.000000e+00,0.000000e+00,0.000000e+00,0.000000e+00,0.000000e+00,0.000000e+00
1.000000e+00,0.000000e+00,0.000000e+00,0.000000e+00,0.000000e+00,0.000000e+00,0.000000e+00,0.000000e+00,0.000000e+00,0.000000e+00,0.000000e+00,0.000000e+00,0.000000e+00,0.000000e+00,0.000000e+00
1.000000e+00,0.000000e+00,0.000000e+00,0.000000e+00,0.000000e+00,0.000000e+00,0.000000e+00,0.000000e+00,0.000000e+00,0.000000e+00,0.000000e+00,0.000000e+00,0.000000e+00,0.000000e+00,0.000000e+00
4.291078e-01,3.605440e-02,1.074578e-02,1.391138e-01,2.687769e-02,6.412883e-02,3.244385e-02,3.827780e-02,2.428360e-02,1.532462e-03,7.221066e-03,1.242915e-01,5.232292e-02,8.509491e-04,1.274750e-02
3.583516e-01,3.733359e-02,1.066298e-02,1.460658e-01,3.908770e-02,7.100751e-02,3.529811e-02,3.540200e-02,3.052087e-02,1.583400e-03,7.502228e-03,1.419427e-01,7.158244e-02,8.325024e-04,1.282653e-02
3.242473e-01,4.062973e-02,1.016809e-02,1.530399e-01,4.475106e-02,7.029322e-02,3.302770e-02,3.084208e-02,3.580840e-02,1.681342e-03,7.984050e-03,1.497932e-01,8.292087e-02,9.389984e-04,1.387400e-02
2.585648e-01,4.106676e-02,1.089146e-02,1.756942e-01,5.343429e-02,7.730319e-02,2.818094e-02,2.858343e-02,3.703218e-02,1.826407e-03,8.546292e-03,1.735494e-01,9.019551e-02,9.087808e-04,1.422239e-02
2.052178e-01,3.551289e-02,1.021652e-02,1.586107e-01,5.051655e-02,1.007824e-01,2.521299e-02,2.589208e-02,3.348992e-02,1.654800e-03,9.190081e-03,2.375178e-01,9.329429e-02,7.967077e-04,1.209439e-02
2.241009e-01,3.867535e-02,1.002597e-02,1.493695e-01,4.939314e-02,8.800767e-02,2.499721e-02,2.247198e-02,3.471772e-02,2.146103e-03,9.750417e-03,2.223367e-01,1.076291e-01,9.674755e-04,1.541078e-02
2.405495e-01,4.580190e-02,1.008093e-02,1.463534e-01,4.505234e-02,7.470962e-02,2.205541e-02,1.992501e-02,3.586811e-02,2.802587e-03,1.167693e-02,2.126049e-01,1.097039e-01,1.483851e-03,2.133172e-02
2.151512e-01,5.929689e-02,2.249573e-02,2.119278e-01,4.180788e-02,6.144150e-02,1.860351e-02,2.439601e-02,3.018224e-02,2.832829e-03,1.375156e-02,1.784965e-01,9.105520e-02,1.954610e-03,2.660654e-02
3.228137e-01,5.472099e-02,1.859614e-02,1.772438e-01,3.728110e-02,5.387399e-02,1.713625e-02,2.169977e-02,2.989332e-02,2.894021e-03,1.313925e-02,1.426906e-01,8.028713e-02,2.227890e-03,2.550196e-02
4.231381e-01,4.821334e-02,1.532381e-02,1.446140e-01,3.149078e-02,4.621082e-02,1.534102e-02,1.917803e-02,2.816897e-02,2.996212e-03,1.317189e-02,1.158388e-01,6.858552e-02,2.437391e-03,2.529117e-02
1.000000e+00,0.000000e+00,0.000000e+00,0.000000e+00,0.000000e+00,0.000000e+00,0.000000e+00,0.000000e+00,0.000000e+00,0.000000e+00,0.000000e+00,0.000000e+00,0.000000e+00,0.000000e+00,0.000000e+00
4.632065e-01,3.062064e-02,1.566092e-02,1.041853e-01,2.048366e-02,3.381160e-02,1.156889e-02,1.440690e-01,1.737952e-02,2.543831e-03,1.067286e-02,7.670397e-02,4.621120e-02,2.321741e-03,2.056037e-02
3.382303e-01,2.179446e-02,1.299392e-02,7.634297e-02,1.526563e-02,2.531451e-02,8.806791e-03,3.734993e-01,1.241607e-02,1.834739e-03,8.003962e-03,5.540215e-02,3.360616e-02,1.727612e-03,1.476135e-02
2.379840e-01,1.528984e-02,9.443924e-03,5.367523e-02,1.080594e-02,1.799551e-02,6.449993e-03,5.585810e-01,8.697086e-03,1.291382e-03,5.670350e-03,3.885474e-02,2.364184e-02,1.241376e-03,1.037773e-02
1.671941e-01,1.073296e-02,6.917119e-03,3.773012e-02,7.635250e-03,1.291137e-02,4.862349e-03,6.889805e-01,6.091445e-03,9.085903e-04,4.004227e-03,2.723159e-02,1.660798e-02,8.984578e-04,7.293916e-03
1.176733e-01,7.575360e-03,4.969921e-03,2.649388e-02,5.656213e-03,9.885392e-03,4.059834e-03,7.714056e-01,4.288711e-03,6.488443e-04,5.397539e-03,2.103738e-02,1.295954e-02,2.822200e-03,5.126173e-03
8.255716e-02,5.340307e-03,3.550454e-03,1.876091e-02,4.104557e-03,7.011389e-03,2.983375e-03,6.604943e-01,3.020299e-03,2.021267e-03,6.060393e-02,8.937789e-02,1.963525e-02,3.687261e-02,3.666195e-03
5.785542e-02,3.773596e-03,2.503861e-03,1.381638e-02,3.113296e-03,4.970083e-03,2.135670e-03,4.691301e-01,2.371218e-03,4.585717e-03,6.452158e-02,3.008391e-01,2.908649e-02,3.854719e-02,2.750149e-03
4.053240e-02,2.667983e-03,1.803975e-03,9.966841e-03,2.634460e-03,3.513342e-03,1.601905e-03,3.294105e-01,2.603046e-03,3.752068e-03,5.658909e-02,4.575323e-01,5.231164e-02,3.257096e-02,2.509357e-03
2.843784e-02,1.892153e-03,1.390564e-03,7.123340e-03,2.805145e-03,2.597678e-03,1.295447e-03,2.313865e-01,3.417186e-03,3.285550e-03,4.153273e-02,6.022089e-01,4.214137e-02,2.860878e-02,1.876830e-03
1.993461e-02,1.342709e-03,1.039707e-03,5.152436e-03,3.424577e-03,2.584393e-03,9.485583e-04,1.620333e-01,3.177732e-03,2.600149e-03,2.992333e-02,7.142600e-01,3.069396e-02,2.155794e-02,1.326627e-03
1.399126e-02,9.744072e-04,7.703585e-04,3.868569e-03,3.658315e-03,2.849622e-03,6.799301e-04,1.134532e-01,3.235599e-03,2.130402e-03,2.236838e-02,7.917718e-01,2.324227e-02,1.606585e-02,9.400427e-04
9.902067e-03,7.135384e-04,6.090250e-04,3.098702e-03,6.762037e-03,2.834014e-03,5.193024e-04,7.977264e-02,9.630234e-03,1.717510e-03,2.082003e-02,8.304768e-01,2.052621e-02,1.193690e-02,6.810003e-04
6.943873e-03,5.143677e-04,4.777602e-04,2.281599e-03,8.340928e-03,2.112225e-03,3.871435e-04,5.599314e-02,1.517722e-02,1.388077e-03,1.573774e-02,8.653831e-01,1.604761e-02,8.725574e-03,4.896020e-04
4.869707e-03,3.682296e-04,3.549010e-04,1.746629e-03,6.510658e-03,1.649557e-03,2.875317e-04,3.939216e-02,1.280458e-02,1.371751e-03,1.165820e-02,8.989820e-01,1.325313e-02,6.400607e-03,3.502526e-04
3.413726e-03,2.613526e-04,2.581642e-04,1.398077e-03,5.947446e-03,1.471579e-03,2.138068e-04,2.774416e-02,9.933444e-03,1.473593e-03,9.459783e-03,9.214418e-01,1.199185e-02,4.734566e-03,2.566224e-04
2.392966e-03,1.895133e-04,1.955184e-04,1.058658e-03,7.073605e-03,1.206749e-03,1.727341e-04,1.954852e-02,7.569193e-03,1.373314e-03,8.176769e-03,9.362689e-01,1.111983e-02,3.447993e-03,2.056560e-04
1.686051e-03,1.723962e-04,4.536242e-04,8.484568e-04,4.191360e-02,1.363430e-03,4.576093e-04,1.397958e-02,5.905027e-03,1.557081e-03,7.120540e-03,9.110627e-01,1.045797e-02,2.758947e-03,2.629776e-04
1.188825e-03,1.266315e-04,3.626419e-04,6.095371e-04,7.805157e-02,1.158135e-03,8.449311e-04,1.014129e-02,4.700426e-03,1.196497e-03,5.423893e-03,8.856741e-01,8.278247e-03,2.042494e-03,2.008268e-04
9.600359e-04,1.238646e-04,2.793186e-04,5.263883e-04,2.891129e-01,8.675854e-04,1.540435e-03,7.382583e-03,8.844433e-03,9.690525e-04,5.852893e-03,6.756294e-01,6.307344e-03,1.454940e-03,1.488725e-04
2.543122e-03,2.701638e-04,2.887271e-03,1.729746e-03,3.582441e-01,2.740415e-03,2.607834e-03,4.153864e-02,3.046003e-02,9.098341e-04,7.029568e-03,5.283146e-01,1.940473e-02,1.188429e-03,1.315302e-04
3.510224e-03,2.646539e-04,2.460035e-03,1.755040e-03,4.435933e-01,5.551720e-03,4.009565e-03,4.723372e-02,4.215028e-02,8.576490e-04,7.016746e-03,4.111295e-01,2.923590e-02,1.089955e-03,1.417376e-04
6.877095e-03,2.399244e-04,2.085554e-03,2.037011e-03,3.325676e-01,6.067482e-03,3.337068e-03,7.698146e-02,4.407158e-02,7.543245e-04,1.400252e-02,3.710734e-01,1.387360e-01,9.730199e-04,1.960352e-04
7.270604e-03,2.745395e-04,2.232002e-03,1.827353e-03,2.402264e-01,5.845857e-03,2.621469e-03,1.858797e-01,7.821600e-02,6.702367e-04,1.919180e-02,3.088894e-01,1.459306e-01,7.402843e-04,1.837053e-04
1.104303e-02,2.784436e-04,2.955693e-03,2.513191e-03,1.730415e-01,8.505384e-03,2.671806e-03,3.354940e-01,6.304113e-02,8.198388e-04,1.987520e-02,2.399450e-01,1.389972e-01,5.872754e-04,2.313713e-04
1.271222e-02,2.548278e-04,2.866475e-03,3.046858e-03,1.284584e-01,1.004978e-02,2.507008e-03,5.073920e-01,4.677363e-02,6.220462e-04,1.467330e-02,1.693715e-01,1.006596e-01,4.292595e-04,1.831620e-04
1.224486e-02,2.082766e-04,2.100804e-03,3.587340e-03,9.315176e-02,2.322724e-02,1.812943e-03,6.268606e-01,3.345486e-02,4.475107e-04,1.043382e-02,1.191814e-01,7.282200e-02,3.097860e-04,1.567746e-04
1.627206e-02,1.995468e-04,1.654453e-03,3.159460e-03,7.774704e-02,2.352391e-02,1.530698e-03,7.079003e-01,2.369293e-02,3.236777e-04,7.389676e-03,8.380682e-02,5.241824e-02,2.289946e-04,1.522105e-04
1.675559e-02,1.762602e-04,1.250011e-03,2.385628e-03,7.064997e-02,1.992752e-02,1.906047e-03,7.669021e-01,1.668924e-02,2.347117e-04,5.239568e-03,5.876825e-02,3.882454e-02,1.654971e-04,1.250874e-04
2.153793e-02,1.978049e-04,9.839144e-04,2.005482e-03,5.862839e-02,2.021338e-02,1.883356e-03,8.080951e-01,1.176087e-02,1.746221e-04,3.788986e-03,4.124589e-02,2.924201e-02,1.326023e-04,1.096360e-04
3.344679e-02,1.207609e-03,2.142452e-03,5.054266e-03,4.338790e-02,2.201673e-02,1.518056e-03,7.241779e-01,9.865480e-03,1.207780e-03,2.623828e-02,5.315115e-02,7.500095e-02,6.890739e-04,8.955323e-04
3.089408e-02,1.805228e-03,2.113004e-03,7.345628e-03,3.268790e-02,2.751601e-02,1.460045e-03,5.669484e-01,1.715269e-02,1.244070e-03,4.554963e-02,6.170868e-02,2.006900e-01,8.438037e-04,2.040783e-03
2.389816e-02,1.803035e-03,2.463351e-03,1.665193e-02,2.704929e-02,3.649893e-02,4.503334e-03,4.317595e-01,3.313744e-02,1.338010e-03,4.309717e-02,9.251967e-02,2.793435e-01,2.398677e-03,3.538019e-03
1.813915e-02,1.397665e-03,2.701262e-03,1.730896e-02,2.765981e-02,3.692309e-02,3.954443e-03,3.079120e-01,3.180511e-02,1.088437e-03,4.219364e-02,1.471993e-01,3.550762e-01,2.853909e-03,3.787103e-03
1.339854e-02,1.293494e-03,3.091973e-03,1.711947e-02,2.243158e-02,4.289075e-02,3.633498e-03,2.186307e-01,3.033849e-02,9.556965e-04,3.818865e-02,2.875874e-01,3.144724e-01,2.742175e-03,3.225295e-03
1.001431e-02,1.397779e-03,3.515322e-03,1.531573e-02,1.769936e-02,6.375171e-02,2.896709e-03,1.544020e-01,5.629523e-02,1.363846e-03,3.556302e-02,4.004639e-01,2.325581e-01,2.035283e-03,2.727630e-03
7.919609e-03,1.265935e-03,3.392736e-03,1.231570e-02,1.353830e-02,6.755256e-02,2.623145e-03,1.093386e-01,5.590536e-02,1.720064e-03,6.079616e-02,4.936893e-01,1.659929e-01,1.522054e-03,2.427499e-03
9.128063e-03,1.098794e-03,2.569208e-03,8.843745e-03,1.013456e-02,5.556824e-02,2.084001e-03,7.663978e-02,4.169872e-02,2.748059e-03,8.415421e-02,5.844302e-01,1.174406e-01,1.345281e-03,2.116515e-03
6.491299e-03,8.533836e-04,1.891304e-03,6.197392e-03,7.344336e-03,4.055403e-02,1.492285e-03,5.365524e-02,2.951918e-02,2.381522e-03,8.550449e-02,6.790385e-01,8.250204e-02,1.048857e-03,1.526093e-03
4.638914e-03,7.046730e-04,1.489637e-03,4.348919e-03,5.641263e-03,2.964129e-02,1.077345e-03,3.757346e-02,2.126659e-02,2.160538e-03,1.109826e-01,7.205173e-01,5.801337e-02,8.353427e-04,1.108722e-03
3.306487e-03,6.807570e-04,1.135578e-03,3.049132e-03,1.271501e-02,2.093926e-02,7.823449e-04,2.631671e-02,1.644259e-02,2.406653e-03,8.878955e-02,7.810565e-01,4.089301e-02,6.901764e-04,7.962532e-04
2.359266e-03,5.779574e-04,8.247000e-04,2.140105e-03,1.197517e-02,1.476143e-02,5.540079e-04,1.843779e-02,1.210803e-02,2.368641e-03,7.977447e-02,8.241473e-01,2.887077e-02,5.326470e-04,5.676571e-04
1.686072e-03,4.479352e-04,5.948219e-04,1.502694e-03,9.216079e-03,1.040102e-02,3.902634e-04,1.291433e-02,8.613904e-03,2.108884e-03,6.320272e-02,8.677489e-01,2.035591e-02,4.123340e-04,4.041813e-04
1.198893e-03,4.152969e-04,4.849147e-04,1.064786e-03,7.974637e-03,7.465597e-03,2.783428e-04,9.051612e-03,6.153313e-03,1.757337e-03,4.693818e-02,9.022216e-01,1.435771e-02,3.344823e-04,3.033098e-04
9.110360e-04,5.911341e-04,5.787268e-04,7.644059e-04,7.143050e-03,5.859865e-03,2.089134e-04,6.386271e-03,4.435317e-03,1.686336e-03,4.133620e-02,9.193351e-01,1.019112e-02,3.160168e-04,2.565065e-04
7.552068e-04,1.023353e-03,7.048748e-04,5.623970e-04,6.780712e-03,5.023009e-03,1.988461e-04,4.561788e-03,3.169844e-03,7.477207e-03,3.435663e-02,9.275097e-01,7.198245e-03,3.057243e-04,3.725004e-04
6.093399e-04,2.309372e-03,1.286633e-03,4.546824e-04,1.004457e-02,5.896868e-03,3.605030e-04,3.291765e-03,2.559327e-03,1.024300e-02,2.687193e-02,9.302194e-01,5.135169e-03,2.873048e-04,4.301678e-04
5.377482e-04,1.885904e-03,1.189963e-03,3.556999e-04,9.539506e-03,5.098948e-03,6.473761e-04,2.424940e-03,1.994638e-03,1.647365e-02,2.489192e-02,9.300913e-01,4.158558e-03,3.177419e-04,3.920848e-04
9.688027e-04,1.535412e-03,1.628057e-03,4.355378e-04,1.275917e-02,1.615464e-02,1.310879e-02,4.915781e-03,2.368193e-03,6.628748e-02,2.574273e-02,8.487229e-01,4.405438e-03,4.343314e-04,5.327316e-04
1.481534e-03,1.172464e-03,3.538385e-03,2.125679e-03,1.389606e-02,6.097153e-02,5.813142e-02,3.649989e-02,2.058489e-03,7.231717e-02,2.289135e-02,7.199486e-01,4.012866e-03,4.573181e-04,4.971766e-04
2.929555e-03,1.314002e-03,4.406742e-03,2.111137e-03,2.437034e-02,6.635904e-02,5.435453e-02,3.120970e-02,7.531593e-03,9.707161e-02,3.237760e-02,6.655635e-01,8.087316e-03,1.213875e-03,1.099486e-03
4.098427e-03,1.701353e-03,5.257486e-03,2.394664e-03,3.560118e-02,5.322726e-02,4.025044e-02,3.587513e-02,1.739809e-02,9.093372e-02,3.745019e-02,6.601315e-01,1.248490e-02,1.978648e-03,1.217102e-03
4.278442e-03,1.945825e-03,7.482687e-03,4.681739e-03,3.917231e-02,4.460199e-02,2.904554e-02,9.335585e-02,2.874088e-02,7.069919e-02,3.665710e-02,6.144916e-01,2.167913e-02,1.962677e-03,1.205037e-03
4.786478e-03,1.440232e-03,7.190106e-03,4.974082e-03,3.045295e-02,3.272295e-02,2.077658e-02,3.217668e-01,2.135452e-02,4.993196e-02,2.915118e-02,4.512245e-01,2.181961e-02,1.499965e-03,9.081425e-04
6.015947e-03,1.261415e-03,9.610744e-03,5.036186e-03,2.822183e-02,2.390171e-02,1.488382e-02,4.865986e-01,1.627699e-02,3.561806e-02,2.675425e-02,3.255285e-01,1.824025e-02,1.308969e-03,7.427535e-04
6.239267e-03,1.125304e-03,7.976201e-03,4.239447e-03,2.500259e-02,1.740624e-02,1.048014e-02,6.221320e-01,1.231998e-02,2.509634e-02,2.300400e-02,2.295520e-01,1.369350e-02,1.143669e-03,5.893107e-04
7.819892e-03,9.854126e-04,6.531217e-03,4.493281e-03,2.178915e-02,1.324356e-02,7.483780e-03,7.118725e-01,9.470991e-03,1.764329e-02,2.447931e-02,1.622315e-01,1.055347e-02,9.442748e-04,4.584090e-04
8.089224e-03,7.287122e-04,4.880541e-03,4.003507e-03,1.959553e-02,1.029667e-02,5.487311e-03,7.859045e-01,7.152627e-03,1.236867e-02,1.891014e-02,1.137945e-01,7.748500e-03,7.099092e-04,3.296673e-04
9.112579e-03,6.297638e-04,3.548898e-03,3.311438e-03,1.636968e-02,8.695113e-03,3.931467e-03,8.394377e-01,5.331471e-03,8.667586e-03,1.393820e-02,7.998377e-02,6.180434e-03,6.189706e-04,2.429073e-04
1.368330e-02,6.743843e-04,2.819017e-03,3.084296e-03,1.599485e-02,8.421122e-03,3.058950e-03,8.672521e-01,4.861585e-03,6.080211e-03,1.100349e-02,5.641751e-02,5.676742e-03,7.672008e-04,2.052187e-04
2.135041e-02,7.527160e-04,2.234956e-03,3.574176e-03,1.923499e-02,6.912604e-03,2.287246e-03,8.798969e-01,4.895789e-03,4.273572e-03,8.126026e-03,4.064284e-02,4.894635e-03,6.665171e-04,2.566361e-04
3.775536e-02,1.392776e-03,1.770889e-03,2.707150e-02,1.610420e-02,7.708986e-03,1.675684e-03,7.681860e-01,6.262918e-03,3.187126e-03,1.749192e-02,8.327409e-02,2.632429e-02,9.082039e-04,8.860224e-04
6.362815e-02,1.419927e-03,1.941184e-03,3.412662e-02,1.569564e-02,8.470411e-03,1.488179e-03,6.794187e-01,7.959547e-03,2.550745e-03,2.357414e-02,1.261794e-01,2.939900e-02,1.640277e-03,2.508038e-03
4.863629e-02,1.244354e-03,2.027264e-03,5.122073e-02,1.210714e-02,7.424192e-03,1.077548e-03,5.191675e-01,1.047767e-02,2.107693e-03,4.143209e-02,2.684373e-01,3.060324e-02,1.625234e-03,2.411778e-03
5.067226e-02,3.263961e-03,2.000687e-03,5.645740e-02,1.052464e-02,6.613506e-03,9.314777e-04,3.748121e-01,5.857318e-02,3.202488e-03,8.642855e-02,2.467374e-01,8.648738e-02,7.193998e-03,6.101043e-03
4.285607e-02,3.615802e-03,1.834967e-03,4.903823e-02,8.771747e-03,5.901670e-03,7.084460e-04,2.745326e-01,5.013488e-02,3.567592e-03,2.484441e-01,2.191737e-01,6.521633e-02,2.124333e-02,4.960526e-03
3.572138e-02,3.164845e-03,1.533901e-03,4.108538e-02,7.919872e-03,5.828024e-03,6.088599e-04,1.942800e-01,4.068959e-02,3.508172e-03,3.624776e-01,2.192375e-01,5.014345e-02,2.948453e-02,4.316894e-03
1.437627e-01,5.457909e-03,3.536318e-03,3.123184e-02,1.404604e-02,1.060932e-02,1.090768e-03,1.409332e-01,3.140210e-02,3.311165e-03,3.547589e-01,1.848948e-01,3.650999e-02,3.308787e-02,5.366998e-03
1.571515e-01,2.040000e-02,6.123749e-03,2.266961e-02,1.520754e-02,9.157684e-03,1.176003e-03,1.022562e-01,2.848193e-02,3.728324e-03,4.057895e-01,1.497909e-01,2.700204e-02,4.637961e-02,4.685340e-03
1.531878e-01,2.512570e-02,6.283049e-03,1.642787e-02,1.632871e-02,8.162261e-03,1.115503e-03,7.548210e-02,4.652025e-02,3.745382e-03,4.019745e-01,1.683595e-01,2.017547e-02,5.325175e-02,3.860104e-03
1.229990e-01,2.725970e-02,6.592227e-03,1.285690e-02,3.167053e-02,6.895298e-03,1.116973e-03,6.121568e-02,4.852213e-02,3.577251e-03,4.514890e-01,1.441889e-01,1.550901e-02,6.304187e-02,3.065543e-03
1.007655e-01,3.046451e-02,7.420866e-03,1.024441e-02,2.984392e-02,7.547309e-03,9.712341e-04,5.027184e-02,8.118463e-02,3.702227e-03,4.634101e-01,1.229818e-01,1.207222e-02,7.599562e-02,3.123768e-03
8.117169e-02,2.535963e-02,9.227239e-03,9.674549e-03,2.462826e-02,7.036921e-03,8.133970e-04,4.047897e-02,1.755737e-01,3.603385e-03,4.324829e-01,1.117962e-01,9.055883e-03,6.575173e-02,3.345600e-03
5.748300e-02,1.981742e-02,7.173578e-03,7.246140e-03,1.819126e-02,5.177539e-03,5.758366e-04,2.857523e-02,3.329084e-01,5.453630e-03,3.659857e-01,8.539427e-02,6.501607e-03,5.647320e-02,3.043297e-03
4.168120e-02,1.611231e-02,9.158753e-03,7.860893e-03,2.036721e-02,5.575461e-03,5.051257e-04,2.119447e-02,3.732768e-01,8.361939e-03,3.807084e-01,6.379203e-02,4.869906e-03,4.342409e-02,3.111432e-03
3.149430e-02,1.383484e-02,1.001935e-02,7.190205e-03,1.583267e-02,8.049771e-03,3.934101e-04,1.596437e-02,4.306047e-01,1.286145e-02,3.351951e-01,6.128636e-02,4.087648e-03,4.915121e-02,4.034582e-03
2.348073e-02,1.121196e-02,8.085103e-03,6.132102e-03,1.221791e-02,6.923954e-03,2.872247e-04,1.157710e-02,4.948088e-01,2.084513e-02,2.916321e-01,5.266496e-02,3.157238e-03,5.112246e-02,5.853196e-03
1.757948e-02,1.561514e-02,6.733563e-03,5.838417e-03,1.102806e-02,1.223615e-02,2.228325e-04,8.799026e-03,4.756739e-01,2.041394e-02,3.288324e-01,3.870696e-02,2.384654e-03,4.586659e-02,1.006896e-02
2.089402e-02,1.634501e-02,6.554314e-02,1.406391e-02,1.156389e-02,1.331053e-02,2.455318e-04,1.223840e-02,4.634823e-01,2.279911e-02,2.777232e-01,2.767405e-02,1.955724e-03,3.792302e-02,1.423820e-02
2.440041e-02,1.463713e-02,7.309258e-02,1.692486e-02,1.080725e-02,1.728521e-02,2.216280e-04,1.182783e-02,4.257216e-01,8.334966e-02,2.242458e-01,1.977641e-02,1.593897e-03,3.212284e-02,4.399291e-02
2.801875e-02,3.519601e-02,5.729459e-02,1.368607e-02,8.613576e-03,4.520987e-02,1.885551e-04,9.096378e-03,4.147140e-01,1.186593e-01,1.706068e-01,1.452839e-02,1.618451e-03,2.942172e-02,5.314758e-02
2.690327e-02,4.485910e-02,4.772804e-02,1.707916e-02,7.489536e-03,3.933840e-02,2.146698e-04,9.938844e-03,4.794980e-01,1.071036e-01,1.215707e-01,1.064085e-02,1.825003e-03,2.204830e-02,6.376247e-02
4.477241e-02,5.283100e-02,4.370642e-02,2.844897e-02,6.632573e-03,9.075130e-02,2.512912e-04,1.870929e-02,4.374385e-01,8.342790e-02,9.092904e-02,9.205675e-03,4.983035e-03,1.932899e-02,6.858367e-02
4.147153e-02,4.965904e-02,3.289321e-02,2.778594e-02,9.799907e-03,2.687629e-01,2.273840e-04,2.256425e-02,3.482938e-01,5.857611e-02,6.492766e-02,6.578558e-03,3.747778e-03,1.553477e-02,4.917728e-02
3.416803e-02,3.670868e-02,2.382376e-02,2.286443e-02,1.782447e-02,2.375721e-01,2.528507e-04,2.328135e-01,2.535172e-01,4.104814e-02,4.559436e-02,4.663656e-03,2.782401e-03,1.161419e-02,3.475225e-02
2.443333e-02,2.587549e-02,1.688306e-02,1.610005e-02,1.434870e-02,1.665947e-01,2.144135e-04,4.586401e-01,1.785296e-01,2.873580e-02,3.192639e-02,3.267444e-03,1.958952e-03,8.155928e-03,2.433612e-02
1.785117e-02,1.828742e-02,1.211552e-02,1.148679e-02,1.206958e-02,1.168618e-01,2.477276e-04,6.166487e-01,1.255088e-01,2.011754e-02,2.235941e-02,2.291504e-03,1.386609e-03,5.726866e-03,1.704065e-02
1.349220e-02,1.285493e-02,8.591259e-03,8.232470e-03,9.402636e-03,8.203480e-02,2.305510e-04,7.288324e-01,8.796725e-02,1.408767e-02,1.566392e-02,1.616084e-03,1.033951e-03,4.018618e-03,1.194138e-02
1.256029e-02,9.267558e-03,6.269734e-03,5.894879e-03,7.301302e-03,5.877739e-02,2.403153e-04,8.026343e-01,6.182184e-02,9.899220e-03,1.164284e-02,1.332939e-03,1.031267e-03,2.842125e-03,8.484075e-03
1.206533e-02,6.852037e-03,4.913918e-03,4.461194e-03,6.543465e-03,4.380347e-02,3.149294e-04,8.485643e-01,4.414202e-02,7.099955e-03,9.343719e-03,1.200093e-03,1.025824e-03,2.028337e-03,7.641529e-03
1.391381e-02,5.014592e-03,4.009484e-03,3.608775e-03,5.799456e-03,4.328790e-02,3.934713e-04,8.709387e-01,3.114915e-02,5.040695e-03,7.199130e-03,1.145161e-03,1.019019e-03,1.477791e-03,6.003013e-03
1.692088e-02,3.695086e-03,3.628263e-03,3.076852e-03,5.055296e-03,5.001368e-02,4.796054e-04,8.776393e-01,2.218620e-02,3.644002e-03,5.594702e-03,1.054550e-03,1.004917e-03,1.124183e-03,4.882527e-03
3.133009e-02,2.944627e-03,4.424409e-03,3.527314e-03,5.413536e-03,7.931855e-02,6.601223e-04,8.385767e-01,1.644274e-02,3.143303e-03,4.672553e-03,1.275245e-03,1.163484e-03,1.121560e-03,5.985864e-03
4.829532e-02,2.543055e-03,3.778391e-03,3.119723e-03,4.940842e-03,2.763350e-01,5.563479e-04,6.011494e-01,2.596539e-02,3.390557e-03,4.617603e-03,1.871244e-03,2.210824e-03,5.154604e-03,1.607168e-02
6.453387e-02,3.391135e-03,3.477652e-03,4.370492e-03,5.416511e-03,3.453863e-01,5.415829e-04,4.399067e-01,4.516260e-02,4.680829e-03,5.882607e-03,4.986261e-03,5.147195e-03,9.153361e-03,5.796293e-02
4.987319e-02,6.035494e-03,3.259254e-03,4.125240e-03,4.386033e-03,2.941251e-01,4.944848e-04,3.104844e-01,1.780490e-01,6.621484e-03,8.074058e-03,7.019052e-03,7.721133e-03,2.422555e-02,9.550640e-02
4.402564e-02,5.816519e-03,2.459918e-03,3.033076e-03,3.234801e-03,2.645131e-01,6.492445e-04,2.204114e-01,2.062320e-01,7.089853e-03,9.456281e-03,7.832068e-03,8.873822e-03,5.281207e-02,1.635601e-01
4.496957e-02,4.893228e-03,1.912333e-03,2.179675e-03,2.387801e-03,2.065631e-01,7.563520e-04,1.571050e-01,2.026764e-01,9.829011e-03,1.139528e-02,6.791952e-03,8.679965e-03,6.784563e-02,2.720147e-01
4.170906e-02,4.872243e-03,2.261921e-03,1.694300e-03,1.746611e-03,2.006936e-01,1.045153e-03,1.102737e-01,2.104277e-01,1.271543e-02,5.024894e-02,6.183421e-03,6.819616e-03,1.290313e-01,2.202770e-01
4.076970e-02,8.150254e-03,2.470662e-03,1.621014e-03,1.382339e-03,1.861720e-01,1.161228e-03,7.749608e-02,1.722334e-01,2.123147e-02,6.657067e-02,6.866742e-03,5.654343e-03,2.212885e-01,1.869316e-01
5.008585e-02,3.171497e-02,3.088067e-03,1.695032e-03,1.389000e-03,1.427112e-01,1.078879e-03,5.484304e-02,1.711455e-01,2.179326e-02,7.237449e-02,7.927966e-03,5.458772e-03,2.773341e-01,1.573598e-01
4.257438e-02,4.180717e-02,2.916731e-03,1.634736e-03,1.799511e-03,1.053807e-01,8.277158e-04,3.854071e-02,2.225095e-01,4.614348e-02,7.101455e-02,7.035466e-03,4.547285e-03,2.928828e-01,1.203852e-01
4.857266e-02,7.241896e-02,4.443328e-03,1.233215e-02,9.449539e-03,7.780701e-02,9.907932e-04,3.112202e-02,2.857062e-01,4.730005e-02,5.736004e-02,8.637956e-03,5.684789e-03,2.437584e-01,9.441608e-02
5.550354e-02,1.330429e-01,1.710150e-02,1.174165e-02,9.795086e-03,6.107207e-02,1.247451e-03,2.263494e-02,2.780287e-01,5.970501e-02,5.013277e-02,1.081207e-02,9.597136e-03,2.025188e-01,7.706632e-02
5.259332e-02,1.502293e-01,1.343596e-02,1.245030e-02,1.632838e-02,5.430390e-02,1.145383e-03,1.832005e-02,3.359325e-01,6.282758e-02,4.470821e-02,9.963462e-03,1.531107e-02,1.494806e-01,6.296999e-02
8.044097e-02,1.650406e-01,1.846642e-02,3.129993e-02,2.659362e-02,4.264725e-02,1.299656e-03,1.793198e-02,3.157146e-01,5.139511e-02,5.109419e-02,1.106735e-02,1.969665e-02,1.103163e-01,5.699542e-02
1.131539e-01,1.663533e-01,1.767695e-02,4.177759e-02,3.464651e-02,3.528547e-02,1.245294e-03,1.722921e-02,3.018036e-01,4.426529e-02,5.109026e-02,1.159965e-02,2.325211e-02,8.357254e-02,5.704822e-02
1.738911e-01,1.511148e-01,2.698055e-02,4.634327e-02,3.291519e-02,2.902783e-02,1.235030e-03,1.366330e-02,2.627100e-01,3.542314e-02,4.088340e-02,1.684969e-02,2.012257e-02,6.270488e-02,8.613519e-02
2.606147e-01,1.220549e-01,2.604779e-02,7.977847e-02,2.795702e-02,2.739487e-02,2.068898e-03,1.303358e-02,2.117852e-01,2.696046e-02,3.189338e-02,2.028568e-02,1.796847e-02,4.524232e-02,8.691419e-02
3.953839e-01,9.678027e-02,1.972855e-02,6.408332e-02,2.335395e-02,2.264986e-02,2.190882e-03,1.149187e-02,1.670506e-01,1.978873e-02,2.528201e-02,2.216400e-02,1.698175e-02,3.325006e-02,7.982029e-02
4.640129e-01,7.359976e-02,1.915554e-02,7.944255e-02,2.600081e-02,2.098437e-02,2.775623e-03,1.805304e-02,1.359061e-01,1.431961e-02,2.215236e-02,2.274130e-02,1.559731e-02,2.505640e-02,6.020239e-02
4.934200e-01,6.270513e-02,1.685219e-02,7.494496e-02,3.280899e-02,3.024733e-02,2.582278e-03,2.088433e-02,1.397157e-01,1.051563e-02,1.950931e-02,1.733623e-02,1.275994e-02,1.921329e-02,4.650468e-02
4.375440e-01,5.833114e-02,2.264665e-02,1.369995e-01,5.472705e-02,2.887012e-02,2.730862e-03,4.605880e-02,1.104502e-01,7.630680e-03,1.618922e-02,1.618596e-02,1.106991e-02,1.402502e-02,3.654083e-02
3.239402e-01,4.423130e-02,1.776282e-02,1.092366e-01,5.494216e-02,2.171263e-02,2.303354e-03,2.586275e-01,8.693045e-02,5.518035e-03,1.636778e-02,1.186781e-02,9.900412e-03,1.010090e-02,2.655800e-02
2.339622e-01,3.154396e-02,1.382185e-02,8.401349e-02,5.831771e-02,1.600499e-02,1.940616e-03,4.349862e-01,6.262440e-02,3.919251e-03,1.587372e-02,8.770701e-03,8.018164e-03,7.223187e-03,1.897948e-02
1.677329e-01,2.222573e-02,9.799857e-03,5.922272e-02,4.511310e-02,1.143721e-02,1.429283e-03,5.943412e-01,4.411823e-02,2.768452e-03,1.145256e-02,6.195710e-03,5.783797e-03,5.061797e-03,1.331732e-02
1.206029e-01,1.559833e-02,6.902895e-03,4.192316e-02,3.505964e-02,8.052563e-03,1.080133e-03,7.082741e-01,3.102478e-02,1.947464e-03,8.208112e-03,4.348624e-03,4.102788e-03,3.544361e-03,9.330017e-03
8.614127e-02,1.093475e-02,4.851458e-03,2.939783e-02,2.656618e-02,5.725632e-03,8.154823e-04,7.916267e-01,2.173219e-02,1.371136e-03,5.851106e-03,3.051989e-03,2.917493e-03,2.482021e-03,6.534731e-03
6.210729e-02,7.682347e-03,3.422909e-03,2.060597e-02,1.895738e-02,4.254989e-03,6.012257e-04,8.510480e-01,1.522797e-02,9.676532e-04,4.307008e-03,2.210497e-03,2.278490e-03,1.747702e-03,4.580565e-03
4.629731e-02,5.435700e-03,2.408027e-03,1.444919e-02,1.442872e-02,3.104736e-03,4.519442e-04,8.909122e-01,1.071069e-02,6.800849e-04,3.243523e-03,1.623408e-03,1.803669e-03,1.231647e-03,3.219097e-03
3.351925e-02,3.832245e-03,1.700404e-03,1.013968e-02,1.119324e-02,2.277666e-03,3.570500e-04,9.209975e-01,7.515960e-03,4.774240e-04,2.357420e-03,1.161794e-03,1.337595e-03,8.682049e-04,2.264602e-03
2.831640e-02,2.823492e-03,1.255830e-03,7.387908e-03,8.408305e-03,1.921584e-03,2.897557e-04,9.115502e-01,5.636931e-03,4.298601e-04,5.741131e-03,3.689631e-03,1.976032e-02,9.248919e-04,1.863856e-03
2.507949e-02,2.520354e-03,1.055264e-03,5.609498e-03,1.447117e-02,1.952541e-03,4.728410e-04,9.140972e-01,4.592278e-03,3.572448e-04,6.072179e-03,3.112135e-03,1.829378e-02,7.361570e-04,1.577993e-03
2.489395e-02,3.466293e-03,2.464038e-03,5.376308e-03,2.358240e-02,5.546130e-03,8.430628e-04,8.954160e-01,5.076596e-03,3.554371e-04,6.224247e-03,2.566006e-03,2.130593e-02,5.572866e-04,2.326431e-03
2.778154e-02,3.935369e-03,3.610001e-03,7.216196e-03,3.264689e-02,5.665430e-03,1.317195e-03,8.796749e-01,6.814044e-03,3.126797e-04,6.468021e-03,2.280614e-03,1.980650e-02,4.240048e-04,2.046645e-03
3.435623e-02,8.711163e-03,3.606989e-03,7.863200e-03,5.623409e-02,4.713843e-03,2.229964e-03,8.148131e-01,2.912098e-02,5.708632e-04,7.666036e-03,3.426498e-03,2.434422e-02,3.372018e-04,2.005656e-03
4.356374e-02,1.719663e-02,4.089001e-03,1.375664e-02,6.851847e-02,6.556086e-03,3.787484e-03,7.100077e-01,7.323141e-02,8.462688e-04,8.696893e-03,4.822327e-03,4.262076e-02,2.930528e-04,2.013572e-03
6.227610e-02,4.044975e-02,4.198818e-03,9.286091e-02,5.023530e-02,6.030968e-03,2.907813e-03,5.175168e-01,1.488885e-01,1.233020e-03,2.161627e-02,7.780296e-03,4.098740e-02,7.353352e-04,2.282771e-03
1.181114e-01,4.135827e-02,3.409985e-03,8.734017e-02,3.581433e-02,9.872939e-03,2.473087e-03,3.681906e-01,1.834570e-01,1.519820e-03,4.047743e-02,1.216820e-02,8.848639e-02,2.295409e-03,5.025027e-03
1.343694e-01,4.616231e-02,2.795097e-03,6.818386e-02,2.588311e-02,1.356078e-02,1.834228e-03,2.587324e-01,1.802609e-01,1.860251e-03,3.558536e-02,1.245054e-02,1.972415e-01,2.555928e-03,1.852444e-02
1.146228e-01,1.071330e-01,3.233908e-03,5.062316e-02,1.847272e-02,1.261736e-02,1.391116e-03,1.815986e-01,2.689826e-01,2.648898e-03,2.765572e-02,1.272927e-02,1.742770e-01,2.994807e-03,2.101902e-02
1.217735e-01,1.017560e-01,3.091987e-03,3.821810e-02,1.415416e-02,2.048144e-02,1.176473e-03,1.284137e-01,2.929467e-01,3.190369e-03,2.501987e-02,1.211495e-02,1.768230e-01,3.602763e-03,5.723703e-02
9.673585e-02,1.076205e-01,2.612661e-03,2.969773e-02,1.267545e-02,2.761007e-02,8.738047e-04,9.019355e-02,2.921923e-01,2.738639e-03,1.916068e-02,1.188993e-02,1.694984e-01,4.186216e-03,1.323143e-01
7.155134e-02,9.242549e-02,3.165048e-02,5.300666e-02,1.526383e-02,3.232460e-02,7.932087e-04,6.702600e-02,2.913080e-01,5.459218e-03,1.625531e-02,9.531854e-03,1.391912e-01,4.417716e-03,1.697952e-01
5.316677e-02,1.003313e-01,2.678149e-02,5.166562e-02,1.647635e-02,4.407786e-02,8.431616e-04,4.877705e-02,3.141158e-01,8.457365e-03,1.347778e-02,7.426385e-03,1.140605e-01,8.997979e-03,1.913446e-01
3.741512e-02,2.262721e-01,3.396910e-02,4.503629e-02,1.185011e-02,3.185375e-02,5.946282e-04,3.416091e-02,3.273881e-01,7.226434e-03,9.677546e-03,5.802856e-03,8.075997e-02,6.391518e-03,1.416016e-01
2.895491e-02,2.449902e-01,3.285450e-02,4.019710e-02,1.497709e-02,4.474909e-02,7.757206e-04,2.441216e-02,3.434339e-01,8.888130e-03,1.629244e-02,4.974751e-03,6.163472e-02,5.093173e-03,1.277721e-01
2.111520e-02,2.123009e-01,4.874353e-02,4.225665e-02,1.153618e-02,3.405034e-02,6.011073e-04,1.742693e-02,4.268175e-01,1.191741e-02,1.447262e-02,4.189137e-03,4.615587e-02,3.933250e-03,1.044834e-01
1.928128e-02,1.817401e-01,5.326477e-02,3.718786e-02,9.625946e-03,2.648854e-02,5.556550e-04,1.270157e-02,4.832930e-01,2.405464e-02,1.400264e-02,3.634009e-03,3.678941e-02,3.373303e-03,9.400734e-02
1.734712e-02,1.354255e-01,7.435122e-02,5.153819e-02,8.573990e-03,1.960396e-02,4.653552e-04,1.127672e-02,5.227786e-01,2.448604e-02,1.222277e-02,3.026628e-03,2.772368e-02,3.165068e-03,8.801520e-02
4.077605e-02,1.033127e-01,9.523472e-02,4.838072e-02,1.540335e-02,2.155726e-02,1.028741e-03,1.208541e-02,3.948242e-01,2.134639e-02,1.293991e-02,3.387185e-03,2.393615e-02,4.336332e-03,2.014510e-01
3.616167e-02,7.546636e-02,1.769711e-01,7.477978e-02,2.447502e-02,2.423623e-02,2.942554e-03,4.259729e-02,3.038378e-01,1.732802e-02,1.270538e-02,3.019037e-03,2.135622e-02,3.934221e-03,1.801894e-01
3.275285e-02,5.464046e-02,1.836364e-01,5.744551e-02,3.970289e-02,2.131179e-02,1.725256e-02,1.679581e-01,2.483524e-01,1.233620e-02,9.774924e-03,2.193333e-03,1.581055e-02,2.964666e-03,1.338674e-01
3.130011e-02,4.090093e-02,1.589242e-01,4.388450e-02,3.265644e-02,1.660611e-02,1.279463e-02,3.553700e-01,1.797369e-01,9.350291e-03,7.233536e-03,1.619978e-03,1.157157e-02,2.211439e-03,9.583943e-02
2.397503e-02,2.905201e-02,1.200416e-01,3.421403e-02,2.707257e-02,1.206110e-02,9.144998e-03,5.265200e-01,1.273396e-01,6.599856e-03,5.300478e-03,1.175583e-03,8.318173e-03,1.642949e-03,6.754205e-02
1.799370e-02,2.043178e-02,8.510197e-02,2.412315e-02,2.211277e-02,8.619602e-03,6.436653e-03,6.621845e-01,8.945175e-02,4.622584e-03,3.731400e-03,8.265320e-04,5.879247e-03,1.159049e-03,4.732538e-02
1.317913e-02,1.431631e-02,5.966582e-02,1.690915e-02,1.748077e-02,6.086983e-03,4.531050e-03,7.606871e-01,6.265139e-02,3.236681e-03,2.614762e-03,5.792598e-04,4.119915e-03,8.128862e-04,3.312885e-02
9.802151e-03,1.003204e-02,4.185495e-02,1.185164e-02,1.305435e-02,4.369250e-03,3.173910e-03,8.307898e-01,4.386693e-02,2.271093e-03,1.848156e-03,4.099743e-04,2.894361e-03,5.872814e-04,2.319417e-02
7.799723e-03,7.029000e-03,2.935373e-02,8.306978e-03,9.794933e-03,3.079024e-03,2.226095e-03,8.798165e-01,3.071281e-02,1.592303e-03,1.308761e-03,2.935939e-04,2.033378e-03,4.158406e-04,1.623730e-02
7.022738e-03,4.927491e-03,2.057086e-02,5.831093e-03,6.996896e-03,2.212155e-03,1.569534e-03,9.139696e-01,2.150870e-02,1.116116e-03,9.453288e-04,2.231044e-04,1.438657e-03,2.991436e-04,1.136862e-02
1.082857e-02,3.508098e-03,1.444824e-02,4.173762e-03,6.306349e-03,1.856879e-03,1.167485e-03,9.314287e-01,1.510456e-02,7.870749e-04,8.186567e-04,2.229052e-04,1.133450e-03,2.438351e-04,7.971474e-03
1.125220e-02,2.483111e-03,1.013320e-02,2.945723e-03,5.535814e-03,1.406599e-03,8.804334e-04,9.467673e-01,1.059772e-02,5.544080e-04,6.526543e-04,1.747955e-04,8.341607e-04,1.919127e-04,5.590015e-03
9.496772e-03,1.755914e-03,7.117957e-03,2.097787e-03,4.464533e-03,1.055665e-03,6.836999e-04,9.601761e-01,7.439140e-03,3.895301e-04,5.079869e-04,1.406164e-04,6.098338e-04,1.425324e-04,3.921961e-03
8.363733e-03,1.247865e-03,5.053348e-03,1.515656e-03,3.782782e-03,7.832712e-04,6.093691e-04,9.693412e-01,5.232554e-03,2.754128e-04,3.841579e-04,1.091813e-04,4.439337e-04,1.052033e-04,2.752332e-03
8.433491e-03,8.919954e-04,3.571607e-03,1.098697e-03,2.914100e-03,7.960221e-04,7.717833e-04,9.747001e-01,3.706786e-03,2.003135e-04,3.326419e-04,1.346301e-04,4.237444e-04,7.962483e-05,1.944487e-03
1.473374e-02,1.018711e-03,2.731119e-03,8.989769e-04,2.377566e-03,7.424070e-04,6.192006e-04,9.473370e-01,4.076497e-03,8.791187e-04,3.094542e-03,4.583916e-03,1.409383e-02,1.084723e-03,1.728659e-03
1.639299e-02,1.422509e-03,1.939528e-03,7.010198e-04,2.183089e-03,8.173296e-04,4.825702e-04,7.277204e-01,3.125139e-02,6.851911e-04,3.323594e-03,3.994511e-03,2.058692e-01,1.045658e-03,2.170925e-03
