1.000000e+00,0.000000e+00,0.000000e+00,0.000000e+00,0.000000e+00,0.000000e+00,0.000000e+00,0.000000e+00,0.000000e+00,0.000000e+00,0.000000e+00,0.000000e+00,0.000000e+00,0.000000e+00,0.000000e+00
1.000000e+00,0.000000e+00,0.000000e+00,0.000000e+00,0.000000e+00,0.000000e+00,0.000000e+00,0.000000e+00,0.000000e+00,0.000000e+00,0.000000e+00,0.000000e+00,0.000000e+00,0.000000e+00,0.000000e+00
1.000000e+00,0.000000e+00,0.000000e+00,0.000000e+00,0.000000e+00,0.000000e+00,0.000000e+00,0.000000e+00,0.000000e+00,0.000000e+00,0.000000e+00,0.000000e+00,0.000000e+00,0.000000e+00,0.000000e+00
1.000000e+00,0.000000e+00,0.000000e+00,0.000000e+00,0.000000e+00,0.000000e+00,0.000000e+00,0.000000e+00,0.000000e+00,0.000000e+00,0.000000e+00,0.000000e+00,0.000000e+00,0.000000e+00,0.000000e+00
1.000000e+00,0.000000e+00,0.000000e+00,0.000000e+00,0.000000e+00,0.000000e+00,0.000000e+00,0.000000e+00,0.000000e+00,0.000000e+00,0.000000e+00,0.000000e+00,0.000000e+00,0.000000e+00,0.000000e+00
1.000000e+00,0.000000e+00,0.000000e+00,0.000000e+00,0.000000e+00,0.000000e+00,0.000000e+00,0.000000e+00,0.000000e+00,0.000000e+00,0.000000e+00,0.000000e+00,0.000000e+00,0.000000e+00,0.000000e+00
1.000000e+00,0.000000e+00,0.000000e+00,0.000000e+00,0.000000e+00,0.000000e+00,0.000000e+00,0.000000e+00,0.000000e+00,0.000000e+00,0.000000e+00,0.000000e+00,0.000000e+00,0.000000e+00,0.000000e+00
1.000000e+00,0.000000e+00,0.000000e+00,0.000000e+00,0.000000e+00,0.000000e+00,0.000000e+00,0.000000e+00,0.000000e+00,0.000000e+00,0.000000e+00,0.000000e+00,0.000000e+00,0.000000e+00,0.000000e+00
1.000000e+00,0.000000e+00,0.000000e+00,0.000000e+00,0.000000e+00,0.000000e+00,0.000000e+00,0.000000e+00,0.000000e+00,0.000000e+00,0.000000e+00,0.000000e+00,0.000000e+00,0.000000e+00,0.000000e+00
1.000000e+00,0.000000e+00,0.000000e+00,0.000000e+00,0.000000e+00,0.000000e+00,0.000000e+00,0.000000e+00,0.000000e+00,0.000000e+00,0.000000e+00,0.000000e+00,0.000000e+00,0.000000e+00,0.000000e+00
1.000000e+00,0.000000e+00,0.000000e+00,0.000000e+00,0.000000e+00,0.000000e+00,0.000000e+00,0.000000e+00,0.000000e+00,0.000000e+00,0.000000e+00,0.000000e+00,0.000000e+00,0.000000e+00,0.000000e+00
1.000000e+00,0.000000e+00,0.000000e+00,0.000000e+00,0.000000e+00,0.000000e+00,0.000000e+00,0.000000e+00,0.000000e+00,0.000000e+00,0.000000e+00,0.000000e+00,0.000000e+00,0.000000e+00,0.000000e+00
1.000000e+00,0.000000e+00,0.000000e+00,0.000000e+00,0.000000e+00,0.000000e+00,0.000000e+00,0.000000e+00,0.000000e+00,0.000000e+00,0.000000e+00,0.000000e+00,0.000000e+00,0.000000e+00,0.000000e+00
1.000000e+00,0.000000e+00,0.000000e+00,0.000000e+00,0.000000e+00,0.000000e+00,0.000000e+00,0.000000e+00,0.000000e+00,0.000000e+00,0.000000e+00,0.000000e+00,0.000000e+00,0.000000e+00,0.000000e+00
1.000000e+00,0.000000e+00,0.000000e+00,0.000000e+00,0.000000e+00,0.000000e+00,0.000000e+00,0.000000e+00,0.000000e+00,0.000000e+00,0.000000e+00,0.000000e+00,0.000000e+00,0.000000e+00,0.000000e+00
1.000000e+00,0.000000e+00,0.000000e+00,0.000000e+00,0.000000e+00,0.000000e+00,0.000000e+00,0.000000e+00,0.000000e+00,0.000000e+00,0.000000e+00,0.000000e+00,0.000000e+00,0.000000e+00,0.000000e+00
1.000000e+00,0.000000e+00,0.000000e+00,0.000000e+00,0.000000e+00,0.000000e+00,0.000000e+00,0.000000e+00,0.000000e+00,0.000000e+00,0.000000e+00,0.000000e+00,0.000000e+00,0.000000e+00,0.000000e+00
1.000000e+00,0.000000e+00,0.000000e+00,0.000000e+00,0.000000e+00,0.000000e+00,0.000000e+00,0.000000e+00,0.000000e+00,0.000000e+00,0.000000e+00,0.000000e+00,0.000000e+00,0.000000e+00,0.000000e+00
1.000000e+00,0.000000e+00,0.000000e+00,0.000000e+00,0.000000e+00,0.000000e+00,0.000000e+00,0.000000e+00,0.000000e+00,0.000000e+00,0.000000e+00,0.000000e+00,0.000000e+00,0.000000e+00,0.000000e+00
1.000000e+00,0.000000e+00,0.000000e+00,0.000000e+00,0.000000e+00,0.000000e+00,0.000000e+00,0.000000e+00,0.000000e+00,0.000000e+00,0.000000e+00,0.000000e+00,0.000000e+00,0.000000e+00,0.000000e+00
1.000000e+00,0.000000e+00,0.000000e+00,0.000000e+00,0.000000e+00,0.000000e+00,0.000000e+00,0.000000e+00,0.000000e+00,0.000000e+00,0.000000e+00,0.000000e+00,0.000000e+00,0.000000e+00,0.000000e+00
1.000000e+00,0.000000e+00,0.000000e+00,0.000000e+00,0.000000e+00,0.000000e+00,0.000000e+00,0.000000e+00,0.000000e+00,0.000000e+00,0.000000e+00,0.000000e+00,0.000000e+00,0.000000e+00,0.000000e+00
1.000000e+00,0.000000e+00,0.000000e+00,0.000000e+00,0.000000e+00,0.000000e+00,0.000000e+00,0.000000e+00,0.000000e+00,0.000000e+00,0.000000e+00,0.000000e+00,0.000000e+00,0.000000e+00,0.000000e+00
1.000000e+00,0.000000e+00,0.000000e+00,0.000000e+00,0.000000e+00,0.000000e+00,0.000000e+00,0.000000e+00,0.000000e+00,0.000000e+00,0.000000e+00,0.000000e+00,0.000000e+00,0.000000e+00,0.000000e+00
1.000000e+00,0.000000e+00,0.000000e+00,0.000000e+00,0.000000e+00,0.000000e+00,0.000000e+00,0.000000e+00,0.000000e+00,0.000000e+00,0.000000e+00,0.000000e+00,0.000000e+00,0.000000e+00,0.000000e+00
1.000000e+00,0.000000e+00,0.000000e+00,0.000000e+00,0.000000e+00,0.000000e+00,0.000000e+00,0.000000e+00,0.000000e+00,0.000000e+00,0.000000e+00,0.000000e+00,0.000000e+00,0.000000e+00,0.000000e+00
1.000000e+00,0.000000e+00,0.000000e+00,0.000000e+00,0.000000e+00,0.000000e+00,0.000000e+00,0.000000e+00,0.000000e+00,0.000000e+00,0.000000e+00,0.000000e+00,0.000000e+00,0.000000e+00,0.000000e+00
1.000000e+00,0.000000e+00,0.000000e+00,0.000000e+00,0.000000e+00,0.000000e+00,0.000000e+00,0.000000e+00,0.000000e+00,0.000000e+00,0.000000e+00,0.000000e+00,0.000000e+00,0.000000e+00,0.000000e+00
1.000000e+00,0.000000e+00,0.000000e+00,0.000000e+00,0.000000e+00,0.000000e+00,0.000000e+00,0.000000e+00,0.000000e+00,0.000000e+00,0.000000e+00,0.000000e+00,0.000000e+00,0.000000e+00,0.000000e+00
1.000000e+00,0.000000e+00,0.000000e+00,0.000000e+00,0.000000e+00,0.000000e+00,0.000000e+00,0.000000e+00,0.000000e+00,0.000000e+00,0.000000e+00,0.000000e+00,0.000000e+00,0.000000e+00,0.000000e+00
1.000000e+00,0.000000e+00,0.000000e+00,0.000000e+00,0.000000e+00,0.000000e+00,0.000000e+00,0.000000e+00,0.000000e+00,0.000000e+00,0.000000e+00,0.000000e+00,0.000000e+00,0.000000e+00,0.000000e+00
1.000000e+00,0.000000e+00,0.000000e+00,0.000000e+00,0.000000e+00,0.000000e+00,0.000000e+00,0.000000e+00,0.000000e+00,0.000000e+00,0.000000e+00,0.000000e+00,0.000000e+00,0.000000e+00,0.000000e+00
1.000000e+00,0.000000e+00,0.000000e+00,0.000000e+00,0.000000e+00,0.000000e+00,0.000000e+00,0.000000e+00,0.000000e+00,0.000000e+00,0.000000e+00,0.000000e+00,0.000000e+00,0.000000e+00,0.000000e+00
1.000000e+00,0.000000e+00,0.000000e+00,0.000000e+00,0.000000e+00,0.000000e+00,0.000000e+00,0.000000e+00,0.000000e+00,0.000000e+00,0.000000e+00,0.000000e+00,0.000000e+00,0.000000e+00,0.000000e+00
1.000000e+00,0.000000e+00,0.000000e+00,0.000000e+00,0.000000e+00,0.000000e+00,0.000000e+00,0.000000e+00,0.000000e+00,0.000000e+00,0.000000e+00,0.000000e+00,0.000000e+00,0.000000e+00,0.000000e+00
1.000000e+00,0.000000e+00,0.000000e+00,0.000000e+00,0.000000e+00,0.000000e+00,0.000000e+00,0.000000e+00,0.000000e+00,0.000000e+00,0.000000e+00,0.000000e+00,0.000000e+00,0.000000e+00,0.000000e+00
1.000000e+00,0.000000e+00,0.000000e+00,0.000000e+00,0.000000e+00,0.000000e+00,0.000000e+00,0.000000e+00,0.000000e+00,0.000000e+00,0.000000e+00,0.000000e+00,0.000000e+00,0.000000e+00,0.000000e+00
1.000000e+00,0.000000e+00,0.000000e+00,0.000000e+00,0.000000e+00,0.000000e+00,0.000000e+00,0.000000e+00,0.000000e+00,0.000000e+00,0.000000e+00,0.000000e+00,0.000000e+00,0.000000e+00,0.000000e+00
1.000000e+00,0.000000e+00,0.000000e+00,0.000000e+00,0.000000e+00,0.000000e+00,0.000000e+00,0.000000e+00,0.000000e+00,0.000000e+00,0.000000e+00,0.000000e+00,0.000000e+00,0.000000e+00,0.000000e+00
1.000000e+00,0.000000e+00,0.000000e+00,0.000000e+00,0.000000e+00,0.000000e+00,0.000000e+00,0.000000e+00,0.000000e+00,0.000000e+00,0.000000e+00,0.000000e+00,0.000000e+00,0.000000e+00,0.000000e+00
1.000000e+00,0.000000e+00,0.000000e+00,0.000000e+00,0.000000e+00,0.000000e+00,0.000000e+00,0.000000e+00,0.000000e+00,0.000000e+00,0.000000e+00,0.000000e+00,0.000000e+00,0.000000e+00,0.000000e+00
1.000000e+00,0.000000e+00,0.000000e+00,0.000000e+00,0.000000e+00,0.000000e+00,0.000000e+00,0.000000e+00,0.000000e+00,0.000000e+00,0.000000e+00,0.000000e+00,0.000000e+00,0.000000e+00,0.000000e+00
1.000000e+00,0.000000e+00,0.000000e+00,0.000000e+00,0.000000e+00,0.000000e+00,0.000000e+00,0.000000e+00,0.000000e+00,0.000000e+00,0.000000e+00,0.000000e+00,0.000000e+00,0.000000e+00,0.000000e+00
1.000000e+00,0.000000e+00,0.000000e+00,0.000000e+00,0.000000e+00,0.000000e+00,0.000000e+00,0.000000e+00,0.000000e+00,0.000000e+00,0.000000e+00,0.000000e+00,0.000000e+00,0.000000e+00,0.000000e+00
1.000000e+00,0.000000e+00,0.000000e+00,0.000000e+00,0.000000e+00,0.000000e+00,0.000000e+00,0.000000e+00,0.000000e+00,0.000000e+00,0.000000e+00,0.000000e+00,0.000000e+00,0.000000e+00,0.000000e+00
1.000000e+00,0.000000e+00,0.000000e+00,0.000000e+00,0.000000e+00,0.000000e+00,0.000000e+00,0.000000e+00,0.000000e+00,0.000000e+00,0.000000e+00,0.000000e+00,0.000000e+00,0.000000e+00,0.000000e+00
1.000000e+00,0.000000e+00,0.000000e+00,0.000000e+00,0.000000e+00,0.000000e+00,0.000000e+00,0.000000e+00,0.000000e+00,0.000000e+00,0.000000e+00,0.000000e+00,0.000000e+00,0.000000e+00,0.000000e+00
1.000000e+00,0.000000e+00,0.000000e+00,0.000000e+00,0.000000e+00,0.000000e+00,0.000000e+00,0.000000e+00,0.000000e+00,0.000000e+00,0.000000e+00,0.000000e+00,0.000000e+00,0.000000e+00,0.000000e+00
1.000000e+00,0.000000e+00,0.000000e+00,0.000000e+00,0.000000e+00,0.000000e+00,0.000000e+00,0.000000e+00,0.000000e+00,0.000000e+00,0.000000e+00,0.000000e+00,0.000000e+00,0.000000e+00,0.000000e+00
4.994057e-01,4.866916e-02,2.330022e-02,1.915531e-01,2.133655e-02,3.020265e-02,1.035719e-02,2.366449e-02,2.040047e-02,1.880599e-03,2.036484e-02,5.530880e-02,2.594398e-02,3.357814e-03,2.425439e-02
1.000000e+00,0.000000e+00,0.000000e+00,0.000000e+00,0.000000e+00,0.000000e+00,0.000000e+00,0.000000e+00,0.000000e+00,0.000000e+00,0.000000e+00,0.000000e+00,0.000000e+00,0.000000e+00,0.000000e+00
4.287947e-01,5.498795e-02,3.279902e-02,2.070823e-01,3.114673e-02,3.811128e-02,1.191765e-02,2.730098e-02,2.179740e-02,2.213144e-03,1.941316e-02,6.090552e-02,2.987235e-02,4.168289e-03,2.948956e-02
4.345946e-01,5.803413e-02,2.871070e-02,1.869787e-01,3.464303e-02,3.711896e-02,1.239790e-02,2.338450e-02,2.364623e-02,2.621455e-03,1.961767e-02,6.487346e-02,3.386148e-02,5.660204e-03,3.385700e-02
3.530444e-01,5.572873e-02,6.001011e-02,2.330841e-01,3.172260e-02,3.389209e-02,1.086010e-02,2.648281e-02,2.263809e-02,2.646592e-03,2.193583e-02,6.995574e-02,3.408413e-02,5.360951e-03,3.855377e-02
2.621163e-01,5.180930e-02,1.233300e-01,3.091297e-01,2.465910e-02,2.560040e-02,8.276481e-03,2.387112e-02,1.764714e-02,2.567325e-03,1.924533e-02,6.173039e-02,2.835044e-02,4.378224e-03,3.728868e-02
3.676876e-01,4.155948e-02,1.150110e-01,2.366740e-01,2.017095e-02,2.780637e-02,9.211265e-03,2.871082e-02,1.369522e-02,2.153760e-03,1.805208e-02,5.566176e-02,2.991696e-02,3.731395e-03,2.995735e-02
3.299013e-01,3.255387e-02,1.660933e-01,2.079229e-01,1.823644e-02,2.481923e-02,1.079462e-02,8.130134e-02,1.068294e-02,1.731433e-03,1.582229e-02,4.890450e-02,2.528811e-02,3.144476e-03,2.280317e-02
2.917471e-01,2.490599e-02,2.079160e-01,1.807262e-01,1.467733e-02,2.433752e-02,1.201567e-02,1.352119e-01,8.473836e-03,1.394622e-03,1.433233e-02,4.280196e-02,2.084165e-02,2.846003e-03,1.777180e-02
2.300301e-01,1.803688e-02,2.401237e-01,1.511305e-01,1.123993e-02,1.968567e-02,1.224851e-02,2.386619e-01,6.059807e-03,1.014336e-03,1.058142e-02,3.104195e-02,1.532309e-02,2.111134e-03,1.271093e-02
2.655731e-01,1.318622e-02,2.365410e-01,1.181850e-01,8.928786e-03,2.062245e-02,3.583411e-02,2.386176e-01,4.522752e-03,8.954711e-04,8.215571e-03,2.380680e-02,1.329842e-02,1.820762e-03,9.952020e-03
2.495833e-01,9.977212e-03,1.966633e-01,8.826920e-02,7.148787e-03,1.941478e-02,2.918373e-02,3.476681e-01,3.552472e-03,8.016464e-04,6.902756e-03,1.866958e-02,1.235950e-02,1.836719e-03,7.968955e-03
2.554538e-01,7.549333e-03,1.559787e-01,6.707522e-02,5.481553e-03,1.842150e-02,2.347351e-02,4.232849e-01,2.946976e-03,7.229183e-04,5.893261e-03,1.465336e-02,1.067621e-02,1.743808e-03,6.645004e-03
3.362145e-01,6.289402e-03,1.156397e-01,4.920046e-02,5.567575e-03,2.146157e-02,2.625542e-02,4.010556e-01,2.434641e-03,6.608391e-04,5.124021e-03,1.289482e-02,9.550053e-03,1.347706e-03,6.303781e-03
3.940240e-01,5.128099e-03,8.972839e-02,3.653515e-02,5.542892e-03,2.765833e-02,2.561538e-02,3.790860e-01,2.175090e-03,6.137015e-04,4.470402e-03,1.246941e-02,9.915436e-03,1.098776e-03,5.938954e-03
4.584374e-01,4.193591e-03,6.879631e-02,2.799814e-02,5.137045e-03,2.653090e-02,2.236757e-02,3.494291e-01,1.784163e-03,5.592707e-04,3.934877e-03,1.454614e-02,9.776013e-03,1.006471e-03,5.503025e-03
4.444883e-01,3.359193e-03,4.937000e-02,2.120603e-02,6.028685e-03,2.397235e-02,1.743606e-02,3.952525e-01,1.573127e-03,5.220811e-04,3.710696e-03,1.706847e-02,1.000087e-02,9.465138e-04,5.065178e-03
4.462944e-01,2.869118e-03,3.582947e-02,1.678967e-02,7.395025e-03,2.030403e-02,1.412654e-02,4.193524e-01,1.442005e-03,4.407477e-04,3.211771e-03,1.728841e-02,8.949044e-03,8.761317e-04,4.831276e-03
4.249368e-01,2.566619e-03,2.640106e-02,1.358860e-02,7.588434e-03,1.914898e-02,1.195516e-02,4.504701e-01,1.409402e-03,3.991889e-04,2.943481e-03,2.278179e-02,1.065686e-02,8.803009e-04,4.273208e-03
4.294499e-01,2.496108e-03,2.047795e-02,1.235348e-02,6.891735e-03,2.027560e-02,1.063444e-02,4.493177e-01,1.334843e-03,3.520302e-04,2.784911e-03,2.744059e-02,1.096393e-02,8.798967e-04,4.346986e-03
3.957839e-01,2.297777e-03,1.575552e-02,1.030736e-02,6.708485e-03,1.969283e-02,9.891733e-03,4.897763e-01,1.212454e-03,3.483973e-04,2.646432e-03,2.931438e-02,1.095013e-02,8.554658e-04,4.458889e-03
3.774855e-01,2.398531e-03,1.242821e-02,8.711187e-03,6.899052e-03,1.837411e-02,9.136701e-03,5.179372e-01,1.186159e-03,3.422785e-04,2.508253e-03,2.696198e-02,9.571068e-03,8.851951e-04,5.174577e-03
3.589623e-01,2.646914e-03,1.034011e-02,8.103555e-03,7.173017e-03,1.883898e-02,9.159248e-03,5.394503e-01,1.228835e-03,3.869066e-04,2.570892e-03,2.480511e-02,8.884721e-03,1.046134e-03,6.402943e-03
3.169746e-01,2.129502e-03,8.405608e-03,6.204948e-03,7.791736e-03,1.482484e-02,7.842539e-03,5.998964e-01,1.112379e-03,3.662214e-04,2.095472e-03,1.908462e-02,7.011661e-03,8.710990e-04,5.388354e-03
2.814916e-01,1.707103e-03,6.995216e-03,4.799413e-03,8.250831e-03,1.150022e-02,6.570681e-03,6.499070e-01,9.985007e-04,3.475497e-04,1.737545e-03,1.493572e-02,5.641509e-03,7.105942e-04,4.406463e-03
2.424497e-01,1.326804e-03,6.201001e-03,3.774797e-03,8.059832e-03,8.541828e-03,6.186160e-03,7.012508e-01,7.953161e-04,3.283575e-04,1.442733e-03,1.122375e-02,4.367241e-03,5.670817e-04,3.484549e-03
2.121557e-01,1.984424e-03,6.051701e-03,4.472500e-03,8.375024e-03,8.162994e-03,6.160574e-03,6.888433e-01,3.743244e-03,2.595759e-03,4.339336e-03,1.569706e-02,2.870683e-02,1.017861e-03,7.693655e-03
1.667354e-01,4.992475e-03,6.117607e-03,5.769436e-03,9.230996e-03,7.012198e-03,4.980930e-03,6.600345e-01,2.382965e-02,6.605508e-03,7.380469e-03,1.548252e-02,4.008122e-02,3.713813e-03,3.803333e-02
1.428509e-01,5.284585e-03,5.361411e-03,8.454725e-03,1.404436e-02,6.577237e-03,4.758645e-03,6.419415e-01,2.357921e-02,6.781913e-03,7.707741e-03,1.909904e-02,7.699619e-02,3.899378e-03,3.266311e-02
1.208346e-01,4.349964e-03,4.042593e-03,8.680667e-03,1.296344e-02,6.431361e-03,3.934272e-03,5.743089e-01,1.972438e-02,5.012330e-03,1.038121e-02,1.924410e-02,1.816491e-01,3.108049e-03,2.533502e-02
1.042006e-01,3.735784e-03,3.068580e-03,7.085891e-03,1.122041e-02,5.549192e-03,3.545167e-03,4.832468e-01,1.774728e-02,3.663244e-03,1.534529e-02,2.187922e-02,2.974409e-01,2.968868e-03,1.930274e-02
1.252826e-01,1.072247e-02,4.360820e-03,1.347889e-02,2.449799e-02,6.667326e-03,5.144204e-03,4.355356e-01,3.011173e-02,2.844443e-03,1.729474e-02,3.052178e-02,2.724639e-01,3.181826e-03,1.789169e-02
1.198439e-01,8.531093e-03,3.784047e-03,1.119342e-02,2.341773e-02,5.651142e-03,4.096447e-03,3.640070e-01,2.822077e-02,2.175800e-03,2.076810e-02,3.342640e-02,3.585934e-01,2.798527e-03,1.349220e-02
8.891985e-02,6.117528e-03,2.914781e-03,8.319518e-03,1.919343e-02,4.366402e-03,2.977224e-03,2.643406e-01,5.636087e-02,1.608125e-03,1.961951e-02,5.971054e-02,4.538783e-01,2.086691e-03,9.586577e-03
6.678216e-02,4.408855e-03,2.736576e-03,9.992046e-03,5.889286e-02,3.328511e-03,2.297605e-03,1.983389e-01,1.067287e-01,1.162368e-03,2.126032e-02,4.589535e-02,4.697374e-01,1.529815e-03,6.908484e-03
4.926258e-02,3.524052e-03,2.640653e-03,1.049194e-02,5.211811e-02,2.523124e-03,1.666361e-03,1.664594e-01,2.872016e-01,8.275813e-04,1.619666e-02,3.439752e-02,3.667059e-01,1.090101e-03,4.894362e-03
3.510572e-02,3.017604e-03,2.004627e-03,2.033800e-02,3.927277e-02,2.071610e-03,1.184774e-03,1.180702e-01,4.783719e-01,5.906377e-04,1.188340e-02,2.585769e-02,2.580086e-01,7.652767e-04,3.457179e-03
2.565586e-02,2.574851e-03,1.811781e-03,3.354522e-02,3.250017e-02,1.962980e-03,8.801065e-04,8.617793e-02,6.012722e-01,4.247998e-04,8.600404e-03,1.961157e-02,1.820135e-01,5.366236e-04,2.431858e-03
1.922161e-02,3.578077e-03,1.759448e-03,1.020265e-01,2.826184e-02,2.251124e-03,6.719758e-04,6.133359e-02,6.304307e-01,3.314487e-04,6.270969e-03,1.394475e-02,1.277964e-01,3.771366e-04,1.744338e-03
1.622383e-02,3.850777e-03,1.695104e-03,1.309792e-01,3.787054e-02,1.790540e-03,5.789322e-04,4.496445e-02,6.560861e-01,2.570436e-04,4.604337e-03,9.897796e-03,8.968683e-02,2.650251e-04,1.249461e-03
1.963103e-02,4.824058e-03,2.077293e-03,1.409746e-01,7.542729e-02,1.462983e-03,1.020721e-03,3.862488e-02,6.411489e-01,2.261301e-04,3.501374e-03,6.999767e-03,6.292526e-02,1.888001e-04,9.668811e-04
1.772023e-02,4.019150e-03,6.059825e-03,3.246442e-01,7.391858e-02,1.171139e-03,8.009508e-04,3.990500e-02,4.760636e-01,2.677630e-04,4.647881e-03,5.108279e-03,4.479736e-02,1.367251e-04,7.393288e-04
1.658994e-02,3.863654e-03,1.112443e-02,4.468641e-01,6.745920e-02,9.590571e-04,6.185845e-04,5.052987e-02,3.562919e-01,4.057483e-04,7.822908e-03,3.997230e-03,3.276294e-02,1.014936e-04,6.089772e-04
1.668511e-02,4.375553e-03,1.400549e-02,4.768724e-01,9.322881e-02,8.466767e-04,7.907883e-04,6.978086e-02,2.843039e-01,8.706355e-04,1.040171e-02,3.185394e-03,2.400553e-02,8.401162e-05,5.631650e-04
1.237498e-02,3.560539e-03,1.346029e-02,5.915426e-01,6.994902e-02,6.825096e-04,6.007476e-04,5.244466e-02,2.025346e-01,2.755324e-03,2.677868e-02,2.525008e-03,2.016312e-02,6.637495e-05,5.614929e-04
8.698366e-03,2.729237e-03,1.045022e-02,5.829631e-01,5.104917e-02,5.708983e-04,4.632038e-04,3.768787e-02,1.433036e-01,2.460086e-03,1.364282e-01,3.471922e-03,1.885469e-02,2.186496e-04,6.507257e-04
6.224954e-03,2.119326e-03,7.507622e-03,4.651848e-01,3.901671e-02,5.246546e-04,3.445112e-04,2.687768e-02,1.092418e-01,2.069228e-03,2.981178e-01,4.341689e-03,2.955670e-02,7.552814e-03,1.319686e-03
4.404827e-03,1.599198e-03,5.373043e-03,3.450653e-01,2.988122e-02,4.578353e-04,2.544616e-04,1.892708e-02,8.099734e-02,1.613065e-03,4.328133e-01,3.910198e-03,6.295622e-02,9.849932e-03,1.896956e-03
3.315231e-03,1.841171e-03,4.350880e-03,2.675025e-01,2.389013e-02,1.005918e-03,5.019259e-04,1.349687e-02,1.123638e-01,1.002097e-02,3.585771e-01,3.235843e-02,1.226588e-01,3.178644e-02,1.632980e-02
3.731092e-03,3.524323e-03,3.579987e-03,2.190159e-01,2.339499e-02,2.088605e-03,9.213617e-04,1.054553e-02,1.058906e-01,3.339262e-02,2.994311e-01,6.797896e-02,1.124156e-01,9.245133e-02,2.163804e-02
5.406968e-03,2.836313e-03,2.725754e-03,1.555074e-01,1.783849e-02,2.248748e-03,9.890967e-04,8.160529e-03,2.263783e-01,3.413873e-02,2.557676e-01,5.498089e-02,7.941201e-02,1.331858e-01,2.042347e-02
5.453574e-03,2.052249e-03,2.029454e-03,1.100976e-01,1.263066e-02,1.786064e-03,9.957840e-04,6.035332e-03,2.152533e-01,2.755887e-02,3.518768e-01,7.849060e-02,5.721991e-02,1.117797e-01,1.674025e-02
9.201765e-03,1.743564e-03,1.860396e-03,7.869735e-02,9.645212e-03,1.780854e-03,1.147625e-03,6.031242e-03,1.586400e-01,2.261801e-02,4.025444e-01,1.168000e-01,4.471147e-02,1.294377e-01,1.514047e-02
7.429413e-03,1.395439e-03,1.478075e-03,5.519012e-02,7.375986e-03,1.465421e-03,8.713938e-04,4.785858e-03,1.166162e-01,2.017684e-02,3.807426e-01,2.168223e-01,3.522224e-02,1.385271e-01,1.190102e-02
6.923871e-03,1.215784e-03,1.294285e-03,3.871571e-02,5.750049e-03,1.566610e-03,6.660021e-04,3.718088e-03,8.444909e-02,2.213108e-02,4.495676e-01,1.985100e-01,2.675940e-02,1.463885e-01,1.234402e-02
9.138292e-03,1.430740e-03,1.259320e-03,2.717829e-02,4.706327e-03,1.415107e-03,5.017102e-04,2.828940e-03,6.317154e-02,2.629407e-02,5.165435e-01,1.537015e-01,2.026143e-02,1.597687e-01,1.180059e-02
7.786216e-03,1.464240e-03,2.486896e-03,1.911132e-02,3.945249e-03,1.607336e-03,4.157609e-04,3.067123e-03,4.584300e-02,2.666916e-02,5.589908e-01,1.212230e-01,1.503488e-02,1.820289e-01,1.032607e-02
8.121958e-03,1.691257e-03,3.768038e-03,1.349517e-02,3.317812e-03,2.478920e-03,3.803087e-04,2.871675e-03,3.612139e-02,2.297876e-02,5.366780e-01,9.226368e-02,1.117527e-02,2.562115e-01,8.446326e-03
6.187825e-03,2.585951e-03,6.748579e-03,9.589561e-03,2.777747e-03,1.982063e-03,2.938049e-04,2.223218e-03,5.533046e-02,1.756246e-02,4.233983e-01,6.762942e-02,8.189199e-03,3.892685e-01,6.232975e-03
4.778240e-03,4.779268e-03,7.350539e-03,6.919673e-03,2.326383e-03,5.166342e-03,2.167340e-04,1.732487e-03,9.783845e-02,1.429092e-02,3.294882e-01,4.872728e-02,6.128144e-03,4.643781e-01,5.879221e-03
3.997359e-03,1.112123e-02,1.340863e-02,5.047202e-03,2.031054e-03,8.964648e-03,1.611367e-04,1.469688e-03,1.422001e-01,1.078413e-02,2.510273e-01,3.467162e-02,4.525723e-03,5.055455e-01,5.044698e-03
3.552587e-03,9.174658e-03,1.618583e-02,3.964132e-03,2.142522e-03,8.451480e-03,1.242165e-04,1.783845e-03,1.988617e-01,7.788991e-03,1.850820e-01,2.432878e-02,3.284877e-03,5.309249e-01,4.349472e-03
6.515379e-03,1.039179e-02,1.726565e-02,5.459137e-03,5.273438e-03,1.568867e-02,1.214497e-04,1.842824e-03,2.228702e-01,5.731315e-03,1.511732e-01,1.710640e-02,2.520080e-03,5.341696e-01,3.871022e-03
2.063913e-02,1.428691e-02,3.895778e-02,5.088464e-02,1.771828e-02,1.529286e-02,7.341802e-04,8.318634e-03,2.557220e-01,4.427869e-03,1.097241e-01,1.222053e-02,2.401816e-03,4.447924e-01,3.878821e-03
3.128374e-02,1.857225e-02,3.801478e-02,3.890425e-02,2.008035e-02,2.280563e-02,5.927713e-04,7.022333e-03,2.455402e-01,3.518876e-03,8.364042e-02,8.697776e-03,2.118324e-03,4.747342e-01,4.474179e-03
4.319865e-02,2.873510e-02,3.219653e-02,4.190136e-02,3.564424e-02,4.249109e-02,5.897356e-04,6.327249e-03,2.208113e-01,2.745963e-03,6.338821e-02,6.247481e-03,2.513115e-03,4.678338e-01,5.376236e-03
6.120015e-02,3.357992e-02,2.467063e-02,6.975327e-02,5.378638e-02,5.347065e-02,6.336071e-04,6.102783e-03,1.951999e-01,2.259378e-03,4.881055e-02,4.915265e-03,2.747003e-03,4.375106e-01,5.359931e-03
1.035043e-01,3.061099e-02,2.231154e-02,5.556328e-02,4.747573e-02,5.382806e-02,5.664210e-04,4.509647e-03,1.759333e-01,1.723602e-03,4.043708e-02,3.941942e-03,3.448569e-03,4.492193e-01,6.926181e-03
1.092453e-01,2.439591e-02,1.687542e-02,4.511955e-02,4.544548e-02,1.393381e-01,6.526678e-04,3.528550e-03,1.669910e-01,1.394414e-03,3.252825e-02,3.234991e-03,3.602216e-03,4.003193e-01,7.328860e-03
1.059101e-01,2.096390e-02,1.286138e-02,3.858415e-02,4.906910e-02,2.470123e-01,1.254552e-03,3.503328e-03,1.554524e-01,1.418594e-03,2.813447e-02,3.138700e-03,4.040680e-03,3.197968e-01,8.859576e-03
7.788798e-02,1.483189e-02,9.139090e-03,2.745446e-02,3.554827e-02,4.500883e-01,1.161669e-03,4.360320e-03,1.137224e-01,5.164776e-03,2.017356e-02,2.266167e-03,3.244156e-03,2.272814e-01,7.675512e-03
5.764351e-02,1.072227e-02,6.626484e-03,2.039061e-02,2.515333e-02,4.970770e-01,1.012568e-03,6.096653e-03,1.203130e-01,2.451534e-02,2.529882e-02,1.875356e-03,3.020304e-03,1.627822e-01,3.747246e-02
4.128664e-02,7.727596e-03,4.875611e-03,1.619566e-02,1.778555e-02,4.607660e-01,7.653420e-04,4.794526e-03,2.492343e-01,2.029078e-02,2.680208e-02,1.400588e-03,2.453150e-03,1.163635e-01,2.925864e-02
2.950384e-02,5.532451e-03,3.691376e-03,1.234971e-02,1.278791e-02,3.726887e-01,6.932545e-04,4.204417e-03,2.414399e-01,1.723825e-02,1.517934e-01,1.624881e-03,2.591341e-03,1.189692e-01,2.489133e-02
2.169580e-02,4.163307e-03,2.820458e-03,9.732140e-03,9.159487e-03,2.741947e-01,6.850006e-04,3.342491e-03,2.457410e-01,2.043920e-02,2.461703e-01,1.891260e-03,3.134893e-03,1.157595e-01,4.107039e-02
1.545987e-02,3.036249e-03,1.992426e-03,6.832288e-03,6.440531e-03,1.935295e-01,5.711637e-04,2.385617e-03,1.750839e-01,1.543268e-02,3.578413e-01,2.012695e-03,2.402880e-03,1.872256e-01,2.975341e-02
1.121451e-02,2.174007e-03,1.408590e-03,4.793225e-03,4.544196e-03,1.359529e-01,4.570413e-04,1.716727e-03,1.231980e-01,1.176608e-02,4.769726e-01,1.969231e-03,1.762793e-03,2.006852e-01,2.138487e-02
8.223609e-03,1.772223e-03,1.004687e-03,3.373849e-03,3.212941e-03,9.615746e-02,3.638953e-04,1.235042e-03,8.924951e-02,9.031329e-03,5.295352e-01,2.558559e-03,1.413503e-03,2.371558e-01,1.571243e-02
5.803137e-03,3.123210e-03,7.556267e-04,2.372544e-03,2.284725e-03,6.939998e-02,2.682019e-04,8.755625e-04,7.250605e-02,6.871009e-03,5.624426e-01,2.789139e-03,1.103017e-03,2.576388e-01,1.176635e-02
4.075247e-03,3.515307e-03,5.770428e-04,1.664802e-03,1.630730e-03,4.929598e-02,1.909017e-04,6.166594e-04,6.270219e-02,5.391141e-03,5.819857e-01,2.909400e-03,8.867740e-04,2.759147e-01,8.643449e-03
2.875411e-03,4.352977e-03,4.320648e-04,1.170975e-03,1.151561e-03,3.564474e-02,1.387706e-04,4.364485e-04,5.140280e-02,4.372992e-03,5.028898e-01,2.477704e-03,9.080402e-04,3.855436e-01,6.202133e-03
2.048883e-03,1.011964e-02,5.970869e-04,9.100720e-04,8.312343e-04,2.636593e-02,1.079340e-04,3.196855e-04,8.653221e-02,4.174215e-03,4.248392e-01,2.202522e-03,8.086199e-04,4.351179e-01,5.024872e-03
1.471531e-03,2.164632e-02,1.221256e-03,9.209255e-04,6.234176e-04,2.029712e-02,8.956254e-05,2.472697e-04,1.694297e-01,4.941663e-03,3.388141e-01,1.948071e-03,7.114259e-04,4.325851e-01,5.052536e-03
1.055968e-03,1.584745e-02,1.011637e-03,8.319604e-04,4.585394e-04,1.564304e-02,7.140591e-05,1.805423e-04,3.103270e-01,6.114685e-03,2.487806e-01,1.683612e-03,6.278257e-04,3.926553e-01,4.710437e-03
7.606117e-04,1.293139e-02,9.153822e-04,1.022599e-03,3.432385e-04,1.207739e-02,5.838219e-05,1.440981e-04,4.236648e-01,5.754897e-03,1.805229e-01,1.409148e-03,4.748098e-04,3.553941e-01,4.526264e-03
5.386114e-04,9.179260e-03,6.639504e-04,1.094626e-03,2.519083e-04,9.185815e-03,4.221129e-05,1.065289e-04,5.399415e-01,4.533411e-03,1.290261e-01,1.080560e-03,3.765498e-04,3.003788e-01,3.600178e-03
3.892253e-04,6.680883e-03,5.031475e-04,2.484877e-03,1.990349e-04,8.689395e-03,3.195157e-05,8.131159e-05,6.397865e-01,3.599588e-03,9.604293e-02,8.122964e-04,3.304210e-04,2.368382e-01,3.530145e-03
2.891600e-04,5.124776e-03,4.221879e-04,4.110358e-03,1.950024e-04,9.368071e-03,2.600172e-05,6.705933e-05,7.220764e-01,3.282260e-03,7.157986e-02,6.070302e-04,3.170081e-04,1.776318e-01,4.902994e-03
2.796347e-04,4.006389e-03,4.789993e-04,1.482604e-02,4.914994e-04,1.908239e-02,2.745968e-05,1.262288e-04,7.502444e-01,3.975194e-03,5.723549e-02,6.727773e-04,7.111021e-04,1.308584e-01,1.698403e-02
3.745925e-04,3.583085e-03,1.014885e-03,2.530057e-02,2.898736e-03,3.356301e-02,8.528912e-05,9.426889e-04,7.696660e-01,4.209740e-03,4.273875e-02,9.127351e-04,2.167582e-03,9.481286e-02,1.772952e-02
1.146148e-03,4.296493e-03,1.116562e-03,9.172693e-02,1.647705e-01,2.541164e-02,3.893565e-04,7.562861e-04,5.922139e-01,3.231628e-03,3.122800e-02,7.914238e-04,1.596097e-03,6.868215e-02,1.264296e-02
9.675901e-04,3.161359e-03,8.260464e-04,1.134352e-01,3.589827e-01,1.790440e-02,1.357901e-03,5.686729e-04,4.196085e-01,2.338115e-03,2.199590e-02,5.741183e-04,1.140308e-03,4.815840e-02,8.980907e-03
7.131371e-04,2.255326e-03,6.311046e-04,2.347176e-01,3.936400e-01,1.283040e-02,1.067101e-03,4.183553e-04,2.951707e-01,1.685455e-03,1.553420e-02,4.331657e-04,8.244349e-04,3.372162e-02,6.357352e-03
1.048640e-03,2.322587e-03,1.161803e-03,3.273086e-01,4.032424e-01,9.210519e-03,1.574642e-03,7.057986e-04,2.108830e-01,1.449623e-03,1.126792e-02,4.296470e-04,8.004332e-04,2.361691e-02,4.977481e-03
1.601323e-03,1.920473e-03,1.018051e-03,2.715041e-01,5.066074e-01,7.361961e-03,2.709514e-02,8.640217e-04,1.507740e-01,1.154524e-03,8.030074e-03,3.347638e-04,1.494707e-03,1.654255e-02,3.696945e-03
1.284923e-03,1.685955e-03,8.562040e-04,4.369672e-01,3.770089e-01,5.294905e-03,1.923209e-02,6.864241e-04,1.102161e-01,1.057194e-03,2.825668e-02,5.156331e-04,2.218213e-03,1.162170e-02,3.097882e-03
1.013357e-03,1.459968e-03,6.330292e-04,3.201163e-01,2.723748e-01,4.032011e-03,1.361229e-02,4.929396e-04,1.700964e-01,1.955783e-03,1.788771e-01,6.785353e-04,1.575765e-02,9.737026e-03,9.162856e-03
8.240754e-04,1.191375e-03,4.825656e-04,2.378178e-01,1.934389e-01,3.027868e-03,9.613981e-03,3.728951e-04,2.629802e-01,1.994002e-03,2.245178e-01,1.242656e-03,4.128246e-02,8.624617e-03,1.258884e-02
6.001593e-04,8.628391e-04,3.462894e-04,1.676088e-01,1.368226e-01,2.306324e-03,6.791495e-03,2.793843e-04,3.782051e-01,2.350813e-03,1.719637e-01,1.546050e-03,4.541320e-02,1.450823e-02,7.039499e-02
4.397812e-04,6.641826e-04,2.536895e-04,1.179388e-01,9.951932e-02,1.795061e-03,4.835268e-03,2.399031e-04,3.109709e-01,2.370008e-03,1.581085e-01,1.979594e-03,8.930585e-02,3.243466e-02,1.791445e-01
3.355463e-04,5.174981e-04,2.114027e-04,8.297981e-02,7.050172e-02,1.511386e-03,3.443111e-03,2.168039e-04,4.256074e-01,3.684985e-03,1.211256e-01,2.247782e-03,6.793826e-02,5.030695e-02,1.693717e-01
2.975704e-04,5.538206e-04,2.426297e-04,5.823459e-02,5.337467e-02,1.875832e-03,2.467695e-03,2.039744e-04,3.433644e-01,3.567548e-03,1.267689e-01,3.264136e-03,5.509172e-02,1.792808e-01,1.714118e-01
5.011209e-04,5.709138e-04,2.544941e-04,4.099862e-02,3.791774e-02,3.571487e-03,1.808762e-03,2.719028e-04,3.660884e-01,3.672437e-03,1.204301e-01,7.000181e-03,4.346856e-02,1.771334e-01,1.963118e-01
4.270741e-04,5.919680e-04,3.331953e-04,2.885981e-02,2.681306e-02,3.051860e-03,1.275535e-03,2.176421e-04,2.765786e-01,4.119650e-03,1.781556e-01,6.443290e-03,3.262678e-02,2.934657e-01,1.470402e-01
4.295809e-04,7.060870e-04,4.990484e-04,2.036937e-02,1.928411e-02,3.077477e-03,9.139525e-04,2.526274e-04,1.986862e-01,4.450706e-03,2.571693e-01,6.806272e-03,2.592167e-02,3.503913e-01,1.110423e-01
5.398857e-04,1.963920e-03,8.826556e-04,1.436712e-02,1.385584e-02,2.992867e-02,7.119808e-04,4.291914e-04,1.414588e-01,4.537780e-03,2.663284e-01,6.444575e-03,2.169081e-02,4.150607e-01,8.179963e-02
7.760164e-04,1.861918e-03,9.838733e-04,1.026491e-02,9.845764e-03,2.461243e-02,5.351622e-04,3.821334e-04,1.000878e-01,3.832105e-03,3.128737e-01,7.303735e-03,1.636508e-02,4.527746e-01,5.750077e-02
6.899296e-04,1.537111e-03,9.143378e-04,7.287355e-03,7.049866e-03,2.268601e-02,3.921144e-04,2.982507e-04,7.202145e-02,3.294021e-03,2.991622e-01,8.639203e-03,1.187268e-02,5.237703e-01,4.038521e-02
6.374984e-04,2.455390e-03,1.442801e-03,5.336392e-03,5.717642e-03,4.902614e-02,3.255785e-04,2.240712e-04,8.946051e-02,7.042580e-03,2.577579e-01,8.138421e-03,8.541188e-03,5.350409e-01,2.885305e-02
5.089933e-04,4.654735e-03,3.836805e-03,3.942166e-03,4.604966e-03,5.560089e-02,2.473400e-04,1.659305e-04,2.145399e-01,2.037047e-02,2.172437e-01,6.274189e-03,6.072267e-03,4.393623e-01,2.257531e-02
4.000760e-04,5.007015e-03,4.057025e-03,2.795917e-03,3.394196e-03,7.292536e-02,1.754707e-04,1.216368e-04,2.125423e-01,9.522159e-02,2.021660e-01,5.935051e-03,4.550424e-03,3.744322e-01,1.627568e-02
3.084909e-04,5.241250e-03,3.170046e-03,2.003887e-03,2.457551e-03,5.742095e-02,1.251074e-04,8.692316e-05,1.720526e-01,2.251832e-01,2.031084e-01,6.007800e-03,5.345931e-03,3.045740e-01,1.291389e-02
3.121565e-04,7.361796e-03,2.559317e-03,1.553804e-03,1.826062e-03,5.412150e-02,9.363308e-05,7.119815e-05,1.573761e-01,2.844939e-01,1.954949e-01,7.485455e-03,5.510797e-03,2.701281e-01,1.161127e-02
3.550846e-04,4.769146e-02,4.325812e-03,3.265686e-03,1.459692e-03,1.128880e-01,1.334369e-04,4.463008e-04,1.348886e-01,2.893315e-01,1.606110e-01,7.286327e-03,6.746126e-03,2.008873e-01,2.968369e-02
3.680489e-04,7.698056e-02,3.706095e-03,4.469716e-03,1.211795e-03,2.016225e-01,1.223276e-04,4.814616e-04,1.289248e-01,2.647468e-01,1.192901e-01,5.453290e-03,5.249913e-03,1.421004e-01,4.527216e-02
3.694816e-04,8.098713e-02,3.678320e-03,4.449703e-03,1.454897e-03,2.308195e-01,1.488573e-04,5.567521e-04,1.416143e-01,2.842164e-01,8.508358e-02,3.988029e-03,3.962230e-03,1.002541e-01,5.841670e-02
3.035040e-04,1.159074e-01,2.805289e-03,3.743784e-03,1.235714e-03,2.010218e-01,1.136098e-04,4.090110e-04,2.208091e-01,2.546780e-01,5.992712e-02,2.857858e-03,2.966344e-03,7.036886e-02,6.285255e-02
2.541944e-04,1.118386e-01,2.084683e-03,4.083885e-03,9.177086e-04,1.579570e-01,8.198826e-05,3.284737e-04,3.504624e-01,2.099675e-01,4.261214e-02,2.089707e-03,2.521930e-03,4.941978e-02,6.537996e-02
2.038045e-04,8.798333e-02,1.472290e-03,4.656957e-03,7.016984e-04,1.140429e-01,5.782733e-05,2.944345e-04,5.194483e-01,1.497323e-01,3.054095e-02,1.510054e-03,2.148879e-03,3.468036e-02,5.252595e-02
3.685705e-04,6.706890e-02,1.123570e-03,5.258407e-03,2.172643e-03,9.972972e-02,4.573472e-05,4.720390e-04,5.987749e-01,1.218889e-01,2.418274e-02,1.155721e-03,2.320297e-03,2.471264e-02,5.072516e-02
3.541475e-04,4.763496e-02,7.976303e-04,3.874635e-03,1.586066e-03,7.254028e-02,3.245762e-05,3.428182e-04,7.062672e-01,8.813681e-02,1.853696e-02,8.425165e-04,1.797377e-03,1.754528e-02,3.971083e-02
2.593154e-04,3.339154e-02,5.605347e-04,2.737889e-03,1.111032e-03,5.079814e-02,2.368037e-05,2.432508e-04,7.812080e-01,6.318323e-02,1.491472e-02,7.095844e-04,1.620483e-03,1.390801e-02,3.533055e-02
2.722841e-04,2.358891e-02,4.167221e-04,1.925862e-03,7.796134e-04,3.563331e-02,2.069853e-05,1.732125e-04,7.797937e-01,4.895433e-02,3.472481e-02,1.418640e-03,1.610428e-03,3.899150e-02,3.169593e-02
2.970956e-04,1.658394e-02,3.185806e-04,1.365794e-03,5.683110e-04,2.511095e-02,2.280764e-05,1.289240e-04,5.761091e-01,3.777489e-02,1.059462e-01,1.280851e-03,1.316284e-03,1.943672e-01,3.880905e-02
2.189931e-04,1.162205e-02,2.474757e-04,9.610871e-04,4.740143e-04,1.794517e-02,2.196361e-05,9.549352e-05,4.049532e-01,2.649860e-02,8.150425e-02,9.812195e-04,1.260862e-03,4.211652e-01,3.205037e-02
1.684361e-04,8.561000e-03,2.943735e-04,7.041309e-04,7.945141e-04,1.291947e-02,3.062748e-05,1.078154e-04,2.923476e-01,1.897531e-02,9.740582e-02,7.357198e-04,1.080558e-03,5.134265e-01,5.244806e-02
1.214708e-04,7.141398e-03,3.063875e-04,5.021713e-04,6.940446e-04,1.140873e-02,2.263497e-05,8.065331e-05,2.155514e-01,1.333913e-02,9.156105e-02,5.509039e-04,8.335015e-04,6.196172e-01,3.826933e-02
8.841424e-05,5.910617e-03,3.017785e-04,3.566585e-04,5.723211e-04,1.095053e-02,1.655261e-05,6.301476e-05,1.599120e-01,9.393466e-03,7.422560e-02,4.144770e-04,6.253701e-04,7.096124e-01,2.755670e-02
6.478777e-05,6.891131e-03,9.170645e-04,2.654507e-04,5.326092e-04,1.245826e-02,1.402181e-05,4.640067e-05,1.176975e-01,6.691039e-03,5.495885e-02,3.049194e-04,4.842803e-04,7.788311e-01,1.984261e-02
4.916589e-05,8.049344e-03,2.120422e-03,2.242791e-04,4.307347e-04,1.778585e-02,1.569154e-05,4.367754e-05,8.912314e-02,4.806623e-03,3.992252e-02,2.238020e-04,4.228167e-04,8.223730e-01,1.440891e-02
6.456400e-05,8.065302e-03,3.320865e-03,3.040428e-04,3.430401e-04,1.772504e-02,2.074503e-05,9.869479e-04,8.483244e-02,3.413940e-03,2.867919e-02,1.684616e-04,3.721349e-04,8.413711e-01,1.033228e-02
6.927908e-05,6.931821e-03,2.660352e-03,2.296748e-04,2.517789e-04,1.442157e-02,1.665842e-05,7.199955e-04,6.311598e-02,2.400587e-03,2.054257e-02,1.289505e-04,2.933445e-04,8.806695e-01,7.547979e-03
2.561755e-04,6.432210e-03,6.622142e-03,5.829631e-04,2.425791e-04,1.437766e-02,5.074656e-05,1.823329e-03,6.503235e-02,1.743918e-03,1.543481e-02,1.067573e-04,3.309921e-04,8.814234e-01,5.540016e-03
1.080671e-03,7.227609e-03,6.023431e-03,8.030718e-04,2.770768e-04,1.436929e-02,6.101752e-05,1.786290e-03,7.575954e-02,1.319757e-03,1.192097e-02,1.153082e-04,5.922736e-04,8.742677e-01,4.395968e-03
1.510231e-03,7.446426e-03,7.356275e-03,1.041768e-03,3.604590e-04,1.400749e-02,7.624348e-05,3.514138e-03,7.429051e-02,1.068996e-03,9.970887e-03,1.285188e-04,7.559790e-04,8.749775e-01,3.494537e-03
4.186029e-03,6.036172e-03,9.282985e-02,9.928492e-03,3.599657e-03,1.199277e-02,2.941195e-04,1.753851e-02,6.530747e-02,1.109171e-03,1.248942e-02,1.989766e-04,1.838768e-03,7.698374e-01,2.813234e-03
1.227169e-02,5.080391e-03,7.444963e-02,1.394313e-02,1.419020e-02,9.549294e-03,1.021052e-03,1.775237e-02,6.907335e-02,1.047680e-03,1.104692e-02,3.191532e-04,3.533695e-03,7.632506e-01,3.470842e-03
1.948229e-02,4.831017e-03,5.612796e-02,1.356050e-02,2.038431e-02,7.571563e-03,9.104721e-04,2.013357e-02,7.636170e-02,1.231330e-03,1.012576e-02,5.979406e-04,5.580868e-03,7.576379e-01,5.462806e-03
2.667566e-02,7.922158e-03,4.843819e-02,2.457296e-02,2.441086e-02,6.584034e-03,8.346774e-04,2.281064e-02,2.076319e-01,2.506684e-03,1.168259e-02,9.180834e-04,6.919047e-03,5.929765e-01,1.511594e-02
4.990748e-02,9.754648e-03,4.751877e-02,3.651773e-02,4.076332e-02,7.905918e-03,1.276640e-03,3.956093e-02,1.973806e-01,2.417558e-03,1.094581e-02,9.736496e-04,6.480225e-03,5.371684e-01,1.142833e-02
6.643838e-02,8.767090e-03,8.601823e-02,4.621352e-02,8.669353e-02,1.295996e-02,1.737276e-03,6.371203e-02,1.525144e-01,2.059766e-03,9.788179e-03,3.414282e-03,1.033522e-02,4.393094e-01,1.003865e-02
8.111545e-02,7.327205e-03,1.294151e-01,4.512915e-02,9.716719e-02,1.854459e-02,1.432157e-02,1.219374e-01,1.218435e-01,1.870229e-03,9.545884e-03,7.243499e-03,1.599113e-02,3.181186e-01,1.042959e-02
6.393462e-02,5.375932e-03,1.088265e-01,4.070965e-02,7.341818e-02,1.490188e-02,1.490463e-02,3.309850e-01,8.737367e-02,1.473776e-03,7.606748e-03,5.607786e-03,1.212901e-02,2.248522e-01,7.900414e-03
4.813262e-02,3.939610e-03,7.782213e-02,3.066568e-02,5.603559e-02,1.386379e-02,2.403563e-02,4.983109e-01,6.186210e-02,1.268561e-03,5.687574e-03,4.105553e-03,1.002230e-02,1.585153e-01,5.732691e-03
3.914946e-02,3.049570e-03,5.617289e-02,2.469879e-02,4.636266e-02,1.584587e-02,3.452548e-02,5.997981e-01,4.392185e-02,1.235930e-03,4.395936e-03,3.278452e-03,9.911761e-03,1.131569e-01,4.496298e-03
3.475969e-02,2.521137e-03,4.403946e-02,2.147940e-02,3.605521e-02,1.308876e-02,5.756778e-02,6.595313e-01,3.162275e-02,1.159801e-03,3.439406e-03,2.544252e-03,9.182459e-03,7.937666e-02,3.631937e-03
3.247671e-02,2.077297e-03,3.281610e-02,1.809139e-02,3.200269e-02,1.051800e-02,7.721372e-02,6.995555e-01,2.376426e-02,9.279704e-04,2.706158e-03,2.054908e-03,7.382792e-03,5.564535e-02,2.767164e-03
3.213561e-02,1.893389e-03,2.398508e-02,1.352046e-02,2.624439e-02,8.328730e-03,1.426020e-01,6.810331e-01,1.746219e-02,7.494641e-04,2.095599e-03,1.721024e-03,6.824132e-03,3.910204e-02,2.302825e-03
3.642861e-02,1.656297e-03,1.750904e-02,9.871861e-03,2.241364e-02,7.810409e-03,1.511816e-01,7.000148e-01,1.359062e-02,6.776949e-04,1.820130e-03,1.653572e-03,6.053055e-03,2.753666e-02,1.781987e-03
4.384179e-02,1.546468e-03,1.312627e-02,7.438606e-03,1.977846e-02,1.055540e-02,1.298670e-01,7.310524e-01,1.097866e-02,6.803994e-04,1.934709e-03,2.028693e-03,6.350206e-03,1.938393e-02,1.437016e-03
3.798251e-02,1.254170e-03,1.019560e-02,5.797155e-03,1.729860e-02,9.069489e-03,1.252767e-01,7.608808e-01,8.678217e-03,5.321500e-04,1.597370e-03,1.801675e-03,4.947997e-03,1.362829e-02,1.059245e-03
4.209359e-02,1.603350e-03,1.037718e-02,5.827737e-03,2.245870e-02,1.020753e-02,1.015681e-01,7.788789e-01,8.038653e-03,6.412519e-04,1.736031e-03,1.945821e-03,4.005979e-03,9.619021e-03,9.981788e-04
5.131102e-02,1.525096e-03,9.438263e-03,4.768222e-03,2.340674e-02,1.890765e-02,1.095577e-01,7.541503e-01,7.392281e-03,6.951836e-04,1.905425e-03,2.693091e-03,5.962035e-03,6.901555e-03,1.385485e-03
6.809992e-02,1.878209e-03,9.039973e-03,4.586146e-03,2.571168e-02,2.445969e-02,8.689078e-02,7.510548e-01,6.600919e-03,9.764312e-04,2.854527e-03,4.017528e-03,6.497648e-03,5.172485e-03,2.159229e-03
8.873613e-02,2.057740e-03,8.753153e-03,4.691442e-03,2.717813e-02,2.558983e-02,6.536643e-02,7.501761e-01,5.425985e-03,1.044590e-03,3.237171e-03,5.447268e-03,5.845479e-03,3.970697e-03,2.479934e-03
