1.000000e+00,0.000000e+00,0.000000e+00,0.000000e+00,0.000000e+00,0.000000e+00,0.000000e+00,0.000000e+00,0.000000e+00,0.000000e+00,0.000000e+00,0.000000e+00,0.000000e+00,0.000000e+00,0.000000e+00
1.000000e+00,0.000000e+00,0.000000e+00,0.000000e+00,0.000000e+00,0.000000e+00,0.000000e+00,0.000000e+00,0.000000e+00,0.000000e+00,0.000000e+00,0.000000e+00,0.000000e+00,0.000000e+00,0.000000e+00
1.000000e+00,0.000000e+00,0.000000e+00,0.000000e+00,0.000000e+00,0.000000e+00,0.000000e+00,0.000000e+00,0.000000e+00,0.000000e+00,0.000000e+00,0.000000e+00,0.000000e+00,0.000000e+00,0.000000e+00
1.000000e+00,0.000000e+00,0.000000e+00,0.000000e+00,0.000000e+00,0.000000e+00,0.000000e+00,0.000000e+00,0.000000e+00,0.000000e+00,0.000000e+00,0.000000e+00,0.000000e+00,0.000000e+00,0.000000e+00
1.000000e+00,0.000000e+00,0.000000e+00,0.000000e+00,0.000000e+00,0.000000e+00,0.000000e+00,0.000000e+00,0.000000e+00,0.000000e+00,0.000000e+00,0.000000e+00,0.000000e+00,0.000000e+00,0.000000e+00
1.000000e+00,0.000000e+00,0.000000e+00,0.000000e+00,0.000000e+00,0.000000e+00,0.000000e+00,0.000000e+00,0.000000e+00,0.000000e+00,0.000000e+00,0.000000e+00,0.000000e+00,0.000000e+00,0.000000e+00
1.000000e+00,0.000000e+00,0.000000e+00,0.000000e+00,0.000000e+00,0.000000e+00,0.000000e+00,0.000000e+00,0.000000e+00,0.000000e+00,0.000000e+00,0.000000e+00,0.000000e+00,0.000000e+00,0.000000e+00
1.000000e+00,0.000000e+00,0.000000e+00,0.000000e+00,0.000000e+00,0.000000e+00,0.000000e+00,0.000000e+00,0.000000e+00,0.000000e+00,0.000000e+00,0.000000e+00,0.000000e+00,0.000000e+00,0.000000e+00
1.000000e+00,0.000000e+00,0.000000e+00,0.000000e+00,0.000000e+00,0.000000e+00,0.000000e+00,0.000000e+00,0.000000e+00,0.000000e+00,0.000000e+00,0.000000e+00,0.000000e+00,0.000000e+00,0.000000e+00
1.000000e+00,0.000000e+00,0.000000e+00,0.000000e+00,0.000000e+00,0.000000e+00,0.000000e+00,0.000000e+00,0.000000e+00,0.000000e+00,0.000000e+00,0.000000e+00,0.000000e+00,0.000000e+00,0.000000e+00
1.000000e+00,0.000000e+00,0.000000e+00,0.000000e+00,0.000000e+00,0.000000e+00,0.000000e+00,0.000000e+00,0.000000e+00,0.000000e+00,0.000000e+00,0.000000e+00,0.000000e+00,0.000000e+00,0.000000e+00
1.000000e+00,0.000000e+00,0.000000e+00,0.000000e+00,0.000000e+00,0.000000e+00,0.000000e+00,0.000000e+00,0.000000e+00,0.000000e+00,0.000000e+00,0.000000e+00,0.000000e+00,0.000000e+00,0.000000e+00
1.000000e+00,0.000000e+00,0.000000e+00,0.000000e+00,0.000000e+00,0.000000e+00,0.000000e+00,0.000000e+00,0.000000e+00,0.000000e+00,0.000000e+00,0.000000e+00,0.000000e+00,0.000000e+00,0.000000e+00
1.000000e+00,0.000000e+00,0.000000e+00,0.000000e+00,0.000000e+00,0.000000e+00,0.000000e+00,0.000000e+00,0.000000e+00,0.000000e+00,0.000000e+00,0.000000e+00,0.000000e+00,0.000000e+00,0.000000e+00
1.000000e+00,0.000000e+00,0.000000e+00,0.000000e+00,0.000000e+00,0.000000e+00,0.000000e+00,0.000000e+00,0.000000e+00,0.000000e+00,0.000000e+00,0.000000e+00,0.000000e+00,0.000000e+00,0.000000e+00
1.000000e+00,0.000000e+00,0.000000e+00,0.000000e+00,0.000000e+00,0.000000e+00,0.000000e+00,0.000000e+00,0.000000e+00,0.000000e+00,0.000000e+00,0.000000e+00,0.000000e+00,0.000000e+00,0.000000e+00
1.000000e+00,0.000000e+00,0.000000e+00,0.000000e+00,0.000000e+00,0.000000e+00,0.000000e+00,0.000000e+00,0.000000e+00,0.000000e+00,0.000000e+00,0.000000e+00,0.000000e+00,0.000000e+00,0.000000e+00
1.000000e+00,0.000000e+00,0.000000e+00,0.000000e+00,0.000000e+00,0.000000e+00,0.000000e+00,0.000000e+00,0.000000e+00,0.000000e+00,0.000000e+00,0.000000e+00,0.000000e+00,0.000000e+00,0.000000e+00
1.000000e+00,0.000000e+00,0.000000e+00,0.000000e+00,0.000000e+00,0.000000e+00,0.000000e+00,0.000000e+00,0.000000e+00,0.000000e+00,0.000000e+00,0.000000e+00,0.000000e+00,0.000000e+00,0.000000e+00
1.000000e+00,0.000000e+00,0.000000e+00,0.000000e+00,0.000000e+00,0.000000e+00,0.000000e+00,0.000000e+00,0.000000e+00,0.000000e+00,0.000000e+00,0.000000e+00,0.000000e+00,0.000000e+00,0.000000e+00
1.000000e+00,0.000000e+00,0.000000e+00,0.000000e+00,0.000000e+00,0.000000e+00,0.000000e+00,0.000000e+00,0.000000e+00,0.000000e+00,0.000000e+00,0.000000e+00,0.000000e+00,0.000000e+00,0.000000e+00
1.000000e+00,0.000000e+00,0.000000e+00,0.000000e+00,0.000000e+00,0.000000e+00,0.000000e+00,0.000000e+00,0.000000e+00,0.000000e+00,0.000000e+00,0.000000e+00,0.000000e+00,0.000000e+00,0.000000e+00
1.000000e+00,0.000000e+00,0.000000e+00,0.000000e+00,0.000000e+00,0.000000e+00,0.000000e+00,0.000000e+00,0.000000e+00,0.000000e+00,0.000000e+00,0.000000e+00,0.000000e+00,0.000000e+00,0.000000e+00
1.000000e+00,0.000000e+00,0.000000e+00,0.000000e+00,0.000000e+00,0.000000e+00,0.000000e+00,0.000000e+00,0.000000e+00,0.000000e+00,0.000000e+00,0.000000e+00,0.000000e+00,0.000000e+00,0.000000e+00
1.000000e+00,0.000000e+00,0.000000e+00,0.000000e+00,0.000000e+00,0.000000e+00,0.000000e+00,0.000000e+00,0.000000e+00,0.000000e+00,0.000000e+00,0.000000e+00,0.000000e+00,0.000000e+00,0.000000e+00
1.000000e+00,0.000000e+00,0.000000e+00,0.000000e+00,0.000000e+00,0.000000e+00,0.000000e+00,0.000000e+00,0.000000e+00,0.000000e+00,0.000000e+00,0.000000e+00,0.000000e+00,0.000000e+00,0.000000e+00
1.000000e+00,0.000000e+00,0.000000e+00,0.000000e+00,0.000000e+00,0.000000e+00,0.000000e+00,0.000000e+00,0.000000e+00,0.000000e+00,0.000000e+00,0.000000e+00,0.000000e+00,0.000000e+00,0.000000e+00
1.000000e+00,0.000000e+00,0.000000e+00,0.000000e+00,0.000000e+00,0.000000e+00,0.000000e+00,0.000000e+00,0.000000e+00,0.000000e+00,0.000000e+00,0.000000e+00,0.000000e+00,0.000000e+00,0.000000e+00
1.000000e+00,0.000000e+00,0.000000e+00,0.000000e+00,0.000000e+00,0.000000e+00,0.000000e+00,0.000000e+00,0.000000e+00,0.000000e+00,0.000000e+00,0.000000e+00,0.000000e+00,0.000000e+00,0.000000e+00
1.000000e+00,0.000000e+00,0.000000e+00,0.000000e+00,0.000000e+00,0.000000e+00,0.000000e+00,0.000000e+00,0.000000e+00,0.000000e+00,0.000000e+00,0.000000e+00,0.000000e+00,0.000000e+00,0.000000e+00
1.000000e+00,0.000000e+00,0.000000e+00,0.000000e+00,0.000000e+00,0.000000e+00,0.000000e+00,0.000000e+00,0.000000e+00,0.000000e+00,0.000000e+00,0.000000e+00,0.000000e+00,0.000000e+00,0.000000e+00
1.000000e+00,0.000000e+00,0.000000e+00,0.000000e+00,0.000000e+00,0.000000e+00,0.000000e+00,0.000000e+00,0.000000e+00,0.000000e+00,0.000000e+00,0.000000e+00,0.000000e+00,0.000000e+00,0.000000e+00
1.000000e+00,0.000000e+00,0.000000e+00,0.000000e+00,0.000000e+00,0.000000e+00,0.000000e+00,0.000000e+00,0.000000e+00,0.000000e+00,0.000000e+00,0.000000e+00,0.000000e+00,0.000000e+00,0.000000e+00
1.000000e+00,0.000000e+00,0.000000e+00,0.000000e+00,0.000000e+00,0.000000e+00,0.000000e+00,0.000000e+00,0.000000e+00,0.000000e+00,0.000000e+00,0.000000e+00,0.000000e+00,0.000000e+00,0.000000e+00
1.000000e+00,0.000000e+00,0.000000e+00,0.000000e+00,0.000000e+00,0.000000e+00,0.000000e+00,0.000000e+00,0.000000e+00,0.000000e+00,0.000000e+00,0.000000e+00,0.000000e+00,0.000000e+00,0.000000e+00
1.000000e+00,0.000000e+00,0.000000e+00,0.000000e+00,0.000000e+00,0.000000e+00,0.000000e+00,0.000000e+00,0.000000e+00,0.000000e+00,0.000000e+00,0.000000e+00,0.000000e+00,0.000000e+00,0.000000e+00
1.000000e+00,0.000000e+00,0.000000e+00,0.000000e+00,0.000000e+00,0.000000e+00,0.000000e+00,0.000000e+00,0.000000e+00,0.000000e+00,0.000000e+00,0.000000e+00,0.000000e+00,0.000000e+00,0.000000e+00
1.000000e+00,0.000000e+00,0.000000e+00,0.000000e+00,0.000000e+00,0.000000e+00,0.000000e+00,0.000000e+00,0.000000e+00,0.000000e+00,0.000000e+00,0.000000e+00,0.000000e+00,0.000000e+00,0.000000e+00
1.000000e+00,0.000000e+00,0.000000e+00,0.000000e+00,0.000000e+00,0.000000e+00,0.000000e+00,0.000000e+00,0.000000e+00,0.000000e+00,0.000000e+00,0.000000e+00,0.000000e+00,0.000000e+00,0.000000e+00
1.000000e+00,0.000000e+00,0.000000e+00,0.000000e+00,0.000000e+00,0.000000e+00,0.000000e+00,0.000000e+00,0.000000e+00,0.000000e+00,0.000000e+00,0.000000e+00,0.000000e+00,0.000000e+00,0.000000e+00
1.000000e+00,0.000000e+00,0.000000e+00,0.000000e+00,0.000000e+00,0.000000e+00,0.000000e+00,0.000000e+00,0.000000e+00,0.000000e+00,0.000000e+00,0.000000e+00,0.000000e+00,0.000000e+00,0.000000e+00
1.000000e+00,0.000000e+00,0.000000e+00,0.000000e+00,0.000000e+00,0.000000e+00,0.000000e+00,0.000000e+00,0.000000e+00,0.000000e+00,0.000000e+00,0.000000e+00,0.000000e+00,0.000000e+00,0.000000e+00
1.000000e+00,0.000000e+00,0.000000e+00,0.000000e+00,0.000000e+00,0.000000e+00,0.000000e+00,0.000000e+00,0.000000e+00,0.000000e+00,0.000000e+00,0.000000e+00,0.000000e+00,0.000000e+00,0.000000e+00
1.000000e+00,0.000000e+00,0.000000e+00,0.000000e+00,0.000000e+00,0.000000e+00,0.000000e+00,0.000000e+00,0.000000e+00,0.000000e+00,0.000000e+00,0.000000e+00,0.000000e+00,0.000000e+00,0.000000e+00
1.000000e+00,0.000000e+00,0.000000e+00,0.000000e+00,0.000000e+00,0.000000e+00,0.000000e+00,0.000000e+00,0.000000e+00,0.000000e+00,0.000000e+00,0.000000e+00,0.000000e+00,0.000000e+00,0.000000e+00
1.000000e+00,0.000000e+00,0.000000e+00,0.000000e+00,0.000000e+00,0.000000e+00,0.000000e+00,0.000000e+00,0.000000e+00,0.000000e+00,0.000000e+00,0.000000e+00,0.000000e+00,0.000000e+00,0.000000e+00
1.000000e+00,0.000000e+00,0.000000e+00,0.000000e+00,0.000000e+00,0.000000e+00,0.000000e+00,0.000000e+00,0.000000e+00,0.000000e+00,0.000000e+00,0.000000e+00,0.000000e+00,0.000000e+00,0.000000e+00
1.000000e+00,0.000000e+00,0.000000e+00,0.000000e+00,0.000000e+00,0.000000e+00,0.000000e+00,0.000000e+00,0.000000e+00,0.000000e+00,0.000000e+00,0.000000e+00,0.000000e+00,0.000000e+00,0.000000e+00
1.000000e+00,0.000000e+00,0.000000e+00,0.000000e+00,0.000000e+00,0.000000e+00,0.000000e+00,0.000000e+00,0.000000e+00,0.000000e+00,0.000000e+00,0.000000e+00,0.000000e+00,0.000000e+00,0.000000e+00
1.000000e+00,0.000000e+00,0.000000e+00,0.000000e+00,0.000000e+00,0.000000e+00,0.000000e+00,0.000000e+00,0.000000e+00,0.000000e+00,0.000000e+00,0.000000e+00,0.000000e+00,0.000000e+00,0.000000e+00
1.000000e+00,0.000000e+00,0.000000e+00,0.000000e+00,0.000000e+00,0.000000e+00,0.000000e+00,0.000000e+00,0.000000e+00,0.000000e+00,0.000000e+00,0.000000e+00,0.000000e+00,0.000000e+00,0.000000e+00
1.000000e+00,0.000000e+00,0.000000e+00,0.000000e+00,0.000000e+00,0.000000e+00,0.000000e+00,0.000000e+00,0.000000e+00,0.000000e+00,0.000000e+00,0.000000e+00,0.000000e+00,0.000000e+00,0.000000e+00
1.000000e+00,0.000000e+00,0.000000e+00,0.000000e+00,0.000000e+00,0.000000e+00,0.000000e+00,0.000000e+00,0.000000e+00,0.000000e+00,0.000000e+00,0.000000e+00,0.000000e+00,0.000000e+00,0.000000e+00
1.000000e+00,0.000000e+00,0.000000e+00,0.000000e+00,0.000000e+00,0.000000e+00,0.000000e+00,0.000000e+00,0.000000e+00,0.000000e+00,0.000000e+00,0.000000e+00,0.000000e+00,0.000000e+00,0.000000e+00
1.000000e+00,0.000000e+00,0.000000e+00,0.000000e+00,0.000000e+00,0.000000e+00,0.000000e+00,0.000000e+00,0.000000e+00,0.000000e+00,0.000000e+00,0.000000e+00,0.000000e+00,0.000000e+00,0.000000e+00
1.000000e+00,0.000000e+00,0.000000e+00,0.000000e+00,0.000000e+00,0.000000e+00,0.000000e+00,0.000000e+00,0.000000e+00,0.000000e+00,0.000000e+00,0.000000e+00,0.000000e+00,0.000000e+00,0.000000e+00
1.000000e+00,0.000000e+00,0.000000e+00,0.000000e+00,0.000000e+00,0.000000e+00,0.000000e+00,0.000000e+00,0.000000e+00,0.000000e+00,0.000000e+00,0.000000e+00,0.000000e+00,0.000000e+00,0.000000e+00
1.000000e+00,0.000000e+00,0.000000e+00,0.000000e+00,0.000000e+00,0.000000e+00,0.000000e+00,0.000000e+00,0.000000e+00,0.000000e+00,0.000000e+00,0.000000e+00,0.000000e+00,0.000000e+00,0.000000e+00
1.000000e+00,0.000000e+00,0.000000e+00,0.000000e+00,0.000000e+00,0.000000e+00,0.000000e+00,0.000000e+00,0.000000e+00,0.000000e+00,0.000000e+00,0.000000e+00,0.000000e+00,0.000000e+00,0.000000e+00
4.479462e-01,2.708658e-02,2.171735e-01,2.048619e-01,4.857619e-03,1.237562e-02,3.478139e-03,1.479726e-02,5.072541e-03,2.168102e-03,5.311714e-03,1.057939e-02,1.337343e-02,1.766381e-03,2.915158e-02
3.225278e-01,2.868270e-02,2.729894e-01,2.721712e-01,4.115443e-03,1.016822e-02,2.598749e-03,1.109910e-02,6.134239e-03,3.039569e-03,5.776041e-03,1.096571e-02,1.013999e-02,2.249640e-03,3.734218e-02
2.301749e-01,2.339132e-02,3.265054e-01,1.950088e-01,3.089914e-03,8.112120e-03,1.915857e-03,8.191666e-03,7.163615e-03,1.321985e-02,5.375724e-03,8.273057e-03,8.590242e-03,4.734894e-03,1.562526e-01
1.970007e-01,4.388443e-02,2.991862e-01,2.329936e-01,3.553910e-03,9.245106e-03,1.780738e-03,8.202110e-03,9.838851e-03,1.074837e-02,8.137997e-03,9.141853e-03,9.734601e-03,4.815816e-03,1.517356e-01
1.673879e-01,4.000290e-02,3.433158e-01,2.414525e-01,4.017440e-03,1.045733e-02,1.749947e-03,8.069322e-03,1.298867e-02,1.175039e-02,9.007031e-03,8.734658e-03,9.029101e-03,4.389528e-03,1.276474e-01
1.197441e-01,5.038535e-02,2.493825e-01,3.226888e-01,2.995461e-03,7.863842e-03,1.307638e-03,5.786514e-03,6.236415e-02,2.956159e-02,7.929183e-03,6.560431e-03,6.782259e-03,3.380323e-03,1.232679e-01
9.023427e-02,7.605973e-02,1.758006e-01,2.461006e-01,2.265086e-03,6.191444e-03,9.502047e-04,4.232313e-03,1.314189e-01,3.573159e-02,1.155008e-02,5.450045e-03,7.848026e-03,7.951704e-03,1.982154e-01
6.385832e-02,8.052149e-02,1.254485e-01,2.615550e-01,1.732274e-03,4.533871e-03,7.102756e-04,3.029651e-03,1.580389e-01,3.416009e-02,9.846723e-03,4.371913e-03,6.605262e-03,8.371326e-03,2.372164e-01
4.655723e-02,6.169028e-02,8.982767e-02,1.858089e-01,1.315313e-03,3.405173e-03,5.261629e-04,2.158522e-03,1.264949e-01,2.912282e-02,7.397723e-03,3.336198e-03,5.485108e-03,3.736296e-02,3.995111e-01
3.623005e-02,5.723328e-02,6.402919e-02,1.336977e-01,1.002387e-03,2.582794e-03,4.032052e-04,1.633807e-03,1.220313e-01,2.825995e-02,6.596640e-03,2.814406e-03,5.170637e-03,6.405732e-02,4.742574e-01
2.973076e-02,4.686110e-02,4.518249e-02,9.447768e-02,7.305498e-04,1.952316e-03,3.094681e-04,1.165512e-03,1.006473e-01,2.171677e-02,6.025813e-03,2.418797e-03,3.952290e-03,1.784817e-01,4.663475e-01
3.146677e-02,3.614811e-02,3.194489e-02,6.696562e-02,6.662996e-04,1.539042e-03,2.460241e-04,8.660022e-04,1.118968e-01,2.164906e-02,2.465754e-02,3.305157e-03,3.574374e-03,2.609790e-01,4.040953e-01
5.480183e-02,3.426604e-02,2.436666e-02,6.766795e-02,9.830801e-04,1.871157e-03,3.050413e-04,8.390635e-04,1.455477e-01,2.195381e-02,2.477955e-02,3.774666e-03,3.771340e-03,2.664268e-01,3.486452e-01
3.921877e-02,2.485566e-02,1.787921e-02,4.753122e-02,8.344675e-04,1.574260e-03,2.247277e-04,6.127442e-04,1.104532e-01,2.008858e-01,2.270206e-02,3.079739e-03,3.019706e-03,2.765804e-01,2.505480e-01
3.038703e-02,2.518697e-02,1.378270e-02,3.611667e-02,8.822165e-04,2.365288e-03,1.941200e-04,5.513901e-04,1.158877e-01,2.064765e-01,6.470931e-02,4.709531e-03,4.551964e-03,2.732171e-01,2.209814e-01
2.615765e-02,2.437190e-02,1.312805e-02,2.758592e-02,1.087761e-03,2.495767e-03,2.061938e-04,6.300966e-04,1.162834e-01,2.207226e-01,7.587218e-02,8.832788e-03,1.124612e-02,2.790844e-01,1.922952e-01
3.549638e-02,2.097131e-02,1.131970e-02,2.637992e-02,4.074875e-03,5.762491e-03,8.368844e-04,2.353961e-03,1.199468e-01,1.778445e-01,1.022023e-01,1.199794e-02,3.944496e-02,2.115101e-01,2.298580e-01
3.316739e-02,1.785440e-02,1.335037e-02,2.689357e-02,1.269264e-02,6.033907e-03,1.355844e-03,3.055772e-03,1.641715e-01,1.321368e-01,8.991110e-02,1.045871e-02,4.290232e-02,1.570813e-01,2.889343e-01
7.185967e-02,1.730393e-02,4.476237e-02,5.096235e-02,3.913887e-02,1.477424e-02,5.050856e-03,9.307187e-03,1.409566e-01,9.808165e-02,7.581709e-02,8.097240e-03,4.396797e-02,1.179203e-01,2.619998e-01
6.850187e-02,1.785870e-02,6.601575e-02,7.291560e-02,5.201751e-02,1.581607e-02,5.811358e-03,5.065208e-02,1.300544e-01,7.158241e-02,5.985040e-02,6.011194e-03,3.916752e-02,8.620432e-02,2.575408e-01
8.875471e-02,6.239651e-02,6.104654e-02,5.984339e-02,7.311693e-02,1.542510e-02,6.491513e-03,4.252718e-02,1.835834e-01,5.697278e-02,4.589665e-02,4.822838e-03,2.943531e-02,6.400749e-02,2.056796e-01
9.594843e-02,8.636278e-02,6.289036e-02,7.199471e-02,1.018715e-01,2.395741e-02,6.640368e-03,4.440734e-02,1.962856e-01,4.551926e-02,3.526845e-02,4.259191e-03,2.281698e-02,4.634902e-02,1.554285e-01
1.021186e-01,8.479964e-02,5.998676e-02,7.389456e-02,1.553603e-01,2.401523e-02,7.280644e-03,7.447473e-02,1.908838e-01,3.387083e-02,2.623476e-02,3.290807e-03,1.765974e-02,3.338572e-02,1.127438e-01
9.829807e-02,6.426159e-02,4.493174e-02,6.204263e-02,1.591909e-01,1.966116e-02,5.927520e-03,2.266659e-01,1.579992e-01,2.378918e-02,1.864483e-02,2.398993e-03,1.299999e-02,2.354981e-02,7.963834e-02
8.345217e-02,4.634807e-02,3.222001e-02,4.802813e-02,1.379461e-01,1.449227e-02,4.444605e-03,4.015146e-01,1.184760e-01,1.666000e-02,1.311466e-02,1.706360e-03,9.292674e-03,1.650237e-02,5.580189e-02
6.476828e-02,3.263530e-02,2.285239e-02,3.425596e-02,1.006226e-01,1.054847e-02,3.280796e-03,5.680709e-01,8.356555e-02,1.168995e-02,9.241794e-03,1.223872e-03,6.586194e-03,1.157004e-02,3.908788e-02
5.081408e-02,2.294153e-02,1.616605e-02,2.409624e-02,7.173959e-02,7.927819e-03,2.573822e-03,6.889596e-01,5.859422e-02,8.249698e-03,6.723579e-03,9.468454e-04,4.728743e-03,8.118622e-03,2.741953e-02
3.985944e-02,1.623837e-02,1.153504e-02,1.695969e-02,5.111108e-02,6.609264e-03,2.279836e-03,7.740654e-01,4.110912e-02,5.807577e-03,4.995772e-03,8.176678e-04,3.575955e-03,5.714688e-03,1.932112e-02
3.463809e-02,1.164531e-02,8.439518e-03,1.206955e-02,3.960027e-02,8.019090e-03,3.933114e-03,8.211853e-01,2.895363e-02,4.096857e-03,3.701951e-03,7.642539e-04,5.242416e-03,4.035045e-03,1.367554e-02
3.035085e-02,8.398952e-03,6.151936e-03,8.627735e-03,3.245277e-02,9.012814e-03,3.985602e-03,8.563793e-01,2.043523e-02,2.891547e-03,2.808792e-03,6.468795e-04,5.316833e-03,2.856245e-03,9.684565e-03
4.998305e-02,1.000606e-02,5.954867e-03,8.403347e-03,3.049159e-02,9.125927e-03,3.553499e-03,7.725525e-01,2.295269e-02,5.560292e-03,2.013266e-02,7.792301e-03,3.999219e-02,3.708865e-03,9.790172e-03
4.166184e-02,1.359536e-02,6.020896e-03,1.877823e-02,3.297072e-02,1.062467e-02,4.919483e-03,5.932329e-01,5.869125e-02,9.395503e-03,6.768966e-02,1.606721e-02,1.057658e-01,4.320423e-03,1.626615e-02
4.703264e-02,1.304924e-02,6.157244e-03,2.166071e-02,3.293839e-02,1.611089e-02,5.272706e-03,4.684749e-01,6.969312e-02,1.055871e-02,8.719693e-02,1.810827e-02,1.676522e-01,6.313100e-03,2.978105e-02
4.652721e-02,9.826500e-03,6.579775e-03,3.277560e-02,3.958229e-02,2.370939e-02,5.249935e-03,3.347661e-01,6.474170e-02,8.592850e-03,8.375607e-02,2.032828e-02,2.830965e-01,7.789821e-03,3.267798e-02
5.124430e-02,7.916037e-03,5.832072e-03,2.951332e-02,4.058982e-02,2.808503e-02,7.236131e-03,2.432466e-01,5.419339e-02,6.705345e-03,8.329173e-02,3.353909e-02,3.562054e-01,1.080537e-02,4.159647e-02
7.157579e-02,6.567389e-03,4.841437e-03,2.347362e-02,3.750229e-02,2.677724e-02,8.228414e-03,1.730080e-01,4.521088e-02,5.633397e-03,9.357864e-02,1.027817e-01,3.533133e-01,1.348190e-02,3.402617e-02
5.885984e-02,5.297466e-03,4.554058e-03,1.764839e-02,3.017445e-02,2.601342e-02,1.299621e-02,1.219778e-01,3.726201e-02,6.359826e-03,7.405382e-02,2.725830e-01,2.951381e-01,1.176976e-02,2.531191e-02
5.981408e-02,4.193536e-03,3.908585e-03,1.286477e-02,2.316711e-02,2.342020e-02,1.197340e-02,8.648337e-02,2.925735e-02,6.803789e-03,5.663138e-02,4.157027e-01,2.361718e-01,1.081664e-02,1.879136e-02
5.628293e-02,3.497966e-03,3.134135e-03,9.157140e-03,1.798132e-02,1.816320e-02,9.608475e-03,6.081313e-02,2.646977e-02,1.065210e-02,4.284608e-02,5.197917e-01,1.999642e-01,8.330912e-03,1.330701e-02
4.076696e-02,4.054597e-03,2.464281e-03,6.461033e-03,1.606174e-02,1.575645e-02,6.938432e-03,4.266140e-02,2.463789e-02,2.244787e-02,3.307828e-02,6.058879e-01,1.631696e-01,6.254087e-03,9.359594e-03
2.950617e-02,2.948128e-03,1.766766e-03,4.547026e-03,1.169510e-02,1.149598e-02,4.884758e-03,2.987924e-02,1.927947e-02,3.805052e-02,2.584066e-02,6.873475e-01,1.215326e-01,4.637119e-03,6.588965e-03
2.102528e-02,2.084173e-03,1.248447e-03,3.192198e-03,8.300965e-03,8.114039e-03,3.424527e-03,2.092948e-02,1.433289e-02,3.174779e-02,1.971121e-02,7.710439e-01,8.681759e-02,3.408088e-03,4.619495e-03
1.502609e-02,1.499041e-03,8.879798e-04,2.244990e-03,5.969572e-03,5.745960e-03,2.400898e-03,1.466510e-02,1.167301e-02,2.803302e-02,1.497312e-02,8.283397e-01,6.271917e-02,2.579795e-03,3.242576e-03
1.272975e-02,1.387941e-03,8.152981e-04,2.184392e-03,3.067983e-02,4.676302e-03,1.846673e-03,1.482088e-02,3.201035e-02,3.529609e-02,1.654882e-02,7.933478e-01,4.944932e-02,1.919624e-03,2.286989e-03
9.270113e-03,1.193289e-03,6.431228e-04,1.867739e-03,3.218628e-02,3.573973e-03,1.387132e-03,1.084708e-02,5.787525e-02,3.043403e-02,1.551115e-02,7.927468e-01,3.947062e-02,1.382823e-03,1.610618e-03
7.805747e-03,1.105941e-03,5.396032e-04,1.513853e-03,4.348820e-02,2.768622e-03,1.972525e-03,8.127824e-03,2.682451e-01,2.251824e-02,1.340190e-02,5.954360e-01,3.092534e-02,9.978388e-04,1.153282e-03
6.312353e-03,1.272560e-03,4.921323e-04,1.302692e-03,3.449848e-02,5.407987e-03,1.592499e-03,8.664854e-03,3.883338e-01,1.673065e-02,1.229019e-02,4.893119e-01,3.212200e-02,8.041614e-04,8.638083e-04
5.358028e-03,1.095078e-03,5.756512e-04,1.327025e-03,3.496464e-02,7.375380e-03,2.070242e-03,1.550369e-02,4.627907e-01,1.250302e-02,1.344939e-02,4.088292e-01,3.290298e-02,6.119800e-04,6.429608e-04
4.197189e-03,1.252233e-03,5.316609e-04,9.537092e-04,3.201181e-02,5.337428e-03,1.994235e-03,1.130115e-02,6.020144e-01,8.812388e-03,1.057268e-02,2.946078e-01,2.550531e-02,4.422934e-04,4.656745e-04
3.004430e-03,9.960601e-04,3.779301e-04,6.792308e-04,2.517479e-02,3.809545e-03,1.483894e-03,7.942451e-03,7.145008e-01,6.174385e-03,7.660835e-03,2.085395e-01,1.901410e-02,3.130036e-04,3.289597e-04
2.724884e-03,7.892411e-04,3.237290e-04,7.189076e-04,5.791507e-02,3.340755e-03,2.076750e-03,6.422481e-03,7.558757e-01,4.337139e-03,5.438352e-03,1.461149e-01,1.346908e-02,2.205141e-04,2.325337e-04
4.156603e-03,6.450154e-04,5.802503e-04,1.203540e-02,1.603215e-01,3.661543e-03,2.162017e-03,2.168114e-02,6.755391e-01,3.046009e-03,3.910753e-03,1.023605e-01,9.575529e-03,1.562773e-04,1.684174e-04
1.289597e-02,9.326418e-04,6.439842e-04,1.232930e-02,2.612301e-01,3.094213e-03,4.228605e-03,2.002116e-02,6.007619e-01,2.138700e-03,2.805554e-03,7.170537e-02,6.956793e-03,1.178532e-04,1.378773e-04
2.566562e-02,1.348352e-03,3.078762e-03,5.438954e-02,2.419100e-01,4.191229e-03,3.902037e-03,1.170726e-01,4.875512e-01,1.540827e-03,2.586475e-03,5.045870e-02,5.887856e-03,1.132757e-04,3.036330e-04
2.830447e-02,1.052295e-03,2.478613e-03,4.143037e-02,2.392867e-01,3.545652e-03,4.036855e-03,2.741005e-01,3.625969e-01,1.081412e-03,1.949424e-03,3.538120e-02,4.428576e-03,9.406495e-05,2.330438e-04
2.404663e-02,8.605487e-04,2.148118e-03,3.014363e-02,1.959481e-01,2.884134e-03,6.643808e-03,4.483902e-01,2.583410e-01,7.693010e-04,1.465376e-03,2.480959e-02,3.300492e-03,7.027671e-05,1.786735e-04
1.940299e-02,6.442227e-04,1.587130e-03,2.128320e-02,1.547762e-01,2.647114e-03,1.196735e-02,5.844141e-01,1.811341e-01,5.561291e-04,1.148037e-03,1.740360e-02,2.839981e-03,5.206291e-05,1.437899e-04
2.810930e-02,9.102548e-04,1.421434e-03,1.526330e-02,1.848248e-01,7.055618e-03,5.791199e-02,5.530589e-01,1.272756e-01,5.697262e-04,1.250323e-03,1.246039e-02,9.294549e-03,7.629885e-05,5.174998e-04
3.871232e-02,1.153227e-03,1.386536e-03,1.147810e-02,2.567340e-01,2.231052e-02,4.934267e-02,4.706686e-01,8.972245e-02,4.501081e-03,4.834499e-03,9.515779e-03,2.469401e-02,5.803820e-04,1.436597e-02
3.769238e-02,1.678674e-03,1.509331e-03,9.316507e-03,3.501495e-01,2.992383e-02,3.969355e-02,3.717754e-01,6.329713e-02,2.462921e-02,5.050380e-03,6.885500e-03,2.911843e-02,8.531013e-04,2.842719e-02
2.855817e-02,1.944460e-03,1.777194e-03,7.200713e-03,2.849960e-01,5.066962e-02,3.547202e-02,2.659357e-01,4.490947e-02,9.599328e-02,9.951377e-03,5.572207e-03,3.211934e-02,3.695256e-03,1.312052e-01
2.403019e-02,2.617558e-03,1.625889e-03,5.960219e-03,2.022729e-01,6.205941e-02,2.813685e-02,1.869037e-01,3.426363e-02,9.169360e-02,1.632077e-02,7.475860e-03,3.739361e-02,1.199573e-02,2.872501e-01
1.961461e-02,4.787144e-03,1.314126e-03,5.386852e-03,1.425866e-01,4.945989e-02,2.038808e-02,1.309326e-01,3.170754e-02,7.120408e-02,3.353319e-02,7.900204e-03,4.803196e-02,1.660927e-02,4.165438e-01
1.457710e-02,4.158699e-03,1.058617e-03,5.058061e-03,1.002669e-01,3.694030e-02,1.434736e-02,9.174763e-02,6.635164e-02,7.028487e-02,2.645589e-02,5.873297e-03,3.508672e-02,1.399911e-02,5.137938e-01
1.609889e-02,6.753125e-03,1.297041e-03,6.111456e-03,7.061800e-02,2.834632e-02,1.027120e-02,6.433994e-02,7.865741e-02,1.229146e-01,2.337412e-02,5.075402e-03,2.590724e-02,1.441460e-02,5.258207e-01
1.344695e-02,6.364638e-03,1.038972e-03,4.776289e-03,4.968091e-02,2.436759e-02,7.297107e-03,4.510363e-02,1.123202e-01,1.356472e-01,2.890034e-02,4.561029e-03,2.240007e-02,1.442104e-02,5.296741e-01
1.382411e-02,1.139270e-02,1.356859e-03,8.050081e-03,3.561817e-02,3.213637e-02,5.219634e-03,3.185920e-02,1.050673e-01,1.107112e-01,4.782907e-02,5.921769e-03,3.024489e-02,1.388314e-02,5.468856e-01
3.855210e-02,3.041007e-02,1.419723e-03,1.044926e-02,2.568866e-02,3.457205e-02,3.747135e-03,2.254677e-02,1.003603e-01,9.904328e-02,5.551436e-02,8.533021e-03,3.040966e-02,4.306410e-02,4.956895e-01
4.193290e-02,4.795291e-02,5.712689e-03,2.902995e-02,2.113262e-02,3.132899e-02,2.939931e-03,1.842483e-02,1.096853e-01,9.361525e-02,7.832086e-02,1.144536e-02,3.027008e-02,5.803552e-02,4.201728e-01
4.422060e-02,5.058267e-02,4.997532e-03,2.268266e-02,1.735879e-02,2.907681e-02,2.295509e-03,1.436934e-02,1.436915e-01,1.641722e-01,6.657325e-02,1.074820e-02,2.394760e-02,8.410496e-02,3.211784e-01
5.613774e-02,7.540688e-02,1.044313e-02,3.650897e-02,3.522113e-02,3.646761e-02,3.622167e-03,4.533365e-02,1.530700e-01,1.489341e-01,6.431292e-02,1.732732e-02,2.533775e-02,6.408821e-02,2.277884e-01
4.655719e-02,1.407461e-01,1.072719e-02,2.723627e-02,3.274237e-02,3.366452e-02,3.252228e-03,3.494769e-02,1.651898e-01,1.656724e-01,7.200654e-02,2.207984e-02,2.451360e-02,5.569048e-02,1.649738e-01
3.686469e-02,1.903344e-01,8.078813e-03,2.043934e-02,2.970952e-02,3.032918e-02,2.588620e-03,2.519701e-02,2.715001e-01,1.331422e-01,5.584452e-02,1.649033e-02,1.873220e-02,4.222412e-02,1.185249e-01
3.149918e-02,1.823135e-01,7.714328e-03,3.307255e-02,3.607805e-02,2.451715e-02,2.405743e-03,2.803527e-02,3.698747e-01,9.985189e-02,4.201708e-02,1.239336e-02,1.404698e-02,3.058784e-02,8.559243e-02
3.074542e-02,1.954939e-01,6.088009e-03,2.853017e-02,4.000147e-02,2.514923e-02,1.911920e-03,3.113729e-02,4.273011e-01,7.404682e-02,3.335273e-02,9.506991e-03,1.134375e-02,2.309043e-02,6.230079e-02
2.900581e-02,1.702964e-01,5.260433e-03,3.201302e-02,4.006040e-02,2.398961e-02,1.454081e-03,2.301974e-02,4.783623e-01,7.810684e-02,2.843165e-02,8.316556e-03,9.890492e-03,1.741160e-02,5.438107e-02
5.520476e-02,1.444903e-01,1.040521e-02,5.486588e-02,3.705514e-02,1.923801e-02,1.512465e-03,3.668661e-02,4.572362e-01,7.779901e-02,2.457660e-02,9.733362e-03,9.424770e-03,1.631376e-02,4.545804e-02
9.571244e-02,1.095088e-01,2.490156e-02,1.241549e-01,3.140080e-02,1.548360e-02,1.618794e-03,5.267000e-02,3.561533e-01,7.259779e-02,2.576854e-02,1.477817e-02,1.155704e-02,1.484582e-02,4.884852e-02
1.400726e-01,1.009639e-01,2.217949e-02,9.331615e-02,3.290713e-02,1.417915e-02,1.642717e-03,6.677701e-02,3.698740e-01,5.478344e-02,2.586257e-02,1.533734e-02,9.570050e-03,1.363219e-02,3.890216e-02
2.031794e-01,8.477565e-02,1.929144e-02,7.413419e-02,3.266880e-02,1.268293e-02,1.864021e-03,8.143208e-02,3.443742e-01,4.454829e-02,2.849716e-02,1.574697e-02,1.097190e-02,1.286252e-02,3.297041e-02
2.396570e-01,9.127179e-02,1.509320e-02,5.401320e-02,3.542642e-02,1.096732e-02,1.805509e-03,1.151376e-01,3.255004e-01,3.197173e-02,2.148709e-02,1.277069e-02,8.991493e-03,1.011514e-02,2.579150e-02
3.623239e-01,6.761116e-02,1.161040e-02,4.365600e-02,3.683973e-02,1.469789e-02,2.266970e-03,9.380759e-02,2.681044e-01,2.301358e-02,1.829325e-02,1.553218e-02,1.165558e-02,8.073810e-03,2.251362e-02
4.441335e-01,4.988281e-02,8.683759e-03,5.255891e-02,4.238853e-02,1.479474e-02,2.192302e-03,7.219135e-02,2.080443e-01,1.827319e-02,2.213354e-02,1.625465e-02,1.821564e-02,8.281819e-03,2.197098e-02
4.661340e-01,4.019155e-02,7.165433e-03,4.247872e-02,4.120091e-02,1.397039e-02,2.582143e-03,5.213264e-02,1.527037e-01,1.856814e-02,2.120498e-02,2.156581e-02,3.578653e-02,2.228951e-02,6.202551e-02
3.794200e-01,3.472128e-02,1.132591e-02,3.762944e-02,3.660718e-02,1.215770e-02,2.922411e-03,3.749942e-02,1.198547e-01,2.341060e-02,1.943572e-02,2.780110e-02,3.230707e-02,2.864899e-02,1.962585e-01
4.144098e-01,2.942910e-02,1.287590e-02,4.300845e-02,3.022760e-02,1.805629e-02,4.423178e-03,2.963427e-02,8.855543e-02,2.043327e-02,3.029298e-02,7.297537e-02,2.971658e-02,2.394626e-02,1.520155e-01
2.996937e-01,2.172036e-02,9.583648e-03,3.312946e-02,2.253232e-02,1.325830e-02,3.445802e-03,2.194932e-02,6.525949e-02,1.539019e-02,4.440949e-02,2.853649e-01,3.264682e-02,2.424992e-02,1.073663e-01
2.174782e-01,1.633172e-02,7.639907e-03,2.652368e-02,1.805940e-02,9.753446e-03,2.853435e-03,1.681935e-02,5.225502e-02,1.242278e-02,9.417436e-02,4.011273e-01,2.578447e-02,2.211348e-02,7.666340e-02
1.652515e-01,1.212221e-02,5.806367e-03,2.012710e-02,1.481141e-02,7.301684e-03,2.361558e-03,1.320958e-02,3.986713e-02,9.684495e-03,1.151187e-01,4.857534e-01,1.983603e-02,3.468646e-02,5.406237e-02
1.219002e-01,8.641057e-03,4.187169e-03,1.564660e-02,1.115281e-02,5.426373e-03,1.896719e-03,1.123235e-02,3.587156e-02,7.702216e-03,1.251023e-01,5.538133e-01,1.510125e-02,4.418149e-02,3.814459e-02
9.057584e-02,6.239345e-03,3.284951e-03,1.205645e-02,8.564666e-03,4.427452e-03,1.856492e-03,1.016604e-02,4.412503e-02,6.540004e-03,2.211456e-01,4.637715e-01,1.230221e-02,8.790412e-02,2.704038e-02
6.478423e-02,4.535325e-03,2.365869e-03,8.813480e-03,6.697190e-03,3.525568e-03,1.386975e-03,7.630609e-03,5.526790e-02,6.090861e-03,2.756029e-01,3.442157e-01,9.891806e-03,1.901404e-01,1.905114e-02
4.576193e-02,3.456027e-03,1.883973e-03,7.405573e-03,1.083504e-02,5.922529e-03,1.418917e-03,5.704160e-03,9.859386e-02,6.866823e-03,3.090191e-01,2.490702e-01,1.193065e-02,2.274683e-01,1.466296e-02
3.237854e-02,2.708436e-03,1.558238e-03,6.256578e-03,2.075918e-02,6.557873e-03,2.328395e-03,4.321232e-03,8.200155e-02,9.539925e-03,3.374749e-01,1.854334e-01,1.364688e-02,2.838984e-01,1.113643e-02
2.315934e-02,3.263308e-03,2.080586e-03,5.663815e-03,3.141599e-02,5.438202e-03,2.019277e-03,3.332475e-03,8.769701e-02,1.874679e-02,3.087366e-01,1.405292e-01,1.164814e-02,3.445220e-01,1.174731e-02
1.736226e-02,3.636942e-03,2.071251e-03,6.738822e-03,2.530667e-02,5.581442e-03,1.516177e-03,2.765002e-03,2.383261e-01,1.992743e-02,2.543049e-01,1.167749e-01,1.049091e-02,2.792228e-01,1.597445e-02
1.223042e-02,2.771807e-03,2.014116e-03,5.149907e-03,1.878212e-02,4.224016e-03,1.068389e-03,1.985819e-03,4.323661e-01,1.548928e-02,1.824432e-01,8.741312e-02,8.000390e-03,2.123576e-01,1.370370e-02
8.650402e-03,2.133607e-03,1.979625e-03,3.765284e-03,1.464403e-02,3.253902e-03,7.537538e-04,1.405707e-03,5.668038e-01,1.174433e-02,1.319411e-01,6.297345e-02,5.944317e-03,1.713783e-01,1.262854e-02
6.160783e-03,2.363193e-03,2.546950e-03,2.757866e-03,1.076437e-02,3.707060e-03,5.390224e-04,1.053256e-03,6.696237e-01,8.685658e-03,9.770822e-02,4.473673e-02,4.249950e-03,1.352628e-01,9.840490e-03
5.016356e-03,2.829902e-03,5.291444e-03,2.247239e-03,8.036202e-03,1.394710e-02,4.305559e-04,1.064886e-03,7.065134e-01,7.178249e-03,7.944915e-02,3.165108e-02,3.123910e-03,1.233403e-01,9.880262e-03
1.042725e-02,2.483762e-03,1.003961e-02,2.139722e-03,7.020107e-03,4.363607e-02,5.572773e-04,2.179475e-03,6.711212e-01,5.535093e-03,6.897724e-02,2.230106e-02,2.350986e-03,1.436141e-01,7.617056e-03
4.018728e-02,2.003394e-03,1.988485e-02,1.049598e-02,7.712484e-03,5.147484e-02,5.646477e-04,7.145412e-03,6.631015e-01,5.380894e-03,5.389826e-02,1.622016e-02,2.221413e-03,1.136020e-01,6.106978e-03
5.104560e-02,2.023223e-03,1.588154e-02,1.249579e-02,8.701667e-03,4.014883e-02,4.809586e-04,7.780170e-03,6.759163e-01,5.163886e-03,4.808504e-02,1.323864e-02,2.461275e-03,1.116852e-01,4.891982e-03
6.918095e-02,3.406757e-03,1.599098e-02,2.567126e-02,9.851719e-03,3.479598e-02,4.941461e-04,1.385983e-02,6.219130e-01,5.716211e-03,5.032086e-02,1.155619e-02,2.550648e-03,1.264544e-01,8.237205e-03
9.113288e-02,3.196570e-03,1.552633e-02,3.214599e-02,1.063650e-02,2.950713e-02,4.532660e-04,2.382624e-02,5.694251e-01,5.034506e-03,4.434533e-02,9.151202e-03,2.355236e-03,1.542418e-01,9.021954e-03
1.255769e-01,2.796758e-03,1.350590e-02,4.313868e-02,1.107748e-02,2.252596e-02,3.519796e-04,1.937364e-02,4.605600e-01,4.883743e-03,7.123584e-02,7.190853e-03,2.182122e-03,2.074931e-01,8.107133e-03
1.299809e-01,3.065614e-03,1.049645e-02,4.311655e-02,1.055952e-02,1.751273e-02,3.248946e-04,1.763818e-02,3.702234e-01,4.778751e-03,9.422594e-02,5.510858e-03,2.141962e-03,2.790746e-01,1.134969e-02
1.414590e-01,8.311123e-03,8.596663e-03,3.789023e-02,1.071069e-02,1.420810e-02,4.550043e-04,1.591436e-02,3.117822e-01,4.660638e-03,1.028408e-01,4.387787e-03,2.419841e-03,3.225752e-01,1.378846e-02
1.334734e-01,1.480356e-02,9.094436e-03,3.146195e-02,1.356625e-02,1.412103e-02,4.937715e-04,1.424267e-02,2.817334e-01,4.008174e-03,9.436329e-02,3.428684e-03,2.500667e-03,3.695139e-01,1.319484e-02
1.439895e-01,1.993459e-02,9.434794e-03,3.151932e-02,1.520337e-02,1.707349e-02,7.989377e-04,1.467844e-02,2.902866e-01,3.577490e-03,8.192487e-02,3.374024e-03,2.862383e-03,3.524660e-01,1.287629e-02
1.781597e-01,2.621974e-02,3.780818e-02,4.545406e-02,1.577237e-02,2.228922e-02,1.593999e-03,1.770653e-02,2.979636e-01,3.261478e-03,6.172096e-02,4.932744e-03,3.599452e-03,2.649052e-01,1.861289e-02
1.964412e-01,4.009553e-02,6.055339e-02,4.841063e-02,1.466587e-02,3.634004e-02,2.361428e-03,3.534436e-02,2.750388e-01,3.777695e-03,4.753616e-02,4.742636e-03,3.622952e-03,2.082720e-01,2.279728e-02
1.433419e-01,2.918166e-02,7.741886e-02,3.953294e-02,1.035793e-02,2.744313e-02,1.762458e-03,2.719602e-02,2.138278e-01,2.326679e-02,3.619954e-02,3.773566e-03,2.996056e-03,2.057517e-01,1.579496e-01
1.032171e-01,2.161558e-02,5.573820e-02,2.891151e-02,7.496219e-03,1.956806e-02,1.257531e-03,1.916010e-02,2.224209e-01,3.297113e-02,2.840143e-02,4.473433e-03,4.919975e-03,1.628317e-01,2.870172e-01
7.330066e-02,1.693246e-02,4.630205e-02,2.049563e-02,5.355347e-03,1.416291e-02,9.046333e-04,1.343137e-02,1.919381e-01,6.943452e-02,2.166103e-02,3.445213e-03,3.970596e-03,1.487122e-01,3.699532e-01
5.200440e-02,1.624963e-02,3.596822e-02,1.530211e-02,3.862328e-03,1.032677e-02,6.816740e-04,9.458394e-03,1.634934e-01,8.336206e-02,3.637512e-02,4.759974e-03,4.611485e-03,2.117252e-01,3.518192e-01
3.658182e-02,1.196251e-02,2.627147e-02,1.075302e-02,2.888439e-03,7.309079e-03,5.040325e-04,6.631013e-03,1.257308e-01,7.533617e-02,2.990880e-02,3.763231e-03,3.601215e-03,3.782169e-01,2.805414e-01
2.638152e-02,9.139040e-03,1.919502e-02,8.254127e-03,2.942246e-03,6.113181e-03,4.881024e-04,4.709321e-03,1.321870e-01,7.878964e-02,3.430018e-02,4.881237e-03,3.341950e-03,4.350567e-01,2.342206e-01
1.891701e-02,7.930546e-03,1.348233e-02,6.176698e-03,2.417826e-03,4.601042e-03,4.438312e-04,3.325835e-03,1.165627e-01,7.378753e-02,3.402684e-02,5.422948e-03,2.847286e-03,5.300363e-01,1.800212e-01
1.365685e-02,2.129687e-02,9.738099e-03,4.499924e-03,1.949229e-03,4.669603e-03,3.364149e-04,2.350461e-03,1.076935e-01,7.130361e-02,3.127984e-02,4.673436e-03,2.305019e-03,5.631359e-01,1.611112e-01
9.956253e-03,3.467745e-02,6.990292e-03,3.262292e-03,1.433915e-03,4.797709e-03,2.570027e-04,1.652838e-03,1.327005e-01,6.519556e-02,2.904210e-02,4.278526e-03,1.758936e-03,5.818059e-01,1.221907e-01
7.051952e-03,4.644119e-02,4.930247e-03,2.341535e-03,1.036915e-03,5.220402e-03,1.855896e-04,1.159677e-03,1.420158e-01,5.094691e-02,2.908063e-02,3.508772e-03,1.273596e-03,6.136414e-01,9.116540e-02
4.998133e-03,6.877242e-02,3.476963e-03,1.671829e-03,7.492505e-04,6.894178e-03,1.374335e-04,8.161161e-04,1.685529e-01,4.004155e-02,2.759606e-02,2.997535e-03,9.426234e-04,6.051220e-01,6.723101e-02
3.522933e-03,7.137709e-02,2.491625e-03,1.205537e-03,5.494793e-04,1.605329e-02,1.052946e-04,5.768983e-04,1.794075e-01,3.446659e-02,2.299015e-02,2.773475e-03,8.010558e-04,6.146998e-01,4.897928e-02
2.532269e-03,8.195034e-02,2.783383e-03,1.035905e-03,5.350101e-04,2.897696e-02,1.618853e-04,4.855528e-04,3.081420e-01,2.810004e-02,1.806245e-02,2.371982e-03,8.504607e-04,4.888192e-01,3.519259e-02
1.905418e-03,8.054176e-02,2.413142e-03,1.033608e-03,1.308725e-03,2.394074e-02,2.673523e-04,5.328610e-04,4.811414e-01,2.032580e-02,1.301480e-02,1.692643e-03,7.007750e-04,3.456124e-01,2.556845e-02
1.349087e-03,8.152893e-02,1.713203e-03,1.365470e-03,1.235107e-03,1.771207e-02,1.887016e-04,3.756699e-04,6.084471e-01,1.442261e-02,9.522572e-03,1.246326e-03,6.269681e-04,2.419624e-01,1.830374e-02
9.928292e-04,1.033982e-01,1.479846e-03,2.814374e-02,1.358218e-03,1.341361e-02,1.381506e-04,3.068901e-04,6.420248e-01,1.270333e-02,6.990741e-03,9.256135e-04,6.495023e-04,1.695021e-01,1.797243e-02
1.199273e-03,9.296906e-02,1.538720e-03,3.985570e-02,6.506807e-03,1.261343e-02,1.189174e-04,3.368005e-04,6.488144e-01,1.246782e-02,5.431980e-03,6.890259e-04,7.002765e-04,1.189455e-01,5.781218e-02
1.048927e-03,8.496882e-02,1.682435e-03,1.104529e-01,6.854726e-03,1.132880e-02,8.783742e-05,1.340971e-03,6.229394e-01,1.073048e-02,5.539242e-03,6.440839e-04,1.536087e-03,8.366527e-02,5.717994e-02
2.387147e-03,9.084639e-02,2.994675e-03,9.300096e-02,2.438614e-02,9.627489e-03,9.815220e-05,1.223317e-03,5.276418e-01,1.646770e-02,1.727205e-02,7.543670e-04,2.847096e-03,5.892531e-02,1.515273e-01
2.737211e-03,7.361031e-02,4.292406e-03,1.088635e-01,2.041748e-02,7.082419e-03,1.057184e-04,1.468892e-03,5.540200e-01,1.612387e-02,1.741403e-02,8.844903e-04,3.977332e-03,4.165925e-02,1.473430e-01
1.224624e-02,7.032934e-02,3.850069e-03,8.197846e-02,3.327518e-02,1.122482e-02,3.470026e-04,3.694437e-03,5.546565e-01,1.348113e-02,3.534479e-02,2.107728e-03,1.085133e-02,3.117483e-02,1.354381e-01
1.476023e-02,5.354482e-02,3.593616e-03,9.248962e-02,2.587667e-02,8.766244e-03,3.293710e-04,4.730622e-03,6.110590e-01,1.049077e-02,2.903959e-02,1.990241e-03,9.746110e-03,2.194229e-02,1.116409e-01
2.422483e-02,4.107248e-02,3.709567e-03,7.438993e-02,2.224227e-02,7.030262e-03,3.362194e-04,6.074441e-03,6.587302e-01,8.021127e-03,2.587025e-02,2.039700e-03,9.167401e-03,1.607574e-02,1.010156e-01
3.282963e-02,3.174157e-02,2.371093e-02,1.512250e-01,2.188226e-02,7.440967e-03,6.213019e-04,3.703583e-02,5.492524e-01,6.030401e-03,3.288101e-02,3.000609e-03,1.664448e-02,1.194231e-02,7.376137e-02
2.367988e-02,2.367843e-02,2.349545e-02,1.094358e-01,1.551490e-02,5.894213e-03,4.566203e-04,2.602748e-02,5.648960e-01,8.402942e-03,3.841741e-02,3.107030e-03,1.494913e-02,4.590175e-02,9.614299e-02
2.231882e-02,2.324737e-02,2.519590e-02,8.494031e-02,1.340427e-02,5.607309e-03,4.347180e-04,1.870142e-02,5.470005e-01,6.975671e-03,4.749302e-02,4.593962e-03,1.943293e-02,7.505625e-02,1.055975e-01
1.667316e-02,1.773361e-02,2.031263e-02,6.009320e-02,9.583643e-03,5.141722e-03,3.584135e-04,1.321269e-02,4.082481e-01,8.631317e-03,5.712281e-02,4.412568e-03,1.737069e-02,1.440245e-01,2.170810e-01
1.590906e-02,1.794357e-02,1.709428e-02,4.280312e-02,6.961087e-03,4.858626e-03,3.118110e-04,9.667059e-03,3.456498e-01,7.191938e-03,6.082078e-02,4.818772e-03,2.012455e-02,1.749802e-01,2.708654e-01
1.827331e-02,1.827268e-02,1.313645e-02,3.092263e-02,5.582076e-03,4.471314e-03,3.416884e-04,7.567586e-03,3.042779e-01,8.011633e-03,1.056936e-01,5.606419e-03,2.162492e-02,1.904198e-01,2.657980e-01
1.712359e-02,1.399206e-02,1.011246e-02,2.179897e-02,4.326228e-03,5.301611e-03,4.886626e-04,6.134353e-03,2.475093e-01,1.391588e-02,1.605950e-01,4.240599e-03,1.593953e-02,2.097689e-01,2.687529e-01
1.307736e-02,1.690846e-02,1.049808e-02,1.555084e-02,4.628690e-03,8.860855e-03,4.990927e-04,4.780168e-03,2.701454e-01,1.552363e-02,1.409044e-01,3.588924e-03,1.355111e-02,1.985804e-01,2.829025e-01
1.125511e-02,1.343095e-02,1.029342e-02,1.238542e-02,4.992635e-03,1.323102e-02,1.209593e-03,5.829988e-03,3.032002e-01,1.452735e-02,1.070489e-01,3.026588e-03,1.011432e-02,2.855270e-01,2.039275e-01
8.639856e-03,1.240047e-02,2.289744e-02,1.009023e-02,5.610627e-03,1.652310e-02,1.517755e-03,1.233291e-02,2.691172e-01,1.131995e-02,8.497362e-02,2.766780e-03,8.642775e-03,3.858367e-01,1.473306e-01
