1.000000e+00,0.000000e+00,0.000000e+00,0.000000e+00,0.000000e+00,0.000000e+00,0.000000e+00,0.000000e+00,0.000000e+00,0.000000e+00,0.000000e+00,0.000000e+00,0.000000e+00,0.000000e+00,0.000000e+00
1.000000e+00,0.000000e+00,0.000000e+00,0.000000e+00,0.000000e+00,0.000000e+00,0.000000e+00,0.000000e+00,0.000000e+00,0.000000e+00,0.000000e+00,0.000000e+00,0.000000e+00,0.000000e+00,0.000000e+00
1.000000e+00,0.000000e+00,0.000000e+00,0.000000e+00,0.000000e+00,0.000000e+00,0.000000e+00,0.000000e+00,0.000000e+00,0.000000e+00,0.000000e+00,0.000000e+00,0.000000e+00,0.000000e+00,0.000000e+00
1.000000e+00,0.000000e+00,0.000000e+00,0.000000e+00,0.000000e+00,0.000000e+00,0.000000e+00,0.000000e+00,0.000000e+00,0.000000e+00,0.000000e+00,0.000000e+00,0.000000e+00,0.000000e+00,0.000000e+00
1.000000e+00,0.000000e+00,0.000000e+00,0.000000e+00,0.000000e+00,0.000000e+00,0.000000e+00,0.000000e+00,0.000000e+00,0.000000e+00,0.000000e+00,0.000000e+00,0.000000e+00,0.000000e+00,0.000000e+00
1.000000e+00,0.000000e+00,0.000000e+00,0.000000e+00,0.000000e+00,0.000000e+00,0.000000e+00,0.000000e+00,0.000000e+00,0.000000e+00,0.000000e+00,0.000000e+00,0.000000e+00,0.000000e+00,0.000000e+00
1.000000e+00,0.000000e+00,0.000000e+00,0.000000e+00,0.000000e+00,0.000000e+00,0.000000e+00,0.000000e+00,0.000000e+00,0.000000e+00,0.000000e+00,0.000000e+00,0.000000e+00,0.000000e+00,0.000000e+00
1.000000e+00,0.000000e+00,0.000000e+00,0.000000e+00,0.000000e+00,0.000000e+00,0.000000e+00,0.000000e+00,0.000000e+00,0.000000e+00,0.000000e+00,0.000000e+00,0.000000e+00,0.000000e+00,0.000000e+00
1.000000e+00,0.000000e+00,0.000000e+00,0.000000e+00,0.000000e+00,0.000000e+00,0.000000e+00,0.000000e+00,0.000000e+00,0.000000e+00,0.000000e+00,0.000000e+00,0.000000e+00,0.000000e+00,0.000000e+00
1.000000e+00,0.000000e+00,0.000000e+00,0.000000e+00,0.000000e+00,0.000000e+00,0.000000e+00,0.000000e+00,0.000000e+00,0.000000e+00,0.000000e+00,0.000000e+00,0.000000e+00,0.000000e+00,0.000000e+00
1.000000e+00,0.000000e+00,0.000000e+00,0.000000e+00,0.000000e+00,0.000000e+00,0.000000e+00,0.000000e+00,0.000000e+00,0.000000e+00,0.000000e+00,0.000000e+00,0.000000e+00,0.000000e+00,0.000000e+00
1.000000e+00,0.000000e+00,0.000000e+00,0.000000e+00,0.000000e+00,0.000000e+00,0.000000e+00,0.000000e+00,0.000000e+00,0.000000e+00,0.000000e+00,0.000000e+00,0.000000e+00,0.000000e+00,0.000000e+00
1.000000e+00,0.000000e+00,0.000000e+00,0.000000e+00,0.000000e+00,0.000000e+00,0.000000e+00,0.000000e+00,0.000000e+00,0.000000e+00,0.000000e+00,0.000000e+00,0.000000e+00,0.000000e+00,0.000000e+00
1.000000e+00,0.000000e+00,0.000000e+00,0.000000e+00,0.000000e+00,0.000000e+00,0.000000e+00,0.000000e+00,0.000000e+00,0.000000e+00,0.000000e+00,0.000000e+00,0.000000e+00,0.000000e+00,0.000000e+00
1.000000e+00,0.000000e+00,0.000000e+00,0.000000e+00,0.000000e+00,0.000000e+00,0.000000e+00,0.000000e+00,0.000000e+00,0.000000e+00,0.000000e+00,0.000000e+00,0.000000e+00,0.000000e+00,0.000000e+00
1.000000e+00,0.000000e+00,0.000000e+00,0.000000e+00,0.000000e+00,0.000000e+00,0.000000e+00,0.000000e+00,0.000000e+00,0.000000e+00,0.000000e+00,0.000000e+00,0.000000e+00,0.000000e+00,0.000000e+00
1.000000e+00,0.000000e+00,0.000000e+00,0.000000e+00,0.000000e+00,0.000000e+00,0.000000e+00,0.000000e+00,0.000000e+00,0.000000e+00,0.000000e+00,0.000000e+00,0.000000e+00,0.000000e+00,0.000000e+00
1.000000e+00,0.000000e+00,0.000000e+00,0.000000e+00,0.000000e+00,0.000000e+00,0.000000e+00,0.000000e+00,0.000000e+00,0.000000e+00,0.000000e+00,0.000000e+00,0.000000e+00,0.000000e+00,0.000000e+00
1.000000e+00,0.000000e+00,0.000000e+00,0.000000e+00,0.000000e+00,0.000000e+00,0.000000e+00,0.000000e+00,0.000000e+00,0.000000e+00,0.000000e+00,0.000000e+00,0.000000e+00,0.000000e+00,0.000000e+00
1.000000e+00,0.000000e+00,0.000000e+00,0.000000e+00,0.000000e+00,0.000000e+00,0.000000e+00,0.000000e+00,0.000000e+00,0.000000e+00,0.000000e+00,0.000000e+00,0.000000e+00,0.000000e+00,0.000000e+00
1.000000e+00,0.000000e+00,0.000000e+00,0.000000e+00,0.000000e+00,0.000000e+00,0.000000e+00,0.000000e+00,0.000000e+00,0.000000e+00,0.000000e+00,0.000000e+00,0.000000e+00,0.000000e+00,0.000000e+00
1.000000e+00,0.000000e+00,0.000000e+00,0.000000e+00,0.000000e+00,0.000000e+00,0.000000e+00,0.000000e+00,0.000000e+00,0.000000e+00,0.000000e+00,0.000000e+00,0.000000e+00,0.000000e+00,0.000000e+00
1.000000e+00,0.000000e+00,0.000000e+00,0.000000e+00,0.000000e+00,0.000000e+00,0.000000e+00,0.000000e+00,0.000000e+00,0.000000e+00,0.000000e+00,0.000000e+00,0.000000e+00,0.000000e+00,0.000000e+00
1.000000e+00,0.000000e+00,0.000000e+00,0.000000e+00,0.000000e+00,0.000000e+00,0.000000e+00,0.000000e+00,0.000000e+00,0.000000e+00,0.000000e+00,0.000000e+00,0.000000e+00,0.000000e+00,0.000000e+00
1.000000e+00,0.000000e+00,0.000000e+00,0.000000e+00,0.000000e+00,0.000000e+00,0.000000e+00,0.000000e+00,0.000000e+00,0.000000e+00,0.000000e+00,0.000000e+00,0.000000e+00,0.000000e+00,0.000000e+00
1.000000e+00,0.000000e+00,0.000000e+00,0.000000e+00,0.000000e+00,0.000000e+00,0.000000e+00,0.000000e+00,0.000000e+00,0.000000e+00,0.000000e+00,0.000000e+00,0.000000e+00,0.000000e+00,0.000000e+00
1.000000e+00,0.000000e+00,0.000000e+00,0.000000e+00,0.000000e+00,0.000000e+00,0.000000e+00,0.000000e+00,0.000000e+00,0.000000e+00,0.000000e+00,0.000000e+00,0.000000e+00,0.000000e+00,0.000000e+00
1.000000e+00,0.000000e+00,0.000000e+00,0.000000e+00,0.000000e+00,0.000000e+00,0.000000e+00,0.000000e+00,0.000000e+00,0.000000e+00,0.000000e+00,0.000000e+00,0.000000e+00,0.000000e+00,0.000000e+00
1.000000e+00,0.000000e+00,0.000000e+00,0.000000e+00,0.000000e+00,0.000000e+00,0.000000e+00,0.000000e+00,0.000000e+00,0.000000e+00,0.000000e+00,0.000000e+00,0.000000e+00,0.000000e+00,0.000000e+00
1.000000e+00,0.000000e+00,0.000000e+00,0.000000e+00,0.000000e+00,0.000000e+00,0.000000e+00,0.000000e+00,0.000000e+00,0.000000e+00,0.000000e+00,0.000000e+00,0.000000e+00,0.000000e+00,0.000000e+00
1.000000e+00,0.000000e+00,0.000000e+00,0.000000e+00,0.000000e+00,0.000000e+00,0.000000e+00,0.000000e+00,0.000000e+00,0.000000e+00,0.000000e+00,0.000000e+00,0.000000e+00,0.000000e+00,0.000000e+00
1.000000e+00,0.000000e+00,0.000000e+00,0.000000e+00,0.000000e+00,0.000000e+00,0.000000e+00,0.000000e+00,0.000000e+00,0.000000e+00,0.000000e+00,0.000000e+00,0.000000e+00,0.000000e+00,0.000000e+00
1.000000e+00,0.000000e+00,0.000000e+00,0.000000e+00,0.000000e+00,0.000000e+00,0.000000e+00,0.000000e+00,0.000000e+00,0.000000e+00,0.000000e+00,0.000000e+00,0.000000e+00,0.000000e+00,0.000000e+00
1.000000e+00,0.000000e+00,0.000000e+00,0.000000e+00,0.000000e+00,0.000000e+00,0.000000e+00,0.000000e+00,0.000000e+00,0.000000e+00,0.000000e+00,0.000000e+00,0.000000e+00,0.000000e+00,0.000000e+00
1.000000e+00,0.000000e+00,0.000000e+00,0.000000e+00,0.000000e+00,0.000000e+00,0.000000e+00,0.000000e+00,0.000000e+00,0.000000e+00,0.000000e+00,0.000000e+00,0.000000e+00,0.000000e+00,0.000000e+00
1.000000e+00,0.000000e+00,0.000000e+00,0.000000e+00,0.000000e+00,0.000000e+00,0.000000e+00,0.000000e+00,0.000000e+00,0.000000e+00,0.000000e+00,0.000000e+00,0.000000e+00,0.000000e+00,0.000000e+00
1.000000e+00,0.000000e+00,0.000000e+00,0.000000e+00,0.000000e+00,0.000000e+00,0.000000e+00,0.000000e+00,0.000000e+00,0.000000e+00,0.000000e+00,0.000000e+00,0.000000e+00,0.000000e+00,0.000000e+00
1.000000e+00,0.000000e+00,0.000000e+00,0.000000e+00,0.000000e+00,0.000000e+00,0.000000e+00,0.000000e+00,0.000000e+00,0.000000e+00,0.000000e+00,0.000000e+00,0.000000e+00,0.000000e+00,0.000000e+00
1.000000e+00,0.000000e+00,0.000000e+00,0.000000e+00,0.000000e+00,0.000000e+00,0.000000e+00,0.000000e+00,0.000000e+00,0.000000e+00,0.000000e+00,0.000000e+00,0.000000e+00,0.000000e+00,0.000000e+00
1.000000e+00,0.000000e+00,0.000000e+00,0.000000e+00,0.000000e+00,0.000000e+00,0.000000e+00,0.000000e+00,0.000000e+00,0.000000e+00,0.000000e+00,0.000000e+00,0.000000e+00,0.000000e+00,0.000000e+00
1.000000e+00,0.000000e+00,0.000000e+00,0.000000e+00,0.000000e+00,0.000000e+00,0.000000e+00,0.000000e+00,0.000000e+00,0.000000e+00,0.000000e+00,0.000000e+00,0.000000e+00,0.000000e+00,0.000000e+00
1.000000e+00,0.000000e+00,0.000000e+00,0.000000e+00,0.000000e+00,0.000000e+00,0.000000e+00,0.000000e+00,0.000000e+00,0.000000e+00,0.000000e+00,0.000000e+00,0.000000e+00,0.000000e+00,0.000000e+00
1.000000e+00,0.000000e+00,0.000000e+00,0.000000e+00,0.000000e+00,0.000000e+00,0.000000e+00,0.000000e+00,0.000000e+00,0.000000e+00,0.000000e+00,0.000000e+00,0.000000e+00,0.000000e+00,0.000000e+00
1.000000e+00,0.000000e+00,0.000000e+00,0.000000e+00,0.000000e+00,0.000000e+00,0.000000e+00,0.000000e+00,0.000000e+00,0.000000e+00,0.000000e+00,0.000000e+00,0.000000e+00,0.000000e+00,0.000000e+00
1.000000e+00,0.000000e+00,0.000000e+00,0.000000e+00,0.000000e+00,0.000000e+00,0.000000e+00,0.000000e+00,0.000000e+00,0.000000e+00,0.000000e+00,0.000000e+00,0.000000e+00,0.000000e+00,0.000000e+00
1.000000e+00,0.000000e+00,0.000000e+00,0.000000e+00,0.000000e+00,0.000000e+00,0.000000e+00,0.000000e+00,0.000000e+00,0.000000e+00,0.000000e+00,0.000000e+00,0.000000e+00,0.000000e+00,0.000000e+00
1.000000e+00,0.000000e+00,0.000000e+00,0.000000e+00,0.000000e+00,0.000000e+00,0.000000e+00,0.000000e+00,0.000000e+00,0.000000e+00,0.000000e+00,0.000000e+00,0.000000e+00,0.000000e+00,0.000000e+00
1.000000e+00,0.000000e+00,0.000000e+00,0.000000e+00,0.000000e+00,0.000000e+00,0.000000e+00,0.000000e+00,0.000000e+00,0.000000e+00,0.000000e+00,0.000000e+00,0.000000e+00,0.000000e+00,0.000000e+00
1.000000e+00,0.000000e+00,0.000000e+00,0.000000e+00,0.000000e+00,0.000000e+00,0.000000e+00,0.000000e+00,0.000000e+00,0.000000e+00,0.000000e+00,0.000000e+00,0.000000e+00,0.000000e+00,0.000000e+00
1.000000e+00,0.000000e+00,0.000000e+00,0.000000e+00,0.000000e+00,0.000000e+00,0.000000e+00,0.000000e+00,0.000000e+00,0.000000e+00,0.000000e+00,0.000000e+00,0.000000e+00,0.000000e+00,0.000000e+00
3.967867e-01,1.794941e-02,1.809230e-02,7.730316e-02,5.073119e-03,6.648038e-02,2.020659e-02,1.703511e-02,8.704244e-02,1.075630e-01,3.113010e-02,1.371711e-02,4.759684e-02,4.814581e-03,8.920912e-02
2.799242e-01,1.373520e-02,1.471936e-02,6.163266e-02,3.670735e-03,4.736897e-02,1.434657e-02,1.225742e-02,7.698619e-02,3.079536e-01,2.658468e-02,1.211143e-02,4.082314e-02,4.142379e-03,8.374353e-02
2.147497e-01,1.556465e-02,1.191638e-02,5.191293e-02,2.846697e-03,4.265798e-02,1.109335e-02,8.921922e-03,1.084274e-01,3.057138e-01,2.568138e-02,1.207702e-02,3.106263e-02,1.357693e-02,1.437972e-01
2.478524e-01,1.445599e-02,9.249037e-03,4.122553e-02,2.204427e-03,4.121799e-02,8.311098e-03,6.688397e-03,8.108094e-02,2.503298e-01,4.383457e-02,1.441274e-02,2.975105e-02,2.472692e-02,1.846591e-01
2.305739e-01,1.315537e-02,7.443146e-03,3.006250e-02,3.014289e-03,3.215767e-02,6.206631e-03,4.953215e-03,6.368082e-02,1.899553e-01,6.252749e-02,1.218299e-02,2.679472e-02,1.579395e-01,1.593525e-01
2.469228e-01,1.234052e-02,7.942320e-03,2.209391e-02,3.182727e-03,3.350034e-02,4.684436e-03,3.630990e-03,4.832793e-02,1.398086e-01,5.847662e-02,1.053458e-02,2.389129e-02,1.704945e-01,2.141685e-01
2.287305e-01,1.084278e-02,6.820295e-03,1.575880e-02,2.723185e-03,2.966942e-02,3.434195e-03,2.674076e-03,4.591509e-02,1.034437e-01,5.729951e-02,9.149506e-03,1.964104e-02,1.826673e-01,2.812306e-01
1.831056e-01,3.465672e-02,7.945739e-03,1.152560e-02,3.676685e-03,2.772449e-02,2.504484e-03,2.114946e-03,4.560810e-02,7.419983e-02,7.416575e-02,7.292726e-03,1.643466e-02,1.640927e-01,3.449520e-01
1.382658e-01,5.024502e-02,6.688225e-03,8.237666e-03,5.080173e-03,2.576768e-02,1.820971e-03,1.511689e-03,4.443388e-02,5.567984e-02,8.097500e-02,5.451909e-03,1.344207e-02,1.498103e-01,4.125898e-01
9.962057e-02,6.690014e-02,6.408348e-03,5.957161e-03,4.449047e-03,3.109498e-02,1.309187e-03,1.106653e-03,7.921323e-02,4.494880e-02,6.312414e-02,4.330003e-03,1.232045e-02,1.565795e-01,4.226378e-01
7.054288e-02,7.198964e-02,5.305061e-03,4.429276e-03,3.453434e-03,2.868323e-02,9.429850e-04,7.852372e-04,1.271647e-01,3.469788e-02,4.657262e-02,3.755864e-03,1.114967e-02,1.566421e-01,4.338855e-01
4.964808e-02,6.021637e-02,4.363495e-03,3.532415e-03,2.598366e-03,2.295027e-02,6.711075e-04,5.547253e-04,2.580746e-01,2.716312e-02,3.334862e-02,3.069060e-03,8.479765e-03,1.151461e-01,4.101839e-01
3.660865e-02,5.277680e-02,3.630418e-03,2.569211e-03,2.124887e-03,1.677384e-02,4.788849e-04,3.954087e-04,2.511224e-01,2.774061e-02,2.766694e-02,2.596665e-03,6.614444e-03,1.614384e-01,4.074625e-01
2.794529e-02,7.879789e-02,3.150972e-03,1.903217e-03,1.859976e-03,1.231839e-02,3.395826e-04,2.811099e-04,2.387566e-01,4.496794e-02,2.799987e-02,2.206244e-03,5.672831e-03,1.527241e-01,4.010761e-01
2.025200e-02,5.875456e-02,3.285018e-03,1.902813e-03,1.770714e-03,9.194979e-03,2.503355e-04,5.296420e-04,3.249913e-01,4.542726e-02,2.243722e-02,1.691228e-03,4.639633e-03,1.406941e-01,3.641793e-01
1.436802e-02,4.256535e-02,2.497482e-03,1.494876e-03,1.401984e-03,6.540224e-03,1.800974e-04,4.693342e-04,3.932045e-01,6.200153e-02,1.702641e-02,1.372926e-03,3.390685e-03,1.296276e-01,3.238589e-01
1.040008e-02,3.153575e-02,2.186313e-03,1.114135e-03,1.279272e-03,4.688794e-03,1.319962e-04,3.806998e-04,3.961292e-01,1.167639e-01,1.269359e-02,1.102558e-03,2.491187e-03,1.611441e-01,2.579585e-01
8.484174e-03,2.359673e-02,2.371539e-03,1.023930e-03,4.624641e-03,3.539016e-03,1.056013e-04,8.435366e-04,4.209356e-01,1.886923e-01,1.124981e-02,1.065233e-03,2.483110e-03,1.271387e-01,2.038461e-01
7.107161e-03,1.850838e-02,1.876102e-03,2.819769e-03,5.423231e-03,3.023245e-03,1.249118e-04,1.111265e-03,5.071442e-01,1.820699e-01,1.226461e-02,1.373619e-03,6.564952e-03,9.461454e-02,1.559741e-01
1.060328e-02,1.525666e-02,4.208293e-03,9.474448e-03,1.344309e-02,6.434169e-03,7.974795e-04,4.530166e-02,4.828029e-01,1.430690e-01,3.627567e-02,6.774630e-03,3.748250e-02,7.208036e-02,1.159959e-01
9.346955e-03,1.441305e-02,3.360080e-03,1.524226e-02,9.813691e-03,8.375769e-03,6.473574e-04,3.880047e-02,5.390716e-01,1.071659e-01,3.385345e-02,1.605620e-02,6.096244e-02,5.194169e-02,9.094906e-02
7.865552e-03,1.498635e-02,3.742226e-03,2.608571e-02,7.331710e-03,7.929118e-03,5.107647e-04,3.367274e-02,5.872270e-01,8.634059e-02,3.034509e-02,1.967513e-02,6.644928e-02,3.709758e-02,7.074109e-02
9.585036e-03,1.539231e-02,3.138677e-03,3.260552e-02,1.640015e-02,1.668181e-02,5.307513e-04,2.676990e-02,6.274050e-01,6.747568e-02,2.254606e-02,1.454619e-02,5.072490e-02,2.759812e-02,6.859988e-02
1.174186e-02,1.409909e-02,3.708284e-03,5.829272e-02,3.334627e-02,2.156540e-02,5.697550e-04,1.049530e-01,5.578494e-01,5.174582e-02,1.717291e-02,1.053384e-02,3.769717e-02,2.075151e-02,5.597296e-02
1.152563e-02,1.605962e-02,3.610840e-03,4.232100e-02,3.201377e-02,1.994354e-02,5.776735e-04,2.509117e-01,4.801550e-01,3.817045e-02,1.296935e-02,7.554140e-03,2.727311e-02,1.506225e-02,4.185190e-02
2.529797e-02,5.182157e-02,3.587313e-03,3.291650e-02,4.442650e-02,2.003125e-02,6.226568e-04,2.854240e-01,4.299046e-01,2.844575e-02,1.016795e-02,5.483258e-03,2.002460e-02,1.164148e-02,3.020453e-02
2.611541e-02,5.281011e-02,3.639084e-03,2.383810e-02,3.974658e-02,1.580235e-02,6.419907e-04,4.099743e-01,3.504004e-01,2.009955e-02,7.834116e-03,3.920352e-03,1.468798e-02,8.574730e-03,2.191486e-02
2.024811e-02,3.905866e-02,3.070035e-03,1.683698e-02,3.131171e-02,1.166852e-02,6.040232e-04,5.676682e-01,2.550605e-01,1.408341e-02,5.669279e-03,2.762515e-03,1.043399e-02,6.075075e-03,1.544903e-02
1.594977e-02,2.926291e-02,2.291411e-03,1.201437e-02,2.525192e-02,8.974561e-03,5.559584e-04,6.775986e-01,1.897046e-01,9.861078e-03,4.051192e-03,1.943684e-03,7.385495e-03,4.319095e-03,1.083541e-02
1.536684e-02,2.118876e-02,1.691630e-03,8.552359e-03,1.891558e-02,6.487153e-03,4.385666e-04,7.638726e-01,1.362471e-01,6.906521e-03,2.888677e-03,1.386778e-03,5.210099e-03,3.242357e-03,7.604904e-03
1.789048e-02,1.513996e-02,1.269638e-03,6.152554e-03,1.382678e-02,4.877366e-03,3.865889e-04,8.234522e-01,9.733624e-02,4.838829e-03,2.139231e-03,1.084952e-03,3.750797e-03,2.488069e-03,5.366312e-03
2.006148e-02,1.082003e-02,9.785190e-04,4.488860e-03,1.033237e-02,3.830290e-03,3.492380e-04,8.648551e-01,6.990266e-02,3.391804e-03,1.605118e-03,8.872394e-04,2.724046e-03,1.969805e-03,3.803530e-03
3.330360e-02,7.860426e-03,9.949988e-04,3.382824e-03,7.951058e-03,3.958494e-03,4.579001e-04,8.806053e-01,5.044401e-02,2.385488e-03,1.234902e-03,9.974992e-04,2.112401e-03,1.501331e-03,2.809786e-03
6.717707e-02,6.400761e-03,1.135501e-03,2.865909e-03,7.475231e-03,4.692322e-03,6.317834e-04,8.625842e-01,3.782285e-02,1.694066e-03,1.021066e-03,1.236132e-03,1.835914e-03,1.173719e-03,2.253448e-03
7.552351e-02,6.302541e-03,1.217717e-03,2.317582e-03,6.362192e-03,4.476678e-03,8.067134e-04,8.656139e-01,2.951342e-02,1.211417e-03,8.267014e-04,1.202292e-03,1.544197e-03,9.205814e-04,2.160557e-03
1.147553e-01,6.968150e-03,1.870395e-03,2.242286e-03,5.759896e-03,4.987620e-03,1.332402e-03,8.315188e-01,2.273298e-02,9.087330e-04,7.511104e-04,1.414912e-03,1.505351e-03,7.882405e-04,2.463771e-03
1.136339e-01,6.018138e-03,1.761245e-03,1.943562e-03,4.819218e-03,4.243569e-03,1.170931e-03,8.428968e-01,1.680712e-02,6.687696e-04,6.274555e-04,1.342231e-03,1.258278e-03,6.186634e-04,2.190165e-03
1.031257e-01,4.576356e-03,1.465800e-03,1.594600e-03,4.093562e-03,3.516701e-03,9.623646e-04,8.626323e-01,1.228440e-02,4.956676e-04,5.600024e-04,1.412193e-03,1.012494e-03,4.880855e-04,1.779870e-03
1.567690e-01,3.839210e-03,1.551150e-03,2.341528e-03,3.484013e-03,4.437207e-03,8.398460e-04,8.062748e-01,9.285675e-03,4.719461e-04,1.176759e-03,4.806776e-03,1.787832e-03,7.659899e-04,2.168322e-03
1.904362e-01,4.108422e-03,1.298299e-03,6.235700e-03,3.351227e-03,6.258097e-03,8.653947e-04,6.674433e-01,9.393688e-03,8.232019e-04,6.100540e-03,3.243415e-02,6.432568e-02,1.795809e-03,5.130230e-03
2.016197e-01,3.650473e-03,1.921981e-03,9.041582e-03,8.481503e-03,1.773958e-02,4.413878e-03,6.498986e-01,8.063821e-03,8.038599e-04,7.411050e-03,2.617070e-02,5.432031e-02,1.404146e-03,5.058843e-03
1.744487e-01,3.324290e-03,2.508821e-03,1.420278e-02,1.074360e-02,1.507223e-01,6.721354e-03,5.215478e-01,8.159188e-03,6.325546e-04,9.059230e-03,2.206443e-02,7.008017e-02,1.082456e-03,4.702296e-03
1.479667e-01,4.325595e-03,5.194463e-03,2.470801e-02,1.104341e-02,2.330259e-01,7.950168e-03,3.930281e-01,1.145124e-02,8.437861e-04,9.368327e-03,3.840858e-02,1.027290e-01,1.069532e-03,8.887196e-03
1.392885e-01,4.309408e-03,6.417015e-03,2.265095e-02,1.586312e-02,2.956917e-01,7.331337e-03,2.890147e-01,1.189713e-02,8.494432e-04,1.249932e-02,3.760703e-02,1.475585e-01,9.546944e-04,8.067063e-03
1.328455e-01,3.855188e-03,6.053346e-03,1.684464e-02,2.518963e-02,2.416600e-01,6.088606e-03,2.076252e-01,1.028137e-02,6.851641e-04,1.416388e-02,3.682201e-02,2.902750e-01,8.462851e-04,6.764138e-03
1.717720e-01,4.822198e-03,1.487827e-02,1.324130e-02,4.229084e-02,1.831481e-01,6.467270e-03,1.506346e-01,1.233684e-02,7.652371e-04,1.552623e-02,4.318473e-02,3.333924e-01,1.195752e-03,6.344197e-03
2.002660e-01,5.120478e-03,1.192565e-02,1.062800e-02,4.759312e-02,1.411333e-01,6.003248e-03,1.074270e-01,1.359987e-02,8.030645e-04,1.666324e-02,6.391691e-02,3.672289e-01,1.480194e-03,6.211062e-03
1.908439e-01,6.888212e-03,9.705815e-03,9.350077e-03,4.672688e-02,1.065973e-01,5.871393e-03,7.623612e-02,2.769708e-02,8.206768e-04,1.803265e-02,5.480318e-02,4.304017e-01,1.518276e-03,1.450673e-02
1.637829e-01,8.234726e-03,8.581917e-03,7.719784e-03,4.494916e-02,8.003091e-02,6.531396e-03,5.479092e-02,4.259787e-02,1.306286e-03,2.126375e-02,4.722830e-02,4.959818e-01,1.764879e-03,1.523546e-02
1.181241e-01,7.372099e-03,7.657011e-03,5.889666e-03,3.927494e-02,6.067137e-02,5.109086e-03,3.923480e-02,4.720321e-02,2.303262e-03,2.551547e-02,4.367245e-02,5.821622e-01,1.906020e-03,1.390435e-02
1.077433e-01,1.304597e-02,9.464318e-03,6.541376e-03,4.397726e-02,4.954014e-02,4.385398e-03,3.053073e-02,9.962254e-02,5.509084e-03,2.765122e-02,3.720845e-02,4.814329e-01,5.018114e-03,7.832916e-02
8.750428e-02,1.993245e-02,3.507407e-02,7.693628e-03,4.617804e-02,3.931258e-02,3.977734e-03,2.767899e-02,1.088093e-01,1.253724e-02,2.969616e-02,3.157709e-02,3.891915e-01,5.925674e-03,1.549112e-01
9.726457e-02,2.106840e-02,5.389262e-02,1.261888e-02,5.456597e-02,3.275984e-02,4.228046e-03,2.856619e-02,1.245826e-01,1.266687e-02,3.767685e-02,2.555938e-02,2.954777e-01,1.279819e-02,1.862738e-01
9.602372e-02,2.668607e-02,4.202065e-02,1.494149e-02,4.726483e-02,3.400143e-02,3.558252e-03,2.656804e-02,1.741548e-01,1.708906e-02,3.787387e-02,2.412378e-02,2.234762e-01,1.544496e-02,2.167728e-01
1.222472e-01,2.360735e-02,4.435674e-02,2.009606e-02,3.823610e-02,2.795709e-02,3.048869e-03,2.392853e-02,1.692161e-01,5.994819e-02,3.431275e-02,2.927373e-02,1.717670e-01,1.766172e-02,2.143426e-01
9.246779e-02,2.262840e-02,3.168419e-02,1.572612e-02,2.787808e-02,2.404075e-02,2.360841e-03,1.737162e-02,2.830029e-01,8.611118e-02,2.526993e-02,2.352593e-02,1.233871e-01,1.332030e-02,2.112249e-01
6.862725e-02,2.188114e-02,2.345444e-02,1.190988e-02,2.131832e-02,2.185598e-02,2.162764e-03,1.467763e-02,3.808469e-01,6.944966e-02,1.861946e-02,1.804829e-02,8.856262e-02,1.003062e-02,2.285550e-01
5.449032e-02,2.084368e-02,1.833300e-02,1.191388e-02,2.032196e-02,2.287903e-02,1.863043e-03,2.866858e-02,3.662615e-01,5.777746e-02,1.592305e-02,1.494342e-02,6.683695e-02,8.308172e-03,2.906359e-01
6.776743e-02,2.425944e-02,1.681470e-02,2.154168e-02,2.454806e-02,2.333927e-02,1.580489e-03,2.900197e-02,3.333710e-01,5.349573e-02,1.581877e-02,1.247637e-02,5.164189e-02,8.489251e-03,3.158540e-01
7.325307e-02,3.230562e-02,1.428297e-02,1.692905e-02,3.126273e-02,2.674271e-02,1.353171e-03,3.508239e-02,2.966503e-01,5.981210e-02,1.291350e-02,9.682200e-03,3.805647e-02,1.539053e-02,3.362832e-01
5.652460e-02,4.052558e-02,2.189700e-02,8.009983e-02,3.670753e-02,2.051453e-02,1.178925e-03,5.801786e-02,2.775716e-01,5.522699e-02,1.721129e-02,1.242068e-02,3.818110e-02,1.255363e-02,2.713689e-01
5.580287e-02,3.694222e-02,4.084055e-02,1.274724e-01,7.481824e-02,1.618056e-02,1.292116e-03,1.066826e-01,2.329325e-01,3.971536e-02,1.503138e-02,1.104417e-02,2.882097e-02,9.624152e-03,2.028000e-01
6.021291e-02,5.810304e-02,9.410036e-02,1.642191e-01,6.410100e-02,1.388999e-02,1.269383e-03,8.302824e-02,2.109849e-01,3.196139e-02,1.346396e-02,1.100822e-02,2.208857e-02,8.644671e-03,1.629244e-01
6.352545e-02,1.076593e-01,1.049536e-01,1.417726e-01,6.348717e-02,1.705934e-02,1.553581e-03,6.251796e-02,2.213418e-01,2.805446e-02,1.526183e-02,8.803795e-03,1.768856e-02,7.646917e-03,1.386736e-01
7.557867e-02,1.325139e-01,1.308432e-01,1.151736e-01,7.110507e-02,1.923773e-02,1.601120e-03,5.516972e-02,2.038735e-01,2.285394e-02,1.320441e-02,6.672806e-03,1.397211e-02,7.718503e-03,1.304818e-01
1.074343e-01,1.323842e-01,1.256303e-01,9.779678e-02,1.189871e-01,3.252540e-02,2.330083e-03,4.479157e-02,1.816534e-01,1.653763e-02,1.126297e-02,5.278207e-03,1.196244e-02,8.904841e-03,1.025209e-01
8.268643e-02,1.612649e-01,9.289601e-02,2.460122e-01,1.021575e-01,2.399790e-02,1.947188e-03,3.552158e-02,1.365134e-01,1.202445e-02,9.368939e-03,3.861334e-03,8.676673e-03,6.384932e-03,7.668659e-02
9.819439e-02,1.369815e-01,9.256465e-02,2.687377e-01,1.113706e-01,2.734981e-02,2.630122e-03,4.495657e-02,1.197559e-01,9.235453e-03,1.155711e-02,3.580281e-03,7.338418e-03,5.612348e-03,6.013526e-02
8.556100e-02,1.190990e-01,1.069103e-01,3.626187e-01,8.705483e-02,2.449273e-02,2.329141e-03,3.453294e-02,9.458684e-02,7.272075e-03,1.052544e-02,3.249568e-03,5.889740e-03,4.286926e-03,5.159081e-02
1.086556e-01,8.905774e-02,1.372484e-01,3.943534e-01,6.456343e-02,1.811737e-02,1.799911e-03,2.540483e-02,7.545681e-02,5.881301e-03,1.147883e-02,4.258596e-03,4.707233e-03,5.738444e-03,5.327808e-02
8.449644e-02,7.293854e-02,1.412348e-01,4.960077e-01,4.678192e-02,1.315006e-02,1.304058e-03,1.812794e-02,5.573972e-02,5.025239e-03,1.240129e-02,3.307708e-03,3.588788e-03,4.284319e-03,4.161161e-02
6.143651e-02,6.504709e-02,1.903096e-01,4.242790e-01,3.328267e-02,9.469191e-03,9.335929e-04,1.274625e-02,6.128213e-02,8.362817e-03,2.942309e-02,2.649090e-03,3.043970e-03,1.882334e-02,7.891168e-02
9.926304e-02,6.658135e-02,1.707857e-01,3.253017e-01,2.411679e-02,8.165855e-03,7.263987e-04,9.790692e-03,6.753262e-02,6.949884e-03,2.627196e-02,3.175614e-03,4.387382e-03,4.404202e-02,1.429090e-01
8.164409e-02,5.780569e-02,1.276442e-01,2.307654e-01,1.764757e-02,7.355379e-03,6.000909e-04,6.936164e-03,7.618850e-02,5.917853e-03,1.971662e-02,2.475735e-03,3.570314e-03,1.361589e-01,2.255735e-01
6.065329e-02,4.331330e-02,9.189422e-02,1.622020e-01,1.263246e-02,5.448583e-03,4.475582e-04,4.877750e-03,8.635069e-02,6.217889e-03,1.507002e-02,2.096706e-03,2.669191e-03,2.477496e-01,2.583767e-01
4.311432e-02,3.073691e-02,6.446163e-02,1.135560e-01,8.886290e-03,3.869523e-03,3.198063e-04,3.416604e-03,6.421312e-02,5.770791e-03,1.094684e-02,1.524652e-03,1.907588e-03,4.323761e-01,2.148999e-01
3.082101e-02,2.195694e-02,4.522596e-02,7.950473e-02,6.247812e-03,2.743265e-03,2.388580e-04,2.393217e-03,4.651739e-02,5.367418e-03,8.081544e-03,1.138201e-03,1.400717e-03,5.764954e-01,1.718676e-01
2.182754e-02,1.539410e-02,3.166237e-02,5.565416e-02,4.381270e-03,1.924268e-03,1.701626e-04,1.675618e-03,3.296129e-02,4.526884e-03,5.986315e-03,8.156263e-04,9.884902e-04,6.874407e-01,1.345913e-01
1.619849e-02,1.099362e-02,2.224322e-02,3.898691e-02,3.333601e-03,1.577600e-03,1.931019e-04,1.184033e-03,2.626733e-02,5.742016e-03,8.709112e-03,6.194746e-04,7.677604e-04,7.208230e-01,1.423607e-01
1.170474e-02,8.056189e-03,1.569027e-02,2.730392e-02,2.453631e-03,1.359988e-03,1.666747e-04,8.305034e-04,1.933863e-02,8.172447e-03,1.122089e-02,5.552041e-04,6.209385e-04,7.662797e-01,1.262464e-01
8.479973e-03,5.722033e-03,1.100475e-02,1.911582e-02,1.784771e-03,1.015861e-03,1.394961e-04,5.829500e-04,1.498118e-02,1.783741e-02,9.456442e-03,4.141829e-04,4.574876e-04,7.945122e-01,1.144955e-01
6.647059e-03,4.035210e-03,7.727657e-03,1.339060e-02,1.356897e-03,7.805988e-04,1.284318e-04,4.110477e-04,1.625677e-02,4.078208e-02,1.110545e-02,3.321763e-04,3.828951e-04,7.921138e-01,1.045493e-01
5.973089e-03,2.842808e-03,5.454372e-03,9.377156e-03,1.019561e-03,6.490868e-04,1.552856e-04,2.927575e-04,1.604648e-02,8.062591e-02,1.244950e-02,3.118018e-04,3.919181e-04,7.830417e-01,8.136852e-02
5.105897e-03,2.000623e-03,3.840894e-03,6.574359e-03,8.166583e-04,5.512428e-04,1.617070e-04,2.110050e-04,1.735277e-02,1.541543e-01,2.021101e-02,2.993466e-04,3.861500e-04,7.210319e-01,6.730216e-02
4.039137e-03,1.412430e-03,2.730330e-03,4.611077e-03,6.833564e-04,4.558644e-04,1.819239e-04,1.587189e-04,1.532519e-02,2.643005e-01,3.175010e-02,4.213362e-04,3.923950e-04,6.233996e-01,5.013805e-02
4.555981e-03,1.054513e-03,1.939044e-03,3.394819e-03,1.048204e-03,5.629780e-04,3.434456e-04,1.811813e-04,1.417641e-02,2.466971e-01,5.683082e-02,7.895750e-04,6.568433e-04,6.247839e-01,4.298522e-02
4.152266e-03,7.682592e-04,1.371112e-03,2.558895e-03,9.334694e-04,5.629372e-04,4.270975e-04,1.630555e-04,1.112182e-02,2.098047e-01,8.942802e-02,9.400963e-04,7.843730e-04,6.430645e-01,3.391933e-02
7.402787e-03,5.729981e-04,1.022831e-03,2.220989e-03,1.136731e-03,1.114423e-03,4.589743e-04,2.150734e-04,8.942830e-03,1.585683e-01,1.059544e-01,1.485896e-03,1.522327e-03,6.793302e-01,3.005125e-02
1.119085e-02,4.599483e-04,7.760613e-04,1.775146e-03,1.508260e-03,1.461961e-03,5.334154e-04,2.298352e-04,6.930336e-03,1.163186e-01,1.527853e-01,1.962119e-03,2.084405e-03,6.738910e-01,2.809282e-02
3.167850e-02,5.383728e-04,6.836562e-04,1.923440e-03,1.955990e-03,1.693634e-03,7.205813e-04,3.871669e-04,7.925316e-03,9.945327e-02,1.682490e-01,2.881119e-03,2.854383e-03,6.551201e-01,2.393545e-02
4.153179e-02,7.565893e-04,8.363239e-04,2.432986e-03,2.193196e-03,1.821322e-03,5.682991e-04,6.690059e-04,1.439871e-02,8.153006e-02,1.742672e-01,3.169236e-03,3.420145e-03,6.536714e-01,1.873367e-02
4.664826e-02,1.083598e-03,1.021225e-03,3.738071e-03,2.685333e-03,2.210379e-03,5.389559e-04,7.213103e-04,1.652851e-02,7.564417e-02,1.827440e-01,5.178541e-03,4.237181e-03,6.409620e-01,1.605846e-02
4.658131e-02,2.175452e-03,1.648471e-03,4.696736e-03,3.335679e-03,2.385329e-03,4.790242e-04,7.188373e-04,3.709041e-02,7.618342e-02,2.137614e-01,8.536651e-03,4.060852e-03,5.858829e-01,1.246355e-02
3.972908e-02,3.499628e-03,1.616464e-03,4.557391e-03,3.443857e-03,3.063839e-03,4.626889e-04,6.820319e-04,4.701953e-02,7.664909e-02,2.049741e-01,1.314954e-02,3.774349e-03,5.877255e-01,9.652848e-03
4.954658e-02,5.413904e-03,2.936030e-03,7.072111e-03,4.224989e-03,3.671064e-03,5.127431e-04,8.347045e-04,4.409347e-02,5.807219e-02,3.018256e-01,1.546029e-02,3.752435e-03,4.922161e-01,1.036777e-02
5.102883e-02,5.304394e-03,2.661793e-03,6.122925e-03,3.484379e-03,4.630177e-03,5.771684e-04,8.500012e-04,3.218288e-02,4.105551e-02,4.626063e-01,1.620289e-02,3.530125e-03,3.608165e-01,8.946148e-03
4.800223e-02,5.455444e-03,2.504609e-03,5.408913e-03,3.159821e-03,4.620222e-03,4.498385e-04,7.524672e-04,2.713970e-02,3.062969e-02,5.197024e-01,3.230108e-02,3.430722e-03,3.086657e-01,7.777173e-03
4.745270e-02,5.242797e-03,2.364438e-03,4.671650e-03,2.908325e-03,4.509240e-03,5.145868e-04,8.428674e-04,2.114577e-02,2.312954e-02,5.743942e-01,4.381317e-02,3.037878e-03,2.592748e-01,6.698021e-03
4.152500e-02,4.747165e-03,2.033102e-03,3.618320e-03,2.649985e-03,3.735438e-03,5.108611e-04,7.587855e-04,1.594296e-02,1.750266e-02,6.162354e-01,4.990075e-02,2.477943e-03,2.330190e-01,5.342640e-03
3.851894e-02,7.550392e-03,1.992111e-03,2.801301e-03,4.950010e-03,3.757219e-03,5.173874e-04,8.686894e-04,1.327184e-02,1.418802e-02,6.095192e-01,7.747880e-02,1.968435e-03,2.181734e-01,4.444127e-03
3.138779e-02,6.350742e-03,2.513743e-03,2.264987e-03,5.147025e-03,3.249029e-03,4.630212e-04,1.551925e-03,1.024927e-02,1.140143e-02,6.395174e-01,8.499444e-02,2.039492e-03,1.954639e-01,3.405784e-03
4.964836e-02,1.027074e-02,3.535286e-03,3.418902e-03,6.682795e-03,4.251949e-03,5.008036e-04,2.751640e-03,1.038421e-02,9.792634e-03,6.036050e-01,1.226539e-01,2.317673e-03,1.660700e-01,4.116102e-03
3.815497e-02,2.119430e-02,3.702858e-03,2.674334e-03,9.588723e-03,3.675421e-03,4.031155e-04,2.653397e-03,9.286337e-03,7.831656e-03,5.644842e-01,2.039880e-01,1.862752e-03,1.273620e-01,3.137870e-03
2.866568e-02,1.800492e-02,3.849036e-03,2.135200e-03,1.309274e-02,2.946903e-03,3.414241e-04,2.762969e-03,8.236970e-03,6.626640e-03,6.041419e-01,1.985216e-01,1.770584e-03,1.064910e-01,2.412294e-03
2.977368e-02,1.713111e-02,8.762187e-03,2.219981e-03,2.413692e-02,7.487397e-03,9.957426e-04,5.741220e-03,7.585213e-03,5.623368e-03,6.163576e-01,1.859763e-01,2.102219e-03,8.338141e-02,2.725641e-03
2.663294e-02,1.480050e-02,9.237111e-03,2.096496e-03,3.552701e-02,1.169811e-02,1.787515e-03,8.813362e-03,6.543849e-03,4.650496e-03,6.474457e-01,1.600836e-01,2.026314e-03,6.624920e-02,2.407749e-03
2.351008e-02,1.100922e-02,2.064979e-02,4.017913e-03,2.753143e-02,2.093237e-02,3.384813e-03,4.550910e-02,5.326303e-03,4.263685e-03,5.947021e-01,1.780219e-01,1.569398e-03,5.770746e-02,1.864533e-03
2.132357e-02,8.671442e-03,1.610259e-02,4.096108e-03,2.236971e-02,1.704268e-02,2.628447e-03,3.779114e-02,1.067935e-02,4.126750e-03,6.571329e-01,1.386343e-01,1.244390e-03,5.647619e-02,1.680523e-03
1.774322e-02,1.059151e-02,1.252193e-02,4.290249e-03,2.111017e-02,1.249409e-02,1.896929e-03,2.947060e-02,6.029841e-02,4.508290e-03,6.667328e-01,1.010592e-01,9.614087e-04,5.410992e-02,2.211181e-03
1.550123e-02,5.045962e-02,1.302429e-02,4.169054e-03,2.502389e-02,1.615840e-02,2.121528e-03,7.541601e-02,1.503167e-01,5.212073e-03,5.186904e-01,7.551250e-02,1.423857e-03,4.287786e-02,4.092614e-03
2.409486e-02,4.262931e-02,2.244720e-02,1.268098e-02,2.596390e-02,1.523859e-02,1.600997e-03,7.492223e-02,3.125220e-01,5.017595e-03,3.689992e-01,5.324040e-02,1.207512e-03,3.255131e-02,6.883937e-03
2.957487e-02,3.865666e-02,1.864308e-02,1.435011e-02,2.381241e-02,2.166587e-02,1.150279e-03,5.821404e-02,4.420427e-01,4.674838e-03,2.696898e-01,3.767154e-02,1.074299e-03,2.915668e-02,9.622828e-03
2.439345e-02,5.560103e-02,1.886350e-02,7.671843e-02,2.729442e-02,1.700231e-02,8.149115e-04,4.262558e-02,4.859812e-01,3.690282e-03,1.899375e-01,2.697241e-02,1.069747e-03,2.057299e-02,8.462254e-03
2.908671e-02,8.507534e-02,2.681310e-02,5.788029e-02,3.291860e-02,3.274355e-02,5.940126e-04,4.337794e-02,5.074815e-01,3.001951e-03,1.379318e-01,1.932551e-02,8.973735e-04,1.635392e-02,6.518422e-03
2.932945e-02,7.938398e-02,2.438687e-02,7.643399e-02,4.484046e-02,3.393891e-02,5.049966e-04,7.258415e-02,5.049154e-01,2.435656e-03,9.861358e-02,1.417775e-02,1.021751e-03,1.185674e-02,5.576361e-03
3.626937e-02,6.375274e-02,2.630952e-02,6.116973e-02,4.914716e-02,3.148407e-02,3.916793e-04,1.612744e-01,4.701055e-01,1.961773e-03,7.101651e-02,1.034509e-02,1.058347e-03,9.839499e-03,5.874665e-03
4.669367e-02,4.874103e-02,3.065305e-02,8.079550e-02,5.897605e-02,2.689013e-02,3.744217e-04,2.616655e-01,3.719184e-01,1.518494e-03,5.099195e-02,7.468258e-03,9.027494e-04,8.042565e-03,4.368247e-03
6.111075e-02,4.348243e-02,2.673906e-02,6.984043e-02,9.158354e-02,2.777394e-02,3.983877e-04,3.129908e-01,3.112589e-01,1.243825e-03,3.625602e-02,5.512053e-03,8.486806e-04,7.469021e-03,3.492203e-03
6.526981e-02,3.312990e-02,2.019606e-02,5.489539e-02,1.061415e-01,2.598397e-02,3.908421e-04,3.644146e-01,2.896456e-01,9.362929e-04,2.569518e-02,4.167610e-03,7.220104e-04,5.864649e-03,2.546597e-03
8.863308e-02,3.024733e-02,1.638825e-02,4.491857e-02,1.015892e-01,3.912611e-02,8.277940e-04,3.255033e-01,3.205857e-01,8.357178e-04,1.886759e-02,3.857936e-03,1.300463e-03,4.507093e-03,2.811992e-03
1.159890e-01,2.662495e-02,1.359860e-02,3.636284e-02,7.876585e-02,5.092009e-02,1.025484e-03,3.466083e-01,3.003910e-01,7.286987e-04,1.467882e-02,4.902070e-03,2.867657e-03,3.672269e-03,2.864463e-03
1.013685e-01,1.908291e-02,1.219408e-02,3.095696e-02,5.674506e-02,4.806727e-02,1.088797e-03,4.812241e-01,2.266680e-01,5.263540e-04,1.078811e-02,4.057652e-03,2.430536e-03,2.686973e-03,2.114756e-03
1.050423e-01,1.494585e-02,1.739005e-02,3.235570e-02,4.422605e-02,4.059169e-02,1.212057e-03,5.332168e-01,1.920561e-01,4.718821e-04,8.366970e-03,3.933697e-03,2.114738e-03,2.094337e-03,1.981683e-03
1.174801e-01,1.181432e-02,1.433133e-02,2.525419e-02,3.157198e-02,4.055327e-02,1.118687e-03,5.852418e-01,1.543338e-01,5.443952e-04,6.839727e-03,4.346638e-03,2.040808e-03,1.805438e-03,2.723492e-03
1.370994e-01,1.313788e-02,1.148413e-02,1.918754e-02,2.354915e-02,3.246432e-02,1.234073e-03,5.831869e-01,1.608960e-01,5.217341e-04,5.862502e-03,4.465246e-03,2.374380e-03,1.588546e-03,2.948252e-03
1.821994e-01,1.087249e-02,9.056451e-03,1.413012e-02,1.763950e-02,2.433666e-02,1.268208e-03,5.944254e-01,1.302590e-01,4.149739e-04,4.706994e-03,4.211433e-03,2.201505e-03,1.490704e-03,2.787123e-03
2.093651e-01,9.344064e-03,7.588801e-03,1.077054e-02,1.405214e-02,1.799859e-02,1.224102e-03,6.112813e-01,1.051294e-01,3.270750e-04,3.765732e-03,3.484202e-03,1.863541e-03,1.339320e-03,2.466027e-03
2.776340e-01,7.869408e-03,9.210644e-03,1.083293e-02,1.241072e-02,1.594169e-02,1.646802e-03,5.627308e-01,8.346349e-02,3.802403e-04,3.616661e-03,7.293418e-03,2.582929e-03,1.768364e-03,2.617963e-03
3.531253e-01,6.588221e-03,7.522665e-03,8.936436e-03,1.154514e-02,1.448181e-02,1.840864e-03,5.073962e-01,6.777652e-02,3.978274e-04,3.375612e-03,9.363809e-03,2.938598e-03,1.844737e-03,2.866294e-03
3.938434e-01,5.541276e-03,7.151731e-03,9.578634e-03,1.086223e-02,1.232344e-02,1.665713e-03,4.869890e-01,5.011372e-02,4.420563e-04,3.391083e-03,9.502619e-03,3.167202e-03,2.201698e-03,3.226257e-03
4.274308e-01,4.399789e-03,7.024624e-03,1.311143e-02,1.066315e-02,1.009427e-02,1.664010e-03,4.692461e-01,3.633095e-02,5.037998e-04,3.031465e-03,8.294094e-03,2.864631e-03,2.146770e-03,3.194118e-03
4.898825e-01,3.563719e-03,6.309125e-03,1.223803e-02,9.052844e-03,7.902471e-03,1.555223e-03,4.226033e-01,2.726806e-02,5.781889e-04,2.897753e-03,8.195551e-03,2.720955e-03,2.028808e-03,3.203486e-03
1.000000e+00,0.000000e+00,0.000000e+00,0.000000e+00,0.000000e+00,0.000000e+00,0.000000e+00,0.000000e+00,0.000000e+00,0.000000e+00,0.000000e+00,0.000000e+00,0.000000e+00,0.000000e+00,0.000000e+00
1.000000e+00,0.000000e+00,0.000000e+00,0.000000e+00,0.000000e+00,0.000000e+00,0.000000e+00,0.000000e+00,0.000000e+00,0.000000e+00,0.000000e+00,0.000000e+00,0.000000e+00,0.000000e+00,0.000000e+00
1.000000e+00,0.000000e+00,0.000000e+00,0.000000e+00,0.000000e+00,0.000000e+00,0.000000e+00,0.000000e+00,0.000000e+00,0.000000e+00,0.000000e+00,0.000000e+00,0.000000e+00,0.000000e+00,0.000000e+00
1.000000e+00,0.000000e+00,0.000000e+00,0.000000e+00,0.000000e+00,0.000000e+00,0.000000e+00,0.000000e+00,0.000000e+00,0.000000e+00,0.000000e+00,0.000000e+00,0.000000e+00,0.000000e+00,0.000000e+00
4.602771e-01,2.545081e-02,1.120268e-02,9.786505e-02,1.035363e-02,7.811754e-03,1.945556e-03,1.559028e-01,6.116112e-02,1.267915e-02,1.340253e-02,2.691867e-02,1.378259e-02,5.753331e-03,9.549323e-02
3.629250e-01,3.017828e-02,1.729596e-02,1.259440e-01,8.342365e-03,6.448781e-03,1.522861e-03,1.103518e-01,9.662117e-02,2.130836e-02,1.446093e-02,3.276986e-02,1.261092e-02,7.668660e-03,1.515511e-01
2.624253e-01,2.277786e-02,1.372469e-02,9.015895e-02,6.148162e-03,4.721636e-03,1.124454e-03,7.761354e-02,2.089912e-01,3.487172e-02,1.075386e-02,2.324891e-02,9.165662e-03,6.933545e-03,2.273405e-01
2.669365e-01,1.878958e-02,1.073542e-02,6.511547e-02,4.630299e-03,5.869844e-03,9.209185e-04,5.560541e-02,2.344536e-01,4.865736e-02,9.127226e-03,1.699304e-02,8.050514e-03,2.543503e-02,2.286798e-01
2.875293e-01,1.524305e-02,8.553941e-03,4.690709e-02,4.098790e-03,7.245720e-03,7.922300e-04,3.998560e-02,2.515413e-01,8.745290e-02,8.740474e-03,1.252308e-02,7.846415e-03,3.329688e-02,1.882433e-01
2.747329e-01,1.443475e-02,7.483304e-03,5.552912e-02,4.393749e-03,9.147029e-03,7.956245e-04,2.913274e-02,3.104463e-01,7.054149e-02,8.461181e-03,1.287516e-02,7.922508e-03,2.814165e-02,1.659625e-01
3.669581e-01,2.080850e-02,8.413339e-03,5.345231e-02,4.816665e-03,1.014334e-02,1.095544e-03,2.193252e-02,2.412851e-01,5.158231e-02,1.158681e-02,1.746605e-02,1.031734e-02,3.332412e-02,1.468179e-01
2.823485e-01,3.122665e-02,9.652214e-03,4.044130e-02,3.675876e-03,8.814292e-03,1.017725e-03,1.631745e-02,2.444855e-01,7.789606e-02,9.510958e-03,1.316291e-02,8.817978e-03,3.297795e-02,2.196547e-01
2.311493e-01,2.485537e-02,8.829418e-03,2.854402e-02,2.904220e-03,7.173931e-03,8.988012e-04,1.183298e-02,1.777740e-01,8.063888e-02,8.660113e-03,9.480249e-03,6.653751e-03,2.059853e-01,1.946197e-01
2.720402e-01,2.694278e-02,8.022663e-03,2.671673e-02,2.603864e-03,1.059885e-02,9.527389e-04,9.752771e-03,1.365071e-01,7.145140e-02,1.501906e-02,7.843382e-03,6.733344e-03,1.966457e-01,2.081693e-01
2.506645e-01,2.191976e-02,6.108655e-03,2.027471e-02,2.083342e-03,9.507193e-03,9.920397e-04,7.341156e-03,1.032008e-01,5.564392e-02,1.428865e-02,6.506015e-03,6.080966e-03,2.081555e-01,2.872328e-01
2.028099e-01,2.003041e-02,4.435587e-03,1.528474e-02,1.684519e-03,7.389404e-03,8.122975e-04,5.305116e-03,1.063729e-01,4.611214e-02,1.255892e-02,4.811127e-03,5.851081e-03,3.081843e-01,2.583576e-01
1.653606e-01,2.675076e-02,3.422751e-03,1.307947e-02,1.388772e-03,6.475195e-03,7.963437e-04,3.976552e-03,1.575166e-01,4.271251e-02,1.400036e-02,3.756157e-03,5.540660e-03,2.966941e-01,2.585291e-01
1.511523e-01,2.310081e-02,2.908029e-03,1.028590e-02,1.230084e-03,5.095345e-03,6.186735e-04,2.972548e-03,1.580795e-01,5.035719e-02,1.128931e-02,2.862243e-03,4.684628e-03,2.339947e-01,3.413688e-01
1.260455e-01,3.019205e-02,3.437460e-03,9.307575e-03,2.056963e-03,4.008564e-03,4.966382e-04,2.786815e-03,2.141981e-01,5.126017e-02,9.153643e-03,2.293669e-03,4.508733e-03,1.855860e-01,3.546681e-01
9.997389e-02,3.213865e-02,3.152423e-03,6.817264e-03,1.813001e-03,3.108395e-03,3.651422e-04,2.098355e-03,1.914015e-01,8.032884e-02,7.178187e-03,1.693816e-03,3.738369e-03,1.612188e-01,4.049734e-01
7.831690e-02,6.020428e-02,6.120864e-03,6.317896e-03,3.160003e-03,2.828123e-03,3.077172e-04,2.825359e-03,2.385867e-01,6.213219e-02,5.938715e-03,1.385916e-03,3.240422e-03,1.185791e-01,4.100558e-01
5.660839e-02,6.556153e-02,8.069245e-03,4.826751e-03,2.597242e-03,2.334676e-03,2.387050e-04,2.184993e-03,2.513518e-01,7.684891e-02,4.602514e-03,1.103509e-03,2.589122e-03,1.041059e-01,4.169766e-01
