1.000000e+00,0.000000e+00,0.000000e+00,0.000000e+00,0.000000e+00,0.000000e+00,0.000000e+00,0.000000e+00,0.000000e+00,0.000000e+00,0.000000e+00,0.000000e+00,0.000000e+00,0.000000e+00,0.000000e+00
1.000000e+00,0.000000e+00,0.000000e+00,0.000000e+00,0.000000e+00,0.000000e+00,0.000000e+00,0.000000e+00,0.000000e+00,0.000000e+00,0.000000e+00,0.000000e+00,0.000000e+00,0.000000e+00,0.000000e+00
1.000000e+00,0.000000e+00,0.000000e+00,0.000000e+00,0.000000e+00,0.000000e+00,0.000000e+00,0.000000e+00,0.000000e+00,0.000000e+00,0.000000e+00,0.000000e+00,0.000000e+00,0.000000e+00,0.000000e+00
1.000000e+00,0.000000e+00,0.000000e+00,0.000000e+00,0.000000e+00,0.000000e+00,0.000000e+00,0.000000e+00,0.000000e+00,0.000000e+00,0.000000e+00,0.000000e+00,0.000000e+00,0.000000e+00,0.000000e+00
1.000000e+00,0.000000e+00,0.000000e+00,0.000000e+00,0.000000e+00,0.000000e+00,0.000000e+00,0.000000e+00,0.000000e+00,0.000000e+00,0.000000e+00,0.000000e+00,0.000000e+00,0.000000e+00,0.000000e+00
1.000000e+00,0.000000e+00,0.000000e+00,0.000000e+00,0.000000e+00,0.000000e+00,0.000000e+00,0.000000e+00,0.000000e+00,0.000000e+00,0.000000e+00,0.000000e+00,0.000000e+00,0.000000e+00,0.000000e+00
1.000000e+00,0.000000e+00,0.000000e+00,0.000000e+00,0.000000e+00,0.000000e+00,0.000000e+00,0.000000e+00,0.000000e+00,0.000000e+00,0.000000e+00,0.000000e+00,0.000000e+00,0.000000e+00,0.000000e+00
1.000000e+00,0.000000e+00,0.000000e+00,0.000000e+00,0.000000e+00,0.000000e+00,0.000000e+00,0.000000e+00,0.000000e+00,0.000000e+00,0.000000e+00,0.000000e+00,0.000000e+00,0.000000e+00,0.000000e+00
1.000000e+00,0.000000e+00,0.000000e+00,0.000000e+00,0.000000e+00,0.000000e+00,0.000000e+00,0.000000e+00,0.000000e+00,0.000000e+00,0.000000e+00,0.000000e+00,0.000000e+00,0.000000e+00,0.000000e+00
1.000000e+00,0.000000e+00,0.000000e+00,0.000000e+00,0.000000e+00,0.000000e+00,0.000000e+00,0.000000e+00,0.000000e+00,0.000000e+00,0.000000e+00,0.000000e+00,0.000000e+00,0.000000e+00,0.000000e+00
1.000000e+00,0.000000e+00,0.000000e+00,0.000000e+00,0.000000e+00,0.000000e+00,0.000000e+00,0.000000e+00,0.000000e+00,0.000000e+00,0.000000e+00,0.000000e+00,0.000000e+00,0.000000e+00,0.000000e+00
1.000000e+00,0.000000e+00,0.000000e+00,0.000000e+00,0.000000e+00,0.000000e+00,0.000000e+00,0.000000e+00,0.000000e+00,0.000000e+00,0.000000e+00,0.000000e+00,0.000000e+00,0.000000e+00,0.000000e+00
1.000000e+00,0.000000e+00,0.000000e+00,0.000000e+00,0.000000e+00,0.000000e+00,0.000000e+00,0.000000e+00,0.000000e+00,0.000000e+00,0.000000e+00,0.000000e+00,0.000000e+00,0.000000e+00,0.000000e+00
1.000000e+00,0.000000e+00,0.000000e+00,0.000000e+00,0.000000e+00,0.000000e+00,0.000000e+00,0.000000e+00,0.000000e+00,0.000000e+00,0.000000e+00,0.000000e+00,0.000000e+00,0.000000e+00,0.000000e+00
1.000000e+00,0.000000e+00,0.000000e+00,0.000000e+00,0.000000e+00,0.000000e+00,0.000000e+00,0.000000e+00,0.000000e+00,0.000000e+00,0.000000e+00,0.000000e+00,0.000000e+00,0.000000e+00,0.000000e+00
1.000000e+00,0.000000e+00,0.000000e+00,0.000000e+00,0.000000e+00,0.000000e+00,0.000000e+00,0.000000e+00,0.000000e+00,0.000000e+00,0.000000e+00,0.000000e+00,0.000000e+00,0.000000e+00,0.000000e+00
1.000000e+00,0.000000e+00,0.000000e+00,0.000000e+00,0.000000e+00,0.000000e+00,0.000000e+00,0.000000e+00,0.000000e+00,0.000000e+00,0.000000e+00,0.000000e+00,0.000000e+00,0.000000e+00,0.000000e+00
1.000000e+00,0.000000e+00,0.000000e+00,0.000000e+00,0.000000e+00,0.000000e+00,0.000000e+00,0.000000e+00,0.000000e+00,0.000000e+00,0.000000e+00,0.000000e+00,0.000000e+00,0.000000e+00,0.000000e+00
1.000000e+00,0.000000e+00,0.000000e+00,0.000000e+00,0.000000e+00,0.000000e+00,0.000000e+00,0.000000e+00,0.000000e+00,0.000000e+00,0.000000e+00,0.000000e+00,0.000000e+00,0.000000e+00,0.000000e+00
1.000000e+00,0.000000e+00,0.000000e+00,0.000000e+00,0.000000e+00,0.000000e+00,0.000000e+00,0.000000e+00,0.000000e+00,0.000000e+00,0.000000e+00,0.000000e+00,0.000000e+00,0.000000e+00,0.000000e+00
1.000000e+00,0.000000e+00,0.000000e+00,0.000000e+00,0.000000e+00,0.000000e+00,0.000000e+00,0.000000e+00,0.000000e+00,0.000000e+00,0.000000e+00,0.000000e+00,0.000000e+00,0.000000e+00,0.000000e+00
1.000000e+00,0.000000e+00,0.000000e+00,0.000000e+00,0.000000e+00,0.000000e+00,0.000000e+00,0.000000e+00,0.000000e+00,0.000000e+00,0.000000e+00,0.000000e+00,0.000000e+00,0.000000e+00,0.000000e+00
1.000000e+00,0.000000e+00,0.000000e+00,0.000000e+00,0.000000e+00,0.000000e+00,0.000000e+00,0.000000e+00,0.000000e+00,0.000000e+00,0.000000e+00,0.000000e+00,0.000000e+00,0.000000e+00,0.000000e+00
1.000000e+00,0.000000e+00,0.000000e+00,0.000000e+00,0.000000e+00,0.000000e+00,0.000000e+00,0.000000e+00,0.000000e+00,0.000000e+00,0.000000e+00,0.000000e+00,0.000000e+00,0.000000e+00,0.000000e+00
1.000000e+00,0.000000e+00,0.000000e+00,0.000000e+00,0.000000e+00,0.000000e+00,0.000000e+00,0.000000e+00,0.000000e+00,0.000000e+00,0.000000e+00,0.000000e+00,0.000000e+00,0.000000e+00,0.000000e+00
1.000000e+00,0.000000e+00,0.000000e+00,0.000000e+00,0.000000e+00,0.000000e+00,0.000000e+00,0.000000e+00,0.000000e+00,0.000000e+00,0.000000e+00,0.000000e+00,0.000000e+00,0.000000e+00,0.000000e+00
1.000000e+00,0.000000e+00,0.000000e+00,0.000000e+00,0.000000e+00,0.000000e+00,0.000000e+00,0.000000e+00,0.000000e+00,0.000000e+00,0.000000e+00,0.000000e+00,0.000000e+00,0.000000e+00,0.000000e+00
1.000000e+00,0.000000e+00,0.000000e+00,0.000000e+00,0.000000e+00,0.000000e+00,0.000000e+00,0.000000e+00,0.000000e+00,0.000000e+00,0.000000e+00,0.000000e+00,0.000000e+00,0.000000e+00,0.000000e+00
1.000000e+00,0.000000e+00,0.000000e+00,0.000000e+00,0.000000e+00,0.000000e+00,0.000000e+00,0.000000e+00,0.000000e+00,0.000000e+00,0.000000e+00,0.000000e+00,0.000000e+00,0.000000e+00,0.000000e+00
1.000000e+00,0.000000e+00,0.000000e+00,0.000000e+00,0.000000e+00,0.000000e+00,0.000000e+00,0.000000e+00,0.000000e+00,0.000000e+00,0.000000e+00,0.000000e+00,0.000000e+00,0.000000e+00,0.000000e+00
1.000000e+00,0.000000e+00,0.000000e+00,0.000000e+00,0.000000e+00,0.000000e+00,0.000000e+00,0.000000e+00,0.000000e+00,0.000000e+00,0.000000e+00,0.000000e+00,0.000000e+00,0.000000e+00,0.000000e+00
1.000000e+00,0.000000e+00,0.000000e+00,0.000000e+00,0.000000e+00,0.000000e+00,0.000000e+00,0.000000e+00,0.000000e+00,0.000000e+00,0.000000e+00,0.000000e+00,0.000000e+00,0.000000e+00,0.000000e+00
1.000000e+00,0.000000e+00,0.000000e+00,0.000000e+00,0.000000e+00,0.000000e+00,0.000000e+00,0.000000e+00,0.000000e+00,0.000000e+00,0.000000e+00,0.000000e+00,0.000000e+00,0.000000e+00,0.000000e+00
1.000000e+00,0.000000e+00,0.000000e+00,0.000000e+00,0.000000e+00,0.000000e+00,0.000000e+00,0.000000e+00,0.000000e+00,0.000000e+00,0.000000e+00,0.000000e+00,0.000000e+00,0.000000e+00,0.000000e+00
1.000000e+00,0.000000e+00,0.000000e+00,0.000000e+00,0.000000e+00,0.000000e+00,0.000000e+00,0.000000e+00,0.000000e+00,0.000000e+00,0.000000e+00,0.000000e+00,0.000000e+00,0.000000e+00,0.000000e+00
1.000000e+00,0.000000e+00,0.000000e+00,0.000000e+00,0.000000e+00,0.000000e+00,0.000000e+00,0.000000e+00,0.000000e+00,0.000000e+00,0.000000e+00,0.000000e+00,0.000000e+00,0.000000e+00,0.000000e+00
1.000000e+00,0.000000e+00,0.000000e+00,0.000000e+00,0.000000e+00,0.000000e+00,0.000000e+00,0.000000e+00,0.000000e+00,0.000000e+00,0.000000e+00,0.000000e+00,0.000000e+00,0.000000e+00,0.000000e+00
1.000000e+00,0.000000e+00,0.000000e+00,0.000000e+00,0.000000e+00,0.000000e+00,0.000000e+00,0.000000e+00,0.000000e+00,0.000000e+00,0.000000e+00,0.000000e+00,0.000000e+00,0.000000e+00,0.000000e+00
1.000000e+00,0.000000e+00,0.000000e+00,0.000000e+00,0.000000e+00,0.000000e+00,0.000000e+00,0.000000e+00,0.000000e+00,0.000000e+00,0.000000e+00,0.000000e+00,0.000000e+00,0.000000e+00,0.000000e+00
1.000000e+00,0.000000e+00,0.000000e+00,0.000000e+00,0.000000e+00,0.000000e+00,0.000000e+00,0.000000e+00,0.000000e+00,0.000000e+00,0.000000e+00,0.000000e+00,0.000000e+00,0.000000e+00,0.000000e+00
4.574120e-01,3.150506e-02,3.925327e-02,1.857032e-01,1.809421e-02,2.520280e-02,8.316260e-03,4.466273e-02,2.121347e-02,3.074349e-03,2.221232e-02,8.454596e-02,2.843431e-02,4.397387e-03,2.597265e-02
3.762137e-01,3.996199e-02,5.300419e-02,2.229239e-01,1.990220e-02,2.536074e-02,8.014484e-03,4.356856e-02,2.315887e-02,3.796953e-03,2.395116e-02,9.253344e-02,2.974995e-02,4.233759e-03,3.362612e-02
3.834621e-01,4.665513e-02,4.571299e-02,2.085689e-01,2.130178e-02,2.812037e-02,8.024697e-03,3.576108e-02,2.388526e-02,4.596609e-03,2.721629e-02,8.809010e-02,3.277119e-02,5.590792e-03,4.024271e-02
4.003356e-01,4.979546e-02,3.806401e-02,1.880582e-01,2.055943e-02,3.298751e-02,7.835393e-03,2.923831e-02,2.389201e-02,5.331555e-03,2.808258e-02,8.207568e-02,3.675291e-02,6.643397e-03,5.034798e-02
3.516479e-01,4.763604e-02,5.434785e-02,2.169647e-01,2.039601e-02,2.957260e-02,6.971402e-03,3.208022e-02,2.301447e-02,5.563078e-03,2.935093e-02,8.772746e-02,3.779647e-02,6.029018e-03,5.090193e-02
3.842233e-01,4.763783e-02,5.361365e-02,2.022938e-01,2.094617e-02,2.645538e-02,6.906439e-03,2.947824e-02,2.193673e-02,4.950050e-03,3.083131e-02,8.046094e-02,3.766148e-02,5.826912e-03,4.677773e-02
4.891499e-01,4.011422e-02,4.082399e-02,1.632536e-01,1.852477e-02,2.400266e-02,6.364347e-03,2.313284e-02,1.883028e-02,4.054170e-03,2.662588e-02,6.651024e-02,3.438292e-02,4.908596e-03,3.932162e-02
1.000000e+00,0.000000e+00,0.000000e+00,0.000000e+00,0.000000e+00,0.000000e+00,0.000000e+00,0.000000e+00,0.000000e+00,0.000000e+00,0.000000e+00,0.000000e+00,0.000000e+00,0.000000e+00,0.000000e+00
1.000000e+00,0.000000e+00,0.000000e+00,0.000000e+00,0.000000e+00,0.000000e+00,0.000000e+00,0.000000e+00,0.000000e+00,0.000000e+00,0.000000e+00,0.000000e+00,0.000000e+00,0.000000e+00,0.000000e+00
1.000000e+00,0.000000e+00,0.000000e+00,0.000000e+00,0.000000e+00,0.000000e+00,0.000000e+00,0.000000e+00,0.000000e+00,0.000000e+00,0.000000e+00,0.000000e+00,0.000000e+00,0.000000e+00,0.000000e+00
1.000000e+00,0.000000e+00,0.000000e+00,0.000000e+00,0.000000e+00,0.000000e+00,0.000000e+00,0.000000e+00,0.000000e+00,0.000000e+00,0.000000e+00,0.000000e+00,0.000000e+00,0.000000e+00,0.000000e+00
1.000000e+00,0.000000e+00,0.000000e+00,0.000000e+00,0.000000e+00,0.000000e+00,0.000000e+00,0.000000e+00,0.000000e+00,0.000000e+00,0.000000e+00,0.000000e+00,0.000000e+00,0.000000e+00,0.000000e+00
1.000000e+00,0.000000e+00,0.000000e+00,0.000000e+00,0.000000e+00,0.000000e+00,0.000000e+00,0.000000e+00,0.000000e+00,0.000000e+00,0.000000e+00,0.000000e+00,0.000000e+00,0.000000e+00,0.000000e+00
1.000000e+00,0.000000e+00,0.000000e+00,0.000000e+00,0.000000e+00,0.000000e+00,0.000000e+00,0.000000e+00,0.000000e+00,0.000000e+00,0.000000e+00,0.000000e+00,0.000000e+00,0.000000e+00,0.000000e+00
1.000000e+00,0.000000e+00,0.000000e+00,0.000000e+00,0.000000e+00,0.000000e+00,0.000000e+00,0.000000e+00,0.000000e+00,0.000000e+00,0.000000e+00,0.000000e+00,0.000000e+00,0.000000e+00,0.000000e+00
1.000000e+00,0.000000e+00,0.000000e+00,0.000000e+00,0.000000e+00,0.000000e+00,0.000000e+00,0.000000e+00,0.000000e+00,0.000000e+00,0.000000e+00,0.000000e+00,0.000000e+00,0.000000e+00,0.000000e+00
1.000000e+00,0.000000e+00,0.000000e+00,0.000000e+00,0.000000e+00,0.000000e+00,0.000000e+00,0.000000e+00,0.000000e+00,0.000000e+00,0.000000e+00,0.000000e+00,0.000000e+00,0.000000e+00,0.000000e+00
1.000000e+00,0.000000e+00,0.000000e+00,0.000000e+00,0.000000e+00,0.000000e+00,0.000000e+00,0.000000e+00,0.000000e+00,0.000000e+00,0.000000e+00,0.000000e+00,0.000000e+00,0.000000e+00,0.000000e+00
4.663474e-01,1.196426e-02,2.421098e-02,4.983249e-02,8.495214e-03,1.359952e-02,3.674978e-03,3.572904e-01,5.570786e-03,1.353831e-03,1.045340e-02,1.733645e-02,1.453354e-02,3.160569e-03,1.217622e-02
3.287608e-01,8.504212e-03,1.762767e-02,3.521305e-02,6.261009e-03,1.038270e-02,3.043377e-03,5.442061e-01,3.937177e-03,9.670636e-04,7.523369e-03,1.228064e-02,1.029374e-02,2.322980e-03,8.676131e-03
2.411757e-01,6.042588e-03,1.255795e-02,2.490003e-02,5.108380e-03,7.859601e-03,2.555865e-03,6.659458e-01,2.909528e-03,7.064562e-04,5.787513e-03,8.969123e-03,7.522958e-03,1.729500e-03,6.228985e-03
1.833155e-01,4.356794e-03,8.974449e-03,1.777083e-02,4.601753e-03,6.008738e-03,2.120964e-03,7.456784e-01,2.359587e-03,5.476850e-04,5.206490e-03,7.035724e-03,6.116836e-03,1.342532e-03,4.563691e-03
1.423228e-01,6.608385e-03,6.553147e-03,1.441224e-02,6.414980e-03,5.052055e-03,2.153887e-03,7.550217e-01,6.659444e-03,1.381995e-03,1.155507e-02,7.712108e-03,2.551797e-02,2.701084e-03,5.933126e-03
1.025885e-01,6.363556e-03,4.702812e-03,1.183140e-02,5.555093e-03,4.558817e-03,2.780419e-03,6.001331e-01,9.870512e-03,1.530222e-03,1.554964e-02,7.521780e-03,2.131610e-01,3.123131e-03,1.072997e-02
7.326173e-02,7.957837e-02,4.396715e-03,5.300206e-02,5.152990e-03,3.731721e-03,2.064047e-03,4.278838e-01,1.007758e-01,3.016375e-03,1.593931e-02,7.311366e-03,2.043482e-01,3.649897e-03,1.588755e-02
5.153387e-02,6.953830e-02,4.545212e-03,7.862031e-02,4.950503e-03,8.081727e-03,2.406755e-03,3.013316e-01,1.092521e-01,2.359118e-03,2.136377e-02,7.343390e-03,3.116418e-01,3.266171e-03,2.376543e-02
3.622425e-02,5.177805e-02,3.407592e-03,5.965631e-02,4.029887e-03,8.983615e-03,2.259128e-03,2.114111e-01,8.600376e-02,1.708183e-03,1.672402e-02,6.564363e-03,4.867869e-01,2.361470e-03,2.210136e-02
2.646018e-02,6.575734e-02,3.288687e-03,4.853263e-02,3.313808e-03,7.719937e-03,1.835346e-03,1.481599e-01,2.801379e-01,1.329844e-03,1.234799e-02,5.549536e-03,3.772857e-01,1.760123e-03,1.652103e-02
2.259703e-02,5.114686e-02,3.353106e-03,3.700475e-02,4.093678e-03,1.160426e-02,1.708279e-03,1.048639e-01,2.689293e-01,1.066705e-03,1.553929e-02,1.578006e-02,4.412575e-01,1.969270e-03,1.908601e-02
2.585647e-02,3.723665e-02,3.303641e-03,2.777410e-02,5.756266e-03,1.098169e-02,1.961431e-03,7.512735e-02,2.082408e-01,1.299799e-03,2.468958e-02,2.926066e-02,5.183089e-01,1.942442e-03,2.826017e-02
2.831698e-02,3.249630e-02,5.177588e-03,2.022140e-02,5.514864e-03,9.452589e-03,1.621401e-03,5.409480e-02,2.033496e-01,2.016143e-03,2.354129e-02,3.022062e-02,5.464321e-01,1.904513e-03,3.563982e-02
4.568067e-02,3.857899e-02,2.361775e-02,2.520474e-02,1.014669e-02,1.064865e-02,1.443894e-03,3.898446e-02,2.720999e-01,1.289199e-02,2.061710e-02,2.786757e-02,4.212700e-01,2.209269e-03,4.873834e-02
9.931216e-02,4.477720e-02,3.038699e-02,2.399181e-02,8.133960e-03,1.367579e-02,1.319574e-03,2.875866e-02,2.385156e-01,2.852174e-02,1.794605e-02,2.688547e-02,3.323250e-01,5.679336e-03,9.977055e-02
1.170672e-01,5.362953e-02,2.569974e-02,1.980816e-02,1.010622e-02,1.866761e-02,1.642079e-03,2.154478e-02,2.871016e-01,2.303757e-02,1.750505e-02,2.408369e-02,2.654442e-01,6.133729e-03,1.085289e-01
8.892526e-02,1.400928e-01,2.040269e-02,4.254723e-02,7.955772e-03,1.605511e-02,1.189094e-03,1.529681e-02,3.397569e-01,1.695508e-02,1.553190e-02,1.873705e-02,1.912816e-01,5.102155e-03,8.017053e-02
1.504263e-01,1.233249e-01,1.566124e-02,3.399846e-02,1.040651e-02,1.514771e-02,1.300017e-03,1.171741e-02,3.486807e-01,1.689274e-02,1.940866e-02,1.885408e-02,1.399916e-01,4.857904e-03,8.933184e-02
2.314043e-01,1.124859e-01,1.226828e-02,4.431678e-02,1.087796e-02,1.620750e-02,1.340165e-03,1.100289e-02,2.965777e-01,1.317402e-02,2.523163e-02,3.362854e-02,1.067739e-01,4.967658e-03,7.974283e-02
3.499651e-01,8.747286e-02,1.010673e-02,3.814603e-02,1.178460e-02,1.444908e-02,1.605288e-03,1.057636e-02,2.313991e-01,1.269548e-02,2.681295e-02,3.427180e-02,8.471482e-02,7.152631e-03,7.884724e-02
4.508580e-01,7.115032e-02,8.261513e-03,3.195736e-02,1.410034e-02,1.324387e-02,1.771776e-03,1.147781e-02,1.881987e-01,1.004173e-02,2.390137e-02,3.012334e-02,6.440558e-02,8.958355e-03,7.154997e-02
4.982727e-01,6.068224e-02,6.863983e-03,2.599027e-02,1.381295e-02,1.344430e-02,1.598274e-03,9.449285e-03,1.554756e-01,1.079467e-02,2.026802e-02,2.442341e-02,4.938481e-02,1.045479e-02,9.908475e-02
4.582533e-01,7.079785e-02,1.584787e-02,7.005443e-02,3.160839e-02,1.472618e-02,2.420625e-03,1.878296e-02,1.280454e-01,9.980500e-03,1.991001e-02,2.164875e-02,3.866669e-02,9.606042e-03,8.965111e-02
4.017492e-01,7.115701e-02,1.699234e-02,6.454717e-02,3.819903e-02,3.413499e-02,3.935729e-03,2.002971e-02,1.615162e-01,1.028653e-02,1.716447e-02,1.708397e-02,3.290612e-02,1.380850e-02,9.648905e-02
3.667763e-01,5.826528e-02,1.746632e-02,6.578527e-02,5.923716e-02,3.778923e-02,6.016468e-03,6.068361e-02,1.809201e-01,7.875345e-03,1.347170e-02,1.409663e-02,3.017557e-02,1.067813e-02,7.076289e-02
3.119944e-01,5.194136e-02,1.664750e-02,1.017911e-01,1.112994e-01,3.299608e-02,5.704544e-03,4.705051e-02,1.800065e-01,6.623247e-03,1.324564e-02,1.282373e-02,3.159966e-02,1.175891e-02,6.451737e-02
2.664396e-01,5.375529e-02,2.472372e-02,1.220690e-01,1.365044e-01,4.028183e-02,5.695220e-03,4.368461e-02,1.761469e-01,6.470331e-03,1.514839e-02,1.698687e-02,2.918208e-02,9.665063e-03,5.324673e-02
2.040967e-01,4.037637e-02,1.834822e-02,9.637801e-02,1.226756e-01,3.101653e-02,4.246068e-03,3.236111e-02,1.334033e-01,5.388531e-03,5.216897e-02,1.792280e-02,1.934315e-01,7.673323e-03,4.051290e-02
1.917525e-01,3.596853e-02,1.477669e-02,1.049013e-01,1.318718e-01,2.517912e-02,3.382235e-03,3.014250e-02,1.168419e-01,4.762691e-03,6.354639e-02,1.581492e-02,2.217934e-01,7.739999e-03,3.152597e-02
1.356505e-01,2.531988e-02,1.048615e-02,7.515316e-02,9.714777e-02,1.801345e-02,2.420544e-03,2.160472e-02,8.389107e-02,4.064752e-03,7.579564e-02,2.791379e-02,3.921456e-01,6.447826e-03,2.394518e-02
9.578202e-02,1.797371e-02,7.385166e-03,5.435343e-02,7.060705e-02,1.288433e-02,1.711532e-03,1.543309e-02,6.720828e-02,3.127892e-03,5.830438e-02,2.152574e-02,5.499948e-01,5.984804e-03,1.772381e-02
6.742669e-02,1.291706e-02,5.332405e-03,3.834709e-02,5.061463e-02,9.057970e-03,1.205392e-03,1.126540e-02,6.444148e-02,2.288611e-03,4.284291e-02,1.774573e-02,6.588305e-01,4.693579e-03,1.299057e-02
4.764257e-02,9.463966e-03,4.005079e-03,2.826511e-02,3.786012e-02,6.986851e-03,9.047317e-04,8.220488e-03,1.367613e-01,2.452367e-03,4.232719e-02,2.053298e-02,6.272734e-01,1.355328e-02,1.375052e-02
3.600125e-02,7.921276e-03,3.831199e-03,2.446141e-02,3.552131e-02,6.737500e-03,9.454970e-04,1.410436e-02,1.790839e-01,3.139107e-03,4.887582e-02,2.317564e-02,5.834856e-01,1.376377e-02,1.895232e-02
2.673272e-02,6.832938e-03,3.893845e-03,2.511386e-02,2.877666e-02,6.063203e-03,7.706452e-04,1.118262e-02,2.915798e-01,8.350080e-03,6.400678e-02,2.119841e-02,4.602907e-01,2.836751e-02,1.684030e-02
2.021009e-02,5.969267e-03,3.342480e-03,2.475810e-02,2.643877e-02,4.960708e-03,6.251906e-04,8.696960e-03,3.103441e-01,1.577080e-02,7.713439e-02,3.841402e-02,3.847034e-01,3.647616e-02,4.215558e-02
1.596656e-02,4.759980e-03,2.916895e-03,2.811952e-02,2.946292e-02,7.735329e-03,5.012221e-04,6.485344e-03,2.770367e-01,2.550929e-02,1.089107e-01,7.815004e-02,3.100048e-01,4.065898e-02,6.378167e-02
1.402902e-02,4.859025e-03,3.370430e-03,2.348160e-02,3.946920e-02,6.652885e-03,6.472957e-04,8.110518e-03,2.247931e-01,3.108894e-02,1.269442e-01,9.715118e-02,2.758820e-01,4.983634e-02,9.368429e-02
1.385106e-02,1.762620e-02,5.918365e-03,1.748476e-02,1.020465e-01,9.612149e-03,6.074343e-04,7.008248e-03,1.806500e-01,3.440412e-02,1.783032e-01,7.293010e-02,2.153077e-01,5.696283e-02,8.728725e-02
1.526873e-02,1.371600e-02,8.138271e-03,1.489939e-02,8.668990e-02,8.803473e-03,4.696165e-04,6.707111e-03,1.787492e-01,4.208657e-02,2.064881e-01,7.416201e-02,1.817199e-01,9.030586e-02,7.179602e-02
1.434303e-02,1.095051e-02,9.888286e-03,1.220529e-02,7.159621e-02,8.555926e-03,3.567747e-04,8.062475e-03,1.708005e-01,3.836572e-02,2.586293e-01,7.165666e-02,1.471530e-01,1.132159e-01,6.422046e-02
1.490631e-02,1.145692e-02,3.817598e-02,2.429082e-02,6.494632e-02,7.592022e-03,3.295753e-04,1.216854e-02,2.443385e-01,2.866088e-02,2.502333e-01,5.489851e-02,1.075038e-01,8.723372e-02,5.326480e-02
1.114659e-02,2.881235e-02,3.543408e-02,2.339347e-02,4.937850e-02,6.863501e-03,3.208274e-04,8.916163e-03,4.164267e-01,2.037916e-02,1.849355e-01,3.899471e-02,7.552170e-02,6.137866e-02,3.809817e-02
1.167770e-02,2.632541e-02,7.356786e-02,1.274067e-01,5.415635e-02,5.776855e-03,9.427354e-04,1.099674e-02,3.860441e-01,1.509562e-02,1.361622e-01,2.788443e-02,5.322803e-02,4.350100e-02,2.723432e-02
9.198432e-03,1.958929e-02,6.554498e-02,3.037658e-01,4.938276e-02,4.448647e-03,8.336904e-04,9.186171e-03,3.242426e-01,1.095824e-02,9.625054e-02,1.956385e-02,3.735399e-02,3.047127e-02,1.920975e-02
8.104727e-03,1.441549e-02,7.355540e-02,4.422591e-01,4.228299e-02,3.418399e-03,7.820226e-04,8.397479e-03,2.544519e-01,8.250884e-03,6.919544e-02,1.375382e-02,2.624274e-02,2.135083e-02,1.353893e-02
1.402448e-02,1.181365e-02,9.834694e-02,5.227889e-01,3.666195e-02,3.076888e-03,7.196106e-04,6.972751e-03,1.925261e-01,6.540894e-03,5.330000e-02,9.791869e-03,1.859050e-02,1.499904e-02,9.846412e-03
4.821831e-02,1.694194e-02,1.653035e-01,4.035715e-01,1.021550e-01,1.680126e-02,4.784871e-03,1.051882e-02,1.463217e-01,5.186401e-03,4.129612e-02,7.135930e-03,1.376083e-02,1.083641e-02,7.167366e-03
3.805412e-02,2.513595e-02,1.273343e-01,3.982324e-01,2.160228e-01,1.260010e-02,5.787736e-03,9.341714e-03,1.063632e-01,3.700429e-03,2.966895e-02,5.148380e-03,9.830508e-03,7.618595e-03,5.160855e-03
3.704598e-02,2.507248e-02,9.155264e-02,4.003165e-01,2.838820e-01,1.058918e-02,5.374804e-03,2.370570e-02,7.553761e-02,2.832912e-03,2.413658e-02,3.745236e-03,7.104443e-03,5.385579e-03,3.718459e-03
5.491830e-02,2.664367e-02,6.815971e-02,3.835628e-01,3.192500e-01,1.619377e-02,5.298105e-03,2.706110e-02,5.662074e-02,3.346366e-03,2.331286e-02,2.918505e-03,5.459120e-03,4.040755e-03,3.214308e-03
8.659679e-02,2.154913e-02,5.264074e-02,3.143557e-01,3.787419e-01,1.740980e-02,5.463936e-03,3.483185e-02,4.359946e-02,7.156961e-03,2.359650e-02,2.564720e-03,4.269289e-03,3.326239e-03,3.897067e-03
1.086681e-01,2.045449e-02,3.952872e-02,2.942384e-01,3.354985e-01,2.283859e-02,4.513588e-03,2.691448e-02,7.658083e-02,1.639506e-02,3.629579e-02,2.613817e-03,4.996515e-03,4.317151e-03,6.145986e-03
1.003084e-01,2.673906e-02,3.074316e-02,2.390198e-01,2.894567e-01,2.602921e-02,3.650405e-03,1.987420e-02,1.329916e-01,4.302891e-02,5.107717e-02,2.513178e-03,6.719875e-03,8.562057e-03,1.928641e-02
7.146216e-02,2.408221e-02,2.204302e-02,1.687979e-01,2.076080e-01,1.970025e-02,2.656394e-03,1.399355e-02,2.581272e-01,5.957038e-02,5.085843e-02,1.972053e-03,5.574630e-03,1.204834e-02,8.150554e-02
5.078755e-02,1.828073e-02,1.576849e-02,1.550167e-01,1.466548e-01,1.414997e-02,1.909936e-03,9.920676e-03,4.139649e-01,4.929175e-02,4.633339e-02,1.572841e-03,4.547857e-03,9.342077e-03,6.245836e-02
3.609154e-02,1.579777e-02,1.430394e-02,1.835669e-01,1.029660e-01,1.019123e-02,1.358633e-03,7.104671e-03,4.732719e-01,4.795592e-02,4.109322e-02,1.728293e-03,5.306714e-03,7.318073e-03,5.194516e-02
3.289102e-02,1.646093e-02,1.045707e-02,1.310083e-01,7.232262e-02,7.650109e-03,9.822072e-04,5.149270e-03,5.949244e-01,3.694785e-02,3.223988e-02,1.609137e-03,5.979895e-03,7.090718e-03,4.428660e-02
2.335643e-02,1.569257e-02,7.475736e-03,9.363976e-02,5.065934e-02,5.488335e-03,6.934439e-04,3.650111e-03,6.975693e-01,2.777243e-02,2.318556e-02,1.317794e-03,6.203465e-03,5.350262e-03,3.794556e-02
3.142612e-02,4.145572e-02,9.213688e-03,7.294892e-02,5.303576e-02,7.038640e-03,1.151857e-03,8.868733e-03,5.305581e-01,2.967026e-02,5.849778e-02,3.988166e-03,1.965902e-02,1.593263e-02,1.165546e-01
5.826039e-02,4.031563e-02,1.055018e-02,1.636377e-01,6.285317e-02,9.530837e-03,2.465830e-03,1.444085e-02,4.159677e-01,2.249107e-02,5.600692e-02,5.308779e-03,2.114457e-02,1.333789e-02,1.036885e-01
5.092346e-02,3.332890e-02,1.254034e-02,1.658062e-01,4.885644e-02,8.072752e-03,2.000446e-03,1.405928e-02,3.423580e-01,6.017817e-02,6.579699e-02,5.449636e-03,2.042583e-02,1.835459e-02,1.518490e-01
3.983932e-02,3.262695e-02,1.162140e-02,1.523125e-01,3.721670e-02,6.458932e-03,1.580936e-03,1.097391e-02,4.032675e-01,5.347478e-02,7.234379e-02,6.129471e-03,2.416037e-02,1.516148e-02,1.328319e-01
6.040809e-02,3.427718e-02,1.823877e-02,1.315066e-01,4.225719e-02,7.151541e-03,1.426775e-03,9.993481e-03,3.494001e-01,4.478838e-02,1.187527e-01,1.376245e-02,3.109701e-02,1.813152e-02,1.188083e-01
9.789115e-02,3.025819e-02,1.743450e-02,1.434742e-01,4.049603e-02,8.971462e-03,1.742576e-03,1.097437e-02,2.946359e-01,4.011589e-02,1.102995e-01,1.620464e-02,2.785060e-02,1.750980e-02,1.421412e-01
1.083145e-01,3.862870e-02,1.504964e-02,1.151410e-01,3.632754e-02,1.111180e-02,1.444997e-03,8.792060e-03,3.110701e-01,4.627224e-02,9.882755e-02,1.279335e-02,2.176130e-02,1.653287e-02,1.579323e-01
9.482990e-02,3.639311e-02,1.213830e-02,1.072695e-01,2.639385e-02,1.396618e-02,1.232730e-03,6.610457e-03,3.418098e-01,6.011709e-02,8.197838e-02,1.113273e-02,1.854789e-02,1.604918e-02,1.715308e-01
1.078702e-01,3.854416e-02,1.066542e-02,9.307982e-02,2.010670e-02,1.926804e-02,1.090781e-03,5.367825e-03,3.183043e-01,1.222552e-01,7.511013e-02,1.338705e-02,1.814953e-02,1.648655e-02,1.403142e-01
9.254144e-02,5.064494e-02,8.957711e-03,7.743514e-02,1.453631e-02,1.679127e-02,9.227542e-04,4.377643e-03,3.165081e-01,1.843420e-01,6.423112e-02,1.374143e-02,2.044202e-02,1.514839e-02,1.193797e-01
6.617594e-02,6.779927e-02,7.163497e-03,5.825471e-02,1.039992e-02,1.226512e-02,7.088689e-04,3.498538e-03,4.222135e-01,1.648660e-01,4.912953e-02,1.107333e-02,2.066977e-02,1.422014e-02,9.156185e-02
5.068704e-02,1.122261e-01,6.477361e-03,4.737421e-02,8.690148e-03,1.114491e-02,6.033949e-04,4.001985e-03,3.954135e-01,1.579686e-01,3.967764e-02,9.295755e-03,2.617536e-02,1.557836e-02,1.146857e-01
4.809114e-02,1.763579e-01,5.872438e-03,3.863183e-02,1.609143e-02,2.002738e-02,7.518579e-04,4.385494e-03,3.386755e-01,1.231131e-01,3.882712e-02,7.117677e-03,2.557067e-02,1.786511e-02,1.386213e-01
3.556943e-02,2.420508e-01,9.083631e-03,4.954090e-02,1.452038e-02,1.665574e-02,7.463740e-04,9.135596e-03,3.324767e-01,1.061839e-01,2.869342e-02,5.184368e-03,2.004831e-02,1.535364e-02,1.147568e-01
2.785315e-02,2.338566e-01,7.110854e-03,4.670888e-02,1.728948e-02,1.608729e-02,7.115966e-04,9.090383e-03,3.922016e-01,9.561340e-02,2.179484e-02,3.829744e-03,1.634309e-02,1.313175e-02,9.837739e-02
1.973840e-02,1.691541e-01,5.152896e-03,3.325087e-02,1.221187e-02,1.161404e-02,5.008296e-04,6.415695e-03,3.201145e-01,7.173824e-02,1.585677e-02,2.797830e-03,1.176112e-02,1.038279e-02,3.093101e-01
1.390362e-02,1.197551e-01,3.648042e-03,2.328450e-02,8.553818e-03,8.153134e-03,3.513703e-04,4.493869e-03,2.303197e-01,5.110325e-02,1.150873e-02,2.166596e-03,8.272093e-03,1.203389e-02,5.024523e-01
9.838269e-03,8.390628e-02,2.578555e-03,1.630756e-02,5.992440e-03,5.733216e-03,2.477948e-04,3.152758e-03,1.637908e-01,3.901355e-02,2.290777e-02,2.901139e-03,5.938226e-03,3.194847e-02,6.057432e-01
6.926269e-03,5.874349e-02,1.815559e-03,1.141690e-02,4.198327e-03,4.021357e-03,1.747471e-04,2.207638e-03,1.157284e-01,3.724674e-02,3.071332e-02,2.306159e-03,4.235257e-03,2.515311e-01,4.687347e-01
5.038593e-03,4.114276e-02,1.311000e-03,8.011607e-03,2.997108e-03,2.848377e-03,1.319088e-04,1.567473e-03,8.814880e-02,4.248922e-02,6.786847e-02,2.689540e-03,3.428423e-03,3.345215e-01,3.978052e-01
3.739059e-03,2.880608e-02,9.245576e-04,5.612487e-03,2.115395e-03,2.033093e-03,9.880679e-05,1.102935e-03,6.318491e-02,4.952064e-02,7.146433e-02,2.479324e-03,2.493052e-03,4.396930e-01,3.267323e-01
2.846762e-03,2.018268e-02,6.706759e-04,3.946790e-03,1.490947e-03,1.499100e-03,8.874629e-05,7.847889e-04,6.167758e-02,4.461918e-02,7.968298e-02,2.935909e-03,1.819587e-03,4.583454e-01,3.194089e-01
2.084715e-03,1.415501e-02,4.805715e-04,2.865806e-03,1.126979e-03,1.149162e-03,1.159581e-04,5.717352e-04,5.695273e-02,4.196039e-02,8.313189e-02,4.774141e-03,1.902845e-03,5.044580e-01,2.842700e-01
1.497244e-03,9.925736e-03,3.419282e-04,2.013461e-03,8.614777e-04,8.336047e-04,1.129779e-04,4.042372e-04,4.298730e-02,3.271294e-02,1.097420e-01,3.696448e-03,1.521091e-03,5.753436e-01,2.180059e-01
1.075092e-03,6.952540e-03,2.493241e-04,1.417243e-03,6.645257e-04,6.324144e-04,1.656782e-04,2.894806e-04,3.510503e-02,4.228549e-02,1.075397e-01,2.662743e-03,1.171892e-03,6.409076e-01,1.588811e-01
7.935484e-04,4.899020e-03,2.773142e-04,1.039597e-03,9.457209e-04,7.794058e-04,1.845281e-03,2.815037e-04,3.826711e-02,5.844006e-02,1.686872e-01,2.369606e-03,2.310502e-03,6.040699e-01,1.149941e-01
6.732785e-04,4.393439e-03,4.187266e-03,1.509374e-03,7.133624e-03,2.902938e-03,2.769419e-03,6.514766e-04,5.450141e-02,6.690595e-02,2.404074e-01,2.182364e-03,2.433222e-03,5.119226e-01,9.742618e-02
5.594480e-04,3.225032e-03,3.554416e-03,2.726470e-03,7.478356e-03,3.003608e-03,2.118281e-03,7.712798e-04,1.080238e-01,6.052066e-02,3.335533e-01,3.500075e-03,3.805392e-03,3.788152e-01,8.834469e-02
4.453361e-04,2.300250e-03,2.917902e-03,7.447461e-03,8.324392e-03,2.632353e-03,1.540860e-03,1.002274e-03,1.992726e-01,5.514995e-02,3.638986e-01,3.342596e-03,5.449519e-03,2.721909e-01,7.408490e-02
5.861067e-04,1.677468e-03,3.485649e-03,1.288013e-02,9.761490e-03,2.461240e-03,1.490860e-03,3.736544e-03,1.778850e-01,4.675356e-02,4.664444e-01,2.925517e-03,5.722485e-03,1.987768e-01,6.541278e-02
4.746547e-03,1.376927e-03,3.097737e-03,1.634890e-02,6.986354e-02,2.563938e-03,1.460163e-03,2.339529e-02,1.609112e-01,4.008637e-02,4.574634e-01,4.312284e-03,9.987670e-03,1.514908e-01,5.289516e-02
8.518039e-03,1.142464e-03,3.238752e-03,1.614539e-02,1.326681e-01,2.855041e-03,1.348581e-03,4.787664e-02,1.540131e-01,3.789064e-02,4.244918e-01,5.656244e-03,1.226744e-02,1.116827e-01,4.020513e-02
1.245798e-02,1.356632e-03,9.534759e-03,6.873071e-02,1.719109e-01,2.911858e-03,1.302648e-03,9.116545e-02,1.699715e-01,2.784076e-02,3.101972e-01,5.649680e-03,1.145964e-02,8.191299e-02,3.359730e-02
1.444481e-02,2.876570e-03,2.170719e-02,6.380858e-02,1.543205e-01,3.832345e-03,1.171647e-03,1.980342e-01,1.821560e-01,2.061380e-02,2.255234e-01,5.461795e-03,1.405354e-02,6.408514e-02,2.791047e-02
1.482974e-02,3.853006e-03,2.337326e-02,5.790724e-02,1.199101e-01,3.669796e-03,9.136283e-04,1.558706e-01,3.488694e-01,1.691655e-02,1.614957e-01,5.247691e-03,1.380949e-02,4.665405e-02,2.667993e-02
1.245697e-02,5.624500e-03,2.463013e-02,5.888011e-02,8.650613e-02,2.879794e-03,6.864753e-04,1.105085e-01,5.028325e-01,1.281549e-02,1.143508e-01,3.998301e-03,1.030271e-02,3.279817e-02,2.072934e-02
3.643624e-02,7.435001e-03,2.256491e-02,8.056818e-02,1.074717e-01,3.409216e-03,7.493956e-04,1.034596e-01,4.819407e-01,1.035162e-02,9.124979e-02,4.138283e-03,9.728309e-03,2.462282e-02,1.587433e-02
4.320472e-02,7.710439e-03,1.959427e-02,9.499937e-02,9.815221e-02,5.186297e-03,1.069902e-03,2.621653e-01,3.533410e-01,7.371508e-03,6.629825e-02,3.391755e-03,7.693460e-03,1.829404e-02,1.152748e-02
3.865552e-02,7.889283e-03,1.705283e-02,8.241248e-02,1.226168e-01,5.701466e-03,1.399914e-03,3.842463e-01,2.562072e-01,5.313401e-03,4.770570e-02,2.495606e-03,5.748453e-03,1.397532e-02,8.579743e-03
3.108009e-02,6.928660e-03,1.329979e-02,6.420695e-02,1.330026e-01,4.792360e-03,1.979575e-03,4.967500e-01,1.870398e-01,3.815158e-03,3.399010e-02,1.860973e-03,4.469333e-03,1.056289e-02,6.221748e-03
3.358125e-02,7.067191e-03,1.103436e-02,4.755588e-02,1.171365e-01,5.042856e-03,2.684247e-03,5.912205e-01,1.383523e-01,2.810380e-03,2.440534e-02,1.694698e-03,3.783770e-03,8.049025e-03,5.581786e-03
3.521071e-02,1.657006e-02,1.458999e-02,7.327496e-02,8.529719e-02,4.848202e-03,2.092666e-03,4.720684e-01,1.358551e-01,4.417376e-03,1.101051e-01,6.130862e-03,1.923244e-02,9.310576e-03,1.099648e-02
2.565950e-02,1.781001e-02,2.586719e-02,1.259166e-01,6.202564e-02,3.975901e-03,1.568688e-03,3.482308e-01,1.083499e-01,1.075949e-02,1.672320e-01,1.013531e-02,6.250266e-02,1.149665e-02,1.846971e-02
1.977631e-02,1.329283e-02,2.319521e-02,9.884535e-02,4.580150e-02,3.385074e-03,1.221246e-03,2.453766e-01,8.636905e-02,1.404482e-02,2.132000e-01,1.612560e-02,9.800712e-02,8.549992e-02,3.585934e-02
1.440726e-02,1.054468e-02,1.911628e-02,7.297034e-02,5.428921e-02,3.162217e-03,9.778346e-04,1.720817e-01,6.395860e-02,1.280147e-02,3.484727e-01,1.289600e-02,1.122234e-01,7.182079e-02,3.027749e-02
1.323521e-02,1.187084e-02,2.724571e-02,9.186789e-02,1.117893e-01,3.820763e-03,1.118110e-03,1.223508e-01,9.273608e-02,1.343031e-02,2.879275e-01,1.101029e-02,1.025094e-01,8.010014e-02,2.898762e-02
1.048698e-02,9.528404e-03,2.190966e-02,6.860328e-02,1.011714e-01,4.054952e-03,1.095770e-03,8.662201e-02,1.459018e-01,1.194466e-02,2.838864e-01,1.355313e-02,1.158353e-01,9.461692e-02,3.078933e-02
1.188634e-02,8.949459e-03,1.979265e-02,5.362055e-02,7.456711e-02,4.439388e-03,8.945082e-04,6.133177e-02,1.973270e-01,9.265784e-03,3.105798e-01,1.349085e-02,8.748049e-02,1.228755e-01,2.349873e-02
9.025534e-03,9.144518e-03,1.474027e-02,3.824143e-02,5.672192e-02,4.066231e-03,6.562726e-04,4.303237e-02,2.885600e-01,6.699849e-03,2.894594e-01,1.192322e-02,6.343766e-02,1.464753e-01,1.781614e-02
6.476358e-03,1.328422e-02,1.219579e-02,2.694395e-02,4.767670e-02,3.189716e-03,4.696475e-04,3.014879e-02,3.651133e-01,4.899810e-03,2.758949e-01,1.076743e-02,4.701291e-02,1.413599e-01,1.456668e-02
4.587343e-03,1.000160e-02,1.038982e-02,1.888080e-02,3.641484e-02,3.022919e-03,3.324884e-04,2.111323e-02,3.977450e-01,3.587492e-03,2.008065e-01,7.808953e-03,3.349406e-02,2.398341e-01,1.198077e-02
3.249216e-03,7.601938e-03,8.065235e-03,1.323252e-02,2.621378e-02,3.155987e-03,2.366235e-04,1.478294e-02,3.382591e-01,2.680553e-03,1.416728e-01,5.510153e-03,2.355095e-02,4.025844e-01,9.203731e-03
2.365750e-03,5.619123e-03,6.665268e-03,9.358181e-03,1.839275e-02,3.321002e-03,1.703300e-04,1.042545e-02,2.676809e-01,2.156809e-03,9.959543e-02,3.885320e-03,1.654288e-02,5.469278e-01,6.893021e-03
1.970705e-03,6.879025e-03,6.154372e-03,6.642119e-03,1.290523e-02,3.132856e-03,1.278126e-04,7.348804e-03,2.254989e-01,1.846211e-03,7.098905e-02,2.810358e-03,1.167492e-02,6.364890e-01,5.530597e-03
2.880197e-03,9.586689e-03,5.324059e-03,4.736761e-03,9.105959e-03,2.515484e-03,1.018917e-04,5.178238e-03,1.998694e-01,1.973023e-03,5.074694e-02,2.059847e-03,8.267312e-03,6.879009e-01,9.753244e-03
3.583724e-03,8.144030e-03,4.157235e-03,3.364356e-03,6.405031e-03,2.668216e-03,9.062439e-05,3.692232e-03,1.473409e-01,1.603510e-03,3.599907e-02,1.466835e-03,5.830298e-03,7.661909e-01,9.463078e-03
7.007570e-03,6.601320e-03,4.070319e-03,2.551671e-03,4.550197e-03,7.447771e-03,8.774266e-05,2.735839e-03,1.106625e-01,1.809813e-03,2.621359e-02,1.211877e-03,4.337857e-03,8.093153e-01,1.139666e-02
1.188680e-02,5.289842e-03,4.546366e-03,2.066660e-03,3.539502e-03,6.405455e-03,1.172370e-04,3.102695e-03,9.100556e-02,1.839538e-03,2.082641e-02,9.327410e-04,3.333128e-03,8.359295e-01,9.178555e-03
1.637276e-02,5.153974e-03,2.314907e-02,2.842684e-03,3.480850e-03,5.114013e-03,3.787329e-04,1.359701e-02,8.608076e-02,2.135219e-03,1.519187e-02,9.931399e-04,3.160733e-03,8.147022e-01,7.647047e-03
2.338781e-02,5.821419e-03,1.961086e-02,2.959591e-03,3.937239e-03,4.150472e-03,5.358611e-04,2.216312e-02,8.126673e-02,1.946139e-03,1.120122e-02,7.697648e-04,2.490370e-03,8.130359e-01,6.723537e-03
2.715830e-02,8.231381e-03,2.563879e-02,4.656359e-03,4.572032e-03,3.888886e-03,6.311120e-04,2.728647e-02,8.305635e-02,1.904325e-03,8.791713e-03,6.103618e-04,2.129276e-03,7.928303e-01,8.614394e-03
3.064331e-02,1.032096e-02,2.138861e-02,4.457470e-03,5.021816e-03,3.153577e-03,5.559180e-04,2.950767e-02,1.070566e-01,3.090561e-03,9.464328e-03,4.977583e-04,1.781368e-03,7.630901e-01,9.969994e-03
3.204816e-02,1.438412e-02,3.318109e-02,5.422517e-03,9.649492e-03,2.902871e-03,5.208167e-04,7.003456e-02,9.442315e-02,3.190554e-03,8.446234e-03,4.034431e-04,1.382035e-03,7.144073e-01,9.603715e-03
2.728199e-02,3.182809e-02,2.915792e-02,3.953055e-03,1.097040e-02,2.190068e-03,4.427250e-04,5.624574e-02,8.770602e-02,2.520363e-03,7.020424e-03,2.994062e-04,1.012883e-03,7.310803e-01,8.290585e-03
2.686005e-02,3.726869e-02,2.257228e-02,3.000621e-03,2.120275e-02,1.889820e-03,3.661169e-04,4.928319e-02,9.885080e-02,2.316351e-03,6.090720e-03,2.381175e-04,7.994610e-04,7.222545e-01,7.006550e-03
2.903731e-02,5.189957e-02,2.343589e-02,1.878134e-02,1.860408e-02,2.065182e-03,3.529597e-04,3.739556e-02,1.428453e-01,1.037081e-02,7.753606e-03,2.078046e-03,2.472808e-03,5.167551e-01,1.361525e-01
2.343506e-02,4.044802e-02,1.782971e-02,1.436638e-02,1.374817e-02,1.597523e-03,2.756706e-04,2.670771e-02,1.441610e-01,7.214160e-02,6.124418e-03,1.623027e-03,2.517253e-03,3.626886e-01,2.723359e-01
1.911902e-02,3.651765e-02,1.697735e-02,1.771655e-02,1.053710e-02,1.361444e-03,2.895023e-04,1.957478e-02,1.897827e-01,1.465331e-01,1.022350e-02,3.657564e-03,9.270782e-03,2.562205e-01,2.622184e-01
1.676338e-02,3.044364e-02,1.498629e-02,1.713557e-02,7.738694e-03,1.281877e-03,4.859098e-04,1.406152e-02,2.460493e-01,1.618013e-01,2.443837e-02,1.052117e-02,1.015969e-02,2.041385e-01,2.399947e-01
1.331773e-02,2.763548e-02,2.397064e-02,1.521503e-02,5.766973e-03,1.484815e-03,4.882276e-04,1.015685e-02,2.218008e-01,2.553584e-01,5.162955e-02,1.240406e-02,9.462537e-03,1.666223e-01,1.846866e-01
2.084485e-02,2.895795e-02,1.984813e-02,1.564462e-02,4.745031e-03,3.503792e-03,5.769878e-04,8.664187e-03,1.685814e-01,1.963939e-01,2.233908e-01,2.165709e-02,1.482840e-02,1.363252e-01,1.360376e-01
2.088885e-02,2.246144e-02,1.562126e-02,1.255002e-02,3.821289e-03,3.881680e-03,7.899749e-04,6.956678e-03,1.307483e-01,1.505815e-01,2.590317e-01,2.697330e-02,1.299705e-02,2.259338e-01,1.067632e-01
1.865545e-02,1.637415e-02,1.112671e-02,8.991456e-03,2.806358e-03,3.265165e-03,5.703111e-04,4.973752e-03,9.350842e-02,1.076636e-01,3.156517e-01,1.968851e-02,9.452179e-03,3.118787e-01,7.539366e-02
1.478271e-02,1.201777e-02,7.898767e-03,6.407671e-03,2.251748e-03,3.591233e-03,4.206465e-04,3.542650e-03,6.836443e-02,7.675700e-02,3.153608e-01,1.561567e-02,6.924890e-03,4.131331e-01,5.293088e-02
1.077252e-02,9.170721e-03,5.612213e-03,4.680708e-03,2.596578e-03,4.174516e-03,3.283664e-04,2.535748e-03,4.878994e-02,5.502690e-02,3.519489e-01,1.281381e-02,5.213572e-03,4.488174e-01,3.751811e-02
7.769805e-03,7.081388e-03,4.039275e-03,3.666396e-03,3.465541e-03,7.526701e-03,2.855097e-04,1.935505e-03,3.573841e-02,4.070073e-02,3.252177e-01,1.132558e-02,3.877024e-03,5.208429e-01,2.652747e-02
5.541598e-03,5.353864e-03,2.880298e-03,2.749819e-03,3.236078e-03,9.766634e-03,2.302650e-04,1.420855e-03,2.584837e-02,2.959809e-02,3.087302e-01,9.163143e-03,2.849423e-03,5.739522e-01,1.867911e-02
4.279189e-03,6.488221e-03,2.917110e-03,2.232994e-03,3.661431e-03,4.530372e-02,2.348157e-04,1.124387e-03,2.147073e-02,2.231192e-02,2.744219e-01,8.606572e-03,2.100169e-03,5.916935e-01,1.315340e-02
3.743302e-03,6.300654e-03,8.569626e-03,3.866300e-03,5.465639e-03,7.685467e-02,3.411548e-04,2.922528e-03,2.475134e-02,1.747429e-02,2.481808e-01,6.871532e-03,1.649721e-03,5.836753e-01,9.333179e-03
2.950518e-03,1.186163e-02,8.064336e-03,3.951533e-03,1.395397e-02,7.478596e-02,3.376800e-04,2.408636e-03,6.406415e-02,1.797343e-02,2.463562e-01,5.568431e-03,1.319030e-03,5.395693e-01,6.835212e-03
2.266301e-03,1.305247e-02,9.163702e-03,4.009916e-03,1.098161e-02,9.470944e-02,2.621617e-04,2.389335e-03,1.937797e-01,1.910405e-02,1.995316e-01,4.369729e-03,9.983366e-04,4.401143e-01,5.267326e-03
1.675320e-03,1.088246e-02,6.814365e-03,3.165498e-03,8.286829e-03,1.614468e-01,1.890810e-04,1.717926e-03,2.824075e-01,2.093514e-02,1.526310e-01,3.235155e-03,7.602649e-04,3.416902e-01,4.162392e-03
2.201929e-03,1.565436e-02,1.273282e-02,7.415399e-03,8.976961e-03,1.692774e-01,2.017316e-04,6.698089e-03,3.914500e-01,1.816496e-02,1.121030e-01,2.385695e-03,7.613907e-04,2.485164e-01,3.459781e-03
2.921913e-03,4.212904e-02,1.542622e-02,3.342117e-02,1.178884e-02,1.788148e-01,1.732196e-04,7.925272e-03,4.237121e-01,2.173651e-02,7.947194e-02,1.755465e-03,9.106455e-04,1.752540e-01,4.558852e-03
3.826329e-03,7.390901e-02,1.198020e-02,2.590902e-02,1.543320e-02,2.849337e-01,1.399716e-04,7.656758e-03,3.744133e-01,1.633882e-02,5.601549e-02,1.267031e-03,7.479315e-04,1.234629e-01,3.966290e-03
1.054483e-02,6.001035e-02,1.006592e-02,2.024771e-02,2.226366e-02,4.358084e-01,2.352646e-04,6.378670e-03,2.897093e-01,1.168851e-02,3.973372e-02,9.378746e-04,7.517560e-04,8.804151e-02,3.582617e-03
2.722881e-02,5.111548e-02,9.050479e-03,2.261977e-02,2.251557e-02,4.855379e-01,3.110462e-04,5.522486e-03,2.533416e-01,1.041166e-02,2.917751e-02,7.318119e-04,1.297978e-03,6.345368e-02,1.768419e-02
