1.000000e+00,0.000000e+00,0.000000e+00,0.000000e+00,0.000000e+00,0.000000e+00,0.000000e+00,0.000000e+00,0.000000e+00,0.000000e+00,0.000000e+00,0.000000e+00,0.000000e+00,0.000000e+00,0.000000e+00
1.000000e+00,0.000000e+00,0.000000e+00,0.000000e+00,0.000000e+00,0.000000e+00,0.000000e+00,0.000000e+00,0.000000e+00,0.000000e+00,0.000000e+00,0.000000e+00,0.000000e+00,0.000000e+00,0.000000e+00
1.000000e+00,0.000000e+00,0.000000e+00,0.000000e+00,0.000000e+00,0.000000e+00,0.000000e+00,0.000000e+00,0.000000e+00,0.000000e+00,0.000000e+00,0.000000e+00,0.000000e+00,0.000000e+00,0.000000e+00
1.000000e+00,0.000000e+00,0.000000e+00,0.000000e+00,0.000000e+00,0.000000e+00,0.000000e+00,0.000000e+00,0.000000e+00,0.000000e+00,0.000000e+00,0.000000e+00,0.000000e+00,0.000000e+00,0.000000e+00
1.000000e+00,0.000000e+00,0.000000e+00,0.000000e+00,0.000000e+00,0.000000e+00,0.000000e+00,0.000000e+00,0.000000e+00,0.000000e+00,0.000000e+00,0.000000e+00,0.000000e+00,0.000000e+00,0.000000e+00
1.000000e+00,0.000000e+00,0.000000e+00,0.000000e+00,0.000000e+00,0.000000e+00,0.000000e+00,0.000000e+00,0.000000e+00,0.000000e+00,0.000000e+00,0.000000e+00,0.000000e+00,0.000000e+00,0.000000e+00
1.000000e+00,0.000000e+00,0.000000e+00,0.000000e+00,0.000000e+00,0.000000e+00,0.000000e+00,0.000000e+00,0.000000e+00,0.000000e+00,0.000000e+00,0.000000e+00,0.000000e+00,0.000000e+00,0.000000e+00
1.000000e+00,0.000000e+00,0.000000e+00,0.000000e+00,0.000000e+00,0.000000e+00,0.000000e+00,0.000000e+00,0.000000e+00,0.000000e+00,0.000000e+00,0.000000e+00,0.000000e+00,0.000000e+00,0.000000e+00
1.000000e+00,0.000000e+00,0.000000e+00,0.000000e+00,0.000000e+00,0.000000e+00,0.000000e+00,0.000000e+00,0.000000e+00,0.000000e+00,0.000000e+00,0.000000e+00,0.000000e+00,0.000000e+00,0.000000e+00
1.000000e+00,0.000000e+00,0.000000e+00,0.000000e+00,0.000000e+00,0.000000e+00,0.000000e+00,0.000000e+00,0.000000e+00,0.000000e+00,0.000000e+00,0.000000e+00,0.000000e+00,0.000000e+00,0.000000e+00
1.000000e+00,0.000000e+00,0.000000e+00,0.000000e+00,0.000000e+00,0.000000e+00,0.000000e+00,0.000000e+00,0.000000e+00,0.000000e+00,0.000000e+00,0.000000e+00,0.000000e+00,0.000000e+00,0.000000e+00
1.000000e+00,0.000000e+00,0.000000e+00,0.000000e+00,0.000000e+00,0.000000e+00,0.000000e+00,0.000000e+00,0.000000e+00,0.000000e+00,0.000000e+00,0.000000e+00,0.000000e+00,0.000000e+00,0.000000e+00
1.000000e+00,0.000000e+00,0.000000e+00,0.000000e+00,0.000000e+00,0.000000e+00,0.000000e+00,0.000000e+00,0.000000e+00,0.000000e+00,0.000000e+00,0.000000e+00,0.000000e+00,0.000000e+00,0.000000e+00
1.000000e+00,0.000000e+00,0.000000e+00,0.000000e+00,0.000000e+00,0.000000e+00,0.000000e+00,0.000000e+00,0.000000e+00,0.000000e+00,0.000000e+00,0.000000e+00,0.000000e+00,0.000000e+00,0.000000e+00
1.000000e+00,0.000000e+00,0.000000e+00,0.000000e+00,0.000000e+00,0.000000e+00,0.000000e+00,0.000000e+00,0.000000e+00,0.000000e+00,0.000000e+00,0.000000e+00,0.000000e+00,0.000000e+00,0.000000e+00
1.000000e+00,0.000000e+00,0.000000e+00,0.000000e+00,0.000000e+00,0.000000e+00,0.000000e+00,0.000000e+00,0.000000e+00,0.000000e+00,0.000000e+00,0.000000e+00,0.000000e+00,0.000000e+00,0.000000e+00
1.000000e+00,0.000000e+00,0.000000e+00,0.000000e+00,0.000000e+00,0.000000e+00,0.000000e+00,0.000000e+00,0.000000e+00,0.000000e+00,0.000000e+00,0.000000e+00,0.000000e+00,0.000000e+00,0.000000e+00
1.000000e+00,0.000000e+00,0.000000e+00,0.000000e+00,0.000000e+00,0.000000e+00,0.000000e+00,0.000000e+00,0.000000e+00,0.000000e+00,0.000000e+00,0.000000e+00,0.000000e+00,0.000000e+00,0.000000e+00
1.000000e+00,0.000000e+00,0.000000e+00,0.000000e+00,0.000000e+00,0.000000e+00,0.000000e+00,0.000000e+00,0.000000e+00,0.000000e+00,0.000000e+00,0.000000e+00,0.000000e+00,0.000000e+00,0.000000e+00
1.000000e+00,0.000000e+00,0.000000e+00,0.000000e+00,0.000000e+00,0.000000e+00,0.000000e+00,0.000000e+00,0.000000e+00,0.000000e+00,0.000000e+00,0.000000e+00,0.000000e+00,0.000000e+00,0.000000e+00
1.000000e+00,0.000000e+00,0.000000e+00,0.000000e+00,0.000000e+00,0.000000e+00,0.000000e+00,0.000000e+00,0.000000e+00,0.000000e+00,0.000000e+00,0.000000e+00,0.000000e+00,0.000000e+00,0.000000e+00
1.000000e+00,0.000000e+00,0.000000e+00,0.000000e+00,0.000000e+00,0.000000e+00,0.000000e+00,0.000000e+00,0.000000e+00,0.000000e+00,0.000000e+00,0.000000e+00,0.000000e+00,0.000000e+00,0.000000e+00
1.000000e+00,0.000000e+00,0.000000e+00,0.000000e+00,0.000000e+00,0.000000e+00,0.000000e+00,0.000000e+00,0.000000e+00,0.000000e+00,0.000000e+00,0.000000e+00,0.000000e+00,0.000000e+00,0.000000e+00
1.000000e+00,0.000000e+00,0.000000e+00,0.000000e+00,0.000000e+00,0.000000e+00,0.000000e+00,0.000000e+00,0.000000e+00,0.000000e+00,0.000000e+00,0.000000e+00,0.000000e+00,0.000000e+00,0.000000e+00
1.000000e+00,0.000000e+00,0.000000e+00,0.000000e+00,0.000000e+00,0.000000e+00,0.000000e+00,0.000000e+00,0.000000e+00,0.000000e+00,0.000000e+00,0.000000e+00,0.000000e+00,0.000000e+00,0.000000e+00
1.000000e+00,0.000000e+00,0.000000e+00,0.000000e+00,0.000000e+00,0.000000e+00,0.000000e+00,0.000000e+00,0.000000e+00,0.000000e+00,0.000000e+00,0.000000e+00,0.000000e+00,0.000000e+00,0.000000e+00
1.000000e+00,0.000000e+00,0.000000e+00,0.000000e+00,0.000000e+00,0.000000e+00,0.000000e+00,0.000000e+00,0.000000e+00,0.000000e+00,0.000000e+00,0.000000e+00,0.000000e+00,0.000000e+00,0.000000e+00
1.000000e+00,0.000000e+00,0.000000e+00,0.000000e+00,0.000000e+00,0.000000e+00,0.000000e+00,0.000000e+00,0.000000e+00,0.000000e+00,0.000000e+00,0.000000e+00,0.000000e+00,0.000000e+00,0.000000e+00
1.000000e+00,0.000000e+00,0.000000e+00,0.000000e+00,0.000000e+00,0.000000e+00,0.000000e+00,0.000000e+00,0.000000e+00,0.000000e+00,0.000000e+00,0.000000e+00,0.000000e+00,0.000000e+00,0.000000e+00
1.000000e+00,0.000000e+00,0.000000e+00,0.000000e+00,0.000000e+00,0.000000e+00,0.000000e+00,0.000000e+00,0.000000e+00,0.000000e+00,0.000000e+00,0.000000e+00,0.000000e+00,0.000000e+00,0.000000e+00
1.000000e+00,0.000000e+00,0.000000e+00,0.000000e+00,0.000000e+00,0.000000e+00,0.000000e+00,0.000000e+00,0.000000e+00,0.000000e+00,0.000000e+00,0.000000e+00,0.000000e+00,0.000000e+00,0.000000e+00
1.000000e+00,0.000000e+00,0.000000e+00,0.000000e+00,0.000000e+00,0.000000e+00,0.000000e+00,0.000000e+00,0.000000e+00,0.000000e+00,0.000000e+00,0.000000e+00,0.000000e+00,0.000000e+00,0.000000e+00
1.000000e+00,0.000000e+00,0.000000e+00,0.000000e+00,0.000000e+00,0.000000e+00,0.000000e+00,0.000000e+00,0.000000e+00,0.000000e+00,0.000000e+00,0.000000e+00,0.000000e+00,0.000000e+00,0.000000e+00
1.000000e+00,0.000000e+00,0.000000e+00,0.000000e+00,0.000000e+00,0.000000e+00,0.000000e+00,0.000000e+00,0.000000e+00,0.000000e+00,0.000000e+00,0.000000e+00,0.000000e+00,0.000000e+00,0.000000e+00
1.000000e+00,0.000000e+00,0.000000e+00,0.000000e+00,0.000000e+00,0.000000e+00,0.000000e+00,0.000000e+00,0.000000e+00,0.000000e+00,0.000000e+00,0.000000e+00,0.000000e+00,0.000000e+00,0.000000e+00
1.000000e+00,0.000000e+00,0.000000e+00,0.000000e+00,0.000000e+00,0.000000e+00,0.000000e+00,0.000000e+00,0.000000e+00,0.000000e+00,0.000000e+00,0.000000e+00,0.000000e+00,0.000000e+00,0.000000e+00
1.000000e+00,0.000000e+00,0.000000e+00,0.000000e+00,0.000000e+00,0.000000e+00,0.000000e+00,0.000000e+00,0.000000e+00,0.000000e+00,0.000000e+00,0.000000e+00,0.000000e+00,0.000000e+00,0.000000e+00
1.000000e+00,0.000000e+00,0.000000e+00,0.000000e+00,0.000000e+00,0.000000e+00,0.000000e+00,0.000000e+00,0.000000e+00,0.000000e+00,0.000000e+00,0.000000e+00,0.000000e+00,0.000000e+00,0.000000e+00
1.000000e+00,0.000000e+00,0.000000e+00,0.000000e+00,0.000000e+00,0.000000e+00,0.000000e+00,0.000000e+00,0.000000e+00,0.000000e+00,0.000000e+00,0.000000e+00,0.000000e+00,0.000000e+00,0.000000e+00
1.000000e+00,0.000000e+00,0.000000e+00,0.000000e+00,0.000000e+00,0.000000e+00,0.000000e+00,0.000000e+00,0.000000e+00,0.000000e+00,0.000000e+00,0.000000e+00,0.000000e+00,0.000000e+00,0.000000e+00
1.000000e+00,0.000000e+00,0.000000e+00,0.000000e+00,0.000000e+00,0.000000e+00,0.000000e+00,0.000000e+00,0.000000e+00,0.000000e+00,0.000000e+00,0.000000e+00,0.000000e+00,0.000000e+00,0.000000e+00
1.000000e+00,0.000000e+00,0.000000e+00,0.000000e+00,0.000000e+00,0.000000e+00,0.000000e+00,0.000000e+00,0.000000e+00,0.000000e+00,0.000000e+00,0.000000e+00,0.000000e+00,0.000000e+00,0.000000e+00
1.000000e+00,0.000000e+00,0.000000e+00,0.000000e+00,0.000000e+00,0.000000e+00,0.000000e+00,0.000000e+00,0.000000e+00,0.000000e+00,0.000000e+00,0.000000e+00,0.000000e+00,0.000000e+00,0.000000e+00
1.000000e+00,0.000000e+00,0.000000e+00,0.000000e+00,0.000000e+00,0.000000e+00,0.000000e+00,0.000000e+00,0.000000e+00,0.000000e+00,0.000000e+00,0.000000e+00,0.000000e+00,0.000000e+00,0.000000e+00
1.000000e+00,0.000000e+00,0.000000e+00,0.000000e+00,0.000000e+00,0.000000e+00,0.000000e+00,0.000000e+00,0.000000e+00,0.000000e+00,0.000000e+00,0.000000e+00,0.000000e+00,0.000000e+00,0.000000e+00
1.000000e+00,0.000000e+00,0.000000e+00,0.000000e+00,0.000000e+00,0.000000e+00,0.000000e+00,0.000000e+00,0.000000e+00,0.000000e+00,0.000000e+00,0.000000e+00,0.000000e+00,0.000000e+00,0.000000e+00
1.000000e+00,0.000000e+00,0.000000e+00,0.000000e+00,0.000000e+00,0.000000e+00,0.000000e+00,0.000000e+00,0.000000e+00,0.000000e+00,0.000000e+00,0.000000e+00,0.000000e+00,0.000000e+00,0.000000e+00
1.000000e+00,0.000000e+00,0.000000e+00,0.000000e+00,0.000000e+00,0.000000e+00,0.000000e+00,0.000000e+00,0.000000e+00,0.000000e+00,0.000000e+00,0.000000e+00,0.000000e+00,0.000000e+00,0.000000e+00
1.000000e+00,0.000000e+00,0.000000e+00,0.000000e+00,0.000000e+00,0.000000e+00,0.000000e+00,0.000000e+00,0.000000e+00,0.000000e+00,0.000000e+00,0.000000e+00,0.000000e+00,0.000000e+00,0.000000e+00
1.000000e+00,0.000000e+00,0.000000e+00,0.000000e+00,0.000000e+00,0.000000e+00,0.000000e+00,0.000000e+00,0.000000e+00,0.000000e+00,0.000000e+00,0.000000e+00,0.000000e+00,0.000000e+00,0.000000e+00
1.000000e+00,0.000000e+00,0.000000e+00,0.000000e+00,0.000000e+00,0.000000e+00,0.000000e+00,0.000000e+00,0.000000e+00,0.000000e+00,0.000000e+00,0.000000e+00,0.000000e+00,0.000000e+00,0.000000e+00
1.000000e+00,0.000000e+00,0.000000e+00,0.000000e+00,0.000000e+00,0.000000e+00,0.000000e+00,0.000000e+00,0.000000e+00,0.000000e+00,0.000000e+00,0.000000e+00,0.000000e+00,0.000000e+00,0.000000e+00
1.000000e+00,0.000000e+00,0.000000e+00,0.000000e+00,0.000000e+00,0.000000e+00,0.000000e+00,0.000000e+00,0.000000e+00,0.000000e+00,0.000000e+00,0.000000e+00,0.000000e+00,0.000000e+00,0.000000e+00
3.896726e-01,1.068364e-02,4.687826e-03,2.222858e-02,3.429612e-03,6.720527e-02,3.619452e-03,3.910819e-03,1.216066e-02,2.674305e-03,4.307401e-03,1.111150e-02,4.265958e-01,1.243183e-03,3.646927e-02
2.731146e-01,7.717727e-03,3.384823e-03,1.596516e-02,2.643364e-03,5.022915e-02,2.630615e-03,2.750867e-03,8.904038e-03,2.003391e-03,3.176417e-03,8.005747e-03,5.290638e-01,9.047566e-04,8.950553e-02
1.911875e-01,5.417137e-03,2.376558e-03,1.129180e-02,1.879919e-03,3.547026e-02,1.851640e-03,1.926761e-03,6.322659e-03,1.459018e-03,2.361992e-03,5.634455e-03,4.984512e-01,6.497093e-04,2.337195e-01
1.338415e-01,3.806822e-03,1.666468e-03,8.084940e-03,1.363074e-03,2.567424e-02,1.315401e-03,1.349753e-03,4.716801e-03,1.197886e-03,1.930490e-03,4.059580e-03,4.629655e-01,6.660328e-04,3.473616e-01
9.370553e-02,2.669292e-03,1.173524e-03,6.082451e-03,9.660043e-04,1.954983e-02,9.454551e-04,9.512837e-04,3.495036e-03,1.429251e-03,3.943499e-03,3.502816e-03,3.285014e-01,5.527519e-04,5.325320e-01
6.569623e-02,1.903246e-03,8.554631e-04,6.515620e-03,7.386142e-04,2.058948e-02,7.199893e-04,6.741489e-04,4.769094e-03,2.513388e-03,5.681643e-03,3.465825e-03,2.407540e-01,8.145774e-04,6.443087e-01
4.619684e-02,1.396137e-03,6.245834e-04,7.312015e-03,6.261984e-04,3.267192e-02,5.913724e-04,4.857367e-04,1.313930e-02,4.742824e-03,1.244354e-02,6.073993e-03,1.729290e-01,2.422044e-03,6.983445e-01
3.243590e-02,1.148776e-03,4.968824e-04,6.383529e-03,5.595755e-04,3.546397e-02,4.539776e-04,3.601820e-04,1.328161e-01,3.824824e-03,1.237347e-02,4.879634e-03,1.236080e-01,2.842735e-03,6.423525e-01
2.286074e-02,9.038727e-04,3.934663e-04,4.764363e-03,4.682922e-04,5.007099e-02,3.524210e-04,2.607987e-04,1.256945e-01,5.592855e-03,1.712497e-02,4.311826e-03,8.867273e-02,5.496930e-03,6.730313e-01
1.629455e-02,7.902628e-04,3.228580e-04,3.506293e-03,4.639881e-04,6.172476e-02,2.660253e-04,1.924861e-04,1.361089e-01,6.927530e-03,1.986667e-02,6.424122e-03,6.679796e-02,6.242475e-03,6.740712e-01
1.193783e-02,9.107632e-04,3.078104e-04,2.741319e-03,4.491716e-04,7.016729e-02,2.310330e-04,1.449170e-04,1.739449e-01,9.172264e-03,2.836656e-02,8.879233e-03,4.987153e-02,1.541879e-02,6.274566e-01
8.787579e-03,3.026530e-03,2.769327e-04,2.119954e-03,3.676082e-04,6.133720e-02,1.980694e-04,1.108207e-04,1.788671e-01,8.882817e-03,3.705373e-02,9.743812e-03,3.738429e-02,5.875770e-02,5.930859e-01
6.325118e-03,4.626568e-03,6.838368e-04,1.512222e-03,3.563685e-04,4.459540e-02,1.503534e-04,8.037432e-05,1.602142e-01,8.448882e-03,3.968736e-02,6.995144e-03,2.652221e-02,1.111435e-01,5.886585e-01
4.577313e-03,5.281774e-03,8.279500e-04,1.083075e-03,3.210754e-04,3.447261e-02,1.314219e-04,6.041094e-05,1.523864e-01,7.199870e-03,3.397771e-02,5.114482e-03,1.906042e-02,1.425388e-01,5.929668e-01
3.332243e-03,6.592314e-03,6.968195e-04,7.874756e-04,3.707987e-04,2.859420e-02,1.214189e-04,5.040248e-05,1.877633e-01,6.930999e-03,2.600764e-02,3.754707e-03,1.358704e-02,1.935210e-01,5.278897e-01
2.502245e-03,9.891842e-03,5.322367e-04,5.953288e-04,5.423041e-04,2.222577e-02,1.000689e-04,3.947003e-05,2.103366e-01,5.694131e-03,2.043013e-02,2.882777e-03,9.798133e-03,3.009478e-01,4.134811e-01
2.831550e-03,3.942712e-02,8.646211e-04,5.077299e-04,6.327602e-04,1.667866e-02,7.751519e-05,4.245309e-05,2.788630e-01,1.669447e-02,3.663570e-02,2.336560e-03,7.554511e-03,2.946444e-01,3.022090e-01
7.547871e-03,3.907540e-02,4.285624e-03,5.822962e-03,2.483068e-03,1.908999e-02,1.850175e-04,7.899754e-04,3.939751e-01,1.654731e-02,4.802363e-02,5.529423e-03,1.246997e-02,2.291427e-01,2.150319e-01
1.575086e-02,5.297421e-02,3.217769e-02,1.053610e-02,8.283774e-03,2.114520e-02,4.051484e-04,5.943274e-03,3.997776e-01,1.994118e-02,5.759329e-02,5.399218e-03,1.409558e-02,1.990132e-01,1.569637e-01
1.181688e-02,4.498232e-02,2.601428e-02,2.198656e-02,6.565481e-03,1.588736e-02,3.063794e-04,4.950330e-03,5.280231e-01,2.139323e-02,4.281814e-02,5.477869e-03,1.349328e-02,1.428129e-01,1.134719e-01
1.020490e-02,3.645026e-02,1.958911e-02,2.348369e-02,6.181962e-03,1.192111e-02,2.315608e-04,4.957753e-03,5.787899e-01,6.174178e-02,3.490154e-02,5.068605e-03,1.385254e-02,1.063211e-01,8.630420e-02
1.314928e-02,3.808825e-02,1.453369e-02,2.083635e-02,6.405104e-03,1.048161e-02,2.018516e-04,4.243011e-03,4.951622e-01,9.680044e-02,7.419740e-02,1.296500e-02,5.080088e-02,8.351488e-02,7.862005e-02
1.123785e-02,3.115236e-02,1.082935e-02,3.239719e-02,5.032766e-03,8.428397e-03,1.666492e-04,4.659794e-03,5.566366e-01,7.736439e-02,6.105130e-02,1.227821e-02,6.226942e-02,6.329112e-02,6.320462e-02
1.048582e-02,2.384324e-02,7.738383e-03,2.508189e-02,3.984157e-03,7.648320e-03,1.604843e-04,3.771766e-03,5.605724e-01,6.563783e-02,5.280937e-02,1.116930e-02,1.117954e-01,5.582118e-02,5.948058e-02
1.151053e-02,2.543171e-02,5.944562e-03,2.135239e-02,8.942647e-03,2.487954e-02,1.935811e-04,5.023377e-03,5.268453e-01,5.373440e-02,4.579663e-02,1.025538e-02,1.097807e-01,7.904588e-02,7.126336e-02
1.024056e-02,2.204093e-02,4.796399e-03,3.297473e-02,8.564021e-03,2.507989e-02,1.787676e-04,5.290884e-03,6.019650e-01,4.281440e-02,3.418195e-02,8.114997e-03,8.648618e-02,5.860889e-02,5.866241e-02
1.518396e-02,2.489270e-02,6.722103e-03,3.533401e-02,1.207165e-02,3.690775e-02,5.480124e-04,5.735608e-03,5.550618e-01,3.346588e-02,4.719692e-02,1.139219e-02,8.627027e-02,5.354788e-02,7.566928e-02
1.300807e-02,2.553383e-02,1.406471e-02,4.783700e-02,9.320288e-03,2.787032e-02,4.195876e-04,4.329462e-03,5.866249e-01,2.915723e-02,3.505844e-02,8.522322e-03,6.229652e-02,4.039543e-02,9.556195e-02
1.081900e-02,2.034038e-02,1.228555e-02,4.606319e-02,8.962806e-03,2.101037e-02,3.411410e-04,3.900325e-03,6.209196e-01,2.548493e-02,3.619948e-02,6.740596e-03,4.932820e-02,3.023796e-02,1.073665e-01
8.213966e-03,1.496633e-02,9.463575e-03,4.006470e-02,6.464736e-03,1.501647e-02,2.471030e-04,2.783467e-03,5.997049e-01,2.259010e-02,3.065015e-02,5.430482e-03,3.745706e-02,3.767171e-02,1.692753e-01
7.252056e-03,1.081349e-02,7.353530e-03,3.803624e-02,5.094610e-03,1.112454e-02,2.127570e-04,2.129136e-03,5.534694e-01,3.621867e-02,5.921500e-02,7.777859e-03,5.569224e-02,4.834834e-02,1.572622e-01
5.504679e-03,7.731905e-03,5.204141e-03,2.796493e-02,3.674563e-03,7.919265e-03,1.763994e-04,1.587003e-03,5.891777e-01,2.736160e-02,6.499000e-02,1.134274e-02,8.505706e-02,4.093443e-02,1.213736e-01
1.706756e-02,6.018983e-03,4.543527e-03,2.650122e-02,5.295589e-03,7.090021e-03,3.569118e-04,1.854816e-03,5.044043e-01,2.568541e-02,1.182756e-01,3.707358e-02,9.280272e-02,3.873084e-02,1.142989e-01
2.643462e-02,6.183978e-03,4.972230e-03,2.735560e-02,1.545566e-02,7.829424e-03,5.459321e-04,2.131198e-03,4.378575e-01,2.102512e-02,1.587144e-01,3.476523e-02,9.304549e-02,6.556817e-02,9.811546e-02
2.931418e-02,5.733570e-03,4.175919e-03,1.947199e-02,1.401035e-02,6.115160e-03,4.855194e-04,1.962074e-03,4.406174e-01,2.677550e-02,1.319084e-01,2.676781e-02,7.000233e-02,1.414524e-01,8.120738e-02
2.811425e-02,6.164135e-03,4.369478e-03,1.401246e-02,1.335213e-02,4.900972e-03,4.064226e-04,1.697647e-03,4.414360e-01,2.592539e-02,1.226614e-01,2.043974e-02,5.620473e-02,1.835467e-01,7.676845e-02
2.960885e-02,5.674561e-03,4.226581e-03,1.010542e-02,9.828776e-03,4.859169e-03,3.345114e-04,1.326220e-03,4.824189e-01,3.233391e-02,1.043352e-01,1.524576e-02,4.173975e-02,1.775665e-01,8.039591e-02
2.469330e-02,6.206065e-03,4.407993e-03,8.072216e-03,9.864621e-03,7.542954e-03,3.063612e-04,1.298115e-03,5.506274e-01,3.979287e-02,8.063964e-02,1.178077e-02,3.087501e-02,1.634409e-01,6.045189e-02
2.021985e-02,5.199583e-03,4.359446e-03,6.111931e-03,9.914702e-03,6.219908e-03,2.872869e-04,1.073755e-03,5.401802e-01,5.955154e-02,6.380498e-02,8.699935e-03,2.292770e-02,1.987991e-01,5.265010e-02
1.793460e-02,6.608496e-03,7.325291e-03,4.778838e-03,1.014348e-02,5.705176e-03,2.700393e-04,2.958063e-03,4.858949e-01,8.848312e-02,6.064147e-02,7.690562e-03,1.882454e-02,2.287425e-01,5.399889e-02
1.621749e-02,5.189594e-03,5.963480e-03,3.621988e-03,1.063406e-02,4.652643e-03,2.492445e-04,3.026022e-03,4.895392e-01,1.692291e-01,4.693262e-02,5.804778e-03,1.450366e-02,1.828364e-01,4.159982e-02
1.323860e-02,3.892071e-03,5.108850e-03,2.696092e-03,1.084622e-02,3.771243e-03,2.010279e-04,3.478413e-03,4.600894e-01,2.364267e-01,3.874575e-02,4.409065e-03,1.206421e-02,1.669468e-01,3.808558e-02
1.210099e-02,3.121430e-03,5.713097e-03,2.089143e-03,1.000620e-02,3.256223e-03,1.627020e-04,4.386351e-03,4.712421e-01,2.279518e-01,3.313771e-02,3.454334e-03,1.012910e-02,1.832894e-01,2.995945e-02
1.166151e-02,3.463721e-03,5.369724e-03,1.841304e-03,1.258026e-02,3.342577e-03,1.338616e-04,4.324454e-03,4.930889e-01,2.328832e-01,2.622592e-02,2.771478e-03,8.614499e-03,1.690691e-01,2.462960e-02
1.725028e-02,3.486859e-03,9.506558e-03,2.466761e-03,1.550391e-02,3.681108e-03,1.296199e-04,6.742252e-03,5.006743e-01,2.052619e-01,2.649425e-02,3.054023e-03,8.601598e-03,1.688715e-01,2.827512e-02
2.114417e-02,3.584342e-03,8.991071e-03,3.528476e-03,2.013613e-02,3.956645e-03,1.198816e-04,1.147729e-02,5.149620e-01,1.764534e-01,2.211215e-02,2.492584e-03,7.038983e-03,1.790791e-01,2.492378e-02
2.942482e-02,3.551150e-03,9.385423e-03,4.374627e-03,4.204985e-02,5.899394e-03,2.844466e-04,3.313715e-02,5.005577e-01,1.569965e-01,1.654935e-02,1.930282e-03,5.383114e-03,1.694290e-01,2.104723e-02
3.273880e-02,6.588465e-03,1.828940e-02,2.650049e-02,8.210915e-02,6.116415e-03,4.270411e-04,3.177242e-02,5.085832e-01,1.193318e-01,1.555585e-02,3.706359e-03,7.734487e-03,1.219092e-01,1.863679e-02
2.847152e-02,6.373267e-03,1.652163e-02,3.666706e-02,1.071381e-01,6.634489e-03,5.327588e-04,2.638923e-02,5.151957e-01,8.892174e-02,1.664063e-02,4.909423e-03,1.952108e-02,9.393952e-02,3.214385e-02
3.479131e-02,7.147534e-03,1.533231e-02,2.723216e-02,9.329113e-02,7.281521e-03,1.513957e-03,1.106724e-01,4.900603e-01,6.434434e-02,1.910008e-02,5.828659e-03,2.260355e-02,7.323426e-02,2.756645e-02
3.938348e-02,6.703794e-03,1.359797e-02,1.999139e-02,9.847884e-02,6.605306e-03,1.402381e-03,2.176427e-01,3.921823e-01,4.681223e-02,2.539583e-02,8.159980e-03,2.907810e-02,7.171183e-02,2.285387e-02
3.580082e-02,5.564568e-03,1.330024e-02,1.966638e-02,1.137960e-01,6.206244e-03,1.227812e-03,3.300994e-01,3.259716e-01,3.289390e-02,1.886486e-02,6.392636e-03,2.210611e-02,5.134990e-02,1.675951e-02
2.674270e-02,4.325000e-03,1.059308e-02,1.426499e-02,8.657070e-02,4.609658e-03,9.872931e-04,5.150309e-01,2.324865e-01,2.304435e-02,1.334669e-02,4.493188e-03,1.564501e-02,3.603530e-02,1.182470e-02
1.922613e-02,3.075769e-03,8.112238e-03,1.025502e-02,6.338681e-02,3.252683e-03,7.172291e-04,6.556742e-01,1.630825e-01,1.615019e-02,9.388182e-03,3.148301e-03,1.099134e-02,2.525247e-02,8.286945e-03
1.393862e-02,2.180400e-03,5.795911e-03,7.249170e-03,4.707831e-02,2.465048e-03,5.365968e-04,7.552059e-01,1.142170e-01,1.131241e-02,6.587505e-03,2.208939e-03,7.714383e-03,1.770542e-02,5.804411e-03
1.059765e-02,1.577487e-03,4.182381e-03,5.160080e-03,3.455296e-02,2.270425e-03,4.140458e-04,8.251034e-01,8.003600e-02,7.931020e-03,4.648895e-03,1.563554e-03,5.450288e-03,1.243714e-02,4.074666e-03
8.803597e-03,1.170184e-03,2.995352e-03,3.821940e-03,2.885397e-02,1.696727e-03,4.076876e-04,8.708358e-01,5.607618e-02,5.555423e-03,3.274624e-03,1.102314e-03,3.833262e-03,8.717538e-03,2.855375e-03
1.169490e-02,9.759874e-04,2.178311e-03,2.919365e-03,2.560431e-02,1.476600e-03,4.799379e-04,8.973585e-01,3.935748e-02,3.903676e-03,2.377403e-03,8.030293e-04,2.738990e-03,6.121545e-03,2.009885e-03
2.113018e-02,1.059384e-03,1.628238e-03,2.461494e-03,5.214101e-02,2.131290e-03,5.599918e-04,8.778479e-01,2.789607e-02,2.747213e-03,1.938152e-03,6.721871e-04,2.056574e-03,4.311647e-03,1.418600e-03
2.442116e-02,1.014408e-03,1.486994e-03,2.484751e-03,7.532592e-02,2.586783e-03,6.523776e-04,8.615838e-01,1.999436e-02,1.938164e-03,1.617771e-03,8.515119e-04,1.930267e-03,3.066782e-03,1.044882e-03
3.468351e-02,9.579378e-04,1.166630e-03,2.559235e-03,8.530518e-02,2.720494e-03,6.291014e-04,8.496499e-01,1.440988e-02,1.366110e-03,1.395437e-03,7.129918e-04,1.511796e-03,2.169249e-03,7.624619e-04
3.228402e-02,9.104229e-04,9.392184e-04,2.240860e-03,7.633244e-02,2.484117e-03,5.085500e-04,8.680377e-01,1.023884e-02,9.717899e-04,1.115256e-03,6.201005e-04,1.200286e-03,1.530515e-03,5.858772e-04
3.031227e-02,8.000984e-04,7.531557e-04,2.075620e-03,5.782980e-02,2.023126e-03,4.503563e-04,8.931438e-01,7.280212e-03,6.982978e-04,9.641532e-04,8.091248e-04,1.252027e-03,1.089238e-03,5.187113e-04
3.071158e-02,6.574847e-04,6.361410e-04,1.788300e-03,4.438605e-02,1.668934e-03,4.746282e-04,9.096440e-01,5.186736e-03,4.979587e-04,8.246450e-04,9.941042e-04,1.346381e-03,7.825556e-04,4.005117e-04
3.367948e-02,5.162728e-04,5.602979e-04,1.529559e-03,3.382251e-02,1.490763e-03,5.807165e-04,9.198359e-01,3.705548e-03,3.602206e-04,6.854908e-04,1.044142e-03,1.299877e-03,5.678540e-04,3.214407e-04
3.500101e-02,4.325065e-04,4.793505e-04,1.263722e-03,2.598497e-02,1.230087e-03,5.349236e-04,9.286277e-01,2.649924e-03,2.652777e-04,5.787938e-04,1.025267e-03,1.234576e-03,4.134709e-04,2.784251e-04
3.915603e-02,4.317076e-04,4.415571e-04,1.162464e-03,1.939077e-02,1.078878e-03,4.600688e-04,9.323253e-01,1.885041e-03,2.020918e-04,5.406920e-04,1.029940e-03,1.214176e-03,3.146466e-04,3.666727e-04
5.131832e-02,4.137763e-04,4.267865e-04,1.125528e-03,1.476974e-02,9.652496e-04,4.031347e-04,9.257873e-01,1.342997e-03,1.564291e-04,5.004744e-04,1.017179e-03,1.111949e-03,2.438496e-04,4.172669e-04
7.096963e-02,4.089357e-04,5.426176e-04,1.098872e-03,1.126370e-02,1.077162e-03,4.143381e-04,9.092054e-01,9.964741e-04,1.340566e-04,5.193024e-04,1.303139e-03,1.202610e-03,2.229083e-04,6.408632e-04
9.310009e-02,4.206199e-04,5.801058e-04,1.002546e-03,8.892827e-03,1.034888e-03,4.174129e-04,8.898008e-01,7.941283e-04,1.153306e-04,5.020236e-04,1.416560e-03,1.103471e-03,1.987600e-04,6.204258e-04
1.259595e-01,4.233562e-04,6.139089e-04,9.326611e-04,7.109023e-03,1.060490e-03,5.013080e-04,8.587374e-01,6.527831e-04,1.103329e-04,4.832513e-04,1.531609e-03,1.060179e-03,1.919615e-04,6.321718e-04
1.804311e-01,5.419824e-04,8.715324e-04,1.008714e-03,5.764631e-03,1.678932e-03,9.880965e-04,8.025919e-01,5.976033e-04,1.338068e-04,5.813501e-04,2.199955e-03,1.288188e-03,3.186011e-04,1.003524e-03
2.082781e-01,5.759900e-04,1.108110e-03,1.156935e-03,5.002065e-03,2.123874e-03,1.410299e-03,7.733651e-01,5.765035e-04,1.791357e-04,6.493277e-04,2.599630e-03,1.427780e-03,3.637986e-04,1.183258e-03
2.336956e-01,6.001041e-04,1.284698e-03,1.199026e-03,4.208114e-03,2.418916e-03,1.533880e-03,7.477916e-01,5.516474e-04,1.928459e-04,6.496119e-04,2.756052e-03,1.467271e-03,3.898835e-04,1.260687e-03
2.492833e-01,6.076515e-04,1.324595e-03,1.183530e-03,3.594090e-03,2.612683e-03,1.637531e-03,7.318496e-01,4.946084e-04,1.889607e-04,7.845658e-04,2.931368e-03,1.534224e-03,4.428774e-04,1.530424e-03
2.639212e-01,5.750102e-04,1.314698e-03,1.162707e-03,3.272954e-03,2.771503e-03,1.786827e-03,7.166016e-01,4.674623e-04,1.832710e-04,8.896868e-04,3.186143e-03,1.612219e-03,4.894948e-04,1.765106e-03
2.475177e-01,5.147730e-04,1.158588e-03,1.057603e-03,3.128990e-03,2.559189e-03,1.934418e-03,7.339941e-01,4.386682e-04,1.672494e-04,8.175535e-04,3.028772e-03,1.614716e-03,4.471249e-04,1.620542e-03
2.325990e-01,4.601358e-04,1.038102e-03,9.709859e-04,2.941349e-03,2.231218e-03,1.867066e-03,7.509249e-01,3.688652e-04,1.562102e-04,7.064668e-04,2.547348e-03,1.395948e-03,3.808069e-04,1.411470e-03
2.171787e-01,4.456724e-04,1.014935e-03,9.731746e-04,2.842311e-03,1.921591e-03,1.805593e-03,7.678596e-01,3.069522e-04,1.504337e-04,6.022045e-04,2.167155e-03,1.202857e-03,3.138017e-04,1.214978e-03
1.917849e-01,3.838337e-04,1.288020e-03,9.519269e-04,3.265553e-03,1.819515e-03,2.848262e-03,7.921171e-01,2.672131e-04,1.566889e-04,5.429447e-04,2.068043e-03,1.165447e-03,2.706950e-04,1.069764e-03
1.634551e-01,3.158983e-04,1.212279e-03,8.731502e-04,3.506041e-03,1.687424e-03,3.247204e-03,8.208724e-01,2.247352e-04,1.473624e-04,4.738703e-04,1.802871e-03,1.069126e-03,2.195252e-04,8.929311e-04
1.333368e-01,2.553542e-04,1.166895e-03,7.697944e-04,3.302499e-03,1.518825e-03,3.344839e-03,8.522581e-01,1.778342e-04,1.270799e-04,3.926709e-04,1.523453e-03,9.217475e-04,1.766234e-04,7.273935e-04
1.080534e-01,2.146989e-04,1.017588e-03,6.272625e-04,3.498100e-03,1.226547e-03,3.811344e-03,8.782721e-01,1.515554e-04,1.045567e-04,3.181609e-04,1.225030e-03,7.579999e-04,1.414522e-04,5.802550e-04
9.259523e-02,2.008863e-04,8.290310e-04,5.153437e-04,3.313431e-03,1.185789e-03,3.162632e-03,8.951777e-01,1.303604e-04,1.092264e-04,3.076406e-04,1.092997e-03,7.339733e-04,1.307509e-04,5.149401e-04
8.201472e-02,3.787231e-04,6.773929e-04,5.319665e-04,3.853556e-03,1.538889e-03,2.597031e-03,8.075704e-01,5.348105e-04,2.910108e-04,2.118671e-03,3.729777e-03,8.835133e-02,3.502897e-04,5.461426e-03
5.955270e-02,3.051434e-04,4.885159e-04,5.780290e-04,3.130951e-03,1.367817e-03,2.185178e-03,6.129439e-01,7.635505e-04,2.703763e-04,2.562469e-03,9.626649e-03,3.012698e-01,3.966365e-04,4.558331e-03
4.229810e-02,3.207699e-04,3.692202e-04,8.258139e-04,2.853628e-03,1.156918e-03,2.250479e-03,4.644937e-01,4.390858e-03,9.672155e-04,3.937582e-03,5.566974e-02,4.130790e-01,2.899914e-03,4.487131e-03
3.005052e-02,2.824324e-04,2.862451e-04,1.012229e-03,2.667522e-03,1.015184e-03,2.913777e-03,3.307926e-01,1.160929e-02,7.859641e-04,3.674815e-03,2.628579e-01,3.458883e-01,2.935702e-03,3.227475e-03
2.165391e-02,2.453373e-04,2.409829e-04,1.000971e-03,2.381884e-03,8.925331e-04,2.263577e-03,2.329500e-01,1.384238e-02,6.886075e-04,5.734677e-03,4.603277e-01,2.524207e-01,3.022298e-03,2.334450e-03
1.524029e-02,1.993429e-04,1.860714e-04,7.470737e-04,1.890705e-03,6.949750e-04,1.603557e-03,1.632731e-01,1.057803e-02,6.204335e-04,6.192519e-03,5.934005e-01,1.994835e-01,4.208872e-03,1.681086e-03
1.090802e-02,3.854642e-04,1.809976e-04,5.625205e-04,1.633520e-03,5.965290e-04,1.162552e-03,1.144155e-01,8.709888e-03,9.009500e-04,4.162230e-02,6.613672e-01,1.476468e-01,8.667306e-03,1.240367e-03
8.339277e-03,5.751970e-04,2.006071e-04,4.391115e-04,1.368535e-03,5.748571e-04,8.498068e-04,8.017615e-02,7.975321e-03,1.414805e-03,1.139418e-01,6.578274e-01,1.067519e-01,1.862374e-02,9.414996e-04
5.897572e-03,5.727447e-04,1.761941e-04,3.183931e-04,1.031018e-03,4.362738e-04,6.005354e-04,5.615255e-02,8.052910e-03,1.426039e-03,1.128599e-01,7.093564e-01,7.710321e-02,2.531281e-02,7.034148e-04
4.144830e-03,4.913787e-04,1.503498e-04,2.330141e-04,7.614924e-04,3.193662e-04,4.232762e-04,3.932792e-02,9.021401e-03,1.267882e-03,1.023983e-01,7.543356e-01,5.570031e-02,3.089607e-02,5.288112e-04
2.963027e-03,4.754184e-04,1.508221e-04,1.979434e-04,5.890128e-04,3.064802e-04,2.990031e-04,2.754993e-02,1.455789e-02,1.429664e-03,1.186372e-01,7.266845e-01,4.124169e-02,6.440452e-02,5.130209e-04
2.133323e-03,1.043816e-03,5.313150e-04,2.983558e-04,1.217334e-03,3.193167e-04,2.135943e-04,1.937005e-02,2.885809e-02,1.423104e-03,1.423659e-01,6.737420e-01,3.041715e-02,9.754453e-02,5.220670e-04
1.615468e-03,2.665730e-03,1.363233e-03,7.765632e-04,3.764131e-03,4.817511e-04,1.558076e-04,1.363986e-02,5.700335e-02,2.170533e-03,2.071097e-01,5.768775e-01,2.267413e-02,1.090769e-01,6.253584e-04
1.527913e-03,2.383131e-03,1.616400e-03,1.369739e-03,3.683277e-03,1.106191e-03,1.201529e-04,9.693467e-03,1.252304e-01,3.214065e-03,2.678121e-01,4.581522e-01,1.721058e-02,1.060613e-01,8.189954e-04
1.399710e-03,3.365854e-03,2.569425e-03,1.528535e-03,4.094758e-03,1.661975e-03,9.153308e-05,6.877857e-03,1.901473e-01,3.882097e-03,3.163263e-01,3.485073e-01,1.286506e-02,1.055525e-01,1.129832e-03
1.322907e-03,4.971617e-03,2.472069e-03,1.257474e-03,3.054727e-03,3.190544e-03,6.990738e-05,4.886362e-03,1.836685e-01,3.987304e-03,4.187304e-01,2.580444e-01,9.257395e-03,1.038391e-01,1.247387e-03
1.129490e-03,6.934713e-03,2.750361e-03,1.054961e-03,2.314802e-03,3.646839e-03,5.406972e-05,3.531756e-03,1.731910e-01,5.075202e-03,5.218400e-01,1.885019e-01,6.584894e-03,8.205456e-02,1.335468e-03
9.188730e-04,1.103822e-02,3.296326e-03,8.454550e-04,1.790042e-03,3.506686e-03,4.110357e-05,2.520500e-03,1.580312e-01,1.235561e-02,5.941929e-01,1.425098e-01,4.670336e-03,6.214325e-02,2.139760e-03
9.816696e-04,9.356684e-03,3.804577e-03,9.237334e-04,1.713600e-03,8.655338e-03,3.711115e-05,2.011979e-03,2.172792e-01,2.680822e-02,5.508465e-01,1.112852e-01,3.573003e-03,5.477552e-02,7.947699e-03
1.285900e-03,2.115345e-02,4.561611e-03,9.249238e-04,2.061237e-03,1.934597e-02,5.392575e-05,1.622162e-03,2.452762e-01,2.772979e-02,5.272108e-01,8.562290e-02,2.849311e-03,5.081322e-02,9.488612e-03
1.447101e-03,1.597082e-02,3.939451e-03,1.090741e-03,2.202113e-03,3.093882e-02,4.614491e-05,1.394697e-03,3.381999e-01,5.763107e-02,4.153084e-01,6.189487e-02,2.916577e-03,4.369923e-02,2.332009e-02
1.753213e-03,1.208701e-02,3.409338e-03,1.081400e-03,2.429234e-03,3.723725e-02,3.916918e-05,1.142229e-03,3.614301e-01,1.019492e-01,3.568532e-01,4.431255e-02,2.936716e-03,4.090101e-02,3.243826e-02
1.848550e-03,8.629317e-03,2.600207e-03,8.642889e-04,1.910122e-03,3.043330e-02,2.971880e-05,9.116974e-04,4.161237e-01,1.611885e-01,2.624163e-01,3.183658e-02,2.520336e-03,3.216202e-02,4.652533e-02
3.156193e-03,6.433291e-03,1.889979e-03,6.945470e-04,1.516266e-03,2.646331e-02,2.737093e-05,7.446911e-04,4.814213e-01,1.682203e-01,1.940882e-01,2.314797e-02,2.493299e-03,3.101997e-02,5.868321e-02
1.134920e-02,7.932987e-03,1.520347e-03,1.055013e-03,2.942776e-03,2.831167e-02,4.785361e-05,1.274547e-03,4.198415e-01,1.831939e-01,2.142306e-01,2.400240e-02,4.509702e-03,3.705723e-02,6.273022e-02
1.356281e-02,1.505383e-02,1.082618e-02,8.897722e-03,6.042460e-03,3.035368e-02,2.401074e-04,1.751311e-02,3.703808e-01,2.221733e-01,1.778832e-01,1.995116e-02,5.156271e-03,3.095794e-02,7.100739e-02
1.188655e-02,6.976710e-02,8.733305e-03,1.156879e-02,6.826632e-03,2.904165e-02,1.931742e-04,1.279679e-02,3.505960e-01,2.423897e-01,1.300777e-01,1.494998e-02,4.686869e-03,2.601441e-02,8.047134e-02
9.653655e-03,7.803489e-02,9.713616e-03,4.824188e-02,8.614280e-03,3.123701e-02,2.299161e-04,1.240361e-02,4.358436e-01,1.762792e-01,9.170648e-02,1.091349e-02,3.644251e-03,1.923307e-02,6.425104e-02
7.019846e-03,1.501902e-01,9.172195e-03,7.899642e-02,6.470551e-03,2.498809e-02,1.666681e-04,8.986721e-03,4.166999e-01,1.338103e-01,6.481756e-02,7.719260e-03,2.838215e-03,1.372472e-02,7.439940e-02
5.413258e-03,2.636212e-01,9.152271e-03,7.660726e-02,5.660253e-03,2.027361e-02,1.322390e-04,6.907857e-03,3.423077e-01,1.162834e-01,4.672348e-02,5.588999e-03,3.437152e-03,9.831139e-03,8.806033e-02
3.855425e-03,2.383880e-01,7.909810e-03,6.672234e-02,4.050446e-03,1.447251e-02,9.367555e-05,4.961019e-03,4.231882e-01,9.360310e-02,3.412764e-02,4.174482e-03,4.341020e-03,6.922698e-03,9.318964e-02
4.143990e-03,2.916364e-01,9.049529e-03,5.598016e-02,8.342639e-03,1.603118e-02,1.235161e-04,7.600578e-03,3.775128e-01,8.861167e-02,2.628912e-02,3.136334e-03,5.579195e-03,5.232999e-03,1.007299e-01
1.551657e-02,3.126051e-01,9.404506e-03,5.908844e-02,2.008064e-02,1.851275e-02,2.081408e-04,2.154268e-02,3.157767e-01,6.875975e-02,2.060927e-02,2.295438e-03,5.121455e-03,4.389910e-03,1.260888e-01
1.479231e-02,2.351843e-01,1.917016e-02,6.808097e-02,1.647379e-02,1.375648e-02,1.833205e-04,2.964394e-02,3.419649e-01,8.092029e-02,1.652681e-02,1.694625e-03,4.053161e-03,3.211728e-03,1.543432e-01
2.417833e-02,2.051560e-01,1.760335e-02,5.380616e-02,1.453902e-02,1.115121e-02,1.827731e-04,2.551912e-02,3.019596e-01,1.222154e-01,1.307096e-02,1.275819e-03,3.210530e-03,2.626094e-03,2.035057e-01
2.272904e-02,1.754631e-01,2.020820e-02,9.041729e-02,1.723436e-02,8.868003e-03,2.516339e-04,2.387834e-02,3.425073e-01,9.715050e-02,1.129101e-02,1.113410e-03,3.159394e-03,2.025883e-03,1.837027e-01
2.529751e-02,1.404583e-01,3.762388e-02,1.658012e-01,1.955586e-02,7.884744e-03,4.536035e-04,1.891819e-02,2.784601e-01,9.277610e-02,1.047568e-02,1.005297e-03,2.761988e-03,1.819571e-03,1.967080e-01
5.391512e-02,1.237438e-01,5.804648e-02,1.198023e-01,2.401728e-02,1.229709e-02,5.611925e-04,1.566748e-02,2.137975e-01,9.867408e-02,9.085902e-03,1.159428e-03,2.746784e-03,3.284469e-03,2.632012e-01
5.039791e-02,1.025348e-01,1.234772e-01,1.693435e-01,3.278669e-02,1.257751e-02,2.499482e-03,1.546309e-02,1.694588e-01,8.179490e-02,6.880587e-03,9.876941e-04,2.629621e-03,2.763683e-03,2.264045e-01
7.944469e-02,9.613194e-02,1.556971e-01,1.622183e-01,5.725526e-02,1.463730e-02,4.699188e-03,3.055509e-02,1.362124e-01,6.348173e-02,5.583460e-03,1.297286e-03,3.190440e-03,2.980153e-03,1.866156e-01
1.295599e-01,8.231144e-02,1.746228e-01,1.525532e-01,6.298622e-02,2.038562e-02,3.869295e-03,2.956014e-02,1.108042e-01,4.766293e-02,5.542103e-03,1.658614e-03,4.180269e-03,4.001928e-03,1.703014e-01
1.985599e-01,9.048524e-02,1.483176e-01,1.339169e-01,6.596310e-02,2.651300e-02,4.253779e-03,3.529279e-02,9.601168e-02,3.710965e-02,7.316436e-03,5.745592e-03,6.248725e-03,4.656635e-03,1.396089e-01
2.965015e-01,7.797813e-02,1.143172e-01,1.115979e-01,7.849550e-02,3.466272e-02,1.198899e-02,3.615433e-02,7.719021e-02,2.799654e-02,7.075770e-03,1.060038e-02,9.177435e-03,4.377221e-03,1.018862e-01
3.134310e-01,5.817923e-02,9.494550e-02,8.570458e-02,1.552767e-01,3.138397e-02,1.659423e-02,5.109095e-02,6.655219e-02,2.074254e-02,5.645431e-03,9.660365e-03,1.199780e-02,3.894531e-03,7.490101e-02
2.285775e-01,6.159341e-02,6.931973e-02,1.997403e-01,1.655021e-01,2.621294e-02,1.322429e-02,3.692977e-02,5.787534e-02,3.903557e-02,2.175657e-02,8.275332e-03,1.336607e-02,3.112101e-03,5.547892e-02
2.241977e-01,4.873388e-02,5.225586e-02,1.552938e-01,1.392680e-01,3.062525e-02,3.329058e-02,3.027781e-02,4.525641e-02,3.795137e-02,5.662401e-02,3.837509e-02,5.775644e-02,3.941303e-03,4.615251e-02
1.945052e-01,3.854147e-02,3.728670e-02,1.486017e-01,1.249560e-01,2.655329e-02,3.008947e-02,2.288219e-02,3.869415e-02,3.026329e-02,7.257217e-02,4.342200e-02,1.504906e-01,3.583469e-03,3.755847e-02
1.380429e-01,2.787284e-02,2.630887e-02,1.184043e-01,9.071250e-02,2.031766e-02,2.122966e-02,1.611021e-02,2.877588e-02,2.211414e-02,6.594561e-02,4.570542e-02,3.468789e-01,2.832412e-03,2.874871e-02
9.761941e-02,1.956953e-02,1.848060e-02,8.644592e-02,6.880603e-02,1.508742e-02,1.491509e-02,1.145420e-02,2.475413e-02,1.595097e-02,8.191782e-02,4.136657e-02,4.794636e-01,2.120558e-03,2.204819e-02
6.996265e-02,1.383919e-02,1.394087e-02,6.615002e-02,6.179392e-02,1.102019e-02,1.060014e-02,8.344005e-03,2.205580e-02,1.192096e-02,1.028377e-01,4.119505e-02,5.456689e-01,1.638961e-03,1.903165e-02
7.631125e-02,1.033775e-02,1.385869e-02,4.817242e-02,5.448422e-02,2.111081e-02,7.992096e-03,6.995319e-03,3.121737e-02,9.860827e-03,8.189869e-02,7.162762e-02,4.883766e-01,3.572132e-03,7.418422e-02
5.739924e-02,7.675972e-03,1.296402e-02,4.020370e-02,4.973119e-02,2.132843e-02,5.833824e-03,5.961118e-03,2.936924e-02,7.650729e-03,6.298097e-02,1.051973e-01,5.245489e-01,3.016306e-03,6.613900e-02
4.055474e-02,5.649503e-03,1.048276e-02,2.918233e-02,4.028346e-02,1.684269e-02,4.255826e-03,4.335274e-03,2.202182e-02,5.616094e-03,4.577983e-02,1.949369e-01,5.196400e-01,2.292558e-03,5.812624e-02
2.879007e-02,4.130711e-03,7.358420e-03,2.077976e-02,2.907542e-02,1.492103e-02,3.046713e-03,3.129602e-03,1.640728e-02,4.146281e-03,3.859643e-02,1.973862e-01,5.856327e-01,3.754415e-03,4.284498e-02
2.066602e-02,3.393330e-03,5.363133e-03,2.336634e-02,2.364746e-02,1.480551e-02,2.342158e-03,2.725542e-03,1.374366e-02,3.969036e-03,5.223235e-02,2.760153e-01,5.222048e-01,4.477845e-03,3.104760e-02
1.494986e-02,3.491183e-03,3.900785e-03,1.974324e-02,1.846506e-02,1.400553e-02,1.829589e-03,2.381411e-03,1.304274e-02,3.754247e-03,5.113054e-02,4.004089e-01,4.259925e-01,4.763101e-03,2.214132e-02
1.089417e-02,3.509886e-03,2.991766e-03,1.710724e-02,1.722355e-02,1.281831e-02,1.568370e-03,2.305665e-03,1.161793e-02,3.926254e-03,6.014287e-02,4.555890e-01,3.794834e-01,4.610160e-03,1.621138e-02
8.361901e-03,3.363232e-03,2.428674e-03,1.251231e-02,1.293611e-02,1.069370e-02,1.376764e-03,1.976189e-03,1.015149e-02,4.366605e-03,4.551161e-02,5.341050e-01,3.348447e-01,5.273378e-03,1.209833e-02
6.352084e-03,2.822774e-03,2.214413e-03,9.169575e-03,1.277731e-02,8.825189e-03,1.113139e-03,1.805328e-03,1.015361e-02,4.247294e-03,3.973877e-02,6.090287e-01,2.771619e-01,5.722898e-03,8.867056e-03
5.008912e-03,3.003469e-03,3.499537e-03,6.914467e-03,3.510488e-02,8.770419e-03,2.039619e-03,2.282971e-03,1.172779e-02,4.420468e-03,3.624535e-02,6.392584e-01,2.306680e-01,4.619230e-03,6.436427e-03
4.153755e-03,3.738382e-03,5.045414e-03,5.365146e-03,3.645921e-02,7.579362e-03,2.922958e-03,3.312532e-03,1.475442e-02,6.156277e-03,2.669129e-02,7.082587e-01,1.666961e-01,3.877672e-03,4.988831e-03
3.206727e-03,2.841970e-03,5.669810e-03,4.140665e-03,3.069610e-02,5.868976e-03,4.019945e-03,2.638870e-02,1.232346e-02,5.138869e-03,2.090363e-02,7.459972e-01,1.260487e-01,2.966737e-03,3.788611e-03
6.122186e-03,3.808294e-03,1.134393e-02,8.353262e-03,4.156829e-02,9.898035e-03,4.340728e-03,6.163184e-02,1.621262e-02,5.170510e-03,2.126299e-02,6.811732e-01,1.208113e-01,4.057560e-03,4.245311e-03
8.286899e-03,6.893314e-03,1.575417e-02,9.438612e-03,3.895434e-02,1.431398e-02,7.471729e-03,9.456299e-02,3.918640e-02,6.624271e-03,2.269795e-02,5.880747e-01,1.332068e-01,4.693637e-03,9.840115e-03
1.196261e-02,1.047144e-02,2.192828e-02,9.871859e-03,4.526406e-02,1.875583e-02,9.205844e-03,9.868774e-02,4.791652e-02,6.955896e-03,3.202570e-02,4.752315e-01,1.847318e-01,6.929430e-03,2.006150e-02
2.504817e-02,1.369430e-02,6.656597e-02,3.899403e-02,5.691649e-02,2.384847e-02,9.187157e-03,1.533887e-01,5.047114e-02,6.242955e-03,2.488123e-02,3.439935e-01,1.536994e-01,7.612599e-03,2.545593e-02
4.495736e-02,1.460311e-02,1.340723e-01,3.789535e-02,5.210276e-02,2.590441e-02,8.406439e-03,1.739469e-01,6.199635e-02,5.511075e-03,2.014313e-02,2.548122e-01,1.335143e-01,6.964431e-03,2.516994e-02
