1.000000e+00,0.000000e+00,0.000000e+00,0.000000e+00,0.000000e+00,0.000000e+00,0.000000e+00,0.000000e+00,0.000000e+00,0.000000e+00,0.000000e+00,0.000000e+00,0.000000e+00,0.000000e+00,0.000000e+00
1.000000e+00,0.000000e+00,0.000000e+00,0.000000e+00,0.000000e+00,0.000000e+00,0.000000e+00,0.000000e+00,0.000000e+00,0.000000e+00,0.000000e+00,0.000000e+00,0.000000e+00,0.000000e+00,0.000000e+00
1.000000e+00,0.000000e+00,0.000000e+00,0.000000e+00,0.000000e+00,0.000000e+00,0.000000e+00,0.000000e+00,0.000000e+00,0.000000e+00,0.000000e+00,0.000000e+00,0.000000e+00,0.000000e+00,0.000000e+00
1.000000e+00,0.000000e+00,0.000000e+00,0.000000e+00,0.000000e+00,0.000000e+00,0.000000e+00,0.000000e+00,0.000000e+00,0.000000e+00,0.000000e+00,0.000000e+00,0.000000e+00,0.000000e+00,0.000000e+00
1.000000e+00,0.000000e+00,0.000000e+00,0.000000e+00,0.000000e+00,0.000000e+00,0.000000e+00,0.000000e+00,0.000000e+00,0.000000e+00,0.000000e+00,0.000000e+00,0.000000e+00,0.000000e+00,0.000000e+00
1.000000e+00,0.000000e+00,0.000000e+00,0.000000e+00,0.000000e+00,0.000000e+00,0.000000e+00,0.000000e+00,0.000000e+00,0.000000e+00,0.000000e+00,0.000000e+00,0.000000e+00,0.000000e+00,0.000000e+00
1.000000e+00,0.000000e+00,0.000000e+00,0.000000e+00,0.000000e+00,0.000000e+00,0.000000e+00,0.000000e+00,0.000000e+00,0.000000e+00,0.000000e+00,0.000000e+00,0.000000e+00,0.000000e+00,0.000000e+00
1.000000e+00,0.000000e+00,0.000000e+00,0.000000e+00,0.000000e+00,0.000000e+00,0.000000e+00,0.000000e+00,0.000000e+00,0.000000e+00,0.000000e+00,0.000000e+00,0.000000e+00,0.000000e+00,0.000000e+00
1.000000e+00,0.000000e+00,0.000000e+00,0.000000e+00,0.000000e+00,0.000000e+00,0.000000e+00,0.000000e+00,0.000000e+00,0.000000e+00,0.000000e+00,0.000000e+00,0.000000e+00,0.000000e+00,0.000000e+00
1.000000e+00,0.000000e+00,0.000000e+00,0.000000e+00,0.000000e+00,0.000000e+00,0.000000e+00,0.000000e+00,0.000000e+00,0.000000e+00,0.000000e+00,0.000000e+00,0.000000e+00,0.000000e+00,0.000000e+00
1.000000e+00,0.000000e+00,0.000000e+00,0.000000e+00,0.000000e+00,0.000000e+00,0.000000e+00,0.000000e+00,0.000000e+00,0.000000e+00,0.000000e+00,0.000000e+00,0.000000e+00,0.000000e+00,0.000000e+00
1.000000e+00,0.000000e+00,0.000000e+00,0.000000e+00,0.000000e+00,0.000000e+00,0.000000e+00,0.000000e+00,0.000000e+00,0.000000e+00,0.000000e+00,0.000000e+00,0.000000e+00,0.000000e+00,0.000000e+00
1.000000e+00,0.000000e+00,0.000000e+00,0.000000e+00,0.000000e+00,0.000000e+00,0.000000e+00,0.000000e+00,0.000000e+00,0.000000e+00,0.000000e+00,0.000000e+00,0.000000e+00,0.000000e+00,0.000000e+00
1.000000e+00,0.000000e+00,0.000000e+00,0.000000e+00,0.000000e+00,0.000000e+00,0.000000e+00,0.000000e+00,0.000000e+00,0.000000e+00,0.000000e+00,0.000000e+00,0.000000e+00,0.000000e+00,0.000000e+00
1.000000e+00,0.000000e+00,0.000000e+00,0.000000e+00,0.000000e+00,0.000000e+00,0.000000e+00,0.000000e+00,0.000000e+00,0.000000e+00,0.000000e+00,0.000000e+00,0.000000e+00,0.000000e+00,0.000000e+00
1.000000e+00,0.000000e+00,0.000000e+00,0.000000e+00,0.000000e+00,0.000000e+00,0.000000e+00,0.000000e+00,0.000000e+00,0.000000e+00,0.000000e+00,0.000000e+00,0.000000e+00,0.000000e+00,0.000000e+00
1.000000e+00,0.000000e+00,0.000000e+00,0.000000e+00,0.000000e+00,0.000000e+00,0.000000e+00,0.000000e+00,0.000000e+00,0.000000e+00,0.000000e+00,0.000000e+00,0.000000e+00,0.000000e+00,0.000000e+00
1.000000e+00,0.000000e+00,0.000000e+00,0.000000e+00,0.000000e+00,0.000000e+00,0.000000e+00,0.000000e+00,0.000000e+00,0.000000e+00,0.000000e+00,0.000000e+00,0.000000e+00,0.000000e+00,0.000000e+00
1.000000e+00,0.000000e+00,0.000000e+00,0.000000e+00,0.000000e+00,0.000000e+00,0.000000e+00,0.000000e+00,0.000000e+00,0.000000e+00,0.000000e+00,0.000000e+00,0.000000e+00,0.000000e+00,0.000000e+00
1.000000e+00,0.000000e+00,0.000000e+00,0.000000e+00,0.000000e+00,0.000000e+00,0.000000e+00,0.000000e+00,0.000000e+00,0.000000e+00,0.000000e+00,0.000000e+00,0.000000e+00,0.000000e+00,0.000000e+00
1.000000e+00,0.000000e+00,0.000000e+00,0.000000e+00,0.000000e+00,0.000000e+00,0.000000e+00,0.000000e+00,0.000000e+00,0.000000e+00,0.000000e+00,0.000000e+00,0.000000e+00,0.000000e+00,0.000000e+00
1.000000e+00,0.000000e+00,0.000000e+00,0.000000e+00,0.000000e+00,0.000000e+00,0.000000e+00,0.000000e+00,0.000000e+00,0.000000e+00,0.000000e+00,0.000000e+00,0.000000e+00,0.000000e+00,0.000000e+00
1.000000e+00,0.000000e+00,0.000000e+00,0.000000e+00,0.000000e+00,0.000000e+00,0.000000e+00,0.000000e+00,0.000000e+00,0.000000e+00,0.000000e+00,0.000000e+00,0.000000e+00,0.000000e+00,0.000000e+00
1.000000e+00,0.000000e+00,0.000000e+00,0.000000e+00,0.000000e+00,0.000000e+00,0.000000e+00,0.000000e+00,0.000000e+00,0.000000e+00,0.000000e+00,0.000000e+00,0.000000e+00,0.000000e+00,0.000000e+00
1.000000e+00,0.000000e+00,0.000000e+00,0.000000e+00,0.000000e+00,0.000000e+00,0.000000e+00,0.000000e+00,0.000000e+00,0.000000e+00,0.000000e+00,0.000000e+00,0.000000e+00,0.000000e+00,0.000000e+00
1.000000e+00,0.000000e+00,0.000000e+00,0.000000e+00,0.000000e+00,0.000000e+00,0.000000e+00,0.000000e+00,0.000000e+00,0.000000e+00,0.000000e+00,0.000000e+00,0.000000e+00,0.000000e+00,0.000000e+00
1.000000e+00,0.000000e+00,0.000000e+00,0.000000e+00,0.000000e+00,0.000000e+00,0.000000e+00,0.000000e+00,0.000000e+00,0.000000e+00,0.000000e+00,0.000000e+00,0.000000e+00,0.000000e+00,0.000000e+00
1.000000e+00,0.000000e+00,0.000000e+00,0.000000e+00,0.000000e+00,0.000000e+00,0.000000e+00,0.000000e+00,0.000000e+00,0.000000e+00,0.000000e+00,0.000000e+00,0.000000e+00,0.000000e+00,0.000000e+00
1.000000e+00,0.000000e+00,0.000000e+00,0.000000e+00,0.000000e+00,0.000000e+00,0.000000e+00,0.000000e+00,0.000000e+00,0.000000e+00,0.000000e+00,0.000000e+00,0.000000e+00,0.000000e+00,0.000000e+00
1.000000e+00,0.000000e+00,0.000000e+00,0.000000e+00,0.000000e+00,0.000000e+00,0.000000e+00,0.000000e+00,0.000000e+00,0.000000e+00,0.000000e+00,0.000000e+00,0.000000e+00,0.000000e+00,0.000000e+00
1.000000e+00,0.000000e+00,0.000000e+00,0.000000e+00,0.000000e+00,0.000000e+00,0.000000e+00,0.000000e+00,0.000000e+00,0.000000e+00,0.000000e+00,0.000000e+00,0.000000e+00,0.000000e+00,0.000000e+00
1.000000e+00,0.000000e+00,0.000000e+00,0.000000e+00,0.000000e+00,0.000000e+00,0.000000e+00,0.000000e+00,0.000000e+00,0.000000e+00,0.000000e+00,0.000000e+00,0.000000e+00,0.000000e+00,0.000000e+00
1.000000e+00,0.000000e+00,0.000000e+00,0.000000e+00,0.000000e+00,0.000000e+00,0.000000e+00,0.000000e+00,0.000000e+00,0.000000e+00,0.000000e+00,0.000000e+00,0.000000e+00,0.000000e+00,0.000000e+00
1.000000e+00,0.000000e+00,0.000000e+00,0.000000e+00,0.000000e+00,0.000000e+00,0.000000e+00,0.000000e+00,0.000000e+00,0.000000e+00,0.000000e+00,0.000000e+00,0.000000e+00,0.000000e+00,0.000000e+00
1.000000e+00,0.000000e+00,0.000000e+00,0.000000e+00,0.000000e+00,0.000000e+00,0.000000e+00,0.000000e+00,0.000000e+00,0.000000e+00,0.000000e+00,0.000000e+00,0.000000e+00,0.000000e+00,0.000000e+00
1.000000e+00,0.000000e+00,0.000000e+00,0.000000e+00,0.000000e+00,0.000000e+00,0.000000e+00,0.000000e+00,0.000000e+00,0.000000e+00,0.000000e+00,0.000000e+00,0.000000e+00,0.000000e+00,0.000000e+00
1.000000e+00,0.000000e+00,0.000000e+00,0.000000e+00,0.000000e+00,0.000000e+00,0.000000e+00,0.000000e+00,0.000000e+00,0.000000e+00,0.000000e+00,0.000000e+00,0.000000e+00,0.000000e+00,0.000000e+00
1.000000e+00,0.000000e+00,0.000000e+00,0.000000e+00,0.000000e+00,0.000000e+00,0.000000e+00,0.000000e+00,0.000000e+00,0.000000e+00,0.000000e+00,0.000000e+00,0.000000e+00,0.000000e+00,0.000000e+00
1.000000e+00,0.000000e+00,0.000000e+00,0.000000e+00,0.000000e+00,0.000000e+00,0.000000e+00,0.000000e+00,0.000000e+00,0.000000e+00,0.000000e+00,0.000000e+00,0.000000e+00,0.000000e+00,0.000000e+00
1.000000e+00,0.000000e+00,0.000000e+00,0.000000e+00,0.000000e+00,0.000000e+00,0.000000e+00,0.000000e+00,0.000000e+00,0.000000e+00,0.000000e+00,0.000000e+00,0.000000e+00,0.000000e+00,0.000000e+00
1.000000e+00,0.000000e+00,0.000000e+00,0.000000e+00,0.000000e+00,0.000000e+00,0.000000e+00,0.000000e+00,0.000000e+00,0.000000e+00,0.000000e+00,0.000000e+00,0.000000e+00,0.000000e+00,0.000000e+00
1.000000e+00,0.000000e+00,0.000000e+00,0.000000e+00,0.000000e+00,0.000000e+00,0.000000e+00,0.000000e+00,0.000000e+00,0.000000e+00,0.000000e+00,0.000000e+00,0.000000e+00,0.000000e+00,0.000000e+00
1.000000e+00,0.000000e+00,0.000000e+00,0.000000e+00,0.000000e+00,0.000000e+00,0.000000e+00,0.000000e+00,0.000000e+00,0.000000e+00,0.000000e+00,0.000000e+00,0.000000e+00,0.000000e+00,0.000000e+00
1.000000e+00,0.000000e+00,0.000000e+00,0.000000e+00,0.000000e+00,0.000000e+00,0.000000e+00,0.000000e+00,0.000000e+00,0.000000e+00,0.000000e+00,0.000000e+00,0.000000e+00,0.000000e+00,0.000000e+00
1.000000e+00,0.000000e+00,0.000000e+00,0.000000e+00,0.000000e+00,0.000000e+00,0.000000e+00,0.000000e+00,0.000000e+00,0.000000e+00,0.000000e+00,0.000000e+00,0.000000e+00,0.000000e+00,0.000000e+00
1.000000e+00,0.000000e+00,0.000000e+00,0.000000e+00,0.000000e+00,0.000000e+00,0.000000e+00,0.000000e+00,0.000000e+00,0.000000e+00,0.000000e+00,0.000000e+00,0.000000e+00,0.000000e+00,0.000000e+00
1.000000e+00,0.000000e+00,0.000000e+00,0.000000e+00,0.000000e+00,0.000000e+00,0.000000e+00,0.000000e+00,0.000000e+00,0.000000e+00,0.000000e+00,0.000000e+00,0.000000e+00,0.000000e+00,0.000000e+00
1.000000e+00,0.000000e+00,0.000000e+00,0.000000e+00,0.000000e+00,0.000000e+00,0.000000e+00,0.000000e+00,0.000000e+00,0.000000e+00,0.000000e+00,0.000000e+00,0.000000e+00,0.000000e+00,0.000000e+00
1.000000e+00,0.000000e+00,0.000000e+00,0.000000e+00,0.000000e+00,0.000000e+00,0.000000e+00,0.000000e+00,0.000000e+00,0.000000e+00,0.000000e+00,0.000000e+00,0.000000e+00,0.000000e+00,0.000000e+00
1.000000e+00,0.000000e+00,0.000000e+00,0.000000e+00,0.000000e+00,0.000000e+00,0.000000e+00,0.000000e+00,0.000000e+00,0.000000e+00,0.000000e+00,0.000000e+00,0.000000e+00,0.000000e+00,0.000000e+00
1.000000e+00,0.000000e+00,0.000000e+00,0.000000e+00,0.000000e+00,0.000000e+00,0.000000e+00,0.000000e+00,0.000000e+00,0.000000e+00,0.000000e+00,0.000000e+00,0.000000e+00,0.000000e+00,0.000000e+00
1.000000e+00,0.000000e+00,0.000000e+00,0.000000e+00,0.000000e+00,0.000000e+00,0.000000e+00,0.000000e+00,0.000000e+00,0.000000e+00,0.000000e+00,0.000000e+00,0.000000e+00,0.000000e+00,0.000000e+00
1.000000e+00,0.000000e+00,0.000000e+00,0.000000e+00,0.000000e+00,0.000000e+00,0.000000e+00,0.000000e+00,0.000000e+00,0.000000e+00,0.000000e+00,0.000000e+00,0.000000e+00,0.000000e+00,0.000000e+00
1.000000e+00,0.000000e+00,0.000000e+00,0.000000e+00,0.000000e+00,0.000000e+00,0.000000e+00,0.000000e+00,0.000000e+00,0.000000e+00,0.000000e+00,0.000000e+00,0.000000e+00,0.000000e+00,0.000000e+00
1.000000e+00,0.000000e+00,0.000000e+00,0.000000e+00,0.000000e+00,0.000000e+00,0.000000e+00,0.000000e+00,0.000000e+00,0.000000e+00,0.000000e+00,0.000000e+00,0.000000e+00,0.000000e+00,0.000000e+00
1.000000e+00,0.000000e+00,0.000000e+00,0.000000e+00,0.000000e+00,0.000000e+00,0.000000e+00,0.000000e+00,0.000000e+00,0.000000e+00,0.000000e+00,0.000000e+00,0.000000e+00,0.000000e+00,0.000000e+00
1.000000e+00,0.000000e+00,0.000000e+00,0.000000e+00,0.000000e+00,0.000000e+00,0.000000e+00,0.000000e+00,0.000000e+00,0.000000e+00,0.000000e+00,0.000000e+00,0.000000e+00,0.000000e+00,0.000000e+00
4.160762e-01,3.642716e-02,8.942726e-03,2.194167e-01,5.874896e-02,1.062375e-01,1.137319e-02,7.487216e-03,8.234977e-03,4.901925e-03,4.165157e-02,2.299591e-02,3.944492e-02,5.288665e-03,1.277237e-02
2.916503e-01,2.834439e-02,6.599330e-03,2.807757e-01,5.155291e-02,8.418370e-02,9.195631e-03,5.314576e-03,1.002125e-02,5.376814e-03,6.907085e-02,1.794624e-02,1.241752e-01,3.875159e-03,1.191797e-02
2.045829e-01,2.015066e-02,4.887305e-03,2.327148e-01,3.750138e-02,6.096600e-02,6.797399e-03,3.928761e-03,9.038673e-03,4.879965e-03,7.717600e-02,2.298510e-02,3.013024e-01,2.979746e-03,1.010893e-02
1.448875e-01,1.485106e-02,4.213333e-03,1.838344e-01,2.897357e-02,4.945228e-02,5.134802e-03,3.431702e-03,1.611723e-02,3.988341e-03,7.167324e-02,4.160406e-02,4.160903e-01,2.302922e-03,1.344528e-02
1.113702e-01,1.123777e-02,3.639000e-03,1.662682e-01,3.250429e-02,4.879941e-02,4.251094e-03,3.740409e-03,3.102366e-02,3.237747e-03,6.582274e-02,3.972572e-02,4.652200e-01,1.757774e-03,1.140200e-02
8.184167e-02,8.205693e-03,3.004254e-03,1.185566e-01,2.680014e-02,4.134473e-02,3.474281e-03,3.198699e-03,2.651669e-02,2.580887e-03,4.839057e-02,4.360768e-02,5.785943e-01,1.322934e-03,1.256091e-02
6.152824e-02,6.075675e-03,2.258344e-03,8.436253e-02,2.009155e-02,3.557477e-02,2.659194e-03,2.418174e-03,2.245714e-02,2.241140e-03,3.577044e-02,4.223548e-02,6.679168e-01,1.219824e-03,1.319069e-02
4.416540e-02,4.432972e-03,1.741537e-03,5.918446e-02,1.531793e-02,2.749702e-02,1.993359e-03,1.926297e-03,1.649230e-02,1.753716e-03,2.774025e-02,5.243664e-02,7.338082e-01,1.156080e-03,1.035389e-02
3.594927e-02,3.626438e-03,6.765252e-03,4.461836e-02,1.329259e-02,2.953560e-02,1.867575e-03,2.028837e-03,1.564527e-02,2.051820e-03,2.680694e-02,1.023295e-01,7.051302e-01,2.337343e-03,8.015011e-03
3.101844e-02,3.722286e-03,6.261341e-03,3.721194e-02,2.782561e-02,2.825861e-02,2.429194e-03,1.834988e-03,1.489781e-02,2.534768e-03,3.212036e-02,1.100320e-01,6.926694e-01,2.791155e-03,6.392126e-03
2.661213e-02,2.951682e-03,6.702983e-03,3.120200e-02,2.493223e-02,2.437377e-02,2.055864e-03,2.392284e-03,2.127937e-02,6.632940e-03,5.010669e-02,1.454283e-01,6.414384e-01,6.920316e-03,6.971103e-03
2.184543e-02,2.356761e-03,5.034962e-03,2.590892e-02,2.071199e-02,2.008099e-02,1.664234e-03,2.232740e-03,2.315968e-02,1.017157e-02,6.902990e-02,2.171351e-01,5.674433e-01,7.702439e-03,5.522092e-03
1.669664e-02,1.705486e-03,3.581523e-03,1.866203e-02,1.584234e-02,1.690382e-02,1.403792e-03,1.924148e-03,3.430035e-02,1.559112e-02,5.847182e-02,3.036451e-01,5.015921e-01,5.700880e-03,3.978896e-03
1.220004e-02,1.301871e-03,2.828069e-03,1.440067e-02,1.517737e-02,1.271700e-02,1.240885e-03,3.658641e-03,5.271213e-02,1.689347e-02,5.346913e-02,3.482491e-01,4.559483e-01,6.101309e-03,3.102069e-03
8.942821e-03,1.443456e-03,2.339231e-03,1.066081e-02,1.321248e-02,1.018603e-02,1.049872e-03,7.592177e-03,1.247901e-01,1.794543e-02,5.490568e-02,3.170912e-01,4.216575e-01,5.428798e-03,2.754487e-03
7.708460e-03,1.167407e-03,2.234196e-03,2.218750e-02,1.116116e-02,9.453567e-03,1.101203e-03,7.454081e-02,2.358748e-01,1.506630e-02,4.632254e-02,2.446792e-01,3.191909e-01,6.756511e-03,2.555434e-03
6.933023e-03,2.565816e-03,2.631585e-03,2.785860e-02,1.906958e-02,1.107231e-02,1.546854e-03,1.012897e-01,3.179616e-01,1.590583e-02,4.446097e-02,2.083924e-01,2.301669e-01,7.673180e-03,2.471620e-03
5.512339e-03,2.204752e-03,2.389448e-03,3.092129e-02,2.182743e-02,1.038347e-02,1.182549e-03,9.462347e-02,4.602928e-01,1.194226e-02,3.274544e-02,1.553000e-01,1.628438e-01,5.989626e-03,1.841332e-03
5.225010e-03,2.926656e-03,2.145392e-03,3.933552e-02,1.768486e-02,9.852147e-03,8.608383e-04,6.791554e-02,5.716686e-01,9.137574e-03,3.116098e-02,1.159860e-01,1.192473e-01,5.085521e-03,1.768142e-03
7.949521e-03,4.857697e-03,4.336747e-03,6.925858e-02,2.621185e-02,1.650780e-02,6.972597e-04,5.686454e-02,5.836549e-01,7.204072e-03,3.016723e-02,8.812948e-02,9.695351e-02,4.937379e-03,2.269523e-03
1.502458e-02,1.610100e-02,7.365683e-03,5.842210e-02,3.563657e-02,1.326836e-02,5.615986e-04,6.350261e-02,5.830959e-01,7.195615e-03,2.998542e-02,7.099532e-02,8.625315e-02,7.480210e-03,5.111906e-03
2.274829e-02,2.018818e-02,1.279663e-02,4.871709e-02,5.393659e-02,1.154957e-02,7.165932e-04,7.009020e-02,5.890644e-01,7.144441e-03,2.765845e-02,5.346955e-02,6.846195e-02,7.675523e-03,5.782603e-03
3.634737e-02,3.072849e-02,1.966752e-02,5.470432e-02,1.006192e-01,1.290393e-02,1.268981e-03,8.880150e-02,5.176395e-01,6.039900e-03,2.374550e-02,4.087923e-02,5.121492e-02,8.328693e-03,7.110958e-03
5.184828e-02,4.885986e-02,2.231903e-02,5.012731e-02,1.276425e-01,2.541689e-02,1.332188e-03,1.109430e-01,4.427634e-01,6.238563e-03,2.206119e-02,3.133368e-02,3.850305e-02,1.076791e-02,9.843165e-03
6.987774e-02,6.141551e-02,2.076650e-02,4.762461e-02,1.354971e-01,2.634556e-02,1.213328e-03,1.657056e-01,3.694488e-01,5.671845e-03,1.889531e-02,2.631604e-02,2.926866e-02,1.120369e-02,1.074974e-02
1.109734e-01,9.581959e-02,1.823918e-02,4.491162e-02,1.263591e-01,3.433496e-02,1.468839e-03,1.473534e-01,3.280043e-01,5.146682e-03,1.701420e-02,2.235090e-02,2.454383e-02,1.192473e-02,1.155523e-02
1.578408e-01,1.025297e-01,1.566670e-02,4.180507e-02,1.131444e-01,4.129753e-02,1.634499e-03,1.231636e-01,3.193626e-01,4.970912e-03,1.853790e-02,1.912355e-02,1.874840e-02,1.141754e-02,1.075694e-02
1.604087e-01,9.763545e-02,2.614998e-02,4.029360e-02,8.425482e-02,7.776868e-02,1.444679e-03,9.156704e-02,2.388816e-01,1.349707e-02,7.891323e-02,2.746848e-02,1.481733e-02,1.971143e-02,2.718784e-02
1.333653e-01,7.348067e-02,2.211956e-02,2.945696e-02,6.003485e-02,2.026733e-01,1.243072e-03,6.489740e-02,1.703361e-01,1.079909e-02,1.304516e-01,3.376929e-02,1.135971e-02,2.709960e-02,2.891350e-02
1.639222e-01,5.396155e-02,1.791494e-02,2.110673e-02,4.264405e-02,2.438106e-01,1.264411e-03,4.638986e-02,1.204077e-01,8.591944e-03,1.808683e-01,3.316190e-02,8.674469e-03,3.369946e-02,2.358184e-02
1.549174e-01,4.074139e-02,1.440259e-02,1.531364e-02,3.054737e-02,2.078631e-01,1.150620e-03,3.292454e-02,8.585564e-02,7.335257e-03,2.996502e-01,4.128797e-02,6.611483e-03,4.084291e-02,2.055595e-02
1.182613e-01,2.894744e-02,1.081077e-02,1.077558e-02,2.158528e-02,1.755437e-01,8.852106e-04,2.322800e-02,6.032744e-02,5.589704e-03,4.334971e-01,3.844206e-02,4.937051e-03,5.224231e-02,1.492714e-02
8.359315e-02,2.039226e-02,7.739309e-03,7.578600e-03,1.518641e-02,1.288355e-01,6.578937e-04,1.630277e-02,4.232994e-02,4.154711e-03,5.619901e-01,3.754755e-02,3.571333e-03,5.954681e-02,1.057367e-02
5.858698e-02,1.476784e-02,6.010697e-03,5.348653e-03,1.082612e-02,9.049428e-02,4.775251e-04,1.145686e-02,2.992723e-02,5.187959e-03,6.587839e-01,3.615361e-02,2.508750e-03,6.197408e-02,7.495541e-03
4.110939e-02,1.071238e-02,4.522794e-03,3.794891e-03,7.950916e-03,6.355505e-02,3.920287e-04,8.080373e-03,2.184570e-02,1.825001e-02,7.201360e-01,3.448045e-02,1.776252e-03,5.805555e-02,5.338210e-03
2.887812e-02,8.372184e-03,3.590469e-03,2.722653e-03,7.483931e-03,4.517773e-02,3.579960e-04,5.885883e-03,1.635648e-02,2.699653e-02,7.541692e-01,2.945381e-02,1.289723e-03,6.543072e-02,3.834569e-03
2.033004e-02,7.936574e-03,3.215133e-03,2.012953e-03,1.160952e-02,3.216507e-02,3.410866e-04,4.316186e-03,1.441780e-02,2.753590e-02,7.001306e-01,3.367262e-02,9.556842e-04,1.384981e-01,2.862718e-03
1.431969e-02,7.747372e-03,2.752670e-03,1.518407e-03,1.092843e-02,2.302322e-02,4.055097e-04,3.262155e-03,2.924444e-02,4.474622e-02,6.762757e-01,3.808382e-02,7.174487e-04,1.448104e-01,2.164541e-03
1.008503e-02,5.628781e-03,2.299822e-03,1.391354e-03,9.869895e-03,1.681048e-02,3.892643e-04,2.463012e-03,3.895497e-02,6.493486e-02,6.227015e-01,3.616779e-02,7.376649e-04,1.854692e-01,2.096405e-03
7.108724e-03,4.117420e-03,2.115347e-03,1.434505e-03,9.603525e-03,1.433185e-02,5.839466e-04,1.773827e-03,4.982080e-02,9.842259e-02,5.525731e-01,2.745136e-02,6.219556e-03,2.157824e-01,8.661084e-03
5.106017e-03,3.241996e-03,1.966491e-03,1.384167e-03,9.402003e-03,1.273568e-02,2.204032e-03,2.880954e-03,3.831322e-02,7.997927e-02,5.482627e-01,2.249350e-02,7.897363e-03,2.561694e-01,7.963178e-03
4.167974e-03,2.951967e-03,2.727598e-03,2.650898e-03,8.160714e-03,5.733080e-02,4.174909e-03,1.143018e-02,2.913504e-02,6.680907e-02,4.687872e-01,2.129791e-02,9.932346e-03,3.033310e-01,7.112322e-03
4.032803e-03,1.535910e-02,3.919421e-03,6.082844e-03,6.244179e-02,4.265835e-02,4.493029e-03,1.149384e-02,1.861306e-01,5.276329e-02,3.417794e-01,3.063919e-02,1.010573e-02,2.213559e-01,6.744659e-03
4.468363e-03,1.084870e-02,5.418514e-03,8.478506e-03,5.974793e-02,3.046518e-02,2.006619e-02,2.278249e-01,1.331024e-01,4.530028e-02,2.484174e-01,2.793481e-02,1.196551e-02,1.610679e-01,4.893260e-03
5.024361e-03,1.172734e-02,4.735823e-03,8.671278e-03,1.740977e-01,2.844167e-02,1.844857e-02,1.620178e-01,2.257179e-01,3.270987e-02,1.787813e-01,2.240641e-02,9.381695e-03,1.136962e-01,4.142043e-03
1.367333e-02,9.531992e-03,5.359411e-03,1.807829e-02,3.346505e-01,2.283283e-02,2.573326e-02,1.173697e-01,1.922946e-01,2.337558e-02,1.293897e-01,1.702642e-02,7.363594e-03,7.973914e-02,3.581608e-03
2.210183e-02,9.140621e-03,7.201546e-03,2.396528e-02,4.621907e-01,2.017726e-02,2.830258e-02,8.642215e-02,1.483148e-01,1.667013e-02,9.649750e-02,1.344239e-02,6.025078e-03,5.604020e-02,3.507904e-03
2.301027e-02,6.885365e-03,1.001885e-02,8.387539e-02,4.629650e-01,1.747942e-02,2.337017e-02,1.206885e-01,1.139607e-01,1.177554e-02,6.892446e-02,1.036149e-02,4.809512e-03,3.928787e-02,2.587463e-03
2.273633e-02,5.052697e-03,7.741927e-03,5.915842e-02,4.634084e-01,1.307898e-02,1.856396e-02,2.328474e-01,8.017265e-02,8.245844e-03,4.843703e-02,7.340034e-03,3.836262e-03,2.753351e-02,1.846585e-03
2.386102e-02,3.669367e-03,5.644095e-03,4.181181e-02,3.923430e-01,1.065637e-02,1.463118e-02,3.818792e-01,5.634238e-02,5.780498e-03,3.430215e-02,5.229691e-03,3.247499e-03,1.928579e-02,1.316038e-03
1.912251e-02,2.749725e-03,4.224465e-03,3.110944e-02,2.891863e-01,1.097589e-02,1.703423e-02,3.594282e-01,4.064134e-02,4.669713e-03,7.160597e-02,1.578762e-02,1.151841e-01,1.357310e-02,4.707437e-03
1.561029e-02,2.012311e-03,3.245927e-03,2.536030e-02,2.167119e-01,1.033005e-02,1.521196e-02,2.785597e-01,2.964189e-02,3.454339e-03,8.181095e-02,3.017905e-02,2.721266e-01,9.561311e-03,6.183297e-03
2.329938e-02,1.878851e-03,3.060443e-03,2.821727e-02,1.944279e-01,1.292351e-02,1.889590e-02,2.098334e-01,3.725366e-02,2.703494e-03,6.928595e-02,1.078857e-01,2.763117e-01,8.813794e-03,5.209149e-03
1.961289e-02,1.440974e-03,2.327739e-03,2.153063e-02,1.436247e-01,1.275862e-02,1.425355e-02,1.481670e-01,2.990538e-02,1.963082e-03,7.252419e-02,2.192804e-01,3.010389e-01,7.531567e-03,4.040400e-03
2.047212e-02,1.382743e-03,1.885320e-03,1.807672e-02,1.054250e-01,2.326752e-02,1.058073e-02,1.048093e-01,3.021564e-02,1.554277e-03,6.212047e-02,3.559337e-01,2.545415e-01,6.694495e-03,3.040400e-03
1.585472e-02,1.052535e-03,1.428178e-03,1.278115e-02,7.678410e-02,1.749170e-02,7.656036e-03,7.373755e-02,2.260157e-02,1.251170e-03,5.570980e-02,5.008614e-01,2.046825e-01,5.889164e-03,2.218347e-03
1.143556e-02,7.705609e-04,1.030260e-03,8.995182e-03,5.714264e-02,1.263116e-02,5.487961e-03,5.192244e-02,1.789797e-02,9.767151e-04,4.497723e-02,6.124495e-01,1.682916e-01,4.407948e-03,1.583206e-03
8.110713e-03,5.676090e-04,7.378932e-04,6.311175e-03,4.624142e-02,8.922212e-03,3.865701e-03,3.643206e-02,1.418503e-02,9.421378e-04,3.788705e-02,7.007159e-01,1.307599e-01,3.200787e-03,1.120343e-03
5.727191e-03,4.321234e-04,5.380777e-04,4.469787e-03,3.384397e-02,6.518651e-03,2.714241e-03,2.560174e-02,1.022879e-02,1.008948e-03,2.866652e-02,7.801012e-01,9.707602e-02,2.283821e-03,7.888218e-04
4.072858e-03,3.898037e-04,4.051251e-04,3.147645e-03,2.686772e-02,4.826083e-03,1.933233e-03,1.796025e-02,7.476915e-03,1.572607e-03,2.247285e-02,8.359888e-01,7.065524e-02,1.670331e-03,5.605888e-04
2.937825e-03,3.872095e-04,3.548532e-04,2.214559e-03,2.360836e-02,3.421383e-03,1.374051e-03,1.264093e-02,5.871832e-03,2.493374e-03,1.844635e-02,8.717169e-01,5.283497e-02,1.299989e-03,3.975026e-04
2.131402e-03,3.029154e-04,2.684433e-04,1.571694e-03,2.678783e-02,2.413839e-03,1.007950e-03,8.949121e-03,5.688977e-03,2.302294e-03,1.354831e-02,8.951292e-01,3.866880e-02,9.476106e-04,2.816073e-04
2.039486e-03,3.527520e-04,4.887524e-04,1.271240e-03,9.277711e-02,2.023002e-03,1.523918e-03,8.525796e-03,2.150896e-02,3.437740e-03,1.071907e-02,8.257667e-01,2.864026e-02,7.218232e-04,2.033482e-04
2.362359e-03,3.992464e-04,4.682437e-04,9.391680e-04,1.132042e-01,1.629273e-03,1.378099e-03,7.026124e-03,3.363984e-02,4.837566e-03,8.661839e-03,8.019138e-01,2.268011e-02,7.028541e-04,1.572753e-04
2.747171e-03,4.576449e-04,5.102963e-04,8.291077e-04,1.558120e-01,1.621404e-03,1.676780e-03,7.559641e-03,5.739720e-02,6.717476e-03,7.482536e-03,7.337037e-01,2.260459e-02,7.345555e-04,1.459510e-04
3.940098e-03,5.551393e-04,8.223152e-04,8.705056e-04,1.664383e-01,2.556354e-03,1.530747e-03,1.321577e-02,7.264715e-02,7.070308e-03,6.281167e-03,6.993238e-01,2.393557e-02,6.727728e-04,1.400300e-04
4.047212e-03,5.388096e-04,1.128101e-03,7.501062e-04,2.234343e-01,2.445391e-03,2.959657e-03,1.488751e-02,1.635786e-01,5.362608e-03,5.698832e-03,5.524442e-01,2.208111e-02,5.216480e-04,1.219082e-04
8.327874e-03,1.025915e-03,9.272466e-03,2.323485e-03,2.307981e-01,4.300641e-03,9.972295e-03,1.633034e-01,1.240288e-01,4.952985e-03,6.479182e-03,4.118179e-01,2.283528e-02,4.295304e-04,1.321495e-04
8.543401e-03,1.343290e-03,8.072908e-03,9.532837e-03,3.923658e-01,9.552592e-03,1.976393e-02,1.221434e-01,1.106076e-01,4.207834e-03,4.808976e-03,2.920502e-01,1.646376e-02,3.222326e-04,2.211909e-04
1.248668e-02,2.090597e-03,7.747665e-03,1.801413e-02,4.380127e-01,1.386916e-02,2.058078e-02,9.495505e-02,1.536105e-01,3.947224e-03,4.862462e-03,2.115769e-01,1.636459e-02,3.631537e-04,1.518355e-03
1.749850e-02,5.417475e-03,6.616630e-03,2.024009e-02,4.598795e-01,1.492724e-02,2.622492e-02,6.738844e-02,1.959074e-01,3.327211e-03,8.267524e-03,1.499270e-01,1.975514e-02,4.235025e-04,4.199347e-03
2.008123e-02,5.730279e-03,5.571864e-03,3.787711e-02,4.914421e-01,3.101338e-02,3.149470e-02,5.877528e-02,1.756577e-01,2.577660e-03,8.047628e-03,1.074503e-01,1.993357e-02,3.851398e-04,3.962007e-03
2.024401e-02,1.373976e-02,1.200684e-02,2.124245e-01,3.824517e-01,2.291388e-02,2.506505e-02,4.158657e-02,1.600220e-01,2.629131e-03,9.690324e-03,7.625396e-02,1.613372e-02,3.545165e-04,4.484049e-03
1.632921e-02,1.033486e-02,1.026580e-02,2.835373e-01,2.898463e-01,2.023365e-02,1.788487e-02,2.934604e-02,1.214733e-01,4.488950e-03,6.032896e-02,5.892135e-02,7.177626e-02,3.011876e-04,4.931989e-03
1.242313e-02,7.797744e-03,1.045509e-02,3.596458e-01,2.189824e-01,1.506428e-02,1.305732e-02,2.072795e-02,1.159739e-01,3.942251e-03,8.290675e-02,5.111754e-02,8.390479e-02,3.004871e-04,3.700545e-03
9.175898e-03,5.495791e-03,7.360653e-03,2.572159e-01,1.543276e-01,1.104842e-02,9.184610e-03,1.462060e-02,8.349922e-02,4.613140e-03,1.082396e-01,5.389877e-02,2.778126e-01,8.181992e-04,2.688964e-03
7.013681e-03,3.887341e-03,5.171690e-03,1.823183e-01,1.084786e-01,8.105007e-03,6.457025e-03,1.060905e-02,6.316728e-02,3.428330e-03,9.157513e-02,5.958527e-02,4.463336e-01,1.882517e-03,1.987149e-03
5.156424e-03,2.829711e-03,3.799488e-03,1.349175e-01,7.963067e-02,6.275692e-03,4.661562e-03,7.829903e-03,5.202419e-02,3.498866e-03,1.066455e-01,9.795783e-02,4.908218e-01,2.212553e-03,1.738287e-03
3.844743e-03,2.032604e-03,2.697237e-03,9.504806e-02,6.271733e-02,4.797617e-03,3.431210e-03,9.751143e-03,5.895768e-02,2.879584e-03,9.035234e-02,8.983997e-02,5.700515e-01,2.278812e-03,1.320193e-03
3.125407e-03,1.464714e-03,1.920277e-03,6.704123e-02,5.185467e-02,3.627230e-03,2.475718e-03,1.297670e-02,4.827728e-02,2.283028e-03,8.509949e-02,7.479798e-02,6.420287e-01,1.997685e-03,1.029934e-03
4.085257e-03,1.502813e-03,1.784073e-03,5.009739e-02,5.700034e-02,5.474806e-03,2.735528e-03,4.290217e-02,4.939741e-02,2.519340e-03,7.084423e-02,1.028629e-01,6.045317e-01,2.959327e-03,1.302764e-03
4.026515e-03,1.364640e-03,1.578168e-03,3.618941e-02,4.606542e-02,5.136265e-03,2.996262e-03,4.066364e-02,5.141157e-02,2.310383e-03,6.045045e-02,2.087516e-01,5.346727e-01,2.674266e-03,1.708674e-03
4.796996e-03,1.167976e-03,2.021933e-03,2.599406e-02,4.175015e-02,4.322059e-03,3.714732e-03,6.261288e-02,4.567791e-02,1.880963e-03,4.749285e-02,1.721522e-01,5.813037e-01,2.236532e-03,2.875064e-03
5.320117e-03,5.063904e-03,1.130466e-02,2.130717e-02,4.659203e-02,1.332716e-02,1.230905e-02,9.584185e-02,8.893354e-02,1.601984e-03,3.603550e-02,1.396408e-01,5.168031e-01,2.039045e-03,3.880006e-03
8.546639e-03,8.842887e-03,5.837201e-02,3.098245e-02,6.118355e-02,3.255279e-02,1.706304e-02,9.162956e-02,1.616417e-01,2.135857e-03,2.675413e-02,1.078469e-01,3.867064e-01,1.835525e-03,3.906431e-03
2.936344e-02,1.779707e-02,4.633258e-02,3.013308e-02,5.402588e-02,5.033626e-02,1.334195e-02,6.682068e-02,2.168655e-01,4.851443e-03,2.072417e-02,8.114059e-02,3.103357e-01,1.691999e-03,5.623952e-02
4.634957e-02,2.394209e-02,3.481180e-02,2.529542e-02,9.038679e-02,5.046080e-02,1.243441e-02,5.075522e-02,2.873825e-01,3.807052e-03,1.696344e-02,6.761934e-02,2.432974e-01,1.866642e-03,4.462746e-02
7.068253e-02,2.565944e-02,2.927421e-02,3.899046e-02,1.416511e-01,1.029145e-01,1.458156e-02,3.912209e-02,2.597809e-01,2.901158e-03,1.223941e-02,5.147800e-02,1.757558e-01,1.556124e-03,3.341266e-02
5.634208e-02,2.309935e-02,5.625575e-02,9.102210e-02,1.085341e-01,7.920948e-02,1.268485e-02,2.877190e-02,3.060239e-01,5.702420e-03,1.545513e-02,3.717243e-02,1.318026e-01,1.243361e-03,4.668055e-02
4.304805e-02,1.875855e-02,5.009841e-02,6.940173e-02,7.913364e-02,6.162504e-02,9.553393e-03,2.035459e-02,2.981560e-01,6.366551e-03,1.975871e-02,2.665482e-02,9.490265e-02,3.960404e-03,1.982275e-01
3.225612e-02,1.456770e-02,3.570391e-02,4.981788e-02,5.606541e-02,4.403753e-02,7.456035e-03,1.470944e-02,4.500372e-01,1.165457e-02,1.480868e-02,2.208294e-02,8.118375e-02,1.541884e-02,1.502000e-01
2.678324e-02,1.114818e-02,2.564440e-02,3.803431e-02,4.133785e-02,3.247952e-02,6.257343e-03,1.087980e-02,3.906580e-01,1.142272e-02,1.894296e-02,4.186777e-02,1.943136e-01,1.651278e-02,1.337175e-01
2.719281e-02,8.773482e-03,2.025396e-02,3.187091e-02,3.132837e-02,2.973314e-02,6.203358e-03,7.796247e-03,2.796885e-01,1.189228e-02,1.866170e-02,4.085778e-02,3.463464e-01,3.093341e-02,1.084676e-01
2.483297e-02,6.618816e-03,1.437896e-02,2.345081e-02,2.283400e-02,2.630272e-02,5.164624e-03,5.516807e-03,1.974161e-01,1.307631e-02,4.288116e-02,2.047236e-01,3.049987e-01,2.847283e-02,7.933163e-02
3.548005e-02,5.557165e-03,1.092490e-02,1.854886e-02,1.669594e-02,2.360109e-02,4.787822e-03,4.004213e-03,1.561782e-01,1.839928e-02,3.914149e-02,3.242331e-01,2.333806e-01,4.299480e-02,6.607252e-02
3.820948e-02,4.429113e-03,8.019321e-03,1.388831e-02,1.192108e-02,1.882499e-02,3.472555e-03,2.867830e-03,1.192723e-01,2.126933e-02,4.621346e-02,4.231952e-01,1.948821e-01,4.585942e-02,4.767542e-02
3.021858e-02,3.323450e-03,5.771392e-03,1.073710e-02,8.937368e-03,1.484061e-02,2.552834e-03,2.188535e-03,8.876165e-02,1.818997e-02,7.834941e-02,5.129722e-01,1.467487e-01,4.184861e-02,3.455966e-02
2.530749e-02,2.468925e-03,4.113702e-03,8.149097e-03,6.680576e-03,1.132451e-02,1.967831e-03,2.350472e-03,6.913073e-02,1.574512e-02,1.818222e-01,5.024005e-01,1.042492e-01,3.962104e-02,2.466870e-02
1.823430e-02,1.769271e-03,2.934000e-03,6.516018e-03,5.985731e-03,8.058056e-03,1.398514e-03,1.889785e-03,5.258261e-02,1.264289e-02,2.649793e-01,4.984348e-01,7.388370e-02,3.327254e-02,1.741855e-02
1.333324e-02,1.379789e-03,2.194933e-03,5.022651e-03,6.123979e-03,5.758134e-03,1.020833e-03,1.729607e-03,4.742961e-02,1.038875e-02,2.344563e-01,5.571694e-01,5.273649e-02,4.895771e-02,1.229855e-02
9.485741e-03,1.152337e-03,1.634953e-03,3.799503e-03,4.629328e-03,4.167886e-03,7.235350e-04,1.258702e-03,6.066242e-02,8.639271e-03,2.264658e-01,5.733945e-01,3.803423e-02,5.727179e-02,8.680061e-03
6.952188e-03,1.664166e-03,1.574718e-03,3.131956e-03,4.169576e-03,3.135725e-03,5.250079e-04,9.678358e-04,8.095659e-02,7.590279e-03,2.728471e-01,5.156811e-01,2.746199e-02,6.712469e-02,6.217141e-03
4.997964e-03,2.296637e-03,4.585145e-03,5.233570e-03,1.263557e-02,3.006047e-03,4.641108e-04,8.793142e-04,1.327618e-01,1.211207e-02,3.392554e-01,4.004770e-01,2.015979e-02,5.590555e-02,5.230017e-03
3.582293e-03,2.061677e-03,6.104119e-03,4.726274e-03,1.560477e-02,3.119798e-03,3.897070e-04,7.348228e-04,2.093143e-01,1.248477e-02,3.811163e-01,2.935856e-01,1.469592e-02,4.804368e-02,4.435976e-03
2.609592e-03,1.573662e-03,9.476923e-03,5.683637e-03,1.477295e-02,2.603224e-03,3.028449e-04,7.888553e-04,3.776028e-01,1.515037e-02,3.010649e-01,2.140397e-01,1.062819e-02,3.980832e-02,3.893999e-03
1.935862e-03,1.416921e-03,9.383857e-03,4.458211e-03,1.146161e-02,2.189745e-03,2.167764e-04,6.360861e-04,5.150030e-01,1.223532e-02,2.210028e-01,1.507863e-01,7.648436e-03,5.800119e-02,3.624041e-03
2.403624e-03,1.507796e-03,1.795134e-02,4.108587e-03,9.178167e-03,5.354849e-03,2.223923e-04,3.102489e-03,6.051113e-01,1.109937e-02,1.747005e-01,1.063370e-01,5.853608e-03,4.928125e-02,3.787732e-03
2.516042e-03,1.436087e-03,2.172326e-02,5.950385e-03,8.371094e-03,1.230970e-02,2.223098e-04,3.783296e-03,6.573743e-01,1.378439e-02,1.386846e-01,7.655079e-02,5.662472e-03,4.194678e-02,9.684399e-03
2.755336e-03,1.743578e-03,3.224650e-02,7.143712e-03,6.788114e-03,1.447400e-02,2.271606e-04,9.195428e-03,6.540262e-01,1.450625e-02,1.246151e-01,5.781759e-02,8.769371e-03,4.981947e-02,1.587211e-02
2.671768e-03,2.138785e-03,2.847138e-02,2.267133e-02,5.479840e-03,1.270794e-02,2.572608e-04,7.258696e-03,6.759964e-01,1.357458e-02,9.631722e-02,4.251947e-02,9.783270e-03,4.099382e-02,3.915820e-02
1.313631e-02,4.964481e-03,4.326930e-02,4.936027e-02,9.412875e-03,1.876263e-02,8.100747e-04,2.765779e-02,6.104171e-01,1.384578e-02,7.765231e-02,3.135458e-02,1.035478e-02,5.095273e-02,3.804898e-02
1.317673e-02,5.142817e-03,5.080432e-02,8.434316e-02,9.501318e-03,1.656060e-02,7.913450e-04,2.591648e-02,6.224793e-01,1.182791e-02,5.853216e-02,2.253101e-02,8.361664e-03,4.036700e-02,2.966415e-02
1.561024e-02,1.856448e-02,6.570278e-02,6.649832e-02,3.434421e-02,1.345927e-02,7.616586e-04,1.471001e-01,5.021811e-01,1.021240e-02,4.318018e-02,1.784213e-02,7.771941e-03,3.278821e-02,2.398297e-02
1.860926e-02,2.287704e-02,8.085590e-02,7.688268e-02,6.823782e-02,1.253039e-02,1.821855e-03,1.157067e-01,4.982559e-01,8.012195e-03,3.190930e-02,1.303091e-02,6.239737e-03,2.469162e-02,2.033870e-02
3.812125e-02,3.241254e-02,9.047811e-02,6.182942e-02,1.284106e-01,1.952801e-02,5.143584e-03,1.199350e-01,4.151510e-01,5.975331e-03,2.332452e-02,9.591836e-03,5.502288e-03,2.485126e-02,1.974524e-02
6.076774e-02,4.294897e-02,7.998163e-02,5.087755e-02,1.461656e-01,2.374291e-02,4.518965e-03,1.120216e-01,4.010311e-01,4.402405e-03,1.795713e-02,8.788375e-03,5.820864e-03,2.294289e-02,1.803226e-02
5.444149e-02,4.369374e-02,6.051074e-02,3.796372e-02,1.253241e-01,2.305554e-02,3.658489e-03,2.398526e-01,3.505156e-01,3.153441e-03,1.315423e-02,6.372632e-03,4.458884e-03,1.995100e-02,1.389380e-02
6.049758e-02,3.579789e-02,4.312308e-02,2.711829e-02,1.238305e-01,1.836181e-02,3.051426e-03,3.622196e-01,2.815604e-01,2.252924e-03,9.396378e-03,4.627449e-03,3.330702e-03,1.470738e-02,1.012472e-02
6.841917e-02,3.153592e-02,3.220866e-02,1.986460e-02,1.097441e-01,1.446342e-02,3.165485e-03,4.098166e-01,2.733115e-01,1.752782e-03,7.595534e-03,4.023385e-03,2.787441e-03,1.304409e-02,8.267411e-03
1.005443e-01,2.884702e-02,2.425402e-02,1.498044e-02,1.093703e-01,1.208937e-02,3.416571e-03,3.846740e-01,2.894653e-01,1.421801e-03,6.464303e-03,3.880500e-03,2.491694e-03,1.085410e-02,7.246364e-03
1.237582e-01,3.781589e-02,2.037967e-02,1.154011e-02,8.676007e-02,1.361642e-02,3.728672e-03,4.332626e-01,2.414352e-01,1.117121e-03,4.831883e-03,3.649146e-03,2.352401e-03,9.096690e-03,6.655906e-03
1.181706e-01,4.667738e-02,1.696009e-02,8.865823e-03,6.969250e-02,1.163750e-02,3.304607e-03,5.000789e-01,2.010474e-01,8.976172e-04,3.616784e-03,2.952539e-03,1.948134e-03,7.733140e-03,6.417022e-03
1.068997e-01,4.245245e-02,1.460589e-02,1.248236e-02,4.949270e-02,1.195197e-02,2.521210e-03,5.104100e-01,1.531263e-01,9.431000e-03,9.687099e-03,1.866077e-02,5.371487e-03,6.870470e-03,4.603666e-02
7.864471e-02,5.433590e-02,1.149034e-02,3.735048e-02,3.517491e-02,1.560069e-02,1.938580e-03,3.658248e-01,2.308117e-01,1.121537e-02,1.988646e-02,3.230635e-02,5.254510e-02,5.289989e-03,4.758462e-02
5.593647e-02,4.062442e-02,8.375027e-03,3.976826e-02,2.498815e-02,1.180148e-02,1.440734e-03,2.576526e-01,2.859021e-01,1.463137e-02,2.342405e-02,2.575313e-02,6.061238e-02,5.506936e-03,1.435829e-01
4.305376e-02,2.937153e-02,7.692581e-03,5.352307e-02,2.081007e-02,9.439869e-03,1.318159e-03,2.034506e-01,2.688952e-01,1.151595e-02,9.994259e-02,2.458070e-02,1.027218e-01,5.613525e-03,1.180706e-01
3.848815e-02,2.182891e-02,8.126362e-03,8.972854e-02,2.156741e-02,7.876307e-03,1.139818e-03,1.451507e-01,3.163818e-01,8.599389e-03,1.164820e-01,2.313301e-02,1.061248e-01,5.868827e-03,8.950389e-02
3.273907e-02,1.692665e-02,1.225710e-02,8.271849e-02,2.362075e-02,6.620712e-03,1.100447e-03,1.036718e-01,2.510166e-01,7.339478e-03,1.655332e-01,5.919377e-02,1.514411e-01,1.602659e-02,6.979432e-02
2.692238e-02,1.754894e-02,1.163240e-02,7.145508e-02,1.995813e-02,5.924437e-03,1.011168e-03,7.560719e-02,2.607143e-01,1.062617e-02,1.572830e-01,5.201252e-02,1.571519e-01,5.076244e-02,8.139005e-02
2.298732e-02,1.414592e-02,1.077253e-02,5.342269e-02,5.338695e-02,6.068429e-03,9.216496e-04,5.893589e-02,2.541966e-01,1.108276e-02,1.676636e-01,4.045123e-02,1.893059e-01,4.631966e-02,7.033890e-02
2.134996e-02,1.369935e-02,1.380478e-02,4.188491e-02,6.230422e-02,5.679771e-03,1.184737e-03,5.450668e-02,3.216597e-01,9.189557e-03,1.444509e-01,3.603590e-02,1.664194e-01,4.672064e-02,6.110956e-02
1.629305e-02,1.026222e-02,1.109913e-02,3.026715e-02,4.767919e-02,4.742996e-03,1.083072e-03,3.994581e-02,4.203496e-01,7.876199e-03,1.280190e-01,3.590339e-02,1.341401e-01,6.313437e-02,4.920478e-02
1.423766e-02,9.463702e-03,9.066675e-03,2.303906e-02,3.677978e-02,4.066913e-03,8.449859e-04,2.856302e-02,4.822336e-01,6.942931e-03,1.398268e-01,2.937086e-02,1.061629e-01,7.142672e-02,3.797441e-02
1.398318e-02,9.374052e-03,8.293635e-03,1.638659e-02,3.912674e-02,3.175831e-03,6.360378e-04,2.024112e-02,5.360583e-01,5.682114e-03,1.166690e-01,2.169755e-02,7.690521e-02,1.003732e-01,3.139741e-02
1.155074e-02,8.290340e-03,6.379308e-03,1.152578e-02,3.099209e-02,2.472915e-03,4.567041e-04,1.422736e-02,6.041762e-01,4.219920e-03,9.345467e-02,1.572434e-02,5.545630e-02,1.170251e-01,2.404816e-02
1.040182e-02,7.088021e-03,8.526441e-03,8.310558e-03,2.524820e-02,3.185299e-03,3.586421e-04,1.012518e-02,6.394867e-01,4.242745e-03,6.807937e-02,1.122848e-02,3.946162e-02,1.434038e-01,2.085313e-02
1.496173e-02,6.265241e-03,8.840705e-03,6.096600e-03,2.062158e-02,5.916873e-03,3.037268e-04,7.177462e-03,6.523509e-01,5.412568e-03,4.962860e-02,8.168506e-03,2.845614e-02,1.664090e-01,1.939038e-02
2.503387e-02,4.791268e-03,8.787593e-03,4.641990e-03,1.952776e-02,6.502047e-03,2.856397e-04,6.692494e-03,6.489581e-01,9.453743e-03,3.623973e-02,6.196282e-03,2.125043e-02,1.840182e-01,1.762088e-02
2.297191e-02,3.789662e-03,8.879216e-03,3.590683e-03,2.116366e-02,4.998259e-03,2.402171e-04,1.391973e-02,6.278510e-01,9.444398e-03,2.692366e-02,4.642191e-03,1.573632e-02,2.214449e-01,1.440409e-02
2.795464e-02,3.618124e-03,6.841535e-03,3.364612e-03,6.283443e-02,3.792987e-03,2.244213e-04,1.147978e-02,5.670081e-01,9.678810e-03,2.021465e-02,3.390948e-03,1.135029e-02,2.563979e-01,1.184875e-02
4.053359e-02,4.438056e-03,1.049608e-02,4.299118e-02,1.360702e-01,3.349538e-03,4.629790e-04,4.714752e-02,4.422079e-01,1.062272e-02,1.513449e-02,2.881924e-03,8.822287e-03,2.221088e-01,1.273283e-02
7.373355e-02,4.616233e-03,1.206891e-02,3.972501e-02,1.758831e-01,2.873716e-03,7.931950e-04,6.592924e-02,3.816369e-01,1.781822e-02,1.127434e-02,2.651517e-03,7.699665e-03,1.893544e-01,1.394201e-02
1.177962e-01,5.450645e-03,1.342705e-02,3.666503e-02,1.583055e-01,3.306775e-03,9.534612e-04,6.469774e-02,3.252949e-01,1.836313e-02,9.484319e-03,2.286057e-03,6.033130e-03,2.171269e-01,2.080917e-02
1.306222e-01,5.259826e-03,1.246513e-02,2.860494e-02,1.448039e-01,3.643318e-03,7.441772e-04,5.985383e-02,3.586512e-01,1.576207e-02,9.091672e-03,2.735881e-03,5.663002e-03,2.019571e-01,2.014172e-02
1.371320e-01,6.788129e-03,1.312826e-02,7.205990e-02,1.402382e-01,3.745584e-03,6.676775e-04,6.656922e-02,3.575911e-01,1.297966e-02,8.983941e-03,3.178688e-03,5.035602e-03,1.517029e-01,2.019903e-02
1.199097e-01,6.556578e-03,2.196093e-02,6.099710e-02,1.014154e-01,4.074924e-03,5.118190e-04,4.839653e-02,3.799675e-01,1.916236e-02,4.059846e-02,4.442283e-03,6.430435e-03,1.325027e-01,5.307330e-02
9.616230e-02,1.016117e-02,2.003303e-02,1.307487e-01,7.497622e-02,3.238298e-03,3.901560e-04,3.561393e-02,3.955266e-01,1.653786e-02,5.420216e-02,6.119511e-03,8.690633e-03,9.573354e-02,5.186593e-02
