1.000000e+00,0.000000e+00,0.000000e+00,0.000000e+00,0.000000e+00,0.000000e+00,0.000000e+00,0.000000e+00,0.000000e+00,0.000000e+00,0.000000e+00,0.000000e+00,0.000000e+00,0.000000e+00,0.000000e+00
1.000000e+00,0.000000e+00,0.000000e+00,0.000000e+00,0.000000e+00,0.000000e+00,0.000000e+00,0.000000e+00,0.000000e+00,0.000000e+00,0.000000e+00,0.000000e+00,0.000000e+00,0.000000e+00,0.000000e+00
1.000000e+00,0.000000e+00,0.000000e+00,0.000000e+00,0.000000e+00,0.000000e+00,0.000000e+00,0.000000e+00,0.000000e+00,0.000000e+00,0.000000e+00,0.000000e+00,0.000000e+00,0.000000e+00,0.000000e+00
1.000000e+00,0.000000e+00,0.000000e+00,0.000000e+00,0.000000e+00,0.000000e+00,0.000000e+00,0.000000e+00,0.000000e+00,0.000000e+00,0.000000e+00,0.000000e+00,0.000000e+00,0.000000e+00,0.000000e+00
1.000000e+00,0.000000e+00,0.000000e+00,0.000000e+00,0.000000e+00,0.000000e+00,0.000000e+00,0.000000e+00,0.000000e+00,0.000000e+00,0.000000e+00,0.000000e+00,0.000000e+00,0.000000e+00,0.000000e+00
1.000000e+00,0.000000e+00,0.000000e+00,0.000000e+00,0.000000e+00,0.000000e+00,0.000000e+00,0.000000e+00,0.000000e+00,0.000000e+00,0.000000e+00,0.000000e+00,0.000000e+00,0.000000e+00,0.000000e+00
1.000000e+00,0.000000e+00,0.000000e+00,0.000000e+00,0.000000e+00,0.000000e+00,0.000000e+00,0.000000e+00,0.000000e+00,0.000000e+00,0.000000e+00,0.000000e+00,0.000000e+00,0.000000e+00,0.000000e+00
1.000000e+00,0.000000e+00,0.000000e+00,0.000000e+00,0.000000e+00,0.000000e+00,0.000000e+00,0.000000e+00,0.000000e+00,0.000000e+00,0.000000e+00,0.000000e+00,0.000000e+00,0.000000e+00,0.000000e+00
1.000000e+00,0.000000e+00,0.000000e+00,0.000000e+00,0.000000e+00,0.000000e+00,0.000000e+00,0.000000e+00,0.000000e+00,0.000000e+00,0.000000e+00,0.000000e+00,0.000000e+00,0.000000e+00,0.000000e+00
1.000000e+00,0.000000e+00,0.000000e+00,0.000000e+00,0.000000e+00,0.000000e+00,0.000000e+00,0.000000e+00,0.000000e+00,0.000000e+00,0.000000e+00,0.000000e+00,0.000000e+00,0.000000e+00,0.000000e+00
1.000000e+00,0.000000e+00,0.000000e+00,0.000000e+00,0.000000e+00,0.000000e+00,0.000000e+00,0.000000e+00,0.000000e+00,0.000000e+00,0.000000e+00,0.000000e+00,0.000000e+00,0.000000e+00,0.000000e+00
1.000000e+00,0.000000e+00,0.000000e+00,0.000000e+00,0.000000e+00,0.000000e+00,0.000000e+00,0.000000e+00,0.000000e+00,0.000000e+00,0.000000e+00,0.000000e+00,0.000000e+00,0.000000e+00,0.000000e+00
1.000000e+00,0.000000e+00,0.000000e+00,0.000000e+00,0.000000e+00,0.000000e+00,0.000000e+00,0.000000e+00,0.000000e+00,0.000000e+00,0.000000e+00,0.000000e+00,0.000000e+00,0.000000e+00,0.000000e+00
1.000000e+00,0.000000e+00,0.000000e+00,0.000000e+00,0.000000e+00,0.000000e+00,0.000000e+00,0.000000e+00,0.000000e+00,0.000000e+00,0.000000e+00,0.000000e+00,0.000000e+00,0.000000e+00,0.000000e+00
1.000000e+00,0.000000e+00,0.000000e+00,0.000000e+00,0.000000e+00,0.000000e+00,0.000000e+00,0.000000e+00,0.000000e+00,0.000000e+00,0.000000e+00,0.000000e+00,0.000000e+00,0.000000e+00,0.000000e+00
1.000000e+00,0.000000e+00,0.000000e+00,0.000000e+00,0.000000e+00,0.000000e+00,0.000000e+00,0.000000e+00,0.000000e+00,0.000000e+00,0.000000e+00,0.000000e+00,0.000000e+00,0.000000e+00,0.000000e+00
1.000000e+00,0.000000e+00,0.000000e+00,0.000000e+00,0.000000e+00,0.000000e+00,0.000000e+00,0.000000e+00,0.000000e+00,0.000000e+00,0.000000e+00,0.000000e+00,0.000000e+00,0.000000e+00,0.000000e+00
1.000000e+00,0.000000e+00,0.000000e+00,0.000000e+00,0.000000e+00,0.000000e+00,0.000000e+00,0.000000e+00,0.000000e+00,0.000000e+00,0.000000e+00,0.000000e+00,0.000000e+00,0.000000e+00,0.000000e+00
1.000000e+00,0.000000e+00,0.000000e+00,0.000000e+00,0.000000e+00,0.000000e+00,0.000000e+00,0.000000e+00,0.000000e+00,0.000000e+00,0.000000e+00,0.000000e+00,0.000000e+00,0.000000e+00,0.000000e+00
1.000000e+00,0.000000e+00,0.000000e+00,0.000000e+00,0.000000e+00,0.000000e+00,0.000000e+00,0.000000e+00,0.000000e+00,0.000000e+00,0.000000e+00,0.000000e+00,0.000000e+00,0.000000e+00,0.000000e+00
1.000000e+00,0.000000e+00,0.000000e+00,0.000000e+00,0.000000e+00,0.000000e+00,0.000000e+00,0.000000e+00,0.000000e+00,0.000000e+00,0.000000e+00,0.000000e+00,0.000000e+00,0.000000e+00,0.000000e+00
1.000000e+00,0.000000e+00,0.000000e+00,0.000000e+00,0.000000e+00,0.000000e+00,0.000000e+00,0.000000e+00,0.000000e+00,0.000000e+00,0.000000e+00,0.000000e+00,0.000000e+00,0.000000e+00,0.000000e+00
1.000000e+00,0.000000e+00,0.000000e+00,0.000000e+00,0.000000e+00,0.000000e+00,0.000000e+00,0.000000e+00,0.000000e+00,0.000000e+00,0.000000e+00,0.000000e+00,0.000000e+00,0.000000e+00,0.000000e+00
1.000000e+00,0.000000e+00,0.000000e+00,0.000000e+00,0.000000e+00,0.000000e+00,0.000000e+00,0.000000e+00,0.000000e+00,0.000000e+00,0.000000e+00,0.000000e+00,0.000000e+00,0.000000e+00,0.000000e+00
1.000000e+00,0.000000e+00,0.000000e+00,0.000000e+00,0.000000e+00,0.000000e+00,0.000000e+00,0.000000e+00,0.000000e+00,0.000000e+00,0.000000e+00,0.000000e+00,0.000000e+00,0.000000e+00,0.000000e+00
1.000000e+00,0.000000e+00,0.000000e+00,0.000000e+00,0.000000e+00,0.000000e+00,0.000000e+00,0.000000e+00,0.000000e+00,0.000000e+00,0.000000e+00,0.000000e+00,0.000000e+00,0.000000e+00,0.000000e+00
1.000000e+00,0.000000e+00,0.000000e+00,0.000000e+00,0.000000e+00,0.000000e+00,0.000000e+00,0.000000e+00,0.000000e+00,0.000000e+00,0.000000e+00,0.000000e+00,0.000000e+00,0.000000e+00,0.000000e+00
1.000000e+00,0.000000e+00,0.000000e+00,0.000000e+00,0.000000e+00,0.000000e+00,0.000000e+00,0.000000e+00,0.000000e+00,0.000000e+00,0.000000e+00,0.000000e+00,0.000000e+00,0.000000e+00,0.000000e+00
1.000000e+00,0.000000e+00,0.000000e+00,0.000000e+00,0.000000e+00,0.000000e+00,0.000000e+00,0.000000e+00,0.000000e+00,0.000000e+00,0.000000e+00,0.000000e+00,0.000000e+00,0.000000e+00,0.000000e+00
1.000000e+00,0.000000e+00,0.000000e+00,0.000000e+00,0.000000e+00,0.000000e+00,0.000000e+00,0.000000e+00,0.000000e+00,0.000000e+00,0.000000e+00,0.000000e+00,0.000000e+00,0.000000e+00,0.000000e+00
1.000000e+00,0.000000e+00,0.000000e+00,0.000000e+00,0.000000e+00,0.000000e+00,0.000000e+00,0.000000e+00,0.000000e+00,0.000000e+00,0.000000e+00,0.000000e+00,0.000000e+00,0.000000e+00,0.000000e+00
1.000000e+00,0.000000e+00,0.000000e+00,0.000000e+00,0.000000e+00,0.000000e+00,0.000000e+00,0.000000e+00,0.000000e+00,0.000000e+00,0.000000e+00,0.000000e+00,0.000000e+00,0.000000e+00,0.000000e+00
1.000000e+00,0.000000e+00,0.000000e+00,0.000000e+00,0.000000e+00,0.000000e+00,0.000000e+00,0.000000e+00,0.000000e+00,0.000000e+00,0.000000e+00,0.000000e+00,0.000000e+00,0.000000e+00,0.000000e+00
1.000000e+00,0.000000e+00,0.000000e+00,0.000000e+00,0.000000e+00,0.000000e+00,0.000000e+00,0.000000e+00,0.000000e+00,0.000000e+00,0.000000e+00,0.000000e+00,0.000000e+00,0.000000e+00,0.000000e+00
1.000000e+00,0.000000e+00,0.000000e+00,0.000000e+00,0.000000e+00,0.000000e+00,0.000000e+00,0.000000e+00,0.000000e+00,0.000000e+00,0.000000e+00,0.000000e+00,0.000000e+00,0.000000e+00,0.000000e+00
1.000000e+00,0.000000e+00,0.000000e+00,0.000000e+00,0.000000e+00,0.000000e+00,0.000000e+00,0.000000e+00,0.000000e+00,0.000000e+00,0.000000e+00,0.000000e+00,0.000000e+00,0.000000e+00,0.000000e+00
1.000000e+00,0.000000e+00,0.000000e+00,0.000000e+00,0.000000e+00,0.000000e+00,0.000000e+00,0.000000e+00,0.000000e+00,0.000000e+00,0.000000e+00,0.000000e+00,0.000000e+00,0.000000e+00,0.000000e+00
1.000000e+00,0.000000e+00,0.000000e+00,0.000000e+00,0.000000e+00,0.000000e+00,0.000000e+00,0.000000e+00,0.000000e+00,0.000000e+00,0.000000e+00,0.000000e+00,0.000000e+00,0.000000e+00,0.000000e+00
1.000000e+00,0.000000e+00,0.000000e+00,0.000000e+00,0.000000e+00,0.000000e+00,0.000000e+00,0.000000e+00,0.000000e+00,0.000000e+00,0.000000e+00,0.000000e+00,0.000000e+00,0.000000e+00,0.000000e+00
1.000000e+00,0.000000e+00,0.000000e+00,0.000000e+00,0.000000e+00,0.000000e+00,0.000000e+00,0.000000e+00,0.000000e+00,0.000000e+00,0.000000e+00,0.000000e+00,0.000000e+00,0.000000e+00,0.000000e+00
1.000000e+00,0.000000e+00,0.000000e+00,0.000000e+00,0.000000e+00,0.000000e+00,0.000000e+00,0.000000e+00,0.000000e+00,0.000000e+00,0.000000e+00,0.000000e+00,0.000000e+00,0.000000e+00,0.000000e+00
1.000000e+00,0.000000e+00,0.000000e+00,0.000000e+00,0.000000e+00,0.000000e+00,0.000000e+00,0.000000e+00,0.000000e+00,0.000000e+00,0.000000e+00,0.000000e+00,0.000000e+00,0.000000e+00,0.000000e+00
1.000000e+00,0.000000e+00,0.000000e+00,0.000000e+00,0.000000e+00,0.000000e+00,0.000000e+00,0.000000e+00,0.000000e+00,0.000000e+00,0.000000e+00,0.000000e+00,0.000000e+00,0.000000e+00,0.000000e+00
1.000000e+00,0.000000e+00,0.000000e+00,0.000000e+00,0.000000e+00,0.000000e+00,0.000000e+00,0.000000e+00,0.000000e+00,0.000000e+00,0.000000e+00,0.000000e+00,0.000000e+00,0.000000e+00,0.000000e+00
1.000000e+00,0.000000e+00,0.000000e+00,0.000000e+00,0.000000e+00,0.000000e+00,0.000000e+00,0.000000e+00,0.000000e+00,0.000000e+00,0.000000e+00,0.000000e+00,0.000000e+00,0.000000e+00,0.000000e+00
1.000000e+00,0.000000e+00,0.000000e+00,0.000000e+00,0.000000e+00,0.000000e+00,0.000000e+00,0.000000e+00,0.000000e+00,0.000000e+00,0.000000e+00,0.000000e+00,0.000000e+00,0.000000e+00,0.000000e+00
1.000000e+00,0.000000e+00,0.000000e+00,0.000000e+00,0.000000e+00,0.000000e+00,0.000000e+00,0.000000e+00,0.000000e+00,0.000000e+00,0.000000e+00,0.000000e+00,0.000000e+00,0.000000e+00,0.000000e+00
1.000000e+00,0.000000e+00,0.000000e+00,0.000000e+00,0.000000e+00,0.000000e+00,0.000000e+00,0.000000e+00,0.000000e+00,0.000000e+00,0.000000e+00,0.000000e+00,0.000000e+00,0.000000e+00,0.000000e+00
1.000000e+00,0.000000e+00,0.000000e+00,0.000000e+00,0.000000e+00,0.000000e+00,0.000000e+00,0.000000e+00,0.000000e+00,0.000000e+00,0.000000e+00,0.000000e+00,0.000000e+00,0.000000e+00,0.000000e+00
1.000000e+00,0.000000e+00,0.000000e+00,0.000000e+00,0.000000e+00,0.000000e+00,0.000000e+00,0.000000e+00,0.000000e+00,0.000000e+00,0.000000e+00,0.000000e+00,0.000000e+00,0.000000e+00,0.000000e+00
1.000000e+00,0.000000e+00,0.000000e+00,0.000000e+00,0.000000e+00,0.000000e+00,0.000000e+00,0.000000e+00,0.000000e+00,0.000000e+00,0.000000e+00,0.000000e+00,0.000000e+00,0.000000e+00,0.000000e+00
4.793291e-01,9.568991e-03,2.406851e-02,2.813437e-02,5.216644e-03,1.835357e-02,1.153180e-02,3.737546e-01,2.616715e-03,1.165686e-03,5.256234e-03,1.375226e-02,1.539941e-02,1.936293e-03,9.915865e-03
4.537586e-01,7.348185e-03,1.884288e-02,2.184240e-02,4.122616e-03,2.083653e-02,1.266207e-02,4.170618e-01,1.998491e-03,9.995512e-04,4.168094e-03,1.317966e-02,1.329000e-02,1.575301e-03,8.313804e-03
4.531548e-01,6.050080e-03,1.581746e-02,1.826388e-02,3.502198e-03,2.267097e-02,1.362939e-02,4.275061e-01,1.584608e-03,8.789768e-04,3.547128e-03,1.238784e-02,1.154640e-02,1.428253e-03,8.031898e-03
3.551641e-01,4.393050e-03,1.174722e-02,1.333208e-02,3.098312e-03,1.790259e-02,1.133022e-02,5.526172e-01,1.213385e-03,6.962702e-04,2.728872e-03,9.522071e-03,9.175961e-03,1.124705e-03,5.954037e-03
2.999387e-01,3.346168e-03,8.982890e-03,9.791998e-03,3.608162e-03,1.378055e-02,9.793520e-03,6.249406e-01,9.792156e-04,7.091182e-04,2.236560e-03,8.340680e-03,7.835795e-03,8.694396e-04,4.846537e-03
3.051534e-01,2.752033e-03,7.269132e-03,7.522383e-03,4.504953e-03,1.164514e-02,9.189782e-03,6.273301e-01,9.176237e-04,8.304133e-04,1.956677e-03,8.534038e-03,7.225112e-03,7.163600e-04,4.452891e-03
3.231857e-01,2.333455e-03,6.514761e-03,6.119596e-03,5.356476e-03,1.064909e-02,8.418449e-03,6.103431e-01,9.409636e-04,1.044075e-03,1.882949e-03,1.087177e-02,7.556701e-03,7.133167e-04,4.069606e-03
2.821906e-01,2.027358e-03,5.449647e-03,4.932628e-03,5.823167e-03,8.222512e-03,6.339950e-03,6.593434e-01,8.704549e-04,1.799232e-03,1.747145e-03,1.012911e-02,6.911771e-03,7.291278e-04,3.483892e-03
2.495560e-01,2.595310e-03,4.336189e-03,5.435872e-03,8.793538e-03,6.582167e-03,4.902743e-03,6.597608e-01,2.543382e-03,2.535779e-03,3.272499e-03,1.380071e-02,3.092968e-02,8.899072e-04,4.065360e-03
2.072316e-01,2.470001e-03,4.682660e-03,9.050136e-03,2.160034e-02,7.013499e-03,4.221551e-03,6.450983e-01,3.593235e-03,3.948303e-03,9.253223e-03,1.624190e-02,6.066304e-02,8.360412e-04,4.096292e-03
1.766959e-01,4.741078e-03,4.159810e-03,2.803440e-02,2.827058e-02,8.346716e-03,3.401272e-03,5.141653e-01,2.218636e-02,4.615895e-03,1.327859e-02,4.415648e-02,1.391503e-01,1.109488e-03,7.687911e-03
1.241359e-01,2.434202e-02,3.153231e-03,5.021194e-02,2.059566e-02,5.978308e-03,2.408354e-03,3.602116e-01,2.531701e-01,4.015198e-03,1.024437e-02,3.156879e-02,1.022580e-01,8.266431e-04,6.880082e-03
9.440041e-02,3.001385e-02,2.423933e-03,9.645485e-02,1.531430e-02,6.094752e-03,1.778390e-03,2.536931e-01,3.395143e-01,3.826163e-03,1.517523e-02,2.973808e-02,1.035526e-01,1.005439e-03,7.014627e-03
7.259636e-02,3.364636e-02,1.799568e-03,1.140789e-01,1.178460e-02,5.539427e-03,1.317287e-03,1.776800e-01,4.500733e-01,3.271283e-03,1.586035e-02,2.470107e-02,7.856373e-02,1.053556e-03,8.034315e-03
5.781370e-02,4.378615e-02,1.905836e-03,1.383005e-01,9.282422e-03,5.448080e-03,1.086386e-03,1.249557e-01,4.938561e-01,3.245412e-03,1.859306e-02,1.968268e-02,6.612248e-02,1.536516e-03,1.438493e-02
6.075547e-02,4.829849e-02,1.902759e-03,1.781379e-01,7.647874e-03,4.801754e-03,8.410448e-04,8.868641e-02,4.738984e-01,4.353008e-03,2.775339e-02,1.779495e-02,6.382127e-02,2.586177e-03,1.872110e-02
1.819232e-01,3.642776e-02,1.894682e-03,1.576577e-01,7.348096e-03,6.931658e-03,7.769341e-04,6.328981e-02,3.579269e-01,4.048029e-03,4.650388e-02,2.025148e-02,8.114236e-02,7.811558e-03,2.606588e-02
1.906332e-01,3.020934e-02,2.919571e-03,2.139780e-01,6.225617e-03,7.314197e-03,7.228131e-04,4.517077e-02,2.869936e-01,4.114084e-03,7.611059e-02,2.032502e-02,7.023342e-02,9.569969e-03,3.547979e-02
1.370519e-01,2.194978e-02,2.415500e-03,2.121769e-01,4.957486e-03,7.038862e-03,6.291249e-04,3.168030e-02,2.074891e-01,5.525312e-03,1.809831e-01,4.381279e-02,1.051506e-01,1.051146e-02,2.862784e-02
1.049517e-01,1.602357e-02,1.778545e-03,1.629787e-01,5.776244e-03,6.322557e-03,9.998429e-04,2.233090e-02,1.962721e-01,5.749419e-03,1.448083e-01,1.394542e-01,1.260590e-01,4.117592e-02,2.531901e-02
8.709837e-02,1.173066e-02,1.384807e-03,1.199470e-01,8.816738e-03,5.768707e-03,2.361894e-03,1.590096e-02,1.711624e-01,7.606672e-03,1.266224e-01,2.216484e-01,1.183008e-01,7.951459e-02,2.213557e-02
1.088158e-01,8.814330e-03,1.390416e-03,8.667840e-02,1.012262e-02,7.885657e-03,3.168852e-03,1.282069e-02,1.244150e-01,9.857324e-03,1.262547e-01,3.258266e-01,8.472572e-02,6.978318e-02,1.944059e-02
1.072640e-01,6.637251e-03,1.219489e-03,6.338069e-02,1.168000e-02,9.100616e-03,3.614752e-03,1.056263e-02,9.562969e-02,1.365073e-02,1.204818e-01,4.210129e-01,6.163902e-02,5.649586e-02,1.763056e-02
7.597815e-02,4.771439e-03,9.301296e-04,4.565142e-02,1.065043e-02,8.217153e-03,2.799286e-03,8.103468e-03,6.958965e-02,1.142680e-02,1.116847e-01,5.511246e-01,4.454601e-02,4.192420e-02,1.260258e-02
5.344526e-02,3.475601e-03,6.892998e-04,3.214264e-02,2.149191e-02,6.058011e-03,1.983974e-03,6.390346e-03,4.976816e-02,8.939258e-03,1.011986e-01,6.431907e-01,3.207001e-02,3.011883e-02,9.037281e-03
3.780078e-02,2.609228e-03,5.353084e-04,2.265982e-02,2.511050e-02,4.607015e-03,1.404562e-03,5.506643e-03,3.563890e-02,7.311014e-03,9.706095e-02,7.073692e-01,2.320532e-02,2.269697e-02,6.483720e-03
2.784979e-02,2.518638e-03,1.125269e-03,1.645266e-02,2.001099e-02,4.840151e-03,1.096080e-03,7.508509e-03,2.569483e-02,7.342618e-03,1.145637e-01,7.309043e-01,1.777828e-02,1.759064e-02,4.723441e-03
2.248479e-02,1.096598e-02,1.020181e-02,1.258499e-02,2.120339e-02,7.446155e-03,8.906332e-04,1.551297e-02,1.891844e-02,1.040394e-02,1.191290e-01,7.174703e-01,1.423870e-02,1.509375e-02,3.455116e-03
1.801156e-02,1.176306e-02,2.001374e-01,1.103953e-02,2.133946e-02,9.227738e-03,2.443787e-03,4.243145e-02,1.341048e-02,1.105590e-02,9.443704e-02,5.407295e-01,1.041718e-02,1.109533e-02,2.460520e-03
2.192423e-02,4.837516e-02,2.080881e-01,1.414092e-02,4.109961e-02,3.122828e-02,3.580213e-03,7.574844e-02,9.773823e-03,1.279335e-02,8.991508e-02,4.245272e-01,7.910019e-03,9.097306e-03,1.798219e-03
3.847764e-02,3.802281e-02,1.492676e-01,1.063527e-02,3.076051e-02,4.139553e-02,2.646873e-03,5.468652e-02,7.119278e-03,9.766595e-03,1.078688e-01,4.940885e-01,5.911830e-03,8.013720e-03,1.338464e-03
4.438724e-02,4.427540e-02,1.742264e-01,1.147952e-02,2.724781e-02,4.746850e-02,2.223136e-03,4.533309e-02,6.692482e-03,9.102719e-03,1.235851e-01,4.500548e-01,4.432635e-03,8.013442e-03,1.477675e-03
5.665229e-02,3.610668e-02,1.351497e-01,1.208199e-02,2.198191e-02,8.611575e-02,1.783487e-03,3.761622e-02,6.497651e-03,9.166570e-03,1.979884e-01,3.744782e-01,3.508688e-03,1.877757e-02,2.094823e-03
6.503090e-02,3.092140e-02,1.167693e-01,2.976553e-02,2.980623e-02,9.680319e-02,2.424004e-03,3.546494e-02,5.993816e-03,8.379800e-03,2.085055e-01,3.376474e-01,2.789788e-03,2.779402e-02,1.904108e-03
4.935684e-02,2.197232e-02,8.290252e-02,2.184602e-02,2.191298e-02,1.114787e-01,1.826195e-03,2.499700e-02,4.351876e-03,6.047100e-03,3.479797e-01,2.756345e-01,2.247736e-03,2.599527e-02,1.451134e-03
3.612230e-02,1.564939e-02,5.866525e-02,1.589137e-02,1.616419e-02,1.256760e-01,1.365617e-03,1.761862e-02,3.197310e-03,4.293995e-03,4.357314e-01,2.454390e-01,1.681352e-03,2.136185e-02,1.142281e-03
2.589972e-02,1.178294e-02,4.190307e-02,1.140179e-02,1.311852e-02,1.114450e-01,1.080674e-03,1.248729e-02,2.415746e-03,3.095088e-03,5.067579e-01,2.375790e-01,1.392653e-03,1.829346e-02,1.347046e-03
1.848640e-02,1.098958e-02,2.998208e-02,8.089104e-03,9.893151e-03,8.480392e-02,9.057261e-04,8.791333e-03,1.901294e-03,2.332471e-03,5.962675e-01,2.066405e-01,1.097073e-03,1.660676e-02,3.213047e-03
1.308064e-02,8.613545e-03,2.164000e-02,5.727614e-03,7.786123e-03,6.316409e-02,6.993627e-04,6.215663e-03,1.619263e-03,1.837690e-03,6.572826e-01,1.927756e-01,8.267110e-04,1.457977e-02,4.151290e-03
9.494278e-03,9.425569e-03,1.790558e-02,4.163048e-03,9.232041e-03,4.823712e-02,7.451682e-04,4.500547e-03,2.017645e-03,3.212744e-03,5.739625e-01,2.916227e-01,7.321028e-04,1.704231e-02,7.706656e-03
7.100100e-03,8.141018e-03,1.735058e-02,3.082428e-03,1.173193e-02,3.852839e-02,1.411583e-03,4.000482e-03,3.054545e-03,5.136086e-03,5.023448e-01,3.723586e-01,8.366975e-04,1.829808e-02,6.624634e-03
6.375902e-03,6.755716e-03,1.375156e-02,2.434446e-03,1.088411e-02,2.858552e-02,1.147349e-03,3.646084e-03,5.537219e-03,6.846542e-03,5.210683e-01,3.595797e-01,8.604828e-04,2.675317e-02,5.773935e-03
5.513923e-03,6.478663e-03,1.228797e-02,1.892218e-03,1.060783e-02,2.366957e-02,1.136234e-03,3.006203e-03,5.706274e-03,7.018011e-03,4.835926e-01,3.964594e-01,8.257616e-04,3.651166e-02,5.293665e-03
3.964038e-03,5.110258e-03,9.031354e-03,1.354048e-03,8.363872e-03,1.919687e-02,9.417183e-04,2.171994e-03,4.545723e-03,6.578838e-03,5.524598e-01,3.445789e-01,7.921903e-04,3.660015e-02,4.310200e-03
2.832645e-03,6.334805e-03,7.157231e-03,9.769747e-04,8.007614e-03,1.526538e-02,1.163905e-03,1.541143e-03,4.115007e-03,1.281017e-02,6.224540e-01,2.735777e-01,7.267674e-04,3.703561e-02,6.001018e-03
2.066008e-03,7.467441e-03,6.103393e-03,6.989467e-04,8.722962e-03,1.196364e-02,2.124915e-03,1.119242e-03,3.863227e-03,3.836982e-02,6.430570e-01,2.282771e-01,8.207326e-04,3.853244e-02,6.813180e-03
1.608110e-03,6.287366e-03,5.185865e-03,5.253589e-04,1.159518e-02,1.259616e-02,5.327730e-03,1.153077e-03,3.977009e-03,3.555594e-02,7.018017e-01,1.702399e-01,1.009713e-03,3.257810e-02,1.055881e-02
1.298172e-03,8.835102e-03,6.412749e-03,4.370847e-04,9.499402e-03,1.180908e-02,4.550679e-03,9.169707e-04,6.196924e-03,4.619274e-02,6.729494e-01,1.346653e-01,9.891174e-04,3.142862e-02,6.381863e-02
9.859498e-04,7.904006e-03,5.767832e-03,3.667155e-04,7.248857e-03,1.365412e-02,3.733791e-03,7.139780e-04,6.635496e-03,8.182766e-02,6.745073e-01,9.944598e-02,9.540952e-04,2.568444e-02,7.056988e-02
8.172402e-04,6.958772e-03,5.861252e-03,4.106663e-04,7.135205e-03,1.602113e-02,3.680978e-03,6.171440e-04,5.881219e-03,8.870918e-02,7.005742e-01,7.364599e-02,1.187772e-03,1.988506e-02,6.861426e-02
7.081337e-04,5.641728e-03,5.942115e-03,1.568423e-03,1.122320e-02,1.531809e-02,3.354422e-03,5.896892e-04,5.612684e-03,7.341317e-02,7.498118e-01,5.466340e-02,2.351750e-03,1.559270e-02,5.420869e-02
7.853592e-04,5.480592e-03,1.794112e-02,2.402191e-03,9.516059e-03,1.484384e-02,2.857857e-03,1.741122e-03,6.142444e-03,6.847307e-02,7.731666e-01,3.931349e-02,2.690021e-03,1.203714e-02,4.260911e-02
9.135055e-04,6.414577e-03,1.933599e-02,4.840683e-03,9.454795e-03,1.761057e-02,2.596340e-03,4.432856e-03,9.227201e-03,6.492529e-02,7.825223e-01,3.105282e-02,4.176667e-03,8.902882e-03,3.359354e-02
1.719744e-03,1.003921e-02,2.972258e-02,7.033883e-03,1.718395e-02,1.509833e-02,3.006783e-03,1.201086e-02,8.912465e-03,5.800410e-02,7.700328e-01,2.623008e-02,6.140223e-03,6.651038e-03,2.821393e-02
4.898810e-03,1.657823e-02,4.640415e-02,6.095209e-03,4.392178e-02,1.160093e-02,2.255575e-03,1.816976e-02,1.383147e-02,4.537620e-02,7.250528e-01,2.301934e-02,6.596725e-03,5.735853e-03,3.046313e-02
6.343713e-03,1.351711e-02,8.089866e-02,5.989985e-03,1.724413e-01,9.490952e-03,2.821516e-03,3.255935e-02,1.395140e-02,3.287279e-02,5.789589e-01,1.759069e-02,5.810571e-03,4.465532e-03,2.228758e-02
7.740950e-03,1.070737e-02,1.447996e-01,6.478265e-03,1.961947e-01,8.032721e-03,2.515321e-03,1.128670e-01,1.539423e-02,2.329881e-02,4.330856e-01,1.438436e-02,4.849191e-03,3.325400e-03,1.632657e-02
1.332561e-02,1.117994e-02,1.330814e-01,9.282917e-03,2.460802e-01,7.787954e-03,2.303401e-03,1.025928e-01,2.226908e-02,1.664264e-02,4.001908e-01,1.491650e-02,5.114396e-03,2.585424e-03,1.264695e-02
1.386022e-02,1.318841e-02,1.059631e-01,6.213589e-02,3.076951e-01,9.525209e-03,1.887702e-03,8.441342e-02,5.923460e-02,1.214343e-02,2.920338e-01,1.819772e-02,6.489029e-03,1.957821e-03,1.127451e-02
2.002835e-02,1.315075e-02,7.972693e-02,4.716019e-02,2.787438e-01,9.513305e-03,2.173040e-03,6.910232e-02,1.478162e-01,9.115052e-03,2.357525e-01,3.967109e-02,3.593874e-02,2.138576e-03,9.969128e-03
2.084057e-02,1.817957e-02,6.103932e-02,6.715591e-02,2.426265e-01,1.133594e-02,3.359595e-03,5.219826e-02,2.380533e-01,7.983321e-03,1.729970e-01,3.682504e-02,4.963626e-02,1.820801e-03,1.594869e-02
1.542522e-02,1.308611e-02,4.302619e-02,6.844595e-02,1.978144e-01,1.501183e-02,2.625205e-03,3.706299e-02,1.752316e-01,5.719866e-03,1.439795e-01,3.509542e-02,2.339908e-01,1.484381e-03,1.200046e-02
1.144268e-02,9.357524e-03,3.029666e-02,5.710048e-02,1.527150e-01,1.305388e-02,1.991902e-03,2.610330e-02,1.250177e-01,7.167182e-03,1.773532e-01,3.421840e-02,3.438966e-01,1.229333e-03,9.056129e-03
8.136004e-03,6.575393e-03,2.125983e-02,4.026961e-02,1.088716e-01,9.406124e-03,1.430159e-03,1.868653e-02,9.123047e-02,5.981110e-03,1.618733e-01,2.824290e-02,4.899377e-01,1.376143e-03,6.723156e-03
6.435398e-03,4.982490e-03,1.505213e-02,2.910247e-02,7.979221e-02,9.197403e-03,1.345756e-03,1.356002e-02,6.727116e-02,6.024334e-03,1.787006e-01,2.421162e-02,5.528221e-01,2.019117e-03,9.483226e-03
5.507073e-03,3.764835e-03,1.078892e-02,2.100554e-02,5.970642e-02,7.486268e-03,1.505107e-03,1.036722e-02,5.140619e-02,4.634816e-03,1.718560e-01,2.061717e-02,6.177938e-01,2.611970e-03,1.094864e-02
4.833242e-03,3.020246e-03,8.397578e-03,1.520167e-02,4.897015e-02,6.458021e-03,2.355117e-03,1.519035e-02,4.286211e-02,3.481721e-03,1.582880e-01,2.510708e-02,6.525140e-01,2.552976e-03,1.076778e-02
5.512731e-03,2.799808e-03,7.209759e-03,1.135425e-02,4.514657e-02,8.748604e-03,3.418694e-03,2.145019e-02,5.201188e-02,2.766209e-03,1.436800e-01,5.076688e-02,6.301709e-01,4.087925e-03,1.087557e-02
4.775532e-03,2.323875e-03,1.079309e-02,1.233968e-02,3.695539e-02,6.486905e-03,4.338193e-03,1.859987e-01,4.079230e-02,2.088150e-03,1.034691e-01,4.900357e-02,5.297078e-01,3.044759e-03,7.882926e-03
4.818918e-03,2.103020e-03,1.031043e-02,1.115684e-02,3.331916e-02,5.360893e-03,4.510357e-03,1.549316e-01,4.013709e-02,2.408196e-03,8.322492e-02,1.026322e-01,5.333618e-01,4.564550e-03,7.160030e-03
6.173665e-03,3.125777e-03,1.032228e-02,8.385875e-03,1.025958e-01,5.254895e-03,6.092897e-03,1.147944e-01,8.527827e-02,2.769738e-03,7.054803e-02,8.989702e-02,4.833556e-01,5.199939e-03,6.205826e-03
1.035182e-02,3.481721e-03,9.375432e-03,7.288256e-03,1.008736e-01,5.815078e-03,5.199542e-03,1.101498e-01,1.042194e-01,3.856829e-03,6.181805e-02,9.306174e-02,4.706361e-01,6.544570e-03,7.328046e-03
1.256413e-02,3.707035e-03,8.140541e-03,6.830392e-03,8.804920e-02,5.819903e-03,4.816321e-03,1.066823e-01,1.081174e-01,3.838657e-03,5.620423e-02,9.157375e-02,4.889517e-01,6.479335e-03,8.225057e-03
4.201806e-02,4.549219e-03,7.954545e-03,8.155067e-03,9.067519e-02,8.473411e-03,4.668070e-03,8.765803e-02,1.098383e-01,4.900006e-03,5.798589e-02,9.582714e-02,4.608452e-01,7.131115e-03,9.320743e-03
4.992539e-02,8.051616e-03,6.872553e-03,7.139283e-03,7.902225e-02,4.239643e-02,4.222365e-03,6.572891e-02,1.511829e-01,7.845887e-03,5.358819e-02,1.305393e-01,3.674945e-01,9.488730e-03,1.650166e-02
6.767453e-02,9.818228e-03,5.381269e-03,9.030119e-03,6.162253e-02,5.813096e-02,4.018859e-03,4.777803e-02,1.471861e-01,8.263472e-03,4.904597e-02,1.505516e-01,3.549888e-01,1.079085e-02,1.571867e-02
6.710220e-02,1.129835e-02,4.225022e-03,7.468186e-03,4.761962e-02,7.380214e-02,3.316010e-03,3.408417e-02,1.477115e-01,6.329777e-03,3.792031e-02,2.108895e-01,3.272876e-01,8.706956e-03,1.223864e-02
5.797300e-02,1.227974e-02,3.592220e-03,6.159871e-03,3.977062e-02,9.914860e-02,2.793229e-03,2.485379e-02,1.434410e-01,4.690072e-03,2.857707e-02,2.930447e-01,2.676456e-01,6.718532e-03,9.312038e-03
4.851696e-02,1.193104e-02,3.345358e-03,1.236900e-02,2.958345e-02,1.291442e-01,2.737997e-03,2.568662e-02,2.253421e-01,3.690704e-03,2.368967e-02,2.647934e-01,2.056954e-01,5.713144e-03,7.760922e-03
4.113926e-02,1.038887e-02,3.727697e-03,9.634550e-03,2.275572e-02,1.786764e-01,7.736602e-03,4.552055e-02,1.880558e-01,2.834172e-03,2.180447e-02,2.387953e-01,2.163063e-01,5.709635e-03,6.914611e-03
4.337643e-02,1.339281e-02,3.395581e-03,9.669235e-03,1.948872e-02,1.809305e-01,6.336815e-03,3.773184e-02,1.872748e-01,2.237351e-03,2.026397e-02,2.172570e-01,2.463205e-01,5.530799e-03,6.793739e-03
3.698153e-02,1.741155e-02,3.335717e-03,1.456580e-02,1.605182e-02,1.674217e-01,4.743498e-03,2.699660e-02,2.612744e-01,1.972706e-03,1.582555e-02,1.940169e-01,2.200863e-01,5.158297e-03,1.415761e-02
3.359919e-02,1.459045e-02,3.921700e-03,2.530724e-02,1.913951e-02,1.395667e-01,3.907368e-03,4.012669e-02,2.444630e-01,1.575133e-03,1.284077e-02,1.741522e-01,2.710065e-01,4.411298e-03,1.139225e-02
1.310627e-01,1.496819e-02,3.858563e-03,2.338349e-02,2.847429e-02,1.162946e-01,3.542340e-03,2.973641e-02,1.913937e-01,1.288524e-03,1.219419e-02,1.785721e-01,2.338579e-01,1.685035e-02,1.452248e-02
1.456793e-01,3.218740e-02,1.629015e-02,1.162315e-01,3.629490e-02,8.627483e-02,3.223171e-03,2.317206e-02,1.598752e-01,2.329383e-03,1.684604e-02,1.427316e-01,1.689760e-01,1.478012e-02,3.510835e-02
1.322657e-01,3.790649e-02,2.729724e-02,1.501437e-01,4.367574e-02,6.441910e-02,2.869006e-03,1.875812e-02,1.828200e-01,4.057031e-03,1.618826e-02,1.194612e-01,1.230559e-01,1.291130e-02,6.417125e-02
1.391015e-01,4.408143e-02,2.785225e-02,1.159965e-01,4.534502e-02,6.693085e-02,2.548087e-03,1.573399e-02,1.885242e-01,3.866013e-03,1.877515e-02,1.173947e-01,1.017145e-01,2.563882e-02,8.649702e-02
1.416866e-01,4.585540e-02,4.175903e-02,1.245459e-01,4.729302e-02,5.172621e-02,2.804945e-03,2.430982e-02,2.060976e-01,4.682816e-03,2.347872e-02,9.777421e-02,8.471493e-02,2.454489e-02,7.872584e-02
1.149928e-01,6.369908e-02,6.544603e-02,1.090906e-01,3.639947e-02,4.116296e-02,2.727995e-03,2.019956e-02,2.350168e-01,8.450659e-03,2.044107e-02,7.250798e-02,8.744900e-02,2.429571e-02,9.812026e-02
1.037155e-01,8.518286e-02,5.482406e-02,8.480199e-02,3.077044e-02,3.295444e-02,3.434528e-03,1.870907e-02,2.801053e-01,1.059242e-02,1.862785e-02,5.180570e-02,1.184713e-01,1.841525e-02,8.758937e-02
7.887320e-02,7.401374e-02,4.037135e-02,6.117762e-02,2.285496e-02,3.214686e-02,3.052211e-03,1.393512e-02,2.210480e-01,8.555928e-03,1.371550e-02,3.663547e-02,3.129179e-01,1.340374e-02,6.729845e-02
5.614587e-02,5.632355e-02,2.861232e-02,4.305633e-02,1.620628e-02,2.323543e-02,2.260278e-03,9.869766e-03,1.610526e-01,6.286477e-03,9.687824e-03,2.573803e-02,5.018348e-01,9.448333e-03,5.024213e-02
3.989177e-02,4.111578e-02,2.024689e-02,3.022147e-02,1.152151e-02,1.666201e-02,1.799004e-03,6.966915e-03,1.144761e-01,4.511526e-03,6.829243e-03,1.811202e-02,6.402805e-01,6.646808e-03,4.071844e-02
2.820871e-02,3.029829e-02,1.444901e-02,2.121953e-02,8.324999e-03,1.204443e-02,1.885619e-03,4.918195e-03,8.207569e-02,3.341421e-03,4.964838e-03,1.292902e-02,7.060028e-01,4.852592e-03,6.448487e-02
1.979705e-02,2.150021e-02,1.019670e-02,1.488740e-02,5.874307e-03,8.621847e-03,1.486432e-03,3.474689e-03,5.777887e-02,2.420172e-03,3.585030e-03,9.249028e-03,7.543283e-01,3.419493e-03,8.338052e-02
1.390254e-02,1.518161e-02,7.220797e-03,1.044646e-02,4.169689e-03,6.312182e-03,1.404571e-03,2.446159e-03,4.069558e-02,1.813333e-03,2.596164e-03,6.879787e-03,7.913629e-01,2.432826e-03,9.313542e-02
1.007453e-02,1.073894e-02,5.422830e-03,7.451172e-03,3.296051e-03,7.917865e-03,2.495472e-03,1.795627e-03,3.067658e-02,3.050420e-03,3.975284e-03,1.045460e-02,7.080053e-01,1.822074e-03,1.928233e-01
8.140054e-03,7.650134e-03,3.901621e-03,5.858556e-03,2.501389e-03,1.624639e-02,2.225145e-03,1.343440e-03,2.628264e-02,9.432310e-03,1.667641e-02,5.200227e-02,6.296313e-01,1.534524e-03,2.165738e-01
6.183739e-03,5.413032e-03,2.798752e-03,4.535289e-03,1.828446e-03,3.136265e-02,1.704864e-03,1.282582e-03,2.173323e-02,1.323508e-02,3.351220e-02,6.470987e-02,6.313887e-01,1.358215e-03,1.789534e-01
6.894608e-03,4.866991e-03,2.385921e-03,2.257120e-02,1.646087e-03,1.604608e-01,1.273039e-03,1.079121e-03,4.952225e-02,2.791983e-02,3.729635e-02,5.808489e-02,4.858154e-01,1.078287e-03,1.391051e-01
8.585109e-03,5.991699e-03,2.008539e-03,2.120867e-02,2.521733e-03,1.331682e-01,1.150650e-03,1.494396e-03,1.652963e-01,2.770991e-02,4.862643e-02,5.919116e-02,4.124415e-01,7.954238e-04,1.098103e-01
1.396477e-02,6.870910e-03,1.675465e-03,3.253490e-02,3.320725e-03,1.018471e-01,8.844665e-04,1.669313e-03,3.606038e-01,2.012105e-02,3.957092e-02,4.439107e-02,2.933820e-01,6.053116e-04,7.855820e-02
2.204859e-02,6.829672e-03,1.366910e-03,2.532084e-02,3.034725e-03,7.307447e-02,7.244370e-04,2.036129e-02,4.845233e-01,1.458636e-02,3.227386e-02,3.435554e-02,2.180675e-01,5.022949e-04,6.293026e-02
7.395419e-02,7.158149e-03,2.236716e-03,5.323385e-02,6.842409e-03,5.569132e-02,1.512549e-03,4.569732e-02,4.834668e-01,1.064479e-02,2.684831e-02,2.585096e-02,1.604110e-01,4.040533e-04,4.604759e-02
2.030646e-01,7.635153e-03,3.087061e-03,4.801762e-02,6.632233e-03,4.446919e-02,1.523223e-03,9.097957e-02,3.879471e-01,7.888832e-03,2.349348e-02,2.157002e-02,1.174338e-01,4.332511e-04,3.582486e-02
1.907768e-01,6.119750e-03,2.894689e-03,3.492383e-02,7.881022e-03,3.216351e-02,1.411827e-03,2.657970e-01,3.043021e-01,5.663503e-03,1.846022e-02,1.612347e-02,8.595679e-02,4.166799e-04,2.710889e-02
1.770061e-01,5.369776e-03,3.134186e-03,2.600598e-02,8.481264e-03,2.369606e-02,1.267641e-03,4.192619e-01,2.245837e-01,4.080489e-03,1.378303e-02,1.225168e-02,6.115350e-02,4.003723e-04,1.952418e-02
1.447817e-01,4.286537e-03,2.521687e-03,1.898982e-02,9.090713e-03,1.761789e-02,1.176512e-03,5.562468e-01,1.657090e-01,2.897552e-03,1.003644e-02,8.931178e-03,4.354609e-02,3.353585e-04,1.383266e-02
1.090813e-01,3.382001e-03,2.068178e-03,1.377338e-02,7.191546e-03,1.329870e-02,9.268078e-04,6.752932e-01,1.183693e-01,2.043695e-03,7.189174e-03,6.424625e-03,3.089302e-02,2.627456e-04,9.802354e-03
8.353245e-02,2.612808e-03,1.524374e-03,1.000413e-02,5.686429e-03,1.010532e-02,7.156461e-04,7.594641e-01,8.607705e-02,1.437398e-03,5.196457e-03,4.661351e-03,2.182310e-02,2.246784e-04,6.934747e-03
7.400206e-02,2.211791e-03,1.223512e-03,7.599416e-03,5.126975e-03,7.905955e-03,6.515458e-04,8.077570e-01,6.419940e-02,1.021537e-03,3.741180e-03,3.727459e-03,1.559007e-02,2.047172e-04,5.037407e-03
6.482113e-02,2.455263e-03,1.005744e-03,5.808902e-03,4.267348e-03,6.455624e-03,5.395754e-04,8.404637e-01,5.212173e-02,7.516386e-04,2.966876e-03,3.048414e-03,1.115608e-02,2.257013e-04,3.912364e-03
6.303911e-02,2.447096e-03,8.392763e-04,4.346394e-03,3.443546e-03,5.034097e-03,4.422094e-04,8.568215e-01,4.724805e-02,5.417373e-04,2.255721e-03,2.407386e-03,7.971888e-03,2.013496e-04,2.960714e-03
6.508560e-02,2.277307e-03,8.221430e-04,3.215181e-03,2.695842e-03,4.114524e-03,4.238222e-04,8.682922e-01,4.035959e-02,3.973555e-04,1.864268e-03,2.129219e-03,5.797910e-03,2.139685e-04,2.311209e-03
9.756092e-02,1.930104e-03,1.011131e-03,2.576827e-03,2.133417e-03,5.564155e-03,5.220501e-04,8.463602e-01,3.109358e-02,3.006012e-04,1.609107e-03,2.655470e-03,4.528784e-03,2.652687e-04,1.888513e-03
1.246595e-01,1.833696e-03,1.102337e-03,2.041252e-03,1.746314e-03,5.314847e-03,5.948675e-04,8.291711e-01,2.400491e-02,2.406080e-04,1.317104e-03,2.594386e-03,3.513610e-03,2.760453e-04,1.589530e-03
1.440860e-01,1.656887e-03,1.435472e-03,1.761919e-03,1.720053e-03,4.942408e-03,6.799249e-04,8.172081e-01,1.778227e-02,2.169686e-04,1.230636e-03,2.601076e-03,2.803996e-03,3.218452e-04,1.552561e-03
1.771028e-01,1.390599e-03,1.699895e-03,1.831090e-03,1.692654e-03,4.172407e-03,6.999978e-04,7.904320e-01,1.328714e-02,1.758782e-04,1.090378e-03,2.455306e-03,2.309253e-03,3.275394e-04,1.333043e-03
1.511598e-01,4.022417e-03,2.018267e-03,7.919604e-02,7.009366e-03,5.040792e-03,6.121987e-04,5.960683e-01,1.195677e-02,3.333164e-04,1.973684e-02,7.091365e-02,4.900623e-02,7.452891e-04,2.180810e-03
1.180932e-01,3.787159e-03,2.156990e-03,1.080041e-01,1.272888e-02,4.956979e-03,7.609301e-04,4.740928e-01,1.843504e-02,2.481008e-03,7.928312e-02,7.989017e-02,7.584577e-02,1.612570e-02,3.358136e-03
9.947243e-02,4.092314e-03,2.167070e-03,1.038321e-01,1.848014e-02,4.963412e-03,1.043606e-03,3.631284e-01,2.078462e-02,6.160596e-03,1.194656e-01,1.126810e-01,1.059427e-01,3.292261e-02,4.863419e-03
9.312429e-02,4.057305e-03,2.276607e-03,8.526962e-02,2.503421e-02,5.982519e-03,1.630478e-03,2.659010e-01,1.887051e-02,9.004175e-03,1.524755e-01,2.013426e-01,9.169546e-02,3.751599e-02,5.819801e-03
1.204828e-01,4.798109e-03,2.181388e-03,6.777385e-02,3.376412e-02,8.960726e-03,3.530804e-03,1.986288e-01,2.034937e-02,8.315522e-03,1.328685e-01,2.861960e-01,7.187355e-02,3.431561e-02,5.960834e-03
8.938974e-02,3.790105e-03,1.628260e-03,4.971807e-02,2.920264e-02,7.251195e-03,2.617090e-03,1.395180e-01,1.593849e-02,7.322205e-03,1.146839e-01,4.551575e-01,5.262373e-02,2.645382e-02,4.705283e-03
7.051492e-02,6.112128e-03,1.378511e-03,3.499793e-02,2.516016e-02,7.698020e-03,1.976491e-03,9.799794e-02,1.189668e-02,6.802779e-03,9.820153e-02,5.748701e-01,3.823575e-02,2.042880e-02,3.728253e-03
5.954805e-02,1.091836e-02,1.447534e-03,2.466100e-02,2.243642e-02,6.942502e-03,1.477652e-03,6.912953e-02,9.260720e-03,5.867208e-03,1.013227e-01,6.384622e-01,2.772839e-02,1.784672e-02,2.951071e-03
5.794207e-02,9.583251e-03,1.931168e-03,1.774751e-02,2.066407e-02,5.725340e-03,1.160018e-03,4.918348e-02,7.208867e-03,5.123050e-03,1.454926e-01,6.348268e-01,2.107250e-02,1.982773e-02,2.511595e-03
7.813367e-02,8.210439e-03,2.737088e-03,1.345450e-02,1.631852e-02,5.657116e-03,9.316410e-04,3.482523e-02,6.353393e-03,4.572074e-03,1.422696e-01,6.506914e-01,1.558671e-02,1.773713e-02,2.521456e-03
6.157725e-02,6.609932e-03,2.242759e-03,1.217681e-02,1.331841e-02,6.107794e-03,7.556843e-04,2.444094e-02,6.423273e-03,4.869403e-03,1.552981e-01,6.752213e-01,1.139088e-02,1.510044e-02,4.466952e-03
5.522869e-02,7.807381e-03,2.316033e-03,1.143094e-02,1.345905e-02,7.102839e-03,7.591652e-04,1.726602e-02,8.345078e-03,5.136636e-03,1.543525e-01,6.878326e-01,8.800050e-03,1.318853e-02,6.974475e-03
4.182188e-02,6.827394e-03,2.025336e-03,9.329369e-03,1.246186e-02,6.602130e-03,6.422588e-04,1.223033e-02,8.810746e-03,5.143719e-03,1.256321e-01,7.444587e-01,6.750951e-03,1.051614e-02,6.747022e-03
2.952855e-02,5.018846e-03,1.503582e-03,6.700421e-03,9.694386e-03,5.153080e-03,4.675607e-04,8.657371e-03,8.377306e-03,5.044750e-03,1.006948e-01,8.008588e-01,5.219472e-03,7.829473e-03,5.251638e-03
2.093283e-02,3.786935e-03,1.143179e-03,4.810120e-03,7.426074e-03,4.398888e-03,3.401849e-04,6.347911e-03,7.019286e-03,4.453589e-03,9.022565e-02,8.349009e-01,3.935844e-03,6.146826e-03,4.131804e-03
1.477337e-02,2.818381e-03,9.119564e-04,3.423978e-03,5.743753e-03,3.636772e-03,2.494634e-04,4.646834e-03,5.623247e-03,3.690039e-03,8.474386e-02,8.589658e-01,2.940829e-03,4.726539e-03,3.105259e-03
1.041764e-02,2.033000e-03,7.563794e-04,2.455869e-03,4.721342e-03,3.188623e-03,1.991220e-04,3.373119e-03,4.625128e-03,3.207556e-03,6.389765e-02,8.929612e-01,2.202190e-03,3.663625e-03,2.297597e-03
7.356491e-03,1.520036e-03,7.009754e-04,1.780251e-03,4.451384e-03,2.788233e-03,1.763809e-04,2.488169e-03,4.664761e-03,3.243263e-03,4.790112e-02,9.165965e-01,1.649540e-03,2.932383e-03,1.750521e-03
5.228509e-03,1.248158e-03,7.436850e-04,1.304823e-03,4.602185e-03,2.908669e-03,2.133750e-04,1.910210e-03,4.601597e-03,4.042502e-03,4.501224e-02,9.228506e-01,1.280478e-03,2.631131e-03,1.421894e-03
3.732777e-03,1.092699e-03,8.181304e-04,9.525797e-04,4.803411e-03,2.814260e-03,2.561803e-04,1.515689e-03,4.657970e-03,4.871368e-03,4.680653e-02,9.229518e-01,1.028043e-03,2.530893e-03,1.167705e-03
2.709961e-03,1.614533e-03,1.501621e-03,7.000942e-04,5.070649e-03,2.738329e-03,3.375455e-04,1.208787e-03,5.161379e-03,1.009849e-02,5.514947e-02,9.083084e-01,8.362735e-04,3.269734e-03,1.294752e-03
2.018597e-03,2.072461e-03,1.610518e-03,5.164398e-04,4.998591e-03,2.576082e-03,3.884405e-04,9.300902e-04,5.422881e-03,1.926879e-02,8.948894e-02,8.631280e-01,7.535903e-04,5.122652e-03,1.703944e-03
1.481920e-03,2.269719e-03,1.669604e-03,3.785814e-04,4.539314e-03,2.436572e-03,3.825292e-04,7.257134e-04,5.213468e-03,2.265386e-02,1.082538e-01,8.418053e-01,6.857350e-04,5.697696e-03,1.806226e-03
1.080997e-03,2.235867e-03,1.543709e-03,2.798670e-04,3.806714e-03,1.996083e-03,3.166265e-04,6.162585e-04,4.662890e-03,2.580925e-02,9.596847e-02,8.541561e-01,5.516316e-04,5.378664e-03,1.596784e-03
7.889182e-04,2.004355e-03,1.391619e-03,2.103887e-04,3.615079e-03,1.640341e-03,2.703228e-04,5.453880e-04,4.794987e-03,2.326233e-02,8.532300e-02,8.698715e-01,4.811927e-04,4.491193e-03,1.309384e-03
5.891346e-04,1.754246e-03,1.342481e-03,1.692163e-04,3.909392e-03,1.442595e-03,2.911556e-04,5.365481e-04,4.712385e-03,2.062544e-02,7.580596e-02,8.836132e-01,4.085741e-04,3.659992e-03,1.139592e-03
4.698424e-04,1.895056e-03,1.873160e-03,1.401534e-04,4.808440e-03,1.418596e-03,4.043910e-04,5.765533e-04,4.550152e-03,2.912288e-02,6.862246e-02,8.810714e-01,3.706805e-04,3.339474e-03,1.336668e-03
3.857577e-04,2.204040e-03,3.237709e-03,1.246888e-04,6.393345e-03,1.574200e-03,4.857940e-04,6.439913e-04,5.272583e-03,3.529378e-02,6.056906e-02,8.787893e-01,3.775845e-04,2.952189e-03,1.695945e-03
3.301112e-04,1.867154e-03,3.919653e-03,1.234821e-04,6.923208e-03,1.611865e-03,5.810987e-04,6.552674e-04,4.789704e-03,4.691882e-02,4.891835e-02,8.787819e-01,3.761186e-04,2.613743e-03,1.589418e-03
3.026535e-04,1.644060e-03,5.144641e-03,1.112809e-04,7.046428e-03,1.500660e-03,7.253585e-04,7.458765e-04,4.806954e-03,5.089025e-02,3.864087e-02,8.843156e-01,4.236330e-04,2.317398e-03,1.384297e-03
3.011094e-04,1.590183e-03,6.406445e-03,1.156914e-04,7.093363e-03,2.020272e-03,8.883707e-04,1.707587e-03,5.550976e-03,5.988717e-02,2.969109e-02,8.808696e-01,6.303132e-04,2.074076e-03,1.173771e-03
4.475008e-04,1.947143e-03,1.033028e-02,1.518958e-04,9.387055e-03,2.055268e-03,1.136807e-03,4.245053e-03,1.319057e-02,7.202565e-02,2.933520e-02,8.518726e-01,8.146821e-04,1.938759e-03,1.121548e-03
7.189636e-04,2.948687e-03,2.320095e-02,1.853277e-04,1.309416e-02,3.850017e-03,1.169194e-03,5.960519e-03,3.675573e-02,6.766167e-02,3.457961e-02,8.059749e-01,1.046514e-03,1.547471e-03,1.306265e-03
9.968757e-04,2.667285e-03,3.287441e-02,7.792772e-04,1.992171e-02,3.855943e-03,2.043655e-03,2.665272e-02,3.915663e-02,1.506258e-01,4.890087e-02,6.660662e-01,1.439597e-03,2.777176e-03,1.241770e-03
1.498304e-03,2.702009e-03,3.397907e-02,1.259461e-03,3.152153e-02,4.172244e-03,1.667423e-03,3.189521e-02,4.199724e-02,2.815624e-01,6.137393e-02,4.976062e-01,1.413986e-03,6.104287e-03,1.246738e-03
