1.000000e+00,0.000000e+00,0.000000e+00,0.000000e+00,0.000000e+00,0.000000e+00,0.000000e+00,0.000000e+00,0.000000e+00,0.000000e+00,0.000000e+00,0.000000e+00,0.000000e+00,0.000000e+00,0.000000e+00
1.000000e+00,0.000000e+00,0.000000e+00,0.000000e+00,0.000000e+00,0.000000e+00,0.000000e+00,0.000000e+00,0.000000e+00,0.000000e+00,0.000000e+00,0.000000e+00,0.000000e+00,0.000000e+00,0.000000e+00
1.000000e+00,0.000000e+00,0.000000e+00,0.000000e+00,0.000000e+00,0.000000e+00,0.000000e+00,0.000000e+00,0.000000e+00,0.000000e+00,0.000000e+00,0.000000e+00,0.000000e+00,0.000000e+00,0.000000e+00
1.000000e+00,0.000000e+00,0.000000e+00,0.000000e+00,0.000000e+00,0.000000e+00,0.000000e+00,0.000000e+00,0.000000e+00,0.000000e+00,0.000000e+00,0.000000e+00,0.000000e+00,0.000000e+00,0.000000e+00
1.000000e+00,0.000000e+00,0.000000e+00,0.000000e+00,0.000000e+00,0.000000e+00,0.000000e+00,0.000000e+00,0.000000e+00,0.000000e+00,0.000000e+00,0.000000e+00,0.000000e+00,0.000000e+00,0.000000e+00
1.000000e+00,0.000000e+00,0.000000e+00,0.000000e+00,0.000000e+00,0.000000e+00,0.000000e+00,0.000000e+00,0.000000e+00,0.000000e+00,0.000000e+00,0.000000e+00,0.000000e+00,0.000000e+00,0.000000e+00
1.000000e+00,0.000000e+00,0.000000e+00,0.000000e+00,0.000000e+00,0.000000e+00,0.000000e+00,0.000000e+00,0.000000e+00,0.000000e+00,0.000000e+00,0.000000e+00,0.000000e+00,0.000000e+00,0.000000e+00
1.000000e+00,0.000000e+00,0.000000e+00,0.000000e+00,0.000000e+00,0.000000e+00,0.000000e+00,0.000000e+00,0.000000e+00,0.000000e+00,0.000000e+00,0.000000e+00,0.000000e+00,0.000000e+00,0.000000e+00
1.000000e+00,0.000000e+00,0.000000e+00,0.000000e+00,0.000000e+00,0.000000e+00,0.000000e+00,0.000000e+00,0.000000e+00,0.000000e+00,0.000000e+00,0.000000e+00,0.000000e+00,0.000000e+00,0.000000e+00
1.000000e+00,0.000000e+00,0.000000e+00,0.000000e+00,0.000000e+00,0.000000e+00,0.000000e+00,0.000000e+00,0.000000e+00,0.000000e+00,0.000000e+00,0.000000e+00,0.000000e+00,0.000000e+00,0.000000e+00
1.000000e+00,0.000000e+00,0.000000e+00,0.000000e+00,0.000000e+00,0.000000e+00,0.000000e+00,0.000000e+00,0.000000e+00,0.000000e+00,0.000000e+00,0.000000e+00,0.000000e+00,0.000000e+00,0.000000e+00
1.000000e+00,0.000000e+00,0.000000e+00,0.000000e+00,0.000000e+00,0.000000e+00,0.000000e+00,0.000000e+00,0.000000e+00,0.000000e+00,0.000000e+00,0.000000e+00,0.000000e+00,0.000000e+00,0.000000e+00
1.000000e+00,0.000000e+00,0.000000e+00,0.000000e+00,0.000000e+00,0.000000e+00,0.000000e+00,0.000000e+00,0.000000e+00,0.000000e+00,0.000000e+00,0.000000e+00,0.000000e+00,0.000000e+00,0.000000e+00
1.000000e+00,0.000000e+00,0.000000e+00,0.000000e+00,0.000000e+00,0.000000e+00,0.000000e+00,0.000000e+00,0.000000e+00,0.000000e+00,0.000000e+00,0.000000e+00,0.000000e+00,0.000000e+00,0.000000e+00
1.000000e+00,0.000000e+00,0.000000e+00,0.000000e+00,0.000000e+00,0.000000e+00,0.000000e+00,0.000000e+00,0.000000e+00,0.000000e+00,0.000000e+00,0.000000e+00,0.000000e+00,0.000000e+00,0.000000e+00
1.000000e+00,0.000000e+00,0.000000e+00,0.000000e+00,0.000000e+00,0.000000e+00,0.000000e+00,0.000000e+00,0.000000e+00,0.000000e+00,0.000000e+00,0.000000e+00,0.000000e+00,0.000000e+00,0.000000e+00
1.000000e+00,0.000000e+00,0.000000e+00,0.000000e+00,0.000000e+00,0.000000e+00,0.000000e+00,0.000000e+00,0.000000e+00,0.000000e+00,0.000000e+00,0.000000e+00,0.000000e+00,0.000000e+00,0.000000e+00
1.000000e+00,0.000000e+00,0.000000e+00,0.000000e+00,0.000000e+00,0.000000e+00,0.000000e+00,0.000000e+00,0.000000e+00,0.000000e+00,0.000000e+00,0.000000e+00,0.000000e+00,0.000000e+00,0.000000e+00
1.000000e+00,0.000000e+00,0.000000e+00,0.000000e+00,0.000000e+00,0.000000e+00,0.000000e+00,0.000000e+00,0.000000e+00,0.000000e+00,0.000000e+00,0.000000e+00,0.000000e+00,0.000000e+00,0.000000e+00
1.000000e+00,0.000000e+00,0.000000e+00,0.000000e+00,0.000000e+00,0.000000e+00,0.000000e+00,0.000000e+00,0.000000e+00,0.000000e+00,0.000000e+00,0.000000e+00,0.000000e+00,0.000000e+00,0.000000e+00
1.000000e+00,0.000000e+00,0.000000e+00,0.000000e+00,0.000000e+00,0.000000e+00,0.000000e+00,0.000000e+00,0.000000e+00,0.000000e+00,0.000000e+00,0.000000e+00,0.000000e+00,0.000000e+00,0.000000e+00
1.000000e+00,0.000000e+00,0.000000e+00,0.000000e+00,0.000000e+00,0.000000e+00,0.000000e+00,0.000000e+00,0.000000e+00,0.000000e+00,0.000000e+00,0.000000e+00,0.000000e+00,0.000000e+00,0.000000e+00
1.000000e+00,0.000000e+00,0.000000e+00,0.000000e+00,0.000000e+00,0.000000e+00,0.000000e+00,0.000000e+00,0.000000e+00,0.000000e+00,0.000000e+00,0.000000e+00,0.000000e+00,0.000000e+00,0.000000e+00
1.000000e+00,0.000000e+00,0.000000e+00,0.000000e+00,0.000000e+00,0.000000e+00,0.000000e+00,0.000000e+00,0.000000e+00,0.000000e+00,0.000000e+00,0.000000e+00,0.000000e+00,0.000000e+00,0.000000e+00
1.000000e+00,0.000000e+00,0.000000e+00,0.000000e+00,0.000000e+00,0.000000e+00,0.000000e+00,0.000000e+00,0.000000e+00,0.000000e+00,0.000000e+00,0.000000e+00,0.000000e+00,0.000000e+00,0.000000e+00
1.000000e+00,0.000000e+00,0.000000e+00,0.000000e+00,0.000000e+00,0.000000e+00,0.000000e+00,0.000000e+00,0.000000e+00,0.000000e+00,0.000000e+00,0.000000e+00,0.000000e+00,0.000000e+00,0.000000e+00
1.000000e+00,0.000000e+00,0.000000e+00,0.000000e+00,0.000000e+00,0.000000e+00,0.000000e+00,0.000000e+00,0.000000e+00,0.000000e+00,0.000000e+00,0.000000e+00,0.000000e+00,0.000000e+00,0.000000e+00
1.000000e+00,0.000000e+00,0.000000e+00,0.000000e+00,0.000000e+00,0.000000e+00,0.000000e+00,0.000000e+00,0.000000e+00,0.000000e+00,0.000000e+00,0.000000e+00,0.000000e+00,0.000000e+00,0.000000e+00
1.000000e+00,0.000000e+00,0.000000e+00,0.000000e+00,0.000000e+00,0.000000e+00,0.000000e+00,0.000000e+00,0.000000e+00,0.000000e+00,0.000000e+00,0.000000e+00,0.000000e+00,0.000000e+00,0.000000e+00
1.000000e+00,0.000000e+00,0.000000e+00,0.000000e+00,0.000000e+00,0.000000e+00,0.000000e+00,0.000000e+00,0.000000e+00,0.000000e+00,0.000000e+00,0.000000e+00,0.000000e+00,0.000000e+00,0.000000e+00
1.000000e+00,0.000000e+00,0.000000e+00,0.000000e+00,0.000000e+00,0.000000e+00,0.000000e+00,0.000000e+00,0.000000e+00,0.000000e+00,0.000000e+00,0.000000e+00,0.000000e+00,0.000000e+00,0.000000e+00
1.000000e+00,0.000000e+00,0.000000e+00,0.000000e+00,0.000000e+00,0.000000e+00,0.000000e+00,0.000000e+00,0.000000e+00,0.000000e+00,0.000000e+00,0.000000e+00,0.000000e+00,0.000000e+00,0.000000e+00
1.000000e+00,0.000000e+00,0.000000e+00,0.000000e+00,0.000000e+00,0.000000e+00,0.000000e+00,0.000000e+00,0.000000e+00,0.000000e+00,0.000000e+00,0.000000e+00,0.000000e+00,0.000000e+00,0.000000e+00
1.000000e+00,0.000000e+00,0.000000e+00,0.000000e+00,0.000000e+00,0.000000e+00,0.000000e+00,0.000000e+00,0.000000e+00,0.000000e+00,0.000000e+00,0.000000e+00,0.000000e+00,0.000000e+00,0.000000e+00
1.000000e+00,0.000000e+00,0.000000e+00,0.000000e+00,0.000000e+00,0.000000e+00,0.000000e+00,0.000000e+00,0.000000e+00,0.000000e+00,0.000000e+00,0.000000e+00,0.000000e+00,0.000000e+00,0.000000e+00
4.666750e-01,5.064816e-02,1.405925e-02,1.641004e-01,3.469928e-02,4.162305e-02,2.001609e-02,3.965309e-02,3.599507e-02,2.865704e-03,8.168069e-03,6.008912e-02,3.898716e-02,1.790919e-03,2.062957e-02
3.777606e-01,5.305059e-02,2.371716e-02,2.120645e-01,4.502382e-02,4.256569e-02,2.047512e-02,5.139322e-02,3.673507e-02,2.739174e-03,8.677620e-03,6.433177e-02,3.787965e-02,1.816591e-03,2.176933e-02
4.018402e-01,5.573712e-02,2.029329e-02,1.961588e-01,4.393709e-02,4.127100e-02,1.911818e-02,4.178238e-02,3.659128e-02,2.777251e-03,8.889150e-03,6.580170e-02,4.043727e-02,2.043412e-03,2.332182e-02
4.152880e-01,5.881753e-02,1.733508e-02,1.843629e-01,4.449491e-02,4.084396e-02,1.843537e-02,3.498935e-02,3.546080e-02,2.873519e-03,9.007940e-03,6.727652e-02,4.336446e-02,2.230659e-03,2.521897e-02
4.295622e-01,6.227570e-02,1.564371e-02,1.721374e-01,4.083068e-02,4.198285e-02,1.659607e-02,2.929746e-02,3.400957e-02,3.373457e-03,1.006489e-02,6.621467e-02,4.534266e-02,2.693837e-03,2.997482e-02
4.900072e-01,6.030195e-02,1.351530e-02,1.430849e-01,3.385840e-02,3.933953e-02,1.469030e-02,2.392023e-02,2.936136e-02,3.696406e-03,9.667937e-03,5.867233e-02,4.489414e-02,3.058356e-03,3.193166e-02
4.397604e-01,7.122322e-02,1.858529e-02,1.393102e-01,3.229538e-02,5.272411e-02,1.552883e-02,2.321662e-02,2.915333e-02,4.317065e-03,1.648542e-02,5.995600e-02,5.056905e-02,4.771548e-03,4.210360e-02
3.950791e-01,7.740797e-02,2.629261e-02,1.534927e-01,3.048582e-02,4.701082e-02,1.400828e-02,2.626020e-02,2.874802e-02,4.941565e-03,1.892693e-02,6.248676e-02,5.651511e-02,6.676580e-03,5.166757e-02
4.499392e-01,7.024399e-02,2.328270e-02,1.402121e-01,2.642203e-02,4.035012e-02,1.228160e-02,2.305210e-02,2.575563e-02,4.643430e-03,2.007119e-02,5.608726e-02,4.999185e-02,7.078172e-03,5.058862e-02
4.101646e-01,6.436494e-02,4.137719e-02,1.941632e-01,2.428995e-02,3.391349e-02,1.074437e-02,2.962910e-02,2.341556e-02,3.732118e-03,2.377399e-02,4.905721e-02,4.036182e-02,6.319122e-03,4.469329e-02
3.876843e-01,5.574843e-02,7.077745e-02,2.128903e-01,2.336911e-02,2.929879e-02,9.083502e-03,3.028002e-02,2.163604e-02,3.283835e-03,2.700081e-02,4.507173e-02,3.561369e-02,5.798722e-03,4.246328e-02
4.788786e-01,4.718054e-02,5.977650e-02,1.714465e-01,2.010812e-02,2.559489e-02,7.718383e-03,2.445778e-02,1.926927e-02,3.004497e-03,2.622657e-02,3.961894e-02,3.132857e-02,5.743029e-03,3.964774e-02
1.000000e+00,0.000000e+00,0.000000e+00,0.000000e+00,0.000000e+00,0.000000e+00,0.000000e+00,0.000000e+00,0.000000e+00,0.000000e+00,0.000000e+00,0.000000e+00,0.000000e+00,0.000000e+00,0.000000e+00
1.000000e+00,0.000000e+00,0.000000e+00,0.000000e+00,0.000000e+00,0.000000e+00,0.000000e+00,0.000000e+00,0.000000e+00,0.000000e+00,0.000000e+00,0.000000e+00,0.000000e+00,0.000000e+00,0.000000e+00
4.462088e-01,4.468811e-02,2.973360e-02,2.049121e-01,1.179810e-02,2.213230e-02,4.770180e-03,1.988128e-02,1.409892e-02,2.134405e-03,2.386547e-02,7.501766e-02,6.419789e-02,4.977650e-03,3.158341e-02
3.130815e-01,3.314183e-02,2.090175e-02,1.703631e-01,9.301777e-03,1.715020e-02,3.520698e-03,1.398935e-02,1.053580e-02,1.687746e-03,1.869164e-02,6.174510e-02,2.989112e-01,3.570580e-03,2.340777e-02
2.193948e-01,2.404010e-02,1.470144e-02,1.719171e-01,7.034843e-03,1.486751e-02,2.518428e-03,9.820118e-03,8.119364e-03,1.347041e-03,1.694713e-02,6.917387e-02,4.205850e-01,2.522016e-03,1.701133e-02
1.538873e-01,1.713782e-02,1.047870e-02,1.221387e-01,5.896111e-03,1.317544e-02,1.851923e-03,6.944061e-03,6.390325e-03,1.030787e-03,1.230730e-02,6.876450e-02,5.657200e-01,1.802276e-03,1.247470e-02
1.077855e-01,1.210819e-02,7.403645e-03,8.569927e-02,5.821364e-03,1.149642e-02,1.360206e-03,4.970009e-03,6.354382e-03,7.822736e-04,9.039550e-03,6.417928e-02,6.724516e-01,1.321626e-03,9.226786e-03
7.548052e-02,8.844458e-03,5.392537e-03,6.023378e-02,5.776659e-03,8.955617e-03,9.765840e-04,4.442351e-03,9.031013e-03,6.818516e-04,7.342692e-03,4.756821e-02,7.562469e-01,1.162441e-03,7.864367e-03
5.286263e-02,6.349465e-03,3.782968e-03,4.246027e-02,4.099564e-03,7.257080e-03,6.906757e-04,3.199072e-03,2.594554e-02,5.757827e-04,6.114354e-03,6.027045e-02,7.794667e-01,9.920085e-04,5.933404e-03
3.705756e-02,5.065833e-03,2.716959e-03,3.198024e-02,2.978676e-03,6.047143e-03,4.899582e-04,4.477683e-03,6.254977e-02,7.894791e-04,6.006221e-03,5.367756e-02,7.801014e-01,1.000212e-03,5.061282e-03
2.595493e-02,4.613016e-03,1.940214e-03,2.244285e-02,2.125156e-03,4.292083e-03,3.444547e-04,3.190592e-03,2.192448e-01,8.342130e-04,5.207410e-03,4.818596e-02,6.565664e-01,7.383217e-04,4.319585e-03
1.833290e-02,4.439847e-03,1.433037e-03,1.695177e-02,1.692326e-03,3.295863e-03,2.455418e-04,4.301680e-03,3.386403e-01,1.528961e-03,7.239164e-03,7.086565e-02,5.256984e-01,8.734884e-04,4.461030e-03
1.451167e-02,8.411697e-03,1.652680e-03,1.446877e-02,1.539666e-03,6.271387e-03,2.163526e-04,3.464248e-03,4.444143e-01,3.241369e-03,1.584840e-02,9.121737e-02,3.870903e-01,2.294039e-03,5.357859e-03
1.218550e-02,1.056816e-02,4.087956e-03,1.024819e-01,1.833810e-03,7.548980e-03,2.402490e-04,3.168025e-03,4.324493e-01,6.085122e-03,3.071472e-02,9.021547e-02,2.883077e-01,3.272145e-03,6.840957e-03
1.191954e-02,1.276729e-02,6.387650e-03,9.723026e-02,2.144724e-03,6.300375e-03,2.191826e-04,3.239647e-03,3.885415e-01,5.783561e-03,8.241723e-02,1.244932e-01,2.421033e-01,6.283335e-03,1.016917e-02
1.431758e-02,1.077711e-02,5.713850e-03,9.400794e-02,4.008023e-03,7.425460e-03,3.045756e-04,6.115634e-03,3.386378e-01,5.032447e-03,1.230935e-01,1.517563e-01,2.159876e-01,1.077346e-02,1.204867e-02
2.272948e-02,1.359895e-02,6.123657e-03,8.816253e-02,1.452400e-02,8.297151e-03,6.508466e-04,5.744177e-03,3.044637e-01,4.317079e-03,1.560982e-01,1.468218e-01,1.928581e-01,1.723257e-02,1.837767e-02
3.206745e-02,1.136601e-02,1.692778e-02,7.830210e-02,6.603851e-02,9.011549e-03,1.443927e-03,2.314946e-02,2.566982e-01,3.940067e-03,1.646949e-01,1.279900e-01,1.793586e-01,1.514113e-02,1.387036e-02
2.789648e-02,1.194080e-02,1.530514e-02,6.615072e-02,6.027697e-02,9.352045e-03,1.208618e-03,2.082235e-02,3.628164e-01,5.630600e-03,1.274957e-01,1.059542e-01,1.443005e-01,2.253235e-02,1.831713e-02
2.228960e-02,1.077983e-02,1.343514e-02,6.822218e-02,6.361908e-02,1.996224e-02,1.139899e-03,1.895151e-02,4.386067e-01,5.420644e-03,9.863958e-02,8.504037e-02,1.147044e-01,2.073713e-02,1.845167e-02
2.297438e-02,2.205075e-02,1.504423e-02,6.943306e-02,7.106670e-02,2.238446e-02,1.908689e-03,1.597368e-02,4.441426e-01,6.120144e-03,9.667277e-02,6.911485e-02,8.761322e-02,2.524905e-02,3.025145e-02
1.792426e-02,1.858252e-02,1.240983e-02,8.349650e-02,7.078284e-02,1.981673e-02,2.000877e-03,1.529576e-02,5.266522e-01,5.128988e-03,7.078096e-02,4.973824e-02,6.376418e-02,1.934661e-02,2.427948e-02
1.675099e-02,1.986779e-02,1.230943e-02,1.034872e-01,5.310912e-02,1.683211e-02,1.910794e-03,1.149486e-02,5.725330e-01,9.122638e-03,5.389031e-02,3.691233e-02,4.725048e-02,1.514379e-02,2.938518e-02
1.919426e-02,2.148371e-02,9.672875e-03,1.366834e-01,3.937468e-02,1.646803e-02,1.471419e-03,8.806678e-03,5.880553e-01,9.407232e-03,4.235800e-02,2.768865e-02,3.551713e-02,1.269132e-02,3.112733e-02
5.474814e-02,2.424494e-02,9.951304e-03,1.132972e-01,5.474756e-02,2.441543e-02,1.634590e-03,1.118730e-02,5.391173e-01,9.070730e-03,3.511091e-02,2.167317e-02,2.711123e-02,1.315980e-02,6.053032e-02
5.382254e-02,2.188535e-02,9.614961e-03,2.905493e-01,5.598592e-02,1.869526e-02,1.482461e-03,1.842517e-02,3.998673e-01,6.794265e-03,2.803287e-02,1.670636e-02,2.178657e-02,9.667455e-03,4.668417e-02
7.080205e-02,2.496554e-02,8.422766e-03,2.255278e-01,7.881054e-02,1.640059e-02,1.633620e-03,5.787484e-02,4.146129e-01,4.947103e-03,2.253261e-02,1.307383e-02,1.769271e-02,7.334298e-03,3.536872e-02
6.689777e-02,1.974278e-02,1.242667e-02,1.831629e-01,5.937107e-02,1.314327e-02,1.660470e-03,2.384336e-01,3.289844e-01,3.608485e-03,1.699619e-02,1.051192e-02,1.390283e-02,5.463177e-03,2.569447e-02
5.110702e-02,1.449786e-02,1.001553e-02,1.313936e-01,4.272593e-02,9.596129e-03,1.225036e-03,4.515213e-01,2.337090e-01,2.586855e-03,1.216350e-02,7.449353e-03,9.830718e-03,3.945924e-03,1.823231e-02
4.182471e-02,1.041231e-02,8.398779e-03,9.892197e-02,3.253153e-02,7.116078e-03,1.173245e-03,5.957366e-01,1.653977e-01,1.848598e-03,8.674919e-03,5.303463e-03,7.014344e-03,2.806949e-03,1.283885e-02
3.336815e-02,7.423436e-03,6.149466e-03,7.141864e-02,2.411524e-02,5.284749e-03,9.716269e-04,7.072494e-01,1.167054e-01,1.310206e-03,6.210761e-03,3.758045e-03,5.028490e-03,1.978318e-03,9.028174e-03
2.589546e-02,5.264645e-03,4.434399e-03,5.045670e-02,1.755541e-02,3.949975e-03,7.243710e-04,7.898603e-01,8.256023e-02,9.257776e-04,4.414897e-03,2.667523e-03,3.564852e-03,1.394405e-03,6.331104e-03
2.208343e-02,3.738814e-03,3.166032e-03,3.553047e-02,1.303191e-02,3.069114e-03,5.729306e-04,8.469455e-01,5.807577e-02,6.507025e-04,3.185613e-03,1.938894e-03,2.553525e-03,9.981064e-04,4.459235e-03
6.635735e-02,3.710937e-03,2.863285e-03,2.760834e-02,9.760265e-03,4.598813e-03,4.799669e-04,7.717552e-01,4.371699e-02,1.229298e-03,1.892902e-02,1.768886e-02,2.511301e-02,1.945450e-03,4.243246e-03
9.369813e-02,5.078694e-03,3.329045e-03,2.169383e-02,8.070409e-03,5.882754e-03,6.308520e-04,6.659762e-01,4.173452e-02,1.560052e-03,3.878871e-02,4.313605e-02,5.891872e-02,3.037574e-03,8.464548e-03
7.581451e-02,6.583897e-03,6.255303e-03,3.729274e-02,7.074673e-03,8.297581e-03,8.832153e-04,4.921500e-01,3.845438e-02,4.006369e-03,4.374176e-02,3.842349e-02,2.033385e-01,3.579180e-03,3.410446e-02
6.203912e-02,7.781548e-03,8.717687e-03,3.740215e-02,7.486924e-03,7.495562e-03,1.212834e-03,3.551649e-01,3.522102e-02,4.350513e-03,4.182493e-02,3.230416e-02,2.820533e-01,6.185554e-03,1.107599e-01
4.911836e-02,7.494734e-03,8.029873e-03,3.135068e-02,3.008501e-02,8.186003e-03,1.408000e-03,2.519848e-01,2.704815e-02,3.317484e-03,4.222028e-02,2.867509e-02,4.219636e-01,5.732879e-03,8.338501e-02
6.716593e-02,7.571057e-03,8.318066e-03,2.733458e-02,3.676694e-02,1.218890e-02,1.947805e-03,1.777327e-01,4.426759e-02,3.406199e-03,4.149920e-02,5.391379e-02,4.343105e-01,1.410224e-02,6.947456e-02
1.070419e-01,1.106562e-02,9.282416e-03,2.553516e-02,5.325496e-02,1.315198e-02,2.554287e-03,1.269775e-01,4.376697e-02,3.765412e-03,3.491360e-02,9.537584e-02,3.408198e-01,5.664094e-02,7.585363e-02
8.737765e-02,9.504523e-03,7.574011e-03,1.874128e-02,4.392485e-02,1.174313e-02,2.583287e-03,9.010369e-02,4.064095e-02,4.273291e-03,3.219720e-02,2.198106e-01,3.328657e-01,4.442814e-02,5.423181e-02
7.933983e-02,7.987598e-03,6.900445e-03,1.387675e-02,3.722909e-02,1.091576e-02,2.894044e-03,6.619699e-02,3.840005e-02,5.318123e-03,2.832156e-02,3.198808e-01,3.090724e-01,3.475279e-02,3.891374e-02
5.828069e-02,6.083460e-03,5.910864e-03,1.010161e-02,3.163318e-02,9.315327e-03,2.360384e-03,4.759988e-02,3.223041e-02,4.947119e-03,2.516945e-02,4.189794e-01,2.927503e-01,2.677671e-02,2.786122e-02
4.463932e-02,7.097379e-03,5.835911e-03,8.155214e-03,4.887359e-02,1.602202e-02,4.147540e-03,3.878315e-02,3.557321e-02,4.871040e-03,2.099754e-02,4.535425e-01,2.710111e-01,2.019940e-02,2.025119e-02
3.500910e-02,5.722250e-03,4.390202e-03,6.020884e-03,4.727256e-02,1.404662e-02,3.349332e-03,2.809599e-02,3.106521e-02,4.700486e-03,2.363864e-02,5.537374e-01,2.072927e-01,2.085619e-02,1.480243e-02
2.841829e-02,4.787457e-03,4.228150e-03,4.907854e-03,6.140643e-02,1.589808e-02,4.690213e-03,2.147245e-02,3.323093e-02,1.086650e-02,2.376306e-02,6.004519e-01,1.577049e-01,1.743842e-02,1.073534e-02
2.620957e-02,5.419927e-03,3.865947e-03,4.738877e-03,1.211310e-01,2.538952e-02,5.250139e-03,2.117105e-02,8.164984e-02,2.985300e-02,1.945469e-02,5.159405e-01,1.183432e-01,1.388028e-02,7.702588e-03
6.634311e-02,6.494526e-03,4.011179e-03,5.076128e-03,1.205001e-01,4.662029e-02,4.738423e-03,1.814267e-02,9.238634e-02,3.513479e-02,2.924770e-02,4.610443e-01,9.178878e-02,1.222192e-02,6.249832e-03
8.004164e-02,9.617958e-03,5.152643e-03,9.550616e-03,1.584218e-01,6.842931e-02,4.300670e-03,2.191625e-02,8.683127e-02,5.049765e-02,2.745940e-02,3.842221e-01,7.907435e-02,9.616034e-03,4.868378e-03
1.277484e-01,1.688863e-02,6.366611e-03,1.058275e-02,1.580073e-01,7.648548e-02,3.701355e-03,1.954282e-02,8.486693e-02,6.466109e-02,2.609478e-02,3.284590e-01,6.389695e-02,8.402935e-03,4.295050e-03
2.247638e-01,1.753923e-02,1.451736e-02,1.465102e-02,1.249895e-01,7.207517e-02,4.986945e-03,3.192858e-02,7.230589e-02,5.451575e-02,2.659373e-02,2.814991e-01,4.763662e-02,7.843968e-03,4.153304e-03
3.254684e-01,1.651876e-02,1.814498e-02,1.553954e-02,9.759828e-02,7.201304e-02,4.890686e-03,2.752682e-02,6.225020e-02,4.545890e-02,2.532007e-02,2.409957e-01,3.554054e-02,8.205389e-03,4.528669e-03
4.083250e-01,1.459669e-02,1.834819e-02,1.825472e-02,7.313104e-02,6.681025e-02,4.464074e-03,2.378114e-02,5.493499e-02,3.318492e-02,2.590572e-02,2.165859e-01,2.768854e-02,8.981982e-03,5.006960e-03
4.793272e-01,1.400271e-02,2.203888e-02,2.313813e-02,5.527050e-02,5.589889e-02,4.895549e-03,2.092770e-02,5.131689e-02,2.762090e-02,2.665908e-02,1.787994e-01,2.064141e-02,1.298276e-02,6.479986e-03
4.964693e-01,1.635478e-02,2.858581e-02,2.866808e-02,4.328157e-02,5.084557e-02,6.353151e-03,2.463287e-02,4.063298e-02,2.393021e-02,2.471819e-02,1.680574e-01,1.681771e-02,1.797138e-02,1.268093e-02
4.581573e-01,1.632057e-02,2.928625e-02,2.264983e-02,3.188995e-02,8.902940e-02,5.796670e-03,2.005398e-02,3.225575e-02,1.852095e-02,5.712308e-02,1.653064e-01,1.231972e-02,2.994625e-02,1.134392e-02
3.607269e-01,1.303615e-02,2.641818e-02,1.716768e-02,2.384575e-02,9.061326e-02,4.551210e-03,1.559722e-02,2.434003e-02,1.693798e-02,8.572967e-02,2.682421e-01,9.184930e-03,3.297314e-02,1.063580e-02
2.589770e-01,1.043394e-02,2.071856e-02,1.245267e-02,1.754977e-02,7.015155e-02,3.493230e-03,1.165470e-02,1.794991e-02,1.272087e-02,7.589641e-02,4.464271e-01,6.623643e-03,2.687226e-02,8.078358e-03
1.822709e-01,7.394000e-03,1.457995e-02,8.777796e-03,1.264359e-02,5.218131e-02,2.588996e-03,8.220313e-03,1.326745e-02,9.046619e-03,7.297873e-02,5.861797e-01,4.703536e-03,1.940614e-02,5.761003e-03
1.292971e-01,5.466118e-03,1.042928e-02,6.222441e-03,9.566521e-03,3.896070e-02,1.958494e-03,5.818754e-03,1.107345e-02,7.382855e-03,5.694345e-02,6.947684e-01,3.337061e-03,1.424876e-02,4.526591e-03
9.090363e-02,4.121086e-03,7.698584e-03,4.389333e-03,7.426864e-03,2.827068e-02,1.495001e-03,4.142774e-03,1.023539e-02,7.807097e-03,4.508488e-02,7.722000e-01,2.370584e-03,1.019736e-02,3.656749e-03
6.447344e-02,3.111453e-03,5.559892e-03,3.167013e-03,6.363253e-03,2.209109e-02,1.700837e-03,3.110824e-03,9.106277e-03,6.130406e-03,4.986411e-02,8.133377e-01,1.784545e-03,7.381252e-03,2.817881e-03
4.552313e-02,3.539952e-03,6.487180e-03,2.497477e-03,1.138093e-02,1.934840e-02,2.077518e-03,2.387958e-03,1.128618e-02,1.138732e-02,6.308119e-02,8.090469e-01,1.592346e-03,5.505532e-03,4.858054e-03
3.240307e-02,3.023168e-03,6.119774e-03,2.145729e-03,1.343305e-02,2.657202e-02,2.152581e-03,1.787352e-03,1.027562e-02,1.200242e-02,7.383133e-02,8.050073e-01,1.975430e-03,4.463026e-03,4.808198e-03
2.356654e-02,2.955985e-03,6.383294e-03,1.883088e-03,1.759071e-02,2.499535e-02,2.316336e-03,1.366192e-03,1.006769e-02,1.387197e-02,9.691662e-02,7.859064e-01,3.250657e-03,4.143666e-03,4.785615e-03
1.680984e-02,4.165034e-03,2.551716e-02,1.981409e-03,4.825484e-02,1.853105e-02,1.761733e-03,1.257647e-03,1.578114e-02,1.123339e-02,8.076706e-02,7.612841e-01,3.726119e-03,3.440892e-03,5.488691e-03
1.197159e-02,1.785785e-02,5.512516e-02,1.990101e-03,2.227806e-01,1.353717e-02,1.361428e-03,1.029515e-03,1.858975e-02,8.109970e-03,5.764619e-02,5.804892e-01,2.889800e-03,2.557764e-03,4.063922e-03
8.437622e-03,1.888268e-02,5.161957e-02,2.096476e-03,4.333851e-01,9.673945e-03,1.003161e-03,7.483061e-04,1.391313e-02,5.738727e-03,4.052966e-02,4.072287e-01,2.058492e-03,1.819376e-03,2.865086e-03
6.348741e-03,3.172017e-02,1.142098e-01,1.236232e-02,4.935132e-01,7.165317e-03,9.387312e-04,1.041160e-03,1.001775e-02,4.058509e-03,2.846145e-02,2.853209e-01,1.511155e-03,1.299558e-03,2.031269e-03
5.050748e-03,3.094791e-02,3.082629e-01,2.215554e-02,3.904931e-01,5.285958e-03,9.377206e-04,3.512133e-03,7.139482e-03,2.879181e-03,1.999334e-02,1.997780e-01,1.146200e-03,9.478549e-04,1.469921e-03
1.067041e-02,2.927077e-02,4.144813e-01,2.013978e-02,3.403292e-01,7.066662e-03,1.949455e-03,3.179383e-03,1.066079e-02,2.676664e-03,1.461159e-02,1.402175e-01,1.158814e-03,7.515503e-04,2.836112e-03
1.584659e-02,3.975982e-02,3.850352e-01,4.131056e-02,3.643441e-01,8.148236e-03,3.190645e-03,3.672269e-03,1.843016e-02,2.352694e-03,1.196436e-02,9.886717e-02,1.623156e-03,6.973031e-04,4.757727e-03
4.468668e-02,4.037956e-02,3.081252e-01,3.739285e-02,4.349229e-01,1.046718e-02,4.282312e-03,2.974545e-03,1.946233e-02,1.949261e-03,1.217488e-02,7.338702e-02,3.111652e-03,1.425765e-03,5.257934e-03
6.345052e-02,6.061374e-02,2.377817e-01,6.242475e-02,4.394569e-01,2.046122e-02,4.949013e-03,4.468433e-03,1.499209e-02,2.059177e-03,1.300737e-02,5.906454e-02,7.091068e-03,3.188737e-03,6.990721e-03
1.235353e-01,6.004971e-02,2.062512e-01,6.631052e-02,4.175019e-01,2.493695e-02,5.726505e-03,4.205700e-03,1.274613e-02,2.220230e-03,1.115494e-02,4.602678e-02,9.713307e-03,3.379567e-03,6.241179e-03
1.236865e-01,4.680293e-02,1.474837e-01,1.273983e-01,4.205546e-01,2.281921e-02,5.076122e-03,1.539997e-02,1.029564e-02,1.940121e-03,9.979803e-03,4.822193e-02,1.282403e-02,2.923874e-03,4.593244e-03
1.207086e-01,4.088981e-02,1.127813e-01,2.069646e-01,3.895980e-01,1.767638e-02,4.025638e-03,1.694009e-02,1.016449e-02,2.159509e-03,9.517533e-03,4.916271e-02,1.279196e-02,2.800123e-03,3.819299e-03
9.160596e-02,6.741484e-02,1.104063e-01,2.354117e-01,2.812746e-01,1.361303e-02,2.946478e-03,1.413952e-02,3.336674e-02,9.928567e-03,6.001464e-02,3.809734e-02,1.375192e-02,1.596004e-02,1.206828e-02
6.607791e-02,5.952067e-02,8.595341e-02,1.980426e-01,1.999504e-01,1.007487e-02,2.124699e-03,1.187463e-02,6.126208e-02,2.215041e-02,1.528616e-01,3.050251e-02,1.636929e-02,6.741439e-02,1.582064e-02
4.777138e-02,4.424358e-02,6.377050e-02,1.609477e-01,1.411491e-01,7.860213e-03,1.595422e-03,1.058572e-02,4.655253e-02,2.390434e-02,2.751679e-01,2.515707e-02,1.478059e-02,1.245107e-01,1.200332e-02
4.312237e-02,3.166008e-02,4.526599e-02,1.185283e-01,1.004457e-01,6.169276e-03,1.338606e-03,1.130164e-02,3.582820e-02,1.868036e-02,3.862914e-01,2.282135e-02,1.166934e-02,1.577921e-01,9.085453e-03
3.265139e-02,2.246267e-02,3.242507e-02,8.755799e-02,7.121475e-02,6.621177e-03,1.048378e-03,9.437772e-03,2.567654e-02,1.381445e-02,3.496844e-01,2.313728e-02,8.581985e-03,3.091831e-01,6.503040e-03
2.734562e-02,1.586753e-02,2.284100e-02,6.318247e-02,5.027293e-02,6.003103e-03,7.607021e-04,7.094667e-03,1.825573e-02,9.865599e-03,2.944447e-01,1.949572e-02,6.459794e-03,4.534430e-01,4.667549e-03
1.978449e-02,1.115476e-02,1.601179e-02,4.447053e-02,3.529881e-02,4.760439e-03,5.359160e-04,4.988689e-03,1.300332e-02,6.934672e-03,2.309750e-01,1.573679e-02,4.587669e-03,5.884401e-01,3.317119e-03
1.392108e-02,7.935530e-03,1.122195e-02,3.130061e-02,2.557127e-02,3.890548e-03,3.784596e-04,3.499376e-03,1.114595e-02,4.937011e-03,2.047511e-01,1.588891e-02,3.289457e-03,6.598313e-01,2.437545e-03
9.762103e-03,5.618668e-03,7.877596e-03,2.196853e-02,1.848212e-02,3.739116e-03,2.689537e-04,2.458339e-03,1.136150e-02,3.538101e-03,2.629157e-01,1.477302e-02,2.337925e-03,6.331184e-01,1.780002e-03
6.847213e-03,4.148995e-03,5.543637e-03,1.549627e-02,1.402384e-02,3.114553e-03,1.916247e-04,1.729573e-03,1.497171e-02,2.658244e-03,3.417696e-01,1.348601e-02,1.682775e-03,5.728161e-01,1.519940e-03
4.802212e-03,3.098284e-03,4.195359e-03,1.100252e-02,1.128806e-02,4.202161e-03,1.389232e-04,1.220961e-03,1.988947e-02,2.002623e-03,3.712747e-01,1.092297e-02,1.209549e-03,5.534004e-01,1.351804e-03
3.374275e-03,2.398417e-03,3.543004e-03,7.911839e-03,9.254033e-03,6.187849e-03,1.372225e-04,8.656130e-04,2.156766e-02,2.031958e-03,3.862993e-01,9.921504e-03,1.071276e-03,5.440340e-01,1.402063e-03
2.383605e-03,1.964908e-03,3.199194e-03,5.837586e-03,7.374259e-03,6.745395e-03,1.313192e-04,6.255560e-04,2.652541e-02,2.637215e-03,3.830819e-01,9.224351e-03,1.085051e-03,5.475258e-01,1.658435e-03
1.699941e-03,1.485868e-03,2.715849e-03,4.367582e-03,6.013058e-03,5.930568e-03,1.014706e-04,4.622169e-04,4.189619e-02,4.472305e-03,3.773311e-01,7.938571e-03,1.100590e-03,5.423805e-01,2.104269e-03
1.229058e-03,1.138591e-03,2.720297e-03,3.180206e-03,4.767316e-03,5.065750e-03,7.671380e-05,3.472761e-04,7.343242e-02,4.276350e-03,3.265380e-01,6.622816e-03,9.558244e-04,5.678107e-01,1.838731e-03
9.723382e-04,4.499726e-03,5.323644e-03,2.398671e-03,3.939366e-03,5.498774e-03,6.907836e-05,2.960900e-04,1.201296e-01,5.308997e-03,2.628918e-01,5.125476e-03,7.698967e-04,5.807062e-01,2.070360e-03
1.060784e-03,3.704134e-02,1.135459e-02,4.464717e-03,5.069672e-03,3.959665e-02,9.287127e-05,9.934348e-04,1.601896e-01,6.884993e-03,2.152658e-01,4.409375e-03,9.615847e-04,5.070564e-01,5.558102e-03
1.359494e-03,4.135961e-02,1.666655e-02,5.109104e-03,4.800738e-03,6.576388e-02,1.278208e-04,1.902870e-03,2.754685e-01,7.644642e-03,1.587249e-01,3.291537e-03,9.225901e-04,4.109543e-01,5.903374e-03
1.455512e-03,1.080808e-01,1.223757e-02,2.164700e-02,3.538709e-03,4.790493e-02,9.284841e-05,1.450193e-03,3.541433e-01,8.289291e-03,1.140028e-01,2.478520e-03,8.555618e-04,2.990494e-01,2.477357e-02
2.051286e-03,1.694712e-01,1.110148e-02,2.025397e-02,2.792110e-03,4.379479e-02,7.689798e-05,1.261095e-03,3.583636e-01,8.496410e-03,8.859734e-02,2.428282e-03,8.340657e-04,2.617890e-01,2.868844e-02
2.139132e-02,2.284810e-01,1.367479e-02,1.836992e-02,3.722306e-03,5.459678e-02,1.252881e-04,5.691475e-03,3.293433e-01,7.502940e-03,7.180782e-02,2.594315e-03,1.228563e-03,2.147449e-01,2.672533e-02
4.382215e-02,2.193577e-01,1.201683e-02,1.694141e-02,6.023908e-03,7.303523e-02,1.896207e-04,6.175913e-03,3.278638e-01,6.897227e-03,5.965438e-02,2.688234e-03,1.559988e-03,1.965585e-01,2.721517e-02
5.252836e-02,1.761579e-01,1.122014e-02,1.963384e-02,8.530803e-03,6.598510e-02,4.312767e-04,1.167657e-02,3.710932e-01,5.944713e-03,5.879015e-02,3.253705e-03,1.626180e-03,1.857932e-01,2.733485e-02
6.103525e-02,1.476744e-01,1.080694e-02,1.655313e-02,1.152306e-02,6.192289e-02,4.500422e-04,9.506511e-03,4.380952e-01,5.010993e-03,5.474221e-02,3.371830e-03,1.473435e-03,1.561041e-01,2.173012e-02
6.983095e-02,1.287579e-01,1.168467e-02,1.910845e-02,1.724752e-02,5.293331e-02,4.665117e-04,8.610509e-03,4.687434e-01,5.803181e-03,4.561746e-02,3.356278e-03,1.538766e-03,1.470395e-01,1.926160e-02
1.449647e-01,1.091436e-01,1.048354e-02,1.968277e-02,2.120389e-02,4.954643e-02,6.456388e-04,7.157501e-03,4.411023e-01,4.820864e-03,4.541412e-02,4.487340e-03,1.860404e-03,1.212400e-01,1.824688e-02
1.860088e-01,1.011667e-01,1.242609e-02,2.267405e-02,2.765200e-02,4.196886e-02,1.214094e-03,1.508527e-02,3.947646e-01,6.026513e-03,5.507794e-02,1.248526e-02,2.024370e-03,1.002401e-01,2.118543e-02
2.101586e-01,9.772897e-02,1.236780e-02,2.555066e-02,2.770925e-02,3.643094e-02,1.652784e-03,1.549602e-02,3.164127e-01,7.073546e-03,1.247212e-01,1.877886e-02,2.419943e-03,8.317965e-02,2.031911e-02
3.119024e-01,7.232899e-02,1.215193e-02,2.049254e-02,2.242080e-02,4.185119e-02,1.687450e-03,1.306651e-02,2.317271e-01,5.916150e-03,1.409646e-01,2.658881e-02,2.722880e-03,7.820154e-02,1.797701e-02
3.237002e-01,5.365536e-02,9.663742e-03,1.548473e-02,1.889572e-02,4.270147e-02,1.377553e-03,1.033665e-02,1.692818e-01,5.012226e-03,2.007473e-01,3.838541e-02,3.970678e-03,9.115519e-02,1.563204e-02
2.923943e-01,4.039139e-02,7.363938e-03,1.284811e-02,1.428247e-02,3.429584e-02,1.078956e-03,7.911068e-03,1.211985e-01,4.217816e-03,3.112282e-01,5.865688e-02,3.646084e-03,7.653005e-02,1.395646e-02
2.426502e-01,3.128155e-02,5.605371e-03,1.042457e-02,1.407978e-02,2.620807e-02,1.007990e-03,6.483203e-03,8.633306e-02,3.765422e-03,4.297895e-01,5.943903e-02,3.690429e-03,6.826696e-02,1.097490e-02
2.028283e-01,2.596801e-02,4.615714e-03,8.940016e-03,1.363924e-02,2.015284e-02,9.497816e-04,5.897844e-03,6.193864e-02,3.692830e-03,5.104355e-01,6.587987e-02,3.822748e-03,6.217269e-02,9.066134e-03
1.654155e-01,2.459908e-02,4.750007e-03,8.743409e-03,1.832645e-02,1.655139e-02,1.418801e-03,6.923957e-03,4.954987e-02,3.934578e-03,5.286324e-01,9.908769e-02,3.489222e-03,6.030571e-02,8.271948e-03
1.494601e-01,2.493106e-02,7.509547e-03,9.415932e-03,2.257053e-02,1.334450e-02,1.850385e-03,1.313019e-02,4.153320e-02,4.151285e-03,5.278599e-01,1.038938e-01,2.763088e-03,7.020294e-02,7.383587e-03
1.360272e-01,2.071031e-02,7.175224e-03,8.467350e-03,2.163203e-02,1.202385e-02,1.733682e-03,1.227068e-02,4.115765e-02,6.038537e-03,5.167581e-01,1.120054e-01,2.757106e-03,9.362645e-02,7.616432e-03
1.035906e-01,1.903194e-02,6.638817e-03,6.571615e-03,2.034034e-02,1.087259e-02,1.392073e-03,1.056651e-02,5.558962e-02,1.062123e-02,5.259427e-01,1.287349e-01,2.127093e-03,9.039547e-02,7.584479e-03
7.715786e-02,1.540020e-02,5.578347e-03,5.015923e-03,1.793535e-02,1.026742e-02,1.079350e-03,8.857644e-03,5.847752e-02,1.196678e-02,5.299593e-01,1.744043e-01,1.794176e-03,7.617637e-02,5.929477e-03
5.478250e-02,2.358024e-02,5.454635e-03,3.665183e-03,1.530219e-02,7.765454e-03,8.450938e-04,7.461343e-03,7.413039e-02,1.586842e-02,5.772455e-01,1.439069e-01,1.328407e-03,6.359941e-02,5.064277e-03
3.954624e-02,3.582735e-02,2.234290e-02,5.426943e-03,1.503658e-02,6.066856e-03,7.791542e-04,1.246200e-01,8.089885e-02,1.414547e-02,4.838735e-01,1.180502e-01,1.007225e-03,4.852460e-02,3.854165e-03
3.354693e-02,4.291596e-02,6.698322e-02,1.583892e-02,1.485533e-02,7.457679e-03,6.400835e-04,1.265082e-01,1.538746e-01,1.784348e-02,3.912136e-01,8.454274e-02,8.337230e-04,3.850874e-02,4.436764e-03
2.728722e-02,7.184847e-02,5.901868e-02,1.321247e-02,1.607015e-02,1.259063e-02,4.871079e-04,9.318357e-02,2.817262e-01,1.744516e-02,3.011194e-01,6.200057e-02,1.038394e-03,3.643655e-02,6.535412e-03
2.629166e-02,8.662997e-02,4.996879e-02,1.214977e-02,2.915061e-02,3.028047e-02,3.754684e-04,7.256207e-02,3.192340e-01,1.503597e-02,2.669010e-01,4.509488e-02,1.258664e-03,3.450245e-02,1.056429e-02
3.118978e-02,6.619640e-02,3.991558e-02,1.073733e-02,3.103410e-02,2.594848e-02,3.177761e-04,7.899241e-02,3.761678e-01,1.712406e-02,2.359510e-01,3.338908e-02,1.964400e-03,3.795450e-02,1.311737e-02
2.667505e-02,4.788002e-02,3.209597e-02,8.167713e-03,2.913657e-02,2.303028e-02,2.636961e-04,6.015189e-02,4.383300e-01,2.303829e-02,2.276143e-01,2.451570e-02,2.248408e-03,3.739372e-02,1.945841e-02
2.601902e-02,3.494349e-02,2.357634e-02,6.000169e-03,2.981962e-02,2.044593e-02,2.186437e-04,4.637666e-02,4.498824e-01,2.872543e-02,2.285955e-01,1.885374e-02,3.048264e-03,6.392945e-02,1.956534e-02
4.292761e-02,2.831639e-02,2.631165e-02,1.010682e-02,4.654077e-02,1.622407e-02,3.230232e-04,3.880876e-02,4.558138e-01,2.920491e-02,2.094774e-01,1.692400e-02,2.887213e-03,6.038623e-02,1.574735e-02
3.323425e-02,2.107240e-02,2.150682e-02,8.468881e-03,3.437081e-02,1.165892e-02,2.639018e-04,2.732358e-02,5.971289e-01,2.111053e-02,1.486109e-01,1.229884e-02,2.092622e-03,4.734796e-02,1.351070e-02
2.512954e-02,1.518792e-02,1.519517e-02,6.797337e-03,2.418621e-02,9.045191e-03,2.132414e-04,1.921191e-02,5.799869e-01,1.528789e-02,1.815380e-01,3.479785e-02,2.119157e-03,6.103401e-02,1.026965e-02
1.927834e-02,1.136102e-02,1.166904e-02,6.013525e-03,1.727122e-02,7.534307e-03,2.060203e-04,1.351314e-02,5.129243e-01,1.098636e-02,2.045482e-01,1.191811e-01,2.169288e-03,5.541406e-02,7.930132e-03
1.421167e-02,8.077790e-03,8.379595e-03,4.444064e-03,1.213693e-02,5.728427e-03,1.596018e-04,9.494649e-03,3.677291e-01,7.750317e-03,2.407738e-01,2.711294e-01,2.092271e-03,4.224857e-02,5.643766e-03
1.043914e-02,5.723068e-03,5.940977e-03,3.172219e-03,8.621528e-03,4.230078e-03,1.189526e-04,6.693914e-03,2.580367e-01,5.500598e-03,2.766080e-01,3.757614e-01,1.896007e-03,3.327231e-02,3.985209e-03
7.680870e-03,4.069149e-03,4.222364e-03,2.259298e-03,6.185968e-03,3.081299e-03,8.923427e-05,4.704889e-03,1.810819e-01,3.934181e-03,2.702380e-01,4.808663e-01,1.626466e-03,2.713114e-02,2.828947e-03
5.599360e-03,3.067780e-03,3.079472e-03,1.623022e-03,4.553245e-03,2.392428e-03,6.549602e-05,3.313913e-03,1.273856e-01,2.904068e-03,2.831932e-01,5.335612e-01,1.350677e-03,2.584048e-02,2.070035e-03
4.043333e-03,2.316489e-03,2.268385e-03,1.183490e-03,3.463046e-03,1.833975e-03,4.870890e-05,2.341629e-03,8.985001e-02,2.231205e-03,2.921655e-01,5.704447e-01,1.173431e-03,2.508807e-02,1.548097e-03
3.386336e-03,4.248537e-03,4.090130e-03,1.218754e-03,6.419652e-03,1.682165e-03,6.270924e-05,3.168939e-03,6.418038e-02,2.317013e-03,3.474419e-01,5.330114e-01,1.201578e-03,2.625713e-02,1.313374e-03
3.488570e-03,4.089337e-03,3.829004e-03,1.171549e-03,5.896321e-03,1.604977e-03,5.554353e-05,2.407279e-03,5.378973e-02,2.227652e-03,4.444627e-01,4.463943e-01,1.198398e-03,2.833693e-02,1.047703e-03
2.873458e-03,5.910141e-03,4.779724e-03,9.861316e-04,6.243671e-03,1.383356e-03,4.564001e-05,1.771729e-03,4.207962e-02,2.527737e-03,5.495996e-01,3.561341e-01,1.087987e-03,2.365103e-02,9.259783e-04
2.398616e-03,8.044167e-03,7.008813e-03,1.454616e-03,1.845336e-02,1.280405e-03,8.193150e-05,1.447473e-03,3.554075e-02,4.564283e-03,5.734024e-01,3.230157e-01,9.805533e-04,2.101998e-02,1.306982e-03
2.090042e-03,8.415937e-03,8.150727e-03,3.942545e-03,2.648756e-02,1.448667e-03,9.836210e-05,1.698277e-03,3.710257e-02,1.121073e-02,5.505502e-01,3.222502e-01,1.099929e-03,2.395611e-02,1.498127e-03
4.234062e-03,7.060413e-03,1.627463e-02,5.725031e-03,3.112747e-02,1.925477e-03,2.044248e-04,7.481394e-03,3.413394e-02,3.125228e-02,5.469569e-01,2.769955e-01,2.251897e-03,3.299278e-02,1.383794e-03
3.877303e-03,1.292592e-02,1.980746e-02,5.317764e-03,3.952539e-02,2.299398e-03,2.036069e-04,6.825367e-03,9.414308e-02,2.686674e-02,5.223652e-01,2.206104e-01,2.152976e-03,4.065750e-02,2.421890e-03
3.210794e-03,3.185107e-02,4.589688e-02,4.853602e-03,3.938552e-02,3.390401e-03,4.027462e-04,5.951242e-03,1.634753e-01,2.353107e-02,4.620045e-01,1.752077e-01,1.802106e-03,3.492056e-02,4.116564e-03
3.862863e-03,1.949739e-01,8.460847e-02,9.648103e-03,3.693471e-02,3.290730e-03,5.430746e-04,5.039688e-03,1.265156e-01,1.718599e-02,3.635153e-01,1.239699e-01,1.426086e-03,2.518825e-02,3.297428e-03
3.824705e-03,1.831384e-01,2.319348e-01,5.679507e-02,3.121696e-02,4.658379e-03,4.890774e-04,4.278416e-03,9.659167e-02,1.256228e-02,2.657337e-01,8.699903e-02,1.042245e-03,1.803687e-02,2.698491e-03
3.515592e-03,2.182622e-01,3.330208e-01,6.744127e-02,2.834969e-02,5.140237e-03,5.567243e-04,3.119363e-03,6.817389e-02,8.969150e-03,1.867536e-01,6.099794e-02,7.602883e-04,1.265059e-02,2.288717e-03
3.331091e-03,2.192179e-01,4.319062e-01,7.099184e-02,2.713969e-02,4.618771e-03,7.176637e-04,3.116019e-03,4.783411e-02,6.311337e-03,1.309516e-01,4.273346e-02,5.802572e-04,8.870240e-03,1.679870e-03
1.124699e-02,1.800738e-01,5.077322e-01,5.789761e-02,6.367586e-02,5.504278e-03,1.263158e-03,2.581486e-03,3.396430e-02,4.564224e-03,9.243943e-02,3.013034e-02,7.575573e-04,6.394217e-03,1.774610e-03
1.366309e-02,1.397816e-01,4.060275e-01,2.152438e-01,9.418839e-02,4.519058e-03,2.342358e-03,3.412965e-03,2.432047e-02,3.245390e-03,6.509041e-02,2.130276e-02,7.047009e-04,4.517333e-03,1.640287e-03
3.657411e-02,1.013334e-01,4.236941e-01,1.554297e-01,1.789936e-01,1.097856e-02,2.829649e-03,2.730594e-03,1.825081e-02,2.327426e-03,4.577267e-02,1.537172e-02,8.948242e-04,3.364241e-03,1.454590e-03
4.641222e-02,8.721714e-02,3.690658e-01,2.110595e-01,1.985454e-01,1.522204e-02,2.737094e-03,2.736639e-03,1.317035e-02,1.830438e-03,3.277856e-02,1.319394e-02,1.496875e-03,2.592332e-03,1.941687e-03
7.728647e-02,8.085253e-02,3.405322e-01,2.177423e-01,1.885509e-01,2.656732e-02,3.725030e-03,3.861217e-03,1.000369e-02,2.199566e-03,2.482741e-02,1.351608e-02,2.037349e-03,2.842223e-03,5.455726e-03
9.987228e-02,7.679268e-02,3.144516e-01,2.213270e-01,1.853206e-01,2.662648e-02,3.683507e-03,5.360188e-03,8.757092e-03,2.951118e-03,2.107907e-02,1.627616e-02,2.713738e-03,4.395799e-03,1.039268e-02
1.542863e-01,7.426280e-02,3.307964e-01,1.860742e-01,1.507620e-01,2.148392e-02,2.909668e-03,5.722485e-03,1.181042e-02,2.582095e-03,1.799286e-02,1.714675e-02,5.651292e-03,5.211654e-03,1.330709e-02
2.001451e-01,7.405007e-02,2.701080e-01,1.966952e-01,1.228305e-01,2.091357e-02,2.327126e-03,6.983352e-03,2.929678e-02,2.865751e-03,2.143469e-02,2.483326e-02,6.989120e-03,6.980614e-03,1.354675e-02
2.103692e-01,6.854667e-02,2.970181e-01,2.033849e-01,8.722249e-02,1.605381e-02,1.759160e-03,5.998654e-03,3.935742e-02,2.762696e-03,1.841702e-02,2.026423e-02,6.044041e-03,7.226158e-03,1.557539e-02
1.789474e-01,7.348800e-02,3.025948e-01,2.425552e-01,6.616682e-02,1.386845e-02,1.377896e-03,1.086224e-02,4.861231e-02,2.728847e-03,1.494648e-02,1.576992e-02,4.612870e-03,8.863975e-03,1.460476e-02
1.356162e-01,6.467596e-02,2.819964e-01,3.353789e-01,4.715483e-02,1.007326e-02,1.019515e-03,8.494384e-03,5.924129e-02,4.838516e-03,1.311760e-02,1.167720e-02,4.040004e-03,6.727892e-03,1.594810e-02
9.503873e-02,1.092727e-01,3.584227e-01,2.680521e-01,3.316613e-02,7.096722e-03,7.213049e-04,6.117777e-03,4.351235e-02,3.976065e-03,4.108881e-02,9.995884e-03,4.061522e-03,7.983323e-03,1.149382e-02
6.683752e-02,1.492828e-01,4.030835e-01,1.969630e-01,2.348552e-02,5.024367e-03,5.301491e-04,4.437614e-03,3.340264e-02,3.485918e-03,8.316492e-02,9.707773e-03,3.095070e-03,9.129222e-03,8.370069e-03
