1.000000e+00,0.000000e+00,0.000000e+00,0.000000e+00,0.000000e+00,0.000000e+00,0.000000e+00,0.000000e+00,0.000000e+00,0.000000e+00,0.000000e+00,0.000000e+00,0.000000e+00,0.000000e+00,0.000000e+00
1.000000e+00,0.000000e+00,0.000000e+00,0.000000e+00,0.000000e+00,0.000000e+00,0.000000e+00,0.000000e+00,0.000000e+00,0.000000e+00,0.000000e+00,0.000000e+00,0.000000e+00,0.000000e+00,0.000000e+00
1.000000e+00,0.000000e+00,0.000000e+00,0.000000e+00,0.000000e+00,0.000000e+00,0.000000e+00,0.000000e+00,0.000000e+00,0.000000e+00,0.000000e+00,0.000000e+00,0.000000e+00,0.000000e+00,0.000000e+00
1.000000e+00,0.000000e+00,0.000000e+00,0.000000e+00,0.000000e+00,0.000000e+00,0.000000e+00,0.000000e+00,0.000000e+00,0.000000e+00,0.000000e+00,0.000000e+00,0.000000e+00,0.000000e+00,0.000000e+00
1.000000e+00,0.000000e+00,0.000000e+00,0.000000e+00,0.000000e+00,0.000000e+00,0.000000e+00,0.000000e+00,0.000000e+00,0.000000e+00,0.000000e+00,0.000000e+00,0.000000e+00,0.000000e+00,0.000000e+00
1.000000e+00,0.000000e+00,0.000000e+00,0.000000e+00,0.000000e+00,0.000000e+00,0.000000e+00,0.000000e+00,0.000000e+00,0.000000e+00,0.000000e+00,0.000000e+00,0.000000e+00,0.000000e+00,0.000000e+00
1.000000e+00,0.000000e+00,0.000000e+00,0.000000e+00,0.000000e+00,0.000000e+00,0.000000e+00,0.000000e+00,0.000000e+00,0.000000e+00,0.000000e+00,0.000000e+00,0.000000e+00,0.000000e+00,0.000000e+00
1.000000e+00,0.000000e+00,0.000000e+00,0.000000e+00,0.000000e+00,0.000000e+00,0.000000e+00,0.000000e+00,0.000000e+00,0.000000e+00,0.000000e+00,0.000000e+00,0.000000e+00,0.000000e+00,0.000000e+00
1.000000e+00,0.000000e+00,0.000000e+00,0.000000e+00,0.000000e+00,0.000000e+00,0.000000e+00,0.000000e+00,0.000000e+00,0.000000e+00,0.000000e+00,0.000000e+00,0.000000e+00,0.000000e+00,0.000000e+00
1.000000e+00,0.000000e+00,0.000000e+00,0.000000e+00,0.000000e+00,0.000000e+00,0.000000e+00,0.000000e+00,0.000000e+00,0.000000e+00,0.000000e+00,0.000000e+00,0.000000e+00,0.000000e+00,0.000000e+00
1.000000e+00,0.000000e+00,0.000000e+00,0.000000e+00,0.000000e+00,0.000000e+00,0.000000e+00,0.000000e+00,0.000000e+00,0.000000e+00,0.000000e+00,0.000000e+00,0.000000e+00,0.000000e+00,0.000000e+00
1.000000e+00,0.000000e+00,0.000000e+00,0.000000e+00,0.000000e+00,0.000000e+00,0.000000e+00,0.000000e+00,0.000000e+00,0.000000e+00,0.000000e+00,0.000000e+00,0.000000e+00,0.000000e+00,0.000000e+00
1.000000e+00,0.000000e+00,0.000000e+00,0.000000e+00,0.000000e+00,0.000000e+00,0.000000e+00,0.000000e+00,0.000000e+00,0.000000e+00,0.000000e+00,0.000000e+00,0.000000e+00,0.000000e+00,0.000000e+00
1.000000e+00,0.000000e+00,0.000000e+00,0.000000e+00,0.000000e+00,0.000000e+00,0.000000e+00,0.000000e+00,0.000000e+00,0.000000e+00,0.000000e+00,0.000000e+00,0.000000e+00,0.000000e+00,0.000000e+00
1.000000e+00,0.000000e+00,0.000000e+00,0.000000e+00,0.000000e+00,0.000000e+00,0.000000e+00,0.000000e+00,0.000000e+00,0.000000e+00,0.000000e+00,0.000000e+00,0.000000e+00,0.000000e+00,0.000000e+00
1.000000e+00,0.000000e+00,0.000000e+00,0.000000e+00,0.000000e+00,0.000000e+00,0.000000e+00,0.000000e+00,0.000000e+00,0.000000e+00,0.000000e+00,0.000000e+00,0.000000e+00,0.000000e+00,0.000000e+00
1.000000e+00,0.000000e+00,0.000000e+00,0.000000e+00,0.000000e+00,0.000000e+00,0.000000e+00,0.000000e+00,0.000000e+00,0.000000e+00,0.000000e+00,0.000000e+00,0.000000e+00,0.000000e+00,0.000000e+00
1.000000e+00,0.000000e+00,0.000000e+00,0.000000e+00,0.000000e+00,0.000000e+00,0.000000e+00,0.000000e+00,0.000000e+00,0.000000e+00,0.000000e+00,0.000000e+00,0.000000e+00,0.000000e+00,0.000000e+00
1.000000e+00,0.000000e+00,0.000000e+00,0.000000e+00,0.000000e+00,0.000000e+00,0.000000e+00,0.000000e+00,0.000000e+00,0.000000e+00,0.000000e+00,0.000000e+00,0.000000e+00,0.000000e+00,0.000000e+00
1.000000e+00,0.000000e+00,0.000000e+00,0.000000e+00,0.000000e+00,0.000000e+00,0.000000e+00,0.000000e+00,0.000000e+00,0.000000e+00,0.000000e+00,0.000000e+00,0.000000e+00,0.000000e+00,0.000000e+00
1.000000e+00,0.000000e+00,0.000000e+00,0.000000e+00,0.000000e+00,0.000000e+00,0.000000e+00,0.000000e+00,0.000000e+00,0.000000e+00,0.000000e+00,0.000000e+00,0.000000e+00,0.000000e+00,0.000000e+00
1.000000e+00,0.000000e+00,0.000000e+00,0.000000e+00,0.000000e+00,0.000000e+00,0.000000e+00,0.000000e+00,0.000000e+00,0.000000e+00,0.000000e+00,0.000000e+00,0.000000e+00,0.000000e+00,0.000000e+00
1.000000e+00,0.000000e+00,0.000000e+00,0.000000e+00,0.000000e+00,0.000000e+00,0.000000e+00,0.000000e+00,0.000000e+00,0.000000e+00,0.000000e+00,0.000000e+00,0.000000e+00,0.000000e+00,0.000000e+00
1.000000e+00,0.000000e+00,0.000000e+00,0.000000e+00,0.000000e+00,0.000000e+00,0.000000e+00,0.000000e+00,0.000000e+00,0.000000e+00,0.000000e+00,0.000000e+00,0.000000e+00,0.000000e+00,0.000000e+00
1.000000e+00,0.000000e+00,0.000000e+00,0.000000e+00,0.000000e+00,0.000000e+00,0.000000e+00,0.000000e+00,0.000000e+00,0.000000e+00,0.000000e+00,0.000000e+00,0.000000e+00,0.000000e+00,0.000000e+00
1.000000e+00,0.000000e+00,0.000000e+00,0.000000e+00,0.000000e+00,0.000000e+00,0.000000e+00,0.000000e+00,0.000000e+00,0.000000e+00,0.000000e+00,0.000000e+00,0.000000e+00,0.000000e+00,0.000000e+00
1.000000e+00,0.000000e+00,0.000000e+00,0.000000e+00,0.000000e+00,0.000000e+00,0.000000e+00,0.000000e+00,0.000000e+00,0.000000e+00,0.000000e+00,0.000000e+00,0.000000e+00,0.000000e+00,0.000000e+00
1.000000e+00,0.000000e+00,0.000000e+00,0.000000e+00,0.000000e+00,0.000000e+00,0.000000e+00,0.000000e+00,0.000000e+00,0.000000e+00,0.000000e+00,0.000000e+00,0.000000e+00,0.000000e+00,0.000000e+00
1.000000e+00,0.000000e+00,0.000000e+00,0.000000e+00,0.000000e+00,0.000000e+00,0.000000e+00,0.000000e+00,0.000000e+00,0.000000e+00,0.000000e+00,0.000000e+00,0.000000e+00,0.000000e+00,0.000000e+00
1.000000e+00,0.000000e+00,0.000000e+00,0.000000e+00,0.000000e+00,0.000000e+00,0.000000e+00,0.000000e+00,0.000000e+00,0.000000e+00,0.000000e+00,0.000000e+00,0.000000e+00,0.000000e+00,0.000000e+00
1.000000e+00,0.000000e+00,0.000000e+00,0.000000e+00,0.000000e+00,0.000000e+00,0.000000e+00,0.000000e+00,0.000000e+00,0.000000e+00,0.000000e+00,0.000000e+00,0.000000e+00,0.000000e+00,0.000000e+00
1.000000e+00,0.000000e+00,0.000000e+00,0.000000e+00,0.000000e+00,0.000000e+00,0.000000e+00,0.000000e+00,0.000000e+00,0.000000e+00,0.000000e+00,0.000000e+00,0.000000e+00,0.000000e+00,0.000000e+00
1.000000e+00,0.000000e+00,0.000000e+00,0.000000e+00,0.000000e+00,0.000000e+00,0.000000e+00,0.000000e+00,0.000000e+00,0.000000e+00,0.000000e+00,0.000000e+00,0.000000e+00,0.000000e+00,0.000000e+00
1.000000e+00,0.000000e+00,0.000000e+00,0.000000e+00,0.000000e+00,0.000000e+00,0.000000e+00,0.000000e+00,0.000000e+00,0.000000e+00,0.000000e+00,0.000000e+00,0.000000e+00,0.000000e+00,0.000000e+00
1.000000e+00,0.000000e+00,0.000000e+00,0.000000e+00,0.000000e+00,0.000000e+00,0.000000e+00,0.000000e+00,0.000000e+00,0.000000e+00,0.000000e+00,0.000000e+00,0.000000e+00,0.000000e+00,0.000000e+00
1.000000e+00,0.000000e+00,0.000000e+00,0.000000e+00,0.000000e+00,0.000000e+00,0.000000e+00,0.000000e+00,0.000000e+00,0.000000e+00,0.000000e+00,0.000000e+00,0.000000e+00,0.000000e+00,0.000000e+00
1.000000e+00,0.000000e+00,0.000000e+00,0.000000e+00,0.000000e+00,0.000000e+00,0.000000e+00,0.000000e+00,0.000000e+00,0.000000e+00,0.000000e+00,0.000000e+00,0.000000e+00,0.000000e+00,0.000000e+00
1.000000e+00,0.000000e+00,0.000000e+00,0.000000e+00,0.000000e+00,0.000000e+00,0.000000e+00,0.000000e+00,0.000000e+00,0.000000e+00,0.000000e+00,0.000000e+00,0.000000e+00,0.000000e+00,0.000000e+00
1.000000e+00,0.000000e+00,0.000000e+00,0.000000e+00,0.000000e+00,0.000000e+00,0.000000e+00,0.000000e+00,0.000000e+00,0.000000e+00,0.000000e+00,0.000000e+00,0.000000e+00,0.000000e+00,0.000000e+00
1.000000e+00,0.000000e+00,0.000000e+00,0.000000e+00,0.000000e+00,0.000000e+00,0.000000e+00,0.000000e+00,0.000000e+00,0.000000e+00,0.000000e+00,0.000000e+00,0.000000e+00,0.000000e+00,0.000000e+00
1.000000e+00,0.000000e+00,0.000000e+00,0.000000e+00,0.000000e+00,0.000000e+00,0.000000e+00,0.000000e+00,0.000000e+00,0.000000e+00,0.000000e+00,0.000000e+00,0.000000e+00,0.000000e+00,0.000000e+00
1.000000e+00,0.000000e+00,0.000000e+00,0.000000e+00,0.000000e+00,0.000000e+00,0.000000e+00,0.000000e+00,0.000000e+00,0.000000e+00,0.000000e+00,0.000000e+00,0.000000e+00,0.000000e+00,0.000000e+00
1.000000e+00,0.000000e+00,0.000000e+00,0.000000e+00,0.000000e+00,0.000000e+00,0.000000e+00,0.000000e+00,0.000000e+00,0.000000e+00,0.000000e+00,0.000000e+00,0.000000e+00,0.000000e+00,0.000000e+00
1.000000e+00,0.000000e+00,0.000000e+00,0.000000e+00,0.000000e+00,0.000000e+00,0.000000e+00,0.000000e+00,0.000000e+00,0.000000e+00,0.000000e+00,0.000000e+00,0.000000e+00,0.000000e+00,0.000000e+00
1.000000e+00,0.000000e+00,0.000000e+00,0.000000e+00,0.000000e+00,0.000000e+00,0.000000e+00,0.000000e+00,0.000000e+00,0.000000e+00,0.000000e+00,0.000000e+00,0.000000e+00,0.000000e+00,0.000000e+00
1.000000e+00,0.000000e+00,0.000000e+00,0.000000e+00,0.000000e+00,0.000000e+00,0.000000e+00,0.000000e+00,0.000000e+00,0.000000e+00,0.000000e+00,0.000000e+00,0.000000e+00,0.000000e+00,0.000000e+00
1.000000e+00,0.000000e+00,0.000000e+00,0.000000e+00,0.000000e+00,0.000000e+00,0.000000e+00,0.000000e+00,0.000000e+00,0.000000e+00,0.000000e+00,0.000000e+00,0.000000e+00,0.000000e+00,0.000000e+00
1.000000e+00,0.000000e+00,0.000000e+00,0.000000e+00,0.000000e+00,0.000000e+00,0.000000e+00,0.000000e+00,0.000000e+00,0.000000e+00,0.000000e+00,0.000000e+00,0.000000e+00,0.000000e+00,0.000000e+00
1.000000e+00,0.000000e+00,0.000000e+00,0.000000e+00,0.000000e+00,0.000000e+00,0.000000e+00,0.000000e+00,0.000000e+00,0.000000e+00,0.000000e+00,0.000000e+00,0.000000e+00,0.000000e+00,0.000000e+00
1.000000e+00,0.000000e+00,0.000000e+00,0.000000e+00,0.000000e+00,0.000000e+00,0.000000e+00,0.000000e+00,0.000000e+00,0.000000e+00,0.000000e+00,0.000000e+00,0.000000e+00,0.000000e+00,0.000000e+00
1.000000e+00,0.000000e+00,0.000000e+00,0.000000e+00,0.000000e+00,0.000000e+00,0.000000e+00,0.000000e+00,0.000000e+00,0.000000e+00,0.000000e+00,0.000000e+00,0.000000e+00,0.000000e+00,0.000000e+00
1.000000e+00,0.000000e+00,0.000000e+00,0.000000e+00,0.000000e+00,0.000000e+00,0.000000e+00,0.000000e+00,0.000000e+00,0.000000e+00,0.000000e+00,0.000000e+00,0.000000e+00,0.000000e+00,0.000000e+00
4.764260e-01,3.718645e-02,3.034341e-02,1.054745e-01,1.759420e-02,5.696068e-02,2.057258e-02,2.962083e-02,2.068107e-02,3.699010e-03,1.046708e-02,1.038154e-01,6.000148e-02,2.265122e-03,2.489218e-02
4.722778e-01,4.661451e-02,2.926393e-02,1.153943e-01,2.348923e-02,5.105492e-02,1.889907e-02,2.618776e-02,2.422544e-02,3.913727e-03,1.062919e-02,9.113371e-02,5.597942e-02,2.544934e-03,2.839209e-02
1.000000e+00,0.000000e+00,0.000000e+00,0.000000e+00,0.000000e+00,0.000000e+00,0.000000e+00,0.000000e+00,0.000000e+00,0.000000e+00,0.000000e+00,0.000000e+00,0.000000e+00,0.000000e+00,0.000000e+00
1.000000e+00,0.000000e+00,0.000000e+00,0.000000e+00,0.000000e+00,0.000000e+00,0.000000e+00,0.000000e+00,0.000000e+00,0.000000e+00,0.000000e+00,0.000000e+00,0.000000e+00,0.000000e+00,0.000000e+00
1.000000e+00,0.000000e+00,0.000000e+00,0.000000e+00,0.000000e+00,0.000000e+00,0.000000e+00,0.000000e+00,0.000000e+00,0.000000e+00,0.000000e+00,0.000000e+00,0.000000e+00,0.000000e+00,0.000000e+00
4.768550e-01,6.659325e-02,3.432775e-02,1.504306e-01,2.433643e-02,3.790014e-02,1.255419e-02,2.257998e-02,1.876217e-02,4.150500e-03,1.067791e-02,5.541657e-02,4.462964e-02,3.475494e-03,3.731042e-02
1.000000e+00,0.000000e+00,0.000000e+00,0.000000e+00,0.000000e+00,0.000000e+00,0.000000e+00,0.000000e+00,0.000000e+00,0.000000e+00,0.000000e+00,0.000000e+00,0.000000e+00,0.000000e+00,0.000000e+00
4.971340e-01,5.421209e-02,4.320714e-02,1.565132e-01,2.165209e-02,2.937172e-02,9.523924e-03,3.910911e-02,1.485351e-02,3.539892e-03,1.439768e-02,4.252356e-02,3.760848e-02,4.105992e-03,3.224762e-02
4.461539e-01,4.151004e-02,8.377056e-02,1.329869e-01,1.808088e-02,2.816977e-02,8.625133e-03,1.100975e-01,1.217246e-02,2.989168e-03,1.489770e-02,3.624432e-02,3.239459e-02,4.400995e-03,2.750603e-02
3.564014e-01,3.036373e-02,1.459596e-01,1.279786e-01,1.396690e-02,2.216987e-02,6.794221e-03,1.948211e-01,9.132899e-03,2.258010e-03,1.354509e-02,2.809366e-02,2.434604e-02,3.599063e-03,2.056968e-02
3.209966e-01,2.244570e-02,1.225195e-01,1.036287e-01,1.071961e-02,2.026538e-02,6.791119e-03,3.129732e-01,6.942526e-03,1.828601e-03,1.080422e-02,2.194600e-02,1.892751e-02,3.456567e-03,1.575477e-02
3.643388e-01,1.743920e-02,9.710401e-02,7.917731e-02,8.602050e-03,1.961054e-02,7.272934e-03,3.395976e-01,5.310514e-03,1.572433e-03,9.426438e-03,1.899030e-02,1.575750e-02,3.028504e-03,1.277178e-02
3.355390e-01,1.291096e-02,7.586703e-02,5.937938e-02,6.932931e-03,1.699535e-02,7.503335e-03,4.335589e-01,3.924878e-03,1.251476e-03,7.219306e-03,1.442945e-02,1.234152e-02,2.487984e-03,9.658470e-03
4.310392e-01,1.000252e-02,5.611249e-02,4.422614e-02,6.531184e-03,1.469246e-02,6.940344e-03,3.855184e-01,3.169120e-03,1.274044e-03,5.853740e-03,1.266513e-02,1.162521e-02,2.108571e-03,8.241402e-03
4.932092e-01,8.070203e-03,4.174422e-02,3.375338e-02,7.212555e-03,1.250273e-02,6.106517e-03,3.560758e-01,2.726146e-03,1.392885e-03,4.962692e-03,1.174458e-02,1.100294e-02,1.859086e-03,7.636991e-03
1.000000e+00,0.000000e+00,0.000000e+00,0.000000e+00,0.000000e+00,0.000000e+00,0.000000e+00,0.000000e+00,0.000000e+00,0.000000e+00,0.000000e+00,0.000000e+00,0.000000e+00,0.000000e+00,0.000000e+00
1.000000e+00,0.000000e+00,0.000000e+00,0.000000e+00,0.000000e+00,0.000000e+00,0.000000e+00,0.000000e+00,0.000000e+00,0.000000e+00,0.000000e+00,0.000000e+00,0.000000e+00,0.000000e+00,0.000000e+00
1.000000e+00,0.000000e+00,0.000000e+00,0.000000e+00,0.000000e+00,0.000000e+00,0.000000e+00,0.000000e+00,0.000000e+00,0.000000e+00,0.000000e+00,0.000000e+00,0.000000e+00,0.000000e+00,0.000000e+00
1.000000e+00,0.000000e+00,0.000000e+00,0.000000e+00,0.000000e+00,0.000000e+00,0.000000e+00,0.000000e+00,0.000000e+00,0.000000e+00,0.000000e+00,0.000000e+00,0.000000e+00,0.000000e+00,0.000000e+00
4.987877e-01,3.643692e-03,1.462784e-02,1.282304e-02,6.650365e-03,1.306330e-02,6.593267e-03,3.820382e-01,2.100520e-03,2.060281e-03,6.184180e-03,2.360197e-02,1.878849e-02,2.968421e-03,6.068733e-03
4.057304e-01,3.627166e-03,1.225578e-02,3.010001e-02,5.715834e-03,1.230700e-02,4.989522e-03,3.385600e-01,2.822089e-03,4.855072e-03,5.300338e-02,4.195303e-02,6.787086e-02,8.901961e-03,7.307822e-03
2.921805e-01,4.169095e-03,9.429382e-03,9.769278e-02,4.509944e-03,1.151071e-02,3.677404e-03,2.601098e-01,4.108816e-03,6.021283e-03,8.191213e-02,7.190729e-02,1.312710e-01,1.132355e-02,1.017634e-02
2.046399e-01,3.121210e-03,7.571728e-03,1.104272e-01,4.084343e-03,8.405324e-03,2.767010e-03,1.824414e-01,3.325633e-03,5.023446e-03,1.029215e-01,9.600145e-02,2.512444e-01,9.066885e-03,8.958515e-03
1.434354e-01,2.228218e-03,6.517529e-03,8.383254e-02,4.019874e-03,6.078275e-03,2.249114e-03,1.279498e-01,3.298070e-03,5.078473e-03,1.265655e-01,2.364922e-01,2.380104e-01,6.838472e-03,7.406167e-03
1.004795e-01,1.574524e-03,5.196694e-03,6.023072e-02,5.114333e-03,4.790135e-03,1.657749e-03,8.979896e-02,3.226062e-03,4.295069e-03,1.046534e-01,3.355664e-01,2.726383e-01,4.919022e-03,5.859138e-03
7.041699e-02,1.111387e-03,3.802842e-03,4.239883e-02,4.335644e-03,4.070790e-03,1.247322e-03,6.296009e-02,2.664076e-03,3.061976e-03,7.469986e-02,5.168904e-01,2.044757e-01,3.498203e-03,4.365870e-03
4.975746e-02,8.060681e-04,2.764302e-03,2.983142e-02,3.703858e-03,3.865931e-03,9.691088e-04,4.421226e-02,2.612683e-03,2.186111e-03,5.329048e-02,6.409621e-01,1.593899e-01,2.479883e-03,3.168424e-03
3.529965e-02,5.993657e-04,2.127266e-03,2.352823e-02,4.328576e-03,2.388671e-02,1.213180e-03,3.162942e-02,4.018713e-03,1.702083e-03,3.998453e-02,7.050651e-01,1.223282e-01,2.008841e-03,2.280168e-03
2.508257e-02,4.715750e-04,1.829944e-03,1.662332e-02,3.958668e-03,1.880803e-02,1.025245e-03,2.340147e-02,3.885495e-03,1.462220e-03,3.094385e-02,7.803527e-01,8.890659e-02,1.569629e-03,1.678721e-03
1.791069e-02,3.984973e-04,1.382034e-03,1.174063e-02,3.294340e-03,1.755802e-02,1.188717e-03,1.770024e-02,3.710448e-03,1.191511e-03,2.267340e-02,8.297271e-01,6.882510e-02,1.437341e-03,1.262016e-03
1.337638e-02,3.500219e-04,1.261721e-03,8.964285e-03,3.199013e-03,4.937574e-02,1.442500e-03,1.531271e-02,6.159379e-03,1.111236e-03,2.036476e-02,8.085373e-01,6.760672e-02,1.996312e-03,9.419511e-04
1.314695e-02,3.914973e-04,1.141368e-03,7.077579e-03,3.414172e-02,3.925107e-02,1.178798e-02,1.650978e-02,4.269873e-02,9.725861e-04,1.822648e-02,7.461045e-01,6.628434e-02,1.499025e-03,7.664030e-04
1.106466e-02,3.117644e-04,1.689800e-03,5.075505e-03,5.147173e-02,2.820443e-02,2.462450e-02,1.396262e-01,3.379868e-02,7.503926e-04,1.571248e-02,6.301128e-01,5.559852e-02,1.254544e-03,7.039579e-04
1.934116e-02,3.277783e-04,2.690315e-03,4.827372e-03,5.956594e-02,4.810811e-02,3.208617e-02,1.884714e-01,2.794151e-02,6.850372e-04,2.015251e-02,5.314006e-01,6.222847e-02,1.072913e-03,1.100634e-03
3.558502e-02,6.092815e-04,2.419556e-03,6.136552e-03,7.547948e-02,4.519198e-02,3.755544e-02,1.812982e-01,2.824722e-02,6.953480e-04,1.735997e-02,5.049233e-01,6.231260e-02,9.318944e-04,1.254054e-03
5.536386e-02,3.096473e-03,9.525599e-03,5.472635e-02,1.122404e-01,3.883082e-02,3.654215e-02,1.937063e-01,4.318501e-02,8.072137e-04,1.607532e-02,3.762587e-01,5.737447e-02,7.926567e-04,1.474603e-03
1.086182e-01,4.437409e-03,1.268011e-02,5.625457e-02,1.295840e-01,3.219620e-02,4.033038e-02,1.635790e-01,7.036703e-02,1.407044e-03,1.593612e-02,3.049124e-01,5.660236e-02,1.033296e-03,2.061811e-03
1.417839e-01,5.898325e-03,1.552353e-02,4.607355e-02,1.518987e-01,4.668475e-02,7.696186e-02,1.207818e-01,9.762087e-02,1.253217e-03,1.436113e-02,2.258805e-01,5.133881e-02,9.170258e-04,3.022016e-03
1.510179e-01,5.362555e-03,2.709261e-02,6.232214e-02,1.565240e-01,3.675113e-02,7.840612e-02,1.800875e-01,8.259143e-02,9.923731e-04,1.146363e-02,1.593571e-01,4.502288e-02,7.088371e-04,2.299732e-03
2.314321e-01,5.905027e-03,2.414675e-02,6.789126e-02,1.485446e-01,3.251254e-02,9.066696e-02,1.385627e-01,8.371754e-02,1.128728e-03,8.923842e-03,1.213613e-01,4.223365e-02,6.454523e-04,2.327567e-03
2.397940e-01,7.431458e-03,2.081925e-02,6.890212e-02,1.844452e-01,2.901303e-02,8.563868e-02,1.099328e-01,1.060374e-01,1.043646e-03,7.280560e-03,9.514262e-02,4.151484e-02,6.439475e-04,2.360426e-03
2.477555e-01,8.663449e-03,1.626992e-02,5.733221e-02,2.311926e-01,2.651509e-02,7.232600e-02,8.158584e-02,1.131781e-01,9.501041e-04,7.385145e-03,9.713928e-02,3.636189e-02,7.153110e-04,2.629614e-03
2.134753e-01,6.889290e-03,1.273180e-02,4.392015e-02,2.494163e-01,2.368609e-02,1.815715e-01,6.799902e-02,9.485545e-02,8.620478e-04,5.500274e-03,6.860333e-02,2.767550e-02,5.466868e-04,2.267307e-03
1.910718e-01,5.685160e-03,9.407612e-03,3.128238e-02,2.439528e-01,1.810241e-02,2.831840e-01,6.157647e-02,7.800622e-02,7.819093e-04,4.182286e-03,4.817332e-02,2.096186e-02,4.570776e-04,3.174761e-03
1.631980e-01,4.281358e-03,6.794823e-03,2.211893e-02,1.984354e-01,1.437295e-02,4.241661e-01,4.811116e-02,5.980398e-02,8.059881e-04,3.390223e-03,3.402713e-02,1.662700e-02,3.886193e-04,3.478372e-03
1.240704e-01,3.264728e-03,4.982967e-03,1.581259e-02,1.526451e-01,1.200318e-02,5.521545e-01,3.430453e-02,4.294352e-02,2.326415e-03,8.870799e-03,2.529065e-02,1.392970e-02,8.308857e-04,6.570023e-03
8.729448e-02,2.362381e-03,3.504745e-03,1.123277e-02,1.090701e-01,8.551885e-03,6.680588e-01,2.412103e-02,3.043320e-02,2.435778e-03,1.241439e-02,1.828079e-02,1.266096e-02,7.126806e-04,8.866076e-03
7.245454e-02,1.866819e-03,2.478255e-03,8.025169e-03,7.724394e-02,7.458023e-03,6.939759e-01,1.700389e-02,2.165018e-02,2.170173e-03,3.395317e-02,3.544412e-02,1.595288e-02,3.536156e-03,6.786827e-03
7.276525e-02,2.678819e-03,1.833366e-03,6.450471e-03,5.462043e-02,8.012148e-03,6.153952e-01,1.215778e-02,1.546707e-02,1.256811e-02,7.098109e-02,4.411732e-02,5.081411e-02,1.058670e-02,2.155216e-02
8.122645e-02,2.589534e-03,1.419144e-03,4.756839e-03,3.858379e-02,9.319431e-03,5.148472e-01,8.987425e-03,1.159847e-02,1.112368e-02,1.537536e-01,4.768110e-02,6.315925e-02,3.281466e-02,1.813939e-02
1.027446e-01,2.128266e-03,1.161143e-03,3.404653e-03,2.715745e-02,8.249951e-03,4.243329e-01,7.252548e-03,8.863084e-03,9.134071e-03,1.499746e-01,4.295049e-02,6.237110e-02,1.342060e-01,1.606904e-02
1.463759e-01,2.373902e-03,1.303576e-03,2.627768e-03,1.946557e-02,1.019573e-02,3.167413e-01,6.308033e-03,9.028660e-03,1.484894e-02,1.769674e-01,6.400510e-02,5.689805e-02,1.556977e-01,1.716228e-02
3.611132e-01,2.011083e-03,1.478241e-03,2.373595e-03,1.447660e-02,1.196273e-02,2.283213e-01,5.272229e-03,7.844368e-03,1.234777e-02,1.302837e-01,4.769375e-02,4.133575e-02,1.203139e-01,1.317174e-02
4.431931e-01,2.303054e-03,2.567717e-03,2.627574e-03,1.190851e-02,1.391024e-02,1.673197e-01,4.229140e-03,7.637807e-03,2.384883e-02,1.164064e-01,3.932094e-02,3.058208e-02,1.200745e-01,1.407030e-02
4.357270e-01,5.234482e-03,3.593226e-03,5.276299e-03,2.066620e-02,1.836235e-02,1.275533e-01,5.867703e-03,7.315140e-03,4.635340e-02,1.118423e-01,3.388669e-02,2.391373e-02,1.370590e-01,1.734912e-02
3.108213e-01,5.077281e-03,3.406939e-03,4.505310e-03,1.889694e-02,1.515399e-02,8.995469e-02,4.363725e-03,1.192351e-02,4.555839e-02,1.462676e-01,2.921040e-02,1.762045e-02,2.832409e-01,1.399854e-02
2.248269e-01,4.487812e-03,3.564654e-03,3.869066e-03,1.498757e-02,1.209928e-02,6.315260e-02,3.332548e-03,2.763348e-02,4.666864e-02,1.632919e-01,2.752097e-02,1.304178e-02,3.779896e-01,1.353312e-02
1.737623e-01,5.267818e-03,7.609490e-03,6.967546e-03,1.540597e-02,1.222955e-02,4.464082e-02,3.277770e-03,3.086883e-02,6.080655e-02,2.358039e-01,2.532661e-02,1.061043e-02,3.547887e-01,1.263371e-02
1.278488e-01,5.327937e-03,9.759437e-03,6.067239e-03,1.303259e-02,1.215287e-02,3.138138e-02,3.112975e-03,3.068437e-02,5.536840e-02,2.935696e-01,2.004278e-02,8.780957e-03,3.682401e-01,1.463059e-02
1.073171e-01,1.103410e-02,1.719327e-02,9.627363e-03,1.559901e-02,1.344077e-02,2.232766e-02,7.556338e-03,7.304583e-02,5.279307e-02,2.780145e-01,2.039330e-02,9.048495e-03,3.487667e-01,1.384247e-02
9.886618e-02,1.620271e-02,3.899563e-02,1.594562e-02,1.511923e-02,2.096820e-02,1.612212e-02,7.698958e-03,1.333266e-01,4.150563e-02,2.371173e-01,1.721170e-02,9.136928e-03,3.199344e-01,1.184887e-02
8.916937e-02,2.516053e-02,3.746943e-02,1.435962e-02,1.248177e-02,2.028723e-02,1.178058e-02,6.662320e-03,1.692724e-01,3.527553e-02,2.341830e-01,1.403282e-02,9.447712e-03,3.084567e-01,1.196108e-02
1.040079e-01,2.627083e-02,4.694370e-02,1.387879e-02,1.340930e-02,3.273899e-02,8.815435e-03,5.600485e-03,1.452973e-01,2.693048e-02,2.194808e-01,1.374440e-02,8.568199e-03,3.223214e-01,1.199204e-02
9.922414e-02,3.732862e-02,9.468155e-02,6.494943e-02,1.983299e-02,5.115344e-02,8.984433e-03,1.170156e-02,1.219216e-01,1.958331e-02,1.782852e-01,1.176766e-02,8.010341e-03,2.569125e-01,1.566336e-02
8.282162e-02,3.539435e-02,2.383224e-01,7.536986e-02,2.380776e-02,4.291320e-02,7.184165e-03,1.177993e-02,9.282765e-02,1.417814e-02,1.405110e-01,8.739044e-03,6.635549e-03,2.073033e-01,1.221212e-02
7.841352e-02,3.976647e-02,2.953164e-01,6.187310e-02,2.520028e-02,3.921574e-02,5.186907e-03,9.661096e-03,7.683372e-02,1.210461e-02,1.080401e-01,6.664160e-03,5.250968e-03,2.253153e-01,1.115763e-02
9.111112e-02,3.692866e-02,2.897977e-01,4.686137e-02,2.492389e-02,4.042021e-02,3.792017e-03,7.554949e-03,7.429698e-02,1.431972e-02,8.611534e-02,5.177657e-03,4.154015e-03,2.629325e-01,1.161387e-02
1.145233e-01,3.757594e-02,2.711371e-01,3.657435e-02,2.554164e-02,3.946749e-02,2.747287e-03,5.665289e-03,9.054904e-02,1.147597e-02,6.777991e-02,4.346792e-03,3.752177e-03,2.773228e-01,1.154103e-02
1.033112e-01,3.561725e-02,3.731076e-01,3.857766e-02,2.747329e-02,3.629279e-02,2.273144e-03,9.292070e-03,8.001256e-02,9.435083e-03,5.232603e-02,3.505161e-03,3.142733e-03,2.154813e-01,1.015213e-02
1.241103e-01,3.186466e-02,3.603401e-01,3.436526e-02,3.281193e-02,3.007320e-02,1.763961e-03,7.767521e-03,9.135055e-02,8.361152e-03,4.324845e-02,3.221412e-03,3.199600e-03,2.190955e-01,8.426402e-03
1.845392e-01,3.832403e-02,2.845767e-01,5.605637e-02,3.158585e-02,2.845991e-02,2.007056e-03,1.271764e-02,1.027146e-01,6.730073e-03,4.353761e-02,7.288526e-03,4.383978e-03,1.879874e-01,9.090888e-03
2.477023e-01,4.447792e-02,2.283215e-01,5.625839e-02,4.099435e-02,3.333926e-02,1.815333e-03,1.087895e-02,1.154634e-01,6.015394e-03,4.471889e-02,8.481002e-03,4.942917e-03,1.442989e-01,1.229143e-02
3.285535e-01,3.767933e-02,1.845090e-01,5.129918e-02,4.362690e-02,4.046004e-02,1.961203e-03,9.325976e-03,1.000193e-01,5.432865e-03,4.715830e-02,1.614993e-02,9.153055e-03,1.106322e-01,1.403919e-02
4.077641e-01,3.467499e-02,1.440622e-01,5.301288e-02,4.419336e-02,3.861232e-02,2.549020e-03,1.497820e-02,7.842610e-02,4.476552e-03,4.307406e-02,2.352143e-02,1.299043e-02,8.305834e-02,1.460600e-02
4.233647e-01,3.849369e-02,1.062351e-01,5.601441e-02,4.146200e-02,3.140087e-02,4.214560e-03,2.740728e-02,9.252529e-02,3.646950e-03,4.603091e-02,3.292061e-02,1.658467e-02,6.300060e-02,1.669836e-02
3.070845e-01,3.056989e-02,7.487188e-02,4.126040e-02,2.973396e-02,2.281418e-02,2.999919e-03,1.975130e-02,6.725873e-02,2.813379e-03,2.798497e-01,4.546408e-02,1.239163e-02,5.071609e-02,1.242044e-02
2.217319e-01,2.383722e-02,5.325169e-02,3.004412e-02,2.143943e-02,1.917835e-02,2.154913e-03,1.417997e-02,4.810366e-02,2.104268e-03,4.536520e-01,4.712432e-02,9.076655e-03,4.432335e-02,9.798243e-03
1.757508e-01,1.850408e-02,3.865895e-02,2.299145e-02,1.534592e-02,3.344567e-02,1.643633e-03,1.042834e-02,3.488661e-02,1.897451e-03,5.465674e-01,4.624124e-02,6.773018e-03,3.770994e-02,9.155524e-03
1.250725e-01,1.364652e-02,2.739023e-02,1.683457e-02,1.109667e-02,2.632525e-02,1.207835e-03,7.400317e-03,2.492506e-02,1.614520e-03,6.271995e-01,7.489049e-02,5.106426e-03,3.048414e-02,6.805981e-03
1.004237e-01,1.056195e-02,1.939342e-02,1.290091e-02,8.393520e-03,2.153916e-02,9.232530e-04,5.253087e-03,1.803296e-02,1.506168e-03,6.609340e-01,1.025893e-01,4.230782e-03,2.803633e-02,5.281498e-03
7.493801e-02,9.634145e-03,1.383909e-02,1.002557e-02,9.437840e-03,1.642986e-02,7.866690e-04,3.838395e-03,1.401128e-02,1.700871e-03,6.535132e-01,1.555197e-01,3.417691e-03,2.846126e-02,4.446539e-03
5.372144e-02,7.812507e-03,9.794165e-03,7.243674e-03,8.328475e-03,1.228334e-02,5.724469e-04,2.712886e-03,1.143738e-02,1.753468e-03,6.145480e-01,2.345214e-01,2.935721e-03,2.874701e-02,3.588221e-03
4.129921e-02,6.957326e-03,7.105543e-03,5.972937e-03,7.224169e-03,9.596211e-03,4.484766e-04,2.025750e-03,9.824553e-03,1.852059e-03,6.343348e-01,2.378320e-01,2.354725e-03,2.999879e-02,3.173551e-03
3.086769e-02,6.035301e-03,5.108644e-03,4.366082e-03,6.229881e-03,7.281025e-03,3.300603e-04,1.468116e-03,7.532938e-03,2.795998e-03,6.826568e-01,2.065780e-01,1.911818e-03,3.372446e-02,3.113241e-03
2.651629e-02,5.919133e-03,3.800971e-03,3.359592e-03,6.341110e-03,5.718858e-03,2.504376e-04,1.130435e-03,6.130951e-03,4.164439e-03,6.850548e-01,2.085119e-01,1.653750e-03,3.841539e-02,3.031839e-03
2.544051e-02,6.008835e-03,3.111490e-03,2.564981e-03,6.450437e-03,4.312667e-03,2.107813e-04,1.136468e-03,5.865991e-03,4.678030e-03,7.164421e-01,1.823184e-01,1.502633e-03,3.698902e-02,2.967704e-03
2.405629e-02,6.234730e-03,2.786224e-03,2.163112e-03,5.819821e-03,3.401614e-03,2.032110e-04,1.376716e-03,6.625064e-03,6.412657e-03,7.246708e-01,1.714655e-01,1.436217e-03,3.990788e-02,3.440331e-03
3.298250e-02,7.339898e-03,2.539680e-03,1.862857e-03,5.880418e-03,3.588836e-03,2.478265e-04,1.439351e-03,5.974875e-03,6.831683e-03,7.155998e-01,1.719594e-01,1.563144e-03,3.793365e-02,4.256167e-03
2.557618e-02,7.461674e-03,2.405207e-03,1.509574e-03,1.984823e-02,3.727397e-03,3.886551e-04,1.495505e-03,5.677157e-03,9.027854e-03,6.858838e-01,1.760024e-01,1.425079e-03,5.529822e-02,4.273097e-03
2.657348e-02,1.060051e-02,9.455182e-03,1.930790e-03,3.610515e-02,5.635804e-03,1.477382e-03,3.894666e-03,6.789076e-03,1.754564e-02,6.203685e-01,1.941530e-01,1.233604e-03,5.772349e-02,6.513780e-03
3.732525e-02,1.111401e-02,2.099976e-02,3.528399e-03,3.504499e-02,1.164066e-02,1.998828e-03,9.774956e-03,8.375982e-03,2.754927e-02,5.515245e-01,2.209683e-01,1.166838e-03,5.058863e-02,8.399639e-03
3.347359e-02,1.041328e-02,2.076880e-02,4.155392e-03,3.004515e-02,1.059440e-02,1.603166e-03,1.148259e-02,1.515454e-02,2.474921e-02,5.616568e-01,2.228302e-01,1.152664e-03,4.411751e-02,7.802649e-03
2.590651e-02,7.761944e-03,1.531737e-02,3.354536e-03,2.216334e-02,8.334152e-03,1.148432e-03,8.682377e-03,1.851477e-02,1.843357e-02,6.535686e-01,1.617219e-01,1.058484e-03,4.835674e-02,5.677233e-03
2.824471e-02,1.215651e-02,1.514151e-02,7.710603e-03,3.360216e-02,9.953367e-03,1.016583e-03,9.053132e-03,7.946481e-02,1.622858e-02,6.037244e-01,1.317206e-01,1.322978e-03,4.395038e-02,6.709552e-03
2.487998e-02,1.100054e-02,1.190197e-02,7.964277e-03,3.012627e-02,8.073050e-03,7.865320e-04,7.378805e-03,1.404344e-01,1.283688e-02,5.843062e-01,1.039264e-01,1.344360e-03,4.869276e-02,6.347508e-03
1.827283e-02,8.363926e-03,8.945544e-03,5.765869e-03,2.306278e-02,6.008490e-03,5.620229e-04,5.284064e-03,1.981809e-01,9.964605e-03,5.931872e-01,7.705913e-02,1.035501e-03,3.851723e-02,5.789935e-03
1.344694e-02,8.984618e-03,8.008531e-03,4.152389e-03,1.791042e-02,4.518938e-03,4.143405e-04,3.762410e-03,2.516375e-01,7.680512e-03,5.888550e-01,5.564022e-02,7.892803e-04,2.928448e-02,4.914356e-03
1.100634e-02,6.568769e-03,6.713114e-03,3.913469e-03,1.581885e-02,3.797355e-03,3.263187e-04,3.343541e-03,2.760019e-01,5.971028e-03,6.002057e-01,3.951602e-02,5.989547e-04,2.191470e-02,4.303989e-03
1.271606e-02,4.857749e-03,5.462412e-03,4.313893e-03,1.533438e-02,3.658818e-03,2.558348e-04,3.306217e-03,2.783310e-01,1.083170e-02,5.805776e-01,2.849589e-02,1.063473e-03,2.101994e-02,2.977512e-02
1.777519e-02,5.184267e-03,6.080255e-03,4.527012e-02,1.689411e-02,5.087413e-03,2.193703e-04,1.022594e-02,3.145002e-01,1.535278e-02,4.913159e-01,2.341448e-02,2.788836e-03,1.579424e-02,3.009683e-02
2.396506e-02,4.315905e-03,6.144927e-03,3.511813e-02,1.775293e-02,7.692236e-03,2.641443e-04,9.387285e-03,2.946453e-01,5.172258e-02,4.693767e-01,2.004644e-02,7.066637e-03,1.682411e-02,3.567758e-02
3.015903e-02,4.627425e-03,5.961090e-03,2.875044e-02,2.147766e-02,6.910710e-03,2.275108e-04,7.626889e-03,3.053895e-01,4.790368e-02,4.705029e-01,1.578375e-02,6.803425e-03,1.650724e-02,3.136880e-02
4.849712e-02,4.172942e-03,5.363621e-03,2.347296e-02,2.391811e-02,7.987077e-03,2.130786e-04,9.637875e-03,2.481114e-01,5.804703e-02,5.019691e-01,1.346088e-02,6.734444e-03,1.960954e-02,2.880487e-02
7.527797e-02,6.861066e-03,9.519363e-03,2.993076e-02,2.727119e-02,6.591516e-03,1.867733e-04,1.133589e-02,2.567515e-01,5.367306e-02,4.244730e-01,1.204882e-02,6.749401e-03,4.752262e-02,3.180704e-02
8.554121e-02,7.940235e-03,2.431668e-02,4.414812e-02,3.292786e-02,7.221546e-03,2.304438e-04,1.167834e-02,2.473102e-01,4.601749e-02,3.664769e-01,1.108442e-02,6.244808e-03,7.451671e-02,3.434507e-02
8.246985e-02,2.156820e-02,5.191936e-02,1.177209e-01,4.521848e-02,8.410913e-03,3.402064e-04,1.021570e-02,2.066897e-01,3.387115e-02,2.691531e-01,1.089076e-02,5.148077e-03,8.275194e-02,5.363157e-02
7.239812e-02,2.079100e-02,5.030096e-02,8.729129e-02,3.736420e-02,7.890305e-03,3.237272e-04,7.467179e-03,1.809756e-01,2.567456e-02,1.909630e-01,8.497690e-03,4.507530e-03,7.502212e-02,2.305327e-01
1.110656e-01,1.866769e-02,5.064287e-02,1.219444e-01,5.237558e-02,8.703738e-03,5.289189e-04,1.518191e-02,1.900695e-01,2.293443e-02,1.436874e-01,7.802341e-03,8.291015e-03,6.810568e-02,1.799990e-01
1.090483e-01,1.673177e-02,5.319059e-02,1.035182e-01,3.820895e-02,7.482771e-03,4.361749e-04,1.129760e-02,2.620935e-01,2.149372e-02,1.026094e-01,5.851726e-03,6.707603e-03,5.108743e-02,2.102423e-01
9.508954e-02,1.495392e-02,4.565971e-02,7.877174e-02,2.726755e-02,6.361420e-03,4.016147e-04,8.049176e-03,3.022841e-01,2.022745e-02,7.301837e-02,4.336811e-03,6.370562e-03,3.739484e-02,2.798132e-01
7.964686e-02,1.422825e-02,3.633738e-02,6.153811e-02,1.957410e-02,4.999438e-03,3.953703e-04,5.861449e-03,4.270811e-01,2.262995e-02,5.274824e-02,3.385680e-03,5.397697e-03,2.725383e-02,2.389226e-01
6.864462e-02,1.758600e-02,2.721634e-02,4.688361e-02,1.444775e-02,4.251664e-03,3.469341e-04,4.264051e-03,4.973856e-01,2.979365e-02,3.866604e-02,2.611223e-03,6.959314e-03,2.115162e-02,2.197916e-01
5.119149e-02,1.934412e-02,2.085031e-02,3.393920e-02,1.018952e-02,3.049225e-03,2.495329e-04,3.047693e-03,6.293694e-01,2.219140e-02,2.733276e-02,1.964183e-03,6.023672e-03,1.492515e-02,1.563324e-01
4.264664e-02,1.831623e-02,3.030273e-02,2.811718e-02,7.486748e-03,2.606538e-03,2.581491e-04,2.761845e-03,6.396008e-01,1.746530e-02,2.006653e-02,1.825452e-03,7.448917e-03,1.098977e-02,1.701072e-01
3.468917e-02,1.569498e-02,7.479621e-02,2.340559e-02,5.934454e-03,2.176894e-03,2.690048e-04,3.667189e-03,6.091654e-01,1.387747e-02,1.470415e-02,1.954643e-03,8.389019e-03,8.330876e-03,1.829450e-01
3.469119e-02,1.572819e-02,8.655581e-02,1.957010e-02,6.697300e-03,4.253860e-03,6.223739e-04,4.329441e-03,5.029740e-01,1.140942e-02,1.150974e-02,1.969774e-03,9.579520e-03,8.165889e-03,2.819434e-01
3.365392e-02,2.637307e-02,8.851218e-02,1.796181e-02,1.293062e-02,5.458980e-03,1.227573e-03,5.163434e-03,3.903643e-01,8.858273e-03,9.222335e-03,1.715815e-03,9.025431e-03,7.820325e-03,3.817120e-01
6.784543e-02,4.213326e-02,7.886393e-02,2.863239e-02,6.023276e-02,3.013296e-02,5.580357e-03,1.024061e-02,3.198560e-01,7.312271e-03,8.607365e-03,2.380084e-03,1.534041e-02,9.925428e-03,3.129169e-01
9.319772e-02,5.494481e-02,6.724966e-02,5.147686e-02,1.032409e-01,3.469019e-02,8.692765e-03,1.721476e-02,2.633389e-01,5.767280e-03,9.655752e-03,3.866674e-03,2.797285e-02,1.007347e-02,2.486176e-01
1.045748e-01,6.674188e-02,6.267898e-02,1.121981e-01,1.186908e-01,3.468576e-02,8.347413e-03,3.053143e-02,2.088248e-01,5.042159e-03,8.278294e-03,3.868461e-03,3.079308e-02,8.234004e-03,1.965101e-01
1.246387e-01,6.320918e-02,1.141058e-01,1.818969e-01,1.023028e-01,2.744013e-02,6.274865e-03,2.673056e-02,1.582929e-01,4.502078e-03,7.264319e-03,4.542429e-03,2.620285e-02,6.387745e-03,1.462089e-01
1.812205e-01,6.946962e-02,1.224895e-01,1.510874e-01,9.995960e-02,2.553863e-02,4.898073e-03,2.338801e-02,1.333924e-01,4.712704e-03,6.288488e-03,4.960546e-03,2.564364e-02,5.698603e-03,1.412522e-01
2.704409e-01,8.052598e-02,9.729484e-02,1.283206e-01,8.815037e-02,2.563136e-02,4.213094e-03,2.337144e-02,1.101728e-01,5.093042e-03,5.740299e-03,5.915037e-03,2.454343e-02,5.291552e-03,1.252951e-01
3.412830e-01,6.897965e-02,7.463294e-02,9.772007e-02,1.052239e-01,2.767988e-02,1.220556e-02,4.453218e-02,9.761997e-02,4.396991e-03,5.120993e-03,5.376549e-03,1.892589e-02,4.741134e-03,9.156141e-02
3.858923e-01,5.867587e-02,5.694830e-02,7.423309e-02,1.060273e-01,2.448735e-02,1.616270e-02,8.616975e-02,9.167330e-02,3.455286e-03,4.926376e-03,5.812926e-03,1.564580e-02,3.967626e-03,6.592198e-02
3.563458e-01,4.310727e-02,4.384991e-02,5.593998e-02,1.059114e-01,3.175420e-02,4.778989e-02,1.686557e-01,6.973450e-02,3.162430e-03,5.607401e-03,5.557903e-03,1.186507e-02,3.211339e-03,4.750719e-02
4.038847e-01,3.364281e-02,3.495843e-02,4.411800e-02,1.358509e-01,3.094422e-02,4.275967e-02,1.511814e-01,5.152235e-02,3.743540e-03,6.824087e-03,9.280415e-03,1.173382e-02,2.801765e-03,3.675379e-02
4.546583e-01,2.566363e-02,2.700952e-02,3.506939e-02,1.071953e-01,3.034436e-02,6.990094e-02,1.130231e-01,3.742988e-02,4.777654e-03,1.036717e-02,2.668220e-02,2.398524e-02,4.178974e-03,2.971419e-02
4.085057e-01,2.166364e-02,1.979389e-02,2.847155e-02,7.945607e-02,2.895104e-02,1.039921e-01,8.888216e-02,2.854829e-02,7.317602e-03,2.495027e-02,3.507757e-02,7.887352e-02,8.703973e-03,3.681257e-02
3.508724e-01,2.337557e-02,1.651362e-02,3.132831e-02,6.163966e-02,2.686115e-02,1.032978e-01,7.157567e-02,2.697353e-02,1.232513e-02,6.701353e-02,4.145419e-02,1.160323e-01,1.736388e-02,3.337326e-02
3.128082e-01,1.899989e-02,1.831491e-02,3.049057e-02,4.517146e-02,2.547054e-02,7.841134e-02,5.862380e-02,2.550858e-02,1.321650e-02,8.636813e-02,3.745349e-02,1.729935e-01,1.831336e-02,5.785571e-02
3.204708e-01,2.035512e-02,1.741205e-02,3.001412e-02,3.650990e-02,2.190275e-02,5.916294e-02,4.396184e-02,4.279013e-02,1.206369e-02,9.401144e-02,3.042747e-02,1.844937e-01,1.922915e-02,6.719493e-02
3.164301e-01,1.724136e-02,1.298683e-02,2.507917e-02,2.660560e-02,2.125177e-02,5.056947e-02,3.360852e-02,4.275511e-02,1.015108e-02,1.193738e-01,3.020811e-02,1.628621e-01,5.664435e-02,7.423260e-02
2.927629e-01,1.875350e-02,1.775108e-02,8.697143e-02,2.125324e-02,2.183709e-02,3.627021e-02,2.890502e-02,8.293223e-02,8.571236e-03,1.262403e-01,2.420814e-02,1.244901e-01,5.222669e-02,5.682692e-02
2.339910e-01,1.859379e-02,2.181576e-02,1.831322e-01,1.824963e-02,1.885825e-02,2.566396e-02,2.120850e-02,1.267132e-01,7.681207e-03,1.224088e-01,2.037650e-02,9.285752e-02,4.201638e-02,4.643324e-02
2.885818e-01,1.490702e-02,1.732347e-02,1.424528e-01,1.588874e-02,1.682236e-02,1.862857e-02,1.735012e-02,1.129055e-01,1.018689e-02,1.296611e-01,2.066458e-02,7.753193e-02,6.708510e-02,5.000997e-02
3.436874e-01,1.238893e-02,1.332289e-02,1.064615e-01,1.353322e-02,1.360176e-02,1.355289e-02,1.392449e-02,9.017321e-02,1.071238e-02,1.248772e-01,2.716192e-02,7.055100e-02,1.087049e-01,3.734629e-02
4.377062e-01,1.112651e-02,9.956068e-03,7.921400e-02,1.073775e-02,1.333134e-02,9.808088e-03,1.035795e-02,6.833722e-02,9.169850e-03,1.150146e-01,2.366819e-02,5.326227e-02,1.192162e-01,2.909378e-02
3.523605e-01,9.837348e-03,9.093421e-03,6.187543e-02,9.697890e-03,1.488318e-02,7.699101e-03,8.679260e-03,7.402231e-02,3.975067e-02,1.432734e-01,2.393154e-02,4.380884e-02,1.677943e-01,3.329286e-02
2.669227e-01,7.952103e-03,7.093678e-03,4.473747e-02,7.590129e-03,1.265768e-02,6.001361e-03,6.603974e-03,6.140953e-02,1.062912e-01,1.749583e-01,2.382306e-02,3.549883e-02,2.032949e-01,3.516502e-02
2.077525e-01,6.733445e-03,5.951446e-03,3.357938e-02,7.578129e-03,1.011297e-02,4.339342e-03,5.088503e-03,5.411797e-02,1.261399e-01,2.755107e-01,2.433798e-02,3.138924e-02,1.661420e-01,4.122660e-02
1.481287e-01,8.771747e-03,7.217208e-03,2.428816e-02,8.873469e-03,7.806346e-03,3.186335e-03,4.176792e-03,4.925760e-02,1.032184e-01,3.496829e-01,2.642716e-02,3.631005e-02,1.821643e-01,4.049100e-02
1.067611e-01,7.425992e-03,6.367553e-03,2.208057e-02,7.901549e-03,8.587244e-03,2.307990e-03,3.156857e-03,5.725031e-02,9.774020e-02,3.582845e-01,2.613360e-02,3.041644e-02,1.797725e-01,8.581364e-02
7.801711e-02,6.237810e-03,1.465189e-02,2.580158e-02,1.937317e-02,9.016321e-03,2.107417e-03,4.313712e-03,6.604773e-02,8.776923e-02,3.012541e-01,2.605054e-02,2.653209e-02,1.750509e-01,1.577764e-01
5.655887e-02,4.893889e-03,1.618759e-02,2.267403e-02,2.726761e-02,7.642369e-03,1.856549e-03,4.440212e-03,5.918133e-02,8.194706e-02,2.746298e-01,2.379888e-02,2.308463e-02,1.640659e-01,2.317713e-01
4.047018e-02,3.761454e-03,1.897393e-02,1.768148e-02,3.648003e-02,6.303824e-03,1.742671e-03,1.056649e-02,4.502866e-02,6.789007e-02,2.289681e-01,1.898661e-02,2.173328e-02,1.448060e-01,3.366072e-01
2.946064e-02,2.948143e-03,1.789863e-02,1.471141e-02,4.000768e-02,4.881147e-03,1.496013e-03,8.624072e-02,6.491897e-02,6.172927e-02,2.232685e-01,1.988456e-02,1.902287e-02,1.406927e-01,2.728387e-01
2.157281e-02,2.167426e-03,2.521086e-02,1.875931e-02,3.372287e-02,4.027700e-03,1.140187e-03,2.860327e-01,5.329186e-02,4.690597e-02,1.792547e-01,1.763835e-02,1.466225e-02,1.036840e-01,1.919290e-01
1.548156e-02,2.009406e-03,2.104344e-02,1.857189e-02,2.475206e-02,3.309197e-03,8.542613e-04,3.062397e-01,2.076374e-01,3.306399e-02,1.315540e-01,1.290926e-02,1.151207e-02,7.546060e-02,1.356012e-01
1.716437e-02,2.166443e-03,3.883586e-02,2.996994e-02,2.298618e-02,8.078489e-03,1.904169e-03,3.610929e-01,2.207704e-01,2.365686e-02,9.892133e-02,9.968190e-03,9.424319e-03,5.861123e-02,9.644940e-02
1.723484e-02,3.294774e-03,5.326743e-02,9.000906e-02,2.980545e-02,1.628646e-02,2.090993e-03,3.028862e-01,2.709697e-01,1.694988e-02,7.171898e-02,7.609702e-03,7.596566e-03,4.137960e-02,6.890032e-02
2.494506e-02,7.967375e-03,6.654433e-02,1.104452e-01,4.654317e-02,1.432791e-02,2.704002e-03,2.565702e-01,3.096805e-01,1.272269e-02,5.330962e-02,5.937133e-03,6.213643e-03,2.975480e-02,5.233444e-02
