1.000000e+00,0.000000e+00,0.000000e+00,0.000000e+00,0.000000e+00,0.000000e+00,0.000000e+00,0.000000e+00,0.000000e+00,0.000000e+00,0.000000e+00,0.000000e+00,0.000000e+00,0.000000e+00,0.000000e+00
1.000000e+00,0.000000e+00,0.000000e+00,0.000000e+00,0.000000e+00,0.000000e+00,0.000000e+00,0.000000e+00,0.000000e+00,0.000000e+00,0.000000e+00,0.000000e+00,0.000000e+00,0.000000e+00,0.000000e+00
1.000000e+00,0.000000e+00,0.000000e+00,0.000000e+00,0.000000e+00,0.000000e+00,0.000000e+00,0.000000e+00,0.000000e+00,0.000000e+00,0.000000e+00,0.000000e+00,0.000000e+00,0.000000e+00,0.000000e+00
1.000000e+00,0.000000e+00,0.000000e+00,0.000000e+00,0.000000e+00,0.000000e+00,0.000000e+00,0.000000e+00,0.000000e+00,0.000000e+00,0.000000e+00,0.000000e+00,0.000000e+00,0.000000e+00,0.000000e+00
1.000000e+00,0.000000e+00,0.000000e+00,0.000000e+00,0.000000e+00,0.000000e+00,0.000000e+00,0.000000e+00,0.000000e+00,0.000000e+00,0.000000e+00,0.000000e+00,0.000000e+00,0.000000e+00,0.000000e+00
1.000000e+00,0.000000e+00,0.000000e+00,0.000000e+00,0.000000e+00,0.000000e+00,0.000000e+00,0.000000e+00,0.000000e+00,0.000000e+00,0.000000e+00,0.000000e+00,0.000000e+00,0.000000e+00,0.000000e+00
1.000000e+00,0.000000e+00,0.000000e+00,0.000000e+00,0.000000e+00,0.000000e+00,0.000000e+00,0.000000e+00,0.000000e+00,0.000000e+00,0.000000e+00,0.000000e+00,0.000000e+00,0.000000e+00,0.000000e+00
1.000000e+00,0.000000e+00,0.000000e+00,0.000000e+00,0.000000e+00,0.000000e+00,0.000000e+00,0.000000e+00,0.000000e+00,0.000000e+00,0.000000e+00,0.000000e+00,0.000000e+00,0.000000e+00,0.000000e+00
1.000000e+00,0.000000e+00,0.000000e+00,0.000000e+00,0.000000e+00,0.000000e+00,0.000000e+00,0.000000e+00,0.000000e+00,0.000000e+00,0.000000e+00,0.000000e+00,0.000000e+00,0.000000e+00,0.000000e+00
1.000000e+00,0.000000e+00,0.000000e+00,0.000000e+00,0.000000e+00,0.000000e+00,0.000000e+00,0.000000e+00,0.000000e+00,0.000000e+00,0.000000e+00,0.000000e+00,0.000000e+00,0.000000e+00,0.000000e+00
1.000000e+00,0.000000e+00,0.000000e+00,0.000000e+00,0.000000e+00,0.000000e+00,0.000000e+00,0.000000e+00,0.000000e+00,0.000000e+00,0.000000e+00,0.000000e+00,0.000000e+00,0.000000e+00,0.000000e+00
1.000000e+00,0.000000e+00,0.000000e+00,0.000000e+00,0.000000e+00,0.000000e+00,0.000000e+00,0.000000e+00,0.000000e+00,0.000000e+00,0.000000e+00,0.000000e+00,0.000000e+00,0.000000e+00,0.000000e+00
1.000000e+00,0.000000e+00,0.000000e+00,0.000000e+00,0.000000e+00,0.000000e+00,0.000000e+00,0.000000e+00,0.000000e+00,0.000000e+00,0.000000e+00,0.000000e+00,0.000000e+00,0.000000e+00,0.000000e+00
1.000000e+00,0.000000e+00,0.000000e+00,0.000000e+00,0.000000e+00,0.000000e+00,0.000000e+00,0.000000e+00,0.000000e+00,0.000000e+00,0.000000e+00,0.000000e+00,0.000000e+00,0.000000e+00,0.000000e+00
1.000000e+00,0.000000e+00,0.000000e+00,0.000000e+00,0.000000e+00,0.000000e+00,0.000000e+00,0.000000e+00,0.000000e+00,0.000000e+00,0.000000e+00,0.000000e+00,0.000000e+00,0.000000e+00,0.000000e+00
1.000000e+00,0.000000e+00,0.000000e+00,0.000000e+00,0.000000e+00,0.000000e+00,0.000000e+00,0.000000e+00,0.000000e+00,0.000000e+00,0.000000e+00,0.000000e+00,0.000000e+00,0.000000e+00,0.000000e+00
1.000000e+00,0.000000e+00,0.000000e+00,0.000000e+00,0.000000e+00,0.000000e+00,0.000000e+00,0.000000e+00,0.000000e+00,0.000000e+00,0.000000e+00,0.000000e+00,0.000000e+00,0.000000e+00,0.000000e+00
1.000000e+00,0.000000e+00,0.000000e+00,0.000000e+00,0.000000e+00,0.000000e+00,0.000000e+00,0.000000e+00,0.000000e+00,0.000000e+00,0.000000e+00,0.000000e+00,0.000000e+00,0.000000e+00,0.000000e+00
1.000000e+00,0.000000e+00,0.000000e+00,0.000000e+00,0.000000e+00,0.000000e+00,0.000000e+00,0.000000e+00,0.000000e+00,0.000000e+00,0.000000e+00,0.000000e+00,0.000000e+00,0.000000e+00,0.000000e+00
1.000000e+00,0.000000e+00,0.000000e+00,0.000000e+00,0.000000e+00,0.000000e+00,0.000000e+00,0.000000e+00,0.000000e+00,0.000000e+00,0.000000e+00,0.000000e+00,0.000000e+00,0.000000e+00,0.000000e+00
1.000000e+00,0.000000e+00,0.000000e+00,0.000000e+00,0.000000e+00,0.000000e+00,0.000000e+00,0.000000e+00,0.000000e+00,0.000000e+00,0.000000e+00,0.000000e+00,0.000000e+00,0.000000e+00,0.000000e+00
1.000000e+00,0.000000e+00,0.000000e+00,0.000000e+00,0.000000e+00,0.000000e+00,0.000000e+00,0.000000e+00,0.000000e+00,0.000000e+00,0.000000e+00,0.000000e+00,0.000000e+00,0.000000e+00,0.000000e+00
1.000000e+00,0.000000e+00,0.000000e+00,0.000000e+00,0.000000e+00,0.000000e+00,0.000000e+00,0.000000e+00,0.000000e+00,0.000000e+00,0.000000e+00,0.000000e+00,0.000000e+00,0.000000e+00,0.000000e+00
1.000000e+00,0.000000e+00,0.000000e+00,0.000000e+00,0.000000e+00,0.000000e+00,0.000000e+00,0.000000e+00,0.000000e+00,0.000000e+00,0.000000e+00,0.000000e+00,0.000000e+00,0.000000e+00,0.000000e+00
1.000000e+00,0.000000e+00,0.000000e+00,0.000000e+00,0.000000e+00,0.000000e+00,0.000000e+00,0.000000e+00,0.000000e+00,0.000000e+00,0.000000e+00,0.000000e+00,0.000000e+00,0.000000e+00,0.000000e+00
1.000000e+00,0.000000e+00,0.000000e+00,0.000000e+00,0.000000e+00,0.000000e+00,0.000000e+00,0.000000e+00,0.000000e+00,0.000000e+00,0.000000e+00,0.000000e+00,0.000000e+00,0.000000e+00,0.000000e+00
1.000000e+00,0.000000e+00,0.000000e+00,0.000000e+00,0.000000e+00,0.000000e+00,0.000000e+00,0.000000e+00,0.000000e+00,0.000000e+00,0.000000e+00,0.000000e+00,0.000000e+00,0.000000e+00,0.000000e+00
1.000000e+00,0.000000e+00,0.000000e+00,0.000000e+00,0.000000e+00,0.000000e+00,0.000000e+00,0.000000e+00,0.000000e+00,0.000000e+00,0.000000e+00,0.000000e+00,0.000000e+00,0.000000e+00,0.000000e+00
1.000000e+00,0.000000e+00,0.000000e+00,0.000000e+00,0.000000e+00,0.000000e+00,0.000000e+00,0.000000e+00,0.000000e+00,0.000000e+00,0.000000e+00,0.000000e+00,0.000000e+00,0.000000e+00,0.000000e+00
1.000000e+00,0.000000e+00,0.000000e+00,0.000000e+00,0.000000e+00,0.000000e+00,0.000000e+00,0.000000e+00,0.000000e+00,0.000000e+00,0.000000e+00,0.000000e+00,0.000000e+00,0.000000e+00,0.000000e+00
1.000000e+00,0.000000e+00,0.000000e+00,0.000000e+00,0.000000e+00,0.000000e+00,0.000000e+00,0.000000e+00,0.000000e+00,0.000000e+00,0.000000e+00,0.000000e+00,0.000000e+00,0.000000e+00,0.000000e+00
1.000000e+00,0.000000e+00,0.000000e+00,0.000000e+00,0.000000e+00,0.000000e+00,0.000000e+00,0.000000e+00,0.000000e+00,0.000000e+00,0.000000e+00,0.000000e+00,0.000000e+00,0.000000e+00,0.000000e+00
1.000000e+00,0.000000e+00,0.000000e+00,0.000000e+00,0.000000e+00,0.000000e+00,0.000000e+00,0.000000e+00,0.000000e+00,0.000000e+00,0.000000e+00,0.000000e+00,0.000000e+00,0.000000e+00,0.000000e+00
1.000000e+00,0.000000e+00,0.000000e+00,0.000000e+00,0.000000e+00,0.000000e+00,0.000000e+00,0.000000e+00,0.000000e+00,0.000000e+00,0.000000e+00,0.000000e+00,0.000000e+00,0.000000e+00,0.000000e+00
1.000000e+00,0.000000e+00,0.000000e+00,0.000000e+00,0.000000e+00,0.000000e+00,0.000000e+00,0.000000e+00,0.000000e+00,0.000000e+00,0.000000e+00,0.000000e+00,0.000000e+00,0.000000e+00,0.000000e+00
1.000000e+00,0.000000e+00,0.000000e+00,0.000000e+00,0.000000e+00,0.000000e+00,0.000000e+00,0.000000e+00,0.000000e+00,0.000000e+00,0.000000e+00,0.000000e+00,0.000000e+00,0.000000e+00,0.000000e+00
1.000000e+00,0.000000e+00,0.000000e+00,0.000000e+00,0.000000e+00,0.000000e+00,0.000000e+00,0.000000e+00,0.000000e+00,0.000000e+00,0.000000e+00,0.000000e+00,0.000000e+00,0.000000e+00,0.000000e+00
1.000000e+00,0.000000e+00,0.000000e+00,0.000000e+00,0.000000e+00,0.000000e+00,0.000000e+00,0.000000e+00,0.000000e+00,0.000000e+00,0.000000e+00,0.000000e+00,0.000000e+00,0.000000e+00,0.000000e+00
1.000000e+00,0.000000e+00,0.000000e+00,0.000000e+00,0.000000e+00,0.000000e+00,0.000000e+00,0.000000e+00,0.000000e+00,0.000000e+00,0.000000e+00,0.000000e+00,0.000000e+00,0.000000e+00,0.000000e+00
1.000000e+00,0.000000e+00,0.000000e+00,0.000000e+00,0.000000e+00,0.000000e+00,0.000000e+00,0.000000e+00,0.000000e+00,0.000000e+00,0.000000e+00,0.000000e+00,0.000000e+00,0.000000e+00,0.000000e+00
1.000000e+00,0.000000e+00,0.000000e+00,0.000000e+00,0.000000e+00,0.000000e+00,0.000000e+00,0.000000e+00,0.000000e+00,0.000000e+00,0.000000e+00,0.000000e+00,0.000000e+00,0.000000e+00,0.000000e+00
1.000000e+00,0.000000e+00,0.000000e+00,0.000000e+00,0.000000e+00,0.000000e+00,0.000000e+00,0.000000e+00,0.000000e+00,0.000000e+00,0.000000e+00,0.000000e+00,0.000000e+00,0.000000e+00,0.000000e+00
1.000000e+00,0.000000e+00,0.000000e+00,0.000000e+00,0.000000e+00,0.000000e+00,0.000000e+00,0.000000e+00,0.000000e+00,0.000000e+00,0.000000e+00,0.000000e+00,0.000000e+00,0.000000e+00,0.000000e+00
1.000000e+00,0.000000e+00,0.000000e+00,0.000000e+00,0.000000e+00,0.000000e+00,0.000000e+00,0.000000e+00,0.000000e+00,0.000000e+00,0.000000e+00,0.000000e+00,0.000000e+00,0.000000e+00,0.000000e+00
1.000000e+00,0.000000e+00,0.000000e+00,0.000000e+00,0.000000e+00,0.000000e+00,0.000000e+00,0.000000e+00,0.000000e+00,0.000000e+00,0.000000e+00,0.000000e+00,0.000000e+00,0.000000e+00,0.000000e+00
1.000000e+00,0.000000e+00,0.000000e+00,0.000000e+00,0.000000e+00,0.000000e+00,0.000000e+00,0.000000e+00,0.000000e+00,0.000000e+00,0.000000e+00,0.000000e+00,0.000000e+00,0.000000e+00,0.000000e+00
1.000000e+00,0.000000e+00,0.000000e+00,0.000000e+00,0.000000e+00,0.000000e+00,0.000000e+00,0.000000e+00,0.000000e+00,0.000000e+00,0.000000e+00,0.000000e+00,0.000000e+00,0.000000e+00,0.000000e+00
1.000000e+00,0.000000e+00,0.000000e+00,0.000000e+00,0.000000e+00,0.000000e+00,0.000000e+00,0.000000e+00,0.000000e+00,0.000000e+00,0.000000e+00,0.000000e+00,0.000000e+00,0.000000e+00,0.000000e+00
1.000000e+00,0.000000e+00,0.000000e+00,0.000000e+00,0.000000e+00,0.000000e+00,0.000000e+00,0.000000e+00,0.000000e+00,0.000000e+00,0.000000e+00,0.000000e+00,0.000000e+00,0.000000e+00,0.000000e+00
1.000000e+00,0.000000e+00,0.000000e+00,0.000000e+00,0.000000e+00,0.000000e+00,0.000000e+00,0.000000e+00,0.000000e+00,0.000000e+00,0.000000e+00,0.000000e+00,0.000000e+00,0.000000e+00,0.000000e+00
1.000000e+00,0.000000e+00,0.000000e+00,0.000000e+00,0.000000e+00,0.000000e+00,0.000000e+00,0.000000e+00,0.000000e+00,0.000000e+00,0.000000e+00,0.000000e+00,0.000000e+00,0.000000e+00,0.000000e+00
1.000000e+00,0.000000e+00,0.000000e+00,0.000000e+00,0.000000e+00,0.000000e+00,0.000000e+00,0.000000e+00,0.000000e+00,0.000000e+00,0.000000e+00,0.000000e+00,0.000000e+00,0.000000e+00,0.000000e+00
1.000000e+00,0.000000e+00,0.000000e+00,0.000000e+00,0.000000e+00,0.000000e+00,0.000000e+00,0.000000e+00,0.000000e+00,0.000000e+00,0.000000e+00,0.000000e+00,0.000000e+00,0.000000e+00,0.000000e+00
1.000000e+00,0.000000e+00,0.000000e+00,0.000000e+00,0.000000e+00,0.000000e+00,0.000000e+00,0.000000e+00,0.000000e+00,0.000000e+00,0.000000e+00,0.000000e+00,0.000000e+00,0.000000e+00,0.000000e+00
1.000000e+00,0.000000e+00,0.000000e+00,0.000000e+00,0.000000e+00,0.000000e+00,0.000000e+00,0.000000e+00,0.000000e+00,0.000000e+00,0.000000e+00,0.000000e+00,0.000000e+00,0.000000e+00,0.000000e+00
1.000000e+00,0.000000e+00,0.000000e+00,0.000000e+00,0.000000e+00,0.000000e+00,0.000000e+00,0.000000e+00,0.000000e+00,0.000000e+00,0.000000e+00,0.000000e+00,0.000000e+00,0.000000e+00,0.000000e+00
1.000000e+00,0.000000e+00,0.000000e+00,0.000000e+00,0.000000e+00,0.000000e+00,0.000000e+00,0.000000e+00,0.000000e+00,0.000000e+00,0.000000e+00,0.000000e+00,0.000000e+00,0.000000e+00,0.000000e+00
1.000000e+00,0.000000e+00,0.000000e+00,0.000000e+00,0.000000e+00,0.000000e+00,0.000000e+00,0.000000e+00,0.000000e+00,0.000000e+00,0.000000e+00,0.000000e+00,0.000000e+00,0.000000e+00,0.000000e+00
1.000000e+00,0.000000e+00,0.000000e+00,0.000000e+00,0.000000e+00,0.000000e+00,0.000000e+00,0.000000e+00,0.000000e+00,0.000000e+00,0.000000e+00,0.000000e+00,0.000000e+00,0.000000e+00,0.000000e+00
4.895701e-01,2.196282e-02,8.587677e-03,4.338079e-02,6.862112e-03,2.658442e-01,1.633092e-02,2.065590e-02,9.554280e-03,2.268194e-03,1.028389e-02,3.839389e-02,4.389775e-02,2.146163e-03,2.026132e-02
3.777073e-01,1.629104e-02,3.159465e-02,3.745018e-02,5.972038e-03,3.661408e-01,1.501315e-02,4.090055e-02,7.493911e-03,1.678136e-03,7.959007e-03,3.187908e-02,4.326305e-02,1.591198e-03,1.506591e-02
3.012817e-01,1.201323e-02,8.068313e-02,4.045682e-02,5.220260e-03,3.743677e-01,1.342396e-02,8.631086e-02,5.681512e-03,1.286020e-03,6.041687e-03,2.470807e-02,3.614598e-02,1.205014e-03,1.117404e-02
2.296802e-01,8.618088e-03,1.061797e-01,3.834193e-02,4.264745e-03,3.139513e-01,1.164241e-02,2.213545e-01,4.081654e-03,9.729909e-04,4.529213e-03,1.883906e-02,2.842266e-02,9.842672e-04,8.137240e-03
1.778110e-01,6.166150e-03,1.127738e-01,3.659143e-02,3.410296e-03,2.625459e-01,9.869575e-03,3.398894e-01,2.943868e-03,7.724984e-04,3.469226e-03,1.418098e-02,2.271856e-02,8.372464e-04,6.020046e-03
1.387194e-01,4.387575e-03,1.257610e-01,3.515320e-02,2.688550e-03,2.148391e-01,1.049281e-02,4.275824e-01,2.155265e-03,7.144023e-04,2.606291e-03,1.070245e-02,1.880808e-02,6.794165e-04,4.710030e-03
1.331041e-01,3.311425e-03,1.305091e-01,3.022050e-02,2.618100e-03,1.595310e-01,1.138889e-02,4.939255e-01,1.794652e-03,9.036343e-04,2.087504e-03,8.334432e-03,1.782428e-02,5.937632e-04,3.853156e-03
1.326001e-01,2.689289e-03,1.216616e-01,2.812126e-02,2.811818e-03,1.174493e-01,9.705493e-03,5.527329e-01,1.724327e-03,1.297996e-03,1.779511e-03,6.869838e-03,1.654400e-02,5.147957e-04,3.497772e-03
1.256463e-01,2.483788e-03,9.582616e-02,2.257908e-02,3.585047e-03,8.378430e-02,8.414964e-03,6.285120e-01,1.695898e-03,1.576225e-03,1.708766e-03,5.934677e-03,1.448530e-02,5.086160e-04,3.258876e-03
1.159844e-01,2.485241e-03,8.121225e-02,1.986941e-02,4.187774e-03,5.982518e-02,7.839619e-03,6.810994e-01,1.787756e-03,1.621059e-03,1.633602e-03,5.680200e-03,1.295502e-02,5.270456e-04,3.292029e-03
1.677365e-01,3.376789e-03,6.907789e-02,1.790012e-02,5.405306e-03,4.514940e-02,8.424988e-03,6.485653e-01,2.082301e-03,1.800635e-03,1.996035e-03,8.168446e-03,1.489079e-02,7.418565e-04,4.683706e-03
2.992575e-01,3.521619e-03,5.889680e-02,1.475002e-02,4.964691e-03,3.419971e-02,7.335402e-03,5.445563e-01,1.788753e-03,1.665618e-03,2.080843e-03,8.512256e-03,1.255790e-02,7.825763e-04,5.130088e-03
2.324281e-01,1.374604e-02,9.938282e-02,4.423709e-02,4.587844e-03,2.688957e-02,5.790291e-03,4.085726e-01,9.983239e-03,3.492847e-02,1.034300e-02,1.600082e-02,2.220945e-02,3.428564e-03,6.747210e-02
1.669456e-01,1.186612e-02,7.250050e-02,1.863716e-01,3.822098e-03,2.007535e-02,4.209481e-03,2.873893e-01,1.660264e-02,2.820813e-02,3.385869e-02,1.672911e-02,8.839352e-02,3.186448e-03,5.984141e-02
1.632472e-01,9.937341e-03,5.250514e-02,1.903732e-01,3.824116e-03,1.669027e-02,3.193995e-03,2.030905e-01,2.070005e-02,2.067727e-02,8.607003e-02,1.961631e-02,1.629298e-01,2.802959e-03,4.434172e-02
1.294841e-01,9.089459e-03,3.907300e-02,2.979077e-01,1.007499e-02,1.273249e-02,2.998039e-03,1.432893e-01,8.474480e-02,1.549325e-02,7.169314e-02,2.025690e-02,1.232726e-01,2.996597e-03,3.689371e-02
9.095243e-02,6.592486e-03,2.869836e-02,3.142431e-01,1.085963e-02,1.080603e-02,2.303253e-03,1.003952e-01,7.402287e-02,1.278766e-02,9.035807e-02,1.101687e-01,1.193915e-01,2.197629e-03,2.622316e-02
6.434766e-02,4.798520e-03,2.064412e-02,2.533678e-01,1.495999e-02,8.533272e-03,1.952801e-03,7.037929e-02,5.716157e-02,1.106509e-02,1.331325e-01,1.293749e-01,2.096594e-01,1.811455e-03,1.881164e-02
7.036933e-02,3.875615e-03,1.530397e-02,1.879792e-01,1.516989e-02,6.681939e-03,2.051732e-03,4.985775e-02,4.961660e-02,1.282348e-02,1.129578e-01,2.129836e-01,2.382882e-01,2.955119e-03,1.908577e-02
7.543271e-02,3.257932e-03,1.102939e-02,1.377971e-01,1.470507e-02,6.009305e-03,1.949871e-03,3.563427e-02,4.992395e-02,1.083082e-02,9.057167e-02,2.792353e-01,2.648411e-01,2.508330e-03,1.627319e-02
9.557326e-02,2.487405e-03,7.998946e-03,9.983945e-02,1.144754e-02,1.337164e-02,3.147706e-03,2.524368e-02,3.906288e-02,1.064452e-02,6.621310e-02,3.495370e-01,2.588988e-01,3.020294e-03,1.351375e-02
9.276481e-02,1.951714e-03,5.992479e-03,7.123975e-02,9.938886e-03,3.820046e-02,3.076517e-03,1.875177e-02,3.054657e-02,8.684248e-03,5.327620e-02,3.398403e-01,3.107028e-01,3.636274e-03,1.139718e-02
1.039620e-01,1.832353e-03,4.541485e-03,5.147787e-02,1.153559e-02,4.271518e-02,2.850721e-03,1.400152e-02,3.203839e-02,9.075118e-03,4.635317e-02,2.735147e-01,3.926431e-01,3.135261e-03,1.032355e-02
1.076527e-01,4.035196e-03,5.322193e-03,4.695066e-02,1.399521e-02,4.915105e-02,3.321686e-03,1.118854e-02,4.975207e-02,8.353154e-03,3.856532e-02,2.573274e-01,3.900355e-01,5.068712e-03,9.280686e-03
1.264478e-01,3.277245e-03,4.418122e-03,3.588353e-02,1.602522e-02,4.543454e-02,3.468327e-03,1.057691e-02,5.116381e-02,7.669301e-03,4.994494e-02,2.503379e-01,3.832097e-01,4.151104e-03,7.991529e-03
1.590884e-01,2.951106e-03,4.649905e-03,2.672507e-02,5.407429e-02,3.689716e-02,5.879961e-03,2.809483e-02,5.168039e-02,6.848101e-03,5.055115e-02,2.218750e-01,3.403601e-01,3.549166e-03,6.775357e-03
1.810258e-01,2.163250e-03,4.680070e-03,2.143090e-02,4.498266e-02,3.975641e-02,6.791231e-03,3.326206e-02,3.813487e-02,5.596490e-03,3.807730e-02,2.854317e-01,2.891623e-01,2.846241e-03,6.658636e-03
2.791436e-01,1.747872e-03,4.671418e-03,1.631121e-02,4.654595e-02,6.932636e-02,7.820318e-03,3.115970e-02,2.738780e-02,4.392050e-03,2.833487e-02,2.474156e-01,2.265306e-01,2.388873e-03,6.823712e-03
2.611643e-01,1.896448e-03,4.110581e-03,1.225175e-02,1.283045e-01,5.533172e-02,1.401740e-02,5.934020e-02,2.258038e-02,3.441964e-03,2.250972e-02,2.179040e-01,1.887109e-01,2.460440e-03,5.975656e-03
2.228814e-01,1.687402e-03,3.269039e-03,9.367001e-03,1.172898e-01,8.197342e-02,1.311592e-02,9.543785e-02,1.851722e-02,2.515596e-03,1.982752e-02,1.876119e-01,2.197918e-01,2.080939e-03,4.633059e-03
1.897261e-01,2.040976e-03,3.339879e-03,7.567214e-03,1.524203e-01,6.627377e-02,1.827645e-02,1.082840e-01,3.975290e-02,1.843038e-03,1.969365e-02,1.722739e-01,2.124597e-01,1.857078e-03,4.190953e-03
1.766762e-01,4.918415e-03,3.371580e-03,9.146806e-03,1.215718e-01,5.509218e-02,1.512615e-02,1.720469e-01,9.051184e-02,1.424753e-03,1.775967e-02,1.405658e-01,1.863429e-01,1.574259e-03,3.870743e-03
1.474442e-01,3.974306e-03,5.856611e-03,8.593143e-03,1.083375e-01,4.206376e-02,1.230698e-02,3.150496e-01,8.172310e-02,1.116827e-03,1.485886e-02,1.059264e-01,1.470897e-01,1.249381e-03,4.409476e-03
1.682877e-01,6.966173e-03,1.043890e-02,4.670178e-02,1.077648e-01,3.482331e-02,1.035563e-02,2.483767e-01,1.133677e-01,1.086195e-03,2.034416e-02,8.244769e-02,1.421045e-01,1.304210e-03,5.630585e-03
1.439871e-01,6.994013e-03,1.207844e-02,1.409231e-01,1.163551e-01,2.621773e-02,7.689041e-03,1.825487e-01,1.187817e-01,1.092194e-03,3.611703e-02,6.239872e-02,1.346989e-01,1.159877e-03,8.958302e-03
1.083402e-01,5.275488e-03,1.259345e-02,1.596672e-01,1.033311e-01,2.039744e-02,5.679167e-03,1.309523e-01,9.905025e-02,1.607937e-03,5.998573e-02,7.886960e-02,2.035839e-01,1.324189e-03,9.341981e-03
7.628968e-02,3.867600e-03,1.075038e-02,1.895790e-01,8.729496e-02,1.881051e-02,4.113117e-03,9.188253e-02,7.545689e-02,4.094029e-03,1.071192e-01,7.848977e-02,2.430145e-01,1.336045e-03,7.901723e-03
5.459782e-02,3.078731e-03,9.903973e-03,1.628003e-01,8.737035e-02,3.679609e-02,3.607298e-03,6.500561e-02,6.659042e-02,3.343087e-03,1.147642e-01,1.560124e-01,2.279490e-01,2.219551e-03,5.961091e-03
3.843680e-02,2.498488e-03,7.315833e-03,1.187230e-01,6.697625e-02,3.089556e-02,2.884136e-03,4.561458e-02,4.841479e-02,4.532862e-03,9.957591e-02,3.357726e-01,1.863829e-01,7.489884e-03,4.486309e-03
2.703170e-02,1.874011e-03,5.528982e-03,8.645163e-02,5.133925e-02,2.486920e-02,2.176298e-03,3.201636e-02,3.528148e-02,5.147832e-03,8.310363e-02,4.960279e-01,1.364318e-01,9.480047e-03,3.239746e-03
1.931115e-02,1.478961e-03,4.148183e-03,6.164590e-02,3.754504e-02,2.078349e-02,1.645527e-03,2.258033e-02,2.709358e-02,6.685042e-03,8.709134e-02,5.990319e-01,9.867242e-02,9.862931e-03,2.424189e-03
1.411438e-02,1.520071e-03,3.662106e-03,4.340569e-02,2.991640e-02,1.751709e-02,1.258200e-03,1.621290e-02,2.016719e-02,6.347508e-03,1.316941e-01,6.347167e-01,7.006915e-02,7.615912e-03,1.782632e-03
1.028074e-02,1.226312e-03,2.780021e-03,3.053076e-02,2.188657e-02,1.402381e-02,9.428672e-04,1.150797e-02,1.485123e-02,5.671646e-03,1.186041e-01,7.116020e-01,4.934062e-02,5.474794e-03,1.276645e-03
9.102937e-03,1.104201e-03,2.036531e-03,2.167609e-02,1.790090e-02,1.270681e-02,6.963952e-04,8.349543e-03,1.196963e-02,5.101866e-03,9.541944e-02,7.742474e-01,3.476506e-02,3.960880e-03,9.623889e-04
1.167887e-02,9.900071e-04,1.485217e-03,1.573018e-02,1.892442e-02,1.154977e-02,5.195074e-04,6.011964e-03,9.956390e-03,4.108015e-03,8.077359e-02,8.100928e-01,2.446281e-02,2.878450e-03,8.380652e-04
7.124919e-02,1.975473e-03,1.487190e-03,1.561097e-02,3.234535e-02,2.257527e-02,8.523490e-04,5.573572e-03,9.611123e-03,3.469896e-03,7.027336e-02,7.428035e-01,1.753159e-02,2.477077e-03,2.164080e-03
8.757855e-02,5.146494e-03,1.955506e-03,1.157873e-02,4.024425e-02,1.875223e-02,8.307823e-04,5.276402e-03,8.143062e-03,3.506949e-03,6.159452e-02,7.386932e-01,1.252186e-02,2.146320e-03,2.031095e-03
8.646555e-02,4.427090e-03,1.673956e-03,8.526232e-03,3.117088e-02,1.489922e-02,6.587447e-04,4.255927e-03,6.247471e-03,3.047768e-03,5.327088e-02,7.728687e-01,8.940890e-03,1.935623e-03,1.611038e-03
6.698059e-02,3.691530e-03,1.644814e-03,6.212221e-03,2.335993e-02,1.269688e-02,5.491783e-04,3.864570e-03,4.739056e-03,2.479343e-03,4.955176e-02,8.150453e-01,6.361722e-03,1.622358e-03,1.200744e-03
4.989363e-02,3.169219e-03,1.613998e-03,4.522169e-03,1.841526e-02,1.204492e-02,5.898462e-04,3.629990e-03,3.541789e-03,1.929234e-03,4.167212e-02,8.522143e-01,4.562251e-03,1.296873e-03,9.044369e-04
3.856048e-02,4.249786e-03,2.064646e-03,3.313049e-03,1.961265e-02,1.018573e-02,7.095851e-04,3.267198e-03,2.842411e-03,1.595463e-03,3.754511e-02,8.709396e-01,3.282573e-03,1.090019e-03,7.417271e-04
3.065615e-02,6.192129e-03,4.860275e-03,2.594138e-03,2.740299e-02,9.958806e-03,7.979370e-04,5.321499e-03,2.747636e-03,1.490138e-03,3.321043e-02,8.706990e-01,2.384929e-03,1.011392e-03,6.725315e-04
2.520745e-02,8.337174e-03,2.140953e-02,2.889902e-03,5.343258e-02,1.304111e-02,1.353877e-03,2.654353e-02,2.526329e-03,1.373689e-03,2.548968e-02,8.150182e-01,1.736227e-03,1.030039e-03,6.106893e-04
2.568802e-02,7.983755e-03,3.004248e-02,6.102947e-03,5.562768e-02,1.160798e-02,3.014572e-03,7.131638e-02,2.431139e-03,1.246343e-03,2.061768e-02,7.615219e-01,1.289984e-03,1.020393e-03,4.888037e-04
2.159455e-02,3.517391e-02,2.799099e-02,5.365737e-03,1.335365e-01,1.898945e-02,2.906904e-03,7.072112e-02,2.754767e-03,1.170669e-03,1.858134e-02,6.583488e-01,1.071840e-03,1.316241e-03,4.772082e-04
1.854661e-02,5.064023e-02,2.536439e-02,5.490830e-03,2.783825e-01,2.978641e-02,5.226025e-03,7.023039e-02,3.407389e-03,1.337954e-03,1.804916e-02,4.910053e-01,9.240027e-04,1.215035e-03,3.938955e-04
1.840449e-02,5.593336e-02,3.441527e-02,8.487819e-03,3.423463e-01,4.503220e-02,9.868217e-03,9.079419e-02,2.885271e-03,1.234202e-03,1.617276e-02,3.722014e-01,7.659025e-04,1.138358e-03,3.202925e-04
1.989293e-02,5.720603e-02,4.373436e-02,1.415700e-02,3.542812e-01,7.518673e-02,9.418076e-03,1.217887e-01,3.029417e-03,1.187864e-03,1.723072e-02,2.806841e-01,6.569452e-04,1.207904e-03,3.379850e-04
2.908129e-02,5.374676e-02,8.871465e-02,4.558440e-02,3.341014e-01,6.162452e-02,7.777073e-03,1.400807e-01,5.156382e-03,1.419547e-03,2.435017e-02,2.055795e-01,6.164330e-04,1.482304e-03,6.848647e-04
3.744520e-02,4.774567e-02,9.394139e-02,6.099436e-02,3.866633e-01,5.096648e-02,6.812124e-03,1.099260e-01,9.287249e-03,2.452116e-03,4.250208e-02,1.471428e-01,6.164314e-04,1.704812e-03,1.799976e-03
5.187754e-02,4.190589e-02,7.941171e-02,7.659248e-02,4.116186e-01,5.198962e-02,5.887726e-03,9.096371e-02,1.417611e-02,6.703741e-03,5.596171e-02,1.065689e-01,8.403170e-04,2.605004e-03,2.896857e-03
7.673220e-02,3.378706e-02,6.512958e-02,9.869003e-02,3.706339e-01,5.195468e-02,4.784263e-03,9.127003e-02,3.240725e-02,1.283609e-02,7.199234e-02,7.688421e-02,1.308328e-03,7.835872e-03,3.754128e-03
1.183829e-01,3.076292e-02,6.095196e-02,9.633343e-02,3.201278e-01,4.754446e-02,3.850848e-03,8.285415e-02,4.140930e-02,1.910853e-02,8.868413e-02,5.569642e-02,1.561330e-03,2.790188e-02,4.829917e-03
1.651937e-01,3.452710e-02,5.475339e-02,7.640263e-02,2.580392e-01,3.913670e-02,3.453083e-03,7.190743e-02,3.737431e-02,3.121946e-02,8.455238e-02,4.157597e-02,1.719236e-03,9.352861e-02,6.616776e-03
2.485631e-01,2.970645e-02,4.757722e-02,6.370260e-02,1.912587e-01,2.975899e-02,3.192248e-03,6.456295e-02,4.769222e-02,3.315241e-02,7.951700e-02,3.178257e-02,1.999173e-03,1.184977e-01,9.036694e-03
3.366336e-01,2.210940e-02,4.823589e-02,6.957306e-02,1.389092e-01,2.288499e-02,3.697095e-03,9.819022e-02,4.265821e-02,2.965285e-02,6.193065e-02,2.468688e-02,2.335219e-03,9.035676e-02,8.146013e-03
4.414705e-01,1.922469e-02,4.984391e-02,6.066167e-02,1.018369e-01,1.914149e-02,3.585787e-03,8.669931e-02,3.656223e-02,2.482463e-02,4.680196e-02,2.122645e-02,3.102724e-03,7.463741e-02,1.038032e-02
4.401836e-01,1.631895e-02,8.152398e-02,1.039567e-01,7.518999e-02,1.681003e-02,3.399971e-03,8.732467e-02,2.992360e-02,2.224619e-02,3.432721e-02,1.686114e-02,3.493789e-03,5.801240e-02,1.042775e-02
1.000000e+00,0.000000e+00,0.000000e+00,0.000000e+00,0.000000e+00,0.000000e+00,0.000000e+00,0.000000e+00,0.000000e+00,0.000000e+00,0.000000e+00,0.000000e+00,0.000000e+00,0.000000e+00,0.000000e+00
1.000000e+00,0.000000e+00,0.000000e+00,0.000000e+00,0.000000e+00,0.000000e+00,0.000000e+00,0.000000e+00,0.000000e+00,0.000000e+00,0.000000e+00,0.000000e+00,0.000000e+00,0.000000e+00,0.000000e+00
4.477917e-01,1.011570e-02,7.390789e-02,4.672576e-02,2.790526e-02,2.145747e-02,1.610787e-03,3.520852e-02,1.764797e-02,2.644730e-02,1.858868e-01,2.917169e-02,8.086780e-03,5.511605e-02,1.292034e-02
3.176274e-01,8.443985e-03,5.400866e-02,3.406421e-02,1.965889e-02,1.865037e-02,1.189587e-03,2.480977e-02,1.285384e-02,1.966304e-02,3.975432e-01,2.573714e-02,6.170887e-03,5.025164e-02,9.327404e-03
2.229236e-01,6.765837e-03,3.862753e-02,2.425808e-02,1.382937e-02,1.706951e-02,8.690111e-04,1.741648e-02,9.370666e-03,1.416002e-02,5.671127e-01,1.939131e-02,4.577967e-03,3.682728e-02,6.800678e-03
1.570871e-01,5.729578e-03,2.815365e-02,1.858730e-02,9.970156e-03,1.523697e-02,6.884435e-04,1.233884e-02,8.994304e-03,1.055649e-02,6.757904e-01,1.808658e-02,3.461927e-03,2.958133e-02,5.736962e-03
1.104358e-01,4.978166e-03,2.016035e-02,1.487731e-02,7.333025e-03,1.339035e-02,6.383667e-04,8.838039e-03,9.206882e-03,8.183531e-03,7.343168e-01,2.297188e-02,2.810939e-03,3.683576e-02,5.022771e-03
7.813185e-02,5.491372e-03,1.485206e-02,1.275986e-02,6.531407e-03,1.131818e-02,6.959959e-04,6.749118e-03,2.118837e-02,7.615741e-03,7.524076e-01,2.525134e-02,2.653681e-03,4.949960e-02,4.853852e-03
5.509496e-02,5.171502e-03,1.096745e-02,1.131196e-02,6.362454e-03,8.566443e-03,5.757459e-04,4.874482e-03,3.331637e-02,7.479949e-03,7.762803e-01,2.366527e-02,2.847542e-03,4.781529e-02,5.670241e-03
3.897497e-02,5.189329e-03,8.221780e-03,9.205762e-03,6.003363e-03,6.929052e-03,6.114191e-04,4.001385e-03,5.026868e-02,7.278150e-03,7.827611e-01,2.680999e-02,2.743778e-03,4.593454e-02,5.066715e-03
2.762513e-02,5.830953e-03,6.277261e-03,6.799617e-03,5.090522e-03,5.360214e-03,4.694951e-04,2.990442e-03,5.311975e-02,6.370145e-03,7.950460e-01,3.566953e-02,2.277219e-03,4.210553e-02,4.968232e-03
1.989866e-02,1.180004e-02,6.149926e-03,5.446658e-03,4.938196e-03,7.546040e-03,4.459990e-04,2.400404e-03,6.681786e-02,8.107064e-03,7.637588e-01,3.669239e-02,2.292200e-03,5.656390e-02,7.141848e-03
1.476694e-02,9.856516e-03,4.797667e-03,3.874709e-03,3.679275e-03,5.707021e-03,3.481016e-04,1.830378e-03,5.059983e-02,6.948148e-03,8.038707e-01,3.645397e-02,1.902158e-03,4.995959e-02,5.405044e-03
1.067237e-02,8.339335e-03,3.472967e-03,2.728622e-03,2.742391e-03,4.550725e-03,2.862674e-04,1.361321e-03,3.949932e-02,6.143009e-03,8.406554e-01,3.152354e-02,1.764090e-03,4.225179e-02,4.008869e-03
8.060605e-03,9.639987e-03,4.646127e-03,2.054853e-03,2.678636e-03,4.013994e-03,8.949144e-04,4.070618e-03,4.377471e-02,9.446064e-03,8.227364e-01,3.498679e-02,1.887511e-03,4.791844e-02,3.190387e-03
7.700904e-03,1.265652e-02,3.850609e-03,1.823021e-03,2.961634e-03,3.484282e-03,1.502263e-03,3.654851e-03,4.028739e-02,1.229013e-02,8.267797e-01,2.943775e-02,1.890167e-03,4.674946e-02,4.931322e-03
6.870505e-03,1.716502e-02,1.575366e-01,8.158488e-03,7.847558e-03,3.059320e-03,2.498324e-03,3.657142e-02,5.063369e-02,1.578519e-02,6.184815e-01,2.249201e-02,1.692978e-03,4.722975e-02,3.977636e-03
1.318996e-02,6.996539e-02,1.930127e-01,1.729197e-02,1.365988e-02,6.459882e-03,1.973984e-03,3.170785e-02,1.125983e-01,2.041825e-02,4.541802e-01,1.648948e-02,1.543527e-03,4.296543e-02,4.543154e-03
2.914848e-02,1.097616e-01,1.782829e-01,1.604737e-02,4.898565e-02,1.755316e-02,2.496464e-03,2.599299e-02,1.526324e-01,2.117356e-02,3.340444e-01,1.245198e-02,1.455757e-03,4.493493e-02,5.038383e-03
5.216976e-02,1.306033e-01,1.780148e-01,1.544459e-02,9.006524e-02,1.670275e-02,2.936203e-03,3.808524e-02,1.532936e-01,1.750143e-02,2.501106e-01,1.007654e-02,1.969324e-03,3.715405e-02,5.872480e-03
4.938827e-02,1.038297e-01,1.594001e-01,8.270967e-02,1.341779e-01,1.479812e-02,2.383010e-03,8.229768e-02,1.374470e-01,1.266512e-02,1.788418e-01,7.922942e-03,1.912146e-03,2.736352e-02,4.863040e-03
5.124741e-02,1.141404e-01,1.727875e-01,8.097190e-02,1.544583e-01,2.045862e-02,2.233733e-03,8.324300e-02,1.425389e-01,9.730812e-03,1.287683e-01,7.124602e-03,2.125482e-03,2.406735e-02,6.103635e-03
8.591057e-02,9.548035e-02,2.215227e-01,7.225706e-02,1.471075e-01,2.581991e-02,1.790666e-03,7.046964e-02,1.239920e-01,7.837893e-03,9.664693e-02,6.844421e-03,2.663364e-03,3.191814e-02,9.738795e-03
1.207798e-01,8.458662e-02,2.425663e-01,7.529309e-02,1.426580e-01,3.586223e-02,2.343237e-03,5.621253e-02,9.480187e-02,8.429203e-03,8.229246e-02,9.194592e-03,6.913665e-03,2.881441e-02,9.252048e-03
1.548626e-01,7.683802e-02,2.272744e-01,8.522718e-02,1.396970e-01,4.632523e-02,2.297286e-03,4.427392e-02,8.114608e-02,7.312474e-03,7.124715e-02,1.086656e-02,1.359957e-02,3.034559e-02,8.687015e-03
1.812054e-01,6.848906e-02,1.664811e-01,7.976658e-02,1.843262e-01,5.299044e-02,7.009862e-03,3.902452e-02,8.607667e-02,6.539403e-03,6.125049e-02,1.638996e-02,1.594624e-02,2.529414e-02,9.209961e-03
2.433532e-01,5.523124e-02,1.201685e-01,9.021852e-02,1.744537e-01,4.910586e-02,5.876709e-03,3.187067e-02,8.074756e-02,7.223922e-03,5.302559e-02,3.601736e-02,1.571599e-02,2.237218e-02,1.461890e-02
1.716832e-01,4.278914e-02,8.478666e-02,2.764586e-01,1.275724e-01,3.524554e-02,4.161688e-03,2.246094e-02,6.161898e-02,5.622830e-03,5.197703e-02,7.776470e-02,1.142841e-02,1.578501e-02,1.064475e-02
1.217957e-01,3.066664e-02,5.957151e-02,2.453565e-01,9.084381e-02,2.585194e-02,2.946395e-03,1.592195e-02,4.364786e-02,4.128329e-03,8.759479e-02,2.443780e-01,8.580443e-03,1.108812e-02,7.628077e-03
8.558951e-02,2.170866e-02,4.178096e-02,1.887236e-01,6.562147e-02,1.908604e-02,2.080312e-03,1.126970e-02,3.086700e-02,3.002406e-03,8.725498e-02,4.233782e-01,6.447345e-03,7.779827e-03,5.409988e-03
6.100920e-02,1.523443e-02,2.926482e-02,1.326859e-01,5.058755e-02,1.517916e-02,1.471630e-03,7.923872e-03,2.378130e-02,2.522908e-03,7.499909e-02,5.709338e-01,5.043047e-03,5.510914e-03,3.852400e-03
4.409345e-02,1.072105e-02,2.050417e-02,9.333744e-02,4.608587e-02,1.167219e-02,1.036732e-03,5.567144e-03,1.909558e-02,2.519741e-03,6.987229e-02,6.648721e-01,3.888851e-03,3.946321e-03,2.787104e-03
3.368937e-02,7.714172e-03,1.436972e-02,6.571469e-02,4.600284e-02,9.076632e-03,7.326826e-04,3.926351e-03,1.496252e-02,1.945589e-03,6.750508e-02,7.265421e-01,2.936908e-03,2.841333e-03,2.040002e-03
2.454427e-02,5.466772e-03,1.011670e-02,4.715572e-02,1.139468e-01,7.073403e-03,5.551415e-04,2.925119e-03,1.148855e-02,1.829631e-03,6.766474e-02,7.013938e-01,2.288317e-03,2.071572e-03,1.479414e-03
1.763860e-02,3.954458e-03,7.115237e-03,3.325814e-02,1.858148e-01,5.082126e-03,3.983511e-04,2.095030e-03,1.039246e-02,1.396012e-03,6.521906e-02,6.632874e-01,1.766711e-03,1.507461e-03,1.074171e-03
1.336199e-02,3.100537e-03,5.260286e-03,2.342378e-02,2.729296e-01,4.019638e-03,3.954509e-04,5.363326e-03,1.174010e-02,1.070063e-03,5.017155e-02,6.059370e-01,1.363075e-03,1.095904e-03,7.677217e-04
1.424076e-02,3.876878e-03,4.528211e-03,1.707691e-02,2.850909e-01,4.234470e-03,7.881012e-04,1.545639e-02,1.439485e-02,1.031953e-03,4.053247e-02,5.960006e-01,1.225012e-03,9.323136e-04,5.903278e-04
3.199192e-02,3.161043e-03,4.336592e-03,1.342561e-02,2.238915e-01,7.686769e-03,1.034588e-03,1.397039e-02,1.447362e-02,1.864278e-03,5.465441e-02,6.262431e-01,1.279008e-03,1.450653e-03,5.365789e-04
2.708224e-02,2.646358e-03,3.781327e-03,1.033646e-02,1.829132e-01,1.055224e-02,1.771512e-03,1.450426e-02,1.388585e-02,5.282035e-03,5.064377e-02,6.723064e-01,2.395672e-03,1.318661e-03,5.800890e-04
2.673145e-02,2.212741e-03,3.269639e-03,8.676377e-03,1.335781e-01,1.308955e-02,1.495416e-03,1.190324e-02,1.476352e-02,4.025523e-02,6.419805e-02,6.668677e-01,1.069172e-02,1.392271e-03,8.750072e-04
6.216955e-02,3.010595e-03,3.463081e-03,7.636847e-03,1.033606e-01,1.840007e-02,2.103593e-03,1.622615e-02,3.330349e-02,3.879078e-02,7.558807e-02,6.158624e-01,1.650331e-02,2.013098e-03,1.568362e-03
7.148768e-02,4.730497e-03,3.740900e-03,6.763714e-03,7.791859e-02,2.114377e-02,2.992704e-03,1.865342e-02,4.255813e-02,3.733055e-02,8.267345e-02,6.045285e-01,1.978145e-02,2.745417e-03,2.951176e-03
1.342865e-01,5.284897e-03,3.192691e-03,8.827431e-03,5.964738e-02,2.491751e-02,3.401393e-03,1.548117e-02,4.661552e-02,4.069626e-02,7.289913e-02,5.529242e-01,2.163650e-02,3.567409e-03,6.622065e-03
1.527578e-01,9.275816e-03,4.406078e-03,1.131227e-02,6.566703e-02,2.659085e-02,4.782565e-03,1.326161e-02,5.370847e-02,3.884882e-02,7.880774e-02,5.047103e-01,2.111679e-02,4.297215e-03,1.045672e-02
1.289474e-01,8.536456e-03,4.642650e-03,1.000708e-02,1.317596e-01,2.198510e-02,7.302190e-03,1.440309e-02,5.155668e-02,3.164759e-02,6.690654e-02,4.872110e-01,2.214569e-02,4.387449e-03,8.561455e-03
1.575888e-01,9.863228e-03,4.890993e-03,1.083325e-02,1.682080e-01,2.012993e-02,1.089333e-02,1.453212e-02,9.677187e-02,2.321174e-02,5.461821e-02,3.975533e-01,1.858973e-02,4.096488e-03,8.219063e-03
2.216064e-01,9.274226e-03,5.907510e-03,1.449399e-02,1.643284e-01,2.216726e-02,1.035852e-02,2.336217e-02,8.929810e-02,1.838513e-02,4.672552e-02,3.446011e-01,1.715345e-02,3.775467e-03,8.562773e-03
2.862597e-01,1.096290e-02,6.954554e-03,1.531559e-02,1.336012e-01,3.292315e-02,1.236941e-02,4.297400e-02,7.565379e-02,1.403597e-02,4.111006e-02,2.962766e-01,1.832946e-02,3.387146e-03,9.846466e-03
2.980793e-01,1.147776e-02,9.437418e-03,1.517801e-02,1.424866e-01,3.075383e-02,1.118824e-02,6.365793e-02,1.028527e-01,1.091695e-02,4.543592e-02,2.279578e-01,1.789460e-02,3.074068e-03,9.608852e-03
2.560187e-01,1.161146e-02,1.129234e-02,1.624139e-02,1.800966e-01,2.549397e-02,1.009876e-02,7.652716e-02,1.529317e-01,8.280257e-03,4.649527e-02,1.767520e-01,1.615099e-02,2.837535e-03,9.171816e-03
2.408941e-01,1.266416e-02,1.034852e-02,1.348379e-02,1.829407e-01,2.333604e-02,8.772952e-03,8.707550e-02,2.049222e-01,9.789927e-03,5.327007e-02,1.291271e-01,1.258654e-02,3.136761e-03,7.651703e-03
2.380598e-01,1.137392e-02,7.977045e-03,1.481428e-02,1.913093e-01,1.969288e-02,9.901727e-03,9.641873e-02,2.384740e-01,8.988909e-03,4.335020e-02,9.942705e-02,1.014384e-02,2.680338e-03,7.387953e-03
1.923011e-01,1.246443e-02,5.908234e-03,1.847556e-02,2.153226e-01,1.587427e-02,8.822845e-03,8.379628e-02,3.229857e-01,6.612481e-03,3.059388e-02,7.086294e-02,8.050242e-03,1.941811e-03,5.987633e-03
1.482220e-01,9.531040e-03,4.264009e-03,1.618993e-02,2.751153e-01,1.237199e-02,7.142274e-03,9.228497e-02,3.473586e-01,4.695729e-03,2.149738e-02,4.979001e-02,5.771399e-03,1.397958e-03,4.367390e-03
1.373237e-01,9.259460e-03,3.313294e-03,2.480848e-02,2.645322e-01,2.212245e-02,6.184137e-03,8.784809e-02,3.786049e-01,3.522952e-03,1.528754e-02,3.596206e-02,6.335436e-03,1.032592e-03,3.862689e-03
1.290080e-01,7.504950e-03,2.445483e-03,1.975290e-02,2.372772e-01,2.975444e-02,1.072162e-02,7.159900e-02,4.359077e-01,2.523105e-03,1.107458e-02,2.579144e-02,1.268162e-02,7.520611e-04,3.206007e-03
1.149945e-01,6.856816e-03,1.876146e-03,2.004580e-02,2.091441e-01,6.702147e-02,9.400420e-03,5.394340e-02,4.006827e-01,1.810451e-03,8.252422e-03,1.840444e-02,8.377004e-02,5.507414e-04,3.246652e-03
9.557519e-02,6.371451e-03,1.380810e-03,1.663751e-02,1.622687e-01,9.158163e-02,6.945548e-03,3.841927e-02,3.193829e-01,1.301627e-03,5.893090e-03,1.306106e-02,2.376472e-01,3.948307e-04,3.139253e-03
1.005215e-01,7.217861e-03,1.281797e-03,1.643527e-02,1.352178e-01,9.615064e-02,5.323986e-03,2.786363e-02,2.496505e-01,1.087491e-03,4.648587e-03,9.992034e-03,3.403201e-01,3.277242e-04,3.961137e-03
1.014386e-01,6.504417e-03,1.133729e-03,1.342856e-02,1.108854e-01,9.343088e-02,4.226935e-03,2.047651e-02,1.880790e-01,8.378010e-04,3.671434e-03,7.977393e-03,4.439198e-01,2.873528e-04,3.702293e-03
7.761402e-02,5.390519e-03,8.406298e-04,9.825205e-03,7.836765e-02,7.446382e-02,3.012553e-03,1.442278e-02,1.330000e-01,6.086989e-04,2.646048e-03,6.356751e-03,5.903237e-01,2.324203e-04,2.895171e-03
6.090776e-02,4.473795e-03,6.478510e-04,7.255394e-03,5.534019e-02,5.807378e-02,2.150996e-03,1.021257e-02,9.401891e-02,4.462955e-04,1.927161e-03,5.527745e-03,6.965505e-01,1.913259e-04,2.275662e-03
4.466053e-02,3.395667e-03,7.349811e-04,5.303779e-03,3.951206e-02,4.184999e-02,1.591425e-03,7.347540e-03,6.671261e-02,3.338490e-04,1.493747e-03,5.064704e-03,7.798784e-01,1.965584e-04,1.924142e-03
3.307790e-02,2.584926e-03,1.314931e-03,3.855164e-03,2.839584e-02,3.087279e-02,1.179124e-03,5.279841e-03,4.702909e-02,2.497708e-04,1.321446e-03,4.050955e-03,8.387743e-01,3.145641e-04,1.699279e-03
2.619293e-02,1.973359e-03,2.076461e-03,2.785662e-03,2.294889e-02,2.584567e-02,1.052866e-03,4.047564e-03,3.325329e-02,1.927051e-04,1.135498e-03,3.536553e-03,8.729469e-01,3.560964e-04,1.655508e-03
2.020473e-02,1.603701e-03,2.514256e-03,1.998689e-03,1.771790e-02,2.316017e-02,8.047596e-04,2.998887e-03,2.358801e-02,1.669804e-04,1.295616e-03,4.701131e-03,8.971825e-01,5.120685e-04,1.550457e-03
1.752895e-02,1.203763e-03,2.605093e-03,1.450240e-03,1.321666e-02,2.202727e-02,6.780668e-04,2.415605e-03,1.691556e-02,1.928078e-04,2.156701e-03,1.222156e-02,9.055393e-01,6.107956e-04,1.237532e-03
2.189787e-02,8.890464e-04,2.040313e-03,1.140349e-03,9.918856e-03,2.357124e-02,5.837926e-04,1.912426e-03,1.208147e-02,4.432823e-04,1.059443e-02,9.012432e-02,8.232197e-01,5.351948e-04,1.047594e-03
4.263189e-02,1.016624e-03,3.206047e-03,1.191373e-03,9.822537e-03,2.278822e-02,8.919580e-04,1.994803e-03,1.066467e-02,1.034309e-03,4.472319e-02,1.677087e-01,6.898744e-01,8.095633e-04,1.641568e-03
4.128490e-02,9.619700e-04,5.633043e-03,1.070719e-03,3.009771e-02,4.198910e-02,1.685734e-03,2.604778e-03,1.253216e-02,1.863970e-03,9.255023e-02,2.016305e-01,5.629408e-01,8.279148e-04,2.326361e-03
4.199944e-02,3.658666e-03,2.075495e-02,2.886087e-03,4.768319e-02,7.746628e-02,2.395918e-03,3.594015e-03,1.954131e-02,3.415069e-03,9.190159e-02,1.724980e-01,4.971075e-01,1.277334e-03,1.382059e-02
3.677958e-02,5.001029e-03,5.282613e-02,1.073878e-02,1.205026e-01,7.706702e-02,6.423324e-03,1.820851e-02,3.209642e-02,3.932456e-03,8.363916e-02,1.330255e-01,4.041309e-01,1.227231e-03,1.440135e-02
3.025185e-02,7.463150e-03,1.566161e-01,5.619962e-02,1.378657e-01,8.523262e-02,5.734839e-03,2.604298e-02,3.184735e-02,3.594746e-03,6.383839e-02,9.451984e-02,2.873861e-01,9.468377e-04,1.245981e-02
3.890308e-02,1.176455e-02,1.290008e-01,4.683275e-02,1.470030e-01,1.267331e-01,8.649731e-03,2.511720e-02,1.053409e-01,3.286158e-03,5.126759e-02,6.760402e-02,2.254731e-01,7.852921e-04,1.223863e-02
4.442472e-02,1.834537e-02,1.039481e-01,7.083634e-02,1.499284e-01,1.325770e-01,1.303745e-02,2.776296e-02,1.680729e-01,3.411022e-03,4.073010e-02,4.879655e-02,1.671342e-01,6.219529e-04,1.037288e-02
6.577510e-02,2.108025e-02,8.333355e-02,5.681892e-02,1.313925e-01,1.413616e-01,3.545647e-02,4.225056e-02,1.640476e-01,4.998968e-03,3.107910e-02,3.567449e-02,1.711216e-01,5.618875e-04,1.504736e-02
1.269161e-01,2.016877e-02,6.682086e-02,5.162385e-02,1.130143e-01,1.460622e-01,3.888189e-02,3.588207e-02,1.470809e-01,3.886838e-03,2.344900e-02,2.858663e-02,1.807242e-01,7.663809e-04,1.613592e-02
