1.000000e+00,0.000000e+00,0.000000e+00,0.000000e+00,0.000000e+00,0.000000e+00,0.000000e+00,0.000000e+00,0.000000e+00,0.000000e+00,0.000000e+00,0.000000e+00,0.000000e+00,0.000000e+00,0.000000e+00
1.000000e+00,0.000000e+00,0.000000e+00,0.000000e+00,0.000000e+00,0.000000e+00,0.000000e+00,0.000000e+00,0.000000e+00,0.000000e+00,0.000000e+00,0.000000e+00,0.000000e+00,0.000000e+00,0.000000e+00
1.000000e+00,0.000000e+00,0.000000e+00,0.000000e+00,0.000000e+00,0.000000e+00,0.000000e+00,0.000000e+00,0.000000e+00,0.000000e+00,0.000000e+00,0.000000e+00,0.000000e+00,0.000000e+00,0.000000e+00
1.000000e+00,0.000000e+00,0.000000e+00,0.000000e+00,0.000000e+00,0.000000e+00,0.000000e+00,0.000000e+00,0.000000e+00,0.000000e+00,0.000000e+00,0.000000e+00,0.000000e+00,0.000000e+00,0.000000e+00
1.000000e+00,0.000000e+00,0.000000e+00,0.000000e+00,0.000000e+00,0.000000e+00,0.000000e+00,0.000000e+00,0.000000e+00,0.000000e+00,0.000000e+00,0.000000e+00,0.000000e+00,0.000000e+00,0.000000e+00
1.000000e+00,0.000000e+00,0.000000e+00,0.000000e+00,0.000000e+00,0.000000e+00,0.000000e+00,0.000000e+00,0.000000e+00,0.000000e+00,0.000000e+00,0.000000e+00,0.000000e+00,0.000000e+00,0.000000e+00
1.000000e+00,0.000000e+00,0.000000e+00,0.000000e+00,0.000000e+00,0.000000e+00,0.000000e+00,0.000000e+00,0.000000e+00,0.000000e+00,0.000000e+00,0.000000e+00,0.000000e+00,0.000000e+00,0.000000e+00
1.000000e+00,0.000000e+00,0.000000e+00,0.000000e+00,0.000000e+00,0.000000e+00,0.000000e+00,0.000000e+00,0.000000e+00,0.000000e+00,0.000000e+00,0.000000e+00,0.000000e+00,0.000000e+00,0.000000e+00
1.000000e+00,0.000000e+00,0.000000e+00,0.000000e+00,0.000000e+00,0.000000e+00,0.000000e+00,0.000000e+00,0.000000e+00,0.000000e+00,0.000000e+00,0.000000e+00,0.000000e+00,0.000000e+00,0.000000e+00
1.000000e+00,0.000000e+00,0.000000e+00,0.000000e+00,0.000000e+00,0.000000e+00,0.000000e+00,0.000000e+00,0.000000e+00,0.000000e+00,0.000000e+00,0.000000e+00,0.000000e+00,0.000000e+00,0.000000e+00
1.000000e+00,0.000000e+00,0.000000e+00,0.000000e+00,0.000000e+00,0.000000e+00,0.000000e+00,0.000000e+00,0.000000e+00,0.000000e+00,0.000000e+00,0.000000e+00,0.000000e+00,0.000000e+00,0.000000e+00
1.000000e+00,0.000000e+00,0.000000e+00,0.000000e+00,0.000000e+00,0.000000e+00,0.000000e+00,0.000000e+00,0.000000e+00,0.000000e+00,0.000000e+00,0.000000e+00,0.000000e+00,0.000000e+00,0.000000e+00
1.000000e+00,0.000000e+00,0.000000e+00,0.000000e+00,0.000000e+00,0.000000e+00,0.000000e+00,0.000000e+00,0.000000e+00,0.000000e+00,0.000000e+00,0.000000e+00,0.000000e+00,0.000000e+00,0.000000e+00
1.000000e+00,0.000000e+00,0.000000e+00,0.000000e+00,0.000000e+00,0.000000e+00,0.000000e+00,0.000000e+00,0.000000e+00,0.000000e+00,0.000000e+00,0.000000e+00,0.000000e+00,0.000000e+00,0.000000e+00
1.000000e+00,0.000000e+00,0.000000e+00,0.000000e+00,0.000000e+00,0.000000e+00,0.000000e+00,0.000000e+00,0.000000e+00,0.000000e+00,0.000000e+00,0.000000e+00,0.000000e+00,0.000000e+00,0.000000e+00
1.000000e+00,0.000000e+00,0.000000e+00,0.000000e+00,0.000000e+00,0.000000e+00,0.000000e+00,0.000000e+00,0.000000e+00,0.000000e+00,0.000000e+00,0.000000e+00,0.000000e+00,0.000000e+00,0.000000e+00
1.000000e+00,0.000000e+00,0.000000e+00,0.000000e+00,0.000000e+00,0.000000e+00,0.000000e+00,0.000000e+00,0.000000e+00,0.000000e+00,0.000000e+00,0.000000e+00,0.000000e+00,0.000000e+00,0.000000e+00
1.000000e+00,0.000000e+00,0.000000e+00,0.000000e+00,0.000000e+00,0.000000e+00,0.000000e+00,0.000000e+00,0.000000e+00,0.000000e+00,0.000000e+00,0.000000e+00,0.000000e+00,0.000000e+00,0.000000e+00
1.000000e+00,0.000000e+00,0.000000e+00,0.000000e+00,0.000000e+00,0.000000e+00,0.000000e+00,0.000000e+00,0.000000e+00,0.000000e+00,0.000000e+00,0.000000e+00,0.000000e+00,0.000000e+00,0.000000e+00
1.000000e+00,0.000000e+00,0.000000e+00,0.000000e+00,0.000000e+00,0.000000e+00,0.000000e+00,0.000000e+00,0.000000e+00,0.000000e+00,0.000000e+00,0.000000e+00,0.000000e+00,0.000000e+00,0.000000e+00
1.000000e+00,0.000000e+00,0.000000e+00,0.000000e+00,0.000000e+00,0.000000e+00,0.000000e+00,0.000000e+00,0.000000e+00,0.000000e+00,0.000000e+00,0.000000e+00,0.000000e+00,0.000000e+00,0.000000e+00
1.000000e+00,0.000000e+00,0.000000e+00,0.000000e+00,0.000000e+00,0.000000e+00,0.000000e+00,0.000000e+00,0.000000e+00,0.000000e+00,0.000000e+00,0.000000e+00,0.000000e+00,0.000000e+00,0.000000e+00
1.000000e+00,0.000000e+00,0.000000e+00,0.000000e+00,0.000000e+00,0.000000e+00,0.000000e+00,0.000000e+00,0.000000e+00,0.000000e+00,0.000000e+00,0.000000e+00,0.000000e+00,0.000000e+00,0.000000e+00
1.000000e+00,0.000000e+00,0.000000e+00,0.000000e+00,0.000000e+00,0.000000e+00,0.000000e+00,0.000000e+00,0.000000e+00,0.000000e+00,0.000000e+00,0.000000e+00,0.000000e+00,0.000000e+00,0.000000e+00
1.000000e+00,0.000000e+00,0.000000e+00,0.000000e+00,0.000000e+00,0.000000e+00,0.000000e+00,0.000000e+00,0.000000e+00,0.000000e+00,0.000000e+00,0.000000e+00,0.000000e+00,0.000000e+00,0.000000e+00
1.000000e+00,0.000000e+00,0.000000e+00,0.000000e+00,0.000000e+00,0.000000e+00,0.000000e+00,0.000000e+00,0.000000e+00,0.000000e+00,0.000000e+00,0.000000e+00,0.000000e+00,0.000000e+00,0.000000e+00
1.000000e+00,0.000000e+00,0.000000e+00,0.000000e+00,0.000000e+00,0.000000e+00,0.000000e+00,0.000000e+00,0.000000e+00,0.000000e+00,0.000000e+00,0.000000e+00,0.000000e+00,0.000000e+00,0.000000e+00
1.000000e+00,0.000000e+00,0.000000e+00,0.000000e+00,0.000000e+00,0.000000e+00,0.000000e+00,0.000000e+00,0.000000e+00,0.000000e+00,0.000000e+00,0.000000e+00,0.000000e+00,0.000000e+00,0.000000e+00
1.000000e+00,0.000000e+00,0.000000e+00,0.000000e+00,0.000000e+00,0.000000e+00,0.000000e+00,0.000000e+00,0.000000e+00,0.000000e+00,0.000000e+00,0.000000e+00,0.000000e+00,0.000000e+00,0.000000e+00
1.000000e+00,0.000000e+00,0.000000e+00,0.000000e+00,0.000000e+00,0.000000e+00,0.000000e+00,0.000000e+00,0.000000e+00,0.000000e+00,0.000000e+00,0.000000e+00,0.000000e+00,0.000000e+00,0.000000e+00
1.000000e+00,0.000000e+00,0.000000e+00,0.000000e+00,0.000000e+00,0.000000e+00,0.000000e+00,0.000000e+00,0.000000e+00,0.000000e+00,0.000000e+00,0.000000e+00,0.000000e+00,0.000000e+00,0.000000e+00
1.000000e+00,0.000000e+00,0.000000e+00,0.000000e+00,0.000000e+00,0.000000e+00,0.000000e+00,0.000000e+00,0.000000e+00,0.000000e+00,0.000000e+00,0.000000e+00,0.000000e+00,0.000000e+00,0.000000e+00
4.189886e-01,5.845045e-02,1.217673e-01,2.229211e-01,9.436217e-03,1.289037e-02,3.520953e-03,1.320209e-02,1.521544e-02,4.052159e-03,1.850383e-02,1.993311e-02,1.891760e-02,4.443594e-03,5.775737e-02
4.460594e-01,5.054126e-02,1.280925e-01,1.973851e-01,8.655639e-03,1.286101e-02,3.050369e-03,1.184804e-02,1.450922e-02,4.615499e-03,1.887553e-02,1.911271e-02,1.848381e-02,4.972344e-03,6.093761e-02
1.000000e+00,0.000000e+00,0.000000e+00,0.000000e+00,0.000000e+00,0.000000e+00,0.000000e+00,0.000000e+00,0.000000e+00,0.000000e+00,0.000000e+00,0.000000e+00,0.000000e+00,0.000000e+00,0.000000e+00
1.000000e+00,0.000000e+00,0.000000e+00,0.000000e+00,0.000000e+00,0.000000e+00,0.000000e+00,0.000000e+00,0.000000e+00,0.000000e+00,0.000000e+00,0.000000e+00,0.000000e+00,0.000000e+00,0.000000e+00
1.000000e+00,0.000000e+00,0.000000e+00,0.000000e+00,0.000000e+00,0.000000e+00,0.000000e+00,0.000000e+00,0.000000e+00,0.000000e+00,0.000000e+00,0.000000e+00,0.000000e+00,0.000000e+00,0.000000e+00
1.000000e+00,0.000000e+00,0.000000e+00,0.000000e+00,0.000000e+00,0.000000e+00,0.000000e+00,0.000000e+00,0.000000e+00,0.000000e+00,0.000000e+00,0.000000e+00,0.000000e+00,0.000000e+00,0.000000e+00
1.000000e+00,0.000000e+00,0.000000e+00,0.000000e+00,0.000000e+00,0.000000e+00,0.000000e+00,0.000000e+00,0.000000e+00,0.000000e+00,0.000000e+00,0.000000e+00,0.000000e+00,0.000000e+00,0.000000e+00
1.000000e+00,0.000000e+00,0.000000e+00,0.000000e+00,0.000000e+00,0.000000e+00,0.000000e+00,0.000000e+00,0.000000e+00,0.000000e+00,0.000000e+00,0.000000e+00,0.000000e+00,0.000000e+00,0.000000e+00
1.000000e+00,0.000000e+00,0.000000e+00,0.000000e+00,0.000000e+00,0.000000e+00,0.000000e+00,0.000000e+00,0.000000e+00,0.000000e+00,0.000000e+00,0.000000e+00,0.000000e+00,0.000000e+00,0.000000e+00
1.000000e+00,0.000000e+00,0.000000e+00,0.000000e+00,0.000000e+00,0.000000e+00,0.000000e+00,0.000000e+00,0.000000e+00,0.000000e+00,0.000000e+00,0.000000e+00,0.000000e+00,0.000000e+00,0.000000e+00
1.000000e+00,0.000000e+00,0.000000e+00,0.000000e+00,0.000000e+00,0.000000e+00,0.000000e+00,0.000000e+00,0.000000e+00,0.000000e+00,0.000000e+00,0.000000e+00,0.000000e+00,0.000000e+00,0.000000e+00
1.000000e+00,0.000000e+00,0.000000e+00,0.000000e+00,0.000000e+00,0.000000e+00,0.000000e+00,0.000000e+00,0.000000e+00,0.000000e+00,0.000000e+00,0.000000e+00,0.000000e+00,0.000000e+00,0.000000e+00
1.000000e+00,0.000000e+00,0.000000e+00,0.000000e+00,0.000000e+00,0.000000e+00,0.000000e+00,0.000000e+00,0.000000e+00,0.000000e+00,0.000000e+00,0.000000e+00,0.000000e+00,0.000000e+00,0.000000e+00
1.000000e+00,0.000000e+00,0.000000e+00,0.000000e+00,0.000000e+00,0.000000e+00,0.000000e+00,0.000000e+00,0.000000e+00,0.000000e+00,0.000000e+00,0.000000e+00,0.000000e+00,0.000000e+00,0.000000e+00
1.000000e+00,0.000000e+00,0.000000e+00,0.000000e+00,0.000000e+00,0.000000e+00,0.000000e+00,0.000000e+00,0.000000e+00,0.000000e+00,0.000000e+00,0.000000e+00,0.000000e+00,0.000000e+00,0.000000e+00
1.000000e+00,0.000000e+00,0.000000e+00,0.000000e+00,0.000000e+00,0.000000e+00,0.000000e+00,0.000000e+00,0.000000e+00,0.000000e+00,0.000000e+00,0.000000e+00,0.000000e+00,0.000000e+00,0.000000e+00
1.000000e+00,0.000000e+00,0.000000e+00,0.000000e+00,0.000000e+00,0.000000e+00,0.000000e+00,0.000000e+00,0.000000e+00,0.000000e+00,0.000000e+00,0.000000e+00,0.000000e+00,0.000000e+00,0.000000e+00
1.000000e+00,0.000000e+00,0.000000e+00,0.000000e+00,0.000000e+00,0.000000e+00,0.000000e+00,0.000000e+00,0.000000e+00,0.000000e+00,0.000000e+00,0.000000e+00,0.000000e+00,0.000000e+00,0.000000e+00
1.000000e+00,0.000000e+00,0.000000e+00,0.000000e+00,0.000000e+00,0.000000e+00,0.000000e+00,0.000000e+00,0.000000e+00,0.000000e+00,0.000000e+00,0.000000e+00,0.000000e+00,0.000000e+00,0.000000e+00
1.000000e+00,0.000000e+00,0.000000e+00,0.000000e+00,0.000000e+00,0.000000e+00,0.000000e+00,0.000000e+00,0.000000e+00,0.000000e+00,0.000000e+00,0.000000e+00,0.000000e+00,0.000000e+00,0.000000e+00
4.878931e-01,1.912049e-02,3.812006e-02,1.197642e-01,5.466256e-03,2.459606e-02,3.651505e-03,1.550329e-02,5.017334e-03,2.467418e-03,2.908784e-02,1.945641e-01,2.224910e-02,1.093542e-02,2.156378e-02
3.451278e-01,1.396355e-02,2.811608e-02,1.031463e-01,4.129956e-03,2.170273e-02,2.731504e-03,1.216497e-02,5.327629e-03,2.214190e-03,5.029511e-02,3.656037e-01,1.976245e-02,9.061558e-03,1.665257e-02
2.422084e-01,1.019458e-02,1.999719e-02,1.238583e-01,4.184156e-03,1.856338e-02,1.964722e-03,8.641962e-03,5.550995e-03,2.706970e-03,1.082270e-01,4.197752e-01,1.498656e-02,6.795133e-03,1.234547e-02
1.701321e-01,7.353622e-03,1.406841e-02,9.435146e-02,1.095292e-02,1.453491e-02,1.406907e-03,6.128154e-03,6.441808e-03,2.212747e-03,1.181457e-01,5.290409e-01,1.085901e-02,5.332601e-03,9.038664e-03
1.216769e-01,5.291693e-03,9.899382e-03,6.873290e-02,1.860072e-02,1.098255e-02,1.020076e-03,4.395088e-03,7.417893e-03,2.113970e-03,1.161736e-01,6.137764e-01,7.992314e-03,5.260661e-03,6.665742e-03
8.536971e-02,3.761959e-03,6.951401e-03,4.899506e-02,4.217912e-02,8.053146e-03,7.198822e-04,3.144727e-03,5.625564e-03,1.636562e-03,1.020422e-01,6.770543e-01,5.765245e-03,3.929994e-03,4.771062e-03
6.012535e-02,2.781422e-03,4.923271e-03,3.523955e-02,7.650422e-02,6.183594e-03,5.177045e-04,2.343189e-03,4.428026e-03,1.435546e-03,8.486763e-02,7.095930e-01,4.304526e-03,3.082627e-03,3.670273e-03
4.247399e-02,2.839755e-03,3.701361e-03,2.542191e-02,1.012084e-01,5.703865e-03,4.280988e-04,1.891403e-03,4.600863e-03,2.010940e-03,7.405803e-02,7.237285e-01,3.682532e-03,3.590680e-03,4.659529e-03
3.059166e-02,2.176098e-03,2.668340e-03,1.792057e-02,9.040362e-02,1.615684e-02,3.884613e-04,1.726879e-03,3.721870e-03,1.646259e-03,6.271631e-02,7.597979e-01,2.852349e-03,3.502218e-03,3.730521e-03
2.297413e-02,1.731588e-03,1.956658e-03,1.271053e-02,9.269944e-02,2.715749e-02,4.379136e-04,1.940903e-03,3.048541e-03,1.482618e-03,7.168408e-02,7.530444e-01,2.343092e-03,3.656366e-03,3.132209e-03
1.869228e-02,1.407028e-03,1.681003e-03,9.384548e-03,9.016636e-02,2.332001e-02,6.100555e-04,2.423407e-03,2.514575e-03,1.533902e-03,1.002046e-01,7.386617e-01,2.330242e-03,4.234574e-03,2.835567e-03
1.527867e-02,1.155317e-03,1.290328e-03,6.839475e-03,7.004344e-02,2.686330e-02,5.301810e-04,2.037966e-03,2.060593e-03,1.392362e-03,1.243262e-01,7.378960e-01,2.156789e-03,4.435444e-03,3.693859e-03
1.551660e-02,1.822629e-03,1.460068e-03,5.419858e-03,5.241723e-02,2.217281e-02,4.165956e-04,1.786293e-03,2.268716e-03,1.736079e-03,1.201388e-01,7.597101e-01,1.825386e-03,5.393923e-03,7.914938e-03
1.477718e-02,1.604707e-03,1.719093e-03,3.975697e-03,3.735002e-02,1.885234e-02,3.742158e-04,1.829643e-03,1.996200e-03,1.654769e-03,1.250132e-01,7.772579e-01,1.384416e-03,5.350806e-03,6.859812e-03
1.386068e-02,1.589107e-03,2.404884e-03,3.010983e-03,2.700419e-02,1.679242e-02,3.838754e-04,1.815464e-03,1.787591e-03,1.591110e-03,1.120122e-01,8.061018e-01,1.070163e-03,4.789340e-03,5.786185e-03
1.101794e-02,1.940006e-03,2.524695e-03,2.190794e-03,2.018356e-02,1.384689e-02,5.830299e-04,1.768558e-03,1.385554e-03,1.376322e-03,9.971593e-02,8.346073e-01,8.250347e-04,3.664186e-03,4.370187e-03
8.249518e-03,3.131705e-03,4.163867e-03,1.644040e-03,2.075068e-02,1.065708e-02,5.764702e-04,1.908215e-03,1.272644e-03,1.196788e-03,9.324773e-02,8.464073e-01,6.284579e-04,2.763087e-03,3.402445e-03
5.992193e-03,2.898668e-03,4.538473e-03,1.253279e-03,1.831357e-02,7.722551e-03,4.417052e-04,2.388895e-03,1.186361e-03,9.833290e-04,7.306910e-02,8.761639e-01,5.154200e-04,2.096965e-03,2.435580e-03
4.405819e-03,2.572425e-03,5.035536e-03,9.498281e-04,1.770248e-02,5.599412e-03,5.211489e-04,4.124821e-03,2.071179e-03,1.579088e-03,5.821119e-02,8.931051e-01,4.723348e-04,1.885198e-03,1.764444e-03
3.678154e-03,2.043455e-03,4.794217e-03,7.599825e-04,1.423825e-02,4.283910e-03,7.520586e-04,5.291073e-03,2.317923e-03,1.859158e-03,4.749979e-02,9.091251e-01,4.846918e-04,1.597852e-03,1.274395e-03
4.350509e-03,2.319084e-03,1.659469e-02,1.476700e-03,1.740279e-02,4.543112e-03,4.918696e-03,3.008549e-02,4.894958e-03,3.115382e-03,4.584488e-02,8.613644e-01,5.148723e-04,1.491223e-03,1.083174e-03
6.651642e-03,2.548396e-03,1.714198e-02,1.645767e-03,2.769267e-02,4.578658e-03,5.061778e-03,3.905179e-02,1.548552e-02,3.984150e-03,5.326904e-02,8.197456e-01,7.627145e-04,1.440408e-03,9.398514e-04
7.387040e-03,2.185848e-03,2.786779e-02,4.143148e-03,2.519773e-02,4.902000e-03,6.435391e-03,1.339978e-01,1.596190e-02,3.931321e-03,5.320910e-02,7.120157e-01,8.083953e-04,1.219025e-03,7.377642e-04
2.508193e-02,2.766821e-03,3.566658e-02,5.438583e-03,6.013095e-02,1.677984e-02,3.200754e-02,1.273757e-01,3.026161e-02,9.727994e-03,7.232736e-02,5.784665e-01,9.847647e-04,2.070081e-03,9.137117e-04
6.146964e-02,3.202600e-03,3.265326e-02,5.558703e-03,6.716944e-02,3.680589e-02,3.072672e-02,1.058235e-01,3.544008e-02,1.075035e-02,8.225712e-02,5.218595e-01,1.613321e-03,3.206336e-03,1.463494e-03
1.722048e-01,4.405402e-03,2.708875e-02,5.939355e-03,5.661350e-02,6.534666e-02,2.254852e-02,7.644223e-02,2.955410e-02,1.126106e-02,1.067346e-01,4.110536e-01,2.678530e-03,4.160540e-03,3.968341e-03
2.577878e-01,7.695556e-03,2.259476e-02,7.397423e-03,6.061535e-02,6.924815e-02,1.713178e-02,5.939506e-02,3.044707e-02,1.279671e-02,1.125780e-01,3.224729e-01,3.772203e-03,6.897560e-03,9.169629e-03
3.397545e-01,1.003771e-02,1.875150e-02,9.228567e-03,7.271053e-02,6.443579e-02,1.269448e-02,4.931965e-02,3.328358e-02,2.413185e-02,9.789065e-02,2.395644e-01,4.411428e-03,1.161970e-02,1.216562e-02
3.953660e-01,1.027785e-02,1.630215e-02,1.296890e-02,7.713190e-02,5.847954e-02,9.631822e-03,3.969191e-02,4.263409e-02,3.137847e-02,9.062788e-02,1.795793e-01,4.560911e-03,1.522615e-02,1.614304e-02
4.407725e-01,1.124312e-02,1.626888e-02,2.005930e-02,7.260260e-02,5.553402e-02,9.484825e-03,3.726324e-02,4.434401e-02,2.678019e-02,8.632889e-02,1.382252e-01,6.637418e-03,1.798365e-02,1.647212e-02
4.579564e-01,2.877289e-02,2.213876e-02,1.916732e-02,6.025367e-02,5.502263e-02,7.814290e-03,3.055979e-02,5.062624e-02,2.189635e-02,8.495064e-02,1.089241e-01,8.226396e-03,2.493947e-02,1.875095e-02
1.000000e+00,0.000000e+00,0.000000e+00,0.000000e+00,0.000000e+00,0.000000e+00,0.000000e+00,0.000000e+00,0.000000e+00,0.000000e+00,0.000000e+00,0.000000e+00,0.000000e+00,0.000000e+00,0.000000e+00
1.000000e+00,0.000000e+00,0.000000e+00,0.000000e+00,0.000000e+00,0.000000e+00,0.000000e+00,0.000000e+00,0.000000e+00,0.000000e+00,0.000000e+00,0.000000e+00,0.000000e+00,0.000000e+00,0.000000e+00
1.000000e+00,0.000000e+00,0.000000e+00,0.000000e+00,0.000000e+00,0.000000e+00,0.000000e+00,0.000000e+00,0.000000e+00,0.000000e+00,0.000000e+00,0.000000e+00,0.000000e+00,0.000000e+00,0.000000e+00
1.000000e+00,0.000000e+00,0.000000e+00,0.000000e+00,0.000000e+00,0.000000e+00,0.000000e+00,0.000000e+00,0.000000e+00,0.000000e+00,0.000000e+00,0.000000e+00,0.000000e+00,0.000000e+00,0.000000e+00
4.931490e-01,2.627574e-02,1.414880e-02,3.349379e-02,2.102730e-02,9.182553e-02,3.178069e-03,9.790231e-03,2.394830e-02,1.155000e-02,1.339517e-01,9.703453e-02,7.657255e-03,1.209388e-02,2.087591e-02
3.953492e-01,2.063841e-02,1.194178e-02,2.728713e-02,1.560897e-02,1.019660e-01,2.742283e-03,7.131237e-03,1.868584e-02,8.588269e-03,2.448014e-01,1.131219e-01,6.104501e-03,9.013343e-03,1.701971e-02
2.963406e-01,1.710413e-02,9.450869e-03,2.159442e-02,1.179587e-02,1.095750e-01,2.226847e-03,5.189711e-03,1.374580e-02,6.363914e-03,2.771081e-01,2.022163e-01,4.564489e-03,6.752355e-03,1.597172e-02
2.470528e-01,1.731186e-02,9.841336e-03,1.907616e-02,1.057125e-02,9.741603e-02,2.040377e-03,4.808024e-03,1.257196e-02,4.800231e-03,2.260182e-01,3.205995e-01,3.445773e-03,5.499249e-03,1.894721e-02
2.137858e-01,1.716217e-02,8.815983e-03,1.730955e-02,1.054546e-02,7.581037e-02,1.847622e-03,4.533899e-03,1.144378e-02,3.632201e-03,1.806777e-01,4.295928e-01,2.724549e-03,4.444091e-03,1.767407e-02
2.180886e-01,1.972509e-02,1.068261e-02,2.102571e-02,1.510556e-02,6.688331e-02,2.694771e-03,8.239733e-03,9.283889e-03,2.852803e-03,1.507918e-01,4.517544e-01,2.612085e-03,3.867126e-03,1.639245e-02
2.103396e-01,2.248030e-02,1.059612e-02,2.029700e-02,4.856480e-02,5.318198e-02,4.669368e-03,8.747956e-03,1.083677e-02,2.400857e-03,1.168604e-01,4.674667e-01,2.802427e-03,3.481664e-03,1.727402e-02
2.151312e-01,2.308052e-02,1.081813e-02,2.244636e-02,6.229055e-02,6.377209e-02,9.032073e-03,1.246264e-02,1.203972e-02,2.214169e-03,9.241565e-02,4.516469e-01,4.040634e-03,3.110483e-03,1.549882e-02
2.123532e-01,2.009090e-02,9.796804e-03,2.059964e-02,6.542528e-02,6.569188e-02,1.307049e-02,1.466674e-02,1.579918e-02,2.188202e-03,7.541239e-02,4.622456e-01,5.608765e-03,3.361135e-03,1.368971e-02
2.007312e-01,2.225280e-02,9.969035e-03,1.725543e-02,9.163719e-02,5.461923e-02,1.566157e-02,1.750248e-02,2.059170e-02,2.442646e-03,6.362295e-02,4.606603e-01,5.911286e-03,3.892581e-03,1.324957e-02
2.281077e-01,2.148420e-02,8.340049e-03,1.976476e-02,7.617188e-02,5.052486e-02,2.042175e-02,1.648627e-02,2.044825e-02,2.478248e-03,8.119020e-02,4.268400e-01,9.371020e-03,5.160627e-03,1.321017e-02
1.800792e-01,1.632308e-02,6.411639e-03,1.516782e-02,5.610570e-02,5.480620e-02,1.898988e-02,1.339042e-02,1.982663e-02,2.191209e-03,1.241132e-01,4.644801e-01,1.264061e-02,4.618403e-03,1.085587e-02
1.745104e-01,1.365464e-02,5.345400e-03,1.789862e-02,4.327060e-02,9.115532e-02,1.775096e-02,1.286087e-02,1.715923e-02,2.428015e-03,1.776191e-01,3.949963e-01,1.522239e-02,4.859437e-03,1.126861e-02
1.437660e-01,1.293099e-02,5.129529e-03,1.921598e-02,5.073220e-02,9.428966e-02,2.098896e-02,1.408505e-02,1.798549e-02,1.884605e-03,2.970603e-01,2.902928e-01,1.777391e-02,3.762989e-03,1.010152e-02
1.142713e-01,1.037725e-02,4.785316e-03,1.872906e-02,6.278311e-02,1.055918e-01,3.121329e-02,2.175496e-02,1.542403e-02,1.504558e-03,3.683739e-01,2.166490e-01,1.772010e-02,2.898932e-03,7.923458e-03
1.297397e-01,8.694557e-03,4.368491e-03,1.857259e-02,6.112812e-02,1.421361e-01,2.745624e-02,2.800253e-02,1.252910e-02,1.118981e-03,3.602414e-01,1.704267e-01,2.654285e-02,2.468580e-03,6.574132e-03
1.338927e-01,7.032511e-03,3.977605e-03,1.598893e-02,5.428670e-02,1.593551e-01,2.269848e-02,3.103216e-02,1.031250e-02,8.200960e-04,3.838284e-01,1.390367e-01,3.069262e-02,1.937954e-03,5.107638e-03
1.181019e-01,7.426982e-03,9.117928e-03,1.854891e-02,1.103146e-01,1.207706e-01,1.794738e-02,6.122249e-02,1.612804e-02,9.366379e-04,3.722810e-01,1.122795e-01,2.884965e-02,2.001816e-03,4.072619e-03
1.371851e-01,6.181403e-03,1.885313e-02,2.015724e-02,1.310190e-01,1.201164e-01,1.563712e-02,6.828438e-02,1.441823e-02,8.057468e-04,3.550233e-01,8.271397e-02,2.384317e-02,2.351091e-03,3.410741e-03
1.414350e-01,5.980351e-03,2.157032e-02,1.524082e-02,1.511558e-01,9.086742e-02,1.261641e-02,5.697433e-02,1.198608e-02,8.373947e-04,3.866286e-01,6.977466e-02,2.945619e-02,2.861328e-03,2.615298e-03
1.651454e-01,6.444115e-03,2.976691e-02,1.438422e-02,1.293827e-01,7.994143e-02,9.990301e-03,7.648537e-02,1.385126e-02,8.599008e-04,3.575510e-01,5.898674e-02,4.875293e-02,5.965763e-03,2.491882e-03
1.544516e-01,5.319160e-03,2.810137e-02,1.431471e-02,1.071842e-01,6.855551e-02,7.683069e-03,7.097276e-02,1.619360e-02,6.982478e-04,3.892288e-01,5.416429e-02,7.174698e-02,9.309154e-03,2.076442e-03
1.613609e-01,4.474297e-03,2.527570e-02,1.167027e-02,8.104221e-02,7.352334e-02,5.861312e-03,5.554744e-02,1.401089e-02,6.124738e-04,3.604357e-01,1.099084e-01,8.037617e-02,1.385597e-02,2.044892e-03
1.315478e-01,4.298483e-03,2.037886e-02,8.825412e-03,6.854765e-02,5.414360e-02,4.836713e-03,4.815891e-02,1.382862e-02,7.788342e-04,2.804031e-01,2.777463e-01,6.434141e-02,2.046717e-02,1.697106e-03
1.098568e-01,3.784945e-03,1.684872e-02,6.615039e-03,5.643095e-02,4.532435e-02,4.540318e-03,4.651191e-02,1.253868e-02,7.084626e-04,2.110597e-01,4.067284e-01,5.845689e-02,1.912527e-02,1.469481e-03
9.723254e-02,3.808238e-03,1.576938e-02,5.182399e-03,4.667593e-02,6.920972e-02,4.793503e-03,3.988186e-02,1.425719e-02,1.087762e-03,1.535419e-01,4.758789e-01,5.509006e-02,1.572760e-02,1.862962e-03
8.067089e-02,4.218443e-03,1.389247e-02,3.983504e-03,3.878395e-02,5.638265e-02,5.845512e-03,4.828556e-02,1.515035e-02,1.267917e-03,1.107578e-01,5.489253e-01,5.757108e-02,1.236193e-02,1.902631e-03
7.454170e-02,5.249246e-03,2.214576e-02,3.400509e-03,3.280279e-02,6.084889e-02,6.094120e-03,4.338082e-02,1.268827e-02,1.234888e-03,7.853884e-02,4.514070e-01,1.887592e-01,1.000549e-02,8.902427e-03
6.177080e-02,4.156556e-03,1.708022e-02,2.918497e-03,2.459419e-02,5.161082e-02,5.180212e-03,3.117264e-02,9.590854e-03,1.062591e-03,5.547508e-02,3.283745e-01,3.873803e-01,7.178409e-03,1.245427e-02
4.617469e-02,3.293301e-03,1.334322e-02,2.323257e-03,1.818871e-02,4.408105e-02,4.617000e-03,2.205575e-02,7.035370e-03,1.351302e-03,3.929667e-02,2.341218e-01,5.344590e-01,5.128107e-03,2.453076e-02
3.396569e-02,2.543865e-03,1.296056e-02,1.768625e-03,1.299582e-02,3.372591e-02,3.847141e-03,1.557794e-02,5.407371e-03,2.987078e-03,2.764868e-02,1.652870e-01,5.512169e-01,3.847155e-03,1.262202e-01
2.483097e-02,1.985638e-03,1.156962e-02,1.286086e-03,9.271422e-03,2.506497e-02,2.993206e-03,1.104501e-02,4.169380e-03,3.477513e-03,1.950298e-02,1.165296e-01,4.614695e-01,2.875575e-03,3.039285e-01
1.769522e-02,1.403506e-03,8.205919e-03,9.143257e-04,6.495774e-03,1.765242e-02,2.125724e-03,7.750214e-03,3.007917e-03,2.938474e-03,1.367926e-02,8.161981e-02,3.318969e-01,2.314727e-03,5.022998e-01
1.251024e-02,1.003573e-03,5.777215e-03,6.503994e-04,4.548036e-03,1.242369e-02,1.494432e-03,5.433968e-03,2.161619e-03,2.379366e-03,9.598105e-03,5.717144e-02,2.332958e-01,1.844627e-03,6.497076e-01
9.057537e-03,7.184470e-04,4.241342e-03,5.863276e-04,3.197345e-03,9.055841e-03,1.207753e-03,4.434551e-03,1.683252e-03,3.146010e-03,6.763366e-03,4.017624e-02,1.639968e-01,1.608741e-03,7.501264e-01
6.747167e-03,5.709530e-04,3.164124e-03,8.310808e-04,2.359293e-03,6.903266e-03,1.232445e-03,4.929562e-03,2.138703e-03,4.499179e-03,4.831726e-03,2.836069e-02,1.173427e-01,1.677290e-03,8.144118e-01
5.090843e-03,4.619089e-04,2.330207e-03,7.814926e-04,1.906451e-03,4.964213e-03,2.538587e-03,6.503072e-03,4.130968e-03,3.454334e-03,3.469147e-03,1.999819e-02,8.476730e-02,1.833466e-03,8.577698e-01
3.703316e-03,5.649481e-04,2.185273e-03,1.180577e-03,1.584543e-03,3.859553e-03,4.428748e-03,1.516968e-02,8.851295e-03,2.828142e-03,2.549717e-03,1.408453e-02,7.646008e-02,2.217335e-03,8.603323e-01
2.826184e-03,1.031812e-03,2.332389e-03,1.422070e-03,1.243812e-03,3.509051e-03,4.038824e-03,1.338008e-02,1.462172e-02,2.102932e-03,1.867794e-03,9.898057e-03,6.425771e-02,2.198979e-03,8.752686e-01
2.308690e-03,1.766389e-03,3.035187e-03,1.979606e-03,1.128920e-03,5.195927e-03,3.898227e-03,1.427705e-02,2.971018e-02,1.557125e-03,1.501738e-03,7.067760e-03,8.302109e-02,2.296545e-03,8.412555e-01
2.494007e-03,2.004485e-03,2.955444e-03,1.975218e-03,2.825562e-03,4.716437e-03,4.615175e-03,1.258049e-02,4.212172e-02,1.356821e-03,1.284956e-03,5.222267e-03,6.838681e-02,2.642684e-03,8.448179e-01
4.653230e-03,2.255505e-03,4.055596e-03,2.555298e-03,7.107262e-03,6.753370e-03,4.478939e-03,1.629062e-02,5.647361e-02,1.441106e-03,1.494951e-03,3.892126e-03,5.672762e-02,3.081030e-03,8.287398e-01
5.707859e-03,3.276166e-03,5.100403e-03,8.984261e-03,6.450959e-03,6.334647e-03,4.029484e-03,2.299092e-02,9.180255e-02,1.614455e-03,1.934376e-03,2.896312e-03,5.439669e-02,2.510036e-03,7.819709e-01
1.512733e-02,4.587081e-03,3.041058e-02,4.531681e-02,2.470042e-02,1.031020e-02,5.419921e-03,3.627575e-02,9.982935e-02,2.184886e-03,2.251162e-03,2.233233e-03,5.135256e-02,2.273041e-03,6.677277e-01
2.622783e-02,5.784008e-03,1.076564e-01,5.604491e-02,4.511885e-02,1.527846e-02,7.417590e-03,3.150813e-02,8.656208e-02,2.454723e-03,1.860040e-03,1.675837e-03,4.244295e-02,1.809074e-03,5.681592e-01
5.747743e-02,7.299637e-03,1.147262e-01,7.986851e-02,5.990945e-02,1.586647e-02,7.602873e-03,2.660419e-02,7.028979e-02,3.860081e-03,2.041681e-03,1.409295e-03,3.319807e-02,1.873866e-03,5.179725e-01
8.574319e-02,1.610564e-02,1.014684e-01,7.995041e-02,6.403916e-02,1.701085e-02,6.437823e-03,2.282011e-02,6.598385e-02,4.167740e-03,2.277410e-03,1.508482e-03,2.949303e-02,3.153394e-03,4.998406e-01
8.058053e-02,2.650310e-02,9.722434e-02,9.505850e-02,8.680368e-02,2.381722e-02,1.053004e-02,2.070981e-02,5.718609e-02,4.494138e-03,2.255979e-03,1.628607e-03,2.522863e-02,4.575130e-03,4.634042e-01
8.382232e-02,2.889632e-02,1.102497e-01,1.415905e-01,1.115209e-01,3.049607e-02,1.873270e-02,2.190934e-02,5.076472e-02,4.656589e-03,2.308823e-03,3.054859e-03,2.101237e-02,4.577068e-03,3.664077e-01
8.465084e-02,3.152477e-02,1.495187e-01,1.593602e-01,1.393188e-01,4.068245e-02,2.150536e-02,2.269294e-02,5.137096e-02,5.180444e-03,2.607887e-03,4.378219e-03,1.868433e-02,4.135696e-03,2.643884e-01
6.928807e-02,2.892176e-02,1.102375e-01,1.168154e-01,1.050509e-01,2.686484e-01,1.561708e-02,1.718816e-02,3.703669e-02,1.410761e-02,2.736391e-03,3.196280e-03,1.503944e-02,3.213473e-03,1.929028e-01
4.962639e-02,2.116309e-02,7.754373e-02,8.211616e-02,7.388688e-02,4.665138e-01,1.095205e-02,1.218353e-02,2.741043e-02,2.292636e-02,2.787939e-03,2.289237e-03,1.070274e-02,2.644761e-03,1.372529e-01
3.497530e-02,1.819880e-02,5.464871e-02,6.516586e-02,5.212276e-02,5.439945e-01,7.724661e-03,8.639828e-03,6.486301e-02,2.759071e-02,4.925095e-03,1.718583e-03,7.947898e-03,3.967140e-03,1.035171e-01
2.469799e-02,1.329386e-02,3.849603e-02,4.942096e-02,3.664332e-02,3.992275e-01,5.435812e-03,6.349343e-03,2.981302e-01,2.389563e-02,6.817741e-03,1.472911e-03,5.946590e-03,5.007003e-03,8.516503e-02
1.890138e-02,9.982470e-03,2.755987e-02,3.973434e-02,2.613241e-02,3.206525e-01,3.966513e-03,4.800576e-03,3.425620e-01,5.735959e-02,3.137184e-02,1.632994e-03,6.554727e-03,1.926786e-02,8.952083e-02
1.812441e-02,7.456571e-03,1.962616e-02,2.924178e-02,2.106327e-02,2.699242e-01,3.115029e-03,4.837261e-03,3.245516e-01,7.114580e-02,5.777832e-02,2.002039e-03,8.098358e-03,6.224833e-02,1.007868e-01
1.366226e-02,5.889915e-03,1.385243e-02,2.094735e-02,1.661335e-02,2.219241e-01,2.355588e-03,3.932375e-03,2.529502e-01,5.425811e-02,6.752434e-02,2.492004e-03,1.248477e-02,1.949017e-01,1.162115e-01
9.668284e-03,4.847000e-03,9.908945e-03,1.473284e-02,1.193572e-02,1.578490e-01,1.659010e-03,2.778065e-03,1.987748e-01,3.948140e-02,5.918106e-02,2.054265e-03,9.289138e-03,3.905997e-01,8.724080e-02
7.443325e-03,3.800706e-03,7.175638e-03,1.046956e-02,8.477893e-03,1.139250e-01,1.210447e-03,2.254677e-03,1.589580e-01,2.958787e-02,4.352111e-02,1.588202e-03,7.177315e-03,5.386835e-01,6.572673e-02
5.961724e-03,3.131488e-03,6.132468e-03,7.768376e-03,6.128230e-03,9.154231e-02,1.032988e-03,2.653168e-03,1.278574e-01,2.345850e-02,3.289234e-02,1.532311e-03,6.297319e-03,6.346713e-01,4.894011e-02
5.461103e-03,8.973109e-03,5.553761e-03,6.110421e-03,5.406773e-03,7.172334e-02,1.112220e-03,6.109999e-03,1.386147e-01,1.773372e-02,2.722817e-02,1.855309e-03,1.019481e-02,6.572853e-01,3.663726e-02
4.280635e-03,7.647109e-03,4.130164e-03,4.459961e-03,3.837978e-03,6.638001e-02,7.938300e-04,4.388724e-03,1.107649e-01,1.302918e-02,1.980549e-02,1.736552e-03,7.668045e-03,7.235513e-01,2.752618e-02
5.240080e-03,1.168499e-02,7.500767e-03,5.795053e-03,3.305731e-03,7.509595e-02,1.043969e-03,9.929102e-03,1.243136e-01,1.027760e-02,1.572865e-02,1.572727e-03,7.459870e-03,6.992233e-01,2.182855e-02
7.057381e-03,1.676241e-02,1.385192e-02,5.319676e-03,3.179798e-03,6.245589e-02,8.885281e-04,1.115800e-02,1.302715e-01,1.051954e-02,1.243707e-02,1.237734e-03,6.515092e-03,6.992322e-01,1.911325e-02
9.299074e-03,1.634664e-02,1.210522e-02,4.236292e-03,2.585799e-03,5.400654e-02,6.788590e-04,8.426694e-03,1.138455e-01,9.442978e-03,9.831481e-03,1.051471e-03,6.185128e-03,7.356879e-01,1.627040e-02
9.854211e-03,1.843831e-02,4.345770e-02,7.071801e-03,9.792486e-03,4.520109e-02,7.723928e-04,1.370302e-02,2.010506e-01,1.927426e-02,8.150745e-03,8.404930e-04,6.732370e-03,5.938023e-01,2.185824e-02
9.991919e-03,1.533780e-02,2.229242e-01,1.080430e-02,1.112165e-02,3.483882e-02,6.481231e-04,1.020508e-02,1.865175e-01,2.775026e-02,6.572294e-03,6.479417e-04,5.508222e-03,4.339792e-01,2.315276e-02
8.517933e-03,1.156188e-02,3.740339e-01,8.099128e-03,8.414912e-03,2.533463e-02,4.775200e-04,7.279145e-03,1.394573e-01,5.729939e-02,5.073731e-03,5.024973e-04,4.223101e-03,3.099863e-01,3.973868e-02
9.258306e-03,1.369434e-02,3.284093e-01,7.315111e-03,8.530949e-03,1.913303e-02,4.384812e-04,5.274068e-03,1.405393e-01,1.079764e-01,5.045062e-03,5.696379e-04,5.482268e-03,2.229801e-01,1.253537e-01
1.370064e-02,2.292313e-02,2.732297e-01,7.820077e-03,8.704005e-03,1.587946e-02,4.058822e-04,4.014983e-03,1.175411e-01,1.058615e-01,5.504898e-03,7.280263e-04,8.481104e-03,1.595955e-01,2.556100e-01
1.609972e-02,4.599274e-02,2.460703e-01,4.540580e-02,3.742762e-02,2.582318e-02,1.043872e-03,1.254289e-02,1.393085e-01,8.084035e-02,7.887162e-03,1.093065e-03,1.611746e-02,1.155607e-01,2.087867e-01
2.560881e-02,6.589302e-02,2.080743e-01,5.696814e-02,8.747812e-02,4.183602e-02,1.688845e-03,1.668656e-02,1.464573e-01,5.981039e-02,8.683745e-03,1.281265e-03,2.113247e-02,8.578043e-02,1.726206e-01
7.970384e-02,6.935737e-02,1.884170e-01,5.105910e-02,1.135947e-01,4.470369e-02,1.526988e-03,1.541142e-02,1.158598e-01,4.462375e-02,1.142926e-02,5.057520e-03,3.544256e-02,8.193865e-02,1.418745e-01
1.180425e-01,6.652699e-02,1.428489e-01,5.369671e-02,9.483015e-02,4.293025e-02,1.851072e-03,1.472459e-02,9.417050e-02,3.658847e-02,2.142566e-02,1.880642e-02,3.715058e-02,6.820688e-02,1.882003e-01
1.078117e-01,1.245313e-01,1.384828e-01,1.107369e-01,7.221925e-02,3.326973e-02,1.561608e-03,1.193085e-02,7.022718e-02,2.916924e-02,1.848883e-02,1.840590e-02,3.005071e-02,4.830080e-02,1.848132e-01
1.218544e-01,1.035841e-01,1.497124e-01,1.127622e-01,6.965327e-02,8.585063e-02,2.250984e-03,9.829429e-03,6.743713e-02,2.403925e-02,1.577894e-02,1.560784e-02,3.367737e-02,3.706058e-02,1.509014e-01
1.142529e-01,1.014416e-01,1.280517e-01,2.287038e-01,6.405260e-02,6.830847e-02,3.431406e-03,9.202817e-03,6.401154e-02,1.924543e-02,1.390619e-02,1.357893e-02,2.686597e-02,2.673539e-02,1.182113e-01
1.413697e-01,8.220630e-02,1.137958e-01,2.819934e-01,5.709675e-02,5.927705e-02,6.767373e-03,7.976060e-03,6.252158e-02,1.548348e-02,1.193706e-02,1.394455e-02,3.863645e-02,1.987263e-02,8.712180e-02
2.325650e-01,7.473353e-02,8.716220e-02,2.143429e-01,4.819127e-02,5.104855e-02,6.691049e-03,7.998352e-03,5.210120e-02,1.353636e-02,1.631770e-02,2.316329e-02,6.402131e-02,2.244097e-02,8.568630e-02
2.594921e-01,7.308538e-02,7.068700e-02,1.914008e-01,4.179846e-02,4.458586e-02,6.002513e-03,1.093231e-02,4.833306e-02,1.108344e-02,1.765364e-02,2.680030e-02,8.448674e-02,2.318210e-02,9.047642e-02
2.401401e-01,6.016934e-02,5.832788e-02,1.448883e-01,3.152629e-02,4.940332e-02,5.044566e-03,9.905692e-03,4.885984e-02,9.019457e-03,2.859863e-02,3.128727e-02,8.302638e-02,9.746242e-02,1.023405e-01
2.099093e-01,5.694016e-02,7.560086e-02,1.134502e-01,2.410014e-02,4.003715e-02,4.269883e-03,1.131756e-02,6.550627e-02,9.043498e-03,3.782801e-02,2.777413e-02,7.522938e-02,1.067264e-01,1.422671e-01
1.949243e-01,4.728155e-02,1.060764e-01,8.684132e-02,1.906623e-02,3.735005e-02,3.212371e-03,1.050754e-02,6.111912e-02,1.495184e-02,3.395156e-02,2.328312e-02,5.806084e-02,1.834393e-01,1.199344e-01
1.397124e-01,3.480838e-02,8.148938e-02,6.138794e-02,1.364316e-02,2.678608e-02,2.278695e-03,7.489320e-03,8.387952e-02,1.603547e-02,2.970243e-02,1.696534e-02,4.122662e-02,3.492169e-01,9.537835e-02
1.034196e-01,2.497772e-02,5.871598e-02,4.359798e-02,9.751385e-03,2.000819e-02,1.624479e-03,5.349463e-03,1.191694e-01,2.007184e-02,2.790566e-02,1.225689e-02,2.940630e-02,4.379527e-01,8.579241e-02
7.487363e-02,1.793148e-02,4.269662e-02,3.166399e-02,7.179219e-03,1.433005e-02,1.252672e-03,3.904687e-03,1.706169e-01,5.311589e-02,2.361793e-02,8.836716e-03,2.083225e-02,4.591004e-01,7.004759e-02
6.218840e-02,1.299341e-02,3.199093e-02,2.275591e-02,5.270458e-03,1.090895e-02,1.089852e-03,2.837913e-03,1.918463e-01,6.507653e-02,2.198374e-02,6.651144e-03,1.494527e-02,4.928719e-01,5.658926e-02
7.915576e-02,1.017279e-02,2.383655e-02,1.694880e-02,4.033537e-03,8.801157e-03,9.470513e-04,2.112209e-03,2.388609e-01,4.967693e-02,3.683652e-02,5.647857e-03,1.107025e-02,4.638356e-01,4.806415e-02
5.667468e-02,7.285236e-03,1.797170e-02,1.217896e-02,2.943675e-03,6.325048e-03,7.172381e-04,1.522184e-03,2.107277e-01,3.626204e-02,9.180938e-02,4.610500e-03,7.984704e-03,5.083109e-01,3.467608e-02
4.237417e-02,5.401645e-03,1.334739e-02,9.422186e-03,2.545168e-03,4.653553e-03,6.667373e-04,1.219371e-03,2.042704e-01,2.963769e-02,1.673032e-01,4.965031e-03,7.001296e-03,4.778170e-01,2.937515e-02
4.171124e-02,4.260511e-03,9.532748e-03,7.875332e-03,5.192342e-03,4.629734e-03,7.647221e-04,2.957147e-03,1.520687e-01,4.932848e-02,2.549018e-01,9.981086e-03,7.973140e-03,3.950458e-01,5.377730e-02
5.595657e-02,3.565539e-03,7.095885e-03,7.457929e-03,1.462271e-02,1.042105e-02,1.570209e-03,9.582276e-03,1.206536e-01,9.074304e-02,2.695622e-01,1.149764e-02,7.926526e-03,3.238802e-01,6.546456e-02
8.511563e-02,3.434736e-03,6.150279e-03,1.999878e-02,2.411692e-02,1.530202e-02,2.281696e-03,4.719213e-02,9.736561e-02,9.946158e-02,2.638475e-01,1.765722e-02,1.113669e-02,2.589139e-01,4.802525e-02
6.411987e-02,6.391459e-03,1.008405e-02,2.970913e-02,4.910384e-02,2.222288e-02,2.751264e-03,5.381056e-02,1.774548e-01,8.184023e-02,2.347032e-01,1.804649e-02,1.731755e-02,1.962556e-01,3.618906e-02
4.883914e-02,6.580702e-03,1.826568e-02,3.024915e-02,5.412804e-02,1.911406e-02,2.709188e-03,1.164702e-01,1.842291e-01,6.215714e-02,2.298422e-01,2.015886e-02,3.408015e-02,1.467328e-01,2.644361e-02
5.266500e-02,6.275126e-03,1.245376e-01,7.187398e-02,5.479349e-02,1.730961e-02,2.972580e-03,1.038787e-01,1.730205e-01,4.904282e-02,1.729313e-01,1.625384e-02,2.897913e-02,1.044201e-01,2.104623e-02
6.459779e-02,2.053920e-02,1.560867e-01,1.118877e-01,6.600530e-02,3.416339e-02,5.616737e-03,8.023303e-02,1.579923e-01,3.906373e-02,1.275610e-01,1.256252e-02,2.228764e-02,7.542271e-02,2.598031e-02
5.595321e-02,2.495855e-02,1.363968e-01,3.034643e-01,5.679729e-02,2.652404e-02,5.562189e-03,5.788685e-02,1.155455e-01,2.783336e-02,9.068119e-02,9.049034e-03,1.593634e-02,5.294247e-02,2.046888e-02
1.097579e-01,4.093757e-02,1.207228e-01,2.636977e-01,1.071370e-01,3.970557e-02,1.473920e-02,4.276347e-02,9.098177e-02,2.066443e-02,7.021625e-02,7.901015e-03,1.210746e-02,4.074822e-02,1.791945e-02
1.598489e-01,5.636248e-02,9.540278e-02,2.169780e-01,1.453478e-01,5.386532e-02,2.224796e-02,3.284314e-02,7.969340e-02,1.543435e-02,5.570306e-02,6.831997e-03,1.004387e-02,3.309880e-02,1.629811e-02
1.630996e-01,5.025037e-02,1.035329e-01,3.109078e-01,1.179659e-01,4.177377e-02,1.642231e-02,2.943836e-02,6.113169e-02,1.158758e-02,4.361648e-02,5.922351e-03,7.523226e-03,2.405966e-02,1.276785e-02
1.206103e-01,4.243481e-02,8.455601e-02,3.869749e-01,8.531496e-02,3.035644e-02,1.159833e-02,2.102451e-02,5.340459e-02,9.198131e-03,1.126767e-01,5.127979e-03,7.703903e-03,1.718407e-02,1.183437e-02
8.475808e-02,3.062336e-02,6.100546e-02,4.005021e-01,6.526828e-02,2.165061e-02,8.138883e-03,1.489340e-02,3.981261e-02,6.994178e-03,2.316772e-01,5.184814e-03,7.914256e-03,1.289441e-02,8.682277e-03
5.956154e-02,2.173949e-02,4.323286e-02,3.163862e-01,4.693306e-02,1.572030e-02,5.723515e-03,1.106722e-02,2.997005e-02,5.146769e-03,4.088553e-01,8.089874e-03,6.601522e-03,1.462371e-02,6.348582e-03
4.302620e-02,1.573968e-02,3.111229e-02,2.872818e-01,3.898969e-02,1.259898e-02,4.169390e-03,1.054502e-02,2.924983e-02,4.066538e-03,4.640394e-01,2.444032e-02,5.774693e-03,2.297889e-02,5.987215e-03
3.064674e-02,1.111406e-02,2.196659e-02,2.102382e-01,6.448993e-02,1.003115e-02,2.999648e-03,7.824867e-03,2.455731e-02,3.345693e-03,5.090493e-01,5.578280e-02,5.338834e-03,3.812506e-02,4.489888e-03
2.224858e-02,7.915908e-03,1.579669e-02,1.598240e-01,6.041544e-02,8.790513e-03,2.220189e-03,6.070331e-03,1.996944e-02,2.966658e-03,5.238671e-01,7.528532e-02,5.533899e-03,8.563495e-02,3.461078e-03
2.699932e-02,7.325442e-03,1.177697e-02,1.138665e-01,5.883118e-02,1.441509e-02,1.698652e-03,7.248171e-03,1.784642e-02,5.625050e-03,5.404912e-01,7.354056e-02,1.140481e-02,1.062031e-01,2.727629e-03
2.854141e-02,8.740550e-03,1.026778e-02,8.400752e-02,4.520828e-02,4.998741e-02,1.355410e-03,1.217412e-02,2.428219e-02,1.157530e-02,5.155533e-01,7.480301e-02,2.343266e-02,1.072720e-01,2.799117e-03
2.582593e-02,1.024395e-02,9.387688e-03,6.311477e-02,3.472914e-02,4.532731e-02,1.066944e-03,1.080375e-02,2.597317e-02,1.230009e-02,5.257152e-01,9.804857e-02,2.612410e-02,1.089579e-01,2.381486e-03
2.302137e-02,1.915845e-02,1.218354e-02,4.879654e-02,3.142007e-02,5.340714e-02,1.116095e-03,1.244645e-02,2.878341e-02,9.933001e-03,4.475798e-01,9.863997e-02,2.270627e-02,1.885049e-01,2.303069e-03
1.903869e-02,4.280101e-02,1.427687e-02,4.169290e-02,4.453996e-02,4.144566e-02,1.006779e-03,1.062037e-02,3.444831e-02,9.698869e-03,4.090343e-01,8.545179e-02,1.796587e-02,2.247811e-01,3.197598e-03
2.998220e-02,6.444246e-02,2.415061e-02,3.932812e-02,1.108777e-01,3.379178e-02,1.237196e-03,1.373485e-02,4.725747e-02,1.136457e-02,3.405702e-01,6.289895e-02,1.335494e-02,1.987591e-01,8.249931e-03
1.264390e-01,8.673368e-02,2.650577e-02,4.708061e-02,1.276669e-01,3.966301e-02,1.623985e-03,1.427925e-02,3.836789e-02,1.060963e-02,2.549338e-01,4.707422e-02,1.016330e-02,1.550622e-01,1.379676e-02
2.161945e-01,9.780803e-02,2.255693e-02,4.053993e-02,1.400853e-01,3.255098e-02,1.439208e-03,1.443760e-02,3.271745e-02,1.239704e-02,1.970639e-01,3.468932e-02,7.674908e-03,1.333938e-01,1.645108e-02
3.129621e-01,1.254787e-01,2.321703e-02,3.878784e-02,1.094695e-01,2.895209e-02,1.190170e-03,1.108269e-02,2.855839e-02,9.988943e-03,1.472711e-01,2.507026e-02,6.674745e-03,1.144179e-01,1.687851e-02
3.372808e-01,1.559917e-01,2.960033e-02,7.283958e-02,9.125479e-02,2.653068e-02,1.174125e-03,9.461747e-03,2.534672e-02,7.826122e-03,1.077179e-01,1.938203e-02,6.003140e-03,8.386620e-02,2.572408e-02
