1.000000e+00,0.000000e+00,0.000000e+00,0.000000e+00,0.000000e+00,0.000000e+00,0.000000e+00,0.000000e+00,0.000000e+00,0.000000e+00,0.000000e+00,0.000000e+00,0.000000e+00,0.000000e+00,0.000000e+00
1.000000e+00,0.000000e+00,0.000000e+00,0.000000e+00,0.000000e+00,0.000000e+00,0.000000e+00,0.000000e+00,0.000000e+00,0.000000e+00,0.000000e+00,0.000000e+00,0.000000e+00,0.000000e+00,0.000000e+00
1.000000e+00,0.000000e+00,0.000000e+00,0.000000e+00,0.000000e+00,0.000000e+00,0.000000e+00,0.000000e+00,0.000000e+00,0.000000e+00,0.000000e+00,0.000000e+00,0.000000e+00,0.000000e+00,0.000000e+00
1.000000e+00,0.000000e+00,0.000000e+00,0.000000e+00,0.000000e+00,0.000000e+00,0.000000e+00,0.000000e+00,0.000000e+00,0.000000e+00,0.000000e+00,0.000000e+00,0.000000e+00,0.000000e+00,0.000000e+00
1.000000e+00,0.000000e+00,0.000000e+00,0.000000e+00,0.000000e+00,0.000000e+00,0.000000e+00,0.000000e+00,0.000000e+00,0.000000e+00,0.000000e+00,0.000000e+00,0.000000e+00,0.000000e+00,0.000000e+00
1.000000e+00,0.000000e+00,0.000000e+00,0.000000e+00,0.000000e+00,0.000000e+00,0.000000e+00,0.000000e+00,0.000000e+00,0.000000e+00,0.000000e+00,0.000000e+00,0.000000e+00,0.000000e+00,0.000000e+00
1.000000e+00,0.000000e+00,0.000000e+00,0.000000e+00,0.000000e+00,0.000000e+00,0.000000e+00,0.000000e+00,0.000000e+00,0.000000e+00,0.000000e+00,0.000000e+00,0.000000e+00,0.000000e+00,0.000000e+00
1.000000e+00,0.000000e+00,0.000000e+00,0.000000e+00,0.000000e+00,0.000000e+00,0.000000e+00,0.000000e+00,0.000000e+00,0.000000e+00,0.000000e+00,0.000000e+00,0.000000e+00,0.000000e+00,0.000000e+00
1.000000e+00,0.000000e+00,0.000000e+00,0.000000e+00,0.000000e+00,0.000000e+00,0.000000e+00,0.000000e+00,0.000000e+00,0.000000e+00,0.000000e+00,0.000000e+00,0.000000e+00,0.000000e+00,0.000000e+00
1.000000e+00,0.000000e+00,0.000000e+00,0.000000e+00,0.000000e+00,0.000000e+00,0.000000e+00,0.000000e+00,0.000000e+00,0.000000e+00,0.000000e+00,0.000000e+00,0.000000e+00,0.000000e+00,0.000000e+00
1.000000e+00,0.000000e+00,0.000000e+00,0.000000e+00,0.000000e+00,0.000000e+00,0.000000e+00,0.000000e+00,0.000000e+00,0.000000e+00,0.000000e+00,0.000000e+00,0.000000e+00,0.000000e+00,0.000000e+00
1.000000e+00,0.000000e+00,0.000000e+00,0.000000e+00,0.000000e+00,0.000000e+00,0.000000e+00,0.000000e+00,0.000000e+00,0.000000e+00,0.000000e+00,0.000000e+00,0.000000e+00,0.000000e+00,0.000000e+00
1.000000e+00,0.000000e+00,0.000000e+00,0.000000e+00,0.000000e+00,0.000000e+00,0.000000e+00,0.000000e+00,0.000000e+00,0.000000e+00,0.000000e+00,0.000000e+00,0.000000e+00,0.000000e+00,0.000000e+00
1.000000e+00,0.000000e+00,0.000000e+00,0.000000e+00,0.000000e+00,0.000000e+00,0.000000e+00,0.000000e+00,0.000000e+00,0.000000e+00,0.000000e+00,0.000000e+00,0.000000e+00,0.000000e+00,0.000000e+00
1.000000e+00,0.000000e+00,0.000000e+00,0.000000e+00,0.000000e+00,0.000000e+00,0.000000e+00,0.000000e+00,0.000000e+00,0.000000e+00,0.000000e+00,0.000000e+00,0.000000e+00,0.000000e+00,0.000000e+00
1.000000e+00,0.000000e+00,0.000000e+00,0.000000e+00,0.000000e+00,0.000000e+00,0.000000e+00,0.000000e+00,0.000000e+00,0.000000e+00,0.000000e+00,0.000000e+00,0.000000e+00,0.000000e+00,0.000000e+00
1.000000e+00,0.000000e+00,0.000000e+00,0.000000e+00,0.000000e+00,0.000000e+00,0.000000e+00,0.000000e+00,0.000000e+00,0.000000e+00,0.000000e+00,0.000000e+00,0.000000e+00,0.000000e+00,0.000000e+00
1.000000e+00,0.000000e+00,0.000000e+00,0.000000e+00,0.000000e+00,0.000000e+00,0.000000e+00,0.000000e+00,0.000000e+00,0.000000e+00,0.000000e+00,0.000000e+00,0.000000e+00,0.000000e+00,0.000000e+00
1.000000e+00,0.000000e+00,0.000000e+00,0.000000e+00,0.000000e+00,0.000000e+00,0.000000e+00,0.000000e+00,0.000000e+00,0.000000e+00,0.000000e+00,0.000000e+00,0.000000e+00,0.000000e+00,0.000000e+00
1.000000e+00,0.000000e+00,0.000000e+00,0.000000e+00,0.000000e+00,0.000000e+00,0.000000e+00,0.000000e+00,0.000000e+00,0.000000e+00,0.000000e+00,0.000000e+00,0.000000e+00,0.000000e+00,0.000000e+00
1.000000e+00,0.000000e+00,0.000000e+00,0.000000e+00,0.000000e+00,0.000000e+00,0.000000e+00,0.000000e+00,0.000000e+00,0.000000e+00,0.000000e+00,0.000000e+00,0.000000e+00,0.000000e+00,0.000000e+00
1.000000e+00,0.000000e+00,0.000000e+00,0.000000e+00,0.000000e+00,0.000000e+00,0.000000e+00,0.000000e+00,0.000000e+00,0.000000e+00,0.000000e+00,0.000000e+00,0.000000e+00,0.000000e+00,0.000000e+00
1.000000e+00,0.000000e+00,0.000000e+00,0.000000e+00,0.000000e+00,0.000000e+00,0.000000e+00,0.000000e+00,0.000000e+00,0.000000e+00,0.000000e+00,0.000000e+00,0.000000e+00,0.000000e+00,0.000000e+00
1.000000e+00,0.000000e+00,0.000000e+00,0.000000e+00,0.000000e+00,0.000000e+00,0.000000e+00,0.000000e+00,0.000000e+00,0.000000e+00,0.000000e+00,0.000000e+00,0.000000e+00,0.000000e+00,0.000000e+00
1.000000e+00,0.000000e+00,0.000000e+00,0.000000e+00,0.000000e+00,0.000000e+00,0.000000e+00,0.000000e+00,0.000000e+00,0.000000e+00,0.000000e+00,0.000000e+00,0.000000e+00,0.000000e+00,0.000000e+00
1.000000e+00,0.000000e+00,0.000000e+00,0.000000e+00,0.000000e+00,0.000000e+00,0.000000e+00,0.000000e+00,0.000000e+00,0.000000e+00,0.000000e+00,0.000000e+00,0.000000e+00,0.000000e+00,0.000000e+00
1.000000e+00,0.000000e+00,0.000000e+00,0.000000e+00,0.000000e+00,0.000000e+00,0.000000e+00,0.000000e+00,0.000000e+00,0.000000e+00,0.000000e+00,0.000000e+00,0.000000e+00,0.000000e+00,0.000000e+00
1.000000e+00,0.000000e+00,0.000000e+00,0.000000e+00,0.000000e+00,0.000000e+00,0.000000e+00,0.000000e+00,0.000000e+00,0.000000e+00,0.000000e+00,0.000000e+00,0.000000e+00,0.000000e+00,0.000000e+00
1.000000e+00,0.000000e+00,0.000000e+00,0.000000e+00,0.000000e+00,0.000000e+00,0.000000e+00,0.000000e+00,0.000000e+00,0.000000e+00,0.000000e+00,0.000000e+00,0.000000e+00,0.000000e+00,0.000000e+00
1.000000e+00,0.000000e+00,0.000000e+00,0.000000e+00,0.000000e+00,0.000000e+00,0.000000e+00,0.000000e+00,0.000000e+00,0.000000e+00,0.000000e+00,0.000000e+00,0.000000e+00,0.000000e+00,0.000000e+00
1.000000e+00,0.000000e+00,0.000000e+00,0.000000e+00,0.000000e+00,0.000000e+00,0.000000e+00,0.000000e+00,0.000000e+00,0.000000e+00,0.000000e+00,0.000000e+00,0.000000e+00,0.000000e+00,0.000000e+00
1.000000e+00,0.000000e+00,0.000000e+00,0.000000e+00,0.000000e+00,0.000000e+00,0.000000e+00,0.000000e+00,0.000000e+00,0.000000e+00,0.000000e+00,0.000000e+00,0.000000e+00,0.000000e+00,0.000000e+00
1.000000e+00,0.000000e+00,0.000000e+00,0.000000e+00,0.000000e+00,0.000000e+00,0.000000e+00,0.000000e+00,0.000000e+00,0.000000e+00,0.000000e+00,0.000000e+00,0.000000e+00,0.000000e+00,0.000000e+00
1.000000e+00,0.000000e+00,0.000000e+00,0.000000e+00,0.000000e+00,0.000000e+00,0.000000e+00,0.000000e+00,0.000000e+00,0.000000e+00,0.000000e+00,0.000000e+00,0.000000e+00,0.000000e+00,0.000000e+00
1.000000e+00,0.000000e+00,0.000000e+00,0.000000e+00,0.000000e+00,0.000000e+00,0.000000e+00,0.000000e+00,0.000000e+00,0.000000e+00,0.000000e+00,0.000000e+00,0.000000e+00,0.000000e+00,0.000000e+00
1.000000e+00,0.000000e+00,0.000000e+00,0.000000e+00,0.000000e+00,0.000000e+00,0.000000e+00,0.000000e+00,0.000000e+00,0.000000e+00,0.000000e+00,0.000000e+00,0.000000e+00,0.000000e+00,0.000000e+00
1.000000e+00,0.000000e+00,0.000000e+00,0.000000e+00,0.000000e+00,0.000000e+00,0.000000e+00,0.000000e+00,0.000000e+00,0.000000e+00,0.000000e+00,0.000000e+00,0.000000e+00,0.000000e+00,0.000000e+00
1.000000e+00,0.000000e+00,0.000000e+00,0.000000e+00,0.000000e+00,0.000000e+00,0.000000e+00,0.000000e+00,0.000000e+00,0.000000e+00,0.000000e+00,0.000000e+00,0.000000e+00,0.000000e+00,0.000000e+00
1.000000e+00,0.000000e+00,0.000000e+00,0.000000e+00,0.000000e+00,0.000000e+00,0.000000e+00,0.000000e+00,0.000000e+00,0.000000e+00,0.000000e+00,0.000000e+00,0.000000e+00,0.000000e+00,0.000000e+00
1.000000e+00,0.000000e+00,0.000000e+00,0.000000e+00,0.000000e+00,0.000000e+00,0.000000e+00,0.000000e+00,0.000000e+00,0.000000e+00,0.000000e+00,0.000000e+00,0.000000e+00,0.000000e+00,0.000000e+00
1.000000e+00,0.000000e+00,0.000000e+00,0.000000e+00,0.000000e+00,0.000000e+00,0.000000e+00,0.000000e+00,0.000000e+00,0.000000e+00,0.000000e+00,0.000000e+00,0.000000e+00,0.000000e+00,0.000000e+00
1.000000e+00,0.000000e+00,0.000000e+00,0.000000e+00,0.000000e+00,0.000000e+00,0.000000e+00,0.000000e+00,0.000000e+00,0.000000e+00,0.000000e+00,0.000000e+00,0.000000e+00,0.000000e+00,0.000000e+00
1.000000e+00,0.000000e+00,0.000000e+00,0.000000e+00,0.000000e+00,0.000000e+00,0.000000e+00,0.000000e+00,0.000000e+00,0.000000e+00,0.000000e+00,0.000000e+00,0.000000e+00,0.000000e+00,0.000000e+00
1.000000e+00,0.000000e+00,0.000000e+00,0.000000e+00,0.000000e+00,0.000000e+00,0.000000e+00,0.000000e+00,0.000000e+00,0.000000e+00,0.000000e+00,0.000000e+00,0.000000e+00,0.000000e+00,0.000000e+00
1.000000e+00,0.000000e+00,0.000000e+00,0.000000e+00,0.000000e+00,0.000000e+00,0.000000e+00,0.000000e+00,0.000000e+00,0.000000e+00,0.000000e+00,0.000000e+00,0.000000e+00,0.000000e+00,0.000000e+00
1.000000e+00,0.000000e+00,0.000000e+00,0.000000e+00,0.000000e+00,0.000000e+00,0.000000e+00,0.000000e+00,0.000000e+00,0.000000e+00,0.000000e+00,0.000000e+00,0.000000e+00,0.000000e+00,0.000000e+00
1.000000e+00,0.000000e+00,0.000000e+00,0.000000e+00,0.000000e+00,0.000000e+00,0.000000e+00,0.000000e+00,0.000000e+00,0.000000e+00,0.000000e+00,0.000000e+00,0.000000e+00,0.000000e+00,0.000000e+00
1.000000e+00,0.000000e+00,0.000000e+00,0.000000e+00,0.000000e+00,0.000000e+00,0.000000e+00,0.000000e+00,0.000000e+00,0.000000e+00,0.000000e+00,0.000000e+00,0.000000e+00,0.000000e+00,0.000000e+00
1.000000e+00,0.000000e+00,0.000000e+00,0.000000e+00,0.000000e+00,0.000000e+00,0.000000e+00,0.000000e+00,0.000000e+00,0.000000e+00,0.000000e+00,0.000000e+00,0.000000e+00,0.000000e+00,0.000000e+00
1.000000e+00,0.000000e+00,0.000000e+00,0.000000e+00,0.000000e+00,0.000000e+00,0.000000e+00,0.000000e+00,0.000000e+00,0.000000e+00,0.000000e+00,0.000000e+00,0.000000e+00,0.000000e+00,0.000000e+00
1.000000e+00,0.000000e+00,0.000000e+00,0.000000e+00,0.000000e+00,0.000000e+00,0.000000e+00,0.000000e+00,0.000000e+00,0.000000e+00,0.000000e+00,0.000000e+00,0.000000e+00,0.000000e+00,0.000000e+00
1.000000e+00,0.000000e+00,0.000000e+00,0.000000e+00,0.000000e+00,0.000000e+00,0.000000e+00,0.000000e+00,0.000000e+00,0.000000e+00,0.000000e+00,0.000000e+00,0.000000e+00,0.000000e+00,0.000000e+00
1.000000e+00,0.000000e+00,0.000000e+00,0.000000e+00,0.000000e+00,0.000000e+00,0.000000e+00,0.000000e+00,0.000000e+00,0.000000e+00,0.000000e+00,0.000000e+00,0.000000e+00,0.000000e+00,0.000000e+00
1.000000e+00,0.000000e+00,0.000000e+00,0.000000e+00,0.000000e+00,0.000000e+00,0.000000e+00,0.000000e+00,0.000000e+00,0.000000e+00,0.000000e+00,0.000000e+00,0.000000e+00,0.000000e+00,0.000000e+00
1.000000e+00,0.000000e+00,0.000000e+00,0.000000e+00,0.000000e+00,0.000000e+00,0.000000e+00,0.000000e+00,0.000000e+00,0.000000e+00,0.000000e+00,0.000000e+00,0.000000e+00,0.000000e+00,0.000000e+00
1.000000e+00,0.000000e+00,0.000000e+00,0.000000e+00,0.000000e+00,0.000000e+00,0.000000e+00,0.000000e+00,0.000000e+00,0.000000e+00,0.000000e+00,0.000000e+00,0.000000e+00,0.000000e+00,0.000000e+00
1.000000e+00,0.000000e+00,0.000000e+00,0.000000e+00,0.000000e+00,0.000000e+00,0.000000e+00,0.000000e+00,0.000000e+00,0.000000e+00,0.000000e+00,0.000000e+00,0.000000e+00,0.000000e+00,0.000000e+00
1.000000e+00,0.000000e+00,0.000000e+00,0.000000e+00,0.000000e+00,0.000000e+00,0.000000e+00,0.000000e+00,0.000000e+00,0.000000e+00,0.000000e+00,0.000000e+00,0.000000e+00,0.000000e+00,0.000000e+00
1.000000e+00,0.000000e+00,0.000000e+00,0.000000e+00,0.000000e+00,0.000000e+00,0.000000e+00,0.000000e+00,0.000000e+00,0.000000e+00,0.000000e+00,0.000000e+00,0.000000e+00,0.000000e+00,0.000000e+00
4.578166e-01,2.603255e-02,4.117756e-02,7.994498e-02,7.328393e-03,5.462796e-02,4.171720e-03,1.741789e-02,1.741429e-02,3.366569e-02,5.303765e-02,2.152000e-02,3.147497e-02,2.697526e-03,1.516722e-01
3.207881e-01,2.063266e-02,2.892764e-02,5.977644e-02,5.221825e-03,4.484887e-02,2.930432e-03,1.224277e-02,1.623516e-02,2.771395e-02,4.448690e-02,1.550614e-02,2.880220e-02,2.666530e-03,3.692204e-01
2.250214e-01,1.552944e-02,2.031678e-02,4.826377e-02,3.747606e-03,3.688929e-02,2.076487e-03,8.680901e-03,1.728927e-02,2.324637e-02,3.761072e-02,1.165521e-02,2.692523e-02,4.058287e-03,5.186893e-01
1.577725e-01,1.096141e-02,1.432172e-02,3.657536e-02,2.680109e-03,2.762594e-02,1.479003e-03,6.512982e-03,1.323384e-02,1.645582e-02,6.816053e-02,8.602125e-03,2.361361e-02,5.013538e-03,6.069915e-01
1.108313e-01,8.159467e-03,1.019843e-02,3.130785e-02,2.129446e-03,2.205436e-02,1.088243e-03,4.629259e-03,1.377588e-02,1.180691e-02,6.608126e-02,6.218491e-03,1.864176e-02,5.782454e-03,6.872949e-01
7.801830e-02,6.902364e-03,7.279313e-03,2.280539e-02,1.751495e-03,2.211310e-02,8.382649e-04,3.314346e-03,2.047495e-02,8.895192e-03,6.669287e-02,5.004225e-03,1.593876e-02,1.298322e-02,7.269882e-01
5.529691e-02,1.052841e-02,5.552609e-03,1.668578e-02,1.704852e-03,2.206415e-02,6.351048e-04,2.406460e-03,4.185940e-02,8.277989e-03,7.050236e-02,3.981444e-03,1.370221e-02,1.794547e-02,7.288569e-01
3.987782e-02,1.759469e-02,4.885340e-03,1.192756e-02,1.651329e-03,1.727159e-02,4.624840e-04,1.728531e-03,6.124817e-02,1.309621e-02,8.209507e-02,3.021891e-03,1.139634e-02,2.506158e-02,7.086814e-01
2.999633e-02,8.504215e-02,4.562681e-02,8.607814e-03,2.073200e-03,1.334477e-02,3.792035e-04,1.720374e-03,1.528037e-01,2.157130e-02,6.567532e-02,2.354488e-03,1.034448e-02,2.477355e-02,5.356866e-01
2.438383e-02,1.012737e-01,3.757439e-02,6.139201e-03,4.404938e-03,1.104420e-02,3.088492e-04,1.499752e-03,2.749555e-01,2.417146e-02,4.741588e-02,1.927636e-03,9.765046e-03,2.288181e-02,4.322538e-01
1.998695e-02,9.151994e-02,3.612619e-02,4.490037e-03,4.251041e-03,1.020287e-02,2.573773e-04,1.188929e-03,3.151006e-01,2.767219e-02,3.678683e-02,4.058111e-03,1.624817e-02,5.491344e-02,3.771973e-01
1.858708e-02,8.567379e-02,3.612095e-02,3.380488e-03,5.311332e-03,8.884184e-03,3.317667e-04,1.558855e-03,3.874701e-01,3.203490e-02,2.909536e-02,3.314240e-03,1.898457e-02,7.582178e-02,2.934306e-01
1.678803e-02,8.689039e-02,3.088740e-02,2.786415e-03,5.577451e-03,6.930207e-03,3.273092e-04,1.801863e-03,4.659987e-01,2.781603e-02,2.436203e-02,2.677437e-03,1.737609e-02,8.388501e-02,2.258956e-01
1.343968e-02,9.514590e-02,2.432627e-02,2.473732e-03,4.803634e-03,5.444073e-03,2.495670e-04,1.598922e-03,5.154458e-01,3.676290e-02,1.986546e-02,2.247798e-03,1.422774e-02,6.699319e-02,1.969753e-01
1.167123e-02,8.673970e-02,2.059207e-02,3.001121e-03,5.164932e-03,5.148074e-03,2.010098e-04,2.469649e-03,5.375547e-01,4.651860e-02,2.894511e-02,3.428366e-03,1.785693e-02,5.569491e-02,1.750136e-01
9.474689e-03,8.483050e-02,1.655914e-02,5.384152e-03,4.819572e-03,5.158861e-03,1.722910e-04,2.931540e-03,4.827841e-01,5.994830e-02,7.461157e-02,1.397379e-02,4.860879e-02,4.432159e-02,1.464211e-01
9.190511e-03,6.610260e-02,1.187772e-02,4.962007e-03,3.750890e-03,5.495805e-03,1.536311e-04,2.839169e-03,4.501944e-01,5.055127e-02,1.083285e-01,4.226269e-02,9.373748e-02,3.591877e-02,1.146346e-01
1.081611e-02,5.390202e-02,8.546733e-03,4.168698e-03,3.498464e-03,7.082256e-03,1.551119e-04,3.871126e-03,3.905910e-01,4.783426e-02,1.402014e-01,6.818850e-02,1.359652e-01,3.082354e-02,9.435567e-02
1.731599e-02,5.017295e-02,8.029123e-03,5.236388e-03,1.479668e-02,1.760987e-02,4.987282e-04,1.363176e-02,4.091389e-01,5.520702e-02,1.265030e-01,5.704422e-02,1.282974e-01,2.509155e-02,7.142645e-02
2.025301e-02,4.692912e-02,7.732696e-03,6.315556e-03,2.519275e-02,3.083593e-02,9.315173e-04,2.483804e-02,4.429982e-01,6.105112e-02,1.012656e-01,4.439897e-02,1.092143e-01,2.335190e-02,5.469130e-02
2.846233e-02,4.191002e-02,6.886190e-03,7.129114e-03,4.688475e-02,7.530831e-02,1.440059e-03,4.076157e-02,4.557240e-01,5.140799e-02,7.163994e-02,3.159668e-02,8.252574e-02,1.836839e-02,3.995495e-02
5.377333e-02,3.576992e-02,7.648929e-03,1.530620e-02,8.680990e-02,7.653116e-02,2.555237e-03,1.160280e-01,3.895453e-01,4.098046e-02,5.058224e-02,2.274006e-02,5.931807e-02,1.349454e-02,2.891672e-02
8.429156e-02,3.516262e-02,6.822450e-03,2.462262e-02,1.040530e-01,7.988644e-02,3.888229e-03,1.563005e-01,3.406084e-01,3.330746e-02,3.632636e-02,1.742378e-02,4.485314e-02,1.023311e-02,2.222039e-02
7.804433e-02,3.859089e-02,6.526695e-03,3.041260e-02,1.054739e-01,1.337592e-01,5.972419e-03,1.473638e-01,3.125522e-01,3.043665e-02,2.650998e-02,1.291029e-02,3.478182e-02,7.657407e-03,2.900778e-02
6.982157e-02,4.074012e-02,7.958311e-03,5.274424e-02,1.092426e-01,1.444966e-01,1.154934e-02,1.664608e-01,2.723075e-01,2.854647e-02,1.935741e-02,1.024668e-02,2.840114e-02,5.605334e-03,3.252190e-02
7.974198e-02,5.102368e-02,7.886073e-03,5.501652e-02,9.452865e-02,1.703329e-01,1.345595e-02,1.675293e-01,2.436625e-01,2.949178e-02,1.435995e-02,8.047010e-03,2.385797e-02,4.082298e-03,3.698348e-02
6.397277e-02,5.086037e-02,1.966354e-02,1.064826e-01,7.531513e-02,1.347716e-01,1.568904e-02,2.276917e-01,2.018960e-01,2.462859e-02,1.140430e-02,5.936915e-03,2.184842e-02,2.924071e-03,3.691487e-02
6.034881e-02,4.920302e-02,2.225440e-02,9.517023e-02,6.151282e-02,1.419631e-01,1.614565e-02,2.906404e-01,1.745403e-01,2.089712e-02,9.347094e-03,4.410239e-03,1.824370e-02,2.132118e-03,3.319115e-02
6.326381e-02,5.876517e-02,2.522268e-02,7.557223e-02,6.432909e-02,1.441511e-01,1.494822e-02,2.703587e-01,1.993522e-01,1.856963e-02,7.684053e-03,3.405179e-03,2.334322e-02,1.710392e-03,2.932427e-02
7.256047e-02,6.077793e-02,2.659509e-02,5.920919e-02,7.694793e-02,1.252174e-01,1.591769e-02,2.625276e-01,2.218482e-01,1.680658e-02,6.497025e-03,2.697547e-03,2.639499e-02,1.436854e-03,2.456549e-02
9.177822e-02,6.542396e-02,2.955587e-02,4.800157e-02,8.380782e-02,1.024906e-01,2.317370e-02,2.654275e-01,2.098774e-01,1.808429e-02,5.426473e-03,2.657498e-03,3.019597e-02,1.274363e-03,2.282482e-02
1.591464e-01,8.019589e-02,3.844209e-02,4.402308e-02,7.482586e-02,9.191062e-02,2.183197e-02,2.010752e-01,1.712580e-01,3.711216e-02,5.146059e-03,3.410306e-03,3.191991e-02,2.464250e-03,3.723815e-02
2.095647e-01,7.082694e-02,4.746979e-02,3.923062e-02,6.592272e-02,9.789015e-02,2.748904e-02,1.583075e-01,1.384358e-01,4.209755e-02,5.570600e-03,6.034664e-03,3.785644e-02,3.083540e-03,5.021985e-02
1.792058e-01,6.375340e-02,3.786881e-02,3.637245e-02,5.037964e-02,1.483848e-01,2.606540e-02,1.122511e-01,1.173430e-01,3.742367e-02,8.785345e-03,9.612668e-03,1.176896e-01,3.515720e-03,5.134849e-02
1.664620e-01,4.990659e-02,2.812303e-02,3.312621e-02,3.818556e-02,1.356831e-01,2.203607e-02,7.966629e-02,9.241559e-02,2.777328e-02,1.040508e-02,9.589008e-03,2.438055e-01,3.112453e-03,5.971021e-02
1.514368e-01,4.200305e-02,2.213502e-02,3.158929e-02,3.138978e-02,9.801757e-02,1.704137e-02,5.750998e-02,9.162322e-02,2.236179e-02,1.027344e-02,1.143226e-02,3.401441e-01,5.140150e-03,6.790214e-02
1.266845e-01,3.019932e-02,1.626122e-02,2.614734e-02,2.399577e-02,7.776444e-02,1.329850e-02,4.085428e-02,7.381790e-02,2.319953e-02,1.451575e-02,1.897299e-02,4.472712e-01,5.329786e-03,6.168739e-02
1.589937e-01,2.246466e-02,1.194018e-02,2.091874e-02,1.779794e-02,6.071403e-02,9.959664e-03,2.891965e-02,5.736317e-02,2.057004e-02,2.038140e-02,9.024151e-02,4.129151e-01,5.947554e-03,6.087269e-02
1.208539e-01,1.607210e-02,8.726811e-03,1.508920e-02,1.351187e-02,4.734839e-02,7.620595e-03,2.034811e-02,4.215464e-02,4.617418e-02,2.152337e-02,1.284928e-01,4.536460e-01,5.014452e-03,5.342360e-02
8.732846e-02,1.169519e-02,6.401666e-03,1.103491e-02,9.939094e-03,3.465980e-02,5.660741e-03,1.428395e-02,3.016022e-02,5.612410e-02,1.899498e-02,1.510759e-01,5.127591e-01,4.169907e-03,4.571200e-02
6.430759e-02,8.758589e-03,4.869643e-03,8.004635e-03,8.088175e-03,2.563467e-02,4.303083e-03,1.002591e-02,2.280103e-02,1.315954e-01,2.007585e-02,1.533026e-01,4.940538e-01,3.823988e-03,4.035503e-02
4.623833e-02,6.293005e-03,3.551562e-03,5.652370e-03,5.940272e-03,1.806259e-02,3.199814e-03,7.026346e-03,1.671399e-02,2.355489e-01,2.038681e-02,1.503507e-01,4.319871e-01,3.088070e-03,4.596020e-02
3.277117e-02,4.748147e-03,2.686598e-03,3.993481e-03,4.409197e-03,1.269670e-02,2.284628e-03,4.921477e-03,1.222793e-02,2.966617e-01,2.007918e-02,1.648825e-01,3.936906e-01,2.529441e-03,4.141718e-02
2.319422e-02,4.428954e-03,2.410447e-03,2.832944e-03,3.396335e-03,8.907862e-03,1.611226e-03,3.450575e-03,1.152718e-02,4.304174e-01,1.837497e-02,1.344349e-01,3.079240e-01,2.082505e-03,4.500666e-02
1.647534e-02,3.598732e-03,1.929344e-03,2.048567e-03,2.454421e-03,6.262870e-03,1.135255e-03,2.430008e-03,1.517536e-02,5.313112e-01,1.597480e-02,1.116917e-01,2.423670e-01,1.795593e-03,4.534978e-02
1.218120e-02,2.819847e-03,1.569657e-03,1.683069e-03,1.988814e-03,4.428126e-03,8.039848e-04,1.840813e-03,7.237737e-02,5.582213e-01,1.626704e-02,7.955013e-02,1.754537e-01,2.703317e-03,6.811161e-02
9.128840e-03,2.394340e-03,1.314428e-03,1.245040e-03,1.548112e-03,3.184159e-03,5.684489e-04,1.510613e-03,1.365690e-01,5.384188e-01,1.687631e-02,5.675284e-02,1.242079e-01,4.090954e-03,1.021902e-01
7.039552e-03,2.428086e-03,1.904148e-03,9.690954e-04,1.367147e-03,2.826650e-03,4.414594e-04,1.593249e-03,1.848165e-01,4.964229e-01,2.006185e-02,4.139597e-02,8.953612e-02,5.012365e-03,1.441849e-01
6.740049e-03,4.068148e-03,5.629696e-03,1.884204e-03,1.520939e-03,2.595487e-03,3.175146e-04,3.461512e-03,2.913487e-01,3.867064e-01,1.700668e-02,3.007434e-02,6.482303e-02,6.755874e-03,1.770674e-01
7.065057e-03,9.738611e-03,1.206776e-02,3.683143e-03,2.049229e-03,3.131263e-03,2.387827e-04,5.496863e-03,3.826400e-01,2.951170e-01,1.498561e-02,2.292868e-02,4.953105e-02,7.261086e-03,1.840659e-01
8.395860e-03,1.770933e-02,5.496749e-02,6.815114e-03,3.563218e-03,3.655879e-03,2.003674e-04,9.539582e-03,4.194785e-01,2.126791e-01,1.331438e-02,1.938814e-02,4.026726e-02,7.928423e-03,1.820974e-01
8.044614e-03,1.721617e-02,1.358811e-01,1.767958e-02,5.329607e-03,3.914163e-03,1.808265e-04,1.440348e-02,4.275496e-01,1.545955e-01,1.157951e-02,1.540375e-02,3.041723e-02,7.639966e-03,1.501649e-01
1.489951e-02,2.263769e-02,1.660507e-01,1.332464e-02,6.179059e-03,5.431939e-03,1.698161e-04,1.428708e-02,4.323315e-01,1.172653e-01,1.224470e-02,1.159817e-02,2.334082e-02,1.457599e-02,1.456631e-01
2.029698e-02,1.852083e-02,1.446482e-01,1.321014e-02,2.336972e-02,6.352955e-03,5.970128e-04,1.015867e-01,4.173787e-01,8.312825e-02,9.978089e-03,8.424955e-03,1.701843e-02,1.823373e-02,1.172553e-01
2.667511e-02,1.419373e-02,1.052443e-01,1.085983e-02,3.583018e-02,8.433965e-03,1.106696e-03,7.922197e-02,5.208232e-01,5.922553e-02,9.614801e-03,6.719864e-03,1.269845e-02,1.910674e-02,9.024561e-02
3.731532e-02,1.269352e-02,8.401063e-02,8.948990e-03,6.170154e-02,9.529104e-03,1.140674e-03,5.922769e-02,5.206435e-01,4.212416e-02,3.406539e-02,5.297672e-03,9.871113e-03,4.734257e-02,6.608818e-02
4.937644e-02,1.145117e-02,6.686156e-02,1.003738e-02,6.658267e-02,1.200491e-02,1.411987e-03,4.988628e-02,4.741907e-01,3.121619e-02,7.112224e-02,5.126044e-03,8.749667e-03,9.074993e-02,5.123278e-02
3.963558e-02,9.642276e-03,4.848375e-02,8.694339e-03,4.935136e-02,9.974286e-03,1.215916e-03,3.617610e-02,3.906834e-01,2.512196e-02,1.598509e-01,5.225405e-03,7.376538e-03,1.675017e-01,4.106657e-02
3.765588e-02,1.206044e-02,3.656502e-02,7.605040e-03,4.073982e-02,2.395876e-02,1.204265e-03,2.610279e-02,3.457024e-01,2.638402e-02,2.073903e-01,5.676898e-03,7.614147e-03,1.899901e-01,3.135007e-02
3.868505e-02,1.438559e-02,2.868635e-02,8.400423e-03,3.166420e-02,2.104819e-02,1.343235e-03,1.923944e-02,2.636437e-01,2.402902e-02,2.604953e-01,5.733473e-03,7.393641e-03,2.497468e-01,2.550557e-02
3.146185e-02,1.415044e-02,2.145182e-02,8.162793e-03,2.325358e-02,2.203389e-02,1.212192e-03,1.384274e-02,1.988363e-01,2.106187e-02,2.881351e-01,5.944127e-03,6.574521e-03,3.248333e-01,1.904542e-02
3.760047e-02,3.545401e-02,1.665012e-02,8.393491e-03,2.065580e-02,8.063035e-02,1.415922e-03,1.072089e-02,2.056383e-01,1.939488e-02,2.401704e-01,6.604091e-03,6.074422e-03,2.942372e-01,1.635972e-02
3.670803e-02,4.381190e-02,1.738776e-02,1.924276e-02,2.222390e-02,8.865931e-02,1.707555e-03,9.907681e-03,1.947667e-01,1.689383e-02,2.457759e-01,9.966919e-03,6.421273e-03,2.733641e-01,1.316232e-02
4.922187e-02,4.448253e-02,1.651621e-02,1.623262e-02,2.002060e-02,9.445081e-02,1.781809e-03,8.920728e-03,1.840659e-01,2.570172e-02,2.405894e-01,1.209944e-02,6.464863e-03,2.683488e-01,1.110282e-02
9.900236e-02,4.353192e-02,1.965200e-02,2.172789e-02,1.692529e-02,8.493172e-02,2.042089e-03,9.294868e-03,1.510208e-01,2.092622e-02,2.139341e-01,1.387667e-02,7.703849e-03,2.828119e-01,1.261837e-02
1.112712e-01,4.305498e-02,2.004248e-02,2.276425e-02,1.758116e-02,1.006399e-01,4.103005e-03,8.315100e-03,1.679740e-01,1.962372e-02,1.762518e-01,1.381188e-02,8.809531e-03,2.736689e-01,1.208805e-02
1.054325e-01,3.637351e-02,1.774574e-02,1.801523e-02,1.838456e-02,1.509544e-01,4.040741e-03,7.661809e-03,1.454335e-01,1.866405e-02,1.420718e-01,1.299232e-02,8.014502e-03,3.033770e-01,1.083832e-02
1.125540e-01,3.965932e-02,3.980681e-02,2.690127e-02,2.984647e-02,1.203309e-01,4.371607e-03,1.246384e-02,1.369779e-01,1.726824e-02,1.144253e-01,1.207922e-02,7.133160e-03,3.145908e-01,1.159119e-02
1.628667e-01,3.556943e-02,7.332993e-02,2.778634e-02,3.128355e-02,9.049223e-02,3.804288e-03,1.141565e-02,1.392094e-01,1.706204e-02,9.288026e-02,1.094086e-02,6.065081e-03,2.845062e-01,1.278807e-02
1.992249e-01,3.675696e-02,6.511599e-02,3.308768e-02,3.449607e-02,6.919640e-02,3.437665e-03,9.913654e-03,1.513459e-01,1.626758e-02,8.375733e-02,1.241572e-02,6.432296e-03,2.613544e-01,1.719743e-02
1.770381e-01,3.069758e-02,5.200649e-02,2.478393e-02,3.293421e-02,7.278113e-02,3.194490e-03,8.732859e-03,1.313529e-01,1.514028e-02,8.570585e-02,1.083389e-02,5.587260e-03,3.360231e-01,1.318790e-02
1.584664e-01,2.743397e-02,6.753656e-02,4.316819e-02,5.792187e-02,6.592879e-02,4.186611e-03,2.077416e-02,1.310571e-01,1.610490e-02,7.840054e-02,8.299960e-03,4.155815e-03,3.062123e-01,1.035278e-02
1.269476e-01,2.492560e-02,5.699983e-02,3.365439e-02,4.949412e-02,7.549445e-02,3.219316e-03,2.171435e-02,1.567731e-01,1.352367e-02,7.452689e-02,6.205880e-03,3.090352e-03,3.456572e-01,7.773272e-03
1.129612e-01,2.723661e-02,5.319301e-02,3.524721e-02,5.398054e-02,6.376015e-02,2.751266e-03,2.382808e-02,2.297926e-01,1.144271e-02,6.651536e-02,5.273936e-03,2.480047e-03,3.046982e-01,6.839103e-03
1.059174e-01,2.266803e-02,4.614705e-02,3.489991e-02,4.666073e-02,4.963526e-02,2.324185e-03,1.783739e-02,2.668346e-01,1.036859e-02,5.731649e-02,5.181361e-03,2.248393e-03,3.238261e-01,8.134513e-03
9.084939e-02,1.749087e-02,3.476552e-02,3.067323e-02,3.817987e-02,3.841823e-02,1.786814e-03,1.449816e-02,3.355717e-01,9.498477e-03,5.215306e-02,4.483580e-03,1.911860e-03,3.209127e-01,8.806523e-03
7.150609e-02,1.318314e-02,2.703274e-02,2.563386e-02,3.090316e-02,3.544313e-02,1.378283e-03,1.667412e-02,4.181661e-01,8.542920e-03,4.289709e-02,3.884015e-03,1.490091e-03,2.950787e-01,8.186549e-03
6.609894e-02,1.047653e-02,2.397491e-02,1.942969e-02,2.369586e-02,2.767244e-02,1.023828e-03,1.328746e-02,4.502828e-01,7.057551e-03,4.043915e-02,3.348109e-03,1.132095e-03,3.050793e-01,7.001455e-03
6.031451e-02,1.050709e-02,2.365470e-02,1.437621e-02,1.912941e-02,2.334431e-02,7.655865e-04,1.470054e-02,5.221058e-01,6.049438e-03,3.232751e-02,2.643459e-03,8.872722e-04,2.623615e-01,6.832779e-03
5.398601e-02,1.025524e-02,1.886644e-02,1.279456e-02,1.599365e-02,1.778346e-02,5.694554e-04,1.312549e-02,5.752493e-01,5.588850e-03,2.512725e-02,2.133628e-03,8.092605e-04,2.176567e-01,3.006090e-02
6.834406e-02,9.840412e-03,5.988238e-02,1.255539e-02,1.345664e-02,1.751908e-02,4.608610e-04,1.514317e-02,5.680721e-01,4.227418e-03,3.055780e-02,1.734430e-03,6.974383e-04,1.647625e-01,3.274632e-02
6.499910e-02,1.498473e-02,1.294462e-01,1.192180e-02,1.586051e-02,1.519802e-02,4.500119e-04,1.766628e-02,5.010384e-01,4.015423e-03,3.718406e-02,1.575968e-03,8.644579e-04,1.263838e-01,5.841122e-02
5.539558e-02,1.378850e-02,1.231114e-01,1.221655e-02,1.342564e-02,1.256013e-02,3.614191e-04,1.798481e-02,4.260625e-01,4.988358e-03,2.967669e-02,1.580823e-03,9.142004e-04,9.795784e-02,1.899756e-01
4.963204e-02,1.282337e-02,9.814442e-02,1.037707e-02,1.218056e-02,1.166974e-02,3.201761e-04,1.507497e-02,3.690819e-01,5.128515e-03,2.848300e-02,2.228788e-03,2.247206e-03,9.759395e-02,2.850143e-01
4.670479e-02,1.042879e-02,8.631501e-02,1.339075e-02,1.239092e-02,9.197678e-03,2.835661e-04,1.394724e-02,3.158826e-01,7.446329e-03,2.489153e-02,2.530895e-03,2.501882e-03,7.809123e-02,3.759968e-01
5.209573e-02,1.101201e-02,1.170218e-01,2.072609e-02,1.230895e-02,9.104599e-03,2.647853e-04,1.417032e-02,2.524901e-01,8.114832e-03,2.190949e-02,2.634557e-03,2.636267e-03,6.854852e-02,4.069620e-01
5.807067e-02,8.793898e-03,1.373962e-01,1.714249e-02,1.169236e-02,8.762211e-03,2.199819e-04,1.653734e-02,1.930078e-01,7.600470e-03,2.028443e-02,2.232500e-03,2.388092e-03,8.631382e-02,4.295578e-01
6.071716e-02,6.856100e-03,1.223870e-01,1.511207e-02,9.771131e-03,8.100960e-03,1.982591e-04,1.737764e-02,1.430083e-01,6.852997e-03,1.662438e-02,1.920725e-03,2.198718e-03,8.334111e-02,5.055335e-01
9.035654e-02,5.945801e-03,9.327751e-02,1.353684e-02,8.349679e-03,8.026093e-03,2.287881e-04,1.672648e-02,1.066925e-01,6.315856e-03,1.348618e-02,1.792927e-03,2.204164e-03,1.005068e-01,5.325538e-01
1.310714e-01,5.601451e-03,6.873593e-02,1.127525e-02,8.059131e-03,7.024267e-03,3.317622e-04,1.499495e-02,8.033720e-02,6.064185e-03,1.086314e-02,1.602357e-03,2.069460e-03,1.053387e-01,5.466308e-01
1.047255e-01,3.257428e-02,5.178611e-02,9.087778e-02,7.312688e-03,5.378599e-03,3.028936e-04,1.083617e-02,7.394177e-02,5.111771e-03,8.990331e-03,1.747000e-03,1.870750e-03,7.590869e-02,5.286356e-01
1.500233e-01,3.176167e-02,4.934252e-02,1.032068e-01,9.389079e-03,5.160873e-03,6.847521e-04,9.187184e-03,6.811608e-02,7.009180e-03,9.236633e-03,2.365523e-03,3.111515e-03,6.454328e-02,4.868616e-01
2.314059e-01,2.764813e-02,4.492886e-02,8.075377e-02,9.722849e-03,5.525763e-03,8.859157e-04,9.053983e-03,6.156744e-02,1.096831e-02,8.902213e-03,3.330938e-03,5.394858e-03,5.668605e-02,4.432250e-01
2.055055e-01,5.165668e-02,5.070372e-02,8.781061e-02,8.391608e-03,5.892278e-03,1.254519e-03,1.112450e-02,5.261939e-02,1.059857e-02,8.000926e-03,3.693532e-03,5.362586e-03,4.488903e-02,4.524965e-01
1.918148e-01,5.064822e-02,5.584425e-02,7.156604e-02,6.779748e-03,6.409231e-03,1.403697e-03,1.075758e-02,4.295458e-02,1.209294e-02,6.984309e-03,4.072034e-03,4.931829e-03,4.858210e-02,4.851587e-01
3.147354e-01,5.430686e-02,5.160028e-02,6.699994e-02,7.837451e-03,8.250276e-03,2.332541e-03,1.743726e-02,3.510420e-02,9.899659e-03,9.465400e-03,8.812941e-03,7.265895e-03,4.511430e-02,3.608376e-01
4.292637e-01,4.980449e-02,4.117212e-02,5.602832e-02,7.093221e-03,9.355627e-03,2.429829e-03,1.570446e-02,2.745362e-02,7.696802e-03,9.541725e-03,1.021673e-02,9.131367e-03,3.822968e-02,2.868782e-01
4.677509e-01,4.646806e-02,3.658475e-02,4.791065e-02,6.232500e-03,1.487238e-02,2.450557e-03,1.346966e-02,2.565316e-02,7.158883e-03,8.877018e-03,9.186327e-03,8.335302e-03,4.188259e-02,2.631673e-01
4.071579e-01,8.763281e-02,5.119677e-02,1.066018e-01,6.214902e-03,1.405652e-02,2.319755e-03,1.250277e-02,2.965476e-02,7.668431e-03,8.811465e-03,8.208799e-03,9.063240e-03,3.021863e-02,2.186915e-01
3.976676e-01,8.388206e-02,6.496141e-02,1.071865e-01,6.499130e-03,1.325910e-02,2.347751e-03,1.083277e-02,4.011781e-02,2.192945e-02,8.300006e-03,7.332967e-03,8.973961e-03,2.367398e-02,2.030355e-01
4.129981e-01,7.139790e-02,9.808812e-02,1.061859e-01,7.438864e-03,1.379116e-02,2.568029e-03,1.240438e-02,4.705936e-02,1.971819e-02,1.276974e-02,9.235916e-03,9.639805e-03,1.938360e-02,1.573210e-01
4.712263e-01,6.808887e-02,7.998973e-02,9.824380e-02,1.096344e-02,1.510265e-02,2.709260e-03,1.283205e-02,4.084106e-02,1.631763e-02,1.685447e-02,1.272935e-02,1.020775e-02,1.855077e-02,1.253428e-01
4.551028e-01,1.149591e-01,6.973781e-02,9.737243e-02,1.480179e-02,1.497263e-02,2.572606e-03,1.193951e-02,5.846256e-02,1.374651e-02,1.623820e-02,1.254560e-02,9.180045e-03,1.485455e-02,9.351383e-02
3.211493e-01,1.022192e-01,1.129771e-01,2.565460e-01,1.264696e-02,1.158059e-02,1.988425e-03,8.763583e-03,4.791079e-02,1.223196e-02,1.210035e-02,9.344595e-03,6.888148e-03,1.048614e-02,7.316689e-02
2.507920e-01,8.505069e-02,1.341381e-01,3.313138e-01,1.088161e-02,1.164872e-02,1.632906e-03,6.886472e-03,4.212955e-02,1.943525e-02,2.033176e-02,7.926832e-03,7.226104e-03,7.619604e-03,6.298658e-02
1.964720e-01,7.162527e-02,2.317965e-01,3.252537e-01,8.257923e-03,9.868036e-03,1.250574e-03,5.674950e-03,3.675293e-02,1.829735e-02,1.626141e-02,7.228680e-03,6.543080e-03,5.745752e-03,5.897188e-02
1.958343e-01,7.471371e-02,2.549744e-01,2.695653e-01,6.155012e-03,1.030897e-02,1.019451e-03,4.248649e-03,4.751210e-02,1.877960e-02,1.449948e-02,9.256459e-03,8.448596e-03,5.802616e-03,7.888132e-02
2.070548e-01,1.004480e-01,2.360717e-01,2.061333e-01,5.778809e-03,1.021308e-02,8.687935e-04,3.338700e-03,5.720357e-02,1.718046e-02,3.431448e-02,1.167457e-02,1.773666e-02,1.116964e-02,8.081334e-02
2.097289e-01,9.968119e-02,1.938854e-01,1.878096e-01,5.839302e-03,9.727913e-03,9.156497e-04,3.415234e-03,8.569038e-02,1.548057e-02,3.361800e-02,1.359073e-02,2.782359e-02,1.176839e-02,1.010252e-01
2.701159e-01,7.842857e-02,1.419442e-01,1.587920e-01,5.948853e-03,1.150556e-02,1.177583e-03,2.829056e-03,9.220165e-02,1.454978e-02,3.596286e-02,1.346759e-02,3.723308e-02,1.759114e-02,1.182521e-01
3.627436e-01,6.001658e-02,1.013607e-01,1.214265e-01,5.291753e-03,1.257998e-02,9.632510e-04,2.534373e-03,7.268242e-02,1.152343e-02,3.088667e-02,2.036652e-02,7.652497e-02,1.975979e-02,1.013393e-01
3.787699e-01,4.741446e-02,7.629937e-02,1.026474e-01,4.404104e-03,1.429969e-02,1.067182e-03,2.435645e-03,9.006771e-02,9.404218e-03,2.643717e-02,2.871477e-02,1.211663e-01,1.933592e-02,7.753614e-02
3.044303e-01,3.562170e-02,5.742525e-02,8.366872e-02,3.400029e-03,1.802726e-02,9.858762e-04,1.964418e-03,1.244600e-01,8.216335e-03,2.501569e-02,5.914267e-02,1.830603e-01,2.933051e-02,6.525084e-02
2.199505e-01,2.635819e-02,4.152865e-02,6.156230e-02,2.684500e-03,2.594534e-02,9.446344e-04,1.473501e-03,9.691088e-02,8.063721e-03,3.428498e-02,1.318394e-01,2.662989e-01,3.232260e-02,4.983172e-02
1.596925e-01,1.903677e-02,2.977435e-02,4.427580e-02,2.055368e-03,3.259914e-02,7.978900e-04,1.144832e-03,7.282341e-02,7.771129e-03,4.271450e-02,2.212323e-01,3.001690e-01,2.755916e-02,3.835381e-02
1.145388e-01,1.375228e-02,2.187282e-02,3.159565e-02,1.574055e-03,7.189453e-02,7.151719e-04,8.807300e-04,5.507525e-02,9.669280e-03,4.934113e-02,3.169200e-01,2.619232e-01,2.175452e-02,2.849256e-02
8.726653e-02,1.016666e-02,1.624908e-02,2.331824e-02,1.273507e-03,9.227833e-02,7.766768e-04,7.092992e-04,4.099447e-02,1.176361e-02,4.484726e-02,3.916059e-01,2.353637e-01,2.113858e-02,2.224824e-02
6.522300e-02,7.489794e-03,1.160816e-02,1.676384e-02,1.156891e-03,6.977069e-02,6.034177e-04,5.484149e-04,3.184336e-02,1.345936e-02,5.228047e-02,5.081565e-01,1.876235e-01,1.729641e-02,1.617615e-02
5.156530e-02,6.649912e-03,1.093066e-02,1.225178e-02,3.283471e-02,5.438506e-02,9.474354e-03,1.478008e-03,5.349675e-02,2.398119e-02,8.031807e-02,4.824310e-01,1.547123e-01,1.287385e-02,1.261711e-02
4.833215e-02,6.340604e-03,9.508614e-03,9.273270e-03,5.626991e-02,4.630762e-02,9.966473e-03,1.720093e-03,5.704628e-02,2.901721e-02,8.032106e-02,4.972222e-01,1.285854e-01,9.715742e-03,1.037341e-02
4.431721e-02,7.309439e-03,7.687944e-03,7.782818e-03,4.649431e-02,4.678031e-02,8.001639e-03,1.471160e-03,4.964259e-02,6.655243e-02,6.997997e-02,5.163011e-01,1.108902e-01,8.012435e-03,8.776483e-03
4.005995e-02,6.870748e-03,7.428914e-03,6.314046e-03,3.927894e-02,3.556021e-02,5.952572e-03,1.473949e-03,4.873414e-02,1.399906e-01,7.308552e-02,4.859160e-01,9.363203e-02,7.236180e-03,8.466308e-03
2.880837e-02,5.077381e-03,5.684510e-03,4.756766e-03,4.137658e-02,2.521743e-02,4.612839e-03,2.054057e-03,7.767984e-02,1.711539e-01,7.618755e-02,4.207861e-01,1.232566e-01,5.441818e-03,7.906280e-03
2.074504e-02,3.683495e-03,4.205958e-03,3.494512e-03,3.318735e-02,1.776728e-02,3.402709e-03,2.806315e-03,6.093699e-02,3.472016e-01,5.943780e-02,3.348265e-01,9.808071e-02,4.133440e-03,6.090333e-03
1.542936e-02,2.697164e-03,3.082094e-03,2.529935e-03,3.561146e-02,1.263348e-02,2.836315e-03,4.360835e-03,5.924821e-02,4.848787e-01,4.417539e-02,2.464318e-01,7.793164e-02,3.134199e-03,5.019489e-03
1.484641e-02,2.080361e-03,2.375150e-03,1.930066e-03,3.349521e-02,9.082386e-03,2.164383e-03,5.489854e-03,5.972039e-02,5.722939e-01,3.408360e-02,1.910121e-01,6.530362e-02,2.332442e-03,3.790111e-03
1.465198e-02,2.387522e-03,2.282538e-03,1.547448e-03,3.458029e-02,8.122175e-03,1.784672e-03,7.495362e-03,8.110993e-02,5.987051e-01,2.734339e-02,1.579402e-01,5.695892e-02,1.957675e-03,3.132743e-03
1.264166e-02,3.065472e-03,4.369753e-03,1.243506e-03,5.221678e-02,6.910545e-03,1.726704e-03,3.171237e-02,1.008571e-01,5.832478e-01,2.100036e-02,1.211910e-01,5.525041e-02,1.590744e-03,2.975878e-03
1.546327e-02,2.857429e-03,7.969897e-03,1.731875e-03,1.009213e-01,5.685210e-03,3.797362e-03,7.877692e-02,8.301167e-02,5.533070e-01,1.553166e-02,8.662957e-02,4.082378e-02,1.210228e-03,2.282799e-03
2.248074e-02,2.809820e-03,7.906541e-03,2.401301e-03,1.377501e-01,5.340585e-03,5.162978e-03,7.173660e-02,7.433227e-02,5.594499e-01,1.213359e-02,6.338539e-02,3.202193e-02,9.274993e-04,2.160827e-03
4.973166e-02,2.927305e-03,1.637571e-02,5.856803e-03,2.059058e-01,7.578050e-03,1.119924e-02,6.361940e-02,6.215598e-02,4.928923e-01,9.172311e-03,4.561137e-02,2.423553e-02,7.081035e-04,2.030413e-03
7.472600e-02,4.420437e-03,2.147084e-02,1.739861e-02,2.493197e-01,1.207811e-02,1.922593e-02,7.483812e-02,6.545384e-02,3.927679e-01,8.193015e-03,3.563607e-02,2.138559e-02,6.117134e-04,2.474151e-03
7.821858e-02,3.662348e-03,1.718630e-02,1.442585e-02,2.032405e-01,1.046030e-02,4.888325e-02,1.982602e-01,4.858999e-02,3.225693e-01,6.325092e-03,2.730199e-02,1.809507e-02,4.887907e-04,2.292429e-03
1.081548e-01,4.703353e-03,1.543616e-02,1.203983e-02,1.766440e-01,1.220600e-02,5.713398e-02,1.696370e-01,4.600768e-02,3.469284e-01,5.263750e-03,2.542290e-02,1.659698e-02,1.333273e-03,2.491856e-03
1.191842e-01,4.550582e-03,1.212243e-02,9.721214e-03,1.321903e-01,1.041884e-02,1.481818e-01,1.361133e-01,3.770089e-02,3.440683e-01,4.426538e-03,2.331840e-02,1.412307e-02,1.574302e-03,2.305784e-03
1.132108e-01,4.688116e-03,1.055312e-02,7.510357e-03,1.005667e-01,9.011612e-03,3.164869e-01,1.033670e-01,3.288435e-02,2.600696e-01,3.997116e-03,2.190038e-02,1.211553e-02,1.687952e-03,1.950447e-03
1.318815e-01,4.155198e-03,7.760114e-03,6.016165e-03,7.558972e-02,8.823519e-03,3.852122e-01,8.019766e-02,3.401459e-02,2.291648e-01,3.639749e-03,1.919783e-02,1.059279e-02,1.583510e-03,2.170602e-03
1.776342e-01,3.511986e-03,5.842346e-03,5.652783e-03,6.106080e-02,1.105921e-02,4.023672e-01,6.824709e-02,4.095764e-02,1.895542e-01,3.271370e-03,1.650873e-02,1.076654e-02,1.181343e-03,2.384462e-03
2.483599e-01,4.340120e-03,5.023315e-03,5.231853e-03,5.154958e-02,1.409791e-02,3.846141e-01,6.295908e-02,4.077798e-02,1.442440e-01,3.096747e-03,1.655183e-02,1.485919e-02,1.111895e-03,3.182583e-03
2.962352e-01,4.429415e-03,3.913463e-03,4.762479e-03,5.139583e-02,1.683288e-02,3.758759e-01,5.507049e-02,4.561706e-02,1.036501e-01,2.673138e-03,1.525020e-02,1.980577e-02,9.726100e-04,3.515470e-03
3.368674e-01,4.819895e-03,3.341140e-03,3.930487e-03,4.595722e-02,1.550402e-02,3.704958e-01,4.831734e-02,5.545161e-02,7.486980e-02,2.446572e-03,1.462272e-02,1.879871e-02,1.092677e-03,3.484658e-03
3.849637e-01,5.180300e-03,2.980934e-03,3.178603e-03,4.495238e-02,1.597458e-02,3.342857e-01,4.513364e-02,7.322831e-02,5.522228e-02,2.013271e-03,1.150823e-02,1.695248e-02,1.088291e-03,3.337349e-03
4.422636e-01,5.688048e-03,2.616054e-03,2.678943e-03,3.842855e-02,1.546347e-02,2.855619e-01,4.372100e-02,8.599427e-02,4.393847e-02,1.774810e-03,9.388288e-03,1.808127e-02,1.206791e-03,3.194624e-03
1.000000e+00,0.000000e+00,0.000000e+00,0.000000e+00,0.000000e+00,0.000000e+00,0.000000e+00,0.000000e+00,0.000000e+00,0.000000e+00,0.000000e+00,0.000000e+00,0.000000e+00,0.000000e+00,0.000000e+00
1.000000e+00,0.000000e+00,0.000000e+00,0.000000e+00,0.000000e+00,0.000000e+00,0.000000e+00,0.000000e+00,0.000000e+00,0.000000e+00,0.000000e+00,0.000000e+00,0.000000e+00,0.000000e+00,0.000000e+00
