1.000000e+00,0.000000e+00,0.000000e+00,0.000000e+00,0.000000e+00,0.000000e+00,0.000000e+00,0.000000e+00,0.000000e+00,0.000000e+00,0.000000e+00,0.000000e+00,0.000000e+00,0.000000e+00,0.000000e+00
1.000000e+00,0.000000e+00,0.000000e+00,0.000000e+00,0.000000e+00,0.000000e+00,0.000000e+00,0.000000e+00,0.000000e+00,0.000000e+00,0.000000e+00,0.000000e+00,0.000000e+00,0.000000e+00,0.000000e+00
1.000000e+00,0.000000e+00,0.000000e+00,0.000000e+00,0.000000e+00,0.000000e+00,0.000000e+00,0.000000e+00,0.000000e+00,0.000000e+00,0.000000e+00,0.000000e+00,0.000000e+00,0.000000e+00,0.000000e+00
1.000000e+00,0.000000e+00,0.000000e+00,0.000000e+00,0.000000e+00,0.000000e+00,0.000000e+00,0.000000e+00,0.000000e+00,0.000000e+00,0.000000e+00,0.000000e+00,0.000000e+00,0.000000e+00,0.000000e+00
1.000000e+00,0.000000e+00,0.000000e+00,0.000000e+00,0.000000e+00,0.000000e+00,0.000000e+00,0.000000e+00,0.000000e+00,0.000000e+00,0.000000e+00,0.000000e+00,0.000000e+00,0.000000e+00,0.000000e+00
1.000000e+00,0.000000e+00,0.000000e+00,0.000000e+00,0.000000e+00,0.000000e+00,0.000000e+00,0.000000e+00,0.000000e+00,0.000000e+00,0.000000e+00,0.000000e+00,0.000000e+00,0.000000e+00,0.000000e+00
1.000000e+00,0.000000e+00,0.000000e+00,0.000000e+00,0.000000e+00,0.000000e+00,0.000000e+00,0.000000e+00,0.000000e+00,0.000000e+00,0.000000e+00,0.000000e+00,0.000000e+00,0.000000e+00,0.000000e+00
1.000000e+00,0.000000e+00,0.000000e+00,0.000000e+00,0.000000e+00,0.000000e+00,0.000000e+00,0.000000e+00,0.000000e+00,0.000000e+00,0.000000e+00,0.000000e+00,0.000000e+00,0.000000e+00,0.000000e+00
1.000000e+00,0.000000e+00,0.000000e+00,0.000000e+00,0.000000e+00,0.000000e+00,0.000000e+00,0.000000e+00,0.000000e+00,0.000000e+00,0.000000e+00,0.000000e+00,0.000000e+00,0.000000e+00,0.000000e+00
1.000000e+00,0.000000e+00,0.000000e+00,0.000000e+00,0.000000e+00,0.000000e+00,0.000000e+00,0.000000e+00,0.000000e+00,0.000000e+00,0.000000e+00,0.000000e+00,0.000000e+00,0.000000e+00,0.000000e+00
1.000000e+00,0.000000e+00,0.000000e+00,0.000000e+00,0.000000e+00,0.000000e+00,0.000000e+00,0.000000e+00,0.000000e+00,0.000000e+00,0.000000e+00,0.000000e+00,0.000000e+00,0.000000e+00,0.000000e+00
1.000000e+00,0.000000e+00,0.000000e+00,0.000000e+00,0.000000e+00,0.000000e+00,0.000000e+00,0.000000e+00,0.000000e+00,0.000000e+00,0.000000e+00,0.000000e+00,0.000000e+00,0.000000e+00,0.000000e+00
1.000000e+00,0.000000e+00,0.000000e+00,0.000000e+00,0.000000e+00,0.000000e+00,0.000000e+00,0.000000e+00,0.000000e+00,0.000000e+00,0.000000e+00,0.000000e+00,0.000000e+00,0.000000e+00,0.000000e+00
1.000000e+00,0.000000e+00,0.000000e+00,0.000000e+00,0.000000e+00,0.000000e+00,0.000000e+00,0.000000e+00,0.000000e+00,0.000000e+00,0.000000e+00,0.000000e+00,0.000000e+00,0.000000e+00,0.000000e+00
1.000000e+00,0.000000e+00,0.000000e+00,0.000000e+00,0.000000e+00,0.000000e+00,0.000000e+00,0.000000e+00,0.000000e+00,0.000000e+00,0.000000e+00,0.000000e+00,0.000000e+00,0.000000e+00,0.000000e+00
1.000000e+00,0.000000e+00,0.000000e+00,0.000000e+00,0.000000e+00,0.000000e+00,0.000000e+00,0.000000e+00,0.000000e+00,0.000000e+00,0.000000e+00,0.000000e+00,0.000000e+00,0.000000e+00,0.000000e+00
1.000000e+00,0.000000e+00,0.000000e+00,0.000000e+00,0.000000e+00,0.000000e+00,0.000000e+00,0.000000e+00,0.000000e+00,0.000000e+00,0.000000e+00,0.000000e+00,0.000000e+00,0.000000e+00,0.000000e+00
1.000000e+00,0.000000e+00,0.000000e+00,0.000000e+00,0.000000e+00,0.000000e+00,0.000000e+00,0.000000e+00,0.000000e+00,0.000000e+00,0.000000e+00,0.000000e+00,0.000000e+00,0.000000e+00,0.000000e+00
1.000000e+00,0.000000e+00,0.000000e+00,0.000000e+00,0.000000e+00,0.000000e+00,0.000000e+00,0.000000e+00,0.000000e+00,0.000000e+00,0.000000e+00,0.000000e+00,0.000000e+00,0.000000e+00,0.000000e+00
1.000000e+00,0.000000e+00,0.000000e+00,0.000000e+00,0.000000e+00,0.000000e+00,0.000000e+00,0.000000e+00,0.000000e+00,0.000000e+00,0.000000e+00,0.000000e+00,0.000000e+00,0.000000e+00,0.000000e+00
1.000000e+00,0.000000e+00,0.000000e+00,0.000000e+00,0.000000e+00,0.000000e+00,0.000000e+00,0.000000e+00,0.000000e+00,0.000000e+00,0.000000e+00,0.000000e+00,0.000000e+00,0.000000e+00,0.000000e+00
1.000000e+00,0.000000e+00,0.000000e+00,0.000000e+00,0.000000e+00,0.000000e+00,0.000000e+00,0.000000e+00,0.000000e+00,0.000000e+00,0.000000e+00,0.000000e+00,0.000000e+00,0.000000e+00,0.000000e+00
1.000000e+00,0.000000e+00,0.000000e+00,0.000000e+00,0.000000e+00,0.000000e+00,0.000000e+00,0.000000e+00,0.000000e+00,0.000000e+00,0.000000e+00,0.000000e+00,0.000000e+00,0.000000e+00,0.000000e+00
1.000000e+00,0.000000e+00,0.000000e+00,0.000000e+00,0.000000e+00,0.000000e+00,0.000000e+00,0.000000e+00,0.000000e+00,0.000000e+00,0.000000e+00,0.000000e+00,0.000000e+00,0.000000e+00,0.000000e+00
1.000000e+00,0.000000e+00,0.000000e+00,0.000000e+00,0.000000e+00,0.000000e+00,0.000000e+00,0.000000e+00,0.000000e+00,0.000000e+00,0.000000e+00,0.000000e+00,0.000000e+00,0.000000e+00,0.000000e+00
1.000000e+00,0.000000e+00,0.000000e+00,0.000000e+00,0.000000e+00,0.000000e+00,0.000000e+00,0.000000e+00,0.000000e+00,0.000000e+00,0.000000e+00,0.000000e+00,0.000000e+00,0.000000e+00,0.000000e+00
1.000000e+00,0.000000e+00,0.000000e+00,0.000000e+00,0.000000e+00,0.000000e+00,0.000000e+00,0.000000e+00,0.000000e+00,0.000000e+00,0.000000e+00,0.000000e+00,0.000000e+00,0.000000e+00,0.000000e+00
1.000000e+00,0.000000e+00,0.000000e+00,0.000000e+00,0.000000e+00,0.000000e+00,0.000000e+00,0.000000e+00,0.000000e+00,0.000000e+00,0.000000e+00,0.000000e+00,0.000000e+00,0.000000e+00,0.000000e+00
1.000000e+00,0.000000e+00,0.000000e+00,0.000000e+00,0.000000e+00,0.000000e+00,0.000000e+00,0.000000e+00,0.000000e+00,0.000000e+00,0.000000e+00,0.000000e+00,0.000000e+00,0.000000e+00,0.000000e+00
1.000000e+00,0.000000e+00,0.000000e+00,0.000000e+00,0.000000e+00,0.000000e+00,0.000000e+00,0.000000e+00,0.000000e+00,0.000000e+00,0.000000e+00,0.000000e+00,0.000000e+00,0.000000e+00,0.000000e+00
1.000000e+00,0.000000e+00,0.000000e+00,0.000000e+00,0.000000e+00,0.000000e+00,0.000000e+00,0.000000e+00,0.000000e+00,0.000000e+00,0.000000e+00,0.000000e+00,0.000000e+00,0.000000e+00,0.000000e+00
1.000000e+00,0.000000e+00,0.000000e+00,0.000000e+00,0.000000e+00,0.000000e+00,0.000000e+00,0.000000e+00,0.000000e+00,0.000000e+00,0.000000e+00,0.000000e+00,0.000000e+00,0.000000e+00,0.000000e+00
1.000000e+00,0.000000e+00,0.000000e+00,0.000000e+00,0.000000e+00,0.000000e+00,0.000000e+00,0.000000e+00,0.000000e+00,0.000000e+00,0.000000e+00,0.000000e+00,0.000000e+00,0.000000e+00,0.000000e+00
1.000000e+00,0.000000e+00,0.000000e+00,0.000000e+00,0.000000e+00,0.000000e+00,0.000000e+00,0.000000e+00,0.000000e+00,0.000000e+00,0.000000e+00,0.000000e+00,0.000000e+00,0.000000e+00,0.000000e+00
1.000000e+00,0.000000e+00,0.000000e+00,0.000000e+00,0.000000e+00,0.000000e+00,0.000000e+00,0.000000e+00,0.000000e+00,0.000000e+00,0.000000e+00,0.000000e+00,0.000000e+00,0.000000e+00,0.000000e+00
1.000000e+00,0.000000e+00,0.000000e+00,0.000000e+00,0.000000e+00,0.000000e+00,0.000000e+00,0.000000e+00,0.000000e+00,0.000000e+00,0.000000e+00,0.000000e+00,0.000000e+00,0.000000e+00,0.000000e+00
1.000000e+00,0.000000e+00,0.000000e+00,0.000000e+00,0.000000e+00,0.000000e+00,0.000000e+00,0.000000e+00,0.000000e+00,0.000000e+00,0.000000e+00,0.000000e+00,0.000000e+00,0.000000e+00,0.000000e+00
1.000000e+00,0.000000e+00,0.000000e+00,0.000000e+00,0.000000e+00,0.000000e+00,0.000000e+00,0.000000e+00,0.000000e+00,0.000000e+00,0.000000e+00,0.000000e+00,0.000000e+00,0.000000e+00,0.000000e+00
1.000000e+00,0.000000e+00,0.000000e+00,0.000000e+00,0.000000e+00,0.000000e+00,0.000000e+00,0.000000e+00,0.000000e+00,0.000000e+00,0.000000e+00,0.000000e+00,0.000000e+00,0.000000e+00,0.000000e+00
1.000000e+00,0.000000e+00,0.000000e+00,0.000000e+00,0.000000e+00,0.000000e+00,0.000000e+00,0.000000e+00,0.000000e+00,0.000000e+00,0.000000e+00,0.000000e+00,0.000000e+00,0.000000e+00,0.000000e+00
1.000000e+00,0.000000e+00,0.000000e+00,0.000000e+00,0.000000e+00,0.000000e+00,0.000000e+00,0.000000e+00,0.000000e+00,0.000000e+00,0.000000e+00,0.000000e+00,0.000000e+00,0.000000e+00,0.000000e+00
1.000000e+00,0.000000e+00,0.000000e+00,0.000000e+00,0.000000e+00,0.000000e+00,0.000000e+00,0.000000e+00,0.000000e+00,0.000000e+00,0.000000e+00,0.000000e+00,0.000000e+00,0.000000e+00,0.000000e+00
1.000000e+00,0.000000e+00,0.000000e+00,0.000000e+00,0.000000e+00,0.000000e+00,0.000000e+00,0.000000e+00,0.000000e+00,0.000000e+00,0.000000e+00,0.000000e+00,0.000000e+00,0.000000e+00,0.000000e+00
1.000000e+00,0.000000e+00,0.000000e+00,0.000000e+00,0.000000e+00,0.000000e+00,0.000000e+00,0.000000e+00,0.000000e+00,0.000000e+00,0.000000e+00,0.000000e+00,0.000000e+00,0.000000e+00,0.000000e+00
1.000000e+00,0.000000e+00,0.000000e+00,0.000000e+00,0.000000e+00,0.000000e+00,0.000000e+00,0.000000e+00,0.000000e+00,0.000000e+00,0.000000e+00,0.000000e+00,0.000000e+00,0.000000e+00,0.000000e+00
1.000000e+00,0.000000e+00,0.000000e+00,0.000000e+00,0.000000e+00,0.000000e+00,0.000000e+00,0.000000e+00,0.000000e+00,0.000000e+00,0.000000e+00,0.000000e+00,0.000000e+00,0.000000e+00,0.000000e+00
1.000000e+00,0.000000e+00,0.000000e+00,0.000000e+00,0.000000e+00,0.000000e+00,0.000000e+00,0.000000e+00,0.000000e+00,0.000000e+00,0.000000e+00,0.000000e+00,0.000000e+00,0.000000e+00,0.000000e+00
1.000000e+00,0.000000e+00,0.000000e+00,0.000000e+00,0.000000e+00,0.000000e+00,0.000000e+00,0.000000e+00,0.000000e+00,0.000000e+00,0.000000e+00,0.000000e+00,0.000000e+00,0.000000e+00,0.000000e+00
1.000000e+00,0.000000e+00,0.000000e+00,0.000000e+00,0.000000e+00,0.000000e+00,0.000000e+00,0.000000e+00,0.000000e+00,0.000000e+00,0.000000e+00,0.000000e+00,0.000000e+00,0.000000e+00,0.000000e+00
1.000000e+00,0.000000e+00,0.000000e+00,0.000000e+00,0.000000e+00,0.000000e+00,0.000000e+00,0.000000e+00,0.000000e+00,0.000000e+00,0.000000e+00,0.000000e+00,0.000000e+00,0.000000e+00,0.000000e+00
1.000000e+00,0.000000e+00,0.000000e+00,0.000000e+00,0.000000e+00,0.000000e+00,0.000000e+00,0.000000e+00,0.000000e+00,0.000000e+00,0.000000e+00,0.000000e+00,0.000000e+00,0.000000e+00,0.000000e+00
1.000000e+00,0.000000e+00,0.000000e+00,0.000000e+00,0.000000e+00,0.000000e+00,0.000000e+00,0.000000e+00,0.000000e+00,0.000000e+00,0.000000e+00,0.000000e+00,0.000000e+00,0.000000e+00,0.000000e+00
1.000000e+00,0.000000e+00,0.000000e+00,0.000000e+00,0.000000e+00,0.000000e+00,0.000000e+00,0.000000e+00,0.000000e+00,0.000000e+00,0.000000e+00,0.000000e+00,0.000000e+00,0.000000e+00,0.000000e+00
1.000000e+00,0.000000e+00,0.000000e+00,0.000000e+00,0.000000e+00,0.000000e+00,0.000000e+00,0.000000e+00,0.000000e+00,0.000000e+00,0.000000e+00,0.000000e+00,0.000000e+00,0.000000e+00,0.000000e+00
1.000000e+00,0.000000e+00,0.000000e+00,0.000000e+00,0.000000e+00,0.000000e+00,0.000000e+00,0.000000e+00,0.000000e+00,0.000000e+00,0.000000e+00,0.000000e+00,0.000000e+00,0.000000e+00,0.000000e+00
1.000000e+00,0.000000e+00,0.000000e+00,0.000000e+00,0.000000e+00,0.000000e+00,0.000000e+00,0.000000e+00,0.000000e+00,0.000000e+00,0.000000e+00,0.000000e+00,0.000000e+00,0.000000e+00,0.000000e+00
4.600765e-01,5.879891e-02,1.504058e-02,1.068999e-01,3.424501e-02,7.545098e-02,3.289714e-02,2.874720e-02,3.005770e-02,4.262446e-03,7.134276e-03,6.448767e-02,5.306261e-02,2.150815e-03,2.668828e-02
4.279207e-01,6.779837e-02,1.543149e-02,1.148274e-01,3.502901e-02,7.735585e-02,2.841277e-02,2.618826e-02,3.197458e-02,4.803117e-03,7.375294e-03,6.727878e-02,6.154802e-02,2.490954e-03,3.156544e-02
3.841909e-01,7.903083e-02,1.566880e-02,1.270495e-01,3.620536e-02,8.246425e-02,2.518013e-02,2.391919e-02,3.437878e-02,5.485869e-03,7.786185e-03,6.692786e-02,6.947757e-02,2.850426e-03,3.938435e-02
3.891749e-01,7.849091e-02,1.434272e-02,1.216248e-01,3.365990e-02,8.252906e-02,2.104748e-02,2.085501e-02,3.471235e-02,6.136921e-03,7.982242e-03,6.500982e-02,7.645427e-02,3.133736e-03,4.484587e-02
3.700589e-01,8.057990e-02,1.507071e-02,1.213482e-01,3.485595e-02,7.668129e-02,1.803237e-02,1.877611e-02,3.517966e-02,6.859293e-03,8.375474e-03,6.490103e-02,8.608457e-02,3.691014e-03,5.950562e-02
2.934939e-01,5.944776e-02,1.238884e-02,8.919185e-02,3.192741e-02,1.076073e-01,1.281227e-01,1.860521e-02,2.678291e-02,5.190082e-03,7.951384e-03,6.149678e-02,1.115530e-01,3.099189e-03,4.314178e-02
3.460765e-01,4.437720e-02,1.021028e-02,6.824186e-02,2.480734e-02,1.665146e-01,9.293494e-02,1.477002e-02,2.106046e-02,4.064734e-03,8.444670e-03,5.081512e-02,1.133149e-01,2.703660e-03,3.166366e-02
4.402489e-01,3.537907e-02,8.117426e-03,5.384606e-02,1.963493e-02,1.647934e-01,6.729786e-02,1.182190e-02,1.710176e-02,3.269141e-03,9.598193e-03,4.138742e-02,9.951581e-02,2.640412e-03,2.534773e-02
1.000000e+00,0.000000e+00,0.000000e+00,0.000000e+00,0.000000e+00,0.000000e+00,0.000000e+00,0.000000e+00,0.000000e+00,0.000000e+00,0.000000e+00,0.000000e+00,0.000000e+00,0.000000e+00,0.000000e+00
1.000000e+00,0.000000e+00,0.000000e+00,0.000000e+00,0.000000e+00,0.000000e+00,0.000000e+00,0.000000e+00,0.000000e+00,0.000000e+00,0.000000e+00,0.000000e+00,0.000000e+00,0.000000e+00,0.000000e+00
1.000000e+00,0.000000e+00,0.000000e+00,0.000000e+00,0.000000e+00,0.000000e+00,0.000000e+00,0.000000e+00,0.000000e+00,0.000000e+00,0.000000e+00,0.000000e+00,0.000000e+00,0.000000e+00,0.000000e+00
4.303046e-01,2.527632e-02,1.140187e-02,3.613477e-02,1.080509e-01,1.386226e-01,4.278287e-02,1.103655e-01,7.775981e-03,1.731268e-03,7.429212e-03,1.939300e-02,4.381089e-02,2.848941e-03,1.407118e-02
3.027893e-01,1.964299e-02,1.045339e-02,2.612465e-02,1.262879e-01,2.749891e-01,7.640757e-02,9.099192e-02,5.576874e-03,1.336488e-03,6.208978e-03,1.381761e-02,3.178149e-02,2.108617e-03,1.148306e-02
2.132058e-01,1.449128e-02,8.065923e-03,1.853594e-02,1.000850e-01,3.739716e-01,1.439174e-01,6.980298e-02,3.975517e-03,1.053199e-03,5.337931e-03,9.920346e-03,2.741773e-02,1.540601e-03,8.678774e-03
1.495283e-01,1.023833e-02,5.685028e-03,1.302226e-02,7.119337e-02,3.731485e-01,1.780816e-01,4.904943e-02,3.167735e-03,1.038036e-03,7.723313e-03,8.158787e-03,1.148007e-01,1.104811e-03,1.405984e-02
1.048297e-01,7.267233e-03,4.032108e-03,9.169619e-03,5.172256e-02,3.575133e-01,2.599915e-01,3.449262e-02,2.377362e-03,1.357173e-03,1.006642e-02,7.762110e-03,1.271319e-01,8.485049e-04,2.143789e-02
8.391286e-02,5.494538e-03,2.944992e-03,6.970587e-03,4.280996e-02,2.636518e-01,3.533800e-01,2.468547e-02,2.992352e-03,3.825024e-03,1.582943e-02,9.712374e-03,1.199591e-01,1.274629e-03,6.255700e-02
6.954689e-02,4.281376e-03,2.112195e-03,5.245109e-03,3.706131e-02,1.866660e-01,4.302654e-01,1.755670e-02,2.874501e-03,4.713094e-03,2.208784e-02,8.811576e-03,1.196855e-01,1.739732e-03,8.735277e-02
1.468150e-01,4.205108e-03,1.532479e-03,4.823443e-03,3.140973e-02,1.449522e-01,3.538021e-01,1.243897e-02,3.879657e-03,4.856057e-03,1.998421e-02,1.702624e-02,1.640787e-01,3.198840e-03,8.699735e-02
3.260866e-01,4.215133e-03,1.177396e-03,3.916176e-03,2.482196e-02,1.147400e-01,2.574952e-01,8.809825e-03,5.643779e-03,4.619063e-03,1.591529e-02,1.511597e-02,1.401421e-01,4.250812e-03,7.305088e-02
4.682948e-01,5.751244e-03,1.562859e-03,3.929601e-03,2.105871e-02,9.263673e-02,1.880244e-01,6.308807e-03,8.228115e-03,4.953964e-03,1.270680e-02,1.227564e-02,1.113423e-01,4.372210e-03,5.855380e-02
1.000000e+00,0.000000e+00,0.000000e+00,0.000000e+00,0.000000e+00,0.000000e+00,0.000000e+00,0.000000e+00,0.000000e+00,0.000000e+00,0.000000e+00,0.000000e+00,0.000000e+00,0.000000e+00,0.000000e+00
1.000000e+00,0.000000e+00,0.000000e+00,0.000000e+00,0.000000e+00,0.000000e+00,0.000000e+00,0.000000e+00,0.000000e+00,0.000000e+00,0.000000e+00,0.000000e+00,0.000000e+00,0.000000e+00,0.000000e+00
4.151677e-01,6.931375e-03,2.224351e-03,5.431116e-03,1.534512e-02,5.375453e-02,7.457460e-02,3.127119e-03,1.241339e-02,5.128619e-03,2.108234e-02,1.415073e-01,1.645605e-01,5.469245e-03,7.328273e-02
3.128586e-01,4.982338e-03,2.341810e-03,4.304090e-03,1.816356e-02,4.002579e-02,5.968117e-02,4.014159e-03,1.401099e-02,5.801833e-03,2.517295e-02,2.389390e-01,1.707525e-01,4.750012e-03,9.420130e-02
2.353165e-01,3.598434e-03,3.153802e-03,3.443130e-03,2.958132e-02,3.386978e-02,6.148935e-02,1.124539e-02,1.527448e-02,5.677526e-03,2.577256e-02,2.283671e-01,1.959983e-01,4.225527e-03,1.429867e-01
1.871442e-01,5.122592e-03,8.476022e-03,2.992374e-03,2.714903e-02,3.014428e-02,5.820555e-02,2.300739e-02,3.178005e-02,5.643787e-03,1.964876e-02,3.056630e-01,1.510951e-01,4.247174e-03,1.396807e-01
1.458374e-01,5.232696e-03,7.805526e-03,2.765878e-03,3.104241e-02,2.595029e-02,6.803963e-02,3.469631e-02,6.675839e-02,4.516967e-03,1.501296e-02,3.418675e-01,1.383183e-01,3.157025e-03,1.089987e-01
1.255254e-01,8.912467e-03,7.820273e-03,1.904573e-02,3.360305e-02,3.199028e-02,5.405408e-02,3.077273e-02,2.264013e-01,4.629269e-03,1.986835e-02,2.466365e-01,1.081847e-01,2.809296e-03,7.974659e-02
9.934882e-02,1.003027e-02,9.698594e-03,2.016379e-02,2.946224e-02,1.058911e-01,3.968580e-02,3.375682e-02,2.977216e-01,4.137861e-03,1.982700e-02,1.822645e-01,8.791572e-02,2.219305e-03,5.787661e-02
1.104273e-01,1.136360e-02,1.067311e-02,2.559288e-02,4.802499e-02,1.040659e-01,3.183888e-02,3.251629e-02,3.196868e-01,3.610148e-03,1.538092e-02,1.363049e-01,1.059836e-01,1.726759e-03,4.280406e-02
1.213345e-01,1.963523e-02,9.685583e-03,5.543462e-02,4.927948e-02,9.192932e-02,2.426157e-02,2.637111e-02,3.493309e-01,5.235284e-03,1.370806e-02,1.062183e-01,8.692048e-02,1.519430e-03,3.913616e-02
1.696866e-01,2.100700e-02,7.827708e-03,4.690553e-02,4.996490e-02,8.094472e-02,2.001336e-02,2.206784e-02,3.409306e-01,4.991547e-03,1.228705e-02,8.331882e-02,1.057422e-01,1.445674e-03,3.286653e-02
1.622951e-01,2.769868e-02,5.792354e-03,4.021628e-02,4.419188e-02,6.172819e-02,1.800305e-02,1.648467e-02,3.847380e-01,4.527407e-03,1.063553e-02,6.831586e-02,1.269418e-01,1.272421e-03,2.715876e-02
1.281956e-01,3.650673e-02,4.603020e-03,1.065650e-01,3.233049e-02,5.158310e-02,1.306375e-02,1.322188e-02,4.285891e-01,5.029404e-03,1.053733e-02,4.849966e-02,9.795804e-02,1.281113e-03,2.203574e-02
1.175905e-01,3.677602e-02,3.877218e-03,8.562511e-02,3.202249e-02,4.727096e-02,1.054929e-02,2.132552e-02,4.273338e-01,5.374836e-03,2.097916e-02,3.785402e-02,1.167134e-01,1.696048e-03,3.501165e-02
1.065694e-01,3.933166e-02,3.172398e-03,6.770606e-02,2.543310e-02,3.730132e-02,8.244867e-03,1.913235e-02,3.891357e-01,4.885212e-03,1.671921e-02,2.840282e-02,2.238938e-01,1.325213e-03,2.874700e-02
8.507669e-02,4.931122e-02,2.476572e-03,5.746411e-02,1.845852e-02,2.704383e-02,5.840881e-03,1.395820e-02,5.052916e-01,4.051375e-03,2.029423e-02,2.337828e-02,1.643112e-01,1.171502e-03,2.187171e-02
6.109935e-02,3.524695e-02,1.852278e-03,4.270467e-02,1.483130e-02,2.077405e-02,4.124945e-03,1.011450e-02,5.791000e-01,3.224560e-03,4.760678e-02,1.937195e-02,1.185289e-01,2.397098e-02,1.744880e-02
4.403246e-02,2.511086e-02,1.380873e-03,3.153661e-02,1.091757e-02,1.612909e-02,2.898019e-03,7.288828e-03,4.774733e-01,2.648227e-03,2.041448e-01,1.599554e-02,8.373833e-02,6.385891e-02,1.284664e-02
3.166870e-02,1.772025e-02,1.006127e-03,2.259082e-02,7.876947e-03,1.611293e-02,2.033815e-03,5.234321e-03,3.478433e-01,2.214713e-03,4.028974e-01,1.677032e-02,5.909707e-02,5.776209e-02,9.171232e-03
2.262097e-02,1.249882e-02,7.546328e-04,1.601115e-02,5.741211e-03,1.230264e-02,1.436135e-03,3.742097e-03,2.480512e-01,2.085842e-03,5.567531e-01,1.932950e-02,4.200696e-02,5.008317e-02,6.582648e-03
1.621553e-02,8.908207e-03,6.130317e-04,1.165884e-02,4.648448e-03,9.694347e-03,1.018840e-03,2.665948e-03,1.756754e-01,2.173731e-03,6.651742e-01,2.213274e-02,2.975677e-02,4.485160e-02,4.812378e-03
1.164459e-02,8.465086e-03,4.332495e-03,8.643448e-03,2.031107e-02,7.014595e-03,7.698657e-04,2.001049e-03,1.255344e-01,1.719382e-03,7.283050e-01,1.945222e-02,2.105898e-02,3.707315e-02,3.674663e-03
9.398184e-03,6.503823e-03,3.636564e-03,6.569213e-03,2.935807e-02,6.009961e-03,6.967296e-04,1.687800e-03,8.944485e-02,2.474099e-03,7.332635e-01,2.221452e-02,1.498393e-02,7.027589e-02,3.482919e-03
7.517555e-03,4.778437e-03,2.713497e-03,5.012141e-03,3.237555e-02,4.722135e-03,6.028873e-04,1.353537e-03,6.369098e-02,2.794280e-03,7.700247e-01,2.300370e-02,1.084781e-02,6.764215e-02,2.920755e-03
6.579625e-03,3.940058e-03,2.518753e-03,3.710758e-03,3.579431e-02,3.922143e-03,4.955222e-04,1.068468e-03,4.521454e-02,2.511696e-03,7.830760e-01,2.108568e-02,7.870789e-03,7.996115e-02,2.250516e-03
5.286690e-03,1.446607e-02,1.065270e-02,2.931926e-03,8.873265e-02,3.137931e-03,4.627746e-04,8.625545e-04,3.461758e-02,3.178311e-03,7.104415e-01,2.636890e-02,5.614847e-03,9.078532e-02,2.460307e-03
3.908685e-03,1.025524e-02,8.774880e-03,2.199462e-03,6.546142e-02,2.343666e-03,3.369415e-04,6.581932e-04,2.524805e-02,2.427961e-03,7.507342e-01,1.944351e-02,3.970943e-03,1.019678e-01,2.269203e-03
4.826176e-03,7.304991e-03,1.303602e-02,2.202215e-03,9.684351e-02,3.390260e-03,6.004010e-04,1.765417e-03,1.972305e-02,3.949873e-03,7.390389e-01,1.469877e-02,3.003672e-03,8.688750e-02,2.729264e-03
1.053883e-02,5.693239e-03,3.606583e-02,2.676217e-03,1.429143e-01,6.109698e-03,7.688571e-04,4.309536e-03,1.638106e-02,7.501175e-03,6.772731e-01,1.243682e-02,2.738880e-03,7.116222e-02,3.430171e-03
1.932885e-02,5.401015e-03,4.577122e-02,4.486284e-03,1.539088e-01,7.453452e-03,1.135652e-03,9.030885e-03,1.586874e-02,2.249023e-02,6.325202e-01,1.361591e-02,3.293783e-03,6.173513e-02,3.959792e-03
2.522528e-02,4.498107e-03,4.163029e-02,5.905992e-03,1.375970e-01,8.670843e-03,1.135156e-03,1.037470e-02,2.203145e-02,5.326753e-02,6.028117e-01,1.850384e-02,4.601256e-03,5.907700e-02,4.669844e-03
4.558759e-02,5.476945e-03,5.237018e-02,2.965480e-02,1.045287e-01,1.463414e-02,9.276017e-04,1.172480e-02,2.742745e-02,1.046088e-01,4.847405e-01,3.468557e-02,1.046526e-02,6.414662e-02,9.021002e-03
5.201389e-02,6.993736e-03,8.029531e-02,3.193840e-02,7.817795e-02,1.940768e-02,9.522757e-04,3.060340e-02,3.180386e-02,9.872965e-02,4.181307e-01,3.255663e-02,1.160875e-02,9.873400e-02,8.053793e-03
6.329437e-02,1.129795e-02,8.694796e-02,2.509200e-02,7.293054e-02,1.954875e-02,1.078839e-03,2.517500e-02,1.123510e-01,8.294702e-02,3.371587e-01,2.587887e-02,9.478791e-03,1.197471e-01,7.073108e-03
6.813526e-02,1.230962e-02,9.084992e-02,3.153281e-02,1.185861e-01,1.908218e-02,2.155896e-03,4.633553e-02,1.141555e-01,6.797689e-02,2.454850e-01,1.878734e-02,7.155195e-03,1.519689e-01,5.483741e-03
6.921231e-02,1.347806e-02,1.038062e-01,2.841422e-02,9.392695e-02,1.842116e-02,1.809164e-03,3.991155e-02,1.104992e-01,6.305416e-02,1.814514e-01,1.359314e-02,5.320191e-03,2.519401e-01,5.162212e-03
1.095495e-01,1.235158e-02,8.304487e-02,2.722914e-02,7.331762e-02,1.704733e-02,1.366956e-03,3.851469e-02,1.001887e-01,9.849721e-02,1.438742e-01,9.941530e-03,4.168593e-03,2.730579e-01,7.850146e-03
1.173092e-01,9.996569e-03,5.967046e-02,2.332928e-02,5.560331e-02,1.597320e-02,1.037661e-03,2.936749e-02,8.687373e-02,9.483272e-02,1.149963e-01,7.169384e-03,3.848290e-03,3.706920e-01,9.300372e-03
1.243360e-01,8.625137e-03,4.246069e-02,1.973286e-02,4.180679e-02,1.276105e-02,7.793690e-04,2.193522e-02,8.291914e-02,1.107227e-01,1.011016e-01,5.302417e-03,3.929916e-03,4.095183e-01,1.406877e-02
1.236150e-01,2.101303e-02,3.437548e-02,8.028795e-02,3.470304e-02,1.027130e-02,7.080222e-04,1.724731e-02,1.301065e-01,8.203490e-02,8.343139e-02,4.644359e-03,3.399791e-03,3.472706e-01,2.689123e-02
1.554425e-01,1.949872e-02,2.572677e-02,8.262001e-02,3.476565e-02,9.752331e-03,7.007073e-04,1.285544e-02,1.449153e-01,7.681401e-02,8.672494e-02,4.728090e-03,3.925160e-03,3.007548e-01,4.077560e-02
1.335512e-01,2.598463e-02,2.142175e-02,2.140380e-01,3.813684e-02,8.883572e-03,6.992406e-04,9.925014e-03,1.462258e-01,5.891244e-02,6.520886e-02,5.115366e-03,4.360144e-03,2.135555e-01,5.398162e-02
1.994440e-01,2.621404e-02,1.965047e-02,2.060336e-01,4.163974e-02,1.619603e-02,1.156989e-03,8.703703e-03,1.419919e-01,4.750492e-02,5.377614e-02,9.035490e-03,2.187236e-02,1.548017e-01,5.197893e-02
2.246721e-01,2.458836e-02,4.484748e-02,2.396651e-01,5.297077e-02,1.448815e-02,1.826910e-03,1.527966e-02,1.266863e-01,3.413443e-02,4.206332e-02,1.007967e-02,1.777162e-02,1.107750e-01,4.015113e-02
2.814411e-01,2.126178e-02,3.902142e-02,2.193968e-01,6.377798e-02,2.278853e-02,1.881545e-03,1.251185e-02,1.385948e-01,2.447186e-02,3.287721e-02,1.032388e-02,2.075738e-02,8.018132e-02,3.071248e-02
2.746996e-01,2.003649e-02,3.142570e-02,3.144701e-01,5.686197e-02,1.759468e-02,1.581378e-03,1.785541e-02,1.064600e-01,1.763115e-02,3.021808e-02,1.453599e-02,1.717800e-02,5.666864e-02,2.278282e-02
1.948566e-01,1.489954e-02,2.221928e-02,3.355860e-01,4.298582e-02,1.255207e-02,1.124378e-03,1.276108e-02,7.467723e-02,1.242025e-02,1.953300e-01,1.182026e-02,1.287693e-02,3.984178e-02,1.604878e-02
1.364495e-01,1.049815e-02,1.558233e-02,2.764971e-01,3.055513e-02,8.811278e-03,7.909051e-04,9.039910e-03,5.254654e-02,8.803489e-03,3.844640e-01,1.076417e-02,9.790164e-03,3.413871e-02,1.126865e-02
9.552019e-02,7.358138e-03,1.093473e-02,1.957596e-01,2.154624e-02,6.183621e-03,5.547360e-04,6.338145e-03,3.689267e-02,6.256348e-03,5.562330e-01,8.579643e-03,7.033557e-03,3.286779e-02,7.941565e-03
6.689467e-02,5.158503e-03,7.679406e-03,1.381769e-01,1.597615e-02,4.523942e-03,3.936314e-04,4.466356e-03,2.606187e-02,4.523478e-03,6.663581e-01,6.699109e-03,4.993512e-03,4.242045e-02,5.673886e-03
4.689227e-02,3.626123e-03,5.414853e-03,1.010210e-01,1.321932e-02,3.469133e-03,2.837055e-04,3.192250e-03,1.952004e-02,3.415033e-03,6.535161e-01,5.706632e-03,3.636766e-03,1.328189e-01,4.267887e-03
3.307401e-02,2.693267e-03,3.988426e-03,7.409816e-02,1.054234e-02,2.873204e-03,2.059506e-04,2.308559e-03,1.411195e-02,3.051907e-03,6.418752e-01,4.645350e-03,3.001007e-03,2.001666e-01,3.364044e-03
2.322868e-02,1.967383e-03,2.982846e-03,5.488554e-02,7.839194e-03,2.278910e-03,1.517636e-04,1.668034e-03,1.365849e-02,4.928973e-03,6.624529e-01,4.108722e-03,3.170887e-03,2.108426e-01,5.835054e-03
1.630207e-02,1.424042e-03,2.181877e-03,4.026014e-02,5.793775e-03,1.753502e-03,1.086121e-04,1.192653e-03,9.755652e-03,4.792513e-03,6.478305e-01,3.280856e-03,2.498500e-03,2.567549e-01,6.070427e-03
1.145238e-02,1.082858e-03,1.776675e-03,2.968250e-02,4.373789e-03,1.529203e-03,9.307380e-05,1.006328e-03,7.266033e-03,7.146443e-03,6.229023e-01,2.666224e-03,1.982259e-03,2.969021e-01,1.013792e-02
8.060027e-03,9.498010e-04,1.525415e-03,2.161299e-02,3.190597e-03,1.486797e-03,7.826713e-05,8.838669e-04,5.444455e-03,7.209206e-03,4.788345e-01,2.220624e-03,1.524123e-03,4.560901e-01,1.088927e-02
5.890828e-03,1.556929e-03,1.768080e-03,1.542586e-02,2.505682e-03,2.225111e-03,7.783063e-05,7.583498e-04,4.565096e-03,8.226587e-03,4.198973e-01,3.189032e-03,1.675072e-03,5.219502e-01,1.028813e-02
5.613441e-03,2.257120e-03,4.776455e-03,1.138186e-02,3.578251e-03,8.906065e-03,3.055168e-04,2.603932e-03,4.962861e-03,1.062602e-02,4.568071e-01,4.644194e-03,2.382659e-03,4.590314e-01,2.212316e-02
4.757545e-03,2.206392e-03,6.044308e-03,9.627189e-03,8.538489e-03,1.855831e-02,2.347734e-03,1.490752e-02,4.641390e-03,1.619837e-02,4.446326e-01,6.456594e-03,2.685057e-03,3.796848e-01,7.871377e-02
1.214992e-02,2.765587e-03,5.902781e-03,8.475212e-03,1.065161e-02,2.095196e-02,2.228862e-03,1.405004e-02,8.626213e-03,2.487340e-02,4.432737e-01,8.958708e-03,4.998453e-03,3.428407e-01,8.925289e-02
1.825082e-02,4.015312e-03,7.985847e-03,1.181982e-02,3.149782e-02,2.648881e-02,2.905125e-03,2.562917e-02,1.268414e-02,2.838454e-02,4.268422e-01,1.413919e-02,6.293140e-03,3.034273e-01,7.963671e-02
2.354986e-02,3.210063e-02,2.837841e-02,1.029527e-02,6.242593e-02,3.877205e-02,2.305106e-03,2.842154e-02,7.448630e-02,2.388528e-02,3.633065e-01,1.328088e-02,5.791948e-03,2.327760e-01,6.022437e-02
3.678538e-02,2.502024e-02,3.657607e-02,1.082126e-02,5.642614e-02,3.992974e-02,2.920713e-03,4.544119e-02,5.905288e-02,2.329752e-02,3.959404e-01,9.935538e-03,4.515617e-03,2.099536e-01,4.338377e-02
5.133228e-02,1.934734e-02,1.032141e-01,1.046071e-01,5.014506e-02,3.916202e-02,2.517317e-03,4.373019e-02,6.652822e-02,2.179661e-02,2.967830e-01,7.518112e-03,3.623169e-03,1.557001e-01,3.399556e-02
7.926155e-02,2.035128e-02,1.797165e-01,9.531993e-02,4.922049e-02,3.310524e-02,2.078530e-03,3.480504e-02,6.685690e-02,2.050840e-02,2.443513e-01,6.393865e-03,3.720660e-03,1.341480e-01,3.016237e-02
1.300825e-01,2.053591e-02,2.294239e-01,7.544036e-02,7.781661e-02,3.658976e-02,1.796049e-03,2.565337e-02,5.080587e-02,1.779655e-02,1.871862e-01,5.178663e-03,3.103245e-03,1.161888e-01,2.240213e-02
1.680147e-01,3.177039e-02,1.754097e-01,6.028334e-02,8.428334e-02,5.613493e-02,1.560055e-03,1.936257e-02,4.815984e-02,2.131087e-02,1.681848e-01,4.548412e-03,3.611390e-03,1.358801e-01,2.148541e-02
1.490949e-01,4.183661e-02,1.899264e-01,1.208895e-01,1.082662e-01,5.844228e-02,1.660046e-03,1.762031e-02,4.028618e-02,1.669680e-02,1.264181e-01,4.661989e-03,3.266082e-03,1.050537e-01,1.588088e-02
1.264027e-01,3.814080e-02,1.567254e-01,2.425477e-01,1.173734e-01,5.110110e-02,1.244966e-03,1.878818e-02,3.164643e-02,1.300808e-02,1.046063e-01,6.055753e-03,3.561700e-03,7.678045e-02,1.201692e-02
8.894886e-02,2.742958e-02,1.127680e-01,3.213058e-01,8.344043e-02,3.586600e-02,8.772059e-04,1.323519e-02,2.263031e-02,1.037760e-02,2.110003e-01,6.586505e-03,2.932125e-03,5.400589e-02,8.596171e-03
6.362116e-02,2.100626e-02,8.737966e-02,4.099624e-01,7.113110e-02,2.536142e-02,6.403833e-04,1.125881e-02,1.764637e-02,8.643429e-03,2.149003e-01,1.641483e-02,2.637758e-03,4.274338e-02,6.652700e-03
4.826451e-02,1.501083e-02,6.291766e-02,3.458197e-01,5.356253e-02,1.993647e-02,5.238417e-04,1.136505e-02,1.409001e-02,6.631311e-03,2.941772e-01,3.157261e-02,3.254273e-03,8.756413e-02,5.309864e-03
3.433426e-02,1.064972e-02,4.438788e-02,2.599058e-01,4.194449e-02,1.596798e-02,3.961134e-04,8.558522e-03,1.083382e-02,4.838661e-03,3.811260e-01,3.223253e-02,3.408361e-03,1.472951e-01,4.120753e-03
2.473233e-02,7.751662e-03,3.133160e-02,1.855921e-01,3.197103e-02,1.897956e-02,2.890458e-04,6.442650e-03,8.744733e-03,3.566437e-03,3.985873e-01,3.257695e-02,4.007658e-03,2.420535e-01,3.373379e-03
1.806035e-02,5.492331e-03,2.196518e-02,1.304061e-01,2.336206e-02,1.722979e-02,2.070380e-04,4.666364e-03,6.413534e-03,2.571775e-03,3.636380e-01,3.061387e-02,3.851804e-03,3.690245e-01,2.497432e-03
1.297219e-02,3.912101e-03,1.540377e-02,9.173743e-02,1.728308e-02,1.308611e-02,1.473973e-04,3.329813e-03,4.637995e-03,1.852369e-03,3.633115e-01,2.445598e-02,3.327581e-03,4.426704e-01,1.872344e-03
9.237140e-03,2.799059e-03,1.080809e-02,6.438141e-02,1.576030e-02,9.529949e-03,1.082054e-04,2.357569e-03,3.420098e-03,1.422449e-03,3.154144e-01,1.916752e-02,2.732282e-03,5.413345e-01,1.527086e-03
6.557494e-03,2.007039e-03,7.587923e-03,4.517816e-02,1.121365e-01,7.053693e-03,1.001862e-04,1.746301e-03,2.541530e-03,1.148460e-03,2.480045e-01,1.474107e-02,2.250981e-03,5.477670e-01,1.179084e-03
4.736807e-03,1.725204e-03,5.366539e-03,3.169560e-02,2.943515e-01,5.750538e-03,1.058830e-04,1.318173e-03,1.953628e-03,9.272270e-04,1.867832e-01,1.127902e-02,1.631572e-03,4.513609e-01,1.014222e-03
5.163156e-03,2.044153e-03,4.863341e-03,2.352565e-02,4.518526e-01,5.910012e-03,3.077366e-04,1.576898e-03,1.991159e-03,1.795957e-03,1.454522e-01,1.271173e-02,1.411994e-03,3.382028e-01,3.190505e-03
5.847789e-03,3.885866e-03,4.742805e-03,1.684281e-02,4.893176e-01,6.026648e-03,3.055022e-04,1.367850e-03,2.869294e-03,4.522587e-03,1.382624e-01,1.524663e-02,1.326823e-03,2.885474e-01,2.088795e-02
6.469514e-03,6.907105e-03,4.456411e-03,1.530648e-02,3.863285e-01,7.547428e-03,3.400152e-04,1.213474e-03,1.335215e-02,1.457886e-02,2.315379e-01,2.602932e-02,3.224998e-03,2.600199e-01,2.268789e-02
8.652739e-03,5.914537e-03,3.904908e-03,1.155334e-02,2.785814e-01,1.200756e-02,3.080363e-04,1.364847e-03,1.737827e-02,1.385087e-02,3.459939e-01,2.625890e-02,3.927268e-03,2.537395e-01,1.656397e-02
1.295926e-02,5.371841e-03,3.538416e-03,9.266884e-03,1.998341e-01,1.083276e-02,2.735964e-04,1.865652e-03,2.408573e-02,1.498036e-02,4.349384e-01,3.291075e-02,4.363054e-03,2.325185e-01,1.226078e-02
2.934841e-02,5.750097e-03,5.651898e-03,8.345889e-03,1.425634e-01,1.152166e-02,5.791943e-04,4.485552e-03,2.870491e-02,3.529415e-02,4.578889e-01,3.606192e-02,4.511936e-03,2.191723e-01,1.011988e-02
2.514825e-02,4.528086e-03,4.152974e-03,6.216281e-03,1.005261e-01,9.390671e-03,5.410326e-04,3.487440e-03,2.421137e-02,3.538778e-02,5.623979e-01,3.117533e-02,4.273007e-03,1.809658e-01,7.598030e-03
2.645040e-02,5.102754e-03,3.456795e-03,5.755856e-03,7.715649e-02,8.617177e-03,1.455790e-03,3.120299e-03,4.015861e-02,3.999642e-02,5.768126e-01,3.058173e-02,4.955972e-03,1.694059e-01,6.973161e-03
2.153194e-02,5.791017e-03,5.114030e-03,5.115886e-03,6.596233e-02,8.816176e-03,1.869777e-03,5.215175e-03,5.010824e-02,3.380652e-02,5.783470e-01,2.590670e-02,6.018527e-03,1.805540e-01,5.842725e-03
1.579473e-02,6.648388e-03,4.293344e-03,5.016471e-03,1.019113e-01,9.427626e-03,2.671304e-03,6.157107e-03,1.459712e-01,2.823168e-02,4.381389e-01,2.143167e-02,5.104717e-03,2.045677e-01,4.633872e-03
1.401743e-02,5.771408e-03,6.014315e-03,1.877899e-02,2.029586e-01,1.240189e-02,2.267900e-03,3.251064e-02,1.908964e-01,2.434966e-02,3.130041e-01,1.642896e-02,4.334538e-03,1.516865e-01,4.578608e-03
1.750433e-02,5.278516e-03,2.320925e-02,3.509656e-02,2.145478e-01,1.048366e-02,1.785004e-03,4.320283e-02,2.641646e-01,2.189575e-02,2.220769e-01,1.223630e-02,3.689061e-03,1.159780e-01,8.851432e-03
7.416663e-02,8.919777e-03,9.160961e-02,4.490593e-02,1.800013e-01,1.137303e-02,1.417459e-03,5.464370e-02,2.404530e-01,1.957043e-02,1.572765e-01,9.726265e-03,3.299774e-03,8.405491e-02,1.858171e-02
9.960043e-02,2.584090e-02,1.694295e-01,4.322037e-02,1.684450e-01,3.446334e-02,1.281898e-03,4.652442e-02,1.855175e-01,1.648441e-02,1.148650e-01,7.967116e-03,2.853601e-03,6.312045e-02,2.038606e-02
1.117333e-01,3.884995e-02,1.666742e-01,5.519753e-02,2.017205e-01,6.759030e-02,2.378020e-03,4.490537e-02,1.386997e-01,1.368393e-02,8.379593e-02,6.536436e-03,2.665174e-03,4.700962e-02,1.856000e-02
1.240161e-01,9.001681e-02,1.546088e-01,4.940566e-02,1.994962e-01,1.019889e-01,2.377511e-03,3.271325e-02,1.075143e-01,1.072987e-02,6.171448e-02,5.040656e-03,2.293683e-03,3.860426e-02,1.947956e-02
1.089361e-01,1.303547e-01,1.392999e-01,4.837520e-02,2.068519e-01,1.394380e-01,2.483576e-03,2.440230e-02,8.822031e-02,8.848323e-03,4.664412e-02,4.020234e-03,2.069076e-03,3.130627e-02,1.875000e-02
1.128733e-01,1.288321e-01,1.621467e-01,7.861606e-02,2.012842e-01,1.239719e-01,2.484910e-03,2.902434e-02,6.738388e-02,7.219584e-03,3.626265e-02,4.069943e-03,1.870539e-03,2.457317e-02,1.938670e-02
1.459893e-01,1.043922e-01,2.451718e-01,7.756639e-02,1.631015e-01,9.409340e-02,1.834886e-03,2.069559e-02,5.212093e-02,1.662283e-02,3.028020e-02,3.822383e-03,2.258061e-03,2.436778e-02,1.768277e-02
1.704179e-01,1.070762e-01,2.379275e-01,9.359217e-02,1.476964e-01,7.885738e-02,2.011792e-03,1.711311e-02,4.797505e-02,1.467836e-02,2.786157e-02,7.082242e-03,2.963174e-03,2.383436e-02,2.091279e-02
2.359352e-01,1.054848e-01,1.868104e-01,9.725168e-02,1.206539e-01,6.646861e-02,1.983943e-03,1.363616e-02,5.103819e-02,1.521471e-02,2.907430e-02,1.483185e-02,4.596155e-03,2.403609e-02,3.298394e-02
2.145927e-01,8.851683e-02,1.362456e-01,1.231658e-01,1.979347e-01,5.309246e-02,3.096716e-03,3.552761e-02,5.012508e-02,1.133207e-02,2.490022e-02,1.292451e-02,5.187541e-03,1.819787e-02,2.516035e-02
2.527289e-01,8.035818e-02,1.033611e-01,1.230867e-01,2.007218e-01,6.655814e-02,4.559157e-03,2.893017e-02,5.328721e-02,9.293882e-03,2.153443e-02,1.212809e-02,8.591977e-03,1.522012e-02,1.964025e-02
3.090163e-01,8.207606e-02,8.308195e-02,1.065486e-01,1.527115e-01,5.677325e-02,5.995329e-03,8.587936e-02,4.424178e-02,7.082373e-03,1.764908e-02,1.047098e-02,1.004542e-02,1.183362e-02,1.659427e-02
3.613488e-01,7.461532e-02,6.340670e-02,8.068806e-02,1.161099e-01,6.079265e-02,9.696646e-03,1.237365e-01,4.053944e-02,5.359995e-03,1.464685e-02,1.040165e-02,1.371440e-02,9.418374e-03,1.552466e-02
4.159818e-01,6.742027e-02,4.915827e-02,6.174297e-02,9.082016e-02,6.600699e-02,1.258123e-02,1.392179e-01,3.260287e-02,4.468673e-03,1.311255e-02,1.092461e-02,1.379163e-02,7.804970e-03,1.436502e-02
4.420337e-01,7.249178e-02,3.741472e-02,4.653872e-02,7.167733e-02,8.377486e-02,1.354059e-02,1.395074e-01,2.964415e-02,3.732132e-03,1.242573e-02,1.121154e-02,1.608265e-02,6.611056e-03,1.331367e-02
4.532153e-01,9.969321e-02,2.931431e-02,3.790162e-02,6.249492e-02,8.666674e-02,1.159407e-02,1.229579e-01,2.610025e-02,3.824567e-03,1.151664e-02,1.629644e-02,1.732372e-02,7.399443e-03,1.370086e-02
4.524260e-01,9.141410e-02,2.314261e-02,3.119525e-02,6.002120e-02,8.375098e-02,1.067859e-02,1.621791e-01,2.020149e-02,3.006079e-03,1.046284e-02,1.609866e-02,1.712283e-02,6.400310e-03,1.190007e-02
4.169536e-01,7.764982e-02,1.944804e-02,4.284161e-02,5.031329e-02,1.125855e-01,8.998197e-03,1.326215e-01,3.391281e-02,2.935832e-03,1.009423e-02,2.761364e-02,4.139066e-02,7.312750e-03,1.532860e-02
4.614591e-01,6.027214e-02,1.599248e-02,3.717728e-02,4.399391e-02,1.054311e-01,8.840302e-03,1.106013e-01,3.834785e-02,3.310746e-03,9.406667e-03,2.888703e-02,5.216735e-02,6.556856e-03,1.755605e-02
4.769681e-01,4.666042e-02,1.452256e-02,3.167883e-02,4.101107e-02,1.324081e-01,9.040579e-03,9.045524e-02,3.351514e-02,2.670672e-03,7.715417e-03,2.882355e-02,6.201531e-02,5.257693e-03,1.725733e-02
4.879868e-01,3.736733e-02,1.185307e-02,2.785143e-02,3.156557e-02,1.166615e-01,7.915121e-03,6.709851e-02,2.907143e-02,2.121494e-03,6.326479e-03,2.336271e-02,1.318279e-01,3.945972e-03,1.504477e-02
4.348297e-01,2.886275e-02,9.237822e-03,2.429227e-02,2.651561e-02,8.878727e-02,7.279658e-03,5.627099e-02,2.380595e-02,1.659773e-03,5.465584e-03,1.827556e-02,2.583371e-01,2.986949e-03,1.339308e-02
4.452592e-01,2.578290e-02,9.083859e-03,2.361627e-02,2.024434e-02,7.276390e-02,8.456312e-03,4.224525e-02,2.389631e-02,1.566609e-03,4.407748e-03,1.529823e-02,2.911523e-01,2.330493e-03,1.389633e-02
4.304431e-01,2.241617e-02,9.118058e-03,1.990449e-02,1.686735e-02,6.259625e-02,8.876613e-03,3.158634e-02,2.185462e-02,1.618304e-03,4.309785e-03,1.302936e-02,3.296379e-01,1.859820e-03,2.588195e-02
4.171594e-01,1.771242e-02,7.477922e-03,1.623076e-02,1.367328e-02,5.476972e-02,8.275700e-03,2.402630e-02,1.777959e-02,1.507787e-03,4.045639e-03,1.044572e-02,3.634267e-01,1.438993e-03,4.203012e-02
3.220511e-01,1.365559e-02,5.794351e-03,1.187224e-02,1.195128e-02,3.995509e-02,6.711555e-03,1.793497e-02,1.429586e-02,1.573706e-03,3.489108e-03,8.570394e-03,4.161180e-01,1.302427e-03,1.247243e-01
2.306427e-01,1.021757e-02,4.367369e-03,8.495734e-03,1.014420e-02,2.869724e-02,5.096272e-03,1.311698e-02,1.110521e-02,1.274816e-03,2.940841e-03,7.938927e-03,5.617714e-01,9.981415e-04,1.031926e-01
1.672783e-01,8.683097e-03,6.281256e-03,6.414774e-03,1.470926e-02,2.133685e-02,8.815803e-03,1.123369e-02,1.139313e-02,1.505876e-03,2.631636e-03,8.581965e-03,6.396749e-01,1.011776e-03,9.044772e-02
1.295275e-01,7.114484e-03,3.313042e-02,5.605323e-03,2.862876e-02,3.134701e-02,1.811918e-02,1.314186e-02,1.019890e-02,1.549268e-03,2.297148e-03,1.050900e-02,6.385854e-01,1.372986e-03,6.887268e-02
1.039419e-01,5.555195e-03,3.173450e-02,4.353942e-03,5.532703e-02,6.681748e-02,6.724359e-02,1.252527e-02,9.061271e-03,1.494541e-03,2.062453e-03,1.227734e-02,5.619770e-01,1.389010e-03,6.423954e-02
9.130976e-02,5.760542e-03,2.676424e-02,3.753741e-03,7.813495e-02,9.710386e-02,6.029575e-02,1.344253e-02,1.010664e-02,2.126494e-03,1.759676e-03,9.669866e-03,5.479423e-01,1.453387e-03,5.037636e-02
8.442827e-02,8.360496e-03,1.973917e-02,3.476243e-03,9.637138e-02,1.657482e-01,5.231445e-02,1.034701e-02,7.734023e-03,1.688107e-03,1.835526e-03,8.084904e-03,5.001409e-01,1.352205e-03,3.837923e-02
6.779961e-02,9.045007e-03,1.476635e-02,4.287630e-03,1.180499e-01,2.826876e-01,5.949461e-02,9.202181e-03,5.781109e-03,1.301161e-03,1.676618e-03,6.312924e-03,3.903758e-01,1.178284e-03,2.804136e-02
7.396638e-02,1.126624e-02,1.092298e-02,4.618934e-03,1.248961e-01,2.938375e-01,4.713286e-02,7.230509e-03,5.742582e-03,1.091530e-03,1.864747e-03,5.794955e-03,3.899647e-01,1.051974e-03,2.061805e-02
7.490595e-02,1.804023e-02,8.431555e-03,5.721720e-03,1.447246e-01,3.182252e-01,3.805431e-02,5.544129e-03,6.459078e-03,1.016870e-03,2.060272e-03,6.682082e-03,3.528639e-01,1.075134e-03,1.619511e-02
