1.000000e+00,0.000000e+00,0.000000e+00,0.000000e+00,0.000000e+00,0.000000e+00,0.000000e+00,0.000000e+00,0.000000e+00,0.000000e+00,0.000000e+00,0.000000e+00,0.000000e+00,0.000000e+00,0.000000e+00
1.000000e+00,0.000000e+00,0.000000e+00,0.000000e+00,0.000000e+00,0.000000e+00,0.000000e+00,0.000000e+00,0.000000e+00,0.000000e+00,0.000000e+00,0.000000e+00,0.000000e+00,0.000000e+00,0.000000e+00
1.000000e+00,0.000000e+00,0.000000e+00,0.000000e+00,0.000000e+00,0.000000e+00,0.000000e+00,0.000000e+00,0.000000e+00,0.000000e+00,0.000000e+00,0.000000e+00,0.000000e+00,0.000000e+00,0.000000e+00
1.000000e+00,0.000000e+00,0.000000e+00,0.000000e+00,0.000000e+00,0.000000e+00,0.000000e+00,0.000000e+00,0.000000e+00,0.000000e+00,0.000000e+00,0.000000e+00,0.000000e+00,0.000000e+00,0.000000e+00
1.000000e+00,0.000000e+00,0.000000e+00,0.000000e+00,0.000000e+00,0.000000e+00,0.000000e+00,0.000000e+00,0.000000e+00,0.000000e+00,0.000000e+00,0.000000e+00,0.000000e+00,0.000000e+00,0.000000e+00
1.000000e+00,0.000000e+00,0.000000e+00,0.000000e+00,0.000000e+00,0.000000e+00,0.000000e+00,0.000000e+00,0.000000e+00,0.000000e+00,0.000000e+00,0.000000e+00,0.000000e+00,0.000000e+00,0.000000e+00
1.000000e+00,0.000000e+00,0.000000e+00,0.000000e+00,0.000000e+00,0.000000e+00,0.000000e+00,0.000000e+00,0.000000e+00,0.000000e+00,0.000000e+00,0.000000e+00,0.000000e+00,0.000000e+00,0.000000e+00
1.000000e+00,0.000000e+00,0.000000e+00,0.000000e+00,0.000000e+00,0.000000e+00,0.000000e+00,0.000000e+00,0.000000e+00,0.000000e+00,0.000000e+00,0.000000e+00,0.000000e+00,0.000000e+00,0.000000e+00
1.000000e+00,0.000000e+00,0.000000e+00,0.000000e+00,0.000000e+00,0.000000e+00,0.000000e+00,0.000000e+00,0.000000e+00,0.000000e+00,0.000000e+00,0.000000e+00,0.000000e+00,0.000000e+00,0.000000e+00
1.000000e+00,0.000000e+00,0.000000e+00,0.000000e+00,0.000000e+00,0.000000e+00,0.000000e+00,0.000000e+00,0.000000e+00,0.000000e+00,0.000000e+00,0.000000e+00,0.000000e+00,0.000000e+00,0.000000e+00
1.000000e+00,0.000000e+00,0.000000e+00,0.000000e+00,0.000000e+00,0.000000e+00,0.000000e+00,0.000000e+00,0.000000e+00,0.000000e+00,0.000000e+00,0.000000e+00,0.000000e+00,0.000000e+00,0.000000e+00
1.000000e+00,0.000000e+00,0.000000e+00,0.000000e+00,0.000000e+00,0.000000e+00,0.000000e+00,0.000000e+00,0.000000e+00,0.000000e+00,0.000000e+00,0.000000e+00,0.000000e+00,0.000000e+00,0.000000e+00
1.000000e+00,0.000000e+00,0.000000e+00,0.000000e+00,0.000000e+00,0.000000e+00,0.000000e+00,0.000000e+00,0.000000e+00,0.000000e+00,0.000000e+00,0.000000e+00,0.000000e+00,0.000000e+00,0.000000e+00
1.000000e+00,0.000000e+00,0.000000e+00,0.000000e+00,0.000000e+00,0.000000e+00,0.000000e+00,0.000000e+00,0.000000e+00,0.000000e+00,0.000000e+00,0.000000e+00,0.000000e+00,0.000000e+00,0.000000e+00
1.000000e+00,0.000000e+00,0.000000e+00,0.000000e+00,0.000000e+00,0.000000e+00,0.000000e+00,0.000000e+00,0.000000e+00,0.000000e+00,0.000000e+00,0.000000e+00,0.000000e+00,0.000000e+00,0.000000e+00
1.000000e+00,0.000000e+00,0.000000e+00,0.000000e+00,0.000000e+00,0.000000e+00,0.000000e+00,0.000000e+00,0.000000e+00,0.000000e+00,0.000000e+00,0.000000e+00,0.000000e+00,0.000000e+00,0.000000e+00
1.000000e+00,0.000000e+00,0.000000e+00,0.000000e+00,0.000000e+00,0.000000e+00,0.000000e+00,0.000000e+00,0.000000e+00,0.000000e+00,0.000000e+00,0.000000e+00,0.000000e+00,0.000000e+00,0.000000e+00
1.000000e+00,0.000000e+00,0.000000e+00,0.000000e+00,0.000000e+00,0.000000e+00,0.000000e+00,0.000000e+00,0.000000e+00,0.000000e+00,0.000000e+00,0.000000e+00,0.000000e+00,0.000000e+00,0.000000e+00
1.000000e+00,0.000000e+00,0.000000e+00,0.000000e+00,0.000000e+00,0.000000e+00,0.000000e+00,0.000000e+00,0.000000e+00,0.000000e+00,0.000000e+00,0.000000e+00,0.000000e+00,0.000000e+00,0.000000e+00
1.000000e+00,0.000000e+00,0.000000e+00,0.000000e+00,0.000000e+00,0.000000e+00,0.000000e+00,0.000000e+00,0.000000e+00,0.000000e+00,0.000000e+00,0.000000e+00,0.000000e+00,0.000000e+00,0.000000e+00
1.000000e+00,0.000000e+00,0.000000e+00,0.000000e+00,0.000000e+00,0.000000e+00,0.000000e+00,0.000000e+00,0.000000e+00,0.000000e+00,0.000000e+00,0.000000e+00,0.000000e+00,0.000000e+00,0.000000e+00
1.000000e+00,0.000000e+00,0.000000e+00,0.000000e+00,0.000000e+00,0.000000e+00,0.000000e+00,0.000000e+00,0.000000e+00,0.000000e+00,0.000000e+00,0.000000e+00,0.000000e+00,0.000000e+00,0.000000e+00
1.000000e+00,0.000000e+00,0.000000e+00,0.000000e+00,0.000000e+00,0.000000e+00,0.000000e+00,0.000000e+00,0.000000e+00,0.000000e+00,0.000000e+00,0.000000e+00,0.000000e+00,0.000000e+00,0.000000e+00
1.000000e+00,0.000000e+00,0.000000e+00,0.000000e+00,0.000000e+00,0.000000e+00,0.000000e+00,0.000000e+00,0.000000e+00,0.000000e+00,0.000000e+00,0.000000e+00,0.000000e+00,0.000000e+00,0.000000e+00
1.000000e+00,0.000000e+00,0.000000e+00,0.000000e+00,0.000000e+00,0.000000e+00,0.000000e+00,0.000000e+00,0.000000e+00,0.000000e+00,0.000000e+00,0.000000e+00,0.000000e+00,0.000000e+00,0.000000e+00
1.000000e+00,0.000000e+00,0.000000e+00,0.000000e+00,0.000000e+00,0.000000e+00,0.000000e+00,0.000000e+00,0.000000e+00,0.000000e+00,0.000000e+00,0.000000e+00,0.000000e+00,0.000000e+00,0.000000e+00
1.000000e+00,0.000000e+00,0.000000e+00,0.000000e+00,0.000000e+00,0.000000e+00,0.000000e+00,0.000000e+00,0.000000e+00,0.000000e+00,0.000000e+00,0.000000e+00,0.000000e+00,0.000000e+00,0.000000e+00
1.000000e+00,0.000000e+00,0.000000e+00,0.000000e+00,0.000000e+00,0.000000e+00,0.000000e+00,0.000000e+00,0.000000e+00,0.000000e+00,0.000000e+00,0.000000e+00,0.000000e+00,0.000000e+00,0.000000e+00
1.000000e+00,0.000000e+00,0.000000e+00,0.000000e+00,0.000000e+00,0.000000e+00,0.000000e+00,0.000000e+00,0.000000e+00,0.000000e+00,0.000000e+00,0.000000e+00,0.000000e+00,0.000000e+00,0.000000e+00
1.000000e+00,0.000000e+00,0.000000e+00,0.000000e+00,0.000000e+00,0.000000e+00,0.000000e+00,0.000000e+00,0.000000e+00,0.000000e+00,0.000000e+00,0.000000e+00,0.000000e+00,0.000000e+00,0.000000e+00
1.000000e+00,0.000000e+00,0.000000e+00,0.000000e+00,0.000000e+00,0.000000e+00,0.000000e+00,0.000000e+00,0.000000e+00,0.000000e+00,0.000000e+00,0.000000e+00,0.000000e+00,0.000000e+00,0.000000e+00
1.000000e+00,0.000000e+00,0.000000e+00,0.000000e+00,0.000000e+00,0.000000e+00,0.000000e+00,0.000000e+00,0.000000e+00,0.000000e+00,0.000000e+00,0.000000e+00,0.000000e+00,0.000000e+00,0.000000e+00
1.000000e+00,0.000000e+00,0.000000e+00,0.000000e+00,0.000000e+00,0.000000e+00,0.000000e+00,0.000000e+00,0.000000e+00,0.000000e+00,0.000000e+00,0.000000e+00,0.000000e+00,0.000000e+00,0.000000e+00
1.000000e+00,0.000000e+00,0.000000e+00,0.000000e+00,0.000000e+00,0.000000e+00,0.000000e+00,0.000000e+00,0.000000e+00,0.000000e+00,0.000000e+00,0.000000e+00,0.000000e+00,0.000000e+00,0.000000e+00
1.000000e+00,0.000000e+00,0.000000e+00,0.000000e+00,0.000000e+00,0.000000e+00,0.000000e+00,0.000000e+00,0.000000e+00,0.000000e+00,0.000000e+00,0.000000e+00,0.000000e+00,0.000000e+00,0.000000e+00
1.000000e+00,0.000000e+00,0.000000e+00,0.000000e+00,0.000000e+00,0.000000e+00,0.000000e+00,0.000000e+00,0.000000e+00,0.000000e+00,0.000000e+00,0.000000e+00,0.000000e+00,0.000000e+00,0.000000e+00
1.000000e+00,0.000000e+00,0.000000e+00,0.000000e+00,0.000000e+00,0.000000e+00,0.000000e+00,0.000000e+00,0.000000e+00,0.000000e+00,0.000000e+00,0.000000e+00,0.000000e+00,0.000000e+00,0.000000e+00
1.000000e+00,0.000000e+00,0.000000e+00,0.000000e+00,0.000000e+00,0.000000e+00,0.000000e+00,0.000000e+00,0.000000e+00,0.000000e+00,0.000000e+00,0.000000e+00,0.000000e+00,0.000000e+00,0.000000e+00
1.000000e+00,0.000000e+00,0.000000e+00,0.000000e+00,0.000000e+00,0.000000e+00,0.000000e+00,0.000000e+00,0.000000e+00,0.000000e+00,0.000000e+00,0.000000e+00,0.000000e+00,0.000000e+00,0.000000e+00
1.000000e+00,0.000000e+00,0.000000e+00,0.000000e+00,0.000000e+00,0.000000e+00,0.000000e+00,0.000000e+00,0.000000e+00,0.000000e+00,0.000000e+00,0.000000e+00,0.000000e+00,0.000000e+00,0.000000e+00
1.000000e+00,0.000000e+00,0.000000e+00,0.000000e+00,0.000000e+00,0.000000e+00,0.000000e+00,0.000000e+00,0.000000e+00,0.000000e+00,0.000000e+00,0.000000e+00,0.000000e+00,0.000000e+00,0.000000e+00
1.000000e+00,0.000000e+00,0.000000e+00,0.000000e+00,0.000000e+00,0.000000e+00,0.000000e+00,0.000000e+00,0.000000e+00,0.000000e+00,0.000000e+00,0.000000e+00,0.000000e+00,0.000000e+00,0.000000e+00
1.000000e+00,0.000000e+00,0.000000e+00,0.000000e+00,0.000000e+00,0.000000e+00,0.000000e+00,0.000000e+00,0.000000e+00,0.000000e+00,0.000000e+00,0.000000e+00,0.000000e+00,0.000000e+00,0.000000e+00
1.000000e+00,0.000000e+00,0.000000e+00,0.000000e+00,0.000000e+00,0.000000e+00,0.000000e+00,0.000000e+00,0.000000e+00,0.000000e+00,0.000000e+00,0.000000e+00,0.000000e+00,0.000000e+00,0.000000e+00
1.000000e+00,0.000000e+00,0.000000e+00,0.000000e+00,0.000000e+00,0.000000e+00,0.000000e+00,0.000000e+00,0.000000e+00,0.000000e+00,0.000000e+00,0.000000e+00,0.000000e+00,0.000000e+00,0.000000e+00
1.000000e+00,0.000000e+00,0.000000e+00,0.000000e+00,0.000000e+00,0.000000e+00,0.000000e+00,0.000000e+00,0.000000e+00,0.000000e+00,0.000000e+00,0.000000e+00,0.000000e+00,0.000000e+00,0.000000e+00
1.000000e+00,0.000000e+00,0.000000e+00,0.000000e+00,0.000000e+00,0.000000e+00,0.000000e+00,0.000000e+00,0.000000e+00,0.000000e+00,0.000000e+00,0.000000e+00,0.000000e+00,0.000000e+00,0.000000e+00
1.000000e+00,0.000000e+00,0.000000e+00,0.000000e+00,0.000000e+00,0.000000e+00,0.000000e+00,0.000000e+00,0.000000e+00,0.000000e+00,0.000000e+00,0.000000e+00,0.000000e+00,0.000000e+00,0.000000e+00
4.581059e-01,7.436050e-02,4.750219e-02,1.304940e-01,2.297351e-02,3.107459e-02,8.650690e-03,2.119399e-02,2.188204e-02,6.719178e-03,1.804909e-02,4.440356e-02,3.689954e-02,7.710706e-03,6.998059e-02
4.941984e-01,6.800401e-02,4.598470e-02,1.096236e-01,2.098815e-02,2.970792e-02,8.056464e-03,1.882883e-02,1.928167e-02,7.010760e-03,1.644750e-02,4.211124e-02,3.818455e-02,8.714841e-03,7.285741e-02
1.000000e+00,0.000000e+00,0.000000e+00,0.000000e+00,0.000000e+00,0.000000e+00,0.000000e+00,0.000000e+00,0.000000e+00,0.000000e+00,0.000000e+00,0.000000e+00,0.000000e+00,0.000000e+00,0.000000e+00
1.000000e+00,0.000000e+00,0.000000e+00,0.000000e+00,0.000000e+00,0.000000e+00,0.000000e+00,0.000000e+00,0.000000e+00,0.000000e+00,0.000000e+00,0.000000e+00,0.000000e+00,0.000000e+00,0.000000e+00
1.000000e+00,0.000000e+00,0.000000e+00,0.000000e+00,0.000000e+00,0.000000e+00,0.000000e+00,0.000000e+00,0.000000e+00,0.000000e+00,0.000000e+00,0.000000e+00,0.000000e+00,0.000000e+00,0.000000e+00
1.000000e+00,0.000000e+00,0.000000e+00,0.000000e+00,0.000000e+00,0.000000e+00,0.000000e+00,0.000000e+00,0.000000e+00,0.000000e+00,0.000000e+00,0.000000e+00,0.000000e+00,0.000000e+00,0.000000e+00
1.000000e+00,0.000000e+00,0.000000e+00,0.000000e+00,0.000000e+00,0.000000e+00,0.000000e+00,0.000000e+00,0.000000e+00,0.000000e+00,0.000000e+00,0.000000e+00,0.000000e+00,0.000000e+00,0.000000e+00
1.000000e+00,0.000000e+00,0.000000e+00,0.000000e+00,0.000000e+00,0.000000e+00,0.000000e+00,0.000000e+00,0.000000e+00,0.000000e+00,0.000000e+00,0.000000e+00,0.000000e+00,0.000000e+00,0.000000e+00
1.000000e+00,0.000000e+00,0.000000e+00,0.000000e+00,0.000000e+00,0.000000e+00,0.000000e+00,0.000000e+00,0.000000e+00,0.000000e+00,0.000000e+00,0.000000e+00,0.000000e+00,0.000000e+00,0.000000e+00
4.063767e-01,2.611524e-02,1.262829e-01,3.242871e-01,1.062021e-02,1.558021e-02,3.403950e-03,1.344421e-02,4.827367e-03,1.988915e-03,1.671467e-02,1.621985e-02,1.473576e-02,2.449193e-03,1.695373e-02
3.007312e-01,4.875627e-02,2.284192e-01,2.687441e-01,1.500275e-02,6.123155e-02,2.584269e-03,1.172210e-02,3.673757e-03,2.935125e-03,1.765211e-02,1.260185e-02,1.086883e-02,2.095858e-03,1.298097e-02
2.366729e-01,9.620412e-02,2.005011e-01,2.038808e-01,5.176806e-02,1.130925e-01,2.565307e-03,9.715183e-03,4.686967e-03,2.691755e-02,1.560814e-02,9.421138e-03,8.502093e-03,3.062482e-03,1.740161e-02
2.233814e-01,1.015143e-01,1.452498e-01,1.455108e-01,6.101290e-02,2.242689e-01,2.622770e-03,8.092392e-03,5.013028e-03,3.076097e-02,1.576091e-02,8.346383e-03,6.916984e-03,3.396841e-03,1.815148e-02
2.553890e-01,9.259984e-02,1.096530e-01,1.059405e-01,6.104459e-02,2.707671e-01,2.683427e-03,7.087691e-03,5.923402e-03,3.087531e-02,1.620731e-02,7.873216e-03,6.754409e-03,4.158208e-03,2.304296e-02
2.115806e-01,7.449820e-02,7.912329e-02,7.780059e-02,5.249703e-02,2.507820e-01,4.723670e-03,6.859073e-03,1.718407e-02,3.751111e-02,1.172063e-01,1.506096e-02,8.975063e-03,1.892741e-02,2.727058e-02
1.604942e-01,6.190946e-02,5.792036e-02,5.668238e-02,4.379649e-02,2.425601e-01,5.187524e-03,6.683561e-03,3.317479e-02,3.778102e-02,1.693090e-01,3.220876e-02,1.342080e-02,4.165754e-02,3.721398e-02
1.146252e-01,5.203591e-02,4.066084e-02,4.000161e-02,3.152261e-02,1.894276e-01,3.876015e-03,4.824541e-03,3.012782e-02,2.895453e-02,1.648419e-01,2.887413e-02,1.219939e-02,1.297449e-01,1.282829e-01
8.112893e-02,3.879241e-02,2.848627e-02,2.809563e-02,2.220578e-02,1.377174e-01,2.783602e-03,3.414373e-03,2.642545e-02,2.151792e-02,1.553324e-01,2.122743e-02,9.317626e-03,3.175766e-01,1.059780e-01
5.727418e-02,3.038759e-02,2.002454e-02,1.979833e-02,1.601339e-02,1.000356e-01,2.068842e-03,2.486097e-03,2.396133e-02,1.779574e-02,1.873386e-01,1.598362e-02,6.822415e-03,4.066108e-01,9.339902e-02
4.059841e-02,2.293224e-02,1.410846e-02,1.404930e-02,1.144490e-02,7.331254e-02,1.487624e-03,1.770126e-03,2.201516e-02,1.381287e-02,2.710739e-01,1.593936e-02,5.427685e-03,3.972361e-01,9.479129e-02
2.864543e-02,1.824764e-02,9.948126e-03,9.918911e-03,8.294855e-03,5.293449e-02,1.057450e-03,1.251191e-03,1.930810e-02,1.098508e-02,3.276482e-01,1.300529e-02,4.250691e-03,4.004439e-01,9.406061e-02
2.093535e-02,1.669779e-02,7.703865e-03,7.085806e-03,6.073491e-03,4.212613e-02,7.755969e-04,9.740844e-04,2.070080e-02,1.089784e-02,4.325413e-01,1.009252e-02,3.847134e-03,3.186381e-01,1.009103e-01
1.474160e-02,1.422008e-02,6.106034e-03,5.047022e-03,5.246753e-03,3.054140e-02,6.440118e-04,7.455795e-04,3.359111e-02,1.184480e-02,3.837659e-01,9.870396e-03,3.059528e-03,4.058101e-01,7.476562e-02
1.083128e-02,1.558026e-02,5.339391e-03,4.150596e-03,5.630738e-03,2.286546e-02,7.475883e-04,1.437480e-03,8.475260e-02,1.457945e-02,3.000414e-01,1.076022e-02,3.040465e-03,4.662197e-01,5.402339e-02
8.061491e-03,1.634048e-02,4.188743e-03,3.197608e-03,4.362443e-03,1.689941e-02,6.301631e-04,1.347292e-03,1.311978e-01,1.264498e-02,2.303691e-01,1.072483e-02,2.729372e-03,5.188068e-01,3.849949e-02
6.988627e-03,5.157864e-02,4.340746e-03,2.824785e-03,4.972985e-03,1.409836e-02,6.401722e-04,1.550857e-03,2.406587e-01,1.274877e-02,1.781076e-01,9.799493e-03,2.412248e-03,4.410671e-01,2.821090e-02
8.732276e-03,7.639749e-02,3.663993e-03,2.871413e-03,1.045228e-02,1.210793e-02,1.082402e-03,1.702248e-03,3.462232e-01,1.109681e-02,1.271502e-01,8.531407e-03,2.125635e-03,3.662973e-01,2.156537e-02
1.452955e-02,7.776290e-02,3.891398e-03,3.445834e-03,1.637220e-02,1.428043e-02,1.107244e-03,1.588741e-03,4.108633e-01,8.690178e-03,9.108671e-02,8.438541e-03,2.841562e-03,3.263608e-01,1.874059e-02
1.430710e-02,6.994976e-02,3.995307e-03,5.227823e-03,5.058471e-02,1.144335e-02,1.142360e-03,8.658156e-03,4.899578e-01,9.348219e-03,6.539779e-02,6.592449e-03,2.818942e-03,2.448943e-01,1.568185e-02
2.177177e-02,5.230892e-02,3.293262e-03,1.949632e-02,5.310797e-02,1.111371e-02,1.229905e-03,7.496254e-03,5.723850e-01,9.094719e-03,4.817589e-02,5.563474e-03,3.390719e-03,1.767073e-01,1.486482e-02
3.008543e-02,3.815451e-02,2.915616e-03,2.390398e-02,4.413601e-02,1.612600e-02,1.322345e-03,5.610562e-03,6.051354e-01,9.763064e-03,4.788636e-02,1.314089e-02,1.138819e-02,1.319221e-01,1.850948e-02
3.000391e-02,2.740380e-02,2.965271e-03,2.255825e-02,3.542840e-02,1.502650e-02,1.407864e-03,4.150334e-03,5.908921e-01,1.263297e-02,7.189027e-02,2.540350e-02,4.298763e-02,9.684531e-02,2.040385e-02
2.855096e-02,2.052023e-02,2.452445e-03,1.768882e-02,2.551197e-02,1.531076e-02,1.256554e-03,3.082572e-03,4.952363e-01,1.451258e-02,6.926174e-02,1.071847e-01,1.043380e-01,7.321241e-02,2.187998e-02
3.025791e-02,1.555438e-02,2.035662e-03,1.328805e-02,1.958345e-02,1.592973e-02,2.662160e-03,2.414633e-03,3.803218e-01,1.317162e-02,1.459421e-01,1.311478e-01,1.539101e-01,5.575048e-02,1.803005e-02
3.188311e-02,1.398561e-02,4.333451e-03,1.014874e-02,1.468771e-02,1.520328e-02,3.847621e-03,2.240829e-03,2.803961e-01,1.645701e-02,1.467848e-01,1.648923e-01,2.029618e-01,6.994762e-02,2.223016e-02
3.477890e-02,1.264531e-02,5.091176e-03,8.830958e-03,1.425106e-02,4.537652e-02,4.033615e-03,3.235081e-03,2.094815e-01,1.318946e-02,1.884074e-01,1.890780e-01,1.963286e-01,5.763245e-02,1.764008e-02
3.000301e-02,1.069414e-02,6.067704e-03,6.633522e-03,1.363990e-02,4.412889e-02,1.460544e-02,2.269974e-02,1.528104e-01,1.034517e-02,1.591255e-01,2.471970e-01,2.198518e-01,4.914174e-02,1.305608e-02
2.502842e-02,8.566654e-03,5.275444e-03,4.810515e-03,2.061917e-02,5.103436e-02,2.193222e-02,2.919428e-02,1.172604e-01,7.630900e-03,1.170943e-01,2.852162e-01,2.572905e-01,3.820366e-02,1.084309e-02
2.401438e-02,7.976083e-03,5.906551e-03,3.693854e-03,4.975593e-02,8.497031e-02,4.555933e-02,2.815075e-02,1.024308e-01,6.010048e-03,8.921429e-02,2.606775e-01,2.521379e-01,2.893772e-02,1.056464e-02
1.991971e-02,7.312197e-03,5.661563e-03,2.788694e-03,4.460739e-02,1.035863e-01,3.813063e-02,2.752014e-02,8.434074e-02,5.088488e-03,6.534710e-02,2.757519e-01,2.879317e-01,2.293055e-02,9.082968e-03
1.967431e-02,6.606888e-03,4.416909e-03,2.202116e-03,3.582214e-02,9.661954e-02,2.910922e-02,2.589314e-02,6.911840e-02,4.096468e-03,4.910267e-02,3.127026e-01,3.167337e-01,2.111527e-02,6.786627e-03
3.341971e-02,6.165808e-03,5.067933e-03,2.072918e-03,3.112954e-02,8.511636e-02,2.581992e-02,2.503081e-02,5.499208e-02,3.173471e-03,4.170303e-02,3.293490e-01,3.333833e-01,1.806699e-02,5.509275e-03
5.807167e-02,5.186859e-03,5.289411e-03,1.947131e-03,2.629917e-02,1.445197e-01,2.024704e-02,2.075651e-02,4.051483e-02,2.377297e-03,3.262505e-02,2.774224e-01,3.456290e-01,1.444801e-02,4.665924e-03
6.888014e-02,4.099115e-03,5.733714e-03,1.849957e-03,2.556676e-02,1.715954e-01,1.900979e-02,3.190216e-02,3.106957e-02,1.772549e-03,2.874214e-02,2.523518e-01,3.405970e-01,1.285766e-02,3.972349e-03
7.583289e-02,3.652750e-03,5.926240e-03,1.696422e-03,2.575301e-02,1.696046e-01,2.233411e-02,3.184229e-02,2.279113e-02,1.289442e-03,2.313203e-02,3.081458e-01,2.940148e-01,1.000146e-02,3.983192e-03
7.140124e-02,3.044593e-03,5.035120e-03,1.426984e-03,2.203396e-02,1.798655e-01,1.862261e-02,2.588431e-02,1.659600e-02,9.366701e-04,1.759396e-02,2.980219e-01,3.281527e-01,7.324569e-03,4.059999e-03
7.568971e-02,2.441401e-03,3.985429e-03,1.237007e-03,1.959162e-02,1.800672e-01,1.982952e-02,2.354513e-02,1.227570e-02,6.945177e-04,1.288805e-02,2.981394e-01,3.384710e-01,5.410305e-03,5.734115e-03
7.211577e-02,2.193986e-03,4.276051e-03,1.062303e-03,1.907130e-02,1.922517e-01,2.459677e-02,1.778928e-02,9.050344e-03,5.357231e-04,9.769789e-03,2.467996e-01,3.836312e-01,4.404926e-03,1.245134e-02
7.874793e-02,1.952251e-03,4.699939e-03,1.109125e-03,2.307802e-02,2.029800e-01,2.482861e-02,1.420806e-02,7.615616e-03,4.414241e-04,7.899777e-03,2.385839e-01,3.770116e-01,3.977250e-03,1.286650e-02
6.531949e-02,1.568359e-03,3.932836e-03,1.097546e-03,1.904311e-02,3.544611e-01,1.932013e-02,1.189796e-02,5.936246e-03,3.856533e-04,6.401736e-03,1.807071e-01,3.155055e-01,3.482341e-03,1.094085e-02
4.931015e-02,1.327980e-03,3.129718e-03,9.543820e-04,1.464343e-02,4.900939e-01,1.530181e-02,8.712090e-03,4.708989e-03,3.349314e-04,5.048819e-03,1.298267e-01,2.648722e-01,2.634655e-03,9.100194e-03
6.502595e-02,1.712262e-03,5.403067e-03,1.354082e-03,1.876064e-02,4.568008e-01,1.590278e-02,1.413044e-02,5.014680e-03,4.010602e-04,4.370312e-03,1.152271e-01,2.858387e-01,2.378116e-03,7.679977e-03
8.088598e-02,4.086417e-03,5.358957e-03,1.709693e-03,1.716818e-02,3.819501e-01,1.256289e-02,1.100380e-02,7.799104e-03,4.445750e-04,4.507135e-03,8.493266e-02,3.765156e-01,2.474624e-03,8.600191e-03
9.043366e-02,1.925458e-02,2.037880e-02,3.566525e-02,1.543398e-02,2.752240e-01,9.189083e-03,9.548468e-03,3.199519e-02,3.022369e-03,1.924930e-02,1.174097e-01,3.344263e-01,2.811078e-03,1.595826e-02
7.024007e-02,1.956134e-02,1.254694e-01,1.190715e-01,1.668532e-02,1.992353e-01,6.906652e-03,7.819901e-03,5.148607e-02,3.798762e-03,2.031682e-02,8.795711e-02,2.474635e-01,2.167114e-03,2.182119e-02
8.838949e-02,2.727602e-02,1.177955e-01,9.550074e-02,3.271740e-02,2.096930e-01,1.023033e-02,7.894959e-03,8.693492e-02,3.553977e-03,1.783950e-02,6.277767e-02,2.022932e-01,2.011661e-03,3.509165e-02
1.437617e-01,4.026294e-02,8.682385e-02,8.295389e-02,5.255303e-02,2.139527e-01,1.178109e-02,9.879364e-03,8.629707e-02,2.778413e-03,1.394534e-02,4.631459e-02,1.798835e-01,1.623908e-03,2.718864e-02
2.289154e-01,3.959122e-02,6.497200e-02,6.301132e-02,4.733814e-02,1.916819e-01,1.455246e-02,9.361552e-03,7.602700e-02,2.187011e-03,1.069173e-02,3.609798e-02,1.931722e-01,1.772674e-03,2.062750e-02
2.871972e-01,3.874364e-02,4.831442e-02,4.938407e-02,4.043728e-02,1.715313e-01,1.459358e-02,8.816242e-03,6.889527e-02,1.718398e-03,8.536371e-03,3.120530e-02,2.125769e-01,1.901214e-03,1.614883e-02
3.047864e-01,3.209557e-02,3.479699e-02,4.228929e-02,4.389913e-02,1.456378e-01,1.407002e-02,2.949858e-02,5.488845e-02,1.307724e-03,8.073818e-03,2.710864e-02,2.472832e-01,1.948652e-03,1.231584e-02
3.436503e-01,2.833657e-02,2.611119e-02,7.358929e-02,4.655636e-02,1.242740e-01,1.259891e-02,5.476661e-02,4.233142e-02,1.357254e-03,8.261583e-03,2.685075e-02,1.988637e-01,1.885014e-03,1.056701e-02
3.062065e-01,2.151548e-02,1.990767e-02,5.311663e-02,4.769700e-02,9.473593e-02,1.145439e-02,2.131014e-01,3.185334e-02,1.033640e-03,7.041204e-03,2.019108e-02,1.628336e-01,1.465639e-03,7.846529e-03
2.666596e-01,1.804355e-02,1.934411e-02,4.308886e-02,4.123211e-02,7.839376e-02,9.560092e-03,2.435352e-01,2.637036e-02,5.061666e-03,2.505510e-02,3.235701e-02,1.792849e-01,2.133175e-03,9.880515e-03
2.444437e-01,1.910261e-02,1.731774e-02,4.928111e-02,5.603671e-02,6.570254e-02,1.206250e-02,1.912138e-01,2.225206e-02,6.820607e-03,3.303875e-02,2.832661e-02,2.400113e-01,1.987688e-03,1.240217e-02
3.543236e-01,1.591201e-02,1.390486e-02,4.301194e-02,4.640113e-02,5.281809e-02,9.856009e-03,1.391639e-01,2.051467e-02,4.993142e-03,2.564477e-02,3.257520e-02,2.286965e-01,1.934303e-03,1.024984e-02
3.534090e-01,1.196426e-02,1.005699e-02,3.291238e-02,3.718117e-02,4.363736e-02,7.385660e-03,9.952449e-02,1.717541e-02,3.579745e-03,2.131782e-02,3.971316e-02,3.120868e-01,2.447595e-03,7.608181e-03
2.867483e-01,8.532705e-03,7.096895e-03,2.332792e-02,2.770425e-02,3.238984e-02,5.504652e-03,7.086015e-02,1.408385e-02,2.633779e-03,2.026029e-02,8.115967e-02,4.112159e-01,2.313095e-03,6.168673e-03
2.068059e-01,6.140138e-03,5.054072e-03,1.641417e-02,1.990828e-02,2.326171e-02,4.660756e-03,4.994790e-02,1.236902e-02,2.491192e-03,1.563551e-02,2.433163e-01,3.872476e-01,2.134698e-03,4.612823e-03
1.579169e-01,4.541025e-03,3.642008e-03,1.157782e-02,1.431251e-02,1.749743e-02,5.259932e-03,3.580276e-02,1.068933e-02,2.462539e-03,1.330758e-02,3.722501e-01,3.451214e-01,2.270686e-03,3.347860e-03
1.265726e-01,3.483431e-03,2.680056e-03,8.175828e-03,1.020161e-02,1.285721e-02,5.278076e-03,2.551953e-02,8.076333e-03,4.448478e-03,2.342613e-02,5.148318e-01,2.489693e-01,3.082299e-03,2.397280e-03
9.705336e-02,2.644271e-03,1.949196e-03,5.776418e-03,7.321928e-03,1.044049e-02,4.516903e-03,1.807321e-02,6.180774e-03,6.562380e-03,4.138549e-02,6.183927e-01,1.755683e-01,2.399095e-03,1.735526e-03
7.173494e-02,3.213554e-03,1.593642e-03,4.165458e-03,6.345393e-03,8.811764e-03,3.432217e-03,1.304378e-02,4.861529e-03,8.374965e-03,4.644223e-02,7.005004e-01,1.241602e-01,2.067303e-03,1.252569e-03
5.984338e-02,2.885243e-03,1.261952e-03,3.081014e-03,5.967961e-03,6.838244e-03,2.489258e-03,9.514269e-03,5.070404e-03,1.596977e-02,5.474127e-02,7.418129e-01,8.779690e-02,1.815031e-03,9.123896e-04
4.674717e-02,4.189003e-03,1.175362e-03,2.245889e-03,8.645714e-03,5.781081e-03,1.791755e-03,7.088449e-03,7.707675e-03,2.335619e-02,8.893111e-02,7.365501e-01,6.300680e-02,2.068549e-03,7.151539e-04
3.504848e-02,6.713960e-03,1.416889e-03,1.677103e-03,9.734778e-03,4.829124e-03,1.284630e-03,5.152675e-03,7.862179e-03,2.893272e-02,9.332794e-02,7.563922e-01,4.490021e-02,1.974510e-03,7.525755e-04
2.710325e-02,5.117375e-03,1.090362e-03,1.247629e-03,7.388745e-03,3.811303e-03,9.164570e-04,3.693459e-03,6.197259e-03,2.648656e-02,8.477551e-02,7.979753e-01,3.173689e-02,1.860202e-03,5.997016e-04
2.298513e-02,4.696108e-03,1.198163e-03,1.095885e-03,8.604322e-03,4.409319e-03,8.114890e-04,2.775164e-03,4.649645e-03,2.029466e-02,6.506608e-02,8.383521e-01,2.240996e-02,1.826582e-03,8.253671e-04
2.742917e-02,4.291129e-03,1.434622e-03,1.236850e-03,7.881781e-03,5.074860e-03,8.642576e-04,2.225337e-03,3.658892e-03,1.688097e-02,5.171630e-02,8.581166e-01,1.580836e-02,1.557739e-03,1.823043e-03
3.234644e-02,3.972368e-03,1.707459e-03,1.155286e-03,8.442113e-03,6.657146e-03,8.714756e-04,2.612598e-03,2.792186e-03,1.291646e-02,5.724181e-02,8.546541e-01,1.119597e-02,1.585155e-03,1.849316e-03
3.057326e-02,3.171921e-03,1.432423e-03,1.172518e-03,7.183641e-03,6.309374e-03,7.901448e-04,2.245206e-03,2.314212e-03,9.759615e-03,5.499215e-02,8.687024e-01,7.984436e-03,1.538782e-03,1.829946e-03
2.362308e-02,2.416753e-03,1.222768e-03,1.028427e-03,8.117108e-03,9.322019e-03,1.459334e-03,2.361691e-03,1.861900e-03,7.277660e-03,4.492013e-02,8.878495e-01,5.845096e-03,1.264998e-03,1.429560e-03
1.893052e-02,2.265808e-03,1.267669e-03,9.713183e-04,3.241624e-02,1.364006e-02,4.426408e-03,3.270258e-03,2.541927e-03,5.416638e-03,9.461842e-02,8.124186e-01,5.155933e-03,1.156768e-03,1.503512e-03
1.529886e-02,3.829385e-03,3.043019e-03,1.337853e-03,6.220175e-02,1.882372e-02,7.761053e-03,3.563447e-03,4.648056e-03,4.386648e-03,2.246703e-01,6.406620e-01,5.329407e-03,1.102811e-03,3.341688e-03
1.539783e-02,3.613760e-03,3.514677e-03,1.763962e-03,1.740403e-01,1.727666e-02,2.091182e-02,1.479521e-02,5.178190e-03,3.494397e-03,2.395193e-01,4.918284e-01,4.606167e-03,9.179063e-04,3.141415e-03
1.387649e-02,4.943638e-03,6.810286e-03,6.255729e-03,1.936824e-01,1.729652e-02,1.656640e-02,4.153786e-02,8.000749e-03,2.926083e-03,3.149368e-01,3.627116e-01,4.722574e-03,8.409973e-04,4.891742e-03
1.354230e-02,6.036967e-03,1.318229e-02,1.919490e-02,2.595723e-01,1.405195e-02,1.340774e-02,9.319937e-02,8.640917e-03,2.650337e-03,2.855580e-01,2.601704e-01,4.134102e-03,8.087321e-04,5.849732e-03
1.602999e-02,4.939355e-03,1.857914e-02,1.825283e-02,2.901477e-01,1.183934e-02,1.109817e-02,1.393626e-01,7.328985e-03,1.957502e-03,2.864259e-01,1.837822e-01,4.122850e-03,7.371962e-04,5.396253e-03
2.516161e-02,4.704205e-03,5.843235e-02,2.246379e-02,3.163622e-01,1.057246e-02,8.975883e-03,1.159996e-01,9.007014e-03,1.505179e-03,2.879035e-01,1.294647e-01,3.494759e-03,6.466284e-04,5.306205e-03
3.397726e-02,5.158882e-03,5.374245e-02,2.662852e-02,3.322797e-01,9.133466e-03,7.535410e-03,1.286048e-01,2.434179e-02,1.328047e-03,2.723920e-01,9.287230e-02,5.280896e-03,6.537979e-04,6.070582e-03
4.792146e-02,8.522332e-03,5.732049e-02,3.469895e-02,3.034528e-01,9.569939e-03,6.664895e-03,1.206333e-01,6.412686e-02,1.679190e-03,2.606736e-01,6.739752e-02,7.445923e-03,8.728096e-04,9.019999e-03
4.924235e-02,1.090723e-02,5.632871e-02,3.862865e-02,2.651818e-01,1.019514e-02,6.601049e-03,1.544093e-01,1.045289e-01,1.670424e-03,2.242825e-01,4.929100e-02,1.943113e-02,9.615805e-04,8.340197e-03
5.505365e-02,1.709750e-02,6.770034e-02,6.399584e-02,2.304691e-01,1.524818e-02,7.683905e-03,1.708947e-01,1.427275e-01,2.050169e-03,1.588120e-01,3.506482e-02,1.977475e-02,9.316888e-04,1.249592e-02
5.315581e-02,1.749888e-02,5.940652e-02,7.016852e-02,1.894276e-01,1.619353e-02,7.364252e-03,2.197376e-01,1.919481e-01,2.548767e-03,1.130409e-01,2.536933e-02,2.102602e-02,7.821908e-04,1.233190e-02
5.530939e-02,1.841925e-02,4.746595e-02,7.362229e-02,1.508871e-01,2.368834e-02,7.058010e-03,1.694485e-01,1.993965e-01,3.189568e-03,8.397672e-02,1.880616e-02,1.319568e-01,7.570156e-04,1.601837e-02
3.981843e-02,1.522166e-02,3.407515e-02,5.683175e-02,1.066092e-01,2.363391e-02,5.470293e-03,1.189186e-01,1.457561e-01,2.458740e-03,5.943164e-02,1.351540e-02,3.649457e-01,5.450482e-04,1.276835e-02
2.801807e-02,1.137709e-02,2.407844e-02,4.099449e-02,7.497721e-02,1.819104e-02,4.100904e-03,8.327333e-02,1.048442e-01,1.784765e-03,4.181842e-02,9.707075e-03,5.470191e-01,3.864111e-04,9.429408e-03
1.987334e-02,1.227320e-02,1.767877e-02,3.094598e-02,5.288773e-02,1.423617e-02,3.107121e-03,5.833461e-02,8.785027e-02,1.765757e-03,3.019805e-02,9.135081e-03,6.458325e-01,4.371618e-04,1.544425e-02
1.460310e-02,1.049538e-02,1.275235e-02,2.318969e-02,3.766822e-02,1.478343e-02,2.607595e-03,4.098985e-02,7.729553e-02,1.339232e-03,2.200891e-02,1.427449e-02,7.136760e-01,3.176498e-04,1.399862e-02
1.085190e-02,8.294530e-03,9.214889e-03,1.694292e-02,2.764833e-02,1.357124e-02,2.249178e-03,2.884568e-02,6.163126e-02,1.068072e-03,1.619598e-02,1.616329e-02,7.734504e-01,2.459182e-04,1.362649e-02
8.653888e-03,6.515889e-03,6.592345e-03,1.206152e-02,1.976019e-02,1.173228e-02,1.804954e-03,2.022117e-02,4.785571e-02,9.637917e-04,1.398978e-02,4.859757e-02,7.858374e-01,3.880680e-04,1.502550e-02
8.222930e-03,7.692973e-03,4.902353e-03,8.582509e-03,1.430887e-02,9.216612e-03,1.578435e-03,1.418168e-02,3.944879e-02,2.831179e-03,1.421755e-02,6.571212e-02,7.890635e-01,7.492166e-04,1.929132e-02
8.923434e-03,7.882601e-03,4.095978e-03,6.257037e-03,1.031120e-02,7.347078e-03,1.432128e-03,9.982398e-03,3.037022e-02,1.283451e-02,1.330866e-02,6.129491e-02,8.033785e-01,9.812524e-04,2.160016e-02
8.499164e-03,6.642544e-03,3.216784e-03,4.962869e-03,8.073342e-03,1.057113e-02,3.834920e-03,7.334568e-03,2.919226e-02,3.035777e-02,2.413337e-02,1.090286e-01,7.207077e-01,1.265462e-03,3.217961e-02
7.839530e-03,5.365090e-03,2.532330e-03,3.727045e-03,5.938178e-03,1.563331e-02,2.774161e-03,5.320361e-03,2.852410e-02,4.905304e-02,2.618584e-02,1.681272e-01,6.461987e-01,1.626262e-03,3.115478e-02
6.553548e-03,4.164913e-03,2.645225e-03,3.413700e-03,9.997368e-03,1.148940e-02,3.637309e-03,2.731497e-02,5.161217e-02,1.359894e-01,2.656887e-02,1.342568e-01,5.370709e-01,1.563184e-03,4.372224e-02
6.549243e-03,3.421503e-03,2.061324e-03,2.642286e-03,8.153212e-03,9.047579e-03,3.134917e-03,1.996413e-02,5.588023e-02,2.008579e-01,2.798740e-02,1.794324e-01,4.244231e-01,1.605573e-03,5.483920e-02
5.233372e-03,3.343852e-03,1.563398e-03,2.006365e-03,6.158850e-03,6.524958e-03,2.283309e-03,1.426251e-02,6.183525e-02,2.201719e-01,3.192119e-02,2.382599e-01,3.476629e-01,1.459707e-03,5.731248e-02
3.904116e-03,2.573448e-03,1.174523e-03,1.588621e-03,4.577187e-03,4.659668e-03,1.656121e-03,1.032443e-02,7.219635e-02,2.520278e-01,3.502849e-02,2.922620e-01,2.705260e-01,1.301683e-03,4.619958e-02
3.162003e-03,9.097377e-03,1.218291e-03,1.234377e-03,3.637573e-03,3.361775e-03,1.175501e-03,7.621133e-03,2.150421e-01,2.215586e-01,3.123063e-02,2.481720e-01,2.159934e-01,1.016943e-03,3.647818e-02
3.265111e-03,7.932448e-03,2.057442e-03,1.551514e-03,3.091221e-03,2.438904e-03,8.551789e-04,1.310425e-02,3.269233e-01,2.278360e-01,3.063090e-02,1.907952e-01,1.615170e-01,7.951320e-04,2.720650e-02
2.705793e-03,1.192754e-02,2.437521e-03,1.203904e-03,3.182256e-03,1.837365e-03,6.175112e-04,1.096794e-02,4.950621e-01,1.752037e-01,2.243056e-02,1.374207e-01,1.138771e-01,6.105195e-04,2.051565e-02
3.319616e-03,1.167220e-02,9.908454e-03,3.389455e-03,4.829069e-03,1.481088e-03,5.060917e-04,1.789441e-02,5.936472e-01,1.416830e-01,1.683916e-02,9.716058e-02,8.088969e-02,4.455083e-04,1.633448e-02
1.096664e-02,1.289453e-02,9.356020e-02,2.213628e-02,7.935653e-03,5.941360e-03,4.526197e-04,2.638790e-02,5.578663e-01,1.035782e-01,1.308017e-02,6.827074e-02,5.733499e-02,3.965675e-04,1.919780e-02
2.856043e-02,1.389524e-02,1.042770e-01,2.082583e-02,1.905274e-02,2.716296e-02,5.555383e-04,3.616221e-02,5.055392e-01,8.181901e-02,1.306793e-02,4.833062e-02,4.075862e-02,1.205580e-03,5.878709e-02
5.459253e-02,1.793924e-02,9.904115e-02,2.245660e-02,1.685336e-02,3.052504e-02,5.758915e-04,3.602745e-02,3.903294e-01,7.091644e-02,1.170151e-02,3.414153e-02,3.057775e-02,6.079324e-03,1.782428e-01
8.057695e-02,3.580660e-02,1.099284e-01,4.373388e-02,2.580672e-02,4.898033e-02,9.400090e-04,3.618550e-02,3.342407e-01,6.303103e-02,1.258464e-02,2.564421e-02,2.283895e-02,7.560108e-03,1.521420e-01
1.018249e-01,3.342548e-02,1.577524e-01,7.811254e-02,2.971712e-02,5.140802e-02,2.163367e-03,5.726129e-02,2.633245e-01,5.208930e-02,1.223516e-02,1.970731e-02,2.160349e-02,6.860500e-03,1.125146e-01
1.423291e-01,4.940051e-02,1.419768e-01,7.173961e-02,3.013963e-02,8.850373e-02,3.952796e-03,5.264122e-02,2.256245e-01,4.180254e-02,1.206995e-02,1.625885e-02,2.486310e-02,8.200577e-03,9.049705e-02
1.937011e-01,5.357046e-02,1.351099e-01,6.463737e-02,4.388030e-02,8.667061e-02,3.778225e-03,4.553317e-02,1.912425e-01,3.633112e-02,1.239313e-02,1.515142e-02,2.423309e-02,9.591960e-03,8.417566e-02
2.600536e-01,6.091756e-02,1.131382e-01,6.724754e-02,5.227951e-02,7.179984e-02,3.837243e-03,4.565819e-02,1.574979e-01,3.078583e-02,1.668128e-02,1.654215e-02,2.654991e-02,8.758865e-03,6.825244e-02
3.555725e-01,5.517755e-02,1.095499e-01,5.769055e-02,4.813229e-02,5.757807e-02,4.076015e-03,4.044368e-02,1.318202e-01,2.318665e-02,1.700166e-02,1.544422e-02,2.459758e-02,7.625358e-03,5.210388e-02
4.454278e-01,4.776030e-02,1.089916e-01,4.916551e-02,4.061397e-02,4.672221e-02,3.837211e-03,3.433371e-02,9.873991e-02,1.734174e-02,1.942465e-02,1.499633e-02,1.943696e-02,8.539843e-03,4.466827e-02
4.766989e-01,6.002172e-02,1.193169e-01,4.591008e-02,3.092244e-02,3.735974e-02,3.111794e-03,2.660651e-02,7.608169e-02,1.420641e-02,2.109590e-02,1.710783e-02,1.551299e-02,1.208947e-02,4.395762e-02
4.366719e-01,5.124703e-02,1.574116e-01,4.086709e-02,2.425393e-02,3.616563e-02,2.396893e-03,2.012097e-02,6.224830e-02,1.192208e-02,6.107783e-02,1.739964e-02,1.196214e-02,2.794448e-02,3.831052e-02
3.577429e-01,4.782069e-02,1.291948e-01,5.256213e-02,2.028278e-02,3.010258e-02,2.098897e-03,1.520992e-02,4.991960e-02,9.328131e-03,1.890482e-01,2.270580e-02,9.460425e-03,3.335740e-02,3.116573e-02
3.006391e-01,4.855091e-02,1.140653e-01,4.967437e-02,1.740741e-02,2.754372e-02,1.766671e-03,1.180008e-02,4.627293e-02,1.298503e-02,2.487352e-01,3.484941e-02,9.208055e-03,4.853932e-02,2.796259e-02
2.360858e-01,4.486233e-02,1.012461e-01,5.928072e-02,1.512257e-02,3.173087e-02,1.406382e-03,9.038669e-03,3.581697e-02,1.479196e-02,3.391535e-01,3.468153e-02,7.766020e-03,4.568887e-02,2.332777e-02
1.671366e-01,3.252440e-02,7.259099e-02,4.462065e-02,1.138798e-02,2.524137e-02,1.092938e-03,6.435899e-03,2.719216e-02,1.177594e-02,5.121413e-01,2.969271e-02,5.880936e-03,3.482845e-02,1.745770e-02
1.181649e-01,2.399415e-02,5.193943e-02,3.217695e-02,8.644841e-03,2.156303e-02,9.137181e-04,4.599602e-03,2.120783e-02,9.610880e-03,6.344625e-01,2.541669e-02,4.443170e-03,2.945217e-02,1.341016e-02
8.364058e-02,1.756776e-02,3.693413e-02,2.298298e-02,6.212634e-03,1.808037e-02,7.110324e-04,3.304154e-03,1.633362e-02,7.713980e-03,7.234344e-01,2.289195e-02,3.306026e-03,2.679378e-02,1.009256e-02
5.945266e-02,1.411767e-02,2.646831e-02,1.662337e-02,4.641161e-03,1.418735e-02,5.392074e-04,2.383038e-03,1.490137e-02,6.682456e-03,7.681114e-01,2.694106e-02,2.567324e-03,3.308048e-02,9.303115e-03
4.291029e-02,1.780576e-02,1.952292e-02,1.446413e-02,4.667048e-03,1.148599e-02,5.359715e-04,2.033152e-03,3.034984e-02,9.238843e-03,7.285920e-01,4.073387e-02,1.994137e-03,5.455199e-02,2.111408e-02
3.039344e-02,1.341655e-02,1.420074e-02,1.149851e-02,4.213183e-03,9.617999e-03,4.355563e-04,1.553993e-03,2.581635e-02,8.167775e-03,7.841862e-01,3.563099e-02,1.591943e-03,4.301494e-02,1.626174e-02
2.152452e-02,1.084580e-02,1.030705e-02,8.677722e-03,4.170837e-03,8.996911e-03,3.782187e-04,1.290923e-03,5.295049e-02,7.211601e-03,6.898071e-01,5.255938e-02,1.285303e-03,1.155258e-01,1.446836e-02
2.205386e-02,1.348873e-02,9.437526e-03,1.104305e-02,8.965770e-03,1.167212e-02,6.276424e-04,2.084658e-03,1.054159e-01,7.508383e-03,5.812436e-01,6.493922e-02,1.340139e-03,1.445223e-01,1.565712e-02
1.692904e-02,1.204767e-02,7.683982e-03,8.581683e-03,8.163512e-03,1.084402e-02,5.713706e-04,1.845662e-03,1.537596e-01,6.949758e-03,4.862170e-01,7.187232e-02,1.114815e-03,1.978560e-01,1.556346e-02
1.752447e-02,9.777272e-03,6.256200e-03,6.468999e-03,6.596604e-03,1.039628e-02,5.534159e-04,2.110856e-03,2.228660e-01,5.744214e-03,4.180123e-01,6.216003e-02,9.912367e-04,2.189745e-01,1.156754e-02
1.529725e-02,8.123057e-03,1.407496e-02,5.415267e-03,5.832043e-03,1.748845e-02,6.360350e-04,5.584838e-03,3.185129e-01,4.760848e-03,3.271173e-01,4.703192e-02,8.061675e-04,2.209202e-01,8.398763e-03
1.404426e-02,1.092190e-02,1.399469e-02,4.815420e-03,6.349301e-03,1.425800e-02,6.018444e-04,8.285327e-03,4.731192e-01,5.097856e-03,2.463385e-01,3.364983e-02,6.902462e-04,1.612158e-01,6.617828e-03
1.985454e-02,9.113855e-03,1.729596e-02,7.154805e-03,1.197886e-02,1.820550e-02,8.141111e-04,2.007428e-02,5.485126e-01,5.095386e-03,1.916999e-01,2.386501e-02,6.264235e-04,1.202932e-01,5.415619e-03
3.040920e-02,1.162029e-02,1.506512e-02,8.470158e-03,3.104389e-02,1.837410e-02,9.778788e-04,1.783773e-02,5.724323e-01,8.251874e-03,1.525911e-01,1.699186e-02,2.211643e-03,1.035320e-01,1.019098e-02
5.353516e-02,1.276711e-02,2.206957e-02,1.363478e-02,3.345204e-02,1.865924e-02,8.493623e-04,1.478105e-02,5.364939e-01,7.725019e-03,1.477141e-01,1.203069e-02,5.624007e-03,1.007543e-01,1.990972e-02
5.848138e-02,9.721125e-03,1.811056e-02,1.010614e-02,2.767268e-02,1.757958e-02,7.054029e-04,1.071806e-02,5.772407e-01,5.763915e-03,1.414840e-01,8.486933e-03,4.297728e-03,9.412171e-02,1.551009e-02
4.973492e-02,7.398719e-03,1.316964e-02,7.217017e-03,2.348286e-02,1.614693e-02,5.514304e-04,7.565347e-03,6.637541e-01,4.129875e-03,1.089195e-01,5.973171e-03,3.124468e-03,7.764722e-02,1.118480e-02
5.157765e-02,6.226724e-03,9.777507e-03,5.866035e-03,2.405925e-02,1.714617e-02,5.863801e-04,5.913014e-03,6.733822e-01,3.002579e-03,9.267928e-02,4.312036e-03,2.494840e-03,9.451445e-02,8.461921e-03
5.370274e-02,5.915666e-03,7.455212e-03,4.614112e-03,2.055620e-02,1.636235e-02,5.566255e-04,4.350640e-03,7.136810e-01,2.215721e-03,6.839841e-02,3.151534e-03,2.034402e-03,9.012990e-02,6.875479e-03
7.918052e-02,7.671554e-03,6.925214e-03,8.758515e-03,2.533231e-02,2.051798e-02,9.394146e-04,5.224101e-03,6.236926e-01,1.719839e-03,6.004853e-02,5.157121e-03,4.273010e-03,1.445858e-01,5.973479e-03
1.054107e-01,9.447280e-03,9.071532e-03,7.987242e-03,2.224168e-02,1.637192e-02,8.496784e-04,4.225378e-03,5.947499e-01,1.756634e-03,6.318067e-02,5.698470e-03,4.068437e-03,1.497634e-01,5.177089e-03
1.401213e-01,9.019691e-03,8.752152e-03,1.075448e-02,2.121885e-02,1.373309e-02,7.988025e-04,4.548099e-03,5.516579e-01,1.727012e-03,8.193502e-02,1.023921e-02,5.121406e-03,1.359150e-01,4.457954e-03
2.125602e-01,8.189145e-03,1.008647e-02,2.602356e-02,1.841709e-02,1.257563e-02,8.739898e-04,9.077613e-03,4.406115e-01,2.016955e-03,9.304163e-02,2.895087e-02,1.072156e-02,1.220972e-01,4.756682e-03
3.270378e-01,8.607173e-03,9.265295e-03,2.894238e-02,1.630116e-02,1.112041e-02,8.590525e-04,8.835318e-03,3.523823e-01,2.429402e-03,8.180926e-02,3.532023e-02,1.125284e-02,1.000810e-01,5.756404e-03
4.400730e-01,9.489372e-03,8.604811e-03,2.871695e-02,1.383802e-02,1.219606e-02,1.081837e-03,8.165865e-03,2.636084e-01,3.086702e-03,6.634180e-02,4.050630e-02,1.373981e-02,8.168307e-02,8.867970e-03
1.000000e+00,0.000000e+00,0.000000e+00,0.000000e+00,0.000000e+00,0.000000e+00,0.000000e+00,0.000000e+00,0.000000e+00,0.000000e+00,0.000000e+00,0.000000e+00,0.000000e+00,0.000000e+00,0.000000e+00
1.000000e+00,0.000000e+00,0.000000e+00,0.000000e+00,0.000000e+00,0.000000e+00,0.000000e+00,0.000000e+00,0.000000e+00,0.000000e+00,0.000000e+00,0.000000e+00,0.000000e+00,0.000000e+00,0.000000e+00
3.655849e-01,3.397370e-02,9.804461e-03,6.492615e-02,9.081917e-03,8.405558e-03,1.355528e-03,6.033307e-03,1.105173e-01,1.056730e-02,3.472206e-02,3.689701e-02,1.013422e-02,4.393344e-02,2.540632e-01
3.146389e-01,3.147531e-02,7.922430e-03,5.073102e-02,6.852921e-03,6.820472e-03,1.006588e-03,4.452619e-03,9.095767e-02,1.048919e-02,2.777859e-02,2.713127e-02,9.839520e-03,4.159155e-02,3.683119e-01
