1.000000e+00,0.000000e+00,0.000000e+00,0.000000e+00,0.000000e+00,0.000000e+00,0.000000e+00,0.000000e+00,0.000000e+00,0.000000e+00,0.000000e+00,0.000000e+00,0.000000e+00,0.000000e+00,0.000000e+00
1.000000e+00,0.000000e+00,0.000000e+00,0.000000e+00,0.000000e+00,0.000000e+00,0.000000e+00,0.000000e+00,0.000000e+00,0.000000e+00,0.000000e+00,0.000000e+00,0.000000e+00,0.000000e+00,0.000000e+00
1.000000e+00,0.000000e+00,0.000000e+00,0.000000e+00,0.000000e+00,0.000000e+00,0.000000e+00,0.000000e+00,0.000000e+00,0.000000e+00,0.000000e+00,0.000000e+00,0.000000e+00,0.000000e+00,0.000000e+00
1.000000e+00,0.000000e+00,0.000000e+00,0.000000e+00,0.000000e+00,0.000000e+00,0.000000e+00,0.000000e+00,0.000000e+00,0.000000e+00,0.000000e+00,0.000000e+00,0.000000e+00,0.000000e+00,0.000000e+00
1.000000e+00,0.000000e+00,0.000000e+00,0.000000e+00,0.000000e+00,0.000000e+00,0.000000e+00,0.000000e+00,0.000000e+00,0.000000e+00,0.000000e+00,0.000000e+00,0.000000e+00,0.000000e+00,0.000000e+00
1.000000e+00,0.000000e+00,0.000000e+00,0.000000e+00,0.000000e+00,0.000000e+00,0.000000e+00,0.000000e+00,0.000000e+00,0.000000e+00,0.000000e+00,0.000000e+00,0.000000e+00,0.000000e+00,0.000000e+00
1.000000e+00,0.000000e+00,0.000000e+00,0.000000e+00,0.000000e+00,0.000000e+00,0.000000e+00,0.000000e+00,0.000000e+00,0.000000e+00,0.000000e+00,0.000000e+00,0.000000e+00,0.000000e+00,0.000000e+00
1.000000e+00,0.000000e+00,0.000000e+00,0.000000e+00,0.000000e+00,0.000000e+00,0.000000e+00,0.000000e+00,0.000000e+00,0.000000e+00,0.000000e+00,0.000000e+00,0.000000e+00,0.000000e+00,0.000000e+00
1.000000e+00,0.000000e+00,0.000000e+00,0.000000e+00,0.000000e+00,0.000000e+00,0.000000e+00,0.000000e+00,0.000000e+00,0.000000e+00,0.000000e+00,0.000000e+00,0.000000e+00,0.000000e+00,0.000000e+00
1.000000e+00,0.000000e+00,0.000000e+00,0.000000e+00,0.000000e+00,0.000000e+00,0.000000e+00,0.000000e+00,0.000000e+00,0.000000e+00,0.000000e+00,0.000000e+00,0.000000e+00,0.000000e+00,0.000000e+00
1.000000e+00,0.000000e+00,0.000000e+00,0.000000e+00,0.000000e+00,0.000000e+00,0.000000e+00,0.000000e+00,0.000000e+00,0.000000e+00,0.000000e+00,0.000000e+00,0.000000e+00,0.000000e+00,0.000000e+00
1.000000e+00,0.000000e+00,0.000000e+00,0.000000e+00,0.000000e+00,0.000000e+00,0.000000e+00,0.000000e+00,0.000000e+00,0.000000e+00,0.000000e+00,0.000000e+00,0.000000e+00,0.000000e+00,0.000000e+00
1.000000e+00,0.000000e+00,0.000000e+00,0.000000e+00,0.000000e+00,0.000000e+00,0.000000e+00,0.000000e+00,0.000000e+00,0.000000e+00,0.000000e+00,0.000000e+00,0.000000e+00,0.000000e+00,0.000000e+00
1.000000e+00,0.000000e+00,0.000000e+00,0.000000e+00,0.000000e+00,0.000000e+00,0.000000e+00,0.000000e+00,0.000000e+00,0.000000e+00,0.000000e+00,0.000000e+00,0.000000e+00,0.000000e+00,0.000000e+00
1.000000e+00,0.000000e+00,0.000000e+00,0.000000e+00,0.000000e+00,0.000000e+00,0.000000e+00,0.000000e+00,0.000000e+00,0.000000e+00,0.000000e+00,0.000000e+00,0.000000e+00,0.000000e+00,0.000000e+00
1.000000e+00,0.000000e+00,0.000000e+00,0.000000e+00,0.000000e+00,0.000000e+00,0.000000e+00,0.000000e+00,0.000000e+00,0.000000e+00,0.000000e+00,0.000000e+00,0.000000e+00,0.000000e+00,0.000000e+00
1.000000e+00,0.000000e+00,0.000000e+00,0.000000e+00,0.000000e+00,0.000000e+00,0.000000e+00,0.000000e+00,0.000000e+00,0.000000e+00,0.000000e+00,0.000000e+00,0.000000e+00,0.000000e+00,0.000000e+00
1.000000e+00,0.000000e+00,0.000000e+00,0.000000e+00,0.000000e+00,0.000000e+00,0.000000e+00,0.000000e+00,0.000000e+00,0.000000e+00,0.000000e+00,0.000000e+00,0.000000e+00,0.000000e+00,0.000000e+00
1.000000e+00,0.000000e+00,0.000000e+00,0.000000e+00,0.000000e+00,0.000000e+00,0.000000e+00,0.000000e+00,0.000000e+00,0.000000e+00,0.000000e+00,0.000000e+00,0.000000e+00,0.000000e+00,0.000000e+00
1.000000e+00,0.000000e+00,0.000000e+00,0.000000e+00,0.000000e+00,0.000000e+00,0.000000e+00,0.000000e+00,0.000000e+00,0.000000e+00,0.000000e+00,0.000000e+00,0.000000e+00,0.000000e+00,0.000000e+00
1.000000e+00,0.000000e+00,0.000000e+00,0.000000e+00,0.000000e+00,0.000000e+00,0.000000e+00,0.000000e+00,0.000000e+00,0.000000e+00,0.000000e+00,0.000000e+00,0.000000e+00,0.000000e+00,0.000000e+00
1.000000e+00,0.000000e+00,0.000000e+00,0.000000e+00,0.000000e+00,0.000000e+00,0.000000e+00,0.000000e+00,0.000000e+00,0.000000e+00,0.000000e+00,0.000000e+00,0.000000e+00,0.000000e+00,0.000000e+00
1.000000e+00,0.000000e+00,0.000000e+00,0.000000e+00,0.000000e+00,0.000000e+00,0.000000e+00,0.000000e+00,0.000000e+00,0.000000e+00,0.000000e+00,0.000000e+00,0.000000e+00,0.000000e+00,0.000000e+00
1.000000e+00,0.000000e+00,0.000000e+00,0.000000e+00,0.000000e+00,0.000000e+00,0.000000e+00,0.000000e+00,0.000000e+00,0.000000e+00,0.000000e+00,0.000000e+00,0.000000e+00,0.000000e+00,0.000000e+00
1.000000e+00,0.000000e+00,0.000000e+00,0.000000e+00,0.000000e+00,0.000000e+00,0.000000e+00,0.000000e+00,0.000000e+00,0.000000e+00,0.000000e+00,0.000000e+00,0.000000e+00,0.000000e+00,0.000000e+00
1.000000e+00,0.000000e+00,0.000000e+00,0.000000e+00,0.000000e+00,0.000000e+00,0.000000e+00,0.000000e+00,0.000000e+00,0.000000e+00,0.000000e+00,0.000000e+00,0.000000e+00,0.000000e+00,0.000000e+00
1.000000e+00,0.000000e+00,0.000000e+00,0.000000e+00,0.000000e+00,0.000000e+00,0.000000e+00,0.000000e+00,0.000000e+00,0.000000e+00,0.000000e+00,0.000000e+00,0.000000e+00,0.000000e+00,0.000000e+00
1.000000e+00,0.000000e+00,0.000000e+00,0.000000e+00,0.000000e+00,0.000000e+00,0.000000e+00,0.000000e+00,0.000000e+00,0.000000e+00,0.000000e+00,0.000000e+00,0.000000e+00,0.000000e+00,0.000000e+00
1.000000e+00,0.000000e+00,0.000000e+00,0.000000e+00,0.000000e+00,0.000000e+00,0.000000e+00,0.000000e+00,0.000000e+00,0.000000e+00,0.000000e+00,0.000000e+00,0.000000e+00,0.000000e+00,0.000000e+00
1.000000e+00,0.000000e+00,0.000000e+00,0.000000e+00,0.000000e+00,0.000000e+00,0.000000e+00,0.000000e+00,0.000000e+00,0.000000e+00,0.000000e+00,0.000000e+00,0.000000e+00,0.000000e+00,0.000000e+00
1.000000e+00,0.000000e+00,0.000000e+00,0.000000e+00,0.000000e+00,0.000000e+00,0.000000e+00,0.000000e+00,0.000000e+00,0.000000e+00,0.000000e+00,0.000000e+00,0.000000e+00,0.000000e+00,0.000000e+00
1.000000e+00,0.000000e+00,0.000000e+00,0.000000e+00,0.000000e+00,0.000000e+00,0.000000e+00,0.000000e+00,0.000000e+00,0.000000e+00,0.000000e+00,0.000000e+00,0.000000e+00,0.000000e+00,0.000000e+00
1.000000e+00,0.000000e+00,0.000000e+00,0.000000e+00,0.000000e+00,0.000000e+00,0.000000e+00,0.000000e+00,0.000000e+00,0.000000e+00,0.000000e+00,0.000000e+00,0.000000e+00,0.000000e+00,0.000000e+00
1.000000e+00,0.000000e+00,0.000000e+00,0.000000e+00,0.000000e+00,0.000000e+00,0.000000e+00,0.000000e+00,0.000000e+00,0.000000e+00,0.000000e+00,0.000000e+00,0.000000e+00,0.000000e+00,0.000000e+00
1.000000e+00,0.000000e+00,0.000000e+00,0.000000e+00,0.000000e+00,0.000000e+00,0.000000e+00,0.000000e+00,0.000000e+00,0.000000e+00,0.000000e+00,0.000000e+00,0.000000e+00,0.000000e+00,0.000000e+00
1.000000e+00,0.000000e+00,0.000000e+00,0.000000e+00,0.000000e+00,0.000000e+00,0.000000e+00,0.000000e+00,0.000000e+00,0.000000e+00,0.000000e+00,0.000000e+00,0.000000e+00,0.000000e+00,0.000000e+00
1.000000e+00,0.000000e+00,0.000000e+00,0.000000e+00,0.000000e+00,0.000000e+00,0.000000e+00,0.000000e+00,0.000000e+00,0.000000e+00,0.000000e+00,0.000000e+00,0.000000e+00,0.000000e+00,0.000000e+00
1.000000e+00,0.000000e+00,0.000000e+00,0.000000e+00,0.000000e+00,0.000000e+00,0.000000e+00,0.000000e+00,0.000000e+00,0.000000e+00,0.000000e+00,0.000000e+00,0.000000e+00,0.000000e+00,0.000000e+00
1.000000e+00,0.000000e+00,0.000000e+00,0.000000e+00,0.000000e+00,0.000000e+00,0.000000e+00,0.000000e+00,0.000000e+00,0.000000e+00,0.000000e+00,0.000000e+00,0.000000e+00,0.000000e+00,0.000000e+00
1.000000e+00,0.000000e+00,0.000000e+00,0.000000e+00,0.000000e+00,0.000000e+00,0.000000e+00,0.000000e+00,0.000000e+00,0.000000e+00,0.000000e+00,0.000000e+00,0.000000e+00,0.000000e+00,0.000000e+00
1.000000e+00,0.000000e+00,0.000000e+00,0.000000e+00,0.000000e+00,0.000000e+00,0.000000e+00,0.000000e+00,0.000000e+00,0.000000e+00,0.000000e+00,0.000000e+00,0.000000e+00,0.000000e+00,0.000000e+00
1.000000e+00,0.000000e+00,0.000000e+00,0.000000e+00,0.000000e+00,0.000000e+00,0.000000e+00,0.000000e+00,0.000000e+00,0.000000e+00,0.000000e+00,0.000000e+00,0.000000e+00,0.000000e+00,0.000000e+00
1.000000e+00,0.000000e+00,0.000000e+00,0.000000e+00,0.000000e+00,0.000000e+00,0.000000e+00,0.000000e+00,0.000000e+00,0.000000e+00,0.000000e+00,0.000000e+00,0.000000e+00,0.000000e+00,0.000000e+00
1.000000e+00,0.000000e+00,0.000000e+00,0.000000e+00,0.000000e+00,0.000000e+00,0.000000e+00,0.000000e+00,0.000000e+00,0.000000e+00,0.000000e+00,0.000000e+00,0.000000e+00,0.000000e+00,0.000000e+00
1.000000e+00,0.000000e+00,0.000000e+00,0.000000e+00,0.000000e+00,0.000000e+00,0.000000e+00,0.000000e+00,0.000000e+00,0.000000e+00,0.000000e+00,0.000000e+00,0.000000e+00,0.000000e+00,0.000000e+00
4.825661e-01,1.990404e-02,3.978398e-03,2.251878e-01,6.409555e-03,1.441392e-02,3.377580e-03,5.000915e-03,8.645497e-03,2.144541e-03,1.499813e-01,4.321994e-02,2.156522e-02,1.955251e-03,1.164990e-02
3.381728e-01,1.422903e-02,2.895318e-03,2.723835e-01,4.980526e-03,1.018008e-02,2.376640e-03,3.601002e-03,8.039858e-03,2.615700e-03,2.335906e-01,7.962134e-02,1.666511e-02,2.370070e-03,8.278471e-03
2.371406e-01,1.005800e-02,2.088326e-03,2.149599e-01,5.085261e-03,7.861437e-03,1.689082e-03,2.573467e-03,6.955796e-03,2.016819e-03,1.982039e-01,2.905401e-01,1.261144e-02,2.336548e-03,5.879317e-03
1.661406e-01,7.065998e-03,1.486192e-03,1.549229e-01,1.162844e-02,5.849664e-03,1.192225e-03,1.815982e-03,5.860111e-03,1.483815e-03,1.782692e-01,4.488026e-01,9.296957e-03,2.009588e-03,4.175708e-03
1.163417e-01,4.959780e-03,1.057899e-03,1.095525e-01,2.775365e-02,4.534282e-03,8.400441e-04,1.285550e-03,4.605555e-03,1.068362e-03,1.412578e-01,5.755496e-01,6.782428e-03,1.468007e-03,2.942883e-03
8.151768e-02,3.542761e-03,7.687046e-04,7.749437e-02,4.208669e-02,5.092959e-03,5.930298e-04,9.329708e-04,3.545705e-03,8.202013e-04,1.096930e-01,6.654412e-01,5.159648e-03,1.192515e-03,2.118717e-03
5.713464e-02,2.599060e-03,6.028180e-04,5.484752e-02,5.143272e-02,5.768301e-03,4.190233e-04,6.820288e-04,2.792672e-03,6.210238e-04,8.789026e-02,7.287112e-01,3.871534e-03,1.064090e-03,1.563182e-03
4.007802e-02,2.068649e-03,4.659762e-04,3.891307e-02,5.768334e-02,4.981394e-03,2.952407e-04,4.942850e-04,2.194245e-03,4.944237e-04,9.453662e-02,7.522599e-01,2.885880e-03,1.432345e-03,1.216699e-03
2.821727e-02,1.637141e-03,3.537276e-04,2.759004e-02,5.244523e-02,3.836617e-03,2.089445e-04,3.564615e-04,1.781269e-03,4.488576e-04,7.441138e-02,8.042282e-01,2.165759e-03,1.314335e-03,1.004735e-03
1.995046e-02,1.504251e-03,3.611242e-04,2.008334e-02,5.456143e-02,2.964140e-03,1.643862e-04,2.773346e-04,1.511477e-03,7.798676e-04,7.987956e-02,8.125780e-01,1.981054e-03,2.095779e-03,1.307897e-03
1.555235e-02,2.636475e-03,7.400279e-04,1.478183e-02,7.495527e-02,5.133023e-03,4.947870e-04,5.737456e-04,1.687044e-03,2.475879e-03,9.960140e-02,7.726893e-01,1.919704e-03,2.738276e-03,4.020964e-03
1.297982e-02,3.237342e-03,1.546256e-03,1.088665e-02,6.757844e-02,1.266117e-02,1.150731e-03,1.274479e-03,1.840246e-03,4.806897e-03,1.309259e-01,7.394615e-01,2.060928e-03,2.978830e-03,6.610846e-03
1.008342e-02,5.159219e-03,2.925943e-03,7.726070e-03,5.996425e-02,3.484342e-02,1.859254e-03,4.325639e-03,8.512539e-03,1.546555e-02,1.071350e-01,7.303917e-01,1.983508e-03,2.885011e-03,6.739546e-03
7.761655e-03,5.141626e-03,3.067334e-03,5.502187e-03,5.821981e-02,4.443626e-02,3.445641e-03,4.838349e-03,1.227274e-02,5.737697e-02,1.026505e-01,6.813972e-01,1.861086e-03,2.871072e-03,9.157615e-03
7.033164e-03,8.245272e-03,3.871849e-03,3.975891e-03,5.605535e-02,4.373727e-02,1.314083e-02,7.988926e-03,2.587152e-02,1.542309e-01,9.822990e-02,5.582752e-01,2.098642e-03,3.578772e-03,1.366654e-02
5.689842e-03,7.277563e-03,3.324382e-03,2.892368e-03,4.715470e-02,4.569525e-02,1.248117e-02,7.021498e-03,2.730981e-02,1.942597e-01,9.634575e-02,5.319349e-01,2.488207e-03,4.461363e-03,1.166362e-02
5.097299e-03,5.595748e-03,4.469517e-03,3.253597e-03,4.316689e-02,5.720782e-02,1.076761e-02,5.778679e-03,2.648705e-02,2.112116e-01,8.052468e-02,5.268561e-01,4.820810e-03,3.926954e-03,1.083570e-02
5.248002e-03,5.596985e-03,5.583560e-03,3.497946e-03,4.805632e-02,5.104341e-02,8.207661e-03,6.051086e-03,2.811342e-02,2.164144e-01,9.181151e-02,4.886153e-01,1.744822e-02,7.068359e-03,1.724388e-02
6.339816e-03,5.333914e-03,9.219145e-03,4.340508e-03,5.257706e-02,3.981885e-02,6.079286e-03,8.877262e-03,2.606061e-02,2.167169e-01,9.532319e-02,4.610178e-01,2.861608e-02,1.192025e-02,2.775939e-02
6.089291e-03,6.466928e-03,3.405915e-02,4.359221e-03,4.173975e-02,3.377436e-02,4.491173e-03,9.505887e-03,5.236780e-02,2.151378e-01,1.451771e-01,3.462942e-01,2.850999e-02,2.377132e-02,4.825604e-02
2.157080e-02,8.324676e-03,6.142244e-02,8.308860e-03,9.829471e-02,5.836235e-02,5.377174e-03,1.022854e-02,5.964442e-02,2.067213e-01,1.332199e-01,2.459835e-01,2.638016e-02,2.010031e-02,3.606095e-02
3.022129e-02,1.876812e-02,9.342068e-02,1.600555e-02,1.405627e-01,1.011469e-01,7.386386e-03,9.414922e-03,7.330368e-02,1.626833e-01,1.100551e-01,1.734682e-01,2.134292e-02,1.574442e-02,2.647591e-02
3.202070e-02,4.587105e-02,7.620575e-02,3.158884e-02,1.913859e-01,1.382201e-01,1.057351e-02,1.321373e-02,7.863672e-02,1.302865e-01,8.177227e-02,1.221715e-01,1.602184e-02,1.211216e-02,1.991934e-02
3.012806e-02,4.284342e-02,6.851522e-02,1.765142e-01,1.855427e-01,1.214092e-01,8.554707e-03,2.611315e-02,6.645746e-02,9.247635e-02,5.895098e-02,8.619405e-02,1.214149e-02,8.921939e-03,1.523705e-02
4.121285e-02,6.117080e-02,5.869342e-02,1.658639e-01,1.766990e-01,1.130256e-01,9.160868e-03,3.200979e-02,1.140243e-01,7.888199e-02,5.395094e-02,6.172621e-02,1.080943e-02,8.263419e-03,1.450749e-02
3.571441e-02,5.805638e-02,4.754955e-02,2.514524e-01,1.281052e-01,8.751270e-02,6.995996e-03,2.638914e-02,1.523098e-01,6.989928e-02,5.662892e-02,4.434220e-02,9.788112e-03,6.000756e-03,1.925503e-02
3.153898e-02,4.951076e-02,4.054467e-02,1.869352e-01,9.218866e-02,6.372700e-02,5.083641e-03,1.964296e-02,2.064638e-01,7.927589e-02,6.636164e-02,3.219368e-02,1.067540e-02,5.033684e-03,1.108240e-01
2.969623e-02,5.848532e-02,3.283488e-02,1.381683e-01,6.772655e-02,4.516250e-02,3.699646e-03,1.452643e-02,3.251565e-01,7.332366e-02,6.298514e-02,2.474206e-02,1.560805e-02,4.139967e-03,1.037448e-01
2.180105e-02,4.998526e-02,2.619376e-02,1.271356e-01,4.800463e-02,3.191314e-02,2.630922e-03,1.034970e-02,4.580768e-01,5.593783e-02,4.600518e-02,1.746483e-02,1.138252e-02,3.880921e-03,8.923785e-02
1.900113e-02,3.840658e-02,2.125679e-01,1.264038e-01,3.481477e-02,2.322509e-02,1.967106e-03,8.646408e-03,3.554877e-01,4.305407e-02,3.712787e-02,1.245730e-02,9.507912e-03,5.994070e-03,7.133825e-02
1.634135e-02,2.872493e-02,1.636061e-01,1.089539e-01,2.525727e-02,1.709777e-02,1.432045e-03,6.464446e-03,4.035383e-01,3.701525e-02,3.801384e-02,9.538181e-03,9.952793e-03,4.931526e-02,8.474852e-02
1.784433e-02,2.201982e-02,1.772361e-01,1.487431e-01,1.915312e-02,1.328633e-02,1.127021e-03,5.839798e-03,3.703916e-01,3.074497e-02,3.802700e-02,7.362661e-03,9.085067e-03,6.043068e-02,7.870829e-02
1.811208e-02,1.789165e-02,2.957476e-01,1.910569e-01,1.527052e-02,1.064130e-02,8.909143e-04,5.410060e-03,2.769016e-01,2.336993e-02,2.883670e-02,5.337895e-03,6.646178e-03,4.415515e-02,5.973151e-02
2.817493e-02,1.418344e-02,3.932104e-01,1.505228e-01,1.173995e-02,8.554427e-03,7.036161e-04,4.232460e-03,2.012623e-01,1.732375e-02,2.288653e-02,3.971297e-03,4.760458e-03,9.242647e-02,4.604711e-02
5.769404e-02,1.817281e-02,3.408882e-01,1.742013e-01,1.084028e-02,1.236820e-02,7.669505e-04,5.625417e-03,1.896269e-01,1.591833e-02,2.130488e-02,4.091285e-03,4.900650e-03,9.576700e-02,4.783369e-02
7.639061e-02,1.732215e-02,2.515348e-01,1.320987e-01,8.686139e-03,1.124787e-02,6.802127e-04,4.769372e-03,2.682408e-01,2.729541e-02,2.891245e-02,4.130787e-03,6.319437e-03,1.097008e-01,5.267050e-02
2.439485e-01,1.457660e-02,1.911495e-01,1.003591e-01,8.634198e-03,1.182576e-02,7.532884e-04,4.510945e-03,2.147080e-01,2.269574e-02,3.464217e-02,5.708029e-03,6.951030e-03,9.335291e-02,4.618411e-02
3.351262e-01,1.731236e-02,1.501152e-01,9.082142e-02,1.018033e-02,1.681889e-02,3.538199e-03,9.250687e-03,1.706309e-01,1.827533e-02,3.542200e-02,1.019257e-02,8.437719e-03,7.564231e-02,4.823592e-02
4.659667e-01,1.559687e-02,1.151056e-01,7.010386e-02,9.619014e-03,1.473777e-02,2.807388e-03,7.217406e-03,1.315516e-01,1.365081e-02,2.821450e-02,9.225073e-03,7.731323e-03,5.970565e-02,4.876642e-02
1.000000e+00,0.000000e+00,0.000000e+00,0.000000e+00,0.000000e+00,0.000000e+00,0.000000e+00,0.000000e+00,0.000000e+00,0.000000e+00,0.000000e+00,0.000000e+00,0.000000e+00,0.000000e+00,0.000000e+00
1.000000e+00,0.000000e+00,0.000000e+00,0.000000e+00,0.000000e+00,0.000000e+00,0.000000e+00,0.000000e+00,0.000000e+00,0.000000e+00,0.000000e+00,0.000000e+00,0.000000e+00,0.000000e+00,0.000000e+00
1.000000e+00,0.000000e+00,0.000000e+00,0.000000e+00,0.000000e+00,0.000000e+00,0.000000e+00,0.000000e+00,0.000000e+00,0.000000e+00,0.000000e+00,0.000000e+00,0.000000e+00,0.000000e+00,0.000000e+00
1.000000e+00,0.000000e+00,0.000000e+00,0.000000e+00,0.000000e+00,0.000000e+00,0.000000e+00,0.000000e+00,0.000000e+00,0.000000e+00,0.000000e+00,0.000000e+00,0.000000e+00,0.000000e+00,0.000000e+00
1.000000e+00,0.000000e+00,0.000000e+00,0.000000e+00,0.000000e+00,0.000000e+00,0.000000e+00,0.000000e+00,0.000000e+00,0.000000e+00,0.000000e+00,0.000000e+00,0.000000e+00,0.000000e+00,0.000000e+00
1.000000e+00,0.000000e+00,0.000000e+00,0.000000e+00,0.000000e+00,0.000000e+00,0.000000e+00,0.000000e+00,0.000000e+00,0.000000e+00,0.000000e+00,0.000000e+00,0.000000e+00,0.000000e+00,0.000000e+00
1.000000e+00,0.000000e+00,0.000000e+00,0.000000e+00,0.000000e+00,0.000000e+00,0.000000e+00,0.000000e+00,0.000000e+00,0.000000e+00,0.000000e+00,0.000000e+00,0.000000e+00,0.000000e+00,0.000000e+00
1.000000e+00,0.000000e+00,0.000000e+00,0.000000e+00,0.000000e+00,0.000000e+00,0.000000e+00,0.000000e+00,0.000000e+00,0.000000e+00,0.000000e+00,0.000000e+00,0.000000e+00,0.000000e+00,0.000000e+00
1.000000e+00,0.000000e+00,0.000000e+00,0.000000e+00,0.000000e+00,0.000000e+00,0.000000e+00,0.000000e+00,0.000000e+00,0.000000e+00,0.000000e+00,0.000000e+00,0.000000e+00,0.000000e+00,0.000000e+00
1.000000e+00,0.000000e+00,0.000000e+00,0.000000e+00,0.000000e+00,0.000000e+00,0.000000e+00,0.000000e+00,0.000000e+00,0.000000e+00,0.000000e+00,0.000000e+00,0.000000e+00,0.000000e+00,0.000000e+00
4.798377e-01,4.446627e-02,4.677670e-02,1.566549e-01,8.747937e-03,1.342821e-02,2.597131e-03,5.411701e-03,5.304312e-02,7.678666e-03,1.196105e-02,1.228451e-02,6.581220e-03,2.118690e-02,1.293440e-01
3.740416e-01,4.050688e-02,3.768799e-02,1.122302e-01,6.304165e-03,1.010199e-02,1.849846e-03,3.995049e-03,4.576408e-02,7.753023e-03,9.660013e-03,9.682662e-03,6.243456e-03,2.817103e-02,3.060080e-01
2.851114e-01,3.071327e-02,2.791378e-02,7.958758e-02,4.513715e-03,7.456219e-03,1.329787e-03,2.901611e-03,3.807522e-02,7.834452e-03,9.850658e-03,8.789025e-03,6.491259e-03,2.457812e-02,4.648539e-01
2.219207e-01,2.391970e-02,3.153802e-02,6.017213e-02,3.556149e-03,5.635903e-03,9.665860e-04,2.162755e-03,9.644087e-02,1.643604e-02,1.175874e-02,6.913251e-03,5.987957e-03,3.243764e-02,4.801535e-01
2.278333e-01,2.052451e-02,3.095140e-02,4.310357e-02,2.924575e-03,5.739066e-03,7.705122e-04,1.720157e-03,7.422956e-02,1.557466e-02,1.144037e-02,6.343397e-03,6.085368e-03,7.944559e-02,4.733139e-01
2.605893e-01,2.079219e-02,2.776424e-02,3.147018e-02,2.993933e-03,5.599988e-03,1.410283e-03,1.958358e-03,5.556825e-02,1.415454e-02,1.104215e-02,6.569540e-03,5.027531e-03,1.002309e-01,4.548286e-01
2.582625e-01,1.970212e-02,2.198486e-02,2.368895e-02,2.427995e-03,5.812029e-03,1.983688e-03,2.290877e-03,8.346600e-02,1.739807e-02,2.030752e-02,2.092713e-02,8.185703e-03,1.310130e-01,3.825496e-01
2.269513e-01,2.033638e-02,1.960023e-02,1.840071e-02,2.138952e-03,6.504273e-03,3.257756e-03,2.404230e-03,9.365138e-02,2.243084e-02,3.442090e-02,3.868672e-02,9.077466e-03,1.776868e-01,3.244520e-01
1.783107e-01,1.473738e-02,1.435499e-02,1.354419e-02,1.908951e-03,5.178962e-03,2.819431e-03,2.373795e-03,6.967106e-02,2.340034e-02,5.593539e-02,3.788219e-02,8.695752e-03,3.146484e-01,2.565385e-01
1.277857e-01,1.041878e-02,1.013904e-02,9.993581e-03,1.989950e-03,3.850342e-03,2.179615e-03,2.349824e-03,5.162561e-02,3.096868e-02,9.676418e-02,4.648742e-02,7.513378e-03,3.792747e-01,2.186593e-01
9.316572e-02,7.423617e-03,7.555272e-03,7.717530e-03,2.244212e-03,3.145439e-03,1.759920e-03,1.997789e-03,4.385145e-02,6.538434e-02,1.964767e-01,4.389073e-02,6.375107e-03,3.519069e-01,1.671053e-01
7.364169e-02,5.736094e-03,6.198181e-03,5.970941e-03,2.486471e-03,2.901639e-03,1.713290e-03,2.046303e-03,3.933007e-02,7.295655e-02,2.523010e-01,4.116231e-02,8.180105e-03,3.051307e-01,1.802447e-01
6.740580e-02,4.389359e-03,4.679605e-03,4.898610e-03,3.042862e-03,3.749300e-03,2.110877e-03,1.906917e-03,4.037643e-02,7.104379e-02,2.905728e-01,3.831372e-02,1.094505e-02,3.089168e-01,1.476481e-01
4.882219e-02,3.142680e-03,3.391766e-03,3.709279e-03,4.373665e-03,4.325676e-03,4.383449e-03,1.556551e-03,3.612328e-02,5.907184e-02,3.900058e-01,3.016432e-02,1.396683e-02,2.879764e-01,1.089863e-01
3.581166e-02,2.379793e-03,2.597464e-03,2.914054e-03,6.809832e-03,4.060500e-03,5.267693e-03,1.586916e-03,2.777142e-02,5.072802e-02,4.384096e-01,2.509595e-02,1.541942e-02,2.983429e-01,8.280484e-02
2.720503e-02,1.991694e-03,2.439502e-03,4.084431e-03,1.272907e-02,3.668322e-03,6.349648e-03,9.349594e-03,4.027658e-02,5.000052e-02,4.296041e-01,2.246656e-02,2.294164e-02,2.889222e-01,7.797119e-02
1.984756e-02,2.943432e-03,7.649757e-03,6.681439e-03,1.820361e-02,5.332209e-03,4.759305e-03,9.506870e-02,1.220815e-01,3.641214e-02,3.830063e-01,1.723610e-02,1.859095e-02,2.067629e-01,5.542418e-02
1.603526e-02,2.849762e-02,1.042379e-02,1.468324e-02,3.755754e-02,9.270259e-03,3.933763e-03,7.326179e-02,2.889832e-01,2.854202e-02,2.757398e-01,1.229478e-02,1.338952e-02,1.471642e-01,4.022320e-02
1.507074e-02,4.363053e-02,4.634896e-02,4.278700e-02,9.264959e-02,3.114785e-02,6.696722e-03,5.377687e-02,2.993895e-01,2.077750e-02,1.969118e-01,8.671211e-03,9.597884e-03,1.032863e-01,2.925762e-02
1.907270e-02,6.994165e-02,8.981234e-02,5.700994e-02,1.195258e-01,7.611798e-02,1.038239e-02,4.051375e-02,2.525656e-01,1.614250e-02,1.405808e-01,6.177540e-03,7.194096e-03,7.278411e-02,2.217878e-02
4.360734e-02,9.370725e-02,1.156884e-01,5.701876e-02,1.641302e-01,7.666819e-02,1.234742e-02,3.123195e-02,2.062215e-01,1.332591e-02,1.057450e-01,4.460317e-03,5.596179e-03,5.273730e-02,1.751424e-02
8.571795e-02,1.103254e-01,1.000637e-01,5.815101e-02,2.140412e-01,8.302072e-02,1.253146e-02,2.423840e-02,1.555818e-01,1.081305e-02,8.236553e-02,3.657059e-03,5.051781e-03,4.108924e-02,1.335174e-02
9.537898e-02,1.212648e-01,8.271072e-02,7.076901e-02,2.560968e-01,9.846249e-02,1.128689e-02,1.982873e-02,1.199310e-01,9.053822e-03,6.431582e-02,3.413188e-03,4.348831e-03,3.245772e-02,1.068118e-02
7.476735e-02,8.929868e-02,5.943628e-02,5.241828e-02,3.894583e-01,9.405803e-02,4.203187e-02,1.496103e-02,9.124992e-02,6.984326e-03,4.611418e-02,2.612340e-03,3.500047e-03,2.469348e-02,8.415816e-03
5.830227e-02,6.691823e-02,4.230272e-02,3.877619e-02,5.272229e-01,8.740811e-02,3.400896e-02,1.204811e-02,6.529694e-02,5.978197e-03,3.325391e-02,2.077010e-03,2.668601e-03,1.748940e-02,6.248484e-03
9.563568e-02,5.088460e-02,3.563644e-02,2.824705e-02,4.824417e-01,6.690128e-02,2.424749e-02,9.373677e-03,4.686574e-02,1.228156e-02,2.987568e-02,1.842115e-03,2.278283e-03,3.273040e-02,8.075826e-02
1.124305e-01,3.928239e-02,3.553811e-02,2.117458e-02,3.627415e-01,5.523045e-02,1.722326e-02,6.753166e-03,3.318968e-02,1.575555e-02,2.449283e-02,1.550797e-03,2.056541e-03,7.179321e-02,2.007874e-01
1.201953e-01,3.201830e-02,4.951050e-02,1.628351e-02,2.853127e-01,5.091889e-02,1.240165e-02,5.126540e-03,2.366154e-02,1.594205e-02,1.965090e-02,1.510085e-03,2.150565e-03,8.549272e-02,2.798249e-01
1.086962e-01,2.640112e-02,5.808465e-02,1.218971e-02,2.281135e-01,4.485305e-02,8.843428e-03,3.756061e-03,1.713878e-02,2.249904e-02,1.734139e-02,1.345701e-03,1.973196e-03,1.097944e-01,3.389697e-01
1.003451e-01,2.488834e-02,6.075878e-02,9.239901e-03,1.819800e-01,4.605851e-02,6.339223e-03,2.768218e-03,1.307994e-02,2.365034e-02,1.715434e-02,1.362325e-03,1.895352e-03,1.511885e-01,3.592911e-01
7.788711e-02,1.982305e-02,4.980807e-02,6.843755e-03,1.332129e-01,5.273718e-02,4.503464e-03,2.064695e-03,1.038904e-02,2.244351e-02,1.514930e-02,1.489716e-03,2.731425e-03,2.094694e-01,3.914474e-01
6.622578e-02,1.705233e-02,3.800576e-02,5.444372e-03,9.632734e-02,1.114556e-01,3.294939e-03,1.563743e-03,8.242899e-03,2.075115e-02,1.599766e-02,1.606068e-03,2.707054e-03,2.070561e-01,4.042691e-01
5.019742e-02,1.584814e-02,3.192346e-02,4.690490e-03,6.783368e-02,1.104936e-01,2.365711e-03,1.157957e-03,8.643456e-03,2.349661e-02,1.396267e-02,1.689351e-03,2.954205e-03,1.723298e-01,4.924135e-01
3.687187e-02,1.653128e-02,2.294717e-02,3.576264e-03,4.765477e-02,9.083130e-02,1.696077e-03,8.399323e-04,1.165434e-02,3.513535e-02,1.048373e-02,1.514766e-03,3.000372e-03,1.335386e-01,5.837241e-01
2.966203e-02,5.421551e-02,1.649434e-02,2.929775e-03,3.367914e-02,8.815797e-02,1.257439e-03,6.183022e-04,2.282619e-02,4.040373e-02,8.451293e-03,1.427695e-03,6.337740e-03,1.011788e-01,5.923601e-01
2.343204e-02,1.164400e-01,1.201659e-02,3.810634e-03,2.388575e-02,7.050849e-02,9.212968e-04,5.256598e-04,9.337288e-02,4.937790e-02,8.559679e-03,1.168262e-03,5.441838e-03,8.042930e-02,5.101097e-01
1.998681e-02,2.111810e-01,8.823138e-03,8.553575e-03,1.713968e-02,5.068162e-02,6.748186e-04,4.155528e-04,1.625131e-01,4.697106e-02,7.620973e-03,1.099431e-03,6.400108e-03,6.181144e-02,3.961277e-01
1.515721e-02,2.092944e-01,6.746059e-03,1.317761e-02,1.213377e-02,3.623607e-02,4.828997e-04,3.276033e-04,2.614798e-01,4.532801e-02,6.294205e-03,1.105492e-03,4.984499e-03,4.741843e-02,3.398339e-01
1.507444e-02,1.934606e-01,5.422296e-03,1.306742e-02,9.272803e-03,3.147238e-02,5.033440e-04,3.395690e-04,2.470715e-01,4.778117e-02,7.542439e-03,3.429424e-03,8.819489e-03,5.110832e-02,3.656349e-01
1.623220e-02,2.170594e-01,4.132767e-03,1.091657e-02,7.029264e-03,3.575886e-02,5.323311e-04,3.573407e-04,2.292088e-01,3.713580e-02,1.049096e-02,5.181491e-03,2.999055e-02,4.844571e-02,3.475279e-01
1.412626e-02,1.648870e-01,3.106886e-03,8.538797e-03,1.468473e-02,2.740736e-02,1.374202e-03,4.808407e-04,3.279648e-01,2.648978e-02,1.177020e-02,8.602181e-03,8.125286e-02,3.438697e-02,2.749271e-01
1.343466e-02,1.365065e-01,2.566055e-03,8.416070e-03,1.149005e-02,3.022295e-02,1.460347e-03,5.317566e-04,2.562142e-01,1.916198e-02,1.614288e-02,1.784417e-02,2.509873e-01,2.567190e-02,2.093492e-01
1.204809e-02,9.992526e-02,2.124313e-03,7.115761e-03,9.252812e-03,3.316064e-02,1.527246e-03,5.345792e-04,1.887312e-01,1.366792e-02,2.202281e-02,2.140777e-02,4.147485e-01,1.938228e-02,1.543509e-01
1.232010e-02,7.282412e-02,3.833155e-03,6.098203e-03,7.195511e-03,5.421317e-02,2.476994e-03,4.913008e-04,1.366115e-01,1.096061e-02,2.084147e-02,6.459999e-02,4.537522e-01,1.751173e-02,1.362699e-01
1.569098e-02,5.683231e-02,6.744561e-03,7.220956e-03,7.707513e-03,4.981349e-02,3.153869e-03,9.046542e-04,1.094487e-01,8.938460e-03,2.819178e-02,6.877884e-02,4.726052e-01,1.509396e-02,1.488747e-01
2.919712e-02,4.764493e-02,6.317304e-03,7.694339e-03,1.688675e-02,4.632248e-02,3.173426e-03,1.395227e-03,1.279892e-01,7.987223e-03,3.641957e-02,8.165467e-02,4.677844e-01,1.183850e-02,1.076949e-01
2.649395e-02,3.758452e-02,6.361799e-03,6.629372e-03,1.773814e-02,3.835345e-02,3.182963e-03,1.796709e-03,1.146988e-01,6.275972e-03,2.960414e-02,1.257134e-01,4.999344e-01,8.764389e-03,7.686792e-02
2.207877e-02,2.911597e-02,5.852545e-03,5.295584e-03,1.752512e-02,4.519232e-02,3.192716e-03,1.991841e-03,1.052845e-01,4.811143e-03,2.312757e-02,1.367233e-01,5.388482e-01,6.491721e-03,5.446871e-02
1.808166e-02,2.382953e-02,5.166980e-03,4.079500e-03,1.942775e-02,6.873859e-02,3.287556e-03,2.018310e-03,1.260242e-01,3.777926e-03,1.863772e-02,1.565976e-01,5.069208e-01,4.888733e-03,3.852315e-02
1.621465e-02,1.885797e-02,4.318135e-03,2.998305e-03,1.819644e-02,9.149326e-02,3.385590e-03,1.900678e-03,1.241137e-01,2.820644e-03,1.476227e-02,1.557929e-01,5.140536e-01,3.617867e-03,2.747399e-02
1.778515e-02,1.418475e-02,8.561517e-03,4.923246e-03,2.571709e-02,9.183001e-02,5.754536e-03,9.095508e-03,1.040085e-01,2.003975e-03,1.093605e-02,1.403001e-01,5.429320e-01,2.648600e-03,1.931899e-02
2.416301e-02,1.216703e-02,7.125357e-03,4.679058e-03,3.092713e-02,8.366427e-02,5.863405e-03,6.794167e-03,8.554723e-02,1.462700e-03,7.879404e-03,1.046250e-01,6.093783e-01,2.009907e-03,1.371404e-02
3.779128e-02,1.026502e-02,5.777433e-03,6.316820e-03,4.248776e-02,7.513882e-02,7.176295e-03,5.704695e-03,8.399168e-02,1.126046e-03,5.817390e-03,7.832743e-02,6.284216e-01,1.592386e-03,1.006537e-02
3.596972e-02,7.413376e-03,4.077906e-03,4.734414e-03,3.292077e-02,5.725871e-02,5.339131e-03,4.086031e-03,6.324240e-02,8.320803e-04,4.246094e-03,5.767904e-02,7.136791e-01,1.372074e-03,7.149237e-03
4.074687e-02,5.909848e-03,3.126097e-03,1.096720e-02,3.752287e-02,4.340615e-02,4.838386e-03,4.984922e-03,4.999444e-02,6.748211e-04,3.580730e-03,4.400237e-02,7.440304e-01,1.038891e-03,5.176082e-03
7.899585e-02,7.950554e-03,3.519915e-03,2.413759e-02,3.447852e-02,4.288739e-02,4.396386e-03,4.434008e-03,5.552755e-02,1.241517e-03,6.433044e-03,5.346157e-02,6.511486e-01,2.807011e-03,2.858057e-02
1.215337e-01,1.091018e-02,6.833450e-03,2.322181e-02,3.355484e-02,3.506392e-02,3.850746e-03,3.693657e-03,5.829950e-02,3.022497e-03,1.018253e-02,4.228784e-02,4.964741e-01,1.152356e-02,1.395477e-01
1.122922e-01,1.308738e-02,8.616994e-03,1.833882e-02,2.617319e-02,2.638031e-02,3.025143e-03,2.718154e-03,6.205493e-02,3.198922e-03,1.067042e-02,3.117903e-02,3.520803e-01,4.501744e-02,2.851668e-01
8.789339e-02,1.108260e-02,1.337037e-02,2.969725e-02,1.873430e-02,1.897332e-02,2.213849e-03,2.020010e-03,2.360410e-01,4.813708e-03,1.004710e-02,2.297637e-02,2.494723e-01,4.418144e-02,2.484829e-01
8.043016e-02,9.689468e-03,1.283326e-02,2.242227e-02,1.367737e-02,1.465694e-02,1.642556e-03,1.541902e-03,2.036989e-01,4.627257e-03,1.243934e-02,1.692115e-02,1.796610e-01,1.302755e-01,2.954828e-01
5.958158e-02,7.289276e-03,9.282876e-03,1.583944e-02,9.691466e-03,1.054119e-02,1.164369e-03,1.098827e-03,2.746031e-01,4.840127e-03,1.215769e-02,1.269218e-02,1.266066e-01,1.844743e-01,2.701370e-01
4.424819e-02,5.236235e-03,6.552790e-03,1.112865e-02,6.837680e-03,7.480891e-03,8.363550e-04,7.798509e-04,3.292829e-01,5.628099e-03,1.222881e-02,9.161390e-03,8.882181e-02,2.660091e-01,2.057673e-01
3.189081e-02,3.771582e-03,4.612295e-03,7.826972e-03,4.803360e-03,5.271360e-03,6.009285e-04,5.505341e-04,3.947296e-01,4.655112e-03,1.133662e-02,6.534046e-03,6.221775e-02,2.973992e-01,1.637999e-01
2.414078e-02,2.703402e-03,3.269042e-03,5.520727e-03,3.409559e-03,3.721213e-03,4.568716e-04,3.993569e-04,2.821807e-01,7.028818e-03,1.734152e-02,4.899707e-03,4.364685e-02,4.819020e-01,1.193795e-01
1.851691e-02,2.030379e-03,2.365849e-03,4.142150e-03,2.841992e-03,2.685470e-03,4.131593e-04,3.114882e-04,2.129347e-01,1.860200e-02,3.473540e-02,3.764366e-03,3.072097e-02,5.753468e-01,9.058847e-02
1.793998e-02,1.677255e-03,2.179923e-03,3.496070e-03,3.664193e-03,2.352219e-03,6.200303e-04,5.195235e-04,1.591304e-01,4.701852e-02,4.001967e-02,2.933598e-03,2.169180e-02,6.058185e-01,9.093828e-02
3.592773e-02,1.362571e-03,2.095121e-03,2.735094e-03,2.960916e-03,2.233411e-03,5.840216e-04,6.359646e-04,1.223859e-01,5.142494e-02,3.504628e-02,2.471591e-03,1.558281e-02,6.560533e-01,6.850032e-02
3.080908e-02,1.500698e-03,2.108007e-03,2.163908e-03,2.941153e-03,2.352323e-03,4.749501e-04,5.689540e-04,1.130230e-01,4.923262e-02,3.077248e-02,1.893589e-03,1.098921e-02,6.998498e-01,5.132014e-02
3.365301e-02,4.834665e-03,4.050346e-03,4.043866e-03,3.978108e-03,1.290804e-02,5.313040e-04,1.338470e-03,1.770633e-01,4.294321e-02,3.875435e-02,2.910310e-03,8.856089e-03,6.226971e-01,4.143788e-02
2.641519e-02,4.665934e-03,3.288243e-03,3.396060e-03,3.540420e-03,1.167857e-02,4.018479e-04,1.032159e-03,2.183876e-01,3.447147e-02,4.208328e-02,3.488166e-03,6.775595e-03,6.086015e-01,3.177398e-02
2.088051e-02,3.763347e-03,2.553347e-03,3.602298e-03,2.954454e-03,9.372227e-03,3.035492e-04,8.008913e-04,2.460001e-01,2.924105e-02,4.977721e-02,3.722252e-03,5.522763e-03,5.966280e-01,2.487797e-02
2.240215e-02,3.081317e-03,2.570367e-03,3.701778e-03,2.602440e-03,7.682741e-03,2.671526e-04,7.667707e-04,2.491575e-01,3.325416e-02,5.224312e-02,3.948997e-03,4.362240e-03,5.951920e-01,1.876734e-02
1.834636e-02,3.029129e-03,2.525942e-03,3.200293e-03,2.756004e-03,5.825890e-03,2.711706e-04,6.146815e-04,2.717773e-01,2.616801e-02,4.634558e-02,3.389220e-03,3.232648e-03,5.977321e-01,1.478563e-02
1.507238e-02,2.397483e-03,1.971311e-03,2.567420e-03,2.318491e-03,4.512797e-03,2.080005e-04,5.054367e-04,4.392309e-01,2.140522e-02,3.436005e-02,2.785244e-03,2.356352e-03,4.593156e-01,1.099323e-02
1.286665e-02,2.224609e-03,1.712493e-03,2.404094e-03,2.762817e-03,3.668126e-03,1.736409e-04,6.995820e-04,5.680783e-01,1.731157e-02,2.528984e-02,2.198192e-03,1.745451e-03,3.505107e-01,8.353898e-03
2.008925e-02,1.976724e-03,2.529443e-03,5.345248e-03,5.307357e-03,4.012526e-03,1.558186e-04,8.055614e-04,6.523452e-01,1.403853e-02,1.848978e-02,1.684508e-03,1.315409e-03,2.612782e-01,1.062647e-02
1.552687e-02,2.418955e-03,4.575084e-03,6.876984e-03,9.176624e-03,3.386488e-03,1.298240e-04,1.850090e-03,7.094362e-01,1.169114e-02,1.340494e-02,1.239917e-03,1.012832e-03,2.031422e-01,1.613181e-02
1.280794e-02,2.140299e-03,4.383732e-03,5.841071e-03,9.873814e-03,3.232291e-03,1.047898e-04,1.805951e-03,7.224002e-01,9.792379e-03,1.032282e-02,9.416449e-04,7.827036e-04,1.905818e-01,2.498855e-02
2.163336e-02,5.940470e-03,1.709340e-02,1.801238e-02,1.392440e-02,4.962180e-03,1.210984e-04,3.018374e-03,6.391528e-01,8.468658e-03,8.464277e-03,7.224696e-04,9.193332e-04,1.921569e-01,6.540984e-02
2.304939e-02,5.423852e-03,1.582556e-02,1.760134e-02,1.479212e-02,5.246399e-03,1.106892e-04,3.249386e-03,6.174559e-01,6.840277e-03,6.611591e-03,5.703928e-04,8.247397e-04,1.918073e-01,9.059104e-02
5.355202e-02,5.492846e-03,1.727529e-02,1.578710e-02,1.337933e-02,9.831254e-03,1.584276e-04,3.037835e-03,5.417778e-01,6.329766e-03,5.250584e-03,4.987156e-04,1.229199e-03,1.797107e-01,1.466891e-01
4.268883e-02,4.384875e-03,1.653070e-02,1.252103e-02,9.714524e-03,7.645319e-03,1.280581e-04,2.168182e-03,4.789636e-01,1.027755e-02,4.412515e-03,4.065497e-04,1.079225e-03,1.420837e-01,2.669953e-01
3.865181e-02,3.217193e-03,1.269528e-02,8.971416e-03,7.124723e-03,5.913449e-03,1.160943e-04,1.612537e-03,4.162164e-01,1.367474e-02,3.527117e-03,3.576352e-04,9.790979e-04,1.368665e-01,3.500760e-01
3.376192e-02,2.683187e-03,2.498203e-02,6.358224e-03,5.493923e-03,4.745265e-03,8.959008e-05,1.219440e-03,3.548962e-01,2.797266e-02,7.459868e-03,4.161790e-04,9.969841e-04,2.279407e-01,3.009838e-01
2.535186e-02,2.098661e-03,2.257444e-02,4.674280e-03,4.238300e-03,3.547224e-03,8.397482e-05,9.566352e-04,2.719058e-01,5.458502e-02,8.480676e-03,4.604320e-04,9.057222e-04,2.542522e-01,3.458848e-01
2.312743e-02,2.309693e-03,3.064676e-02,3.497322e-03,4.352240e-03,2.989789e-03,7.537335e-05,7.810249e-04,2.847507e-01,8.425386e-02,9.177769e-03,4.910224e-04,9.185876e-04,2.614197e-01,2.912087e-01
1.751697e-02,1.732963e-03,2.808638e-02,2.492412e-03,3.267666e-03,2.459336e-03,6.328881e-05,8.072408e-04,2.221724e-01,8.567004e-02,8.862175e-03,4.170700e-04,7.322651e-04,4.093863e-01,2.163334e-01
1.257866e-02,1.259990e-03,2.221132e-02,1.752676e-03,2.328208e-03,1.776274e-03,4.751517e-05,5.728774e-04,1.644131e-01,7.183199e-02,8.336618e-03,3.133745e-04,5.505893e-04,5.470889e-01,1.649379e-01
1.021312e-02,9.175891e-04,1.622068e-02,1.247197e-03,1.716775e-03,1.329789e-03,3.672183e-05,4.072378e-04,1.233110e-01,8.356087e-02,1.246247e-02,4.078099e-04,5.453482e-04,6.280071e-01,1.196163e-01
9.830607e-03,7.614850e-04,1.216743e-02,9.070930e-04,1.287033e-03,1.023185e-03,3.327589e-05,2.870249e-04,1.010460e-01,1.012227e-01,1.297667e-02,5.515855e-04,6.683632e-04,6.705993e-01,8.663815e-02
9.707294e-03,1.479836e-03,1.174024e-02,1.166166e-03,2.429440e-03,1.191799e-03,5.884554e-05,3.422920e-04,2.627248e-01,9.453584e-02,3.165217e-02,5.093772e-04,7.844479e-04,5.190163e-01,6.266113e-02
9.454284e-03,1.828629e-03,2.184580e-02,4.905047e-03,1.024833e-02,2.089421e-03,1.804204e-04,3.455930e-02,3.567280e-01,8.259972e-02,3.615601e-02,6.533879e-04,1.216294e-03,3.916023e-01,4.593299e-02
9.512908e-03,4.923306e-03,1.555200e-01,3.256605e-02,3.587348e-02,2.618027e-03,5.358374e-04,2.969806e-02,3.057726e-01,6.970108e-02,3.718124e-02,5.614222e-04,1.236951e-03,2.788281e-01,3.547087e-02
7.090786e-03,8.184930e-03,2.572178e-01,1.145990e-01,5.555276e-02,3.946525e-03,7.593284e-04,2.186357e-02,2.282091e-01,5.103583e-02,2.654624e-02,4.167838e-04,9.888457e-04,1.956896e-01,2.789899e-02
5.682569e-03,1.005945e-02,3.455098e-01,1.605739e-01,7.655153e-02,4.002849e-03,1.152763e-03,1.603690e-02,1.649723e-01,3.674920e-02,1.875646e-02,3.060620e-04,8.047725e-04,1.372476e-01,2.159387e-02
3.997002e-03,7.775858e-03,3.016106e-01,3.396269e-01,5.441854e-02,2.949286e-03,8.262724e-04,1.126372e-02,1.195359e-01,2.687541e-02,1.472450e-02,2.899551e-04,7.944733e-04,9.608561e-02,1.922596e-02
3.592594e-03,1.876576e-02,3.017153e-01,3.636185e-01,4.088147e-02,2.423580e-03,7.278452e-04,8.127061e-03,1.141615e-01,2.363452e-02,2.825001e-02,6.092205e-04,4.092601e-03,6.739739e-02,2.200272e-02
3.145185e-03,3.927731e-02,2.485425e-01,3.499186e-01,3.040457e-02,1.976229e-03,7.965635e-04,5.900325e-03,1.540780e-01,3.135273e-02,4.665989e-02,9.267810e-04,8.478299e-03,4.727576e-02,3.126726e-02
3.031010e-03,8.017731e-02,1.857936e-01,3.059956e-01,2.195677e-02,1.847352e-03,6.337031e-04,4.282380e-03,2.483374e-01,2.836106e-02,3.923787e-02,1.147476e-03,1.033495e-02,3.322989e-02,3.563368e-02
4.261373e-03,9.104343e-02,1.435286e-01,2.334358e-01,1.696711e-02,1.958222e-03,5.573427e-04,3.177912e-03,3.267002e-01,3.126234e-02,4.470355e-02,1.123607e-03,9.669349e-03,2.360510e-02,6.800613e-02
4.452573e-03,8.348519e-02,1.787680e-01,2.247724e-01,1.292018e-02,2.092091e-03,5.282115e-04,3.130945e-03,3.014854e-01,3.217538e-02,3.498499e-02,1.207214e-03,7.699128e-03,1.791578e-02,9.438244e-02
3.445189e-03,6.928703e-02,1.363691e-01,1.826011e-01,9.107903e-03,1.560043e-03,3.761739e-04,2.294220e-03,4.382497e-01,2.537731e-02,2.823002e-02,1.257896e-03,5.877668e-03,1.289160e-02,8.307502e-02
2.628258e-03,5.395039e-02,1.031059e-01,1.353680e-01,6.410758e-03,1.164720e-03,2.733986e-04,1.668245e-03,5.635474e-01,2.273580e-02,2.754131e-02,1.562557e-03,4.823301e-03,1.005209e-02,6.516798e-02
1.979079e-03,3.889916e-02,7.241496e-02,9.506516e-02,4.568067e-03,9.333205e-04,2.336327e-04,1.221976e-03,6.226482e-01,1.735079e-02,5.853311e-02,1.030500e-02,2.007944e-02,7.599308e-03,4.816882e-02
1.494264e-03,2.767770e-02,5.092643e-02,6.689874e-02,3.302239e-03,7.568624e-04,2.354474e-04,9.155021e-04,5.986438e-01,1.457032e-02,9.960528e-02,2.708499e-02,5.820189e-02,6.016679e-03,4.366983e-02
1.350891e-03,1.959069e-02,3.576064e-02,4.697080e-02,2.853916e-03,7.428905e-04,5.177747e-04,1.196823e-03,4.324929e-01,1.121464e-02,9.246410e-02,1.100977e-01,1.957557e-01,4.896656e-03,4.409377e-02
1.195924e-03,1.455046e-02,2.527956e-02,3.308547e-02,3.349779e-03,1.273015e-03,5.868304e-04,1.092768e-03,3.156205e-01,1.213372e-02,9.859452e-02,2.304082e-01,1.842300e-01,4.890028e-03,7.370920e-02
1.445902e-03,1.161193e-02,1.818353e-02,2.341862e-02,4.175790e-03,1.462248e-03,5.881456e-04,1.346940e-03,2.325139e-01,1.298653e-02,9.606360e-02,2.920771e-01,1.798118e-01,6.489288e-03,1.178247e-01
2.225227e-03,1.756500e-02,1.628516e-02,1.657936e-02,1.453295e-02,2.454736e-03,6.119999e-04,3.986540e-03,2.645877e-01,1.413983e-02,8.025654e-02,2.563820e-01,1.884490e-01,6.851716e-03,1.150922e-01
5.797781e-03,2.413254e-02,1.567902e-02,1.187918e-02,1.338239e-02,2.452802e-03,6.781508e-04,7.309454e-03,2.257504e-01,2.229219e-02,6.960973e-02,2.787939e-01,1.810712e-01,1.398907e-02,1.271820e-01
