1.000000e+00,0.000000e+00,0.000000e+00,0.000000e+00,0.000000e+00,0.000000e+00,0.000000e+00,0.000000e+00,0.000000e+00,0.000000e+00,0.000000e+00,0.000000e+00,0.000000e+00,0.000000e+00,0.000000e+00
1.000000e+00,0.000000e+00,0.000000e+00,0.000000e+00,0.000000e+00,0.000000e+00,0.000000e+00,0.000000e+00,0.000000e+00,0.000000e+00,0.000000e+00,0.000000e+00,0.000000e+00,0.000000e+00,0.000000e+00
1.000000e+00,0.000000e+00,0.000000e+00,0.000000e+00,0.000000e+00,0.000000e+00,0.000000e+00,0.000000e+00,0.000000e+00,0.000000e+00,0.000000e+00,0.000000e+00,0.000000e+00,0.000000e+00,0.000000e+00
1.000000e+00,0.000000e+00,0.000000e+00,0.000000e+00,0.000000e+00,0.000000e+00,0.000000e+00,0.000000e+00,0.000000e+00,0.000000e+00,0.000000e+00,0.000000e+00,0.000000e+00,0.000000e+00,0.000000e+00
1.000000e+00,0.000000e+00,0.000000e+00,0.000000e+00,0.000000e+00,0.000000e+00,0.000000e+00,0.000000e+00,0.000000e+00,0.000000e+00,0.000000e+00,0.000000e+00,0.000000e+00,0.000000e+00,0.000000e+00
1.000000e+00,0.000000e+00,0.000000e+00,0.000000e+00,0.000000e+00,0.000000e+00,0.000000e+00,0.000000e+00,0.000000e+00,0.000000e+00,0.000000e+00,0.000000e+00,0.000000e+00,0.000000e+00,0.000000e+00
1.000000e+00,0.000000e+00,0.000000e+00,0.000000e+00,0.000000e+00,0.000000e+00,0.000000e+00,0.000000e+00,0.000000e+00,0.000000e+00,0.000000e+00,0.000000e+00,0.000000e+00,0.000000e+00,0.000000e+00
1.000000e+00,0.000000e+00,0.000000e+00,0.000000e+00,0.000000e+00,0.000000e+00,0.000000e+00,0.000000e+00,0.000000e+00,0.000000e+00,0.000000e+00,0.000000e+00,0.000000e+00,0.000000e+00,0.000000e+00
1.000000e+00,0.000000e+00,0.000000e+00,0.000000e+00,0.000000e+00,0.000000e+00,0.000000e+00,0.000000e+00,0.000000e+00,0.000000e+00,0.000000e+00,0.000000e+00,0.000000e+00,0.000000e+00,0.000000e+00
1.000000e+00,0.000000e+00,0.000000e+00,0.000000e+00,0.000000e+00,0.000000e+00,0.000000e+00,0.000000e+00,0.000000e+00,0.000000e+00,0.000000e+00,0.000000e+00,0.000000e+00,0.000000e+00,0.000000e+00
1.000000e+00,0.000000e+00,0.000000e+00,0.000000e+00,0.000000e+00,0.000000e+00,0.000000e+00,0.000000e+00,0.000000e+00,0.000000e+00,0.000000e+00,0.000000e+00,0.000000e+00,0.000000e+00,0.000000e+00
1.000000e+00,0.000000e+00,0.000000e+00,0.000000e+00,0.000000e+00,0.000000e+00,0.000000e+00,0.000000e+00,0.000000e+00,0.000000e+00,0.000000e+00,0.000000e+00,0.000000e+00,0.000000e+00,0.000000e+00
1.000000e+00,0.000000e+00,0.000000e+00,0.000000e+00,0.000000e+00,0.000000e+00,0.000000e+00,0.000000e+00,0.000000e+00,0.000000e+00,0.000000e+00,0.000000e+00,0.000000e+00,0.000000e+00,0.000000e+00
1.000000e+00,0.000000e+00,0.000000e+00,0.000000e+00,0.000000e+00,0.000000e+00,0.000000e+00,0.000000e+00,0.000000e+00,0.000000e+00,0.000000e+00,0.000000e+00,0.000000e+00,0.000000e+00,0.000000e+00
1.000000e+00,0.000000e+00,0.000000e+00,0.000000e+00,0.000000e+00,0.000000e+00,0.000000e+00,0.000000e+00,0.000000e+00,0.000000e+00,0.000000e+00,0.000000e+00,0.000000e+00,0.000000e+00,0.000000e+00
1.000000e+00,0.000000e+00,0.000000e+00,0.000000e+00,0.000000e+00,0.000000e+00,0.000000e+00,0.000000e+00,0.000000e+00,0.000000e+00,0.000000e+00,0.000000e+00,0.000000e+00,0.000000e+00,0.000000e+00
1.000000e+00,0.000000e+00,0.000000e+00,0.000000e+00,0.000000e+00,0.000000e+00,0.000000e+00,0.000000e+00,0.000000e+00,0.000000e+00,0.000000e+00,0.000000e+00,0.000000e+00,0.000000e+00,0.000000e+00
1.000000e+00,0.000000e+00,0.000000e+00,0.000000e+00,0.000000e+00,0.000000e+00,0.000000e+00,0.000000e+00,0.000000e+00,0.000000e+00,0.000000e+00,0.000000e+00,0.000000e+00,0.000000e+00,0.000000e+00
1.000000e+00,0.000000e+00,0.000000e+00,0.000000e+00,0.000000e+00,0.000000e+00,0.000000e+00,0.000000e+00,0.000000e+00,0.000000e+00,0.000000e+00,0.000000e+00,0.000000e+00,0.000000e+00,0.000000e+00
1.000000e+00,0.000000e+00,0.000000e+00,0.000000e+00,0.000000e+00,0.000000e+00,0.000000e+00,0.000000e+00,0.000000e+00,0.000000e+00,0.000000e+00,0.000000e+00,0.000000e+00,0.000000e+00,0.000000e+00
1.000000e+00,0.000000e+00,0.000000e+00,0.000000e+00,0.000000e+00,0.000000e+00,0.000000e+00,0.000000e+00,0.000000e+00,0.000000e+00,0.000000e+00,0.000000e+00,0.000000e+00,0.000000e+00,0.000000e+00
1.000000e+00,0.000000e+00,0.000000e+00,0.000000e+00,0.000000e+00,0.000000e+00,0.000000e+00,0.000000e+00,0.000000e+00,0.000000e+00,0.000000e+00,0.000000e+00,0.000000e+00,0.000000e+00,0.000000e+00
1.000000e+00,0.000000e+00,0.000000e+00,0.000000e+00,0.000000e+00,0.000000e+00,0.000000e+00,0.000000e+00,0.000000e+00,0.000000e+00,0.000000e+00,0.000000e+00,0.000000e+00,0.000000e+00,0.000000e+00
1.000000e+00,0.000000e+00,0.000000e+00,0.000000e+00,0.000000e+00,0.000000e+00,0.000000e+00,0.000000e+00,0.000000e+00,0.000000e+00,0.000000e+00,0.000000e+00,0.000000e+00,0.000000e+00,0.000000e+00
1.000000e+00,0.000000e+00,0.000000e+00,0.000000e+00,0.000000e+00,0.000000e+00,0.000000e+00,0.000000e+00,0.000000e+00,0.000000e+00,0.000000e+00,0.000000e+00,0.000000e+00,0.000000e+00,0.000000e+00
1.000000e+00,0.000000e+00,0.000000e+00,0.000000e+00,0.000000e+00,0.000000e+00,0.000000e+00,0.000000e+00,0.000000e+00,0.000000e+00,0.000000e+00,0.000000e+00,0.000000e+00,0.000000e+00,0.000000e+00
1.000000e+00,0.000000e+00,0.000000e+00,0.000000e+00,0.000000e+00,0.000000e+00,0.000000e+00,0.000000e+00,0.000000e+00,0.000000e+00,0.000000e+00,0.000000e+00,0.000000e+00,0.000000e+00,0.000000e+00
1.000000e+00,0.000000e+00,0.000000e+00,0.000000e+00,0.000000e+00,0.000000e+00,0.000000e+00,0.000000e+00,0.000000e+00,0.000000e+00,0.000000e+00,0.000000e+00,0.000000e+00,0.000000e+00,0.000000e+00
1.000000e+00,0.000000e+00,0.000000e+00,0.000000e+00,0.000000e+00,0.000000e+00,0.000000e+00,0.000000e+00,0.000000e+00,0.000000e+00,0.000000e+00,0.000000e+00,0.000000e+00,0.000000e+00,0.000000e+00
1.000000e+00,0.000000e+00,0.000000e+00,0.000000e+00,0.000000e+00,0.000000e+00,0.000000e+00,0.000000e+00,0.000000e+00,0.000000e+00,0.000000e+00,0.000000e+00,0.000000e+00,0.000000e+00,0.000000e+00
1.000000e+00,0.000000e+00,0.000000e+00,0.000000e+00,0.000000e+00,0.000000e+00,0.000000e+00,0.000000e+00,0.000000e+00,0.000000e+00,0.000000e+00,0.000000e+00,0.000000e+00,0.000000e+00,0.000000e+00
1.000000e+00,0.000000e+00,0.000000e+00,0.000000e+00,0.000000e+00,0.000000e+00,0.000000e+00,0.000000e+00,0.000000e+00,0.000000e+00,0.000000e+00,0.000000e+00,0.000000e+00,0.000000e+00,0.000000e+00
1.000000e+00,0.000000e+00,0.000000e+00,0.000000e+00,0.000000e+00,0.000000e+00,0.000000e+00,0.000000e+00,0.000000e+00,0.000000e+00,0.000000e+00,0.000000e+00,0.000000e+00,0.000000e+00,0.000000e+00
1.000000e+00,0.000000e+00,0.000000e+00,0.000000e+00,0.000000e+00,0.000000e+00,0.000000e+00,0.000000e+00,0.000000e+00,0.000000e+00,0.000000e+00,0.000000e+00,0.000000e+00,0.000000e+00,0.000000e+00
1.000000e+00,0.000000e+00,0.000000e+00,0.000000e+00,0.000000e+00,0.000000e+00,0.000000e+00,0.000000e+00,0.000000e+00,0.000000e+00,0.000000e+00,0.000000e+00,0.000000e+00,0.000000e+00,0.000000e+00
1.000000e+00,0.000000e+00,0.000000e+00,0.000000e+00,0.000000e+00,0.000000e+00,0.000000e+00,0.000000e+00,0.000000e+00,0.000000e+00,0.000000e+00,0.000000e+00,0.000000e+00,0.000000e+00,0.000000e+00
1.000000e+00,0.000000e+00,0.000000e+00,0.000000e+00,0.000000e+00,0.000000e+00,0.000000e+00,0.000000e+00,0.000000e+00,0.000000e+00,0.000000e+00,0.000000e+00,0.000000e+00,0.000000e+00,0.000000e+00
1.000000e+00,0.000000e+00,0.000000e+00,0.000000e+00,0.000000e+00,0.000000e+00,0.000000e+00,0.000000e+00,0.000000e+00,0.000000e+00,0.000000e+00,0.000000e+00,0.000000e+00,0.000000e+00,0.000000e+00
1.000000e+00,0.000000e+00,0.000000e+00,0.000000e+00,0.000000e+00,0.000000e+00,0.000000e+00,0.000000e+00,0.000000e+00,0.000000e+00,0.000000e+00,0.000000e+00,0.000000e+00,0.000000e+00,0.000000e+00
1.000000e+00,0.000000e+00,0.000000e+00,0.000000e+00,0.000000e+00,0.000000e+00,0.000000e+00,0.000000e+00,0.000000e+00,0.000000e+00,0.000000e+00,0.000000e+00,0.000000e+00,0.000000e+00,0.000000e+00
1.000000e+00,0.000000e+00,0.000000e+00,0.000000e+00,0.000000e+00,0.000000e+00,0.000000e+00,0.000000e+00,0.000000e+00,0.000000e+00,0.000000e+00,0.000000e+00,0.000000e+00,0.000000e+00,0.000000e+00
1.000000e+00,0.000000e+00,0.000000e+00,0.000000e+00,0.000000e+00,0.000000e+00,0.000000e+00,0.000000e+00,0.000000e+00,0.000000e+00,0.000000e+00,0.000000e+00,0.000000e+00,0.000000e+00,0.000000e+00
1.000000e+00,0.000000e+00,0.000000e+00,0.000000e+00,0.000000e+00,0.000000e+00,0.000000e+00,0.000000e+00,0.000000e+00,0.000000e+00,0.000000e+00,0.000000e+00,0.000000e+00,0.000000e+00,0.000000e+00
1.000000e+00,0.000000e+00,0.000000e+00,0.000000e+00,0.000000e+00,0.000000e+00,0.000000e+00,0.000000e+00,0.000000e+00,0.000000e+00,0.000000e+00,0.000000e+00,0.000000e+00,0.000000e+00,0.000000e+00
1.000000e+00,0.000000e+00,0.000000e+00,0.000000e+00,0.000000e+00,0.000000e+00,0.000000e+00,0.000000e+00,0.000000e+00,0.000000e+00,0.000000e+00,0.000000e+00,0.000000e+00,0.000000e+00,0.000000e+00
1.000000e+00,0.000000e+00,0.000000e+00,0.000000e+00,0.000000e+00,0.000000e+00,0.000000e+00,0.000000e+00,0.000000e+00,0.000000e+00,0.000000e+00,0.000000e+00,0.000000e+00,0.000000e+00,0.000000e+00
1.000000e+00,0.000000e+00,0.000000e+00,0.000000e+00,0.000000e+00,0.000000e+00,0.000000e+00,0.000000e+00,0.000000e+00,0.000000e+00,0.000000e+00,0.000000e+00,0.000000e+00,0.000000e+00,0.000000e+00
1.000000e+00,0.000000e+00,0.000000e+00,0.000000e+00,0.000000e+00,0.000000e+00,0.000000e+00,0.000000e+00,0.000000e+00,0.000000e+00,0.000000e+00,0.000000e+00,0.000000e+00,0.000000e+00,0.000000e+00
1.000000e+00,0.000000e+00,0.000000e+00,0.000000e+00,0.000000e+00,0.000000e+00,0.000000e+00,0.000000e+00,0.000000e+00,0.000000e+00,0.000000e+00,0.000000e+00,0.000000e+00,0.000000e+00,0.000000e+00
4.994774e-01,4.661288e-02,4.126301e-02,1.116299e-01,1.582917e-02,2.804686e-02,8.063117e-03,1.974034e-02,1.548514e-02,5.070828e-03,1.673133e-02,7.591508e-02,5.795942e-02,6.290237e-03,5.188530e-02
1.000000e+00,0.000000e+00,0.000000e+00,0.000000e+00,0.000000e+00,0.000000e+00,0.000000e+00,0.000000e+00,0.000000e+00,0.000000e+00,0.000000e+00,0.000000e+00,0.000000e+00,0.000000e+00,0.000000e+00
1.000000e+00,0.000000e+00,0.000000e+00,0.000000e+00,0.000000e+00,0.000000e+00,0.000000e+00,0.000000e+00,0.000000e+00,0.000000e+00,0.000000e+00,0.000000e+00,0.000000e+00,0.000000e+00,0.000000e+00
4.860446e-01,5.798767e-02,4.146788e-02,1.434108e-01,2.232472e-02,2.293917e-02,6.789867e-03,1.925174e-02,1.543358e-02,4.323774e-03,1.820968e-02,6.063592e-02,4.629568e-02,6.114180e-03,4.877076e-02
1.000000e+00,0.000000e+00,0.000000e+00,0.000000e+00,0.000000e+00,0.000000e+00,0.000000e+00,0.000000e+00,0.000000e+00,0.000000e+00,0.000000e+00,0.000000e+00,0.000000e+00,0.000000e+00,0.000000e+00
1.000000e+00,0.000000e+00,0.000000e+00,0.000000e+00,0.000000e+00,0.000000e+00,0.000000e+00,0.000000e+00,0.000000e+00,0.000000e+00,0.000000e+00,0.000000e+00,0.000000e+00,0.000000e+00,0.000000e+00
1.000000e+00,0.000000e+00,0.000000e+00,0.000000e+00,0.000000e+00,0.000000e+00,0.000000e+00,0.000000e+00,0.000000e+00,0.000000e+00,0.000000e+00,0.000000e+00,0.000000e+00,0.000000e+00,0.000000e+00
1.000000e+00,0.000000e+00,0.000000e+00,0.000000e+00,0.000000e+00,0.000000e+00,0.000000e+00,0.000000e+00,0.000000e+00,0.000000e+00,0.000000e+00,0.000000e+00,0.000000e+00,0.000000e+00,0.000000e+00
1.000000e+00,0.000000e+00,0.000000e+00,0.000000e+00,0.000000e+00,0.000000e+00,0.000000e+00,0.000000e+00,0.000000e+00,0.000000e+00,0.000000e+00,0.000000e+00,0.000000e+00,0.000000e+00,0.000000e+00
1.000000e+00,0.000000e+00,0.000000e+00,0.000000e+00,0.000000e+00,0.000000e+00,0.000000e+00,0.000000e+00,0.000000e+00,0.000000e+00,0.000000e+00,0.000000e+00,0.000000e+00,0.000000e+00,0.000000e+00
1.000000e+00,0.000000e+00,0.000000e+00,0.000000e+00,0.000000e+00,0.000000e+00,0.000000e+00,0.000000e+00,0.000000e+00,0.000000e+00,0.000000e+00,0.000000e+00,0.000000e+00,0.000000e+00,0.000000e+00
1.000000e+00,0.000000e+00,0.000000e+00,0.000000e+00,0.000000e+00,0.000000e+00,0.000000e+00,0.000000e+00,0.000000e+00,0.000000e+00,0.000000e+00,0.000000e+00,0.000000e+00,0.000000e+00,0.000000e+00
1.000000e+00,0.000000e+00,0.000000e+00,0.000000e+00,0.000000e+00,0.000000e+00,0.000000e+00,0.000000e+00,0.000000e+00,0.000000e+00,0.000000e+00,0.000000e+00,0.000000e+00,0.000000e+00,0.000000e+00
1.000000e+00,0.000000e+00,0.000000e+00,0.000000e+00,0.000000e+00,0.000000e+00,0.000000e+00,0.000000e+00,0.000000e+00,0.000000e+00,0.000000e+00,0.000000e+00,0.000000e+00,0.000000e+00,0.000000e+00
1.000000e+00,0.000000e+00,0.000000e+00,0.000000e+00,0.000000e+00,0.000000e+00,0.000000e+00,0.000000e+00,0.000000e+00,0.000000e+00,0.000000e+00,0.000000e+00,0.000000e+00,0.000000e+00,0.000000e+00
3.952217e-01,6.068048e-03,1.179176e-02,8.213316e-02,3.142411e-03,9.995509e-03,3.779863e-03,2.769428e-01,5.387060e-03,2.553521e-03,4.507379e-02,5.955716e-02,8.232020e-02,8.004881e-03,8.028132e-03
2.822117e-01,4.549190e-03,8.362704e-03,6.423936e-02,2.550710e-03,7.531185e-03,2.915945e-03,1.978045e-01,9.414647e-03,2.059002e-03,4.317177e-02,1.876803e-01,1.748157e-01,6.658867e-03,6.034439e-03
2.036659e-01,3.345538e-03,5.950750e-03,5.406953e-02,2.256680e-03,6.276041e-03,2.171292e-03,1.393858e-01,1.783716e-02,1.787597e-03,3.870728e-02,3.520857e-01,1.623794e-01,5.357233e-03,4.724044e-03
1.457112e-01,2.453110e-03,4.202422e-03,3.939192e-02,4.242384e-03,5.000440e-03,1.578939e-03,9.831055e-02,4.074605e-02,1.592812e-03,3.144681e-02,4.800473e-01,1.374135e-01,4.406829e-03,3.455804e-03
1.220073e-01,2.102132e-03,3.004478e-03,2.858477e-02,5.818682e-03,5.070538e-03,1.180844e-03,6.951031e-02,8.849520e-02,1.954763e-03,2.864085e-02,5.152346e-01,1.218879e-01,3.920608e-03,2.587062e-03
1.053988e-01,2.162761e-03,2.136726e-03,2.077804e-02,6.139338e-03,1.187800e-02,9.562054e-04,4.901624e-02,1.300753e-01,2.532658e-03,2.675287e-02,5.411365e-01,9.591000e-02,3.170370e-03,1.956248e-03
9.941618e-02,2.293728e-03,1.842639e-03,1.774800e-02,1.063743e-02,4.607464e-02,9.637566e-04,3.519690e-02,1.051604e-01,2.606932e-03,3.467946e-02,5.665169e-01,7.138272e-02,3.126882e-03,2.353472e-03
8.181255e-02,2.741687e-03,1.669459e-03,1.382924e-02,1.161336e-02,5.775310e-02,7.933123e-04,2.508683e-02,8.417199e-02,2.250936e-03,3.396121e-02,6.260622e-01,5.267803e-02,2.812226e-03,2.763974e-03
9.038323e-02,2.901601e-03,1.658230e-03,1.207472e-02,1.144923e-02,4.851522e-02,7.588803e-04,1.876893e-02,6.575371e-02,2.407574e-03,6.659804e-02,6.327026e-01,3.948796e-02,2.667896e-03,3.872171e-03
1.255251e-01,3.059410e-03,1.551350e-03,1.142905e-02,1.396661e-02,3.796549e-02,7.622717e-04,1.396090e-02,5.581539e-02,2.569023e-03,9.384013e-02,6.023949e-01,2.908739e-02,2.576288e-03,5.496745e-03
1.803195e-01,3.148050e-03,1.553034e-03,1.216055e-02,1.531522e-02,4.968294e-02,8.077248e-04,1.050865e-02,4.362422e-02,2.182104e-03,1.039444e-01,5.420735e-01,2.346928e-02,2.431439e-03,8.779375e-03
1.634475e-01,2.965741e-03,1.308056e-03,1.066288e-02,1.448510e-02,6.128576e-02,8.386867e-04,7.847204e-03,3.268927e-02,1.724414e-03,1.273108e-01,5.460274e-01,1.900179e-02,2.140236e-03,8.265052e-03
1.323162e-01,2.272008e-03,9.673797e-04,8.541535e-03,4.686021e-02,4.910170e-02,7.111680e-04,6.198955e-03,2.658677e-02,1.373805e-03,1.258263e-01,5.723944e-01,1.864645e-02,1.966818e-03,6.236176e-03
1.056400e-01,1.887649e-03,7.393282e-04,6.741310e-03,1.547753e-01,3.836613e-02,8.256709e-04,5.655175e-03,2.541290e-02,1.100902e-03,1.123599e-01,5.224348e-01,1.697059e-02,1.927842e-03,5.162532e-03
9.807159e-02,2.101120e-03,9.602995e-04,7.963160e-03,2.041332e-01,3.557298e-02,3.820550e-03,7.872595e-03,2.886840e-02,9.208637e-04,1.301481e-01,4.570353e-01,1.569889e-02,1.606139e-03,5.226821e-03
7.319520e-02,5.547058e-03,6.889384e-03,6.487488e-03,1.682975e-01,3.873900e-02,3.908016e-03,7.397962e-03,4.737379e-02,1.004514e-03,1.044308e-01,5.083715e-01,2.046277e-02,1.793103e-03,6.101911e-03
5.319436e-02,4.919630e-03,1.449234e-02,4.826160e-03,1.638319e-01,3.442087e-02,4.725185e-03,7.100906e-03,6.754559e-02,9.633034e-04,8.344062e-02,5.281391e-01,2.518963e-02,2.366250e-03,4.844168e-03
4.235765e-02,3.934452e-03,2.824528e-02,3.904232e-03,2.239522e-01,2.652414e-02,6.929258e-03,5.632105e-02,5.171511e-02,9.205862e-04,6.604227e-02,4.562073e-01,2.752230e-02,1.883568e-03,3.540651e-03
4.093540e-02,3.000953e-03,4.092817e-02,5.254997e-03,3.121422e-01,2.076384e-02,9.996351e-03,9.969902e-02,4.193384e-02,9.811211e-04,5.246313e-02,3.407407e-01,2.647861e-02,1.839262e-03,2.842369e-03
4.654436e-02,2.773199e-03,3.779569e-02,4.538856e-03,4.387424e-01,1.727971e-02,1.734874e-02,7.409442e-02,4.138666e-02,1.006854e-03,4.036314e-02,2.495144e-01,2.426350e-02,1.794184e-03,2.553925e-03
5.479761e-02,2.912168e-03,3.525256e-02,5.285491e-03,5.013548e-01,1.409838e-02,1.572264e-02,6.913427e-02,7.231817e-02,7.731339e-04,2.946436e-02,1.760493e-01,1.895047e-02,1.779282e-03,2.107364e-03
6.314945e-02,2.550083e-03,2.789099e-02,9.589736e-03,5.149153e-01,1.209220e-02,1.305368e-02,1.251884e-01,6.364904e-02,6.640047e-04,2.293855e-02,1.254980e-01,1.554847e-02,1.479004e-03,1.793117e-03
7.923743e-02,2.453595e-03,3.031379e-02,1.068187e-02,5.289866e-01,1.034608e-02,1.132368e-02,1.089518e-01,8.461937e-02,7.613460e-04,2.638897e-02,9.068786e-02,1.235015e-02,1.413814e-03,1.483684e-03
8.504690e-02,3.320759e-03,2.362646e-02,3.797102e-02,5.132005e-01,8.655343e-03,9.761477e-03,1.287408e-01,9.013041e-02,6.149086e-04,2.223743e-02,6.505652e-02,9.259180e-03,1.240051e-03,1.138324e-03
1.174157e-01,3.616174e-03,1.724444e-02,3.685603e-02,4.671418e-01,7.689985e-03,7.966727e-03,9.828568e-02,1.568665e-01,5.644695e-04,2.502425e-02,5.082094e-02,7.861487e-03,1.462827e-03,1.183165e-03
1.464672e-01,3.422755e-03,1.284245e-02,4.437692e-02,4.224376e-01,7.673861e-03,6.355809e-03,1.148718e-01,1.682464e-01,5.066025e-04,2.162063e-02,4.117248e-02,7.784464e-03,1.212174e-03,1.008957e-03
1.907394e-01,3.496420e-03,9.953903e-03,5.946285e-02,3.592814e-01,7.159580e-03,4.741856e-03,1.197896e-01,1.733030e-01,5.681151e-04,1.908608e-02,4.119927e-02,8.691454e-03,1.420161e-03,1.107074e-03
2.099236e-01,2.959810e-03,7.270234e-03,5.117172e-02,2.891366e-01,7.174639e-03,3.657837e-03,2.190377e-01,1.463019e-01,4.863935e-04,1.571290e-02,3.579059e-02,9.160132e-03,1.258394e-03,9.575111e-04
2.189324e-01,5.342007e-03,6.215356e-03,4.333814e-02,2.128691e-01,1.050368e-02,3.868347e-03,2.726689e-01,1.550849e-01,5.367030e-04,1.454700e-02,3.894886e-02,1.350324e-02,1.530505e-03,2.110896e-03
1.689992e-01,4.070395e-03,4.638275e-03,3.240059e-02,1.522514e-01,8.501826e-03,3.905885e-03,4.597877e-01,1.124832e-01,4.036973e-04,1.072799e-02,2.882228e-02,1.025158e-02,1.106328e-03,1.649702e-03
1.298570e-01,2.984707e-03,3.430333e-03,2.376508e-02,1.073324e-01,7.113380e-03,3.333703e-03,6.038224e-01,7.948462e-02,3.022685e-04,7.736917e-03,2.114634e-02,7.651810e-03,7.992579e-04,1.239808e-03
1.018951e-01,2.166739e-03,2.591819e-03,1.742293e-02,7.620493e-02,6.243170e-03,2.941067e-03,7.061636e-01,5.640551e-02,2.280434e-04,5.531538e-03,1.513025e-02,5.551704e-03,5.812480e-04,9.422770e-04
7.956906e-02,1.552971e-03,1.931824e-03,1.283573e-02,5.453153e-02,5.080550e-03,2.365670e-03,7.819842e-01,3.999231e-02,1.730590e-04,4.018787e-03,1.078212e-02,4.063350e-03,4.197421e-04,6.990486e-04
7.034039e-02,1.330188e-03,1.605597e-03,9.663373e-03,5.241123e-02,4.178525e-03,2.386723e-03,8.132298e-01,2.875908e-02,1.873428e-04,3.355320e-03,8.130793e-03,3.481503e-03,3.336114e-04,6.065054e-04
7.300615e-02,1.440122e-03,1.530644e-03,8.138477e-03,5.173527e-02,4.048692e-03,2.839247e-03,8.198301e-01,2.110340e-02,3.089020e-04,3.445457e-03,6.722441e-03,4.674246e-03,3.302592e-04,8.466235e-04
6.126571e-02,2.128561e-03,2.297330e-03,1.358630e-02,4.365939e-02,6.986054e-03,2.949873e-03,8.078995e-01,2.186416e-02,1.677067e-03,5.793410e-03,6.330739e-03,2.050607e-02,5.123368e-04,2.543459e-03
6.576428e-02,2.124875e-03,2.683340e-03,1.110068e-02,3.872504e-02,1.469216e-02,4.168163e-03,7.955323e-01,1.732014e-02,1.551634e-03,5.719912e-03,5.175542e-03,3.196553e-02,5.156203e-04,2.960742e-03
7.701577e-02,2.165547e-03,3.116230e-03,8.938734e-03,5.648854e-02,1.383452e-02,6.625713e-03,7.096564e-01,1.483762e-02,1.457409e-03,9.607893e-03,4.693535e-03,8.469906e-02,5.797559e-04,6.283336e-03
8.018974e-02,2.359405e-03,2.553338e-03,6.970182e-03,4.574937e-02,1.260940e-02,6.251644e-03,5.756838e-01,1.267481e-02,1.175702e-03,9.038088e-03,4.474801e-03,2.341390e-01,4.948992e-04,5.635762e-03
6.555831e-02,2.070565e-03,1.989693e-03,5.351405e-03,3.512926e-02,1.281008e-02,5.512077e-03,4.135316e-01,1.151359e-02,9.129696e-04,7.230426e-03,3.633575e-03,4.294328e-01,3.671288e-04,4.956548e-03
5.376246e-02,1.621983e-03,1.568616e-03,3.961680e-03,2.671288e-02,1.159247e-02,4.852283e-03,2.914274e-01,8.835665e-03,7.087480e-04,5.892597e-03,4.766410e-03,5.800879e-01,2.859636e-04,3.922963e-03
4.476187e-02,1.211695e-03,1.159110e-03,2.913647e-03,1.963745e-02,1.590687e-02,4.439947e-03,2.042799e-01,7.000817e-03,6.129383e-04,6.393434e-03,9.554397e-03,6.770202e-01,4.792347e-04,4.628434e-03
3.741181e-02,1.714035e-03,2.708041e-03,2.585301e-03,1.797119e-02,1.587713e-02,3.441533e-03,1.434112e-01,8.313010e-03,1.467671e-03,1.209620e-02,1.258676e-02,7.269691e-01,1.091759e-03,1.235518e-02
4.162268e-02,1.706999e-03,5.268446e-03,3.556903e-03,1.799827e-02,2.205573e-02,2.928258e-03,1.006242e-01,1.078924e-02,6.113695e-03,1.175855e-02,1.273889e-02,6.644720e-01,2.965994e-03,9.540006e-02
3.143043e-02,1.853576e-03,5.797646e-03,3.052141e-03,1.317760e-02,2.102347e-02,2.117639e-03,7.058845e-02,1.130965e-02,9.064903e-03,1.230813e-02,1.161625e-02,5.366186e-01,3.174503e-03,2.668669e-01
2.236614e-02,1.531451e-03,8.316474e-03,2.525982e-03,9.392957e-03,1.558639e-02,1.520298e-03,4.969188e-02,1.139227e-02,3.276096e-02,1.328143e-02,1.399415e-02,4.094521e-01,2.469649e-03,4.057179e-01
1.573717e-02,1.489374e-03,6.211200e-03,1.804513e-03,6.613258e-03,1.215327e-02,1.103977e-03,3.506721e-02,9.049423e-03,2.865973e-02,9.889412e-03,1.005040e-02,2.892181e-01,2.051384e-03,5.709016e-01
1.115634e-02,1.983570e-03,4.619545e-03,1.292966e-03,4.715825e-03,8.777082e-03,7.925760e-04,2.462677e-02,8.353314e-03,2.850585e-02,7.248008e-03,7.093455e-03,2.046443e-01,1.820026e-03,6.843704e-01
8.011075e-03,4.839319e-03,3.417553e-03,9.808165e-04,3.545602e-03,6.740580e-03,5.730691e-04,1.738071e-02,1.758570e-02,3.219613e-02,5.420936e-03,5.101485e-03,1.437542e-01,1.589742e-03,7.488631e-01
6.199304e-03,6.755847e-03,2.503062e-03,7.142751e-04,2.762199e-03,5.499529e-03,4.197667e-04,1.221055e-02,2.199384e-02,2.742183e-02,4.006111e-03,3.621521e-03,1.009146e-01,1.453126e-03,8.035244e-01
1.838086e-02,8.091943e-03,2.928660e-03,7.791985e-04,3.592672e-03,8.594658e-03,3.868787e-04,8.843199e-03,2.389834e-02,2.337549e-02,3.365691e-03,2.586669e-03,7.106145e-02,1.426663e-03,8.226876e-01
2.090547e-02,1.568548e-02,4.900112e-03,8.508756e-04,2.986483e-03,8.761550e-03,3.157706e-04,6.292780e-03,6.476377e-02,6.582202e-02,2.651509e-03,1.865577e-03,5.024785e-02,1.841051e-03,7.521096e-01
1.627807e-02,1.521992e-02,5.402364e-03,1.058984e-03,2.219774e-03,6.531851e-03,2.288789e-04,4.462923e-03,1.049778e-01,1.727749e-01,2.018700e-03,1.349084e-03,3.532348e-02,1.533828e-03,6.306193e-01
2.323341e-02,2.089977e-02,9.323720e-03,1.425636e-03,2.246440e-03,4.981677e-03,2.302554e-04,3.416633e-03,1.841989e-01,1.479601e-01,1.717552e-03,1.003848e-03,2.523137e-02,1.623295e-03,5.725074e-01
2.585246e-02,2.755074e-02,9.861607e-03,1.587083e-03,2.346491e-03,3.963846e-03,2.300434e-04,2.816297e-03,2.623582e-01,1.548272e-01,1.533411e-03,7.520447e-04,1.834575e-02,1.465980e-03,4.865088e-01
2.642924e-02,3.966384e-02,1.415437e-02,1.832208e-03,2.278442e-03,3.593876e-03,2.324604e-04,2.228416e-03,2.960298e-01,1.738942e-01,1.522356e-03,6.081450e-04,1.439849e-02,1.302034e-03,4.218321e-01
2.711472e-02,3.940743e-02,1.845971e-02,8.670354e-03,3.118867e-03,3.984961e-03,2.728324e-04,1.943618e-03,3.818850e-01,1.554480e-01,1.600842e-03,6.523304e-04,1.060795e-02,1.579444e-03,3.452539e-01
3.499068e-02,3.140689e-02,1.142557e-01,4.042895e-02,1.175832e-02,9.023917e-03,5.457008e-04,7.610728e-03,3.364792e-01,1.228869e-01,1.870637e-03,7.504218e-04,8.192959e-03,1.654250e-03,2.781447e-01
2.523265e-02,4.608298e-02,1.040246e-01,4.347102e-02,8.525574e-03,7.323967e-03,4.088377e-04,5.363238e-03,3.492794e-01,1.495343e-01,2.231992e-03,1.609875e-03,6.455158e-03,1.665204e-03,2.487912e-01
1.782552e-02,6.324159e-02,8.844393e-02,3.145913e-02,5.994394e-03,5.234513e-03,3.066113e-04,3.799884e-03,2.815279e-01,2.972130e-01,3.872526e-03,2.523520e-03,5.228129e-03,1.710492e-03,1.916188e-01
1.257643e-02,5.071924e-02,6.512971e-02,2.293915e-02,4.213935e-03,3.687743e-03,2.188841e-04,2.698693e-03,2.417923e-01,2.142000e-01,2.201325e-01,1.020917e-02,5.372453e-03,3.191913e-03,1.429178e-01
9.014959e-03,3.893115e-02,4.677628e-02,1.648211e-02,3.162345e-03,2.688162e-03,1.697820e-04,1.936801e-03,1.768925e-01,1.517136e-01,3.992810e-01,4.080315e-02,5.735935e-03,5.937250e-03,1.004750e-01
7.035574e-03,3.189626e-02,3.467611e-02,1.259717e-02,4.114718e-03,2.293900e-03,2.057122e-04,1.677843e-03,1.267046e-01,1.080379e-01,5.360696e-01,4.916978e-02,5.692110e-03,9.111673e-03,7.071694e-02
6.131152e-03,2.815284e-02,2.508548e-02,1.102525e-02,5.131759e-03,2.091407e-03,2.711980e-04,1.313769e-03,9.140418e-02,7.727575e-02,5.783573e-01,1.006866e-01,5.268427e-03,1.781894e-02,4.998594e-02
5.420103e-03,2.323967e-02,1.829710e-02,1.497580e-02,7.559483e-03,2.906749e-03,3.119231e-04,1.002467e-03,6.532998e-02,5.462416e-02,6.079884e-01,1.355184e-01,4.594272e-03,2.265984e-02,3.557164e-02
6.783768e-03,1.696942e-02,1.388068e-02,1.412289e-02,6.980393e-02,1.824709e-02,2.012877e-03,2.946655e-03,4.671832e-02,3.856031e-02,5.696656e-01,1.492055e-01,4.220497e-03,2.144233e-02,2.542016e-02
1.050585e-02,1.377497e-02,1.145646e-02,1.498340e-02,6.172644e-02,2.326762e-02,2.730265e-03,3.011595e-03,3.577930e-02,2.778405e-02,6.163314e-01,1.309809e-01,3.517714e-03,2.558876e-02,1.856132e-02
2.239728e-02,1.120839e-02,9.835567e-03,1.576620e-02,5.216978e-02,4.526385e-02,2.773732e-03,3.369240e-03,2.759032e-02,2.013460e-02,6.415246e-01,1.080844e-01,3.461517e-03,2.291319e-02,1.350733e-02
4.084589e-02,9.480046e-03,7.383863e-03,1.310357e-02,4.334522e-02,3.984636e-02,2.088541e-03,2.799474e-03,2.043073e-02,1.447590e-02,6.648192e-01,1.035435e-01,3.220984e-03,2.363124e-02,1.098546e-02
5.272721e-02,7.585228e-03,5.465504e-03,1.013356e-02,3.419044e-02,3.674132e-02,1.617329e-03,2.361360e-03,1.506223e-02,1.072854e-02,6.764887e-01,1.063059e-01,3.154229e-03,2.879318e-02,8.645331e-03
4.638487e-02,6.304321e-03,4.063893e-03,7.777441e-03,2.873086e-02,2.914477e-02,1.359684e-03,1.952413e-03,1.104438e-02,7.807379e-03,7.294525e-01,9.105035e-02,2.998235e-03,2.560745e-02,6.321511e-03
5.925855e-02,1.067619e-02,4.157823e-03,6.890195e-03,3.056841e-02,2.510865e-02,1.513904e-03,3.051730e-03,9.506517e-03,5.781542e-03,7.202623e-01,9.099372e-02,3.110873e-03,2.207846e-02,7.041145e-03
1.014380e-01,3.392358e-02,9.476654e-03,1.180841e-02,3.755611e-02,2.147616e-02,1.914422e-03,4.459614e-03,9.245591e-03,4.715186e-03,5.956458e-01,1.230129e-01,2.834265e-03,1.951239e-02,2.298079e-02
1.138312e-01,2.599681e-02,1.045472e-02,1.089407e-02,6.542722e-02,2.151303e-02,3.397209e-03,1.930989e-02,9.786206e-03,5.048222e-03,5.309597e-01,1.427024e-01,2.945122e-03,2.011966e-02,1.761455e-02
1.062127e-01,2.227686e-02,1.168940e-02,9.342890e-03,9.854557e-02,2.349599e-02,5.618074e-03,1.776976e-02,1.079911e-02,4.148698e-03,4.765485e-01,1.757060e-01,3.095707e-03,1.796412e-02,1.678661e-02
7.679506e-02,1.967939e-02,2.239944e-02,6.691619e-03,1.399674e-01,2.826586e-02,9.298391e-03,1.412422e-02,9.138006e-03,3.711582e-03,4.755887e-01,1.614940e-01,3.268702e-03,1.419387e-02,1.538372e-02
6.894674e-02,2.935353e-02,6.682104e-02,5.190630e-03,1.743843e-01,4.502422e-02,1.070599e-02,1.559650e-02,9.487312e-03,4.322047e-03,4.064144e-01,1.248381e-01,3.304112e-03,1.140891e-02,2.420226e-02
6.552730e-02,2.529470e-02,8.645202e-02,4.187779e-03,1.972607e-01,4.814795e-02,1.471020e-02,3.860711e-02,1.576582e-02,5.845872e-03,3.460680e-01,1.043757e-01,4.910990e-03,1.032569e-02,3.252021e-02
5.465284e-02,2.090836e-02,7.434219e-02,7.218903e-03,2.796997e-01,4.154261e-02,1.264720e-02,4.502206e-02,6.150939e-02,5.737256e-03,2.593730e-01,8.252314e-02,1.535844e-02,9.525725e-03,2.993932e-02
6.331477e-02,1.976892e-02,6.000901e-02,6.027720e-03,2.494362e-01,4.056783e-02,1.117917e-02,4.603061e-02,6.849252e-02,2.682700e-02,2.811158e-01,7.141305e-02,1.521844e-02,1.282057e-02,2.777846e-02
7.427443e-02,3.548213e-02,5.030132e-02,5.831563e-03,2.023371e-01,3.290622e-02,9.782510e-03,6.476551e-02,1.012500e-01,5.326806e-02,2.382669e-01,5.332740e-02,1.211880e-02,1.942967e-02,4.665833e-02
6.013462e-02,3.063427e-02,4.450223e-02,5.776818e-03,1.476906e-01,2.507816e-02,8.608378e-03,1.337131e-01,1.413594e-01,1.062269e-01,1.785408e-01,3.834788e-02,9.361584e-03,3.320757e-02,3.681760e-02
4.625186e-02,2.699716e-02,3.812375e-02,5.740696e-03,1.061570e-01,1.971499e-02,6.569876e-03,1.354215e-01,2.032722e-01,1.793748e-01,1.298229e-01,2.831785e-02,7.674930e-03,3.387773e-02,3.268282e-02
3.474880e-02,3.651810e-02,2.834604e-02,5.924242e-03,7.740019e-02,1.676585e-02,4.857099e-03,1.036166e-01,2.552082e-01,2.511946e-01,9.528024e-02,2.364468e-02,6.855158e-03,3.450469e-02,2.513551e-02
2.883136e-02,5.485377e-02,2.092524e-02,5.707663e-03,5.636335e-02,1.507195e-02,3.657103e-03,7.831252e-02,3.072510e-01,2.830190e-01,7.190877e-02,1.995958e-02,6.247139e-03,2.650031e-02,2.139119e-02
2.535111e-02,5.466196e-02,1.629947e-02,6.040523e-03,5.403707e-02,1.351936e-02,3.246221e-03,5.849327e-02,3.837574e-01,2.340699e-01,6.005355e-02,1.537865e-02,6.880624e-03,3.550579e-02,3.270507e-02
1.906449e-02,8.876164e-02,1.390039e-02,6.145765e-03,3.980218e-02,1.089326e-02,2.376469e-03,4.329582e-02,4.278211e-01,1.914993e-01,4.451579e-02,1.131948e-02,5.842840e-03,5.532533e-02,3.943609e-02
1.406110e-02,2.151818e-01,9.984827e-03,4.550771e-03,2.927281e-02,9.653892e-03,1.684182e-03,3.040333e-02,4.104379e-01,1.378005e-01,3.205965e-02,8.003337e-03,4.973690e-03,4.736502e-02,4.456722e-02
9.940679e-03,2.615141e-01,7.237302e-03,3.938798e-03,2.094870e-02,7.098934e-03,1.187468e-03,2.149893e-02,4.639473e-01,9.841750e-02,2.261929e-02,5.617482e-03,3.884683e-03,3.371727e-02,3.843158e-02
7.607362e-03,3.289112e-01,5.819054e-03,3.899394e-03,1.638475e-02,7.954543e-03,8.614718e-04,1.555017e-02,4.570590e-01,7.092667e-02,1.605857e-02,3.953008e-03,3.116572e-03,2.461462e-02,3.728364e-02
5.366414e-03,2.477437e-01,4.117528e-03,3.221684e-03,1.156767e-02,5.725517e-03,6.043655e-04,1.096115e-02,5.996599e-01,4.986436e-02,1.129213e-02,2.772044e-03,2.253628e-03,1.728155e-02,2.756839e-02
3.774399e-03,1.770385e-01,2.889309e-03,2.275289e-03,8.129876e-03,4.035394e-03,4.237686e-04,7.676062e-03,7.142109e-01,3.501524e-02,7.927182e-03,1.942194e-03,1.634157e-03,1.216250e-02,2.086527e-02
2.657018e-03,1.261147e-01,2.028629e-03,1.613903e-03,5.705233e-03,2.869800e-03,2.974377e-04,5.381831e-03,7.945080e-01,2.469333e-02,5.601532e-03,1.371576e-03,1.709161e-03,8.572723e-03,1.687513e-02
1.876446e-03,8.880444e-02,1.432504e-03,1.147991e-03,3.996163e-03,2.052517e-03,2.094805e-04,3.772022e-03,8.494442e-01,1.739719e-02,4.025147e-03,1.038407e-03,2.040392e-03,6.027385e-03,1.673580e-02
1.369708e-03,6.254737e-02,1.027970e-03,8.309335e-04,2.810344e-03,1.612948e-03,1.482622e-04,2.651636e-03,8.625508e-01,1.235074e-02,3.129462e-03,7.890849e-04,2.591692e-03,4.568407e-03,4.102065e-02
9.855859e-04,4.449278e-02,7.413962e-04,5.901383e-04,1.970731e-03,1.177810e-03,1.045367e-04,1.860665e-03,8.604014e-01,8.817716e-03,2.280937e-03,5.934421e-04,2.144228e-03,3.581330e-03,7.025735e-02
7.939382e-04,3.167830e-02,5.481183e-04,4.426663e-04,1.385591e-03,9.250267e-04,7.422703e-05,1.305846e-03,8.650956e-01,6.581084e-03,1.662326e-03,5.051036e-04,1.998048e-03,2.665804e-03,8.433834e-02
1.617684e-03,2.305590e-02,4.901889e-04,3.877332e-04,1.257408e-03,1.011756e-03,6.450973e-05,9.456469e-04,6.760631e-01,4.874722e-03,1.509307e-03,4.899994e-04,2.262098e-03,2.764748e-03,2.832052e-01
2.220577e-03,1.675382e-02,5.570133e-04,7.588654e-04,1.171526e-03,1.189770e-03,5.130178e-05,7.263342e-04,6.150603e-01,3.555622e-03,1.476657e-03,6.900094e-04,2.413723e-03,2.279435e-03,3.510951e-01
2.620784e-03,1.245641e-02,5.100390e-04,1.241801e-03,9.302674e-04,1.187286e-03,4.101362e-05,5.556044e-04,5.529026e-01,2.810462e-03,1.544351e-03,9.260233e-04,2.696927e-03,2.016351e-03,4.175601e-01
3.818230e-03,1.871914e-02,1.030281e-03,9.942551e-04,9.582627e-04,9.893862e-04,3.460562e-05,4.077346e-04,4.903021e-01,5.014170e-03,1.999489e-03,1.048292e-03,3.073886e-03,3.971838e-03,4.676383e-01
6.697437e-03,1.859538e-02,1.196107e-03,1.169699e-03,1.179330e-03,3.436434e-03,4.643986e-04,1.336037e-03,3.729321e-01,7.969500e-03,3.166073e-03,1.985300e-03,5.065655e-03,4.459037e-03,5.703475e-01
6.962137e-03,1.351021e-02,1.058138e-03,9.861295e-04,1.105096e-03,2.800924e-03,1.058651e-02,4.716344e-03,2.633614e-01,7.660493e-03,2.511828e-03,1.749791e-03,4.820902e-03,3.549327e-03,6.746209e-01
1.837671e-02,1.062154e-02,4.801006e-03,2.761790e-03,2.935636e-03,4.201368e-03,7.553464e-02,3.046741e-02,1.887433e-01,8.961923e-03,2.071760e-03,1.598140e-03,5.110100e-03,2.797565e-03,6.410171e-01
2.079163e-02,7.950355e-03,5.725446e-03,4.824638e-03,1.074948e-02,7.226906e-03,1.231279e-01,1.338798e-01,1.343340e-01,1.082186e-02,1.844145e-03,1.294493e-03,4.532255e-03,2.101675e-03,5.307955e-01
1.547122e-02,5.686509e-03,4.528905e-03,4.357510e-03,1.451410e-02,6.183580e-03,1.649685e-01,2.909367e-01,9.428925e-02,9.090925e-03,1.720111e-03,1.099533e-03,3.795226e-03,1.517227e-03,3.818408e-01
1.108590e-02,4.005101e-03,3.254337e-03,3.323938e-03,1.121790e-02,4.681347e-03,1.285256e-01,4.851066e-01,6.625778e-02,6.547198e-03,1.358022e-03,8.110558e-04,2.792716e-03,1.077837e-03,2.699546e-01
8.084066e-03,2.837247e-03,2.411505e-03,2.490736e-03,8.672206e-03,4.460304e-03,1.012434e-01,6.208016e-01,4.652061e-02,4.878443e-03,1.748848e-03,7.117138e-04,2.411704e-03,7.795037e-04,1.919481e-01
5.913045e-03,2.057740e-03,2.084065e-03,1.872759e-03,6.642408e-03,4.128249e-03,7.740289e-02,7.183970e-01,3.285761e-02,3.546803e-03,4.079490e-03,9.340790e-04,3.390577e-03,6.986769e-04,1.359945e-01
4.712150e-03,1.518517e-03,1.643593e-03,1.434040e-03,5.417785e-03,4.438935e-03,5.832137e-02,7.881082e-01,2.334760e-02,2.515448e-03,4.999457e-03,1.113659e-03,6.254883e-03,6.327772e-04,9.554156e-02
4.491855e-03,1.075626e-03,1.276743e-03,1.123487e-03,4.474514e-03,3.284967e-03,4.170628e-02,8.480672e-01,1.638418e-02,1.763370e-03,3.632242e-03,8.192337e-04,4.544710e-03,4.656789e-04,6.688991e-02
5.212435e-03,7.730048e-04,1.002452e-03,9.102764e-04,3.892858e-03,2.786183e-03,3.074523e-02,8.873962e-01,1.154941e-02,1.237626e-03,2.730377e-03,6.577171e-04,3.880936e-03,3.753264e-04,4.684994e-02
5.922802e-03,5.717044e-04,8.876741e-04,8.396379e-04,4.246515e-03,2.405498e-03,2.280831e-02,9.144059e-01,8.198111e-03,8.709847e-04,2.065242e-03,5.740951e-04,3.077512e-03,3.032810e-04,3.282278e-02
6.208021e-03,4.128365e-04,8.463145e-04,7.009862e-04,4.146941e-03,2.133045e-03,2.117282e-02,9.300327e-01,5.778836e-03,6.161433e-04,1.527572e-03,4.855549e-04,2.713435e-03,2.245918e-04,2.300015e-02
7.212463e-03,3.051381e-04,8.920222e-04,6.373907e-04,4.379292e-03,2.197477e-03,1.739833e-02,9.415740e-01,4.090984e-03,4.407372e-04,1.121536e-03,3.819321e-04,3.071931e-03,1.692557e-04,1.612752e-02
7.110636e-03,2.226421e-04,7.296779e-04,4.984199e-04,4.223694e-03,1.911675e-03,1.385865e-02,9.529698e-01,2.879828e-03,3.163621e-04,8.044062e-04,2.910527e-04,2.745905e-03,1.250715e-04,1.131219e-02
7.149655e-03,1.669438e-04,6.025787e-04,4.216813e-04,3.871761e-03,1.658951e-03,1.080196e-02,9.620174e-01,2.032805e-03,2.244196e-04,5.720454e-04,2.434247e-04,2.200331e-03,9.261938e-05,7.943452e-03
7.576586e-03,1.326950e-04,5.559933e-04,3.954686e-04,4.012877e-03,1.539134e-03,8.525944e-03,9.674133e-01,1.441964e-03,1.600132e-04,4.125558e-04,2.339811e-04,1.946695e-03,7.021397e-05,5.582602e-03
9.606357e-03,1.222961e-04,5.227308e-04,3.651255e-04,3.921668e-03,1.814700e-03,7.118396e-03,9.690021e-01,1.028410e-03,1.192648e-04,3.119943e-04,3.222397e-04,1.715877e-03,6.115169e-05,3.967755e-03
9.974373e-03,1.019296e-04,4.150015e-04,3.218474e-04,3.570745e-03,1.960499e-03,5.641688e-03,9.723640e-01,7.306642e-04,8.713427e-05,2.259023e-04,2.720720e-04,1.483670e-03,4.736652e-05,2.803115e-03
9.753598e-03,8.202247e-05,3.596413e-04,3.595634e-04,3.716883e-03,1.771729e-03,4.571967e-03,9.751666e-01,5.227629e-04,6.254369e-05,1.661019e-04,2.377511e-04,1.212721e-03,3.596683e-05,1.980192e-03
2.526071e-02,1.265584e-04,4.134829e-04,1.086694e-03,4.798875e-03,2.707728e-03,3.586525e-03,9.548562e-01,5.123959e-04,1.403536e-04,3.073053e-04,1.253200e-03,3.287515e-03,6.014225e-05,1.602418e-03
4.228060e-02,2.411289e-04,4.413152e-04,1.861762e-03,6.628668e-03,2.612311e-03,2.909766e-03,9.314083e-01,1.004691e-03,4.556995e-04,1.011599e-03,1.988022e-03,5.503847e-03,9.779167e-05,1.554580e-03
6.670944e-02,5.189567e-04,7.679096e-04,2.553037e-03,9.271661e-03,3.365949e-03,2.710121e-03,8.944080e-01,1.346553e-03,9.930207e-04,2.293831e-03,4.154110e-03,8.458468e-03,1.861534e-04,2.262758e-03
8.024083e-02,6.724456e-04,1.390682e-03,3.473528e-03,9.549115e-03,4.477985e-03,2.324872e-03,8.781257e-01,1.224328e-03,1.089784e-03,2.404841e-03,4.161397e-03,8.358818e-03,1.933979e-04,2.312365e-03
1.291784e-01,9.570661e-04,2.082938e-03,4.792109e-03,8.972086e-03,6.015252e-03,2.011842e-03,8.198144e-01,1.388240e-03,1.044257e-03,3.132896e-03,7.676725e-03,9.755949e-03,4.549827e-04,2.722855e-03
1.434380e-01,3.193188e-03,3.056570e-03,2.126650e-02,2.009493e-02,1.397285e-02,2.177994e-03,7.048988e-01,8.797720e-03,2.173200e-03,7.287986e-03,2.856567e-02,3.169895e-02,7.652289e-04,8.612466e-03
2.226527e-01,3.391828e-03,4.036788e-03,1.912622e-02,1.664534e-02,1.303595e-02,2.507757e-03,6.121480e-01,1.035995e-02,9.444363e-03,8.996291e-03,3.030046e-02,3.406614e-02,2.148887e-03,1.113928e-02
2.126330e-01,4.914686e-03,3.489081e-03,3.201510e-02,6.947792e-02,1.784714e-02,2.731141e-03,4.378583e-01,3.694288e-02,1.727307e-02,1.367121e-02,9.106821e-02,4.498968e-02,2.583178e-03,1.250543e-02
2.320746e-01,4.534269e-03,3.984820e-03,3.775813e-02,5.462716e-02,3.496903e-02,2.707764e-03,3.106008e-01,3.414740e-02,1.941134e-02,2.750120e-02,1.627063e-01,5.787818e-02,2.414942e-03,1.468399e-02
2.094804e-01,4.030091e-03,3.918197e-03,3.170286e-02,4.897629e-02,2.773254e-02,2.348682e-03,2.189011e-01,4.549703e-02,2.496139e-02,4.929371e-02,1.663446e-01,1.422222e-01,3.594964e-03,2.099606e-02
2.485973e-01,4.969105e-03,1.014590e-02,2.978312e-02,4.438572e-02,2.441990e-02,2.902051e-03,1.561386e-01,5.842205e-02,5.355041e-02,5.509282e-02,1.509369e-01,1.242998e-01,5.218039e-03,3.113836e-02
2.617423e-01,5.088298e-03,1.125869e-02,2.451476e-02,3.935847e-02,2.022032e-02,2.668604e-03,1.129998e-01,8.410916e-02,7.486394e-02,7.339658e-02,1.349005e-01,1.176886e-01,4.897484e-03,3.229254e-02
1.950231e-01,1.243502e-02,3.036366e-02,2.346817e-02,6.985810e-02,6.141561e-02,4.260342e-03,1.280702e-01,1.009574e-01,6.052537e-02,6.754986e-02,9.626481e-02,1.073572e-01,3.862141e-03,3.858916e-02
1.620192e-01,1.837801e-02,6.182931e-02,5.454650e-02,9.759273e-02,8.461007e-02,8.395270e-03,1.157357e-01,9.750537e-02,5.313734e-02,5.563670e-02,6.960995e-02,8.450418e-02,3.082979e-03,3.341667e-02
1.252778e-01,2.587852e-02,7.407656e-02,1.183927e-01,1.413077e-01,7.389567e-02,8.262847e-03,1.050954e-01,1.106777e-01,3.939247e-02,4.037015e-02,4.963423e-02,6.035292e-02,2.288505e-03,2.509683e-02
1.580884e-01,2.430950e-02,8.131110e-02,2.100922e-01,1.177395e-01,5.866361e-02,8.766519e-03,7.815384e-02,9.521210e-02,3.249301e-02,3.149010e-02,3.880591e-02,4.398273e-02,2.044236e-03,1.884725e-02
2.436740e-01,2.271360e-02,6.425849e-02,2.394745e-01,9.474571e-02,4.622646e-02,8.999163e-03,5.724986e-02,8.231066e-02,3.216474e-02,2.589417e-02,3.134243e-02,3.267613e-02,1.816149e-03,1.645401e-02
2.842992e-01,2.847638e-02,5.556734e-02,2.107720e-01,9.405737e-02,4.121551e-02,8.481987e-03,4.501418e-02,9.287129e-02,3.015593e-02,2.390639e-02,3.605979e-02,2.776786e-02,2.179311e-03,1.917548e-02
3.368255e-01,2.850265e-02,4.568806e-02,2.050071e-01,7.736486e-02,3.481624e-02,8.100339e-03,3.779227e-02,7.824175e-02,3.149923e-02,2.240472e-02,4.223794e-02,2.469926e-02,2.518279e-03,2.430185e-02
