1.000000e+00,0.000000e+00,0.000000e+00,0.000000e+00,0.000000e+00,0.000000e+00,0.000000e+00,0.000000e+00,0.000000e+00,0.000000e+00,0.000000e+00,0.000000e+00,0.000000e+00,0.000000e+00,0.000000e+00
1.000000e+00,0.000000e+00,0.000000e+00,0.000000e+00,0.000000e+00,0.000000e+00,0.000000e+00,0.000000e+00,0.000000e+00,0.000000e+00,0.000000e+00,0.000000e+00,0.000000e+00,0.000000e+00,0.000000e+00
1.000000e+00,0.000000e+00,0.000000e+00,0.000000e+00,0.000000e+00,0.000000e+00,0.000000e+00,0.000000e+00,0.000000e+00,0.000000e+00,0.000000e+00,0.000000e+00,0.000000e+00,0.000000e+00,0.000000e+00
1.000000e+00,0.000000e+00,0.000000e+00,0.000000e+00,0.000000e+00,0.000000e+00,0.000000e+00,0.000000e+00,0.000000e+00,0.000000e+00,0.000000e+00,0.000000e+00,0.000000e+00,0.000000e+00,0.000000e+00
1.000000e+00,0.000000e+00,0.000000e+00,0.000000e+00,0.000000e+00,0.000000e+00,0.000000e+00,0.000000e+00,0.000000e+00,0.000000e+00,0.000000e+00,0.000000e+00,0.000000e+00,0.000000e+00,0.000000e+00
1.000000e+00,0.000000e+00,0.000000e+00,0.000000e+00,0.000000e+00,0.000000e+00,0.000000e+00,0.000000e+00,0.000000e+00,0.000000e+00,0.000000e+00,0.000000e+00,0.000000e+00,0.000000e+00,0.000000e+00
1.000000e+00,0.000000e+00,0.000000e+00,0.000000e+00,0.000000e+00,0.000000e+00,0.000000e+00,0.000000e+00,0.000000e+00,0.000000e+00,0.000000e+00,0.000000e+00,0.000000e+00,0.000000e+00,0.000000e+00
1.000000e+00,0.000000e+00,0.000000e+00,0.000000e+00,0.000000e+00,0.000000e+00,0.000000e+00,0.000000e+00,0.000000e+00,0.000000e+00,0.000000e+00,0.000000e+00,0.000000e+00,0.000000e+00,0.000000e+00
1.000000e+00,0.000000e+00,0.000000e+00,0.000000e+00,0.000000e+00,0.000000e+00,0.000000e+00,0.000000e+00,0.000000e+00,0.000000e+00,0.000000e+00,0.000000e+00,0.000000e+00,0.000000e+00,0.000000e+00
1.000000e+00,0.000000e+00,0.000000e+00,0.000000e+00,0.000000e+00,0.000000e+00,0.000000e+00,0.000000e+00,0.000000e+00,0.000000e+00,0.000000e+00,0.000000e+00,0.000000e+00,0.000000e+00,0.000000e+00
1.000000e+00,0.000000e+00,0.000000e+00,0.000000e+00,0.000000e+00,0.000000e+00,0.000000e+00,0.000000e+00,0.000000e+00,0.000000e+00,0.000000e+00,0.000000e+00,0.000000e+00,0.000000e+00,0.000000e+00
1.000000e+00,0.000000e+00,0.000000e+00,0.000000e+00,0.000000e+00,0.000000e+00,0.000000e+00,0.000000e+00,0.000000e+00,0.000000e+00,0.000000e+00,0.000000e+00,0.000000e+00,0.000000e+00,0.000000e+00
1.000000e+00,0.000000e+00,0.000000e+00,0.000000e+00,0.000000e+00,0.000000e+00,0.000000e+00,0.000000e+00,0.000000e+00,0.000000e+00,0.000000e+00,0.000000e+00,0.000000e+00,0.000000e+00,0.000000e+00
1.000000e+00,0.000000e+00,0.000000e+00,0.000000e+00,0.000000e+00,0.000000e+00,0.000000e+00,0.000000e+00,0.000000e+00,0.000000e+00,0.000000e+00,0.000000e+00,0.000000e+00,0.000000e+00,0.000000e+00
1.000000e+00,0.000000e+00,0.000000e+00,0.000000e+00,0.000000e+00,0.000000e+00,0.000000e+00,0.000000e+00,0.000000e+00,0.000000e+00,0.000000e+00,0.000000e+00,0.000000e+00,0.000000e+00,0.000000e+00
1.000000e+00,0.000000e+00,0.000000e+00,0.000000e+00,0.000000e+00,0.000000e+00,0.000000e+00,0.000000e+00,0.000000e+00,0.000000e+00,0.000000e+00,0.000000e+00,0.000000e+00,0.000000e+00,0.000000e+00
1.000000e+00,0.000000e+00,0.000000e+00,0.000000e+00,0.000000e+00,0.000000e+00,0.000000e+00,0.000000e+00,0.000000e+00,0.000000e+00,0.000000e+00,0.000000e+00,0.000000e+00,0.000000e+00,0.000000e+00
1.000000e+00,0.000000e+00,0.000000e+00,0.000000e+00,0.000000e+00,0.000000e+00,0.000000e+00,0.000000e+00,0.000000e+00,0.000000e+00,0.000000e+00,0.000000e+00,0.000000e+00,0.000000e+00,0.000000e+00
1.000000e+00,0.000000e+00,0.000000e+00,0.000000e+00,0.000000e+00,0.000000e+00,0.000000e+00,0.000000e+00,0.000000e+00,0.000000e+00,0.000000e+00,0.000000e+00,0.000000e+00,0.000000e+00,0.000000e+00
1.000000e+00,0.000000e+00,0.000000e+00,0.000000e+00,0.000000e+00,0.000000e+00,0.000000e+00,0.000000e+00,0.000000e+00,0.000000e+00,0.000000e+00,0.000000e+00,0.000000e+00,0.000000e+00,0.000000e+00
1.000000e+00,0.000000e+00,0.000000e+00,0.000000e+00,0.000000e+00,0.000000e+00,0.000000e+00,0.000000e+00,0.000000e+00,0.000000e+00,0.000000e+00,0.000000e+00,0.000000e+00,0.000000e+00,0.000000e+00
1.000000e+00,0.000000e+00,0.000000e+00,0.000000e+00,0.000000e+00,0.000000e+00,0.000000e+00,0.000000e+00,0.000000e+00,0.000000e+00,0.000000e+00,0.000000e+00,0.000000e+00,0.000000e+00,0.000000e+00
1.000000e+00,0.000000e+00,0.000000e+00,0.000000e+00,0.000000e+00,0.000000e+00,0.000000e+00,0.000000e+00,0.000000e+00,0.000000e+00,0.000000e+00,0.000000e+00,0.000000e+00,0.000000e+00,0.000000e+00
1.000000e+00,0.000000e+00,0.000000e+00,0.000000e+00,0.000000e+00,0.000000e+00,0.000000e+00,0.000000e+00,0.000000e+00,0.000000e+00,0.000000e+00,0.000000e+00,0.000000e+00,0.000000e+00,0.000000e+00
1.000000e+00,0.000000e+00,0.000000e+00,0.000000e+00,0.000000e+00,0.000000e+00,0.000000e+00,0.000000e+00,0.000000e+00,0.000000e+00,0.000000e+00,0.000000e+00,0.000000e+00,0.000000e+00,0.000000e+00
1.000000e+00,0.000000e+00,0.000000e+00,0.000000e+00,0.000000e+00,0.000000e+00,0.000000e+00,0.000000e+00,0.000000e+00,0.000000e+00,0.000000e+00,0.000000e+00,0.000000e+00,0.000000e+00,0.000000e+00
1.000000e+00,0.000000e+00,0.000000e+00,0.000000e+00,0.000000e+00,0.000000e+00,0.000000e+00,0.000000e+00,0.000000e+00,0.000000e+00,0.000000e+00,0.000000e+00,0.000000e+00,0.000000e+00,0.000000e+00
1.000000e+00,0.000000e+00,0.000000e+00,0.000000e+00,0.000000e+00,0.000000e+00,0.000000e+00,0.000000e+00,0.000000e+00,0.000000e+00,0.000000e+00,0.000000e+00,0.000000e+00,0.000000e+00,0.000000e+00
1.000000e+00,0.000000e+00,0.000000e+00,0.000000e+00,0.000000e+00,0.000000e+00,0.000000e+00,0.000000e+00,0.000000e+00,0.000000e+00,0.000000e+00,0.000000e+00,0.000000e+00,0.000000e+00,0.000000e+00
1.000000e+00,0.000000e+00,0.000000e+00,0.000000e+00,0.000000e+00,0.000000e+00,0.000000e+00,0.000000e+00,0.000000e+00,0.000000e+00,0.000000e+00,0.000000e+00,0.000000e+00,0.000000e+00,0.000000e+00
1.000000e+00,0.000000e+00,0.000000e+00,0.000000e+00,0.000000e+00,0.000000e+00,0.000000e+00,0.000000e+00,0.000000e+00,0.000000e+00,0.000000e+00,0.000000e+00,0.000000e+00,0.000000e+00,0.000000e+00
1.000000e+00,0.000000e+00,0.000000e+00,0.000000e+00,0.000000e+00,0.000000e+00,0.000000e+00,0.000000e+00,0.000000e+00,0.000000e+00,0.000000e+00,0.000000e+00,0.000000e+00,0.000000e+00,0.000000e+00
1.000000e+00,0.000000e+00,0.000000e+00,0.000000e+00,0.000000e+00,0.000000e+00,0.000000e+00,0.000000e+00,0.000000e+00,0.000000e+00,0.000000e+00,0.000000e+00,0.000000e+00,0.000000e+00,0.000000e+00
1.000000e+00,0.000000e+00,0.000000e+00,0.000000e+00,0.000000e+00,0.000000e+00,0.000000e+00,0.000000e+00,0.000000e+00,0.000000e+00,0.000000e+00,0.000000e+00,0.000000e+00,0.000000e+00,0.000000e+00
1.000000e+00,0.000000e+00,0.000000e+00,0.000000e+00,0.000000e+00,0.000000e+00,0.000000e+00,0.000000e+00,0.000000e+00,0.000000e+00,0.000000e+00,0.000000e+00,0.000000e+00,0.000000e+00,0.000000e+00
1.000000e+00,0.000000e+00,0.000000e+00,0.000000e+00,0.000000e+00,0.000000e+00,0.000000e+00,0.000000e+00,0.000000e+00,0.000000e+00,0.000000e+00,0.000000e+00,0.000000e+00,0.000000e+00,0.000000e+00
1.000000e+00,0.000000e+00,0.000000e+00,0.000000e+00,0.000000e+00,0.000000e+00,0.000000e+00,0.000000e+00,0.000000e+00,0.000000e+00,0.000000e+00,0.000000e+00,0.000000e+00,0.000000e+00,0.000000e+00
1.000000e+00,0.000000e+00,0.000000e+00,0.000000e+00,0.000000e+00,0.000000e+00,0.000000e+00,0.000000e+00,0.000000e+00,0.000000e+00,0.000000e+00,0.000000e+00,0.000000e+00,0.000000e+00,0.000000e+00
1.000000e+00,0.000000e+00,0.000000e+00,0.000000e+00,0.000000e+00,0.000000e+00,0.000000e+00,0.000000e+00,0.000000e+00,0.000000e+00,0.000000e+00,0.000000e+00,0.000000e+00,0.000000e+00,0.000000e+00
1.000000e+00,0.000000e+00,0.000000e+00,0.000000e+00,0.000000e+00,0.000000e+00,0.000000e+00,0.000000e+00,0.000000e+00,0.000000e+00,0.000000e+00,0.000000e+00,0.000000e+00,0.000000e+00,0.000000e+00
1.000000e+00,0.000000e+00,0.000000e+00,0.000000e+00,0.000000e+00,0.000000e+00,0.000000e+00,0.000000e+00,0.000000e+00,0.000000e+00,0.000000e+00,0.000000e+00,0.000000e+00,0.000000e+00,0.000000e+00
1.000000e+00,0.000000e+00,0.000000e+00,0.000000e+00,0.000000e+00,0.000000e+00,0.000000e+00,0.000000e+00,0.000000e+00,0.000000e+00,0.000000e+00,0.000000e+00,0.000000e+00,0.000000e+00,0.000000e+00
1.000000e+00,0.000000e+00,0.000000e+00,0.000000e+00,0.000000e+00,0.000000e+00,0.000000e+00,0.000000e+00,0.000000e+00,0.000000e+00,0.000000e+00,0.000000e+00,0.000000e+00,0.000000e+00,0.000000e+00
1.000000e+00,0.000000e+00,0.000000e+00,0.000000e+00,0.000000e+00,0.000000e+00,0.000000e+00,0.000000e+00,0.000000e+00,0.000000e+00,0.000000e+00,0.000000e+00,0.000000e+00,0.000000e+00,0.000000e+00
1.000000e+00,0.000000e+00,0.000000e+00,0.000000e+00,0.000000e+00,0.000000e+00,0.000000e+00,0.000000e+00,0.000000e+00,0.000000e+00,0.000000e+00,0.000000e+00,0.000000e+00,0.000000e+00,0.000000e+00
1.000000e+00,0.000000e+00,0.000000e+00,0.000000e+00,0.000000e+00,0.000000e+00,0.000000e+00,0.000000e+00,0.000000e+00,0.000000e+00,0.000000e+00,0.000000e+00,0.000000e+00,0.000000e+00,0.000000e+00
1.000000e+00,0.000000e+00,0.000000e+00,0.000000e+00,0.000000e+00,0.000000e+00,0.000000e+00,0.000000e+00,0.000000e+00,0.000000e+00,0.000000e+00,0.000000e+00,0.000000e+00,0.000000e+00,0.000000e+00
1.000000e+00,0.000000e+00,0.000000e+00,0.000000e+00,0.000000e+00,0.000000e+00,0.000000e+00,0.000000e+00,0.000000e+00,0.000000e+00,0.000000e+00,0.000000e+00,0.000000e+00,0.000000e+00,0.000000e+00
1.000000e+00,0.000000e+00,0.000000e+00,0.000000e+00,0.000000e+00,0.000000e+00,0.000000e+00,0.000000e+00,0.000000e+00,0.000000e+00,0.000000e+00,0.000000e+00,0.000000e+00,0.000000e+00,0.000000e+00
1.000000e+00,0.000000e+00,0.000000e+00,0.000000e+00,0.000000e+00,0.000000e+00,0.000000e+00,0.000000e+00,0.000000e+00,0.000000e+00,0.000000e+00,0.000000e+00,0.000000e+00,0.000000e+00,0.000000e+00
1.000000e+00,0.000000e+00,0.000000e+00,0.000000e+00,0.000000e+00,0.000000e+00,0.000000e+00,0.000000e+00,0.000000e+00,0.000000e+00,0.000000e+00,0.000000e+00,0.000000e+00,0.000000e+00,0.000000e+00
1.000000e+00,0.000000e+00,0.000000e+00,0.000000e+00,0.000000e+00,0.000000e+00,0.000000e+00,0.000000e+00,0.000000e+00,0.000000e+00,0.000000e+00,0.000000e+00,0.000000e+00,0.000000e+00,0.000000e+00
1.000000e+00,0.000000e+00,0.000000e+00,0.000000e+00,0.000000e+00,0.000000e+00,0.000000e+00,0.000000e+00,0.000000e+00,0.000000e+00,0.000000e+00,0.000000e+00,0.000000e+00,0.000000e+00,0.000000e+00
1.000000e+00,0.000000e+00,0.000000e+00,0.000000e+00,0.000000e+00,0.000000e+00,0.000000e+00,0.000000e+00,0.000000e+00,0.000000e+00,0.000000e+00,0.000000e+00,0.000000e+00,0.000000e+00,0.000000e+00
1.000000e+00,0.000000e+00,0.000000e+00,0.000000e+00,0.000000e+00,0.000000e+00,0.000000e+00,0.000000e+00,0.000000e+00,0.000000e+00,0.000000e+00,0.000000e+00,0.000000e+00,0.000000e+00,0.000000e+00
1.000000e+00,0.000000e+00,0.000000e+00,0.000000e+00,0.000000e+00,0.000000e+00,0.000000e+00,0.000000e+00,0.000000e+00,0.000000e+00,0.000000e+00,0.000000e+00,0.000000e+00,0.000000e+00,0.000000e+00
1.000000e+00,0.000000e+00,0.000000e+00,0.000000e+00,0.000000e+00,0.000000e+00,0.000000e+00,0.000000e+00,0.000000e+00,0.000000e+00,0.000000e+00,0.000000e+00,0.000000e+00,0.000000e+00,0.000000e+00
1.000000e+00,0.000000e+00,0.000000e+00,0.000000e+00,0.000000e+00,0.000000e+00,0.000000e+00,0.000000e+00,0.000000e+00,0.000000e+00,0.000000e+00,0.000000e+00,0.000000e+00,0.000000e+00,0.000000e+00
1.000000e+00,0.000000e+00,0.000000e+00,0.000000e+00,0.000000e+00,0.000000e+00,0.000000e+00,0.000000e+00,0.000000e+00,0.000000e+00,0.000000e+00,0.000000e+00,0.000000e+00,0.000000e+00,0.000000e+00
1.000000e+00,0.000000e+00,0.000000e+00,0.000000e+00,0.000000e+00,0.000000e+00,0.000000e+00,0.000000e+00,0.000000e+00,0.000000e+00,0.000000e+00,0.000000e+00,0.000000e+00,0.000000e+00,0.000000e+00
1.000000e+00,0.000000e+00,0.000000e+00,0.000000e+00,0.000000e+00,0.000000e+00,0.000000e+00,0.000000e+00,0.000000e+00,0.000000e+00,0.000000e+00,0.000000e+00,0.000000e+00,0.000000e+00,0.000000e+00
1.000000e+00,0.000000e+00,0.000000e+00,0.000000e+00,0.000000e+00,0.000000e+00,0.000000e+00,0.000000e+00,0.000000e+00,0.000000e+00,0.000000e+00,0.000000e+00,0.000000e+00,0.000000e+00,0.000000e+00
4.678618e-01,4.799860e-02,5.242874e-02,2.690141e-01,1.094902e-02,1.793998e-02,5.939703e-03,1.609311e-02,1.273651e-02,2.791521e-03,1.461430e-02,2.471741e-02,2.091875e-02,3.342040e-03,3.265440e-02
3.454318e-01,3.605222e-02,3.761701e-02,4.212711e-01,8.030549e-03,1.376509e-02,4.244178e-03,1.175952e-02,1.637555e-02,2.923672e-03,3.622722e-02,1.776591e-02,1.842281e-02,2.460151e-03,2.765317e-02
2.447351e-01,2.634976e-02,2.710181e-02,5.276182e-01,6.050633e-03,9.816661e-03,3.056573e-03,8.789106e-03,1.533931e-02,2.974218e-03,7.384454e-02,1.298507e-02,1.825240e-02,1.892126e-03,2.119454e-02
1.715376e-01,1.878159e-02,1.905007e-02,4.483547e-01,4.538224e-03,7.212945e-03,2.204160e-03,6.260198e-03,1.442484e-02,2.488180e-03,2.161985e-01,1.014464e-02,6.001311e-02,1.507763e-03,1.728353e-02
1.201669e-01,1.332627e-02,1.341898e-02,5.464768e-01,3.981354e-03,5.081563e-03,1.597223e-03,4.455806e-03,2.422066e-02,1.908261e-03,1.943026e-01,9.704886e-03,4.786686e-02,1.172752e-03,1.231902e-02
8.537254e-02,9.497290e-03,9.557241e-03,4.838605e-01,4.812583e-03,4.240373e-03,1.194655e-03,3.249797e-03,2.242462e-02,1.558858e-03,2.096525e-01,9.758426e-02,5.660601e-02,1.458449e-03,8.930294e-03
6.067843e-02,6.720997e-03,6.722405e-03,3.647427e-01,4.185895e-03,3.300895e-03,8.741315e-04,2.321654e-03,2.080518e-02,1.204262e-03,1.767154e-01,2.828848e-01,6.063027e-02,1.807259e-03,6.405680e-03
4.261713e-02,4.711147e-03,4.708340e-03,2.560853e-01,3.055930e-03,2.400742e-03,6.164368e-04,1.631683e-03,1.602438e-02,9.151208e-04,1.256364e-01,4.794316e-01,5.619289e-02,1.476270e-03,4.496666e-03
3.000607e-02,3.314093e-03,3.298682e-03,1.794181e-01,3.390785e-03,1.852445e-03,4.447159e-04,1.197586e-03,2.777569e-02,6.829373e-04,8.978324e-02,5.850932e-01,6.946464e-02,1.123188e-03,3.154623e-03
2.146510e-02,2.355076e-03,2.312793e-03,1.257960e-01,6.598383e-03,1.641106e-03,3.351023e-04,1.034936e-03,6.444798e-02,5.507387e-04,6.608552e-02,6.248891e-01,7.935872e-02,9.125731e-04,2.216839e-03
1.510591e-02,1.668966e-03,1.631752e-03,8.827890e-02,5.483551e-03,1.523543e-03,2.789490e-04,8.698072e-04,5.335635e-02,5.392470e-04,4.696178e-02,7.163817e-01,6.563891e-02,7.248686e-04,1.555807e-03
1.066171e-02,1.246534e-03,1.241265e-03,6.270529e-02,9.784246e-03,1.254569e-03,2.301991e-04,1.088653e-03,6.011042e-02,8.342711e-04,3.603569e-02,7.551047e-01,5.780279e-02,8.034153e-04,1.096331e-03
7.490592e-03,9.268501e-04,9.052827e-04,4.432778e-02,8.448268e-03,1.042634e-03,1.857893e-04,9.223839e-04,5.771141e-02,8.934691e-04,2.649933e-02,8.020586e-01,4.716298e-02,6.517276e-04,7.729816e-04
5.325892e-03,7.181219e-04,7.398208e-04,3.111865e-02,1.075864e-02,4.597568e-03,3.615062e-04,1.894517e-03,8.769430e-02,8.001785e-04,1.982876e-02,7.764745e-01,5.854261e-02,5.230726e-04,6.219054e-04
3.894056e-03,5.422882e-04,1.229103e-03,2.193077e-02,2.062095e-02,4.223040e-03,1.013796e-03,3.505700e-03,1.057332e-01,8.258022e-04,1.781725e-02,7.603174e-01,5.710625e-02,5.901797e-04,6.502608e-04
3.099979e-03,5.771163e-04,2.015884e-03,1.551381e-02,2.023549e-02,4.368083e-03,2.270789e-03,4.550135e-03,1.251066e-01,1.938154e-03,1.763795e-02,7.327655e-01,6.740259e-02,1.368422e-03,1.149565e-03
3.155065e-03,5.700648e-04,3.450200e-03,1.096633e-02,2.434822e-02,4.970221e-03,4.264148e-03,3.479244e-02,1.498835e-01,2.362209e-03,2.601648e-02,6.543345e-01,7.806442e-02,1.580169e-03,1.242097e-03
3.018283e-03,5.486019e-04,5.571608e-03,7.792831e-03,5.562956e-02,5.076881e-03,8.830030e-03,3.362168e-02,1.273105e-01,2.837279e-03,5.549666e-02,6.049758e-01,8.564749e-02,2.078466e-03,1.564326e-03
2.708467e-03,4.023543e-04,4.672409e-03,5.485037e-03,7.736658e-02,4.287506e-03,9.347218e-03,3.378361e-02,9.052988e-02,2.228940e-03,6.514927e-02,5.447893e-01,1.560710e-01,1.664747e-03,1.513658e-03
4.997875e-03,3.196214e-04,4.487581e-03,3.964981e-03,9.496795e-02,3.840300e-03,7.777866e-03,5.085318e-02,6.824584e-02,1.787432e-03,5.577327e-02,4.904718e-01,2.095481e-01,1.746086e-03,1.218084e-03
6.044462e-03,2.722726e-04,3.875809e-03,3.092604e-03,8.971155e-02,4.144202e-03,5.777086e-03,7.075401e-02,5.214474e-02,1.419087e-03,5.658742e-02,4.092530e-01,2.944216e-01,1.438126e-03,1.064077e-03
6.124185e-03,2.175156e-04,2.915234e-03,2.328265e-03,7.819285e-02,3.953301e-03,4.342745e-03,9.341620e-02,3.908621e-02,1.073152e-03,6.274834e-02,3.233715e-01,3.803318e-01,1.086277e-03,8.123565e-04
4.984940e-03,1.662729e-04,2.127281e-03,1.706137e-03,5.875571e-02,4.221729e-03,3.125175e-03,7.510068e-02,2.896227e-02,8.055978e-04,5.729426e-02,2.801645e-01,4.811693e-01,8.006790e-04,6.153607e-04
4.781699e-03,1.540087e-04,1.784971e-03,1.459287e-03,6.077352e-02,3.166161e-03,2.303688e-03,8.156287e-02,2.872236e-02,6.630189e-04,6.099100e-02,2.052758e-01,5.466356e-01,6.235815e-04,1.102455e-03
6.463943e-03,2.789730e-04,2.629787e-03,1.542587e-03,8.611183e-02,2.428602e-03,1.940716e-03,1.013844e-01,3.416701e-02,7.578006e-04,6.203475e-02,1.483357e-01,5.470935e-01,7.723052e-04,4.058131e-03
1.260905e-02,1.218009e-03,5.883013e-03,1.882069e-03,9.424619e-02,2.668310e-03,3.879029e-03,1.172833e-01,1.051771e-01,8.582167e-04,5.049650e-02,1.141873e-01,4.841330e-01,7.922797e-04,4.686679e-03
2.368518e-02,1.490335e-03,1.164294e-02,3.082111e-03,1.753266e-01,1.596503e-02,6.453005e-03,1.248633e-01,1.043385e-01,8.144965e-04,4.862138e-02,8.804138e-02,3.894714e-01,7.828801e-04,5.421360e-03
1.993205e-02,1.193327e-03,3.136096e-02,4.103515e-03,1.472977e-01,1.167023e-02,1.533444e-02,2.622963e-01,7.784601e-02,7.180755e-04,3.862403e-02,6.986669e-02,3.104970e-01,8.317967e-04,8.427946e-03
2.736404e-02,1.358426e-03,4.528999e-02,6.244667e-03,1.405888e-01,1.039930e-02,1.683768e-02,3.191621e-01,6.189461e-02,8.794239e-04,3.057066e-02,7.235405e-02,2.533284e-01,9.251389e-04,1.280270e-02
2.792466e-02,1.988339e-03,4.457872e-02,4.994771e-03,1.375916e-01,2.927873e-02,1.358639e-02,2.503889e-01,5.116987e-02,7.456392e-04,2.242182e-02,9.418155e-02,2.989328e-01,8.863158e-04,2.132986e-02
3.568951e-02,2.946869e-03,6.462692e-02,1.268067e-02,1.283849e-01,3.930452e-02,1.259749e-02,2.135122e-01,4.764866e-02,8.064478e-04,1.707413e-02,1.107228e-01,2.931273e-01,1.193430e-03,1.968414e-02
4.003717e-02,3.639227e-03,6.413306e-02,9.729473e-03,1.365509e-01,5.028887e-02,1.041803e-02,1.689524e-01,4.037499e-02,6.629985e-04,1.337174e-02,1.183894e-01,3.206340e-01,1.490596e-03,2.132715e-02
4.022494e-02,3.502880e-03,4.729069e-02,7.046473e-03,1.096331e-01,3.980730e-02,7.890381e-03,1.216168e-01,3.166618e-02,5.906666e-04,1.017470e-02,1.029637e-01,4.559127e-01,2.078485e-03,1.960097e-02
5.894337e-02,6.777692e-03,3.628644e-02,5.589380e-03,9.506459e-02,4.466968e-02,9.065555e-03,9.283672e-02,3.264089e-02,1.227995e-03,8.399100e-03,1.469133e-01,4.364734e-01,7.659749e-03,1.745215e-02
9.469484e-02,1.824723e-02,3.139737e-02,5.604230e-03,8.667818e-02,5.426342e-02,9.719619e-03,8.292788e-02,3.787442e-02,2.520454e-03,6.848658e-03,1.697018e-01,3.730735e-01,7.610485e-03,1.883793e-02
9.362213e-02,1.933811e-02,2.319798e-02,6.867713e-03,6.547437e-02,5.898164e-02,8.396850e-03,5.948742e-02,4.696987e-02,4.709816e-03,1.109589e-02,1.766329e-01,3.958879e-01,7.317500e-03,2.202000e-02
1.203973e-01,1.985140e-02,1.676252e-02,6.336385e-03,5.766811e-02,5.041356e-02,8.689361e-03,4.465510e-02,4.953234e-02,4.829004e-03,1.045335e-02,1.734154e-01,4.118074e-01,6.355164e-03,1.883358e-02
1.648817e-01,1.726205e-02,1.279594e-02,5.291876e-03,4.696827e-02,3.976448e-02,6.891257e-03,3.464517e-02,4.051700e-02,3.661794e-03,8.198800e-03,1.377282e-01,4.594106e-01,5.080516e-03,1.690234e-02
2.865392e-01,1.508974e-02,1.166884e-02,6.380470e-03,3.684077e-02,3.276994e-02,5.957184e-03,2.691407e-02,3.294293e-02,3.164185e-03,6.874165e-03,1.082996e-01,4.083540e-01,4.405129e-03,1.379970e-02
4.084357e-01,1.357623e-02,1.746634e-02,1.627435e-02,2.932916e-02,4.123685e-02,5.326830e-03,2.082372e-02,2.571691e-02,3.052795e-03,6.820490e-03,8.496676e-02,3.112092e-01,3.438078e-03,1.232661e-02
3.887594e-01,1.161735e-02,1.587272e-02,1.341478e-02,3.069671e-02,3.533255e-02,7.123886e-03,1.763362e-02,2.571978e-02,2.899087e-03,5.808411e-03,1.336004e-01,2.981427e-01,2.886957e-03,1.049160e-02
3.713880e-01,8.871628e-03,1.208686e-02,1.005055e-02,2.910556e-02,4.258231e-02,9.339745e-03,1.468748e-02,2.164520e-02,2.520470e-03,5.249429e-03,1.857429e-01,2.760053e-01,2.422357e-03,8.302200e-03
3.835775e-01,8.163469e-03,1.412500e-02,7.858410e-03,3.018325e-02,3.814519e-02,1.390155e-02,1.751725e-02,1.972164e-02,2.595185e-03,4.502801e-03,2.013248e-01,2.481443e-01,2.080334e-03,8.159350e-03
4.112873e-01,7.326494e-03,2.744025e-02,2.106632e-02,2.948460e-02,3.079411e-02,1.209966e-02,2.845185e-02,1.823361e-02,2.317381e-03,3.916046e-03,1.640800e-01,2.336350e-01,2.066125e-03,7.801213e-03
4.604021e-01,5.795760e-03,3.544936e-02,2.501878e-02,2.586861e-02,3.574529e-02,1.088964e-02,3.345497e-02,1.473234e-02,2.045681e-03,3.809739e-03,1.244786e-01,2.133136e-01,2.147463e-03,6.848042e-03
4.135981e-01,4.629817e-03,7.226907e-02,2.997774e-02,3.183199e-02,3.372470e-02,1.847212e-02,6.446257e-02,1.374381e-02,2.235824e-03,4.475788e-03,1.089787e-01,1.850504e-01,3.122544e-03,1.342685e-02
3.827008e-01,3.993957e-03,6.701330e-02,3.223583e-02,3.965721e-02,3.050144e-02,2.683041e-02,7.853809e-02,1.598513e-02,2.398032e-03,8.192834e-03,1.067154e-01,1.851614e-01,3.765482e-03,1.631073e-02
2.767876e-01,2.873539e-03,4.737136e-02,2.568818e-02,2.872064e-02,2.298256e-02,1.914649e-02,6.170136e-02,1.451551e-02,3.076499e-03,1.863612e-02,1.050765e-01,3.559559e-01,3.840725e-03,1.362692e-02
1.979957e-01,2.141084e-03,3.596710e-02,2.380651e-02,2.235216e-02,1.693336e-02,1.369543e-02,6.327771e-02,2.677798e-02,5.688679e-03,4.336024e-02,8.672629e-02,4.358073e-01,1.010710e-02,1.536333e-02
1.498376e-01,1.784044e-03,3.105198e-02,1.874757e-02,2.034113e-02,1.248083e-02,1.023931e-02,8.251186e-02,2.708427e-02,8.929307e-03,4.857447e-02,7.139843e-02,4.820761e-01,1.207406e-02,2.286904e-02
1.091043e-01,1.795874e-03,2.857479e-02,1.401250e-02,1.762840e-02,9.049539e-03,7.575447e-03,8.594523e-02,2.598798e-02,1.637517e-02,4.052576e-02,5.565980e-02,5.235466e-01,9.854511e-03,5.436406e-02
9.876189e-02,1.805958e-03,2.562653e-02,1.113103e-02,1.641694e-02,6.833795e-03,5.757002e-03,7.726084e-02,2.349019e-02,2.383083e-02,3.444471e-02,4.197104e-02,4.656993e-01,9.509265e-03,1.574607e-01
9.343956e-02,3.291817e-03,3.124048e-02,1.010020e-02,2.203912e-02,6.077402e-03,4.798134e-03,7.077998e-02,3.010717e-02,2.052325e-02,2.809576e-02,3.020856e-02,3.651725e-01,1.023777e-02,2.738883e-01
8.467859e-02,3.123519e-03,2.671881e-02,8.305834e-03,1.893339e-02,5.648377e-03,3.709391e-03,7.126976e-02,4.545355e-02,1.697399e-02,2.323573e-02,2.227729e-02,2.975406e-01,9.618479e-03,3.625126e-01
7.749073e-02,2.964898e-03,2.513828e-02,9.168575e-03,1.990015e-02,4.285908e-03,2.770483e-03,9.079504e-02,5.866048e-02,1.476984e-02,2.002863e-02,1.652590e-02,2.196048e-01,7.692602e-03,4.302037e-01
7.598042e-02,3.540783e-03,3.112400e-02,2.553135e-02,2.202311e-02,3.521645e-03,2.127455e-03,1.551628e-01,1.228243e-01,1.153758e-02,1.902293e-02,1.249239e-02,1.642956e-01,6.387529e-03,3.444281e-01
6.835791e-02,3.608690e-03,3.221009e-02,2.051028e-02,1.996207e-02,2.791305e-03,1.615389e-03,1.201283e-01,1.236827e-01,9.045865e-03,1.491791e-02,8.933611e-03,1.161268e-01,7.685253e-03,4.504238e-01
7.454273e-02,4.624320e-03,1.122847e-01,3.399073e-02,1.883644e-02,3.167215e-03,1.304495e-03,9.899587e-02,1.727970e-01,8.755586e-03,1.300705e-02,7.162272e-03,8.405945e-02,6.177450e-03,3.602946e-01
6.172383e-02,5.170287e-03,1.580307e-01,4.104577e-02,1.527030e-02,3.017671e-03,9.774163e-04,7.163768e-02,2.864660e-01,9.117797e-03,1.067070e-02,5.428845e-03,6.008704e-02,4.617178e-03,2.667388e-01
6.206558e-02,8.037230e-03,1.855830e-01,3.223272e-02,2.359239e-02,3.155238e-03,8.218815e-04,6.109232e-02,2.831097e-01,1.067901e-02,1.012437e-02,4.205012e-03,4.291493e-02,5.489036e-03,2.668976e-01
6.817394e-02,8.360544e-03,2.304107e-01,2.694231e-02,2.305800e-02,3.538773e-03,9.461470e-04,6.176442e-02,2.858454e-01,1.084109e-02,8.135736e-03,3.386916e-03,3.061741e-02,5.118413e-03,2.328602e-01
7.531346e-02,9.132559e-03,2.078224e-01,2.030542e-02,3.041960e-02,3.938487e-03,8.800863e-04,5.468485e-02,2.587602e-01,1.023229e-02,6.264606e-03,2.589566e-03,2.190684e-02,6.605376e-03,2.911443e-01
8.567654e-02,1.104172e-02,1.727505e-01,2.507799e-02,5.160397e-02,9.244998e-03,1.422683e-03,7.015718e-02,2.897195e-01,9.136627e-03,5.499969e-03,2.431024e-03,1.623608e-02,7.379662e-03,2.426216e-01
1.073145e-01,1.162203e-02,1.337139e-01,2.047489e-02,4.161074e-02,8.890041e-03,1.167022e-03,5.382530e-02,3.805980e-01,9.263031e-03,5.515640e-03,2.474062e-03,1.249368e-02,6.627584e-03,2.044095e-01
9.673008e-02,1.154429e-02,9.620332e-02,2.130653e-02,3.128847e-02,6.686617e-03,8.840510e-04,3.912704e-02,4.945033e-01,8.897824e-03,4.592643e-03,2.686770e-03,9.911191e-03,5.024923e-03,1.706130e-01
9.390073e-02,1.009042e-02,7.148748e-02,1.629188e-02,2.293662e-02,5.401117e-03,6.925336e-04,2.848021e-02,5.898421e-01,8.167857e-03,4.263698e-03,2.262373e-03,8.200154e-03,4.768912e-03,1.332139e-01
6.871317e-02,7.394198e-03,5.027472e-02,1.147638e-02,1.609574e-02,3.848311e-03,4.964689e-04,1.999661e-02,7.037147e-01,6.780361e-03,3.439852e-03,1.632545e-03,6.177449e-03,4.977381e-03,9.498210e-02
4.935493e-02,5.266685e-03,3.522100e-02,8.099104e-03,1.127263e-02,2.765895e-03,3.713104e-04,1.402809e-02,7.284567e-01,7.242445e-03,1.774144e-02,3.982587e-03,8.095752e-03,2.214290e-02,8.595849e-02
3.538112e-02,3.731517e-03,2.467617e-02,5.724760e-03,7.902180e-03,2.005618e-03,2.854730e-04,9.835924e-03,6.140693e-01,6.254431e-03,1.087081e-01,1.641192e-02,9.043420e-03,8.904739e-02,6.692266e-02
2.503061e-02,2.642818e-03,1.729653e-02,4.024867e-03,5.538944e-03,1.426091e-03,2.053478e-04,6.890244e-03,4.686273e-01,4.944067e-03,2.795139e-01,2.576532e-02,7.529034e-03,1.021849e-01,4.838000e-02
1.753473e-02,1.893556e-03,1.213078e-02,2.819509e-03,3.894238e-03,1.011150e-03,1.461273e-04,4.827108e-03,3.343886e-01,3.823515e-03,4.373229e-01,2.055500e-02,5.848241e-03,1.183447e-01,3.545990e-02
1.227916e-02,1.383564e-03,8.520164e-03,1.975095e-03,2.752880e-03,7.349901e-04,1.043225e-04,3.383218e-03,2.371905e-01,3.469825e-03,5.549968e-01,1.631814e-02,4.630844e-03,1.256853e-01,2.657522e-02
8.609721e-03,1.054316e-03,6.017922e-03,1.385858e-03,1.956873e-03,7.410927e-04,7.615204e-05,2.376846e-03,1.668848e-01,3.289584e-03,5.278789e-01,1.684790e-02,3.526338e-03,2.398225e-01,1.953111e-02
6.032020e-03,7.891416e-04,4.274428e-03,9.777562e-04,1.381931e-03,4.716013e-03,5.650055e-05,1.668238e-03,1.173282e-01,2.548648e-03,4.989536e-01,1.419754e-02,2.999044e-03,3.300421e-01,1.403492e-02
4.233399e-03,6.944776e-04,3.072960e-03,6.922156e-04,9.830717e-04,1.364884e-02,4.771542e-05,1.173882e-03,8.375020e-02,2.051019e-03,5.328894e-01,1.158476e-02,3.132416e-03,3.312593e-01,1.078635e-02
2.977745e-03,7.797820e-04,2.380454e-03,5.068898e-04,8.185576e-04,3.648841e-02,1.049143e-04,8.529261e-04,6.327135e-02,1.568424e-03,5.536531e-01,9.632195e-03,3.155622e-03,3.158828e-01,7.926804e-03
2.100612e-03,1.173624e-03,1.997001e-03,3.924301e-04,1.050386e-03,1.207055e-01,3.335130e-04,6.740585e-04,7.744436e-02,1.253370e-03,4.907935e-01,7.832211e-03,2.726506e-03,2.854888e-01,6.034136e-03
1.893159e-03,1.614704e-03,2.455503e-03,5.756761e-04,1.254499e-03,1.521640e-01,5.271372e-04,3.882366e-03,6.282900e-02,1.316357e-03,4.726892e-01,1.218579e-02,4.374019e-03,2.778227e-01,4.415879e-03
1.409881e-03,1.258005e-03,1.835829e-03,4.775250e-04,1.063918e-03,1.147656e-01,4.235216e-04,2.819674e-03,4.551974e-02,1.792202e-03,5.735355e-01,1.471554e-02,3.913192e-03,2.333677e-01,3.102207e-03
1.178100e-03,1.049928e-03,1.434895e-03,4.567144e-04,1.983663e-03,8.491789e-02,8.762593e-04,2.209940e-03,4.105602e-02,2.170234e-03,6.197796e-01,2.193666e-02,3.935402e-03,2.148221e-01,2.192584e-03
1.204124e-03,9.267044e-04,1.279236e-03,5.872047e-04,4.429631e-03,6.228969e-02,2.179859e-03,1.763393e-03,4.359205e-02,2.441190e-03,6.749028e-01,2.340056e-02,4.799502e-03,1.746142e-01,1.589930e-03
1.585271e-03,8.399483e-04,1.136441e-03,7.505657e-04,5.333977e-03,4.479965e-02,2.762358e-03,1.444050e-03,3.634934e-02,2.291220e-03,7.499962e-01,2.016966e-02,4.965898e-03,1.263705e-01,1.204938e-03
1.069858e-02,4.001008e-03,3.285089e-03,1.820063e-03,8.303670e-03,3.449085e-02,2.264820e-03,1.619909e-03,4.708954e-02,1.891941e-03,7.595438e-01,2.131289e-02,9.998030e-03,9.208129e-02,1.598481e-03
1.235969e-02,7.595844e-03,5.093946e-03,1.924615e-03,9.928731e-03,2.528104e-02,2.281707e-03,2.098139e-03,4.604862e-02,1.705339e-03,7.876692e-01,1.874960e-02,1.192830e-02,6.548099e-02,1.854303e-03
1.068784e-02,1.901704e-02,6.124163e-03,1.785473e-03,1.033925e-02,1.888941e-02,2.003082e-03,2.043236e-03,5.296725e-02,1.333520e-03,8.017870e-01,1.481272e-02,1.043352e-02,4.594536e-02,1.831175e-03
9.315441e-03,3.303912e-02,9.905796e-03,1.528598e-03,1.529500e-02,1.410795e-02,1.828459e-03,8.798046e-03,9.191868e-02,1.262072e-03,7.570549e-01,1.136753e-02,1.049907e-02,3.245641e-02,1.622936e-03
9.140017e-03,5.442899e-02,8.901561e-03,1.269184e-03,2.556197e-02,1.283634e-02,1.756905e-03,1.073181e-02,1.920136e-01,1.043695e-03,6.403947e-01,8.719235e-03,8.660694e-03,2.302947e-02,1.511812e-03
9.077629e-03,1.345926e-01,8.905550e-03,1.237551e-03,2.569736e-02,1.062911e-02,1.557449e-03,1.585418e-02,2.710550e-01,1.270959e-03,4.866349e-01,7.013517e-03,7.094277e-03,1.696995e-02,2.409986e-03
8.615697e-03,1.589764e-01,6.853437e-03,1.006932e-03,3.175327e-02,1.400977e-02,1.308956e-03,1.360175e-02,3.929422e-01,1.006257e-03,3.451915e-01,5.027893e-03,5.291079e-03,1.227933e-02,2.135435e-03
1.065637e-02,1.634343e-01,6.068933e-03,1.235531e-03,5.314849e-02,1.281818e-02,1.644235e-03,1.648885e-02,4.695810e-01,9.238267e-04,2.452112e-01,3.726549e-03,4.094043e-03,8.802969e-03,2.165433e-03
1.894160e-02,1.286090e-01,5.042262e-03,2.501905e-02,5.302980e-02,2.132344e-02,1.324091e-03,2.157393e-02,5.325102e-01,9.423604e-04,1.735436e-01,3.938959e-03,4.260928e-03,6.264546e-03,3.676201e-03
3.854914e-02,1.270874e-01,3.751080e-03,1.949208e-02,8.423025e-02,2.683733e-02,1.215940e-03,2.095225e-02,5.365425e-01,7.078885e-04,1.250319e-01,3.740034e-03,3.669469e-03,4.673509e-03,3.519195e-03
4.248573e-02,1.262775e-01,2.752395e-03,1.452714e-02,9.796456e-02,2.779203e-02,9.868593e-04,1.515017e-02,5.707487e-01,5.454596e-04,8.877049e-02,2.918842e-03,2.725320e-03,3.540642e-03,2.814232e-03
5.484892e-02,1.484553e-01,2.571647e-03,1.358014e-02,8.873833e-02,3.504706e-02,1.267106e-03,1.227345e-02,5.664812e-01,5.010334e-04,6.533241e-02,2.773283e-03,2.282122e-03,2.856727e-03,2.991248e-03
5.807850e-02,1.938107e-01,2.154178e-03,1.148899e-02,7.629478e-02,5.332357e-02,1.132158e-03,1.011819e-02,5.361047e-01,4.782761e-04,4.685372e-02,2.269758e-03,1.917591e-03,2.307873e-03,3.667028e-03
6.489042e-02,2.327728e-01,1.799840e-03,9.154387e-03,6.253413e-02,1.025535e-01,8.898049e-04,7.573119e-03,4.743285e-01,5.464384e-04,3.385414e-02,2.070141e-03,1.613786e-03,2.057268e-03,3.361683e-03
8.436119e-02,1.920727e-01,2.327841e-03,3.184280e-02,5.775476e-02,1.407783e-01,1.555303e-03,2.960243e-02,4.216268e-01,1.044348e-03,2.453678e-02,4.347197e-03,2.957629e-03,1.578724e-03,3.613210e-03
9.294674e-02,1.464896e-01,2.656328e-03,2.853896e-02,4.748223e-02,1.061466e-01,1.471951e-03,2.329316e-01,3.125731e-01,7.689298e-04,1.798953e-02,3.533553e-03,2.728872e-03,1.138543e-03,2.603464e-03
7.461488e-02,1.031818e-01,2.830547e-03,2.670761e-02,3.965737e-02,7.513269e-02,1.255733e-03,4.351690e-01,2.198541e-01,5.845138e-04,1.333370e-02,2.609347e-03,2.377048e-03,8.281481e-04,1.863532e-03
6.036042e-02,7.255957e-02,2.885039e-03,2.216616e-02,3.862276e-02,5.609618e-02,2.304679e-03,5.727677e-01,1.542828e-01,4.511513e-04,9.875703e-03,1.982772e-03,3.603797e-03,6.137698e-04,1.427626e-03
4.961880e-02,5.111604e-02,2.620940e-03,1.670697e-02,3.135661e-02,4.900169e-02,4.321642e-03,6.669965e-01,1.083418e-01,3.631242e-04,7.191923e-03,1.742094e-03,9.030845e-03,4.406807e-04,1.150385e-03
4.562872e-02,3.644939e-02,2.344779e-03,1.321439e-02,3.783289e-02,5.549106e-02,4.362139e-03,6.870219e-01,7.748654e-02,3.557129e-04,6.903279e-03,2.282300e-03,2.887230e-02,3.364853e-04,1.418236e-03
5.013769e-02,2.573474e-02,1.849664e-03,1.075416e-02,4.920120e-02,4.794828e-02,3.791088e-03,7.110823e-01,5.526221e-02,3.794585e-04,8.000938e-03,4.384675e-03,2.978630e-02,2.845132e-04,1.402868e-03
9.215942e-02,1.912171e-02,4.500819e-03,1.268725e-02,6.202820e-02,4.362926e-02,4.079240e-03,5.805129e-01,4.345555e-02,1.727574e-03,3.089706e-02,1.417268e-02,7.829024e-02,7.597863e-04,1.197828e-02
8.793898e-02,1.421949e-02,3.526447e-03,1.149934e-02,6.443968e-02,4.095990e-02,4.494622e-03,4.160125e-01,3.258092e-02,2.041531e-03,2.862154e-02,1.228042e-02,2.612062e-01,8.021718e-04,1.937623e-02
8.047645e-02,1.081043e-02,1.196717e-02,1.244568e-02,6.377122e-02,3.187374e-02,5.948248e-03,3.042301e-01,4.256474e-02,3.805676e-03,2.975424e-02,1.156252e-02,3.595035e-01,1.142601e-03,3.014373e-02
8.491716e-02,8.601566e-03,1.694257e-02,1.128208e-02,6.261355e-02,3.338374e-02,6.494310e-03,2.189825e-01,3.200760e-02,3.839600e-03,3.933349e-02,1.658899e-02,4.149979e-01,1.495585e-03,4.851940e-02
1.205234e-01,7.364895e-03,2.155924e-02,9.327300e-03,6.349799e-02,1.042543e-01,7.157498e-03,1.559388e-01,2.509140e-02,3.532810e-03,4.284197e-02,4.918087e-02,3.496760e-01,1.637073e-03,3.841650e-02
1.395480e-01,6.067776e-03,2.452834e-02,7.075647e-03,5.111800e-02,8.324448e-02,6.616496e-03,1.110021e-01,2.278886e-02,6.576003e-03,4.244787e-02,4.365101e-02,2.771822e-01,2.610776e-03,1.755425e-01
1.747833e-01,5.303114e-03,1.996929e-02,5.519540e-03,3.859708e-02,6.397192e-02,5.330927e-03,7.869652e-02,2.301239e-02,1.143275e-02,3.721632e-02,3.843317e-02,2.120478e-01,3.420658e-03,2.822652e-01
1.597731e-01,4.358131e-03,1.442027e-02,4.167087e-03,2.741260e-02,4.738879e-02,4.039325e-03,5.540418e-02,2.020723e-02,1.285414e-02,3.468128e-02,3.463913e-02,1.650325e-01,8.025136e-03,4.075971e-01
1.678208e-01,4.524844e-03,1.087576e-02,3.426099e-03,1.971635e-02,3.569471e-02,3.237114e-03,3.923544e-02,2.451753e-02,1.483665e-02,4.321690e-02,3.966032e-02,1.322742e-01,1.178211e-02,4.491811e-01
2.068236e-01,8.793551e-03,1.015283e-02,4.758840e-03,1.442281e-02,2.913206e-02,2.565709e-03,2.811858e-02,3.305081e-02,2.642291e-02,5.279983e-02,7.208861e-02,1.229466e-01,1.607525e-02,3.718480e-01
1.542920e-01,1.258687e-02,8.287776e-03,3.968387e-03,1.044327e-02,2.238978e-02,1.870432e-03,2.041180e-02,3.952434e-02,3.199566e-02,4.701650e-02,7.586269e-02,1.174376e-01,2.883296e-02,4.250799e-01
1.107247e-01,1.772500e-02,8.618873e-03,3.601477e-03,7.832445e-03,1.828850e-02,1.474510e-03,1.755908e-02,4.723512e-02,2.808439e-02,4.506320e-02,8.931568e-02,1.265735e-01,3.202481e-02,4.458787e-01
7.858109e-02,7.553162e-02,1.366513e-02,2.775034e-03,6.320107e-03,1.325548e-02,1.112623e-03,1.263949e-02,7.861952e-02,2.284019e-02,4.650802e-02,7.134167e-02,9.766267e-02,3.629875e-02,4.428486e-01
5.555912e-02,5.870130e-02,1.029925e-02,2.227514e-03,4.923356e-03,1.001667e-02,8.145605e-04,9.275516e-03,2.045048e-01,1.779661e-02,5.428579e-02,5.429095e-02,7.427178e-02,4.135385e-02,4.016790e-01
4.172427e-02,1.106701e-01,7.958539e-03,2.036315e-03,4.148844e-03,9.032284e-03,5.875195e-04,6.846349e-03,2.534680e-01,1.395444e-02,5.255908e-02,4.142330e-02,5.511216e-02,4.776146e-02,3.527174e-01
3.269497e-02,1.285186e-01,5.893675e-03,1.795829e-03,3.895370e-03,7.577488e-03,4.327652e-04,5.093292e-03,3.092695e-01,1.145389e-02,4.362016e-02,3.020504e-02,4.030380e-02,7.641993e-02,3.028258e-01
2.631804e-02,1.383555e-01,4.698803e-03,2.176801e-03,4.417180e-03,1.015003e-02,3.576888e-04,4.116641e-03,3.278552e-01,1.286787e-02,3.718854e-02,2.198014e-02,3.150670e-02,1.261307e-01,2.518802e-01
1.865224e-02,1.031222e-01,3.352464e-03,3.614961e-03,3.640272e-03,7.368557e-03,2.583352e-04,2.982632e-03,5.117866e-01,1.022393e-02,2.628275e-02,1.547377e-02,2.284757e-02,8.986307e-02,1.805306e-01
1.393433e-02,8.949886e-02,2.446616e-03,3.288404e-03,5.750482e-03,5.883417e-03,3.112606e-04,2.397452e-03,6.273572e-01,7.619688e-03,1.875336e-02,1.097904e-02,1.674621e-02,6.491769e-02,1.301160e-01
1.209156e-02,9.315909e-02,1.937483e-03,8.772710e-03,1.009589e-02,5.557431e-03,3.804360e-04,2.301887e-03,6.648570e-01,6.571242e-03,1.369082e-02,7.839275e-03,1.218429e-02,4.651749e-02,1.140434e-01
1.483316e-02,8.436901e-02,1.661841e-03,8.314920e-03,2.509705e-02,6.862460e-03,3.868495e-04,1.915329e-03,6.370461e-01,6.000521e-03,1.058229e-02,5.692000e-03,9.662388e-03,3.498162e-02,1.525944e-01
1.288721e-02,7.865319e-02,1.473796e-03,1.135513e-02,3.442944e-02,6.966594e-03,3.815057e-04,1.871005e-03,5.789688e-01,8.100593e-03,8.001283e-03,4.126763e-03,9.770514e-03,2.515254e-02,2.178617e-01
9.600678e-03,5.841496e-02,1.231072e-03,2.071954e-02,2.726218e-02,5.361705e-03,2.807074e-04,1.752955e-03,6.600636e-01,7.126231e-03,6.309949e-03,2.968968e-03,7.184913e-03,1.773317e-02,1.739893e-01
1.558755e-02,4.620191e-02,1.370311e-03,3.240256e-02,7.591278e-02,7.717886e-03,4.804390e-04,3.888363e-03,6.136308e-01,7.220943e-03,7.724342e-03,2.287650e-03,6.780929e-03,1.284268e-02,1.659509e-01
4.998605e-02,4.226036e-02,2.482272e-03,3.487733e-02,1.353519e-01,2.828013e-02,1.194127e-03,8.714122e-03,5.243313e-01,5.405186e-03,8.301064e-03,2.027344e-03,5.898535e-03,1.033387e-02,1.405564e-01
1.224189e-01,5.767753e-02,3.232041e-03,3.431378e-02,1.291080e-01,3.183173e-02,1.787830e-03,1.392112e-02,4.413299e-01,4.490750e-03,7.772267e-03,3.193869e-03,6.410619e-03,1.033725e-02,1.321744e-01
1.943282e-01,5.672286e-02,3.249361e-03,4.265500e-02,1.035502e-01,3.147629e-02,2.103964e-03,1.510827e-02,3.893037e-01,5.717385e-03,7.429814e-03,6.739436e-03,8.249708e-03,8.679237e-03,1.246865e-01
2.323028e-01,5.857386e-02,3.075215e-03,5.643541e-02,8.820677e-02,3.703901e-02,2.017870e-03,1.743899e-02,3.496613e-01,7.211651e-03,6.818468e-03,7.510102e-03,9.337719e-03,7.641527e-03,1.167293e-01
2.622768e-01,5.582667e-02,2.666384e-03,5.442299e-02,8.393902e-02,7.028494e-02,2.307077e-03,1.788124e-02,3.102143e-01,7.449521e-03,5.858202e-03,6.935949e-03,9.253135e-03,6.055323e-03,1.046284e-01
2.865937e-01,4.653316e-02,2.362473e-03,5.157574e-02,7.739796e-02,1.350672e-01,2.637493e-03,1.935943e-02,2.603515e-01,5.890901e-03,5.905931e-03,7.949041e-03,8.786004e-03,5.034981e-03,8.455448e-02
3.482473e-01,4.055804e-02,2.506790e-03,5.739126e-02,6.417181e-02,1.363340e-01,2.722404e-03,2.229761e-02,2.114183e-01,6.164355e-03,6.706825e-03,9.659598e-03,9.729927e-03,4.753675e-03,7.733817e-02
3.175825e-01,3.467307e-02,2.713620e-03,1.559406e-01,4.894685e-02,1.001754e-01,2.525997e-03,1.983145e-02,2.043670e-01,5.622213e-03,8.944274e-03,1.183102e-02,1.026718e-02,3.909647e-03,7.266915e-02
2.236320e-01,3.749420e-02,8.229587e-03,2.774095e-01,3.536207e-02,7.045451e-02,1.830754e-03,1.404598e-02,1.837904e-01,4.848217e-03,5.463687e-02,2.140504e-02,8.276518e-03,3.239721e-03,5.534469e-02
1.570130e-01,3.151375e-02,6.847362e-03,2.762368e-01,2.533789e-02,4.948951e-02,1.295858e-03,9.907421e-03,2.184384e-01,3.508731e-03,1.378011e-01,3.359502e-02,6.921042e-03,2.699515e-03,3.939463e-02
1.105332e-01,2.239636e-02,5.078136e-03,2.226514e-01,1.923419e-02,3.585637e-02,9.374264e-04,7.041846e-03,1.565360e-01,2.807654e-03,2.376560e-01,1.428756e-01,6.089190e-03,2.542797e-03,2.776394e-02
7.744180e-02,1.576418e-02,3.599015e-03,1.639643e-01,1.769091e-02,2.540796e-02,6.660129e-04,4.962702e-03,1.124429e-01,2.162193e-03,2.869166e-01,2.607999e-01,5.642780e-03,3.074602e-03,1.946424e-02
5.434648e-02,1.109418e-02,2.601895e-03,1.195812e-01,1.604849e-02,1.841174e-02,4.773820e-04,3.497041e-03,7.992493e-02,1.667970e-03,2.816997e-01,3.895688e-01,4.516833e-03,2.900424e-03,1.366300e-02
3.857738e-02,8.051384e-03,1.888582e-03,8.478653e-02,2.168322e-02,1.485659e-02,3.650455e-04,2.614825e-03,5.805504e-02,1.304023e-03,2.476753e-01,5.040423e-01,3.809641e-03,2.688921e-03,9.601249e-03
2.738274e-02,5.991703e-03,1.490770e-03,6.045876e-02,3.316347e-02,1.977767e-02,3.240607e-04,2.389412e-03,4.317965e-02,1.123116e-03,2.538837e-01,5.381135e-01,3.505755e-03,2.467065e-03,6.748574e-03
