1.000000e+00,0.000000e+00,0.000000e+00,0.000000e+00,0.000000e+00,0.000000e+00,0.000000e+00,0.000000e+00,0.000000e+00,0.000000e+00,0.000000e+00,0.000000e+00,0.000000e+00,0.000000e+00,0.000000e+00
1.000000e+00,0.000000e+00,0.000000e+00,0.000000e+00,0.000000e+00,0.000000e+00,0.000000e+00,0.000000e+00,0.000000e+00,0.000000e+00,0.000000e+00,0.000000e+00,0.000000e+00,0.000000e+00,0.000000e+00
1.000000e+00,0.000000e+00,0.000000e+00,0.000000e+00,0.000000e+00,0.000000e+00,0.000000e+00,0.000000e+00,0.000000e+00,0.000000e+00,0.000000e+00,0.000000e+00,0.000000e+00,0.000000e+00,0.000000e+00
1.000000e+00,0.000000e+00,0.000000e+00,0.000000e+00,0.000000e+00,0.000000e+00,0.000000e+00,0.000000e+00,0.000000e+00,0.000000e+00,0.000000e+00,0.000000e+00,0.000000e+00,0.000000e+00,0.000000e+00
1.000000e+00,0.000000e+00,0.000000e+00,0.000000e+00,0.000000e+00,0.000000e+00,0.000000e+00,0.000000e+00,0.000000e+00,0.000000e+00,0.000000e+00,0.000000e+00,0.000000e+00,0.000000e+00,0.000000e+00
1.000000e+00,0.000000e+00,0.000000e+00,0.000000e+00,0.000000e+00,0.000000e+00,0.000000e+00,0.000000e+00,0.000000e+00,0.000000e+00,0.000000e+00,0.000000e+00,0.000000e+00,0.000000e+00,0.000000e+00
1.000000e+00,0.000000e+00,0.000000e+00,0.000000e+00,0.000000e+00,0.000000e+00,0.000000e+00,0.000000e+00,0.000000e+00,0.000000e+00,0.000000e+00,0.000000e+00,0.000000e+00,0.000000e+00,0.000000e+00
1.000000e+00,0.000000e+00,0.000000e+00,0.000000e+00,0.000000e+00,0.000000e+00,0.000000e+00,0.000000e+00,0.000000e+00,0.000000e+00,0.000000e+00,0.000000e+00,0.000000e+00,0.000000e+00,0.000000e+00
1.000000e+00,0.000000e+00,0.000000e+00,0.000000e+00,0.000000e+00,0.000000e+00,0.000000e+00,0.000000e+00,0.000000e+00,0.000000e+00,0.000000e+00,0.000000e+00,0.000000e+00,0.000000e+00,0.000000e+00
1.000000e+00,0.000000e+00,0.000000e+00,0.000000e+00,0.000000e+00,0.000000e+00,0.000000e+00,0.000000e+00,0.000000e+00,0.000000e+00,0.000000e+00,0.000000e+00,0.000000e+00,0.000000e+00,0.000000e+00
1.000000e+00,0.000000e+00,0.000000e+00,0.000000e+00,0.000000e+00,0.000000e+00,0.000000e+00,0.000000e+00,0.000000e+00,0.000000e+00,0.000000e+00,0.000000e+00,0.000000e+00,0.000000e+00,0.000000e+00
1.000000e+00,0.000000e+00,0.000000e+00,0.000000e+00,0.000000e+00,0.000000e+00,0.000000e+00,0.000000e+00,0.000000e+00,0.000000e+00,0.000000e+00,0.000000e+00,0.000000e+00,0.000000e+00,0.000000e+00
1.000000e+00,0.000000e+00,0.000000e+00,0.000000e+00,0.000000e+00,0.000000e+00,0.000000e+00,0.000000e+00,0.000000e+00,0.000000e+00,0.000000e+00,0.000000e+00,0.000000e+00,0.000000e+00,0.000000e+00
1.000000e+00,0.000000e+00,0.000000e+00,0.000000e+00,0.000000e+00,0.000000e+00,0.000000e+00,0.000000e+00,0.000000e+00,0.000000e+00,0.000000e+00,0.000000e+00,0.000000e+00,0.000000e+00,0.000000e+00
1.000000e+00,0.000000e+00,0.000000e+00,0.000000e+00,0.000000e+00,0.000000e+00,0.000000e+00,0.000000e+00,0.000000e+00,0.000000e+00,0.000000e+00,0.000000e+00,0.000000e+00,0.000000e+00,0.000000e+00
1.000000e+00,0.000000e+00,0.000000e+00,0.000000e+00,0.000000e+00,0.000000e+00,0.000000e+00,0.000000e+00,0.000000e+00,0.000000e+00,0.000000e+00,0.000000e+00,0.000000e+00,0.000000e+00,0.000000e+00
1.000000e+00,0.000000e+00,0.000000e+00,0.000000e+00,0.000000e+00,0.000000e+00,0.000000e+00,0.000000e+00,0.000000e+00,0.000000e+00,0.000000e+00,0.000000e+00,0.000000e+00,0.000000e+00,0.000000e+00
1.000000e+00,0.000000e+00,0.000000e+00,0.000000e+00,0.000000e+00,0.000000e+00,0.000000e+00,0.000000e+00,0.000000e+00,0.000000e+00,0.000000e+00,0.000000e+00,0.000000e+00,0.000000e+00,0.000000e+00
1.000000e+00,0.000000e+00,0.000000e+00,0.000000e+00,0.000000e+00,0.000000e+00,0.000000e+00,0.000000e+00,0.000000e+00,0.000000e+00,0.000000e+00,0.000000e+00,0.000000e+00,0.000000e+00,0.000000e+00
1.000000e+00,0.000000e+00,0.000000e+00,0.000000e+00,0.000000e+00,0.000000e+00,0.000000e+00,0.000000e+00,0.000000e+00,0.000000e+00,0.000000e+00,0.000000e+00,0.000000e+00,0.000000e+00,0.000000e+00
1.000000e+00,0.000000e+00,0.000000e+00,0.000000e+00,0.000000e+00,0.000000e+00,0.000000e+00,0.000000e+00,0.000000e+00,0.000000e+00,0.000000e+00,0.000000e+00,0.000000e+00,0.000000e+00,0.000000e+00
1.000000e+00,0.000000e+00,0.000000e+00,0.000000e+00,0.000000e+00,0.000000e+00,0.000000e+00,0.000000e+00,0.000000e+00,0.000000e+00,0.000000e+00,0.000000e+00,0.000000e+00,0.000000e+00,0.000000e+00
1.000000e+00,0.000000e+00,0.000000e+00,0.000000e+00,0.000000e+00,0.000000e+00,0.000000e+00,0.000000e+00,0.000000e+00,0.000000e+00,0.000000e+00,0.000000e+00,0.000000e+00,0.000000e+00,0.000000e+00
1.000000e+00,0.000000e+00,0.000000e+00,0.000000e+00,0.000000e+00,0.000000e+00,0.000000e+00,0.000000e+00,0.000000e+00,0.000000e+00,0.000000e+00,0.000000e+00,0.000000e+00,0.000000e+00,0.000000e+00
1.000000e+00,0.000000e+00,0.000000e+00,0.000000e+00,0.000000e+00,0.000000e+00,0.000000e+00,0.000000e+00,0.000000e+00,0.000000e+00,0.000000e+00,0.000000e+00,0.000000e+00,0.000000e+00,0.000000e+00
1.000000e+00,0.000000e+00,0.000000e+00,0.000000e+00,0.000000e+00,0.000000e+00,0.000000e+00,0.000000e+00,0.000000e+00,0.000000e+00,0.000000e+00,0.000000e+00,0.000000e+00,0.000000e+00,0.000000e+00
1.000000e+00,0.000000e+00,0.000000e+00,0.000000e+00,0.000000e+00,0.000000e+00,0.000000e+00,0.000000e+00,0.000000e+00,0.000000e+00,0.000000e+00,0.000000e+00,0.000000e+00,0.000000e+00,0.000000e+00
1.000000e+00,0.000000e+00,0.000000e+00,0.000000e+00,0.000000e+00,0.000000e+00,0.000000e+00,0.000000e+00,0.000000e+00,0.000000e+00,0.000000e+00,0.000000e+00,0.000000e+00,0.000000e+00,0.000000e+00
1.000000e+00,0.000000e+00,0.000000e+00,0.000000e+00,0.000000e+00,0.000000e+00,0.000000e+00,0.000000e+00,0.000000e+00,0.000000e+00,0.000000e+00,0.000000e+00,0.000000e+00,0.000000e+00,0.000000e+00
1.000000e+00,0.000000e+00,0.000000e+00,0.000000e+00,0.000000e+00,0.000000e+00,0.000000e+00,0.000000e+00,0.000000e+00,0.000000e+00,0.000000e+00,0.000000e+00,0.000000e+00,0.000000e+00,0.000000e+00
1.000000e+00,0.000000e+00,0.000000e+00,0.000000e+00,0.000000e+00,0.000000e+00,0.000000e+00,0.000000e+00,0.000000e+00,0.000000e+00,0.000000e+00,0.000000e+00,0.000000e+00,0.000000e+00,0.000000e+00
1.000000e+00,0.000000e+00,0.000000e+00,0.000000e+00,0.000000e+00,0.000000e+00,0.000000e+00,0.000000e+00,0.000000e+00,0.000000e+00,0.000000e+00,0.000000e+00,0.000000e+00,0.000000e+00,0.000000e+00
1.000000e+00,0.000000e+00,0.000000e+00,0.000000e+00,0.000000e+00,0.000000e+00,0.000000e+00,0.000000e+00,0.000000e+00,0.000000e+00,0.000000e+00,0.000000e+00,0.000000e+00,0.000000e+00,0.000000e+00
1.000000e+00,0.000000e+00,0.000000e+00,0.000000e+00,0.000000e+00,0.000000e+00,0.000000e+00,0.000000e+00,0.000000e+00,0.000000e+00,0.000000e+00,0.000000e+00,0.000000e+00,0.000000e+00,0.000000e+00
1.000000e+00,0.000000e+00,0.000000e+00,0.000000e+00,0.000000e+00,0.000000e+00,0.000000e+00,0.000000e+00,0.000000e+00,0.000000e+00,0.000000e+00,0.000000e+00,0.000000e+00,0.000000e+00,0.000000e+00
1.000000e+00,0.000000e+00,0.000000e+00,0.000000e+00,0.000000e+00,0.000000e+00,0.000000e+00,0.000000e+00,0.000000e+00,0.000000e+00,0.000000e+00,0.000000e+00,0.000000e+00,0.000000e+00,0.000000e+00
1.000000e+00,0.000000e+00,0.000000e+00,0.000000e+00,0.000000e+00,0.000000e+00,0.000000e+00,0.000000e+00,0.000000e+00,0.000000e+00,0.000000e+00,0.000000e+00,0.000000e+00,0.000000e+00,0.000000e+00
1.000000e+00,0.000000e+00,0.000000e+00,0.000000e+00,0.000000e+00,0.000000e+00,0.000000e+00,0.000000e+00,0.000000e+00,0.000000e+00,0.000000e+00,0.000000e+00,0.000000e+00,0.000000e+00,0.000000e+00
1.000000e+00,0.000000e+00,0.000000e+00,0.000000e+00,0.000000e+00,0.000000e+00,0.000000e+00,0.000000e+00,0.000000e+00,0.000000e+00,0.000000e+00,0.000000e+00,0.000000e+00,0.000000e+00,0.000000e+00
1.000000e+00,0.000000e+00,0.000000e+00,0.000000e+00,0.000000e+00,0.000000e+00,0.000000e+00,0.000000e+00,0.000000e+00,0.000000e+00,0.000000e+00,0.000000e+00,0.000000e+00,0.000000e+00,0.000000e+00
1.000000e+00,0.000000e+00,0.000000e+00,0.000000e+00,0.000000e+00,0.000000e+00,0.000000e+00,0.000000e+00,0.000000e+00,0.000000e+00,0.000000e+00,0.000000e+00,0.000000e+00,0.000000e+00,0.000000e+00
1.000000e+00,0.000000e+00,0.000000e+00,0.000000e+00,0.000000e+00,0.000000e+00,0.000000e+00,0.000000e+00,0.000000e+00,0.000000e+00,0.000000e+00,0.000000e+00,0.000000e+00,0.000000e+00,0.000000e+00
1.000000e+00,0.000000e+00,0.000000e+00,0.000000e+00,0.000000e+00,0.000000e+00,0.000000e+00,0.000000e+00,0.000000e+00,0.000000e+00,0.000000e+00,0.000000e+00,0.000000e+00,0.000000e+00,0.000000e+00
1.000000e+00,0.000000e+00,0.000000e+00,0.000000e+00,0.000000e+00,0.000000e+00,0.000000e+00,0.000000e+00,0.000000e+00,0.000000e+00,0.000000e+00,0.000000e+00,0.000000e+00,0.000000e+00,0.000000e+00
1.000000e+00,0.000000e+00,0.000000e+00,0.000000e+00,0.000000e+00,0.000000e+00,0.000000e+00,0.000000e+00,0.000000e+00,0.000000e+00,0.000000e+00,0.000000e+00,0.000000e+00,0.000000e+00,0.000000e+00
1.000000e+00,0.000000e+00,0.000000e+00,0.000000e+00,0.000000e+00,0.000000e+00,0.000000e+00,0.000000e+00,0.000000e+00,0.000000e+00,0.000000e+00,0.000000e+00,0.000000e+00,0.000000e+00,0.000000e+00
1.000000e+00,0.000000e+00,0.000000e+00,0.000000e+00,0.000000e+00,0.000000e+00,0.000000e+00,0.000000e+00,0.000000e+00,0.000000e+00,0.000000e+00,0.000000e+00,0.000000e+00,0.000000e+00,0.000000e+00
1.000000e+00,0.000000e+00,0.000000e+00,0.000000e+00,0.000000e+00,0.000000e+00,0.000000e+00,0.000000e+00,0.000000e+00,0.000000e+00,0.000000e+00,0.000000e+00,0.000000e+00,0.000000e+00,0.000000e+00
1.000000e+00,0.000000e+00,0.000000e+00,0.000000e+00,0.000000e+00,0.000000e+00,0.000000e+00,0.000000e+00,0.000000e+00,0.000000e+00,0.000000e+00,0.000000e+00,0.000000e+00,0.000000e+00,0.000000e+00
1.000000e+00,0.000000e+00,0.000000e+00,0.000000e+00,0.000000e+00,0.000000e+00,0.000000e+00,0.000000e+00,0.000000e+00,0.000000e+00,0.000000e+00,0.000000e+00,0.000000e+00,0.000000e+00,0.000000e+00
1.000000e+00,0.000000e+00,0.000000e+00,0.000000e+00,0.000000e+00,0.000000e+00,0.000000e+00,0.000000e+00,0.000000e+00,0.000000e+00,0.000000e+00,0.000000e+00,0.000000e+00,0.000000e+00,0.000000e+00
1.000000e+00,0.000000e+00,0.000000e+00,0.000000e+00,0.000000e+00,0.000000e+00,0.000000e+00,0.000000e+00,0.000000e+00,0.000000e+00,0.000000e+00,0.000000e+00,0.000000e+00,0.000000e+00,0.000000e+00
1.000000e+00,0.000000e+00,0.000000e+00,0.000000e+00,0.000000e+00,0.000000e+00,0.000000e+00,0.000000e+00,0.000000e+00,0.000000e+00,0.000000e+00,0.000000e+00,0.000000e+00,0.000000e+00,0.000000e+00
1.000000e+00,0.000000e+00,0.000000e+00,0.000000e+00,0.000000e+00,0.000000e+00,0.000000e+00,0.000000e+00,0.000000e+00,0.000000e+00,0.000000e+00,0.000000e+00,0.000000e+00,0.000000e+00,0.000000e+00
1.000000e+00,0.000000e+00,0.000000e+00,0.000000e+00,0.000000e+00,0.000000e+00,0.000000e+00,0.000000e+00,0.000000e+00,0.000000e+00,0.000000e+00,0.000000e+00,0.000000e+00,0.000000e+00,0.000000e+00
1.000000e+00,0.000000e+00,0.000000e+00,0.000000e+00,0.000000e+00,0.000000e+00,0.000000e+00,0.000000e+00,0.000000e+00,0.000000e+00,0.000000e+00,0.000000e+00,0.000000e+00,0.000000e+00,0.000000e+00
1.000000e+00,0.000000e+00,0.000000e+00,0.000000e+00,0.000000e+00,0.000000e+00,0.000000e+00,0.000000e+00,0.000000e+00,0.000000e+00,0.000000e+00,0.000000e+00,0.000000e+00,0.000000e+00,0.000000e+00
1.000000e+00,0.000000e+00,0.000000e+00,0.000000e+00,0.000000e+00,0.000000e+00,0.000000e+00,0.000000e+00,0.000000e+00,0.000000e+00,0.000000e+00,0.000000e+00,0.000000e+00,0.000000e+00,0.000000e+00
1.000000e+00,0.000000e+00,0.000000e+00,0.000000e+00,0.000000e+00,0.000000e+00,0.000000e+00,0.000000e+00,0.000000e+00,0.000000e+00,0.000000e+00,0.000000e+00,0.000000e+00,0.000000e+00,0.000000e+00
1.000000e+00,0.000000e+00,0.000000e+00,0.000000e+00,0.000000e+00,0.000000e+00,0.000000e+00,0.000000e+00,0.000000e+00,0.000000e+00,0.000000e+00,0.000000e+00,0.000000e+00,0.000000e+00,0.000000e+00
1.000000e+00,0.000000e+00,0.000000e+00,0.000000e+00,0.000000e+00,0.000000e+00,0.000000e+00,0.000000e+00,0.000000e+00,0.000000e+00,0.000000e+00,0.000000e+00,0.000000e+00,0.000000e+00,0.000000e+00
3.917065e-01,2.059089e-02,1.116863e-01,5.732964e-02,9.312944e-03,1.893885e-02,1.252422e-02,3.038428e-01,5.294937e-03,1.555149e-03,9.411625e-03,2.213278e-02,1.833938e-02,2.047537e-03,1.528648e-02
2.763621e-01,1.460852e-02,9.226951e-02,4.325939e-02,6.807555e-03,1.383541e-02,1.249278e-02,4.880021e-01,3.742760e-03,1.099086e-03,6.668366e-03,1.562033e-02,1.301313e-02,1.461016e-03,1.075792e-02
2.220476e-01,1.091906e-02,1.069750e-01,3.739846e-02,5.781722e-03,1.793630e-02,2.785039e-02,5.301452e-01,2.810159e-03,8.741543e-04,5.098079e-03,1.193022e-02,1.083801e-02,1.200278e-03,8.195453e-03
1.880603e-01,1.118345e-02,9.493173e-02,2.903084e-02,6.460496e-03,4.870230e-02,8.157673e-02,4.986483e-01,2.393859e-03,1.605219e-03,4.720710e-03,1.155933e-02,1.028111e-02,3.041075e-03,7.804559e-03
2.582606e-01,1.906897e-02,7.210065e-02,2.759146e-02,2.276233e-02,6.608934e-02,7.096215e-02,3.878925e-01,7.042290e-03,4.096640e-03,7.966628e-03,1.198906e-02,1.601609e-02,8.692190e-03,1.946913e-02
3.505805e-01,2.567787e-02,5.316354e-02,3.154102e-02,3.160209e-02,7.235783e-02,5.317413e-02,2.873607e-01,9.199291e-03,4.984617e-03,1.057142e-02,1.299206e-02,2.002338e-02,1.229423e-02,2.447737e-02
3.798149e-01,2.544343e-02,4.106734e-02,3.461497e-02,3.222446e-02,8.429098e-02,3.868226e-02,2.073322e-01,1.549633e-02,6.129706e-03,4.614704e-02,1.678784e-02,2.649943e-02,1.453085e-02,3.093830e-02
3.074770e-01,2.677977e-02,3.434260e-02,3.002616e-02,3.150468e-02,1.144394e-01,2.882337e-02,1.488122e-01,1.650247e-02,6.946424e-03,1.616638e-01,2.038234e-02,2.593717e-02,1.594622e-02,3.041642e-02
2.261721e-01,5.739763e-02,2.549087e-02,3.067940e-02,2.634924e-02,1.377915e-01,2.107896e-02,1.059999e-01,3.576478e-02,6.744383e-03,2.161868e-01,2.050532e-02,3.212570e-02,2.363624e-02,3.407724e-02
1.660225e-01,4.368051e-02,1.833550e-02,2.200569e-02,2.030434e-02,1.590693e-01,1.556589e-02,7.560392e-02,3.433773e-02,5.450250e-03,2.389636e-01,2.077875e-02,2.342441e-02,1.149233e-01,4.153438e-02
1.171837e-01,3.208375e-02,1.293954e-02,1.551466e-02,1.486341e-02,1.294810e-01,1.128532e-02,5.320824e-02,3.076854e-02,4.317751e-03,2.547719e-01,1.939716e-02,1.695628e-02,2.489040e-01,3.832478e-02
8.399193e-02,2.341177e-02,9.101694e-03,1.093314e-02,1.046463e-02,1.010245e-01,8.117875e-03,3.730526e-02,2.714241e-02,5.786299e-03,2.496469e-01,1.996068e-02,1.389034e-02,3.596006e-01,3.962196e-02
6.281258e-02,1.757081e-02,6.411313e-03,7.759390e-03,7.354818e-03,7.793280e-02,5.804977e-03,2.615219e-02,2.317130e-02,5.131880e-03,2.428955e-01,1.934168e-02,1.062135e-02,4.492745e-01,3.776497e-02
4.644553e-02,2.109955e-02,4.589326e-03,5.542920e-03,5.168378e-03,5.591318e-02,4.118675e-03,1.834076e-02,3.491794e-02,4.070134e-03,2.438646e-01,1.928019e-02,7.492583e-03,4.945080e-01,3.464827e-02
3.261411e-02,1.737028e-02,3.238328e-03,3.882277e-03,3.621382e-03,3.951477e-02,2.894708e-03,1.284625e-02,2.921351e-02,2.933014e-03,1.871102e-01,1.452524e-02,5.254161e-03,6.193342e-01,2.564752e-02
2.290847e-02,2.309904e-02,2.295801e-03,2.719535e-03,2.543617e-03,2.800124e-02,2.035721e-03,9.001932e-03,2.796220e-02,2.229268e-03,1.621999e-01,1.110730e-02,3.692959e-03,6.794380e-01,2.076494e-02
1.604944e-02,6.949582e-02,1.723403e-03,1.906366e-03,1.822316e-03,1.994887e-02,1.429889e-03,6.307952e-03,3.133794e-02,1.816635e-03,1.447030e-01,8.363321e-03,2.603050e-03,6.759707e-01,1.652130e-02
1.126074e-02,9.270287e-02,1.356251e-03,1.341494e-03,1.383294e-03,1.428978e-02,1.011318e-03,4.432867e-03,5.187318e-02,1.653423e-03,1.291614e-01,6.170802e-03,1.834343e-03,6.689603e-01,1.256791e-02
8.082060e-03,1.942471e-01,1.446593e-03,1.056604e-03,1.860050e-03,1.169643e-02,7.736696e-04,4.533266e-03,1.106584e-01,2.015656e-03,1.000643e-01,4.393523e-03,1.336121e-03,5.443785e-01,1.345787e-02
6.098656e-03,2.749013e-01,1.067908e-02,2.930180e-03,3.477161e-03,1.984384e-02,6.750889e-04,8.098739e-03,1.331625e-01,2.366701e-03,7.357910e-02,3.423566e-03,1.871281e-03,4.151350e-01,4.375801e-02
7.103155e-03,2.614450e-01,2.396306e-02,4.642655e-03,4.303883e-03,2.608414e-02,5.473886e-04,8.149993e-03,1.238911e-01,5.972675e-03,6.084976e-02,3.114950e-03,2.686223e-03,3.629822e-01,1.042638e-01
6.566589e-03,1.915237e-01,2.171799e-02,3.399818e-03,3.121269e-03,1.979600e-02,3.907515e-04,5.937462e-03,9.798342e-02,1.237885e-02,4.513674e-02,2.378430e-03,2.829287e-03,2.679069e-01,3.189327e-01
8.459655e-03,1.452819e-01,3.518486e-02,2.525099e-03,2.339617e-03,1.773402e-02,2.849844e-04,4.349166e-03,7.500656e-02,1.057166e-02,3.736681e-02,1.947825e-03,3.074766e-03,2.139796e-01,4.418935e-01
8.011693e-03,1.087988e-01,4.097029e-02,2.701656e-03,1.931052e-03,1.410569e-02,2.135584e-04,3.831801e-03,6.953739e-02,1.110695e-02,3.223667e-02,2.435065e-03,5.133811e-03,1.820566e-01,5.169289e-01
9.302661e-03,8.614963e-02,3.639614e-02,2.865608e-03,1.425895e-03,1.100805e-02,1.832246e-04,3.358090e-03,7.370493e-02,1.249532e-02,2.893773e-02,3.069481e-03,5.090171e-03,2.091060e-01,5.169071e-01
8.550979e-03,6.495641e-02,4.068850e-02,1.168061e-02,1.252845e-03,8.214781e-03,1.668922e-04,2.788589e-03,9.753269e-02,2.325090e-02,2.215714e-02,2.680869e-03,4.201545e-03,1.681112e-01,5.437661e-01
6.503267e-03,4.937140e-02,3.064323e-02,1.046862e-02,1.023350e-03,5.869151e-03,1.313930e-04,2.014023e-03,2.185553e-01,2.420727e-02,1.689465e-02,2.395281e-03,3.523111e-03,1.228181e-01,5.055819e-01
7.543105e-03,3.659327e-02,2.682068e-02,8.282741e-03,9.597311e-04,4.324066e-03,1.184578e-04,1.618607e-03,2.374343e-01,2.475491e-02,1.304441e-02,1.844606e-03,2.692564e-03,1.359651e-01,4.980035e-01
5.942330e-03,3.028530e-02,2.631250e-02,1.578435e-02,7.962707e-04,3.167653e-03,9.826390e-05,1.156733e-03,3.890602e-01,2.110375e-02,1.088660e-02,2.170321e-03,2.847640e-03,9.825698e-02,3.921311e-01
5.916805e-03,2.336246e-02,2.194612e-02,1.249176e-02,6.842926e-04,2.521046e-03,1.090358e-04,8.588898e-04,3.926773e-01,4.891389e-02,1.418998e-02,2.794815e-03,6.162485e-03,8.776852e-02,3.796026e-01
6.287260e-03,1.960677e-02,2.048365e-02,1.512083e-02,6.816180e-04,1.982814e-03,1.164114e-04,7.010909e-04,4.773369e-01,4.861829e-02,1.452515e-02,4.487796e-03,8.893464e-03,6.747809e-02,3.136800e-01
4.603213e-03,1.445310e-02,1.501368e-02,1.098637e-02,5.082696e-04,1.449646e-03,9.051373e-05,5.078599e-04,5.788955e-01,3.537813e-02,1.840521e-02,6.777850e-03,3.424665e-02,4.937732e-02,2.293067e-01
3.507466e-03,1.093437e-02,1.122167e-02,9.036640e-03,5.648106e-04,1.109724e-03,1.180321e-04,4.137070e-04,5.307430e-01,2.552463e-02,3.845023e-02,1.066018e-02,1.228487e-01,3.554181e-02,1.993251e-01
3.310190e-03,8.152811e-03,8.905230e-03,7.864897e-03,7.724908e-04,1.480192e-03,2.188146e-04,7.349799e-04,3.800383e-01,1.823477e-02,3.719297e-02,1.980903e-02,2.504504e-01,2.635587e-02,2.364791e-01
2.790339e-03,6.098162e-03,7.142874e-03,6.806166e-03,1.049330e-03,1.600072e-03,3.138143e-04,9.169019e-04,2.718415e-01,1.321404e-02,3.830054e-02,2.575711e-02,3.541149e-01,1.963191e-02,2.504224e-01
1.038743e-02,4.798579e-03,6.767324e-03,8.807095e-03,7.272968e-03,3.310251e-03,1.649523e-03,7.805072e-03,1.999146e-01,1.053870e-02,3.689908e-02,4.232211e-02,4.371861e-01,1.593579e-02,2.064054e-01
9.036545e-03,5.075442e-03,7.013407e-03,8.924740e-03,3.628908e-02,4.974114e-03,3.261951e-03,8.030891e-03,2.012171e-01,7.841933e-03,3.245839e-02,4.373674e-02,4.411984e-01,1.172143e-02,1.792198e-01
1.148280e-02,4.452981e-03,8.681903e-03,1.030580e-02,8.641273e-02,7.556009e-03,8.244172e-03,1.465725e-02,1.747197e-01,5.801251e-03,2.795203e-02,4.367466e-02,4.248323e-01,8.779547e-03,1.624469e-01
1.615291e-02,5.927620e-03,1.098076e-02,8.708835e-03,8.618052e-02,8.042184e-03,8.839611e-03,1.957478e-02,1.573666e-01,5.361677e-03,2.813442e-02,5.111541e-02,4.376232e-01,7.105982e-03,1.488855e-01
1.716698e-02,8.365490e-03,9.759314e-03,6.973241e-03,9.364356e-02,1.512451e-02,8.492190e-03,2.330371e-02,1.646473e-01,4.884041e-03,2.297670e-02,4.838539e-02,4.540602e-01,6.198312e-03,1.160191e-01
1.733242e-02,9.814736e-03,8.258861e-03,5.132739e-03,8.565643e-02,2.213636e-02,8.022780e-03,1.961965e-02,1.612146e-01,4.755586e-03,1.937979e-02,5.309157e-02,4.925424e-01,6.522778e-03,8.651932e-02
1.672313e-02,1.139587e-02,6.837924e-03,3.966892e-03,6.373754e-02,3.053922e-02,6.340262e-03,2.057471e-02,1.461916e-01,3.722124e-03,1.488835e-02,4.754895e-02,5.594584e-01,5.823273e-03,6.225170e-02
2.818685e-02,1.701740e-02,1.120452e-02,5.124827e-03,7.170791e-02,3.630079e-02,5.994831e-03,4.354793e-02,1.532772e-01,3.285115e-03,1.161717e-02,3.639948e-02,5.252318e-01,5.953255e-03,4.515091e-02
4.117267e-02,2.537658e-02,1.178463e-02,4.511212e-03,6.876602e-02,4.401201e-02,6.879761e-03,3.415754e-02,1.544225e-01,2.751321e-03,8.971821e-03,3.665293e-02,5.231975e-01,4.524468e-03,3.281895e-02
6.482699e-02,3.550978e-02,1.911365e-02,9.406595e-02,5.539367e-02,3.433799e-02,5.451705e-03,2.725319e-02,2.112272e-01,4.528757e-03,1.096803e-02,2.940210e-02,3.782622e-01,3.529395e-03,2.612938e-02
1.386929e-01,3.750161e-02,1.896870e-02,7.867778e-02,5.430301e-02,3.313027e-02,5.739641e-03,2.571952e-02,2.174266e-01,4.783544e-03,2.859891e-02,3.390325e-02,2.903506e-01,4.039174e-03,2.816454e-02
2.403738e-01,3.461515e-02,1.927240e-02,6.795797e-02,4.860145e-02,2.867439e-02,6.885235e-03,5.125163e-02,1.959140e-01,4.890510e-03,2.624124e-02,3.597609e-02,2.126371e-01,3.820616e-03,2.288838e-02
2.879428e-01,3.416338e-02,2.863380e-02,5.995550e-02,4.788923e-02,2.899974e-02,6.238520e-03,7.767437e-02,1.996767e-01,4.066280e-03,2.030072e-02,2.900883e-02,1.533121e-01,4.127880e-03,1.801014e-02
3.152891e-01,4.360611e-02,2.295402e-02,4.617219e-02,6.364586e-02,5.360916e-02,6.577303e-03,6.443594e-02,2.059805e-01,3.805157e-03,1.596330e-02,2.506227e-02,1.101762e-01,3.758983e-03,1.896394e-02
3.809552e-01,3.481654e-02,3.712304e-02,6.898393e-02,5.750924e-02,4.439262e-02,5.661602e-03,5.779631e-02,1.658949e-01,3.522408e-03,1.462073e-02,2.547116e-02,8.122426e-02,3.774307e-03,1.825371e-02
4.184225e-01,3.804728e-02,4.736890e-02,5.946219e-02,4.742076e-02,5.793472e-02,4.973344e-03,4.719425e-02,1.479913e-01,3.250164e-03,1.271416e-02,2.548772e-02,6.016073e-02,3.616567e-03,2.595543e-02
3.966532e-01,3.765362e-02,4.642094e-02,1.097270e-01,4.720153e-02,4.618451e-02,5.020691e-03,6.564356e-02,1.269242e-01,2.822377e-03,1.200777e-02,2.918945e-02,4.728160e-02,3.094482e-03,2.417502e-02
4.311128e-01,3.358857e-02,3.562541e-02,9.126947e-02,5.405634e-02,4.472687e-02,4.543812e-03,5.920687e-02,1.439895e-01,2.201107e-03,1.176417e-02,2.849626e-02,3.607099e-02,2.732918e-03,2.061497e-02
3.364360e-01,2.431698e-02,2.567048e-02,7.179922e-02,5.634932e-02,3.275584e-02,3.880910e-03,2.655010e-01,1.087309e-01,1.561078e-03,8.941352e-03,2.117041e-02,2.603881e-02,2.049510e-03,1.479822e-02
2.905990e-01,1.766353e-02,1.899602e-02,5.219877e-02,9.701625e-02,2.541333e-02,5.383580e-03,3.602597e-01,7.818998e-02,1.153763e-03,6.580518e-03,1.484796e-02,1.972620e-02,1.444936e-03,1.052654e-02
2.633047e-01,1.258385e-02,1.367870e-02,3.742575e-02,1.066789e-01,2.152743e-02,4.846148e-03,4.427886e-01,5.562294e-02,9.357553e-04,6.045566e-03,1.084250e-02,1.511446e-02,1.056563e-03,7.548110e-03
2.041459e-01,8.935852e-03,9.839982e-03,2.799779e-02,1.170759e-01,1.853731e-02,1.654322e-02,3.336443e-01,4.003436e-02,4.156680e-03,9.397984e-02,2.386191e-02,8.664030e-02,8.961812e-04,1.371045e-02
1.525515e-01,6.649028e-03,7.414043e-03,2.409015e-02,1.598040e-01,1.532187e-02,3.020466e-02,2.504697e-01,3.091934e-02,4.219409e-03,8.812129e-02,1.356089e-01,8.190090e-02,2.748447e-03,9.976813e-03
1.109872e-01,4.750848e-03,5.510284e-03,1.897454e-02,1.622530e-01,1.297239e-02,5.651608e-02,1.784836e-01,2.319895e-02,5.641467e-03,1.015759e-01,2.301065e-01,7.617016e-02,3.193026e-03,9.666053e-03
7.890657e-02,3.425240e-03,3.915064e-03,1.350319e-02,1.149001e-01,9.861418e-03,5.069068e-02,1.254062e-01,1.691500e-02,4.194454e-03,8.431296e-02,4.259940e-01,5.731022e-02,3.764140e-03,6.900724e-03
6.034777e-02,5.182306e-03,2.909611e-03,9.619805e-03,8.780270e-02,8.357999e-03,3.994941e-02,8.822450e-02,1.562216e-02,3.649309e-03,9.677173e-02,5.289683e-01,4.369484e-02,3.965028e-03,4.934448e-03
4.888485e-02,5.122797e-03,2.350080e-03,7.120216e-03,6.509770e-02,7.355667e-03,2.932958e-02,6.293625e-02,1.605040e-02,4.419204e-03,1.130946e-01,5.980128e-01,3.213138e-02,4.510624e-03,3.583763e-03
4.486922e-02,4.917198e-03,2.027178e-03,5.348725e-03,4.995839e-02,5.874569e-03,2.080671e-02,4.446249e-02,1.516466e-02,4.917663e-03,1.492357e-01,6.211849e-01,2.367267e-02,4.961086e-03,2.598818e-03
4.000689e-02,6.995316e-03,4.937860e-03,4.511181e-03,3.761465e-02,6.813893e-03,1.475242e-02,3.352198e-02,1.364774e-02,6.193362e-03,1.902505e-01,6.155342e-01,1.794630e-02,5.288731e-03,1.984954e-03
3.152671e-02,1.021245e-02,4.317809e-03,3.315099e-03,2.728906e-02,5.375522e-03,1.036585e-02,2.380571e-02,1.069912e-02,4.810770e-03,2.435891e-01,6.057147e-01,1.297216e-02,4.582799e-03,1.423107e-03
3.899380e-02,1.750442e-02,7.982383e-03,3.428184e-03,2.249404e-02,4.386656e-03,7.341777e-03,2.033035e-02,9.920402e-03,3.915724e-03,2.717864e-01,5.770294e-01,9.562622e-03,4.223423e-03,1.100446e-03
4.319843e-02,2.545581e-02,1.035618e-02,3.999636e-03,1.820767e-02,3.349094e-03,5.242470e-03,1.664705e-02,1.486033e-02,3.390418e-03,2.865352e-01,5.554690e-01,7.198691e-03,5.229557e-03,8.605064e-04
4.435245e-02,1.297323e-01,2.157888e-02,5.135755e-03,2.533008e-02,3.255468e-03,3.906467e-03,1.490802e-02,1.456223e-02,2.925465e-03,2.533358e-01,4.689649e-01,5.993937e-03,5.255341e-03,7.629517e-04
4.051087e-02,1.430129e-01,2.611372e-02,1.037071e-02,3.459753e-02,3.628687e-03,3.824817e-03,1.597855e-02,4.756971e-02,3.004341e-03,2.599482e-01,4.003149e-01,4.903830e-03,5.334950e-03,8.862446e-04
3.221603e-02,1.152155e-01,4.066146e-02,2.054510e-02,5.771768e-02,4.563004e-03,3.511399e-03,3.752189e-02,6.592255e-02,3.689385e-03,2.485345e-01,3.594167e-01,4.547148e-03,4.417607e-03,1.519989e-03
2.901363e-02,8.832218e-02,4.805780e-02,3.372763e-02,7.186967e-02,5.204579e-03,2.811157e-03,7.463377e-02,9.189677e-02,4.450307e-03,2.560219e-01,2.833716e-01,3.912542e-03,4.219105e-03,2.487419e-03
4.273082e-02,7.008310e-02,4.146119e-02,3.405792e-02,1.069313e-01,6.464972e-03,2.772958e-03,9.226631e-02,1.203089e-01,4.665186e-03,2.383701e-01,2.247834e-01,3.845006e-03,5.396448e-03,5.862365e-03
6.246144e-02,5.519554e-02,5.330417e-02,3.777088e-02,1.439133e-01,8.537027e-03,3.044534e-03,1.368746e-01,1.112729e-01,4.439085e-03,1.891756e-01,1.791059e-01,3.621950e-03,4.889724e-03,6.393439e-03
6.124395e-02,4.114755e-02,2.072638e-01,7.776647e-02,1.118830e-01,6.539633e-03,2.262401e-03,1.256837e-01,8.944887e-02,4.627138e-03,1.338930e-01,1.260585e-01,2.834296e-03,3.652539e-03,5.695196e-03
7.196419e-02,3.197372e-02,2.815755e-01,1.201382e-01,8.706386e-02,5.961651e-03,1.875242e-03,1.145674e-01,7.649539e-02,5.915547e-03,1.007064e-01,9.083591e-02,2.426166e-03,3.799493e-03,4.701396e-03
1.440558e-01,3.580464e-02,2.295681e-01,1.255439e-01,8.176322e-02,8.570854e-03,1.566859e-03,9.666952e-02,9.507515e-02,8.218033e-03,9.043372e-02,6.744584e-02,2.401850e-03,6.037846e-03,6.844781e-03
1.368371e-01,5.277522e-02,1.668146e-01,1.002367e-01,8.836237e-02,2.916290e-02,1.300356e-03,7.821828e-02,1.981650e-01,8.131273e-03,6.946396e-02,4.926227e-02,2.779667e-03,5.819275e-03,1.267105e-02
1.399297e-01,7.230653e-02,1.253664e-01,8.237083e-02,1.042853e-01,4.206811e-02,1.118003e-03,7.518397e-02,2.417744e-01,6.407650e-03,5.149451e-02,3.576829e-02,2.496879e-03,5.332708e-03,1.409672e-02
1.096939e-01,6.478660e-02,9.826383e-02,8.526855e-02,1.049759e-01,3.315787e-02,8.945430e-04,1.439387e-01,2.702314e-01,5.470498e-03,3.654284e-02,2.536597e-02,2.380222e-03,3.961842e-03,1.506743e-02
8.407317e-02,4.704793e-02,7.083473e-02,7.195847e-02,8.587595e-02,2.428665e-02,6.504263e-04,3.308055e-01,2.218573e-01,3.883863e-03,2.570662e-02,1.780614e-02,1.711580e-03,2.832353e-03,1.066932e-02
6.429871e-02,3.483666e-02,5.050094e-02,5.245746e-02,1.003101e-01,1.867748e-02,4.997535e-04,4.348453e-01,1.995330e-01,2.733738e-03,1.805567e-02,1.249717e-02,1.213572e-03,2.034644e-03,7.505919e-03
4.784948e-02,2.500868e-02,3.574202e-02,3.731399e-02,7.693876e-02,1.329818e-02,4.123234e-04,5.889868e-01,1.434733e-01,1.923508e-03,1.266315e-02,8.798094e-03,8.674016e-04,1.441320e-03,5.283026e-03
3.661996e-02,1.845133e-02,2.530409e-02,2.648708e-02,5.935876e-02,9.456343e-03,3.219186e-04,6.976184e-01,1.044925e-01,1.355326e-03,8.892975e-03,6.239996e-03,6.391089e-04,1.032883e-03,3.729379e-03
3.627966e-02,1.684731e-02,2.079512e-02,2.661994e-02,5.654687e-02,7.757117e-03,4.320651e-04,6.909326e-01,8.113074e-02,1.110956e-03,9.332598e-03,1.319551e-02,3.266119e-02,9.432643e-04,5.415153e-03
6.538303e-02,1.324714e-02,1.528138e-02,2.985452e-02,4.954163e-02,8.591039e-03,5.311425e-04,5.637504e-01,7.211428e-02,8.603031e-04,9.945687e-03,3.334207e-02,1.316394e-01,8.509305e-04,5.067006e-03
9.751866e-02,1.139070e-02,1.189858e-02,2.679232e-02,5.785749e-02,1.547261e-02,7.928074e-04,4.791186e-01,7.213563e-02,8.586661e-04,1.214062e-02,5.233573e-02,1.556442e-01,8.797614e-04,5.163676e-03
9.805006e-02,9.331153e-03,8.669247e-03,2.182644e-02,4.168720e-02,1.534952e-02,7.637127e-04,3.445617e-01,6.269830e-02,1.090760e-03,1.857441e-02,2.055166e-01,1.661149e-01,9.579301e-04,4.808079e-03
1.034030e-01,7.896109e-03,6.452696e-03,1.691542e-02,2.988426e-02,1.573336e-02,7.743061e-04,2.477296e-01,5.861413e-02,1.528670e-03,2.059898e-02,3.056234e-01,1.796468e-01,1.071312e-03,4.127994e-03
8.104941e-02,6.269109e-03,4.806008e-03,1.253937e-02,2.179300e-02,1.513849e-02,7.245968e-04,1.737336e-01,4.930880e-02,3.259410e-03,5.940993e-02,4.198640e-01,1.466164e-01,1.990351e-03,3.497575e-03
8.591375e-02,5.464438e-03,1.644347e-02,9.680429e-03,1.694410e-02,2.291422e-02,1.249001e-03,1.235634e-01,3.956638e-02,6.446998e-03,6.277755e-02,4.953796e-01,1.082067e-01,2.189099e-03,3.260981e-03
1.034754e-01,4.725744e-03,1.359459e-02,7.518531e-03,1.328156e-02,2.373192e-02,1.428561e-03,8.724933e-02,3.206123e-02,8.650709e-03,5.494716e-02,5.653959e-01,7.823652e-02,2.481935e-03,3.220908e-03
8.363086e-02,6.560244e-03,1.079262e-02,5.415828e-03,1.128820e-02,1.953348e-02,1.366581e-03,6.137862e-02,2.669224e-02,1.957175e-02,5.604544e-02,6.349069e-01,5.728756e-02,2.644876e-03,2.884797e-03
7.261278e-02,1.050865e-02,8.977713e-03,3.891997e-03,1.212591e-02,1.558978e-02,1.317228e-03,4.327118e-02,2.258652e-02,2.837150e-02,9.232138e-02,6.407161e-01,4.182435e-02,3.076929e-03,2.807935e-03
6.833176e-02,8.815808e-03,9.672054e-03,2.979687e-03,1.128402e-02,1.254538e-02,1.289747e-03,3.122878e-02,1.891528e-02,2.256054e-02,1.812609e-01,5.948950e-01,3.036361e-02,3.354489e-03,2.502931e-03
6.283040e-02,7.027981e-03,7.867845e-03,2.599522e-03,1.082381e-02,1.035592e-02,1.029314e-03,2.249015e-02,1.920171e-02,2.074962e-02,1.411206e-01,6.670710e-01,2.176125e-02,2.853864e-03,2.216968e-03
7.636721e-02,7.423240e-03,6.839369e-03,2.449112e-03,1.219530e-02,7.963698e-03,1.026401e-03,1.673094e-02,2.700482e-02,1.938965e-02,1.099397e-01,6.918271e-01,1.622796e-02,2.739424e-03,1.876029e-03
8.477711e-02,8.474970e-03,7.069410e-03,2.769994e-03,1.434333e-02,6.721787e-03,1.125787e-03,1.508081e-02,3.856912e-02,2.335235e-02,9.230925e-02,6.873517e-01,1.359448e-02,2.710220e-03,1.749631e-03
1.443149e-01,1.241634e-02,1.227484e-02,5.616449e-03,1.807695e-02,7.386469e-03,1.711271e-03,2.279992e-02,4.618043e-02,2.579070e-02,7.318229e-02,6.122226e-01,1.339557e-02,2.695249e-03,1.936014e-03
2.391588e-01,1.194644e-02,1.347342e-02,1.193428e-02,2.127588e-02,1.187012e-02,2.501252e-03,2.619409e-02,4.974447e-02,3.336750e-02,6.177372e-02,4.986740e-01,1.250483e-02,2.743949e-03,2.837206e-03
2.736067e-01,1.262764e-02,1.572677e-02,1.573954e-02,2.783194e-02,1.497161e-02,3.208252e-03,3.510790e-02,5.602366e-02,2.992951e-02,5.373528e-02,4.420784e-01,1.201070e-02,3.025738e-03,4.376364e-03
2.797149e-01,1.575810e-02,1.450747e-02,1.627973e-02,4.198995e-02,1.965466e-02,4.542353e-03,3.289854e-02,9.251505e-02,2.794735e-02,4.722468e-02,3.857324e-01,1.197387e-02,3.459996e-03,5.800903e-03
2.501479e-01,1.540029e-02,6.057236e-02,2.202321e-02,5.109517e-02,2.016005e-02,6.271617e-03,7.625969e-02,1.073263e-01,3.016244e-02,4.022751e-02,3.010556e-01,1.090960e-02,3.662973e-03,4.725242e-03
2.751622e-01,1.765432e-02,4.936923e-02,2.273300e-02,7.111602e-02,2.789003e-02,6.709672e-03,6.307173e-02,1.320394e-01,2.502727e-02,4.412520e-02,2.424116e-01,9.657299e-03,5.726796e-03,7.306185e-03
3.296368e-01,1.908374e-02,3.995952e-02,2.781473e-02,8.203900e-02,3.538292e-02,5.847679e-03,4.961560e-02,1.114875e-01,2.534079e-02,5.472803e-02,1.891769e-01,8.818639e-03,9.677603e-03,1.139049e-02
3.563572e-01,1.757233e-02,3.457461e-02,3.489344e-02,1.031089e-01,4.429803e-02,4.863890e-03,3.799652e-02,9.178606e-02,3.008097e-02,5.750908e-02,1.517026e-01,9.750304e-03,1.297804e-02,1.252808e-02
3.513545e-01,1.668861e-02,2.912991e-02,3.509265e-02,1.309387e-01,5.477998e-02,3.851565e-03,2.877506e-02,8.048069e-02,4.855065e-02,6.343857e-02,1.183664e-01,9.706520e-03,1.605207e-02,1.279410e-02
3.343470e-01,1.602073e-02,2.598998e-02,3.037545e-02,1.119155e-01,5.231364e-02,2.864703e-03,2.111500e-02,9.042269e-02,6.447419e-02,1.045867e-01,9.090234e-02,9.370267e-03,3.353125e-02,1.177059e-02
2.923231e-01,1.842385e-02,2.099182e-02,3.204898e-02,1.015902e-01,9.171099e-02,2.436756e-03,2.383778e-02,7.962778e-02,6.389779e-02,1.288863e-01,9.680199e-02,9.996343e-03,2.771329e-02,9.713128e-03
2.392535e-01,1.698073e-02,1.648391e-02,2.323038e-02,7.304849e-02,1.316697e-01,1.739426e-03,1.717242e-02,5.718973e-02,6.194863e-02,2.335287e-01,7.466833e-02,7.525885e-03,3.133492e-02,1.422530e-02
1.709977e-01,1.244501e-02,1.228420e-02,1.645420e-02,5.132564e-02,3.542102e-01,1.245349e-03,1.220053e-02,4.070283e-02,6.995090e-02,1.653920e-01,5.240839e-02,5.367163e-03,2.384061e-02,1.117527e-02
1.216818e-01,8.951192e-03,8.837361e-03,1.177412e-02,3.604039e-02,5.254800e-01,9.034699e-04,8.849442e-03,2.931406e-02,6.159488e-02,1.183812e-01,3.671654e-02,3.785403e-03,1.780551e-02,9.884547e-03
8.755632e-02,6.494359e-03,6.423385e-03,8.749079e-03,2.550164e-02,6.469935e-01,7.107573e-04,6.370327e-03,2.260039e-02,4.990679e-02,8.630717e-02,2.572296e-02,2.672530e-03,1.398281e-02,1.000801e-02
6.562886e-02,4.943158e-03,4.795134e-03,6.535898e-03,1.813624e-02,7.029867e-01,6.301911e-04,4.618008e-03,2.116278e-02,4.380254e-02,7.518164e-02,1.809532e-02,2.075002e-03,1.789089e-02,1.351760e-02
4.947961e-02,4.344399e-03,3.793578e-03,4.788703e-03,1.318371e-02,6.782770e-01,6.172062e-04,3.314766e-03,2.655284e-02,4.092177e-02,1.071704e-01,1.279607e-02,1.734151e-03,3.837807e-02,1.464769e-02
4.053068e-02,4.723946e-03,7.275252e-03,5.200422e-03,1.031647e-02,6.713042e-01,7.429258e-04,2.611175e-03,6.802265e-02,4.044464e-02,8.166710e-02,9.149949e-03,1.519271e-03,3.937444e-02,1.711692e-02
3.398786e-02,5.054260e-03,7.666723e-03,4.601728e-03,7.989120e-03,5.961487e-01,7.234148e-04,2.119380e-03,1.155541e-01,7.782024e-02,6.804734e-02,6.617609e-03,1.808456e-03,4.469849e-02,2.716256e-02
2.546435e-02,1.299614e-02,8.892635e-03,4.199593e-03,6.444240e-03,4.508394e-01,6.006730e-04,1.788576e-03,2.562819e-01,9.721442e-02,5.091929e-02,4.778228e-03,2.320564e-03,3.555080e-02,4.170920e-02
1.957588e-02,1.134673e-02,7.757337e-03,3.035694e-03,4.782450e-03,3.313283e-01,5.768340e-04,1.313598e-03,2.221563e-01,2.707079e-01,3.716550e-02,3.388293e-03,2.790833e-03,2.788818e-02,5.618623e-02
2.185932e-02,1.418755e-02,1.139982e-01,5.359303e-03,4.077531e-03,2.392788e-01,1.493006e-03,7.062694e-03,1.733471e-01,2.459277e-01,3.692480e-02,2.604335e-03,4.517273e-03,2.862234e-02,1.007401e-01
6.511162e-02,2.068966e-02,1.494671e-01,8.381344e-03,1.276647e-02,1.833572e-01,2.429330e-03,6.031284e-03,1.247608e-01,1.964697e-01,2.999006e-02,2.130615e-03,5.517300e-03,3.142408e-02,1.614736e-01
8.471875e-02,5.043554e-02,1.405864e-01,7.883984e-03,1.059370e-02,1.366874e-01,2.265388e-03,5.154651e-03,1.288131e-01,1.578247e-01,3.018876e-02,2.219856e-03,7.402505e-03,3.692108e-02,1.983041e-01
1.495872e-01,3.917314e-02,1.001378e-01,6.051919e-03,8.588823e-03,9.904291e-02,1.820299e-03,4.003604e-03,1.196477e-01,1.489266e-01,3.954278e-02,9.815515e-03,1.328510e-02,7.083637e-02,1.895402e-01
2.347222e-01,3.290543e-02,7.324381e-02,7.220010e-03,1.188566e-02,7.397873e-02,1.949329e-03,5.349570e-03,9.948749e-02,1.257984e-01,5.611082e-02,1.064190e-02,2.021876e-02,9.141258e-02,1.550753e-01
2.672186e-01,2.701441e-02,5.321246e-02,1.023682e-02,1.786110e-02,5.586768e-02,2.277106e-03,5.066431e-03,8.440096e-02,1.252694e-01,9.137007e-02,1.019380e-02,2.296662e-02,7.714606e-02,1.498985e-01
2.580355e-01,2.784181e-02,4.026442e-02,1.093586e-02,1.573292e-02,4.368047e-02,2.941431e-03,4.297834e-03,1.400936e-01,9.763978e-02,7.792953e-02,9.411423e-03,2.176331e-02,8.137020e-02,1.680619e-01
2.466619e-01,2.433513e-02,2.994802e-02,1.476095e-02,1.314773e-02,3.543689e-02,3.185356e-03,3.542211e-03,1.686769e-01,9.900945e-02,6.687064e-02,1.011692e-02,2.722077e-02,6.429482e-02,1.927923e-01
3.126702e-01,2.202876e-02,2.876723e-02,1.828353e-02,1.467540e-02,2.905733e-02,3.900133e-03,4.145844e-03,1.512370e-01,9.145734e-02,7.114783e-02,1.567193e-02,3.294917e-02,5.104209e-02,1.529662e-01
3.652360e-01,2.090456e-02,2.881775e-02,2.085067e-02,1.502048e-02,2.280656e-02,3.516458e-03,4.906798e-03,1.396474e-01,8.920944e-02,7.182081e-02,1.577700e-02,3.179183e-02,4.284208e-02,1.268521e-01
3.984784e-01,2.191475e-02,5.547289e-02,2.009664e-02,2.222908e-02,5.125266e-02,4.310343e-03,7.061073e-03,1.117109e-01,7.056527e-02,6.444450e-02,1.292184e-02,2.752904e-02,3.743755e-02,9.457505e-02
3.386850e-01,2.305610e-02,4.197630e-02,1.912294e-02,2.220799e-02,3.938959e-02,3.401816e-03,6.566430e-03,2.503025e-01,5.648099e-02,5.440621e-02,9.815825e-03,2.299186e-02,3.107388e-02,8.052251e-02
2.469610e-01,1.766573e-02,3.336584e-02,2.418436e-02,1.848245e-02,2.985111e-02,2.728942e-03,6.491416e-03,3.957646e-01,4.671783e-02,4.832445e-02,8.260966e-03,2.595835e-02,2.542858e-02,6.981439e-02
2.000219e-01,1.638849e-02,5.320599e-02,5.443255e-02,2.018790e-02,2.379553e-02,2.741189e-03,9.009468e-03,4.050960e-01,4.142807e-02,4.865335e-02,8.781657e-03,2.596450e-02,2.344706e-02,6.684630e-02
1.785067e-01,2.001249e-02,8.042865e-02,9.079623e-02,2.100257e-02,2.060137e-02,2.863058e-03,9.429051e-03,3.445064e-01,3.600252e-02,5.774570e-02,1.037838e-02,2.909757e-02,2.215077e-02,7.647847e-02
1.314847e-01,2.470964e-02,1.357541e-01,1.013234e-01,2.057323e-02,1.621256e-02,2.219786e-03,1.030126e-02,2.935767e-01,3.476146e-02,8.252449e-02,1.476748e-02,3.862570e-02,1.733847e-02,7.582709e-02
1.200541e-01,2.094704e-02,1.204099e-01,1.120483e-01,1.606222e-02,1.530543e-02,1.817970e-03,8.470872e-03,2.319936e-01,2.752398e-02,1.441792e-01,3.087064e-02,7.677253e-02,1.430890e-02,5.923538e-02
9.292702e-02,1.588035e-02,1.158592e-01,9.258918e-02,1.681667e-02,1.175402e-02,1.411117e-03,7.852511e-03,1.695990e-01,2.278113e-02,2.568569e-01,6.111000e-02,7.584317e-02,1.294995e-02,4.576975e-02
1.433364e-01,1.335920e-02,8.449521e-02,8.043919e-02,1.640376e-02,1.004263e-02,1.447953e-03,7.049412e-03,1.258786e-01,2.177107e-02,3.215450e-01,5.665291e-02,6.810249e-02,1.348124e-02,3.599494e-02
1.678096e-01,2.139429e-02,6.250750e-02,7.741124e-02,1.763578e-02,9.881161e-03,5.994993e-03,8.442111e-03,1.249055e-01,1.919645e-02,3.243476e-01,5.248186e-02,6.628005e-02,1.137667e-02,3.033531e-02
1.523636e-01,2.433904e-02,4.706351e-02,6.369920e-02,1.946272e-02,2.386014e-02,2.205876e-02,1.357958e-02,1.444571e-01,2.050759e-02,2.963604e-01,5.390234e-02,7.841372e-02,1.061545e-02,2.931686e-02
1.549379e-01,4.178672e-02,4.349466e-02,5.446251e-02,2.257864e-02,2.712798e-02,1.958245e-02,1.346909e-02,1.343658e-01,2.266645e-02,2.397233e-01,5.886780e-02,1.084576e-01,1.572519e-02,4.275396e-02
1.610670e-01,4.375584e-02,5.285300e-02,4.952831e-02,4.090312e-02,2.741149e-02,2.806716e-02,2.031552e-02,1.449613e-01,1.840819e-02,1.922381e-01,5.372282e-02,1.093379e-01,1.484258e-02,4.258779e-02
2.745646e-01,3.825793e-02,4.871330e-02,5.068492e-02,3.404939e-02,3.671160e-02,2.343139e-02,1.836222e-02,1.144979e-01,1.436289e-02,1.529083e-01,6.171508e-02,8.373091e-02,1.213946e-02,3.587010e-02
3.402293e-01,5.947055e-02,4.102818e-02,4.291183e-02,3.377101e-02,3.989615e-02,1.864345e-02,1.941399e-02,9.388895e-02,1.318438e-02,1.305759e-01,5.628833e-02,6.597524e-02,1.287662e-02,3.184614e-02
