1.000000e+00,0.000000e+00,0.000000e+00,0.000000e+00,0.000000e+00,0.000000e+00,0.000000e+00,0.000000e+00,0.000000e+00,0.000000e+00,0.000000e+00,0.000000e+00,0.000000e+00,0.000000e+00,0.000000e+00
1.000000e+00,0.000000e+00,0.000000e+00,0.000000e+00,0.000000e+00,0.000000e+00,0.000000e+00,0.000000e+00,0.000000e+00,0.000000e+00,0.000000e+00,0.000000e+00,0.000000e+00,0.000000e+00,0.000000e+00
1.000000e+00,0.000000e+00,0.000000e+00,0.000000e+00,0.000000e+00,0.000000e+00,0.000000e+00,0.000000e+00,0.000000e+00,0.000000e+00,0.000000e+00,0.000000e+00,0.000000e+00,0.000000e+00,0.000000e+00
1.000000e+00,0.000000e+00,0.000000e+00,0.000000e+00,0.000000e+00,0.000000e+00,0.000000e+00,0.000000e+00,0.000000e+00,0.000000e+00,0.000000e+00,0.000000e+00,0.000000e+00,0.000000e+00,0.000000e+00
1.000000e+00,0.000000e+00,0.000000e+00,0.000000e+00,0.000000e+00,0.000000e+00,0.000000e+00,0.000000e+00,0.000000e+00,0.000000e+00,0.000000e+00,0.000000e+00,0.000000e+00,0.000000e+00,0.000000e+00
1.000000e+00,0.000000e+00,0.000000e+00,0.000000e+00,0.000000e+00,0.000000e+00,0.000000e+00,0.000000e+00,0.000000e+00,0.000000e+00,0.000000e+00,0.000000e+00,0.000000e+00,0.000000e+00,0.000000e+00
1.000000e+00,0.000000e+00,0.000000e+00,0.000000e+00,0.000000e+00,0.000000e+00,0.000000e+00,0.000000e+00,0.000000e+00,0.000000e+00,0.000000e+00,0.000000e+00,0.000000e+00,0.000000e+00,0.000000e+00
1.000000e+00,0.000000e+00,0.000000e+00,0.000000e+00,0.000000e+00,0.000000e+00,0.000000e+00,0.000000e+00,0.000000e+00,0.000000e+00,0.000000e+00,0.000000e+00,0.000000e+00,0.000000e+00,0.000000e+00
1.000000e+00,0.000000e+00,0.000000e+00,0.000000e+00,0.000000e+00,0.000000e+00,0.000000e+00,0.000000e+00,0.000000e+00,0.000000e+00,0.000000e+00,0.000000e+00,0.000000e+00,0.000000e+00,0.000000e+00
1.000000e+00,0.000000e+00,0.000000e+00,0.000000e+00,0.000000e+00,0.000000e+00,0.000000e+00,0.000000e+00,0.000000e+00,0.000000e+00,0.000000e+00,0.000000e+00,0.000000e+00,0.000000e+00,0.000000e+00
1.000000e+00,0.000000e+00,0.000000e+00,0.000000e+00,0.000000e+00,0.000000e+00,0.000000e+00,0.000000e+00,0.000000e+00,0.000000e+00,0.000000e+00,0.000000e+00,0.000000e+00,0.000000e+00,0.000000e+00
1.000000e+00,0.000000e+00,0.000000e+00,0.000000e+00,0.000000e+00,0.000000e+00,0.000000e+00,0.000000e+00,0.000000e+00,0.000000e+00,0.000000e+00,0.000000e+00,0.000000e+00,0.000000e+00,0.000000e+00
1.000000e+00,0.000000e+00,0.000000e+00,0.000000e+00,0.000000e+00,0.000000e+00,0.000000e+00,0.000000e+00,0.000000e+00,0.000000e+00,0.000000e+00,0.000000e+00,0.000000e+00,0.000000e+00,0.000000e+00
1.000000e+00,0.000000e+00,0.000000e+00,0.000000e+00,0.000000e+00,0.000000e+00,0.000000e+00,0.000000e+00,0.000000e+00,0.000000e+00,0.000000e+00,0.000000e+00,0.000000e+00,0.000000e+00,0.000000e+00
1.000000e+00,0.000000e+00,0.000000e+00,0.000000e+00,0.000000e+00,0.000000e+00,0.000000e+00,0.000000e+00,0.000000e+00,0.000000e+00,0.000000e+00,0.000000e+00,0.000000e+00,0.000000e+00,0.000000e+00
1.000000e+00,0.000000e+00,0.000000e+00,0.000000e+00,0.000000e+00,0.000000e+00,0.000000e+00,0.000000e+00,0.000000e+00,0.000000e+00,0.000000e+00,0.000000e+00,0.000000e+00,0.000000e+00,0.000000e+00
1.000000e+00,0.000000e+00,0.000000e+00,0.000000e+00,0.000000e+00,0.000000e+00,0.000000e+00,0.000000e+00,0.000000e+00,0.000000e+00,0.000000e+00,0.000000e+00,0.000000e+00,0.000000e+00,0.000000e+00
1.000000e+00,0.000000e+00,0.000000e+00,0.000000e+00,0.000000e+00,0.000000e+00,0.000000e+00,0.000000e+00,0.000000e+00,0.000000e+00,0.000000e+00,0.000000e+00,0.000000e+00,0.000000e+00,0.000000e+00
1.000000e+00,0.000000e+00,0.000000e+00,0.000000e+00,0.000000e+00,0.000000e+00,0.000000e+00,0.000000e+00,0.000000e+00,0.000000e+00,0.000000e+00,0.000000e+00,0.000000e+00,0.000000e+00,0.000000e+00
1.000000e+00,0.000000e+00,0.000000e+00,0.000000e+00,0.000000e+00,0.000000e+00,0.000000e+00,0.000000e+00,0.000000e+00,0.000000e+00,0.000000e+00,0.000000e+00,0.000000e+00,0.000000e+00,0.000000e+00
1.000000e+00,0.000000e+00,0.000000e+00,0.000000e+00,0.000000e+00,0.000000e+00,0.000000e+00,0.000000e+00,0.000000e+00,0.000000e+00,0.000000e+00,0.000000e+00,0.000000e+00,0.000000e+00,0.000000e+00
1.000000e+00,0.000000e+00,0.000000e+00,0.000000e+00,0.000000e+00,0.000000e+00,0.000000e+00,0.000000e+00,0.000000e+00,0.000000e+00,0.000000e+00,0.000000e+00,0.000000e+00,0.000000e+00,0.000000e+00
1.000000e+00,0.000000e+00,0.000000e+00,0.000000e+00,0.000000e+00,0.000000e+00,0.000000e+00,0.000000e+00,0.000000e+00,0.000000e+00,0.000000e+00,0.000000e+00,0.000000e+00,0.000000e+00,0.000000e+00
1.000000e+00,0.000000e+00,0.000000e+00,0.000000e+00,0.000000e+00,0.000000e+00,0.000000e+00,0.000000e+00,0.000000e+00,0.000000e+00,0.000000e+00,0.000000e+00,0.000000e+00,0.000000e+00,0.000000e+00
1.000000e+00,0.000000e+00,0.000000e+00,0.000000e+00,0.000000e+00,0.000000e+00,0.000000e+00,0.000000e+00,0.000000e+00,0.000000e+00,0.000000e+00,0.000000e+00,0.000000e+00,0.000000e+00,0.000000e+00
1.000000e+00,0.000000e+00,0.000000e+00,0.000000e+00,0.000000e+00,0.000000e+00,0.000000e+00,0.000000e+00,0.000000e+00,0.000000e+00,0.000000e+00,0.000000e+00,0.000000e+00,0.000000e+00,0.000000e+00
1.000000e+00,0.000000e+00,0.000000e+00,0.000000e+00,0.000000e+00,0.000000e+00,0.000000e+00,0.000000e+00,0.000000e+00,0.000000e+00,0.000000e+00,0.000000e+00,0.000000e+00,0.000000e+00,0.000000e+00
1.000000e+00,0.000000e+00,0.000000e+00,0.000000e+00,0.000000e+00,0.000000e+00,0.000000e+00,0.000000e+00,0.000000e+00,0.000000e+00,0.000000e+00,0.000000e+00,0.000000e+00,0.000000e+00,0.000000e+00
1.000000e+00,0.000000e+00,0.000000e+00,0.000000e+00,0.000000e+00,0.000000e+00,0.000000e+00,0.000000e+00,0.000000e+00,0.000000e+00,0.000000e+00,0.000000e+00,0.000000e+00,0.000000e+00,0.000000e+00
1.000000e+00,0.000000e+00,0.000000e+00,0.000000e+00,0.000000e+00,0.000000e+00,0.000000e+00,0.000000e+00,0.000000e+00,0.000000e+00,0.000000e+00,0.000000e+00,0.000000e+00,0.000000e+00,0.000000e+00
1.000000e+00,0.000000e+00,0.000000e+00,0.000000e+00,0.000000e+00,0.000000e+00,0.000000e+00,0.000000e+00,0.000000e+00,0.000000e+00,0.000000e+00,0.000000e+00,0.000000e+00,0.000000e+00,0.000000e+00
1.000000e+00,0.000000e+00,0.000000e+00,0.000000e+00,0.000000e+00,0.000000e+00,0.000000e+00,0.000000e+00,0.000000e+00,0.000000e+00,0.000000e+00,0.000000e+00,0.000000e+00,0.000000e+00,0.000000e+00
1.000000e+00,0.000000e+00,0.000000e+00,0.000000e+00,0.000000e+00,0.000000e+00,0.000000e+00,0.000000e+00,0.000000e+00,0.000000e+00,0.000000e+00,0.000000e+00,0.000000e+00,0.000000e+00,0.000000e+00
1.000000e+00,0.000000e+00,0.000000e+00,0.000000e+00,0.000000e+00,0.000000e+00,0.000000e+00,0.000000e+00,0.000000e+00,0.000000e+00,0.000000e+00,0.000000e+00,0.000000e+00,0.000000e+00,0.000000e+00
1.000000e+00,0.000000e+00,0.000000e+00,0.000000e+00,0.000000e+00,0.000000e+00,0.000000e+00,0.000000e+00,0.000000e+00,0.000000e+00,0.000000e+00,0.000000e+00,0.000000e+00,0.000000e+00,0.000000e+00
1.000000e+00,0.000000e+00,0.000000e+00,0.000000e+00,0.000000e+00,0.000000e+00,0.000000e+00,0.000000e+00,0.000000e+00,0.000000e+00,0.000000e+00,0.000000e+00,0.000000e+00,0.000000e+00,0.000000e+00
1.000000e+00,0.000000e+00,0.000000e+00,0.000000e+00,0.000000e+00,0.000000e+00,0.000000e+00,0.000000e+00,0.000000e+00,0.000000e+00,0.000000e+00,0.000000e+00,0.000000e+00,0.000000e+00,0.000000e+00
1.000000e+00,0.000000e+00,0.000000e+00,0.000000e+00,0.000000e+00,0.000000e+00,0.000000e+00,0.000000e+00,0.000000e+00,0.000000e+00,0.000000e+00,0.000000e+00,0.000000e+00,0.000000e+00,0.000000e+00
1.000000e+00,0.000000e+00,0.000000e+00,0.000000e+00,0.000000e+00,0.000000e+00,0.000000e+00,0.000000e+00,0.000000e+00,0.000000e+00,0.000000e+00,0.000000e+00,0.000000e+00,0.000000e+00,0.000000e+00
1.000000e+00,0.000000e+00,0.000000e+00,0.000000e+00,0.000000e+00,0.000000e+00,0.000000e+00,0.000000e+00,0.000000e+00,0.000000e+00,0.000000e+00,0.000000e+00,0.000000e+00,0.000000e+00,0.000000e+00
1.000000e+00,0.000000e+00,0.000000e+00,0.000000e+00,0.000000e+00,0.000000e+00,0.000000e+00,0.000000e+00,0.000000e+00,0.000000e+00,0.000000e+00,0.000000e+00,0.000000e+00,0.000000e+00,0.000000e+00
1.000000e+00,0.000000e+00,0.000000e+00,0.000000e+00,0.000000e+00,0.000000e+00,0.000000e+00,0.000000e+00,0.000000e+00,0.000000e+00,0.000000e+00,0.000000e+00,0.000000e+00,0.000000e+00,0.000000e+00
1.000000e+00,0.000000e+00,0.000000e+00,0.000000e+00,0.000000e+00,0.000000e+00,0.000000e+00,0.000000e+00,0.000000e+00,0.000000e+00,0.000000e+00,0.000000e+00,0.000000e+00,0.000000e+00,0.000000e+00
1.000000e+00,0.000000e+00,0.000000e+00,0.000000e+00,0.000000e+00,0.000000e+00,0.000000e+00,0.000000e+00,0.000000e+00,0.000000e+00,0.000000e+00,0.000000e+00,0.000000e+00,0.000000e+00,0.000000e+00
1.000000e+00,0.000000e+00,0.000000e+00,0.000000e+00,0.000000e+00,0.000000e+00,0.000000e+00,0.000000e+00,0.000000e+00,0.000000e+00,0.000000e+00,0.000000e+00,0.000000e+00,0.000000e+00,0.000000e+00
1.000000e+00,0.000000e+00,0.000000e+00,0.000000e+00,0.000000e+00,0.000000e+00,0.000000e+00,0.000000e+00,0.000000e+00,0.000000e+00,0.000000e+00,0.000000e+00,0.000000e+00,0.000000e+00,0.000000e+00
1.000000e+00,0.000000e+00,0.000000e+00,0.000000e+00,0.000000e+00,0.000000e+00,0.000000e+00,0.000000e+00,0.000000e+00,0.000000e+00,0.000000e+00,0.000000e+00,0.000000e+00,0.000000e+00,0.000000e+00
1.000000e+00,0.000000e+00,0.000000e+00,0.000000e+00,0.000000e+00,0.000000e+00,0.000000e+00,0.000000e+00,0.000000e+00,0.000000e+00,0.000000e+00,0.000000e+00,0.000000e+00,0.000000e+00,0.000000e+00
1.000000e+00,0.000000e+00,0.000000e+00,0.000000e+00,0.000000e+00,0.000000e+00,0.000000e+00,0.000000e+00,0.000000e+00,0.000000e+00,0.000000e+00,0.000000e+00,0.000000e+00,0.000000e+00,0.000000e+00
1.000000e+00,0.000000e+00,0.000000e+00,0.000000e+00,0.000000e+00,0.000000e+00,0.000000e+00,0.000000e+00,0.000000e+00,0.000000e+00,0.000000e+00,0.000000e+00,0.000000e+00,0.000000e+00,0.000000e+00
1.000000e+00,0.000000e+00,0.000000e+00,0.000000e+00,0.000000e+00,0.000000e+00,0.000000e+00,0.000000e+00,0.000000e+00,0.000000e+00,0.000000e+00,0.000000e+00,0.000000e+00,0.000000e+00,0.000000e+00
1.000000e+00,0.000000e+00,0.000000e+00,0.000000e+00,0.000000e+00,0.000000e+00,0.000000e+00,0.000000e+00,0.000000e+00,0.000000e+00,0.000000e+00,0.000000e+00,0.000000e+00,0.000000e+00,0.000000e+00
1.000000e+00,0.000000e+00,0.000000e+00,0.000000e+00,0.000000e+00,0.000000e+00,0.000000e+00,0.000000e+00,0.000000e+00,0.000000e+00,0.000000e+00,0.000000e+00,0.000000e+00,0.000000e+00,0.000000e+00
1.000000e+00,0.000000e+00,0.000000e+00,0.000000e+00,0.000000e+00,0.000000e+00,0.000000e+00,0.000000e+00,0.000000e+00,0.000000e+00,0.000000e+00,0.000000e+00,0.000000e+00,0.000000e+00,0.000000e+00
1.000000e+00,0.000000e+00,0.000000e+00,0.000000e+00,0.000000e+00,0.000000e+00,0.000000e+00,0.000000e+00,0.000000e+00,0.000000e+00,0.000000e+00,0.000000e+00,0.000000e+00,0.000000e+00,0.000000e+00
1.000000e+00,0.000000e+00,0.000000e+00,0.000000e+00,0.000000e+00,0.000000e+00,0.000000e+00,0.000000e+00,0.000000e+00,0.000000e+00,0.000000e+00,0.000000e+00,0.000000e+00,0.000000e+00,0.000000e+00
1.000000e+00,0.000000e+00,0.000000e+00,0.000000e+00,0.000000e+00,0.000000e+00,0.000000e+00,0.000000e+00,0.000000e+00,0.000000e+00,0.000000e+00,0.000000e+00,0.000000e+00,0.000000e+00,0.000000e+00
3.983992e-01,1.291392e-02,1.574987e-01,9.185570e-02,9.566444e-03,2.355914e-02,1.787990e-02,2.349534e-01,3.876761e-03,9.997581e-04,7.354313e-03,1.684969e-02,1.398415e-02,1.336016e-03,8.972955e-03
3.129700e-01,9.569238e-03,1.526401e-01,7.637558e-02,8.233953e-03,2.513571e-02,2.086035e-02,3.460931e-01,3.073469e-03,7.530976e-04,6.060547e-03,1.502306e-02,1.540737e-02,1.063057e-03,6.741309e-03
3.727210e-01,7.547097e-03,1.410187e-01,6.073183e-02,1.024832e-02,3.472698e-02,1.952272e-02,2.999691e-01,4.240092e-03,8.924667e-04,7.384587e-03,1.251182e-02,2.174215e-02,1.041522e-03,5.701560e-03
2.665377e-01,8.282843e-03,1.053128e-01,1.370030e-01,7.522878e-03,2.877782e-02,1.435007e-02,2.141527e-01,1.013552e-01,7.556137e-03,3.462145e-02,1.471715e-02,4.520545e-02,1.949169e-03,1.265564e-02
1.868484e-01,1.321740e-02,8.080003e-02,2.500433e-01,5.375656e-03,2.026954e-02,1.023625e-02,1.501995e-01,1.595988e-01,1.474833e-02,2.778586e-02,1.097324e-02,3.443508e-02,1.458883e-03,3.400971e-02
1.361841e-01,1.780970e-02,6.112444e-02,2.093350e-01,4.839984e-03,2.024837e-02,8.012337e-03,1.056009e-01,1.404424e-01,1.289370e-02,2.510488e-02,8.913903e-03,2.137623e-01,1.157278e-03,3.457074e-02
1.005561e-01,3.723143e-02,4.539611e-02,1.877185e-01,4.120267e-03,2.076997e-02,6.278207e-03,7.423338e-02,1.538296e-01,1.006416e-02,2.023134e-02,8.292733e-03,2.997740e-01,1.014211e-03,3.048999e-02
7.270857e-02,4.266435e-02,3.228905e-02,1.421273e-01,3.377815e-03,1.747421e-02,4.616521e-03,5.215491e-02,1.377761e-01,7.520950e-03,1.512341e-02,8.801960e-03,4.332269e-01,8.675605e-04,2.927037e-02
5.247529e-02,4.198283e-02,2.276189e-02,1.012143e-01,2.481167e-03,1.317431e-02,3.283666e-03,3.659937e-02,1.149240e-01,5.336137e-03,1.074545e-02,7.959040e-03,5.633838e-01,6.501807e-04,2.302860e-02
3.914167e-02,4.200276e-02,1.604811e-02,7.252612e-02,1.830644e-03,9.830584e-03,2.339411e-03,2.568071e-02,1.080406e-01,3.764117e-03,7.660462e-03,7.175379e-03,6.437442e-01,5.036400e-04,1.971164e-02
2.890047e-02,3.083035e-02,1.129959e-02,5.117211e-02,1.444086e-03,7.444857e-03,1.710761e-03,1.821237e-02,7.873908e-02,2.640834e-03,5.396851e-03,5.838931e-03,7.411803e-01,3.609860e-04,1.482842e-02
2.148837e-02,2.257041e-02,7.985033e-03,3.612119e-02,1.193300e-03,5.642126e-03,1.231968e-03,1.279784e-02,5.736042e-02,1.861066e-03,3.852231e-03,5.263010e-03,8.113834e-01,2.595947e-04,1.099008e-02
1.705230e-02,1.800934e-02,5.671785e-03,2.546886e-02,9.853358e-04,4.197253e-03,9.085978e-04,9.055035e-03,4.458970e-02,1.327867e-03,2.772981e-03,4.869294e-03,8.561149e-01,1.969059e-04,8.779859e-03
1.232378e-02,1.407225e-02,4.391874e-03,1.805710e-02,1.049410e-03,3.103938e-03,1.037867e-03,6.845615e-03,3.650890e-02,1.011170e-03,2.079990e-03,5.301760e-03,8.862714e-01,1.599267e-04,7.785109e-03
9.185220e-03,1.145201e-02,3.263930e-03,1.272246e-02,9.262393e-04,2.292765e-03,8.117062e-04,4.834093e-03,2.851516e-02,7.451306e-04,1.596895e-03,5.330210e-03,9.119543e-01,1.252842e-04,6.244669e-03
7.661762e-03,8.863431e-03,2.748783e-03,9.042609e-03,1.930821e-03,2.134132e-03,6.868232e-04,3.460571e-03,2.133529e-02,5.559290e-04,1.262093e-03,6.266013e-03,9.292595e-01,1.173794e-04,4.674846e-03
6.612895e-03,7.041397e-03,2.532023e-03,6.365986e-03,4.114714e-03,1.869916e-03,6.378221e-04,2.503812e-03,1.587864e-02,4.663088e-04,1.057169e-03,8.981089e-03,9.381086e-01,1.245115e-04,3.705146e-03
5.219782e-03,5.064107e-03,2.709519e-03,4.488380e-03,1.313286e-02,1.896694e-03,1.217935e-03,1.916614e-03,1.186202e-02,6.282869e-04,9.157276e-04,1.158360e-02,9.361843e-01,1.204436e-04,3.059789e-03
4.274754e-03,3.649077e-03,1.008888e-02,3.181566e-03,1.796874e-02,1.719838e-03,1.851059e-03,1.582323e-03,9.106856e-03,2.497348e-03,9.948972e-04,1.344691e-02,9.179441e-01,1.402952e-04,1.155337e-02
3.296823e-03,2.642951e-03,9.097604e-02,2.385517e-03,2.239423e-02,1.478608e-03,2.584724e-03,2.198296e-02,6.703372e-03,3.099031e-03,8.234567e-04,1.143957e-02,8.195288e-01,1.354097e-04,1.052847e-02
3.409518e-03,2.025271e-03,2.225812e-01,2.639733e-03,2.502539e-02,2.336945e-03,6.384646e-03,5.761319e-02,8.474860e-03,6.476344e-03,1.222367e-03,8.735065e-03,6.351022e-01,2.160139e-04,1.775727e-02
1.335385e-02,2.301053e-03,2.987368e-01,4.342959e-03,4.129346e-02,6.198173e-03,1.861027e-02,4.594959e-02,1.597257e-02,1.261799e-02,2.066710e-03,7.599591e-03,4.905426e-01,3.507339e-04,4.006368e-02
1.902293e-02,3.106379e-03,3.274834e-01,5.497869e-03,4.420474e-02,2.188648e-02,4.567862e-02,4.081319e-02,2.225458e-02,3.240325e-02,1.936200e-03,5.907361e-03,3.611844e-01,5.969128e-04,6.802367e-02
2.403427e-02,6.964142e-03,3.644164e-01,3.804930e-02,7.641050e-02,3.001068e-02,4.639290e-02,4.043857e-02,2.264878e-02,2.646231e-02,1.486656e-03,4.208482e-03,2.584951e-01,4.592008e-04,5.952277e-02
3.604872e-02,1.369533e-02,3.559721e-01,4.979066e-02,1.070563e-01,3.264706e-02,4.535130e-02,3.484944e-02,2.973750e-02,2.339706e-02,1.257536e-03,3.040299e-03,1.951120e-01,4.202135e-04,7.162455e-02
5.721072e-02,2.615840e-02,2.821964e-01,5.629010e-02,1.294359e-01,2.929358e-02,4.061592e-02,2.863254e-02,3.289646e-02,2.411668e-02,1.247553e-03,2.467202e-03,1.512651e-01,4.033181e-04,1.377702e-01
5.455841e-02,3.903343e-02,2.091085e-01,1.873243e-01,1.321858e-01,2.379355e-02,3.098124e-02,2.551811e-02,2.798713e-02,2.150401e-02,1.160679e-03,2.255897e-03,1.086828e-01,3.220696e-04,1.355841e-01
7.081322e-02,3.314002e-02,1.827315e-01,1.752167e-01,1.162765e-01,2.110170e-02,2.700618e-02,3.574356e-02,2.268404e-02,1.623918e-02,1.394704e-03,2.292672e-03,8.076291e-02,3.613716e-04,2.142357e-01
9.503973e-02,3.198882e-02,1.481639e-01,1.393053e-01,1.147572e-01,1.933947e-02,2.297693e-02,4.123580e-02,2.804750e-02,1.277251e-02,1.382111e-03,2.454102e-03,6.175009e-02,4.848588e-04,2.803017e-01
1.250421e-01,3.305312e-02,1.309451e-01,1.098290e-01,1.005942e-01,3.306272e-02,2.055356e-02,3.602083e-02,3.468770e-02,1.102343e-02,1.798110e-03,4.533191e-03,5.489717e-02,8.886418e-04,3.030711e-01
1.350502e-01,5.316856e-02,1.109358e-01,1.374978e-01,1.003620e-01,3.659132e-02,2.408007e-02,3.542721e-02,3.716826e-02,2.332022e-02,5.822625e-03,1.624283e-02,4.424332e-02,3.236989e-03,2.368528e-01
1.474592e-01,5.115923e-02,1.043394e-01,1.208542e-01,8.536322e-02,4.502106e-02,1.964749e-02,2.928445e-02,3.502693e-02,9.402546e-02,1.230936e-02,3.380943e-02,3.509197e-02,4.555785e-03,1.820529e-01
1.059315e-01,4.116588e-02,8.232940e-02,8.611734e-02,6.384420e-02,3.527664e-02,1.415946e-02,2.076476e-02,2.616397e-02,3.089142e-01,2.569285e-02,2.869295e-02,2.600730e-02,6.199356e-03,1.287402e-01
8.480085e-02,3.164329e-02,6.015240e-02,6.151513e-02,4.533184e-02,3.995680e-02,1.024810e-02,1.469506e-02,1.989095e-02,3.043778e-01,1.235381e-01,8.461308e-02,2.219347e-02,5.266602e-03,9.177650e-02
7.208958e-02,2.587578e-02,4.667072e-02,4.462214e-02,3.250417e-02,3.692290e-02,7.775462e-03,1.057316e-02,1.673916e-02,3.236361e-01,1.533837e-01,1.389676e-01,1.679389e-02,7.739463e-03,6.570623e-02
8.206905e-02,3.777711e-02,4.340900e-02,3.874298e-02,2.774767e-02,3.599636e-02,6.492556e-03,1.099382e-02,1.465840e-02,2.528197e-01,1.990938e-01,1.796167e-01,1.434470e-02,8.565326e-03,4.767276e-02
6.631885e-02,2.672856e-02,3.057566e-02,2.793106e-02,1.974089e-02,2.601957e-02,4.634493e-03,7.780449e-03,1.091475e-02,1.839743e-01,3.214808e-01,2.227476e-01,1.074718e-02,6.438170e-03,3.396773e-02
4.838780e-02,1.997840e-02,2.161636e-02,1.965274e-02,1.429906e-02,2.117550e-02,3.362183e-03,5.562239e-03,9.466350e-03,1.357071e-01,2.832545e-01,3.790527e-01,8.966526e-03,5.289545e-03,2.422899e-02
3.558239e-02,1.592101e-02,1.537270e-02,1.391396e-02,1.059769e-02,1.692480e-02,2.689169e-03,4.044276e-03,9.036882e-03,1.119273e-01,2.433244e-01,4.918238e-01,6.529945e-03,4.174914e-03,1.813675e-02
2.514030e-02,1.158918e-02,1.084188e-02,9.801694e-03,7.889400e-03,1.453321e-02,1.982022e-03,2.898910e-03,8.910184e-03,9.014650e-02,1.930649e-01,6.020854e-01,4.932174e-03,3.134442e-03,1.304991e-02
1.789686e-02,1.196905e-02,8.415840e-03,6.929364e-03,6.555809e-03,1.131101e-02,1.545123e-03,2.181804e-03,1.087050e-02,1.079207e-01,1.646163e-01,6.320903e-01,3.982865e-03,3.473517e-03,1.024099e-02
1.321237e-02,1.184415e-02,6.321408e-03,4.959686e-03,6.248704e-03,9.012367e-03,1.289159e-03,2.092269e-03,1.588452e-02,1.397021e-01,1.344940e-01,6.391944e-01,3.654100e-03,4.258886e-03,7.831745e-03
1.062787e-02,1.732663e-02,5.040624e-03,3.709426e-03,1.569977e-02,8.002333e-03,1.893290e-03,3.644592e-03,7.426786e-02,1.492179e-01,1.068882e-01,5.890768e-01,4.042962e-03,4.628563e-03,5.933176e-03
1.053412e-02,1.480185e-02,7.111453e-03,3.725956e-03,2.107459e-02,8.564852e-03,2.453541e-03,1.015615e-02,6.301013e-02,1.192806e-01,8.162998e-02,6.452780e-01,4.275352e-03,3.642465e-03,4.460954e-03
8.673688e-03,1.246702e-02,6.265980e-03,2.763694e-03,3.439317e-02,8.419341e-03,2.056068e-03,8.438971e-03,5.401794e-02,1.146019e-01,6.831912e-02,6.661756e-01,5.703215e-03,4.306178e-03,3.398129e-03
6.697334e-03,1.070635e-02,5.029580e-03,2.043053e-03,3.996570e-02,8.211492e-03,2.972624e-03,8.493497e-03,5.571828e-02,1.161092e-01,5.368949e-02,6.780268e-01,6.099797e-03,3.724375e-03,2.512455e-03
6.117901e-03,1.127738e-02,6.089035e-03,1.656488e-03,9.769067e-02,2.432675e-02,1.044715e-02,1.075841e-02,7.131557e-02,9.699780e-02,4.372132e-02,6.071842e-01,6.702760e-03,3.712684e-03,2.001948e-03
5.929841e-03,1.137468e-02,8.274364e-03,4.337013e-03,9.160362e-02,5.063979e-02,8.347382e-02,8.161656e-02,7.831297e-02,8.416120e-02,3.468861e-02,4.531983e-01,5.535352e-03,5.342864e-03,1.511076e-03
5.838627e-03,9.763885e-03,2.143779e-02,9.982497e-03,7.153597e-02,4.309054e-02,6.938254e-02,2.796540e-01,6.654402e-02,6.029192e-02,2.539169e-02,3.277966e-01,4.152306e-03,4.039216e-03,1.098360e-03
6.842079e-03,1.230044e-02,2.485538e-02,1.890066e-02,8.534729e-02,6.588346e-02,7.242784e-02,2.950191e-01,9.615953e-02,5.403233e-02,2.000941e-02,2.397326e-01,3.242402e-03,4.411055e-03,8.364113e-04
1.174355e-02,1.143339e-02,2.471477e-02,3.450943e-02,1.388921e-01,6.070423e-02,6.111451e-02,2.749813e-01,1.105303e-01,7.653578e-02,1.659091e-02,1.708168e-01,3.116535e-03,3.636310e-03,6.800834e-04
1.826604e-02,1.075119e-02,4.225218e-02,3.564339e-02,1.696613e-01,4.951538e-02,6.532647e-02,2.827204e-01,1.054340e-01,7.808929e-02,1.319549e-02,1.223829e-01,3.133089e-03,2.976095e-03,6.526832e-04
2.539845e-02,1.195057e-02,5.508311e-02,5.241419e-02,1.403366e-01,4.731810e-02,1.274362e-01,2.655364e-01,8.404899e-02,8.212208e-02,9.607185e-03,8.968015e-02,5.844614e-03,2.264437e-03,9.588843e-04
3.836830e-02,1.330291e-02,6.109799e-02,5.932562e-02,1.282090e-01,4.461440e-02,1.420596e-01,2.397243e-01,7.624121e-02,1.157740e-01,7.602551e-03,6.435228e-02,5.671198e-03,2.681349e-03,9.752572e-04
6.300732e-02,1.283688e-02,5.254274e-02,4.759698e-02,1.070860e-01,3.857274e-02,1.811291e-01,1.980647e-01,6.662506e-02,1.683141e-01,7.105884e-03,4.753426e-02,5.237297e-03,3.056391e-03,1.290604e-03
1.237073e-01,1.213518e-02,5.096098e-02,3.856039e-02,9.253848e-02,3.139738e-02,1.935068e-01,1.531446e-01,6.506477e-02,1.662177e-01,1.857372e-02,3.993366e-02,6.513212e-03,5.358447e-03,2.387312e-03
1.818832e-01,1.080109e-02,4.611211e-02,3.038270e-02,7.749219e-02,2.593073e-02,2.172164e-01,1.130554e-01,7.547941e-02,1.434520e-01,2.401086e-02,3.493485e-02,7.934475e-03,7.155380e-03,4.159255e-03
2.848089e-01,1.103825e-02,4.277118e-02,2.390412e-02,7.070477e-02,2.198348e-02,1.776657e-01,8.400521e-02,8.191568e-02,1.205675e-01,2.678400e-02,3.134359e-02,7.720465e-03,9.083085e-03,5.704035e-03
3.898216e-01,9.630691e-03,3.259318e-02,1.952402e-02,5.471076e-02,1.913095e-02,1.461871e-01,6.271475e-02,7.937910e-02,1.030526e-01,2.398419e-02,3.157023e-02,1.007340e-02,1.047441e-02,7.153164e-03
4.607052e-01,1.175312e-02,2.472077e-02,1.901915e-02,4.104716e-02,1.905473e-02,1.212457e-01,4.898626e-02,7.010295e-02,8.957748e-02,2.303797e-02,3.338262e-02,1.298742e-02,9.427673e-03,1.495183e-02
4.059036e-01,1.539267e-02,1.900906e-02,3.150591e-02,3.091695e-02,4.812910e-02,9.164850e-02,3.610834e-02,6.507885e-02,1.063218e-01,4.222377e-02,4.866089e-02,2.528338e-02,8.840023e-03,2.497706e-02
4.447677e-01,2.178163e-02,1.499798e-02,3.273059e-02,2.482588e-02,4.028489e-02,7.215264e-02,2.734872e-02,6.157741e-02,8.201841e-02,5.228838e-02,4.909332e-02,3.622000e-02,1.044041e-02,2.947205e-02
1.000000e+00,0.000000e+00,0.000000e+00,0.000000e+00,0.000000e+00,0.000000e+00,0.000000e+00,0.000000e+00,0.000000e+00,0.000000e+00,0.000000e+00,0.000000e+00,0.000000e+00,0.000000e+00,0.000000e+00
4.705690e-01,1.803025e-02,1.137365e-02,2.747333e-02,1.614691e-02,3.923357e-02,5.444695e-02,1.789661e-02,4.180426e-02,4.797200e-02,1.012807e-01,4.123523e-02,3.392844e-02,4.697720e-02,3.163199e-02
3.686166e-01,1.588583e-02,1.010947e-02,2.278964e-02,1.458903e-02,3.325788e-02,4.568923e-02,2.177925e-02,5.690170e-02,6.581227e-02,1.613281e-01,3.760065e-02,3.253347e-02,8.472095e-02,2.838596e-02
3.531963e-01,1.701077e-02,8.783695e-03,2.194133e-02,1.457032e-02,2.755960e-02,3.521744e-02,2.014374e-02,7.358739e-02,6.196487e-02,1.494456e-01,2.913778e-02,2.633400e-02,1.346601e-01,2.644709e-02
3.369873e-01,1.870833e-02,8.306090e-03,1.867500e-02,1.315408e-02,2.453223e-02,2.741410e-02,1.632243e-02,8.392189e-02,5.645755e-02,1.271913e-01,2.390225e-02,2.081926e-02,1.907473e-01,3.286085e-02
2.585314e-01,3.261735e-02,8.301874e-03,1.494564e-02,1.027503e-02,2.133832e-02,2.046395e-02,1.279362e-02,1.763266e-01,4.388230e-02,1.030447e-01,1.831390e-02,1.878356e-02,2.268478e-01,3.353392e-02
1.873343e-01,2.905555e-02,6.131398e-03,1.095405e-02,7.668574e-03,1.820237e-02,1.452801e-02,9.912107e-03,1.993510e-01,3.149480e-02,7.478540e-02,1.338491e-02,1.455247e-02,3.535704e-01,2.907468e-02
1.326862e-01,2.660558e-02,5.422853e-03,1.101208e-02,7.032491e-03,1.710277e-02,1.102767e-02,1.586855e-02,2.684053e-01,2.295538e-02,5.644017e-02,1.014181e-02,1.173790e-02,3.788254e-01,2.473585e-02
9.424268e-02,2.295252e-02,4.000601e-03,8.190786e-03,6.203774e-03,1.377950e-02,7.993331e-03,1.249210e-02,4.439254e-01,1.640013e-02,4.361446e-02,8.575136e-03,1.022973e-02,2.891068e-01,1.829312e-02
6.625395e-02,1.892074e-02,2.872300e-03,7.079551e-03,5.283109e-03,1.184036e-02,5.715755e-03,1.344714e-02,5.699052e-01,1.175057e-02,3.315187e-02,8.442616e-03,9.485230e-03,2.222827e-01,1.356899e-02
4.682505e-02,1.537026e-02,2.800582e-03,6.230995e-02,5.350666e-03,4.065309e-02,4.012767e-03,2.026146e-02,5.769452e-01,1.009047e-02,3.091090e-02,6.461663e-03,8.357123e-03,1.576162e-01,1.203468e-02
3.353646e-02,1.136380e-02,4.408785e-03,5.371234e-02,4.345153e-03,3.951571e-02,2.820829e-03,1.910607e-02,6.010692e-01,1.267399e-02,3.251883e-02,5.376874e-03,8.153823e-03,1.170987e-01,5.429941e-02
2.465718e-02,8.543592e-03,5.038878e-03,3.927843e-02,4.544821e-03,3.860473e-02,1.985130e-03,1.522884e-02,5.835617e-01,1.852721e-02,4.027087e-02,4.433640e-03,7.091255e-03,1.023063e-01,1.059275e-01
1.978570e-02,6.901533e-03,5.082383e-02,3.749941e-02,5.046183e-03,3.349581e-02,1.417361e-03,1.829372e-02,5.665811e-01,2.174224e-02,3.460650e-02,3.365427e-03,5.734011e-03,7.756995e-02,1.171373e-01
1.566884e-02,5.486444e-03,4.571953e-02,2.886666e-02,5.562982e-03,3.103036e-02,1.044276e-03,1.370634e-02,5.057427e-01,2.155800e-02,2.795192e-02,2.453899e-03,4.261890e-03,6.223052e-02,2.287157e-01
1.194845e-02,4.852605e-03,3.660598e-02,2.517247e-02,4.928503e-03,2.348136e-02,7.886979e-04,1.030036e-02,4.402964e-01,2.183920e-02,2.015034e-02,1.729872e-03,3.089584e-03,4.769842e-02,3.471177e-01
2.496943e-02,1.180137e-02,3.919861e-02,2.566115e-02,2.647698e-02,4.336754e-02,1.955314e-03,8.179404e-03,3.939779e-01,1.736769e-02,1.839692e-02,1.292461e-03,2.415298e-03,4.648415e-02,3.384558e-01
2.120631e-02,1.387641e-02,3.769103e-02,3.782544e-02,2.829309e-02,4.224091e-02,1.978946e-03,6.230835e-03,3.900993e-01,1.663182e-02,1.362616e-02,9.402559e-04,1.803598e-03,3.613691e-02,3.514190e-01
2.821736e-02,1.429391e-02,3.276443e-02,3.786625e-02,2.983091e-02,3.374160e-02,1.737464e-03,5.339658e-03,3.531642e-01,1.884627e-02,1.124856e-02,8.352199e-04,1.563312e-03,3.491366e-02,3.956372e-01
2.343451e-02,1.168706e-02,2.505336e-02,3.142015e-02,2.315173e-02,2.455644e-02,1.324331e-03,3.997738e-03,3.386765e-01,2.327271e-02,8.905470e-03,6.488261e-04,1.277849e-03,3.013996e-02,4.524534e-01
1.992415e-02,1.720612e-02,3.708664e-02,8.754192e-02,1.910783e-02,1.778948e-02,1.021160e-03,2.926216e-03,3.238484e-01,2.750346e-02,7.133528e-03,6.310064e-04,1.079653e-03,2.393353e-02,4.132670e-01
4.784848e-02,2.497520e-02,4.586046e-02,7.740706e-02,2.316298e-02,1.494247e-02,8.969910e-04,3.273198e-03,2.934157e-01,3.934383e-02,6.715534e-03,9.544498e-04,1.061576e-03,3.213281e-02,3.880093e-01
5.848969e-02,3.898842e-02,5.288728e-02,9.678673e-02,3.309062e-02,1.271171e-02,1.172778e-03,4.027080e-03,2.616482e-01,4.122602e-02,6.289319e-03,1.133241e-03,1.206418e-03,2.775596e-02,3.625865e-01
8.747161e-02,4.158177e-02,5.118012e-02,9.842684e-02,2.703126e-02,1.017481e-02,1.020085e-03,3.130238e-03,2.042085e-01,3.732400e-02,5.651961e-03,1.499489e-03,1.547266e-03,2.869286e-02,4.010592e-01
2.044322e-01,4.197352e-02,4.284329e-02,8.240289e-02,2.322700e-02,9.372752e-03,1.000377e-03,3.028499e-03,1.567794e-01,3.218136e-02,5.448346e-03,2.680584e-03,1.904148e-03,2.739534e-02,3.653303e-01
2.137470e-01,5.085490e-02,3.964387e-02,1.116020e-01,1.707023e-02,7.671136e-03,8.765798e-04,2.565526e-03,1.210843e-01,2.713767e-02,5.227153e-03,4.118073e-03,2.279138e-03,2.252739e-02,3.735951e-01
2.947233e-01,4.814576e-02,3.495121e-02,9.720580e-02,1.281440e-02,7.607286e-03,1.051542e-03,2.914962e-03,9.529805e-02,2.638567e-02,6.798836e-03,5.028987e-03,3.303544e-03,2.778274e-02,3.359879e-01
2.825561e-01,4.090749e-02,3.591652e-02,7.190767e-02,9.616085e-03,6.817144e-03,1.052314e-03,2.549993e-03,7.444157e-02,7.095407e-02,7.426536e-03,4.170042e-03,2.896286e-03,4.557221e-02,3.432159e-01
2.427281e-01,3.107304e-02,2.977053e-02,5.213011e-02,6.967546e-03,5.429290e-03,7.846657e-04,1.959983e-03,1.148242e-01,1.198931e-01,1.193316e-02,3.735214e-03,3.822730e-03,5.206294e-02,3.228854e-01
3.639987e-01,2.653398e-02,2.245159e-02,3.898613e-02,6.275666e-03,5.487642e-03,7.071167e-04,1.816099e-03,9.557044e-02,9.024580e-02,1.463469e-02,3.476092e-03,4.380603e-03,5.693901e-02,2.684964e-01
3.799135e-01,2.179036e-02,1.793338e-02,2.884312e-02,5.344975e-03,6.487759e-03,6.463394e-04,1.699756e-03,8.283439e-02,7.595256e-02,2.035209e-02,2.923938e-03,4.991113e-03,1.261952e-01,2.240915e-01
3.138082e-01,2.039566e-02,6.136484e-02,6.122901e-02,1.308775e-02,1.047482e-02,3.403346e-03,1.311770e-02,9.455443e-02,6.324462e-02,2.619548e-02,3.840640e-03,7.947855e-03,1.314855e-01,1.758502e-01
2.337907e-01,1.763466e-02,6.342622e-02,5.050539e-02,1.280893e-02,8.973015e-03,2.770965e-03,1.023386e-02,8.529733e-02,9.639804e-02,2.262387e-02,3.367737e-03,7.242215e-03,2.111038e-01,1.738232e-01
1.652709e-01,1.270693e-02,5.322341e-02,3.547862e-02,9.210584e-03,6.628962e-03,1.997916e-03,7.200228e-03,6.785444e-02,2.282853e-01,1.704618e-02,3.358284e-03,6.618614e-03,2.156773e-01,1.694424e-01
1.340313e-01,1.302831e-02,4.761633e-02,3.799177e-02,9.579333e-03,6.402430e-03,1.831277e-03,6.220451e-03,8.294764e-02,2.149427e-01,3.418916e-02,6.826744e-03,1.515528e-02,1.870278e-01,2.022094e-01
9.490744e-02,9.722291e-03,3.621856e-02,2.719679e-02,7.292466e-03,6.250232e-03,1.348051e-03,4.421057e-03,6.227262e-02,3.729188e-01,3.369708e-02,7.550108e-03,1.602569e-02,1.659551e-01,1.542237e-01
1.140388e-01,1.027085e-02,5.540998e-02,2.391305e-02,9.640181e-03,8.571097e-03,2.051041e-03,6.699367e-03,5.111258e-02,3.411144e-01,7.523652e-02,1.097990e-02,2.037811e-02,1.427221e-01,1.278620e-01
8.690289e-02,1.002280e-02,5.799147e-02,1.958984e-02,8.242510e-03,7.980774e-03,1.675740e-03,4.931491e-03,4.533693e-02,4.596848e-01,6.758720e-02,9.193962e-03,1.861817e-02,1.043439e-01,9.789752e-02
7.413253e-02,1.802593e-02,6.575103e-02,2.789861e-02,7.504030e-03,8.210244e-03,1.412060e-03,4.321323e-03,4.819246e-02,3.872014e-01,1.380276e-01,1.890411e-02,2.393983e-02,9.199846e-02,8.448038e-02
6.692211e-02,1.854405e-02,4.826938e-02,2.422119e-02,6.601425e-03,7.633796e-03,1.152965e-03,3.651114e-03,7.523514e-02,3.355061e-01,2.157501e-01,2.257872e-02,2.472354e-02,7.339252e-02,7.581778e-02
6.851612e-02,1.841648e-02,4.691116e-02,2.115423e-02,8.190458e-03,8.953345e-03,2.148649e-03,6.301260e-03,6.916177e-02,3.994070e-01,1.887949e-01,1.940286e-02,2.364587e-02,5.997223e-02,5.902369e-02
5.637926e-02,1.517372e-02,3.851247e-02,1.693119e-02,1.561978e-02,9.744380e-03,3.953299e-03,1.686043e-02,5.580556e-02,5.004036e-01,1.441029e-01,1.483486e-02,1.994384e-02,4.607064e-02,4.566406e-02
4.488442e-02,1.147693e-02,2.980996e-02,1.350282e-02,7.112164e-02,7.709917e-03,4.228181e-03,1.561749e-02,4.483168e-02,5.508201e-01,1.064875e-01,1.165663e-02,1.641988e-02,3.694570e-02,3.448718e-02
3.517186e-02,9.703772e-03,2.315707e-02,1.480621e-02,1.511951e-01,6.534657e-03,3.973538e-03,8.360843e-02,3.689514e-02,4.765495e-01,7.941271e-02,1.082879e-02,1.545024e-02,2.764948e-02,2.506346e-02
2.956888e-02,7.556290e-03,1.737914e-02,1.478566e-02,2.681731e-01,5.412463e-03,4.053106e-03,8.898032e-02,3.083905e-02,4.176871e-01,5.753352e-02,8.234814e-03,1.190325e-02,2.001304e-02,1.788025e-02
2.333688e-02,5.745379e-03,1.302957e-02,1.495784e-02,4.193475e-01,5.209978e-03,5.163786e-03,1.043957e-01,2.510010e-02,3.019460e-01,4.056612e-02,5.941205e-03,8.554363e-03,1.411782e-02,1.258780e-02
2.616893e-02,4.882876e-03,1.146900e-02,2.512008e-02,4.949772e-01,5.263604e-03,1.032169e-02,1.088184e-01,2.060068e-02,2.337988e-01,2.879578e-02,4.559858e-03,6.419690e-03,9.939001e-03,8.864378e-03
5.122867e-02,4.871520e-03,8.919193e-03,2.607786e-02,5.285265e-01,5.150392e-03,1.121320e-02,1.018221e-01,2.496225e-02,1.924826e-01,2.090588e-02,3.756929e-03,5.364920e-03,7.788219e-03,6.929770e-03
9.546755e-02,4.526471e-03,7.281321e-03,4.592810e-02,4.631573e-01,6.107405e-03,1.062258e-02,1.484036e-01,2.114982e-02,1.572498e-01,1.686811e-02,5.048698e-03,5.362275e-03,6.499814e-03,6.327152e-03
1.717926e-01,4.558906e-03,6.066580e-03,4.343133e-02,3.680165e-01,9.105379e-03,9.176340e-03,1.705903e-01,2.057524e-02,1.520838e-01,1.645400e-02,9.488102e-03,5.891973e-03,6.272986e-03,6.495954e-03
2.913771e-01,5.594395e-03,6.463653e-03,3.368901e-02,2.853650e-01,1.677049e-02,1.139936e-02,1.559254e-01,2.410319e-02,1.191531e-01,1.542661e-02,1.211868e-02,8.236365e-03,8.062493e-03,6.315199e-03
3.987552e-01,6.756410e-03,8.212891e-03,2.530470e-02,2.434760e-01,2.415105e-02,8.869906e-03,1.119559e-01,2.296779e-02,1.025016e-01,1.220916e-02,1.246597e-02,8.151245e-03,7.132193e-03,7.089880e-03
4.627435e-01,6.982052e-03,8.786208e-03,1.953451e-02,2.170106e-01,2.480497e-02,6.780441e-03,8.098920e-02,2.269543e-02,1.025232e-01,1.029070e-02,1.310422e-02,7.945307e-03,7.117463e-03,8.692134e-03
4.812191e-01,3.454215e-02,1.048887e-02,4.573679e-02,1.621496e-01,2.823516e-02,5.434818e-03,5.826362e-02,1.874897e-02,7.906447e-02,1.170425e-02,3.250914e-02,9.565415e-03,7.100080e-03,1.523758e-02
3.822575e-01,8.072014e-02,1.314273e-02,7.416116e-02,1.175000e-01,2.394777e-02,4.047663e-03,4.104720e-02,1.903093e-02,1.075491e-01,3.333419e-02,5.077776e-02,1.434969e-02,8.951649e-03,2.918252e-02
3.733335e-01,8.226891e-02,1.149153e-02,7.631640e-02,9.065934e-02,1.982646e-02,3.434649e-03,2.933235e-02,3.223019e-02,1.087242e-01,4.594613e-02,4.330271e-02,1.950064e-02,1.810324e-02,4.552983e-02
2.931732e-01,6.333674e-02,4.486231e-02,8.708291e-02,6.595495e-02,1.671211e-02,2.749502e-03,2.749068e-02,5.474473e-02,8.151215e-02,1.189909e-01,4.951443e-02,3.007604e-02,2.511634e-02,3.868306e-02
3.049071e-01,5.109617e-02,3.587889e-02,8.094571e-02,5.128926e-02,1.378344e-02,2.653919e-03,2.073143e-02,1.291006e-01,6.101649e-02,1.165413e-01,4.184123e-02,2.699464e-02,3.035883e-02,3.286096e-02
3.381366e-01,4.293489e-02,3.822363e-02,1.469634e-01,4.016642e-02,1.633130e-02,2.546654e-03,1.646245e-02,1.153516e-01,4.997957e-02,8.836990e-02,3.164682e-02,2.125437e-02,2.397215e-02,2.766028e-02
3.473003e-01,3.776257e-02,2.971945e-02,1.342825e-01,3.592884e-02,1.617378e-02,3.064504e-03,1.531472e-02,1.493969e-01,3.866076e-02,7.898617e-02,3.129072e-02,2.174328e-02,3.534018e-02,2.503541e-02
3.121418e-01,3.411015e-02,2.248601e-02,1.649170e-01,3.289213e-02,2.597103e-02,2.924500e-03,2.110961e-02,1.970468e-01,2.921179e-02,6.285195e-02,2.502570e-02,1.843157e-02,2.694000e-02,2.393987e-02
3.021211e-01,4.178742e-02,1.660774e-02,1.529339e-01,2.683093e-02,3.851890e-02,2.376968e-03,1.663334e-02,2.208418e-01,2.200636e-02,5.984443e-02,2.126681e-02,2.001430e-02,3.133274e-02,2.688322e-02
3.611898e-01,3.662780e-02,1.250130e-02,1.245330e-01,3.406712e-02,3.610656e-02,2.410071e-03,1.374654e-02,2.130334e-01,1.678905e-02,5.100030e-02,1.961245e-02,1.736558e-02,2.429553e-02,3.672152e-02
3.387490e-01,5.693421e-02,9.826951e-03,9.709397e-02,3.542299e-02,4.329441e-02,2.413744e-03,1.074281e-02,2.295359e-01,1.451938e-02,3.998479e-02,1.856828e-02,1.708036e-02,2.135525e-02,6.447792e-02
2.459678e-01,4.537254e-02,1.357510e-02,9.510203e-02,5.908458e-02,8.919861e-02,4.536408e-03,4.294412e-02,2.630612e-01,1.415252e-02,3.048320e-02,1.413995e-02,1.416377e-02,1.695223e-02,5.126587e-02
2.037956e-01,4.333927e-02,1.815277e-02,8.226498e-02,8.386081e-02,1.361337e-01,4.472194e-03,5.089126e-02,2.617274e-01,1.121989e-02,2.274537e-02,1.015590e-02,1.104991e-02,1.742242e-02,4.276858e-02
1.601205e-01,3.846910e-02,2.005081e-02,6.331531e-02,1.470191e-01,1.224087e-01,5.285366e-03,4.636316e-02,2.721101e-01,1.674791e-02,1.858412e-02,7.421630e-03,8.988866e-03,1.412745e-02,5.898785e-02
1.167502e-01,3.286789e-02,1.869210e-02,5.947559e-02,1.142617e-01,9.397244e-02,4.028228e-03,4.050802e-02,3.974085e-01,1.472253e-02,1.532997e-02,6.002506e-03,7.348674e-03,1.019206e-02,6.843953e-02
8.217271e-02,2.559655e-02,1.562577e-02,6.033746e-02,8.135100e-02,6.772871e-02,2.846316e-03,3.008331e-02,5.114349e-01,1.299232e-02,1.173845e-02,4.327700e-03,5.396647e-03,7.266688e-03,8.110144e-02
5.895153e-02,2.175623e-02,1.374485e-02,6.844391e-02,6.153071e-02,5.141864e-02,2.127339e-03,2.382500e-02,5.885268e-01,1.265706e-02,1.260516e-02,3.415509e-03,5.317457e-03,5.295774e-03,7.038394e-02
4.228764e-02,1.791608e-02,1.263015e-02,1.087402e-01,4.445167e-02,3.684806e-02,1.561994e-03,1.786627e-02,5.221069e-01,2.355314e-02,7.563354e-02,3.500499e-03,7.466954e-03,4.272592e-03,8.116427e-02
3.001369e-02,1.502538e-02,2.179870e-02,1.707056e-01,3.176557e-02,2.610767e-02,1.146184e-03,1.296772e-02,4.537926e-01,2.615355e-02,9.293218e-02,2.781629e-03,6.313912e-03,4.658805e-03,1.038368e-01
2.153813e-02,1.427406e-02,2.641535e-02,2.074471e-01,2.251889e-02,1.858790e-02,8.479751e-04,9.295844e-03,4.225235e-01,2.177217e-02,1.286740e-01,1.073087e-02,1.468090e-02,3.482299e-03,7.721103e-02
2.069354e-02,1.082659e-02,2.517230e-02,3.318017e-01,1.774273e-02,1.547182e-02,1.353393e-03,8.771464e-03,3.055771e-01,1.752636e-02,1.496248e-01,2.076890e-02,1.408070e-02,3.473257e-03,5.711541e-02
2.947570e-02,9.695391e-03,2.959000e-02,3.747865e-01,1.395411e-02,1.406820e-02,1.166006e-03,6.963401e-03,2.205538e-01,1.703893e-02,1.786195e-01,4.055833e-02,1.430161e-02,4.861205e-03,4.436734e-02
3.773157e-02,8.665496e-03,3.443837e-02,3.788568e-01,1.075824e-02,1.445202e-02,1.157447e-03,6.014049e-03,1.576614e-01,4.203124e-02,1.935684e-01,6.119681e-02,1.560922e-02,4.396559e-03,3.346230e-02
3.095798e-02,7.191348e-03,2.704971e-02,2.825765e-01,8.148440e-03,1.414298e-02,9.704894e-04,4.704883e-03,1.180690e-01,3.590327e-02,2.470612e-01,1.695682e-01,2.042412e-02,7.846592e-03,2.538531e-02
2.324929e-02,5.852884e-03,2.092456e-02,2.053045e-01,6.087346e-03,1.312400e-02,8.128473e-04,3.652968e-03,8.773535e-02,2.930581e-02,2.509748e-01,3.010878e-01,2.280318e-02,9.827577e-03,1.925708e-02
1.962486e-02,4.650654e-03,1.565341e-02,1.464568e-01,4.771844e-03,1.269502e-02,6.547297e-04,2.784029e-03,6.644643e-02,2.455690e-02,2.422254e-01,4.121884e-01,2.306246e-02,9.884102e-03,1.434506e-02
1.446329e-02,3.553306e-03,1.156718e-02,1.033771e-01,3.805496e-03,9.943428e-03,4.982415e-04,2.112233e-03,5.140158e-02,2.216134e-02,2.307607e-01,5.004286e-01,2.651445e-02,8.951857e-03,1.046131e-02
1.266634e-02,3.277029e-03,8.346421e-03,7.274126e-02,3.090977e-03,8.056004e-03,4.940451e-04,1.769152e-03,4.568803e-02,2.511024e-02,1.969781e-01,5.801917e-01,2.581066e-02,7.606105e-03,8.174020e-03
1.082992e-02,3.706643e-03,6.381029e-03,5.108459e-02,2.865826e-03,7.077004e-03,5.758464e-04,4.557107e-03,4.556318e-02,2.495602e-02,1.477827e-01,6.555999e-01,2.522286e-02,7.585836e-03,6.211555e-03
7.979119e-03,3.065670e-03,4.870745e-03,3.608143e-02,9.026307e-03,5.876803e-03,8.951484e-04,4.470363e-03,4.470247e-02,1.924717e-02,1.150797e-01,7.157050e-01,2.215035e-02,6.187992e-03,4.661708e-03
6.659693e-03,4.453310e-03,5.938740e-03,2.602102e-02,5.511823e-02,3.730555e-02,1.552702e-02,6.509449e-03,7.462937e-02,1.495324e-02,9.147169e-02,6.343666e-01,1.732304e-02,4.737060e-03,4.985964e-03
7.342364e-03,9.562128e-03,1.335566e-02,1.872601e-02,1.000098e-01,5.374135e-02,2.926704e-02,1.287244e-02,1.368761e-01,1.195734e-02,7.179648e-02,5.127323e-01,1.335567e-02,3.877484e-03,4.527878e-03
