1.000000e+00,0.000000e+00,0.000000e+00,0.000000e+00,0.000000e+00,0.000000e+00,0.000000e+00,0.000000e+00,0.000000e+00,0.000000e+00,0.000000e+00,0.000000e+00,0.000000e+00,0.000000e+00,0.000000e+00
1.000000e+00,0.000000e+00,0.000000e+00,0.000000e+00,0.000000e+00,0.000000e+00,0.000000e+00,0.000000e+00,0.000000e+00,0.000000e+00,0.000000e+00,0.000000e+00,0.000000e+00,0.000000e+00,0.000000e+00
1.000000e+00,0.000000e+00,0.000000e+00,0.000000e+00,0.000000e+00,0.000000e+00,0.000000e+00,0.000000e+00,0.000000e+00,0.000000e+00,0.000000e+00,0.000000e+00,0.000000e+00,0.000000e+00,0.000000e+00
1.000000e+00,0.000000e+00,0.000000e+00,0.000000e+00,0.000000e+00,0.000000e+00,0.000000e+00,0.000000e+00,0.000000e+00,0.000000e+00,0.000000e+00,0.000000e+00,0.000000e+00,0.000000e+00,0.000000e+00
1.000000e+00,0.000000e+00,0.000000e+00,0.000000e+00,0.000000e+00,0.000000e+00,0.000000e+00,0.000000e+00,0.000000e+00,0.000000e+00,0.000000e+00,0.000000e+00,0.000000e+00,0.000000e+00,0.000000e+00
1.000000e+00,0.000000e+00,0.000000e+00,0.000000e+00,0.000000e+00,0.000000e+00,0.000000e+00,0.000000e+00,0.000000e+00,0.000000e+00,0.000000e+00,0.000000e+00,0.000000e+00,0.000000e+00,0.000000e+00
1.000000e+00,0.000000e+00,0.000000e+00,0.000000e+00,0.000000e+00,0.000000e+00,0.000000e+00,0.000000e+00,0.000000e+00,0.000000e+00,0.000000e+00,0.000000e+00,0.000000e+00,0.000000e+00,0.000000e+00
1.000000e+00,0.000000e+00,0.000000e+00,0.000000e+00,0.000000e+00,0.000000e+00,0.000000e+00,0.000000e+00,0.000000e+00,0.000000e+00,0.000000e+00,0.000000e+00,0.000000e+00,0.000000e+00,0.000000e+00
1.000000e+00,0.000000e+00,0.000000e+00,0.000000e+00,0.000000e+00,0.000000e+00,0.000000e+00,0.000000e+00,0.000000e+00,0.000000e+00,0.000000e+00,0.000000e+00,0.000000e+00,0.000000e+00,0.000000e+00
1.000000e+00,0.000000e+00,0.000000e+00,0.000000e+00,0.000000e+00,0.000000e+00,0.000000e+00,0.000000e+00,0.000000e+00,0.000000e+00,0.000000e+00,0.000000e+00,0.000000e+00,0.000000e+00,0.000000e+00
1.000000e+00,0.000000e+00,0.000000e+00,0.000000e+00,0.000000e+00,0.000000e+00,0.000000e+00,0.000000e+00,0.000000e+00,0.000000e+00,0.000000e+00,0.000000e+00,0.000000e+00,0.000000e+00,0.000000e+00
1.000000e+00,0.000000e+00,0.000000e+00,0.000000e+00,0.000000e+00,0.000000e+00,0.000000e+00,0.000000e+00,0.000000e+00,0.000000e+00,0.000000e+00,0.000000e+00,0.000000e+00,0.000000e+00,0.000000e+00
1.000000e+00,0.000000e+00,0.000000e+00,0.000000e+00,0.000000e+00,0.000000e+00,0.000000e+00,0.000000e+00,0.000000e+00,0.000000e+00,0.000000e+00,0.000000e+00,0.000000e+00,0.000000e+00,0.000000e+00
1.000000e+00,0.000000e+00,0.000000e+00,0.000000e+00,0.000000e+00,0.000000e+00,0.000000e+00,0.000000e+00,0.000000e+00,0.000000e+00,0.000000e+00,0.000000e+00,0.000000e+00,0.000000e+00,0.000000e+00
1.000000e+00,0.000000e+00,0.000000e+00,0.000000e+00,0.000000e+00,0.000000e+00,0.000000e+00,0.000000e+00,0.000000e+00,0.000000e+00,0.000000e+00,0.000000e+00,0.000000e+00,0.000000e+00,0.000000e+00
1.000000e+00,0.000000e+00,0.000000e+00,0.000000e+00,0.000000e+00,0.000000e+00,0.000000e+00,0.000000e+00,0.000000e+00,0.000000e+00,0.000000e+00,0.000000e+00,0.000000e+00,0.000000e+00,0.000000e+00
1.000000e+00,0.000000e+00,0.000000e+00,0.000000e+00,0.000000e+00,0.000000e+00,0.000000e+00,0.000000e+00,0.000000e+00,0.000000e+00,0.000000e+00,0.000000e+00,0.000000e+00,0.000000e+00,0.000000e+00
1.000000e+00,0.000000e+00,0.000000e+00,0.000000e+00,0.000000e+00,0.000000e+00,0.000000e+00,0.000000e+00,0.000000e+00,0.000000e+00,0.000000e+00,0.000000e+00,0.000000e+00,0.000000e+00,0.000000e+00
1.000000e+00,0.000000e+00,0.000000e+00,0.000000e+00,0.000000e+00,0.000000e+00,0.000000e+00,0.000000e+00,0.000000e+00,0.000000e+00,0.000000e+00,0.000000e+00,0.000000e+00,0.000000e+00,0.000000e+00
1.000000e+00,0.000000e+00,0.000000e+00,0.000000e+00,0.000000e+00,0.000000e+00,0.000000e+00,0.000000e+00,0.000000e+00,0.000000e+00,0.000000e+00,0.000000e+00,0.000000e+00,0.000000e+00,0.000000e+00
1.000000e+00,0.000000e+00,0.000000e+00,0.000000e+00,0.000000e+00,0.000000e+00,0.000000e+00,0.000000e+00,0.000000e+00,0.000000e+00,0.000000e+00,0.000000e+00,0.000000e+00,0.000000e+00,0.000000e+00
1.000000e+00,0.000000e+00,0.000000e+00,0.000000e+00,0.000000e+00,0.000000e+00,0.000000e+00,0.000000e+00,0.000000e+00,0.000000e+00,0.000000e+00,0.000000e+00,0.000000e+00,0.000000e+00,0.000000e+00
1.000000e+00,0.000000e+00,0.000000e+00,0.000000e+00,0.000000e+00,0.000000e+00,0.000000e+00,0.000000e+00,0.000000e+00,0.000000e+00,0.000000e+00,0.000000e+00,0.000000e+00,0.000000e+00,0.000000e+00
1.000000e+00,0.000000e+00,0.000000e+00,0.000000e+00,0.000000e+00,0.000000e+00,0.000000e+00,0.000000e+00,0.000000e+00,0.000000e+00,0.000000e+00,0.000000e+00,0.000000e+00,0.000000e+00,0.000000e+00
1.000000e+00,0.000000e+00,0.000000e+00,0.000000e+00,0.000000e+00,0.000000e+00,0.000000e+00,0.000000e+00,0.000000e+00,0.000000e+00,0.000000e+00,0.000000e+00,0.000000e+00,0.000000e+00,0.000000e+00
1.000000e+00,0.000000e+00,0.000000e+00,0.000000e+00,0.000000e+00,0.000000e+00,0.000000e+00,0.000000e+00,0.000000e+00,0.000000e+00,0.000000e+00,0.000000e+00,0.000000e+00,0.000000e+00,0.000000e+00
1.000000e+00,0.000000e+00,0.000000e+00,0.000000e+00,0.000000e+00,0.000000e+00,0.000000e+00,0.000000e+00,0.000000e+00,0.000000e+00,0.000000e+00,0.000000e+00,0.000000e+00,0.000000e+00,0.000000e+00
1.000000e+00,0.000000e+00,0.000000e+00,0.000000e+00,0.000000e+00,0.000000e+00,0.000000e+00,0.000000e+00,0.000000e+00,0.000000e+00,0.000000e+00,0.000000e+00,0.000000e+00,0.000000e+00,0.000000e+00
1.000000e+00,0.000000e+00,0.000000e+00,0.000000e+00,0.000000e+00,0.000000e+00,0.000000e+00,0.000000e+00,0.000000e+00,0.000000e+00,0.000000e+00,0.000000e+00,0.000000e+00,0.000000e+00,0.000000e+00
1.000000e+00,0.000000e+00,0.000000e+00,0.000000e+00,0.000000e+00,0.000000e+00,0.000000e+00,0.000000e+00,0.000000e+00,0.000000e+00,0.000000e+00,0.000000e+00,0.000000e+00,0.000000e+00,0.000000e+00
1.000000e+00,0.000000e+00,0.000000e+00,0.000000e+00,0.000000e+00,0.000000e+00,0.000000e+00,0.000000e+00,0.000000e+00,0.000000e+00,0.000000e+00,0.000000e+00,0.000000e+00,0.000000e+00,0.000000e+00
1.000000e+00,0.000000e+00,0.000000e+00,0.000000e+00,0.000000e+00,0.000000e+00,0.000000e+00,0.000000e+00,0.000000e+00,0.000000e+00,0.000000e+00,0.000000e+00,0.000000e+00,0.000000e+00,0.000000e+00
1.000000e+00,0.000000e+00,0.000000e+00,0.000000e+00,0.000000e+00,0.000000e+00,0.000000e+00,0.000000e+00,0.000000e+00,0.000000e+00,0.000000e+00,0.000000e+00,0.000000e+00,0.000000e+00,0.000000e+00
1.000000e+00,0.000000e+00,0.000000e+00,0.000000e+00,0.000000e+00,0.000000e+00,0.000000e+00,0.000000e+00,0.000000e+00,0.000000e+00,0.000000e+00,0.000000e+00,0.000000e+00,0.000000e+00,0.000000e+00
1.000000e+00,0.000000e+00,0.000000e+00,0.000000e+00,0.000000e+00,0.000000e+00,0.000000e+00,0.000000e+00,0.000000e+00,0.000000e+00,0.000000e+00,0.000000e+00,0.000000e+00,0.000000e+00,0.000000e+00
1.000000e+00,0.000000e+00,0.000000e+00,0.000000e+00,0.000000e+00,0.000000e+00,0.000000e+00,0.000000e+00,0.000000e+00,0.000000e+00,0.000000e+00,0.000000e+00,0.000000e+00,0.000000e+00,0.000000e+00
1.000000e+00,0.000000e+00,0.000000e+00,0.000000e+00,0.000000e+00,0.000000e+00,0.000000e+00,0.000000e+00,0.000000e+00,0.000000e+00,0.000000e+00,0.000000e+00,0.000000e+00,0.000000e+00,0.000000e+00
1.000000e+00,0.000000e+00,0.000000e+00,0.000000e+00,0.000000e+00,0.000000e+00,0.000000e+00,0.000000e+00,0.000000e+00,0.000000e+00,0.000000e+00,0.000000e+00,0.000000e+00,0.000000e+00,0.000000e+00
1.000000e+00,0.000000e+00,0.000000e+00,0.000000e+00,0.000000e+00,0.000000e+00,0.000000e+00,0.000000e+00,0.000000e+00,0.000000e+00,0.000000e+00,0.000000e+00,0.000000e+00,0.000000e+00,0.000000e+00
1.000000e+00,0.000000e+00,0.000000e+00,0.000000e+00,0.000000e+00,0.000000e+00,0.000000e+00,0.000000e+00,0.000000e+00,0.000000e+00,0.000000e+00,0.000000e+00,0.000000e+00,0.000000e+00,0.000000e+00
1.000000e+00,0.000000e+00,0.000000e+00,0.000000e+00,0.000000e+00,0.000000e+00,0.000000e+00,0.000000e+00,0.000000e+00,0.000000e+00,0.000000e+00,0.000000e+00,0.000000e+00,0.000000e+00,0.000000e+00
1.000000e+00,0.000000e+00,0.000000e+00,0.000000e+00,0.000000e+00,0.000000e+00,0.000000e+00,0.000000e+00,0.000000e+00,0.000000e+00,0.000000e+00,0.000000e+00,0.000000e+00,0.000000e+00,0.000000e+00
4.526245e-01,1.076976e-01,3.463408e-02,1.441940e-01,1.613120e-02,2.533704e-02,6.850531e-03,2.843806e-02,2.441463e-02,7.846434e-03,2.192825e-02,1.680275e-02,7.276305e-03,8.430340e-03,9.739423e-02
3.595135e-01,1.101138e-01,4.863559e-02,1.660430e-01,1.757684e-02,2.792413e-02,6.576763e-03,3.454112e-02,3.661580e-02,8.973846e-03,2.671218e-02,1.832877e-02,8.631318e-03,1.342386e-02,1.163896e-01
2.744489e-01,1.095988e-01,7.948869e-02,1.941787e-01,1.794086e-02,2.565724e-02,7.192617e-03,3.229301e-02,4.431280e-02,1.059992e-02,3.035249e-02,1.913135e-02,8.661352e-03,1.646545e-02,1.296778e-01
2.580197e-01,1.152501e-01,6.911190e-02,1.877679e-01,1.917094e-02,2.327655e-02,7.769084e-03,2.725435e-02,4.442022e-02,1.184185e-02,3.677347e-02,2.185085e-02,1.044695e-02,2.495512e-02,1.420909e-01
2.103901e-01,1.279017e-01,6.642787e-02,2.029143e-01,2.188408e-02,3.242074e-02,8.478302e-03,2.624438e-02,4.128423e-02,1.052610e-02,5.243187e-02,3.691885e-02,1.235344e-02,2.335476e-02,1.264693e-01
1.643435e-01,9.706262e-02,1.203955e-01,2.181657e-01,1.886520e-02,4.874135e-02,7.851686e-03,2.930080e-02,3.138975e-02,7.903772e-03,6.322799e-02,6.905923e-02,1.123066e-02,1.852697e-02,9.393525e-02
1.347804e-01,7.350349e-02,2.469606e-01,1.933233e-01,1.574268e-02,4.717858e-02,7.397904e-03,4.204425e-02,2.335132e-02,6.010791e-03,5.245567e-02,6.526013e-02,9.345060e-03,1.439925e-02,6.824657e-02
2.005137e-01,6.297576e-02,2.672223e-01,1.652349e-01,1.676128e-02,3.883624e-02,6.884165e-03,4.317526e-02,1.829899e-02,5.337127e-03,4.521911e-02,5.421059e-02,9.474372e-03,1.244252e-02,5.341372e-02
3.276902e-01,5.314012e-02,2.245181e-01,1.365077e-01,1.441489e-02,3.217788e-02,6.431994e-03,3.789593e-02,1.496534e-02,4.742994e-03,3.790860e-02,4.594307e-02,9.878527e-03,1.018060e-02,4.360412e-02
3.166030e-01,4.730861e-02,2.788120e-01,1.327056e-01,1.302661e-02,2.750626e-02,6.653996e-03,4.112770e-02,1.245021e-02,4.224326e-03,3.131179e-02,3.742932e-02,8.537895e-03,7.978464e-03,3.432425e-02
4.302781e-01,3.623542e-02,2.430894e-01,9.915882e-02,1.031829e-02,2.644141e-02,6.291762e-03,3.128117e-02,9.798047e-03,4.530728e-03,2.639272e-02,3.047007e-02,8.625550e-03,7.557697e-03,2.953078e-02
1.000000e+00,0.000000e+00,0.000000e+00,0.000000e+00,0.000000e+00,0.000000e+00,0.000000e+00,0.000000e+00,0.000000e+00,0.000000e+00,0.000000e+00,0.000000e+00,0.000000e+00,0.000000e+00,0.000000e+00
1.000000e+00,0.000000e+00,0.000000e+00,0.000000e+00,0.000000e+00,0.000000e+00,0.000000e+00,0.000000e+00,0.000000e+00,0.000000e+00,0.000000e+00,0.000000e+00,0.000000e+00,0.000000e+00,0.000000e+00
1.000000e+00,0.000000e+00,0.000000e+00,0.000000e+00,0.000000e+00,0.000000e+00,0.000000e+00,0.000000e+00,0.000000e+00,0.000000e+00,0.000000e+00,0.000000e+00,0.000000e+00,0.000000e+00,0.000000e+00
1.000000e+00,0.000000e+00,0.000000e+00,0.000000e+00,0.000000e+00,0.000000e+00,0.000000e+00,0.000000e+00,0.000000e+00,0.000000e+00,0.000000e+00,0.000000e+00,0.000000e+00,0.000000e+00,0.000000e+00
1.000000e+00,0.000000e+00,0.000000e+00,0.000000e+00,0.000000e+00,0.000000e+00,0.000000e+00,0.000000e+00,0.000000e+00,0.000000e+00,0.000000e+00,0.000000e+00,0.000000e+00,0.000000e+00,0.000000e+00
4.768801e-01,2.087810e-02,1.183250e-01,5.964857e-02,5.652576e-03,2.740736e-02,3.692335e-03,2.008740e-02,1.390738e-02,4.530833e-02,9.135529e-02,3.497836e-02,1.385191e-02,1.058348e-02,5.744381e-02
3.724760e-01,2.172822e-02,8.756778e-02,4.499063e-02,4.403849e-03,2.056432e-02,2.672772e-03,1.474312e-02,1.273258e-02,3.820616e-02,2.761416e-01,3.502574e-02,1.056948e-02,1.465681e-02,4.352087e-02
2.772541e-01,1.792380e-02,6.384894e-02,3.499923e-02,4.503466e-03,1.689405e-02,1.968761e-03,1.077482e-02,1.015280e-02,2.857583e-02,4.259737e-01,5.248617e-02,7.944737e-03,1.509477e-02,3.160469e-02
2.239403e-01,1.442636e-02,4.681031e-02,3.425099e-02,6.306220e-03,1.677702e-02,1.666992e-03,8.658277e-03,9.601132e-03,2.294318e-02,4.783543e-01,8.088094e-02,6.475517e-03,2.432651e-02,2.458190e-02
2.180113e-01,1.323345e-02,3.352290e-02,4.237906e-02,1.009020e-02,1.995661e-02,1.460739e-03,6.669513e-03,9.545898e-03,1.825172e-02,4.898969e-01,7.819574e-02,5.929024e-03,3.029606e-02,2.256078e-02
2.246294e-01,1.193998e-02,2.441066e-02,4.756535e-02,1.142965e-02,1.783472e-02,1.342873e-03,5.671487e-03,9.643886e-03,1.458259e-02,4.804330e-01,9.159175e-02,5.434014e-03,3.360415e-02,1.988651e-02
1.935354e-01,1.290327e-02,1.840848e-02,6.680966e-02,1.783626e-02,1.746960e-02,1.639549e-03,4.689973e-03,8.662107e-03,1.150883e-02,4.913205e-01,9.862515e-02,5.008091e-03,3.363005e-02,1.795302e-02
1.597021e-01,1.339682e-02,1.332562e-02,6.379651e-02,1.801267e-02,1.501497e-02,1.316562e-03,3.760866e-03,7.683445e-03,8.445340e-03,5.616624e-01,8.659364e-02,4.236479e-03,2.829451e-02,1.475802e-02
1.534098e-01,1.672629e-02,9.790298e-03,5.899967e-02,2.222529e-02,1.385161e-02,1.278060e-03,2.943734e-03,8.837672e-03,6.365809e-03,5.684419e-01,9.202299e-02,4.180043e-03,2.542716e-02,1.549968e-02
1.445283e-01,1.478916e-02,7.186859e-03,4.705840e-02,3.986584e-02,1.298807e-02,1.662556e-03,2.756201e-03,1.492986e-02,4.688087e-03,5.441391e-01,1.271755e-01,4.470514e-03,2.182899e-02,1.193267e-02
1.116412e-01,1.158809e-02,5.301433e-03,3.518215e-02,4.809672e-02,1.169715e-02,1.553259e-03,2.709949e-03,1.402948e-02,3.460478e-03,6.118145e-01,1.110290e-01,3.963428e-03,1.897611e-02,8.957043e-03
8.557521e-02,8.717330e-03,3.875757e-03,2.529909e-02,3.940697e-02,1.022168e-02,1.414094e-03,2.647578e-03,1.500937e-02,2.575675e-03,6.738350e-01,1.060641e-01,3.748951e-03,1.499256e-02,6.616622e-03
6.876752e-02,9.686695e-03,3.674381e-03,1.825411e-02,3.197615e-02,1.139723e-02,2.350902e-03,3.119609e-03,1.594963e-02,1.916863e-03,7.271159e-01,8.491348e-02,4.549311e-03,1.096057e-02,5.367708e-03
6.483305e-02,1.272466e-02,3.647392e-03,1.403202e-02,2.592725e-02,1.285136e-02,3.329175e-03,3.298719e-03,1.803672e-02,1.499851e-03,7.426562e-01,7.681377e-02,7.194826e-03,8.173998e-03,4.981010e-03
8.316748e-02,1.483180e-02,1.437931e-02,1.777725e-02,2.651398e-02,2.558198e-02,4.673255e-03,3.020260e-02,2.365327e-02,1.853605e-03,6.644016e-01,7.192561e-02,8.409120e-03,7.194501e-03,5.434701e-03
8.584589e-02,1.684436e-02,1.160289e-02,1.519949e-02,2.518247e-02,2.460636e-02,4.069191e-03,2.334983e-02,2.477018e-02,1.541891e-03,6.773811e-01,7.046861e-02,7.857911e-03,5.897815e-03,5.382039e-03
8.816004e-02,2.957539e-02,1.262594e-02,1.682452e-02,3.035860e-02,2.194064e-02,3.278147e-03,1.731700e-02,3.888197e-02,1.654873e-03,6.565083e-01,6.141663e-02,7.002316e-03,6.171386e-03,8.284309e-03
9.874815e-02,1.114618e-01,1.420066e-02,1.377277e-02,3.314611e-02,2.211742e-02,2.419341e-03,1.563870e-02,6.002945e-02,1.702252e-03,5.597098e-01,4.641949e-02,5.505351e-03,5.543270e-03,9.585436e-03
1.079811e-01,1.193420e-01,2.611824e-02,2.540530e-02,3.868775e-02,2.254671e-02,2.880225e-03,1.911946e-02,8.697540e-02,2.069792e-03,4.728687e-01,5.243553e-02,6.499558e-03,5.742495e-03,1.132765e-02
2.126507e-01,1.033068e-01,2.421767e-02,2.938645e-02,4.253779e-02,2.081295e-02,3.589842e-03,1.633720e-02,7.292891e-02,1.830171e-03,4.000185e-01,4.647203e-02,7.834977e-03,5.871808e-03,1.220418e-02
2.827812e-01,7.910904e-02,3.741381e-02,4.728246e-02,4.880127e-02,2.470449e-02,5.166115e-03,2.066507e-02,5.800650e-02,1.669122e-03,3.249696e-01,4.455067e-02,7.949810e-03,5.677765e-03,1.125316e-02
3.324767e-01,6.579648e-02,8.825649e-02,4.419941e-02,4.382204e-02,2.191149e-02,5.224015e-03,1.947785e-02,4.764658e-02,1.536054e-03,2.703433e-01,3.688199e-02,7.134921e-03,5.505121e-03,9.787587e-03
3.319034e-01,5.417657e-02,1.243126e-01,6.921592e-02,6.655403e-02,2.308059e-02,5.209709e-03,2.119752e-02,4.051459e-02,2.362992e-03,2.024959e-01,3.521883e-02,7.488543e-03,5.740172e-03,1.052867e-02
3.480204e-01,5.351699e-02,1.703854e-01,7.321806e-02,6.469975e-02,2.063487e-02,4.743272e-03,1.864860e-02,3.836973e-02,2.725399e-03,1.503540e-01,3.048047e-02,7.133743e-03,6.715681e-03,1.035365e-02
3.567866e-01,4.309141e-02,1.316285e-01,8.465023e-02,6.887728e-02,1.789291e-02,4.685252e-03,1.027303e-01,3.227664e-02,3.574843e-03,1.083732e-01,2.459624e-02,7.248912e-03,5.251128e-03,8.336577e-03
2.751380e-01,3.143639e-02,9.460311e-02,6.309294e-02,6.255618e-02,1.415819e-02,3.791023e-03,3.158197e-01,2.553306e-02,2.612726e-03,7.696805e-02,1.846791e-02,6.072888e-03,3.732029e-03,6.017927e-03
2.174870e-01,2.254703e-02,6.762224e-02,4.681241e-02,7.223593e-02,1.925250e-02,3.732015e-03,4.472670e-01,1.823242e-02,2.021070e-03,5.550076e-02,1.408944e-02,5.951447e-03,2.724105e-03,4.524666e-03
1.743913e-01,1.608783e-02,4.798031e-02,4.625445e-02,8.330218e-02,2.569515e-02,8.748575e-03,3.829944e-01,1.552223e-02,3.592569e-03,7.419644e-02,3.935118e-02,7.508178e-02,2.552839e-03,4.248768e-03
1.314896e-01,1.181608e-02,3.431214e-02,4.444522e-02,8.909936e-02,2.157131e-02,1.673906e-02,3.109509e-01,1.377761e-02,3.116050e-03,6.546169e-02,1.733350e-01,7.550219e-02,5.145115e-03,3.238614e-03
9.460477e-02,8.348574e-03,2.429797e-02,3.237808e-02,6.418985e-02,1.634570e-02,1.204636e-02,2.230468e-01,1.106019e-02,2.391350e-03,5.283816e-02,3.820433e-01,6.840701e-02,5.663665e-03,2.338190e-03
7.080463e-02,5.903060e-03,1.725248e-02,2.323608e-02,4.588690e-02,1.821545e-02,8.662498e-03,1.627225e-01,8.823920e-03,1.729390e-03,5.989674e-02,5.187198e-01,5.185330e-02,4.599234e-03,1.693949e-03
5.022962e-02,4.211431e-03,1.216332e-02,1.630665e-02,3.229672e-02,1.373994e-02,6.093264e-03,1.142104e-01,6.670198e-03,1.295540e-03,8.163977e-02,6.197819e-01,3.682733e-02,3.318547e-03,1.215439e-03
3.529629e-02,3.003301e-03,8.549132e-03,1.142909e-02,2.279597e-02,1.056158e-02,4.271565e-03,8.001305e-02,5.113190e-03,9.879275e-04,8.327676e-02,7.053704e-01,2.609738e-02,2.370690e-03,8.636993e-04
2.476447e-02,2.169325e-03,6.011346e-03,8.013995e-03,1.637929e-02,8.177292e-03,2.997053e-03,5.608375e-02,4.269401e-03,7.702367e-04,6.935439e-02,7.802428e-01,1.842472e-02,1.722381e-03,6.195719e-04
1.740848e-02,2.794319e-03,4.441115e-03,5.634371e-03,1.534757e-02,6.557282e-03,2.107507e-03,3.928978e-02,3.558841e-03,6.769632e-04,7.661889e-02,8.105726e-01,1.326908e-02,1.257541e-03,4.656911e-04
1.228388e-02,2.414728e-03,3.234438e-03,3.954367e-03,1.225820e-02,4.890449e-03,1.480467e-03,2.752606e-02,2.930058e-03,5.747255e-04,8.851406e-02,8.291479e-01,9.535729e-03,9.105213e-04,3.443762e-04
9.134891e-03,1.896414e-03,2.368276e-03,2.793038e-03,9.224134e-03,4.459679e-03,1.048975e-03,1.932588e-02,2.140371e-03,4.890241e-04,8.888402e-02,8.505452e-01,6.763169e-03,6.735944e-04,2.533948e-04
8.141829e-03,1.593510e-03,1.720300e-03,2.076938e-03,7.111536e-03,3.782452e-03,7.446099e-04,1.356893e-02,1.589127e-03,4.186015e-04,7.294407e-02,8.807422e-01,4.783039e-03,5.759408e-04,2.069658e-04
7.330704e-03,1.652771e-03,1.387715e-03,1.608024e-03,8.406602e-03,4.704861e-03,6.218582e-04,9.642859e-03,1.177356e-03,3.869755e-04,5.743987e-02,9.015963e-01,3.387900e-03,4.881081e-04,1.681091e-04
5.860975e-03,3.043169e-03,1.503389e-03,1.281122e-03,1.389292e-02,7.153017e-03,7.108478e-04,7.251730e-03,9.336526e-04,3.654983e-04,4.111260e-02,9.139150e-01,2.390890e-03,4.512983e-04,1.338856e-04
5.148449e-03,3.573597e-03,1.686370e-03,1.053863e-03,1.416543e-02,6.632021e-03,5.623700e-04,5.390998e-03,7.548046e-04,3.703516e-04,3.431401e-02,9.241304e-01,1.709637e-03,3.832453e-04,1.244505e-04
5.847748e-03,3.715908e-03,1.976497e-03,1.096938e-03,1.622342e-02,9.112488e-03,5.370413e-04,4.724470e-03,5.877746e-04,3.509294e-04,2.583084e-02,9.282485e-01,1.245866e-03,3.756593e-04,1.259866e-04
5.056160e-03,2.906824e-03,1.715596e-03,1.010907e-03,2.965725e-02,8.888574e-03,1.058664e-03,5.003158e-03,5.007429e-04,3.114698e-04,2.285279e-02,9.193507e-01,1.076996e-03,5.025138e-04,1.076096e-04
5.634721e-03,2.565861e-03,1.516268e-03,9.253070e-04,4.309086e-02,1.376205e-02,1.533560e-03,5.858625e-03,4.826726e-04,2.761803e-04,1.987953e-02,9.029709e-01,8.625970e-04,5.327682e-04,1.081063e-04
7.072501e-03,2.452037e-03,1.383169e-03,8.404624e-04,8.331370e-02,1.326586e-02,3.339156e-03,9.416603e-03,9.672950e-04,2.912018e-04,2.492440e-02,8.511026e-01,7.612586e-04,7.511961e-04,1.185631e-04
1.183657e-02,3.267974e-03,1.314751e-03,9.028211e-04,9.868895e-02,1.214357e-02,5.085770e-03,9.062476e-03,1.518662e-03,2.983517e-04,2.291684e-02,8.311669e-01,7.110729e-04,8.571557e-04,2.280838e-04
1.318922e-02,2.608845e-03,1.551219e-03,9.686855e-04,2.071330e-01,1.165824e-02,6.295388e-03,2.076591e-02,1.658862e-03,3.117751e-04,2.046131e-02,7.116083e-01,5.661236e-04,1.023263e-03,1.999011e-04
1.156640e-02,2.105332e-03,2.034772e-03,8.286143e-04,2.114507e-01,8.700298e-03,4.697593e-03,3.235320e-02,2.662735e-03,4.301401e-04,1.587949e-02,7.054750e-01,6.856183e-04,9.724730e-04,1.576079e-04
1.035649e-02,1.590297e-03,2.162406e-03,1.023111e-03,2.841027e-01,7.501817e-03,3.787354e-03,4.428305e-02,5.844670e-03,3.876081e-04,1.494454e-02,6.221850e-01,8.382789e-04,8.769379e-04,1.157278e-04
9.116675e-03,1.208360e-03,5.152103e-03,2.207076e-03,3.452538e-01,6.073445e-03,2.948494e-03,1.424951e-01,9.277772e-03,3.864939e-04,1.246826e-02,4.616007e-01,1.006125e-03,7.214025e-04,8.422673e-05
9.969447e-03,1.098708e-03,8.074064e-03,5.525114e-03,3.890816e-01,6.671864e-03,2.604297e-03,2.077027e-01,1.655812e-02,5.584076e-04,1.169862e-02,3.387395e-01,1.028745e-03,6.219571e-04,6.680746e-05
1.200466e-02,9.185009e-04,1.848634e-02,3.403733e-02,3.455330e-01,6.537352e-03,2.275103e-03,3.080644e-01,1.812464e-02,5.285111e-04,1.075537e-02,2.413921e-01,8.271550e-04,4.518537e-04,6.372546e-05
1.769513e-02,1.222371e-03,1.651788e-02,5.244965e-02,3.086437e-01,7.072242e-03,2.107779e-03,3.571950e-01,4.704289e-02,8.233731e-04,1.259701e-02,1.753369e-01,8.122412e-04,3.958540e-04,8.796629e-05
3.471743e-02,1.339785e-03,1.258160e-02,6.792451e-02,2.804937e-01,6.082530e-03,1.654401e-03,3.436100e-01,1.049844e-01,1.385482e-03,1.753308e-02,1.261170e-01,9.477388e-04,4.791709e-04,1.490966e-04
4.941406e-02,1.950672e-03,9.791160e-03,9.650770e-02,2.634490e-01,5.047151e-03,1.559284e-03,3.109423e-01,1.392049e-01,1.849858e-03,2.558352e-02,9.203302e-02,1.261796e-03,1.211517e-03,1.941563e-04
6.105453e-02,2.406278e-03,7.849939e-03,9.784903e-02,2.516131e-01,4.405960e-03,1.294300e-03,3.029630e-01,1.647495e-01,2.310225e-03,3.295387e-02,6.680125e-02,1.577353e-03,1.937932e-03,2.337231e-04
7.675093e-02,2.130447e-03,6.163621e-03,1.139532e-01,2.069146e-01,3.402190e-03,1.029274e-03,3.867409e-01,1.224321e-01,2.041264e-03,2.653185e-02,4.839167e-02,1.706775e-03,1.576148e-03,2.350455e-04
6.294924e-02,1.573818e-03,4.586054e-03,8.498213e-02,1.636681e-01,2.734307e-03,8.218893e-04,5.349714e-01,8.641917e-02,1.489629e-03,1.901062e-02,3.416833e-02,1.325832e-03,1.121197e-03,1.783860e-04
4.804637e-02,1.133343e-03,3.338878e-03,6.408779e-02,1.245783e-01,2.511641e-03,6.473551e-04,6.546413e-01,6.061179e-02,1.063257e-03,1.343248e-02,2.398636e-02,9.966564e-04,7.921762e-04,1.323631e-04
7.350250e-02,9.128378e-04,2.519300e-03,4.652521e-02,8.942292e-02,5.340849e-03,5.145877e-04,6.911733e-01,4.285229e-02,1.082391e-03,1.620524e-02,2.212239e-02,6.862764e-03,7.427214e-04,2.206857e-04
7.410283e-02,1.067906e-03,1.805584e-03,3.376264e-02,6.332798e-02,4.073092e-03,4.084191e-04,5.977475e-01,3.130254e-02,1.623721e-03,1.241140e-01,3.249977e-02,2.283378e-02,1.018985e-02,1.140391e-03
6.522399e-02,2.666757e-03,1.433299e-03,2.545320e-02,4.536590e-02,3.265161e-03,3.686525e-04,4.852180e-01,2.339712e-02,3.650365e-03,2.111431e-01,5.165379e-02,2.110783e-02,5.894693e-02,1.105924e-03
6.374069e-02,5.048860e-03,1.263737e-03,1.890264e-02,3.250490e-02,2.692622e-03,3.041433e-04,3.475679e-01,1.873842e-02,5.337934e-03,3.278457e-01,9.853539e-02,1.858682e-02,5.801903e-02,9.112058e-04
5.091598e-02,4.562663e-03,1.418992e-03,1.437195e-02,2.599686e-02,2.051684e-03,2.488179e-04,2.475113e-01,1.527752e-02,4.639708e-03,4.382601e-01,1.154472e-01,1.629513e-02,6.228961e-02,7.125113e-04
4.463582e-02,4.731403e-03,1.884587e-03,1.068832e-02,2.062797e-02,2.213188e-03,3.234359e-04,1.753220e-01,1.316827e-02,4.521229e-03,4.070879e-01,1.861195e-01,1.269777e-02,1.152728e-01,7.057396e-04
4.681602e-02,1.648144e-02,4.841149e-03,9.153119e-03,1.958087e-02,5.677796e-03,4.749791e-04,1.259845e-01,2.793550e-02,6.083591e-03,3.945924e-01,1.721626e-01,1.136499e-02,1.574418e-01,1.409255e-03
7.857925e-02,1.605772e-02,9.966119e-03,8.696025e-03,1.608929e-02,8.761898e-03,6.293776e-04,9.125992e-02,2.560841e-02,7.378247e-03,4.435667e-01,1.398871e-01,9.655113e-03,1.419111e-01,1.953781e-03
7.633524e-02,1.360355e-02,1.067939e-02,7.330644e-03,1.195902e-02,1.229622e-02,6.145684e-04,6.480725e-02,4.070526e-02,7.261296e-03,4.150155e-01,1.277376e-01,9.597493e-03,1.987822e-01,3.274822e-03
6.227756e-02,1.159286e-02,9.252929e-03,6.172135e-03,8.694103e-03,1.292797e-02,4.873579e-04,4.589304e-02,6.859754e-02,6.486266e-03,3.534188e-01,1.139725e-01,8.773762e-03,2.877648e-01,3.688336e-03
4.569953e-02,1.452313e-02,1.822856e-02,7.228872e-03,6.603952e-03,1.123842e-02,3.971486e-04,3.315849e-02,1.556725e-01,5.256421e-03,2.615065e-01,8.160155e-02,6.899072e-03,3.478967e-01,4.089215e-03
3.710876e-02,1.268194e-02,1.605733e-02,6.133715e-03,4.777974e-03,1.205796e-02,3.076729e-04,2.348843e-02,2.096198e-01,4.800737e-03,1.986911e-01,5.807398e-02,5.434215e-03,4.065753e-01,4.191226e-03
2.847481e-02,1.028633e-02,2.048788e-01,1.204455e-02,3.962078e-03,1.018771e-02,2.481491e-04,1.739315e-02,2.153665e-01,4.473582e-03,1.500370e-01,4.087782e-02,4.784939e-03,2.933244e-01,3.660226e-03
2.364960e-02,9.754622e-03,2.190785e-01,1.610974e-02,3.054389e-03,9.061552e-03,2.289953e-04,1.423453e-02,2.769403e-01,1.155628e-02,1.336105e-01,2.952408e-02,6.326336e-03,2.388134e-01,8.057208e-03
5.977372e-02,1.245462e-02,2.304482e-01,2.103337e-02,2.477534e-02,9.413375e-03,3.645849e-03,1.239038e-02,2.576464e-01,1.365171e-02,1.209012e-01,2.338637e-02,7.443825e-03,1.957115e-01,7.324086e-03
6.406930e-02,3.258653e-02,2.043746e-01,4.920433e-02,1.067845e-01,1.270856e-02,6.255495e-03,1.884050e-02,2.129854e-01,1.056416e-02,9.957574e-02,1.779981e-02,8.365806e-03,1.492131e-01,6.672258e-03
7.433500e-02,3.326661e-02,1.673684e-01,9.667113e-02,2.015381e-01,1.297061e-02,5.238952e-03,1.929101e-02,1.646092e-01,9.214384e-03,7.621429e-02,1.474844e-02,8.276098e-03,1.089117e-01,7.345987e-03
1.507609e-01,3.705651e-02,1.668322e-01,9.165503e-02,1.642721e-01,1.501550e-02,4.319419e-03,1.709150e-02,1.307185e-01,7.765111e-03,6.174001e-02,1.365973e-02,7.905103e-03,1.127011e-01,1.850729e-02
1.639193e-01,3.926266e-02,2.094967e-01,1.264952e-01,1.361709e-01,1.370883e-02,3.374577e-03,1.947582e-02,1.043747e-01,6.485442e-03,4.880560e-02,1.167388e-02,7.210500e-03,9.252898e-02,1.701691e-02
1.671937e-01,3.860253e-02,2.640654e-01,1.541669e-01,1.023986e-01,1.275873e-02,3.271145e-03,1.684216e-02,7.730799e-02,6.560486e-03,4.122292e-02,1.427231e-02,7.779973e-03,6.643850e-02,2.711874e-02
1.565827e-01,3.158232e-02,2.980115e-01,1.559078e-01,7.484137e-02,9.790811e-03,2.452436e-03,1.487894e-02,7.822749e-02,2.063279e-02,3.790116e-02,1.355748e-02,1.513704e-02,4.910996e-02,4.138622e-02
1.352288e-01,2.430094e-02,3.238145e-01,1.772993e-01,6.248134e-02,8.582834e-03,1.836150e-03,1.497353e-02,6.345199e-02,6.130350e-02,3.270272e-02,1.148422e-02,1.314095e-02,3.734287e-02,3.205649e-02
1.947825e-01,1.961270e-02,2.727305e-01,1.413312e-01,5.835710e-02,7.754623e-03,1.498018e-03,2.280144e-02,7.726023e-02,9.358591e-02,2.647648e-02,1.033580e-02,1.069150e-02,3.429914e-02,2.848285e-02
1.443012e-01,1.445291e-02,2.390014e-01,1.029187e-01,4.303330e-02,6.224091e-03,1.139885e-03,1.694560e-02,5.464332e-02,2.955501e-01,1.913080e-02,7.551946e-03,8.047529e-03,2.562709e-02,2.143219e-02
1.123909e-01,1.227717e-02,1.748731e-01,7.421475e-02,3.650403e-02,6.334799e-03,1.328531e-03,1.300468e-02,4.253518e-02,4.568687e-01,1.936394e-02,5.727639e-03,8.112601e-03,1.855689e-02,1.790707e-02
1.101241e-01,2.645208e-02,1.459155e-01,8.590594e-02,4.251477e-02,1.029185e-02,1.421138e-03,1.090739e-02,4.008843e-02,4.539407e-01,2.184968e-02,4.857710e-03,9.013264e-03,1.417129e-02,2.254622e-02
1.320657e-01,2.839177e-02,1.240278e-01,7.360198e-02,6.297248e-02,3.167076e-02,2.325679e-03,1.091772e-02,3.307261e-02,4.353159e-01,1.995334e-02,4.576688e-03,8.793366e-03,1.179477e-02,2.051942e-02
2.732668e-01,3.109593e-02,9.412861e-02,5.636471e-02,6.076825e-02,2.899359e-02,2.784596e-03,1.039343e-02,3.226198e-02,3.389088e-01,1.708532e-02,7.366522e-03,7.587892e-03,1.297330e-02,2.602031e-02
2.362702e-01,4.087527e-02,1.683705e-01,5.560635e-02,4.819217e-02,3.192972e-02,4.502142e-03,9.598069e-03,2.824914e-02,2.556114e-01,1.969824e-02,1.584894e-02,1.426382e-02,3.570220e-02,3.528185e-02
2.115894e-01,4.467097e-02,2.534025e-01,4.579068e-02,3.540580e-02,2.697658e-02,4.137832e-03,7.956277e-03,2.364450e-02,1.848348e-01,1.752976e-02,1.478233e-02,1.204419e-02,6.905798e-02,4.817633e-02
2.357135e-01,3.636957e-02,2.384531e-01,3.422612e-02,2.669016e-02,2.258165e-02,3.400095e-03,7.260334e-03,3.328928e-02,1.533656e-01,2.737595e-02,1.226742e-02,1.375096e-02,1.040902e-01,5.116602e-02
3.061510e-01,3.144344e-02,1.926682e-01,3.391628e-02,2.543361e-02,3.982615e-02,3.022944e-03,9.193507e-03,3.465253e-02,1.132610e-01,2.756743e-02,1.158729e-02,1.252402e-02,1.025291e-01,5.622348e-02
3.713029e-01,2.474430e-02,1.433487e-01,2.724616e-02,2.701450e-02,4.020830e-02,2.614087e-03,9.197572e-03,2.984255e-02,8.742864e-02,2.758761e-02,9.799426e-03,1.152625e-02,1.345962e-01,5.354280e-02
3.049980e-01,1.860464e-02,1.128562e-01,2.207092e-02,2.515027e-02,3.155826e-02,1.993804e-03,7.846042e-03,5.614759e-02,6.900816e-02,3.963783e-02,7.781047e-03,9.387203e-03,2.424613e-01,5.049872e-02
2.536604e-01,1.438685e-02,8.163802e-02,1.822232e-02,2.875682e-02,2.574795e-02,1.808017e-03,7.167008e-03,9.775199e-02,5.848573e-02,5.402192e-02,7.486509e-03,8.385072e-03,2.982766e-01,4.420467e-02
1.816194e-01,1.055664e-02,5.744267e-02,1.384718e-02,2.169560e-02,1.843628e-02,1.480716e-03,5.221588e-03,1.084060e-01,6.522866e-02,1.153160e-01,9.437840e-03,7.232574e-03,3.489484e-01,3.513048e-02
1.366216e-01,7.615529e-03,4.113570e-02,1.084503e-02,1.658830e-02,1.377552e-02,1.301433e-03,4.098705e-03,8.999805e-02,5.968757e-02,1.852939e-01,1.070848e-02,6.970806e-03,3.891963e-01,2.616305e-02
1.029220e-01,5.911369e-03,3.043789e-02,8.188847e-03,1.368906e-02,1.001339e-02,1.090242e-03,3.221452e-03,7.253798e-02,5.361152e-02,1.689118e-01,9.615953e-03,6.180895e-03,4.945340e-01,1.913356e-02
7.560525e-02,4.970416e-03,2.522652e-02,8.096850e-03,3.399630e-02,9.593387e-03,1.765320e-03,5.345598e-03,7.245794e-02,6.876092e-02,1.683006e-01,1.461082e-02,8.615413e-03,4.827219e-01,1.993277e-02
6.147753e-02,4.631756e-03,2.067609e-02,7.699359e-03,4.897175e-02,1.328813e-02,1.838020e-03,7.781214e-03,5.957092e-02,7.551856e-02,1.676186e-01,1.778392e-02,8.991675e-03,4.831945e-01,2.095799e-02
7.342042e-02,7.769084e-03,6.187259e-02,1.077244e-02,5.496684e-02,2.826754e-02,2.177653e-03,1.659992e-02,4.681059e-02,6.557056e-02,1.463301e-01,1.642964e-02,7.728488e-03,4.449068e-01,1.637737e-02
7.301784e-02,1.032109e-02,6.071442e-02,1.099319e-02,6.009812e-02,3.687960e-02,2.813946e-03,1.881513e-02,4.241901e-02,5.771608e-02,1.451427e-01,1.647351e-02,6.694729e-03,4.452989e-01,1.260167e-02
1.056281e-01,2.393193e-02,5.537632e-02,1.733869e-02,6.630658e-02,6.510706e-02,2.631330e-03,1.868801e-02,4.940069e-02,5.250689e-02,1.352916e-01,1.467882e-02,5.990847e-03,3.762767e-01,1.084646e-02
1.366450e-01,2.664154e-02,4.401472e-02,2.869379e-02,5.794451e-02,5.969656e-02,1.974890e-03,1.654337e-02,7.325745e-02,5.344236e-02,1.365333e-01,1.291511e-02,8.231107e-03,3.313915e-01,1.207475e-02
1.411964e-01,3.543935e-02,3.965871e-02,4.041897e-02,4.482942e-02,5.331004e-02,1.543942e-03,1.424128e-02,9.177861e-02,4.791116e-02,1.459494e-01,1.160114e-02,1.033577e-02,2.919275e-01,2.985832e-02
1.356179e-01,2.712602e-02,3.415385e-02,3.222394e-02,3.295452e-02,4.606369e-02,1.350386e-03,1.210707e-02,1.267098e-01,4.227400e-02,1.425900e-01,1.046519e-02,9.422623e-03,3.216506e-01,2.529028e-02
1.600508e-01,2.251248e-02,2.917331e-02,2.934469e-02,2.472374e-02,4.704751e-02,1.451467e-03,1.145197e-02,1.415090e-01,3.506175e-02,1.401119e-01,1.084229e-02,8.173839e-03,3.117723e-01,2.677282e-02
2.107583e-01,1.858218e-02,2.968351e-02,2.287283e-02,1.871118e-02,5.314315e-02,1.359098e-03,8.986979e-03,1.451966e-01,2.564142e-02,1.101383e-01,9.536784e-03,6.784509e-03,3.146577e-01,2.394738e-02
2.450247e-01,1.800238e-02,3.426425e-02,1.756395e-02,1.764427e-02,4.814772e-02,1.255209e-03,8.674210e-03,1.810873e-01,1.974204e-02,8.540454e-02,7.157824e-03,5.397433e-03,2.916313e-01,1.900294e-02
2.713478e-01,1.615394e-02,3.228856e-02,1.444056e-02,1.499883e-02,4.248556e-02,1.021015e-03,7.410905e-03,1.847613e-01,1.713250e-02,7.633924e-02,5.470430e-03,6.451702e-03,2.937024e-01,1.599523e-02
2.409742e-01,1.380819e-02,3.183528e-02,1.824481e-02,1.381813e-02,3.814302e-02,1.108060e-03,6.811504e-03,2.201592e-01,1.286522e-02,8.506814e-02,6.045139e-03,5.777540e-03,2.908650e-01,1.447659e-02
1.953957e-01,1.077872e-02,2.717446e-02,1.484285e-02,1.171382e-02,2.934249e-02,9.929367e-04,6.101745e-03,2.877403e-01,1.039322e-02,7.768232e-02,5.086408e-03,4.780731e-03,3.061304e-01,1.184383e-02
1.685948e-01,8.947346e-03,2.080651e-02,1.122548e-02,9.297678e-03,2.496108e-02,7.838985e-04,5.683236e-03,3.460560e-01,8.687397e-03,6.857437e-02,3.994616e-03,3.971001e-03,3.081478e-01,1.026892e-02
1.408174e-01,9.410654e-03,1.734616e-02,1.054371e-02,8.117697e-03,2.275885e-02,5.996762e-04,4.886382e-03,3.723193e-01,7.172700e-03,6.354696e-02,2.994120e-03,3.466894e-03,3.268134e-01,9.206107e-03
1.190626e-01,8.040894e-03,2.023489e-02,1.105297e-02,6.542546e-03,1.761749e-02,4.931181e-04,5.447064e-03,3.924093e-01,5.713230e-03,5.744233e-02,2.285601e-03,2.731634e-03,3.430156e-01,7.910755e-03
1.019734e-01,6.887304e-03,1.933541e-02,1.144783e-02,5.908699e-03,1.726999e-02,4.107234e-04,8.054352e-03,4.341174e-01,5.129803e-03,5.210519e-02,1.827825e-03,2.128911e-03,3.241890e-01,9.214126e-03
8.314954e-02,5.077494e-03,1.557628e-02,9.567281e-03,4.694813e-03,1.634939e-02,3.187712e-04,7.398495e-03,4.303674e-01,4.363801e-03,4.660711e-02,1.403419e-03,1.775449e-03,3.657331e-01,7.617737e-03
8.790600e-02,3.820588e-03,2.489023e-02,1.971133e-02,4.727912e-03,1.538486e-02,3.992713e-04,1.868066e-02,4.281009e-01,4.152490e-03,4.736647e-02,1.328379e-03,1.614443e-03,3.356355e-01,6.281034e-03
1.062940e-01,2.942116e-03,2.193769e-02,2.263588e-02,4.350396e-03,1.414262e-02,3.314587e-04,1.686924e-02,4.001874e-01,4.110560e-03,5.635408e-02,1.314350e-03,1.371040e-03,3.416349e-01,5.524330e-03
1.266829e-01,2.384065e-03,1.949831e-02,2.270938e-02,4.255259e-03,1.719931e-02,3.299531e-04,1.563037e-02,3.484485e-01,3.682713e-03,6.344940e-02,1.589323e-03,1.395172e-03,3.676181e-01,5.127295e-03
1.426309e-01,2.270711e-03,1.941698e-02,2.049113e-02,5.036509e-03,1.695662e-02,3.943298e-04,1.709365e-02,3.780910e-01,3.164285e-03,5.425999e-02,2.094063e-03,1.782670e-03,3.305391e-01,5.778069e-03
1.464633e-01,2.024415e-03,1.656121e-02,1.744067e-02,4.585054e-03,1.461329e-02,3.625085e-04,1.654846e-02,4.170190e-01,3.632840e-03,4.775709e-02,2.416410e-03,2.084583e-03,3.025544e-01,5.936802e-03
1.788690e-01,2.215652e-03,3.835863e-02,5.707350e-02,4.522887e-03,1.846069e-02,8.688956e-04,3.465139e-02,3.555547e-01,3.437161e-03,4.412003e-02,3.646744e-03,2.720335e-03,2.497235e-01,5.777028e-03
1.918821e-01,2.365076e-03,3.524197e-02,6.656633e-02,4.276286e-03,1.737901e-02,1.079416e-03,1.179527e-01,3.219880e-01,3.477482e-03,3.598198e-02,4.356714e-03,3.015445e-03,1.886982e-01,5.739352e-03
2.239423e-01,3.635632e-03,3.949264e-02,7.305876e-02,5.094441e-03,1.725008e-02,1.896515e-03,1.376169e-01,2.914383e-01,3.633942e-03,3.305515e-02,6.151748e-03,4.018825e-03,1.523596e-01,7.355276e-03
2.943295e-01,3.729024e-03,3.943396e-02,8.607943e-02,5.095006e-03,2.086534e-02,3.024318e-03,1.579743e-01,2.192838e-01,3.384391e-03,2.751778e-02,7.995651e-03,4.908126e-03,1.174800e-01,8.899441e-03
3.582957e-01,4.443336e-03,3.697946e-02,8.582496e-02,5.346103e-03,2.803518e-02,3.737645e-03,1.757831e-01,1.631081e-01,3.240665e-03,2.158886e-02,8.463152e-03,6.126484e-03,8.787167e-02,1.115561e-02
4.465518e-01,6.709263e-03,3.386002e-02,6.486586e-02,7.250669e-03,2.636958e-02,4.286019e-03,1.781361e-01,1.175981e-01,3.033298e-03,1.748669e-02,8.449435e-03,6.584449e-03,6.582059e-02,1.299827e-02
1.000000e+00,0.000000e+00,0.000000e+00,0.000000e+00,0.000000e+00,0.000000e+00,0.000000e+00,0.000000e+00,0.000000e+00,0.000000e+00,0.000000e+00,0.000000e+00,0.000000e+00,0.000000e+00,0.000000e+00
1.000000e+00,0.000000e+00,0.000000e+00,0.000000e+00,0.000000e+00,0.000000e+00,0.000000e+00,0.000000e+00,0.000000e+00,0.000000e+00,0.000000e+00,0.000000e+00,0.000000e+00,0.000000e+00,0.000000e+00
1.000000e+00,0.000000e+00,0.000000e+00,0.000000e+00,0.000000e+00,0.000000e+00,0.000000e+00,0.000000e+00,0.000000e+00,0.000000e+00,0.000000e+00,0.000000e+00,0.000000e+00,0.000000e+00,0.000000e+00
1.000000e+00,0.000000e+00,0.000000e+00,0.000000e+00,0.000000e+00,0.000000e+00,0.000000e+00,0.000000e+00,0.000000e+00,0.000000e+00,0.000000e+00,0.000000e+00,0.000000e+00,0.000000e+00,0.000000e+00
1.000000e+00,0.000000e+00,0.000000e+00,0.000000e+00,0.000000e+00,0.000000e+00,0.000000e+00,0.000000e+00,0.000000e+00,0.000000e+00,0.000000e+00,0.000000e+00,0.000000e+00,0.000000e+00,0.000000e+00
1.000000e+00,0.000000e+00,0.000000e+00,0.000000e+00,0.000000e+00,0.000000e+00,0.000000e+00,0.000000e+00,0.000000e+00,0.000000e+00,0.000000e+00,0.000000e+00,0.000000e+00,0.000000e+00,0.000000e+00
1.000000e+00,0.000000e+00,0.000000e+00,0.000000e+00,0.000000e+00,0.000000e+00,0.000000e+00,0.000000e+00,0.000000e+00,0.000000e+00,0.000000e+00,0.000000e+00,0.000000e+00,0.000000e+00,0.000000e+00
1.000000e+00,0.000000e+00,0.000000e+00,0.000000e+00,0.000000e+00,0.000000e+00,0.000000e+00,0.000000e+00,0.000000e+00,0.000000e+00,0.000000e+00,0.000000e+00,0.000000e+00,0.000000e+00,0.000000e+00
4.422112e-01,7.874410e-03,1.362857e-02,2.231383e-02,4.357677e-03,4.570504e-02,2.121948e-03,3.959380e-02,2.277121e-01,4.417007e-03,2.127246e-02,1.700133e-02,4.375575e-02,2.358014e-02,8.445469e-02
3.283232e-01,6.745866e-03,9.793730e-03,2.191195e-02,3.560091e-03,3.353928e-02,1.604398e-03,2.839492e-02,3.749439e-01,3.761566e-03,2.480769e-02,1.516508e-02,3.483887e-02,3.082291e-02,8.178647e-02
2.371652e-01,5.874625e-03,6.903206e-03,1.828203e-02,3.085538e-03,2.437982e-02,1.231821e-03,2.005053e-02,3.849853e-01,5.397879e-03,5.758016e-02,4.180852e-02,5.024942e-02,3.715432e-02,1.058517e-01
1.837186e-01,4.755389e-03,4.936757e-03,1.600873e-02,3.391932e-03,1.775766e-02,1.136188e-03,1.467411e-02,3.555334e-01,8.416089e-03,6.668407e-02,5.187477e-02,7.432060e-02,8.883718e-02,1.079546e-01
1.293334e-01,4.051396e-03,3.538874e-03,1.210451e-02,3.634927e-03,1.260520e-02,8.354567e-04,1.033898e-02,3.483429e-01,1.786340e-02,1.112630e-01,4.940677e-02,7.442856e-02,1.222348e-01,1.000177e-01
9.096086e-02,3.424646e-03,2.687443e-03,8.682662e-03,3.601489e-03,8.905055e-03,6.425070e-04,7.358397e-03,2.781118e-01,2.110620e-02,1.531974e-01,5.701118e-02,8.637929e-02,1.868227e-01,9.110838e-02
6.392466e-02,2.961044e-03,1.971853e-03,6.371939e-03,3.141234e-03,6.310564e-03,5.138529e-04,5.186245e-03,2.264355e-01,2.637234e-02,2.887378e-01,6.253363e-02,7.565206e-02,1.494015e-01,8.048578e-02
4.490173e-02,2.227792e-03,1.468883e-03,4.758409e-03,4.795675e-03,4.550992e-03,5.056419e-04,4.104966e-03,1.723702e-01,2.127467e-02,4.048592e-01,5.964387e-02,6.546540e-02,1.159236e-01,9.314888e-02
3.160401e-02,1.737774e-03,1.129101e-03,3.891166e-03,1.419845e-02,3.647275e-03,8.358388e-04,4.117624e-03,1.397953e-01,1.904147e-02,3.625610e-01,5.054691e-02,5.655028e-02,8.777060e-02,2.225731e-01
2.261574e-02,2.338905e-03,1.390295e-03,3.773576e-03,7.684609e-02,3.027219e-03,7.825081e-04,3.480428e-03,1.286523e-01,1.656512e-02,3.208079e-01,4.163967e-02,4.702997e-02,6.795172e-02,2.630985e-01
1.645695e-02,4.896097e-03,2.677977e-03,3.401991e-03,1.321918e-01,2.393850e-03,8.490604e-04,4.562841e-03,1.266703e-01,1.522287e-02,2.594494e-01,3.212965e-02,3.854725e-02,5.635228e-02,3.041976e-01
