1.000000e+00,0.000000e+00,0.000000e+00,0.000000e+00,0.000000e+00,0.000000e+00,0.000000e+00,0.000000e+00,0.000000e+00,0.000000e+00,0.000000e+00,0.000000e+00,0.000000e+00,0.000000e+00,0.000000e+00
1.000000e+00,0.000000e+00,0.000000e+00,0.000000e+00,0.000000e+00,0.000000e+00,0.000000e+00,0.000000e+00,0.000000e+00,0.000000e+00,0.000000e+00,0.000000e+00,0.000000e+00,0.000000e+00,0.000000e+00
1.000000e+00,0.000000e+00,0.000000e+00,0.000000e+00,0.000000e+00,0.000000e+00,0.000000e+00,0.000000e+00,0.000000e+00,0.000000e+00,0.000000e+00,0.000000e+00,0.000000e+00,0.000000e+00,0.000000e+00
1.000000e+00,0.000000e+00,0.000000e+00,0.000000e+00,0.000000e+00,0.000000e+00,0.000000e+00,0.000000e+00,0.000000e+00,0.000000e+00,0.000000e+00,0.000000e+00,0.000000e+00,0.000000e+00,0.000000e+00
1.000000e+00,0.000000e+00,0.000000e+00,0.000000e+00,0.000000e+00,0.000000e+00,0.000000e+00,0.000000e+00,0.000000e+00,0.000000e+00,0.000000e+00,0.000000e+00,0.000000e+00,0.000000e+00,0.000000e+00
1.000000e+00,0.000000e+00,0.000000e+00,0.000000e+00,0.000000e+00,0.000000e+00,0.000000e+00,0.000000e+00,0.000000e+00,0.000000e+00,0.000000e+00,0.000000e+00,0.000000e+00,0.000000e+00,0.000000e+00
1.000000e+00,0.000000e+00,0.000000e+00,0.000000e+00,0.000000e+00,0.000000e+00,0.000000e+00,0.000000e+00,0.000000e+00,0.000000e+00,0.000000e+00,0.000000e+00,0.000000e+00,0.000000e+00,0.000000e+00
1.000000e+00,0.000000e+00,0.000000e+00,0.000000e+00,0.000000e+00,0.000000e+00,0.000000e+00,0.000000e+00,0.000000e+00,0.000000e+00,0.000000e+00,0.000000e+00,0.000000e+00,0.000000e+00,0.000000e+00
1.000000e+00,0.000000e+00,0.000000e+00,0.000000e+00,0.000000e+00,0.000000e+00,0.000000e+00,0.000000e+00,0.000000e+00,0.000000e+00,0.000000e+00,0.000000e+00,0.000000e+00,0.000000e+00,0.000000e+00
1.000000e+00,0.000000e+00,0.000000e+00,0.000000e+00,0.000000e+00,0.000000e+00,0.000000e+00,0.000000e+00,0.000000e+00,0.000000e+00,0.000000e+00,0.000000e+00,0.000000e+00,0.000000e+00,0.000000e+00
1.000000e+00,0.000000e+00,0.000000e+00,0.000000e+00,0.000000e+00,0.000000e+00,0.000000e+00,0.000000e+00,0.000000e+00,0.000000e+00,0.000000e+00,0.000000e+00,0.000000e+00,0.000000e+00,0.000000e+00
1.000000e+00,0.000000e+00,0.000000e+00,0.000000e+00,0.000000e+00,0.000000e+00,0.000000e+00,0.000000e+00,0.000000e+00,0.000000e+00,0.000000e+00,0.000000e+00,0.000000e+00,0.000000e+00,0.000000e+00
1.000000e+00,0.000000e+00,0.000000e+00,0.000000e+00,0.000000e+00,0.000000e+00,0.000000e+00,0.000000e+00,0.000000e+00,0.000000e+00,0.000000e+00,0.000000e+00,0.000000e+00,0.000000e+00,0.000000e+00
1.000000e+00,0.000000e+00,0.000000e+00,0.000000e+00,0.000000e+00,0.000000e+00,0.000000e+00,0.000000e+00,0.000000e+00,0.000000e+00,0.000000e+00,0.000000e+00,0.000000e+00,0.000000e+00,0.000000e+00
1.000000e+00,0.000000e+00,0.000000e+00,0.000000e+00,0.000000e+00,0.000000e+00,0.000000e+00,0.000000e+00,0.000000e+00,0.000000e+00,0.000000e+00,0.000000e+00,0.000000e+00,0.000000e+00,0.000000e+00
1.000000e+00,0.000000e+00,0.000000e+00,0.000000e+00,0.000000e+00,0.000000e+00,0.000000e+00,0.000000e+00,0.000000e+00,0.000000e+00,0.000000e+00,0.000000e+00,0.000000e+00,0.000000e+00,0.000000e+00
1.000000e+00,0.000000e+00,0.000000e+00,0.000000e+00,0.000000e+00,0.000000e+00,0.000000e+00,0.000000e+00,0.000000e+00,0.000000e+00,0.000000e+00,0.000000e+00,0.000000e+00,0.000000e+00,0.000000e+00
1.000000e+00,0.000000e+00,0.000000e+00,0.000000e+00,0.000000e+00,0.000000e+00,0.000000e+00,0.000000e+00,0.000000e+00,0.000000e+00,0.000000e+00,0.000000e+00,0.000000e+00,0.000000e+00,0.000000e+00
1.000000e+00,0.000000e+00,0.000000e+00,0.000000e+00,0.000000e+00,0.000000e+00,0.000000e+00,0.000000e+00,0.000000e+00,0.000000e+00,0.000000e+00,0.000000e+00,0.000000e+00,0.000000e+00,0.000000e+00
1.000000e+00,0.000000e+00,0.000000e+00,0.000000e+00,0.000000e+00,0.000000e+00,0.000000e+00,0.000000e+00,0.000000e+00,0.000000e+00,0.000000e+00,0.000000e+00,0.000000e+00,0.000000e+00,0.000000e+00
1.000000e+00,0.000000e+00,0.000000e+00,0.000000e+00,0.000000e+00,0.000000e+00,0.000000e+00,0.000000e+00,0.000000e+00,0.000000e+00,0.000000e+00,0.000000e+00,0.000000e+00,0.000000e+00,0.000000e+00
1.000000e+00,0.000000e+00,0.000000e+00,0.000000e+00,0.000000e+00,0.000000e+00,0.000000e+00,0.000000e+00,0.000000e+00,0.000000e+00,0.000000e+00,0.000000e+00,0.000000e+00,0.000000e+00,0.000000e+00
1.000000e+00,0.000000e+00,0.000000e+00,0.000000e+00,0.000000e+00,0.000000e+00,0.000000e+00,0.000000e+00,0.000000e+00,0.000000e+00,0.000000e+00,0.000000e+00,0.000000e+00,0.000000e+00,0.000000e+00
1.000000e+00,0.000000e+00,0.000000e+00,0.000000e+00,0.000000e+00,0.000000e+00,0.000000e+00,0.000000e+00,0.000000e+00,0.000000e+00,0.000000e+00,0.000000e+00,0.000000e+00,0.000000e+00,0.000000e+00
1.000000e+00,0.000000e+00,0.000000e+00,0.000000e+00,0.000000e+00,0.000000e+00,0.000000e+00,0.000000e+00,0.000000e+00,0.000000e+00,0.000000e+00,0.000000e+00,0.000000e+00,0.000000e+00,0.000000e+00
1.000000e+00,0.000000e+00,0.000000e+00,0.000000e+00,0.000000e+00,0.000000e+00,0.000000e+00,0.000000e+00,0.000000e+00,0.000000e+00,0.000000e+00,0.000000e+00,0.000000e+00,0.000000e+00,0.000000e+00
1.000000e+00,0.000000e+00,0.000000e+00,0.000000e+00,0.000000e+00,0.000000e+00,0.000000e+00,0.000000e+00,0.000000e+00,0.000000e+00,0.000000e+00,0.000000e+00,0.000000e+00,0.000000e+00,0.000000e+00
1.000000e+00,0.000000e+00,0.000000e+00,0.000000e+00,0.000000e+00,0.000000e+00,0.000000e+00,0.000000e+00,0.000000e+00,0.000000e+00,0.000000e+00,0.000000e+00,0.000000e+00,0.000000e+00,0.000000e+00
1.000000e+00,0.000000e+00,0.000000e+00,0.000000e+00,0.000000e+00,0.000000e+00,0.000000e+00,0.000000e+00,0.000000e+00,0.000000e+00,0.000000e+00,0.000000e+00,0.000000e+00,0.000000e+00,0.000000e+00
1.000000e+00,0.000000e+00,0.000000e+00,0.000000e+00,0.000000e+00,0.000000e+00,0.000000e+00,0.000000e+00,0.000000e+00,0.000000e+00,0.000000e+00,0.000000e+00,0.000000e+00,0.000000e+00,0.000000e+00
1.000000e+00,0.000000e+00,0.000000e+00,0.000000e+00,0.000000e+00,0.000000e+00,0.000000e+00,0.000000e+00,0.000000e+00,0.000000e+00,0.000000e+00,0.000000e+00,0.000000e+00,0.000000e+00,0.000000e+00
1.000000e+00,0.000000e+00,0.000000e+00,0.000000e+00,0.000000e+00,0.000000e+00,0.000000e+00,0.000000e+00,0.000000e+00,0.000000e+00,0.000000e+00,0.000000e+00,0.000000e+00,0.000000e+00,0.000000e+00
1.000000e+00,0.000000e+00,0.000000e+00,0.000000e+00,0.000000e+00,0.000000e+00,0.000000e+00,0.000000e+00,0.000000e+00,0.000000e+00,0.000000e+00,0.000000e+00,0.000000e+00,0.000000e+00,0.000000e+00
1.000000e+00,0.000000e+00,0.000000e+00,0.000000e+00,0.000000e+00,0.000000e+00,0.000000e+00,0.000000e+00,0.000000e+00,0.000000e+00,0.000000e+00,0.000000e+00,0.000000e+00,0.000000e+00,0.000000e+00
1.000000e+00,0.000000e+00,0.000000e+00,0.000000e+00,0.000000e+00,0.000000e+00,0.000000e+00,0.000000e+00,0.000000e+00,0.000000e+00,0.000000e+00,0.000000e+00,0.000000e+00,0.000000e+00,0.000000e+00
1.000000e+00,0.000000e+00,0.000000e+00,0.000000e+00,0.000000e+00,0.000000e+00,0.000000e+00,0.000000e+00,0.000000e+00,0.000000e+00,0.000000e+00,0.000000e+00,0.000000e+00,0.000000e+00,0.000000e+00
1.000000e+00,0.000000e+00,0.000000e+00,0.000000e+00,0.000000e+00,0.000000e+00,0.000000e+00,0.000000e+00,0.000000e+00,0.000000e+00,0.000000e+00,0.000000e+00,0.000000e+00,0.000000e+00,0.000000e+00
1.000000e+00,0.000000e+00,0.000000e+00,0.000000e+00,0.000000e+00,0.000000e+00,0.000000e+00,0.000000e+00,0.000000e+00,0.000000e+00,0.000000e+00,0.000000e+00,0.000000e+00,0.000000e+00,0.000000e+00
1.000000e+00,0.000000e+00,0.000000e+00,0.000000e+00,0.000000e+00,0.000000e+00,0.000000e+00,0.000000e+00,0.000000e+00,0.000000e+00,0.000000e+00,0.000000e+00,0.000000e+00,0.000000e+00,0.000000e+00
1.000000e+00,0.000000e+00,0.000000e+00,0.000000e+00,0.000000e+00,0.000000e+00,0.000000e+00,0.000000e+00,0.000000e+00,0.000000e+00,0.000000e+00,0.000000e+00,0.000000e+00,0.000000e+00,0.000000e+00
1.000000e+00,0.000000e+00,0.000000e+00,0.000000e+00,0.000000e+00,0.000000e+00,0.000000e+00,0.000000e+00,0.000000e+00,0.000000e+00,0.000000e+00,0.000000e+00,0.000000e+00,0.000000e+00,0.000000e+00
1.000000e+00,0.000000e+00,0.000000e+00,0.000000e+00,0.000000e+00,0.000000e+00,0.000000e+00,0.000000e+00,0.000000e+00,0.000000e+00,0.000000e+00,0.000000e+00,0.000000e+00,0.000000e+00,0.000000e+00
1.000000e+00,0.000000e+00,0.000000e+00,0.000000e+00,0.000000e+00,0.000000e+00,0.000000e+00,0.000000e+00,0.000000e+00,0.000000e+00,0.000000e+00,0.000000e+00,0.000000e+00,0.000000e+00,0.000000e+00
1.000000e+00,0.000000e+00,0.000000e+00,0.000000e+00,0.000000e+00,0.000000e+00,0.000000e+00,0.000000e+00,0.000000e+00,0.000000e+00,0.000000e+00,0.000000e+00,0.000000e+00,0.000000e+00,0.000000e+00
1.000000e+00,0.000000e+00,0.000000e+00,0.000000e+00,0.000000e+00,0.000000e+00,0.000000e+00,0.000000e+00,0.000000e+00,0.000000e+00,0.000000e+00,0.000000e+00,0.000000e+00,0.000000e+00,0.000000e+00
1.000000e+00,0.000000e+00,0.000000e+00,0.000000e+00,0.000000e+00,0.000000e+00,0.000000e+00,0.000000e+00,0.000000e+00,0.000000e+00,0.000000e+00,0.000000e+00,0.000000e+00,0.000000e+00,0.000000e+00
1.000000e+00,0.000000e+00,0.000000e+00,0.000000e+00,0.000000e+00,0.000000e+00,0.000000e+00,0.000000e+00,0.000000e+00,0.000000e+00,0.000000e+00,0.000000e+00,0.000000e+00,0.000000e+00,0.000000e+00
1.000000e+00,0.000000e+00,0.000000e+00,0.000000e+00,0.000000e+00,0.000000e+00,0.000000e+00,0.000000e+00,0.000000e+00,0.000000e+00,0.000000e+00,0.000000e+00,0.000000e+00,0.000000e+00,0.000000e+00
1.000000e+00,0.000000e+00,0.000000e+00,0.000000e+00,0.000000e+00,0.000000e+00,0.000000e+00,0.000000e+00,0.000000e+00,0.000000e+00,0.000000e+00,0.000000e+00,0.000000e+00,0.000000e+00,0.000000e+00
1.000000e+00,0.000000e+00,0.000000e+00,0.000000e+00,0.000000e+00,0.000000e+00,0.000000e+00,0.000000e+00,0.000000e+00,0.000000e+00,0.000000e+00,0.000000e+00,0.000000e+00,0.000000e+00,0.000000e+00
1.000000e+00,0.000000e+00,0.000000e+00,0.000000e+00,0.000000e+00,0.000000e+00,0.000000e+00,0.000000e+00,0.000000e+00,0.000000e+00,0.000000e+00,0.000000e+00,0.000000e+00,0.000000e+00,0.000000e+00
1.000000e+00,0.000000e+00,0.000000e+00,0.000000e+00,0.000000e+00,0.000000e+00,0.000000e+00,0.000000e+00,0.000000e+00,0.000000e+00,0.000000e+00,0.000000e+00,0.000000e+00,0.000000e+00,0.000000e+00
1.000000e+00,0.000000e+00,0.000000e+00,0.000000e+00,0.000000e+00,0.000000e+00,0.000000e+00,0.000000e+00,0.000000e+00,0.000000e+00,0.000000e+00,0.000000e+00,0.000000e+00,0.000000e+00,0.000000e+00
1.000000e+00,0.000000e+00,0.000000e+00,0.000000e+00,0.000000e+00,0.000000e+00,0.000000e+00,0.000000e+00,0.000000e+00,0.000000e+00,0.000000e+00,0.000000e+00,0.000000e+00,0.000000e+00,0.000000e+00
1.000000e+00,0.000000e+00,0.000000e+00,0.000000e+00,0.000000e+00,0.000000e+00,0.000000e+00,0.000000e+00,0.000000e+00,0.000000e+00,0.000000e+00,0.000000e+00,0.000000e+00,0.000000e+00,0.000000e+00
1.000000e+00,0.000000e+00,0.000000e+00,0.000000e+00,0.000000e+00,0.000000e+00,0.000000e+00,0.000000e+00,0.000000e+00,0.000000e+00,0.000000e+00,0.000000e+00,0.000000e+00,0.000000e+00,0.000000e+00
1.000000e+00,0.000000e+00,0.000000e+00,0.000000e+00,0.000000e+00,0.000000e+00,0.000000e+00,0.000000e+00,0.000000e+00,0.000000e+00,0.000000e+00,0.000000e+00,0.000000e+00,0.000000e+00,0.000000e+00
1.000000e+00,0.000000e+00,0.000000e+00,0.000000e+00,0.000000e+00,0.000000e+00,0.000000e+00,0.000000e+00,0.000000e+00,0.000000e+00,0.000000e+00,0.000000e+00,0.000000e+00,0.000000e+00,0.000000e+00
1.000000e+00,0.000000e+00,0.000000e+00,0.000000e+00,0.000000e+00,0.000000e+00,0.000000e+00,0.000000e+00,0.000000e+00,0.000000e+00,0.000000e+00,0.000000e+00,0.000000e+00,0.000000e+00,0.000000e+00
4.069262e-01,4.460753e-02,2.029755e-02,2.422433e-01,7.196323e-03,1.107207e-02,3.837968e-03,7.865837e-03,9.244564e-02,1.306448e-02,1.121625e-02,1.384474e-02,2.248433e-02,2.371614e-03,1.005263e-01
2.956423e-01,5.024336e-02,2.427487e-02,3.299330e-01,5.433265e-03,8.563504e-03,2.984999e-03,5.842275e-03,9.772469e-02,1.519982e-02,9.420299e-03,1.036416e-02,1.925229e-02,1.971329e-03,1.231498e-01
2.487677e-01,4.680885e-02,2.670120e-02,2.628830e-01,4.349288e-03,7.423856e-03,2.407341e-03,5.329302e-03,8.918609e-02,1.437863e-02,1.176559e-02,8.464459e-03,1.803746e-02,2.583195e-03,2.509140e-01
1.798753e-01,3.939588e-02,3.369764e-02,3.790212e-01,3.283976e-03,5.475764e-03,1.813971e-03,3.848749e-03,8.086049e-02,1.155700e-02,9.082636e-03,6.495956e-03,1.311505e-02,2.591659e-03,2.298847e-01
1.287914e-01,3.096575e-02,3.396688e-02,4.974776e-01,2.574095e-03,4.425240e-03,1.424325e-03,2.779358e-03,7.930684e-02,8.985332e-03,1.234886e-02,5.451971e-03,1.451012e-02,2.019078e-03,1.749732e-01
9.698839e-02,2.258943e-02,2.468310e-02,5.466563e-01,2.036174e-03,3.645455e-03,1.255058e-03,1.978365e-03,6.303469e-02,2.893217e-02,1.709232e-02,2.293349e-02,2.000539e-02,4.877304e-03,1.432924e-01
8.341753e-02,1.692810e-02,1.961140e-02,4.157079e-01,2.077858e-03,3.803084e-03,1.607429e-03,1.540239e-03,6.989717e-02,2.498805e-02,2.135202e-02,1.304692e-01,2.688543e-02,1.527441e-02,1.664401e-01
7.778448e-02,1.322468e-02,1.858624e-02,3.326800e-01,1.890490e-03,1.088469e-02,2.611781e-03,1.713013e-03,7.644892e-02,2.563148e-02,3.655006e-02,2.155550e-01,2.848477e-02,1.771428e-02,1.402401e-01
7.121724e-02,9.574795e-03,1.344332e-02,2.438712e-01,7.414409e-03,9.353220e-03,2.552793e-03,2.447390e-03,7.778658e-02,3.471830e-02,3.937744e-02,3.191515e-01,3.051781e-02,3.762295e-02,1.009512e-01
9.421879e-02,7.159833e-03,9.509310e-03,1.751172e-01,6.425515e-03,7.408662e-03,3.164509e-03,5.494339e-03,9.115317e-02,3.536812e-02,5.999053e-02,3.274224e-01,3.101620e-02,7.262821e-02,7.392325e-02
7.865192e-02,6.286400e-03,6.969390e-03,1.246055e-01,7.924477e-03,8.025002e-03,3.348441e-03,8.681826e-03,7.617179e-02,3.493445e-02,1.748816e-01,2.864317e-01,2.639851e-02,1.023246e-01,5.436438e-02
6.020420e-02,4.618624e-03,5.258172e-03,8.793323e-02,8.984835e-03,6.161932e-03,2.600024e-03,7.860427e-03,5.424206e-02,3.055380e-02,3.565969e-01,2.113408e-01,1.931045e-02,1.055129e-01,3.882166e-02
4.768831e-02,3.704668e-03,4.123422e-03,6.589257e-02,1.563510e-02,5.121649e-03,3.003377e-03,9.995056e-03,4.134334e-02,2.973402e-02,4.233893e-01,1.931144e-01,1.485291e-02,1.140676e-01,2.833428e-02
3.361575e-02,2.768278e-03,3.041992e-03,4.681163e-02,1.281151e-02,4.043025e-03,2.219226e-03,7.408704e-03,3.232063e-02,2.487206e-02,5.064489e-01,1.715546e-01,1.120597e-02,1.207482e-01,2.012960e-02
2.668364e-02,6.686751e-03,6.039120e-03,3.402949e-02,1.786939e-02,3.706671e-03,1.859857e-03,6.254994e-03,2.898844e-02,3.335336e-02,5.619017e-01,1.410255e-01,9.491492e-03,1.071384e-01,1.497115e-02
3.391640e-02,8.453009e-03,5.571362e-03,2.874916e-02,3.681043e-02,3.700616e-03,1.756490e-03,5.383330e-03,3.404618e-02,6.621546e-02,5.200737e-01,1.238411e-01,7.398672e-03,1.091869e-01,1.489719e-02
3.172122e-02,7.933570e-03,7.383842e-03,2.201955e-02,3.469530e-02,4.525437e-03,1.322349e-03,4.182159e-03,9.374970e-02,5.441165e-02,4.777623e-01,1.330614e-01,6.686518e-03,1.080412e-01,1.250385e-02
4.730820e-02,6.599186e-03,6.149233e-03,1.673065e-02,2.750299e-02,5.674850e-03,1.015761e-03,3.844652e-03,1.078505e-01,4.400391e-02,4.664521e-01,1.396225e-01,6.337473e-03,1.112382e-01,9.669783e-03
5.178240e-02,5.621624e-03,4.880826e-03,1.210498e-02,2.057950e-02,4.916033e-03,7.363100e-04,3.311412e-03,1.293121e-01,3.272929e-02,4.743110e-01,1.355557e-01,5.359394e-03,1.117246e-01,7.074923e-03
8.387150e-02,5.158700e-03,4.925560e-03,9.286223e-03,1.649404e-02,5.484525e-03,6.077345e-04,3.688592e-03,1.296174e-01,2.415311e-02,4.461276e-01,1.544379e-01,4.635711e-03,1.059924e-01,5.519026e-03
6.006195e-02,3.977797e-03,4.144397e-03,7.239998e-03,1.612359e-02,4.277673e-03,4.498552e-04,2.850332e-03,1.032800e-01,1.756837e-02,5.810083e-01,1.162848e-01,3.338736e-03,7.528995e-02,4.104264e-03
4.733486e-02,4.389765e-03,3.899605e-03,6.200528e-03,2.116417e-02,4.851641e-03,3.604466e-04,2.808725e-03,1.292042e-01,1.490933e-02,6.153750e-01,8.419102e-02,2.656161e-03,5.723760e-02,5.416902e-03
4.704957e-02,6.488003e-03,4.425644e-03,6.777380e-03,2.057218e-02,4.573122e-03,3.489407e-04,3.980523e-03,1.772684e-01,1.413532e-02,5.932797e-01,6.156230e-02,2.448949e-03,5.146107e-02,5.628838e-03
4.258336e-02,8.209707e-03,5.989074e-03,1.159856e-02,2.061078e-02,4.041193e-03,3.484143e-04,4.591718e-03,2.880606e-01,1.792717e-02,4.815967e-01,5.125194e-02,2.674986e-03,5.345650e-02,7.059281e-03
3.485449e-02,9.892043e-03,7.377397e-03,1.309654e-02,2.311430e-02,1.345482e-02,7.159197e-04,7.492071e-03,2.589416e-01,1.600490e-02,5.186334e-01,4.148711e-02,2.519612e-03,4.461977e-02,7.796148e-03
3.490115e-02,7.961730e-03,1.787514e-02,2.164176e-02,3.013202e-02,1.208900e-02,1.004851e-03,2.885288e-02,3.488154e-01,1.639148e-02,3.909100e-01,3.377411e-02,5.022507e-03,4.006576e-02,1.056228e-02
3.255037e-02,7.155873e-03,3.997877e-02,4.781577e-02,2.952303e-02,1.103241e-02,9.154133e-04,4.439317e-02,2.866313e-01,1.972986e-02,3.579344e-01,5.237795e-02,1.664434e-02,4.181834e-02,1.149898e-02
3.267258e-02,6.007927e-03,4.627901e-02,4.174636e-02,4.123496e-02,1.137401e-02,1.448215e-03,9.590105e-02,2.168448e-01,1.833472e-02,3.055604e-01,1.014046e-01,2.293221e-02,4.763219e-02,1.062696e-02
3.409785e-02,6.283222e-03,4.008154e-02,3.826746e-02,2.551176e-01,1.481394e-02,1.352253e-02,6.835160e-02,1.547909e-01,1.331368e-02,2.227622e-01,7.873011e-02,1.786148e-02,3.406742e-02,7.938391e-03
2.690382e-02,5.773236e-03,3.110348e-02,5.027660e-02,4.310833e-01,1.174953e-02,1.804270e-02,4.886372e-02,1.095253e-01,9.405889e-03,1.587214e-01,5.553128e-02,1.328829e-02,2.395661e-02,5.774755e-03
3.417147e-02,5.923953e-03,2.439766e-02,5.637512e-02,5.491801e-01,1.038638e-02,1.482113e-02,3.727905e-02,7.742891e-02,6.871665e-03,1.119480e-01,3.893109e-02,9.476539e-03,1.684974e-02,5.959211e-03
3.189144e-02,1.023335e-02,2.343671e-02,1.188988e-01,5.626253e-01,1.380587e-02,1.760492e-02,3.100233e-02,5.485803e-02,4.942005e-03,7.880899e-02,2.736326e-02,6.915559e-03,1.191566e-02,5.697750e-03
3.360655e-02,1.910180e-02,2.635619e-02,1.816165e-01,5.452703e-01,1.312819e-02,1.588275e-02,2.442674e-02,4.045516e-02,3.858957e-03,5.594796e-02,1.935180e-02,5.169203e-03,8.547237e-03,7.280699e-03
5.158035e-02,2.644322e-02,2.612741e-02,2.036825e-01,5.076643e-01,1.153817e-02,1.327981e-02,4.323058e-02,3.601473e-02,3.756484e-03,4.049849e-02,1.394901e-02,4.503200e-03,6.278634e-03,1.145311e-02
6.262532e-02,2.196903e-02,4.339577e-02,2.187209e-01,4.538551e-01,1.000748e-02,1.070280e-02,9.266995e-02,2.685054e-02,2.966590e-03,2.922399e-02,1.005757e-02,3.796837e-03,4.550165e-03,8.607911e-03
6.197212e-02,1.595264e-02,4.654753e-02,1.882088e-01,3.769546e-01,7.468599e-03,7.658815e-03,2.329764e-01,1.919613e-02,2.295611e-03,2.100409e-02,7.285832e-03,3.066432e-03,3.237956e-03,6.174461e-03
5.704656e-02,1.133430e-02,3.534738e-02,1.410156e-01,2.725144e-01,5.579413e-03,5.436101e-03,4.271893e-01,1.355256e-02,1.638855e-03,1.494455e-02,5.174113e-03,2.527202e-03,2.281620e-03,4.418099e-03
5.939302e-02,8.079981e-03,2.769003e-02,1.055746e-01,1.957899e-01,4.600326e-03,4.051937e-03,5.615851e-01,9.576577e-03,1.216803e-03,1.099820e-02,3.883532e-03,2.692894e-03,1.643980e-03,3.223156e-03
5.173910e-02,5.844024e-03,2.250728e-02,7.828215e-02,1.437233e-01,3.659781e-03,3.145032e-03,6.661934e-01,6.919836e-03,9.982393e-04,8.207412e-03,2.915299e-03,2.293797e-03,1.188301e-03,2.383095e-03
5.389381e-02,4.401778e-03,1.765917e-02,5.850485e-02,1.127453e-01,3.085440e-03,2.491835e-03,7.281512e-01,5.126592e-03,7.699466e-04,6.220251e-03,2.284175e-03,2.005163e-03,8.647966e-04,1.795704e-03
5.827289e-02,5.510588e-03,1.778290e-02,6.986252e-02,8.112302e-02,3.396521e-03,2.058245e-03,6.970828e-01,1.163937e-02,3.375643e-03,1.294672e-02,1.040001e-02,1.786863e-02,1.662986e-03,7.017148e-03
5.199987e-02,1.631536e-02,1.584940e-02,7.439321e-02,6.249363e-02,4.410543e-03,1.896148e-03,5.255885e-01,6.711178e-02,1.502217e-02,4.038063e-02,2.940946e-02,6.504623e-02,3.634628e-03,2.644842e-02
4.667044e-02,1.789460e-02,1.318516e-02,6.434283e-02,4.621668e-02,5.359334e-03,1.621016e-03,3.842043e-01,7.683302e-02,2.125111e-02,7.364561e-02,5.403754e-02,1.070721e-01,1.164230e-02,7.602393e-02
8.114117e-02,3.351444e-02,3.441958e-02,6.392460e-02,7.649815e-02,1.874027e-02,2.517199e-03,3.088897e-01,6.986215e-02,1.813663e-02,7.620062e-02,4.854290e-02,8.304308e-02,1.244688e-02,7.212264e-02
1.956701e-01,3.403208e-02,3.706591e-02,5.091950e-02,7.058024e-02,2.369056e-02,4.216402e-03,2.636508e-01,5.724692e-02,1.509769e-02,6.284741e-02,4.807757e-02,6.355044e-02,1.258006e-02,6.077424e-02
2.699588e-01,4.344351e-02,3.405584e-02,5.571507e-02,6.396402e-02,3.269207e-02,4.226988e-03,1.954074e-01,4.588655e-02,1.351030e-02,5.418742e-02,5.210333e-02,4.968486e-02,1.650338e-02,6.866048e-02
2.206239e-01,3.508123e-02,2.535599e-02,4.761530e-02,4.687874e-02,3.587502e-02,3.263186e-03,1.373994e-01,3.425374e-02,1.038572e-02,6.975635e-02,2.279790e-01,3.764584e-02,1.355431e-02,5.433227e-02
2.686077e-01,2.898572e-02,2.044273e-02,4.192048e-02,4.386444e-02,3.526298e-02,3.736649e-03,9.936140e-02,3.039728e-02,1.060459e-02,6.234989e-02,2.690545e-01,2.954234e-02,1.278502e-02,4.308434e-02
2.850814e-01,2.418699e-02,1.600782e-02,3.631632e-02,4.534566e-02,3.284324e-02,3.356692e-03,7.079131e-02,2.680947e-02,9.273732e-03,8.248477e-02,2.955390e-01,2.277633e-02,1.471644e-02,3.447083e-02
2.843678e-01,1.930973e-02,1.192080e-02,3.130038e-02,3.896682e-02,3.450188e-02,2.692581e-03,5.011293e-02,2.301291e-02,8.155075e-03,9.592029e-02,3.388563e-01,1.726910e-02,1.600904e-02,2.760438e-02
2.218878e-01,1.416554e-02,8.498894e-03,2.389738e-02,3.450258e-02,2.661407e-02,2.249164e-03,3.567459e-02,1.727992e-02,6.207057e-03,9.510153e-02,4.658185e-01,1.291780e-02,1.490862e-02,2.027663e-02
1.708826e-01,1.241112e-02,6.433908e-03,1.814831e-02,3.964786e-02,2.212370e-02,2.403886e-03,2.568722e-02,1.362774e-02,4.883976e-03,1.035416e-01,5.401504e-01,9.703196e-03,1.372767e-02,1.662677e-02
1.398358e-01,1.207974e-02,5.158776e-03,1.513152e-02,4.218096e-02,1.852689e-02,1.888124e-03,1.824356e-02,1.081432e-02,3.757739e-03,9.311725e-02,6.048017e-01,7.182739e-03,1.322029e-02,1.406060e-02
1.084064e-01,1.043457e-02,3.837476e-03,1.110572e-02,5.075729e-02,1.579494e-02,1.694997e-03,1.320488e-02,8.172027e-03,2.870657e-03,1.187297e-01,6.270893e-01,5.355008e-03,1.195130e-02,1.059575e-02
8.292612e-02,9.745881e-03,3.141407e-03,8.369129e-03,6.159075e-02,1.282051e-02,1.361016e-03,9.600521e-03,6.314308e-03,2.333686e-03,1.271958e-01,6.499933e-01,4.080687e-03,1.246799e-02,8.058906e-03
6.013252e-02,9.749528e-03,2.411324e-03,6.120844e-03,5.184920e-02,1.102895e-02,1.195672e-03,6.890242e-03,5.109003e-03,2.097706e-03,2.508104e-01,5.712658e-01,3.348064e-03,1.165058e-02,6.340201e-03
4.377613e-02,1.527785e-02,2.686317e-03,4.579379e-03,7.665902e-02,9.066876e-03,1.356073e-03,5.598171e-03,5.612154e-03,2.460815e-03,2.711173e-01,5.418573e-01,2.778316e-03,1.116248e-02,6.011831e-03
3.224761e-02,3.058093e-02,6.961025e-03,4.351602e-03,1.062384e-01,1.142296e-02,1.288379e-03,7.326518e-03,5.127171e-03,2.288086e-03,2.253497e-01,5.464733e-01,2.102576e-03,1.115066e-02,7.091032e-03
2.397676e-02,2.220519e-02,3.215658e-02,1.270504e-02,9.830390e-02,9.290235e-03,1.435268e-03,1.495034e-01,4.140593e-03,2.090100e-03,1.746353e-01,4.538116e-01,1.521555e-03,9.174418e-03,5.050187e-03
2.239816e-02,1.862917e-02,1.118587e-01,2.063866e-02,8.579421e-02,7.763977e-03,2.286836e-03,1.964821e-01,3.659106e-03,1.997025e-03,1.404674e-01,3.756915e-01,1.147562e-03,7.480356e-03,3.705273e-03
2.727358e-02,1.574140e-02,2.793890e-01,2.385055e-02,6.634162e-02,8.557311e-03,2.162023e-03,1.674540e-01,5.818421e-03,4.362442e-03,1.097121e-01,2.793443e-01,9.386946e-04,5.726018e-03,3.328534e-03
2.669806e-02,1.948457e-02,3.361430e-01,2.090858e-02,1.329630e-01,3.519845e-02,7.667135e-03,1.200412e-01,4.698353e-03,3.860800e-03,8.089273e-02,2.032760e-01,8.294404e-04,4.829033e-03,2.509560e-03
2.755381e-02,2.474552e-02,2.536293e-01,2.098360e-02,3.022748e-01,4.329012e-02,1.550656e-02,8.827314e-02,4.900725e-03,3.351658e-03,5.906459e-02,1.497676e-01,7.138854e-04,4.101007e-03,1.843606e-03
3.913900e-02,3.563435e-02,1.835440e-01,1.769688e-02,3.555810e-01,1.101337e-01,1.163638e-02,6.684472e-02,6.930109e-03,5.508449e-03,4.857769e-02,1.107611e-01,7.648753e-04,4.839586e-03,2.408079e-03
3.935927e-02,4.373480e-02,1.354627e-01,2.410096e-02,4.296706e-01,1.098585e-01,9.010566e-03,6.183308e-02,8.548526e-03,5.072148e-03,3.961640e-02,8.538365e-02,9.231676e-04,5.204063e-03,2.221478e-03
6.713291e-02,8.341663e-02,9.910277e-02,4.939856e-02,3.547136e-01,8.542624e-02,6.422635e-03,4.538515e-02,1.129623e-02,7.869950e-03,7.172129e-02,8.509690e-02,1.225907e-02,1.127425e-02,9.483834e-03
6.135790e-02,9.120215e-02,7.509278e-02,4.937391e-02,2.534303e-01,6.070968e-02,4.532731e-03,3.236382e-02,3.545353e-02,2.467522e-02,1.595217e-01,1.050867e-01,2.033818e-02,1.722093e-02,9.640523e-03
4.993290e-02,7.046414e-02,5.581820e-02,5.372516e-02,1.828515e-01,4.339766e-02,3.206036e-03,2.321477e-02,3.764639e-02,3.622834e-02,2.512791e-01,1.442152e-01,1.742319e-02,2.267831e-02,7.919097e-03
6.306291e-02,5.576304e-02,4.070243e-02,4.647637e-02,1.354855e-01,3.240545e-02,2.316450e-03,1.668900e-02,2.966388e-02,3.073299e-02,3.585632e-01,1.457072e-01,1.274185e-02,2.321327e-02,6.476488e-03
1.201030e-01,4.673874e-02,3.066312e-02,4.478175e-02,1.133001e-01,2.672046e-02,1.955877e-03,1.226805e-02,2.345739e-02,2.557139e-02,3.162507e-01,2.007814e-01,9.855240e-03,2.184361e-02,5.709149e-03
1.496608e-01,3.429116e-02,2.227081e-02,3.849500e-02,9.174570e-02,3.363542e-02,1.488797e-03,8.910764e-03,1.828791e-02,1.947194e-02,3.175261e-01,2.316943e-01,7.623436e-03,2.006209e-02,4.835654e-03
1.077421e-01,2.462397e-02,1.582592e-02,2.865135e-02,8.333238e-02,3.740907e-02,1.091730e-03,6.291343e-03,1.429403e-02,1.415597e-02,3.352073e-01,3.040997e-01,6.226330e-03,1.708931e-02,3.959454e-03
7.769538e-02,1.779474e-02,1.123404e-02,2.190239e-02,8.354408e-02,4.418502e-02,7.945941e-04,4.460741e-03,1.079656e-02,1.061673e-02,3.061920e-01,3.881789e-01,4.950228e-03,1.425099e-02,3.403618e-03
5.496530e-02,1.286013e-02,7.947393e-03,1.608305e-02,6.938104e-02,3.890362e-02,5.750948e-04,3.151090e-03,8.296956e-03,7.695582e-03,3.214046e-01,4.363385e-01,4.040345e-03,1.540615e-02,2.951100e-03
3.878886e-02,9.358303e-03,5.616999e-03,1.157723e-02,5.467632e-02,2.917453e-02,4.263839e-04,2.223388e-03,6.598597e-03,5.960781e-03,3.399030e-01,4.722719e-01,3.475702e-03,1.734604e-02,2.602039e-03
2.805638e-02,8.450523e-03,4.436664e-03,8.471864e-03,8.544876e-02,2.679999e-02,3.743150e-04,1.660736e-03,5.105801e-03,4.706427e-03,3.187469e-01,4.859944e-01,3.370326e-03,1.587312e-02,2.503807e-03
1.990114e-02,6.531107e-03,3.234952e-03,6.103954e-03,6.226672e-02,1.983171e-02,2.998279e-04,1.239535e-03,4.605407e-03,3.571038e-03,3.030410e-01,5.508455e-01,3.102923e-03,1.333635e-02,2.088930e-03
1.585729e-02,6.648606e-03,3.097374e-03,4.713762e-03,4.853404e-02,1.640060e-02,3.642405e-04,2.227000e-03,4.515595e-03,3.075317e-03,2.756763e-01,6.026433e-01,2.930051e-03,1.151458e-02,1.802043e-03
1.216768e-02,9.876221e-03,2.436326e-03,3.637824e-03,5.244626e-02,1.735880e-02,8.216680e-04,1.971646e-03,3.603155e-03,2.383351e-03,2.947857e-01,5.837303e-01,2.755597e-03,1.043055e-02,1.594893e-03
1.033687e-02,1.038567e-02,2.446472e-03,2.932366e-03,4.446492e-02,1.415608e-02,8.537780e-04,2.081716e-03,3.062580e-03,1.935990e-03,3.171431e-01,5.740997e-01,2.538619e-03,1.178696e-02,1.775281e-03
9.112375e-03,8.394929e-03,1.807245e-03,2.125530e-03,3.840495e-02,1.063522e-02,6.786609e-04,1.725957e-03,2.360324e-03,1.567357e-03,3.460364e-01,5.616131e-01,2.305096e-03,1.185112e-02,1.381733e-03
7.582466e-03,7.626776e-03,1.405822e-03,1.541106e-03,4.028405e-02,8.648260e-03,7.232708e-04,1.573922e-03,1.941505e-03,1.428498e-03,3.802286e-01,5.324899e-01,2.215109e-03,1.109650e-02,1.214262e-03
6.433138e-03,6.925537e-03,1.121288e-03,1.227433e-03,5.519490e-02,7.713893e-03,7.986748e-04,2.216962e-03,1.652508e-03,1.072439e-03,4.263717e-01,4.759678e-01,2.381176e-03,9.911530e-03,1.011078e-03
5.192321e-03,1.130747e-02,1.407585e-03,1.266461e-03,1.876919e-01,2.432132e-02,2.291893e-03,4.704980e-03,4.299349e-03,9.817625e-04,3.234497e-01,4.174039e-01,1.826411e-03,1.196856e-02,1.886437e-03
5.340297e-03,8.841605e-03,2.475480e-03,3.866849e-03,1.780828e-01,1.936714e-02,2.900682e-03,7.562885e-02,4.614083e-03,9.044684e-04,2.530329e-01,4.302440e-01,1.476800e-03,1.180405e-02,1.420033e-03
6.399998e-03,7.176075e-03,4.022033e-03,3.978925e-03,2.982806e-01,3.016247e-02,4.089370e-03,1.249474e-01,3.951723e-03,9.771927e-04,1.871430e-01,3.174601e-01,1.123515e-03,9.275025e-03,1.012502e-03
7.798569e-03,5.526420e-03,3.860784e-03,3.547631e-03,4.761440e-01,2.765522e-02,7.428569e-03,9.158266e-02,3.041268e-03,1.124374e-03,1.382568e-01,2.254035e-01,8.820069e-04,7.017110e-03,7.311485e-04
8.883070e-03,4.311520e-03,4.447103e-03,6.348393e-03,5.984807e-01,2.449980e-02,8.645114e-03,7.608914e-02,2.223581e-03,8.505867e-04,9.961113e-02,1.591818e-01,6.560593e-04,5.238797e-03,5.331971e-04
1.569625e-02,4.136444e-03,4.005368e-03,6.484878e-03,6.924105e-01,2.298526e-02,7.375928e-03,5.515077e-02,1.833849e-03,7.114008e-04,7.127857e-02,1.121792e-01,6.182235e-04,4.405741e-03,7.276136e-04
2.019389e-02,3.917474e-03,4.892266e-03,1.387136e-02,7.497465e-01,1.935096e-02,5.987415e-03,4.510152e-02,1.555646e-03,5.538722e-04,5.096075e-02,7.927836e-02,5.705170e-04,3.334434e-03,6.849685e-04
4.929743e-02,5.792899e-03,1.036045e-02,3.004141e-02,6.697438e-01,3.850663e-02,4.430773e-03,7.271415e-02,2.297028e-03,6.447402e-04,4.666959e-02,5.940008e-02,2.138963e-03,5.852812e-03,2.109217e-03
6.731375e-02,6.147502e-03,1.307264e-02,1.014154e-01,5.955023e-01,3.589300e-02,3.466427e-03,6.977372e-02,3.119688e-03,1.529532e-03,4.193500e-02,4.383812e-02,2.438663e-03,8.894769e-03,5.659468e-03
8.304824e-02,8.572632e-03,1.710020e-02,1.652515e-01,4.809818e-01,3.339287e-02,2.608372e-03,1.214750e-01,2.845901e-03,1.666874e-03,3.366353e-02,3.171194e-02,2.823850e-03,9.593786e-03,5.263533e-03
9.287709e-02,1.065141e-02,1.676184e-02,2.195825e-01,3.651683e-01,2.986547e-02,1.959758e-03,1.917567e-01,2.710652e-03,2.209530e-03,2.719924e-02,2.286585e-02,2.755948e-03,8.707223e-03,4.928513e-03
1.180425e-01,1.334485e-02,1.747814e-02,3.042546e-01,2.955375e-01,3.403191e-02,1.512373e-03,1.509926e-01,2.595600e-03,2.195944e-03,2.666675e-02,1.714482e-02,2.448112e-03,8.597180e-03,5.157099e-03
1.601017e-01,2.558302e-02,1.753000e-02,3.445114e-01,2.302003e-01,5.273251e-02,1.229762e-03,1.113457e-01,2.588069e-03,2.965920e-03,2.160287e-02,1.314550e-02,2.294241e-03,8.165297e-03,6.003652e-03
2.190903e-01,2.391931e-02,2.267225e-02,3.564956e-01,1.822214e-01,4.593176e-02,1.194600e-03,8.407775e-02,4.077744e-03,3.964568e-03,2.561172e-02,1.123095e-02,2.446188e-03,1.009914e-02,6.966849e-03
2.545648e-01,2.777762e-02,3.133249e-02,3.801001e-01,1.400497e-01,3.846634e-02,1.056486e-03,6.253498e-02,4.742588e-03,4.478697e-03,2.491570e-02,9.688538e-03,2.305363e-03,1.075608e-02,7.230529e-03
3.271848e-01,2.788435e-02,3.579791e-02,3.184406e-01,1.212595e-01,3.667434e-02,1.265220e-03,5.347678e-02,8.748627e-03,6.637387e-03,2.340037e-02,1.180169e-02,3.092027e-03,1.368688e-02,1.064949e-02
4.167703e-01,3.745916e-02,3.369070e-02,2.337440e-01,9.606744e-02,3.948753e-02,1.308263e-03,4.353569e-02,9.763778e-03,7.660636e-03,2.447235e-02,1.431483e-02,5.541955e-03,1.566655e-02,2.051687e-02
4.595926e-01,3.823927e-02,3.567670e-02,1.836979e-01,7.907514e-02,4.176904e-02,2.434167e-03,4.059282e-02,1.220594e-02,9.582444e-03,2.553185e-02,2.002283e-02,8.891084e-03,1.645930e-02,2.622899e-02
4.495274e-01,3.519795e-02,3.059257e-02,1.368771e-01,6.962077e-02,4.954893e-02,2.289515e-03,3.448831e-02,6.807945e-02,9.426686e-03,2.847562e-02,1.736964e-02,8.920685e-03,2.448868e-02,3.509666e-02
3.845005e-01,2.899183e-02,2.711146e-02,1.046297e-01,5.343884e-02,6.006269e-02,2.299111e-03,2.784842e-02,1.405836e-01,8.842349e-03,3.229420e-02,1.828174e-02,1.096064e-02,4.407006e-02,5.608489e-02
3.515186e-01,2.592811e-02,2.346680e-02,8.747226e-02,3.938541e-02,7.050795e-02,2.042770e-03,2.287350e-02,1.908647e-01,7.144018e-03,4.364628e-02,2.133374e-02,1.396351e-02,4.530140e-02,5.455102e-02
3.265735e-01,1.984516e-02,1.735889e-02,6.187925e-02,2.845414e-02,5.986659e-02,1.782051e-03,1.638194e-02,1.613493e-01,6.927258e-03,4.318605e-02,1.661216e-02,1.207369e-02,8.377794e-02,1.439321e-01
3.086932e-01,1.813225e-02,1.410632e-02,4.419031e-02,2.034817e-02,5.084154e-02,2.464266e-03,1.192072e-02,2.027814e-01,7.655169e-03,3.446016e-02,1.264569e-02,9.978455e-03,1.067445e-01,1.550379e-01
3.048896e-01,1.554409e-02,1.504883e-02,3.308437e-02,1.571484e-02,5.485648e-02,3.262574e-03,9.704150e-03,2.657858e-01,8.015279e-03,3.000873e-02,1.098683e-02,1.046722e-02,9.728271e-02,1.253485e-01
3.770760e-01,1.483534e-02,1.418395e-02,2.378178e-02,1.210584e-02,4.781418e-02,4.919414e-03,9.002037e-03,2.128682e-01,7.421774e-03,2.725993e-02,1.098818e-02,1.232512e-02,1.344924e-01,9.092599e-02
3.055702e-01,1.332742e-02,2.549818e-02,2.238976e-02,9.462390e-03,4.090778e-02,3.757553e-03,7.243620e-03,2.217458e-01,1.181812e-02,2.719610e-02,9.782526e-03,1.269208e-02,2.041199e-01,8.448850e-02
2.500924e-01,1.587027e-02,2.003799e-02,1.637378e-02,7.071951e-03,3.367015e-02,3.251558e-03,6.265700e-03,2.272009e-01,9.601451e-03,2.347386e-02,7.923955e-03,1.101526e-02,2.881070e-01,8.004388e-02
2.106553e-01,1.320523e-02,1.437954e-02,1.199923e-02,5.920173e-03,2.892995e-02,2.486549e-03,4.650476e-03,2.260756e-01,7.787815e-03,2.012090e-02,5.807316e-03,9.581789e-03,3.750079e-01,6.339221e-02
1.751733e-01,1.172862e-02,1.123792e-02,9.670632e-03,5.651756e-03,2.549241e-02,2.118335e-03,4.280393e-03,2.711210e-01,1.095447e-02,1.618403e-02,4.348515e-03,8.106127e-03,3.886946e-01,5.523797e-02
1.977785e-01,1.512569e-02,1.246509e-02,9.144796e-03,3.013280e-02,4.224741e-02,6.407964e-03,5.186548e-03,2.428497e-01,1.263162e-02,1.277489e-02,3.499596e-03,7.202600e-03,3.581639e-01,4.438897e-02
2.477551e-01,1.445030e-02,5.071292e-02,3.700578e-02,3.876516e-02,3.811769e-02,1.162319e-02,7.455665e-03,2.064419e-01,1.047311e-02,1.107911e-02,2.976050e-03,7.343776e-03,2.830644e-01,3.273586e-02
2.436164e-01,1.822237e-02,3.762340e-02,2.930317e-02,6.634029e-02,4.959527e-02,1.180895e-02,5.817667e-03,2.023960e-01,1.024817e-02,9.027522e-03,2.284495e-03,6.040055e-03,2.811089e-01,2.656739e-02
1.834008e-01,2.281706e-02,2.755931e-02,7.938570e-02,2.395847e-01,3.680391e-02,9.948579e-03,4.753310e-03,1.500105e-01,8.234293e-03,6.707657e-03,1.884864e-03,4.675292e-03,1.972461e-01,2.698807e-02
1.717270e-01,2.311280e-02,3.497149e-02,1.895580e-01,2.467720e-01,2.954025e-02,8.051666e-03,3.904062e-03,1.114186e-01,6.833169e-03,6.500233e-03,2.341510e-03,4.003940e-03,1.392620e-01,2.200336e-02
1.706494e-01,2.408182e-02,3.291163e-02,1.589877e-01,3.294118e-01,2.787987e-02,6.122307e-03,3.777784e-03,9.840765e-02,5.717296e-03,7.111213e-03,2.896385e-03,4.151261e-03,1.010446e-01,2.684928e-02
2.202642e-01,2.238993e-02,3.522458e-02,1.265028e-01,3.299885e-01,2.608713e-02,4.533918e-03,1.174109e-02,9.925248e-02,5.253639e-03,9.803027e-03,4.082680e-03,4.658930e-03,7.581785e-02,2.439925e-02
2.274068e-01,1.823162e-02,2.828576e-02,9.767178e-02,2.725066e-01,2.069354e-02,3.452633e-03,1.406068e-01,9.176718e-02,4.909155e-03,1.089281e-02,5.126659e-03,4.675816e-03,5.428340e-02,1.948936e-02
2.458509e-01,1.629852e-02,2.514365e-02,7.435746e-02,2.099120e-01,1.845701e-02,4.037890e-03,2.482386e-01,6.898695e-02,4.192735e-03,1.349019e-02,6.920197e-03,6.228288e-03,3.883587e-02,1.904973e-02
2.115533e-01,1.212196e-02,1.928190e-02,5.456403e-02,1.488667e-01,1.659731e-02,4.089906e-03,4.157369e-01,4.891972e-02,3.325346e-03,1.095554e-02,6.366398e-03,5.732753e-03,2.774550e-02,1.414275e-02
1.929421e-01,9.133731e-03,1.459331e-02,3.975656e-02,1.058512e-01,1.468000e-02,4.527678e-03,5.303775e-01,3.482119e-02,2.644544e-03,8.884240e-03,6.104261e-03,5.593553e-03,1.968051e-02,1.040957e-02
1.821325e-01,7.448845e-03,1.117618e-02,2.947697e-02,7.697832e-02,1.274721e-02,4.004925e-03,6.072462e-01,2.476724e-02,2.146706e-03,8.480539e-03,5.600744e-03,5.552804e-03,1.428962e-02,7.951115e-03
1.558984e-01,5.746789e-03,8.635625e-03,2.150056e-02,5.563544e-02,1.026158e-02,3.235610e-03,6.876817e-01,1.748860e-02,1.616954e-03,6.937795e-03,4.607781e-03,4.742314e-03,1.021315e-02,5.797632e-03
1.264581e-01,4.168592e-03,6.243180e-03,1.574497e-02,3.996234e-02,8.120099e-03,2.473070e-03,7.582755e-01,1.236596e-02,1.208308e-03,5.543508e-03,3.965407e-03,4.081325e-03,7.240700e-03,4.148856e-03
9.950352e-02,3.544736e-03,4.624362e-03,1.143900e-02,3.031688e-02,6.282681e-03,1.886786e-03,8.062910e-01,9.119606e-03,1.077816e-03,6.921149e-03,4.400939e-03,6.073199e-03,5.336243e-03,3.182033e-03
7.784715e-02,3.057306e-03,3.474114e-03,8.320680e-03,2.350386e-02,5.022340e-03,1.479854e-03,8.455815e-01,6.973377e-03,1.025015e-03,6.966072e-03,3.994634e-03,6.331527e-03,3.859706e-03,2.562790e-03
6.890260e-02,4.549726e-03,3.122586e-03,8.683710e-03,1.899458e-02,4.521428e-03,1.341357e-03,8.195668e-01,1.042429e-02,1.521752e-03,1.325829e-02,1.166604e-02,2.517683e-02,4.632236e-03,3.637790e-03
5.758219e-02,4.772030e-03,2.727294e-03,8.810056e-03,1.627060e-02,3.872759e-03,1.114019e-03,8.004678e-01,1.491244e-02,2.628758e-03,2.050329e-02,1.212124e-02,4.604842e-02,4.139956e-03,4.029141e-03
4.336300e-02,5.539251e-03,5.740202e-03,1.527057e-01,1.529235e-02,2.991870e-03,8.244088e-04,5.764118e-01,4.887310e-02,8.033412e-03,4.418941e-02,1.119798e-02,7.470360e-02,3.365379e-03,6.768479e-03
3.649605e-02,1.274821e-02,7.867426e-03,2.275865e-01,1.174374e-02,2.522900e-03,6.647835e-04,4.131948e-01,1.086767e-01,1.838779e-02,4.795875e-02,1.107843e-02,7.759195e-02,4.012627e-03,1.946929e-02
7.895826e-02,2.094475e-02,8.204648e-03,1.823151e-01,9.925287e-03,2.738235e-03,6.505754e-04,3.061133e-01,1.579188e-01,2.108294e-02,6.203916e-02,2.144385e-02,9.509221e-02,5.735463e-03,2.683738e-02
1.274215e-01,2.665754e-02,1.072955e-02,1.494018e-01,1.786820e-02,8.189798e-03,1.055603e-03,2.492410e-01,1.927831e-01,1.915134e-02,5.653697e-02,2.302122e-02,8.492088e-02,5.513648e-03,2.750773e-02
1.916667e-01,2.545995e-02,8.510899e-03,1.180295e-01,2.039577e-02,8.461192e-03,1.095130e-03,2.592484e-01,1.835955e-01,1.459669e-02,4.955281e-02,2.480678e-02,6.956503e-02,4.518808e-03,2.049673e-02
2.983501e-01,2.639089e-02,7.589640e-03,1.076576e-01,2.004249e-02,8.462323e-03,1.118563e-03,1.991194e-01,1.429459e-01,1.144653e-02,4.810372e-02,5.324398e-02,5.344684e-02,4.458915e-03,1.762317e-02
3.703930e-01,2.255062e-02,7.763356e-03,9.012171e-02,1.816290e-02,9.039897e-03,1.423952e-03,1.550512e-01,1.067649e-01,8.785274e-03,4.718734e-02,9.049561e-02,5.086056e-02,5.118467e-03,1.628112e-02
4.100001e-01,1.890682e-02,7.477448e-03,8.281954e-02,1.453417e-02,1.167555e-02,1.450549e-03,1.179638e-01,8.194484e-02,6.727766e-03,4.373971e-02,1.291047e-01,4.814443e-02,6.205149e-03,1.930544e-02
3.361333e-01,2.629692e-02,1.566878e-02,1.832241e-01,1.188401e-02,1.089890e-02,1.525096e-03,8.657447e-02,8.134662e-02,6.958336e-03,4.145944e-02,1.111514e-01,4.360908e-02,5.529455e-03,3.774004e-02
3.938256e-01,2.506804e-02,1.431062e-02,1.531985e-01,9.956202e-03,1.271842e-02,1.706198e-03,6.441233e-02,7.602565e-02,7.961960e-03,3.980389e-02,9.800134e-02,4.167327e-02,7.139387e-03,5.419859e-02
3.217872e-01,3.077532e-02,1.142735e-02,1.505293e-01,8.267717e-03,1.244291e-02,1.595137e-03,4.598513e-02,1.335011e-01,9.835998e-03,3.733119e-02,1.065929e-01,4.384695e-02,6.658987e-03,7.942283e-02
2.639894e-01,3.916583e-02,1.145151e-02,1.735104e-01,7.202348e-03,1.382411e-02,1.519647e-03,3.371751e-02,2.148060e-01,1.005595e-02,3.372601e-02,8.672595e-02,3.599039e-02,6.156896e-03,6.815796e-02
2.585819e-01,4.000040e-02,9.994000e-03,1.314897e-01,1.429431e-02,1.343543e-02,1.528217e-03,2.510509e-02,2.695806e-01,9.144189e-03,3.186284e-02,6.779464e-02,3.388589e-02,7.777854e-03,8.552497e-02
1.924669e-01,5.083461e-02,1.102374e-02,1.774021e-01,1.107748e-02,1.024871e-02,1.186818e-03,1.867520e-02,3.455198e-01,7.773761e-03,2.576356e-02,4.845879e-02,2.621311e-02,6.040557e-03,6.731489e-02
2.818919e-01,5.267489e-02,1.032582e-02,1.337365e-01,1.239329e-02,1.053271e-02,1.861084e-03,1.837683e-02,3.080977e-01,5.944777e-03,2.539349e-02,3.779863e-02,2.378872e-02,9.112151e-03,6.807169e-02
