1.000000e+00,0.000000e+00,0.000000e+00,0.000000e+00,0.000000e+00,0.000000e+00,0.000000e+00,0.000000e+00,0.000000e+00,0.000000e+00,0.000000e+00,0.000000e+00,0.000000e+00,0.000000e+00,0.000000e+00
1.000000e+00,0.000000e+00,0.000000e+00,0.000000e+00,0.000000e+00,0.000000e+00,0.000000e+00,0.000000e+00,0.000000e+00,0.000000e+00,0.000000e+00,0.000000e+00,0.000000e+00,0.000000e+00,0.000000e+00
1.000000e+00,0.000000e+00,0.000000e+00,0.000000e+00,0.000000e+00,0.000000e+00,0.000000e+00,0.000000e+00,0.000000e+00,0.000000e+00,0.000000e+00,0.000000e+00,0.000000e+00,0.000000e+00,0.000000e+00
1.000000e+00,0.000000e+00,0.000000e+00,0.000000e+00,0.000000e+00,0.000000e+00,0.000000e+00,0.000000e+00,0.000000e+00,0.000000e+00,0.000000e+00,0.000000e+00,0.000000e+00,0.000000e+00,0.000000e+00
1.000000e+00,0.000000e+00,0.000000e+00,0.000000e+00,0.000000e+00,0.000000e+00,0.000000e+00,0.000000e+00,0.000000e+00,0.000000e+00,0.000000e+00,0.000000e+00,0.000000e+00,0.000000e+00,0.000000e+00
1.000000e+00,0.000000e+00,0.000000e+00,0.000000e+00,0.000000e+00,0.000000e+00,0.000000e+00,0.000000e+00,0.000000e+00,0.000000e+00,0.000000e+00,0.000000e+00,0.000000e+00,0.000000e+00,0.000000e+00
1.000000e+00,0.000000e+00,0.000000e+00,0.000000e+00,0.000000e+00,0.000000e+00,0.000000e+00,0.000000e+00,0.000000e+00,0.000000e+00,0.000000e+00,0.000000e+00,0.000000e+00,0.000000e+00,0.000000e+00
1.000000e+00,0.000000e+00,0.000000e+00,0.000000e+00,0.000000e+00,0.000000e+00,0.000000e+00,0.000000e+00,0.000000e+00,0.000000e+00,0.000000e+00,0.000000e+00,0.000000e+00,0.000000e+00,0.000000e+00
1.000000e+00,0.000000e+00,0.000000e+00,0.000000e+00,0.000000e+00,0.000000e+00,0.000000e+00,0.000000e+00,0.000000e+00,0.000000e+00,0.000000e+00,0.000000e+00,0.000000e+00,0.000000e+00,0.000000e+00
1.000000e+00,0.000000e+00,0.000000e+00,0.000000e+00,0.000000e+00,0.000000e+00,0.000000e+00,0.000000e+00,0.000000e+00,0.000000e+00,0.000000e+00,0.000000e+00,0.000000e+00,0.000000e+00,0.000000e+00
1.000000e+00,0.000000e+00,0.000000e+00,0.000000e+00,0.000000e+00,0.000000e+00,0.000000e+00,0.000000e+00,0.000000e+00,0.000000e+00,0.000000e+00,0.000000e+00,0.000000e+00,0.000000e+00,0.000000e+00
1.000000e+00,0.000000e+00,0.000000e+00,0.000000e+00,0.000000e+00,0.000000e+00,0.000000e+00,0.000000e+00,0.000000e+00,0.000000e+00,0.000000e+00,0.000000e+00,0.000000e+00,0.000000e+00,0.000000e+00
1.000000e+00,0.000000e+00,0.000000e+00,0.000000e+00,0.000000e+00,0.000000e+00,0.000000e+00,0.000000e+00,0.000000e+00,0.000000e+00,0.000000e+00,0.000000e+00,0.000000e+00,0.000000e+00,0.000000e+00
1.000000e+00,0.000000e+00,0.000000e+00,0.000000e+00,0.000000e+00,0.000000e+00,0.000000e+00,0.000000e+00,0.000000e+00,0.000000e+00,0.000000e+00,0.000000e+00,0.000000e+00,0.000000e+00,0.000000e+00
1.000000e+00,0.000000e+00,0.000000e+00,0.000000e+00,0.000000e+00,0.000000e+00,0.000000e+00,0.000000e+00,0.000000e+00,0.000000e+00,0.000000e+00,0.000000e+00,0.000000e+00,0.000000e+00,0.000000e+00
1.000000e+00,0.000000e+00,0.000000e+00,0.000000e+00,0.000000e+00,0.000000e+00,0.000000e+00,0.000000e+00,0.000000e+00,0.000000e+00,0.000000e+00,0.000000e+00,0.000000e+00,0.000000e+00,0.000000e+00
1.000000e+00,0.000000e+00,0.000000e+00,0.000000e+00,0.000000e+00,0.000000e+00,0.000000e+00,0.000000e+00,0.000000e+00,0.000000e+00,0.000000e+00,0.000000e+00,0.000000e+00,0.000000e+00,0.000000e+00
1.000000e+00,0.000000e+00,0.000000e+00,0.000000e+00,0.000000e+00,0.000000e+00,0.000000e+00,0.000000e+00,0.000000e+00,0.000000e+00,0.000000e+00,0.000000e+00,0.000000e+00,0.000000e+00,0.000000e+00
1.000000e+00,0.000000e+00,0.000000e+00,0.000000e+00,0.000000e+00,0.000000e+00,0.000000e+00,0.000000e+00,0.000000e+00,0.000000e+00,0.000000e+00,0.000000e+00,0.000000e+00,0.000000e+00,0.000000e+00
1.000000e+00,0.000000e+00,0.000000e+00,0.000000e+00,0.000000e+00,0.000000e+00,0.000000e+00,0.000000e+00,0.000000e+00,0.000000e+00,0.000000e+00,0.000000e+00,0.000000e+00,0.000000e+00,0.000000e+00
1.000000e+00,0.000000e+00,0.000000e+00,0.000000e+00,0.000000e+00,0.000000e+00,0.000000e+00,0.000000e+00,0.000000e+00,0.000000e+00,0.000000e+00,0.000000e+00,0.000000e+00,0.000000e+00,0.000000e+00
1.000000e+00,0.000000e+00,0.000000e+00,0.000000e+00,0.000000e+00,0.000000e+00,0.000000e+00,0.000000e+00,0.000000e+00,0.000000e+00,0.000000e+00,0.000000e+00,0.000000e+00,0.000000e+00,0.000000e+00
1.000000e+00,0.000000e+00,0.000000e+00,0.000000e+00,0.000000e+00,0.000000e+00,0.000000e+00,0.000000e+00,0.000000e+00,0.000000e+00,0.000000e+00,0.000000e+00,0.000000e+00,0.000000e+00,0.000000e+00
1.000000e+00,0.000000e+00,0.000000e+00,0.000000e+00,0.000000e+00,0.000000e+00,0.000000e+00,0.000000e+00,0.000000e+00,0.000000e+00,0.000000e+00,0.000000e+00,0.000000e+00,0.000000e+00,0.000000e+00
1.000000e+00,0.000000e+00,0.000000e+00,0.000000e+00,0.000000e+00,0.000000e+00,0.000000e+00,0.000000e+00,0.000000e+00,0.000000e+00,0.000000e+00,0.000000e+00,0.000000e+00,0.000000e+00,0.000000e+00
1.000000e+00,0.000000e+00,0.000000e+00,0.000000e+00,0.000000e+00,0.000000e+00,0.000000e+00,0.000000e+00,0.000000e+00,0.000000e+00,0.000000e+00,0.000000e+00,0.000000e+00,0.000000e+00,0.000000e+00
1.000000e+00,0.000000e+00,0.000000e+00,0.000000e+00,0.000000e+00,0.000000e+00,0.000000e+00,0.000000e+00,0.000000e+00,0.000000e+00,0.000000e+00,0.000000e+00,0.000000e+00,0.000000e+00,0.000000e+00
1.000000e+00,0.000000e+00,0.000000e+00,0.000000e+00,0.000000e+00,0.000000e+00,0.000000e+00,0.000000e+00,0.000000e+00,0.000000e+00,0.000000e+00,0.000000e+00,0.000000e+00,0.000000e+00,0.000000e+00
1.000000e+00,0.000000e+00,0.000000e+00,0.000000e+00,0.000000e+00,0.000000e+00,0.000000e+00,0.000000e+00,0.000000e+00,0.000000e+00,0.000000e+00,0.000000e+00,0.000000e+00,0.000000e+00,0.000000e+00
1.000000e+00,0.000000e+00,0.000000e+00,0.000000e+00,0.000000e+00,0.000000e+00,0.000000e+00,0.000000e+00,0.000000e+00,0.000000e+00,0.000000e+00,0.000000e+00,0.000000e+00,0.000000e+00,0.000000e+00
1.000000e+00,0.000000e+00,0.000000e+00,0.000000e+00,0.000000e+00,0.000000e+00,0.000000e+00,0.000000e+00,0.000000e+00,0.000000e+00,0.000000e+00,0.000000e+00,0.000000e+00,0.000000e+00,0.000000e+00
1.000000e+00,0.000000e+00,0.000000e+00,0.000000e+00,0.000000e+00,0.000000e+00,0.000000e+00,0.000000e+00,0.000000e+00,0.000000e+00,0.000000e+00,0.000000e+00,0.000000e+00,0.000000e+00,0.000000e+00
1.000000e+00,0.000000e+00,0.000000e+00,0.000000e+00,0.000000e+00,0.000000e+00,0.000000e+00,0.000000e+00,0.000000e+00,0.000000e+00,0.000000e+00,0.000000e+00,0.000000e+00,0.000000e+00,0.000000e+00
1.000000e+00,0.000000e+00,0.000000e+00,0.000000e+00,0.000000e+00,0.000000e+00,0.000000e+00,0.000000e+00,0.000000e+00,0.000000e+00,0.000000e+00,0.000000e+00,0.000000e+00,0.000000e+00,0.000000e+00
1.000000e+00,0.000000e+00,0.000000e+00,0.000000e+00,0.000000e+00,0.000000e+00,0.000000e+00,0.000000e+00,0.000000e+00,0.000000e+00,0.000000e+00,0.000000e+00,0.000000e+00,0.000000e+00,0.000000e+00
1.000000e+00,0.000000e+00,0.000000e+00,0.000000e+00,0.000000e+00,0.000000e+00,0.000000e+00,0.000000e+00,0.000000e+00,0.000000e+00,0.000000e+00,0.000000e+00,0.000000e+00,0.000000e+00,0.000000e+00
1.000000e+00,0.000000e+00,0.000000e+00,0.000000e+00,0.000000e+00,0.000000e+00,0.000000e+00,0.000000e+00,0.000000e+00,0.000000e+00,0.000000e+00,0.000000e+00,0.000000e+00,0.000000e+00,0.000000e+00
1.000000e+00,0.000000e+00,0.000000e+00,0.000000e+00,0.000000e+00,0.000000e+00,0.000000e+00,0.000000e+00,0.000000e+00,0.000000e+00,0.000000e+00,0.000000e+00,0.000000e+00,0.000000e+00,0.000000e+00
1.000000e+00,0.000000e+00,0.000000e+00,0.000000e+00,0.000000e+00,0.000000e+00,0.000000e+00,0.000000e+00,0.000000e+00,0.000000e+00,0.000000e+00,0.000000e+00,0.000000e+00,0.000000e+00,0.000000e+00
1.000000e+00,0.000000e+00,0.000000e+00,0.000000e+00,0.000000e+00,0.000000e+00,0.000000e+00,0.000000e+00,0.000000e+00,0.000000e+00,0.000000e+00,0.000000e+00,0.000000e+00,0.000000e+00,0.000000e+00
1.000000e+00,0.000000e+00,0.000000e+00,0.000000e+00,0.000000e+00,0.000000e+00,0.000000e+00,0.000000e+00,0.000000e+00,0.000000e+00,0.000000e+00,0.000000e+00,0.000000e+00,0.000000e+00,0.000000e+00
1.000000e+00,0.000000e+00,0.000000e+00,0.000000e+00,0.000000e+00,0.000000e+00,0.000000e+00,0.000000e+00,0.000000e+00,0.000000e+00,0.000000e+00,0.000000e+00,0.000000e+00,0.000000e+00,0.000000e+00
1.000000e+00,0.000000e+00,0.000000e+00,0.000000e+00,0.000000e+00,0.000000e+00,0.000000e+00,0.000000e+00,0.000000e+00,0.000000e+00,0.000000e+00,0.000000e+00,0.000000e+00,0.000000e+00,0.000000e+00
1.000000e+00,0.000000e+00,0.000000e+00,0.000000e+00,0.000000e+00,0.000000e+00,0.000000e+00,0.000000e+00,0.000000e+00,0.000000e+00,0.000000e+00,0.000000e+00,0.000000e+00,0.000000e+00,0.000000e+00
1.000000e+00,0.000000e+00,0.000000e+00,0.000000e+00,0.000000e+00,0.000000e+00,0.000000e+00,0.000000e+00,0.000000e+00,0.000000e+00,0.000000e+00,0.000000e+00,0.000000e+00,0.000000e+00,0.000000e+00
1.000000e+00,0.000000e+00,0.000000e+00,0.000000e+00,0.000000e+00,0.000000e+00,0.000000e+00,0.000000e+00,0.000000e+00,0.000000e+00,0.000000e+00,0.000000e+00,0.000000e+00,0.000000e+00,0.000000e+00
1.000000e+00,0.000000e+00,0.000000e+00,0.000000e+00,0.000000e+00,0.000000e+00,0.000000e+00,0.000000e+00,0.000000e+00,0.000000e+00,0.000000e+00,0.000000e+00,0.000000e+00,0.000000e+00,0.000000e+00
1.000000e+00,0.000000e+00,0.000000e+00,0.000000e+00,0.000000e+00,0.000000e+00,0.000000e+00,0.000000e+00,0.000000e+00,0.000000e+00,0.000000e+00,0.000000e+00,0.000000e+00,0.000000e+00,0.000000e+00
1.000000e+00,0.000000e+00,0.000000e+00,0.000000e+00,0.000000e+00,0.000000e+00,0.000000e+00,0.000000e+00,0.000000e+00,0.000000e+00,0.000000e+00,0.000000e+00,0.000000e+00,0.000000e+00,0.000000e+00
1.000000e+00,0.000000e+00,0.000000e+00,0.000000e+00,0.000000e+00,0.000000e+00,0.000000e+00,0.000000e+00,0.000000e+00,0.000000e+00,0.000000e+00,0.000000e+00,0.000000e+00,0.000000e+00,0.000000e+00
1.000000e+00,0.000000e+00,0.000000e+00,0.000000e+00,0.000000e+00,0.000000e+00,0.000000e+00,0.000000e+00,0.000000e+00,0.000000e+00,0.000000e+00,0.000000e+00,0.000000e+00,0.000000e+00,0.000000e+00
1.000000e+00,0.000000e+00,0.000000e+00,0.000000e+00,0.000000e+00,0.000000e+00,0.000000e+00,0.000000e+00,0.000000e+00,0.000000e+00,0.000000e+00,0.000000e+00,0.000000e+00,0.000000e+00,0.000000e+00
1.000000e+00,0.000000e+00,0.000000e+00,0.000000e+00,0.000000e+00,0.000000e+00,0.000000e+00,0.000000e+00,0.000000e+00,0.000000e+00,0.000000e+00,0.000000e+00,0.000000e+00,0.000000e+00,0.000000e+00
1.000000e+00,0.000000e+00,0.000000e+00,0.000000e+00,0.000000e+00,0.000000e+00,0.000000e+00,0.000000e+00,0.000000e+00,0.000000e+00,0.000000e+00,0.000000e+00,0.000000e+00,0.000000e+00,0.000000e+00
1.000000e+00,0.000000e+00,0.000000e+00,0.000000e+00,0.000000e+00,0.000000e+00,0.000000e+00,0.000000e+00,0.000000e+00,0.000000e+00,0.000000e+00,0.000000e+00,0.000000e+00,0.000000e+00,0.000000e+00
1.000000e+00,0.000000e+00,0.000000e+00,0.000000e+00,0.000000e+00,0.000000e+00,0.000000e+00,0.000000e+00,0.000000e+00,0.000000e+00,0.000000e+00,0.000000e+00,0.000000e+00,0.000000e+00,0.000000e+00
1.000000e+00,0.000000e+00,0.000000e+00,0.000000e+00,0.000000e+00,0.000000e+00,0.000000e+00,0.000000e+00,0.000000e+00,0.000000e+00,0.000000e+00,0.000000e+00,0.000000e+00,0.000000e+00,0.000000e+00
1.000000e+00,0.000000e+00,0.000000e+00,0.000000e+00,0.000000e+00,0.000000e+00,0.000000e+00,0.000000e+00,0.000000e+00,0.000000e+00,0.000000e+00,0.000000e+00,0.000000e+00,0.000000e+00,0.000000e+00
1.000000e+00,0.000000e+00,0.000000e+00,0.000000e+00,0.000000e+00,0.000000e+00,0.000000e+00,0.000000e+00,0.000000e+00,0.000000e+00,0.000000e+00,0.000000e+00,0.000000e+00,0.000000e+00,0.000000e+00
1.000000e+00,0.000000e+00,0.000000e+00,0.000000e+00,0.000000e+00,0.000000e+00,0.000000e+00,0.000000e+00,0.000000e+00,0.000000e+00,0.000000e+00,0.000000e+00,0.000000e+00,0.000000e+00,0.000000e+00
4.421711e-01,4.236561e-03,3.470909e-02,1.641539e-02,2.224499e-03,9.745749e-03,6.370304e-03,4.516732e-01,1.747176e-03,7.078768e-04,6.226169e-03,8.612324e-03,6.886109e-03,1.794781e-03,6.479701e-03
3.138456e-01,3.028797e-03,2.903918e-02,1.276769e-02,1.728334e-03,7.242023e-03,5.048529e-03,6.040784e-01,1.233529e-03,5.038464e-04,4.435599e-03,6.131602e-03,4.978782e-03,1.348918e-03,4.589238e-03
2.205089e-01,2.139206e-03,2.110637e-02,9.133034e-03,1.411572e-03,5.154891e-03,3.957083e-03,7.201561e-01,8.667469e-04,3.578994e-04,3.129663e-03,4.325466e-03,3.557104e-03,9.740771e-04,3.221929e-03
1.552320e-01,1.522106e-03,1.537074e-02,6.636053e-03,1.242368e-03,3.699935e-03,3.387618e-03,8.011568e-01,6.106788e-04,2.556523e-04,2.220921e-03,3.073931e-03,2.600167e-03,7.218352e-04,2.269169e-03
1.095854e-01,1.086543e-03,1.128215e-02,4.861763e-03,1.497113e-03,2.632760e-03,2.809663e-03,8.578128e-01,4.316964e-04,1.862312e-04,1.584842e-03,2.185465e-03,1.922600e-03,5.220937e-04,1.599000e-03
7.706504e-02,7.706488e-04,8.070061e-03,3.478524e-03,1.770751e-03,1.874697e-03,2.517624e-03,8.983973e-01,3.046200e-04,1.357778e-04,1.127828e-03,1.549172e-03,1.438503e-03,3.714126e-04,1.128086e-03
5.421871e-02,5.548253e-04,6.022971e-03,2.558735e-03,1.653502e-03,1.473255e-03,2.656857e-03,9.256468e-01,2.209819e-04,1.087483e-04,9.226252e-04,1.183543e-03,1.672679e-03,2.867603e-04,8.190835e-04
3.810194e-02,3.914935e-04,4.607690e-03,1.839578e-03,1.429294e-03,1.070206e-03,2.845115e-03,9.456227e-01,1.574845e-04,8.183668e-05,6.988646e-04,8.616360e-04,1.502076e-03,2.075454e-04,5.826099e-04
2.716223e-02,2.809122e-04,3.420589e-03,1.353435e-03,1.838098e-03,7.982299e-04,2.769961e-03,9.591372e-01,1.679962e-04,7.650003e-05,5.284341e-04,6.314435e-04,1.254259e-03,1.514448e-04,4.293121e-04
1.954466e-02,2.018643e-04,2.490366e-03,9.958494e-04,1.721053e-03,6.027820e-04,2.989516e-03,9.690021e-01,1.312872e-04,6.873105e-05,3.930433e-04,4.762314e-04,9.589411e-04,1.091470e-04,3.144082e-04
1.499698e-02,1.554868e-04,1.912731e-03,8.145479e-04,2.156121e-03,5.207242e-04,3.624980e-03,9.737571e-01,1.161092e-04,8.240301e-05,3.157206e-04,4.131419e-04,8.017102e-04,8.392319e-05,2.482925e-04
1.128948e-02,1.323659e-04,1.707307e-03,7.802703e-04,2.518391e-03,4.991874e-04,3.907543e-03,9.770664e-01,1.414487e-04,1.188583e-04,2.865198e-04,4.554277e-04,8.057526e-04,7.291961e-05,2.182003e-04
1.033090e-02,1.354186e-04,1.557156e-03,9.079007e-04,3.155051e-03,5.797444e-04,3.864450e-03,9.758774e-01,3.102222e-04,2.527770e-04,3.501268e-04,8.595569e-04,1.453039e-03,9.056018e-05,2.757836e-04
1.037775e-02,2.249642e-04,1.324875e-03,1.130784e-03,3.665930e-03,1.518549e-03,3.575679e-03,8.459904e-01,3.468681e-03,7.435326e-04,1.089129e-03,4.359810e-03,1.212457e-01,2.301914e-04,1.054030e-03
8.792133e-03,2.091976e-03,1.254050e-03,2.356665e-03,5.412371e-03,1.574096e-03,2.654461e-03,7.110578e-01,5.940788e-02,3.985186e-03,4.916326e-03,6.467844e-03,1.744583e-01,1.284108e-03,1.428680e-02
8.439142e-03,3.675355e-03,1.355127e-03,4.655886e-03,7.728591e-03,2.108896e-03,2.210574e-03,5.660511e-01,6.867518e-02,9.015989e-03,1.393604e-02,7.202640e-03,2.770345e-01,1.799621e-03,2.611144e-02
8.089927e-03,8.031452e-03,1.377208e-03,1.120362e-02,7.518975e-03,4.921136e-03,1.712862e-03,4.174962e-01,8.463554e-02,7.821232e-03,2.273316e-02,7.149210e-03,3.746121e-01,2.226777e-03,4.047063e-02
6.714229e-03,8.600261e-02,1.887192e-03,1.813323e-02,6.379124e-03,3.933911e-03,1.342203e-03,2.930676e-01,2.202974e-01,5.814021e-03,1.832242e-02,6.120379e-03,2.949319e-01,1.912858e-03,3.514103e-02
8.056790e-03,6.549737e-02,1.596813e-03,1.436286e-02,5.848691e-03,6.880925e-03,1.114509e-03,2.062921e-01,1.572176e-01,4.172677e-03,1.708318e-02,1.080319e-02,4.727699e-01,1.716834e-03,2.658664e-02
9.843747e-03,4.713076e-02,2.114958e-03,1.184356e-02,5.232179e-03,7.162769e-03,1.733473e-03,1.453048e-01,1.138256e-01,3.384257e-03,1.680059e-02,2.448935e-02,5.834199e-01,2.234412e-03,2.547970e-02
1.926889e-02,3.415845e-02,4.515250e-03,9.285638e-03,5.481122e-03,6.145186e-03,2.233015e-03,1.027780e-01,8.986342e-02,2.865624e-03,1.449395e-02,2.746174e-02,6.585642e-01,3.216662e-03,1.966890e-02
2.830853e-02,2.434667e-02,3.889496e-03,6.972911e-03,5.123454e-03,6.648481e-03,2.161122e-03,7.298360e-02,6.395692e-02,2.200607e-03,1.247377e-02,4.166560e-02,7.072306e-01,3.379754e-03,1.865855e-02
3.405217e-02,2.105938e-02,5.381337e-03,5.236328e-03,8.622602e-03,7.323354e-03,2.276292e-03,5.244794e-02,4.915120e-02,1.730310e-03,9.777672e-03,4.209276e-02,7.198328e-01,3.526172e-03,3.748967e-02
3.040017e-02,1.635996e-02,1.223796e-02,3.934524e-03,2.218891e-02,7.654324e-03,8.956500e-03,4.018086e-02,3.756125e-02,1.381124e-03,7.780677e-03,3.832991e-02,7.281644e-01,2.797196e-03,4.207226e-02
5.527616e-02,1.512691e-02,7.414245e-02,4.274372e-03,3.605562e-02,9.804084e-03,8.276716e-03,3.686349e-02,3.672693e-02,4.067852e-03,7.981488e-03,2.898469e-02,6.238953e-01,3.173229e-03,5.535067e-02
1.338293e-01,1.429176e-02,5.973583e-02,3.987373e-03,3.931402e-02,1.006609e-02,7.261221e-03,3.487384e-02,3.117689e-02,3.314285e-03,7.174238e-03,2.336759e-02,5.862716e-01,2.973440e-03,4.236257e-02
1.035335e-01,1.250756e-02,5.117054e-02,3.021756e-03,3.777724e-02,9.027490e-03,6.598664e-03,3.239740e-02,2.663647e-02,2.529433e-03,5.624248e-03,2.388231e-02,6.496736e-01,2.535751e-03,3.308402e-02
1.008340e-01,1.452691e-02,6.142271e-02,3.289600e-03,4.228230e-02,9.630519e-03,6.594207e-03,7.650124e-02,2.729289e-02,2.324502e-03,4.821423e-03,2.062310e-02,5.975804e-01,2.321009e-03,2.995524e-02
8.138385e-02,1.490552e-02,7.325576e-02,3.329309e-03,4.578176e-02,1.155902e-02,5.959011e-03,1.086210e-01,3.348938e-02,1.816047e-03,3.963208e-03,1.679785e-02,5.732744e-01,1.893208e-03,2.397065e-02
6.612541e-02,1.128740e-02,8.150668e-02,4.295947e-03,4.009688e-02,1.101973e-02,5.911871e-03,2.891584e-01,2.435158e-02,1.320752e-03,2.957723e-03,1.266278e-02,4.305963e-01,1.515453e-03,1.719311e-02
5.114368e-02,8.157292e-03,6.542129e-02,5.196251e-03,3.215317e-02,9.477111e-03,6.084842e-03,4.675345e-01,1.734157e-02,9.819695e-04,2.109063e-03,9.405923e-03,3.115130e-01,1.128534e-03,1.235184e-02
4.555479e-02,6.430964e-03,5.002612e-02,5.176314e-03,3.481174e-02,7.604901e-03,4.741432e-03,5.786393e-01,1.286321e-02,9.799560e-04,1.551164e-03,8.011877e-03,2.296683e-01,9.631030e-04,1.297679e-02
4.597091e-02,5.341088e-03,3.689913e-02,4.841699e-03,2.966933e-02,5.871164e-03,3.661546e-03,6.611955e-01,9.687237e-03,9.456106e-04,1.304337e-03,6.520884e-03,1.755085e-01,9.052475e-04,1.167773e-02
4.084038e-02,4.392810e-03,2.675452e-02,3.774910e-03,2.561603e-02,4.399098e-03,2.757381e-03,7.403804e-01,7.293320e-03,7.509931e-04,1.038361e-03,4.748239e-03,1.276299e-01,7.092885e-04,8.914352e-03
3.611226e-02,3.492695e-03,1.925829e-02,3.003644e-03,2.036008e-02,3.611143e-03,2.263050e-03,8.018509e-01,5.620094e-03,5.588948e-04,9.113968e-04,3.414468e-03,9.262783e-02,5.265360e-04,6.388717e-03
3.075399e-02,2.548693e-03,1.365495e-02,2.425486e-03,1.479509e-02,2.996503e-03,1.793924e-03,8.503500e-01,4.089049e-03,4.099289e-04,7.562433e-04,2.502723e-03,6.803171e-02,3.917449e-04,4.499892e-03
2.717884e-02,1.930103e-03,9.726292e-03,2.079762e-03,1.072195e-02,2.434006e-03,1.438714e-03,8.855590e-01,3.053734e-03,3.058639e-04,6.545798e-04,1.881305e-03,4.955440e-02,2.982017e-04,3.183192e-03
2.623195e-02,1.426137e-03,7.021697e-03,2.055451e-03,7.800001e-03,2.193567e-03,1.143066e-03,9.097227e-01,2.214732e-03,2.246791e-04,6.359741e-04,1.537426e-03,3.526793e-02,2.422367e-04,2.282457e-03
2.789020e-02,1.070350e-03,5.132686e-03,2.020782e-03,5.855449e-03,1.981963e-03,9.162682e-04,9.243785e-01,1.657306e-03,1.713049e-04,5.771144e-04,1.428051e-03,2.507437e-02,1.911246e-04,1.654538e-03
4.937803e-02,1.935050e-03,4.838636e-03,7.310678e-03,7.095372e-03,2.479803e-03,7.913439e-04,8.893150e-01,3.989333e-03,8.384282e-04,2.597979e-03,5.777166e-03,2.030973e-02,8.507272e-04,2.492673e-03
7.101138e-02,3.573549e-03,4.310852e-03,1.269599e-02,1.447106e-02,2.833098e-03,7.689835e-04,8.382618e-01,8.797574e-03,1.891267e-03,8.416629e-03,6.753147e-03,2.207218e-02,1.221480e-03,2.920924e-03
8.545931e-02,5.065640e-03,3.742803e-03,1.500266e-02,2.931672e-02,3.325807e-03,1.027822e-03,7.687731e-01,2.114610e-02,3.195451e-03,1.740994e-02,7.492505e-03,2.970400e-02,1.337956e-03,8.000223e-03
8.070102e-02,7.917609e-03,6.884368e-03,1.908880e-02,8.026178e-02,4.045976e-03,1.619122e-03,6.836233e-01,2.422283e-02,3.993926e-03,2.593268e-02,8.093283e-03,4.320975e-02,1.410355e-03,8.995168e-03
9.349161e-02,8.118995e-03,8.883428e-03,1.568579e-02,1.004368e-01,5.323180e-03,1.630416e-03,6.577778e-01,1.862341e-02,3.994054e-03,2.365081e-02,1.047568e-02,4.181219e-02,1.345224e-03,8.750651e-03
1.331522e-01,1.886355e-02,8.036255e-03,1.240969e-02,8.055186e-02,4.924112e-03,2.016618e-03,5.045921e-01,2.179127e-02,5.798072e-03,4.268135e-02,3.007764e-02,1.115963e-01,5.146334e-03,1.836273e-02
2.206272e-01,1.770131e-02,6.950116e-03,9.535956e-03,1.077987e-01,6.104629e-03,2.504407e-03,3.715941e-01,2.201632e-02,4.366999e-03,3.726069e-02,3.244643e-02,1.383146e-01,5.037964e-03,1.774052e-02
3.387101e-01,2.087370e-02,6.025259e-03,7.284707e-03,1.065776e-01,7.778206e-03,2.288792e-03,2.661795e-01,2.410025e-02,3.434025e-03,2.901080e-02,3.889614e-02,1.273821e-01,4.817267e-03,1.664151e-02
4.197702e-01,2.980120e-02,6.911367e-03,7.797008e-03,8.734729e-02,8.482881e-03,2.409094e-03,1.886488e-01,2.701569e-02,4.783117e-03,2.545664e-02,4.847232e-02,1.232924e-01,5.283562e-03,1.452839e-02
4.863311e-01,2.911812e-02,7.578621e-03,1.022600e-02,7.285284e-02,9.570915e-03,2.036459e-03,1.361562e-01,3.168491e-02,5.036701e-03,2.315290e-02,6.864432e-02,9.827065e-02,5.594110e-03,1.374619e-02
1.000000e+00,0.000000e+00,0.000000e+00,0.000000e+00,0.000000e+00,0.000000e+00,0.000000e+00,0.000000e+00,0.000000e+00,0.000000e+00,0.000000e+00,0.000000e+00,0.000000e+00,0.000000e+00,0.000000e+00
1.000000e+00,0.000000e+00,0.000000e+00,0.000000e+00,0.000000e+00,0.000000e+00,0.000000e+00,0.000000e+00,0.000000e+00,0.000000e+00,0.000000e+00,0.000000e+00,0.000000e+00,0.000000e+00,0.000000e+00
4.676136e-01,1.838527e-02,9.509131e-03,2.435340e-02,3.974578e-02,2.697913e-02,1.987204e-03,5.182063e-02,3.069341e-02,1.063789e-02,3.337274e-02,1.836633e-01,6.615263e-02,1.248736e-02,2.259850e-02
4.662034e-01,1.959763e-02,1.315202e-02,3.539065e-02,3.171990e-02,3.198182e-02,2.314527e-03,4.004882e-02,2.766257e-02,1.081897e-02,3.431303e-02,1.886179e-01,5.533123e-02,1.215979e-02,3.068774e-02
4.701555e-01,2.138033e-02,1.622220e-02,4.285388e-02,2.736499e-02,3.586775e-02,2.843215e-03,3.271325e-02,2.870444e-02,1.036378e-02,3.116322e-02,1.911888e-01,4.755384e-02,1.122925e-02,3.039548e-02
4.282210e-01,1.685531e-02,6.073205e-02,4.373159e-02,2.938445e-02,2.933444e-02,4.126932e-03,9.542782e-02,2.810897e-02,8.798094e-03,3.276759e-02,1.511210e-01,4.005238e-02,9.008546e-03,2.232983e-02
3.982947e-01,1.682003e-02,6.745349e-02,3.737438e-02,5.282309e-02,3.415419e-02,3.695964e-03,7.793458e-02,7.144607e-02,8.663730e-03,2.832435e-02,1.302885e-01,3.782444e-02,1.483973e-02,2.006279e-02
3.670814e-01,1.633179e-02,5.203135e-02,3.360733e-02,5.590154e-02,3.169640e-02,3.063366e-03,6.836047e-02,1.365024e-01,7.931138e-03,2.857414e-02,1.199609e-01,4.200044e-02,1.767703e-02,1.928019e-02
3.124933e-01,2.281019e-02,4.017252e-02,2.741984e-02,5.505525e-02,2.735569e-02,2.627997e-03,6.381927e-02,2.146627e-01,8.169828e-03,3.272470e-02,1.060383e-01,4.314284e-02,2.246720e-02,2.104040e-02
2.632076e-01,2.603650e-02,3.053988e-02,2.275867e-02,5.935406e-02,2.284312e-02,2.575997e-03,5.088122e-02,2.876605e-01,1.122193e-02,3.319895e-02,8.455136e-02,4.290273e-02,2.557413e-02,3.669333e-02
2.327686e-01,3.040344e-02,2.617359e-02,2.187382e-02,8.475596e-02,2.862181e-02,3.004131e-03,4.151031e-02,3.073188e-01,1.100921e-02,3.815649e-02,6.693807e-02,3.824601e-02,2.956014e-02,3.965954e-02
1.730576e-01,3.321926e-02,1.904696e-02,2.271404e-02,6.921917e-02,3.254156e-02,2.473532e-03,3.231483e-02,4.457965e-01,1.046789e-02,2.794225e-02,4.764714e-02,2.860827e-02,2.261520e-02,3.233583e-02
1.437395e-01,3.491688e-02,1.457239e-02,2.370703e-02,7.556889e-02,5.145026e-02,2.710526e-03,3.205459e-02,4.791573e-01,9.773249e-03,2.284989e-02,3.573769e-02,2.458760e-02,1.930772e-02,2.986656e-02
1.121131e-01,3.802597e-02,1.098492e-02,5.912133e-02,6.164350e-02,5.106436e-02,2.807943e-03,2.396434e-02,5.017533e-01,8.341906e-03,1.718256e-02,2.796351e-02,2.915466e-02,1.385407e-02,4.202445e-02
1.129441e-01,3.515528e-02,9.421092e-03,6.069046e-02,1.067905e-01,5.118859e-02,5.082491e-03,2.348595e-02,4.788308e-01,6.128076e-03,1.380631e-02,2.519511e-02,2.479236e-02,1.014240e-02,3.634649e-02
8.886200e-02,2.782263e-02,1.937696e-02,2.469484e-01,9.334725e-02,3.886709e-02,4.043054e-03,2.269359e-02,3.614173e-01,5.770515e-03,1.035986e-02,1.887373e-02,1.812567e-02,7.166244e-03,3.632569e-02
7.071429e-02,2.494513e-02,5.889574e-02,3.400438e-01,7.322226e-02,2.867087e-02,3.157322e-03,2.237455e-02,2.919032e-01,7.073203e-03,8.598868e-03,1.361479e-02,1.360073e-02,5.108203e-03,3.807698e-02
8.451256e-02,2.040877e-02,5.274001e-02,3.031523e-01,1.042708e-01,2.985978e-02,3.457017e-03,6.302777e-02,2.698643e-01,6.275236e-03,8.390607e-03,1.034474e-02,1.044294e-02,3.704062e-03,2.954899e-02
1.044716e-01,1.608135e-02,4.192468e-02,2.317363e-01,9.286539e-02,2.603206e-02,3.354442e-03,2.287204e-01,2.015554e-01,4.639208e-03,8.211156e-03,7.675579e-03,7.966697e-03,2.741039e-03,2.202466e-02
1.042447e-01,1.193152e-02,3.159862e-02,1.716844e-01,7.668903e-02,2.032657e-02,2.861667e-03,3.883643e-01,1.495765e-01,3.540301e-03,8.992419e-03,5.832432e-03,6.355552e-03,1.993565e-03,1.600836e-02
8.631340e-02,8.664206e-03,2.410979e-02,1.239326e-01,5.595787e-02,1.966951e-02,2.670581e-03,5.363147e-01,1.064515e-01,2.946343e-03,8.014491e-03,4.508651e-03,7.424526e-03,1.483947e-03,1.153792e-02
8.202246e-02,6.346685e-03,1.731079e-02,8.752785e-02,3.998236e-02,1.533721e-02,2.021615e-03,6.387196e-01,7.666845e-02,2.230174e-03,8.574830e-03,4.934660e-03,8.681982e-03,1.347950e-03,8.293426e-03
6.626901e-02,6.570146e-03,1.467531e-02,1.041305e-01,3.127027e-02,1.271432e-02,1.529200e-03,5.459431e-01,5.851305e-02,3.920453e-03,4.553635e-02,4.694164e-02,5.166312e-02,2.943847e-03,7.379650e-03
4.733434e-02,4.977947e-03,1.074499e-02,9.786152e-02,2.278514e-02,9.315453e-03,1.103886e-03,3.938810e-01,4.543752e-02,3.628051e-03,1.164141e-01,8.949572e-02,1.486330e-01,2.902746e-03,5.484628e-03
3.399203e-02,4.948775e-03,1.029604e-02,1.050472e-01,1.854051e-02,6.998767e-03,8.262504e-04,3.076639e-01,7.272001e-02,3.233206e-03,1.866886e-01,8.257080e-02,1.472125e-01,1.479940e-02,4.461999e-03
2.416100e-02,3.953272e-03,8.005705e-03,8.535143e-02,1.365719e-02,5.052638e-03,5.990603e-04,2.194595e-01,6.497122e-02,1.313887e-02,2.014338e-01,1.499097e-01,1.782910e-01,2.789376e-02,4.121885e-03
1.804097e-02,3.066748e-03,6.138252e-03,6.060975e-02,1.062239e-02,3.809250e-03,4.639100e-04,1.564624e-01,5.785847e-02,1.592144e-02,2.168235e-01,2.479092e-01,1.508269e-01,4.755958e-02,3.887090e-03
1.499439e-02,3.264909e-03,1.164345e-02,4.967573e-02,2.255937e-02,5.254733e-03,7.008330e-04,1.151358e-01,6.510798e-02,1.490841e-02,2.116373e-01,3.206975e-01,1.191380e-01,4.150933e-02,3.772300e-03
1.738220e-02,5.843092e-03,2.449318e-02,5.056953e-02,3.409514e-02,1.679384e-02,1.175718e-03,8.168741e-02,5.301383e-02,1.264255e-02,2.236212e-01,3.509886e-01,9.095221e-02,3.249630e-02,4.245171e-03
2.020844e-02,5.182701e-03,2.007928e-02,4.156559e-02,3.548111e-02,2.285291e-02,1.788520e-03,5.867471e-02,4.460942e-02,9.438259e-03,2.349292e-01,4.050899e-01,6.999187e-02,2.672983e-02,3.378272e-03
1.496646e-02,3.893882e-03,1.510280e-02,3.139502e-02,3.389981e-02,2.351207e-02,1.349604e-03,4.187030e-02,3.408438e-02,7.390892e-03,1.810579e-01,5.361850e-01,5.227034e-02,2.043141e-02,2.590155e-03
1.190886e-02,3.174503e-03,1.253004e-02,2.467984e-02,4.846613e-02,2.439296e-02,1.163448e-03,3.115444e-02,2.719543e-02,7.728062e-03,1.869380e-01,5.429029e-01,5.473396e-02,2.071768e-02,2.313747e-03
1.114989e-02,2.723729e-03,9.687194e-03,1.866124e-02,4.894971e-02,2.394950e-02,1.016546e-03,2.249837e-02,2.102309e-02,8.560789e-03,1.807705e-01,5.806629e-01,4.694369e-02,2.112565e-02,2.277205e-03
1.477937e-02,2.461899e-03,7.714652e-03,1.345953e-02,5.857558e-02,2.075928e-02,9.809482e-04,1.701825e-02,1.700610e-02,7.564322e-03,1.716814e-01,6.076885e-01,3.812705e-02,2.007006e-02,2.113103e-03
1.192527e-02,2.075825e-03,5.821140e-03,9.557336e-03,7.082547e-02,1.577852e-02,7.511886e-04,1.249695e-02,1.512261e-02,6.370322e-03,1.320511e-01,6.694815e-01,3.077441e-02,1.531331e-02,1.655130e-03
1.613770e-02,1.909545e-03,4.581697e-03,6.840614e-03,1.661797e-01,1.436804e-02,3.350522e-03,1.260992e-02,2.581994e-02,8.376736e-03,9.779353e-02,6.050394e-01,2.446174e-02,1.125415e-02,1.276802e-03
1.744391e-02,2.443371e-03,5.939431e-03,5.184938e-03,1.362930e-01,3.237667e-02,1.547102e-02,1.450854e-02,2.292599e-02,6.905572e-03,7.453538e-02,6.361600e-01,1.940467e-02,9.200049e-03,1.207463e-03
1.578689e-02,2.031453e-03,4.597674e-03,3.710032e-03,1.007936e-01,3.093484e-02,1.288729e-02,1.073046e-02,2.118945e-02,5.146430e-03,5.738994e-02,7.108107e-01,1.592799e-02,7.104409e-03,9.589462e-04
2.527078e-02,2.511827e-03,5.570658e-03,3.393875e-03,1.059705e-01,3.568977e-02,2.064089e-02,3.176824e-02,2.142429e-02,4.944187e-03,5.773731e-02,6.624762e-01,1.516034e-02,6.500481e-03,9.406704e-04
3.075974e-02,3.354877e-03,4.595845e-03,2.590495e-03,1.390573e-01,3.649582e-02,1.934491e-02,2.928824e-02,3.612399e-02,5.539085e-03,5.776506e-02,6.036751e-01,2.298671e-02,7.468299e-03,9.545880e-04
3.315816e-02,4.169445e-03,1.408569e-02,4.780618e-03,1.192063e-01,1.426137e-01,3.441767e-02,4.242124e-02,3.215731e-02,4.968400e-03,7.732362e-02,4.623153e-01,2.024040e-02,6.442311e-03,1.699865e-03
4.490402e-02,1.082638e-02,1.992237e-02,5.699069e-03,1.199512e-01,1.491480e-01,2.984823e-02,4.207882e-02,4.785044e-02,5.655055e-03,8.760695e-02,3.830255e-01,4.016880e-02,1.005889e-02,3.256266e-03
6.772411e-02,1.012635e-02,2.023750e-02,6.131234e-03,1.318669e-01,1.959648e-01,2.581953e-02,3.853287e-02,4.519358e-02,5.314543e-03,8.738810e-02,3.037447e-01,4.718710e-02,9.919058e-03,4.849557e-03
7.412977e-02,8.395362e-03,1.681259e-02,6.249780e-03,2.637141e-01,1.611511e-01,3.178373e-02,4.658502e-02,3.722525e-02,5.831336e-03,7.185397e-02,2.221906e-01,3.937886e-02,1.029760e-02,4.400884e-03
9.777872e-02,8.694245e-03,1.690914e-02,8.954672e-03,3.099292e-01,1.333749e-01,2.729908e-02,4.412413e-02,3.310459e-02,8.031113e-03,7.152078e-02,1.695744e-01,3.512947e-02,2.981139e-02,5.764271e-03
1.332041e-01,9.371166e-03,2.658326e-02,8.189517e-03,2.373392e-01,1.029560e-01,2.081678e-02,4.071520e-02,2.850494e-02,8.688231e-03,1.408808e-01,1.364011e-01,5.084832e-02,4.923776e-02,6.263600e-03
1.213790e-01,8.400686e-03,1.968878e-02,6.544633e-03,1.752938e-01,7.799588e-02,1.492533e-02,3.272045e-02,2.270127e-02,7.146016e-03,1.989923e-01,2.188978e-01,4.888203e-02,4.070891e-02,5.722993e-03
9.951051e-02,6.928975e-03,1.416071e-02,5.372136e-03,1.266736e-01,5.891055e-02,1.063197e-02,2.374475e-02,1.695248e-02,6.216559e-03,2.081323e-01,3.479877e-01,3.776741e-02,3.254230e-02,4.467982e-03
9.243538e-02,5.149247e-03,1.047106e-02,4.905708e-03,9.030120e-02,4.291578e-02,7.665976e-03,1.714837e-02,1.323238e-02,5.146623e-03,2.144601e-01,4.316357e-01,3.124038e-02,2.973845e-02,3.553608e-03
8.596520e-02,4.026446e-03,7.643159e-03,4.352243e-03,6.437063e-02,3.226737e-02,5.562645e-03,1.273411e-02,1.090871e-02,4.329540e-03,2.025002e-01,5.021610e-01,2.833540e-02,3.165547e-02,3.187900e-03
1.048783e-01,3.376672e-03,5.767796e-03,4.327472e-03,4.594425e-02,2.357573e-02,4.031150e-03,9.459765e-03,8.540613e-03,4.004039e-03,2.526863e-01,4.765739e-01,2.568495e-02,2.713957e-02,4.009454e-03
2.068536e-01,4.252983e-03,4.484056e-03,6.123870e-03,3.555204e-02,2.330558e-02,3.276196e-03,8.402575e-03,7.794719e-03,3.975147e-03,2.074140e-01,4.043984e-01,4.778340e-02,2.988594e-02,6.497455e-03
2.868488e-01,3.768350e-03,3.746069e-03,6.291061e-03,2.704777e-02,4.064501e-02,3.154390e-03,7.378060e-03,6.412193e-03,3.148591e-03,1.673050e-01,3.394443e-01,7.514522e-02,2.256841e-02,7.096829e-03
2.666467e-01,3.110149e-03,3.035360e-03,6.684816e-03,2.048103e-02,9.634944e-02,4.077332e-03,8.927208e-03,8.403884e-03,2.312713e-03,1.190742e-01,2.620625e-01,1.748459e-01,1.610472e-02,7.884003e-03
2.265133e-01,2.579255e-03,2.258010e-03,6.164505e-03,1.534254e-02,1.467007e-01,3.552801e-03,7.000960e-03,8.618366e-03,1.759322e-03,8.379921e-02,1.883027e-01,2.876138e-01,1.151391e-02,8.280564e-03
1.605833e-01,4.679162e-03,2.838372e-03,6.940417e-03,1.242252e-02,1.417367e-01,3.483369e-03,5.207670e-03,2.302632e-02,2.318232e-03,5.938592e-02,1.414616e-01,4.128250e-01,8.546334e-03,1.454515e-02
1.150565e-01,8.572734e-03,6.716668e-03,1.495488e-02,1.032562e-02,1.112136e-01,4.503646e-03,3.833598e-03,3.417018e-02,3.554587e-03,4.277623e-02,1.210014e-01,4.918473e-01,6.562865e-03,2.491012e-02
8.193156e-02,1.316003e-02,7.695933e-02,6.788672e-02,8.538666e-03,8.060370e-02,3.961114e-03,3.082232e-03,9.006080e-02,7.920442e-03,3.113422e-02,8.703943e-02,4.015447e-01,4.782071e-03,4.139496e-02
7.419006e-02,1.713266e-02,8.497707e-02,5.801195e-02,1.282001e-02,5.975369e-02,5.946395e-03,3.082928e-03,1.271467e-01,8.001810e-03,2.569393e-02,6.467018e-02,3.186991e-01,1.463451e-02,1.252390e-01
5.796238e-02,2.698528e-02,1.799344e-01,7.961714e-02,1.087177e-02,4.352525e-02,4.807728e-03,2.533538e-03,1.469841e-01,1.313833e-02,2.009384e-02,4.659202e-02,2.338351e-01,1.078350e-02,1.223357e-01
4.199142e-02,2.473933e-02,3.216185e-01,9.634270e-02,8.101188e-03,3.111396e-02,3.487216e-03,1.819060e-03,1.290514e-01,1.351226e-02,1.746661e-02,3.364829e-02,1.704978e-01,7.667087e-03,9.894324e-02
7.648955e-02,2.994707e-02,2.791521e-01,7.898879e-02,1.173534e-02,2.353598e-02,3.610677e-03,1.473314e-03,1.756447e-01,1.181702e-02,3.093104e-02,2.502936e-02,1.237652e-01,7.569917e-03,1.203101e-01
5.504355e-02,2.779600e-02,2.696976e-01,1.836334e-01,9.671622e-03,1.712331e-02,2.763714e-03,1.092783e-03,1.784614e-01,9.224809e-03,2.957424e-02,1.885927e-02,9.023560e-02,5.458393e-03,1.013643e-01
6.409980e-02,3.577694e-02,2.155984e-01,1.643618e-01,1.189613e-02,1.353768e-02,2.856468e-03,1.022538e-03,2.173689e-01,1.182533e-02,5.528317e-02,1.577037e-02,7.326687e-02,7.120339e-03,1.102153e-01
1.177240e-01,4.257565e-02,1.702627e-01,1.265069e-01,2.114679e-02,1.163480e-02,3.470956e-03,1.235845e-03,2.625792e-01,1.260870e-02,5.733600e-02,1.302405e-02,5.913537e-02,6.162416e-03,9.459661e-02
1.139479e-01,7.575010e-02,1.248203e-01,1.056093e-01,1.724066e-02,9.049906e-03,2.623511e-03,1.027746e-03,3.404036e-01,1.409587e-02,4.402266e-02,9.672834e-03,4.329105e-02,5.869799e-03,9.257468e-02
1.249806e-01,7.805404e-02,9.388219e-02,1.207974e-01,1.439899e-02,8.107540e-03,2.136345e-03,1.028219e-03,3.553208e-01,1.361436e-02,3.374101e-02,8.249189e-03,3.268081e-02,6.371958e-03,1.066365e-01
1.742535e-01,7.270747e-02,7.487392e-02,1.009809e-01,2.664440e-02,1.506143e-02,2.979935e-03,2.554963e-03,3.431026e-01,1.233372e-02,2.677437e-02,7.109303e-03,2.629644e-02,6.732305e-03,1.075947e-01
2.133980e-01,6.187182e-02,6.839818e-02,1.055591e-01,5.178613e-02,1.944351e-02,5.317959e-03,1.311597e-02,3.122385e-01,9.894629e-03,2.147947e-02,7.512088e-03,2.112654e-02,5.770763e-03,8.308730e-02
2.476317e-01,8.028923e-02,5.831460e-02,9.534223e-02,8.654700e-02,3.195031e-02,7.594304e-03,1.370082e-02,2.564667e-01,7.891990e-03,1.717565e-02,6.697098e-03,1.679546e-02,6.106130e-03,6.749667e-02
1.922103e-01,6.771461e-02,6.085506e-02,6.810907e-02,6.476746e-02,2.429245e-02,5.484181e-03,9.756866e-03,1.904473e-01,1.288020e-02,1.301054e-02,5.130412e-03,1.239973e-02,1.242962e-02,2.605123e-01
1.684867e-01,8.339797e-02,7.306617e-02,7.642959e-02,4.908764e-02,1.899193e-02,4.423155e-03,7.789549e-03,1.955053e-01,1.571872e-02,1.105351e-02,5.441237e-03,1.223253e-02,9.172245e-03,2.692038e-01
2.145854e-01,8.559030e-02,6.403439e-02,6.441686e-02,4.502964e-02,1.752904e-02,4.028027e-03,6.910546e-03,2.130346e-01,1.532069e-02,1.100866e-02,8.448329e-03,1.265922e-02,7.693932e-03,2.297103e-01
2.742470e-01,7.172530e-02,5.685494e-02,5.627546e-02,4.059682e-02,1.615248e-02,4.595676e-03,1.149956e-02,2.426764e-01,1.265522e-02,9.527187e-03,8.274160e-03,1.056124e-02,5.976531e-03,1.783820e-01
3.483272e-01,6.271081e-02,4.440568e-02,4.397560e-02,3.275983e-02,1.504963e-02,3.551354e-03,1.160709e-02,2.243302e-01,1.255617e-02,8.535990e-03,8.149026e-03,8.705646e-03,6.352801e-03,1.689829e-01
3.283824e-01,8.273409e-02,4.645814e-02,6.781688e-02,2.418455e-02,1.518170e-02,2.856100e-03,8.988333e-03,2.176928e-01,2.085175e-02,7.013880e-03,7.396463e-03,9.848449e-03,4.740643e-03,1.558538e-01
3.688360e-01,6.566650e-02,3.710128e-02,5.444972e-02,2.337566e-02,1.505040e-02,2.398524e-03,1.745829e-02,1.843389e-01,2.244583e-02,6.420011e-03,6.683045e-03,9.644152e-03,5.268435e-03,1.808633e-01
3.729453e-01,5.931959e-02,2.907121e-02,7.109720e-02,2.588389e-02,1.796814e-02,2.750447e-03,2.694163e-02,1.820619e-01,1.801371e-02,8.700149e-03,7.799187e-03,9.650344e-03,4.880738e-03,1.629165e-01
4.131765e-01,5.455667e-02,2.225047e-02,6.885291e-02,2.737924e-02,1.937861e-02,2.503887e-03,2.644035e-02,1.497048e-01,1.583724e-02,8.663822e-03,1.069984e-02,1.114608e-02,5.139607e-03,1.642699e-01
3.860544e-01,4.621282e-02,1.629701e-02,7.885573e-02,2.485043e-02,2.156152e-02,2.540448e-03,2.405882e-02,2.032031e-01,1.216216e-02,8.706673e-03,1.325142e-02,1.329759e-02,4.521918e-03,1.444260e-01
3.896855e-01,4.119277e-02,1.301728e-02,6.859923e-02,2.050348e-02,2.168815e-02,2.007469e-03,1.851167e-02,1.828462e-01,9.207182e-03,8.319767e-03,1.453096e-02,2.282932e-02,7.703854e-03,1.793572e-01
3.856463e-01,3.397515e-02,9.584509e-03,6.007003e-02,1.729119e-02,2.200351e-02,2.055036e-03,1.372837e-02,2.076884e-01,7.549407e-03,8.979589e-03,1.785383e-02,3.051455e-02,7.266599e-03,1.757936e-01
3.264682e-01,2.614364e-02,7.112102e-03,5.135699e-02,1.476045e-02,1.843084e-02,1.731634e-03,1.000066e-02,2.505349e-01,6.383228e-03,1.064397e-02,1.515057e-02,7.016832e-02,8.597849e-03,1.825167e-01
3.847392e-01,2.035879e-02,5.615855e-03,4.072043e-02,1.154529e-02,2.038523e-02,1.953000e-03,7.451157e-03,2.117672e-01,5.101227e-03,9.392824e-03,1.434310e-02,1.175217e-01,8.440875e-03,1.406642e-01
3.852388e-01,1.534346e-02,4.285167e-03,2.971267e-02,9.505545e-03,1.704248e-02,1.792858e-03,5.775821e-03,1.601924e-01,3.702598e-03,7.954018e-03,1.263128e-02,2.363267e-01,7.101875e-03,1.033944e-01
3.143549e-01,1.156429e-02,3.523948e-03,2.110749e-02,7.770189e-03,1.660663e-02,1.636052e-03,4.310595e-03,1.225325e-01,2.729399e-03,6.410095e-03,1.298029e-02,3.910283e-01,8.428004e-03,7.501736e-02
2.338893e-01,8.623796e-03,2.556339e-03,1.497851e-02,7.156513e-03,1.925436e-02,1.948497e-03,3.423485e-03,8.697993e-02,2.141757e-03,5.549330e-03,8.596129e-02,4.671703e-01,7.168327e-03,5.319827e-02
1.659233e-01,8.297646e-03,2.231687e-03,1.080730e-02,7.839248e-03,7.953062e-02,1.991018e-03,2.556634e-03,6.133984e-02,1.791447e-03,4.955386e-03,1.268296e-01,4.823981e-01,5.546030e-03,3.796216e-02
1.185216e-01,6.073745e-03,1.645797e-03,7.792694e-03,7.020517e-03,5.796814e-02,1.663487e-03,1.992108e-03,4.438199e-02,1.431818e-03,4.205580e-03,1.212046e-01,5.928088e-01,4.501204e-03,2.878786e-02
8.488445e-02,4.591147e-03,1.407500e-03,5.574691e-03,7.439921e-03,4.296724e-02,1.577203e-03,1.745107e-03,3.393704e-02,1.439314e-03,4.202321e-03,1.057870e-01,6.787876e-01,4.151050e-03,2.150834e-02
5.980486e-02,3.312586e-03,1.022272e-03,3.946240e-03,8.431984e-03,3.284175e-02,1.191707e-03,1.257032e-03,2.669520e-02,1.261686e-03,6.798383e-03,8.809215e-02,7.463519e-01,3.514801e-03,1.547746e-02
4.228768e-02,2.382901e-03,7.261020e-04,2.825776e-03,7.422007e-03,2.485843e-02,8.732470e-04,9.087271e-04,1.950710e-02,1.485360e-03,1.369017e-02,1.079850e-01,7.613876e-01,2.609404e-03,1.105055e-02
2.998034e-02,1.731001e-03,5.250999e-04,2.053497e-03,6.807809e-03,1.925808e-02,6.783255e-04,6.695670e-04,1.440481e-02,2.710934e-03,2.898721e-02,1.369744e-01,7.453610e-01,1.898533e-03,7.959377e-03
2.134615e-02,1.228152e-03,3.727590e-04,1.473642e-03,5.222172e-03,1.531619e-02,4.868605e-04,4.789795e-04,1.115488e-02,5.112898e-03,4.135368e-02,2.678533e-01,6.216280e-01,1.364549e-03,5.607708e-03
1.535178e-02,8.666049e-04,2.643399e-04,1.047800e-03,3.808016e-03,1.217652e-02,3.490982e-04,3.385579e-04,8.357668e-03,9.122580e-03,5.401439e-02,3.766381e-01,5.126685e-01,1.030710e-03,3.965267e-03
