1.000000e+00,0.000000e+00,0.000000e+00,0.000000e+00,0.000000e+00,0.000000e+00,0.000000e+00,0.000000e+00,0.000000e+00,0.000000e+00,0.000000e+00,0.000000e+00,0.000000e+00,0.000000e+00,0.000000e+00
1.000000e+00,0.000000e+00,0.000000e+00,0.000000e+00,0.000000e+00,0.000000e+00,0.000000e+00,0.000000e+00,0.000000e+00,0.000000e+00,0.000000e+00,0.000000e+00,0.000000e+00,0.000000e+00,0.000000e+00
1.000000e+00,0.000000e+00,0.000000e+00,0.000000e+00,0.000000e+00,0.000000e+00,0.000000e+00,0.000000e+00,0.000000e+00,0.000000e+00,0.000000e+00,0.000000e+00,0.000000e+00,0.000000e+00,0.000000e+00
1.000000e+00,0.000000e+00,0.000000e+00,0.000000e+00,0.000000e+00,0.000000e+00,0.000000e+00,0.000000e+00,0.000000e+00,0.000000e+00,0.000000e+00,0.000000e+00,0.000000e+00,0.000000e+00,0.000000e+00
1.000000e+00,0.000000e+00,0.000000e+00,0.000000e+00,0.000000e+00,0.000000e+00,0.000000e+00,0.000000e+00,0.000000e+00,0.000000e+00,0.000000e+00,0.000000e+00,0.000000e+00,0.000000e+00,0.000000e+00
1.000000e+00,0.000000e+00,0.000000e+00,0.000000e+00,0.000000e+00,0.000000e+00,0.000000e+00,0.000000e+00,0.000000e+00,0.000000e+00,0.000000e+00,0.000000e+00,0.000000e+00,0.000000e+00,0.000000e+00
1.000000e+00,0.000000e+00,0.000000e+00,0.000000e+00,0.000000e+00,0.000000e+00,0.000000e+00,0.000000e+00,0.000000e+00,0.000000e+00,0.000000e+00,0.000000e+00,0.000000e+00,0.000000e+00,0.000000e+00
1.000000e+00,0.000000e+00,0.000000e+00,0.000000e+00,0.000000e+00,0.000000e+00,0.000000e+00,0.000000e+00,0.000000e+00,0.000000e+00,0.000000e+00,0.000000e+00,0.000000e+00,0.000000e+00,0.000000e+00
1.000000e+00,0.000000e+00,0.000000e+00,0.000000e+00,0.000000e+00,0.000000e+00,0.000000e+00,0.000000e+00,0.000000e+00,0.000000e+00,0.000000e+00,0.000000e+00,0.000000e+00,0.000000e+00,0.000000e+00
1.000000e+00,0.000000e+00,0.000000e+00,0.000000e+00,0.000000e+00,0.000000e+00,0.000000e+00,0.000000e+00,0.000000e+00,0.000000e+00,0.000000e+00,0.000000e+00,0.000000e+00,0.000000e+00,0.000000e+00
1.000000e+00,0.000000e+00,0.000000e+00,0.000000e+00,0.000000e+00,0.000000e+00,0.000000e+00,0.000000e+00,0.000000e+00,0.000000e+00,0.000000e+00,0.000000e+00,0.000000e+00,0.000000e+00,0.000000e+00
1.000000e+00,0.000000e+00,0.000000e+00,0.000000e+00,0.000000e+00,0.000000e+00,0.000000e+00,0.000000e+00,0.000000e+00,0.000000e+00,0.000000e+00,0.000000e+00,0.000000e+00,0.000000e+00,0.000000e+00
1.000000e+00,0.000000e+00,0.000000e+00,0.000000e+00,0.000000e+00,0.000000e+00,0.000000e+00,0.000000e+00,0.000000e+00,0.000000e+00,0.000000e+00,0.000000e+00,0.000000e+00,0.000000e+00,0.000000e+00
1.000000e+00,0.000000e+00,0.000000e+00,0.000000e+00,0.000000e+00,0.000000e+00,0.000000e+00,0.000000e+00,0.000000e+00,0.000000e+00,0.000000e+00,0.000000e+00,0.000000e+00,0.000000e+00,0.000000e+00
1.000000e+00,0.000000e+00,0.000000e+00,0.000000e+00,0.000000e+00,0.000000e+00,0.000000e+00,0.000000e+00,0.000000e+00,0.000000e+00,0.000000e+00,0.000000e+00,0.000000e+00,0.000000e+00,0.000000e+00
1.000000e+00,0.000000e+00,0.000000e+00,0.000000e+00,0.000000e+00,0.000000e+00,0.000000e+00,0.000000e+00,0.000000e+00,0.000000e+00,0.000000e+00,0.000000e+00,0.000000e+00,0.000000e+00,0.000000e+00
1.000000e+00,0.000000e+00,0.000000e+00,0.000000e+00,0.000000e+00,0.000000e+00,0.000000e+00,0.000000e+00,0.000000e+00,0.000000e+00,0.000000e+00,0.000000e+00,0.000000e+00,0.000000e+00,0.000000e+00
1.000000e+00,0.000000e+00,0.000000e+00,0.000000e+00,0.000000e+00,0.000000e+00,0.000000e+00,0.000000e+00,0.000000e+00,0.000000e+00,0.000000e+00,0.000000e+00,0.000000e+00,0.000000e+00,0.000000e+00
1.000000e+00,0.000000e+00,0.000000e+00,0.000000e+00,0.000000e+00,0.000000e+00,0.000000e+00,0.000000e+00,0.000000e+00,0.000000e+00,0.000000e+00,0.000000e+00,0.000000e+00,0.000000e+00,0.000000e+00
1.000000e+00,0.000000e+00,0.000000e+00,0.000000e+00,0.000000e+00,0.000000e+00,0.000000e+00,0.000000e+00,0.000000e+00,0.000000e+00,0.000000e+00,0.000000e+00,0.000000e+00,0.000000e+00,0.000000e+00
1.000000e+00,0.000000e+00,0.000000e+00,0.000000e+00,0.000000e+00,0.000000e+00,0.000000e+00,0.000000e+00,0.000000e+00,0.000000e+00,0.000000e+00,0.000000e+00,0.000000e+00,0.000000e+00,0.000000e+00
1.000000e+00,0.000000e+00,0.000000e+00,0.000000e+00,0.000000e+00,0.000000e+00,0.000000e+00,0.000000e+00,0.000000e+00,0.000000e+00,0.000000e+00,0.000000e+00,0.000000e+00,0.000000e+00,0.000000e+00
1.000000e+00,0.000000e+00,0.000000e+00,0.000000e+00,0.000000e+00,0.000000e+00,0.000000e+00,0.000000e+00,0.000000e+00,0.000000e+00,0.000000e+00,0.000000e+00,0.000000e+00,0.000000e+00,0.000000e+00
1.000000e+00,0.000000e+00,0.000000e+00,0.000000e+00,0.000000e+00,0.000000e+00,0.000000e+00,0.000000e+00,0.000000e+00,0.000000e+00,0.000000e+00,0.000000e+00,0.000000e+00,0.000000e+00,0.000000e+00
1.000000e+00,0.000000e+00,0.000000e+00,0.000000e+00,0.000000e+00,0.000000e+00,0.000000e+00,0.000000e+00,0.000000e+00,0.000000e+00,0.000000e+00,0.000000e+00,0.000000e+00,0.000000e+00,0.000000e+00
1.000000e+00,0.000000e+00,0.000000e+00,0.000000e+00,0.000000e+00,0.000000e+00,0.000000e+00,0.000000e+00,0.000000e+00,0.000000e+00,0.000000e+00,0.000000e+00,0.000000e+00,0.000000e+00,0.000000e+00
1.000000e+00,0.000000e+00,0.000000e+00,0.000000e+00,0.000000e+00,0.000000e+00,0.000000e+00,0.000000e+00,0.000000e+00,0.000000e+00,0.000000e+00,0.000000e+00,0.000000e+00,0.000000e+00,0.000000e+00
1.000000e+00,0.000000e+00,0.000000e+00,0.000000e+00,0.000000e+00,0.000000e+00,0.000000e+00,0.000000e+00,0.000000e+00,0.000000e+00,0.000000e+00,0.000000e+00,0.000000e+00,0.000000e+00,0.000000e+00
1.000000e+00,0.000000e+00,0.000000e+00,0.000000e+00,0.000000e+00,0.000000e+00,0.000000e+00,0.000000e+00,0.000000e+00,0.000000e+00,0.000000e+00,0.000000e+00,0.000000e+00,0.000000e+00,0.000000e+00
1.000000e+00,0.000000e+00,0.000000e+00,0.000000e+00,0.000000e+00,0.000000e+00,0.000000e+00,0.000000e+00,0.000000e+00,0.000000e+00,0.000000e+00,0.000000e+00,0.000000e+00,0.000000e+00,0.000000e+00
1.000000e+00,0.000000e+00,0.000000e+00,0.000000e+00,0.000000e+00,0.000000e+00,0.000000e+00,0.000000e+00,0.000000e+00,0.000000e+00,0.000000e+00,0.000000e+00,0.000000e+00,0.000000e+00,0.000000e+00
1.000000e+00,0.000000e+00,0.000000e+00,0.000000e+00,0.000000e+00,0.000000e+00,0.000000e+00,0.000000e+00,0.000000e+00,0.000000e+00,0.000000e+00,0.000000e+00,0.000000e+00,0.000000e+00,0.000000e+00
1.000000e+00,0.000000e+00,0.000000e+00,0.000000e+00,0.000000e+00,0.000000e+00,0.000000e+00,0.000000e+00,0.000000e+00,0.000000e+00,0.000000e+00,0.000000e+00,0.000000e+00,0.000000e+00,0.000000e+00
1.000000e+00,0.000000e+00,0.000000e+00,0.000000e+00,0.000000e+00,0.000000e+00,0.000000e+00,0.000000e+00,0.000000e+00,0.000000e+00,0.000000e+00,0.000000e+00,0.000000e+00,0.000000e+00,0.000000e+00
1.000000e+00,0.000000e+00,0.000000e+00,0.000000e+00,0.000000e+00,0.000000e+00,0.000000e+00,0.000000e+00,0.000000e+00,0.000000e+00,0.000000e+00,0.000000e+00,0.000000e+00,0.000000e+00,0.000000e+00
1.000000e+00,0.000000e+00,0.000000e+00,0.000000e+00,0.000000e+00,0.000000e+00,0.000000e+00,0.000000e+00,0.000000e+00,0.000000e+00,0.000000e+00,0.000000e+00,0.000000e+00,0.000000e+00,0.000000e+00
1.000000e+00,0.000000e+00,0.000000e+00,0.000000e+00,0.000000e+00,0.000000e+00,0.000000e+00,0.000000e+00,0.000000e+00,0.000000e+00,0.000000e+00,0.000000e+00,0.000000e+00,0.000000e+00,0.000000e+00
1.000000e+00,0.000000e+00,0.000000e+00,0.000000e+00,0.000000e+00,0.000000e+00,0.000000e+00,0.000000e+00,0.000000e+00,0.000000e+00,0.000000e+00,0.000000e+00,0.000000e+00,0.000000e+00,0.000000e+00
4.583831e-01,5.937858e-02,6.158463e-02,1.182887e-01,1.538049e-02,2.226559e-02,9.195731e-03,3.568695e-02,3.565187e-02,7.207850e-03,4.400351e-02,3.181802e-02,1.343010e-02,1.778744e-02,6.993743e-02
3.994915e-01,6.488533e-02,5.089629e-02,1.209984e-01,1.849327e-02,2.277091e-02,9.908498e-03,2.942589e-02,4.629861e-02,9.154746e-03,5.443890e-02,3.654973e-02,1.654800e-02,2.832833e-02,9.181161e-02
3.601320e-01,6.953680e-02,4.494427e-02,1.276288e-01,1.859739e-02,2.247730e-02,8.674114e-03,2.588886e-02,4.949034e-02,1.034851e-02,5.543662e-02,3.751096e-02,1.921291e-02,3.580036e-02,1.143208e-01
2.624268e-01,8.101685e-02,7.737587e-02,2.404326e-01,1.608688e-02,1.808099e-02,6.702488e-03,2.636838e-02,4.658084e-02,7.883890e-03,4.515118e-02,3.126398e-02,1.523721e-02,2.740219e-02,9.798984e-02
2.606352e-01,8.989994e-02,6.813010e-02,2.084671e-01,1.880381e-02,2.020552e-02,7.021856e-03,2.221797e-02,4.915674e-02,8.238576e-03,4.660750e-02,2.971352e-02,1.825929e-02,3.270744e-02,1.199355e-01
2.835417e-01,9.280869e-02,5.414381e-02,1.920310e-01,2.092704e-02,2.300831e-02,7.321886e-03,1.959414e-02,4.641771e-02,8.035064e-03,4.187836e-02,3.359445e-02,2.511023e-02,3.080722e-02,1.207804e-01
3.502758e-01,9.105267e-02,4.245539e-02,1.688952e-01,2.184143e-02,2.546179e-02,8.086620e-03,1.789961e-02,3.817449e-02,7.140710e-03,3.439787e-02,3.616790e-02,2.785455e-02,2.551746e-02,1.047785e-01
3.383841e-01,9.224852e-02,5.319013e-02,1.704627e-01,2.324496e-02,3.070921e-02,9.583861e-03,2.220784e-02,3.242912e-02,6.581120e-03,3.206370e-02,4.181003e-02,3.017684e-02,2.014977e-02,9.675810e-02
4.488953e-01,7.956286e-02,3.963227e-02,1.384745e-01,2.140419e-02,2.646390e-02,8.522426e-03,1.835052e-02,2.804329e-02,5.514636e-03,2.543857e-02,3.776280e-02,2.945064e-02,1.539233e-02,7.709176e-02
1.000000e+00,0.000000e+00,0.000000e+00,0.000000e+00,0.000000e+00,0.000000e+00,0.000000e+00,0.000000e+00,0.000000e+00,0.000000e+00,0.000000e+00,0.000000e+00,0.000000e+00,0.000000e+00,0.000000e+00
1.000000e+00,0.000000e+00,0.000000e+00,0.000000e+00,0.000000e+00,0.000000e+00,0.000000e+00,0.000000e+00,0.000000e+00,0.000000e+00,0.000000e+00,0.000000e+00,0.000000e+00,0.000000e+00,0.000000e+00
1.000000e+00,0.000000e+00,0.000000e+00,0.000000e+00,0.000000e+00,0.000000e+00,0.000000e+00,0.000000e+00,0.000000e+00,0.000000e+00,0.000000e+00,0.000000e+00,0.000000e+00,0.000000e+00,0.000000e+00
1.000000e+00,0.000000e+00,0.000000e+00,0.000000e+00,0.000000e+00,0.000000e+00,0.000000e+00,0.000000e+00,0.000000e+00,0.000000e+00,0.000000e+00,0.000000e+00,0.000000e+00,0.000000e+00,0.000000e+00
1.000000e+00,0.000000e+00,0.000000e+00,0.000000e+00,0.000000e+00,0.000000e+00,0.000000e+00,0.000000e+00,0.000000e+00,0.000000e+00,0.000000e+00,0.000000e+00,0.000000e+00,0.000000e+00,0.000000e+00
1.000000e+00,0.000000e+00,0.000000e+00,0.000000e+00,0.000000e+00,0.000000e+00,0.000000e+00,0.000000e+00,0.000000e+00,0.000000e+00,0.000000e+00,0.000000e+00,0.000000e+00,0.000000e+00,0.000000e+00
1.000000e+00,0.000000e+00,0.000000e+00,0.000000e+00,0.000000e+00,0.000000e+00,0.000000e+00,0.000000e+00,0.000000e+00,0.000000e+00,0.000000e+00,0.000000e+00,0.000000e+00,0.000000e+00,0.000000e+00
1.000000e+00,0.000000e+00,0.000000e+00,0.000000e+00,0.000000e+00,0.000000e+00,0.000000e+00,0.000000e+00,0.000000e+00,0.000000e+00,0.000000e+00,0.000000e+00,0.000000e+00,0.000000e+00,0.000000e+00
1.000000e+00,0.000000e+00,0.000000e+00,0.000000e+00,0.000000e+00,0.000000e+00,0.000000e+00,0.000000e+00,0.000000e+00,0.000000e+00,0.000000e+00,0.000000e+00,0.000000e+00,0.000000e+00,0.000000e+00
1.000000e+00,0.000000e+00,0.000000e+00,0.000000e+00,0.000000e+00,0.000000e+00,0.000000e+00,0.000000e+00,0.000000e+00,0.000000e+00,0.000000e+00,0.000000e+00,0.000000e+00,0.000000e+00,0.000000e+00
1.000000e+00,0.000000e+00,0.000000e+00,0.000000e+00,0.000000e+00,0.000000e+00,0.000000e+00,0.000000e+00,0.000000e+00,0.000000e+00,0.000000e+00,0.000000e+00,0.000000e+00,0.000000e+00,0.000000e+00
1.000000e+00,0.000000e+00,0.000000e+00,0.000000e+00,0.000000e+00,0.000000e+00,0.000000e+00,0.000000e+00,0.000000e+00,0.000000e+00,0.000000e+00,0.000000e+00,0.000000e+00,0.000000e+00,0.000000e+00
1.000000e+00,0.000000e+00,0.000000e+00,0.000000e+00,0.000000e+00,0.000000e+00,0.000000e+00,0.000000e+00,0.000000e+00,0.000000e+00,0.000000e+00,0.000000e+00,0.000000e+00,0.000000e+00,0.000000e+00
1.000000e+00,0.000000e+00,0.000000e+00,0.000000e+00,0.000000e+00,0.000000e+00,0.000000e+00,0.000000e+00,0.000000e+00,0.000000e+00,0.000000e+00,0.000000e+00,0.000000e+00,0.000000e+00,0.000000e+00
1.000000e+00,0.000000e+00,0.000000e+00,0.000000e+00,0.000000e+00,0.000000e+00,0.000000e+00,0.000000e+00,0.000000e+00,0.000000e+00,0.000000e+00,0.000000e+00,0.000000e+00,0.000000e+00,0.000000e+00
1.000000e+00,0.000000e+00,0.000000e+00,0.000000e+00,0.000000e+00,0.000000e+00,0.000000e+00,0.000000e+00,0.000000e+00,0.000000e+00,0.000000e+00,0.000000e+00,0.000000e+00,0.000000e+00,0.000000e+00
1.000000e+00,0.000000e+00,0.000000e+00,0.000000e+00,0.000000e+00,0.000000e+00,0.000000e+00,0.000000e+00,0.000000e+00,0.000000e+00,0.000000e+00,0.000000e+00,0.000000e+00,0.000000e+00,0.000000e+00
1.000000e+00,0.000000e+00,0.000000e+00,0.000000e+00,0.000000e+00,0.000000e+00,0.000000e+00,0.000000e+00,0.000000e+00,0.000000e+00,0.000000e+00,0.000000e+00,0.000000e+00,0.000000e+00,0.000000e+00
1.000000e+00,0.000000e+00,0.000000e+00,0.000000e+00,0.000000e+00,0.000000e+00,0.000000e+00,0.000000e+00,0.000000e+00,0.000000e+00,0.000000e+00,0.000000e+00,0.000000e+00,0.000000e+00,0.000000e+00
1.000000e+00,0.000000e+00,0.000000e+00,0.000000e+00,0.000000e+00,0.000000e+00,0.000000e+00,0.000000e+00,0.000000e+00,0.000000e+00,0.000000e+00,0.000000e+00,0.000000e+00,0.000000e+00,0.000000e+00
4.632387e-01,1.454595e-02,5.317662e-03,2.614255e-02,5.507938e-02,2.443812e-01,9.715538e-02,1.254937e-02,6.270608e-03,1.739475e-03,8.834829e-03,1.817007e-02,3.294589e-02,2.452536e-03,1.117637e-02
3.277778e-01,1.418014e-02,3.864813e-03,4.107293e-02,4.620452e-02,3.360449e-01,8.214619e-02,9.020034e-03,7.462787e-03,6.093854e-03,1.471814e-02,1.646846e-02,8.023366e-02,2.170193e-03,1.254161e-02
2.294957e-01,1.002055e-02,2.731214e-03,4.286843e-02,3.612894e-02,2.358965e-01,5.796611e-02,6.337615e-03,5.669650e-03,7.580153e-03,2.369371e-01,1.476916e-02,9.796265e-02,1.851175e-03,1.378515e-02
1.639084e-01,9.034375e-03,2.630078e-03,4.524350e-02,3.025883e-02,1.666821e-01,4.153030e-02,5.242182e-03,2.037456e-02,8.118067e-03,1.849729e-01,1.325112e-02,2.074015e-01,9.458489e-03,9.189364e-02
1.241069e-01,1.072130e-02,3.504885e-03,4.543512e-02,3.246454e-02,1.190923e-01,3.068347e-02,4.554911e-03,3.371667e-02,7.243038e-03,1.538342e-01,1.341452e-02,2.173867e-01,2.175862e-02,1.820829e-01
8.754157e-02,8.287876e-03,3.031986e-03,3.409699e-02,2.380074e-02,8.566555e-02,2.182357e-02,3.348785e-03,2.660848e-02,6.072322e-03,1.166733e-01,1.244345e-02,1.804791e-01,1.804504e-02,3.720813e-01
6.155039e-02,6.095941e-03,2.497808e-03,2.415734e-02,1.712898e-02,6.053468e-02,1.539337e-02,2.611945e-03,1.965408e-02,4.668357e-03,8.420130e-02,1.050977e-02,1.349538e-01,1.463916e-02,5.414031e-01
4.332571e-02,4.672249e-03,2.870232e-03,1.748077e-02,1.273037e-02,4.379924e-02,1.086196e-02,2.091585e-03,1.482193e-02,3.515521e-03,6.015189e-02,9.073423e-03,1.026337e-01,1.069594e-02,6.612755e-01
3.067035e-02,3.447064e-03,3.935313e-03,1.279918e-02,1.021328e-02,3.218655e-02,8.183753e-03,9.550542e-03,1.159032e-02,2.844620e-03,4.580479e-02,8.301530e-03,8.123545e-02,7.981223e-03,7.312560e-01
2.245534e-02,2.675115e-03,5.609008e-03,1.022353e-02,1.280289e-02,3.608931e-02,6.064496e-03,1.128510e-02,1.100150e-02,2.473064e-03,3.852878e-02,1.034347e-02,6.445957e-02,6.885808e-03,7.591031e-01
1.918546e-02,2.813126e-03,1.152511e-02,1.064976e-02,2.329340e-02,6.147534e-02,4.400060e-03,1.928980e-02,1.299695e-02,4.492761e-03,3.913490e-02,2.434847e-02,6.656511e-02,5.767838e-03,6.940619e-01
1.734934e-02,2.587996e-03,1.232574e-02,9.643672e-03,2.684692e-02,5.798008e-02,3.306838e-03,3.679094e-02,1.464209e-02,6.194117e-03,3.921774e-02,4.462489e-02,8.549546e-02,5.536795e-03,6.374574e-01
1.607240e-02,2.609113e-03,1.287253e-02,1.006370e-02,4.726873e-02,4.529087e-02,7.949199e-03,1.037615e-01,1.866666e-02,1.030910e-02,3.840733e-02,3.818592e-02,8.077526e-02,4.667909e-03,5.630997e-01
1.432358e-02,3.659974e-03,1.040315e-02,8.270249e-03,8.214191e-02,3.254916e-02,1.199871e-02,1.493061e-01,4.795263e-02,1.557953e-02,3.898986e-02,3.142846e-02,6.660238e-02,4.357145e-03,4.824372e-01
1.376785e-02,5.456845e-03,2.690766e-02,4.618233e-02,7.485581e-02,2.923218e-02,1.152362e-02,1.304372e-01,6.065604e-02,1.638671e-02,4.621976e-02,3.730092e-02,1.266059e-01,3.339854e-03,3.711274e-01
1.130380e-02,5.934897e-03,2.225592e-02,3.457218e-02,5.556623e-02,2.233309e-02,8.629948e-03,1.066104e-01,6.682327e-02,1.289991e-02,6.015737e-02,4.485493e-02,2.736872e-01,3.656560e-03,2.707143e-01
1.068753e-02,5.096836e-03,1.695532e-02,2.499803e-02,4.201387e-02,1.815099e-02,6.863519e-03,8.519128e-02,9.121923e-02,1.011895e-02,6.648766e-02,5.065736e-02,3.644365e-01,4.238051e-03,2.028848e-01
1.279046e-02,1.229118e-02,4.202935e-02,5.636696e-02,3.485585e-02,1.527074e-02,5.033409e-03,6.408919e-02,1.566817e-01,8.304630e-03,5.661078e-02,4.363202e-02,3.370336e-01,5.047846e-03,1.499623e-01
1.835497e-02,1.224082e-02,3.511910e-02,4.176375e-02,2.696460e-02,1.795084e-02,4.222589e-03,5.908203e-02,1.789822e-01,6.581873e-03,5.463593e-02,7.447572e-02,3.352005e-01,5.710531e-03,1.287145e-01
3.308230e-02,1.053974e-02,2.889959e-02,3.197545e-02,4.656659e-02,1.966308e-02,5.850031e-03,5.251995e-02,2.213001e-01,5.403878e-03,7.085819e-02,6.608566e-02,2.969272e-01,5.877187e-03,1.044511e-01
5.043262e-02,1.092887e-02,7.386944e-02,3.257782e-02,4.404034e-02,2.117842e-02,7.192789e-03,4.491542e-02,2.669253e-01,6.241489e-03,5.707343e-02,6.264167e-02,2.383432e-01,5.378626e-03,7.826060e-02
8.900157e-02,1.076683e-02,7.265739e-02,4.713633e-02,7.682858e-02,2.897038e-02,9.081407e-03,3.412702e-02,2.783973e-01,5.966007e-03,4.365001e-02,4.809698e-02,1.933601e-01,4.215661e-03,5.774439e-02
2.256924e-01,1.126419e-02,5.396343e-02,4.512914e-02,6.129239e-02,2.575146e-02,8.762748e-03,2.857810e-02,2.302458e-01,7.554380e-03,3.926022e-02,4.992864e-02,1.530339e-01,4.848603e-03,5.469457e-02
2.287301e-01,1.659534e-02,5.286322e-02,3.776829e-02,6.965640e-02,2.490882e-02,1.887297e-02,2.164892e-02,2.620793e-01,6.644458e-03,3.739412e-02,4.842339e-02,1.192219e-01,5.081853e-03,5.011092e-02
2.258169e-01,2.140830e-02,4.832100e-02,5.704556e-02,7.231823e-02,2.285110e-02,2.078262e-02,1.847925e-02,2.851840e-01,7.336493e-03,3.296500e-02,4.450341e-02,9.490035e-02,4.703367e-03,4.338443e-02
2.574956e-01,2.780253e-02,3.628136e-02,6.940843e-02,5.631126e-02,2.650448e-02,1.588427e-02,1.481493e-02,2.661222e-01,7.534111e-03,2.886020e-02,6.175604e-02,8.011853e-02,4.050943e-03,4.705513e-02
2.523807e-01,3.512781e-02,2.708082e-02,6.377288e-02,4.655414e-02,2.852388e-02,1.334668e-02,1.166270e-02,3.077337e-01,6.374552e-03,2.409048e-02,6.470888e-02,6.782695e-02,3.428394e-03,4.738739e-02
2.698123e-01,4.914147e-02,2.364510e-02,7.116591e-02,3.493978e-02,2.890236e-02,1.059367e-02,8.971279e-03,3.004347e-01,7.478856e-03,2.055321e-02,5.941096e-02,6.267672e-02,3.977178e-03,4.829652e-02
2.905313e-01,6.227442e-02,1.759886e-02,5.928903e-02,2.676930e-02,3.175775e-02,8.012321e-03,7.635803e-03,2.898312e-01,6.355779e-03,1.704201e-02,4.503631e-02,8.683735e-02,4.155167e-03,4.687332e-02
2.585199e-01,6.401800e-02,1.577991e-02,4.745390e-02,2.426620e-02,3.115439e-02,8.509520e-03,7.705331e-03,3.047862e-01,5.286518e-03,1.608408e-02,3.747277e-02,1.275571e-01,4.271299e-03,4.713491e-02
2.055046e-01,5.433621e-02,1.247148e-02,3.347341e-02,5.746263e-02,3.154832e-02,9.592365e-03,6.149480e-03,3.326939e-01,3.847301e-03,1.285202e-02,2.980866e-02,1.680484e-01,3.588726e-03,3.862253e-02
2.156232e-01,4.151308e-02,9.451898e-03,2.569846e-02,5.823694e-02,2.605638e-02,9.197418e-03,5.594425e-03,2.920439e-01,2.848575e-03,1.521069e-02,4.132331e-02,2.258472e-01,3.321270e-03,2.803326e-02
1.778258e-01,3.139295e-02,7.351791e-03,2.091248e-02,5.258054e-02,2.219615e-02,6.993065e-03,4.656628e-03,2.564884e-01,2.280771e-03,1.766037e-02,8.552667e-02,2.876348e-01,4.243990e-03,2.225557e-02
1.726303e-01,3.003564e-02,7.088383e-03,1.856180e-02,6.405036e-02,2.607483e-02,5.501479e-03,5.060510e-03,2.383247e-01,2.426901e-03,2.391805e-02,1.072686e-01,2.708762e-01,6.287542e-03,2.189471e-02
1.435452e-01,3.214018e-02,6.523019e-03,2.311265e-02,1.014671e-01,2.024137e-02,5.172636e-03,1.148400e-02,2.223761e-01,2.130217e-03,2.247027e-02,1.094306e-01,2.771583e-01,5.515998e-03,1.723231e-02
1.374117e-01,5.503938e-02,6.879156e-03,2.934162e-02,9.075540e-02,2.219775e-02,4.330510e-03,1.046490e-02,2.761338e-01,3.786399e-03,2.096902e-02,9.047575e-02,2.289153e-01,4.328772e-03,1.897066e-02
1.132015e-01,5.143721e-02,8.865020e-03,7.470910e-02,1.054424e-01,1.895718e-02,5.110282e-03,1.160070e-02,2.528629e-01,5.687955e-03,2.391844e-02,8.900677e-02,2.148807e-01,4.036427e-03,2.028335e-02
8.896743e-02,5.733583e-02,1.269110e-02,8.081079e-02,8.357280e-02,1.803982e-02,4.836927e-03,1.064284e-02,2.240890e-01,9.863358e-03,3.052308e-02,1.016536e-01,2.114577e-01,7.743781e-03,5.777196e-02
7.171533e-02,6.328745e-02,3.464729e-02,1.453924e-01,5.997507e-02,1.424696e-02,3.706753e-03,7.987591e-03,2.097535e-01,1.903494e-02,2.705375e-02,8.465217e-02,1.630301e-01,8.638435e-03,8.687823e-02
7.261762e-02,5.716202e-02,2.644645e-02,1.508013e-01,5.278336e-02,1.769956e-02,4.177587e-03,6.546584e-03,2.228675e-01,1.588497e-02,3.983508e-02,7.328553e-02,1.615668e-01,8.080924e-03,9.024472e-02
7.331476e-02,6.150268e-02,2.589875e-02,2.190682e-01,3.980478e-02,1.688112e-02,3.438235e-03,8.066801e-03,2.318811e-01,1.179879e-02,3.170565e-02,5.634216e-02,1.272418e-01,8.785412e-03,8.426978e-02
2.046265e-01,4.950347e-02,2.368239e-02,1.701572e-01,3.355590e-02,1.872625e-02,3.330838e-03,9.660080e-03,2.003731e-01,9.323020e-03,2.986220e-02,5.146963e-02,1.087941e-01,1.006590e-02,7.686939e-02
3.251055e-01,3.855482e-02,2.018563e-02,1.522257e-01,2.505966e-02,2.234175e-02,2.822754e-03,9.427513e-03,1.553657e-01,7.655792e-03,2.480973e-02,5.466403e-02,8.538614e-02,9.058846e-03,6.733642e-02
4.438168e-01,3.044856e-02,1.757150e-02,1.349565e-01,1.822148e-02,2.190777e-02,2.275522e-03,8.066355e-03,1.151814e-01,6.069251e-03,2.083370e-02,5.166879e-02,6.616896e-02,7.868240e-03,5.494506e-02
1.000000e+00,0.000000e+00,0.000000e+00,0.000000e+00,0.000000e+00,0.000000e+00,0.000000e+00,0.000000e+00,0.000000e+00,0.000000e+00,0.000000e+00,0.000000e+00,0.000000e+00,0.000000e+00,0.000000e+00
1.000000e+00,0.000000e+00,0.000000e+00,0.000000e+00,0.000000e+00,0.000000e+00,0.000000e+00,0.000000e+00,0.000000e+00,0.000000e+00,0.000000e+00,0.000000e+00,0.000000e+00,0.000000e+00,0.000000e+00
1.000000e+00,0.000000e+00,0.000000e+00,0.000000e+00,0.000000e+00,0.000000e+00,0.000000e+00,0.000000e+00,0.000000e+00,0.000000e+00,0.000000e+00,0.000000e+00,0.000000e+00,0.000000e+00,0.000000e+00
4.233525e-01,9.130661e-02,1.736668e-02,9.540556e-02,6.004401e-02,3.178203e-02,2.701844e-03,9.893500e-03,1.040885e-01,1.058607e-02,1.599267e-02,2.730582e-02,5.038491e-02,8.602914e-03,5.118650e-02
3.325563e-01,7.212526e-02,1.729979e-02,8.586715e-02,5.329375e-02,2.907142e-02,2.617619e-03,9.774934e-03,1.801591e-01,1.527079e-02,1.499117e-02,2.168193e-02,6.295408e-02,7.627926e-03,9.470882e-02
3.024871e-01,5.609431e-02,1.481072e-02,6.459834e-02,4.778835e-02,2.496480e-02,2.691816e-03,9.734114e-03,2.030060e-01,1.565875e-02,1.604763e-02,1.796777e-02,7.105327e-02,1.065301e-02,1.424440e-01
3.501642e-01,4.905774e-02,2.413572e-02,5.650567e-02,5.259730e-02,4.397509e-02,3.628107e-03,1.321521e-02,1.618561e-01,1.218626e-02,1.607083e-02,1.543246e-02,7.892884e-02,9.665329e-03,1.125813e-01
3.414603e-01,3.789400e-02,2.255224e-02,4.266560e-02,4.647380e-02,5.696543e-02,6.144089e-03,1.408466e-02,1.227821e-01,9.243395e-03,1.404223e-02,2.046591e-02,1.713635e-01,7.967550e-03,8.589534e-02
2.840726e-01,2.944944e-02,1.883742e-02,3.186056e-02,3.646937e-02,6.569955e-02,5.762779e-03,1.297185e-02,9.049696e-02,6.789551e-03,1.141017e-02,1.886054e-02,3.138100e-01,7.056145e-03,6.645307e-02
2.258052e-01,2.299022e-02,1.473413e-02,2.388122e-02,2.907532e-02,6.225139e-02,5.122158e-03,1.177534e-02,7.242282e-02,5.159576e-03,9.790213e-03,1.612565e-02,4.448341e-01,6.002567e-03,5.003009e-02
1.677708e-01,1.706703e-02,1.097400e-02,1.712348e-02,2.833859e-02,4.789894e-02,5.005869e-03,9.757681e-03,5.252862e-02,3.791791e-03,7.520793e-03,1.455159e-02,5.755367e-01,4.623518e-03,3.751057e-02
1.289837e-01,1.399825e-02,1.241093e-02,1.840064e-02,2.596176e-02,3.874476e-02,4.230513e-03,8.723749e-03,4.011264e-02,3.006131e-03,6.029698e-03,1.116165e-02,6.564475e-01,3.741580e-03,2.804658e-02
1.109810e-01,1.056920e-02,9.514344e-03,1.409084e-02,2.225371e-02,3.122365e-02,4.313460e-03,8.608563e-03,3.073320e-02,2.426561e-03,4.648783e-03,9.391902e-03,7.166215e-01,3.062190e-03,2.156113e-02
9.800638e-02,8.432079e-03,9.149202e-03,1.290625e-02,1.816686e-02,2.324856e-02,3.577428e-03,7.594649e-03,2.375868e-02,1.906893e-03,3.701090e-03,7.326594e-03,7.611289e-01,2.493990e-03,1.860245e-02
1.188251e-01,7.860659e-03,2.029117e-02,1.970218e-02,1.734912e-02,1.851709e-02,4.280561e-03,8.952744e-03,2.332118e-02,3.016161e-03,3.201989e-03,5.856966e-03,7.261484e-01,2.550449e-03,2.012628e-02
1.672798e-01,6.588615e-03,1.530635e-02,1.543706e-02,1.484252e-02,1.486156e-02,3.567209e-03,9.053880e-03,1.821908e-02,2.185783e-03,2.639913e-03,5.093988e-03,7.067606e-01,2.325162e-03,1.583845e-02
1.679471e-01,5.455123e-03,1.100755e-02,1.143146e-02,1.149100e-02,1.246120e-02,2.722714e-03,6.828371e-03,1.553972e-02,1.577504e-03,2.275723e-03,7.261018e-03,7.295461e-01,1.932723e-03,1.252269e-02
2.219627e-01,4.872545e-03,9.725579e-03,1.174218e-02,1.015337e-02,1.070931e-02,2.242494e-03,5.690156e-03,1.335970e-02,1.271345e-03,2.152808e-03,7.105182e-03,6.869125e-01,1.830495e-03,1.026961e-02
2.940640e-01,5.195631e-03,8.332730e-03,1.055578e-02,8.279270e-03,9.834908e-03,2.052229e-03,6.452498e-03,1.210821e-02,1.230980e-03,2.018418e-03,7.272932e-03,6.200570e-01,1.946349e-03,1.059903e-02
3.189632e-01,5.445424e-03,6.676587e-03,9.128096e-03,7.141562e-03,1.582592e-02,1.711059e-03,6.435640e-03,1.526747e-02,9.107712e-04,1.721165e-03,6.072319e-03,5.936154e-01,1.686350e-03,9.399028e-03
3.546833e-01,6.705243e-03,5.185067e-03,9.908832e-03,6.520169e-03,1.872091e-02,2.023696e-03,7.036179e-03,1.326356e-02,7.743234e-04,2.521347e-03,1.467029e-02,5.464413e-01,1.686535e-03,9.859310e-03
2.646143e-01,1.067076e-02,3.750026e-03,1.618769e-02,4.825538e-03,2.185930e-02,1.891160e-03,5.417280e-03,1.938729e-02,9.151979e-04,2.521132e-03,1.475606e-02,6.223672e-01,1.220309e-03,9.616804e-03
1.885231e-01,1.153488e-02,2.784227e-03,1.692909e-02,3.549312e-03,2.495730e-02,1.374306e-03,3.871844e-03,1.818439e-02,8.174044e-04,2.012007e-03,1.214936e-02,7.021303e-01,8.824111e-04,1.030000e-02
1.350922e-01,8.433311e-03,1.986720e-03,1.200196e-02,2.827172e-03,2.288173e-02,1.011974e-03,2.912509e-03,1.387499e-02,5.970304e-04,1.444531e-03,9.149985e-03,7.797663e-01,6.219149e-04,7.397597e-03
9.494914e-02,7.489963e-03,1.412599e-03,8.619190e-03,2.121923e-03,1.818634e-02,7.351717e-04,2.077305e-03,1.434874e-02,4.631748e-04,1.032227e-03,6.844245e-03,8.357767e-01,4.405615e-04,5.502632e-03
6.665028e-02,6.425057e-03,1.006750e-03,6.152219e-03,1.651804e-03,1.576667e-02,5.433128e-04,1.488562e-03,1.364263e-02,3.568731e-04,7.450671e-04,5.126893e-03,8.756920e-01,3.131257e-04,4.438788e-03
4.681489e-02,1.326458e-02,1.482062e-03,6.632137e-03,1.570185e-03,1.260622e-02,4.949400e-04,1.184371e-03,4.223568e-02,3.523152e-04,6.923652e-04,4.430403e-03,8.630261e-01,3.411722e-04,4.872603e-03
3.358241e-02,1.434471e-02,2.568029e-03,6.190703e-03,1.899913e-03,1.496615e-02,6.830746e-04,1.394379e-03,7.486083e-02,3.031268e-04,6.730699e-04,4.075354e-03,8.339560e-01,4.186381e-04,1.008365e-02
3.515678e-02,2.745443e-02,4.203837e-03,1.383575e-02,3.960874e-03,1.988127e-02,1.177136e-03,1.585687e-03,8.139589e-02,3.946694e-04,1.927489e-03,5.073989e-03,7.893309e-01,8.128005e-04,1.380853e-02
2.896638e-02,7.248032e-02,5.737259e-02,3.360487e-02,4.697448e-03,3.112037e-02,1.281833e-03,1.335887e-03,1.167082e-01,2.609710e-03,4.175602e-03,5.189786e-03,6.003600e-01,1.403980e-03,3.869304e-02
2.573644e-02,6.010496e-02,2.019246e-01,5.730729e-02,6.456166e-03,2.981102e-02,1.256173e-03,2.125960e-03,1.018713e-01,5.545406e-03,3.771291e-03,4.330615e-03,4.519016e-01,1.347326e-03,4.650974e-02
3.160463e-02,5.122510e-02,1.600480e-01,4.862684e-02,1.308288e-02,8.863536e-02,2.787280e-03,2.970551e-03,1.635705e-01,6.065493e-03,4.393236e-03,4.093750e-03,3.587492e-01,3.188082e-03,6.095910e-02
3.418102e-02,8.541237e-02,1.448675e-01,4.890811e-02,1.288579e-02,8.084132e-02,2.851375e-03,2.812002e-03,2.460154e-01,6.096060e-03,5.376624e-03,3.504462e-03,2.608171e-01,3.955543e-03,6.147518e-02
2.722322e-02,1.020926e-01,2.107258e-01,4.454948e-02,1.357252e-02,6.077679e-02,3.325323e-03,2.402242e-03,2.735746e-01,5.802460e-03,4.522126e-03,2.600153e-03,1.864200e-01,3.114873e-03,5.929780e-02
3.502362e-02,8.056074e-02,2.598615e-01,5.307738e-02,4.928627e-02,5.199636e-02,5.437952e-03,1.655401e-02,2.423195e-01,4.799244e-03,3.898689e-03,2.094850e-03,1.330525e-01,2.501178e-03,5.953620e-02
4.356284e-02,6.130635e-02,3.481967e-01,8.960518e-02,4.897454e-02,4.203743e-02,5.899495e-03,1.361035e-02,1.848096e-01,9.268726e-03,3.537230e-03,1.877979e-03,9.570853e-02,2.106347e-03,4.949861e-02
4.932100e-02,6.236439e-02,2.577888e-01,7.799815e-02,6.447905e-02,3.309604e-02,5.383879e-03,1.095609e-02,2.779654e-01,1.048791e-02,5.968876e-03,1.880659e-03,6.822071e-02,2.593719e-03,7.149521e-02
3.652038e-02,5.547616e-02,2.592940e-01,1.904164e-01,6.007103e-02,2.451129e-02,4.296883e-03,9.106973e-03,2.312001e-01,1.056423e-02,6.022940e-03,1.591667e-03,4.822173e-02,1.950688e-03,6.075555e-02
3.859290e-02,9.354940e-02,2.378953e-01,1.634863e-01,5.594921e-02,2.014877e-02,3.798831e-03,7.769872e-03,2.616370e-01,1.108950e-02,7.551271e-03,1.847418e-03,3.499161e-02,1.590349e-03,6.010218e-02
7.272689e-02,9.529449e-02,1.905609e-01,1.396452e-01,8.966212e-02,3.865730e-02,6.333890e-03,1.656366e-02,2.529548e-01,8.807689e-03,8.138622e-03,1.826185e-03,2.862903e-02,1.467821e-03,4.873131e-02
1.459320e-01,1.022870e-01,1.446250e-01,1.033308e-01,8.526549e-02,5.471423e-02,5.564163e-03,2.558427e-02,2.480851e-01,6.601566e-03,7.215173e-03,3.251667e-03,2.738937e-02,1.916253e-03,3.823785e-02
1.355643e-01,1.219908e-01,1.895155e-01,1.369452e-01,7.911536e-02,4.287138e-02,4.607626e-03,3.698999e-02,1.790867e-01,5.924890e-03,5.820344e-03,3.449332e-03,2.060223e-02,1.645274e-03,3.587106e-02
1.477363e-01,8.936480e-02,1.447192e-01,1.422094e-01,7.335611e-02,3.395581e-02,4.021026e-03,1.610824e-01,1.384795e-01,5.469695e-03,8.486666e-03,4.551038e-03,1.675355e-02,1.528671e-03,2.828571e-02
1.343594e-01,6.378552e-02,1.135186e-01,1.094836e-01,5.646216e-02,2.477437e-02,3.152929e-03,3.455920e-01,1.008765e-01,4.067280e-03,6.510634e-03,3.652795e-03,1.210499e-02,1.305134e-03,2.035419e-02
1.101299e-01,4.497545e-02,8.458446e-02,8.292940e-02,4.217598e-02,1.818856e-02,2.486024e-03,5.082710e-01,7.106934e-02,3.139797e-03,5.140943e-03,2.750564e-03,8.701243e-03,9.646869e-04,1.449274e-02
9.571701e-02,3.210983e-02,6.077266e-02,6.047669e-02,3.590666e-02,1.308779e-02,2.003048e-03,6.235623e-01,5.118077e-02,2.220792e-03,3.865956e-03,1.988875e-03,6.181228e-03,6.940244e-04,1.023231e-02
8.633205e-02,2.288319e-02,4.330114e-02,4.309313e-02,2.726216e-02,9.726182e-03,1.787821e-03,7.107491e-01,3.666911e-02,1.583058e-03,3.010701e-03,1.472861e-03,4.396953e-03,5.026195e-04,7.229917e-03
7.979959e-02,1.621764e-02,3.069058e-02,3.093234e-02,2.207061e-02,7.373008e-03,1.442631e-03,7.718678e-01,2.627696e-02,1.118951e-03,2.403201e-03,1.132355e-03,3.184672e-03,3.781819e-04,5.111613e-03
9.578920e-02,1.151200e-02,2.180563e-02,2.197050e-02,1.707524e-02,6.590228e-03,1.218675e-03,7.931004e-01,1.890573e-02,8.139284e-04,2.319211e-03,1.867797e-03,2.864625e-03,4.107506e-04,3.756215e-03
1.310615e-01,8.263878e-03,1.585013e-02,1.609146e-02,1.516407e-02,5.536335e-03,1.159669e-03,7.804476e-01,1.382304e-02,6.158234e-04,2.717620e-03,2.375874e-03,3.480671e-03,5.306684e-04,2.881736e-03
2.030459e-01,6.620905e-03,1.189682e-02,1.218148e-02,1.458075e-02,5.294517e-03,1.505912e-03,7.180959e-01,1.174391e-02,6.114313e-04,3.567071e-03,2.721247e-03,4.385167e-03,8.294080e-04,2.919557e-03
2.824904e-01,5.167359e-03,1.283464e-02,9.772702e-03,1.269631e-02,6.420291e-03,1.466928e-03,6.278800e-01,1.129370e-02,8.061825e-04,4.096613e-03,4.987538e-03,1.413937e-02,1.328497e-03,4.619447e-03
4.039347e-01,4.297467e-03,1.198783e-02,7.777744e-03,1.465418e-02,6.899200e-03,1.585168e-03,4.796427e-01,9.715732e-03,8.311101e-04,5.382941e-03,7.370229e-03,3.784406e-02,1.911667e-03,6.165254e-03
4.802530e-01,5.739344e-03,1.318776e-02,1.248607e-02,1.391890e-02,1.772057e-02,2.323824e-03,3.406649e-01,2.064168e-02,1.341035e-03,9.601047e-03,1.663598e-02,4.969223e-02,4.169456e-03,1.162424e-02
4.971629e-01,6.890668e-03,1.051093e-02,1.347316e-02,1.178136e-02,2.056221e-02,2.380437e-03,2.393685e-01,1.938991e-02,2.387611e-03,1.387557e-02,2.207221e-02,1.190501e-01,5.435418e-03,1.565908e-02
4.712401e-01,6.388586e-03,7.897575e-03,1.337806e-02,9.653767e-03,2.111534e-02,2.450873e-03,1.679730e-01,1.919815e-02,3.391297e-03,2.312784e-02,2.973883e-02,1.897809e-01,7.735063e-03,2.693067e-02
4.289599e-01,9.978054e-03,1.257991e-02,1.627576e-02,1.398638e-02,2.111785e-02,3.101952e-03,1.183649e-01,3.168530e-02,8.099495e-03,2.698124e-02,3.244115e-02,2.353398e-01,9.605986e-03,3.148239e-02
3.257560e-01,9.952702e-03,1.074509e-02,1.676562e-02,1.676414e-02,1.585375e-02,2.910201e-03,8.362571e-02,3.844103e-02,1.523868e-02,4.334950e-02,3.789770e-02,3.009843e-01,9.272343e-03,7.244331e-02
3.624561e-01,1.056781e-02,9.443300e-03,1.334136e-02,1.727905e-02,1.237402e-02,2.624221e-03,5.976480e-02,4.397126e-02,1.561663e-02,4.267231e-02,3.614893e-02,2.506637e-01,1.192750e-02,1.111490e-01
2.726274e-01,1.361421e-02,8.519614e-03,1.029680e-02,4.977321e-02,1.097683e-02,5.104448e-03,4.383294e-02,2.069121e-01,1.157543e-02,3.148019e-02,2.671862e-02,1.832319e-01,8.923423e-03,1.164129e-01
2.194053e-01,1.275068e-02,3.344671e-02,1.467374e-02,5.609541e-02,9.143940e-03,1.264979e-02,1.067251e-01,2.037583e-01,9.621655e-03,3.029557e-02,2.073660e-02,1.471502e-01,7.388011e-03,1.161591e-01
2.272384e-01,1.890948e-02,3.902073e-02,1.541125e-02,6.054437e-02,8.393127e-03,1.034804e-02,7.857436e-02,2.765638e-01,9.457755e-03,2.420054e-02,1.793477e-02,1.100353e-01,6.775229e-03,9.659290e-02
1.927761e-01,2.245943e-02,4.303993e-02,1.589316e-02,7.845499e-02,1.345075e-02,9.495731e-03,6.547564e-02,3.181209e-01,8.257425e-03,2.156452e-02,1.504207e-02,8.752900e-02,6.057225e-03,1.023831e-01
1.695204e-01,4.435788e-02,5.095261e-02,1.362157e-02,1.086825e-01,2.142745e-02,8.158707e-03,6.156529e-02,3.113968e-01,7.505164e-03,1.820455e-02,1.229207e-02,7.544208e-02,7.098458e-03,8.977457e-02
1.538055e-01,1.027359e-01,4.916899e-02,1.180808e-02,1.074073e-01,2.246885e-02,6.875933e-03,5.669567e-02,2.827629e-01,7.047738e-03,1.404868e-02,9.932541e-03,5.859160e-02,7.817999e-03,1.088323e-01
1.575064e-01,1.039637e-01,6.911609e-02,1.417653e-02,1.196713e-01,1.919268e-02,6.150092e-03,7.441278e-02,2.253826e-01,7.513997e-03,1.113500e-02,8.826804e-03,4.417444e-02,9.764284e-03,1.290133e-01
2.504731e-01,8.167006e-02,7.847182e-02,2.744107e-02,1.209808e-01,2.032145e-02,5.782404e-03,9.003298e-02,1.641102e-01,5.997899e-03,8.775634e-03,9.208968e-03,3.238589e-02,7.745720e-03,9.660199e-02
3.059295e-01,6.213906e-02,7.209154e-02,3.160759e-02,1.602076e-01,1.720091e-02,4.587026e-03,9.441553e-02,1.295361e-01,5.008787e-03,6.726348e-03,7.523070e-03,2.391572e-02,7.103431e-03,7.200778e-02
2.962904e-01,4.866124e-02,1.157161e-01,3.199939e-02,1.375577e-01,1.443482e-02,3.558665e-03,7.406061e-02,1.811993e-01,6.012414e-03,5.537349e-03,6.417951e-03,1.769613e-02,6.440567e-03,5.441739e-02
2.590729e-01,3.642687e-02,1.172901e-01,1.375441e-01,9.960107e-02,1.148272e-02,3.135866e-03,5.573592e-02,2.027688e-01,6.006011e-03,6.212028e-03,5.669040e-03,1.332428e-02,4.839589e-03,4.089072e-02
3.439211e-01,3.305102e-02,1.029251e-01,1.378374e-01,8.736033e-02,1.164084e-02,2.764622e-03,4.846125e-02,1.621271e-01,5.687089e-03,6.547707e-03,9.060247e-03,1.097192e-02,4.092158e-03,3.355210e-02
4.180345e-01,3.245520e-02,8.457552e-02,1.421450e-01,7.982436e-02,1.331341e-02,2.597396e-03,3.775157e-02,1.259770e-01,4.758680e-03,6.110621e-03,1.142428e-02,9.930342e-03,3.971045e-03,2.713104e-02
3.425071e-01,6.090323e-02,7.158801e-02,2.533909e-01,6.264554e-02,1.125525e-02,2.432802e-03,2.795801e-02,1.050614e-01,3.992821e-03,5.675744e-03,1.112551e-02,9.249841e-03,2.948584e-03,2.926517e-02
4.225550e-01,5.321015e-02,6.498174e-02,2.144142e-01,5.519738e-02,1.231756e-02,3.555760e-03,2.439329e-02,8.160336e-02,3.940477e-03,6.648502e-03,1.575454e-02,1.048786e-02,3.192205e-03,2.774790e-02
3.787264e-01,4.233910e-02,1.832161e-01,2.047831e-01,4.180191e-02,1.016025e-02,2.723918e-03,2.066528e-02,6.087637e-02,3.405753e-03,5.214389e-03,1.212127e-02,7.768323e-03,2.655647e-03,2.354222e-02
3.813126e-01,3.227561e-02,2.078876e-01,2.130031e-01,3.479859e-02,8.969509e-03,2.032402e-03,2.887865e-02,4.609941e-02,2.933682e-03,4.860073e-03,9.290115e-03,5.893454e-03,2.666006e-03,1.909909e-02
3.136582e-01,2.334739e-02,1.757430e-01,1.734238e-01,2.704869e-02,7.991289e-03,1.770586e-03,2.075665e-01,3.395568e-02,2.245849e-03,4.739766e-03,6.718830e-03,5.215955e-03,2.083099e-03,1.449125e-02
2.410580e-01,1.657149e-02,1.313894e-01,1.273025e-01,2.102315e-02,6.102049e-03,1.585974e-03,4.045842e-01,2.403357e-02,1.703422e-03,3.987636e-03,4.812741e-03,4.020161e-03,1.492451e-03,1.033337e-02
1.849317e-01,1.169179e-02,9.289756e-02,8.936977e-02,1.708963e-02,4.517500e-03,1.397824e-03,5.618547e-01,1.685865e-02,1.246758e-03,3.387857e-03,3.420620e-03,2.974298e-03,1.059063e-03,7.302273e-03
1.301691e-01,8.211346e-03,6.516232e-02,6.261103e-02,1.258885e-02,3.245617e-03,1.034168e-03,6.911690e-01,1.181847e-02,8.870195e-04,2.527512e-03,2.439783e-03,2.238453e-03,7.538625e-04,5.143402e-03
9.187158e-02,5.771812e-03,4.572519e-02,4.385475e-02,9.257772e-03,2.405919e-03,7.996908e-04,7.818528e-01,8.283819e-03,6.330620e-04,1.890277e-03,1.763654e-03,1.725271e-03,5.446368e-04,3.619734e-03
6.520524e-02,4.081367e-03,3.208085e-02,3.072559e-02,6.706867e-03,2.142217e-03,6.810369e-04,8.448390e-01,5.818743e-03,4.478279e-04,1.456469e-03,1.345421e-03,1.473372e-03,4.386968e-04,2.557378e-03
4.695512e-02,2.915357e-03,2.255248e-02,2.155246e-02,5.075845e-03,1.802275e-03,6.087694e-04,8.884430e-01,4.091365e-03,3.173912e-04,1.156298e-03,1.017600e-03,1.359924e-03,3.397366e-04,1.812398e-03
3.406470e-02,2.091133e-03,1.587419e-02,1.512220e-02,4.573083e-03,1.842772e-03,1.937366e-03,9.168018e-01,2.893374e-03,2.277299e-04,9.410034e-04,7.436915e-04,1.332040e-03,2.468209e-04,1.308109e-03
2.789573e-02,1.517106e-03,1.123713e-02,1.068431e-02,7.682730e-03,2.127503e-03,2.491876e-03,9.301780e-01,2.143055e-03,1.782301e-04,8.030560e-04,5.899685e-04,1.297404e-03,1.829349e-04,9.908858e-04
2.519931e-02,1.124377e-03,8.179609e-03,7.642627e-03,7.089069e-03,4.751701e-03,3.908744e-03,9.365189e-01,1.583298e-03,1.824928e-04,7.649687e-04,5.945379e-04,1.456858e-03,1.495939e-04,8.538265e-04
2.905645e-02,9.499085e-04,6.506677e-03,5.805682e-03,7.661934e-03,9.853248e-03,5.232935e-03,9.292305e-01,1.342222e-03,2.254396e-04,7.002939e-04,6.124100e-04,1.601409e-03,1.314926e-04,1.089391e-03
2.771563e-02,8.174405e-04,4.869240e-03,4.294570e-03,7.723548e-03,1.192639e-02,4.576163e-03,9.326190e-01,1.168964e-03,2.263354e-04,6.088309e-04,5.379288e-04,1.472384e-03,1.085295e-04,1.335093e-03
4.863714e-02,1.173575e-03,5.236122e-03,7.991358e-03,9.054113e-03,2.104973e-02,3.769287e-03,8.819830e-01,6.579276e-03,1.222973e-03,1.962355e-03,2.474416e-03,4.563538e-03,3.689294e-04,3.934206e-03
4.025463e-02,1.165949e-03,4.035256e-03,1.854093e-02,9.895563e-03,2.011741e-02,2.997646e-03,6.422806e-01,1.145670e-01,4.741397e-03,1.692302e-02,1.361187e-02,8.111849e-02,2.069561e-03,2.768069e-02
4.830718e-02,1.667399e-03,3.632032e-03,1.881827e-02,1.747105e-02,2.170464e-02,3.385442e-03,6.164284e-01,8.795948e-02,6.767557e-03,2.741345e-02,2.075078e-02,9.402913e-02,2.561772e-03,2.910347e-02
5.356576e-02,2.554185e-03,3.485927e-03,1.764056e-02,1.344217e-02,3.691301e-02,2.867689e-03,4.380199e-01,7.757116e-02,5.890578e-03,2.739728e-02,2.312132e-02,2.382119e-01,6.020339e-03,5.329819e-02
8.794884e-02,4.683585e-03,4.038014e-03,1.624094e-02,1.128175e-02,5.625289e-02,3.979476e-03,3.185122e-01,6.022525e-02,5.693525e-03,2.359821e-02,2.816465e-02,3.183078e-01,6.118800e-03,5.495406e-02
