1.000000e+00,0.000000e+00,0.000000e+00,0.000000e+00,0.000000e+00,0.000000e+00,0.000000e+00,0.000000e+00,0.000000e+00,0.000000e+00,0.000000e+00,0.000000e+00,0.000000e+00,0.000000e+00,0.000000e+00
1.000000e+00,0.000000e+00,0.000000e+00,0.000000e+00,0.000000e+00,0.000000e+00,0.000000e+00,0.000000e+00,0.000000e+00,0.000000e+00,0.000000e+00,0.000000e+00,0.000000e+00,0.000000e+00,0.000000e+00
1.000000e+00,0.000000e+00,0.000000e+00,0.000000e+00,0.000000e+00,0.000000e+00,0.000000e+00,0.000000e+00,0.000000e+00,0.000000e+00,0.000000e+00,0.000000e+00,0.000000e+00,0.000000e+00,0.000000e+00
1.000000e+00,0.000000e+00,0.000000e+00,0.000000e+00,0.000000e+00,0.000000e+00,0.000000e+00,0.000000e+00,0.000000e+00,0.000000e+00,0.000000e+00,0.000000e+00,0.000000e+00,0.000000e+00,0.000000e+00
1.000000e+00,0.000000e+00,0.000000e+00,0.000000e+00,0.000000e+00,0.000000e+00,0.000000e+00,0.000000e+00,0.000000e+00,0.000000e+00,0.000000e+00,0.000000e+00,0.000000e+00,0.000000e+00,0.000000e+00
1.000000e+00,0.000000e+00,0.000000e+00,0.000000e+00,0.000000e+00,0.000000e+00,0.000000e+00,0.000000e+00,0.000000e+00,0.000000e+00,0.000000e+00,0.000000e+00,0.000000e+00,0.000000e+00,0.000000e+00
1.000000e+00,0.000000e+00,0.000000e+00,0.000000e+00,0.000000e+00,0.000000e+00,0.000000e+00,0.000000e+00,0.000000e+00,0.000000e+00,0.000000e+00,0.000000e+00,0.000000e+00,0.000000e+00,0.000000e+00
1.000000e+00,0.000000e+00,0.000000e+00,0.000000e+00,0.000000e+00,0.000000e+00,0.000000e+00,0.000000e+00,0.000000e+00,0.000000e+00,0.000000e+00,0.000000e+00,0.000000e+00,0.000000e+00,0.000000e+00
1.000000e+00,0.000000e+00,0.000000e+00,0.000000e+00,0.000000e+00,0.000000e+00,0.000000e+00,0.000000e+00,0.000000e+00,0.000000e+00,0.000000e+00,0.000000e+00,0.000000e+00,0.000000e+00,0.000000e+00
1.000000e+00,0.000000e+00,0.000000e+00,0.000000e+00,0.000000e+00,0.000000e+00,0.000000e+00,0.000000e+00,0.000000e+00,0.000000e+00,0.000000e+00,0.000000e+00,0.000000e+00,0.000000e+00,0.000000e+00
1.000000e+00,0.000000e+00,0.000000e+00,0.000000e+00,0.000000e+00,0.000000e+00,0.000000e+00,0.000000e+00,0.000000e+00,0.000000e+00,0.000000e+00,0.000000e+00,0.000000e+00,0.000000e+00,0.000000e+00
1.000000e+00,0.000000e+00,0.000000e+00,0.000000e+00,0.000000e+00,0.000000e+00,0.000000e+00,0.000000e+00,0.000000e+00,0.000000e+00,0.000000e+00,0.000000e+00,0.000000e+00,0.000000e+00,0.000000e+00
1.000000e+00,0.000000e+00,0.000000e+00,0.000000e+00,0.000000e+00,0.000000e+00,0.000000e+00,0.000000e+00,0.000000e+00,0.000000e+00,0.000000e+00,0.000000e+00,0.000000e+00,0.000000e+00,0.000000e+00
1.000000e+00,0.000000e+00,0.000000e+00,0.000000e+00,0.000000e+00,0.000000e+00,0.000000e+00,0.000000e+00,0.000000e+00,0.000000e+00,0.000000e+00,0.000000e+00,0.000000e+00,0.000000e+00,0.000000e+00
1.000000e+00,0.000000e+00,0.000000e+00,0.000000e+00,0.000000e+00,0.000000e+00,0.000000e+00,0.000000e+00,0.000000e+00,0.000000e+00,0.000000e+00,0.000000e+00,0.000000e+00,0.000000e+00,0.000000e+00
1.000000e+00,0.000000e+00,0.000000e+00,0.000000e+00,0.000000e+00,0.000000e+00,0.000000e+00,0.000000e+00,0.000000e+00,0.000000e+00,0.000000e+00,0.000000e+00,0.000000e+00,0.000000e+00,0.000000e+00
1.000000e+00,0.000000e+00,0.000000e+00,0.000000e+00,0.000000e+00,0.000000e+00,0.000000e+00,0.000000e+00,0.000000e+00,0.000000e+00,0.000000e+00,0.000000e+00,0.000000e+00,0.000000e+00,0.000000e+00
1.000000e+00,0.000000e+00,0.000000e+00,0.000000e+00,0.000000e+00,0.000000e+00,0.000000e+00,0.000000e+00,0.000000e+00,0.000000e+00,0.000000e+00,0.000000e+00,0.000000e+00,0.000000e+00,0.000000e+00
1.000000e+00,0.000000e+00,0.000000e+00,0.000000e+00,0.000000e+00,0.000000e+00,0.000000e+00,0.000000e+00,0.000000e+00,0.000000e+00,0.000000e+00,0.000000e+00,0.000000e+00,0.000000e+00,0.000000e+00
1.000000e+00,0.000000e+00,0.000000e+00,0.000000e+00,0.000000e+00,0.000000e+00,0.000000e+00,0.000000e+00,0.000000e+00,0.000000e+00,0.000000e+00,0.000000e+00,0.000000e+00,0.000000e+00,0.000000e+00
1.000000e+00,0.000000e+00,0.000000e+00,0.000000e+00,0.000000e+00,0.000000e+00,0.000000e+00,0.000000e+00,0.000000e+00,0.000000e+00,0.000000e+00,0.000000e+00,0.000000e+00,0.000000e+00,0.000000e+00
1.000000e+00,0.000000e+00,0.000000e+00,0.000000e+00,0.000000e+00,0.000000e+00,0.000000e+00,0.000000e+00,0.000000e+00,0.000000e+00,0.000000e+00,0.000000e+00,0.000000e+00,0.000000e+00,0.000000e+00
1.000000e+00,0.000000e+00,0.000000e+00,0.000000e+00,0.000000e+00,0.000000e+00,0.000000e+00,0.000000e+00,0.000000e+00,0.000000e+00,0.000000e+00,0.000000e+00,0.000000e+00,0.000000e+00,0.000000e+00
1.000000e+00,0.000000e+00,0.000000e+00,0.000000e+00,0.000000e+00,0.000000e+00,0.000000e+00,0.000000e+00,0.000000e+00,0.000000e+00,0.000000e+00,0.000000e+00,0.000000e+00,0.000000e+00,0.000000e+00
1.000000e+00,0.000000e+00,0.000000e+00,0.000000e+00,0.000000e+00,0.000000e+00,0.000000e+00,0.000000e+00,0.000000e+00,0.000000e+00,0.000000e+00,0.000000e+00,0.000000e+00,0.000000e+00,0.000000e+00
1.000000e+00,0.000000e+00,0.000000e+00,0.000000e+00,0.000000e+00,0.000000e+00,0.000000e+00,0.000000e+00,0.000000e+00,0.000000e+00,0.000000e+00,0.000000e+00,0.000000e+00,0.000000e+00,0.000000e+00
1.000000e+00,0.000000e+00,0.000000e+00,0.000000e+00,0.000000e+00,0.000000e+00,0.000000e+00,0.000000e+00,0.000000e+00,0.000000e+00,0.000000e+00,0.000000e+00,0.000000e+00,0.000000e+00,0.000000e+00
1.000000e+00,0.000000e+00,0.000000e+00,0.000000e+00,0.000000e+00,0.000000e+00,0.000000e+00,0.000000e+00,0.000000e+00,0.000000e+00,0.000000e+00,0.000000e+00,0.000000e+00,0.000000e+00,0.000000e+00
1.000000e+00,0.000000e+00,0.000000e+00,0.000000e+00,0.000000e+00,0.000000e+00,0.000000e+00,0.000000e+00,0.000000e+00,0.000000e+00,0.000000e+00,0.000000e+00,0.000000e+00,0.000000e+00,0.000000e+00
1.000000e+00,0.000000e+00,0.000000e+00,0.000000e+00,0.000000e+00,0.000000e+00,0.000000e+00,0.000000e+00,0.000000e+00,0.000000e+00,0.000000e+00,0.000000e+00,0.000000e+00,0.000000e+00,0.000000e+00
1.000000e+00,0.000000e+00,0.000000e+00,0.000000e+00,0.000000e+00,0.000000e+00,0.000000e+00,0.000000e+00,0.000000e+00,0.000000e+00,0.000000e+00,0.000000e+00,0.000000e+00,0.000000e+00,0.000000e+00
1.000000e+00,0.000000e+00,0.000000e+00,0.000000e+00,0.000000e+00,0.000000e+00,0.000000e+00,0.000000e+00,0.000000e+00,0.000000e+00,0.000000e+00,0.000000e+00,0.000000e+00,0.000000e+00,0.000000e+00
1.000000e+00,0.000000e+00,0.000000e+00,0.000000e+00,0.000000e+00,0.000000e+00,0.000000e+00,0.000000e+00,0.000000e+00,0.000000e+00,0.000000e+00,0.000000e+00,0.000000e+00,0.000000e+00,0.000000e+00
1.000000e+00,0.000000e+00,0.000000e+00,0.000000e+00,0.000000e+00,0.000000e+00,0.000000e+00,0.000000e+00,0.000000e+00,0.000000e+00,0.000000e+00,0.000000e+00,0.000000e+00,0.000000e+00,0.000000e+00
1.000000e+00,0.000000e+00,0.000000e+00,0.000000e+00,0.000000e+00,0.000000e+00,0.000000e+00,0.000000e+00,0.000000e+00,0.000000e+00,0.000000e+00,0.000000e+00,0.000000e+00,0.000000e+00,0.000000e+00
1.000000e+00,0.000000e+00,0.000000e+00,0.000000e+00,0.000000e+00,0.000000e+00,0.000000e+00,0.000000e+00,0.000000e+00,0.000000e+00,0.000000e+00,0.000000e+00,0.000000e+00,0.000000e+00,0.000000e+00
1.000000e+00,0.000000e+00,0.000000e+00,0.000000e+00,0.000000e+00,0.000000e+00,0.000000e+00,0.000000e+00,0.000000e+00,0.000000e+00,0.000000e+00,0.000000e+00,0.000000e+00,0.000000e+00,0.000000e+00
1.000000e+00,0.000000e+00,0.000000e+00,0.000000e+00,0.000000e+00,0.000000e+00,0.000000e+00,0.000000e+00,0.000000e+00,0.000000e+00,0.000000e+00,0.000000e+00,0.000000e+00,0.000000e+00,0.000000e+00
1.000000e+00,0.000000e+00,0.000000e+00,0.000000e+00,0.000000e+00,0.000000e+00,0.000000e+00,0.000000e+00,0.000000e+00,0.000000e+00,0.000000e+00,0.000000e+00,0.000000e+00,0.000000e+00,0.000000e+00
1.000000e+00,0.000000e+00,0.000000e+00,0.000000e+00,0.000000e+00,0.000000e+00,0.000000e+00,0.000000e+00,0.000000e+00,0.000000e+00,0.000000e+00,0.000000e+00,0.000000e+00,0.000000e+00,0.000000e+00
1.000000e+00,0.000000e+00,0.000000e+00,0.000000e+00,0.000000e+00,0.000000e+00,0.000000e+00,0.000000e+00,0.000000e+00,0.000000e+00,0.000000e+00,0.000000e+00,0.000000e+00,0.000000e+00,0.000000e+00
1.000000e+00,0.000000e+00,0.000000e+00,0.000000e+00,0.000000e+00,0.000000e+00,0.000000e+00,0.000000e+00,0.000000e+00,0.000000e+00,0.000000e+00,0.000000e+00,0.000000e+00,0.000000e+00,0.000000e+00
1.000000e+00,0.000000e+00,0.000000e+00,0.000000e+00,0.000000e+00,0.000000e+00,0.000000e+00,0.000000e+00,0.000000e+00,0.000000e+00,0.000000e+00,0.000000e+00,0.000000e+00,0.000000e+00,0.000000e+00
1.000000e+00,0.000000e+00,0.000000e+00,0.000000e+00,0.000000e+00,0.000000e+00,0.000000e+00,0.000000e+00,0.000000e+00,0.000000e+00,0.000000e+00,0.000000e+00,0.000000e+00,0.000000e+00,0.000000e+00
1.000000e+00,0.000000e+00,0.000000e+00,0.000000e+00,0.000000e+00,0.000000e+00,0.000000e+00,0.000000e+00,0.000000e+00,0.000000e+00,0.000000e+00,0.000000e+00,0.000000e+00,0.000000e+00,0.000000e+00
1.000000e+00,0.000000e+00,0.000000e+00,0.000000e+00,0.000000e+00,0.000000e+00,0.000000e+00,0.000000e+00,0.000000e+00,0.000000e+00,0.000000e+00,0.000000e+00,0.000000e+00,0.000000e+00,0.000000e+00
1.000000e+00,0.000000e+00,0.000000e+00,0.000000e+00,0.000000e+00,0.000000e+00,0.000000e+00,0.000000e+00,0.000000e+00,0.000000e+00,0.000000e+00,0.000000e+00,0.000000e+00,0.000000e+00,0.000000e+00
1.000000e+00,0.000000e+00,0.000000e+00,0.000000e+00,0.000000e+00,0.000000e+00,0.000000e+00,0.000000e+00,0.000000e+00,0.000000e+00,0.000000e+00,0.000000e+00,0.000000e+00,0.000000e+00,0.000000e+00
1.000000e+00,0.000000e+00,0.000000e+00,0.000000e+00,0.000000e+00,0.000000e+00,0.000000e+00,0.000000e+00,0.000000e+00,0.000000e+00,0.000000e+00,0.000000e+00,0.000000e+00,0.000000e+00,0.000000e+00
1.000000e+00,0.000000e+00,0.000000e+00,0.000000e+00,0.000000e+00,0.000000e+00,0.000000e+00,0.000000e+00,0.000000e+00,0.000000e+00,0.000000e+00,0.000000e+00,0.000000e+00,0.000000e+00,0.000000e+00
1.000000e+00,0.000000e+00,0.000000e+00,0.000000e+00,0.000000e+00,0.000000e+00,0.000000e+00,0.000000e+00,0.000000e+00,0.000000e+00,0.000000e+00,0.000000e+00,0.000000e+00,0.000000e+00,0.000000e+00
1.000000e+00,0.000000e+00,0.000000e+00,0.000000e+00,0.000000e+00,0.000000e+00,0.000000e+00,0.000000e+00,0.000000e+00,0.000000e+00,0.000000e+00,0.000000e+00,0.000000e+00,0.000000e+00,0.000000e+00
1.000000e+00,0.000000e+00,0.000000e+00,0.000000e+00,0.000000e+00,0.000000e+00,0.000000e+00,0.000000e+00,0.000000e+00,0.000000e+00,0.000000e+00,0.000000e+00,0.000000e+00,0.000000e+00,0.000000e+00
1.000000e+00,0.000000e+00,0.000000e+00,0.000000e+00,0.000000e+00,0.000000e+00,0.000000e+00,0.000000e+00,0.000000e+00,0.000000e+00,0.000000e+00,0.000000e+00,0.000000e+00,0.000000e+00,0.000000e+00
1.000000e+00,0.000000e+00,0.000000e+00,0.000000e+00,0.000000e+00,0.000000e+00,0.000000e+00,0.000000e+00,0.000000e+00,0.000000e+00,0.000000e+00,0.000000e+00,0.000000e+00,0.000000e+00,0.000000e+00
1.000000e+00,0.000000e+00,0.000000e+00,0.000000e+00,0.000000e+00,0.000000e+00,0.000000e+00,0.000000e+00,0.000000e+00,0.000000e+00,0.000000e+00,0.000000e+00,0.000000e+00,0.000000e+00,0.000000e+00
3.798449e-01,1.214862e-02,9.275065e-02,8.014172e-02,3.821591e-03,7.989205e-03,3.791505e-03,5.578840e-02,7.068297e-02,8.315555e-02,1.054943e-01,2.562149e-02,1.450376e-02,3.348988e-02,3.077542e-02
2.713617e-01,1.002029e-02,7.459550e-02,7.454778e-02,3.161909e-03,6.185047e-03,2.916271e-03,4.330380e-02,5.480568e-02,6.827316e-02,2.336442e-01,6.456792e-02,1.380001e-02,5.529329e-02,2.352346e-02
1.921322e-01,8.244067e-03,5.598196e-02,6.796020e-02,2.878487e-03,5.329686e-03,2.122592e-03,3.110221e-02,4.254378e-02,6.494315e-02,3.413986e-01,1.054536e-01,1.150796e-02,4.943165e-02,1.896981e-02
1.354063e-01,7.068553e-03,4.328967e-02,6.272193e-02,4.561863e-03,4.881076e-03,1.585428e-03,2.227159e-02,3.124779e-02,5.123408e-02,3.693532e-01,1.974156e-01,9.326936e-03,4.543889e-02,1.419711e-02
9.508964e-02,5.145261e-03,3.107091e-02,5.333070e-02,8.471784e-03,4.122661e-03,1.164402e-03,1.575662e-02,2.336727e-02,3.789111e-02,3.618696e-01,3.083827e-01,6.783766e-03,3.732092e-02,1.023260e-02
6.791615e-02,3.900137e-03,2.226024e-02,5.840355e-02,2.131965e-02,4.928167e-03,9.052344e-04,1.135324e-02,1.870826e-02,2.764667e-02,3.525971e-01,3.543689e-01,5.004081e-03,4.248882e-02,8.199884e-03
4.819541e-02,2.975401e-03,1.582633e-02,5.772122e-02,5.612683e-02,5.749879e-03,8.324813e-04,8.061665e-03,1.427052e-02,1.975378e-02,3.327231e-01,3.704673e-01,3.698345e-03,5.739271e-02,6.205114e-03
3.392953e-02,3.368231e-03,1.241698e-02,5.665335e-02,1.578430e-01,5.219857e-03,7.341104e-04,5.707207e-03,1.170702e-02,1.454195e-02,2.709960e-01,3.702052e-01,2.760776e-03,4.710559e-02,6.811275e-03
2.459653e-02,2.879804e-03,9.438669e-03,4.589818e-02,1.763877e-01,4.945736e-03,6.019665e-04,4.231107e-03,1.079419e-02,1.127160e-02,2.739277e-01,3.753427e-01,2.540175e-03,5.138540e-02,5.758615e-03
1.801500e-02,2.478292e-03,7.138946e-03,3.403631e-02,1.830671e-01,7.338060e-03,1.013465e-03,3.701532e-03,8.538557e-03,8.196219e-03,2.206443e-01,4.594022e-01,2.364284e-03,3.980222e-02,4.263515e-03
1.293147e-02,2.868257e-03,5.868919e-03,2.436250e-02,2.121650e-01,5.936596e-03,1.156621e-03,3.106125e-03,6.541650e-03,6.053612e-03,1.728372e-01,5.111090e-01,2.387081e-03,2.950109e-02,3.174992e-03
1.004297e-02,2.668527e-03,5.726161e-03,1.838533e-02,2.082080e-01,6.086760e-03,4.897959e-03,9.373700e-03,5.179530e-03,4.587706e-03,1.421864e-01,5.567918e-01,1.953165e-03,2.162008e-02,2.292041e-03
7.577337e-03,3.340703e-03,4.781666e-03,1.319784e-02,1.743193e-01,5.244659e-03,4.040365e-03,8.459323e-03,4.307084e-03,3.511086e-03,1.106758e-01,6.397030e-01,1.717050e-03,1.732006e-02,1.804813e-03
9.301106e-03,3.651765e-03,4.041093e-03,9.632398e-03,1.281562e-01,6.050446e-03,3.280225e-03,6.997194e-03,3.828187e-03,2.814056e-03,1.012168e-01,7.023423e-01,1.475679e-03,1.577739e-02,1.435221e-03
1.009367e-02,3.177559e-03,3.597246e-03,7.414236e-03,9.407421e-02,5.586633e-03,2.668540e-03,6.332016e-03,3.483662e-03,2.664424e-03,1.195132e-01,7.217690e-01,1.228514e-03,1.720129e-02,1.195782e-03
1.244563e-02,3.243586e-03,4.346184e-03,6.951272e-03,7.172333e-02,1.015357e-02,3.219853e-03,8.877419e-03,3.035488e-03,2.542644e-03,9.947845e-02,7.566694e-01,1.159810e-03,1.509762e-02,1.055712e-03
1.731070e-02,4.173412e-03,6.387951e-03,8.366154e-03,6.612790e-02,1.175098e-02,4.502666e-03,1.244255e-02,3.671336e-03,2.855093e-03,8.909493e-02,7.576972e-01,9.552581e-04,1.353771e-02,1.126099e-03
2.280994e-02,8.429116e-03,1.146371e-02,8.777156e-03,6.224676e-02,1.261206e-02,3.960372e-03,1.663122e-02,3.875332e-03,3.048275e-03,8.159523e-02,7.489831e-01,8.760664e-04,1.333790e-02,1.353744e-03
2.796699e-02,1.090023e-02,2.036979e-02,9.884042e-03,6.291423e-02,1.347205e-02,4.361305e-03,3.573994e-02,5.070653e-03,3.169478e-03,8.020060e-02,7.091310e-01,8.479012e-04,1.428251e-02,1.689269e-03
3.387807e-02,1.331210e-02,2.910354e-02,1.438655e-02,5.888838e-02,1.229400e-02,3.922353e-03,5.099041e-02,7.661751e-03,4.406321e-03,1.124195e-01,6.392922e-01,8.809584e-04,1.655466e-02,2.009179e-03
3.785890e-02,1.363584e-02,3.964281e-02,2.354487e-02,5.997872e-02,1.296774e-02,4.170862e-03,1.698551e-01,8.038762e-03,6.442312e-03,9.690005e-02,5.077213e-01,9.008480e-04,1.654367e-02,1.798201e-03
4.911652e-02,1.984554e-02,4.987207e-02,3.697879e-02,5.589651e-02,2.858074e-02,3.423754e-03,1.530686e-01,1.593976e-02,1.028411e-02,1.735223e-01,3.700195e-01,8.910206e-04,2.984847e-02,2.712335e-03
5.509067e-02,3.309694e-02,6.406806e-02,6.752509e-02,4.967451e-02,4.740081e-02,3.101606e-03,1.752280e-01,1.948302e-02,9.527204e-03,1.702968e-01,2.696396e-01,9.257257e-04,3.254826e-02,2.393794e-03
5.691656e-02,2.733240e-02,1.008534e-01,1.642471e-01,4.097899e-02,4.208593e-02,2.343214e-03,1.771938e-01,1.910221e-02,9.205010e-03,1.361588e-01,1.921947e-01,8.509309e-04,2.840969e-02,2.127360e-03
5.056580e-02,2.171661e-02,1.273390e-01,2.628355e-01,4.027908e-02,5.127683e-02,1.842691e-03,1.398183e-01,2.524231e-02,9.780235e-03,1.047954e-01,1.360142e-01,8.139379e-04,2.574091e-02,1.939294e-03
4.353987e-02,1.866577e-02,1.540262e-01,3.439420e-01,4.004817e-02,5.658403e-02,1.430147e-03,1.098947e-01,2.325917e-02,1.056576e-02,7.881882e-02,9.609410e-02,7.186144e-04,2.068957e-02,1.723041e-03
3.538452e-02,1.360031e-02,2.582553e-01,3.518405e-01,3.601007e-02,4.332453e-02,1.033722e-03,8.994571e-02,1.985900e-02,9.576088e-03,5.632034e-02,6.753188e-02,5.726371e-04,1.538202e-02,1.363389e-03
3.026546e-02,9.889327e-03,3.469937e-01,3.508227e-01,3.176530e-02,3.438069e-02,7.765465e-04,6.961329e-02,1.549018e-02,8.515343e-03,4.061665e-02,4.756340e-02,4.484476e-04,1.167854e-02,1.180380e-03
2.646396e-02,7.105447e-03,3.504425e-01,4.072015e-01,2.688588e-02,2.491711e-02,6.142775e-04,6.510959e-02,1.194030e-02,6.904169e-03,2.893291e-02,3.335419e-02,3.490260e-04,8.816891e-03,9.622074e-04
4.007707e-02,6.508977e-03,3.611039e-01,4.106914e-01,3.043811e-02,1.889502e-02,5.571154e-04,5.926220e-02,1.021332e-02,6.134782e-03,2.150209e-02,2.361286e-02,4.243607e-04,9.038000e-03,1.540768e-03
4.828225e-02,6.964488e-03,3.373336e-01,4.346229e-01,3.988468e-02,1.595744e-02,5.884247e-04,5.959634e-02,8.123507e-03,5.323654e-03,1.600256e-02,1.689832e-02,5.685043e-04,8.015878e-03,1.837357e-03
6.431723e-02,1.100096e-02,3.396578e-01,4.217311e-01,3.322627e-02,1.273299e-02,6.287064e-04,5.716174e-02,1.024040e-02,6.488980e-03,1.407068e-02,1.322052e-02,1.345635e-03,7.009428e-03,7.167485e-03
6.227108e-02,1.138125e-02,3.683679e-01,4.022801e-01,2.676291e-02,1.013754e-02,5.034136e-04,4.511044e-02,7.946664e-03,9.723777e-03,2.068786e-02,1.119487e-02,1.990426e-03,1.604471e-02,5.597110e-03
7.192600e-02,1.078413e-02,3.089911e-01,3.718120e-01,1.968744e-02,7.761686e-03,4.520654e-04,3.671462e-02,7.310899e-03,8.133557e-03,8.467768e-02,1.012871e-02,2.454232e-03,5.446856e-02,4.697296e-03
5.447750e-02,1.234410e-02,2.307466e-01,2.700823e-01,1.401506e-02,5.794580e-03,3.568973e-04,2.754111e-02,5.486354e-03,6.606448e-03,2.918037e-01,9.721338e-03,3.114947e-03,6.429256e-02,3.616547e-03
6.864128e-02,1.210212e-02,1.769026e-01,2.081737e-01,1.118378e-02,4.917737e-03,3.484859e-04,2.215463e-02,5.546360e-03,7.236483e-03,3.200818e-01,1.594907e-02,3.746042e-03,1.393538e-01,3.662161e-03
4.970653e-02,9.520644e-03,1.258405e-01,1.509978e-01,8.456600e-03,4.005098e-03,3.383407e-04,1.610439e-02,4.440001e-03,5.645303e-03,4.075465e-01,1.640422e-02,4.595900e-03,1.936446e-01,2.753471e-03
3.638625e-02,6.990752e-03,8.860310e-02,1.069008e-01,6.968222e-03,5.889153e-03,2.670879e-04,1.153710e-02,3.513294e-03,4.140946e-03,4.788744e-01,1.795713e-02,4.859940e-03,2.250436e-01,2.068107e-03
2.801233e-02,5.296027e-03,6.796008e-02,7.612170e-02,8.981803e-03,1.754347e-01,3.740151e-04,9.398410e-03,2.858901e-03,3.103170e-03,4.198585e-01,1.739566e-02,4.171256e-03,1.794174e-01,1.616053e-03
2.019608e-02,3.885400e-03,4.787274e-02,5.400280e-02,2.041212e-02,1.332827e-01,3.251043e-04,6.732217e-03,3.063147e-03,2.879777e-03,4.638387e-01,1.663288e-02,3.783267e-03,2.214251e-01,1.667944e-03
1.539720e-02,3.164486e-03,3.408647e-02,3.831873e-02,2.274396e-02,1.211643e-01,2.841893e-04,5.128312e-03,2.901267e-03,2.522327e-03,4.863965e-01,1.429172e-02,3.827571e-03,2.481415e-01,1.631469e-03
1.109540e-02,2.274547e-03,2.413046e-02,2.690574e-02,2.008273e-02,9.417455e-02,2.469814e-04,3.725507e-03,2.251020e-03,1.919538e-03,4.951084e-01,1.173053e-02,3.062802e-03,3.020722e-01,1.219649e-03
8.049330e-03,1.691632e-03,1.740587e-02,1.900414e-02,1.761231e-02,7.170966e-02,2.201051e-04,2.725123e-03,2.831219e-03,1.625731e-03,4.640082e-01,1.031996e-02,2.380490e-03,3.794477e-01,9.684661e-04
6.083063e-03,2.023362e-03,1.326085e-02,1.372944e-02,1.539007e-02,5.091470e-02,3.283937e-04,2.056614e-03,9.994378e-03,1.807578e-03,4.548725e-01,1.115432e-02,1.770895e-03,4.154209e-01,1.192984e-03
4.606124e-03,2.419307e-03,1.191765e-02,9.815851e-03,1.253361e-02,3.677264e-02,4.771564e-04,1.748948e-03,2.706954e-02,3.062543e-03,4.342848e-01,9.776819e-03,1.371905e-03,4.427524e-01,1.390729e-03
3.477297e-03,4.000856e-03,9.763800e-03,7.010930e-03,1.408101e-02,2.721532e-02,3.927565e-04,1.328329e-03,8.560669e-02,2.808340e-03,3.859216e-01,8.439691e-03,1.011605e-03,4.478205e-01,1.121317e-03
5.765137e-03,7.703467e-03,9.877395e-03,5.694333e-03,2.537653e-02,2.295609e-02,3.305566e-04,1.375192e-03,1.570766e-01,2.645180e-03,3.320118e-01,6.988240e-03,9.055181e-04,4.196363e-01,1.657632e-03
5.914130e-03,7.501727e-03,9.440243e-03,5.371708e-03,2.091592e-02,1.748576e-02,2.780689e-04,1.723544e-03,2.425242e-01,3.217950e-03,2.965953e-01,6.103710e-03,9.057416e-04,3.797441e-01,2.277861e-03
8.279003e-03,9.346404e-03,1.473576e-02,1.005471e-02,1.838619e-02,1.529198e-02,3.030258e-04,2.138324e-03,3.302245e-01,1.293808e-02,2.586147e-01,7.508143e-03,1.187122e-03,2.997434e-01,1.124857e-02
1.215363e-02,1.158000e-02,2.420181e-02,9.052937e-03,1.678600e-02,1.529095e-02,3.160524e-04,2.852919e-03,3.894952e-01,1.110214e-02,2.181065e-01,6.664040e-03,1.096474e-03,2.702243e-01,1.107700e-02
2.186623e-02,1.052917e-02,2.034931e-02,7.428308e-03,1.848237e-02,2.176948e-02,2.773754e-04,2.809762e-03,4.620264e-01,9.978519e-03,1.809197e-01,5.205060e-03,9.641598e-04,2.234944e-01,1.389973e-02
1.596874e-02,9.283158e-03,1.819211e-02,3.157634e-02,1.335417e-02,1.565514e-02,2.064780e-04,2.091786e-03,5.707966e-01,1.465329e-02,1.274917e-01,3.728008e-03,8.054993e-04,1.567670e-01,1.942990e-02
1.513948e-02,9.455057e-03,1.436477e-02,2.514568e-02,1.330048e-02,3.384928e-02,1.784701e-04,2.687087e-03,6.235402e-01,1.578653e-02,9.536801e-02,2.865275e-03,1.061032e-03,1.152113e-01,3.204741e-02
1.684345e-02,1.056432e-02,1.218379e-02,1.946797e-02,1.474024e-02,8.212698e-02,2.925281e-04,5.844971e-03,6.324903e-01,1.208787e-02,7.543503e-02,2.266231e-03,1.169443e-03,8.800561e-02,2.648130e-02
3.177743e-02,9.308206e-03,1.014100e-02,1.452539e-02,1.414379e-02,1.839911e-01,3.018187e-04,5.113170e-03,5.431908e-01,9.648077e-03,6.582852e-02,1.798766e-03,1.111001e-03,8.232870e-02,2.679230e-02
3.766106e-02,1.948475e-02,9.796672e-03,1.475572e-02,1.203218e-02,2.246608e-01,4.535996e-04,4.943416e-03,4.585301e-01,1.194458e-02,5.558163e-02,1.423965e-03,2.150313e-03,8.141389e-02,6.516736e-02
3.064528e-02,2.670711e-02,9.604905e-03,2.175598e-02,8.821973e-03,1.620248e-01,4.121763e-04,5.147108e-03,4.703639e-01,1.936365e-02,3.928041e-02,1.053917e-03,1.919778e-03,5.995804e-02,1.429409e-01
5.740836e-02,2.650942e-02,8.060966e-03,2.657458e-02,1.186829e-02,1.468128e-01,9.365900e-04,6.938194e-03,4.330298e-01,2.034851e-02,3.068044e-02,1.648153e-03,3.718623e-03,5.483806e-02,1.706273e-01
8.268890e-02,2.458737e-02,8.742537e-03,5.505194e-02,3.145383e-02,1.563437e-01,2.431548e-03,1.554392e-02,3.622677e-01,1.591754e-02,2.465515e-02,1.748352e-03,4.333415e-03,4.503234e-02,1.692017e-01
9.227699e-02,2.317654e-02,1.414789e-02,9.240262e-02,2.813528e-02,1.148223e-01,2.090832e-03,1.420731e-02,3.103364e-01,1.458763e-02,1.980051e-02,1.558629e-03,4.614142e-03,4.013566e-02,2.277072e-01
9.129297e-02,3.403112e-02,2.742906e-02,9.659413e-02,3.574600e-02,8.686668e-02,1.826167e-03,2.162248e-02,3.058598e-01,1.349580e-02,1.536290e-02,1.275153e-03,4.656358e-03,3.803863e-02,2.259027e-01
1.319121e-01,4.277872e-02,2.898159e-02,8.108374e-02,6.545067e-02,7.859895e-02,1.882471e-03,1.767774e-02,2.878850e-01,1.068099e-02,1.247786e-02,1.266324e-03,4.236028e-03,3.007682e-02,2.050110e-01
2.043033e-01,3.899215e-02,2.212814e-02,7.303794e-02,6.180056e-02,6.066616e-02,1.880368e-03,1.615909e-02,3.007057e-01,9.046295e-03,1.067808e-02,1.985804e-03,4.167994e-03,2.290775e-02,1.715407e-01
1.688831e-01,3.222801e-02,2.081866e-02,6.971991e-02,4.563367e-02,4.385633e-02,1.669682e-03,1.186419e-02,3.767926e-01,1.026782e-02,8.100238e-03,1.796357e-03,4.002951e-03,1.625716e-02,1.881093e-01
1.458237e-01,2.494907e-02,1.673138e-02,5.335492e-02,3.408255e-02,1.554426e-01,2.597843e-03,9.858510e-03,3.711076e-01,8.867184e-03,1.691212e-02,2.153519e-03,4.929941e-03,1.326354e-02,1.399256e-01
1.678982e-01,2.488376e-02,1.601383e-02,4.055518e-02,2.720442e-02,2.869167e-01,2.393738e-03,8.351824e-03,2.708040e-01,1.326140e-02,1.782740e-02,3.417741e-03,4.913022e-03,1.199947e-02,1.035594e-01
1.658654e-01,2.185531e-02,1.321186e-02,2.940222e-02,2.056829e-02,4.131103e-01,1.794113e-03,6.470456e-03,1.924715e-01,1.844670e-02,2.061488e-02,2.967070e-03,3.967118e-03,1.145696e-02,7.779790e-02
1.746057e-01,1.930740e-02,1.227582e-02,2.340801e-02,1.621872e-02,4.212097e-01,1.722207e-03,5.544019e-03,1.489035e-01,6.079227e-02,2.613339e-02,4.471103e-03,4.664464e-03,1.562078e-02,6.512293e-02
1.436153e-01,4.361477e-02,1.381286e-02,4.371367e-02,1.327660e-02,3.446338e-01,1.555959e-03,4.384901e-03,1.647577e-01,1.061536e-01,2.303671e-02,4.242228e-03,4.712275e-03,1.376708e-02,7.472264e-02
1.186070e-01,3.606318e-02,2.692817e-02,4.888072e-02,1.068584e-02,4.331458e-01,1.269676e-03,6.147071e-03,1.385850e-01,7.624774e-02,2.073137e-02,3.081147e-03,3.653622e-03,1.165398e-02,6.431978e-02
8.473099e-02,2.882465e-02,1.931985e-02,4.375961e-02,8.066773e-03,3.411981e-01,1.065721e-03,4.606806e-03,2.613125e-01,6.483614e-02,3.206551e-02,2.314298e-03,4.001394e-03,1.068262e-02,9.321510e-02
6.041409e-02,2.153526e-02,1.388945e-02,3.286818e-02,5.907129e-03,2.415451e-01,8.043316e-04,4.151110e-03,4.260663e-01,4.601493e-02,2.514727e-02,1.666872e-03,3.194347e-03,8.256367e-03,1.085392e-01
4.465907e-02,1.570635e-02,9.792159e-03,2.531726e-02,4.333649e-03,1.699125e-01,6.240196e-04,3.368294e-03,5.240955e-01,3.269632e-02,2.080450e-02,1.334741e-03,3.415047e-03,6.625240e-03,1.373154e-01
3.143925e-02,1.109589e-02,6.883473e-03,1.785439e-02,3.263524e-03,1.192606e-01,4.624999e-04,2.465382e-03,4.491872e-01,2.352815e-02,1.573210e-02,1.035127e-03,5.859051e-03,5.080872e-03,3.068525e-01
2.264161e-02,7.832685e-03,4.862091e-03,1.275374e-02,2.486424e-03,8.369526e-02,3.472366e-04,1.800811e-03,4.820085e-01,1.781804e-02,1.285153e-02,9.006145e-04,9.992886e-03,4.758218e-03,3.352504e-01
1.645288e-02,5.651911e-03,3.680289e-03,9.265324e-03,2.786311e-03,5.872172e-02,3.039334e-04,1.353651e-03,4.087578e-01,1.294908e-02,1.397404e-02,1.244084e-03,2.694408e-02,4.903302e-03,4.330116e-01
2.443846e-02,4.537744e-03,4.586520e-03,7.030106e-03,3.333950e-03,4.187461e-02,8.209689e-04,1.889815e-03,3.680568e-01,1.016172e-02,1.312163e-02,2.383572e-03,4.180796e-02,7.882159e-03,4.680740e-01
4.328340e-02,5.579751e-03,9.945551e-03,9.244582e-03,7.152249e-03,3.280627e-02,2.504346e-03,4.786766e-03,3.049492e-01,9.826660e-03,1.522558e-02,4.414100e-03,5.437697e-02,1.491173e-02,4.809928e-01
3.192637e-02,4.445130e-03,8.137729e-03,7.353979e-03,7.831318e-03,2.424257e-02,2.042154e-03,3.779529e-03,2.602597e-01,2.734621e-02,1.905614e-02,1.282137e-02,7.810923e-02,1.874657e-02,4.939019e-01
2.284991e-02,4.151857e-03,7.629791e-03,5.739783e-03,6.874375e-03,1.834712e-02,1.561607e-03,2.869186e-03,2.035623e-01,4.162861e-02,5.072194e-02,4.759438e-02,9.987101e-02,1.865459e-02,4.679435e-01
1.647771e-02,3.198482e-03,6.229011e-03,4.339539e-03,6.827651e-03,1.323665e-02,1.246162e-03,2.237666e-03,1.473286e-01,5.191027e-02,1.479264e-01,5.957372e-02,1.056556e-01,1.659737e-02,4.172152e-01
1.343603e-02,3.104641e-03,6.038697e-03,5.047679e-03,1.345403e-02,1.044039e-02,1.163127e-03,2.274803e-03,1.134190e-01,1.024914e-01,1.919450e-01,5.643167e-02,8.322877e-02,2.644977e-02,3.710750e-01
1.175057e-02,3.008589e-03,6.067672e-03,7.544444e-03,2.737322e-02,1.004614e-02,2.233341e-03,3.074678e-03,8.724503e-02,1.512791e-01,2.208066e-01,5.525266e-02,7.424568e-02,4.667039e-02,2.934020e-01
2.328742e-02,3.735846e-03,8.501314e-03,1.561901e-02,7.040852e-02,1.761238e-02,6.095891e-03,9.018091e-03,9.187432e-02,1.693191e-01,2.049541e-01,5.084010e-02,6.170703e-02,5.104383e-02,2.159830e-01
2.042427e-02,1.179480e-02,9.458205e-03,2.930514e-02,7.403174e-02,1.568782e-02,4.572631e-03,9.610694e-03,2.629102e-01,1.274915e-01,1.544323e-01,3.969544e-02,4.609812e-02,4.156650e-02,1.529205e-01
1.603193e-02,1.052652e-02,1.250945e-02,5.701180e-02,9.933785e-02,1.727554e-02,3.889417e-03,9.272821e-03,3.651009e-01,9.416188e-02,1.128165e-01,2.907832e-02,3.479380e-02,3.056207e-02,1.076311e-01
1.849127e-02,9.909657e-03,5.081763e-02,7.229196e-02,1.165486e-01,1.512482e-02,3.750144e-03,2.456243e-02,3.663343e-01,7.470157e-02,9.335313e-02,2.204058e-02,3.184678e-02,2.398391e-02,7.624324e-02
2.532328e-02,1.220133e-02,7.788043e-02,7.067431e-02,1.490454e-01,2.333596e-02,5.192233e-03,1.968197e-02,3.460024e-01,6.578016e-02,8.515697e-02,1.680821e-02,2.611551e-02,2.225549e-02,5.454637e-02
3.096550e-02,1.609622e-02,7.783970e-02,1.438224e-01,1.246819e-01,2.237330e-02,4.808718e-03,1.707950e-02,2.752374e-01,6.867491e-02,9.179059e-02,2.196353e-02,2.800121e-02,1.812720e-02,5.853795e-02
4.175837e-02,3.670679e-02,6.317145e-02,1.326700e-01,1.032514e-01,2.023391e-02,6.482876e-03,2.292447e-02,2.531526e-01,9.697872e-02,1.042836e-01,2.341027e-02,3.579841e-02,1.537583e-02,4.380126e-02
6.363997e-02,4.802025e-02,5.313044e-02,1.056804e-01,1.129973e-01,2.372586e-02,6.751233e-03,3.036438e-02,2.207319e-01,1.307408e-01,1.000452e-01,2.130832e-02,3.500053e-02,1.437490e-02,3.348852e-02
1.150970e-01,4.566907e-02,4.420238e-02,8.298932e-02,1.301755e-01,2.252990e-02,7.537147e-03,3.456499e-02,2.011051e-01,1.357285e-01,7.950468e-02,2.236392e-02,3.896493e-02,1.310495e-02,2.646253e-02
1.415817e-01,4.809283e-02,3.766616e-02,6.503853e-02,1.382219e-01,2.443071e-02,7.115703e-03,3.089780e-02,2.376664e-01,1.149203e-01,6.260219e-02,2.071256e-02,3.398916e-02,1.141454e-02,2.564948e-02
1.764967e-01,3.588301e-02,2.924575e-02,5.940547e-02,1.033922e-01,3.031107e-02,5.297316e-03,2.303915e-02,1.793683e-01,2.095370e-01,5.277762e-02,1.688119e-02,3.880170e-02,1.024544e-02,2.931806e-02
2.220779e-01,2.770436e-02,2.211946e-02,5.387371e-02,8.353051e-02,2.823708e-02,4.128566e-03,2.430750e-02,1.415762e-01,1.772119e-01,5.883521e-02,3.298630e-02,7.980999e-02,1.254278e-02,3.105851e-02
1.799269e-01,2.198853e-02,1.728215e-02,5.231708e-02,6.534246e-02,3.012829e-02,3.127692e-03,2.438444e-02,1.317543e-01,1.362437e-01,6.324030e-02,6.329292e-02,1.738552e-01,1.083237e-02,2.628359e-02
1.316881e-01,1.713032e-02,1.324564e-02,3.992050e-02,4.796109e-02,2.307096e-02,2.338575e-03,1.806868e-02,1.345777e-01,1.030358e-01,1.214243e-01,6.599289e-02,2.439664e-01,9.786391e-03,2.779270e-02
1.036562e-01,1.270928e-02,1.188203e-02,3.188527e-02,7.633731e-02,1.868614e-02,3.062765e-03,1.701777e-02,1.342029e-01,7.843130e-02,1.357406e-01,5.703466e-02,2.850782e-01,7.830088e-03,2.644553e-02
1.197956e-01,1.528043e-02,1.367160e-02,2.820152e-02,7.886585e-02,2.162581e-02,3.351280e-03,1.473855e-02,1.760099e-01,8.329337e-02,1.251488e-01,5.883165e-02,2.278657e-01,1.042185e-02,2.289806e-02
1.312782e-01,1.381667e-02,5.275540e-02,3.233251e-02,8.053374e-02,2.613244e-02,1.197722e-02,9.926146e-02,1.431569e-01,6.392460e-02,9.759526e-02,5.118912e-02,1.704405e-01,7.981893e-03,1.762401e-02
1.336749e-01,2.879662e-02,4.385786e-02,2.634773e-02,8.008192e-02,2.851764e-02,9.789651e-03,7.273550e-02,2.506719e-01,5.387590e-02,7.687938e-02,4.604796e-02,1.258060e-01,7.341693e-03,1.557531e-02
1.228160e-01,3.293786e-02,3.835220e-02,3.112692e-02,7.448561e-02,2.813888e-02,8.088304e-03,5.546213e-02,3.495531e-01,4.209199e-02,6.108648e-02,3.862322e-02,9.612394e-02,6.494087e-03,1.461926e-02
1.597075e-01,3.323291e-02,3.126815e-02,3.466899e-02,6.587337e-02,2.600095e-02,6.659729e-03,4.535305e-02,3.414527e-01,3.817644e-02,6.315356e-02,4.474819e-02,8.562959e-02,7.349024e-03,1.672580e-02
1.368864e-01,2.542197e-02,2.634030e-02,9.868681e-02,4.880686e-02,1.910788e-02,4.775042e-03,3.535909e-02,3.508598e-01,3.477539e-02,7.594626e-02,3.752857e-02,8.320627e-02,6.505352e-03,1.579393e-02
1.482741e-01,1.959850e-02,2.359952e-02,9.848311e-02,5.651339e-02,1.616634e-02,3.620640e-03,2.713156e-02,2.639610e-01,2.992408e-02,1.478469e-01,5.410434e-02,9.159559e-02,6.412659e-03,1.276823e-02
1.518620e-01,1.658537e-02,2.153931e-02,1.677130e-01,7.019899e-02,1.389504e-02,3.105220e-03,2.779219e-02,2.264459e-01,2.480523e-02,1.345329e-01,4.985840e-02,7.400310e-02,6.954441e-03,1.070882e-02
1.360734e-01,2.894539e-02,1.667093e-02,1.416032e-01,5.686254e-02,1.116537e-02,2.472973e-03,2.566453e-02,3.175848e-01,2.084964e-02,1.241858e-01,4.350273e-02,5.947814e-02,5.927476e-03,9.013024e-03
1.218527e-01,5.488128e-02,1.306362e-02,1.350120e-01,4.433901e-02,9.142001e-03,1.986596e-03,2.320312e-02,3.650218e-01,2.129289e-02,9.779967e-02,3.635526e-02,5.051489e-02,5.801152e-03,1.973399e-02
9.606946e-02,9.118582e-02,1.095985e-02,1.165579e-01,3.523793e-02,9.618169e-03,1.540704e-03,1.823578e-02,4.130142e-01,2.554296e-02,7.962209e-02,2.756873e-02,4.327437e-02,5.485970e-03,2.608601e-02
6.902349e-02,7.053728e-02,8.746939e-03,1.427357e-01,2.597345e-02,8.032565e-03,1.123480e-03,1.365249e-02,5.058445e-01,1.985303e-02,5.758559e-02,1.965068e-02,3.140384e-02,4.121796e-03,2.171518e-02
6.984797e-02,6.516182e-02,8.093121e-03,1.140424e-01,2.715803e-02,1.320101e-02,1.378187e-03,1.097347e-02,5.289148e-01,1.657926e-02,4.430123e-02,1.683089e-02,2.476380e-02,4.716897e-03,5.403709e-02
7.803940e-02,6.563435e-02,8.610236e-03,9.732202e-02,4.358276e-02,2.560927e-02,2.033937e-03,9.889608e-03,5.280198e-01,1.253489e-02,3.420138e-02,1.443020e-02,1.914694e-02,4.990063e-03,5.595509e-02
8.290380e-02,5.271116e-02,6.649166e-03,9.610175e-02,4.537487e-02,2.635947e-02,2.983222e-03,7.589228e-03,5.372541e-01,1.039070e-02,2.538938e-02,1.453965e-02,1.684881e-02,4.070705e-03,7.083397e-02
6.092077e-02,4.653343e-02,5.012934e-03,1.036093e-01,4.001369e-02,2.448248e-02,2.396426e-03,5.441034e-03,5.566125e-01,1.222104e-02,1.830828e-02,1.080916e-02,1.645176e-02,3.080560e-03,9.410667e-02
4.848510e-02,4.815721e-02,4.265402e-03,1.121702e-01,6.278256e-02,2.386300e-02,2.289816e-03,5.757836e-03,5.671573e-01,9.863654e-03,1.309747e-02,7.817362e-03,1.630374e-02,2.367619e-03,7.562180e-02
4.444910e-02,5.248342e-02,3.505810e-03,1.015735e-01,8.764400e-02,2.348742e-02,2.405612e-03,5.717621e-03,5.749878e-01,7.999985e-03,9.375737e-03,5.693971e-03,1.956413e-02,1.750957e-03,5.936103e-02
3.421154e-02,4.416353e-02,2.652710e-03,8.110376e-02,1.173893e-01,2.769868e-02,2.299540e-03,5.163778e-03,6.028079e-01,6.255347e-03,6.681375e-03,4.042875e-03,1.622504e-02,1.263049e-03,4.804152e-02
2.650359e-02,3.426133e-02,2.392204e-03,1.175804e-01,1.206179e-01,2.494692e-02,2.718365e-03,1.573578e-02,5.885864e-01,5.058135e-03,4.879398e-03,2.924546e-03,1.353444e-02,9.013542e-04,3.935917e-02
2.541482e-02,3.844151e-02,5.338922e-03,1.732604e-01,9.557367e-02,1.977800e-02,2.163631e-03,1.534945e-02,5.251076e-01,9.847818e-03,3.916437e-03,2.416783e-03,1.266859e-02,6.673147e-04,7.005506e-02
3.476413e-02,4.168415e-02,5.305500e-03,1.719645e-01,9.159087e-02,2.728522e-02,2.240308e-03,2.241437e-02,4.941072e-01,8.728671e-03,4.105810e-03,2.400447e-03,1.444215e-02,5.791495e-04,7.838752e-02
5.079070e-02,3.467055e-02,4.486781e-03,1.388293e-01,1.558335e-01,3.868125e-02,3.591225e-03,3.463132e-02,4.527833e-01,6.856395e-03,4.046715e-03,1.951482e-03,1.173207e-02,4.562253e-04,6.065906e-02
6.657827e-02,5.625103e-02,4.992132e-03,1.141801e-01,1.485492e-01,3.818969e-02,3.223354e-03,3.849038e-02,4.217288e-01,9.722767e-03,3.491610e-03,1.589330e-03,1.018978e-02,4.100324e-04,8.241348e-02
6.262749e-02,5.750800e-02,1.678229e-02,1.225028e-01,1.182589e-01,3.820154e-02,2.831760e-03,4.091589e-02,4.174711e-01,1.577691e-02,3.055437e-03,1.250450e-03,8.474631e-03,3.510360e-04,9.399191e-02
9.574969e-02,6.488109e-02,2.647934e-02,1.048897e-01,1.617390e-01,6.840649e-02,3.894029e-03,3.311425e-02,3.368061e-01,1.292314e-02,2.974858e-03,1.012548e-03,6.450527e-03,3.774113e-04,8.030189e-02
9.456333e-02,8.669169e-02,3.456279e-02,1.122489e-01,1.613477e-01,1.048601e-01,8.329244e-03,2.872908e-02,2.613242e-01,1.685100e-02,3.699545e-03,1.339218e-03,5.667606e-03,4.340627e-04,7.935151e-02
9.846332e-02,7.204181e-02,3.146493e-02,1.337011e-01,1.464952e-01,1.339425e-01,1.589351e-02,5.378566e-02,2.141154e-01,2.350881e-02,5.037224e-03,1.472793e-03,6.858357e-03,5.073067e-04,6.271198e-02
8.016326e-02,5.144474e-02,2.439757e-02,9.480461e-02,1.186004e-01,1.573474e-01,1.536263e-02,2.325805e-01,1.518701e-01,1.734203e-02,4.397498e-03,1.069398e-03,6.013701e-03,4.072662e-04,4.419892e-02
6.069189e-02,3.626638e-02,1.775881e-02,6.706387e-02,8.871998e-02,1.315000e-01,1.784634e-02,4.203040e-01,1.070529e-01,1.241464e-02,3.533038e-03,7.654192e-04,4.616188e-03,3.417005e-04,3.112488e-02
4.396602e-02,2.542930e-02,1.314786e-02,4.730647e-02,6.380250e-02,9.225699e-02,1.712355e-02,5.847563e-01,7.507498e-02,8.702250e-03,2.539228e-03,5.460731e-04,3.267601e-03,2.530164e-04,2.182793e-02
3.212861e-02,1.788462e-02,1.168465e-02,3.334892e-02,4.583505e-02,6.510356e-02,1.540235e-02,6.991842e-01,5.279231e-02,6.223527e-03,1.993746e-03,4.467941e-04,2.399952e-03,1.882848e-04,1.538348e-02
2.425268e-02,1.302436e-02,1.149474e-02,2.401345e-02,3.606761e-02,5.123959e-02,1.513926e-02,7.461619e-01,4.349851e-02,1.269945e-02,6.414367e-03,7.740550e-04,2.940502e-03,3.830941e-04,1.189643e-02
1.912436e-02,9.438682e-03,8.180817e-03,1.719747e-02,2.595096e-02,3.760077e-02,1.095467e-02,5.480319e-01,1.482239e-01,1.475156e-02,1.151577e-01,3.987855e-03,1.901342e-02,3.560907e-03,1.882504e-02
1.383607e-02,6.671124e-03,5.758828e-03,1.207151e-02,1.851540e-02,2.648120e-02,7.926409e-03,3.864317e-01,3.096204e-01,1.168030e-02,1.573982e-01,3.394390e-03,1.904100e-02,3.360012e-03,1.781338e-02
9.719584e-03,4.775110e-03,4.054712e-03,9.033711e-03,1.377847e-02,1.857842e-02,5.553558e-03,2.706504e-01,5.146170e-01,8.227670e-03,1.103054e-01,2.384827e-03,1.336842e-02,2.400288e-03,1.255251e-02
6.911159e-03,3.455208e-03,2.936154e-03,7.151250e-03,9.747648e-03,1.305334e-02,3.889828e-03,1.895775e-01,6.550232e-01,6.040855e-03,7.845642e-02,1.853140e-03,9.660925e-03,2.146147e-03,1.009716e-02
5.247759e-03,2.742592e-03,2.096560e-03,5.134272e-03,6.934356e-03,9.182336e-03,2.726356e-03,1.328716e-01,7.399664e-01,4.573867e-03,5.878812e-02,1.449896e-03,7.211363e-03,4.627130e-03,1.644732e-02
3.793738e-03,1.989519e-03,1.516646e-03,4.088744e-03,4.881249e-03,6.435482e-03,1.909543e-03,9.302767e-02,8.146037e-01,3.510058e-03,4.129812e-02,1.304144e-03,5.649875e-03,3.848633e-03,1.214287e-02
1.115209e-02,1.887006e-03,1.266889e-03,3.071701e-03,3.693114e-03,4.902506e-03,1.383547e-03,6.528281e-02,7.630427e-01,3.119220e-03,3.161654e-02,1.500096e-03,7.677920e-03,3.404224e-02,6.636155e-02
2.524634e-02,1.460643e-02,2.369974e-03,2.901304e-03,3.288327e-03,4.391982e-03,9.980703e-04,4.604634e-02,6.075352e-01,4.034752e-03,2.371726e-02,1.264701e-03,6.639594e-03,6.134595e-02,1.956138e-01
3.044240e-02,1.597034e-02,7.585699e-02,2.932454e-02,8.723123e-03,5.016540e-03,1.216340e-03,4.058482e-02,5.109180e-01,6.007430e-03,2.046057e-02,1.211297e-03,6.405852e-03,4.742901e-02,2.004327e-01
4.069367e-02,1.934494e-02,1.073264e-01,6.884842e-02,1.049046e-02,5.733730e-03,1.145402e-03,2.912619e-02,4.717279e-01,7.743695e-03,1.719998e-02,1.582503e-03,5.673364e-03,4.621181e-02,1.671515e-01
6.571773e-02,2.609125e-02,9.807840e-02,5.152847e-02,1.144027e-02,8.888142e-03,1.150602e-03,2.108690e-02,3.787631e-01,2.025224e-02,1.570244e-02,2.001727e-03,5.441037e-03,1.086776e-01,1.851801e-01
8.101408e-02,2.890079e-02,8.225966e-02,3.758183e-02,1.190243e-02,1.078927e-02,1.022909e-03,1.533864e-02,2.954602e-01,2.755539e-02,1.480784e-02,2.068640e-03,4.950514e-03,1.215004e-01,2.648473e-01
1.381975e-01,2.329505e-02,5.940108e-02,2.724674e-02,1.032982e-02,1.052009e-02,9.438196e-04,1.151986e-02,2.148846e-01,2.548089e-02,1.385690e-02,3.145237e-03,5.429395e-03,1.169363e-01,3.388126e-01
1.463893e-01,2.268921e-02,5.069694e-02,2.302461e-02,8.279152e-03,9.023996e-03,9.387919e-04,8.639509e-03,1.655488e-01,2.217836e-02,1.173817e-02,4.582272e-03,6.128675e-03,8.865163e-02,4.314906e-01
2.348491e-01,2.047130e-02,4.208102e-02,2.021354e-02,8.499227e-03,1.008616e-02,1.257226e-03,8.189793e-03,1.273404e-01,1.936969e-02,1.035752e-02,6.323730e-03,8.336205e-03,8.128691e-02,4.013382e-01
3.078332e-01,1.929569e-02,3.586874e-02,1.765804e-02,8.415652e-03,1.126019e-02,1.311879e-03,7.231726e-03,9.618185e-02,1.651662e-02,8.617870e-03,6.596061e-03,7.547299e-03,9.265175e-02,3.630135e-01
3.975157e-01,1.764250e-02,2.707886e-02,1.805836e-02,8.911887e-03,1.218263e-02,1.357412e-03,6.936771e-03,8.181252e-02,1.357322e-02,7.874090e-03,8.582039e-03,7.814229e-03,7.594943e-02,3.147104e-01
