1.000000e+00,0.000000e+00,0.000000e+00,0.000000e+00,0.000000e+00,0.000000e+00,0.000000e+00,0.000000e+00,0.000000e+00,0.000000e+00,0.000000e+00,0.000000e+00,0.000000e+00,0.000000e+00,0.000000e+00
1.000000e+00,0.000000e+00,0.000000e+00,0.000000e+00,0.000000e+00,0.000000e+00,0.000000e+00,0.000000e+00,0.000000e+00,0.000000e+00,0.000000e+00,0.000000e+00,0.000000e+00,0.000000e+00,0.000000e+00
1.000000e+00,0.000000e+00,0.000000e+00,0.000000e+00,0.000000e+00,0.000000e+00,0.000000e+00,0.000000e+00,0.000000e+00,0.000000e+00,0.000000e+00,0.000000e+00,0.000000e+00,0.000000e+00,0.000000e+00
1.000000e+00,0.000000e+00,0.000000e+00,0.000000e+00,0.000000e+00,0.000000e+00,0.000000e+00,0.000000e+00,0.000000e+00,0.000000e+00,0.000000e+00,0.000000e+00,0.000000e+00,0.000000e+00,0.000000e+00
1.000000e+00,0.000000e+00,0.000000e+00,0.000000e+00,0.000000e+00,0.000000e+00,0.000000e+00,0.000000e+00,0.000000e+00,0.000000e+00,0.000000e+00,0.000000e+00,0.000000e+00,0.000000e+00,0.000000e+00
1.000000e+00,0.000000e+00,0.000000e+00,0.000000e+00,0.000000e+00,0.000000e+00,0.000000e+00,0.000000e+00,0.000000e+00,0.000000e+00,0.000000e+00,0.000000e+00,0.000000e+00,0.000000e+00,0.000000e+00
1.000000e+00,0.000000e+00,0.000000e+00,0.000000e+00,0.000000e+00,0.000000e+00,0.000000e+00,0.000000e+00,0.000000e+00,0.000000e+00,0.000000e+00,0.000000e+00,0.000000e+00,0.000000e+00,0.000000e+00
1.000000e+00,0.000000e+00,0.000000e+00,0.000000e+00,0.000000e+00,0.000000e+00,0.000000e+00,0.000000e+00,0.000000e+00,0.000000e+00,0.000000e+00,0.000000e+00,0.000000e+00,0.000000e+00,0.000000e+00
1.000000e+00,0.000000e+00,0.000000e+00,0.000000e+00,0.000000e+00,0.000000e+00,0.000000e+00,0.000000e+00,0.000000e+00,0.000000e+00,0.000000e+00,0.000000e+00,0.000000e+00,0.000000e+00,0.000000e+00
1.000000e+00,0.000000e+00,0.000000e+00,0.000000e+00,0.000000e+00,0.000000e+00,0.000000e+00,0.000000e+00,0.000000e+00,0.000000e+00,0.000000e+00,0.000000e+00,0.000000e+00,0.000000e+00,0.000000e+00
1.000000e+00,0.000000e+00,0.000000e+00,0.000000e+00,0.000000e+00,0.000000e+00,0.000000e+00,0.000000e+00,0.000000e+00,0.000000e+00,0.000000e+00,0.000000e+00,0.000000e+00,0.000000e+00,0.000000e+00
1.000000e+00,0.000000e+00,0.000000e+00,0.000000e+00,0.000000e+00,0.000000e+00,0.000000e+00,0.000000e+00,0.000000e+00,0.000000e+00,0.000000e+00,0.000000e+00,0.000000e+00,0.000000e+00,0.000000e+00
1.000000e+00,0.000000e+00,0.000000e+00,0.000000e+00,0.000000e+00,0.000000e+00,0.000000e+00,0.000000e+00,0.000000e+00,0.000000e+00,0.000000e+00,0.000000e+00,0.000000e+00,0.000000e+00,0.000000e+00
1.000000e+00,0.000000e+00,0.000000e+00,0.000000e+00,0.000000e+00,0.000000e+00,0.000000e+00,0.000000e+00,0.000000e+00,0.000000e+00,0.000000e+00,0.000000e+00,0.000000e+00,0.000000e+00,0.000000e+00
1.000000e+00,0.000000e+00,0.000000e+00,0.000000e+00,0.000000e+00,0.000000e+00,0.000000e+00,0.000000e+00,0.000000e+00,0.000000e+00,0.000000e+00,0.000000e+00,0.000000e+00,0.000000e+00,0.000000e+00
1.000000e+00,0.000000e+00,0.000000e+00,0.000000e+00,0.000000e+00,0.000000e+00,0.000000e+00,0.000000e+00,0.000000e+00,0.000000e+00,0.000000e+00,0.000000e+00,0.000000e+00,0.000000e+00,0.000000e+00
1.000000e+00,0.000000e+00,0.000000e+00,0.000000e+00,0.000000e+00,0.000000e+00,0.000000e+00,0.000000e+00,0.000000e+00,0.000000e+00,0.000000e+00,0.000000e+00,0.000000e+00,0.000000e+00,0.000000e+00
1.000000e+00,0.000000e+00,0.000000e+00,0.000000e+00,0.000000e+00,0.000000e+00,0.000000e+00,0.000000e+00,0.000000e+00,0.000000e+00,0.000000e+00,0.000000e+00,0.000000e+00,0.000000e+00,0.000000e+00
1.000000e+00,0.000000e+00,0.000000e+00,0.000000e+00,0.000000e+00,0.000000e+00,0.000000e+00,0.000000e+00,0.000000e+00,0.000000e+00,0.000000e+00,0.000000e+00,0.000000e+00,0.000000e+00,0.000000e+00
1.000000e+00,0.000000e+00,0.000000e+00,0.000000e+00,0.000000e+00,0.000000e+00,0.000000e+00,0.000000e+00,0.000000e+00,0.000000e+00,0.000000e+00,0.000000e+00,0.000000e+00,0.000000e+00,0.000000e+00
1.000000e+00,0.000000e+00,0.000000e+00,0.000000e+00,0.000000e+00,0.000000e+00,0.000000e+00,0.000000e+00,0.000000e+00,0.000000e+00,0.000000e+00,0.000000e+00,0.000000e+00,0.000000e+00,0.000000e+00
1.000000e+00,0.000000e+00,0.000000e+00,0.000000e+00,0.000000e+00,0.000000e+00,0.000000e+00,0.000000e+00,0.000000e+00,0.000000e+00,0.000000e+00,0.000000e+00,0.000000e+00,0.000000e+00,0.000000e+00
1.000000e+00,0.000000e+00,0.000000e+00,0.000000e+00,0.000000e+00,0.000000e+00,0.000000e+00,0.000000e+00,0.000000e+00,0.000000e+00,0.000000e+00,0.000000e+00,0.000000e+00,0.000000e+00,0.000000e+00
1.000000e+00,0.000000e+00,0.000000e+00,0.000000e+00,0.000000e+00,0.000000e+00,0.000000e+00,0.000000e+00,0.000000e+00,0.000000e+00,0.000000e+00,0.000000e+00,0.000000e+00,0.000000e+00,0.000000e+00
1.000000e+00,0.000000e+00,0.000000e+00,0.000000e+00,0.000000e+00,0.000000e+00,0.000000e+00,0.000000e+00,0.000000e+00,0.000000e+00,0.000000e+00,0.000000e+00,0.000000e+00,0.000000e+00,0.000000e+00
1.000000e+00,0.000000e+00,0.000000e+00,0.000000e+00,0.000000e+00,0.000000e+00,0.000000e+00,0.000000e+00,0.000000e+00,0.000000e+00,0.000000e+00,0.000000e+00,0.000000e+00,0.000000e+00,0.000000e+00
1.000000e+00,0.000000e+00,0.000000e+00,0.000000e+00,0.000000e+00,0.000000e+00,0.000000e+00,0.000000e+00,0.000000e+00,0.000000e+00,0.000000e+00,0.000000e+00,0.000000e+00,0.000000e+00,0.000000e+00
1.000000e+00,0.000000e+00,0.000000e+00,0.000000e+00,0.000000e+00,0.000000e+00,0.000000e+00,0.000000e+00,0.000000e+00,0.000000e+00,0.000000e+00,0.000000e+00,0.000000e+00,0.000000e+00,0.000000e+00
1.000000e+00,0.000000e+00,0.000000e+00,0.000000e+00,0.000000e+00,0.000000e+00,0.000000e+00,0.000000e+00,0.000000e+00,0.000000e+00,0.000000e+00,0.000000e+00,0.000000e+00,0.000000e+00,0.000000e+00
1.000000e+00,0.000000e+00,0.000000e+00,0.000000e+00,0.000000e+00,0.000000e+00,0.000000e+00,0.000000e+00,0.000000e+00,0.000000e+00,0.000000e+00,0.000000e+00,0.000000e+00,0.000000e+00,0.000000e+00
1.000000e+00,0.000000e+00,0.000000e+00,0.000000e+00,0.000000e+00,0.000000e+00,0.000000e+00,0.000000e+00,0.000000e+00,0.000000e+00,0.000000e+00,0.000000e+00,0.000000e+00,0.000000e+00,0.000000e+00
1.000000e+00,0.000000e+00,0.000000e+00,0.000000e+00,0.000000e+00,0.000000e+00,0.000000e+00,0.000000e+00,0.000000e+00,0.000000e+00,0.000000e+00,0.000000e+00,0.000000e+00,0.000000e+00,0.000000e+00
1.000000e+00,0.000000e+00,0.000000e+00,0.000000e+00,0.000000e+00,0.000000e+00,0.000000e+00,0.000000e+00,0.000000e+00,0.000000e+00,0.000000e+00,0.000000e+00,0.000000e+00,0.000000e+00,0.000000e+00
1.000000e+00,0.000000e+00,0.000000e+00,0.000000e+00,0.000000e+00,0.000000e+00,0.000000e+00,0.000000e+00,0.000000e+00,0.000000e+00,0.000000e+00,0.000000e+00,0.000000e+00,0.000000e+00,0.000000e+00
1.000000e+00,0.000000e+00,0.000000e+00,0.000000e+00,0.000000e+00,0.000000e+00,0.000000e+00,0.000000e+00,0.000000e+00,0.000000e+00,0.000000e+00,0.000000e+00,0.000000e+00,0.000000e+00,0.000000e+00
1.000000e+00,0.000000e+00,0.000000e+00,0.000000e+00,0.000000e+00,0.000000e+00,0.000000e+00,0.000000e+00,0.000000e+00,0.000000e+00,0.000000e+00,0.000000e+00,0.000000e+00,0.000000e+00,0.000000e+00
1.000000e+00,0.000000e+00,0.000000e+00,0.000000e+00,0.000000e+00,0.000000e+00,0.000000e+00,0.000000e+00,0.000000e+00,0.000000e+00,0.000000e+00,0.000000e+00,0.000000e+00,0.000000e+00,0.000000e+00
1.000000e+00,0.000000e+00,0.000000e+00,0.000000e+00,0.000000e+00,0.000000e+00,0.000000e+00,0.000000e+00,0.000000e+00,0.000000e+00,0.000000e+00,0.000000e+00,0.000000e+00,0.000000e+00,0.000000e+00
1.000000e+00,0.000000e+00,0.000000e+00,0.000000e+00,0.000000e+00,0.000000e+00,0.000000e+00,0.000000e+00,0.000000e+00,0.000000e+00,0.000000e+00,0.000000e+00,0.000000e+00,0.000000e+00,0.000000e+00
1.000000e+00,0.000000e+00,0.000000e+00,0.000000e+00,0.000000e+00,0.000000e+00,0.000000e+00,0.000000e+00,0.000000e+00,0.000000e+00,0.000000e+00,0.000000e+00,0.000000e+00,0.000000e+00,0.000000e+00
1.000000e+00,0.000000e+00,0.000000e+00,0.000000e+00,0.000000e+00,0.000000e+00,0.000000e+00,0.000000e+00,0.000000e+00,0.000000e+00,0.000000e+00,0.000000e+00,0.000000e+00,0.000000e+00,0.000000e+00
1.000000e+00,0.000000e+00,0.000000e+00,0.000000e+00,0.000000e+00,0.000000e+00,0.000000e+00,0.000000e+00,0.000000e+00,0.000000e+00,0.000000e+00,0.000000e+00,0.000000e+00,0.000000e+00,0.000000e+00
1.000000e+00,0.000000e+00,0.000000e+00,0.000000e+00,0.000000e+00,0.000000e+00,0.000000e+00,0.000000e+00,0.000000e+00,0.000000e+00,0.000000e+00,0.000000e+00,0.000000e+00,0.000000e+00,0.000000e+00
1.000000e+00,0.000000e+00,0.000000e+00,0.000000e+00,0.000000e+00,0.000000e+00,0.000000e+00,0.000000e+00,0.000000e+00,0.000000e+00,0.000000e+00,0.000000e+00,0.000000e+00,0.000000e+00,0.000000e+00
1.000000e+00,0.000000e+00,0.000000e+00,0.000000e+00,0.000000e+00,0.000000e+00,0.000000e+00,0.000000e+00,0.000000e+00,0.000000e+00,0.000000e+00,0.000000e+00,0.000000e+00,0.000000e+00,0.000000e+00
1.000000e+00,0.000000e+00,0.000000e+00,0.000000e+00,0.000000e+00,0.000000e+00,0.000000e+00,0.000000e+00,0.000000e+00,0.000000e+00,0.000000e+00,0.000000e+00,0.000000e+00,0.000000e+00,0.000000e+00
1.000000e+00,0.000000e+00,0.000000e+00,0.000000e+00,0.000000e+00,0.000000e+00,0.000000e+00,0.000000e+00,0.000000e+00,0.000000e+00,0.000000e+00,0.000000e+00,0.000000e+00,0.000000e+00,0.000000e+00
1.000000e+00,0.000000e+00,0.000000e+00,0.000000e+00,0.000000e+00,0.000000e+00,0.000000e+00,0.000000e+00,0.000000e+00,0.000000e+00,0.000000e+00,0.000000e+00,0.000000e+00,0.000000e+00,0.000000e+00
1.000000e+00,0.000000e+00,0.000000e+00,0.000000e+00,0.000000e+00,0.000000e+00,0.000000e+00,0.000000e+00,0.000000e+00,0.000000e+00,0.000000e+00,0.000000e+00,0.000000e+00,0.000000e+00,0.000000e+00
1.000000e+00,0.000000e+00,0.000000e+00,0.000000e+00,0.000000e+00,0.000000e+00,0.000000e+00,0.000000e+00,0.000000e+00,0.000000e+00,0.000000e+00,0.000000e+00,0.000000e+00,0.000000e+00,0.000000e+00
1.000000e+00,0.000000e+00,0.000000e+00,0.000000e+00,0.000000e+00,0.000000e+00,0.000000e+00,0.000000e+00,0.000000e+00,0.000000e+00,0.000000e+00,0.000000e+00,0.000000e+00,0.000000e+00,0.000000e+00
1.000000e+00,0.000000e+00,0.000000e+00,0.000000e+00,0.000000e+00,0.000000e+00,0.000000e+00,0.000000e+00,0.000000e+00,0.000000e+00,0.000000e+00,0.000000e+00,0.000000e+00,0.000000e+00,0.000000e+00
1.000000e+00,0.000000e+00,0.000000e+00,0.000000e+00,0.000000e+00,0.000000e+00,0.000000e+00,0.000000e+00,0.000000e+00,0.000000e+00,0.000000e+00,0.000000e+00,0.000000e+00,0.000000e+00,0.000000e+00
1.000000e+00,0.000000e+00,0.000000e+00,0.000000e+00,0.000000e+00,0.000000e+00,0.000000e+00,0.000000e+00,0.000000e+00,0.000000e+00,0.000000e+00,0.000000e+00,0.000000e+00,0.000000e+00,0.000000e+00
1.000000e+00,0.000000e+00,0.000000e+00,0.000000e+00,0.000000e+00,0.000000e+00,0.000000e+00,0.000000e+00,0.000000e+00,0.000000e+00,0.000000e+00,0.000000e+00,0.000000e+00,0.000000e+00,0.000000e+00
1.000000e+00,0.000000e+00,0.000000e+00,0.000000e+00,0.000000e+00,0.000000e+00,0.000000e+00,0.000000e+00,0.000000e+00,0.000000e+00,0.000000e+00,0.000000e+00,0.000000e+00,0.000000e+00,0.000000e+00
1.000000e+00,0.000000e+00,0.000000e+00,0.000000e+00,0.000000e+00,0.000000e+00,0.000000e+00,0.000000e+00,0.000000e+00,0.000000e+00,0.000000e+00,0.000000e+00,0.000000e+00,0.000000e+00,0.000000e+00
1.000000e+00,0.000000e+00,0.000000e+00,0.000000e+00,0.000000e+00,0.000000e+00,0.000000e+00,0.000000e+00,0.000000e+00,0.000000e+00,0.000000e+00,0.000000e+00,0.000000e+00,0.000000e+00,0.000000e+00
1.000000e+00,0.000000e+00,0.000000e+00,0.000000e+00,0.000000e+00,0.000000e+00,0.000000e+00,0.000000e+00,0.000000e+00,0.000000e+00,0.000000e+00,0.000000e+00,0.000000e+00,0.000000e+00,0.000000e+00
4.393894e-01,2.145701e-02,2.512644e-03,1.471128e-01,1.424457e-02,1.257993e-02,4.816648e-03,4.522478e-03,3.379965e-02,3.190164e-03,1.853094e-02,6.275465e-02,2.149270e-01,4.330332e-03,1.583167e-02
3.359446e-01,1.607672e-02,2.028082e-03,1.531889e-01,1.607544e-02,1.129244e-02,3.668293e-03,3.937454e-03,3.991734e-02,3.098562e-03,4.903017e-02,1.822117e-01,1.642673e-01,6.197460e-03,1.306551e-02
2.550681e-01,1.257507e-02,2.208313e-03,1.452159e-01,2.684736e-02,2.074039e-02,3.381119e-03,3.192986e-03,5.792888e-02,6.154534e-03,4.955712e-02,2.813198e-01,1.166919e-01,5.385201e-03,1.373326e-02
1.820207e-01,9.206783e-03,1.769157e-03,1.085449e-01,4.392837e-02,1.779785e-02,2.558770e-03,2.609517e-03,4.935521e-02,5.776033e-03,6.084496e-02,4.166002e-01,8.314423e-02,5.237159e-03,1.060614e-02
1.491940e-01,6.925188e-03,1.512899e-03,8.013955e-02,7.057690e-02,1.429606e-02,2.075110e-03,3.768664e-03,4.744108e-02,6.818290e-03,6.044693e-02,4.800148e-01,5.986279e-02,8.520456e-03,8.407183e-03
1.573178e-01,7.091251e-03,3.620804e-03,6.420898e-02,9.013821e-02,1.584830e-02,2.363004e-03,1.136407e-02,4.285270e-02,9.137252e-03,5.191353e-02,4.828866e-01,4.447437e-02,8.521135e-03,8.261948e-03
1.174536e-01,6.328279e-03,3.294880e-03,4.767781e-02,9.354562e-02,1.429773e-02,1.950326e-03,9.234293e-03,3.273282e-02,7.223174e-03,5.622257e-02,5.618806e-01,3.193039e-02,7.872950e-03,8.354870e-03
8.433743e-02,7.393432e-03,4.871408e-03,3.460598e-02,1.361926e-01,1.207289e-02,1.644925e-03,8.801978e-03,2.734212e-02,6.151477e-03,6.715601e-02,5.688114e-01,2.301756e-02,9.403829e-03,8.196903e-03
6.149762e-02,6.093591e-03,5.036678e-03,2.833500e-02,1.569783e-01,1.190754e-02,2.052760e-03,1.277598e-02,2.580569e-02,6.390041e-03,6.346887e-02,5.806621e-01,1.730630e-02,1.319739e-02,8.492023e-03
5.102529e-02,5.680068e-03,4.591873e-03,2.315007e-02,1.817407e-01,1.185125e-02,2.413018e-03,1.546656e-02,2.988139e-02,6.314401e-03,5.394493e-02,5.805174e-01,1.365743e-02,1.150880e-02,8.256859e-03
6.180167e-02,8.531567e-03,7.087342e-03,2.557573e-02,1.617835e-01,1.876122e-02,4.015932e-03,2.346301e-02,3.141871e-02,1.256378e-02,5.186382e-02,5.113708e-01,2.913855e-02,2.044144e-02,3.218296e-02
5.241393e-02,6.535822e-03,6.378155e-03,1.883672e-02,1.184615e-01,2.637259e-02,4.636824e-03,2.487230e-02,2.627638e-02,1.042495e-02,5.010634e-02,5.841590e-01,2.277911e-02,2.366008e-02,2.408635e-02
7.851683e-02,5.636208e-03,6.679256e-03,1.669029e-02,8.698546e-02,6.774616e-02,6.404153e-03,2.859270e-02,2.436278e-02,8.358850e-03,4.663207e-02,5.634409e-01,2.065044e-02,2.061527e-02,1.868859e-02
1.581640e-01,4.771099e-03,5.316494e-03,1.509234e-02,6.396262e-02,7.603092e-02,5.848743e-03,2.535316e-02,2.057826e-02,6.913069e-03,4.189454e-02,5.266952e-01,1.675379e-02,1.652493e-02,1.610084e-02
2.204080e-01,4.820531e-03,5.123734e-03,1.466017e-02,6.161229e-02,1.003444e-01,6.743906e-03,2.845643e-02,2.211553e-02,5.470431e-03,4.013069e-02,4.505432e-01,1.398931e-02,1.290866e-02,1.267278e-02
1.780882e-01,6.050257e-03,4.702996e-03,1.212249e-02,6.987032e-02,9.969825e-02,9.451499e-03,2.393009e-02,3.074013e-02,5.028891e-03,4.257330e-02,4.813806e-01,1.336602e-02,1.303518e-02,9.961803e-03
1.603720e-01,6.305705e-03,4.676136e-03,1.152840e-02,5.622410e-02,7.730816e-02,7.468034e-03,2.390764e-02,3.791688e-02,5.208067e-03,5.024043e-02,5.190982e-01,1.382682e-02,1.716589e-02,8.753556e-03
1.764150e-01,7.765052e-03,5.714894e-03,1.257849e-02,4.917119e-02,6.081663e-02,6.526660e-03,2.990066e-02,4.855753e-02,6.110750e-03,6.973156e-02,4.840212e-01,1.504435e-02,1.856284e-02,9.083175e-03
2.549065e-01,1.245959e-02,6.210806e-03,1.957338e-02,4.435499e-02,5.115938e-02,5.724408e-03,2.859619e-02,4.967915e-02,5.858097e-03,7.814334e-02,3.977068e-01,1.506099e-02,1.679888e-02,1.376752e-02
3.293884e-01,1.820107e-02,5.733452e-03,2.681705e-02,4.486151e-02,4.975231e-02,6.024499e-03,2.663205e-02,4.493210e-02,5.134683e-03,7.924805e-02,3.145939e-01,1.547648e-02,1.378751e-02,1.941689e-02
3.383373e-01,2.400216e-02,5.754091e-03,4.459016e-02,4.742914e-02,5.079341e-02,7.522562e-03,3.339007e-02,4.528081e-02,6.184571e-03,6.821721e-02,2.666470e-01,1.995774e-02,1.203289e-02,2.986081e-02
3.483888e-01,2.337806e-02,9.713395e-03,4.060622e-02,5.830971e-02,4.444934e-02,8.732892e-03,3.244419e-02,4.786681e-02,1.061739e-02,8.271672e-02,2.131170e-01,2.761976e-02,1.634338e-02,3.569634e-02
3.691421e-01,1.852201e-02,1.043993e-02,3.206778e-02,6.780028e-02,4.273805e-02,1.033131e-02,4.103917e-02,4.701561e-02,1.001217e-02,9.474632e-02,1.748479e-01,3.231387e-02,1.580638e-02,3.317713e-02
3.791060e-01,1.550394e-02,1.119980e-02,2.468306e-02,6.634662e-02,3.789822e-02,1.080504e-02,6.015408e-02,3.814873e-02,8.400111e-03,1.372453e-01,1.341362e-01,2.772639e-02,1.614873e-02,3.249778e-02
3.929510e-01,1.223960e-02,5.135676e-02,2.657096e-02,5.188241e-02,3.381165e-02,1.588759e-02,9.503392e-02,3.184920e-02,7.693269e-03,1.144454e-01,9.994811e-02,2.761911e-02,1.266209e-02,2.604891e-02
3.830861e-01,1.407504e-02,6.549080e-02,3.068648e-02,5.880673e-02,6.237519e-02,1.219982e-02,7.365976e-02,3.120863e-02,7.721587e-03,1.101275e-01,7.440130e-02,2.208638e-02,1.280838e-02,4.126633e-02
2.999533e-01,1.757252e-02,1.722735e-01,3.356851e-02,8.963222e-02,7.151183e-02,1.076186e-02,6.784103e-02,2.570333e-02,6.592085e-03,8.530882e-02,5.484543e-02,1.785536e-02,1.181171e-02,3.476853e-02
2.445383e-01,2.204851e-02,2.082923e-01,3.282009e-02,1.271121e-01,9.695338e-02,1.102480e-02,5.649944e-02,2.313621e-02,5.503292e-03,7.313334e-02,4.527134e-02,1.398836e-02,1.192212e-02,2.775650e-02
1.928635e-01,3.955434e-02,1.990015e-01,3.661811e-02,1.810220e-01,9.527188e-02,1.164243e-02,5.206528e-02,2.326940e-02,4.838521e-03,6.238831e-02,5.348000e-02,1.207810e-02,1.562636e-02,2.028033e-02
1.715930e-01,4.475047e-02,1.787299e-01,4.442730e-02,2.093141e-01,8.216189e-02,9.803263e-03,4.575870e-02,2.387812e-02,5.427979e-03,5.922715e-02,7.172942e-02,1.207952e-02,2.551774e-02,1.560150e-02
1.431269e-01,6.513885e-02,1.420157e-01,1.211389e-01,2.246164e-01,8.509738e-02,7.766819e-03,4.165750e-02,2.074531e-02,4.574320e-03,4.802317e-02,5.209964e-02,9.152537e-03,1.892858e-02,1.591797e-02
1.330760e-01,5.178685e-02,1.131377e-01,1.042723e-01,2.023305e-01,2.044979e-01,6.312037e-03,5.234646e-02,1.732318e-02,3.765367e-03,3.665832e-02,3.880660e-02,8.945020e-03,1.401707e-02,1.272468e-02
1.315138e-01,4.233406e-02,1.057245e-01,1.141766e-01,1.748918e-01,2.651467e-01,4.907308e-03,4.526934e-02,1.800745e-02,4.015128e-03,2.816882e-02,3.052567e-02,9.991878e-03,1.258821e-02,1.273877e-02
1.127968e-01,3.568695e-02,9.994709e-02,1.009821e-01,1.300088e-01,3.458134e-01,3.836883e-03,3.375275e-02,2.942075e-02,1.456276e-02,2.117543e-02,2.163877e-02,7.940295e-03,1.043599e-02,3.200120e-02
1.039308e-01,2.932608e-02,7.506980e-02,7.370760e-02,9.495142e-02,3.663896e-01,2.889665e-03,2.412199e-02,4.169384e-02,4.604133e-02,1.579741e-02,1.529580e-02,5.789701e-03,1.326503e-02,9.172990e-02
1.291345e-01,2.941978e-02,6.521399e-02,5.724395e-02,7.144599e-02,3.335875e-01,2.408165e-03,1.968667e-02,5.805222e-02,5.835776e-02,1.361650e-02,1.111912e-02,4.780191e-03,1.535113e-02,1.305826e-01
1.760813e-01,2.483331e-02,5.053687e-02,4.556917e-02,5.210317e-02,2.667930e-01,1.985746e-03,1.485483e-02,7.493387e-02,9.545714e-02,1.567201e-02,9.200767e-03,4.179264e-03,2.019121e-02,1.476084e-01
2.010660e-01,1.971618e-02,4.400703e-02,5.253580e-02,3.825546e-02,1.997578e-01,1.794900e-03,1.168558e-02,1.010037e-01,1.110235e-01,1.570405e-02,7.511025e-03,4.207155e-03,2.042988e-02,1.713020e-01
1.564510e-01,1.606636e-02,3.431705e-02,5.336443e-02,2.937481e-02,1.580565e-01,1.464530e-03,9.862622e-03,1.433065e-01,1.289322e-01,2.483106e-02,8.317500e-03,4.846061e-03,2.156031e-02,2.092490e-01
1.210603e-01,1.636260e-02,3.925070e-02,8.732509e-02,2.192144e-02,1.146382e-01,1.117619e-03,7.702900e-03,1.725356e-01,1.553004e-01,2.138892e-02,6.877453e-03,4.826670e-03,1.719348e-02,2.124985e-01
9.731925e-02,1.502202e-02,3.539835e-02,9.159615e-02,1.713648e-02,8.668819e-02,9.754476e-04,6.584695e-03,2.256546e-01,1.504219e-01,3.783327e-02,8.540113e-03,7.179129e-03,2.022490e-02,1.994255e-01
9.164323e-02,1.304023e-02,2.757181e-02,8.227529e-02,1.312879e-02,6.556783e-02,9.064832e-04,6.252238e-03,1.731427e-01,1.191013e-01,1.952045e-01,8.826754e-03,8.877262e-03,4.627480e-02,1.481867e-01
1.688722e-01,1.231927e-02,2.517288e-02,7.252227e-02,1.190644e-02,5.464853e-02,1.493810e-03,7.506719e-03,1.279417e-01,9.501035e-02,2.316620e-01,9.093689e-03,1.002949e-02,6.170632e-02,1.101144e-01
2.314231e-01,1.330191e-02,1.972365e-02,5.293920e-02,9.649431e-03,4.272122e-02,1.667260e-03,6.811514e-03,9.300710e-02,7.209671e-02,2.847342e-01,1.242460e-02,1.000079e-02,6.880470e-02,8.069452e-02
3.371084e-01,1.652093e-02,1.936797e-02,4.286171e-02,8.169352e-03,4.922923e-02,1.731368e-03,7.098279e-03,6.801175e-02,5.508521e-02,2.362799e-01,1.416816e-02,9.923859e-03,6.846122e-02,6.598257e-02
2.757269e-01,1.513142e-02,1.508480e-02,3.298759e-02,7.285670e-03,5.210338e-02,1.877162e-03,5.839313e-03,5.020011e-02,4.253196e-02,3.627796e-01,1.978049e-02,1.006265e-02,5.958440e-02,4.902448e-02
2.298697e-01,1.282973e-02,1.170716e-02,3.035435e-02,1.324731e-02,5.060058e-02,2.300620e-03,4.516547e-03,3.804911e-02,4.013154e-02,4.185812e-01,3.040559e-02,1.185612e-02,6.015091e-02,4.539947e-02
1.680867e-01,9.673899e-03,9.009322e-03,2.504704e-02,2.149213e-02,3.959027e-02,2.304634e-03,3.402454e-03,2.901089e-02,4.350547e-02,4.987106e-01,3.884882e-02,1.374035e-02,5.015141e-02,4.742601e-02
1.214458e-01,1.700285e-02,7.349037e-03,1.915320e-02,3.040204e-02,2.909011e-02,1.915764e-03,2.720107e-03,2.663949e-02,4.252466e-02,5.421873e-01,6.371226e-02,1.697695e-02,4.213464e-02,3.674574e-02
1.067387e-01,2.611958e-02,9.471607e-03,2.307981e-02,3.900579e-02,2.450107e-02,2.467690e-03,3.820474e-03,4.116154e-02,3.274262e-02,5.247478e-01,8.638921e-02,1.794797e-02,3.349649e-02,2.830969e-02
7.710819e-02,2.814655e-02,8.913023e-03,1.745472e-02,6.346141e-02,1.778468e-02,2.323619e-03,3.443618e-03,4.300070e-02,2.410736e-02,5.933592e-01,6.204456e-02,1.424934e-02,2.424314e-02,2.035988e-02
5.502326e-02,5.680916e-02,9.784345e-03,1.248307e-02,8.688202e-02,1.279402e-02,2.452875e-03,1.219943e-02,4.728090e-02,1.753835e-02,5.948639e-01,4.683526e-02,1.196367e-02,1.822556e-02,1.486419e-02
4.044504e-02,9.548408e-02,1.615521e-02,9.076048e-03,9.840660e-02,9.476901e-03,5.150395e-03,8.506756e-02,4.842456e-02,1.391726e-02,5.088882e-01,3.435810e-02,9.160772e-03,1.486980e-02,1.111945e-02
3.713362e-02,1.189552e-01,2.440778e-02,8.125062e-03,8.965547e-02,8.982677e-03,4.226841e-03,1.630101e-01,5.967939e-02,1.051654e-02,4.210786e-01,2.531916e-02,7.908559e-03,1.197653e-02,9.024458e-03
2.959449e-02,1.121626e-01,1.841467e-02,6.270716e-03,9.370803e-02,1.317628e-02,3.358340e-03,1.307426e-01,2.359042e-01,7.474861e-03,3.079596e-01,1.873791e-02,6.203698e-03,9.523705e-03,6.768270e-03
2.354217e-02,8.497570e-02,1.323162e-02,4.654496e-03,1.303914e-01,1.319245e-02,2.887731e-03,1.026523e-01,3.720776e-01,5.399141e-03,2.174362e-01,1.324275e-02,4.564498e-03,6.921829e-03,4.829987e-03
1.954027e-02,6.989142e-02,9.644678e-03,4.936542e-03,1.125620e-01,1.394150e-02,2.621540e-03,8.542071e-02,5.006950e-01,3.978831e-03,1.546431e-01,9.598142e-03,3.905267e-03,5.032467e-03,3.588447e-03
2.499111e-02,6.395912e-02,7.699428e-03,8.600262e-03,9.975373e-02,1.319654e-02,2.687525e-03,8.072435e-02,5.686012e-01,3.185976e-03,1.090001e-01,6.881783e-03,3.270001e-03,3.760894e-03,3.687961e-03
5.043013e-02,5.550991e-02,7.072634e-03,4.787675e-02,9.251101e-02,1.494922e-02,2.350024e-03,9.531318e-02,5.375040e-01,2.651203e-03,7.710201e-02,5.177064e-03,3.298494e-03,2.798930e-03,5.455441e-03
7.548124e-02,5.315067e-02,6.233310e-03,3.742933e-02,1.281509e-01,4.017429e-02,2.417134e-03,8.286682e-02,4.972008e-01,2.036657e-03,5.453201e-02,3.971561e-03,6.007895e-03,2.401546e-03,7.945709e-03
6.964607e-02,4.382932e-02,4.517900e-03,2.698939e-02,1.349791e-01,5.698910e-02,2.150783e-03,5.983601e-02,5.417857e-01,1.898550e-03,3.897481e-02,3.010942e-03,6.037448e-03,1.873057e-03,7.481785e-03
1.161619e-01,4.247276e-02,3.832310e-03,8.589676e-02,9.820295e-02,6.445666e-02,1.761173e-03,4.937737e-02,4.742979e-01,2.581204e-03,3.132159e-02,4.191197e-03,7.612800e-03,2.110084e-03,1.572344e-02
1.745064e-01,3.967223e-02,3.768065e-03,7.118677e-02,7.309026e-02,6.652200e-02,1.648447e-03,3.827661e-02,3.713405e-01,6.801570e-03,3.519892e-02,7.545142e-03,1.515733e-02,4.692511e-03,9.059331e-02
2.434542e-01,3.863295e-02,3.589904e-03,5.439779e-02,5.812373e-02,7.793453e-02,1.487233e-03,2.963223e-02,2.881450e-01,6.877697e-03,2.969387e-02,9.011224e-03,1.661577e-02,5.555028e-03,1.368488e-01
3.278286e-01,3.712634e-02,4.601800e-03,4.198967e-02,4.714489e-02,1.027241e-01,2.122216e-03,2.549097e-02,2.216278e-01,5.662642e-03,2.334184e-02,1.186271e-02,2.258194e-02,5.228349e-03,1.206661e-01
2.987951e-01,3.235530e-02,6.115695e-03,3.735789e-02,3.670315e-02,7.698507e-02,2.151618e-03,2.048327e-02,2.390476e-01,6.584702e-03,1.982773e-02,1.218608e-02,2.524609e-02,9.979775e-03,1.761809e-01
2.209090e-01,2.615492e-02,4.436646e-03,3.067031e-02,2.626347e-02,6.222450e-02,1.584161e-03,1.450764e-02,2.744283e-01,4.995741e-03,1.740957e-02,1.462039e-02,1.279804e-01,1.083791e-02,1.629770e-01
1.654055e-01,2.419154e-02,3.475371e-03,3.496121e-02,1.870836e-02,4.750828e-02,1.224124e-03,1.035194e-02,4.189450e-01,4.326453e-03,1.359790e-02,1.247015e-02,9.796056e-02,1.087970e-02,1.359939e-01
2.072289e-01,3.234110e-02,9.348284e-03,4.603461e-02,1.397054e-02,3.798170e-02,2.042534e-03,9.143266e-03,3.341277e-01,5.656215e-03,1.355987e-02,2.231153e-02,1.304621e-01,1.370959e-02,1.220820e-01
2.048695e-01,2.948125e-02,7.501065e-03,3.610238e-02,1.100700e-02,3.297593e-02,1.964461e-03,7.725856e-03,2.464822e-01,4.244043e-03,1.173231e-02,2.287075e-02,2.815935e-01,1.034129e-02,9.110854e-02
1.686117e-01,3.205299e-02,5.644686e-03,2.708517e-02,8.333888e-03,2.575524e-02,1.700142e-03,6.574642e-03,1.834347e-01,3.474862e-03,9.759882e-03,3.539641e-02,4.175586e-01,8.760890e-03,6.585623e-02
1.613881e-01,4.890731e-02,2.167402e-02,3.846477e-02,6.561049e-03,2.644158e-02,2.326354e-03,5.589558e-03,2.370403e-01,4.550946e-03,9.542622e-03,3.293724e-02,3.352141e-01,1.059073e-02,5.877141e-02
2.092373e-01,4.651744e-02,1.906969e-02,3.144557e-02,5.694843e-03,3.555537e-02,2.629808e-03,6.455742e-03,1.837297e-01,3.897599e-03,1.584578e-02,5.403215e-02,3.266445e-01,1.332089e-02,4.592363e-02
2.262114e-01,3.537310e-02,1.405335e-02,2.737179e-02,1.015470e-02,3.623853e-02,2.604191e-03,5.783194e-03,1.380792e-01,3.303578e-03,1.349812e-02,5.088626e-02,3.929202e-01,9.762755e-03,3.375968e-02
2.264402e-01,2.971192e-02,1.094633e-02,2.108284e-02,1.121176e-02,3.253360e-02,3.086707e-03,7.552607e-03,1.046105e-01,2.848338e-03,1.306011e-02,5.103101e-02,4.520452e-01,8.770186e-03,2.506876e-02
2.049844e-01,2.435162e-02,1.735314e-02,1.986964e-02,1.062400e-02,4.846506e-02,3.866293e-03,6.937218e-03,8.139299e-02,3.555524e-03,1.483394e-02,5.964494e-02,4.752903e-01,9.146739e-03,1.968415e-02
2.118481e-01,1.786687e-02,1.290616e-02,1.606363e-02,1.009400e-02,4.952858e-02,3.152200e-03,5.761432e-03,6.694641e-02,4.427981e-03,3.457132e-02,1.073910e-01,4.362061e-01,8.366467e-03,1.486972e-02
2.204235e-01,1.373863e-02,1.101660e-02,1.375328e-02,9.088921e-03,4.406801e-02,2.891986e-03,5.083568e-03,6.241023e-02,5.632043e-03,3.840046e-02,1.939388e-01,3.600453e-01,7.713596e-03,1.179502e-02
1.962523e-01,1.010957e-02,9.160750e-03,1.105057e-02,1.002340e-02,3.694394e-02,2.698985e-03,5.754250e-03,6.102724e-02,7.857785e-03,5.143972e-02,2.427563e-01,3.388342e-01,6.175998e-03,9.914966e-03
1.493129e-01,7.378623e-03,8.450382e-03,8.504984e-03,4.654386e-02,2.803639e-02,5.219061e-03,5.858196e-03,8.114016e-02,6.736053e-03,6.703904e-02,2.080033e-01,3.602947e-01,4.791301e-03,1.269095e-02
1.093347e-01,6.105125e-03,7.061237e-03,9.382086e-03,3.890121e-02,2.341105e-02,4.321179e-03,6.465741e-03,1.273212e-01,7.707870e-03,6.456219e-02,2.358846e-01,3.431889e-01,4.178063e-03,1.217483e-02
7.747762e-02,5.100932e-03,5.025337e-03,7.036189e-03,3.289302e-02,1.790256e-02,3.650758e-03,6.448973e-03,2.416573e-01,5.929316e-03,5.210684e-02,1.986617e-01,3.342208e-01,2.994447e-03,8.894258e-03
5.518204e-02,4.115076e-03,3.551031e-03,5.074958e-03,2.526783e-02,1.336419e-02,2.960753e-03,4.749801e-03,4.099349e-01,4.267086e-03,3.895688e-02,1.550187e-01,2.690808e-01,2.113182e-03,6.362735e-03
4.008140e-02,3.608853e-03,2.538092e-03,4.851512e-03,1.992131e-02,1.360400e-02,2.590500e-03,3.586866e-03,5.433450e-01,3.218800e-03,3.104382e-02,1.163882e-01,2.086659e-01,1.559453e-03,4.996276e-03
3.207405e-02,3.156112e-03,2.743925e-03,5.680412e-03,2.683209e-02,1.223425e-02,7.268829e-03,1.380097e-02,6.190421e-01,2.844049e-03,2.463938e-02,8.625307e-02,1.582012e-01,1.130637e-03,4.098894e-03
3.021226e-02,5.580077e-03,5.650986e-03,2.568991e-02,2.750099e-02,2.108784e-02,7.058823e-03,1.225217e-02,6.455307e-01,3.117846e-03,2.012802e-02,6.594722e-02,1.223328e-01,1.051195e-03,6.859167e-03
3.337802e-02,7.290050e-03,5.076952e-03,2.034974e-02,3.592747e-02,2.391644e-02,9.462775e-03,1.195850e-02,6.777800e-01,2.721861e-03,1.660562e-02,4.970843e-02,9.867438e-02,9.070579e-04,6.242732e-03
4.609852e-02,6.856799e-03,4.574799e-03,1.594464e-02,6.687298e-02,2.379928e-02,8.432762e-03,4.399826e-02,6.506741e-01,2.081574e-03,1.310683e-02,3.619655e-02,7.584528e-02,7.127833e-04,4.804872e-03
5.741318e-02,6.045958e-03,3.851548e-03,1.153400e-02,7.382204e-02,1.927725e-02,7.983224e-03,1.825726e-01,5.400244e-01,1.551830e-03,9.797585e-03,2.592103e-02,5.606621e-02,5.335597e-04,3.605557e-03
5.156793e-02,4.536336e-03,2.922563e-03,8.401526e-03,6.128461e-02,1.464517e-02,7.149962e-03,3.944692e-01,3.851040e-01,1.136323e-03,7.221522e-03,1.832510e-02,4.024025e-02,3.897501e-04,2.605733e-03
4.394022e-02,3.280997e-03,2.153736e-03,6.127574e-03,4.507872e-02,1.247152e-02,6.422531e-03,5.607535e-01,2.701213e-01,8.125342e-04,5.197663e-03,1.291071e-02,2.859454e-02,2.824056e-04,1.852025e-03
3.248021e-02,2.308354e-03,1.591229e-03,4.355724e-03,3.302523e-02,9.413972e-03,4.801925e-03,6.879228e-01,1.891125e-01,5.735740e-04,3.708264e-03,9.055049e-03,2.014208e-02,2.040524e-04,1.305069e-03
2.682640e-02,1.632315e-03,1.159566e-03,3.180725e-03,2.565997e-02,7.072041e-03,3.530429e-03,7.737899e-01,1.324362e-01,4.107611e-04,2.670064e-03,6.361263e-03,1.420156e-02,1.468811e-04,9.218340e-04
2.013727e-02,1.164589e-03,8.717463e-04,2.358238e-03,2.098867e-02,5.549360e-03,2.626141e-03,8.357487e-01,9.273208e-02,2.925055e-04,2.019992e-03,4.505713e-03,1.022541e-02,1.143345e-04,6.652779e-04
2.252524e-02,8.899739e-04,7.016648e-04,2.215829e-03,1.841688e-02,5.216690e-03,1.945677e-03,8.695342e-01,6.498349e-02,2.143200e-04,1.707841e-03,3.354835e-03,7.709343e-03,1.037628e-04,4.802771e-04
2.198856e-02,6.939166e-04,5.591658e-04,1.963022e-03,1.724983e-02,3.917133e-03,1.459378e-03,8.966801e-01,4.556191e-02,1.558358e-04,1.382584e-03,2.422541e-03,5.526464e-03,9.035034e-05,3.492102e-04
1.820561e-02,5.176102e-04,4.892969e-04,1.579333e-03,1.343479e-02,3.336319e-03,1.197582e-03,9.216059e-01,3.192493e-02,1.156057e-04,1.100109e-03,1.948887e-03,4.193150e-03,8.528529e-05,2.655757e-04
1.851663e-02,4.422459e-04,4.383133e-04,1.355161e-03,1.240888e-02,2.841177e-03,9.963703e-04,9.346707e-01,2.242459e-02,9.037623e-05,8.868002e-04,1.519935e-03,3.124584e-03,7.204993e-05,2.121089e-04
1.622030e-02,3.505400e-04,5.162236e-04,1.107987e-03,1.026905e-02,2.188369e-03,9.422353e-04,9.481964e-01,1.575083e-02,7.281009e-05,6.700729e-04,1.178620e-03,2.309257e-03,5.595772e-05,1.714034e-04
1.540879e-02,2.807690e-04,4.613764e-04,9.051041e-04,8.615751e-03,1.686965e-03,8.948028e-04,9.571635e-01,1.105713e-02,5.755843e-05,5.159437e-04,9.462144e-04,1.822053e-03,4.338887e-05,1.406819e-04
1.843433e-02,2.139277e-04,4.192193e-04,7.720504e-04,7.034309e-03,1.387122e-03,1.095598e-03,9.601303e-01,7.760575e-03,4.499877e-05,4.025235e-04,7.649494e-04,1.385354e-03,3.486997e-05,1.197664e-04
2.676320e-02,2.404578e-04,8.214297e-04,1.099957e-03,6.254179e-03,2.151965e-03,1.688349e-03,9.518481e-01,5.619358e-03,1.153336e-04,5.558392e-04,1.014702e-03,1.363928e-03,7.809378e-05,3.851157e-04
2.687231e-02,2.206350e-04,8.412488e-04,1.298827e-03,5.000908e-03,1.992690e-03,1.374366e-03,9.545399e-01,4.072001e-03,1.627210e-04,6.748674e-04,1.025750e-03,1.274556e-03,1.008222e-04,5.483826e-04
3.603634e-02,9.219811e-04,9.635523e-04,2.973911e-03,5.680203e-03,3.970175e-03,1.185591e-03,8.329800e-01,7.292601e-03,1.605230e-03,1.356790e-02,7.124196e-03,8.118540e-02,1.134479e-03,3.378448e-03
3.404991e-02,1.327288e-03,9.165095e-04,3.204148e-03,6.459988e-03,4.542918e-03,1.030644e-03,6.697053e-01,9.742568e-03,3.876074e-03,2.411027e-02,1.143154e-02,2.139345e-01,1.623553e-03,1.404477e-02
3.275585e-02,2.311608e-03,1.189909e-03,3.066034e-03,1.263949e-02,4.463704e-03,1.042501e-03,5.538576e-01,1.034167e-02,3.479660e-03,4.056678e-02,1.224058e-02,3.061092e-01,1.478956e-03,1.445637e-02
8.732831e-02,7.622286e-03,5.120971e-03,9.943959e-03,5.784340e-02,5.757658e-03,2.659773e-03,4.645073e-01,2.610943e-02,3.800519e-03,4.497884e-02,1.160307e-02,2.580336e-01,1.492837e-03,1.319795e-02
1.860394e-01,1.146143e-02,6.474491e-03,8.917531e-03,8.154678e-02,6.353023e-03,2.857881e-03,4.097273e-01,2.475238e-02,2.973423e-03,3.545354e-02,1.175385e-02,1.999879e-01,1.377992e-03,1.032300e-02
2.503271e-01,1.379018e-02,1.006685e-02,8.183930e-03,9.242027e-02,1.793999e-02,3.993145e-03,3.098848e-01,3.065975e-02,2.448977e-03,3.343349e-02,2.032455e-02,1.935898e-01,1.620993e-03,1.131613e-02
3.326174e-01,1.581418e-02,1.562772e-02,6.927731e-03,1.114421e-01,2.280745e-02,5.703132e-03,2.356491e-01,3.663996e-02,2.001625e-03,2.543297e-02,1.962222e-02,1.577389e-01,1.785759e-03,1.018966e-02
3.261431e-01,2.896962e-02,2.265143e-02,1.338126e-02,2.065037e-01,2.469552e-02,6.928461e-03,1.686186e-01,3.081506e-02,1.925675e-03,2.099904e-02,1.980343e-02,1.192840e-01,1.605655e-03,7.675418e-03
2.567955e-01,2.480823e-02,1.764101e-02,1.704920e-02,2.035535e-01,2.469240e-02,5.489556e-03,1.192531e-01,2.616283e-02,1.701517e-03,3.848094e-02,8.672176e-02,1.690730e-01,2.241180e-03,6.336286e-03
2.131179e-01,2.011438e-02,1.370985e-02,1.481162e-02,1.728483e-01,2.443461e-02,4.241494e-03,8.392008e-02,2.430878e-02,2.283241e-03,7.302643e-02,1.563711e-01,1.887770e-01,3.074319e-03,4.960873e-03
1.509442e-01,1.481874e-02,9.856658e-03,1.088434e-02,1.250031e-01,1.991845e-02,3.081696e-03,5.888695e-02,2.080270e-02,1.842009e-03,7.644842e-02,3.156112e-01,1.855575e-01,2.694522e-03,3.649525e-03
1.165373e-01,1.090981e-02,7.228078e-03,7.939495e-03,1.090560e-01,1.666034e-02,2.364430e-03,4.181351e-02,3.485055e-02,1.780867e-03,9.261522e-02,3.452071e-01,2.076758e-01,2.618618e-03,2.742930e-03
8.371113e-02,8.085760e-03,5.304023e-03,5.969513e-03,9.434969e-02,1.557709e-02,2.120847e-03,2.976928e-02,5.035976e-02,2.369934e-03,9.269864e-02,3.638040e-01,2.405730e-01,2.929758e-03,2.377591e-03
5.930768e-02,7.025620e-03,3.811783e-03,4.217023e-03,6.846337e-02,1.236859e-02,1.622730e-03,2.106062e-02,1.060618e-01,2.323894e-03,7.749673e-02,3.699134e-01,2.609852e-01,2.556803e-03,2.784768e-03
4.184980e-02,6.184436e-03,2.737182e-03,2.981333e-03,5.038328e-02,1.000603e-02,1.302415e-03,1.480710e-02,1.224909e-01,2.562477e-03,6.828518e-02,4.336966e-01,2.374277e-01,2.500182e-03,2.785429e-03
3.148139e-02,5.888948e-03,2.594676e-03,2.317422e-03,7.649422e-02,7.929097e-03,2.145304e-03,1.620474e-02,2.339701e-01,2.398145e-03,5.203252e-02,3.360759e-01,2.256419e-01,2.073822e-03,2.751774e-03
2.313038e-02,6.671303e-03,2.076182e-03,1.728099e-03,6.865054e-02,6.332895e-03,1.911912e-03,1.375269e-02,2.779015e-01,2.637246e-03,4.437508e-02,2.933878e-01,2.528521e-01,1.821280e-03,2.771003e-03
2.052111e-02,5.552574e-03,1.518404e-03,1.254495e-03,5.129525e-02,5.796470e-03,1.497550e-03,1.007866e-02,2.611419e-01,2.988998e-03,3.936555e-02,3.852659e-01,2.100884e-01,1.590204e-03,2.044501e-03
1.975516e-02,6.349762e-03,2.911902e-03,1.131796e-03,5.078126e-02,4.743170e-03,1.492779e-03,9.505424e-03,3.214471e-01,4.278881e-03,3.547684e-02,3.506745e-01,1.885946e-01,1.285053e-03,1.571712e-03
3.333802e-02,6.198578e-03,2.899834e-03,1.191957e-03,6.584442e-02,4.414771e-03,1.592526e-03,1.568464e-02,3.052088e-01,3.662217e-03,4.104009e-02,2.910879e-01,2.252059e-01,1.281272e-03,1.349034e-03
5.506100e-02,5.372768e-03,3.085808e-03,2.183429e-03,1.025607e-01,3.942580e-03,1.929954e-03,2.385904e-02,2.927815e-01,3.388401e-03,3.775895e-02,2.527308e-01,2.127922e-01,1.354649e-03,1.198209e-03
7.648711e-02,5.002989e-03,2.446966e-03,2.733371e-03,9.713459e-02,3.930872e-03,1.830773e-03,2.448015e-02,3.059011e-01,3.067425e-03,3.105369e-02,2.590186e-01,1.848180e-01,1.089500e-03,1.004902e-03
6.980324e-02,4.284647e-03,1.889647e-03,2.651470e-03,9.171335e-02,3.590117e-03,1.870974e-03,2.130243e-02,3.127018e-01,2.558128e-03,2.772397e-02,2.881990e-01,1.700810e-01,8.525499e-04,7.776325e-04
5.761366e-02,3.622747e-03,1.740307e-03,3.409457e-03,8.691671e-02,2.869728e-03,1.650017e-03,3.517460e-02,4.074341e-01,1.910562e-03,2.416800e-02,2.352551e-01,1.370084e-01,6.478952e-04,5.786844e-04
5.000532e-02,3.069220e-03,1.601705e-03,3.277724e-03,7.393305e-02,3.061051e-03,1.588088e-03,3.623378e-02,4.884192e-01,1.452172e-03,1.986807e-02,1.968957e-01,1.196245e-01,5.045218e-04,4.660196e-04
3.940041e-02,3.121842e-03,1.497875e-03,4.667268e-03,5.630891e-02,2.765156e-03,1.276709e-03,3.204157e-02,6.042571e-01,1.082750e-03,1.486758e-02,1.446033e-01,9.333366e-02,3.690209e-04,4.069171e-04
2.912023e-02,2.673655e-03,1.096645e-03,4.368283e-03,4.276661e-02,2.328340e-03,1.014387e-03,2.378079e-02,6.925195e-01,8.068421e-04,1.125886e-02,1.100693e-01,7.760415e-02,2.646118e-04,3.277805e-04
2.484018e-02,2.234716e-03,8.925290e-04,3.786400e-03,4.652281e-02,2.437050e-03,1.017317e-03,2.011394e-02,7.507075e-01,5.956447e-04,9.032577e-03,7.822204e-02,5.911735e-02,2.047933e-04,2.752073e-04
3.686646e-02,1.793607e-03,2.100764e-03,9.516581e-03,7.400425e-02,2.398483e-03,1.170916e-03,9.360000e-02,6.706882e-01,4.383776e-04,7.460564e-03,5.556173e-02,4.399821e-02,1.679809e-04,2.339551e-04
1.606712e-01,1.928929e-03,1.932088e-03,1.097289e-02,6.103852e-02,2.313235e-03,1.002219e-03,6.892695e-02,5.928801e-01,3.384486e-04,1.046624e-02,4.895403e-02,3.760253e-02,5.922684e-04,3.803450e-04
1.727771e-01,2.463307e-03,2.000680e-03,1.339939e-02,6.109286e-02,2.701919e-03,8.439409e-04,6.333470e-02,5.849738e-01,2.811412e-04,1.626378e-02,4.477654e-02,3.360494e-02,9.170031e-04,5.689438e-04
1.652099e-01,2.427101e-03,1.920955e-03,1.550782e-02,7.538907e-02,3.237416e-03,7.762109e-04,5.209316e-02,5.945286e-01,2.333984e-04,1.687123e-02,3.899552e-02,3.100671e-02,1.104287e-03,6.987501e-04
1.717036e-01,2.374453e-03,1.737369e-03,1.893762e-02,7.129891e-02,4.298795e-03,7.256346e-04,4.269340e-02,5.955690e-01,2.357527e-04,2.054604e-02,4.187581e-02,2.558862e-02,1.579084e-03,8.358423e-04
1.936337e-01,2.291343e-03,1.533430e-03,1.699214e-02,5.807357e-02,5.638250e-03,6.912873e-04,3.192125e-02,6.091914e-01,2.209643e-04,2.061221e-02,3.706873e-02,1.957900e-02,1.691520e-03,8.612201e-04
1.723054e-01,3.707376e-03,2.494175e-03,1.606482e-01,6.048169e-02,4.953969e-03,8.065982e-04,3.656663e-02,4.648502e-01,4.712267e-04,2.689726e-02,4.408474e-02,1.643804e-02,3.403520e-03,1.890938e-03
2.239210e-01,4.139457e-03,5.658302e-03,1.724104e-01,7.099249e-02,6.392744e-03,2.255139e-03,7.082327e-02,3.625944e-01,5.923879e-04,2.234469e-02,3.877601e-02,1.396588e-02,3.020166e-03,2.113744e-03
2.583892e-01,3.547911e-03,6.158354e-03,1.445488e-01,7.586470e-02,1.125211e-02,1.136969e-02,1.417774e-01,2.763706e-01,5.786192e-04,1.917872e-02,3.284136e-02,1.353442e-02,2.632824e-03,1.955327e-03
3.380120e-01,3.739380e-03,7.998648e-03,1.142420e-01,6.879127e-02,2.111863e-02,2.763160e-02,1.454484e-01,2.040354e-01,9.138766e-04,1.690823e-02,2.945136e-02,1.628404e-02,2.451901e-03,2.973232e-03
4.046260e-01,4.797311e-03,1.089232e-02,8.764849e-02,5.547897e-02,5.059101e-02,2.892936e-02,1.488267e-01,1.482916e-01,9.239564e-04,1.383328e-02,2.562518e-02,1.367317e-02,2.221758e-03,3.640957e-03
4.632500e-01,5.376002e-03,1.154605e-02,6.765759e-02,4.649514e-02,7.255289e-02,2.817689e-02,1.406712e-01,1.073316e-01,9.548828e-04,1.247443e-02,2.411371e-02,1.252717e-02,2.138868e-03,4.733668e-03
1.000000e+00,0.000000e+00,0.000000e+00,0.000000e+00,0.000000e+00,0.000000e+00,0.000000e+00,0.000000e+00,0.000000e+00,0.000000e+00,0.000000e+00,0.000000e+00,0.000000e+00,0.000000e+00,0.000000e+00
1.000000e+00,0.000000e+00,0.000000e+00,0.000000e+00,0.000000e+00,0.000000e+00,0.000000e+00,0.000000e+00,0.000000e+00,0.000000e+00,0.000000e+00,0.000000e+00,0.000000e+00,0.000000e+00,0.000000e+00
