1.000000e+00,0.000000e+00,0.000000e+00,0.000000e+00,0.000000e+00,0.000000e+00,0.000000e+00,0.000000e+00,0.000000e+00,0.000000e+00,0.000000e+00,0.000000e+00,0.000000e+00,0.000000e+00,0.000000e+00
1.000000e+00,0.000000e+00,0.000000e+00,0.000000e+00,0.000000e+00,0.000000e+00,0.000000e+00,0.000000e+00,0.000000e+00,0.000000e+00,0.000000e+00,0.000000e+00,0.000000e+00,0.000000e+00,0.000000e+00
1.000000e+00,0.000000e+00,0.000000e+00,0.000000e+00,0.000000e+00,0.000000e+00,0.000000e+00,0.000000e+00,0.000000e+00,0.000000e+00,0.000000e+00,0.000000e+00,0.000000e+00,0.000000e+00,0.000000e+00
1.000000e+00,0.000000e+00,0.000000e+00,0.000000e+00,0.000000e+00,0.000000e+00,0.000000e+00,0.000000e+00,0.000000e+00,0.000000e+00,0.000000e+00,0.000000e+00,0.000000e+00,0.000000e+00,0.000000e+00
1.000000e+00,0.000000e+00,0.000000e+00,0.000000e+00,0.000000e+00,0.000000e+00,0.000000e+00,0.000000e+00,0.000000e+00,0.000000e+00,0.000000e+00,0.000000e+00,0.000000e+00,0.000000e+00,0.000000e+00
1.000000e+00,0.000000e+00,0.000000e+00,0.000000e+00,0.000000e+00,0.000000e+00,0.000000e+00,0.000000e+00,0.000000e+00,0.000000e+00,0.000000e+00,0.000000e+00,0.000000e+00,0.000000e+00,0.000000e+00
1.000000e+00,0.000000e+00,0.000000e+00,0.000000e+00,0.000000e+00,0.000000e+00,0.000000e+00,0.000000e+00,0.000000e+00,0.000000e+00,0.000000e+00,0.000000e+00,0.000000e+00,0.000000e+00,0.000000e+00
1.000000e+00,0.000000e+00,0.000000e+00,0.000000e+00,0.000000e+00,0.000000e+00,0.000000e+00,0.000000e+00,0.000000e+00,0.000000e+00,0.000000e+00,0.000000e+00,0.000000e+00,0.000000e+00,0.000000e+00
1.000000e+00,0.000000e+00,0.000000e+00,0.000000e+00,0.000000e+00,0.000000e+00,0.000000e+00,0.000000e+00,0.000000e+00,0.000000e+00,0.000000e+00,0.000000e+00,0.000000e+00,0.000000e+00,0.000000e+00
1.000000e+00,0.000000e+00,0.000000e+00,0.000000e+00,0.000000e+00,0.000000e+00,0.000000e+00,0.000000e+00,0.000000e+00,0.000000e+00,0.000000e+00,0.000000e+00,0.000000e+00,0.000000e+00,0.000000e+00
1.000000e+00,0.000000e+00,0.000000e+00,0.000000e+00,0.000000e+00,0.000000e+00,0.000000e+00,0.000000e+00,0.000000e+00,0.000000e+00,0.000000e+00,0.000000e+00,0.000000e+00,0.000000e+00,0.000000e+00
1.000000e+00,0.000000e+00,0.000000e+00,0.000000e+00,0.000000e+00,0.000000e+00,0.000000e+00,0.000000e+00,0.000000e+00,0.000000e+00,0.000000e+00,0.000000e+00,0.000000e+00,0.000000e+00,0.000000e+00
1.000000e+00,0.000000e+00,0.000000e+00,0.000000e+00,0.000000e+00,0.000000e+00,0.000000e+00,0.000000e+00,0.000000e+00,0.000000e+00,0.000000e+00,0.000000e+00,0.000000e+00,0.000000e+00,0.000000e+00
1.000000e+00,0.000000e+00,0.000000e+00,0.000000e+00,0.000000e+00,0.000000e+00,0.000000e+00,0.000000e+00,0.000000e+00,0.000000e+00,0.000000e+00,0.000000e+00,0.000000e+00,0.000000e+00,0.000000e+00
1.000000e+00,0.000000e+00,0.000000e+00,0.000000e+00,0.000000e+00,0.000000e+00,0.000000e+00,0.000000e+00,0.000000e+00,0.000000e+00,0.000000e+00,0.000000e+00,0.000000e+00,0.000000e+00,0.000000e+00
1.000000e+00,0.000000e+00,0.000000e+00,0.000000e+00,0.000000e+00,0.000000e+00,0.000000e+00,0.000000e+00,0.000000e+00,0.000000e+00,0.000000e+00,0.000000e+00,0.000000e+00,0.000000e+00,0.000000e+00
1.000000e+00,0.000000e+00,0.000000e+00,0.000000e+00,0.000000e+00,0.000000e+00,0.000000e+00,0.000000e+00,0.000000e+00,0.000000e+00,0.000000e+00,0.000000e+00,0.000000e+00,0.000000e+00,0.000000e+00
1.000000e+00,0.000000e+00,0.000000e+00,0.000000e+00,0.000000e+00,0.000000e+00,0.000000e+00,0.000000e+00,0.000000e+00,0.000000e+00,0.000000e+00,0.000000e+00,0.000000e+00,0.000000e+00,0.000000e+00
1.000000e+00,0.000000e+00,0.000000e+00,0.000000e+00,0.000000e+00,0.000000e+00,0.000000e+00,0.000000e+00,0.000000e+00,0.000000e+00,0.000000e+00,0.000000e+00,0.000000e+00,0.000000e+00,0.000000e+00
1.000000e+00,0.000000e+00,0.000000e+00,0.000000e+00,0.000000e+00,0.000000e+00,0.000000e+00,0.000000e+00,0.000000e+00,0.000000e+00,0.000000e+00,0.000000e+00,0.000000e+00,0.000000e+00,0.000000e+00
1.000000e+00,0.000000e+00,0.000000e+00,0.000000e+00,0.000000e+00,0.000000e+00,0.000000e+00,0.000000e+00,0.000000e+00,0.000000e+00,0.000000e+00,0.000000e+00,0.000000e+00,0.000000e+00,0.000000e+00
1.000000e+00,0.000000e+00,0.000000e+00,0.000000e+00,0.000000e+00,0.000000e+00,0.000000e+00,0.000000e+00,0.000000e+00,0.000000e+00,0.000000e+00,0.000000e+00,0.000000e+00,0.000000e+00,0.000000e+00
1.000000e+00,0.000000e+00,0.000000e+00,0.000000e+00,0.000000e+00,0.000000e+00,0.000000e+00,0.000000e+00,0.000000e+00,0.000000e+00,0.000000e+00,0.000000e+00,0.000000e+00,0.000000e+00,0.000000e+00
1.000000e+00,0.000000e+00,0.000000e+00,0.000000e+00,0.000000e+00,0.000000e+00,0.000000e+00,0.000000e+00,0.000000e+00,0.000000e+00,0.000000e+00,0.000000e+00,0.000000e+00,0.000000e+00,0.000000e+00
1.000000e+00,0.000000e+00,0.000000e+00,0.000000e+00,0.000000e+00,0.000000e+00,0.000000e+00,0.000000e+00,0.000000e+00,0.000000e+00,0.000000e+00,0.000000e+00,0.000000e+00,0.000000e+00,0.000000e+00
1.000000e+00,0.000000e+00,0.000000e+00,0.000000e+00,0.000000e+00,0.000000e+00,0.000000e+00,0.000000e+00,0.000000e+00,0.000000e+00,0.000000e+00,0.000000e+00,0.000000e+00,0.000000e+00,0.000000e+00
1.000000e+00,0.000000e+00,0.000000e+00,0.000000e+00,0.000000e+00,0.000000e+00,0.000000e+00,0.000000e+00,0.000000e+00,0.000000e+00,0.000000e+00,0.000000e+00,0.000000e+00,0.000000e+00,0.000000e+00
1.000000e+00,0.000000e+00,0.000000e+00,0.000000e+00,0.000000e+00,0.000000e+00,0.000000e+00,0.000000e+00,0.000000e+00,0.000000e+00,0.000000e+00,0.000000e+00,0.000000e+00,0.000000e+00,0.000000e+00
1.000000e+00,0.000000e+00,0.000000e+00,0.000000e+00,0.000000e+00,0.000000e+00,0.000000e+00,0.000000e+00,0.000000e+00,0.000000e+00,0.000000e+00,0.000000e+00,0.000000e+00,0.000000e+00,0.000000e+00
1.000000e+00,0.000000e+00,0.000000e+00,0.000000e+00,0.000000e+00,0.000000e+00,0.000000e+00,0.000000e+00,0.000000e+00,0.000000e+00,0.000000e+00,0.000000e+00,0.000000e+00,0.000000e+00,0.000000e+00
1.000000e+00,0.000000e+00,0.000000e+00,0.000000e+00,0.000000e+00,0.000000e+00,0.000000e+00,0.000000e+00,0.000000e+00,0.000000e+00,0.000000e+00,0.000000e+00,0.000000e+00,0.000000e+00,0.000000e+00
1.000000e+00,0.000000e+00,0.000000e+00,0.000000e+00,0.000000e+00,0.000000e+00,0.000000e+00,0.000000e+00,0.000000e+00,0.000000e+00,0.000000e+00,0.000000e+00,0.000000e+00,0.000000e+00,0.000000e+00
1.000000e+00,0.000000e+00,0.000000e+00,0.000000e+00,0.000000e+00,0.000000e+00,0.000000e+00,0.000000e+00,0.000000e+00,0.000000e+00,0.000000e+00,0.000000e+00,0.000000e+00,0.000000e+00,0.000000e+00
1.000000e+00,0.000000e+00,0.000000e+00,0.000000e+00,0.000000e+00,0.000000e+00,0.000000e+00,0.000000e+00,0.000000e+00,0.000000e+00,0.000000e+00,0.000000e+00,0.000000e+00,0.000000e+00,0.000000e+00
1.000000e+00,0.000000e+00,0.000000e+00,0.000000e+00,0.000000e+00,0.000000e+00,0.000000e+00,0.000000e+00,0.000000e+00,0.000000e+00,0.000000e+00,0.000000e+00,0.000000e+00,0.000000e+00,0.000000e+00
1.000000e+00,0.000000e+00,0.000000e+00,0.000000e+00,0.000000e+00,0.000000e+00,0.000000e+00,0.000000e+00,0.000000e+00,0.000000e+00,0.000000e+00,0.000000e+00,0.000000e+00,0.000000e+00,0.000000e+00
1.000000e+00,0.000000e+00,0.000000e+00,0.000000e+00,0.000000e+00,0.000000e+00,0.000000e+00,0.000000e+00,0.000000e+00,0.000000e+00,0.000000e+00,0.000000e+00,0.000000e+00,0.000000e+00,0.000000e+00
1.000000e+00,0.000000e+00,0.000000e+00,0.000000e+00,0.000000e+00,0.000000e+00,0.000000e+00,0.000000e+00,0.000000e+00,0.000000e+00,0.000000e+00,0.000000e+00,0.000000e+00,0.000000e+00,0.000000e+00
1.000000e+00,0.000000e+00,0.000000e+00,0.000000e+00,0.000000e+00,0.000000e+00,0.000000e+00,0.000000e+00,0.000000e+00,0.000000e+00,0.000000e+00,0.000000e+00,0.000000e+00,0.000000e+00,0.000000e+00
1.000000e+00,0.000000e+00,0.000000e+00,0.000000e+00,0.000000e+00,0.000000e+00,0.000000e+00,0.000000e+00,0.000000e+00,0.000000e+00,0.000000e+00,0.000000e+00,0.000000e+00,0.000000e+00,0.000000e+00
4.646058e-01,7.137702e-02,4.315563e-02,2.019562e-01,1.621083e-02,2.447460e-02,8.645401e-03,3.851584e-02,2.387169e-02,2.463446e-03,2.306275e-02,3.162931e-02,1.134603e-02,4.835133e-03,3.385037e-02
3.922401e-01,8.666383e-02,4.455587e-02,2.464935e-01,1.944563e-02,2.270437e-02,8.557590e-03,3.429728e-02,2.649749e-02,2.620417e-03,2.678181e-02,3.426738e-02,1.202719e-02,5.629992e-03,3.721759e-02
3.408874e-01,9.370215e-02,4.608677e-02,2.626155e-01,2.771800e-02,2.372754e-02,9.008821e-03,3.652085e-02,2.942488e-02,3.243848e-03,2.714717e-02,3.798403e-02,1.267676e-02,6.380289e-03,4.287603e-02
3.467198e-01,1.004658e-01,3.934475e-02,2.483750e-01,3.086668e-02,2.323286e-02,8.918935e-03,3.007377e-02,2.972722e-02,3.577803e-03,2.905920e-02,4.023546e-02,1.515245e-02,7.597662e-03,4.665262e-02
3.950910e-01,9.586342e-02,3.328269e-02,2.096283e-01,3.026413e-02,2.434578e-02,9.061078e-03,2.565637e-02,2.597429e-02,3.831592e-03,2.483102e-02,3.965650e-02,1.999677e-02,9.016217e-03,5.350086e-02
4.245550e-01,9.667031e-02,2.809705e-02,1.773964e-01,2.883957e-02,2.758588e-02,9.009507e-03,2.186133e-02,2.390464e-02,4.039019e-03,2.299487e-02,3.895111e-02,2.458690e-02,1.089569e-02,6.061274e-02
3.484289e-01,1.062919e-01,4.271990e-02,2.157798e-01,2.701646e-02,2.783491e-02,8.906466e-03,2.611433e-02,2.310538e-02,3.763895e-03,2.329504e-02,3.979306e-02,2.570396e-02,1.053035e-02,7.071572e-02
3.062397e-01,1.005199e-01,6.859849e-02,2.652292e-01,2.333352e-02,2.315777e-02,7.772688e-03,2.915553e-02,2.151171e-02,3.170389e-03,2.197289e-02,3.461839e-02,2.223227e-02,8.766181e-03,6.372134e-02
4.084774e-01,8.221576e-02,5.767025e-02,2.144284e-01,2.013049e-02,2.101473e-02,7.084202e-03,2.396836e-02,1.962573e-02,2.908452e-03,2.224862e-02,3.252437e-02,2.240514e-02,8.733897e-03,5.656424e-02
4.679620e-01,6.634317e-02,6.404725e-02,1.721557e-01,1.954509e-02,2.023750e-02,7.376947e-03,2.724157e-02,1.791329e-02,2.809403e-03,2.241982e-02,3.187630e-02,2.258787e-02,7.946798e-03,4.953732e-02
1.000000e+00,0.000000e+00,0.000000e+00,0.000000e+00,0.000000e+00,0.000000e+00,0.000000e+00,0.000000e+00,0.000000e+00,0.000000e+00,0.000000e+00,0.000000e+00,0.000000e+00,0.000000e+00,0.000000e+00
1.000000e+00,0.000000e+00,0.000000e+00,0.000000e+00,0.000000e+00,0.000000e+00,0.000000e+00,0.000000e+00,0.000000e+00,0.000000e+00,0.000000e+00,0.000000e+00,0.000000e+00,0.000000e+00,0.000000e+00
1.000000e+00,0.000000e+00,0.000000e+00,0.000000e+00,0.000000e+00,0.000000e+00,0.000000e+00,0.000000e+00,0.000000e+00,0.000000e+00,0.000000e+00,0.000000e+00,0.000000e+00,0.000000e+00,0.000000e+00
1.000000e+00,0.000000e+00,0.000000e+00,0.000000e+00,0.000000e+00,0.000000e+00,0.000000e+00,0.000000e+00,0.000000e+00,0.000000e+00,0.000000e+00,0.000000e+00,0.000000e+00,0.000000e+00,0.000000e+00
1.000000e+00,0.000000e+00,0.000000e+00,0.000000e+00,0.000000e+00,0.000000e+00,0.000000e+00,0.000000e+00,0.000000e+00,0.000000e+00,0.000000e+00,0.000000e+00,0.000000e+00,0.000000e+00,0.000000e+00
1.000000e+00,0.000000e+00,0.000000e+00,0.000000e+00,0.000000e+00,0.000000e+00,0.000000e+00,0.000000e+00,0.000000e+00,0.000000e+00,0.000000e+00,0.000000e+00,0.000000e+00,0.000000e+00,0.000000e+00
1.000000e+00,0.000000e+00,0.000000e+00,0.000000e+00,0.000000e+00,0.000000e+00,0.000000e+00,0.000000e+00,0.000000e+00,0.000000e+00,0.000000e+00,0.000000e+00,0.000000e+00,0.000000e+00,0.000000e+00
1.000000e+00,0.000000e+00,0.000000e+00,0.000000e+00,0.000000e+00,0.000000e+00,0.000000e+00,0.000000e+00,0.000000e+00,0.000000e+00,0.000000e+00,0.000000e+00,0.000000e+00,0.000000e+00,0.000000e+00
1.000000e+00,0.000000e+00,0.000000e+00,0.000000e+00,0.000000e+00,0.000000e+00,0.000000e+00,0.000000e+00,0.000000e+00,0.000000e+00,0.000000e+00,0.000000e+00,0.000000e+00,0.000000e+00,0.000000e+00
1.000000e+00,0.000000e+00,0.000000e+00,0.000000e+00,0.000000e+00,0.000000e+00,0.000000e+00,0.000000e+00,0.000000e+00,0.000000e+00,0.000000e+00,0.000000e+00,0.000000e+00,0.000000e+00,0.000000e+00
1.000000e+00,0.000000e+00,0.000000e+00,0.000000e+00,0.000000e+00,0.000000e+00,0.000000e+00,0.000000e+00,0.000000e+00,0.000000e+00,0.000000e+00,0.000000e+00,0.000000e+00,0.000000e+00,0.000000e+00
1.000000e+00,0.000000e+00,0.000000e+00,0.000000e+00,0.000000e+00,0.000000e+00,0.000000e+00,0.000000e+00,0.000000e+00,0.000000e+00,0.000000e+00,0.000000e+00,0.000000e+00,0.000000e+00,0.000000e+00
1.000000e+00,0.000000e+00,0.000000e+00,0.000000e+00,0.000000e+00,0.000000e+00,0.000000e+00,0.000000e+00,0.000000e+00,0.000000e+00,0.000000e+00,0.000000e+00,0.000000e+00,0.000000e+00,0.000000e+00
3.803456e-01,1.312061e-02,9.215707e-03,2.174297e-02,3.008696e-02,2.377877e-01,3.036834e-03,8.634971e-03,1.139795e-02,4.198843e-02,1.585619e-02,1.025886e-02,9.574584e-03,2.763797e-03,2.041889e-01
2.663735e-01,9.248439e-03,6.476455e-03,1.564879e-02,2.123174e-02,1.738598e-01,2.157841e-03,6.093424e-03,8.500179e-03,3.081794e-02,2.202594e-02,7.841176e-03,8.642451e-03,2.832172e-03,4.182501e-01
1.865368e-01,6.538962e-03,4.560831e-03,1.103874e-02,1.584532e-02,1.223855e-01,1.517436e-03,4.301328e-03,6.604098e-03,2.256089e-02,1.772319e-02,6.091126e-03,6.698804e-03,2.257065e-03,5.853399e-01
1.306757e-01,4.601493e-03,3.201298e-03,7.771998e-03,1.241371e-02,8.592739e-02,1.066422e-03,3.032085e-03,4.924559e-03,1.628659e-02,1.393592e-02,4.498282e-03,4.869903e-03,1.878882e-03,7.049158e-01
9.151594e-02,3.300207e-03,2.321870e-03,5.584730e-03,6.900784e-02,6.025730e-02,7.621925e-04,2.264073e-03,6.147025e-03,1.217129e-02,1.313169e-02,4.771955e-03,3.722194e-03,2.178900e-03,7.228628e-01
6.421544e-02,2.527352e-03,1.711241e-03,4.101393e-03,6.114756e-02,4.278588e-02,5.451754e-04,1.726821e-03,6.648172e-03,1.206578e-02,1.253572e-02,4.925531e-03,3.412883e-03,3.610605e-03,7.780404e-01
4.539901e-02,7.728985e-03,2.114635e-03,4.910103e-03,7.456155e-02,3.474719e-02,4.367307e-04,1.520439e-03,3.372882e-02,3.209242e-02,1.275196e-02,7.389220e-03,5.864759e-03,6.648223e-03,7.301059e-01
3.385612e-02,1.919288e-02,5.511186e-03,6.105983e-03,5.705387e-02,2.697626e-02,4.335180e-04,3.087187e-03,6.946401e-02,3.085129e-02,1.460642e-02,1.439132e-02,1.780997e-02,8.882324e-02,6.118367e-01
3.010730e-02,3.258982e-02,1.412312e-02,6.728928e-03,4.460578e-02,3.549660e-02,1.874545e-03,1.142451e-02,1.559379e-01,3.672065e-02,1.852631e-02,1.691285e-02,2.550792e-02,8.267739e-02,4.867664e-01
2.268740e-02,3.433957e-02,1.156928e-02,5.237591e-03,3.593534e-02,3.572655e-02,1.729747e-03,1.092386e-02,3.287268e-01,2.673681e-02,1.409251e-02,1.265737e-02,2.005468e-02,7.008122e-02,3.695012e-01
1.759611e-02,4.011636e-02,8.852172e-03,5.484181e-03,2.777335e-02,2.663173e-02,1.720768e-03,1.613299e-02,4.191308e-01,2.047360e-02,1.151233e-02,1.071011e-02,2.237949e-02,9.147218e-02,2.800138e-01
1.303989e-02,3.789154e-02,1.341165e-02,2.165038e-02,2.070381e-02,1.950840e-02,1.258737e-03,1.161053e-02,3.598155e-01,3.978589e-02,1.492003e-02,1.009019e-02,2.318723e-02,6.559446e-02,3.475317e-01
1.224640e-02,3.923418e-02,1.024903e-02,2.260090e-02,1.601839e-02,1.587620e-02,1.021070e-03,8.441974e-03,4.131274e-01,3.394008e-02,1.791297e-02,1.003356e-02,2.283420e-02,5.112638e-02,3.253373e-01
1.220720e-02,4.545940e-02,8.141982e-03,2.693145e-02,1.413236e-02,1.599711e-02,9.515480e-04,6.314745e-03,4.810076e-01,3.131502e-02,2.255375e-02,9.003125e-03,2.508415e-02,3.667951e-02,2.642210e-01
1.443633e-02,9.735053e-02,7.008648e-03,5.794974e-02,1.106791e-02,1.279584e-02,7.535298e-04,4.771648e-03,4.512805e-01,2.430853e-02,2.083228e-02,9.393161e-03,2.297751e-02,2.907894e-02,2.359949e-01
4.972758e-02,1.059332e-01,6.310489e-03,4.598925e-02,1.140457e-02,1.412191e-02,7.842442e-04,4.917595e-03,4.554920e-01,1.883349e-02,2.966320e-02,1.115728e-02,2.464963e-02,2.351888e-02,1.974967e-01
8.853777e-02,1.073506e-01,6.030446e-03,6.178308e-02,9.483463e-03,1.243134e-02,8.386238e-04,4.381588e-03,3.919912e-01,2.160489e-02,3.040854e-02,1.157193e-02,2.186204e-02,2.352293e-02,2.082016e-01
1.311577e-01,1.105589e-01,8.545016e-03,6.429212e-02,9.446502e-03,1.210960e-02,9.417495e-04,4.691257e-03,3.527393e-01,2.429250e-02,3.662441e-02,1.877718e-02,2.412043e-02,2.312982e-02,1.785735e-01
1.310085e-01,1.155795e-01,9.208116e-03,4.885335e-02,2.182591e-02,2.349629e-02,9.616246e-04,7.096542e-03,3.515987e-01,2.295684e-02,2.975467e-02,1.404738e-02,2.112118e-02,2.160355e-02,1.808878e-01
1.374618e-01,1.153487e-01,4.142990e-02,1.172399e-01,3.467624e-02,2.191742e-02,1.285778e-03,1.333625e-02,2.807493e-01,1.744975e-02,2.539171e-02,1.168063e-02,1.793847e-02,1.692053e-02,1.471735e-01
1.388900e-01,1.196203e-01,4.331149e-02,9.298154e-02,5.191319e-02,3.050767e-02,2.910311e-03,2.442058e-02,2.765563e-01,1.372182e-02,2.071933e-02,9.269647e-03,1.688119e-02,1.510651e-02,1.431901e-01
1.596729e-01,1.055218e-01,5.917956e-02,1.046475e-01,5.906757e-02,3.069151e-02,4.094062e-03,3.152313e-02,2.547841e-01,1.112226e-02,1.727220e-02,8.017235e-03,1.489599e-02,1.227269e-02,1.272376e-01
1.707701e-01,8.185469e-02,6.354073e-02,8.116192e-02,6.284512e-02,3.546380e-02,4.729405e-03,7.854187e-02,2.752672e-01,8.651027e-03,1.304219e-02,6.392183e-03,1.297783e-02,1.014439e-02,9.461755e-02
1.806237e-01,8.136006e-02,5.168539e-02,6.301680e-02,7.093664e-02,2.922025e-02,6.812111e-03,9.832415e-02,3.029128e-01,6.340407e-03,1.061362e-02,5.439325e-03,1.069850e-02,9.529556e-03,7.248674e-02
2.095994e-01,6.155987e-02,5.466457e-02,4.750028e-02,5.844877e-02,2.389044e-02,1.040637e-02,1.118134e-01,3.260782e-01,4.873519e-03,1.009831e-02,5.934721e-03,1.019866e-02,1.023984e-02,5.469368e-02
1.729062e-01,4.393421e-02,6.267472e-02,3.577669e-02,4.338516e-02,1.926141e-02,2.345622e-02,2.845556e-01,2.412200e-01,3.576800e-03,7.875477e-03,4.981093e-03,9.010714e-03,7.788617e-03,3.959708e-02
1.539499e-01,3.221426e-02,5.174158e-02,2.671847e-02,3.244495e-02,2.024727e-02,2.392386e-02,4.227036e-01,1.758880e-01,2.887098e-03,6.568139e-03,5.015595e-03,9.177998e-03,5.919779e-03,3.059951e-02
1.286617e-01,2.308845e-02,4.151992e-02,1.958503e-02,2.344504e-02,2.663502e-02,3.269941e-02,5.298589e-01,1.263154e-01,2.329191e-03,5.415686e-03,4.651950e-03,8.643528e-03,4.356924e-03,2.279379e-02
1.176896e-01,1.696630e-02,7.954375e-02,1.777230e-02,1.879046e-02,3.611971e-02,3.822459e-02,5.382564e-01,9.028483e-02,2.763752e-03,5.168383e-03,5.893637e-03,9.816862e-03,3.547888e-03,1.916155e-02
1.313283e-01,1.332393e-02,8.243793e-02,1.687736e-02,1.557670e-02,8.168762e-02,2.962133e-02,5.132807e-01,6.526381e-02,4.493399e-03,5.658905e-03,7.265165e-03,8.584911e-03,3.879582e-03,2.072025e-02
1.531913e-01,1.098377e-02,6.860565e-02,1.372569e-02,1.200503e-02,1.636757e-01,2.508787e-02,4.354505e-01,5.109815e-02,6.143148e-03,6.544634e-03,8.844578e-03,1.552301e-02,3.546298e-03,2.557471e-02
1.402027e-01,1.120490e-02,5.172886e-02,1.308832e-02,8.917361e-03,2.569421e-01,2.049466e-02,3.256664e-01,4.555329e-02,8.975122e-03,8.796878e-03,1.868584e-02,4.561557e-02,3.813287e-03,4.031464e-02
1.324574e-01,1.143022e-02,4.639195e-02,1.343839e-02,7.234432e-03,2.489788e-01,1.812014e-02,2.464892e-01,5.153733e-02,1.163905e-02,8.806556e-03,2.491630e-02,1.308930e-01,3.283828e-03,4.438345e-02
1.357271e-01,1.425556e-02,4.794396e-02,3.217282e-02,9.771703e-03,1.887612e-01,1.490156e-02,1.820404e-01,1.118942e-01,1.945454e-02,9.753500e-03,2.597733e-02,1.373533e-01,4.201570e-03,6.579125e-02
1.317465e-01,1.236095e-02,3.971323e-02,2.486362e-02,9.345449e-03,1.559474e-01,1.470798e-02,1.357445e-01,8.275726e-02,1.459856e-02,1.088133e-02,2.557632e-02,2.878332e-01,3.366438e-03,5.055723e-02
1.173550e-01,1.217566e-02,3.057384e-02,1.942281e-02,8.478735e-03,1.259714e-01,1.418067e-02,9.769968e-02,6.367648e-02,1.133993e-02,1.128051e-02,2.651577e-02,4.113044e-01,2.556956e-03,4.746827e-02
1.035862e-01,2.579584e-02,2.631972e-02,2.335126e-02,7.593502e-03,1.162665e-01,1.162252e-02,6.883057e-02,6.359974e-02,1.157214e-02,1.202441e-02,4.641889e-02,4.385146e-01,3.063671e-03,4.144050e-02
7.758971e-02,2.067749e-02,2.012620e-02,1.909273e-02,7.420038e-03,8.651910e-02,9.263890e-03,4.896292e-02,5.750641e-02,9.633262e-03,1.165551e-02,5.895564e-02,5.124117e-01,2.521657e-03,5.766383e-02
5.828598e-02,1.748200e-02,2.558037e-02,2.391551e-02,1.033137e-02,6.570294e-02,8.006694e-03,4.135485e-02,4.592034e-02,1.026680e-02,9.770187e-03,5.796785e-02,5.713600e-01,2.756514e-03,5.129858e-02
4.267163e-02,1.341996e-02,2.280900e-02,2.095098e-02,4.157603e-02,4.869843e-02,1.298180e-02,3.200830e-02,4.343074e-02,1.151731e-02,8.779658e-03,5.129440e-02,4.916337e-01,2.376211e-03,1.558519e-01
3.303181e-02,1.100358e-02,2.822616e-02,2.960930e-02,1.002502e-01,4.030204e-02,1.414743e-02,2.776090e-02,3.468566e-02,1.230163e-02,8.089444e-03,4.537078e-02,4.294755e-01,1.940769e-03,1.838047e-01
6.037340e-02,1.053243e-02,2.882207e-02,3.718162e-02,1.192596e-01,3.688270e-02,1.187885e-02,3.158052e-02,6.813809e-02,1.681909e-02,1.181189e-02,3.859790e-02,3.645310e-01,2.488208e-03,1.611026e-01
4.772945e-02,1.101463e-02,2.489835e-02,3.021105e-02,1.122607e-01,3.167968e-02,1.289009e-02,2.539817e-02,2.121988e-01,1.310476e-02,1.085223e-02,2.859828e-02,2.727607e-01,2.108456e-03,1.642947e-01
4.341084e-02,1.172625e-02,2.414889e-02,2.370926e-02,1.112196e-01,3.106711e-02,1.661896e-02,2.017240e-02,3.106897e-01,1.068240e-02,9.954873e-03,2.159954e-02,2.064215e-01,1.804171e-03,1.567744e-01
3.890285e-02,1.053149e-02,2.722015e-02,5.609987e-02,1.036417e-01,2.843082e-02,1.576897e-02,1.693541e-02,4.031574e-01,8.400412e-03,8.475807e-03,1.595485e-02,1.500930e-01,1.357089e-03,1.150301e-01
3.211193e-02,1.389460e-02,2.098312e-02,4.184869e-02,9.019218e-02,3.981634e-02,1.539352e-02,1.316447e-02,5.049945e-01,6.379751e-03,7.217940e-03,1.193655e-02,1.137241e-01,1.029827e-03,8.731253e-02
3.427415e-02,1.283326e-02,1.780907e-02,8.064500e-02,9.164162e-02,3.225346e-02,1.395555e-02,4.064932e-02,5.114940e-01,4.920426e-03,6.211765e-03,9.228393e-03,8.124091e-02,7.995050e-04,6.204350e-02
4.815208e-02,3.648701e-02,1.883946e-02,8.750533e-02,8.071042e-02,4.320095e-02,1.364277e-02,3.346444e-02,4.855929e-01,6.199818e-03,6.341409e-03,8.375588e-03,6.898510e-02,8.633100e-04,6.163941e-02
6.258575e-02,4.489913e-02,1.487991e-02,6.990744e-02,7.201665e-02,8.246230e-02,1.160834e-02,2.894735e-02,4.576431e-01,1.012880e-02,7.322746e-03,8.540346e-03,6.263748e-02,1.076397e-03,6.534430e-02
7.050163e-02,1.129249e-01,1.211799e-02,5.840342e-02,6.226755e-02,7.146518e-02,8.518408e-03,2.493920e-02,4.532025e-01,1.156782e-02,6.329375e-03,8.788532e-03,4.564287e-02,1.217483e-03,5.211319e-02
8.591098e-02,1.470246e-01,9.624431e-03,4.880629e-02,6.405166e-02,6.258763e-02,6.371157e-03,2.258908e-02,4.400536e-01,1.076745e-02,5.572485e-03,1.013802e-02,3.359884e-02,1.326236e-03,5.157752e-02
9.241228e-02,2.607389e-01,7.855697e-03,4.870542e-02,4.751024e-02,5.037271e-02,4.863274e-03,2.249768e-02,3.588473e-01,8.861674e-03,1.231511e-02,1.654307e-02,2.642955e-02,1.340686e-03,4.070639e-02
6.820437e-02,2.705471e-01,6.524161e-03,4.561354e-02,3.345150e-02,3.599647e-02,3.484274e-03,1.584739e-02,2.595102e-01,6.899409e-03,1.778140e-02,1.614808e-01,4.410954e-02,1.326922e-03,2.922298e-02
5.639893e-02,2.166563e-01,5.914873e-03,3.892885e-02,2.395234e-02,2.663982e-02,2.610985e-03,1.154381e-02,1.871608e-01,5.283718e-03,4.837669e-02,2.826323e-01,7.108881e-02,1.224449e-03,2.158742e-02
4.019580e-02,1.522230e-01,4.202798e-03,2.785071e-02,1.687247e-02,1.877979e-02,1.839315e-03,8.086648e-03,1.318189e-01,3.958614e-03,3.772855e-02,4.876001e-01,5.281448e-02,8.784913e-04,1.515020e-02
3.169327e-02,1.069714e-01,3.031073e-03,1.988633e-02,1.206238e-02,1.402587e-02,1.363099e-03,5.685861e-03,9.440428e-02,3.280876e-03,4.629172e-02,6.019695e-01,4.768852e-02,7.357948e-04,1.091002e-02
2.766159e-02,7.518508e-02,2.186387e-03,1.404541e-02,8.636176e-03,1.246379e-02,1.090158e-03,4.111335e-03,6.797066e-02,2.780803e-03,6.625469e-02,6.660090e-01,4.262545e-02,9.144651e-04,8.065010e-03
1.938099e-02,5.266433e-02,1.536604e-03,9.849616e-03,6.056039e-03,1.022816e-02,7.737876e-04,2.885590e-03,4.836209e-02,1.956827e-03,4.810328e-02,7.611371e-01,3.075453e-02,6.576775e-04,5.653359e-03
1.446464e-02,3.743354e-02,1.307317e-03,7.064269e-03,1.384336e-02,3.865183e-02,1.336900e-03,2.314975e-03,1.151926e-01,1.563777e-03,3.972356e-02,6.950997e-01,2.722003e-02,5.159414e-04,4.267537e-03
1.031375e-02,2.631307e-02,9.356499e-04,4.960924e-03,9.938446e-03,2.752551e-02,1.121501e-03,1.669224e-03,1.006159e-01,1.203105e-03,2.909250e-02,7.621261e-01,2.064711e-02,4.313798e-04,3.105894e-03
7.771819e-03,1.888004e-02,6.880473e-04,3.520044e-03,7.136025e-03,2.478439e-02,9.801793e-04,1.284886e-03,9.046550e-02,1.041335e-03,2.265353e-02,7.943734e-01,2.364616e-02,4.954597e-04,2.279203e-03
5.798482e-03,1.458362e-02,6.844257e-04,2.499947e-03,7.286484e-03,2.519162e-02,2.063483e-03,1.399964e-03,1.064297e-01,1.584895e-03,1.776614e-02,7.921606e-01,2.041066e-02,4.616363e-04,1.678280e-03
5.015143e-03,1.297345e-02,8.114022e-04,1.830225e-03,6.146341e-03,2.841766e-02,1.726025e-03,1.413885e-03,9.742673e-02,2.087090e-03,1.427609e-02,8.035175e-01,2.243264e-02,5.224069e-04,1.403476e-03
4.142202e-03,9.584924e-03,8.162088e-04,1.314369e-03,5.612312e-03,2.947205e-02,1.563045e-03,1.533145e-03,7.312475e-02,1.862617e-03,1.111172e-02,8.372021e-01,2.119527e-02,4.432517e-04,1.022029e-03
9.883977e-03,9.591250e-03,2.268988e-03,9.931576e-04,5.557784e-03,3.014709e-02,1.935309e-03,2.104892e-03,6.085702e-02,2.513782e-03,8.204648e-03,8.456164e-01,1.874120e-02,5.972161e-04,9.872662e-04
2.645882e-02,1.012228e-02,2.119845e-03,8.214338e-04,5.320881e-03,2.443293e-02,1.648478e-03,2.408235e-03,4.893114e-02,3.281034e-03,6.247844e-03,8.499149e-01,1.610110e-02,7.587015e-04,1.432346e-03
4.325119e-02,9.962797e-03,3.291306e-03,7.340324e-04,4.841451e-03,1.981709e-02,1.599847e-03,2.340969e-03,3.702393e-02,3.831880e-03,4.900054e-03,8.525498e-01,1.254130e-02,1.121241e-03,2.193162e-03
3.827257e-02,8.100053e-03,6.296882e-03,1.498814e-03,3.869028e-03,1.451014e-02,1.626296e-03,9.797350e-02,2.821223e-02,3.611509e-03,4.360276e-03,7.762160e-01,1.126584e-02,1.281115e-03,2.905712e-03
4.416142e-02,6.277566e-03,4.592650e-02,5.923527e-03,4.118470e-03,1.065826e-02,1.796270e-03,2.290320e-01,2.043946e-02,2.895982e-03,3.496739e-03,6.129038e-01,9.101558e-03,1.091117e-03,2.177401e-03
9.228139e-02,1.318653e-02,1.332638e-01,4.575448e-02,1.552684e-02,1.036368e-02,6.153465e-03,1.675267e-01,2.957680e-02,3.057237e-03,3.925372e-03,4.572991e-01,6.777763e-03,1.233082e-03,1.407378e-02
1.322494e-01,2.928178e-02,1.425663e-01,5.606814e-02,3.213111e-02,1.524585e-02,7.590751e-03,1.284909e-01,4.169037e-02,3.414012e-03,7.869978e-03,3.536108e-01,5.634055e-03,2.138530e-03,4.201799e-02
1.151223e-01,3.439703e-02,2.287581e-01,5.126864e-02,5.046631e-02,2.185431e-02,8.969217e-03,1.154020e-01,4.284758e-02,3.624437e-03,9.091575e-03,2.713004e-01,5.357493e-03,2.588236e-03,3.895247e-02
9.609525e-02,4.559430e-02,2.235748e-01,8.154204e-02,1.047086e-01,2.390719e-02,2.399452e-02,1.004445e-01,5.496468e-02,2.955062e-03,8.478871e-03,1.953788e-01,5.440809e-03,1.996323e-03,3.092426e-02
8.198097e-02,3.929151e-02,1.921638e-01,1.193301e-01,1.740319e-01,1.879625e-02,3.769790e-02,9.767702e-02,6.293896e-02,2.143523e-03,6.354153e-03,1.385335e-01,4.509599e-03,1.472895e-03,2.307786e-02
1.028457e-01,5.792522e-02,1.508363e-01,9.659035e-02,1.910747e-01,1.876391e-02,3.451385e-02,7.905817e-02,7.091018e-02,2.284506e-03,7.357166e-03,1.207156e-01,1.106059e-02,2.839806e-03,5.322399e-02
7.972546e-02,1.238032e-01,1.229187e-01,1.500093e-01,1.944554e-01,2.029105e-02,2.890767e-02,6.736300e-02,5.936123e-02,2.319941e-03,5.562428e-03,8.604643e-02,8.543839e-03,2.165708e-03,4.852666e-02
7.226682e-02,1.006956e-01,1.652361e-01,2.382021e-01,1.527442e-01,2.403322e-02,2.197052e-02,5.430638e-02,5.128089e-02,2.834345e-03,4.789744e-03,6.078492e-02,8.563127e-03,1.773597e-03,4.051843e-02
9.360684e-02,8.793140e-02,1.293734e-01,3.041229e-01,1.258881e-01,2.420496e-02,1.700909e-02,4.006223e-02,6.432185e-02,2.471692e-03,4.701659e-03,4.434277e-02,2.844153e-02,1.568801e-03,3.195294e-02
7.204132e-02,7.099365e-02,1.431532e-01,4.252362e-01,9.221534e-02,1.794599e-02,1.197881e-02,2.918789e-02,5.341863e-02,2.788594e-03,4.338967e-03,3.117017e-02,2.015520e-02,1.182244e-03,2.419387e-02
5.435260e-02,5.764743e-02,2.269220e-01,4.291853e-01,6.513955e-02,1.346675e-02,8.415246e-03,2.077444e-02,4.181819e-02,6.371049e-03,4.418533e-03,2.190485e-02,1.460624e-02,1.787609e-03,3.319033e-02
4.746792e-02,5.700918e-02,2.617857e-01,3.321808e-01,4.623200e-02,1.161974e-02,5.949976e-03,1.484453e-02,3.225055e-02,1.853578e-02,6.863822e-03,1.547284e-02,1.099068e-02,4.482136e-02,9.397510e-02
3.457269e-02,4.393336e-02,1.840878e-01,2.326583e-01,3.257900e-02,8.622832e-03,4.194043e-03,1.039954e-02,2.452778e-02,3.222355e-02,5.853983e-03,1.092343e-02,7.840359e-03,2.603482e-01,1.072352e-01
2.792390e-02,3.348492e-02,1.290955e-01,1.631235e-01,2.342439e-02,7.879669e-03,3.022500e-03,7.328912e-03,2.031665e-02,6.291429e-02,9.310893e-03,7.848405e-03,6.568600e-03,3.358285e-01,1.619293e-01
2.018995e-02,2.448806e-02,9.079277e-02,1.142177e-01,1.655532e-02,5.750816e-03,2.149411e-03,5.138733e-03,1.564131e-02,6.215961e-02,7.717754e-03,5.561077e-03,4.842464e-03,4.887403e-01,1.360547e-01
1.430666e-02,1.732412e-02,6.358976e-02,7.995711e-02,1.167420e-02,4.061038e-03,1.510493e-03,3.598388e-03,1.216243e-02,6.188913e-02,5.772720e-03,3.914230e-03,3.425163e-03,5.840539e-01,1.327606e-01
1.068930e-02,1.263759e-02,4.468446e-02,5.602662e-02,8.320445e-03,2.957419e-03,1.096650e-03,2.527880e-03,1.293023e-02,9.359688e-02,4.812465e-03,2.789036e-03,2.454765e-03,6.342778e-01,1.101984e-01
8.035154e-03,8.895110e-03,3.159638e-02,3.922473e-02,5.872915e-03,2.113459e-03,8.063253e-04,1.774860e-03,1.100610e-02,1.249828e-01,4.655231e-03,1.993253e-03,1.752590e-03,6.685408e-01,8.875030e-02
5.690384e-03,6.239604e-03,2.217171e-02,2.745973e-02,4.121336e-03,1.499004e-03,5.728104e-04,1.243783e-03,8.316425e-03,1.637991e-01,3.515659e-03,1.434707e-03,1.287604e-03,6.803986e-01,7.224951e-02
4.014686e-03,4.574085e-03,1.557439e-02,1.924498e-02,3.199617e-03,1.084015e-03,4.191552e-04,8.747822e-04,1.392049e-02,3.245110e-01,4.379224e-03,1.049638e-03,1.063257e-03,5.179405e-01,8.815014e-02
2.903030e-03,3.693729e-03,1.129517e-02,1.350910e-02,2.324014e-03,1.044305e-03,3.080880e-04,6.333734e-04,2.048308e-02,4.070631e-01,4.937559e-03,8.085832e-04,9.233321e-04,4.491112e-01,8.096235e-02
2.169949e-03,2.638270e-03,8.025527e-03,9.515048e-03,1.694515e-03,7.797084e-04,2.345234e-04,4.822593e-04,1.953366e-02,4.279277e-01,4.421264e-03,6.617096e-04,8.461316e-04,4.445376e-01,7.653210e-02
1.656675e-03,1.885515e-03,5.681680e-03,6.776082e-03,1.334130e-03,6.367464e-04,1.947651e-04,3.935773e-04,2.075491e-02,4.224175e-01,4.962972e-03,5.929241e-04,1.013826e-03,4.338496e-01,9.784910e-02
1.541243e-03,1.362692e-03,4.170925e-03,5.555462e-03,3.642046e-03,6.398122e-04,1.764333e-04,3.436180e-03,2.160222e-02,4.722518e-01,2.192165e-02,9.183201e-04,4.341299e-03,3.709931e-01,8.744676e-02
1.725769e-03,1.195072e-03,3.989532e-03,6.645240e-03,3.087447e-02,1.037444e-03,2.965927e-04,1.784154e-02,3.033970e-02,4.842445e-01,3.399912e-02,1.159106e-03,6.697346e-03,2.804148e-01,9.953970e-02
5.789082e-03,1.025925e-02,3.089376e-02,2.763657e-02,9.754743e-02,6.041531e-03,6.751408e-04,3.622144e-02,5.003380e-02,4.177018e-01,3.094586e-02,9.842988e-04,6.763991e-03,1.995071e-01,7.899893e-02
1.593892e-02,2.942580e-02,5.919269e-02,6.565420e-02,1.852187e-01,2.481093e-02,2.821561e-03,3.022217e-02,4.138789e-02,3.057161e-01,3.524870e-02,9.046445e-04,5.677288e-03,1.403837e-01,5.739670e-02
1.791566e-02,3.624649e-02,1.039361e-01,1.606571e-01,1.949513e-01,3.042520e-02,3.862736e-03,3.543179e-02,3.061293e-02,2.162633e-01,2.570254e-02,6.882721e-04,4.315934e-03,9.839364e-02,4.059700e-02
2.425558e-02,3.970148e-02,1.296407e-01,1.668636e-01,2.360272e-01,3.340673e-02,4.531248e-03,6.887815e-02,2.420824e-02,1.520561e-01,1.849254e-02,5.050673e-04,3.082616e-03,6.897776e-02,2.937292e-02
3.163920e-02,4.765500e-02,1.562214e-01,1.719729e-01,2.580742e-01,2.988428e-02,5.818848e-03,6.992400e-02,2.901148e-02,1.083863e-01,1.396077e-02,4.255685e-04,2.252379e-03,4.843186e-02,2.634181e-02
7.808416e-02,4.817066e-02,1.338129e-01,1.546196e-01,2.904857e-01,2.805659e-02,1.034208e-02,5.698883e-02,3.780072e-02,7.891393e-02,1.083781e-02,6.021112e-04,1.907987e-03,3.413797e-02,3.523891e-02
9.481372e-02,6.692368e-02,1.151355e-01,1.391724e-01,2.777351e-01,3.218941e-02,1.007983e-02,5.001571e-02,3.878434e-02,6.074303e-02,9.448748e-03,1.197378e-03,1.891879e-03,2.440807e-02,7.746123e-02
7.216535e-02,6.228636e-02,8.200745e-02,2.744935e-01,2.624001e-01,2.309888e-02,7.331058e-03,5.388146e-02,3.093565e-02,4.303367e-02,9.306760e-03,2.057643e-03,1.949494e-03,1.720851e-02,5.784402e-02
8.249618e-02,9.147292e-02,7.127687e-02,2.345066e-01,2.852829e-01,2.959114e-02,6.866753e-03,5.169757e-02,2.309075e-02,3.474354e-02,2.468828e-02,3.380438e-03,2.183237e-03,1.313202e-02,4.559081e-02
7.624853e-02,2.127120e-01,5.245428e-02,1.736754e-01,2.780916e-01,4.482923e-02,5.262756e-03,3.812621e-02,1.713795e-02,2.492090e-02,2.509941e-02,3.408975e-03,2.219734e-03,1.132501e-02,3.448803e-02
5.586866e-02,3.915656e-01,3.773907e-02,1.238317e-01,2.071971e-01,5.672699e-02,3.789258e-03,2.697798e-02,1.238750e-02,1.823456e-02,2.689941e-02,2.452571e-03,1.650355e-03,1.008278e-02,2.459641e-02
4.513953e-02,4.481577e-01,2.763360e-02,9.034175e-02,2.047974e-01,7.762390e-02,3.045100e-03,1.999019e-02,9.258268e-03,1.339777e-02,3.012341e-02,1.867156e-03,1.326221e-03,9.696226e-03,1.760186e-02
3.325907e-02,4.984711e-01,2.120189e-02,6.471933e-02,1.683015e-01,6.922214e-02,2.397707e-03,1.422209e-02,7.481443e-03,9.938914e-03,8.071199e-02,2.264949e-03,1.164950e-03,1.389506e-02,1.274783e-02
2.998997e-02,5.229298e-01,1.826074e-02,4.817027e-02,1.277218e-01,6.439160e-02,1.861690e-03,1.048263e-02,1.344158e-02,7.924029e-03,1.138511e-01,2.342288e-03,1.127387e-03,2.632478e-02,1.118039e-02
3.578738e-02,5.610214e-01,1.731715e-02,3.756202e-02,9.882036e-02,6.246254e-02,1.589485e-03,9.095656e-03,1.566402e-02,6.029957e-03,1.122644e-01,2.065233e-03,9.640027e-04,2.908852e-02,1.026797e-02
5.777580e-02,6.031417e-01,1.438216e-02,3.010934e-02,7.767998e-02,6.024811e-02,1.354731e-03,7.843535e-03,1.375311e-02,4.414389e-03,9.103730e-02,1.792600e-03,8.385240e-04,2.437057e-02,1.125812e-02
7.924335e-02,5.697025e-01,1.423923e-02,2.574262e-02,6.715225e-02,5.853328e-02,1.191455e-03,7.697685e-03,1.989817e-02,4.220285e-03,1.001922e-01,2.341453e-03,1.038674e-03,2.997882e-02,1.882810e-02
5.727980e-02,4.335722e-01,1.116336e-02,2.195030e-02,4.834403e-02,4.796253e-02,8.916095e-04,5.442336e-03,1.068698e-01,8.857426e-03,1.158652e-01,3.252123e-03,1.926831e-03,5.855227e-02,7.807022e-02
4.016834e-02,3.187734e-01,2.352420e-02,4.975588e-02,3.413747e-02,3.380943e-02,6.547929e-04,3.848532e-03,1.970776e-01,1.163738e-02,8.276116e-02,2.717083e-03,1.743826e-03,4.289382e-02,1.564970e-01
2.825377e-02,2.334327e-01,2.329634e-02,3.860423e-02,2.397893e-02,2.432185e-02,4.736093e-04,2.710928e-03,1.716145e-01,2.132339e-02,6.002439e-02,2.317378e-03,1.607790e-03,3.411373e-02,3.339265e-01
2.402818e-02,1.759760e-01,1.702961e-02,2.877452e-02,1.698256e-02,1.933128e-02,4.141290e-04,2.003937e-03,1.394180e-01,3.143603e-02,4.413940e-02,2.635706e-03,1.884596e-03,1.107961e-01,3.851500e-01
2.590046e-02,1.392294e-01,1.272357e-02,2.392167e-02,1.246053e-02,1.477331e-02,4.432283e-04,1.644818e-03,1.271167e-01,3.532480e-02,3.403876e-02,3.367470e-03,2.412178e-03,2.311179e-01,3.355252e-01
2.073136e-02,1.247319e-01,9.324523e-03,1.793849e-02,9.585348e-03,1.090425e-02,4.064980e-04,1.279104e-03,1.193024e-01,4.912686e-02,3.055165e-02,4.656317e-03,4.652345e-03,3.029929e-01,2.938161e-01
1.975567e-02,1.107104e-01,7.518495e-03,1.354080e-02,8.828954e-03,1.730636e-02,5.074462e-04,1.705911e-03,1.532146e-01,4.746137e-02,2.859967e-02,9.178954e-03,1.683768e-02,3.056285e-01,2.592051e-01
2.783072e-02,8.727954e-02,5.961876e-03,1.163015e-02,1.967222e-02,2.149954e-02,1.144648e-03,2.169920e-03,2.001598e-01,4.691711e-02,2.862633e-02,1.679654e-02,4.858906e-02,2.552849e-01,2.264376e-01
2.361333e-02,8.187000e-02,5.041765e-03,9.829210e-03,2.957325e-02,1.933781e-02,1.295054e-03,1.904965e-03,2.975713e-01,6.789256e-02,2.347101e-02,1.306811e-02,4.014381e-02,1.853319e-01,2.000559e-01
1.949886e-02,7.236831e-02,4.282746e-03,8.818031e-03,3.910894e-02,1.911345e-02,1.408685e-03,1.789975e-03,3.720362e-01,7.505590e-02,2.200864e-02,1.111028e-02,3.840785e-02,1.321049e-01,1.828872e-01
1.390256e-02,1.382907e-01,3.447066e-03,9.659413e-03,2.848682e-02,1.824216e-02,9.970299e-04,1.573426e-03,4.533446e-01,5.398340e-02,1.641242e-02,8.223527e-03,3.110700e-02,9.256420e-02,1.297657e-01
1.161889e-02,1.157995e-01,4.819115e-03,2.131788e-02,2.623757e-02,2.853826e-02,8.170219e-04,7.933969e-03,5.434548e-01,3.910160e-02,1.199064e-02,6.047695e-03,2.474685e-02,6.482209e-02,9.275414e-02
1.311033e-02,9.283729e-02,5.839713e-03,3.450703e-02,5.305266e-02,3.877579e-02,1.267527e-03,1.081001e-02,5.698708e-01,2.892609e-02,8.705126e-03,4.540733e-03,2.102460e-02,4.542132e-02,7.131103e-02
1.194137e-02,7.644672e-02,1.128948e-02,2.169932e-01,4.433048e-02,3.164289e-02,9.923158e-04,1.207749e-02,4.511231e-01,2.192429e-02,9.096332e-03,3.855688e-03,1.590726e-02,3.196530e-02,6.041414e-02
1.539507e-02,6.857680e-02,1.542106e-02,2.485445e-01,3.810242e-02,4.286861e-02,1.036049e-03,1.480848e-02,3.851548e-01,3.078344e-02,1.168036e-02,3.550692e-03,1.278905e-02,2.305978e-02,8.822879e-02
4.061246e-02,7.467027e-02,2.209652e-02,1.964511e-01,4.590525e-02,6.561162e-02,1.163482e-03,3.553979e-02,3.440692e-01,3.479644e-02,1.043624e-02,3.147851e-03,1.029548e-02,1.682093e-02,9.838330e-02
7.209154e-02,6.260405e-02,4.141514e-02,2.251743e-01,4.349507e-02,6.592832e-02,2.419638e-03,4.216191e-02,2.989669e-01,3.236745e-02,9.966886e-03,2.629056e-03,8.164897e-03,1.220811e-02,8.040683e-02
8.870213e-02,5.550377e-02,7.591871e-02,1.901882e-01,3.688306e-02,5.885749e-02,2.349632e-03,3.312863e-02,2.882132e-01,4.824258e-02,1.028354e-02,2.139681e-03,6.653124e-03,8.961912e-03,9.397440e-02
7.613426e-02,4.731554e-02,1.956093e-01,1.992895e-01,3.252640e-02,4.705361e-02,2.416612e-03,2.839919e-02,2.364481e-01,3.786714e-02,7.888240e-03,1.748672e-03,4.992821e-03,6.463421e-03,7.584723e-02
6.239858e-02,3.478960e-02,1.793001e-01,1.563639e-01,3.916639e-02,3.813197e-02,5.627083e-03,2.035496e-01,1.815821e-01,2.774859e-02,6.812500e-03,1.359590e-03,4.203971e-03,4.647007e-03,5.431902e-02
5.252334e-02,2.488757e-02,1.266025e-01,1.117565e-01,3.325650e-02,2.876630e-02,5.007799e-03,4.102337e-01,1.369020e-01,1.945739e-02,5.065089e-03,9.792260e-04,3.169567e-03,3.301947e-03,3.809062e-02
4.410608e-02,1.820981e-02,8.915146e-02,7.893565e-02,2.478957e-02,2.075290e-02,3.784120e-03,5.731684e-01,9.768867e-02,1.366931e-02,3.658611e-03,7.122866e-04,2.333668e-03,2.320913e-03,2.671867e-02
3.275918e-02,1.297339e-02,6.280526e-02,5.551426e-02,1.852607e-02,1.462575e-02,2.837251e-03,6.962880e-01,6.896335e-02,9.582700e-03,2.594520e-03,5.128681e-04,1.655274e-03,1.631066e-03,1.873112e-02
2.770717e-02,1.007832e-02,4.479380e-02,3.897304e-02,1.510472e-02,1.034361e-02,2.165073e-03,7.769777e-01,4.925704e-02,6.718456e-03,1.853071e-03,4.191772e-04,1.204165e-03,1.174741e-03,1.322997e-02
2.305674e-02,7.464467e-03,3.158129e-02,2.733998e-02,1.152064e-02,7.307844e-03,1.590323e-03,8.377809e-01,3.499582e-02,4.707037e-03,1.311433e-03,3.175950e-04,8.603727e-04,8.624675e-04,9.303058e-03
3.708257e-02,6.223652e-03,2.238730e-02,1.969903e-02,1.097974e-02,5.502519e-03,1.369693e-03,8.563026e-01,2.698516e-02,3.331847e-03,1.073251e-03,5.672683e-04,7.909678e-04,8.258839e-04,6.878582e-03
1.126436e-01,6.572452e-03,1.673907e-02,1.428866e-02,1.044432e-02,5.594530e-03,2.038955e-03,7.954949e-01,2.249698e-02,2.512945e-03,1.436310e-03,1.477499e-03,1.158542e-03,1.035725e-03,6.065503e-03
2.041053e-01,1.641950e-02,1.326322e-02,1.571041e-02,8.903883e-03,1.451788e-02,2.430018e-03,6.397422e-01,2.179047e-02,6.136054e-03,6.719756e-03,6.427719e-03,2.206669e-02,2.886383e-03,1.888055e-02
3.607542e-01,1.380264e-02,1.062817e-02,1.388293e-02,7.975199e-03,1.591811e-02,2.850792e-03,4.989831e-01,1.934503e-02,4.831593e-03,6.174338e-03,7.750179e-03,1.767530e-02,2.710477e-03,1.671788e-02
4.915312e-01,1.228014e-02,8.549253e-03,1.332041e-02,7.430002e-03,1.773478e-02,2.932752e-03,3.776287e-01,1.991327e-02,3.809327e-03,5.426329e-03,8.096879e-03,1.467161e-02,2.305787e-03,1.436957e-02
