1.000000e+00,0.000000e+00,0.000000e+00,0.000000e+00,0.000000e+00,0.000000e+00,0.000000e+00,0.000000e+00,0.000000e+00,0.000000e+00,0.000000e+00,0.000000e+00,0.000000e+00,0.000000e+00,0.000000e+00
1.000000e+00,0.000000e+00,0.000000e+00,0.000000e+00,0.000000e+00,0.000000e+00,0.000000e+00,0.000000e+00,0.000000e+00,0.000000e+00,0.000000e+00,0.000000e+00,0.000000e+00,0.000000e+00,0.000000e+00
1.000000e+00,0.000000e+00,0.000000e+00,0.000000e+00,0.000000e+00,0.000000e+00,0.000000e+00,0.000000e+00,0.000000e+00,0.000000e+00,0.000000e+00,0.000000e+00,0.000000e+00,0.000000e+00,0.000000e+00
1.000000e+00,0.000000e+00,0.000000e+00,0.000000e+00,0.000000e+00,0.000000e+00,0.000000e+00,0.000000e+00,0.000000e+00,0.000000e+00,0.000000e+00,0.000000e+00,0.000000e+00,0.000000e+00,0.000000e+00
1.000000e+00,0.000000e+00,0.000000e+00,0.000000e+00,0.000000e+00,0.000000e+00,0.000000e+00,0.000000e+00,0.000000e+00,0.000000e+00,0.000000e+00,0.000000e+00,0.000000e+00,0.000000e+00,0.000000e+00
1.000000e+00,0.000000e+00,0.000000e+00,0.000000e+00,0.000000e+00,0.000000e+00,0.000000e+00,0.000000e+00,0.000000e+00,0.000000e+00,0.000000e+00,0.000000e+00,0.000000e+00,0.000000e+00,0.000000e+00
1.000000e+00,0.000000e+00,0.000000e+00,0.000000e+00,0.000000e+00,0.000000e+00,0.000000e+00,0.000000e+00,0.000000e+00,0.000000e+00,0.000000e+00,0.000000e+00,0.000000e+00,0.000000e+00,0.000000e+00
1.000000e+00,0.000000e+00,0.000000e+00,0.000000e+00,0.000000e+00,0.000000e+00,0.000000e+00,0.000000e+00,0.000000e+00,0.000000e+00,0.000000e+00,0.000000e+00,0.000000e+00,0.000000e+00,0.000000e+00
1.000000e+00,0.000000e+00,0.000000e+00,0.000000e+00,0.000000e+00,0.000000e+00,0.000000e+00,0.000000e+00,0.000000e+00,0.000000e+00,0.000000e+00,0.000000e+00,0.000000e+00,0.000000e+00,0.000000e+00
1.000000e+00,0.000000e+00,0.000000e+00,0.000000e+00,0.000000e+00,0.000000e+00,0.000000e+00,0.000000e+00,0.000000e+00,0.000000e+00,0.000000e+00,0.000000e+00,0.000000e+00,0.000000e+00,0.000000e+00
1.000000e+00,0.000000e+00,0.000000e+00,0.000000e+00,0.000000e+00,0.000000e+00,0.000000e+00,0.000000e+00,0.000000e+00,0.000000e+00,0.000000e+00,0.000000e+00,0.000000e+00,0.000000e+00,0.000000e+00
1.000000e+00,0.000000e+00,0.000000e+00,0.000000e+00,0.000000e+00,0.000000e+00,0.000000e+00,0.000000e+00,0.000000e+00,0.000000e+00,0.000000e+00,0.000000e+00,0.000000e+00,0.000000e+00,0.000000e+00
1.000000e+00,0.000000e+00,0.000000e+00,0.000000e+00,0.000000e+00,0.000000e+00,0.000000e+00,0.000000e+00,0.000000e+00,0.000000e+00,0.000000e+00,0.000000e+00,0.000000e+00,0.000000e+00,0.000000e+00
1.000000e+00,0.000000e+00,0.000000e+00,0.000000e+00,0.000000e+00,0.000000e+00,0.000000e+00,0.000000e+00,0.000000e+00,0.000000e+00,0.000000e+00,0.000000e+00,0.000000e+00,0.000000e+00,0.000000e+00
1.000000e+00,0.000000e+00,0.000000e+00,0.000000e+00,0.000000e+00,0.000000e+00,0.000000e+00,0.000000e+00,0.000000e+00,0.000000e+00,0.000000e+00,0.000000e+00,0.000000e+00,0.000000e+00,0.000000e+00
1.000000e+00,0.000000e+00,0.000000e+00,0.000000e+00,0.000000e+00,0.000000e+00,0.000000e+00,0.000000e+00,0.000000e+00,0.000000e+00,0.000000e+00,0.000000e+00,0.000000e+00,0.000000e+00,0.000000e+00
1.000000e+00,0.000000e+00,0.000000e+00,0.000000e+00,0.000000e+00,0.000000e+00,0.000000e+00,0.000000e+00,0.000000e+00,0.000000e+00,0.000000e+00,0.000000e+00,0.000000e+00,0.000000e+00,0.000000e+00
1.000000e+00,0.000000e+00,0.000000e+00,0.000000e+00,0.000000e+00,0.000000e+00,0.000000e+00,0.000000e+00,0.000000e+00,0.000000e+00,0.000000e+00,0.000000e+00,0.000000e+00,0.000000e+00,0.000000e+00
1.000000e+00,0.000000e+00,0.000000e+00,0.000000e+00,0.000000e+00,0.000000e+00,0.000000e+00,0.000000e+00,0.000000e+00,0.000000e+00,0.000000e+00,0.000000e+00,0.000000e+00,0.000000e+00,0.000000e+00
1.000000e+00,0.000000e+00,0.000000e+00,0.000000e+00,0.000000e+00,0.000000e+00,0.000000e+00,0.000000e+00,0.000000e+00,0.000000e+00,0.000000e+00,0.000000e+00,0.000000e+00,0.000000e+00,0.000000e+00
1.000000e+00,0.000000e+00,0.000000e+00,0.000000e+00,0.000000e+00,0.000000e+00,0.000000e+00,0.000000e+00,0.000000e+00,0.000000e+00,0.000000e+00,0.000000e+00,0.000000e+00,0.000000e+00,0.000000e+00
1.000000e+00,0.000000e+00,0.000000e+00,0.000000e+00,0.000000e+00,0.000000e+00,0.000000e+00,0.000000e+00,0.000000e+00,0.000000e+00,0.000000e+00,0.000000e+00,0.000000e+00,0.000000e+00,0.000000e+00
1.000000e+00,0.000000e+00,0.000000e+00,0.000000e+00,0.000000e+00,0.000000e+00,0.000000e+00,0.000000e+00,0.000000e+00,0.000000e+00,0.000000e+00,0.000000e+00,0.000000e+00,0.000000e+00,0.000000e+00
1.000000e+00,0.000000e+00,0.000000e+00,0.000000e+00,0.000000e+00,0.000000e+00,0.000000e+00,0.000000e+00,0.000000e+00,0.000000e+00,0.000000e+00,0.000000e+00,0.000000e+00,0.000000e+00,0.000000e+00
1.000000e+00,0.000000e+00,0.000000e+00,0.000000e+00,0.000000e+00,0.000000e+00,0.000000e+00,0.000000e+00,0.000000e+00,0.000000e+00,0.000000e+00,0.000000e+00,0.000000e+00,0.000000e+00,0.000000e+00
1.000000e+00,0.000000e+00,0.000000e+00,0.000000e+00,0.000000e+00,0.000000e+00,0.000000e+00,0.000000e+00,0.000000e+00,0.000000e+00,0.000000e+00,0.000000e+00,0.000000e+00,0.000000e+00,0.000000e+00
1.000000e+00,0.000000e+00,0.000000e+00,0.000000e+00,0.000000e+00,0.000000e+00,0.000000e+00,0.000000e+00,0.000000e+00,0.000000e+00,0.000000e+00,0.000000e+00,0.000000e+00,0.000000e+00,0.000000e+00
1.000000e+00,0.000000e+00,0.000000e+00,0.000000e+00,0.000000e+00,0.000000e+00,0.000000e+00,0.000000e+00,0.000000e+00,0.000000e+00,0.000000e+00,0.000000e+00,0.000000e+00,0.000000e+00,0.000000e+00
1.000000e+00,0.000000e+00,0.000000e+00,0.000000e+00,0.000000e+00,0.000000e+00,0.000000e+00,0.000000e+00,0.000000e+00,0.000000e+00,0.000000e+00,0.000000e+00,0.000000e+00,0.000000e+00,0.000000e+00
1.000000e+00,0.000000e+00,0.000000e+00,0.000000e+00,0.000000e+00,0.000000e+00,0.000000e+00,0.000000e+00,0.000000e+00,0.000000e+00,0.000000e+00,0.000000e+00,0.000000e+00,0.000000e+00,0.000000e+00
1.000000e+00,0.000000e+00,0.000000e+00,0.000000e+00,0.000000e+00,0.000000e+00,0.000000e+00,0.000000e+00,0.000000e+00,0.000000e+00,0.000000e+00,0.000000e+00,0.000000e+00,0.000000e+00,0.000000e+00
1.000000e+00,0.000000e+00,0.000000e+00,0.000000e+00,0.000000e+00,0.000000e+00,0.000000e+00,0.000000e+00,0.000000e+00,0.000000e+00,0.000000e+00,0.000000e+00,0.000000e+00,0.000000e+00,0.000000e+00
1.000000e+00,0.000000e+00,0.000000e+00,0.000000e+00,0.000000e+00,0.000000e+00,0.000000e+00,0.000000e+00,0.000000e+00,0.000000e+00,0.000000e+00,0.000000e+00,0.000000e+00,0.000000e+00,0.000000e+00
1.000000e+00,0.000000e+00,0.000000e+00,0.000000e+00,0.000000e+00,0.000000e+00,0.000000e+00,0.000000e+00,0.000000e+00,0.000000e+00,0.000000e+00,0.000000e+00,0.000000e+00,0.000000e+00,0.000000e+00
1.000000e+00,0.000000e+00,0.000000e+00,0.000000e+00,0.000000e+00,0.000000e+00,0.000000e+00,0.000000e+00,0.000000e+00,0.000000e+00,0.000000e+00,0.000000e+00,0.000000e+00,0.000000e+00,0.000000e+00
1.000000e+00,0.000000e+00,0.000000e+00,0.000000e+00,0.000000e+00,0.000000e+00,0.000000e+00,0.000000e+00,0.000000e+00,0.000000e+00,0.000000e+00,0.000000e+00,0.000000e+00,0.000000e+00,0.000000e+00
1.000000e+00,0.000000e+00,0.000000e+00,0.000000e+00,0.000000e+00,0.000000e+00,0.000000e+00,0.000000e+00,0.000000e+00,0.000000e+00,0.000000e+00,0.000000e+00,0.000000e+00,0.000000e+00,0.000000e+00
1.000000e+00,0.000000e+00,0.000000e+00,0.000000e+00,0.000000e+00,0.000000e+00,0.000000e+00,0.000000e+00,0.000000e+00,0.000000e+00,0.000000e+00,0.000000e+00,0.000000e+00,0.000000e+00,0.000000e+00
1.000000e+00,0.000000e+00,0.000000e+00,0.000000e+00,0.000000e+00,0.000000e+00,0.000000e+00,0.000000e+00,0.000000e+00,0.000000e+00,0.000000e+00,0.000000e+00,0.000000e+00,0.000000e+00,0.000000e+00
1.000000e+00,0.000000e+00,0.000000e+00,0.000000e+00,0.000000e+00,0.000000e+00,0.000000e+00,0.000000e+00,0.000000e+00,0.000000e+00,0.000000e+00,0.000000e+00,0.000000e+00,0.000000e+00,0.000000e+00
1.000000e+00,0.000000e+00,0.000000e+00,0.000000e+00,0.000000e+00,0.000000e+00,0.000000e+00,0.000000e+00,0.000000e+00,0.000000e+00,0.000000e+00,0.000000e+00,0.000000e+00,0.000000e+00,0.000000e+00
1.000000e+00,0.000000e+00,0.000000e+00,0.000000e+00,0.000000e+00,0.000000e+00,0.000000e+00,0.000000e+00,0.000000e+00,0.000000e+00,0.000000e+00,0.000000e+00,0.000000e+00,0.000000e+00,0.000000e+00
1.000000e+00,0.000000e+00,0.000000e+00,0.000000e+00,0.000000e+00,0.000000e+00,0.000000e+00,0.000000e+00,0.000000e+00,0.000000e+00,0.000000e+00,0.000000e+00,0.000000e+00,0.000000e+00,0.000000e+00
1.000000e+00,0.000000e+00,0.000000e+00,0.000000e+00,0.000000e+00,0.000000e+00,0.000000e+00,0.000000e+00,0.000000e+00,0.000000e+00,0.000000e+00,0.000000e+00,0.000000e+00,0.000000e+00,0.000000e+00
1.000000e+00,0.000000e+00,0.000000e+00,0.000000e+00,0.000000e+00,0.000000e+00,0.000000e+00,0.000000e+00,0.000000e+00,0.000000e+00,0.000000e+00,0.000000e+00,0.000000e+00,0.000000e+00,0.000000e+00
1.000000e+00,0.000000e+00,0.000000e+00,0.000000e+00,0.000000e+00,0.000000e+00,0.000000e+00,0.000000e+00,0.000000e+00,0.000000e+00,0.000000e+00,0.000000e+00,0.000000e+00,0.000000e+00,0.000000e+00
1.000000e+00,0.000000e+00,0.000000e+00,0.000000e+00,0.000000e+00,0.000000e+00,0.000000e+00,0.000000e+00,0.000000e+00,0.000000e+00,0.000000e+00,0.000000e+00,0.000000e+00,0.000000e+00,0.000000e+00
1.000000e+00,0.000000e+00,0.000000e+00,0.000000e+00,0.000000e+00,0.000000e+00,0.000000e+00,0.000000e+00,0.000000e+00,0.000000e+00,0.000000e+00,0.000000e+00,0.000000e+00,0.000000e+00,0.000000e+00
1.000000e+00,0.000000e+00,0.000000e+00,0.000000e+00,0.000000e+00,0.000000e+00,0.000000e+00,0.000000e+00,0.000000e+00,0.000000e+00,0.000000e+00,0.000000e+00,0.000000e+00,0.000000e+00,0.000000e+00
1.000000e+00,0.000000e+00,0.000000e+00,0.000000e+00,0.000000e+00,0.000000e+00,0.000000e+00,0.000000e+00,0.000000e+00,0.000000e+00,0.000000e+00,0.000000e+00,0.000000e+00,0.000000e+00,0.000000e+00
1.000000e+00,0.000000e+00,0.000000e+00,0.000000e+00,0.000000e+00,0.000000e+00,0.000000e+00,0.000000e+00,0.000000e+00,0.000000e+00,0.000000e+00,0.000000e+00,0.000000e+00,0.000000e+00,0.000000e+00
1.000000e+00,0.000000e+00,0.000000e+00,0.000000e+00,0.000000e+00,0.000000e+00,0.000000e+00,0.000000e+00,0.000000e+00,0.000000e+00,0.000000e+00,0.000000e+00,0.000000e+00,0.000000e+00,0.000000e+00
1.000000e+00,0.000000e+00,0.000000e+00,0.000000e+00,0.000000e+00,0.000000e+00,0.000000e+00,0.000000e+00,0.000000e+00,0.000000e+00,0.000000e+00,0.000000e+00,0.000000e+00,0.000000e+00,0.000000e+00
1.000000e+00,0.000000e+00,0.000000e+00,0.000000e+00,0.000000e+00,0.000000e+00,0.000000e+00,0.000000e+00,0.000000e+00,0.000000e+00,0.000000e+00,0.000000e+00,0.000000e+00,0.000000e+00,0.000000e+00
1.000000e+00,0.000000e+00,0.000000e+00,0.000000e+00,0.000000e+00,0.000000e+00,0.000000e+00,0.000000e+00,0.000000e+00,0.000000e+00,0.000000e+00,0.000000e+00,0.000000e+00,0.000000e+00,0.000000e+00
1.000000e+00,0.000000e+00,0.000000e+00,0.000000e+00,0.000000e+00,0.000000e+00,0.000000e+00,0.000000e+00,0.000000e+00,0.000000e+00,0.000000e+00,0.000000e+00,0.000000e+00,0.000000e+00,0.000000e+00
1.000000e+00,0.000000e+00,0.000000e+00,0.000000e+00,0.000000e+00,0.000000e+00,0.000000e+00,0.000000e+00,0.000000e+00,0.000000e+00,0.000000e+00,0.000000e+00,0.000000e+00,0.000000e+00,0.000000e+00
1.000000e+00,0.000000e+00,0.000000e+00,0.000000e+00,0.000000e+00,0.000000e+00,0.000000e+00,0.000000e+00,0.000000e+00,0.000000e+00,0.000000e+00,0.000000e+00,0.000000e+00,0.000000e+00,0.000000e+00
1.000000e+00,0.000000e+00,0.000000e+00,0.000000e+00,0.000000e+00,0.000000e+00,0.000000e+00,0.000000e+00,0.000000e+00,0.000000e+00,0.000000e+00,0.000000e+00,0.000000e+00,0.000000e+00,0.000000e+00
4.262126e-01,8.784974e-02,3.896683e-02,3.069605e-02,1.850647e-02,4.725255e-02,5.219954e-03,3.100808e-01,2.143837e-03,2.893037e-03,5.313956e-03,8.260399e-03,6.325500e-03,1.382856e-03,8.895514e-03
3.099293e-01,6.495118e-02,6.678842e-02,2.914577e-02,1.583113e-02,3.532573e-02,1.052387e-02,4.415703e-01,1.607497e-03,2.205793e-03,3.895782e-03,5.951830e-03,4.731245e-03,1.046240e-03,6.495915e-03
2.202762e-01,4.601955e-02,5.754306e-02,2.331516e-02,1.150927e-02,2.506009e-02,9.457456e-03,5.883822e-01,1.145732e-03,1.563004e-03,2.783129e-03,4.208690e-03,3.395840e-03,7.542346e-04,4.586264e-03
1.545016e-01,3.227323e-02,4.113347e-02,1.669781e-02,8.257781e-03,1.762526e-02,7.146562e-03,7.092675e-01,8.083752e-04,1.114393e-03,1.998063e-03,2.955972e-03,2.436753e-03,5.564335e-04,3.226782e-03
1.088325e-01,2.279174e-02,3.085381e-02,1.230233e-02,6.631561e-03,1.253597e-02,6.500493e-03,7.847390e-01,7.107778e-04,1.346619e-03,1.936813e-03,2.405708e-03,5.401887e-03,6.761003e-04,2.334604e-03
7.637598e-02,1.605773e-02,2.194821e-02,8.886620e-03,6.328693e-03,8.927156e-03,5.299993e-03,6.900655e-01,9.997895e-04,6.110519e-03,9.758624e-03,2.237138e-02,1.166202e-01,6.239768e-03,4.009837e-03
5.357252e-02,1.132663e-02,1.544239e-02,6.465508e-03,6.383418e-03,6.400132e-03,3.890796e-03,5.045854e-01,2.697288e-03,5.623359e-03,1.406708e-02,3.264355e-02,2.817708e-01,1.191873e-02,4.321237e-02
3.761059e-02,8.063517e-03,1.091910e-02,4.883374e-03,7.758034e-03,4.748699e-03,2.939358e-03,3.646297e-01,5.692052e-03,1.412514e-02,1.782114e-02,4.885986e-02,3.818335e-01,1.910827e-02,7.100762e-02
2.643555e-02,6.202772e-03,8.064930e-03,5.639489e-03,6.260246e-03,3.864791e-03,2.272064e-03,2.572118e-01,1.275406e-02,4.405058e-02,1.836387e-02,5.532782e-02,4.691653e-01,1.922931e-02,6.515744e-02
1.868398e-02,4.866322e-03,6.197625e-03,6.578917e-03,5.881977e-03,3.114014e-03,1.815189e-03,1.832254e-01,1.384358e-02,5.203640e-02,3.108769e-02,6.328148e-02,5.214741e-01,2.126092e-02,6.665239e-02
1.342291e-02,3.900498e-03,4.865815e-03,8.151621e-03,6.031580e-03,2.730830e-03,1.515814e-03,1.289698e-01,1.686231e-02,4.620538e-02,4.102246e-02,1.734203e-01,4.758144e-01,2.314785e-02,5.393837e-02
1.033381e-02,3.286794e-03,5.125284e-03,1.003749e-02,7.382458e-03,2.806540e-03,1.396021e-03,9.160838e-02,1.783120e-02,5.389150e-02,4.537912e-02,2.026632e-01,4.677258e-01,3.113774e-02,4.939469e-02
1.193844e-02,3.482591e-03,6.124118e-03,1.557746e-02,1.128810e-02,4.233011e-03,1.213849e-03,6.695066e-02,3.318395e-02,5.113712e-02,9.140471e-02,2.374239e-01,3.853124e-01,3.918864e-02,4.154105e-02
1.329727e-02,3.990964e-03,4.871077e-03,1.339947e-02,1.327554e-02,4.608443e-03,1.107986e-03,4.836295e-02,2.829546e-02,3.884250e-02,1.069890e-01,3.355676e-01,2.911896e-01,6.583583e-02,3.036634e-02
1.284064e-02,3.480905e-03,4.231185e-03,1.123719e-02,1.176354e-02,4.824165e-03,9.913358e-04,3.551680e-02,2.346259e-02,4.138860e-02,1.505274e-01,3.176928e-01,2.181321e-01,1.400159e-01,2.389480e-02
3.673725e-02,4.669533e-03,4.644201e-03,1.021830e-02,1.070462e-02,7.669898e-03,8.641207e-04,2.585350e-02,1.827999e-02,4.335213e-02,2.203791e-01,2.587618e-01,1.581894e-01,1.813805e-01,1.829555e-02
8.929423e-02,5.428597e-03,4.825730e-03,9.716365e-03,8.341960e-03,1.459337e-02,1.019170e-03,1.853764e-02,1.367931e-02,3.829362e-02,3.254586e-01,2.088561e-01,1.126301e-01,1.346989e-01,1.462634e-02
1.243037e-01,1.013761e-02,4.816870e-03,1.537604e-02,1.404667e-02,1.319735e-02,1.623733e-03,1.363949e-02,1.354464e-02,3.428493e-02,3.819295e-01,1.731045e-01,8.059252e-02,1.018126e-01,1.758995e-02
1.057308e-01,1.073406e-02,3.935878e-03,1.260017e-02,1.294673e-02,1.530844e-02,2.334226e-03,9.825200e-03,1.358700e-02,2.544560e-02,5.009673e-01,1.385083e-01,5.835658e-02,7.315011e-02,1.656971e-02
9.977618e-02,3.068590e-02,5.058765e-03,1.070237e-02,1.624562e-02,2.450740e-02,3.534029e-03,7.828635e-03,4.213774e-02,1.963911e-02,5.048718e-01,1.222173e-01,4.347881e-02,5.304472e-02,1.627161e-02
7.646086e-02,7.218497e-02,6.565963e-03,9.513028e-03,1.492365e-02,4.240575e-02,4.393201e-03,8.686306e-03,5.097140e-02,1.594367e-02,5.038651e-01,1.018068e-01,3.391594e-02,3.843961e-02,1.992375e-02
5.476440e-02,1.738761e-01,7.345491e-03,8.987922e-03,1.675338e-02,4.292386e-02,3.704445e-03,7.078430e-03,1.200929e-01,1.557809e-02,3.819081e-01,7.600269e-02,2.453159e-02,2.873280e-02,3.771983e-02
3.993419e-02,1.538147e-01,7.595270e-03,1.697467e-02,5.020275e-02,3.761129e-02,3.710696e-03,7.681834e-03,2.461326e-01,1.367955e-02,2.927652e-01,5.732482e-02,1.838932e-02,2.203519e-02,3.214787e-02
3.023102e-02,1.449784e-01,6.367619e-03,1.404748e-02,5.531640e-02,3.298399e-02,2.899879e-03,6.485249e-03,3.717719e-01,1.130667e-02,2.224291e-01,4.191246e-02,1.383307e-02,1.644129e-02,2.899551e-02
2.363345e-02,1.331342e-01,5.096776e-03,1.172792e-02,6.491160e-02,3.276953e-02,4.063038e-03,5.704151e-03,4.606959e-01,1.055426e-02,1.617055e-01,3.104647e-02,1.745977e-02,1.297286e-02,2.452458e-02
2.987670e-02,1.217555e-01,5.466057e-03,1.514290e-02,8.850761e-02,3.362567e-02,4.585640e-03,4.711570e-03,4.614776e-01,1.089220e-02,1.263490e-01,2.830013e-02,2.619861e-02,1.124405e-02,3.186675e-02
3.136875e-02,1.015739e-01,5.147134e-03,3.235969e-02,8.534593e-02,2.887347e-02,5.563280e-03,6.158061e-03,4.905911e-01,1.332511e-02,1.029354e-01,3.055944e-02,3.056049e-02,9.206846e-03,2.643131e-02
2.593156e-02,7.537472e-02,4.373295e-03,3.626011e-02,1.008714e-01,3.163879e-02,5.120212e-03,5.233642e-03,4.139916e-01,1.281980e-02,1.039694e-01,2.658768e-02,1.298913e-01,6.618028e-03,2.131847e-02
2.027236e-02,5.637047e-02,3.558317e-03,3.673130e-02,8.153797e-02,5.135566e-02,4.870781e-03,4.348344e-03,3.481741e-01,1.150058e-02,9.340302e-02,5.198089e-02,2.102657e-01,5.187579e-03,2.044290e-02
1.641057e-02,4.190844e-02,3.085590e-03,2.942079e-02,7.114428e-02,4.742522e-02,3.842674e-03,3.450193e-03,2.691986e-01,8.464031e-03,8.244905e-02,6.641111e-02,3.314821e-01,4.069832e-03,2.123754e-02
1.738387e-02,3.066836e-02,2.777736e-03,2.378014e-02,6.682111e-02,4.200312e-02,3.065661e-03,3.413485e-03,1.958902e-01,6.223919e-03,6.337763e-02,8.422907e-02,4.395106e-01,3.163918e-03,1.769129e-02
1.439241e-02,2.223038e-02,2.237100e-03,2.051336e-02,4.832085e-02,4.149093e-02,2.404880e-03,2.631938e-03,1.412915e-01,4.713273e-03,4.871066e-02,9.665051e-02,5.384348e-01,2.650307e-03,1.332708e-02
1.251392e-02,1.606841e-02,1.778874e-03,1.501611e-02,3.725786e-02,6.592155e-02,2.144590e-03,2.437910e-03,1.019684e-01,3.469700e-03,3.826538e-02,1.173356e-01,5.736989e-01,1.983343e-03,1.013947e-02
1.685144e-02,1.341984e-02,1.555246e-03,1.169247e-02,2.840173e-02,6.133686e-02,2.023615e-03,2.053951e-03,8.636690e-02,3.228546e-03,3.131332e-02,1.546076e-01,5.770712e-01,2.380976e-03,7.696301e-03
1.565570e-02,1.012006e-02,1.259681e-03,8.458664e-03,2.250758e-02,5.954515e-02,1.640416e-03,1.820077e-03,6.641383e-02,2.559607e-03,2.306007e-02,1.949696e-01,5.845804e-01,1.822047e-03,5.587121e-03
1.926124e-02,8.188996e-03,1.562715e-03,6.668168e-03,2.073580e-02,4.938335e-02,1.830220e-03,3.232599e-03,5.024655e-02,2.097599e-03,1.700114e-02,1.936674e-01,6.200780e-01,1.854203e-03,4.192011e-03
2.380846e-02,7.409346e-03,3.216464e-03,5.379763e-03,2.573831e-02,5.404628e-02,2.297695e-03,3.286225e-03,3.958421e-02,1.880542e-03,1.573772e-02,1.743685e-01,6.372334e-01,1.948186e-03,4.064879e-03
2.783274e-02,5.916388e-03,2.764362e-03,4.083764e-03,2.984796e-02,4.312845e-02,2.874973e-03,2.882451e-03,3.040288e-02,1.579818e-03,1.377111e-02,1.598101e-01,6.703513e-01,1.594866e-03,3.158855e-03
3.003477e-02,4.482706e-03,2.233915e-03,3.323159e-03,2.277864e-02,3.598788e-02,2.416355e-03,2.401351e-03,2.325622e-02,1.312263e-03,1.156569e-02,1.425002e-01,7.140776e-01,1.242654e-03,2.386619e-03
2.849706e-02,3.442583e-03,1.944194e-03,2.670109e-03,1.698995e-02,6.752700e-02,2.074136e-03,1.917283e-03,1.769142e-02,1.113774e-03,9.667613e-03,1.320308e-01,7.115763e-01,9.337283e-04,1.923954e-03
2.254165e-02,2.663234e-03,1.844423e-03,2.178437e-03,1.549429e-02,5.544096e-02,3.664765e-03,2.813371e-03,2.310842e-02,1.111601e-03,8.270480e-03,1.073514e-01,7.513151e-01,6.896268e-04,1.512179e-03
3.091890e-02,2.325469e-03,4.222672e-03,3.866541e-03,3.543680e-02,5.129009e-02,7.430977e-03,4.456059e-02,2.228297e-02,1.262170e-03,1.174276e-02,8.770888e-02,6.940746e-01,5.856613e-04,2.290921e-03
4.078951e-02,2.243611e-03,4.278605e-03,5.825107e-03,7.617270e-02,4.012341e-02,1.145876e-02,4.559009e-02,3.350838e-02,1.066321e-03,1.520384e-02,7.851367e-02,6.423469e-01,4.848855e-04,2.394182e-03
8.091211e-02,3.519153e-03,5.445123e-03,1.988382e-02,1.705551e-01,4.332548e-02,1.650408e-02,5.173732e-02,4.490852e-02,1.107833e-03,1.285820e-02,5.889266e-02,4.872216e-01,4.715241e-04,2.657445e-03
1.504099e-01,3.957776e-03,5.938467e-03,2.485971e-02,1.421400e-01,3.447919e-02,1.502090e-02,1.419249e-01,4.748444e-02,1.060224e-03,1.135574e-02,4.987222e-02,3.672339e-01,6.055631e-04,3.657078e-03
2.458621e-01,6.015622e-03,8.578207e-03,2.824516e-02,1.197218e-01,2.763570e-02,1.548600e-02,1.294151e-01,6.550771e-02,1.947418e-03,1.940496e-02,4.347200e-02,2.785920e-01,1.638996e-03,8.477284e-03
3.022771e-01,7.869505e-03,1.433503e-02,2.470223e-02,1.083665e-01,2.219073e-02,1.343880e-02,1.463588e-01,7.468759e-02,2.653265e-03,2.329070e-02,3.413120e-02,2.144373e-01,1.953312e-03,9.307913e-03
3.902332e-01,8.957021e-03,1.887555e-02,2.693764e-02,9.107906e-02,2.317603e-02,1.211077e-02,1.298092e-01,7.606587e-02,2.650388e-03,2.035664e-02,2.848180e-02,1.595692e-01,1.933699e-03,9.763948e-03
4.544008e-01,1.113923e-02,2.621315e-02,2.405322e-02,7.941997e-02,2.024737e-02,1.142233e-02,1.010372e-01,8.708937e-02,2.768400e-03,1.798415e-02,2.658829e-02,1.255627e-01,2.198850e-03,9.875031e-03
4.576482e-01,1.068267e-02,2.619680e-02,2.107074e-02,1.008921e-01,1.731567e-02,1.191593e-02,8.212079e-02,8.582177e-02,2.363793e-03,2.394083e-02,2.658704e-02,1.208829e-01,2.812964e-03,9.747923e-03
3.700222e-01,1.672307e-02,2.035307e-02,1.109031e-01,9.844910e-02,1.467394e-02,8.886540e-03,5.927240e-02,1.048463e-01,2.703830e-03,3.853380e-02,3.397059e-02,1.069358e-01,2.667073e-03,1.105915e-02
3.133144e-01,1.199251e-02,1.444805e-02,8.828780e-02,8.033287e-02,1.268095e-02,6.320270e-03,4.233377e-02,7.521595e-02,2.102928e-03,7.671176e-02,4.044650e-02,2.254539e-01,2.222331e-03,8.136111e-03
2.473258e-01,8.807587e-03,1.026391e-02,9.177244e-02,6.300715e-02,1.387789e-02,4.540207e-03,3.024113e-02,6.259443e-02,1.675896e-03,9.342356e-02,6.536405e-02,2.987365e-01,1.901001e-03,6.468480e-03
1.750222e-01,6.194293e-03,7.221245e-03,6.694717e-02,4.868275e-02,1.257210e-02,3.212363e-03,2.139178e-02,4.691114e-02,1.256688e-03,1.053027e-01,8.777148e-02,4.115150e-01,1.419629e-03,4.579450e-03
1.230441e-01,4.358040e-03,5.083656e-03,4.748368e-02,3.705712e-02,1.090193e-02,2.269077e-03,1.506241e-02,3.551383e-02,9.939503e-04,1.121209e-01,1.042779e-01,4.975036e-01,1.054803e-03,3.275006e-03
9.951926e-02,3.081818e-03,3.580388e-03,3.366209e-02,2.788386e-02,9.295826e-03,1.634656e-03,1.074730e-02,3.043367e-02,1.162546e-03,9.936357e-02,1.093236e-01,5.669512e-01,8.547488e-04,2.505549e-03
7.410543e-02,2.243394e-03,3.072035e-03,2.373608e-02,2.410895e-02,7.100193e-03,1.201592e-03,8.782716e-03,2.633716e-02,2.604680e-03,1.015410e-01,9.187581e-02,6.305403e-01,6.708180e-04,2.079870e-03
6.514852e-02,1.729717e-03,2.855954e-03,1.683487e-02,4.623976e-02,5.851597e-03,1.422412e-03,9.238947e-03,3.517063e-02,3.149186e-03,1.448794e-01,7.925795e-02,5.860366e-01,5.630088e-04,1.621555e-03
5.340689e-02,1.272929e-03,2.817118e-03,1.243979e-02,7.068827e-02,4.616931e-03,1.472761e-03,5.663009e-02,3.325953e-02,3.153185e-03,1.281454e-01,7.489888e-02,5.551067e-01,5.457538e-04,1.545822e-03
4.372346e-02,1.120661e-03,8.005321e-03,9.346732e-03,7.902251e-02,3.617403e-03,1.547220e-03,9.970529e-02,3.654164e-02,2.772418e-03,9.931789e-02,6.631213e-02,5.455447e-01,6.054615e-04,2.817098e-03
4.147401e-02,2.275384e-03,1.654545e-02,8.735284e-03,1.541959e-01,3.600491e-03,2.014352e-03,9.027927e-02,1.225637e-01,2.182415e-03,7.699557e-02,5.065291e-02,4.249372e-01,5.237400e-04,3.024330e-03
3.994542e-02,2.767451e-03,1.900305e-02,9.785283e-03,1.333536e-01,5.686966e-03,2.821905e-03,1.123718e-01,2.390919e-01,1.839048e-03,5.618080e-02,4.004460e-02,3.329634e-01,5.367828e-04,3.607880e-03
4.187004e-02,3.350536e-03,1.799374e-02,9.500815e-03,1.167955e-01,9.629885e-03,3.506869e-03,1.235280e-01,3.563600e-01,1.511740e-03,4.047423e-02,3.069711e-02,2.414308e-01,4.455961e-04,2.905083e-03
3.326555e-02,3.093757e-03,1.340165e-02,8.468335e-03,1.309873e-01,7.761627e-03,3.210771e-03,1.104502e-01,4.544984e-01,1.149787e-03,3.199534e-02,2.550051e-02,1.736965e-01,3.334823e-04,2.186734e-03
2.614231e-02,3.775551e-03,1.044668e-02,8.362599e-03,1.063071e-01,6.096485e-03,2.834961e-03,1.267624e-01,5.319427e-01,9.109796e-04,2.539030e-02,2.198484e-02,1.269029e-01,2.653712e-04,1.874660e-03
1.999947e-02,1.085625e-02,9.716377e-03,1.048491e-02,8.345242e-02,5.340863e-03,3.383376e-03,9.915563e-02,6.283804e-01,8.813702e-04,1.870617e-02,1.599318e-02,9.154964e-02,2.073438e-04,1.892494e-03
1.634729e-02,1.511838e-02,1.665097e-02,1.187642e-01,6.665417e-02,5.268670e-03,3.166718e-03,8.338290e-02,5.720781e-01,1.824357e-03,1.521588e-02,1.246115e-02,6.956598e-02,1.865923e-04,3.314587e-03
2.261327e-02,1.821078e-02,2.386559e-02,9.814446e-02,7.127170e-02,5.885717e-03,3.709855e-03,7.463310e-02,5.933720e-01,4.408520e-03,1.342887e-02,1.027360e-02,5.326438e-02,2.147072e-04,6.703424e-03
5.361003e-02,1.528955e-02,2.717645e-02,7.584142e-02,8.194453e-02,6.172598e-03,3.860021e-03,1.108344e-01,5.497084e-01,4.717941e-03,1.062601e-02,9.278064e-03,4.031789e-02,3.210211e-04,1.030162e-02
1.141316e-01,2.202453e-02,2.980856e-02,6.456323e-02,1.002184e-01,8.324398e-03,5.344630e-03,8.419322e-02,4.885718e-01,7.118475e-03,8.385791e-03,7.687439e-03,2.939896e-02,3.481021e-04,2.988081e-02
1.322347e-01,3.107759e-02,3.142221e-02,6.504670e-02,7.645718e-02,7.484538e-03,4.245986e-03,6.056809e-02,4.399425e-01,2.756467e-02,6.656452e-03,6.069797e-03,2.226871e-02,3.128330e-04,8.864804e-02
1.663751e-01,2.590571e-02,3.669063e-02,7.235032e-02,6.474676e-02,7.160265e-03,1.393355e-02,5.965695e-02,4.290347e-01,2.285255e-02,5.533664e-03,4.972854e-03,1.997398e-02,3.224805e-04,7.049049e-02
1.470626e-01,1.997629e-02,2.888373e-02,5.606962e-02,7.680951e-02,7.989001e-03,8.059935e-02,1.454104e-01,3.482398e-01,1.618484e-02,4.178116e-03,3.604434e-03,1.492266e-02,2.716219e-04,4.979800e-02
1.438652e-01,1.578341e-02,2.270167e-02,4.071969e-02,7.073418e-02,1.595541e-02,2.021350e-01,1.477834e-01,2.716810e-01,1.156549e-02,3.464067e-03,3.101679e-03,1.386759e-02,2.705496e-04,3.637163e-02
1.332057e-01,1.267611e-02,1.853800e-02,2.968117e-02,5.669774e-02,2.893643e-02,3.185668e-01,1.230805e-01,2.202305e-01,8.517932e-03,2.959558e-03,3.028231e-03,1.580590e-02,2.643359e-04,2.781113e-02
1.045349e-01,9.554425e-03,1.422679e-02,2.129818e-02,4.410970e-02,3.229775e-02,4.483748e-01,1.040461e-01,1.717554e-01,6.121648e-03,2.217978e-03,2.389477e-03,1.908462e-02,2.007473e-04,1.978743e-02
8.475102e-02,6.889503e-03,1.138230e-02,1.537346e-02,3.479140e-02,2.547229e-02,5.134495e-01,1.483509e-01,1.237133e-01,4.356907e-03,1.623461e-03,1.790842e-03,1.393433e-02,1.626650e-04,1.395812e-02
6.196310e-02,4.896220e-03,9.031978e-03,1.091710e-02,2.503217e-02,1.978775e-02,6.286807e-01,1.259648e-01,8.749776e-02,3.071208e-03,1.151983e-03,1.289707e-03,1.076993e-02,1.215607e-04,9.824063e-03
4.568288e-02,3.466117e-03,7.739645e-03,7.749136e-03,1.839146e-02,1.481644e-02,6.945990e-01,1.271423e-01,6.153206e-02,2.173603e-03,8.230539e-04,9.252629e-04,7.928745e-03,9.789762e-05,6.932330e-03
3.379647e-02,2.519054e-03,6.881628e-03,5.507693e-03,1.351158e-02,1.170796e-02,7.478114e-01,1.211923e-01,4.316795e-02,1.572126e-03,5.953274e-04,6.897041e-04,6.020450e-03,8.753228e-05,4.938833e-03
3.072845e-02,2.165153e-03,8.323655e-03,4.249740e-03,1.110203e-02,1.371513e-02,7.718923e-01,1.121270e-01,3.053776e-02,1.720680e-03,5.976862e-04,8.176037e-04,7.853392e-03,1.440066e-04,4.025378e-03
3.588317e-02,2.319888e-03,1.106247e-02,3.480541e-03,1.094239e-02,1.342261e-02,7.205638e-01,1.603800e-01,2.174955e-02,2.296698e-03,7.876963e-04,1.015807e-03,1.104442e-02,2.327686e-04,4.818232e-03
5.568551e-02,2.683482e-03,1.177544e-02,3.269277e-03,1.263733e-02,1.583634e-02,6.120979e-01,2.392364e-01,1.577746e-02,3.273361e-03,1.035548e-03,1.543808e-03,1.760009e-02,3.779236e-04,7.170180e-03
5.628160e-02,2.263602e-03,1.124923e-02,2.705294e-03,1.107075e-02,1.642427e-02,5.673418e-01,2.830024e-01,1.117048e-02,3.711885e-03,1.332596e-03,1.871479e-03,2.070200e-02,4.056198e-04,1.046705e-02
5.994835e-02,1.912316e-03,8.889846e-03,2.177851e-03,9.034352e-03,1.946588e-02,5.067765e-01,3.453689e-01,7.930881e-03,3.095949e-03,1.305133e-03,2.231139e-03,1.969889e-02,4.119049e-04,1.175223e-02
5.186450e-02,2.128943e-03,7.522819e-03,1.897028e-03,9.229144e-03,4.648062e-02,4.511065e-01,3.428077e-01,5.769643e-03,2.921853e-03,2.633552e-03,2.778878e-03,6.076586e-02,5.924325e-04,1.150056e-02
3.962181e-02,2.152083e-03,5.523106e-03,1.508871e-03,8.696612e-03,4.423825e-02,3.511083e-01,2.764876e-01,4.724429e-03,6.710455e-03,1.170267e-02,3.335697e-03,1.392638e-01,1.019531e-03,1.039069e-01
3.178272e-02,1.738738e-03,3.998698e-03,1.196224e-03,7.014924e-03,3.715436e-02,3.070463e-01,2.093315e-01,4.833341e-03,1.161131e-02,2.424679e-02,6.539793e-03,1.616033e-01,2.851390e-03,1.890507e-01
2.646400e-02,1.047366e-02,3.958754e-03,1.510110e-03,2.232259e-02,2.787982e-02,3.045716e-01,1.506835e-01,5.122041e-02,6.439550e-02,1.902345e-02,7.748639e-03,1.206183e-01,1.078293e-02,1.783467e-01
3.280960e-02,1.147011e-02,3.442328e-03,3.622938e-03,2.343093e-02,2.386719e-02,2.721948e-01,1.100022e-01,5.265408e-02,6.521209e-02,1.850411e-02,4.626922e-02,1.575550e-01,1.598425e-02,1.629812e-01
2.775851e-02,1.089446e-02,2.669540e-03,2.790684e-03,1.759475e-02,1.753231e-02,1.955574e-01,7.721204e-02,4.004982e-02,4.818543e-02,1.361994e-02,1.952710e-01,2.113413e-01,1.285065e-02,1.266722e-01
2.288730e-02,8.149412e-03,2.015214e-03,2.016796e-03,1.382292e-02,1.261521e-02,1.373369e-01,5.411780e-02,2.907332e-02,3.566609e-02,1.030795e-02,2.825640e-01,2.669555e-01,1.024571e-02,1.122260e-01
2.110747e-02,6.006577e-03,1.633915e-03,1.474753e-03,1.335805e-02,9.172637e-03,9.637892e-02,3.799571e-02,2.285536e-02,2.969103e-02,8.536892e-03,2.890970e-01,3.322536e-01,8.538415e-03,1.218997e-01
2.838967e-02,7.430744e-03,5.389903e-03,1.484045e-03,6.256660e-02,9.507937e-03,6.884979e-02,2.713842e-02,4.720630e-02,2.532277e-02,8.281481e-03,2.206187e-01,3.458655e-01,6.228380e-03,1.357198e-01
2.836514e-02,7.989782e-03,7.929441e-03,1.456835e-03,7.237339e-02,8.434504e-03,4.955119e-02,2.087985e-02,5.080831e-02,2.964400e-02,1.046097e-02,1.908688e-01,3.182381e-01,4.978078e-03,1.980216e-01
4.305895e-02,7.916732e-03,1.197607e-02,4.630893e-03,6.285117e-02,8.875926e-03,3.690159e-02,3.291623e-02,6.133324e-02,2.832469e-02,1.511494e-02,1.533571e-01,2.816138e-01,4.705658e-03,2.464230e-01
4.182899e-02,1.480312e-02,3.456333e-02,7.403404e-02,5.456703e-02,9.717321e-03,2.648799e-02,7.800088e-02,9.883171e-02,2.277377e-02,1.822850e-02,1.169443e-01,2.207676e-01,4.442318e-03,1.840092e-01
6.846020e-02,1.630769e-02,3.864256e-02,6.868303e-02,4.956345e-02,9.753392e-03,2.128112e-02,1.145843e-01,1.410084e-01,2.132543e-02,1.996249e-02,8.863278e-02,1.775529e-01,5.051035e-03,1.591913e-01
6.218851e-02,1.464214e-02,3.055693e-02,4.935130e-02,5.486755e-02,8.865471e-03,1.731619e-02,1.050507e-01,3.145467e-01,1.517995e-02,1.674614e-02,6.397706e-02,1.276401e-01,3.716672e-03,1.153546e-01
8.502997e-02,1.499903e-02,2.779733e-02,3.684295e-02,6.108909e-02,9.307024e-03,1.487492e-02,1.304152e-01,3.548948e-01,1.104052e-02,1.468639e-02,4.600456e-02,9.218903e-02,2.989189e-03,9.784002e-02
1.636574e-01,1.955825e-02,3.137718e-02,4.355087e-02,6.367773e-02,1.245032e-02,1.412272e-02,1.218966e-01,3.321136e-01,8.218706e-03,1.324114e-02,3.595694e-02,6.700039e-02,2.324700e-03,7.085346e-02
2.105782e-01,2.103298e-02,7.049496e-02,1.037214e-01,5.995981e-02,1.301085e-02,1.115532e-02,1.015499e-01,2.602112e-01,6.284968e-03,1.111849e-02,2.807697e-02,4.960775e-02,1.880691e-03,5.131641e-02
2.323176e-01,1.788748e-02,1.385262e-01,1.493550e-01,4.983956e-02,1.376243e-02,8.558648e-03,8.028983e-02,1.972053e-01,5.520700e-03,9.331275e-03,2.140100e-02,3.652810e-02,1.536498e-03,3.794029e-02
3.089623e-01,2.422341e-02,1.213239e-01,1.226446e-01,5.278911e-02,1.419175e-02,9.576085e-03,5.873715e-02,1.959519e-01,5.607843e-03,8.665429e-03,1.743457e-02,2.753153e-02,1.395021e-03,3.096540e-02
3.595490e-01,2.947177e-02,1.041022e-01,9.835725e-02,6.318369e-02,1.599514e-02,1.080852e-02,4.259214e-02,1.954893e-01,4.498679e-03,8.117669e-03,1.433491e-02,2.142232e-02,1.345100e-03,3.073241e-02
3.736328e-01,3.653381e-02,7.784708e-02,8.308309e-02,7.500996e-02,2.006058e-02,1.235529e-02,3.141654e-02,2.167910e-01,3.817156e-03,7.066941e-03,1.264227e-02,2.230680e-02,1.438821e-03,2.599793e-02
3.478507e-01,7.878859e-02,7.441700e-02,1.289460e-01,7.440685e-02,2.207671e-02,1.172201e-02,2.420864e-02,1.671086e-01,4.132452e-03,6.160409e-03,1.126280e-02,1.885109e-02,1.364650e-03,2.870343e-02
3.836032e-01,6.698715e-02,5.915337e-02,1.015669e-01,7.487325e-02,3.445463e-02,1.018924e-02,2.045360e-02,1.842420e-01,3.371313e-03,5.085526e-03,9.253895e-03,1.960847e-02,1.267005e-03,2.589038e-02
3.209375e-01,6.498019e-02,6.441980e-02,2.360891e-01,6.460252e-02,2.606829e-02,8.050907e-03,1.885713e-02,1.354446e-01,3.657542e-03,5.469352e-03,8.729632e-03,1.520844e-02,1.428793e-03,2.605626e-02
3.473167e-01,6.143154e-02,6.287058e-02,2.136688e-01,6.437658e-02,3.128799e-02,8.058540e-03,1.981024e-02,1.197020e-01,4.703389e-03,5.815165e-03,9.907320e-03,1.953387e-02,1.758671e-03,2.975855e-02
2.938660e-01,5.224688e-02,5.709461e-02,2.729806e-01,1.033794e-01,2.516890e-02,9.020311e-03,3.380306e-02,9.271135e-02,4.762081e-03,6.071067e-03,8.118737e-03,1.562754e-02,1.647501e-03,2.350186e-02
3.069136e-01,4.448542e-02,5.226965e-02,2.104461e-01,1.357297e-01,2.707903e-02,3.913713e-02,5.414788e-02,7.677218e-02,6.662229e-03,5.554372e-03,6.177706e-03,1.371388e-02,1.401465e-03,1.950961e-02
3.176335e-01,3.354437e-02,4.411466e-02,1.532021e-01,1.118135e-01,2.320703e-02,4.350580e-02,1.720627e-01,5.867855e-02,5.924237e-03,4.888545e-03,5.060598e-03,1.079426e-02,1.167837e-03,1.440240e-02
2.445866e-01,2.520274e-02,3.645144e-02,1.150950e-01,1.792956e-01,2.157104e-02,1.072909e-01,1.351265e-01,4.248006e-02,4.715844e-02,1.135419e-02,5.382508e-03,1.101228e-02,1.144404e-03,1.684832e-02
1.720525e-01,1.798443e-02,2.721445e-02,8.409826e-02,1.300739e-01,1.637373e-02,3.232769e-01,1.006299e-01,3.009038e-02,5.500640e-02,9.100763e-03,9.253744e-03,1.104154e-02,9.113387e-04,1.289171e-02
1.204628e-01,1.265117e-02,1.923775e-02,5.910379e-02,9.136080e-02,1.163946e-02,3.701583e-01,7.075905e-02,2.109843e-02,1.352765e-01,9.450225e-03,5.625642e-02,1.263795e-02,7.208496e-04,9.186674e-03
8.441463e-02,8.887721e-03,1.348911e-02,4.143826e-02,6.422944e-02,8.319521e-03,2.743340e-01,4.955372e-02,1.478748e-02,1.362309e-01,2.690312e-02,2.507569e-01,1.856959e-02,1.329954e-03,6.755752e-03
5.925709e-02,6.243556e-03,9.460899e-03,2.904607e-02,4.514970e-02,6.024214e-03,2.044845e-01,3.472591e-02,1.036665e-02,1.303136e-01,4.107854e-02,4.001375e-01,1.499463e-02,3.817182e-03,4.900026e-03
4.155387e-02,4.407412e-03,6.638266e-03,2.037346e-02,3.168589e-02,4.380642e-03,1.494079e-01,2.435422e-02,7.461745e-03,1.059482e-01,4.138158e-02,5.400621e-01,1.320142e-02,5.570472e-03,3.572880e-03
2.924906e-02,3.156661e-03,4.684804e-03,1.428532e-02,2.221581e-02,3.166861e-03,1.061694e-01,1.712449e-02,5.805493e-03,8.295880e-02,4.759779e-02,6.363223e-01,1.111169e-02,1.327308e-02,2.878543e-03
2.070363e-02,2.285170e-03,3.360613e-03,1.002257e-02,1.557485e-02,2.322276e-03,7.451058e-02,1.205307e-02,4.585792e-03,6.917314e-02,4.579614e-02,7.088610e-01,9.323608e-03,1.916854e-02,2.259050e-03
1.454989e-02,1.840832e-03,2.655931e-03,7.033901e-03,1.116314e-02,1.788155e-03,5.218301e-02,8.534368e-03,3.624301e-03,7.997129e-02,4.760728e-02,7.138227e-01,9.553678e-03,4.341619e-02,2.255404e-03
1.031327e-02,1.412601e-03,1.953895e-03,4.962794e-03,8.018984e-03,1.407873e-03,3.654744e-02,6.088124e-03,2.860439e-03,7.092115e-02,5.981759e-02,6.949580e-01,9.096583e-03,8.925822e-02,2.383037e-03
7.300295e-03,1.257197e-03,1.405539e-03,3.580713e-03,8.476019e-03,1.236549e-03,2.594839e-02,4.314512e-03,3.670467e-03,6.143751e-02,1.463932e-01,6.465223e-01,9.329628e-03,7.684857e-02,2.279099e-03
5.439515e-03,2.143163e-03,1.158909e-03,2.815034e-03,3.044694e-02,2.515987e-03,1.942296e-02,3.301362e-03,1.489259e-02,5.059567e-02,2.093254e-01,5.891819e-01,8.878962e-03,5.746641e-02,2.415247e-03
4.230358e-03,2.186598e-02,2.298533e-03,2.207963e-03,3.124594e-02,3.828182e-03,1.476997e-02,2.675469e-03,4.338814e-02,3.963237e-02,2.174094e-01,5.535698e-01,7.641794e-03,5.310200e-02,2.134118e-03
4.360802e-03,1.768988e-02,2.759435e-03,2.279380e-03,3.598234e-02,3.979542e-03,1.111457e-02,2.598424e-02,7.386167e-02,3.147846e-02,2.022337e-01,5.313161e-01,8.238724e-03,4.688080e-02,1.840291e-03
3.882005e-03,1.417382e-02,2.773673e-03,1.955593e-03,3.553057e-02,3.630528e-03,8.286033e-03,4.675485e-02,1.794833e-01,2.300418e-02,1.739065e-01,4.575059e-01,8.667781e-03,3.892097e-02,1.524250e-03
3.066407e-03,1.093094e-02,2.190761e-03,1.711130e-03,2.958449e-02,4.570363e-03,6.281360e-03,3.999926e-02,4.030910e-01,1.637353e-02,1.246568e-01,3.216437e-01,6.637882e-03,2.806077e-02,1.201642e-03
2.572550e-03,8.657595e-03,2.241975e-03,1.864219e-03,2.304162e-02,4.392818e-03,4.472474e-03,4.828433e-02,5.352688e-01,1.175039e-02,9.767450e-02,2.300986e-01,8.264614e-03,2.051048e-02,9.049940e-04
2.986361e-03,6.250865e-03,1.837279e-03,2.465874e-03,3.855374e-02,3.323941e-03,3.197249e-03,4.620291e-02,6.319640e-01,8.264909e-03,7.113943e-02,1.617126e-01,7.059565e-03,1.440065e-02,6.405971e-04
4.460302e-03,4.943862e-03,1.987460e-03,3.537404e-03,4.924342e-02,4.309349e-03,2.764085e-03,4.900429e-02,6.936413e-01,5.913356e-03,5.098721e-02,1.133241e-01,5.216405e-03,1.012393e-02,5.435334e-04
8.212975e-03,4.429043e-03,2.035523e-03,3.879508e-03,6.248204e-02,3.623393e-03,2.192110e-03,4.246137e-02,7.386483e-01,4.391355e-03,3.659599e-02,7.945931e-02,3.756995e-03,7.148749e-03,6.833864e-04
1.184933e-02,1.160465e-02,2.470501e-03,1.363621e-02,6.837492e-02,4.110625e-03,1.834814e-03,3.936741e-02,7.488160e-01,4.171230e-03,2.655220e-02,5.612139e-02,2.868734e-03,5.057761e-03,3.164254e-03
1.163994e-02,9.584993e-03,1.837597e-03,1.072559e-02,7.001603e-02,4.035836e-03,1.393416e-03,3.636172e-02,7.851455e-01,2.991903e-03,1.900882e-02,3.936227e-02,2.049311e-03,3.561933e-03,2.285120e-03
2.029684e-02,7.535081e-03,1.447845e-03,1.446241e-02,1.290674e-01,3.893793e-03,2.009762e-03,4.486676e-02,7.269145e-01,2.252815e-03,1.366786e-02,2.773327e-02,1.524097e-03,2.519339e-03,1.808243e-03
3.015740e-02,7.087613e-03,4.670710e-03,7.933190e-02,1.515398e-01,3.363630e-03,1.817608e-03,1.046636e-01,5.797394e-01,2.446984e-03,1.012739e-02,1.967223e-02,1.255597e-03,1.809550e-03,2.316593e-03
4.081178e-02,7.527375e-03,9.887396e-03,9.906106e-02,1.415175e-01,3.693919e-03,1.498366e-03,1.213284e-01,5.436178e-01,3.258957e-03,7.894144e-03,1.407905e-02,1.096049e-03,1.345499e-03,3.382582e-03
4.968099e-02,1.037873e-02,9.065276e-03,8.297237e-02,1.295438e-01,3.669938e-03,1.526226e-03,1.045271e-01,5.830231e-01,3.031963e-03,6.657209e-03,1.027861e-02,1.091321e-03,1.067512e-03,3.485798e-03
6.317179e-02,1.099604e-02,7.401707e-03,6.668770e-02,1.153705e-01,4.175891e-03,1.363727e-03,1.008156e-01,6.078694e-01,2.740686e-03,6.120025e-03,7.867128e-03,1.198392e-03,8.646800e-04,3.356576e-03
9.497067e-02,1.282650e-02,1.235866e-02,5.747601e-02,9.757189e-02,5.369738e-03,1.545782e-03,9.829718e-02,5.965535e-01,2.946477e-03,6.242457e-03,6.865312e-03,1.343275e-03,9.030362e-04,4.729466e-03
1.424921e-01,2.516409e-02,1.711186e-02,4.831244e-02,8.693560e-02,5.229505e-03,1.687290e-03,9.280623e-02,5.590029e-01,3.083936e-03,5.253912e-03,5.831156e-03,1.584286e-03,8.589046e-04,4.645792e-03
2.028968e-01,3.606709e-02,3.804087e-02,4.153604e-02,7.255306e-02,6.679524e-03,2.144025e-03,7.760620e-02,4.984840e-01,3.876591e-03,5.340181e-03,6.032509e-03,2.118217e-03,1.280831e-03,5.344109e-03
2.186716e-01,7.933097e-02,5.555249e-02,5.715474e-02,5.369045e-02,6.338002e-03,1.667625e-03,5.716798e-02,3.665214e-01,2.587397e-02,2.465880e-02,1.022156e-02,3.939011e-03,7.232018e-03,3.197941e-02
1.556564e-01,8.887541e-02,6.203363e-02,1.037318e-01,3.818172e-02,5.928957e-03,1.194679e-03,4.125139e-02,2.821084e-01,4.712763e-02,6.178000e-02,8.691736e-03,1.186964e-02,6.450298e-03,8.511826e-02
