1.000000e+00,0.000000e+00,0.000000e+00,0.000000e+00,0.000000e+00,0.000000e+00,0.000000e+00,0.000000e+00,0.000000e+00,0.000000e+00,0.000000e+00,0.000000e+00,0.000000e+00,0.000000e+00,0.000000e+00
1.000000e+00,0.000000e+00,0.000000e+00,0.000000e+00,0.000000e+00,0.000000e+00,0.000000e+00,0.000000e+00,0.000000e+00,0.000000e+00,0.000000e+00,0.000000e+00,0.000000e+00,0.000000e+00,0.000000e+00
1.000000e+00,0.000000e+00,0.000000e+00,0.000000e+00,0.000000e+00,0.000000e+00,0.000000e+00,0.000000e+00,0.000000e+00,0.000000e+00,0.000000e+00,0.000000e+00,0.000000e+00,0.000000e+00,0.000000e+00
1.000000e+00,0.000000e+00,0.000000e+00,0.000000e+00,0.000000e+00,0.000000e+00,0.000000e+00,0.000000e+00,0.000000e+00,0.000000e+00,0.000000e+00,0.000000e+00,0.000000e+00,0.000000e+00,0.000000e+00
1.000000e+00,0.000000e+00,0.000000e+00,0.000000e+00,0.000000e+00,0.000000e+00,0.000000e+00,0.000000e+00,0.000000e+00,0.000000e+00,0.000000e+00,0.000000e+00,0.000000e+00,0.000000e+00,0.000000e+00
1.000000e+00,0.000000e+00,0.000000e+00,0.000000e+00,0.000000e+00,0.000000e+00,0.000000e+00,0.000000e+00,0.000000e+00,0.000000e+00,0.000000e+00,0.000000e+00,0.000000e+00,0.000000e+00,0.000000e+00
1.000000e+00,0.000000e+00,0.000000e+00,0.000000e+00,0.000000e+00,0.000000e+00,0.000000e+00,0.000000e+00,0.000000e+00,0.000000e+00,0.000000e+00,0.000000e+00,0.000000e+00,0.000000e+00,0.000000e+00
1.000000e+00,0.000000e+00,0.000000e+00,0.000000e+00,0.000000e+00,0.000000e+00,0.000000e+00,0.000000e+00,0.000000e+00,0.000000e+00,0.000000e+00,0.000000e+00,0.000000e+00,0.000000e+00,0.000000e+00
1.000000e+00,0.000000e+00,0.000000e+00,0.000000e+00,0.000000e+00,0.000000e+00,0.000000e+00,0.000000e+00,0.000000e+00,0.000000e+00,0.000000e+00,0.000000e+00,0.000000e+00,0.000000e+00,0.000000e+00
1.000000e+00,0.000000e+00,0.000000e+00,0.000000e+00,0.000000e+00,0.000000e+00,0.000000e+00,0.000000e+00,0.000000e+00,0.000000e+00,0.000000e+00,0.000000e+00,0.000000e+00,0.000000e+00,0.000000e+00
1.000000e+00,0.000000e+00,0.000000e+00,0.000000e+00,0.000000e+00,0.000000e+00,0.000000e+00,0.000000e+00,0.000000e+00,0.000000e+00,0.000000e+00,0.000000e+00,0.000000e+00,0.000000e+00,0.000000e+00
1.000000e+00,0.000000e+00,0.000000e+00,0.000000e+00,0.000000e+00,0.000000e+00,0.000000e+00,0.000000e+00,0.000000e+00,0.000000e+00,0.000000e+00,0.000000e+00,0.000000e+00,0.000000e+00,0.000000e+00
1.000000e+00,0.000000e+00,0.000000e+00,0.000000e+00,0.000000e+00,0.000000e+00,0.000000e+00,0.000000e+00,0.000000e+00,0.000000e+00,0.000000e+00,0.000000e+00,0.000000e+00,0.000000e+00,0.000000e+00
1.000000e+00,0.000000e+00,0.000000e+00,0.000000e+00,0.000000e+00,0.000000e+00,0.000000e+00,0.000000e+00,0.000000e+00,0.000000e+00,0.000000e+00,0.000000e+00,0.000000e+00,0.000000e+00,0.000000e+00
1.000000e+00,0.000000e+00,0.000000e+00,0.000000e+00,0.000000e+00,0.000000e+00,0.000000e+00,0.000000e+00,0.000000e+00,0.000000e+00,0.000000e+00,0.000000e+00,0.000000e+00,0.000000e+00,0.000000e+00
1.000000e+00,0.000000e+00,0.000000e+00,0.000000e+00,0.000000e+00,0.000000e+00,0.000000e+00,0.000000e+00,0.000000e+00,0.000000e+00,0.000000e+00,0.000000e+00,0.000000e+00,0.000000e+00,0.000000e+00
1.000000e+00,0.000000e+00,0.000000e+00,0.000000e+00,0.000000e+00,0.000000e+00,0.000000e+00,0.000000e+00,0.000000e+00,0.000000e+00,0.000000e+00,0.000000e+00,0.000000e+00,0.000000e+00,0.000000e+00
1.000000e+00,0.000000e+00,0.000000e+00,0.000000e+00,0.000000e+00,0.000000e+00,0.000000e+00,0.000000e+00,0.000000e+00,0.000000e+00,0.000000e+00,0.000000e+00,0.000000e+00,0.000000e+00,0.000000e+00
1.000000e+00,0.000000e+00,0.000000e+00,0.000000e+00,0.000000e+00,0.000000e+00,0.000000e+00,0.000000e+00,0.000000e+00,0.000000e+00,0.000000e+00,0.000000e+00,0.000000e+00,0.000000e+00,0.000000e+00
1.000000e+00,0.000000e+00,0.000000e+00,0.000000e+00,0.000000e+00,0.000000e+00,0.000000e+00,0.000000e+00,0.000000e+00,0.000000e+00,0.000000e+00,0.000000e+00,0.000000e+00,0.000000e+00,0.000000e+00
1.000000e+00,0.000000e+00,0.000000e+00,0.000000e+00,0.000000e+00,0.000000e+00,0.000000e+00,0.000000e+00,0.000000e+00,0.000000e+00,0.000000e+00,0.000000e+00,0.000000e+00,0.000000e+00,0.000000e+00
1.000000e+00,0.000000e+00,0.000000e+00,0.000000e+00,0.000000e+00,0.000000e+00,0.000000e+00,0.000000e+00,0.000000e+00,0.000000e+00,0.000000e+00,0.000000e+00,0.000000e+00,0.000000e+00,0.000000e+00
1.000000e+00,0.000000e+00,0.000000e+00,0.000000e+00,0.000000e+00,0.000000e+00,0.000000e+00,0.000000e+00,0.000000e+00,0.000000e+00,0.000000e+00,0.000000e+00,0.000000e+00,0.000000e+00,0.000000e+00
1.000000e+00,0.000000e+00,0.000000e+00,0.000000e+00,0.000000e+00,0.000000e+00,0.000000e+00,0.000000e+00,0.000000e+00,0.000000e+00,0.000000e+00,0.000000e+00,0.000000e+00,0.000000e+00,0.000000e+00
1.000000e+00,0.000000e+00,0.000000e+00,0.000000e+00,0.000000e+00,0.000000e+00,0.000000e+00,0.000000e+00,0.000000e+00,0.000000e+00,0.000000e+00,0.000000e+00,0.000000e+00,0.000000e+00,0.000000e+00
1.000000e+00,0.000000e+00,0.000000e+00,0.000000e+00,0.000000e+00,0.000000e+00,0.000000e+00,0.000000e+00,0.000000e+00,0.000000e+00,0.000000e+00,0.000000e+00,0.000000e+00,0.000000e+00,0.000000e+00
1.000000e+00,0.000000e+00,0.000000e+00,0.000000e+00,0.000000e+00,0.000000e+00,0.000000e+00,0.000000e+00,0.000000e+00,0.000000e+00,0.000000e+00,0.000000e+00,0.000000e+00,0.000000e+00,0.000000e+00
1.000000e+00,0.000000e+00,0.000000e+00,0.000000e+00,0.000000e+00,0.000000e+00,0.000000e+00,0.000000e+00,0.000000e+00,0.000000e+00,0.000000e+00,0.000000e+00,0.000000e+00,0.000000e+00,0.000000e+00
1.000000e+00,0.000000e+00,0.000000e+00,0.000000e+00,0.000000e+00,0.000000e+00,0.000000e+00,0.000000e+00,0.000000e+00,0.000000e+00,0.000000e+00,0.000000e+00,0.000000e+00,0.000000e+00,0.000000e+00
1.000000e+00,0.000000e+00,0.000000e+00,0.000000e+00,0.000000e+00,0.000000e+00,0.000000e+00,0.000000e+00,0.000000e+00,0.000000e+00,0.000000e+00,0.000000e+00,0.000000e+00,0.000000e+00,0.000000e+00
1.000000e+00,0.000000e+00,0.000000e+00,0.000000e+00,0.000000e+00,0.000000e+00,0.000000e+00,0.000000e+00,0.000000e+00,0.000000e+00,0.000000e+00,0.000000e+00,0.000000e+00,0.000000e+00,0.000000e+00
1.000000e+00,0.000000e+00,0.000000e+00,0.000000e+00,0.000000e+00,0.000000e+00,0.000000e+00,0.000000e+00,0.000000e+00,0.000000e+00,0.000000e+00,0.000000e+00,0.000000e+00,0.000000e+00,0.000000e+00
1.000000e+00,0.000000e+00,0.000000e+00,0.000000e+00,0.000000e+00,0.000000e+00,0.000000e+00,0.000000e+00,0.000000e+00,0.000000e+00,0.000000e+00,0.000000e+00,0.000000e+00,0.000000e+00,0.000000e+00
1.000000e+00,0.000000e+00,0.000000e+00,0.000000e+00,0.000000e+00,0.000000e+00,0.000000e+00,0.000000e+00,0.000000e+00,0.000000e+00,0.000000e+00,0.000000e+00,0.000000e+00,0.000000e+00,0.000000e+00
1.000000e+00,0.000000e+00,0.000000e+00,0.000000e+00,0.000000e+00,0.000000e+00,0.000000e+00,0.000000e+00,0.000000e+00,0.000000e+00,0.000000e+00,0.000000e+00,0.000000e+00,0.000000e+00,0.000000e+00
1.000000e+00,0.000000e+00,0.000000e+00,0.000000e+00,0.000000e+00,0.000000e+00,0.000000e+00,0.000000e+00,0.000000e+00,0.000000e+00,0.000000e+00,0.000000e+00,0.000000e+00,0.000000e+00,0.000000e+00
1.000000e+00,0.000000e+00,0.000000e+00,0.000000e+00,0.000000e+00,0.000000e+00,0.000000e+00,0.000000e+00,0.000000e+00,0.000000e+00,0.000000e+00,0.000000e+00,0.000000e+00,0.000000e+00,0.000000e+00
1.000000e+00,0.000000e+00,0.000000e+00,0.000000e+00,0.000000e+00,0.000000e+00,0.000000e+00,0.000000e+00,0.000000e+00,0.000000e+00,0.000000e+00,0.000000e+00,0.000000e+00,0.000000e+00,0.000000e+00
1.000000e+00,0.000000e+00,0.000000e+00,0.000000e+00,0.000000e+00,0.000000e+00,0.000000e+00,0.000000e+00,0.000000e+00,0.000000e+00,0.000000e+00,0.000000e+00,0.000000e+00,0.000000e+00,0.000000e+00
1.000000e+00,0.000000e+00,0.000000e+00,0.000000e+00,0.000000e+00,0.000000e+00,0.000000e+00,0.000000e+00,0.000000e+00,0.000000e+00,0.000000e+00,0.000000e+00,0.000000e+00,0.000000e+00,0.000000e+00
3.906189e-01,5.120624e-02,4.979446e-02,2.316549e-01,1.481120e-02,1.778624e-02,5.419262e-03,1.923508e-02,2.822862e-02,5.525666e-03,4.043260e-02,4.390428e-02,2.201707e-02,1.342544e-02,6.594013e-02
4.086731e-01,5.468515e-02,4.357330e-02,2.141536e-01,1.645427e-02,1.760463e-02,5.649465e-03,1.694655e-02,3.137737e-02,5.247228e-03,4.118719e-02,4.075524e-02,2.384128e-02,1.415173e-02,6.569993e-02
3.342729e-01,5.860483e-02,5.094250e-02,3.269123e-01,1.610860e-02,1.438616e-02,4.719174e-03,1.531469e-02,2.669397e-02,4.075170e-03,3.306406e-02,3.240069e-02,1.864576e-02,1.108654e-02,5.277269e-02
4.000860e-01,5.443441e-02,4.349319e-02,2.867277e-01,1.699781e-02,1.491833e-02,4.799370e-03,1.437962e-02,2.443504e-02,3.607687e-03,2.839061e-02,2.917061e-02,1.963209e-02,9.922015e-03,4.900551e-02
3.533713e-01,4.951626e-02,6.082856e-02,2.973043e-01,2.584388e-02,2.014566e-02,6.678806e-03,1.860797e-02,2.288633e-02,3.526023e-03,2.812741e-02,3.574192e-02,2.196255e-02,8.671375e-03,4.678769e-02
4.544303e-01,4.475164e-02,4.705855e-02,2.268646e-01,2.385925e-02,2.028418e-02,6.637764e-03,1.637637e-02,1.968101e-02,3.240787e-03,2.442816e-02,3.634431e-02,2.508828e-02,8.119939e-03,4.283495e-02
4.728757e-01,4.159669e-02,5.201674e-02,1.892970e-01,2.516776e-02,2.305859e-02,7.769217e-03,2.061425e-02,1.906333e-02,3.141185e-03,2.452491e-02,4.154668e-02,2.712517e-02,8.407269e-03,4.379561e-02
1.000000e+00,0.000000e+00,0.000000e+00,0.000000e+00,0.000000e+00,0.000000e+00,0.000000e+00,0.000000e+00,0.000000e+00,0.000000e+00,0.000000e+00,0.000000e+00,0.000000e+00,0.000000e+00,0.000000e+00
1.000000e+00,0.000000e+00,0.000000e+00,0.000000e+00,0.000000e+00,0.000000e+00,0.000000e+00,0.000000e+00,0.000000e+00,0.000000e+00,0.000000e+00,0.000000e+00,0.000000e+00,0.000000e+00,0.000000e+00
1.000000e+00,0.000000e+00,0.000000e+00,0.000000e+00,0.000000e+00,0.000000e+00,0.000000e+00,0.000000e+00,0.000000e+00,0.000000e+00,0.000000e+00,0.000000e+00,0.000000e+00,0.000000e+00,0.000000e+00
1.000000e+00,0.000000e+00,0.000000e+00,0.000000e+00,0.000000e+00,0.000000e+00,0.000000e+00,0.000000e+00,0.000000e+00,0.000000e+00,0.000000e+00,0.000000e+00,0.000000e+00,0.000000e+00,0.000000e+00
1.000000e+00,0.000000e+00,0.000000e+00,0.000000e+00,0.000000e+00,0.000000e+00,0.000000e+00,0.000000e+00,0.000000e+00,0.000000e+00,0.000000e+00,0.000000e+00,0.000000e+00,0.000000e+00,0.000000e+00
1.000000e+00,0.000000e+00,0.000000e+00,0.000000e+00,0.000000e+00,0.000000e+00,0.000000e+00,0.000000e+00,0.000000e+00,0.000000e+00,0.000000e+00,0.000000e+00,0.000000e+00,0.000000e+00,0.000000e+00
1.000000e+00,0.000000e+00,0.000000e+00,0.000000e+00,0.000000e+00,0.000000e+00,0.000000e+00,0.000000e+00,0.000000e+00,0.000000e+00,0.000000e+00,0.000000e+00,0.000000e+00,0.000000e+00,0.000000e+00
1.000000e+00,0.000000e+00,0.000000e+00,0.000000e+00,0.000000e+00,0.000000e+00,0.000000e+00,0.000000e+00,0.000000e+00,0.000000e+00,0.000000e+00,0.000000e+00,0.000000e+00,0.000000e+00,0.000000e+00
1.000000e+00,0.000000e+00,0.000000e+00,0.000000e+00,0.000000e+00,0.000000e+00,0.000000e+00,0.000000e+00,0.000000e+00,0.000000e+00,0.000000e+00,0.000000e+00,0.000000e+00,0.000000e+00,0.000000e+00
1.000000e+00,0.000000e+00,0.000000e+00,0.000000e+00,0.000000e+00,0.000000e+00,0.000000e+00,0.000000e+00,0.000000e+00,0.000000e+00,0.000000e+00,0.000000e+00,0.000000e+00,0.000000e+00,0.000000e+00
4.814492e-01,2.031883e-01,3.223714e-02,1.747852e-01,9.904528e-03,1.523159e-02,3.312628e-03,6.950850e-03,5.415849e-03,4.799239e-03,1.573448e-02,2.012605e-02,1.244747e-02,2.501448e-03,1.191605e-02
1.000000e+00,0.000000e+00,0.000000e+00,0.000000e+00,0.000000e+00,0.000000e+00,0.000000e+00,0.000000e+00,0.000000e+00,0.000000e+00,0.000000e+00,0.000000e+00,0.000000e+00,0.000000e+00,0.000000e+00
3.770305e-01,4.236941e-01,1.938595e-02,9.081891e-02,9.559898e-03,1.976885e-02,1.996541e-03,4.589082e-03,3.734713e-03,4.072297e-03,1.176112e-02,1.299668e-02,8.337403e-03,2.415397e-03,9.838661e-03
3.160576e-01,4.860793e-01,1.488412e-02,6.429166e-02,1.012132e-02,5.499518e-02,2.056736e-03,4.609433e-03,2.956366e-03,3.781365e-03,1.175029e-02,1.038872e-02,6.764380e-03,2.104781e-03,9.158737e-03
2.925628e-01,5.015007e-01,1.171593e-02,4.615782e-02,1.062286e-02,8.301100e-02,2.078589e-03,4.515093e-03,2.663140e-03,3.954702e-03,1.446313e-02,9.068244e-03,5.829487e-03,2.103148e-03,9.753417e-03
3.117524e-01,4.719263e-01,1.097581e-02,3.602452e-02,1.232477e-02,9.558707e-02,2.252887e-03,5.127643e-03,2.645353e-03,4.599790e-03,1.679954e-02,1.097526e-02,6.095832e-03,2.421655e-03,1.049118e-02
3.405841e-01,4.224207e-01,1.078595e-02,2.871327e-02,1.522456e-02,1.040091e-01,3.292933e-03,6.258078e-03,2.703983e-03,6.909645e-03,2.387094e-02,1.213554e-02,6.621127e-03,2.740595e-03,1.372952e-02
2.554656e-01,4.669594e-01,1.086982e-02,2.062445e-02,1.717322e-02,1.400721e-01,3.900457e-03,5.936847e-03,2.243395e-03,1.780502e-02,3.013618e-02,1.096328e-02,4.944929e-03,2.218965e-03,1.068639e-02
1.865678e-01,4.140963e-01,1.088867e-02,1.465010e-02,1.361607e-02,2.271563e-01,3.427260e-03,4.519867e-03,1.817367e-03,3.640631e-02,5.337356e-02,2.028539e-02,3.601058e-03,1.824110e-03,7.769907e-03
1.312814e-01,3.204430e-01,9.975711e-03,1.044242e-02,1.011639e-02,3.319265e-01,2.943488e-03,3.243839e-03,1.387079e-03,6.341331e-02,7.042181e-02,3.447900e-02,2.807803e-03,1.512359e-03,5.606020e-03
9.392501e-02,2.248026e-01,7.531157e-03,7.421670e-03,7.191204e-03,3.292059e-01,2.594851e-03,2.438754e-03,1.310870e-03,7.629836e-02,1.821186e-01,5.563580e-02,2.143722e-03,2.272277e-03,5.109254e-03
6.756817e-02,1.575053e-01,5.411745e-03,5.250782e-03,5.094416e-03,3.095286e-01,2.240428e-03,1.768650e-03,1.083063e-03,7.722165e-02,2.289796e-01,1.301650e-01,1.659879e-03,2.629926e-03,3.892730e-03
4.760118e-02,1.102969e-01,3.834622e-03,3.686547e-03,3.582543e-03,2.520809e-01,1.755637e-03,1.251231e-03,8.938718e-04,6.740148e-02,2.502784e-01,2.503199e-01,1.253021e-03,2.855253e-03,2.908460e-03
3.352556e-02,7.745505e-02,2.795888e-03,2.593394e-03,2.533562e-03,1.829620e-01,1.335125e-03,8.997602e-04,7.306862e-04,5.114180e-02,3.040231e-01,3.340705e-01,9.045237e-04,2.551704e-03,2.477326e-03
2.361089e-02,5.431999e-02,2.067104e-03,1.846966e-03,1.820404e-03,1.305081e-01,1.112555e-03,6.783350e-04,6.766050e-04,3.708875e-02,2.920167e-01,4.493183e-01,6.609820e-04,2.339341e-03,1.934955e-03
1.661734e-02,3.816716e-02,1.576772e-03,1.308877e-03,1.311422e-03,9.191748e-02,8.450936e-04,5.498103e-04,6.706129e-04,2.649039e-02,3.434317e-01,4.731019e-01,4.786910e-04,2.115437e-03,1.417344e-03
1.165306e-02,2.831249e-02,1.576080e-03,9.291542e-04,9.947203e-04,6.442265e-02,6.217794e-04,4.869464e-04,6.091062e-04,1.872769e-02,4.355484e-01,4.327017e-01,3.407999e-04,2.035623e-03,1.039824e-03
8.372398e-03,4.150847e-02,2.017079e-02,2.088730e-03,4.053145e-03,4.677716e-02,2.694361e-03,2.440655e-02,2.460086e-03,1.442944e-02,3.631350e-01,4.644346e-01,2.764286e-04,4.425001e-03,7.678142e-04
6.175888e-03,5.178437e-02,2.703191e-02,3.289821e-03,1.544258e-02,3.452216e-02,5.162516e-03,5.655172e-02,3.516769e-02,1.513259e-02,3.622317e-01,3.782627e-01,2.819160e-04,8.272122e-03,6.902468e-04
4.659168e-03,1.432882e-01,3.873425e-02,3.573595e-03,2.232421e-02,2.673743e-02,4.651445e-03,4.825664e-02,1.001125e-01,1.318741e-02,3.148122e-01,2.713020e-01,4.210108e-04,7.012605e-03,9.274530e-04
3.679687e-03,2.275646e-01,3.400159e-02,4.392566e-03,4.072334e-02,2.443201e-02,3.674952e-03,4.432766e-02,1.750719e-01,1.017591e-02,2.307150e-01,1.919246e-01,2.859532e-03,5.300124e-03,1.156513e-03
2.914581e-03,3.318135e-01,4.157183e-02,1.041286e-02,4.445258e-02,2.239603e-02,2.694199e-03,3.262410e-02,1.894176e-01,8.440597e-03,1.671345e-01,1.359529e-01,4.303807e-03,3.891565e-03,1.979361e-03
4.249844e-03,2.555635e-01,3.655123e-02,1.507310e-02,4.583379e-02,2.058637e-02,1.961118e-03,2.727027e-02,1.998940e-01,1.333662e-02,2.225553e-01,1.285327e-01,1.897433e-02,3.884754e-03,5.733158e-03
3.565651e-03,1.953153e-01,3.964050e-02,1.446076e-01,4.923049e-02,1.697557e-02,1.444603e-03,2.088704e-02,1.872115e-01,1.441424e-02,1.974890e-01,9.498209e-02,2.267612e-02,3.145811e-03,8.414553e-03
4.707735e-03,1.520195e-01,3.017698e-02,1.117578e-01,3.884900e-02,1.597464e-02,1.182285e-03,1.770025e-02,2.149273e-01,2.421058e-02,2.551364e-01,8.110325e-02,3.493537e-02,2.946123e-03,1.437277e-02
4.648247e-03,1.271662e-01,2.425604e-02,2.237277e-01,3.106958e-02,1.436290e-02,8.959826e-04,1.414429e-02,1.861242e-01,2.007150e-02,2.339506e-01,6.064217e-02,3.800868e-02,2.792573e-03,1.813925e-02
4.186484e-03,1.013504e-01,1.754053e-02,3.046263e-01,2.385521e-02,1.101477e-02,6.527718e-04,1.012731e-02,1.806518e-01,1.486909e-02,2.437444e-01,4.334900e-02,2.804805e-02,2.516301e-03,1.346755e-02
6.609341e-03,7.419526e-02,1.296911e-02,2.429449e-01,1.740318e-02,1.064288e-02,5.631945e-04,7.280005e-03,1.536789e-01,1.409323e-02,3.797629e-01,4.178738e-02,2.487670e-02,3.105332e-03,1.008762e-02
7.874624e-03,5.389386e-02,1.003364e-02,2.117364e-01,1.407406e-02,9.346455e-03,4.633393e-04,5.535888e-03,1.253898e-01,1.350272e-02,4.283869e-01,6.973864e-02,3.402698e-02,7.997824e-03,7.998909e-03
8.885648e-03,3.871319e-02,7.310355e-03,1.543370e-01,2.059674e-02,1.195610e-02,5.458743e-04,4.505898e-03,1.367564e-01,1.329458e-02,4.522665e-01,1.017129e-01,3.410206e-02,9.114683e-03,5.902058e-03
1.388562e-02,3.691134e-02,5.729360e-03,1.207212e-01,3.594150e-02,2.529556e-02,1.053317e-03,5.676911e-03,1.638137e-01,1.106939e-02,4.164926e-01,1.150845e-01,3.063462e-02,1.233457e-02,5.355794e-03
1.828053e-02,3.477388e-02,4.563081e-03,1.007804e-01,4.058914e-02,4.843505e-02,1.520909e-03,5.401458e-03,1.699033e-01,1.211494e-02,3.723788e-01,1.402889e-01,3.205042e-02,1.372434e-02,5.194865e-03
1.674529e-02,5.658054e-02,5.639199e-03,8.423167e-02,3.907736e-02,6.975489e-02,1.804152e-03,5.779029e-03,1.700587e-01,9.755978e-03,3.653251e-01,1.239087e-01,3.222053e-02,1.052328e-02,8.595523e-03
2.114537e-02,5.031274e-02,9.649163e-03,8.088011e-02,5.044047e-02,7.591405e-02,2.562394e-03,8.320162e-03,1.629192e-01,1.027423e-02,3.278722e-01,1.196021e-01,4.296879e-02,1.691197e-02,2.022707e-02
2.288054e-02,5.007369e-02,3.599297e-02,6.293812e-02,1.114471e-01,5.676774e-02,2.158924e-03,7.262964e-03,1.615326e-01,9.087555e-03,2.816246e-01,1.025432e-01,5.056781e-02,1.826697e-02,2.685546e-02
2.294257e-02,3.578314e-02,1.264435e-01,5.754396e-02,1.564899e-01,4.192392e-02,2.005282e-03,5.717073e-02,1.220215e-01,6.884759e-03,2.104568e-01,7.728875e-02,4.909971e-02,1.406848e-02,1.987704e-02
2.980902e-02,2.847276e-02,1.129406e-01,4.756702e-02,2.748004e-01,3.246682e-02,2.444587e-03,5.018848e-02,1.102005e-01,5.797560e-03,1.576396e-01,6.319959e-02,4.395492e-02,1.925727e-02,2.126093e-02
2.416221e-02,2.556642e-02,9.161054e-02,7.132099e-02,2.770272e-01,3.500021e-02,2.470020e-03,3.773118e-02,1.369678e-01,6.102511e-03,1.274077e-01,5.611780e-02,6.081355e-02,1.587927e-02,3.182269e-02
2.236667e-02,2.501570e-02,7.001792e-02,5.902729e-02,2.249928e-01,2.958821e-02,4.251181e-03,5.161273e-02,2.444405e-01,7.086291e-03,1.101989e-01,4.508548e-02,6.744631e-02,1.290790e-02,2.596214e-02
3.122626e-02,2.388803e-02,5.923800e-02,5.001589e-02,1.854734e-01,3.162469e-02,6.087460e-03,5.593807e-02,3.375520e-01,8.192187e-03,8.444704e-02,3.536867e-02,6.113443e-02,9.423615e-03,2.039031e-02
3.847582e-02,2.182377e-02,6.512901e-02,5.717786e-02,1.713279e-01,3.381862e-02,9.241254e-03,4.933125e-02,3.870828e-01,7.958084e-03,6.016340e-02,2.555101e-02,4.965343e-02,6.724880e-03,1.654092e-02
5.559169e-02,2.076768e-02,6.737932e-02,5.786334e-02,1.610431e-01,4.557524e-02,9.268417e-03,4.201165e-02,4.074770e-01,9.587783e-03,4.288083e-02,1.900251e-02,3.899544e-02,4.949650e-03,1.760631e-02
7.746382e-02,2.034946e-02,6.475200e-02,4.856968e-02,1.831305e-01,6.254589e-02,1.023122e-02,3.347787e-02,3.948551e-01,7.378148e-03,3.123903e-02,1.524125e-02,3.197636e-02,4.064311e-03,1.472536e-02
6.792799e-02,2.108549e-02,6.567867e-02,1.797807e-01,1.878752e-01,4.753235e-02,1.360643e-02,3.396862e-02,3.058189e-01,5.492360e-03,2.257280e-02,1.093708e-02,2.357699e-02,2.937246e-03,1.120928e-02
8.287720e-02,1.793769e-02,5.053529e-02,2.708426e-01,1.806459e-01,3.670770e-02,1.034268e-02,3.388454e-02,2.509606e-01,5.018260e-03,1.906672e-02,8.604584e-03,1.770830e-02,2.604391e-03,1.226359e-02
7.622271e-02,1.469142e-02,4.521126e-02,2.586981e-01,1.698060e-01,2.786938e-02,8.508640e-03,1.369658e-01,2.131802e-01,4.090130e-03,1.420477e-02,6.208440e-03,1.303545e-02,1.895809e-03,9.411976e-03
6.723864e-02,1.116176e-02,3.394165e-02,1.907705e-01,1.524777e-01,2.051768e-02,6.444627e-03,3.135174e-01,1.687732e-01,2.899239e-03,1.030638e-02,4.388674e-03,9.521374e-03,1.357121e-03,6.684225e-03
5.567440e-02,8.043758e-03,2.439113e-02,1.362392e-01,1.217216e-01,1.494204e-02,5.173383e-03,4.897634e-01,1.188779e-01,2.056543e-03,7.378447e-03,3.111828e-03,6.924349e-03,9.613306e-04,4.740739e-03
4.526537e-02,5.735247e-03,1.729357e-02,9.571511e-02,9.423789e-02,1.099143e-02,4.016541e-03,6.254523e-01,8.329675e-02,1.465969e-03,5.328821e-03,2.199268e-03,4.980161e-03,6.775390e-04,3.344130e-03
3.458462e-02,4.050713e-03,1.225646e-02,6.719110e-02,6.939574e-02,8.130000e-03,2.956005e-03,7.302780e-01,5.834037e-02,1.054356e-03,3.827036e-03,1.557384e-03,3.541247e-03,4.785512e-04,2.358506e-03
2.607169e-02,2.843953e-03,8.606896e-03,4.707995e-02,5.027083e-02,5.995651e-03,2.182670e-03,8.070124e-01,4.084938e-02,7.399471e-04,2.711703e-03,1.106275e-03,2.535197e-03,3.386441e-04,1.654818e-03
2.006965e-02,2.000045e-03,6.050790e-03,3.300059e-02,3.593305e-02,4.743559e-03,1.597456e-03,8.615007e-01,2.860842e-02,5.188101e-04,1.934570e-03,8.009220e-04,1.834081e-03,2.413441e-04,1.166048e-03
1.547400e-02,1.405551e-03,4.251919e-03,2.313445e-02,2.643271e-02,3.615564e-03,1.389773e-03,8.995939e-01,2.003614e-02,3.636935e-04,1.379898e-03,5.714395e-04,1.357774e-03,1.700665e-04,8.231356e-04
1.221726e-02,9.921421e-04,2.993123e-03,1.621677e-02,1.981289e-02,2.694078e-03,1.591918e-03,9.260585e-01,1.403183e-02,2.556021e-04,9.968600e-04,4.091222e-04,1.018546e-03,1.220927e-04,5.892622e-04
9.561901e-03,7.037125e-04,2.111731e-03,1.136415e-02,1.523828e-02,2.018206e-03,1.455804e-03,9.452313e-01,9.827845e-03,1.797219e-04,7.153143e-04,2.916454e-04,7.884031e-04,8.690562e-05,4.251635e-04
9.290973e-03,5.109807e-04,1.699214e-03,8.039301e-03,1.153450e-02,2.476810e-03,5.052046e-03,9.521273e-01,6.895748e-03,1.335278e-04,5.556939e-04,2.680666e-04,1.003687e-03,7.381474e-05,3.383979e-04
8.645901e-03,3.736697e-04,1.490282e-03,5.703405e-03,9.156762e-03,2.986378e-03,7.689531e-03,9.561205e-01,4.847622e-03,1.058152e-04,4.358204e-04,2.308335e-04,1.865758e-03,6.059036e-05,2.871330e-04
8.173335e-03,2.843368e-04,1.189013e-03,4.045382e-03,7.853456e-03,3.867068e-03,1.036025e-02,9.576703e-01,3.412518e-03,9.300795e-05,3.500368e-04,1.881866e-04,2.187614e-03,4.970638e-05,2.758084e-04
1.335304e-02,2.963223e-04,1.016095e-03,2.947958e-03,7.023806e-03,9.566763e-03,8.048905e-03,9.463146e-01,3.487030e-03,1.240898e-04,9.938652e-04,7.102399e-04,5.181976e-03,1.148453e-04,8.204789e-04
1.235032e-02,4.158155e-04,8.330428e-04,2.127709e-03,7.454942e-03,3.714940e-02,6.281804e-03,7.499840e-01,2.965293e-03,1.783626e-04,1.766479e-03,9.541421e-04,1.733623e-01,1.223044e-04,4.054141e-03
1.082661e-02,4.485808e-04,6.582878e-04,1.536906e-03,6.338629e-03,3.412490e-02,4.797447e-03,5.584750e-01,2.255494e-03,1.815069e-04,1.882225e-03,1.235128e-03,3.662010e-01,9.799026e-05,1.094039e-02
1.231416e-02,4.372699e-04,7.293038e-04,1.193534e-03,5.587404e-03,4.248440e-02,4.565385e-03,4.018981e-01,1.935961e-03,2.716591e-04,2.927008e-03,4.057277e-03,5.111673e-01,9.548571e-05,1.033578e-02
1.173865e-02,5.361470e-04,7.842837e-04,9.672468e-04,6.884795e-03,4.225937e-02,4.285982e-03,2.847106e-01,1.887269e-03,5.255007e-04,4.124830e-03,6.694306e-03,6.189249e-01,1.051633e-04,1.557095e-02
9.683066e-03,8.867995e-04,1.221080e-03,7.776340e-04,7.528339e-03,3.431931e-02,4.479562e-03,1.997838e-01,1.563451e-03,1.885345e-03,5.766700e-03,1.383087e-02,7.023674e-01,4.037415e-04,1.550291e-02
9.816153e-03,9.008595e-04,1.122129e-03,6.299017e-04,8.489830e-03,2.662582e-02,3.689752e-03,1.400486e-01,1.466380e-03,7.663271e-03,8.371275e-03,2.393413e-02,6.785169e-01,9.581644e-04,8.776692e-02
1.100577e-02,8.130261e-04,9.664345e-04,4.930149e-04,7.769122e-03,1.934299e-02,2.823380e-03,9.806529e-02,1.903455e-03,3.783732e-02,6.742147e-03,2.389763e-02,5.750491e-01,1.402591e-03,2.118887e-01
1.064730e-02,1.770852e-03,1.224956e-03,3.732256e-04,1.445996e-02,1.541988e-02,2.241102e-03,6.868987e-02,3.473144e-03,3.304043e-02,5.027522e-03,1.965106e-02,4.475473e-01,1.293888e-03,3.751394e-01
9.475654e-03,1.466952e-03,1.753403e-03,3.578651e-04,1.186873e-02,1.124359e-02,2.016141e-03,4.843044e-02,3.187263e-03,2.843263e-02,3.623210e-03,1.410915e-02,3.218337e-01,1.084367e-03,5.411169e-01
9.252358e-03,3.466472e-03,4.644837e-03,1.838749e-03,1.459628e-02,8.728540e-03,2.222541e-03,4.660198e-02,1.585571e-02,3.839086e-02,3.165164e-03,1.055385e-02,2.415026e-01,9.704220e-04,5.982097e-01
1.311161e-02,6.447432e-03,1.300146e-02,4.706075e-03,2.466501e-02,7.519595e-03,2.941747e-03,4.720050e-02,2.520707e-02,4.137457e-02,3.167890e-03,7.872767e-03,1.813539e-01,9.025380e-04,6.205279e-01
1.440147e-02,6.867837e-03,1.713690e-02,5.814303e-03,3.744111e-02,8.357486e-03,8.040513e-03,5.547388e-02,3.492088e-02,4.858040e-02,2.525532e-03,5.987168e-03,1.363019e-01,8.620262e-04,6.172886e-01
2.015958e-02,9.596656e-03,2.000395e-02,7.291546e-03,5.606419e-02,1.533516e-02,1.332112e-02,5.235684e-02,5.675612e-02,5.388362e-02,2.172212e-03,4.771626e-03,1.055278e-01,7.906085e-04,5.819690e-01
2.250813e-02,1.886761e-02,6.860854e-02,6.211784e-02,5.595287e-02,1.948594e-02,1.093573e-02,9.093872e-02,6.875585e-02,6.714787e-02,2.597477e-03,3.633518e-03,7.770030e-02,6.419750e-04,4.301077e-01
2.323764e-02,1.377417e-02,5.663857e-02,6.189872e-02,4.796081e-02,2.412752e-02,8.159799e-03,2.956901e-01,5.178325e-02,4.951902e-02,2.956883e-03,2.619171e-03,5.565276e-02,5.091291e-04,3.054725e-01
1.993110e-02,9.802828e-03,4.192102e-02,4.964946e-02,4.405467e-02,2.976527e-02,6.193245e-03,4.649919e-01,3.883638e-02,3.499154e-02,2.382088e-03,1.861504e-03,3.982404e-02,3.947419e-04,2.154003e-01
1.718320e-02,7.181676e-03,3.059348e-02,3.737751e-02,3.493978e-02,2.139453e-02,4.695428e-03,6.092797e-01,2.812673e-02,2.583441e-02,1.900441e-03,1.334889e-03,2.835617e-02,3.173996e-04,1.514847e-01
1.701421e-02,5.947979e-03,2.557210e-02,2.702233e-02,2.904478e-02,1.686435e-02,3.489890e-03,6.520292e-01,2.222067e-02,3.989768e-02,1.649282e-02,3.307463e-03,2.416124e-02,1.445545e-03,1.154897e-01
1.235030e-02,5.397731e-03,6.318065e-02,2.323271e-02,2.053862e-02,1.238360e-02,2.692648e-03,5.187185e-01,6.862865e-02,8.775293e-02,4.037410e-02,4.677211e-03,2.423280e-02,6.783898e-03,1.090557e-01
1.049886e-02,6.721224e-03,6.247149e-02,1.707136e-02,1.508900e-02,1.041380e-02,3.376810e-03,3.963366e-01,1.224061e-01,8.709724e-02,6.406932e-02,4.543631e-03,2.775052e-02,5.520936e-02,1.169447e-01
8.507652e-03,7.550842e-03,4.915150e-02,1.245173e-02,1.370322e-02,9.101320e-03,3.039344e-03,2.870666e-01,1.483127e-01,6.655260e-02,8.589153e-02,3.765561e-03,3.349173e-02,1.589335e-01,1.124801e-01
6.306733e-03,5.942801e-03,3.487000e-02,8.820062e-03,1.142488e-02,7.786152e-03,2.198562e-03,2.011082e-01,1.501903e-01,4.847317e-02,8.637704e-02,3.198011e-03,3.198116e-02,2.366299e-01,1.646931e-01
4.747130e-03,6.393043e-03,2.508456e-02,6.586071e-03,1.327857e-02,1.002718e-02,1.592848e-03,1.409672e-01,2.389277e-01,3.460703e-02,7.685930e-02,2.640843e-03,3.857221e-02,1.981826e-01,2.015337e-01
8.165076e-03,6.584559e-03,2.293825e-02,4.922724e-03,1.141835e-02,9.451309e-03,1.353867e-03,9.895340e-02,3.307366e-01,2.593428e-02,6.348027e-02,2.304947e-03,2.900464e-02,1.848606e-01,1.998912e-01
9.228604e-03,9.103568e-03,1.768571e-02,3.595516e-03,8.752668e-03,1.031884e-02,1.098468e-03,6.936064e-02,3.624030e-01,2.037761e-02,4.790791e-02,1.697748e-03,2.136865e-02,2.232269e-01,1.938743e-01
9.162921e-03,8.383686e-03,1.309776e-02,2.736464e-03,6.717549e-03,1.090377e-02,8.694697e-04,4.860526e-02,3.943713e-01,1.495656e-02,3.573589e-02,1.323501e-03,1.647897e-02,2.471400e-01,1.895169e-01
6.934213e-03,9.056024e-03,9.420821e-03,2.006232e-03,4.968415e-03,9.379497e-03,6.548876e-04,3.404121e-02,4.735466e-01,1.085985e-02,2.609968e-02,9.839517e-04,1.192967e-02,2.457447e-01,1.543743e-01
5.513097e-03,1.279308e-02,6.910092e-03,1.651808e-03,3.834099e-03,1.055866e-02,5.231285e-04,2.386672e-02,5.187255e-01,9.113701e-03,2.027549e-02,9.070378e-04,9.807453e-03,2.596413e-01,1.158788e-01
4.061435e-03,1.376527e-02,5.608062e-03,6.217230e-03,3.209830e-03,8.173608e-03,3.979183e-04,1.697645e-02,6.303931e-01,7.364057e-03,1.747899e-02,1.361722e-03,9.705206e-03,1.913947e-01,8.389226e-02
3.617596e-03,2.210790e-02,6.152602e-03,6.953829e-03,5.265367e-03,6.994557e-03,3.613576e-04,1.379164e-02,6.215112e-01,1.170765e-02,1.852751e-02,1.537067e-03,8.619829e-03,2.035705e-01,6.928138e-02
8.401416e-03,2.851747e-02,1.092493e-02,1.016433e-02,2.062726e-02,5.964559e-03,3.497539e-04,2.194391e-02,5.949168e-01,1.512360e-02,1.800411e-02,1.583786e-03,7.244749e-03,2.002873e-01,5.594604e-02
3.427067e-02,3.035199e-02,5.457918e-02,1.345005e-02,6.029041e-02,1.006301e-02,1.272216e-03,3.548631e-02,5.046273e-01,1.238537e-02,1.488700e-02,1.265249e-03,5.763285e-03,1.764193e-01,4.488866e-02
4.848522e-02,3.496217e-02,6.107004e-02,1.307605e-02,7.281785e-02,1.747664e-02,1.520558e-03,3.376184e-02,4.818020e-01,1.152751e-02,1.111507e-02,9.393052e-04,4.333996e-03,1.695773e-01,3.753440e-02
4.818785e-02,5.159230e-02,1.178720e-01,5.442611e-02,7.561073e-02,1.379658e-02,1.256161e-03,2.811544e-02,4.031196e-01,1.771881e-02,8.684378e-03,7.506295e-04,3.348382e-03,1.222666e-01,5.325456e-02
7.345395e-02,5.860012e-02,1.208148e-01,7.271402e-02,1.003227e-01,3.023380e-02,3.862654e-03,2.437117e-02,3.290130e-01,1.624732e-02,8.522190e-03,9.997039e-04,3.340937e-03,1.017695e-01,5.573416e-02
1.003249e-01,6.026459e-02,1.104958e-01,8.805753e-02,1.219045e-01,4.383550e-02,5.511943e-03,1.921934e-02,2.760662e-01,1.513662e-02,8.494552e-03,1.684280e-03,3.519887e-03,9.590857e-02,4.957584e-02
8.152563e-02,6.436756e-02,8.181501e-02,1.009449e-01,8.777235e-02,3.777147e-02,3.989551e-03,1.401789e-02,2.101596e-01,1.134307e-02,1.348706e-01,5.860544e-02,5.290291e-03,7.073269e-02,3.679397e-02
6.018785e-02,5.364481e-02,6.067725e-02,1.443341e-01,6.650166e-02,2.761206e-02,2.859676e-03,1.039906e-02,1.900647e-01,8.326834e-03,2.336738e-01,5.500198e-02,5.735735e-03,5.425417e-02,2.672632e-02
4.403595e-02,4.046196e-02,4.409111e-02,1.877029e-01,4.961005e-02,1.983558e-02,2.022833e-03,7.402987e-03,1.670628e-01,6.613073e-03,3.097442e-01,5.669180e-02,5.603156e-03,3.983412e-02,1.928756e-02
3.194922e-02,2.919365e-02,3.153124e-02,1.604123e-01,3.723567e-02,1.467056e-02,1.444622e-03,5.348170e-03,1.183806e-01,4.863147e-03,3.357230e-01,1.804166e-01,4.822172e-03,3.025070e-02,1.375858e-02
2.275865e-02,2.082409e-02,2.226212e-02,1.245553e-01,3.225897e-02,1.129649e-02,1.035990e-03,3.821830e-03,8.336020e-02,3.587231e-03,3.198693e-01,3.183786e-01,3.839130e-03,2.239554e-02,9.756591e-03
1.633164e-02,1.462498e-02,1.579156e-02,9.154105e-02,3.418764e-02,8.551795e-03,7.326726e-04,2.719933e-03,5.856302e-02,2.968351e-03,3.681364e-01,3.591654e-01,3.134490e-03,1.669163e-02,6.859567e-03
1.203278e-02,1.030474e-02,1.123616e-02,6.661369e-02,5.658016e-02,6.431601e-03,5.198789e-04,1.929538e-03,4.128445e-02,2.388152e-03,4.171016e-01,3.529387e-01,2.994247e-03,1.279726e-02,4.847037e-03
9.164384e-03,7.426619e-03,8.022788e-03,4.776148e-02,1.107817e-01,5.162711e-03,3.861978e-04,1.573932e-03,2.987817e-02,1.958848e-03,4.245745e-01,3.348530e-01,3.367591e-03,1.162906e-02,3.459094e-03
7.403533e-03,5.387040e-03,5.857103e-03,3.415651e-02,9.915220e-02,4.847809e-03,2.980666e-04,1.299202e-03,2.136804e-02,1.703408e-03,3.979301e-01,4.047906e-01,2.978690e-03,1.032373e-02,2.504031e-03
9.698600e-03,4.699979e-03,4.460829e-03,2.435608e-02,9.712452e-02,4.758949e-03,2.571083e-04,2.328722e-03,1.625746e-02,2.282598e-03,3.867712e-01,4.329088e-01,3.024906e-03,9.247547e-03,1.822764e-03
1.250842e-02,5.327594e-03,4.323132e-03,1.794116e-02,2.110816e-01,6.592298e-03,2.553225e-04,1.024886e-02,1.845545e-02,2.221461e-03,3.647831e-01,3.353341e-01,2.293931e-03,7.313755e-03,1.319810e-03
2.874060e-02,5.619877e-03,8.351843e-03,1.662551e-02,2.302427e-01,8.043909e-03,2.354366e-04,2.235811e-02,2.211072e-02,2.065130e-03,3.731780e-01,2.727873e-01,1.930354e-03,6.661022e-03,1.049399e-03
4.072790e-02,7.116240e-03,1.213844e-02,1.512870e-02,2.537447e-01,3.888330e-02,7.220717e-04,4.845076e-02,2.605036e-02,3.654276e-03,3.446932e-01,1.990289e-01,1.739676e-03,7.077517e-03,8.438881e-04
6.700502e-02,1.068404e-02,2.212657e-02,1.612388e-02,2.192267e-01,4.136262e-02,2.689198e-03,1.123677e-01,3.567876e-02,7.314694e-03,3.047089e-01,1.508852e-01,2.152894e-03,6.629771e-03,1.044007e-03
1.017088e-01,1.525645e-02,1.977926e-02,1.898713e-02,1.726943e-01,4.048779e-02,2.302632e-03,1.179416e-01,6.890529e-02,1.130915e-02,3.034274e-01,1.172726e-01,2.557688e-03,6.205690e-03,1.164176e-03
1.432286e-01,2.221104e-02,1.585077e-02,1.827759e-02,1.325083e-01,4.140505e-02,1.809256e-03,9.291271e-02,8.661179e-02,1.424067e-02,3.289321e-01,9.089633e-02,3.256540e-03,5.269793e-03,2.589403e-03
1.614276e-01,2.618293e-02,1.388025e-02,1.930319e-02,1.166667e-01,4.124453e-02,1.521848e-03,7.973663e-02,1.019072e-01,1.676689e-02,3.375842e-01,7.037289e-02,3.883555e-03,5.604448e-03,3.917139e-03
1.466302e-01,3.297959e-02,1.136756e-02,2.190773e-02,1.169532e-01,3.225752e-02,1.275196e-03,6.548391e-02,1.622646e-01,1.841770e-02,3.265396e-01,5.200865e-02,3.336188e-03,5.565041e-03,3.013306e-03
1.380648e-01,2.664152e-02,1.404349e-02,1.162671e-01,1.250193e-01,2.384306e-02,1.434269e-03,1.219447e-01,1.243465e-01,1.626695e-02,2.433226e-01,3.941422e-02,2.827708e-03,4.327472e-03,2.236358e-03
1.324603e-01,2.037159e-02,1.714787e-02,2.655534e-01,1.071843e-01,1.775808e-02,1.209967e-03,1.030453e-01,9.622915e-02,1.894443e-02,1.837291e-01,2.913272e-02,2.206786e-03,3.300200e-03,1.726749e-03
1.430916e-01,1.816090e-02,1.815262e-02,3.233905e-01,9.072883e-02,1.356286e-02,1.181886e-03,9.183686e-02,9.471921e-02,2.991860e-02,1.422332e-01,2.409065e-02,2.079465e-03,4.762972e-03,2.089875e-03
1.868561e-01,1.775271e-02,1.694088e-02,2.998317e-01,9.657127e-02,1.067372e-02,1.290588e-03,7.804800e-02,1.119214e-01,3.618837e-02,1.112936e-01,2.082600e-02,2.131552e-03,7.304370e-03,2.369729e-03
1.383765e-01,1.389674e-02,1.554340e-02,4.762613e-01,7.642476e-02,7.994015e-03,9.725231e-04,6.033701e-02,7.935609e-02,2.772434e-02,7.927112e-02,1.516157e-02,1.736402e-03,5.154490e-03,1.789806e-03
1.040383e-01,3.375928e-02,1.210127e-02,3.601113e-01,5.476790e-02,6.259651e-03,7.145858e-04,4.275121e-02,6.072490e-02,1.987608e-02,2.629063e-01,3.083535e-02,2.135210e-03,6.771817e-03,2.246818e-03
1.205297e-01,4.042488e-02,1.491700e-02,2.780889e-01,4.091274e-02,6.456974e-03,5.764816e-04,3.094612e-02,4.533841e-02,1.416045e-02,3.410823e-01,4.715925e-02,2.259381e-03,1.466918e-02,2.478325e-03
1.177676e-01,4.109863e-02,2.086286e-02,2.270683e-01,2.959873e-02,1.074185e-02,5.115632e-04,2.279849e-02,3.221409e-02,1.024873e-02,3.774686e-01,5.781802e-02,2.263961e-03,4.686080e-02,2.677749e-03
1.111495e-01,3.221830e-02,1.924048e-02,1.759251e-01,2.181952e-02,1.351248e-02,4.466078e-04,1.639646e-02,2.287902e-02,7.424352e-03,3.882122e-01,1.109204e-01,1.926053e-03,7.534933e-02,2.580251e-03
1.126204e-01,2.399450e-02,1.534112e-02,1.289499e-01,1.743188e-02,1.411330e-02,3.491766e-04,1.171067e-02,1.624997e-02,5.347793e-03,3.901654e-01,1.362555e-01,1.686548e-03,1.233022e-01,2.481719e-03
8.403240e-02,1.740289e-02,1.197712e-02,9.414967e-02,3.953382e-02,1.555882e-02,5.151593e-04,8.798755e-03,1.252009e-02,4.019654e-03,3.481462e-01,2.270569e-01,1.867055e-03,1.321425e-01,2.278926e-03
5.965615e-02,1.238540e-02,8.790685e-03,6.719629e-02,6.502270e-02,1.427641e-02,5.272673e-04,6.393659e-03,9.390926e-03,2.975191e-03,3.040744e-01,3.167564e-01,1.733176e-03,1.290762e-01,1.745115e-03
4.515136e-02,9.268766e-03,6.860536e-03,4.821026e-02,6.118799e-02,1.436924e-02,4.622376e-04,4.807848e-03,8.202708e-03,2.409404e-03,3.211675e-01,3.419788e-01,1.476137e-03,1.326856e-01,1.761560e-03
3.304019e-02,6.781515e-03,5.426229e-03,3.455735e-02,5.339229e-02,1.194129e-02,3.533531e-04,3.606563e-03,6.913327e-03,1.995349e-03,4.110311e-01,3.139890e-01,1.179788e-03,1.141925e-01,1.600173e-03
2.435819e-02,5.678165e-03,4.224027e-03,2.497697e-02,4.949016e-02,9.223106e-03,3.244943e-04,2.848183e-03,5.776777e-03,2.236599e-03,4.105850e-01,3.602943e-01,1.383561e-03,9.721848e-02,1.381975e-03
2.068325e-02,6.890312e-03,3.688449e-03,1.807931e-02,4.715151e-02,7.931730e-03,3.634802e-04,3.021067e-03,4.608029e-03,1.991891e-03,4.627796e-01,3.457891e-01,1.878157e-03,7.396357e-02,1.180493e-03
1.765606e-02,1.260608e-02,4.033208e-03,1.385616e-02,5.986633e-02,8.542934e-03,6.680302e-04,6.889471e-03,3.948926e-03,1.620583e-03,4.236713e-01,3.881276e-01,1.898030e-03,5.558443e-02,1.030960e-03
1.476928e-02,1.768927e-02,3.742779e-03,1.066614e-02,6.206328e-02,9.027801e-03,1.026593e-03,8.154118e-03,3.591629e-03,1.422852e-03,4.201993e-01,4.021187e-01,1.839055e-03,4.268468e-02,1.004534e-03
1.180803e-02,2.164097e-02,4.332219e-03,8.280837e-03,7.482353e-02,7.641612e-03,1.035187e-03,1.096588e-02,3.827804e-03,1.765546e-03,4.275752e-01,3.893306e-01,1.606359e-03,3.399096e-02,1.375252e-03
8.664399e-03,6.847043e-02,3.222893e-02,7.434583e-03,1.053430e-01,5.921985e-03,9.974041e-04,1.430803e-02,1.255715e-02,2.163635e-03,3.655790e-01,3.485218e-01,1.169468e-03,2.540041e-02,1.239762e-03
8.018590e-03,1.018330e-01,8.198283e-02,2.114301e-02,1.775640e-01,9.145931e-03,2.297573e-03,1.795824e-02,1.772197e-02,1.739788e-03,2.884162e-01,2.514888e-01,8.975650e-04,1.866545e-02,1.126895e-03
6.484790e-03,1.713436e-01,1.224865e-01,5.353349e-02,1.990581e-01,1.281211e-02,3.263101e-03,1.474331e-02,1.565666e-02,1.290102e-03,2.068791e-01,1.776623e-01,6.967495e-04,1.319984e-02,8.901923e-04
4.968269e-03,1.791958e-01,2.205677e-01,1.065432e-01,1.707099e-01,9.888472e-03,2.940149e-03,1.202949e-02,1.207455e-02,1.050646e-03,1.449423e-01,1.244836e-01,5.082064e-04,9.248139e-03,8.494643e-04
6.136324e-03,1.690336e-01,3.269243e-01,9.666760e-02,1.640213e-01,1.256008e-02,4.159996e-03,1.052536e-02,1.105338e-02,1.041423e-03,1.023336e-01,8.740744e-02,4.298725e-04,6.531304e-03,1.174460e-03
1.228268e-02,1.600568e-01,2.872149e-01,1.380408e-01,2.024451e-01,2.366694e-02,9.383339e-03,1.091832e-02,1.197310e-02,1.326279e-03,7.299896e-02,6.141626e-02,9.593392e-04,4.703940e-03,2.613229e-03
1.943620e-02,1.593134e-01,2.523900e-01,2.364107e-01,1.741834e-01,2.085911e-02,7.734266e-03,1.170198e-02,1.080227e-02,1.354370e-03,5.182006e-02,4.349393e-02,1.140979e-03,3.438797e-03,5.920578e-03
4.203226e-02,1.458973e-01,2.303951e-01,2.233564e-01,2.123927e-01,2.844525e-02,9.768867e-03,1.157403e-02,1.396773e-02,1.319123e-03,3.816802e-02,3.189884e-02,1.394477e-03,3.129337e-03,6.260568e-03
7.624067e-02,1.589722e-01,1.706036e-01,1.842404e-01,2.631251e-01,3.072488e-02,8.544774e-03,1.238429e-02,2.406413e-02,2.802401e-03,3.187678e-02,2.325905e-02,2.389635e-03,4.090270e-03,6.681850e-03
6.235105e-02,1.407365e-01,1.220828e-01,1.357804e-01,3.590271e-01,3.897803e-02,5.186272e-02,1.303191e-02,2.213538e-02,2.418821e-03,2.312299e-02,1.728361e-02,2.418392e-03,3.145312e-03,5.624951e-03
5.710917e-02,1.727903e-01,9.149663e-02,1.096191e-01,3.249051e-01,7.260604e-02,3.762743e-02,9.706038e-03,2.320231e-02,7.756644e-03,2.368701e-02,1.362874e-02,6.374669e-03,3.642587e-03,4.584824e-02
4.220740e-02,1.300124e-01,6.513910e-02,7.752565e-02,2.570949e-01,9.035771e-02,2.671438e-02,6.908507e-03,7.046153e-02,6.948800e-03,7.452361e-02,9.800075e-03,1.133464e-02,6.526435e-02,6.570695e-02
3.163211e-02,9.699031e-02,4.609983e-02,5.439372e-02,1.906506e-01,6.914507e-02,1.876827e-02,4.883553e-03,1.043980e-01,6.358005e-03,1.429190e-01,7.131941e-03,1.262122e-02,1.516638e-01,6.234461e-02
2.260496e-02,6.876745e-02,3.242885e-02,3.811380e-02,1.359282e-01,4.873064e-02,1.314856e-02,3.422612e-03,1.203224e-01,7.561338e-03,1.065130e-01,5.035379e-03,9.565033e-03,3.187187e-01,6.913914e-02
1.625891e-02,4.851902e-02,2.279103e-02,2.673905e-02,9.674470e-02,3.449117e-02,9.214404e-03,2.401977e-03,1.602226e-01,9.820122e-03,8.046391e-02,3.627757e-03,7.690323e-03,3.778303e-01,1.031847e-01
