1.000000e+00,0.000000e+00,0.000000e+00,0.000000e+00,0.000000e+00,0.000000e+00,0.000000e+00,0.000000e+00,0.000000e+00,0.000000e+00,0.000000e+00,0.000000e+00,0.000000e+00,0.000000e+00,0.000000e+00
1.000000e+00,0.000000e+00,0.000000e+00,0.000000e+00,0.000000e+00,0.000000e+00,0.000000e+00,0.000000e+00,0.000000e+00,0.000000e+00,0.000000e+00,0.000000e+00,0.000000e+00,0.000000e+00,0.000000e+00
1.000000e+00,0.000000e+00,0.000000e+00,0.000000e+00,0.000000e+00,0.000000e+00,0.000000e+00,0.000000e+00,0.000000e+00,0.000000e+00,0.000000e+00,0.000000e+00,0.000000e+00,0.000000e+00,0.000000e+00
1.000000e+00,0.000000e+00,0.000000e+00,0.000000e+00,0.000000e+00,0.000000e+00,0.000000e+00,0.000000e+00,0.000000e+00,0.000000e+00,0.000000e+00,0.000000e+00,0.000000e+00,0.000000e+00,0.000000e+00
1.000000e+00,0.000000e+00,0.000000e+00,0.000000e+00,0.000000e+00,0.000000e+00,0.000000e+00,0.000000e+00,0.000000e+00,0.000000e+00,0.000000e+00,0.000000e+00,0.000000e+00,0.000000e+00,0.000000e+00
1.000000e+00,0.000000e+00,0.000000e+00,0.000000e+00,0.000000e+00,0.000000e+00,0.000000e+00,0.000000e+00,0.000000e+00,0.000000e+00,0.000000e+00,0.000000e+00,0.000000e+00,0.000000e+00,0.000000e+00
1.000000e+00,0.000000e+00,0.000000e+00,0.000000e+00,0.000000e+00,0.000000e+00,0.000000e+00,0.000000e+00,0.000000e+00,0.000000e+00,0.000000e+00,0.000000e+00,0.000000e+00,0.000000e+00,0.000000e+00
1.000000e+00,0.000000e+00,0.000000e+00,0.000000e+00,0.000000e+00,0.000000e+00,0.000000e+00,0.000000e+00,0.000000e+00,0.000000e+00,0.000000e+00,0.000000e+00,0.000000e+00,0.000000e+00,0.000000e+00
1.000000e+00,0.000000e+00,0.000000e+00,0.000000e+00,0.000000e+00,0.000000e+00,0.000000e+00,0.000000e+00,0.000000e+00,0.000000e+00,0.000000e+00,0.000000e+00,0.000000e+00,0.000000e+00,0.000000e+00
1.000000e+00,0.000000e+00,0.000000e+00,0.000000e+00,0.000000e+00,0.000000e+00,0.000000e+00,0.000000e+00,0.000000e+00,0.000000e+00,0.000000e+00,0.000000e+00,0.000000e+00,0.000000e+00,0.000000e+00
1.000000e+00,0.000000e+00,0.000000e+00,0.000000e+00,0.000000e+00,0.000000e+00,0.000000e+00,0.000000e+00,0.000000e+00,0.000000e+00,0.000000e+00,0.000000e+00,0.000000e+00,0.000000e+00,0.000000e+00
1.000000e+00,0.000000e+00,0.000000e+00,0.000000e+00,0.000000e+00,0.000000e+00,0.000000e+00,0.000000e+00,0.000000e+00,0.000000e+00,0.000000e+00,0.000000e+00,0.000000e+00,0.000000e+00,0.000000e+00
1.000000e+00,0.000000e+00,0.000000e+00,0.000000e+00,0.000000e+00,0.000000e+00,0.000000e+00,0.000000e+00,0.000000e+00,0.000000e+00,0.000000e+00,0.000000e+00,0.000000e+00,0.000000e+00,0.000000e+00
1.000000e+00,0.000000e+00,0.000000e+00,0.000000e+00,0.000000e+00,0.000000e+00,0.000000e+00,0.000000e+00,0.000000e+00,0.000000e+00,0.000000e+00,0.000000e+00,0.000000e+00,0.000000e+00,0.000000e+00
1.000000e+00,0.000000e+00,0.000000e+00,0.000000e+00,0.000000e+00,0.000000e+00,0.000000e+00,0.000000e+00,0.000000e+00,0.000000e+00,0.000000e+00,0.000000e+00,0.000000e+00,0.000000e+00,0.000000e+00
1.000000e+00,0.000000e+00,0.000000e+00,0.000000e+00,0.000000e+00,0.000000e+00,0.000000e+00,0.000000e+00,0.000000e+00,0.000000e+00,0.000000e+00,0.000000e+00,0.000000e+00,0.000000e+00,0.000000e+00
1.000000e+00,0.000000e+00,0.000000e+00,0.000000e+00,0.000000e+00,0.000000e+00,0.000000e+00,0.000000e+00,0.000000e+00,0.000000e+00,0.000000e+00,0.000000e+00,0.000000e+00,0.000000e+00,0.000000e+00
1.000000e+00,0.000000e+00,0.000000e+00,0.000000e+00,0.000000e+00,0.000000e+00,0.000000e+00,0.000000e+00,0.000000e+00,0.000000e+00,0.000000e+00,0.000000e+00,0.000000e+00,0.000000e+00,0.000000e+00
1.000000e+00,0.000000e+00,0.000000e+00,0.000000e+00,0.000000e+00,0.000000e+00,0.000000e+00,0.000000e+00,0.000000e+00,0.000000e+00,0.000000e+00,0.000000e+00,0.000000e+00,0.000000e+00,0.000000e+00
1.000000e+00,0.000000e+00,0.000000e+00,0.000000e+00,0.000000e+00,0.000000e+00,0.000000e+00,0.000000e+00,0.000000e+00,0.000000e+00,0.000000e+00,0.000000e+00,0.000000e+00,0.000000e+00,0.000000e+00
1.000000e+00,0.000000e+00,0.000000e+00,0.000000e+00,0.000000e+00,0.000000e+00,0.000000e+00,0.000000e+00,0.000000e+00,0.000000e+00,0.000000e+00,0.000000e+00,0.000000e+00,0.000000e+00,0.000000e+00
1.000000e+00,0.000000e+00,0.000000e+00,0.000000e+00,0.000000e+00,0.000000e+00,0.000000e+00,0.000000e+00,0.000000e+00,0.000000e+00,0.000000e+00,0.000000e+00,0.000000e+00,0.000000e+00,0.000000e+00
1.000000e+00,0.000000e+00,0.000000e+00,0.000000e+00,0.000000e+00,0.000000e+00,0.000000e+00,0.000000e+00,0.000000e+00,0.000000e+00,0.000000e+00,0.000000e+00,0.000000e+00,0.000000e+00,0.000000e+00
1.000000e+00,0.000000e+00,0.000000e+00,0.000000e+00,0.000000e+00,0.000000e+00,0.000000e+00,0.000000e+00,0.000000e+00,0.000000e+00,0.000000e+00,0.000000e+00,0.000000e+00,0.000000e+00,0.000000e+00
1.000000e+00,0.000000e+00,0.000000e+00,0.000000e+00,0.000000e+00,0.000000e+00,0.000000e+00,0.000000e+00,0.000000e+00,0.000000e+00,0.000000e+00,0.000000e+00,0.000000e+00,0.000000e+00,0.000000e+00
1.000000e+00,0.000000e+00,0.000000e+00,0.000000e+00,0.000000e+00,0.000000e+00,0.000000e+00,0.000000e+00,0.000000e+00,0.000000e+00,0.000000e+00,0.000000e+00,0.000000e+00,0.000000e+00,0.000000e+00
1.000000e+00,0.000000e+00,0.000000e+00,0.000000e+00,0.000000e+00,0.000000e+00,0.000000e+00,0.000000e+00,0.000000e+00,0.000000e+00,0.000000e+00,0.000000e+00,0.000000e+00,0.000000e+00,0.000000e+00
1.000000e+00,0.000000e+00,0.000000e+00,0.000000e+00,0.000000e+00,0.000000e+00,0.000000e+00,0.000000e+00,0.000000e+00,0.000000e+00,0.000000e+00,0.000000e+00,0.000000e+00,0.000000e+00,0.000000e+00
1.000000e+00,0.000000e+00,0.000000e+00,0.000000e+00,0.000000e+00,0.000000e+00,0.000000e+00,0.000000e+00,0.000000e+00,0.000000e+00,0.000000e+00,0.000000e+00,0.000000e+00,0.000000e+00,0.000000e+00
1.000000e+00,0.000000e+00,0.000000e+00,0.000000e+00,0.000000e+00,0.000000e+00,0.000000e+00,0.000000e+00,0.000000e+00,0.000000e+00,0.000000e+00,0.000000e+00,0.000000e+00,0.000000e+00,0.000000e+00
1.000000e+00,0.000000e+00,0.000000e+00,0.000000e+00,0.000000e+00,0.000000e+00,0.000000e+00,0.000000e+00,0.000000e+00,0.000000e+00,0.000000e+00,0.000000e+00,0.000000e+00,0.000000e+00,0.000000e+00
1.000000e+00,0.000000e+00,0.000000e+00,0.000000e+00,0.000000e+00,0.000000e+00,0.000000e+00,0.000000e+00,0.000000e+00,0.000000e+00,0.000000e+00,0.000000e+00,0.000000e+00,0.000000e+00,0.000000e+00
1.000000e+00,0.000000e+00,0.000000e+00,0.000000e+00,0.000000e+00,0.000000e+00,0.000000e+00,0.000000e+00,0.000000e+00,0.000000e+00,0.000000e+00,0.000000e+00,0.000000e+00,0.000000e+00,0.000000e+00
1.000000e+00,0.000000e+00,0.000000e+00,0.000000e+00,0.000000e+00,0.000000e+00,0.000000e+00,0.000000e+00,0.000000e+00,0.000000e+00,0.000000e+00,0.000000e+00,0.000000e+00,0.000000e+00,0.000000e+00
1.000000e+00,0.000000e+00,0.000000e+00,0.000000e+00,0.000000e+00,0.000000e+00,0.000000e+00,0.000000e+00,0.000000e+00,0.000000e+00,0.000000e+00,0.000000e+00,0.000000e+00,0.000000e+00,0.000000e+00
1.000000e+00,0.000000e+00,0.000000e+00,0.000000e+00,0.000000e+00,0.000000e+00,0.000000e+00,0.000000e+00,0.000000e+00,0.000000e+00,0.000000e+00,0.000000e+00,0.000000e+00,0.000000e+00,0.000000e+00
1.000000e+00,0.000000e+00,0.000000e+00,0.000000e+00,0.000000e+00,0.000000e+00,0.000000e+00,0.000000e+00,0.000000e+00,0.000000e+00,0.000000e+00,0.000000e+00,0.000000e+00,0.000000e+00,0.000000e+00
1.000000e+00,0.000000e+00,0.000000e+00,0.000000e+00,0.000000e+00,0.000000e+00,0.000000e+00,0.000000e+00,0.000000e+00,0.000000e+00,0.000000e+00,0.000000e+00,0.000000e+00,0.000000e+00,0.000000e+00
1.000000e+00,0.000000e+00,0.000000e+00,0.000000e+00,0.000000e+00,0.000000e+00,0.000000e+00,0.000000e+00,0.000000e+00,0.000000e+00,0.000000e+00,0.000000e+00,0.000000e+00,0.000000e+00,0.000000e+00
1.000000e+00,0.000000e+00,0.000000e+00,0.000000e+00,0.000000e+00,0.000000e+00,0.000000e+00,0.000000e+00,0.000000e+00,0.000000e+00,0.000000e+00,0.000000e+00,0.000000e+00,0.000000e+00,0.000000e+00
1.000000e+00,0.000000e+00,0.000000e+00,0.000000e+00,0.000000e+00,0.000000e+00,0.000000e+00,0.000000e+00,0.000000e+00,0.000000e+00,0.000000e+00,0.000000e+00,0.000000e+00,0.000000e+00,0.000000e+00
1.000000e+00,0.000000e+00,0.000000e+00,0.000000e+00,0.000000e+00,0.000000e+00,0.000000e+00,0.000000e+00,0.000000e+00,0.000000e+00,0.000000e+00,0.000000e+00,0.000000e+00,0.000000e+00,0.000000e+00
1.000000e+00,0.000000e+00,0.000000e+00,0.000000e+00,0.000000e+00,0.000000e+00,0.000000e+00,0.000000e+00,0.000000e+00,0.000000e+00,0.000000e+00,0.000000e+00,0.000000e+00,0.000000e+00,0.000000e+00
1.000000e+00,0.000000e+00,0.000000e+00,0.000000e+00,0.000000e+00,0.000000e+00,0.000000e+00,0.000000e+00,0.000000e+00,0.000000e+00,0.000000e+00,0.000000e+00,0.000000e+00,0.000000e+00,0.000000e+00
1.000000e+00,0.000000e+00,0.000000e+00,0.000000e+00,0.000000e+00,0.000000e+00,0.000000e+00,0.000000e+00,0.000000e+00,0.000000e+00,0.000000e+00,0.000000e+00,0.000000e+00,0.000000e+00,0.000000e+00
1.000000e+00,0.000000e+00,0.000000e+00,0.000000e+00,0.000000e+00,0.000000e+00,0.000000e+00,0.000000e+00,0.000000e+00,0.000000e+00,0.000000e+00,0.000000e+00,0.000000e+00,0.000000e+00,0.000000e+00
1.000000e+00,0.000000e+00,0.000000e+00,0.000000e+00,0.000000e+00,0.000000e+00,0.000000e+00,0.000000e+00,0.000000e+00,0.000000e+00,0.000000e+00,0.000000e+00,0.000000e+00,0.000000e+00,0.000000e+00
1.000000e+00,0.000000e+00,0.000000e+00,0.000000e+00,0.000000e+00,0.000000e+00,0.000000e+00,0.000000e+00,0.000000e+00,0.000000e+00,0.000000e+00,0.000000e+00,0.000000e+00,0.000000e+00,0.000000e+00
1.000000e+00,0.000000e+00,0.000000e+00,0.000000e+00,0.000000e+00,0.000000e+00,0.000000e+00,0.000000e+00,0.000000e+00,0.000000e+00,0.000000e+00,0.000000e+00,0.000000e+00,0.000000e+00,0.000000e+00
1.000000e+00,0.000000e+00,0.000000e+00,0.000000e+00,0.000000e+00,0.000000e+00,0.000000e+00,0.000000e+00,0.000000e+00,0.000000e+00,0.000000e+00,0.000000e+00,0.000000e+00,0.000000e+00,0.000000e+00
1.000000e+00,0.000000e+00,0.000000e+00,0.000000e+00,0.000000e+00,0.000000e+00,0.000000e+00,0.000000e+00,0.000000e+00,0.000000e+00,0.000000e+00,0.000000e+00,0.000000e+00,0.000000e+00,0.000000e+00
1.000000e+00,0.000000e+00,0.000000e+00,0.000000e+00,0.000000e+00,0.000000e+00,0.000000e+00,0.000000e+00,0.000000e+00,0.000000e+00,0.000000e+00,0.000000e+00,0.000000e+00,0.000000e+00,0.000000e+00
1.000000e+00,0.000000e+00,0.000000e+00,0.000000e+00,0.000000e+00,0.000000e+00,0.000000e+00,0.000000e+00,0.000000e+00,0.000000e+00,0.000000e+00,0.000000e+00,0.000000e+00,0.000000e+00,0.000000e+00
1.000000e+00,0.000000e+00,0.000000e+00,0.000000e+00,0.000000e+00,0.000000e+00,0.000000e+00,0.000000e+00,0.000000e+00,0.000000e+00,0.000000e+00,0.000000e+00,0.000000e+00,0.000000e+00,0.000000e+00
1.000000e+00,0.000000e+00,0.000000e+00,0.000000e+00,0.000000e+00,0.000000e+00,0.000000e+00,0.000000e+00,0.000000e+00,0.000000e+00,0.000000e+00,0.000000e+00,0.000000e+00,0.000000e+00,0.000000e+00
1.000000e+00,0.000000e+00,0.000000e+00,0.000000e+00,0.000000e+00,0.000000e+00,0.000000e+00,0.000000e+00,0.000000e+00,0.000000e+00,0.000000e+00,0.000000e+00,0.000000e+00,0.000000e+00,0.000000e+00
4.014304e-01,2.771071e-02,3.120695e-01,1.304774e-01,7.899281e-03,1.308813e-02,3.556807e-03,1.660151e-02,6.672948e-03,2.149755e-03,1.707827e-02,2.003088e-02,1.264062e-02,3.144092e-03,2.544968e-02
2.854770e-01,1.992407e-02,4.136970e-01,1.183224e-01,6.290713e-03,9.834078e-03,2.831752e-03,8.141823e-02,4.737954e-03,1.569528e-03,1.247321e-02,1.423432e-02,8.965530e-03,2.275946e-03,1.794837e-02
2.011360e-01,1.411546e-02,4.561931e-01,1.184638e-01,5.082093e-03,7.105338e-03,2.563652e-03,1.514506e-01,3.340616e-03,1.116161e-03,8.884795e-03,1.000905e-02,6.320907e-03,1.618416e-03,1.260004e-02
1.418811e-01,1.011123e-02,3.938745e-01,9.557492e-02,4.395814e-03,5.324272e-03,8.072758e-03,3.096934e-01,2.361527e-03,8.055783e-04,6.269119e-03,7.031149e-03,4.530665e-03,1.203956e-03,8.869916e-03
1.018356e-01,8.018090e-03,3.871899e-01,7.619609e-02,5.873787e-03,6.860435e-03,3.614705e-02,3.491909e-01,2.324256e-03,3.361590e-03,4.969764e-03,5.264678e-03,4.724484e-03,1.390970e-03,6.652412e-03
7.329132e-02,6.136958e-03,3.361497e-01,5.821627e-02,5.177477e-03,7.861410e-03,3.047003e-02,3.804509e-01,3.254254e-03,7.481685e-03,1.472583e-02,1.209757e-02,5.094338e-02,3.948393e-03,9.794805e-03
5.530054e-02,6.945041e-03,2.477241e-01,4.488813e-02,4.497892e-03,9.967558e-03,2.393381e-02,3.209862e-01,1.435095e-02,1.854416e-02,2.666640e-02,4.735037e-02,1.604762e-01,6.198556e-03,1.216999e-02
4.067199e-02,5.689023e-03,1.744055e-01,3.212683e-02,4.228181e-03,1.124683e-02,1.738201e-02,2.326358e-01,2.667561e-02,1.367882e-02,4.378387e-02,5.492965e-02,3.044791e-01,7.853378e-03,3.021340e-02
2.960782e-02,8.401891e-03,1.246095e-01,3.781888e-02,6.442180e-03,2.238211e-02,1.358195e-02,1.639594e-01,5.693134e-02,1.730527e-02,3.752535e-02,6.229594e-02,3.363986e-01,8.188846e-03,7.455085e-02
2.311766e-02,6.927655e-03,8.796354e-02,3.292662e-02,6.538642e-03,3.835939e-02,9.948062e-03,1.151442e-01,5.759319e-02,1.303280e-02,2.951771e-02,5.099440e-02,3.165132e-01,8.220648e-03,2.032023e-01
2.221775e-02,6.696947e-03,6.392625e-02,3.892690e-02,1.579032e-02,6.432921e-02,8.087319e-03,8.719061e-02,8.532418e-02,1.019859e-02,3.585032e-02,5.772984e-02,2.985551e-01,9.862676e-03,1.953140e-01
1.861652e-02,7.296795e-03,4.554635e-02,4.584172e-02,1.449941e-02,9.202915e-02,6.279117e-03,6.188615e-02,6.858882e-02,8.676522e-03,6.069034e-02,7.167302e-02,3.323519e-01,1.101076e-02,1.550134e-01
1.457215e-02,5.818106e-03,3.285421e-02,4.168630e-02,1.360290e-02,1.051171e-01,4.753233e-03,4.402811e-02,5.595437e-02,1.269504e-02,7.302952e-02,1.114763e-01,3.499690e-01,1.895121e-02,1.154925e-01
1.152785e-02,4.538287e-03,2.436632e-02,3.425647e-02,1.377732e-02,7.786732e-02,3.994846e-03,3.160908e-02,4.624794e-02,3.960878e-02,9.397152e-02,1.731512e-01,3.301952e-01,2.397243e-02,9.091548e-02
8.395612e-03,3.467093e-03,1.784874e-02,2.592376e-02,1.087683e-02,5.781864e-02,2.905234e-03,2.227363e-02,3.856957e-02,7.781731e-02,8.655941e-02,2.521475e-01,2.587767e-01,6.459434e-02,7.202569e-02
6.817774e-03,2.844161e-03,1.444838e-02,2.444554e-02,2.856613e-02,4.766071e-02,3.265818e-03,1.707640e-02,3.245364e-02,8.973461e-02,1.172697e-01,2.660516e-01,2.150948e-01,6.103940e-02,7.323147e-02
5.644197e-03,2.238029e-03,1.108759e-02,1.882383e-02,9.868864e-02,3.739341e-02,2.988769e-03,1.307978e-02,2.501916e-02,8.264811e-02,9.331810e-02,2.057534e-01,1.591880e-01,6.279037e-02,1.813387e-01
5.458273e-03,1.916998e-03,9.931127e-03,1.427794e-02,1.439173e-01,2.725358e-02,3.005979e-03,9.779941e-03,2.197463e-02,7.436794e-02,9.277479e-02,1.602952e-01,1.218234e-01,5.995568e-02,2.532672e-01
1.165548e-02,2.433395e-03,1.555489e-02,1.070233e-02,2.272882e-01,3.031559e-02,1.114380e-02,1.371138e-02,3.052065e-02,6.375066e-02,8.601277e-02,1.189824e-01,8.816484e-02,4.861481e-02,2.411488e-01
2.300293e-02,3.899597e-03,2.061674e-02,1.007141e-02,2.446205e-01,2.630326e-02,1.595804e-02,3.052675e-02,3.445835e-02,7.364081e-02,7.229219e-02,1.024065e-01,9.637591e-02,4.663908e-02,1.991879e-01
4.875077e-02,6.584070e-03,2.231180e-02,1.249225e-02,2.057146e-01,2.997557e-02,1.642834e-02,3.051918e-02,4.165404e-02,6.148060e-02,7.888320e-02,1.073685e-01,1.464424e-01,3.517236e-02,1.562223e-01
4.778833e-02,8.212392e-03,2.349350e-02,1.101539e-02,1.555514e-01,3.069851e-02,1.879274e-02,3.731306e-02,3.923996e-02,4.973357e-02,6.070250e-02,1.197260e-01,2.435685e-01,3.020856e-02,1.239557e-01
4.791849e-02,7.766095e-03,2.134491e-02,9.064149e-03,1.191883e-01,3.171529e-02,2.128656e-02,4.738817e-02,3.118782e-02,3.859229e-02,4.443262e-02,9.735312e-02,3.636793e-01,2.655811e-02,9.252477e-02
4.967777e-02,6.604641e-03,1.623641e-02,7.376258e-03,9.030242e-02,2.828817e-02,1.719021e-02,4.187353e-02,2.434267e-02,2.790046e-02,4.291975e-02,2.866821e-01,2.738719e-01,2.022579e-02,6.650794e-02
7.173407e-02,7.459149e-03,1.356297e-02,9.277865e-03,7.106158e-02,6.693842e-02,1.433645e-02,3.790378e-02,1.951983e-02,1.983174e-02,3.844712e-02,3.181452e-01,2.478273e-01,1.479696e-02,4.915758e-02
1.108984e-01,8.298409e-03,1.139577e-02,1.071264e-02,5.871175e-02,1.076214e-01,1.158703e-02,3.119937e-02,1.562057e-02,1.416059e-02,3.630523e-02,3.226005e-01,2.117719e-01,1.202103e-02,3.709538e-02
1.053589e-01,7.894253e-03,1.370776e-02,1.631743e-02,4.547877e-02,2.279626e-01,8.773185e-03,2.510287e-02,1.268173e-02,1.151379e-02,2.862392e-02,2.792278e-01,1.651157e-01,1.195837e-02,4.028293e-02
8.974290e-02,7.168099e-03,1.326534e-02,1.390598e-02,3.552495e-02,3.033460e-01,7.048047e-03,2.405484e-02,1.187858e-02,8.622740e-03,3.031645e-02,2.761649e-01,1.345465e-01,1.318620e-02,3.122841e-02
9.701566e-02,9.128481e-03,2.025107e-02,1.340139e-02,3.346961e-02,2.804274e-01,6.437515e-03,2.306562e-02,1.299091e-02,6.805058e-03,3.859836e-02,2.957465e-01,1.076958e-01,2.831821e-02,2.664840e-02
1.032131e-01,1.588609e-02,3.138001e-02,1.332998e-02,3.787778e-02,2.080498e-01,9.240566e-03,3.886440e-02,2.794128e-02,8.712095e-03,3.397905e-02,2.853194e-01,1.244699e-01,2.479465e-02,3.694192e-02
1.024654e-01,1.671331e-02,4.112479e-02,1.440475e-02,4.154589e-02,1.540338e-01,9.995070e-03,5.148889e-02,2.802915e-02,8.237633e-03,2.914501e-02,2.876625e-01,1.511942e-01,2.507302e-02,3.888654e-02
9.792047e-02,1.801755e-02,5.585123e-02,1.322291e-02,4.450919e-02,1.162558e-01,1.138201e-02,7.970621e-02,3.038327e-02,7.066437e-03,2.427783e-02,2.917987e-01,1.570319e-01,2.033621e-02,3.224036e-02
9.487379e-02,2.279467e-02,5.743541e-02,1.100489e-02,5.045691e-02,1.006154e-01,1.462092e-02,1.037094e-01,4.513836e-02,6.458143e-03,1.982816e-02,2.753917e-01,1.458754e-01,1.528269e-02,3.651427e-02
8.956887e-02,4.456046e-02,5.919826e-02,3.327368e-02,7.025534e-02,7.418386e-02,1.397668e-02,8.853793e-02,1.247642e-01,1.200796e-02,1.737278e-02,1.993735e-01,1.223862e-01,1.137135e-02,3.916899e-02
8.416219e-02,3.901866e-02,5.348553e-02,2.468662e-02,7.546912e-02,5.471410e-02,2.749569e-02,1.016008e-01,1.037572e-01,9.500201e-03,1.643640e-02,1.413626e-01,1.660641e-01,8.635597e-03,9.361130e-02
1.001351e-01,3.428962e-02,6.158428e-02,1.819373e-02,9.620999e-02,4.054441e-02,3.466178e-02,1.040937e-01,8.896457e-02,7.396284e-03,1.517729e-02,1.011866e-01,1.607922e-01,7.025701e-03,1.297447e-01
1.493371e-01,2.769343e-02,6.690537e-02,1.630676e-02,1.178430e-01,3.397318e-02,4.023412e-02,8.692100e-02,7.259832e-02,5.688187e-03,1.231530e-02,7.240139e-02,1.412098e-01,6.189411e-03,1.503837e-01
2.146940e-01,2.407049e-02,7.336383e-02,2.274043e-02,1.274600e-01,2.814896e-02,3.987431e-02,7.004863e-02,5.866592e-02,5.190076e-03,1.074804e-02,5.288178e-02,1.196397e-01,5.607742e-03,1.468661e-01
3.316882e-01,2.482965e-02,5.574659e-02,2.747169e-02,1.086801e-01,2.310319e-02,3.076118e-02,5.260222e-02,5.664262e-02,5.336877e-03,1.022495e-02,4.320007e-02,1.009506e-01,5.320620e-03,1.234415e-01
3.664567e-01,2.834295e-02,5.261103e-02,5.503045e-02,1.033276e-01,1.997605e-02,2.690631e-02,5.045035e-02,4.536480e-02,4.936662e-03,9.631457e-03,3.788268e-02,1.000577e-01,4.532611e-03,9.449267e-02
4.295712e-01,2.855576e-02,4.106106e-02,6.037016e-02,9.080490e-02,1.912975e-02,2.524623e-02,4.280693e-02,3.828345e-02,4.331410e-03,9.364683e-03,3.346001e-02,1.005619e-01,4.219605e-03,7.223285e-02
4.944093e-01,2.763651e-02,3.118256e-02,5.238396e-02,7.358520e-02,1.923954e-02,1.942480e-02,3.567742e-02,4.005322e-02,4.105913e-03,8.999519e-03,2.854282e-02,1.034660e-01,4.484414e-03,5.680876e-02
1.000000e+00,0.000000e+00,0.000000e+00,0.000000e+00,0.000000e+00,0.000000e+00,0.000000e+00,0.000000e+00,0.000000e+00,0.000000e+00,0.000000e+00,0.000000e+00,0.000000e+00,0.000000e+00,0.000000e+00
1.000000e+00,0.000000e+00,0.000000e+00,0.000000e+00,0.000000e+00,0.000000e+00,0.000000e+00,0.000000e+00,0.000000e+00,0.000000e+00,0.000000e+00,0.000000e+00,0.000000e+00,0.000000e+00,0.000000e+00
4.424647e-01,1.928312e-02,1.333318e-02,2.887352e-01,3.219228e-02,1.379194e-02,9.184624e-03,1.625819e-02,2.369780e-02,2.532891e-03,4.338783e-02,2.034429e-02,4.614285e-02,2.882006e-03,2.576911e-02
3.097922e-01,1.381500e-02,9.764636e-03,4.582064e-01,2.275737e-02,9.671132e-03,6.433024e-03,1.139809e-02,1.681772e-02,1.879806e-03,7.180112e-02,1.498058e-02,3.259708e-02,2.024760e-03,1.806104e-02
2.168982e-01,9.744249e-03,7.020984e-03,4.641341e-01,1.600458e-02,6.919379e-03,4.511521e-03,7.999633e-03,1.191751e-02,1.465296e-03,7.457604e-02,1.387694e-01,2.595116e-02,1.427144e-03,1.266076e-02
1.518858e-01,6.850723e-03,4.957767e-03,3.789392e-01,1.145013e-02,5.001751e-03,3.169794e-03,5.626389e-03,8.516588e-03,1.187989e-03,6.709832e-02,3.267388e-01,1.867187e-02,1.026455e-03,8.878320e-03
1.063397e-01,4.799878e-03,3.480182e-03,2.673431e-01,9.051276e-03,3.602116e-03,2.221811e-03,3.942375e-03,6.180289e-03,8.626198e-04,5.197566e-02,5.200868e-01,1.317013e-02,7.219147e-04,6.222081e-03
7.444727e-02,3.365225e-03,2.445056e-03,1.877566e-01,9.375635e-03,2.584156e-03,1.555780e-03,2.760435e-03,4.451404e-03,7.251959e-04,3.996107e-02,6.564388e-01,9.263751e-03,5.071812e-04,4.362391e-03
5.212352e-02,2.365304e-03,1.715433e-03,1.315937e-01,1.476878e-02,1.890916e-03,1.089467e-03,1.932829e-03,3.259801e-03,6.523283e-04,3.072107e-02,7.479508e-01,6.515708e-03,3.590444e-04,3.061255e-03
3.649827e-02,1.675446e-03,1.206237e-03,9.258179e-02,6.000063e-02,1.528524e-03,7.633321e-04,1.353627e-03,2.586682e-03,7.502011e-04,2.455985e-02,7.694598e-01,4.601343e-03,2.571946e-04,2.177046e-03
2.557478e-02,1.206062e-03,8.510844e-04,6.547362e-02,8.841366e-02,1.339526e-03,5.353741e-04,9.485297e-04,2.218711e-03,1.313482e-03,2.216185e-02,7.848617e-01,3.274323e-03,1.933906e-04,1.633894e-03
1.792402e-02,8.505391e-04,5.982958e-04,4.623246e-02,9.555251e-02,1.217031e-03,3.768888e-04,6.664153e-04,1.758619e-03,1.222074e-03,1.842880e-02,8.114719e-01,2.348630e-03,1.500460e-04,1.201747e-03
1.256912e-02,6.093137e-04,4.205904e-04,3.245164e-02,1.926410e-01,8.943669e-04,2.647409e-04,4.695740e-04,1.481587e-03,1.223738e-03,1.826376e-02,7.359383e-01,1.770035e-03,1.154885e-04,8.867494e-04
8.831427e-03,4.320177e-04,2.952312e-04,2.280662e-02,2.931922e-01,6.656029e-04,1.865641e-04,3.335728e-04,1.526435e-03,1.429503e-03,2.078176e-02,6.472449e-01,1.532323e-03,8.875385e-05,6.530697e-04
6.472947e-03,3.238496e-04,2.273483e-04,1.602719e-02,3.207487e-01,9.736656e-04,1.670916e-04,3.831155e-04,1.804646e-03,2.070675e-03,1.826293e-02,6.287872e-01,3.065643e-03,1.470624e-04,5.379844e-04
4.860134e-03,2.682380e-04,2.242891e-04,1.126337e-02,3.401877e-01,2.910606e-03,4.159164e-04,6.701563e-04,2.195967e-03,1.911393e-03,1.785169e-02,6.126753e-01,3.991628e-03,1.478299e-04,4.258134e-04
3.684875e-03,4.875190e-04,7.186042e-04,7.925830e-03,2.850242e-01,1.706834e-02,1.965538e-02,1.385290e-03,5.724289e-03,2.334770e-03,1.850614e-02,6.326807e-01,4.065051e-03,2.889870e-04,4.500763e-04
4.317547e-03,5.365679e-04,8.902736e-04,5.586498e-03,2.445670e-01,6.365744e-02,1.885287e-02,4.130108e-03,8.972092e-03,3.552005e-03,2.413900e-02,6.095970e-01,9.165695e-03,1.390692e-03,6.451799e-04
3.771789e-03,4.486705e-04,7.992579e-04,3.921627e-03,1.836026e-01,9.012286e-02,1.395147e-02,4.044675e-03,7.123774e-03,2.894920e-03,2.274277e-02,6.547104e-01,9.731172e-03,1.578654e-03,5.553039e-04
4.294625e-03,4.298891e-04,7.484963e-04,2.771106e-03,1.684404e-01,6.829900e-02,1.038713e-02,4.544635e-03,6.328909e-03,2.999458e-03,2.763757e-02,6.901205e-01,9.673869e-03,2.799835e-03,5.245702e-04
6.167262e-03,7.488020e-04,1.239621e-03,2.034157e-03,2.420622e-01,1.164660e-01,1.047420e-02,7.100401e-03,5.491473e-03,2.705757e-03,3.214505e-02,5.611790e-01,8.869661e-03,2.772351e-03,5.441455e-04
8.224501e-03,3.368465e-03,7.328893e-03,1.610963e-03,1.916739e-01,1.225716e-01,8.713276e-03,7.901238e-03,4.680712e-03,4.138757e-03,4.986183e-02,5.737734e-01,1.213925e-02,3.372733e-03,6.405311e-04
6.950170e-03,3.282486e-03,6.936689e-03,1.178231e-03,1.971984e-01,9.603027e-02,1.009205e-02,1.979777e-02,1.362977e-02,5.255076e-03,4.733621e-02,5.719261e-01,1.525905e-02,4.478753e-03,6.490698e-04
7.549631e-03,2.535018e-03,5.549954e-03,8.776882e-04,3.357078e-01,8.413644e-02,1.794856e-02,2.866665e-02,1.967493e-02,4.069888e-03,4.403264e-02,4.325266e-01,1.273532e-02,3.493395e-03,4.956023e-04
7.962734e-03,2.661212e-03,5.405084e-03,8.094662e-04,4.657601e-01,6.780733e-02,2.106528e-02,3.055281e-02,1.883397e-02,2.945300e-03,5.572771e-02,3.079268e-01,9.604151e-03,2.510601e-03,4.274361e-04
1.064477e-02,2.618510e-03,8.093724e-03,1.585955e-03,5.191151e-01,5.632781e-02,2.440031e-02,7.435569e-02,1.662080e-02,2.148837e-03,5.748828e-02,2.165963e-01,7.805643e-03,1.800384e-03,3.978993e-04
2.314287e-02,2.921698e-03,1.178573e-02,6.255264e-03,5.220888e-01,5.545012e-02,2.707268e-02,1.003654e-01,1.566655e-02,1.853049e-03,6.951526e-02,1.543601e-01,7.617146e-03,1.310181e-03,5.951512e-04
3.463183e-02,1.907062e-02,1.120359e-02,1.993240e-02,4.561957e-01,5.772306e-02,2.396276e-02,7.686561e-02,8.102823e-02,3.771529e-03,5.408645e-02,1.188326e-01,2.409868e-02,1.049965e-03,1.754698e-02
6.108373e-02,1.674886e-02,1.408133e-02,3.632631e-02,4.634631e-01,4.747468e-02,2.428088e-02,9.026065e-02,7.749940e-02,3.166419e-03,4.033487e-02,8.862539e-02,2.174917e-02,8.001120e-04,1.410511e-02
6.499632e-02,5.171407e-02,2.182256e-02,4.709731e-02,3.687544e-01,3.597882e-02,2.297831e-02,6.828783e-02,1.586490e-01,8.094884e-03,3.130270e-02,6.450859e-02,2.250342e-02,6.959609e-04,3.261584e-02
6.273640e-02,6.559534e-02,2.461639e-02,5.900479e-02,3.113127e-01,3.064129e-02,2.231110e-02,5.685590e-02,2.187540e-01,9.163498e-03,3.087829e-02,4.807182e-02,2.268276e-02,6.792862e-04,3.669647e-02
4.458386e-02,6.637864e-02,3.066949e-02,9.367057e-02,2.249550e-01,2.700138e-02,1.733727e-02,4.184250e-02,2.313685e-01,6.610150e-02,3.427470e-02,3.982256e-02,4.018813e-02,6.093558e-04,4.119654e-02
3.231360e-02,6.983116e-02,2.609039e-02,7.936799e-02,1.598179e-01,2.182047e-02,1.288773e-02,3.078648e-02,2.545704e-01,5.554543e-02,7.963490e-02,3.797024e-02,1.043355e-01,5.147288e-04,3.451305e-02
2.517651e-02,5.960648e-02,2.099793e-02,6.834517e-02,1.144019e-01,2.168241e-02,1.014032e-02,2.498444e-02,2.427706e-01,4.815532e-02,1.059365e-01,5.804887e-02,1.706770e-01,8.281369e-04,2.824834e-02
2.054559e-02,4.328121e-02,1.535125e-02,5.490001e-02,8.272316e-02,2.187604e-02,7.901170e-03,1.772239e-02,2.049530e-01,5.087240e-02,1.166157e-01,1.724849e-01,1.671487e-01,1.675260e-03,2.194923e-02
1.610747e-02,3.118601e-02,1.117496e-02,4.402152e-02,5.854392e-02,1.880349e-02,5.827896e-03,1.252022e-02,1.549709e-01,5.746147e-02,1.448864e-01,2.573353e-01,1.683202e-01,2.008049e-03,1.683212e-02
1.232440e-02,2.309623e-02,8.371579e-03,3.185025e-02,4.176514e-02,1.435622e-02,4.414239e-03,8.841924e-03,1.166033e-01,7.523583e-02,1.459718e-01,3.384034e-01,1.583492e-01,5.556999e-03,1.485959e-02
1.005623e-02,2.330876e-02,9.637591e-03,2.275163e-02,3.172120e-02,1.049174e-02,3.187708e-03,6.967967e-03,1.288541e-01,7.025795e-02,1.450786e-01,3.648880e-01,1.549529e-01,6.699983e-03,1.114567e-02
1.339500e-02,2.518973e-02,2.264813e-02,1.801140e-02,2.998074e-02,8.716980e-03,2.954308e-03,4.195830e-02,1.452795e-01,8.714750e-02,1.462093e-01,3.083955e-01,1.348373e-01,7.076859e-03,8.199548e-03
4.287716e-02,2.396657e-02,1.988984e-02,1.467805e-02,2.589754e-02,8.628154e-03,2.598776e-03,3.186358e-02,1.476054e-01,1.681518e-01,1.428304e-01,2.499987e-01,1.013682e-01,1.215431e-02,7.491430e-03
4.517038e-02,2.166466e-02,1.591361e-02,1.216682e-02,3.531326e-02,8.030407e-03,2.360162e-03,2.446662e-02,2.311406e-01,1.571662e-01,1.703832e-01,1.839300e-01,7.499451e-02,1.130699e-02,5.992536e-03
4.881205e-02,2.022087e-02,1.204152e-02,9.539681e-03,3.037070e-02,6.912920e-03,1.877634e-03,1.950331e-02,3.465018e-01,1.388296e-01,1.552892e-01,1.392077e-01,5.554265e-02,1.053545e-02,4.814777e-03
5.950818e-02,2.264843e-02,9.039527e-03,7.900045e-03,2.510431e-02,7.066581e-03,1.606154e-03,1.624539e-02,4.232961e-01,1.277079e-01,1.331675e-01,1.098332e-01,4.238302e-02,9.979602e-03,4.514020e-03
5.495268e-02,2.254457e-02,7.420877e-03,6.778599e-03,2.337417e-02,5.915440e-03,1.256182e-03,1.511480e-02,4.673290e-01,1.369713e-01,1.281744e-01,8.409134e-02,3.367827e-02,8.640409e-03,3.757899e-03
5.338845e-02,2.325806e-02,6.455362e-03,7.105121e-03,2.452082e-02,5.911177e-03,1.167156e-03,2.002785e-02,4.800798e-01,1.538461e-01,1.152406e-01,7.033847e-02,2.616724e-02,7.825984e-03,4.667839e-03
4.871397e-02,2.190304e-02,7.599300e-03,1.512264e-02,3.522392e-02,5.175338e-03,1.184609e-03,5.009152e-02,5.005289e-01,1.360646e-01,9.248716e-02,5.324089e-02,2.170419e-02,6.785448e-03,4.174514e-03
4.957667e-02,2.334672e-02,1.023734e-02,1.382768e-02,3.349144e-02,4.481794e-03,1.100166e-03,6.618457e-02,5.126383e-01,1.254929e-01,8.739266e-02,4.203569e-02,1.927604e-02,7.135576e-03,3.782480e-03
4.947951e-02,2.169504e-02,1.262516e-02,1.430659e-02,4.476855e-02,4.700514e-03,1.171561e-03,5.808199e-02,5.372570e-01,1.139459e-01,7.555254e-02,3.576033e-02,1.838934e-02,8.087408e-03,4.178526e-03
6.164623e-02,1.881837e-02,1.354908e-02,1.288933e-02,5.576002e-02,5.429080e-03,2.020482e-03,5.652512e-02,5.122777e-01,1.370995e-01,6.384031e-02,2.847255e-02,1.604767e-02,1.152416e-02,4.100352e-03
6.161049e-02,1.510516e-02,3.537582e-02,3.111012e-02,1.293848e-01,6.814540e-03,4.140364e-03,1.135254e-01,4.014910e-01,1.062793e-01,4.745195e-02,2.182456e-02,1.304948e-02,9.357068e-03,3.479816e-03
5.737087e-02,1.486970e-02,3.353124e-02,2.775428e-02,1.322336e-01,7.462472e-03,3.628908e-03,1.454940e-01,4.214073e-01,7.936703e-02,3.733950e-02,1.649508e-02,1.020393e-02,9.596187e-03,3.245860e-03
5.265272e-02,1.118859e-02,2.650163e-02,2.831834e-02,1.040661e-01,6.440681e-03,3.249595e-03,3.115457e-01,3.420491e-01,5.711799e-02,2.780174e-02,1.185072e-02,7.577169e-03,7.239946e-03,2.399909e-03
4.030397e-02,7.925897e-03,1.935797e-02,2.162756e-02,7.478660e-02,4.845597e-03,2.858106e-03,5.067391e-01,2.404611e-01,4.035764e-02,2.006341e-02,8.391761e-03,5.473472e-03,5.098985e-03,1.708720e-03
3.074182e-02,5.618442e-03,1.397069e-02,1.615131e-02,5.643267e-02,3.850133e-03,2.193708e-03,6.452714e-01,1.686726e-01,2.833795e-02,1.416294e-02,5.896180e-03,3.898995e-03,3.592901e-03,1.208217e-03
3.174116e-02,4.111304e-03,1.009412e-02,1.222060e-02,4.185002e-02,3.042598e-03,1.924997e-03,7.359060e-01,1.186110e-01,1.990245e-02,1.007118e-02,4.194978e-03,2.879895e-03,2.570453e-03,8.792955e-04
2.675836e-02,3.009494e-03,7.187193e-03,9.161410e-03,3.191086e-02,2.358744e-03,1.762066e-03,8.056111e-01,8.340993e-02,1.406674e-02,7.201696e-03,2.983222e-03,2.088149e-03,1.859157e-03,6.319369e-04
2.372487e-02,2.148177e-03,5.155386e-03,7.044284e-03,2.680715e-02,1.961185e-03,1.883918e-03,8.520378e-01,5.856650e-02,1.002987e-02,5.161545e-03,2.134038e-03,1.564608e-03,1.324475e-03,4.563217e-04
2.003276e-02,1.527578e-03,3.768241e-03,5.130110e-03,2.057741e-02,1.647381e-03,1.838734e-03,8.897183e-01,4.107523e-02,7.030209e-03,3.672429e-03,1.515397e-03,1.180166e-03,9.529337e-04,3.332418e-04
1.887228e-02,1.112907e-03,2.850404e-03,3.815842e-03,1.694609e-02,1.648748e-03,1.877585e-03,9.134391e-01,2.888213e-02,4.926239e-03,2.631951e-03,1.098376e-03,9.348085e-04,7.176665e-04,2.459375e-04
1.747109e-02,8.555957e-04,2.230783e-03,2.877640e-03,1.480813e-02,1.943193e-03,2.729445e-03,9.287957e-01,2.035579e-02,3.456181e-03,1.914433e-03,8.278486e-04,9.572798e-04,5.815434e-04,1.953931e-04
1.966542e-02,7.779778e-04,1.810130e-03,2.242328e-03,1.316959e-02,2.044046e-03,3.784443e-03,9.355615e-01,1.448281e-02,2.430619e-03,1.445728e-03,7.113430e-04,1.188702e-03,5.032300e-04,1.821120e-04
2.255274e-02,6.989396e-04,2.262553e-03,1.953899e-03,1.196625e-02,2.892960e-03,5.048220e-03,9.361485e-01,1.026477e-02,1.759148e-03,1.155843e-03,1.295634e-03,1.277504e-03,4.128394e-04,3.102157e-04
4.439102e-02,6.618440e-04,2.721879e-03,2.147847e-03,1.192228e-02,3.307243e-03,6.421559e-03,9.146764e-01,7.425083e-03,1.373333e-03,9.351033e-04,1.591639e-03,1.292679e-03,3.601832e-04,7.718744e-04
6.078821e-02,6.915633e-04,3.366239e-03,2.273191e-03,1.438137e-02,3.710093e-03,7.528985e-03,8.948653e-01,5.474601e-03,1.170397e-03,8.404881e-04,1.805003e-03,1.470557e-03,3.623566e-04,1.271726e-03
7.511748e-02,7.382366e-04,4.071160e-03,2.376740e-03,1.492393e-02,3.882193e-03,9.132280e-03,8.773655e-01,4.048109e-03,1.186971e-03,9.115876e-04,2.085763e-03,1.764011e-03,4.314560e-04,1.964539e-03
8.313572e-02,7.894315e-04,4.706487e-03,2.349040e-03,1.606870e-02,3.867818e-03,1.194542e-02,8.650246e-01,3.005741e-03,1.371269e-03,8.997822e-04,2.145742e-03,1.794906e-03,4.833800e-04,2.412014e-03
8.179308e-02,1.521834e-03,8.084745e-03,3.093892e-03,2.413449e-02,4.779682e-03,1.872256e-02,8.254474e-01,2.281846e-03,1.498422e-02,1.128953e-03,1.870548e-03,1.829774e-03,8.255429e-04,9.501422e-03
1.281720e-01,4.575156e-03,9.119427e-03,4.437649e-03,2.604767e-02,8.588960e-03,1.966957e-02,7.026564e-01,1.907069e-03,4.401106e-02,2.188453e-03,2.198719e-03,2.307763e-03,1.958141e-03,4.216195e-02
1.506846e-01,6.194581e-03,9.013073e-03,4.665018e-03,2.400121e-02,1.202805e-02,1.753665e-02,6.151100e-01,1.759969e-03,5.738264e-02,3.266970e-03,2.565708e-03,2.844726e-03,2.672318e-03,9.027454e-02
1.072039e-01,4.473235e-03,6.583191e-03,3.288527e-03,1.701923e-02,9.236556e-03,1.232146e-02,4.321575e-01,1.731882e-03,3.094157e-01,2.565635e-03,1.873040e-03,2.193243e-03,3.230212e-03,8.670669e-02
7.774224e-02,3.514833e-03,4.909785e-03,2.379052e-03,1.216187e-02,8.054597e-03,8.669815e-03,3.045637e-01,3.391691e-03,4.535303e-01,3.128825e-03,1.472773e-03,2.434199e-03,8.004483e-03,1.060419e-01
6.535016e-02,2.695530e-03,3.607415e-03,1.729096e-03,8.586961e-03,7.830976e-03,6.157269e-03,2.138040e-01,4.382866e-03,4.972322e-01,4.079189e-03,1.394351e-03,3.677960e-03,2.558876e-02,1.538832e-01
4.912507e-02,2.154307e-03,2.603931e-03,1.291079e-03,6.109836e-03,8.096076e-03,4.343633e-03,1.497684e-01,4.535371e-03,3.699439e-01,4.990505e-03,1.409191e-03,4.784862e-03,2.939018e-02,3.614537e-01
3.801505e-02,2.008088e-03,1.924702e-03,1.455094e-03,4.383972e-03,1.311369e-02,3.094285e-03,1.048654e-01,5.027277e-03,2.763429e-01,1.028042e-02,3.052532e-03,9.990189e-03,2.514196e-02,5.013044e-01
3.061012e-02,4.390486e-03,2.209717e-03,1.533390e-03,3.184463e-03,1.086303e-02,2.224375e-03,7.346097e-02,1.784731e-02,1.997135e-01,1.665755e-02,2.810728e-03,9.567529e-03,2.875239e-02,5.961744e-01
2.472037e-02,5.116474e-03,1.869325e-03,1.320839e-03,2.314062e-03,9.395101e-03,1.570686e-03,5.143274e-02,1.581312e-02,1.418485e-01,2.051857e-02,2.606787e-03,7.991573e-03,2.356461e-02,6.899172e-01
2.539075e-02,6.250213e-03,7.027471e-03,2.120640e-03,2.869654e-03,1.378638e-02,1.669354e-03,3.733408e-02,2.586106e-02,1.010861e-01,1.928772e-02,2.059541e-03,6.843683e-03,2.182370e-02,7.265897e-01
1.998045e-02,2.236579e-02,1.289145e-02,6.089518e-03,2.328090e-03,1.209254e-02,1.328039e-03,2.639149e-02,1.621098e-01,8.055948e-02,1.515833e-02,1.606658e-03,5.552432e-03,1.943317e-02,6.121128e-01
1.531208e-02,2.635405e-02,2.962328e-02,1.228944e-02,1.929156e-03,1.199887e-02,1.001876e-03,1.851465e-02,2.650788e-01,6.589556e-02,1.249615e-02,1.360988e-03,4.700879e-03,1.721469e-02,5.162295e-01
1.109987e-02,3.819533e-02,2.223378e-02,1.017385e-02,1.600267e-03,9.389712e-03,7.143330e-04,1.298105e-02,3.976690e-01,5.255561e-02,1.144255e-02,1.259499e-03,4.424863e-03,1.359031e-02,4.126699e-01
9.032557e-03,5.413184e-02,1.724195e-02,9.037315e-03,2.162809e-03,7.249725e-03,5.257198e-04,9.217742e-03,4.427802e-01,5.477323e-02,1.500402e-02,1.073700e-03,4.709025e-03,1.197600e-02,3.610842e-01
7.575314e-03,7.429863e-02,1.417420e-02,7.161260e-03,2.101420e-03,5.458532e-03,3.911827e-04,6.532802e-03,4.849646e-01,4.485553e-02,1.215230e-02,9.679600e-04,4.345456e-03,1.190631e-02,3.231145e-01
7.059603e-03,1.033134e-01,1.448244e-02,6.671440e-03,2.279686e-03,4.093619e-03,3.108642e-04,4.908384e-03,5.420766e-01,4.036961e-02,9.314856e-03,9.741117e-04,4.861975e-03,1.030830e-02,2.489751e-01
6.103847e-03,9.193675e-02,2.766091e-02,8.533664e-03,1.736096e-03,3.075617e-03,2.329356e-04,3.563360e-03,5.561236e-01,4.463647e-02,7.012466e-03,9.578944e-04,3.859261e-03,8.861329e-03,2.357058e-01
1.834736e-02,1.206874e-01,2.712550e-02,1.130018e-02,3.213310e-03,3.167963e-03,2.455791e-04,3.283809e-03,4.788390e-01,4.340967e-02,7.336524e-03,2.727616e-03,4.889206e-03,1.900533e-02,2.564216e-01
5.907694e-02,1.123575e-01,3.840103e-02,1.542391e-02,1.845310e-02,7.733826e-03,5.894650e-04,5.111220e-03,4.040673e-01,4.072822e-02,9.504844e-03,2.645178e-03,5.123151e-03,2.734375e-02,2.534406e-01
5.495499e-02,9.079970e-02,5.634850e-02,1.528747e-02,1.385932e-02,6.395842e-03,4.412480e-04,3.811440e-03,3.402672e-01,4.389320e-02,8.107075e-03,2.583803e-03,4.484154e-03,2.241887e-02,3.363472e-01
8.114006e-02,9.583990e-02,1.498803e-01,3.593389e-02,1.704838e-02,6.684135e-03,9.982958e-04,5.673318e-03,2.778663e-01,3.938019e-02,9.134274e-03,3.063850e-03,4.634339e-03,1.814738e-02,2.545753e-01
1.329166e-01,1.368881e-01,1.436890e-01,4.202533e-02,2.392455e-02,8.417951e-03,1.708033e-03,5.006505e-03,2.253492e-01,3.458985e-02,1.163605e-02,3.450587e-03,1.446858e-02,1.319414e-02,2.027355e-01
1.912881e-01,1.460295e-01,1.073312e-01,4.894127e-02,2.521227e-02,9.865253e-03,1.868350e-03,5.907780e-03,1.905036e-01,2.804917e-02,1.186566e-02,8.508388e-03,2.519934e-02,1.169118e-02,1.877390e-01
2.218784e-01,1.315473e-01,7.815981e-02,4.650574e-02,2.801196e-02,1.936782e-02,2.292707e-03,5.438653e-03,1.691574e-01,2.358583e-02,1.341288e-02,1.210495e-02,4.941845e-02,2.100451e-02,1.781135e-01
3.553562e-01,9.642760e-02,5.656876e-02,3.541618e-02,2.376232e-02,1.874417e-02,1.740468e-03,5.151376e-03,1.248356e-01,1.714383e-02,1.393221e-02,1.331702e-02,8.095104e-02,1.789296e-02,1.387603e-01
3.899746e-01,7.386666e-02,4.190440e-02,2.747200e-02,1.780888e-02,1.565027e-02,1.515608e-03,4.940557e-03,9.285049e-02,1.281613e-02,1.193851e-02,1.603888e-02,1.688330e-01,1.696448e-02,1.074255e-01
4.219096e-01,5.492743e-02,3.038670e-02,2.105358e-02,1.307927e-02,1.551437e-02,1.292879e-03,4.516233e-03,6.737881e-02,9.542047e-03,1.025238e-02,2.957139e-02,2.185066e-01,1.981529e-02,8.225342e-02
3.904029e-01,4.068661e-02,2.182973e-02,1.659360e-02,9.781721e-03,1.998181e-02,1.384498e-03,3.775769e-03,4.980389e-02,7.610182e-03,9.835633e-03,3.974130e-02,3.048648e-01,2.040153e-02,6.330602e-02
3.376344e-01,3.197272e-02,1.645676e-02,1.316853e-02,8.222323e-03,2.939799e-02,1.627780e-03,3.084166e-03,3.704945e-02,6.106129e-03,1.254307e-02,1.557274e-01,2.783527e-01,1.749606e-02,5.116040e-02
3.879617e-01,2.560741e-02,1.216727e-02,9.972159e-03,8.603862e-03,2.557617e-02,1.496524e-03,2.288207e-03,2.870729e-02,5.107452e-03,1.315115e-02,1.257133e-01,2.972706e-01,1.514856e-02,4.122828e-02
3.732258e-01,1.891566e-02,8.660262e-03,7.499916e-03,7.096953e-03,2.026243e-02,1.222852e-03,1.681058e-03,2.214903e-02,5.959141e-03,2.962158e-02,1.239815e-01,3.377124e-01,1.228310e-02,2.972830e-02
2.846342e-01,1.400230e-02,6.350960e-03,6.696741e-03,6.468663e-03,1.918890e-02,1.179453e-03,1.276724e-03,1.938551e-02,9.786610e-03,5.880684e-02,2.341552e-01,3.073218e-01,9.415369e-03,2.133077e-02
2.410257e-01,1.007242e-02,4.573775e-03,5.627296e-03,1.252807e-02,1.414656e-02,1.035668e-03,1.107154e-03,2.698990e-02,2.010860e-02,1.376209e-01,2.571185e-01,2.457542e-01,7.029596e-03,1.526163e-02
1.821532e-01,7.371654e-03,3.360109e-03,4.370752e-03,1.079631e-02,1.105960e-02,8.335146e-04,8.950894e-04,2.462728e-02,3.155864e-02,1.715919e-01,2.754433e-01,2.585836e-01,5.502434e-03,1.185269e-02
1.691160e-01,5.659858e-03,2.822936e-03,3.788119e-03,1.122112e-02,9.209455e-03,6.946073e-04,1.323579e-03,3.237342e-02,6.683288e-02,1.938265e-01,2.990708e-01,1.914815e-01,4.145010e-03,8.434251e-03
1.648993e-01,5.652494e-03,3.506656e-03,4.466814e-03,2.838582e-02,1.511723e-02,1.172627e-03,5.854844e-03,4.835863e-02,1.408567e-01,1.913551e-01,2.371726e-01,1.435738e-01,3.319040e-03,6.308435e-03
1.361881e-01,6.039443e-03,2.962327e-03,3.938424e-03,6.943002e-02,6.851107e-02,3.798268e-03,6.191666e-03,7.003257e-02,1.522874e-01,1.933491e-01,1.738734e-01,1.060786e-01,2.473817e-03,4.845801e-03
1.144805e-01,5.921325e-03,4.231564e-03,4.363433e-03,5.789980e-02,7.001130e-02,3.550627e-03,3.498253e-02,8.445877e-02,2.173522e-01,1.738580e-01,1.418349e-01,8.098698e-02,1.977273e-03,4.090820e-03
9.129207e-02,5.609198e-03,3.761273e-03,3.736488e-03,4.600208e-02,5.353736e-02,2.673545e-03,3.062018e-02,1.028666e-01,3.506293e-01,1.362636e-01,1.065961e-01,6.118478e-02,1.616632e-03,3.610724e-03
