1.000000e+00,0.000000e+00,0.000000e+00,0.000000e+00,0.000000e+00,0.000000e+00,0.000000e+00,0.000000e+00,0.000000e+00,0.000000e+00,0.000000e+00,0.000000e+00,0.000000e+00,0.000000e+00,0.000000e+00
1.000000e+00,0.000000e+00,0.000000e+00,0.000000e+00,0.000000e+00,0.000000e+00,0.000000e+00,0.000000e+00,0.000000e+00,0.000000e+00,0.000000e+00,0.000000e+00,0.000000e+00,0.000000e+00,0.000000e+00
1.000000e+00,0.000000e+00,0.000000e+00,0.000000e+00,0.000000e+00,0.000000e+00,0.000000e+00,0.000000e+00,0.000000e+00,0.000000e+00,0.000000e+00,0.000000e+00,0.000000e+00,0.000000e+00,0.000000e+00
1.000000e+00,0.000000e+00,0.000000e+00,0.000000e+00,0.000000e+00,0.000000e+00,0.000000e+00,0.000000e+00,0.000000e+00,0.000000e+00,0.000000e+00,0.000000e+00,0.000000e+00,0.000000e+00,0.000000e+00
1.000000e+00,0.000000e+00,0.000000e+00,0.000000e+00,0.000000e+00,0.000000e+00,0.000000e+00,0.000000e+00,0.000000e+00,0.000000e+00,0.000000e+00,0.000000e+00,0.000000e+00,0.000000e+00,0.000000e+00
1.000000e+00,0.000000e+00,0.000000e+00,0.000000e+00,0.000000e+00,0.000000e+00,0.000000e+00,0.000000e+00,0.000000e+00,0.000000e+00,0.000000e+00,0.000000e+00,0.000000e+00,0.000000e+00,0.000000e+00
1.000000e+00,0.000000e+00,0.000000e+00,0.000000e+00,0.000000e+00,0.000000e+00,0.000000e+00,0.000000e+00,0.000000e+00,0.000000e+00,0.000000e+00,0.000000e+00,0.000000e+00,0.000000e+00,0.000000e+00
1.000000e+00,0.000000e+00,0.000000e+00,0.000000e+00,0.000000e+00,0.000000e+00,0.000000e+00,0.000000e+00,0.000000e+00,0.000000e+00,0.000000e+00,0.000000e+00,0.000000e+00,0.000000e+00,0.000000e+00
1.000000e+00,0.000000e+00,0.000000e+00,0.000000e+00,0.000000e+00,0.000000e+00,0.000000e+00,0.000000e+00,0.000000e+00,0.000000e+00,0.000000e+00,0.000000e+00,0.000000e+00,0.000000e+00,0.000000e+00
1.000000e+00,0.000000e+00,0.000000e+00,0.000000e+00,0.000000e+00,0.000000e+00,0.000000e+00,0.000000e+00,0.000000e+00,0.000000e+00,0.000000e+00,0.000000e+00,0.000000e+00,0.000000e+00,0.000000e+00
1.000000e+00,0.000000e+00,0.000000e+00,0.000000e+00,0.000000e+00,0.000000e+00,0.000000e+00,0.000000e+00,0.000000e+00,0.000000e+00,0.000000e+00,0.000000e+00,0.000000e+00,0.000000e+00,0.000000e+00
1.000000e+00,0.000000e+00,0.000000e+00,0.000000e+00,0.000000e+00,0.000000e+00,0.000000e+00,0.000000e+00,0.000000e+00,0.000000e+00,0.000000e+00,0.000000e+00,0.000000e+00,0.000000e+00,0.000000e+00
1.000000e+00,0.000000e+00,0.000000e+00,0.000000e+00,0.000000e+00,0.000000e+00,0.000000e+00,0.000000e+00,0.000000e+00,0.000000e+00,0.000000e+00,0.000000e+00,0.000000e+00,0.000000e+00,0.000000e+00
1.000000e+00,0.000000e+00,0.000000e+00,0.000000e+00,0.000000e+00,0.000000e+00,0.000000e+00,0.000000e+00,0.000000e+00,0.000000e+00,0.000000e+00,0.000000e+00,0.000000e+00,0.000000e+00,0.000000e+00
1.000000e+00,0.000000e+00,0.000000e+00,0.000000e+00,0.000000e+00,0.000000e+00,0.000000e+00,0.000000e+00,0.000000e+00,0.000000e+00,0.000000e+00,0.000000e+00,0.000000e+00,0.000000e+00,0.000000e+00
1.000000e+00,0.000000e+00,0.000000e+00,0.000000e+00,0.000000e+00,0.000000e+00,0.000000e+00,0.000000e+00,0.000000e+00,0.000000e+00,0.000000e+00,0.000000e+00,0.000000e+00,0.000000e+00,0.000000e+00
1.000000e+00,0.000000e+00,0.000000e+00,0.000000e+00,0.000000e+00,0.000000e+00,0.000000e+00,0.000000e+00,0.000000e+00,0.000000e+00,0.000000e+00,0.000000e+00,0.000000e+00,0.000000e+00,0.000000e+00
1.000000e+00,0.000000e+00,0.000000e+00,0.000000e+00,0.000000e+00,0.000000e+00,0.000000e+00,0.000000e+00,0.000000e+00,0.000000e+00,0.000000e+00,0.000000e+00,0.000000e+00,0.000000e+00,0.000000e+00
1.000000e+00,0.000000e+00,0.000000e+00,0.000000e+00,0.000000e+00,0.000000e+00,0.000000e+00,0.000000e+00,0.000000e+00,0.000000e+00,0.000000e+00,0.000000e+00,0.000000e+00,0.000000e+00,0.000000e+00
1.000000e+00,0.000000e+00,0.000000e+00,0.000000e+00,0.000000e+00,0.000000e+00,0.000000e+00,0.000000e+00,0.000000e+00,0.000000e+00,0.000000e+00,0.000000e+00,0.000000e+00,0.000000e+00,0.000000e+00
1.000000e+00,0.000000e+00,0.000000e+00,0.000000e+00,0.000000e+00,0.000000e+00,0.000000e+00,0.000000e+00,0.000000e+00,0.000000e+00,0.000000e+00,0.000000e+00,0.000000e+00,0.000000e+00,0.000000e+00
1.000000e+00,0.000000e+00,0.000000e+00,0.000000e+00,0.000000e+00,0.000000e+00,0.000000e+00,0.000000e+00,0.000000e+00,0.000000e+00,0.000000e+00,0.000000e+00,0.000000e+00,0.000000e+00,0.000000e+00
1.000000e+00,0.000000e+00,0.000000e+00,0.000000e+00,0.000000e+00,0.000000e+00,0.000000e+00,0.000000e+00,0.000000e+00,0.000000e+00,0.000000e+00,0.000000e+00,0.000000e+00,0.000000e+00,0.000000e+00
1.000000e+00,0.000000e+00,0.000000e+00,0.000000e+00,0.000000e+00,0.000000e+00,0.000000e+00,0.000000e+00,0.000000e+00,0.000000e+00,0.000000e+00,0.000000e+00,0.000000e+00,0.000000e+00,0.000000e+00
1.000000e+00,0.000000e+00,0.000000e+00,0.000000e+00,0.000000e+00,0.000000e+00,0.000000e+00,0.000000e+00,0.000000e+00,0.000000e+00,0.000000e+00,0.000000e+00,0.000000e+00,0.000000e+00,0.000000e+00
1.000000e+00,0.000000e+00,0.000000e+00,0.000000e+00,0.000000e+00,0.000000e+00,0.000000e+00,0.000000e+00,0.000000e+00,0.000000e+00,0.000000e+00,0.000000e+00,0.000000e+00,0.000000e+00,0.000000e+00
1.000000e+00,0.000000e+00,0.000000e+00,0.000000e+00,0.000000e+00,0.000000e+00,0.000000e+00,0.000000e+00,0.000000e+00,0.000000e+00,0.000000e+00,0.000000e+00,0.000000e+00,0.000000e+00,0.000000e+00
1.000000e+00,0.000000e+00,0.000000e+00,0.000000e+00,0.000000e+00,0.000000e+00,0.000000e+00,0.000000e+00,0.000000e+00,0.000000e+00,0.000000e+00,0.000000e+00,0.000000e+00,0.000000e+00,0.000000e+00
1.000000e+00,0.000000e+00,0.000000e+00,0.000000e+00,0.000000e+00,0.000000e+00,0.000000e+00,0.000000e+00,0.000000e+00,0.000000e+00,0.000000e+00,0.000000e+00,0.000000e+00,0.000000e+00,0.000000e+00
1.000000e+00,0.000000e+00,0.000000e+00,0.000000e+00,0.000000e+00,0.000000e+00,0.000000e+00,0.000000e+00,0.000000e+00,0.000000e+00,0.000000e+00,0.000000e+00,0.000000e+00,0.000000e+00,0.000000e+00
1.000000e+00,0.000000e+00,0.000000e+00,0.000000e+00,0.000000e+00,0.000000e+00,0.000000e+00,0.000000e+00,0.000000e+00,0.000000e+00,0.000000e+00,0.000000e+00,0.000000e+00,0.000000e+00,0.000000e+00
1.000000e+00,0.000000e+00,0.000000e+00,0.000000e+00,0.000000e+00,0.000000e+00,0.000000e+00,0.000000e+00,0.000000e+00,0.000000e+00,0.000000e+00,0.000000e+00,0.000000e+00,0.000000e+00,0.000000e+00
1.000000e+00,0.000000e+00,0.000000e+00,0.000000e+00,0.000000e+00,0.000000e+00,0.000000e+00,0.000000e+00,0.000000e+00,0.000000e+00,0.000000e+00,0.000000e+00,0.000000e+00,0.000000e+00,0.000000e+00
1.000000e+00,0.000000e+00,0.000000e+00,0.000000e+00,0.000000e+00,0.000000e+00,0.000000e+00,0.000000e+00,0.000000e+00,0.000000e+00,0.000000e+00,0.000000e+00,0.000000e+00,0.000000e+00,0.000000e+00
1.000000e+00,0.000000e+00,0.000000e+00,0.000000e+00,0.000000e+00,0.000000e+00,0.000000e+00,0.000000e+00,0.000000e+00,0.000000e+00,0.000000e+00,0.000000e+00,0.000000e+00,0.000000e+00,0.000000e+00
1.000000e+00,0.000000e+00,0.000000e+00,0.000000e+00,0.000000e+00,0.000000e+00,0.000000e+00,0.000000e+00,0.000000e+00,0.000000e+00,0.000000e+00,0.000000e+00,0.000000e+00,0.000000e+00,0.000000e+00
1.000000e+00,0.000000e+00,0.000000e+00,0.000000e+00,0.000000e+00,0.000000e+00,0.000000e+00,0.000000e+00,0.000000e+00,0.000000e+00,0.000000e+00,0.000000e+00,0.000000e+00,0.000000e+00,0.000000e+00
1.000000e+00,0.000000e+00,0.000000e+00,0.000000e+00,0.000000e+00,0.000000e+00,0.000000e+00,0.000000e+00,0.000000e+00,0.000000e+00,0.000000e+00,0.000000e+00,0.000000e+00,0.000000e+00,0.000000e+00
1.000000e+00,0.000000e+00,0.000000e+00,0.000000e+00,0.000000e+00,0.000000e+00,0.000000e+00,0.000000e+00,0.000000e+00,0.000000e+00,0.000000e+00,0.000000e+00,0.000000e+00,0.000000e+00,0.000000e+00
1.000000e+00,0.000000e+00,0.000000e+00,0.000000e+00,0.000000e+00,0.000000e+00,0.000000e+00,0.000000e+00,0.000000e+00,0.000000e+00,0.000000e+00,0.000000e+00,0.000000e+00,0.000000e+00,0.000000e+00
1.000000e+00,0.000000e+00,0.000000e+00,0.000000e+00,0.000000e+00,0.000000e+00,0.000000e+00,0.000000e+00,0.000000e+00,0.000000e+00,0.000000e+00,0.000000e+00,0.000000e+00,0.000000e+00,0.000000e+00
1.000000e+00,0.000000e+00,0.000000e+00,0.000000e+00,0.000000e+00,0.000000e+00,0.000000e+00,0.000000e+00,0.000000e+00,0.000000e+00,0.000000e+00,0.000000e+00,0.000000e+00,0.000000e+00,0.000000e+00
1.000000e+00,0.000000e+00,0.000000e+00,0.000000e+00,0.000000e+00,0.000000e+00,0.000000e+00,0.000000e+00,0.000000e+00,0.000000e+00,0.000000e+00,0.000000e+00,0.000000e+00,0.000000e+00,0.000000e+00
1.000000e+00,0.000000e+00,0.000000e+00,0.000000e+00,0.000000e+00,0.000000e+00,0.000000e+00,0.000000e+00,0.000000e+00,0.000000e+00,0.000000e+00,0.000000e+00,0.000000e+00,0.000000e+00,0.000000e+00
1.000000e+00,0.000000e+00,0.000000e+00,0.000000e+00,0.000000e+00,0.000000e+00,0.000000e+00,0.000000e+00,0.000000e+00,0.000000e+00,0.000000e+00,0.000000e+00,0.000000e+00,0.000000e+00,0.000000e+00
1.000000e+00,0.000000e+00,0.000000e+00,0.000000e+00,0.000000e+00,0.000000e+00,0.000000e+00,0.000000e+00,0.000000e+00,0.000000e+00,0.000000e+00,0.000000e+00,0.000000e+00,0.000000e+00,0.000000e+00
1.000000e+00,0.000000e+00,0.000000e+00,0.000000e+00,0.000000e+00,0.000000e+00,0.000000e+00,0.000000e+00,0.000000e+00,0.000000e+00,0.000000e+00,0.000000e+00,0.000000e+00,0.000000e+00,0.000000e+00
1.000000e+00,0.000000e+00,0.000000e+00,0.000000e+00,0.000000e+00,0.000000e+00,0.000000e+00,0.000000e+00,0.000000e+00,0.000000e+00,0.000000e+00,0.000000e+00,0.000000e+00,0.000000e+00,0.000000e+00
1.000000e+00,0.000000e+00,0.000000e+00,0.000000e+00,0.000000e+00,0.000000e+00,0.000000e+00,0.000000e+00,0.000000e+00,0.000000e+00,0.000000e+00,0.000000e+00,0.000000e+00,0.000000e+00,0.000000e+00
1.000000e+00,0.000000e+00,0.000000e+00,0.000000e+00,0.000000e+00,0.000000e+00,0.000000e+00,0.000000e+00,0.000000e+00,0.000000e+00,0.000000e+00,0.000000e+00,0.000000e+00,0.000000e+00,0.000000e+00
1.000000e+00,0.000000e+00,0.000000e+00,0.000000e+00,0.000000e+00,0.000000e+00,0.000000e+00,0.000000e+00,0.000000e+00,0.000000e+00,0.000000e+00,0.000000e+00,0.000000e+00,0.000000e+00,0.000000e+00
1.000000e+00,0.000000e+00,0.000000e+00,0.000000e+00,0.000000e+00,0.000000e+00,0.000000e+00,0.000000e+00,0.000000e+00,0.000000e+00,0.000000e+00,0.000000e+00,0.000000e+00,0.000000e+00,0.000000e+00
1.000000e+00,0.000000e+00,0.000000e+00,0.000000e+00,0.000000e+00,0.000000e+00,0.000000e+00,0.000000e+00,0.000000e+00,0.000000e+00,0.000000e+00,0.000000e+00,0.000000e+00,0.000000e+00,0.000000e+00
1.000000e+00,0.000000e+00,0.000000e+00,0.000000e+00,0.000000e+00,0.000000e+00,0.000000e+00,0.000000e+00,0.000000e+00,0.000000e+00,0.000000e+00,0.000000e+00,0.000000e+00,0.000000e+00,0.000000e+00
4.961565e-01,5.997281e-02,3.302648e-02,1.343333e-01,1.892392e-02,3.628536e-02,1.321738e-02,4.608707e-02,2.422820e-02,4.352709e-03,2.196590e-02,3.928164e-02,2.051733e-02,7.553711e-03,4.409774e-02
4.486042e-01,7.096406e-02,3.102736e-02,1.492376e-01,2.255932e-02,3.822922e-02,1.330082e-02,3.939420e-02,3.016694e-02,4.748125e-03,2.738270e-02,4.007262e-02,2.091593e-02,9.463953e-03,5.393301e-02
3.644813e-01,6.978618e-02,4.655432e-02,1.869740e-01,2.398295e-02,3.704300e-02,1.293927e-02,5.294954e-02,3.917633e-02,4.678580e-03,3.124084e-02,4.386978e-02,2.059460e-02,9.919222e-03,5.581002e-02
3.329443e-01,7.489505e-02,4.292329e-02,1.911559e-01,2.530256e-02,3.526403e-02,1.204739e-02,4.666068e-02,4.696013e-02,5.328212e-03,3.936528e-02,4.581062e-02,2.191053e-02,1.361553e-02,6.581660e-02
3.627601e-01,7.245822e-02,3.608613e-02,1.766312e-01,2.311137e-02,3.299570e-02,1.083418e-02,3.826115e-02,4.525797e-02,5.684604e-03,4.160761e-02,4.413143e-02,2.262899e-02,1.572635e-02,7.182505e-02
4.204324e-01,7.025939e-02,2.876538e-02,1.546708e-01,2.099230e-02,2.997663e-02,9.378199e-03,3.108870e-02,4.029741e-02,5.938897e-03,3.693619e-02,3.976342e-02,2.227679e-02,1.488329e-02,7.434018e-02
4.146942e-01,7.494567e-02,3.321441e-02,1.608590e-01,1.968892e-02,2.974259e-02,1.001022e-02,3.432553e-02,3.642651e-02,5.516005e-03,3.668278e-02,3.688858e-02,2.249633e-02,1.266936e-02,7.183987e-02
4.983990e-01,6.612391e-02,2.592525e-02,1.370875e-01,1.751445e-02,2.537879e-02,8.909504e-03,2.819141e-02,3.013423e-02,4.827827e-03,3.183842e-02,3.328370e-02,2.245840e-02,1.049291e-02,5.943477e-02
4.687686e-01,6.966498e-02,3.318159e-02,1.690741e-01,1.891687e-02,2.502711e-02,1.114345e-02,3.218321e-02,2.634829e-02,3.995350e-03,2.904641e-02,3.161953e-02,2.244641e-02,8.692066e-03,4.989215e-02
4.982586e-01,6.188323e-02,3.556238e-02,1.639780e-01,1.701868e-02,2.345509e-02,1.015986e-02,2.888389e-02,2.221966e-02,3.818694e-03,2.687450e-02,3.225529e-02,2.256294e-02,7.359166e-03,4.571005e-02
1.000000e+00,0.000000e+00,0.000000e+00,0.000000e+00,0.000000e+00,0.000000e+00,0.000000e+00,0.000000e+00,0.000000e+00,0.000000e+00,0.000000e+00,0.000000e+00,0.000000e+00,0.000000e+00,0.000000e+00
3.966444e-01,1.980220e-01,6.402642e-02,1.377797e-01,1.387233e-02,4.764493e-02,6.475919e-03,1.793182e-02,1.298859e-02,5.435721e-03,2.285158e-02,2.284307e-02,1.544540e-02,5.442254e-03,3.259585e-02
2.861730e-01,2.010319e-01,5.345453e-02,1.132140e-01,1.207158e-02,2.125269e-01,4.635948e-03,1.318413e-02,9.257894e-03,6.824638e-03,2.560257e-02,2.205287e-02,1.186912e-02,4.243643e-03,2.385727e-02
2.110662e-01,3.369214e-01,3.783498e-02,7.948918e-02,1.110183e-02,2.323723e-01,3.368031e-03,9.435760e-03,6.740158e-03,6.982801e-03,1.878900e-02,1.553671e-02,8.640807e-03,3.168417e-03,1.855247e-02
1.482210e-01,3.922552e-01,2.663922e-02,5.570971e-02,8.704967e-03,3.002006e-01,2.504727e-03,6.709993e-03,4.856411e-03,6.138628e-03,1.481679e-02,1.093200e-02,6.177071e-03,2.290639e-03,1.384301e-02
1.047636e-01,4.622705e-01,1.889246e-02,3.907660e-02,6.679680e-03,3.168939e-01,1.860061e-03,4.842389e-03,3.540842e-03,5.286943e-03,1.193373e-02,7.776305e-03,4.376340e-03,1.745430e-03,1.006128e-02
7.760644e-02,4.606527e-01,1.361725e-02,2.756223e-02,6.749801e-03,3.689438e-01,1.696306e-03,4.255957e-03,2.876490e-03,4.809266e-03,1.318872e-02,5.769577e-03,3.318597e-03,1.491925e-03,7.460976e-03
6.829187e-02,4.958488e-01,1.037349e-02,1.962026e-02,7.620706e-03,3.516840e-01,1.620144e-03,3.774275e-03,2.496105e-03,4.740511e-03,1.848912e-02,4.626190e-03,2.969337e-03,1.518749e-03,6.326511e-03
5.413312e-02,5.640042e-01,8.758858e-03,1.411806e-02,9.844203e-03,2.716640e-01,1.374064e-03,3.069004e-03,2.334343e-03,7.078043e-03,4.791901e-02,6.899168e-03,2.249020e-03,1.545319e-03,5.009563e-03
3.905399e-02,5.089560e-01,7.093386e-03,1.010368e-02,7.976601e-03,2.058758e-01,1.269933e-03,2.299607e-03,2.260739e-03,1.251313e-02,1.804973e-01,1.518610e-02,1.724500e-03,1.464313e-03,3.725054e-03
2.829076e-02,3.619673e-01,5.341807e-03,7.189465e-03,5.906489e-03,1.949258e-01,1.180332e-03,1.719060e-03,2.522898e-03,2.777277e-02,3.160783e-01,3.730815e-02,1.512164e-03,4.611034e-03,3.673699e-03
2.055216e-02,2.538372e-01,3.789857e-03,5.048043e-03,4.190360e-03,2.329570e-01,9.564465e-04,1.216148e-03,1.947835e-03,9.060568e-02,3.187294e-01,5.779923e-02,1.165096e-03,4.379678e-03,2.825859e-03
1.700410e-02,1.779414e-01,2.741514e-03,3.589484e-03,2.977684e-03,2.446083e-01,1.079582e-03,8.790809e-04,2.081815e-03,8.944819e-02,3.494134e-01,9.987365e-02,9.358496e-04,4.877090e-03,2.548907e-03
1.200836e-02,1.246091e-01,2.002221e-03,2.538900e-03,2.131252e-03,1.779907e-01,8.397181e-04,6.458655e-04,1.789353e-03,6.591333e-02,4.432081e-01,1.582306e-01,6.931303e-04,5.498693e-03,1.900670e-03
8.548025e-03,8.729119e-02,1.609097e-03,1.810279e-03,1.702958e-03,1.327609e-01,1.110937e-03,4.945938e-04,1.641361e-03,5.035371e-02,4.593888e-01,2.425988e-01,6.214163e-04,8.456856e-03,1.611033e-03
6.245012e-03,6.155205e-02,2.386663e-03,1.351453e-03,1.873074e-03,9.393716e-02,1.048425e-03,4.939301e-04,2.251595e-03,3.575994e-02,5.012465e-01,2.815878e-01,4.843894e-04,7.862048e-03,1.919942e-03
5.410945e-03,4.342987e-02,1.975210e-03,1.031960e-03,1.575888e-03,6.690101e-02,1.123656e-03,6.598575e-04,2.395656e-03,2.730599e-02,4.061618e-01,4.259253e-01,5.197424e-04,1.413986e-02,1.443310e-03
4.409715e-03,3.080666e-02,1.829624e-03,8.106456e-04,1.302418e-03,4.803598e-02,1.144589e-03,8.281132e-04,2.073567e-03,2.096678e-02,3.304892e-01,5.346588e-01,4.973982e-04,2.106132e-02,1.085203e-03
6.053458e-03,4.241521e-02,3.647825e-02,1.810888e-03,2.753615e-03,4.190503e-02,3.533582e-03,1.128702e-02,2.843483e-03,2.039360e-02,3.027160e-01,5.038421e-01,4.558668e-04,2.253363e-02,9.782286e-04
5.190027e-03,1.546213e-01,3.764534e-02,2.489219e-03,1.362839e-02,3.950229e-02,7.964745e-03,2.289091e-02,4.194423e-02,1.754409e-02,2.560627e-01,3.789933e-01,4.459785e-04,2.003762e-02,1.039797e-03
4.063956e-03,2.519599e-01,3.174292e-02,2.551473e-03,2.140456e-02,4.266194e-02,5.792745e-03,1.714197e-02,1.426796e-01,1.380174e-02,1.822294e-01,2.672745e-01,5.163648e-04,1.495023e-02,1.228820e-03
3.240534e-03,3.559755e-01,2.596925e-02,3.464277e-03,4.359180e-02,3.557246e-02,4.075314e-03,1.225881e-02,1.731817e-01,1.077323e-02,1.297743e-01,1.873034e-01,1.222725e-03,1.083268e-02,2.764067e-03
2.733414e-03,4.575833e-01,1.983480e-02,2.435584e-02,4.505542e-02,2.757469e-02,2.868563e-03,9.298461e-03,1.638671e-01,8.184184e-03,9.279397e-02,1.314302e-01,2.655059e-03,7.716307e-03,4.048717e-03
2.861540e-03,5.020325e-01,1.731287e-02,1.026760e-01,3.348232e-02,2.065298e-02,2.029610e-03,6.973094e-03,1.244164e-01,6.034768e-03,7.133882e-02,9.320378e-02,6.991542e-03,5.639080e-03,4.354680e-03
7.275002e-03,5.176767e-01,1.575817e-02,1.086455e-01,3.877702e-02,1.762507e-02,1.513629e-03,6.061682e-03,1.275075e-01,4.878355e-03,6.567382e-02,6.647997e-02,8.126391e-03,4.605372e-03,9.395843e-03
8.815458e-03,4.818336e-01,1.489799e-02,1.014502e-01,3.401044e-02,1.449938e-02,1.115972e-03,4.560076e-03,1.578072e-01,5.853831e-03,7.308494e-02,4.704646e-02,9.067338e-03,4.233324e-03,4.172370e-02
1.641067e-02,4.485433e-01,1.666976e-02,9.503932e-02,2.435751e-02,1.208956e-02,8.843212e-04,4.627591e-03,1.577088e-01,6.723551e-03,8.217260e-02,3.528327e-02,2.200174e-02,1.246451e-02,6.502341e-02
1.496359e-02,3.561119e-01,1.465383e-02,1.070066e-01,1.778967e-02,9.077911e-03,7.048768e-04,3.642682e-03,2.498290e-01,6.325907e-03,9.514427e-02,3.558381e-02,2.716883e-02,1.020293e-02,5.179425e-02
1.088717e-02,2.507467e-01,1.181724e-02,7.979820e-02,1.283771e-02,6.653267e-03,6.368548e-04,2.807702e-03,1.959159e-01,7.565190e-03,2.151347e-01,5.760441e-02,5.711909e-02,1.182997e-02,7.864584e-02
8.048533e-03,1.766672e-01,9.577780e-03,5.923719e-02,1.166301e-02,5.107970e-03,8.309960e-04,2.361177e-03,1.500070e-01,1.144349e-02,2.555183e-01,1.305336e-01,9.210777e-02,1.298456e-02,7.391133e-02
6.125312e-03,1.267513e-01,9.488051e-03,4.234759e-02,1.567747e-02,5.179618e-03,7.370920e-04,1.855384e-03,1.141243e-01,1.836358e-02,2.029940e-01,2.783515e-01,9.970190e-02,1.948483e-02,5.881823e-02
5.653843e-03,8.956535e-02,6.818590e-03,2.982052e-02,1.144712e-02,5.716625e-03,5.948679e-04,1.468385e-03,8.548772e-02,1.989621e-02,1.554901e-01,4.473851e-01,7.543240e-02,1.953410e-02,4.568907e-02
4.603775e-03,6.597659e-02,5.092215e-03,2.099459e-02,8.792462e-03,4.533492e-03,4.506744e-04,1.202342e-03,6.383745e-02,1.559665e-02,1.392314e-01,5.421602e-01,6.059728e-02,3.207824e-02,3.485269e-02
5.606656e-03,5.044935e-02,5.122853e-03,1.565714e-02,1.065656e-02,4.153880e-03,8.307441e-04,9.640240e-03,8.990818e-02,1.300642e-02,1.225083e-01,5.677535e-01,4.456214e-02,3.431658e-02,2.582751e-02
7.315958e-03,4.436269e-02,5.652051e-03,1.155812e-02,1.294768e-02,5.583430e-03,3.170248e-03,2.317731e-02,2.384982e-01,1.095323e-02,1.000029e-01,4.496599e-01,3.334794e-02,3.465175e-02,1.911845e-02
8.124604e-03,3.933829e-02,5.182324e-03,8.853342e-03,1.275627e-02,6.500705e-03,9.103974e-03,4.838321e-02,3.751814e-01,9.514475e-03,8.084491e-02,3.238625e-01,2.473740e-02,3.338004e-02,1.423655e-02
6.900318e-03,3.798495e-02,5.190987e-03,9.647674e-03,1.684631e-02,7.538564e-03,1.033596e-02,4.025093e-02,4.951705e-01,7.938224e-03,6.630819e-02,2.378122e-01,2.050894e-02,2.496284e-02,1.260341e-02
5.669913e-03,3.112160e-02,3.848804e-03,7.531926e-03,1.772028e-02,7.035495e-03,8.188239e-03,2.951333e-02,6.165308e-01,6.379556e-03,5.214060e-02,1.704922e-01,1.598441e-02,1.803625e-02,9.806590e-03
4.666102e-03,3.970781e-02,4.422422e-03,2.607132e-02,2.150817e-02,6.776548e-03,5.998156e-03,2.111056e-02,6.606396e-01,5.434024e-03,4.095398e-02,1.207231e-01,1.434615e-02,1.296194e-02,1.468011e-02
7.071332e-03,3.305201e-02,3.382332e-03,2.006524e-02,5.632855e-02,6.453928e-03,5.290935e-03,1.594733e-02,6.965351e-01,4.429425e-03,3.222441e-02,8.533176e-02,1.143398e-02,9.674814e-03,1.277882e-02
8.063547e-03,2.389948e-02,4.822003e-03,1.969055e-02,1.166710e-01,5.205185e-03,5.196193e-03,3.913778e-02,6.641883e-01,3.188063e-03,2.441435e-02,5.997545e-02,9.739201e-03,6.819236e-03,8.989650e-03
2.527422e-02,2.551953e-02,1.213989e-02,2.373491e-02,1.624495e-01,6.642490e-03,5.222695e-03,3.121032e-02,6.152348e-01,3.669762e-03,2.135137e-02,4.338793e-02,8.860492e-03,5.493440e-03,9.808621e-03
3.230147e-02,2.096625e-02,1.542837e-02,1.093333e-01,2.278624e-01,6.584852e-03,6.925019e-03,3.502455e-02,4.735676e-01,3.240879e-03,1.815287e-02,3.149383e-02,7.625172e-03,4.055839e-03,7.437503e-03
5.014553e-02,1.970765e-02,1.606428e-02,1.210259e-01,2.603078e-01,8.276460e-03,6.449418e-03,3.103234e-02,4.317574e-01,2.449627e-03,1.410636e-02,2.304812e-02,6.011510e-03,3.492455e-03,6.125068e-03
5.454393e-02,1.743694e-02,1.277197e-02,9.986664e-02,3.510942e-01,7.897857e-03,5.298241e-03,2.651754e-02,3.835370e-01,1.826337e-03,1.072878e-02,1.653965e-02,4.496770e-03,2.887703e-03,4.556510e-03
1.079700e-01,1.806570e-02,1.397969e-02,1.122259e-01,3.329158e-01,7.681413e-03,4.407208e-03,2.472742e-02,3.374965e-01,2.139583e-03,1.028767e-02,1.449427e-02,5.188090e-03,2.380401e-03,6.040404e-03
1.412171e-01,1.663031e-02,1.302479e-02,1.028765e-01,2.855482e-01,5.556368e-02,3.744692e-03,2.319599e-02,3.176587e-01,1.783814e-03,1.150604e-02,1.424205e-02,5.064717e-03,2.158126e-03,5.785339e-03
1.216106e-01,1.245659e-02,1.117382e-02,7.561141e-02,2.293102e-01,9.753173e-02,3.826357e-03,1.921160e-01,2.258091e-01,1.382422e-03,8.742202e-03,1.055197e-02,3.799354e-03,1.756196e-03,4.321979e-03
1.137442e-01,9.508259e-03,1.028425e-02,5.638824e-02,2.082857e-01,7.797710e-02,3.547231e-03,3.315129e-01,1.596687e-01,1.704071e-03,1.012225e-02,8.363235e-03,3.842840e-03,1.405232e-03,3.645651e-03
1.310149e-01,7.967855e-03,2.014933e-02,4.604918e-02,1.766857e-01,7.055993e-02,3.499099e-03,3.746325e-01,1.247953e-01,9.873053e-03,1.402017e-02,6.998991e-03,4.283213e-03,2.078635e-03,7.392154e-03
9.731782e-02,7.301429e-03,1.702410e-02,4.314918e-02,1.352153e-01,5.355320e-02,2.782970e-03,2.829328e-01,2.561894e-01,6.237013e-02,2.080319e-02,5.842042e-03,4.846525e-03,2.273664e-03,8.398306e-03
7.904048e-02,1.651981e-02,2.698063e-02,3.919100e-02,1.013816e-01,5.142044e-02,2.339144e-03,2.015407e-01,2.572941e-01,1.133858e-01,5.808560e-02,5.683269e-03,5.902122e-03,2.200201e-02,1.923326e-02
8.335371e-02,3.536557e-02,7.435761e-02,6.871899e-02,8.751673e-02,6.024509e-02,2.370432e-03,1.585123e-01,2.031364e-01,1.024730e-01,5.372424e-02,1.029314e-02,7.572494e-03,2.047351e-02,3.188683e-02
1.334774e-01,3.006689e-02,7.863540e-02,7.745081e-02,7.320442e-02,5.321949e-02,2.560598e-03,1.211830e-01,1.706868e-01,1.001706e-01,5.909953e-02,2.140827e-02,1.262555e-02,3.375055e-02,3.246068e-02
1.737182e-01,2.873131e-02,7.011181e-02,7.833085e-02,6.376757e-02,5.005518e-02,2.725772e-03,9.064559e-02,1.476449e-01,7.649674e-02,7.684985e-02,3.520148e-02,2.094174e-02,4.759638e-02,3.718267e-02
1.531190e-01,6.130943e-02,6.583223e-02,1.103293e-01,4.753943e-02,3.777747e-02,2.132472e-03,6.562264e-02,1.965904e-01,5.681653e-02,6.353065e-02,3.786614e-02,2.182916e-02,4.582870e-02,3.387644e-02
1.338533e-01,5.465022e-02,4.953524e-02,8.211353e-02,3.869927e-02,3.796122e-02,1.927835e-03,4.736041e-02,1.956830e-01,4.258770e-02,5.486436e-02,3.017962e-02,2.276807e-02,1.153655e-01,9.245068e-02
1.294835e-01,4.510202e-02,3.813630e-02,8.333853e-02,3.119361e-02,3.104090e-02,1.630911e-03,3.484443e-02,2.211005e-01,3.192822e-02,4.840070e-02,2.811835e-02,2.296832e-02,1.342859e-01,1.184278e-01
1.273543e-01,4.212363e-02,3.039082e-02,7.226565e-02,2.268693e-02,2.493851e-02,1.591457e-03,2.487789e-02,1.902598e-01,2.505991e-02,4.064677e-02,3.220721e-02,2.478922e-02,2.101822e-01,1.306257e-01
1.255176e-01,4.818195e-02,2.280050e-02,5.714697e-02,1.954201e-02,2.256941e-02,1.871175e-03,1.872398e-02,1.788399e-01,2.020542e-02,3.601112e-02,2.582921e-02,2.470496e-02,2.307515e-01,1.673042e-01
9.977946e-02,6.744416e-02,1.961848e-02,6.791773e-02,1.531306e-02,1.717877e-02,1.660761e-03,1.373650e-02,2.250891e-01,1.746268e-02,2.977103e-02,1.945582e-02,1.808047e-02,1.965990e-01,1.908929e-01
8.071063e-02,6.233080e-02,1.424477e-02,4.990966e-02,1.104452e-02,1.306592e-02,1.478721e-03,9.965870e-03,1.827990e-01,1.877146e-02,3.452328e-02,1.715544e-02,1.479620e-02,2.385534e-01,2.506503e-01
1.145248e-01,8.077003e-02,1.086506e-02,4.599371e-02,1.316469e-02,1.133113e-02,1.609154e-03,8.347262e-03,1.591408e-01,1.535009e-02,2.828079e-02,1.472196e-02,1.469015e-02,1.884717e-01,2.927386e-01
9.093431e-02,9.725531e-02,1.045310e-02,9.464355e-02,1.180059e-02,9.272219e-03,1.349650e-03,6.519989e-03,1.572449e-01,1.467050e-02,2.279109e-02,1.183624e-02,1.145654e-02,1.375622e-01,3.222098e-01
1.035783e-01,1.165528e-01,1.017348e-02,7.347625e-02,2.162222e-02,8.526663e-03,1.203667e-03,5.621791e-03,1.670388e-01,1.272870e-02,1.994400e-02,9.602554e-03,1.409187e-02,1.049314e-01,3.309075e-01
1.077888e-01,1.045691e-01,1.160679e-02,1.313297e-01,2.211632e-02,1.320373e-02,1.414412e-03,7.006013e-03,1.726569e-01,1.217032e-02,1.855686e-02,8.535163e-03,1.271507e-02,7.684512e-02,2.994857e-01
2.062859e-01,8.697880e-02,1.753940e-02,1.233207e-01,2.454476e-02,1.492392e-02,1.977204e-03,1.356589e-02,1.586976e-01,1.172186e-02,1.767171e-02,8.814095e-03,1.212084e-02,6.092210e-02,2.409152e-01
3.646362e-01,7.060702e-02,1.637849e-02,9.446771e-02,2.777199e-02,1.740210e-02,2.296629e-03,1.565708e-02,1.291576e-01,8.607588e-03,1.420218e-02,9.798965e-03,1.011827e-02,4.478576e-02,1.741124e-01
4.682164e-01,5.807656e-02,2.125587e-02,8.119468e-02,2.797442e-02,1.753559e-02,2.294251e-03,1.562310e-02,1.040035e-01,7.184430e-03,1.222583e-02,1.143461e-02,9.822737e-03,3.348355e-02,1.296744e-01
1.000000e+00,0.000000e+00,0.000000e+00,0.000000e+00,0.000000e+00,0.000000e+00,0.000000e+00,0.000000e+00,0.000000e+00,0.000000e+00,0.000000e+00,0.000000e+00,0.000000e+00,0.000000e+00,0.000000e+00
1.000000e+00,0.000000e+00,0.000000e+00,0.000000e+00,0.000000e+00,0.000000e+00,0.000000e+00,0.000000e+00,0.000000e+00,0.000000e+00,0.000000e+00,0.000000e+00,0.000000e+00,0.000000e+00,0.000000e+00
1.000000e+00,0.000000e+00,0.000000e+00,0.000000e+00,0.000000e+00,0.000000e+00,0.000000e+00,0.000000e+00,0.000000e+00,0.000000e+00,0.000000e+00,0.000000e+00,0.000000e+00,0.000000e+00,0.000000e+00
4.535057e-01,8.969675e-02,2.459972e-02,1.111628e-01,1.910484e-02,2.030390e-02,2.174546e-03,1.553095e-02,5.490124e-02,9.035051e-03,9.322000e-02,1.666884e-02,1.128916e-02,2.146460e-02,5.734189e-02
3.182777e-01,6.482843e-02,1.805095e-02,8.404416e-02,1.419107e-02,1.450283e-02,1.544976e-03,1.107309e-02,4.401019e-02,6.963088e-03,3.317736e-01,2.046965e-02,9.896452e-03,1.811469e-02,4.225913e-02
2.320135e-01,4.707278e-02,1.349632e-02,7.338713e-02,1.311714e-02,1.123673e-02,1.313315e-03,9.422411e-03,3.340646e-02,6.684319e-03,3.831184e-01,1.113795e-01,1.152420e-02,2.152839e-02,3.129938e-02
1.700918e-01,3.489552e-02,1.027755e-02,5.577983e-02,9.827706e-03,8.785638e-03,1.060478e-03,7.152596e-03,2.621882e-02,8.242309e-03,4.435587e-01,1.649319e-01,9.848417e-03,2.674061e-02,2.258811e-02
1.280297e-01,2.523364e-02,7.824552e-03,3.957641e-02,8.185336e-03,6.657401e-03,7.959583e-04,5.149840e-03,1.934185e-02,1.379231e-02,4.738768e-01,2.031963e-01,7.496248e-03,4.443492e-02,1.640883e-02
9.040355e-02,1.809846e-02,6.241716e-03,2.787486e-02,7.478553e-03,4.790607e-03,5.751527e-04,3.649745e-03,1.434192e-02,1.830841e-02,5.189259e-01,2.265422e-01,5.620629e-03,4.526622e-02,1.188212e-02
6.441881e-02,1.353033e-02,5.642478e-03,2.009608e-02,1.138480e-02,3.761842e-03,4.492313e-04,3.354916e-03,1.049078e-02,1.870923e-02,5.623847e-01,2.365236e-01,4.626385e-03,3.515379e-02,9.473016e-03
5.671344e-02,1.003742e-02,4.775932e-03,1.499924e-02,1.265677e-02,4.607332e-03,4.362796e-04,2.642482e-03,8.364374e-03,2.422365e-02,6.047050e-01,2.146932e-01,4.415113e-03,2.904978e-02,7.679955e-03
4.401325e-02,7.774934e-03,4.404309e-03,1.114018e-02,1.926388e-02,4.539398e-03,6.304140e-04,2.182249e-03,1.202350e-02,2.005568e-02,5.901728e-01,2.487134e-01,4.588387e-03,2.438589e-02,6.111829e-03
3.552143e-02,9.616767e-03,1.021849e-02,1.098989e-02,2.464066e-01,7.063086e-03,9.818345e-04,1.146406e-02,1.451190e-02,1.572894e-02,4.343141e-01,1.780991e-01,3.433138e-03,1.723647e-02,4.414158e-03
2.747205e-02,1.009428e-02,1.228106e-02,1.754029e-02,4.329481e-01,7.603272e-03,1.214521e-03,9.066720e-03,1.304904e-02,1.141042e-02,3.141788e-01,1.252035e-01,2.520282e-03,1.227662e-02,3.141179e-03
2.217217e-02,8.831749e-03,1.473269e-02,2.071938e-02,5.692130e-01,1.117758e-02,2.381884e-03,6.745934e-03,1.027983e-02,8.411174e-03,2.245382e-01,8.792704e-02,1.961490e-03,8.674247e-03,2.233633e-03
2.680610e-02,9.876220e-03,1.759281e-02,1.732571e-02,6.481449e-01,1.603190e-02,1.940860e-03,5.011300e-03,1.317669e-02,6.392969e-03,1.600078e-01,6.219923e-02,2.688568e-03,6.831958e-03,5.972951e-03
7.627639e-02,2.820216e-02,1.805509e-02,1.879080e-02,5.470206e-01,1.441067e-02,1.913153e-03,3.785511e-03,3.187672e-02,6.377635e-03,1.287876e-01,4.581619e-02,9.719610e-03,6.364261e-03,6.260357e-02
7.778944e-02,4.951987e-02,4.103491e-02,2.500058e-02,5.486875e-01,2.051898e-02,3.406278e-03,3.639084e-03,2.910168e-02,6.898078e-03,9.901187e-02,3.315384e-02,9.982876e-03,5.918036e-03,4.633696e-02
9.527816e-02,6.083003e-02,5.473866e-02,3.493453e-02,5.144615e-01,2.265154e-02,2.889265e-03,3.807446e-03,3.984801e-02,8.024314e-03,8.162218e-02,2.490079e-02,9.015823e-03,6.667039e-03,4.033070e-02
1.257488e-01,5.475321e-02,5.046941e-02,3.012573e-02,5.012408e-01,2.249870e-02,2.264826e-03,3.943234e-03,5.705137e-02,1.004370e-02,6.766858e-02,2.163454e-02,7.947083e-03,5.971188e-03,3.863879e-02
1.633027e-01,6.572540e-02,4.353437e-02,3.669635e-02,4.567316e-01,1.998413e-02,1.858302e-03,4.677987e-03,5.176809e-02,1.101631e-02,6.371539e-02,2.310574e-02,7.122583e-03,1.087487e-02,3.988623e-02
1.184988e-01,5.714335e-02,3.096337e-02,2.807018e-02,3.202503e-01,1.548119e-02,1.331544e-03,3.452698e-03,3.694105e-02,8.417187e-03,3.036706e-01,3.193486e-02,5.414984e-03,1.013002e-02,2.829986e-02
8.402168e-02,4.623917e-02,2.261991e-02,2.137905e-02,2.243467e-01,1.253221e-02,9.761484e-04,2.533660e-03,2.717264e-02,6.096159e-03,4.738684e-01,4.038406e-02,3.975015e-03,1.374812e-02,2.010710e-02
5.932425e-02,3.458881e-02,1.668713e-02,1.636042e-02,1.571136e-01,1.014383e-02,7.027628e-04,1.850789e-03,1.969280e-02,4.376596e-03,6.074446e-01,3.926198e-02,2.889341e-03,1.522614e-02,1.433688e-02
4.261429e-02,2.496090e-02,1.204685e-02,1.453131e-02,1.101561e-01,8.379258e-03,5.158482e-04,1.335554e-03,1.421273e-02,3.217223e-03,6.444635e-01,9.040202e-02,2.253852e-03,2.048662e-02,1.042389e-02
3.016523e-02,1.767932e-02,8.590769e-03,1.183325e-02,7.751289e-02,6.966551e-03,3.841687e-04,9.483095e-04,1.015847e-02,2.372161e-03,7.033503e-01,1.025815e-01,1.752804e-03,1.811382e-02,7.590530e-03
2.151085e-02,1.260338e-02,6.096152e-03,8.734842e-03,5.627357e-02,7.241259e-03,3.194106e-04,6.703280e-04,7.304118e-03,1.752305e-03,7.241768e-01,1.310618e-01,1.455997e-03,1.503575e-02,5.763501e-03
1.590042e-02,9.089639e-03,4.365042e-03,7.124655e-03,4.411854e-02,1.055922e-02,2.354364e-04,4.862629e-04,5.377905e-03,1.393850e-03,6.699168e-01,2.056870e-01,1.292712e-03,1.940599e-02,5.046551e-03
1.160735e-02,6.757987e-03,3.232345e-03,7.421486e-03,6.093816e-02,1.142428e-02,2.723607e-04,3.693984e-04,4.068922e-03,1.164773e-03,6.074725e-01,2.587485e-01,1.342722e-03,2.114528e-02,4.033897e-03
9.266937e-03,5.299855e-03,2.452837e-03,5.626455e-03,6.920256e-02,9.483889e-03,2.199616e-04,3.011877e-04,3.679760e-03,1.130735e-03,6.193665e-01,2.380248e-01,1.266698e-03,3.024928e-02,4.428458e-03
7.273207e-03,4.007479e-03,1.839529e-03,4.086017e-03,5.599565e-02,7.607494e-03,1.738875e-04,2.434886e-04,2.986437e-03,9.992298e-04,6.564881e-01,2.174066e-01,1.528947e-03,3.592920e-02,3.434716e-03
5.652321e-03,3.296624e-03,1.436103e-03,2.931601e-03,4.257361e-02,6.155658e-03,1.419698e-04,2.445535e-04,2.694776e-03,9.118245e-04,6.767040e-01,2.192707e-01,2.101548e-03,3.319766e-02,2.686967e-03
5.587884e-03,3.749193e-03,1.226849e-03,2.157490e-03,3.193219e-02,5.855311e-03,1.659806e-04,3.664338e-04,2.260654e-03,8.739899e-04,6.441653e-01,2.699416e-01,2.206597e-03,2.734020e-02,2.170371e-03
5.207791e-03,5.049909e-03,1.399585e-03,1.713175e-03,3.551418e-02,4.848524e-03,2.429006e-04,8.630890e-04,1.782834e-03,8.626242e-04,6.186233e-01,2.965921e-01,2.374775e-03,2.329154e-02,1.633675e-03
6.791710e-03,7.379052e-03,1.540240e-03,1.597840e-03,3.347796e-02,4.440329e-03,3.866738e-04,1.397648e-03,1.795884e-03,8.994301e-04,6.088594e-01,3.051977e-01,2.374067e-03,2.248352e-02,1.378518e-03
6.032541e-03,1.089070e-02,1.936601e-03,1.499847e-03,3.868473e-02,3.834736e-03,3.422214e-04,2.521914e-03,1.844187e-03,7.754244e-04,6.121860e-01,2.951571e-01,2.028459e-03,2.117097e-02,1.094541e-03
4.802379e-03,2.053052e-02,3.979574e-03,3.419962e-03,8.514170e-02,6.218375e-03,9.106107e-04,4.612367e-03,5.305596e-03,7.910513e-04,5.230374e-01,3.199878e-01,1.528565e-03,1.865341e-02,1.080728e-03
4.446888e-03,2.140393e-02,2.152372e-02,2.135626e-02,7.939456e-02,6.525738e-03,8.236226e-04,1.505933e-01,6.526913e-03,7.074837e-04,4.308045e-01,2.400393e-01,1.121508e-03,1.395034e-02,7.819990e-04
4.285400e-03,5.839600e-02,2.909528e-02,5.428180e-02,1.761050e-01,1.233426e-02,2.289251e-03,1.335925e-01,7.890895e-03,5.577397e-04,3.370977e-01,1.724593e-01,8.194405e-04,1.022569e-02,5.697811e-04
3.420646e-03,8.445133e-02,2.927437e-02,1.135640e-01,2.614481e-01,2.790793e-02,1.184989e-02,9.410793e-02,7.049938e-03,4.096625e-04,2.371493e-01,1.211363e-01,6.283615e-04,7.179724e-03,4.225110e-04
3.749030e-03,1.035258e-01,4.305547e-02,1.351043e-01,3.254333e-01,3.681426e-02,1.786054e-02,6.682304e-02,8.673694e-03,4.874975e-04,1.672300e-01,8.522010e-02,5.287767e-04,5.045386e-03,4.488819e-04
8.027524e-03,1.056233e-01,3.823995e-02,2.131046e-01,3.342493e-01,3.790331e-02,1.818298e-02,4.903973e-02,1.188328e-02,9.221830e-04,1.176015e-01,5.975359e-02,6.025906e-04,3.559515e-03,1.306734e-03
5.914586e-02,1.197494e-01,5.287281e-02,1.913980e-01,3.176088e-01,3.069198e-02,1.445948e-02,3.624030e-02,2.976230e-02,1.852562e-03,9.457199e-02,4.263662e-02,6.971582e-04,3.372206e-03,4.940510e-03
4.979235e-02,2.092885e-01,6.653709e-02,2.379882e-01,2.417150e-01,2.250757e-02,1.064553e-02,2.904372e-02,2.486755e-02,1.542762e-03,6.744131e-02,3.053726e-02,7.211124e-04,2.544662e-03,4.827279e-03
1.307193e-01,1.886808e-01,6.152694e-02,1.837406e-01,2.351565e-01,2.125586e-02,9.015482e-03,2.331674e-02,4.229973e-02,2.386356e-03,6.203897e-02,2.672329e-02,1.600092e-03,4.697093e-03,6.842260e-03
1.920008e-01,1.630504e-01,5.980052e-02,1.501404e-01,2.319942e-01,3.256598e-02,7.039260e-03,1.767025e-02,4.447559e-02,3.287199e-03,5.608509e-02,2.418332e-02,2.837859e-03,6.800600e-03,8.068554e-03
1.668491e-01,2.047996e-01,5.473899e-02,1.798341e-01,1.754586e-01,3.673472e-02,5.218308e-03,1.397979e-02,4.534880e-02,6.655022e-03,5.411754e-02,2.606381e-02,3.597759e-03,9.931862e-03,1.667183e-02
1.187577e-01,1.818700e-01,3.897681e-02,1.280127e-01,1.251557e-01,2.796841e-02,3.693995e-03,9.956228e-03,1.391080e-01,1.416811e-02,4.386869e-02,1.851198e-02,1.051360e-02,1.106896e-02,1.283692e-01
8.615693e-02,1.939573e-01,2.914193e-02,9.203264e-02,9.072334e-02,2.792837e-02,2.675214e-03,7.060054e-03,1.839222e-01,1.480878e-02,4.801497e-02,1.327523e-02,1.483643e-02,4.950932e-02,1.459572e-01
6.243836e-02,1.409624e-01,2.070559e-02,6.449557e-02,7.680687e-02,2.078882e-02,1.894057e-03,4.972610e-03,2.336772e-01,1.116910e-02,8.047457e-02,9.408413e-03,1.901322e-02,1.146772e-01,1.385160e-01
4.437679e-02,1.003015e-01,1.461560e-02,4.518269e-02,5.473975e-02,1.484299e-02,1.332411e-03,3.488203e-03,3.685205e-01,8.975622e-03,7.294099e-02,6.670987e-03,1.598237e-02,1.335475e-01,1.144821e-01
3.215222e-02,7.039913e-02,1.024545e-02,3.165304e-02,3.853825e-02,1.081242e-02,9.401456e-04,2.452550e-03,5.055771e-01,6.594379e-03,5.397863e-02,4.724793e-03,1.204904e-02,1.033681e-01,1.165147e-01
2.351714e-02,4.945755e-02,7.187460e-03,2.218332e-02,2.699554e-02,8.075835e-03,6.624431e-04,1.720534e-03,6.244984e-01,4.988339e-03,3.826270e-02,3.341897e-03,9.245610e-03,7.637744e-02,1.034858e-01
1.746695e-02,3.471831e-02,5.051197e-03,1.554937e-02,1.891911e-02,6.076799e-03,4.664120e-04,1.207332e-03,6.964710e-01,3.968215e-03,2.798246e-02,2.395941e-03,7.047872e-03,6.360481e-02,9.907423e-02
1.267793e-02,2.449727e-02,3.734215e-03,1.090856e-02,1.326321e-02,4.605838e-03,3.330885e-04,8.472606e-04,7.348326e-01,3.210970e-03,2.078416e-02,1.721419e-03,5.070259e-03,6.790847e-02,9.560462e-02
9.599363e-03,1.731534e-02,2.783980e-03,7.665206e-03,9.300974e-03,3.499518e-03,2.441833e-04,5.994692e-04,6.157500e-01,3.183821e-03,1.832122e-02,1.369367e-03,3.831433e-03,1.772670e-01,1.292690e-01
7.608439e-03,1.238870e-02,2.358639e-03,5.445057e-03,6.617001e-03,3.050921e-03,1.972704e-04,4.384811e-04,4.646282e-01,8.348417e-03,2.342781e-02,1.888735e-03,3.967329e-03,3.520316e-01,1.076033e-01
5.798651e-03,9.029983e-03,1.852680e-03,3.915054e-03,4.668945e-03,2.455725e-03,1.524094e-04,3.206124e-04,3.472043e-01,2.389365e-02,2.904882e-02,1.891323e-03,4.981206e-03,4.745855e-01,9.020111e-02
4.284753e-03,6.650637e-03,1.426002e-03,2.828361e-03,3.316832e-03,1.949178e-03,1.135988e-04,2.289580e-04,2.562810e-01,3.038673e-02,4.355852e-02,1.523068e-03,3.926280e-03,5.490027e-01,9.452328e-02
4.051900e-03,1.339312e-02,1.269246e-03,2.105821e-03,2.410695e-03,2.135667e-03,8.860583e-05,1.682029e-04,1.968829e-01,6.561868e-02,7.701036e-02,1.405787e-03,3.098255e-03,5.363219e-01,9.403880e-02
2.999437e-03,1.031924e-02,9.100448e-04,1.523308e-03,1.767133e-03,3.154057e-03,8.084526e-05,1.239273e-04,1.485064e-01,2.381818e-01,6.489639e-02,1.614470e-03,4.339940e-03,4.507820e-01,7.080097e-02
2.188863e-03,9.704800e-03,7.592055e-04,1.097820e-03,1.337774e-03,7.746541e-03,6.972284e-05,9.564653e-05,1.197890e-01,3.809658e-01,5.195366e-02,1.477576e-03,3.604851e-03,3.648826e-01,5.432621e-02
1.781877e-03,8.907886e-03,3.073219e-03,9.990494e-04,1.908868e-03,2.177730e-02,2.681453e-04,5.166928e-04,9.965849e-02,4.933418e-01,3.965329e-02,1.147827e-03,2.925903e-03,2.827805e-01,4.125908e-02
4.746600e-03,8.567487e-03,5.160147e-03,2.511965e-03,1.108817e-02,4.190815e-02,7.137604e-03,9.604504e-03,1.174587e-01,4.916723e-01,3.397517e-02,1.631269e-03,3.988564e-03,2.207079e-01,3.984139e-02
5.560812e-03,6.302600e-03,1.751819e-02,1.740895e-02,1.857100e-02,3.138362e-02,7.044607e-03,1.821624e-01,9.385312e-02,3.918428e-01,3.095195e-02,1.746518e-03,3.913591e-03,1.627068e-01,2.903300e-02
5.190878e-03,4.492477e-03,3.953653e-02,1.935610e-02,2.155710e-02,2.291127e-02,5.674454e-03,3.634494e-01,6.813985e-02,2.857347e-01,2.399016e-02,1.777562e-03,3.052148e-03,1.143767e-01,2.076068e-02
4.332103e-03,3.229330e-03,8.009876e-02,1.778736e-02,1.615191e-02,1.661918e-02,4.790930e-03,4.880922e-01,4.889860e-02,2.028699e-01,1.834635e-02,1.338920e-03,2.326605e-03,8.042873e-02,1.468900e-02
4.603259e-03,2.387498e-03,6.889826e-02,1.795280e-02,1.295832e-02,1.236606e-02,4.171152e-03,6.145089e-01,3.541864e-02,1.428590e-01,1.388377e-02,1.064010e-03,1.889439e-03,5.658546e-02,1.045338e-02
8.419580e-03,2.175696e-03,6.224921e-02,2.861865e-02,1.582522e-02,9.703994e-03,3.072839e-03,6.603453e-01,3.185033e-02,1.100195e-01,1.320386e-02,8.957174e-04,1.937952e-03,4.146961e-02,1.021248e-02
1.292708e-02,3.227660e-03,5.880498e-02,6.456281e-02,2.228053e-02,8.887960e-03,2.446590e-03,6.166646e-01,5.984792e-02,9.189593e-02,1.263895e-02,8.282973e-04,2.072409e-03,3.049689e-02,1.241742e-02
2.319830e-02,3.935482e-03,6.022798e-02,1.645147e-01,2.755052e-02,7.836621e-03,2.011808e-03,5.124230e-01,7.439582e-02,7.452967e-02,1.164483e-02,9.258853e-04,2.113219e-03,2.205925e-02,1.263296e-02
