1.000000e+00,0.000000e+00,0.000000e+00,0.000000e+00,0.000000e+00,0.000000e+00,0.000000e+00,0.000000e+00,0.000000e+00,0.000000e+00,0.000000e+00,0.000000e+00,0.000000e+00,0.000000e+00,0.000000e+00
1.000000e+00,0.000000e+00,0.000000e+00,0.000000e+00,0.000000e+00,0.000000e+00,0.000000e+00,0.000000e+00,0.000000e+00,0.000000e+00,0.000000e+00,0.000000e+00,0.000000e+00,0.000000e+00,0.000000e+00
1.000000e+00,0.000000e+00,0.000000e+00,0.000000e+00,0.000000e+00,0.000000e+00,0.000000e+00,0.000000e+00,0.000000e+00,0.000000e+00,0.000000e+00,0.000000e+00,0.000000e+00,0.000000e+00,0.000000e+00
1.000000e+00,0.000000e+00,0.000000e+00,0.000000e+00,0.000000e+00,0.000000e+00,0.000000e+00,0.000000e+00,0.000000e+00,0.000000e+00,0.000000e+00,0.000000e+00,0.000000e+00,0.000000e+00,0.000000e+00
1.000000e+00,0.000000e+00,0.000000e+00,0.000000e+00,0.000000e+00,0.000000e+00,0.000000e+00,0.000000e+00,0.000000e+00,0.000000e+00,0.000000e+00,0.000000e+00,0.000000e+00,0.000000e+00,0.000000e+00
1.000000e+00,0.000000e+00,0.000000e+00,0.000000e+00,0.000000e+00,0.000000e+00,0.000000e+00,0.000000e+00,0.000000e+00,0.000000e+00,0.000000e+00,0.000000e+00,0.000000e+00,0.000000e+00,0.000000e+00
1.000000e+00,0.000000e+00,0.000000e+00,0.000000e+00,0.000000e+00,0.000000e+00,0.000000e+00,0.000000e+00,0.000000e+00,0.000000e+00,0.000000e+00,0.000000e+00,0.000000e+00,0.000000e+00,0.000000e+00
1.000000e+00,0.000000e+00,0.000000e+00,0.000000e+00,0.000000e+00,0.000000e+00,0.000000e+00,0.000000e+00,0.000000e+00,0.000000e+00,0.000000e+00,0.000000e+00,0.000000e+00,0.000000e+00,0.000000e+00
1.000000e+00,0.000000e+00,0.000000e+00,0.000000e+00,0.000000e+00,0.000000e+00,0.000000e+00,0.000000e+00,0.000000e+00,0.000000e+00,0.000000e+00,0.000000e+00,0.000000e+00,0.000000e+00,0.000000e+00
1.000000e+00,0.000000e+00,0.000000e+00,0.000000e+00,0.000000e+00,0.000000e+00,0.000000e+00,0.000000e+00,0.000000e+00,0.000000e+00,0.000000e+00,0.000000e+00,0.000000e+00,0.000000e+00,0.000000e+00
1.000000e+00,0.000000e+00,0.000000e+00,0.000000e+00,0.000000e+00,0.000000e+00,0.000000e+00,0.000000e+00,0.000000e+00,0.000000e+00,0.000000e+00,0.000000e+00,0.000000e+00,0.000000e+00,0.000000e+00
1.000000e+00,0.000000e+00,0.000000e+00,0.000000e+00,0.000000e+00,0.000000e+00,0.000000e+00,0.000000e+00,0.000000e+00,0.000000e+00,0.000000e+00,0.000000e+00,0.000000e+00,0.000000e+00,0.000000e+00
1.000000e+00,0.000000e+00,0.000000e+00,0.000000e+00,0.000000e+00,0.000000e+00,0.000000e+00,0.000000e+00,0.000000e+00,0.000000e+00,0.000000e+00,0.000000e+00,0.000000e+00,0.000000e+00,0.000000e+00
1.000000e+00,0.000000e+00,0.000000e+00,0.000000e+00,0.000000e+00,0.000000e+00,0.000000e+00,0.000000e+00,0.000000e+00,0.000000e+00,0.000000e+00,0.000000e+00,0.000000e+00,0.000000e+00,0.000000e+00
1.000000e+00,0.000000e+00,0.000000e+00,0.000000e+00,0.000000e+00,0.000000e+00,0.000000e+00,0.000000e+00,0.000000e+00,0.000000e+00,0.000000e+00,0.000000e+00,0.000000e+00,0.000000e+00,0.000000e+00
1.000000e+00,0.000000e+00,0.000000e+00,0.000000e+00,0.000000e+00,0.000000e+00,0.000000e+00,0.000000e+00,0.000000e+00,0.000000e+00,0.000000e+00,0.000000e+00,0.000000e+00,0.000000e+00,0.000000e+00
1.000000e+00,0.000000e+00,0.000000e+00,0.000000e+00,0.000000e+00,0.000000e+00,0.000000e+00,0.000000e+00,0.000000e+00,0.000000e+00,0.000000e+00,0.000000e+00,0.000000e+00,0.000000e+00,0.000000e+00
1.000000e+00,0.000000e+00,0.000000e+00,0.000000e+00,0.000000e+00,0.000000e+00,0.000000e+00,0.000000e+00,0.000000e+00,0.000000e+00,0.000000e+00,0.000000e+00,0.000000e+00,0.000000e+00,0.000000e+00
1.000000e+00,0.000000e+00,0.000000e+00,0.000000e+00,0.000000e+00,0.000000e+00,0.000000e+00,0.000000e+00,0.000000e+00,0.000000e+00,0.000000e+00,0.000000e+00,0.000000e+00,0.000000e+00,0.000000e+00
1.000000e+00,0.000000e+00,0.000000e+00,0.000000e+00,0.000000e+00,0.000000e+00,0.000000e+00,0.000000e+00,0.000000e+00,0.000000e+00,0.000000e+00,0.000000e+00,0.000000e+00,0.000000e+00,0.000000e+00
1.000000e+00,0.000000e+00,0.000000e+00,0.000000e+00,0.000000e+00,0.000000e+00,0.000000e+00,0.000000e+00,0.000000e+00,0.000000e+00,0.000000e+00,0.000000e+00,0.000000e+00,0.000000e+00,0.000000e+00
1.000000e+00,0.000000e+00,0.000000e+00,0.000000e+00,0.000000e+00,0.000000e+00,0.000000e+00,0.000000e+00,0.000000e+00,0.000000e+00,0.000000e+00,0.000000e+00,0.000000e+00,0.000000e+00,0.000000e+00
1.000000e+00,0.000000e+00,0.000000e+00,0.000000e+00,0.000000e+00,0.000000e+00,0.000000e+00,0.000000e+00,0.000000e+00,0.000000e+00,0.000000e+00,0.000000e+00,0.000000e+00,0.000000e+00,0.000000e+00
1.000000e+00,0.000000e+00,0.000000e+00,0.000000e+00,0.000000e+00,0.000000e+00,0.000000e+00,0.000000e+00,0.000000e+00,0.000000e+00,0.000000e+00,0.000000e+00,0.000000e+00,0.000000e+00,0.000000e+00
1.000000e+00,0.000000e+00,0.000000e+00,0.000000e+00,0.000000e+00,0.000000e+00,0.000000e+00,0.000000e+00,0.000000e+00,0.000000e+00,0.000000e+00,0.000000e+00,0.000000e+00,0.000000e+00,0.000000e+00
1.000000e+00,0.000000e+00,0.000000e+00,0.000000e+00,0.000000e+00,0.000000e+00,0.000000e+00,0.000000e+00,0.000000e+00,0.000000e+00,0.000000e+00,0.000000e+00,0.000000e+00,0.000000e+00,0.000000e+00
1.000000e+00,0.000000e+00,0.000000e+00,0.000000e+00,0.000000e+00,0.000000e+00,0.000000e+00,0.000000e+00,0.000000e+00,0.000000e+00,0.000000e+00,0.000000e+00,0.000000e+00,0.000000e+00,0.000000e+00
1.000000e+00,0.000000e+00,0.000000e+00,0.000000e+00,0.000000e+00,0.000000e+00,0.000000e+00,0.000000e+00,0.000000e+00,0.000000e+00,0.000000e+00,0.000000e+00,0.000000e+00,0.000000e+00,0.000000e+00
1.000000e+00,0.000000e+00,0.000000e+00,0.000000e+00,0.000000e+00,0.000000e+00,0.000000e+00,0.000000e+00,0.000000e+00,0.000000e+00,0.000000e+00,0.000000e+00,0.000000e+00,0.000000e+00,0.000000e+00
1.000000e+00,0.000000e+00,0.000000e+00,0.000000e+00,0.000000e+00,0.000000e+00,0.000000e+00,0.000000e+00,0.000000e+00,0.000000e+00,0.000000e+00,0.000000e+00,0.000000e+00,0.000000e+00,0.000000e+00
1.000000e+00,0.000000e+00,0.000000e+00,0.000000e+00,0.000000e+00,0.000000e+00,0.000000e+00,0.000000e+00,0.000000e+00,0.000000e+00,0.000000e+00,0.000000e+00,0.000000e+00,0.000000e+00,0.000000e+00
1.000000e+00,0.000000e+00,0.000000e+00,0.000000e+00,0.000000e+00,0.000000e+00,0.000000e+00,0.000000e+00,0.000000e+00,0.000000e+00,0.000000e+00,0.000000e+00,0.000000e+00,0.000000e+00,0.000000e+00
1.000000e+00,0.000000e+00,0.000000e+00,0.000000e+00,0.000000e+00,0.000000e+00,0.000000e+00,0.000000e+00,0.000000e+00,0.000000e+00,0.000000e+00,0.000000e+00,0.000000e+00,0.000000e+00,0.000000e+00
4.935057e-01,4.810410e-02,1.788164e-02,1.433745e-01,2.581243e-02,4.051982e-02,1.628187e-02,3.062089e-02,2.290448e-02,2.410495e-03,1.869337e-02,6.887979e-02,3.895903e-02,3.932539e-03,2.811937e-02
4.940639e-01,5.196426e-02,1.618636e-02,1.418068e-01,2.840208e-02,4.080686e-02,1.572713e-02,2.703846e-02,2.480590e-02,2.650814e-03,1.749151e-02,6.643473e-02,3.814573e-02,4.066298e-03,3.040911e-02
4.093933e-01,5.558490e-02,3.116171e-02,1.848546e-01,2.971124e-02,4.149152e-02,1.741060e-02,3.750986e-02,2.370053e-02,2.730358e-03,1.856954e-02,7.332152e-02,3.961577e-02,3.977635e-03,3.096694e-02
2.966576e-01,4.828151e-02,4.247102e-02,3.692286e-01,2.280886e-02,3.032167e-02,1.262467e-02,3.189697e-02,1.888863e-02,2.177319e-03,1.444621e-02,5.351478e-02,2.876461e-02,3.043423e-03,2.487414e-02
3.430158e-01,4.193214e-02,8.034250e-02,3.168471e-01,1.801123e-02,2.766964e-02,9.616854e-03,2.506369e-02,1.709507e-02,2.673399e-03,1.589297e-02,4.235979e-02,2.546746e-02,3.923411e-03,3.008886e-02
4.119197e-01,4.124526e-02,6.868400e-02,2.520182e-01,1.635317e-02,2.779952e-02,7.949448e-03,2.143320e-02,1.592141e-02,2.939744e-03,1.562765e-02,3.786635e-02,2.666505e-02,6.990793e-03,4.658648e-02
1.000000e+00,0.000000e+00,0.000000e+00,0.000000e+00,0.000000e+00,0.000000e+00,0.000000e+00,0.000000e+00,0.000000e+00,0.000000e+00,0.000000e+00,0.000000e+00,0.000000e+00,0.000000e+00,0.000000e+00
4.790587e-01,4.137690e-02,8.537566e-02,2.134741e-01,1.182460e-02,2.440614e-02,5.869850e-03,1.779424e-02,1.084902e-02,2.408603e-03,1.146004e-02,2.920054e-02,2.155019e-02,5.596661e-03,3.975474e-02
1.000000e+00,0.000000e+00,0.000000e+00,0.000000e+00,0.000000e+00,0.000000e+00,0.000000e+00,0.000000e+00,0.000000e+00,0.000000e+00,0.000000e+00,0.000000e+00,0.000000e+00,0.000000e+00,0.000000e+00
1.000000e+00,0.000000e+00,0.000000e+00,0.000000e+00,0.000000e+00,0.000000e+00,0.000000e+00,0.000000e+00,0.000000e+00,0.000000e+00,0.000000e+00,0.000000e+00,0.000000e+00,0.000000e+00,0.000000e+00
1.000000e+00,0.000000e+00,0.000000e+00,0.000000e+00,0.000000e+00,0.000000e+00,0.000000e+00,0.000000e+00,0.000000e+00,0.000000e+00,0.000000e+00,0.000000e+00,0.000000e+00,0.000000e+00,0.000000e+00
1.000000e+00,0.000000e+00,0.000000e+00,0.000000e+00,0.000000e+00,0.000000e+00,0.000000e+00,0.000000e+00,0.000000e+00,0.000000e+00,0.000000e+00,0.000000e+00,0.000000e+00,0.000000e+00,0.000000e+00
1.000000e+00,0.000000e+00,0.000000e+00,0.000000e+00,0.000000e+00,0.000000e+00,0.000000e+00,0.000000e+00,0.000000e+00,0.000000e+00,0.000000e+00,0.000000e+00,0.000000e+00,0.000000e+00,0.000000e+00
1.000000e+00,0.000000e+00,0.000000e+00,0.000000e+00,0.000000e+00,0.000000e+00,0.000000e+00,0.000000e+00,0.000000e+00,0.000000e+00,0.000000e+00,0.000000e+00,0.000000e+00,0.000000e+00,0.000000e+00
1.000000e+00,0.000000e+00,0.000000e+00,0.000000e+00,0.000000e+00,0.000000e+00,0.000000e+00,0.000000e+00,0.000000e+00,0.000000e+00,0.000000e+00,0.000000e+00,0.000000e+00,0.000000e+00,0.000000e+00
1.000000e+00,0.000000e+00,0.000000e+00,0.000000e+00,0.000000e+00,0.000000e+00,0.000000e+00,0.000000e+00,0.000000e+00,0.000000e+00,0.000000e+00,0.000000e+00,0.000000e+00,0.000000e+00,0.000000e+00
1.000000e+00,0.000000e+00,0.000000e+00,0.000000e+00,0.000000e+00,0.000000e+00,0.000000e+00,0.000000e+00,0.000000e+00,0.000000e+00,0.000000e+00,0.000000e+00,0.000000e+00,0.000000e+00,0.000000e+00
1.000000e+00,0.000000e+00,0.000000e+00,0.000000e+00,0.000000e+00,0.000000e+00,0.000000e+00,0.000000e+00,0.000000e+00,0.000000e+00,0.000000e+00,0.000000e+00,0.000000e+00,0.000000e+00,0.000000e+00
1.000000e+00,0.000000e+00,0.000000e+00,0.000000e+00,0.000000e+00,0.000000e+00,0.000000e+00,0.000000e+00,0.000000e+00,0.000000e+00,0.000000e+00,0.000000e+00,0.000000e+00,0.000000e+00,0.000000e+00
1.000000e+00,0.000000e+00,0.000000e+00,0.000000e+00,0.000000e+00,0.000000e+00,0.000000e+00,0.000000e+00,0.000000e+00,0.000000e+00,0.000000e+00,0.000000e+00,0.000000e+00,0.000000e+00,0.000000e+00
1.000000e+00,0.000000e+00,0.000000e+00,0.000000e+00,0.000000e+00,0.000000e+00,0.000000e+00,0.000000e+00,0.000000e+00,0.000000e+00,0.000000e+00,0.000000e+00,0.000000e+00,0.000000e+00,0.000000e+00
1.000000e+00,0.000000e+00,0.000000e+00,0.000000e+00,0.000000e+00,0.000000e+00,0.000000e+00,0.000000e+00,0.000000e+00,0.000000e+00,0.000000e+00,0.000000e+00,0.000000e+00,0.000000e+00,0.000000e+00
1.000000e+00,0.000000e+00,0.000000e+00,0.000000e+00,0.000000e+00,0.000000e+00,0.000000e+00,0.000000e+00,0.000000e+00,0.000000e+00,0.000000e+00,0.000000e+00,0.000000e+00,0.000000e+00,0.000000e+00
1.000000e+00,0.000000e+00,0.000000e+00,0.000000e+00,0.000000e+00,0.000000e+00,0.000000e+00,0.000000e+00,0.000000e+00,0.000000e+00,0.000000e+00,0.000000e+00,0.000000e+00,0.000000e+00,0.000000e+00
1.000000e+00,0.000000e+00,0.000000e+00,0.000000e+00,0.000000e+00,0.000000e+00,0.000000e+00,0.000000e+00,0.000000e+00,0.000000e+00,0.000000e+00,0.000000e+00,0.000000e+00,0.000000e+00,0.000000e+00
3.899074e-01,6.236461e-03,3.157835e-03,2.079050e-02,3.787647e-01,1.646296e-02,1.256748e-01,1.761796e-02,2.019410e-03,9.270656e-03,3.610442e-03,9.988355e-03,1.008894e-02,9.875484e-04,5.422004e-03
2.729466e-01,4.378215e-03,2.228384e-03,1.479220e-02,2.669761e-01,1.156604e-02,3.424966e-01,1.247190e-02,1.444276e-03,4.509886e-02,5.600622e-03,7.189064e-03,7.852971e-03,7.041108e-04,4.254025e-03
1.911604e-01,3.107697e-03,1.590793e-03,1.108060e-02,1.886931e-01,8.350626e-03,4.789496e-01,8.952639e-03,1.161480e-03,3.446877e-02,1.464164e-02,1.750288e-02,3.129385e-02,5.433278e-04,8.502575e-03
1.340391e-01,2.196304e-03,1.137961e-03,8.054237e-03,1.335711e-01,6.076820e-03,5.232807e-01,6.676652e-03,1.087974e-03,3.380875e-02,2.357534e-02,8.545897e-02,3.327417e-02,9.290146e-04,6.832932e-03
9.437305e-02,1.657816e-03,9.294272e-04,6.070069e-03,9.601753e-02,4.808266e-03,4.038945e-01,5.096074e-03,2.978535e-03,4.291078e-02,8.653179e-02,1.505979e-01,8.816680e-02,5.222083e-03,1.074538e-02
6.660119e-02,1.434536e-03,8.110422e-04,4.824468e-03,6.834657e-02,3.988472e-03,3.281919e-01,4.162748e-03,3.896918e-03,3.440867e-02,1.297369e-01,1.466740e-01,1.602015e-01,1.750201e-02,2.921911e-02
4.841446e-02,1.795772e-03,9.543785e-04,5.477973e-03,5.086467e-02,6.798375e-03,2.680961e-01,4.584208e-03,1.274965e-02,3.951085e-02,1.302295e-01,1.972727e-01,1.592245e-01,3.225623e-02,4.177058e-02
3.455478e-02,1.623236e-03,7.795931e-04,4.388024e-03,3.597193e-02,8.502206e-03,1.883835e-01,3.407201e-03,2.883017e-02,6.284937e-02,1.251298e-01,2.416281e-01,1.220681e-01,9.164320e-02,5.024075e-02
2.440930e-02,1.867041e-03,1.030574e-03,3.978841e-03,2.680598e-02,6.974723e-03,1.323261e-01,3.020775e-03,3.651624e-02,5.554701e-02,1.283510e-01,3.120806e-01,1.142863e-01,9.950370e-02,5.330186e-02
1.772224e-02,2.496619e-03,1.915457e-03,1.489677e-02,4.118299e-02,8.086640e-03,9.546670e-02,3.151002e-03,4.200000e-02,7.030138e-02,1.350260e-01,2.656296e-01,1.054816e-01,1.013563e-01,9.528655e-02
1.411794e-02,2.399886e-03,3.813908e-03,1.636440e-02,6.734087e-02,7.284133e-03,7.099499e-02,3.426416e-03,3.493071e-02,7.282277e-02,1.702952e-01,2.215911e-01,8.808783e-02,1.086514e-01,1.178785e-01
1.668795e-02,4.483544e-03,1.042703e-02,1.774410e-02,7.726893e-02,1.462985e-02,5.274332e-02,5.437064e-03,3.353084e-02,7.209775e-02,1.593702e-01,2.258377e-01,9.891767e-02,9.493273e-02,1.158913e-01
1.569178e-02,4.122284e-03,1.145473e-02,1.504446e-02,6.080419e-02,1.272297e-01,4.130282e-02,8.738564e-03,4.187178e-02,5.258350e-02,1.404550e-01,2.046388e-01,1.185159e-01,6.888539e-02,8.866108e-02
1.198198e-02,3.609892e-03,9.064524e-03,1.112215e-02,4.581659e-02,9.708577e-02,3.678512e-02,9.325027e-03,3.572590e-02,3.787900e-02,1.084937e-01,2.444184e-01,2.357404e-01,4.952326e-02,6.342839e-02
1.270043e-02,3.162170e-03,7.090395e-03,8.502454e-03,4.082607e-02,7.380954e-02,2.723578e-02,7.994390e-03,3.312586e-02,3.500845e-02,8.913546e-02,2.098316e-01,3.507523e-01,4.043903e-02,6.038614e-02
1.107553e-02,3.054218e-03,5.908443e-03,6.455173e-03,3.668081e-02,6.154077e-02,2.445484e-02,9.985005e-03,3.461686e-02,2.999342e-02,7.047033e-02,2.814823e-01,3.365272e-01,3.342250e-02,5.433260e-02
1.194132e-02,4.070381e-03,4.958084e-03,5.598592e-03,2.899492e-02,5.930325e-02,2.025640e-02,1.070873e-02,3.023147e-02,2.176239e-02,5.080765e-02,3.800127e-01,3.009765e-01,2.589996e-02,4.447765e-02
2.034342e-02,4.721068e-03,7.590743e-03,6.701689e-03,2.538040e-02,9.883304e-02,1.905327e-02,1.877853e-02,2.750037e-02,1.557607e-02,3.917853e-02,4.049087e-01,2.565390e-01,2.148088e-02,3.341430e-02
2.332584e-02,5.150146e-03,6.208450e-03,6.518515e-03,2.906852e-02,7.527406e-02,1.395954e-02,1.893395e-02,2.820900e-02,1.107959e-02,3.148472e-02,4.696677e-01,2.390143e-01,1.772426e-02,2.438136e-02
3.570002e-02,4.890886e-03,5.347386e-03,6.028349e-03,2.788479e-02,5.886267e-02,1.087144e-02,2.095447e-02,2.370384e-02,7.982705e-03,2.432395e-02,5.267745e-01,2.144935e-01,1.401925e-02,1.816223e-02
3.304541e-02,4.177536e-03,4.511429e-03,4.689981e-03,2.350354e-02,4.874076e-02,8.783307e-03,1.870435e-02,1.931634e-02,5.785733e-03,1.917479e-02,6.238341e-01,1.624529e-01,1.031870e-02,1.296103e-02
4.529679e-02,3.364073e-03,8.218300e-03,5.887194e-03,2.551789e-02,5.476762e-02,1.280882e-02,7.532546e-02,1.602102e-02,4.692475e-03,2.659164e-02,5.864000e-01,1.174739e-01,8.335685e-03,9.299103e-03
6.153234e-02,4.218803e-03,9.250860e-03,5.621645e-03,3.493511e-02,7.299381e-02,1.546046e-02,6.639186e-02,1.650596e-02,3.703723e-03,2.419486e-02,5.805066e-01,9.112379e-02,6.646779e-03,6.913423e-03
6.333681e-02,5.566001e-03,1.004727e-02,4.678708e-03,4.673968e-02,8.405422e-02,2.877698e-02,5.752744e-02,1.919198e-02,2.828114e-03,1.862351e-02,5.691772e-01,7.940730e-02,4.914856e-03,5.130015e-03
6.538910e-02,6.274205e-03,1.087570e-02,3.860231e-03,4.910745e-02,7.694240e-02,3.084534e-02,5.775333e-02,2.268952e-02,2.413386e-03,1.784779e-02,5.800825e-01,6.710894e-02,4.747816e-03,4.062340e-03
6.838864e-02,7.671919e-03,1.080971e-02,3.771085e-03,5.211882e-02,7.577078e-02,2.915767e-02,5.481886e-02,3.316891e-02,2.283511e-03,1.821184e-02,5.751854e-01,5.851356e-02,5.743311e-03,4.385992e-03
6.484506e-02,3.719831e-02,1.050686e-02,5.920107e-03,4.575942e-02,8.129168e-02,2.733244e-02,4.555757e-02,9.853602e-02,3.449718e-03,1.481187e-02,4.921709e-01,5.877776e-02,5.225885e-03,8.616436e-03
7.296145e-02,6.258350e-02,9.652633e-03,4.756826e-03,4.198230e-02,9.043313e-02,2.500913e-02,4.537756e-02,1.110388e-01,2.755868e-03,1.140248e-02,3.849180e-01,1.217173e-01,5.476363e-03,9.934604e-03
8.604632e-02,7.058816e-02,1.237675e-02,4.405006e-03,4.582610e-02,7.521966e-02,2.523041e-02,5.363764e-02,1.093700e-01,2.332353e-03,9.695853e-03,3.645156e-01,1.240684e-01,5.272531e-03,1.141515e-02
7.755291e-02,7.017295e-02,7.483009e-02,4.423140e-03,6.071990e-02,5.441341e-02,2.540369e-02,5.284580e-02,9.292988e-02,2.133682e-03,7.567418e-03,3.160993e-01,1.436229e-01,4.268743e-03,1.301622e-02
8.028077e-02,9.361003e-02,8.108497e-02,4.349665e-03,8.156922e-02,5.212261e-02,3.775619e-02,4.195036e-02,1.222034e-01,1.715271e-03,5.885908e-03,2.514856e-01,1.308452e-01,3.531923e-03,1.160885e-02
1.408473e-01,1.025781e-01,6.837420e-02,5.588058e-03,9.257358e-02,5.298089e-02,4.370137e-02,3.244244e-02,1.230809e-01,1.550814e-03,4.432053e-03,1.829323e-01,1.354601e-01,2.722889e-03,1.073514e-02
1.618562e-01,9.121204e-02,7.074575e-02,5.871068e-03,1.075378e-01,4.476092e-02,4.928089e-02,2.612369e-02,1.053610e-01,1.445823e-03,3.699543e-03,1.359086e-01,1.852660e-01,2.475716e-03,8.454961e-03
1.565794e-01,9.019218e-02,8.162726e-02,4.441030e-02,1.568707e-01,3.683281e-02,4.742473e-02,2.302080e-02,1.079081e-01,1.945231e-03,3.928782e-03,9.773662e-02,1.381414e-01,1.882723e-03,1.149905e-02
2.937669e-01,7.480274e-02,6.341815e-02,4.192381e-02,1.274623e-01,2.882648e-02,3.746561e-02,1.779862e-02,8.685923e-02,4.480223e-03,4.176056e-03,7.240970e-02,1.219193e-01,1.852097e-03,2.283881e-02
4.259869e-01,6.666437e-02,4.620058e-02,3.527853e-02,9.881279e-02,2.441324e-02,2.818650e-02,1.426631e-02,7.544129e-02,4.459489e-03,4.031159e-03,5.525433e-02,9.647011e-02,1.696558e-03,2.283783e-02
4.925186e-01,5.926265e-02,3.374904e-02,3.064301e-02,8.112390e-02,2.170153e-02,2.209231e-02,1.226200e-02,6.938404e-02,4.372444e-03,5.014612e-03,4.632875e-02,9.791251e-02,2.062124e-03,2.157250e-02
1.000000e+00,0.000000e+00,0.000000e+00,0.000000e+00,0.000000e+00,0.000000e+00,0.000000e+00,0.000000e+00,0.000000e+00,0.000000e+00,0.000000e+00,0.000000e+00,0.000000e+00,0.000000e+00,0.000000e+00
3.732715e-01,9.711025e-02,2.495131e-02,2.304074e-01,4.566202e-02,1.596852e-02,1.285953e-02,7.146304e-03,3.702405e-02,4.332550e-03,2.218174e-02,5.269121e-02,5.524294e-02,1.530098e-03,1.962060e-02
2.651683e-01,7.524102e-02,2.007612e-02,3.333034e-01,3.597714e-02,1.159864e-02,9.122009e-03,5.212825e-03,2.953133e-02,3.662232e-03,4.932599e-02,1.003317e-01,4.568718e-02,1.435440e-03,1.432656e-02
2.065250e-01,5.694120e-02,1.528996e-02,3.179978e-01,3.242369e-02,1.024264e-02,6.850209e-03,3.980196e-03,2.646779e-02,3.620875e-03,5.595575e-02,2.146637e-01,3.397326e-02,1.367472e-03,1.370042e-02
1.465356e-01,4.020829e-02,1.157168e-02,2.360099e-01,2.437349e-02,7.833530e-03,4.869465e-03,2.862025e-03,1.990934e-02,3.560978e-03,4.803318e-02,4.180904e-01,2.463437e-02,1.106802e-03,1.040094e-02
1.031039e-01,2.821431e-02,8.357254e-03,1.666651e-01,2.273234e-02,6.879908e-03,3.450959e-03,2.105052e-03,1.827690e-02,4.424439e-03,6.041566e-02,5.473678e-01,1.928283e-02,1.125135e-03,7.598365e-03
7.236976e-02,1.978356e-02,5.992643e-03,1.169220e-01,1.933776e-02,6.784624e-03,2.445224e-03,1.505816e-03,1.425707e-02,6.999452e-03,5.850972e-02,6.546622e-01,1.411091e-02,8.291947e-04,5.490123e-03
5.125754e-02,1.387607e-02,4.213692e-03,8.188631e-02,2.135580e-02,5.309201e-03,1.725232e-03,1.076182e-03,1.132546e-02,6.411222e-03,5.838732e-02,7.283784e-01,1.022397e-02,6.933982e-04,3.880198e-03
3.693453e-02,9.741304e-03,2.958319e-03,5.734816e-02,3.859873e-02,3.957296e-03,1.221615e-03,7.952136e-04,1.014423e-02,5.923897e-03,4.568470e-02,7.755187e-01,7.886568e-03,5.429090e-04,2.743862e-03
2.665527e-02,6.974478e-03,2.120470e-03,4.018894e-02,9.860445e-02,2.974557e-03,8.710169e-04,6.544832e-04,9.824076e-03,7.689710e-03,7.060605e-02,7.238252e-01,6.395206e-03,6.013185e-04,2.014769e-03
1.954206e-02,5.284718e-03,1.614103e-03,2.829903e-02,1.380060e-01,1.577020e-02,7.874900e-04,1.662612e-03,9.828129e-03,8.316407e-03,5.210184e-02,7.108461e-01,6.006995e-03,4.524908e-04,1.481797e-03
1.476709e-02,3.854345e-03,1.177429e-03,1.990251e-02,1.372190e-01,3.079664e-02,8.513358e-04,2.530137e-03,8.310917e-03,7.633801e-03,3.877556e-02,7.270116e-01,5.713482e-03,3.677775e-04,1.088389e-03
1.187824e-02,2.948040e-03,9.600078e-04,1.409763e-02,1.704589e-01,3.265380e-02,1.309869e-03,2.591887e-03,1.260135e-02,6.322826e-03,3.861129e-02,6.997623e-01,4.545616e-03,3.392221e-04,9.190062e-04
1.275793e-02,2.295417e-03,9.844347e-04,1.010245e-02,1.808871e-01,5.601160e-02,2.378474e-03,4.716612e-03,1.292484e-02,5.321246e-03,3.808344e-02,6.674716e-01,4.816275e-03,5.097834e-04,7.387678e-04
1.380533e-02,1.786765e-03,1.240120e-03,7.221516e-03,1.821175e-01,1.057336e-01,3.883973e-03,6.317148e-03,1.496363e-02,4.793704e-03,3.648516e-02,6.141313e-01,5.616484e-03,1.304174e-03,5.996196e-04
1.430668e-02,1.534824e-03,1.857645e-03,5.127034e-03,1.382418e-01,8.453906e-02,3.158772e-03,5.591090e-03,1.288759e-02,4.855201e-03,3.569701e-02,6.789445e-01,9.389792e-03,3.354946e-03,5.140196e-04
1.226426e-02,1.207224e-03,2.097945e-03,3.695762e-03,1.533806e-01,7.015572e-02,3.502956e-03,6.130048e-03,1.224336e-02,4.159081e-03,3.508327e-02,6.816812e-01,1.077352e-02,3.162884e-03,4.621998e-04
1.339048e-02,1.081391e-03,2.702689e-03,2.950988e-03,1.439227e-01,5.461623e-02,3.533303e-03,1.300548e-02,1.456762e-02,3.989720e-03,3.355537e-02,6.885536e-01,2.057403e-02,3.114441e-03,4.419641e-04
1.348755e-02,1.042338e-03,2.956872e-03,2.307822e-03,1.713099e-01,6.240085e-02,5.965795e-03,2.513952e-02,1.649028e-02,3.443665e-03,3.292101e-02,6.392829e-01,2.013112e-02,2.708204e-03,4.120946e-04
1.921544e-02,9.873585e-04,2.381534e-03,1.991259e-03,1.528827e-01,5.078265e-02,4.900227e-03,2.690176e-02,1.457921e-02,2.704237e-03,4.239361e-02,6.503859e-01,2.679033e-02,2.605106e-03,4.987447e-04
3.330857e-02,9.751170e-04,2.204163e-03,1.763461e-03,1.510766e-01,4.756744e-02,8.482194e-03,7.952771e-02,2.605584e-02,2.371914e-03,6.058776e-02,5.458330e-01,3.747035e-02,2.141480e-03,6.343648e-04
3.697824e-02,7.946065e-04,2.266979e-03,1.510532e-03,1.210937e-01,3.848231e-02,7.101557e-03,2.598697e-01,1.941221e-02,1.851082e-03,5.930171e-02,4.129549e-01,3.608349e-02,1.692627e-03,6.064291e-04
1.254229e-01,1.761291e-03,2.283451e-03,6.501736e-03,1.485546e-01,5.282392e-02,7.766088e-03,2.015158e-01,1.637503e-02,1.475858e-03,1.029962e-01,3.003867e-01,2.958676e-02,1.358397e-03,1.191111e-03
2.387782e-01,2.613475e-03,2.122779e-03,1.437622e-02,1.482898e-01,5.491729e-02,8.282173e-03,1.557269e-01,1.440738e-02,1.273836e-03,1.099185e-01,2.182152e-01,2.805832e-02,1.100831e-03,1.919036e-03
2.905143e-01,4.883621e-03,4.438469e-03,7.243662e-02,1.118361e-01,5.743060e-02,6.614328e-03,1.353905e-01,2.051140e-02,1.749834e-03,7.877624e-02,1.642163e-01,4.103859e-02,9.907820e-04,9.172181e-03
2.711142e-01,8.572843e-03,4.840629e-03,7.191320e-02,9.468441e-02,6.260104e-02,1.165209e-02,1.008287e-01,5.561318e-02,1.643323e-03,5.774546e-02,1.197136e-01,1.250422e-01,8.121613e-04,1.322289e-02
2.717964e-01,1.275715e-02,4.716388e-03,7.245335e-02,1.261122e-01,6.518015e-02,1.585312e-02,7.213417e-02,8.144819e-02,1.635021e-03,4.315368e-02,9.912014e-02,1.045484e-01,8.799888e-04,2.821157e-02
2.110920e-01,2.230056e-02,7.889023e-03,1.744041e-01,9.934313e-02,7.926466e-02,1.173887e-02,5.081940e-02,1.103613e-01,2.876190e-03,3.257969e-02,8.309714e-02,7.804286e-02,7.163962e-04,3.547467e-02
1.625099e-01,2.017873e-02,1.141184e-02,2.387587e-01,1.046207e-01,6.549747e-02,9.902040e-03,3.665908e-02,1.110260e-01,3.907567e-03,4.156727e-02,7.043499e-02,8.679795e-02,6.388864e-04,3.608879e-02
1.215748e-01,1.774750e-02,1.110060e-02,2.262111e-01,9.036099e-02,5.239730e-02,8.460356e-03,2.621830e-02,9.286932e-02,8.403272e-03,8.224297e-02,5.381373e-02,1.615931e-01,7.674430e-04,4.623925e-02
8.530670e-02,1.264434e-02,8.029553e-03,1.599475e-01,6.585106e-02,3.986252e-02,6.150006e-03,1.866499e-02,6.898019e-02,6.617323e-03,8.930155e-02,4.257094e-02,3.491293e-01,7.550539e-04,4.618892e-02
7.229943e-02,1.336783e-02,6.390302e-03,1.359920e-01,5.651155e-02,3.281651e-02,4.722590e-03,1.505517e-02,1.232560e-01,6.466524e-03,9.775271e-02,4.176296e-02,3.554347e-01,2.876981e-03,3.529482e-02
5.247370e-02,1.025249e-02,6.048014e-03,1.072807e-01,4.125500e-02,2.817779e-02,3.515820e-03,1.064872e-02,9.733291e-02,1.821755e-02,1.248641e-01,1.575313e-01,3.096038e-01,5.934047e-03,2.686412e-02
3.863403e-02,7.740876e-03,5.055910e-03,7.888909e-02,2.981843e-02,2.310732e-02,2.641240e-03,7.593167e-03,7.895081e-02,2.030487e-02,1.501408e-01,2.017000e-01,3.259715e-01,7.029340e-03,2.242256e-02
3.176567e-02,7.079009e-03,4.107982e-03,5.714257e-02,2.445889e-02,1.909984e-02,2.160729e-03,6.414158e-03,1.051925e-01,2.323776e-02,1.869618e-01,1.993650e-01,3.062050e-01,7.713383e-03,1.909570e-02
3.279889e-02,1.021376e-02,7.494581e-03,4.173367e-02,2.057705e-02,2.438797e-02,2.862090e-03,2.049560e-02,1.777060e-01,2.192185e-02,1.687108e-01,1.787311e-01,2.688446e-01,6.821771e-03,1.670023e-02
8.571819e-02,1.244727e-02,8.073570e-03,4.357116e-02,1.850259e-02,2.745775e-02,3.035088e-03,1.642762e-02,1.840217e-01,3.161109e-02,1.353804e-01,1.981463e-01,2.116025e-01,8.818939e-03,1.518590e-02
7.361148e-02,1.257136e-02,9.723304e-03,3.186532e-02,5.618260e-02,2.060678e-02,3.170404e-03,1.626505e-02,2.836336e-01,2.453878e-02,1.068215e-01,1.585035e-01,1.825835e-01,6.983308e-03,1.293952e-02
9.517565e-02,1.317316e-02,1.028705e-02,2.600774e-02,5.497912e-02,1.712343e-02,2.952825e-03,2.051187e-02,3.046287e-01,2.865596e-02,9.326331e-02,1.497236e-01,1.662765e-01,6.481173e-03,1.075981e-02
8.409671e-02,1.080905e-02,4.256013e-02,2.939256e-02,7.921031e-02,1.448946e-02,2.869640e-03,5.447588e-02,2.958620e-01,2.701772e-02,8.765715e-02,1.198364e-01,1.375609e-01,5.871083e-03,8.291032e-03
6.667520e-02,8.821512e-03,3.946803e-02,2.625971e-02,1.143074e-01,1.138361e-02,2.567752e-03,5.907938e-02,2.708441e-01,3.519546e-02,1.042088e-01,1.188468e-01,1.305726e-01,5.086112e-03,6.683476e-03
5.843993e-02,6.509849e-03,3.006979e-02,2.002798e-02,1.706173e-01,8.471032e-03,2.473867e-03,5.257000e-02,2.474440e-01,3.587971e-02,1.225829e-01,1.205548e-01,1.148377e-01,4.477744e-03,5.043359e-03
4.977178e-02,4.919376e-03,2.741489e-02,1.669270e-02,2.642724e-01,6.579234e-03,1.991843e-03,6.975690e-02,1.978035e-01,3.653744e-02,1.103663e-01,1.090106e-01,9.681680e-02,4.107149e-03,3.959058e-03
3.937548e-02,3.681784e-03,2.275742e-02,1.309705e-02,3.507231e-01,5.554027e-03,2.324238e-03,7.806585e-02,1.551450e-01,3.379785e-02,1.135057e-01,8.815623e-02,8.611065e-02,4.438169e-03,3.267304e-03
3.304150e-02,3.078975e-03,1.773589e-02,1.155930e-02,3.702846e-01,4.844230e-03,2.083077e-03,1.124212e-01,1.322391e-01,3.362083e-02,9.462905e-02,9.173372e-02,8.562997e-02,3.849660e-03,3.248774e-03
3.609054e-02,3.711150e-03,1.989123e-02,1.854317e-02,3.019230e-01,6.737288e-03,1.750416e-03,1.685661e-01,1.496425e-01,2.543116e-02,7.646176e-02,1.060176e-01,7.873025e-02,3.742352e-03,2.761379e-03
4.477851e-02,3.571854e-03,3.486165e-02,1.925035e-02,2.889999e-01,1.096312e-02,1.769582e-03,1.534681e-01,1.600630e-01,1.892458e-02,8.262631e-02,1.039101e-01,7.090706e-02,3.293906e-03,2.611979e-03
3.910062e-02,3.127059e-03,2.870349e-02,1.466008e-02,3.308676e-01,9.179561e-02,2.274365e-03,1.155163e-01,1.312537e-01,1.350973e-02,6.478443e-02,1.004962e-01,5.886611e-02,2.626555e-03,2.418019e-03
3.303870e-02,2.460272e-03,2.985548e-02,1.198509e-02,3.197848e-01,7.179423e-02,3.926786e-03,2.237794e-01,1.096880e-01,9.857705e-03,4.971232e-02,8.303881e-02,4.619850e-02,2.758302e-03,2.121655e-03
4.050703e-02,2.180228e-03,4.016218e-02,1.164482e-02,2.459522e-01,5.903035e-02,4.189831e-03,3.540456e-01,9.301982e-02,7.492857e-03,3.685462e-02,6.490147e-02,3.575639e-02,2.173142e-03,2.089426e-03
4.167122e-02,2.684878e-03,4.351031e-02,1.023467e-02,1.954099e-01,5.858523e-02,6.553169e-03,4.311343e-01,7.785068e-02,5.560250e-03,2.670836e-02,6.815588e-02,2.740780e-02,2.554381e-03,1.979011e-03
3.279709e-02,2.162472e-03,3.669081e-02,7.558540e-03,1.426994e-01,4.830951e-02,5.814354e-03,5.694373e-01,5.565273e-02,3.962887e-03,1.911882e-02,5.288457e-02,1.941107e-02,2.025953e-03,1.474426e-03
3.098237e-02,2.205655e-03,2.933072e-02,5.634300e-03,1.027740e-01,4.155143e-02,6.228620e-03,6.398938e-01,4.286125e-02,2.989931e-03,1.608100e-02,6.035426e-02,1.507532e-02,2.695331e-03,1.341968e-03
3.340924e-02,2.495064e-03,2.437064e-02,4.450950e-03,7.548878e-02,3.366809e-02,8.246006e-03,6.891124e-01,3.531583e-02,2.371377e-03,1.324377e-02,6.174630e-02,1.197660e-02,2.860181e-03,1.244843e-03
5.172592e-02,2.693825e-03,2.037485e-02,4.548432e-03,7.134362e-02,2.820422e-02,1.149438e-02,6.859314e-01,3.868949e-02,4.729865e-03,1.090717e-02,5.399609e-02,1.075582e-02,3.189364e-03,1.415624e-03
4.333004e-02,2.065748e-03,1.501221e-02,3.407370e-03,5.423053e-02,2.015180e-02,8.727630e-03,7.620221e-01,2.949642e-02,3.599839e-03,7.792779e-03,3.861237e-02,7.787150e-03,2.667052e-03,1.096995e-03
4.261592e-02,1.631126e-03,1.111240e-02,2.573623e-03,4.495394e-02,1.467682e-02,6.997505e-03,8.062335e-01,2.384636e-02,2.675061e-03,5.670974e-03,2.800658e-02,5.753334e-03,2.382829e-03,8.700721e-04
5.864036e-02,1.558988e-03,9.305036e-03,2.751003e-03,3.512730e-02,1.307803e-02,6.536350e-03,8.201516e-01,1.814348e-02,2.148611e-03,4.140985e-03,2.051619e-02,4.544267e-03,2.270028e-03,1.087759e-03
6.190895e-02,1.321967e-03,8.133376e-03,2.683450e-03,3.232487e-02,1.004477e-02,6.348441e-03,8.387197e-01,1.369692e-02,1.544727e-03,2.955139e-03,1.450215e-02,3.302545e-03,1.653205e-03,8.596961e-04
7.234936e-02,1.317021e-03,7.807954e-03,2.548845e-03,2.612712e-02,7.965362e-03,5.647602e-03,8.466148e-01,1.155926e-02,1.155644e-03,2.153367e-03,1.033784e-02,2.396438e-03,1.288965e-03,7.302802e-04
9.242594e-02,1.188023e-03,7.628298e-03,2.508669e-03,2.036553e-02,6.250374e-03,5.819952e-03,8.416109e-01,8.855411e-03,9.020598e-04,1.609658e-03,7.413760e-03,1.787878e-03,9.738794e-04,6.595706e-04
1.078862e-01,1.131233e-03,8.151659e-03,3.675369e-03,1.640051e-02,5.707663e-03,7.108623e-03,8.320873e-01,6.737732e-03,8.281879e-04,1.345352e-03,5.843478e-03,1.614324e-03,7.652614e-04,7.170998e-04
1.253847e-01,1.238839e-03,1.203794e-02,4.720661e-03,1.469763e-02,5.058166e-03,8.008108e-03,8.121741e-01,5.426520e-03,1.084714e-03,1.365349e-03,5.371042e-03,1.682981e-03,6.499444e-04,1.099260e-03
1.280861e-01,1.212028e-03,1.199306e-02,4.629276e-03,1.447427e-02,4.250378e-03,7.773911e-03,8.133481e-01,4.448483e-03,9.593329e-04,1.187597e-03,4.451940e-03,1.566876e-03,5.178602e-04,1.100790e-03
1.513898e-01,1.263374e-03,1.083961e-02,4.005838e-03,1.282162e-02,4.908304e-03,8.224929e-03,7.920626e-01,3.605656e-03,1.068092e-03,1.257599e-03,4.480607e-03,1.839599e-03,4.864578e-04,1.745906e-03
1.898379e-01,1.172868e-03,1.201878e-02,3.560475e-03,1.390119e-02,5.553427e-03,1.309210e-02,7.468020e-01,3.039773e-03,1.163659e-03,1.356198e-03,4.229942e-03,1.808344e-03,4.956858e-04,1.967714e-03
2.200305e-01,1.242176e-03,1.247904e-02,3.547321e-03,1.752035e-02,7.289517e-03,1.578904e-02,7.078130e-01,2.581683e-03,1.269602e-03,1.435849e-03,4.229211e-03,2.037209e-03,5.582851e-04,2.177191e-03
3.199679e-01,1.654748e-03,1.305292e-02,4.264016e-03,1.902112e-02,9.471768e-03,1.399954e-02,6.000165e-01,2.423172e-03,1.835664e-03,1.917123e-03,5.485078e-03,2.639187e-03,9.005115e-04,3.350786e-03
4.171765e-01,2.183387e-03,1.350951e-02,4.736433e-03,1.820406e-02,1.066712e-02,1.290726e-02,4.967714e-01,2.425271e-03,2.271181e-03,2.578296e-03,7.362860e-03,3.250626e-03,1.412017e-03,4.544047e-03
4.918374e-01,2.659426e-03,1.395421e-02,5.511255e-03,1.780522e-02,1.376783e-02,1.190742e-02,4.108195e-01,2.468111e-03,2.668794e-03,3.162813e-03,9.822626e-03,4.416501e-03,2.181222e-03,7.017587e-03
1.000000e+00,0.000000e+00,0.000000e+00,0.000000e+00,0.000000e+00,0.000000e+00,0.000000e+00,0.000000e+00,0.000000e+00,0.000000e+00,0.000000e+00,0.000000e+00,0.000000e+00,0.000000e+00,0.000000e+00
1.000000e+00,0.000000e+00,0.000000e+00,0.000000e+00,0.000000e+00,0.000000e+00,0.000000e+00,0.000000e+00,0.000000e+00,0.000000e+00,0.000000e+00,0.000000e+00,0.000000e+00,0.000000e+00,0.000000e+00
1.000000e+00,0.000000e+00,0.000000e+00,0.000000e+00,0.000000e+00,0.000000e+00,0.000000e+00,0.000000e+00,0.000000e+00,0.000000e+00,0.000000e+00,0.000000e+00,0.000000e+00,0.000000e+00,0.000000e+00
1.000000e+00,0.000000e+00,0.000000e+00,0.000000e+00,0.000000e+00,0.000000e+00,0.000000e+00,0.000000e+00,0.000000e+00,0.000000e+00,0.000000e+00,0.000000e+00,0.000000e+00,0.000000e+00,0.000000e+00
1.000000e+00,0.000000e+00,0.000000e+00,0.000000e+00,0.000000e+00,0.000000e+00,0.000000e+00,0.000000e+00,0.000000e+00,0.000000e+00,0.000000e+00,0.000000e+00,0.000000e+00,0.000000e+00,0.000000e+00
4.514184e-01,4.710983e-03,4.720441e-03,6.797662e-03,4.537333e-03,4.207992e-02,6.302922e-03,6.635567e-02,9.620029e-03,4.565781e-03,4.664824e-03,5.046702e-03,2.390116e-01,1.719649e-03,1.484481e-01
3.863862e-01,4.277905e-03,3.644287e-03,5.006672e-03,3.393757e-03,3.179757e-02,6.225030e-03,4.838355e-02,9.622715e-03,4.126382e-03,3.977010e-03,3.843845e-03,2.721932e-01,1.930080e-03,2.151918e-01
2.791803e-01,4.196133e-03,2.869978e-03,3.737220e-03,2.927905e-03,2.375159e-02,5.588240e-03,3.424776e-02,1.281809e-02,4.354498e-03,3.471821e-03,3.100325e-03,2.709619e-01,2.102753e-03,3.466915e-01
1.984115e-01,5.471364e-03,2.474639e-03,3.174345e-03,3.093559e-03,1.820394e-02,4.677210e-03,2.417441e-02,1.735477e-02,6.400304e-03,3.179244e-03,2.547016e-03,2.693813e-01,2.003086e-03,4.394533e-01
1.411984e-01,1.495860e-02,2.633295e-03,6.682588e-03,2.988779e-03,1.417626e-02,3.542239e-03,1.711459e-02,6.063232e-02,1.018970e-02,5.144569e-03,2.471720e-03,2.225928e-01,2.472946e-03,4.932012e-01
9.947623e-02,1.211794e-02,2.331221e-03,2.189871e-02,2.311840e-03,2.693839e-02,2.536325e-03,1.208684e-02,9.873581e-02,8.160392e-03,4.329531e-02,4.622418e-03,2.021560e-01,3.304710e-03,4.600279e-01
6.984027e-02,8.951231e-03,2.035624e-03,3.319927e-02,1.916031e-03,2.847376e-02,1.914175e-03,8.568425e-03,1.158460e-01,6.253893e-03,8.604079e-02,1.327768e-02,2.289367e-01,2.954386e-03,3.917918e-01
4.894337e-02,6.479754e-03,1.518396e-03,3.038611e-02,2.372085e-03,2.184285e-02,1.734462e-03,6.158691e-03,2.082388e-01,4.852669e-03,1.368501e-01,2.248089e-02,1.854751e-01,4.752547e-03,3.179142e-01
3.430510e-02,4.663078e-03,1.090166e-03,2.527340e-02,2.493883e-03,1.613269e-02,1.399414e-03,4.349529e-03,1.608383e-01,4.862169e-03,3.444576e-01,1.809737e-02,1.343611e-01,1.209495e-02,2.355813e-01
2.447554e-02,4.173571e-03,8.303494e-04,2.377719e-02,1.136608e-02,1.347354e-02,1.908915e-03,4.734834e-03,1.690549e-01,1.040295e-02,3.349957e-01,2.310523e-02,1.027691e-01,7.410760e-02,2.008246e-01
1.719749e-02,3.131174e-03,1.095789e-03,1.804669e-02,1.321987e-02,1.003186e-02,1.429548e-03,4.945579e-03,1.306173e-01,8.159704e-03,3.750394e-01,1.936829e-02,7.326256e-02,1.828780e-01,1.415767e-01
1.211306e-02,2.310616e-03,1.202378e-03,1.534362e-02,1.422513e-02,7.726636e-03,1.081962e-03,5.857513e-03,9.731922e-02,5.976205e-03,4.551067e-01,1.602802e-02,5.186319e-02,2.143463e-01,9.949946e-02
8.517274e-03,1.673553e-03,9.887652e-04,1.209453e-02,1.289217e-02,5.761713e-03,7.977527e-04,4.366298e-03,7.970172e-02,4.755275e-03,5.722607e-01,1.201281e-02,3.685200e-02,1.765503e-01,7.077514e-02
6.040420e-03,1.810095e-03,9.312783e-04,8.581987e-03,1.673722e-02,4.876319e-03,5.889601e-04,3.136304e-03,6.089738e-02,4.012784e-03,5.479625e-01,8.936992e-03,2.591397e-02,2.597262e-01,4.984750e-02
4.540858e-03,1.637977e-03,1.575417e-03,6.273913e-03,1.515607e-02,5.151623e-03,5.154113e-04,3.044403e-03,4.634738e-02,3.599129e-03,5.601780e-01,6.849064e-03,1.833784e-02,2.909982e-01,3.579462e-02
3.402999e-03,1.297512e-03,1.191290e-03,4.427699e-03,1.165924e-02,4.718629e-03,3.651309e-04,2.189928e-03,3.436302e-02,3.085365e-03,5.930609e-01,5.746232e-03,1.293051e-02,2.964208e-01,2.514065e-02
3.009080e-03,1.384200e-03,1.557168e-03,3.205654e-03,1.490531e-02,5.685906e-03,3.054985e-04,1.691552e-03,3.543438e-02,3.752696e-03,5.697883e-01,6.575064e-03,9.359196e-03,3.252808e-01,1.806519e-02
2.668676e-03,1.064861e-03,1.987385e-03,2.380655e-03,1.283603e-02,8.668145e-03,2.404382e-04,1.355123e-03,3.637642e-02,3.337076e-03,5.383110e-01,6.692932e-03,6.881437e-03,3.644199e-01,1.277988e-02
2.257209e-03,1.427684e-03,2.637642e-03,1.918438e-03,1.683792e-02,7.919136e-03,1.816120e-04,1.052331e-03,1.581422e-01,3.255707e-03,4.343385e-01,6.721476e-03,5.012150e-03,3.483685e-01,9.929560e-03
2.221315e-03,1.181120e-03,2.307605e-03,1.506377e-03,1.201592e-02,6.706792e-03,1.352335e-04,7.568353e-04,3.680697e-01,3.079444e-03,3.133053e-01,5.135567e-03,3.595272e-03,2.720087e-01,7.974856e-03
2.535102e-03,1.706454e-03,3.888746e-03,2.689228e-03,9.887763e-03,1.150649e-02,1.622025e-04,1.104783e-03,5.182332e-01,6.352021e-03,2.256910e-01,3.667610e-03,3.197344e-03,1.986231e-01,1.075504e-02
4.900283e-03,2.709755e-03,9.026914e-03,5.667980e-03,1.062716e-02,1.709812e-02,2.848016e-04,3.368669e-03,6.051059e-01,1.328374e-02,1.626848e-01,2.680444e-03,3.319643e-03,1.435925e-01,1.564933e-02
1.682987e-02,7.363073e-03,2.058795e-02,1.479595e-02,1.834273e-02,5.965063e-02,3.716462e-04,3.117616e-03,5.794226e-01,1.716192e-02,1.180975e-01,1.948732e-03,3.639615e-03,1.096243e-01,2.904582e-02
2.742993e-02,1.081524e-02,3.071364e-02,1.710344e-02,2.244135e-02,8.897319e-02,6.277603e-04,2.708039e-03,5.698966e-01,1.718025e-02,8.716362e-02,1.399528e-03,3.455974e-03,8.307619e-02,3.701520e-02
4.468867e-02,1.261597e-02,3.245272e-02,1.724187e-02,2.920147e-02,1.194377e-01,9.509496e-04,3.372026e-03,5.156285e-01,1.943139e-02,6.719526e-02,1.014584e-03,3.998599e-03,6.955484e-02,6.321540e-02
7.085897e-02,1.168847e-02,3.765830e-02,2.229711e-02,4.252163e-02,1.017635e-01,9.449389e-04,6.458574e-03,5.057200e-01,1.598091e-02,5.701752e-02,1.020763e-03,5.005207e-03,6.371339e-02,5.735075e-02
8.414988e-02,1.313593e-02,4.063702e-02,3.867519e-02,7.189159e-02,7.839797e-02,1.219994e-03,9.707112e-03,4.819162e-01,1.238841e-02,5.839618e-02,1.093731e-03,4.600299e-03,5.781259e-02,4.597791e-02
1.043457e-01,1.100483e-02,4.272800e-02,3.229424e-02,6.529615e-02,6.403794e-02,1.261748e-03,8.264323e-03,4.930371e-01,9.612140e-03,6.733152e-02,1.807526e-03,4.246931e-03,5.793725e-02,3.679465e-02
8.962407e-02,8.933586e-03,4.077169e-02,2.550808e-02,5.079448e-02,4.884580e-02,9.536995e-04,7.024900e-03,5.384563e-01,7.291236e-03,8.534209e-02,1.702176e-03,3.332974e-03,6.457950e-02,2.683942e-02
8.710589e-02,7.386359e-03,3.192278e-02,1.999006e-02,3.900829e-02,4.194175e-02,8.516104e-04,5.619868e-03,5.868567e-01,5.812396e-03,7.731313e-02,1.085589e-02,3.171884e-03,6.227633e-02,1.988705e-02
1.442976e-01,1.939454e-02,4.897712e-02,3.833099e-02,4.538742e-02,4.846664e-02,1.707758e-03,8.119306e-03,4.731488e-01,5.014583e-03,7.170983e-02,1.358829e-02,4.121146e-03,5.642393e-02,2.131210e-02
1.992088e-01,1.886604e-02,5.671225e-02,3.590326e-02,4.560704e-02,3.956582e-02,2.090485e-03,1.108023e-02,4.046234e-01,5.338125e-03,5.968006e-02,1.289037e-02,4.357919e-03,7.161930e-02,3.245693e-02
2.375383e-01,1.612701e-02,4.837769e-02,2.745737e-02,3.668921e-02,5.120202e-02,2.332511e-03,9.109059e-03,3.523576e-01,5.250365e-03,6.425779e-02,1.077298e-02,4.700262e-03,1.065495e-01,2.727832e-02
1.690874e-01,1.139322e-02,3.394841e-02,1.926127e-02,2.622750e-02,3.294549e-01,1.728580e-03,6.714227e-03,2.470693e-01,3.950765e-03,4.525190e-02,7.595881e-03,3.328372e-03,7.542556e-02,1.956270e-02
