1.000000e+00,0.000000e+00,0.000000e+00,0.000000e+00,0.000000e+00,0.000000e+00,0.000000e+00,0.000000e+00,0.000000e+00,0.000000e+00,0.000000e+00,0.000000e+00,0.000000e+00,0.000000e+00,0.000000e+00
1.000000e+00,0.000000e+00,0.000000e+00,0.000000e+00,0.000000e+00,0.000000e+00,0.000000e+00,0.000000e+00,0.000000e+00,0.000000e+00,0.000000e+00,0.000000e+00,0.000000e+00,0.000000e+00,0.000000e+00
1.000000e+00,0.000000e+00,0.000000e+00,0.000000e+00,0.000000e+00,0.000000e+00,0.000000e+00,0.000000e+00,0.000000e+00,0.000000e+00,0.000000e+00,0.000000e+00,0.000000e+00,0.000000e+00,0.000000e+00
1.000000e+00,0.000000e+00,0.000000e+00,0.000000e+00,0.000000e+00,0.000000e+00,0.000000e+00,0.000000e+00,0.000000e+00,0.000000e+00,0.000000e+00,0.000000e+00,0.000000e+00,0.000000e+00,0.000000e+00
1.000000e+00,0.000000e+00,0.000000e+00,0.000000e+00,0.000000e+00,0.000000e+00,0.000000e+00,0.000000e+00,0.000000e+00,0.000000e+00,0.000000e+00,0.000000e+00,0.000000e+00,0.000000e+00,0.000000e+00
1.000000e+00,0.000000e+00,0.000000e+00,0.000000e+00,0.000000e+00,0.000000e+00,0.000000e+00,0.000000e+00,0.000000e+00,0.000000e+00,0.000000e+00,0.000000e+00,0.000000e+00,0.000000e+00,0.000000e+00
1.000000e+00,0.000000e+00,0.000000e+00,0.000000e+00,0.000000e+00,0.000000e+00,0.000000e+00,0.000000e+00,0.000000e+00,0.000000e+00,0.000000e+00,0.000000e+00,0.000000e+00,0.000000e+00,0.000000e+00
1.000000e+00,0.000000e+00,0.000000e+00,0.000000e+00,0.000000e+00,0.000000e+00,0.000000e+00,0.000000e+00,0.000000e+00,0.000000e+00,0.000000e+00,0.000000e+00,0.000000e+00,0.000000e+00,0.000000e+00
1.000000e+00,0.000000e+00,0.000000e+00,0.000000e+00,0.000000e+00,0.000000e+00,0.000000e+00,0.000000e+00,0.000000e+00,0.000000e+00,0.000000e+00,0.000000e+00,0.000000e+00,0.000000e+00,0.000000e+00
1.000000e+00,0.000000e+00,0.000000e+00,0.000000e+00,0.000000e+00,0.000000e+00,0.000000e+00,0.000000e+00,0.000000e+00,0.000000e+00,0.000000e+00,0.000000e+00,0.000000e+00,0.000000e+00,0.000000e+00
1.000000e+00,0.000000e+00,0.000000e+00,0.000000e+00,0.000000e+00,0.000000e+00,0.000000e+00,0.000000e+00,0.000000e+00,0.000000e+00,0.000000e+00,0.000000e+00,0.000000e+00,0.000000e+00,0.000000e+00
1.000000e+00,0.000000e+00,0.000000e+00,0.000000e+00,0.000000e+00,0.000000e+00,0.000000e+00,0.000000e+00,0.000000e+00,0.000000e+00,0.000000e+00,0.000000e+00,0.000000e+00,0.000000e+00,0.000000e+00
1.000000e+00,0.000000e+00,0.000000e+00,0.000000e+00,0.000000e+00,0.000000e+00,0.000000e+00,0.000000e+00,0.000000e+00,0.000000e+00,0.000000e+00,0.000000e+00,0.000000e+00,0.000000e+00,0.000000e+00
1.000000e+00,0.000000e+00,0.000000e+00,0.000000e+00,0.000000e+00,0.000000e+00,0.000000e+00,0.000000e+00,0.000000e+00,0.000000e+00,0.000000e+00,0.000000e+00,0.000000e+00,0.000000e+00,0.000000e+00
1.000000e+00,0.000000e+00,0.000000e+00,0.000000e+00,0.000000e+00,0.000000e+00,0.000000e+00,0.000000e+00,0.000000e+00,0.000000e+00,0.000000e+00,0.000000e+00,0.000000e+00,0.000000e+00,0.000000e+00
1.000000e+00,0.000000e+00,0.000000e+00,0.000000e+00,0.000000e+00,0.000000e+00,0.000000e+00,0.000000e+00,0.000000e+00,0.000000e+00,0.000000e+00,0.000000e+00,0.000000e+00,0.000000e+00,0.000000e+00
1.000000e+00,0.000000e+00,0.000000e+00,0.000000e+00,0.000000e+00,0.000000e+00,0.000000e+00,0.000000e+00,0.000000e+00,0.000000e+00,0.000000e+00,0.000000e+00,0.000000e+00,0.000000e+00,0.000000e+00
1.000000e+00,0.000000e+00,0.000000e+00,0.000000e+00,0.000000e+00,0.000000e+00,0.000000e+00,0.000000e+00,0.000000e+00,0.000000e+00,0.000000e+00,0.000000e+00,0.000000e+00,0.000000e+00,0.000000e+00
1.000000e+00,0.000000e+00,0.000000e+00,0.000000e+00,0.000000e+00,0.000000e+00,0.000000e+00,0.000000e+00,0.000000e+00,0.000000e+00,0.000000e+00,0.000000e+00,0.000000e+00,0.000000e+00,0.000000e+00
1.000000e+00,0.000000e+00,0.000000e+00,0.000000e+00,0.000000e+00,0.000000e+00,0.000000e+00,0.000000e+00,0.000000e+00,0.000000e+00,0.000000e+00,0.000000e+00,0.000000e+00,0.000000e+00,0.000000e+00
1.000000e+00,0.000000e+00,0.000000e+00,0.000000e+00,0.000000e+00,0.000000e+00,0.000000e+00,0.000000e+00,0.000000e+00,0.000000e+00,0.000000e+00,0.000000e+00,0.000000e+00,0.000000e+00,0.000000e+00
1.000000e+00,0.000000e+00,0.000000e+00,0.000000e+00,0.000000e+00,0.000000e+00,0.000000e+00,0.000000e+00,0.000000e+00,0.000000e+00,0.000000e+00,0.000000e+00,0.000000e+00,0.000000e+00,0.000000e+00
1.000000e+00,0.000000e+00,0.000000e+00,0.000000e+00,0.000000e+00,0.000000e+00,0.000000e+00,0.000000e+00,0.000000e+00,0.000000e+00,0.000000e+00,0.000000e+00,0.000000e+00,0.000000e+00,0.000000e+00
1.000000e+00,0.000000e+00,0.000000e+00,0.000000e+00,0.000000e+00,0.000000e+00,0.000000e+00,0.000000e+00,0.000000e+00,0.000000e+00,0.000000e+00,0.000000e+00,0.000000e+00,0.000000e+00,0.000000e+00
1.000000e+00,0.000000e+00,0.000000e+00,0.000000e+00,0.000000e+00,0.000000e+00,0.000000e+00,0.000000e+00,0.000000e+00,0.000000e+00,0.000000e+00,0.000000e+00,0.000000e+00,0.000000e+00,0.000000e+00
1.000000e+00,0.000000e+00,0.000000e+00,0.000000e+00,0.000000e+00,0.000000e+00,0.000000e+00,0.000000e+00,0.000000e+00,0.000000e+00,0.000000e+00,0.000000e+00,0.000000e+00,0.000000e+00,0.000000e+00
1.000000e+00,0.000000e+00,0.000000e+00,0.000000e+00,0.000000e+00,0.000000e+00,0.000000e+00,0.000000e+00,0.000000e+00,0.000000e+00,0.000000e+00,0.000000e+00,0.000000e+00,0.000000e+00,0.000000e+00
1.000000e+00,0.000000e+00,0.000000e+00,0.000000e+00,0.000000e+00,0.000000e+00,0.000000e+00,0.000000e+00,0.000000e+00,0.000000e+00,0.000000e+00,0.000000e+00,0.000000e+00,0.000000e+00,0.000000e+00
1.000000e+00,0.000000e+00,0.000000e+00,0.000000e+00,0.000000e+00,0.000000e+00,0.000000e+00,0.000000e+00,0.000000e+00,0.000000e+00,0.000000e+00,0.000000e+00,0.000000e+00,0.000000e+00,0.000000e+00
1.000000e+00,0.000000e+00,0.000000e+00,0.000000e+00,0.000000e+00,0.000000e+00,0.000000e+00,0.000000e+00,0.000000e+00,0.000000e+00,0.000000e+00,0.000000e+00,0.000000e+00,0.000000e+00,0.000000e+00
1.000000e+00,0.000000e+00,0.000000e+00,0.000000e+00,0.000000e+00,0.000000e+00,0.000000e+00,0.000000e+00,0.000000e+00,0.000000e+00,0.000000e+00,0.000000e+00,0.000000e+00,0.000000e+00,0.000000e+00
1.000000e+00,0.000000e+00,0.000000e+00,0.000000e+00,0.000000e+00,0.000000e+00,0.000000e+00,0.000000e+00,0.000000e+00,0.000000e+00,0.000000e+00,0.000000e+00,0.000000e+00,0.000000e+00,0.000000e+00
1.000000e+00,0.000000e+00,0.000000e+00,0.000000e+00,0.000000e+00,0.000000e+00,0.000000e+00,0.000000e+00,0.000000e+00,0.000000e+00,0.000000e+00,0.000000e+00,0.000000e+00,0.000000e+00,0.000000e+00
1.000000e+00,0.000000e+00,0.000000e+00,0.000000e+00,0.000000e+00,0.000000e+00,0.000000e+00,0.000000e+00,0.000000e+00,0.000000e+00,0.000000e+00,0.000000e+00,0.000000e+00,0.000000e+00,0.000000e+00
1.000000e+00,0.000000e+00,0.000000e+00,0.000000e+00,0.000000e+00,0.000000e+00,0.000000e+00,0.000000e+00,0.000000e+00,0.000000e+00,0.000000e+00,0.000000e+00,0.000000e+00,0.000000e+00,0.000000e+00
1.000000e+00,0.000000e+00,0.000000e+00,0.000000e+00,0.000000e+00,0.000000e+00,0.000000e+00,0.000000e+00,0.000000e+00,0.000000e+00,0.000000e+00,0.000000e+00,0.000000e+00,0.000000e+00,0.000000e+00
1.000000e+00,0.000000e+00,0.000000e+00,0.000000e+00,0.000000e+00,0.000000e+00,0.000000e+00,0.000000e+00,0.000000e+00,0.000000e+00,0.000000e+00,0.000000e+00,0.000000e+00,0.000000e+00,0.000000e+00
1.000000e+00,0.000000e+00,0.000000e+00,0.000000e+00,0.000000e+00,0.000000e+00,0.000000e+00,0.000000e+00,0.000000e+00,0.000000e+00,0.000000e+00,0.000000e+00,0.000000e+00,0.000000e+00,0.000000e+00
1.000000e+00,0.000000e+00,0.000000e+00,0.000000e+00,0.000000e+00,0.000000e+00,0.000000e+00,0.000000e+00,0.000000e+00,0.000000e+00,0.000000e+00,0.000000e+00,0.000000e+00,0.000000e+00,0.000000e+00
1.000000e+00,0.000000e+00,0.000000e+00,0.000000e+00,0.000000e+00,0.000000e+00,0.000000e+00,0.000000e+00,0.000000e+00,0.000000e+00,0.000000e+00,0.000000e+00,0.000000e+00,0.000000e+00,0.000000e+00
1.000000e+00,0.000000e+00,0.000000e+00,0.000000e+00,0.000000e+00,0.000000e+00,0.000000e+00,0.000000e+00,0.000000e+00,0.000000e+00,0.000000e+00,0.000000e+00,0.000000e+00,0.000000e+00,0.000000e+00
1.000000e+00,0.000000e+00,0.000000e+00,0.000000e+00,0.000000e+00,0.000000e+00,0.000000e+00,0.000000e+00,0.000000e+00,0.000000e+00,0.000000e+00,0.000000e+00,0.000000e+00,0.000000e+00,0.000000e+00
1.000000e+00,0.000000e+00,0.000000e+00,0.000000e+00,0.000000e+00,0.000000e+00,0.000000e+00,0.000000e+00,0.000000e+00,0.000000e+00,0.000000e+00,0.000000e+00,0.000000e+00,0.000000e+00,0.000000e+00
1.000000e+00,0.000000e+00,0.000000e+00,0.000000e+00,0.000000e+00,0.000000e+00,0.000000e+00,0.000000e+00,0.000000e+00,0.000000e+00,0.000000e+00,0.000000e+00,0.000000e+00,0.000000e+00,0.000000e+00
1.000000e+00,0.000000e+00,0.000000e+00,0.000000e+00,0.000000e+00,0.000000e+00,0.000000e+00,0.000000e+00,0.000000e+00,0.000000e+00,0.000000e+00,0.000000e+00,0.000000e+00,0.000000e+00,0.000000e+00
1.000000e+00,0.000000e+00,0.000000e+00,0.000000e+00,0.000000e+00,0.000000e+00,0.000000e+00,0.000000e+00,0.000000e+00,0.000000e+00,0.000000e+00,0.000000e+00,0.000000e+00,0.000000e+00,0.000000e+00
1.000000e+00,0.000000e+00,0.000000e+00,0.000000e+00,0.000000e+00,0.000000e+00,0.000000e+00,0.000000e+00,0.000000e+00,0.000000e+00,0.000000e+00,0.000000e+00,0.000000e+00,0.000000e+00,0.000000e+00
1.000000e+00,0.000000e+00,0.000000e+00,0.000000e+00,0.000000e+00,0.000000e+00,0.000000e+00,0.000000e+00,0.000000e+00,0.000000e+00,0.000000e+00,0.000000e+00,0.000000e+00,0.000000e+00,0.000000e+00
1.000000e+00,0.000000e+00,0.000000e+00,0.000000e+00,0.000000e+00,0.000000e+00,0.000000e+00,0.000000e+00,0.000000e+00,0.000000e+00,0.000000e+00,0.000000e+00,0.000000e+00,0.000000e+00,0.000000e+00
1.000000e+00,0.000000e+00,0.000000e+00,0.000000e+00,0.000000e+00,0.000000e+00,0.000000e+00,0.000000e+00,0.000000e+00,0.000000e+00,0.000000e+00,0.000000e+00,0.000000e+00,0.000000e+00,0.000000e+00
1.000000e+00,0.000000e+00,0.000000e+00,0.000000e+00,0.000000e+00,0.000000e+00,0.000000e+00,0.000000e+00,0.000000e+00,0.000000e+00,0.000000e+00,0.000000e+00,0.000000e+00,0.000000e+00,0.000000e+00
1.000000e+00,0.000000e+00,0.000000e+00,0.000000e+00,0.000000e+00,0.000000e+00,0.000000e+00,0.000000e+00,0.000000e+00,0.000000e+00,0.000000e+00,0.000000e+00,0.000000e+00,0.000000e+00,0.000000e+00
1.000000e+00,0.000000e+00,0.000000e+00,0.000000e+00,0.000000e+00,0.000000e+00,0.000000e+00,0.000000e+00,0.000000e+00,0.000000e+00,0.000000e+00,0.000000e+00,0.000000e+00,0.000000e+00,0.000000e+00
4.080151e-01,4.945482e-02,1.946437e-02,1.850660e-01,8.632419e-03,3.718881e-02,2.053371e-03,8.411236e-03,1.148192e-01,4.131383e-03,4.139719e-02,1.802312e-02,1.605548e-02,2.967009e-02,5.761738e-02
2.857981e-01,4.416352e-02,2.530375e-02,1.386606e-01,6.079528e-03,2.637359e-02,1.451071e-03,5.906005e-03,1.019953e-01,3.461255e-02,3.436117e-02,1.306428e-02,1.183181e-02,3.285398e-02,2.375447e-01
2.027706e-01,4.070756e-02,2.975402e-02,9.928380e-02,4.419710e-03,2.082172e-02,1.078475e-03,4.286203e-03,8.873956e-02,3.994724e-02,4.169632e-02,1.153088e-02,1.015468e-02,5.778396e-02,3.470253e-01
1.436349e-01,3.280382e-02,7.189097e-02,8.139052e-02,5.096478e-03,2.197196e-02,9.897231e-04,4.862493e-03,7.869983e-02,4.346414e-02,6.559447e-02,1.969509e-02,3.628693e-02,5.760589e-02,3.360128e-01
1.097451e-01,3.537682e-02,6.869741e-02,7.342019e-02,1.525535e-02,2.458559e-02,9.054034e-04,3.725362e-03,8.616062e-02,4.719232e-02,8.896384e-02,2.019235e-02,3.864049e-02,8.571575e-02,3.014234e-01
8.055362e-02,1.075868e-01,5.784068e-02,5.909612e-02,1.291926e-02,2.089644e-02,8.376151e-04,2.973025e-03,1.462916e-01,5.237307e-02,7.380255e-02,1.755869e-02,3.124039e-02,8.949406e-02,2.465361e-01
7.308239e-02,1.210044e-01,4.454926e-02,4.718363e-02,9.707416e-03,1.956844e-02,6.799508e-04,2.273391e-03,1.676969e-01,5.466984e-02,5.606753e-02,1.348911e-02,2.785317e-02,1.052593e-01,2.569154e-01
5.908541e-02,1.270831e-01,4.635608e-02,5.070606e-02,7.837596e-03,1.790004e-02,7.535581e-04,2.734061e-03,2.805905e-01,4.465887e-02,4.351248e-02,9.895988e-03,2.086277e-02,8.744800e-02,2.005755e-01
4.599921e-02,1.104514e-01,3.542219e-02,4.034706e-02,6.281810e-03,1.480576e-02,6.186109e-04,2.177105e-03,3.729020e-01,4.604167e-02,3.420350e-02,7.598744e-03,1.626058e-02,7.953306e-02,1.873574e-01
3.361771e-02,1.246061e-01,2.730585e-02,2.933261e-02,5.613617e-03,1.584539e-02,4.957773e-04,2.516778e-03,4.142416e-01,4.407785e-02,2.531274e-02,5.665808e-03,1.254994e-02,9.466697e-02,1.641513e-01
2.411985e-02,1.258813e-01,2.101349e-02,2.134090e-02,4.624737e-03,1.215163e-02,4.148719e-04,2.325686e-03,4.321975e-01,4.650234e-02,1.884096e-02,4.301702e-03,1.105997e-02,9.885190e-02,1.763732e-01
1.733956e-02,9.195709e-02,1.505759e-02,1.540791e-02,3.461777e-03,9.912292e-03,3.655390e-04,3.727943e-03,5.094056e-01,4.472447e-02,2.188469e-02,4.378805e-03,1.120475e-02,9.983839e-02,1.513336e-01
1.321098e-02,7.392630e-02,1.509123e-02,1.887266e-02,3.954635e-03,1.012240e-02,3.248008e-04,6.062841e-03,5.723390e-01,4.912253e-02,1.953794e-02,3.976617e-03,9.255914e-03,8.956734e-02,1.146348e-01
1.198465e-02,5.847071e-02,1.456037e-02,1.937316e-02,5.078169e-03,1.185012e-02,3.180703e-04,5.236963e-03,5.694436e-01,6.321226e-02,4.062073e-02,5.217421e-03,9.221609e-03,9.822085e-02,8.719122e-02
9.015237e-03,4.434738e-02,1.801100e-02,4.784164e-02,5.909963e-03,1.368433e-02,3.195151e-04,8.111823e-03,5.762074e-01,8.607653e-02,3.502674e-02,5.400220e-03,9.134034e-03,7.698785e-02,6.392628e-02
8.361815e-03,3.349779e-02,1.607104e-02,4.364662e-02,7.739990e-03,1.918182e-02,7.366805e-04,7.019191e-03,5.330787e-01,1.499262e-01,4.231068e-02,6.208626e-03,1.946917e-02,6.336560e-02,4.938592e-02
6.674489e-03,2.567316e-02,1.320784e-02,3.828226e-02,8.306434e-03,1.649575e-02,9.219616e-04,1.464821e-02,5.560443e-01,1.473221e-01,5.282345e-02,1.083028e-02,2.557745e-02,4.695156e-02,3.624076e-02
6.609738e-03,2.008528e-02,9.791444e-03,3.230315e-02,1.089936e-02,1.500574e-02,1.066430e-03,1.375669e-02,5.758795e-01,1.732032e-01,4.555406e-02,1.025250e-02,2.433125e-02,3.433542e-02,2.692622e-02
6.822887e-03,1.743136e-02,1.301672e-02,5.989098e-02,1.382016e-02,1.460318e-02,8.752419e-04,5.798627e-02,5.604867e-01,1.350434e-01,4.145228e-02,9.353020e-03,2.285877e-02,2.555536e-02,2.080357e-02
1.322525e-02,2.308585e-02,1.776144e-02,5.564708e-02,2.015700e-02,1.469468e-02,1.315415e-03,1.407385e-01,5.145530e-01,1.019213e-01,3.405071e-02,7.417000e-03,1.810925e-02,2.025534e-02,1.706806e-02
1.930033e-02,2.361199e-02,2.064134e-02,4.700166e-02,4.285400e-02,1.242915e-02,2.082687e-03,2.479912e-01,4.326328e-01,7.681563e-02,2.683519e-02,5.848674e-03,1.365679e-02,1.530384e-02,1.299473e-02
2.797681e-02,2.371817e-02,3.204938e-02,4.470693e-02,4.060276e-02,1.244161e-02,3.607794e-03,3.441234e-01,3.463289e-01,6.534178e-02,2.122572e-02,5.084373e-03,1.059851e-02,1.151567e-02,1.067820e-02
6.816718e-02,4.518625e-02,3.994229e-02,4.085715e-02,4.419863e-02,1.558266e-02,6.385343e-03,2.960850e-01,3.219620e-01,6.858099e-02,1.612128e-02,4.444534e-03,1.035809e-02,9.849319e-03,1.227934e-02
1.218953e-01,6.635846e-02,3.984432e-02,3.783458e-02,5.105690e-02,2.016010e-02,7.760311e-03,2.661264e-01,2.721663e-01,6.122075e-02,1.304679e-02,5.250764e-03,1.179954e-02,1.092018e-02,1.455944e-02
1.986166e-01,6.866360e-02,3.037862e-02,3.293243e-02,5.705932e-02,2.318942e-02,8.107915e-03,2.026090e-01,2.381595e-01,6.497408e-02,1.239445e-02,8.877456e-03,1.614617e-02,1.370405e-02,2.418740e-02
2.590671e-01,6.647519e-02,2.262191e-02,2.863139e-02,5.252423e-02,3.103559e-02,8.936466e-03,1.568289e-01,2.178446e-01,6.940717e-02,1.203553e-02,1.765272e-02,1.845059e-02,1.248415e-02,2.600440e-02
3.476394e-01,5.998037e-02,1.963455e-02,2.771156e-02,4.304939e-02,3.597773e-02,9.466458e-03,1.220011e-01,1.783098e-01,6.279311e-02,1.056761e-02,2.491798e-02,1.817014e-02,9.891815e-03,2.988912e-02
4.667645e-01,5.011575e-02,1.576620e-02,2.301162e-02,3.326765e-02,3.306384e-02,8.597882e-03,8.736780e-02,1.436748e-01,5.318824e-02,9.032969e-03,2.438237e-02,1.583510e-02,8.392495e-03,2.753877e-02
1.000000e+00,0.000000e+00,0.000000e+00,0.000000e+00,0.000000e+00,0.000000e+00,0.000000e+00,0.000000e+00,0.000000e+00,0.000000e+00,0.000000e+00,0.000000e+00,0.000000e+00,0.000000e+00,0.000000e+00
1.000000e+00,0.000000e+00,0.000000e+00,0.000000e+00,0.000000e+00,0.000000e+00,0.000000e+00,0.000000e+00,0.000000e+00,0.000000e+00,0.000000e+00,0.000000e+00,0.000000e+00,0.000000e+00,0.000000e+00
1.000000e+00,0.000000e+00,0.000000e+00,0.000000e+00,0.000000e+00,0.000000e+00,0.000000e+00,0.000000e+00,0.000000e+00,0.000000e+00,0.000000e+00,0.000000e+00,0.000000e+00,0.000000e+00,0.000000e+00
1.000000e+00,0.000000e+00,0.000000e+00,0.000000e+00,0.000000e+00,0.000000e+00,0.000000e+00,0.000000e+00,0.000000e+00,0.000000e+00,0.000000e+00,0.000000e+00,0.000000e+00,0.000000e+00,0.000000e+00
1.000000e+00,0.000000e+00,0.000000e+00,0.000000e+00,0.000000e+00,0.000000e+00,0.000000e+00,0.000000e+00,0.000000e+00,0.000000e+00,0.000000e+00,0.000000e+00,0.000000e+00,0.000000e+00,0.000000e+00
1.000000e+00,0.000000e+00,0.000000e+00,0.000000e+00,0.000000e+00,0.000000e+00,0.000000e+00,0.000000e+00,0.000000e+00,0.000000e+00,0.000000e+00,0.000000e+00,0.000000e+00,0.000000e+00,0.000000e+00
1.000000e+00,0.000000e+00,0.000000e+00,0.000000e+00,0.000000e+00,0.000000e+00,0.000000e+00,0.000000e+00,0.000000e+00,0.000000e+00,0.000000e+00,0.000000e+00,0.000000e+00,0.000000e+00,0.000000e+00
1.000000e+00,0.000000e+00,0.000000e+00,0.000000e+00,0.000000e+00,0.000000e+00,0.000000e+00,0.000000e+00,0.000000e+00,0.000000e+00,0.000000e+00,0.000000e+00,0.000000e+00,0.000000e+00,0.000000e+00
4.562663e-01,2.274762e-02,2.035776e-02,8.663672e-02,1.589670e-02,6.098341e-02,6.377717e-03,3.172008e-02,3.355381e-02,7.157216e-02,3.574381e-02,7.258814e-02,4.410307e-02,7.595910e-03,3.385685e-02
4.570498e-01,1.923258e-02,1.602967e-02,8.621448e-02,1.484285e-02,5.354565e-02,6.177674e-03,2.450128e-02,4.202263e-02,8.560009e-02,3.668512e-02,7.868029e-02,4.231803e-02,7.116840e-03,2.998304e-02
4.732348e-01,1.745181e-02,1.299440e-02,8.300359e-02,1.471033e-02,4.857903e-02,6.602833e-03,2.033787e-02,5.771969e-02,7.610333e-02,3.588675e-02,7.823653e-02,3.924468e-02,6.889566e-03,2.900478e-02
4.715236e-01,2.099017e-02,1.247938e-02,1.070964e-01,1.376203e-02,4.810174e-02,6.216992e-03,1.627705e-02,5.463132e-02,6.289487e-02,3.329758e-02,8.461821e-02,3.153875e-02,6.103714e-03,3.046812e-02
4.491049e-01,2.016123e-02,3.092132e-02,1.040988e-01,1.467587e-02,4.382081e-02,6.475057e-03,1.938117e-02,4.890550e-02,6.757835e-02,3.329225e-02,9.246056e-02,3.270982e-02,5.994997e-03,3.041931e-02
3.749765e-01,2.589937e-02,1.043967e-01,1.316079e-01,1.379986e-02,3.807805e-02,5.748809e-03,1.541865e-02,4.505404e-02,6.255365e-02,2.907793e-02,8.938284e-02,2.595233e-02,5.481946e-03,3.257143e-02
3.328230e-01,2.809708e-02,1.404151e-01,9.972478e-02,1.479942e-02,4.358842e-02,4.887089e-03,1.494303e-02,4.297934e-02,9.498346e-02,3.011385e-02,8.377188e-02,2.453991e-02,5.508587e-03,3.882498e-02
3.228266e-01,3.558248e-02,1.746294e-01,7.251510e-02,2.695959e-02,4.718650e-02,5.402423e-03,2.511737e-02,3.466237e-02,1.072067e-01,2.455311e-02,6.451871e-02,1.870540e-02,5.183200e-03,3.495095e-02
3.110745e-01,5.448946e-02,1.510893e-01,1.083094e-01,2.680578e-02,4.535998e-02,5.418669e-03,2.066458e-02,2.888016e-02,8.258782e-02,2.166631e-02,8.519825e-02,1.881315e-02,3.794803e-03,3.584775e-02
3.184367e-01,5.910355e-02,1.378889e-01,1.241895e-01,2.765367e-02,4.199245e-02,4.601051e-03,1.672930e-02,2.333946e-02,8.190477e-02,2.395556e-02,7.600587e-02,1.866798e-02,3.644182e-03,4.188703e-02
3.602352e-01,5.552521e-02,1.454546e-01,1.084333e-01,2.269394e-02,3.822137e-02,3.734413e-03,1.369531e-02,1.947416e-02,8.806117e-02,2.340578e-02,6.342649e-02,1.824898e-02,3.228695e-03,3.616140e-02
3.314294e-01,4.882222e-02,1.316275e-01,7.938576e-02,1.699559e-02,3.797949e-02,3.042444e-03,1.019166e-02,1.625919e-02,1.907724e-01,2.667114e-02,4.806960e-02,2.728942e-02,2.780204e-03,2.868403e-02
3.316084e-01,4.769815e-02,1.241641e-01,5.901949e-02,1.272143e-02,4.051986e-02,2.371350e-03,7.927176e-03,1.478214e-02,2.100616e-01,2.928190e-02,3.696534e-02,5.239876e-02,2.950841e-03,2.752944e-02
2.791494e-01,4.078408e-02,9.635758e-02,4.738031e-02,1.083579e-02,3.052599e-02,1.912907e-03,7.685182e-03,1.753483e-02,1.945546e-01,7.731931e-02,2.988708e-02,8.256775e-02,7.975796e-03,7.552935e-02
2.022400e-01,2.967056e-02,9.304282e-02,3.764226e-02,9.113633e-03,2.177698e-02,1.773887e-03,2.360782e-02,1.388180e-02,2.018813e-01,9.810226e-02,2.204761e-02,7.765337e-02,1.076776e-02,1.567979e-01
1.559907e-01,2.616344e-02,1.986811e-01,3.197591e-02,1.626882e-02,1.883528e-02,1.920229e-03,2.255190e-02,1.594326e-02,1.606142e-01,8.485611e-02,1.589475e-02,5.740057e-02,1.416000e-02,1.787437e-01
1.345296e-01,3.197891e-02,2.609703e-01,2.524306e-02,2.411007e-02,2.994784e-02,5.094504e-03,1.710539e-02,1.191455e-02,1.404099e-01,6.921531e-02,1.132955e-02,4.111539e-02,1.182817e-02,1.852075e-01
9.995335e-02,4.599256e-02,3.850295e-01,5.095065e-02,3.009098e-02,2.614061e-02,7.282105e-03,1.443153e-02,9.175988e-03,1.003279e-01,4.948850e-02,8.166816e-03,2.907613e-02,8.766870e-03,1.351266e-01
7.701077e-02,6.025841e-02,4.712335e-01,8.051383e-02,2.814264e-02,2.206104e-02,6.273973e-03,1.090966e-02,8.500591e-03,7.061765e-02,3.610496e-02,5.912788e-03,2.065056e-02,6.405818e-03,9.540374e-02
1.157405e-01,6.128521e-02,4.792154e-01,7.724759e-02,2.935874e-02,2.272342e-02,5.535910e-03,8.380923e-03,2.280628e-02,5.172874e-02,2.916776e-02,4.546427e-03,1.537486e-02,5.747138e-03,7.114104e-02
9.182187e-02,6.869133e-02,3.672500e-01,2.331643e-01,4.797276e-02,2.283866e-02,5.554752e-03,7.413135e-03,2.443416e-02,3.677286e-02,2.357744e-02,3.424123e-03,1.114501e-02,4.294917e-03,5.164452e-02
1.682181e-01,5.827679e-02,2.993807e-01,2.240645e-01,6.522082e-02,2.573435e-02,5.499039e-03,8.574693e-03,2.454324e-02,3.313050e-02,2.321963e-02,5.056602e-03,9.731242e-03,3.609693e-03,4.574001e-02
1.393874e-01,4.967678e-02,2.177635e-01,1.872495e-01,5.854212e-02,2.205993e-01,4.629785e-03,9.305077e-03,1.850911e-02,2.399947e-02,1.942666e-02,4.809329e-03,7.343032e-03,2.736654e-03,3.602223e-02
1.539487e-01,4.454202e-02,1.539773e-01,1.342001e-01,4.777291e-02,3.521145e-01,4.083158e-03,1.608827e-02,1.444073e-02,1.956984e-02,1.815482e-02,4.705738e-03,6.108330e-03,2.626082e-03,2.766747e-02
1.351465e-01,3.703975e-02,1.086081e-01,9.654878e-02,3.639955e-02,4.452791e-01,3.243297e-03,1.539737e-02,1.240059e-02,2.445596e-02,2.363792e-02,7.496932e-03,5.966290e-03,4.383470e-03,4.399637e-02
1.021587e-01,2.778643e-02,7.628069e-02,6.915633e-02,2.631904e-02,3.485099e-01,2.676312e-03,1.106212e-02,1.633023e-02,1.434845e-01,5.882257e-02,2.408965e-02,1.410726e-02,5.705955e-03,7.351027e-02
7.430380e-02,2.050831e-02,5.426199e-02,4.892264e-02,1.926666e-02,2.552201e-01,2.328637e-03,8.096167e-03,1.423642e-02,1.926029e-01,1.162597e-01,9.917714e-02,1.872848e-02,6.392525e-03,6.969452e-02
5.274219e-02,1.510027e-02,3.926796e-02,3.454373e-02,1.487535e-02,2.312751e-01,2.269883e-03,6.438689e-03,1.218061e-02,1.607187e-01,1.463321e-01,1.990797e-01,1.819365e-02,1.421710e-02,5.276499e-02
3.931823e-02,1.095397e-02,2.790076e-02,2.469409e-02,1.093868e-02,1.654631e-01,1.784978e-03,5.073054e-03,1.544535e-02,1.581316e-01,1.550706e-01,3.181759e-01,1.422620e-02,1.323573e-02,3.958783e-02
2.868263e-02,7.804241e-03,1.956954e-02,1.741108e-02,7.746038e-03,1.161486e-01,1.269178e-03,3.567244e-03,1.161535e-02,1.199662e-01,1.542742e-01,4.633074e-01,1.051309e-02,1.028895e-02,2.783639e-02
2.100796e-02,5.626390e-03,1.372818e-02,1.221705e-02,5.491252e-03,8.174830e-02,9.116991e-04,2.526105e-03,8.599429e-03,9.070025e-02,1.223896e-01,6.002747e-01,7.617915e-03,7.603326e-03,1.955791e-02
1.533048e-02,4.147382e-03,9.667921e-03,8.598172e-03,4.089459e-03,5.762728e-02,6.845564e-04,1.891963e-03,6.790908e-03,7.275952e-02,1.031207e-01,6.892537e-01,5.509101e-03,6.713787e-03,1.381512e-02
1.196476e-02,3.038459e-03,6.806594e-03,6.042779e-03,2.989642e-03,4.057455e-02,5.108378e-04,1.481005e-03,5.338826e-03,6.116825e-02,1.029735e-01,7.368686e-01,4.097445e-03,6.411171e-03,9.733604e-03
8.923811e-03,2.850546e-03,8.977683e-03,4.658139e-03,3.883165e-03,2.912419e-02,2.191072e-03,7.999029e-03,4.606714e-03,4.501616e-02,7.544034e-02,7.919094e-01,2.925905e-03,4.655497e-03,6.838324e-03
6.678746e-03,2.405848e-03,6.604020e-03,3.330920e-03,3.277004e-03,2.049135e-02,1.568058e-03,5.874178e-03,4.363565e-03,3.287962e-02,6.003768e-02,8.419710e-01,2.183364e-03,3.490511e-03,4.844117e-03
5.156290e-03,1.875398e-03,4.739166e-03,2.447147e-03,2.525978e-03,1.443572e-02,1.114979e-03,4.395498e-03,3.601929e-03,2.435425e-02,9.447071e-02,8.332027e-01,1.643771e-03,2.626142e-03,3.410323e-03
3.868855e-03,1.515594e-03,3.475013e-03,1.884832e-03,2.073986e-03,1.013179e-02,7.923122e-04,3.341635e-03,3.585579e-03,1.767882e-02,1.822657e-01,7.635946e-01,1.258312e-03,2.136425e-03,2.396487e-03
3.028570e-03,1.756674e-03,2.780600e-03,1.496636e-03,1.707684e-03,7.113356e-03,5.637589e-04,2.624248e-03,4.675000e-03,1.279123e-02,3.651699e-01,5.915886e-01,9.855506e-04,2.025006e-03,1.693171e-03
2.737115e-03,1.607428e-02,7.215521e-03,1.525836e-03,2.413028e-03,5.182530e-03,4.369559e-04,3.090088e-03,2.294622e-02,1.076203e-02,4.625449e-01,4.603017e-01,9.324300e-04,2.557323e-03,1.279983e-03
3.287659e-03,1.399529e-02,5.429409e-02,4.944952e-03,2.530039e-03,4.467161e-03,4.129826e-04,1.367477e-02,2.442935e-02,8.995886e-03,4.930940e-01,3.691519e-01,8.222137e-04,4.957373e-03,9.422849e-04
4.444596e-03,2.336080e-02,5.163910e-02,4.670429e-03,3.537042e-03,4.838057e-03,4.154617e-04,1.405203e-02,8.710022e-02,7.912930e-03,5.057541e-01,2.694131e-01,6.925588e-04,2.115802e-02,1.011568e-03
6.318710e-03,2.485570e-02,6.309959e-02,9.792903e-03,5.029705e-03,4.760718e-03,4.993444e-04,5.165526e-02,1.284220e-01,6.395051e-03,4.828394e-01,1.909724e-01,5.510719e-04,2.395395e-02,8.541806e-04
1.047453e-02,2.710837e-02,1.003866e-01,1.668650e-02,8.255845e-03,5.165379e-03,5.499825e-04,6.688147e-02,1.458449e-01,5.603193e-03,4.523595e-01,1.346907e-01,4.683943e-04,2.469265e-02,8.320794e-04
1.439974e-02,2.898322e-02,1.118978e-01,1.422635e-02,1.189800e-02,5.195539e-03,4.233950e-04,5.074263e-02,1.827531e-01,6.984078e-03,4.331314e-01,9.457607e-02,3.998941e-04,4.254221e-02,1.846502e-03
2.069231e-02,2.960302e-02,1.145168e-01,1.709277e-02,1.634883e-02,4.600249e-03,3.485484e-04,4.154995e-02,2.407162e-01,6.933988e-03,3.940352e-01,6.644990e-02,3.555980e-04,4.466956e-02,2.087027e-03
2.867893e-02,2.602211e-02,8.914031e-02,1.463748e-02,1.529270e-02,5.218643e-03,2.612085e-04,3.155399e-02,2.659452e-01,8.235182e-03,4.161415e-01,4.666229e-02,3.300252e-04,4.705695e-02,4.823450e-03
3.617419e-02,2.025579e-02,1.891560e-01,4.583823e-02,1.889383e-02,4.804586e-03,3.060497e-04,2.720724e-02,2.193052e-01,7.094260e-03,3.524972e-01,3.292958e-02,4.381954e-04,3.591214e-02,9.187378e-03
4.790800e-02,2.097973e-02,1.855640e-01,3.923396e-02,2.064729e-02,5.344617e-03,2.706868e-04,2.365720e-02,2.187998e-01,7.007519e-03,3.628908e-01,2.328159e-02,3.937041e-04,3.380160e-02,1.021945e-02
6.076539e-02,3.051841e-02,1.977499e-01,3.048685e-02,2.244209e-02,5.862390e-03,3.098089e-04,2.177283e-02,2.001533e-01,7.426524e-03,3.271465e-01,1.661810e-02,4.331854e-04,6.832027e-02,9.994511e-03
1.142191e-01,3.101267e-02,2.007804e-01,2.777733e-02,2.213900e-02,6.397248e-03,4.332169e-04,2.152423e-02,1.668478e-01,6.339911e-03,2.969180e-01,1.227004e-02,6.050325e-04,8.203492e-02,1.070108e-02
1.042138e-01,2.515483e-02,3.683853e-01,2.859286e-02,2.125451e-02,5.511722e-03,4.351496e-04,2.004229e-02,1.278863e-01,5.111107e-03,2.123745e-01,8.811650e-03,5.606917e-04,6.012284e-02,1.154238e-02
1.453958e-01,2.427706e-02,4.209240e-01,3.857269e-02,1.962668e-02,5.355145e-03,7.695600e-04,2.511628e-02,9.530536e-02,4.574737e-03,1.508682e-01,6.457657e-03,5.798356e-04,4.815049e-02,1.402652e-02
1.028279e-01,1.954640e-02,3.316720e-01,2.763543e-02,1.382199e-02,3.917176e-03,5.440151e-04,1.764864e-02,8.597946e-02,6.859658e-03,1.064364e-01,4.566792e-03,5.102919e-04,3.496916e-02,2.430647e-01
7.398967e-02,1.579203e-02,2.364932e-01,2.137652e-02,9.819702e-03,3.004465e-03,4.094513e-04,1.248675e-02,2.423401e-01,9.122566e-03,7.694147e-02,3.462408e-03,1.902575e-03,2.799499e-02,2.648640e-01
5.843428e-02,1.704296e-02,1.740996e-01,1.541012e-02,7.332272e-03,2.695800e-03,4.172447e-04,8.864023e-03,2.704806e-01,3.507620e-02,6.512205e-02,2.747608e-03,5.434236e-03,1.049984e-01,2.318447e-01
4.196314e-02,1.291293e-02,1.288486e-01,1.109571e-02,5.252119e-03,2.036361e-03,3.273152e-04,6.329143e-03,3.468943e-01,5.490284e-02,4.828189e-02,2.507988e-03,4.854210e-03,1.422513e-01,1.915422e-01
3.229452e-02,9.587204e-03,9.211633e-02,8.030220e-03,3.935399e-03,1.721488e-03,3.842394e-04,4.544348e-03,2.878074e-01,1.002119e-01,3.723053e-02,2.598194e-03,4.101195e-03,2.572136e-01,1.582234e-01
3.499411e-02,7.514270e-03,6.495723e-02,5.894423e-03,4.302023e-03,1.650549e-03,3.405205e-04,3.360048e-03,2.128752e-01,2.334987e-01,2.814463e-02,2.425144e-03,3.970663e-03,2.514307e-01,1.446417e-01
4.944896e-02,6.087829e-03,4.608038e-02,4.786549e-03,6.921863e-03,3.965197e-03,5.480233e-04,2.552907e-03,1.547672e-01,3.297348e-01,2.727556e-02,2.571865e-03,3.970081e-03,2.339206e-01,1.273681e-01
6.341316e-02,7.645138e-03,3.409541e-02,7.082545e-03,1.321002e-02,6.667224e-03,9.837205e-04,2.526542e-03,1.300383e-01,4.035900e-01,2.820217e-02,3.618565e-03,5.980776e-03,1.872203e-01,1.057260e-01
5.379912e-02,7.241545e-03,2.871750e-02,7.106096e-03,1.372829e-02,1.139132e-02,1.090708e-03,3.369887e-03,1.047163e-01,4.904177e-01,3.170928e-02,6.115915e-03,1.003106e-02,1.484734e-01,8.209182e-02
4.466024e-02,1.823144e-02,1.129036e-01,4.538724e-02,3.830016e-02,1.044653e-02,1.259263e-03,1.915346e-02,9.295173e-02,3.825758e-01,3.554302e-02,6.113677e-03,1.180182e-02,1.137246e-01,6.694727e-02
5.769514e-02,2.103215e-02,1.119448e-01,4.839078e-02,7.408777e-02,1.304699e-02,1.438964e-03,2.606164e-02,8.375616e-02,3.580702e-01,3.878893e-02,5.244310e-03,1.168728e-02,9.216627e-02,5.658861e-02
5.173045e-02,2.042957e-02,1.841725e-01,1.551079e-01,7.345102e-02,1.188094e-02,1.746012e-03,2.409866e-02,7.095917e-02,2.544374e-01,3.005473e-02,4.080479e-03,9.191643e-03,6.554779e-02,4.311168e-02
9.950785e-02,2.779200e-02,1.902832e-01,1.649062e-01,8.301746e-02,1.859308e-02,3.209389e-03,2.189203e-02,7.093583e-02,1.880654e-01,2.565687e-02,3.990915e-03,7.453400e-03,4.790084e-02,4.679555e-02
1.173659e-01,4.101280e-02,1.637937e-01,1.606671e-01,1.349016e-01,3.247707e-02,7.081745e-03,2.505914e-02,6.026387e-02,1.499105e-01,2.410894e-02,3.901446e-03,6.258075e-03,3.696259e-02,3.623555e-02
1.375161e-01,5.560710e-02,1.377710e-01,2.068399e-01,1.079791e-01,3.247583e-02,8.281077e-03,2.253155e-02,7.122627e-02,1.103865e-01,2.230047e-02,5.163877e-03,6.588608e-03,2.753001e-02,4.780261e-02
1.285569e-01,7.013665e-02,1.425306e-01,2.602012e-01,9.725525e-02,2.897346e-02,8.079459e-03,2.214693e-02,6.639856e-02,8.159971e-02,1.847836e-02,4.142041e-03,5.581086e-03,1.989677e-02,4.602302e-02
1.426042e-01,6.200596e-02,2.002269e-01,2.060319e-01,8.195934e-02,2.407749e-02,6.625881e-03,1.799041e-02,6.734248e-02,6.363425e-02,1.553377e-02,3.444226e-03,4.896391e-03,1.525720e-02,8.836968e-02
1.976801e-01,6.794006e-02,1.846863e-01,1.956557e-01,7.584326e-02,3.015225e-02,7.737635e-03,1.630326e-02,5.570952e-02,4.786404e-02,1.383629e-02,3.667176e-03,5.381746e-03,1.128926e-02,8.625335e-02
1.435164e-01,7.094581e-02,1.745611e-01,3.227555e-01,6.542504e-02,2.242786e-02,6.082913e-03,1.307052e-02,4.968255e-02,3.552253e-02,1.033238e-02,3.009658e-03,4.017319e-03,8.044181e-03,7.060626e-02
1.032805e-01,6.119516e-02,1.793006e-01,3.103572e-01,4.712140e-02,1.616387e-02,4.321978e-03,9.337382e-03,4.616565e-02,3.080877e-02,1.719118e-02,2.657065e-03,4.965902e-03,6.502399e-03,1.606310e-01
7.256923e-02,4.641787e-02,1.606904e-01,3.427155e-01,3.334535e-02,1.142807e-02,3.048839e-03,6.789541e-03,3.850729e-02,2.601499e-02,1.199306e-01,2.226940e-03,4.633344e-03,4.957951e-03,1.267241e-01
5.246515e-02,3.435319e-02,1.257028e-01,3.773821e-01,2.467948e-02,8.263670e-03,2.315437e-03,5.633402e-03,4.878822e-02,1.941299e-02,1.954328e-01,2.580796e-03,5.805303e-03,5.171825e-03,9.201282e-02
3.963176e-02,2.451286e-02,9.043922e-02,2.841496e-01,1.801570e-02,9.580893e-03,1.704278e-03,4.246162e-03,3.694556e-02,1.428652e-02,3.922237e-01,2.581713e-03,9.658570e-03,5.951989e-03,6.607147e-02
3.312802e-02,1.838198e-02,7.461702e-02,2.446320e-01,1.487056e-02,1.607337e-02,1.535004e-03,4.593466e-03,4.340637e-02,1.174421e-02,4.373710e-01,4.899033e-03,1.847175e-02,2.659788e-02,4.967834e-02
2.602950e-02,1.635042e-02,5.989412e-02,2.204854e-01,1.205440e-02,1.580871e-02,1.256630e-03,5.179805e-03,1.171208e-01,1.093412e-02,3.957770e-01,5.551266e-03,1.556818e-02,6.022329e-02,3.776644e-02
2.753934e-02,1.764705e-02,4.591573e-02,1.672469e-01,1.011341e-02,2.438846e-02,9.328612e-04,4.190166e-03,1.732559e-01,1.030414e-02,3.595277e-01,5.507980e-03,1.350734e-02,1.062129e-01,3.371022e-02
3.402573e-02,1.903521e-02,3.716632e-02,1.243423e-01,8.335612e-03,2.396701e-02,7.606326e-04,4.801071e-03,2.801956e-01,9.402476e-03,2.639767e-01,5.123043e-03,1.112451e-02,1.509373e-01,2.680663e-02
3.606705e-02,2.206551e-02,2.752308e-02,8.882723e-02,7.516304e-03,2.219954e-02,6.074286e-04,3.678849e-03,2.839684e-01,7.923783e-03,2.113867e-01,5.557385e-03,9.328506e-03,2.520341e-01,2.131617e-02
5.678194e-02,2.370427e-02,4.742924e-02,8.042009e-02,7.658336e-03,2.133719e-02,8.862686e-04,6.642758e-03,2.818005e-01,6.865517e-03,1.632715e-01,4.930467e-03,9.214841e-03,2.718137e-01,1.724346e-02
6.180952e-02,2.907931e-02,4.591263e-02,6.598376e-02,6.563646e-03,3.327078e-02,1.012848e-03,6.859444e-03,2.616544e-01,7.345684e-03,1.274736e-01,5.020331e-03,1.126936e-02,3.143947e-01,2.235002e-02
6.353496e-02,3.499833e-02,3.677947e-02,4.796709e-02,6.291742e-03,3.455597e-02,7.928500e-04,5.391290e-03,2.266517e-01,6.230460e-03,9.938560e-02,4.397672e-03,1.107882e-02,3.948037e-01,2.714046e-02
8.005291e-02,2.732085e-02,4.441654e-02,3.557257e-02,7.011005e-03,2.687234e-02,8.192760e-04,6.563338e-03,2.609305e-01,1.126677e-02,7.583969e-02,4.052376e-03,1.089098e-02,3.774588e-01,3.093215e-02
6.359236e-02,2.054811e-02,4.599260e-02,2.524358e-02,6.141305e-03,2.152125e-02,6.274418e-04,4.831998e-03,2.974173e-01,3.640189e-02,6.153160e-02,3.120795e-03,8.956007e-03,3.255743e-01,7.849950e-02
8.048558e-02,1.622010e-02,3.426468e-02,1.887204e-02,4.701565e-03,1.772257e-02,6.201409e-04,4.181671e-03,3.194068e-01,4.135071e-02,5.454144e-02,2.768584e-03,7.687423e-03,2.907680e-01,1.064087e-01
5.854544e-02,1.238021e-02,2.504137e-02,1.345861e-02,3.520548e-03,1.319927e-02,4.639814e-04,3.039680e-03,2.459228e-01,1.395377e-01,4.758209e-02,2.823388e-03,6.299464e-03,3.437711e-01,8.441433e-02
4.230408e-02,9.882186e-03,1.915481e-02,1.021956e-02,3.061105e-03,1.001828e-02,4.128577e-04,2.834114e-03,2.061491e-01,2.660891e-01,4.580219e-02,5.042490e-03,7.986256e-03,3.066711e-01,6.437284e-02
3.483771e-02,1.257372e-02,3.404333e-02,8.455191e-03,3.312244e-03,9.996166e-03,5.218982e-04,5.695808e-03,1.876628e-01,2.769138e-01,7.953827e-02,3.980252e-03,8.024403e-03,2.828607e-01,5.158369e-02
2.690410e-02,1.162983e-02,2.509535e-02,6.723973e-03,3.853185e-03,1.164197e-02,6.001552e-04,6.448524e-03,2.325845e-01,2.691292e-01,7.356612e-02,6.415300e-03,9.866915e-03,2.683658e-01,4.717511e-02
1.943627e-02,1.210130e-02,1.777879e-02,5.151150e-03,3.837043e-03,1.530068e-02,5.354233e-04,5.466364e-03,3.702079e-01,2.190681e-01,7.268830e-02,1.057307e-02,1.073421e-02,2.012785e-01,3.584287e-02
1.410286e-02,1.697633e-02,1.275046e-02,4.439546e-03,4.412033e-03,4.107562e-02,4.032489e-04,6.913180e-03,4.963930e-01,1.581649e-01,5.841395e-02,8.041220e-03,8.483773e-03,1.437366e-01,2.569337e-02
1.104575e-02,2.590991e-02,9.489130e-03,4.870747e-03,8.496122e-03,6.369618e-02,3.713119e-04,1.193993e-02,5.707097e-01,1.143301e-01,4.395436e-02,5.698767e-03,6.252563e-03,1.042446e-01,1.899090e-02
1.870490e-02,2.777918e-02,9.070586e-03,5.149835e-03,2.590568e-02,7.679853e-02,7.079320e-04,2.179784e-02,6.007437e-01,8.195374e-02,3.152159e-02,4.003715e-03,4.475525e-03,7.577973e-02,1.560758e-02
2.312229e-02,2.594069e-02,8.170056e-03,7.580456e-03,4.960493e-02,9.831493e-02,1.022802e-03,2.358756e-02,6.023036e-01,5.913221e-02,2.236414e-02,2.815942e-03,3.218108e-03,5.408620e-02,1.873613e-02
3.089095e-02,2.767961e-02,7.312203e-03,1.492656e-02,1.060244e-01,1.122542e-01,1.889840e-03,4.246647e-02,5.232403e-01,4.431811e-02,1.585354e-02,1.990180e-03,2.440051e-03,3.854322e-02,3.017052e-02
3.959490e-02,3.591862e-02,8.392364e-03,2.155176e-02,1.092419e-01,1.024891e-01,2.246316e-03,7.017246e-02,4.294462e-01,4.020143e-02,1.152500e-02,1.473839e-03,2.420517e-03,2.761619e-02,9.770937e-02
5.201143e-02,3.557838e-02,2.418115e-02,3.365700e-02,1.089358e-01,8.759447e-02,2.484513e-03,1.156809e-01,3.458255e-01,3.997085e-02,8.674251e-03,1.116315e-03,2.038381e-03,1.982010e-02,1.224310e-01
6.198232e-02,4.291588e-02,2.169194e-02,3.331357e-02,1.189190e-01,1.050588e-01,2.435216e-03,1.088653e-01,3.058289e-01,3.327008e-02,6.766591e-03,9.629725e-04,1.844551e-03,1.445090e-02,1.416939e-01
6.984518e-02,5.467070e-02,2.873825e-02,7.256581e-02,1.349142e-01,9.838389e-02,3.033857e-03,1.429086e-01,2.415601e-01,2.568692e-02,5.476324e-03,9.492737e-04,1.561676e-03,1.047138e-02,1.092338e-01
8.955780e-02,4.611527e-02,3.626412e-02,6.014312e-02,1.126183e-01,1.164567e-01,2.785297e-03,2.402297e-01,1.824211e-01,1.879836e-02,4.537302e-03,8.198453e-04,1.252668e-03,7.806596e-03,8.019394e-02
1.278082e-01,4.546301e-02,4.855686e-02,5.069480e-02,8.814285e-02,1.070594e-01,2.384005e-03,2.836818e-01,1.535412e-01,1.553800e-02,4.428463e-03,9.078816e-04,1.211420e-03,6.521403e-03,6.406060e-02
1.893195e-01,5.715649e-02,6.814604e-02,4.393189e-02,7.562904e-02,9.061940e-02,2.238607e-03,2.475596e-01,1.379867e-01,1.517024e-02,4.643448e-03,1.304472e-03,1.357393e-03,7.115897e-03,5.782133e-02
1.949662e-01,4.619317e-02,1.245093e-01,4.529906e-02,5.939523e-02,6.730711e-02,2.543251e-03,2.825830e-01,1.052086e-01,1.130997e-02,5.164379e-03,2.431015e-03,1.804005e-03,8.195802e-03,4.308993e-02
2.195006e-01,4.959418e-02,2.042790e-01,3.911930e-02,5.995549e-02,5.002155e-02,2.334624e-03,2.284543e-01,8.602052e-02,8.821815e-03,5.013215e-03,3.488950e-03,2.113969e-03,8.071482e-03,3.321100e-02
2.862229e-01,5.372471e-02,2.023774e-01,3.897072e-02,5.766823e-02,3.704312e-02,3.071908e-03,1.859573e-01,6.536145e-02,8.805159e-03,6.589311e-03,9.337977e-03,3.423531e-03,8.064222e-03,3.338191e-02
2.026456e-01,4.866146e-02,1.699818e-01,5.928401e-02,4.115177e-02,2.660453e-02,2.188928e-03,1.305534e-01,5.519307e-02,1.264078e-02,3.219701e-02,4.748057e-02,9.004508e-03,1.209171e-02,1.503209e-01
1.497859e-01,4.439840e-02,1.395368e-01,4.712822e-02,2.918483e-02,1.953192e-02,1.575492e-03,9.170692e-02,6.314667e-02,9.851381e-02,4.048916e-02,3.650407e-02,1.442595e-02,1.505616e-02,2.090158e-01
1.065662e-01,3.349350e-02,9.933044e-02,3.535391e-02,2.079301e-02,1.444087e-02,1.146304e-03,6.483831e-02,1.281549e-01,1.415106e-01,3.924653e-02,3.362348e-02,3.548349e-02,1.326398e-02,2.327545e-01
7.826230e-02,2.790396e-02,7.051671e-02,2.557656e-02,1.537606e-02,1.139385e-02,8.210054e-04,4.556457e-02,1.005293e-01,3.063555e-01,3.832800e-02,2.673897e-02,6.221498e-02,1.733793e-02,1.730803e-01
5.938165e-02,2.125037e-02,5.056655e-02,1.816896e-02,2.653803e-02,9.366544e-03,6.623312e-04,3.248047e-02,9.307151e-02,2.950921e-01,4.823796e-02,1.974396e-02,7.095477e-02,4.773229e-02,2.067524e-01
4.335589e-02,1.696254e-02,3.670569e-02,1.292049e-02,1.994189e-02,7.150652e-03,5.353236e-04,2.296857e-02,1.359587e-01,2.248452e-01,3.963286e-02,1.412956e-02,5.089119e-02,1.708932e-01,2.031081e-01
3.125553e-02,1.490265e-02,2.652925e-02,9.405582e-03,1.417532e-02,6.487339e-03,4.152769e-04,1.618201e-02,1.536323e-01,1.723499e-01,3.157380e-02,1.004875e-02,3.610005e-02,2.762837e-01,2.006586e-01
2.228324e-02,1.123930e-02,2.263809e-02,1.636891e-02,1.020989e-02,4.946110e-03,3.553754e-04,1.177317e-02,3.692854e-01,1.217541e-01,2.534647e-02,7.403961e-03,2.646646e-02,2.063703e-01,1.435591e-01
1.728163e-02,8.885732e-03,1.822520e-02,1.415242e-02,7.428977e-03,5.125117e-03,4.333986e-04,8.526268e-03,4.900048e-01,1.014360e-01,2.763389e-02,5.456452e-03,2.116364e-02,1.600182e-01,1.142283e-01
