1.000000e+00,0.000000e+00,0.000000e+00,0.000000e+00,0.000000e+00,0.000000e+00,0.000000e+00,0.000000e+00,0.000000e+00,0.000000e+00,0.000000e+00,0.000000e+00,0.000000e+00,0.000000e+00,0.000000e+00
1.000000e+00,0.000000e+00,0.000000e+00,0.000000e+00,0.000000e+00,0.000000e+00,0.000000e+00,0.000000e+00,0.000000e+00,0.000000e+00,0.000000e+00,0.000000e+00,0.000000e+00,0.000000e+00,0.000000e+00
1.000000e+00,0.000000e+00,0.000000e+00,0.000000e+00,0.000000e+00,0.000000e+00,0.000000e+00,0.000000e+00,0.000000e+00,0.000000e+00,0.000000e+00,0.000000e+00,0.000000e+00,0.000000e+00,0.000000e+00
1.000000e+00,0.000000e+00,0.000000e+00,0.000000e+00,0.000000e+00,0.000000e+00,0.000000e+00,0.000000e+00,0.000000e+00,0.000000e+00,0.000000e+00,0.000000e+00,0.000000e+00,0.000000e+00,0.000000e+00
1.000000e+00,0.000000e+00,0.000000e+00,0.000000e+00,0.000000e+00,0.000000e+00,0.000000e+00,0.000000e+00,0.000000e+00,0.000000e+00,0.000000e+00,0.000000e+00,0.000000e+00,0.000000e+00,0.000000e+00
1.000000e+00,0.000000e+00,0.000000e+00,0.000000e+00,0.000000e+00,0.000000e+00,0.000000e+00,0.000000e+00,0.000000e+00,0.000000e+00,0.000000e+00,0.000000e+00,0.000000e+00,0.000000e+00,0.000000e+00
1.000000e+00,0.000000e+00,0.000000e+00,0.000000e+00,0.000000e+00,0.000000e+00,0.000000e+00,0.000000e+00,0.000000e+00,0.000000e+00,0.000000e+00,0.000000e+00,0.000000e+00,0.000000e+00,0.000000e+00
1.000000e+00,0.000000e+00,0.000000e+00,0.000000e+00,0.000000e+00,0.000000e+00,0.000000e+00,0.000000e+00,0.000000e+00,0.000000e+00,0.000000e+00,0.000000e+00,0.000000e+00,0.000000e+00,0.000000e+00
1.000000e+00,0.000000e+00,0.000000e+00,0.000000e+00,0.000000e+00,0.000000e+00,0.000000e+00,0.000000e+00,0.000000e+00,0.000000e+00,0.000000e+00,0.000000e+00,0.000000e+00,0.000000e+00,0.000000e+00
1.000000e+00,0.000000e+00,0.000000e+00,0.000000e+00,0.000000e+00,0.000000e+00,0.000000e+00,0.000000e+00,0.000000e+00,0.000000e+00,0.000000e+00,0.000000e+00,0.000000e+00,0.000000e+00,0.000000e+00
1.000000e+00,0.000000e+00,0.000000e+00,0.000000e+00,0.000000e+00,0.000000e+00,0.000000e+00,0.000000e+00,0.000000e+00,0.000000e+00,0.000000e+00,0.000000e+00,0.000000e+00,0.000000e+00,0.000000e+00
1.000000e+00,0.000000e+00,0.000000e+00,0.000000e+00,0.000000e+00,0.000000e+00,0.000000e+00,0.000000e+00,0.000000e+00,0.000000e+00,0.000000e+00,0.000000e+00,0.000000e+00,0.000000e+00,0.000000e+00
1.000000e+00,0.000000e+00,0.000000e+00,0.000000e+00,0.000000e+00,0.000000e+00,0.000000e+00,0.000000e+00,0.000000e+00,0.000000e+00,0.000000e+00,0.000000e+00,0.000000e+00,0.000000e+00,0.000000e+00
1.000000e+00,0.000000e+00,0.000000e+00,0.000000e+00,0.000000e+00,0.000000e+00,0.000000e+00,0.000000e+00,0.000000e+00,0.000000e+00,0.000000e+00,0.000000e+00,0.000000e+00,0.000000e+00,0.000000e+00
1.000000e+00,0.000000e+00,0.000000e+00,0.000000e+00,0.000000e+00,0.000000e+00,0.000000e+00,0.000000e+00,0.000000e+00,0.000000e+00,0.000000e+00,0.000000e+00,0.000000e+00,0.000000e+00,0.000000e+00
1.000000e+00,0.000000e+00,0.000000e+00,0.000000e+00,0.000000e+00,0.000000e+00,0.000000e+00,0.000000e+00,0.000000e+00,0.000000e+00,0.000000e+00,0.000000e+00,0.000000e+00,0.000000e+00,0.000000e+00
1.000000e+00,0.000000e+00,0.000000e+00,0.000000e+00,0.000000e+00,0.000000e+00,0.000000e+00,0.000000e+00,0.000000e+00,0.000000e+00,0.000000e+00,0.000000e+00,0.000000e+00,0.000000e+00,0.000000e+00
1.000000e+00,0.000000e+00,0.000000e+00,0.000000e+00,0.000000e+00,0.000000e+00,0.000000e+00,0.000000e+00,0.000000e+00,0.000000e+00,0.000000e+00,0.000000e+00,0.000000e+00,0.000000e+00,0.000000e+00
1.000000e+00,0.000000e+00,0.000000e+00,0.000000e+00,0.000000e+00,0.000000e+00,0.000000e+00,0.000000e+00,0.000000e+00,0.000000e+00,0.000000e+00,0.000000e+00,0.000000e+00,0.000000e+00,0.000000e+00
1.000000e+00,0.000000e+00,0.000000e+00,0.000000e+00,0.000000e+00,0.000000e+00,0.000000e+00,0.000000e+00,0.000000e+00,0.000000e+00,0.000000e+00,0.000000e+00,0.000000e+00,0.000000e+00,0.000000e+00
1.000000e+00,0.000000e+00,0.000000e+00,0.000000e+00,0.000000e+00,0.000000e+00,0.000000e+00,0.000000e+00,0.000000e+00,0.000000e+00,0.000000e+00,0.000000e+00,0.000000e+00,0.000000e+00,0.000000e+00
1.000000e+00,0.000000e+00,0.000000e+00,0.000000e+00,0.000000e+00,0.000000e+00,0.000000e+00,0.000000e+00,0.000000e+00,0.000000e+00,0.000000e+00,0.000000e+00,0.000000e+00,0.000000e+00,0.000000e+00
1.000000e+00,0.000000e+00,0.000000e+00,0.000000e+00,0.000000e+00,0.000000e+00,0.000000e+00,0.000000e+00,0.000000e+00,0.000000e+00,0.000000e+00,0.000000e+00,0.000000e+00,0.000000e+00,0.000000e+00
1.000000e+00,0.000000e+00,0.000000e+00,0.000000e+00,0.000000e+00,0.000000e+00,0.000000e+00,0.000000e+00,0.000000e+00,0.000000e+00,0.000000e+00,0.000000e+00,0.000000e+00,0.000000e+00,0.000000e+00
1.000000e+00,0.000000e+00,0.000000e+00,0.000000e+00,0.000000e+00,0.000000e+00,0.000000e+00,0.000000e+00,0.000000e+00,0.000000e+00,0.000000e+00,0.000000e+00,0.000000e+00,0.000000e+00,0.000000e+00
1.000000e+00,0.000000e+00,0.000000e+00,0.000000e+00,0.000000e+00,0.000000e+00,0.000000e+00,0.000000e+00,0.000000e+00,0.000000e+00,0.000000e+00,0.000000e+00,0.000000e+00,0.000000e+00,0.000000e+00
1.000000e+00,0.000000e+00,0.000000e+00,0.000000e+00,0.000000e+00,0.000000e+00,0.000000e+00,0.000000e+00,0.000000e+00,0.000000e+00,0.000000e+00,0.000000e+00,0.000000e+00,0.000000e+00,0.000000e+00
1.000000e+00,0.000000e+00,0.000000e+00,0.000000e+00,0.000000e+00,0.000000e+00,0.000000e+00,0.000000e+00,0.000000e+00,0.000000e+00,0.000000e+00,0.000000e+00,0.000000e+00,0.000000e+00,0.000000e+00
1.000000e+00,0.000000e+00,0.000000e+00,0.000000e+00,0.000000e+00,0.000000e+00,0.000000e+00,0.000000e+00,0.000000e+00,0.000000e+00,0.000000e+00,0.000000e+00,0.000000e+00,0.000000e+00,0.000000e+00
1.000000e+00,0.000000e+00,0.000000e+00,0.000000e+00,0.000000e+00,0.000000e+00,0.000000e+00,0.000000e+00,0.000000e+00,0.000000e+00,0.000000e+00,0.000000e+00,0.000000e+00,0.000000e+00,0.000000e+00
1.000000e+00,0.000000e+00,0.000000e+00,0.000000e+00,0.000000e+00,0.000000e+00,0.000000e+00,0.000000e+00,0.000000e+00,0.000000e+00,0.000000e+00,0.000000e+00,0.000000e+00,0.000000e+00,0.000000e+00
1.000000e+00,0.000000e+00,0.000000e+00,0.000000e+00,0.000000e+00,0.000000e+00,0.000000e+00,0.000000e+00,0.000000e+00,0.000000e+00,0.000000e+00,0.000000e+00,0.000000e+00,0.000000e+00,0.000000e+00
1.000000e+00,0.000000e+00,0.000000e+00,0.000000e+00,0.000000e+00,0.000000e+00,0.000000e+00,0.000000e+00,0.000000e+00,0.000000e+00,0.000000e+00,0.000000e+00,0.000000e+00,0.000000e+00,0.000000e+00
1.000000e+00,0.000000e+00,0.000000e+00,0.000000e+00,0.000000e+00,0.000000e+00,0.000000e+00,0.000000e+00,0.000000e+00,0.000000e+00,0.000000e+00,0.000000e+00,0.000000e+00,0.000000e+00,0.000000e+00
1.000000e+00,0.000000e+00,0.000000e+00,0.000000e+00,0.000000e+00,0.000000e+00,0.000000e+00,0.000000e+00,0.000000e+00,0.000000e+00,0.000000e+00,0.000000e+00,0.000000e+00,0.000000e+00,0.000000e+00
1.000000e+00,0.000000e+00,0.000000e+00,0.000000e+00,0.000000e+00,0.000000e+00,0.000000e+00,0.000000e+00,0.000000e+00,0.000000e+00,0.000000e+00,0.000000e+00,0.000000e+00,0.000000e+00,0.000000e+00
1.000000e+00,0.000000e+00,0.000000e+00,0.000000e+00,0.000000e+00,0.000000e+00,0.000000e+00,0.000000e+00,0.000000e+00,0.000000e+00,0.000000e+00,0.000000e+00,0.000000e+00,0.000000e+00,0.000000e+00
1.000000e+00,0.000000e+00,0.000000e+00,0.000000e+00,0.000000e+00,0.000000e+00,0.000000e+00,0.000000e+00,0.000000e+00,0.000000e+00,0.000000e+00,0.000000e+00,0.000000e+00,0.000000e+00,0.000000e+00
1.000000e+00,0.000000e+00,0.000000e+00,0.000000e+00,0.000000e+00,0.000000e+00,0.000000e+00,0.000000e+00,0.000000e+00,0.000000e+00,0.000000e+00,0.000000e+00,0.000000e+00,0.000000e+00,0.000000e+00
1.000000e+00,0.000000e+00,0.000000e+00,0.000000e+00,0.000000e+00,0.000000e+00,0.000000e+00,0.000000e+00,0.000000e+00,0.000000e+00,0.000000e+00,0.000000e+00,0.000000e+00,0.000000e+00,0.000000e+00
1.000000e+00,0.000000e+00,0.000000e+00,0.000000e+00,0.000000e+00,0.000000e+00,0.000000e+00,0.000000e+00,0.000000e+00,0.000000e+00,0.000000e+00,0.000000e+00,0.000000e+00,0.000000e+00,0.000000e+00
1.000000e+00,0.000000e+00,0.000000e+00,0.000000e+00,0.000000e+00,0.000000e+00,0.000000e+00,0.000000e+00,0.000000e+00,0.000000e+00,0.000000e+00,0.000000e+00,0.000000e+00,0.000000e+00,0.000000e+00
1.000000e+00,0.000000e+00,0.000000e+00,0.000000e+00,0.000000e+00,0.000000e+00,0.000000e+00,0.000000e+00,0.000000e+00,0.000000e+00,0.000000e+00,0.000000e+00,0.000000e+00,0.000000e+00,0.000000e+00
1.000000e+00,0.000000e+00,0.000000e+00,0.000000e+00,0.000000e+00,0.000000e+00,0.000000e+00,0.000000e+00,0.000000e+00,0.000000e+00,0.000000e+00,0.000000e+00,0.000000e+00,0.000000e+00,0.000000e+00
1.000000e+00,0.000000e+00,0.000000e+00,0.000000e+00,0.000000e+00,0.000000e+00,0.000000e+00,0.000000e+00,0.000000e+00,0.000000e+00,0.000000e+00,0.000000e+00,0.000000e+00,0.000000e+00,0.000000e+00
1.000000e+00,0.000000e+00,0.000000e+00,0.000000e+00,0.000000e+00,0.000000e+00,0.000000e+00,0.000000e+00,0.000000e+00,0.000000e+00,0.000000e+00,0.000000e+00,0.000000e+00,0.000000e+00,0.000000e+00
1.000000e+00,0.000000e+00,0.000000e+00,0.000000e+00,0.000000e+00,0.000000e+00,0.000000e+00,0.000000e+00,0.000000e+00,0.000000e+00,0.000000e+00,0.000000e+00,0.000000e+00,0.000000e+00,0.000000e+00
1.000000e+00,0.000000e+00,0.000000e+00,0.000000e+00,0.000000e+00,0.000000e+00,0.000000e+00,0.000000e+00,0.000000e+00,0.000000e+00,0.000000e+00,0.000000e+00,0.000000e+00,0.000000e+00,0.000000e+00
1.000000e+00,0.000000e+00,0.000000e+00,0.000000e+00,0.000000e+00,0.000000e+00,0.000000e+00,0.000000e+00,0.000000e+00,0.000000e+00,0.000000e+00,0.000000e+00,0.000000e+00,0.000000e+00,0.000000e+00
1.000000e+00,0.000000e+00,0.000000e+00,0.000000e+00,0.000000e+00,0.000000e+00,0.000000e+00,0.000000e+00,0.000000e+00,0.000000e+00,0.000000e+00,0.000000e+00,0.000000e+00,0.000000e+00,0.000000e+00
1.000000e+00,0.000000e+00,0.000000e+00,0.000000e+00,0.000000e+00,0.000000e+00,0.000000e+00,0.000000e+00,0.000000e+00,0.000000e+00,0.000000e+00,0.000000e+00,0.000000e+00,0.000000e+00,0.000000e+00
1.000000e+00,0.000000e+00,0.000000e+00,0.000000e+00,0.000000e+00,0.000000e+00,0.000000e+00,0.000000e+00,0.000000e+00,0.000000e+00,0.000000e+00,0.000000e+00,0.000000e+00,0.000000e+00,0.000000e+00
1.000000e+00,0.000000e+00,0.000000e+00,0.000000e+00,0.000000e+00,0.000000e+00,0.000000e+00,0.000000e+00,0.000000e+00,0.000000e+00,0.000000e+00,0.000000e+00,0.000000e+00,0.000000e+00,0.000000e+00
1.000000e+00,0.000000e+00,0.000000e+00,0.000000e+00,0.000000e+00,0.000000e+00,0.000000e+00,0.000000e+00,0.000000e+00,0.000000e+00,0.000000e+00,0.000000e+00,0.000000e+00,0.000000e+00,0.000000e+00
1.000000e+00,0.000000e+00,0.000000e+00,0.000000e+00,0.000000e+00,0.000000e+00,0.000000e+00,0.000000e+00,0.000000e+00,0.000000e+00,0.000000e+00,0.000000e+00,0.000000e+00,0.000000e+00,0.000000e+00
1.000000e+00,0.000000e+00,0.000000e+00,0.000000e+00,0.000000e+00,0.000000e+00,0.000000e+00,0.000000e+00,0.000000e+00,0.000000e+00,0.000000e+00,0.000000e+00,0.000000e+00,0.000000e+00,0.000000e+00
1.000000e+00,0.000000e+00,0.000000e+00,0.000000e+00,0.000000e+00,0.000000e+00,0.000000e+00,0.000000e+00,0.000000e+00,0.000000e+00,0.000000e+00,0.000000e+00,0.000000e+00,0.000000e+00,0.000000e+00
1.000000e+00,0.000000e+00,0.000000e+00,0.000000e+00,0.000000e+00,0.000000e+00,0.000000e+00,0.000000e+00,0.000000e+00,0.000000e+00,0.000000e+00,0.000000e+00,0.000000e+00,0.000000e+00,0.000000e+00
4.309723e-01,2.459811e-02,4.672152e-02,8.184422e-02,1.598027e-02,1.301050e-01,4.657608e-02,3.037674e-02,1.479974e-02,2.294229e-03,1.650410e-02,7.234111e-02,6.045231e-02,3.271311e-03,2.316306e-02
4.400113e-01,1.964471e-02,9.067082e-02,7.130456e-02,1.320652e-02,1.169767e-01,4.568593e-02,5.031728e-02,1.114963e-02,1.757530e-03,1.241400e-02,5.723433e-02,4.974101e-02,2.439414e-03,1.744628e-02
4.322433e-01,1.563165e-02,1.306693e-01,5.996133e-02,1.061318e-02,1.029381e-01,5.627500e-02,5.996743e-02,8.570377e-03,1.390286e-03,9.594150e-03,4.823465e-02,4.813187e-02,2.032368e-03,1.374702e-02
3.404278e-01,1.180094e-02,2.091817e-01,6.716070e-02,8.305011e-03,1.029439e-01,6.089611e-02,8.210492e-02,6.420648e-03,1.054480e-03,7.303622e-03,3.950642e-02,5.088139e-02,1.565889e-03,1.044641e-02
2.639046e-01,8.664084e-03,2.412821e-01,5.622084e-02,6.210509e-03,1.353743e-01,5.643816e-02,1.388078e-01,4.705644e-03,8.572963e-04,5.553100e-03,3.069678e-02,4.180974e-02,1.211303e-03,8.263631e-03
2.360316e-01,6.374849e-03,2.186798e-01,4.640868e-02,4.925025e-03,1.113301e-01,5.469058e-02,2.517426e-01,3.430404e-03,6.847620e-04,4.175681e-03,2.284290e-02,3.150106e-02,9.378305e-04,6.244076e-03
2.090521e-01,4.686706e-03,1.866932e-01,3.632929e-02,4.080789e-03,1.041643e-01,5.880009e-02,3.431202e-01,2.531334e-03,5.348606e-04,3.098506e-03,1.680957e-02,2.460526e-02,7.384836e-04,4.755345e-03
1.609764e-01,3.353842e-03,1.472147e-01,2.766454e-02,3.106761e-03,7.943568e-02,4.419285e-02,4.955437e-01,1.814308e-03,4.009911e-04,2.228808e-03,1.203742e-02,1.801524e-02,5.536193e-04,3.461057e-03
1.411276e-01,2.537940e-03,1.156103e-01,2.111968e-02,2.514353e-03,6.787274e-02,3.776230e-02,5.817369e-01,1.350998e-03,4.092531e-04,1.659873e-03,9.044010e-03,1.392285e-02,4.408045e-04,2.890331e-03
1.382806e-01,2.187958e-03,9.180222e-02,1.618987e-02,2.924587e-03,5.497573e-02,3.231034e-02,6.356325e-01,1.061658e-03,6.418495e-04,1.357676e-03,7.857116e-03,1.165747e-02,3.923286e-04,2.728075e-03
1.231764e-01,1.878222e-03,8.184076e-02,1.286167e-02,3.182377e-03,4.179738e-02,3.177486e-02,6.814225e-01,8.402471e-04,7.453392e-04,1.136385e-03,6.971808e-03,9.477501e-03,3.888818e-04,2.505643e-03
1.966493e-01,1.998071e-03,6.489621e-02,1.000056e-02,4.846955e-03,3.713956e-02,4.492555e-02,6.112260e-01,8.404894e-04,1.092777e-03,1.218550e-03,1.002600e-02,1.082689e-02,4.373231e-04,3.875726e-03
2.618533e-01,1.906726e-03,5.059366e-02,7.739421e-03,5.387540e-03,3.558872e-02,4.966637e-02,5.528102e-01,8.563806e-04,1.034525e-03,1.418132e-03,1.317633e-02,1.193865e-02,6.772408e-04,5.352744e-03
3.037927e-01,1.745375e-03,4.071648e-02,6.148197e-03,5.991493e-03,3.101614e-02,4.767182e-02,5.268739e-01,9.169275e-04,9.282682e-04,1.645996e-03,1.457082e-02,1.145936e-02,8.245450e-04,5.698007e-03
3.905550e-01,2.424103e-03,3.225955e-02,6.070130e-03,6.293941e-03,3.175831e-02,4.529229e-02,4.410945e-01,1.299592e-03,1.003081e-03,2.324801e-03,1.812493e-02,1.194822e-02,1.471893e-03,8.079721e-03
4.263025e-01,2.744515e-03,2.490055e-02,5.873601e-03,6.156348e-03,3.286358e-02,4.704886e-02,4.029472e-01,1.424599e-03,1.052640e-03,2.800559e-03,2.098474e-02,1.201859e-02,1.928767e-03,1.095300e-02
1.000000e+00,0.000000e+00,0.000000e+00,0.000000e+00,0.000000e+00,0.000000e+00,0.000000e+00,0.000000e+00,0.000000e+00,0.000000e+00,0.000000e+00,0.000000e+00,0.000000e+00,0.000000e+00,0.000000e+00
1.000000e+00,0.000000e+00,0.000000e+00,0.000000e+00,0.000000e+00,0.000000e+00,0.000000e+00,0.000000e+00,0.000000e+00,0.000000e+00,0.000000e+00,0.000000e+00,0.000000e+00,0.000000e+00,0.000000e+00
1.000000e+00,0.000000e+00,0.000000e+00,0.000000e+00,0.000000e+00,0.000000e+00,0.000000e+00,0.000000e+00,0.000000e+00,0.000000e+00,0.000000e+00,0.000000e+00,0.000000e+00,0.000000e+00,0.000000e+00
1.000000e+00,0.000000e+00,0.000000e+00,0.000000e+00,0.000000e+00,0.000000e+00,0.000000e+00,0.000000e+00,0.000000e+00,0.000000e+00,0.000000e+00,0.000000e+00,0.000000e+00,0.000000e+00,0.000000e+00
4.115922e-01,1.752047e-02,8.454631e-03,2.156162e-02,4.706689e-03,4.845207e-02,1.896855e-02,9.387002e-02,1.723574e-02,9.884423e-03,6.370725e-03,1.636128e-02,2.713112e-01,1.897968e-03,5.181237e-02
2.943430e-01,5.654877e-02,1.104346e-02,4.166449e-02,5.723466e-03,3.670449e-02,1.418676e-02,6.601144e-02,4.580037e-02,2.553045e-02,4.977623e-03,1.248203e-02,2.761837e-01,1.839297e-03,1.069607e-01
2.436030e-01,4.829353e-02,8.617560e-03,4.684715e-02,7.040899e-03,3.894773e-02,1.090997e-02,4.673753e-02,6.265184e-02,2.021924e-02,5.550283e-03,1.262669e-02,3.176720e-01,3.267042e-03,1.270155e-01
1.790939e-01,8.878295e-02,7.950103e-03,9.254684e-02,7.211490e-03,3.165904e-02,8.148703e-03,3.301294e-02,1.089374e-01,2.096645e-02,6.365176e-03,1.246499e-02,2.814451e-01,4.084336e-03,1.173307e-01
1.378594e-01,7.786240e-02,6.656301e-03,9.328472e-02,6.447423e-03,3.059829e-02,6.727847e-03,2.380656e-02,1.115352e-01,1.802441e-02,1.138270e-02,2.661776e-02,3.336136e-01,5.331752e-03,1.102517e-01
1.282520e-01,7.185124e-02,5.520959e-03,7.990967e-02,4.921836e-03,3.355220e-02,5.619220e-03,1.741558e-02,1.095390e-01,1.384832e-02,1.378311e-02,3.061973e-02,3.841651e-01,5.263302e-03,9.573886e-02
1.032038e-01,1.431356e-01,5.707149e-03,6.554090e-02,3.643114e-03,2.653166e-02,4.108192e-03,1.254304e-02,1.933183e-01,1.090947e-02,1.153498e-02,3.257242e-02,2.971346e-01,6.445723e-03,8.367113e-02
8.778587e-02,1.044412e-01,4.469133e-03,4.991459e-02,2.948117e-03,3.366548e-02,3.354685e-03,9.192644e-03,1.462340e-01,7.795855e-03,9.397028e-03,6.390643e-02,4.099521e-01,4.717816e-03,6.222507e-02
7.628438e-02,7.394718e-02,3.315190e-03,3.677910e-02,3.390251e-03,3.322022e-02,2.917438e-03,6.851256e-03,1.161836e-01,5.779111e-03,8.484991e-03,6.715751e-02,5.124708e-01,3.485403e-03,4.973368e-02
7.586561e-02,5.221739e-02,2.953870e-03,2.800568e-02,3.782449e-03,3.796099e-02,2.875072e-03,9.124724e-03,8.806302e-02,4.772416e-03,1.342352e-02,6.816766e-02,5.694262e-01,3.501709e-03,3.985973e-02
6.717638e-02,3.756505e-02,2.650270e-03,2.253000e-02,6.085727e-03,3.732678e-02,2.757556e-03,7.737157e-03,7.616278e-02,4.192441e-03,1.951483e-02,6.980395e-02,6.100082e-01,3.263857e-03,3.322499e-02
8.071990e-02,2.850356e-02,5.553832e-03,1.853382e-02,7.471132e-03,8.107331e-02,2.181978e-03,6.479790e-03,6.378619e-02,5.124322e-03,2.629227e-02,8.891094e-02,5.528933e-01,3.527790e-03,2.894789e-02
7.896640e-02,2.211102e-02,6.034216e-03,1.851533e-02,1.066120e-02,1.413849e-01,1.992513e-03,6.101871e-03,5.814053e-02,7.292978e-03,3.517031e-02,1.146494e-01,4.706417e-01,4.073888e-03,2.426373e-02
7.117371e-02,1.720976e-02,5.380771e-03,1.527188e-02,1.118493e-02,1.823943e-01,1.514770e-03,5.139549e-03,4.790119e-02,9.597667e-03,5.669109e-02,1.796651e-01,3.727044e-01,4.664304e-03,1.950661e-02
5.536199e-02,1.528603e-02,4.877715e-03,1.196759e-02,1.084491e-02,2.057912e-01,1.530399e-03,4.021795e-03,3.736963e-02,7.795990e-03,7.535104e-02,2.725250e-01,2.748300e-01,6.443318e-03,1.600328e-02
4.172810e-02,1.221672e-02,4.124158e-03,8.919757e-03,9.253323e-03,2.120640e-01,1.237788e-03,3.065635e-03,3.256894e-02,5.752869e-03,1.299261e-01,3.093202e-01,1.992674e-01,1.734727e-02,1.320760e-02
3.113430e-02,9.391544e-03,4.032545e-03,7.026633e-03,7.979618e-03,1.924651e-01,9.771191e-04,2.325116e-03,2.685724e-02,4.404376e-03,2.204475e-01,2.710139e-01,1.424590e-01,6.899612e-02,1.048973e-02
2.285859e-02,7.348621e-03,4.277840e-03,6.027786e-03,7.306230e-03,1.411227e-01,7.672930e-04,1.859241e-03,2.208341e-02,3.571291e-03,3.386760e-01,2.266535e-01,1.005037e-01,1.088721e-01,8.071688e-03
1.883192e-02,7.775762e-03,7.750862e-03,5.400889e-03,1.112015e-02,1.068134e-01,7.484384e-04,1.549680e-03,2.178331e-02,3.084953e-03,3.880233e-01,2.012309e-01,7.176311e-02,1.477089e-01,6.414468e-03
1.444349e-02,5.918847e-03,5.957098e-03,4.108427e-03,1.258886e-02,7.875825e-02,6.330690e-04,1.232797e-03,1.761086e-02,2.390736e-03,4.675487e-01,1.602739e-01,5.106932e-02,1.727672e-01,4.698446e-03
1.127732e-02,4.381651e-03,4.322117e-03,3.037299e-03,1.027234e-02,5.748732e-02,4.654447e-04,9.131246e-04,1.500741e-02,1.860697e-03,4.924326e-01,1.215520e-01,3.634783e-02,2.372024e-01,3.440435e-03
8.634589e-03,5.995313e-03,4.210239e-03,2.753136e-03,1.206654e-02,4.097794e-02,3.961807e-04,9.920581e-04,5.118991e-02,1.981529e-03,4.815432e-01,9.422994e-02,2.553112e-02,2.662759e-01,3.222306e-03
6.627652e-03,4.721036e-03,3.861896e-03,2.281669e-03,1.466409e-02,2.992085e-02,3.076245e-04,9.854090e-04,8.035279e-02,1.939222e-03,4.654712e-01,7.090323e-02,1.798031e-02,2.970926e-01,2.890441e-03
5.001365e-03,3.772500e-03,3.148888e-03,2.033621e-03,1.314838e-02,2.175539e-02,2.339887e-04,7.670624e-04,1.824595e-01,2.882932e-03,3.988199e-01,5.296962e-02,1.264249e-02,2.965046e-01,3.859763e-03
3.616479e-03,3.357967e-03,2.370318e-03,1.609182e-03,9.613286e-03,1.583548e-02,1.697740e-04,5.662898e-04,3.241822e-01,2.700598e-03,3.225873e-01,3.826539e-02,8.860593e-03,2.611921e-01,5.073048e-03
2.664082e-03,2.654440e-03,1.843273e-03,1.194770e-03,6.908040e-03,1.217442e-02,1.258854e-04,4.319416e-04,3.626388e-01,2.566032e-03,2.702312e-01,2.831960e-02,6.220820e-03,2.969648e-01,5.061883e-03
2.024855e-03,2.171111e-03,1.503730e-03,8.738388e-04,5.006289e-03,1.110074e-02,9.709645e-05,4.216961e-04,3.525346e-01,2.458008e-03,2.460147e-01,2.300756e-02,4.387555e-03,3.443798e-01,4.018458e-03
1.538165e-03,2.113182e-03,1.288336e-03,6.441763e-04,3.588289e-03,9.899420e-03,7.301666e-05,3.171384e-04,4.413096e-01,2.837473e-03,1.992470e-01,1.673054e-02,3.088014e-03,3.138379e-01,3.487768e-03
1.457478e-03,8.566884e-03,1.929983e-03,5.718590e-04,2.632351e-03,2.285054e-02,9.896475e-05,4.774673e-04,5.516853e-01,2.634103e-03,1.582529e-01,1.181681e-02,2.180570e-03,2.308941e-01,3.950618e-03
3.810829e-03,6.149900e-03,6.153625e-03,1.899917e-03,2.099049e-03,1.066836e-01,1.696983e-04,1.397406e-03,5.382233e-01,2.105231e-03,1.483836e-01,8.311594e-03,1.554066e-03,1.695280e-01,3.530138e-03
1.664930e-02,4.712956e-03,7.206600e-03,2.235386e-03,3.171340e-03,1.290279e-01,4.209530e-04,1.646033e-03,4.638078e-01,1.870455e-03,2.277178e-01,5.939066e-03,1.283417e-03,1.297386e-01,4.572392e-03
5.572093e-02,3.428977e-03,8.251635e-03,5.691942e-03,3.211438e-03,1.690769e-01,5.605854e-04,4.341198e-03,3.790181e-01,1.450120e-03,2.554339e-01,5.397866e-03,2.062523e-03,1.019488e-01,4.405099e-03
8.927496e-02,2.657975e-03,2.149887e-02,4.171368e-02,4.496090e-03,1.837429e-01,7.865242e-04,8.021502e-03,3.152944e-01,1.892800e-03,2.326439e-01,4.978959e-03,2.397048e-03,8.325568e-02,7.344891e-03
1.179172e-01,2.176904e-03,2.323231e-02,4.444591e-02,5.729613e-03,1.537593e-01,7.493259e-04,7.245392e-03,2.976769e-01,2.831083e-03,2.472158e-01,4.338823e-03,2.423214e-03,7.530802e-02,1.495022e-02
1.173826e-01,1.668671e-03,1.968786e-02,3.973672e-02,5.711727e-03,1.141923e-01,5.894902e-04,6.362298e-03,2.531978e-01,2.462977e-03,3.525367e-01,3.749273e-03,2.405874e-03,6.634258e-02,1.397319e-02
1.418787e-01,1.551246e-03,1.701629e-02,3.179493e-02,6.273679e-03,9.742813e-02,6.914099e-04,6.335445e-03,2.136735e-01,2.530165e-03,3.743007e-01,4.875503e-03,3.237352e-03,7.547896e-02,2.293416e-02
1.400320e-01,1.933297e-03,4.515174e-02,9.003107e-02,7.941267e-03,7.277107e-02,6.954540e-04,7.773635e-03,1.876453e-01,2.501726e-03,3.459377e-01,5.723421e-03,3.436627e-03,6.468038e-02,2.374541e-02
1.461557e-01,2.825535e-03,4.702435e-02,1.154643e-01,1.868472e-02,7.435527e-02,7.257099e-04,8.140408e-03,1.616511e-01,3.052762e-03,3.235975e-01,4.942308e-03,3.092358e-03,6.664349e-02,2.364456e-02
1.522596e-01,4.101947e-03,5.411428e-02,1.530027e-01,3.115241e-02,7.625549e-02,1.186175e-03,1.073552e-02,1.345062e-01,5.904926e-03,2.739837e-01,4.717760e-03,3.103838e-03,6.259983e-02,3.237560e-02
2.260831e-01,6.515122e-03,4.689680e-02,1.615690e-01,3.723950e-02,9.074883e-02,1.578799e-03,1.083288e-02,1.152071e-01,5.115383e-03,2.059101e-01,4.465836e-03,3.230387e-03,5.900137e-02,2.560573e-02
2.344239e-01,1.168641e-02,4.114331e-02,1.758109e-01,4.562287e-02,1.279179e-01,1.919615e-03,1.127408e-02,1.052454e-01,4.587213e-03,1.545766e-01,4.029613e-03,3.281543e-03,5.698559e-02,2.149491e-02
2.401095e-01,1.789520e-02,3.945761e-02,1.669862e-01,4.425892e-02,1.365432e-01,2.151838e-03,1.013657e-02,1.381325e-01,4.528272e-03,1.198458e-01,4.478740e-03,3.137344e-03,5.046085e-02,2.187754e-02
1.767219e-01,1.471826e-02,2.822096e-02,1.183745e-01,3.162237e-02,9.953074e-02,1.564460e-03,7.306830e-03,1.246959e-01,8.506899e-03,8.464489e-02,3.906489e-03,3.866400e-03,4.744932e-02,2.488700e-01
1.501310e-01,1.197190e-02,2.051675e-02,8.694081e-02,2.315159e-02,7.184074e-02,1.292457e-03,5.747392e-03,1.186345e-01,1.058869e-02,6.133207e-02,4.094325e-03,7.677583e-03,4.269764e-02,3.833825e-01
1.078892e-01,1.060683e-02,1.477319e-02,6.126689e-02,1.631999e-02,5.051500e-02,9.241260e-04,4.085798e-03,1.033937e-01,3.864215e-02,4.336971e-02,3.023580e-03,5.850445e-03,4.953616e-02,4.898033e-01
7.768172e-02,1.934304e-02,1.100064e-02,5.120461e-02,1.163649e-02,3.547934e-02,6.691427e-04,2.925520e-03,1.262792e-01,3.050335e-02,3.109314e-02,2.812465e-03,5.735409e-03,4.020373e-02,5.534322e-01
5.651324e-02,1.527560e-02,7.925236e-03,3.616691e-02,8.191760e-03,2.503965e-02,4.911065e-04,2.070669e-03,9.330489e-02,2.357899e-02,2.293934e-02,4.372581e-03,4.788980e-03,6.389787e-02,6.354432e-01
4.094277e-02,1.100649e-02,5.664730e-03,2.536552e-02,5.780832e-03,1.758182e-02,3.758905e-04,1.460392e-03,6.634717e-02,1.929118e-02,2.070990e-02,4.295940e-03,3.478782e-03,2.019826e-01,5.757160e-01
3.045393e-02,7.924058e-03,4.143487e-03,1.790195e-02,4.112377e-03,1.247899e-02,3.235226e-04,1.033847e-03,4.885008e-02,1.518339e-02,2.309289e-02,6.224529e-03,2.617507e-03,2.260104e-01,5.996490e-01
3.851309e-02,5.766207e-03,3.113681e-03,1.266695e-02,3.689787e-03,8.970872e-03,2.980588e-04,7.803070e-04,3.589033e-02,2.946222e-02,2.626129e-02,9.352027e-03,3.432514e-03,3.240530e-01,4.977496e-01
3.862539e-02,4.331743e-03,2.384855e-03,8.926615e-03,2.876757e-03,6.437216e-03,2.470742e-04,5.776542e-04,2.706509e-02,2.515881e-02,2.776067e-02,9.678682e-03,2.852049e-03,3.850172e-01,4.580602e-01
2.756235e-02,3.080466e-03,1.726598e-03,6.253182e-03,2.096638e-03,4.556624e-03,1.761016e-04,4.088496e-04,1.955276e-02,2.306552e-02,3.170670e-02,7.165856e-03,2.070632e-03,5.158927e-01,3.546850e-01
1.938732e-02,2.176255e-03,1.260933e-03,4.381971e-03,1.638014e-03,3.226227e-03,1.291976e-04,2.884655e-04,1.394549e-02,4.560880e-02,3.356959e-02,5.241107e-03,1.540072e-03,6.086157e-01,2.589908e-01
1.365434e-02,1.531987e-03,9.203032e-04,3.073197e-03,1.325618e-03,2.416297e-03,9.926104e-05,2.056845e-04,1.013129e-02,1.760112e-01,2.752775e-02,3.882244e-03,1.356242e-03,5.607340e-01,1.971306e-01
9.957155e-03,1.101103e-03,9.542613e-04,2.184912e-03,1.234622e-03,2.062517e-03,8.900877e-05,1.567754e-04,8.016781e-03,3.288321e-01,2.637604e-02,3.566875e-03,1.944112e-03,4.689843e-01,1.445393e-01
7.454118e-03,8.206751e-04,1.116888e-03,1.639946e-03,1.880959e-03,2.286066e-03,1.430020e-04,1.655574e-04,8.139946e-03,3.678421e-01,5.071867e-02,4.243767e-03,3.413865e-03,4.254074e-01,1.247269e-01
7.398318e-03,6.759963e-04,1.210383e-03,3.138830e-03,3.639607e-03,3.552310e-03,6.554734e-04,5.255214e-04,8.966941e-03,3.565223e-01,1.097278e-01,5.023781e-03,6.130583e-03,3.325231e-01,1.603091e-01
1.055443e-02,9.812592e-04,1.586860e-03,1.477552e-02,9.098818e-02,3.260656e-03,1.487873e-03,2.180165e-02,3.953060e-02,3.117860e-01,9.091436e-02,3.748425e-03,6.104568e-03,2.567856e-01,1.456941e-01
1.585282e-02,2.244057e-03,3.163856e-03,2.387931e-02,1.963244e-01,3.239132e-03,4.026229e-03,4.044463e-02,7.036140e-02,2.467825e-01,7.877914e-02,2.807819e-03,5.425304e-03,1.904262e-01,1.162432e-01
2.166829e-02,3.393862e-03,3.746588e-03,2.959585e-02,3.153787e-01,2.874563e-03,5.674365e-03,4.555482e-02,1.103451e-01,1.748174e-01,6.088858e-02,2.030378e-03,4.599756e-03,1.341063e-01,8.532545e-02
1.990238e-02,1.267268e-02,4.689518e-03,2.346656e-02,3.423797e-01,2.487676e-03,5.280674e-03,4.138748e-02,2.110138e-01,1.234392e-01,4.567969e-02,1.555861e-03,4.006149e-03,9.472606e-02,6.731251e-02
1.765497e-02,1.532743e-02,5.628383e-03,3.285135e-02,3.091486e-01,2.274135e-03,4.579348e-03,3.574124e-02,3.339215e-01,8.783141e-02,3.322107e-02,1.241029e-03,3.366030e-03,6.641073e-02,5.080276e-02
1.446127e-02,1.680844e-02,5.277668e-02,2.045425e-01,2.272965e-01,1.674087e-03,3.303707e-03,2.783892e-02,2.743993e-01,6.293228e-02,2.401717e-02,9.398791e-04,2.589270e-03,4.650480e-02,3.991518e-02
2.111896e-02,1.946973e-02,8.222297e-02,3.052542e-01,1.815939e-01,1.410335e-03,2.542029e-03,2.732292e-02,2.236849e-01,4.626954e-02,1.921337e-02,8.540995e-04,2.508975e-03,3.261996e-02,3.391403e-02
8.442174e-02,2.773671e-02,8.875461e-02,2.476556e-01,1.899351e-01,2.950114e-03,3.371823e-03,2.870600e-02,2.145796e-01,3.447162e-02,1.794160e-02,1.803067e-03,3.958422e-03,2.351628e-02,3.019769e-02
8.222938e-02,2.945633e-02,6.578103e-02,2.180898e-01,2.984718e-01,7.270195e-03,1.407452e-02,3.002180e-02,1.726602e-01,2.451386e-02,1.375022e-02,1.767902e-03,3.375253e-03,1.661531e-02,2.192236e-02
7.900530e-02,3.464840e-02,5.866631e-02,2.667127e-01,2.735699e-01,2.844550e-02,1.210276e-02,3.016222e-02,1.446328e-01,2.234787e-02,1.336413e-02,2.016844e-03,3.787626e-03,1.193402e-02,1.860363e-02
5.697107e-02,2.944590e-02,4.182677e-02,2.626472e-01,2.012611e-01,4.745632e-02,8.706260e-03,2.262118e-02,1.386278e-01,2.035762e-02,1.371339e-01,1.816136e-03,6.574474e-03,8.832016e-03,1.572231e-02
4.067064e-02,2.127584e-02,2.961379e-02,1.965826e-01,1.419627e-01,3.738016e-02,6.149714e-03,1.606083e-02,1.072926e-01,1.774522e-02,3.540148e-01,1.678703e-03,8.291435e-03,6.837966e-03,1.444283e-02
3.052473e-02,1.566225e-02,2.172292e-02,1.411653e-01,1.022797e-01,2.690939e-02,4.444508e-03,1.181909e-02,1.452070e-01,1.448360e-02,4.314250e-01,2.428666e-03,1.739870e-02,8.148947e-03,2.638019e-02
2.305146e-02,1.257908e-02,1.650884e-02,1.013261e-01,7.367814e-02,1.964518e-02,3.391344e-03,9.276178e-03,1.938981e-01,1.283559e-02,4.192563e-01,5.440542e-03,4.069626e-02,1.340911e-02,5.500768e-02
1.686583e-02,1.041869e-02,1.300955e-02,7.460367e-02,5.315032e-02,1.459484e-02,2.698431e-03,7.163276e-03,1.732167e-01,1.791297e-02,3.558576e-01,8.556768e-03,6.169071e-02,3.683814e-02,1.534225e-01
1.792351e-02,1.042291e-02,1.618312e-02,5.737707e-02,4.043078e-02,1.404156e-02,2.701232e-03,9.140874e-03,1.445863e-01,1.616681e-02,3.405974e-01,7.999704e-03,5.147268e-02,6.631226e-02,2.046438e-01
1.539763e-02,1.010626e-02,1.565369e-02,5.109740e-02,3.062248e-02,1.810426e-02,2.266159e-03,7.855652e-03,1.595917e-01,1.349664e-02,2.791280e-01,7.863566e-03,4.150905e-02,7.105565e-02,2.762518e-01
2.055973e-02,9.249632e-03,1.206746e-02,4.161387e-02,2.365116e-02,2.619040e-02,1.794898e-03,5.932254e-03,1.534609e-01,1.198313e-02,2.316677e-01,7.001418e-03,3.891278e-02,1.007411e-01,3.151736e-01
1.961600e-02,7.935877e-03,9.718956e-03,3.463110e-02,1.793629e-02,2.794296e-02,1.409749e-03,4.864853e-03,1.467611e-01,1.047375e-02,1.930612e-01,5.959217e-03,3.803085e-02,2.006667e-01,2.809914e-01
1.676915e-02,6.852755e-03,7.544680e-03,2.659289e-02,1.353594e-02,2.422632e-02,1.027699e-03,4.201467e-03,1.288211e-01,1.448930e-02,1.770432e-01,7.852716e-03,3.887972e-02,1.674272e-01,3.647358e-01
1.601304e-02,5.753142e-03,5.805298e-03,2.059554e-02,9.808592e-03,1.951189e-02,7.788839e-04,3.146536e-03,1.083416e-01,1.389536e-02,3.187582e-01,2.446304e-02,4.128918e-02,1.301922e-01,2.816475e-01
1.504271e-02,4.326833e-03,4.215869e-03,1.661694e-02,7.086233e-03,1.626047e-02,5.841723e-04,2.390531e-03,8.742815e-02,1.218271e-02,4.211510e-01,6.315637e-02,4.290077e-02,1.006221e-01,2.060351e-01
1.363116e-02,3.221757e-03,3.131653e-03,1.298016e-02,7.680813e-03,1.222288e-02,4.684644e-04,1.805942e-03,7.213917e-02,1.355655e-02,5.048254e-01,8.981799e-02,3.705953e-02,8.081437e-02,1.466441e-01
1.115850e-02,2.427068e-03,2.296143e-03,9.904527e-03,7.003466e-03,9.022636e-03,4.455960e-04,1.369697e-03,5.787558e-02,1.888124e-02,5.676152e-01,9.152286e-02,3.547627e-02,6.387614e-02,1.211251e-01
8.100085e-03,1.973630e-03,1.689539e-03,7.092176e-03,4.685748e-02,6.936313e-03,1.714590e-03,1.411229e-03,1.193766e-01,1.576404e-02,5.334033e-01,7.623975e-02,3.424472e-02,4.703169e-02,9.816486e-02
6.861371e-03,4.126545e-03,2.195626e-03,6.792072e-03,5.338834e-02,6.404526e-03,5.906470e-03,8.968137e-03,2.842639e-01,1.238757e-02,4.147417e-01,6.089238e-02,2.845869e-02,3.418076e-02,7.043190e-02
5.142341e-03,6.306481e-03,1.749163e-03,4.885164e-03,4.466217e-02,5.151771e-03,5.013552e-03,1.026595e-02,4.673519e-01,9.026635e-03,2.992672e-01,4.594478e-02,2.101853e-02,2.464836e-02,4.956600e-02
7.732493e-03,5.327990e-03,3.107955e-03,3.756882e-03,7.114610e-02,6.848785e-03,1.089629e-02,6.488897e-02,4.968250e-01,6.630375e-03,2.207182e-01,3.260789e-02,1.683426e-02,1.762333e-02,3.505549e-02
7.262629e-03,5.198253e-03,3.600881e-03,3.598339e-03,9.728077e-02,1.222384e-02,9.115192e-03,4.818373e-02,5.547795e-01,5.466136e-03,1.727381e-01,2.439453e-02,1.709811e-02,1.278264e-02,2.627731e-02
9.324243e-03,4.621077e-03,3.656131e-03,2.865264e-03,1.286417e-01,1.063472e-02,8.223400e-03,3.429092e-02,5.435725e-01,6.389542e-03,1.738702e-01,2.191391e-02,2.354793e-02,9.308189e-03,1.914028e-02
7.079074e-03,7.349480e-03,3.312557e-03,3.365237e-03,1.065616e-01,9.674245e-03,6.061770e-03,2.419677e-02,6.342251e-01,4.993032e-03,1.336222e-01,1.761799e-02,2.049446e-02,6.838150e-03,1.460835e-02
6.915146e-03,9.094000e-03,6.904414e-03,5.765023e-03,1.016896e-01,9.824649e-03,7.733439e-03,3.310506e-02,6.458558e-01,5.201711e-03,1.134821e-01,1.424529e-02,2.156483e-02,5.772891e-03,1.284612e-02
8.482510e-03,2.092690e-02,9.232026e-03,7.169123e-03,1.019536e-01,1.173383e-02,8.673264e-03,3.124689e-02,6.535263e-01,4.974446e-03,8.911285e-02,1.051072e-02,2.720254e-02,4.266093e-03,1.098901e-02
1.112614e-02,3.973010e-02,1.073509e-02,7.756155e-03,1.022801e-01,1.789336e-02,8.825662e-03,2.452314e-02,6.612848e-01,5.205847e-03,6.835540e-02,7.887207e-03,2.124707e-02,3.263248e-03,9.886762e-03
1.029479e-02,1.114138e-01,1.473424e-02,3.673683e-02,7.589696e-02,1.614736e-02,6.384694e-03,1.757788e-02,5.896735e-01,9.211369e-03,5.703869e-02,6.568857e-03,2.077092e-02,3.358045e-03,2.419218e-02
1.255903e-02,1.657274e-01,1.195303e-02,3.159672e-02,5.967514e-02,1.665474e-02,5.563420e-03,1.407907e-02,4.568809e-01,8.496517e-03,5.433997e-02,9.378092e-03,1.135658e-01,4.213639e-03,3.531653e-02
1.107957e-02,1.636494e-01,1.194167e-02,2.986936e-02,4.425016e-02,1.307182e-02,4.248584e-03,1.044322e-02,3.465289e-01,7.936204e-03,4.364161e-02,8.958889e-03,2.218525e-01,6.646051e-03,7.588209e-02
1.290174e-02,1.513974e-01,9.577108e-03,2.731704e-02,3.206529e-02,1.241051e-02,3.259186e-03,9.449513e-03,3.668931e-01,6.617010e-03,3.420239e-02,1.362382e-02,2.530245e-01,5.843285e-03,6.141821e-02
1.209966e-02,1.214883e-01,7.890265e-03,4.785458e-02,2.567589e-02,1.134259e-02,2.562092e-03,7.096094e-03,2.956835e-01,6.237996e-03,5.548531e-02,2.106459e-02,3.051778e-01,1.494711e-02,6.539420e-02
8.923938e-03,8.605915e-02,5.927127e-03,3.819148e-02,1.926003e-02,9.260521e-03,1.919514e-03,5.103885e-03,2.110597e-01,4.762408e-03,4.976700e-02,2.911991e-02,4.653550e-01,1.562094e-02,4.966930e-02
7.628355e-03,6.113528e-02,5.234966e-03,2.729569e-02,1.588538e-02,6.950510e-03,1.541195e-03,3.717367e-03,1.508425e-01,3.671730e-03,4.378058e-02,3.517262e-02,5.713384e-01,1.587135e-02,4.993420e-02
6.623622e-03,4.373879e-02,4.893173e-03,2.040753e-02,1.197649e-02,6.489859e-03,1.281582e-03,2.759322e-03,1.109591e-01,3.986687e-03,3.673004e-02,4.835923e-02,6.343380e-01,2.346502e-02,4.399152e-02
5.462499e-03,3.134612e-02,3.646241e-03,1.452603e-02,8.853864e-03,1.118402e-02,1.334605e-03,1.952713e-03,7.860541e-02,4.005578e-03,3.449860e-02,9.399544e-02,6.609126e-01,1.756059e-02,3.211568e-02
4.029084e-03,2.201521e-02,2.590562e-03,1.030381e-02,6.726126e-03,8.648362e-03,1.071720e-03,1.386152e-03,5.704942e-02,4.327666e-03,4.184317e-02,8.443457e-02,7.197244e-01,1.233441e-02,2.351529e-02
3.023417e-03,1.543126e-02,1.816873e-03,7.304024e-03,4.784489e-03,6.735632e-03,7.832614e-04,9.899653e-04,4.075188e-02,4.525962e-03,4.327049e-02,1.131463e-01,7.318454e-01,8.691738e-03,1.689926e-02
2.583443e-03,1.088666e-02,1.354832e-03,5.284547e-03,3.603700e-03,6.146880e-03,5.975050e-04,7.189846e-04,3.002303e-02,5.215308e-03,5.851967e-02,1.404230e-01,7.152022e-01,6.225550e-03,1.321470e-02
3.206172e-03,8.074938e-03,1.436515e-03,3.753830e-03,3.372506e-03,4.789138e-03,4.590486e-04,5.326092e-04,2.506910e-02,8.299592e-03,5.706578e-02,1.331739e-01,7.351722e-01,4.487255e-03,1.110746e-02
2.568029e-03,1.605805e-02,8.217160e-02,2.657376e-03,2.752915e-03,3.500633e-03,3.516485e-04,4.111505e-04,2.621841e-02,1.510829e-02,4.806330e-02,1.016386e-01,6.872565e-01,3.170005e-03,8.073599e-03
2.008503e-03,2.505701e-01,5.775076e-02,1.869983e-03,2.003572e-03,2.526336e-03,2.491470e-04,3.362587e-04,6.366763e-02,1.242716e-02,3.548589e-02,7.227259e-02,4.908606e-01,2.219621e-03,5.751848e-03
1.422849e-03,4.257070e-01,4.047333e-02,1.317567e-03,1.656753e-03,1.795670e-03,1.750750e-04,2.442374e-04,9.279080e-02,8.949733e-03,2.497769e-02,5.074622e-02,3.441555e-01,1.553855e-03,4.033776e-03
1.711613e-03,5.121000e-01,2.844816e-02,2.154027e-03,1.583253e-03,3.127015e-03,1.352651e-04,2.125135e-04,1.389355e-01,7.737436e-03,2.115449e-02,3.592875e-02,2.420796e-01,1.122127e-03,3.570298e-03
1.696743e-03,5.847206e-01,2.031708e-02,2.372922e-03,3.691366e-03,2.545540e-03,1.051045e-04,3.946405e-04,1.608727e-01,5.877798e-03,1.739676e-02,2.543849e-02,1.709515e-01,7.909636e-04,2.827767e-03
3.390730e-03,5.557939e-01,1.520021e-02,8.609335e-03,4.408487e-02,6.248086e-03,3.315202e-04,1.097133e-02,1.971569e-01,4.189338e-03,1.256871e-02,1.792288e-02,1.201251e-01,5.652949e-04,2.841785e-03
1.135712e-02,4.890269e-01,1.163599e-02,1.116771e-02,8.627015e-02,1.394414e-02,9.078033e-04,1.090890e-02,2.526135e-01,3.021560e-03,8.974488e-03,1.259431e-02,8.423845e-02,4.110961e-04,2.927882e-03
1.758849e-02,3.935296e-01,1.259449e-02,7.787915e-02,1.342532e-01,2.425752e-02,2.564782e-03,1.578888e-02,2.237005e-01,3.207330e-03,6.469855e-03,8.908095e-03,5.917380e-02,3.060004e-04,1.977832e-02
1.693454e-02,2.860209e-01,2.295233e-02,2.297261e-01,1.609727e-01,2.790584e-02,4.689952e-03,1.492271e-02,1.640499e-01,2.460575e-03,4.796627e-03,6.265157e-03,4.149829e-02,2.227631e-04,1.658150e-02
2.148397e-02,2.163280e-01,3.975885e-02,2.757057e-01,1.911881e-01,4.185709e-02,7.431575e-03,1.143193e-02,1.267853e-01,2.797831e-03,3.737996e-03,4.433926e-03,2.944332e-02,1.960209e-04,2.742037e-02
2.219994e-02,1.857807e-01,9.443288e-02,2.820107e-01,1.671683e-01,4.156194e-02,7.001408e-03,8.771840e-03,9.420057e-02,4.077097e-03,3.067242e-03,3.186661e-03,2.106158e-02,2.988913e-04,6.518018e-02
4.978938e-02,1.561917e-01,1.204129e-01,2.305706e-01,1.863977e-01,5.406374e-02,8.649663e-03,6.667602e-03,7.925703e-02,4.061463e-03,2.909980e-03,2.355248e-03,1.571530e-02,5.114098e-04,8.244625e-02
9.196145e-02,1.532486e-01,1.079060e-01,1.796024e-01,2.218292e-01,7.546224e-02,1.039616e-02,5.034391e-03,7.027976e-02,3.022265e-03,2.807635e-03,1.937483e-03,1.211043e-02,8.600284e-04,6.354198e-02
1.511827e-01,1.378252e-01,8.509995e-02,1.622308e-01,1.975491e-01,8.052396e-02,1.070163e-02,4.353271e-03,9.909393e-02,2.338192e-03,3.987502e-03,2.011099e-03,1.220855e-02,1.729802e-03,4.916428e-02
1.779190e-01,1.415586e-01,6.574872e-02,1.449552e-01,1.575344e-01,1.073391e-01,8.915529e-03,3.650070e-03,1.317755e-01,1.833159e-03,4.080533e-03,1.995128e-03,1.090891e-02,2.317457e-03,3.946877e-02
2.087947e-01,1.510073e-01,5.597474e-02,1.356139e-01,1.230572e-01,1.107737e-01,7.536384e-03,4.079479e-03,1.302527e-01,2.053307e-03,4.946849e-03,4.814972e-03,9.833092e-03,5.983348e-03,4.527840e-02
1.829031e-01,1.890225e-01,4.445242e-02,1.960280e-01,9.190065e-02,8.306253e-02,5.744249e-03,3.716212e-03,1.052189e-01,3.533599e-03,6.704213e-03,5.167879e-03,8.338138e-03,4.749635e-03,6.945801e-02
1.285659e-01,3.580973e-01,6.969983e-02,1.378255e-01,6.493796e-02,5.845226e-02,4.031131e-03,2.676825e-03,7.628351e-02,2.633312e-03,1.759652e-02,3.702211e-03,6.310084e-03,1.172046e-02,5.746726e-02
9.034342e-02,3.288877e-01,7.406610e-02,9.775893e-02,4.553619e-02,4.172551e-02,2.847533e-03,1.967838e-03,5.726118e-02,3.392217e-03,1.672598e-01,3.140700e-03,5.748298e-03,3.479030e-02,4.527441e-02
6.354882e-02,2.634318e-01,5.755229e-02,6.886324e-02,3.191190e-02,3.100779e-02,2.003860e-03,1.438680e-03,4.084730e-02,2.605591e-03,3.308901e-01,2.582460e-03,5.046780e-03,6.436961e-02,3.389987e-02
4.463386e-02,1.855127e-01,4.076651e-02,4.833172e-02,2.238154e-02,2.230990e-02,1.409910e-03,1.039464e-03,2.878430e-02,1.957153e-03,4.662800e-01,3.722527e-03,3.684743e-03,1.053156e-01,2.387009e-02
3.129605e-02,1.301953e-01,2.866250e-02,3.394357e-02,1.577578e-02,1.609337e-02,9.946304e-04,7.430530e-04,2.060730e-02,1.513330e-03,5.392764e-01,5.666459e-03,2.626389e-03,1.558149e-01,1.679097e-02
