1.000000e+00,0.000000e+00,0.000000e+00,0.000000e+00,0.000000e+00,0.000000e+00,0.000000e+00,0.000000e+00,0.000000e+00,0.000000e+00,0.000000e+00,0.000000e+00,0.000000e+00,0.000000e+00,0.000000e+00
1.000000e+00,0.000000e+00,0.000000e+00,0.000000e+00,0.000000e+00,0.000000e+00,0.000000e+00,0.000000e+00,0.000000e+00,0.000000e+00,0.000000e+00,0.000000e+00,0.000000e+00,0.000000e+00,0.000000e+00
1.000000e+00,0.000000e+00,0.000000e+00,0.000000e+00,0.000000e+00,0.000000e+00,0.000000e+00,0.000000e+00,0.000000e+00,0.000000e+00,0.000000e+00,0.000000e+00,0.000000e+00,0.000000e+00,0.000000e+00
1.000000e+00,0.000000e+00,0.000000e+00,0.000000e+00,0.000000e+00,0.000000e+00,0.000000e+00,0.000000e+00,0.000000e+00,0.000000e+00,0.000000e+00,0.000000e+00,0.000000e+00,0.000000e+00,0.000000e+00
1.000000e+00,0.000000e+00,0.000000e+00,0.000000e+00,0.000000e+00,0.000000e+00,0.000000e+00,0.000000e+00,0.000000e+00,0.000000e+00,0.000000e+00,0.000000e+00,0.000000e+00,0.000000e+00,0.000000e+00
1.000000e+00,0.000000e+00,0.000000e+00,0.000000e+00,0.000000e+00,0.000000e+00,0.000000e+00,0.000000e+00,0.000000e+00,0.000000e+00,0.000000e+00,0.000000e+00,0.000000e+00,0.000000e+00,0.000000e+00
1.000000e+00,0.000000e+00,0.000000e+00,0.000000e+00,0.000000e+00,0.000000e+00,0.000000e+00,0.000000e+00,0.000000e+00,0.000000e+00,0.000000e+00,0.000000e+00,0.000000e+00,0.000000e+00,0.000000e+00
1.000000e+00,0.000000e+00,0.000000e+00,0.000000e+00,0.000000e+00,0.000000e+00,0.000000e+00,0.000000e+00,0.000000e+00,0.000000e+00,0.000000e+00,0.000000e+00,0.000000e+00,0.000000e+00,0.000000e+00
1.000000e+00,0.000000e+00,0.000000e+00,0.000000e+00,0.000000e+00,0.000000e+00,0.000000e+00,0.000000e+00,0.000000e+00,0.000000e+00,0.000000e+00,0.000000e+00,0.000000e+00,0.000000e+00,0.000000e+00
1.000000e+00,0.000000e+00,0.000000e+00,0.000000e+00,0.000000e+00,0.000000e+00,0.000000e+00,0.000000e+00,0.000000e+00,0.000000e+00,0.000000e+00,0.000000e+00,0.000000e+00,0.000000e+00,0.000000e+00
1.000000e+00,0.000000e+00,0.000000e+00,0.000000e+00,0.000000e+00,0.000000e+00,0.000000e+00,0.000000e+00,0.000000e+00,0.000000e+00,0.000000e+00,0.000000e+00,0.000000e+00,0.000000e+00,0.000000e+00
1.000000e+00,0.000000e+00,0.000000e+00,0.000000e+00,0.000000e+00,0.000000e+00,0.000000e+00,0.000000e+00,0.000000e+00,0.000000e+00,0.000000e+00,0.000000e+00,0.000000e+00,0.000000e+00,0.000000e+00
1.000000e+00,0.000000e+00,0.000000e+00,0.000000e+00,0.000000e+00,0.000000e+00,0.000000e+00,0.000000e+00,0.000000e+00,0.000000e+00,0.000000e+00,0.000000e+00,0.000000e+00,0.000000e+00,0.000000e+00
1.000000e+00,0.000000e+00,0.000000e+00,0.000000e+00,0.000000e+00,0.000000e+00,0.000000e+00,0.000000e+00,0.000000e+00,0.000000e+00,0.000000e+00,0.000000e+00,0.000000e+00,0.000000e+00,0.000000e+00
1.000000e+00,0.000000e+00,0.000000e+00,0.000000e+00,0.000000e+00,0.000000e+00,0.000000e+00,0.000000e+00,0.000000e+00,0.000000e+00,0.000000e+00,0.000000e+00,0.000000e+00,0.000000e+00,0.000000e+00
1.000000e+00,0.000000e+00,0.000000e+00,0.000000e+00,0.000000e+00,0.000000e+00,0.000000e+00,0.000000e+00,0.000000e+00,0.000000e+00,0.000000e+00,0.000000e+00,0.000000e+00,0.000000e+00,0.000000e+00
1.000000e+00,0.000000e+00,0.000000e+00,0.000000e+00,0.000000e+00,0.000000e+00,0.000000e+00,0.000000e+00,0.000000e+00,0.000000e+00,0.000000e+00,0.000000e+00,0.000000e+00,0.000000e+00,0.000000e+00
1.000000e+00,0.000000e+00,0.000000e+00,0.000000e+00,0.000000e+00,0.000000e+00,0.000000e+00,0.000000e+00,0.000000e+00,0.000000e+00,0.000000e+00,0.000000e+00,0.000000e+00,0.000000e+00,0.000000e+00
1.000000e+00,0.000000e+00,0.000000e+00,0.000000e+00,0.000000e+00,0.000000e+00,0.000000e+00,0.000000e+00,0.000000e+00,0.000000e+00,0.000000e+00,0.000000e+00,0.000000e+00,0.000000e+00,0.000000e+00
1.000000e+00,0.000000e+00,0.000000e+00,0.000000e+00,0.000000e+00,0.000000e+00,0.000000e+00,0.000000e+00,0.000000e+00,0.000000e+00,0.000000e+00,0.000000e+00,0.000000e+00,0.000000e+00,0.000000e+00
1.000000e+00,0.000000e+00,0.000000e+00,0.000000e+00,0.000000e+00,0.000000e+00,0.000000e+00,0.000000e+00,0.000000e+00,0.000000e+00,0.000000e+00,0.000000e+00,0.000000e+00,0.000000e+00,0.000000e+00
1.000000e+00,0.000000e+00,0.000000e+00,0.000000e+00,0.000000e+00,0.000000e+00,0.000000e+00,0.000000e+00,0.000000e+00,0.000000e+00,0.000000e+00,0.000000e+00,0.000000e+00,0.000000e+00,0.000000e+00
1.000000e+00,0.000000e+00,0.000000e+00,0.000000e+00,0.000000e+00,0.000000e+00,0.000000e+00,0.000000e+00,0.000000e+00,0.000000e+00,0.000000e+00,0.000000e+00,0.000000e+00,0.000000e+00,0.000000e+00
1.000000e+00,0.000000e+00,0.000000e+00,0.000000e+00,0.000000e+00,0.000000e+00,0.000000e+00,0.000000e+00,0.000000e+00,0.000000e+00,0.000000e+00,0.000000e+00,0.000000e+00,0.000000e+00,0.000000e+00
1.000000e+00,0.000000e+00,0.000000e+00,0.000000e+00,0.000000e+00,0.000000e+00,0.000000e+00,0.000000e+00,0.000000e+00,0.000000e+00,0.000000e+00,0.000000e+00,0.000000e+00,0.000000e+00,0.000000e+00
1.000000e+00,0.000000e+00,0.000000e+00,0.000000e+00,0.000000e+00,0.000000e+00,0.000000e+00,0.000000e+00,0.000000e+00,0.000000e+00,0.000000e+00,0.000000e+00,0.000000e+00,0.000000e+00,0.000000e+00
1.000000e+00,0.000000e+00,0.000000e+00,0.000000e+00,0.000000e+00,0.000000e+00,0.000000e+00,0.000000e+00,0.000000e+00,0.000000e+00,0.000000e+00,0.000000e+00,0.000000e+00,0.000000e+00,0.000000e+00
1.000000e+00,0.000000e+00,0.000000e+00,0.000000e+00,0.000000e+00,0.000000e+00,0.000000e+00,0.000000e+00,0.000000e+00,0.000000e+00,0.000000e+00,0.000000e+00,0.000000e+00,0.000000e+00,0.000000e+00
1.000000e+00,0.000000e+00,0.000000e+00,0.000000e+00,0.000000e+00,0.000000e+00,0.000000e+00,0.000000e+00,0.000000e+00,0.000000e+00,0.000000e+00,0.000000e+00,0.000000e+00,0.000000e+00,0.000000e+00
1.000000e+00,0.000000e+00,0.000000e+00,0.000000e+00,0.000000e+00,0.000000e+00,0.000000e+00,0.000000e+00,0.000000e+00,0.000000e+00,0.000000e+00,0.000000e+00,0.000000e+00,0.000000e+00,0.000000e+00
1.000000e+00,0.000000e+00,0.000000e+00,0.000000e+00,0.000000e+00,0.000000e+00,0.000000e+00,0.000000e+00,0.000000e+00,0.000000e+00,0.000000e+00,0.000000e+00,0.000000e+00,0.000000e+00,0.000000e+00
1.000000e+00,0.000000e+00,0.000000e+00,0.000000e+00,0.000000e+00,0.000000e+00,0.000000e+00,0.000000e+00,0.000000e+00,0.000000e+00,0.000000e+00,0.000000e+00,0.000000e+00,0.000000e+00,0.000000e+00
1.000000e+00,0.000000e+00,0.000000e+00,0.000000e+00,0.000000e+00,0.000000e+00,0.000000e+00,0.000000e+00,0.000000e+00,0.000000e+00,0.000000e+00,0.000000e+00,0.000000e+00,0.000000e+00,0.000000e+00
1.000000e+00,0.000000e+00,0.000000e+00,0.000000e+00,0.000000e+00,0.000000e+00,0.000000e+00,0.000000e+00,0.000000e+00,0.000000e+00,0.000000e+00,0.000000e+00,0.000000e+00,0.000000e+00,0.000000e+00
1.000000e+00,0.000000e+00,0.000000e+00,0.000000e+00,0.000000e+00,0.000000e+00,0.000000e+00,0.000000e+00,0.000000e+00,0.000000e+00,0.000000e+00,0.000000e+00,0.000000e+00,0.000000e+00,0.000000e+00
1.000000e+00,0.000000e+00,0.000000e+00,0.000000e+00,0.000000e+00,0.000000e+00,0.000000e+00,0.000000e+00,0.000000e+00,0.000000e+00,0.000000e+00,0.000000e+00,0.000000e+00,0.000000e+00,0.000000e+00
1.000000e+00,0.000000e+00,0.000000e+00,0.000000e+00,0.000000e+00,0.000000e+00,0.000000e+00,0.000000e+00,0.000000e+00,0.000000e+00,0.000000e+00,0.000000e+00,0.000000e+00,0.000000e+00,0.000000e+00
1.000000e+00,0.000000e+00,0.000000e+00,0.000000e+00,0.000000e+00,0.000000e+00,0.000000e+00,0.000000e+00,0.000000e+00,0.000000e+00,0.000000e+00,0.000000e+00,0.000000e+00,0.000000e+00,0.000000e+00
1.000000e+00,0.000000e+00,0.000000e+00,0.000000e+00,0.000000e+00,0.000000e+00,0.000000e+00,0.000000e+00,0.000000e+00,0.000000e+00,0.000000e+00,0.000000e+00,0.000000e+00,0.000000e+00,0.000000e+00
1.000000e+00,0.000000e+00,0.000000e+00,0.000000e+00,0.000000e+00,0.000000e+00,0.000000e+00,0.000000e+00,0.000000e+00,0.000000e+00,0.000000e+00,0.000000e+00,0.000000e+00,0.000000e+00,0.000000e+00
1.000000e+00,0.000000e+00,0.000000e+00,0.000000e+00,0.000000e+00,0.000000e+00,0.000000e+00,0.000000e+00,0.000000e+00,0.000000e+00,0.000000e+00,0.000000e+00,0.000000e+00,0.000000e+00,0.000000e+00
1.000000e+00,0.000000e+00,0.000000e+00,0.000000e+00,0.000000e+00,0.000000e+00,0.000000e+00,0.000000e+00,0.000000e+00,0.000000e+00,0.000000e+00,0.000000e+00,0.000000e+00,0.000000e+00,0.000000e+00
1.000000e+00,0.000000e+00,0.000000e+00,0.000000e+00,0.000000e+00,0.000000e+00,0.000000e+00,0.000000e+00,0.000000e+00,0.000000e+00,0.000000e+00,0.000000e+00,0.000000e+00,0.000000e+00,0.000000e+00
1.000000e+00,0.000000e+00,0.000000e+00,0.000000e+00,0.000000e+00,0.000000e+00,0.000000e+00,0.000000e+00,0.000000e+00,0.000000e+00,0.000000e+00,0.000000e+00,0.000000e+00,0.000000e+00,0.000000e+00
4.257476e-01,6.906457e-02,3.530178e-02,1.600087e-01,2.308634e-02,4.190353e-02,2.187958e-02,5.623158e-02,2.386164e-02,3.934619e-03,1.642934e-02,4.876198e-02,2.444289e-02,5.162531e-03,4.418324e-02
3.317952e-01,7.705923e-02,6.044463e-02,2.032839e-01,2.446832e-02,3.644026e-02,1.949444e-02,5.801763e-02,3.081787e-02,4.156258e-03,2.068507e-02,5.300269e-02,2.399366e-02,6.603835e-03,4.973698e-02
3.074627e-01,9.407075e-02,5.398249e-02,2.118219e-01,2.807286e-02,3.309787e-02,1.738499e-02,4.626203e-02,3.825209e-02,4.966548e-03,2.615045e-02,4.840561e-02,2.292837e-02,8.937062e-03,5.820427e-02
2.652692e-01,8.611754e-02,7.258333e-02,2.398177e-01,3.155864e-02,3.126452e-02,1.537540e-02,5.149644e-02,3.585701e-02,4.575197e-03,2.615454e-02,5.423562e-02,2.255712e-02,8.340803e-03,5.479700e-02
2.968367e-01,8.488367e-02,6.174124e-02,2.246253e-01,3.189263e-02,2.818364e-02,1.340663e-02,4.159311e-02,3.471005e-02,4.744922e-03,3.185994e-02,5.687689e-02,2.336179e-02,9.503514e-03,5.577994e-02
3.638157e-01,7.675978e-02,4.923755e-02,1.862068e-01,3.066074e-02,2.921398e-02,1.176876e-02,3.402180e-02,3.196476e-02,5.424056e-03,3.289134e-02,5.415004e-02,2.623850e-02,1.028454e-02,5.736173e-02
3.574234e-01,7.569154e-02,6.072907e-02,1.824419e-01,2.916070e-02,2.986470e-02,1.107344e-02,3.496058e-02,2.783005e-02,5.246023e-03,3.661292e-02,5.311000e-02,2.773492e-02,9.663908e-03,5.845682e-02
4.373124e-01,6.480439e-02,4.783572e-02,1.528874e-01,2.526018e-02,2.722746e-02,9.763204e-03,2.840593e-02,2.419895e-02,4.924599e-03,3.394596e-02,4.955924e-02,3.006566e-02,9.336222e-03,5.447271e-02
3.998758e-01,7.368912e-02,6.882913e-02,2.054650e-01,2.285379e-02,2.229156e-02,8.955581e-03,2.827169e-02,2.054925e-02,3.912164e-03,2.768863e-02,3.984870e-02,2.525061e-02,7.499869e-03,4.501900e-02
1.000000e+00,0.000000e+00,0.000000e+00,0.000000e+00,0.000000e+00,0.000000e+00,0.000000e+00,0.000000e+00,0.000000e+00,0.000000e+00,0.000000e+00,0.000000e+00,0.000000e+00,0.000000e+00,0.000000e+00
1.000000e+00,0.000000e+00,0.000000e+00,0.000000e+00,0.000000e+00,0.000000e+00,0.000000e+00,0.000000e+00,0.000000e+00,0.000000e+00,0.000000e+00,0.000000e+00,0.000000e+00,0.000000e+00,0.000000e+00
1.000000e+00,0.000000e+00,0.000000e+00,0.000000e+00,0.000000e+00,0.000000e+00,0.000000e+00,0.000000e+00,0.000000e+00,0.000000e+00,0.000000e+00,0.000000e+00,0.000000e+00,0.000000e+00,0.000000e+00
1.000000e+00,0.000000e+00,0.000000e+00,0.000000e+00,0.000000e+00,0.000000e+00,0.000000e+00,0.000000e+00,0.000000e+00,0.000000e+00,0.000000e+00,0.000000e+00,0.000000e+00,0.000000e+00,0.000000e+00
1.000000e+00,0.000000e+00,0.000000e+00,0.000000e+00,0.000000e+00,0.000000e+00,0.000000e+00,0.000000e+00,0.000000e+00,0.000000e+00,0.000000e+00,0.000000e+00,0.000000e+00,0.000000e+00,0.000000e+00
1.000000e+00,0.000000e+00,0.000000e+00,0.000000e+00,0.000000e+00,0.000000e+00,0.000000e+00,0.000000e+00,0.000000e+00,0.000000e+00,0.000000e+00,0.000000e+00,0.000000e+00,0.000000e+00,0.000000e+00
4.007581e-01,3.396767e-02,1.410765e-01,2.818596e-01,8.345260e-03,1.756145e-02,5.052176e-03,1.390676e-02,1.191096e-02,2.701224e-03,1.155856e-02,2.232998e-02,1.964891e-02,2.772360e-03,2.655049e-02
1.000000e+00,0.000000e+00,0.000000e+00,0.000000e+00,0.000000e+00,0.000000e+00,0.000000e+00,0.000000e+00,0.000000e+00,0.000000e+00,0.000000e+00,0.000000e+00,0.000000e+00,0.000000e+00,0.000000e+00
4.052511e-01,3.208731e-02,1.456962e-01,2.724150e-01,5.537280e-03,1.428767e-02,3.538151e-03,1.100329e-02,1.275281e-02,3.314897e-03,1.014753e-02,1.643639e-02,1.778831e-02,2.692178e-03,4.705188e-02
3.252152e-01,3.153833e-02,1.273451e-01,3.722934e-01,4.859300e-03,1.090531e-02,2.743709e-03,8.723664e-03,2.343369e-02,4.581466e-03,1.184178e-02,1.288381e-02,1.453207e-02,2.191006e-03,4.691224e-02
3.697178e-01,2.851118e-02,1.138126e-01,3.129102e-01,4.269745e-03,9.607868e-03,2.122401e-03,7.387155e-03,2.791849e-02,5.313871e-03,1.689370e-02,1.111022e-02,1.481752e-02,2.426392e-03,7.318087e-02
2.665906e-01,3.229479e-02,8.437204e-02,3.237888e-01,3.267473e-03,7.159943e-03,1.657505e-03,5.318558e-03,1.066596e-01,1.400643e-02,1.614414e-02,8.108590e-03,1.369179e-02,1.844161e-03,1.150955e-01
1.876340e-01,5.304687e-02,6.403562e-02,2.893952e-01,2.444502e-03,5.325437e-03,1.238126e-03,3.752781e-03,2.295494e-01,1.482644e-02,1.307966e-02,5.768672e-03,1.418467e-02,1.358363e-03,1.143603e-01
1.318828e-01,6.479010e-02,5.239739e-02,3.015112e-01,1.796632e-03,3.864137e-03,9.346814e-04,2.704138e-03,2.687208e-01,1.587630e-02,1.498983e-02,4.462834e-03,1.715579e-02,1.082210e-03,1.178312e-01
9.269715e-02,1.450391e-01,4.860294e-02,2.467783e-01,1.287906e-03,2.833943e-03,6.700589e-04,1.908375e-03,2.737888e-01,1.297820e-02,1.199371e-02,4.034086e-03,1.390414e-02,1.193093e-03,1.422902e-01
7.129420e-02,1.275359e-01,3.529491e-02,2.126756e-01,2.066697e-03,4.867702e-03,1.142760e-03,1.607696e-03,3.220225e-01,9.985980e-03,3.805159e-02,4.807531e-03,4.735094e-02,2.085633e-03,1.192103e-01
5.209938e-02,1.446527e-01,2.546729e-02,1.681035e-01,1.499468e-03,3.544083e-03,8.152815e-04,1.155230e-03,4.297900e-01,7.234946e-03,2.738786e-02,4.418922e-03,3.517319e-02,1.871914e-03,9.678622e-02
8.530782e-02,1.055540e-01,1.810728e-02,1.230307e-01,1.253542e-03,3.632832e-03,6.326673e-04,1.123853e-03,4.742620e-01,5.485006e-03,2.252101e-02,1.308047e-02,6.650528e-02,4.100616e-03,7.540300e-02
1.545170e-01,7.667638e-02,1.331307e-02,9.068729e-02,1.636250e-03,1.420843e-02,1.066993e-03,2.170239e-03,4.292933e-01,4.216072e-03,3.585022e-02,1.595270e-02,8.864959e-02,3.574741e-03,6.818784e-02
2.424140e-01,5.602273e-02,1.095646e-02,6.607302e-02,2.147025e-03,2.470447e-02,1.863200e-03,1.088616e-02,3.308346e-01,3.258748e-03,2.774549e-02,1.513650e-02,1.483470e-01,3.469960e-03,5.614062e-02
3.274345e-01,4.060036e-02,9.907270e-03,4.854172e-02,5.405333e-03,4.132845e-02,3.820047e-03,1.172187e-02,2.558472e-01,2.487447e-03,2.163845e-02,2.084451e-02,1.649771e-01,3.261565e-03,4.218425e-02
4.109991e-01,3.085086e-02,8.817067e-03,3.653292e-02,8.062301e-03,4.793874e-02,5.863729e-03,1.711044e-02,1.898605e-01,2.563989e-03,1.843902e-02,3.310397e-02,1.529774e-01,3.948675e-03,3.293140e-02
3.972272e-01,2.506041e-02,9.649378e-03,2.763891e-02,2.090096e-02,5.459768e-02,8.524368e-03,1.769738e-02,1.477218e-01,2.728224e-03,1.607958e-02,5.331875e-02,1.895306e-01,3.523620e-03,2.580116e-02
3.572119e-01,2.146021e-02,1.746276e-02,2.613661e-02,2.829189e-02,6.211443e-02,9.886306e-03,2.295351e-02,1.273893e-01,4.279881e-03,1.917950e-02,6.707297e-02,2.116754e-01,3.587436e-03,2.129792e-02
3.966717e-01,1.922723e-02,1.674576e-02,2.550203e-02,2.788503e-02,5.579902e-02,9.811500e-03,2.482216e-02,1.154561e-01,5.330290e-03,1.977613e-02,6.895581e-02,1.865338e-01,3.963368e-03,2.352016e-02
4.440641e-01,1.754808e-02,1.295146e-02,2.155882e-02,2.862238e-02,5.106188e-02,9.317325e-03,2.111048e-02,1.122083e-01,4.952718e-03,1.880854e-02,6.872562e-02,1.622970e-01,4.419838e-03,2.235354e-02
4.536921e-01,1.649516e-02,1.139597e-02,2.199119e-02,3.269151e-02,4.487148e-02,9.692675e-03,1.827513e-02,1.438316e-01,7.192316e-03,2.116457e-02,6.600924e-02,1.273365e-01,4.365406e-03,2.099513e-02
4.032687e-01,1.974665e-02,1.021062e-02,4.478877e-02,3.108509e-02,3.895927e-02,1.069351e-02,1.623510e-02,2.146604e-01,8.101059e-03,1.906665e-02,5.576424e-02,1.009827e-01,3.575716e-03,2.286153e-02
3.882436e-01,2.092873e-02,1.093788e-02,5.896068e-02,3.047808e-02,3.316608e-02,9.762752e-03,1.471372e-02,2.491963e-01,1.132644e-02,1.881959e-02,5.020729e-02,8.060778e-02,3.067792e-03,1.958326e-02
3.749057e-01,2.470936e-02,9.533025e-03,4.837243e-02,2.957009e-02,2.841910e-02,9.285389e-03,1.277616e-02,3.003806e-01,1.509442e-02,1.689266e-02,4.227574e-02,6.733003e-02,2.777364e-03,1.767798e-02
3.921747e-01,2.637178e-02,7.949989e-03,4.000271e-02,3.476683e-02,2.794404e-02,8.351524e-03,1.251358e-02,2.988483e-01,1.422151e-02,1.635977e-02,4.221033e-02,5.629058e-02,2.807354e-03,1.918702e-02
3.608955e-01,2.791700e-02,1.041600e-02,4.766500e-02,3.344170e-02,2.590727e-02,1.050650e-02,2.129237e-02,3.333377e-01,1.272713e-02,1.381795e-02,3.483500e-02,4.752046e-02,2.312514e-03,1.740789e-02
3.706979e-01,2.411443e-02,7.713868e-03,3.604609e-02,4.069619e-02,3.371625e-02,9.552842e-03,2.674016e-02,3.500407e-01,9.510218e-03,1.022763e-02,2.702497e-02,3.732717e-02,1.915781e-03,1.467590e-02
3.709295e-01,1.954802e-02,6.081110e-03,3.083169e-02,5.276234e-02,3.386314e-02,9.764903e-03,6.006263e-02,3.402059e-01,7.125346e-03,7.710759e-03,2.053677e-02,2.759662e-02,1.505930e-03,1.147536e-02
4.012036e-01,1.843411e-02,4.716730e-03,2.266501e-02,4.531730e-02,4.399394e-02,8.019750e-03,6.959122e-02,3.271112e-01,5.157836e-03,5.806837e-03,1.578904e-02,2.109032e-02,1.315893e-03,9.787204e-03
3.944794e-01,1.673343e-02,4.388554e-03,1.794348e-02,4.558154e-02,3.727004e-02,7.577365e-03,1.353729e-01,2.954099e-01,3.750721e-03,4.642670e-03,1.270521e-02,1.548445e-02,1.144653e-03,7.515725e-03
3.140115e-01,1.456703e-02,4.394583e-03,1.458433e-02,3.807849e-02,2.919115e-02,5.842391e-03,3.062797e-01,2.393855e-01,2.698724e-03,3.410391e-03,9.323886e-03,1.157892e-02,9.090363e-04,5.744388e-03
2.710078e-01,1.395523e-02,3.859728e-03,1.111636e-02,3.362172e-02,2.196416e-02,4.572285e-03,4.029863e-01,2.113561e-01,2.071032e-03,2.560315e-03,6.944085e-03,8.692473e-03,7.113756e-04,4.581092e-03
2.076391e-01,1.016135e-02,3.287579e-03,8.438490e-03,2.504156e-02,1.562370e-02,3.343676e-03,5.451467e-01,1.628597e-01,1.476398e-03,1.864596e-03,5.073774e-03,6.223399e-03,5.239980e-04,3.296029e-03
1.911288e-01,8.037058e-03,3.125259e-03,6.215606e-03,1.888247e-02,1.125517e-02,2.515907e-03,6.054334e-01,1.396140e-01,1.067974e-03,1.407805e-03,3.840771e-03,4.512503e-03,4.304830e-04,2.532882e-03
1.591873e-01,6.288613e-03,2.885144e-03,4.621166e-03,1.409386e-02,8.076567e-03,1.893859e-03,6.766090e-01,1.160032e-01,7.606789e-04,1.086848e-03,2.925052e-03,3.303660e-03,3.485555e-04,1.916462e-03
1.290579e-01,4.776592e-03,3.826021e-03,3.476035e-03,1.041586e-02,6.098612e-03,1.473331e-03,7.424654e-01,9.038576e-02,5.524569e-04,8.696796e-04,2.327248e-03,2.516151e-03,2.998091e-04,1.459181e-03
1.239475e-01,4.315431e-03,3.991293e-03,2.659584e-03,7.683119e-03,4.982386e-03,1.239304e-03,7.726427e-01,7.162435e-02,4.261046e-04,8.792857e-04,2.048163e-03,1.999936e-03,3.247744e-04,1.236073e-03
1.228564e-01,5.353668e-03,4.693295e-03,2.243312e-03,6.099243e-03,4.141471e-03,1.077581e-03,7.877724e-01,5.945669e-02,3.326679e-04,8.897943e-04,1.950925e-03,1.668450e-03,3.262905e-04,1.137810e-03
1.414429e-01,4.784136e-03,4.843988e-03,2.046243e-03,4.879723e-03,3.729077e-03,1.158604e-03,7.799633e-01,4.996708e-02,3.255673e-04,1.198748e-03,2.230600e-03,1.585253e-03,4.749005e-04,1.369901e-03
2.025106e-01,4.243690e-03,7.041636e-03,2.728394e-03,4.977976e-03,3.954542e-03,1.411817e-03,7.256519e-01,3.952725e-02,3.128326e-04,1.319591e-03,2.541516e-03,1.628431e-03,6.696546e-04,1.480117e-03
2.269264e-01,3.785347e-03,8.857306e-03,3.743465e-03,4.692237e-03,7.199581e-03,1.953661e-03,7.016319e-01,3.060058e-02,3.509746e-04,1.566710e-03,3.423005e-03,2.068239e-03,1.088147e-03,2.112411e-03
2.375221e-01,2.944245e-03,1.035479e-02,3.923959e-03,4.126993e-03,7.326543e-03,2.530183e-03,6.972761e-01,2.287498e-02,3.328230e-04,1.733798e-03,3.211169e-03,2.159222e-03,1.111133e-03,2.571942e-03
2.744455e-01,3.896827e-03,9.830926e-03,1.628731e-02,4.192580e-03,7.997834e-03,2.256784e-03,6.004269e-01,2.050975e-02,9.289709e-03,1.445131e-02,1.484482e-02,1.229623e-02,2.347645e-03,6.925899e-03
2.102508e-01,3.150812e-03,7.130156e-03,1.202829e-01,3.138752e-03,6.407186e-03,1.627236e-03,4.331249e-01,2.376006e-02,1.027620e-02,1.203958e-01,1.761898e-02,3.282723e-02,2.320287e-03,7.688719e-03
1.486020e-01,2.289218e-03,5.123779e-03,1.224114e-01,2.266478e-03,4.849123e-03,1.153954e-03,3.066510e-01,2.169653e-02,7.775366e-03,3.046868e-01,1.765895e-02,4.515992e-02,2.190454e-03,7.485067e-03
1.044837e-01,1.660004e-03,3.925210e-03,9.624934e-02,2.216296e-03,3.531560e-03,8.258257e-04,2.155257e-01,1.600192e-02,5.775437e-03,4.109220e-01,1.718904e-02,1.094328e-01,2.442446e-03,9.818714e-03
7.343917e-02,1.185853e-03,2.962584e-03,6.990676e-02,7.163350e-03,2.772195e-03,7.045370e-04,1.513273e-01,1.300808e-02,6.030997e-03,4.105757e-01,1.828335e-02,2.000328e-01,2.431492e-03,4.017578e-02
5.157639e-02,8.424966e-04,2.283009e-03,4.991563e-02,1.532471e-02,2.031269e-03,7.898503e-04,1.063957e-01,1.287835e-02,5.482656e-03,4.604514e-01,1.533749e-02,2.081192e-01,2.685372e-03,6.588660e-02
3.644057e-02,6.471663e-04,2.002330e-03,3.536531e-02,4.318614e-02,1.479019e-03,1.134333e-03,7.555028e-02,2.322404e-02,9.131176e-03,4.236556e-01,1.326481e-02,1.761701e-01,4.665642e-03,1.540836e-01
2.562332e-02,6.427421e-04,2.596961e-03,2.496751e-02,8.855066e-02,1.054880e-03,1.236891e-03,5.856406e-02,3.818417e-02,8.974059e-03,3.714396e-01,1.078161e-02,1.440608e-01,5.628319e-03,2.176944e-01
1.818429e-02,1.214662e-03,6.667306e-03,1.766431e-02,1.348665e-01,7.674895e-04,1.775719e-03,8.143461e-02,6.857913e-02,8.054390e-03,2.923613e-01,8.652235e-03,1.185451e-01,6.784786e-03,2.344482e-01
1.300091e-02,2.124458e-03,1.675646e-02,1.265080e-02,1.100857e-01,5.948261e-04,2.432046e-03,9.018676e-02,5.821430e-02,7.198538e-03,2.158654e-01,6.456728e-03,9.025075e-02,7.236942e-03,3.669454e-01
9.652181e-03,4.010677e-03,8.630490e-02,9.252599e-03,8.690521e-02,5.212011e-04,3.809473e-03,1.105445e-01,5.377270e-02,6.832298e-03,1.572652e-01,4.911602e-03,7.114475e-02,7.116446e-03,3.879563e-01
8.150685e-03,4.802979e-03,8.371437e-02,7.043613e-03,2.201127e-01,8.151345e-04,2.928636e-03,9.278356e-02,5.534343e-02,9.765098e-03,1.147101e-01,3.561634e-03,5.110479e-02,6.620309e-03,3.385430e-01
6.286628e-03,3.946574e-03,8.040878e-02,5.612374e-03,3.027247e-01,8.894287e-04,2.713823e-03,1.289971e-01,4.492486e-02,1.088469e-02,8.122259e-02,2.548528e-03,3.666816e-02,5.536589e-03,2.866352e-01
5.903831e-03,5.178994e-03,2.045002e-01,5.021110e-03,2.708529e-01,7.797209e-04,3.399486e-03,1.601075e-01,3.496479e-02,8.870258e-03,5.703348e-02,1.869518e-03,2.619581e-02,4.082122e-03,2.112403e-01
1.597703e-02,8.877559e-03,1.904267e-01,8.676353e-03,3.709604e-01,1.998954e-03,4.519413e-03,1.236235e-01,3.045398e-02,1.751390e-02,4.042609e-02,1.471584e-03,1.934573e-02,3.083963e-03,1.626449e-01
2.258855e-02,1.158968e-02,1.941760e-01,4.223290e-02,3.926233e-01,2.778202e-03,7.329093e-03,1.252750e-01,2.420277e-02,1.559450e-02,2.888840e-02,1.197166e-03,1.416728e-02,2.221729e-03,1.151355e-01
5.572367e-02,1.313555e-02,1.747188e-01,9.631985e-02,3.596954e-01,3.392310e-03,1.011912e-02,1.196433e-01,2.357635e-02,2.419383e-02,2.334505e-02,1.926850e-03,1.163646e-02,1.720337e-03,8.085321e-02
1.169917e-01,1.287324e-02,1.483388e-01,8.387498e-02,3.506651e-01,3.931764e-03,1.013873e-02,1.215689e-01,2.225035e-02,3.743789e-02,2.078234e-02,2.882108e-03,9.648684e-03,1.580388e-03,5.703503e-02
1.528683e-01,1.470422e-02,1.168694e-01,9.706946e-02,3.277098e-01,6.478793e-03,9.266770e-03,1.227838e-01,2.736043e-02,4.180520e-02,2.086433e-02,8.367889e-03,1.038909e-02,1.648825e-03,4.181378e-02
2.333944e-01,1.493921e-02,9.000394e-02,1.268671e-01,2.636706e-01,7.640733e-03,7.719629e-03,9.446762e-02,2.633555e-02,5.012272e-02,2.628743e-02,1.515708e-02,1.082868e-02,1.860315e-03,3.070498e-02
3.336775e-01,1.391101e-02,7.397206e-02,9.836417e-02,2.411761e-01,8.721495e-03,6.620327e-03,7.008120e-02,2.407051e-02,4.369782e-02,2.381539e-02,2.579750e-02,1.187198e-02,1.835251e-03,2.238760e-02
4.622667e-01,1.200153e-02,5.481783e-02,7.476764e-02,1.894910e-01,9.041736e-03,6.074165e-03,5.196503e-02,1.841335e-02,3.149817e-02,2.141951e-02,3.661598e-02,1.298005e-02,2.170580e-03,1.647663e-02
1.000000e+00,0.000000e+00,0.000000e+00,0.000000e+00,0.000000e+00,0.000000e+00,0.000000e+00,0.000000e+00,0.000000e+00,0.000000e+00,0.000000e+00,0.000000e+00,0.000000e+00,0.000000e+00,0.000000e+00
3.931604e-01,7.276206e-03,3.600546e-02,4.696283e-02,1.112765e-01,6.524310e-03,5.871773e-03,3.082531e-01,9.706302e-03,1.579510e-02,1.384491e-02,2.626275e-02,8.600766e-03,1.676363e-03,8.783126e-03
2.861333e-01,5.218700e-03,2.831479e-02,3.345028e-02,7.848109e-02,5.041083e-03,6.299213e-03,4.971021e-01,6.862461e-03,1.109865e-02,9.810671e-03,1.851067e-02,6.156205e-03,1.219658e-03,6.301073e-03
2.245584e-01,3.991398e-03,3.011849e-02,2.453011e-02,5.753770e-02,4.577926e-03,7.871574e-03,6.034436e-01,4.881427e-03,8.088030e-03,6.960236e-03,1.304224e-02,4.555120e-03,1.025612e-03,4.818105e-03
2.089326e-01,5.170182e-03,6.228783e-02,1.954573e-02,6.437885e-02,5.734986e-03,9.963206e-03,5.769333e-01,3.886883e-03,1.659217e-02,5.227234e-03,9.446035e-03,3.776038e-03,1.316183e-03,6.808824e-03
1.960370e-01,6.227510e-03,7.186735e-02,1.699950e-02,7.016823e-02,8.240435e-03,1.130106e-02,5.640435e-01,3.199026e-03,2.677634e-02,4.051790e-03,7.102953e-03,3.131775e-03,1.639132e-03,9.214388e-03
1.496463e-01,7.268508e-03,6.425509e-02,1.391266e-02,6.961132e-02,8.640328e-03,9.925482e-03,5.455379e-01,2.368165e-03,1.051483e-01,3.040964e-03,5.108980e-03,2.437292e-03,1.376335e-03,1.172238e-02
1.367534e-01,5.882746e-03,4.897665e-02,1.094896e-02,5.354509e-02,8.371241e-03,9.277206e-03,6.200191e-01,1.842081e-03,7.964784e-02,2.632432e-03,3.982242e-03,2.225003e-03,1.433007e-03,1.446298e-02
1.338494e-01,4.726914e-03,3.986060e-02,9.257481e-03,4.120733e-02,1.135348e-02,7.994705e-03,6.289719e-01,1.844491e-03,8.243403e-02,2.940014e-03,3.608947e-03,2.270470e-03,2.873527e-03,2.680669e-02
1.528986e-01,4.377694e-03,3.045765e-02,7.375762e-03,3.038832e-02,1.283199e-02,7.107323e-03,6.544984e-01,1.567074e-03,6.164212e-02,2.764035e-03,4.165584e-03,2.452801e-03,2.822828e-03,2.464986e-02
2.108763e-01,5.761824e-03,2.629728e-02,7.628270e-03,2.445604e-02,2.263550e-02,7.473927e-03,5.905165e-01,1.819069e-03,5.336190e-02,4.027654e-03,6.855419e-03,3.178720e-03,4.896063e-03,3.021564e-02
2.667549e-01,6.362875e-03,2.326093e-02,7.290521e-03,1.942587e-02,2.362302e-02,8.035501e-03,5.522327e-01,2.068547e-03,4.118480e-02,4.094519e-03,7.948400e-03,3.156458e-03,4.993823e-03,2.956715e-02
2.377628e-01,8.127556e-03,1.814220e-02,9.680212e-03,1.470385e-02,3.085842e-02,6.486280e-03,3.925171e-01,1.332866e-02,8.971956e-02,5.049472e-03,7.980991e-03,4.638319e-03,1.072467e-02,1.502801e-01
1.672909e-01,1.083853e-02,1.317764e-02,1.868949e-02,1.087377e-02,2.239351e-02,4.677085e-03,2.748950e-01,8.880577e-02,7.985881e-02,4.568477e-03,5.918164e-03,5.834436e-03,8.773383e-03,2.834050e-01
1.180947e-01,8.916765e-03,1.054323e-02,1.885421e-02,7.762517e-03,1.611109e-02,3.324914e-03,1.924863e-01,1.353348e-01,6.704251e-02,3.782057e-03,4.575829e-03,5.010928e-03,1.066414e-02,3.974962e-01
8.719688e-02,7.045171e-03,7.810894e-03,1.446724e-02,5.788958e-03,1.304001e-02,2.500547e-03,1.348872e-01,1.762419e-01,6.522005e-02,4.145551e-03,3.546045e-03,4.633070e-03,1.690298e-02,4.565735e-01
7.083158e-02,6.880528e-03,6.111977e-03,1.037391e-02,4.361080e-03,1.314283e-02,1.831145e-03,9.468731e-02,1.512219e-01,9.328045e-02,4.174099e-03,2.675878e-03,4.026867e-03,3.002213e-02,5.063783e-01
8.343275e-02,7.715308e-03,5.284553e-03,1.011000e-02,3.707862e-03,1.831539e-02,1.411326e-03,6.672627e-02,1.403900e-01,8.674783e-02,6.646052e-03,3.630243e-03,5.454303e-03,4.075985e-02,5.196682e-01
1.047970e-01,1.127302e-02,3.534930e-02,2.522402e-02,4.695408e-03,1.844861e-02,1.277622e-03,4.734629e-02,1.087725e-01,7.027485e-02,8.546420e-03,6.002932e-03,8.561403e-03,4.390882e-02,5.055218e-01
1.116672e-01,1.233301e-02,6.083268e-02,2.483976e-02,4.494776e-03,1.618840e-02,1.151505e-03,3.351366e-02,8.497335e-02,5.392183e-02,9.250864e-03,5.024067e-03,7.435669e-03,4.213692e-02,5.322363e-01
1.207970e-01,1.036573e-02,5.042966e-02,1.841746e-02,3.631883e-03,1.717033e-02,9.593098e-04,2.362780e-02,6.694251e-02,5.370750e-02,9.386199e-03,4.018996e-03,6.322845e-03,8.552325e-02,5.286995e-01
1.138352e-01,8.406921e-03,4.183754e-02,1.312778e-02,2.846841e-03,1.618312e-02,7.375891e-04,1.664484e-02,5.055127e-02,5.634129e-02,7.727216e-03,2.963222e-03,4.905913e-03,1.780859e-01,4.858053e-01
1.279166e-01,8.182127e-03,3.142966e-02,1.006881e-02,2.373397e-03,1.553353e-02,5.961386e-04,1.182099e-02,4.482698e-02,6.702306e-02,7.283616e-03,2.597883e-03,4.588183e-03,1.915996e-01,4.741594e-01
1.499505e-01,1.167062e-02,2.931699e-02,1.066029e-02,2.205880e-03,1.632499e-02,5.713366e-04,8.499079e-03,4.505892e-02,6.672925e-02,7.511220e-03,3.081624e-03,5.456531e-03,2.141130e-01,4.288498e-01
1.336506e-01,1.064188e-02,2.413016e-02,8.162414e-03,1.806376e-03,1.240668e-02,5.038879e-04,6.086132e-03,3.946471e-02,5.909879e-02,6.057987e-03,2.419495e-03,4.434807e-03,2.873863e-01,4.037498e-01
1.132045e-01,8.266452e-03,1.814366e-02,5.836651e-03,1.543278e-03,9.434385e-03,4.392192e-04,4.339158e-03,3.392659e-02,6.693009e-02,5.000544e-03,1.889176e-03,3.385640e-03,4.044313e-01,3.232294e-01
8.709438e-02,6.226582e-03,1.479309e-02,4.208414e-03,1.182396e-03,6.905354e-03,3.510458e-04,3.066970e-03,3.250599e-02,9.890134e-02,4.343621e-03,1.453556e-03,2.538822e-03,4.890265e-01,2.474020e-01
6.130287e-02,4.514624e-03,1.212202e-02,3.089586e-03,8.529504e-04,4.916096e-03,2.614482e-04,2.158378e-03,2.664886e-02,1.700620e-01,3.360616e-03,1.045161e-03,1.830878e-03,4.972176e-01,2.106168e-01
5.024287e-02,4.914192e-03,1.109434e-02,5.492365e-03,1.055813e-03,4.005114e-03,4.155884e-04,2.069611e-03,5.712871e-02,2.569769e-01,5.123605e-03,1.195124e-03,2.592777e-03,3.841036e-01,2.135894e-01
6.680657e-02,1.288817e-02,1.028429e-02,9.636970e-03,1.215864e-03,4.181077e-03,4.469143e-04,1.669246e-03,6.100012e-02,2.369470e-01,6.617302e-03,3.249398e-03,6.249570e-03,3.270523e-01,2.517552e-01
6.276323e-02,1.703540e-02,9.104026e-03,7.523099e-03,1.160672e-03,3.512822e-03,3.789624e-04,1.309955e-03,6.525852e-02,2.139125e-01,6.106721e-03,2.809966e-03,5.068607e-03,3.543736e-01,2.496819e-01
6.590872e-02,2.900880e-02,9.416422e-03,9.424865e-03,1.018348e-03,3.610978e-03,4.457517e-04,1.384143e-03,9.499308e-02,1.633970e-01,5.709947e-03,2.658034e-03,4.730144e-03,2.956682e-01,3.126255e-01
6.710176e-02,2.458548e-02,7.346927e-03,7.057358e-03,8.219520e-04,3.083074e-03,3.735024e-04,1.174356e-03,1.270831e-01,1.254259e-01,1.018803e-02,3.482325e-03,5.514343e-03,2.834026e-01,3.333592e-01
7.209408e-02,2.866974e-02,8.592478e-03,8.661678e-03,1.000231e-03,3.318851e-03,3.753449e-04,1.558171e-03,1.859557e-01,1.024195e-01,1.120861e-02,3.864939e-03,7.509442e-03,2.571133e-01,3.076579e-01
1.446061e-01,2.874437e-02,1.124465e-02,1.454388e-02,2.678317e-03,4.214594e-03,8.129590e-04,3.788238e-03,1.766776e-01,7.672949e-02,1.565364e-02,5.170805e-03,1.113459e-02,1.965314e-01,3.074693e-01
2.034288e-01,3.351875e-02,1.056053e-02,1.245113e-02,3.213430e-03,6.118827e-03,9.958427e-04,3.515341e-03,1.610342e-01,5.814517e-02,1.626686e-02,6.267950e-03,1.263017e-02,1.653850e-01,3.064680e-01
2.421012e-01,3.240323e-02,2.029834e-02,1.117015e-02,3.745696e-03,6.936871e-03,8.735351e-04,3.209508e-03,1.413629e-01,6.255938e-02,1.886987e-02,7.628943e-03,2.307504e-02,1.285609e-01,2.972045e-01
1.923878e-01,2.464947e-02,2.538605e-02,8.603510e-03,3.856713e-03,9.317260e-03,1.396355e-03,4.198082e-03,1.118742e-01,5.820711e-02,2.053787e-02,7.111341e-03,2.296021e-02,1.035500e-01,4.059641e-01
2.105078e-01,2.026979e-02,3.091928e-02,8.236876e-03,5.070646e-03,1.433834e-02,1.369546e-03,4.311382e-03,8.768186e-02,5.197183e-02,1.948506e-02,6.619662e-03,1.987877e-02,8.361395e-02,4.357252e-01
2.269195e-01,2.341055e-02,3.591920e-02,8.137693e-03,7.576794e-03,2.954290e-02,1.623987e-03,4.036783e-03,7.048837e-02,9.355085e-02,1.619032e-02,5.725377e-03,1.735866e-02,6.499132e-02,3.945277e-01
2.239288e-01,2.628859e-02,4.493511e-02,1.155062e-02,1.487471e-02,3.130363e-02,7.749028e-03,1.066893e-02,6.299505e-02,9.528953e-02,1.452451e-02,5.227302e-03,1.531834e-02,5.572411e-02,3.796217e-01
1.848274e-01,2.029087e-02,5.868918e-02,2.732354e-02,2.583640e-02,2.895638e-02,1.941616e-02,9.744269e-02,5.245350e-02,7.615433e-02,1.281573e-02,4.662016e-03,1.258287e-02,4.544667e-02,3.331024e-01
1.522681e-01,1.511860e-02,5.819249e-02,6.709982e-02,3.555697e-02,2.878769e-02,5.256020e-02,1.728418e-01,3.842574e-02,6.719534e-02,9.412190e-03,3.411733e-03,9.437275e-03,3.308661e-02,2.566055e-01
1.563345e-01,1.162604e-02,7.809341e-02,1.072155e-01,4.216164e-02,2.638947e-02,5.403912e-02,1.799359e-01,2.850749e-02,8.587309e-02,7.177133e-03,2.654413e-03,7.312721e-03,2.445167e-02,1.882278e-01
1.457077e-01,1.375809e-02,7.026136e-02,9.184334e-02,6.687988e-02,2.182940e-02,6.197397e-02,2.374587e-01,2.578688e-02,8.365464e-02,7.344874e-03,2.947300e-03,7.077130e-03,1.800230e-02,1.454744e-01
1.202032e-01,1.192400e-02,8.306159e-02,1.798806e-01,7.227408e-02,1.809621e-02,4.869874e-02,2.328065e-01,1.993402e-02,6.701790e-02,5.983742e-03,2.615089e-03,5.911374e-03,1.301287e-02,1.185801e-01
9.344103e-02,8.747224e-03,7.053145e-02,1.421166e-01,8.034812e-02,1.369319e-02,3.656397e-02,3.745602e-01,1.439654e-02,4.758134e-02,5.149954e-03,2.200471e-03,5.098059e-03,9.334764e-03,9.623712e-02
7.895574e-02,6.824673e-03,5.903214e-02,1.022046e-01,1.223575e-01,1.172213e-02,2.768935e-02,4.602419e-01,1.048782e-02,3.382828e-02,3.889209e-03,1.791281e-03,4.249893e-03,6.615089e-03,7.011043e-02
6.573142e-02,5.867551e-03,4.924303e-02,7.362632e-02,1.022040e-01,8.758473e-03,2.051127e-02,5.759149e-01,8.102651e-03,2.421553e-02,2.856526e-03,1.383328e-03,3.308132e-03,4.726461e-03,5.355047e-02
5.343083e-02,4.323771e-03,4.001956e-02,5.287972e-02,7.610278e-02,7.095565e-03,1.628821e-02,6.802603e-01,5.829214e-03,1.712691e-02,2.087627e-03,1.079329e-03,2.434012e-03,3.345020e-03,3.769718e-02
5.518016e-02,3.279636e-03,3.542086e-02,3.961337e-02,5.883539e-02,6.877001e-03,1.443234e-02,7.363867e-01,4.295996e-03,1.215463e-02,1.601923e-03,9.520404e-04,1.979404e-03,2.389811e-03,2.660078e-02
7.944825e-02,2.699031e-03,3.606070e-02,3.071481e-02,4.776800e-02,7.764819e-03,1.458073e-02,7.434042e-01,3.359931e-03,8.836336e-03,1.315100e-03,1.264083e-03,1.848325e-03,1.738788e-03,1.919693e-02
9.151882e-02,2.560275e-03,3.282904e-02,2.305565e-02,4.069585e-02,9.374636e-03,2.131315e-02,7.465604e-01,2.770103e-03,8.114589e-03,1.346304e-03,1.461265e-03,2.146653e-03,1.301400e-03,1.495180e-02
1.114055e-01,3.477718e-03,3.468273e-02,1.892435e-02,3.187183e-02,1.428854e-02,2.377590e-02,6.559206e-01,6.723452e-03,4.512999e-02,8.290038e-03,1.006573e-02,1.615256e-02,2.468884e-03,1.682215e-02
1.063596e-01,6.223313e-03,2.997287e-02,2.925568e-02,3.013366e-02,2.344291e-02,1.777602e-02,5.480146e-01,4.015550e-02,3.848388e-02,2.232232e-02,3.392742e-02,4.682589e-02,5.557070e-03,2.154914e-02
1.395024e-01,6.725889e-03,2.625774e-02,2.299069e-02,3.012300e-02,2.119541e-02,1.470887e-02,5.535344e-01,3.165267e-02,3.479288e-02,2.306020e-02,3.184023e-02,3.736000e-02,5.784307e-03,2.047130e-02
1.657405e-01,9.079738e-03,2.343966e-02,1.916698e-02,3.058355e-02,1.934927e-02,1.442585e-02,4.563877e-01,3.771276e-02,9.998525e-02,3.032404e-02,2.632036e-02,3.816559e-02,6.908290e-03,2.241036e-02
1.936437e-01,7.888092e-03,2.561157e-02,1.663332e-02,2.737099e-02,1.712252e-02,1.292017e-02,4.805247e-01,3.379595e-02,8.289309e-02,2.654183e-02,2.070778e-02,3.050233e-02,5.907770e-03,1.793604e-02
2.496625e-01,7.254509e-03,2.153417e-02,1.424076e-02,4.176691e-02,1.512445e-02,1.044034e-02,4.447659e-01,3.014368e-02,6.274845e-02,3.197740e-02,1.842215e-02,3.107278e-02,4.862626e-03,1.598340e-02
3.411150e-01,9.379529e-03,1.788985e-02,2.172670e-02,7.441987e-02,1.641757e-02,8.229041e-03,3.330978e-01,3.499481e-02,4.639790e-02,2.727735e-02,2.373167e-02,2.779879e-02,3.935363e-03,1.358871e-02
3.915602e-01,9.893933e-03,1.410534e-02,2.664225e-02,1.007547e-01,1.853920e-02,7.545533e-03,2.633573e-01,3.907002e-02,3.368004e-02,2.473391e-02,2.975459e-02,2.598547e-02,3.256784e-03,1.112076e-02
3.625780e-01,9.066269e-03,1.326559e-02,6.241575e-02,1.198404e-01,1.816996e-02,7.788141e-03,2.158893e-01,4.396099e-02,2.416966e-02,3.049164e-02,5.075628e-02,2.964000e-02,2.844672e-03,9.123342e-03
3.321072e-01,1.327738e-02,1.732530e-02,8.087316e-02,1.549013e-01,2.246678e-02,8.289455e-03,1.813815e-01,4.602943e-02,1.818934e-02,2.961476e-02,5.729745e-02,2.765319e-02,2.707883e-03,7.885922e-03
2.930980e-01,1.564801e-02,1.723826e-02,9.211249e-02,2.144343e-01,2.703714e-02,1.050366e-02,1.593617e-01,4.547788e-02,1.479962e-02,2.672099e-02,5.046542e-02,2.442652e-02,2.396500e-03,6.279528e-03
2.532023e-01,1.623865e-02,1.617572e-02,1.234937e-01,2.179153e-01,2.597561e-02,1.426055e-02,1.543978e-01,5.669081e-02,1.898549e-02,2.315120e-02,4.969275e-02,2.288450e-02,2.003533e-03,4.932025e-03
2.097030e-01,2.336020e-02,1.716161e-02,1.559479e-01,2.405427e-01,2.643746e-02,1.606596e-02,1.506302e-01,5.269166e-02,2.567057e-02,1.895817e-02,3.862458e-02,1.873858e-02,1.593853e-03,3.873580e-03
1.937440e-01,2.089816e-02,1.508972e-02,1.240701e-01,2.831944e-01,2.670585e-02,2.835497e-02,1.570189e-01,4.589479e-02,3.785203e-02,1.505986e-02,2.811472e-02,1.910245e-02,1.269027e-03,3.631057e-03
1.604712e-01,1.483366e-02,1.131201e-02,8.877917e-02,4.220279e-01,2.033565e-02,3.938794e-02,1.118075e-01,3.304786e-02,4.069306e-02,1.297468e-02,2.030068e-02,1.461943e-02,1.194798e-03,8.214572e-03
1.204856e-01,1.054572e-02,8.227938e-03,6.285691e-02,4.988297e-01,1.618449e-02,6.372119e-02,7.892690e-02,2.338888e-02,4.936987e-02,1.574934e-02,1.494732e-02,1.089876e-02,1.240493e-03,2.462690e-02
1.111105e-01,8.547764e-03,6.362414e-03,4.606444e-02,5.273008e-01,2.034226e-02,6.837048e-02,5.631530e-02,1.723995e-02,4.137994e-02,3.650954e-02,1.900440e-02,9.671003e-03,6.177190e-03,2.560403e-02
1.122227e-01,8.987855e-03,5.712753e-03,3.458001e-02,5.316904e-01,2.436900e-02,6.114060e-02,4.063737e-02,1.284566e-02,3.189549e-02,7.954783e-02,1.978274e-02,8.160028e-03,7.591574e-03,2.083600e-02
1.519295e-01,1.050431e-02,4.928033e-03,2.729376e-02,4.887514e-01,2.558346e-02,6.432295e-02,2.911214e-02,1.009643e-02,2.747348e-02,1.002411e-01,2.624734e-02,7.439645e-03,9.153474e-03,1.692303e-02
1.947581e-01,1.236099e-02,5.114668e-03,2.355365e-02,4.498605e-01,3.182961e-02,7.964984e-02,2.150198e-02,8.092734e-03,2.082080e-02,9.016941e-02,3.148034e-02,7.977801e-03,8.591259e-03,1.423832e-02
2.474673e-01,1.459938e-02,5.485340e-03,2.428296e-02,3.789465e-01,5.579924e-02,7.159625e-02,1.692424e-02,7.574954e-03,1.657557e-02,8.553248e-02,4.177546e-02,1.191158e-02,7.708891e-03,1.381977e-02
3.417654e-01,1.564626e-02,7.276915e-03,2.788072e-02,2.954641e-01,5.171625e-02,5.378151e-02,1.570212e-02,8.111142e-03,1.291245e-02,7.572385e-02,4.818554e-02,1.877905e-02,9.897846e-03,1.715681e-02
3.777760e-01,1.650079e-02,7.906139e-03,2.859222e-02,2.473241e-01,5.163942e-02,3.972351e-02,1.355526e-02,8.405041e-03,1.055996e-02,8.949913e-02,5.367195e-02,2.095395e-02,1.242513e-02,2.146740e-02
4.218480e-01,2.123074e-02,8.643952e-03,3.566260e-02,1.875512e-01,4.800344e-02,2.968272e-02,1.239260e-02,1.075861e-02,9.386200e-03,8.439996e-02,6.416560e-02,2.645828e-02,1.291039e-02,2.690567e-02
4.634951e-01,2.638488e-02,8.597921e-03,3.934976e-02,1.348685e-01,4.476083e-02,2.168175e-02,1.055123e-02,1.305562e-02,8.691669e-03,9.020399e-02,5.992322e-02,2.446268e-02,1.927777e-02,3.469513e-02
4.102093e-01,2.562514e-02,8.386859e-03,3.398940e-02,9.624873e-02,4.503535e-02,1.555547e-02,8.321550e-03,1.428662e-02,8.108094e-03,2.006811e-01,5.100358e-02,1.958214e-02,2.836981e-02,3.459681e-02
3.111835e-01,2.107677e-02,7.161411e-03,2.489327e-02,6.797425e-02,3.541389e-02,1.110490e-02,6.256246e-03,1.292883e-02,7.683813e-03,3.572099e-01,4.738517e-02,1.410075e-02,4.885248e-02,2.677482e-02
2.410335e-01,1.708165e-02,5.998446e-03,1.792977e-02,4.800666e-02,2.677896e-02,7.966259e-03,4.637844e-03,1.040423e-02,6.587559e-03,4.665395e-01,4.416582e-02,1.014467e-02,7.277664e-02,1.994850e-02
