1.000000e+00,0.000000e+00,0.000000e+00,0.000000e+00,0.000000e+00,0.000000e+00,0.000000e+00,0.000000e+00,0.000000e+00,0.000000e+00,0.000000e+00,0.000000e+00,0.000000e+00,0.000000e+00,0.000000e+00
1.000000e+00,0.000000e+00,0.000000e+00,0.000000e+00,0.000000e+00,0.000000e+00,0.000000e+00,0.000000e+00,0.000000e+00,0.000000e+00,0.000000e+00,0.000000e+00,0.000000e+00,0.000000e+00,0.000000e+00
1.000000e+00,0.000000e+00,0.000000e+00,0.000000e+00,0.000000e+00,0.000000e+00,0.000000e+00,0.000000e+00,0.000000e+00,0.000000e+00,0.000000e+00,0.000000e+00,0.000000e+00,0.000000e+00,0.000000e+00
1.000000e+00,0.000000e+00,0.000000e+00,0.000000e+00,0.000000e+00,0.000000e+00,0.000000e+00,0.000000e+00,0.000000e+00,0.000000e+00,0.000000e+00,0.000000e+00,0.000000e+00,0.000000e+00,0.000000e+00
1.000000e+00,0.000000e+00,0.000000e+00,0.000000e+00,0.000000e+00,0.000000e+00,0.000000e+00,0.000000e+00,0.000000e+00,0.000000e+00,0.000000e+00,0.000000e+00,0.000000e+00,0.000000e+00,0.000000e+00
1.000000e+00,0.000000e+00,0.000000e+00,0.000000e+00,0.000000e+00,0.000000e+00,0.000000e+00,0.000000e+00,0.000000e+00,0.000000e+00,0.000000e+00,0.000000e+00,0.000000e+00,0.000000e+00,0.000000e+00
1.000000e+00,0.000000e+00,0.000000e+00,0.000000e+00,0.000000e+00,0.000000e+00,0.000000e+00,0.000000e+00,0.000000e+00,0.000000e+00,0.000000e+00,0.000000e+00,0.000000e+00,0.000000e+00,0.000000e+00
1.000000e+00,0.000000e+00,0.000000e+00,0.000000e+00,0.000000e+00,0.000000e+00,0.000000e+00,0.000000e+00,0.000000e+00,0.000000e+00,0.000000e+00,0.000000e+00,0.000000e+00,0.000000e+00,0.000000e+00
1.000000e+00,0.000000e+00,0.000000e+00,0.000000e+00,0.000000e+00,0.000000e+00,0.000000e+00,0.000000e+00,0.000000e+00,0.000000e+00,0.000000e+00,0.000000e+00,0.000000e+00,0.000000e+00,0.000000e+00
1.000000e+00,0.000000e+00,0.000000e+00,0.000000e+00,0.000000e+00,0.000000e+00,0.000000e+00,0.000000e+00,0.000000e+00,0.000000e+00,0.000000e+00,0.000000e+00,0.000000e+00,0.000000e+00,0.000000e+00
1.000000e+00,0.000000e+00,0.000000e+00,0.000000e+00,0.000000e+00,0.000000e+00,0.000000e+00,0.000000e+00,0.000000e+00,0.000000e+00,0.000000e+00,0.000000e+00,0.000000e+00,0.000000e+00,0.000000e+00
1.000000e+00,0.000000e+00,0.000000e+00,0.000000e+00,0.000000e+00,0.000000e+00,0.000000e+00,0.000000e+00,0.000000e+00,0.000000e+00,0.000000e+00,0.000000e+00,0.000000e+00,0.000000e+00,0.000000e+00
1.000000e+00,0.000000e+00,0.000000e+00,0.000000e+00,0.000000e+00,0.000000e+00,0.000000e+00,0.000000e+00,0.000000e+00,0.000000e+00,0.000000e+00,0.000000e+00,0.000000e+00,0.000000e+00,0.000000e+00
1.000000e+00,0.000000e+00,0.000000e+00,0.000000e+00,0.000000e+00,0.000000e+00,0.000000e+00,0.000000e+00,0.000000e+00,0.000000e+00,0.000000e+00,0.000000e+00,0.000000e+00,0.000000e+00,0.000000e+00
1.000000e+00,0.000000e+00,0.000000e+00,0.000000e+00,0.000000e+00,0.000000e+00,0.000000e+00,0.000000e+00,0.000000e+00,0.000000e+00,0.000000e+00,0.000000e+00,0.000000e+00,0.000000e+00,0.000000e+00
1.000000e+00,0.000000e+00,0.000000e+00,0.000000e+00,0.000000e+00,0.000000e+00,0.000000e+00,0.000000e+00,0.000000e+00,0.000000e+00,0.000000e+00,0.000000e+00,0.000000e+00,0.000000e+00,0.000000e+00
1.000000e+00,0.000000e+00,0.000000e+00,0.000000e+00,0.000000e+00,0.000000e+00,0.000000e+00,0.000000e+00,0.000000e+00,0.000000e+00,0.000000e+00,0.000000e+00,0.000000e+00,0.000000e+00,0.000000e+00
1.000000e+00,0.000000e+00,0.000000e+00,0.000000e+00,0.000000e+00,0.000000e+00,0.000000e+00,0.000000e+00,0.000000e+00,0.000000e+00,0.000000e+00,0.000000e+00,0.000000e+00,0.000000e+00,0.000000e+00
1.000000e+00,0.000000e+00,0.000000e+00,0.000000e+00,0.000000e+00,0.000000e+00,0.000000e+00,0.000000e+00,0.000000e+00,0.000000e+00,0.000000e+00,0.000000e+00,0.000000e+00,0.000000e+00,0.000000e+00
1.000000e+00,0.000000e+00,0.000000e+00,0.000000e+00,0.000000e+00,0.000000e+00,0.000000e+00,0.000000e+00,0.000000e+00,0.000000e+00,0.000000e+00,0.000000e+00,0.000000e+00,0.000000e+00,0.000000e+00
1.000000e+00,0.000000e+00,0.000000e+00,0.000000e+00,0.000000e+00,0.000000e+00,0.000000e+00,0.000000e+00,0.000000e+00,0.000000e+00,0.000000e+00,0.000000e+00,0.000000e+00,0.000000e+00,0.000000e+00
1.000000e+00,0.000000e+00,0.000000e+00,0.000000e+00,0.000000e+00,0.000000e+00,0.000000e+00,0.000000e+00,0.000000e+00,0.000000e+00,0.000000e+00,0.000000e+00,0.000000e+00,0.000000e+00,0.000000e+00
1.000000e+00,0.000000e+00,0.000000e+00,0.000000e+00,0.000000e+00,0.000000e+00,0.000000e+00,0.000000e+00,0.000000e+00,0.000000e+00,0.000000e+00,0.000000e+00,0.000000e+00,0.000000e+00,0.000000e+00
1.000000e+00,0.000000e+00,0.000000e+00,0.000000e+00,0.000000e+00,0.000000e+00,0.000000e+00,0.000000e+00,0.000000e+00,0.000000e+00,0.000000e+00,0.000000e+00,0.000000e+00,0.000000e+00,0.000000e+00
1.000000e+00,0.000000e+00,0.000000e+00,0.000000e+00,0.000000e+00,0.000000e+00,0.000000e+00,0.000000e+00,0.000000e+00,0.000000e+00,0.000000e+00,0.000000e+00,0.000000e+00,0.000000e+00,0.000000e+00
1.000000e+00,0.000000e+00,0.000000e+00,0.000000e+00,0.000000e+00,0.000000e+00,0.000000e+00,0.000000e+00,0.000000e+00,0.000000e+00,0.000000e+00,0.000000e+00,0.000000e+00,0.000000e+00,0.000000e+00
1.000000e+00,0.000000e+00,0.000000e+00,0.000000e+00,0.000000e+00,0.000000e+00,0.000000e+00,0.000000e+00,0.000000e+00,0.000000e+00,0.000000e+00,0.000000e+00,0.000000e+00,0.000000e+00,0.000000e+00
1.000000e+00,0.000000e+00,0.000000e+00,0.000000e+00,0.000000e+00,0.000000e+00,0.000000e+00,0.000000e+00,0.000000e+00,0.000000e+00,0.000000e+00,0.000000e+00,0.000000e+00,0.000000e+00,0.000000e+00
1.000000e+00,0.000000e+00,0.000000e+00,0.000000e+00,0.000000e+00,0.000000e+00,0.000000e+00,0.000000e+00,0.000000e+00,0.000000e+00,0.000000e+00,0.000000e+00,0.000000e+00,0.000000e+00,0.000000e+00
1.000000e+00,0.000000e+00,0.000000e+00,0.000000e+00,0.000000e+00,0.000000e+00,0.000000e+00,0.000000e+00,0.000000e+00,0.000000e+00,0.000000e+00,0.000000e+00,0.000000e+00,0.000000e+00,0.000000e+00
1.000000e+00,0.000000e+00,0.000000e+00,0.000000e+00,0.000000e+00,0.000000e+00,0.000000e+00,0.000000e+00,0.000000e+00,0.000000e+00,0.000000e+00,0.000000e+00,0.000000e+00,0.000000e+00,0.000000e+00
1.000000e+00,0.000000e+00,0.000000e+00,0.000000e+00,0.000000e+00,0.000000e+00,0.000000e+00,0.000000e+00,0.000000e+00,0.000000e+00,0.000000e+00,0.000000e+00,0.000000e+00,0.000000e+00,0.000000e+00
1.000000e+00,0.000000e+00,0.000000e+00,0.000000e+00,0.000000e+00,0.000000e+00,0.000000e+00,0.000000e+00,0.000000e+00,0.000000e+00,0.000000e+00,0.000000e+00,0.000000e+00,0.000000e+00,0.000000e+00
1.000000e+00,0.000000e+00,0.000000e+00,0.000000e+00,0.000000e+00,0.000000e+00,0.000000e+00,0.000000e+00,0.000000e+00,0.000000e+00,0.000000e+00,0.000000e+00,0.000000e+00,0.000000e+00,0.000000e+00
1.000000e+00,0.000000e+00,0.000000e+00,0.000000e+00,0.000000e+00,0.000000e+00,0.000000e+00,0.000000e+00,0.000000e+00,0.000000e+00,0.000000e+00,0.000000e+00,0.000000e+00,0.000000e+00,0.000000e+00
1.000000e+00,0.000000e+00,0.000000e+00,0.000000e+00,0.000000e+00,0.000000e+00,0.000000e+00,0.000000e+00,0.000000e+00,0.000000e+00,0.000000e+00,0.000000e+00,0.000000e+00,0.000000e+00,0.000000e+00
1.000000e+00,0.000000e+00,0.000000e+00,0.000000e+00,0.000000e+00,0.000000e+00,0.000000e+00,0.000000e+00,0.000000e+00,0.000000e+00,0.000000e+00,0.000000e+00,0.000000e+00,0.000000e+00,0.000000e+00
1.000000e+00,0.000000e+00,0.000000e+00,0.000000e+00,0.000000e+00,0.000000e+00,0.000000e+00,0.000000e+00,0.000000e+00,0.000000e+00,0.000000e+00,0.000000e+00,0.000000e+00,0.000000e+00,0.000000e+00
1.000000e+00,0.000000e+00,0.000000e+00,0.000000e+00,0.000000e+00,0.000000e+00,0.000000e+00,0.000000e+00,0.000000e+00,0.000000e+00,0.000000e+00,0.000000e+00,0.000000e+00,0.000000e+00,0.000000e+00
1.000000e+00,0.000000e+00,0.000000e+00,0.000000e+00,0.000000e+00,0.000000e+00,0.000000e+00,0.000000e+00,0.000000e+00,0.000000e+00,0.000000e+00,0.000000e+00,0.000000e+00,0.000000e+00,0.000000e+00
1.000000e+00,0.000000e+00,0.000000e+00,0.000000e+00,0.000000e+00,0.000000e+00,0.000000e+00,0.000000e+00,0.000000e+00,0.000000e+00,0.000000e+00,0.000000e+00,0.000000e+00,0.000000e+00,0.000000e+00
1.000000e+00,0.000000e+00,0.000000e+00,0.000000e+00,0.000000e+00,0.000000e+00,0.000000e+00,0.000000e+00,0.000000e+00,0.000000e+00,0.000000e+00,0.000000e+00,0.000000e+00,0.000000e+00,0.000000e+00
1.000000e+00,0.000000e+00,0.000000e+00,0.000000e+00,0.000000e+00,0.000000e+00,0.000000e+00,0.000000e+00,0.000000e+00,0.000000e+00,0.000000e+00,0.000000e+00,0.000000e+00,0.000000e+00,0.000000e+00
1.000000e+00,0.000000e+00,0.000000e+00,0.000000e+00,0.000000e+00,0.000000e+00,0.000000e+00,0.000000e+00,0.000000e+00,0.000000e+00,0.000000e+00,0.000000e+00,0.000000e+00,0.000000e+00,0.000000e+00
1.000000e+00,0.000000e+00,0.000000e+00,0.000000e+00,0.000000e+00,0.000000e+00,0.000000e+00,0.000000e+00,0.000000e+00,0.000000e+00,0.000000e+00,0.000000e+00,0.000000e+00,0.000000e+00,0.000000e+00
1.000000e+00,0.000000e+00,0.000000e+00,0.000000e+00,0.000000e+00,0.000000e+00,0.000000e+00,0.000000e+00,0.000000e+00,0.000000e+00,0.000000e+00,0.000000e+00,0.000000e+00,0.000000e+00,0.000000e+00
1.000000e+00,0.000000e+00,0.000000e+00,0.000000e+00,0.000000e+00,0.000000e+00,0.000000e+00,0.000000e+00,0.000000e+00,0.000000e+00,0.000000e+00,0.000000e+00,0.000000e+00,0.000000e+00,0.000000e+00
1.000000e+00,0.000000e+00,0.000000e+00,0.000000e+00,0.000000e+00,0.000000e+00,0.000000e+00,0.000000e+00,0.000000e+00,0.000000e+00,0.000000e+00,0.000000e+00,0.000000e+00,0.000000e+00,0.000000e+00
1.000000e+00,0.000000e+00,0.000000e+00,0.000000e+00,0.000000e+00,0.000000e+00,0.000000e+00,0.000000e+00,0.000000e+00,0.000000e+00,0.000000e+00,0.000000e+00,0.000000e+00,0.000000e+00,0.000000e+00
1.000000e+00,0.000000e+00,0.000000e+00,0.000000e+00,0.000000e+00,0.000000e+00,0.000000e+00,0.000000e+00,0.000000e+00,0.000000e+00,0.000000e+00,0.000000e+00,0.000000e+00,0.000000e+00,0.000000e+00
1.000000e+00,0.000000e+00,0.000000e+00,0.000000e+00,0.000000e+00,0.000000e+00,0.000000e+00,0.000000e+00,0.000000e+00,0.000000e+00,0.000000e+00,0.000000e+00,0.000000e+00,0.000000e+00,0.000000e+00
1.000000e+00,0.000000e+00,0.000000e+00,0.000000e+00,0.000000e+00,0.000000e+00,0.000000e+00,0.000000e+00,0.000000e+00,0.000000e+00,0.000000e+00,0.000000e+00,0.000000e+00,0.000000e+00,0.000000e+00
1.000000e+00,0.000000e+00,0.000000e+00,0.000000e+00,0.000000e+00,0.000000e+00,0.000000e+00,0.000000e+00,0.000000e+00,0.000000e+00,0.000000e+00,0.000000e+00,0.000000e+00,0.000000e+00,0.000000e+00
1.000000e+00,0.000000e+00,0.000000e+00,0.000000e+00,0.000000e+00,0.000000e+00,0.000000e+00,0.000000e+00,0.000000e+00,0.000000e+00,0.000000e+00,0.000000e+00,0.000000e+00,0.000000e+00,0.000000e+00
1.000000e+00,0.000000e+00,0.000000e+00,0.000000e+00,0.000000e+00,0.000000e+00,0.000000e+00,0.000000e+00,0.000000e+00,0.000000e+00,0.000000e+00,0.000000e+00,0.000000e+00,0.000000e+00,0.000000e+00
1.000000e+00,0.000000e+00,0.000000e+00,0.000000e+00,0.000000e+00,0.000000e+00,0.000000e+00,0.000000e+00,0.000000e+00,0.000000e+00,0.000000e+00,0.000000e+00,0.000000e+00,0.000000e+00,0.000000e+00
1.000000e+00,0.000000e+00,0.000000e+00,0.000000e+00,0.000000e+00,0.000000e+00,0.000000e+00,0.000000e+00,0.000000e+00,0.000000e+00,0.000000e+00,0.000000e+00,0.000000e+00,0.000000e+00,0.000000e+00
1.000000e+00,0.000000e+00,0.000000e+00,0.000000e+00,0.000000e+00,0.000000e+00,0.000000e+00,0.000000e+00,0.000000e+00,0.000000e+00,0.000000e+00,0.000000e+00,0.000000e+00,0.000000e+00,0.000000e+00
1.000000e+00,0.000000e+00,0.000000e+00,0.000000e+00,0.000000e+00,0.000000e+00,0.000000e+00,0.000000e+00,0.000000e+00,0.000000e+00,0.000000e+00,0.000000e+00,0.000000e+00,0.000000e+00,0.000000e+00
1.000000e+00,0.000000e+00,0.000000e+00,0.000000e+00,0.000000e+00,0.000000e+00,0.000000e+00,0.000000e+00,0.000000e+00,0.000000e+00,0.000000e+00,0.000000e+00,0.000000e+00,0.000000e+00,0.000000e+00
1.000000e+00,0.000000e+00,0.000000e+00,0.000000e+00,0.000000e+00,0.000000e+00,0.000000e+00,0.000000e+00,0.000000e+00,0.000000e+00,0.000000e+00,0.000000e+00,0.000000e+00,0.000000e+00,0.000000e+00
1.000000e+00,0.000000e+00,0.000000e+00,0.000000e+00,0.000000e+00,0.000000e+00,0.000000e+00,0.000000e+00,0.000000e+00,0.000000e+00,0.000000e+00,0.000000e+00,0.000000e+00,0.000000e+00,0.000000e+00
4.611337e-01,2.738616e-02,1.548689e-02,3.028601e-01,7.288887e-03,1.351759e-02,3.705939e-03,7.197605e-03,2.112755e-02,6.491358e-03,1.021111e-02,2.155734e-02,2.115377e-02,3.054329e-03,7.782773e-02
3.429842e-01,3.265865e-02,1.595233e-02,3.572449e-01,6.226176e-03,1.099120e-02,2.913030e-03,5.229404e-03,3.717255e-02,8.834979e-03,1.057410e-02,1.571985e-02,1.989114e-02,2.321763e-03,1.312857e-01
2.442645e-01,3.093120e-02,2.498573e-02,4.655831e-01,5.125646e-03,9.333587e-03,2.232521e-03,3.775527e-03,3.373812e-02,9.097595e-03,9.005615e-03,1.152697e-02,1.487135e-02,1.880007e-03,1.336486e-01
2.510172e-01,5.593548e-02,2.652992e-02,3.858007e-01,5.349613e-03,9.593266e-03,2.091433e-03,3.114975e-03,6.291788e-02,1.245822e-02,1.353697e-02,9.653907e-03,1.508735e-02,2.022219e-03,1.448909e-01
3.492644e-01,5.120879e-02,2.311076e-02,3.239830e-01,8.516412e-03,1.065251e-02,2.001800e-03,3.399457e-03,5.981726e-02,1.017345e-02,1.381127e-02,9.343714e-03,1.574024e-02,2.064779e-03,1.169122e-01
2.821384e-01,5.629563e-02,3.164723e-02,3.381159e-01,7.113419e-03,8.677224e-03,1.566313e-03,2.625022e-03,9.237333e-02,1.095564e-02,3.831129e-02,8.740028e-03,3.269939e-02,1.918713e-03,8.682245e-02
2.739351e-01,6.900177e-02,2.835634e-02,2.911522e-01,5.869663e-03,6.862948e-03,1.301032e-03,2.430697e-03,9.000199e-02,9.862135e-03,5.223323e-02,4.833794e-02,5.423068e-02,2.883969e-03,6.354027e-02
1.986698e-01,5.178779e-02,2.020844e-02,2.050162e-01,5.456410e-03,5.631194e-03,9.868257e-04,1.882894e-03,6.754836e-02,7.805362e-03,5.827107e-02,2.448073e-01,8.290908e-02,3.477485e-03,4.554180e-02
1.473456e-01,3.642638e-02,1.421822e-02,1.438107e-01,8.742112e-03,4.626496e-03,7.697969e-04,1.569149e-03,5.051026e-02,6.604544e-03,5.416208e-02,3.267723e-01,1.667714e-01,3.138064e-03,3.453299e-02
1.064295e-01,2.570567e-02,1.009279e-02,1.008983e-01,7.586368e-03,4.019304e-03,7.202153e-04,1.496065e-03,3.782147e-02,5.333634e-03,4.189114e-02,4.622607e-01,1.668146e-01,3.134907e-03,2.579536e-02
7.990905e-02,1.828254e-02,7.538882e-03,7.168079e-02,1.112974e-02,9.231415e-03,1.262295e-03,5.453080e-03,4.288862e-02,4.190767e-03,3.672569e-02,5.288411e-01,1.590303e-01,3.513145e-03,2.032254e-02
5.668986e-02,1.287507e-02,5.762788e-03,5.042416e-02,1.199617e-02,1.079256e-02,2.168209e-03,9.917412e-03,4.595305e-02,3.253147e-03,2.977546e-02,5.952916e-01,1.473544e-01,2.771803e-03,1.497437e-02
4.002964e-02,9.192845e-03,4.246386e-03,3.617811e-02,8.876937e-03,1.952854e-02,1.761764e-03,7.124696e-03,4.130295e-02,3.333904e-03,2.586963e-02,6.573644e-01,1.306059e-01,2.921121e-03,1.166322e-02
2.854898e-02,6.566568e-03,3.317001e-03,2.546014e-02,8.583659e-03,2.579069e-02,1.950913e-03,5.457938e-03,3.341844e-02,2.809485e-03,2.159840e-02,7.150859e-01,1.108216e-01,2.189441e-03,8.400932e-03
2.051383e-02,5.068668e-03,2.817847e-03,1.798461e-02,9.105199e-03,2.098189e-02,1.529725e-03,4.122887e-03,4.422291e-02,2.380898e-03,1.757012e-02,7.564073e-01,8.951882e-02,1.652987e-03,6.122318e-03
1.475831e-02,3.757345e-03,2.847268e-03,1.273847e-02,7.748371e-03,1.981851e-02,1.289911e-03,3.151662e-03,3.317340e-02,2.242324e-03,1.429239e-02,7.927085e-01,8.544034e-02,1.488391e-03,4.544717e-03
1.041829e-02,2.668426e-03,2.135052e-03,8.936324e-03,6.449358e-03,1.650911e-02,9.451992e-04,2.288751e-03,2.364386e-02,1.747923e-03,1.073699e-02,8.448605e-01,6.432251e-02,1.099260e-03,3.238394e-03
7.568279e-03,2.550229e-03,2.784018e-03,6.303989e-03,5.396049e-03,1.387169e-02,6.898877e-04,1.828692e-03,1.706767e-02,1.675128e-03,8.257395e-03,8.738422e-01,5.488011e-02,8.916928e-04,2.392977e-03
6.329592e-03,2.721202e-03,1.086692e-02,4.722515e-03,5.952186e-03,1.030678e-02,6.500717e-04,6.271305e-03,1.424164e-02,2.312162e-03,6.938687e-03,8.715008e-01,4.537105e-02,2.939506e-03,8.875478e-03
8.791506e-03,7.309554e-03,4.651791e-02,3.828008e-03,4.364267e-02,1.054807e-02,3.175097e-03,1.941327e-02,2.153043e-02,2.847421e-03,5.545064e-03,7.745216e-01,3.628381e-02,3.427216e-03,1.261829e-02
1.407127e-02,6.672233e-03,2.116992e-01,6.352339e-03,5.540485e-02,9.602600e-03,7.460391e-03,4.194716e-02,2.672908e-02,2.804361e-03,4.621697e-03,5.686198e-01,2.860724e-02,3.100690e-03,1.230701e-02
2.421983e-02,8.613063e-03,3.024635e-01,1.328516e-02,5.853520e-02,2.124989e-02,9.757228e-03,4.175286e-02,4.775026e-02,3.838774e-03,4.252912e-03,4.227993e-01,2.215884e-02,6.496654e-03,1.282645e-02
1.975971e-02,6.899291e-03,4.705108e-01,2.659656e-02,4.463847e-02,1.692436e-02,7.138711e-03,3.125243e-02,3.947270e-02,3.388271e-03,3.284330e-03,2.985635e-01,1.602705e-02,4.892226e-03,1.065165e-02
1.760482e-02,9.213563e-03,5.613127e-01,3.532523e-02,3.683096e-02,1.556814e-02,5.576114e-03,2.488153e-02,5.231693e-02,3.393375e-03,3.080760e-03,2.097662e-01,1.179188e-02,3.728486e-03,9.609334e-03
3.293689e-02,2.449787e-02,5.205054e-01,3.292263e-02,4.885378e-02,2.035980e-02,6.757733e-03,2.680130e-02,1.009272e-01,4.087895e-03,4.060120e-03,1.478368e-01,9.978605e-03,3.630427e-03,1.584353e-02
5.959462e-02,3.314537e-02,4.347457e-01,3.113003e-02,8.047846e-02,2.848815e-02,1.319845e-02,2.268300e-02,9.033319e-02,3.372530e-03,3.287644e-03,1.045964e-01,1.228845e-02,4.279448e-03,7.837860e-02
6.637983e-02,3.829865e-02,3.277903e-01,3.274909e-02,1.333033e-01,3.782949e-02,2.284570e-02,2.644996e-02,9.421187e-02,2.849943e-03,3.895190e-03,7.525886e-02,1.285268e-02,5.812527e-03,1.194727e-01
7.355242e-02,4.274497e-02,2.670409e-01,2.726612e-02,1.324021e-01,3.053406e-02,1.777774e-02,2.139732e-02,8.916125e-02,2.434171e-03,3.075409e-03,5.342145e-02,1.225933e-02,5.270921e-03,2.216619e-01
1.072512e-01,3.964942e-02,2.027412e-01,3.557709e-02,1.725041e-01,2.529413e-02,1.759960e-02,2.152064e-02,9.679112e-02,2.319908e-03,3.470607e-03,3.923571e-02,1.852377e-02,5.033799e-03,2.124877e-01
1.261958e-01,3.643335e-02,1.479118e-01,3.368875e-02,2.303005e-01,2.282428e-02,1.439863e-02,1.883173e-02,9.663562e-02,1.923883e-03,3.195465e-03,2.859798e-02,2.191531e-02,5.283569e-03,2.118634e-01
1.989104e-01,3.493140e-02,1.077703e-01,6.019609e-02,2.236310e-01,2.494852e-02,1.358092e-02,1.622450e-02,8.181699e-02,2.332857e-03,4.179382e-03,2.642820e-02,3.512979e-02,4.833632e-03,1.650860e-01
1.583746e-01,3.465912e-02,7.929997e-02,7.413228e-02,1.614137e-01,1.890769e-02,9.674661e-03,1.171418e-02,8.175095e-02,1.159078e-02,4.021893e-03,2.044348e-02,2.556266e-02,4.472145e-03,3.039819e-01
1.446468e-01,3.308836e-02,5.854809e-02,5.366519e-02,1.139645e-01,1.475050e-02,6.909884e-03,8.387936e-03,6.954618e-02,9.953327e-03,3.641966e-03,1.505620e-02,1.929150e-02,2.067290e-02,4.278767e-01
1.124623e-01,2.453715e-02,4.536280e-02,4.205565e-02,8.006291e-02,1.065031e-02,4.909750e-03,6.004325e-03,6.983671e-02,9.526774e-03,3.633508e-03,1.119379e-02,1.475165e-02,2.886754e-02,5.361449e-01
8.773300e-02,1.910728e-02,3.617539e-02,3.029773e-02,5.627637e-02,7.792161e-03,3.467024e-03,4.300183e-03,5.381476e-02,7.619218e-03,4.006559e-03,8.570373e-03,1.308704e-02,3.928023e-02,6.284727e-01
8.800295e-02,1.467976e-02,2.743172e-02,2.414548e-02,3.971913e-02,6.176895e-03,2.514770e-03,3.173878e-03,5.468504e-02,6.871790e-03,6.362062e-03,7.551586e-03,1.052962e-02,6.162760e-02,6.465278e-01
1.056640e-01,1.140244e-02,2.043281e-02,1.791957e-02,2.878887e-02,5.223554e-03,1.835687e-03,2.401249e-03,5.169401e-02,8.665663e-03,1.254291e-02,8.015966e-03,2.028249e-02,7.736732e-02,6.277635e-01
8.256455e-02,8.500062e-03,1.477512e-02,1.282993e-02,2.022434e-02,4.069267e-03,1.340946e-03,1.714852e-03,5.549038e-02,1.116811e-02,1.162023e-02,6.549220e-03,1.437357e-02,9.638684e-02,6.583926e-01
6.062098e-02,6.093245e-03,1.047923e-02,9.015597e-03,1.417148e-02,2.939602e-03,9.646552e-04,1.207873e-03,4.274824e-02,1.061240e-02,1.396158e-02,5.705960e-03,1.016624e-02,2.825909e-01,5.287220e-01
4.357366e-02,4.365162e-03,7.388758e-03,6.330744e-03,9.940374e-03,2.100534e-03,6.859384e-04,8.508765e-04,3.127269e-02,1.309950e-02,2.052063e-02,4.191702e-03,7.175650e-03,4.669099e-01,3.815939e-01
3.071469e-02,3.073738e-03,5.324016e-03,4.444759e-03,6.996579e-03,1.551861e-03,4.870369e-04,6.020214e-04,2.261005e-02,8.695112e-02,2.820987e-02,3.185378e-03,5.187358e-03,5.148278e-01,2.858337e-01
2.152373e-02,2.160510e-03,3.782162e-03,3.117308e-03,4.918993e-03,1.256977e-03,3.543872e-04,4.256500e-04,1.604062e-02,1.478998e-01,2.177059e-02,2.272700e-03,3.658153e-03,5.588145e-01,2.120039e-01
1.506928e-02,1.516441e-03,2.651433e-03,2.184724e-03,3.461673e-03,8.940574e-04,2.490689e-04,2.987080e-04,1.155354e-02,1.824071e-01,1.690714e-02,1.684664e-03,2.755709e-03,6.093572e-01,1.490093e-01
1.055814e-02,1.074437e-03,1.868405e-03,1.593312e-03,2.676543e-03,7.786353e-04,1.956215e-04,2.122537e-04,9.663777e-03,1.685711e-01,1.675568e-02,1.657374e-03,2.589236e-03,6.768453e-01,1.049603e-01
7.427959e-03,8.787621e-04,1.334449e-03,1.259966e-03,2.922808e-03,9.958484e-04,2.212914e-04,1.592931e-04,2.851687e-02,1.519015e-01,1.379498e-02,2.000199e-03,7.861081e-03,7.062787e-01,7.444628e-02
5.210851e-03,9.333115e-04,9.474563e-04,1.270892e-03,2.322410e-03,1.434286e-03,3.315126e-04,2.199976e-04,3.729976e-02,1.077139e-01,1.043139e-02,1.691451e-03,7.530714e-03,7.705098e-01,5.215231e-02
3.652119e-03,8.702086e-04,6.696369e-04,1.075940e-03,1.794730e-03,1.742073e-03,3.792751e-04,2.881354e-04,3.667080e-02,7.576218e-02,8.000784e-03,1.342120e-03,8.574247e-03,8.226455e-01,3.653224e-02
2.653022e-03,1.287113e-03,5.480811e-04,1.268057e-03,5.150624e-03,3.581589e-03,1.072134e-03,2.039323e-03,1.106008e-01,5.337448e-02,1.808154e-02,1.641564e-03,1.264822e-02,7.604153e-01,2.563822e-02
2.000396e-03,1.772186e-03,4.836379e-04,1.048119e-03,4.379521e-03,1.060989e-02,9.944078e-04,2.715633e-03,1.141215e-01,3.768493e-02,1.451198e-02,2.685646e-03,4.865564e-02,7.399967e-01,1.833983e-02
1.888827e-03,1.600470e-03,1.200374e-03,1.255780e-03,6.482795e-03,2.807243e-02,2.195847e-03,6.386378e-02,9.647296e-02,2.699882e-02,1.336686e-02,7.388397e-03,4.381279e-02,6.919507e-01,1.344912e-02
4.276194e-03,3.557958e-03,3.603586e-03,3.189868e-03,1.787641e-02,1.122691e-01,3.191915e-03,5.233408e-02,1.068887e-01,1.984516e-02,1.791786e-02,1.554061e-02,7.138506e-02,5.552752e-01,1.284833e-02
9.209613e-03,6.140583e-03,4.937124e-03,3.301124e-03,2.050970e-02,1.405836e-01,3.486951e-03,5.241191e-02,1.103433e-01,1.417506e-02,1.630238e-02,2.515505e-02,1.366484e-01,4.426479e-01,1.414729e-02
1.284286e-02,6.600962e-03,6.832999e-03,4.139321e-03,2.407558e-02,2.108721e-01,3.896659e-03,6.046941e-02,1.168233e-01,1.031092e-02,1.725653e-02,2.914808e-02,1.636543e-01,3.161581e-01,1.691888e-02
1.118877e-02,7.947357e-03,7.216845e-03,3.466491e-03,1.851457e-02,2.781922e-01,3.455929e-03,4.522871e-02,8.523484e-02,7.318874e-03,1.295267e-02,2.500574e-02,2.437681e-01,2.217972e-01,2.871166e-02
1.022598e-02,1.128834e-02,8.483654e-03,3.560427e-03,1.621609e-02,2.935492e-01,3.335542e-03,3.423699e-02,7.298323e-02,5.252362e-03,1.035993e-02,2.754897e-02,3.199962e-01,1.556852e-01,2.727790e-02
8.844250e-03,1.954406e-01,6.806907e-03,6.807990e-03,1.148883e-02,2.089698e-01,2.388238e-03,2.430013e-02,1.280568e-01,3.940770e-03,8.818440e-03,2.294021e-02,2.418931e-01,1.090865e-01,2.021752e-02
1.255496e-02,1.854590e-01,6.137817e-03,5.996243e-03,9.882387e-03,1.721301e-01,2.098985e-03,1.774381e-02,1.421875e-01,2.987350e-03,1.487105e-02,2.878253e-02,2.878354e-01,7.661110e-02,3.472174e-02
1.001713e-02,2.157827e-01,5.773318e-03,7.325489e-03,7.033389e-03,1.293997e-01,1.616058e-03,1.257811e-02,2.558273e-01,2.479796e-03,1.326119e-02,2.607149e-02,2.249164e-01,5.413486e-02,3.378303e-02
9.655997e-03,1.873984e-01,6.330248e-03,9.089579e-03,5.309314e-03,1.104059e-01,1.669694e-03,9.286744e-03,2.960001e-01,2.235756e-03,1.955021e-02,3.196882e-02,2.173485e-01,3.963960e-02,5.411118e-02
9.929298e-03,1.381433e-01,5.748244e-03,8.174147e-03,8.748066e-03,1.531020e-01,3.730349e-03,7.545072e-03,2.961700e-01,1.808939e-03,2.281101e-02,3.443991e-02,2.314691e-01,2.874959e-02,4.943106e-02
1.535877e-02,2.450305e-01,7.962700e-03,1.506771e-02,7.176104e-03,1.188453e-01,2.790025e-03,5.838649e-03,3.004386e-01,2.195997e-03,1.835824e-02,2.918660e-02,1.716692e-01,2.187202e-02,3.820973e-02
6.227111e-02,1.879365e-01,9.237247e-03,1.784047e-02,9.471474e-03,1.299093e-01,2.940495e-03,6.127936e-03,2.861795e-01,3.562212e-03,2.501912e-02,2.712010e-02,1.418584e-01,2.187875e-02,6.864741e-02
1.258400e-01,1.388105e-01,7.288007e-03,1.399568e-02,3.700882e-02,1.233514e-01,3.834405e-03,5.522816e-03,2.752633e-01,4.178312e-03,2.141728e-02,2.585162e-02,1.441799e-01,1.799664e-02,5.546129e-02
1.506754e-01,1.063352e-01,7.584250e-03,1.270505e-02,5.948542e-02,1.083432e-01,7.522810e-03,8.624526e-03,2.449142e-01,5.673826e-03,1.832925e-02,2.801277e-02,1.773749e-01,1.412974e-02,5.028953e-02
1.692748e-01,9.209369e-02,1.154631e-02,1.396479e-02,8.516276e-02,9.391530e-02,1.284377e-02,7.869869e-03,1.938728e-01,4.702391e-03,1.437917e-02,2.565682e-02,2.219578e-01,1.085896e-02,4.190082e-02
2.444109e-01,7.687698e-02,1.471416e-02,1.307500e-02,8.656719e-02,8.009177e-02,1.121194e-02,8.975984e-03,1.721535e-01,6.976185e-03,1.208196e-02,1.938657e-02,1.885006e-01,9.480171e-03,5.549717e-02
2.762842e-01,7.729863e-02,1.533797e-02,1.440736e-02,1.122277e-01,8.182699e-02,1.345756e-02,7.868633e-03,1.531308e-01,6.075100e-03,9.636320e-03,1.546647e-02,1.495306e-01,8.293920e-03,5.915783e-02
2.903344e-01,7.791913e-02,1.544684e-02,1.592704e-02,1.381261e-01,7.214760e-02,1.185234e-02,8.903372e-03,1.287391e-01,5.727428e-03,7.903333e-03,1.352978e-02,1.387901e-01,7.317895e-03,6.733553e-02
2.686927e-01,6.593695e-02,1.294011e-02,1.468476e-02,1.817482e-01,7.458704e-02,1.122848e-02,9.031190e-03,1.157729e-01,5.042440e-03,9.551282e-03,1.537865e-02,1.508929e-01,9.483843e-03,5.502857e-02
2.414037e-01,6.002627e-02,1.053694e-02,1.427780e-02,2.198640e-01,7.362483e-02,1.121007e-02,8.884769e-03,1.130213e-01,4.213004e-03,1.106325e-02,1.370615e-02,1.602171e-01,1.074540e-02,4.720525e-02
1.886515e-01,1.444834e-01,1.888534e-02,3.941964e-02,2.145200e-01,7.066067e-02,1.029988e-02,1.023865e-02,8.528906e-02,4.282796e-03,1.013481e-02,1.289551e-02,1.191969e-01,1.041818e-02,6.062362e-02
2.042925e-01,1.284861e-01,1.842212e-02,3.283041e-02,1.763164e-01,6.390857e-02,8.988381e-03,1.025447e-02,9.555359e-02,4.556827e-03,1.274603e-02,1.340915e-02,1.574254e-01,1.270242e-02,6.010751e-02
2.159674e-01,1.360977e-01,2.746497e-02,2.848966e-02,1.346026e-01,6.788320e-02,6.963462e-03,9.524148e-03,7.540732e-02,6.831561e-03,3.820990e-02,1.590686e-02,1.261396e-01,3.875483e-02,7.175677e-02
2.645015e-01,1.125045e-01,2.989051e-02,2.532919e-02,1.076086e-01,5.931989e-02,5.961919e-03,1.387984e-02,7.446035e-02,8.294041e-03,5.346145e-02,1.647700e-02,9.805892e-02,6.734691e-02,6.290537e-02
2.119349e-01,8.780547e-02,2.716306e-02,2.411376e-02,7.917842e-02,4.579090e-02,4.744214e-03,1.173019e-02,1.363149e-01,1.349917e-02,1.053532e-01,1.347546e-02,7.091540e-02,1.079181e-01,6.006278e-02
1.776119e-01,6.528647e-02,2.373320e-02,2.119322e-02,6.059736e-02,5.601184e-02,4.337973e-03,1.079528e-02,1.011405e-01,1.062503e-02,2.132117e-01,1.238658e-02,5.182505e-02,1.457319e-01,4.551204e-02
1.904661e-01,4.823777e-02,2.207661e-02,1.683608e-02,4.783128e-02,5.023703e-02,4.459052e-03,1.003236e-02,7.282518e-02,8.811926e-03,2.377088e-01,1.150113e-02,3.808399e-02,2.068093e-01,3.408335e-02
1.542500e-01,3.417096e-02,1.611273e-02,1.276222e-02,3.417109e-02,3.852194e-02,3.267909e-03,7.466894e-03,5.294962e-02,6.861034e-03,2.665972e-01,1.045477e-02,2.718349e-02,3.107165e-01,2.451363e-02
1.103061e-01,2.405072e-02,1.143361e-02,9.784811e-03,2.526709e-02,2.878121e-02,2.362686e-03,5.511485e-03,3.839117e-02,5.195648e-03,3.286483e-01,8.564180e-03,1.943105e-02,3.645937e-01,1.767817e-02
8.003908e-02,1.719866e-02,8.492188e-03,7.332354e-03,1.860768e-02,2.866493e-02,1.754285e-03,4.222267e-03,2.871043e-02,4.240389e-03,3.439343e-01,7.460133e-03,1.400337e-02,4.223624e-01,1.297744e-02
5.699854e-02,1.220657e-02,6.259453e-03,5.473567e-03,1.384819e-02,2.391988e-02,1.329091e-03,3.359000e-03,2.114320e-02,3.427275e-03,4.000382e-01,7.069933e-03,1.027512e-02,4.251206e-01,9.531314e-03
4.022351e-02,8.753921e-03,4.841846e-03,4.335131e-03,1.042518e-02,1.858031e-02,9.644980e-04,2.487269e-03,2.328400e-02,2.999230e-03,4.274942e-01,8.040001e-03,7.397781e-03,4.333333e-01,6.839792e-03
2.819081e-02,6.241890e-03,3.541717e-03,3.277075e-03,7.541480e-03,1.625006e-02,7.007321e-04,1.786486e-03,4.100391e-02,2.705740e-03,3.827959e-01,7.099151e-03,5.343325e-03,4.886830e-01,4.838742e-03
1.978579e-02,4.399905e-03,2.589815e-03,2.544901e-03,5.467834e-03,1.223606e-02,4.976191e-04,1.290558e-03,3.370041e-02,2.195811e-03,3.725575e-01,5.725313e-03,3.991959e-03,5.295362e-01,3.480305e-03
1.401752e-02,4.089800e-03,2.182385e-03,2.442228e-03,4.796545e-03,1.504804e-02,4.083832e-04,1.003248e-03,7.744338e-02,2.775420e-03,3.607855e-01,4.896209e-03,3.640532e-03,5.035756e-01,2.895313e-03
1.007280e-02,4.112163e-03,2.214927e-03,3.095397e-03,4.406212e-03,1.615817e-02,3.332891e-04,9.936958e-04,1.920256e-01,3.070340e-03,2.985517e-01,3.975139e-03,2.899033e-03,4.555390e-01,2.552615e-03
7.514123e-03,5.908985e-03,2.280604e-03,5.496051e-03,4.821142e-03,1.489227e-02,5.894518e-04,1.636521e-03,3.070258e-01,4.199638e-03,2.598131e-01,3.225278e-03,2.354950e-03,3.771509e-01,3.091299e-03
5.796508e-03,6.443517e-03,3.215450e-03,9.514956e-03,5.936640e-03,2.672184e-02,5.426535e-04,2.244985e-03,3.586578e-01,6.184520e-03,2.287600e-01,2.538434e-03,1.865710e-03,3.375640e-01,4.012973e-03
4.830800e-03,7.105729e-03,2.475812e-03,1.032372e-02,5.493810e-03,2.246527e-02,4.239555e-04,1.649862e-03,3.501144e-01,8.331734e-03,2.669061e-01,3.919678e-03,3.590740e-03,3.074591e-01,4.909340e-03
5.150957e-03,1.074223e-02,2.052763e-03,1.241018e-02,1.069594e-02,2.296754e-02,6.802103e-04,1.448378e-03,3.752660e-01,1.130193e-02,2.596915e-01,4.825626e-03,6.387617e-03,2.657638e-01,1.061535e-02
2.187674e-02,1.268607e-02,5.530250e-03,1.469296e-02,4.900434e-02,5.129117e-02,2.418425e-03,7.900042e-03,3.464579e-01,2.367079e-02,2.247446e-01,5.597249e-03,9.811368e-03,2.078640e-01,1.645416e-02
1.710965e-02,1.021778e-02,4.147967e-03,1.155122e-02,5.450656e-02,4.149579e-02,2.109689e-03,5.840674e-03,4.999197e-01,1.861963e-02,1.620676e-01,5.208140e-03,7.277030e-03,1.471794e-01,1.274915e-02
1.477429e-02,8.646631e-03,1.005391e-02,1.592226e-02,1.259009e-01,3.460044e-02,8.201269e-03,7.660032e-03,5.236837e-01,1.362566e-02,1.150542e-01,3.904611e-03,5.435662e-03,1.030926e-01,9.443847e-03
1.471602e-02,7.602260e-03,8.505924e-03,1.685598e-02,1.161916e-01,2.772845e-02,6.517333e-03,6.536970e-03,6.111463e-01,1.152117e-02,8.094231e-02,2.794397e-03,4.630524e-03,7.232511e-02,1.198562e-02
2.003373e-02,6.426097e-03,6.886629e-03,1.346311e-02,2.516699e-01,2.761454e-02,6.538366e-03,6.492145e-03,5.296875e-01,8.242670e-03,5.697253e-02,1.998797e-03,3.511821e-03,5.090506e-02,9.557060e-03
3.002087e-02,1.430181e-02,7.491023e-03,2.790322e-02,3.075795e-01,6.238620e-02,7.038529e-03,1.837298e-02,4.267990e-01,6.196659e-03,4.113701e-02,1.613292e-03,3.009635e-03,3.633955e-02,9.810632e-03
4.696506e-02,1.410401e-02,6.234164e-03,2.284198e-02,3.107144e-01,6.162596e-02,8.683247e-03,1.927032e-02,4.364329e-01,4.602981e-03,2.927444e-02,1.416120e-03,3.007522e-03,2.708663e-02,7.740242e-03
4.034958e-02,5.279774e-02,3.491154e-02,9.618928e-02,3.117280e-01,6.563370e-02,1.217222e-02,1.884912e-02,3.133272e-01,3.561067e-03,2.072906e-02,1.310011e-03,2.416593e-03,1.904566e-02,6.979125e-03
3.502334e-02,3.749964e-02,2.546872e-02,7.204664e-02,4.399194e-01,4.720070e-02,1.151951e-02,7.149179e-02,2.211998e-01,2.514366e-03,1.497535e-02,9.744480e-04,1.848959e-03,1.338554e-02,4.931769e-03
3.663359e-02,2.714433e-02,2.155686e-02,5.394258e-02,4.474333e-01,3.490979e-02,1.353976e-02,1.798435e-01,1.566079e-01,1.844995e-03,1.132698e-02,7.444200e-04,1.459570e-03,9.439974e-03,3.572315e-03
3.122169e-02,1.999786e-02,1.855739e-02,5.507459e-02,3.573810e-01,2.683605e-02,2.450261e-02,1.974199e-01,1.125216e-01,1.380854e-02,9.429543e-02,1.113632e-02,2.435535e-02,7.041137e-03,5.850535e-03
2.238281e-02,1.423504e-02,1.465006e-02,5.334098e-02,2.716751e-01,1.992216e-02,4.910539e-02,1.715808e-01,8.004152e-02,1.322667e-01,1.088407e-01,1.954426e-02,3.028917e-02,5.906819e-03,6.218336e-03
1.596186e-02,1.057001e-02,1.331459e-02,6.425339e-02,1.952156e-01,1.550062e-02,3.638158e-02,1.225506e-01,5.883965e-02,1.552854e-01,1.833932e-01,5.314544e-02,6.112978e-02,7.391958e-03,7.066250e-03
1.152877e-02,7.804415e-03,1.032543e-02,5.791696e-02,1.390424e-01,1.199107e-02,2.818359e-02,8.610827e-02,4.244979e-02,1.865217e-01,1.828585e-01,1.152991e-01,9.664495e-02,1.118404e-02,1.214105e-02
8.551805e-03,6.856008e-03,8.800920e-03,5.001317e-02,1.006231e-01,9.882518e-03,2.086186e-02,6.059146e-02,3.312666e-02,1.861974e-01,2.011346e-01,1.112926e-01,1.434787e-01,3.535937e-02,2.322974e-02
6.138898e-03,5.923405e-03,7.229190e-03,3.685581e-02,7.203655e-02,7.291677e-03,1.473544e-02,4.308436e-02,9.133957e-02,1.426497e-01,1.897466e-01,1.018070e-01,1.568559e-01,9.538189e-02,2.892400e-02
4.468011e-03,1.847233e-02,5.562477e-03,2.682346e-02,5.380039e-02,6.356192e-03,1.034642e-02,3.032003e-02,2.073558e-01,1.025352e-01,1.576866e-01,7.788795e-02,1.147753e-01,1.443751e-01,3.923478e-02
3.404326e-03,1.840763e-02,5.335562e-03,1.916870e-02,3.971352e-02,5.364989e-03,7.336854e-03,2.136897e-02,3.558830e-01,7.221677e-02,1.190662e-01,5.508484e-02,8.109960e-02,1.647969e-01,3.175209e-02
2.495277e-03,1.430494e-02,3.852440e-03,1.374596e-02,2.795765e-02,7.391647e-03,5.155898e-03,1.499141e-02,5.296817e-01,5.085501e-02,8.408741e-02,3.871206e-02,5.732116e-02,1.259179e-01,2.352956e-02
2.402423e-03,1.375464e-02,2.976334e-03,1.120141e-02,2.164942e-02,1.385559e-02,3.917658e-03,1.204788e-02,5.629175e-01,3.705480e-02,6.337318e-02,2.818840e-02,4.960811e-02,1.575730e-01,1.947965e-02
4.110250e-03,3.163695e-02,4.401366e-03,1.267349e-02,3.579178e-02,1.665913e-02,2.929694e-03,1.115281e-02,5.831355e-01,2.813211e-02,4.738566e-02,1.988327e-02,3.680714e-02,1.485537e-01,1.674708e-02
3.754277e-03,6.508158e-02,3.990101e-03,9.595689e-03,2.810601e-02,2.323413e-02,2.080715e-03,7.945924e-03,5.673577e-01,2.148368e-02,3.491320e-02,1.407286e-02,2.742366e-02,1.621255e-01,2.883491e-02
2.962790e-03,6.232544e-02,3.280641e-03,7.294973e-03,2.006662e-02,1.923922e-02,1.464836e-03,5.665857e-03,6.401107e-01,1.845702e-02,2.517234e-02,9.935468e-03,2.031873e-02,1.290115e-01,3.469385e-02
3.953934e-03,4.748854e-02,2.909082e-03,8.620225e-03,1.680848e-02,2.263192e-02,1.062506e-03,4.877654e-03,6.966229e-01,1.646327e-02,1.917149e-02,7.060795e-03,1.479680e-02,1.009022e-01,3.663018e-02
3.910997e-03,3.502194e-02,3.269234e-03,2.029876e-02,1.251473e-02,1.719024e-02,7.634012e-04,3.703630e-03,7.455881e-01,1.373711e-02,1.770339e-02,5.460230e-03,1.354235e-02,7.336953e-02,3.392635e-02
3.304096e-03,2.748787e-02,4.430244e-03,2.074993e-02,9.052292e-03,1.243088e-02,5.635321e-04,2.692113e-03,7.576152e-01,1.123407e-02,2.090358e-02,4.464122e-03,1.525027e-02,5.422769e-02,5.559405e-02
5.444708e-03,2.476271e-02,4.299571e-03,1.778371e-02,8.135958e-03,9.947042e-03,5.164187e-04,2.272671e-03,6.838164e-01,9.131940e-03,4.509536e-02,4.700883e-03,2.796437e-02,6.098877e-02,9.513947e-02
1.701010e-02,2.526723e-02,1.062732e-02,1.671299e-02,1.042139e-02,2.075151e-02,3.692498e-03,1.772402e-02,5.573393e-01,7.611308e-03,4.097181e-02,4.105502e-03,2.633310e-02,9.288615e-02,1.485458e-01
1.819511e-02,2.097574e-02,3.592996e-02,1.916151e-02,1.019031e-02,1.686798e-02,3.061913e-03,1.319819e-02,5.709203e-01,9.208995e-03,2.968777e-02,3.066762e-03,1.921684e-02,7.888311e-02,1.514354e-01
2.410465e-02,1.850489e-02,3.987853e-02,1.512809e-02,9.664092e-03,1.411524e-02,2.659950e-03,1.011472e-02,4.319007e-01,1.089075e-02,2.164209e-02,2.269713e-03,1.460183e-02,7.583515e-02,3.086896e-01
4.856320e-02,2.557045e-02,3.685249e-02,1.222937e-02,1.124358e-02,2.207470e-02,2.172712e-03,7.896458e-03,3.079340e-01,9.730887e-03,1.583352e-02,1.657136e-03,1.167849e-02,5.745365e-02,4.291093e-01
6.716361e-02,4.941000e-02,3.998294e-02,1.102627e-02,1.242868e-02,2.240124e-02,1.915189e-03,9.042947e-03,2.234133e-01,9.695521e-03,1.211866e-02,1.324220e-03,1.017559e-02,4.974138e-02,4.801604e-01
6.504570e-02,4.550734e-02,1.637945e-01,2.190743e-02,1.640703e-02,1.956091e-02,2.626465e-03,1.322947e-02,1.605596e-01,1.378702e-02,8.935738e-03,1.054517e-03,8.102662e-03,4.000359e-02,4.194779e-01
7.484151e-02,5.722625e-02,1.841714e-01,2.329624e-02,1.904082e-02,1.619455e-02,2.836711e-03,5.523555e-02,1.211496e-01,1.321169e-02,6.671169e-03,8.482448e-04,7.052899e-03,3.561894e-02,3.826044e-01
7.792718e-02,5.672038e-02,1.968817e-01,2.624273e-02,2.692196e-02,1.339760e-02,3.262383e-03,1.395898e-01,9.027773e-02,1.047020e-02,5.078045e-03,6.392972e-04,6.553409e-03,3.520839e-02,3.108291e-01
8.200423e-02,6.569261e-02,2.449715e-01,2.306962e-02,2.377212e-02,1.060223e-02,4.504538e-03,1.830965e-01,7.014517e-02,9.452807e-03,3.983663e-03,5.578545e-04,5.988376e-03,4.046132e-02,2.316975e-01
9.031430e-02,6.041775e-02,2.580625e-01,2.067806e-02,2.071501e-02,1.011685e-02,4.438671e-03,2.517568e-01,5.576931e-02,8.534131e-03,3.113700e-03,4.953259e-04,5.687463e-03,3.987836e-02,1.700218e-01
9.188847e-02,4.417193e-02,2.149375e-01,4.002938e-02,1.761964e-02,8.423024e-03,5.181262e-03,3.728194e-01,4.063519e-02,6.320976e-03,2.535074e-03,6.500815e-04,4.229602e-03,3.000866e-02,1.205498e-01
1.296822e-01,3.357711e-02,1.810957e-01,3.997087e-02,1.446877e-02,1.278058e-02,5.855459e-03,4.251880e-01,3.344498e-02,6.197149e-03,2.809330e-03,1.351523e-03,3.443392e-03,2.214423e-02,8.799078e-02
2.160878e-01,2.810005e-02,1.389785e-01,3.036689e-02,1.184949e-02,1.614495e-02,5.932960e-03,4.304367e-01,2.736647e-02,6.139087e-03,2.304766e-03,1.637567e-03,2.771599e-03,1.601610e-02,6.586705e-02
3.456827e-01,2.131087e-02,1.062420e-01,2.229363e-02,1.063517e-02,2.123372e-02,5.457560e-03,3.678074e-01,2.274007e-02,5.708317e-03,2.271385e-03,3.089746e-03,2.673348e-03,1.232016e-02,5.053385e-02
4.391286e-01,1.662234e-02,7.917514e-02,1.639720e-02,8.586190e-03,2.039191e-02,5.040012e-03,3.340781e-01,1.900008e-02,5.139046e-03,2.122624e-03,3.545156e-03,2.502687e-03,1.000509e-02,3.826582e-02
4.690794e-01,1.308103e-02,6.628604e-02,1.306628e-02,8.009305e-03,2.000282e-02,5.326659e-03,3.367094e-01,1.534273e-02,5.300943e-03,2.240093e-03,4.228418e-03,2.795746e-03,8.222076e-03,3.030915e-02
4.737881e-01,1.029514e-02,5.304521e-02,1.145001e-02,7.238567e-03,1.848032e-02,4.968443e-03,3.599386e-01,1.236035e-02,6.000335e-03,2.478607e-03,5.223202e-03,2.764645e-03,6.751907e-03,2.521655e-02
4.743221e-01,8.414203e-03,4.258219e-02,1.079646e-02,6.668150e-03,1.654657e-02,5.223190e-03,3.819043e-01,9.667612e-03,5.989035e-03,2.674528e-03,5.963373e-03,2.762081e-03,5.464210e-03,2.102198e-02
4.951051e-01,8.806697e-03,3.522891e-02,1.326579e-02,6.497833e-03,2.161392e-02,5.125748e-03,3.423535e-01,8.705636e-03,6.640492e-03,7.170939e-03,1.324130e-02,3.868030e-03,6.445240e-03,2.593087e-02
4.858458e-01,8.815432e-03,2.871469e-02,1.265550e-02,5.526637e-03,2.113578e-02,4.178772e-03,3.626996e-01,6.913992e-03,6.095991e-03,7.598962e-03,1.382076e-02,3.812864e-03,6.633249e-03,2.555197e-02
3.624040e-01,1.164513e-02,2.347295e-02,1.978853e-02,5.185680e-03,1.244343e-01,3.665903e-03,2.569008e-01,1.122295e-02,2.900134e-02,1.206012e-02,1.524361e-02,7.084622e-03,7.436587e-03,1.104535e-01
2.553053e-01,9.094301e-03,1.650243e-02,1.413418e-02,3.677303e-03,1.389118e-01,2.611286e-03,1.800094e-01,2.418961e-02,2.714775e-02,1.131811e-02,1.096261e-02,6.059337e-03,6.897305e-03,2.931793e-01
1.804406e-01,6.734958e-03,1.158076e-02,1.002554e-02,2.613270e-03,1.088474e-01,1.883306e-03,1.261537e-01,2.545308e-02,2.135181e-02,9.846984e-03,7.809529e-03,5.208584e-03,8.106188e-03,4.739443e-01
1.320826e-01,5.392778e-03,8.180036e-03,7.434522e-03,2.071506e-03,1.040799e-01,1.790773e-03,8.857095e-02,4.775447e-02,2.159813e-02,1.067538e-02,7.287640e-03,9.780714e-03,7.363833e-03,5.459368e-01
9.916092e-02,4.367921e-03,5.818585e-03,5.985670e-03,1.814946e-03,1.130029e-01,2.158316e-03,6.249163e-02,4.486476e-02,1.644701e-02,1.979950e-02,6.837689e-03,2.323829e-02,1.432025e-02,5.796916e-01
