1.000000e+00,0.000000e+00,0.000000e+00,0.000000e+00,0.000000e+00,0.000000e+00,0.000000e+00,0.000000e+00,0.000000e+00,0.000000e+00,0.000000e+00,0.000000e+00,0.000000e+00,0.000000e+00,0.000000e+00
1.000000e+00,0.000000e+00,0.000000e+00,0.000000e+00,0.000000e+00,0.000000e+00,0.000000e+00,0.000000e+00,0.000000e+00,0.000000e+00,0.000000e+00,0.000000e+00,0.000000e+00,0.000000e+00,0.000000e+00
1.000000e+00,0.000000e+00,0.000000e+00,0.000000e+00,0.000000e+00,0.000000e+00,0.000000e+00,0.000000e+00,0.000000e+00,0.000000e+00,0.000000e+00,0.000000e+00,0.000000e+00,0.000000e+00,0.000000e+00
1.000000e+00,0.000000e+00,0.000000e+00,0.000000e+00,0.000000e+00,0.000000e+00,0.000000e+00,0.000000e+00,0.000000e+00,0.000000e+00,0.000000e+00,0.000000e+00,0.000000e+00,0.000000e+00,0.000000e+00
1.000000e+00,0.000000e+00,0.000000e+00,0.000000e+00,0.000000e+00,0.000000e+00,0.000000e+00,0.000000e+00,0.000000e+00,0.000000e+00,0.000000e+00,0.000000e+00,0.000000e+00,0.000000e+00,0.000000e+00
1.000000e+00,0.000000e+00,0.000000e+00,0.000000e+00,0.000000e+00,0.000000e+00,0.000000e+00,0.000000e+00,0.000000e+00,0.000000e+00,0.000000e+00,0.000000e+00,0.000000e+00,0.000000e+00,0.000000e+00
1.000000e+00,0.000000e+00,0.000000e+00,0.000000e+00,0.000000e+00,0.000000e+00,0.000000e+00,0.000000e+00,0.000000e+00,0.000000e+00,0.000000e+00,0.000000e+00,0.000000e+00,0.000000e+00,0.000000e+00
1.000000e+00,0.000000e+00,0.000000e+00,0.000000e+00,0.000000e+00,0.000000e+00,0.000000e+00,0.000000e+00,0.000000e+00,0.000000e+00,0.000000e+00,0.000000e+00,0.000000e+00,0.000000e+00,0.000000e+00
1.000000e+00,0.000000e+00,0.000000e+00,0.000000e+00,0.000000e+00,0.000000e+00,0.000000e+00,0.000000e+00,0.000000e+00,0.000000e+00,0.000000e+00,0.000000e+00,0.000000e+00,0.000000e+00,0.000000e+00
1.000000e+00,0.000000e+00,0.000000e+00,0.000000e+00,0.000000e+00,0.000000e+00,0.000000e+00,0.000000e+00,0.000000e+00,0.000000e+00,0.000000e+00,0.000000e+00,0.000000e+00,0.000000e+00,0.000000e+00
1.000000e+00,0.000000e+00,0.000000e+00,0.000000e+00,0.000000e+00,0.000000e+00,0.000000e+00,0.000000e+00,0.000000e+00,0.000000e+00,0.000000e+00,0.000000e+00,0.000000e+00,0.000000e+00,0.000000e+00
1.000000e+00,0.000000e+00,0.000000e+00,0.000000e+00,0.000000e+00,0.000000e+00,0.000000e+00,0.000000e+00,0.000000e+00,0.000000e+00,0.000000e+00,0.000000e+00,0.000000e+00,0.000000e+00,0.000000e+00
1.000000e+00,0.000000e+00,0.000000e+00,0.000000e+00,0.000000e+00,0.000000e+00,0.000000e+00,0.000000e+00,0.000000e+00,0.000000e+00,0.000000e+00,0.000000e+00,0.000000e+00,0.000000e+00,0.000000e+00
1.000000e+00,0.000000e+00,0.000000e+00,0.000000e+00,0.000000e+00,0.000000e+00,0.000000e+00,0.000000e+00,0.000000e+00,0.000000e+00,0.000000e+00,0.000000e+00,0.000000e+00,0.000000e+00,0.000000e+00
1.000000e+00,0.000000e+00,0.000000e+00,0.000000e+00,0.000000e+00,0.000000e+00,0.000000e+00,0.000000e+00,0.000000e+00,0.000000e+00,0.000000e+00,0.000000e+00,0.000000e+00,0.000000e+00,0.000000e+00
1.000000e+00,0.000000e+00,0.000000e+00,0.000000e+00,0.000000e+00,0.000000e+00,0.000000e+00,0.000000e+00,0.000000e+00,0.000000e+00,0.000000e+00,0.000000e+00,0.000000e+00,0.000000e+00,0.000000e+00
1.000000e+00,0.000000e+00,0.000000e+00,0.000000e+00,0.000000e+00,0.000000e+00,0.000000e+00,0.000000e+00,0.000000e+00,0.000000e+00,0.000000e+00,0.000000e+00,0.000000e+00,0.000000e+00,0.000000e+00
1.000000e+00,0.000000e+00,0.000000e+00,0.000000e+00,0.000000e+00,0.000000e+00,0.000000e+00,0.000000e+00,0.000000e+00,0.000000e+00,0.000000e+00,0.000000e+00,0.000000e+00,0.000000e+00,0.000000e+00
1.000000e+00,0.000000e+00,0.000000e+00,0.000000e+00,0.000000e+00,0.000000e+00,0.000000e+00,0.000000e+00,0.000000e+00,0.000000e+00,0.000000e+00,0.000000e+00,0.000000e+00,0.000000e+00,0.000000e+00
1.000000e+00,0.000000e+00,0.000000e+00,0.000000e+00,0.000000e+00,0.000000e+00,0.000000e+00,0.000000e+00,0.000000e+00,0.000000e+00,0.000000e+00,0.000000e+00,0.000000e+00,0.000000e+00,0.000000e+00
1.000000e+00,0.000000e+00,0.000000e+00,0.000000e+00,0.000000e+00,0.000000e+00,0.000000e+00,0.000000e+00,0.000000e+00,0.000000e+00,0.000000e+00,0.000000e+00,0.000000e+00,0.000000e+00,0.000000e+00
1.000000e+00,0.000000e+00,0.000000e+00,0.000000e+00,0.000000e+00,0.000000e+00,0.000000e+00,0.000000e+00,0.000000e+00,0.000000e+00,0.000000e+00,0.000000e+00,0.000000e+00,0.000000e+00,0.000000e+00
1.000000e+00,0.000000e+00,0.000000e+00,0.000000e+00,0.000000e+00,0.000000e+00,0.000000e+00,0.000000e+00,0.000000e+00,0.000000e+00,0.000000e+00,0.000000e+00,0.000000e+00,0.000000e+00,0.000000e+00
1.000000e+00,0.000000e+00,0.000000e+00,0.000000e+00,0.000000e+00,0.000000e+00,0.000000e+00,0.000000e+00,0.000000e+00,0.000000e+00,0.000000e+00,0.000000e+00,0.000000e+00,0.000000e+00,0.000000e+00
1.000000e+00,0.000000e+00,0.000000e+00,0.000000e+00,0.000000e+00,0.000000e+00,0.000000e+00,0.000000e+00,0.000000e+00,0.000000e+00,0.000000e+00,0.000000e+00,0.000000e+00,0.000000e+00,0.000000e+00
1.000000e+00,0.000000e+00,0.000000e+00,0.000000e+00,0.000000e+00,0.000000e+00,0.000000e+00,0.000000e+00,0.000000e+00,0.000000e+00,0.000000e+00,0.000000e+00,0.000000e+00,0.000000e+00,0.000000e+00
1.000000e+00,0.000000e+00,0.000000e+00,0.000000e+00,0.000000e+00,0.000000e+00,0.000000e+00,0.000000e+00,0.000000e+00,0.000000e+00,0.000000e+00,0.000000e+00,0.000000e+00,0.000000e+00,0.000000e+00
1.000000e+00,0.000000e+00,0.000000e+00,0.000000e+00,0.000000e+00,0.000000e+00,0.000000e+00,0.000000e+00,0.000000e+00,0.000000e+00,0.000000e+00,0.000000e+00,0.000000e+00,0.000000e+00,0.000000e+00
1.000000e+00,0.000000e+00,0.000000e+00,0.000000e+00,0.000000e+00,0.000000e+00,0.000000e+00,0.000000e+00,0.000000e+00,0.000000e+00,0.000000e+00,0.000000e+00,0.000000e+00,0.000000e+00,0.000000e+00
1.000000e+00,0.000000e+00,0.000000e+00,0.000000e+00,0.000000e+00,0.000000e+00,0.000000e+00,0.000000e+00,0.000000e+00,0.000000e+00,0.000000e+00,0.000000e+00,0.000000e+00,0.000000e+00,0.000000e+00
1.000000e+00,0.000000e+00,0.000000e+00,0.000000e+00,0.000000e+00,0.000000e+00,0.000000e+00,0.000000e+00,0.000000e+00,0.000000e+00,0.000000e+00,0.000000e+00,0.000000e+00,0.000000e+00,0.000000e+00
1.000000e+00,0.000000e+00,0.000000e+00,0.000000e+00,0.000000e+00,0.000000e+00,0.000000e+00,0.000000e+00,0.000000e+00,0.000000e+00,0.000000e+00,0.000000e+00,0.000000e+00,0.000000e+00,0.000000e+00
1.000000e+00,0.000000e+00,0.000000e+00,0.000000e+00,0.000000e+00,0.000000e+00,0.000000e+00,0.000000e+00,0.000000e+00,0.000000e+00,0.000000e+00,0.000000e+00,0.000000e+00,0.000000e+00,0.000000e+00
1.000000e+00,0.000000e+00,0.000000e+00,0.000000e+00,0.000000e+00,0.000000e+00,0.000000e+00,0.000000e+00,0.000000e+00,0.000000e+00,0.000000e+00,0.000000e+00,0.000000e+00,0.000000e+00,0.000000e+00
1.000000e+00,0.000000e+00,0.000000e+00,0.000000e+00,0.000000e+00,0.000000e+00,0.000000e+00,0.000000e+00,0.000000e+00,0.000000e+00,0.000000e+00,0.000000e+00,0.000000e+00,0.000000e+00,0.000000e+00
1.000000e+00,0.000000e+00,0.000000e+00,0.000000e+00,0.000000e+00,0.000000e+00,0.000000e+00,0.000000e+00,0.000000e+00,0.000000e+00,0.000000e+00,0.000000e+00,0.000000e+00,0.000000e+00,0.000000e+00
1.000000e+00,0.000000e+00,0.000000e+00,0.000000e+00,0.000000e+00,0.000000e+00,0.000000e+00,0.000000e+00,0.000000e+00,0.000000e+00,0.000000e+00,0.000000e+00,0.000000e+00,0.000000e+00,0.000000e+00
1.000000e+00,0.000000e+00,0.000000e+00,0.000000e+00,0.000000e+00,0.000000e+00,0.000000e+00,0.000000e+00,0.000000e+00,0.000000e+00,0.000000e+00,0.000000e+00,0.000000e+00,0.000000e+00,0.000000e+00
1.000000e+00,0.000000e+00,0.000000e+00,0.000000e+00,0.000000e+00,0.000000e+00,0.000000e+00,0.000000e+00,0.000000e+00,0.000000e+00,0.000000e+00,0.000000e+00,0.000000e+00,0.000000e+00,0.000000e+00
1.000000e+00,0.000000e+00,0.000000e+00,0.000000e+00,0.000000e+00,0.000000e+00,0.000000e+00,0.000000e+00,0.000000e+00,0.000000e+00,0.000000e+00,0.000000e+00,0.000000e+00,0.000000e+00,0.000000e+00
1.000000e+00,0.000000e+00,0.000000e+00,0.000000e+00,0.000000e+00,0.000000e+00,0.000000e+00,0.000000e+00,0.000000e+00,0.000000e+00,0.000000e+00,0.000000e+00,0.000000e+00,0.000000e+00,0.000000e+00
1.000000e+00,0.000000e+00,0.000000e+00,0.000000e+00,0.000000e+00,0.000000e+00,0.000000e+00,0.000000e+00,0.000000e+00,0.000000e+00,0.000000e+00,0.000000e+00,0.000000e+00,0.000000e+00,0.000000e+00
1.000000e+00,0.000000e+00,0.000000e+00,0.000000e+00,0.000000e+00,0.000000e+00,0.000000e+00,0.000000e+00,0.000000e+00,0.000000e+00,0.000000e+00,0.000000e+00,0.000000e+00,0.000000e+00,0.000000e+00
1.000000e+00,0.000000e+00,0.000000e+00,0.000000e+00,0.000000e+00,0.000000e+00,0.000000e+00,0.000000e+00,0.000000e+00,0.000000e+00,0.000000e+00,0.000000e+00,0.000000e+00,0.000000e+00,0.000000e+00
4.860281e-01,5.963344e-02,3.915004e-02,2.348849e-01,1.855392e-02,2.058346e-02,7.782475e-03,2.695092e-02,1.621874e-02,2.246815e-03,1.333092e-02,3.014588e-02,1.433219e-02,3.598802e-03,2.655933e-02
1.000000e+00,0.000000e+00,0.000000e+00,0.000000e+00,0.000000e+00,0.000000e+00,0.000000e+00,0.000000e+00,0.000000e+00,0.000000e+00,0.000000e+00,0.000000e+00,0.000000e+00,0.000000e+00,0.000000e+00
1.000000e+00,0.000000e+00,0.000000e+00,0.000000e+00,0.000000e+00,0.000000e+00,0.000000e+00,0.000000e+00,0.000000e+00,0.000000e+00,0.000000e+00,0.000000e+00,0.000000e+00,0.000000e+00,0.000000e+00
4.565963e-01,5.847023e-02,3.139146e-02,2.539134e-01,2.525268e-02,2.421006e-02,9.140796e-03,2.262729e-02,1.953652e-02,1.916155e-03,1.362515e-02,3.708111e-02,1.885838e-02,3.487065e-03,2.389341e-02
4.829102e-01,5.460499e-02,2.647863e-02,2.185672e-01,2.380099e-02,2.749878e-02,9.328648e-03,1.976747e-02,1.979632e-02,2.158548e-03,1.449353e-02,4.213899e-02,2.638583e-02,4.007787e-03,2.806204e-02
1.000000e+00,0.000000e+00,0.000000e+00,0.000000e+00,0.000000e+00,0.000000e+00,0.000000e+00,0.000000e+00,0.000000e+00,0.000000e+00,0.000000e+00,0.000000e+00,0.000000e+00,0.000000e+00,0.000000e+00
1.000000e+00,0.000000e+00,0.000000e+00,0.000000e+00,0.000000e+00,0.000000e+00,0.000000e+00,0.000000e+00,0.000000e+00,0.000000e+00,0.000000e+00,0.000000e+00,0.000000e+00,0.000000e+00,0.000000e+00
1.000000e+00,0.000000e+00,0.000000e+00,0.000000e+00,0.000000e+00,0.000000e+00,0.000000e+00,0.000000e+00,0.000000e+00,0.000000e+00,0.000000e+00,0.000000e+00,0.000000e+00,0.000000e+00,0.000000e+00
1.000000e+00,0.000000e+00,0.000000e+00,0.000000e+00,0.000000e+00,0.000000e+00,0.000000e+00,0.000000e+00,0.000000e+00,0.000000e+00,0.000000e+00,0.000000e+00,0.000000e+00,0.000000e+00,0.000000e+00
1.000000e+00,0.000000e+00,0.000000e+00,0.000000e+00,0.000000e+00,0.000000e+00,0.000000e+00,0.000000e+00,0.000000e+00,0.000000e+00,0.000000e+00,0.000000e+00,0.000000e+00,0.000000e+00,0.000000e+00
1.000000e+00,0.000000e+00,0.000000e+00,0.000000e+00,0.000000e+00,0.000000e+00,0.000000e+00,0.000000e+00,0.000000e+00,0.000000e+00,0.000000e+00,0.000000e+00,0.000000e+00,0.000000e+00,0.000000e+00
1.000000e+00,0.000000e+00,0.000000e+00,0.000000e+00,0.000000e+00,0.000000e+00,0.000000e+00,0.000000e+00,0.000000e+00,0.000000e+00,0.000000e+00,0.000000e+00,0.000000e+00,0.000000e+00,0.000000e+00
1.000000e+00,0.000000e+00,0.000000e+00,0.000000e+00,0.000000e+00,0.000000e+00,0.000000e+00,0.000000e+00,0.000000e+00,0.000000e+00,0.000000e+00,0.000000e+00,0.000000e+00,0.000000e+00,0.000000e+00
1.000000e+00,0.000000e+00,0.000000e+00,0.000000e+00,0.000000e+00,0.000000e+00,0.000000e+00,0.000000e+00,0.000000e+00,0.000000e+00,0.000000e+00,0.000000e+00,0.000000e+00,0.000000e+00,0.000000e+00
1.000000e+00,0.000000e+00,0.000000e+00,0.000000e+00,0.000000e+00,0.000000e+00,0.000000e+00,0.000000e+00,0.000000e+00,0.000000e+00,0.000000e+00,0.000000e+00,0.000000e+00,0.000000e+00,0.000000e+00
3.875559e-01,1.891640e-02,2.698270e-01,9.329094e-02,5.910736e-03,1.309054e-02,4.080597e-03,1.492319e-01,5.435643e-03,1.966947e-03,9.740157e-03,1.302488e-02,1.095445e-02,2.050079e-03,1.492383e-02
2.751139e-01,1.345930e-02,1.910022e-01,6.645365e-02,5.111170e-03,9.395829e-03,2.986413e-03,3.952417e-01,3.829237e-03,1.423419e-03,7.040262e-03,9.171324e-03,7.770685e-03,1.502573e-03,1.049842e-02
1.939267e-01,9.526663e-03,1.343457e-01,4.683980e-02,4.149220e-03,6.696531e-03,2.229566e-03,5.732579e-01,2.688515e-03,1.004740e-03,4.987904e-03,6.436839e-03,5.466837e-03,1.079873e-03,7.363113e-03
1.359408e-01,6.711351e-03,9.467681e-02,3.296147e-02,3.021214e-03,4.721003e-03,1.660074e-03,6.998892e-01,1.884405e-03,7.057919e-04,3.513207e-03,4.516478e-03,3.851852e-03,7.864643e-04,5.159835e-03
9.528563e-02,4.744288e-03,6.678712e-02,2.322252e-02,2.280086e-03,3.359463e-03,1.213405e-03,7.885762e-01,1.324258e-03,4.992084e-04,2.526990e-03,3.181034e-03,2.736734e-03,6.388745e-04,3.624241e-03
6.679569e-02,3.337684e-03,4.688631e-02,1.630347e-02,1.940764e-03,2.396256e-03,9.308512e-04,8.511142e-01,9.312048e-04,3.512631e-04,1.795026e-03,2.236092e-03,1.981465e-03,4.588393e-04,2.540910e-03
4.680463e-02,2.341817e-03,3.291078e-02,1.144986e-02,1.841032e-03,1.708065e-03,7.118816e-04,8.949621e-01,6.559615e-04,2.468670e-04,1.272935e-03,1.567971e-03,1.418041e-03,3.275863e-04,1.780472e-03
3.280991e-02,1.645547e-03,2.318079e-02,8.060054e-03,1.624753e-03,1.239469e-03,6.154818e-04,9.255514e-01,4.705974e-04,1.748705e-04,9.392257e-04,1.104543e-03,1.090437e-03,2.407057e-04,1.252128e-03
2.308609e-02,1.156722e-03,1.634504e-02,5.670784e-03,1.486580e-03,9.190044e-04,6.688001e-04,9.468050e-01,3.402554e-04,1.297186e-04,6.785525e-04,7.874708e-04,8.657863e-04,1.739177e-04,8.862732e-04
1.645849e-02,8.195056e-04,1.155290e-02,4.002929e-03,1.921853e-03,7.176903e-04,6.660154e-04,9.607433e-01,2.642349e-04,1.120796e-04,5.196830e-04,5.875222e-04,8.664357e-04,1.288892e-04,6.384258e-04
1.180728e-02,5.847168e-04,8.211218e-03,2.823731e-03,1.970654e-03,5.387529e-04,8.677966e-04,9.707546e-01,1.931481e-04,8.941628e-05,3.940728e-04,4.334801e-04,7.698101e-04,9.592942e-05,4.653306e-04
9.525231e-03,4.220470e-04,5.936133e-03,1.997995e-03,2.473934e-03,4.259473e-04,2.062004e-03,9.752132e-01,1.477748e-04,8.487289e-05,2.993938e-04,3.319056e-04,6.302034e-04,7.466745e-05,3.746575e-04
8.147677e-03,3.140601e-04,4.290637e-03,1.425211e-03,3.135722e-03,4.844771e-04,4.198038e-03,9.754963e-01,3.806946e-04,1.388434e-04,2.875197e-04,3.290490e-04,9.355751e-04,6.800001e-05,3.682440e-04
8.150206e-03,3.693678e-04,3.027956e-03,1.056460e-03,3.172605e-03,5.884930e-03,3.881376e-03,7.571401e-01,1.852270e-03,2.119750e-04,7.165233e-04,6.978565e-04,2.123161e-01,8.442886e-05,1.437831e-03
6.787755e-03,4.680342e-04,2.153507e-03,8.265357e-04,3.337458e-03,8.309046e-03,3.572740e-03,5.927848e-01,2.435389e-03,2.936172e-04,8.763455e-04,7.230266e-04,3.727294e-01,8.549633e-05,4.616866e-03
6.999321e-03,4.346952e-04,1.706788e-03,6.906006e-04,4.570455e-03,9.194512e-03,3.612015e-03,4.410575e-01,2.259676e-03,3.553145e-04,1.466761e-03,8.895625e-04,5.129123e-01,8.027832e-05,1.377030e-02
5.359797e-03,3.834969e-04,1.228106e-03,5.393204e-04,4.122232e-03,6.952535e-03,2.923890e-03,3.103211e-01,1.897653e-03,3.684480e-04,1.256874e-03,7.979270e-04,6.484507e-01,6.427751e-05,1.533361e-02
3.888731e-03,3.610561e-04,8.741432e-04,4.058943e-04,3.314927e-03,5.359353e-03,2.439237e-03,2.175460e-01,1.579869e-03,3.358651e-04,1.005130e-03,6.997362e-04,7.470908e-01,5.337472e-05,1.504586e-02
2.765088e-03,2.796888e-04,6.883244e-04,3.135651e-04,2.635993e-03,4.530758e-03,2.265738e-03,1.523346e-01,1.564965e-03,3.334840e-04,9.526022e-04,8.443854e-04,8.084362e-01,5.316412e-05,2.200142e-02
1.997662e-03,2.141127e-04,5.567910e-04,2.555877e-04,2.619074e-03,4.817449e-03,2.513746e-03,1.067400e-01,1.652423e-03,3.831655e-04,1.150609e-03,1.276303e-03,8.516872e-01,5.868953e-05,2.407722e-02
1.474017e-03,1.706763e-04,4.112164e-04,5.979293e-04,4.257468e-03,1.688001e-02,1.993097e-03,7.502943e-02,2.109197e-03,3.428345e-04,3.259574e-03,3.324292e-03,8.669026e-01,1.018964e-04,2.314575e-02
1.241336e-03,1.260038e-04,2.965294e-04,6.263857e-04,3.103374e-03,1.919468e-01,1.445260e-03,5.257306e-02,2.185237e-03,5.622815e-04,1.666229e-02,1.403665e-02,6.959668e-01,1.577184e-04,1.907020e-02
1.027713e-03,1.051084e-04,2.406310e-04,7.621612e-04,2.307020e-03,2.281750e-01,1.065858e-03,3.711740e-02,1.994701e-03,1.297362e-03,4.022231e-02,4.173956e-02,6.272788e-01,2.010869e-04,1.646526e-02
1.879928e-03,3.447371e-04,4.107882e-03,5.216029e-03,2.502432e-02,1.683876e-01,2.002925e-03,4.665866e-02,1.116007e-02,7.459095e-03,1.267024e-01,7.441808e-02,5.139842e-01,1.804885e-04,1.247359e-02
6.769930e-03,1.680862e-03,1.337675e-02,3.354184e-02,8.528227e-02,1.226718e-01,2.014318e-03,4.514111e-02,5.736425e-02,1.215479e-02,1.508404e-01,7.869557e-02,3.803515e-01,1.869742e-04,9.927636e-03
9.261435e-03,4.591157e-03,1.303188e-02,2.710797e-02,1.230547e-01,1.013022e-01,1.989040e-03,3.395257e-02,2.321150e-01,9.719487e-03,1.117307e-01,5.625498e-02,2.681135e-01,1.854786e-04,7.589890e-03
7.530604e-02,1.179632e-02,1.804926e-02,9.844080e-02,1.271223e-01,7.648517e-02,3.882792e-03,3.656954e-02,2.216592e-01,8.571745e-03,8.270334e-02,4.094613e-02,1.900319e-01,3.370297e-04,8.098431e-03
8.754724e-02,1.217270e-02,1.729972e-02,1.020361e-01,1.154522e-01,5.904482e-02,4.148126e-03,1.289381e-01,2.316317e-01,6.751071e-03,6.263556e-02,2.970352e-02,1.348055e-01,4.586288e-04,7.375079e-03
1.568665e-01,2.294770e-02,3.826759e-02,9.520774e-02,1.060078e-01,5.629932e-02,8.481230e-03,1.135536e-01,2.052564e-01,9.169616e-03,4.980690e-02,2.542534e-02,1.012903e-01,1.727547e-03,9.692349e-03
1.927452e-01,3.453308e-02,4.433417e-02,9.166726e-02,9.182876e-02,6.032930e-02,8.324033e-03,9.068292e-02,2.017647e-01,9.380341e-03,4.305849e-02,3.443452e-02,8.026734e-02,3.036458e-03,1.361346e-02
1.653448e-01,3.893594e-02,4.111262e-02,1.740981e-01,7.069721e-02,7.144383e-02,6.235661e-03,7.049328e-02,1.570839e-01,8.485344e-03,6.830613e-02,4.854779e-02,6.072251e-02,3.357637e-03,1.513518e-02
1.500431e-01,3.470463e-02,3.185600e-02,1.622131e-01,5.060233e-02,7.309672e-02,4.681989e-03,5.065674e-02,1.174445e-01,8.083617e-03,1.275188e-01,1.198367e-01,4.768346e-02,4.697954e-03,1.688033e-02
1.204737e-01,2.721639e-02,2.346607e-02,1.367760e-01,3.628383e-02,5.958321e-02,3.435349e-03,3.620586e-02,8.784990e-02,1.039592e-02,1.598003e-01,2.398522e-01,3.663765e-02,6.981891e-03,1.504158e-02
8.826701e-02,2.085341e-02,1.686149e-02,9.721796e-02,2.648431e-02,5.809789e-02,2.513264e-03,2.571886e-02,6.460302e-02,1.210495e-02,2.105031e-01,3.278818e-01,2.848977e-02,7.851703e-03,1.255145e-02
6.461959e-02,1.537618e-02,1.202216e-02,6.869566e-02,1.914040e-02,5.642314e-02,1.827640e-03,1.810488e-02,4.623818e-02,9.499892e-03,2.947877e-01,3.556787e-01,2.074110e-02,7.222201e-03,9.622640e-03
4.894831e-02,1.121018e-02,8.591171e-03,4.844075e-02,1.387302e-02,4.689629e-02,1.331379e-03,1.276846e-02,3.374211e-02,7.020841e-03,3.065835e-01,4.304971e-01,1.518345e-02,7.420703e-03,7.492759e-03
3.530642e-02,8.215421e-03,6.352481e-03,3.422767e-02,1.030857e-02,3.702289e-02,9.626527e-04,9.068585e-03,2.439374e-02,5.090865e-03,3.409351e-01,4.656658e-01,1.085286e-02,5.978727e-03,5.618285e-03
2.691922e-02,6.272973e-03,4.817209e-03,2.443242e-02,7.980293e-03,2.811559e-02,7.548705e-04,6.593762e-03,1.788191e-02,3.800339e-03,3.542883e-01,5.005336e-01,7.918964e-03,5.532947e-03,4.157495e-03
3.296604e-02,8.760967e-03,5.230323e-03,2.090808e-02,1.373318e-02,2.828879e-02,2.044007e-03,5.447038e-03,1.429260e-02,3.786837e-03,3.703012e-01,4.760543e-01,6.133772e-03,8.650051e-03,3.402801e-03
3.691161e-02,8.439485e-03,5.154088e-03,1.574361e-02,1.189274e-02,2.673539e-02,2.032342e-03,4.376045e-03,1.153929e-02,3.495422e-03,4.603131e-01,3.973268e-01,4.908706e-03,8.224833e-03,2.906458e-03
4.075771e-02,1.012376e-02,4.500810e-03,1.197260e-02,1.060159e-02,2.609454e-02,2.127690e-03,3.638764e-03,9.233438e-03,3.306251e-03,5.301099e-01,3.327516e-01,4.197462e-03,7.150975e-03,3.432843e-03
3.946783e-02,1.083998e-02,4.547363e-03,9.165873e-03,9.048456e-03,2.884390e-02,1.855785e-03,3.488425e-03,8.571321e-03,3.084785e-03,5.506052e-01,3.148861e-01,3.856113e-03,7.865559e-03,3.873307e-03
3.727742e-02,1.091865e-02,4.057849e-03,7.332969e-03,8.078609e-03,3.135147e-02,1.707368e-03,3.843220e-03,7.951728e-03,2.808566e-03,5.800201e-01,2.805835e-01,3.061208e-03,1.219208e-02,8.815186e-03
7.024885e-02,1.262155e-02,4.322465e-03,7.561926e-03,7.772909e-03,2.960984e-02,1.728030e-03,4.962094e-03,7.818824e-03,3.317404e-03,5.928261e-01,2.247484e-01,2.955667e-03,1.793308e-02,1.157281e-02
6.426574e-02,1.530699e-02,4.600365e-03,6.110384e-03,7.553371e-03,2.348003e-02,1.675500e-03,5.561413e-03,8.925194e-03,3.117376e-03,6.222414e-01,1.956474e-01,2.411123e-03,2.207378e-02,1.702986e-02
5.570113e-02,3.039409e-02,6.308939e-02,1.091768e-02,1.088108e-02,2.452628e-02,4.410731e-03,2.588345e-02,1.391321e-02,6.960818e-03,5.164638e-01,1.951477e-01,1.910670e-03,2.360347e-02,1.619645e-02
5.531592e-02,4.747611e-02,9.592724e-02,2.823683e-02,1.500335e-02,2.484838e-02,6.535280e-03,8.723758e-02,1.716783e-02,7.636363e-03,4.181186e-01,1.584768e-01,1.645123e-03,2.306640e-02,1.330815e-02
5.749075e-02,1.187966e-01,1.185215e-01,4.550684e-02,1.622157e-02,2.359640e-02,5.138698e-03,9.530236e-02,2.684055e-02,9.608674e-03,3.335639e-01,1.168026e-01,1.327031e-03,1.898887e-02,1.229363e-02
5.164155e-02,1.873285e-01,1.289324e-01,4.287437e-02,3.679316e-02,1.778560e-02,4.175852e-03,7.085381e-02,7.188223e-02,8.353119e-03,2.659706e-01,8.559619e-02,1.754044e-03,1.582773e-02,1.023080e-02
4.996706e-02,2.310932e-01,1.545646e-01,8.266690e-02,4.474549e-02,1.417334e-02,3.207829e-03,5.440504e-02,7.028730e-02,7.751685e-03,2.008740e-01,6.247733e-02,1.598860e-03,1.256287e-02,9.624546e-03
4.652013e-02,2.190906e-01,2.041439e-01,7.243875e-02,4.192369e-02,1.149075e-02,2.460564e-03,4.183988e-02,9.012323e-02,1.041210e-02,1.849770e-01,4.700594e-02,1.694190e-03,1.147755e-02,1.440183e-02
5.830306e-02,3.030564e-01,1.573679e-01,5.635887e-02,4.433263e-02,9.504978e-03,1.800040e-03,3.337888e-02,9.178858e-02,9.277543e-03,1.578667e-01,3.527706e-02,1.829827e-03,1.867976e-02,2.117775e-02
9.345419e-02,3.227420e-01,1.212444e-01,4.957752e-02,5.740402e-02,1.091474e-02,1.404509e-03,3.379508e-02,9.274542e-02,8.277172e-03,1.261180e-01,2.743763e-02,2.243496e-03,2.096471e-02,3.167706e-02
1.534749e-01,3.144847e-01,9.197533e-02,4.454313e-02,5.634575e-02,1.483296e-02,1.110583e-03,3.037302e-02,9.816460e-02,7.512811e-03,1.026230e-01,2.527590e-02,2.442964e-03,2.042694e-02,3.641334e-02
1.546017e-01,3.327210e-01,7.403583e-02,4.075323e-02,7.961726e-02,1.479951e-02,1.091377e-03,3.136698e-02,1.070045e-01,7.412098e-03,8.510695e-02,1.908988e-02,2.129862e-03,1.926358e-02,3.100621e-02
1.580645e-01,3.331569e-01,5.487935e-02,3.213932e-02,8.324836e-02,1.497106e-02,9.197714e-04,2.605835e-02,1.486022e-01,7.000608e-03,7.919417e-02,1.430391e-02,1.700032e-03,1.939349e-02,2.636800e-02
1.795084e-01,3.053137e-01,4.095078e-02,2.515102e-02,6.942677e-02,1.301320e-02,7.948592e-04,2.442148e-02,2.084646e-01,5.773223e-03,7.161692e-02,1.199523e-02,1.525109e-03,1.841544e-02,2.362930e-02
1.872768e-01,2.912379e-01,3.161559e-02,1.992556e-02,5.988311e-02,1.234180e-02,6.793595e-04,2.084227e-02,2.445975e-01,4.954525e-03,7.385598e-02,1.002390e-02,1.390598e-03,1.634827e-02,2.502690e-02
1.909867e-01,2.356031e-01,2.525626e-02,1.622402e-02,4.657946e-02,2.861631e-02,6.615962e-04,1.660018e-02,2.602387e-01,4.428791e-03,1.200010e-01,9.539273e-03,1.308469e-03,1.958987e-02,2.436622e-02
1.348409e-01,1.661173e-01,1.790911e-02,1.201575e-02,3.276313e-02,2.130149e-02,4.821592e-04,1.167723e-02,1.955052e-01,7.610199e-03,8.443756e-02,7.008082e-03,1.554821e-03,2.071987e-02,2.860573e-01
9.449284e-02,1.164963e-01,1.260015e-02,8.434545e-03,2.296845e-02,1.509827e-02,3.419285e-04,8.178720e-03,1.447039e-01,7.662516e-03,5.981490e-02,4.997772e-03,1.390441e-03,3.978717e-02,4.630322e-01
6.627444e-02,8.173114e-02,8.855102e-03,5.922145e-03,1.609418e-02,1.069179e-02,2.416114e-04,5.740088e-03,1.257991e-01,7.407648e-03,4.703630e-02,6.770320e-03,2.854945e-03,5.401576e-02,5.605654e-01
4.666687e-02,5.866762e-02,6.324961e-03,4.258979e-03,1.169065e-02,7.811344e-03,1.835120e-04,4.051913e-03,2.639996e-01,8.216877e-03,5.310391e-02,9.295538e-03,1.034477e-02,8.755948e-02,4.278240e-01
3.395838e-02,4.609279e-02,4.767193e-03,8.530566e-03,9.023628e-03,8.083041e-03,1.921022e-04,3.001016e-03,3.226310e-01,1.391577e-02,4.345085e-02,6.993113e-03,9.420428e-03,1.352414e-01,3.546987e-01
2.538140e-02,4.424668e-02,4.219918e-03,7.894786e-03,8.957684e-03,1.116143e-02,3.404896e-04,2.536822e-03,3.326665e-01,1.420840e-02,3.325318e-02,5.584517e-03,8.558591e-03,1.810424e-01,3.199471e-01
1.888280e-02,5.660661e-02,5.657722e-03,2.386905e-02,8.594782e-03,1.124890e-02,3.023009e-04,1.852294e-03,4.401365e-01,1.232980e-02,2.393992e-02,4.562205e-03,1.011746e-02,1.357920e-01,2.461077e-01
1.935492e-02,1.099451e-01,7.312296e-03,2.562848e-02,8.958025e-03,1.192325e-02,2.943406e-04,1.488665e-03,4.302275e-01,1.176804e-02,1.761357e-02,3.514443e-03,1.294742e-02,1.034778e-01,2.355461e-01
2.768170e-02,1.372730e-01,8.937676e-03,3.037111e-02,1.062212e-02,1.366373e-02,3.603689e-04,1.677039e-03,3.799446e-01,1.722087e-02,1.509015e-02,3.220934e-03,1.353201e-02,8.077150e-02,2.596332e-01
3.622343e-02,1.346592e-01,1.180555e-02,2.351642e-02,9.569113e-03,1.171950e-02,4.334619e-04,1.679427e-03,3.138281e-01,1.539694e-02,1.335611e-02,3.616914e-03,1.301077e-02,6.343871e-02,3.477463e-01
3.047377e-02,1.213489e-01,1.061263e-02,1.873545e-02,9.719651e-03,1.242159e-02,4.954989e-04,3.095382e-03,3.247750e-01,1.399971e-02,1.609223e-02,4.667531e-03,1.679839e-02,5.176561e-02,3.649986e-01
3.339416e-02,1.373876e-01,9.724577e-03,1.945386e-02,7.808084e-03,1.175914e-02,5.067117e-04,2.520868e-03,2.727699e-01,1.354581e-02,1.758840e-02,7.217183e-03,1.720736e-02,7.239662e-02,3.767197e-01
2.567290e-02,1.283215e-01,9.041633e-03,3.491496e-02,8.311510e-03,1.073668e-02,5.198032e-04,8.366587e-03,3.332433e-01,1.296049e-02,2.474482e-02,7.081227e-03,2.207538e-02,6.550329e-02,3.085059e-01
2.337493e-02,1.056480e-01,7.952387e-03,3.973199e-02,6.855990e-03,8.539286e-03,4.341184e-04,6.732054e-03,3.379510e-01,1.739998e-02,2.249400e-02,6.810674e-03,2.038236e-02,5.586239e-02,3.398308e-01
2.195941e-02,8.751258e-02,8.931065e-03,3.491425e-02,6.363855e-03,6.603731e-03,3.949480e-04,5.925631e-03,3.521357e-01,2.009019e-02,1.883386e-02,5.642239e-03,1.698988e-02,4.905522e-02,3.646474e-01
2.467210e-02,7.433332e-02,8.806551e-03,2.874161e-02,1.403154e-02,6.993553e-03,4.556529e-04,6.071930e-03,4.061515e-01,2.032726e-02,1.569485e-02,4.438460e-03,1.429349e-02,4.208105e-02,3.329072e-01
2.970421e-02,7.473454e-02,2.581213e-02,2.557193e-02,2.542942e-02,7.016170e-03,6.910805e-04,1.294455e-01,3.496821e-01,1.724444e-02,1.317367e-02,3.548562e-03,1.290095e-02,3.409343e-02,2.509518e-01
2.622234e-02,5.438636e-02,2.538438e-02,1.986708e-02,2.133727e-02,5.918575e-03,6.968813e-04,3.553490e-01,2.495651e-01,1.297977e-02,9.512430e-03,2.751108e-03,9.718504e-03,2.432623e-02,1.819851e-01
2.375638e-02,4.065697e-02,2.228474e-02,1.536245e-02,1.780244e-02,5.074591e-03,6.722212e-04,5.230808e-01,1.780044e-01,9.535525e-03,6.822908e-03,1.999913e-03,7.178578e-03,1.730824e-02,1.304598e-01
2.131221e-02,2.939237e-02,1.880090e-02,1.414100e-02,1.798019e-02,4.440701e-03,5.581883e-04,6.442389e-01,1.260476e-01,6.850228e-03,5.051437e-03,1.657769e-03,5.381571e-03,1.241519e-02,9.173188e-02
1.759550e-02,2.084680e-02,1.353066e-02,1.012955e-02,1.779532e-02,3.236932e-03,4.963382e-04,7.406675e-01,8.937410e-02,4.801278e-03,3.568041e-03,1.174020e-03,3.795647e-03,8.722261e-03,6.426609e-02
1.774471e-02,1.464876e-02,9.673663e-03,7.263017e-03,1.369334e-02,2.533788e-03,3.937616e-04,8.107374e-01,6.267504e-02,3.366125e-03,2.555381e-03,8.790363e-04,2.690238e-03,6.139094e-03,4.500667e-02
1.834227e-02,1.036032e-02,6.861835e-03,5.329121e-03,1.036453e-02,2.367612e-03,3.095592e-04,8.590342e-01,4.415731e-02,2.370484e-03,1.889855e-03,6.981940e-04,2.000924e-03,4.372919e-03,3.154092e-02
1.749098e-02,7.366877e-03,4.906286e-03,3.948187e-03,8.156044e-03,2.463296e-03,3.024338e-04,8.933036e-01,3.165527e-02,1.661962e-03,1.388508e-03,5.788269e-04,1.571323e-03,3.101716e-03,2.210466e-02
1.647438e-02,5.240539e-03,3.544889e-03,2.851681e-03,6.446675e-03,2.372191e-03,2.831168e-04,9.187300e-01,2.257856e-02,1.164297e-03,9.970029e-04,4.443179e-04,1.191455e-03,2.190657e-03,1.549018e-02
1.551349e-02,3.727524e-03,2.558093e-03,2.025426e-03,4.996649e-03,1.845498e-03,2.353520e-04,9.378239e-01,1.612085e-02,8.156438e-04,7.096016e-04,3.510130e-04,8.800264e-04,1.543133e-03,1.085378e-02
2.190171e-02,2.940049e-03,2.010333e-03,1.521984e-03,4.160686e-03,1.995844e-03,2.748689e-04,9.421738e-01,1.176778e-02,5.739463e-04,5.729604e-04,4.863078e-04,8.265066e-04,1.094745e-03,7.698422e-03
7.565172e-02,2.512381e-03,1.675192e-03,2.695209e-03,3.222436e-03,2.241626e-03,2.585918e-04,8.741130e-01,9.191345e-03,5.784411e-04,2.954438e-03,1.244566e-02,5.457358e-03,1.217384e-03,5.785307e-03
1.487056e-01,3.296437e-03,1.527754e-03,5.831551e-03,3.199560e-03,6.065624e-03,3.186554e-04,7.216017e-01,1.084350e-02,6.308069e-04,9.877902e-03,2.325697e-02,5.887199e-02,1.229560e-03,4.742490e-03
1.774733e-01,2.861671e-03,1.557405e-03,1.098488e-02,2.871784e-03,1.381967e-02,5.624328e-04,5.419254e-01,9.276103e-03,5.745068e-04,1.096509e-02,2.317947e-02,1.977516e-01,1.235350e-03,4.961413e-03
2.002065e-01,2.229341e-03,1.920843e-03,1.016056e-02,2.517513e-03,2.216781e-02,6.203423e-04,3.968305e-01,7.719336e-03,6.604522e-04,1.498394e-02,3.077187e-02,3.034009e-01,1.427301e-03,4.382831e-03
1.751184e-01,1.789074e-03,1.456262e-03,7.670540e-03,3.127770e-03,2.547572e-02,6.958934e-04,2.800206e-01,1.198680e-02,5.966525e-04,1.985873e-02,8.848991e-02,3.790763e-01,1.239778e-03,3.397647e-03
1.320992e-01,1.296961e-03,1.107014e-03,5.540498e-03,2.934972e-03,1.978490e-02,7.172741e-04,1.970579e-01,9.739526e-03,4.950875e-04,1.788966e-02,1.028951e-01,5.044395e-01,9.677790e-04,3.034662e-03
1.083275e-01,1.006169e-03,9.929109e-04,3.932486e-03,2.825819e-03,1.447012e-02,7.648264e-04,1.384339e-01,8.133275e-03,5.086486e-04,1.483442e-02,1.067128e-01,5.957583e-01,8.067730e-04,2.492064e-03
8.147317e-02,1.041673e-03,8.345359e-04,2.766215e-03,2.301273e-03,1.029079e-02,5.769460e-04,9.716526e-02,6.327534e-03,5.087320e-04,1.074619e-02,1.535958e-01,6.299899e-01,5.967380e-04,1.785158e-03
5.844608e-02,1.082203e-03,6.384304e-04,1.948843e-03,2.020405e-03,7.315333e-03,4.435660e-04,6.809200e-02,5.028970e-03,9.055309e-04,7.864079e-03,2.556729e-01,5.888238e-01,4.529053e-04,1.264921e-03
4.233776e-02,1.153208e-03,6.779997e-04,1.404508e-03,4.379000e-03,5.270782e-03,3.514436e-04,4.784613e-02,7.149885e-03,7.547044e-03,6.233072e-03,3.687361e-01,5.056137e-01,3.845110e-04,9.148470e-04
2.981482e-02,9.344099e-04,5.672895e-04,9.895569e-04,5.358437e-03,3.782424e-03,2.658041e-04,3.360707e-02,8.209698e-03,1.662266e-02,6.442986e-03,5.180933e-01,3.743489e-01,3.177579e-04,6.448451e-04
2.155344e-02,8.355429e-04,6.163642e-04,7.576137e-04,6.428421e-03,3.467603e-03,2.558705e-04,2.386956e-02,9.983664e-03,6.135667e-02,7.236860e-03,5.736737e-01,2.892401e-01,2.696074e-04,4.549700e-04
1.570331e-02,7.477700e-04,5.096555e-04,5.613449e-04,1.373343e-02,2.471439e-03,1.844919e-04,1.684392e-02,1.488919e-02,5.931169e-02,6.834098e-03,6.605918e-01,2.070433e-01,2.530057e-04,3.215559e-04
1.132899e-02,7.076609e-04,4.925980e-04,4.192226e-04,2.040897e-02,1.769389e-03,1.331557e-04,1.190962e-02,1.973450e-02,5.382816e-02,7.398013e-03,7.234482e-01,1.479535e-01,2.401644e-04,2.279471e-04
8.255252e-03,1.522979e-03,8.316716e-04,4.266853e-04,4.079971e-02,1.273832e-03,1.126280e-04,9.207982e-03,8.895578e-02,4.429267e-02,6.781891e-03,6.927050e-01,1.044479e-01,2.217862e-04,1.642314e-04
6.673267e-03,1.402741e-03,2.011738e-03,7.377142e-03,4.177371e-02,1.049895e-03,1.274361e-04,9.241343e-02,7.503042e-02,4.363735e-02,6.015677e-03,6.477296e-01,7.442258e-02,2.187406e-04,1.163070e-04
6.602979e-03,1.937923e-03,2.354015e-03,1.730474e-02,7.962686e-02,1.061551e-03,1.657362e-04,1.638254e-01,8.296411e-02,4.678985e-02,9.121208e-03,5.338497e-01,5.410946e-02,2.021483e-04,8.434222e-05
5.256583e-03,1.446943e-03,6.720836e-03,3.430530e-02,5.662670e-02,1.566481e-03,8.068057e-04,3.771374e-01,5.871568e-02,3.506245e-02,7.242887e-03,3.768845e-01,3.802337e-02,1.447874e-04,5.927562e-05
7.888451e-03,1.441190e-03,1.109121e-02,8.315317e-02,5.321214e-02,4.158815e-03,1.081078e-03,4.154239e-01,5.377192e-02,3.409404e-02,8.810870e-03,2.985656e-01,2.710218e-02,1.604564e-04,4.504503e-05
1.732859e-02,1.741499e-03,1.155019e-02,9.478083e-02,4.361892e-02,6.627482e-03,1.639429e-03,3.888316e-01,5.978416e-02,3.872052e-02,2.886465e-02,2.862370e-01,1.996524e-02,2.521597e-04,5.783211e-05
3.273220e-02,1.552273e-03,1.419921e-02,1.513622e-01,3.605701e-02,6.781713e-03,1.380351e-03,3.924276e-01,4.792719e-02,2.946757e-02,4.219359e-02,2.283830e-01,1.511861e-02,3.561489e-04,6.143289e-05
5.546376e-02,2.751049e-03,1.562385e-02,1.502245e-01,3.894755e-02,6.941083e-03,1.254216e-03,3.374743e-01,5.385826e-02,3.065925e-02,8.049060e-02,2.128986e-01,1.245760e-02,7.869981e-04,1.685049e-04
9.906048e-02,4.946708e-03,1.598141e-02,1.272866e-01,3.354612e-02,1.451298e-02,1.342943e-03,2.559559e-01,5.326213e-02,4.888250e-02,1.071576e-01,2.251631e-01,1.057333e-02,1.565340e-03,7.629519e-04
1.089775e-01,8.129628e-03,1.571113e-02,1.161415e-01,3.738778e-02,1.245165e-02,1.317037e-03,1.984668e-01,7.757440e-02,6.218097e-02,1.216593e-01,2.270880e-01,8.696770e-03,3.280859e-03,9.366210e-04
1.343344e-01,1.233376e-02,1.557684e-02,1.168800e-01,4.289984e-02,1.217599e-02,1.932018e-03,1.526678e-01,8.409925e-02,5.578925e-02,1.296284e-01,2.268775e-01,8.282195e-03,5.174739e-03,1.347939e-03
1.322209e-01,1.006336e-02,4.348668e-02,1.013663e-01,5.545391e-02,2.244852e-02,8.654454e-02,1.418234e-01,6.467634e-02,4.661091e-02,9.492644e-02,1.876855e-01,6.852183e-03,4.396986e-03,1.444113e-03
1.554570e-01,1.250090e-02,5.556815e-02,9.076133e-02,6.448276e-02,2.943802e-02,7.657986e-02,1.170938e-01,6.326060e-02,5.446875e-02,8.233473e-02,1.819227e-01,7.228150e-03,5.831919e-03,3.071314e-03
2.361163e-01,2.157994e-02,5.475355e-02,7.307631e-02,6.421380e-02,3.229505e-02,6.299466e-02,9.486189e-02,5.866293e-02,6.156210e-02,7.057532e-02,1.469692e-01,7.389568e-03,7.979499e-03,6.969820e-03
3.166037e-01,2.094785e-02,5.172836e-02,6.152420e-02,6.054763e-02,4.570185e-02,4.741121e-02,7.606570e-02,5.576978e-02,5.617714e-02,6.340425e-02,1.171725e-01,7.108107e-03,1.086474e-02,8.972937e-03
3.712595e-01,2.438395e-02,4.711225e-02,5.279160e-02,6.567349e-02,4.801942e-02,3.457119e-02,6.246896e-02,4.820838e-02,6.213280e-02,5.579274e-02,9.240093e-02,7.814140e-03,1.370590e-02,1.366476e-02
4.432409e-01,2.330544e-02,3.740609e-02,4.494917e-02,7.001609e-02,4.656072e-02,2.528290e-02,4.807550e-02,4.048964e-02,4.931513e-02,5.020702e-02,8.409403e-02,7.807506e-03,1.337587e-02,1.587397e-02
1.000000e+00,0.000000e+00,0.000000e+00,0.000000e+00,0.000000e+00,0.000000e+00,0.000000e+00,0.000000e+00,0.000000e+00,0.000000e+00,0.000000e+00,0.000000e+00,0.000000e+00,0.000000e+00,0.000000e+00
1.000000e+00,0.000000e+00,0.000000e+00,0.000000e+00,0.000000e+00,0.000000e+00,0.000000e+00,0.000000e+00,0.000000e+00,0.000000e+00,0.000000e+00,0.000000e+00,0.000000e+00,0.000000e+00,0.000000e+00
1.000000e+00,0.000000e+00,0.000000e+00,0.000000e+00,0.000000e+00,0.000000e+00,0.000000e+00,0.000000e+00,0.000000e+00,0.000000e+00,0.000000e+00,0.000000e+00,0.000000e+00,0.000000e+00,0.000000e+00
1.000000e+00,0.000000e+00,0.000000e+00,0.000000e+00,0.000000e+00,0.000000e+00,0.000000e+00,0.000000e+00,0.000000e+00,0.000000e+00,0.000000e+00,0.000000e+00,0.000000e+00,0.000000e+00,0.000000e+00
3.922158e-01,1.866366e-02,1.276628e-02,3.421153e-02,3.008817e-02,1.060606e-01,7.153621e-03,1.422641e-02,2.245929e-02,1.393622e-02,9.598534e-02,2.032060e-01,1.016055e-02,9.653063e-03,2.921354e-02
3.469186e-01,1.481110e-02,1.065285e-02,2.771147e-02,2.734289e-02,1.262049e-01,6.176651e-03,1.121672e-02,1.910550e-02,1.034034e-02,9.367079e-02,2.611054e-01,9.105204e-03,1.009846e-02,2.553909e-02
2.802921e-01,1.135740e-02,8.634297e-03,2.187616e-02,2.451561e-02,1.305764e-01,5.193295e-03,1.005564e-02,1.507579e-02,7.965338e-03,1.002620e-01,3.441585e-01,7.599036e-03,1.232083e-02,2.011759e-02
2.074243e-01,8.157693e-03,6.395253e-03,1.576742e-02,1.961076e-02,1.272588e-01,5.235257e-03,7.545999e-03,1.151054e-02,6.068464e-03,1.338917e-01,4.185846e-01,7.051342e-03,1.084750e-02,1.465030e-02
1.546462e-01,5.971096e-03,4.729028e-03,1.126843e-02,1.522119e-02,1.065279e-01,5.382526e-03,5.527347e-03,9.348728e-03,5.035800e-03,1.106279e-01,5.368472e-01,5.942779e-03,1.238219e-02,1.054156e-02
1.091762e-01,4.322628e-03,3.454132e-03,7.923072e-03,1.106475e-02,7.679610e-02,3.919020e-03,3.898209e-03,7.943658e-03,4.860888e-03,8.298765e-02,6.550843e-01,4.571994e-03,1.646273e-02,7.534721e-03
7.737215e-02,3.390373e-03,2.927736e-03,5.572082e-03,1.038373e-02,5.500798e-02,2.817835e-03,2.793887e-03,1.131983e-02,7.327285e-03,6.309021e-02,7.279204e-01,4.761807e-03,1.916769e-02,6.147020e-03
5.664816e-02,2.703535e-03,2.363746e-03,3.961287e-03,1.006972e-02,3.967395e-02,2.062394e-03,2.047506e-03,1.505484e-02,1.074839e-02,5.010425e-02,7.726494e-01,4.650688e-03,2.247430e-02,4.787818e-03
4.225579e-02,1.421463e-02,1.265774e-02,2.852694e-03,9.130018e-02,3.016999e-02,1.550494e-03,1.806471e-03,8.775290e-02,8.827777e-03,4.504802e-02,6.292095e-01,5.814239e-03,2.254110e-02,3.998441e-03
3.048382e-02,1.537331e-02,2.009970e-02,2.156671e-03,2.805030e-01,2.335075e-02,1.345021e-03,2.045722e-03,1.022860e-01,6.349655e-03,3.466048e-02,4.577499e-01,4.505303e-03,1.624051e-02,2.850162e-03
2.178361e-02,1.462047e-02,2.011186e-02,1.682181e-03,3.929721e-01,1.762985e-02,1.055263e-03,1.559150e-03,1.612677e-01,4.655628e-03,2.448429e-02,3.213457e-01,3.293752e-03,1.143911e-02,2.099251e-03
1.615063e-02,1.881884e-02,2.043474e-02,1.439026e-03,3.997562e-01,1.551820e-02,8.325282e-04,1.184661e-03,2.666823e-01,3.715898e-03,1.758963e-02,2.253816e-01,2.694321e-03,8.106583e-03,1.694808e-03
2.854604e-02,2.047685e-02,1.706721e-02,3.191412e-03,4.112649e-01,1.547844e-02,9.995756e-04,1.487689e-03,3.105886e-01,5.517810e-03,1.360438e-02,1.582549e-01,2.744634e-03,5.950836e-03,4.826688e-03
4.642697e-02,3.230570e-02,1.769714e-02,3.831262e-03,3.983785e-01,1.248606e-02,1.832315e-03,2.946323e-03,3.342034e-01,1.021888e-02,1.095148e-02,1.111437e-01,2.948885e-03,4.332146e-03,1.029734e-02
6.190712e-02,3.406538e-02,1.704070e-02,4.536686e-03,4.487496e-01,1.139541e-02,3.922250e-03,3.335729e-03,3.006725e-01,9.059466e-03,9.103451e-03,7.889176e-02,3.007536e-03,3.157998e-03,1.115445e-02
8.642207e-02,3.309618e-02,2.631004e-02,2.892970e-02,4.267225e-01,1.408146e-02,8.788398e-03,9.591125e-03,2.699846e-01,8.504650e-03,8.110013e-03,5.835695e-02,4.838824e-03,2.528375e-03,1.373514e-02
1.198306e-01,4.075062e-02,2.306293e-02,2.655403e-02,4.027933e-01,1.924412e-02,8.053093e-03,8.867234e-03,2.700240e-01,6.726752e-03,6.894977e-03,4.563689e-02,5.521371e-03,2.296031e-03,1.374407e-02
1.500594e-01,4.265878e-02,1.889587e-02,2.888162e-02,3.729887e-01,2.022057e-02,8.101479e-03,1.181418e-02,2.629410e-01,5.957656e-03,7.485830e-03,4.215071e-02,6.685928e-03,3.207705e-03,1.795049e-02
1.576578e-01,4.161671e-02,1.452444e-02,2.590930e-02,3.587841e-01,1.774734e-02,7.378720e-03,9.961766e-03,2.923009e-01,5.183623e-03,7.467179e-03,3.616849e-02,6.547960e-03,3.310089e-03,1.544152e-02
1.390582e-01,5.064762e-02,1.788588e-02,2.001178e-01,2.633421e-01,1.765421e-02,6.048804e-03,9.944540e-03,2.099278e-01,6.297699e-03,1.216403e-02,3.949032e-02,7.491244e-03,3.239447e-03,1.669030e-02
9.763119e-02,2.148077e-01,3.014113e-02,1.407361e-01,1.853347e-01,1.297178e-02,4.255155e-03,7.004900e-03,1.558333e-01,4.811480e-03,3.377414e-02,2.833157e-02,1.214343e-02,3.987664e-02,3.234684e-02
6.901302e-02,2.139690e-01,2.391680e-02,9.973134e-02,1.310324e-01,1.033146e-02,3.032639e-03,4.940862e-03,1.143111e-01,4.464417e-03,8.673607e-02,2.050678e-02,1.273413e-02,1.756599e-01,2.962001e-02
4.869368e-02,1.574273e-01,1.713851e-02,7.013343e-02,9.197063e-02,8.140244e-03,2.143083e-03,3.502666e-03,8.082726e-02,4.073863e-03,1.200166e-01,1.471547e-02,9.507324e-03,3.488730e-01,2.283692e-02
3.429624e-02,1.133722e-01,1.214408e-02,4.920608e-02,6.449728e-02,6.541821e-03,1.514985e-03,2.476966e-03,5.713743e-02,4.197743e-03,1.650463e-01,1.102388e-02,6.974019e-03,4.544974e-01,1.707364e-02
