1.000000e+00,0.000000e+00,0.000000e+00,0.000000e+00,0.000000e+00,0.000000e+00,0.000000e+00,0.000000e+00,0.000000e+00,0.000000e+00,0.000000e+00,0.000000e+00,0.000000e+00,0.000000e+00,0.000000e+00
1.000000e+00,0.000000e+00,0.000000e+00,0.000000e+00,0.000000e+00,0.000000e+00,0.000000e+00,0.000000e+00,0.000000e+00,0.000000e+00,0.000000e+00,0.000000e+00,0.000000e+00,0.000000e+00,0.000000e+00
1.000000e+00,0.000000e+00,0.000000e+00,0.000000e+00,0.000000e+00,0.000000e+00,0.000000e+00,0.000000e+00,0.000000e+00,0.000000e+00,0.000000e+00,0.000000e+00,0.000000e+00,0.000000e+00,0.000000e+00
1.000000e+00,0.000000e+00,0.000000e+00,0.000000e+00,0.000000e+00,0.000000e+00,0.000000e+00,0.000000e+00,0.000000e+00,0.000000e+00,0.000000e+00,0.000000e+00,0.000000e+00,0.000000e+00,0.000000e+00
1.000000e+00,0.000000e+00,0.000000e+00,0.000000e+00,0.000000e+00,0.000000e+00,0.000000e+00,0.000000e+00,0.000000e+00,0.000000e+00,0.000000e+00,0.000000e+00,0.000000e+00,0.000000e+00,0.000000e+00
1.000000e+00,0.000000e+00,0.000000e+00,0.000000e+00,0.000000e+00,0.000000e+00,0.000000e+00,0.000000e+00,0.000000e+00,0.000000e+00,0.000000e+00,0.000000e+00,0.000000e+00,0.000000e+00,0.000000e+00
1.000000e+00,0.000000e+00,0.000000e+00,0.000000e+00,0.000000e+00,0.000000e+00,0.000000e+00,0.000000e+00,0.000000e+00,0.000000e+00,0.000000e+00,0.000000e+00,0.000000e+00,0.000000e+00,0.000000e+00
1.000000e+00,0.000000e+00,0.000000e+00,0.000000e+00,0.000000e+00,0.000000e+00,0.000000e+00,0.000000e+00,0.000000e+00,0.000000e+00,0.000000e+00,0.000000e+00,0.000000e+00,0.000000e+00,0.000000e+00
1.000000e+00,0.000000e+00,0.000000e+00,0.000000e+00,0.000000e+00,0.000000e+00,0.000000e+00,0.000000e+00,0.000000e+00,0.000000e+00,0.000000e+00,0.000000e+00,0.000000e+00,0.000000e+00,0.000000e+00
1.000000e+00,0.000000e+00,0.000000e+00,0.000000e+00,0.000000e+00,0.000000e+00,0.000000e+00,0.000000e+00,0.000000e+00,0.000000e+00,0.000000e+00,0.000000e+00,0.000000e+00,0.000000e+00,0.000000e+00
1.000000e+00,0.000000e+00,0.000000e+00,0.000000e+00,0.000000e+00,0.000000e+00,0.000000e+00,0.000000e+00,0.000000e+00,0.000000e+00,0.000000e+00,0.000000e+00,0.000000e+00,0.000000e+00,0.000000e+00
1.000000e+00,0.000000e+00,0.000000e+00,0.000000e+00,0.000000e+00,0.000000e+00,0.000000e+00,0.000000e+00,0.000000e+00,0.000000e+00,0.000000e+00,0.000000e+00,0.000000e+00,0.000000e+00,0.000000e+00
1.000000e+00,0.000000e+00,0.000000e+00,0.000000e+00,0.000000e+00,0.000000e+00,0.000000e+00,0.000000e+00,0.000000e+00,0.000000e+00,0.000000e+00,0.000000e+00,0.000000e+00,0.000000e+00,0.000000e+00
1.000000e+00,0.000000e+00,0.000000e+00,0.000000e+00,0.000000e+00,0.000000e+00,0.000000e+00,0.000000e+00,0.000000e+00,0.000000e+00,0.000000e+00,0.000000e+00,0.000000e+00,0.000000e+00,0.000000e+00
1.000000e+00,0.000000e+00,0.000000e+00,0.000000e+00,0.000000e+00,0.000000e+00,0.000000e+00,0.000000e+00,0.000000e+00,0.000000e+00,0.000000e+00,0.000000e+00,0.000000e+00,0.000000e+00,0.000000e+00
1.000000e+00,0.000000e+00,0.000000e+00,0.000000e+00,0.000000e+00,0.000000e+00,0.000000e+00,0.000000e+00,0.000000e+00,0.000000e+00,0.000000e+00,0.000000e+00,0.000000e+00,0.000000e+00,0.000000e+00
1.000000e+00,0.000000e+00,0.000000e+00,0.000000e+00,0.000000e+00,0.000000e+00,0.000000e+00,0.000000e+00,0.000000e+00,0.000000e+00,0.000000e+00,0.000000e+00,0.000000e+00,0.000000e+00,0.000000e+00
1.000000e+00,0.000000e+00,0.000000e+00,0.000000e+00,0.000000e+00,0.000000e+00,0.000000e+00,0.000000e+00,0.000000e+00,0.000000e+00,0.000000e+00,0.000000e+00,0.000000e+00,0.000000e+00,0.000000e+00
1.000000e+00,0.000000e+00,0.000000e+00,0.000000e+00,0.000000e+00,0.000000e+00,0.000000e+00,0.000000e+00,0.000000e+00,0.000000e+00,0.000000e+00,0.000000e+00,0.000000e+00,0.000000e+00,0.000000e+00
1.000000e+00,0.000000e+00,0.000000e+00,0.000000e+00,0.000000e+00,0.000000e+00,0.000000e+00,0.000000e+00,0.000000e+00,0.000000e+00,0.000000e+00,0.000000e+00,0.000000e+00,0.000000e+00,0.000000e+00
1.000000e+00,0.000000e+00,0.000000e+00,0.000000e+00,0.000000e+00,0.000000e+00,0.000000e+00,0.000000e+00,0.000000e+00,0.000000e+00,0.000000e+00,0.000000e+00,0.000000e+00,0.000000e+00,0.000000e+00
1.000000e+00,0.000000e+00,0.000000e+00,0.000000e+00,0.000000e+00,0.000000e+00,0.000000e+00,0.000000e+00,0.000000e+00,0.000000e+00,0.000000e+00,0.000000e+00,0.000000e+00,0.000000e+00,0.000000e+00
1.000000e+00,0.000000e+00,0.000000e+00,0.000000e+00,0.000000e+00,0.000000e+00,0.000000e+00,0.000000e+00,0.000000e+00,0.000000e+00,0.000000e+00,0.000000e+00,0.000000e+00,0.000000e+00,0.000000e+00
1.000000e+00,0.000000e+00,0.000000e+00,0.000000e+00,0.000000e+00,0.000000e+00,0.000000e+00,0.000000e+00,0.000000e+00,0.000000e+00,0.000000e+00,0.000000e+00,0.000000e+00,0.000000e+00,0.000000e+00
1.000000e+00,0.000000e+00,0.000000e+00,0.000000e+00,0.000000e+00,0.000000e+00,0.000000e+00,0.000000e+00,0.000000e+00,0.000000e+00,0.000000e+00,0.000000e+00,0.000000e+00,0.000000e+00,0.000000e+00
1.000000e+00,0.000000e+00,0.000000e+00,0.000000e+00,0.000000e+00,0.000000e+00,0.000000e+00,0.000000e+00,0.000000e+00,0.000000e+00,0.000000e+00,0.000000e+00,0.000000e+00,0.000000e+00,0.000000e+00
1.000000e+00,0.000000e+00,0.000000e+00,0.000000e+00,0.000000e+00,0.000000e+00,0.000000e+00,0.000000e+00,0.000000e+00,0.000000e+00,0.000000e+00,0.000000e+00,0.000000e+00,0.000000e+00,0.000000e+00
1.000000e+00,0.000000e+00,0.000000e+00,0.000000e+00,0.000000e+00,0.000000e+00,0.000000e+00,0.000000e+00,0.000000e+00,0.000000e+00,0.000000e+00,0.000000e+00,0.000000e+00,0.000000e+00,0.000000e+00
1.000000e+00,0.000000e+00,0.000000e+00,0.000000e+00,0.000000e+00,0.000000e+00,0.000000e+00,0.000000e+00,0.000000e+00,0.000000e+00,0.000000e+00,0.000000e+00,0.000000e+00,0.000000e+00,0.000000e+00
1.000000e+00,0.000000e+00,0.000000e+00,0.000000e+00,0.000000e+00,0.000000e+00,0.000000e+00,0.000000e+00,0.000000e+00,0.000000e+00,0.000000e+00,0.000000e+00,0.000000e+00,0.000000e+00,0.000000e+00
1.000000e+00,0.000000e+00,0.000000e+00,0.000000e+00,0.000000e+00,0.000000e+00,0.000000e+00,0.000000e+00,0.000000e+00,0.000000e+00,0.000000e+00,0.000000e+00,0.000000e+00,0.000000e+00,0.000000e+00
1.000000e+00,0.000000e+00,0.000000e+00,0.000000e+00,0.000000e+00,0.000000e+00,0.000000e+00,0.000000e+00,0.000000e+00,0.000000e+00,0.000000e+00,0.000000e+00,0.000000e+00,0.000000e+00,0.000000e+00
1.000000e+00,0.000000e+00,0.000000e+00,0.000000e+00,0.000000e+00,0.000000e+00,0.000000e+00,0.000000e+00,0.000000e+00,0.000000e+00,0.000000e+00,0.000000e+00,0.000000e+00,0.000000e+00,0.000000e+00
1.000000e+00,0.000000e+00,0.000000e+00,0.000000e+00,0.000000e+00,0.000000e+00,0.000000e+00,0.000000e+00,0.000000e+00,0.000000e+00,0.000000e+00,0.000000e+00,0.000000e+00,0.000000e+00,0.000000e+00
1.000000e+00,0.000000e+00,0.000000e+00,0.000000e+00,0.000000e+00,0.000000e+00,0.000000e+00,0.000000e+00,0.000000e+00,0.000000e+00,0.000000e+00,0.000000e+00,0.000000e+00,0.000000e+00,0.000000e+00
1.000000e+00,0.000000e+00,0.000000e+00,0.000000e+00,0.000000e+00,0.000000e+00,0.000000e+00,0.000000e+00,0.000000e+00,0.000000e+00,0.000000e+00,0.000000e+00,0.000000e+00,0.000000e+00,0.000000e+00
1.000000e+00,0.000000e+00,0.000000e+00,0.000000e+00,0.000000e+00,0.000000e+00,0.000000e+00,0.000000e+00,0.000000e+00,0.000000e+00,0.000000e+00,0.000000e+00,0.000000e+00,0.000000e+00,0.000000e+00
1.000000e+00,0.000000e+00,0.000000e+00,0.000000e+00,0.000000e+00,0.000000e+00,0.000000e+00,0.000000e+00,0.000000e+00,0.000000e+00,0.000000e+00,0.000000e+00,0.000000e+00,0.000000e+00,0.000000e+00
1.000000e+00,0.000000e+00,0.000000e+00,0.000000e+00,0.000000e+00,0.000000e+00,0.000000e+00,0.000000e+00,0.000000e+00,0.000000e+00,0.000000e+00,0.000000e+00,0.000000e+00,0.000000e+00,0.000000e+00
1.000000e+00,0.000000e+00,0.000000e+00,0.000000e+00,0.000000e+00,0.000000e+00,0.000000e+00,0.000000e+00,0.000000e+00,0.000000e+00,0.000000e+00,0.000000e+00,0.000000e+00,0.000000e+00,0.000000e+00
1.000000e+00,0.000000e+00,0.000000e+00,0.000000e+00,0.000000e+00,0.000000e+00,0.000000e+00,0.000000e+00,0.000000e+00,0.000000e+00,0.000000e+00,0.000000e+00,0.000000e+00,0.000000e+00,0.000000e+00
1.000000e+00,0.000000e+00,0.000000e+00,0.000000e+00,0.000000e+00,0.000000e+00,0.000000e+00,0.000000e+00,0.000000e+00,0.000000e+00,0.000000e+00,0.000000e+00,0.000000e+00,0.000000e+00,0.000000e+00
1.000000e+00,0.000000e+00,0.000000e+00,0.000000e+00,0.000000e+00,0.000000e+00,0.000000e+00,0.000000e+00,0.000000e+00,0.000000e+00,0.000000e+00,0.000000e+00,0.000000e+00,0.000000e+00,0.000000e+00
1.000000e+00,0.000000e+00,0.000000e+00,0.000000e+00,0.000000e+00,0.000000e+00,0.000000e+00,0.000000e+00,0.000000e+00,0.000000e+00,0.000000e+00,0.000000e+00,0.000000e+00,0.000000e+00,0.000000e+00
1.000000e+00,0.000000e+00,0.000000e+00,0.000000e+00,0.000000e+00,0.000000e+00,0.000000e+00,0.000000e+00,0.000000e+00,0.000000e+00,0.000000e+00,0.000000e+00,0.000000e+00,0.000000e+00,0.000000e+00
1.000000e+00,0.000000e+00,0.000000e+00,0.000000e+00,0.000000e+00,0.000000e+00,0.000000e+00,0.000000e+00,0.000000e+00,0.000000e+00,0.000000e+00,0.000000e+00,0.000000e+00,0.000000e+00,0.000000e+00
1.000000e+00,0.000000e+00,0.000000e+00,0.000000e+00,0.000000e+00,0.000000e+00,0.000000e+00,0.000000e+00,0.000000e+00,0.000000e+00,0.000000e+00,0.000000e+00,0.000000e+00,0.000000e+00,0.000000e+00
1.000000e+00,0.000000e+00,0.000000e+00,0.000000e+00,0.000000e+00,0.000000e+00,0.000000e+00,0.000000e+00,0.000000e+00,0.000000e+00,0.000000e+00,0.000000e+00,0.000000e+00,0.000000e+00,0.000000e+00
1.000000e+00,0.000000e+00,0.000000e+00,0.000000e+00,0.000000e+00,0.000000e+00,0.000000e+00,0.000000e+00,0.000000e+00,0.000000e+00,0.000000e+00,0.000000e+00,0.000000e+00,0.000000e+00,0.000000e+00
1.000000e+00,0.000000e+00,0.000000e+00,0.000000e+00,0.000000e+00,0.000000e+00,0.000000e+00,0.000000e+00,0.000000e+00,0.000000e+00,0.000000e+00,0.000000e+00,0.000000e+00,0.000000e+00,0.000000e+00
1.000000e+00,0.000000e+00,0.000000e+00,0.000000e+00,0.000000e+00,0.000000e+00,0.000000e+00,0.000000e+00,0.000000e+00,0.000000e+00,0.000000e+00,0.000000e+00,0.000000e+00,0.000000e+00,0.000000e+00
1.000000e+00,0.000000e+00,0.000000e+00,0.000000e+00,0.000000e+00,0.000000e+00,0.000000e+00,0.000000e+00,0.000000e+00,0.000000e+00,0.000000e+00,0.000000e+00,0.000000e+00,0.000000e+00,0.000000e+00
1.000000e+00,0.000000e+00,0.000000e+00,0.000000e+00,0.000000e+00,0.000000e+00,0.000000e+00,0.000000e+00,0.000000e+00,0.000000e+00,0.000000e+00,0.000000e+00,0.000000e+00,0.000000e+00,0.000000e+00
1.000000e+00,0.000000e+00,0.000000e+00,0.000000e+00,0.000000e+00,0.000000e+00,0.000000e+00,0.000000e+00,0.000000e+00,0.000000e+00,0.000000e+00,0.000000e+00,0.000000e+00,0.000000e+00,0.000000e+00
1.000000e+00,0.000000e+00,0.000000e+00,0.000000e+00,0.000000e+00,0.000000e+00,0.000000e+00,0.000000e+00,0.000000e+00,0.000000e+00,0.000000e+00,0.000000e+00,0.000000e+00,0.000000e+00,0.000000e+00
1.000000e+00,0.000000e+00,0.000000e+00,0.000000e+00,0.000000e+00,0.000000e+00,0.000000e+00,0.000000e+00,0.000000e+00,0.000000e+00,0.000000e+00,0.000000e+00,0.000000e+00,0.000000e+00,0.000000e+00
1.000000e+00,0.000000e+00,0.000000e+00,0.000000e+00,0.000000e+00,0.000000e+00,0.000000e+00,0.000000e+00,0.000000e+00,0.000000e+00,0.000000e+00,0.000000e+00,0.000000e+00,0.000000e+00,0.000000e+00
1.000000e+00,0.000000e+00,0.000000e+00,0.000000e+00,0.000000e+00,0.000000e+00,0.000000e+00,0.000000e+00,0.000000e+00,0.000000e+00,0.000000e+00,0.000000e+00,0.000000e+00,0.000000e+00,0.000000e+00
1.000000e+00,0.000000e+00,0.000000e+00,0.000000e+00,0.000000e+00,0.000000e+00,0.000000e+00,0.000000e+00,0.000000e+00,0.000000e+00,0.000000e+00,0.000000e+00,0.000000e+00,0.000000e+00,0.000000e+00
1.000000e+00,0.000000e+00,0.000000e+00,0.000000e+00,0.000000e+00,0.000000e+00,0.000000e+00,0.000000e+00,0.000000e+00,0.000000e+00,0.000000e+00,0.000000e+00,0.000000e+00,0.000000e+00,0.000000e+00
4.738300e-01,8.793493e-02,3.790812e-02,3.822923e-02,1.713581e-02,2.026730e-01,4.367379e-03,2.143712e-02,3.159043e-03,9.263986e-03,2.763382e-02,3.864595e-02,9.411413e-03,6.980630e-03,2.138967e-02
3.724159e-01,1.600352e-01,3.191930e-02,2.766227e-02,2.026165e-02,2.595117e-01,3.765233e-03,1.702926e-02,2.962326e-03,9.892938e-03,2.684393e-02,3.086061e-02,7.144915e-03,9.392209e-03,2.030266e-02
3.954936e-01,1.822862e-01,2.838368e-02,2.227426e-02,1.815535e-02,2.270154e-01,3.581011e-03,1.325124e-02,3.400949e-03,1.059187e-02,2.901204e-02,2.795297e-02,7.064007e-03,1.042487e-02,2.111249e-02
4.883042e-01,1.523298e-01,2.358218e-02,2.242433e-02,1.680588e-02,1.742232e-01,3.359307e-03,1.136934e-02,3.584734e-03,8.836764e-03,2.639140e-02,2.561693e-02,7.746283e-03,1.144937e-02,2.397621e-02
1.000000e+00,0.000000e+00,0.000000e+00,0.000000e+00,0.000000e+00,0.000000e+00,0.000000e+00,0.000000e+00,0.000000e+00,0.000000e+00,0.000000e+00,0.000000e+00,0.000000e+00,0.000000e+00,0.000000e+00
1.000000e+00,0.000000e+00,0.000000e+00,0.000000e+00,0.000000e+00,0.000000e+00,0.000000e+00,0.000000e+00,0.000000e+00,0.000000e+00,0.000000e+00,0.000000e+00,0.000000e+00,0.000000e+00,0.000000e+00
4.018951e-01,7.644599e-02,1.351700e-02,2.391487e-02,1.092014e-02,1.272006e-01,3.099916e-03,6.653876e-03,1.917121e-02,1.383866e-02,3.462441e-02,2.807928e-02,2.614162e-02,3.526726e-02,1.792301e-01
2.856549e-01,5.487145e-02,9.544586e-03,1.688980e-02,7.796112e-03,1.520225e-01,2.252676e-03,4.701361e-03,2.139092e-02,1.048137e-02,3.440177e-02,2.274076e-02,1.920540e-02,2.251537e-01,1.328927e-01
2.008530e-01,3.875721e-02,6.702950e-03,1.185597e-02,5.507326e-03,1.111585e-01,1.608638e-03,3.309043e-03,2.241371e-02,8.558058e-03,3.219920e-02,1.674301e-02,1.367274e-02,4.301497e-01,9.651088e-02
1.407019e-01,2.747042e-02,4.704311e-03,8.308915e-03,3.871746e-03,7.834356e-02,1.135251e-03,2.318682e-03,2.572545e-02,8.512631e-03,2.664550e-02,1.247058e-02,9.702251e-03,5.803558e-01,6.973302e-02
9.854841e-02,2.100956e-02,3.332453e-03,5.842560e-03,2.846408e-03,5.563863e-02,8.163204e-04,1.633078e-03,3.576116e-02,6.128361e-03,1.931433e-02,8.934835e-03,6.836076e-03,6.839136e-01,4.944421e-02
6.942321e-02,2.408808e-02,3.091486e-03,4.222461e-03,3.073662e-03,3.958736e-02,6.459138e-04,1.203035e-03,4.459995e-02,4.761349e-03,1.530572e-02,6.364253e-03,4.877135e-03,7.424756e-01,3.628072e-02
4.896329e-02,2.520151e-02,4.075396e-03,3.977712e-03,1.051831e-02,2.825167e-02,5.135150e-04,1.614943e-03,1.306278e-01,3.691819e-03,1.196916e-02,4.570022e-03,3.551762e-03,6.928746e-01,2.959850e-02
3.516385e-02,2.386211e-02,3.254045e-03,3.103838e-03,1.286268e-02,2.034367e-02,4.191549e-04,1.620601e-03,2.629342e-01,3.022110e-03,9.190368e-03,3.277798e-03,2.702083e-03,5.915432e-01,2.670027e-02
2.709749e-02,3.145413e-02,4.271969e-03,4.760314e-03,2.817583e-02,1.560958e-02,5.015807e-04,2.863061e-03,3.624305e-01,2.645594e-03,7.469526e-03,2.416508e-03,2.486201e-03,4.738593e-01,3.395851e-02
2.412956e-02,3.220878e-02,7.123286e-03,4.759642e-03,2.832283e-02,1.227608e-02,6.291489e-04,3.952429e-03,3.951382e-01,3.307431e-03,7.007386e-03,1.965767e-03,2.967245e-03,4.240964e-01,5.211576e-02
2.738603e-02,2.411791e-02,9.052775e-03,3.951241e-03,3.113173e-02,9.711014e-03,6.887028e-04,3.703218e-03,3.977153e-01,9.165104e-03,7.010749e-03,1.702654e-03,3.641582e-03,3.750005e-01,9.602144e-02
2.418331e-02,1.838474e-02,7.611963e-03,2.868732e-03,2.204815e-02,7.391443e-03,5.458078e-04,2.752639e-03,4.329607e-01,1.192477e-02,7.836346e-03,1.519195e-03,3.969912e-03,3.350983e-01,1.209039e-01
1.765246e-02,1.432270e-02,6.117018e-03,2.189119e-03,1.586007e-02,5.474732e-03,4.068756e-04,1.984166e-03,4.863434e-01,1.478846e-02,1.361706e-02,1.234225e-03,3.762029e-03,2.916827e-01,1.245651e-01
1.358248e-02,1.259876e-02,1.111839e-02,2.680399e-03,1.291960e-02,4.284726e-03,4.909947e-04,3.168752e-03,5.386826e-01,2.208223e-02,2.370236e-02,1.238261e-03,4.446212e-03,2.476981e-01,1.013061e-01
1.460102e-02,3.376189e-02,7.011139e-02,6.108608e-02,6.678608e-02,3.132407e-02,7.440902e-04,3.068269e-03,4.087273e-01,1.755161e-02,2.512064e-02,9.848656e-04,3.612536e-03,1.836556e-01,7.886459e-02
1.344457e-02,3.786755e-02,1.688045e-01,1.102340e-01,9.650895e-02,3.830237e-02,1.133281e-03,2.486225e-03,3.032677e-01,1.315657e-02,1.884012e-02,7.331655e-04,2.653445e-03,1.299417e-01,6.262606e-02
1.248663e-02,3.581863e-02,3.037812e-01,1.058414e-01,8.910532e-02,3.140916e-02,1.448028e-03,1.928404e-03,2.443639e-01,1.334151e-02,1.347842e-02,5.436690e-04,2.151981e-03,9.110425e-02,5.319760e-02
1.363264e-02,2.964341e-02,4.356551e-01,9.914643e-02,8.570231e-02,2.578074e-02,2.029888e-03,1.578057e-03,1.791425e-01,1.117042e-02,9.588982e-03,4.010398e-04,1.671614e-03,6.391353e-02,4.094335e-02
2.467803e-02,2.371274e-02,5.244444e-01,9.065166e-02,9.000672e-02,2.034449e-02,2.008644e-03,3.797933e-03,1.274904e-01,8.376759e-03,7.138649e-03,3.723244e-04,1.443138e-03,4.507702e-02,3.045706e-02
6.111461e-02,2.244877e-02,5.519610e-01,8.753529e-02,8.121808e-02,1.892737e-02,1.688181e-03,1.031043e-02,9.438214e-02,6.559684e-03,5.754092e-03,6.547626e-04,2.097188e-03,3.241421e-02,2.293420e-02
7.120137e-02,2.100433e-02,5.900092e-01,8.249164e-02,6.731202e-02,1.574457e-02,1.418829e-03,1.941138e-02,7.431946e-02,6.348288e-03,4.575404e-03,7.843794e-04,2.725297e-03,2.369744e-02,1.895633e-02
1.068564e-01,1.843028e-02,4.690354e-01,8.564967e-02,6.569515e-02,1.221701e-02,1.343934e-03,1.395901e-01,5.562430e-02,4.932638e-03,4.843892e-03,1.047523e-03,2.439607e-03,1.790507e-02,1.438911e-02
1.581883e-01,1.827310e-02,4.003624e-01,8.119711e-02,6.766854e-02,1.078708e-02,1.865475e-03,1.764093e-01,4.656705e-02,4.471720e-03,4.476299e-03,1.238340e-03,2.372141e-03,1.437665e-02,1.174643e-02
1.673214e-01,1.424992e-02,3.685598e-01,8.730290e-02,5.170427e-02,9.932046e-03,3.350236e-03,2.278858e-01,3.554666e-02,5.194295e-03,3.751766e-03,1.359774e-03,2.963549e-03,1.046546e-02,1.041209e-02
1.970672e-01,1.241470e-02,2.828250e-01,7.893468e-02,3.925003e-02,9.876309e-03,4.106943e-03,3.087275e-01,2.988235e-02,5.276100e-03,3.631218e-03,2.384253e-03,3.124453e-03,8.646667e-03,1.385271e-02
2.386865e-01,1.107349e-02,2.323662e-01,7.887968e-02,3.131098e-02,1.062331e-02,4.407264e-03,3.272945e-01,2.459658e-02,6.048725e-03,3.845902e-03,4.454393e-03,3.108987e-03,7.544823e-03,1.575870e-02
2.382041e-01,1.508789e-02,1.691439e-01,6.150980e-02,2.295400e-02,1.509084e-02,3.466178e-03,2.609267e-01,4.176785e-02,6.991729e-02,1.453542e-02,1.181990e-02,9.115858e-03,9.489045e-03,5.697131e-02
2.322623e-01,2.414620e-02,1.269356e-01,5.806302e-02,1.670226e-02,1.973168e-02,2.922476e-03,2.006725e-01,6.745419e-02,1.026554e-01,1.811599e-02,1.862435e-02,1.554207e-02,8.892249e-03,8.727977e-02
1.737732e-01,4.465880e-02,9.440440e-02,5.157223e-02,1.202269e-02,1.728190e-02,2.155285e-03,1.459100e-01,9.143363e-02,2.082029e-01,2.239363e-02,1.859889e-02,2.291458e-02,7.050276e-03,8.762753e-02
1.224166e-01,4.718434e-02,7.630716e-02,2.104599e-01,8.569188e-03,1.345691e-02,1.535537e-03,1.029853e-01,8.946194e-02,1.782697e-01,2.688628e-02,1.490374e-02,2.167240e-02,5.098952e-03,8.079207e-02
8.612218e-02,4.764134e-02,5.878905e-02,3.160419e-01,6.229009e-03,1.087302e-02,1.151634e-03,7.281404e-02,7.809693e-02,1.466884e-01,5.028852e-02,1.357521e-02,3.524910e-02,3.682272e-03,7.275750e-02
6.079667e-02,7.459398e-02,4.516319e-02,2.495316e-01,4.784912e-03,9.430358e-03,1.044654e-03,5.107764e-02,1.383995e-01,2.019899e-01,4.513097e-02,1.043371e-02,3.899329e-02,3.130838e-03,6.549890e-02
4.314438e-02,6.763032e-02,3.229006e-02,3.238147e-01,3.713673e-03,7.099003e-03,7.869703e-04,3.611905e-02,1.968484e-01,1.486653e-01,4.605267e-02,8.442260e-03,3.218362e-02,2.849662e-03,5.035993e-02
3.071840e-02,5.003038e-02,2.373205e-02,3.503069e-01,2.933368e-03,5.317767e-03,5.881210e-04,2.552135e-02,1.600138e-01,1.057892e-01,1.543572e-01,8.861898e-03,3.928340e-02,2.946342e-03,3.959987e-02
4.225039e-02,3.727435e-02,1.727251e-02,2.616873e-01,6.506736e-03,4.896753e-03,6.919377e-04,1.945240e-02,1.300027e-01,7.468238e-02,3.215870e-01,9.704763e-03,3.946569e-02,3.283764e-03,3.124141e-02
3.826663e-02,3.002442e-02,1.440543e-02,2.123595e-01,1.105902e-02,4.550494e-03,7.987972e-04,2.400775e-02,1.249686e-01,5.281731e-02,4.046090e-01,9.854373e-03,4.481652e-02,3.289398e-03,2.417279e-02
5.765928e-02,3.239695e-02,1.384087e-02,1.763077e-01,1.687319e-02,4.810520e-03,1.429576e-03,3.111462e-02,2.400631e-01,3.784830e-02,3.188122e-01,9.131618e-03,3.608985e-02,4.140195e-03,1.948192e-02
9.749658e-02,2.695419e-02,1.221802e-02,1.397209e-01,7.277328e-02,5.041173e-03,3.054779e-03,3.572085e-02,2.594354e-01,2.681148e-02,2.617461e-01,9.340936e-03,3.116540e-02,3.677106e-03,1.484379e-02
1.134036e-01,2.305198e-02,1.613776e-02,2.724336e-01,7.754159e-02,5.895543e-03,3.124210e-03,3.649923e-02,1.959850e-01,1.932166e-02,1.877324e-01,8.172527e-03,2.345887e-02,3.801509e-03,1.344051e-02
1.383760e-01,2.263168e-02,1.676503e-02,2.203106e-01,9.270281e-02,5.861155e-03,2.915657e-03,8.234114e-02,1.935764e-01,1.455663e-02,1.495997e-01,8.424964e-03,2.125396e-02,5.555433e-03,2.512885e-02
1.166926e-01,1.749325e-02,1.946130e-02,1.746966e-01,1.013087e-01,4.896016e-03,2.636179e-03,2.075918e-01,1.829028e-01,1.044150e-02,1.117621e-01,7.745657e-03,1.691326e-02,4.377024e-03,2.108121e-02
1.585078e-01,3.781489e-02,1.884097e-02,1.356877e-01,1.168989e-01,8.445296e-03,2.847766e-03,1.676980e-01,1.882639e-01,9.028093e-03,9.369248e-02,1.002176e-02,1.602419e-02,5.560387e-03,3.066784e-02
1.601326e-01,5.122801e-02,1.596085e-02,1.029696e-01,1.441737e-01,1.432109e-02,2.586543e-03,1.273773e-01,1.991992e-01,9.208426e-03,8.723883e-02,9.068774e-03,2.682881e-02,5.709056e-03,4.399714e-02
1.463608e-01,4.601167e-02,1.251953e-02,8.429920e-02,1.175152e-01,1.824364e-02,2.218180e-03,1.015500e-01,2.905556e-01,1.312720e-02,7.648189e-02,8.807271e-03,3.206074e-02,5.996778e-03,4.425231e-02
1.566112e-01,3.606236e-02,1.088126e-02,6.307314e-02,9.338916e-02,1.932848e-02,9.147571e-03,1.235072e-01,3.179991e-01,1.590308e-02,5.775592e-02,6.676810e-03,4.235119e-02,5.116064e-03,4.219750e-02
1.580186e-01,2.693909e-02,9.770233e-03,4.548055e-02,8.093157e-02,2.180428e-02,5.320093e-02,1.741367e-01,2.754984e-01,1.432097e-02,4.154967e-02,4.934445e-03,4.948439e-02,4.488595e-03,3.944153e-02
1.504683e-01,2.015379e-02,9.851087e-03,3.350853e-02,1.257314e-01,1.914509e-02,4.373584e-02,1.328368e-01,2.103845e-01,1.375650e-01,3.604092e-02,6.071007e-03,3.709764e-02,5.000717e-03,3.240936e-02
1.939591e-01,1.791345e-02,8.548074e-03,2.970864e-02,1.167448e-01,1.874989e-02,3.885260e-02,9.818405e-02,1.571285e-01,1.976245e-01,3.909644e-02,1.161752e-02,3.368428e-02,4.766981e-03,3.342105e-02
2.404845e-01,1.658420e-02,6.913222e-03,3.372891e-02,9.169559e-02,1.753316e-02,6.146581e-02,7.026377e-02,1.145220e-01,2.113903e-01,3.674361e-02,1.379943e-02,3.989886e-02,6.610660e-03,3.836592e-02
2.833478e-01,1.437397e-02,6.162481e-03,3.389376e-02,6.708576e-02,1.727900e-02,5.813385e-02,4.974821e-02,8.733493e-02,2.163466e-01,3.390309e-02,1.725418e-02,5.997603e-02,9.924456e-03,4.523583e-02
2.159427e-01,1.128239e-02,5.055788e-03,3.507748e-02,4.868865e-02,1.658226e-02,4.359866e-02,3.493381e-02,6.305629e-02,2.467537e-01,4.343005e-02,2.892148e-02,1.127373e-01,9.288023e-03,8.465149e-02
1.722633e-01,8.810015e-03,4.225890e-03,4.292610e-02,3.610665e-02,2.299384e-02,3.408995e-02,2.468799e-02,4.701852e-02,2.564465e-01,6.280525e-02,3.344206e-02,1.290485e-01,8.539945e-03,1.165955e-01
1.505985e-01,6.745418e-03,3.297105e-03,3.323165e-02,2.697411e-02,1.954507e-02,2.602837e-02,1.746197e-02,3.645194e-02,1.944637e-01,7.379608e-02,3.018112e-02,1.707138e-01,7.420773e-03,2.030904e-01
1.688830e-01,6.208516e-03,3.529340e-03,2.748704e-02,2.102551e-02,1.866756e-02,2.027731e-02,1.308837e-02,3.157416e-02,1.574111e-01,8.018440e-02,3.000344e-02,1.688209e-01,9.350389e-03,2.434890e-01
1.434188e-01,6.866881e-03,3.375303e-03,2.049949e-02,1.746465e-02,1.530264e-02,1.557248e-02,9.904150e-03,3.012792e-02,1.281838e-01,8.514515e-02,3.054690e-02,2.027244e-01,1.362345e-02,2.772440e-01
1.024200e-01,7.955287e-03,2.669995e-03,1.480184e-02,1.307277e-02,1.134677e-02,1.111083e-02,7.009417e-03,2.739386e-02,9.196129e-02,7.321259e-02,3.540225e-02,3.210576e-01,1.731879e-02,2.632667e-01
7.705436e-02,1.101614e-02,4.446684e-03,1.301191e-02,9.900219e-03,9.367689e-03,7.930716e-03,5.226703e-03,3.924628e-02,7.566327e-02,1.475521e-01,3.864652e-02,2.586593e-01,4.459623e-02,2.576818e-01
7.491647e-02,1.217577e-02,4.999724e-03,1.329456e-02,9.086031e-03,9.119129e-03,5.900513e-03,4.986066e-03,4.545715e-02,6.726541e-02,1.963756e-01,4.289928e-02,2.107976e-01,5.565169e-02,2.470750e-01
7.426497e-02,1.328995e-02,6.738944e-03,2.396758e-02,1.482120e-02,8.540495e-03,4.284328e-03,5.178935e-03,5.731753e-02,5.883218e-02,1.912987e-01,3.569959e-02,1.540501e-01,5.167220e-02,3.000433e-01
6.335767e-02,1.184205e-02,8.935561e-03,2.421722e-02,2.118087e-02,7.465291e-03,3.174652e-03,1.853400e-02,8.419262e-02,5.296225e-02,2.558632e-01,3.147336e-02,1.147581e-01,4.780565e-02,2.542375e-01
5.972344e-02,1.767212e-02,1.066237e-02,2.697181e-02,2.368998e-02,8.537748e-03,2.342778e-03,2.167577e-02,1.678149e-01,4.762363e-02,2.540006e-01,3.122409e-02,8.565933e-02,4.325301e-02,1.991484e-01
6.605870e-02,1.805243e-02,9.985492e-03,2.426850e-02,3.031802e-02,9.571920e-03,1.831856e-03,2.197946e-02,1.684588e-01,5.166749e-02,2.836405e-01,3.667034e-02,6.500169e-02,4.329716e-02,1.691976e-01
6.373467e-02,1.569070e-02,8.591842e-03,2.246390e-02,3.374875e-02,7.774024e-03,1.454690e-03,1.980210e-02,2.012276e-01,5.296787e-02,3.218535e-01,3.467652e-02,4.843136e-02,3.714773e-02,1.304347e-01
5.707872e-02,1.641927e-02,7.995095e-03,2.278130e-02,4.062730e-02,6.360400e-03,1.123122e-03,1.592877e-02,3.562227e-01,3.905446e-02,2.541273e-01,2.614904e-02,3.468870e-02,2.757756e-02,9.386627e-02
6.768969e-02,2.494144e-02,8.588435e-03,8.699833e-02,3.370184e-02,5.467353e-03,1.007591e-03,2.044684e-02,4.063659e-01,2.826002e-02,1.854158e-01,1.921336e-02,2.486420e-02,2.077865e-02,6.626058e-02
5.626595e-02,2.521482e-02,7.234977e-03,7.220551e-02,2.933149e-02,5.048012e-03,8.120674e-04,1.672366e-02,5.394191e-01,2.055272e-02,1.324764e-01,1.440817e-02,1.766287e-02,1.508647e-02,4.755777e-02
6.346802e-02,2.179280e-02,7.986995e-03,8.419259e-02,7.575919e-02,4.978017e-03,1.392683e-03,4.747187e-02,5.143800e-01,1.466203e-02,9.543498e-02,1.082279e-02,1.273855e-02,1.069850e-02,3.422094e-02
1.146241e-01,2.137228e-02,8.666814e-03,1.142909e-01,7.197007e-02,5.766660e-03,1.395292e-03,3.741295e-02,4.735803e-01,1.139549e-02,7.932226e-02,1.132717e-02,9.511479e-03,8.471665e-03,3.089251e-02
9.967507e-02,1.899999e-02,1.419367e-02,2.296054e-01,7.904340e-02,4.962084e-03,1.736643e-03,5.851897e-02,3.823725e-01,8.184788e-03,5.867551e-02,8.770832e-03,6.855946e-03,6.038912e-03,2.236623e-02
1.109378e-01,1.604137e-02,3.971358e-02,2.883564e-01,7.986052e-02,6.818715e-03,1.953382e-03,7.007512e-02,3.030389e-01,5.871626e-03,4.395628e-02,7.605926e-03,5.049471e-03,4.390576e-03,1.633026e-02
1.787405e-01,1.857318e-02,3.488131e-02,2.650964e-01,9.718058e-02,6.906167e-03,2.286210e-03,6.446432e-02,2.606726e-01,4.851343e-03,3.638873e-02,8.096247e-03,4.000864e-03,3.801379e-03,1.406016e-02
2.147421e-01,2.202697e-02,2.948340e-02,2.578657e-01,1.155415e-01,7.330628e-03,2.563718e-03,5.873842e-02,2.293445e-01,4.685099e-03,3.014735e-02,8.509609e-03,3.602185e-03,3.514030e-03,1.190483e-02
2.392155e-01,2.016331e-02,2.332020e-02,2.899114e-01,1.124803e-01,6.652575e-03,2.102147e-03,6.175810e-02,1.877795e-01,3.983601e-03,2.612867e-02,1.040035e-02,3.332172e-03,2.904650e-03,9.867539e-03
2.220909e-01,1.790060e-02,1.773619e-02,2.722795e-01,1.036398e-01,6.130467e-03,1.888679e-03,1.675497e-01,1.469357e-01,2.981447e-03,2.072280e-02,7.900457e-03,2.603012e-03,2.186855e-03,7.453864e-03
1.735711e-01,1.317966e-02,1.484419e-02,2.257772e-01,8.217870e-02,4.827031e-03,1.470946e-03,3.470101e-01,1.046145e-01,2.196398e-03,1.546885e-02,5.807631e-03,2.044067e-03,1.626657e-03,5.382929e-03
1.566452e-01,1.109461e-02,1.385652e-02,2.882355e-01,6.216627e-02,4.300808e-03,1.167350e-03,3.207552e-01,7.977284e-02,5.343659e-03,3.260255e-02,7.819408e-03,8.477544e-03,1.592265e-03,6.170191e-03
1.098469e-01,7.877635e-03,9.944485e-03,3.885988e-01,4.383787e-02,3.109804e-03,8.223240e-04,2.302720e-01,5.754458e-02,5.061215e-03,1.022291e-01,1.528172e-02,1.982441e-02,1.286323e-03,4.462805e-03
7.706811e-02,5.589790e-03,7.409359e-03,4.439420e-01,3.119761e-02,2.295968e-03,5.856453e-04,1.662530e-01,4.132502e-02,4.003260e-03,1.189720e-01,7.784463e-02,1.867080e-02,1.648672e-03,3.194107e-03
5.398450e-02,3.934059e-03,5.360109e-03,3.253987e-01,2.198416e-02,1.705224e-03,4.152343e-04,1.168929e-01,2.905740e-02,2.919315e-03,1.360884e-01,2.812732e-01,1.719233e-02,1.541623e-03,2.252861e-03
3.793526e-02,2.799919e-03,4.097875e-03,2.333394e-01,1.755478e-02,1.735259e-03,3.050326e-04,8.218639e-02,2.105295e-02,2.271626e-03,1.159446e-01,4.634679e-01,1.403480e-02,1.627767e-03,1.646474e-03
2.663235e-02,1.994067e-03,3.241507e-03,1.665040e-01,1.329590e-02,1.903242e-03,2.225395e-04,5.779306e-02,1.512160e-02,1.965839e-03,8.792636e-02,6.101918e-01,1.073563e-02,1.214920e-03,1.257124e-03
1.879507e-02,1.403930e-03,2.318129e-03,1.168064e-01,3.843329e-02,3.015088e-03,1.746123e-04,4.056182e-02,1.205588e-02,1.664080e-03,9.045212e-02,6.632903e-01,9.224121e-03,9.135176e-04,8.917627e-04
1.333556e-02,9.932881e-04,1.638083e-03,8.195846e-02,5.011939e-02,2.656842e-03,1.309110e-04,2.843365e-02,9.459545e-03,1.616857e-03,8.247954e-02,7.179948e-01,7.849922e-03,6.915290e-04,6.416811e-04
1.003420e-02,7.190802e-04,1.161271e-03,5.740323e-02,1.286336e-01,2.656097e-03,9.850140e-05,1.994142e-02,7.847651e-03,1.377257e-03,8.102840e-02,6.814042e-01,6.710149e-03,5.268450e-04,4.581571e-04
7.190326e-03,5.268774e-04,8.277054e-04,4.030874e-02,1.899493e-01,2.226436e-03,7.702268e-05,1.399673e-02,6.113193e-03,1.241690e-03,7.042016e-02,6.613355e-01,5.025844e-03,4.120969e-04,3.485125e-04
5.188712e-03,4.139634e-04,5.948266e-04,2.836579e-02,3.214152e-01,1.809620e-03,6.735345e-05,9.811833e-03,4.680904e-03,1.317418e-03,5.547135e-02,5.664288e-01,3.802096e-03,3.383283e-04,2.937879e-04
4.260639e-03,4.667998e-04,5.731735e-04,1.997510e-02,3.866940e-01,1.153745e-02,3.070390e-04,6.975459e-03,4.033847e-03,1.281431e-03,4.175015e-02,5.182495e-01,3.368165e-03,2.730280e-04,2.543255e-04
3.732852e-03,3.951591e-04,4.315380e-04,1.399923e-02,5.199182e-01,2.281960e-02,5.358116e-04,5.068654e-03,3.617585e-03,9.481066e-04,3.196230e-02,3.935837e-01,2.575806e-03,2.248348e-04,1.866760e-04
1.018418e-02,3.953358e-04,4.406699e-04,9.825153e-03,4.487972e-01,4.637051e-02,2.799019e-03,7.501933e-03,3.465891e-03,1.707774e-03,2.571896e-02,4.351860e-01,6.534980e-03,8.918152e-04,1.806348e-04
1.640162e-02,5.684017e-04,8.119651e-04,6.907382e-03,3.553276e-01,8.039054e-02,5.198985e-03,7.480330e-03,3.502985e-03,1.031112e-02,2.535311e-02,4.724143e-01,1.120760e-02,3.650429e-03,4.735942e-04
1.695905e-02,5.627393e-04,1.267264e-03,4.873951e-03,2.715958e-01,2.262136e-01,5.939975e-03,6.784122e-03,3.247975e-03,9.671609e-03,2.150387e-02,4.146993e-01,1.226186e-02,3.954655e-03,4.641700e-04
1.896215e-02,8.208513e-04,4.905805e-03,3.529763e-03,2.249073e-01,1.893387e-01,8.193221e-03,2.320852e-02,4.040328e-03,8.898675e-03,2.305894e-02,4.703226e-01,1.100545e-02,8.343504e-03,4.641881e-04
1.504055e-02,7.371809e-04,3.779388e-03,2.498167e-03,1.664123e-01,1.383650e-01,6.700544e-03,2.092284e-02,4.317018e-03,7.395394e-03,1.933532e-02,5.964649e-01,1.032443e-02,7.271282e-03,4.356526e-04
1.284300e-02,1.458291e-03,3.664165e-03,1.796175e-03,1.737595e-01,1.006911e-01,5.915946e-03,2.276018e-02,1.847538e-02,6.205041e-03,1.684402e-02,6.208840e-01,8.513222e-03,5.837308e-03,3.526212e-04
1.229893e-02,1.624121e-03,8.263529e-03,1.404372e-03,1.406154e-01,7.317427e-02,1.105931e-02,2.034042e-01,2.600529e-02,5.987596e-03,1.599320e-02,4.890539e-01,6.433202e-03,4.363700e-03,3.188581e-04
1.225489e-02,2.015262e-03,1.456808e-02,1.556683e-03,1.203129e-01,5.968190e-02,1.385106e-02,3.285433e-01,2.970309e-02,5.952319e-03,1.614335e-02,3.863674e-01,5.527415e-03,3.175811e-03,3.465391e-04
1.062986e-02,1.685502e-03,1.370517e-02,1.195569e-03,9.426668e-02,4.377790e-02,7.550272e-02,4.360209e-01,2.699216e-02,4.627137e-03,1.242251e-02,2.719437e-01,4.654362e-03,2.305274e-03,2.705688e-04
9.125225e-03,1.428753e-03,1.139235e-02,9.379805e-04,7.268233e-02,3.202982e-02,9.125341e-02,5.493258e-01,2.230066e-02,3.432395e-03,9.117030e-03,1.915857e-01,3.526438e-03,1.661288e-03,2.008685e-04
8.707963e-03,1.383187e-03,1.047957e-02,7.578651e-04,5.600799e-02,2.377396e-02,7.704202e-02,6.555698e-01,1.756721e-02,2.499608e-03,6.842262e-03,1.343330e-01,3.593581e-03,1.263780e-03,1.782701e-04
9.120399e-03,2.027063e-03,9.083380e-03,6.771543e-04,4.635026e-02,1.788056e-02,1.097166e-01,6.753960e-01,1.601071e-02,1.823050e-03,4.821053e-03,9.409300e-02,1.177566e-02,1.013157e-03,2.119386e-04
9.944224e-03,2.442752e-03,8.802973e-03,6.877204e-04,3.602081e-02,1.314505e-02,1.648380e-01,6.649638e-01,1.520572e-02,1.388284e-03,3.409166e-03,6.593052e-02,1.222262e-02,7.853296e-04,2.128915e-04
1.361983e-02,3.892154e-03,7.703027e-03,8.507214e-04,3.130505e-02,9.609643e-03,2.075363e-01,6.386756e-01,2.621292e-02,1.175059e-03,2.462295e-03,4.625882e-02,9.640503e-03,7.232785e-04,3.348396e-04
1.676384e-02,3.780358e-03,7.783487e-03,9.421563e-04,2.609316e-02,7.115694e-03,1.999595e-01,6.704801e-01,2.340217e-02,9.031096e-04,1.787196e-03,3.245896e-02,7.479789e-03,7.153783e-04,3.351213e-04
2.382248e-02,3.859830e-03,1.150025e-02,2.190634e-03,2.247218e-02,6.501728e-03,1.935749e-01,6.830298e-01,1.944571e-02,8.547759e-04,1.431627e-03,2.316812e-02,6.552836e-03,9.914950e-04,6.036283e-04
5.530660e-02,7.179123e-03,1.720565e-02,3.979346e-03,2.161897e-02,8.524168e-03,1.599370e-01,6.758797e-01,1.908024e-02,1.151234e-03,1.629602e-03,1.764293e-02,8.048531e-03,9.709958e-04,1.845866e-03
9.931230e-02,1.126435e-02,2.906488e-02,5.380757e-03,2.210292e-02,8.965937e-03,1.251953e-01,6.505985e-01,1.812418e-02,1.371605e-03,1.836706e-03,1.401938e-02,8.075024e-03,1.130379e-03,3.557748e-03
1.535310e-01,1.009584e-02,2.964323e-02,7.980878e-03,2.545895e-02,1.243670e-02,1.012812e-01,6.086253e-01,1.822252e-02,2.307010e-03,2.344654e-03,1.368267e-02,8.296710e-03,1.391571e-03,4.701669e-03
2.048572e-01,8.251011e-03,2.939719e-02,1.531360e-02,2.620521e-02,1.857065e-02,7.894792e-02,5.659086e-01,1.748103e-02,3.105338e-03,2.552517e-03,1.321324e-02,9.655371e-03,1.489224e-03,5.051902e-03
2.595443e-01,7.408949e-03,3.954705e-02,1.882751e-02,2.467678e-02,2.724035e-02,6.119798e-02,5.108840e-01,1.342181e-02,3.571090e-03,2.624774e-03,1.203203e-02,1.105648e-02,1.557198e-03,6.409708e-03
2.660502e-01,7.458908e-03,4.817588e-02,2.714227e-02,2.329121e-02,2.515156e-02,5.663861e-02,4.920743e-01,1.016438e-02,6.352001e-03,3.757594e-03,1.131849e-02,1.158516e-02,1.705176e-03,9.134300e-03
1.954131e-01,6.621084e-03,6.273191e-02,4.829187e-02,1.835423e-02,2.522044e-02,5.164694e-02,3.984939e-01,1.343542e-02,8.741131e-02,1.110963e-02,1.155314e-02,5.267809e-02,2.856193e-03,1.418275e-02
1.407254e-01,6.479496e-03,4.798809e-02,4.142137e-02,1.338456e-02,2.047221e-02,3.708636e-02,2.911161e-01,1.498485e-02,2.752943e-01,1.727039e-02,1.313374e-02,5.628262e-02,5.608228e-03,1.875229e-02
1.056276e-01,5.537737e-03,4.018249e-02,3.513154e-02,1.032724e-02,1.658295e-02,2.726479e-02,2.098523e-01,1.725381e-02,3.343001e-01,3.107913e-02,1.651238e-02,7.518261e-02,7.401254e-03,6.776411e-02
7.974904e-02,1.470789e-02,2.889408e-02,2.730053e-02,7.647880e-03,1.651859e-02,2.010180e-02,1.477884e-01,6.152519e-02,2.675873e-01,3.326813e-02,2.033735e-02,8.690767e-02,2.726243e-02,1.604038e-01
5.706498e-02,1.118131e-02,2.055747e-02,2.049128e-02,6.726955e-03,1.425864e-02,1.428649e-02,1.036202e-01,4.728964e-02,2.054564e-01,2.885546e-02,1.790010e-02,1.034759e-01,2.787208e-02,3.209631e-01
4.055785e-02,8.387545e-03,1.449290e-02,1.593248e-02,6.480371e-03,1.141915e-02,1.022328e-02,7.275064e-02,3.994736e-02,1.528052e-01,2.316937e-02,1.744286e-02,1.524057e-01,2.976930e-02,4.042160e-01
2.905820e-02,7.118703e-03,1.034394e-02,1.236667e-02,7.336630e-03,8.269215e-03,7.271076e-03,5.121504e-02,4.907922e-02,1.110949e-01,1.839796e-02,2.234231e-02,2.779196e-01,2.596506e-02,3.622216e-01
2.059441e-02,5.508494e-03,7.366882e-03,1.007178e-02,6.425179e-03,5.973572e-03,5.119230e-03,3.596867e-02,9.574717e-02,7.986854e-02,1.564005e-02,2.000123e-02,2.564363e-01,2.290981e-02,4.123687e-01
1.473320e-02,4.539621e-03,5.378079e-03,7.694247e-03,5.611974e-03,4.364020e-03,3.604602e-03,2.522817e-02,1.302451e-01,6.024649e-02,1.567983e-02,1.609864e-02,2.053108e-01,2.240087e-02,4.788644e-01
1.083877e-02,4.114215e-03,3.956632e-03,7.007118e-03,7.111374e-03,3.439458e-03,2.545513e-03,1.778475e-02,1.923866e-01,4.866295e-02,1.812519e-02,1.245559e-02,1.639264e-01,1.837104e-02,4.892744e-01
7.894487e-03,4.087163e-03,3.167131e-03,6.992661e-03,7.832114e-03,3.875109e-03,1.796826e-03,1.269548e-02,2.215954e-01,4.479088e-02,3.247523e-02,1.131173e-02,1.690396e-01,1.867612e-02,4.537701e-01
7.634462e-03,3.665133e-03,4.053045e-03,6.540686e-03,2.216918e-02,3.845689e-03,1.661251e-03,2.852376e-02,2.442210e-01,4.403638e-02,5.295432e-02,1.943649e-02,1.322954e-01,3.569727e-02,3.932660e-01
9.189977e-03,5.494593e-03,7.948793e-03,7.761291e-03,1.285256e-01,1.186890e-02,2.049666e-03,2.526826e-02,1.947773e-01,3.431258e-02,7.456195e-02,1.817631e-02,9.571873e-02,2.979791e-02,3.545481e-01
1.353097e-02,7.931696e-03,9.714284e-03,1.045174e-02,1.715441e-01,1.761160e-01,5.626521e-03,1.855171e-02,1.385979e-01,2.491725e-02,6.607687e-02,1.314178e-02,6.780503e-02,2.186401e-02,2.541301e-01
1.708089e-02,7.127042e-03,8.470185e-03,2.083945e-02,1.497940e-01,3.538685e-01,7.759407e-03,1.696835e-02,9.892458e-02,1.761582e-02,4.986918e-02,9.279959e-03,4.819231e-02,1.574482e-02,1.784655e-01
1.656584e-02,7.239205e-03,9.444224e-03,1.242435e-01,1.249500e-01,3.918804e-01,8.331373e-03,1.625086e-02,7.323248e-02,1.297387e-02,3.642113e-02,6.552515e-03,3.514665e-02,1.110234e-02,1.256656e-01
1.710619e-02,1.531586e-02,1.054798e-02,1.000717e-01,1.037493e-01,3.735886e-01,7.976521e-03,1.278192e-02,1.414527e-01,1.505033e-02,3.370671e-02,4.932253e-03,3.041710e-02,7.876532e-03,1.254264e-01
4.285614e-02,1.375436e-02,1.011128e-02,7.766657e-02,1.221591e-01,4.003567e-01,1.130292e-02,1.237128e-02,1.464690e-01,1.114769e-02,2.873972e-02,3.849653e-03,2.290770e-02,5.869133e-03,9.043872e-02
3.835991e-02,3.121021e-02,1.277206e-02,1.269988e-01,1.504547e-01,3.722826e-01,9.397306e-03,1.124942e-02,1.223156e-01,8.078663e-03,2.245390e-02,3.682883e-03,1.761036e-02,4.255654e-03,6.887800e-02
4.997411e-02,3.253371e-02,5.073028e-02,1.575097e-01,1.781904e-01,3.237176e-01,8.796759e-03,1.310662e-02,9.151533e-02,5.927072e-03,1.750533e-02,3.570019e-03,1.343408e-02,3.226417e-03,5.026253e-02
7.063475e-02,3.302266e-02,1.027040e-01,1.734175e-01,1.645481e-01,2.796943e-01,7.336570e-03,1.422258e-02,7.531494e-02,6.175904e-03,1.540690e-02,3.664800e-03,1.061923e-02,2.712125e-03,4.052562e-02
1.199412e-01,3.426158e-02,1.149050e-01,1.644769e-01,1.526633e-01,2.235912e-01,7.382729e-03,1.950223e-02,8.816182e-02,6.363489e-03,1.374793e-02,5.406086e-03,1.258345e-02,2.625772e-03,3.438735e-02
1.683535e-01,3.799433e-02,1.026705e-01,1.538297e-01,1.488641e-01,1.856790e-01,7.460205e-03,2.150683e-02,9.074330e-02,6.491199e-03,1.160543e-02,6.548555e-03,2.530114e-02,2.316024e-03,3.063625e-02
2.143043e-01,4.005742e-02,1.009178e-01,1.498138e-01,1.456776e-01,1.483156e-01,7.116438e-03,2.270731e-02,8.814899e-02,6.741928e-03,1.039652e-02,1.023131e-02,2.279029e-02,2.220224e-03,3.056059e-02
2.151911e-01,3.766816e-02,1.435487e-01,1.656616e-01,1.339864e-01,1.240492e-01,5.741833e-03,2.057747e-02,7.280374e-02,8.482766e-03,1.083870e-02,9.555927e-03,2.008751e-02,2.151733e-03,2.965519e-02
1.745196e-01,4.269162e-02,1.204898e-01,1.675433e-01,9.638344e-02,9.953436e-02,4.221729e-03,1.562929e-02,7.846798e-02,4.848649e-02,2.264488e-02,1.146005e-02,2.786129e-02,2.802073e-03,8.726407e-02
1.658276e-01,4.015325e-02,1.039791e-01,2.257901e-01,7.054162e-02,7.208755e-02,3.243686e-03,1.431210e-02,9.280160e-02,5.456859e-02,2.424019e-02,1.556696e-02,3.024331e-02,2.862995e-03,8.378132e-02
2.472091e-01,3.681176e-02,8.413681e-02,1.829014e-01,5.106902e-02,5.575237e-02,2.472074e-03,1.126859e-02,8.323023e-02,5.990715e-02,2.436929e-02,1.623288e-02,2.607989e-02,6.711551e-03,1.118479e-01
