1.000000e+00,0.000000e+00,0.000000e+00,0.000000e+00,0.000000e+00,0.000000e+00,0.000000e+00,0.000000e+00,0.000000e+00,0.000000e+00,0.000000e+00,0.000000e+00,0.000000e+00,0.000000e+00,0.000000e+00
1.000000e+00,0.000000e+00,0.000000e+00,0.000000e+00,0.000000e+00,0.000000e+00,0.000000e+00,0.000000e+00,0.000000e+00,0.000000e+00,0.000000e+00,0.000000e+00,0.000000e+00,0.000000e+00,0.000000e+00
1.000000e+00,0.000000e+00,0.000000e+00,0.000000e+00,0.000000e+00,0.000000e+00,0.000000e+00,0.000000e+00,0.000000e+00,0.000000e+00,0.000000e+00,0.000000e+00,0.000000e+00,0.000000e+00,0.000000e+00
1.000000e+00,0.000000e+00,0.000000e+00,0.000000e+00,0.000000e+00,0.000000e+00,0.000000e+00,0.000000e+00,0.000000e+00,0.000000e+00,0.000000e+00,0.000000e+00,0.000000e+00,0.000000e+00,0.000000e+00
1.000000e+00,0.000000e+00,0.000000e+00,0.000000e+00,0.000000e+00,0.000000e+00,0.000000e+00,0.000000e+00,0.000000e+00,0.000000e+00,0.000000e+00,0.000000e+00,0.000000e+00,0.000000e+00,0.000000e+00
1.000000e+00,0.000000e+00,0.000000e+00,0.000000e+00,0.000000e+00,0.000000e+00,0.000000e+00,0.000000e+00,0.000000e+00,0.000000e+00,0.000000e+00,0.000000e+00,0.000000e+00,0.000000e+00,0.000000e+00
1.000000e+00,0.000000e+00,0.000000e+00,0.000000e+00,0.000000e+00,0.000000e+00,0.000000e+00,0.000000e+00,0.000000e+00,0.000000e+00,0.000000e+00,0.000000e+00,0.000000e+00,0.000000e+00,0.000000e+00
1.000000e+00,0.000000e+00,0.000000e+00,0.000000e+00,0.000000e+00,0.000000e+00,0.000000e+00,0.000000e+00,0.000000e+00,0.000000e+00,0.000000e+00,0.000000e+00,0.000000e+00,0.000000e+00,0.000000e+00
1.000000e+00,0.000000e+00,0.000000e+00,0.000000e+00,0.000000e+00,0.000000e+00,0.000000e+00,0.000000e+00,0.000000e+00,0.000000e+00,0.000000e+00,0.000000e+00,0.000000e+00,0.000000e+00,0.000000e+00
1.000000e+00,0.000000e+00,0.000000e+00,0.000000e+00,0.000000e+00,0.000000e+00,0.000000e+00,0.000000e+00,0.000000e+00,0.000000e+00,0.000000e+00,0.000000e+00,0.000000e+00,0.000000e+00,0.000000e+00
1.000000e+00,0.000000e+00,0.000000e+00,0.000000e+00,0.000000e+00,0.000000e+00,0.000000e+00,0.000000e+00,0.000000e+00,0.000000e+00,0.000000e+00,0.000000e+00,0.000000e+00,0.000000e+00,0.000000e+00
1.000000e+00,0.000000e+00,0.000000e+00,0.000000e+00,0.000000e+00,0.000000e+00,0.000000e+00,0.000000e+00,0.000000e+00,0.000000e+00,0.000000e+00,0.000000e+00,0.000000e+00,0.000000e+00,0.000000e+00
1.000000e+00,0.000000e+00,0.000000e+00,0.000000e+00,0.000000e+00,0.000000e+00,0.000000e+00,0.000000e+00,0.000000e+00,0.000000e+00,0.000000e+00,0.000000e+00,0.000000e+00,0.000000e+00,0.000000e+00
1.000000e+00,0.000000e+00,0.000000e+00,0.000000e+00,0.000000e+00,0.000000e+00,0.000000e+00,0.000000e+00,0.000000e+00,0.000000e+00,0.000000e+00,0.000000e+00,0.000000e+00,0.000000e+00,0.000000e+00
1.000000e+00,0.000000e+00,0.000000e+00,0.000000e+00,0.000000e+00,0.000000e+00,0.000000e+00,0.000000e+00,0.000000e+00,0.000000e+00,0.000000e+00,0.000000e+00,0.000000e+00,0.000000e+00,0.000000e+00
1.000000e+00,0.000000e+00,0.000000e+00,0.000000e+00,0.000000e+00,0.000000e+00,0.000000e+00,0.000000e+00,0.000000e+00,0.000000e+00,0.000000e+00,0.000000e+00,0.000000e+00,0.000000e+00,0.000000e+00
1.000000e+00,0.000000e+00,0.000000e+00,0.000000e+00,0.000000e+00,0.000000e+00,0.000000e+00,0.000000e+00,0.000000e+00,0.000000e+00,0.000000e+00,0.000000e+00,0.000000e+00,0.000000e+00,0.000000e+00
1.000000e+00,0.000000e+00,0.000000e+00,0.000000e+00,0.000000e+00,0.000000e+00,0.000000e+00,0.000000e+00,0.000000e+00,0.000000e+00,0.000000e+00,0.000000e+00,0.000000e+00,0.000000e+00,0.000000e+00
1.000000e+00,0.000000e+00,0.000000e+00,0.000000e+00,0.000000e+00,0.000000e+00,0.000000e+00,0.000000e+00,0.000000e+00,0.000000e+00,0.000000e+00,0.000000e+00,0.000000e+00,0.000000e+00,0.000000e+00
1.000000e+00,0.000000e+00,0.000000e+00,0.000000e+00,0.000000e+00,0.000000e+00,0.000000e+00,0.000000e+00,0.000000e+00,0.000000e+00,0.000000e+00,0.000000e+00,0.000000e+00,0.000000e+00,0.000000e+00
1.000000e+00,0.000000e+00,0.000000e+00,0.000000e+00,0.000000e+00,0.000000e+00,0.000000e+00,0.000000e+00,0.000000e+00,0.000000e+00,0.000000e+00,0.000000e+00,0.000000e+00,0.000000e+00,0.000000e+00
1.000000e+00,0.000000e+00,0.000000e+00,0.000000e+00,0.000000e+00,0.000000e+00,0.000000e+00,0.000000e+00,0.000000e+00,0.000000e+00,0.000000e+00,0.000000e+00,0.000000e+00,0.000000e+00,0.000000e+00
1.000000e+00,0.000000e+00,0.000000e+00,0.000000e+00,0.000000e+00,0.000000e+00,0.000000e+00,0.000000e+00,0.000000e+00,0.000000e+00,0.000000e+00,0.000000e+00,0.000000e+00,0.000000e+00,0.000000e+00
1.000000e+00,0.000000e+00,0.000000e+00,0.000000e+00,0.000000e+00,0.000000e+00,0.000000e+00,0.000000e+00,0.000000e+00,0.000000e+00,0.000000e+00,0.000000e+00,0.000000e+00,0.000000e+00,0.000000e+00
1.000000e+00,0.000000e+00,0.000000e+00,0.000000e+00,0.000000e+00,0.000000e+00,0.000000e+00,0.000000e+00,0.000000e+00,0.000000e+00,0.000000e+00,0.000000e+00,0.000000e+00,0.000000e+00,0.000000e+00
1.000000e+00,0.000000e+00,0.000000e+00,0.000000e+00,0.000000e+00,0.000000e+00,0.000000e+00,0.000000e+00,0.000000e+00,0.000000e+00,0.000000e+00,0.000000e+00,0.000000e+00,0.000000e+00,0.000000e+00
1.000000e+00,0.000000e+00,0.000000e+00,0.000000e+00,0.000000e+00,0.000000e+00,0.000000e+00,0.000000e+00,0.000000e+00,0.000000e+00,0.000000e+00,0.000000e+00,0.000000e+00,0.000000e+00,0.000000e+00
1.000000e+00,0.000000e+00,0.000000e+00,0.000000e+00,0.000000e+00,0.000000e+00,0.000000e+00,0.000000e+00,0.000000e+00,0.000000e+00,0.000000e+00,0.000000e+00,0.000000e+00,0.000000e+00,0.000000e+00
1.000000e+00,0.000000e+00,0.000000e+00,0.000000e+00,0.000000e+00,0.000000e+00,0.000000e+00,0.000000e+00,0.000000e+00,0.000000e+00,0.000000e+00,0.000000e+00,0.000000e+00,0.000000e+00,0.000000e+00
1.000000e+00,0.000000e+00,0.000000e+00,0.000000e+00,0.000000e+00,0.000000e+00,0.000000e+00,0.000000e+00,0.000000e+00,0.000000e+00,0.000000e+00,0.000000e+00,0.000000e+00,0.000000e+00,0.000000e+00
1.000000e+00,0.000000e+00,0.000000e+00,0.000000e+00,0.000000e+00,0.000000e+00,0.000000e+00,0.000000e+00,0.000000e+00,0.000000e+00,0.000000e+00,0.000000e+00,0.000000e+00,0.000000e+00,0.000000e+00
1.000000e+00,0.000000e+00,0.000000e+00,0.000000e+00,0.000000e+00,0.000000e+00,0.000000e+00,0.000000e+00,0.000000e+00,0.000000e+00,0.000000e+00,0.000000e+00,0.000000e+00,0.000000e+00,0.000000e+00
1.000000e+00,0.000000e+00,0.000000e+00,0.000000e+00,0.000000e+00,0.000000e+00,0.000000e+00,0.000000e+00,0.000000e+00,0.000000e+00,0.000000e+00,0.000000e+00,0.000000e+00,0.000000e+00,0.000000e+00
1.000000e+00,0.000000e+00,0.000000e+00,0.000000e+00,0.000000e+00,0.000000e+00,0.000000e+00,0.000000e+00,0.000000e+00,0.000000e+00,0.000000e+00,0.000000e+00,0.000000e+00,0.000000e+00,0.000000e+00
1.000000e+00,0.000000e+00,0.000000e+00,0.000000e+00,0.000000e+00,0.000000e+00,0.000000e+00,0.000000e+00,0.000000e+00,0.000000e+00,0.000000e+00,0.000000e+00,0.000000e+00,0.000000e+00,0.000000e+00
1.000000e+00,0.000000e+00,0.000000e+00,0.000000e+00,0.000000e+00,0.000000e+00,0.000000e+00,0.000000e+00,0.000000e+00,0.000000e+00,0.000000e+00,0.000000e+00,0.000000e+00,0.000000e+00,0.000000e+00
1.000000e+00,0.000000e+00,0.000000e+00,0.000000e+00,0.000000e+00,0.000000e+00,0.000000e+00,0.000000e+00,0.000000e+00,0.000000e+00,0.000000e+00,0.000000e+00,0.000000e+00,0.000000e+00,0.000000e+00
1.000000e+00,0.000000e+00,0.000000e+00,0.000000e+00,0.000000e+00,0.000000e+00,0.000000e+00,0.000000e+00,0.000000e+00,0.000000e+00,0.000000e+00,0.000000e+00,0.000000e+00,0.000000e+00,0.000000e+00
1.000000e+00,0.000000e+00,0.000000e+00,0.000000e+00,0.000000e+00,0.000000e+00,0.000000e+00,0.000000e+00,0.000000e+00,0.000000e+00,0.000000e+00,0.000000e+00,0.000000e+00,0.000000e+00,0.000000e+00
1.000000e+00,0.000000e+00,0.000000e+00,0.000000e+00,0.000000e+00,0.000000e+00,0.000000e+00,0.000000e+00,0.000000e+00,0.000000e+00,0.000000e+00,0.000000e+00,0.000000e+00,0.000000e+00,0.000000e+00
1.000000e+00,0.000000e+00,0.000000e+00,0.000000e+00,0.000000e+00,0.000000e+00,0.000000e+00,0.000000e+00,0.000000e+00,0.000000e+00,0.000000e+00,0.000000e+00,0.000000e+00,0.000000e+00,0.000000e+00
1.000000e+00,0.000000e+00,0.000000e+00,0.000000e+00,0.000000e+00,0.000000e+00,0.000000e+00,0.000000e+00,0.000000e+00,0.000000e+00,0.000000e+00,0.000000e+00,0.000000e+00,0.000000e+00,0.000000e+00
1.000000e+00,0.000000e+00,0.000000e+00,0.000000e+00,0.000000e+00,0.000000e+00,0.000000e+00,0.000000e+00,0.000000e+00,0.000000e+00,0.000000e+00,0.000000e+00,0.000000e+00,0.000000e+00,0.000000e+00
1.000000e+00,0.000000e+00,0.000000e+00,0.000000e+00,0.000000e+00,0.000000e+00,0.000000e+00,0.000000e+00,0.000000e+00,0.000000e+00,0.000000e+00,0.000000e+00,0.000000e+00,0.000000e+00,0.000000e+00
1.000000e+00,0.000000e+00,0.000000e+00,0.000000e+00,0.000000e+00,0.000000e+00,0.000000e+00,0.000000e+00,0.000000e+00,0.000000e+00,0.000000e+00,0.000000e+00,0.000000e+00,0.000000e+00,0.000000e+00
1.000000e+00,0.000000e+00,0.000000e+00,0.000000e+00,0.000000e+00,0.000000e+00,0.000000e+00,0.000000e+00,0.000000e+00,0.000000e+00,0.000000e+00,0.000000e+00,0.000000e+00,0.000000e+00,0.000000e+00
1.000000e+00,0.000000e+00,0.000000e+00,0.000000e+00,0.000000e+00,0.000000e+00,0.000000e+00,0.000000e+00,0.000000e+00,0.000000e+00,0.000000e+00,0.000000e+00,0.000000e+00,0.000000e+00,0.000000e+00
1.000000e+00,0.000000e+00,0.000000e+00,0.000000e+00,0.000000e+00,0.000000e+00,0.000000e+00,0.000000e+00,0.000000e+00,0.000000e+00,0.000000e+00,0.000000e+00,0.000000e+00,0.000000e+00,0.000000e+00
1.000000e+00,0.000000e+00,0.000000e+00,0.000000e+00,0.000000e+00,0.000000e+00,0.000000e+00,0.000000e+00,0.000000e+00,0.000000e+00,0.000000e+00,0.000000e+00,0.000000e+00,0.000000e+00,0.000000e+00
1.000000e+00,0.000000e+00,0.000000e+00,0.000000e+00,0.000000e+00,0.000000e+00,0.000000e+00,0.000000e+00,0.000000e+00,0.000000e+00,0.000000e+00,0.000000e+00,0.000000e+00,0.000000e+00,0.000000e+00
1.000000e+00,0.000000e+00,0.000000e+00,0.000000e+00,0.000000e+00,0.000000e+00,0.000000e+00,0.000000e+00,0.000000e+00,0.000000e+00,0.000000e+00,0.000000e+00,0.000000e+00,0.000000e+00,0.000000e+00
1.000000e+00,0.000000e+00,0.000000e+00,0.000000e+00,0.000000e+00,0.000000e+00,0.000000e+00,0.000000e+00,0.000000e+00,0.000000e+00,0.000000e+00,0.000000e+00,0.000000e+00,0.000000e+00,0.000000e+00
1.000000e+00,0.000000e+00,0.000000e+00,0.000000e+00,0.000000e+00,0.000000e+00,0.000000e+00,0.000000e+00,0.000000e+00,0.000000e+00,0.000000e+00,0.000000e+00,0.000000e+00,0.000000e+00,0.000000e+00
1.000000e+00,0.000000e+00,0.000000e+00,0.000000e+00,0.000000e+00,0.000000e+00,0.000000e+00,0.000000e+00,0.000000e+00,0.000000e+00,0.000000e+00,0.000000e+00,0.000000e+00,0.000000e+00,0.000000e+00
1.000000e+00,0.000000e+00,0.000000e+00,0.000000e+00,0.000000e+00,0.000000e+00,0.000000e+00,0.000000e+00,0.000000e+00,0.000000e+00,0.000000e+00,0.000000e+00,0.000000e+00,0.000000e+00,0.000000e+00
1.000000e+00,0.000000e+00,0.000000e+00,0.000000e+00,0.000000e+00,0.000000e+00,0.000000e+00,0.000000e+00,0.000000e+00,0.000000e+00,0.000000e+00,0.000000e+00,0.000000e+00,0.000000e+00,0.000000e+00
1.000000e+00,0.000000e+00,0.000000e+00,0.000000e+00,0.000000e+00,0.000000e+00,0.000000e+00,0.000000e+00,0.000000e+00,0.000000e+00,0.000000e+00,0.000000e+00,0.000000e+00,0.000000e+00,0.000000e+00
1.000000e+00,0.000000e+00,0.000000e+00,0.000000e+00,0.000000e+00,0.000000e+00,0.000000e+00,0.000000e+00,0.000000e+00,0.000000e+00,0.000000e+00,0.000000e+00,0.000000e+00,0.000000e+00,0.000000e+00
1.000000e+00,0.000000e+00,0.000000e+00,0.000000e+00,0.000000e+00,0.000000e+00,0.000000e+00,0.000000e+00,0.000000e+00,0.000000e+00,0.000000e+00,0.000000e+00,0.000000e+00,0.000000e+00,0.000000e+00
1.000000e+00,0.000000e+00,0.000000e+00,0.000000e+00,0.000000e+00,0.000000e+00,0.000000e+00,0.000000e+00,0.000000e+00,0.000000e+00,0.000000e+00,0.000000e+00,0.000000e+00,0.000000e+00,0.000000e+00
1.000000e+00,0.000000e+00,0.000000e+00,0.000000e+00,0.000000e+00,0.000000e+00,0.000000e+00,0.000000e+00,0.000000e+00,0.000000e+00,0.000000e+00,0.000000e+00,0.000000e+00,0.000000e+00,0.000000e+00
4.584899e-01,2.008642e-02,8.921271e-03,3.745199e-01,7.656697e-03,2.315183e-02,2.459734e-03,4.946282e-03,3.830630e-03,2.295395e-03,4.840551e-02,2.639781e-02,9.950614e-03,1.649144e-03,7.238768e-03
3.212773e-01,1.589179e-02,6.585044e-03,4.261921e-01,5.714001e-03,1.633471e-02,1.731026e-03,3.609817e-03,3.055767e-03,2.099901e-03,9.345254e-02,8.947538e-02,7.519314e-03,1.796748e-03,5.264551e-03
2.251242e-01,1.149602e-02,4.721794e-03,3.595645e-01,4.614756e-03,1.160698e-02,1.220073e-03,2.651296e-03,2.396625e-03,1.779986e-03,1.988979e-01,1.637742e-01,5.749370e-03,2.591815e-03,3.810532e-03
1.576210e-01,8.110209e-03,3.364471e-03,2.588947e-01,1.481796e-02,8.460362e-03,8.597884e-04,1.869742e-03,2.075075e-03,1.344610e-03,1.786574e-01,3.543106e-01,4.413892e-03,2.476502e-03,2.723668e-03
1.103728e-01,5.682271e-03,2.361953e-03,1.819811e-01,1.923966e-02,6.129648e-03,6.037539e-04,1.313998e-03,1.778127e-03,9.736262e-04,1.358244e-01,5.267458e-01,3.244772e-03,1.831652e-03,1.916506e-03
7.741596e-02,3.989753e-03,1.662640e-03,1.278967e-01,3.115607e-02,4.614237e-03,4.250846e-04,9.377193e-04,1.508340e-03,7.827673e-04,1.167812e-01,6.272895e-01,2.439351e-03,1.737268e-03,1.363492e-03
5.429357e-02,2.828353e-03,1.177048e-03,9.005412e-02,7.813162e-02,3.722156e-03,3.057017e-04,6.785081e-04,1.516484e-03,6.242244e-04,1.050479e-01,6.568285e-01,1.958145e-03,1.841766e-03,9.919674e-04
3.808603e-02,2.076449e-03,8.520561e-04,6.373376e-02,1.266898e-01,3.121973e-03,2.274695e-04,4.984236e-04,1.870988e-03,5.141278e-04,8.696911e-02,6.707940e-01,1.649731e-03,2.114571e-03,8.015591e-04
2.675547e-02,1.836769e-03,7.846233e-04,4.507182e-02,1.815002e-01,2.584706e-03,2.087112e-04,9.008957e-04,3.924035e-03,5.618502e-04,6.524347e-02,6.671293e-01,1.254594e-03,1.616613e-03,6.269786e-04
1.895692e-02,3.107278e-03,1.334131e-03,3.175621e-02,1.613130e-01,2.359336e-03,2.497627e-04,3.130239e-03,4.643529e-03,8.206647e-04,4.955596e-02,7.196039e-01,9.520433e-04,1.515835e-03,7.012718e-04
1.342997e-02,2.849430e-03,2.262789e-03,2.248738e-02,1.476032e-01,2.430304e-03,4.500686e-04,7.813986e-03,7.057466e-03,7.857636e-04,3.679916e-02,7.535188e-01,7.429082e-04,1.184997e-03,5.838913e-04
9.509325e-03,3.067140e-03,3.671481e-03,1.594128e-02,1.372664e-01,5.882515e-03,2.592961e-03,9.850619e-03,2.293671e-02,1.630808e-03,3.336393e-02,7.512617e-01,6.849651e-04,1.571067e-03,7.692074e-04
6.900658e-03,2.643016e-03,3.310290e-03,1.137636e-02,1.278092e-01,1.951039e-02,7.188413e-03,3.017250e-02,7.092077e-02,2.584941e-03,3.070913e-02,6.831836e-01,1.247299e-03,1.746204e-03,6.973092e-04
7.142406e-03,2.533219e-03,3.024424e-03,8.566803e-03,9.939013e-02,3.553180e-02,4.011263e-02,9.028311e-02,1.057834e-01,2.289940e-03,4.908592e-02,5.455953e-01,7.465555e-03,1.860389e-03,1.334931e-03
7.943867e-03,2.192538e-03,4.290240e-03,6.769110e-03,8.113224e-02,8.278811e-02,5.133037e-02,1.512999e-01,9.587570e-02,2.309120e-03,5.071124e-02,4.509185e-01,9.376321e-03,1.533907e-03,1.528808e-03
8.479558e-03,1.967054e-03,4.613210e-03,5.338545e-03,6.598253e-02,9.969107e-02,5.595451e-02,2.278802e-01,7.961589e-02,2.304432e-03,6.233627e-02,3.653720e-01,1.739551e-02,1.215972e-03,1.853259e-03
7.245914e-03,1.450428e-03,4.003102e-03,3.903322e-03,6.216864e-02,7.205005e-02,1.557372e-01,3.087615e-01,5.765874e-02,1.972727e-03,4.710362e-02,2.596021e-01,1.609245e-02,8.739568e-04,1.376187e-03
6.182039e-03,1.043159e-03,4.032969e-03,2.843442e-03,5.202673e-02,5.145872e-02,1.838689e-01,4.243634e-01,4.080914e-02,1.568137e-03,3.437074e-02,1.827766e-01,1.303367e-02,6.276917e-04,9.947071e-04
4.862785e-03,7.714393e-04,3.527761e-03,2.177037e-03,4.664509e-02,4.006730e-02,3.240745e-01,3.700771e-01,2.884106e-02,1.243285e-03,2.423349e-02,1.281326e-01,2.411619e-02,4.892267e-04,7.412460e-04
3.903022e-03,6.024638e-04,2.796805e-03,1.585315e-03,3.743828e-02,2.883427e-02,4.780772e-01,2.926372e-01,2.101859e-02,1.041772e-03,1.732439e-02,8.973771e-02,2.404366e-02,3.831187e-04,5.763555e-04
3.236865e-03,5.154705e-04,2.221785e-03,1.253968e-03,3.167538e-02,2.130604e-02,5.866672e-01,2.294829e-01,1.652953e-02,9.923907e-04,1.303891e-02,6.285886e-02,2.944566e-02,2.824687e-04,4.926586e-04
3.511663e-03,6.252265e-04,2.467950e-03,1.264284e-03,4.038053e-02,1.640400e-02,6.360396e-01,1.853716e-01,1.521909e-02,2.658695e-03,1.792989e-02,4.422202e-02,3.154386e-02,2.445855e-04,2.117010e-03
4.177009e-03,6.931130e-04,2.404694e-03,1.362863e-03,4.608312e-02,1.262056e-02,6.604197e-01,1.710469e-01,1.355383e-02,2.878242e-03,1.991297e-02,3.115322e-02,3.039555e-02,2.697371e-04,3.028537e-03
3.853941e-03,5.752604e-04,1.997493e-03,1.078370e-03,3.275475e-02,9.192947e-03,7.424280e-01,1.334509e-01,9.997194e-03,2.057365e-03,1.426086e-02,2.185374e-02,2.402669e-02,2.043409e-04,2.268163e-03
7.714119e-03,5.985351e-04,2.975330e-03,1.033436e-03,2.408381e-02,7.154106e-03,7.952809e-01,1.046328e-01,7.859620e-03,1.603896e-03,1.044799e-02,1.558904e-02,1.896752e-02,1.936740e-04,1.865222e-03
1.135452e-02,7.521556e-04,3.125687e-03,1.253840e-03,1.853236e-02,6.246823e-03,8.206990e-01,9.178500e-02,6.473660e-03,1.416655e-03,8.657116e-03,1.134644e-02,1.558171e-02,2.104137e-04,2.564670e-03
1.778368e-02,2.313873e-03,5.413741e-03,5.942004e-03,1.705783e-02,7.891549e-03,7.466028e-01,1.119265e-01,8.894538e-03,5.817628e-03,1.897876e-02,1.219183e-02,1.938972e-02,1.139839e-03,1.865578e-02
2.054504e-02,2.981128e-03,6.380515e-03,6.977963e-03,1.671139e-02,1.059307e-02,6.608958e-01,1.207189e-01,9.429343e-03,1.580648e-02,2.602275e-02,1.269568e-02,5.256467e-02,2.123769e-03,3.555351e-02
1.647018e-02,2.658478e-03,5.748695e-03,8.499854e-03,1.382601e-02,1.034981e-02,5.033104e-01,1.106319e-01,9.705924e-03,6.769880e-02,3.747783e-02,1.793530e-02,1.083093e-01,3.915815e-03,8.346161e-02
1.240552e-02,2.013199e-03,4.480388e-03,9.684347e-03,1.119425e-02,8.063256e-03,3.608068e-01,8.200902e-02,1.406951e-02,6.094990e-02,3.899061e-02,1.671671e-02,2.890735e-01,3.675528e-03,8.586743e-02
1.000675e-02,1.553790e-03,3.595256e-03,1.033377e-02,9.428498e-03,6.192290e-03,2.560017e-01,6.127621e-02,1.629062e-02,4.690035e-02,3.992954e-02,1.499460e-02,4.449850e-01,3.242652e-03,7.526903e-02
7.463410e-03,1.114999e-03,2.638759e-03,7.359094e-03,8.121581e-03,4.715472e-03,1.794001e-01,4.406380e-02,1.319617e-02,3.302478e-02,4.460995e-02,1.253607e-02,5.703325e-01,2.424258e-03,6.899913e-02
5.949744e-03,7.902023e-04,1.954311e-03,5.323866e-03,6.358877e-03,3.578934e-03,1.256976e-01,3.607005e-02,1.200413e-02,2.341663e-02,5.368231e-02,1.271219e-02,6.493389e-01,1.834007e-03,6.128834e-02
4.676179e-03,5.926319e-04,1.783132e-03,5.099771e-03,5.018992e-03,2.704432e-03,8.801164e-02,9.827752e-02,1.214971e-02,1.679067e-02,6.045650e-02,1.380710e-02,6.408639e-01,1.399500e-03,4.836838e-02
3.788444e-03,5.101440e-04,6.666242e-03,5.088027e-03,3.985535e-03,2.017392e-03,6.166760e-02,3.049389e-01,1.164316e-02,1.185631e-02,5.844926e-02,1.269037e-02,4.803850e-01,9.969359e-04,3.531683e-02
5.058757e-03,5.235560e-04,2.047063e-02,9.501779e-03,5.522247e-03,2.158919e-03,4.343744e-02,4.704048e-01,1.228993e-02,8.389626e-03,4.604509e-02,1.010111e-02,3.400195e-01,7.303629e-04,2.534633e-02
1.515973e-02,1.649026e-03,3.075469e-02,3.146231e-02,1.381227e-02,4.751444e-03,3.080865e-02,5.489616e-01,1.608937e-02,6.140799e-03,3.455696e-02,8.014511e-03,2.387599e-01,5.999220e-04,1.847883e-02
4.344577e-02,4.184598e-03,2.746101e-02,4.458553e-02,2.011130e-02,6.555951e-03,2.253527e-02,5.811421e-01,2.844983e-02,4.514684e-03,2.714994e-02,7.104319e-03,1.681002e-01,5.710314e-04,1.408845e-02
5.454443e-02,1.103924e-02,2.199195e-02,8.391172e-02,5.670438e-02,1.026857e-02,1.795118e-02,5.277402e-01,4.911654e-02,5.538699e-03,2.145949e-02,5.962592e-03,1.198896e-01,5.142772e-04,1.336712e-02
9.010331e-02,1.674033e-02,2.160577e-02,1.577281e-01,5.947851e-02,1.137425e-02,1.598887e-02,4.160032e-01,5.390229e-02,1.300814e-02,1.946859e-02,1.433806e-02,9.030335e-02,5.687434e-04,1.938847e-02
1.243709e-01,2.243447e-02,2.652728e-02,2.284323e-01,5.401990e-02,1.134814e-02,1.431907e-02,3.064546e-01,4.751088e-02,2.404339e-02,1.803644e-02,2.436182e-02,6.932574e-02,6.390826e-04,2.817599e-02
1.516085e-01,2.058169e-02,2.407315e-02,2.098628e-01,5.956787e-02,1.002877e-02,1.451357e-02,3.046200e-01,4.976778e-02,3.070889e-02,1.988927e-02,2.417980e-02,5.728550e-02,8.269071e-04,2.248553e-02
2.026413e-01,2.110720e-02,2.224198e-02,1.817173e-01,7.684600e-02,9.827537e-03,1.323277e-02,2.562112e-01,6.129373e-02,3.995109e-02,2.415327e-02,2.311733e-02,4.945206e-02,9.391666e-04,1.726808e-02
1.612829e-01,2.751227e-02,1.605949e-02,1.461651e-01,5.714015e-02,7.816585e-03,9.486691e-03,1.807661e-01,4.635705e-02,3.041626e-02,1.517423e-01,1.107023e-01,3.989548e-02,2.458749e-03,1.219853e-02
1.139028e-01,2.035162e-02,1.141822e-02,1.044710e-01,4.032701e-02,5.734317e-03,6.666388e-03,1.266330e-01,3.337641e-02,2.163818e-02,3.414654e-01,1.333471e-01,2.855288e-02,3.507744e-03,8.607885e-03
8.085775e-02,1.462014e-02,8.113928e-03,7.709592e-02,2.881438e-02,5.549017e-03,4.682930e-03,8.881383e-02,2.397208e-02,1.524273e-02,3.418217e-01,2.804729e-01,2.038312e-02,3.299948e-03,6.259635e-03
5.705099e-02,1.038523e-02,5.770682e-03,5.479541e-02,2.049012e-02,7.885665e-03,3.293277e-03,6.227111e-02,1.702729e-02,1.072879e-02,3.122814e-01,4.151924e-01,1.452552e-02,3.781039e-03,4.521070e-03
4.070062e-02,7.609334e-03,4.164778e-03,3.884359e-02,1.488402e-02,1.030077e-02,2.316478e-03,4.361380e-02,1.209685e-02,7.587002e-03,2.991338e-01,5.008440e-01,1.043012e-02,3.999969e-03,3.474886e-03
2.901564e-02,7.342535e-03,4.707319e-03,2.734558e-02,1.481694e-02,9.353629e-03,1.661084e-03,3.060097e-02,8.641759e-03,5.419022e-03,2.567071e-01,5.902936e-01,7.539603e-03,3.885713e-03,2.669493e-03
2.747311e-02,6.077860e-03,5.621027e-03,2.129842e-02,3.381430e-02,1.126534e-02,1.266134e-03,2.181479e-02,6.339070e-03,3.985818e-03,2.570952e-01,5.907449e-01,5.551300e-03,5.375117e-03,2.277592e-03
3.461889e-02,6.969614e-03,7.851623e-03,2.037410e-02,4.174318e-02,1.209220e-02,1.212359e-03,1.569088e-02,6.046067e-03,3.090595e-03,2.618245e-01,5.753158e-01,4.264846e-03,6.479403e-03,2.425924e-03
4.066833e-02,6.380469e-03,7.407455e-03,1.562481e-02,4.990844e-02,1.539278e-02,1.890013e-03,1.201325e-02,5.345910e-03,2.689190e-03,2.850955e-01,5.428736e-01,3.467643e-03,8.822202e-03,2.420391e-03
4.761573e-02,7.640382e-03,8.352417e-03,1.240543e-02,1.003105e-01,1.597097e-02,1.588143e-03,9.244431e-03,4.476612e-03,2.442178e-03,2.786664e-01,4.892862e-01,2.937455e-03,1.602418e-02,3.038956e-03
4.240282e-02,6.715192e-03,6.378315e-03,8.917057e-03,8.252961e-02,1.413809e-02,1.204813e-03,6.655152e-03,3.707458e-03,2.419297e-03,3.427335e-01,4.519889e-01,2.617320e-03,2.493095e-02,2.661579e-03
5.075464e-02,6.742009e-03,4.716624e-03,6.425563e-03,6.344619e-02,1.139799e-02,9.284283e-04,4.845425e-03,2.959084e-03,2.057976e-03,4.650623e-01,3.482309e-01,2.550584e-03,2.769506e-02,2.187298e-03
4.266542e-02,9.521317e-03,3.755213e-03,4.831349e-03,6.476780e-02,9.644368e-03,8.607281e-04,3.745577e-03,2.452538e-03,1.713937e-03,5.244275e-01,3.031570e-01,2.555686e-03,2.358808e-02,2.313545e-03
4.478566e-02,1.788979e-02,4.682329e-03,4.575075e-03,8.913029e-02,1.007044e-02,1.708093e-03,4.652228e-03,3.146241e-03,1.642942e-03,5.065364e-01,2.807064e-01,2.571378e-03,2.196192e-02,5.940932e-03
3.559305e-02,1.969199e-02,5.445344e-03,4.319253e-03,1.262044e-01,1.016564e-02,2.844023e-03,5.831405e-03,5.229772e-03,1.633307e-03,4.643711e-01,2.889373e-01,2.505335e-03,2.004815e-02,7.180001e-03
2.533463e-02,1.829963e-02,1.750640e-02,4.135431e-03,1.922564e-01,9.331320e-03,7.353769e-03,1.025741e-02,7.034292e-03,1.550385e-03,3.578942e-01,3.252079e-01,1.849920e-03,1.553374e-02,6.454647e-03
1.961282e-02,1.493576e-02,3.050852e-02,1.111041e-02,1.756714e-01,1.280544e-02,6.226695e-03,1.333127e-01,9.437790e-03,1.404405e-03,2.685862e-01,2.986075e-01,1.508893e-03,1.137308e-02,4.898277e-03
1.560248e-02,1.535261e-02,2.892124e-02,1.779205e-02,3.444899e-01,2.206328e-02,1.945942e-02,9.985129e-02,8.114884e-03,1.073038e-03,1.964649e-01,2.175791e-01,1.386062e-03,8.146506e-03,3.703247e-03
1.242280e-02,1.178947e-02,2.405800e-02,4.278426e-02,4.555561e-01,3.758614e-02,3.110371e-02,7.705633e-02,6.017948e-03,7.627365e-04,1.383822e-01,1.529663e-01,1.121458e-03,5.718997e-03,2.673526e-03
1.138288e-02,9.622816e-03,2.165147e-02,6.716647e-02,5.236993e-01,5.188204e-02,3.494914e-02,6.161524e-02,5.121612e-03,6.342065e-04,9.765575e-02,1.073347e-01,1.026291e-03,4.026553e-03,2.231549e-03
2.092998e-02,9.872193e-03,2.042447e-02,8.939686e-02,5.439270e-01,7.304050e-02,3.225928e-02,4.868861e-02,6.961836e-03,7.605754e-04,7.100919e-02,7.555515e-02,1.193413e-03,2.904194e-03,3.076781e-03
2.748772e-02,1.187525e-02,2.198115e-02,2.068734e-01,4.663611e-01,6.399605e-02,2.960526e-02,5.040983e-02,1.007283e-02,9.137227e-04,5.045905e-02,5.313446e-02,1.162435e-03,2.134503e-03,3.533287e-03
7.342591e-02,1.672294e-02,3.297306e-02,1.954880e-01,4.408935e-01,6.711810e-02,2.545593e-02,4.725454e-02,1.938656e-02,9.190846e-04,3.644728e-02,3.766346e-02,1.174860e-03,1.793868e-03,3.282876e-03
9.229756e-02,2.695786e-02,2.723150e-02,2.097872e-01,4.207200e-01,6.558516e-02,2.051421e-02,4.531741e-02,2.535754e-02,1.088543e-03,2.956682e-02,2.868076e-02,1.929675e-03,1.839661e-03,3.126116e-03
7.551724e-02,3.670451e-02,1.982806e-02,2.018855e-01,4.368009e-01,5.083659e-02,6.330962e-02,3.852737e-02,2.558986e-02,1.194563e-03,2.206253e-02,2.140001e-02,2.189829e-03,1.589271e-03,2.564162e-03
5.379010e-02,5.686697e-02,1.417564e-02,1.434279e-01,3.080984e-01,3.810247e-02,4.440777e-02,2.701149e-02,2.353927e-01,4.173334e-03,1.921809e-02,1.511698e-02,3.687405e-03,1.882858e-03,3.464800e-02
3.815251e-02,4.762554e-02,1.012990e-02,1.005843e-01,2.162397e-01,3.269216e-02,3.116420e-02,1.891397e-02,4.082352e-01,4.803508e-03,1.671061e-02,1.069559e-02,5.985112e-03,1.097914e-02,4.708867e-02
2.726376e-02,3.476517e-02,7.131747e-03,7.045075e-02,1.516375e-01,2.659987e-02,2.184412e-02,1.324325e-02,5.608517e-01,4.420634e-03,1.346437e-02,7.579935e-03,5.448910e-03,1.271065e-02,4.258770e-02
1.938305e-02,2.440055e-02,5.024414e-03,4.941305e-02,1.062029e-01,1.868234e-02,1.529489e-02,9.287054e-03,6.867033e-01,3.215773e-03,1.018804e-02,5.345056e-03,4.824031e-03,9.898007e-03,3.213759e-02
1.822982e-02,1.808561e-02,3.960470e-03,3.476397e-02,7.548834e-02,1.407616e-02,1.078909e-02,6.583360e-03,6.782979e-01,2.995767e-03,1.808937e-02,4.047035e-03,8.135130e-03,2.873006e-02,7.772796e-02
2.036794e-02,1.315479e-02,3.291092e-03,2.529598e-02,5.308776e-02,1.144243e-02,7.667163e-03,4.676640e-03,7.534885e-01,2.362624e-03,1.446454e-02,3.114339e-03,6.646768e-03,2.133863e-02,5.960088e-02
2.370406e-02,1.016502e-02,2.935051e-03,1.830605e-02,3.726629e-02,1.085077e-02,5.396369e-03,3.292915e-03,7.883608e-01,2.038878e-03,1.410356e-02,2.585494e-03,6.078991e-03,2.515543e-02,4.976037e-02
7.097703e-02,1.137269e-02,3.231272e-03,1.302185e-02,2.651760e-02,1.087722e-02,3.828700e-03,2.353812e-03,5.926039e-01,2.517094e-03,4.202892e-02,2.437323e-03,7.072032e-03,6.957249e-02,1.415881e-01
5.282970e-02,1.011593e-02,3.581337e-03,9.267738e-03,1.877057e-02,1.055230e-02,2.700033e-03,1.652114e-03,4.958377e-01,4.031729e-03,3.966140e-02,2.190788e-03,6.296814e-03,1.721663e-01,1.703455e-01
3.919442e-02,7.728283e-03,2.925535e-03,6.579497e-03,1.343321e-02,9.045547e-03,1.922705e-03,1.163203e-03,3.783451e-01,4.172926e-03,3.362320e-02,1.831199e-03,5.663967e-03,2.783701e-01,2.160011e-01
2.770379e-02,5.458434e-03,2.257569e-03,4.611733e-03,9.431793e-03,6.397105e-03,1.349144e-03,8.174086e-04,2.694502e-01,1.063312e-02,2.501891e-02,1.331491e-03,4.103223e-03,4.627044e-01,1.687318e-01
1.975874e-02,3.940256e-03,4.447536e-03,3.246736e-03,6.638578e-03,4.570456e-03,9.500362e-04,5.751737e-04,2.045065e-01,1.277464e-02,1.804318e-02,9.722856e-04,2.965101e-03,5.689089e-01,1.477018e-01
1.396450e-02,2.839156e-03,3.833742e-03,2.281667e-03,4.675740e-03,3.331290e-03,6.738496e-04,4.100995e-04,1.488979e-01,2.873400e-02,1.418762e-02,8.564126e-04,2.847970e-03,6.352208e-01,1.372452e-01
1.039437e-02,2.481532e-03,9.898970e-03,1.677449e-03,3.593446e-03,2.501068e-03,5.031911e-04,5.114914e-04,1.298465e-01,1.186674e-01,1.252091e-02,9.113754e-04,2.645582e-03,5.769998e-01,1.268469e-01
8.092370e-03,2.074493e-03,1.531427e-02,1.234002e-03,3.455241e-03,1.912410e-03,4.894133e-04,8.193137e-04,1.079768e-01,2.684001e-01,1.015793e-02,1.160947e-03,2.896085e-03,4.665473e-01,1.094693e-01
6.982576e-03,1.925130e-03,1.417744e-02,1.678226e-03,8.332343e-02,4.511863e-03,9.320403e-04,3.444084e-03,8.338532e-02,3.497253e-01,8.967732e-03,1.391506e-03,3.164100e-03,3.420561e-01,9.433505e-02
1.007688e-02,6.876784e-03,2.994234e-02,2.081969e-02,1.817302e-01,5.756020e-03,2.563989e-03,3.835576e-02,1.076201e-01,2.658307e-01,7.048842e-03,1.157107e-03,3.121143e-03,2.421726e-01,7.692785e-02
1.166963e-02,9.703943e-03,4.546836e-02,6.047327e-02,2.402917e-01,1.537486e-02,3.428429e-03,6.228646e-02,1.092420e-01,2.034582e-01,5.875896e-03,1.081850e-03,3.672091e-03,1.705893e-01,5.738409e-02
2.338749e-02,9.107754e-03,4.598461e-02,1.013338e-01,1.870851e-01,1.569208e-02,2.856915e-03,1.912057e-01,9.168756e-02,1.554663e-01,9.140125e-03,1.246391e-03,4.323686e-03,1.198654e-01,4.161703e-02
2.477640e-02,7.385390e-03,3.969122e-02,9.665041e-02,1.538054e-01,1.232397e-02,2.466488e-03,3.488162e-01,6.860509e-02,1.136322e-01,1.121172e-02,1.276347e-03,4.379031e-03,8.459500e-02,3.038513e-02
4.687464e-02,7.041543e-03,9.710836e-02,1.152963e-01,1.263976e-01,1.510684e-02,2.688242e-03,3.434370e-01,5.040782e-02,8.703906e-02,1.471425e-02,1.426978e-03,4.335457e-03,6.057839e-02,2.754745e-02
4.376320e-02,5.507116e-03,2.071415e-01,1.248630e-01,9.516390e-02,1.196549e-02,2.902672e-03,3.299247e-01,3.705110e-02,6.322422e-02,1.106776e-02,1.113254e-03,3.240415e-03,4.260688e-02,2.046480e-02
3.934683e-02,4.149579e-03,2.026724e-01,1.170384e-01,7.122093e-02,9.596191e-03,3.263412e-03,4.244655e-01,2.652623e-02,4.559401e-02,8.116674e-03,9.654057e-04,2.441615e-03,2.991076e-02,1.469207e-02
4.392045e-02,3.200798e-03,3.056950e-01,9.479976e-02,5.173829e-02,7.688324e-03,5.821415e-03,3.904749e-01,1.906080e-02,3.678012e-02,5.900448e-03,8.555248e-04,1.843807e-03,2.111647e-02,1.110394e-02
4.206889e-02,2.881484e-03,3.644389e-01,7.482996e-02,4.151843e-02,7.185681e-03,6.186148e-03,3.789382e-01,1.385472e-02,3.504087e-02,4.364071e-03,6.617905e-04,1.402881e-03,1.506585e-02,1.156218e-02
3.472244e-02,3.450040e-03,4.292572e-01,5.497085e-02,3.576770e-02,1.018500e-02,6.524964e-03,3.131482e-01,1.050440e-02,6.635404e-02,3.321317e-03,4.975619e-04,1.121328e-03,1.089231e-02,1.928258e-02
2.616629e-02,2.753987e-03,3.596760e-01,3.867329e-02,2.547966e-02,7.920181e-03,4.830859e-03,2.228214e-01,9.167458e-03,2.386015e-01,2.604969e-03,3.747828e-04,9.888165e-04,1.534801e-02,4.459278e-02
2.036196e-02,2.324997e-03,2.744689e-01,2.808848e-02,1.805472e-02,7.010842e-03,3.557425e-03,1.603873e-01,5.353156e-02,3.147320e-01,7.543470e-03,8.495753e-04,3.860777e-03,3.934951e-02,6.587843e-02
1.663758e-02,4.902240e-03,1.943960e-01,1.977999e-02,1.308876e-02,5.694971e-03,2.552779e-03,1.133725e-01,1.497524e-01,3.189953e-01,2.462361e-02,1.043743e-03,6.036097e-03,4.099152e-02,8.813252e-02
1.258359e-02,4.494302e-03,1.365911e-01,1.391605e-02,9.727152e-03,4.400699e-03,1.828459e-03,7.958935e-02,2.353623e-01,2.998109e-01,2.339869e-02,8.366185e-04,5.199304e-03,3.568722e-02,1.365743e-01
9.039510e-03,4.823881e-03,9.590887e-02,9.804522e-03,6.876675e-03,3.195796e-03,1.289624e-03,5.576941e-02,3.858699e-01,2.202310e-01,1.906884e-02,6.709079e-04,4.035739e-03,2.770134e-02,1.557140e-01
6.553685e-03,3.750005e-03,6.718624e-02,6.872713e-03,4.844056e-03,2.379648e-03,9.064575e-04,3.905049e-02,3.167640e-01,1.589812e-01,1.450631e-02,5.000957e-04,3.116376e-03,2.214913e-02,3.524396e-01
6.193475e-03,3.102339e-03,4.792849e-02,5.880353e-03,3.583139e-03,2.655518e-03,7.110325e-04,2.771194e-02,3.062449e-01,1.119434e-01,1.429393e-02,5.168024e-04,4.109763e-03,1.797139e-02,4.471536e-01
1.410277e-02,4.018679e-03,3.519125e-02,4.500844e-03,3.914040e-03,4.323950e-03,5.688942e-04,1.955000e-02,2.601004e-01,8.251724e-02,1.525959e-02,5.544745e-04,5.180795e-03,3.683180e-02,5.133853e-01
1.979770e-02,5.090537e-03,2.475254e-02,3.447006e-03,5.887303e-03,4.855129e-03,4.749823e-04,1.382153e-02,2.424210e-01,6.105432e-02,1.318846e-02,6.361642e-04,5.274330e-03,3.031033e-02,5.689887e-01
2.295803e-02,1.484033e-02,1.777359e-02,3.638806e-03,5.591332e-03,7.268127e-03,4.609709e-04,1.007660e-02,3.596436e-01,4.577466e-02,1.262725e-02,1.434908e-03,6.533848e-03,2.283054e-02,4.685474e-01
2.927891e-02,1.352646e-02,1.270557e-02,4.754020e-03,6.204512e-03,2.395646e-02,5.554113e-04,7.262058e-03,3.345958e-01,7.259838e-02,1.720049e-02,2.548739e-03,1.155477e-02,1.679417e-02,4.464643e-01
3.359874e-02,1.334197e-02,9.064136e-03,5.144783e-03,3.040206e-02,2.070971e-02,6.427866e-04,5.322516e-03,3.075159e-01,1.656271e-01,2.162633e-02,2.793788e-03,1.238066e-02,1.316019e-02,3.586693e-01
4.793198e-02,1.608873e-02,6.555123e-03,6.890319e-03,6.545428e-02,2.912551e-02,1.078070e-03,4.501978e-03,3.152220e-01,1.406721e-01,4.151818e-02,9.775436e-03,3.625754e-02,1.064270e-02,2.682861e-01
3.694486e-02,1.307950e-02,5.306437e-03,3.657101e-02,6.198043e-02,2.651247e-02,1.055027e-03,5.958734e-03,3.808915e-01,1.197410e-01,4.197335e-02,1.666279e-02,4.772442e-02,8.019571e-03,1.975788e-01
3.766826e-02,1.281663e-02,1.465562e-02,3.624349e-02,7.340819e-02,2.248716e-02,3.062834e-03,1.052800e-02,3.206564e-01,1.751108e-01,5.683800e-02,2.213235e-02,5.922190e-02,7.033570e-03,1.481368e-01
2.757475e-02,9.979088e-03,1.466417e-02,5.604652e-02,6.493694e-02,1.700499e-02,2.717176e-03,9.228141e-03,2.540922e-01,1.568257e-01,1.391670e-01,2.123977e-02,9.479961e-02,7.434139e-03,1.242898e-01
2.080955e-02,7.429683e-03,1.257592e-02,5.217919e-02,5.161964e-02,1.222660e-02,2.159780e-03,7.649462e-03,1.912299e-01,1.846922e-01,2.120619e-01,2.042646e-02,1.032926e-01,8.928496e-03,1.127186e-01
3.660081e-02,1.060803e-02,2.347776e-02,9.949319e-02,6.854638e-02,9.542487e-03,2.217612e-03,1.071439e-02,2.121456e-01,1.354212e-01,1.893691e-01,1.555390e-02,7.920183e-02,1.120121e-02,9.590638e-02
2.657133e-02,1.238551e-02,2.153211e-02,8.853474e-02,5.164718e-02,6.992608e-03,1.696181e-03,7.705899e-03,3.984699e-01,9.542944e-02,1.441338e-01,1.165891e-02,5.674566e-02,8.496666e-03,6.800002e-02
2.028237e-02,1.070043e-02,2.092732e-02,8.197290e-02,4.225625e-02,5.580664e-03,1.389669e-03,5.755060e-03,4.219975e-01,6.748721e-02,1.759081e-01,1.097041e-02,4.028429e-02,4.632658e-02,4.816114e-02
1.577558e-02,8.136561e-03,1.758722e-02,6.820825e-02,3.041945e-02,7.081733e-03,1.021810e-03,4.413089e-03,3.067261e-01,4.758452e-02,2.432370e-01,9.659973e-03,2.946215e-02,1.763961e-01,3.429046e-02
1.771466e-02,6.778440e-03,1.631379e-02,5.436299e-02,2.323592e-02,4.503294e-02,8.484198e-04,4.432437e-03,2.177168e-01,3.367585e-02,2.986641e-01,7.929071e-03,2.320574e-02,2.249343e-01,2.515458e-02
5.586816e-02,5.612850e-03,1.284982e-02,4.070286e-02,1.776096e-02,4.995838e-02,7.515397e-04,3.832888e-03,1.535341e-01,2.397590e-02,3.617765e-01,7.680126e-03,1.957664e-02,2.281150e-01,1.800422e-02
6.179584e-02,4.616666e-03,9.871014e-03,2.929184e-02,1.333118e-02,4.237502e-02,6.255032e-04,3.060943e-03,1.085273e-01,1.715706e-02,4.116837e-01,8.087540e-03,1.619064e-02,2.606091e-01,1.277664e-02
5.117015e-02,4.882051e-03,8.354333e-03,2.116751e-02,1.171513e-02,3.371738e-02,6.804541e-04,2.784279e-03,7.802979e-02,1.261414e-02,4.151969e-01,7.436554e-03,1.201277e-02,3.311339e-01,9.104648e-03
5.450713e-02,1.674847e-02,1.854974e-02,1.786616e-02,3.137303e-02,3.143954e-02,7.353204e-04,3.555976e-03,8.405519e-02,9.538072e-03,3.382323e-01,8.048337e-03,9.030628e-03,3.695326e-01,6.787476e-03
4.475310e-02,1.629282e-02,1.674067e-02,1.349612e-02,2.854468e-02,3.505277e-02,7.207731e-04,3.063864e-03,7.939510e-02,7.233704e-03,2.929404e-01,1.087132e-02,6.931786e-03,4.389412e-01,5.021698e-03
3.269542e-02,1.318503e-02,1.312631e-02,9.623864e-03,2.111052e-02,2.688561e-02,5.399621e-04,2.178317e-03,9.989233e-02,5.589964e-03,2.698506e-01,1.001843e-02,5.568244e-03,4.860816e-01,3.653837e-03
2.307990e-02,1.004222e-02,9.864617e-03,7.273606e-03,1.532276e-02,1.996082e-02,3.910121e-04,1.533700e-03,2.220841e-01,5.037379e-03,2.313346e-01,8.780643e-03,4.323470e-03,4.381379e-01,2.833353e-03
1.653628e-02,9.555683e-03,1.189763e-02,5.681805e-03,1.163126e-02,1.583244e-02,3.305204e-04,1.792554e-03,3.680443e-01,4.929621e-03,1.837010e-01,6.754100e-03,3.346387e-03,3.575296e-01,2.436936e-03
1.205487e-02,7.243773e-03,9.588631e-03,5.255003e-03,8.893862e-03,1.301199e-02,2.504340e-04,1.582048e-03,4.620552e-01,5.622372e-03,1.584784e-01,4.973952e-03,2.817085e-03,3.061928e-01,1.979673e-03
8.957354e-03,5.891466e-03,1.027676e-02,8.566581e-03,9.008784e-03,1.132071e-02,2.359381e-04,1.567254e-03,5.151106e-01,1.322369e-02,1.528783e-01,3.759299e-03,2.790508e-03,2.535885e-01,2.824416e-03
7.622418e-03,4.645504e-03,1.167808e-02,1.696041e-02,8.914631e-03,1.303924e-02,5.389520e-04,1.800318e-03,5.283677e-01,3.055126e-02,1.370054e-01,4.516538e-03,5.989125e-03,2.194345e-01,8.936028e-03
7.591232e-03,5.444973e-03,1.701677e-02,2.500997e-02,1.228955e-02,3.440747e-02,6.486117e-04,1.897752e-03,4.511008e-01,5.100943e-02,1.387521e-01,6.223312e-03,8.231932e-03,2.175894e-01,2.278667e-02
7.487136e-03,4.421179e-03,4.273358e-02,2.069387e-02,1.383066e-02,2.817723e-02,9.382272e-04,1.352129e-02,4.052901e-01,8.999363e-02,1.331670e-01,6.994228e-03,1.138430e-02,1.976210e-01,2.374660e-02
1.172245e-02,4.488107e-03,5.165934e-02,1.492623e-02,1.451935e-02,2.272249e-02,9.749975e-04,1.245665e-02,3.786328e-01,1.815145e-01,1.056483e-01,5.488778e-03,1.028732e-02,1.629297e-01,2.202905e-02
1.303616e-02,3.704311e-03,5.510083e-02,1.099966e-02,1.901765e-02,1.835156e-02,1.473526e-03,6.570271e-02,3.087610e-01,2.571572e-01,8.315080e-02,6.340796e-03,1.153669e-02,1.263037e-01,1.936351e-02
1.541737e-02,3.093607e-03,6.744246e-02,7.855984e-03,2.194760e-02,1.355881e-02,1.923354e-03,1.862504e-01,2.404244e-01,2.598601e-01,5.906134e-02,4.614166e-03,8.550239e-03,9.540617e-02,1.459406e-02
1.626920e-02,2.548660e-03,5.756252e-02,5.874583e-03,4.478037e-02,1.211989e-02,3.028184e-03,2.821842e-01,1.822543e-01,2.615728e-01,4.171956e-02,3.406457e-03,6.289927e-03,6.976692e-02,1.062243e-02
1.204182e-02,1.800355e-03,4.534553e-02,4.134990e-03,3.270185e-02,8.608107e-03,3.208173e-03,4.861975e-01,1.279578e-01,1.853155e-01,2.923052e-02,2.404794e-03,4.569704e-03,4.902280e-02,7.460678e-03
9.773603e-03,1.459840e-03,3.531888e-02,3.250073e-03,5.549623e-02,7.833137e-03,1.835976e-02,5.770139e-01,9.056757e-02,1.350509e-01,2.059218e-02,1.713422e-03,3.694238e-03,3.454045e-02,5.335945e-03
1.274992e-02,1.541130e-03,2.690627e-02,3.316171e-03,1.641554e-01,9.457017e-03,3.832103e-02,5.261869e-01,6.791183e-02,1.002374e-01,1.493898e-02,1.394886e-03,3.736439e-03,2.434623e-02,4.800482e-03
1.295088e-02,1.832679e-03,2.315360e-02,3.441059e-03,2.446544e-01,8.977939e-03,4.014416e-02,3.924011e-01,5.043431e-02,1.534077e-01,2.054872e-02,3.470523e-03,5.822571e-03,1.868938e-02,2.007093e-02
1.097060e-02,2.662747e-03,2.467633e-02,8.104585e-03,2.158129e-01,1.022627e-02,3.342980e-02,3.151950e-01,4.625748e-02,1.973430e-01,3.752759e-02,1.457994e-02,1.952429e-02,1.440870e-02,4.928089e-02
8.768435e-03,4.135900e-03,3.337076e-02,2.343923e-02,1.581783e-01,8.776224e-03,2.505965e-02,2.268529e-01,4.381791e-02,1.659672e-01,8.649380e-02,9.980725e-02,5.587978e-02,1.089091e-02,4.856173e-02
6.534389e-03,4.163693e-03,2.489842e-02,2.471427e-02,1.117530e-01,7.533632e-03,1.796455e-02,1.589778e-01,3.749587e-02,1.323028e-01,1.844995e-01,1.533138e-01,9.265381e-02,7.995194e-03,3.519926e-02
5.093195e-03,3.493375e-03,1.777817e-02,2.157368e-02,7.876413e-02,5.996369e-03,1.315118e-02,1.115204e-01,3.812890e-02,1.075472e-01,2.984985e-01,1.825580e-01,8.491337e-02,5.864802e-03,2.511874e-02
6.547612e-03,4.698136e-03,1.457919e-02,2.246327e-02,5.764965e-02,6.757206e-03,9.413200e-03,8.059660e-02,9.175442e-02,9.176147e-02,3.127739e-01,2.005237e-01,7.720485e-02,4.993602e-03,1.828323e-02
5.762610e-03,4.263851e-03,1.041432e-02,1.872605e-02,4.172742e-02,6.431323e-03,6.678057e-03,5.657959e-02,9.647238e-02,7.097410e-02,3.692235e-01,2.274183e-01,6.799245e-02,4.194379e-03,1.314160e-02
