1.000000e+00,0.000000e+00,0.000000e+00,0.000000e+00,0.000000e+00,0.000000e+00,0.000000e+00,0.000000e+00,0.000000e+00,0.000000e+00,0.000000e+00,0.000000e+00,0.000000e+00,0.000000e+00,0.000000e+00
1.000000e+00,0.000000e+00,0.000000e+00,0.000000e+00,0.000000e+00,0.000000e+00,0.000000e+00,0.000000e+00,0.000000e+00,0.000000e+00,0.000000e+00,0.000000e+00,0.000000e+00,0.000000e+00,0.000000e+00
1.000000e+00,0.000000e+00,0.000000e+00,0.000000e+00,0.000000e+00,0.000000e+00,0.000000e+00,0.000000e+00,0.000000e+00,0.000000e+00,0.000000e+00,0.000000e+00,0.000000e+00,0.000000e+00,0.000000e+00
1.000000e+00,0.000000e+00,0.000000e+00,0.000000e+00,0.000000e+00,0.000000e+00,0.000000e+00,0.000000e+00,0.000000e+00,0.000000e+00,0.000000e+00,0.000000e+00,0.000000e+00,0.000000e+00,0.000000e+00
1.000000e+00,0.000000e+00,0.000000e+00,0.000000e+00,0.000000e+00,0.000000e+00,0.000000e+00,0.000000e+00,0.000000e+00,0.000000e+00,0.000000e+00,0.000000e+00,0.000000e+00,0.000000e+00,0.000000e+00
1.000000e+00,0.000000e+00,0.000000e+00,0.000000e+00,0.000000e+00,0.000000e+00,0.000000e+00,0.000000e+00,0.000000e+00,0.000000e+00,0.000000e+00,0.000000e+00,0.000000e+00,0.000000e+00,0.000000e+00
1.000000e+00,0.000000e+00,0.000000e+00,0.000000e+00,0.000000e+00,0.000000e+00,0.000000e+00,0.000000e+00,0.000000e+00,0.000000e+00,0.000000e+00,0.000000e+00,0.000000e+00,0.000000e+00,0.000000e+00
1.000000e+00,0.000000e+00,0.000000e+00,0.000000e+00,0.000000e+00,0.000000e+00,0.000000e+00,0.000000e+00,0.000000e+00,0.000000e+00,0.000000e+00,0.000000e+00,0.000000e+00,0.000000e+00,0.000000e+00
1.000000e+00,0.000000e+00,0.000000e+00,0.000000e+00,0.000000e+00,0.000000e+00,0.000000e+00,0.000000e+00,0.000000e+00,0.000000e+00,0.000000e+00,0.000000e+00,0.000000e+00,0.000000e+00,0.000000e+00
1.000000e+00,0.000000e+00,0.000000e+00,0.000000e+00,0.000000e+00,0.000000e+00,0.000000e+00,0.000000e+00,0.000000e+00,0.000000e+00,0.000000e+00,0.000000e+00,0.000000e+00,0.000000e+00,0.000000e+00
1.000000e+00,0.000000e+00,0.000000e+00,0.000000e+00,0.000000e+00,0.000000e+00,0.000000e+00,0.000000e+00,0.000000e+00,0.000000e+00,0.000000e+00,0.000000e+00,0.000000e+00,0.000000e+00,0.000000e+00
1.000000e+00,0.000000e+00,0.000000e+00,0.000000e+00,0.000000e+00,0.000000e+00,0.000000e+00,0.000000e+00,0.000000e+00,0.000000e+00,0.000000e+00,0.000000e+00,0.000000e+00,0.000000e+00,0.000000e+00
1.000000e+00,0.000000e+00,0.000000e+00,0.000000e+00,0.000000e+00,0.000000e+00,0.000000e+00,0.000000e+00,0.000000e+00,0.000000e+00,0.000000e+00,0.000000e+00,0.000000e+00,0.000000e+00,0.000000e+00
1.000000e+00,0.000000e+00,0.000000e+00,0.000000e+00,0.000000e+00,0.000000e+00,0.000000e+00,0.000000e+00,0.000000e+00,0.000000e+00,0.000000e+00,0.000000e+00,0.000000e+00,0.000000e+00,0.000000e+00
1.000000e+00,0.000000e+00,0.000000e+00,0.000000e+00,0.000000e+00,0.000000e+00,0.000000e+00,0.000000e+00,0.000000e+00,0.000000e+00,0.000000e+00,0.000000e+00,0.000000e+00,0.000000e+00,0.000000e+00
1.000000e+00,0.000000e+00,0.000000e+00,0.000000e+00,0.000000e+00,0.000000e+00,0.000000e+00,0.000000e+00,0.000000e+00,0.000000e+00,0.000000e+00,0.000000e+00,0.000000e+00,0.000000e+00,0.000000e+00
1.000000e+00,0.000000e+00,0.000000e+00,0.000000e+00,0.000000e+00,0.000000e+00,0.000000e+00,0.000000e+00,0.000000e+00,0.000000e+00,0.000000e+00,0.000000e+00,0.000000e+00,0.000000e+00,0.000000e+00
1.000000e+00,0.000000e+00,0.000000e+00,0.000000e+00,0.000000e+00,0.000000e+00,0.000000e+00,0.000000e+00,0.000000e+00,0.000000e+00,0.000000e+00,0.000000e+00,0.000000e+00,0.000000e+00,0.000000e+00
1.000000e+00,0.000000e+00,0.000000e+00,0.000000e+00,0.000000e+00,0.000000e+00,0.000000e+00,0.000000e+00,0.000000e+00,0.000000e+00,0.000000e+00,0.000000e+00,0.000000e+00,0.000000e+00,0.000000e+00
1.000000e+00,0.000000e+00,0.000000e+00,0.000000e+00,0.000000e+00,0.000000e+00,0.000000e+00,0.000000e+00,0.000000e+00,0.000000e+00,0.000000e+00,0.000000e+00,0.000000e+00,0.000000e+00,0.000000e+00
1.000000e+00,0.000000e+00,0.000000e+00,0.000000e+00,0.000000e+00,0.000000e+00,0.000000e+00,0.000000e+00,0.000000e+00,0.000000e+00,0.000000e+00,0.000000e+00,0.000000e+00,0.000000e+00,0.000000e+00
1.000000e+00,0.000000e+00,0.000000e+00,0.000000e+00,0.000000e+00,0.000000e+00,0.000000e+00,0.000000e+00,0.000000e+00,0.000000e+00,0.000000e+00,0.000000e+00,0.000000e+00,0.000000e+00,0.000000e+00
1.000000e+00,0.000000e+00,0.000000e+00,0.000000e+00,0.000000e+00,0.000000e+00,0.000000e+00,0.000000e+00,0.000000e+00,0.000000e+00,0.000000e+00,0.000000e+00,0.000000e+00,0.000000e+00,0.000000e+00
1.000000e+00,0.000000e+00,0.000000e+00,0.000000e+00,0.000000e+00,0.000000e+00,0.000000e+00,0.000000e+00,0.000000e+00,0.000000e+00,0.000000e+00,0.000000e+00,0.000000e+00,0.000000e+00,0.000000e+00
1.000000e+00,0.000000e+00,0.000000e+00,0.000000e+00,0.000000e+00,0.000000e+00,0.000000e+00,0.000000e+00,0.000000e+00,0.000000e+00,0.000000e+00,0.000000e+00,0.000000e+00,0.000000e+00,0.000000e+00
1.000000e+00,0.000000e+00,0.000000e+00,0.000000e+00,0.000000e+00,0.000000e+00,0.000000e+00,0.000000e+00,0.000000e+00,0.000000e+00,0.000000e+00,0.000000e+00,0.000000e+00,0.000000e+00,0.000000e+00
1.000000e+00,0.000000e+00,0.000000e+00,0.000000e+00,0.000000e+00,0.000000e+00,0.000000e+00,0.000000e+00,0.000000e+00,0.000000e+00,0.000000e+00,0.000000e+00,0.000000e+00,0.000000e+00,0.000000e+00
1.000000e+00,0.000000e+00,0.000000e+00,0.000000e+00,0.000000e+00,0.000000e+00,0.000000e+00,0.000000e+00,0.000000e+00,0.000000e+00,0.000000e+00,0.000000e+00,0.000000e+00,0.000000e+00,0.000000e+00
1.000000e+00,0.000000e+00,0.000000e+00,0.000000e+00,0.000000e+00,0.000000e+00,0.000000e+00,0.000000e+00,0.000000e+00,0.000000e+00,0.000000e+00,0.000000e+00,0.000000e+00,0.000000e+00,0.000000e+00
1.000000e+00,0.000000e+00,0.000000e+00,0.000000e+00,0.000000e+00,0.000000e+00,0.000000e+00,0.000000e+00,0.000000e+00,0.000000e+00,0.000000e+00,0.000000e+00,0.000000e+00,0.000000e+00,0.000000e+00
1.000000e+00,0.000000e+00,0.000000e+00,0.000000e+00,0.000000e+00,0.000000e+00,0.000000e+00,0.000000e+00,0.000000e+00,0.000000e+00,0.000000e+00,0.000000e+00,0.000000e+00,0.000000e+00,0.000000e+00
1.000000e+00,0.000000e+00,0.000000e+00,0.000000e+00,0.000000e+00,0.000000e+00,0.000000e+00,0.000000e+00,0.000000e+00,0.000000e+00,0.000000e+00,0.000000e+00,0.000000e+00,0.000000e+00,0.000000e+00
1.000000e+00,0.000000e+00,0.000000e+00,0.000000e+00,0.000000e+00,0.000000e+00,0.000000e+00,0.000000e+00,0.000000e+00,0.000000e+00,0.000000e+00,0.000000e+00,0.000000e+00,0.000000e+00,0.000000e+00
1.000000e+00,0.000000e+00,0.000000e+00,0.000000e+00,0.000000e+00,0.000000e+00,0.000000e+00,0.000000e+00,0.000000e+00,0.000000e+00,0.000000e+00,0.000000e+00,0.000000e+00,0.000000e+00,0.000000e+00
1.000000e+00,0.000000e+00,0.000000e+00,0.000000e+00,0.000000e+00,0.000000e+00,0.000000e+00,0.000000e+00,0.000000e+00,0.000000e+00,0.000000e+00,0.000000e+00,0.000000e+00,0.000000e+00,0.000000e+00
1.000000e+00,0.000000e+00,0.000000e+00,0.000000e+00,0.000000e+00,0.000000e+00,0.000000e+00,0.000000e+00,0.000000e+00,0.000000e+00,0.000000e+00,0.000000e+00,0.000000e+00,0.000000e+00,0.000000e+00
1.000000e+00,0.000000e+00,0.000000e+00,0.000000e+00,0.000000e+00,0.000000e+00,0.000000e+00,0.000000e+00,0.000000e+00,0.000000e+00,0.000000e+00,0.000000e+00,0.000000e+00,0.000000e+00,0.000000e+00
1.000000e+00,0.000000e+00,0.000000e+00,0.000000e+00,0.000000e+00,0.000000e+00,0.000000e+00,0.000000e+00,0.000000e+00,0.000000e+00,0.000000e+00,0.000000e+00,0.000000e+00,0.000000e+00,0.000000e+00
1.000000e+00,0.000000e+00,0.000000e+00,0.000000e+00,0.000000e+00,0.000000e+00,0.000000e+00,0.000000e+00,0.000000e+00,0.000000e+00,0.000000e+00,0.000000e+00,0.000000e+00,0.000000e+00,0.000000e+00
1.000000e+00,0.000000e+00,0.000000e+00,0.000000e+00,0.000000e+00,0.000000e+00,0.000000e+00,0.000000e+00,0.000000e+00,0.000000e+00,0.000000e+00,0.000000e+00,0.000000e+00,0.000000e+00,0.000000e+00
1.000000e+00,0.000000e+00,0.000000e+00,0.000000e+00,0.000000e+00,0.000000e+00,0.000000e+00,0.000000e+00,0.000000e+00,0.000000e+00,0.000000e+00,0.000000e+00,0.000000e+00,0.000000e+00,0.000000e+00
1.000000e+00,0.000000e+00,0.000000e+00,0.000000e+00,0.000000e+00,0.000000e+00,0.000000e+00,0.000000e+00,0.000000e+00,0.000000e+00,0.000000e+00,0.000000e+00,0.000000e+00,0.000000e+00,0.000000e+00
1.000000e+00,0.000000e+00,0.000000e+00,0.000000e+00,0.000000e+00,0.000000e+00,0.000000e+00,0.000000e+00,0.000000e+00,0.000000e+00,0.000000e+00,0.000000e+00,0.000000e+00,0.000000e+00,0.000000e+00
1.000000e+00,0.000000e+00,0.000000e+00,0.000000e+00,0.000000e+00,0.000000e+00,0.000000e+00,0.000000e+00,0.000000e+00,0.000000e+00,0.000000e+00,0.000000e+00,0.000000e+00,0.000000e+00,0.000000e+00
1.000000e+00,0.000000e+00,0.000000e+00,0.000000e+00,0.000000e+00,0.000000e+00,0.000000e+00,0.000000e+00,0.000000e+00,0.000000e+00,0.000000e+00,0.000000e+00,0.000000e+00,0.000000e+00,0.000000e+00
1.000000e+00,0.000000e+00,0.000000e+00,0.000000e+00,0.000000e+00,0.000000e+00,0.000000e+00,0.000000e+00,0.000000e+00,0.000000e+00,0.000000e+00,0.000000e+00,0.000000e+00,0.000000e+00,0.000000e+00
1.000000e+00,0.000000e+00,0.000000e+00,0.000000e+00,0.000000e+00,0.000000e+00,0.000000e+00,0.000000e+00,0.000000e+00,0.000000e+00,0.000000e+00,0.000000e+00,0.000000e+00,0.000000e+00,0.000000e+00
1.000000e+00,0.000000e+00,0.000000e+00,0.000000e+00,0.000000e+00,0.000000e+00,0.000000e+00,0.000000e+00,0.000000e+00,0.000000e+00,0.000000e+00,0.000000e+00,0.000000e+00,0.000000e+00,0.000000e+00
1.000000e+00,0.000000e+00,0.000000e+00,0.000000e+00,0.000000e+00,0.000000e+00,0.000000e+00,0.000000e+00,0.000000e+00,0.000000e+00,0.000000e+00,0.000000e+00,0.000000e+00,0.000000e+00,0.000000e+00
1.000000e+00,0.000000e+00,0.000000e+00,0.000000e+00,0.000000e+00,0.000000e+00,0.000000e+00,0.000000e+00,0.000000e+00,0.000000e+00,0.000000e+00,0.000000e+00,0.000000e+00,0.000000e+00,0.000000e+00
1.000000e+00,0.000000e+00,0.000000e+00,0.000000e+00,0.000000e+00,0.000000e+00,0.000000e+00,0.000000e+00,0.000000e+00,0.000000e+00,0.000000e+00,0.000000e+00,0.000000e+00,0.000000e+00,0.000000e+00
1.000000e+00,0.000000e+00,0.000000e+00,0.000000e+00,0.000000e+00,0.000000e+00,0.000000e+00,0.000000e+00,0.000000e+00,0.000000e+00,0.000000e+00,0.000000e+00,0.000000e+00,0.000000e+00,0.000000e+00
1.000000e+00,0.000000e+00,0.000000e+00,0.000000e+00,0.000000e+00,0.000000e+00,0.000000e+00,0.000000e+00,0.000000e+00,0.000000e+00,0.000000e+00,0.000000e+00,0.000000e+00,0.000000e+00,0.000000e+00
1.000000e+00,0.000000e+00,0.000000e+00,0.000000e+00,0.000000e+00,0.000000e+00,0.000000e+00,0.000000e+00,0.000000e+00,0.000000e+00,0.000000e+00,0.000000e+00,0.000000e+00,0.000000e+00,0.000000e+00
1.000000e+00,0.000000e+00,0.000000e+00,0.000000e+00,0.000000e+00,0.000000e+00,0.000000e+00,0.000000e+00,0.000000e+00,0.000000e+00,0.000000e+00,0.000000e+00,0.000000e+00,0.000000e+00,0.000000e+00
1.000000e+00,0.000000e+00,0.000000e+00,0.000000e+00,0.000000e+00,0.000000e+00,0.000000e+00,0.000000e+00,0.000000e+00,0.000000e+00,0.000000e+00,0.000000e+00,0.000000e+00,0.000000e+00,0.000000e+00
4.752633e-01,4.275405e-02,8.471454e-03,1.094298e-01,2.162597e-02,3.552478e-02,1.539455e-02,2.556899e-02,3.072380e-02,3.197147e-03,2.175499e-02,1.175038e-01,6.542833e-02,4.162822e-03,2.319611e-02
3.667751e-01,4.255023e-02,1.591544e-02,1.454336e-01,2.994346e-02,4.003416e-02,1.637060e-02,3.840896e-02,2.802006e-02,2.784605e-03,2.626760e-02,1.578920e-01,6.480776e-02,4.827470e-03,1.996895e-02
2.975536e-01,4.080032e-02,2.175790e-02,2.038289e-01,3.090645e-02,3.743901e-02,1.536749e-02,4.185064e-02,2.915919e-02,2.680023e-03,2.654116e-02,1.565223e-01,7.194051e-02,4.626401e-03,1.902611e-02
2.698185e-01,5.549766e-02,2.290156e-02,2.203578e-01,3.293335e-02,3.579687e-02,1.358776e-02,3.443395e-02,3.222657e-02,3.945413e-03,2.960509e-02,1.457012e-01,6.681665e-02,5.768756e-03,3.060888e-02
2.880753e-01,6.145950e-02,2.145183e-02,2.110940e-01,3.212050e-02,3.768343e-02,1.198962e-02,2.884765e-02,3.069923e-02,4.670644e-03,2.765656e-02,1.326777e-01,6.763699e-02,6.160907e-03,3.777616e-02
3.777134e-01,5.921143e-02,1.842112e-02,1.757500e-01,2.799750e-02,3.603318e-02,1.101850e-02,2.399652e-02,2.757094e-02,4.595513e-03,2.334298e-02,1.071635e-01,6.132833e-02,5.816114e-03,4.004090e-02
4.044428e-01,4.858251e-02,3.758474e-02,1.832116e-01,2.351377e-02,3.426736e-02,9.548469e-03,4.066037e-02,2.123341e-02,4.125886e-03,2.494903e-02,8.096731e-02,4.778232e-02,5.479681e-03,3.365076e-02
4.043210e-01,3.860741e-02,3.119834e-02,1.552656e-01,2.188832e-02,2.956147e-02,7.391094e-03,1.307655e-01,1.658175e-02,3.939873e-03,2.471820e-02,6.349513e-02,3.988786e-02,5.082681e-03,2.729585e-02
3.295918e-01,2.876217e-02,2.570004e-02,1.130092e-01,1.666803e-02,2.316450e-02,6.566630e-03,3.224151e-01,1.193889e-02,2.975928e-03,1.823898e-02,4.635287e-02,2.999290e-02,3.945169e-03,2.067781e-02
2.338214e-01,2.026026e-02,1.962385e-02,7.934655e-02,1.190814e-02,1.751976e-02,6.253458e-03,5.167069e-01,8.374831e-03,2.114428e-03,1.283432e-02,3.262912e-02,2.117974e-02,2.825498e-03,1.460165e-02
1.646558e-01,1.428883e-02,1.625948e-02,5.592355e-02,8.551383e-03,1.262130e-02,4.976021e-03,6.562802e-01,5.871867e-03,1.506365e-03,9.027578e-03,2.287199e-02,1.486833e-02,2.027903e-03,1.026938e-02
1.163385e-01,1.008365e-02,1.179362e-02,3.937031e-02,6.303139e-03,9.130237e-03,4.456692e-03,7.549628e-01,4.143124e-03,1.123774e-03,6.658294e-03,1.612687e-02,1.061750e-02,1.659681e-03,7.231808e-03
8.205002e-02,7.114664e-03,8.428684e-03,2.765471e-02,5.264126e-03,6.703447e-03,3.492570e-03,8.216064e-01,3.063592e-03,8.547429e-04,6.393439e-03,1.181517e-02,8.389452e-03,2.071309e-03,5.097654e-03
5.766021e-02,5.102998e-03,6.003057e-03,1.952049e-02,4.482517e-03,4.836370e-03,2.546161e-03,7.146705e-01,2.299086e-03,3.778141e-03,5.080478e-02,7.174245e-02,3.705112e-02,1.578140e-02,3.720712e-03
4.041884e-02,3.595662e-03,4.211089e-03,1.372640e-02,3.361244e-03,3.397070e-03,1.850324e-03,5.084455e-01,1.780448e-03,5.812012e-03,5.550281e-02,2.934361e-01,4.051703e-02,2.125365e-02,2.691841e-03
2.837938e-02,2.548863e-03,2.954646e-03,9.676837e-03,2.813896e-03,2.392127e-03,1.388345e-03,3.585844e-01,1.999976e-03,1.056213e-02,7.063188e-02,4.329496e-01,4.018356e-02,3.278178e-02,2.152605e-03
1.987641e-02,1.789665e-03,2.076321e-03,6.792250e-03,2.173705e-03,1.681645e-03,9.887271e-04,2.511650e-01,1.749696e-03,1.297245e-02,6.735834e-02,5.611384e-01,3.312780e-02,3.556513e-02,1.544441e-03
1.392998e-02,1.266021e-03,1.469264e-03,4.766677e-03,2.627214e-03,1.186904e-03,7.353192e-04,1.759648e-01,1.921965e-03,1.391108e-02,6.231513e-02,6.578930e-01,2.757816e-02,3.326065e-02,1.173777e-03
9.832246e-03,9.631548e-04,1.105499e-03,3.387264e-03,5.571090e-03,9.034543e-04,5.615538e-04,1.233570e-01,3.274962e-03,1.710806e-02,5.369337e-02,7.205799e-01,2.765185e-02,3.031855e-02,1.692049e-03
7.272759e-03,8.137406e-04,8.759483e-04,2.515127e-03,5.250324e-03,1.003944e-03,4.812153e-04,8.689745e-02,5.593452e-03,1.707010e-02,4.036782e-02,7.771887e-01,2.650102e-02,2.688725e-02,1.281203e-03
5.558727e-03,7.360142e-04,7.636828e-04,1.937708e-03,5.492643e-03,1.967294e-03,3.940612e-04,6.131782e-02,8.187013e-03,2.290509e-02,3.357240e-02,8.088523e-01,2.529083e-02,2.206096e-02,9.634137e-04
4.073441e-03,1.962848e-03,2.681448e-03,1.498070e-03,2.281892e-02,2.181125e-03,4.954922e-04,4.397876e-02,1.210599e-02,2.243837e-02,3.081258e-02,8.154395e-01,2.100617e-02,1.773948e-02,7.678456e-04
2.954808e-03,1.653900e-03,2.242620e-03,1.129574e-03,2.629711e-02,2.002664e-02,7.206505e-04,3.164565e-02,1.017659e-02,2.026984e-02,3.373552e-02,8.177084e-01,1.772642e-02,1.302736e-02,6.849097e-04
2.308140e-03,1.311937e-03,1.925333e-03,8.583204e-04,4.754914e-02,1.989959e-01,1.739657e-03,2.290579e-02,9.620225e-03,1.466157e-02,3.232144e-02,6.420921e-01,1.388827e-02,9.295762e-03,5.264271e-04
2.019437e-03,1.036676e-03,1.710400e-03,7.437019e-04,1.373938e-01,1.463098e-01,5.684389e-03,1.917716e-02,1.035697e-02,1.082551e-02,2.669907e-02,6.183766e-01,1.167383e-02,7.555277e-03,4.373242e-04
1.806500e-03,8.484534e-04,1.327991e-03,7.083655e-04,1.274795e-01,1.040944e-01,4.776596e-03,1.456569e-02,8.322868e-03,7.905688e-03,2.346822e-02,6.862807e-01,1.089704e-02,7.145086e-03,3.727396e-04
1.669710e-03,8.245219e-04,1.184147e-03,7.709389e-04,1.025842e-01,7.597405e-02,3.592284e-03,1.108566e-02,7.157181e-03,6.006388e-03,2.238278e-02,7.450424e-01,1.526836e-02,6.113396e-03,3.439393e-04
2.512673e-03,1.112621e-03,1.972353e-03,1.661167e-03,1.264528e-01,5.751885e-02,4.032724e-03,1.683813e-02,8.586629e-03,5.302224e-03,3.553558e-02,7.030913e-01,2.716775e-02,7.741384e-03,4.737553e-04
3.849071e-03,1.314252e-03,3.034953e-03,3.437559e-03,1.216878e-01,4.624905e-02,3.208184e-03,2.522842e-02,1.755893e-02,5.931835e-03,6.149624e-02,6.384498e-01,5.731433e-02,1.045040e-02,7.891237e-04
1.137732e-02,1.744967e-03,1.845219e-02,1.190284e-02,1.801923e-01,3.948460e-02,3.439267e-03,2.906582e-02,2.977477e-02,5.044414e-03,1.139608e-01,4.771194e-01,6.985942e-02,7.793739e-03,7.881023e-04
2.063725e-02,3.188269e-03,2.233562e-02,1.681583e-02,2.757103e-01,3.216587e-02,3.779847e-03,2.488178e-02,8.434354e-02,4.884689e-03,1.016119e-01,3.462701e-01,5.663032e-02,5.884652e-03,8.599492e-04
1.998188e-02,7.176530e-03,2.588715e-02,6.248495e-02,3.931699e-01,2.544110e-02,4.506437e-03,2.242859e-02,7.187746e-02,3.503033e-03,7.481629e-02,2.432409e-01,4.050661e-02,4.179196e-03,7.999393e-04
2.993343e-02,1.076844e-02,2.409135e-02,1.080520e-01,4.452000e-01,2.331864e-02,4.346273e-03,1.990140e-02,6.712200e-02,3.008596e-03,5.636275e-02,1.718701e-01,2.949370e-02,3.196251e-03,3.335128e-03
7.579027e-02,1.158290e-02,3.019426e-02,9.059135e-02,4.499378e-01,2.613654e-02,5.968394e-03,1.690875e-02,8.920451e-02,2.387488e-03,4.711957e-02,1.242101e-01,2.346642e-02,2.624673e-03,3.877002e-03
8.828408e-02,1.932112e-02,2.311703e-02,7.297008e-02,5.108116e-01,4.584853e-02,8.307396e-03,1.295595e-02,6.563234e-02,1.811345e-03,3.802632e-02,8.841720e-02,1.908582e-02,2.319652e-03,3.091488e-03
8.018847e-02,1.840971e-02,1.705541e-02,1.094485e-01,5.312312e-01,3.983950e-02,1.067175e-02,2.880643e-02,4.890228e-02,1.345132e-03,2.842011e-02,6.575181e-02,1.549748e-02,1.894277e-03,2.537866e-03
6.650116e-02,1.338357e-02,1.273634e-02,7.856249e-02,4.699089e-01,2.975299e-02,8.324581e-03,2.017258e-01,3.648527e-02,9.532273e-04,2.038302e-02,4.664785e-02,1.149118e-02,1.339503e-03,1.804060e-03
5.219019e-02,9.432801e-03,9.239584e-03,5.579751e-02,3.675863e-01,2.138592e-02,6.469700e-03,3.930725e-01,2.628952e-02,6.725065e-04,1.457395e-02,3.273293e-02,8.348371e-03,9.408817e-04,1.267321e-03
3.722915e-02,6.613573e-03,6.509645e-03,3.917539e-02,2.637146e-01,1.531485e-02,4.736093e-03,5.668852e-01,1.842706e-02,4.799745e-04,1.034812e-02,2.292731e-02,6.084298e-03,6.606876e-04,8.939019e-04
2.761471e-02,4.684422e-03,4.674434e-03,2.786033e-02,1.888502e-01,1.174296e-02,3.677419e-03,6.378050e-01,1.304541e-02,9.304594e-04,2.464087e-02,2.113005e-02,3.124696e-02,1.014623e-03,1.082107e-03
1.998304e-02,3.338141e-03,3.307037e-03,2.134880e-02,1.330130e-01,8.974747e-03,2.697691e-03,5.353486e-01,9.555819e-03,1.526684e-03,7.873388e-02,6.483049e-02,1.142236e-01,1.861848e-03,1.256669e-03
1.405537e-02,2.400697e-03,2.325303e-03,1.521372e-02,9.326388e-02,6.450293e-03,1.973833e-03,3.901424e-01,6.978336e-03,1.498498e-03,7.478195e-02,1.218445e-01,2.652960e-01,2.766748e-03,1.008568e-03
1.023074e-02,1.834575e-03,1.686466e-03,1.087054e-02,6.552470e-02,5.098199e-03,1.479676e-03,2.853041e-01,6.365157e-03,1.614953e-03,1.088197e-01,2.714126e-01,2.163606e-01,1.251153e-02,8.863927e-04
7.342573e-03,1.312502e-03,1.264534e-03,7.775762e-03,4.590991e-02,4.836750e-03,1.054327e-03,2.026816e-01,6.084624e-03,1.295487e-03,1.078550e-01,4.480778e-01,1.532094e-01,1.065591e-02,6.438785e-04
5.204022e-03,9.479928e-04,9.321439e-04,5.524363e-03,3.283077e-02,4.680235e-03,7.652023e-04,1.423033e-01,4.990196e-03,1.084945e-03,8.649699e-02,5.982382e-01,1.077440e-01,7.791408e-03,4.662930e-04
3.705935e-03,7.321694e-04,7.906355e-04,3.920916e-03,2.593054e-02,4.087468e-03,5.507736e-04,9.975450e-02,4.222613e-03,8.626945e-04,7.363262e-02,6.996889e-01,7.598925e-02,5.774694e-03,3.563036e-04
2.844875e-03,9.841981e-04,1.139066e-03,2.810584e-03,6.570567e-02,7.249978e-03,5.067299e-04,7.059847e-02,4.116500e-03,1.033616e-03,5.764865e-02,7.257214e-01,5.512409e-02,4.226879e-03,2.893617e-04
2.380505e-03,1.525538e-03,1.276852e-03,2.004834e-03,9.296793e-02,1.563080e-02,4.131188e-04,4.963892e-02,3.578237e-03,1.083949e-03,4.341453e-02,7.434357e-01,3.926932e-02,3.137282e-03,2.424793e-04
2.168152e-03,1.688891e-03,1.443166e-03,1.477913e-03,8.057724e-02,1.544640e-02,3.423074e-04,3.483334e-02,2.626279e-03,9.101165e-04,3.572338e-02,7.923359e-01,2.765685e-02,2.541317e-03,2.287746e-04
3.271418e-03,1.528018e-03,1.219679e-03,1.163025e-03,6.373502e-02,1.811177e-02,4.062448e-04,2.453632e-02,1.981450e-03,8.140022e-04,4.918823e-02,8.116665e-01,1.954165e-02,2.469883e-03,3.668126e-04
5.263699e-03,1.776749e-03,1.124276e-03,9.857393e-04,5.316482e-02,2.245376e-02,3.962266e-04,1.727946e-02,1.626815e-03,8.104549e-04,7.157560e-02,8.064009e-01,1.387328e-02,2.625900e-03,6.423189e-04
4.963470e-03,2.424018e-03,1.047593e-03,9.559877e-04,4.324017e-02,2.510882e-02,3.769485e-04,1.215355e-02,1.301721e-03,7.547048e-04,1.161485e-01,7.780637e-01,9.864463e-03,2.431519e-03,1.164792e-03
4.139326e-03,2.366375e-03,9.425962e-04,8.456233e-04,3.254338e-02,1.862903e-02,3.133153e-04,8.553663e-03,1.047293e-03,7.157790e-04,1.447449e-01,7.750983e-01,6.957289e-03,2.082543e-03,1.020571e-03
3.229484e-03,4.069403e-03,1.272374e-03,8.827228e-04,2.828561e-02,1.340125e-02,4.249476e-04,6.207965e-03,1.249048e-03,1.126676e-03,1.362360e-01,7.956805e-01,4.956305e-03,2.011951e-03,9.657422e-04
2.624659e-03,4.123524e-03,2.652542e-03,1.316223e-03,2.943948e-02,2.246107e-02,2.834890e-03,8.954057e-03,1.441006e-03,1.085126e-03,1.040933e-01,8.129345e-01,3.601288e-03,1.689617e-03,7.487503e-04
2.523742e-03,3.694638e-03,6.082303e-03,2.746229e-03,5.925051e-02,2.255730e-02,1.974180e-02,4.691122e-02,2.512202e-03,1.105501e-03,8.470967e-02,7.430806e-01,2.720510e-03,1.737429e-03,6.263144e-04
4.454551e-03,1.174649e-02,1.253130e-02,3.282940e-03,1.214615e-01,5.410479e-02,2.712303e-02,5.216723e-02,1.297415e-02,2.634699e-03,8.311976e-02,6.058135e-01,2.371343e-03,1.925392e-03,4.289314e-03
1.121224e-02,2.992022e-02,4.027398e-02,3.715585e-03,1.577094e-01,7.434177e-02,3.494570e-02,5.856011e-02,2.272334e-02,8.268430e-03,7.628590e-02,4.511408e-01,2.906868e-03,2.007248e-03,2.598844e-02
2.048647e-02,6.112688e-02,7.303903e-02,5.879036e-03,1.435146e-01,1.310602e-01,2.962672e-02,4.873796e-02,2.497036e-02,8.670667e-03,6.535468e-02,3.215645e-01,4.468602e-03,1.672728e-03,5.982765e-02
2.195340e-02,6.195696e-02,1.088241e-01,8.573973e-03,1.490264e-01,1.727142e-01,2.242793e-02,3.718405e-02,3.550867e-02,1.025521e-02,5.080279e-02,2.265526e-01,5.985451e-03,1.612803e-03,8.662155e-02
2.692515e-02,5.657762e-02,1.240074e-01,9.711605e-03,1.665575e-01,2.351196e-01,1.897421e-02,2.938259e-02,4.582632e-02,8.900550e-03,4.371650e-02,1.593336e-01,5.959653e-03,1.539248e-03,6.746845e-02
3.445660e-02,5.672844e-02,1.350931e-01,1.452944e-02,1.730862e-01,2.601117e-01,1.557405e-02,2.688818e-02,5.836060e-02,7.933883e-03,4.217520e-02,1.123937e-01,6.044307e-03,2.379275e-03,5.424539e-02
5.247297e-02,6.018747e-02,1.175441e-01,1.549893e-02,2.076429e-01,2.608523e-01,1.396022e-02,2.510852e-02,7.264329e-02,6.602256e-03,3.765237e-02,7.987020e-02,5.709158e-03,4.034364e-03,4.022096e-02
6.068929e-02,5.782665e-02,9.765953e-02,2.021023e-02,2.640351e-01,1.967520e-01,1.306362e-02,6.472776e-02,8.601162e-02,5.156524e-03,3.878595e-02,5.736374e-02,5.054953e-03,3.551902e-03,2.911118e-02
7.473685e-02,8.537151e-02,7.772380e-02,2.419525e-02,2.476118e-01,1.481425e-01,1.023159e-02,6.703866e-02,1.480132e-01,4.612773e-03,3.757659e-02,4.350254e-02,4.122444e-03,4.661865e-03,2.245866e-02
9.025049e-02,8.420657e-02,6.746836e-02,3.253983e-02,2.485287e-01,1.134085e-01,1.114219e-02,9.733146e-02,1.608876e-01,3.973400e-03,2.967532e-02,3.317185e-02,4.363583e-03,5.337229e-03,1.771492e-02
1.308379e-01,7.291111e-02,5.760000e-02,3.898007e-02,2.206362e-01,9.939633e-02,1.199424e-02,1.230712e-01,1.547131e-01,6.154832e-03,2.773638e-02,2.832286e-02,4.412333e-03,6.831979e-03,1.640156e-02
1.664906e-01,5.690122e-02,4.795239e-02,4.477175e-02,1.907249e-01,7.355125e-02,1.673263e-02,1.827265e-01,1.394505e-01,7.695348e-03,2.564452e-02,2.387221e-02,3.982293e-03,6.348840e-03,1.315513e-02
2.162953e-01,4.341483e-02,4.283153e-02,6.437632e-02,1.570468e-01,5.876234e-02,1.722475e-02,1.987799e-01,1.225507e-01,6.487039e-03,2.384731e-02,2.321972e-02,5.501410e-03,6.386184e-03,1.327585e-02
2.815745e-01,3.541893e-02,3.605242e-02,8.411516e-02,1.337942e-01,4.713935e-02,1.372446e-02,1.761217e-01,1.173837e-01,6.210261e-03,2.076920e-02,2.105264e-02,5.966758e-03,7.268364e-03,1.340834e-02
3.349219e-01,2.917055e-02,3.309504e-02,8.489324e-02,1.128177e-01,4.196846e-02,1.344171e-02,1.728792e-01,9.943253e-02,6.242950e-03,2.024582e-02,1.961644e-02,6.583940e-03,8.140001e-03,1.655045e-02
3.597672e-01,2.716950e-02,3.652543e-02,9.838756e-02,9.032024e-02,4.064813e-02,1.185166e-02,1.573012e-01,8.400460e-02,7.534870e-03,2.046577e-02,1.907978e-02,9.070274e-03,9.670003e-03,2.820378e-02
2.668968e-01,2.706266e-02,3.594003e-02,9.034252e-02,6.649376e-02,7.467641e-02,1.074672e-02,1.186647e-01,7.945719e-02,1.096329e-02,2.183671e-02,2.510235e-02,1.238655e-01,9.789571e-03,3.816168e-02
1.989029e-01,2.272388e-02,2.773404e-02,6.989703e-02,4.982545e-02,6.553205e-02,1.265950e-02,8.474618e-02,1.127049e-01,1.189670e-02,2.678946e-02,3.921614e-02,2.055770e-01,1.870408e-02,5.309069e-02
1.522414e-01,1.805149e-02,1.975063e-02,5.555436e-02,3.607854e-02,4.734226e-02,1.173466e-02,6.009851e-02,1.487851e-01,1.558822e-02,7.725285e-02,5.197184e-02,2.068842e-01,4.316775e-02,5.549810e-02
1.195339e-01,1.463395e-02,1.406692e-02,4.120803e-02,2.607877e-02,3.490185e-02,8.985024e-03,4.253850e-02,1.397789e-01,1.403284e-02,7.564351e-02,6.208544e-02,1.872474e-01,1.302993e-01,8.896564e-02
8.820328e-02,1.094695e-02,1.122817e-02,3.225757e-02,3.454502e-02,2.641395e-02,7.530913e-03,3.539918e-02,1.282814e-01,1.560815e-02,8.292847e-02,6.802823e-02,1.792395e-01,1.093993e-01,1.699899e-01
6.464743e-02,1.466224e-02,8.551151e-03,2.330335e-02,3.496168e-02,1.933589e-02,5.427681e-03,2.559895e-02,2.407253e-01,1.297731e-02,7.033166e-02,5.705627e-02,1.335497e-01,1.127826e-01,1.760887e-01
7.961559e-02,3.292823e-02,9.841479e-03,2.073858e-02,4.319357e-02,1.618832e-02,4.379187e-03,2.256568e-02,3.060039e-01,1.076714e-02,6.252798e-02,4.365002e-02,9.729905e-02,1.164650e-01,1.338363e-01
7.166868e-02,7.493090e-02,1.182043e-02,5.177449e-02,4.466736e-02,1.876101e-02,3.446769e-03,2.095374e-02,3.075834e-01,9.210706e-03,4.882000e-02,3.290494e-02,7.667882e-02,1.194621e-01,1.073166e-01
6.147735e-02,6.099503e-02,1.438222e-02,9.882259e-02,4.750649e-02,1.989838e-02,3.214977e-03,3.927824e-02,2.804779e-01,8.117530e-03,6.970480e-02,2.557903e-02,6.554513e-02,1.112395e-01,9.376087e-02
5.141321e-02,5.626214e-02,1.604420e-02,2.109049e-01,3.888790e-02,1.586597e-02,2.389170e-03,3.104587e-02,2.914901e-01,7.049483e-03,6.087676e-02,1.999406e-02,5.121961e-02,7.919115e-02,6.736545e-02
5.284350e-02,5.120799e-02,1.405294e-02,1.936640e-01,3.495133e-02,1.310136e-02,2.052679e-03,4.375878e-02,2.977374e-01,6.522066e-03,9.523142e-02,2.024671e-02,5.396529e-02,6.444485e-02,5.621968e-02
7.152280e-02,4.039677e-02,1.077391e-02,1.585531e-01,2.695812e-02,1.769529e-02,2.029340e-03,3.230705e-02,2.336179e-01,5.021954e-03,7.839958e-02,1.888042e-02,2.149114e-01,4.592015e-02,4.301216e-02
6.269265e-02,3.688364e-02,8.513265e-03,1.137468e-01,2.335670e-02,1.701459e-02,2.050150e-03,2.956171e-02,1.938958e-01,3.851674e-03,5.867280e-02,1.898443e-02,3.592613e-01,3.282585e-02,3.868864e-02
4.567932e-02,3.704328e-02,7.241540e-03,9.393588e-02,2.370666e-02,1.712747e-02,1.954752e-03,2.370889e-02,3.047376e-01,3.291973e-03,4.680412e-02,1.594961e-02,3.230788e-01,2.339088e-02,3.234927e-02
4.028899e-02,2.937231e-02,6.925285e-03,7.150144e-02,2.154103e-02,3.182883e-02,1.955127e-03,3.141585e-02,2.369516e-01,3.441251e-03,3.710981e-02,1.447619e-02,4.067647e-01,1.873893e-02,4.768867e-02
3.088781e-02,2.872114e-02,1.047778e-02,1.069189e-01,1.845694e-02,5.681473e-02,2.313663e-03,3.638734e-02,2.406541e-01,5.590423e-03,2.903928e-02,1.124482e-02,3.550861e-01,1.453477e-02,5.287229e-02
2.710282e-02,2.680302e-02,1.061396e-02,8.057769e-02,1.569092e-02,8.423372e-02,2.536756e-03,4.235642e-02,2.153586e-01,5.443742e-03,2.283378e-02,9.770470e-03,3.726460e-01,1.202032e-02,7.201188e-02
3.059330e-02,5.402512e-02,9.573350e-03,6.263787e-02,2.986768e-02,1.374735e-01,2.969677e-03,3.753346e-02,2.661489e-01,4.236287e-03,1.634190e-02,7.652336e-03,2.732706e-01,9.003667e-03,5.867233e-02
3.076608e-02,8.285297e-02,8.256225e-03,5.007736e-02,3.149774e-02,1.587858e-01,2.856953e-03,2.878217e-02,3.313255e-01,3.474355e-03,1.159853e-02,5.715915e-03,1.971144e-01,6.542741e-03,5.035317e-02
2.526847e-02,9.536408e-02,6.730754e-03,8.613838e-02,2.422257e-02,1.400259e-01,2.083365e-03,2.281342e-02,3.728063e-01,3.290176e-03,1.312921e-02,4.670116e-03,1.404071e-01,4.808309e-03,5.824186e-02
3.508435e-02,9.244311e-02,6.560755e-03,6.355878e-02,3.396229e-02,1.216312e-01,4.138693e-03,5.367658e-02,4.052711e-01,3.426559e-03,1.016688e-02,3.476522e-03,1.027559e-01,3.839248e-03,6.000810e-02
3.894804e-02,6.994211e-02,5.338548e-03,8.202830e-02,3.011227e-02,9.354367e-02,3.945853e-03,4.633255e-02,4.614036e-01,7.141418e-03,1.247638e-02,3.965293e-03,7.750788e-02,3.808420e-03,6.350568e-02
3.294441e-02,5.369188e-02,4.577539e-03,6.514893e-02,2.227335e-02,6.759389e-02,2.948454e-03,3.368544e-02,5.166786e-01,9.820858e-03,1.820800e-02,4.944012e-03,6.819078e-02,7.519706e-03,9.177413e-02
3.125937e-02,5.472765e-02,4.695887e-03,5.003826e-02,1.814117e-02,4.920087e-02,2.487509e-03,2.578273e-02,4.668162e-01,1.093874e-02,2.492901e-02,6.239925e-03,8.462165e-02,3.080803e-02,1.393130e-01
3.444320e-02,4.421586e-02,9.288920e-03,4.063702e-02,1.712020e-02,4.855595e-02,2.631158e-03,2.027645e-02,3.627411e-01,1.315520e-02,3.667735e-02,1.725376e-02,1.881459e-01,3.721794e-02,1.276399e-01
3.072774e-02,3.212369e-02,7.392013e-03,3.490391e-02,1.429332e-02,4.158854e-02,2.330686e-03,1.560047e-02,2.591198e-01,1.089380e-02,3.803030e-02,2.836208e-02,3.602633e-01,2.844438e-02,9.592595e-02
2.990676e-02,2.462561e-02,6.689874e-03,2.655253e-02,1.067783e-02,3.110065e-02,2.440227e-03,1.129478e-02,1.904297e-01,1.645492e-02,3.585538e-02,7.098758e-02,4.458482e-01,2.648531e-02,7.065067e-02
3.837420e-02,2.975516e-02,8.902369e-03,2.058493e-02,1.127942e-02,2.996466e-02,3.944619e-03,1.162738e-02,1.730710e-01,1.447664e-02,3.091032e-02,7.233918e-02,4.748552e-01,2.289523e-02,5.701965e-02
3.853625e-02,2.680189e-02,8.322695e-03,1.566424e-02,1.057782e-02,2.586744e-02,4.525051e-03,9.429562e-03,1.394087e-01,1.255871e-02,2.458786e-02,8.940905e-02,5.248690e-01,2.229832e-02,4.714347e-02
3.288929e-02,2.310183e-02,6.814143e-03,1.186714e-02,9.064260e-03,2.037795e-02,3.835380e-03,6.906357e-03,1.167268e-01,9.698815e-03,2.096457e-02,8.312044e-02,6.002159e-01,1.818184e-02,3.623527e-02
3.759257e-02,2.149503e-02,5.278933e-03,8.989031e-03,7.620023e-03,1.752291e-02,3.296892e-03,5.172335e-03,9.562008e-02,8.413098e-03,1.655498e-02,8.651577e-02,6.341676e-01,2.104186e-02,3.071890e-02
7.869518e-02,1.923430e-02,4.085795e-03,8.052858e-03,6.871412e-03,1.832458e-02,3.225787e-03,4.312980e-03,1.007299e-01,8.079709e-03,1.449405e-02,7.907347e-02,6.107252e-01,1.909816e-02,2.499663e-02
7.951379e-02,2.238391e-02,4.131210e-03,8.758418e-03,6.295972e-03,1.627149e-02,3.074202e-03,3.990155e-03,1.143250e-01,1.011972e-02,1.460758e-02,8.796923e-02,5.896254e-01,1.732642e-02,2.160756e-02
1.066388e-01,2.203163e-02,6.308467e-03,9.431258e-03,6.196848e-03,1.543458e-02,2.988774e-03,4.206222e-03,1.216489e-01,8.349426e-03,1.396739e-02,7.403541e-02,5.771912e-01,1.348934e-02,1.808177e-02
2.198972e-01,1.738837e-02,7.121903e-03,1.088591e-02,6.723920e-03,1.642155e-02,3.315065e-03,5.375968e-03,1.076932e-01,8.228062e-03,1.481170e-02,6.242852e-02,4.956275e-01,1.006081e-02,1.402046e-02
3.469010e-01,1.480027e-02,7.916562e-03,1.262787e-02,8.396907e-03,1.618058e-02,3.665722e-03,6.848632e-03,9.926175e-02,7.678221e-03,1.389165e-02,5.470746e-02,3.876114e-01,7.520639e-03,1.199134e-02
3.935106e-01,1.640644e-02,1.475064e-02,1.484742e-02,1.121134e-02,1.673742e-02,4.086806e-03,1.204151e-02,9.004849e-02,1.355521e-02,1.659579e-02,6.719886e-02,3.083318e-01,6.047112e-03,1.463053e-02
4.059377e-01,1.431352e-02,1.557749e-02,2.243450e-02,1.819974e-02,1.692183e-02,4.429203e-03,4.051998e-02,8.335184e-02,1.559754e-02,1.604524e-02,6.064849e-02,2.682860e-01,5.204025e-03,1.253295e-02
3.414552e-01,2.123205e-02,2.378240e-02,2.653838e-02,9.665517e-02,1.473500e-02,1.027973e-02,7.084745e-02,8.706543e-02,1.326328e-02,1.505435e-02,4.694286e-02,2.172667e-01,4.398323e-03,1.048366e-02
3.040786e-01,1.726116e-02,3.390974e-02,2.263869e-02,1.076417e-01,1.520590e-02,2.904325e-02,1.615656e-01,6.989022e-02,1.033987e-02,1.271283e-02,3.868042e-02,1.637107e-01,3.421986e-03,9.899393e-03
2.516958e-01,1.349384e-02,6.345448e-02,1.866428e-02,9.728970e-02,1.456071e-02,7.212625e-02,2.313335e-01,5.331357e-02,7.939747e-03,1.037236e-02,3.231471e-02,1.215681e-01,2.617404e-03,9.255558e-03
2.074319e-01,1.048356e-02,8.237898e-02,1.386173e-02,8.044598e-02,1.432073e-02,1.116315e-01,3.041539e-01,4.015089e-02,5.907482e-03,8.043192e-03,2.326133e-02,8.797981e-02,2.035308e-03,7.913735e-03
1.643402e-01,8.412862e-03,8.265369e-02,1.046958e-02,6.457404e-02,1.296782e-02,2.249475e-01,2.999853e-01,3.328889e-02,4.568511e-03,5.792749e-03,1.659227e-02,6.314798e-02,1.596371e-03,6.662271e-03
1.260253e-01,6.979139e-03,7.777638e-02,8.355659e-03,5.894341e-02,1.026171e-02,2.035440e-01,4.045554e-01,3.032755e-02,3.556882e-03,4.567286e-03,1.185364e-02,4.549444e-02,1.334400e-03,6.424678e-03
1.085980e-01,5.553402e-03,6.471936e-02,8.529845e-03,5.403592e-02,9.669114e-03,1.991730e-01,4.633954e-01,2.743110e-02,3.426058e-03,4.269698e-03,9.208832e-03,3.392032e-02,1.296760e-03,6.773144e-03
9.818484e-02,4.823223e-03,5.186056e-02,8.449638e-03,5.443164e-02,8.333083e-03,1.813207e-01,5.223982e-01,2.442108e-02,2.878864e-03,3.510400e-03,7.308927e-03,2.462197e-02,1.271232e-03,6.185652e-03
8.383692e-02,4.722923e-03,4.356944e-02,7.417812e-03,4.609603e-02,6.773851e-03,1.502627e-01,6.004913e-01,2.133642e-02,2.752403e-03,2.812406e-03,5.602379e-03,1.771168e-02,1.402627e-03,5.211058e-03
7.295705e-02,4.068917e-03,3.543036e-02,6.464071e-03,3.540436e-02,5.969740e-03,1.176946e-01,6.778094e-01,1.703040e-02,2.292648e-03,2.244287e-03,4.338291e-03,1.278057e-02,1.166273e-03,4.348961e-03
7.189906e-02,3.829547e-03,3.836043e-02,7.321562e-03,3.016345e-02,6.808421e-03,9.741330e-02,7.045228e-01,1.330361e-02,3.317947e-03,2.336939e-03,4.352308e-03,9.594537e-03,1.114880e-03,5.661163e-03
8.256961e-02,3.268206e-03,3.209180e-02,7.713254e-03,2.380853e-02,7.004382e-03,7.108843e-02,7.392638e-01,1.032651e-02,2.910790e-03,2.370487e-03,4.168698e-03,7.201410e-03,9.447244e-04,5.269368e-03
7.681829e-02,2.542659e-03,2.445902e-02,6.477012e-03,1.822386e-02,6.348862e-03,5.088390e-02,7.870557e-01,7.783035e-03,2.553393e-03,2.219108e-03,3.849215e-03,5.453032e-03,7.708715e-04,4.562035e-03
5.768517e-02,2.333475e-03,1.814742e-02,7.323717e-03,1.398060e-02,5.360598e-03,3.583085e-02,6.794947e-01,4.934545e-02,4.684994e-02,2.148242e-02,1.162937e-02,3.853557e-02,5.700115e-03,6.300607e-03
4.130271e-02,1.817293e-03,1.274187e-02,7.971216e-03,1.006577e-02,3.994191e-03,2.513747e-02,5.145731e-01,7.350025e-02,4.695164e-02,4.121994e-02,1.950498e-02,1.646881e-01,2.607443e-02,1.045696e-02
2.924301e-02,1.319506e-03,8.939589e-03,5.897859e-03,7.515842e-03,3.004447e-03,1.771620e-02,3.756997e-01,5.770364e-02,3.427807e-02,5.414464e-02,1.549779e-02,3.235523e-01,4.839489e-02,1.709248e-02
2.132394e-02,1.262949e-03,6.409509e-03,6.295538e-03,5.838111e-03,3.596390e-03,1.252006e-02,2.713405e-01,7.132623e-02,2.752060e-02,6.514625e-02,1.716141e-02,3.170960e-01,1.299367e-01,4.322579e-02
1.520029e-02,9.564104e-04,4.509785e-03,4.725994e-03,4.378221e-03,2.803718e-03,8.786077e-03,1.904847e-01,7.240693e-02,2.039473e-02,5.845071e-02,1.346027e-02,2.419484e-01,3.068601e-01,5.463363e-02
1.086248e-02,8.433793e-04,3.176529e-03,3.350292e-03,3.156683e-03,2.742316e-03,6.175359e-03,1.334135e-01,6.421064e-02,1.522610e-02,4.314150e-02,9.706425e-03,1.707558e-01,4.629116e-01,7.032736e-02
8.746735e-03,1.282358e-03,2.307015e-03,2.361545e-03,2.763340e-03,3.878100e-03,4.348950e-03,9.341691e-02,5.741807e-02,1.338654e-02,3.203177e-02,7.016302e-03,1.204685e-01,4.865414e-01,1.640325e-01
7.207131e-03,3.552526e-02,1.182511e-02,1.940513e-03,2.869341e-03,6.678866e-03,3.171464e-03,6.553788e-02,6.887378e-02,1.170273e-02,2.780969e-02,6.019791e-03,8.733996e-02,5.245008e-01,1.389977e-01
7.166388e-03,5.051113e-02,9.108782e-03,1.480777e-03,2.502629e-03,7.631614e-03,2.261461e-03,4.593515e-02,8.697472e-02,1.271825e-02,2.164868e-02,5.434965e-03,6.368284e-02,5.657396e-01,1.172030e-01
5.524545e-03,4.385654e-02,6.806701e-03,1.084544e-03,1.956783e-03,7.373889e-03,1.595302e-03,3.216803e-02,8.925121e-02,9.707128e-03,1.692757e-02,4.127510e-03,4.540334e-02,6.394714e-01,9.474555e-02
5.071525e-03,5.611394e-02,7.053196e-03,1.197717e-03,1.663155e-03,8.982880e-03,1.212910e-03,2.256269e-02,1.694842e-01,9.338572e-03,1.383644e-02,3.282975e-03,3.313904e-02,5.916599e-01,7.540081e-02
4.536099e-03,6.863662e-02,6.190831e-03,1.334853e-03,1.649996e-03,9.184561e-03,8.716787e-04,1.584344e-02,2.163645e-01,1.295962e-02,1.199559e-02,2.414635e-03,2.482944e-02,5.635509e-01,5.963723e-02
6.426592e-03,9.672342e-02,7.359982e-03,1.729430e-03,4.809347e-03,1.100588e-02,7.357217e-04,1.162457e-02,2.376087e-01,1.819273e-02,1.015305e-02,1.804032e-03,2.135501e-02,5.218269e-01,4.864473e-02
7.541772e-03,1.890129e-01,1.053432e-02,1.817076e-03,1.045611e-02,9.714771e-03,5.655751e-04,8.629449e-03,2.512054e-01,5.106640e-02,7.986984e-03,1.284940e-03,1.776804e-02,3.901639e-01,4.225237e-02
8.324685e-03,2.320139e-01,1.070294e-02,1.835724e-03,1.307299e-02,8.572813e-03,4.323444e-04,6.323012e-03,3.053864e-01,7.408743e-02,5.959833e-03,9.147911e-04,1.566669e-02,2.816941e-01,3.501232e-02
7.644041e-03,2.279167e-01,9.480434e-03,1.741587e-03,1.225430e-02,6.607525e-03,3.370511e-04,4.576960e-03,3.273718e-01,1.414448e-01,4.376408e-03,6.738392e-04,1.758437e-02,1.995338e-01,3.845634e-02
7.620571e-03,2.132651e-01,7.477100e-03,2.436966e-03,1.271561e-02,5.222962e-03,2.642295e-04,3.228237e-03,3.377263e-01,2.047798e-01,3.488754e-03,4.928255e-04,1.494796e-02,1.401203e-01,4.621314e-02
7.477786e-03,1.981647e-01,8.367714e-03,4.422131e-03,1.259909e-02,4.345022e-03,2.377083e-04,2.363725e-03,3.574714e-01,2.276874e-01,2.749478e-03,3.807353e-04,1.326992e-02,9.840810e-02,6.205522e-02
5.801294e-03,1.794681e-01,8.388029e-03,3.406319e-03,8.968038e-03,3.144736e-03,1.740646e-04,1.677037e-03,3.191039e-01,3.374819e-01,2.037419e-03,2.913405e-04,9.619825e-03,6.897902e-02,5.145900e-02
5.077845e-03,1.789582e-01,6.472399e-03,2.567903e-03,6.551623e-03,2.321464e-03,1.275625e-04,1.193477e-03,2.583334e-01,4.316825e-01,2.137051e-03,2.402370e-04,7.487942e-03,4.843924e-02,4.840916e-02
4.125171e-03,2.388380e-01,4.739218e-03,1.842318e-03,4.646534e-03,1.701129e-03,9.044433e-05,8.441985e-04,2.055356e-01,4.490634e-01,1.758871e-03,2.211304e-04,5.630102e-03,3.414765e-02,4.681630e-02
3.180010e-03,3.157215e-01,3.444187e-03,1.305630e-03,3.260262e-03,1.262091e-03,6.422167e-05,5.946931e-04,1.665604e-01,4.170431e-01,1.625843e-03,3.157458e-04,5.754647e-03,2.526437e-02,5.460330e-02
2.839956e-03,3.707438e-01,2.598275e-03,9.289056e-04,2.308394e-03,1.097370e-03,4.828243e-05,4.234113e-04,1.391192e-01,3.573022e-01,2.591381e-03,3.273930e-04,4.836182e-03,3.728150e-02,7.755366e-02
2.975455e-03,3.415354e-01,2.406692e-03,6.588654e-04,1.650705e-03,1.103165e-03,4.230221e-05,3.021479e-04,1.263582e-01,2.589896e-01,4.696658e-03,2.906389e-04,3.821516e-03,1.601458e-01,9.502278e-02
7.312980e-03,2.575010e-01,3.959236e-02,2.419799e-03,2.654795e-03,1.232807e-02,1.031456e-04,4.653545e-04,1.902289e-01,1.919933e-01,1.518509e-02,3.436649e-04,8.082538e-03,1.493644e-01,1.224246e-01
