1.000000e+00,0.000000e+00,0.000000e+00,0.000000e+00,0.000000e+00,0.000000e+00,0.000000e+00,0.000000e+00,0.000000e+00,0.000000e+00,0.000000e+00,0.000000e+00,0.000000e+00,0.000000e+00,0.000000e+00
1.000000e+00,0.000000e+00,0.000000e+00,0.000000e+00,0.000000e+00,0.000000e+00,0.000000e+00,0.000000e+00,0.000000e+00,0.000000e+00,0.000000e+00,0.000000e+00,0.000000e+00,0.000000e+00,0.000000e+00
1.000000e+00,0.000000e+00,0.000000e+00,0.000000e+00,0.000000e+00,0.000000e+00,0.000000e+00,0.000000e+00,0.000000e+00,0.000000e+00,0.000000e+00,0.000000e+00,0.000000e+00,0.000000e+00,0.000000e+00
1.000000e+00,0.000000e+00,0.000000e+00,0.000000e+00,0.000000e+00,0.000000e+00,0.000000e+00,0.000000e+00,0.000000e+00,0.000000e+00,0.000000e+00,0.000000e+00,0.000000e+00,0.000000e+00,0.000000e+00
1.000000e+00,0.000000e+00,0.000000e+00,0.000000e+00,0.000000e+00,0.000000e+00,0.000000e+00,0.000000e+00,0.000000e+00,0.000000e+00,0.000000e+00,0.000000e+00,0.000000e+00,0.000000e+00,0.000000e+00
1.000000e+00,0.000000e+00,0.000000e+00,0.000000e+00,0.000000e+00,0.000000e+00,0.000000e+00,0.000000e+00,0.000000e+00,0.000000e+00,0.000000e+00,0.000000e+00,0.000000e+00,0.000000e+00,0.000000e+00
1.000000e+00,0.000000e+00,0.000000e+00,0.000000e+00,0.000000e+00,0.000000e+00,0.000000e+00,0.000000e+00,0.000000e+00,0.000000e+00,0.000000e+00,0.000000e+00,0.000000e+00,0.000000e+00,0.000000e+00
1.000000e+00,0.000000e+00,0.000000e+00,0.000000e+00,0.000000e+00,0.000000e+00,0.000000e+00,0.000000e+00,0.000000e+00,0.000000e+00,0.000000e+00,0.000000e+00,0.000000e+00,0.000000e+00,0.000000e+00
1.000000e+00,0.000000e+00,0.000000e+00,0.000000e+00,0.000000e+00,0.000000e+00,0.000000e+00,0.000000e+00,0.000000e+00,0.000000e+00,0.000000e+00,0.000000e+00,0.000000e+00,0.000000e+00,0.000000e+00
1.000000e+00,0.000000e+00,0.000000e+00,0.000000e+00,0.000000e+00,0.000000e+00,0.000000e+00,0.000000e+00,0.000000e+00,0.000000e+00,0.000000e+00,0.000000e+00,0.000000e+00,0.000000e+00,0.000000e+00
1.000000e+00,0.000000e+00,0.000000e+00,0.000000e+00,0.000000e+00,0.000000e+00,0.000000e+00,0.000000e+00,0.000000e+00,0.000000e+00,0.000000e+00,0.000000e+00,0.000000e+00,0.000000e+00,0.000000e+00
1.000000e+00,0.000000e+00,0.000000e+00,0.000000e+00,0.000000e+00,0.000000e+00,0.000000e+00,0.000000e+00,0.000000e+00,0.000000e+00,0.000000e+00,0.000000e+00,0.000000e+00,0.000000e+00,0.000000e+00
1.000000e+00,0.000000e+00,0.000000e+00,0.000000e+00,0.000000e+00,0.000000e+00,0.000000e+00,0.000000e+00,0.000000e+00,0.000000e+00,0.000000e+00,0.000000e+00,0.000000e+00,0.000000e+00,0.000000e+00
1.000000e+00,0.000000e+00,0.000000e+00,0.000000e+00,0.000000e+00,0.000000e+00,0.000000e+00,0.000000e+00,0.000000e+00,0.000000e+00,0.000000e+00,0.000000e+00,0.000000e+00,0.000000e+00,0.000000e+00
1.000000e+00,0.000000e+00,0.000000e+00,0.000000e+00,0.000000e+00,0.000000e+00,0.000000e+00,0.000000e+00,0.000000e+00,0.000000e+00,0.000000e+00,0.000000e+00,0.000000e+00,0.000000e+00,0.000000e+00
1.000000e+00,0.000000e+00,0.000000e+00,0.000000e+00,0.000000e+00,0.000000e+00,0.000000e+00,0.000000e+00,0.000000e+00,0.000000e+00,0.000000e+00,0.000000e+00,0.000000e+00,0.000000e+00,0.000000e+00
1.000000e+00,0.000000e+00,0.000000e+00,0.000000e+00,0.000000e+00,0.000000e+00,0.000000e+00,0.000000e+00,0.000000e+00,0.000000e+00,0.000000e+00,0.000000e+00,0.000000e+00,0.000000e+00,0.000000e+00
1.000000e+00,0.000000e+00,0.000000e+00,0.000000e+00,0.000000e+00,0.000000e+00,0.000000e+00,0.000000e+00,0.000000e+00,0.000000e+00,0.000000e+00,0.000000e+00,0.000000e+00,0.000000e+00,0.000000e+00
1.000000e+00,0.000000e+00,0.000000e+00,0.000000e+00,0.000000e+00,0.000000e+00,0.000000e+00,0.000000e+00,0.000000e+00,0.000000e+00,0.000000e+00,0.000000e+00,0.000000e+00,0.000000e+00,0.000000e+00
1.000000e+00,0.000000e+00,0.000000e+00,0.000000e+00,0.000000e+00,0.000000e+00,0.000000e+00,0.000000e+00,0.000000e+00,0.000000e+00,0.000000e+00,0.000000e+00,0.000000e+00,0.000000e+00,0.000000e+00
1.000000e+00,0.000000e+00,0.000000e+00,0.000000e+00,0.000000e+00,0.000000e+00,0.000000e+00,0.000000e+00,0.000000e+00,0.000000e+00,0.000000e+00,0.000000e+00,0.000000e+00,0.000000e+00,0.000000e+00
1.000000e+00,0.000000e+00,0.000000e+00,0.000000e+00,0.000000e+00,0.000000e+00,0.000000e+00,0.000000e+00,0.000000e+00,0.000000e+00,0.000000e+00,0.000000e+00,0.000000e+00,0.000000e+00,0.000000e+00
1.000000e+00,0.000000e+00,0.000000e+00,0.000000e+00,0.000000e+00,0.000000e+00,0.000000e+00,0.000000e+00,0.000000e+00,0.000000e+00,0.000000e+00,0.000000e+00,0.000000e+00,0.000000e+00,0.000000e+00
1.000000e+00,0.000000e+00,0.000000e+00,0.000000e+00,0.000000e+00,0.000000e+00,0.000000e+00,0.000000e+00,0.000000e+00,0.000000e+00,0.000000e+00,0.000000e+00,0.000000e+00,0.000000e+00,0.000000e+00
1.000000e+00,0.000000e+00,0.000000e+00,0.000000e+00,0.000000e+00,0.000000e+00,0.000000e+00,0.000000e+00,0.000000e+00,0.000000e+00,0.000000e+00,0.000000e+00,0.000000e+00,0.000000e+00,0.000000e+00
1.000000e+00,0.000000e+00,0.000000e+00,0.000000e+00,0.000000e+00,0.000000e+00,0.000000e+00,0.000000e+00,0.000000e+00,0.000000e+00,0.000000e+00,0.000000e+00,0.000000e+00,0.000000e+00,0.000000e+00
1.000000e+00,0.000000e+00,0.000000e+00,0.000000e+00,0.000000e+00,0.000000e+00,0.000000e+00,0.000000e+00,0.000000e+00,0.000000e+00,0.000000e+00,0.000000e+00,0.000000e+00,0.000000e+00,0.000000e+00
1.000000e+00,0.000000e+00,0.000000e+00,0.000000e+00,0.000000e+00,0.000000e+00,0.000000e+00,0.000000e+00,0.000000e+00,0.000000e+00,0.000000e+00,0.000000e+00,0.000000e+00,0.000000e+00,0.000000e+00
1.000000e+00,0.000000e+00,0.000000e+00,0.000000e+00,0.000000e+00,0.000000e+00,0.000000e+00,0.000000e+00,0.000000e+00,0.000000e+00,0.000000e+00,0.000000e+00,0.000000e+00,0.000000e+00,0.000000e+00
1.000000e+00,0.000000e+00,0.000000e+00,0.000000e+00,0.000000e+00,0.000000e+00,0.000000e+00,0.000000e+00,0.000000e+00,0.000000e+00,0.000000e+00,0.000000e+00,0.000000e+00,0.000000e+00,0.000000e+00
1.000000e+00,0.000000e+00,0.000000e+00,0.000000e+00,0.000000e+00,0.000000e+00,0.000000e+00,0.000000e+00,0.000000e+00,0.000000e+00,0.000000e+00,0.000000e+00,0.000000e+00,0.000000e+00,0.000000e+00
1.000000e+00,0.000000e+00,0.000000e+00,0.000000e+00,0.000000e+00,0.000000e+00,0.000000e+00,0.000000e+00,0.000000e+00,0.000000e+00,0.000000e+00,0.000000e+00,0.000000e+00,0.000000e+00,0.000000e+00
1.000000e+00,0.000000e+00,0.000000e+00,0.000000e+00,0.000000e+00,0.000000e+00,0.000000e+00,0.000000e+00,0.000000e+00,0.000000e+00,0.000000e+00,0.000000e+00,0.000000e+00,0.000000e+00,0.000000e+00
1.000000e+00,0.000000e+00,0.000000e+00,0.000000e+00,0.000000e+00,0.000000e+00,0.000000e+00,0.000000e+00,0.000000e+00,0.000000e+00,0.000000e+00,0.000000e+00,0.000000e+00,0.000000e+00,0.000000e+00
1.000000e+00,0.000000e+00,0.000000e+00,0.000000e+00,0.000000e+00,0.000000e+00,0.000000e+00,0.000000e+00,0.000000e+00,0.000000e+00,0.000000e+00,0.000000e+00,0.000000e+00,0.000000e+00,0.000000e+00
1.000000e+00,0.000000e+00,0.000000e+00,0.000000e+00,0.000000e+00,0.000000e+00,0.000000e+00,0.000000e+00,0.000000e+00,0.000000e+00,0.000000e+00,0.000000e+00,0.000000e+00,0.000000e+00,0.000000e+00
1.000000e+00,0.000000e+00,0.000000e+00,0.000000e+00,0.000000e+00,0.000000e+00,0.000000e+00,0.000000e+00,0.000000e+00,0.000000e+00,0.000000e+00,0.000000e+00,0.000000e+00,0.000000e+00,0.000000e+00
1.000000e+00,0.000000e+00,0.000000e+00,0.000000e+00,0.000000e+00,0.000000e+00,0.000000e+00,0.000000e+00,0.000000e+00,0.000000e+00,0.000000e+00,0.000000e+00,0.000000e+00,0.000000e+00,0.000000e+00
1.000000e+00,0.000000e+00,0.000000e+00,0.000000e+00,0.000000e+00,0.000000e+00,0.000000e+00,0.000000e+00,0.000000e+00,0.000000e+00,0.000000e+00,0.000000e+00,0.000000e+00,0.000000e+00,0.000000e+00
1.000000e+00,0.000000e+00,0.000000e+00,0.000000e+00,0.000000e+00,0.000000e+00,0.000000e+00,0.000000e+00,0.000000e+00,0.000000e+00,0.000000e+00,0.000000e+00,0.000000e+00,0.000000e+00,0.000000e+00
1.000000e+00,0.000000e+00,0.000000e+00,0.000000e+00,0.000000e+00,0.000000e+00,0.000000e+00,0.000000e+00,0.000000e+00,0.000000e+00,0.000000e+00,0.000000e+00,0.000000e+00,0.000000e+00,0.000000e+00
1.000000e+00,0.000000e+00,0.000000e+00,0.000000e+00,0.000000e+00,0.000000e+00,0.000000e+00,0.000000e+00,0.000000e+00,0.000000e+00,0.000000e+00,0.000000e+00,0.000000e+00,0.000000e+00,0.000000e+00
1.000000e+00,0.000000e+00,0.000000e+00,0.000000e+00,0.000000e+00,0.000000e+00,0.000000e+00,0.000000e+00,0.000000e+00,0.000000e+00,0.000000e+00,0.000000e+00,0.000000e+00,0.000000e+00,0.000000e+00
1.000000e+00,0.000000e+00,0.000000e+00,0.000000e+00,0.000000e+00,0.000000e+00,0.000000e+00,0.000000e+00,0.000000e+00,0.000000e+00,0.000000e+00,0.000000e+00,0.000000e+00,0.000000e+00,0.000000e+00
1.000000e+00,0.000000e+00,0.000000e+00,0.000000e+00,0.000000e+00,0.000000e+00,0.000000e+00,0.000000e+00,0.000000e+00,0.000000e+00,0.000000e+00,0.000000e+00,0.000000e+00,0.000000e+00,0.000000e+00
1.000000e+00,0.000000e+00,0.000000e+00,0.000000e+00,0.000000e+00,0.000000e+00,0.000000e+00,0.000000e+00,0.000000e+00,0.000000e+00,0.000000e+00,0.000000e+00,0.000000e+00,0.000000e+00,0.000000e+00
1.000000e+00,0.000000e+00,0.000000e+00,0.000000e+00,0.000000e+00,0.000000e+00,0.000000e+00,0.000000e+00,0.000000e+00,0.000000e+00,0.000000e+00,0.000000e+00,0.000000e+00,0.000000e+00,0.000000e+00
1.000000e+00,0.000000e+00,0.000000e+00,0.000000e+00,0.000000e+00,0.000000e+00,0.000000e+00,0.000000e+00,0.000000e+00,0.000000e+00,0.000000e+00,0.000000e+00,0.000000e+00,0.000000e+00,0.000000e+00
1.000000e+00,0.000000e+00,0.000000e+00,0.000000e+00,0.000000e+00,0.000000e+00,0.000000e+00,0.000000e+00,0.000000e+00,0.000000e+00,0.000000e+00,0.000000e+00,0.000000e+00,0.000000e+00,0.000000e+00
1.000000e+00,0.000000e+00,0.000000e+00,0.000000e+00,0.000000e+00,0.000000e+00,0.000000e+00,0.000000e+00,0.000000e+00,0.000000e+00,0.000000e+00,0.000000e+00,0.000000e+00,0.000000e+00,0.000000e+00
1.000000e+00,0.000000e+00,0.000000e+00,0.000000e+00,0.000000e+00,0.000000e+00,0.000000e+00,0.000000e+00,0.000000e+00,0.000000e+00,0.000000e+00,0.000000e+00,0.000000e+00,0.000000e+00,0.000000e+00
1.000000e+00,0.000000e+00,0.000000e+00,0.000000e+00,0.000000e+00,0.000000e+00,0.000000e+00,0.000000e+00,0.000000e+00,0.000000e+00,0.000000e+00,0.000000e+00,0.000000e+00,0.000000e+00,0.000000e+00
1.000000e+00,0.000000e+00,0.000000e+00,0.000000e+00,0.000000e+00,0.000000e+00,0.000000e+00,0.000000e+00,0.000000e+00,0.000000e+00,0.000000e+00,0.000000e+00,0.000000e+00,0.000000e+00,0.000000e+00
1.000000e+00,0.000000e+00,0.000000e+00,0.000000e+00,0.000000e+00,0.000000e+00,0.000000e+00,0.000000e+00,0.000000e+00,0.000000e+00,0.000000e+00,0.000000e+00,0.000000e+00,0.000000e+00,0.000000e+00
1.000000e+00,0.000000e+00,0.000000e+00,0.000000e+00,0.000000e+00,0.000000e+00,0.000000e+00,0.000000e+00,0.000000e+00,0.000000e+00,0.000000e+00,0.000000e+00,0.000000e+00,0.000000e+00,0.000000e+00
1.000000e+00,0.000000e+00,0.000000e+00,0.000000e+00,0.000000e+00,0.000000e+00,0.000000e+00,0.000000e+00,0.000000e+00,0.000000e+00,0.000000e+00,0.000000e+00,0.000000e+00,0.000000e+00,0.000000e+00
3.856842e-01,1.207848e-02,4.042051e-02,2.344366e-02,6.136531e-03,5.255746e-02,3.605142e-01,5.027628e-02,3.807959e-03,1.325136e-03,6.865725e-03,2.970974e-02,1.657716e-02,1.238975e-03,9.363991e-03
2.852003e-01,8.830001e-03,3.405407e-02,1.700648e-02,4.569016e-03,4.183537e-02,5.128950e-01,4.305885e-02,2.805659e-03,1.038536e-03,5.027891e-03,2.249104e-02,1.289858e-02,9.817760e-04,7.307433e-03
2.186234e-01,6.458111e-03,2.699959e-02,1.227582e-02,3.352451e-03,3.782669e-02,6.139441e-01,4.062001e-02,2.051892e-03,7.819535e-04,3.676927e-03,1.674176e-02,1.000031e-02,7.693170e-04,5.877709e-03
1.785191e-01,4.848134e-03,2.207825e-02,9.091642e-03,2.563330e-03,3.399847e-02,6.542249e-01,6.370959e-02,1.573440e-03,5.991489e-04,2.670130e-03,1.220038e-02,8.439143e-03,6.321497e-04,4.852224e-03
1.292331e-01,3.448310e-03,1.639679e-02,6.491474e-03,1.853737e-03,2.547898e-02,7.271254e-01,6.763493e-02,1.130206e-03,4.317776e-04,1.885304e-03,8.625790e-03,6.258205e-03,4.621917e-04,3.543784e-03
1.021327e-01,2.545979e-03,1.223237e-02,4.788626e-03,1.398797e-03,2.065175e-02,7.735950e-01,6.536759e-02,8.560758e-04,3.206175e-04,1.353708e-03,6.263480e-03,5.229759e-03,3.443196e-04,2.919136e-03
1.205084e-01,2.153172e-03,9.745069e-03,4.273829e-03,1.224577e-03,2.155594e-02,7.410061e-01,8.134887e-02,7.589356e-04,2.855611e-04,1.088140e-03,5.906281e-03,6.122480e-03,2.949050e-04,3.727796e-03
1.107798e-01,1.718709e-03,7.861770e-03,3.760932e-03,1.158483e-03,1.799585e-02,7.266219e-01,1.136388e-01,6.520804e-04,2.379903e-04,8.730959e-04,5.185974e-03,5.982530e-03,2.783222e-04,3.253781e-03
1.056216e-01,1.567659e-03,7.350458e-03,3.689846e-03,2.193987e-03,1.718035e-02,6.665174e-01,1.794509e-01,6.307240e-04,2.524630e-04,8.428580e-04,4.819318e-03,6.702206e-03,3.019031e-04,2.878367e-03
1.104153e-01,1.828003e-03,7.438081e-03,3.484652e-03,2.825323e-03,1.881027e-02,6.531876e-01,1.831408e-01,6.597654e-04,3.469528e-04,8.844530e-04,5.350998e-03,7.515572e-03,3.790483e-04,3.733127e-03
1.599343e-01,2.821518e-03,7.839058e-03,5.588955e-03,3.507865e-03,2.722141e-02,5.866323e-01,1.779430e-01,7.859857e-04,4.400500e-04,1.218895e-03,8.435881e-03,1.088050e-02,5.201900e-04,6.230197e-03
2.069398e-01,3.169710e-03,8.561116e-03,6.655002e-03,4.822812e-03,2.642531e-02,5.314290e-01,1.767485e-01,9.317073e-04,5.444690e-04,1.452880e-03,1.206363e-02,1.198121e-02,6.729715e-04,7.601962e-03
2.571654e-01,3.347904e-03,9.037714e-03,7.407920e-03,5.938682e-03,2.689477e-02,4.868562e-01,1.632453e-01,1.020959e-03,6.391273e-04,1.673046e-03,1.531932e-02,1.263197e-02,7.690811e-04,8.052600e-03
2.968982e-01,4.317348e-03,1.088085e-02,8.747104e-03,7.312897e-03,2.906001e-02,4.486386e-01,1.468903e-01,1.112410e-03,1.035560e-03,2.030633e-03,1.908144e-02,1.264859e-02,1.099685e-03,1.024633e-02
3.155584e-01,4.807319e-03,9.271152e-03,8.756864e-03,6.904856e-03,2.849908e-02,4.304880e-01,1.437390e-01,1.297704e-03,9.873685e-04,2.265701e-03,2.176022e-02,1.344338e-02,1.087738e-03,1.113315e-02
2.503095e-01,5.720889e-03,8.618253e-03,1.328258e-02,7.270178e-03,4.748456e-02,4.436391e-01,1.441698e-01,4.976473e-03,1.851827e-03,3.757514e-03,2.187154e-02,3.172621e-02,1.151960e-03,1.416970e-02
2.790261e-01,8.290511e-03,7.827743e-03,2.259183e-02,7.070738e-03,5.755448e-02,3.428467e-01,1.230703e-01,7.847069e-03,2.826293e-03,5.450020e-03,2.889991e-02,7.658415e-02,1.158203e-03,2.895600e-02
2.899345e-01,8.499471e-03,8.015603e-03,2.118680e-02,6.701577e-03,4.790678e-02,2.756316e-01,9.755628e-02,7.323825e-03,3.762775e-03,8.277244e-03,3.741075e-02,1.481808e-01,1.648065e-03,3.796395e-02
2.057228e-01,6.829017e-03,6.395715e-03,2.274814e-02,1.254617e-02,4.680464e-02,2.174020e-01,7.251707e-02,1.673063e-02,2.632917e-02,1.291410e-02,3.613461e-02,2.199307e-01,3.623872e-03,9.337143e-02
1.535189e-01,5.502359e-03,5.404817e-03,1.892595e-02,1.449846e-02,3.995670e-02,1.664596e-01,5.437316e-02,1.852093e-02,4.392727e-02,2.159460e-02,3.523128e-02,2.444716e-01,6.760363e-03,1.708541e-01
1.123786e-01,3.989019e-03,3.937425e-03,1.478455e-02,1.202027e-02,3.135100e-02,1.195210e-01,3.834927e-02,2.074474e-02,5.684605e-02,2.376296e-02,2.989804e-02,2.427807e-01,1.015995e-02,2.794764e-01
8.175432e-02,3.026499e-03,3.335644e-03,1.078242e-02,6.578825e-02,2.229850e-02,8.441961e-02,2.714995e-02,3.274350e-02,4.415464e-02,2.945898e-02,2.864908e-02,1.808542e-01,8.940935e-03,3.766434e-01
5.850801e-02,2.525622e-03,2.894523e-03,7.964272e-03,1.381816e-01,1.679859e-02,5.964559e-02,1.917819e-02,6.679651e-02,3.176392e-02,2.539741e-02,2.274626e-02,1.291240e-01,6.485973e-03,4.119895e-01
4.203706e-02,2.577996e-03,2.389584e-03,1.234936e-02,1.122466e-01,1.424391e-02,4.185735e-02,1.383552e-02,2.854573e-01,4.416151e-02,1.935425e-02,1.772956e-02,9.113290e-02,4.618535e-03,2.960086e-01
3.067139e-02,2.136974e-03,2.822179e-03,2.776860e-02,1.008104e-01,2.126060e-02,2.960214e-02,1.031358e-02,3.892981e-01,3.623785e-02,3.911229e-02,2.566052e-02,6.902913e-02,3.508847e-03,2.117674e-01
2.364205e-02,1.862643e-03,3.436701e-03,4.062882e-02,9.446139e-02,3.185279e-02,2.089124e-02,8.094378e-03,3.491728e-01,2.716526e-02,9.798405e-02,6.612663e-02,7.848234e-02,2.847977e-03,1.533509e-01
1.687959e-02,1.716022e-03,3.235500e-03,3.344164e-02,6.659030e-02,2.328682e-02,1.467920e-02,5.810288e-03,2.491537e-01,1.741717e-01,1.482601e-01,5.757009e-02,9.304724e-02,2.131416e-03,1.100265e-01
1.207466e-02,1.494538e-03,2.665767e-03,2.496879e-02,4.717575e-02,1.734908e-02,1.031774e-02,4.778368e-03,1.803667e-01,3.620700e-01,1.282457e-01,4.335430e-02,8.553427e-02,1.573334e-03,7.803094e-02
1.487896e-02,5.794462e-02,1.010309e-02,1.410256e-01,3.645968e-02,1.471482e-02,7.692846e-03,4.036060e-03,1.638447e-01,2.707476e-01,1.169747e-01,3.320470e-02,6.932025e-02,1.641272e-03,5.741107e-02
1.080868e-02,4.149461e-02,7.858839e-03,1.024124e-01,2.676997e-02,1.239937e-02,5.564260e-03,3.845669e-03,1.215595e-01,3.990858e-01,1.088676e-01,2.834324e-02,8.647743e-02,1.706479e-03,4.280616e-02
8.563674e-03,3.049365e-02,6.723130e-03,8.018481e-02,2.179842e-02,1.055173e-02,4.221632e-03,3.774025e-03,9.156045e-02,4.895636e-01,1.084596e-01,2.596921e-02,8.099144e-02,2.836470e-03,3.430809e-02
7.125967e-03,2.286285e-02,8.607445e-03,5.772696e-02,1.775504e-02,8.270717e-03,3.941257e-03,2.289655e-02,6.928033e-02,5.358465e-01,9.248199e-02,1.960905e-02,1.059808e-01,2.435914e-03,2.517875e-02
7.246489e-03,1.734390e-02,9.030924e-03,6.119040e-02,1.685186e-02,1.771059e-02,3.338094e-03,2.032230e-02,5.882148e-02,5.561391e-01,8.381569e-02,2.936018e-02,9.612981e-02,3.236116e-03,1.946306e-02
2.742366e-02,1.406557e-02,9.052195e-03,4.476325e-02,1.378726e-02,2.174199e-02,3.246823e-03,1.566069e-02,4.681358e-02,5.536301e-01,7.585748e-02,4.581910e-02,1.035317e-01,4.010797e-03,2.059577e-02
2.311448e-02,1.043223e-02,7.507712e-03,3.172294e-02,1.137984e-02,1.619996e-02,2.426262e-03,1.223814e-02,3.636491e-02,6.209617e-01,6.616160e-02,3.741138e-02,9.064600e-02,5.594331e-03,2.783863e-02
2.093152e-02,8.549129e-03,2.769762e-02,2.292461e-02,1.239263e-02,1.332943e-02,3.999683e-03,1.904700e-02,3.265314e-02,6.410019e-01,6.132705e-02,2.935366e-02,7.683672e-02,5.829201e-03,2.412677e-02
1.997983e-02,9.200703e-03,3.706267e-02,1.913974e-02,2.079442e-02,1.039371e-02,3.630509e-03,5.200537e-02,3.175788e-02,6.448694e-01,4.694292e-02,2.137124e-02,5.733872e-02,4.980471e-03,2.053232e-02
2.825599e-02,8.599660e-03,3.264338e-02,1.486549e-02,2.328501e-02,8.389236e-03,3.467593e-03,5.359969e-02,2.618608e-02,6.857987e-01,3.449526e-02,1.615953e-02,4.417338e-02,4.096908e-03,1.598403e-02
3.907552e-02,9.668957e-03,1.465654e-01,1.731352e-02,3.005192e-02,1.284100e-02,4.717126e-03,4.616416e-02,2.464795e-02,5.753308e-01,2.641028e-02,1.641530e-02,3.532904e-02,3.016023e-03,1.245295e-02
4.543505e-02,8.433962e-03,1.089046e-01,1.407645e-02,9.954928e-02,1.445822e-02,6.683903e-03,3.732972e-02,1.950633e-02,5.763028e-01,1.956004e-02,1.201794e-02,2.642961e-02,2.378138e-03,8.933938e-03
4.693549e-02,8.186408e-03,8.516986e-02,1.267868e-02,2.038253e-01,1.235130e-02,7.903964e-03,2.727839e-02,1.425111e-02,5.313754e-01,1.411866e-02,8.722589e-03,1.897713e-02,1.769179e-03,6.456571e-03
3.969377e-02,9.276921e-03,6.230197e-02,3.737407e-02,3.278745e-01,1.868493e-02,1.407557e-02,2.821924e-02,1.122910e-02,4.146587e-01,1.006034e-02,6.735826e-03,1.370857e-02,1.277073e-03,4.829399e-03
3.868399e-02,8.781789e-03,4.541136e-02,1.020320e-01,3.652781e-01,3.192054e-02,1.477308e-02,2.467193e-02,9.183479e-03,3.298315e-01,8.425139e-03,5.813319e-03,1.030561e-02,9.533322e-04,3.934856e-03
8.059102e-02,8.692116e-03,3.688817e-02,8.022370e-02,2.778129e-01,2.593193e-02,1.184130e-02,2.847541e-02,7.624940e-03,4.157441e-01,6.750332e-03,6.787958e-03,8.136043e-03,8.947551e-04,3.605295e-03
1.069072e-01,9.162692e-03,3.325968e-02,6.944133e-02,2.289465e-01,2.227759e-02,9.254428e-03,2.331444e-02,5.962268e-03,4.654998e-01,6.318412e-03,7.507996e-03,7.102271e-03,1.415327e-03,3.629943e-03
1.623429e-01,1.009691e-02,2.859870e-02,6.553572e-02,1.868176e-01,1.944519e-02,7.198795e-03,1.827137e-02,5.629574e-03,4.702170e-01,6.305984e-03,7.525857e-03,6.896787e-03,1.516273e-03,3.601285e-03
1.391194e-01,3.333501e-02,2.138227e-02,2.112269e-01,1.517668e-01,1.927732e-02,5.785527e-03,1.887103e-02,1.619887e-02,3.333840e-01,1.004210e-02,2.286944e-02,1.011377e-02,1.343707e-03,5.283791e-03
1.030488e-01,4.204531e-02,1.584507e-02,2.824390e-01,1.125767e-01,1.541038e-02,4.193496e-03,1.379792e-02,1.856990e-02,2.343826e-01,1.709619e-02,2.295486e-02,1.120253e-01,1.104767e-03,4.509770e-03
1.037905e-01,3.795509e-02,1.213454e-02,2.781300e-01,8.294772e-02,1.384374e-02,3.070244e-03,1.015875e-02,1.888552e-02,1.644850e-01,1.305727e-02,1.936463e-02,2.369864e-01,8.727105e-04,4.317868e-03
8.554141e-02,2.795655e-02,8.804458e-03,2.029526e-01,5.868374e-02,1.263919e-02,2.204551e-03,7.379426e-03,1.973680e-02,1.153546e-01,9.884039e-03,1.546375e-02,4.283118e-01,7.030736e-04,4.384029e-03
7.294026e-02,2.079456e-02,6.273497e-03,1.444760e-01,4.159312e-02,1.261500e-02,1.730992e-03,5.615309e-03,2.176020e-02,8.085608e-02,7.805402e-03,1.453395e-02,5.645351e-01,5.395644e-04,3.930900e-03
7.216102e-02,3.634031e-02,5.263102e-03,1.962560e-01,3.033841e-02,1.003477e-02,1.456653e-03,4.344229e-03,1.203017e-01,5.833368e-02,6.937235e-03,1.295411e-02,4.359344e-01,7.503423e-04,8.594056e-03
8.605709e-02,4.032606e-02,4.040315e-03,1.444094e-01,2.249560e-02,1.332136e-02,1.237369e-03,4.048741e-03,1.125865e-01,4.127964e-02,1.083410e-02,1.357769e-02,4.932194e-01,1.364228e-03,1.120253e-02
1.051233e-01,6.677556e-02,4.034794e-03,1.126218e-01,1.621242e-02,1.473710e-02,1.082059e-03,3.331006e-03,1.608537e-01,3.044726e-02,1.433353e-02,2.420154e-02,4.199658e-01,3.579624e-03,2.270044e-02
9.583075e-02,1.068794e-01,7.984968e-03,1.052179e-01,1.192825e-02,1.278907e-02,8.828627e-04,2.879599e-03,2.546355e-01,2.404770e-02,1.641735e-02,3.101066e-02,3.062426e-01,4.232544e-03,1.902082e-02
8.330144e-02,8.421750e-02,7.530020e-03,7.794786e-02,1.219577e-02,2.089337e-02,1.318593e-03,3.765885e-03,3.742913e-01,1.758797e-02,1.820977e-02,2.721664e-02,2.381094e-01,4.123632e-03,2.929091e-02
1.216392e-01,7.551886e-02,1.102047e-02,6.721797e-02,1.922856e-02,2.572604e-02,1.919936e-03,1.272854e-02,3.585505e-01,1.477337e-02,1.622678e-02,2.264593e-02,2.191648e-01,3.690916e-03,2.994823e-02
1.333514e-01,7.056245e-02,9.429808e-03,4.943545e-02,2.358614e-02,4.917361e-02,2.145976e-03,1.105554e-02,3.774572e-01,1.057347e-02,1.454065e-02,1.847378e-02,1.979288e-01,3.476006e-03,2.880975e-02
2.152019e-01,7.039162e-02,7.920266e-03,4.734122e-02,1.868246e-02,3.977066e-02,1.944342e-03,9.221621e-03,3.577584e-01,9.000610e-03,1.788250e-02,1.857642e-02,1.569418e-01,4.041618e-03,2.532468e-02
2.608337e-01,5.614058e-02,7.094258e-03,4.271509e-02,1.547409e-02,4.342650e-02,2.693121e-03,8.321162e-03,2.727524e-01,8.766471e-03,2.557933e-02,2.495395e-02,1.803027e-01,1.634830e-02,3.459844e-02
2.938434e-01,4.453099e-02,6.184287e-03,3.650425e-02,1.276216e-02,3.610432e-02,3.684907e-03,8.491644e-03,2.237534e-01,8.458691e-03,3.315441e-02,3.065478e-02,1.870262e-01,3.551875e-02,3.932783e-02
2.344766e-01,3.632114e-02,6.951002e-03,2.924534e-02,1.750321e-02,2.955210e-02,3.142789e-03,6.325791e-03,1.653185e-01,7.500395e-03,5.346096e-02,5.214778e-02,2.571924e-01,5.104422e-02,4.981785e-02
2.471569e-01,3.008810e-02,1.517873e-02,2.534044e-02,4.163871e-02,2.472997e-02,5.454227e-03,8.335596e-03,1.336118e-01,6.415708e-03,5.652286e-02,4.713483e-02,2.668603e-01,4.069142e-02,5.084048e-02
2.128472e-01,2.799012e-02,1.998549e-02,2.224473e-02,9.470040e-02,2.391908e-02,6.726235e-03,8.851516e-03,1.464525e-01,5.914324e-03,5.135433e-02,4.474764e-02,2.353109e-01,4.130210e-02,5.765344e-02
1.820212e-01,2.541263e-02,6.099156e-02,3.124734e-02,1.302969e-01,3.075293e-02,1.572222e-02,2.752796e-02,1.318078e-01,5.498570e-03,4.231288e-02,3.821382e-02,1.947152e-01,3.167295e-02,5.180606e-02
1.595668e-01,2.656229e-02,1.164726e-01,3.431160e-02,1.649796e-01,3.492434e-02,2.341623e-02,2.832708e-02,1.138118e-01,5.002035e-03,3.356685e-02,3.243834e-02,1.569772e-01,2.490149e-02,4.474178e-02
1.686351e-01,2.602377e-02,1.034198e-01,3.215570e-02,1.783841e-01,3.354568e-02,2.293181e-02,3.117915e-02,1.116790e-01,5.401858e-03,2.686827e-02,3.085402e-02,1.589188e-01,2.032714e-02,4.967582e-02
1.842233e-01,3.133082e-02,8.714278e-02,2.867525e-02,1.859824e-01,3.134269e-02,2.076796e-02,2.866914e-02,1.191873e-01,4.922223e-03,2.242468e-02,2.557700e-02,1.538734e-01,1.861336e-02,5.726761e-02
1.788007e-01,3.674652e-02,8.268332e-02,2.954523e-02,1.922286e-01,3.516196e-02,1.714926e-02,2.764097e-02,9.640973e-02,4.495271e-03,1.936931e-02,2.253469e-02,1.907076e-01,1.527228e-02,5.125462e-02
2.289079e-01,3.396770e-02,8.289054e-02,2.816240e-02,1.624593e-01,3.366726e-02,1.278533e-02,2.995966e-02,7.691210e-02,3.708221e-03,1.735869e-02,2.228076e-02,2.070069e-01,1.478359e-02,4.514970e-02
2.937526e-01,2.791811e-02,8.608334e-02,2.661745e-02,1.235301e-01,3.086649e-02,1.028165e-02,3.763349e-02,6.190316e-02,3.932816e-03,1.725518e-02,2.637014e-02,1.872058e-01,1.528416e-02,5.136557e-02
3.790070e-01,2.445534e-02,9.408832e-02,2.596216e-02,9.538556e-02,2.901423e-02,8.586669e-03,3.722636e-02,5.100818e-02,3.761147e-03,1.499488e-02,2.903035e-02,1.502793e-01,1.375271e-02,4.344779e-02
3.637016e-01,1.936193e-02,7.854707e-02,2.094737e-02,6.842897e-02,5.597316e-02,6.398013e-03,2.935698e-02,3.722777e-02,7.382201e-03,8.961607e-02,6.572796e-02,1.092055e-01,1.415586e-02,3.396968e-02
3.740985e-01,1.584321e-02,6.060282e-02,1.749426e-02,4.820704e-02,4.736880e-02,5.605405e-03,2.124135e-02,2.938188e-02,1.965931e-02,1.420174e-01,1.029481e-01,7.735969e-02,1.061511e-02,2.755707e-02
3.693889e-01,1.220753e-02,4.879121e-02,1.336493e-02,3.405776e-02,3.756852e-02,5.316611e-03,1.686034e-02,2.213050e-02,1.860079e-02,1.237452e-01,2.144820e-01,5.453195e-02,8.503463e-03,2.045036e-02
3.448794e-01,9.740616e-03,3.775788e-02,1.060299e-02,2.443407e-02,1.265195e-01,5.930281e-03,1.373793e-02,1.620651e-02,1.465027e-02,9.714993e-02,2.372892e-01,3.858589e-02,6.974559e-03,1.554090e-02
2.976696e-01,9.201116e-03,2.926730e-02,8.994938e-03,1.767880e-02,1.478792e-01,4.657316e-03,1.021440e-02,1.185538e-02,1.091094e-02,1.139279e-01,2.928790e-01,2.762031e-02,5.354011e-03,1.188989e-02
2.244511e-01,7.197835e-03,2.161266e-02,7.023342e-03,1.267713e-02,1.660367e-01,3.468974e-03,7.513955e-03,8.657558e-03,7.863524e-03,1.472226e-01,3.537495e-01,1.966042e-02,4.034330e-03,8.830464e-03
1.574762e-01,5.188848e-03,1.527549e-02,5.012957e-03,8.952648e-03,1.236173e-01,2.443636e-03,5.367397e-03,6.168531e-03,5.537671e-03,2.504668e-01,3.915662e-01,1.381773e-02,2.883862e-03,6.224631e-03
1.125547e-01,4.159805e-03,1.107953e-02,4.079217e-03,6.883313e-03,8.795115e-02,1.831586e-03,4.587047e-03,4.568161e-03,3.950133e-03,2.138206e-01,5.281438e-01,9.725691e-03,2.241268e-03,4.423923e-03
8.453991e-02,3.379283e-03,8.014305e-03,3.716199e-03,5.571720e-03,6.264374e-02,1.482934e-03,3.492458e-03,4.041019e-03,2.937318e-03,1.694843e-01,6.383131e-01,6.939819e-03,2.110126e-03,3.333783e-03
6.664057e-02,3.904121e-03,6.247010e-03,3.943925e-03,7.961106e-03,4.571788e-02,1.708485e-03,4.288464e-03,5.589738e-03,2.233197e-03,1.360273e-01,7.064553e-01,4.964606e-03,1.760509e-03,2.557683e-03
5.323528e-02,4.292555e-03,4.959954e-03,4.135419e-03,1.152767e-02,3.327014e-02,1.807326e-03,4.380575e-03,5.738554e-03,1.736987e-03,1.122711e-01,7.555647e-01,3.573356e-03,1.485333e-03,2.020942e-03
7.277629e-02,5.726840e-03,8.282124e-03,6.499150e-03,1.371191e-02,2.556583e-02,2.167430e-03,1.589313e-02,5.051479e-03,1.398573e-03,9.864147e-02,7.378873e-01,2.723515e-03,1.805536e-03,1.869332e-03
6.689927e-02,9.784803e-03,9.008635e-03,1.009076e-02,4.259510e-02,2.075681e-02,3.230361e-03,2.643775e-02,6.529714e-03,1.181602e-03,8.198088e-02,7.138383e-01,2.160853e-03,3.538948e-03,1.966208e-03
5.579810e-02,1.218856e-02,8.685705e-03,1.036600e-02,5.134244e-02,1.586301e-02,2.787717e-03,2.769272e-02,8.953210e-03,1.064703e-03,7.865055e-02,7.184192e-01,1.832009e-03,4.282090e-03,2.073938e-03
5.646621e-02,1.207218e-02,1.251223e-02,1.438050e-02,6.076798e-02,1.496461e-02,2.899761e-03,7.306722e-02,2.062139e-02,1.071803e-03,6.999585e-02,6.527790e-01,1.955146e-03,4.130295e-03,2.315826e-03
5.942209e-02,1.181653e-02,1.203918e-02,1.718169e-02,6.050168e-02,1.341477e-02,2.402990e-03,1.760373e-01,2.450541e-02,1.074349e-03,6.214592e-02,5.520364e-01,1.885409e-03,3.403517e-03,2.132714e-03
9.217225e-02,1.461446e-02,1.664219e-02,5.839139e-02,6.461154e-02,1.431388e-02,2.906340e-03,2.044171e-01,4.418068e-02,1.553030e-03,4.877649e-02,4.297897e-01,2.321817e-03,2.747844e-03,2.561323e-03
1.447201e-01,1.590757e-02,1.670221e-02,6.075187e-02,5.778380e-02,1.284577e-02,2.594924e-03,2.545602e-01,5.607747e-02,2.273973e-03,4.335905e-02,3.231529e-01,2.800601e-03,3.317399e-03,3.152112e-03
2.272963e-01,1.523402e-02,2.172550e-02,7.281549e-02,5.390399e-02,1.762255e-02,2.845072e-03,2.221008e-01,6.285349e-02,3.418089e-03,3.846271e-02,2.505787e-01,3.284019e-03,3.156880e-03,4.702304e-03
3.100278e-01,1.770503e-02,2.206849e-02,6.944523e-02,5.546977e-02,1.895909e-02,3.138824e-03,1.887335e-01,5.725067e-02,5.166061e-03,3.568702e-02,1.990189e-01,4.763138e-03,3.953682e-03,8.612772e-03
3.150807e-01,1.866795e-02,2.434275e-02,7.920190e-02,6.024254e-02,1.781672e-02,3.318678e-03,2.000955e-01,6.126948e-02,7.023739e-03,3.612327e-02,1.575911e-01,5.868291e-03,5.149437e-03,8.207880e-03
2.949817e-01,7.199796e-02,2.562049e-02,6.596699e-02,6.843583e-02,1.522095e-02,2.777359e-03,1.716713e-01,8.197957e-02,8.896680e-03,4.623336e-02,1.176379e-01,5.587252e-03,1.400084e-02,8.991950e-03
2.773979e-01,1.089821e-01,2.467436e-02,5.499070e-02,6.421132e-02,1.319333e-02,2.569932e-03,1.586754e-01,1.139708e-01,8.848070e-03,4.572369e-02,8.435999e-02,4.380154e-03,3.026174e-02,7.760523e-03
2.317462e-01,1.030317e-01,2.837376e-02,5.191255e-02,7.983378e-02,1.084086e-02,2.435661e-03,2.164754e-01,1.368945e-01,7.387880e-03,3.614425e-02,6.043338e-02,3.307671e-03,2.503379e-02,6.148763e-03
2.289636e-01,1.126727e-01,2.380788e-02,3.835605e-02,8.495973e-02,9.300747e-03,2.193934e-03,2.068293e-01,1.821380e-01,6.725616e-03,2.910101e-02,4.349904e-02,2.531856e-03,2.377605e-02,5.144597e-03
2.205701e-01,9.845094e-02,2.065800e-02,2.930802e-02,6.822675e-02,9.352596e-03,1.916335e-03,2.845156e-01,1.814344e-01,5.396037e-03,2.146804e-02,3.320038e-02,2.215638e-03,1.835745e-02,4.929693e-03
3.120748e-01,7.495616e-02,1.545968e-02,2.337982e-02,5.218671e-02,3.289749e-02,1.957629e-03,2.224593e-01,1.712396e-01,5.067430e-03,2.179912e-02,3.318000e-02,4.989344e-03,1.595283e-02,1.240013e-02
4.136099e-01,5.721920e-02,1.304551e-02,1.930795e-02,4.022839e-02,3.069450e-02,1.852482e-03,1.725454e-01,1.552114e-01,8.167183e-03,2.108691e-02,3.028928e-02,5.308461e-03,1.857926e-02,1.285421e-02
4.678854e-01,4.415442e-02,1.239146e-02,1.707203e-02,3.672928e-02,3.361473e-02,1.791826e-03,1.370841e-01,1.523717e-01,7.209905e-03,2.245721e-02,3.036008e-02,5.529561e-03,1.753318e-02,1.381516e-02
1.000000e+00,0.000000e+00,0.000000e+00,0.000000e+00,0.000000e+00,0.000000e+00,0.000000e+00,0.000000e+00,0.000000e+00,0.000000e+00,0.000000e+00,0.000000e+00,0.000000e+00,0.000000e+00,0.000000e+00
4.300586e-01,3.136344e-02,1.329967e-02,1.291771e-02,2.308806e-02,1.722383e-01,1.394310e-03,8.176967e-02,8.680862e-02,6.062046e-03,6.470178e-02,2.299255e-02,6.476794e-03,2.358758e-02,2.324090e-02
3.537608e-01,2.518938e-02,1.051825e-02,1.093975e-02,1.759687e-02,2.416673e-01,1.328871e-03,5.854145e-02,6.408738e-02,5.659049e-03,1.246089e-01,2.056203e-02,6.315412e-03,3.123883e-02,2.798572e-02
2.832398e-01,1.821315e-02,7.630941e-03,7.928407e-03,1.256474e-02,2.505622e-01,1.258527e-03,4.146427e-02,4.679621e-02,4.334349e-03,2.085798e-01,1.738404e-02,6.661982e-03,7.215013e-02,2.123145e-02
2.107192e-01,1.312007e-02,5.514887e-03,5.688662e-03,8.928158e-03,2.125554e-01,1.053566e-03,2.936012e-02,3.397558e-02,3.561222e-03,3.374025e-01,1.774271e-02,5.645249e-03,9.880239e-02,1.593027e-02
1.481672e-01,9.326260e-03,3.903923e-03,4.008093e-03,6.306906e-03,1.528225e-01,7.687809e-04,2.057761e-02,2.445366e-02,2.960518e-03,4.596783e-01,1.640728e-02,4.023977e-03,1.352288e-01,1.136618e-02
1.041013e-01,6.733476e-03,2.773987e-03,2.842902e-03,4.470844e-03,1.089428e-01,5.907278e-04,1.442512e-02,1.870173e-02,2.461329e-03,5.010046e-01,2.009152e-02,2.898553e-03,2.018224e-01,8.138720e-03
7.310818e-02,4.832880e-03,1.997522e-03,2.005363e-03,3.186082e-03,7.711397e-02,4.505893e-04,1.014328e-02,1.354462e-02,2.079226e-03,5.819578e-01,1.750977e-02,2.058357e-03,2.042751e-01,5.737325e-03
5.125459e-02,3.524154e-03,1.634594e-03,1.445102e-03,2.325842e-03,5.462021e-02,3.401892e-04,7.156667e-03,1.225596e-02,1.986956e-03,5.371549e-01,1.529073e-02,1.477067e-03,3.054963e-01,4.036739e-03
3.596416e-02,2.542574e-03,1.260372e-03,1.034925e-03,1.726267e-03,3.851697e-02,2.514108e-04,5.035178e-03,1.156213e-02,2.402991e-03,5.151514e-01,1.451069e-02,1.109762e-03,3.660731e-01,2.858041e-03
2.533675e-02,2.128938e-03,1.093904e-03,7.612400e-04,1.376447e-03,2.817042e-02,1.981072e-04,3.565587e-03,1.542535e-02,3.158788e-03,5.027490e-01,1.452986e-02,8.757145e-04,3.985908e-01,2.039090e-03
1.781454e-02,1.632547e-03,8.072496e-04,5.447490e-04,1.057466e-03,1.992319e-02,1.431106e-04,2.502067e-03,1.219210e-02,4.925365e-03,5.727984e-01,1.193824e-02,6.940995e-04,3.515623e-01,1.464562e-03
1.263252e-02,1.224600e-03,6.097953e-04,3.872433e-04,8.134193e-04,1.404930e-02,1.070826e-04,1.765457e-03,9.414860e-03,7.091171e-03,6.544870e-01,9.059188e-03,5.642927e-04,2.867389e-01,1.055250e-03
8.965293e-03,9.460371e-04,6.326983e-04,2.963386e-04,8.700999e-04,1.004571e-02,8.972558e-05,1.281140e-03,7.868562e-03,5.802175e-03,6.278979e-01,7.073225e-03,5.009773e-04,3.269721e-01,7.579550e-04
6.510398e-03,8.813249e-04,9.639533e-04,2.995604e-04,1.853460e-03,8.161963e-03,1.799650e-04,1.009004e-03,8.754561e-03,9.480785e-03,5.515643e-01,6.033226e-03,4.899621e-04,4.032063e-01,6.111814e-04
4.949031e-03,7.881476e-03,2.125364e-02,9.876053e-04,3.987732e-03,1.425719e-02,2.771966e-04,1.073055e-03,1.450296e-02,2.043562e-02,4.362312e-01,4.574379e-03,3.732071e-04,4.685270e-01,6.886274e-04
3.865570e-03,6.477082e-03,1.619800e-02,8.835304e-04,4.873891e-03,1.180016e-02,6.102073e-04,9.395491e-04,2.275115e-02,2.363797e-02,3.852044e-01,3.963616e-03,4.668455e-04,5.176507e-01,6.772474e-04
3.394804e-03,5.808204e-03,1.701101e-02,1.389110e-03,5.751160e-03,1.181432e-02,5.947105e-04,1.762882e-03,1.855566e-02,2.434868e-02,3.467847e-01,3.548112e-03,5.967679e-04,5.580741e-01,5.658421e-04
2.677676e-03,4.284224e-03,1.259709e-02,3.078362e-03,9.202549e-03,9.440590e-03,6.302372e-04,3.443566e-03,1.601246e-02,2.148364e-02,3.161415e-01,3.091381e-03,6.064309e-04,5.968808e-01,4.295064e-04
2.426238e-03,3.158987e-03,9.024255e-03,2.445896e-03,8.917262e-03,7.041519e-03,5.248257e-04,2.726729e-03,1.342150e-02,2.096095e-02,3.407311e-01,3.961363e-03,9.593950e-04,5.833499e-01,3.499293e-04
2.519695e-03,2.341857e-03,6.445145e-03,1.845683e-03,7.267349e-03,5.211462e-03,3.918043e-04,2.530783e-03,9.882195e-03,1.725335e-02,4.852197e-01,6.132390e-03,1.044401e-03,4.516418e-01,2.723762e-04
3.094890e-03,1.809204e-03,4.627567e-03,1.410944e-03,6.100903e-03,4.168259e-03,3.044114e-04,2.116257e-03,7.317381e-03,1.456449e-02,5.733182e-01,1.016599e-02,1.319507e-03,3.694381e-01,2.438772e-04
3.333788e-03,1.503223e-03,3.271359e-03,1.059747e-03,5.358918e-03,3.106845e-03,2.264374e-04,1.571675e-03,5.338026e-03,1.093484e-02,6.808138e-01,1.214210e-02,1.475491e-03,2.696332e-01,2.304876e-04
4.843828e-03,1.291457e-03,2.325672e-03,7.778194e-04,5.142950e-03,2.369232e-03,1.801093e-04,1.204743e-03,3.983353e-03,8.486133e-03,7.308157e-01,3.246725e-02,1.566841e-03,2.043159e-01,2.290378e-04
1.751771e-02,3.365150e-03,2.004371e-03,8.055966e-04,8.488015e-03,2.223456e-03,1.783430e-04,1.445640e-03,3.535827e-03,7.246992e-03,7.370377e-01,5.301410e-02,1.714141e-03,1.606533e-01,7.696901e-04
1.405390e-02,8.036871e-03,1.668282e-03,7.641858e-04,2.514586e-02,2.198130e-03,3.818996e-04,1.445774e-03,3.588270e-03,6.121635e-03,7.362570e-01,7.799619e-02,1.683081e-03,1.190729e-01,1.585959e-03
1.900048e-02,1.063198e-02,1.616788e-03,8.461606e-04,2.506005e-02,2.164711e-03,3.402316e-04,1.485391e-03,4.121475e-03,7.684891e-03,7.410694e-01,8.714715e-02,1.617103e-03,9.363842e-02,3.575804e-03
2.256797e-02,1.075479e-02,1.453612e-03,1.124206e-03,3.047634e-02,3.078303e-03,3.467411e-04,2.201530e-03,3.721556e-03,8.082736e-03,7.400116e-01,9.646547e-02,1.580246e-03,7.500026e-02,3.134632e-03
3.294358e-02,1.133891e-02,1.444355e-03,1.613397e-03,2.811240e-02,3.903814e-03,3.256797e-04,2.195138e-03,3.586384e-03,7.514941e-03,6.942741e-01,1.499567e-01,1.557743e-03,5.839222e-02,2.840603e-03
3.688979e-02,1.166149e-02,2.315288e-03,1.857601e-03,2.442794e-02,3.942499e-03,3.310647e-04,3.974620e-03,4.664808e-03,6.071116e-03,6.950020e-01,1.577155e-01,1.281405e-03,4.689312e-02,2.971816e-03
3.196749e-02,1.432891e-02,3.060857e-03,2.189056e-03,3.717159e-02,4.266598e-03,5.728210e-04,6.990458e-03,5.459270e-03,4.803763e-03,6.729416e-01,1.764448e-01,1.193044e-03,3.619390e-02,2.415873e-03
2.989467e-02,1.682728e-02,4.894508e-03,2.175926e-03,3.437045e-02,4.761972e-03,5.884662e-04,7.951840e-03,5.358350e-03,3.959442e-03,6.366329e-01,2.197692e-01,1.171978e-03,2.944208e-02,2.201025e-03
3.036219e-02,1.735923e-02,7.445817e-03,2.462647e-03,3.860073e-02,7.395531e-03,9.161071e-04,1.253983e-02,4.599880e-03,3.162239e-03,6.113572e-01,2.357841e-01,1.375664e-03,2.485470e-02,1.784224e-03
2.943972e-02,1.674031e-02,7.410451e-03,1.925822e-03,3.174747e-02,7.932486e-03,1.150294e-03,1.062953e-02,4.165533e-03,3.046774e-03,6.295062e-01,2.323874e-01,1.395227e-03,2.067875e-02,1.844130e-03
2.972282e-02,1.419111e-02,5.919571e-03,1.545860e-03,2.467436e-02,7.968647e-03,1.075796e-03,8.425240e-03,3.319398e-03,2.741870e-03,6.716051e-01,2.093333e-01,1.374894e-03,1.646939e-02,1.632798e-03
2.659878e-02,1.812121e-02,5.399059e-03,1.691263e-03,6.559177e-02,7.593583e-03,1.759954e-03,1.098366e-02,3.666218e-03,2.512735e-03,6.512511e-01,1.878846e-01,1.489439e-03,1.395488e-02,1.501826e-03
3.312770e-02,1.861475e-02,6.277652e-03,2.692164e-03,7.889923e-02,7.835576e-03,3.623435e-03,2.880341e-02,5.638622e-03,2.752584e-03,6.340991e-01,1.615072e-01,1.815093e-03,1.271258e-02,1.600978e-03
2.947901e-02,1.415136e-02,7.591661e-03,4.252794e-03,9.334004e-02,7.569137e-03,4.650499e-03,5.612650e-02,8.823426e-03,2.899052e-03,6.304594e-01,1.261117e-01,1.540381e-03,1.167844e-02,1.326668e-03
2.803603e-02,1.124103e-02,7.779679e-03,6.670097e-03,8.415505e-02,6.193051e-03,3.468139e-03,4.333671e-02,8.050946e-03,3.051937e-03,6.846935e-01,9.693013e-02,1.208015e-03,1.391863e-02,1.267115e-03
2.459295e-02,1.030054e-02,1.011412e-02,6.784299e-03,7.866216e-02,4.952865e-03,2.497273e-03,3.290867e-02,7.262595e-03,3.207614e-03,7.266746e-01,7.085971e-02,9.010167e-04,1.912610e-02,1.155581e-03
2.661256e-02,8.935881e-03,8.956650e-03,7.055032e-03,7.799377e-02,6.156701e-03,1.879683e-03,2.600847e-02,1.441028e-02,5.184555e-03,7.296208e-01,5.166707e-02,7.498901e-04,3.366707e-02,1.101600e-03
2.785144e-02,7.937435e-03,7.224792e-03,7.287996e-03,6.272876e-02,6.854160e-03,1.446766e-03,2.062143e-02,4.173033e-02,1.213940e-02,7.116378e-01,3.813077e-02,6.760762e-04,5.258355e-02,1.149291e-03
3.213352e-02,8.276547e-03,1.245033e-02,2.599263e-02,5.597313e-02,9.264713e-03,1.303286e-03,3.352635e-02,6.602393e-02,1.310030e-02,6.513534e-01,2.952095e-02,5.554333e-04,5.937197e-02,1.153497e-03
5.628284e-02,1.271246e-02,1.282371e-02,2.658719e-02,7.540800e-02,1.013274e-02,1.210124e-03,4.380538e-02,1.095377e-01,3.741611e-02,5.173001e-01,3.048841e-02,7.835361e-04,6.054331e-02,4.968320e-03
6.480572e-02,1.413348e-02,1.390709e-02,3.479061e-02,8.718279e-02,1.078260e-02,9.597514e-04,6.564634e-02,2.072214e-01,3.284794e-02,3.780272e-01,3.167628e-02,1.213680e-03,4.810426e-02,8.700762e-03
6.321670e-02,1.274506e-02,1.427064e-02,3.764957e-02,1.603854e-01,1.588716e-02,1.040516e-03,7.409128e-02,2.516598e-01,2.463114e-02,2.762700e-01,2.393555e-02,1.494908e-03,3.510594e-02,7.616344e-03
6.050320e-02,1.136244e-02,1.222673e-02,3.514408e-02,2.461571e-01,1.592294e-02,1.520887e-03,6.068843e-02,2.801555e-01,1.870540e-02,2.070765e-01,1.756743e-02,1.398064e-03,2.567144e-02,5.899880e-03
