1.000000e+00,0.000000e+00,0.000000e+00,0.000000e+00,0.000000e+00,0.000000e+00,0.000000e+00,0.000000e+00,0.000000e+00,0.000000e+00,0.000000e+00,0.000000e+00,0.000000e+00,0.000000e+00,0.000000e+00
1.000000e+00,0.000000e+00,0.000000e+00,0.000000e+00,0.000000e+00,0.000000e+00,0.000000e+00,0.000000e+00,0.000000e+00,0.000000e+00,0.000000e+00,0.000000e+00,0.000000e+00,0.000000e+00,0.000000e+00
1.000000e+00,0.000000e+00,0.000000e+00,0.000000e+00,0.000000e+00,0.000000e+00,0.000000e+00,0.000000e+00,0.000000e+00,0.000000e+00,0.000000e+00,0.000000e+00,0.000000e+00,0.000000e+00,0.000000e+00
1.000000e+00,0.000000e+00,0.000000e+00,0.000000e+00,0.000000e+00,0.000000e+00,0.000000e+00,0.000000e+00,0.000000e+00,0.000000e+00,0.000000e+00,0.000000e+00,0.000000e+00,0.000000e+00,0.000000e+00
1.000000e+00,0.000000e+00,0.000000e+00,0.000000e+00,0.000000e+00,0.000000e+00,0.000000e+00,0.000000e+00,0.000000e+00,0.000000e+00,0.000000e+00,0.000000e+00,0.000000e+00,0.000000e+00,0.000000e+00
1.000000e+00,0.000000e+00,0.000000e+00,0.000000e+00,0.000000e+00,0.000000e+00,0.000000e+00,0.000000e+00,0.000000e+00,0.000000e+00,0.000000e+00,0.000000e+00,0.000000e+00,0.000000e+00,0.000000e+00
1.000000e+00,0.000000e+00,0.000000e+00,0.000000e+00,0.000000e+00,0.000000e+00,0.000000e+00,0.000000e+00,0.000000e+00,0.000000e+00,0.000000e+00,0.000000e+00,0.000000e+00,0.000000e+00,0.000000e+00
1.000000e+00,0.000000e+00,0.000000e+00,0.000000e+00,0.000000e+00,0.000000e+00,0.000000e+00,0.000000e+00,0.000000e+00,0.000000e+00,0.000000e+00,0.000000e+00,0.000000e+00,0.000000e+00,0.000000e+00
1.000000e+00,0.000000e+00,0.000000e+00,0.000000e+00,0.000000e+00,0.000000e+00,0.000000e+00,0.000000e+00,0.000000e+00,0.000000e+00,0.000000e+00,0.000000e+00,0.000000e+00,0.000000e+00,0.000000e+00
1.000000e+00,0.000000e+00,0.000000e+00,0.000000e+00,0.000000e+00,0.000000e+00,0.000000e+00,0.000000e+00,0.000000e+00,0.000000e+00,0.000000e+00,0.000000e+00,0.000000e+00,0.000000e+00,0.000000e+00
1.000000e+00,0.000000e+00,0.000000e+00,0.000000e+00,0.000000e+00,0.000000e+00,0.000000e+00,0.000000e+00,0.000000e+00,0.000000e+00,0.000000e+00,0.000000e+00,0.000000e+00,0.000000e+00,0.000000e+00
1.000000e+00,0.000000e+00,0.000000e+00,0.000000e+00,0.000000e+00,0.000000e+00,0.000000e+00,0.000000e+00,0.000000e+00,0.000000e+00,0.000000e+00,0.000000e+00,0.000000e+00,0.000000e+00,0.000000e+00
1.000000e+00,0.000000e+00,0.000000e+00,0.000000e+00,0.000000e+00,0.000000e+00,0.000000e+00,0.000000e+00,0.000000e+00,0.000000e+00,0.000000e+00,0.000000e+00,0.000000e+00,0.000000e+00,0.000000e+00
1.000000e+00,0.000000e+00,0.000000e+00,0.000000e+00,0.000000e+00,0.000000e+00,0.000000e+00,0.000000e+00,0.000000e+00,0.000000e+00,0.000000e+00,0.000000e+00,0.000000e+00,0.000000e+00,0.000000e+00
1.000000e+00,0.000000e+00,0.000000e+00,0.000000e+00,0.000000e+00,0.000000e+00,0.000000e+00,0.000000e+00,0.000000e+00,0.000000e+00,0.000000e+00,0.000000e+00,0.000000e+00,0.000000e+00,0.000000e+00
1.000000e+00,0.000000e+00,0.000000e+00,0.000000e+00,0.000000e+00,0.000000e+00,0.000000e+00,0.000000e+00,0.000000e+00,0.000000e+00,0.000000e+00,0.000000e+00,0.000000e+00,0.000000e+00,0.000000e+00
1.000000e+00,0.000000e+00,0.000000e+00,0.000000e+00,0.000000e+00,0.000000e+00,0.000000e+00,0.000000e+00,0.000000e+00,0.000000e+00,0.000000e+00,0.000000e+00,0.000000e+00,0.000000e+00,0.000000e+00
1.000000e+00,0.000000e+00,0.000000e+00,0.000000e+00,0.000000e+00,0.000000e+00,0.000000e+00,0.000000e+00,0.000000e+00,0.000000e+00,0.000000e+00,0.000000e+00,0.000000e+00,0.000000e+00,0.000000e+00
1.000000e+00,0.000000e+00,0.000000e+00,0.000000e+00,0.000000e+00,0.000000e+00,0.000000e+00,0.000000e+00,0.000000e+00,0.000000e+00,0.000000e+00,0.000000e+00,0.000000e+00,0.000000e+00,0.000000e+00
1.000000e+00,0.000000e+00,0.000000e+00,0.000000e+00,0.000000e+00,0.000000e+00,0.000000e+00,0.000000e+00,0.000000e+00,0.000000e+00,0.000000e+00,0.000000e+00,0.000000e+00,0.000000e+00,0.000000e+00
1.000000e+00,0.000000e+00,0.000000e+00,0.000000e+00,0.000000e+00,0.000000e+00,0.000000e+00,0.000000e+00,0.000000e+00,0.000000e+00,0.000000e+00,0.000000e+00,0.000000e+00,0.000000e+00,0.000000e+00
1.000000e+00,0.000000e+00,0.000000e+00,0.000000e+00,0.000000e+00,0.000000e+00,0.000000e+00,0.000000e+00,0.000000e+00,0.000000e+00,0.000000e+00,0.000000e+00,0.000000e+00,0.000000e+00,0.000000e+00
1.000000e+00,0.000000e+00,0.000000e+00,0.000000e+00,0.000000e+00,0.000000e+00,0.000000e+00,0.000000e+00,0.000000e+00,0.000000e+00,0.000000e+00,0.000000e+00,0.000000e+00,0.000000e+00,0.000000e+00
1.000000e+00,0.000000e+00,0.000000e+00,0.000000e+00,0.000000e+00,0.000000e+00,0.000000e+00,0.000000e+00,0.000000e+00,0.000000e+00,0.000000e+00,0.000000e+00,0.000000e+00,0.000000e+00,0.000000e+00
1.000000e+00,0.000000e+00,0.000000e+00,0.000000e+00,0.000000e+00,0.000000e+00,0.000000e+00,0.000000e+00,0.000000e+00,0.000000e+00,0.000000e+00,0.000000e+00,0.000000e+00,0.000000e+00,0.000000e+00
1.000000e+00,0.000000e+00,0.000000e+00,0.000000e+00,0.000000e+00,0.000000e+00,0.000000e+00,0.000000e+00,0.000000e+00,0.000000e+00,0.000000e+00,0.000000e+00,0.000000e+00,0.000000e+00,0.000000e+00
1.000000e+00,0.000000e+00,0.000000e+00,0.000000e+00,0.000000e+00,0.000000e+00,0.000000e+00,0.000000e+00,0.000000e+00,0.000000e+00,0.000000e+00,0.000000e+00,0.000000e+00,0.000000e+00,0.000000e+00
1.000000e+00,0.000000e+00,0.000000e+00,0.000000e+00,0.000000e+00,0.000000e+00,0.000000e+00,0.000000e+00,0.000000e+00,0.000000e+00,0.000000e+00,0.000000e+00,0.000000e+00,0.000000e+00,0.000000e+00
1.000000e+00,0.000000e+00,0.000000e+00,0.000000e+00,0.000000e+00,0.000000e+00,0.000000e+00,0.000000e+00,0.000000e+00,0.000000e+00,0.000000e+00,0.000000e+00,0.000000e+00,0.000000e+00,0.000000e+00
1.000000e+00,0.000000e+00,0.000000e+00,0.000000e+00,0.000000e+00,0.000000e+00,0.000000e+00,0.000000e+00,0.000000e+00,0.000000e+00,0.000000e+00,0.000000e+00,0.000000e+00,0.000000e+00,0.000000e+00
1.000000e+00,0.000000e+00,0.000000e+00,0.000000e+00,0.000000e+00,0.000000e+00,0.000000e+00,0.000000e+00,0.000000e+00,0.000000e+00,0.000000e+00,0.000000e+00,0.000000e+00,0.000000e+00,0.000000e+00
1.000000e+00,0.000000e+00,0.000000e+00,0.000000e+00,0.000000e+00,0.000000e+00,0.000000e+00,0.000000e+00,0.000000e+00,0.000000e+00,0.000000e+00,0.000000e+00,0.000000e+00,0.000000e+00,0.000000e+00
1.000000e+00,0.000000e+00,0.000000e+00,0.000000e+00,0.000000e+00,0.000000e+00,0.000000e+00,0.000000e+00,0.000000e+00,0.000000e+00,0.000000e+00,0.000000e+00,0.000000e+00,0.000000e+00,0.000000e+00
1.000000e+00,0.000000e+00,0.000000e+00,0.000000e+00,0.000000e+00,0.000000e+00,0.000000e+00,0.000000e+00,0.000000e+00,0.000000e+00,0.000000e+00,0.000000e+00,0.000000e+00,0.000000e+00,0.000000e+00
1.000000e+00,0.000000e+00,0.000000e+00,0.000000e+00,0.000000e+00,0.000000e+00,0.000000e+00,0.000000e+00,0.000000e+00,0.000000e+00,0.000000e+00,0.000000e+00,0.000000e+00,0.000000e+00,0.000000e+00
1.000000e+00,0.000000e+00,0.000000e+00,0.000000e+00,0.000000e+00,0.000000e+00,0.000000e+00,0.000000e+00,0.000000e+00,0.000000e+00,0.000000e+00,0.000000e+00,0.000000e+00,0.000000e+00,0.000000e+00
1.000000e+00,0.000000e+00,0.000000e+00,0.000000e+00,0.000000e+00,0.000000e+00,0.000000e+00,0.000000e+00,0.000000e+00,0.000000e+00,0.000000e+00,0.000000e+00,0.000000e+00,0.000000e+00,0.000000e+00
1.000000e+00,0.000000e+00,0.000000e+00,0.000000e+00,0.000000e+00,0.000000e+00,0.000000e+00,0.000000e+00,0.000000e+00,0.000000e+00,0.000000e+00,0.000000e+00,0.000000e+00,0.000000e+00,0.000000e+00
1.000000e+00,0.000000e+00,0.000000e+00,0.000000e+00,0.000000e+00,0.000000e+00,0.000000e+00,0.000000e+00,0.000000e+00,0.000000e+00,0.000000e+00,0.000000e+00,0.000000e+00,0.000000e+00,0.000000e+00
1.000000e+00,0.000000e+00,0.000000e+00,0.000000e+00,0.000000e+00,0.000000e+00,0.000000e+00,0.000000e+00,0.000000e+00,0.000000e+00,0.000000e+00,0.000000e+00,0.000000e+00,0.000000e+00,0.000000e+00
1.000000e+00,0.000000e+00,0.000000e+00,0.000000e+00,0.000000e+00,0.000000e+00,0.000000e+00,0.000000e+00,0.000000e+00,0.000000e+00,0.000000e+00,0.000000e+00,0.000000e+00,0.000000e+00,0.000000e+00
1.000000e+00,0.000000e+00,0.000000e+00,0.000000e+00,0.000000e+00,0.000000e+00,0.000000e+00,0.000000e+00,0.000000e+00,0.000000e+00,0.000000e+00,0.000000e+00,0.000000e+00,0.000000e+00,0.000000e+00
4.933212e-01,5.121195e-02,5.291466e-02,1.559187e-01,1.976632e-02,1.965052e-02,5.948505e-03,2.629909e-02,2.099370e-02,2.435852e-03,4.277382e-02,4.807266e-02,1.702694e-02,1.161096e-02,3.205520e-02
1.000000e+00,0.000000e+00,0.000000e+00,0.000000e+00,0.000000e+00,0.000000e+00,0.000000e+00,0.000000e+00,0.000000e+00,0.000000e+00,0.000000e+00,0.000000e+00,0.000000e+00,0.000000e+00,0.000000e+00
1.000000e+00,0.000000e+00,0.000000e+00,0.000000e+00,0.000000e+00,0.000000e+00,0.000000e+00,0.000000e+00,0.000000e+00,0.000000e+00,0.000000e+00,0.000000e+00,0.000000e+00,0.000000e+00,0.000000e+00
1.000000e+00,0.000000e+00,0.000000e+00,0.000000e+00,0.000000e+00,0.000000e+00,0.000000e+00,0.000000e+00,0.000000e+00,0.000000e+00,0.000000e+00,0.000000e+00,0.000000e+00,0.000000e+00,0.000000e+00
1.000000e+00,0.000000e+00,0.000000e+00,0.000000e+00,0.000000e+00,0.000000e+00,0.000000e+00,0.000000e+00,0.000000e+00,0.000000e+00,0.000000e+00,0.000000e+00,0.000000e+00,0.000000e+00,0.000000e+00
1.000000e+00,0.000000e+00,0.000000e+00,0.000000e+00,0.000000e+00,0.000000e+00,0.000000e+00,0.000000e+00,0.000000e+00,0.000000e+00,0.000000e+00,0.000000e+00,0.000000e+00,0.000000e+00,0.000000e+00
1.000000e+00,0.000000e+00,0.000000e+00,0.000000e+00,0.000000e+00,0.000000e+00,0.000000e+00,0.000000e+00,0.000000e+00,0.000000e+00,0.000000e+00,0.000000e+00,0.000000e+00,0.000000e+00,0.000000e+00
1.000000e+00,0.000000e+00,0.000000e+00,0.000000e+00,0.000000e+00,0.000000e+00,0.000000e+00,0.000000e+00,0.000000e+00,0.000000e+00,0.000000e+00,0.000000e+00,0.000000e+00,0.000000e+00,0.000000e+00
1.000000e+00,0.000000e+00,0.000000e+00,0.000000e+00,0.000000e+00,0.000000e+00,0.000000e+00,0.000000e+00,0.000000e+00,0.000000e+00,0.000000e+00,0.000000e+00,0.000000e+00,0.000000e+00,0.000000e+00
1.000000e+00,0.000000e+00,0.000000e+00,0.000000e+00,0.000000e+00,0.000000e+00,0.000000e+00,0.000000e+00,0.000000e+00,0.000000e+00,0.000000e+00,0.000000e+00,0.000000e+00,0.000000e+00,0.000000e+00
4.670334e-01,2.089839e-02,9.399430e-03,2.948758e-02,1.305941e-02,3.748734e-01,3.192290e-03,1.454699e-02,4.530518e-03,1.375084e-02,1.460231e-02,1.083213e-02,8.192297e-03,3.966295e-03,1.163478e-02
3.269748e-01,1.471628e-02,6.583280e-03,2.134997e-02,9.190587e-03,5.352851e-01,2.446359e-03,1.020978e-02,5.315138e-03,1.571314e-02,1.643678e-02,7.631523e-03,6.003265e-03,2.876673e-03,1.926730e-02
2.289674e-01,1.043119e-02,4.615703e-03,1.603728e-02,6.766595e-03,5.999709e-01,1.857609e-03,7.529627e-03,8.131059e-03,1.309434e-02,2.137307e-02,5.475100e-03,4.379916e-03,4.644323e-03,6.672584e-02
1.603047e-01,7.324916e-03,3.233060e-03,1.127385e-02,4.906124e-03,4.635687e-01,1.309268e-03,5.343571e-03,7.763134e-03,1.066643e-02,1.951200e-02,3.954313e-03,3.238420e-03,3.097485e-02,2.666267e-01
1.122255e-01,5.137003e-03,2.264854e-03,7.899100e-03,3.816180e-03,3.286457e-01,9.195634e-04,3.773111e-03,7.575048e-03,7.738986e-03,1.591701e-02,2.785360e-03,2.294914e-03,3.250087e-02,4.665068e-01
7.863610e-02,3.681702e-03,1.596126e-03,5.580888e-03,7.453765e-03,2.384959e-01,6.524461e-04,3.137735e-03,8.180695e-03,6.379307e-03,1.415634e-02,2.080304e-03,2.119524e-03,1.324797e-01,4.953694e-01
5.510469e-02,2.602442e-03,1.121483e-03,3.939733e-03,7.883142e-03,1.684482e-01,4.619239e-04,2.315730e-03,8.386143e-03,5.467800e-03,1.221259e-02,1.562462e-03,1.782085e-03,1.499005e-01,5.788111e-01
3.879617e-02,2.087550e-03,8.252892e-04,2.809189e-03,1.075456e-02,1.188095e-01,3.393620e-04,2.018968e-03,2.173074e-02,1.218469e-02,1.508667e-02,1.347533e-03,2.272063e-03,2.272938e-01,5.436438e-01
2.720702e-02,1.736539e-03,6.369902e-04,1.978958e-03,7.911764e-03,8.336348e-02,2.387135e-04,1.454492e-03,5.049939e-02,1.033309e-02,1.324858e-02,9.981992e-04,1.987298e-03,4.087831e-01,3.896224e-01
1.916205e-02,1.590721e-03,5.191052e-04,1.441577e-03,6.153205e-03,5.938778e-02,1.775035e-04,2.243676e-03,9.671804e-02,7.452231e-03,1.407743e-02,8.457290e-04,1.991579e-03,4.996149e-01,2.886246e-01
1.372249e-02,1.797769e-03,4.317475e-04,1.235001e-03,5.306336e-03,4.406860e-02,1.302369e-04,2.445059e-03,1.040292e-01,5.268644e-03,1.106588e-02,6.699738e-04,2.002107e-03,6.002262e-01,2.076008e-01
1.020699e-02,1.695759e-03,8.503529e-04,1.649246e-03,4.760072e-03,3.415110e-02,1.071743e-04,3.472038e-03,9.637484e-02,3.815022e-03,9.505770e-03,5.532088e-04,1.930794e-03,6.804659e-01,1.504618e-01
2.080048e-02,1.848916e-03,6.972108e-03,3.152485e-03,7.533137e-03,2.600889e-02,1.521693e-04,5.443273e-03,9.695672e-02,3.126726e-03,8.731212e-03,5.152096e-04,2.071533e-03,6.993729e-01,1.173142e-01
1.814718e-02,9.565379e-03,1.881838e-02,1.604635e-02,9.521529e-03,1.961850e-02,2.821129e-04,2.139306e-02,2.069014e-01,3.164626e-03,1.205445e-02,6.396032e-04,2.631393e-03,5.747066e-01,8.650948e-02
1.757267e-02,2.299170e-02,2.263466e-02,2.331701e-02,9.007137e-03,1.534446e-02,4.449331e-04,2.080737e-02,3.015029e-01,3.150149e-03,1.281497e-02,6.289883e-04,3.323932e-03,4.731411e-01,7.331807e-02
1.907480e-02,2.296600e-02,2.462697e-02,3.454767e-02,9.265544e-03,1.156479e-02,4.583373e-04,2.528652e-02,4.338076e-01,2.714825e-03,1.213367e-02,7.951285e-04,3.773002e-03,3.449838e-01,5.400137e-02
1.929815e-02,2.405278e-02,2.253842e-02,4.217002e-02,8.549048e-03,9.299759e-03,4.101308e-04,1.896460e-02,5.407466e-01,3.164332e-03,1.126954e-02,8.656982e-04,4.156761e-03,2.508166e-01,4.369763e-02
1.510030e-02,2.005264e-02,1.903880e-02,4.678033e-02,7.787514e-03,6.944215e-03,3.687264e-04,1.358989e-02,6.438978e-01,2.767907e-03,1.033643e-02,7.595110e-04,3.778168e-03,1.765464e-01,3.225135e-02
2.926520e-02,1.843730e-02,2.142342e-02,8.184032e-02,1.150604e-02,1.226808e-02,4.960713e-04,1.433281e-02,6.221505e-01,3.870623e-03,1.815921e-02,1.054444e-03,5.045510e-03,1.280046e-01,3.214586e-02
3.140795e-02,1.765806e-02,1.883641e-02,1.267609e-01,1.071152e-02,1.095126e-02,5.173303e-04,1.046469e-02,6.126080e-01,4.602585e-03,1.794607e-02,1.243933e-03,6.088524e-03,9.076298e-02,3.943977e-02
2.794902e-02,1.760156e-02,2.714654e-02,1.450649e-01,8.236201e-03,8.535168e-03,3.981105e-04,7.501328e-03,6.319404e-01,7.137533e-03,1.435103e-02,1.467852e-03,5.093545e-03,6.378669e-02,3.379019e-02
2.589528e-02,1.516294e-02,2.166573e-02,1.694460e-01,7.539704e-03,7.024564e-03,3.709190e-04,5.509476e-03,6.148112e-01,8.065667e-03,2.703723e-02,1.674682e-03,1.006601e-02,4.556251e-02,4.016809e-02
2.346659e-02,1.620187e-02,1.957714e-02,1.546800e-01,8.590838e-03,6.727026e-03,5.202737e-04,9.965196e-03,6.206722e-01,9.703840e-03,2.799129e-02,3.195990e-03,1.301386e-02,3.431297e-02,5.138097e-02
1.737058e-02,2.783972e-02,2.192021e-02,1.566770e-01,7.317207e-03,7.056781e-03,4.081385e-04,8.055598e-03,6.355560e-01,1.083193e-02,2.110715e-02,2.625118e-03,1.060943e-02,2.478775e-02,4.783735e-02
2.394000e-02,3.610021e-02,3.943599e-02,1.641506e-01,1.640121e-02,1.200286e-02,9.237786e-04,1.300545e-02,5.511799e-01,1.667269e-02,1.956550e-02,3.024403e-03,1.152348e-02,1.920761e-02,7.286629e-02
7.087922e-02,3.779486e-02,4.366493e-02,1.284893e-01,9.035574e-02,2.159988e-02,4.235413e-03,2.387276e-02,4.588045e-01,1.215556e-02,1.455622e-02,2.465671e-03,9.920041e-03,1.519861e-02,6.600729e-02
1.447155e-01,3.873100e-02,4.125603e-02,1.123952e-01,1.151766e-01,3.410290e-02,5.961264e-03,5.010952e-02,3.448290e-01,9.204648e-03,1.086393e-02,2.258131e-03,9.138465e-03,1.278352e-02,6.847440e-02
1.231199e-01,3.845365e-02,3.631164e-02,8.660565e-02,1.021332e-01,3.709828e-02,4.964207e-03,1.985524e-01,2.807015e-01,7.735485e-03,7.999094e-03,1.744580e-03,8.424973e-03,1.128676e-02,5.486869e-02
9.782620e-02,3.061279e-02,3.401814e-02,6.158539e-02,8.067073e-02,2.870545e-02,4.243905e-03,3.902037e-01,2.036271e-01,5.593731e-03,5.719757e-03,1.286334e-03,6.466402e-03,9.845939e-03,3.959443e-02
7.477316e-02,2.252077e-02,2.787034e-02,4.392039e-02,6.088422e-02,2.095548e-02,3.402115e-03,5.529016e-01,1.434014e-01,3.964125e-03,4.051336e-03,9.510966e-04,4.984772e-03,7.119608e-03,2.829958e-02
5.836246e-02,1.644296e-02,2.092554e-02,3.225437e-02,4.470941e-02,1.543547e-02,2.712240e-03,6.726114e-01,1.009160e-01,2.820447e-03,3.095834e-03,8.016846e-04,3.867798e-03,5.063669e-03,1.998080e-02
5.731637e-02,1.247748e-02,1.705083e-02,2.353506e-02,3.256471e-02,1.305080e-02,2.223909e-03,7.426016e-01,7.119128e-02,2.102360e-03,3.390040e-03,1.136294e-03,3.193636e-03,3.771265e-03,1.439442e-02
1.913680e-01,1.159264e-02,1.732179e-02,2.530052e-02,2.404622e-02,1.710268e-02,2.093233e-03,5.991380e-01,5.316892e-02,3.030110e-03,1.154549e-02,1.113794e-02,1.478324e-02,3.603685e-03,1.476762e-02
2.733456e-01,9.529777e-03,1.311340e-02,2.250674e-02,1.778298e-02,1.501261e-02,1.899907e-03,4.903415e-01,4.103104e-02,3.126940e-03,1.402391e-02,1.652188e-02,6.528233e-02,3.855286e-03,1.262612e-02
2.872391e-01,8.240618e-03,1.046278e-02,2.509700e-02,1.329672e-02,1.524606e-02,2.066178e-03,3.751330e-01,3.932004e-02,5.204132e-03,2.044974e-02,3.261077e-02,1.389141e-01,1.024603e-02,1.647382e-02
2.883796e-01,7.756948e-03,1.020627e-02,2.592932e-02,1.091660e-02,1.308100e-02,1.908078e-03,2.731250e-01,4.360064e-02,5.117369e-03,2.948610e-02,3.238776e-02,2.358152e-01,8.856284e-03,1.343391e-02
2.465681e-01,7.288494e-03,1.062563e-02,2.718695e-02,8.950015e-03,1.185245e-02,1.861008e-03,1.955667e-01,5.124472e-02,5.201535e-03,2.875934e-02,6.110257e-02,3.209018e-01,8.828804e-03,1.406193e-02
2.300752e-01,6.906560e-03,8.320349e-03,2.094192e-02,8.694222e-03,1.266011e-02,2.097609e-03,1.386529e-01,4.629199e-02,6.548425e-03,2.461004e-02,1.877600e-01,2.865040e-01,7.932747e-03,1.200384e-02
1.710033e-01,5.936258e-03,6.061403e-03,1.481836e-02,7.748337e-03,1.036958e-02,1.957265e-03,9.754007e-02,3.520344e-02,1.023696e-02,2.258599e-02,3.832582e-01,2.173087e-01,7.101531e-03,8.870666e-03
1.453700e-01,4.752288e-03,4.545453e-03,1.063006e-02,7.826401e-03,9.434048e-03,2.333101e-03,6.885821e-02,3.040121e-02,2.038440e-02,4.771994e-02,4.736631e-01,1.603925e-01,6.709060e-03,6.980249e-03
1.189727e-01,3.750233e-03,3.423345e-03,7.907134e-03,7.191168e-03,9.091401e-03,2.583273e-03,4.891543e-02,2.228056e-02,2.275297e-02,5.402818e-02,5.707607e-01,1.156641e-01,7.537074e-03,5.141718e-03
9.885105e-02,4.187888e-03,2.685862e-03,5.815825e-03,5.981546e-03,7.139904e-03,2.230868e-03,3.467325e-02,1.688362e-02,2.267440e-02,9.211301e-02,6.121279e-01,8.362144e-02,7.247339e-03,3.766082e-03
8.297817e-02,4.766678e-03,2.174015e-03,4.854949e-03,5.806874e-03,5.903577e-03,1.880799e-03,2.529816e-02,1.291178e-02,2.070317e-02,7.838618e-02,6.846993e-01,6.013953e-02,6.806488e-03,2.690286e-03
7.114108e-02,4.237701e-03,1.723359e-03,3.790641e-03,5.225252e-03,4.487172e-03,1.513313e-03,1.844225e-02,9.606319e-03,1.910512e-02,8.533441e-02,7.240081e-01,4.284004e-02,6.596023e-03,1.949098e-03
6.619490e-02,5.886296e-03,1.606448e-03,3.099950e-03,5.521115e-03,3.494225e-03,1.154299e-03,1.358765e-02,9.002522e-03,1.892627e-02,1.573379e-01,6.748088e-01,3.031988e-02,7.565790e-03,1.493999e-03
5.119235e-02,4.835467e-03,1.653996e-03,2.600704e-03,5.789454e-03,2.664398e-03,8.620098e-04,1.060049e-02,1.431566e-02,1.712915e-02,2.702240e-01,5.859456e-01,2.154215e-02,9.475229e-03,1.169403e-03
3.681894e-02,4.397989e-03,1.613127e-03,2.119560e-03,5.543618e-03,2.138317e-03,6.307485e-04,7.768252e-03,1.126595e-02,2.033392e-02,2.264674e-01,6.572059e-01,1.532155e-02,7.496895e-03,8.778230e-04
2.848508e-02,3.590450e-03,1.347449e-03,1.761404e-03,7.365351e-03,2.623248e-03,5.062136e-04,6.032114e-03,8.863948e-03,1.840069e-02,1.713466e-01,7.317206e-01,1.105370e-02,6.201020e-03,7.021485e-04
2.061356e-02,2.918316e-03,1.183384e-03,1.388911e-03,6.159178e-03,2.055015e-03,3.672243e-04,4.597633e-03,8.809431e-03,1.673840e-02,2.035363e-01,7.177122e-01,7.865535e-03,5.489887e-03,5.650010e-04
1.482305e-02,2.749828e-03,1.276085e-03,1.027597e-03,5.594614e-03,1.737609e-03,2.872933e-04,3.394269e-03,7.209255e-03,2.351025e-02,1.760985e-01,7.509679e-01,5.657260e-03,5.118250e-03,5.481560e-04
1.056440e-02,2.350951e-03,1.399964e-03,8.259807e-04,4.736137e-03,1.446119e-03,2.579004e-04,2.573449e-03,7.850986e-03,2.474035e-02,1.644168e-01,7.695802e-01,4.011408e-03,4.633263e-03,6.119957e-04
7.717693e-03,1.997533e-03,1.539852e-03,7.279776e-04,3.714093e-03,1.162257e-03,2.096517e-04,1.946327e-03,1.257504e-02,2.711978e-02,2.341461e-01,6.978696e-01,2.892371e-03,5.585664e-03,7.960435e-04
5.897352e-03,1.617783e-03,1.725336e-03,5.753506e-04,2.713412e-03,1.343115e-03,1.808052e-04,1.616849e-03,1.099078e-02,2.320646e-02,3.188772e-01,6.202053e-01,2.125219e-03,8.121193e-03,8.038867e-04
4.798347e-03,3.097770e-03,8.952317e-03,7.498473e-04,2.356030e-03,6.040148e-03,5.340386e-04,2.708421e-03,1.310510e-02,5.066089e-02,3.777803e-01,5.169877e-01,1.603970e-03,8.708174e-03,1.916905e-03
5.684114e-03,3.408790e-03,1.958374e-02,2.027587e-03,2.390555e-03,1.017592e-02,1.410394e-03,7.323371e-03,2.089386e-02,7.020206e-02,4.487520e-01,3.911752e-01,1.271468e-03,1.170027e-02,4.000574e-03
7.200480e-03,3.565550e-03,1.502908e-02,2.103688e-03,4.958257e-03,1.233269e-02,1.120721e-03,5.801494e-03,2.292191e-02,6.465431e-02,5.634608e-01,2.757533e-01,1.074119e-03,1.129974e-02,8.723710e-03
1.362736e-02,4.483778e-03,1.156870e-02,2.459477e-03,4.396359e-02,1.630825e-02,1.603339e-03,6.373021e-03,2.403766e-02,5.641665e-02,6.061848e-01,1.938892e-01,9.179625e-04,1.006146e-02,8.104666e-03
7.751419e-02,9.746467e-03,9.901782e-03,4.292374e-03,8.043889e-02,3.404645e-02,2.028579e-03,6.082719e-03,3.629939e-02,5.312534e-02,5.152385e-01,1.381208e-01,2.588453e-03,1.505851e-02,1.551749e-02
9.290679e-02,1.081243e-02,7.734942e-03,5.949763e-03,8.373329e-02,3.030729e-02,1.538229e-03,4.961432e-03,5.023244e-02,6.198522e-02,3.957867e-01,1.032263e-01,4.035040e-03,1.849023e-02,1.282999e-01
1.232983e-01,1.276799e-02,1.141883e-02,2.631423e-02,1.097141e-01,3.832589e-02,1.860317e-03,5.791922e-03,5.141903e-02,6.471793e-02,3.025714e-01,8.257205e-02,9.600959e-03,1.686347e-02,1.427635e-01
1.571158e-01,1.564335e-02,3.437827e-02,3.858560e-02,1.240510e-01,8.669991e-02,1.877931e-03,8.183934e-03,4.755636e-02,4.880440e-02,2.268122e-01,6.560553e-02,1.008826e-02,1.439804e-02,1.201995e-01
1.889899e-01,1.644646e-02,3.743609e-02,3.272083e-02,1.911930e-01,1.030161e-01,1.696597e-03,6.984210e-03,4.465488e-02,4.110460e-02,1.709072e-01,5.136018e-02,9.896719e-03,1.289608e-02,9.069717e-02
1.911712e-01,1.401151e-02,3.148916e-02,3.532339e-02,2.579870e-01,1.080120e-01,1.812086e-03,7.715167e-03,4.151986e-02,3.021066e-02,1.384531e-01,5.244689e-02,1.279947e-02,1.102527e-02,6.602323e-02
1.758284e-01,1.412451e-02,6.003403e-02,7.757058e-02,2.719703e-01,1.203716e-01,3.013347e-03,1.164441e-02,3.307395e-02,2.257437e-02,1.012715e-01,4.152250e-02,1.037266e-02,8.874774e-03,4.775302e-02
1.459396e-01,1.364358e-02,9.940946e-02,1.848325e-01,2.389478e-01,9.993206e-02,2.907638e-03,1.274156e-02,2.755788e-02,1.679462e-02,7.491285e-02,3.203655e-02,8.397883e-03,6.580266e-03,3.536566e-02
1.169070e-01,1.265160e-02,1.818090e-01,2.635815e-01,1.815804e-01,7.585298e-02,2.395927e-03,1.199205e-02,2.475367e-02,1.261489e-02,5.518934e-02,2.288650e-02,6.189111e-03,4.737691e-03,2.685824e-02
8.538196e-02,9.557078e-03,1.428651e-01,2.974820e-01,1.277712e-01,5.335921e-02,1.687485e-03,8.458531e-03,4.193518e-02,1.407253e-02,1.664698e-01,1.639494e-02,5.144380e-03,6.488780e-03,2.293184e-02
5.995991e-02,6.981186e-03,1.017697e-01,2.116006e-01,8.952449e-02,3.744764e-02,1.187527e-03,5.927951e-03,2.209255e-01,1.376536e-02,1.604473e-01,1.159084e-02,4.257801e-03,3.087129e-02,4.374294e-02
4.208579e-02,5.215460e-03,7.171170e-02,1.490240e-01,6.275828e-02,2.630031e-02,8.435334e-04,4.199124e-03,4.170350e-01,1.516168e-02,1.179839e-01,8.272244e-03,3.767732e-03,2.382690e-02,5.181424e-02
2.960454e-02,4.425246e-03,5.223933e-02,1.076773e-01,4.403254e-02,1.858596e-02,6.054387e-04,2.975379e-03,5.225989e-01,2.322089e-02,8.403206e-02,5.941273e-03,3.081548e-03,2.006217e-02,8.091746e-02
2.091126e-02,3.782977e-03,3.805282e-02,7.557470e-02,3.087234e-02,1.308538e-02,4.296993e-04,2.089238e-03,5.015635e-01,6.601995e-02,5.917337e-02,4.209948e-03,2.249053e-03,2.155449e-02,1.604313e-01
1.547885e-02,3.663978e-03,2.755559e-02,5.753205e-02,2.169784e-02,9.234429e-03,3.127246e-04,1.507960e-03,5.746878e-01,5.789460e-02,4.227441e-02,3.146380e-03,1.783451e-03,1.589967e-02,1.673302e-01
2.089954e-02,4.058747e-03,2.196060e-02,4.299963e-02,1.539255e-02,7.457559e-03,2.884521e-04,1.115585e-03,5.398632e-01,5.049618e-02,3.266129e-02,2.358696e-03,1.550768e-03,8.730794e-02,1.715892e-01
1.719123e-02,3.920518e-03,1.586462e-02,3.145934e-02,1.082635e-02,5.410583e-03,2.254298e-04,8.004686e-04,5.711977e-01,4.689878e-02,2.372128e-02,2.011085e-03,1.292791e-03,8.054127e-02,1.886384e-01
1.244917e-02,3.871161e-03,1.228778e-02,2.769760e-02,7.600415e-03,3.836692e-03,1.631339e-04,5.644484e-04,6.626697e-01,3.928200e-02,1.750728e-02,2.354623e-03,1.403497e-03,6.173850e-02,1.465740e-01
9.001192e-03,3.846102e-03,1.859600e-02,2.256492e-02,5.415733e-03,2.794098e-03,1.434669e-04,4.214951e-04,5.473175e-01,1.160760e-01,1.344057e-02,2.220777e-03,1.598988e-03,1.375542e-01,1.190089e-01
1.116526e-02,9.803947e-03,1.903715e-02,2.836074e-02,4.475924e-03,2.278249e-03,1.952586e-04,5.760980e-04,5.457766e-01,9.407283e-02,1.338257e-02,4.561638e-03,3.963307e-03,9.986217e-02,1.624882e-01
1.152374e-01,1.994126e-02,1.550442e-02,4.447695e-02,8.111982e-03,3.457970e-03,4.301327e-04,1.589639e-03,4.225389e-01,8.247162e-02,4.544838e-02,5.903593e-03,1.869004e-02,7.729963e-02,1.388981e-01
1.573155e-01,2.947493e-02,1.287730e-02,1.053378e-01,7.944413e-03,4.752839e-03,6.205919e-04,3.408115e-03,3.525276e-01,6.410085e-02,4.553232e-02,6.680192e-03,1.837528e-02,5.680830e-02,1.342441e-01
2.209575e-01,3.588178e-02,1.167209e-02,9.164027e-02,7.013817e-03,6.373635e-03,7.707115e-04,3.542965e-03,2.839393e-01,5.380396e-02,4.207587e-02,7.887934e-03,1.920977e-02,4.713311e-02,1.680974e-01
2.813790e-01,3.920310e-02,1.322545e-02,8.066893e-02,7.271269e-03,9.019677e-03,1.752986e-03,5.393031e-03,2.370323e-01,4.489908e-02,4.180650e-02,1.123053e-02,2.247861e-02,4.960663e-02,1.550329e-01
4.024602e-01,3.805834e-02,1.446438e-02,6.593460e-02,8.500393e-03,1.088669e-02,2.860963e-03,1.025897e-02,1.827115e-01,3.350902e-02,3.557807e-02,1.398766e-02,1.928979e-02,3.977269e-02,1.217268e-01
1.000000e+00,0.000000e+00,0.000000e+00,0.000000e+00,0.000000e+00,0.000000e+00,0.000000e+00,0.000000e+00,0.000000e+00,0.000000e+00,0.000000e+00,0.000000e+00,0.000000e+00,0.000000e+00,0.000000e+00
1.000000e+00,0.000000e+00,0.000000e+00,0.000000e+00,0.000000e+00,0.000000e+00,0.000000e+00,0.000000e+00,0.000000e+00,0.000000e+00,0.000000e+00,0.000000e+00,0.000000e+00,0.000000e+00,0.000000e+00
4.811606e-01,3.531189e-02,2.413494e-02,5.383646e-02,8.276135e-03,1.570915e-02,2.766246e-03,1.005723e-02,9.547279e-02,1.533934e-02,2.100608e-02,1.851713e-02,1.630102e-02,3.928124e-02,1.628297e-01
4.435079e-01,4.695250e-02,2.794816e-02,6.838883e-02,8.978161e-03,1.385829e-02,2.963796e-03,1.622586e-02,1.310316e-01,1.180235e-02,1.902471e-02,1.862119e-02,1.541047e-02,3.279007e-02,1.424961e-01
1.000000e+00,0.000000e+00,0.000000e+00,0.000000e+00,0.000000e+00,0.000000e+00,0.000000e+00,0.000000e+00,0.000000e+00,0.000000e+00,0.000000e+00,0.000000e+00,0.000000e+00,0.000000e+00,0.000000e+00
4.991935e-01,4.760251e-02,2.732150e-02,6.776947e-02,9.715791e-03,1.722641e-02,3.390152e-03,1.878505e-02,1.340633e-01,6.949971e-03,1.509610e-02,2.286931e-02,1.475751e-02,2.087258e-02,9.438689e-02
4.780443e-01,4.730728e-02,2.973000e-02,6.353109e-02,9.913754e-03,1.899081e-02,3.501352e-03,2.181687e-02,1.500808e-01,8.088926e-03,1.362912e-02,2.225029e-02,1.250682e-02,2.917967e-02,9.142896e-02
3.779897e-01,3.872436e-02,4.519635e-02,6.602956e-02,7.861786e-03,1.558897e-02,2.878921e-03,1.801510e-02,2.684433e-01,7.977840e-03,1.252095e-02,1.818154e-02,1.227827e-02,2.284446e-02,8.546898e-02
4.117802e-01,3.569801e-02,5.909290e-02,5.694596e-02,7.954643e-03,1.628831e-02,2.989030e-03,1.761961e-02,2.167919e-01,9.970741e-03,1.316941e-02,1.684657e-02,1.225617e-02,2.435036e-02,9.824619e-02
4.636372e-01,3.292679e-02,5.005216e-02,5.655175e-02,9.459508e-03,2.009056e-02,5.157419e-03,2.303247e-02,1.699819e-01,7.881192e-03,1.733770e-02,2.565019e-02,1.774991e-02,1.952516e-02,8.096619e-02
4.951584e-01,2.645170e-02,5.188575e-02,4.755441e-02,8.163158e-03,2.216551e-02,5.503341e-03,2.275535e-02,1.602312e-01,9.170239e-03,1.975363e-02,2.301040e-02,1.920462e-02,1.739996e-02,7.159232e-02
1.000000e+00,0.000000e+00,0.000000e+00,0.000000e+00,0.000000e+00,0.000000e+00,0.000000e+00,0.000000e+00,0.000000e+00,0.000000e+00,0.000000e+00,0.000000e+00,0.000000e+00,0.000000e+00,0.000000e+00
4.722868e-01,2.195228e-02,5.922048e-02,4.726637e-02,1.468446e-02,3.155565e-02,3.858579e-03,1.008487e-01,1.298135e-01,7.218543e-03,1.862467e-02,1.826345e-02,1.461146e-02,1.468782e-02,4.510735e-02
4.612126e-01,2.413035e-02,6.535909e-02,4.068373e-02,2.143056e-02,3.582476e-02,7.620437e-03,1.002381e-01,1.389893e-01,6.194924e-03,1.575039e-02,2.036402e-02,1.466546e-02,1.142831e-02,3.610805e-02
4.444052e-01,2.686424e-02,5.315077e-02,3.024455e-02,2.525933e-02,8.748336e-02,6.165442e-03,7.327952e-02,1.648012e-01,4.727402e-03,1.354174e-02,1.650868e-02,1.645510e-02,9.337860e-03,2.777567e-02
4.258563e-01,2.900000e-02,4.437589e-02,2.424265e-02,3.335278e-02,8.651911e-02,5.870007e-03,5.526836e-02,2.230135e-01,4.039985e-03,1.024814e-02,1.613247e-02,1.339230e-02,7.105923e-03,2.158257e-02
4.207318e-01,2.790709e-02,3.413336e-02,1.905198e-02,3.113832e-02,1.489586e-01,4.699873e-03,4.049741e-02,1.987864e-01,3.786820e-03,8.431131e-03,2.932475e-02,1.020936e-02,5.353464e-03,1.698968e-02
4.210030e-01,2.457346e-02,2.670944e-02,1.608478e-02,2.954113e-02,1.895686e-01,3.896677e-03,3.034113e-02,1.876549e-01,3.306602e-03,7.423230e-03,3.557876e-02,7.686553e-03,3.876876e-03,1.275491e-02
4.461707e-01,2.004105e-02,2.256610e-02,1.369591e-02,2.435051e-02,2.086906e-01,4.140274e-03,2.272202e-02,1.462990e-01,2.995191e-03,1.183110e-02,5.734919e-02,6.412731e-03,3.000342e-03,9.735229e-03
4.776801e-01,1.513725e-02,1.742700e-02,1.182884e-02,1.873746e-02,2.114549e-01,3.852483e-03,1.693162e-02,1.127615e-01,2.328819e-03,1.373745e-02,8.302943e-02,5.292205e-03,2.307861e-03,7.493024e-03
4.265500e-01,1.594320e-02,1.513133e-02,1.048068e-02,1.835861e-02,2.082813e-01,4.267207e-03,1.308280e-02,8.360978e-02,2.407033e-03,2.814347e-02,1.594330e-01,5.150322e-03,2.149418e-03,7.011803e-03
4.151190e-01,1.426562e-02,1.438607e-02,1.024881e-02,1.562992e-02,2.140622e-01,5.030373e-03,1.091212e-02,6.134579e-02,3.432174e-03,2.860916e-02,1.914167e-01,5.496026e-03,1.949664e-03,8.096308e-03
3.008006e-01,1.060029e-02,1.112570e-02,7.939509e-03,1.145962e-02,2.946058e-01,4.103880e-03,8.220419e-03,4.411259e-02,2.766093e-03,2.322896e-02,2.686986e-01,4.487382e-03,1.500373e-03,6.350253e-03
2.118557e-01,7.554361e-03,8.067145e-03,5.767585e-03,8.579664e-03,2.821351e-01,3.068497e-03,6.165717e-03,3.132088e-02,1.980826e-03,1.802669e-02,4.066266e-01,3.227389e-03,1.111793e-03,4.512018e-03
1.488601e-01,5.412526e-03,5.886113e-03,4.140415e-03,6.377259e-03,2.973855e-01,2.314024e-03,4.467331e-03,2.228730e-02,1.416469e-03,1.513750e-02,4.799966e-01,2.299026e-03,8.129060e-04,3.206981e-03
1.042908e-01,3.839873e-03,4.336039e-03,2.919846e-03,4.838869e-03,2.268516e-01,1.708289e-03,3.250869e-03,1.572450e-02,1.005861e-03,1.241240e-02,6.143563e-01,1.615353e-03,5.871755e-04,2.262207e-03
7.302374e-02,2.771128e-03,3.336028e-03,2.047764e-03,3.764397e-03,1.596794e-01,1.207318e-03,2.308770e-03,1.113322e-02,7.322039e-04,1.110644e-02,7.257395e-01,1.135299e-03,4.243642e-04,1.590380e-03
5.115969e-02,2.007711e-03,2.575398e-03,1.440200e-03,3.099940e-03,1.120926e-01,8.560540e-04,1.691182e-03,7.872764e-03,5.341150e-04,9.427885e-03,8.050110e-01,8.062014e-04,3.087563e-04,1.116433e-03
3.587282e-02,1.939194e-03,2.202376e-03,1.012154e-03,2.654132e-03,7.854545e-02,6.038228e-04,1.280254e-03,5.643779e-03,4.143411e-04,8.338187e-03,8.598595e-01,6.197328e-04,2.290846e-04,7.852055e-04
2.528416e-02,2.155501e-03,2.324838e-03,7.206805e-04,3.438178e-03,5.515975e-02,4.351367e-04,1.153349e-03,4.306622e-03,3.230638e-04,6.878046e-03,8.966076e-01,4.836424e-04,1.724485e-04,5.569681e-04
1.803421e-02,3.466096e-03,7.791347e-03,5.642051e-04,3.322576e-02,3.899987e-02,5.199833e-04,3.269755e-03,5.027451e-03,2.746650e-04,5.151052e-03,8.827088e-01,4.142510e-04,1.359512e-04,4.165432e-04
1.428559e-02,3.011723e-03,1.424757e-02,6.112865e-04,6.141876e-02,2.923594e-02,8.069340e-04,1.364888e-02,4.830508e-03,2.453147e-04,4.593129e-03,8.521599e-01,4.649777e-04,1.204761e-04,3.189796e-04
1.207653e-02,2.839425e-03,2.201632e-02,6.276388e-04,1.027245e-01,2.233459e-02,1.060634e-03,1.644660e-02,5.216751e-03,2.544950e-04,4.523336e-03,8.089864e-01,4.834991e-04,1.239677e-04,2.853509e-04
1.182745e-02,2.415186e-03,2.271386e-02,7.591017e-04,1.150307e-01,1.724932e-02,2.340927e-03,3.575779e-02,8.825712e-03,4.044406e-04,4.816671e-03,7.768448e-01,5.878574e-04,1.801629e-04,2.460806e-04
1.105109e-02,2.676054e-03,2.421921e-02,1.151471e-03,2.803436e-01,1.252312e-02,2.953139e-03,3.506821e-02,1.459963e-02,4.392676e-04,4.818989e-03,6.091275e-01,6.026349e-04,2.307705e-04,1.954073e-04
1.165181e-02,2.644699e-03,2.056109e-02,1.129905e-03,4.415553e-01,1.021117e-02,1.100970e-02,2.697894e-02,1.659068e-02,5.793143e-04,5.914825e-03,4.494843e-01,9.822531e-04,4.655914e-04,2.404595e-04
1.305554e-02,3.492694e-03,2.581891e-02,6.892943e-03,5.404854e-01,9.454121e-03,3.476710e-02,2.156399e-02,1.286029e-02,6.861934e-04,5.492147e-03,3.237044e-01,9.511652e-04,5.301971e-04,2.448717e-04
3.637904e-02,7.103750e-03,4.017960e-02,1.038638e-02,5.686836e-01,1.978960e-02,4.246597e-02,1.775309e-02,1.305593e-02,1.047948e-03,5.686989e-03,2.349091e-01,1.133070e-03,9.705201e-04,4.554412e-04
4.689020e-02,1.139254e-02,3.453013e-02,2.176573e-02,5.669850e-01,3.027875e-02,4.908555e-02,4.054482e-02,1.283662e-02,1.699733e-03,7.855430e-03,1.725065e-01,1.284343e-03,1.437332e-03,9.074262e-04
8.818451e-02,1.166167e-02,3.192241e-02,3.322740e-02,5.216734e-01,5.605602e-02,4.137079e-02,3.862303e-02,1.907627e-02,7.432452e-03,1.393785e-02,1.287207e-01,2.092939e-03,4.126863e-03,1.893720e-03
9.342315e-02,1.354317e-02,2.427980e-02,5.339811e-02,5.063198e-01,6.027575e-02,3.402499e-02,6.735448e-02,2.082066e-02,6.245512e-03,1.366086e-02,9.819952e-02,2.620239e-03,3.761062e-03,2.072945e-03
1.257211e-01,1.304404e-02,2.464182e-02,8.597739e-02,4.708908e-01,7.042039e-02,2.504922e-02,5.561740e-02,1.883429e-02,6.113504e-03,1.450405e-02,7.830675e-02,4.229811e-03,4.074988e-03,2.574389e-03
1.774307e-01,1.177704e-02,2.279460e-02,1.086178e-01,4.257895e-01,7.703038e-02,1.895542e-02,4.757014e-02,1.734566e-02,8.938933e-03,1.263231e-02,5.795868e-02,4.491233e-03,3.754095e-03,4.913588e-03
2.389925e-01,1.027554e-02,1.733415e-02,9.056052e-02,3.270678e-01,1.768675e-01,1.393244e-02,3.688502e-02,1.547774e-02,6.854573e-03,1.094821e-02,4.160064e-02,4.148847e-03,4.060023e-03,4.994417e-03
2.171501e-01,8.553572e-03,1.370294e-02,7.562280e-02,2.421843e-01,3.360587e-01,9.890663e-03,2.793339e-02,1.171803e-02,5.146399e-03,1.008896e-02,2.928605e-02,3.328924e-03,4.939980e-03,4.395175e-03
2.768910e-01,8.932920e-03,1.273605e-02,6.050238e-02,1.784634e-01,3.660918e-01,7.113250e-03,2.191128e-02,9.303071e-03,4.195811e-03,1.322529e-02,2.129028e-02,3.017538e-03,1.002563e-02,6.300362e-03
2.472319e-01,1.025201e-02,9.809678e-03,4.442597e-02,1.291134e-01,4.758604e-01,5.115827e-03,1.791375e-02,7.093933e-03,3.355019e-03,1.418591e-02,1.540840e-02,2.893928e-03,1.066526e-02,6.674612e-03
2.049391e-01,1.135612e-02,8.466883e-03,3.278820e-02,9.319966e-02,5.734550e-01,3.756678e-03,1.534587e-02,5.480757e-03,2.771413e-03,1.650709e-02,1.123567e-02,2.371780e-03,1.201062e-02,6.315093e-03
1.607987e-01,1.187852e-02,6.660840e-03,2.401388e-02,6.646039e-02,6.555647e-01,2.737093e-03,1.180724e-02,4.488551e-03,2.278931e-03,2.077099e-02,8.202705e-03,1.995857e-03,1.607463e-02,6.266933e-03
1.548931e-01,1.494070e-02,7.779488e-03,2.641847e-02,4.946884e-02,6.444924e-01,2.083703e-03,9.990343e-03,6.570660e-03,2.074589e-03,3.267498e-02,6.355682e-03,2.548880e-03,3.113909e-02,8.568950e-03
1.600616e-01,2.423711e-02,2.000269e-02,6.451039e-02,4.072900e-02,4.848890e-01,3.044760e-03,1.138095e-02,6.531425e-02,5.659436e-03,3.358945e-02,9.385434e-03,5.855564e-03,3.811295e-02,3.322735e-02
1.258889e-01,2.656667e-02,2.019675e-02,5.498927e-02,3.025353e-02,3.462947e-01,2.412715e-03,9.074987e-03,1.548654e-01,1.136805e-02,3.244774e-02,9.367027e-03,6.705589e-03,4.795437e-02,1.216143e-01
1.028212e-01,2.446409e-02,2.088552e-02,4.186667e-02,2.233211e-02,2.717694e-01,1.837249e-03,6.691680e-03,1.263255e-01,1.125166e-02,3.348701e-02,9.875849e-03,6.813875e-03,1.419130e-01,1.776652e-01
1.424416e-01,2.029582e-02,2.198700e-02,3.123775e-02,1.643412e-02,2.021549e-01,1.650068e-03,5.277370e-03,9.567990e-02,1.048439e-02,3.382047e-02,1.161399e-02,7.259000e-03,2.649192e-01,1.347443e-01
1.570062e-01,1.956349e-02,2.043648e-02,2.891851e-02,1.250469e-02,1.547517e-01,1.673044e-03,4.340380e-03,8.790878e-02,9.739275e-03,3.332188e-02,1.389901e-02,7.177455e-03,3.260514e-01,1.227076e-01
1.622607e-01,1.751090e-02,4.487981e-02,3.675060e-02,9.737119e-03,1.165922e-01,1.775954e-03,3.706166e-03,8.067138e-02,9.859176e-03,3.852440e-02,1.864307e-02,7.197426e-03,3.141724e-01,1.377186e-01
1.206412e-01,1.507001e-02,3.779844e-02,2.743486e-02,7.357913e-03,8.314376e-02,1.292685e-03,2.752485e-03,6.387664e-02,1.114896e-02,3.089653e-02,1.356168e-02,5.329401e-03,4.720274e-01,1.076679e-01
1.589144e-01,2.170717e-02,3.230613e-02,2.546216e-02,7.308473e-03,6.235401e-02,1.355896e-03,3.300062e-03,8.151069e-02,9.673925e-03,2.495678e-02,1.071642e-02,5.863642e-03,4.289790e-01,1.255912e-01
1.261535e-01,1.830231e-02,2.517020e-02,1.911305e-02,5.558111e-03,4.544183e-02,1.092375e-03,2.622280e-03,9.025739e-02,1.502136e-02,2.278561e-02,8.519644e-03,4.502010e-03,5.089636e-01,1.064967e-01
1.045147e-01,1.415129e-02,1.859353e-02,1.427287e-02,4.453235e-03,3.350163e-02,9.402111e-04,2.039339e-03,1.013692e-01,2.563560e-02,1.853916e-02,6.824214e-03,3.584317e-03,5.697086e-01,8.187221e-02
7.420831e-02,1.102281e-02,1.455822e-02,1.023471e-02,3.361412e-03,2.361531e-02,6.850003e-04,1.457985e-03,7.872698e-02,2.978882e-02,1.763892e-02,4.933284e-03,2.587417e-03,6.592195e-01,6.796131e-02
5.815548e-02,9.294289e-03,1.231445e-02,7.990094e-03,3.505365e-03,1.710336e-02,6.853436e-04,1.247554e-03,8.334981e-02,2.710258e-02,1.439651e-02,3.798471e-03,2.372545e-03,7.020832e-01,5.660098e-02
5.929926e-02,7.561279e-03,9.523992e-03,5.973389e-03,3.213006e-03,1.338938e-02,6.267268e-04,1.111519e-03,8.138628e-02,2.652501e-02,1.261067e-02,3.154158e-03,2.061048e-03,7.257740e-01,4.779018e-02
6.670960e-02,9.038035e-03,1.265368e-02,4.743073e-03,6.252511e-03,1.237025e-02,5.756837e-04,1.034613e-03,1.437039e-01,2.994814e-02,1.316225e-02,2.604087e-03,1.758968e-03,6.505378e-01,4.490732e-02
5.987802e-02,7.413469e-03,1.086280e-02,3.564206e-03,6.852908e-03,1.217868e-02,4.302954e-04,8.321812e-04,1.645452e-01,2.685645e-02,1.231077e-02,2.011846e-03,1.637996e-03,5.996699e-01,9.095521e-02
5.694212e-02,1.137695e-02,1.415064e-02,9.344734e-03,1.107839e-02,1.160661e-02,4.144435e-04,2.234500e-03,1.602605e-01,2.505150e-02,1.147160e-02,2.784816e-03,2.407961e-03,4.576064e-01,2.232687e-01
5.590376e-02,1.063665e-02,1.705389e-02,7.958060e-03,9.736296e-03,1.227223e-02,4.153503e-04,2.396516e-03,1.259772e-01,2.888750e-02,1.130184e-02,2.856440e-03,2.746433e-03,3.994195e-01,3.124383e-01
8.426748e-02,1.358657e-02,1.587535e-02,1.085398e-02,2.111084e-02,1.587506e-02,5.805701e-04,5.391476e-03,1.295493e-01,4.157420e-02,1.075911e-02,3.032822e-03,3.682476e-03,3.860257e-01,2.578350e-01
7.145525e-02,1.557214e-02,1.507559e-02,1.032549e-02,1.854502e-02,1.352771e-02,5.085515e-04,5.224699e-03,1.034966e-01,7.098576e-02,9.002173e-03,3.710510e-03,6.299340e-03,2.799862e-01,3.762849e-01
6.358577e-02,3.395313e-02,1.315454e-02,1.322784e-02,1.884443e-02,1.403558e-02,1.050381e-03,6.483478e-03,1.260060e-01,1.071008e-01,9.061195e-03,4.720262e-03,1.922721e-02,2.207551e-01,3.487944e-01
