1.000000e+00,0.000000e+00,0.000000e+00,0.000000e+00,0.000000e+00,0.000000e+00,0.000000e+00,0.000000e+00,0.000000e+00,0.000000e+00,0.000000e+00,0.000000e+00,0.000000e+00,0.000000e+00,0.000000e+00
1.000000e+00,0.000000e+00,0.000000e+00,0.000000e+00,0.000000e+00,0.000000e+00,0.000000e+00,0.000000e+00,0.000000e+00,0.000000e+00,0.000000e+00,0.000000e+00,0.000000e+00,0.000000e+00,0.000000e+00
1.000000e+00,0.000000e+00,0.000000e+00,0.000000e+00,0.000000e+00,0.000000e+00,0.000000e+00,0.000000e+00,0.000000e+00,0.000000e+00,0.000000e+00,0.000000e+00,0.000000e+00,0.000000e+00,0.000000e+00
1.000000e+00,0.000000e+00,0.000000e+00,0.000000e+00,0.000000e+00,0.000000e+00,0.000000e+00,0.000000e+00,0.000000e+00,0.000000e+00,0.000000e+00,0.000000e+00,0.000000e+00,0.000000e+00,0.000000e+00
1.000000e+00,0.000000e+00,0.000000e+00,0.000000e+00,0.000000e+00,0.000000e+00,0.000000e+00,0.000000e+00,0.000000e+00,0.000000e+00,0.000000e+00,0.000000e+00,0.000000e+00,0.000000e+00,0.000000e+00
1.000000e+00,0.000000e+00,0.000000e+00,0.000000e+00,0.000000e+00,0.000000e+00,0.000000e+00,0.000000e+00,0.000000e+00,0.000000e+00,0.000000e+00,0.000000e+00,0.000000e+00,0.000000e+00,0.000000e+00
1.000000e+00,0.000000e+00,0.000000e+00,0.000000e+00,0.000000e+00,0.000000e+00,0.000000e+00,0.000000e+00,0.000000e+00,0.000000e+00,0.000000e+00,0.000000e+00,0.000000e+00,0.000000e+00,0.000000e+00
1.000000e+00,0.000000e+00,0.000000e+00,0.000000e+00,0.000000e+00,0.000000e+00,0.000000e+00,0.000000e+00,0.000000e+00,0.000000e+00,0.000000e+00,0.000000e+00,0.000000e+00,0.000000e+00,0.000000e+00
1.000000e+00,0.000000e+00,0.000000e+00,0.000000e+00,0.000000e+00,0.000000e+00,0.000000e+00,0.000000e+00,0.000000e+00,0.000000e+00,0.000000e+00,0.000000e+00,0.000000e+00,0.000000e+00,0.000000e+00
1.000000e+00,0.000000e+00,0.000000e+00,0.000000e+00,0.000000e+00,0.000000e+00,0.000000e+00,0.000000e+00,0.000000e+00,0.000000e+00,0.000000e+00,0.000000e+00,0.000000e+00,0.000000e+00,0.000000e+00
1.000000e+00,0.000000e+00,0.000000e+00,0.000000e+00,0.000000e+00,0.000000e+00,0.000000e+00,0.000000e+00,0.000000e+00,0.000000e+00,0.000000e+00,0.000000e+00,0.000000e+00,0.000000e+00,0.000000e+00
1.000000e+00,0.000000e+00,0.000000e+00,0.000000e+00,0.000000e+00,0.000000e+00,0.000000e+00,0.000000e+00,0.000000e+00,0.000000e+00,0.000000e+00,0.000000e+00,0.000000e+00,0.000000e+00,0.000000e+00
1.000000e+00,0.000000e+00,0.000000e+00,0.000000e+00,0.000000e+00,0.000000e+00,0.000000e+00,0.000000e+00,0.000000e+00,0.000000e+00,0.000000e+00,0.000000e+00,0.000000e+00,0.000000e+00,0.000000e+00
1.000000e+00,0.000000e+00,0.000000e+00,0.000000e+00,0.000000e+00,0.000000e+00,0.000000e+00,0.000000e+00,0.000000e+00,0.000000e+00,0.000000e+00,0.000000e+00,0.000000e+00,0.000000e+00,0.000000e+00
1.000000e+00,0.000000e+00,0.000000e+00,0.000000e+00,0.000000e+00,0.000000e+00,0.000000e+00,0.000000e+00,0.000000e+00,0.000000e+00,0.000000e+00,0.000000e+00,0.000000e+00,0.000000e+00,0.000000e+00
1.000000e+00,0.000000e+00,0.000000e+00,0.000000e+00,0.000000e+00,0.000000e+00,0.000000e+00,0.000000e+00,0.000000e+00,0.000000e+00,0.000000e+00,0.000000e+00,0.000000e+00,0.000000e+00,0.000000e+00
1.000000e+00,0.000000e+00,0.000000e+00,0.000000e+00,0.000000e+00,0.000000e+00,0.000000e+00,0.000000e+00,0.000000e+00,0.000000e+00,0.000000e+00,0.000000e+00,0.000000e+00,0.000000e+00,0.000000e+00
1.000000e+00,0.000000e+00,0.000000e+00,0.000000e+00,0.000000e+00,0.000000e+00,0.000000e+00,0.000000e+00,0.000000e+00,0.000000e+00,0.000000e+00,0.000000e+00,0.000000e+00,0.000000e+00,0.000000e+00
1.000000e+00,0.000000e+00,0.000000e+00,0.000000e+00,0.000000e+00,0.000000e+00,0.000000e+00,0.000000e+00,0.000000e+00,0.000000e+00,0.000000e+00,0.000000e+00,0.000000e+00,0.000000e+00,0.000000e+00
1.000000e+00,0.000000e+00,0.000000e+00,0.000000e+00,0.000000e+00,0.000000e+00,0.000000e+00,0.000000e+00,0.000000e+00,0.000000e+00,0.000000e+00,0.000000e+00,0.000000e+00,0.000000e+00,0.000000e+00
1.000000e+00,0.000000e+00,0.000000e+00,0.000000e+00,0.000000e+00,0.000000e+00,0.000000e+00,0.000000e+00,0.000000e+00,0.000000e+00,0.000000e+00,0.000000e+00,0.000000e+00,0.000000e+00,0.000000e+00
1.000000e+00,0.000000e+00,0.000000e+00,0.000000e+00,0.000000e+00,0.000000e+00,0.000000e+00,0.000000e+00,0.000000e+00,0.000000e+00,0.000000e+00,0.000000e+00,0.000000e+00,0.000000e+00,0.000000e+00
1.000000e+00,0.000000e+00,0.000000e+00,0.000000e+00,0.000000e+00,0.000000e+00,0.000000e+00,0.000000e+00,0.000000e+00,0.000000e+00,0.000000e+00,0.000000e+00,0.000000e+00,0.000000e+00,0.000000e+00
1.000000e+00,0.000000e+00,0.000000e+00,0.000000e+00,0.000000e+00,0.000000e+00,0.000000e+00,0.000000e+00,0.000000e+00,0.000000e+00,0.000000e+00,0.000000e+00,0.000000e+00,0.000000e+00,0.000000e+00
1.000000e+00,0.000000e+00,0.000000e+00,0.000000e+00,0.000000e+00,0.000000e+00,0.000000e+00,0.000000e+00,0.000000e+00,0.000000e+00,0.000000e+00,0.000000e+00,0.000000e+00,0.000000e+00,0.000000e+00
1.000000e+00,0.000000e+00,0.000000e+00,0.000000e+00,0.000000e+00,0.000000e+00,0.000000e+00,0.000000e+00,0.000000e+00,0.000000e+00,0.000000e+00,0.000000e+00,0.000000e+00,0.000000e+00,0.000000e+00
1.000000e+00,0.000000e+00,0.000000e+00,0.000000e+00,0.000000e+00,0.000000e+00,0.000000e+00,0.000000e+00,0.000000e+00,0.000000e+00,0.000000e+00,0.000000e+00,0.000000e+00,0.000000e+00,0.000000e+00
1.000000e+00,0.000000e+00,0.000000e+00,0.000000e+00,0.000000e+00,0.000000e+00,0.000000e+00,0.000000e+00,0.000000e+00,0.000000e+00,0.000000e+00,0.000000e+00,0.000000e+00,0.000000e+00,0.000000e+00
1.000000e+00,0.000000e+00,0.000000e+00,0.000000e+00,0.000000e+00,0.000000e+00,0.000000e+00,0.000000e+00,0.000000e+00,0.000000e+00,0.000000e+00,0.000000e+00,0.000000e+00,0.000000e+00,0.000000e+00
1.000000e+00,0.000000e+00,0.000000e+00,0.000000e+00,0.000000e+00,0.000000e+00,0.000000e+00,0.000000e+00,0.000000e+00,0.000000e+00,0.000000e+00,0.000000e+00,0.000000e+00,0.000000e+00,0.000000e+00
1.000000e+00,0.000000e+00,0.000000e+00,0.000000e+00,0.000000e+00,0.000000e+00,0.000000e+00,0.000000e+00,0.000000e+00,0.000000e+00,0.000000e+00,0.000000e+00,0.000000e+00,0.000000e+00,0.000000e+00
1.000000e+00,0.000000e+00,0.000000e+00,0.000000e+00,0.000000e+00,0.000000e+00,0.000000e+00,0.000000e+00,0.000000e+00,0.000000e+00,0.000000e+00,0.000000e+00,0.000000e+00,0.000000e+00,0.000000e+00
1.000000e+00,0.000000e+00,0.000000e+00,0.000000e+00,0.000000e+00,0.000000e+00,0.000000e+00,0.000000e+00,0.000000e+00,0.000000e+00,0.000000e+00,0.000000e+00,0.000000e+00,0.000000e+00,0.000000e+00
1.000000e+00,0.000000e+00,0.000000e+00,0.000000e+00,0.000000e+00,0.000000e+00,0.000000e+00,0.000000e+00,0.000000e+00,0.000000e+00,0.000000e+00,0.000000e+00,0.000000e+00,0.000000e+00,0.000000e+00
1.000000e+00,0.000000e+00,0.000000e+00,0.000000e+00,0.000000e+00,0.000000e+00,0.000000e+00,0.000000e+00,0.000000e+00,0.000000e+00,0.000000e+00,0.000000e+00,0.000000e+00,0.000000e+00,0.000000e+00
1.000000e+00,0.000000e+00,0.000000e+00,0.000000e+00,0.000000e+00,0.000000e+00,0.000000e+00,0.000000e+00,0.000000e+00,0.000000e+00,0.000000e+00,0.000000e+00,0.000000e+00,0.000000e+00,0.000000e+00
1.000000e+00,0.000000e+00,0.000000e+00,0.000000e+00,0.000000e+00,0.000000e+00,0.000000e+00,0.000000e+00,0.000000e+00,0.000000e+00,0.000000e+00,0.000000e+00,0.000000e+00,0.000000e+00,0.000000e+00
1.000000e+00,0.000000e+00,0.000000e+00,0.000000e+00,0.000000e+00,0.000000e+00,0.000000e+00,0.000000e+00,0.000000e+00,0.000000e+00,0.000000e+00,0.000000e+00,0.000000e+00,0.000000e+00,0.000000e+00
1.000000e+00,0.000000e+00,0.000000e+00,0.000000e+00,0.000000e+00,0.000000e+00,0.000000e+00,0.000000e+00,0.000000e+00,0.000000e+00,0.000000e+00,0.000000e+00,0.000000e+00,0.000000e+00,0.000000e+00
1.000000e+00,0.000000e+00,0.000000e+00,0.000000e+00,0.000000e+00,0.000000e+00,0.000000e+00,0.000000e+00,0.000000e+00,0.000000e+00,0.000000e+00,0.000000e+00,0.000000e+00,0.000000e+00,0.000000e+00
1.000000e+00,0.000000e+00,0.000000e+00,0.000000e+00,0.000000e+00,0.000000e+00,0.000000e+00,0.000000e+00,0.000000e+00,0.000000e+00,0.000000e+00,0.000000e+00,0.000000e+00,0.000000e+00,0.000000e+00
1.000000e+00,0.000000e+00,0.000000e+00,0.000000e+00,0.000000e+00,0.000000e+00,0.000000e+00,0.000000e+00,0.000000e+00,0.000000e+00,0.000000e+00,0.000000e+00,0.000000e+00,0.000000e+00,0.000000e+00
1.000000e+00,0.000000e+00,0.000000e+00,0.000000e+00,0.000000e+00,0.000000e+00,0.000000e+00,0.000000e+00,0.000000e+00,0.000000e+00,0.000000e+00,0.000000e+00,0.000000e+00,0.000000e+00,0.000000e+00
1.000000e+00,0.000000e+00,0.000000e+00,0.000000e+00,0.000000e+00,0.000000e+00,0.000000e+00,0.000000e+00,0.000000e+00,0.000000e+00,0.000000e+00,0.000000e+00,0.000000e+00,0.000000e+00,0.000000e+00
1.000000e+00,0.000000e+00,0.000000e+00,0.000000e+00,0.000000e+00,0.000000e+00,0.000000e+00,0.000000e+00,0.000000e+00,0.000000e+00,0.000000e+00,0.000000e+00,0.000000e+00,0.000000e+00,0.000000e+00
1.000000e+00,0.000000e+00,0.000000e+00,0.000000e+00,0.000000e+00,0.000000e+00,0.000000e+00,0.000000e+00,0.000000e+00,0.000000e+00,0.000000e+00,0.000000e+00,0.000000e+00,0.000000e+00,0.000000e+00
1.000000e+00,0.000000e+00,0.000000e+00,0.000000e+00,0.000000e+00,0.000000e+00,0.000000e+00,0.000000e+00,0.000000e+00,0.000000e+00,0.000000e+00,0.000000e+00,0.000000e+00,0.000000e+00,0.000000e+00
1.000000e+00,0.000000e+00,0.000000e+00,0.000000e+00,0.000000e+00,0.000000e+00,0.000000e+00,0.000000e+00,0.000000e+00,0.000000e+00,0.000000e+00,0.000000e+00,0.000000e+00,0.000000e+00,0.000000e+00
1.000000e+00,0.000000e+00,0.000000e+00,0.000000e+00,0.000000e+00,0.000000e+00,0.000000e+00,0.000000e+00,0.000000e+00,0.000000e+00,0.000000e+00,0.000000e+00,0.000000e+00,0.000000e+00,0.000000e+00
1.000000e+00,0.000000e+00,0.000000e+00,0.000000e+00,0.000000e+00,0.000000e+00,0.000000e+00,0.000000e+00,0.000000e+00,0.000000e+00,0.000000e+00,0.000000e+00,0.000000e+00,0.000000e+00,0.000000e+00
1.000000e+00,0.000000e+00,0.000000e+00,0.000000e+00,0.000000e+00,0.000000e+00,0.000000e+00,0.000000e+00,0.000000e+00,0.000000e+00,0.000000e+00,0.000000e+00,0.000000e+00,0.000000e+00,0.000000e+00
1.000000e+00,0.000000e+00,0.000000e+00,0.000000e+00,0.000000e+00,0.000000e+00,0.000000e+00,0.000000e+00,0.000000e+00,0.000000e+00,0.000000e+00,0.000000e+00,0.000000e+00,0.000000e+00,0.000000e+00
1.000000e+00,0.000000e+00,0.000000e+00,0.000000e+00,0.000000e+00,0.000000e+00,0.000000e+00,0.000000e+00,0.000000e+00,0.000000e+00,0.000000e+00,0.000000e+00,0.000000e+00,0.000000e+00,0.000000e+00
1.000000e+00,0.000000e+00,0.000000e+00,0.000000e+00,0.000000e+00,0.000000e+00,0.000000e+00,0.000000e+00,0.000000e+00,0.000000e+00,0.000000e+00,0.000000e+00,0.000000e+00,0.000000e+00,0.000000e+00
4.631155e-01,7.086481e-03,3.771754e-02,5.592190e-02,3.650357e-03,7.345498e-03,3.087071e-03,3.931899e-01,2.587824e-03,1.079363e-03,4.946260e-03,6.815789e-03,5.153435e-03,1.354373e-03,6.948739e-03
3.258509e-01,5.031455e-03,3.183137e-02,4.349481e-02,2.825756e-03,5.427568e-03,2.320136e-03,5.620956e-01,1.930519e-03,7.651358e-04,3.816090e-03,4.829661e-03,3.678331e-03,1.110303e-03,4.992448e-03
2.302705e-01,3.568519e-03,2.513540e-02,3.263035e-02,2.216143e-03,4.090493e-03,1.930461e-03,6.848969e-01,1.403338e-03,5.418667e-04,2.813922e-03,3.421962e-03,2.639148e-03,8.782416e-04,3.562694e-03
1.646316e-01,2.839955e-03,2.148139e-02,2.619385e-02,1.868758e-03,4.381183e-03,1.531918e-03,7.109213e-01,3.779626e-03,7.886828e-04,1.367974e-02,8.684523e-03,3.298118e-02,2.901258e-03,3.335073e-03
1.231530e-01,2.604810e-03,1.613273e-02,2.028195e-02,1.814820e-03,5.128923e-03,1.812188e-03,6.374756e-01,6.517779e-03,1.142117e-03,3.637147e-02,1.818618e-02,1.212130e-01,4.391055e-03,3.774315e-03
8.677866e-02,1.901389e-03,1.134181e-02,1.455028e-02,1.811985e-03,4.097789e-03,1.907351e-03,4.696865e-01,6.734624e-03,1.060318e-03,3.095707e-02,4.920868e-02,3.085330e-01,5.407630e-03,6.022901e-03
6.131759e-02,1.646934e-03,8.381314e-03,1.134368e-02,2.233770e-03,4.263756e-03,3.228497e-03,3.365684e-01,1.710851e-02,1.280615e-03,2.676430e-02,8.628440e-02,4.241835e-01,5.872902e-03,9.521773e-03
4.322416e-02,1.647354e-03,6.338360e-03,9.170436e-03,2.274142e-03,5.095178e-03,3.436272e-03,2.381915e-01,2.805367e-02,1.617337e-03,2.379791e-02,1.414928e-01,4.804307e-01,6.059717e-03,9.170456e-03
3.034591e-02,1.917918e-03,1.066496e-02,7.025635e-03,2.940045e-03,3.839453e-03,2.651524e-03,1.669967e-01,2.576422e-02,1.217182e-02,2.430673e-02,1.282370e-01,5.653403e-01,6.994634e-03,1.080313e-02
2.178948e-02,2.327163e-03,1.132088e-02,6.145010e-03,4.956704e-03,3.231501e-03,2.395905e-03,1.174644e-01,3.620413e-02,1.826305e-02,2.278102e-02,1.227590e-01,5.997219e-01,9.786693e-03,2.085318e-02
1.643574e-02,2.328906e-03,8.665756e-03,4.972730e-03,1.681294e-02,2.776631e-03,2.211574e-03,8.289021e-02,5.398607e-02,1.714165e-02,2.173446e-02,1.670434e-01,5.314924e-01,5.181057e-02,1.969701e-02
1.308817e-02,2.325223e-03,6.271370e-03,4.631931e-03,2.045550e-02,2.287458e-03,1.878625e-03,5.898935e-02,8.538047e-02,1.354977e-02,3.205241e-02,2.545466e-01,3.921868e-01,9.663755e-02,1.571872e-02
1.100327e-02,2.283104e-03,4.684476e-03,4.862962e-03,2.407554e-02,3.190722e-03,1.629890e-03,4.252515e-02,7.594730e-02,1.207535e-02,6.797310e-02,3.206341e-01,2.868334e-01,1.303081e-01,1.197345e-02
9.754420e-03,1.972979e-03,3.665561e-03,3.715313e-03,2.217965e-02,1.943368e-02,1.601556e-03,3.006034e-02,5.618991e-02,8.964609e-03,1.389033e-01,2.375020e-01,2.025168e-01,2.548094e-01,8.730510e-03
1.192090e-02,1.680260e-03,4.855641e-03,3.272976e-03,1.935317e-02,3.575853e-02,1.451510e-03,2.155986e-02,4.170880e-02,6.838815e-03,2.494480e-01,1.713282e-01,1.428788e-01,2.813260e-01,6.618523e-03
2.035509e-02,1.807433e-03,7.579673e-03,3.640035e-03,1.467408e-02,5.396591e-02,1.254254e-03,1.590235e-02,3.451628e-02,8.231232e-03,3.380304e-01,1.247227e-01,1.013277e-01,2.684478e-01,5.545088e-03
1.907453e-02,1.757323e-03,6.707130e-03,4.477967e-03,1.235818e-02,4.010982e-02,1.003601e-03,1.137036e-02,2.890917e-02,1.000814e-02,4.163647e-01,9.334787e-02,7.158860e-02,2.781398e-01,4.782845e-03
1.524804e-02,2.021951e-03,5.712688e-03,4.349877e-03,1.061339e-02,2.941634e-02,8.225965e-04,8.254725e-03,2.669236e-02,9.873097e-03,4.251176e-01,7.392490e-02,5.102033e-02,3.332213e-01,3.710864e-03
2.217550e-02,4.047803e-03,7.894593e-03,4.055968e-03,1.551838e-02,2.274689e-02,1.213100e-03,6.975526e-03,2.508106e-02,1.195901e-02,4.333892e-01,6.163993e-02,3.660296e-02,3.434386e-01,3.261558e-03
1.825415e-02,4.094964e-03,1.006261e-02,3.682803e-03,2.472486e-02,1.784801e-02,1.156875e-03,5.819968e-03,2.320804e-02,1.154032e-02,4.365559e-01,5.493832e-02,2.627882e-02,3.594072e-01,2.427173e-03
1.793161e-02,5.189687e-03,1.067112e-02,2.952677e-03,3.121528e-02,1.996183e-02,9.562382e-04,4.540633e-03,2.340524e-02,9.605290e-03,3.771348e-01,4.608421e-02,1.888989e-02,4.292873e-01,2.174159e-03
2.158136e-02,4.243088e-03,8.712467e-03,2.391689e-03,2.842205e-02,2.474315e-02,7.415693e-04,3.417894e-03,2.320079e-02,7.310996e-03,3.766481e-01,3.709723e-02,1.362036e-02,4.455785e-01,2.290761e-03
2.917193e-02,4.721044e-03,8.257687e-03,2.626318e-03,3.246881e-02,2.355968e-02,6.141600e-04,2.774951e-03,3.040829e-02,6.042392e-03,3.733314e-01,3.306506e-02,1.005113e-02,4.399363e-01,2.970914e-03
3.004782e-02,1.053450e-02,2.432925e-02,3.408800e-03,3.765477e-02,2.255541e-02,5.962015e-04,3.743274e-03,8.786426e-02,5.622516e-03,3.340639e-01,2.765767e-02,7.474344e-03,4.008786e-01,3.568713e-03
2.910618e-02,1.252649e-02,2.877839e-02,4.005209e-03,3.530666e-02,5.061670e-02,5.453802e-04,4.033777e-03,1.448706e-01,5.066304e-03,2.664494e-01,2.120490e-02,5.552934e-03,3.882453e-01,3.691789e-03
3.880221e-02,1.250280e-02,4.420745e-02,1.033229e-02,2.898526e-02,5.825297e-02,5.807708e-04,1.175786e-02,2.477177e-01,6.557188e-03,1.976658e-01,1.577877e-02,4.291556e-03,3.166178e-01,5.949547e-03
4.885588e-02,1.070243e-02,3.208708e-02,1.221724e-02,2.283523e-02,8.505476e-02,4.460474e-04,8.852394e-03,3.327469e-01,8.369132e-03,1.494370e-01,1.312950e-02,4.860383e-03,2.522899e-01,1.811607e-02
6.105872e-02,8.680199e-03,2.438149e-02,1.169830e-02,1.842673e-02,1.280285e-01,3.463143e-04,7.434918e-03,3.846905e-01,8.879228e-03,1.118930e-01,1.038442e-02,4.096551e-03,1.977614e-01,2.223964e-02
6.672366e-02,7.289888e-03,1.793536e-02,9.029128e-03,1.453734e-02,1.468355e-01,3.125852e-04,5.780716e-03,4.124260e-01,7.292322e-03,9.346426e-02,8.846986e-03,3.468585e-03,1.859211e-01,2.013654e-02
7.539067e-02,6.025565e-03,1.494906e-02,8.707242e-03,1.434147e-02,2.282850e-01,4.006082e-04,6.590141e-03,3.829351e-01,6.014658e-03,7.350396e-02,7.070175e-03,3.628659e-03,1.552666e-01,1.689104e-02
9.850308e-02,7.041299e-03,1.578734e-02,1.744562e-02,1.518994e-02,2.470915e-01,4.203391e-04,5.405238e-03,3.330625e-01,5.687630e-03,7.613448e-02,6.127772e-03,4.036143e-03,1.460651e-01,2.200200e-02
9.046763e-02,7.655988e-03,2.110505e-02,2.192923e-02,1.930878e-02,3.401181e-01,7.366053e-04,5.670581e-03,2.679132e-01,5.930274e-03,6.821735e-02,5.271862e-03,4.570779e-03,1.204890e-01,2.061557e-02
8.540416e-02,8.149018e-03,6.779643e-02,5.208033e-02,2.955505e-02,3.558130e-01,1.681379e-03,1.581021e-02,2.130847e-01,5.026658e-03,5.410328e-02,3.916629e-03,3.711568e-03,8.782736e-02,1.604020e-02
8.459678e-02,1.298361e-02,1.488262e-01,5.143802e-02,3.811213e-02,3.479421e-01,2.532989e-03,1.243373e-02,1.675926e-01,4.051799e-03,4.159966e-02,2.849911e-03,2.772345e-03,6.902146e-02,1.324661e-02
7.463747e-02,1.714669e-02,1.512400e-01,1.494669e-01,4.634235e-02,2.636321e-01,2.240545e-03,1.202801e-02,1.776873e-01,6.489561e-03,3.060163e-02,2.169585e-03,2.223779e-03,4.930032e-02,1.479373e-02
1.109138e-01,3.382217e-02,1.649576e-01,1.645767e-01,4.480908e-02,1.968638e-01,1.807206e-03,1.002291e-02,1.691361e-01,8.776431e-03,2.977529e-02,2.023131e-03,2.026897e-03,3.639930e-02,2.408956e-02
1.102941e-01,2.844068e-02,1.170930e-01,1.930310e-01,4.134517e-02,2.559032e-01,1.603838e-03,7.569205e-03,1.628124e-01,6.869311e-03,2.531348e-02,2.576807e-03,3.916841e-03,2.559815e-02,1.763268e-02
8.456346e-02,2.024098e-02,8.211893e-02,1.428641e-01,3.116048e-02,4.320096e-01,1.399753e-03,6.217977e-03,1.246981e-01,5.594749e-03,2.646308e-02,2.613472e-03,7.625967e-03,1.807500e-02,1.435434e-02
5.964646e-02,1.447233e-02,5.758468e-02,1.065641e-01,2.297650e-02,5.464707e-01,1.089396e-03,5.152273e-03,8.869185e-02,4.721711e-03,5.199743e-02,9.992047e-03,6.362774e-03,1.383444e-02,1.044329e-02
4.214538e-02,1.036720e-02,4.035806e-02,7.625382e-02,1.679389e-02,5.596767e-01,8.486339e-04,4.349239e-03,6.404192e-02,3.960275e-03,1.443100e-01,1.098208e-02,5.560381e-03,1.240019e-02,7.952210e-03
3.159592e-02,7.804633e-03,2.833032e-02,5.388993e-02,1.268673e-02,4.263735e-01,6.450969e-04,4.891208e-03,5.150254e-02,3.725837e-03,3.315769e-01,1.236587e-02,4.394051e-03,2.415776e-02,6.059718e-03
2.962635e-02,5.776035e-03,1.996834e-02,3.804309e-02,1.066752e-02,3.084739e-01,5.439350e-04,5.500412e-03,4.714739e-02,3.582194e-03,4.760657e-01,1.294554e-02,3.507421e-03,3.240727e-02,5.744916e-03
3.272787e-02,4.518232e-03,1.407719e-02,2.684538e-02,9.655686e-03,2.191603e-01,8.465550e-04,4.178938e-03,4.419031e-02,3.245139e-03,5.791039e-01,1.518624e-02,2.862822e-03,3.913541e-02,4.265990e-03
2.737075e-02,3.712925e-03,1.014037e-02,2.006135e-02,3.983884e-02,1.540450e-01,2.343828e-03,3.543361e-03,6.199227e-02,4.439565e-03,5.991749e-01,2.905190e-02,3.073327e-03,3.720394e-02,4.007683e-03
2.440764e-02,4.609052e-03,7.764873e-03,1.558255e-02,7.302511e-02,1.084324e-01,5.345592e-03,5.789789e-03,7.206640e-02,4.356727e-03,6.052260e-01,3.313885e-02,2.900868e-03,3.377987e-02,3.574148e-03
2.732658e-02,4.684199e-03,7.178640e-03,1.220666e-02,7.531202e-02,7.795694e-02,6.243267e-03,1.997508e-02,9.685747e-02,7.104902e-03,5.685312e-01,3.610056e-02,7.785001e-03,4.295762e-02,9.779876e-03
2.314015e-02,4.532062e-03,8.808642e-03,1.059532e-02,1.258240e-01,5.892366e-02,5.233951e-03,2.590680e-02,1.167490e-01,9.391283e-03,4.715641e-01,5.429517e-02,1.620082e-02,5.084661e-02,1.798834e-02
2.609476e-02,6.793559e-03,8.095107e-03,9.395268e-03,1.086974e-01,4.747973e-02,4.839229e-03,3.049034e-02,1.672437e-01,1.309736e-02,3.934692e-01,9.256952e-02,1.971690e-02,5.823129e-02,1.378674e-02
4.181752e-02,1.541577e-02,2.126234e-02,9.980945e-03,1.090585e-01,3.543472e-02,5.519208e-03,4.175930e-02,2.094561e-01,1.508134e-02,3.094406e-01,9.612317e-02,1.845511e-02,5.962372e-02,1.157175e-02
5.272792e-02,2.433717e-02,2.077664e-02,8.888731e-03,8.973290e-02,2.757292e-02,4.485934e-03,4.070970e-02,2.798059e-01,1.516435e-02,2.586186e-01,8.575757e-02,1.529777e-02,6.605668e-02,1.006724e-02
8.359586e-02,4.977022e-02,1.606687e-02,1.154363e-02,6.905945e-02,2.347773e-02,3.552930e-03,3.194003e-02,3.521351e-01,1.637542e-02,1.890215e-01,7.090771e-02,1.221367e-02,5.332921e-02,1.701068e-02
6.878539e-02,5.612764e-02,2.455716e-02,8.533308e-02,5.197761e-02,1.847268e-02,2.813221e-03,2.749984e-02,3.352109e-01,3.453122e-02,1.374764e-01,5.189273e-02,1.107233e-02,4.142903e-02,5.282088e-02
9.090731e-02,5.842339e-02,2.545837e-02,8.982396e-02,3.865571e-02,1.566530e-02,2.508895e-03,2.309965e-02,2.833512e-01,6.236295e-02,1.025269e-01,4.608304e-02,1.093714e-02,3.189420e-02,1.183021e-01
1.113542e-01,8.087791e-02,2.112881e-02,7.301286e-02,4.648975e-02,1.345318e-02,2.147436e-03,1.838722e-02,2.810793e-01,6.341677e-02,7.791510e-02,3.528804e-02,1.166862e-02,2.550438e-02,1.382764e-01
1.362701e-01,7.264359e-02,3.230830e-02,6.818839e-02,8.438845e-02,1.398774e-02,4.397605e-03,4.150262e-02,2.745138e-01,5.159302e-02,5.996269e-02,2.827588e-02,1.109299e-02,2.003610e-02,1.008387e-01
1.990594e-01,6.612093e-02,4.457641e-02,9.302425e-02,7.605909e-02,1.262327e-02,4.442603e-03,5.482749e-02,2.243299e-01,4.774487e-02,4.993265e-02,2.449407e-02,1.122825e-02,1.688476e-02,7.465208e-02
1.866963e-01,5.745672e-02,6.799665e-02,9.519263e-02,8.233121e-02,1.456522e-02,4.746127e-03,8.519711e-02,1.986682e-01,6.858718e-02,3.913613e-02,1.910868e-02,9.911445e-03,1.477364e-02,5.563276e-02
1.648190e-01,5.144335e-02,5.744829e-02,1.190881e-01,1.073742e-01,1.553212e-02,5.865116e-03,1.485235e-01,1.732394e-01,5.344008e-02,3.001939e-02,1.448537e-02,7.973163e-03,1.131898e-02,3.943003e-02
1.495409e-01,3.904574e-02,6.967337e-02,1.858651e-01,1.125560e-01,1.266977e-02,5.265185e-03,1.839252e-01,1.287189e-01,3.853631e-02,2.156021e-02,1.061033e-02,6.130674e-03,8.069144e-03,2.783321e-02
1.493844e-01,3.170969e-02,8.845032e-02,2.024477e-01,1.024832e-01,1.101817e-02,4.522085e-03,1.846125e-01,1.364138e-01,2.967732e-02,1.725941e-02,8.382893e-03,5.538320e-03,6.062042e-03,2.203817e-02
1.841532e-01,2.703020e-02,7.900554e-02,2.232604e-01,9.281228e-02,9.305235e-03,4.081869e-03,1.715876e-01,1.323271e-01,2.363221e-02,1.535060e-02,7.849306e-03,6.667359e-03,5.131152e-03,1.780589e-02
2.577392e-01,2.172160e-02,7.567105e-02,1.883669e-01,7.599420e-02,8.525839e-03,5.878350e-03,1.788596e-01,1.186033e-01,1.753829e-02,1.401860e-02,8.552056e-03,7.034823e-03,5.589202e-03,1.590704e-02
2.877539e-01,1.950068e-02,5.946719e-02,1.447759e-01,7.225487e-02,7.483918e-03,5.852480e-03,2.223098e-01,1.259933e-01,1.253993e-02,1.156281e-02,7.844567e-03,6.284493e-03,4.531108e-03,1.184510e-02
2.853774e-01,1.919944e-02,5.690920e-02,1.178387e-01,6.242453e-02,6.976647e-03,5.449365e-03,2.907526e-01,1.050937e-01,9.492854e-03,1.015188e-02,9.812575e-03,5.885950e-03,3.907359e-03,1.072782e-02
2.674387e-01,2.044696e-02,4.723158e-02,9.467807e-02,6.342954e-02,1.020128e-02,5.124828e-03,3.426885e-01,1.077690e-01,6.877566e-03,8.111524e-03,8.222314e-03,5.883138e-03,3.337866e-03,8.559231e-03
2.105708e-01,2.415812e-02,3.783931e-02,7.173015e-02,4.961790e-02,9.238787e-03,3.908457e-03,4.750318e-01,8.633292e-02,4.991339e-03,6.129315e-03,6.562420e-03,4.619663e-03,2.646482e-03,6.622627e-03
2.470927e-01,2.268812e-02,4.883004e-02,5.758710e-02,3.827582e-02,1.077720e-02,4.956647e-03,4.527673e-01,7.925043e-02,4.366145e-03,5.954795e-03,1.177012e-02,5.837237e-03,2.823587e-03,7.022857e-03
2.275400e-01,2.477992e-02,3.802134e-02,4.210480e-02,3.478649e-02,1.412228e-02,4.749043e-03,4.778678e-01,1.037296e-01,3.416929e-03,5.051654e-03,9.660505e-03,6.202714e-03,2.261130e-03,5.705912e-03
2.514969e-01,2.543166e-02,4.917806e-02,3.695772e-02,2.904113e-02,1.269829e-02,5.655897e-03,4.601964e-01,8.559188e-02,3.778591e-03,6.471446e-03,1.183803e-02,1.037845e-02,2.580853e-03,8.704759e-03
3.817738e-01,2.621613e-02,3.686305e-02,2.887238e-02,2.720702e-02,1.186837e-02,5.338668e-03,3.550111e-01,8.232190e-02,2.907563e-03,5.924216e-03,1.007466e-02,1.308030e-02,2.718532e-03,9.822337e-03
4.038457e-01,3.064509e-02,4.205135e-02,3.000968e-02,3.068565e-02,1.526676e-02,8.193003e-03,2.586025e-01,7.024791e-02,3.354399e-03,7.076526e-03,9.763371e-03,5.314868e-02,3.488621e-03,3.362077e-02
3.374278e-01,2.269707e-02,3.519635e-02,2.193114e-02,2.291358e-02,1.334638e-02,6.584225e-03,1.821772e-01,5.529395e-02,4.733471e-03,6.412944e-03,7.292997e-03,9.342836e-02,3.400352e-03,1.871642e-01
2.912479e-01,1.732335e-02,3.525750e-02,1.584297e-02,1.865971e-02,1.015140e-02,7.839117e-03,1.311513e-01,4.375252e-02,6.121750e-03,5.211948e-03,5.477628e-03,1.272030e-01,2.801886e-03,2.819581e-01
2.203030e-01,1.252327e-02,2.768271e-02,1.119198e-02,1.462547e-02,7.544030e-03,8.915540e-03,9.303789e-02,3.349414e-02,7.835221e-03,3.735597e-03,3.975181e-03,1.022350e-01,2.103527e-03,4.507974e-01
1.790738e-01,9.541411e-03,2.278298e-02,7.998014e-03,1.399476e-02,5.684087e-03,1.125857e-02,6.632803e-02,2.672952e-02,9.791328e-03,2.693308e-03,2.935112e-03,8.134952e-02,1.728885e-03,5.581107e-01
1.534492e-01,7.486578e-03,1.966653e-02,5.865256e-03,1.342322e-02,4.665593e-03,1.347236e-02,4.916144e-02,2.276979e-02,1.366129e-02,2.060919e-03,2.472631e-03,6.517540e-02,1.809311e-03,6.248605e-01
1.659153e-01,5.934142e-03,1.479291e-02,4.356128e-03,1.229863e-02,4.886317e-03,1.199044e-02,3.782744e-02,1.778337e-02,1.365788e-02,1.704419e-03,2.443730e-03,5.521465e-02,1.599251e-03,6.495954e-01
2.537690e-01,5.302380e-03,1.136346e-02,3.878234e-03,1.266570e-02,6.157803e-03,1.194043e-02,2.989228e-02,1.665800e-02,1.385063e-02,1.761460e-03,3.365108e-03,5.738106e-02,1.445826e-03,5.705686e-01
2.737080e-01,7.203842e-03,8.425816e-03,8.367531e-03,1.625023e-02,1.186357e-02,9.835549e-03,2.640247e-02,1.439437e-02,1.516333e-02,4.366512e-03,2.210665e-02,5.547083e-02,1.906728e-03,5.245346e-01
2.699750e-01,6.010424e-03,6.355182e-03,1.073632e-02,1.620996e-02,1.748360e-02,8.153597e-03,2.209917e-02,1.312499e-02,1.292990e-02,7.083573e-03,2.763372e-02,5.807460e-02,1.822484e-03,5.223075e-01
2.247279e-01,5.147004e-03,5.478853e-03,1.062474e-02,1.594218e-02,1.425231e-02,7.807749e-03,1.811225e-02,1.119838e-02,1.316998e-02,9.052943e-03,3.249323e-02,6.988023e-02,1.467914e-03,5.606443e-01
2.014833e-01,5.708741e-03,4.676526e-03,9.008644e-03,2.054788e-02,1.278221e-02,1.125798e-02,1.574874e-02,4.644308e-02,1.036940e-02,7.709965e-03,3.741210e-02,6.737559e-02,1.467939e-03,5.480080e-01
2.016316e-01,9.491105e-03,1.027200e-02,1.802236e-02,2.837257e-02,2.016860e-02,1.647266e-02,1.829324e-02,5.874677e-02,9.766483e-03,8.783427e-03,4.714424e-02,6.550165e-02,2.031136e-03,4.853022e-01
1.797546e-01,1.341210e-02,1.424012e-02,5.294525e-02,3.486317e-02,2.649209e-02,1.466011e-02,2.332922e-02,6.496376e-02,1.045350e-02,9.878695e-03,5.258790e-02,7.914075e-02,2.353644e-03,4.209251e-01
1.337758e-01,1.430428e-02,1.429904e-02,6.751062e-02,5.295821e-02,5.767573e-02,1.253964e-02,1.904891e-02,5.920529e-02,8.598402e-03,1.531487e-02,5.833993e-02,1.621030e-01,2.858532e-03,3.214677e-01
1.130485e-01,1.078551e-02,1.053223e-02,5.112389e-02,4.406806e-02,4.595942e-02,9.805785e-03,8.110566e-02,4.430412e-02,6.515789e-03,2.282151e-02,6.378826e-02,2.517771e-01,5.290846e-03,2.390734e-01
2.767196e-01,1.011015e-02,8.069080e-03,3.849198e-02,3.869520e-02,3.845150e-02,8.533402e-03,8.243297e-02,3.692485e-02,5.601394e-03,2.175754e-02,4.899982e-02,2.075410e-01,4.884029e-03,1.727875e-01
4.179626e-01,9.395022e-03,6.772922e-03,3.131298e-02,3.022666e-02,3.564049e-02,8.865391e-03,7.949867e-02,2.922441e-02,4.681717e-03,1.804066e-02,3.917264e-02,1.604294e-01,4.011113e-03,1.247653e-01
4.217121e-01,8.647248e-03,6.422640e-03,2.491180e-02,2.452168e-02,3.425399e-02,9.288901e-03,1.470796e-01,2.459587e-02,3.613037e-03,1.375418e-02,3.489973e-02,1.508012e-01,3.518742e-03,9.197921e-02
4.568764e-01,7.817515e-03,6.362861e-03,2.036264e-02,2.048586e-02,3.607176e-02,1.209885e-02,1.810452e-01,1.931230e-02,2.880199e-03,1.078665e-02,2.814939e-02,1.277365e-01,2.804603e-03,6.720929e-02
4.162405e-01,6.511661e-03,7.033134e-03,1.737565e-02,1.928929e-02,4.343791e-02,1.166662e-02,2.761874e-01,1.601692e-02,2.163973e-03,8.586030e-03,2.301794e-02,1.016722e-01,2.465713e-03,4.833512e-02
3.780039e-01,9.349536e-03,9.630462e-03,1.702995e-02,3.008289e-02,4.516773e-02,1.192798e-02,3.096753e-01,1.862282e-02,2.232409e-03,1.045751e-02,2.097310e-02,9.788144e-02,2.406473e-03,3.655848e-02
3.511510e-01,1.053149e-02,1.026284e-02,1.959692e-02,4.263241e-02,5.308355e-02,1.682256e-02,3.211432e-01,1.903766e-02,2.175283e-03,9.636182e-03,2.115072e-02,9.149735e-02,2.219280e-03,2.905955e-02
2.997145e-01,9.031453e-03,8.510001e-03,1.657046e-02,3.815492e-02,4.320589e-02,1.457614e-02,4.321470e-01,1.566921e-02,1.764873e-03,7.557358e-03,1.929435e-02,7.029364e-02,1.783775e-03,2.172645e-02
2.692043e-01,7.317220e-03,7.467334e-03,1.394149e-02,3.239299e-02,3.544978e-02,1.327837e-02,5.156874e-01,1.246167e-02,1.388037e-03,5.743738e-03,1.665500e-02,5.177869e-02,1.399312e-03,1.583471e-02
2.023719e-01,5.676975e-03,1.281681e-02,1.616150e-02,4.200868e-02,2.627920e-02,1.033330e-02,6.087338e-01,8.996018e-03,1.138529e-03,4.321266e-03,1.215497e-02,3.674250e-02,1.049425e-03,1.121520e-02
1.853112e-01,4.815556e-03,2.321937e-02,1.585102e-02,5.934359e-02,2.205877e-02,1.245490e-02,6.199515e-01,6.812399e-03,1.096222e-03,3.661443e-03,9.506480e-03,2.686877e-02,8.724416e-04,8.176435e-03
2.458692e-01,4.319383e-03,2.544935e-02,1.528507e-02,6.708244e-02,2.369259e-02,1.246435e-02,5.561731e-01,5.821420e-03,1.383852e-03,3.473925e-03,1.038151e-02,2.086248e-02,8.355802e-04,6.905817e-03
2.802425e-01,4.434979e-03,2.263308e-02,2.097753e-02,5.059617e-02,2.156791e-02,9.243022e-03,4.534001e-01,8.745009e-03,7.653321e-03,3.059905e-02,2.386948e-02,5.401585e-02,2.617636e-03,9.404405e-03
3.038992e-01,4.401389e-03,1.894710e-02,1.868198e-02,3.709455e-02,1.862836e-02,6.912497e-03,3.586332e-01,1.030701e-02,8.426871e-03,4.208734e-02,3.767622e-02,1.194956e-01,3.962559e-03,1.084613e-02
2.332706e-01,4.910638e-03,1.539003e-02,2.024955e-02,2.668158e-02,1.888340e-02,5.866290e-03,2.611313e-01,1.359832e-02,1.371188e-02,4.196122e-02,1.094711e-01,1.834891e-01,1.054615e-02,4.083899e-02
1.688182e-01,3.896702e-03,1.169809e-02,1.753169e-02,2.346677e-02,2.000296e-02,7.035880e-03,1.919656e-01,2.253303e-02,2.755006e-02,4.590592e-02,2.334240e-01,1.528408e-01,4.127604e-02,3.205429e-02
1.303421e-01,3.348503e-03,9.067451e-03,1.527037e-02,2.225854e-02,2.116342e-02,6.375382e-03,1.438817e-01,3.746559e-02,2.173559e-02,5.702819e-02,2.549566e-01,1.265948e-01,1.240506e-01,2.646107e-02
9.959433e-02,2.717944e-03,6.685133e-03,1.170083e-02,1.695987e-02,1.593704e-02,5.821625e-03,1.045070e-01,3.940979e-02,1.701115e-02,5.393279e-02,3.522348e-01,1.038151e-01,1.500728e-01,1.959975e-02
8.941543e-02,2.225791e-03,5.130676e-03,8.848244e-03,1.408114e-02,1.208758e-02,5.778872e-03,7.876376e-02,4.013914e-02,1.424906e-02,7.452106e-02,3.853981e-01,7.796694e-02,1.760271e-01,1.536699e-02
7.216708e-02,3.944681e-03,4.002937e-03,6.923711e-03,1.427723e-02,8.630287e-03,4.427317e-03,5.875162e-02,6.108654e-02,1.125393e-02,7.172462e-02,4.158927e-01,5.854815e-02,1.963994e-01,1.196979e-02
7.007924e-02,3.055291e-03,3.320436e-03,5.675867e-03,1.038040e-02,8.579906e-03,4.176040e-03,4.372773e-02,7.816243e-02,8.635827e-03,5.855924e-02,4.108510e-01,4.485771e-02,2.409895e-01,8.949408e-03
6.723650e-02,3.013911e-03,2.773398e-03,6.834324e-03,8.232947e-03,1.195349e-02,3.557823e-03,3.188408e-02,1.321169e-01,9.544740e-03,8.052060e-02,3.686208e-01,3.460671e-02,2.315846e-01,7.519091e-03
4.805244e-02,2.665286e-03,2.478854e-03,1.179989e-02,1.081303e-02,9.332535e-03,2.578315e-03,2.375432e-02,2.431219e-01,7.601856e-03,1.016821e-01,3.164807e-01,2.521903e-02,1.887277e-01,5.692115e-03
3.449195e-02,2.930607e-03,1.991330e-03,9.198382e-03,8.296887e-03,7.975896e-03,1.820798e-03,1.723369e-02,3.573285e-01,6.341110e-03,8.363070e-02,2.678437e-01,1.862861e-02,1.779060e-01,4.381797e-03
2.440150e-02,2.861615e-03,1.670239e-03,6.654359e-03,6.041768e-03,6.765113e-03,1.278020e-03,1.222450e-02,4.858701e-01,4.919829e-03,6.096529e-02,2.001287e-01,1.333880e-02,1.696553e-01,3.224841e-03
1.741831e-02,2.613453e-03,2.131359e-03,5.166997e-03,4.419112e-03,6.296470e-03,8.970717e-04,8.738192e-03,6.116455e-01,3.762488e-03,4.588880e-02,1.417744e-01,9.576153e-03,1.373044e-01,2.367274e-03
1.238887e-02,2.094927e-03,2.442396e-03,3.703556e-03,3.261132e-03,4.586343e-03,6.289256e-04,6.168435e-03,7.218745e-01,2.737388e-03,3.282120e-02,9.938628e-02,6.753292e-03,9.941780e-02,1.734965e-03
9.515470e-03,1.770618e-03,2.565564e-03,2.824923e-03,2.523527e-03,3.922218e-03,4.421012e-04,4.359563e-03,7.877154e-01,2.147900e-03,2.467330e-02,6.979707e-02,4.787307e-03,8.139636e-02,1.558659e-03
9.411830e-03,2.138342e-03,2.228647e-02,5.458261e-03,2.237810e-03,1.135319e-02,3.598923e-04,3.853337e-03,7.957225e-01,2.081770e-03,2.000440e-02,4.905223e-02,3.632209e-03,7.010764e-02,2.300021e-03
1.018385e-02,1.032758e-02,5.852874e-02,9.062453e-03,2.350064e-03,1.449781e-02,2.765096e-04,3.733721e-03,7.328236e-01,7.789683e-03,1.932013e-02,3.471800e-02,2.901813e-03,7.850875e-02,1.497736e-02
2.242903e-02,1.156282e-02,7.205853e-02,7.844893e-03,2.411079e-03,1.476294e-02,2.137660e-04,3.326848e-03,6.724548e-01,1.045551e-02,1.966877e-02,2.485521e-02,2.420845e-03,1.163805e-01,1.915442e-02
3.074931e-02,1.346368e-02,7.148613e-02,6.899985e-03,4.015256e-03,1.440148e-02,1.741132e-04,4.423011e-03,6.372889e-01,1.196106e-02,2.422647e-02,1.766550e-02,1.908186e-03,1.406434e-01,2.069352e-02
3.563515e-02,1.165437e-02,6.060015e-02,5.984392e-03,3.772415e-03,1.216809e-02,1.476843e-04,3.863026e-03,5.495182e-01,1.196508e-02,2.843159e-02,1.242231e-02,1.488399e-03,2.297576e-01,3.259158e-02
3.333332e-02,1.996145e-02,5.191630e-02,4.893329e-03,3.228115e-03,1.286898e-02,1.244431e-04,3.896368e-03,4.479145e-01,1.436812e-02,2.870993e-02,8.766543e-03,1.231060e-03,3.029769e-01,6.581062e-02
4.065934e-02,1.862078e-02,5.064253e-02,5.419660e-03,4.496869e-03,1.587988e-02,1.628783e-04,4.576175e-03,3.878185e-01,1.621054e-02,2.890947e-02,6.178866e-03,1.116802e-03,3.342762e-01,8.503152e-02
3.259557e-02,1.346550e-02,3.556675e-02,3.867606e-03,3.322637e-03,2.651401e-01,1.760195e-04,3.298109e-03,2.729094e-01,1.639018e-02,2.117874e-02,4.392589e-03,8.149921e-04,2.449861e-01,8.189572e-02
2.543979e-02,9.877461e-03,2.499937e-02,2.858757e-03,2.415756e-03,4.506612e-01,2.079486e-04,2.429593e-03,1.936962e-01,2.075248e-02,1.551986e-02,3.131899e-03,7.705304e-04,1.775568e-01,6.968237e-02
1.925066e-02,7.969538e-03,1.772737e-02,3.115933e-03,1.970778e-03,4.155245e-01,1.727410e-04,1.866603e-03,1.534281e-01,8.937736e-02,1.539873e-02,3.053746e-03,1.155166e-03,1.285058e-01,1.414831e-01
1.442325e-02,6.362595e-03,1.251401e-02,2.651695e-03,1.620429e-03,3.229003e-01,1.582266e-04,1.458102e-03,1.205479e-01,2.156680e-01,1.828775e-02,4.901613e-03,2.157747e-03,1.010487e-01,1.752997e-01
1.034284e-02,6.068305e-03,9.142710e-03,2.063749e-03,1.864450e-03,2.365635e-01,3.465808e-04,1.089333e-03,9.912005e-02,3.576623e-01,3.169474e-02,1.065061e-02,4.153301e-03,9.001201e-02,1.392255e-01
7.419680e-03,4.518832e-03,6.639808e-03,1.517535e-03,1.707277e-03,1.664208e-01,5.981163e-04,8.006562e-04,7.959700e-02,3.843068e-01,7.123174e-02,1.860529e-02,6.777716e-03,1.374098e-01,1.124488e-01
5.674946e-03,3.538521e-03,5.099593e-03,1.422425e-03,1.755629e-03,1.168085e-01,6.132697e-04,6.170250e-04,7.401510e-02,3.202054e-01,1.571830e-01,3.159600e-02,8.465319e-03,1.879839e-01,8.502125e-02
4.350353e-03,2.708066e-03,3.915325e-03,1.598864e-03,2.200459e-03,8.199237e-02,6.079893e-04,5.210087e-04,6.319000e-02,2.400330e-01,2.266183e-01,3.425574e-02,9.239819e-03,2.600607e-01,6.870793e-02
3.272054e-03,1.992251e-03,2.838238e-03,1.378416e-03,4.241240e-03,5.763292e-02,5.049722e-04,4.426163e-04,4.529280e-02,1.798725e-01,2.590671e-01,3.612351e-02,1.236559e-02,3.026667e-01,9.230898e-02
3.708431e-03,1.531298e-03,2.048664e-03,1.245064e-03,1.477565e-02,4.172099e-02,4.683309e-04,4.262574e-04,3.249409e-02,1.378460e-01,3.247527e-01,3.590229e-02,1.248819e-02,3.209589e-01,6.963313e-02
6.065010e-03,1.338292e-03,1.568331e-03,1.104241e-03,2.273881e-02,3.126989e-02,6.173998e-04,8.794429e-04,2.369053e-02,1.050061e-01,3.469555e-01,4.025920e-02,9.844542e-03,3.584923e-01,5.017039e-02
1.358160e-02,1.592438e-03,1.544003e-03,1.427605e-03,3.838501e-02,2.523047e-02,9.533130e-04,2.137267e-03,1.713022e-02,7.754382e-02,3.779044e-01,5.378593e-02,7.805405e-03,3.449678e-01,3.601064e-02
2.971943e-02,1.601693e-02,7.230061e-03,1.569149e-03,8.875129e-02,2.630390e-02,8.987623e-04,3.792489e-03,1.354430e-02,5.628310e-02,3.730776e-01,6.268573e-02,5.828365e-03,2.872917e-01,2.700722e-02
3.571591e-02,1.461344e-02,8.094119e-03,2.187596e-03,1.228492e-01,2.463248e-02,1.031042e-03,8.483990e-03,1.656516e-02,4.318455e-02,3.865771e-01,6.526914e-02,4.721966e-03,2.461288e-01,1.994549e-02
3.524402e-02,1.104614e-02,6.148515e-03,1.963182e-03,9.689439e-02,1.950596e-02,7.918648e-04,7.061079e-03,3.576041e-02,3.172600e-02,4.609976e-01,5.688707e-02,3.744744e-03,2.169538e-01,1.527521e-02
2.588722e-02,8.712281e-03,5.124074e-03,1.537589e-03,7.020584e-02,1.434515e-02,5.878761e-04,5.277305e-03,6.473370e-02,2.472800e-02,4.824085e-01,5.201784e-02,2.817456e-03,2.303258e-01,1.129141e-02
2.515560e-02,7.955833e-03,1.083289e-02,2.542716e-03,5.428036e-02,2.667624e-02,4.991206e-03,1.174061e-02,8.179343e-02,2.448380e-02,4.515015e-01,6.558708e-02,2.453095e-03,2.213878e-01,8.617835e-03
4.945007e-02,7.768810e-03,8.859719e-03,2.841623e-03,4.148195e-02,2.444462e-02,4.034958e-03,1.009925e-02,1.011385e-01,2.214994e-02,4.307804e-01,9.404153e-02,2.852651e-03,1.914807e-01,8.575269e-03
5.141623e-02,8.670649e-03,1.229226e-02,3.752946e-03,3.939699e-02,2.409706e-02,3.484940e-03,9.161884e-03,9.801380e-02,2.285440e-02,4.324342e-01,1.068870e-01,2.264432e-03,1.763497e-01,8.923510e-03
3.946904e-02,8.310152e-03,1.000287e-02,3.251536e-03,3.844215e-02,2.023789e-02,2.882239e-03,8.651210e-03,1.331980e-01,2.183181e-02,4.133386e-01,1.325852e-01,2.260541e-03,1.545071e-01,1.103177e-02
2.911155e-02,6.475976e-03,7.618924e-03,3.326603e-03,3.438140e-02,1.544018e-02,2.092697e-03,9.140776e-03,2.360475e-01,1.806764e-02,3.893621e-01,1.056250e-01,1.843839e-03,1.306350e-01,1.083082e-02
2.235642e-02,7.622640e-03,8.585454e-03,5.150788e-03,4.760358e-02,2.064760e-02,1.863685e-03,1.231464e-02,2.641779e-01,1.626686e-02,3.934248e-01,8.047684e-02,1.878257e-03,1.062033e-01,1.142723e-02
1.904514e-02,6.080165e-03,6.534791e-03,1.581731e-02,3.522943e-02,1.702058e-02,1.347220e-03,1.067288e-02,4.289122e-01,1.435183e-02,2.871179e-01,5.705383e-02,1.641986e-03,7.679721e-02,2.237756e-02
1.853925e-02,4.964040e-03,5.418831e-03,1.213791e-02,2.683817e-02,1.890464e-02,1.047939e-03,1.027915e-02,5.140337e-01,1.436630e-02,2.443305e-01,4.090492e-02,1.474383e-03,5.775275e-02,2.900759e-02
1.889184e-02,4.250524e-03,7.325898e-03,1.516591e-02,2.291938e-02,2.187838e-02,7.928010e-04,1.362819e-02,5.810350e-01,1.507719e-02,1.928039e-01,2.919357e-02,1.949822e-03,4.240367e-02,3.268391e-02
3.109879e-02,4.106480e-03,8.276348e-03,1.263230e-02,2.025035e-02,1.753045e-02,6.073866e-04,1.145178e-02,5.880142e-01,1.909412e-02,1.784923e-01,2.098981e-02,2.114622e-03,3.822854e-02,4.711240e-02
5.044589e-02,3.464462e-03,1.032854e-02,1.375595e-02,2.165782e-02,1.676372e-02,5.011934e-04,1.075051e-02,5.821176e-01,1.680271e-02,1.746136e-01,1.526519e-02,2.884706e-03,3.221868e-02,4.842947e-02
6.031498e-02,3.484347e-03,1.390054e-02,1.034766e-02,1.965418e-02,1.485486e-02,4.224877e-04,9.135442e-03,6.024949e-01,1.372761e-02,1.497588e-01,1.145403e-02,2.809455e-03,4.405488e-02,4.358583e-02
6.082775e-02,7.825288e-03,1.408777e-02,8.728949e-03,2.240469e-02,1.410263e-02,4.114278e-04,9.978207e-03,5.804602e-01,1.562596e-02,1.206770e-01,8.366084e-03,5.016601e-03,5.503835e-02,7.644910e-02
