1.000000e+00,0.000000e+00,0.000000e+00,0.000000e+00,0.000000e+00,0.000000e+00,0.000000e+00,0.000000e+00,0.000000e+00,0.000000e+00,0.000000e+00,0.000000e+00,0.000000e+00,0.000000e+00,0.000000e+00
1.000000e+00,0.000000e+00,0.000000e+00,0.000000e+00,0.000000e+00,0.000000e+00,0.000000e+00,0.000000e+00,0.000000e+00,0.000000e+00,0.000000e+00,0.000000e+00,0.000000e+00,0.000000e+00,0.000000e+00
1.000000e+00,0.000000e+00,0.000000e+00,0.000000e+00,0.000000e+00,0.000000e+00,0.000000e+00,0.000000e+00,0.000000e+00,0.000000e+00,0.000000e+00,0.000000e+00,0.000000e+00,0.000000e+00,0.000000e+00
1.000000e+00,0.000000e+00,0.000000e+00,0.000000e+00,0.000000e+00,0.000000e+00,0.000000e+00,0.000000e+00,0.000000e+00,0.000000e+00,0.000000e+00,0.000000e+00,0.000000e+00,0.000000e+00,0.000000e+00
1.000000e+00,0.000000e+00,0.000000e+00,0.000000e+00,0.000000e+00,0.000000e+00,0.000000e+00,0.000000e+00,0.000000e+00,0.000000e+00,0.000000e+00,0.000000e+00,0.000000e+00,0.000000e+00,0.000000e+00
1.000000e+00,0.000000e+00,0.000000e+00,0.000000e+00,0.000000e+00,0.000000e+00,0.000000e+00,0.000000e+00,0.000000e+00,0.000000e+00,0.000000e+00,0.000000e+00,0.000000e+00,0.000000e+00,0.000000e+00
1.000000e+00,0.000000e+00,0.000000e+00,0.000000e+00,0.000000e+00,0.000000e+00,0.000000e+00,0.000000e+00,0.000000e+00,0.000000e+00,0.000000e+00,0.000000e+00,0.000000e+00,0.000000e+00,0.000000e+00
1.000000e+00,0.000000e+00,0.000000e+00,0.000000e+00,0.000000e+00,0.000000e+00,0.000000e+00,0.000000e+00,0.000000e+00,0.000000e+00,0.000000e+00,0.000000e+00,0.000000e+00,0.000000e+00,0.000000e+00
1.000000e+00,0.000000e+00,0.000000e+00,0.000000e+00,0.000000e+00,0.000000e+00,0.000000e+00,0.000000e+00,0.000000e+00,0.000000e+00,0.000000e+00,0.000000e+00,0.000000e+00,0.000000e+00,0.000000e+00
1.000000e+00,0.000000e+00,0.000000e+00,0.000000e+00,0.000000e+00,0.000000e+00,0.000000e+00,0.000000e+00,0.000000e+00,0.000000e+00,0.000000e+00,0.000000e+00,0.000000e+00,0.000000e+00,0.000000e+00
1.000000e+00,0.000000e+00,0.000000e+00,0.000000e+00,0.000000e+00,0.000000e+00,0.000000e+00,0.000000e+00,0.000000e+00,0.000000e+00,0.000000e+00,0.000000e+00,0.000000e+00,0.000000e+00,0.000000e+00
1.000000e+00,0.000000e+00,0.000000e+00,0.000000e+00,0.000000e+00,0.000000e+00,0.000000e+00,0.000000e+00,0.000000e+00,0.000000e+00,0.000000e+00,0.000000e+00,0.000000e+00,0.000000e+00,0.000000e+00
1.000000e+00,0.000000e+00,0.000000e+00,0.000000e+00,0.000000e+00,0.000000e+00,0.000000e+00,0.000000e+00,0.000000e+00,0.000000e+00,0.000000e+00,0.000000e+00,0.000000e+00,0.000000e+00,0.000000e+00
1.000000e+00,0.000000e+00,0.000000e+00,0.000000e+00,0.000000e+00,0.000000e+00,0.000000e+00,0.000000e+00,0.000000e+00,0.000000e+00,0.000000e+00,0.000000e+00,0.000000e+00,0.000000e+00,0.000000e+00
1.000000e+00,0.000000e+00,0.000000e+00,0.000000e+00,0.000000e+00,0.000000e+00,0.000000e+00,0.000000e+00,0.000000e+00,0.000000e+00,0.000000e+00,0.000000e+00,0.000000e+00,0.000000e+00,0.000000e+00
1.000000e+00,0.000000e+00,0.000000e+00,0.000000e+00,0.000000e+00,0.000000e+00,0.000000e+00,0.000000e+00,0.000000e+00,0.000000e+00,0.000000e+00,0.000000e+00,0.000000e+00,0.000000e+00,0.000000e+00
1.000000e+00,0.000000e+00,0.000000e+00,0.000000e+00,0.000000e+00,0.000000e+00,0.000000e+00,0.000000e+00,0.000000e+00,0.000000e+00,0.000000e+00,0.000000e+00,0.000000e+00,0.000000e+00,0.000000e+00
1.000000e+00,0.000000e+00,0.000000e+00,0.000000e+00,0.000000e+00,0.000000e+00,0.000000e+00,0.000000e+00,0.000000e+00,0.000000e+00,0.000000e+00,0.000000e+00,0.000000e+00,0.000000e+00,0.000000e+00
1.000000e+00,0.000000e+00,0.000000e+00,0.000000e+00,0.000000e+00,0.000000e+00,0.000000e+00,0.000000e+00,0.000000e+00,0.000000e+00,0.000000e+00,0.000000e+00,0.000000e+00,0.000000e+00,0.000000e+00
1.000000e+00,0.000000e+00,0.000000e+00,0.000000e+00,0.000000e+00,0.000000e+00,0.000000e+00,0.000000e+00,0.000000e+00,0.000000e+00,0.000000e+00,0.000000e+00,0.000000e+00,0.000000e+00,0.000000e+00
1.000000e+00,0.000000e+00,0.000000e+00,0.000000e+00,0.000000e+00,0.000000e+00,0.000000e+00,0.000000e+00,0.000000e+00,0.000000e+00,0.000000e+00,0.000000e+00,0.000000e+00,0.000000e+00,0.000000e+00
1.000000e+00,0.000000e+00,0.000000e+00,0.000000e+00,0.000000e+00,0.000000e+00,0.000000e+00,0.000000e+00,0.000000e+00,0.000000e+00,0.000000e+00,0.000000e+00,0.000000e+00,0.000000e+00,0.000000e+00
1.000000e+00,0.000000e+00,0.000000e+00,0.000000e+00,0.000000e+00,0.000000e+00,0.000000e+00,0.000000e+00,0.000000e+00,0.000000e+00,0.000000e+00,0.000000e+00,0.000000e+00,0.000000e+00,0.000000e+00
1.000000e+00,0.000000e+00,0.000000e+00,0.000000e+00,0.000000e+00,0.000000e+00,0.000000e+00,0.000000e+00,0.000000e+00,0.000000e+00,0.000000e+00,0.000000e+00,0.000000e+00,0.000000e+00,0.000000e+00
1.000000e+00,0.000000e+00,0.000000e+00,0.000000e+00,0.000000e+00,0.000000e+00,0.000000e+00,0.000000e+00,0.000000e+00,0.000000e+00,0.000000e+00,0.000000e+00,0.000000e+00,0.000000e+00,0.000000e+00
1.000000e+00,0.000000e+00,0.000000e+00,0.000000e+00,0.000000e+00,0.000000e+00,0.000000e+00,0.000000e+00,0.000000e+00,0.000000e+00,0.000000e+00,0.000000e+00,0.000000e+00,0.000000e+00,0.000000e+00
1.000000e+00,0.000000e+00,0.000000e+00,0.000000e+00,0.000000e+00,0.000000e+00,0.000000e+00,0.000000e+00,0.000000e+00,0.000000e+00,0.000000e+00,0.000000e+00,0.000000e+00,0.000000e+00,0.000000e+00
1.000000e+00,0.000000e+00,0.000000e+00,0.000000e+00,0.000000e+00,0.000000e+00,0.000000e+00,0.000000e+00,0.000000e+00,0.000000e+00,0.000000e+00,0.000000e+00,0.000000e+00,0.000000e+00,0.000000e+00
1.000000e+00,0.000000e+00,0.000000e+00,0.000000e+00,0.000000e+00,0.000000e+00,0.000000e+00,0.000000e+00,0.000000e+00,0.000000e+00,0.000000e+00,0.000000e+00,0.000000e+00,0.000000e+00,0.000000e+00
1.000000e+00,0.000000e+00,0.000000e+00,0.000000e+00,0.000000e+00,0.000000e+00,0.000000e+00,0.000000e+00,0.000000e+00,0.000000e+00,0.000000e+00,0.000000e+00,0.000000e+00,0.000000e+00,0.000000e+00
1.000000e+00,0.000000e+00,0.000000e+00,0.000000e+00,0.000000e+00,0.000000e+00,0.000000e+00,0.000000e+00,0.000000e+00,0.000000e+00,0.000000e+00,0.000000e+00,0.000000e+00,0.000000e+00,0.000000e+00
1.000000e+00,0.000000e+00,0.000000e+00,0.000000e+00,0.000000e+00,0.000000e+00,0.000000e+00,0.000000e+00,0.000000e+00,0.000000e+00,0.000000e+00,0.000000e+00,0.000000e+00,0.000000e+00,0.000000e+00
1.000000e+00,0.000000e+00,0.000000e+00,0.000000e+00,0.000000e+00,0.000000e+00,0.000000e+00,0.000000e+00,0.000000e+00,0.000000e+00,0.000000e+00,0.000000e+00,0.000000e+00,0.000000e+00,0.000000e+00
1.000000e+00,0.000000e+00,0.000000e+00,0.000000e+00,0.000000e+00,0.000000e+00,0.000000e+00,0.000000e+00,0.000000e+00,0.000000e+00,0.000000e+00,0.000000e+00,0.000000e+00,0.000000e+00,0.000000e+00
1.000000e+00,0.000000e+00,0.000000e+00,0.000000e+00,0.000000e+00,0.000000e+00,0.000000e+00,0.000000e+00,0.000000e+00,0.000000e+00,0.000000e+00,0.000000e+00,0.000000e+00,0.000000e+00,0.000000e+00
1.000000e+00,0.000000e+00,0.000000e+00,0.000000e+00,0.000000e+00,0.000000e+00,0.000000e+00,0.000000e+00,0.000000e+00,0.000000e+00,0.000000e+00,0.000000e+00,0.000000e+00,0.000000e+00,0.000000e+00
1.000000e+00,0.000000e+00,0.000000e+00,0.000000e+00,0.000000e+00,0.000000e+00,0.000000e+00,0.000000e+00,0.000000e+00,0.000000e+00,0.000000e+00,0.000000e+00,0.000000e+00,0.000000e+00,0.000000e+00
1.000000e+00,0.000000e+00,0.000000e+00,0.000000e+00,0.000000e+00,0.000000e+00,0.000000e+00,0.000000e+00,0.000000e+00,0.000000e+00,0.000000e+00,0.000000e+00,0.000000e+00,0.000000e+00,0.000000e+00
1.000000e+00,0.000000e+00,0.000000e+00,0.000000e+00,0.000000e+00,0.000000e+00,0.000000e+00,0.000000e+00,0.000000e+00,0.000000e+00,0.000000e+00,0.000000e+00,0.000000e+00,0.000000e+00,0.000000e+00
1.000000e+00,0.000000e+00,0.000000e+00,0.000000e+00,0.000000e+00,0.000000e+00,0.000000e+00,0.000000e+00,0.000000e+00,0.000000e+00,0.000000e+00,0.000000e+00,0.000000e+00,0.000000e+00,0.000000e+00
1.000000e+00,0.000000e+00,0.000000e+00,0.000000e+00,0.000000e+00,0.000000e+00,0.000000e+00,0.000000e+00,0.000000e+00,0.000000e+00,0.000000e+00,0.000000e+00,0.000000e+00,0.000000e+00,0.000000e+00
1.000000e+00,0.000000e+00,0.000000e+00,0.000000e+00,0.000000e+00,0.000000e+00,0.000000e+00,0.000000e+00,0.000000e+00,0.000000e+00,0.000000e+00,0.000000e+00,0.000000e+00,0.000000e+00,0.000000e+00
1.000000e+00,0.000000e+00,0.000000e+00,0.000000e+00,0.000000e+00,0.000000e+00,0.000000e+00,0.000000e+00,0.000000e+00,0.000000e+00,0.000000e+00,0.000000e+00,0.000000e+00,0.000000e+00,0.000000e+00
1.000000e+00,0.000000e+00,0.000000e+00,0.000000e+00,0.000000e+00,0.000000e+00,0.000000e+00,0.000000e+00,0.000000e+00,0.000000e+00,0.000000e+00,0.000000e+00,0.000000e+00,0.000000e+00,0.000000e+00
1.000000e+00,0.000000e+00,0.000000e+00,0.000000e+00,0.000000e+00,0.000000e+00,0.000000e+00,0.000000e+00,0.000000e+00,0.000000e+00,0.000000e+00,0.000000e+00,0.000000e+00,0.000000e+00,0.000000e+00
1.000000e+00,0.000000e+00,0.000000e+00,0.000000e+00,0.000000e+00,0.000000e+00,0.000000e+00,0.000000e+00,0.000000e+00,0.000000e+00,0.000000e+00,0.000000e+00,0.000000e+00,0.000000e+00,0.000000e+00
1.000000e+00,0.000000e+00,0.000000e+00,0.000000e+00,0.000000e+00,0.000000e+00,0.000000e+00,0.000000e+00,0.000000e+00,0.000000e+00,0.000000e+00,0.000000e+00,0.000000e+00,0.000000e+00,0.000000e+00
1.000000e+00,0.000000e+00,0.000000e+00,0.000000e+00,0.000000e+00,0.000000e+00,0.000000e+00,0.000000e+00,0.000000e+00,0.000000e+00,0.000000e+00,0.000000e+00,0.000000e+00,0.000000e+00,0.000000e+00
1.000000e+00,0.000000e+00,0.000000e+00,0.000000e+00,0.000000e+00,0.000000e+00,0.000000e+00,0.000000e+00,0.000000e+00,0.000000e+00,0.000000e+00,0.000000e+00,0.000000e+00,0.000000e+00,0.000000e+00
1.000000e+00,0.000000e+00,0.000000e+00,0.000000e+00,0.000000e+00,0.000000e+00,0.000000e+00,0.000000e+00,0.000000e+00,0.000000e+00,0.000000e+00,0.000000e+00,0.000000e+00,0.000000e+00,0.000000e+00
1.000000e+00,0.000000e+00,0.000000e+00,0.000000e+00,0.000000e+00,0.000000e+00,0.000000e+00,0.000000e+00,0.000000e+00,0.000000e+00,0.000000e+00,0.000000e+00,0.000000e+00,0.000000e+00,0.000000e+00
1.000000e+00,0.000000e+00,0.000000e+00,0.000000e+00,0.000000e+00,0.000000e+00,0.000000e+00,0.000000e+00,0.000000e+00,0.000000e+00,0.000000e+00,0.000000e+00,0.000000e+00,0.000000e+00,0.000000e+00
1.000000e+00,0.000000e+00,0.000000e+00,0.000000e+00,0.000000e+00,0.000000e+00,0.000000e+00,0.000000e+00,0.000000e+00,0.000000e+00,0.000000e+00,0.000000e+00,0.000000e+00,0.000000e+00,0.000000e+00
1.000000e+00,0.000000e+00,0.000000e+00,0.000000e+00,0.000000e+00,0.000000e+00,0.000000e+00,0.000000e+00,0.000000e+00,0.000000e+00,0.000000e+00,0.000000e+00,0.000000e+00,0.000000e+00,0.000000e+00
1.000000e+00,0.000000e+00,0.000000e+00,0.000000e+00,0.000000e+00,0.000000e+00,0.000000e+00,0.000000e+00,0.000000e+00,0.000000e+00,0.000000e+00,0.000000e+00,0.000000e+00,0.000000e+00,0.000000e+00
1.000000e+00,0.000000e+00,0.000000e+00,0.000000e+00,0.000000e+00,0.000000e+00,0.000000e+00,0.000000e+00,0.000000e+00,0.000000e+00,0.000000e+00,0.000000e+00,0.000000e+00,0.000000e+00,0.000000e+00
1.000000e+00,0.000000e+00,0.000000e+00,0.000000e+00,0.000000e+00,0.000000e+00,0.000000e+00,0.000000e+00,0.000000e+00,0.000000e+00,0.000000e+00,0.000000e+00,0.000000e+00,0.000000e+00,0.000000e+00
4.372921e-01,3.508915e-02,3.775555e-03,2.002399e-02,6.320377e-02,3.790566e-01,1.673380e-02,3.981503e-03,2.451387e-03,2.421162e-03,1.031973e-02,7.917768e-03,1.042196e-02,1.543728e-03,5.767690e-03
3.107076e-01,2.629105e-02,2.728161e-03,1.408477e-02,5.282217e-02,5.409705e-01,1.192458e-02,2.956367e-03,2.029206e-03,1.768155e-03,1.356514e-02,6.168274e-03,7.508628e-03,2.075787e-03,4.399574e-03
2.257316e-01,2.022507e-02,2.260289e-03,1.009435e-02,4.628278e-02,6.399000e-01,8.924519e-03,3.357580e-03,2.617737e-03,1.619627e-03,1.774180e-02,5.154059e-03,5.996809e-03,3.789393e-03,6.304359e-03
1.704472e-01,1.537909e-02,1.974181e-03,7.384498e-03,3.762323e-02,7.009515e-01,6.760622e-03,3.492485e-03,4.120572e-03,1.838700e-03,2.473687e-02,4.793518e-03,5.525422e-03,7.750543e-03,7.221453e-03
1.248684e-01,1.481724e-02,1.701163e-03,5.309697e-03,2.870622e-02,7.137989e-01,5.301425e-03,3.173225e-03,1.057737e-02,2.121350e-03,5.590723e-02,6.013015e-03,5.142744e-03,1.456901e-02,7.992903e-03
8.862161e-02,1.238208e-02,1.308024e-03,3.761115e-03,2.105323e-02,6.455253e-01,4.116412e-03,2.358140e-03,3.805147e-02,2.524763e-03,1.015438e-01,1.133958e-02,5.848227e-03,5.069595e-02,1.087032e-02
6.283230e-02,9.255400e-03,9.753624e-04,2.680813e-03,1.520034e-02,5.237806e-01,3.080402e-03,1.720583e-03,6.183135e-02,3.722853e-03,1.112082e-01,1.318866e-02,7.707930e-03,1.625776e-01,2.023767e-02
4.486952e-02,8.102462e-03,7.203227e-04,1.962396e-03,1.090794e-02,3.710560e-01,2.237208e-03,1.285327e-03,9.643886e-02,7.935820e-03,1.118585e-01,1.148956e-02,9.566948e-03,2.931002e-01,2.846891e-02
3.186904e-02,6.052250e-03,5.171680e-04,1.403451e-03,7.793730e-03,2.651863e-01,1.605445e-03,9.152666e-04,1.026346e-01,6.863987e-03,8.464772e-02,9.208165e-03,8.257698e-03,4.441735e-01,2.887177e-02
2.246755e-02,4.758834e-03,3.698267e-04,9.965337e-04,5.558793e-03,1.873639e-01,1.148654e-03,6.657686e-04,8.431844e-02,6.441280e-03,6.701873e-02,7.061312e-03,6.364028e-03,5.737275e-01,3.173874e-02
1.601912e-02,5.023240e-03,3.079606e-04,7.276279e-04,3.992863e-03,1.328287e-01,8.911467e-04,5.043693e-04,7.328042e-02,7.054562e-03,5.381178e-02,6.111620e-03,6.184858e-03,6.494325e-01,4.382916e-02
1.145131e-02,4.578419e-03,2.344461e-04,5.164829e-04,2.887167e-03,9.340837e-02,6.397029e-04,3.569751e-04,7.386051e-02,6.855906e-03,3.935005e-02,4.764155e-03,5.183605e-03,7.168624e-01,3.905039e-02
9.169580e-03,9.800992e-03,2.477703e-04,3.897256e-04,2.179773e-03,6.606004e-02,4.715867e-04,2.562657e-04,7.916808e-02,5.298591e-03,2.815951e-02,3.554445e-03,4.062578e-03,7.588295e-01,3.235153e-02
6.763429e-03,9.920083e-03,2.555855e-04,2.935896e-04,1.985058e-03,4.638565e-02,3.360589e-04,1.943050e-04,1.153678e-01,4.054228e-03,1.992004e-02,2.537711e-03,3.032896e-03,7.643088e-01,2.464481e-02
5.602074e-03,1.811628e-02,4.360310e-04,2.681495e-04,4.370915e-03,3.259838e-02,2.586446e-04,2.103986e-04,1.430279e-01,3.758948e-03,1.424801e-02,1.819847e-03,2.482541e-03,7.514775e-01,2.132433e-02
4.948555e-03,1.025858e-01,3.988047e-03,1.013169e-03,3.603279e-02,2.338443e-02,3.329977e-04,5.118322e-04,2.041750e-01,5.800901e-03,1.036115e-02,1.409622e-03,2.253111e-03,5.796772e-01,2.352541e-02
4.163863e-03,9.762765e-02,4.794503e-03,1.134496e-03,4.505482e-02,1.677242e-02,2.870727e-04,4.906290e-04,3.063016e-01,6.114150e-03,7.464092e-03,1.054353e-03,1.841988e-03,4.738480e-01,3.305034e-02
5.706636e-03,1.215363e-01,7.771484e-03,2.403055e-03,3.749954e-02,1.407572e-02,2.749977e-04,5.240741e-04,2.704519e-01,7.239664e-03,5.837675e-03,1.222949e-03,2.446259e-03,3.494574e-01,1.735523e-01
7.968863e-03,1.364192e-01,6.830712e-03,2.506773e-03,2.969402e-02,1.086228e-02,2.628778e-04,4.966098e-04,2.524265e-01,9.670014e-03,7.657221e-03,1.511607e-03,5.741766e-03,2.667397e-01,2.612119e-01
2.691204e-02,1.313387e-01,1.088624e-02,3.621068e-03,3.018408e-02,9.150719e-03,6.938102e-04,9.158569e-03,2.520891e-01,1.294030e-02,2.248410e-02,2.835913e-03,3.467720e-02,2.361673e-01,2.168609e-01
6.924188e-02,1.011197e-01,1.349100e-02,8.642215e-03,3.937756e-02,8.792388e-03,8.269635e-04,4.866461e-02,2.903472e-01,1.319900e-02,1.797752e-02,2.451511e-03,2.566291e-02,1.879494e-01,1.722561e-01
6.555438e-02,7.333721e-02,1.751501e-02,9.106351e-02,6.793770e-02,1.361672e-02,1.091971e-03,5.047864e-02,3.076187e-01,1.178979e-02,1.442373e-02,2.020021e-03,1.850826e-02,1.334673e-01,1.315770e-01
6.354834e-02,5.527405e-02,3.197046e-02,1.120577e-01,1.098603e-01,1.437078e-02,8.890053e-04,3.974792e-02,2.535397e-01,1.068952e-02,1.285331e-02,1.815245e-03,1.323553e-02,9.580582e-02,1.843424e-01
7.887916e-02,4.536086e-02,5.634811e-02,8.509066e-02,1.563780e-01,2.466198e-02,1.005465e-03,3.525891e-02,1.923525e-01,1.087500e-02,1.111829e-02,2.110577e-03,1.007404e-02,7.392260e-02,2.165638e-01
8.947745e-02,4.056268e-02,5.231065e-02,7.269534e-02,2.445037e-01,3.103264e-02,1.667308e-03,3.363977e-02,1.436002e-01,9.248039e-03,1.043414e-02,3.426081e-03,8.514432e-03,5.529475e-02,2.035929e-01
1.011731e-01,6.420245e-02,6.010193e-02,6.573447e-02,2.577215e-01,3.975236e-02,3.037036e-03,3.274000e-02,1.144155e-01,9.262705e-03,1.476804e-02,4.543813e-03,2.501487e-02,4.377725e-02,1.637551e-01
9.939335e-02,6.807595e-02,6.882876e-02,8.335841e-02,2.252751e-01,4.843181e-02,6.102926e-03,4.196083e-02,1.035520e-01,1.724534e-02,1.538296e-02,5.812492e-03,3.683160e-02,3.376356e-02,1.459849e-01
1.800902e-01,6.111330e-02,5.845774e-02,8.363458e-02,1.880395e-01,4.249033e-02,5.750500e-03,3.333999e-02,1.093831e-01,2.414653e-02,1.423550e-02,6.847788e-03,2.880273e-02,2.585358e-02,1.378146e-01
2.052273e-01,6.202367e-02,6.920029e-02,1.131309e-01,2.045949e-01,4.590484e-02,7.177546e-03,2.867246e-02,8.796746e-02,1.833003e-02,1.124992e-02,5.750918e-03,2.306773e-02,1.862300e-02,9.907905e-02
2.895798e-01,5.415809e-02,8.904089e-02,9.545800e-02,1.689774e-01,3.887079e-02,5.435061e-03,2.321827e-02,9.145954e-02,1.643700e-02,1.088080e-02,5.035934e-03,1.746691e-02,1.382272e-02,8.015883e-02
2.609761e-01,4.981798e-02,7.776546e-02,1.378928e-01,1.297862e-01,3.122926e-02,4.338217e-03,1.769467e-02,1.065628e-01,1.505625e-02,1.150481e-02,5.847909e-03,1.333004e-02,1.031828e-02,1.278793e-01
3.273537e-01,4.712022e-02,6.720440e-02,1.159489e-01,1.128533e-01,2.949171e-02,3.971809e-03,1.593105e-02,9.110357e-02,1.233967e-02,1.060999e-02,7.248224e-03,1.205934e-02,9.320670e-03,1.374434e-01
3.502719e-01,4.820157e-02,5.658168e-02,1.443290e-01,1.048313e-01,3.069437e-02,3.848066e-03,1.675641e-02,8.010194e-02,9.921378e-03,9.769035e-03,9.145835e-03,1.116101e-02,8.517583e-03,1.158690e-01
3.719616e-01,4.792760e-02,5.339739e-02,1.386569e-01,8.069388e-02,2.520395e-02,3.157435e-03,1.705543e-02,8.925420e-02,1.109864e-02,9.682196e-03,9.866091e-03,1.194030e-02,8.443436e-03,1.216610e-01
3.027948e-01,3.945247e-02,4.527966e-02,1.033702e-01,5.706404e-02,1.881178e-02,2.382681e-03,1.276273e-02,1.146866e-01,1.101241e-02,8.404441e-03,7.850570e-03,9.439610e-03,1.188431e-02,2.548038e-01
2.912149e-01,3.489333e-02,5.462107e-02,8.939987e-02,4.036409e-02,1.505053e-02,2.118641e-03,9.967797e-03,1.101016e-01,9.084292e-03,1.044360e-02,1.007126e-02,1.215481e-02,1.631436e-02,2.941999e-01
2.693958e-01,2.695201e-02,4.867277e-02,6.667494e-02,2.924844e-02,1.213124e-02,1.812995e-03,9.118688e-03,1.122949e-01,7.922682e-03,1.247808e-02,8.705663e-03,1.261615e-02,2.666939e-02,3.553063e-01
2.455674e-01,2.370372e-02,5.048063e-02,5.804231e-02,2.124623e-02,9.889535e-03,1.500727e-03,7.654835e-03,1.551434e-01,7.422749e-03,1.293461e-02,7.875623e-03,1.429439e-02,2.612354e-02,3.581203e-01
2.857211e-01,2.213186e-02,4.253365e-02,5.847521e-02,1.539157e-02,1.096593e-02,1.466505e-03,6.966835e-03,1.660339e-01,9.168555e-03,1.164412e-02,8.595643e-03,1.450146e-02,2.420068e-02,3.222029e-01
2.339732e-01,1.780886e-02,6.805972e-02,7.586615e-02,1.109044e-02,9.098375e-03,1.264177e-03,5.396369e-03,2.288207e-01,8.415083e-03,9.661201e-03,7.329853e-03,1.143950e-02,2.024183e-02,2.915345e-01
3.196906e-01,1.501463e-02,8.316796e-02,6.795775e-02,8.802356e-03,8.285785e-03,1.618466e-03,5.581356e-03,1.853063e-01,8.442476e-03,9.046067e-03,8.430891e-03,9.969095e-03,3.496654e-02,2.337198e-01
3.484815e-01,1.488652e-02,1.051327e-01,5.762283e-02,9.377273e-03,7.144376e-03,1.691223e-03,7.749351e-03,1.486073e-01,8.182962e-03,1.102470e-02,7.923479e-03,9.053543e-03,8.065660e-02,1.824656e-01
3.052857e-01,1.525243e-02,1.103095e-01,5.949416e-02,7.714821e-03,6.301271e-03,1.343219e-03,6.014244e-03,1.389703e-01,8.096996e-03,1.055923e-02,7.188608e-03,6.816701e-03,1.560490e-01,1.606038e-01
2.442978e-01,1.329447e-02,8.713120e-02,4.229854e-02,5.781531e-03,5.363895e-03,9.788220e-04,4.270842e-03,1.111043e-01,1.211363e-02,1.345017e-02,5.543550e-03,5.064073e-03,2.799559e-01,1.693512e-01
1.855497e-01,1.095215e-02,7.499883e-02,3.193767e-02,4.202163e-03,4.556993e-03,7.127759e-04,3.004616e-03,1.496703e-01,1.075188e-02,1.176676e-02,4.263663e-03,3.821078e-03,2.400622e-01,2.637492e-01
1.619365e-01,7.877550e-03,5.334149e-02,2.271979e-02,3.765061e-03,3.956229e-03,6.062540e-04,2.267022e-03,1.143921e-01,7.866457e-02,1.253557e-02,4.629797e-03,3.876168e-03,3.288374e-01,2.005945e-01
2.672737e-01,6.560158e-03,3.921532e-02,1.840795e-02,3.393506e-03,5.675211e-03,7.233419e-04,2.089264e-03,9.377513e-02,9.823324e-02,1.473304e-02,6.590090e-03,6.625926e-03,2.703704e-01,1.663338e-01
2.009759e-01,4.829911e-03,2.937447e-02,1.323740e-02,3.193609e-03,5.196658e-03,7.109296e-04,1.953951e-03,6.788475e-02,2.378494e-01,1.839516e-02,7.565184e-03,6.606467e-03,2.695996e-01,1.326266e-01
1.469707e-01,3.673064e-03,2.107940e-02,9.777965e-03,3.946138e-03,5.820617e-03,9.794501e-04,1.792323e-03,5.447737e-02,3.748233e-01,1.754288e-02,8.459729e-03,9.236738e-03,2.281938e-01,1.132265e-01
1.226830e-01,6.146513e-03,1.863066e-02,9.856138e-03,2.282991e-02,8.448204e-03,2.752190e-03,4.416850e-03,5.760402e-02,4.081747e-01,2.362132e-02,1.149279e-02,1.371977e-02,1.870113e-01,1.026126e-01
1.040811e-01,8.806594e-03,1.583721e-02,8.280886e-03,4.392446e-02,9.945218e-03,3.416499e-03,4.283120e-03,4.830800e-02,4.465097e-01,2.214171e-02,9.539484e-03,1.447034e-02,1.738970e-01,8.655869e-02
9.247586e-02,1.462513e-02,2.579289e-02,1.080681e-02,8.099926e-02,1.921228e-02,5.651575e-03,8.422813e-03,4.607027e-02,3.832034e-01,2.749515e-02,1.076486e-02,2.263786e-02,1.674779e-01,8.436394e-02
9.138078e-02,1.902732e-02,4.681193e-02,1.335315e-02,1.243519e-01,2.096163e-02,1.052487e-02,1.206304e-02,5.070192e-02,2.907350e-01,2.551459e-02,8.876696e-03,1.865548e-02,1.756798e-01,9.136188e-02
1.093094e-01,2.527728e-02,5.576011e-02,1.543517e-02,1.065485e-01,3.022962e-02,1.281141e-02,1.217358e-02,5.147360e-02,2.115362e-01,2.616591e-02,8.490709e-03,1.825836e-02,1.766551e-01,1.398751e-01
9.123693e-02,2.942156e-02,6.700785e-02,2.648789e-02,8.025462e-02,2.402124e-02,9.700576e-03,9.327330e-03,5.631641e-02,1.575232e-01,2.335226e-02,7.325535e-03,1.497764e-02,1.515009e-01,2.515461e-01
8.886272e-02,2.972475e-02,1.028713e-01,7.624601e-02,6.362192e-02,2.029826e-02,7.433381e-03,1.536798e-02,9.360173e-02,1.155163e-01,2.628097e-02,6.065760e-03,1.318409e-02,1.206690e-01,2.202558e-01
1.163867e-01,3.002068e-02,1.354316e-01,8.526803e-02,6.625515e-02,1.979333e-02,7.990399e-03,3.425043e-02,1.050905e-01,8.388341e-02,2.446497e-02,4.856438e-03,1.129574e-02,1.025441e-01,1.724685e-01
1.101363e-01,2.658604e-02,1.088510e-01,7.393864e-02,7.109305e-02,1.693194e-02,7.927071e-03,1.868760e-01,1.062542e-01,6.021103e-02,1.897668e-02,3.695768e-03,8.566253e-03,7.577787e-02,1.241781e-01
9.847303e-02,2.256582e-02,9.645818e-02,6.232649e-02,6.324591e-02,1.364802e-02,6.107991e-03,3.330112e-01,9.151058e-02,4.289701e-02,1.432217e-02,2.779489e-03,6.356404e-03,5.544476e-02,9.085295e-02
9.355862e-02,1.879290e-02,8.031292e-02,4.945382e-02,5.608695e-02,1.094194e-02,4.622961e-03,4.506474e-01,7.842448e-02,3.049658e-02,1.072334e-02,2.124557e-03,4.746886e-03,4.288328e-02,6.618343e-02
7.358989e-02,1.373577e-02,5.887102e-02,3.577808e-02,4.310949e-02,8.691806e-03,3.826696e-03,5.866821e-01,6.069806e-02,2.158036e-02,7.714572e-03,1.599875e-03,3.554876e-03,3.380916e-02,4.675825e-02
6.264248e-02,1.085971e-02,4.540742e-02,2.767713e-02,3.534539e-02,7.371936e-03,3.803062e-03,6.679685e-01,5.085480e-02,1.529440e-02,5.625478e-03,1.262843e-03,2.694185e-03,2.985411e-02,3.333859e-02
6.221216e-02,8.985559e-03,4.217793e-02,2.357892e-02,3.142602e-02,1.023559e-02,5.796579e-03,7.023411e-01,4.718768e-02,1.089582e-02,4.297564e-03,1.239184e-03,2.101100e-03,2.345567e-02,2.406916e-02
5.389382e-02,6.807591e-03,3.347315e-02,1.834695e-02,2.401533e-02,8.787859e-03,5.108054e-03,7.648780e-01,3.683869e-02,7.734787e-03,3.219627e-03,1.067842e-03,1.598899e-03,1.705261e-02,1.717680e-02
4.964060e-02,5.188455e-03,2.761224e-02,1.424464e-02,1.828688e-02,6.873843e-03,4.809383e-03,8.102560e-01,2.849910e-02,5.492918e-03,2.414750e-03,8.839861e-04,1.216683e-03,1.232727e-02,1.225335e-02
5.437446e-02,4.098344e-03,2.351197e-02,1.155192e-02,1.453129e-02,6.420870e-03,5.984367e-03,8.298470e-01,2.342883e-02,4.040449e-03,2.021377e-03,1.101842e-03,1.150959e-03,8.896085e-03,9.040374e-03
5.642867e-02,3.163465e-03,2.128876e-02,9.461090e-03,1.137755e-02,6.190613e-03,6.943785e-03,8.464903e-01,1.870661e-02,2.973898e-03,1.635141e-03,1.172847e-03,1.103791e-03,6.468934e-03,6.594625e-03
4.829470e-02,2.386360e-03,1.972315e-02,7.810883e-03,8.945934e-03,4.681636e-03,5.955188e-03,8.741642e-01,1.338876e-02,2.153979e-03,1.272764e-03,1.056697e-03,8.870843e-04,4.571801e-03,4.706882e-03
4.962632e-02,1.978388e-03,1.728897e-02,6.449189e-03,7.440660e-03,3.970123e-03,6.346956e-03,8.851092e-01,9.630474e-03,1.718944e-03,1.138877e-03,1.435467e-03,9.848829e-04,3.288692e-03,3.592856e-03
4.963142e-02,1.573547e-03,1.504728e-02,5.156815e-03,5.920568e-03,3.030339e-03,6.260478e-03,8.973091e-01,6.904398e-03,1.303734e-03,8.703808e-04,1.238239e-03,7.849180e-04,2.337149e-03,2.631654e-03
5.932074e-02,1.184626e-03,1.231918e-02,4.250083e-03,5.151664e-03,3.244772e-03,5.807025e-03,8.960863e-01,4.900333e-03,9.875922e-04,6.975263e-04,1.375701e-03,9.073552e-04,1.682722e-03,2.084286e-03
6.140586e-02,9.041540e-04,9.487130e-03,3.243495e-03,4.395836e-03,2.831921e-03,5.079130e-03,9.028592e-01,3.488249e-03,7.307907e-04,5.557466e-04,1.275090e-03,8.655029e-04,1.205900e-03,1.672001e-03
7.598756e-02,7.525505e-04,7.184302e-03,2.552680e-03,4.216435e-03,2.600327e-03,4.250059e-03,8.934661e-01,2.524649e-03,6.224769e-04,5.598251e-04,1.733874e-03,1.121887e-03,8.907593e-04,1.536586e-03
9.649712e-02,6.215422e-04,5.383326e-03,2.301234e-03,3.441294e-03,2.167505e-03,3.230318e-03,8.788086e-01,1.809135e-03,4.696480e-04,5.112541e-04,1.688767e-03,1.151485e-03,6.549183e-04,1.263889e-03
1.187188e-01,5.505568e-04,4.045540e-03,2.280657e-03,3.023321e-03,1.869262e-03,2.379325e-03,8.605040e-01,1.317976e-03,3.453887e-04,4.730565e-04,1.773403e-03,1.168282e-03,4.960131e-04,1.054486e-03
2.067609e-01,1.881220e-03,3.482275e-03,4.684228e-03,5.420023e-03,3.161696e-03,1.888199e-03,7.188934e-01,1.010494e-02,2.537650e-03,7.063494e-03,1.460754e-02,1.190576e-02,1.157957e-03,6.450820e-03
2.244934e-01,2.557828e-03,3.070303e-03,1.188535e-02,4.883177e-03,5.216991e-03,1.517543e-03,5.529905e-01,2.347889e-02,5.190338e-03,2.007287e-02,3.348892e-02,7.615446e-02,8.377139e-03,2.662240e-02
1.884687e-01,2.886673e-03,2.462255e-03,3.035370e-02,5.609391e-03,5.824249e-03,1.831953e-03,4.297959e-01,3.445832e-02,4.384067e-03,3.326094e-02,4.847232e-02,1.756392e-01,9.556523e-03,2.699595e-02
1.503108e-01,2.787624e-03,2.902404e-03,3.038867e-02,6.138219e-03,8.692637e-03,3.369158e-03,3.115648e-01,4.180307e-02,3.425927e-03,3.764221e-02,5.331569e-02,3.139222e-01,9.543894e-03,2.419265e-02
1.226150e-01,3.459675e-03,1.065782e-02,2.305972e-02,1.103316e-02,8.038631e-03,2.581927e-03,2.192335e-01,3.103338e-02,2.645895e-03,3.447540e-02,4.169921e-02,4.638457e-01,6.965840e-03,1.865519e-02
1.333138e-01,3.103378e-03,1.154695e-02,1.736431e-02,1.632384e-02,7.268023e-03,2.305501e-03,1.557054e-01,2.612772e-02,2.629490e-03,3.783106e-02,3.431689e-02,5.314913e-01,5.882714e-03,1.478977e-02
1.416562e-01,3.079250e-03,1.038461e-02,1.288898e-02,1.662141e-02,7.408190e-03,2.200425e-03,1.116258e-01,2.390673e-02,2.797820e-03,3.817176e-02,3.641899e-02,5.749392e-01,5.191007e-03,1.270974e-02
1.098808e-01,4.180033e-03,1.601925e-02,1.159629e-02,3.405846e-02,6.457862e-03,1.871784e-03,1.031401e-01,3.441188e-02,2.544571e-03,3.744315e-02,2.840202e-02,5.954896e-01,4.143472e-03,1.036070e-02
7.843270e-02,3.129222e-03,1.522462e-02,9.323060e-03,2.599971e-02,4.674938e-03,1.622522e-03,2.913615e-01,2.466929e-02,1.920459e-03,2.864906e-02,2.139781e-02,4.823380e-01,2.946141e-03,8.310955e-03
5.705905e-02,2.383628e-03,1.331919e-02,6.965326e-03,1.975770e-02,3.506856e-03,1.250258e-03,4.754579e-01,1.765491e-02,1.396618e-03,2.096880e-02,1.557597e-02,3.565679e-01,2.075776e-03,6.060095e-03
4.141448e-02,1.707103e-03,9.959541e-03,5.045649e-03,1.414921e-02,2.626547e-03,9.071014e-04,6.285098e-01,1.244275e-02,9.899996e-04,1.502285e-02,1.115171e-02,2.503299e-01,1.474472e-03,4.268959e-03
3.471582e-02,1.300366e-03,7.976297e-03,3.887103e-03,1.048209e-02,2.996758e-03,7.626105e-04,7.291224e-01,8.880355e-03,7.232607e-04,1.113811e-02,8.122450e-03,1.757235e-01,1.125385e-03,3.043449e-03
3.461960e-02,1.253843e-03,6.670907e-03,3.470878e-03,8.702852e-03,5.193946e-03,7.164706e-04,7.907780e-01,6.584743e-03,5.386912e-04,8.329466e-03,6.127811e-03,1.238562e-01,9.789085e-04,2.177769e-03
3.672092e-02,1.128501e-03,5.957679e-03,3.167636e-03,8.944767e-03,7.748500e-03,6.020555e-04,8.301924e-01,4.766752e-03,3.951371e-04,5.999442e-03,4.523057e-03,8.730511e-02,9.649104e-04,1.583165e-03
3.727834e-02,9.188190e-04,5.053127e-03,3.103455e-03,7.539422e-03,9.731296e-03,4.718903e-04,8.600636e-01,3.478605e-03,3.034233e-04,4.503234e-03,3.575844e-03,6.197345e-02,8.560835e-04,1.149463e-03
3.675340e-02,7.394315e-04,3.960575e-03,3.137180e-03,5.761611e-03,1.118466e-02,3.845133e-04,8.818541e-01,2.846802e-03,2.369577e-04,3.738372e-03,3.456260e-03,4.444711e-02,6.334101e-04,8.656825e-04
4.613993e-02,6.243282e-04,3.171101e-03,3.257779e-03,4.513235e-03,1.652885e-02,3.924678e-04,8.787832e-01,2.449279e-03,1.965618e-04,4.114999e-03,4.794003e-03,3.375078e-02,4.928978e-04,7.905893e-04
4.231543e-02,5.169427e-04,3.599269e-03,2.633409e-03,3.376890e-03,1.522208e-01,3.907303e-04,7.604933e-01,1.871008e-03,1.488939e-04,3.441947e-03,3.502528e-03,2.407917e-02,4.863950e-04,9.233025e-04
3.623215e-02,4.199985e-04,3.035795e-03,2.012067e-03,2.511067e-03,3.443915e-01,3.617269e-04,5.859969e-01,1.355825e-03,1.130550e-04,2.661954e-03,2.590137e-03,1.708171e-02,4.045521e-04,8.315190e-04
2.662790e-02,3.448303e-04,2.273926e-03,1.453329e-03,1.785798e-03,5.329528e-01,2.604287e-04,4.152396e-01,9.647793e-04,8.466077e-05,2.983685e-03,1.863681e-03,1.201904e-02,4.911531e-04,6.544705e-04
2.373179e-02,3.159097e-04,1.937313e-03,1.085655e-03,1.352992e-03,6.522035e-01,2.133229e-04,2.996001e-01,7.506661e-04,1.094856e-04,6.154953e-03,1.386666e-03,8.555286e-03,1.341785e-03,1.260604e-03
2.933439e-02,3.267091e-04,1.950582e-03,8.586377e-04,1.090395e-03,6.890187e-01,2.002605e-04,2.543388e-01,6.897934e-04,1.656388e-04,9.955397e-03,1.129437e-03,6.111679e-03,2.833436e-03,1.996114e-03
5.533684e-02,4.891340e-04,2.311625e-03,8.504571e-04,1.128356e-03,6.418715e-01,2.495402e-04,2.601664e-01,8.968698e-04,3.619330e-04,2.021253e-02,1.689815e-03,4.568093e-03,5.841305e-03,4.025540e-03
7.959308e-02,7.756149e-04,2.623592e-03,1.008208e-03,1.345988e-03,5.992495e-01,3.937237e-04,1.937806e-01,2.057620e-03,5.454950e-04,8.556353e-02,3.613759e-03,4.327154e-03,1.833389e-02,6.788116e-03
5.789045e-02,6.087376e-04,1.886382e-03,7.260362e-04,1.047984e-03,5.606478e-01,3.457107e-04,1.372408e-01,1.666148e-03,4.146828e-04,1.962036e-01,2.871847e-03,3.274393e-03,3.003258e-02,5.142786e-03
4.221795e-02,1.007952e-03,1.584447e-03,6.520673e-04,1.198540e-03,4.102255e-01,2.921632e-04,9.648908e-02,1.585759e-03,4.229564e-04,3.692711e-01,4.298528e-03,2.369981e-03,6.410434e-02,4.279597e-03
3.002253e-02,7.729233e-04,1.172720e-03,4.881631e-04,9.324751e-04,2.900929e-01,2.223477e-04,6.761810e-02,1.168605e-03,3.992908e-04,5.124364e-01,4.113574e-03,1.695664e-03,8.576858e-02,3.095633e-03
2.139727e-02,6.576038e-04,1.036080e-03,4.204303e-04,8.876381e-04,2.033962e-01,1.875733e-04,4.739312e-02,1.222221e-03,8.669609e-04,5.754629e-01,5.219217e-03,1.236330e-03,1.383606e-01,2.255678e-03
1.509300e-02,5.018723e-04,9.399134e-04,4.012112e-04,7.522837e-04,1.428985e-01,1.854796e-04,3.324687e-02,2.127950e-03,1.390374e-03,5.911692e-01,9.851138e-03,9.061664e-04,1.989106e-01,1.625364e-03
1.076703e-02,4.175606e-04,1.056348e-03,3.788437e-04,7.291865e-04,1.009595e-01,2.519086e-04,2.348595e-02,2.377588e-03,1.889976e-03,6.131929e-01,1.101079e-02,6.837048e-04,2.316353e-01,1.163379e-03
7.624908e-03,3.519851e-04,8.362946e-04,2.813488e-04,7.434944e-04,7.123996e-02,1.933789e-04,1.647879e-02,2.469609e-03,2.890593e-03,6.579707e-01,1.048190e-02,5.538459e-04,2.270519e-01,8.311938e-04
5.410733e-03,2.967594e-04,6.381174e-04,2.055200e-04,6.327336e-04,5.004117e-02,1.512542e-04,1.155948e-02,2.000544e-03,5.526708e-03,7.153040e-01,8.281597e-03,4.165042e-04,1.989297e-01,6.052706e-04
3.839608e-03,2.723204e-04,4.691355e-04,1.701826e-04,1.267858e-03,3.548332e-02,3.686188e-04,8.164627e-03,5.956600e-03,1.153892e-02,7.418031e-01,7.481073e-03,4.586782e-04,1.822134e-01,5.125928e-04
2.750029e-03,8.304241e-04,5.497554e-04,2.714108e-04,7.201390e-03,2.632934e-02,1.745054e-03,6.999563e-03,2.828317e-02,3.974145e-02,6.658654e-01,8.210274e-03,5.517940e-04,2.100966e-01,5.743429e-04
2.019786e-03,1.240699e-02,1.353658e-03,3.341163e-04,1.997412e-02,2.240071e-02,1.833139e-03,5.352668e-03,4.573735e-02,4.729627e-02,5.983264e-01,7.977005e-03,6.643564e-04,2.335357e-01,7.876299e-04
1.824512e-03,1.667295e-02,4.224726e-03,1.295874e-03,1.699639e-02,2.013569e-02,1.946237e-03,5.979709e-03,5.256025e-02,1.464892e-01,5.093865e-01,7.734760e-03,8.123466e-04,2.114729e-01,2.467921e-03
1.956151e-03,1.585901e-02,1.782675e-02,3.793544e-03,1.486161e-02,2.822193e-02,2.565784e-03,4.266349e-02,5.384161e-02,2.139219e-01,4.129891e-01,6.733851e-03,9.594678e-04,1.816594e-01,2.146413e-03
5.856887e-03,2.679616e-02,2.123206e-02,7.453807e-03,1.339041e-02,2.906433e-02,2.591887e-03,6.702136e-02,7.911485e-02,2.443152e-01,3.475574e-01,5.772315e-03,8.571355e-04,1.462186e-01,2.757494e-03
8.631914e-03,2.374897e-02,2.176274e-02,3.028974e-02,1.551816e-02,2.274051e-02,2.132968e-03,1.198829e-01,1.132406e-01,2.320206e-01,2.837304e-01,4.475303e-03,8.144100e-04,1.186166e-01,2.394225e-03
8.547449e-03,1.829230e-02,2.324205e-02,4.410164e-02,1.270582e-02,1.664611e-02,1.781458e-03,3.092098e-01,9.781119e-02,1.714357e-01,2.041564e-01,3.212422e-03,7.327751e-04,8.628885e-02,1.836142e-03
8.396057e-03,1.336909e-02,2.987331e-02,4.066532e-02,1.108574e-02,1.282407e-02,1.457137e-03,4.764392e-01,7.461488e-02,1.204890e-01,1.442769e-01,2.290483e-03,5.755738e-04,6.222339e-02,1.419867e-03
8.139378e-03,9.894597e-03,4.516353e-02,5.550251e-02,1.229504e-02,1.004111e-02,1.279487e-03,5.627344e-01,5.782229e-02,8.477081e-02,1.025639e-01,1.640876e-03,4.633897e-04,4.656674e-02,1.121954e-03
1.116732e-02,7.423842e-03,1.118471e-01,6.559439e-02,1.517283e-02,9.006104e-03,1.703911e-03,5.378854e-01,6.785038e-02,6.013638e-02,7.359831e-02,1.346693e-03,4.950020e-04,3.577677e-02,9.955945e-04
1.473284e-02,6.540920e-03,1.066924e-01,6.480131e-02,1.712335e-02,7.476464e-03,1.529127e-03,5.910209e-01,6.378066e-02,4.232709e-02,5.230395e-02,1.040732e-03,4.880657e-04,2.931711e-02,8.250856e-04
1.589366e-02,5.206342e-03,9.024632e-02,5.366410e-02,2.047409e-02,6.443854e-03,1.807275e-03,6.663234e-01,4.746399e-02,2.971543e-02,3.714275e-02,7.798125e-04,5.022007e-04,2.368896e-02,6.477672e-04
1.450971e-02,4.260968e-03,7.197201e-02,4.218738e-02,2.606333e-02,4.981920e-03,1.713966e-03,7.344972e-01,3.368430e-02,2.082593e-02,2.612995e-02,5.805948e-04,4.814260e-04,1.761547e-02,4.958844e-04
1.599165e-02,4.592296e-03,6.017623e-02,3.300550e-02,3.153914e-02,4.117097e-03,1.868047e-03,7.751213e-01,2.466692e-02,1.459899e-02,1.860510e-02,4.592823e-04,5.343327e-04,1.430259e-02,4.215011e-04
1.916146e-02,3.765458e-03,4.601707e-02,2.488411e-02,3.076387e-02,3.546314e-03,2.616731e-03,8.151193e-01,1.882617e-02,1.023227e-02,1.316989e-02,4.043950e-04,5.296824e-04,1.060410e-02,3.591402e-04
2.199494e-02,3.892580e-03,4.339711e-02,1.899783e-02,2.996197e-02,2.839209e-03,2.951870e-03,8.361329e-01,1.387792e-02,7.186117e-03,9.413152e-03,3.297104e-04,5.022344e-04,8.196727e-03,3.257049e-04
2.102799e-02,3.806270e-03,3.912508e-02,1.445104e-02,3.001088e-02,2.298590e-03,3.145093e-03,8.574154e-01,9.993802e-03,5.053001e-03,6.655281e-03,2.756039e-04,4.905133e-04,5.967528e-03,2.838379e-04
2.458405e-02,3.147567e-03,3.224991e-02,1.110053e-02,2.649193e-02,2.292951e-03,3.207146e-03,8.758254e-01,7.161270e-03,3.583331e-03,4.731965e-03,4.145654e-04,6.624652e-04,4.255534e-03,2.914078e-04
3.318605e-02,2.617094e-03,2.524590e-02,8.721545e-03,2.596159e-02,2.718088e-03,3.551805e-03,8.813608e-01,5.234371e-03,2.576753e-03,3.473902e-03,8.816260e-04,1.075644e-03,3.058093e-03,3.367795e-04
3.307607e-02,1.934449e-03,1.794880e-02,6.305175e-03,2.324107e-02,2.360111e-03,3.239196e-03,7.530540e-01,4.672776e-03,2.170901e-03,7.893398e-03,1.582107e-02,1.241559e-01,2.698620e-03,1.428528e-03
2.517685e-02,1.421209e-03,1.260352e-02,4.814039e-03,1.965215e-02,1.914534e-03,2.490344e-03,5.517822e-01,5.018976e-03,3.557803e-03,2.612548e-02,2.848943e-02,3.031078e-01,4.996025e-03,8.849612e-03
1.827948e-02,1.006171e-03,8.833180e-03,3.554886e-03,1.657013e-02,1.424474e-03,1.823656e-03,3.935218e-01,5.041020e-03,2.981170e-03,4.619265e-02,3.004768e-02,4.540970e-01,4.605540e-03,1.202114e-02
1.336751e-02,7.618995e-04,6.237680e-03,2.931902e-03,1.276092e-02,1.065658e-03,1.373927e-03,2.809864e-01,5.917720e-03,2.692930e-03,4.120855e-02,7.163851e-02,5.396658e-01,1.012636e-02,9.264121e-03
9.951444e-03,6.378564e-04,4.437130e-03,2.242053e-03,9.764581e-03,8.068148e-04,1.028035e-03,1.996150e-01,7.311118e-03,2.020668e-03,3.182035e-02,1.179647e-01,5.945965e-01,1.121071e-02,6.593044e-03
7.549735e-03,7.869158e-04,3.430570e-03,3.320774e-03,7.321717e-03,9.438825e-04,8.199564e-04,1.435043e-01,5.515427e-02,1.529595e-03,3.511930e-02,1.885694e-01,5.306637e-01,1.634258e-02,4.943225e-03
5.741777e-03,7.738751e-04,2.477727e-03,3.306473e-03,5.600140e-03,7.482383e-04,6.280926e-04,1.008823e-01,9.780746e-02,1.806393e-03,4.385319e-02,3.145834e-01,3.930346e-01,2.473878e-02,4.017426e-03
5.358103e-03,8.861485e-04,1.931560e-03,3.373496e-03,4.830097e-03,9.703963e-04,5.850190e-04,7.132252e-02,1.574511e-01,2.053528e-03,8.233020e-02,2.922001e-01,2.865560e-01,8.673699e-02,3.414677e-03
4.275533e-03,9.203303e-04,1.398440e-03,2.535313e-03,3.752068e-03,1.271734e-03,4.279519e-04,5.015962e-02,2.029093e-01,2.154239e-03,1.493794e-01,2.438824e-01,2.039295e-01,1.304796e-01,2.524621e-03
4.179908e-03,7.925624e-04,1.006417e-03,2.205853e-03,2.841124e-03,1.283586e-03,3.063144e-04,3.535534e-02,1.971557e-01,2.122678e-03,2.648388e-01,1.802590e-01,1.436507e-01,1.621173e-01,1.884674e-03
3.832248e-03,7.755999e-04,7.900058e-04,2.120369e-03,2.610390e-03,1.744509e-03,2.229867e-04,2.515817e-02,1.610774e-01,1.998008e-03,3.054737e-01,1.385437e-01,1.016252e-01,2.524840e-01,1.543657e-03
3.271398e-03,1.698432e-03,1.195481e-03,1.733247e-03,2.935169e-03,4.739241e-03,1.833772e-04,1.804717e-02,1.359731e-01,2.322911e-03,3.594819e-01,1.001652e-01,7.191535e-02,2.949183e-01,1.419802e-03
3.841938e-03,2.871093e-03,2.008654e-03,2.472965e-03,3.755977e-03,9.371342e-03,1.664332e-04,1.287212e-02,1.289883e-01,2.824526e-03,3.631069e-01,7.298084e-02,5.096048e-02,3.420433e-01,1.735098e-03
4.795144e-03,2.870772e-03,3.836848e-03,2.891435e-03,3.583198e-03,1.158397e-02,1.360194e-04,9.096366e-03,2.326416e-01,3.745273e-03,2.898729e-01,5.249563e-02,3.581421e-02,3.442661e-01,2.370493e-03
5.647442e-03,3.515641e-03,4.647571e-03,2.588305e-03,3.103355e-03,1.621084e-02,1.274690e-04,6.411832e-03,3.575774e-01,3.932069e-03,2.169160e-01,3.784672e-02,2.521794e-02,3.129894e-01,3.268017e-03
4.675628e-03,4.227942e-02,2.234757e-02,2.329741e-03,3.688892e-03,2.267921e-02,1.396321e-04,4.778995e-03,4.335400e-01,3.664519e-03,1.565676e-01,2.685203e-02,1.782272e-02,2.506424e-01,7.991617e-03
5.989177e-03,3.293825e-02,2.082315e-02,2.803490e-03,3.593226e-03,2.952554e-02,1.198789e-04,3.466538e-03,4.710180e-01,3.833211e-03,1.126185e-01,1.901777e-02,1.283580e-02,2.402866e-01,4.113085e-02
7.416134e-03,2.767001e-02,1.895725e-02,2.939733e-03,3.413982e-03,5.344675e-02,1.037762e-04,2.673436e-03,4.626113e-01,4.460743e-03,8.103236e-02,1.354912e-02,9.471547e-03,2.052945e-01,1.069594e-01
9.542996e-03,2.266877e-02,1.443400e-02,3.041425e-03,3.764805e-03,4.432806e-02,8.619183e-05,2.061629e-03,4.377972e-01,9.467106e-03,6.339463e-02,9.779520e-03,7.041176e-03,1.618612e-01,2.107313e-01
1.184444e-02,2.258681e-02,1.178708e-02,4.757431e-03,4.759619e-03,4.587421e-02,7.687608e-05,1.810746e-03,4.125365e-01,1.741920e-02,5.448665e-02,7.865874e-03,5.989637e-03,1.371165e-01,2.610884e-01
