1.000000e+00,0.000000e+00,0.000000e+00,0.000000e+00,0.000000e+00,0.000000e+00,0.000000e+00,0.000000e+00,0.000000e+00,0.000000e+00,0.000000e+00,0.000000e+00,0.000000e+00,0.000000e+00,0.000000e+00
1.000000e+00,0.000000e+00,0.000000e+00,0.000000e+00,0.000000e+00,0.000000e+00,0.000000e+00,0.000000e+00,0.000000e+00,0.000000e+00,0.000000e+00,0.000000e+00,0.000000e+00,0.000000e+00,0.000000e+00
1.000000e+00,0.000000e+00,0.000000e+00,0.000000e+00,0.000000e+00,0.000000e+00,0.000000e+00,0.000000e+00,0.000000e+00,0.000000e+00,0.000000e+00,0.000000e+00,0.000000e+00,0.000000e+00,0.000000e+00
1.000000e+00,0.000000e+00,0.000000e+00,0.000000e+00,0.000000e+00,0.000000e+00,0.000000e+00,0.000000e+00,0.000000e+00,0.000000e+00,0.000000e+00,0.000000e+00,0.000000e+00,0.000000e+00,0.000000e+00
1.000000e+00,0.000000e+00,0.000000e+00,0.000000e+00,0.000000e+00,0.000000e+00,0.000000e+00,0.000000e+00,0.000000e+00,0.000000e+00,0.000000e+00,0.000000e+00,0.000000e+00,0.000000e+00,0.000000e+00
1.000000e+00,0.000000e+00,0.000000e+00,0.000000e+00,0.000000e+00,0.000000e+00,0.000000e+00,0.000000e+00,0.000000e+00,0.000000e+00,0.000000e+00,0.000000e+00,0.000000e+00,0.000000e+00,0.000000e+00
1.000000e+00,0.000000e+00,0.000000e+00,0.000000e+00,0.000000e+00,0.000000e+00,0.000000e+00,0.000000e+00,0.000000e+00,0.000000e+00,0.000000e+00,0.000000e+00,0.000000e+00,0.000000e+00,0.000000e+00
1.000000e+00,0.000000e+00,0.000000e+00,0.000000e+00,0.000000e+00,0.000000e+00,0.000000e+00,0.000000e+00,0.000000e+00,0.000000e+00,0.000000e+00,0.000000e+00,0.000000e+00,0.000000e+00,0.000000e+00
1.000000e+00,0.000000e+00,0.000000e+00,0.000000e+00,0.000000e+00,0.000000e+00,0.000000e+00,0.000000e+00,0.000000e+00,0.000000e+00,0.000000e+00,0.000000e+00,0.000000e+00,0.000000e+00,0.000000e+00
1.000000e+00,0.000000e+00,0.000000e+00,0.000000e+00,0.000000e+00,0.000000e+00,0.000000e+00,0.000000e+00,0.000000e+00,0.000000e+00,0.000000e+00,0.000000e+00,0.000000e+00,0.000000e+00,0.000000e+00
1.000000e+00,0.000000e+00,0.000000e+00,0.000000e+00,0.000000e+00,0.000000e+00,0.000000e+00,0.000000e+00,0.000000e+00,0.000000e+00,0.000000e+00,0.000000e+00,0.000000e+00,0.000000e+00,0.000000e+00
1.000000e+00,0.000000e+00,0.000000e+00,0.000000e+00,0.000000e+00,0.000000e+00,0.000000e+00,0.000000e+00,0.000000e+00,0.000000e+00,0.000000e+00,0.000000e+00,0.000000e+00,0.000000e+00,0.000000e+00
1.000000e+00,0.000000e+00,0.000000e+00,0.000000e+00,0.000000e+00,0.000000e+00,0.000000e+00,0.000000e+00,0.000000e+00,0.000000e+00,0.000000e+00,0.000000e+00,0.000000e+00,0.000000e+00,0.000000e+00
1.000000e+00,0.000000e+00,0.000000e+00,0.000000e+00,0.000000e+00,0.000000e+00,0.000000e+00,0.000000e+00,0.000000e+00,0.000000e+00,0.000000e+00,0.000000e+00,0.000000e+00,0.000000e+00,0.000000e+00
1.000000e+00,0.000000e+00,0.000000e+00,0.000000e+00,0.000000e+00,0.000000e+00,0.000000e+00,0.000000e+00,0.000000e+00,0.000000e+00,0.000000e+00,0.000000e+00,0.000000e+00,0.000000e+00,0.000000e+00
1.000000e+00,0.000000e+00,0.000000e+00,0.000000e+00,0.000000e+00,0.000000e+00,0.000000e+00,0.000000e+00,0.000000e+00,0.000000e+00,0.000000e+00,0.000000e+00,0.000000e+00,0.000000e+00,0.000000e+00
1.000000e+00,0.000000e+00,0.000000e+00,0.000000e+00,0.000000e+00,0.000000e+00,0.000000e+00,0.000000e+00,0.000000e+00,0.000000e+00,0.000000e+00,0.000000e+00,0.000000e+00,0.000000e+00,0.000000e+00
1.000000e+00,0.000000e+00,0.000000e+00,0.000000e+00,0.000000e+00,0.000000e+00,0.000000e+00,0.000000e+00,0.000000e+00,0.000000e+00,0.000000e+00,0.000000e+00,0.000000e+00,0.000000e+00,0.000000e+00
1.000000e+00,0.000000e+00,0.000000e+00,0.000000e+00,0.000000e+00,0.000000e+00,0.000000e+00,0.000000e+00,0.000000e+00,0.000000e+00,0.000000e+00,0.000000e+00,0.000000e+00,0.000000e+00,0.000000e+00
1.000000e+00,0.000000e+00,0.000000e+00,0.000000e+00,0.000000e+00,0.000000e+00,0.000000e+00,0.000000e+00,0.000000e+00,0.000000e+00,0.000000e+00,0.000000e+00,0.000000e+00,0.000000e+00,0.000000e+00
1.000000e+00,0.000000e+00,0.000000e+00,0.000000e+00,0.000000e+00,0.000000e+00,0.000000e+00,0.000000e+00,0.000000e+00,0.000000e+00,0.000000e+00,0.000000e+00,0.000000e+00,0.000000e+00,0.000000e+00
1.000000e+00,0.000000e+00,0.000000e+00,0.000000e+00,0.000000e+00,0.000000e+00,0.000000e+00,0.000000e+00,0.000000e+00,0.000000e+00,0.000000e+00,0.000000e+00,0.000000e+00,0.000000e+00,0.000000e+00
1.000000e+00,0.000000e+00,0.000000e+00,0.000000e+00,0.000000e+00,0.000000e+00,0.000000e+00,0.000000e+00,0.000000e+00,0.000000e+00,0.000000e+00,0.000000e+00,0.000000e+00,0.000000e+00,0.000000e+00
1.000000e+00,0.000000e+00,0.000000e+00,0.000000e+00,0.000000e+00,0.000000e+00,0.000000e+00,0.000000e+00,0.000000e+00,0.000000e+00,0.000000e+00,0.000000e+00,0.000000e+00,0.000000e+00,0.000000e+00
1.000000e+00,0.000000e+00,0.000000e+00,0.000000e+00,0.000000e+00,0.000000e+00,0.000000e+00,0.000000e+00,0.000000e+00,0.000000e+00,0.000000e+00,0.000000e+00,0.000000e+00,0.000000e+00,0.000000e+00
1.000000e+00,0.000000e+00,0.000000e+00,0.000000e+00,0.000000e+00,0.000000e+00,0.000000e+00,0.000000e+00,0.000000e+00,0.000000e+00,0.000000e+00,0.000000e+00,0.000000e+00,0.000000e+00,0.000000e+00
1.000000e+00,0.000000e+00,0.000000e+00,0.000000e+00,0.000000e+00,0.000000e+00,0.000000e+00,0.000000e+00,0.000000e+00,0.000000e+00,0.000000e+00,0.000000e+00,0.000000e+00,0.000000e+00,0.000000e+00
1.000000e+00,0.000000e+00,0.000000e+00,0.000000e+00,0.000000e+00,0.000000e+00,0.000000e+00,0.000000e+00,0.000000e+00,0.000000e+00,0.000000e+00,0.000000e+00,0.000000e+00,0.000000e+00,0.000000e+00
1.000000e+00,0.000000e+00,0.000000e+00,0.000000e+00,0.000000e+00,0.000000e+00,0.000000e+00,0.000000e+00,0.000000e+00,0.000000e+00,0.000000e+00,0.000000e+00,0.000000e+00,0.000000e+00,0.000000e+00
1.000000e+00,0.000000e+00,0.000000e+00,0.000000e+00,0.000000e+00,0.000000e+00,0.000000e+00,0.000000e+00,0.000000e+00,0.000000e+00,0.000000e+00,0.000000e+00,0.000000e+00,0.000000e+00,0.000000e+00
1.000000e+00,0.000000e+00,0.000000e+00,0.000000e+00,0.000000e+00,0.000000e+00,0.000000e+00,0.000000e+00,0.000000e+00,0.000000e+00,0.000000e+00,0.000000e+00,0.000000e+00,0.000000e+00,0.000000e+00
1.000000e+00,0.000000e+00,0.000000e+00,0.000000e+00,0.000000e+00,0.000000e+00,0.000000e+00,0.000000e+00,0.000000e+00,0.000000e+00,0.000000e+00,0.000000e+00,0.000000e+00,0.000000e+00,0.000000e+00
1.000000e+00,0.000000e+00,0.000000e+00,0.000000e+00,0.000000e+00,0.000000e+00,0.000000e+00,0.000000e+00,0.000000e+00,0.000000e+00,0.000000e+00,0.000000e+00,0.000000e+00,0.000000e+00,0.000000e+00
1.000000e+00,0.000000e+00,0.000000e+00,0.000000e+00,0.000000e+00,0.000000e+00,0.000000e+00,0.000000e+00,0.000000e+00,0.000000e+00,0.000000e+00,0.000000e+00,0.000000e+00,0.000000e+00,0.000000e+00
1.000000e+00,0.000000e+00,0.000000e+00,0.000000e+00,0.000000e+00,0.000000e+00,0.000000e+00,0.000000e+00,0.000000e+00,0.000000e+00,0.000000e+00,0.000000e+00,0.000000e+00,0.000000e+00,0.000000e+00
1.000000e+00,0.000000e+00,0.000000e+00,0.000000e+00,0.000000e+00,0.000000e+00,0.000000e+00,0.000000e+00,0.000000e+00,0.000000e+00,0.000000e+00,0.000000e+00,0.000000e+00,0.000000e+00,0.000000e+00
1.000000e+00,0.000000e+00,0.000000e+00,0.000000e+00,0.000000e+00,0.000000e+00,0.000000e+00,0.000000e+00,0.000000e+00,0.000000e+00,0.000000e+00,0.000000e+00,0.000000e+00,0.000000e+00,0.000000e+00
1.000000e+00,0.000000e+00,0.000000e+00,0.000000e+00,0.000000e+00,0.000000e+00,0.000000e+00,0.000000e+00,0.000000e+00,0.000000e+00,0.000000e+00,0.000000e+00,0.000000e+00,0.000000e+00,0.000000e+00
1.000000e+00,0.000000e+00,0.000000e+00,0.000000e+00,0.000000e+00,0.000000e+00,0.000000e+00,0.000000e+00,0.000000e+00,0.000000e+00,0.000000e+00,0.000000e+00,0.000000e+00,0.000000e+00,0.000000e+00
1.000000e+00,0.000000e+00,0.000000e+00,0.000000e+00,0.000000e+00,0.000000e+00,0.000000e+00,0.000000e+00,0.000000e+00,0.000000e+00,0.000000e+00,0.000000e+00,0.000000e+00,0.000000e+00,0.000000e+00
1.000000e+00,0.000000e+00,0.000000e+00,0.000000e+00,0.000000e+00,0.000000e+00,0.000000e+00,0.000000e+00,0.000000e+00,0.000000e+00,0.000000e+00,0.000000e+00,0.000000e+00,0.000000e+00,0.000000e+00
1.000000e+00,0.000000e+00,0.000000e+00,0.000000e+00,0.000000e+00,0.000000e+00,0.000000e+00,0.000000e+00,0.000000e+00,0.000000e+00,0.000000e+00,0.000000e+00,0.000000e+00,0.000000e+00,0.000000e+00
1.000000e+00,0.000000e+00,0.000000e+00,0.000000e+00,0.000000e+00,0.000000e+00,0.000000e+00,0.000000e+00,0.000000e+00,0.000000e+00,0.000000e+00,0.000000e+00,0.000000e+00,0.000000e+00,0.000000e+00
1.000000e+00,0.000000e+00,0.000000e+00,0.000000e+00,0.000000e+00,0.000000e+00,0.000000e+00,0.000000e+00,0.000000e+00,0.000000e+00,0.000000e+00,0.000000e+00,0.000000e+00,0.000000e+00,0.000000e+00
1.000000e+00,0.000000e+00,0.000000e+00,0.000000e+00,0.000000e+00,0.000000e+00,0.000000e+00,0.000000e+00,0.000000e+00,0.000000e+00,0.000000e+00,0.000000e+00,0.000000e+00,0.000000e+00,0.000000e+00
1.000000e+00,0.000000e+00,0.000000e+00,0.000000e+00,0.000000e+00,0.000000e+00,0.000000e+00,0.000000e+00,0.000000e+00,0.000000e+00,0.000000e+00,0.000000e+00,0.000000e+00,0.000000e+00,0.000000e+00
1.000000e+00,0.000000e+00,0.000000e+00,0.000000e+00,0.000000e+00,0.000000e+00,0.000000e+00,0.000000e+00,0.000000e+00,0.000000e+00,0.000000e+00,0.000000e+00,0.000000e+00,0.000000e+00,0.000000e+00
1.000000e+00,0.000000e+00,0.000000e+00,0.000000e+00,0.000000e+00,0.000000e+00,0.000000e+00,0.000000e+00,0.000000e+00,0.000000e+00,0.000000e+00,0.000000e+00,0.000000e+00,0.000000e+00,0.000000e+00
1.000000e+00,0.000000e+00,0.000000e+00,0.000000e+00,0.000000e+00,0.000000e+00,0.000000e+00,0.000000e+00,0.000000e+00,0.000000e+00,0.000000e+00,0.000000e+00,0.000000e+00,0.000000e+00,0.000000e+00
1.000000e+00,0.000000e+00,0.000000e+00,0.000000e+00,0.000000e+00,0.000000e+00,0.000000e+00,0.000000e+00,0.000000e+00,0.000000e+00,0.000000e+00,0.000000e+00,0.000000e+00,0.000000e+00,0.000000e+00
1.000000e+00,0.000000e+00,0.000000e+00,0.000000e+00,0.000000e+00,0.000000e+00,0.000000e+00,0.000000e+00,0.000000e+00,0.000000e+00,0.000000e+00,0.000000e+00,0.000000e+00,0.000000e+00,0.000000e+00
1.000000e+00,0.000000e+00,0.000000e+00,0.000000e+00,0.000000e+00,0.000000e+00,0.000000e+00,0.000000e+00,0.000000e+00,0.000000e+00,0.000000e+00,0.000000e+00,0.000000e+00,0.000000e+00,0.000000e+00
1.000000e+00,0.000000e+00,0.000000e+00,0.000000e+00,0.000000e+00,0.000000e+00,0.000000e+00,0.000000e+00,0.000000e+00,0.000000e+00,0.000000e+00,0.000000e+00,0.000000e+00,0.000000e+00,0.000000e+00
1.000000e+00,0.000000e+00,0.000000e+00,0.000000e+00,0.000000e+00,0.000000e+00,0.000000e+00,0.000000e+00,0.000000e+00,0.000000e+00,0.000000e+00,0.000000e+00,0.000000e+00,0.000000e+00,0.000000e+00
1.000000e+00,0.000000e+00,0.000000e+00,0.000000e+00,0.000000e+00,0.000000e+00,0.000000e+00,0.000000e+00,0.000000e+00,0.000000e+00,0.000000e+00,0.000000e+00,0.000000e+00,0.000000e+00,0.000000e+00
1.000000e+00,0.000000e+00,0.000000e+00,0.000000e+00,0.000000e+00,0.000000e+00,0.000000e+00,0.000000e+00,0.000000e+00,0.000000e+00,0.000000e+00,0.000000e+00,0.000000e+00,0.000000e+00,0.000000e+00
1.000000e+00,0.000000e+00,0.000000e+00,0.000000e+00,0.000000e+00,0.000000e+00,0.000000e+00,0.000000e+00,0.000000e+00,0.000000e+00,0.000000e+00,0.000000e+00,0.000000e+00,0.000000e+00,0.000000e+00
1.000000e+00,0.000000e+00,0.000000e+00,0.000000e+00,0.000000e+00,0.000000e+00,0.000000e+00,0.000000e+00,0.000000e+00,0.000000e+00,0.000000e+00,0.000000e+00,0.000000e+00,0.000000e+00,0.000000e+00
4.361258e-01,7.665268e-03,4.205443e-02,1.477085e-02,4.827384e-03,5.009549e-02,3.091874e-01,8.114231e-02,2.275470e-03,1.516943e-03,5.687193e-03,2.312669e-02,1.277188e-02,1.383166e-03,7.369689e-03
3.283054e-01,5.899532e-03,3.669978e-02,1.100299e-02,4.203827e-03,4.314825e-02,4.652541e-01,6.286030e-02,1.746365e-03,1.175440e-03,4.171661e-03,1.831367e-02,1.026325e-02,1.081171e-03,5.874252e-03
3.064622e-01,4.786559e-03,3.400859e-02,9.435817e-03,3.636654e-03,4.500841e-02,4.773377e-01,8.245054e-02,1.521160e-03,1.039451e-03,3.175555e-03,1.491886e-02,9.272184e-03,9.596045e-04,5.986764e-03
2.411951e-01,3.515007e-03,2.811287e-02,7.504381e-03,2.814596e-03,3.490179e-02,5.665021e-01,8.747226e-02,1.158721e-03,7.776505e-04,2.294037e-03,1.092620e-02,7.393877e-03,7.469913e-04,4.684389e-03
1.718671e-01,2.515106e-03,2.007004e-02,5.324306e-03,2.086211e-03,2.491600e-02,6.784767e-01,7.429139e-02,8.335100e-04,5.567893e-04,1.636737e-03,7.824223e-03,5.497718e-03,5.472326e-04,3.556976e-03
1.228398e-01,1.787234e-03,1.424193e-02,3.770485e-03,1.579179e-03,1.773048e-02,7.638893e-01,5.907977e-02,5.992351e-04,3.997293e-04,1.171219e-03,5.701561e-03,4.111913e-03,4.042821e-04,2.693934e-03
8.928164e-02,1.288614e-03,1.015416e-02,2.688855e-03,1.204528e-03,1.300754e-02,8.239262e-01,4.698815e-02,4.378777e-04,2.875244e-04,8.444110e-04,4.383944e-03,3.124104e-03,2.926223e-04,2.089864e-03
6.579306e-02,9.378080e-04,7.250042e-03,1.936355e-03,9.277783e-04,9.539247e-03,8.678219e-01,3.688747e-02,3.292507e-04,2.069568e-04,6.141904e-04,3.493632e-03,2.425376e-03,2.124429e-04,1.624543e-03
5.415644e-02,7.660771e-04,5.326048e-03,1.531133e-03,7.618788e-04,7.754822e-03,8.900844e-01,3.117396e-02,2.741331e-04,1.588985e-04,5.074673e-04,3.505195e-03,2.279028e-03,1.715116e-04,1.548970e-03
5.690886e-02,1.039716e-03,4.300164e-03,2.044858e-03,9.243191e-04,9.228405e-03,8.790910e-01,3.229055e-02,3.730597e-04,1.816288e-04,6.419824e-04,6.916360e-03,3.646970e-03,1.684457e-04,2.243714e-03
6.277107e-02,2.101875e-03,3.758273e-03,3.988338e-03,1.235330e-03,1.250074e-02,8.470467e-01,3.960472e-02,6.598125e-04,2.664420e-04,1.013088e-03,1.401809e-02,7.422683e-03,2.023876e-04,3.410380e-03
6.976054e-02,4.302527e-03,3.127931e-03,1.117771e-02,1.490000e-03,2.522295e-02,7.598089e-01,4.296321e-02,1.233112e-03,5.114900e-04,2.375561e-03,3.343628e-02,3.759728e-02,2.892577e-04,6.703261e-03
9.585175e-02,6.943895e-03,3.009290e-03,1.792835e-02,2.238374e-03,3.108107e-02,6.419272e-01,4.687642e-02,3.113608e-03,1.216875e-03,7.130032e-03,6.463867e-02,6.284954e-02,7.084376e-04,1.448645e-02
8.687338e-02,8.090688e-03,3.264307e-03,3.134127e-02,4.545704e-03,4.160705e-02,5.434347e-01,3.685749e-02,6.528026e-03,6.899471e-03,1.539026e-02,1.006793e-01,8.901238e-02,1.095388e-03,2.438058e-02
8.313124e-02,8.353090e-03,4.369807e-03,4.160456e-02,8.693917e-03,5.672705e-02,4.420257e-01,2.980553e-02,1.063692e-02,4.396376e-02,2.428522e-02,1.189206e-01,8.993445e-02,2.654051e-03,3.489410e-02
7.768971e-02,9.642499e-03,4.246069e-03,5.547337e-02,1.016082e-02,6.411064e-02,3.325432e-01,2.221587e-02,1.359987e-02,8.712544e-02,2.434691e-02,1.323069e-01,9.611768e-02,3.704642e-03,6.671631e-02
7.759517e-02,8.526024e-03,3.395946e-03,4.838599e-02,9.704159e-03,5.520720e-02,2.361108e-01,1.581803e-02,1.340654e-02,1.970661e-01,2.329724e-02,1.364029e-01,1.068172e-01,4.729010e-03,6.353766e-02
1.035872e-01,6.848085e-03,2.845691e-03,3.929072e-02,1.745877e-02,4.237995e-02,1.660497e-01,1.186234e-02,1.312943e-02,3.359811e-01,1.789757e-02,1.025065e-01,8.381532e-02,4.298077e-03,5.204964e-02
1.424564e-01,6.531641e-03,2.783689e-03,3.568359e-02,1.938249e-02,3.479316e-02,1.171236e-01,8.899313e-03,1.296186e-02,3.839194e-01,1.533392e-02,9.239399e-02,7.059042e-02,4.687297e-03,5.245920e-02
1.280959e-01,5.713274e-03,2.830103e-03,3.254339e-02,2.372580e-02,3.254548e-02,8.311340e-02,6.898269e-03,1.778168e-02,4.480698e-01,1.459296e-02,8.059178e-02,6.882409e-02,6.475440e-03,4.819875e-02
1.001975e-01,4.499816e-03,2.432585e-03,2.747710e-02,2.022463e-02,2.706121e-02,5.847903e-02,5.470524e-03,1.944050e-02,5.447447e-01,1.350234e-02,6.539682e-02,6.323307e-02,6.283900e-03,4.155637e-02
8.553585e-02,4.177102e-03,3.529737e-03,4.693541e-02,2.246174e-02,2.341722e-02,4.162637e-02,8.774611e-03,7.587462e-02,4.849832e-01,2.602899e-02,6.692223e-02,6.961168e-02,5.810108e-03,3.431116e-02
6.237743e-02,1.013452e-02,9.671061e-03,6.718244e-02,2.003253e-02,1.831783e-02,3.003730e-02,1.935720e-02,2.146332e-01,3.549243e-01,3.500587e-02,6.075687e-02,6.496488e-02,4.606946e-03,2.799769e-02
5.039680e-02,9.606601e-03,8.905375e-03,6.534956e-02,1.730067e-02,1.958422e-02,2.136865e-02,1.646600e-02,2.908308e-01,2.659580e-01,6.008811e-02,7.457164e-02,6.146443e-02,4.994333e-03,3.311484e-02
7.183489e-02,1.903338e-02,1.122142e-02,1.076222e-01,1.423970e-02,1.721401e-02,1.529015e-02,1.507721e-02,2.853147e-01,2.117122e-01,5.216415e-02,6.808091e-02,5.830130e-02,4.753212e-03,4.814066e-02
8.475438e-02,2.255623e-02,9.029888e-03,9.408762e-02,1.178695e-02,1.946026e-02,1.117958e-02,1.633610e-02,3.023880e-01,1.565454e-01,6.356873e-02,7.621281e-02,8.517594e-02,4.762428e-03,4.215571e-02
9.386133e-02,2.195951e-02,7.835433e-03,8.246493e-02,1.299711e-02,1.681603e-02,8.549033e-03,3.225922e-02,2.879065e-01,1.179874e-01,9.501815e-02,6.392325e-02,1.081780e-01,6.474309e-03,4.376980e-02
1.298840e-01,3.745835e-02,8.116049e-03,6.120008e-02,1.287881e-02,1.857001e-02,6.628745e-03,3.491600e-02,3.191817e-01,8.794288e-02,7.480218e-02,5.671467e-02,8.953724e-02,1.352796e-02,4.864129e-02
1.273724e-01,3.536857e-02,8.290462e-03,4.427934e-02,1.351521e-02,1.436575e-02,5.819520e-03,1.787271e-01,2.478578e-01,6.667842e-02,6.237748e-02,4.286330e-02,8.864944e-02,1.255248e-02,5.128274e-02
1.267030e-01,4.653561e-02,1.325478e-02,3.316054e-02,1.812882e-02,1.232685e-02,7.287172e-03,2.696685e-01,2.100033e-01,5.126818e-02,5.038646e-02,3.143562e-02,7.129989e-02,9.877345e-03,4.866389e-02
1.385193e-01,5.376158e-02,1.366292e-02,2.672832e-02,2.250143e-02,1.140340e-02,1.136598e-02,3.244214e-01,1.863997e-01,4.104442e-02,3.999561e-02,2.386256e-02,6.046786e-02,8.115508e-03,3.775006e-02
1.849259e-01,4.579161e-02,1.120072e-02,2.518882e-02,2.556658e-02,1.623460e-02,1.010994e-02,3.546970e-01,1.629826e-01,2.966752e-02,3.079460e-02,1.957959e-02,4.624864e-02,6.817513e-03,3.019429e-02
2.006216e-01,4.624135e-02,9.834593e-03,2.538249e-02,2.580736e-02,1.959484e-02,9.599552e-03,3.814890e-01,1.484913e-01,2.264105e-02,2.357570e-02,1.883543e-02,3.743756e-02,5.628974e-03,2.481920e-02
1.932783e-01,3.824802e-02,9.281596e-03,2.520551e-02,2.675035e-02,2.038129e-02,8.820312e-03,4.335919e-01,1.345072e-01,1.706073e-02,2.069722e-02,1.605077e-02,3.083357e-02,5.057340e-03,2.023595e-02
1.727566e-01,3.328871e-02,8.322041e-03,2.335922e-02,3.006431e-02,2.128832e-02,8.743398e-03,4.722624e-01,1.363615e-01,1.295734e-02,1.836625e-02,1.559617e-02,2.667540e-02,4.103559e-03,1.585474e-02
1.885806e-01,2.972883e-02,8.371890e-03,2.116765e-02,2.772437e-02,1.953090e-02,8.654878e-03,4.896489e-01,1.214763e-01,1.005913e-02,1.753132e-02,1.460366e-02,2.647140e-02,3.551656e-03,1.289850e-02
2.155629e-01,2.357714e-02,8.337587e-03,2.172408e-02,2.502879e-02,2.315821e-02,9.223749e-03,4.957150e-01,9.411589e-02,8.088371e-03,1.499689e-02,2.256070e-02,2.291080e-02,3.423889e-03,1.157600e-02
2.237708e-01,1.802059e-02,7.354387e-03,3.120948e-02,2.104737e-02,2.351220e-02,8.044118e-03,4.901277e-01,7.797433e-02,6.511830e-03,1.816886e-02,3.441052e-02,2.653562e-02,3.083540e-03,1.022865e-02
2.350893e-01,1.573700e-02,6.534242e-03,9.630758e-02,2.003546e-02,2.146357e-02,6.553231e-03,3.948241e-01,6.304646e-02,7.150509e-03,2.904746e-02,6.011551e-02,2.900058e-02,3.418391e-03,1.167667e-02
1.959307e-01,1.327569e-02,5.867465e-03,1.938215e-01,1.685955e-02,1.632091e-02,4.944386e-03,2.889020e-01,6.117093e-02,2.116038e-02,4.684535e-02,6.747535e-02,4.521281e-02,3.943648e-03,1.826940e-02
2.484088e-01,1.123278e-02,6.919447e-03,1.527453e-01,1.786160e-02,1.385674e-02,4.282145e-03,2.880837e-01,5.325198e-02,2.017005e-02,5.661568e-02,6.068842e-02,4.189795e-02,5.537573e-03,1.844784e-02
2.672837e-01,9.661975e-03,6.314865e-03,1.202837e-01,1.540721e-02,1.140118e-02,3.421738e-03,2.252616e-01,6.014562e-02,3.819037e-02,6.878430e-02,6.353636e-02,7.888732e-02,1.035592e-02,2.106411e-02
2.390668e-01,7.835343e-03,5.901489e-03,9.467323e-02,1.511633e-02,9.481440e-03,2.866722e-03,1.708509e-01,6.122203e-02,1.262009e-01,6.746954e-02,5.207584e-02,9.869213e-02,2.240101e-02,2.614626e-02
2.460570e-01,6.371212e-03,5.671905e-03,7.746914e-02,1.441261e-02,8.596960e-03,2.619819e-03,1.250539e-01,5.927600e-02,1.205620e-01,6.724070e-02,4.808922e-02,1.520198e-01,2.968999e-02,3.686978e-02
2.920142e-01,8.055294e-03,1.092218e-02,7.129794e-02,2.626087e-02,9.388658e-03,3.324806e-03,9.891749e-02,4.889967e-02,9.230302e-02,6.191530e-02,4.094891e-02,1.728022e-01,2.549859e-02,3.745093e-02
3.523966e-01,9.880735e-03,1.500628e-02,5.619232e-02,3.610175e-02,1.002110e-02,3.832345e-03,9.639900e-02,3.778500e-02,6.687656e-02,5.461778e-02,3.433632e-02,1.637651e-01,2.076734e-02,4.202172e-02
4.100277e-01,9.440467e-03,1.779601e-02,4.141729e-02,4.199217e-02,8.741806e-03,4.049307e-03,7.784232e-02,3.188358e-02,4.968851e-02,4.492003e-02,2.836615e-02,1.598284e-01,1.781727e-02,5.618888e-02
3.354658e-01,9.913867e-03,1.768660e-02,3.068658e-02,7.291891e-02,7.848995e-03,4.414574e-03,6.744856e-02,3.668629e-02,3.633748e-02,3.622257e-02,2.304039e-02,2.083400e-01,1.419255e-02,9.879684e-02
2.669507e-01,9.586535e-03,1.767400e-02,2.410888e-02,1.494763e-01,7.087123e-03,4.927971e-03,6.160110e-02,3.734256e-02,2.605863e-02,2.880248e-02,1.902704e-02,2.171644e-01,1.106764e-02,1.191245e-01
2.305976e-01,8.914245e-03,1.658379e-02,2.213589e-02,1.919461e-01,7.248521e-03,4.633153e-03,1.028299e-01,4.550389e-02,1.913526e-02,2.312420e-02,1.765033e-02,1.920343e-01,9.064099e-03,1.085987e-01
2.006281e-01,1.016498e-02,1.809661e-02,2.059476e-02,1.964661e-01,7.332023e-03,5.553325e-03,1.812633e-01,4.580132e-02,1.464128e-02,1.848311e-02,1.684528e-02,1.653934e-01,7.545352e-03,9.119096e-02
1.724107e-01,2.472857e-02,3.827892e-02,6.374876e-02,2.169745e-01,7.934840e-03,6.446130e-03,1.465761e-01,5.095625e-02,1.266922e-02,1.752676e-02,2.073530e-02,1.268950e-01,5.931986e-03,8.818694e-02
1.725616e-01,2.056168e-02,3.976165e-02,9.630287e-02,2.061753e-01,7.636908e-03,5.402418e-03,1.608884e-01,6.856745e-02,1.046596e-02,2.134529e-02,1.982264e-02,9.946156e-02,5.273866e-03,6.577232e-02
1.994215e-01,1.926227e-02,3.469860e-02,9.016751e-02,2.093616e-01,7.853397e-03,5.770273e-03,1.642028e-01,8.351222e-02,8.247221e-03,1.990754e-02,1.707138e-02,8.350349e-02,4.262245e-03,5.275794e-02
1.940610e-01,2.501376e-02,5.045450e-02,1.450477e-01,1.743342e-01,7.445546e-03,5.264189e-03,1.481579e-01,1.039151e-01,1.073517e-02,1.671460e-02,1.356996e-02,6.046193e-02,3.419003e-03,4.140540e-02
2.053247e-01,2.338974e-02,5.880482e-02,1.303046e-01,1.527276e-01,6.398208e-03,4.877212e-03,1.639584e-01,1.406831e-01,9.810826e-03,1.377515e-02,1.072209e-02,4.507742e-02,2.710385e-03,3.143574e-02
2.127851e-01,2.139998e-02,6.461152e-02,1.120763e-01,1.519798e-01,5.269403e-03,4.535109e-03,1.666298e-01,1.745068e-01,7.593012e-03,1.143929e-02,8.971781e-03,3.300097e-02,2.223417e-03,2.297765e-02
2.265640e-01,1.627171e-02,6.250186e-02,9.822767e-02,1.339065e-01,4.551622e-03,3.565834e-03,2.487164e-01,1.394496e-01,6.046394e-03,9.186932e-03,8.373794e-03,2.449113e-02,1.711649e-03,1.643484e-02
2.059960e-01,1.204015e-02,5.264615e-02,8.012660e-02,1.049801e-01,3.969746e-03,2.784020e-03,3.869843e-01,1.011845e-01,4.442892e-03,6.920259e-03,7.080137e-03,1.786058e-02,1.263643e-03,1.172090e-02
2.145021e-01,8.770970e-03,3.900002e-02,5.910007e-02,7.978369e-02,3.554541e-03,2.538414e-03,4.846430e-01,7.209668e-02,3.158880e-03,5.313431e-03,5.486470e-03,1.285455e-02,9.128726e-04,8.284240e-03
2.300504e-01,6.443435e-03,2.862592e-02,4.312286e-02,6.172755e-02,3.385855e-03,2.420199e-03,5.462037e-01,5.142852e-02,2.245373e-03,4.068303e-03,4.311292e-03,9.361382e-03,6.747190e-04,5.930373e-03
2.759933e-01,5.289604e-03,2.306348e-02,3.262929e-02,4.954232e-02,5.611367e-03,4.047108e-03,5.439984e-01,3.834757e-02,1.653219e-03,3.428414e-03,4.081068e-03,7.170795e-03,5.800168e-04,4.563957e-03
3.058305e-01,3.964738e-03,1.659476e-02,2.499491e-02,3.533564e-02,6.196265e-03,3.045048e-03,5.018849e-01,2.801930e-02,1.374616e-03,8.051409e-03,2.582533e-02,3.399318e-02,1.326987e-03,3.562306e-03
2.447415e-01,3.477044e-03,1.242681e-02,2.336047e-02,2.591652e-02,8.075723e-03,4.160971e-03,4.526640e-01,2.200560e-02,3.559770e-03,1.591379e-02,1.014917e-01,7.266707e-02,5.026862e-03,4.512219e-03
1.799102e-01,3.269064e-03,9.127823e-03,2.374104e-02,1.915874e-02,9.771344e-03,8.193377e-03,3.208680e-01,1.825881e-02,1.517599e-02,2.231722e-02,1.264885e-01,2.280798e-01,8.466229e-03,7.173872e-03
1.439153e-01,3.005853e-03,7.284207e-03,2.412758e-02,1.480299e-02,8.592268e-03,9.139676e-03,2.259860e-01,1.817507e-02,6.539230e-02,2.261445e-02,1.393346e-01,2.904481e-01,1.324728e-02,1.393431e-02
1.050787e-01,2.608395e-03,5.649693e-03,1.760589e-02,1.283717e-02,6.422509e-03,7.298881e-03,1.591410e-01,2.317646e-02,7.473640e-02,2.351713e-02,1.544440e-01,3.594406e-01,2.467196e-02,2.337128e-02
7.880083e-02,3.375016e-03,4.937637e-03,1.325508e-02,1.156672e-02,6.486393e-03,6.250930e-03,1.120183e-01,1.977200e-02,2.251824e-01,2.595025e-02,1.768198e-01,2.665192e-01,2.920192e-02,1.986354e-02
7.184646e-02,3.759355e-03,4.180392e-03,9.672642e-03,1.189073e-02,7.302642e-03,5.631245e-03,7.936930e-02,1.667476e-02,2.813684e-01,4.699026e-02,1.943159e-01,1.933616e-01,5.702300e-02,1.661333e-02
6.441087e-02,3.279772e-03,4.468478e-03,7.265214e-03,1.337719e-02,1.213818e-02,5.307873e-03,5.949685e-02,1.463742e-02,2.233421e-01,1.550725e-01,1.979368e-01,1.408119e-01,8.583726e-02,1.261756e-02
4.618216e-02,2.474322e-03,3.414940e-03,5.246720e-03,1.105808e-02,1.249807e-02,4.101567e-03,4.204671e-02,1.331440e-02,1.666865e-01,2.570237e-01,1.999760e-01,1.001784e-01,1.265534e-01,9.244948e-03
3.263109e-02,2.873708e-03,2.661855e-03,3.821550e-03,8.937645e-03,1.005974e-02,2.922003e-03,2.948316e-02,1.978988e-02,1.179184e-01,3.002451e-01,1.950673e-01,7.045560e-02,1.958758e-01,7.257029e-03
2.341717e-02,5.473534e-03,2.131413e-03,2.873949e-03,7.329518e-03,9.269084e-03,2.109815e-03,2.069647e-02,2.814309e-02,8.640317e-02,3.781619e-01,1.569007e-01,4.984865e-02,2.208521e-01,6.389378e-03
1.730457e-02,6.573221e-03,1.625450e-03,2.211179e-03,7.520247e-03,7.002498e-03,1.543947e-03,1.451956e-02,3.578789e-02,6.870478e-02,4.022020e-01,1.266635e-01,3.540894e-02,2.658341e-01,7.098051e-03
1.236956e-02,5.095488e-03,1.195468e-03,1.765495e-03,5.727957e-03,5.661929e-03,1.093365e-03,1.017455e-02,3.489209e-02,5.188839e-02,5.033218e-01,1.010118e-01,2.541524e-02,2.341366e-01,6.250178e-03
8.933876e-03,7.356599e-03,9.979529e-04,1.547345e-03,5.015741e-03,4.555644e-03,7.910886e-04,7.159122e-03,8.178671e-02,3.999227e-02,4.777627e-01,1.087669e-01,1.801807e-02,2.304475e-01,6.868337e-03
6.382533e-03,7.031784e-03,8.384790e-04,1.268743e-03,4.241974e-03,4.252049e-03,5.660094e-04,5.065224e-03,8.887187e-02,3.154117e-02,4.879817e-01,1.046464e-01,1.291705e-02,2.370380e-01,7.357022e-03
4.574708e-03,9.283749e-03,7.942807e-04,9.834087e-04,3.958341e-03,6.189729e-03,4.332011e-04,3.589587e-03,1.175030e-01,2.799302e-02,4.800817e-01,9.940621e-02,9.583094e-03,2.293515e-01,6.274389e-03
3.295399e-03,8.180149e-03,5.997455e-04,7.545865e-04,3.051777e-03,6.164735e-03,3.106054e-04,2.521883e-03,9.629582e-02,2.126654e-02,5.143100e-01,9.361595e-02,7.464462e-03,2.373442e-01,4.824116e-03
2.395672e-03,6.488853e-03,4.609032e-04,6.356774e-04,2.336725e-03,4.998449e-03,2.207235e-04,1.768269e-03,7.385766e-02,1.664029e-02,5.634156e-01,7.599957e-02,6.235671e-03,2.408025e-01,3.743403e-03
1.782039e-03,5.604786e-03,3.436663e-04,4.852432e-04,1.750136e-03,5.204198e-03,1.569913e-04,1.241431e-03,5.995196e-02,1.255797e-02,6.080102e-01,6.802127e-02,5.082017e-03,2.270626e-01,2.745423e-03
1.390277e-03,8.583318e-03,3.529010e-04,3.634222e-04,1.348595e-03,1.540473e-02,1.200581e-04,8.805146e-04,6.601256e-02,1.157122e-02,5.892223e-01,5.779795e-02,3.913893e-03,2.409695e-01,2.068740e-03
1.115853e-03,1.298484e-02,3.224705e-04,2.781884e-04,1.041122e-03,7.788547e-02,9.817328e-05,6.403469e-04,1.081664e-01,1.141058e-02,5.184470e-01,4.861112e-02,3.056864e-03,2.142887e-01,1.652968e-03
1.231214e-03,1.893478e-02,9.308644e-04,4.466751e-04,1.656118e-03,9.180076e-02,4.543616e-04,1.927683e-03,2.652691e-01,1.360642e-02,3.935745e-01,3.629653e-02,2.250789e-03,1.701234e-01,1.496813e-03
3.960478e-03,3.379313e-02,7.410645e-03,1.545000e-03,5.347469e-03,1.798838e-01,1.459610e-03,5.861574e-03,3.037487e-01,1.467520e-02,2.837463e-01,2.621139e-02,1.969615e-03,1.274766e-01,2.910449e-03
5.789963e-03,4.532108e-02,1.664601e-02,2.144563e-02,8.869322e-03,2.277413e-01,1.335040e-03,9.813296e-03,3.259379e-01,1.541697e-02,2.034089e-01,1.915781e-02,2.072762e-03,9.157817e-02,5.465944e-03
6.286504e-03,5.080286e-02,1.264488e-02,2.897296e-02,8.360659e-03,3.427499e-01,9.909614e-04,1.730944e-02,2.567183e-01,2.191538e-02,1.506204e-01,1.788746e-02,2.550426e-03,6.994335e-02,1.224657e-02
7.558877e-03,4.552511e-02,1.019607e-02,2.399207e-02,1.301847e-02,3.695089e-01,9.343814e-04,7.961459e-02,2.319911e-01,2.454768e-02,1.088255e-01,1.385138e-02,2.723475e-03,5.150720e-02,1.620527e-02
1.175895e-02,4.238265e-02,9.189463e-03,2.026663e-02,1.437254e-02,2.982962e-01,8.859679e-04,2.298810e-01,2.088759e-01,1.847653e-02,7.972448e-02,1.069311e-02,3.462840e-03,3.842210e-02,1.331169e-02
9.943226e-03,3.025323e-02,7.356510e-03,1.566149e-02,1.091459e-02,2.107788e-01,6.990806e-04,4.472897e-01,1.495208e-01,1.303565e-02,5.689188e-02,8.060574e-03,2.792060e-03,2.717136e-02,9.630978e-03
1.068385e-02,2.378247e-02,6.061152e-03,1.340878e-02,9.418359e-03,1.500444e-01,6.089284e-04,5.880837e-01,1.121317e-01,9.451385e-03,4.030206e-02,5.862452e-03,2.415084e-03,1.929298e-02,8.452584e-03
1.264392e-02,1.831826e-02,4.620105e-03,1.074960e-02,8.580199e-03,1.058856e-01,4.951755e-04,6.871671e-01,8.776593e-02,6.712778e-03,2.944638e-02,4.321606e-03,2.052456e-03,1.474414e-02,6.496758e-03
1.989040e-02,1.314673e-02,3.697202e-03,8.661192e-03,7.599736e-03,7.873483e-02,5.348341e-04,7.551228e-01,6.421634e-02,4.727143e-03,2.144989e-02,3.531507e-03,2.091710e-03,1.176876e-02,4.826927e-03
3.149049e-02,1.089384e-02,4.124795e-03,8.609110e-03,1.360248e-02,6.115593e-02,9.443652e-04,7.755637e-01,5.148187e-02,3.402343e-03,1.724686e-02,3.870580e-03,3.123577e-03,1.032161e-02,4.168367e-03
4.245277e-02,1.218622e-02,4.379991e-03,7.859034e-03,3.724113e-02,4.580624e-02,1.898427e-03,7.671776e-01,4.463999e-02,2.552779e-03,1.342466e-02,3.083735e-03,3.588969e-03,1.043293e-02,3.275577e-03
4.623635e-02,1.334613e-02,5.318204e-03,6.436763e-03,3.871875e-02,3.316323e-02,2.562854e-03,7.898363e-01,3.480310e-02,1.848568e-03,9.967112e-03,2.332130e-03,2.918866e-03,9.962448e-03,2.549214e-03
5.392897e-02,1.324516e-02,6.000987e-03,5.553896e-03,3.367883e-02,2.419189e-02,2.902445e-03,8.070024e-01,3.037170e-02,1.330302e-03,7.299888e-03,1.861625e-03,2.306859e-03,8.255642e-03,2.069397e-03
4.931060e-02,9.745496e-03,8.758195e-03,8.158412e-03,2.856372e-02,1.793039e-02,3.155129e-03,8.348414e-01,2.234070e-02,1.020142e-03,5.307197e-03,1.572714e-03,1.900499e-03,5.866861e-03,1.528604e-03
7.670749e-02,8.967521e-03,9.682147e-03,1.073027e-02,2.535938e-02,1.607088e-02,3.091836e-03,8.150039e-01,1.751385e-02,9.911853e-04,5.060576e-03,2.784858e-03,2.119341e-03,4.350881e-03,1.565875e-03
1.271743e-01,7.346894e-03,9.806792e-03,1.014439e-02,1.998460e-02,2.122305e-02,2.699498e-03,7.565739e-01,1.388586e-02,1.260343e-03,7.919433e-03,9.333126e-03,6.514252e-03,3.953485e-03,2.180022e-03
1.934297e-01,6.279365e-03,7.422073e-03,9.394014e-03,1.586360e-02,2.494168e-02,2.310359e-03,6.188443e-01,1.179413e-02,1.325893e-03,1.378415e-02,2.719186e-02,6.085265e-02,3.605362e-03,2.960808e-03
1.729287e-01,5.191444e-03,5.747959e-03,1.278504e-02,1.610208e-02,3.472904e-02,3.845717e-03,4.593091e-01,1.303937e-02,1.595202e-03,1.669355e-02,1.814811e-01,7.025288e-02,3.255516e-03,3.043388e-03
1.296240e-01,4.304389e-03,4.701857e-03,1.429418e-02,1.357655e-02,3.182717e-02,3.127794e-03,3.251451e-01,2.884119e-02,3.631338e-03,4.714139e-02,1.855010e-01,1.992726e-01,4.299358e-03,4.712103e-03
9.427967e-02,3.873552e-03,3.973774e-03,1.558227e-02,1.131408e-02,2.872793e-02,2.824219e-03,2.308381e-01,3.938530e-02,3.962989e-03,8.236415e-02,1.597299e-01,2.964845e-01,1.824358e-02,8.416065e-03
7.946309e-02,5.906711e-03,3.563829e-03,1.344819e-02,1.256278e-02,2.570081e-02,2.803274e-03,1.698336e-01,6.803855e-02,5.517786e-03,1.265291e-01,1.708111e-01,2.301903e-01,7.330854e-02,1.232236e-02
8.647330e-02,5.266448e-03,3.325359e-03,1.172926e-02,1.228677e-02,2.098169e-02,2.794127e-03,1.254604e-01,5.313744e-02,6.100288e-03,1.853798e-01,1.669457e-01,1.774938e-01,1.279161e-01,1.470962e-02
6.410386e-02,3.964068e-03,2.924945e-03,8.653371e-03,9.891996e-03,1.547355e-02,2.871340e-03,9.055480e-02,4.063045e-02,5.897039e-03,1.517927e-01,1.905251e-01,1.370846e-01,2.627707e-01,1.286141e-02
4.780455e-02,3.031120e-03,2.277256e-03,6.296777e-03,8.445386e-03,1.141120e-02,2.585178e-03,6.456581e-02,3.313100e-02,2.106321e-02,2.455077e-01,1.586861e-01,1.011094e-01,2.813694e-01,1.271594e-02
3.785137e-02,2.467715e-03,1.829979e-03,4.613655e-03,6.203391e-03,8.950580e-03,2.087833e-03,4.610790e-02,2.997199e-02,2.239888e-02,2.113980e-01,1.310173e-01,7.511611e-02,4.079375e-01,1.204785e-02
2.789720e-02,1.043915e-02,1.788341e-03,3.354496e-03,5.341997e-03,7.041917e-03,1.562547e-03,3.263302e-02,3.266170e-02,1.899250e-02,2.440149e-01,1.155308e-01,5.365614e-02,4.284118e-01,1.667365e-02
2.250798e-02,9.480439e-03,1.520267e-03,2.849806e-03,4.610810e-03,6.751513e-03,1.183036e-03,2.312626e-02,4.082149e-02,1.545017e-02,2.500535e-01,1.038881e-01,3.881321e-02,4.632804e-01,1.566300e-02
1.743642e-02,7.522605e-03,1.230011e-03,2.760706e-03,3.589440e-03,8.910452e-03,8.499736e-04,1.628140e-02,4.496574e-02,1.216509e-02,2.825076e-01,8.010759e-02,2.804017e-02,4.814317e-01,1.220115e-02
1.277308e-02,8.837705e-03,1.895875e-03,2.215587e-03,2.956542e-03,1.015280e-02,6.108225e-04,1.144495e-02,6.512202e-02,9.085231e-03,2.582524e-01,5.792280e-02,2.014208e-02,5.295828e-01,9.005360e-03
1.073307e-02,8.427059e-03,2.082470e-03,2.026893e-03,2.983072e-03,9.590864e-03,4.491137e-04,8.138004e-03,8.001456e-02,6.866382e-03,2.189111e-01,4.146964e-02,1.441608e-02,5.872810e-01,6.610647e-03
8.080904e-03,8.945908e-03,2.888218e-03,1.579253e-03,2.865450e-03,1.148067e-02,3.207106e-04,5.798527e-03,1.593482e-01,5.080523e-03,1.742541e-01,2.973423e-02,1.031100e-02,5.745333e-01,4.779004e-03
6.594358e-03,8.029632e-03,3.750316e-03,1.291180e-03,3.075690e-03,1.512247e-02,2.306909e-04,4.171207e-03,2.289835e-01,3.794166e-03,1.451523e-01,2.103832e-02,7.349718e-03,5.479805e-01,3.435934e-03
5.729974e-03,1.310484e-02,6.465203e-03,1.837357e-03,4.165990e-03,2.271828e-02,2.007800e-04,3.396349e-03,3.056434e-01,3.546755e-03,1.399543e-01,1.564185e-02,5.320433e-03,4.692125e-01,3.062011e-03
6.304362e-03,2.654029e-02,2.124531e-02,5.509694e-03,9.578136e-03,4.453296e-02,5.129696e-04,1.393887e-02,3.588922e-01,4.575373e-03,1.140384e-01,1.169434e-02,4.020228e-03,3.748718e-01,3.745107e-03
1.006207e-02,3.998958e-02,2.976315e-02,2.000958e-02,1.907274e-02,5.863762e-02,5.146370e-04,1.245305e-02,3.875071e-01,6.571989e-03,9.594979e-02,9.647348e-03,3.206169e-03,2.963041e-01,1.031105e-02
1.761633e-02,4.891552e-02,2.965754e-02,1.841836e-02,1.640294e-02,8.955948e-02,4.443366e-04,1.444318e-02,4.071515e-01,1.296793e-02,8.594470e-02,7.258977e-03,2.618294e-03,2.204700e-01,2.813103e-02
2.598817e-02,4.512937e-02,2.775236e-02,1.495635e-02,1.433819e-02,1.478069e-01,4.169175e-04,1.302592e-02,4.006953e-01,1.588903e-02,8.553797e-02,5.360620e-03,2.142701e-03,1.643750e-01,3.658525e-02
3.653964e-02,3.881996e-02,2.183786e-02,1.288810e-02,1.872905e-02,1.598074e-01,3.910090e-04,1.429307e-02,4.203582e-01,1.392882e-02,9.447888e-02,4.133012e-03,2.749100e-03,1.224134e-01,3.863259e-02
4.040391e-02,3.690752e-02,1.699270e-02,1.085413e-02,2.212722e-02,1.909286e-01,3.375333e-04,1.829361e-02,3.863331e-01,1.130089e-02,1.305198e-01,3.345123e-03,2.880521e-03,9.370511e-02,3.507026e-02
4.138356e-02,3.524427e-02,1.367535e-02,8.731923e-03,2.368206e-02,2.544597e-01,2.905244e-04,1.779637e-02,3.570518e-01,9.640998e-03,1.179705e-01,2.492820e-03,2.774058e-03,7.167654e-02,4.312959e-02
5.581857e-02,3.501716e-02,1.153087e-02,8.114243e-03,2.260341e-02,3.618815e-01,2.883984e-04,2.151603e-02,2.768295e-01,7.265385e-03,9.271491e-02,2.385468e-03,2.736028e-03,5.452175e-02,4.677685e-02
8.194724e-02,4.407639e-02,1.026535e-02,6.799120e-03,1.994959e-02,4.295404e-01,3.108920e-04,1.841251e-02,2.152511e-01,5.281387e-03,7.400001e-02,2.937158e-03,2.580630e-03,4.666283e-02,4.198542e-02
1.139472e-01,6.594278e-02,1.113269e-02,2.113976e-02,6.636016e-02,3.466617e-01,1.110835e-03,2.806098e-02,1.782144e-01,4.076404e-03,6.081217e-02,6.466473e-03,3.746080e-03,4.689640e-02,4.543199e-02
1.666532e-01,7.960975e-02,2.189609e-02,2.798662e-02,6.016716e-02,3.119677e-01,1.694581e-03,2.862743e-02,1.371385e-01,3.512671e-03,4.819990e-02,7.717524e-03,3.989656e-03,4.783729e-02,5.300184e-02
1.280380e-01,7.544896e-02,2.716323e-02,2.112299e-02,4.648754e-02,2.345925e-01,1.293902e-03,2.061652e-02,1.079654e-01,5.985505e-03,5.396308e-02,7.028549e-03,4.196275e-03,1.848111e-01,8.128645e-02
9.967455e-02,6.489141e-02,2.262870e-02,1.539784e-02,3.436840e-02,1.683089e-01,1.078765e-03,1.504369e-02,1.073504e-01,8.964119e-03,7.013440e-02,5.941305e-03,4.992618e-03,2.889538e-01,9.227109e-02
7.552101e-02,4.613179e-02,1.619429e-02,1.096549e-02,2.459031e-02,1.183225e-01,7.970148e-04,1.066747e-02,8.715011e-02,1.466166e-02,6.417461e-02,4.670162e-03,3.928547e-03,4.316300e-01,9.059502e-02
5.388937e-02,3.261698e-02,1.147076e-02,7.821077e-03,1.758939e-02,8.305697e-02,5.830331e-04,7.511156e-03,6.497168e-02,6.961276e-02,7.627868e-02,4.791008e-03,3.625547e-03,4.741938e-01,9.198783e-02
3.828320e-02,2.292033e-02,8.222480e-03,5.641951e-03,1.292832e-02,5.835315e-02,5.029760e-04,5.313044e-03,4.934977e-02,1.239738e-01,1.453217e-01,5.415086e-03,3.699837e-03,4.436352e-01,7.643911e-02
2.744409e-02,1.614461e-02,6.032217e-03,4.088183e-03,1.122284e-02,4.130611e-02,7.523503e-04,3.766127e-03,3.682793e-02,1.647932e-01,1.972949e-01,6.342872e-03,3.746530e-03,4.108867e-01,6.935132e-02
1.994369e-02,1.142698e-02,4.340590e-03,3.035362e-03,1.303769e-02,2.960042e-02,1.681659e-03,2.730318e-03,2.853141e-02,2.734033e-01,1.670500e-01,5.254861e-03,2.934621e-03,3.861182e-01,5.091092e-02
1.809451e-02,8.101041e-03,3.191464e-03,2.465530e-03,1.560348e-02,2.182994e-02,3.458774e-03,2.025293e-03,2.081551e-02,3.438990e-01,1.410166e-01,5.366845e-03,2.977813e-03,3.723224e-01,3.883178e-02
4.185019e-02,6.690736e-03,2.593736e-03,2.268840e-03,1.284548e-02,2.107422e-02,3.225773e-03,1.632274e-03,1.785813e-02,3.368508e-01,1.758332e-01,1.674000e-02,7.399251e-03,3.150589e-01,3.807846e-02
9.813973e-02,6.376964e-03,2.127796e-03,2.501213e-03,9.839968e-03,1.779855e-02,2.373264e-03,1.381452e-03,1.672142e-02,3.205569e-01,2.161657e-01,3.239552e-02,7.522844e-03,2.324953e-01,3.360337e-02
7.797226e-02,7.265384e-03,2.142465e-03,2.332901e-03,8.976069e-03,1.605199e-02,1.791613e-03,1.053466e-03,1.486045e-02,4.120778e-01,2.093601e-01,3.575244e-02,7.858407e-03,1.743808e-01,2.812382e-02
5.915006e-02,8.182110e-03,2.018788e-03,1.823809e-03,7.806584e-03,1.328176e-02,1.312705e-03,8.085334e-04,1.246798e-02,4.793888e-01,2.244887e-01,2.893387e-02,6.867982e-03,1.322987e-01,2.116968e-02
4.601713e-02,1.211964e-02,1.929263e-03,1.628066e-03,6.680890e-03,1.117894e-02,9.856316e-04,6.348458e-04,1.572875e-02,5.298377e-01,2.272275e-01,2.479697e-02,6.584332e-03,9.775691e-02,1.689341e-02
3.582934e-02,2.535025e-02,1.638379e-03,1.548643e-03,5.744809e-03,9.158595e-03,7.648137e-04,5.229529e-04,2.256823e-02,6.008874e-01,1.863318e-01,2.122507e-02,5.404566e-03,6.966764e-02,1.335749e-02
2.645640e-02,1.180833e-01,1.941379e-03,1.514678e-03,4.583052e-03,1.150340e-02,6.253474e-04,4.254209e-04,2.370091e-02,5.871679e-01,1.393777e-01,1.595173e-02,5.137615e-03,5.001403e-02,1.351704e-02
2.041325e-02,1.089897e-01,1.704962e-03,2.204502e-03,4.539218e-03,1.336495e-02,5.190164e-04,4.145227e-04,3.595772e-02,6.286129e-01,1.128759e-01,1.501879e-02,5.579728e-03,3.710450e-02,1.270037e-02
1.515322e-02,2.044228e-01,2.485208e-03,1.870620e-03,3.516833e-03,9.726901e-03,4.061335e-04,3.608713e-04,3.216593e-02,5.668284e-01,9.777839e-02,1.216343e-02,5.250611e-03,3.032322e-02,1.754736e-02
1.139888e-02,3.225582e-01,4.200072e-03,3.819671e-03,4.009931e-03,7.697079e-03,3.651050e-04,1.101297e-03,5.777983e-02,4.526560e-01,8.314529e-02,9.348076e-03,4.409341e-03,2.226042e-02,1.525076e-02
