1.000000e+00,0.000000e+00,0.000000e+00,0.000000e+00,0.000000e+00,0.000000e+00,0.000000e+00,0.000000e+00,0.000000e+00,0.000000e+00,0.000000e+00,0.000000e+00,0.000000e+00,0.000000e+00,0.000000e+00
1.000000e+00,0.000000e+00,0.000000e+00,0.000000e+00,0.000000e+00,0.000000e+00,0.000000e+00,0.000000e+00,0.000000e+00,0.000000e+00,0.000000e+00,0.000000e+00,0.000000e+00,0.000000e+00,0.000000e+00
1.000000e+00,0.000000e+00,0.000000e+00,0.000000e+00,0.000000e+00,0.000000e+00,0.000000e+00,0.000000e+00,0.000000e+00,0.000000e+00,0.000000e+00,0.000000e+00,0.000000e+00,0.000000e+00,0.000000e+00
1.000000e+00,0.000000e+00,0.000000e+00,0.000000e+00,0.000000e+00,0.000000e+00,0.000000e+00,0.000000e+00,0.000000e+00,0.000000e+00,0.000000e+00,0.000000e+00,0.000000e+00,0.000000e+00,0.000000e+00
1.000000e+00,0.000000e+00,0.000000e+00,0.000000e+00,0.000000e+00,0.000000e+00,0.000000e+00,0.000000e+00,0.000000e+00,0.000000e+00,0.000000e+00,0.000000e+00,0.000000e+00,0.000000e+00,0.000000e+00
1.000000e+00,0.000000e+00,0.000000e+00,0.000000e+00,0.000000e+00,0.000000e+00,0.000000e+00,0.000000e+00,0.000000e+00,0.000000e+00,0.000000e+00,0.000000e+00,0.000000e+00,0.000000e+00,0.000000e+00
1.000000e+00,0.000000e+00,0.000000e+00,0.000000e+00,0.000000e+00,0.000000e+00,0.000000e+00,0.000000e+00,0.000000e+00,0.000000e+00,0.000000e+00,0.000000e+00,0.000000e+00,0.000000e+00,0.000000e+00
1.000000e+00,0.000000e+00,0.000000e+00,0.000000e+00,0.000000e+00,0.000000e+00,0.000000e+00,0.000000e+00,0.000000e+00,0.000000e+00,0.000000e+00,0.000000e+00,0.000000e+00,0.000000e+00,0.000000e+00
1.000000e+00,0.000000e+00,0.000000e+00,0.000000e+00,0.000000e+00,0.000000e+00,0.000000e+00,0.000000e+00,0.000000e+00,0.000000e+00,0.000000e+00,0.000000e+00,0.000000e+00,0.000000e+00,0.000000e+00
1.000000e+00,0.000000e+00,0.000000e+00,0.000000e+00,0.000000e+00,0.000000e+00,0.000000e+00,0.000000e+00,0.000000e+00,0.000000e+00,0.000000e+00,0.000000e+00,0.000000e+00,0.000000e+00,0.000000e+00
1.000000e+00,0.000000e+00,0.000000e+00,0.000000e+00,0.000000e+00,0.000000e+00,0.000000e+00,0.000000e+00,0.000000e+00,0.000000e+00,0.000000e+00,0.000000e+00,0.000000e+00,0.000000e+00,0.000000e+00
1.000000e+00,0.000000e+00,0.000000e+00,0.000000e+00,0.000000e+00,0.000000e+00,0.000000e+00,0.000000e+00,0.000000e+00,0.000000e+00,0.000000e+00,0.000000e+00,0.000000e+00,0.000000e+00,0.000000e+00
1.000000e+00,0.000000e+00,0.000000e+00,0.000000e+00,0.000000e+00,0.000000e+00,0.000000e+00,0.000000e+00,0.000000e+00,0.000000e+00,0.000000e+00,0.000000e+00,0.000000e+00,0.000000e+00,0.000000e+00
1.000000e+00,0.000000e+00,0.000000e+00,0.000000e+00,0.000000e+00,0.000000e+00,0.000000e+00,0.000000e+00,0.000000e+00,0.000000e+00,0.000000e+00,0.000000e+00,0.000000e+00,0.000000e+00,0.000000e+00
1.000000e+00,0.000000e+00,0.000000e+00,0.000000e+00,0.000000e+00,0.000000e+00,0.000000e+00,0.000000e+00,0.000000e+00,0.000000e+00,0.000000e+00,0.000000e+00,0.000000e+00,0.000000e+00,0.000000e+00
1.000000e+00,0.000000e+00,0.000000e+00,0.000000e+00,0.000000e+00,0.000000e+00,0.000000e+00,0.000000e+00,0.000000e+00,0.000000e+00,0.000000e+00,0.000000e+00,0.000000e+00,0.000000e+00,0.000000e+00
1.000000e+00,0.000000e+00,0.000000e+00,0.000000e+00,0.000000e+00,0.000000e+00,0.000000e+00,0.000000e+00,0.000000e+00,0.000000e+00,0.000000e+00,0.000000e+00,0.000000e+00,0.000000e+00,0.000000e+00
1.000000e+00,0.000000e+00,0.000000e+00,0.000000e+00,0.000000e+00,0.000000e+00,0.000000e+00,0.000000e+00,0.000000e+00,0.000000e+00,0.000000e+00,0.000000e+00,0.000000e+00,0.000000e+00,0.000000e+00
1.000000e+00,0.000000e+00,0.000000e+00,0.000000e+00,0.000000e+00,0.000000e+00,0.000000e+00,0.000000e+00,0.000000e+00,0.000000e+00,0.000000e+00,0.000000e+00,0.000000e+00,0.000000e+00,0.000000e+00
1.000000e+00,0.000000e+00,0.000000e+00,0.000000e+00,0.000000e+00,0.000000e+00,0.000000e+00,0.000000e+00,0.000000e+00,0.000000e+00,0.000000e+00,0.000000e+00,0.000000e+00,0.000000e+00,0.000000e+00
1.000000e+00,0.000000e+00,0.000000e+00,0.000000e+00,0.000000e+00,0.000000e+00,0.000000e+00,0.000000e+00,0.000000e+00,0.000000e+00,0.000000e+00,0.000000e+00,0.000000e+00,0.000000e+00,0.000000e+00
1.000000e+00,0.000000e+00,0.000000e+00,0.000000e+00,0.000000e+00,0.000000e+00,0.000000e+00,0.000000e+00,0.000000e+00,0.000000e+00,0.000000e+00,0.000000e+00,0.000000e+00,0.000000e+00,0.000000e+00
1.000000e+00,0.000000e+00,0.000000e+00,0.000000e+00,0.000000e+00,0.000000e+00,0.000000e+00,0.000000e+00,0.000000e+00,0.000000e+00,0.000000e+00,0.000000e+00,0.000000e+00,0.000000e+00,0.000000e+00
1.000000e+00,0.000000e+00,0.000000e+00,0.000000e+00,0.000000e+00,0.000000e+00,0.000000e+00,0.000000e+00,0.000000e+00,0.000000e+00,0.000000e+00,0.000000e+00,0.000000e+00,0.000000e+00,0.000000e+00
1.000000e+00,0.000000e+00,0.000000e+00,0.000000e+00,0.000000e+00,0.000000e+00,0.000000e+00,0.000000e+00,0.000000e+00,0.000000e+00,0.000000e+00,0.000000e+00,0.000000e+00,0.000000e+00,0.000000e+00
1.000000e+00,0.000000e+00,0.000000e+00,0.000000e+00,0.000000e+00,0.000000e+00,0.000000e+00,0.000000e+00,0.000000e+00,0.000000e+00,0.000000e+00,0.000000e+00,0.000000e+00,0.000000e+00,0.000000e+00
1.000000e+00,0.000000e+00,0.000000e+00,0.000000e+00,0.000000e+00,0.000000e+00,0.000000e+00,0.000000e+00,0.000000e+00,0.000000e+00,0.000000e+00,0.000000e+00,0.000000e+00,0.000000e+00,0.000000e+00
1.000000e+00,0.000000e+00,0.000000e+00,0.000000e+00,0.000000e+00,0.000000e+00,0.000000e+00,0.000000e+00,0.000000e+00,0.000000e+00,0.000000e+00,0.000000e+00,0.000000e+00,0.000000e+00,0.000000e+00
1.000000e+00,0.000000e+00,0.000000e+00,0.000000e+00,0.000000e+00,0.000000e+00,0.000000e+00,0.000000e+00,0.000000e+00,0.000000e+00,0.000000e+00,0.000000e+00,0.000000e+00,0.000000e+00,0.000000e+00
1.000000e+00,0.000000e+00,0.000000e+00,0.000000e+00,0.000000e+00,0.000000e+00,0.000000e+00,0.000000e+00,0.000000e+00,0.000000e+00,0.000000e+00,0.000000e+00,0.000000e+00,0.000000e+00,0.000000e+00
1.000000e+00,0.000000e+00,0.000000e+00,0.000000e+00,0.000000e+00,0.000000e+00,0.000000e+00,0.000000e+00,0.000000e+00,0.000000e+00,0.000000e+00,0.000000e+00,0.000000e+00,0.000000e+00,0.000000e+00
1.000000e+00,0.000000e+00,0.000000e+00,0.000000e+00,0.000000e+00,0.000000e+00,0.000000e+00,0.000000e+00,0.000000e+00,0.000000e+00,0.000000e+00,0.000000e+00,0.000000e+00,0.000000e+00,0.000000e+00
1.000000e+00,0.000000e+00,0.000000e+00,0.000000e+00,0.000000e+00,0.000000e+00,0.000000e+00,0.000000e+00,0.000000e+00,0.000000e+00,0.000000e+00,0.000000e+00,0.000000e+00,0.000000e+00,0.000000e+00
1.000000e+00,0.000000e+00,0.000000e+00,0.000000e+00,0.000000e+00,0.000000e+00,0.000000e+00,0.000000e+00,0.000000e+00,0.000000e+00,0.000000e+00,0.000000e+00,0.000000e+00,0.000000e+00,0.000000e+00
1.000000e+00,0.000000e+00,0.000000e+00,0.000000e+00,0.000000e+00,0.000000e+00,0.000000e+00,0.000000e+00,0.000000e+00,0.000000e+00,0.000000e+00,0.000000e+00,0.000000e+00,0.000000e+00,0.000000e+00
1.000000e+00,0.000000e+00,0.000000e+00,0.000000e+00,0.000000e+00,0.000000e+00,0.000000e+00,0.000000e+00,0.000000e+00,0.000000e+00,0.000000e+00,0.000000e+00,0.000000e+00,0.000000e+00,0.000000e+00
1.000000e+00,0.000000e+00,0.000000e+00,0.000000e+00,0.000000e+00,0.000000e+00,0.000000e+00,0.000000e+00,0.000000e+00,0.000000e+00,0.000000e+00,0.000000e+00,0.000000e+00,0.000000e+00,0.000000e+00
1.000000e+00,0.000000e+00,0.000000e+00,0.000000e+00,0.000000e+00,0.000000e+00,0.000000e+00,0.000000e+00,0.000000e+00,0.000000e+00,0.000000e+00,0.000000e+00,0.000000e+00,0.000000e+00,0.000000e+00
1.000000e+00,0.000000e+00,0.000000e+00,0.000000e+00,0.000000e+00,0.000000e+00,0.000000e+00,0.000000e+00,0.000000e+00,0.000000e+00,0.000000e+00,0.000000e+00,0.000000e+00,0.000000e+00,0.000000e+00
1.000000e+00,0.000000e+00,0.000000e+00,0.000000e+00,0.000000e+00,0.000000e+00,0.000000e+00,0.000000e+00,0.000000e+00,0.000000e+00,0.000000e+00,0.000000e+00,0.000000e+00,0.000000e+00,0.000000e+00
1.000000e+00,0.000000e+00,0.000000e+00,0.000000e+00,0.000000e+00,0.000000e+00,0.000000e+00,0.000000e+00,0.000000e+00,0.000000e+00,0.000000e+00,0.000000e+00,0.000000e+00,0.000000e+00,0.000000e+00
1.000000e+00,0.000000e+00,0.000000e+00,0.000000e+00,0.000000e+00,0.000000e+00,0.000000e+00,0.000000e+00,0.000000e+00,0.000000e+00,0.000000e+00,0.000000e+00,0.000000e+00,0.000000e+00,0.000000e+00
1.000000e+00,0.000000e+00,0.000000e+00,0.000000e+00,0.000000e+00,0.000000e+00,0.000000e+00,0.000000e+00,0.000000e+00,0.000000e+00,0.000000e+00,0.000000e+00,0.000000e+00,0.000000e+00,0.000000e+00
1.000000e+00,0.000000e+00,0.000000e+00,0.000000e+00,0.000000e+00,0.000000e+00,0.000000e+00,0.000000e+00,0.000000e+00,0.000000e+00,0.000000e+00,0.000000e+00,0.000000e+00,0.000000e+00,0.000000e+00
1.000000e+00,0.000000e+00,0.000000e+00,0.000000e+00,0.000000e+00,0.000000e+00,0.000000e+00,0.000000e+00,0.000000e+00,0.000000e+00,0.000000e+00,0.000000e+00,0.000000e+00,0.000000e+00,0.000000e+00
1.000000e+00,0.000000e+00,0.000000e+00,0.000000e+00,0.000000e+00,0.000000e+00,0.000000e+00,0.000000e+00,0.000000e+00,0.000000e+00,0.000000e+00,0.000000e+00,0.000000e+00,0.000000e+00,0.000000e+00
1.000000e+00,0.000000e+00,0.000000e+00,0.000000e+00,0.000000e+00,0.000000e+00,0.000000e+00,0.000000e+00,0.000000e+00,0.000000e+00,0.000000e+00,0.000000e+00,0.000000e+00,0.000000e+00,0.000000e+00
1.000000e+00,0.000000e+00,0.000000e+00,0.000000e+00,0.000000e+00,0.000000e+00,0.000000e+00,0.000000e+00,0.000000e+00,0.000000e+00,0.000000e+00,0.000000e+00,0.000000e+00,0.000000e+00,0.000000e+00
1.000000e+00,0.000000e+00,0.000000e+00,0.000000e+00,0.000000e+00,0.000000e+00,0.000000e+00,0.000000e+00,0.000000e+00,0.000000e+00,0.000000e+00,0.000000e+00,0.000000e+00,0.000000e+00,0.000000e+00
1.000000e+00,0.000000e+00,0.000000e+00,0.000000e+00,0.000000e+00,0.000000e+00,0.000000e+00,0.000000e+00,0.000000e+00,0.000000e+00,0.000000e+00,0.000000e+00,0.000000e+00,0.000000e+00,0.000000e+00
1.000000e+00,0.000000e+00,0.000000e+00,0.000000e+00,0.000000e+00,0.000000e+00,0.000000e+00,0.000000e+00,0.000000e+00,0.000000e+00,0.000000e+00,0.000000e+00,0.000000e+00,0.000000e+00,0.000000e+00
1.000000e+00,0.000000e+00,0.000000e+00,0.000000e+00,0.000000e+00,0.000000e+00,0.000000e+00,0.000000e+00,0.000000e+00,0.000000e+00,0.000000e+00,0.000000e+00,0.000000e+00,0.000000e+00,0.000000e+00
1.000000e+00,0.000000e+00,0.000000e+00,0.000000e+00,0.000000e+00,0.000000e+00,0.000000e+00,0.000000e+00,0.000000e+00,0.000000e+00,0.000000e+00,0.000000e+00,0.000000e+00,0.000000e+00,0.000000e+00
1.000000e+00,0.000000e+00,0.000000e+00,0.000000e+00,0.000000e+00,0.000000e+00,0.000000e+00,0.000000e+00,0.000000e+00,0.000000e+00,0.000000e+00,0.000000e+00,0.000000e+00,0.000000e+00,0.000000e+00
1.000000e+00,0.000000e+00,0.000000e+00,0.000000e+00,0.000000e+00,0.000000e+00,0.000000e+00,0.000000e+00,0.000000e+00,0.000000e+00,0.000000e+00,0.000000e+00,0.000000e+00,0.000000e+00,0.000000e+00
1.000000e+00,0.000000e+00,0.000000e+00,0.000000e+00,0.000000e+00,0.000000e+00,0.000000e+00,0.000000e+00,0.000000e+00,0.000000e+00,0.000000e+00,0.000000e+00,0.000000e+00,0.000000e+00,0.000000e+00
1.000000e+00,0.000000e+00,0.000000e+00,0.000000e+00,0.000000e+00,0.000000e+00,0.000000e+00,0.000000e+00,0.000000e+00,0.000000e+00,0.000000e+00,0.000000e+00,0.000000e+00,0.000000e+00,0.000000e+00
1.000000e+00,0.000000e+00,0.000000e+00,0.000000e+00,0.000000e+00,0.000000e+00,0.000000e+00,0.000000e+00,0.000000e+00,0.000000e+00,0.000000e+00,0.000000e+00,0.000000e+00,0.000000e+00,0.000000e+00
4.845046e-01,3.627991e-02,1.302282e-02,2.566320e-01,6.572776e-03,1.666529e-02,4.241541e-03,1.124715e-02,3.114281e-02,3.939504e-03,1.628139e-02,2.078712e-02,5.897146e-02,3.157501e-03,3.655420e-02
3.519766e-01,4.023493e-02,1.289116e-02,3.347634e-01,5.118661e-03,1.301241e-02,3.303659e-03,8.657182e-03,7.663168e-02,6.760039e-03,1.328225e-02,1.562452e-02,4.711385e-02,2.820624e-03,6.780899e-02
3.166202e-01,3.274106e-02,1.012157e-02,2.552966e-01,4.363615e-03,1.941113e-02,4.246388e-03,7.707445e-03,6.407437e-02,5.316989e-03,1.025203e-02,1.176471e-02,1.997776e-01,2.382928e-03,5.592337e-02
2.698694e-01,2.936756e-02,7.560901e-03,1.891091e-01,3.722739e-03,1.936815e-02,4.189276e-03,6.138667e-03,6.122797e-02,4.420414e-03,7.618649e-03,9.516214e-03,3.423043e-01,2.015213e-03,4.357144e-02
2.082690e-01,2.714512e-02,5.691685e-03,1.365859e-01,3.364170e-03,1.583953e-02,3.617687e-03,5.032324e-03,6.239139e-02,3.328212e-03,5.742995e-03,8.977149e-03,4.746938e-01,1.841555e-03,3.747946e-02
1.675666e-01,2.767722e-02,4.233821e-03,9.783291e-02,2.694998e-03,1.282474e-02,2.884238e-03,4.014424e-03,5.437680e-02,2.496816e-03,4.240756e-03,8.020606e-03,5.751023e-01,1.596984e-03,3.443675e-02
1.211243e-01,9.374551e-02,1.408866e-02,7.887688e-02,2.109920e-03,1.219140e-02,2.288169e-03,3.048703e-03,1.440604e-01,5.552928e-03,5.226088e-03,1.042147e-02,4.698007e-01,2.578015e-03,3.488683e-02
8.499204e-02,7.629541e-02,1.056072e-02,5.577702e-02,1.603918e-03,1.324544e-02,2.089446e-03,2.196346e-03,1.188539e-01,4.275620e-03,3.953310e-03,8.999143e-03,5.840603e-01,2.002657e-03,3.109468e-02
5.985440e-02,1.297424e-01,2.653453e-02,4.427387e-02,1.216017e-03,1.387456e-02,1.590095e-03,1.555609e-03,1.210187e-01,4.531798e-03,2.992039e-03,7.366537e-03,5.144428e-01,1.533882e-03,6.947277e-02
4.248260e-02,1.954890e-01,4.216517e-02,3.624238e-02,1.636758e-03,1.440509e-02,2.421044e-03,1.153257e-03,1.790279e-01,4.405623e-03,4.217476e-03,6.837207e-03,3.957144e-01,1.982640e-03,7.181948e-02
3.089579e-02,2.350456e-01,3.458820e-02,2.897806e-02,1.393753e-03,1.086447e-02,1.949604e-03,8.447014e-04,2.777574e-01,3.906761e-03,3.930684e-03,5.362520e-03,2.920183e-01,1.612494e-03,7.085179e-02
2.512993e-02,2.939641e-01,2.771642e-02,2.608794e-02,1.040463e-03,8.015024e-03,1.407187e-03,6.250878e-04,3.413230e-01,3.275842e-03,3.504281e-03,4.390351e-03,2.063318e-01,1.368556e-03,5.582007e-02
7.733497e-02,2.104369e-01,2.209308e-02,2.099698e-02,3.283239e-03,8.235545e-03,2.468087e-03,1.027860e-03,2.981908e-01,2.649893e-03,5.081463e-03,7.110395e-03,2.408632e-01,1.620721e-03,9.860695e-02
1.658897e-01,1.483978e-01,1.602289e-02,1.581689e-02,1.325955e-02,9.371139e-03,5.046462e-03,1.305121e-03,2.406956e-01,2.056955e-03,7.271498e-03,1.304386e-02,2.648166e-01,2.096021e-03,9.490989e-02
2.416806e-01,1.096573e-01,1.222101e-02,1.359641e-02,1.632662e-02,1.617345e-02,5.942311e-03,1.482697e-03,1.786090e-01,2.356177e-03,1.298100e-02,4.544410e-02,2.676399e-01,2.981006e-03,7.290839e-02
2.931967e-01,8.154985e-02,9.528490e-03,1.160447e-02,1.514097e-02,2.443006e-02,5.420013e-03,1.491841e-03,1.339913e-01,3.163060e-03,1.928164e-02,9.787577e-02,2.385485e-01,5.509310e-03,5.926802e-02
2.708138e-01,7.376135e-02,1.533147e-02,1.341220e-02,2.020996e-02,2.785796e-02,4.704536e-03,1.298560e-03,1.134904e-01,1.714417e-02,2.744388e-02,1.044534e-01,2.450731e-01,5.521204e-03,5.948412e-02
2.511810e-01,6.563395e-02,4.110635e-02,1.613750e-02,2.521826e-02,2.768688e-02,5.323232e-03,2.417925e-03,9.217452e-02,3.713377e-02,3.149961e-02,9.926029e-02,2.298221e-01,6.583936e-03,6.882066e-02
2.270998e-01,5.334241e-02,6.695879e-02,1.576748e-02,3.360241e-02,3.493918e-02,5.235747e-03,3.196774e-03,1.136004e-01,4.488971e-02,3.747469e-02,8.794292e-02,1.882429e-01,7.221413e-03,8.048530e-02
2.371971e-01,4.411844e-02,7.015698e-02,2.056954e-02,2.627812e-02,3.044440e-02,4.325985e-03,3.562229e-03,1.132281e-01,4.202411e-02,2.950513e-02,6.468254e-02,1.364867e-01,9.811880e-03,1.676088e-01
2.338212e-01,5.041724e-02,6.763913e-02,2.179856e-02,2.219684e-02,2.637774e-02,3.869310e-03,4.274169e-03,1.178168e-01,3.133763e-02,2.316835e-02,4.806276e-02,9.815695e-02,9.034595e-03,2.420287e-01
2.741379e-01,5.139000e-02,6.619337e-02,2.329179e-02,1.999704e-02,2.103941e-02,3.271296e-03,4.420356e-03,9.203397e-02,2.323089e-02,1.691274e-02,3.430570e-02,7.015287e-02,6.907308e-03,2.927153e-01
2.571222e-01,6.201908e-02,5.631896e-02,4.540619e-02,1.852928e-02,1.716609e-02,3.124817e-03,5.564593e-03,1.265968e-01,2.857469e-02,1.369097e-02,2.534162e-02,5.075652e-02,5.300103e-03,2.844880e-01
2.108250e-01,5.899932e-02,1.030861e-01,1.119605e-01,1.938564e-02,1.664936e-02,2.736446e-03,7.438029e-03,1.288301e-01,2.925327e-02,1.241255e-02,1.886353e-02,3.795497e-02,3.832846e-03,2.377723e-01
1.523342e-01,4.403414e-02,1.023378e-01,1.664367e-01,1.538805e-02,1.654684e-02,2.474432e-03,6.262969e-03,9.783790e-02,2.596683e-02,1.102688e-01,2.118575e-02,5.662911e-02,2.784933e-03,1.795115e-01
1.121987e-01,3.257855e-02,8.928879e-02,2.282062e-01,1.472627e-02,1.346742e-02,2.187120e-03,4.720300e-03,7.357952e-02,2.316795e-02,1.863979e-01,1.826556e-02,7.130468e-02,2.074273e-03,1.278368e-01
7.949411e-02,2.307265e-02,6.433222e-02,1.942397e-01,1.154156e-02,1.199377e-02,1.808002e-03,3.474273e-03,5.272358e-02,1.911974e-02,2.154984e-01,3.761429e-02,1.933597e-01,1.768941e-03,8.995907e-02
6.672357e-02,1.686454e-02,4.649700e-02,2.022421e-01,1.173096e-02,2.673850e-02,2.051637e-03,2.760133e-03,4.579580e-02,1.667352e-02,1.821028e-01,8.163401e-02,2.303472e-01,2.682470e-03,6.515560e-02
5.369686e-02,1.207938e-02,3.309744e-02,1.635647e-01,2.167060e-02,2.138409e-02,1.594589e-03,2.324988e-03,4.433405e-02,1.610839e-02,2.276624e-01,1.382602e-01,2.157329e-01,2.184187e-03,4.630518e-02
6.211851e-02,8.809282e-03,2.351641e-02,1.473518e-01,2.309545e-02,2.055599e-02,1.605881e-03,3.874571e-03,4.597840e-02,1.524319e-02,2.034950e-01,2.186434e-01,1.868596e-01,4.457866e-03,3.439467e-02
5.338909e-02,6.368259e-03,1.661487e-02,1.088492e-01,8.253685e-02,1.774361e-02,3.091459e-03,5.292220e-03,5.411574e-02,1.413426e-02,2.220725e-01,1.921384e-01,1.942543e-01,4.512689e-03,2.488653e-02
4.839155e-02,4.622130e-03,1.220103e-02,7.904009e-02,8.525707e-02,3.350401e-02,8.611823e-03,2.195775e-02,4.993711e-02,1.207417e-02,1.676001e-01,2.420873e-01,2.130483e-01,3.816419e-03,1.785108e-02
3.481979e-02,3.322535e-03,8.860516e-03,5.596508e-02,6.345148e-02,2.569141e-02,6.500483e-03,1.577058e-02,3.679754e-02,8.929162e-03,1.231350e-01,4.077016e-01,1.927821e-01,2.983224e-03,1.328936e-02
2.566412e-02,2.451726e-03,6.296184e-03,3.976529e-02,4.696723e-02,2.028835e-02,4.727056e-03,1.142838e-02,2.692576e-02,6.648705e-03,8.787720e-02,5.048456e-01,2.041814e-01,2.227839e-03,9.705082e-03
1.909335e-02,1.868286e-03,4.509118e-03,2.821565e-02,3.509967e-02,1.722795e-02,3.520725e-03,8.303664e-03,1.973822e-02,5.308523e-03,6.302740e-02,6.091423e-01,1.757474e-01,1.997497e-03,7.200213e-03
1.445589e-02,1.400634e-03,3.245770e-03,1.985259e-02,2.821138e-02,1.329915e-02,2.549876e-03,6.035844e-03,1.448801e-02,4.337368e-03,4.535014e-02,7.043253e-01,1.356802e-01,1.575217e-03,5.192592e-03
1.480150e-02,1.381086e-03,2.450063e-03,1.432160e-02,2.429392e-02,1.198159e-02,2.063854e-03,5.006045e-03,1.204457e-02,3.898679e-03,3.458381e-02,7.594740e-01,1.076250e-01,2.157044e-03,3.917164e-03
1.401974e-02,1.315799e-03,1.864137e-03,1.055694e-02,2.400655e-02,1.083732e-02,1.507314e-03,4.841954e-03,9.203210e-03,2.914755e-03,3.807028e-02,7.647458e-01,1.092203e-01,3.959720e-03,2.936121e-03
1.564767e-02,1.288714e-03,1.697963e-03,8.096559e-03,2.156792e-02,9.969195e-03,1.182915e-03,8.491179e-03,1.058701e-02,2.269211e-03,4.391614e-02,6.933204e-01,1.744075e-01,5.365496e-03,2.192041e-03
2.512072e-02,2.117514e-03,2.963318e-03,8.041784e-03,2.388539e-02,9.657502e-03,1.183899e-03,1.635437e-02,1.732324e-02,2.312949e-03,4.519932e-02,6.010440e-01,2.372071e-01,5.756695e-03,1.832155e-03
3.945774e-02,5.662922e-03,4.841609e-03,8.650011e-03,3.338923e-02,1.015836e-02,1.621550e-03,1.991007e-02,4.401691e-02,2.548966e-03,4.732187e-02,5.485454e-01,2.272277e-01,5.026058e-03,1.621564e-03
3.498585e-02,7.704264e-03,4.843095e-03,7.621062e-03,2.523097e-02,1.019193e-02,1.385301e-03,1.709443e-02,1.256067e-01,2.419581e-03,3.863994e-02,5.374742e-01,1.807548e-01,4.541136e-03,1.506686e-03
4.372890e-02,1.244130e-02,6.999045e-03,8.908154e-03,2.471924e-02,1.930063e-02,2.560647e-03,2.359432e-02,2.233742e-01,3.302877e-03,3.257848e-02,4.515092e-01,1.401260e-01,4.786569e-03,2.070417e-03
6.283703e-02,1.781935e-02,9.035932e-03,9.792451e-03,2.638688e-02,2.391084e-02,6.177499e-03,2.657111e-02,3.214377e-01,3.842562e-03,2.461450e-02,3.560427e-01,1.054906e-01,3.770001e-03,2.270834e-03
5.009083e-02,1.523627e-02,9.939185e-03,7.903316e-03,2.742532e-02,2.207127e-02,8.207749e-03,1.478747e-01,3.543934e-01,3.245246e-03,1.802260e-02,2.542247e-01,7.653372e-02,2.719127e-03,2.112617e-03
4.270318e-02,1.126210e-02,8.816991e-03,6.876578e-03,3.599885e-02,1.791321e-02,5.290327e-02,2.399893e-01,3.299728e-01,2.454530e-03,1.290051e-02,1.794931e-01,5.494953e-02,1.931213e-03,1.834861e-03
7.161780e-02,9.851052e-03,1.002327e-02,8.191978e-03,6.710406e-02,1.633301e-02,1.291315e-01,1.972331e-01,3.037168e-01,1.949184e-03,1.065753e-02,1.288570e-01,4.133681e-02,1.431607e-03,2.565203e-03
5.904590e-02,8.869391e-03,1.371204e-02,1.262016e-02,6.587408e-02,1.620019e-02,2.193510e-01,1.455683e-01,2.210967e-01,2.274562e-02,5.656514e-02,9.881218e-02,5.065065e-02,1.230415e-03,7.658105e-03
4.179126e-02,7.430049e-03,1.328514e-02,2.091384e-02,5.000807e-02,1.409529e-02,3.306403e-01,1.121683e-01,1.564764e-01,5.267201e-02,6.408929e-02,7.932270e-02,4.698396e-02,1.126035e-03,8.997267e-03
3.008810e-02,6.041578e-03,9.457469e-03,1.920681e-02,3.557954e-02,1.216916e-02,4.025033e-01,7.989383e-02,1.103087e-01,1.141682e-01,6.822425e-02,6.297532e-02,3.758410e-02,1.266922e-03,1.053266e-02
2.286388e-02,5.509823e-03,6.747364e-03,1.919082e-02,2.537181e-02,9.400039e-03,4.111992e-01,5.653416e-02,7.814083e-02,2.020561e-01,6.062523e-02,5.325853e-02,3.658669e-02,1.249315e-03,1.126619e-02
1.778274e-02,6.274663e-03,4.829383e-03,1.447092e-02,1.798516e-02,7.556648e-03,3.163983e-01,3.995459e-02,5.706852e-02,2.453680e-01,1.299585e-01,7.067685e-02,4.285391e-02,9.718013e-03,1.910384e-02
1.335786e-02,5.305819e-03,3.767615e-03,1.039934e-02,1.331154e-02,6.004600e-03,2.248887e-01,2.826611e-02,4.318451e-02,2.907860e-01,1.810219e-01,8.883312e-02,4.331618e-02,3.050778e-02,1.704899e-02
1.039664e-02,4.403814e-03,3.382547e-03,7.431261e-03,9.721486e-03,4.977327e-03,1.585519e-01,2.033327e-02,3.315324e-02,3.381698e-01,2.407473e-01,8.083494e-02,3.636613e-02,3.706476e-02,1.446552e-02
1.022525e-02,5.032749e-03,3.002499e-03,5.418648e-03,7.408006e-03,3.894527e-03,1.111744e-01,1.437093e-02,2.517271e-02,3.412751e-01,2.930183e-01,7.527347e-02,3.370373e-02,5.823363e-02,1.279614e-02
1.086932e-02,4.638724e-03,2.947289e-03,4.100038e-03,5.491123e-03,3.679361e-03,7.787207e-02,1.039598e-02,2.320849e-02,3.226914e-01,3.440378e-01,5.962241e-02,2.869090e-02,8.803563e-02,1.371956e-02
1.770218e-02,4.814419e-03,4.776730e-03,3.947438e-03,4.885970e-03,5.250971e-03,5.467806e-02,7.664436e-03,1.786185e-02,3.594005e-01,3.229159e-01,5.488556e-02,2.346340e-02,1.030213e-01,1.473131e-02
1.924041e-02,7.063864e-03,5.123632e-03,4.094135e-03,8.161045e-03,4.603173e-03,3.840693e-02,5.587236e-03,1.752552e-02,2.869567e-01,3.951741e-01,6.544109e-02,2.831553e-02,9.966491e-02,1.464179e-02
1.952397e-02,1.300582e-02,5.373490e-03,4.083220e-03,1.305152e-02,4.208440e-03,2.699247e-02,4.128032e-03,2.009567e-02,2.180367e-01,4.362692e-01,9.121718e-02,2.334235e-02,1.046883e-01,1.598362e-02
4.010088e-02,1.647728e-02,7.366839e-03,3.415112e-03,1.168917e-02,4.834287e-03,1.904865e-02,4.075828e-03,1.902150e-02,1.720403e-01,4.457918e-01,9.011289e-02,1.802263e-02,1.345431e-01,1.345979e-02
4.564898e-02,1.661624e-02,7.685824e-03,2.587172e-03,9.307938e-03,4.046172e-03,1.338829e-02,3.683040e-03,2.214520e-02,1.378936e-01,4.070552e-01,9.777361e-02,1.385826e-02,2.079104e-01,1.040008e-02
3.854380e-02,1.898096e-02,7.056414e-03,1.954646e-03,1.015362e-02,4.327821e-03,9.439320e-03,2.950292e-03,1.702484e-02,1.448766e-01,4.717637e-01,7.976492e-02,1.112133e-02,1.739298e-01,8.111923e-03
5.271791e-02,1.803079e-02,1.341392e-02,2.053064e-03,8.464091e-03,3.875104e-03,6.647701e-03,4.065222e-03,1.410250e-02,1.301772e-01,4.829097e-01,9.133846e-02,8.764442e-03,1.570935e-01,6.346249e-03
6.542370e-02,2.968738e-02,2.422773e-02,2.565474e-03,1.058034e-02,3.751195e-03,4.801588e-03,6.716735e-03,1.290108e-02,1.123002e-01,4.673685e-01,1.191831e-01,7.893719e-03,1.273138e-01,5.285496e-03
7.642543e-02,7.893699e-02,4.503599e-02,4.647524e-03,2.910575e-02,1.513406e-02,4.640090e-03,1.660860e-02,1.209840e-02,9.054321e-02,3.944032e-01,1.278173e-01,6.720172e-03,9.330739e-02,4.575975e-03
6.268051e-02,7.671072e-02,6.491582e-02,5.567819e-03,5.970528e-02,1.738741e-02,5.093389e-03,4.045973e-02,1.536581e-02,6.810361e-02,3.597962e-01,1.472090e-01,5.516965e-03,6.797234e-02,3.515401e-03
5.586950e-02,6.984748e-02,6.385417e-02,5.851178e-03,8.315620e-02,3.673177e-02,5.896765e-03,5.606817e-02,1.557244e-02,5.156109e-02,3.450904e-01,1.535747e-01,4.830801e-03,4.916715e-02,2.928195e-03
4.283505e-02,6.223378e-02,8.338863e-02,1.338151e-02,1.291785e-01,4.181743e-02,6.309090e-03,1.337042e-01,1.385899e-02,3.717600e-02,2.573366e-01,1.376811e-01,3.529716e-03,3.546649e-02,2.102911e-03
3.580361e-02,6.444529e-02,1.129939e-01,2.113391e-02,1.718083e-01,5.009833e-02,6.484935e-03,1.349089e-01,1.270313e-02,2.757362e-02,2.102201e-01,1.200337e-01,2.677692e-03,2.747066e-02,1.643962e-03
3.308014e-02,5.541360e-02,8.681905e-02,2.192810e-02,2.696636e-01,9.775634e-02,6.333553e-03,1.016536e-01,1.231960e-02,2.288159e-02,1.757506e-01,8.913746e-02,2.122384e-03,2.359838e-02,1.542051e-03
2.998518e-02,4.809834e-02,6.303573e-02,1.815192e-02,3.822557e-01,1.205661e-01,5.554807e-03,7.444490e-02,1.100351e-02,1.830353e-02,1.406116e-01,6.486236e-02,1.656195e-03,2.012850e-02,1.341638e-03
4.839459e-02,3.799387e-02,4.842797e-02,2.908237e-02,3.585893e-01,1.358749e-01,4.034007e-03,5.482999e-02,2.220772e-02,2.917438e-02,1.408808e-01,4.802747e-02,1.403930e-03,3.951579e-02,1.563012e-03
8.095451e-02,2.955455e-02,3.766467e-02,3.568016e-02,3.181244e-01,1.219449e-01,3.239972e-03,5.420864e-02,4.060156e-02,5.415883e-02,1.364082e-01,3.824801e-02,1.612269e-03,4.585262e-02,1.746733e-03
9.308399e-02,2.243747e-02,3.285909e-02,4.680643e-02,2.539743e-01,1.163090e-01,2.381850e-03,3.925186e-02,5.827954e-02,1.016314e-01,1.325260e-01,3.027062e-02,1.520179e-03,6.684764e-02,1.820608e-03
1.258981e-01,2.124504e-02,2.718866e-02,5.639062e-02,2.120417e-01,1.159123e-01,2.375104e-03,3.626293e-02,5.266251e-02,1.505503e-01,1.077849e-01,2.859080e-02,1.698209e-03,5.924088e-02,2.158035e-03
1.839560e-01,1.640259e-02,2.211395e-02,6.046479e-02,1.599301e-01,1.003424e-01,2.171761e-03,2.798801e-02,4.873314e-02,2.045764e-01,8.791493e-02,2.610026e-02,1.643172e-03,5.460317e-02,3.059340e-03
3.283940e-01,1.237422e-02,2.115716e-02,6.740659e-02,1.212860e-01,8.656497e-02,1.954998e-03,2.327123e-02,3.739484e-02,1.596680e-01,6.868109e-02,2.262961e-02,1.819593e-03,4.325899e-02,4.138740e-03
3.940027e-01,9.661451e-03,3.589965e-02,1.045916e-01,9.383401e-02,6.996258e-02,1.830766e-03,1.873639e-02,3.354159e-02,1.245427e-01,5.240205e-02,1.977204e-02,2.792960e-03,3.282877e-02,5.600698e-03
4.785955e-01,8.293761e-03,3.149775e-02,1.007422e-01,7.511663e-02,5.760201e-02,1.653076e-03,1.431682e-02,2.778900e-02,1.047816e-01,4.290354e-02,1.877711e-02,3.698128e-03,2.559725e-02,8.635515e-03
1.000000e+00,0.000000e+00,0.000000e+00,0.000000e+00,0.000000e+00,0.000000e+00,0.000000e+00,0.000000e+00,0.000000e+00,0.000000e+00,0.000000e+00,0.000000e+00,0.000000e+00,0.000000e+00,0.000000e+00
1.000000e+00,0.000000e+00,0.000000e+00,0.000000e+00,0.000000e+00,0.000000e+00,0.000000e+00,0.000000e+00,0.000000e+00,0.000000e+00,0.000000e+00,0.000000e+00,0.000000e+00,0.000000e+00,0.000000e+00
1.000000e+00,0.000000e+00,0.000000e+00,0.000000e+00,0.000000e+00,0.000000e+00,0.000000e+00,0.000000e+00,0.000000e+00,0.000000e+00,0.000000e+00,0.000000e+00,0.000000e+00,0.000000e+00,0.000000e+00
1.000000e+00,0.000000e+00,0.000000e+00,0.000000e+00,0.000000e+00,0.000000e+00,0.000000e+00,0.000000e+00,0.000000e+00,0.000000e+00,0.000000e+00,0.000000e+00,0.000000e+00,0.000000e+00,0.000000e+00
3.868684e-01,6.098240e-03,1.679354e-02,4.473680e-02,2.034828e-02,1.957112e-02,1.325080e-03,6.421091e-03,2.691686e-01,5.986303e-02,1.422934e-02,1.260033e-02,1.001641e-02,1.106870e-02,1.208909e-01
3.101676e-01,1.054989e-02,5.852882e-02,8.284720e-02,1.627498e-02,1.694502e-02,1.305528e-03,8.179938e-03,2.950918e-01,4.364664e-02,1.205888e-02,1.012827e-02,1.262946e-02,8.624000e-03,1.130220e-01
2.526495e-01,1.230550e-02,9.672502e-02,6.687948e-02,1.187466e-02,1.584174e-02,1.159606e-03,6.740893e-03,2.760836e-01,3.623959e-02,1.291056e-02,7.603843e-03,1.148275e-02,2.637211e-02,1.651311e-01
1.859948e-01,1.162783e-02,1.537526e-01,6.078846e-02,8.902832e-03,1.253260e-02,9.230426e-04,5.302618e-03,2.508792e-01,5.135935e-02,1.090659e-02,5.843254e-03,1.047158e-02,2.832993e-02,2.023854e-01
1.419609e-01,1.003323e-02,1.724885e-01,4.665267e-02,6.345555e-03,1.036662e-02,7.682375e-04,3.802553e-03,1.923351e-01,1.627418e-01,1.337474e-02,5.591641e-03,9.476219e-03,3.410393e-02,1.899584e-01
1.030021e-01,9.775775e-03,1.761659e-01,3.408020e-02,4.541353e-03,8.070219e-03,6.009858e-04,2.728219e-03,1.780985e-01,1.945887e-01,2.047248e-02,4.726916e-03,7.794459e-03,5.200983e-02,2.033444e-01
7.415118e-02,7.198046e-03,1.237412e-01,2.484760e-02,3.399749e-03,6.742276e-03,5.106973e-04,2.119433e-03,1.369945e-01,1.955401e-01,5.668198e-02,5.412476e-03,7.939909e-03,1.867337e-01,1.679872e-01
5.196341e-02,5.096457e-03,8.680438e-02,1.783758e-02,2.472816e-03,4.906100e-03,4.240107e-04,1.525230e-03,1.045572e-01,1.867529e-01,5.051700e-02,4.885534e-03,7.214300e-03,3.460393e-01,1.290038e-01
3.658735e-02,3.606207e-03,6.085021e-02,1.318861e-02,3.194019e-03,4.478611e-03,3.515189e-04,1.319926e-03,7.549316e-02,2.858032e-01,5.383456e-02,5.747095e-03,7.827733e-03,3.465620e-01,1.011558e-01
2.573556e-02,2.564473e-03,4.265432e-02,1.378874e-02,9.454532e-03,4.112382e-03,3.406887e-04,1.475216e-03,5.691970e-02,2.259865e-01,5.863322e-02,7.210609e-03,1.092224e-02,4.415597e-01,9.864213e-02
1.812491e-02,1.898678e-03,2.992716e-02,1.394612e-02,9.698498e-03,4.337920e-03,2.693022e-04,1.140832e-03,4.480756e-02,1.651258e-01,5.587829e-02,1.041391e-02,1.600334e-02,5.190191e-01,1.094086e-01
1.349598e-02,1.848913e-03,2.148256e-02,5.128529e-02,2.421311e-02,6.135513e-03,3.670235e-04,2.410342e-03,4.475371e-02,1.223468e-01,6.112653e-02,1.622304e-02,4.577342e-02,4.400592e-01,1.484786e-01
9.728262e-03,1.509306e-03,1.552541e-02,4.359530e-02,2.860497e-02,4.721513e-03,3.586684e-04,2.287912e-03,3.916397e-02,8.795609e-02,6.113686e-02,1.856906e-02,6.359000e-02,4.192956e-01,2.039571e-01
7.515843e-03,1.397026e-03,1.215726e-02,3.328108e-02,2.902863e-02,3.807593e-03,4.244046e-04,2.480005e-03,3.292553e-02,6.413400e-02,5.586802e-02,4.597745e-02,9.190276e-02,3.737952e-01,2.453052e-01
6.840663e-03,1.386268e-03,1.010458e-02,2.559553e-02,2.608248e-02,5.040640e-03,6.168068e-04,3.040338e-03,2.519569e-02,4.795279e-02,4.597848e-02,2.332113e-01,9.940887e-02,2.943404e-01,1.752052e-01
5.407181e-03,1.260323e-03,7.601650e-03,1.854081e-02,2.474122e-02,4.604508e-03,8.348678e-04,2.857258e-03,1.846392e-02,3.541383e-02,3.429430e-02,4.090315e-01,9.638203e-02,2.164497e-01,1.241170e-01
5.087052e-03,1.181538e-03,5.953782e-03,1.320847e-02,2.563373e-02,5.856588e-03,2.052563e-02,1.158563e-02,1.417623e-02,2.582964e-02,2.514630e-02,5.087602e-01,8.380164e-02,1.647164e-01,8.853717e-02
5.417335e-03,1.262876e-03,4.635246e-03,9.689877e-03,2.294392e-02,5.823127e-03,1.576480e-02,1.120326e-02,1.079819e-02,1.953914e-02,1.854724e-02,6.069137e-01,7.908113e-02,1.252463e-01,6.313393e-02
1.027151e-02,7.832209e-03,5.990686e-03,2.886804e-02,1.237487e-01,1.202140e-02,1.249979e-02,2.076596e-02,2.919649e-02,1.561335e-02,1.630210e-02,5.151291e-01,6.677967e-02,8.914610e-02,4.583488e-02
9.809046e-03,6.595283e-03,4.558271e-03,2.493497e-02,8.876044e-02,1.863877e-02,8.866347e-03,1.507462e-02,2.248294e-02,1.177379e-02,1.989629e-02,5.426132e-01,1.297589e-01,6.319379e-02,3.304343e-02
2.141473e-02,6.532651e-03,5.399388e-03,2.838469e-02,6.623431e-02,2.323812e-02,6.716051e-03,1.181478e-02,2.116981e-02,9.476003e-03,2.297543e-02,5.703331e-01,1.367303e-01,4.536252e-02,2.421822e-02
2.228213e-02,5.511635e-03,4.572722e-03,2.099783e-02,4.771642e-02,2.037284e-02,5.101049e-03,8.955507e-03,1.536370e-02,8.260838e-03,2.559534e-02,6.241082e-01,1.403571e-01,3.310487e-02,1.769981e-02
3.116329e-02,4.993936e-03,4.142717e-03,1.606482e-02,3.551986e-02,1.775178e-02,4.034607e-03,7.313269e-03,1.565798e-02,7.962397e-03,2.549113e-02,5.773442e-01,2.137994e-01,2.536254e-02,1.339797e-02
5.886330e-02,8.351143e-03,9.165782e-03,2.290201e-02,2.816432e-02,2.294676e-02,4.009719e-03,7.289557e-03,3.885519e-02,1.326907e-02,2.406112e-02,5.149308e-01,2.089649e-01,2.295098e-02,1.527533e-02
5.897705e-02,9.380614e-03,1.157955e-02,1.831746e-02,2.857213e-02,2.194096e-02,5.088282e-03,9.426048e-03,5.277675e-02,1.647831e-02,2.511413e-02,4.387447e-01,2.537428e-01,2.202870e-02,2.783249e-02
5.508368e-02,9.713418e-03,1.575327e-02,1.409083e-02,5.914143e-02,1.853834e-02,1.475813e-02,5.152573e-02,9.561245e-02,1.475455e-02,2.218965e-02,3.697894e-01,2.142283e-01,1.700005e-02,2.782085e-02
5.244492e-02,8.511992e-03,5.246061e-02,1.082698e-02,6.589542e-02,1.848055e-02,3.517307e-02,7.082810e-02,7.860271e-02,1.100966e-02,2.063794e-02,3.394372e-01,1.786685e-01,1.388312e-02,4.313911e-02
6.534749e-02,1.819167e-02,5.192963e-02,8.678740e-03,7.038419e-02,2.807974e-02,3.932361e-02,7.179739e-02,1.375783e-01,1.088656e-02,1.678550e-02,2.999363e-01,1.320969e-01,1.155156e-02,3.743238e-02
5.657896e-02,1.780448e-02,6.054094e-02,8.489867e-03,8.333327e-02,3.285042e-02,8.216043e-02,8.500950e-02,1.481421e-01,8.158220e-03,1.466588e-02,2.453061e-01,1.172256e-01,8.529528e-03,3.120464e-02
5.258764e-02,2.982520e-02,5.605792e-02,1.683166e-02,1.111433e-01,4.540579e-02,1.075065e-01,7.678634e-02,1.804793e-01,7.252126e-03,1.098764e-02,1.802981e-01,9.349649e-02,6.527760e-03,2.481426e-02
5.256689e-02,5.099206e-02,4.937201e-02,2.759496e-02,1.224089e-01,6.334542e-02,1.019231e-01,6.146574e-02,2.198077e-01,6.993559e-03,8.585698e-03,1.302352e-01,7.722360e-02,4.776615e-03,2.270856e-02
5.392982e-02,5.406228e-02,4.072109e-02,2.717967e-02,1.162236e-01,5.984182e-02,8.532671e-02,5.228099e-02,2.457980e-01,1.106503e-02,1.397636e-02,9.328554e-02,9.384225e-02,3.909616e-03,4.855730e-02
6.176129e-02,5.850536e-02,3.337763e-02,3.672010e-02,9.299187e-02,5.409267e-02,6.602044e-02,5.105240e-02,2.458762e-01,1.416914e-02,1.475879e-02,6.774211e-02,1.341252e-01,3.083166e-03,6.572367e-02
4.567955e-02,1.138609e-01,2.613459e-02,9.341227e-02,6.639534e-02,3.869605e-02,4.663498e-02,3.658665e-02,3.081893e-01,1.051687e-02,1.241046e-02,4.808481e-02,1.021674e-01,2.254460e-03,4.897640e-02
4.001377e-02,9.125052e-02,2.008309e-02,1.327244e-01,4.695013e-02,2.826084e-02,3.286647e-02,2.650830e-02,3.640991e-01,7.760838e-03,3.180267e-02,4.956520e-02,9.064225e-02,1.994042e-03,3.547829e-02
2.965797e-02,6.687881e-02,1.549385e-02,1.572188e-01,3.415567e-02,2.079956e-02,2.316149e-02,2.104232e-02,4.182370e-01,5.789901e-03,5.281509e-02,6.268017e-02,6.465476e-02,1.930903e-03,2.548358e-02
2.254253e-02,4.729124e-02,1.227278e-02,1.537435e-01,2.850898e-02,1.862411e-02,1.641147e-02,1.588797e-02,3.230998e-01,4.460420e-03,1.059431e-01,1.832280e-01,4.760843e-02,2.143321e-03,1.823433e-02
1.708157e-02,3.351713e-02,9.371271e-03,1.269483e-01,2.127659e-02,1.521248e-02,1.156329e-02,1.139447e-02,2.413218e-01,3.483620e-03,1.340870e-01,3.237898e-01,3.579646e-02,2.136790e-03,1.301944e-02
1.227629e-02,2.355324e-02,6.898399e-03,8.976833e-02,1.706796e-02,1.205990e-02,8.125727e-03,8.021263e-03,1.701817e-01,2.494812e-03,1.526963e-01,4.604542e-01,2.546849e-02,1.763060e-03,9.170272e-03
9.206279e-03,1.657754e-02,4.989957e-03,6.338871e-02,2.659603e-02,9.998565e-03,5.777547e-03,5.816578e-03,1.201991e-01,2.081776e-03,1.436663e-01,5.648621e-01,1.884279e-02,1.529472e-03,6.467179e-03
7.171254e-03,1.168618e-02,3.568871e-03,4.482920e-02,3.510271e-02,7.971775e-03,4.144998e-03,4.180487e-03,8.499106e-02,1.897149e-03,1.337077e-01,6.401924e-01,1.456318e-02,1.399257e-03,4.593668e-03
5.937029e-03,8.281663e-03,2.550285e-03,3.149921e-02,3.359108e-02,6.852335e-03,2.945748e-03,3.057444e-03,6.025373e-02,1.460653e-03,1.452207e-01,6.832699e-01,1.072182e-02,1.111808e-03,3.246502e-03
4.987171e-03,6.010361e-03,1.826212e-03,2.229124e-02,4.607419e-02,6.042639e-03,2.176808e-03,2.288924e-03,4.343371e-02,1.180715e-03,1.264773e-01,7.261052e-01,7.900526e-03,8.680610e-04,2.336901e-03
4.611120e-03,4.319432e-03,1.294445e-03,1.566752e-02,3.990115e-02,4.612908e-03,1.738148e-03,1.734350e-03,3.068606e-02,9.744176e-04,1.074667e-01,7.790090e-01,5.688288e-03,6.332222e-04,1.663345e-03
3.752792e-03,3.068956e-03,9.446437e-04,1.100046e-02,3.552999e-02,4.731149e-03,1.430495e-03,2.118266e-03,2.159225e-02,7.465641e-04,7.816972e-02,8.312379e-01,4.045786e-03,4.621652e-04,1.168928e-03
2.826689e-03,2.179010e-03,6.726650e-04,7.713275e-03,2.879265e-02,4.030047e-03,1.044223e-03,1.733044e-03,1.520679e-02,5.746509e-04,5.709514e-02,8.741089e-01,2.865476e-03,3.353778e-04,8.220776e-04
2.149801e-03,1.740308e-03,5.117960e-04,5.410986e-03,3.666504e-02,7.469283e-03,8.755545e-04,1.379918e-03,1.091979e-02,5.117346e-04,4.081049e-02,8.886711e-01,2.046337e-03,2.563894e-04,5.815461e-04
1.881467e-03,1.365138e-03,3.924639e-04,3.807753e-03,4.790166e-02,1.198103e-02,9.058118e-04,1.280559e-03,8.000375e-03,5.257716e-04,3.060434e-02,8.892138e-01,1.518649e-03,2.074431e-04,4.137712e-04
2.222335e-03,1.050246e-03,3.124982e-04,2.673243e-03,4.148812e-02,1.077485e-02,8.169231e-04,1.361208e-03,5.916340e-03,6.073891e-04,2.330835e-02,9.077029e-01,1.284857e-03,1.868141e-04,2.939293e-04
2.242026e-03,7.606376e-04,2.368279e-04,1.882135e-03,3.071910e-02,8.185246e-03,6.370273e-04,1.301156e-03,4.337819e-03,5.834750e-04,1.834667e-02,9.293468e-01,1.018434e-03,1.953009e-04,2.073236e-04
2.295274e-03,6.276362e-04,2.820192e-04,1.348147e-03,3.202985e-02,6.305119e-03,6.644417e-04,2.034244e-03,3.804234e-03,8.555385e-04,1.622574e-02,9.322275e-01,7.568760e-04,3.914024e-04,1.519370e-04
2.204320e-03,4.865666e-04,3.080900e-04,9.640766e-04,4.113547e-02,4.876634e-03,8.600452e-04,2.887501e-03,3.343725e-03,7.816111e-04,1.243741e-02,9.286095e-01,6.143372e-04,3.822979e-04,1.084739e-04
3.369903e-03,5.295957e-04,4.433799e-04,7.027013e-04,6.625016e-02,7.713539e-03,1.037135e-03,3.058499e-03,3.252665e-03,9.410841e-04,1.039628e-02,9.011660e-01,5.352844e-04,5.181972e-04,8.558596e-05
6.119770e-03,7.237798e-04,1.812522e-03,8.202026e-04,6.111510e-02,4.439790e-02,3.338394e-03,8.065538e-03,2.734217e-03,1.057428e-03,8.897925e-03,8.595588e-01,5.539034e-04,7.308460e-04,7.370248e-05
7.918548e-03,1.538459e-03,6.368619e-03,1.135047e-03,1.070641e-01,5.593595e-02,5.929424e-03,5.251360e-02,1.080896e-02,3.139455e-03,7.977491e-03,7.376849e-01,6.862833e-04,1.178222e-03,1.209643e-04
1.117301e-02,2.009194e-03,1.166149e-02,1.305816e-03,1.554068e-01,4.828218e-02,1.190635e-02,8.833050e-02,1.620294e-02,6.843050e-03,8.615891e-03,6.351534e-01,1.122990e-03,1.817289e-03,1.691674e-04
1.755167e-02,1.796471e-03,1.452598e-02,1.391840e-03,1.747756e-01,4.173929e-02,1.375046e-02,8.990750e-02,1.313039e-02,5.259003e-03,1.025752e-02,6.115445e-01,2.643789e-03,1.581226e-03,1.447769e-04
4.546220e-02,1.926142e-03,1.422871e-02,1.588580e-03,2.281851e-01,4.427192e-02,1.134656e-02,7.817836e-02,1.365724e-02,4.846306e-03,2.322544e-02,5.258499e-01,5.008338e-03,2.031306e-03,1.938236e-04
8.234735e-02,2.526706e-03,1.232410e-02,2.561924e-03,2.839090e-01,4.138847e-02,8.397034e-03,6.567846e-02,1.084986e-02,4.450927e-03,3.213022e-02,4.448208e-01,6.001734e-03,2.355363e-03,2.580917e-04
1.216415e-01,3.427888e-03,1.048585e-02,8.220848e-03,2.519264e-01,3.285890e-02,6.493415e-03,4.875407e-02,1.034328e-02,3.642346e-03,7.011260e-02,4.183477e-01,8.568378e-03,4.698067e-03,4.787887e-04
1.465511e-01,3.413965e-03,8.546803e-03,9.199586e-03,2.037155e-01,2.616282e-02,4.890091e-03,3.569317e-02,1.399928e-02,3.283508e-03,1.267500e-01,4.002579e-01,1.010528e-02,6.767049e-03,6.639362e-04
1.552618e-01,3.660065e-03,7.196169e-03,1.579192e-02,1.703212e-01,2.002338e-02,3.847497e-03,2.764941e-02,3.369256e-02,2.774551e-03,1.340891e-01,4.017848e-01,1.172546e-02,1.086896e-02,1.313201e-03
1.723514e-01,3.220560e-03,6.541989e-03,3.039267e-02,2.053005e-01,1.675567e-02,3.124948e-03,2.221262e-02,3.697038e-02,2.660375e-03,1.254693e-01,3.515099e-01,1.155622e-02,1.042379e-02,1.509794e-03
