1.000000e+00,0.000000e+00,0.000000e+00,0.000000e+00,0.000000e+00,0.000000e+00,0.000000e+00,0.000000e+00,0.000000e+00,0.000000e+00,0.000000e+00,0.000000e+00,0.000000e+00,0.000000e+00,0.000000e+00
1.000000e+00,0.000000e+00,0.000000e+00,0.000000e+00,0.000000e+00,0.000000e+00,0.000000e+00,0.000000e+00,0.000000e+00,0.000000e+00,0.000000e+00,0.000000e+00,0.000000e+00,0.000000e+00,0.000000e+00
1.000000e+00,0.000000e+00,0.000000e+00,0.000000e+00,0.000000e+00,0.000000e+00,0.000000e+00,0.000000e+00,0.000000e+00,0.000000e+00,0.000000e+00,0.000000e+00,0.000000e+00,0.000000e+00,0.000000e+00
1.000000e+00,0.000000e+00,0.000000e+00,0.000000e+00,0.000000e+00,0.000000e+00,0.000000e+00,0.000000e+00,0.000000e+00,0.000000e+00,0.000000e+00,0.000000e+00,0.000000e+00,0.000000e+00,0.000000e+00
1.000000e+00,0.000000e+00,0.000000e+00,0.000000e+00,0.000000e+00,0.000000e+00,0.000000e+00,0.000000e+00,0.000000e+00,0.000000e+00,0.000000e+00,0.000000e+00,0.000000e+00,0.000000e+00,0.000000e+00
1.000000e+00,0.000000e+00,0.000000e+00,0.000000e+00,0.000000e+00,0.000000e+00,0.000000e+00,0.000000e+00,0.000000e+00,0.000000e+00,0.000000e+00,0.000000e+00,0.000000e+00,0.000000e+00,0.000000e+00
1.000000e+00,0.000000e+00,0.000000e+00,0.000000e+00,0.000000e+00,0.000000e+00,0.000000e+00,0.000000e+00,0.000000e+00,0.000000e+00,0.000000e+00,0.000000e+00,0.000000e+00,0.000000e+00,0.000000e+00
1.000000e+00,0.000000e+00,0.000000e+00,0.000000e+00,0.000000e+00,0.000000e+00,0.000000e+00,0.000000e+00,0.000000e+00,0.000000e+00,0.000000e+00,0.000000e+00,0.000000e+00,0.000000e+00,0.000000e+00
1.000000e+00,0.000000e+00,0.000000e+00,0.000000e+00,0.000000e+00,0.000000e+00,0.000000e+00,0.000000e+00,0.000000e+00,0.000000e+00,0.000000e+00,0.000000e+00,0.000000e+00,0.000000e+00,0.000000e+00
1.000000e+00,0.000000e+00,0.000000e+00,0.000000e+00,0.000000e+00,0.000000e+00,0.000000e+00,0.000000e+00,0.000000e+00,0.000000e+00,0.000000e+00,0.000000e+00,0.000000e+00,0.000000e+00,0.000000e+00
1.000000e+00,0.000000e+00,0.000000e+00,0.000000e+00,0.000000e+00,0.000000e+00,0.000000e+00,0.000000e+00,0.000000e+00,0.000000e+00,0.000000e+00,0.000000e+00,0.000000e+00,0.000000e+00,0.000000e+00
1.000000e+00,0.000000e+00,0.000000e+00,0.000000e+00,0.000000e+00,0.000000e+00,0.000000e+00,0.000000e+00,0.000000e+00,0.000000e+00,0.000000e+00,0.000000e+00,0.000000e+00,0.000000e+00,0.000000e+00
1.000000e+00,0.000000e+00,0.000000e+00,0.000000e+00,0.000000e+00,0.000000e+00,0.000000e+00,0.000000e+00,0.000000e+00,0.000000e+00,0.000000e+00,0.000000e+00,0.000000e+00,0.000000e+00,0.000000e+00
1.000000e+00,0.000000e+00,0.000000e+00,0.000000e+00,0.000000e+00,0.000000e+00,0.000000e+00,0.000000e+00,0.000000e+00,0.000000e+00,0.000000e+00,0.000000e+00,0.000000e+00,0.000000e+00,0.000000e+00
1.000000e+00,0.000000e+00,0.000000e+00,0.000000e+00,0.000000e+00,0.000000e+00,0.000000e+00,0.000000e+00,0.000000e+00,0.000000e+00,0.000000e+00,0.000000e+00,0.000000e+00,0.000000e+00,0.000000e+00
1.000000e+00,0.000000e+00,0.000000e+00,0.000000e+00,0.000000e+00,0.000000e+00,0.000000e+00,0.000000e+00,0.000000e+00,0.000000e+00,0.000000e+00,0.000000e+00,0.000000e+00,0.000000e+00,0.000000e+00
1.000000e+00,0.000000e+00,0.000000e+00,0.000000e+00,0.000000e+00,0.000000e+00,0.000000e+00,0.000000e+00,0.000000e+00,0.000000e+00,0.000000e+00,0.000000e+00,0.000000e+00,0.000000e+00,0.000000e+00
1.000000e+00,0.000000e+00,0.000000e+00,0.000000e+00,0.000000e+00,0.000000e+00,0.000000e+00,0.000000e+00,0.000000e+00,0.000000e+00,0.000000e+00,0.000000e+00,0.000000e+00,0.000000e+00,0.000000e+00
1.000000e+00,0.000000e+00,0.000000e+00,0.000000e+00,0.000000e+00,0.000000e+00,0.000000e+00,0.000000e+00,0.000000e+00,0.000000e+00,0.000000e+00,0.000000e+00,0.000000e+00,0.000000e+00,0.000000e+00
1.000000e+00,0.000000e+00,0.000000e+00,0.000000e+00,0.000000e+00,0.000000e+00,0.000000e+00,0.000000e+00,0.000000e+00,0.000000e+00,0.000000e+00,0.000000e+00,0.000000e+00,0.000000e+00,0.000000e+00
1.000000e+00,0.000000e+00,0.000000e+00,0.000000e+00,0.000000e+00,0.000000e+00,0.000000e+00,0.000000e+00,0.000000e+00,0.000000e+00,0.000000e+00,0.000000e+00,0.000000e+00,0.000000e+00,0.000000e+00
1.000000e+00,0.000000e+00,0.000000e+00,0.000000e+00,0.000000e+00,0.000000e+00,0.000000e+00,0.000000e+00,0.000000e+00,0.000000e+00,0.000000e+00,0.000000e+00,0.000000e+00,0.000000e+00,0.000000e+00
1.000000e+00,0.000000e+00,0.000000e+00,0.000000e+00,0.000000e+00,0.000000e+00,0.000000e+00,0.000000e+00,0.000000e+00,0.000000e+00,0.000000e+00,0.000000e+00,0.000000e+00,0.000000e+00,0.000000e+00
1.000000e+00,0.000000e+00,0.000000e+00,0.000000e+00,0.000000e+00,0.000000e+00,0.000000e+00,0.000000e+00,0.000000e+00,0.000000e+00,0.000000e+00,0.000000e+00,0.000000e+00,0.000000e+00,0.000000e+00
1.000000e+00,0.000000e+00,0.000000e+00,0.000000e+00,0.000000e+00,0.000000e+00,0.000000e+00,0.000000e+00,0.000000e+00,0.000000e+00,0.000000e+00,0.000000e+00,0.000000e+00,0.000000e+00,0.000000e+00
1.000000e+00,0.000000e+00,0.000000e+00,0.000000e+00,0.000000e+00,0.000000e+00,0.000000e+00,0.000000e+00,0.000000e+00,0.000000e+00,0.000000e+00,0.000000e+00,0.000000e+00,0.000000e+00,0.000000e+00
1.000000e+00,0.000000e+00,0.000000e+00,0.000000e+00,0.000000e+00,0.000000e+00,0.000000e+00,0.000000e+00,0.000000e+00,0.000000e+00,0.000000e+00,0.000000e+00,0.000000e+00,0.000000e+00,0.000000e+00
1.000000e+00,0.000000e+00,0.000000e+00,0.000000e+00,0.000000e+00,0.000000e+00,0.000000e+00,0.000000e+00,0.000000e+00,0.000000e+00,0.000000e+00,0.000000e+00,0.000000e+00,0.000000e+00,0.000000e+00
1.000000e+00,0.000000e+00,0.000000e+00,0.000000e+00,0.000000e+00,0.000000e+00,0.000000e+00,0.000000e+00,0.000000e+00,0.000000e+00,0.000000e+00,0.000000e+00,0.000000e+00,0.000000e+00,0.000000e+00
1.000000e+00,0.000000e+00,0.000000e+00,0.000000e+00,0.000000e+00,0.000000e+00,0.000000e+00,0.000000e+00,0.000000e+00,0.000000e+00,0.000000e+00,0.000000e+00,0.000000e+00,0.000000e+00,0.000000e+00
1.000000e+00,0.000000e+00,0.000000e+00,0.000000e+00,0.000000e+00,0.000000e+00,0.000000e+00,0.000000e+00,0.000000e+00,0.000000e+00,0.000000e+00,0.000000e+00,0.000000e+00,0.000000e+00,0.000000e+00
1.000000e+00,0.000000e+00,0.000000e+00,0.000000e+00,0.000000e+00,0.000000e+00,0.000000e+00,0.000000e+00,0.000000e+00,0.000000e+00,0.000000e+00,0.000000e+00,0.000000e+00,0.000000e+00,0.000000e+00
1.000000e+00,0.000000e+00,0.000000e+00,0.000000e+00,0.000000e+00,0.000000e+00,0.000000e+00,0.000000e+00,0.000000e+00,0.000000e+00,0.000000e+00,0.000000e+00,0.000000e+00,0.000000e+00,0.000000e+00
1.000000e+00,0.000000e+00,0.000000e+00,0.000000e+00,0.000000e+00,0.000000e+00,0.000000e+00,0.000000e+00,0.000000e+00,0.000000e+00,0.000000e+00,0.000000e+00,0.000000e+00,0.000000e+00,0.000000e+00
1.000000e+00,0.000000e+00,0.000000e+00,0.000000e+00,0.000000e+00,0.000000e+00,0.000000e+00,0.000000e+00,0.000000e+00,0.000000e+00,0.000000e+00,0.000000e+00,0.000000e+00,0.000000e+00,0.000000e+00
1.000000e+00,0.000000e+00,0.000000e+00,0.000000e+00,0.000000e+00,0.000000e+00,0.000000e+00,0.000000e+00,0.000000e+00,0.000000e+00,0.000000e+00,0.000000e+00,0.000000e+00,0.000000e+00,0.000000e+00
1.000000e+00,0.000000e+00,0.000000e+00,0.000000e+00,0.000000e+00,0.000000e+00,0.000000e+00,0.000000e+00,0.000000e+00,0.000000e+00,0.000000e+00,0.000000e+00,0.000000e+00,0.000000e+00,0.000000e+00
1.000000e+00,0.000000e+00,0.000000e+00,0.000000e+00,0.000000e+00,0.000000e+00,0.000000e+00,0.000000e+00,0.000000e+00,0.000000e+00,0.000000e+00,0.000000e+00,0.000000e+00,0.000000e+00,0.000000e+00
1.000000e+00,0.000000e+00,0.000000e+00,0.000000e+00,0.000000e+00,0.000000e+00,0.000000e+00,0.000000e+00,0.000000e+00,0.000000e+00,0.000000e+00,0.000000e+00,0.000000e+00,0.000000e+00,0.000000e+00
1.000000e+00,0.000000e+00,0.000000e+00,0.000000e+00,0.000000e+00,0.000000e+00,0.000000e+00,0.000000e+00,0.000000e+00,0.000000e+00,0.000000e+00,0.000000e+00,0.000000e+00,0.000000e+00,0.000000e+00
1.000000e+00,0.000000e+00,0.000000e+00,0.000000e+00,0.000000e+00,0.000000e+00,0.000000e+00,0.000000e+00,0.000000e+00,0.000000e+00,0.000000e+00,0.000000e+00,0.000000e+00,0.000000e+00,0.000000e+00
1.000000e+00,0.000000e+00,0.000000e+00,0.000000e+00,0.000000e+00,0.000000e+00,0.000000e+00,0.000000e+00,0.000000e+00,0.000000e+00,0.000000e+00,0.000000e+00,0.000000e+00,0.000000e+00,0.000000e+00
1.000000e+00,0.000000e+00,0.000000e+00,0.000000e+00,0.000000e+00,0.000000e+00,0.000000e+00,0.000000e+00,0.000000e+00,0.000000e+00,0.000000e+00,0.000000e+00,0.000000e+00,0.000000e+00,0.000000e+00
1.000000e+00,0.000000e+00,0.000000e+00,0.000000e+00,0.000000e+00,0.000000e+00,0.000000e+00,0.000000e+00,0.000000e+00,0.000000e+00,0.000000e+00,0.000000e+00,0.000000e+00,0.000000e+00,0.000000e+00
1.000000e+00,0.000000e+00,0.000000e+00,0.000000e+00,0.000000e+00,0.000000e+00,0.000000e+00,0.000000e+00,0.000000e+00,0.000000e+00,0.000000e+00,0.000000e+00,0.000000e+00,0.000000e+00,0.000000e+00
4.994391e-01,1.193572e-02,7.035170e-02,5.244682e-02,4.981625e-03,1.420018e-02,4.978468e-03,2.634285e-01,5.662984e-03,1.305263e-03,1.471219e-02,2.377991e-02,1.336700e-02,4.916690e-03,1.449384e-02
3.709952e-01,8.633691e-03,6.237268e-02,4.098540e-02,3.840173e-03,1.151211e-02,4.823931e-03,4.399604e-01,4.066114e-03,9.663060e-04,1.060761e-02,1.714753e-02,9.801935e-03,3.632928e-03,1.065401e-02
2.637390e-01,6.240733e-03,5.357328e-02,3.366211e-02,2.891824e-03,8.890197e-03,3.950461e-03,5.860120e-01,2.893953e-03,7.222345e-04,7.604295e-03,1.227451e-02,7.051329e-03,2.911545e-03,7.582461e-03
1.873184e-01,4.428449e-03,4.352298e-02,2.507637e-02,2.159090e-03,6.535212e-03,3.151769e-03,6.987250e-01,2.036078e-03,5.204319e-04,5.370243e-03,8.681081e-03,5.032394e-03,2.106631e-03,5.335808e-03
1.329032e-01,3.159042e-03,3.427169e-02,1.809824e-02,1.687153e-03,4.858015e-03,2.810515e-03,7.814149e-01,1.434441e-03,3.870378e-04,3.805899e-03,6.186166e-03,3.634392e-03,1.574245e-03,3.775086e-03
9.357645e-02,2.237171e-03,2.500817e-02,1.288072e-02,1.397500e-03,3.532448e-03,2.559784e-03,8.439835e-01,1.010604e-03,2.877614e-04,2.699207e-03,4.371128e-03,2.644044e-03,1.141053e-03,2.670358e-03
6.600966e-02,1.590372e-03,1.816722e-02,9.138582e-03,1.316806e-03,2.640878e-03,2.583095e-03,8.878177e-01,7.189700e-04,2.156275e-04,1.939322e-03,3.097750e-03,2.041537e-03,8.243684e-04,1.898012e-03
4.691578e-02,1.162431e-03,1.384869e-02,6.544392e-03,2.432482e-03,2.021778e-03,2.821517e-03,9.162802e-01,5.314895e-04,2.412071e-04,1.394716e-03,2.215132e-03,1.565099e-03,6.106924e-04,1.414360e-03
3.380316e-02,8.535145e-04,1.066755e-02,4.816170e-03,4.623780e-03,1.545666e-03,2.547179e-03,9.351010e-01,4.119153e-04,2.709044e-04,1.027501e-03,1.588081e-03,1.253072e-03,4.433254e-04,1.047104e-03
2.597516e-02,6.520716e-04,8.391651e-03,3.786651e-03,8.112278e-03,1.277437e-03,2.294877e-03,9.443690e-01,4.279491e-04,4.355359e-04,8.013141e-04,1.195932e-03,1.118373e-03,3.393340e-04,8.224059e-04
2.641248e-02,6.168925e-04,6.471671e-03,3.106227e-03,1.271074e-02,1.298587e-03,2.178742e-03,9.417428e-01,5.496910e-04,7.154067e-04,7.259721e-04,1.095995e-03,1.288014e-03,2.769104e-04,8.097701e-04
2.585002e-02,2.982393e-03,5.445009e-03,3.792095e-03,1.763391e-02,1.822541e-03,2.426585e-03,8.907558e-01,5.386317e-03,3.244728e-03,5.028556e-03,5.768323e-03,2.498326e-02,1.099367e-03,3.781014e-03
2.755978e-02,6.439589e-03,4.122416e-03,7.893971e-03,2.071309e-02,2.247389e-03,2.140008e-03,7.829115e-01,1.629846e-02,5.109126e-03,1.633382e-02,7.506423e-03,4.441989e-02,3.591678e-03,5.271283e-02
2.392008e-02,6.796602e-03,3.045795e-03,3.656197e-02,1.755534e-02,2.131639e-03,1.712101e-03,6.270720e-01,3.598503e-02,5.629871e-03,4.162164e-02,2.207150e-02,1.232287e-01,5.697815e-03,4.696985e-02
1.747556e-02,5.430637e-03,2.180665e-03,3.536511e-02,1.261026e-02,1.930177e-03,1.242670e-03,4.474136e-01,3.401639e-02,4.463319e-03,5.874797e-02,6.842900e-02,2.679489e-01,6.224574e-03,3.652109e-02
1.262659e-02,4.577959e-03,1.613026e-03,4.868765e-02,9.212628e-03,1.661241e-03,9.097171e-04,3.149719e-01,4.500714e-02,2.072121e-02,6.812565e-02,7.801251e-02,3.502510e-01,7.668600e-03,3.595317e-02
1.021371e-02,3.521776e-03,1.434495e-03,7.309620e-02,8.605029e-03,1.467882e-03,7.020439e-04,2.224544e-01,5.662625e-02,1.646109e-02,1.024351e-01,8.057567e-02,3.879411e-01,7.810981e-03,2.665426e-02
9.533634e-03,2.736831e-03,1.544606e-03,1.492150e-01,8.889103e-03,1.486202e-03,5.985390e-04,1.598420e-01,6.172416e-02,1.432146e-02,1.566222e-01,6.412421e-02,3.369043e-01,1.062389e-02,2.183383e-02
1.144679e-02,2.427332e-03,3.621210e-03,1.824464e-01,1.541962e-02,1.244581e-03,4.954214e-04,1.355390e-01,1.271091e-01,1.279952e-02,1.625955e-01,4.987794e-02,2.664093e-01,9.137835e-03,1.943044e-02
1.110671e-02,2.517212e-03,5.246278e-03,2.320218e-01,1.532233e-02,1.291194e-03,4.158173e-04,1.500097e-01,1.144283e-01,9.515836e-03,1.891288e-01,3.931361e-02,2.080600e-01,7.117915e-03,1.450455e-02
1.282393e-02,2.154603e-03,5.667765e-03,2.230462e-01,1.389903e-02,1.221786e-03,3.730206e-04,1.208829e-01,9.028779e-02,6.999219e-03,2.811682e-01,3.414777e-02,1.864511e-01,6.919280e-03,1.395737e-02
9.653932e-03,1.837688e-03,5.273338e-03,3.753864e-01,1.043046e-02,1.096271e-03,2.755800e-04,8.952759e-02,8.199321e-02,5.082448e-03,2.411292e-01,2.483168e-02,1.377859e-01,5.103645e-03,1.059264e-02
7.860580e-03,1.451910e-03,5.395843e-03,2.644928e-01,1.192150e-02,8.665207e-04,2.716353e-04,7.131477e-02,5.982406e-02,3.999173e-03,3.929024e-01,1.866034e-02,1.423032e-01,4.138859e-03,1.459640e-02
7.762258e-03,2.187401e-03,1.045594e-02,1.927086e-01,1.679638e-02,9.037860e-04,4.135311e-04,9.702215e-02,4.849958e-02,4.203632e-03,4.126698e-01,1.554548e-02,1.617960e-01,4.894438e-03,2.414107e-02
1.692013e-02,6.697944e-03,7.510384e-02,1.522286e-01,8.888479e-02,2.767728e-03,2.151990e-03,1.472175e-01,4.210246e-02,3.567502e-03,3.043175e-01,1.154921e-02,1.189579e-01,4.241384e-03,2.329151e-02
2.623332e-02,1.863450e-02,1.322781e-01,1.237925e-01,1.124297e-01,4.101582e-03,2.685838e-03,2.020888e-01,3.882759e-02,2.852807e-03,2.150385e-01,8.442549e-03,8.523079e-02,3.219295e-03,2.414412e-02
3.388642e-02,1.621145e-02,1.253815e-01,1.088295e-01,9.188618e-02,3.546177e-03,2.693819e-03,3.455433e-01,2.835193e-02,2.091131e-03,1.522992e-01,6.160248e-03,6.061078e-02,2.640995e-03,1.986740e-02
5.564152e-02,1.920468e-02,1.408711e-01,8.990385e-02,8.149972e-02,5.331232e-03,2.906559e-03,4.027617e-01,2.251842e-02,1.973445e-03,1.097514e-01,5.114308e-03,4.389926e-02,2.185637e-03,1.643717e-02
4.591163e-02,1.464211e-02,1.430378e-01,7.081109e-02,6.158608e-02,4.698505e-03,2.365068e-03,5.121360e-01,1.649093e-02,1.576402e-03,7.815227e-02,3.917468e-03,3.114932e-02,1.719594e-03,1.180578e-02
4.903146e-02,1.288556e-02,1.233086e-01,5.293117e-02,5.511331e-02,5.029695e-03,2.526042e-03,5.952173e-01,1.223045e-02,1.274134e-03,5.556943e-02,2.982656e-03,2.209847e-02,1.293805e-03,8.507873e-03
4.419528e-02,9.939072e-03,8.917633e-02,3.794175e-02,4.289305e-02,4.209683e-03,2.073309e-03,6.955403e-01,9.062402e-03,9.948844e-04,3.915583e-02,2.168223e-03,1.563955e-02,9.826663e-04,6.027653e-03
4.712866e-02,7.682179e-03,6.550758e-02,2.729240e-02,3.323159e-02,6.057076e-03,2.240552e-03,7.574879e-01,6.685353e-03,7.973440e-04,2.770328e-02,1.699079e-03,1.134903e-02,7.789951e-04,4.359041e-03
5.029836e-02,5.648645e-03,5.147633e-02,2.036938e-02,2.691758e-02,5.959216e-03,1.993438e-03,7.985277e-01,4.968909e-03,6.661792e-04,1.963900e-02,1.477638e-03,8.208661e-03,6.254058e-04,3.223554e-03
4.415646e-02,4.172096e-03,3.953127e-02,1.551654e-02,2.163978e-02,5.236046e-03,1.712705e-03,8.400812e-01,3.703638e-03,5.109365e-04,1.384780e-02,1.147089e-03,5.886177e-03,4.931255e-04,2.365182e-03
3.967629e-02,3.062366e-03,2.901501e-02,1.171541e-02,1.714639e-02,4.464823e-03,1.733869e-03,8.726213e-01,3.011803e-03,4.042771e-04,9.773677e-03,9.292231e-04,4.205815e-03,4.359721e-04,1.803782e-03
3.299764e-02,2.203754e-03,2.085730e-02,8.656589e-03,1.265818e-02,3.405044e-03,1.648453e-03,9.026777e-01,2.268082e-03,3.049548e-04,6.874291e-03,7.356199e-04,2.992774e-03,3.533680e-04,1.366367e-03
3.602388e-02,1.668019e-03,1.591599e-02,6.917821e-03,9.464354e-03,3.325822e-03,2.065327e-03,9.126993e-01,1.879330e-03,2.931971e-04,4.948591e-03,9.266993e-04,2.268171e-03,3.325489e-04,1.270954e-03
6.705631e-02,1.506661e-03,1.441789e-02,5.657673e-03,7.312060e-03,4.226799e-03,2.834692e-03,8.837974e-01,1.711459e-03,5.727524e-04,3.780961e-03,2.181981e-03,2.138383e-03,4.162309e-04,2.388751e-03
9.312934e-02,1.450278e-03,1.234138e-02,5.037353e-03,5.806441e-03,4.754430e-03,2.938439e-03,8.601493e-01,1.607569e-03,7.616651e-04,3.010738e-03,3.377130e-03,2.163290e-03,4.690827e-04,3.003588e-03
1.329924e-01,2.814539e-03,9.876605e-03,1.146931e-02,5.789886e-03,9.973494e-03,2.477614e-03,6.732122e-01,5.961379e-02,9.460519e-03,7.738582e-03,2.180913e-02,1.904375e-02,7.593191e-03,2.613502e-02
1.014497e-01,4.533815e-03,7.277576e-03,1.893548e-02,5.188694e-03,7.830871e-03,1.908483e-03,4.824139e-01,2.659055e-01,1.698636e-02,1.010382e-02,1.874105e-02,2.318273e-02,7.730345e-03,2.781168e-02
9.473803e-02,6.457274e-03,5.591018e-03,2.251527e-02,4.928551e-03,6.730837e-03,1.752984e-03,3.476263e-01,3.430352e-01,2.770356e-02,1.846561e-02,2.099354e-02,3.986808e-02,1.188996e-02,4.770382e-02
1.148691e-01,8.616636e-03,5.556620e-03,4.019711e-02,6.132282e-03,6.985724e-03,1.785435e-03,2.696232e-01,3.100329e-01,4.122295e-02,4.017184e-02,2.950288e-02,5.967087e-02,1.960507e-02,4.602735e-02
1.103232e-01,8.601859e-03,4.382069e-03,8.296528e-02,4.996618e-03,6.053571e-03,1.425783e-03,1.981236e-01,3.525862e-01,3.966048e-02,4.902775e-02,2.894550e-02,5.762101e-02,1.794465e-02,3.734252e-02
8.073811e-02,7.754759e-03,3.612326e-03,1.278273e-01,4.108390e-03,5.018804e-03,1.073440e-03,1.397201e-01,3.367603e-01,3.057365e-02,8.072485e-02,2.978176e-02,8.451717e-02,1.483402e-02,5.295506e-02
5.817217e-02,7.341374e-03,4.772247e-03,1.475827e-01,3.950260e-03,3.816972e-03,8.112965e-04,9.825839e-02,2.970341e-01,2.245353e-02,1.282185e-01,2.643597e-02,1.307025e-01,1.527428e-02,5.517576e-02
4.224867e-02,6.336271e-03,4.259893e-03,1.233025e-01,1.426461e-02,2.804361e-03,6.611505e-04,6.893469e-02,2.303623e-01,1.590883e-02,2.505289e-01,2.619203e-02,1.590132e-01,1.147404e-02,4.370867e-02
3.417943e-02,5.746705e-03,4.276423e-03,1.375728e-01,4.452245e-02,2.377748e-03,6.750412e-04,5.130982e-02,2.184788e-01,1.209643e-02,2.192810e-01,2.203283e-02,1.871651e-01,1.115659e-02,4.912876e-02
3.190447e-02,5.034857e-03,4.955634e-03,1.579817e-01,4.641999e-02,2.723573e-03,6.522696e-04,3.915247e-02,2.031512e-01,9.377556e-03,2.151079e-01,1.863857e-02,1.954920e-01,9.826651e-03,5.958112e-02
2.541045e-02,3.967326e-03,4.843192e-03,1.152376e-01,9.900588e-02,2.268568e-03,8.987415e-04,2.819151e-02,1.537837e-01,7.156399e-03,2.104788e-01,1.826629e-02,2.586052e-01,8.488652e-03,6.339759e-02
1.902582e-02,2.933841e-03,3.991018e-03,8.226102e-02,1.044015e-01,2.693850e-03,8.853188e-04,2.754575e-02,1.153525e-01,8.139925e-03,2.535759e-01,3.313554e-02,2.795148e-01,7.253326e-03,5.928994e-02
1.484093e-02,2.126103e-03,4.200637e-03,5.832342e-02,1.870829e-01,2.396649e-03,1.171565e-03,3.236339e-02,8.503296e-02,7.985460e-03,2.513832e-01,3.360580e-02,2.514629e-01,6.343940e-03,6.168012e-02
1.624875e-02,1.814615e-03,4.584209e-03,4.748740e-02,2.030801e-01,3.417813e-03,1.515763e-03,4.682719e-02,6.552421e-02,7.720496e-03,2.231947e-01,3.049945e-02,2.659882e-01,5.636855e-03,7.646021e-02
1.311688e-02,1.322583e-03,3.758152e-03,3.681274e-02,2.618037e-01,2.604386e-03,1.320037e-03,5.035965e-02,4.837385e-02,7.091783e-03,2.029878e-01,2.410995e-02,2.470115e-01,4.951640e-03,9.437542e-02
1.106727e-02,9.813511e-04,3.873171e-03,2.812080e-02,2.979037e-01,2.023503e-03,1.207280e-03,9.479108e-02,3.635542e-02,7.725536e-03,1.783687e-01,2.206503e-02,2.272230e-01,4.249230e-03,8.404499e-02
1.131377e-02,8.602665e-04,5.954797e-03,2.355856e-02,3.254625e-01,1.757534e-03,1.259755e-03,1.469623e-01,2.966725e-02,7.268500e-03,1.556640e-01,1.757259e-02,2.049110e-01,3.687980e-03,6.409928e-02
1.071282e-02,7.583245e-04,1.072584e-02,1.766367e-02,3.194965e-01,1.418586e-03,1.346085e-03,2.503695e-01,2.366142e-02,6.044156e-03,1.257445e-01,1.310620e-02,1.686103e-01,2.899873e-03,4.744221e-02
7.567507e-03,5.344071e-04,8.174041e-03,1.243618e-02,2.286439e-01,1.000531e-03,1.020222e-03,4.662906e-01,1.667807e-02,4.258452e-03,8.902081e-02,9.204669e-03,1.197534e-01,2.038299e-03,3.337894e-02
5.312879e-03,3.746829e-04,5.818191e-03,8.726400e-03,1.608519e-01,7.021609e-04,7.285410e-04,6.250509e-01,1.168352e-02,2.984488e-03,6.247198e-02,6.448238e-03,8.403280e-02,1.427450e-03,2.338576e-02
3.772472e-03,2.654145e-04,4.183998e-03,6.126021e-03,1.130911e-01,5.006694e-04,5.251975e-04,7.367858e-01,8.182442e-03,2.092094e-03,4.374820e-02,4.515572e-03,5.883905e-02,1.000720e-03,1.637119e-02
2.819905e-03,1.892836e-04,3.058658e-03,4.296960e-03,8.007420e-02,4.415106e-04,3.934066e-04,8.143170e-01,5.732191e-03,1.472928e-03,3.063257e-02,3.172181e-03,4.122594e-02,7.110795e-04,1.146219e-02
2.330319e-03,1.374019e-04,2.248072e-03,3.020345e-03,5.731115e-02,4.364858e-04,2.949704e-04,8.680286e-01,4.018911e-03,1.039589e-03,2.145689e-02,2.234160e-03,2.890432e-02,5.122093e-04,8.026500e-03
2.870659e-03,9.951679e-05,1.607944e-03,2.142739e-03,4.117247e-02,3.844977e-04,2.197988e-04,9.050652e-01,2.825018e-03,7.304479e-04,1.503021e-02,1.583666e-03,2.028376e-02,3.645224e-04,5.619530e-03
2.954079e-03,7.125836e-05,1.137879e-03,1.511557e-03,2.938029e-02,3.028216e-04,1.607794e-04,9.319245e-01,1.981724e-03,5.121591e-04,1.052557e-02,1.120256e-03,1.422498e-02,2.578374e-04,3.934242e-03
2.939083e-03,5.201703e-05,8.238874e-04,1.072753e-03,2.110265e-02,2.307443e-04,1.289606e-04,9.508194e-01,1.390634e-03,3.593311e-04,7.372109e-03,8.003733e-04,9.969679e-03,1.833166e-04,2.755032e-03
3.246794e-03,4.355478e-05,6.037528e-04,7.696625e-04,1.571728e-02,1.815232e-04,1.113827e-04,9.632743e-01,9.807724e-04,2.522400e-04,5.168024e-03,5.928900e-04,6.995820e-03,1.304494e-04,1.931522e-03
3.682042e-03,4.229108e-05,4.509948e-04,5.794881e-04,1.168355e-02,1.517095e-04,1.079225e-04,9.719664e-01,6.977689e-04,1.775587e-04,3.626736e-03,4.632661e-04,4.919501e-03,9.401630e-05,1.356718e-03
4.264933e-03,3.755097e-05,3.537577e-04,4.863671e-04,8.426892e-03,1.217055e-04,9.841768e-05,9.782159e-01,4.974472e-04,1.250237e-04,2.545526e-03,3.501885e-04,3.455068e-03,6.791835e-05,9.533520e-04
6.118432e-03,4.034017e-05,2.822275e-04,4.435198e-04,6.248096e-03,1.187910e-04,1.448225e-04,9.808912e-01,3.654562e-04,9.008630e-05,1.797806e-03,2.924321e-04,2.442221e-03,5.036515e-05,6.742073e-04
8.930089e-03,5.453978e-05,2.787874e-04,5.508333e-04,5.166242e-03,1.511668e-04,2.936460e-04,9.803793e-01,2.911223e-04,7.154735e-05,1.277441e-03,2.830442e-04,1.746093e-03,4.112282e-05,4.850683e-04
2.385625e-02,9.256724e-05,2.730222e-04,6.288677e-04,4.148923e-03,3.234689e-04,2.914729e-04,9.657737e-01,2.867230e-04,7.692280e-05,1.062593e-03,1.119093e-03,1.584099e-03,6.438758e-05,4.179019e-04
6.827642e-02,4.311711e-04,3.220804e-04,1.670399e-03,4.682469e-03,9.841758e-04,3.274527e-04,8.952392e-01,7.903359e-04,3.111083e-04,2.855199e-03,1.042816e-02,1.245823e-02,3.788767e-04,8.448299e-04
6.667121e-02,8.902426e-04,3.387065e-04,3.676759e-03,7.650387e-03,4.018527e-03,4.089661e-04,6.712108e-01,5.469671e-03,4.264506e-04,1.571832e-02,8.272400e-02,1.379640e-01,6.902215e-04,2.141864e-03
7.907465e-02,9.883987e-04,3.556284e-04,3.686063e-03,1.810678e-02,6.032056e-03,7.597983e-04,5.362683e-01,8.467029e-03,4.437824e-04,1.851844e-02,7.480243e-02,2.496362e-01,6.066527e-04,2.253795e-03
5.834778e-02,8.424232e-04,2.965992e-04,3.218221e-03,1.352970e-02,6.365988e-03,6.786195e-04,3.856102e-01,9.659157e-03,3.270392e-04,1.693499e-02,9.043807e-02,4.114259e-01,4.542646e-04,1.871072e-03
4.235319e-02,1.459524e-03,8.694348e-04,4.957471e-03,1.414833e-02,1.060512e-02,9.502746e-04,2.747745e-01,3.175132e-02,3.523690e-04,1.735244e-02,9.149964e-02,5.062027e-01,5.417262e-04,2.181967e-03
3.438241e-02,1.692278e-03,8.942101e-04,6.271512e-03,1.660829e-02,1.198730e-02,1.193707e-03,1.944903e-01,5.570614e-02,6.621554e-04,1.886491e-02,2.487019e-01,4.057248e-01,7.347011e-04,2.085440e-03
2.658524e-02,1.345310e-03,7.661375e-04,4.672294e-03,1.442350e-02,8.709514e-03,1.054718e-03,1.364057e-01,4.930943e-02,9.667537e-04,1.711960e-02,4.204988e-01,3.146255e-01,1.870041e-03,1.647587e-03
2.232962e-02,1.060390e-03,5.893765e-04,3.579401e-03,1.204086e-02,6.348060e-03,9.663672e-04,9.567918e-02,4.108072e-02,1.278876e-03,1.606365e-02,5.574298e-01,2.374879e-01,2.831173e-03,1.234538e-03
1.749842e-02,2.508369e-03,8.995334e-04,2.614287e-03,1.124730e-02,4.744035e-03,8.528136e-04,6.704897e-02,3.641071e-02,5.036828e-03,1.987535e-02,6.464812e-01,1.789488e-01,4.886492e-03,9.469576e-04
1.317200e-02,2.600541e-03,8.083426e-04,1.845906e-03,1.065562e-02,3.850505e-03,7.131509e-04,4.697058e-02,2.737569e-02,8.505955e-03,2.074735e-02,7.268685e-01,1.305612e-01,4.636155e-03,6.885114e-04
1.011867e-02,2.419163e-03,6.277766e-04,1.305861e-03,9.801125e-03,5.562929e-03,5.411286e-04,3.297776e-02,2.037868e-02,1.055461e-02,2.226593e-02,7.836745e-01,9.539054e-02,3.887858e-03,4.934982e-04
2.092112e-02,2.863184e-03,8.048125e-04,1.183287e-03,2.768569e-02,8.262528e-03,5.611133e-04,2.323913e-02,1.959608e-02,2.428867e-02,2.353756e-02,7.687577e-01,7.280364e-02,5.010910e-03,4.845841e-04
3.222709e-02,2.601150e-03,8.666409e-04,1.051862e-03,4.993604e-02,8.692005e-03,7.244730e-04,1.657439e-02,3.420492e-02,2.498852e-02,2.186906e-02,7.460430e-01,5.507473e-02,4.688399e-03,4.577099e-04
3.608131e-02,2.576928e-03,9.379798e-04,1.814102e-03,1.170021e-01,7.390774e-03,3.673072e-03,1.361407e-02,5.378049e-02,2.206051e-02,3.326749e-02,6.613160e-01,4.224309e-02,3.750142e-03,4.919408e-04
1.136794e-01,2.519661e-03,1.015856e-03,3.627561e-03,1.064314e-01,1.267747e-02,3.303776e-03,1.626658e-02,6.489170e-02,2.039582e-02,2.958791e-02,5.796624e-01,4.085031e-02,4.216255e-03,8.739055e-04
1.194018e-01,2.245668e-03,8.509831e-04,4.306111e-03,1.030574e-01,1.475676e-02,3.131083e-03,1.462176e-02,6.268489e-02,1.834854e-02,2.666460e-02,5.846548e-01,4.041673e-02,3.921968e-03,9.368457e-04
8.687311e-02,2.052659e-03,1.028557e-03,4.491766e-03,1.434360e-01,1.841567e-02,4.840237e-03,1.259823e-02,8.769613e-02,1.341985e-02,2.690645e-02,5.523581e-01,4.182687e-02,3.165467e-03,8.908979e-04
6.365010e-02,1.958665e-03,1.275097e-03,3.870172e-03,1.494942e-01,1.904823e-02,5.354225e-03,1.059607e-02,8.765191e-02,1.008333e-02,2.813208e-02,5.673461e-01,4.796554e-02,2.733213e-03,8.410467e-04
4.697513e-02,1.840814e-03,7.139288e-03,3.477651e-03,1.241028e-01,1.563452e-02,4.238197e-03,1.031981e-01,8.049839e-02,7.516865e-03,2.787006e-02,5.243379e-01,5.029226e-02,2.204820e-03,6.732286e-04
3.641659e-02,6.514583e-03,7.711223e-03,3.451496e-03,1.027905e-01,1.313887e-02,3.234237e-03,8.990674e-02,2.331944e-01,6.066149e-03,2.574066e-02,4.238667e-01,4.503234e-02,2.168051e-03,7.673757e-04
2.796386e-02,7.278278e-03,6.799411e-03,3.299897e-03,8.261354e-02,1.168632e-02,2.483865e-03,9.095559e-02,3.610908e-01,4.755225e-03,2.602819e-02,3.313667e-01,4.108328e-02,1.870961e-03,7.239872e-04
2.233404e-02,6.793830e-03,5.389083e-03,3.333916e-03,9.819745e-02,9.999854e-03,2.599868e-03,9.179229e-02,4.620433e-01,3.519930e-03,2.088431e-02,2.389088e-01,3.222841e-02,1.386718e-03,5.880992e-04
1.961166e-02,5.977885e-03,4.582186e-03,4.140053e-03,1.248647e-01,1.023976e-02,2.863373e-03,1.477038e-01,4.662506e-01,2.592438e-03,1.584482e-02,1.688538e-01,2.488866e-02,1.069443e-03,5.167630e-04
2.885471e-02,7.409117e-03,3.964461e-03,4.541169e-03,1.560517e-01,9.297923e-03,4.755844e-03,1.578025e-01,4.755065e-01,1.887599e-03,1.149555e-02,1.188038e-01,1.834374e-02,8.169496e-04,4.684300e-04
5.037404e-02,1.307681e-02,3.557257e-03,1.231764e-02,1.486485e-01,1.119450e-02,4.339202e-03,1.776339e-01,4.672583e-01,1.537678e-03,9.028575e-03,8.432647e-02,1.488439e-02,6.708417e-04,1.151874e-03
7.391852e-02,1.331578e-02,3.008328e-03,1.038389e-02,1.482234e-01,1.022298e-02,4.478981e-03,1.965303e-01,4.580805e-01,1.144671e-03,6.767879e-03,5.957737e-02,1.255123e-02,5.741087e-04,1.222023e-03
1.250008e-01,1.171661e-02,2.424505e-03,1.000402e-02,1.581156e-01,1.107133e-02,6.390807e-03,2.067466e-01,4.065846e-01,9.024507e-04,5.047876e-03,4.351850e-02,1.046598e-02,4.915091e-04,1.518816e-03
1.385076e-01,1.104564e-02,1.976458e-03,8.620488e-03,1.471721e-01,1.461377e-02,7.163081e-03,2.366360e-01,3.864770e-01,6.688290e-04,3.929609e-03,3.209199e-02,9.051641e-03,4.154708e-04,1.630295e-03
1.479187e-01,1.244284e-02,1.662170e-03,7.413979e-03,1.497290e-01,1.496479e-02,6.618605e-03,1.908799e-01,4.293284e-01,6.287351e-04,3.206281e-03,2.458758e-02,7.859720e-03,4.232796e-04,2.335968e-03
1.449738e-01,1.160485e-02,1.386061e-03,6.073362e-03,1.414946e-01,1.395690e-02,5.620932e-03,1.803160e-01,4.629033e-01,5.621557e-04,2.711591e-03,1.829582e-02,6.962577e-03,4.632002e-04,2.674883e-03
1.509468e-01,1.325896e-02,1.260606e-03,4.892706e-03,1.495270e-01,1.302615e-02,4.687929e-03,1.621664e-01,4.747363e-01,4.901270e-04,2.223035e-03,1.408521e-02,5.676912e-03,4.836130e-04,2.538186e-03
1.986274e-01,2.025001e-02,2.209775e-03,1.937095e-02,1.223671e-01,1.465271e-02,3.859005e-03,1.335341e-01,4.201112e-01,3.521142e-03,4.686573e-03,2.563713e-02,1.356068e-02,9.683214e-04,1.664387e-02
2.399570e-01,2.747747e-02,2.166823e-03,2.062847e-02,9.543062e-02,1.870738e-02,3.505322e-03,1.115540e-01,3.995268e-01,4.376007e-03,5.787257e-03,2.728582e-02,2.232433e-02,1.122916e-03,2.014970e-02
2.286481e-01,3.032804e-02,2.250308e-03,2.243114e-02,6.965330e-02,3.043962e-02,2.776480e-03,7.975315e-02,3.560457e-01,4.277089e-03,6.778671e-03,2.953895e-02,9.373450e-02,1.321027e-03,4.202382e-02
1.722495e-01,2.241215e-02,1.929348e-03,1.816724e-02,5.328248e-02,4.209897e-02,2.395787e-03,5.709886e-02,2.674989e-01,3.352721e-03,7.274983e-03,2.384726e-02,2.907628e-01,1.191578e-03,3.643738e-02
1.265977e-01,1.668356e-02,2.604977e-03,1.908829e-02,4.607531e-02,3.642861e-02,1.932059e-03,4.115750e-02,2.032810e-01,2.677935e-03,8.492466e-03,2.313259e-02,4.390582e-01,1.051989e-03,3.173784e-02
9.198745e-02,1.183860e-02,2.134453e-03,1.417109e-02,3.763201e-02,3.576044e-02,1.675501e-03,2.964825e-02,1.468734e-01,2.056507e-03,1.034147e-02,2.432701e-02,5.677693e-01,9.222090e-04,2.286223e-02
7.062131e-02,8.732721e-03,1.710635e-03,1.064700e-02,3.238305e-02,2.863511e-02,1.839887e-03,2.300669e-02,1.176701e-01,1.717986e-03,1.458605e-02,3.188729e-02,6.389413e-01,8.827028e-04,1.673811e-02
7.797641e-02,1.004032e-02,8.366630e-03,1.013718e-02,2.867040e-02,2.397559e-02,1.694742e-03,2.994534e-02,1.117057e-01,2.919875e-03,2.334599e-02,7.414001e-02,5.828676e-01,1.077872e-03,1.313636e-02
1.284104e-01,9.007797e-03,2.412883e-02,1.071124e-02,2.360780e-02,2.883817e-02,2.888132e-03,4.642887e-02,9.410045e-02,4.348051e-03,2.555957e-02,1.395000e-01,4.512661e-01,9.686767e-04,1.023588e-02
1.842537e-01,1.151488e-02,2.416946e-02,1.834005e-02,1.921152e-02,3.460363e-02,2.724784e-03,3.453592e-02,1.048692e-01,6.696097e-03,2.452645e-02,1.896310e-01,3.335168e-01,1.052635e-03,1.035393e-02
2.912533e-01,1.164754e-02,2.064394e-02,3.100292e-02,1.583879e-02,3.851267e-02,2.764958e-03,2.637035e-02,9.136450e-02,9.847409e-03,2.472749e-02,1.739595e-01,2.419790e-01,3.422751e-03,1.666494e-02
3.834140e-01,1.487098e-02,1.874265e-02,3.678273e-02,1.468234e-02,3.624088e-02,2.751324e-03,2.374073e-02,7.357058e-02,1.034905e-02,2.927147e-02,1.518384e-01,1.760047e-01,5.379690e-03,2.236041e-02
4.258987e-01,1.823111e-02,2.388103e-02,6.537247e-02,1.431493e-02,3.820607e-02,2.757671e-03,2.189607e-02,6.508815e-02,9.663433e-03,3.023976e-02,1.255009e-01,1.274507e-01,5.686685e-03,2.581241e-02
3.874251e-01,2.841236e-02,4.575279e-02,9.042041e-02,2.608464e-02,3.645205e-02,2.668517e-03,5.282458e-02,7.159821e-02,8.850874e-03,2.857175e-02,9.608358e-02,9.265237e-02,7.887626e-03,2.431517e-02
3.541052e-01,3.918216e-02,4.870627e-02,9.192172e-02,4.024214e-02,3.144969e-02,2.666221e-03,8.068284e-02,8.540002e-02,8.715785e-03,3.575137e-02,8.012518e-02,6.790864e-02,1.143195e-02,2.171079e-02
2.984984e-01,4.469091e-02,5.099656e-02,7.546739e-02,5.051292e-02,2.651369e-02,2.180394e-03,1.036855e-01,1.623130e-01,8.418800e-03,3.131352e-02,6.041797e-02,4.905975e-02,1.615515e-02,1.977609e-02
2.415932e-01,3.963981e-02,4.530261e-02,6.414165e-02,4.661348e-02,2.045717e-02,1.705629e-03,1.451402e-01,2.473100e-01,7.274786e-03,2.640377e-02,4.486517e-02,3.528496e-02,1.761365e-02,1.665391e-02
2.011678e-01,6.058507e-02,3.633115e-02,5.113688e-02,4.745599e-02,1.904722e-02,1.362405e-03,1.239139e-01,3.344363e-01,6.836219e-03,2.541806e-02,3.362681e-02,2.552205e-02,1.914194e-02,1.401822e-02
2.127806e-01,9.399280e-02,2.885558e-02,4.301699e-02,6.274065e-02,1.578993e-02,1.099148e-03,9.470262e-02,3.421896e-01,6.074381e-03,2.595971e-02,2.495241e-02,1.855235e-02,1.696136e-02,1.233189e-02
2.456390e-01,1.189071e-01,2.290146e-02,3.662690e-02,5.483238e-02,1.876151e-02,1.052761e-03,7.004572e-02,3.308914e-01,5.414778e-03,2.749423e-02,1.996471e-02,1.381060e-02,1.920634e-02,1.445113e-02
2.622519e-01,1.463352e-01,1.829831e-02,3.147993e-02,4.202832e-02,1.937313e-02,8.818518e-04,5.046496e-02,2.793077e-01,7.600809e-03,2.351075e-02,2.006908e-02,1.122011e-02,2.193777e-02,6.524019e-02
2.253670e-01,1.463709e-01,1.475537e-02,3.547499e-02,3.942974e-02,3.023442e-02,1.173420e-03,4.115635e-02,2.662340e-01,8.655177e-03,2.221314e-02,1.858655e-02,1.500151e-02,2.051349e-02,1.148341e-01
2.142460e-01,1.727150e-01,2.646756e-02,5.878508e-02,3.882323e-02,3.576194e-02,1.614460e-03,4.010625e-02,2.077088e-01,9.293726e-03,1.926317e-02,1.514661e-02,1.309811e-02,1.750617e-02,1.294640e-01
2.869381e-01,1.455636e-01,3.070251e-02,5.518301e-02,3.685741e-02,7.341304e-02,1.538864e-03,3.787868e-02,1.621806e-01,7.298354e-03,1.655873e-02,1.329387e-02,1.071904e-02,1.708229e-02,1.047919e-01
2.855696e-01,1.568210e-01,2.658365e-02,4.264377e-02,3.963991e-02,1.366466e-01,1.330809e-03,3.437859e-02,1.417804e-01,5.574882e-03,1.391727e-02,1.034204e-02,8.401932e-03,1.788193e-02,7.848752e-02
3.192022e-01,1.248665e-01,4.460426e-02,4.869717e-02,5.122973e-02,1.318421e-01,1.497525e-03,6.362193e-02,1.100929e-01,4.396057e-03,1.207202e-02,9.420222e-03,6.546173e-03,1.568845e-02,5.622266e-02
3.291008e-01,1.215282e-01,3.565194e-02,3.955655e-02,4.758726e-02,1.891129e-01,1.310914e-03,5.454747e-02,1.004238e-01,3.372002e-03,1.040945e-02,8.089403e-03,5.392375e-03,1.318812e-02,4.072870e-02
3.929450e-01,1.039938e-01,2.698053e-02,3.128072e-02,4.291135e-02,1.992274e-01,1.378852e-03,3.925420e-02,9.323905e-02,2.541994e-03,9.910579e-03,9.517513e-03,5.324566e-03,1.084543e-02,3.064910e-02
4.770769e-01,7.785985e-02,1.973204e-02,2.311278e-02,6.577311e-02,1.518048e-01,3.321277e-03,2.887342e-02,9.656587e-02,2.060696e-03,8.407735e-03,9.425601e-03,4.843307e-03,8.143886e-03,2.299876e-02
1.000000e+00,0.000000e+00,0.000000e+00,0.000000e+00,0.000000e+00,0.000000e+00,0.000000e+00,0.000000e+00,0.000000e+00,0.000000e+00,0.000000e+00,0.000000e+00,0.000000e+00,0.000000e+00,0.000000e+00
1.000000e+00,0.000000e+00,0.000000e+00,0.000000e+00,0.000000e+00,0.000000e+00,0.000000e+00,0.000000e+00,0.000000e+00,0.000000e+00,0.000000e+00,0.000000e+00,0.000000e+00,0.000000e+00,0.000000e+00
1.000000e+00,0.000000e+00,0.000000e+00,0.000000e+00,0.000000e+00,0.000000e+00,0.000000e+00,0.000000e+00,0.000000e+00,0.000000e+00,0.000000e+00,0.000000e+00,0.000000e+00,0.000000e+00,0.000000e+00
1.000000e+00,0.000000e+00,0.000000e+00,0.000000e+00,0.000000e+00,0.000000e+00,0.000000e+00,0.000000e+00,0.000000e+00,0.000000e+00,0.000000e+00,0.000000e+00,0.000000e+00,0.000000e+00,0.000000e+00
1.000000e+00,0.000000e+00,0.000000e+00,0.000000e+00,0.000000e+00,0.000000e+00,0.000000e+00,0.000000e+00,0.000000e+00,0.000000e+00,0.000000e+00,0.000000e+00,0.000000e+00,0.000000e+00,0.000000e+00
1.000000e+00,0.000000e+00,0.000000e+00,0.000000e+00,0.000000e+00,0.000000e+00,0.000000e+00,0.000000e+00,0.000000e+00,0.000000e+00,0.000000e+00,0.000000e+00,0.000000e+00,0.000000e+00,0.000000e+00
1.000000e+00,0.000000e+00,0.000000e+00,0.000000e+00,0.000000e+00,0.000000e+00,0.000000e+00,0.000000e+00,0.000000e+00,0.000000e+00,0.000000e+00,0.000000e+00,0.000000e+00,0.000000e+00,0.000000e+00
1.000000e+00,0.000000e+00,0.000000e+00,0.000000e+00,0.000000e+00,0.000000e+00,0.000000e+00,0.000000e+00,0.000000e+00,0.000000e+00,0.000000e+00,0.000000e+00,0.000000e+00,0.000000e+00,0.000000e+00
1.000000e+00,0.000000e+00,0.000000e+00,0.000000e+00,0.000000e+00,0.000000e+00,0.000000e+00,0.000000e+00,0.000000e+00,0.000000e+00,0.000000e+00,0.000000e+00,0.000000e+00,0.000000e+00,0.000000e+00
1.000000e+00,0.000000e+00,0.000000e+00,0.000000e+00,0.000000e+00,0.000000e+00,0.000000e+00,0.000000e+00,0.000000e+00,0.000000e+00,0.000000e+00,0.000000e+00,0.000000e+00,0.000000e+00,0.000000e+00
4.116267e-01,1.359024e-02,1.752212e-02,5.277006e-02,1.020399e-02,2.196286e-02,1.283428e-03,2.324406e-03,5.475991e-02,3.223886e-02,1.369140e-02,1.921432e-02,3.217625e-02,1.736464e-02,2.992708e-01
2.965048e-01,2.517200e-02,1.627731e-02,5.004442e-02,8.481750e-03,2.358083e-02,1.152006e-03,2.175890e-03,7.070364e-02,2.804279e-02,2.650032e-02,2.927259e-02,9.258630e-02,2.228629e-02,3.072191e-01
2.424489e-01,2.099852e-02,1.202954e-02,5.141684e-02,1.005862e-02,2.150461e-02,1.113697e-03,2.206829e-03,1.369383e-01,2.082989e-02,4.586682e-02,2.951999e-02,1.404967e-01,1.693704e-02,2.476338e-01
1.899686e-01,2.132195e-02,1.474205e-02,8.893611e-02,1.306157e-02,2.134742e-02,1.884819e-03,5.064769e-03,1.587585e-01,2.119851e-02,4.087910e-02,2.743205e-02,1.703547e-01,1.387103e-02,2.111789e-01
1.377034e-01,2.058987e-02,1.182901e-02,8.724408e-02,1.407214e-02,2.622156e-02,1.779342e-03,4.117740e-03,1.606731e-01,1.767491e-02,3.385897e-02,2.938294e-02,2.537152e-01,1.396774e-02,1.871699e-01
1.054645e-01,2.461908e-02,1.204850e-02,1.082056e-01,1.461945e-02,2.316055e-02,1.962456e-03,4.600136e-03,2.208505e-01,1.749046e-02,3.992029e-02,3.518320e-02,2.241157e-01,1.636802e-02,1.513914e-01
9.053624e-02,2.300101e-02,9.861094e-03,8.908702e-02,1.263946e-02,3.040207e-02,1.716363e-03,4.887645e-03,1.790956e-01,1.453856e-02,3.410140e-02,4.111422e-02,3.126455e-01,1.527310e-02,1.411007e-01
8.579531e-02,1.771150e-02,7.991606e-03,6.981520e-02,1.098378e-02,4.102083e-02,1.816939e-03,5.783479e-03,1.309448e-01,1.061034e-02,2.579271e-02,3.667344e-02,4.378257e-01,1.181953e-02,1.054148e-01
7.264898e-02,1.286735e-02,6.279847e-03,5.085751e-02,1.000972e-02,3.415648e-02,1.419105e-03,5.773410e-03,9.349521e-02,7.852197e-03,2.092682e-02,3.555264e-02,5.604856e-01,1.006534e-02,7.760980e-02
1.127353e-01,1.060340e-02,6.321562e-03,3.676273e-02,1.096713e-02,3.123161e-02,2.154840e-03,1.144833e-02,6.872645e-02,6.067638e-03,1.586093e-02,4.244385e-02,5.765766e-01,9.462177e-03,5.863748e-02
1.384046e-01,8.995584e-03,5.081520e-03,2.689616e-02,1.469542e-02,2.843553e-02,3.436126e-03,1.947565e-02,5.115338e-02,4.737402e-03,1.242176e-02,5.239826e-02,5.826917e-01,8.027686e-03,4.314919e-02
1.199817e-01,6.543912e-03,5.487929e-03,1.975599e-02,1.288592e-02,3.054601e-02,7.313341e-03,5.083863e-02,3.632247e-02,3.524149e-03,9.276411e-03,4.573525e-02,6.153210e-01,5.869888e-03,3.059741e-02
9.918956e-02,4.825465e-03,4.126937e-03,1.399775e-02,1.046296e-02,2.475279e-02,6.099533e-03,4.068864e-02,2.582549e-02,2.541692e-03,6.673636e-03,3.793183e-02,6.970331e-01,4.296291e-03,2.155434e-02
9.521371e-02,3.882576e-03,3.273180e-03,1.076273e-02,1.066876e-02,2.043164e-02,4.820212e-03,4.116713e-02,1.866174e-02,1.850842e-03,5.087622e-03,3.634794e-02,7.291189e-01,3.245525e-03,1.546744e-02
1.200669e-01,3.200181e-03,2.583279e-03,8.630179e-03,1.282138e-02,1.740640e-02,4.206685e-03,3.994263e-02,1.480854e-02,1.343190e-03,4.098073e-03,4.496495e-02,7.118543e-01,2.617317e-03,1.145608e-02
1.401185e-01,3.318538e-03,2.147228e-03,1.320874e-02,2.707800e-02,1.451301e-02,5.448120e-03,3.492578e-02,1.189943e-02,9.818156e-04,3.381155e-03,4.507578e-02,6.871027e-01,2.031480e-03,8.769730e-03
1.568259e-01,2.665653e-03,1.679314e-03,1.222325e-02,2.270609e-02,1.156937e-02,4.556988e-03,2.539583e-02,9.370966e-03,7.131505e-04,3.018150e-03,3.621089e-02,7.044126e-01,1.761775e-03,6.890120e-03
1.902221e-01,2.460315e-03,1.283349e-03,1.256927e-02,1.892862e-02,1.014060e-02,4.035830e-03,1.883882e-02,8.363402e-03,5.410637e-04,2.869700e-03,3.511991e-02,6.876646e-01,1.469645e-03,5.492793e-03
