1.000000e+00,0.000000e+00,0.000000e+00,0.000000e+00,0.000000e+00,0.000000e+00,0.000000e+00,0.000000e+00,0.000000e+00,0.000000e+00,0.000000e+00,0.000000e+00,0.000000e+00,0.000000e+00,0.000000e+00
1.000000e+00,0.000000e+00,0.000000e+00,0.000000e+00,0.000000e+00,0.000000e+00,0.000000e+00,0.000000e+00,0.000000e+00,0.000000e+00,0.000000e+00,0.000000e+00,0.000000e+00,0.000000e+00,0.000000e+00
1.000000e+00,0.000000e+00,0.000000e+00,0.000000e+00,0.000000e+00,0.000000e+00,0.000000e+00,0.000000e+00,0.000000e+00,0.000000e+00,0.000000e+00,0.000000e+00,0.000000e+00,0.000000e+00,0.000000e+00
1.000000e+00,0.000000e+00,0.000000e+00,0.000000e+00,0.000000e+00,0.000000e+00,0.000000e+00,0.000000e+00,0.000000e+00,0.000000e+00,0.000000e+00,0.000000e+00,0.000000e+00,0.000000e+00,0.000000e+00
1.000000e+00,0.000000e+00,0.000000e+00,0.000000e+00,0.000000e+00,0.000000e+00,0.000000e+00,0.000000e+00,0.000000e+00,0.000000e+00,0.000000e+00,0.000000e+00,0.000000e+00,0.000000e+00,0.000000e+00
1.000000e+00,0.000000e+00,0.000000e+00,0.000000e+00,0.000000e+00,0.000000e+00,0.000000e+00,0.000000e+00,0.000000e+00,0.000000e+00,0.000000e+00,0.000000e+00,0.000000e+00,0.000000e+00,0.000000e+00
1.000000e+00,0.000000e+00,0.000000e+00,0.000000e+00,0.000000e+00,0.000000e+00,0.000000e+00,0.000000e+00,0.000000e+00,0.000000e+00,0.000000e+00,0.000000e+00,0.000000e+00,0.000000e+00,0.000000e+00
1.000000e+00,0.000000e+00,0.000000e+00,0.000000e+00,0.000000e+00,0.000000e+00,0.000000e+00,0.000000e+00,0.000000e+00,0.000000e+00,0.000000e+00,0.000000e+00,0.000000e+00,0.000000e+00,0.000000e+00
1.000000e+00,0.000000e+00,0.000000e+00,0.000000e+00,0.000000e+00,0.000000e+00,0.000000e+00,0.000000e+00,0.000000e+00,0.000000e+00,0.000000e+00,0.000000e+00,0.000000e+00,0.000000e+00,0.000000e+00
1.000000e+00,0.000000e+00,0.000000e+00,0.000000e+00,0.000000e+00,0.000000e+00,0.000000e+00,0.000000e+00,0.000000e+00,0.000000e+00,0.000000e+00,0.000000e+00,0.000000e+00,0.000000e+00,0.000000e+00
1.000000e+00,0.000000e+00,0.000000e+00,0.000000e+00,0.000000e+00,0.000000e+00,0.000000e+00,0.000000e+00,0.000000e+00,0.000000e+00,0.000000e+00,0.000000e+00,0.000000e+00,0.000000e+00,0.000000e+00
1.000000e+00,0.000000e+00,0.000000e+00,0.000000e+00,0.000000e+00,0.000000e+00,0.000000e+00,0.000000e+00,0.000000e+00,0.000000e+00,0.000000e+00,0.000000e+00,0.000000e+00,0.000000e+00,0.000000e+00
1.000000e+00,0.000000e+00,0.000000e+00,0.000000e+00,0.000000e+00,0.000000e+00,0.000000e+00,0.000000e+00,0.000000e+00,0.000000e+00,0.000000e+00,0.000000e+00,0.000000e+00,0.000000e+00,0.000000e+00
1.000000e+00,0.000000e+00,0.000000e+00,0.000000e+00,0.000000e+00,0.000000e+00,0.000000e+00,0.000000e+00,0.000000e+00,0.000000e+00,0.000000e+00,0.000000e+00,0.000000e+00,0.000000e+00,0.000000e+00
1.000000e+00,0.000000e+00,0.000000e+00,0.000000e+00,0.000000e+00,0.000000e+00,0.000000e+00,0.000000e+00,0.000000e+00,0.000000e+00,0.000000e+00,0.000000e+00,0.000000e+00,0.000000e+00,0.000000e+00
1.000000e+00,0.000000e+00,0.000000e+00,0.000000e+00,0.000000e+00,0.000000e+00,0.000000e+00,0.000000e+00,0.000000e+00,0.000000e+00,0.000000e+00,0.000000e+00,0.000000e+00,0.000000e+00,0.000000e+00
1.000000e+00,0.000000e+00,0.000000e+00,0.000000e+00,0.000000e+00,0.000000e+00,0.000000e+00,0.000000e+00,0.000000e+00,0.000000e+00,0.000000e+00,0.000000e+00,0.000000e+00,0.000000e+00,0.000000e+00
1.000000e+00,0.000000e+00,0.000000e+00,0.000000e+00,0.000000e+00,0.000000e+00,0.000000e+00,0.000000e+00,0.000000e+00,0.000000e+00,0.000000e+00,0.000000e+00,0.000000e+00,0.000000e+00,0.000000e+00
1.000000e+00,0.000000e+00,0.000000e+00,0.000000e+00,0.000000e+00,0.000000e+00,0.000000e+00,0.000000e+00,0.000000e+00,0.000000e+00,0.000000e+00,0.000000e+00,0.000000e+00,0.000000e+00,0.000000e+00
1.000000e+00,0.000000e+00,0.000000e+00,0.000000e+00,0.000000e+00,0.000000e+00,0.000000e+00,0.000000e+00,0.000000e+00,0.000000e+00,0.000000e+00,0.000000e+00,0.000000e+00,0.000000e+00,0.000000e+00
1.000000e+00,0.000000e+00,0.000000e+00,0.000000e+00,0.000000e+00,0.000000e+00,0.000000e+00,0.000000e+00,0.000000e+00,0.000000e+00,0.000000e+00,0.000000e+00,0.000000e+00,0.000000e+00,0.000000e+00
1.000000e+00,0.000000e+00,0.000000e+00,0.000000e+00,0.000000e+00,0.000000e+00,0.000000e+00,0.000000e+00,0.000000e+00,0.000000e+00,0.000000e+00,0.000000e+00,0.000000e+00,0.000000e+00,0.000000e+00
1.000000e+00,0.000000e+00,0.000000e+00,0.000000e+00,0.000000e+00,0.000000e+00,0.000000e+00,0.000000e+00,0.000000e+00,0.000000e+00,0.000000e+00,0.000000e+00,0.000000e+00,0.000000e+00,0.000000e+00
1.000000e+00,0.000000e+00,0.000000e+00,0.000000e+00,0.000000e+00,0.000000e+00,0.000000e+00,0.000000e+00,0.000000e+00,0.000000e+00,0.000000e+00,0.000000e+00,0.000000e+00,0.000000e+00,0.000000e+00
1.000000e+00,0.000000e+00,0.000000e+00,0.000000e+00,0.000000e+00,0.000000e+00,0.000000e+00,0.000000e+00,0.000000e+00,0.000000e+00,0.000000e+00,0.000000e+00,0.000000e+00,0.000000e+00,0.000000e+00
1.000000e+00,0.000000e+00,0.000000e+00,0.000000e+00,0.000000e+00,0.000000e+00,0.000000e+00,0.000000e+00,0.000000e+00,0.000000e+00,0.000000e+00,0.000000e+00,0.000000e+00,0.000000e+00,0.000000e+00
1.000000e+00,0.000000e+00,0.000000e+00,0.000000e+00,0.000000e+00,0.000000e+00,0.000000e+00,0.000000e+00,0.000000e+00,0.000000e+00,0.000000e+00,0.000000e+00,0.000000e+00,0.000000e+00,0.000000e+00
1.000000e+00,0.000000e+00,0.000000e+00,0.000000e+00,0.000000e+00,0.000000e+00,0.000000e+00,0.000000e+00,0.000000e+00,0.000000e+00,0.000000e+00,0.000000e+00,0.000000e+00,0.000000e+00,0.000000e+00
1.000000e+00,0.000000e+00,0.000000e+00,0.000000e+00,0.000000e+00,0.000000e+00,0.000000e+00,0.000000e+00,0.000000e+00,0.000000e+00,0.000000e+00,0.000000e+00,0.000000e+00,0.000000e+00,0.000000e+00
1.000000e+00,0.000000e+00,0.000000e+00,0.000000e+00,0.000000e+00,0.000000e+00,0.000000e+00,0.000000e+00,0.000000e+00,0.000000e+00,0.000000e+00,0.000000e+00,0.000000e+00,0.000000e+00,0.000000e+00
1.000000e+00,0.000000e+00,0.000000e+00,0.000000e+00,0.000000e+00,0.000000e+00,0.000000e+00,0.000000e+00,0.000000e+00,0.000000e+00,0.000000e+00,0.000000e+00,0.000000e+00,0.000000e+00,0.000000e+00
1.000000e+00,0.000000e+00,0.000000e+00,0.000000e+00,0.000000e+00,0.000000e+00,0.000000e+00,0.000000e+00,0.000000e+00,0.000000e+00,0.000000e+00,0.000000e+00,0.000000e+00,0.000000e+00,0.000000e+00
1.000000e+00,0.000000e+00,0.000000e+00,0.000000e+00,0.000000e+00,0.000000e+00,0.000000e+00,0.000000e+00,0.000000e+00,0.000000e+00,0.000000e+00,0.000000e+00,0.000000e+00,0.000000e+00,0.000000e+00
1.000000e+00,0.000000e+00,0.000000e+00,0.000000e+00,0.000000e+00,0.000000e+00,0.000000e+00,0.000000e+00,0.000000e+00,0.000000e+00,0.000000e+00,0.000000e+00,0.000000e+00,0.000000e+00,0.000000e+00
1.000000e+00,0.000000e+00,0.000000e+00,0.000000e+00,0.000000e+00,0.000000e+00,0.000000e+00,0.000000e+00,0.000000e+00,0.000000e+00,0.000000e+00,0.000000e+00,0.000000e+00,0.000000e+00,0.000000e+00
1.000000e+00,0.000000e+00,0.000000e+00,0.000000e+00,0.000000e+00,0.000000e+00,0.000000e+00,0.000000e+00,0.000000e+00,0.000000e+00,0.000000e+00,0.000000e+00,0.000000e+00,0.000000e+00,0.000000e+00
1.000000e+00,0.000000e+00,0.000000e+00,0.000000e+00,0.000000e+00,0.000000e+00,0.000000e+00,0.000000e+00,0.000000e+00,0.000000e+00,0.000000e+00,0.000000e+00,0.000000e+00,0.000000e+00,0.000000e+00
1.000000e+00,0.000000e+00,0.000000e+00,0.000000e+00,0.000000e+00,0.000000e+00,0.000000e+00,0.000000e+00,0.000000e+00,0.000000e+00,0.000000e+00,0.000000e+00,0.000000e+00,0.000000e+00,0.000000e+00
1.000000e+00,0.000000e+00,0.000000e+00,0.000000e+00,0.000000e+00,0.000000e+00,0.000000e+00,0.000000e+00,0.000000e+00,0.000000e+00,0.000000e+00,0.000000e+00,0.000000e+00,0.000000e+00,0.000000e+00
1.000000e+00,0.000000e+00,0.000000e+00,0.000000e+00,0.000000e+00,0.000000e+00,0.000000e+00,0.000000e+00,0.000000e+00,0.000000e+00,0.000000e+00,0.000000e+00,0.000000e+00,0.000000e+00,0.000000e+00
1.000000e+00,0.000000e+00,0.000000e+00,0.000000e+00,0.000000e+00,0.000000e+00,0.000000e+00,0.000000e+00,0.000000e+00,0.000000e+00,0.000000e+00,0.000000e+00,0.000000e+00,0.000000e+00,0.000000e+00
1.000000e+00,0.000000e+00,0.000000e+00,0.000000e+00,0.000000e+00,0.000000e+00,0.000000e+00,0.000000e+00,0.000000e+00,0.000000e+00,0.000000e+00,0.000000e+00,0.000000e+00,0.000000e+00,0.000000e+00
1.000000e+00,0.000000e+00,0.000000e+00,0.000000e+00,0.000000e+00,0.000000e+00,0.000000e+00,0.000000e+00,0.000000e+00,0.000000e+00,0.000000e+00,0.000000e+00,0.000000e+00,0.000000e+00,0.000000e+00
1.000000e+00,0.000000e+00,0.000000e+00,0.000000e+00,0.000000e+00,0.000000e+00,0.000000e+00,0.000000e+00,0.000000e+00,0.000000e+00,0.000000e+00,0.000000e+00,0.000000e+00,0.000000e+00,0.000000e+00
1.000000e+00,0.000000e+00,0.000000e+00,0.000000e+00,0.000000e+00,0.000000e+00,0.000000e+00,0.000000e+00,0.000000e+00,0.000000e+00,0.000000e+00,0.000000e+00,0.000000e+00,0.000000e+00,0.000000e+00
1.000000e+00,0.000000e+00,0.000000e+00,0.000000e+00,0.000000e+00,0.000000e+00,0.000000e+00,0.000000e+00,0.000000e+00,0.000000e+00,0.000000e+00,0.000000e+00,0.000000e+00,0.000000e+00,0.000000e+00
1.000000e+00,0.000000e+00,0.000000e+00,0.000000e+00,0.000000e+00,0.000000e+00,0.000000e+00,0.000000e+00,0.000000e+00,0.000000e+00,0.000000e+00,0.000000e+00,0.000000e+00,0.000000e+00,0.000000e+00
1.000000e+00,0.000000e+00,0.000000e+00,0.000000e+00,0.000000e+00,0.000000e+00,0.000000e+00,0.000000e+00,0.000000e+00,0.000000e+00,0.000000e+00,0.000000e+00,0.000000e+00,0.000000e+00,0.000000e+00
1.000000e+00,0.000000e+00,0.000000e+00,0.000000e+00,0.000000e+00,0.000000e+00,0.000000e+00,0.000000e+00,0.000000e+00,0.000000e+00,0.000000e+00,0.000000e+00,0.000000e+00,0.000000e+00,0.000000e+00
1.000000e+00,0.000000e+00,0.000000e+00,0.000000e+00,0.000000e+00,0.000000e+00,0.000000e+00,0.000000e+00,0.000000e+00,0.000000e+00,0.000000e+00,0.000000e+00,0.000000e+00,0.000000e+00,0.000000e+00
1.000000e+00,0.000000e+00,0.000000e+00,0.000000e+00,0.000000e+00,0.000000e+00,0.000000e+00,0.000000e+00,0.000000e+00,0.000000e+00,0.000000e+00,0.000000e+00,0.000000e+00,0.000000e+00,0.000000e+00
1.000000e+00,0.000000e+00,0.000000e+00,0.000000e+00,0.000000e+00,0.000000e+00,0.000000e+00,0.000000e+00,0.000000e+00,0.000000e+00,0.000000e+00,0.000000e+00,0.000000e+00,0.000000e+00,0.000000e+00
1.000000e+00,0.000000e+00,0.000000e+00,0.000000e+00,0.000000e+00,0.000000e+00,0.000000e+00,0.000000e+00,0.000000e+00,0.000000e+00,0.000000e+00,0.000000e+00,0.000000e+00,0.000000e+00,0.000000e+00
1.000000e+00,0.000000e+00,0.000000e+00,0.000000e+00,0.000000e+00,0.000000e+00,0.000000e+00,0.000000e+00,0.000000e+00,0.000000e+00,0.000000e+00,0.000000e+00,0.000000e+00,0.000000e+00,0.000000e+00
1.000000e+00,0.000000e+00,0.000000e+00,0.000000e+00,0.000000e+00,0.000000e+00,0.000000e+00,0.000000e+00,0.000000e+00,0.000000e+00,0.000000e+00,0.000000e+00,0.000000e+00,0.000000e+00,0.000000e+00
1.000000e+00,0.000000e+00,0.000000e+00,0.000000e+00,0.000000e+00,0.000000e+00,0.000000e+00,0.000000e+00,0.000000e+00,0.000000e+00,0.000000e+00,0.000000e+00,0.000000e+00,0.000000e+00,0.000000e+00
1.000000e+00,0.000000e+00,0.000000e+00,0.000000e+00,0.000000e+00,0.000000e+00,0.000000e+00,0.000000e+00,0.000000e+00,0.000000e+00,0.000000e+00,0.000000e+00,0.000000e+00,0.000000e+00,0.000000e+00
1.000000e+00,0.000000e+00,0.000000e+00,0.000000e+00,0.000000e+00,0.000000e+00,0.000000e+00,0.000000e+00,0.000000e+00,0.000000e+00,0.000000e+00,0.000000e+00,0.000000e+00,0.000000e+00,0.000000e+00
1.000000e+00,0.000000e+00,0.000000e+00,0.000000e+00,0.000000e+00,0.000000e+00,0.000000e+00,0.000000e+00,0.000000e+00,0.000000e+00,0.000000e+00,0.000000e+00,0.000000e+00,0.000000e+00,0.000000e+00
4.670326e-01,1.248052e-02,8.484872e-02,1.220178e-01,2.368988e-02,2.841908e-02,1.344390e-02,2.047073e-01,3.978271e-03,1.396039e-03,1.184802e-02,6.121181e-03,1.184651e-02,2.126711e-03,6.043455e-03
3.871318e-01,1.091098e-02,6.823255e-02,8.984485e-02,2.295910e-02,5.866312e-02,5.574561e-02,2.586595e-01,4.039303e-03,1.456047e-03,9.351486e-03,4.918745e-03,2.029717e-02,1.785379e-03,6.004491e-03
3.331642e-01,9.049796e-03,5.248640e-02,6.565987e-02,2.261192e-02,9.103301e-02,7.645506e-02,2.977423e-01,3.915200e-03,1.358097e-03,7.314293e-03,4.342325e-03,2.733965e-02,1.567562e-03,5.960316e-03
2.741942e-01,7.773768e-03,4.089715e-02,4.901309e-02,2.311291e-02,8.744237e-02,1.182050e-01,3.577047e-01,3.266460e-03,1.104105e-03,5.554799e-03,3.606283e-03,2.206033e-02,1.273036e-03,4.791966e-03
2.990374e-01,7.273106e-03,3.183496e-02,3.612765e-02,2.318980e-02,8.995761e-02,1.243481e-01,3.509486e-01,3.004714e-03,1.160275e-03,4.486254e-03,4.047378e-03,1.832203e-02,1.190050e-03,5.072076e-03
3.788782e-01,7.567277e-03,2.464728e-02,2.759538e-02,2.484103e-02,8.188189e-02,9.740853e-02,3.139251e-01,3.264705e-03,1.654341e-03,5.447024e-03,7.566738e-03,1.625657e-02,1.298126e-03,7.767772e-03
4.705064e-01,8.205086e-03,1.972726e-02,2.105805e-02,2.388826e-02,6.625196e-02,7.260122e-02,2.733983e-01,3.315108e-03,1.871368e-03,5.369630e-03,9.100023e-03,1.434166e-02,1.354144e-03,9.011597e-03
4.356721e-01,1.471212e-02,2.233927e-02,2.162416e-02,2.391162e-02,6.938368e-02,5.438932e-02,2.387017e-01,1.408662e-02,9.276900e-03,6.967702e-03,1.517642e-02,4.515607e-02,4.102701e-03,2.449974e-02
3.403260e-01,3.495393e-02,1.679357e-02,2.711905e-02,1.751444e-02,8.687997e-02,3.900631e-02,1.740061e-01,4.981834e-02,2.285540e-02,8.661865e-03,1.638530e-02,1.078499e-01,3.356498e-03,5.447350e-02
2.897787e-01,2.702555e-02,1.230069e-02,2.228986e-02,1.341731e-02,7.620155e-02,2.819588e-02,1.238122e-01,3.976400e-02,1.732298e-02,8.921955e-03,1.548547e-02,2.756439e-01,2.825826e-03,4.701424e-02
2.212945e-01,6.195065e-02,9.729316e-03,2.522224e-02,1.104518e-02,5.612775e-02,2.089139e-02,8.770970e-02,8.832524e-02,1.742572e-02,8.330942e-03,2.072632e-02,2.626438e-01,3.877838e-03,1.046995e-01
1.938399e-01,5.184836e-02,1.117651e-02,2.881816e-02,1.024789e-02,4.354185e-02,1.572438e-02,6.469592e-02,9.410178e-02,1.613974e-02,1.073808e-02,3.375987e-02,3.021151e-01,5.074286e-03,1.181782e-01
1.703326e-01,4.247765e-02,9.134684e-03,3.233466e-02,1.358483e-02,3.626912e-02,1.196423e-02,4.684347e-02,9.670665e-02,1.347649e-02,1.615605e-02,3.176045e-02,2.917541e-01,1.159102e-02,1.756140e-01
1.705369e-01,3.400883e-02,8.228950e-03,3.493290e-02,1.195199e-02,2.893218e-02,9.116393e-03,3.941648e-02,8.307242e-02,1.140313e-02,1.596931e-02,3.046452e-02,3.733775e-01,1.052525e-02,1.380632e-01
1.993527e-01,3.591779e-02,1.080932e-02,3.902022e-02,1.078145e-02,2.576637e-02,7.572646e-03,3.365192e-02,7.548572e-02,1.054974e-02,1.330054e-02,2.759012e-02,3.696785e-01,1.002936e-02,1.304936e-01
1.770122e-01,3.713417e-02,1.090038e-02,4.371300e-02,8.504778e-03,2.010103e-02,5.516673e-03,2.523275e-02,1.049832e-01,1.995035e-02,1.238522e-02,2.464161e-02,2.923947e-01,1.010843e-02,2.074216e-01
1.514827e-01,3.780575e-02,8.821511e-03,3.481518e-02,1.069157e-02,1.800686e-02,4.253335e-03,2.169572e-02,1.106899e-01,1.468968e-02,1.014276e-02,3.355176e-02,3.803185e-01,7.592347e-03,1.554424e-01
1.404155e-01,3.274764e-02,9.539847e-03,2.943794e-02,1.647459e-02,1.824633e-02,3.599139e-03,2.665542e-02,9.662238e-02,1.101637e-02,8.337220e-03,3.371449e-02,4.516407e-01,5.880970e-03,1.156716e-01
1.279078e-01,4.133943e-02,1.797072e-02,1.174889e-01,2.149688e-02,1.778473e-02,2.852571e-03,2.642850e-02,1.088268e-01,9.926557e-03,7.255243e-03,2.696642e-02,3.785806e-01,4.439091e-03,9.073582e-02
1.033156e-01,3.426184e-02,2.214314e-02,1.706263e-01,1.735096e-02,1.492388e-02,2.235969e-03,2.300862e-02,1.107726e-01,1.904253e-02,1.788796e-02,2.030198e-02,2.814145e-01,3.577909e-03,1.591363e-01
9.029470e-02,2.548327e-02,1.614416e-02,1.345097e-01,1.416512e-02,1.253115e-02,1.882435e-03,1.767065e-02,8.624834e-02,1.473556e-02,6.825798e-02,1.714446e-02,3.797011e-01,2.715879e-03,1.185156e-01
1.271601e-01,1.864312e-02,1.220542e-02,9.550809e-02,1.572480e-02,1.184228e-02,4.976138e-03,5.394583e-02,6.297588e-02,1.162149e-02,1.142309e-01,1.771171e-02,3.608888e-01,2.900386e-03,8.966505e-02
2.212497e-01,1.803038e-02,9.727531e-03,7.342860e-02,1.664236e-02,1.438231e-02,4.746504e-03,4.065623e-02,5.219914e-02,9.484196e-03,8.610322e-02,1.481574e-02,3.668077e-01,2.520903e-03,6.920557e-02
2.618089e-01,1.615146e-02,7.605636e-03,5.406613e-02,1.390639e-02,1.611419e-02,3.762133e-03,4.284405e-02,4.306184e-02,7.424714e-03,6.188236e-02,1.400874e-02,3.962101e-01,3.043799e-03,5.810960e-02
3.056978e-01,1.928275e-02,7.099768e-03,4.622470e-02,1.172869e-02,2.168125e-02,3.484785e-03,4.931204e-02,4.297146e-02,6.870362e-03,4.459583e-02,1.178793e-02,3.663769e-01,2.537436e-03,6.034843e-02
3.275170e-01,1.536357e-02,6.820835e-03,3.460394e-02,1.244960e-02,2.091460e-02,3.131237e-03,8.859121e-02,3.580309e-02,5.522420e-03,3.432310e-02,1.308700e-02,3.509433e-01,2.753196e-03,4.817596e-02
3.276442e-01,1.365928e-02,7.380388e-03,2.697981e-02,1.507440e-02,2.247109e-02,4.219643e-03,1.982919e-01,2.711141e-02,4.016460e-03,2.485880e-02,1.133007e-02,2.753473e-01,2.165602e-03,3.944974e-02
2.754386e-01,1.252417e-02,8.149834e-03,2.073230e-02,1.839156e-02,2.200221e-02,6.470148e-03,3.393773e-01,2.213972e-02,2.946053e-03,1.786404e-02,9.025288e-03,2.120164e-01,1.646986e-03,3.127531e-02
2.162682e-01,1.178057e-02,1.136198e-02,1.606509e-02,1.902069e-02,2.122850e-02,8.260425e-03,4.687980e-01,1.786852e-02,2.207094e-03,1.311100e-02,7.945115e-03,1.613768e-01,1.339386e-03,2.336866e-02
1.818675e-01,1.179460e-02,1.164392e-02,1.313613e-02,2.428008e-02,2.194872e-02,1.137800e-02,5.406039e-01,1.776723e-02,1.676000e-03,9.687188e-03,7.191104e-03,1.282284e-01,1.120933e-03,1.767631e-02
1.767334e-01,1.282899e-02,1.151159e-02,1.404621e-02,2.684666e-02,2.778419e-02,1.414369e-02,5.458788e-01,1.779506e-02,1.716669e-03,7.899954e-03,1.101277e-02,1.151711e-01,1.147822e-03,1.548316e-02
1.341403e-01,1.079737e-02,9.473515e-03,1.130410e-02,2.519913e-02,2.259613e-02,1.135966e-02,6.394109e-01,1.577907e-02,1.395579e-03,5.951415e-03,8.660921e-03,9.084969e-02,1.105191e-03,1.197714e-02
1.014071e-01,9.567065e-03,7.592274e-03,8.706433e-03,2.061166e-02,1.921924e-02,8.592688e-03,7.189432e-01,1.324297e-02,1.093746e-03,4.461604e-03,6.772067e-03,6.987663e-02,9.276292e-04,8.985844e-03
7.847270e-02,7.640656e-03,6.278301e-03,6.656075e-03,1.653944e-02,1.713096e-02,6.789051e-03,7.785391e-01,1.089898e-02,8.548561e-04,3.437262e-03,5.304377e-03,5.397940e-02,8.121443e-04,6.666850e-03
6.825155e-02,6.053164e-03,6.320043e-03,5.399439e-03,1.430471e-02,1.740697e-02,6.843561e-03,8.101701e-01,8.374124e-03,7.229765e-04,2.571475e-03,4.401266e-03,4.340995e-02,7.577785e-04,5.012985e-03
5.905924e-02,4.384779e-03,5.719747e-03,4.634742e-03,1.158503e-02,1.490816e-02,6.884802e-03,8.448075e-01,6.235066e-03,5.563819e-04,1.886492e-03,3.467043e-03,3.157767e-02,5.867010e-04,3.706647e-03
5.262788e-02,3.208591e-03,4.224015e-03,3.431167e-03,8.561744e-03,1.175365e-02,5.660617e-03,8.755045e-01,4.700765e-03,4.140613e-04,1.407294e-03,2.798730e-03,2.250053e-02,4.288573e-04,2.777655e-03
6.562030e-02,2.465020e-03,3.167550e-03,5.523633e-03,6.536386e-03,1.015536e-02,4.260188e-03,8.156603e-01,4.086951e-03,1.729032e-03,5.759462e-03,2.793346e-02,4.355226e-02,7.965458e-04,2.753570e-03
5.221305e-02,2.098228e-03,2.555042e-03,5.177371e-03,4.690319e-03,9.963612e-03,3.328807e-03,6.528593e-01,3.382493e-03,2.531802e-03,8.213624e-03,3.219925e-02,2.158558e-01,1.032995e-03,3.898358e-03
7.651494e-02,2.496961e-03,2.375561e-03,5.165246e-03,4.790566e-03,1.282575e-02,3.575836e-03,5.854842e-01,4.853274e-03,2.204855e-03,1.353013e-02,2.852103e-02,2.480884e-01,1.059928e-03,8.513317e-03
8.684617e-02,2.035906e-03,1.957292e-03,4.144061e-03,3.604368e-03,9.715147e-03,2.671576e-03,4.164166e-01,7.207479e-03,1.728602e-03,1.910539e-02,2.792175e-02,4.089543e-01,9.525156e-04,6.738880e-03
2.189511e-01,2.185765e-03,1.909780e-03,4.193615e-03,2.996833e-03,8.786508e-03,2.222637e-03,3.004625e-01,8.626694e-03,1.446349e-03,1.968051e-02,4.297343e-02,3.795537e-01,8.770272e-04,5.133497e-03
1.913351e-01,2.014167e-03,1.559901e-03,3.610505e-03,2.517641e-03,9.113135e-03,1.867624e-03,2.120470e-01,1.221179e-02,2.804939e-03,1.804761e-02,1.853093e-01,3.524123e-01,8.696220e-04,4.279479e-03
2.182878e-01,4.548352e-03,1.855569e-03,2.899637e-03,2.677013e-03,1.064795e-02,2.063307e-03,1.506505e-01,1.497029e-02,4.937245e-03,1.523038e-02,2.872483e-01,2.792760e-01,9.546414e-04,3.752997e-03
2.347012e-01,6.164364e-03,2.127324e-03,2.616439e-03,3.143005e-03,1.220716e-02,2.290567e-03,1.069212e-01,1.990118e-02,8.056539e-03,1.338856e-02,3.716399e-01,2.120016e-01,1.092592e-03,3.748397e-03
1.767846e-01,7.730594e-03,2.692750e-03,2.039542e-03,4.017274e-03,1.211473e-02,2.619584e-03,7.529354e-02,1.769537e-02,2.024965e-02,1.864082e-02,4.980907e-01,1.574150e-01,1.318154e-03,3.297633e-03
1.412130e-01,8.794716e-03,3.853804e-03,1.566423e-03,7.571767e-03,9.759521e-03,2.216837e-03,5.278292e-02,2.298329e-02,2.907111e-02,2.111536e-02,5.831007e-01,1.120128e-01,1.247497e-03,2.710152e-03
1.068195e-01,7.486432e-03,3.871682e-03,1.183001e-03,7.480560e-03,8.161530e-03,1.816692e-03,3.704942e-02,2.046084e-02,2.733538e-02,3.504838e-02,6.610415e-01,7.901417e-02,1.080467e-03,2.150463e-03
8.867483e-02,6.044925e-03,3.847278e-03,1.083927e-03,8.539106e-03,6.672356e-03,1.511199e-03,2.765340e-02,2.373798e-02,2.115854e-02,2.902564e-02,7.238351e-01,5.562805e-02,9.007849e-04,1.686911e-03
8.963203e-02,4.942441e-03,3.617618e-03,1.030301e-03,7.871907e-03,7.429891e-03,1.381943e-03,2.032586e-02,2.177154e-02,2.018293e-02,3.067829e-02,7.492546e-01,3.919528e-02,9.013510e-04,1.784041e-03
6.835330e-02,3.760773e-03,2.962705e-03,8.010696e-04,6.443686e-03,5.824661e-03,1.000082e-03,1.441565e-02,1.620007e-02,1.515247e-02,3.571964e-02,7.992241e-01,2.760272e-02,1.084350e-03,1.454675e-03
5.044623e-02,3.571448e-03,2.912343e-03,6.832150e-04,2.047249e-02,7.000816e-03,7.604067e-04,1.101357e-02,1.427943e-02,1.288252e-02,3.692130e-02,8.164154e-01,1.992229e-02,1.471812e-03,1.246675e-03
3.673880e-02,2.886642e-03,2.281006e-03,5.569039e-04,2.159917e-02,6.920878e-03,5.775054e-04,8.067200e-03,1.309186e-02,1.133960e-02,4.480288e-02,8.343767e-01,1.448782e-02,1.305512e-03,9.675213e-04
2.799688e-02,2.919326e-03,2.266257e-03,4.424595e-04,1.724977e-02,6.531303e-03,4.775531e-04,5.935999e-03,1.318606e-02,1.359260e-02,8.480698e-02,8.117561e-01,1.030894e-02,1.506032e-03,1.023744e-03
2.509689e-02,2.656549e-03,1.911319e-03,3.737776e-04,1.328830e-02,6.222788e-03,4.014956e-04,4.538870e-03,1.200574e-02,1.432624e-02,1.038824e-01,8.052896e-01,7.446915e-03,1.550971e-03,1.008212e-03
2.162861e-02,3.495311e-03,3.189464e-03,4.807329e-04,2.350408e-02,6.145847e-03,4.425430e-04,4.113644e-03,1.089733e-02,1.314141e-02,1.180018e-01,7.863567e-01,5.395933e-03,1.861915e-03,1.344674e-03
1.609961e-02,3.848764e-03,4.864738e-03,5.360785e-04,2.280599e-02,5.065499e-03,4.401446e-04,4.891301e-03,1.124626e-02,1.050352e-02,1.434061e-01,7.690476e-01,3.843189e-03,1.726808e-03,1.674396e-03
1.281459e-02,1.584125e-02,1.663909e-02,1.744161e-03,4.876619e-02,1.064711e-02,1.808153e-03,1.282853e-02,4.242530e-02,8.395237e-03,1.114447e-01,7.104976e-01,2.953705e-03,1.402520e-03,1.791938e-03
1.274956e-02,1.290441e-02,1.739157e-02,3.037127e-03,9.865718e-02,1.130036e-02,5.468445e-03,5.652552e-02,4.656647e-02,2.350131e-02,1.371033e-01,5.673276e-01,2.493582e-03,2.237662e-03,2.735945e-03
1.439580e-02,1.177623e-02,1.419599e-02,4.481855e-03,1.024772e-01,1.203288e-02,4.813613e-03,4.881366e-02,6.781250e-02,8.811284e-02,1.579671e-01,4.627278e-01,3.065473e-03,2.514524e-03,4.812646e-03
1.501662e-02,1.214567e-02,1.626771e-02,7.598358e-03,8.504081e-02,1.497416e-02,4.328329e-03,5.143877e-02,8.687732e-02,1.496947e-01,1.724589e-01,3.669255e-01,3.703922e-03,3.789955e-03,9.739279e-03
1.491071e-02,1.160162e-02,1.405244e-02,9.655183e-03,6.276698e-02,1.441255e-02,3.374177e-03,4.210247e-02,1.285540e-01,1.966206e-01,1.407690e-01,3.280302e-01,1.844750e-02,4.428784e-03,1.027374e-02
1.279954e-02,1.026430e-02,1.057530e-02,9.971378e-03,5.257088e-02,1.171208e-02,2.521174e-03,3.478183e-02,1.774835e-01,2.204893e-01,1.379731e-01,2.668810e-01,3.821497e-02,4.864295e-03,8.897350e-03
1.122369e-02,9.929793e-03,8.048294e-03,7.820831e-03,4.146366e-02,9.253529e-03,1.848922e-03,2.490004e-02,1.379179e-01,3.960096e-01,1.147971e-01,1.915618e-01,3.035372e-02,5.499536e-03,9.371566e-03
1.063870e-02,9.138716e-03,5.907292e-03,6.428024e-03,3.165490e-02,7.643596e-03,1.355465e-03,1.819335e-02,1.110326e-01,5.314460e-01,8.890530e-02,1.384524e-01,2.648807e-02,5.077781e-03,7.637805e-03
1.457361e-02,1.299370e-02,6.230512e-03,7.651865e-03,2.909262e-02,7.641516e-03,1.761115e-03,4.443314e-02,1.104822e-01,5.319626e-01,7.806924e-02,1.024033e-01,2.561153e-02,1.842161e-02,8.671468e-03
1.946383e-02,1.697876e-02,6.053601e-03,9.333881e-03,2.613657e-02,8.152883e-03,1.316060e-03,3.270759e-02,9.128565e-02,3.918220e-01,2.651903e-01,8.216745e-02,2.068330e-02,2.111664e-02,7.591505e-03
1.728109e-02,1.339168e-02,4.800091e-03,7.706017e-03,2.015301e-02,6.985637e-03,9.855625e-04,2.376415e-02,7.334410e-02,2.847130e-01,4.249695e-01,7.842402e-02,1.657585e-02,2.118088e-02,5.725392e-03
1.474417e-02,1.022650e-02,3.994535e-03,6.057013e-03,1.441158e-02,5.587753e-03,7.217740e-04,1.686642e-02,5.390882e-02,2.014519e-01,5.596696e-01,7.504639e-02,1.242677e-02,2.055252e-02,4.334231e-03
1.230985e-02,8.962400e-03,3.555946e-03,4.964414e-03,1.163918e-02,4.874938e-03,5.668907e-04,1.200995e-02,4.714293e-02,1.429227e-01,6.095706e-01,1.049425e-01,9.811517e-03,2.267594e-02,4.050269e-03
9.544426e-03,2.204633e-02,4.216739e-03,3.872789e-03,1.088217e-02,4.684845e-03,4.688234e-04,8.857413e-03,5.251120e-02,1.022595e-01,5.976568e-01,1.026710e-01,7.431354e-03,6.731819e-02,5.578464e-03
8.017525e-03,1.989140e-02,4.068353e-03,2.917784e-03,1.040578e-02,4.162909e-03,4.305398e-04,6.504663e-03,5.316081e-02,7.993910e-02,5.754477e-01,1.487818e-01,5.846725e-03,7.543629e-02,4.988641e-03
6.127869e-03,2.156285e-02,6.531901e-03,2.258120e-03,1.369167e-02,3.491265e-03,4.304074e-04,5.348698e-03,4.641753e-02,5.938474e-02,6.022956e-01,1.542921e-01,4.238034e-03,6.868909e-02,5.240120e-03
1.533997e-02,1.889326e-02,2.569099e-02,2.560244e-03,1.551587e-02,7.528093e-03,1.996048e-03,2.295833e-02,4.803629e-02,5.788630e-02,5.103792e-01,2.036473e-01,4.023070e-03,6.037207e-02,5.173002e-03
1.759660e-02,1.918722e-02,2.495705e-02,2.738804e-03,2.287091e-02,8.091147e-03,2.042835e-03,2.144828e-02,6.205637e-02,5.539870e-02,4.873891e-01,2.136299e-01,4.517611e-03,5.276961e-02,5.305794e-03
3.031545e-02,2.218068e-02,2.479894e-02,3.664589e-03,3.264785e-02,8.121694e-03,1.992120e-03,2.514004e-02,6.610644e-02,6.491435e-02,3.996893e-01,2.398916e-01,6.724449e-03,6.650619e-02,7.306283e-03
3.208766e-02,2.152938e-02,2.080095e-02,2.972127e-03,2.647997e-02,7.992052e-03,1.765223e-03,1.896332e-02,5.359595e-02,6.316238e-02,4.862077e-01,1.925580e-01,7.728572e-03,5.800606e-02,6.150596e-03
3.742839e-02,2.318119e-02,2.274936e-02,2.560881e-03,2.770761e-02,8.776915e-03,1.974149e-03,1.741989e-02,4.959166e-02,5.843844e-02,5.354276e-01,1.470345e-01,6.990113e-03,5.461183e-02,6.107418e-03
9.752904e-02,2.703680e-02,3.006266e-02,5.702456e-03,3.387449e-02,2.497620e-02,3.398404e-03,2.930673e-02,6.927311e-02,5.261655e-02,4.165787e-01,1.271743e-01,1.376936e-02,5.551672e-02,1.318444e-02
1.259249e-01,3.286326e-02,3.242565e-02,7.388270e-03,4.652074e-02,3.064624e-02,5.425451e-03,2.661589e-02,1.063484e-01,6.070206e-02,3.144253e-01,1.014843e-01,1.515011e-02,6.805776e-02,2.602166e-02
1.157580e-01,2.799187e-02,6.288228e-02,7.626803e-03,4.416784e-02,2.589868e-02,4.594727e-03,7.522863e-02,1.217614e-01,6.232214e-02,2.407851e-01,7.948583e-02,1.664538e-02,8.399499e-02,3.085637e-02
1.373607e-01,2.522701e-02,8.304332e-02,1.005882e-02,6.595220e-02,4.743436e-02,4.471469e-03,7.318351e-02,1.214096e-01,6.559326e-02,1.758343e-01,5.667322e-02,1.343027e-02,8.950974e-02,3.081821e-02
2.164443e-01,2.470590e-02,6.760772e-02,9.711932e-03,8.148396e-02,4.337066e-02,4.368683e-03,5.697447e-02,1.050056e-01,5.371034e-02,1.360128e-01,4.578339e-02,1.427561e-02,1.141278e-01,2.641682e-02
2.298673e-01,2.049731e-02,5.082314e-02,8.851117e-03,7.672286e-02,3.601922e-02,3.492918e-03,4.620264e-02,8.910895e-02,8.881249e-02,1.212701e-01,4.483438e-02,1.632345e-02,1.245769e-01,4.259718e-02
2.051422e-01,1.603300e-02,3.930043e-02,7.713253e-03,6.797111e-02,3.660147e-02,2.865235e-03,3.907990e-02,7.525415e-02,2.153220e-01,9.990887e-02,3.690822e-02,1.695309e-02,1.032980e-01,3.764904e-02
1.547910e-01,1.241946e-02,3.108725e-02,6.145327e-03,5.490736e-02,2.739012e-02,2.062747e-03,3.113335e-02,6.285901e-02,3.320637e-01,1.231346e-01,3.118069e-02,1.691014e-02,7.876042e-02,3.515480e-02
1.151231e-01,9.851059e-03,3.425173e-02,8.163354e-03,4.811341e-02,1.992771e-02,1.552851e-03,2.960546e-02,4.793811e-02,4.793504e-01,9.002852e-02,2.227470e-02,1.253975e-02,5.580223e-02,2.547765e-02
9.130056e-02,1.500321e-02,4.302473e-02,1.218715e-02,4.528936e-02,1.648337e-02,1.209796e-03,2.619866e-02,5.442183e-02,5.388812e-01,6.667668e-02,1.638160e-02,9.636424e-03,4.092965e-02,2.237570e-02
7.009160e-02,1.113211e-02,3.983427e-02,1.013432e-02,4.000180e-02,1.186001e-02,9.268090e-04,4.599644e-02,4.370423e-02,6.135119e-01,4.859639e-02,1.166899e-02,7.119427e-03,2.934933e-02,1.607234e-02
6.447016e-02,8.962120e-03,3.454701e-02,8.589407e-03,3.387425e-02,8.969481e-03,7.361600e-04,3.603581e-02,5.103146e-02,6.655323e-01,3.734488e-02,8.470943e-03,5.405767e-03,2.154527e-02,1.448497e-02
6.187874e-02,8.892637e-03,3.091655e-02,6.401299e-03,2.495408e-02,6.830900e-03,5.850593e-04,2.968332e-02,6.081950e-02,6.750380e-01,3.797932e-02,7.066273e-03,5.346325e-03,2.482195e-02,1.878607e-02
8.747528e-02,8.091073e-03,2.463881e-02,5.143343e-03,1.932941e-02,5.494962e-03,4.964423e-04,2.473327e-02,1.084687e-01,5.930846e-01,3.889620e-02,6.105968e-03,5.039938e-03,5.109025e-02,2.191174e-02
1.016571e-01,9.532172e-03,2.881635e-02,7.960822e-03,1.754002e-02,5.646041e-03,5.219844e-04,2.709945e-02,1.687171e-01,4.920255e-01,3.766898e-02,6.221273e-03,5.073670e-03,5.994535e-02,3.157417e-02
1.095546e-01,9.147939e-03,2.355924e-02,7.097466e-03,1.371019e-02,7.242479e-03,4.277371e-04,2.056923e-02,1.691759e-01,3.692958e-01,4.184127e-02,6.294925e-03,5.177526e-03,1.718613e-01,4.504435e-02
1.289163e-01,1.356512e-02,3.546578e-02,8.417147e-03,1.092203e-02,7.894589e-03,4.313152e-04,1.734426e-02,2.067653e-01,2.847407e-01,3.585306e-02,5.380957e-03,4.872243e-03,1.966560e-01,4.277516e-02
1.499075e-01,1.305345e-02,3.565370e-02,7.837342e-03,8.910505e-03,8.859570e-03,4.316625e-04,1.280119e-02,1.952481e-01,2.234558e-01,3.142433e-02,5.312372e-03,6.449511e-03,2.331626e-01,6.749237e-02
1.147478e-01,9.841689e-03,2.875844e-02,5.540648e-03,6.823772e-03,6.760747e-03,3.668601e-04,9.062828e-03,1.451323e-01,1.668495e-01,2.823527e-02,3.882091e-03,4.956920e-03,3.981956e-01,7.084560e-02
8.647664e-02,8.080697e-03,2.287354e-02,4.073595e-03,5.901705e-03,5.337857e-03,3.092631e-04,6.570641e-03,1.089674e-01,1.210577e-01,3.500484e-02,3.101998e-03,5.042229e-03,5.130851e-01,7.411682e-02
6.323214e-02,6.547901e-03,1.785348e-02,3.058120e-03,4.577389e-03,4.357569e-03,2.346706e-04,4.661253e-03,9.983265e-02,9.290982e-02,6.565508e-02,2.348937e-03,4.675699e-03,5.425557e-01,8.749960e-02
4.629804e-02,4.858720e-03,1.336616e-02,2.304655e-03,3.463081e-03,3.291405e-03,1.833900e-04,3.353141e-03,7.635248e-02,7.285960e-02,6.109074e-02,1.771340e-03,3.792850e-03,6.289837e-01,7.803064e-02
3.475691e-02,3.546924e-03,9.716328e-03,1.747321e-03,2.508509e-03,3.338184e-03,1.359955e-04,2.369795e-03,5.460871e-02,6.445140e-02,8.993322e-02,1.497672e-03,3.436548e-03,6.571801e-01,7.077237e-02
2.637447e-02,2.685529e-03,7.208618e-03,1.530773e-03,2.056097e-03,3.229520e-03,1.221892e-04,1.703440e-03,4.302964e-02,1.007105e-01,8.950777e-02,1.498422e-03,4.254977e-03,6.520344e-01,6.405368e-02
2.085447e-02,1.916001e-03,5.265289e-03,1.169571e-03,1.671668e-03,2.685837e-03,1.480200e-04,1.225473e-03,3.160046e-02,2.544150e-01,7.468631e-02,1.396402e-03,3.908471e-03,5.359870e-01,6.307011e-02
1.890246e-02,1.597045e-03,3.810289e-03,1.024603e-03,1.383836e-03,2.416698e-03,2.221135e-04,9.042043e-04,2.457641e-02,3.665051e-01,1.016107e-01,2.761170e-03,6.149706e-03,4.091353e-01,5.900045e-02
1.798912e-02,1.735376e-03,2.798350e-03,1.085180e-03,1.674088e-03,2.046940e-03,3.233663e-04,7.178686e-04,2.273906e-02,3.949926e-01,1.256290e-01,3.773450e-03,1.010812e-02,3.390580e-01,7.532942e-02
1.937711e-02,2.598561e-03,2.190130e-03,1.219260e-03,1.815013e-03,1.799705e-03,3.757132e-04,7.934388e-04,2.046735e-02,4.323649e-01,1.605171e-01,4.550362e-03,1.103069e-02,2.694471e-01,7.145362e-02
1.768213e-02,3.380286e-03,1.920982e-03,1.965110e-03,2.723998e-03,3.568487e-03,9.410951e-04,1.212216e-03,3.201019e-02,4.685672e-01,1.673356e-01,4.616676e-03,1.113208e-02,2.253812e-01,5.756279e-02
2.131255e-02,3.360909e-03,1.283759e-02,8.378207e-03,5.391480e-03,1.474800e-02,9.121839e-03,2.150788e-02,2.846152e-02,4.706871e-01,1.610886e-01,4.314804e-03,1.355227e-02,1.767141e-01,4.852311e-02
3.539130e-02,5.452900e-03,1.401978e-02,1.065179e-02,1.561322e-02,1.872929e-02,1.807964e-02,2.975555e-02,6.921598e-02,4.173674e-01,1.506534e-01,5.275812e-03,1.319646e-02,1.593935e-01,3.720393e-02
3.502318e-02,6.457893e-03,1.160884e-02,9.917589e-03,2.203418e-02,1.656315e-02,1.421290e-02,2.370766e-02,1.142979e-01,4.329591e-01,1.397222e-01,5.433342e-03,1.034826e-02,1.311059e-01,2.660789e-02
3.741116e-02,8.888766e-03,8.622933e-03,8.547951e-03,2.322245e-02,1.658449e-02,1.072638e-02,1.952788e-02,1.391997e-01,4.632653e-01,1.351124e-01,5.990212e-03,7.988604e-03,9.592716e-02,1.898457e-02
4.053085e-02,8.633514e-03,6.730322e-03,1.004173e-02,2.090981e-02,1.306988e-02,8.023292e-03,2.424514e-02,1.058291e-01,5.473520e-01,1.096663e-01,7.239423e-03,7.030748e-03,7.675343e-02,1.394454e-02
4.252728e-02,8.070017e-03,6.025410e-03,2.107058e-02,2.035248e-02,1.080310e-02,6.365557e-03,4.965831e-02,7.883544e-02,5.880145e-01,8.366256e-02,7.624385e-03,6.398874e-03,6.015564e-02,1.043585e-02
8.257207e-02,8.030146e-03,6.706520e-03,2.283319e-02,1.774315e-02,1.082035e-02,7.177024e-03,7.485811e-02,6.614453e-02,5.688155e-01,6.410792e-02,1.087397e-02,5.493302e-03,4.508452e-02,8.739734e-03
1.145497e-01,1.059335e-02,9.190417e-03,2.544666e-02,2.077468e-02,1.171290e-02,8.386603e-03,6.834455e-02,6.150006e-02,5.479020e-01,5.722181e-02,1.410524e-02,5.838267e-03,3.638435e-02,8.049368e-03
1.631116e-01,1.513214e-02,2.937485e-02,3.117877e-02,2.434185e-02,1.789629e-02,3.522862e-02,6.615990e-02,6.581147e-02,4.302217e-01,4.558321e-02,2.864704e-02,8.133939e-03,3.062850e-02,8.550143e-03
1.869032e-01,1.702817e-02,5.063510e-02,3.916673e-02,3.140012e-02,1.743996e-02,4.143092e-02,1.219114e-01,5.293510e-02,3.406985e-01,3.657772e-02,2.406390e-02,6.686294e-03,2.561950e-02,7.503387e-03
1.731987e-01,1.745785e-02,4.947132e-02,3.445688e-02,3.087359e-02,1.821139e-02,1.627355e-01,1.399797e-01,4.204021e-02,2.492655e-01,2.843085e-02,2.165592e-02,6.063478e-03,1.989609e-02,6.263014e-03
1.600518e-01,2.200100e-02,3.938551e-02,2.751940e-02,3.417698e-02,1.796803e-02,2.522875e-01,1.556174e-01,3.592729e-02,1.866630e-01,2.210237e-02,2.047292e-02,6.172764e-03,1.438702e-02,5.266967e-03
1.804389e-01,2.868106e-02,3.209370e-02,2.175271e-02,3.445544e-02,1.932977e-02,2.736785e-01,1.655333e-01,3.579869e-02,1.435184e-01,1.720888e-02,2.402843e-02,7.381629e-03,1.069515e-02,5.405465e-03
1.792561e-01,2.314419e-02,2.581229e-02,1.704906e-02,3.257390e-02,1.706542e-02,3.270265e-01,1.701979e-01,3.462521e-02,1.064490e-01,1.272830e-02,3.072965e-02,1.008669e-02,7.820336e-03,5.435592e-03
2.042018e-01,1.837881e-02,2.589742e-02,1.541336e-02,3.629784e-02,1.947477e-02,3.161694e-01,1.701950e-01,3.238298e-02,8.069888e-02,1.036939e-02,4.384356e-02,1.398929e-02,6.026506e-03,6.660970e-03
1.899094e-01,1.452385e-02,2.456528e-02,1.274610e-02,3.529536e-02,1.810130e-02,3.808309e-01,1.588993e-01,2.791027e-02,5.984990e-02,8.392113e-03,4.274535e-02,1.438733e-02,4.631573e-03,7.211950e-03
1.978047e-01,1.175265e-02,2.191410e-02,1.107460e-02,2.809374e-02,1.784505e-02,4.512736e-01,1.239273e-01,2.237328e-02,4.304630e-02,6.844202e-03,3.810637e-02,1.400678e-02,3.656743e-03,8.280641e-03
2.201639e-01,1.064943e-02,1.979091e-02,1.151278e-02,2.351305e-02,2.013981e-02,4.712583e-01,9.996259e-02,1.817688e-02,3.106628e-02,6.043847e-03,3.980489e-02,1.474802e-02,2.947802e-03,1.022158e-02
2.043766e-01,8.670750e-03,1.705987e-02,9.851516e-03,1.946993e-02,1.710208e-02,5.349752e-01,8.733033e-02,1.451250e-02,2.236387e-02,4.811108e-03,3.417530e-02,1.334421e-02,2.326145e-03,9.630651e-03
2.089491e-01,6.998408e-03,1.500592e-02,8.190501e-03,1.572328e-02,1.512596e-02,5.666946e-01,7.949969e-02,1.225301e-02,1.652637e-02,4.004724e-03,2.848688e-02,1.206992e-02,2.017631e-03,8.454081e-03
1.954508e-01,5.893620e-03,1.306194e-02,7.036663e-03,1.286276e-02,1.440288e-02,6.040367e-01,7.634647e-02,9.719648e-03,1.224076e-02,3.338879e-03,2.455277e-02,1.156535e-02,1.691719e-03,7.799130e-03
1.899076e-01,4.874029e-03,1.042554e-02,6.406070e-03,1.057421e-02,1.439864e-02,6.181301e-01,8.318685e-02,8.061958e-03,9.039871e-03,2.880834e-03,2.184950e-02,1.200605e-02,1.447347e-03,6.811513e-03
1.986865e-01,4.326298e-03,8.649103e-03,6.624552e-03,8.765187e-03,1.387347e-02,6.196049e-01,8.175539e-02,6.447436e-03,6.813354e-03,2.669693e-03,2.116773e-02,1.280260e-02,1.298317e-03,6.515524e-03
1.989568e-01,3.856502e-03,7.591357e-03,6.272718e-03,7.084554e-03,1.306938e-02,6.300479e-01,8.210064e-02,4.907183e-03,5.245655e-03,2.322135e-03,1.901779e-02,1.235147e-02,1.120091e-03,6.055858e-03
1.989874e-01,3.760546e-03,6.257962e-03,5.520544e-03,6.313507e-03,1.238594e-02,6.408721e-01,8.246034e-02,3.954160e-03,3.957471e-03,1.988257e-03,1.614298e-02,1.118921e-02,9.408537e-04,5.268804e-03
1.874120e-01,3.342594e-03,4.987855e-03,4.506045e-03,6.400106e-03,1.054160e-02,6.671633e-01,8.014132e-02,3.160418e-03,3.008751e-03,1.674152e-03,1.304391e-02,9.418743e-03,7.676468e-04,4.431689e-03
1.966165e-01,4.089151e-03,4.481746e-03,4.816777e-03,8.693621e-03,1.099874e-02,6.355128e-01,9.828953e-02,2.907709e-03,2.617292e-03,1.864722e-03,1.260443e-02,1.109795e-02,7.149491e-04,4.694231e-03
2.156240e-01,6.337292e-03,4.217503e-03,7.751014e-03,1.035835e-02,1.472759e-02,5.850962e-01,1.069487e-01,2.731145e-03,2.861191e-03,2.913237e-03,1.679270e-02,1.679092e-02,7.808341e-04,6.069433e-03
2.070652e-01,9.024899e-03,4.361462e-03,1.157432e-02,1.203322e-02,1.861643e-02,5.551448e-01,1.096683e-01,2.617585e-03,3.337764e-03,9.331040e-03,1.902446e-02,2.804026e-02,1.160802e-03,8.999549e-03
2.220600e-01,9.563310e-03,5.201524e-03,1.690252e-02,1.200910e-02,2.489564e-02,4.823169e-01,1.051827e-01,3.380482e-03,5.655589e-03,1.452628e-02,2.443152e-02,5.690666e-02,1.659088e-03,1.530868e-02
2.173010e-01,1.000854e-02,6.516105e-03,1.688770e-02,1.078263e-02,2.370271e-02,4.512559e-01,8.475261e-02,3.475495e-03,7.385014e-03,1.751989e-02,2.613489e-02,1.007502e-01,2.867382e-03,2.065986e-02
2.644378e-01,1.070821e-02,1.070976e-02,1.462213e-02,1.218286e-02,2.188400e-02,3.769921e-01,6.576274e-02,3.623223e-03,2.452706e-02,1.601062e-02,2.358870e-02,1.152388e-01,5.050254e-03,3.466186e-02
3.286139e-01,1.013698e-02,1.161792e-02,1.267495e-02,1.580381e-02,2.285964e-02,2.922737e-01,4.792494e-02,4.139252e-03,2.756490e-02,1.380072e-02,2.516863e-02,1.362472e-01,5.368723e-03,4.580479e-02
2.807553e-01,7.702727e-03,8.557514e-03,9.310063e-03,1.598854e-02,1.912086e-02,2.109269e-01,3.398685e-02,3.919981e-03,2.337752e-02,1.619500e-02,2.205871e-02,1.923799e-01,8.244797e-03,1.474753e-01
2.430544e-01,5.768820e-03,6.253822e-03,7.719444e-03,1.638155e-02,1.664688e-02,1.494606e-01,2.447165e-02,8.453229e-03,2.367111e-02,1.860689e-02,2.385650e-02,2.280374e-01,9.498638e-03,2.181190e-01
2.025529e-01,4.721791e-03,8.141110e-03,1.143650e-02,1.598516e-02,1.799544e-02,1.095433e-01,2.330988e-02,1.286796e-02,2.525851e-02,2.021466e-02,2.721448e-02,3.059545e-01,1.240570e-02,2.023981e-01
1.602000e-01,4.474356e-03,6.916286e-03,1.087527e-02,6.683749e-02,1.711865e-02,8.067058e-02,2.200717e-02,2.717966e-02,2.816401e-02,1.827420e-02,2.091716e-02,2.191423e-01,1.060087e-02,3.066220e-01
1.866032e-01,5.277001e-03,6.801560e-03,1.969719e-02,7.749242e-02,1.557991e-02,6.623189e-02,3.078878e-02,5.267958e-02,4.402586e-02,1.678362e-02,2.214347e-02,1.607719e-01,9.367517e-03,2.857562e-01
