1.000000e+00,0.000000e+00,0.000000e+00,0.000000e+00,0.000000e+00,0.000000e+00,0.000000e+00,0.000000e+00,0.000000e+00,0.000000e+00,0.000000e+00,0.000000e+00,0.000000e+00,0.000000e+00,0.000000e+00
1.000000e+00,0.000000e+00,0.000000e+00,0.000000e+00,0.000000e+00,0.000000e+00,0.000000e+00,0.000000e+00,0.000000e+00,0.000000e+00,0.000000e+00,0.000000e+00,0.000000e+00,0.000000e+00,0.000000e+00
1.000000e+00,0.000000e+00,0.000000e+00,0.000000e+00,0.000000e+00,0.000000e+00,0.000000e+00,0.000000e+00,0.000000e+00,0.000000e+00,0.000000e+00,0.000000e+00,0.000000e+00,0.000000e+00,0.000000e+00
1.000000e+00,0.000000e+00,0.000000e+00,0.000000e+00,0.000000e+00,0.000000e+00,0.000000e+00,0.000000e+00,0.000000e+00,0.000000e+00,0.000000e+00,0.000000e+00,0.000000e+00,0.000000e+00,0.000000e+00
1.000000e+00,0.000000e+00,0.000000e+00,0.000000e+00,0.000000e+00,0.000000e+00,0.000000e+00,0.000000e+00,0.000000e+00,0.000000e+00,0.000000e+00,0.000000e+00,0.000000e+00,0.000000e+00,0.000000e+00
1.000000e+00,0.000000e+00,0.000000e+00,0.000000e+00,0.000000e+00,0.000000e+00,0.000000e+00,0.000000e+00,0.000000e+00,0.000000e+00,0.000000e+00,0.000000e+00,0.000000e+00,0.000000e+00,0.000000e+00
1.000000e+00,0.000000e+00,0.000000e+00,0.000000e+00,0.000000e+00,0.000000e+00,0.000000e+00,0.000000e+00,0.000000e+00,0.000000e+00,0.000000e+00,0.000000e+00,0.000000e+00,0.000000e+00,0.000000e+00
1.000000e+00,0.000000e+00,0.000000e+00,0.000000e+00,0.000000e+00,0.000000e+00,0.000000e+00,0.000000e+00,0.000000e+00,0.000000e+00,0.000000e+00,0.000000e+00,0.000000e+00,0.000000e+00,0.000000e+00
1.000000e+00,0.000000e+00,0.000000e+00,0.000000e+00,0.000000e+00,0.000000e+00,0.000000e+00,0.000000e+00,0.000000e+00,0.000000e+00,0.000000e+00,0.000000e+00,0.000000e+00,0.000000e+00,0.000000e+00
1.000000e+00,0.000000e+00,0.000000e+00,0.000000e+00,0.000000e+00,0.000000e+00,0.000000e+00,0.000000e+00,0.000000e+00,0.000000e+00,0.000000e+00,0.000000e+00,0.000000e+00,0.000000e+00,0.000000e+00
1.000000e+00,0.000000e+00,0.000000e+00,0.000000e+00,0.000000e+00,0.000000e+00,0.000000e+00,0.000000e+00,0.000000e+00,0.000000e+00,0.000000e+00,0.000000e+00,0.000000e+00,0.000000e+00,0.000000e+00
1.000000e+00,0.000000e+00,0.000000e+00,0.000000e+00,0.000000e+00,0.000000e+00,0.000000e+00,0.000000e+00,0.000000e+00,0.000000e+00,0.000000e+00,0.000000e+00,0.000000e+00,0.000000e+00,0.000000e+00
1.000000e+00,0.000000e+00,0.000000e+00,0.000000e+00,0.000000e+00,0.000000e+00,0.000000e+00,0.000000e+00,0.000000e+00,0.000000e+00,0.000000e+00,0.000000e+00,0.000000e+00,0.000000e+00,0.000000e+00
1.000000e+00,0.000000e+00,0.000000e+00,0.000000e+00,0.000000e+00,0.000000e+00,0.000000e+00,0.000000e+00,0.000000e+00,0.000000e+00,0.000000e+00,0.000000e+00,0.000000e+00,0.000000e+00,0.000000e+00
1.000000e+00,0.000000e+00,0.000000e+00,0.000000e+00,0.000000e+00,0.000000e+00,0.000000e+00,0.000000e+00,0.000000e+00,0.000000e+00,0.000000e+00,0.000000e+00,0.000000e+00,0.000000e+00,0.000000e+00
1.000000e+00,0.000000e+00,0.000000e+00,0.000000e+00,0.000000e+00,0.000000e+00,0.000000e+00,0.000000e+00,0.000000e+00,0.000000e+00,0.000000e+00,0.000000e+00,0.000000e+00,0.000000e+00,0.000000e+00
1.000000e+00,0.000000e+00,0.000000e+00,0.000000e+00,0.000000e+00,0.000000e+00,0.000000e+00,0.000000e+00,0.000000e+00,0.000000e+00,0.000000e+00,0.000000e+00,0.000000e+00,0.000000e+00,0.000000e+00
1.000000e+00,0.000000e+00,0.000000e+00,0.000000e+00,0.000000e+00,0.000000e+00,0.000000e+00,0.000000e+00,0.000000e+00,0.000000e+00,0.000000e+00,0.000000e+00,0.000000e+00,0.000000e+00,0.000000e+00
1.000000e+00,0.000000e+00,0.000000e+00,0.000000e+00,0.000000e+00,0.000000e+00,0.000000e+00,0.000000e+00,0.000000e+00,0.000000e+00,0.000000e+00,0.000000e+00,0.000000e+00,0.000000e+00,0.000000e+00
1.000000e+00,0.000000e+00,0.000000e+00,0.000000e+00,0.000000e+00,0.000000e+00,0.000000e+00,0.000000e+00,0.000000e+00,0.000000e+00,0.000000e+00,0.000000e+00,0.000000e+00,0.000000e+00,0.000000e+00
1.000000e+00,0.000000e+00,0.000000e+00,0.000000e+00,0.000000e+00,0.000000e+00,0.000000e+00,0.000000e+00,0.000000e+00,0.000000e+00,0.000000e+00,0.000000e+00,0.000000e+00,0.000000e+00,0.000000e+00
1.000000e+00,0.000000e+00,0.000000e+00,0.000000e+00,0.000000e+00,0.000000e+00,0.000000e+00,0.000000e+00,0.000000e+00,0.000000e+00,0.000000e+00,0.000000e+00,0.000000e+00,0.000000e+00,0.000000e+00
1.000000e+00,0.000000e+00,0.000000e+00,0.000000e+00,0.000000e+00,0.000000e+00,0.000000e+00,0.000000e+00,0.000000e+00,0.000000e+00,0.000000e+00,0.000000e+00,0.000000e+00,0.000000e+00,0.000000e+00
1.000000e+00,0.000000e+00,0.000000e+00,0.000000e+00,0.000000e+00,0.000000e+00,0.000000e+00,0.000000e+00,0.000000e+00,0.000000e+00,0.000000e+00,0.000000e+00,0.000000e+00,0.000000e+00,0.000000e+00
1.000000e+00,0.000000e+00,0.000000e+00,0.000000e+00,0.000000e+00,0.000000e+00,0.000000e+00,0.000000e+00,0.000000e+00,0.000000e+00,0.000000e+00,0.000000e+00,0.000000e+00,0.000000e+00,0.000000e+00
1.000000e+00,0.000000e+00,0.000000e+00,0.000000e+00,0.000000e+00,0.000000e+00,0.000000e+00,0.000000e+00,0.000000e+00,0.000000e+00,0.000000e+00,0.000000e+00,0.000000e+00,0.000000e+00,0.000000e+00
1.000000e+00,0.000000e+00,0.000000e+00,0.000000e+00,0.000000e+00,0.000000e+00,0.000000e+00,0.000000e+00,0.000000e+00,0.000000e+00,0.000000e+00,0.000000e+00,0.000000e+00,0.000000e+00,0.000000e+00
1.000000e+00,0.000000e+00,0.000000e+00,0.000000e+00,0.000000e+00,0.000000e+00,0.000000e+00,0.000000e+00,0.000000e+00,0.000000e+00,0.000000e+00,0.000000e+00,0.000000e+00,0.000000e+00,0.000000e+00
1.000000e+00,0.000000e+00,0.000000e+00,0.000000e+00,0.000000e+00,0.000000e+00,0.000000e+00,0.000000e+00,0.000000e+00,0.000000e+00,0.000000e+00,0.000000e+00,0.000000e+00,0.000000e+00,0.000000e+00
1.000000e+00,0.000000e+00,0.000000e+00,0.000000e+00,0.000000e+00,0.000000e+00,0.000000e+00,0.000000e+00,0.000000e+00,0.000000e+00,0.000000e+00,0.000000e+00,0.000000e+00,0.000000e+00,0.000000e+00
1.000000e+00,0.000000e+00,0.000000e+00,0.000000e+00,0.000000e+00,0.000000e+00,0.000000e+00,0.000000e+00,0.000000e+00,0.000000e+00,0.000000e+00,0.000000e+00,0.000000e+00,0.000000e+00,0.000000e+00
1.000000e+00,0.000000e+00,0.000000e+00,0.000000e+00,0.000000e+00,0.000000e+00,0.000000e+00,0.000000e+00,0.000000e+00,0.000000e+00,0.000000e+00,0.000000e+00,0.000000e+00,0.000000e+00,0.000000e+00
1.000000e+00,0.000000e+00,0.000000e+00,0.000000e+00,0.000000e+00,0.000000e+00,0.000000e+00,0.000000e+00,0.000000e+00,0.000000e+00,0.000000e+00,0.000000e+00,0.000000e+00,0.000000e+00,0.000000e+00
1.000000e+00,0.000000e+00,0.000000e+00,0.000000e+00,0.000000e+00,0.000000e+00,0.000000e+00,0.000000e+00,0.000000e+00,0.000000e+00,0.000000e+00,0.000000e+00,0.000000e+00,0.000000e+00,0.000000e+00
1.000000e+00,0.000000e+00,0.000000e+00,0.000000e+00,0.000000e+00,0.000000e+00,0.000000e+00,0.000000e+00,0.000000e+00,0.000000e+00,0.000000e+00,0.000000e+00,0.000000e+00,0.000000e+00,0.000000e+00
1.000000e+00,0.000000e+00,0.000000e+00,0.000000e+00,0.000000e+00,0.000000e+00,0.000000e+00,0.000000e+00,0.000000e+00,0.000000e+00,0.000000e+00,0.000000e+00,0.000000e+00,0.000000e+00,0.000000e+00
1.000000e+00,0.000000e+00,0.000000e+00,0.000000e+00,0.000000e+00,0.000000e+00,0.000000e+00,0.000000e+00,0.000000e+00,0.000000e+00,0.000000e+00,0.000000e+00,0.000000e+00,0.000000e+00,0.000000e+00
1.000000e+00,0.000000e+00,0.000000e+00,0.000000e+00,0.000000e+00,0.000000e+00,0.000000e+00,0.000000e+00,0.000000e+00,0.000000e+00,0.000000e+00,0.000000e+00,0.000000e+00,0.000000e+00,0.000000e+00
1.000000e+00,0.000000e+00,0.000000e+00,0.000000e+00,0.000000e+00,0.000000e+00,0.000000e+00,0.000000e+00,0.000000e+00,0.000000e+00,0.000000e+00,0.000000e+00,0.000000e+00,0.000000e+00,0.000000e+00
1.000000e+00,0.000000e+00,0.000000e+00,0.000000e+00,0.000000e+00,0.000000e+00,0.000000e+00,0.000000e+00,0.000000e+00,0.000000e+00,0.000000e+00,0.000000e+00,0.000000e+00,0.000000e+00,0.000000e+00
1.000000e+00,0.000000e+00,0.000000e+00,0.000000e+00,0.000000e+00,0.000000e+00,0.000000e+00,0.000000e+00,0.000000e+00,0.000000e+00,0.000000e+00,0.000000e+00,0.000000e+00,0.000000e+00,0.000000e+00
1.000000e+00,0.000000e+00,0.000000e+00,0.000000e+00,0.000000e+00,0.000000e+00,0.000000e+00,0.000000e+00,0.000000e+00,0.000000e+00,0.000000e+00,0.000000e+00,0.000000e+00,0.000000e+00,0.000000e+00
1.000000e+00,0.000000e+00,0.000000e+00,0.000000e+00,0.000000e+00,0.000000e+00,0.000000e+00,0.000000e+00,0.000000e+00,0.000000e+00,0.000000e+00,0.000000e+00,0.000000e+00,0.000000e+00,0.000000e+00
1.000000e+00,0.000000e+00,0.000000e+00,0.000000e+00,0.000000e+00,0.000000e+00,0.000000e+00,0.000000e+00,0.000000e+00,0.000000e+00,0.000000e+00,0.000000e+00,0.000000e+00,0.000000e+00,0.000000e+00
1.000000e+00,0.000000e+00,0.000000e+00,0.000000e+00,0.000000e+00,0.000000e+00,0.000000e+00,0.000000e+00,0.000000e+00,0.000000e+00,0.000000e+00,0.000000e+00,0.000000e+00,0.000000e+00,0.000000e+00
1.000000e+00,0.000000e+00,0.000000e+00,0.000000e+00,0.000000e+00,0.000000e+00,0.000000e+00,0.000000e+00,0.000000e+00,0.000000e+00,0.000000e+00,0.000000e+00,0.000000e+00,0.000000e+00,0.000000e+00
1.000000e+00,0.000000e+00,0.000000e+00,0.000000e+00,0.000000e+00,0.000000e+00,0.000000e+00,0.000000e+00,0.000000e+00,0.000000e+00,0.000000e+00,0.000000e+00,0.000000e+00,0.000000e+00,0.000000e+00
1.000000e+00,0.000000e+00,0.000000e+00,0.000000e+00,0.000000e+00,0.000000e+00,0.000000e+00,0.000000e+00,0.000000e+00,0.000000e+00,0.000000e+00,0.000000e+00,0.000000e+00,0.000000e+00,0.000000e+00
1.000000e+00,0.000000e+00,0.000000e+00,0.000000e+00,0.000000e+00,0.000000e+00,0.000000e+00,0.000000e+00,0.000000e+00,0.000000e+00,0.000000e+00,0.000000e+00,0.000000e+00,0.000000e+00,0.000000e+00
1.000000e+00,0.000000e+00,0.000000e+00,0.000000e+00,0.000000e+00,0.000000e+00,0.000000e+00,0.000000e+00,0.000000e+00,0.000000e+00,0.000000e+00,0.000000e+00,0.000000e+00,0.000000e+00,0.000000e+00
1.000000e+00,0.000000e+00,0.000000e+00,0.000000e+00,0.000000e+00,0.000000e+00,0.000000e+00,0.000000e+00,0.000000e+00,0.000000e+00,0.000000e+00,0.000000e+00,0.000000e+00,0.000000e+00,0.000000e+00
1.000000e+00,0.000000e+00,0.000000e+00,0.000000e+00,0.000000e+00,0.000000e+00,0.000000e+00,0.000000e+00,0.000000e+00,0.000000e+00,0.000000e+00,0.000000e+00,0.000000e+00,0.000000e+00,0.000000e+00
1.000000e+00,0.000000e+00,0.000000e+00,0.000000e+00,0.000000e+00,0.000000e+00,0.000000e+00,0.000000e+00,0.000000e+00,0.000000e+00,0.000000e+00,0.000000e+00,0.000000e+00,0.000000e+00,0.000000e+00
1.000000e+00,0.000000e+00,0.000000e+00,0.000000e+00,0.000000e+00,0.000000e+00,0.000000e+00,0.000000e+00,0.000000e+00,0.000000e+00,0.000000e+00,0.000000e+00,0.000000e+00,0.000000e+00,0.000000e+00
1.000000e+00,0.000000e+00,0.000000e+00,0.000000e+00,0.000000e+00,0.000000e+00,0.000000e+00,0.000000e+00,0.000000e+00,0.000000e+00,0.000000e+00,0.000000e+00,0.000000e+00,0.000000e+00,0.000000e+00
1.000000e+00,0.000000e+00,0.000000e+00,0.000000e+00,0.000000e+00,0.000000e+00,0.000000e+00,0.000000e+00,0.000000e+00,0.000000e+00,0.000000e+00,0.000000e+00,0.000000e+00,0.000000e+00,0.000000e+00
1.000000e+00,0.000000e+00,0.000000e+00,0.000000e+00,0.000000e+00,0.000000e+00,0.000000e+00,0.000000e+00,0.000000e+00,0.000000e+00,0.000000e+00,0.000000e+00,0.000000e+00,0.000000e+00,0.000000e+00
1.000000e+00,0.000000e+00,0.000000e+00,0.000000e+00,0.000000e+00,0.000000e+00,0.000000e+00,0.000000e+00,0.000000e+00,0.000000e+00,0.000000e+00,0.000000e+00,0.000000e+00,0.000000e+00,0.000000e+00
1.000000e+00,0.000000e+00,0.000000e+00,0.000000e+00,0.000000e+00,0.000000e+00,0.000000e+00,0.000000e+00,0.000000e+00,0.000000e+00,0.000000e+00,0.000000e+00,0.000000e+00,0.000000e+00,0.000000e+00
4.455945e-01,2.042668e-02,4.448384e-02,1.520732e-01,1.413718e-02,3.892637e-02,2.972098e-02,2.797125e-02,7.490813e-02,1.309562e-02,9.926254e-03,1.883131e-02,3.290494e-02,3.696926e-03,7.330289e-02
3.190982e-01,1.933629e-02,4.418063e-02,2.827053e-01,1.022242e-02,2.796324e-02,2.095228e-02,2.049726e-02,1.159566e-01,2.151708e-02,9.152070e-03,1.373695e-02,2.431436e-02,2.859498e-03,6.750783e-02
2.237464e-01,2.100565e-02,3.251044e-02,2.237516e-01,7.274383e-03,2.041259e-02,1.473218e-02,1.445532e-02,2.155080e-01,2.150033e-02,7.722599e-03,9.974751e-03,1.918313e-02,3.088965e-03,1.651336e-01
1.569070e-01,4.078412e-02,2.323575e-02,1.632254e-01,5.236504e-03,1.593463e-02,1.037953e-02,1.017910e-02,3.071373e-01,1.753343e-02,5.758280e-03,7.327280e-03,3.595867e-02,2.972191e-03,1.974308e-01
1.098757e-01,5.970321e-02,1.804741e-02,1.465592e-01,3.971178e-03,1.282698e-02,7.370442e-03,7.129766e-03,3.565394e-01,1.696115e-02,4.163597e-03,5.247517e-03,3.070709e-02,2.438511e-03,2.184589e-01
7.696586e-02,1.915295e-01,1.667106e-02,1.329231e-01,2.797522e-03,9.382285e-03,5.163352e-03,4.996535e-03,3.000681e-01,1.321452e-02,3.107654e-03,3.885390e-03,2.171447e-02,2.092809e-03,2.154879e-01
5.693767e-02,1.411312e-01,3.374635e-02,1.646774e-01,3.130199e-03,1.181951e-02,3.878688e-03,3.729895e-03,2.389374e-01,1.566597e-02,5.441760e-03,3.814625e-03,1.736056e-02,7.361859e-03,2.923669e-01
4.408928e-02,1.127945e-01,2.824504e-02,1.180753e-01,4.014057e-03,1.121132e-02,3.052574e-03,2.695583e-03,1.845576e-01,1.154748e-02,5.368903e-03,2.945334e-03,1.299585e-02,1.714121e-02,4.412659e-01
3.948654e-02,1.020277e-01,3.604377e-02,1.044822e-01,1.128111e-02,1.415642e-02,2.628514e-03,4.113351e-03,1.434342e-01,1.166384e-02,6.039354e-03,2.385375e-03,9.858879e-03,1.743488e-02,4.949639e-01
8.271149e-02,8.128197e-02,4.358761e-02,1.166932e-01,1.600271e-02,1.404530e-02,2.404280e-03,9.673156e-03,1.406411e-01,1.328864e-02,1.248447e-02,3.899876e-03,1.752788e-02,2.051923e-02,4.252391e-01
2.332095e-01,7.513671e-02,3.526491e-02,8.484472e-02,2.276120e-02,1.290407e-02,1.963539e-03,1.120444e-02,1.284963e-01,1.578627e-02,1.285118e-02,3.771973e-03,1.789929e-02,1.772314e-02,3.261828e-01
2.471429e-01,8.454847e-02,5.867502e-02,1.098098e-01,2.262376e-02,1.236905e-02,1.764296e-03,1.105952e-02,1.141373e-01,2.894189e-02,1.054626e-02,3.901948e-03,1.506930e-02,1.404070e-02,2.653698e-01
2.796874e-01,7.047459e-02,7.256548e-02,8.943278e-02,2.622612e-02,1.883777e-02,2.020216e-03,2.075864e-02,9.506184e-02,3.687230e-02,1.231465e-02,7.342873e-03,1.921287e-02,1.322963e-02,2.359628e-01
2.904263e-01,6.395221e-02,6.818689e-02,7.386392e-02,2.470282e-02,1.879300e-02,2.133719e-03,1.854130e-02,1.050226e-01,3.424759e-02,1.289167e-02,9.612573e-03,1.993827e-02,1.218923e-02,2.454979e-01
3.416342e-01,5.579334e-02,5.241641e-02,6.039891e-02,2.526396e-02,2.111198e-02,2.337522e-03,1.812747e-02,9.750464e-02,2.930426e-02,1.384719e-02,1.226786e-02,2.304540e-02,1.297201e-02,2.339748e-01
2.932880e-01,4.687440e-02,3.965810e-02,4.449315e-02,1.943834e-02,2.016925e-02,2.050018e-03,1.458778e-02,7.363752e-02,2.525515e-02,1.105008e-02,9.808335e-03,2.546522e-02,1.479077e-02,3.594339e-01
3.277403e-01,4.101994e-02,3.157038e-02,3.882788e-02,1.531396e-02,2.267256e-02,2.121192e-03,1.172098e-02,5.794878e-02,2.061101e-02,1.100168e-02,1.617396e-02,3.358804e-02,2.527944e-02,3.444099e-01
3.529299e-01,3.501980e-02,2.336914e-02,3.292138e-02,1.294005e-02,2.166137e-02,1.745096e-03,9.673599e-03,4.553712e-02,1.586757e-02,1.288600e-02,1.779737e-02,4.452056e-02,3.760413e-02,3.355269e-01
3.498213e-01,3.132309e-02,1.847473e-02,2.921571e-02,1.072176e-02,1.719042e-02,1.642204e-03,7.583473e-03,4.706524e-02,1.288296e-02,1.153127e-02,2.342571e-02,5.544481e-02,5.036036e-02,3.333169e-01
3.190668e-01,2.724208e-02,1.390056e-02,2.603218e-02,9.843343e-03,1.746029e-02,1.509335e-03,6.043560e-03,3.839705e-02,9.605060e-03,1.108439e-02,6.759400e-02,1.413179e-01,4.613693e-02,2.647665e-01
2.422786e-01,2.079295e-02,1.029226e-02,1.950814e-02,8.662843e-03,1.920598e-02,1.352325e-03,4.318473e-03,2.792848e-02,7.089174e-03,8.655274e-03,5.447181e-02,3.489768e-01,3.280255e-02,1.936643e-01
1.729829e-01,1.504614e-02,7.780903e-03,1.434790e-02,7.082561e-03,2.274741e-02,1.950838e-03,3.148471e-03,2.063584e-02,5.689976e-03,9.956107e-03,4.859459e-02,4.775759e-01,2.345932e-02,1.690012e-01
1.219429e-01,1.174419e-02,6.102677e-03,1.066933e-02,5.994408e-03,1.888989e-02,1.634475e-03,2.254290e-03,1.583448e-02,2.319031e-02,1.248774e-02,4.155260e-02,5.765257e-01,1.701732e-02,1.341597e-01
8.563551e-02,8.308446e-03,8.416440e-03,8.200062e-03,4.876298e-03,1.367502e-02,1.239049e-03,2.662788e-03,1.285894e-02,4.000473e-02,1.161237e-02,3.099536e-02,5.783493e-01,1.216552e-02,1.810002e-01
6.024010e-02,5.929248e-03,6.444599e-03,6.525990e-03,4.618566e-03,1.003908e-02,9.850353e-04,2.412720e-03,1.392164e-02,6.019484e-02,1.004777e-02,2.344801e-02,5.558550e-01,8.941025e-03,2.303964e-01
4.232066e-02,4.699142e-03,8.481376e-03,5.565041e-03,8.234992e-03,7.132863e-03,1.118459e-03,2.188953e-02,2.316593e-02,7.655130e-02,9.123817e-03,1.875110e-02,4.767316e-01,6.323289e-03,2.899109e-01
2.971618e-02,1.281273e-02,8.814132e-03,7.951840e-03,9.607743e-03,5.617400e-03,9.233517e-04,1.558565e-02,1.287198e-01,5.876974e-02,6.868500e-03,1.353250e-02,3.357107e-01,4.528411e-03,3.608413e-01
2.132525e-02,1.701875e-02,9.470636e-03,8.569035e-03,7.643565e-03,5.213737e-03,7.780016e-04,1.151895e-02,2.631465e-01,4.245850e-02,5.169841e-03,9.750510e-03,2.361572e-01,3.235940e-03,3.585437e-01
1.799481e-02,2.075109e-02,3.182654e-02,2.711578e-02,3.715570e-02,5.646468e-03,3.198150e-03,1.229686e-02,2.895848e-01,2.992395e-02,3.719710e-03,6.841157e-03,1.655882e-01,2.331507e-03,3.460253e-01
1.855595e-02,2.332350e-02,5.743860e-02,2.848658e-02,3.413827e-02,5.958140e-03,4.616480e-03,9.583844e-03,2.703389e-01,2.587519e-02,3.004446e-03,4.857460e-03,1.181889e-01,1.953049e-03,3.936807e-01
2.452542e-02,2.301127e-02,5.808644e-02,2.475925e-02,3.441744e-02,6.701713e-03,5.233434e-03,8.372772e-03,2.348658e-01,2.357680e-02,2.900828e-03,3.503476e-03,8.424345e-02,1.818046e-03,4.639838e-01
3.369915e-02,2.289849e-02,7.112072e-02,2.250134e-02,2.976819e-02,6.801357e-03,5.158517e-03,7.761830e-03,1.941693e-01,2.453150e-02,3.210262e-03,2.629297e-03,6.012897e-02,2.126017e-03,5.134950e-01
3.321546e-02,2.253379e-02,1.771108e-01,8.348814e-02,3.275678e-02,5.663761e-03,5.556173e-03,7.499285e-03,1.446273e-01,2.101361e-02,3.754114e-03,2.161161e-03,4.294340e-02,1.878728e-03,4.157975e-01
4.874337e-02,2.538808e-02,2.269335e-01,8.146555e-02,3.721806e-02,5.800364e-03,5.568266e-03,7.332331e-03,1.317808e-01,1.840846e-02,3.761141e-03,2.014938e-03,3.130750e-02,3.234653e-03,3.710430e-01
7.471208e-02,2.680894e-02,2.163055e-01,7.666650e-02,4.234854e-02,7.601932e-03,5.408216e-03,1.436478e-02,1.563561e-01,2.625259e-02,4.331590e-03,2.089228e-03,2.304856e-02,4.771763e-03,3.189337e-01
1.564609e-01,3.091656e-02,1.800677e-01,6.203949e-02,4.340452e-02,1.354381e-02,6.202867e-03,1.353144e-02,1.391505e-01,2.482480e-02,3.758457e-03,2.435166e-03,1.749497e-02,5.614062e-03,3.005548e-01
1.987808e-01,3.229203e-02,1.571701e-01,5.071812e-02,3.623227e-02,1.318094e-02,5.531905e-03,1.530834e-02,1.246652e-01,2.546359e-02,4.273049e-03,3.225429e-03,1.333308e-02,8.052690e-03,3.117725e-01
2.008582e-01,3.084449e-02,1.838134e-01,4.951741e-02,3.285960e-02,1.099108e-02,4.635027e-03,1.927198e-02,1.040992e-01,3.380965e-02,3.603598e-03,3.203904e-03,9.874297e-03,8.282967e-03,3.043351e-01
2.660185e-01,2.960258e-02,1.574052e-01,6.445397e-02,3.354876e-02,1.359570e-02,4.331326e-03,2.255385e-02,1.031039e-01,3.318313e-02,3.422691e-03,3.526194e-03,7.497216e-03,8.047896e-03,2.497091e-01
3.497155e-01,3.287445e-02,1.182500e-01,5.879233e-02,3.878255e-02,1.808834e-02,4.215826e-03,2.120592e-02,1.028941e-01,3.175002e-02,3.434099e-03,3.716471e-03,6.048883e-03,8.753348e-03,2.014782e-01
3.821777e-01,3.265125e-02,9.788388e-02,5.046596e-02,4.233444e-02,1.832785e-02,4.195699e-03,1.897251e-02,1.218429e-01,2.726353e-02,3.527712e-03,3.905310e-03,5.295592e-03,1.154819e-02,1.796076e-01
4.314461e-01,3.221513e-02,8.016919e-02,4.679677e-02,4.595757e-02,1.650548e-02,4.174181e-03,1.570093e-02,1.324839e-01,2.378100e-02,4.183381e-03,5.252798e-03,5.175012e-03,1.529756e-02,1.408610e-01
3.422201e-01,4.600644e-02,6.290521e-02,4.137893e-02,3.416969e-02,1.262297e-02,3.008288e-03,1.116513e-02,1.075082e-01,2.096597e-02,5.614557e-03,6.797498e-03,5.860893e-03,2.997105e-02,2.698051e-01
2.523094e-01,3.867214e-02,4.559259e-02,2.981037e-02,2.626497e-02,1.014311e-02,2.258714e-03,7.864942e-03,1.275840e-01,1.709092e-02,7.122245e-03,5.796298e-03,5.162295e-03,1.430357e-01,2.812923e-01
1.778405e-01,2.739164e-02,3.213827e-02,2.090811e-02,1.853601e-02,7.166720e-03,1.594276e-03,5.520757e-03,9.899239e-02,1.283493e-02,1.221157e-02,4.775173e-03,3.681947e-03,1.391051e-01,4.373026e-01
1.248034e-01,1.920590e-02,2.256245e-02,1.464605e-02,1.301863e-02,5.074072e-03,1.119598e-03,3.879784e-03,7.025766e-02,4.112973e-02,3.055055e-02,3.990972e-03,2.655621e-03,3.038689e-01,3.432366e-01
8.775131e-02,1.345968e-02,1.582251e-02,1.029861e-02,9.191223e-03,3.595428e-03,7.875433e-04,2.750818e-03,5.292256e-02,3.707364e-02,1.558602e-01,7.315188e-03,2.325971e-03,2.684467e-01,3.323987e-01
6.149825e-02,9.429623e-03,1.112060e-02,7.239049e-03,6.820274e-03,2.536854e-03,5.544844e-04,1.988314e-03,3.805298e-02,7.197450e-02,3.242481e-01,7.539451e-03,2.083932e-03,2.085532e-01,2.463604e-01
4.314606e-02,6.602346e-03,7.788038e-03,5.072912e-03,4.973117e-03,1.808516e-03,4.264692e-04,1.398751e-03,2.678328e-02,5.710827e-02,4.775826e-01,9.701068e-03,1.899412e-03,1.762599e-01,1.794493e-01
3.022416e-02,4.624287e-03,5.452678e-03,3.555276e-03,3.607326e-03,1.290208e-03,3.251610e-04,9.823048e-04,1.900684e-02,4.161603e-02,6.096474e-01,9.448710e-03,1.602753e-03,1.407745e-01,1.278424e-01
2.118281e-02,3.260394e-03,3.822594e-03,2.528881e-03,3.796624e-03,9.549711e-04,6.115494e-04,7.040719e-04,1.891056e-02,3.157451e-02,6.134762e-01,7.717330e-03,1.723370e-03,1.985295e-01,9.120660e-02
1.483980e-02,2.284806e-03,2.677027e-03,1.787642e-03,2.764471e-03,7.164498e-04,5.833392e-04,5.007944e-04,1.383164e-02,2.218233e-02,7.209756e-01,6.678617e-03,1.390105e-03,1.446931e-01,6.409426e-02
1.042562e-02,1.612051e-03,1.876925e-03,1.301739e-03,2.189928e-03,6.099996e-04,8.128232e-04,3.616561e-04,1.195379e-02,1.573881e-02,7.842826e-01,9.280778e-03,1.466806e-03,1.128425e-01,4.524408e-02
7.895404e-03,1.170132e-03,1.447968e-03,2.521940e-03,2.780232e-03,1.217562e-02,1.197184e-02,9.106192e-04,1.691793e-02,1.149086e-02,7.837595e-01,1.951872e-02,3.319132e-03,9.192298e-02,3.219705e-02
5.891497e-03,8.659539e-04,1.180670e-03,4.081751e-03,3.070875e-03,1.494697e-02,1.147341e-02,1.363696e-03,1.635604e-02,8.392196e-03,8.127715e-01,2.268550e-02,3.049245e-03,7.106495e-02,2.280573e-02
5.434506e-03,6.604295e-04,1.073860e-03,5.386375e-03,7.064955e-03,1.192254e-02,1.002678e-02,4.208973e-03,1.760954e-02,6.954752e-03,8.113682e-01,4.151969e-02,4.101153e-03,5.635104e-02,1.631713e-02
9.840710e-03,7.449970e-04,1.961953e-03,8.992545e-03,5.217415e-02,1.031421e-02,2.681561e-02,1.771373e-02,2.478797e-02,6.214904e-03,7.282487e-01,3.372380e-02,3.518015e-03,6.079022e-02,1.415852e-02
8.232012e-03,9.567454e-04,2.137732e-03,8.195031e-03,1.219433e-01,7.911542e-03,2.826375e-02,1.554316e-02,7.804421e-02,6.497716e-03,6.225379e-01,2.487849e-02,2.750257e-03,5.978251e-02,1.232559e-02
1.492779e-02,1.353284e-03,4.559977e-03,1.186337e-02,1.584869e-01,9.017278e-03,2.582575e-02,4.409851e-02,9.866974e-02,1.075224e-02,5.286223e-01,2.852571e-02,3.947746e-03,5.010936e-02,9.240120e-03
2.464502e-02,1.951418e-03,5.124535e-03,1.091789e-02,1.775691e-01,1.210626e-02,2.296860e-02,4.746952e-02,1.104512e-01,1.612072e-02,4.712356e-01,4.266836e-02,4.753231e-03,4.451077e-02,7.507817e-03
4.167929e-02,2.696385e-03,4.977506e-03,1.034299e-02,3.017652e-01,1.664771e-02,1.784826e-02,4.236323e-02,8.435088e-02,1.224560e-02,3.851027e-01,3.467349e-02,4.417487e-03,3.511243e-02,5.776830e-03
5.804323e-02,3.447511e-03,1.029694e-02,1.382660e-02,3.304391e-01,2.059609e-02,1.731293e-02,5.923483e-02,9.149875e-02,1.561628e-02,3.070979e-01,3.085005e-02,4.692382e-03,3.255412e-02,4.493354e-03
7.205497e-02,4.781440e-03,1.410965e-02,1.692764e-02,3.407765e-01,2.395509e-02,1.506385e-02,9.578080e-02,8.590104e-02,1.555249e-02,2.487240e-01,3.015499e-02,5.531680e-03,2.667932e-02,4.006614e-03
8.149018e-02,4.773171e-03,3.921560e-02,5.666631e-02,3.005975e-01,2.357413e-02,1.197004e-02,1.472033e-01,6.960234e-02,1.284439e-02,1.914267e-01,3.253914e-02,5.322954e-03,1.964236e-02,3.131913e-03
8.497458e-02,5.374090e-03,4.328145e-02,6.002716e-02,2.934913e-01,2.091373e-02,8.970878e-03,1.971612e-01,5.849473e-02,1.131254e-02,1.614037e-01,3.212303e-02,4.635107e-03,1.515732e-02,2.679281e-03
7.626387e-02,5.717689e-03,3.903970e-02,6.427878e-02,3.023204e-01,1.786276e-02,6.718450e-03,2.772425e-01,4.359434e-02,8.621534e-03,1.173944e-01,2.297810e-02,3.571525e-03,1.231697e-02,2.079029e-03
5.771492e-02,4.277024e-03,2.963080e-02,6.200774e-02,2.342282e-01,1.521538e-02,5.007573e-03,4.426159e-01,3.130568e-02,6.202423e-03,8.255108e-02,1.615307e-02,2.636547e-03,8.984508e-03,1.469166e-03
4.233274e-02,3.275952e-03,2.243090e-02,5.329897e-02,1.765293e-01,1.124406e-02,3.764312e-03,5.813662e-01,2.236203e-02,4.474458e-03,5.791341e-02,1.133782e-02,2.017969e-03,6.601349e-03,1.050465e-03
3.299503e-02,2.457570e-03,1.702299e-02,3.995787e-02,1.319740e-01,8.168868e-03,2.913361e-03,6.892557e-01,1.606426e-02,3.512349e-03,4.061686e-02,7.968520e-03,1.474404e-03,4.866838e-03,7.513062e-04
2.659910e-02,1.855756e-03,1.246127e-02,2.970631e-02,9.923922e-02,6.006297e-03,2.301485e-03,7.683016e-01,1.148411e-02,2.677640e-03,2.851551e-02,5.597776e-03,1.089502e-03,3.625556e-03,5.388706e-04
3.857254e-02,1.577400e-03,9.058709e-03,2.130491e-02,7.717739e-02,9.822920e-03,2.154273e-03,7.918179e-01,8.850576e-03,2.043332e-03,2.194882e-02,5.125661e-03,7.109968e-03,2.811729e-03,6.238578e-04
4.468250e-02,1.713372e-03,6.467073e-03,1.564083e-02,5.499064e-02,1.971902e-02,2.298800e-03,5.918736e-01,9.108982e-03,1.843231e-03,3.224837e-02,2.378553e-02,1.915792e-01,2.247709e-03,1.801030e-03
4.287318e-02,1.719768e-03,4.892178e-03,1.227172e-02,3.885642e-02,3.012370e-02,2.288260e-03,4.475841e-01,8.756724e-03,1.955293e-03,3.212810e-02,2.345534e-02,3.462783e-01,1.826939e-03,4.989997e-03
3.464301e-02,1.358479e-03,3.823272e-03,8.997910e-03,2.751785e-02,3.436040e-02,2.096566e-03,3.199772e-01,8.749846e-03,1.526701e-03,3.214713e-02,1.958825e-02,4.989108e-01,1.327050e-03,4.975558e-03
2.685019e-02,1.150666e-03,3.425739e-03,6.704037e-03,2.003763e-02,3.531907e-02,1.789574e-03,2.295361e-01,1.018453e-02,1.109934e-03,3.044674e-02,1.619038e-02,6.106796e-01,9.733753e-04,5.602499e-03
1.892745e-02,9.731703e-04,2.504386e-03,5.056883e-03,1.486736e-02,2.794992e-02,1.301647e-03,1.651103e-01,1.689051e-02,8.438181e-04,2.695624e-02,1.834328e-02,6.942624e-01,7.533735e-04,5.259249e-03
1.329398e-02,1.203166e-03,2.013963e-03,3.623717e-03,1.234516e-02,1.989628e-02,1.045215e-03,1.190721e-01,1.725446e-02,8.719494e-04,2.512117e-02,1.624245e-02,7.625719e-01,6.835051e-04,4.760968e-03
9.363304e-03,1.797187e-02,5.097608e-03,2.595267e-03,1.089408e-02,1.413077e-02,8.284736e-04,8.503465e-02,2.075925e-02,7.573093e-03,2.721415e-02,1.709652e-02,7.677888e-01,9.672416e-04,1.268502e-02
6.697162e-03,2.207719e-02,1.742369e-02,2.387347e-03,1.490442e-02,1.026314e-02,6.788337e-04,6.699582e-02,5.135853e-02,2.873751e-02,3.310039e-02,1.665569e-02,7.045527e-01,1.950406e-03,2.221724e-02
5.784112e-03,2.954039e-02,1.493600e-02,3.631875e-03,2.704600e-02,7.992048e-03,7.737102e-04,5.662520e-02,1.198935e-01,2.923935e-02,3.584647e-02,1.591630e-02,5.878131e-01,4.893954e-03,6.006805e-02
5.066159e-03,3.189920e-02,1.435586e-02,4.341792e-03,3.337287e-02,6.059426e-03,5.945644e-04,4.082691e-02,2.581094e-01,2.915472e-02,6.352548e-02,1.485349e-02,4.388415e-01,8.566020e-03,5.043263e-02
4.856450e-03,7.413445e-02,4.094622e-02,5.659894e-03,2.862029e-02,5.401539e-03,4.936885e-04,2.948768e-02,3.441651e-01,2.538585e-02,5.584530e-02,1.115141e-02,3.103639e-01,9.011589e-03,5.447668e-02
4.998814e-03,5.925068e-02,1.661659e-01,7.931960e-03,2.605719e-02,5.299015e-03,5.156958e-04,2.435599e-02,3.101243e-01,2.164317e-02,6.705634e-02,8.594687e-03,2.259523e-01,9.086626e-03,6.296737e-02
1.929631e-02,1.114088e-01,2.050778e-01,2.114481e-02,3.507451e-02,8.999052e-03,1.133392e-03,1.790483e-02,2.727537e-01,1.684011e-02,5.040792e-02,6.513064e-03,1.598508e-01,8.792005e-03,6.480292e-02
1.907729e-02,1.386124e-01,2.326966e-01,3.562066e-02,3.127319e-02,9.209509e-03,1.572920e-03,1.299918e-02,2.800850e-01,1.479512e-02,3.650909e-02,4.860180e-03,1.125127e-01,7.027983e-03,6.314825e-02
3.944357e-02,1.237256e-01,2.356118e-01,5.391829e-02,3.023214e-02,1.179020e-02,1.578320e-03,9.660048e-03,2.752444e-01,1.184697e-02,2.913746e-02,3.897296e-03,7.986882e-02,9.146806e-03,8.489823e-02
7.092651e-02,1.076576e-01,1.882393e-01,8.464973e-02,3.272673e-02,1.622149e-02,1.917188e-03,7.732320e-03,2.629073e-01,1.202720e-02,2.386537e-02,4.576486e-03,5.820055e-02,1.399713e-02,1.143550e-01
1.118271e-01,9.982286e-02,1.530264e-01,7.004481e-02,3.203619e-02,2.019276e-02,2.199845e-03,6.358946e-03,2.357128e-01,1.200188e-02,2.222190e-02,6.311307e-03,4.428506e-02,2.504516e-02,1.589130e-01
2.089200e-01,8.376158e-02,1.148782e-01,7.098839e-02,2.765905e-02,2.282808e-02,2.312580e-03,5.677288e-03,1.855430e-01,1.504602e-02,2.092925e-02,9.987694e-03,3.572698e-02,2.348530e-02,1.722565e-01
1.607232e-01,8.991563e-02,8.600574e-02,9.517935e-02,2.113093e-02,1.691354e-02,1.747474e-03,4.377879e-03,2.272374e-01,1.823666e-02,1.554011e-02,8.122562e-03,2.631432e-02,1.730277e-02,2.112523e-01
1.658011e-01,8.470848e-02,7.687016e-02,7.604299e-02,2.697226e-02,1.528795e-02,1.658143e-03,6.650869e-03,1.747025e-01,1.813088e-02,1.353868e-02,8.302467e-03,2.061993e-02,1.586517e-02,2.948483e-01
2.043514e-01,9.687006e-02,7.353444e-02,6.766795e-02,6.028601e-02,3.073469e-02,2.492468e-03,9.265993e-03,1.349284e-01,1.447128e-02,1.209208e-02,6.636365e-03,1.798770e-02,1.621123e-02,2.524698e-01
2.356251e-01,1.080763e-01,6.220048e-02,5.520249e-02,6.179906e-02,2.719075e-02,2.215938e-03,1.150749e-02,1.270415e-01,1.655015e-02,1.130858e-02,5.630271e-03,1.464356e-02,2.067754e-02,2.403307e-01
1.902665e-01,1.768823e-01,4.764314e-02,1.006607e-01,5.647747e-02,2.273712e-02,2.150391e-03,9.473806e-03,9.813581e-02,1.734009e-02,8.660288e-03,4.443689e-03,1.087792e-02,1.613553e-02,2.381151e-01
2.221224e-01,1.736516e-01,4.243232e-02,9.317920e-02,5.763604e-02,2.145879e-02,1.992559e-03,1.206349e-02,1.022651e-01,2.486042e-02,7.189603e-03,3.728533e-03,8.983765e-03,1.799109e-02,2.104449e-01
2.074328e-01,1.537130e-01,1.652433e-01,9.248448e-02,4.757002e-02,1.678084e-02,1.583074e-03,1.188459e-02,8.497919e-02,1.972083e-02,6.557713e-03,3.627065e-03,6.811300e-03,1.516576e-02,1.664458e-01
2.784800e-01,1.161297e-01,1.897153e-01,9.961452e-02,4.021088e-02,1.687551e-02,1.693506e-03,9.855550e-03,8.055678e-02,1.531638e-02,6.826773e-03,4.843504e-03,5.800553e-03,1.349650e-02,1.205844e-01
2.661691e-01,8.590787e-02,2.840822e-01,1.108370e-01,3.174550e-02,1.456669e-02,1.731761e-03,8.396387e-03,7.053347e-02,1.171873e-02,6.000707e-03,4.946478e-03,4.687003e-03,1.083661e-02,8.784035e-02
3.046159e-01,6.577627e-02,3.215825e-01,9.256896e-02,3.412594e-02,1.213378e-02,1.552456e-03,9.442449e-03,5.672627e-02,9.677137e-03,5.015367e-03,4.737603e-03,3.782184e-03,9.745685e-03,6.851745e-02
3.408042e-01,5.460947e-02,3.183517e-01,9.902330e-02,3.380962e-02,1.282595e-02,1.731582e-03,9.590507e-03,4.402843e-02,8.653838e-03,4.696264e-03,6.090634e-03,4.048373e-03,8.670729e-03,5.306531e-02
3.086335e-01,6.361213e-02,2.921380e-01,1.711920e-01,2.764286e-02,1.028595e-02,1.452719e-03,7.939837e-03,3.427790e-02,7.893668e-03,5.238725e-03,7.817358e-03,4.124497e-03,6.836486e-03,5.091440e-02
3.951710e-01,5.038200e-02,2.403757e-01,1.661092e-01,3.216622e-02,1.090366e-02,1.851397e-03,8.443370e-03,2.571661e-02,6.332093e-03,5.021326e-03,1.062299e-02,4.441129e-03,5.300041e-03,3.716327e-02
4.639510e-01,4.406423e-02,1.960188e-01,1.457996e-01,5.149471e-02,1.089540e-02,1.896057e-03,1.073519e-02,1.948433e-02,5.026423e-03,4.214392e-03,1.029457e-02,3.778661e-03,4.311087e-03,2.803564e-02
1.000000e+00,0.000000e+00,0.000000e+00,0.000000e+00,0.000000e+00,0.000000e+00,0.000000e+00,0.000000e+00,0.000000e+00,0.000000e+00,0.000000e+00,0.000000e+00,0.000000e+00,0.000000e+00,0.000000e+00
4.361863e-01,1.441461e-01,1.361667e-01,1.328118e-01,3.543016e-02,1.400529e-02,1.741479e-03,7.268797e-03,1.830549e-02,4.083375e-03,7.960038e-03,1.440143e-02,6.207492e-03,5.928649e-03,3.535686e-02
3.530217e-01,1.463322e-01,1.222843e-01,9.452625e-02,2.520286e-02,1.504861e-02,1.378074e-03,5.466159e-03,7.525122e-02,4.167201e-03,2.090529e-02,1.045131e-02,4.935040e-03,4.770923e-02,7.332046e-02
2.674288e-01,1.142388e-01,9.752431e-02,6.758504e-02,1.799389e-02,1.209432e-02,1.142044e-03,4.215526e-03,7.411170e-02,5.047155e-03,1.356070e-01,7.664086e-03,3.766190e-03,1.303115e-01,6.126962e-02
2.060687e-01,8.719143e-02,7.483882e-02,4.818690e-02,1.277126e-02,1.119390e-02,1.025847e-03,3.394967e-03,5.866614e-02,5.915778e-03,2.395978e-01,5.805194e-03,3.063630e-03,1.934604e-01,4.881933e-02
1.451114e-01,6.127434e-02,5.248532e-02,3.393619e-02,9.131662e-03,8.633732e-03,8.114695e-04,2.436710e-03,4.215406e-02,4.713755e-03,2.921374e-01,5.838378e-03,2.305565e-03,3.046249e-01,3.440525e-02
1.017335e-01,4.293302e-02,3.676026e-02,2.398292e-02,6.535453e-03,6.214664e-03,6.120852e-04,1.721476e-03,3.119627e-02,3.999985e-03,2.916220e-01,7.038794e-03,1.653473e-03,4.198216e-01,2.417448e-02
7.132405e-02,3.010512e-02,2.579728e-02,1.692723e-02,4.699441e-03,4.990407e-03,4.766866e-04,1.263748e-03,2.554904e-02,3.513497e-03,2.910754e-01,6.141196e-03,1.192950e-03,4.998391e-01,1.710485e-02
4.995739e-02,2.119386e-02,1.817961e-02,1.194999e-02,3.458832e-03,4.465963e-03,3.469701e-04,9.177777e-04,3.013871e-02,2.766092e-03,2.456283e-01,4.833091e-03,8.479381e-04,5.931925e-01,1.212303e-02
3.497777e-02,1.492858e-02,1.277528e-02,8.401699e-03,2.604300e-03,3.481251e-03,2.472846e-04,6.506486e-04,4.367896e-02,2.333787e-03,2.153332e-01,4.006190e-03,6.002200e-04,6.474262e-01,8.554542e-03
2.451518e-02,1.068807e-02,9.426421e-03,6.077260e-03,2.286974e-03,3.433726e-03,1.934442e-04,6.110718e-04,1.192976e-01,2.403555e-03,1.982438e-01,3.125968e-03,4.400115e-04,6.130738e-01,6.183188e-03
1.720112e-02,7.604680e-03,8.772060e-03,4.659840e-03,1.872305e-03,3.384199e-03,1.568582e-04,5.509419e-04,1.419123e-01,2.684656e-03,1.887545e-01,2.544004e-03,3.216937e-04,6.150607e-01,4.520079e-03
1.207124e-02,5.442149e-03,6.880125e-03,3.401795e-03,1.847708e-03,3.783724e-03,1.179435e-04,4.341822e-04,1.495948e-01,2.518648e-03,1.784056e-01,2.149395e-03,2.433787e-04,6.297019e-01,3.407412e-03
8.506731e-03,3.994161e-03,5.565235e-03,2.738209e-03,1.419911e-03,3.767712e-03,8.844327e-05,3.305018e-04,1.708000e-01,3.138520e-03,1.623560e-01,1.692836e-03,2.318570e-04,6.325132e-01,2.856590e-03
6.012050e-03,2.995957e-03,4.597028e-03,2.467863e-03,1.120085e-03,3.992702e-03,6.898188e-05,2.569160e-04,2.618938e-01,3.117689e-03,1.267065e-01,1.306033e-03,1.906341e-04,5.829848e-01,2.288894e-03
4.287418e-03,2.493114e-03,3.691562e-03,1.834212e-03,9.003717e-04,4.668651e-03,5.321420e-05,2.063330e-04,3.575320e-01,2.905530e-03,9.187253e-02,9.826602e-04,1.449526e-04,5.265995e-01,1.827950e-03
3.024657e-03,1.830964e-03,2.755725e-03,1.321461e-03,6.999708e-04,3.692998e-03,3.788639e-05,1.478261e-04,4.562821e-01,2.440782e-03,6.638247e-02,7.472893e-04,1.094192e-04,4.591091e-01,1.417362e-03
2.152408e-03,1.637163e-03,2.090583e-03,9.913055e-04,5.368135e-04,3.041001e-03,2.890498e-05,1.139746e-04,5.361691e-01,2.160212e-03,4.765783e-02,6.243281e-04,8.843007e-05,4.011381e-01,1.569847e-03
2.562701e-03,4.132561e-03,2.028685e-03,9.501215e-04,4.532540e-04,5.487755e-03,3.688482e-05,1.836473e-04,5.891478e-01,2.183226e-03,3.484372e-02,4.755546e-04,8.721135e-05,3.521019e-01,5.324999e-03
4.526675e-03,3.532392e-03,1.822355e-03,8.141241e-04,5.691358e-04,4.578120e-03,3.401995e-05,3.022667e-04,6.663941e-01,2.088166e-03,2.914774e-02,3.554390e-04,7.492027e-05,2.775837e-01,8.177014e-03
6.577430e-03,3.645333e-03,4.251498e-03,2.150118e-03,7.502416e-04,5.353005e-03,3.348688e-05,7.245283e-04,7.190145e-01,1.890597e-03,2.555699e-02,4.019285e-04,1.638671e-04,2.166346e-01,1.285186e-02
8.827671e-03,3.457109e-03,9.385969e-03,2.988483e-03,8.147445e-04,6.488996e-03,4.402854e-05,1.257952e-03,7.671499e-01,1.707283e-03,2.110206e-02,3.234240e-04,1.498723e-04,1.646248e-01,1.167776e-02
1.619826e-02,2.847949e-03,2.565423e-02,4.009186e-03,1.208920e-03,1.099084e-02,5.224845e-05,2.107942e-03,7.518661e-01,1.505121e-03,2.311358e-02,2.473243e-04,1.587900e-04,1.487776e-01,1.126193e-02
2.231210e-02,2.283502e-03,3.843878e-02,4.930107e-03,1.378248e-03,8.945337e-03,6.011454e-05,1.809784e-03,6.865520e-01,1.192013e-03,4.772108e-02,1.882886e-04,1.266469e-04,1.753449e-01,8.717055e-03
2.680111e-02,2.017266e-03,8.895204e-02,9.769084e-03,2.407746e-03,9.092094e-03,8.109322e-05,2.650134e-03,6.213827e-01,1.174988e-03,7.050142e-02,1.713205e-04,1.209709e-04,1.571701e-01,7.708055e-03
3.058928e-02,1.884130e-03,1.408166e-01,1.743736e-02,2.694206e-03,8.731883e-03,9.469886e-05,3.225648e-03,5.388016e-01,1.293147e-03,7.586662e-02,1.395162e-04,1.015413e-04,1.711062e-01,7.217730e-03
3.389703e-02,1.666133e-03,1.265043e-01,1.772197e-02,3.014044e-03,8.239226e-03,1.175345e-04,3.860723e-03,5.139736e-01,1.380264e-03,7.962225e-02,1.265287e-04,9.744663e-05,2.036690e-01,6.110126e-03
4.828455e-02,1.670316e-03,1.050829e-01,1.304262e-02,3.030756e-03,1.745731e-02,1.440599e-04,3.649603e-03,4.691841e-01,2.259217e-03,9.017822e-02,1.631929e-04,1.509759e-04,2.387954e-01,6.906943e-03
5.321077e-02,1.880368e-03,2.286267e-01,2.100099e-02,3.144403e-03,1.344386e-02,2.954359e-04,3.543495e-03,3.742536e-01,2.151131e-03,9.754004e-02,1.928243e-04,1.702727e-04,1.940735e-01,6.472647e-03
5.504815e-02,1.812106e-03,3.414612e-01,2.243299e-02,3.074561e-03,1.039832e-02,2.544751e-04,3.848709e-03,3.060703e-01,2.763527e-03,7.972541e-02,2.240379e-04,1.523243e-04,1.656236e-01,7.110354e-03
6.092736e-02,1.771684e-03,3.084849e-01,1.734423e-02,2.608194e-03,9.671876e-03,2.171512e-04,3.059426e-03,2.542163e-01,3.698568e-03,8.707945e-02,3.170491e-04,1.723482e-04,2.422920e-01,8.139556e-03
6.254998e-02,1.935454e-03,2.549462e-01,1.302618e-02,2.264780e-03,8.242588e-03,1.911818e-04,2.447833e-03,2.292738e-01,3.737514e-03,8.104672e-02,4.176245e-04,1.911728e-04,3.321867e-01,7.542375e-03
8.390304e-02,2.663937e-03,2.014312e-01,1.089907e-02,2.767266e-03,7.394104e-03,2.285849e-04,2.530072e-03,3.031117e-01,6.127771e-03,6.977493e-02,7.259083e-04,2.577925e-04,2.990184e-01,9.166280e-03
7.287841e-02,1.125486e-02,1.565136e-01,4.705251e-02,2.722801e-03,6.108020e-03,2.531216e-04,1.998353e-03,2.383679e-01,8.013084e-03,4.990931e-02,1.743412e-03,1.550241e-03,2.142411e-01,1.873933e-01
5.859175e-02,1.176410e-02,1.189903e-01,5.455396e-02,2.512905e-03,4.598858e-03,2.475173e-04,1.536748e-03,1.806129e-01,1.082120e-02,3.537928e-02,1.857709e-03,1.612572e-03,1.542180e-01,3.627023e-01
5.740334e-02,9.501046e-03,1.331201e-01,4.226170e-02,1.974132e-03,3.852575e-03,3.155799e-04,1.470356e-03,1.644936e-01,1.225010e-02,2.541914e-02,1.538028e-03,1.343590e-03,1.561823e-01,3.888744e-01
6.164331e-02,8.612221e-03,1.122780e-01,3.204869e-02,1.869327e-03,4.069215e-03,3.984637e-04,1.461856e-03,1.255715e-01,9.766249e-03,1.822901e-02,1.620254e-03,1.793551e-03,1.415212e-01,4.791171e-01
8.287735e-02,9.652399e-03,8.912053e-02,2.627367e-02,2.551819e-03,5.212332e-03,5.392315e-04,1.455581e-03,9.375893e-02,1.019206e-02,1.359901e-02,2.389086e-03,2.264362e-03,2.335913e-01,4.265224e-01
8.603949e-02,7.558809e-03,6.399866e-02,1.876799e-02,2.487914e-03,4.133697e-03,4.957694e-04,1.198635e-03,7.089503e-02,9.890753e-03,1.059456e-02,2.531703e-03,2.111076e-03,3.720399e-01,3.472561e-01
8.788536e-02,1.576017e-02,8.498081e-02,6.238777e-02,4.697487e-03,3.980654e-03,6.371868e-04,1.814832e-03,8.525633e-02,1.083864e-02,9.853588e-03,2.861723e-03,2.358558e-03,2.990363e-01,3.276506e-01
1.001723e-01,1.311436e-02,6.822203e-02,4.674165e-02,3.940199e-03,3.691878e-03,9.549262e-04,1.596127e-03,6.422184e-02,9.915555e-03,8.228308e-03,3.719949e-03,2.755416e-03,3.906841e-01,2.820414e-01
1.015054e-01,1.081803e-02,6.265993e-02,4.336535e-02,3.229352e-03,3.385940e-03,1.237964e-03,1.532980e-03,6.640992e-02,1.325287e-02,9.547097e-03,4.256560e-03,2.699038e-03,3.876671e-01,2.884325e-01
