1.000000e+00,0.000000e+00,0.000000e+00,0.000000e+00,0.000000e+00,0.000000e+00,0.000000e+00,0.000000e+00,0.000000e+00,0.000000e+00,0.000000e+00,0.000000e+00,0.000000e+00,0.000000e+00,0.000000e+00
1.000000e+00,0.000000e+00,0.000000e+00,0.000000e+00,0.000000e+00,0.000000e+00,0.000000e+00,0.000000e+00,0.000000e+00,0.000000e+00,0.000000e+00,0.000000e+00,0.000000e+00,0.000000e+00,0.000000e+00
1.000000e+00,0.000000e+00,0.000000e+00,0.000000e+00,0.000000e+00,0.000000e+00,0.000000e+00,0.000000e+00,0.000000e+00,0.000000e+00,0.000000e+00,0.000000e+00,0.000000e+00,0.000000e+00,0.000000e+00
1.000000e+00,0.000000e+00,0.000000e+00,0.000000e+00,0.000000e+00,0.000000e+00,0.000000e+00,0.000000e+00,0.000000e+00,0.000000e+00,0.000000e+00,0.000000e+00,0.000000e+00,0.000000e+00,0.000000e+00
1.000000e+00,0.000000e+00,0.000000e+00,0.000000e+00,0.000000e+00,0.000000e+00,0.000000e+00,0.000000e+00,0.000000e+00,0.000000e+00,0.000000e+00,0.000000e+00,0.000000e+00,0.000000e+00,0.000000e+00
1.000000e+00,0.000000e+00,0.000000e+00,0.000000e+00,0.000000e+00,0.000000e+00,0.000000e+00,0.000000e+00,0.000000e+00,0.000000e+00,0.000000e+00,0.000000e+00,0.000000e+00,0.000000e+00,0.000000e+00
1.000000e+00,0.000000e+00,0.000000e+00,0.000000e+00,0.000000e+00,0.000000e+00,0.000000e+00,0.000000e+00,0.000000e+00,0.000000e+00,0.000000e+00,0.000000e+00,0.000000e+00,0.000000e+00,0.000000e+00
1.000000e+00,0.000000e+00,0.000000e+00,0.000000e+00,0.000000e+00,0.000000e+00,0.000000e+00,0.000000e+00,0.000000e+00,0.000000e+00,0.000000e+00,0.000000e+00,0.000000e+00,0.000000e+00,0.000000e+00
1.000000e+00,0.000000e+00,0.000000e+00,0.000000e+00,0.000000e+00,0.000000e+00,0.000000e+00,0.000000e+00,0.000000e+00,0.000000e+00,0.000000e+00,0.000000e+00,0.000000e+00,0.000000e+00,0.000000e+00
1.000000e+00,0.000000e+00,0.000000e+00,0.000000e+00,0.000000e+00,0.000000e+00,0.000000e+00,0.000000e+00,0.000000e+00,0.000000e+00,0.000000e+00,0.000000e+00,0.000000e+00,0.000000e+00,0.000000e+00
1.000000e+00,0.000000e+00,0.000000e+00,0.000000e+00,0.000000e+00,0.000000e+00,0.000000e+00,0.000000e+00,0.000000e+00,0.000000e+00,0.000000e+00,0.000000e+00,0.000000e+00,0.000000e+00,0.000000e+00
1.000000e+00,0.000000e+00,0.000000e+00,0.000000e+00,0.000000e+00,0.000000e+00,0.000000e+00,0.000000e+00,0.000000e+00,0.000000e+00,0.000000e+00,0.000000e+00,0.000000e+00,0.000000e+00,0.000000e+00
1.000000e+00,0.000000e+00,0.000000e+00,0.000000e+00,0.000000e+00,0.000000e+00,0.000000e+00,0.000000e+00,0.000000e+00,0.000000e+00,0.000000e+00,0.000000e+00,0.000000e+00,0.000000e+00,0.000000e+00
1.000000e+00,0.000000e+00,0.000000e+00,0.000000e+00,0.000000e+00,0.000000e+00,0.000000e+00,0.000000e+00,0.000000e+00,0.000000e+00,0.000000e+00,0.000000e+00,0.000000e+00,0.000000e+00,0.000000e+00
1.000000e+00,0.000000e+00,0.000000e+00,0.000000e+00,0.000000e+00,0.000000e+00,0.000000e+00,0.000000e+00,0.000000e+00,0.000000e+00,0.000000e+00,0.000000e+00,0.000000e+00,0.000000e+00,0.000000e+00
1.000000e+00,0.000000e+00,0.000000e+00,0.000000e+00,0.000000e+00,0.000000e+00,0.000000e+00,0.000000e+00,0.000000e+00,0.000000e+00,0.000000e+00,0.000000e+00,0.000000e+00,0.000000e+00,0.000000e+00
1.000000e+00,0.000000e+00,0.000000e+00,0.000000e+00,0.000000e+00,0.000000e+00,0.000000e+00,0.000000e+00,0.000000e+00,0.000000e+00,0.000000e+00,0.000000e+00,0.000000e+00,0.000000e+00,0.000000e+00
1.000000e+00,0.000000e+00,0.000000e+00,0.000000e+00,0.000000e+00,0.000000e+00,0.000000e+00,0.000000e+00,0.000000e+00,0.000000e+00,0.000000e+00,0.000000e+00,0.000000e+00,0.000000e+00,0.000000e+00
1.000000e+00,0.000000e+00,0.000000e+00,0.000000e+00,0.000000e+00,0.000000e+00,0.000000e+00,0.000000e+00,0.000000e+00,0.000000e+00,0.000000e+00,0.000000e+00,0.000000e+00,0.000000e+00,0.000000e+00
1.000000e+00,0.000000e+00,0.000000e+00,0.000000e+00,0.000000e+00,0.000000e+00,0.000000e+00,0.000000e+00,0.000000e+00,0.000000e+00,0.000000e+00,0.000000e+00,0.000000e+00,0.000000e+00,0.000000e+00
1.000000e+00,0.000000e+00,0.000000e+00,0.000000e+00,0.000000e+00,0.000000e+00,0.000000e+00,0.000000e+00,0.000000e+00,0.000000e+00,0.000000e+00,0.000000e+00,0.000000e+00,0.000000e+00,0.000000e+00
1.000000e+00,0.000000e+00,0.000000e+00,0.000000e+00,0.000000e+00,0.000000e+00,0.000000e+00,0.000000e+00,0.000000e+00,0.000000e+00,0.000000e+00,0.000000e+00,0.000000e+00,0.000000e+00,0.000000e+00
1.000000e+00,0.000000e+00,0.000000e+00,0.000000e+00,0.000000e+00,0.000000e+00,0.000000e+00,0.000000e+00,0.000000e+00,0.000000e+00,0.000000e+00,0.000000e+00,0.000000e+00,0.000000e+00,0.000000e+00
1.000000e+00,0.000000e+00,0.000000e+00,0.000000e+00,0.000000e+00,0.000000e+00,0.000000e+00,0.000000e+00,0.000000e+00,0.000000e+00,0.000000e+00,0.000000e+00,0.000000e+00,0.000000e+00,0.000000e+00
1.000000e+00,0.000000e+00,0.000000e+00,0.000000e+00,0.000000e+00,0.000000e+00,0.000000e+00,0.000000e+00,0.000000e+00,0.000000e+00,0.000000e+00,0.000000e+00,0.000000e+00,0.000000e+00,0.000000e+00
1.000000e+00,0.000000e+00,0.000000e+00,0.000000e+00,0.000000e+00,0.000000e+00,0.000000e+00,0.000000e+00,0.000000e+00,0.000000e+00,0.000000e+00,0.000000e+00,0.000000e+00,0.000000e+00,0.000000e+00
1.000000e+00,0.000000e+00,0.000000e+00,0.000000e+00,0.000000e+00,0.000000e+00,0.000000e+00,0.000000e+00,0.000000e+00,0.000000e+00,0.000000e+00,0.000000e+00,0.000000e+00,0.000000e+00,0.000000e+00
1.000000e+00,0.000000e+00,0.000000e+00,0.000000e+00,0.000000e+00,0.000000e+00,0.000000e+00,0.000000e+00,0.000000e+00,0.000000e+00,0.000000e+00,0.000000e+00,0.000000e+00,0.000000e+00,0.000000e+00
1.000000e+00,0.000000e+00,0.000000e+00,0.000000e+00,0.000000e+00,0.000000e+00,0.000000e+00,0.000000e+00,0.000000e+00,0.000000e+00,0.000000e+00,0.000000e+00,0.000000e+00,0.000000e+00,0.000000e+00
1.000000e+00,0.000000e+00,0.000000e+00,0.000000e+00,0.000000e+00,0.000000e+00,0.000000e+00,0.000000e+00,0.000000e+00,0.000000e+00,0.000000e+00,0.000000e+00,0.000000e+00,0.000000e+00,0.000000e+00
1.000000e+00,0.000000e+00,0.000000e+00,0.000000e+00,0.000000e+00,0.000000e+00,0.000000e+00,0.000000e+00,0.000000e+00,0.000000e+00,0.000000e+00,0.000000e+00,0.000000e+00,0.000000e+00,0.000000e+00
1.000000e+00,0.000000e+00,0.000000e+00,0.000000e+00,0.000000e+00,0.000000e+00,0.000000e+00,0.000000e+00,0.000000e+00,0.000000e+00,0.000000e+00,0.000000e+00,0.000000e+00,0.000000e+00,0.000000e+00
1.000000e+00,0.000000e+00,0.000000e+00,0.000000e+00,0.000000e+00,0.000000e+00,0.000000e+00,0.000000e+00,0.000000e+00,0.000000e+00,0.000000e+00,0.000000e+00,0.000000e+00,0.000000e+00,0.000000e+00
1.000000e+00,0.000000e+00,0.000000e+00,0.000000e+00,0.000000e+00,0.000000e+00,0.000000e+00,0.000000e+00,0.000000e+00,0.000000e+00,0.000000e+00,0.000000e+00,0.000000e+00,0.000000e+00,0.000000e+00
1.000000e+00,0.000000e+00,0.000000e+00,0.000000e+00,0.000000e+00,0.000000e+00,0.000000e+00,0.000000e+00,0.000000e+00,0.000000e+00,0.000000e+00,0.000000e+00,0.000000e+00,0.000000e+00,0.000000e+00
1.000000e+00,0.000000e+00,0.000000e+00,0.000000e+00,0.000000e+00,0.000000e+00,0.000000e+00,0.000000e+00,0.000000e+00,0.000000e+00,0.000000e+00,0.000000e+00,0.000000e+00,0.000000e+00,0.000000e+00
1.000000e+00,0.000000e+00,0.000000e+00,0.000000e+00,0.000000e+00,0.000000e+00,0.000000e+00,0.000000e+00,0.000000e+00,0.000000e+00,0.000000e+00,0.000000e+00,0.000000e+00,0.000000e+00,0.000000e+00
1.000000e+00,0.000000e+00,0.000000e+00,0.000000e+00,0.000000e+00,0.000000e+00,0.000000e+00,0.000000e+00,0.000000e+00,0.000000e+00,0.000000e+00,0.000000e+00,0.000000e+00,0.000000e+00,0.000000e+00
1.000000e+00,0.000000e+00,0.000000e+00,0.000000e+00,0.000000e+00,0.000000e+00,0.000000e+00,0.000000e+00,0.000000e+00,0.000000e+00,0.000000e+00,0.000000e+00,0.000000e+00,0.000000e+00,0.000000e+00
1.000000e+00,0.000000e+00,0.000000e+00,0.000000e+00,0.000000e+00,0.000000e+00,0.000000e+00,0.000000e+00,0.000000e+00,0.000000e+00,0.000000e+00,0.000000e+00,0.000000e+00,0.000000e+00,0.000000e+00
1.000000e+00,0.000000e+00,0.000000e+00,0.000000e+00,0.000000e+00,0.000000e+00,0.000000e+00,0.000000e+00,0.000000e+00,0.000000e+00,0.000000e+00,0.000000e+00,0.000000e+00,0.000000e+00,0.000000e+00
1.000000e+00,0.000000e+00,0.000000e+00,0.000000e+00,0.000000e+00,0.000000e+00,0.000000e+00,0.000000e+00,0.000000e+00,0.000000e+00,0.000000e+00,0.000000e+00,0.000000e+00,0.000000e+00,0.000000e+00
1.000000e+00,0.000000e+00,0.000000e+00,0.000000e+00,0.000000e+00,0.000000e+00,0.000000e+00,0.000000e+00,0.000000e+00,0.000000e+00,0.000000e+00,0.000000e+00,0.000000e+00,0.000000e+00,0.000000e+00
1.000000e+00,0.000000e+00,0.000000e+00,0.000000e+00,0.000000e+00,0.000000e+00,0.000000e+00,0.000000e+00,0.000000e+00,0.000000e+00,0.000000e+00,0.000000e+00,0.000000e+00,0.000000e+00,0.000000e+00
1.000000e+00,0.000000e+00,0.000000e+00,0.000000e+00,0.000000e+00,0.000000e+00,0.000000e+00,0.000000e+00,0.000000e+00,0.000000e+00,0.000000e+00,0.000000e+00,0.000000e+00,0.000000e+00,0.000000e+00
1.000000e+00,0.000000e+00,0.000000e+00,0.000000e+00,0.000000e+00,0.000000e+00,0.000000e+00,0.000000e+00,0.000000e+00,0.000000e+00,0.000000e+00,0.000000e+00,0.000000e+00,0.000000e+00,0.000000e+00
1.000000e+00,0.000000e+00,0.000000e+00,0.000000e+00,0.000000e+00,0.000000e+00,0.000000e+00,0.000000e+00,0.000000e+00,0.000000e+00,0.000000e+00,0.000000e+00,0.000000e+00,0.000000e+00,0.000000e+00
1.000000e+00,0.000000e+00,0.000000e+00,0.000000e+00,0.000000e+00,0.000000e+00,0.000000e+00,0.000000e+00,0.000000e+00,0.000000e+00,0.000000e+00,0.000000e+00,0.000000e+00,0.000000e+00,0.000000e+00
1.000000e+00,0.000000e+00,0.000000e+00,0.000000e+00,0.000000e+00,0.000000e+00,0.000000e+00,0.000000e+00,0.000000e+00,0.000000e+00,0.000000e+00,0.000000e+00,0.000000e+00,0.000000e+00,0.000000e+00
1.000000e+00,0.000000e+00,0.000000e+00,0.000000e+00,0.000000e+00,0.000000e+00,0.000000e+00,0.000000e+00,0.000000e+00,0.000000e+00,0.000000e+00,0.000000e+00,0.000000e+00,0.000000e+00,0.000000e+00
1.000000e+00,0.000000e+00,0.000000e+00,0.000000e+00,0.000000e+00,0.000000e+00,0.000000e+00,0.000000e+00,0.000000e+00,0.000000e+00,0.000000e+00,0.000000e+00,0.000000e+00,0.000000e+00,0.000000e+00
1.000000e+00,0.000000e+00,0.000000e+00,0.000000e+00,0.000000e+00,0.000000e+00,0.000000e+00,0.000000e+00,0.000000e+00,0.000000e+00,0.000000e+00,0.000000e+00,0.000000e+00,0.000000e+00,0.000000e+00
1.000000e+00,0.000000e+00,0.000000e+00,0.000000e+00,0.000000e+00,0.000000e+00,0.000000e+00,0.000000e+00,0.000000e+00,0.000000e+00,0.000000e+00,0.000000e+00,0.000000e+00,0.000000e+00,0.000000e+00
1.000000e+00,0.000000e+00,0.000000e+00,0.000000e+00,0.000000e+00,0.000000e+00,0.000000e+00,0.000000e+00,0.000000e+00,0.000000e+00,0.000000e+00,0.000000e+00,0.000000e+00,0.000000e+00,0.000000e+00
1.000000e+00,0.000000e+00,0.000000e+00,0.000000e+00,0.000000e+00,0.000000e+00,0.000000e+00,0.000000e+00,0.000000e+00,0.000000e+00,0.000000e+00,0.000000e+00,0.000000e+00,0.000000e+00,0.000000e+00
1.000000e+00,0.000000e+00,0.000000e+00,0.000000e+00,0.000000e+00,0.000000e+00,0.000000e+00,0.000000e+00,0.000000e+00,0.000000e+00,0.000000e+00,0.000000e+00,0.000000e+00,0.000000e+00,0.000000e+00
1.000000e+00,0.000000e+00,0.000000e+00,0.000000e+00,0.000000e+00,0.000000e+00,0.000000e+00,0.000000e+00,0.000000e+00,0.000000e+00,0.000000e+00,0.000000e+00,0.000000e+00,0.000000e+00,0.000000e+00
1.000000e+00,0.000000e+00,0.000000e+00,0.000000e+00,0.000000e+00,0.000000e+00,0.000000e+00,0.000000e+00,0.000000e+00,0.000000e+00,0.000000e+00,0.000000e+00,0.000000e+00,0.000000e+00,0.000000e+00
1.000000e+00,0.000000e+00,0.000000e+00,0.000000e+00,0.000000e+00,0.000000e+00,0.000000e+00,0.000000e+00,0.000000e+00,0.000000e+00,0.000000e+00,0.000000e+00,0.000000e+00,0.000000e+00,0.000000e+00
1.000000e+00,0.000000e+00,0.000000e+00,0.000000e+00,0.000000e+00,0.000000e+00,0.000000e+00,0.000000e+00,0.000000e+00,0.000000e+00,0.000000e+00,0.000000e+00,0.000000e+00,0.000000e+00,0.000000e+00
4.679814e-01,2.628771e-02,3.070239e-02,6.794067e-02,6.747744e-03,1.328300e-02,3.362895e-03,1.194465e-02,5.948300e-03,2.122942e-03,2.439629e-01,5.204219e-02,1.466084e-02,3.349992e-02,1.951250e-02
3.540931e-01,1.954073e-02,2.278596e-02,5.151317e-02,5.140638e-03,1.512651e-02,2.780507e-03,1.014243e-02,5.304179e-03,1.949731e-03,3.639499e-01,7.042094e-02,1.197870e-02,4.810729e-02,1.716628e-02
2.789470e-01,1.532272e-02,1.672516e-02,3.758562e-02,4.288518e-03,1.343053e-02,2.213588e-03,7.876718e-03,4.881863e-03,2.290691e-03,4.753149e-01,7.633488e-02,8.951035e-03,3.817920e-02,1.765761e-02
2.011506e-01,1.450911e-02,1.260879e-02,2.817600e-02,4.682203e-03,1.201643e-02,1.936647e-03,6.388915e-03,6.128717e-03,2.560466e-03,5.292584e-01,1.039795e-01,6.759315e-03,4.417140e-02,2.567352e-02
1.631794e-01,1.339482e-02,1.066036e-02,2.555019e-02,5.228294e-03,1.126670e-02,1.733168e-03,5.856732e-03,8.597568e-03,3.638377e-03,5.347493e-01,1.071724e-01,5.354387e-03,6.825955e-02,3.535882e-02
1.553549e-01,1.119182e-02,9.498855e-03,2.173511e-02,4.807634e-03,1.250263e-02,1.820608e-03,5.431080e-03,1.012870e-02,5.865904e-03,5.702053e-01,9.405842e-02,4.590123e-03,5.793007e-02,3.487888e-02
1.324031e-01,1.001737e-02,8.363557e-03,1.667188e-02,5.941382e-03,1.063083e-02,1.813145e-03,4.527230e-03,1.230881e-02,8.245786e-03,6.161258e-01,9.216319e-02,3.927691e-03,4.532707e-02,3.153325e-02
1.407342e-01,1.941100e-02,2.053877e-02,1.941594e-02,1.712815e-02,3.266058e-02,3.341135e-03,8.428129e-03,1.395256e-02,1.837334e-02,5.264191e-01,1.010791e-01,3.650492e-03,4.194741e-02,3.292011e-02
1.586026e-01,2.134064e-02,5.725874e-02,1.910122e-02,1.784067e-02,4.322279e-02,5.211028e-03,1.162633e-02,1.779288e-02,4.648296e-02,4.104871e-01,1.024125e-01,3.504567e-03,5.486179e-02,3.025423e-02
1.736276e-01,2.186922e-02,5.757962e-02,2.857107e-02,1.708382e-02,6.098858e-02,6.467033e-03,1.084288e-02,1.961427e-02,1.284728e-01,3.079976e-01,8.047494e-02,3.759775e-03,4.638711e-02,3.626364e-02
1.962975e-01,1.958825e-02,4.390075e-02,4.170746e-02,1.490518e-02,8.380130e-02,6.529038e-03,9.038039e-03,1.960613e-02,1.308109e-01,2.673030e-01,8.658707e-02,7.355901e-03,3.620033e-02,3.636916e-02
2.642210e-01,1.746793e-02,3.962951e-02,3.555325e-02,1.187112e-02,9.569394e-02,5.590388e-03,7.922289e-03,1.872537e-02,1.236576e-01,2.132173e-01,8.309194e-02,8.982967e-03,3.845144e-02,3.592403e-02
3.286126e-01,1.632317e-02,3.407643e-02,4.397340e-02,1.018641e-02,8.371782e-02,5.256796e-03,8.656552e-03,1.961880e-02,1.418752e-01,1.621031e-01,7.324038e-02,9.446119e-03,3.237112e-02,3.054203e-02
2.939140e-01,2.408451e-02,2.654853e-02,4.369512e-02,9.827510e-03,7.266974e-02,4.326602e-03,9.843334e-03,4.583618e-02,2.007813e-01,1.306693e-01,6.929463e-02,1.056748e-02,2.921731e-02,2.872434e-02
2.696675e-01,3.293133e-02,2.332895e-02,6.586573e-02,1.433311e-02,6.690125e-02,6.765927e-03,1.465110e-02,6.168922e-02,1.900394e-01,1.035881e-01,7.428960e-02,1.578220e-02,2.374255e-02,3.642400e-02
2.340138e-01,4.229329e-02,4.822944e-02,1.043683e-01,1.310988e-02,5.060282e-02,5.649551e-03,1.182007e-02,1.058218e-01,1.728939e-01,7.932535e-02,5.884711e-02,1.440592e-02,1.934537e-02,3.927333e-02
2.363440e-01,4.144626e-02,3.937062e-02,9.120820e-02,1.677313e-02,4.474145e-02,4.743814e-03,1.115782e-02,1.054791e-01,2.024957e-01,7.940866e-02,5.013802e-02,1.616013e-02,1.965922e-02,4.087383e-02
2.644286e-01,3.560831e-02,3.284284e-02,7.299033e-02,1.748166e-02,4.099339e-02,4.075975e-03,1.277310e-02,8.539277e-02,2.504702e-01,6.542271e-02,3.920091e-02,1.519893e-02,2.113748e-02,4.198279e-02
2.723548e-01,3.129754e-02,2.846432e-02,5.532618e-02,1.808518e-02,3.362953e-02,3.337350e-03,1.542334e-02,6.973717e-02,3.047175e-01,5.120609e-02,2.980676e-02,1.346867e-02,2.514058e-02,4.800504e-02
2.818461e-01,3.347591e-02,2.499919e-02,5.951218e-02,1.725882e-02,2.885749e-02,3.746954e-03,1.990468e-02,9.268666e-02,2.790793e-01,4.077785e-02,3.184858e-02,1.598912e-02,2.362710e-02,4.639013e-02
3.012305e-01,3.020449e-02,2.528057e-02,4.941498e-02,2.124968e-02,2.759961e-02,3.694132e-03,2.903937e-02,1.202262e-01,2.584171e-01,3.102176e-02,2.605908e-02,1.314537e-02,2.094620e-02,4.247100e-02
3.646823e-01,2.421390e-02,2.391267e-02,4.131392e-02,2.091668e-02,2.827572e-02,3.505861e-03,3.421611e-02,1.181551e-01,2.240715e-01,2.432593e-02,2.251096e-02,1.103084e-02,1.796424e-02,4.090435e-02
3.526250e-01,2.176888e-02,1.940216e-02,3.105922e-02,2.011674e-02,2.269696e-02,3.144791e-03,2.815965e-02,1.154491e-01,2.548038e-01,1.960970e-02,1.807053e-02,9.664532e-03,2.210235e-02,6.132659e-02
3.158953e-01,2.847713e-02,1.723599e-02,3.111434e-02,1.932402e-02,1.937273e-02,3.255570e-03,2.455891e-02,1.924114e-01,2.105214e-01,1.643573e-02,1.431148e-02,9.491493e-03,2.292601e-02,7.466854e-02
3.220241e-01,3.067869e-02,2.812807e-02,2.569277e-02,2.097948e-02,1.972528e-02,2.928886e-03,1.956250e-02,1.547440e-01,2.019318e-01,1.616319e-02,1.178029e-02,9.502949e-03,3.195642e-02,1.042015e-01
2.435584e-01,6.575893e-02,3.795003e-02,2.919479e-02,2.178079e-02,1.596465e-02,2.579395e-03,1.598650e-02,1.740051e-01,2.012839e-01,1.436143e-02,8.918320e-03,1.253145e-02,3.183042e-02,1.242959e-01
1.862449e-01,5.788850e-02,1.620917e-01,6.490882e-02,3.919474e-02,1.446484e-02,2.868607e-03,2.455636e-02,1.357965e-01,1.539384e-01,1.123040e-02,6.432454e-03,9.284450e-03,2.488843e-02,1.062110e-01
1.475139e-01,4.513566e-02,2.814762e-01,4.637991e-02,3.517758e-02,1.252683e-02,2.165048e-03,1.804315e-02,1.024409e-01,1.292792e-01,8.281101e-03,4.582607e-03,6.725613e-03,2.241645e-02,1.378559e-01
1.102497e-01,3.263930e-02,3.151747e-01,3.289485e-02,2.582746e-02,9.421622e-03,1.539673e-03,1.266063e-02,7.490311e-02,9.789099e-02,5.961992e-03,3.235271e-03,4.842194e-03,2.401982e-02,2.487387e-01
8.598778e-02,2.439276e-02,2.307582e-01,2.349068e-02,1.899754e-02,7.627169e-03,1.115817e-03,8.957108e-03,5.937074e-02,8.145650e-02,4.954264e-03,2.509867e-03,3.722158e-03,2.467658e-02,4.219829e-01
6.259046e-02,1.759392e-02,1.986515e-01,5.196431e-02,1.393392e-02,5.470120e-03,7.933083e-04,6.338146e-03,5.338775e-02,6.091587e-02,4.392579e-03,1.957396e-03,2.925428e-03,1.785803e-02,5.012273e-01
4.729304e-02,1.343480e-02,1.612013e-01,4.112034e-02,1.021788e-02,4.032463e-03,5.748512e-04,4.559132e-03,5.347545e-02,5.621188e-02,4.593927e-03,1.525172e-03,2.334123e-03,1.390484e-02,5.855207e-01
3.521779e-02,1.140867e-02,1.322056e-01,5.799804e-02,7.884288e-03,3.056453e-03,4.345437e-04,3.437049e-03,7.832158e-02,4.489182e-02,4.496811e-03,1.179461e-03,1.844261e-03,1.296906e-02,6.046546e-01
2.635512e-02,8.461832e-03,1.059412e-01,4.103627e-02,5.609490e-03,2.242052e-03,3.188452e-04,2.433214e-03,5.827686e-02,3.245568e-02,3.461989e-03,8.591860e-04,1.317870e-03,3.527541e-02,6.759551e-01
2.304809e-02,8.675477e-03,7.997295e-02,2.987979e-02,4.137897e-03,1.862149e-03,3.037208e-04,1.758579e-03,4.588515e-02,2.376606e-02,3.200365e-03,1.227938e-03,1.008919e-03,7.677904e-02,6.984939e-01
2.413481e-02,9.145299e-03,6.625444e-02,2.294010e-02,3.494473e-03,1.753049e-03,2.901871e-04,1.380217e-03,3.409982e-02,2.158796e-02,3.917393e-03,1.867516e-03,8.576022e-04,1.444047e-01,6.638725e-01
2.107448e-02,7.150085e-03,4.752336e-02,1.638050e-02,2.651107e-03,1.436395e-03,2.506162e-04,9.788702e-04,2.468184e-02,1.856672e-02,3.298939e-03,2.151738e-03,7.671223e-04,3.229844e-01,5.301039e-01
1.517602e-02,5.192745e-03,3.343521e-02,1.148693e-02,1.958306e-03,1.104636e-03,1.893368e-04,6.917901e-04,2.835349e-02,2.226424e-02,3.862986e-03,1.691695e-03,6.133510e-04,4.502417e-01,4.237376e-01
1.220449e-02,3.950546e-03,2.352992e-02,8.079397e-03,1.461781e-03,8.696601e-04,1.620483e-04,5.001331e-04,4.242536e-02,2.327896e-02,5.094999e-03,1.349974e-03,5.519101e-04,5.151612e-01,3.613797e-01
2.017545e-02,4.847811e-03,1.793944e-02,8.824185e-03,2.975803e-03,2.604372e-03,2.863551e-04,5.516916e-04,1.305315e-01,2.433351e-02,1.456531e-02,1.611809e-03,1.325189e-03,4.832962e-01,2.861314e-01
1.722120e-02,5.785509e-03,3.133598e-02,7.819227e-03,3.181062e-03,2.925260e-03,3.477284e-04,4.744736e-04,1.552893e-01,4.975346e-02,1.545226e-02,1.379146e-03,1.190742e-03,4.827906e-01,2.250541e-01
1.422377e-02,5.416466e-03,3.194891e-02,5.796233e-03,2.521199e-03,2.491795e-03,3.218495e-04,3.696469e-04,1.455712e-01,4.896245e-02,1.596481e-02,1.103096e-03,9.236936e-04,5.470141e-01,1.773708e-01
1.671319e-02,4.861812e-03,2.541856e-02,4.595218e-03,2.903418e-03,2.729423e-03,3.931032e-04,6.119162e-04,1.477506e-01,6.339659e-02,1.924277e-02,1.290425e-03,9.979755e-04,5.489889e-01,1.601062e-01
2.702269e-02,3.924787e-03,1.890566e-02,3.597968e-03,2.593122e-03,2.525959e-03,3.388815e-04,6.967612e-04,1.291152e-01,6.658050e-02,1.824269e-02,1.164358e-03,9.495753e-04,6.055626e-01,1.187793e-01
2.004593e-02,2.996526e-03,1.411498e-02,2.605492e-03,2.141620e-03,2.042159e-03,2.845064e-04,5.057794e-04,1.508911e-01,6.934419e-02,1.439824e-02,8.736561e-04,7.940063e-04,6.083293e-01,1.106325e-01
1.561932e-02,2.400646e-03,1.040588e-02,1.925217e-03,1.795806e-03,1.782372e-03,2.581174e-04,4.033440e-04,1.390335e-01,5.743422e-02,2.904679e-02,6.881051e-04,8.891312e-04,6.355326e-01,1.027850e-01
2.814912e-02,3.613070e-03,2.270626e-02,7.208724e-03,3.631655e-03,1.549374e-02,5.415299e-04,2.352340e-03,2.140289e-01,4.524325e-02,5.648464e-02,1.355347e-03,3.565759e-03,5.042727e-01,9.135295e-02
3.599057e-02,5.277847e-03,1.632081e-01,9.163841e-03,7.594616e-03,1.352969e-02,4.558458e-04,2.567385e-03,2.213502e-01,3.677570e-02,4.827505e-02,1.580098e-03,3.869800e-03,3.758485e-01,7.451286e-02
6.101290e-02,7.973749e-03,1.701510e-01,9.536063e-03,1.330042e-02,1.127008e-02,4.143603e-04,2.480780e-03,2.721614e-01,3.398660e-02,3.958354e-02,1.236151e-03,3.100970e-03,2.995954e-01,7.419658e-02
7.774141e-02,3.789376e-02,1.457169e-01,4.849616e-02,6.313446e-02,1.840519e-02,1.626590e-03,8.368844e-03,2.161305e-01,2.652783e-02,3.291962e-02,1.118168e-03,3.314482e-03,2.561428e-01,6.246319e-02
1.518148e-01,4.289303e-02,1.095748e-01,1.018276e-01,7.391641e-02,2.061237e-02,1.350653e-03,7.585306e-03,1.832232e-01,2.040050e-02,2.696076e-02,2.819175e-03,3.200805e-03,2.012020e-01,5.261847e-02
2.378941e-01,4.257853e-02,7.984250e-02,8.591293e-02,8.651934e-02,4.203703e-02,1.426691e-03,7.496503e-03,1.460485e-01,1.620549e-02,2.174556e-02,4.169204e-03,3.503706e-03,1.627156e-01,6.190433e-02
2.659639e-01,3.314636e-02,5.760470e-02,6.530995e-02,8.801394e-02,3.851585e-02,1.463052e-03,8.199372e-03,1.574403e-01,1.458405e-02,1.665796e-02,6.083587e-03,3.349913e-03,1.812249e-01,6.244209e-02
3.092939e-01,3.211021e-02,4.733115e-02,5.924309e-02,8.548722e-02,3.429095e-02,1.631134e-03,8.318493e-03,1.523633e-01,1.245202e-02,1.412935e-02,7.008329e-03,3.703380e-03,1.658100e-01,6.682749e-02
3.939368e-01,2.592150e-02,3.911032e-02,4.856637e-02,7.309545e-02,2.789815e-02,1.556067e-03,7.245329e-03,1.546557e-01,1.107327e-02,1.223898e-02,7.183102e-03,3.229975e-03,1.305925e-01,6.369649e-02
4.707458e-01,2.220598e-02,3.899296e-02,3.809774e-02,6.275887e-02,2.639627e-02,1.451639e-03,8.757968e-03,1.363503e-01,1.386434e-02,9.772165e-03,7.052382e-03,2.965627e-03,1.022749e-01,5.831302e-02
1.000000e+00,0.000000e+00,0.000000e+00,0.000000e+00,0.000000e+00,0.000000e+00,0.000000e+00,0.000000e+00,0.000000e+00,0.000000e+00,0.000000e+00,0.000000e+00,0.000000e+00,0.000000e+00,0.000000e+00
4.267945e-01,4.204178e-02,5.767979e-02,7.972173e-02,3.565385e-02,2.445286e-02,1.585034e-03,6.061630e-03,9.873719e-02,2.284828e-02,8.578968e-03,8.163008e-03,4.883879e-03,6.015322e-02,1.226443e-01
3.721776e-01,4.349137e-02,1.262969e-01,1.157457e-01,2.809053e-02,2.103921e-02,1.433123e-03,5.703122e-03,8.167964e-02,2.502667e-02,7.736279e-03,7.227868e-03,4.563082e-03,4.321773e-02,1.165712e-01
2.666185e-01,3.495051e-02,2.479802e-01,8.294600e-02,2.012595e-02,1.603382e-02,1.078641e-03,4.227027e-03,6.084467e-02,2.911548e-02,6.032794e-03,5.359447e-03,3.447991e-03,4.661091e-02,1.746280e-01
1.892861e-01,2.525892e-02,2.208753e-01,6.040139e-02,1.420898e-02,1.166686e-02,7.713502e-04,3.019720e-03,5.876287e-02,2.589670e-02,5.424414e-03,4.133805e-03,2.868263e-03,5.483022e-02,3.225951e-01
1.423839e-01,2.062237e-02,2.004990e-01,4.444592e-02,1.012313e-02,1.028846e-02,5.696184e-04,2.272442e-03,7.323343e-02,3.075148e-02,5.564922e-03,3.461787e-03,2.863979e-03,6.452680e-02,3.883928e-01
1.062025e-01,1.505785e-02,1.558592e-01,3.186803e-02,7.192122e-03,7.545760e-03,4.171797e-04,1.716891e-03,1.410181e-01,7.013460e-02,5.249065e-03,2.706757e-03,2.335007e-03,1.336197e-01,3.190773e-01
8.152547e-02,1.149947e-02,1.286295e-01,2.673026e-02,5.289732e-03,5.502447e-03,3.283046e-04,1.344678e-03,2.665571e-01,6.961783e-02,5.907970e-03,2.343083e-03,2.367371e-03,1.350780e-01,2.572788e-01
6.009112e-02,9.192443e-03,1.340393e-01,2.190847e-02,3.894589e-03,3.994755e-03,3.447721e-04,1.058860e-03,3.073365e-01,6.602274e-02,4.745226e-03,2.034531e-03,1.785504e-03,1.427912e-01,2.407601e-01
6.023094e-02,1.008703e-02,1.207236e-01,1.733813e-02,3.106331e-03,3.215312e-03,4.067769e-04,1.040712e-03,3.003840e-01,6.304778e-02,4.408616e-03,2.409602e-03,2.322442e-03,1.967295e-01,2.145493e-01
5.629817e-02,9.138645e-03,9.853625e-02,1.260295e-02,2.418831e-03,2.583687e-03,3.427331e-04,8.876264e-04,2.589462e-01,6.817736e-02,6.012506e-03,2.237319e-03,2.363303e-03,3.039339e-01,1.755204e-01
4.128436e-02,7.321455e-03,7.655925e-02,9.176052e-03,1.867275e-03,1.941731e-03,2.689972e-04,6.669184e-04,2.044898e-01,6.319886e-02,5.522094e-03,2.207578e-03,2.145222e-03,4.360326e-01,1.473178e-01
2.916623e-02,5.264652e-03,5.455339e-02,6.439659e-03,1.352491e-03,1.429226e-03,1.973810e-04,4.726234e-04,1.506232e-01,5.698312e-02,4.317020e-03,1.673504e-03,1.569909e-03,5.651219e-01,1.208358e-01
2.089703e-02,3.794627e-03,3.833649e-02,4.521896e-03,9.681784e-04,1.023441e-03,1.441340e-04,3.333270e-04,1.092114e-01,5.539426e-02,3.977922e-03,1.299786e-03,1.151749e-03,6.632386e-01,9.570711e-02
1.470752e-02,2.684229e-03,2.710574e-02,3.173407e-03,7.121452e-04,7.346401e-04,1.057782e-04,2.377892e-04,7.680766e-02,2.072159e-01,3.770740e-03,1.106555e-03,9.076077e-04,5.915262e-01,6.920416e-02
1.079617e-02,1.997388e-03,1.942953e-02,2.257234e-03,6.938766e-04,5.744254e-04,1.092229e-04,2.133753e-04,5.558017e-02,3.231067e-01,5.317397e-03,1.825437e-03,1.541222e-03,5.237443e-01,5.281354e-02
9.745528e-03,2.068981e-03,1.411490e-02,1.857962e-03,1.939608e-03,7.205060e-04,6.429222e-04,6.346338e-04,4.708414e-02,4.564459e-01,8.294884e-03,7.838870e-03,8.311884e-03,3.843231e-01,5.597625e-02
7.416356e-03,2.701007e-03,1.042838e-02,2.064833e-03,5.837090e-03,6.843578e-04,9.004207e-04,9.337756e-04,5.081565e-02,5.585225e-01,9.678291e-03,6.420275e-03,7.651582e-03,2.858193e-01,5.012623e-02
7.940597e-03,5.682326e-03,9.497372e-03,2.755330e-03,1.371081e-02,1.268905e-03,1.484615e-03,2.696296e-03,6.447749e-02,6.092316e-01,1.282097e-02,9.399351e-03,1.516763e-02,2.053477e-01,3.851903e-02
1.307381e-02,8.548732e-03,1.004351e-02,1.365862e-02,1.788631e-02,7.660151e-03,2.291304e-03,4.881557e-03,8.830395e-02,5.544620e-01,4.805348e-02,1.799974e-02,2.233348e-02,1.545612e-01,3.624233e-02
2.041422e-02,9.086735e-03,8.324703e-03,1.547142e-02,1.532462e-02,1.824219e-02,2.564969e-03,7.867469e-03,8.014540e-02,5.080537e-01,1.124473e-01,2.509570e-02,2.775585e-02,1.135407e-01,3.566519e-02
4.088703e-02,1.028804e-02,1.160568e-02,1.859643e-02,1.424690e-02,1.890185e-02,2.636775e-03,2.021451e-02,6.842079e-02,3.809375e-01,2.372797e-01,3.511694e-02,2.928473e-02,8.417013e-02,2.741313e-02
5.706943e-02,1.542607e-02,2.048170e-02,2.119566e-02,4.041159e-02,1.974693e-02,2.697434e-03,2.181064e-02,7.985958e-02,3.279529e-01,2.502538e-01,3.153001e-02,2.807389e-02,6.231263e-02,2.117780e-02
6.033944e-02,1.419367e-02,5.506692e-02,4.075084e-02,4.401172e-02,1.715538e-02,4.248301e-03,7.314792e-02,6.711853e-02,2.859542e-01,2.291608e-01,2.350011e-02,2.455989e-02,4.501500e-02,1.577731e-02
9.101613e-02,1.528500e-02,9.964614e-02,4.725381e-02,4.192852e-02,2.292414e-02,5.900946e-03,7.198574e-02,5.464586e-02,2.763726e-01,1.888583e-01,1.893420e-02,1.918243e-02,3.342374e-02,1.264249e-02
1.025952e-01,1.351107e-02,1.361401e-01,6.592281e-02,4.135450e-02,2.721212e-02,7.034201e-03,1.263643e-01,4.116248e-02,2.277985e-01,1.460742e-01,1.562736e-02,1.456064e-02,2.486181e-02,9.780786e-03
8.620663e-02,9.954848e-03,2.285756e-01,6.826584e-02,3.647381e-02,2.161333e-02,2.361682e-02,1.780538e-01,2.958483e-02,1.660320e-01,1.043562e-01,1.149865e-02,1.075842e-02,1.796936e-02,7.039935e-03
8.314263e-02,7.963741e-03,2.635793e-01,7.572816e-02,4.119010e-02,1.875910e-02,3.600629e-02,2.078201e-01,2.257865e-02,1.321537e-01,7.560210e-02,8.897769e-03,8.198021e-03,1.312897e-02,5.251436e-03
7.247181e-02,6.095447e-03,3.391812e-01,6.929640e-02,3.194495e-02,1.377519e-02,3.491667e-02,2.321485e-01,1.642428e-02,1.042425e-01,5.344242e-02,6.533671e-03,6.020556e-03,9.688972e-03,3.817447e-03
6.247661e-02,4.638309e-03,3.077686e-01,6.680679e-02,2.492361e-02,1.029916e-02,2.816100e-02,3.447374e-01,1.206348e-02,8.117867e-02,3.774551e-02,4.825811e-03,4.578172e-03,6.949550e-03,2.847370e-03
5.330205e-02,3.493160e-03,2.778226e-01,5.651147e-02,1.966740e-02,7.871398e-03,2.262728e-02,4.513360e-01,8.799134e-03,5.757599e-02,2.665142e-02,3.530813e-03,3.665541e-03,5.040911e-03,2.104936e-03
4.452888e-02,2.545208e-03,2.437246e-01,4.534926e-02,1.759719e-02,6.012998e-03,1.918755e-02,5.433934e-01,6.493335e-03,4.163400e-02,1.880780e-02,2.599383e-03,3.010043e-03,3.569258e-03,1.547185e-03
3.811195e-02,1.932991e-03,2.133703e-01,3.609505e-02,1.603798e-02,4.543394e-03,1.606526e-02,6.176858e-01,4.892511e-03,3.009493e-02,1.325800e-02,1.905129e-03,2.322676e-03,2.549892e-03,1.134181e-03
3.538662e-02,1.599847e-03,1.777176e-01,2.814319e-02,1.340782e-02,3.722986e-03,1.461397e-02,6.843152e-01,3.730953e-03,2.172670e-02,9.397399e-03,1.473083e-03,1.988756e-03,1.876795e-03,8.991832e-04
3.208121e-02,1.342515e-03,1.416331e-01,2.208508e-02,1.214014e-02,3.262098e-03,1.113376e-02,7.464340e-01,2.755815e-03,1.543701e-02,6.705706e-03,1.229630e-03,1.616678e-03,1.382722e-03,7.606082e-04
3.161111e-02,1.278860e-03,1.094759e-01,1.733250e-02,1.580178e-02,3.684802e-03,9.609394e-03,7.885606e-01,2.130980e-03,1.097348e-02,4.831382e-03,1.090682e-03,1.691379e-03,1.054360e-03,8.728262e-04
5.387682e-02,1.669395e-03,1.018086e-01,1.589381e-02,1.791194e-02,3.784369e-03,9.488503e-03,7.760581e-01,2.433336e-03,7.999300e-03,3.664790e-03,1.256220e-03,2.006040e-03,1.007413e-03,1.141409e-03
6.964415e-02,2.138154e-03,9.204157e-02,1.515429e-02,1.748022e-02,3.946094e-03,8.097100e-03,7.738250e-01,2.638803e-03,6.067965e-03,2.774520e-03,1.291915e-03,2.058773e-03,1.124465e-03,1.717027e-03
5.643180e-02,1.663582e-03,6.897389e-02,1.301462e-02,1.547775e-02,3.114469e-03,5.946391e-03,8.215597e-01,2.202786e-03,4.284052e-03,2.165222e-03,1.030617e-03,1.788751e-03,9.128298e-04,1.433552e-03
9.962552e-02,2.547842e-03,4.952294e-02,1.282222e-02,1.518006e-02,4.712870e-03,4.415027e-03,7.135202e-01,2.136015e-02,6.157519e-03,3.210090e-02,1.437836e-02,8.486988e-03,1.184472e-02,3.324614e-03
1.380684e-01,3.638491e-03,3.558881e-02,1.263253e-02,1.637389e-02,7.188405e-03,3.405812e-03,6.247907e-01,2.804535e-02,6.267645e-03,5.749641e-02,2.349010e-02,1.316784e-02,2.398437e-02,5.861143e-03
1.550855e-01,5.450778e-03,2.743705e-02,2.514734e-02,1.772800e-02,1.099005e-02,3.078913e-03,4.772355e-01,2.952328e-02,7.915128e-03,8.710136e-02,9.118773e-02,2.337936e-02,3.003287e-02,8.707134e-03
1.468810e-01,8.095255e-03,2.108425e-02,2.181125e-02,1.665581e-02,1.221583e-02,2.589409e-03,3.519140e-01,2.948882e-02,7.023162e-03,1.497913e-01,1.427657e-01,3.613042e-02,4.205348e-02,1.150034e-02
1.535026e-01,7.648522e-03,1.650754e-02,1.958355e-02,1.337152e-02,1.564251e-02,2.179154e-03,2.654033e-01,2.994715e-02,5.447943e-03,2.527009e-01,1.316353e-01,3.346606e-02,4.071313e-02,1.225085e-02
1.909264e-01,1.043914e-02,1.345165e-02,1.834341e-02,1.068070e-02,1.400340e-02,2.150712e-03,1.930780e-01,3.927065e-02,4.323802e-03,2.655225e-01,1.152924e-01,4.033186e-02,6.954286e-02,1.264268e-02
2.588149e-01,1.112238e-02,1.189507e-02,2.067337e-02,8.938830e-03,1.229254e-02,1.860545e-03,1.401996e-01,4.236861e-02,3.632915e-03,2.746291e-01,1.045651e-01,3.661166e-02,6.086544e-02,1.152989e-02
3.220690e-01,1.230397e-02,1.243457e-02,2.675046e-02,1.173621e-02,1.654338e-02,1.791433e-03,1.067235e-01,4.364084e-02,3.469735e-03,2.394472e-01,1.137730e-01,3.123876e-02,4.631958e-02,1.175832e-02
3.298995e-01,1.186210e-02,1.021980e-02,2.783332e-02,1.495283e-02,1.649413e-02,1.418183e-03,7.719903e-02,3.893054e-02,3.206637e-03,2.477544e-01,1.355871e-01,2.501409e-02,4.730561e-02,1.232269e-02
3.092887e-01,1.083465e-02,8.812054e-03,2.667162e-02,1.376935e-02,2.242615e-02,1.259399e-03,5.624953e-02,3.462590e-02,3.107704e-03,3.030156e-01,1.285691e-01,2.012455e-02,5.031452e-02,1.093116e-02
2.617397e-01,1.151669e-02,7.540583e-03,2.121607e-02,1.347901e-02,2.880273e-02,1.280902e-03,4.067648e-02,4.178005e-02,2.943550e-03,3.767392e-01,1.157294e-01,1.893994e-02,4.733163e-02,1.028408e-02
2.183119e-01,1.357256e-02,7.893152e-03,1.828649e-02,1.387786e-02,3.880880e-02,1.153626e-03,2.984755e-02,7.594439e-02,4.031738e-03,3.844408e-01,9.969980e-02,1.824785e-02,5.906761e-02,1.681580e-02
1.589150e-01,1.232763e-02,6.455040e-03,1.523635e-02,1.217131e-02,3.092406e-02,8.810250e-04,2.165718e-02,2.549292e-01,7.423490e-03,3.128588e-01,7.292238e-02,1.403052e-02,5.502606e-02,2.424197e-02
1.145973e-01,1.019436e-02,5.271811e-03,2.545367e-02,1.013510e-02,2.259034e-02,6.435732e-04,1.594448e-02,4.323063e-01,8.357514e-03,2.283954e-01,5.172024e-02,1.060056e-02,3.983246e-02,2.395693e-02
1.399133e-01,1.067610e-02,6.470768e-03,2.725221e-02,1.055047e-02,2.472255e-02,8.994194e-04,1.268344e-02,3.789163e-01,7.347665e-03,2.336323e-01,4.468522e-02,1.068432e-02,5.524371e-02,3.632221e-02
1.108137e-01,1.054630e-02,8.635115e-03,3.227562e-02,9.136417e-03,1.999825e-02,8.091391e-04,1.029083e-02,4.746723e-01,8.497997e-03,1.899059e-01,3.477912e-02,8.926570e-03,4.116065e-02,3.955214e-02
8.818854e-02,9.834507e-03,1.970735e-02,5.704563e-02,7.744831e-03,1.743616e-02,7.982701e-04,9.092101e-03,5.079563e-01,8.058535e-03,1.461000e-01,3.192395e-02,8.663546e-03,3.168093e-02,5.576935e-02
8.560704e-02,1.737734e-02,2.477604e-02,5.320071e-02,7.289936e-03,1.717364e-02,7.913870e-04,7.312945e-03,4.571134e-01,8.741159e-03,1.169781e-01,2.800443e-02,8.883202e-03,3.505785e-02,1.316928e-01
1.196572e-01,2.345093e-02,2.289890e-02,7.907628e-02,7.546884e-03,1.795221e-02,1.374927e-03,8.505971e-03,4.084418e-01,6.812062e-03,1.101710e-01,3.382476e-02,1.350949e-02,2.813004e-02,1.186476e-01
1.200219e-01,2.520640e-02,1.991311e-02,7.966229e-02,8.033212e-03,1.675314e-02,1.463552e-03,8.036100e-03,3.518846e-01,9.308795e-03,8.614635e-02,3.262920e-02,2.173606e-02,2.556835e-02,1.936369e-01
1.114815e-01,2.254890e-02,1.546586e-02,7.283648e-02,6.060134e-03,1.317171e-02,1.113427e-03,6.151099e-03,4.418924e-01,9.597373e-03,6.627798e-02,2.458218e-02,1.985112e-02,2.060357e-02,1.683662e-01
1.096167e-01,2.253539e-02,1.240271e-02,5.798346e-02,5.077193e-03,1.250936e-02,9.009676e-04,5.404244e-03,4.549841e-01,1.358938e-02,6.139507e-02,1.926333e-02,2.280499e-02,1.984871e-02,1.816843e-01
1.276851e-01,3.116480e-02,9.786298e-03,5.250586e-02,5.992639e-03,1.051539e-02,7.945885e-04,5.364391e-03,4.584032e-01,1.560861e-02,4.906523e-02,1.607545e-02,2.278982e-02,1.905319e-02,1.751954e-01
1.866612e-01,3.465893e-02,1.107986e-02,5.635871e-02,7.413450e-03,1.305580e-02,9.242629e-04,6.397958e-03,4.145235e-01,1.452286e-02,4.062888e-02,1.452861e-02,2.535491e-02,1.666309e-02,1.572280e-01
2.715563e-01,3.489356e-02,1.001479e-02,4.833521e-02,1.395019e-02,1.127781e-02,9.827102e-04,7.480424e-03,3.653869e-01,1.113396e-02,3.455622e-02,1.252081e-02,3.133566e-02,1.597222e-02,1.306033e-01
2.491900e-01,2.934712e-02,2.059666e-02,5.873508e-02,4.441605e-02,1.307871e-02,1.807609e-03,3.540327e-02,3.288434e-01,8.981286e-03,3.140076e-02,1.731561e-02,4.600224e-02,1.435665e-02,1.005256e-01
2.438921e-01,2.482691e-02,1.851381e-02,4.573434e-02,9.240353e-02,1.204283e-02,2.851525e-03,4.514774e-02,2.954016e-01,7.284899e-03,2.704389e-02,1.856911e-02,5.176213e-02,2.128744e-02,9.323824e-02
2.228743e-01,2.154532e-02,4.052083e-02,4.756813e-02,1.295589e-01,1.449615e-02,3.546905e-03,7.888065e-02,2.420147e-01,6.445820e-03,2.543148e-02,2.522780e-02,5.180357e-02,1.922797e-02,7.085757e-02
2.259185e-01,1.916398e-02,3.141695e-02,3.777019e-02,1.531096e-01,1.253848e-02,7.420626e-03,8.189847e-02,2.579851e-01,5.172407e-03,2.301142e-02,2.633532e-02,4.578423e-02,1.758529e-02,5.488950e-02
2.404882e-01,2.403646e-02,4.587472e-02,4.522640e-02,1.486543e-01,1.773910e-02,7.182564e-03,8.333634e-02,2.327407e-01,5.358181e-03,2.257491e-02,2.768081e-02,3.826712e-02,1.628138e-02,4.455881e-02
3.307707e-01,2.271380e-02,3.581604e-02,3.597385e-02,1.358018e-01,1.865964e-02,6.649423e-03,7.218432e-02,1.993901e-01,5.722312e-03,2.174168e-02,2.857459e-02,3.278932e-02,1.457467e-02,3.863782e-02
3.590206e-01,2.016915e-02,2.857289e-02,3.009478e-02,1.639051e-01,2.258886e-02,7.953940e-03,8.029359e-02,1.620712e-01,5.085621e-03,1.975807e-02,2.795728e-02,2.956006e-02,1.155938e-02,3.140946e-02
3.170452e-01,2.217964e-02,3.366274e-02,6.768452e-02,1.230939e-01,1.758675e-02,6.178417e-03,6.179915e-02,2.246521e-01,4.317841e-03,1.957696e-02,3.223640e-02,3.133542e-02,9.171160e-03,2.947984e-02
3.166970e-01,1.878008e-02,2.888171e-02,7.061033e-02,8.888278e-02,1.522868e-02,4.981369e-03,4.733593e-02,2.671545e-01,4.110563e-03,2.069151e-02,3.848822e-02,3.988460e-02,7.326034e-03,3.094666e-02
2.443458e-01,2.394981e-02,2.817894e-02,1.414705e-01,6.252432e-02,1.132324e-02,3.565096e-03,3.378286e-02,2.893248e-01,9.114316e-03,1.938275e-02,3.449656e-02,3.386466e-02,5.920711e-03,5.875557e-02
2.778680e-01,2.107869e-02,3.099185e-02,1.288690e-01,6.015169e-02,9.713181e-03,3.790993e-03,2.847387e-02,2.420626e-01,7.476894e-03,5.358081e-02,3.111160e-02,3.865298e-02,1.394346e-02,5.223435e-02
2.461997e-01,1.827848e-02,3.303194e-02,2.579497e-01,5.545553e-02,8.208449e-03,3.136147e-03,2.298075e-02,1.853334e-01,5.355305e-03,4.940345e-02,2.993251e-02,3.381073e-02,1.049448e-02,4.042936e-02
3.294714e-01,1.546350e-02,4.663166e-02,2.433338e-01,4.595375e-02,7.360151e-03,2.466660e-03,2.043412e-02,1.374804e-01,5.776856e-03,4.696608e-02,2.415534e-02,2.916155e-02,1.050933e-02,3.483543e-02
4.250500e-01,1.466649e-02,3.717683e-02,1.874152e-01,4.381074e-02,7.830063e-03,2.204366e-03,2.142120e-02,1.103261e-01,4.342121e-03,4.780116e-02,2.842598e-02,2.932663e-02,1.040186e-02,2.980128e-02
4.709916e-01,1.396463e-02,4.417195e-02,1.559653e-01,4.286416e-02,1.082617e-02,2.256822e-03,2.187525e-02,8.901845e-02,3.339905e-03,4.729422e-02,3.795847e-02,2.727353e-02,8.927478e-03,2.327207e-02
4.365995e-01,1.706763e-02,4.726905e-02,1.281366e-01,6.419179e-02,1.607439e-02,2.745927e-03,2.289301e-02,9.797931e-02,6.397576e-03,4.649141e-02,3.490642e-02,2.774281e-02,9.901493e-03,4.160308e-02
3.453932e-01,1.999043e-02,4.080348e-02,1.632569e-01,1.226555e-01,1.783340e-02,6.717313e-03,3.117044e-02,9.362419e-02,5.235035e-03,4.567109e-02,3.752794e-02,2.783265e-02,7.830432e-03,3.445802e-02
3.098304e-01,3.631843e-02,4.320202e-02,1.513065e-01,1.118458e-01,1.973991e-02,6.439160e-03,2.606683e-02,9.030722e-02,7.066015e-03,3.706446e-02,3.634100e-02,2.249073e-02,8.704763e-03,9.327687e-02
2.824711e-01,5.019029e-02,3.723409e-02,1.181739e-01,1.055400e-01,2.442335e-02,6.979538e-03,2.001128e-02,7.961950e-02,9.271789e-03,2.975619e-02,3.044886e-02,1.898024e-02,1.070509e-02,1.761949e-01
2.326126e-01,5.085998e-02,7.062352e-02,1.541844e-01,7.664859e-02,1.859760e-02,5.138944e-03,1.471275e-02,7.409470e-02,3.074058e-02,2.249698e-02,2.365066e-02,1.481352e-02,8.665083e-03,2.021601e-01
2.445426e-01,5.986942e-02,9.451561e-02,1.220128e-01,7.539836e-02,1.817268e-02,4.502441e-03,1.124539e-02,9.574391e-02,2.553271e-02,2.103947e-02,1.790919e-02,1.434464e-02,8.278859e-03,1.868920e-01
2.860117e-01,5.910819e-02,7.937385e-02,9.816661e-02,7.369417e-02,2.005298e-02,4.293953e-03,9.676367e-03,9.701500e-02,2.064946e-02,2.119033e-02,1.639372e-02,1.516464e-02,1.138878e-02,1.878203e-01
3.278035e-01,5.928065e-02,5.838528e-02,1.409258e-01,6.072436e-02,1.725759e-02,5.190839e-03,1.193687e-02,7.875317e-02,1.770963e-02,1.844487e-02,1.710045e-02,1.399486e-02,9.370975e-03,1.631213e-01
3.857268e-01,4.998421e-02,4.236741e-02,1.308193e-01,5.283556e-02,1.564011e-02,4.787712e-03,1.382179e-02,9.053129e-02,1.455566e-02,1.746640e-02,2.012899e-02,1.707333e-02,8.167442e-03,1.360940e-01
