1.000000e+00,0.000000e+00,0.000000e+00,0.000000e+00,0.000000e+00,0.000000e+00,0.000000e+00,0.000000e+00,0.000000e+00,0.000000e+00,0.000000e+00,0.000000e+00,0.000000e+00,0.000000e+00,0.000000e+00
1.000000e+00,0.000000e+00,0.000000e+00,0.000000e+00,0.000000e+00,0.000000e+00,0.000000e+00,0.000000e+00,0.000000e+00,0.000000e+00,0.000000e+00,0.000000e+00,0.000000e+00,0.000000e+00,0.000000e+00
1.000000e+00,0.000000e+00,0.000000e+00,0.000000e+00,0.000000e+00,0.000000e+00,0.000000e+00,0.000000e+00,0.000000e+00,0.000000e+00,0.000000e+00,0.000000e+00,0.000000e+00,0.000000e+00,0.000000e+00
1.000000e+00,0.000000e+00,0.000000e+00,0.000000e+00,0.000000e+00,0.000000e+00,0.000000e+00,0.000000e+00,0.000000e+00,0.000000e+00,0.000000e+00,0.000000e+00,0.000000e+00,0.000000e+00,0.000000e+00
1.000000e+00,0.000000e+00,0.000000e+00,0.000000e+00,0.000000e+00,0.000000e+00,0.000000e+00,0.000000e+00,0.000000e+00,0.000000e+00,0.000000e+00,0.000000e+00,0.000000e+00,0.000000e+00,0.000000e+00
1.000000e+00,0.000000e+00,0.000000e+00,0.000000e+00,0.000000e+00,0.000000e+00,0.000000e+00,0.000000e+00,0.000000e+00,0.000000e+00,0.000000e+00,0.000000e+00,0.000000e+00,0.000000e+00,0.000000e+00
1.000000e+00,0.000000e+00,0.000000e+00,0.000000e+00,0.000000e+00,0.000000e+00,0.000000e+00,0.000000e+00,0.000000e+00,0.000000e+00,0.000000e+00,0.000000e+00,0.000000e+00,0.000000e+00,0.000000e+00
1.000000e+00,0.000000e+00,0.000000e+00,0.000000e+00,0.000000e+00,0.000000e+00,0.000000e+00,0.000000e+00,0.000000e+00,0.000000e+00,0.000000e+00,0.000000e+00,0.000000e+00,0.000000e+00,0.000000e+00
1.000000e+00,0.000000e+00,0.000000e+00,0.000000e+00,0.000000e+00,0.000000e+00,0.000000e+00,0.000000e+00,0.000000e+00,0.000000e+00,0.000000e+00,0.000000e+00,0.000000e+00,0.000000e+00,0.000000e+00
1.000000e+00,0.000000e+00,0.000000e+00,0.000000e+00,0.000000e+00,0.000000e+00,0.000000e+00,0.000000e+00,0.000000e+00,0.000000e+00,0.000000e+00,0.000000e+00,0.000000e+00,0.000000e+00,0.000000e+00
1.000000e+00,0.000000e+00,0.000000e+00,0.000000e+00,0.000000e+00,0.000000e+00,0.000000e+00,0.000000e+00,0.000000e+00,0.000000e+00,0.000000e+00,0.000000e+00,0.000000e+00,0.000000e+00,0.000000e+00
1.000000e+00,0.000000e+00,0.000000e+00,0.000000e+00,0.000000e+00,0.000000e+00,0.000000e+00,0.000000e+00,0.000000e+00,0.000000e+00,0.000000e+00,0.000000e+00,0.000000e+00,0.000000e+00,0.000000e+00
1.000000e+00,0.000000e+00,0.000000e+00,0.000000e+00,0.000000e+00,0.000000e+00,0.000000e+00,0.000000e+00,0.000000e+00,0.000000e+00,0.000000e+00,0.000000e+00,0.000000e+00,0.000000e+00,0.000000e+00
1.000000e+00,0.000000e+00,0.000000e+00,0.000000e+00,0.000000e+00,0.000000e+00,0.000000e+00,0.000000e+00,0.000000e+00,0.000000e+00,0.000000e+00,0.000000e+00,0.000000e+00,0.000000e+00,0.000000e+00
1.000000e+00,0.000000e+00,0.000000e+00,0.000000e+00,0.000000e+00,0.000000e+00,0.000000e+00,0.000000e+00,0.000000e+00,0.000000e+00,0.000000e+00,0.000000e+00,0.000000e+00,0.000000e+00,0.000000e+00
1.000000e+00,0.000000e+00,0.000000e+00,0.000000e+00,0.000000e+00,0.000000e+00,0.000000e+00,0.000000e+00,0.000000e+00,0.000000e+00,0.000000e+00,0.000000e+00,0.000000e+00,0.000000e+00,0.000000e+00
1.000000e+00,0.000000e+00,0.000000e+00,0.000000e+00,0.000000e+00,0.000000e+00,0.000000e+00,0.000000e+00,0.000000e+00,0.000000e+00,0.000000e+00,0.000000e+00,0.000000e+00,0.000000e+00,0.000000e+00
1.000000e+00,0.000000e+00,0.000000e+00,0.000000e+00,0.000000e+00,0.000000e+00,0.000000e+00,0.000000e+00,0.000000e+00,0.000000e+00,0.000000e+00,0.000000e+00,0.000000e+00,0.000000e+00,0.000000e+00
1.000000e+00,0.000000e+00,0.000000e+00,0.000000e+00,0.000000e+00,0.000000e+00,0.000000e+00,0.000000e+00,0.000000e+00,0.000000e+00,0.000000e+00,0.000000e+00,0.000000e+00,0.000000e+00,0.000000e+00
1.000000e+00,0.000000e+00,0.000000e+00,0.000000e+00,0.000000e+00,0.000000e+00,0.000000e+00,0.000000e+00,0.000000e+00,0.000000e+00,0.000000e+00,0.000000e+00,0.000000e+00,0.000000e+00,0.000000e+00
1.000000e+00,0.000000e+00,0.000000e+00,0.000000e+00,0.000000e+00,0.000000e+00,0.000000e+00,0.000000e+00,0.000000e+00,0.000000e+00,0.000000e+00,0.000000e+00,0.000000e+00,0.000000e+00,0.000000e+00
1.000000e+00,0.000000e+00,0.000000e+00,0.000000e+00,0.000000e+00,0.000000e+00,0.000000e+00,0.000000e+00,0.000000e+00,0.000000e+00,0.000000e+00,0.000000e+00,0.000000e+00,0.000000e+00,0.000000e+00
1.000000e+00,0.000000e+00,0.000000e+00,0.000000e+00,0.000000e+00,0.000000e+00,0.000000e+00,0.000000e+00,0.000000e+00,0.000000e+00,0.000000e+00,0.000000e+00,0.000000e+00,0.000000e+00,0.000000e+00
1.000000e+00,0.000000e+00,0.000000e+00,0.000000e+00,0.000000e+00,0.000000e+00,0.000000e+00,0.000000e+00,0.000000e+00,0.000000e+00,0.000000e+00,0.000000e+00,0.000000e+00,0.000000e+00,0.000000e+00
1.000000e+00,0.000000e+00,0.000000e+00,0.000000e+00,0.000000e+00,0.000000e+00,0.000000e+00,0.000000e+00,0.000000e+00,0.000000e+00,0.000000e+00,0.000000e+00,0.000000e+00,0.000000e+00,0.000000e+00
1.000000e+00,0.000000e+00,0.000000e+00,0.000000e+00,0.000000e+00,0.000000e+00,0.000000e+00,0.000000e+00,0.000000e+00,0.000000e+00,0.000000e+00,0.000000e+00,0.000000e+00,0.000000e+00,0.000000e+00
1.000000e+00,0.000000e+00,0.000000e+00,0.000000e+00,0.000000e+00,0.000000e+00,0.000000e+00,0.000000e+00,0.000000e+00,0.000000e+00,0.000000e+00,0.000000e+00,0.000000e+00,0.000000e+00,0.000000e+00
1.000000e+00,0.000000e+00,0.000000e+00,0.000000e+00,0.000000e+00,0.000000e+00,0.000000e+00,0.000000e+00,0.000000e+00,0.000000e+00,0.000000e+00,0.000000e+00,0.000000e+00,0.000000e+00,0.000000e+00
1.000000e+00,0.000000e+00,0.000000e+00,0.000000e+00,0.000000e+00,0.000000e+00,0.000000e+00,0.000000e+00,0.000000e+00,0.000000e+00,0.000000e+00,0.000000e+00,0.000000e+00,0.000000e+00,0.000000e+00
1.000000e+00,0.000000e+00,0.000000e+00,0.000000e+00,0.000000e+00,0.000000e+00,0.000000e+00,0.000000e+00,0.000000e+00,0.000000e+00,0.000000e+00,0.000000e+00,0.000000e+00,0.000000e+00,0.000000e+00
1.000000e+00,0.000000e+00,0.000000e+00,0.000000e+00,0.000000e+00,0.000000e+00,0.000000e+00,0.000000e+00,0.000000e+00,0.000000e+00,0.000000e+00,0.000000e+00,0.000000e+00,0.000000e+00,0.000000e+00
1.000000e+00,0.000000e+00,0.000000e+00,0.000000e+00,0.000000e+00,0.000000e+00,0.000000e+00,0.000000e+00,0.000000e+00,0.000000e+00,0.000000e+00,0.000000e+00,0.000000e+00,0.000000e+00,0.000000e+00
1.000000e+00,0.000000e+00,0.000000e+00,0.000000e+00,0.000000e+00,0.000000e+00,0.000000e+00,0.000000e+00,0.000000e+00,0.000000e+00,0.000000e+00,0.000000e+00,0.000000e+00,0.000000e+00,0.000000e+00
1.000000e+00,0.000000e+00,0.000000e+00,0.000000e+00,0.000000e+00,0.000000e+00,0.000000e+00,0.000000e+00,0.000000e+00,0.000000e+00,0.000000e+00,0.000000e+00,0.000000e+00,0.000000e+00,0.000000e+00
1.000000e+00,0.000000e+00,0.000000e+00,0.000000e+00,0.000000e+00,0.000000e+00,0.000000e+00,0.000000e+00,0.000000e+00,0.000000e+00,0.000000e+00,0.000000e+00,0.000000e+00,0.000000e+00,0.000000e+00
1.000000e+00,0.000000e+00,0.000000e+00,0.000000e+00,0.000000e+00,0.000000e+00,0.000000e+00,0.000000e+00,0.000000e+00,0.000000e+00,0.000000e+00,0.000000e+00,0.000000e+00,0.000000e+00,0.000000e+00
1.000000e+00,0.000000e+00,0.000000e+00,0.000000e+00,0.000000e+00,0.000000e+00,0.000000e+00,0.000000e+00,0.000000e+00,0.000000e+00,0.000000e+00,0.000000e+00,0.000000e+00,0.000000e+00,0.000000e+00
1.000000e+00,0.000000e+00,0.000000e+00,0.000000e+00,0.000000e+00,0.000000e+00,0.000000e+00,0.000000e+00,0.000000e+00,0.000000e+00,0.000000e+00,0.000000e+00,0.000000e+00,0.000000e+00,0.000000e+00
1.000000e+00,0.000000e+00,0.000000e+00,0.000000e+00,0.000000e+00,0.000000e+00,0.000000e+00,0.000000e+00,0.000000e+00,0.000000e+00,0.000000e+00,0.000000e+00,0.000000e+00,0.000000e+00,0.000000e+00
1.000000e+00,0.000000e+00,0.000000e+00,0.000000e+00,0.000000e+00,0.000000e+00,0.000000e+00,0.000000e+00,0.000000e+00,0.000000e+00,0.000000e+00,0.000000e+00,0.000000e+00,0.000000e+00,0.000000e+00
1.000000e+00,0.000000e+00,0.000000e+00,0.000000e+00,0.000000e+00,0.000000e+00,0.000000e+00,0.000000e+00,0.000000e+00,0.000000e+00,0.000000e+00,0.000000e+00,0.000000e+00,0.000000e+00,0.000000e+00
1.000000e+00,0.000000e+00,0.000000e+00,0.000000e+00,0.000000e+00,0.000000e+00,0.000000e+00,0.000000e+00,0.000000e+00,0.000000e+00,0.000000e+00,0.000000e+00,0.000000e+00,0.000000e+00,0.000000e+00
1.000000e+00,0.000000e+00,0.000000e+00,0.000000e+00,0.000000e+00,0.000000e+00,0.000000e+00,0.000000e+00,0.000000e+00,0.000000e+00,0.000000e+00,0.000000e+00,0.000000e+00,0.000000e+00,0.000000e+00
1.000000e+00,0.000000e+00,0.000000e+00,0.000000e+00,0.000000e+00,0.000000e+00,0.000000e+00,0.000000e+00,0.000000e+00,0.000000e+00,0.000000e+00,0.000000e+00,0.000000e+00,0.000000e+00,0.000000e+00
1.000000e+00,0.000000e+00,0.000000e+00,0.000000e+00,0.000000e+00,0.000000e+00,0.000000e+00,0.000000e+00,0.000000e+00,0.000000e+00,0.000000e+00,0.000000e+00,0.000000e+00,0.000000e+00,0.000000e+00
1.000000e+00,0.000000e+00,0.000000e+00,0.000000e+00,0.000000e+00,0.000000e+00,0.000000e+00,0.000000e+00,0.000000e+00,0.000000e+00,0.000000e+00,0.000000e+00,0.000000e+00,0.000000e+00,0.000000e+00
1.000000e+00,0.000000e+00,0.000000e+00,0.000000e+00,0.000000e+00,0.000000e+00,0.000000e+00,0.000000e+00,0.000000e+00,0.000000e+00,0.000000e+00,0.000000e+00,0.000000e+00,0.000000e+00,0.000000e+00
1.000000e+00,0.000000e+00,0.000000e+00,0.000000e+00,0.000000e+00,0.000000e+00,0.000000e+00,0.000000e+00,0.000000e+00,0.000000e+00,0.000000e+00,0.000000e+00,0.000000e+00,0.000000e+00,0.000000e+00
1.000000e+00,0.000000e+00,0.000000e+00,0.000000e+00,0.000000e+00,0.000000e+00,0.000000e+00,0.000000e+00,0.000000e+00,0.000000e+00,0.000000e+00,0.000000e+00,0.000000e+00,0.000000e+00,0.000000e+00
1.000000e+00,0.000000e+00,0.000000e+00,0.000000e+00,0.000000e+00,0.000000e+00,0.000000e+00,0.000000e+00,0.000000e+00,0.000000e+00,0.000000e+00,0.000000e+00,0.000000e+00,0.000000e+00,0.000000e+00
4.060491e-01,5.992204e-02,1.590405e-01,1.790190e-01,8.768356e-03,1.403397e-02,4.044550e-03,1.314781e-02,2.000669e-02,5.187853e-03,1.933634e-02,1.651293e-02,1.729764e-02,9.494764e-03,6.813850e-02
3.310485e-01,5.122507e-02,2.008023e-01,2.190826e-01,6.881281e-03,1.188136e-02,3.243049e-03,1.291089e-02,1.700711e-02,7.199654e-03,1.627517e-02,1.393172e-02,1.537908e-02,6.969586e-03,8.616261e-02
2.976469e-01,3.865958e-02,2.649864e-01,1.551074e-01,5.534107e-03,1.203807e-02,2.569528e-03,1.143424e-02,1.404571e-02,2.119226e-02,1.302849e-02,1.142447e-02,1.468914e-02,1.024266e-02,1.274011e-01
2.980484e-01,5.012050e-02,2.119067e-01,2.000817e-01,7.917101e-03,1.310189e-02,2.788018e-03,1.322563e-02,1.423030e-02,1.608470e-02,1.240304e-02,1.302305e-02,1.384243e-02,8.462241e-03,1.247643e-01
4.010370e-01,4.412830e-02,1.801464e-01,1.589799e-01,6.977686e-03,1.475577e-02,2.742142e-03,1.484650e-02,1.126893e-02,1.212799e-02,1.094587e-02,1.518315e-02,1.619030e-02,6.811608e-03,1.038585e-01
4.693933e-01,3.956246e-02,1.510497e-01,1.482740e-01,6.815475e-03,1.573362e-02,2.515621e-03,1.499028e-02,1.039260e-02,8.965655e-03,9.207272e-03,1.747710e-02,1.752675e-02,5.663662e-03,8.243249e-02
1.000000e+00,0.000000e+00,0.000000e+00,0.000000e+00,0.000000e+00,0.000000e+00,0.000000e+00,0.000000e+00,0.000000e+00,0.000000e+00,0.000000e+00,0.000000e+00,0.000000e+00,0.000000e+00,0.000000e+00
4.941572e-01,3.070815e-02,1.136631e-01,1.691309e-01,5.901960e-03,1.949291e-02,2.713290e-03,1.337826e-02,1.313414e-02,5.092997e-03,6.506356e-03,2.143953e-02,2.197419e-02,7.836008e-03,7.487098e-02
1.000000e+00,0.000000e+00,0.000000e+00,0.000000e+00,0.000000e+00,0.000000e+00,0.000000e+00,0.000000e+00,0.000000e+00,0.000000e+00,0.000000e+00,0.000000e+00,0.000000e+00,0.000000e+00,0.000000e+00
4.314057e-01,2.400739e-02,1.564098e-01,1.959188e-01,4.203604e-03,1.825383e-02,3.125596e-03,9.356346e-03,2.057463e-02,3.601539e-03,5.566495e-03,1.911603e-02,2.026050e-02,9.505918e-03,7.869390e-02
3.321235e-01,1.902902e-02,1.322484e-01,1.392934e-01,3.174473e-03,1.433047e-02,2.333190e-03,6.694421e-03,2.047058e-02,4.283885e-03,4.346985e-03,1.408123e-02,1.531812e-02,9.858766e-02,1.936846e-01
2.834010e-01,1.968936e-02,1.215034e-01,1.013624e-01,2.700690e-03,1.133441e-02,2.255467e-03,5.104010e-03,2.100301e-02,4.299429e-03,3.712046e-03,1.182120e-02,1.180920e-02,1.381938e-01,2.618105e-01
2.122379e-01,1.458223e-02,1.100653e-01,7.134533e-02,1.954291e-03,8.123602e-03,1.630488e-03,3.619947e-03,1.865029e-02,5.306435e-03,3.389727e-03,8.688623e-03,8.426845e-03,3.327716e-01,1.992074e-01
1.961407e-01,1.357490e-02,9.112078e-02,5.052225e-02,1.779715e-03,6.538190e-03,1.337516e-03,2.717792e-03,1.787516e-02,6.469292e-03,3.918330e-03,6.471984e-03,6.312982e-03,4.431752e-01,1.520452e-01
2.236564e-01,1.223777e-02,6.723142e-02,3.629493e-02,2.258443e-03,5.772702e-03,1.117040e-03,2.028350e-03,1.656895e-02,1.294685e-02,5.421789e-03,4.954355e-03,5.039374e-03,4.853284e-01,1.191432e-01
1.996883e-01,9.665974e-03,4.760768e-02,2.575071e-02,1.954072e-03,5.118595e-03,8.917082e-04,1.519568e-03,1.616552e-02,1.430006e-02,5.557673e-03,4.117790e-03,4.203499e-03,5.704057e-01,9.305305e-02
1.620398e-01,7.420029e-03,3.530102e-02,1.825200e-02,1.970139e-03,4.222577e-03,7.599246e-04,1.141924e-03,1.654519e-02,2.325711e-02,6.085996e-03,3.252297e-03,3.399342e-03,6.433907e-01,7.296190e-02
1.304968e-01,6.316755e-03,3.288478e-02,1.409850e-02,3.226886e-03,3.525472e-03,6.283350e-04,9.094762e-04,3.410557e-02,4.101848e-02,7.448643e-03,2.596129e-03,2.782894e-03,6.600842e-01,5.987707e-02
1.275555e-01,5.081706e-03,2.486669e-02,1.028166e-02,3.381259e-03,4.016279e-03,6.191079e-04,7.930115e-04,3.334592e-02,7.389103e-02,7.277453e-03,1.925039e-03,3.207001e-03,6.434183e-01,6.034003e-02
1.000759e-01,4.017843e-03,1.825684e-02,7.399110e-03,2.680852e-03,3.070328e-03,5.161314e-04,6.385409e-04,3.777986e-02,7.583288e-02,5.939673e-03,1.477506e-03,2.437821e-03,6.917529e-01,4.812374e-02
7.423899e-02,3.023140e-03,1.414866e-02,5.363749e-03,2.074349e-03,2.320057e-03,3.964119e-04,5.655527e-04,4.175051e-02,1.084065e-01,5.561157e-03,1.172012e-03,1.883348e-03,7.034276e-01,3.566802e-02
7.767925e-02,3.626378e-03,1.293731e-02,4.563464e-03,2.881826e-03,2.792497e-03,4.299421e-04,1.317546e-03,6.966408e-02,1.992620e-01,7.012702e-03,1.319864e-03,2.366727e-03,5.858815e-01,2.826484e-02
7.254192e-02,4.495975e-03,1.298937e-02,3.702931e-03,6.591777e-03,2.994556e-03,4.529089e-04,2.642541e-03,1.213854e-01,2.418605e-01,6.628958e-03,1.300650e-03,2.362281e-03,4.852675e-01,3.478270e-02
8.317728e-02,6.183499e-03,1.661750e-02,3.405959e-03,9.371694e-03,3.230638e-03,6.407702e-04,3.800272e-03,1.726386e-01,2.370463e-01,7.284876e-03,1.699131e-03,2.543348e-03,4.190516e-01,3.330846e-02
9.357581e-02,1.373139e-02,3.789924e-02,1.301500e-02,9.638606e-03,3.132031e-03,7.261980e-04,3.218099e-03,2.500418e-01,2.225959e-01,7.013263e-03,1.835105e-03,3.029085e-03,3.038283e-01,3.672001e-02
1.026923e-01,4.786099e-02,3.005408e-02,1.359390e-02,2.562554e-02,6.492666e-03,1.309145e-03,7.642616e-03,3.152004e-01,1.682509e-01,6.760472e-03,1.828288e-03,3.754187e-03,2.359086e-01,3.302593e-02
1.829076e-01,5.892770e-02,2.501749e-02,1.536655e-02,6.647927e-02,1.828532e-02,1.520514e-03,1.469096e-02,2.646334e-01,1.241037e-01,5.923824e-03,1.947410e-03,3.637567e-03,1.857664e-01,3.079241e-02
2.284442e-01,5.148609e-02,2.260811e-02,3.181615e-02,9.526818e-02,3.327758e-02,2.264842e-03,1.461892e-02,2.294466e-01,9.109055e-02,5.203134e-03,1.972597e-03,3.882946e-03,1.526315e-01,3.598864e-02
1.991627e-01,4.359021e-02,1.880452e-02,2.496635e-02,1.197778e-01,3.696002e-02,1.844097e-03,1.228746e-02,2.563610e-01,6.963849e-02,4.277800e-03,1.594577e-03,3.945794e-03,1.410087e-01,6.578038e-02
1.832361e-01,3.927723e-02,1.733490e-02,1.982188e-02,1.177858e-01,3.024924e-02,1.445184e-03,1.090166e-02,2.960400e-01,6.179960e-02,3.625165e-03,1.351463e-03,3.952913e-03,1.222548e-01,9.092413e-02
1.959646e-01,3.526238e-02,1.321729e-02,1.902607e-02,1.023202e-01,2.837755e-02,1.356897e-03,9.142319e-03,3.472663e-01,4.727974e-02,3.395604e-03,2.260598e-03,5.236490e-03,9.784520e-02,9.204879e-02
2.286171e-01,3.511587e-02,1.294024e-02,9.059615e-02,8.731665e-02,2.287616e-02,1.628394e-03,8.959850e-03,3.205469e-01,3.468382e-02,3.359984e-03,3.973536e-03,4.331640e-03,7.097433e-02,7.407938e-02
2.468544e-01,4.015459e-02,2.656365e-02,7.102929e-02,6.945257e-02,1.937555e-02,1.858509e-03,1.032287e-02,2.860111e-01,2.626738e-02,3.840117e-03,4.653531e-03,3.868910e-03,6.011108e-02,1.296365e-01
2.783950e-01,4.420531e-02,2.842501e-02,1.048324e-01,5.771508e-02,2.267448e-02,2.051264e-03,1.175247e-02,2.387397e-01,2.048219e-02,4.364369e-03,7.374545e-03,3.928201e-03,4.773954e-02,1.273203e-01
2.973981e-01,4.359342e-02,1.118340e-01,9.105103e-02,4.648435e-02,1.981489e-02,1.848081e-03,1.048356e-02,1.859531e-01,1.706133e-02,4.906150e-03,8.306360e-03,3.405444e-03,3.906945e-02,1.187907e-01
3.190466e-01,4.133841e-02,1.412355e-01,1.333769e-01,3.660363e-02,1.857217e-02,2.046176e-03,1.140939e-02,1.382144e-01,1.290487e-02,5.178914e-03,1.260827e-02,4.613766e-03,2.995204e-02,9.289901e-02
2.968771e-01,3.715429e-02,2.061505e-01,1.529903e-01,2.920685e-02,1.656470e-02,1.893674e-03,1.065948e-02,1.025350e-01,1.020968e-02,5.421177e-03,1.451294e-02,4.340713e-03,2.695597e-02,8.452764e-02
2.325329e-01,3.095130e-02,3.217680e-01,1.733080e-01,2.257355e-02,1.240674e-02,1.663062e-03,9.518811e-03,7.479473e-02,8.278805e-03,5.265095e-03,1.189796e-02,3.542003e-03,2.321287e-02,6.828620e-02
2.469961e-01,2.800614e-02,3.462386e-01,1.574766e-01,2.260852e-02,1.058895e-02,1.520224e-03,8.911673e-03,5.718727e-02,6.843280e-03,6.094330e-03,1.014649e-02,3.191287e-03,2.997678e-02,6.421382e-02
2.131993e-01,2.209573e-02,3.838001e-01,1.227210e-01,1.807739e-02,8.491083e-03,1.214465e-03,6.920311e-03,4.364268e-02,7.398206e-03,7.510778e-03,8.201296e-03,2.583880e-03,1.002688e-01,5.387499e-02
1.851522e-01,2.654411e-02,3.532430e-01,1.032562e-01,1.461768e-02,7.158262e-03,9.521001e-04,5.345761e-03,1.015056e-01,1.166661e-02,7.737453e-03,6.612542e-03,2.353435e-03,1.065259e-01,6.732909e-02
1.374910e-01,2.176793e-02,2.970527e-01,7.737107e-02,1.072388e-02,5.393764e-03,6.954731e-04,3.856131e-03,1.489785e-01,4.038163e-02,6.330149e-03,4.789754e-03,2.392922e-03,1.603006e-01,8.247451e-02
9.959999e-02,1.585926e-02,2.121779e-01,5.535242e-02,7.664660e-03,3.875355e-03,5.295207e-04,2.749553e-03,1.240576e-01,4.619548e-02,5.102526e-03,3.526113e-03,1.808070e-03,3.486216e-01,7.287988e-02
7.512808e-02,1.245781e-02,1.506326e-01,4.017239e-02,5.577887e-03,2.863378e-03,4.545005e-04,1.980909e-03,1.218625e-01,4.603023e-02,4.532222e-03,2.669695e-03,1.438153e-03,4.631112e-01,7.108849e-02
6.066174e-02,9.330338e-03,1.131448e-01,2.950560e-02,4.127461e-03,2.184722e-03,4.940531e-04,1.570169e-03,1.310681e-01,8.992016e-02,7.315896e-03,2.393787e-03,1.512619e-03,4.812097e-01,6.556088e-02
4.296943e-02,6.763156e-03,8.284499e-02,2.076502e-02,2.942469e-03,1.624394e-03,3.595371e-04,1.110095e-03,1.071449e-01,1.258499e-01,7.860385e-03,2.027337e-03,1.357037e-03,5.371632e-01,5.921808e-02
3.048449e-02,4.861971e-03,5.992794e-02,1.461272e-02,2.135565e-03,1.193064e-03,2.705688e-04,7.938764e-04,8.059798e-02,3.063175e-01,8.741563e-03,1.842903e-03,1.512186e-03,4.373599e-01,4.934774e-02
2.820749e-02,4.003723e-03,4.297169e-02,1.060190e-02,4.327094e-03,1.113870e-03,5.883569e-04,1.010714e-03,6.676596e-02,3.313175e-01,1.264025e-02,2.704228e-03,2.918714e-03,4.273987e-01,6.342976e-02
3.252231e-02,3.813821e-03,3.068592e-02,8.266371e-03,2.220146e-02,1.350241e-03,2.632736e-03,4.775217e-03,7.281910e-02,3.014456e-01,2.125937e-02,4.800762e-03,1.039084e-02,4.153709e-01,6.766534e-02
5.502691e-02,5.556188e-03,2.382656e-02,8.818524e-03,2.913298e-02,5.630922e-03,5.185160e-03,5.670741e-03,8.498172e-02,2.382751e-01,4.072018e-02,2.018752e-02,4.601485e-02,3.255497e-01,1.054230e-01
8.301076e-02,1.439772e-02,2.431416e-02,2.438314e-02,3.431358e-02,7.491969e-03,5.300241e-03,9.159874e-03,1.569946e-01,1.781706e-01,4.165636e-02,1.913557e-02,7.390729e-02,2.359122e-01,9.185197e-02
6.821645e-02,1.773743e-02,3.006143e-02,3.463115e-02,7.821754e-02,8.739596e-03,4.696092e-03,1.019956e-02,1.624509e-01,1.392455e-01,8.643657e-02,2.408921e-02,7.507447e-02,1.777329e-01,8.247115e-02
6.865411e-02,1.595510e-02,6.836569e-02,9.395006e-02,6.919628e-02,7.731315e-03,4.555677e-03,8.315074e-02,1.253689e-01,9.889408e-02,8.905745e-02,2.209876e-02,6.178279e-02,1.263690e-01,6.487001e-02
7.191591e-02,1.606702e-02,8.394329e-02,1.118472e-01,1.376142e-01,1.712858e-02,6.600813e-03,6.395811e-02,1.256907e-01,7.082663e-02,7.419571e-02,1.641250e-02,4.768360e-02,9.047087e-02,6.564489e-02
5.831286e-02,1.231197e-02,6.431776e-02,2.217025e-01,2.191361e-01,1.511122e-02,5.402260e-03,4.973514e-02,9.537944e-02,4.973866e-02,5.365587e-02,1.184046e-02,3.373443e-02,6.346235e-02,4.615895e-02
5.772144e-02,9.707445e-03,5.550243e-02,3.400463e-01,1.713331e-01,1.387466e-02,3.962913e-03,3.630594e-02,1.082668e-01,3.681347e-02,5.466495e-02,9.537593e-03,2.448426e-02,4.485038e-02,3.292819e-02
4.198058e-02,7.181669e-03,4.172599e-02,3.651247e-01,1.240407e-01,1.169281e-02,2.828950e-03,2.582620e-02,1.020628e-01,2.943441e-02,1.638602e-01,8.363389e-03,2.046107e-02,3.174184e-02,2.367472e-02
2.955388e-02,5.315360e-03,3.022299e-02,3.373025e-01,8.886358e-02,8.425020e-03,2.006266e-03,1.818958e-02,7.992202e-02,2.450903e-02,3.016981e-01,9.451045e-03,2.474553e-02,2.279764e-02,1.699743e-02
2.102511e-02,3.822550e-03,2.145443e-02,2.474827e-01,6.533821e-02,6.580994e-03,1.437612e-03,1.304163e-02,6.023630e-02,2.544479e-02,4.416440e-01,1.079266e-02,5.189662e-02,1.728817e-02,1.251422e-02
1.719042e-02,2.919467e-03,1.580841e-02,1.799050e-01,5.611093e-02,5.743532e-03,1.082125e-03,1.028601e-02,4.545373e-02,3.212069e-02,4.686170e-01,2.631836e-02,1.146158e-01,1.440051e-02,9.428062e-03
2.626797e-02,6.618689e-03,1.378529e-02,1.338145e-01,6.763633e-02,4.994359e-03,9.140663e-04,1.000073e-02,6.496458e-02,4.152513e-02,4.411041e-01,3.434845e-02,1.342128e-01,1.235825e-02,7.454786e-03
2.845706e-02,7.744617e-03,1.081184e-02,1.131353e-01,7.004715e-02,4.909517e-03,8.415357e-04,1.443487e-02,1.090338e-01,3.954570e-02,4.137891e-01,3.896871e-02,1.307406e-01,1.153693e-02,6.003256e-03
3.316929e-02,1.082797e-02,8.510275e-03,8.628815e-02,5.594245e-02,6.555486e-03,9.231297e-04,2.748499e-02,1.434372e-01,4.176668e-02,4.061917e-01,4.393113e-02,1.194816e-01,1.075090e-02,4.738998e-03
4.327103e-02,1.210233e-02,7.213383e-03,6.919275e-02,5.910905e-02,7.190152e-03,8.698017e-04,3.820232e-02,1.402688e-01,4.288290e-02,4.105865e-01,4.468139e-02,1.094811e-01,1.097880e-02,3.969674e-03
5.989152e-02,1.354996e-02,6.695446e-03,6.474448e-02,5.823100e-02,8.042420e-03,9.861786e-04,4.204374e-02,1.379161e-01,3.688131e-02,3.862827e-01,5.610743e-02,1.103300e-01,1.428257e-02,4.015064e-03
1.276634e-01,2.001621e-02,8.368899e-03,6.041628e-02,6.308462e-02,1.234373e-02,1.361444e-03,3.714335e-02,1.276139e-01,3.337425e-02,3.190911e-01,7.335743e-02,9.145517e-02,1.937133e-02,5.338855e-03
2.779585e-01,1.755987e-02,8.176956e-03,5.782244e-02,5.779579e-02,1.824333e-02,1.720977e-03,2.887398e-02,9.650037e-02,2.684004e-02,2.520711e-01,6.571268e-02,6.707090e-02,1.666785e-02,6.985282e-03
4.177290e-01,1.659380e-02,9.084881e-03,5.088300e-02,4.517106e-02,2.112238e-02,2.669818e-03,2.530579e-02,7.202643e-02,2.015194e-02,1.853527e-01,5.527347e-02,5.140753e-02,1.434631e-02,1.288201e-02
1.000000e+00,0.000000e+00,0.000000e+00,0.000000e+00,0.000000e+00,0.000000e+00,0.000000e+00,0.000000e+00,0.000000e+00,0.000000e+00,0.000000e+00,0.000000e+00,0.000000e+00,0.000000e+00,0.000000e+00
1.000000e+00,0.000000e+00,0.000000e+00,0.000000e+00,0.000000e+00,0.000000e+00,0.000000e+00,0.000000e+00,0.000000e+00,0.000000e+00,0.000000e+00,0.000000e+00,0.000000e+00,0.000000e+00,0.000000e+00
1.000000e+00,0.000000e+00,0.000000e+00,0.000000e+00,0.000000e+00,0.000000e+00,0.000000e+00,0.000000e+00,0.000000e+00,0.000000e+00,0.000000e+00,0.000000e+00,0.000000e+00,0.000000e+00,0.000000e+00
1.000000e+00,0.000000e+00,0.000000e+00,0.000000e+00,0.000000e+00,0.000000e+00,0.000000e+00,0.000000e+00,0.000000e+00,0.000000e+00,0.000000e+00,0.000000e+00,0.000000e+00,0.000000e+00,0.000000e+00
1.000000e+00,0.000000e+00,0.000000e+00,0.000000e+00,0.000000e+00,0.000000e+00,0.000000e+00,0.000000e+00,0.000000e+00,0.000000e+00,0.000000e+00,0.000000e+00,0.000000e+00,0.000000e+00,0.000000e+00
1.000000e+00,0.000000e+00,0.000000e+00,0.000000e+00,0.000000e+00,0.000000e+00,0.000000e+00,0.000000e+00,0.000000e+00,0.000000e+00,0.000000e+00,0.000000e+00,0.000000e+00,0.000000e+00,0.000000e+00
1.000000e+00,0.000000e+00,0.000000e+00,0.000000e+00,0.000000e+00,0.000000e+00,0.000000e+00,0.000000e+00,0.000000e+00,0.000000e+00,0.000000e+00,0.000000e+00,0.000000e+00,0.000000e+00,0.000000e+00
1.000000e+00,0.000000e+00,0.000000e+00,0.000000e+00,0.000000e+00,0.000000e+00,0.000000e+00,0.000000e+00,0.000000e+00,0.000000e+00,0.000000e+00,0.000000e+00,0.000000e+00,0.000000e+00,0.000000e+00
1.000000e+00,0.000000e+00,0.000000e+00,0.000000e+00,0.000000e+00,0.000000e+00,0.000000e+00,0.000000e+00,0.000000e+00,0.000000e+00,0.000000e+00,0.000000e+00,0.000000e+00,0.000000e+00,0.000000e+00
3.997601e-01,1.148241e-02,1.952210e-02,2.601438e-01,2.883731e-02,1.424596e-02,2.298103e-03,4.138600e-02,4.579002e-02,7.881826e-03,3.281584e-02,7.605710e-02,2.673499e-02,6.933764e-03,2.611074e-02
3.620308e-01,1.591647e-02,2.680983e-02,2.772036e-01,3.321082e-02,1.302983e-02,3.348870e-03,4.277933e-02,5.281641e-02,8.991797e-03,3.104606e-02,6.805415e-02,2.440014e-02,6.823798e-03,3.353808e-02
2.922381e-01,1.410543e-02,6.327568e-02,3.215097e-01,3.420895e-02,1.009973e-02,2.661192e-03,8.843508e-02,4.160500e-02,6.968863e-03,2.407313e-02,5.060723e-02,1.976561e-02,5.323881e-03,2.512246e-02
2.903525e-01,1.255188e-02,6.015886e-02,2.690644e-01,3.657864e-02,9.422306e-03,2.170596e-03,1.755073e-01,3.275182e-02,5.401141e-03,2.247230e-02,4.088420e-02,1.733122e-02,5.429630e-03,1.992320e-02
2.623868e-01,1.006807e-02,5.892366e-02,2.252259e-01,3.076292e-02,9.726458e-03,1.841892e-03,2.834696e-01,2.418612e-02,4.071767e-03,1.974655e-02,3.341576e-02,1.555308e-02,4.876346e-03,1.574505e-02
2.145926e-01,8.013549e-03,5.878949e-02,1.900195e-01,2.325480e-02,1.020635e-02,1.900901e-03,4.009636e-01,1.764167e-02,3.105135e-03,1.532882e-02,2.729717e-02,1.309143e-02,3.835607e-03,1.195922e-02
1.957745e-01,6.671228e-03,4.998666e-02,1.530715e-01,1.793679e-02,1.114601e-02,2.054317e-03,4.886144e-01,1.284048e-02,2.423807e-03,1.240209e-02,2.349369e-02,1.124297e-02,3.086038e-03,9.255486e-03
1.821092e-01,4.804962e-03,3.736769e-02,1.328633e-01,1.441727e-02,8.238103e-03,1.773920e-03,5.649806e-01,9.204535e-03,1.752810e-03,8.822556e-03,1.680292e-02,8.077226e-03,2.214431e-03,6.570399e-03
1.759003e-01,3.559013e-03,2.750717e-02,9.865257e-02,1.294145e-02,6.758462e-03,2.104411e-03,6.331531e-01,6.647813e-03,1.324216e-03,6.448878e-03,1.229835e-02,6.102884e-03,1.679975e-03,4.921355e-03
1.671581e-01,2.721751e-03,2.111570e-02,7.270645e-02,1.127790e-02,8.046663e-03,2.606061e-03,6.841789e-01,4.833503e-03,1.014595e-03,4.777505e-03,9.125144e-03,5.213165e-03,1.353339e-03,3.871225e-03
2.129737e-01,2.891149e-03,1.820652e-02,5.712579e-02,9.577439e-03,8.100580e-03,2.248511e-03,6.424919e-01,3.817792e-03,1.165774e-03,5.238257e-03,2.093175e-02,9.405081e-03,1.480373e-03,4.345374e-03
2.556308e-01,4.756496e-03,1.554605e-02,4.531811e-02,8.391922e-03,8.540526e-03,2.100510e-03,5.455502e-01,6.758371e-03,1.670853e-03,7.182631e-03,2.049327e-02,6.967427e-02,2.212858e-03,6.173098e-03
2.578866e-01,7.234015e-03,1.777465e-02,8.777592e-02,1.098375e-02,8.092181e-03,2.467707e-03,4.385388e-01,1.406084e-02,4.844513e-03,1.644290e-02,3.476332e-02,8.034836e-02,2.271600e-03,1.651482e-02
2.982147e-01,9.097250e-03,1.821231e-02,9.287287e-02,1.067097e-02,1.298895e-02,2.297547e-03,3.331373e-01,2.829904e-02,7.121821e-03,2.369229e-02,4.627777e-02,8.750890e-02,2.444655e-03,2.716363e-02
3.831866e-01,1.045433e-02,1.573650e-02,7.524210e-02,9.503145e-03,1.098349e-02,2.030052e-03,2.753329e-01,3.435459e-02,6.177287e-03,2.771863e-02,4.349003e-02,7.840172e-02,3.328236e-03,2.406041e-02
4.198917e-01,1.294226e-02,1.890019e-02,6.778403e-02,1.245564e-02,1.442169e-02,2.680206e-03,2.195827e-01,6.190884e-02,5.857468e-03,3.055781e-02,3.614271e-02,6.214119e-02,5.770453e-03,2.896308e-02
4.248144e-01,3.425362e-02,1.629031e-02,6.781265e-02,1.158775e-02,1.640676e-02,2.751270e-03,1.682663e-01,1.091693e-01,8.529082e-03,2.530295e-02,2.831753e-02,4.821213e-02,7.251566e-03,3.103441e-02
3.319805e-01,7.170874e-02,2.264894e-02,1.413088e-01,9.317501e-03,1.408197e-02,2.201058e-03,1.208942e-01,1.484411e-01,8.912722e-03,2.085830e-02,2.344787e-02,4.349026e-02,5.808156e-03,3.489987e-02
3.059610e-01,6.033912e-02,2.253124e-02,1.975279e-01,8.606791e-03,1.532861e-02,1.974369e-03,9.116744e-02,1.726970e-01,8.521653e-03,1.810287e-02,2.296382e-02,3.632098e-02,4.848966e-03,3.310814e-02
3.227783e-01,5.383173e-02,1.968106e-02,1.686796e-01,1.291044e-02,2.162981e-02,2.397345e-03,6.911036e-02,1.892013e-01,8.782694e-03,2.492452e-02,2.678186e-02,2.972771e-02,4.989004e-03,4.457419e-02
2.734225e-01,4.223159e-02,2.000270e-02,2.214375e-01,1.061765e-02,1.853140e-02,2.260390e-03,5.680648e-02,2.354444e-01,7.753390e-03,2.099317e-02,2.318866e-02,2.491440e-02,3.885173e-03,3.851068e-02
2.801953e-01,3.455721e-02,1.967303e-02,2.346543e-01,9.441777e-03,1.620923e-02,2.012402e-03,4.990914e-02,2.403974e-01,7.574829e-03,1.849965e-02,2.061509e-02,2.158337e-02,3.176933e-03,4.150041e-02
3.271124e-01,3.561714e-02,1.854147e-02,1.895239e-01,9.849899e-03,1.438079e-02,1.642754e-03,3.787455e-02,2.238614e-01,7.967643e-03,2.133805e-02,2.022057e-02,1.866664e-02,3.344041e-03,7.005870e-02
3.718963e-01,3.362611e-02,1.791094e-02,1.442414e-01,1.095479e-02,1.402277e-02,1.424719e-03,2.903366e-02,2.393509e-01,7.155341e-03,1.952950e-02,1.628575e-02,1.541427e-02,4.901026e-03,7.425255e-02
3.265136e-01,3.323065e-02,1.553448e-02,1.080426e-01,8.445210e-03,1.372687e-02,1.272881e-03,2.246720e-02,3.218091e-01,1.490255e-02,1.524756e-02,1.246380e-02,1.311831e-02,4.951481e-03,8.827371e-02
2.298323e-01,3.161361e-02,1.504168e-02,7.941414e-02,6.008200e-03,9.654733e-03,8.990309e-04,1.577310e-02,4.962950e-01,1.146866e-02,1.082273e-02,8.876693e-03,9.560701e-03,3.571063e-03,7.116833e-02
1.863217e-01,4.214644e-02,1.423984e-02,5.825308e-02,5.216664e-03,7.253186e-03,7.562956e-04,1.198574e-02,5.144272e-01,1.330101e-02,8.837002e-03,6.709852e-03,1.028941e-02,4.907022e-03,1.153555e-01
2.458778e-01,5.613806e-02,2.755788e-02,5.575692e-02,1.234813e-02,1.098031e-02,1.123500e-03,1.042057e-02,4.201580e-01,1.125573e-02,9.842176e-03,7.236488e-03,1.163686e-02,5.811331e-03,1.138562e-01
2.633957e-01,7.810719e-02,2.756160e-02,5.333725e-02,3.999311e-02,2.105116e-02,3.001905e-03,1.145153e-02,3.241253e-01,8.493392e-03,8.746986e-03,7.221165e-03,1.646207e-02,5.537971e-03,1.315136e-01
2.579098e-01,1.046070e-01,2.739069e-02,5.428673e-02,6.175135e-02,2.281798e-02,3.576909e-03,2.099150e-02,2.545837e-01,7.380571e-03,7.282080e-03,6.674912e-03,1.460986e-02,5.203936e-03,1.509329e-01
2.413266e-01,2.191377e-01,2.226599e-02,4.387681e-02,4.950480e-02,3.248362e-02,2.888083e-03,1.808038e-02,2.083563e-01,6.161086e-03,5.909379e-03,5.999960e-03,1.343351e-02,6.776144e-03,1.237996e-01
2.392026e-01,2.550138e-01,1.886880e-02,3.925882e-02,5.157601e-02,4.086235e-02,2.612995e-03,2.337450e-02,1.909770e-01,6.280291e-03,5.142653e-03,5.287651e-03,1.253713e-02,7.480142e-03,1.015252e-01
2.360353e-01,2.027842e-01,3.787683e-02,8.584410e-02,3.880742e-02,3.039479e-02,2.160434e-03,1.823686e-02,1.698988e-01,7.003800e-03,5.609199e-03,6.259855e-03,1.004001e-02,7.099755e-03,1.419486e-01
1.912999e-01,1.564035e-01,6.237577e-02,9.590676e-02,2.779514e-02,2.276723e-02,1.591904e-03,1.372377e-02,1.514172e-01,1.236055e-02,2.150181e-02,6.315847e-03,2.252265e-02,6.317111e-03,2.077009e-01
1.532118e-01,1.409322e-01,8.164129e-02,8.700207e-02,2.033732e-02,2.009154e-02,1.281206e-03,1.142890e-02,1.340015e-01,4.641214e-02,4.600711e-02,6.929133e-03,5.263856e-02,1.465605e-02,1.834292e-01
1.166789e-01,1.037985e-01,6.467246e-02,6.219867e-02,1.453837e-02,1.521135e-02,9.991128e-04,8.644407e-03,1.143106e-01,1.710843e-01,4.853669e-02,7.778564e-03,5.881688e-02,2.058943e-02,1.921418e-01
9.948044e-02,7.749096e-02,4.798144e-02,4.447205e-02,1.051941e-02,1.165815e-02,7.591358e-04,6.702483e-03,9.282970e-02,2.400020e-01,4.469847e-02,7.096719e-03,5.674181e-02,2.903326e-02,2.305340e-01
1.133510e-01,5.963511e-02,3.578351e-02,3.187564e-02,1.060474e-01,9.922414e-03,1.456111e-03,9.464946e-03,6.991215e-02,1.860783e-01,5.379561e-02,5.963746e-03,5.331704e-02,3.892976e-02,2.244673e-01
9.108082e-02,5.309460e-02,3.091970e-02,2.910563e-02,9.857159e-02,1.332737e-02,1.937729e-03,9.355834e-03,6.142150e-02,1.461979e-01,7.303664e-02,6.018742e-03,5.760129e-02,6.032356e-02,2.680070e-01
7.590386e-02,4.997662e-02,3.523951e-02,3.078487e-02,1.030313e-01,1.963991e-02,3.384029e-03,9.422376e-03,5.335808e-02,1.228508e-01,1.035437e-01,6.664499e-03,4.863683e-02,7.229249e-02,2.652711e-01
6.132751e-02,3.839526e-02,3.159377e-02,2.496537e-02,8.685020e-02,1.762592e-02,2.533219e-03,7.360834e-03,1.061259e-01,9.039368e-02,1.617986e-01,5.807773e-03,3.882063e-02,1.209053e-01,2.054961e-01
4.489969e-02,2.999733e-02,2.842982e-02,1.853595e-02,6.663043e-02,1.466786e-02,1.899816e-03,5.494706e-03,1.846601e-01,6.602375e-02,2.097465e-01,6.548480e-03,3.481136e-02,1.370803e-01,1.505739e-01
3.497489e-02,2.237986e-02,2.037430e-02,1.340291e-02,4.909688e-02,1.440793e-02,1.385707e-03,3.996184e-03,3.569038e-01,4.781013e-02,1.667064e-01,6.123304e-03,2.577619e-02,1.289905e-01,1.076709e-01
3.409075e-02,2.470063e-02,1.464300e-02,1.145147e-02,3.681125e-02,1.460712e-02,1.098971e-03,3.086680e-03,4.446443e-01,3.652168e-02,1.360096e-01,6.420603e-03,2.001098e-02,1.369354e-01,7.896747e-02
4.402108e-02,2.670656e-02,1.082536e-02,8.659105e-03,2.810929e-02,1.243454e-02,8.368977e-04,2.292481e-03,4.548137e-01,2.797586e-02,1.115821e-01,5.375203e-03,1.486213e-02,1.941856e-01,5.732018e-02
4.299952e-02,3.199624e-02,8.493602e-03,8.391211e-03,2.148489e-02,1.313413e-02,7.284079e-04,1.805020e-03,4.195630e-01,2.227919e-02,9.868950e-02,4.914389e-03,1.100405e-02,2.694675e-01,4.504939e-02
3.665311e-02,4.873811e-02,6.737761e-03,6.984045e-03,1.657712e-02,1.820601e-02,6.293632e-04,1.411176e-03,4.117807e-01,1.706656e-02,8.463833e-02,5.613540e-03,8.556318e-03,3.022751e-01,3.413273e-02
3.042754e-02,5.287003e-02,5.534242e-03,9.225761e-03,1.390108e-02,3.165631e-02,6.818099e-04,1.163348e-03,4.544200e-01,1.356107e-02,6.730952e-02,8.521935e-03,7.525033e-03,2.729568e-01,3.024559e-02
2.349090e-02,5.232467e-02,5.487601e-03,1.276228e-02,1.287707e-02,4.087786e-02,6.116813e-04,1.297136e-03,4.840884e-01,1.309081e-02,5.505196e-02,9.677808e-03,6.088242e-03,2.562053e-01,2.606834e-02
1.737911e-02,4.395491e-02,4.154901e-03,1.036870e-02,9.935489e-03,5.325554e-02,4.656371e-04,1.012078e-03,4.634383e-01,1.116389e-02,4.590853e-02,1.075784e-02,4.679724e-03,3.030353e-01,2.049002e-02
1.236044e-02,4.120350e-02,3.141154e-03,7.984471e-03,7.698525e-03,3.889621e-02,3.389167e-04,7.949998e-04,5.545914e-01,1.068639e-02,3.721348e-02,7.962347e-03,3.347029e-03,2.558078e-01,1.797327e-02
8.860997e-03,3.221041e-02,2.294776e-03,5.955504e-03,6.028042e-03,2.852875e-02,2.440479e-04,6.295737e-04,6.408489e-01,1.296544e-02,2.960683e-02,5.892705e-03,2.527432e-03,1.991799e-01,2.422675e-02
6.597679e-03,2.469747e-02,1.777675e-03,1.709583e-02,4.893913e-03,2.228929e-02,2.044719e-04,8.427118e-04,6.882540e-01,1.241110e-02,2.541152e-02,4.517483e-03,5.272799e-03,1.432456e-01,4.248846e-02
4.701492e-03,1.859870e-02,2.184194e-02,4.701751e-02,3.661801e-03,1.587713e-02,1.458686e-04,1.021556e-03,6.854626e-01,1.593030e-02,2.362929e-02,3.615278e-03,1.093637e-02,1.010910e-01,4.646917e-02
4.864304e-03,2.056752e-02,2.138430e-02,7.982492e-02,6.643682e-03,1.214250e-02,1.554603e-04,1.035307e-03,6.393523e-01,2.614020e-02,3.753264e-02,3.405884e-03,1.197040e-02,7.320359e-02,6.177693e-02
3.585835e-03,1.796293e-02,1.942286e-02,2.101865e-01,6.626351e-03,8.846798e-03,1.337626e-04,8.300369e-04,5.713242e-01,1.904953e-02,2.886830e-02,2.959129e-03,1.043760e-02,5.135313e-02,4.841295e-02
6.902844e-03,1.510597e-02,1.488279e-02,2.696267e-01,7.745738e-03,1.194989e-02,1.952353e-04,8.567923e-04,4.706065e-01,1.533872e-02,5.244021e-02,4.172824e-03,1.805833e-02,3.686115e-02,7.525632e-02
9.458206e-03,1.173032e-02,1.350223e-02,4.020578e-01,7.042743e-03,1.045885e-02,1.630193e-04,1.512457e-03,3.696426e-01,1.257182e-02,5.292650e-02,3.944211e-03,1.522540e-02,2.605813e-02,6.370579e-02
1.155767e-01,1.078691e-02,2.032404e-02,3.404088e-01,7.424010e-03,1.035094e-02,3.011419e-04,3.282324e-03,3.167136e-01,1.103197e-02,5.860240e-02,6.470306e-03,1.503874e-02,1.950183e-02,6.418633e-02
2.059336e-01,9.206004e-03,3.453412e-02,2.814197e-01,1.240086e-02,9.708173e-03,3.964463e-04,1.445888e-02,2.612065e-01,9.354051e-03,5.811818e-02,1.083589e-02,2.134201e-02,1.611598e-02,5.496964e-02
2.192042e-01,7.761712e-03,7.846704e-02,2.711674e-01,1.451007e-02,8.577842e-03,4.809241e-04,5.049931e-02,2.076834e-01,7.634543e-03,4.777537e-02,1.021413e-02,1.717785e-02,1.288907e-02,4.595722e-02
2.422549e-01,7.661461e-03,6.997170e-02,2.594298e-01,2.406202e-02,7.262473e-03,9.708095e-04,1.213753e-01,1.567400e-01,5.681300e-03,3.641688e-02,8.227922e-03,1.419896e-02,1.115924e-02,3.458728e-02
3.325680e-01,9.168769e-03,7.067885e-02,2.142207e-01,2.330858e-02,8.380553e-03,2.408031e-03,1.170636e-01,1.225147e-01,4.478707e-03,2.813668e-02,1.198590e-02,1.598996e-02,9.351125e-03,2.974593e-02
4.293764e-01,1.116565e-02,5.746229e-02,1.603216e-01,2.431246e-02,8.659811e-03,2.458922e-03,1.086215e-01,1.058701e-01,3.487709e-03,2.292913e-02,1.430895e-02,1.643631e-02,8.224771e-03,2.636450e-02
4.154624e-01,9.739517e-03,7.967319e-02,1.422351e-01,2.478869e-02,1.051347e-02,2.516614e-03,1.295383e-01,9.009944e-02,2.848305e-03,2.158976e-02,2.538000e-02,1.724786e-02,6.969335e-03,2.139811e-02
3.811913e-01,1.179899e-02,6.666212e-02,1.115220e-01,2.389896e-02,9.306476e-03,2.329517e-03,1.951625e-01,1.188467e-01,2.641350e-03,1.814268e-02,2.111642e-02,1.480594e-02,5.195861e-03,1.737915e-02
3.325369e-01,1.001171e-02,7.254369e-02,1.170506e-01,2.400340e-02,8.900097e-03,2.396771e-03,2.562052e-01,1.139209e-01,2.185461e-03,1.457036e-02,1.641993e-02,1.216622e-02,3.911632e-03,1.317716e-02
3.248022e-01,8.076549e-03,6.809486e-02,1.061477e-01,2.265935e-02,1.008863e-02,3.000594e-03,3.213187e-01,8.727519e-02,1.654099e-03,1.105485e-02,1.271945e-02,1.048805e-02,2.949450e-03,9.670417e-03
3.314621e-01,6.209685e-03,6.284916e-02,8.680082e-02,1.784862e-02,1.037769e-02,2.917915e-03,3.775182e-01,6.370045e-02,1.388874e-03,8.521216e-03,1.159893e-02,8.714916e-03,2.454790e-03,7.636703e-03
2.953887e-01,6.270329e-03,1.016694e-01,7.796780e-02,1.406833e-02,8.759753e-03,2.666621e-03,3.747980e-01,5.032321e-02,1.213615e-02,1.162941e-02,1.203929e-02,1.064420e-02,6.557322e-03,1.508153e-02
3.088577e-01,8.605056e-03,9.799132e-02,1.032011e-01,1.304057e-02,8.376570e-03,2.374017e-03,3.355109e-01,4.898585e-02,1.201784e-02,1.143137e-02,1.360649e-02,1.506400e-02,5.017621e-03,1.591962e-02
3.500535e-01,8.980198e-03,8.106041e-02,1.196321e-01,1.065202e-02,7.969077e-03,1.968422e-03,3.183092e-01,3.839510e-02,9.590862e-03,9.765372e-03,1.144425e-02,1.394439e-02,4.253016e-03,1.398217e-02
2.715365e-01,1.129001e-02,7.186766e-02,2.307888e-01,1.314226e-02,6.435613e-03,1.535748e-03,2.309097e-01,8.541174e-02,1.072485e-02,1.276687e-02,9.765279e-03,2.566446e-02,3.543985e-03,1.461655e-02
2.336461e-01,1.368416e-02,7.037577e-02,2.563366e-01,2.336218e-02,5.364619e-03,1.737896e-03,2.131996e-01,8.465888e-02,1.001365e-02,1.383256e-02,7.140534e-03,1.900970e-02,3.924085e-03,4.371370e-02
2.207354e-01,1.190920e-02,8.455738e-02,2.433552e-01,2.539614e-02,6.193367e-03,2.506895e-03,2.274761e-01,9.065875e-02,8.257691e-03,1.371640e-02,5.932090e-03,1.413672e-02,5.123642e-03,4.004501e-02
2.619613e-01,1.133520e-02,7.777490e-02,2.113631e-01,3.167408e-02,6.787193e-03,4.226908e-03,1.873832e-01,7.260805e-02,7.407177e-03,1.477560e-02,6.356877e-03,1.100536e-02,7.618886e-03,8.772215e-02
2.864161e-01,1.072168e-02,5.982087e-02,1.553607e-01,3.434478e-02,8.740519e-03,4.919398e-03,1.500564e-01,5.523885e-02,6.103843e-03,1.495964e-02,8.893270e-03,9.286189e-03,1.320203e-02,1.819358e-01
