1.000000e+00,0.000000e+00,0.000000e+00,0.000000e+00,0.000000e+00,0.000000e+00,0.000000e+00,0.000000e+00,0.000000e+00,0.000000e+00,0.000000e+00,0.000000e+00,0.000000e+00,0.000000e+00,0.000000e+00
1.000000e+00,0.000000e+00,0.000000e+00,0.000000e+00,0.000000e+00,0.000000e+00,0.000000e+00,0.000000e+00,0.000000e+00,0.000000e+00,0.000000e+00,0.000000e+00,0.000000e+00,0.000000e+00,0.000000e+00
1.000000e+00,0.000000e+00,0.000000e+00,0.000000e+00,0.000000e+00,0.000000e+00,0.000000e+00,0.000000e+00,0.000000e+00,0.000000e+00,0.000000e+00,0.000000e+00,0.000000e+00,0.000000e+00,0.000000e+00
1.000000e+00,0.000000e+00,0.000000e+00,0.000000e+00,0.000000e+00,0.000000e+00,0.000000e+00,0.000000e+00,0.000000e+00,0.000000e+00,0.000000e+00,0.000000e+00,0.000000e+00,0.000000e+00,0.000000e+00
1.000000e+00,0.000000e+00,0.000000e+00,0.000000e+00,0.000000e+00,0.000000e+00,0.000000e+00,0.000000e+00,0.000000e+00,0.000000e+00,0.000000e+00,0.000000e+00,0.000000e+00,0.000000e+00,0.000000e+00
1.000000e+00,0.000000e+00,0.000000e+00,0.000000e+00,0.000000e+00,0.000000e+00,0.000000e+00,0.000000e+00,0.000000e+00,0.000000e+00,0.000000e+00,0.000000e+00,0.000000e+00,0.000000e+00,0.000000e+00
1.000000e+00,0.000000e+00,0.000000e+00,0.000000e+00,0.000000e+00,0.000000e+00,0.000000e+00,0.000000e+00,0.000000e+00,0.000000e+00,0.000000e+00,0.000000e+00,0.000000e+00,0.000000e+00,0.000000e+00
1.000000e+00,0.000000e+00,0.000000e+00,0.000000e+00,0.000000e+00,0.000000e+00,0.000000e+00,0.000000e+00,0.000000e+00,0.000000e+00,0.000000e+00,0.000000e+00,0.000000e+00,0.000000e+00,0.000000e+00
1.000000e+00,0.000000e+00,0.000000e+00,0.000000e+00,0.000000e+00,0.000000e+00,0.000000e+00,0.000000e+00,0.000000e+00,0.000000e+00,0.000000e+00,0.000000e+00,0.000000e+00,0.000000e+00,0.000000e+00
1.000000e+00,0.000000e+00,0.000000e+00,0.000000e+00,0.000000e+00,0.000000e+00,0.000000e+00,0.000000e+00,0.000000e+00,0.000000e+00,0.000000e+00,0.000000e+00,0.000000e+00,0.000000e+00,0.000000e+00
1.000000e+00,0.000000e+00,0.000000e+00,0.000000e+00,0.000000e+00,0.000000e+00,0.000000e+00,0.000000e+00,0.000000e+00,0.000000e+00,0.000000e+00,0.000000e+00,0.000000e+00,0.000000e+00,0.000000e+00
1.000000e+00,0.000000e+00,0.000000e+00,0.000000e+00,0.000000e+00,0.000000e+00,0.000000e+00,0.000000e+00,0.000000e+00,0.000000e+00,0.000000e+00,0.000000e+00,0.000000e+00,0.000000e+00,0.000000e+00
1.000000e+00,0.000000e+00,0.000000e+00,0.000000e+00,0.000000e+00,0.000000e+00,0.000000e+00,0.000000e+00,0.000000e+00,0.000000e+00,0.000000e+00,0.000000e+00,0.000000e+00,0.000000e+00,0.000000e+00
1.000000e+00,0.000000e+00,0.000000e+00,0.000000e+00,0.000000e+00,0.000000e+00,0.000000e+00,0.000000e+00,0.000000e+00,0.000000e+00,0.000000e+00,0.000000e+00,0.000000e+00,0.000000e+00,0.000000e+00
1.000000e+00,0.000000e+00,0.000000e+00,0.000000e+00,0.000000e+00,0.000000e+00,0.000000e+00,0.000000e+00,0.000000e+00,0.000000e+00,0.000000e+00,0.000000e+00,0.000000e+00,0.000000e+00,0.000000e+00
1.000000e+00,0.000000e+00,0.000000e+00,0.000000e+00,0.000000e+00,0.000000e+00,0.000000e+00,0.000000e+00,0.000000e+00,0.000000e+00,0.000000e+00,0.000000e+00,0.000000e+00,0.000000e+00,0.000000e+00
1.000000e+00,0.000000e+00,0.000000e+00,0.000000e+00,0.000000e+00,0.000000e+00,0.000000e+00,0.000000e+00,0.000000e+00,0.000000e+00,0.000000e+00,0.000000e+00,0.000000e+00,0.000000e+00,0.000000e+00
1.000000e+00,0.000000e+00,0.000000e+00,0.000000e+00,0.000000e+00,0.000000e+00,0.000000e+00,0.000000e+00,0.000000e+00,0.000000e+00,0.000000e+00,0.000000e+00,0.000000e+00,0.000000e+00,0.000000e+00
1.000000e+00,0.000000e+00,0.000000e+00,0.000000e+00,0.000000e+00,0.000000e+00,0.000000e+00,0.000000e+00,0.000000e+00,0.000000e+00,0.000000e+00,0.000000e+00,0.000000e+00,0.000000e+00,0.000000e+00
1.000000e+00,0.000000e+00,0.000000e+00,0.000000e+00,0.000000e+00,0.000000e+00,0.000000e+00,0.000000e+00,0.000000e+00,0.000000e+00,0.000000e+00,0.000000e+00,0.000000e+00,0.000000e+00,0.000000e+00
1.000000e+00,0.000000e+00,0.000000e+00,0.000000e+00,0.000000e+00,0.000000e+00,0.000000e+00,0.000000e+00,0.000000e+00,0.000000e+00,0.000000e+00,0.000000e+00,0.000000e+00,0.000000e+00,0.000000e+00
1.000000e+00,0.000000e+00,0.000000e+00,0.000000e+00,0.000000e+00,0.000000e+00,0.000000e+00,0.000000e+00,0.000000e+00,0.000000e+00,0.000000e+00,0.000000e+00,0.000000e+00,0.000000e+00,0.000000e+00
1.000000e+00,0.000000e+00,0.000000e+00,0.000000e+00,0.000000e+00,0.000000e+00,0.000000e+00,0.000000e+00,0.000000e+00,0.000000e+00,0.000000e+00,0.000000e+00,0.000000e+00,0.000000e+00,0.000000e+00
1.000000e+00,0.000000e+00,0.000000e+00,0.000000e+00,0.000000e+00,0.000000e+00,0.000000e+00,0.000000e+00,0.000000e+00,0.000000e+00,0.000000e+00,0.000000e+00,0.000000e+00,0.000000e+00,0.000000e+00
1.000000e+00,0.000000e+00,0.000000e+00,0.000000e+00,0.000000e+00,0.000000e+00,0.000000e+00,0.000000e+00,0.000000e+00,0.000000e+00,0.000000e+00,0.000000e+00,0.000000e+00,0.000000e+00,0.000000e+00
1.000000e+00,0.000000e+00,0.000000e+00,0.000000e+00,0.000000e+00,0.000000e+00,0.000000e+00,0.000000e+00,0.000000e+00,0.000000e+00,0.000000e+00,0.000000e+00,0.000000e+00,0.000000e+00,0.000000e+00
1.000000e+00,0.000000e+00,0.000000e+00,0.000000e+00,0.000000e+00,0.000000e+00,0.000000e+00,0.000000e+00,0.000000e+00,0.000000e+00,0.000000e+00,0.000000e+00,0.000000e+00,0.000000e+00,0.000000e+00
1.000000e+00,0.000000e+00,0.000000e+00,0.000000e+00,0.000000e+00,0.000000e+00,0.000000e+00,0.000000e+00,0.000000e+00,0.000000e+00,0.000000e+00,0.000000e+00,0.000000e+00,0.000000e+00,0.000000e+00
1.000000e+00,0.000000e+00,0.000000e+00,0.000000e+00,0.000000e+00,0.000000e+00,0.000000e+00,0.000000e+00,0.000000e+00,0.000000e+00,0.000000e+00,0.000000e+00,0.000000e+00,0.000000e+00,0.000000e+00
1.000000e+00,0.000000e+00,0.000000e+00,0.000000e+00,0.000000e+00,0.000000e+00,0.000000e+00,0.000000e+00,0.000000e+00,0.000000e+00,0.000000e+00,0.000000e+00,0.000000e+00,0.000000e+00,0.000000e+00
1.000000e+00,0.000000e+00,0.000000e+00,0.000000e+00,0.000000e+00,0.000000e+00,0.000000e+00,0.000000e+00,0.000000e+00,0.000000e+00,0.000000e+00,0.000000e+00,0.000000e+00,0.000000e+00,0.000000e+00
1.000000e+00,0.000000e+00,0.000000e+00,0.000000e+00,0.000000e+00,0.000000e+00,0.000000e+00,0.000000e+00,0.000000e+00,0.000000e+00,0.000000e+00,0.000000e+00,0.000000e+00,0.000000e+00,0.000000e+00
1.000000e+00,0.000000e+00,0.000000e+00,0.000000e+00,0.000000e+00,0.000000e+00,0.000000e+00,0.000000e+00,0.000000e+00,0.000000e+00,0.000000e+00,0.000000e+00,0.000000e+00,0.000000e+00,0.000000e+00
1.000000e+00,0.000000e+00,0.000000e+00,0.000000e+00,0.000000e+00,0.000000e+00,0.000000e+00,0.000000e+00,0.000000e+00,0.000000e+00,0.000000e+00,0.000000e+00,0.000000e+00,0.000000e+00,0.000000e+00
1.000000e+00,0.000000e+00,0.000000e+00,0.000000e+00,0.000000e+00,0.000000e+00,0.000000e+00,0.000000e+00,0.000000e+00,0.000000e+00,0.000000e+00,0.000000e+00,0.000000e+00,0.000000e+00,0.000000e+00
1.000000e+00,0.000000e+00,0.000000e+00,0.000000e+00,0.000000e+00,0.000000e+00,0.000000e+00,0.000000e+00,0.000000e+00,0.000000e+00,0.000000e+00,0.000000e+00,0.000000e+00,0.000000e+00,0.000000e+00
1.000000e+00,0.000000e+00,0.000000e+00,0.000000e+00,0.000000e+00,0.000000e+00,0.000000e+00,0.000000e+00,0.000000e+00,0.000000e+00,0.000000e+00,0.000000e+00,0.000000e+00,0.000000e+00,0.000000e+00
1.000000e+00,0.000000e+00,0.000000e+00,0.000000e+00,0.000000e+00,0.000000e+00,0.000000e+00,0.000000e+00,0.000000e+00,0.000000e+00,0.000000e+00,0.000000e+00,0.000000e+00,0.000000e+00,0.000000e+00
1.000000e+00,0.000000e+00,0.000000e+00,0.000000e+00,0.000000e+00,0.000000e+00,0.000000e+00,0.000000e+00,0.000000e+00,0.000000e+00,0.000000e+00,0.000000e+00,0.000000e+00,0.000000e+00,0.000000e+00
1.000000e+00,0.000000e+00,0.000000e+00,0.000000e+00,0.000000e+00,0.000000e+00,0.000000e+00,0.000000e+00,0.000000e+00,0.000000e+00,0.000000e+00,0.000000e+00,0.000000e+00,0.000000e+00,0.000000e+00
1.000000e+00,0.000000e+00,0.000000e+00,0.000000e+00,0.000000e+00,0.000000e+00,0.000000e+00,0.000000e+00,0.000000e+00,0.000000e+00,0.000000e+00,0.000000e+00,0.000000e+00,0.000000e+00,0.000000e+00
1.000000e+00,0.000000e+00,0.000000e+00,0.000000e+00,0.000000e+00,0.000000e+00,0.000000e+00,0.000000e+00,0.000000e+00,0.000000e+00,0.000000e+00,0.000000e+00,0.000000e+00,0.000000e+00,0.000000e+00
1.000000e+00,0.000000e+00,0.000000e+00,0.000000e+00,0.000000e+00,0.000000e+00,0.000000e+00,0.000000e+00,0.000000e+00,0.000000e+00,0.000000e+00,0.000000e+00,0.000000e+00,0.000000e+00,0.000000e+00
1.000000e+00,0.000000e+00,0.000000e+00,0.000000e+00,0.000000e+00,0.000000e+00,0.000000e+00,0.000000e+00,0.000000e+00,0.000000e+00,0.000000e+00,0.000000e+00,0.000000e+00,0.000000e+00,0.000000e+00
1.000000e+00,0.000000e+00,0.000000e+00,0.000000e+00,0.000000e+00,0.000000e+00,0.000000e+00,0.000000e+00,0.000000e+00,0.000000e+00,0.000000e+00,0.000000e+00,0.000000e+00,0.000000e+00,0.000000e+00
1.000000e+00,0.000000e+00,0.000000e+00,0.000000e+00,0.000000e+00,0.000000e+00,0.000000e+00,0.000000e+00,0.000000e+00,0.000000e+00,0.000000e+00,0.000000e+00,0.000000e+00,0.000000e+00,0.000000e+00
1.000000e+00,0.000000e+00,0.000000e+00,0.000000e+00,0.000000e+00,0.000000e+00,0.000000e+00,0.000000e+00,0.000000e+00,0.000000e+00,0.000000e+00,0.000000e+00,0.000000e+00,0.000000e+00,0.000000e+00
4.192788e-01,4.287062e-02,1.715933e-02,1.785314e-01,2.718907e-02,5.370229e-02,3.016429e-02,6.202079e-02,1.924269e-02,1.833052e-03,8.825904e-03,8.057196e-02,3.910805e-02,1.519112e-03,1.798258e-02
3.342681e-01,5.392284e-02,1.915370e-02,2.410153e-01,3.422451e-02,5.250076e-02,2.737234e-02,5.755071e-02,2.617906e-02,1.750722e-03,9.052723e-03,8.256086e-02,3.874331e-02,1.363445e-03,2.034162e-02
2.758087e-01,7.691412e-02,1.892867e-02,2.703467e-01,5.331276e-02,4.464149e-02,2.655087e-02,4.566563e-02,3.405446e-02,2.218861e-03,9.782034e-03,7.720532e-02,3.816232e-02,1.486822e-03,2.492121e-02
3.015361e-01,8.113714e-02,1.642574e-02,2.478049e-01,5.485533e-02,4.213031e-02,2.249298e-02,3.649119e-02,3.696477e-02,2.596441e-03,9.944320e-03,7.591651e-02,4.324818e-02,1.703744e-03,2.675236e-02
3.723418e-01,7.877800e-02,1.465294e-02,2.071115e-01,4.953333e-02,3.932326e-02,1.952985e-02,3.003337e-02,3.452436e-02,2.689408e-03,9.539607e-03,6.862590e-02,4.393290e-02,1.893770e-03,2.749004e-02
3.233329e-01,7.876835e-02,3.115132e-02,2.917539e-01,4.004642e-02,3.246563e-02,1.572150e-02,3.787712e-02,2.555441e-02,2.162360e-03,9.126444e-03,5.441690e-02,3.431557e-02,1.621837e-03,2.168525e-02
3.041904e-01,6.541983e-02,5.773328e-02,2.480934e-01,3.259309e-02,6.531016e-02,1.534112e-02,5.319641e-02,2.069240e-02,2.169829e-03,2.406787e-02,6.184733e-02,2.776307e-02,2.015206e-03,1.956659e-02
2.175396e-01,4.669701e-02,7.344347e-02,1.821956e-01,2.382450e-02,5.097587e-02,1.356189e-02,2.787707e-01,1.460184e-02,1.649260e-03,1.755656e-02,4.403789e-02,1.967134e-02,1.481785e-03,1.399263e-02
1.570083e-01,3.334478e-02,6.970400e-02,1.305812e-01,1.766543e-02,3.687881e-02,5.047535e-02,4.235955e-01,1.035055e-02,1.261819e-03,1.265442e-02,3.106716e-02,1.412556e-02,1.253516e-03,1.003358e-02
1.122207e-01,2.399471e-02,7.211727e-02,9.538563e-02,1.318037e-02,2.662056e-02,7.945432e-02,5.192184e-01,7.330200e-03,9.332096e-04,9.023133e-03,2.194319e-02,1.025571e-02,1.117263e-03,7.205308e-03
8.546130e-02,1.772552e-02,6.254996e-02,6.927930e-02,1.062501e-02,2.105664e-02,1.152926e-01,5.752500e-01,5.255672e-03,8.596281e-04,6.476630e-03,1.564929e-02,7.992743e-03,1.095749e-03,5.429905e-03
9.179138e-02,1.373194e-02,5.357327e-02,5.168352e-02,9.020849e-03,2.178885e-02,1.456751e-01,5.766832e-01,4.052499e-03,9.614221e-04,4.964300e-03,1.225866e-02,7.260127e-03,1.345049e-03,5.209832e-03
1.204052e-01,1.264894e-02,4.228454e-02,3.939636e-02,1.088585e-02,2.002277e-02,1.607675e-01,5.544239e-01,4.260552e-03,1.844957e-03,4.246351e-03,1.032646e-02,8.263863e-03,2.509884e-03,7.712738e-03
1.132867e-01,1.320475e-02,3.791929e-02,3.178388e-02,3.950178e-02,2.174250e-02,1.482485e-01,5.317629e-01,5.119312e-03,1.099693e-02,4.821818e-03,8.341275e-03,7.740428e-03,5.111771e-03,2.041813e-02
9.377405e-02,1.366546e-02,3.864511e-02,2.667654e-02,4.730902e-02,2.350082e-02,1.453558e-01,4.796380e-01,8.956214e-03,2.289065e-02,1.289703e-02,7.927940e-03,1.461796e-02,1.374576e-02,5.039971e-02
6.850605e-02,1.644315e-02,3.827988e-02,2.414040e-02,6.261200e-02,4.408687e-02,1.138849e-01,3.605710e-01,1.008454e-02,3.235534e-02,1.114407e-01,1.510194e-02,1.863641e-02,3.246876e-02,5.138806e-02
5.694092e-02,1.866388e-02,3.217336e-02,1.946613e-02,6.158671e-02,6.784307e-02,8.612625e-02,2.612112e-01,9.643789e-03,2.977966e-02,2.291214e-01,2.411872e-02,1.790825e-02,4.260835e-02,4.280832e-02
5.067272e-02,1.931876e-02,2.383307e-02,1.739193e-02,4.799020e-02,1.133249e-01,6.108227e-02,1.846831e-01,1.679824e-02,2.579835e-02,2.711571e-01,2.785368e-02,1.587716e-02,8.128217e-02,4.293636e-02
3.674262e-02,1.570862e-02,1.698069e-02,1.298848e-02,3.415832e-02,1.193292e-01,4.309143e-02,1.297711e-01,1.869283e-02,1.052894e-01,2.467221e-01,2.344870e-02,1.212696e-02,9.186982e-02,9.307976e-02
2.668742e-02,1.231145e-02,1.231677e-02,9.905397e-03,2.473144e-02,1.365109e-01,3.032412e-02,9.108469e-02,1.804593e-02,1.575159e-01,2.127604e-01,2.390005e-02,9.718515e-03,8.814177e-02,1.460452e-01
1.929644e-02,9.828610e-03,8.929553e-03,7.255659e-03,1.788722e-02,1.115444e-01,2.132112e-02,6.391482e-02,1.871706e-02,1.776096e-01,2.265581e-01,2.350095e-02,7.954930e-03,1.546995e-01,1.309820e-01
1.468875e-02,1.394308e-02,8.530555e-03,9.171933e-03,1.347340e-02,8.850831e-02,1.507628e-02,4.491040e-02,3.423646e-02,2.442519e-01,2.323293e-01,2.661913e-02,7.254165e-03,1.271552e-01,1.198512e-01
1.194621e-02,1.273305e-02,9.709915e-03,8.649462e-03,1.016803e-02,7.926354e-02,1.061250e-02,3.168875e-02,2.840545e-02,2.298793e-01,2.419153e-01,3.217674e-02,9.365672e-03,1.407911e-01,1.426949e-01
8.797779e-03,1.060448e-02,9.680838e-03,6.364237e-03,7.564890e-03,6.278534e-02,7.462987e-03,2.229203e-02,3.508277e-02,1.752707e-01,1.942394e-01,2.752719e-02,8.381967e-03,2.379624e-01,1.859829e-01
6.405451e-03,1.034776e-02,8.318445e-03,4.540990e-03,5.452577e-03,4.759447e-02,5.246760e-03,1.563283e-02,3.687377e-02,1.302069e-01,1.457758e-01,2.273414e-02,7.422296e-03,3.192958e-01,2.341520e-01
5.616477e-03,2.370552e-02,1.443767e-02,5.358374e-03,4.603154e-03,4.481450e-02,4.086678e-03,1.161130e-02,5.604284e-02,1.322076e-01,1.137067e-01,2.093362e-02,1.246716e-02,3.002178e-01,2.501905e-01
5.435205e-03,3.505502e-02,1.619718e-02,4.745327e-03,3.818383e-03,4.576013e-02,2.929489e-03,8.415449e-03,6.382261e-02,1.328420e-01,9.781668e-02,2.076350e-02,1.516680e-02,2.638896e-01,2.833425e-01
4.899891e-03,1.137140e-01,1.506178e-02,4.281810e-03,1.017393e-02,3.374071e-02,2.266909e-03,6.100782e-03,9.122443e-02,1.135566e-01,1.115049e-01,2.415827e-02,4.382448e-02,1.892869e-01,2.362047e-01
4.509239e-03,2.315925e-01,1.599902e-02,3.723907e-03,8.083216e-03,2.467030e-02,1.619509e-03,4.939576e-03,9.744272e-02,8.924207e-02,8.272710e-02,1.934722e-02,4.031472e-02,1.397240e-01,2.360648e-01
3.657387e-03,2.890985e-01,3.995772e-02,1.556167e-02,6.726772e-03,1.937169e-02,1.184237e-03,5.982250e-03,1.411800e-01,6.499560e-02,6.379475e-02,1.642124e-02,3.291056e-02,1.047964e-01,1.943612e-01
3.630071e-03,2.942027e-01,8.023272e-02,3.778559e-02,5.807432e-03,1.492545e-02,9.289865e-04,8.915496e-03,1.687257e-01,5.024595e-02,4.753813e-02,1.208874e-02,2.553073e-02,8.401940e-02,1.654230e-01
4.133162e-03,3.159517e-01,8.060264e-02,4.472277e-02,4.905947e-03,1.235960e-02,6.822862e-04,7.225010e-03,1.743251e-01,4.556337e-02,3.597131e-02,8.943003e-03,2.097381e-02,6.777103e-02,1.758693e-01
4.175842e-03,2.655262e-01,7.474080e-02,4.027403e-02,6.097483e-03,1.097028e-02,6.589561e-04,5.609067e-03,2.730879e-01,3.659225e-02,3.857994e-02,8.268575e-03,1.990931e-02,4.937976e-02,1.661296e-01
3.293422e-03,2.114603e-01,6.713600e-02,1.680768e-01,4.986799e-03,1.000434e-02,4.831185e-04,4.461448e-03,2.873316e-01,2.703919e-02,3.588258e-02,6.656768e-03,1.623418e-02,3.515677e-02,1.217967e-01
3.415648e-03,2.024848e-01,5.349153e-02,1.425794e-01,5.289127e-03,1.778674e-02,3.888544e-04,3.578621e-03,3.529480e-01,2.617316e-02,3.729444e-02,5.112973e-03,1.332853e-02,2.536754e-02,1.107607e-01
3.731587e-03,1.535690e-01,3.886500e-02,1.809102e-01,4.579382e-03,1.870461e-02,2.981538e-04,3.676723e-03,3.863755e-01,2.562789e-02,5.051729e-02,4.232248e-03,1.355910e-02,1.913555e-02,9.621771e-02
5.196266e-03,1.233418e-01,2.887030e-02,1.724006e-01,5.140534e-03,2.041100e-02,2.684420e-04,3.358650e-03,4.066082e-01,2.551887e-02,7.330301e-02,4.357376e-03,2.181572e-02,1.643236e-02,9.297686e-02
5.000778e-03,1.003137e-01,2.182041e-02,1.313440e-01,5.138521e-03,1.528918e-02,3.444565e-04,2.637803e-03,3.071682e-01,2.191565e-02,1.738612e-01,6.569477e-03,5.555946e-02,1.396553e-02,1.390717e-01
1.035131e-02,7.460741e-02,1.770600e-02,1.287335e-01,5.332326e-03,1.518309e-02,4.408791e-04,2.609708e-03,2.274780e-01,1.960458e-02,2.035794e-01,1.877422e-02,1.106943e-01,1.269759e-02,1.522077e-01
9.333484e-03,5.488921e-02,1.819407e-02,1.205208e-01,4.866700e-03,1.341095e-02,5.110539e-04,3.350548e-03,1.712555e-01,2.092812e-02,2.166268e-01,2.598189e-02,1.697308e-01,1.095797e-02,1.594422e-01
1.660558e-02,3.997847e-02,1.826388e-02,9.120359e-02,7.737942e-03,1.149439e-02,1.081236e-03,2.781048e-03,1.286048e-01,2.203802e-02,2.235102e-01,4.345988e-02,1.981531e-01,1.140157e-02,1.836863e-01
1.566220e-02,2.949676e-02,1.794610e-02,7.901722e-02,1.664952e-02,9.049229e-03,2.020800e-03,2.673218e-03,9.923478e-02,1.820852e-02,2.175546e-01,5.660321e-02,2.387314e-01,1.096240e-02,1.861900e-01
1.603521e-02,2.173096e-02,1.493239e-02,5.938783e-02,1.887708e-02,8.783666e-03,1.961570e-03,2.774543e-03,7.535031e-02,1.431264e-02,2.167989e-01,8.061071e-02,2.661637e-01,9.435270e-03,1.928453e-01
1.421975e-02,1.558192e-02,1.130894e-02,4.516575e-02,1.443683e-02,7.845925e-03,1.583273e-03,4.041097e-03,5.834829e-02,1.104423e-02,2.236572e-01,1.357452e-01,3.081644e-01,7.287024e-03,1.415702e-01
1.171092e-02,1.131510e-02,8.734113e-03,4.033252e-02,1.115193e-02,1.040786e-02,1.351670e-03,3.770545e-03,4.800397e-02,8.199924e-03,2.094735e-01,2.023872e-01,3.271636e-01,5.483230e-03,1.005140e-01
9.016333e-03,8.196296e-03,6.623060e-03,3.054124e-02,9.687157e-03,1.046399e-02,1.058358e-03,5.623665e-03,4.379660e-02,6.093622e-03,1.949509e-01,2.327858e-01,3.662569e-01,4.146331e-03,7.075971e-02
7.138842e-03,5.964770e-03,5.209596e-03,2.256783e-02,1.649899e-02,9.227511e-03,1.209529e-03,7.250764e-03,5.558754e-02,5.227558e-03,2.097849e-01,2.310471e-01,3.689935e-01,3.303170e-03,5.098838e-02
7.097748e-03,4.500543e-03,5.624996e-03,1.760316e-02,3.058568e-02,8.370263e-03,1.341463e-03,4.206647e-02,6.738684e-02,4.608388e-03,1.732171e-01,1.986645e-01,3.996068e-01,2.931756e-03,3.639424e-02
6.570338e-03,3.792855e-03,9.535085e-03,1.557260e-02,3.181200e-02,7.234387e-03,1.418544e-03,4.695392e-02,7.164425e-02,8.176583e-03,1.428767e-01,1.692254e-01,4.558340e-01,2.995914e-03,2.635755e-02
5.886787e-03,2.838606e-03,9.244909e-03,1.202322e-02,5.042853e-02,5.450884e-03,2.028336e-03,8.765468e-02,6.256013e-02,1.087967e-02,1.264452e-01,1.393726e-01,4.632908e-01,2.644906e-03,1.925073e-02
4.883966e-03,2.172128e-03,1.127890e-02,8.694638e-03,4.852157e-02,4.029778e-03,2.873392e-03,1.922646e-01,5.160912e-02,1.051429e-02,1.112006e-01,1.061320e-01,4.283921e-01,2.839006e-03,1.459389e-02
4.250848e-03,1.607407e-03,1.104914e-02,6.301433e-03,4.563393e-02,2.987898e-03,3.123215e-03,2.963479e-01,4.268312e-02,9.288686e-03,1.002154e-01,8.103239e-02,3.810854e-01,2.881703e-03,1.151149e-02
3.488149e-03,1.185259e-03,1.046895e-02,4.507705e-03,3.960579e-02,2.194302e-03,2.611771e-03,4.627841e-01,3.345646e-02,6.963844e-03,7.834186e-02,6.048265e-02,2.832947e-01,2.184254e-03,8.430168e-03
3.481852e-03,9.879752e-04,1.048519e-02,3.337082e-03,2.951163e-02,1.601153e-03,2.033600e-03,6.034789e-01,2.674409e-02,5.073114e-03,5.855563e-02,4.408355e-02,2.028474e-01,1.676397e-03,6.102411e-03
9.987617e-03,1.330393e-03,2.372891e-02,3.524096e-03,3.241723e-02,1.769309e-03,2.836337e-03,6.531125e-01,3.423528e-02,3.896925e-03,4.737895e-02,3.332793e-02,1.462619e-01,1.505629e-03,4.686989e-03
1.011223e-02,1.106875e-03,3.332476e-02,6.370032e-03,3.079142e-02,1.437701e-03,2.650536e-03,7.166163e-01,2.972220e-02,2.936919e-03,3.395171e-02,2.351389e-02,1.029379e-01,1.102503e-03,3.425024e-03
2.055951e-02,1.342664e-03,3.387133e-02,2.454699e-02,5.640576e-02,2.177385e-03,4.842849e-03,6.891733e-01,3.918050e-02,2.696350e-03,2.527452e-02,1.787696e-02,7.778895e-02,1.060805e-03,3.202127e-03
6.640386e-02,3.356983e-03,2.848718e-02,3.401621e-02,9.793426e-02,3.570846e-03,6.784288e-03,5.877321e-01,5.136177e-02,4.169562e-03,1.954155e-02,1.429407e-02,7.393777e-02,2.351398e-03,6.058143e-03
1.354518e-01,5.299147e-03,3.142299e-02,6.881246e-02,1.088223e-01,3.885501e-03,8.974452e-03,4.667696e-01,5.456187e-02,7.747312e-03,1.693812e-02,1.117897e-02,6.576018e-02,3.773260e-03,1.060199e-02
1.798777e-01,6.369197e-03,3.649388e-02,6.297834e-02,1.482817e-01,4.801839e-03,9.913939e-03,3.440952e-01,5.693172e-02,9.259894e-03,1.419641e-02,1.069537e-02,6.858712e-02,7.570988e-03,3.994669e-02
1.779162e-01,6.934387e-03,3.031277e-02,1.188267e-01,1.657622e-01,4.519672e-03,1.182630e-02,3.032884e-01,6.382222e-02,8.739609e-03,1.159549e-02,8.515173e-03,5.192069e-02,5.559294e-03,3.046075e-02
1.839568e-01,7.268945e-03,2.543962e-02,1.506517e-01,1.916304e-01,4.608385e-03,1.151131e-02,2.631801e-01,6.519620e-02,7.366591e-03,1.112321e-02,7.434729e-03,4.105644e-02,4.104715e-03,2.547074e-02
3.280699e-01,7.598068e-03,2.169392e-02,1.308020e-01,1.515413e-01,5.076407e-03,9.537660e-03,1.966287e-01,6.681038e-02,5.634821e-03,1.227901e-02,1.046101e-02,3.226030e-02,3.082227e-03,1.852425e-02
4.984836e-01,6.158486e-03,1.766210e-02,9.714305e-02,1.082786e-01,7.865706e-03,9.161219e-03,1.407919e-01,5.002324e-02,4.243395e-03,1.114940e-02,9.414857e-03,2.363427e-02,2.461626e-03,1.352854e-02
1.000000e+00,0.000000e+00,0.000000e+00,0.000000e+00,0.000000e+00,0.000000e+00,0.000000e+00,0.000000e+00,0.000000e+00,0.000000e+00,0.000000e+00,0.000000e+00,0.000000e+00,0.000000e+00,0.000000e+00
1.000000e+00,0.000000e+00,0.000000e+00,0.000000e+00,0.000000e+00,0.000000e+00,0.000000e+00,0.000000e+00,0.000000e+00,0.000000e+00,0.000000e+00,0.000000e+00,0.000000e+00,0.000000e+00,0.000000e+00
1.000000e+00,0.000000e+00,0.000000e+00,0.000000e+00,0.000000e+00,0.000000e+00,0.000000e+00,0.000000e+00,0.000000e+00,0.000000e+00,0.000000e+00,0.000000e+00,0.000000e+00,0.000000e+00,0.000000e+00
1.000000e+00,0.000000e+00,0.000000e+00,0.000000e+00,0.000000e+00,0.000000e+00,0.000000e+00,0.000000e+00,0.000000e+00,0.000000e+00,0.000000e+00,0.000000e+00,0.000000e+00,0.000000e+00,0.000000e+00
1.000000e+00,0.000000e+00,0.000000e+00,0.000000e+00,0.000000e+00,0.000000e+00,0.000000e+00,0.000000e+00,0.000000e+00,0.000000e+00,0.000000e+00,0.000000e+00,0.000000e+00,0.000000e+00,0.000000e+00
1.000000e+00,0.000000e+00,0.000000e+00,0.000000e+00,0.000000e+00,0.000000e+00,0.000000e+00,0.000000e+00,0.000000e+00,0.000000e+00,0.000000e+00,0.000000e+00,0.000000e+00,0.000000e+00,0.000000e+00
1.000000e+00,0.000000e+00,0.000000e+00,0.000000e+00,0.000000e+00,0.000000e+00,0.000000e+00,0.000000e+00,0.000000e+00,0.000000e+00,0.000000e+00,0.000000e+00,0.000000e+00,0.000000e+00,0.000000e+00
1.000000e+00,0.000000e+00,0.000000e+00,0.000000e+00,0.000000e+00,0.000000e+00,0.000000e+00,0.000000e+00,0.000000e+00,0.000000e+00,0.000000e+00,0.000000e+00,0.000000e+00,0.000000e+00,0.000000e+00
1.000000e+00,0.000000e+00,0.000000e+00,0.000000e+00,0.000000e+00,0.000000e+00,0.000000e+00,0.000000e+00,0.000000e+00,0.000000e+00,0.000000e+00,0.000000e+00,0.000000e+00,0.000000e+00,0.000000e+00
1.000000e+00,0.000000e+00,0.000000e+00,0.000000e+00,0.000000e+00,0.000000e+00,0.000000e+00,0.000000e+00,0.000000e+00,0.000000e+00,0.000000e+00,0.000000e+00,0.000000e+00,0.000000e+00,0.000000e+00
3.763710e-01,1.103790e-02,8.797396e-03,8.490786e-02,7.858327e-03,3.155031e-02,8.810551e-03,4.494055e-02,4.905658e-02,8.151495e-03,1.575910e-02,4.262288e-02,2.002234e-01,4.860837e-03,1.050517e-01
2.890640e-01,9.311486e-03,9.069550e-03,7.061393e-02,9.255860e-03,3.667258e-02,9.810789e-03,3.505832e-02,5.205442e-02,9.906986e-03,2.265385e-02,3.874970e-02,3.054084e-01,7.917456e-03,9.445256e-02
3.009064e-01,9.326486e-03,1.112284e-02,5.797744e-02,9.542095e-03,3.249554e-02,1.027857e-02,3.082410e-02,5.194509e-02,8.659183e-03,2.858770e-02,3.432018e-02,3.320687e-01,6.733850e-03,7.521176e-02
2.880909e-01,1.322897e-02,1.665501e-02,9.203462e-02,1.010956e-02,2.757564e-02,8.066956e-03,2.341471e-02,6.576374e-02,1.143981e-02,2.477042e-02,2.985496e-02,2.524771e-01,1.294837e-02,1.235691e-01
3.531028e-01,1.139195e-02,1.860850e-02,7.479568e-02,1.072176e-02,2.258844e-02,7.359129e-03,2.058093e-02,5.946404e-02,1.126683e-02,2.591794e-02,2.914041e-02,2.099748e-01,2.819694e-02,1.168898e-01
4.087275e-01,1.041563e-02,1.543144e-02,5.474238e-02,1.151725e-02,1.770780e-02,6.078547e-03,1.696668e-02,4.809217e-02,8.931055e-03,2.283119e-02,2.722175e-02,1.998121e-01,2.943753e-02,1.220869e-01
4.125200e-01,8.957052e-03,1.500722e-02,4.078680e-02,1.500080e-02,1.434660e-02,5.684068e-03,3.008276e-02,4.434501e-02,8.999389e-03,2.045548e-02,2.160846e-02,1.653752e-01,2.673280e-02,1.700983e-01
3.110769e-01,7.981829e-03,1.342671e-02,3.028666e-02,2.344691e-02,1.124815e-02,5.540052e-03,4.606209e-02,4.834609e-02,7.919605e-03,1.963809e-02,1.670398e-02,1.375157e-01,2.644606e-02,2.943612e-01
2.209459e-01,8.175280e-03,1.257664e-02,2.550609e-02,1.967568e-02,9.206302e-03,4.020771e-03,3.653257e-02,8.704908e-02,7.238342e-03,1.806405e-02,1.269736e-02,1.096193e-01,2.154656e-02,4.071461e-01
1.571186e-01,9.635217e-03,3.255392e-02,2.737864e-02,1.573423e-02,7.662543e-03,2.974528e-03,2.866863e-02,1.606624e-01,8.499665e-03,1.616516e-02,9.536699e-03,8.148243e-02,1.693650e-02,4.249909e-01
1.147155e-01,8.593143e-03,2.551042e-02,2.056985e-02,1.219526e-02,5.904438e-03,2.210249e-03,2.202444e-02,1.305887e-01,1.031906e-02,1.264366e-02,6.823116e-03,5.841234e-02,1.332513e-02,5.561647e-01
8.981023e-02,9.560978e-03,1.914417e-02,1.502710e-02,1.198957e-02,1.166303e-02,1.786365e-03,1.618994e-02,9.341658e-02,7.720936e-03,9.363612e-03,4.830557e-03,4.158626e-02,1.006521e-02,6.578454e-01
8.633916e-02,2.870137e-02,2.279140e-02,1.614900e-02,1.404441e-02,3.516462e-02,1.960993e-03,1.300773e-02,7.506860e-02,1.489518e-02,7.502402e-03,3.521035e-03,3.068647e-02,7.532711e-03,6.426349e-01
1.339852e-01,5.770274e-02,2.507609e-02,1.328477e-02,2.150001e-02,3.609148e-02,2.028262e-03,1.391082e-02,5.880746e-02,1.607020e-02,5.807573e-03,2.798258e-03,2.275093e-02,6.052650e-03,5.841336e-01
1.379285e-01,5.147780e-02,2.118543e-02,1.075225e-02,2.630904e-02,3.874724e-02,2.276320e-03,1.156266e-02,4.513567e-02,1.414930e-02,4.355508e-03,2.426913e-03,1.697355e-02,6.358868e-03,6.103610e-01
1.362855e-01,5.078369e-02,1.829882e-02,8.846646e-03,3.806923e-02,5.563124e-02,2.690654e-03,9.578053e-03,3.455820e-02,1.186044e-02,3.376818e-03,2.002022e-03,1.278520e-02,6.950581e-03,6.082829e-01
1.669215e-01,5.108297e-02,1.710048e-02,8.550575e-03,3.387158e-02,5.074394e-02,2.442786e-03,7.611230e-03,3.010832e-02,9.528494e-03,3.067261e-03,2.258862e-03,1.018794e-02,7.709491e-03,5.988145e-01
1.522385e-01,9.451374e-02,2.949231e-02,3.023283e-02,3.467596e-02,4.291190e-02,2.274151e-03,6.791637e-03,3.025660e-02,1.116850e-02,4.372054e-03,6.197620e-03,1.049320e-02,8.634822e-03,5.357462e-01
1.334043e-01,1.014385e-01,9.067474e-02,1.064756e-01,3.667899e-02,3.522142e-02,3.801071e-03,5.846611e-03,2.381780e-02,1.272106e-02,4.343003e-03,6.886549e-03,8.454788e-03,7.365624e-03,4.228698e-01
1.770888e-01,8.919745e-02,1.480736e-01,8.928888e-02,4.498757e-02,2.920203e-02,3.674950e-03,6.545023e-03,2.631004e-02,1.473140e-02,5.305567e-03,6.341745e-03,7.588753e-03,8.051693e-03,3.436125e-01
2.272617e-01,8.518710e-02,1.691774e-01,7.727296e-02,4.300187e-02,2.505550e-02,3.523391e-03,6.884162e-03,3.191644e-02,1.497765e-02,5.976392e-03,6.212709e-03,6.801728e-03,8.651925e-03,2.880991e-01
2.267493e-01,1.166231e-01,1.760567e-01,1.163576e-01,3.437405e-02,1.967338e-02,3.114580e-03,5.321882e-03,3.480789e-02,1.727091e-02,6.305121e-03,6.520524e-03,5.809247e-03,7.454893e-03,2.235608e-01
2.039451e-01,1.585266e-01,1.435858e-01,1.069757e-01,2.766790e-02,2.012818e-02,2.479160e-03,4.329939e-03,7.241620e-02,1.598774e-02,3.085022e-02,7.021019e-03,7.452617e-03,2.588614e-02,1.727476e-01
2.170266e-01,1.322035e-01,1.097109e-01,8.318185e-02,2.038418e-02,2.830685e-02,1.918718e-03,5.031896e-03,9.208398e-02,1.266290e-02,9.105882e-02,7.788987e-03,1.636178e-02,5.309710e-02,1.291819e-01
1.530954e-01,9.589561e-02,7.834053e-02,5.929785e-02,1.441594e-02,2.069255e-02,1.394355e-03,3.656493e-03,9.095856e-02,9.675545e-03,3.127994e-01,6.412468e-03,1.394068e-02,4.776132e-02,9.166326e-02
1.098683e-01,6.920636e-02,5.507642e-02,4.180312e-02,1.019469e-02,1.539362e-02,9.999021e-04,2.735757e-03,7.451700e-02,7.546551e-03,4.828647e-01,5.759300e-03,1.180460e-02,4.698888e-02,6.524077e-02
7.773621e-02,4.851918e-02,3.858576e-02,2.929725e-02,7.162346e-03,1.106897e-02,7.444498e-04,1.941422e-03,5.247562e-02,6.161245e-03,6.318592e-01,4.676390e-03,8.471514e-03,3.555772e-02,4.574277e-02
5.537985e-02,3.404703e-02,2.702613e-02,2.054632e-02,5.043441e-03,7.977679e-03,5.413437e-04,1.379001e-03,3.700851e-02,4.742813e-03,7.368265e-01,4.201518e-03,6.083115e-03,2.708391e-02,3.211290e-02
3.942914e-02,2.401992e-02,1.894145e-02,1.442853e-02,3.662579e-03,5.979105e-03,4.234921e-04,1.026168e-03,2.747009e-02,4.317737e-03,8.045350e-01,4.698666e-03,4.411356e-03,2.401802e-02,2.263882e-02
2.766165e-02,1.769798e-02,1.332049e-02,1.013931e-02,2.657420e-03,5.060344e-03,3.183222e-04,7.428122e-04,2.389817e-02,7.746519e-03,8.412726e-01,5.858239e-03,3.282489e-03,2.422149e-02,1.612218e-02
1.952484e-02,2.088087e-02,1.055656e-02,7.193664e-03,2.101120e-03,5.278789e-03,2.719740e-04,6.099568e-04,2.751656e-02,1.616600e-02,8.336609e-01,8.797538e-03,2.953076e-03,3.264585e-02,1.184232e-02
1.381723e-02,3.258157e-02,9.636929e-03,5.163864e-03,1.737761e-03,5.400254e-03,2.216881e-04,5.779590e-04,2.904890e-02,2.686456e-02,7.808298e-01,1.086964e-02,2.502403e-03,7.105147e-02,9.695919e-03
9.817110e-03,3.362750e-02,1.229061e-02,3.849386e-03,1.494777e-03,1.618703e-02,1.921105e-04,6.852504e-04,3.223689e-02,3.025737e-02,6.451852e-01,1.369524e-02,2.482534e-03,1.887421e-01,9.256939e-03
7.072986e-03,3.067698e-02,1.261003e-02,2.946618e-03,1.126803e-03,3.405479e-02,2.400776e-04,6.876911e-04,3.624618e-02,3.259971e-02,5.799608e-01,2.011184e-02,2.719362e-03,2.298902e-01,9.056019e-03
5.094748e-03,3.359034e-02,1.311424e-02,2.492055e-03,1.553776e-03,1.106121e-01,3.926520e-04,2.967701e-03,1.919546e-01,2.394322e-02,4.144864e-01,1.475577e-02,3.186055e-03,1.753041e-01,6.552240e-03
3.629017e-03,6.760675e-02,9.381822e-03,1.800820e-03,1.322468e-03,1.004491e-01,2.793913e-04,2.328730e-03,3.609270e-01,1.686751e-02,2.919604e-01,1.045882e-02,2.418359e-03,1.258995e-01,4.670344e-03
2.573998e-03,7.938851e-02,6.655564e-03,2.927779e-03,3.470175e-03,8.326705e-02,2.033518e-04,1.827935e-03,4.997015e-01,1.212880e-02,2.057942e-01,7.440787e-03,1.842384e-03,8.839139e-02,4.386580e-03
1.845922e-03,7.333982e-02,4.847534e-03,6.263270e-03,6.374227e-03,7.364262e-02,1.520479e-04,1.662055e-03,6.045656e-01,9.322065e-03,1.450446e-01,5.280971e-03,1.446667e-03,6.192932e-02,4.283242e-03
2.097642e-03,6.627113e-02,3.758267e-03,2.870242e-02,2.173804e-02,5.631225e-02,1.644484e-04,2.920486e-03,6.476178e-01,1.024218e-02,1.020752e-01,3.800282e-03,1.238936e-03,4.342844e-02,9.632383e-03
2.655270e-03,7.615513e-02,2.897339e-03,3.127227e-02,2.938166e-02,4.636138e-02,2.368639e-04,2.556226e-03,6.769642e-01,9.646875e-03,7.207353e-02,2.928103e-03,2.327558e-03,3.058367e-02,1.395997e-02
3.492718e-03,9.609252e-02,2.376002e-03,3.346470e-02,3.275543e-02,3.782895e-02,2.620344e-04,2.186305e-03,6.832842e-01,9.888017e-03,5.081753e-02,2.219309e-03,2.432411e-03,2.157614e-02,2.132374e-02
4.527527e-03,9.958027e-02,1.865546e-03,2.966906e-02,3.693358e-02,3.371733e-02,3.350755e-04,2.005283e-03,7.034260e-01,8.907718e-03,3.569180e-02,1.606213e-03,5.950925e-03,1.516845e-02,2.061518e-02
1.221741e-02,8.586024e-02,2.187699e-03,3.271886e-02,7.604083e-02,3.532632e-02,2.654542e-03,1.486949e-02,6.696159e-01,7.357020e-03,2.510965e-02,1.170547e-03,6.979296e-03,1.066917e-02,1.722303e-02
2.783380e-02,7.939377e-02,3.254157e-03,3.959992e-02,1.642196e-01,3.395383e-02,7.155598e-03,1.633897e-02,5.782242e-01,5.666584e-03,1.765135e-02,8.409503e-04,5.366271e-03,7.475688e-03,1.302523e-02
3.016837e-02,8.315892e-02,1.196093e-02,1.643409e-01,1.307205e-01,2.485747e-02,5.202938e-03,1.610345e-02,4.703359e-01,7.287458e-03,1.414413e-02,7.269398e-04,4.125433e-03,5.295754e-03,3.157092e-02
2.140679e-02,1.921577e-01,3.073496e-02,1.263547e-01,9.194892e-02,1.771101e-02,3.653112e-03,1.133347e-02,4.422281e-01,5.693869e-03,1.717080e-02,6.050003e-04,3.469599e-03,4.036768e-03,3.149512e-02
1.549091e-02,1.611045e-01,2.476246e-02,8.948157e-02,6.515094e-02,1.360510e-02,2.592427e-03,7.972168e-03,3.865241e-01,4.459584e-03,6.385902e-02,1.073726e-03,1.686892e-02,1.093111e-01,3.774334e-02
1.108668e-02,1.166307e-01,1.818609e-02,6.306899e-02,4.674543e-02,1.002857e-02,1.842477e-03,5.594122e-03,3.037137e-01,3.336523e-03,9.076267e-02,1.257288e-03,2.058121e-02,2.629714e-01,4.419408e-02
7.878105e-03,8.279049e-02,1.318439e-02,4.421651e-02,3.284151e-02,1.542757e-02,1.301947e-03,4.002752e-03,2.274202e-01,2.531702e-03,1.124758e-01,1.193035e-03,1.699372e-02,3.986120e-01,3.913027e-02
5.633636e-03,6.103743e-02,9.324013e-03,3.102406e-02,2.301064e-02,1.175603e-02,9.193211e-04,2.814928e-03,1.700851e-01,2.289940e-03,1.304180e-01,1.398204e-03,1.219681e-02,5.086117e-01,2.948019e-02
4.103328e-03,5.589737e-02,7.075679e-03,2.191144e-02,1.616975e-02,1.000294e-02,6.614058e-04,2.007717e-03,1.490698e-01,2.142024e-03,1.289510e-01,1.503744e-03,8.806537e-03,5.685201e-01,2.317717e-02
3.021669e-03,4.351680e-02,5.419238e-03,1.556090e-02,1.143386e-02,9.365179e-03,4.890173e-04,1.445597e-03,1.264680e-01,3.002362e-03,1.394747e-01,1.656170e-03,6.492772e-03,6.153399e-01,1.731383e-02
2.250483e-03,3.413185e-02,4.354271e-03,1.106014e-02,8.205432e-03,8.497875e-03,3.657434e-04,1.038542e-03,9.946918e-02,4.008538e-03,1.672709e-01,1.638833e-03,5.134091e-03,6.394208e-01,1.315333e-02
1.789591e-03,2.804379e-02,5.438920e-03,8.770650e-03,8.018497e-03,2.546477e-02,5.104358e-04,8.970323e-04,1.143649e-01,9.137630e-03,2.009066e-01,1.831987e-03,5.224112e-03,5.778793e-01,1.172176e-02
1.599190e-03,2.145888e-02,7.498487e-03,6.949619e-03,7.219204e-03,7.380012e-02,6.197133e-04,9.726833e-04,1.050440e-01,3.028763e-02,1.931207e-01,1.707632e-03,9.168152e-03,5.274543e-01,1.309978e-02
1.556203e-03,1.547166e-02,7.577809e-03,8.261662e-03,9.675188e-03,8.010431e-02,7.707570e-04,3.883812e-03,1.033377e-01,6.932456e-02,1.786681e-01,1.825249e-03,1.178964e-02,4.974626e-01,1.029070e-02
1.451934e-03,1.117839e-02,8.180083e-03,7.314561e-03,8.521514e-03,6.511794e-02,8.943934e-04,3.379031e-03,1.087066e-01,8.827035e-02,1.705395e-01,2.554503e-03,2.286118e-02,4.896761e-01,1.135393e-02
1.284370e-03,8.029395e-03,8.571267e-03,7.300525e-03,1.463313e-02,5.363923e-02,1.385084e-03,4.177107e-03,1.001075e-01,1.191705e-01,1.808701e-01,3.856922e-03,3.584146e-02,4.512688e-01,9.864630e-03
1.080204e-03,5.713225e-03,6.419666e-03,6.191399e-03,2.009491e-02,4.090559e-02,2.679113e-03,1.168604e-02,7.523681e-02,1.139341e-01,1.738092e-01,4.729690e-03,3.834796e-02,4.901106e-01,9.061486e-03
9.570478e-04,4.104174e-03,5.648550e-03,5.344938e-03,2.826476e-02,2.988610e-02,1.086241e-02,2.824302e-02,5.872337e-02,1.031585e-01,1.931963e-01,7.106983e-03,4.121456e-02,4.715302e-01,1.175907e-02
1.224062e-03,3.052055e-03,6.432945e-03,5.429147e-03,4.673548e-02,2.204624e-02,9.833039e-03,1.173603e-01,5.641154e-02,8.229334e-02,2.193534e-01,1.204941e-02,5.852148e-02,3.486583e-01,1.059928e-02
1.337160e-03,2.212800e-03,9.545320e-03,5.366724e-03,4.107609e-02,1.578386e-02,7.680784e-03,3.334461e-01,4.322146e-02,5.969677e-02,1.693450e-01,1.015871e-02,4.823489e-02,2.452217e-01,7.672706e-03
2.257290e-03,2.183404e-03,8.241906e-03,4.534768e-03,6.903995e-02,1.472704e-02,2.387661e-02,2.484290e-01,2.275690e-01,4.653110e-02,1.263516e-01,9.068832e-03,3.872359e-02,1.721292e-01,6.336646e-03
5.145957e-03,3.096514e-03,7.382852e-03,4.756632e-03,1.292811e-01,1.469920e-02,3.464491e-02,1.817119e-01,3.374669e-01,3.321501e-02,8.912136e-02,6.460661e-03,2.758386e-02,1.205172e-01,4.915936e-03
8.399775e-03,4.543318e-03,6.652454e-03,8.294782e-03,1.838596e-01,1.348314e-02,4.046204e-02,1.450630e-01,3.907367e-01,2.357444e-02,6.252982e-02,4.575556e-03,1.962892e-02,8.438327e-02,3.813176e-03
1.290929e-02,5.819893e-03,5.805875e-03,1.253441e-02,1.884074e-01,1.306956e-02,4.155460e-02,1.258399e-01,4.534184e-01,1.689262e-02,4.386638e-02,3.269707e-03,1.422330e-02,5.909229e-02,3.296425e-03
1.716015e-02,7.994030e-03,5.570334e-03,2.132984e-02,1.556744e-01,1.069383e-02,3.345291e-02,2.123942e-01,4.343733e-01,1.234095e-02,3.096735e-02,2.404334e-03,1.137566e-02,4.139308e-02,2.875644e-03
1.658173e-02,6.081553e-03,4.291644e-03,1.741403e-02,1.235992e-01,8.073478e-03,2.496345e-02,3.690434e-01,3.585288e-01,8.692980e-03,2.178165e-02,1.731964e-03,8.171728e-03,2.898443e-02,2.059936e-03
1.799385e-02,5.765821e-03,3.798015e-03,1.287760e-02,1.024260e-01,6.392057e-03,1.954275e-02,4.927859e-01,2.879769e-01,6.141086e-03,1.531540e-02,1.292768e-03,5.823666e-03,2.030778e-02,1.560279e-03
3.123415e-02,1.641017e-02,4.884561e-03,1.303822e-02,9.158125e-02,5.973062e-03,1.612959e-02,4.976997e-01,2.830290e-01,5.223879e-03,1.096142e-02,1.369836e-03,4.932173e-03,1.427868e-02,3.254198e-03
3.832898e-02,2.271350e-02,8.938292e-03,1.330594e-02,8.333533e-02,5.109529e-03,1.406214e-02,5.032189e-01,2.775605e-01,4.984652e-03,8.001955e-03,1.374962e-03,4.519766e-03,1.003538e-02,4.510154e-03
3.796105e-02,2.161056e-02,1.737219e-02,1.564443e-02,6.644412e-02,4.931708e-03,1.146215e-02,5.866280e-01,2.099005e-01,4.619664e-03,5.916757e-03,1.250057e-03,3.736419e-03,7.067450e-03,5.454957e-03
4.113947e-02,1.759324e-02,1.547747e-02,1.285872e-02,5.296328e-02,4.090431e-03,9.009849e-03,6.643862e-01,1.609522e-01,3.530222e-03,4.492789e-03,1.112113e-03,2.826069e-03,4.980848e-03,4.586991e-03
5.445658e-02,1.341844e-02,1.559445e-02,9.914955e-03,4.112099e-02,3.498712e-03,7.355070e-03,7.165152e-01,1.213279e-01,2.785938e-03,3.406551e-03,9.374370e-04,2.131401e-03,3.544634e-03,3.991729e-03
7.274014e-02,1.053142e-02,1.888688e-02,7.761556e-03,3.109520e-02,4.118266e-03,1.070575e-02,7.362404e-01,9.344644e-02,2.489662e-03,2.680731e-03,9.216735e-04,2.016864e-03,2.589300e-03,3.775707e-03
1.311513e-01,8.874988e-03,2.569319e-02,6.792692e-03,2.444121e-02,5.187661e-03,1.075810e-02,6.971123e-01,7.467001e-02,2.682903e-03,2.423984e-03,1.294688e-03,1.914119e-03,2.057822e-03,4.944982e-03
2.500151e-01,7.920541e-03,2.484084e-02,6.265152e-03,2.037596e-02,5.467652e-03,1.017969e-02,5.986022e-01,5.963213e-02,2.936427e-03,2.438777e-03,2.191427e-03,1.746110e-03,1.835117e-03,5.552785e-03
3.754230e-01,7.909290e-03,2.093909e-02,5.340976e-03,1.696864e-02,6.552253e-03,9.501684e-03,4.884397e-01,4.829057e-02,2.964907e-03,2.689803e-03,3.848831e-03,1.861094e-03,1.823417e-03,7.446682e-03
4.200832e-01,7.113071e-03,1.747476e-02,5.170100e-03,1.396938e-02,7.517206e-03,1.128130e-02,4.559690e-01,3.747538e-02,3.209119e-03,2.613293e-03,5.546417e-03,2.009186e-03,1.703050e-03,8.865457e-03
4.815163e-01,5.656941e-03,1.446953e-02,4.471865e-03,1.046739e-02,9.968238e-03,1.142294e-02,4.074360e-01,2.712946e-02,3.197361e-03,2.541410e-03,7.715126e-03,2.540162e-03,1.709539e-03,9.757755e-03
1.000000e+00,0.000000e+00,0.000000e+00,0.000000e+00,0.000000e+00,0.000000e+00,0.000000e+00,0.000000e+00,0.000000e+00,0.000000e+00,0.000000e+00,0.000000e+00,0.000000e+00,0.000000e+00,0.000000e+00
1.000000e+00,0.000000e+00,0.000000e+00,0.000000e+00,0.000000e+00,0.000000e+00,0.000000e+00,0.000000e+00,0.000000e+00,0.000000e+00,0.000000e+00,0.000000e+00,0.000000e+00,0.000000e+00,0.000000e+00
1.000000e+00,0.000000e+00,0.000000e+00,0.000000e+00,0.000000e+00,0.000000e+00,0.000000e+00,0.000000e+00,0.000000e+00,0.000000e+00,0.000000e+00,0.000000e+00,0.000000e+00,0.000000e+00,0.000000e+00
