1.000000e+00,0.000000e+00,0.000000e+00,0.000000e+00,0.000000e+00,0.000000e+00,0.000000e+00,0.000000e+00,0.000000e+00,0.000000e+00,0.000000e+00,0.000000e+00,0.000000e+00,0.000000e+00,0.000000e+00
1.000000e+00,0.000000e+00,0.000000e+00,0.000000e+00,0.000000e+00,0.000000e+00,0.000000e+00,0.000000e+00,0.000000e+00,0.000000e+00,0.000000e+00,0.000000e+00,0.000000e+00,0.000000e+00,0.000000e+00
1.000000e+00,0.000000e+00,0.000000e+00,0.000000e+00,0.000000e+00,0.000000e+00,0.000000e+00,0.000000e+00,0.000000e+00,0.000000e+00,0.000000e+00,0.000000e+00,0.000000e+00,0.000000e+00,0.000000e+00
1.000000e+00,0.000000e+00,0.000000e+00,0.000000e+00,0.000000e+00,0.000000e+00,0.000000e+00,0.000000e+00,0.000000e+00,0.000000e+00,0.000000e+00,0.000000e+00,0.000000e+00,0.000000e+00,0.000000e+00
1.000000e+00,0.000000e+00,0.000000e+00,0.000000e+00,0.000000e+00,0.000000e+00,0.000000e+00,0.000000e+00,0.000000e+00,0.000000e+00,0.000000e+00,0.000000e+00,0.000000e+00,0.000000e+00,0.000000e+00
1.000000e+00,0.000000e+00,0.000000e+00,0.000000e+00,0.000000e+00,0.000000e+00,0.000000e+00,0.000000e+00,0.000000e+00,0.000000e+00,0.000000e+00,0.000000e+00,0.000000e+00,0.000000e+00,0.000000e+00
1.000000e+00,0.000000e+00,0.000000e+00,0.000000e+00,0.000000e+00,0.000000e+00,0.000000e+00,0.000000e+00,0.000000e+00,0.000000e+00,0.000000e+00,0.000000e+00,0.000000e+00,0.000000e+00,0.000000e+00
1.000000e+00,0.000000e+00,0.000000e+00,0.000000e+00,0.000000e+00,0.000000e+00,0.000000e+00,0.000000e+00,0.000000e+00,0.000000e+00,0.000000e+00,0.000000e+00,0.000000e+00,0.000000e+00,0.000000e+00
1.000000e+00,0.000000e+00,0.000000e+00,0.000000e+00,0.000000e+00,0.000000e+00,0.000000e+00,0.000000e+00,0.000000e+00,0.000000e+00,0.000000e+00,0.000000e+00,0.000000e+00,0.000000e+00,0.000000e+00
1.000000e+00,0.000000e+00,0.000000e+00,0.000000e+00,0.000000e+00,0.000000e+00,0.000000e+00,0.000000e+00,0.000000e+00,0.000000e+00,0.000000e+00,0.000000e+00,0.000000e+00,0.000000e+00,0.000000e+00
1.000000e+00,0.000000e+00,0.000000e+00,0.000000e+00,0.000000e+00,0.000000e+00,0.000000e+00,0.000000e+00,0.000000e+00,0.000000e+00,0.000000e+00,0.000000e+00,0.000000e+00,0.000000e+00,0.000000e+00
1.000000e+00,0.000000e+00,0.000000e+00,0.000000e+00,0.000000e+00,0.000000e+00,0.000000e+00,0.000000e+00,0.000000e+00,0.000000e+00,0.000000e+00,0.000000e+00,0.000000e+00,0.000000e+00,0.000000e+00
1.000000e+00,0.000000e+00,0.000000e+00,0.000000e+00,0.000000e+00,0.000000e+00,0.000000e+00,0.000000e+00,0.000000e+00,0.000000e+00,0.000000e+00,0.000000e+00,0.000000e+00,0.000000e+00,0.000000e+00
1.000000e+00,0.000000e+00,0.000000e+00,0.000000e+00,0.000000e+00,0.000000e+00,0.000000e+00,0.000000e+00,0.000000e+00,0.000000e+00,0.000000e+00,0.000000e+00,0.000000e+00,0.000000e+00,0.000000e+00
1.000000e+00,0.000000e+00,0.000000e+00,0.000000e+00,0.000000e+00,0.000000e+00,0.000000e+00,0.000000e+00,0.000000e+00,0.000000e+00,0.000000e+00,0.000000e+00,0.000000e+00,0.000000e+00,0.000000e+00
1.000000e+00,0.000000e+00,0.000000e+00,0.000000e+00,0.000000e+00,0.000000e+00,0.000000e+00,0.000000e+00,0.000000e+00,0.000000e+00,0.000000e+00,0.000000e+00,0.000000e+00,0.000000e+00,0.000000e+00
1.000000e+00,0.000000e+00,0.000000e+00,0.000000e+00,0.000000e+00,0.000000e+00,0.000000e+00,0.000000e+00,0.000000e+00,0.000000e+00,0.000000e+00,0.000000e+00,0.000000e+00,0.000000e+00,0.000000e+00
1.000000e+00,0.000000e+00,0.000000e+00,0.000000e+00,0.000000e+00,0.000000e+00,0.000000e+00,0.000000e+00,0.000000e+00,0.000000e+00,0.000000e+00,0.000000e+00,0.000000e+00,0.000000e+00,0.000000e+00
1.000000e+00,0.000000e+00,0.000000e+00,0.000000e+00,0.000000e+00,0.000000e+00,0.000000e+00,0.000000e+00,0.000000e+00,0.000000e+00,0.000000e+00,0.000000e+00,0.000000e+00,0.000000e+00,0.000000e+00
1.000000e+00,0.000000e+00,0.000000e+00,0.000000e+00,0.000000e+00,0.000000e+00,0.000000e+00,0.000000e+00,0.000000e+00,0.000000e+00,0.000000e+00,0.000000e+00,0.000000e+00,0.000000e+00,0.000000e+00
1.000000e+00,0.000000e+00,0.000000e+00,0.000000e+00,0.000000e+00,0.000000e+00,0.000000e+00,0.000000e+00,0.000000e+00,0.000000e+00,0.000000e+00,0.000000e+00,0.000000e+00,0.000000e+00,0.000000e+00
1.000000e+00,0.000000e+00,0.000000e+00,0.000000e+00,0.000000e+00,0.000000e+00,0.000000e+00,0.000000e+00,0.000000e+00,0.000000e+00,0.000000e+00,0.000000e+00,0.000000e+00,0.000000e+00,0.000000e+00
1.000000e+00,0.000000e+00,0.000000e+00,0.000000e+00,0.000000e+00,0.000000e+00,0.000000e+00,0.000000e+00,0.000000e+00,0.000000e+00,0.000000e+00,0.000000e+00,0.000000e+00,0.000000e+00,0.000000e+00
1.000000e+00,0.000000e+00,0.000000e+00,0.000000e+00,0.000000e+00,0.000000e+00,0.000000e+00,0.000000e+00,0.000000e+00,0.000000e+00,0.000000e+00,0.000000e+00,0.000000e+00,0.000000e+00,0.000000e+00
1.000000e+00,0.000000e+00,0.000000e+00,0.000000e+00,0.000000e+00,0.000000e+00,0.000000e+00,0.000000e+00,0.000000e+00,0.000000e+00,0.000000e+00,0.000000e+00,0.000000e+00,0.000000e+00,0.000000e+00
1.000000e+00,0.000000e+00,0.000000e+00,0.000000e+00,0.000000e+00,0.000000e+00,0.000000e+00,0.000000e+00,0.000000e+00,0.000000e+00,0.000000e+00,0.000000e+00,0.000000e+00,0.000000e+00,0.000000e+00
1.000000e+00,0.000000e+00,0.000000e+00,0.000000e+00,0.000000e+00,0.000000e+00,0.000000e+00,0.000000e+00,0.000000e+00,0.000000e+00,0.000000e+00,0.000000e+00,0.000000e+00,0.000000e+00,0.000000e+00
1.000000e+00,0.000000e+00,0.000000e+00,0.000000e+00,0.000000e+00,0.000000e+00,0.000000e+00,0.000000e+00,0.000000e+00,0.000000e+00,0.000000e+00,0.000000e+00,0.000000e+00,0.000000e+00,0.000000e+00
1.000000e+00,0.000000e+00,0.000000e+00,0.000000e+00,0.000000e+00,0.000000e+00,0.000000e+00,0.000000e+00,0.000000e+00,0.000000e+00,0.000000e+00,0.000000e+00,0.000000e+00,0.000000e+00,0.000000e+00
1.000000e+00,0.000000e+00,0.000000e+00,0.000000e+00,0.000000e+00,0.000000e+00,0.000000e+00,0.000000e+00,0.000000e+00,0.000000e+00,0.000000e+00,0.000000e+00,0.000000e+00,0.000000e+00,0.000000e+00
1.000000e+00,0.000000e+00,0.000000e+00,0.000000e+00,0.000000e+00,0.000000e+00,0.000000e+00,0.000000e+00,0.000000e+00,0.000000e+00,0.000000e+00,0.000000e+00,0.000000e+00,0.000000e+00,0.000000e+00
1.000000e+00,0.000000e+00,0.000000e+00,0.000000e+00,0.000000e+00,0.000000e+00,0.000000e+00,0.000000e+00,0.000000e+00,0.000000e+00,0.000000e+00,0.000000e+00,0.000000e+00,0.000000e+00,0.000000e+00
1.000000e+00,0.000000e+00,0.000000e+00,0.000000e+00,0.000000e+00,0.000000e+00,0.000000e+00,0.000000e+00,0.000000e+00,0.000000e+00,0.000000e+00,0.000000e+00,0.000000e+00,0.000000e+00,0.000000e+00
1.000000e+00,0.000000e+00,0.000000e+00,0.000000e+00,0.000000e+00,0.000000e+00,0.000000e+00,0.000000e+00,0.000000e+00,0.000000e+00,0.000000e+00,0.000000e+00,0.000000e+00,0.000000e+00,0.000000e+00
1.000000e+00,0.000000e+00,0.000000e+00,0.000000e+00,0.000000e+00,0.000000e+00,0.000000e+00,0.000000e+00,0.000000e+00,0.000000e+00,0.000000e+00,0.000000e+00,0.000000e+00,0.000000e+00,0.000000e+00
1.000000e+00,0.000000e+00,0.000000e+00,0.000000e+00,0.000000e+00,0.000000e+00,0.000000e+00,0.000000e+00,0.000000e+00,0.000000e+00,0.000000e+00,0.000000e+00,0.000000e+00,0.000000e+00,0.000000e+00
1.000000e+00,0.000000e+00,0.000000e+00,0.000000e+00,0.000000e+00,0.000000e+00,0.000000e+00,0.000000e+00,0.000000e+00,0.000000e+00,0.000000e+00,0.000000e+00,0.000000e+00,0.000000e+00,0.000000e+00
1.000000e+00,0.000000e+00,0.000000e+00,0.000000e+00,0.000000e+00,0.000000e+00,0.000000e+00,0.000000e+00,0.000000e+00,0.000000e+00,0.000000e+00,0.000000e+00,0.000000e+00,0.000000e+00,0.000000e+00
1.000000e+00,0.000000e+00,0.000000e+00,0.000000e+00,0.000000e+00,0.000000e+00,0.000000e+00,0.000000e+00,0.000000e+00,0.000000e+00,0.000000e+00,0.000000e+00,0.000000e+00,0.000000e+00,0.000000e+00
1.000000e+00,0.000000e+00,0.000000e+00,0.000000e+00,0.000000e+00,0.000000e+00,0.000000e+00,0.000000e+00,0.000000e+00,0.000000e+00,0.000000e+00,0.000000e+00,0.000000e+00,0.000000e+00,0.000000e+00
1.000000e+00,0.000000e+00,0.000000e+00,0.000000e+00,0.000000e+00,0.000000e+00,0.000000e+00,0.000000e+00,0.000000e+00,0.000000e+00,0.000000e+00,0.000000e+00,0.000000e+00,0.000000e+00,0.000000e+00
1.000000e+00,0.000000e+00,0.000000e+00,0.000000e+00,0.000000e+00,0.000000e+00,0.000000e+00,0.000000e+00,0.000000e+00,0.000000e+00,0.000000e+00,0.000000e+00,0.000000e+00,0.000000e+00,0.000000e+00
1.000000e+00,0.000000e+00,0.000000e+00,0.000000e+00,0.000000e+00,0.000000e+00,0.000000e+00,0.000000e+00,0.000000e+00,0.000000e+00,0.000000e+00,0.000000e+00,0.000000e+00,0.000000e+00,0.000000e+00
1.000000e+00,0.000000e+00,0.000000e+00,0.000000e+00,0.000000e+00,0.000000e+00,0.000000e+00,0.000000e+00,0.000000e+00,0.000000e+00,0.000000e+00,0.000000e+00,0.000000e+00,0.000000e+00,0.000000e+00
1.000000e+00,0.000000e+00,0.000000e+00,0.000000e+00,0.000000e+00,0.000000e+00,0.000000e+00,0.000000e+00,0.000000e+00,0.000000e+00,0.000000e+00,0.000000e+00,0.000000e+00,0.000000e+00,0.000000e+00
1.000000e+00,0.000000e+00,0.000000e+00,0.000000e+00,0.000000e+00,0.000000e+00,0.000000e+00,0.000000e+00,0.000000e+00,0.000000e+00,0.000000e+00,0.000000e+00,0.000000e+00,0.000000e+00,0.000000e+00
1.000000e+00,0.000000e+00,0.000000e+00,0.000000e+00,0.000000e+00,0.000000e+00,0.000000e+00,0.000000e+00,0.000000e+00,0.000000e+00,0.000000e+00,0.000000e+00,0.000000e+00,0.000000e+00,0.000000e+00
1.000000e+00,0.000000e+00,0.000000e+00,0.000000e+00,0.000000e+00,0.000000e+00,0.000000e+00,0.000000e+00,0.000000e+00,0.000000e+00,0.000000e+00,0.000000e+00,0.000000e+00,0.000000e+00,0.000000e+00
1.000000e+00,0.000000e+00,0.000000e+00,0.000000e+00,0.000000e+00,0.000000e+00,0.000000e+00,0.000000e+00,0.000000e+00,0.000000e+00,0.000000e+00,0.000000e+00,0.000000e+00,0.000000e+00,0.000000e+00
1.000000e+00,0.000000e+00,0.000000e+00,0.000000e+00,0.000000e+00,0.000000e+00,0.000000e+00,0.000000e+00,0.000000e+00,0.000000e+00,0.000000e+00,0.000000e+00,0.000000e+00,0.000000e+00,0.000000e+00
1.000000e+00,0.000000e+00,0.000000e+00,0.000000e+00,0.000000e+00,0.000000e+00,0.000000e+00,0.000000e+00,0.000000e+00,0.000000e+00,0.000000e+00,0.000000e+00,0.000000e+00,0.000000e+00,0.000000e+00
1.000000e+00,0.000000e+00,0.000000e+00,0.000000e+00,0.000000e+00,0.000000e+00,0.000000e+00,0.000000e+00,0.000000e+00,0.000000e+00,0.000000e+00,0.000000e+00,0.000000e+00,0.000000e+00,0.000000e+00
1.000000e+00,0.000000e+00,0.000000e+00,0.000000e+00,0.000000e+00,0.000000e+00,0.000000e+00,0.000000e+00,0.000000e+00,0.000000e+00,0.000000e+00,0.000000e+00,0.000000e+00,0.000000e+00,0.000000e+00
4.153230e-01,7.950231e-03,2.304760e-01,2.874894e-02,4.148872e-03,3.159769e-02,7.415658e-02,1.676933e-01,2.038992e-03,1.090876e-03,6.661613e-03,1.280061e-02,7.992875e-03,1.591288e-03,7.729230e-03
4.423518e-01,6.622890e-03,1.903053e-01,2.342645e-02,4.065027e-03,3.296620e-02,7.291591e-02,1.900226e-01,1.895182e-03,1.329505e-03,5.435483e-03,1.140810e-02,7.564754e-03,1.904834e-03,7.786004e-03
4.218528e-01,5.146754e-03,1.816470e-01,2.294328e-02,3.683829e-03,2.843481e-02,7.363006e-02,2.322175e-01,1.631703e-03,1.147871e-03,4.092848e-03,8.950910e-03,6.599403e-03,1.611779e-03,6.409427e-03
4.205648e-01,4.188071e-03,1.525653e-01,2.144100e-02,3.212486e-03,2.706701e-02,6.507158e-02,2.798167e-01,1.431034e-03,9.911063e-04,3.186124e-03,7.230214e-03,6.185134e-03,1.428247e-03,5.621158e-03
4.211651e-01,3.531741e-03,1.196261e-01,1.820683e-02,3.115256e-03,2.353882e-02,5.602631e-02,3.304676e-01,1.186350e-03,8.948049e-04,2.628522e-03,6.882180e-03,6.241200e-03,1.359357e-03,5.129895e-03
3.796391e-01,2.934127e-03,9.229025e-02,1.562356e-02,3.198018e-03,2.139277e-02,4.691679e-02,4.150409e-01,1.017092e-03,8.097189e-04,2.424901e-03,6.589354e-03,6.180115e-03,1.320804e-03,4.622503e-03
3.245294e-01,2.484136e-03,6.976806e-02,1.278917e-02,3.456690e-03,1.919626e-02,3.934239e-02,5.064187e-01,9.945356e-04,7.480306e-04,2.499918e-03,6.223085e-03,5.830515e-03,1.464922e-03,4.254131e-03
2.732917e-01,2.358293e-03,5.303393e-02,9.944357e-03,3.352691e-03,1.738324e-02,3.972318e-02,5.807580e-01,9.071544e-04,6.809124e-04,2.267011e-03,5.814672e-03,4.998527e-03,1.392879e-03,4.093471e-03
2.430808e-01,2.045620e-03,3.922190e-02,8.093460e-03,3.406826e-03,1.462093e-02,3.212168e-02,6.393576e-01,8.483999e-04,6.320488e-04,1.999791e-03,5.283744e-03,4.397724e-03,1.152099e-03,3.737400e-03
2.429475e-01,2.342393e-03,2.974439e-02,7.253154e-03,5.598405e-03,1.276952e-02,2.656172e-02,6.508491e-01,1.494915e-03,9.752664e-04,2.197390e-03,6.164758e-03,5.182592e-03,1.172799e-03,4.746075e-03
2.774447e-01,2.502767e-03,2.339824e-02,7.245590e-03,6.792394e-03,1.233043e-02,2.169129e-02,6.210828e-01,1.899316e-03,1.591641e-03,2.648393e-03,8.221231e-03,6.515728e-03,1.164543e-03,5.470948e-03
3.242826e-01,3.593322e-03,1.784464e-02,9.637450e-03,1.306665e-02,1.177513e-02,1.617741e-02,5.631246e-01,7.194708e-03,2.826191e-03,3.428756e-03,1.091813e-02,8.068309e-03,1.308519e-03,6.753645e-03
2.455895e-01,6.927526e-03,1.348574e-02,3.319004e-02,1.592208e-02,9.572655e-03,1.163475e-02,4.903098e-01,4.693906e-02,2.091599e-02,3.683171e-02,2.510345e-02,3.150643e-02,4.820639e-03,7.250638e-03
1.724664e-01,8.828303e-03,1.028477e-02,9.964235e-02,1.750213e-02,7.324538e-03,8.334998e-03,3.682954e-01,8.656187e-02,2.992956e-02,9.261134e-02,5.061974e-02,2.909612e-02,1.259773e-02,5.904796e-03
1.212686e-01,7.265681e-03,7.283394e-03,7.156526e-02,1.394898e-02,7.879771e-03,5.943386e-03,2.593824e-01,1.115252e-01,1.646543e-01,1.021701e-01,4.465046e-02,3.009127e-02,4.660442e-02,5.766841e-03
8.627822e-02,5.940446e-03,5.217880e-03,5.190763e-02,1.367244e-02,8.601160e-03,4.378280e-03,1.844173e-01,1.311257e-01,1.818378e-01,1.018085e-01,4.899709e-02,2.832659e-02,1.415594e-01,5.931727e-03
6.232632e-02,1.243536e-02,3.866274e-03,3.791232e-02,1.404958e-02,7.328433e-03,3.224313e-03,1.299294e-01,1.089161e-01,1.606622e-01,1.800740e-01,4.756004e-02,2.126246e-02,2.047909e-01,5.662335e-03
4.510222e-02,1.276091e-02,3.025498e-03,2.810862e-02,1.127310e-02,6.042594e-03,2.595807e-03,9.147409e-02,8.084304e-02,1.458099e-01,3.112711e-01,3.651902e-02,1.548051e-02,2.041628e-01,5.530903e-03
3.249130e-02,1.709200e-02,2.411483e-03,2.108574e-02,8.602627e-03,5.593660e-03,2.023147e-03,6.412686e-02,6.155682e-02,1.287960e-01,3.913699e-01,2.925576e-02,1.152926e-02,2.179899e-01,6.075571e-03
2.324083e-02,1.502923e-02,1.830962e-03,1.531905e-02,7.430051e-03,4.749520e-03,1.480787e-03,4.495975e-02,4.542536e-02,1.098136e-01,4.928951e-01,2.433151e-02,9.017924e-03,1.986769e-01,5.799485e-03
1.703783e-02,1.407332e-02,1.949952e-03,1.123775e-02,1.124357e-02,4.134756e-03,1.145768e-03,3.180809e-02,3.648042e-02,8.717139e-02,5.565700e-01,2.220523e-02,7.365055e-03,1.927417e-01,4.835197e-03
1.241192e-02,1.730627e-02,3.027750e-03,7.978849e-03,9.689407e-03,4.509766e-03,8.597905e-04,2.267264e-02,3.858906e-02,6.807972e-02,5.369911e-01,1.904870e-02,8.266261e-03,2.435026e-01,7.066148e-03
8.910081e-03,2.351004e-02,3.989104e-03,5.697130e-03,1.256946e-02,1.026902e-02,7.680391e-04,1.610714e-02,1.108272e-01,5.479551e-02,5.033072e-01,1.454763e-02,7.163943e-03,2.213472e-01,6.191316e-03
6.860578e-03,3.692252e-02,5.951031e-03,4.278961e-03,1.323850e-02,2.992518e-02,8.015083e-04,1.234645e-02,2.418583e-01,4.394699e-02,3.941544e-01,1.106611e-02,6.079532e-03,1.874032e-01,5.166810e-03
4.941470e-03,1.454196e-01,6.795622e-03,3.152644e-03,1.015460e-02,6.751885e-02,5.855565e-04,8.909808e-03,2.912614e-01,3.158446e-02,2.793983e-01,7.986839e-03,4.591667e-03,1.333106e-01,4.388639e-03
4.123711e-03,1.419578e-01,9.679640e-03,3.163713e-03,1.045349e-02,1.114523e-01,4.398088e-04,6.638414e-03,3.731072e-01,2.402320e-02,2.009916e-01,5.845805e-03,3.958248e-03,9.810910e-02,6.055970e-03
5.602595e-03,1.587452e-01,1.550600e-02,3.272097e-03,1.437323e-02,1.266829e-01,5.213841e-04,7.363824e-03,4.112371e-01,1.958107e-02,1.461758e-01,4.292810e-03,4.175926e-03,7.546528e-02,7.004781e-03
1.598779e-02,2.013162e-01,2.326450e-02,9.590529e-03,1.503973e-02,1.036950e-01,5.844233e-04,3.733846e-02,3.801621e-01,1.835901e-02,1.092213e-01,3.484983e-03,4.332753e-03,6.267337e-02,1.494988e-02
1.723270e-02,2.597674e-01,2.392310e-02,8.241838e-03,1.232645e-02,9.693688e-02,4.641046e-04,4.806120e-02,3.558085e-01,1.380226e-02,7.938211e-02,2.668760e-03,3.573615e-03,5.778269e-02,2.002838e-02
1.378575e-02,3.339455e-01,2.621876e-02,5.942125e-02,1.056456e-02,6.871524e-02,3.956829e-04,3.884006e-02,3.090712e-01,1.063083e-02,5.848859e-02,2.281910e-03,4.110620e-03,4.101287e-02,2.251715e-02
1.781242e-02,3.985895e-01,2.205701e-02,6.432100e-02,1.092588e-02,5.222030e-02,3.927774e-04,3.463897e-02,2.721945e-01,9.051580e-03,4.408609e-02,1.907369e-03,4.206141e-03,3.003168e-02,3.756485e-02
1.353251e-02,3.323640e-01,1.980925e-02,1.781749e-01,8.475983e-03,3.895296e-02,2.916143e-04,2.666264e-02,2.834921e-01,7.257435e-03,3.317918e-02,2.497553e-03,4.575418e-03,2.145370e-02,2.928075e-02
1.978790e-02,2.562202e-01,2.510984e-02,1.956292e-01,1.088506e-02,3.386457e-02,4.585634e-04,4.324372e-02,3.129653e-01,8.716424e-03,2.931586e-02,3.598309e-03,5.682084e-03,1.684955e-02,3.767350e-02
2.036303e-02,1.914047e-01,2.816139e-02,2.250381e-01,1.140781e-02,2.651022e-02,4.165562e-04,6.209363e-02,3.172799e-01,1.167865e-02,2.718502e-02,3.814116e-03,5.390040e-03,1.453093e-02,5.472588e-02
1.469404e-02,1.371084e-01,2.590364e-02,1.813798e-01,8.279383e-03,1.887921e-02,3.144770e-04,4.389932e-02,4.535333e-01,1.050968e-02,3.490125e-02,3.442857e-03,5.339319e-03,1.134121e-02,5.047415e-02
1.059779e-02,9.790356e-02,2.193977e-02,1.292230e-01,5.912034e-03,1.326936e-02,2.514773e-04,3.085462e-02,5.690376e-01,9.424003e-03,4.154492e-02,5.213131e-03,5.135404e-03,1.227358e-02,4.741985e-02
8.588654e-03,6.949273e-02,1.922172e-02,9.313555e-02,4.763541e-03,9.423775e-03,2.008431e-04,2.177727e-02,4.200082e-01,8.571237e-03,2.332328e-01,9.044847e-03,1.000445e-02,2.839852e-02,6.413586e-02
7.213135e-03,4.909832e-02,1.431386e-02,6.562155e-02,4.074891e-03,6.897973e-03,1.806318e-04,1.555961e-02,2.968182e-01,7.710761e-03,3.661354e-01,8.572464e-03,9.644527e-03,8.485892e-02,6.329983e-02
5.972333e-03,3.517900e-02,1.100624e-02,4.637597e-02,3.821761e-03,5.306432e-03,1.921315e-04,1.125113e-02,2.128692e-01,6.613139e-03,4.829410e-01,8.280884e-03,7.927547e-03,1.095708e-01,5.269247e-02
4.816376e-03,2.688441e-02,9.307581e-03,3.294692e-02,3.136012e-03,1.169876e-02,2.329058e-04,8.044639e-03,1.654389e-01,5.332017e-03,5.045969e-01,8.958385e-03,6.523837e-03,1.611482e-01,5.093424e-02
3.848155e-03,2.422312e-02,8.248924e-03,2.330629e-02,2.493775e-03,1.197381e-02,1.986453e-04,5.681111e-03,1.221825e-01,3.961382e-03,4.350984e-01,8.775014e-03,5.247832e-03,2.979509e-01,4.681014e-02
3.809103e-03,2.386829e-02,9.574158e-03,1.748322e-02,2.060098e-03,1.135109e-02,2.181205e-04,4.082742e-03,1.015956e-01,3.704946e-03,4.526876e-01,1.485927e-02,4.056056e-03,3.144968e-01,3.615297e-02
2.865755e-03,2.151394e-02,9.541905e-03,1.274597e-02,2.679126e-03,1.712376e-02,1.722946e-04,2.945633e-03,9.809683e-02,3.603305e-03,4.536825e-01,1.305007e-02,3.122041e-03,3.318124e-01,2.704445e-02
2.594902e-03,2.185134e-02,1.055613e-02,9.406675e-03,2.989807e-03,2.911207e-02,1.624183e-04,2.192398e-03,1.020810e-01,7.284647e-03,4.417538e-01,1.453438e-02,3.913125e-03,3.303612e-01,2.120608e-02
2.695800e-03,1.915349e-02,1.024633e-01,9.443909e-03,9.259993e-03,3.544065e-02,8.207244e-04,4.618054e-03,1.293454e-01,1.210731e-02,3.879870e-01,1.345314e-02,4.326490e-03,2.534309e-01,1.545383e-02
2.229337e-03,1.412006e-02,7.262746e-02,7.384012e-03,8.514144e-03,3.216149e-02,7.017841e-04,3.471788e-03,1.545900e-01,2.293608e-02,4.156701e-01,1.314364e-02,1.643980e-02,2.244362e-01,1.157420e-02
1.870199e-03,1.256687e-02,5.128414e-02,5.251281e-03,6.489527e-03,2.316149e-02,5.060522e-04,2.447339e-03,1.126122e-01,4.285819e-02,5.236042e-01,1.381935e-02,1.427495e-02,1.809393e-01,8.314969e-03
1.547920e-03,9.305608e-03,3.617598e-02,3.767488e-03,5.840708e-03,1.770187e-02,4.353843e-04,1.852641e-03,9.279437e-02,7.642154e-02,5.681444e-01,1.356942e-02,1.801938e-02,1.484517e-01,5.971658e-03
1.583807e-03,7.249830e-03,2.631790e-02,3.104364e-03,4.607213e-02,1.543072e-02,1.020536e-03,2.758581e-03,1.252100e-01,9.115040e-02,4.960089e-01,1.133475e-02,1.852231e-02,1.498889e-01,4.346943e-03
1.485448e-03,1.188740e-02,1.940126e-02,2.404753e-03,4.575734e-02,1.205847e-02,1.200104e-03,3.910488e-03,2.907072e-01,7.926065e-02,3.894119e-01,9.005548e-03,1.909943e-02,1.112137e-01,3.196321e-03
1.648135e-03,5.491038e-02,1.604319e-02,1.885531e-03,5.969211e-02,9.705408e-03,1.703446e-03,3.618105e-03,3.714568e-01,7.735430e-02,2.894442e-01,7.013211e-03,1.992046e-02,8.279917e-02,2.805497e-03
2.788681e-03,1.623074e-01,1.510105e-02,1.429142e-03,4.957786e-02,8.901110e-03,1.645195e-03,3.384532e-03,2.810699e-01,1.598597e-01,2.313733e-01,5.468597e-03,1.451254e-02,5.908757e-02,3.493459e-03
3.170264e-03,1.465361e-01,1.250588e-02,1.119479e-03,4.263377e-02,8.516880e-03,1.438394e-03,4.740706e-03,2.602603e-01,2.564521e-01,2.021700e-01,4.673976e-03,1.075357e-02,4.197899e-02,3.049567e-03
3.427129e-03,1.405095e-01,2.775479e-02,1.014413e-03,4.134686e-02,7.265152e-03,2.464273e-03,1.445810e-02,2.558682e-01,3.062241e-01,1.539958e-01,4.286255e-03,8.263944e-03,2.982457e-02,3.296901e-03
3.655518e-03,1.914508e-01,2.316545e-02,7.646499e-04,3.415850e-02,6.193609e-03,3.263011e-03,1.471536e-02,2.932576e-01,2.844123e-01,1.098644e-01,3.590790e-03,7.056780e-03,2.146470e-02,2.986622e-03
4.132229e-03,2.366240e-01,1.877171e-02,6.751139e-04,2.749637e-02,5.254432e-03,3.213178e-03,2.179527e-02,2.852933e-01,2.878488e-01,7.954483e-02,4.096864e-03,6.793214e-03,1.576650e-02,2.694283e-03
4.955507e-03,2.777015e-01,1.522358e-02,7.847662e-04,2.726331e-02,4.091382e-03,3.123074e-03,5.261281e-02,2.478117e-01,2.850306e-01,5.696330e-02,3.979288e-03,6.003317e-03,1.190158e-02,2.554325e-03
6.763606e-03,2.320207e-01,1.224076e-02,1.483607e-03,3.156485e-02,3.498211e-03,2.771866e-03,9.375707e-02,2.119299e-01,3.392210e-01,4.132823e-02,5.141013e-03,5.943547e-03,9.391335e-03,2.944295e-03
7.213117e-03,2.134237e-01,1.086596e-02,1.471184e-03,2.879144e-02,2.897620e-03,2.212847e-03,1.124641e-01,1.842529e-01,3.853043e-01,3.018777e-02,5.206845e-03,5.053923e-03,7.878144e-03,2.776152e-03
6.998618e-03,1.649383e-01,8.852996e-03,1.463477e-03,3.903838e-02,3.004328e-03,2.533000e-03,1.066537e-01,1.925327e-01,4.336163e-01,2.205991e-02,4.930906e-03,4.304300e-03,6.759555e-03,2.313515e-03
8.137352e-03,1.315331e-01,8.787416e-03,1.798279e-03,3.868169e-02,2.758030e-03,2.338960e-03,1.066689e-01,1.888007e-01,4.758052e-01,1.647731e-02,5.520132e-03,3.656338e-03,6.449523e-03,2.587094e-03
9.121688e-03,9.701148e-02,7.761712e-03,2.230023e-03,3.512138e-02,3.803687e-03,2.571666e-03,1.208889e-01,2.189962e-01,4.669209e-01,1.563217e-02,5.427323e-03,4.468591e-03,7.439206e-03,2.605134e-03
1.184598e-02,7.894854e-02,7.403785e-03,2.840247e-03,4.045677e-02,4.985026e-03,3.270722e-03,1.184853e-01,2.682193e-01,4.265411e-01,1.764915e-02,5.209309e-03,4.495329e-03,7.070163e-03,2.579282e-03
1.418134e-02,6.924618e-02,6.784461e-03,2.920865e-03,4.123691e-02,6.927060e-03,4.060357e-03,1.270852e-01,2.996449e-01,3.900487e-01,1.806275e-02,4.781699e-03,4.500073e-03,7.890081e-03,2.629320e-03
1.583668e-02,6.683854e-02,5.408525e-03,3.580263e-03,5.889954e-02,6.901013e-03,4.218351e-03,1.328086e-01,3.523959e-01,3.221188e-01,1.350646e-02,3.928619e-03,4.000219e-03,7.391182e-03,2.167354e-03
2.067007e-02,1.047830e-01,5.028524e-03,4.366605e-03,5.772638e-02,1.613178e-02,3.707679e-03,1.214470e-01,3.839722e-01,2.487682e-01,1.120885e-02,7.071897e-03,4.486164e-03,7.889857e-03,2.741793e-03
2.217200e-02,1.247924e-01,4.132438e-03,6.255581e-03,5.289762e-02,2.179524e-02,2.979583e-03,1.198126e-01,4.305650e-01,1.870530e-01,8.152228e-03,5.711494e-03,4.134451e-03,6.726535e-03,2.819739e-03
3.093398e-02,1.451277e-01,3.935099e-03,7.282067e-03,4.708068e-02,2.237519e-02,2.457415e-03,1.150606e-01,4.098200e-01,1.883543e-01,6.980452e-03,5.714499e-03,4.047290e-03,6.515918e-03,4.314867e-03
3.314167e-02,1.633429e-01,3.713214e-03,7.567100e-03,4.174053e-02,2.273675e-02,1.891832e-03,1.034456e-01,3.914791e-01,1.998235e-01,5.493383e-03,4.940840e-03,4.285425e-03,7.123406e-03,9.274803e-03
3.710269e-02,1.861769e-01,3.154227e-03,7.844081e-03,3.984522e-02,2.532543e-02,1.616995e-03,8.386671e-02,4.074724e-01,1.565711e-01,4.707189e-03,5.584779e-03,5.016830e-03,1.666384e-02,1.905165e-02
3.368523e-02,2.118204e-01,2.795832e-03,6.491208e-03,3.852447e-02,2.577026e-02,1.458978e-03,8.293132e-02,4.295805e-01,1.156971e-01,3.729586e-03,7.280730e-03,5.207565e-03,1.638849e-02,1.863839e-02
3.020378e-02,1.658146e-01,3.705770e-03,8.445614e-03,3.154878e-02,2.199128e-02,1.581590e-03,1.793552e-01,4.136583e-01,8.428204e-02,3.459144e-03,6.016470e-03,7.669078e-03,1.802888e-02,2.423942e-02
2.416319e-02,1.251500e-01,3.475088e-03,8.205993e-03,2.496674e-02,1.699477e-02,1.481935e-03,3.281584e-01,3.522196e-01,5.962596e-02,3.418222e-03,5.083349e-03,7.524467e-03,1.383145e-02,2.570076e-02
2.026230e-02,9.642190e-02,4.967477e-03,6.739601e-03,1.920762e-02,1.394615e-02,2.071552e-03,4.499964e-01,2.972788e-01,4.204984e-02,2.669112e-03,3.793670e-03,7.916695e-03,1.033668e-02,2.234228e-02
1.588797e-02,7.186776e-02,5.743606e-03,5.021491e-03,1.587789e-02,1.105661e-02,2.016223e-03,5.790428e-01,2.254808e-01,2.955060e-02,1.990527e-03,2.736604e-03,6.815378e-03,7.424971e-03,1.948671e-02
1.327519e-02,5.218986e-02,6.095245e-03,3.888769e-03,1.330943e-02,7.929693e-03,2.157689e-03,6.907598e-01,1.610041e-01,2.072113e-02,1.451968e-03,1.964938e-03,5.080699e-03,5.225682e-03,1.494569e-02
1.358664e-02,3.792267e-02,1.425569e-02,3.855383e-03,1.321578e-02,6.966470e-03,3.228001e-03,7.558453e-01,1.137714e-01,1.464315e-02,1.106155e-03,1.443051e-03,4.316701e-03,3.757769e-03,1.208579e-02
1.821405e-02,2.770958e-02,1.744539e-02,3.711806e-03,1.449675e-02,6.689914e-03,3.210035e-03,7.981037e-01,8.057027e-02,1.048024e-02,8.874248e-04,1.093081e-03,4.557048e-03,2.831608e-03,9.999027e-03
3.108465e-02,2.199022e-02,2.049245e-02,3.894488e-03,1.801559e-02,6.041687e-03,3.544778e-03,8.109800e-01,5.775383e-02,7.692659e-03,7.593955e-04,9.274195e-04,4.377834e-03,2.373647e-03,1.007131e-02
3.882400e-02,1.867421e-02,2.494889e-02,4.590643e-03,2.492307e-02,5.744879e-03,9.085389e-03,7.994581e-01,4.223958e-02,6.650203e-03,7.391685e-04,8.208496e-04,4.249687e-03,2.372608e-03,1.667875e-02
6.243859e-02,1.964834e-02,2.862515e-02,6.067828e-03,2.863989e-02,5.871202e-03,1.234614e-02,7.622865e-01,3.286991e-02,7.038882e-03,8.425504e-04,1.106145e-03,4.925664e-03,2.686782e-03,2.460653e-02
6.434698e-02,2.422821e-02,3.593176e-02,7.566229e-03,2.969974e-02,6.627654e-03,1.465013e-02,7.209204e-01,3.135341e-02,9.031821e-03,9.716273e-04,1.328378e-03,5.836369e-03,3.308253e-03,4.419903e-02
7.681974e-02,3.571437e-02,3.400923e-02,9.073745e-03,2.845606e-02,6.923326e-03,1.608988e-02,6.704063e-01,3.986377e-02,7.888960e-03,9.256576e-04,1.277968e-03,5.833813e-03,3.208089e-03,6.350907e-02
1.121389e-01,4.685207e-02,3.312083e-02,1.013908e-02,2.841889e-02,7.514453e-03,1.525681e-02,5.969557e-01,5.015130e-02,7.236924e-03,8.953703e-04,1.395659e-03,5.388112e-03,2.965319e-03,8.157055e-02
1.407133e-01,5.780633e-02,2.893984e-02,9.675914e-03,2.386354e-02,1.216129e-02,1.359949e-02,5.436482e-01,6.769601e-02,6.356998e-03,9.566519e-04,1.839546e-03,7.200240e-03,2.844112e-03,8.269843e-02
1.796385e-01,5.284398e-02,2.430226e-02,1.032045e-02,2.179074e-02,1.666860e-02,1.338760e-02,5.124252e-01,7.434087e-02,6.358997e-03,1.219726e-03,2.931132e-03,1.256750e-02,2.629234e-03,6.857514e-02
2.709554e-01,4.665937e-02,2.089624e-02,1.328136e-02,2.024092e-02,1.672463e-02,1.252114e-02,4.461645e-01,6.543998e-02,6.330553e-03,1.989929e-03,6.920484e-03,1.393021e-02,2.521798e-03,5.542349e-02
3.724562e-01,3.708337e-02,1.735865e-02,1.426773e-02,1.664506e-02,1.652912e-02,1.102279e-02,3.796640e-01,5.030493e-02,6.838283e-03,2.926801e-03,1.091695e-02,1.187558e-02,2.742445e-03,4.936802e-02
3.968892e-01,3.132744e-02,1.448186e-02,1.454253e-02,1.410957e-02,1.648542e-02,8.994852e-03,3.656400e-01,3.886794e-02,7.579539e-03,5.010887e-03,1.623441e-02,1.026931e-02,3.664071e-03,5.590301e-02
3.949140e-01,2.549750e-02,1.180135e-02,1.585213e-02,1.329818e-02,1.625532e-02,9.743864e-03,3.864447e-01,2.970365e-02,7.365433e-03,5.414960e-03,1.823513e-02,9.698745e-03,3.482938e-03,5.229209e-02
3.647320e-01,2.335552e-02,9.607637e-03,2.688264e-02,1.225360e-02,2.339202e-02,8.621976e-03,2.967865e-01,3.042145e-02,1.561232e-02,7.930195e-03,2.167654e-02,1.171924e-02,7.107766e-03,1.399006e-01
3.530383e-01,2.175553e-02,7.744933e-03,2.910969e-02,1.048302e-02,2.087505e-02,6.989814e-03,2.380189e-01,5.570526e-02,5.029386e-02,9.340122e-03,1.852342e-02,1.104335e-02,7.544317e-03,1.595344e-01
3.268380e-01,2.485743e-02,1.949410e-02,1.149427e-01,1.219843e-02,1.941367e-02,5.670181e-03,1.739868e-01,5.108147e-02,4.685761e-02,1.085590e-02,3.149491e-02,1.155845e-02,7.117825e-03,1.436325e-01
3.573220e-01,2.513498e-02,1.774701e-02,1.045030e-01,1.028665e-02,1.994296e-02,4.459463e-03,1.285706e-01,5.423150e-02,5.115018e-02,1.073676e-02,2.930213e-02,1.090961e-02,1.479623e-02,1.609069e-01
3.067923e-01,2.133567e-02,1.322388e-02,7.587013e-02,7.662337e-03,1.849429e-02,3.272333e-03,9.389620e-02,1.095142e-01,1.367550e-01,8.668271e-03,2.200061e-02,1.014052e-02,1.597250e-02,1.564017e-01
3.142918e-01,2.203340e-02,9.584010e-03,5.963938e-02,5.867532e-03,2.206251e-02,2.521120e-03,6.837571e-02,1.474140e-01,1.469142e-01,8.319264e-03,1.721726e-02,1.170807e-02,1.501102e-02,1.490407e-01
4.074700e-01,2.103555e-02,7.522830e-03,5.548538e-02,5.206843e-03,2.213014e-02,2.039517e-03,5.037299e-02,1.415915e-01,1.194364e-01,8.764198e-03,1.676785e-02,1.110385e-02,1.273364e-02,1.183394e-01
3.359093e-01,2.539140e-02,1.568190e-02,8.167350e-02,4.738469e-03,1.737853e-02,1.579995e-03,3.664659e-02,2.450508e-01,8.890913e-02,7.981852e-03,1.523575e-02,1.228324e-02,1.263195e-02,9.890765e-02
2.659805e-01,2.834347e-02,1.519843e-02,6.928504e-02,3.552289e-03,1.405878e-02,1.296475e-03,2.663940e-02,3.431648e-01,7.613216e-02,7.776682e-03,1.156051e-02,1.243084e-02,1.896042e-02,1.056203e-01
1.873864e-01,3.499033e-02,1.655620e-02,4.966227e-02,2.535361e-03,9.865295e-03,9.176906e-04,1.872754e-02,5.078291e-01,5.430945e-02,5.993356e-03,8.360024e-03,9.774649e-03,1.411480e-02,7.897755e-02
1.423366e-01,3.963249e-02,1.811677e-02,3.538163e-02,1.876976e-03,7.412766e-03,7.151889e-04,1.353374e-02,4.589202e-01,8.174041e-02,6.555210e-03,6.209293e-03,1.059297e-02,1.982359e-02,1.571521e-01
1.102452e-01,3.126629e-02,2.604293e-02,2.755475e-02,1.704584e-03,5.898448e-03,6.653126e-04,1.136537e-02,3.439119e-01,6.597101e-02,1.233210e-02,5.540147e-03,1.604401e-02,1.762200e-02,3.238359e-01
9.155910e-02,2.399323e-02,2.018141e-02,2.026304e-02,6.521198e-03,6.011123e-03,8.883026e-04,8.977733e-03,2.447867e-01,5.019762e-02,1.060501e-02,4.402295e-03,1.348082e-02,1.435364e-02,4.837787e-01
7.492843e-02,1.913665e-02,1.948346e-02,1.929651e-02,1.552308e-02,6.264701e-03,1.434099e-03,9.622581e-03,1.782341e-01,4.953938e-02,8.992150e-03,3.713441e-03,1.168812e-02,1.208929e-02,5.700540e-01
7.498130e-02,1.849743e-02,1.844329e-02,1.565702e-02,5.407828e-02,1.040444e-02,2.842521e-03,8.684911e-03,1.499450e-01,3.705556e-02,8.106424e-03,2.733387e-03,1.019729e-02,9.181648e-03,5.791914e-01
1.048706e-01,2.491179e-02,1.766520e-02,1.761965e-02,8.700974e-02,1.634227e-02,3.978782e-03,9.071279e-03,1.197928e-01,2.987995e-02,9.300221e-03,2.320307e-03,9.820344e-03,8.263160e-03,5.391539e-01
1.014795e-01,4.501497e-02,1.646603e-02,1.407482e-01,9.885289e-02,1.845976e-02,5.126785e-03,9.232457e-03,1.065021e-01,2.412516e-02,1.193887e-02,6.558865e-03,1.045711e-02,6.546882e-03,3.984904e-01
1.352732e-01,5.561402e-02,2.126663e-02,1.678132e-01,1.036227e-01,2.574422e-02,6.555217e-03,1.215635e-02,9.304202e-02,1.980072e-02,1.247066e-02,8.064988e-03,9.888671e-03,5.166703e-03,3.235207e-01
2.116838e-01,6.615208e-02,2.134966e-02,1.641802e-01,9.771624e-02,3.281974e-02,6.336737e-03,1.298818e-02,7.954106e-02,1.992308e-02,1.274079e-02,9.916693e-03,9.071575e-03,4.836650e-03,2.507435e-01
3.756492e-01,5.867539e-02,1.657356e-02,1.258197e-01,7.360037e-02,2.612144e-02,4.929979e-03,1.096192e-02,7.041758e-02,1.609475e-02,1.140124e-02,1.330380e-02,9.132991e-03,4.265237e-03,1.830528e-01
4.547913e-01,5.596047e-02,1.881286e-02,1.142645e-01,6.190590e-02,2.425013e-02,5.156985e-03,1.390395e-02,5.691304e-02,1.461502e-02,1.092596e-02,1.720775e-02,9.645486e-03,4.801370e-03,1.368452e-01
3.937571e-01,4.467821e-02,2.983990e-02,1.069217e-01,5.693424e-02,2.239044e-02,7.161515e-03,1.420256e-01,4.295376e-02,1.144235e-02,1.216448e-02,1.730589e-02,9.425860e-03,4.169456e-03,9.882940e-02
4.414270e-01,3.513979e-02,5.665179e-02,8.563731e-02,4.793940e-02,2.580105e-02,1.121054e-02,1.433056e-01,3.155940e-02,9.545520e-03,1.023398e-02,1.635297e-02,9.147583e-03,3.667420e-03,7.238062e-02
1.000000e+00,0.000000e+00,0.000000e+00,0.000000e+00,0.000000e+00,0.000000e+00,0.000000e+00,0.000000e+00,0.000000e+00,0.000000e+00,0.000000e+00,0.000000e+00,0.000000e+00,0.000000e+00,0.000000e+00
1.000000e+00,0.000000e+00,0.000000e+00,0.000000e+00,0.000000e+00,0.000000e+00,0.000000e+00,0.000000e+00,0.000000e+00,0.000000e+00,0.000000e+00,0.000000e+00,0.000000e+00,0.000000e+00,0.000000e+00
1.000000e+00,0.000000e+00,0.000000e+00,0.000000e+00,0.000000e+00,0.000000e+00,0.000000e+00,0.000000e+00,0.000000e+00,0.000000e+00,0.000000e+00,0.000000e+00,0.000000e+00,0.000000e+00,0.000000e+00
1.000000e+00,0.000000e+00,0.000000e+00,0.000000e+00,0.000000e+00,0.000000e+00,0.000000e+00,0.000000e+00,0.000000e+00,0.000000e+00,0.000000e+00,0.000000e+00,0.000000e+00,0.000000e+00,0.000000e+00
1.000000e+00,0.000000e+00,0.000000e+00,0.000000e+00,0.000000e+00,0.000000e+00,0.000000e+00,0.000000e+00,0.000000e+00,0.000000e+00,0.000000e+00,0.000000e+00,0.000000e+00,0.000000e+00,0.000000e+00
1.000000e+00,0.000000e+00,0.000000e+00,0.000000e+00,0.000000e+00,0.000000e+00,0.000000e+00,0.000000e+00,0.000000e+00,0.000000e+00,0.000000e+00,0.000000e+00,0.000000e+00,0.000000e+00,0.000000e+00
1.000000e+00,0.000000e+00,0.000000e+00,0.000000e+00,0.000000e+00,0.000000e+00,0.000000e+00,0.000000e+00,0.000000e+00,0.000000e+00,0.000000e+00,0.000000e+00,0.000000e+00,0.000000e+00,0.000000e+00
1.000000e+00,0.000000e+00,0.000000e+00,0.000000e+00,0.000000e+00,0.000000e+00,0.000000e+00,0.000000e+00,0.000000e+00,0.000000e+00,0.000000e+00,0.000000e+00,0.000000e+00,0.000000e+00,0.000000e+00
4.113134e-01,8.654558e-03,7.745096e-03,1.717318e-02,1.276935e-02,1.825116e-02,3.611846e-03,1.251003e-02,1.380910e-02,5.015322e-03,2.882078e-01,1.695899e-01,6.684248e-03,1.547977e-02,9.185277e-03
3.144646e-01,8.272913e-03,6.317806e-03,1.872151e-02,6.282803e-02,1.349165e-02,3.097409e-03,1.121938e-02,1.627944e-02,4.335560e-03,3.474200e-01,1.603976e-01,5.574824e-03,2.068557e-02,6.893587e-03
2.489985e-01,8.580476e-03,5.935950e-03,1.791150e-02,9.749851e-02,1.039977e-02,2.707582e-03,9.344076e-03,2.205603e-02,4.347200e-03,3.879147e-01,1.509666e-01,5.435351e-03,2.237284e-02,5.530844e-03
1.800937e-01,1.197827e-02,1.317894e-02,1.283213e-02,9.049241e-02,9.236136e-03,2.871207e-03,1.116438e-02,1.390284e-01,4.824445e-03,3.716228e-01,1.222035e-01,5.464162e-03,2.066272e-02,4.346795e-03
1.294888e-01,9.424612e-03,1.107871e-02,9.196470e-03,6.973870e-02,7.570528e-03,2.852561e-03,1.005067e-02,1.156942e-01,4.851168e-03,5.008134e-01,1.034061e-01,5.908888e-03,1.637100e-02,3.554264e-03
9.445892e-02,7.462103e-03,9.956081e-03,6.941816e-03,5.339831e-02,6.198377e-03,2.517181e-03,1.024037e-02,8.930048e-02,5.706049e-03,5.991593e-01,9.291013e-02,6.477704e-03,1.237929e-02,2.893851e-03
8.555242e-02,1.996139e-02,1.708652e-02,6.038587e-03,4.667758e-02,9.457962e-03,3.057415e-03,4.783916e-02,9.211109e-02,8.733749e-03,5.656967e-01,7.609338e-02,7.317957e-03,1.148071e-02,2.895343e-03
6.814861e-02,3.285323e-02,1.954387e-02,4.552733e-03,5.784781e-02,1.513460e-02,7.663196e-03,5.099215e-02,2.247992e-01,8.773861e-03,4.323435e-01,5.811388e-02,6.648230e-03,1.014039e-02,2.444664e-03
5.034894e-02,3.997469e-02,1.820153e-02,3.443282e-03,4.596629e-02,2.414650e-02,6.194389e-03,6.120820e-02,3.820702e-01,6.918549e-03,3.052765e-01,4.120923e-02,5.200359e-03,7.907879e-03,1.933434e-03
3.662249e-02,3.865285e-02,1.294566e-02,2.527212e-03,3.540190e-02,1.967670e-02,4.580629e-03,4.626350e-02,5.438712e-01,5.067586e-03,2.142262e-01,2.920527e-02,3.760058e-03,5.684031e-03,1.514606e-03
2.594377e-02,3.043162e-02,9.149675e-03,1.896724e-03,3.638640e-02,1.627606e-02,3.596897e-03,3.418582e-02,6.600112e-01,3.634377e-03,1.501582e-01,2.049008e-02,2.700913e-03,4.005886e-03,1.132280e-03
1.838929e-02,2.339065e-02,6.439412e-03,1.661255e-03,3.224747e-02,1.329287e-02,2.689519e-03,2.533290e-02,7.485376e-01,2.668901e-03,1.052309e-01,1.438042e-02,1.987165e-03,2.816400e-03,9.351436e-04
1.318461e-02,1.758387e-02,4.524124e-03,1.398890e-03,3.575596e-02,1.031560e-02,2.040935e-03,1.941353e-02,8.059107e-01,1.907960e-03,7.373615e-02,1.008651e-02,1.462780e-03,1.980085e-03,6.982097e-04
1.019900e-02,1.569491e-02,3.202418e-03,2.091444e-03,4.544085e-02,8.897717e-03,1.658629e-03,1.902594e-02,8.303748e-01,1.388222e-03,5.165600e-02,7.098281e-03,1.297691e-03,1.391378e-03,5.826665e-04
1.068588e-02,1.297523e-02,2.632005e-03,7.233252e-03,8.459571e-02,7.829882e-03,3.785888e-03,5.406765e-02,7.688439e-01,1.158213e-03,3.621808e-02,5.040293e-03,3.006024e-03,9.787452e-04,9.491977e-04
1.771198e-02,1.160426e-02,2.552816e-03,1.896930e-02,1.971318e-01,6.544994e-03,5.178536e-03,7.025048e-02,6.356262e-01,1.081133e-03,2.540597e-02,3.593606e-03,2.301164e-03,6.872583e-04,1.360519e-03
3.443290e-02,1.514454e-02,2.321735e-03,3.696495e-02,2.693338e-01,5.394485e-03,4.990886e-03,5.890457e-02,5.453876e-01,1.256210e-03,1.789073e-02,2.754446e-03,1.899418e-03,4.849887e-04,2.838768e-03
3.803504e-02,1.685705e-02,3.852482e-03,9.619231e-02,3.422925e-01,4.272742e-03,6.512095e-03,5.947070e-02,4.126700e-01,1.019574e-03,1.263689e-02,1.998194e-03,1.450053e-03,3.412763e-04,2.399042e-03
5.717859e-02,2.949662e-02,4.566461e-03,9.893999e-02,3.420011e-01,4.151641e-03,8.546559e-03,4.660976e-02,3.923604e-01,1.178029e-03,8.998731e-03,1.620932e-03,1.365274e-03,2.425083e-04,2.743373e-03
6.851325e-02,3.135081e-02,4.456841e-03,9.157267e-02,3.598587e-01,4.808514e-03,1.416912e-02,3.769860e-02,3.753600e-01,9.853991e-04,6.448137e-03,1.271653e-03,1.155457e-03,1.750600e-04,2.175834e-03
7.354823e-02,5.701602e-02,1.202659e-02,1.996920e-01,3.036276e-01,4.960558e-03,1.330760e-02,3.036799e-02,2.919886e-01,1.625672e-03,4.752487e-03,1.166236e-03,1.406918e-03,1.339394e-04,4.379566e-03
8.161646e-02,6.903668e-02,1.316600e-02,1.653537e-01,3.044441e-01,7.105243e-03,1.303285e-02,2.406089e-02,3.055844e-01,2.204180e-03,3.828413e-03,1.166970e-03,1.467817e-03,1.703317e-04,7.761994e-03
6.610707e-02,1.190714e-01,4.539502e-02,2.333598e-01,2.478753e-01,7.215610e-03,1.115400e-02,1.950683e-02,2.301716e-01,3.998002e-03,2.963202e-03,1.058075e-03,1.193959e-03,1.510711e-04,1.077901e-02
7.537402e-02,1.007993e-01,5.549164e-02,1.908635e-01,2.098527e-01,1.399038e-02,8.294499e-02,3.120596e-02,2.086546e-01,4.550212e-03,3.902050e-03,2.010466e-03,8.229095e-03,2.269614e-04,1.190414e-02
7.299873e-02,1.174322e-01,6.604620e-02,1.734985e-01,1.662112e-01,6.134479e-02,6.601732e-02,2.264222e-02,1.654938e-01,7.604266e-03,4.748383e-03,3.363796e-03,3.851235e-02,1.089532e-03,3.299665e-02
2.297990e-01,9.734029e-02,4.866653e-02,1.289043e-01,1.242938e-01,5.800337e-02,4.813443e-02,2.087678e-02,1.253793e-01,5.677367e-03,5.922324e-03,7.542575e-03,6.421450e-02,1.907731e-03,3.333766e-02
3.578996e-01,8.154473e-02,3.701681e-02,9.718720e-02,9.609891e-02,4.523661e-02,3.520104e-02,2.040260e-02,9.693073e-02,4.639121e-03,6.703422e-03,1.439847e-02,6.604766e-02,2.313820e-03,3.837928e-02
4.373758e-01,6.897606e-02,2.825370e-02,7.344892e-02,7.726824e-02,3.938619e-02,2.633700e-02,1.956005e-02,7.456184e-02,3.628895e-03,7.051310e-03,1.775166e-02,8.575319e-02,2.392242e-03,3.825485e-02
3.776593e-01,5.438710e-02,2.030103e-02,5.624896e-02,5.632105e-02,6.205323e-02,1.927108e-02,1.462905e-02,5.695831e-02,2.805656e-03,5.946912e-03,1.832773e-02,2.095584e-01,2.307852e-03,4.322433e-02
3.288176e-01,4.665628e-02,1.683431e-02,5.254092e-02,4.190193e-02,5.316700e-02,1.492169e-02,1.209994e-02,5.134526e-02,4.720995e-03,7.469464e-03,2.051871e-02,2.955829e-01,2.741475e-03,5.068157e-02
