1.000000e+00,0.000000e+00,0.000000e+00,0.000000e+00,0.000000e+00,0.000000e+00,0.000000e+00,0.000000e+00,0.000000e+00,0.000000e+00,0.000000e+00,0.000000e+00,0.000000e+00,0.000000e+00,0.000000e+00
1.000000e+00,0.000000e+00,0.000000e+00,0.000000e+00,0.000000e+00,0.000000e+00,0.000000e+00,0.000000e+00,0.000000e+00,0.000000e+00,0.000000e+00,0.000000e+00,0.000000e+00,0.000000e+00,0.000000e+00
1.000000e+00,0.000000e+00,0.000000e+00,0.000000e+00,0.000000e+00,0.000000e+00,0.000000e+00,0.000000e+00,0.000000e+00,0.000000e+00,0.000000e+00,0.000000e+00,0.000000e+00,0.000000e+00,0.000000e+00
1.000000e+00,0.000000e+00,0.000000e+00,0.000000e+00,0.000000e+00,0.000000e+00,0.000000e+00,0.000000e+00,0.000000e+00,0.000000e+00,0.000000e+00,0.000000e+00,0.000000e+00,0.000000e+00,0.000000e+00
1.000000e+00,0.000000e+00,0.000000e+00,0.000000e+00,0.000000e+00,0.000000e+00,0.000000e+00,0.000000e+00,0.000000e+00,0.000000e+00,0.000000e+00,0.000000e+00,0.000000e+00,0.000000e+00,0.000000e+00
1.000000e+00,0.000000e+00,0.000000e+00,0.000000e+00,0.000000e+00,0.000000e+00,0.000000e+00,0.000000e+00,0.000000e+00,0.000000e+00,0.000000e+00,0.000000e+00,0.000000e+00,0.000000e+00,0.000000e+00
1.000000e+00,0.000000e+00,0.000000e+00,0.000000e+00,0.000000e+00,0.000000e+00,0.000000e+00,0.000000e+00,0.000000e+00,0.000000e+00,0.000000e+00,0.000000e+00,0.000000e+00,0.000000e+00,0.000000e+00
1.000000e+00,0.000000e+00,0.000000e+00,0.000000e+00,0.000000e+00,0.000000e+00,0.000000e+00,0.000000e+00,0.000000e+00,0.000000e+00,0.000000e+00,0.000000e+00,0.000000e+00,0.000000e+00,0.000000e+00
1.000000e+00,0.000000e+00,0.000000e+00,0.000000e+00,0.000000e+00,0.000000e+00,0.000000e+00,0.000000e+00,0.000000e+00,0.000000e+00,0.000000e+00,0.000000e+00,0.000000e+00,0.000000e+00,0.000000e+00
1.000000e+00,0.000000e+00,0.000000e+00,0.000000e+00,0.000000e+00,0.000000e+00,0.000000e+00,0.000000e+00,0.000000e+00,0.000000e+00,0.000000e+00,0.000000e+00,0.000000e+00,0.000000e+00,0.000000e+00
1.000000e+00,0.000000e+00,0.000000e+00,0.000000e+00,0.000000e+00,0.000000e+00,0.000000e+00,0.000000e+00,0.000000e+00,0.000000e+00,0.000000e+00,0.000000e+00,0.000000e+00,0.000000e+00,0.000000e+00
1.000000e+00,0.000000e+00,0.000000e+00,0.000000e+00,0.000000e+00,0.000000e+00,0.000000e+00,0.000000e+00,0.000000e+00,0.000000e+00,0.000000e+00,0.000000e+00,0.000000e+00,0.000000e+00,0.000000e+00
1.000000e+00,0.000000e+00,0.000000e+00,0.000000e+00,0.000000e+00,0.000000e+00,0.000000e+00,0.000000e+00,0.000000e+00,0.000000e+00,0.000000e+00,0.000000e+00,0.000000e+00,0.000000e+00,0.000000e+00
1.000000e+00,0.000000e+00,0.000000e+00,0.000000e+00,0.000000e+00,0.000000e+00,0.000000e+00,0.000000e+00,0.000000e+00,0.000000e+00,0.000000e+00,0.000000e+00,0.000000e+00,0.000000e+00,0.000000e+00
1.000000e+00,0.000000e+00,0.000000e+00,0.000000e+00,0.000000e+00,0.000000e+00,0.000000e+00,0.000000e+00,0.000000e+00,0.000000e+00,0.000000e+00,0.000000e+00,0.000000e+00,0.000000e+00,0.000000e+00
1.000000e+00,0.000000e+00,0.000000e+00,0.000000e+00,0.000000e+00,0.000000e+00,0.000000e+00,0.000000e+00,0.000000e+00,0.000000e+00,0.000000e+00,0.000000e+00,0.000000e+00,0.000000e+00,0.000000e+00
1.000000e+00,0.000000e+00,0.000000e+00,0.000000e+00,0.000000e+00,0.000000e+00,0.000000e+00,0.000000e+00,0.000000e+00,0.000000e+00,0.000000e+00,0.000000e+00,0.000000e+00,0.000000e+00,0.000000e+00
1.000000e+00,0.000000e+00,0.000000e+00,0.000000e+00,0.000000e+00,0.000000e+00,0.000000e+00,0.000000e+00,0.000000e+00,0.000000e+00,0.000000e+00,0.000000e+00,0.000000e+00,0.000000e+00,0.000000e+00
1.000000e+00,0.000000e+00,0.000000e+00,0.000000e+00,0.000000e+00,0.000000e+00,0.000000e+00,0.000000e+00,0.000000e+00,0.000000e+00,0.000000e+00,0.000000e+00,0.000000e+00,0.000000e+00,0.000000e+00
1.000000e+00,0.000000e+00,0.000000e+00,0.000000e+00,0.000000e+00,0.000000e+00,0.000000e+00,0.000000e+00,0.000000e+00,0.000000e+00,0.000000e+00,0.000000e+00,0.000000e+00,0.000000e+00,0.000000e+00
1.000000e+00,0.000000e+00,0.000000e+00,0.000000e+00,0.000000e+00,0.000000e+00,0.000000e+00,0.000000e+00,0.000000e+00,0.000000e+00,0.000000e+00,0.000000e+00,0.000000e+00,0.000000e+00,0.000000e+00
1.000000e+00,0.000000e+00,0.000000e+00,0.000000e+00,0.000000e+00,0.000000e+00,0.000000e+00,0.000000e+00,0.000000e+00,0.000000e+00,0.000000e+00,0.000000e+00,0.000000e+00,0.000000e+00,0.000000e+00
1.000000e+00,0.000000e+00,0.000000e+00,0.000000e+00,0.000000e+00,0.000000e+00,0.000000e+00,0.000000e+00,0.000000e+00,0.000000e+00,0.000000e+00,0.000000e+00,0.000000e+00,0.000000e+00,0.000000e+00
1.000000e+00,0.000000e+00,0.000000e+00,0.000000e+00,0.000000e+00,0.000000e+00,0.000000e+00,0.000000e+00,0.000000e+00,0.000000e+00,0.000000e+00,0.000000e+00,0.000000e+00,0.000000e+00,0.000000e+00
1.000000e+00,0.000000e+00,0.000000e+00,0.000000e+00,0.000000e+00,0.000000e+00,0.000000e+00,0.000000e+00,0.000000e+00,0.000000e+00,0.000000e+00,0.000000e+00,0.000000e+00,0.000000e+00,0.000000e+00
1.000000e+00,0.000000e+00,0.000000e+00,0.000000e+00,0.000000e+00,0.000000e+00,0.000000e+00,0.000000e+00,0.000000e+00,0.000000e+00,0.000000e+00,0.000000e+00,0.000000e+00,0.000000e+00,0.000000e+00
1.000000e+00,0.000000e+00,0.000000e+00,0.000000e+00,0.000000e+00,0.000000e+00,0.000000e+00,0.000000e+00,0.000000e+00,0.000000e+00,0.000000e+00,0.000000e+00,0.000000e+00,0.000000e+00,0.000000e+00
1.000000e+00,0.000000e+00,0.000000e+00,0.000000e+00,0.000000e+00,0.000000e+00,0.000000e+00,0.000000e+00,0.000000e+00,0.000000e+00,0.000000e+00,0.000000e+00,0.000000e+00,0.000000e+00,0.000000e+00
1.000000e+00,0.000000e+00,0.000000e+00,0.000000e+00,0.000000e+00,0.000000e+00,0.000000e+00,0.000000e+00,0.000000e+00,0.000000e+00,0.000000e+00,0.000000e+00,0.000000e+00,0.000000e+00,0.000000e+00
1.000000e+00,0.000000e+00,0.000000e+00,0.000000e+00,0.000000e+00,0.000000e+00,0.000000e+00,0.000000e+00,0.000000e+00,0.000000e+00,0.000000e+00,0.000000e+00,0.000000e+00,0.000000e+00,0.000000e+00
1.000000e+00,0.000000e+00,0.000000e+00,0.000000e+00,0.000000e+00,0.000000e+00,0.000000e+00,0.000000e+00,0.000000e+00,0.000000e+00,0.000000e+00,0.000000e+00,0.000000e+00,0.000000e+00,0.000000e+00
1.000000e+00,0.000000e+00,0.000000e+00,0.000000e+00,0.000000e+00,0.000000e+00,0.000000e+00,0.000000e+00,0.000000e+00,0.000000e+00,0.000000e+00,0.000000e+00,0.000000e+00,0.000000e+00,0.000000e+00
1.000000e+00,0.000000e+00,0.000000e+00,0.000000e+00,0.000000e+00,0.000000e+00,0.000000e+00,0.000000e+00,0.000000e+00,0.000000e+00,0.000000e+00,0.000000e+00,0.000000e+00,0.000000e+00,0.000000e+00
1.000000e+00,0.000000e+00,0.000000e+00,0.000000e+00,0.000000e+00,0.000000e+00,0.000000e+00,0.000000e+00,0.000000e+00,0.000000e+00,0.000000e+00,0.000000e+00,0.000000e+00,0.000000e+00,0.000000e+00
1.000000e+00,0.000000e+00,0.000000e+00,0.000000e+00,0.000000e+00,0.000000e+00,0.000000e+00,0.000000e+00,0.000000e+00,0.000000e+00,0.000000e+00,0.000000e+00,0.000000e+00,0.000000e+00,0.000000e+00
1.000000e+00,0.000000e+00,0.000000e+00,0.000000e+00,0.000000e+00,0.000000e+00,0.000000e+00,0.000000e+00,0.000000e+00,0.000000e+00,0.000000e+00,0.000000e+00,0.000000e+00,0.000000e+00,0.000000e+00
1.000000e+00,0.000000e+00,0.000000e+00,0.000000e+00,0.000000e+00,0.000000e+00,0.000000e+00,0.000000e+00,0.000000e+00,0.000000e+00,0.000000e+00,0.000000e+00,0.000000e+00,0.000000e+00,0.000000e+00
1.000000e+00,0.000000e+00,0.000000e+00,0.000000e+00,0.000000e+00,0.000000e+00,0.000000e+00,0.000000e+00,0.000000e+00,0.000000e+00,0.000000e+00,0.000000e+00,0.000000e+00,0.000000e+00,0.000000e+00
1.000000e+00,0.000000e+00,0.000000e+00,0.000000e+00,0.000000e+00,0.000000e+00,0.000000e+00,0.000000e+00,0.000000e+00,0.000000e+00,0.000000e+00,0.000000e+00,0.000000e+00,0.000000e+00,0.000000e+00
1.000000e+00,0.000000e+00,0.000000e+00,0.000000e+00,0.000000e+00,0.000000e+00,0.000000e+00,0.000000e+00,0.000000e+00,0.000000e+00,0.000000e+00,0.000000e+00,0.000000e+00,0.000000e+00,0.000000e+00
1.000000e+00,0.000000e+00,0.000000e+00,0.000000e+00,0.000000e+00,0.000000e+00,0.000000e+00,0.000000e+00,0.000000e+00,0.000000e+00,0.000000e+00,0.000000e+00,0.000000e+00,0.000000e+00,0.000000e+00
1.000000e+00,0.000000e+00,0.000000e+00,0.000000e+00,0.000000e+00,0.000000e+00,0.000000e+00,0.000000e+00,0.000000e+00,0.000000e+00,0.000000e+00,0.000000e+00,0.000000e+00,0.000000e+00,0.000000e+00
1.000000e+00,0.000000e+00,0.000000e+00,0.000000e+00,0.000000e+00,0.000000e+00,0.000000e+00,0.000000e+00,0.000000e+00,0.000000e+00,0.000000e+00,0.000000e+00,0.000000e+00,0.000000e+00,0.000000e+00
1.000000e+00,0.000000e+00,0.000000e+00,0.000000e+00,0.000000e+00,0.000000e+00,0.000000e+00,0.000000e+00,0.000000e+00,0.000000e+00,0.000000e+00,0.000000e+00,0.000000e+00,0.000000e+00,0.000000e+00
1.000000e+00,0.000000e+00,0.000000e+00,0.000000e+00,0.000000e+00,0.000000e+00,0.000000e+00,0.000000e+00,0.000000e+00,0.000000e+00,0.000000e+00,0.000000e+00,0.000000e+00,0.000000e+00,0.000000e+00
1.000000e+00,0.000000e+00,0.000000e+00,0.000000e+00,0.000000e+00,0.000000e+00,0.000000e+00,0.000000e+00,0.000000e+00,0.000000e+00,0.000000e+00,0.000000e+00,0.000000e+00,0.000000e+00,0.000000e+00
1.000000e+00,0.000000e+00,0.000000e+00,0.000000e+00,0.000000e+00,0.000000e+00,0.000000e+00,0.000000e+00,0.000000e+00,0.000000e+00,0.000000e+00,0.000000e+00,0.000000e+00,0.000000e+00,0.000000e+00
1.000000e+00,0.000000e+00,0.000000e+00,0.000000e+00,0.000000e+00,0.000000e+00,0.000000e+00,0.000000e+00,0.000000e+00,0.000000e+00,0.000000e+00,0.000000e+00,0.000000e+00,0.000000e+00,0.000000e+00
1.000000e+00,0.000000e+00,0.000000e+00,0.000000e+00,0.000000e+00,0.000000e+00,0.000000e+00,0.000000e+00,0.000000e+00,0.000000e+00,0.000000e+00,0.000000e+00,0.000000e+00,0.000000e+00,0.000000e+00
1.000000e+00,0.000000e+00,0.000000e+00,0.000000e+00,0.000000e+00,0.000000e+00,0.000000e+00,0.000000e+00,0.000000e+00,0.000000e+00,0.000000e+00,0.000000e+00,0.000000e+00,0.000000e+00,0.000000e+00
1.000000e+00,0.000000e+00,0.000000e+00,0.000000e+00,0.000000e+00,0.000000e+00,0.000000e+00,0.000000e+00,0.000000e+00,0.000000e+00,0.000000e+00,0.000000e+00,0.000000e+00,0.000000e+00,0.000000e+00
1.000000e+00,0.000000e+00,0.000000e+00,0.000000e+00,0.000000e+00,0.000000e+00,0.000000e+00,0.000000e+00,0.000000e+00,0.000000e+00,0.000000e+00,0.000000e+00,0.000000e+00,0.000000e+00,0.000000e+00
1.000000e+00,0.000000e+00,0.000000e+00,0.000000e+00,0.000000e+00,0.000000e+00,0.000000e+00,0.000000e+00,0.000000e+00,0.000000e+00,0.000000e+00,0.000000e+00,0.000000e+00,0.000000e+00,0.000000e+00
1.000000e+00,0.000000e+00,0.000000e+00,0.000000e+00,0.000000e+00,0.000000e+00,0.000000e+00,0.000000e+00,0.000000e+00,0.000000e+00,0.000000e+00,0.000000e+00,0.000000e+00,0.000000e+00,0.000000e+00
1.000000e+00,0.000000e+00,0.000000e+00,0.000000e+00,0.000000e+00,0.000000e+00,0.000000e+00,0.000000e+00,0.000000e+00,0.000000e+00,0.000000e+00,0.000000e+00,0.000000e+00,0.000000e+00,0.000000e+00
1.000000e+00,0.000000e+00,0.000000e+00,0.000000e+00,0.000000e+00,0.000000e+00,0.000000e+00,0.000000e+00,0.000000e+00,0.000000e+00,0.000000e+00,0.000000e+00,0.000000e+00,0.000000e+00,0.000000e+00
1.000000e+00,0.000000e+00,0.000000e+00,0.000000e+00,0.000000e+00,0.000000e+00,0.000000e+00,0.000000e+00,0.000000e+00,0.000000e+00,0.000000e+00,0.000000e+00,0.000000e+00,0.000000e+00,0.000000e+00
1.000000e+00,0.000000e+00,0.000000e+00,0.000000e+00,0.000000e+00,0.000000e+00,0.000000e+00,0.000000e+00,0.000000e+00,0.000000e+00,0.000000e+00,0.000000e+00,0.000000e+00,0.000000e+00,0.000000e+00
1.000000e+00,0.000000e+00,0.000000e+00,0.000000e+00,0.000000e+00,0.000000e+00,0.000000e+00,0.000000e+00,0.000000e+00,0.000000e+00,0.000000e+00,0.000000e+00,0.000000e+00,0.000000e+00,0.000000e+00
1.000000e+00,0.000000e+00,0.000000e+00,0.000000e+00,0.000000e+00,0.000000e+00,0.000000e+00,0.000000e+00,0.000000e+00,0.000000e+00,0.000000e+00,0.000000e+00,0.000000e+00,0.000000e+00,0.000000e+00
1.000000e+00,0.000000e+00,0.000000e+00,0.000000e+00,0.000000e+00,0.000000e+00,0.000000e+00,0.000000e+00,0.000000e+00,0.000000e+00,0.000000e+00,0.000000e+00,0.000000e+00,0.000000e+00,0.000000e+00
4.000649e-01,1.505456e-02,1.422941e-02,7.081010e-02,5.373657e-03,2.850997e-01,3.572486e-03,1.422572e-02,6.403448e-03,1.864225e-03,1.254246e-02,2.024595e-02,1.279021e-01,1.557961e-03,2.105329e-02
2.806171e-01,5.113034e-02,1.973626e-02,1.663868e-01,4.205182e-03,2.015884e-01,2.868737e-03,1.000080e-02,7.848497e-02,7.978060e-03,1.016137e-02,1.656921e-02,1.001221e-01,1.233769e-03,4.891687e-02
1.984417e-01,4.366142e-02,2.189591e-02,1.742747e-01,4.434731e-03,1.458001e-01,2.693963e-03,7.303962e-03,8.047807e-02,1.013631e-02,2.477222e-02,1.766185e-02,1.243247e-01,1.327787e-03,1.427927e-01
1.408448e-01,3.898305e-02,1.585483e-02,1.320885e-01,4.631693e-03,1.101477e-01,3.264648e-03,5.346139e-03,9.262303e-02,7.870497e-03,1.996840e-02,1.697125e-02,2.933831e-01,1.256076e-03,1.167664e-01
1.005157e-01,2.809928e-02,1.135809e-02,9.418599e-02,3.832611e-03,9.122153e-02,4.265383e-03,4.531494e-03,6.644727e-02,5.593346e-03,1.441317e-02,1.471161e-02,4.759925e-01,9.583121e-04,8.387380e-02
7.401147e-02,2.317893e-02,8.308043e-03,6.839911e-02,3.018929e-03,1.027560e-01,3.497154e-03,3.809782e-03,4.970287e-02,4.018963e-03,1.084033e-02,1.363262e-02,5.713177e-01,7.239141e-04,6.278422e-02
5.511527e-02,1.855606e-02,6.112616e-03,4.909644e-02,2.651257e-03,8.254309e-02,2.943479e-03,3.237129e-03,3.733085e-02,2.934871e-03,8.282262e-03,1.608466e-02,6.684660e-01,5.747474e-04,4.607131e-02
4.028426e-02,1.853223e-02,2.373603e-02,5.280323e-02,2.442012e-03,7.458170e-02,2.641246e-03,2.395280e-03,6.270394e-02,3.238090e-03,6.037129e-03,2.079612e-02,6.515623e-01,4.523629e-04,3.779411e-02
3.434049e-02,1.512631e-02,1.930763e-02,4.074798e-02,2.689788e-03,8.416358e-02,2.255898e-03,2.212368e-03,5.656692e-02,2.781020e-03,9.686088e-03,3.585297e-02,6.622306e-01,5.834828e-04,3.145489e-02
2.455688e-02,1.199919e-02,1.365098e-02,2.939083e-02,2.432600e-03,6.823630e-02,1.679166e-03,1.622517e-03,5.019882e-02,2.021873e-03,7.529533e-03,3.366524e-02,7.293400e-01,4.371844e-04,2.323896e-02
2.010220e-02,4.779286e-02,1.565507e-02,2.812576e-02,3.340776e-03,6.829630e-02,1.380475e-03,1.374679e-03,9.490874e-02,2.416310e-03,1.037111e-02,4.453601e-02,6.414372e-01,2.020004e-03,1.824248e-02
1.516739e-02,3.590886e-02,1.159750e-02,2.125584e-02,2.750956e-03,5.848877e-02,1.087950e-03,1.198387e-03,8.712485e-02,2.158434e-03,2.034082e-02,7.531416e-02,6.461236e-01,2.591080e-03,1.889133e-02
1.238421e-02,2.558806e-02,8.641639e-03,1.608633e-02,1.907592e-02,4.489346e-02,1.233420e-03,1.126647e-03,9.260458e-02,1.790600e-03,2.313282e-02,6.783555e-02,6.641264e-01,2.260250e-03,1.922016e-02
1.210155e-02,1.832375e-02,8.636242e-03,1.247310e-02,2.609716e-02,3.695276e-02,1.432520e-02,4.063990e-03,7.089234e-02,1.441789e-03,1.836605e-02,6.643958e-02,6.925384e-01,1.758924e-03,1.558920e-02
1.817571e-02,1.702645e-02,8.444239e-03,1.169448e-02,2.587030e-02,3.601382e-02,1.111976e-02,2.303845e-02,7.025663e-02,2.175265e-03,1.453925e-02,6.357388e-02,6.790442e-01,2.412770e-03,1.661483e-02
2.014185e-02,1.412720e-02,9.449951e-03,1.125663e-02,2.815848e-02,2.895748e-02,9.337598e-03,1.188576e-01,5.824198e-02,1.919198e-03,1.238961e-02,5.148061e-02,6.168581e-01,2.398434e-03,1.642530e-02
2.942494e-02,1.686945e-02,1.034578e-02,1.215958e-02,3.570579e-02,2.533022e-02,8.389748e-03,2.170455e-01,5.046903e-02,1.611596e-03,9.025604e-03,3.766805e-02,5.301484e-01,1.823635e-03,1.398275e-02
3.292815e-02,1.725808e-02,1.088306e-02,1.197401e-02,3.111295e-02,2.134414e-02,1.016156e-02,3.688908e-01,3.853972e-02,1.337940e-03,6.627777e-03,2.688686e-02,4.097227e-01,1.369199e-03,1.096321e-02
3.483313e-02,1.769395e-02,9.424434e-03,8.970765e-03,2.444556e-02,2.015754e-02,8.903890e-03,4.608849e-01,3.107546e-02,1.134326e-03,5.822327e-03,2.180840e-02,3.453761e-01,1.063363e-03,8.405887e-03
4.791062e-02,1.826027e-02,9.987462e-03,9.051426e-03,2.650544e-02,1.884341e-02,9.015887e-03,5.249166e-01,3.395987e-02,1.169646e-03,5.335954e-03,1.803714e-02,2.687932e-01,9.538302e-04,7.259329e-03
5.358414e-02,1.794095e-02,1.227736e-02,1.062574e-02,3.901052e-02,1.731947e-02,7.994281e-03,5.821344e-01,2.821427e-02,1.649349e-03,5.281122e-03,1.493778e-02,2.015707e-01,9.062830e-04,6.553698e-03
4.886091e-02,1.382286e-02,1.197611e-02,1.196583e-02,5.354954e-02,1.479021e-02,6.652480e-03,6.433159e-01,2.108987e-02,1.444382e-03,5.324410e-03,1.117877e-02,1.501906e-01,7.417285e-04,5.096480e-03
4.790892e-02,1.028394e-02,1.226628e-02,1.263881e-02,5.484800e-02,1.167298e-02,8.045478e-03,7.013474e-01,1.579286e-02,1.304357e-03,4.249685e-03,8.047815e-03,1.073246e-01,5.536701e-04,3.715274e-03
4.284727e-02,7.374129e-03,9.577744e-03,1.045219e-02,4.789928e-02,1.358404e-02,5.858752e-03,7.603526e-01,1.144910e-02,1.263613e-03,3.936837e-03,6.488887e-03,7.571005e-02,4.394020e-04,2.766145e-03
3.262027e-02,5.188230e-03,6.886936e-03,7.853093e-03,3.873504e-02,1.051415e-02,4.169749e-03,8.217309e-01,8.131275e-03,9.021391e-04,2.951528e-03,4.875600e-03,5.317663e-02,3.147573e-04,1.949728e-03
2.411295e-02,3.645971e-03,5.054878e-03,5.763793e-03,2.949642e-02,8.112160e-03,2.959414e-03,8.698378e-01,5.782355e-03,6.344910e-04,2.141558e-03,3.561728e-03,3.730167e-02,2.228290e-04,1.372032e-03
3.511930e-02,2.638155e-03,4.270406e-03,6.193122e-03,3.248153e-02,3.923123e-02,2.243480e-03,8.377731e-01,4.283800e-03,4.567016e-04,1.987531e-03,4.325860e-03,2.771741e-02,1.746629e-04,1.103696e-03
5.086308e-02,1.999381e-03,3.528703e-03,6.132764e-03,3.859026e-02,1.067068e-01,1.849049e-03,7.481644e-01,3.228584e-03,3.384562e-04,4.148311e-03,7.732836e-03,2.527130e-02,2.049386e-04,1.241230e-03
8.181191e-02,1.674438e-03,3.997291e-03,5.180827e-03,3.308310e-02,1.134042e-01,1.733476e-03,7.244714e-01,2.563586e-03,2.588882e-04,3.781860e-03,6.887555e-03,1.974743e-02,2.606226e-04,1.143422e-03
8.985990e-02,3.787498e-03,4.495766e-03,5.508619e-03,2.576167e-02,2.378346e-01,1.692472e-03,5.890738e-01,2.745190e-03,5.090124e-04,7.107124e-03,9.135237e-03,1.938842e-02,5.884954e-04,2.512193e-03
7.528131e-02,3.407182e-03,3.873490e-03,4.279625e-03,1.869833e-02,4.235241e-01,1.367490e-03,4.222730e-01,2.425382e-03,7.213464e-04,7.676616e-03,1.475464e-02,1.798490e-02,1.333842e-03,2.398758e-03
1.252261e-01,3.174157e-03,4.119230e-03,4.141521e-03,1.391309e-02,4.188709e-01,1.602023e-03,3.170339e-01,2.661529e-03,1.679103e-03,1.662175e-02,6.413861e-02,2.007799e-02,3.363525e-03,3.376556e-03
1.342183e-01,2.804682e-03,3.301390e-03,3.307021e-03,1.010559e-02,4.521324e-01,1.484665e-03,2.280486e-01,2.335364e-03,2.672508e-03,4.361723e-02,8.148952e-02,2.267171e-02,7.502322e-03,4.308667e-03
2.310773e-01,5.122415e-03,4.546459e-03,3.342871e-03,7.659812e-03,3.749994e-01,1.414702e-03,1.629821e-01,2.296670e-03,2.909619e-03,6.699973e-02,8.441810e-02,2.269107e-02,1.747654e-02,1.206312e-02
2.238082e-01,8.401083e-03,6.097895e-03,3.840454e-03,6.418775e-03,2.786107e-01,1.216076e-03,1.147372e-01,4.308023e-03,4.452629e-03,1.772256e-01,1.162936e-01,2.046485e-02,2.084407e-02,1.328087e-02
1.845887e-01,8.280341e-03,5.331928e-03,3.331627e-03,4.917957e-03,2.081081e-01,9.741224e-04,8.063715e-02,4.690478e-03,4.864727e-03,3.043528e-01,1.434365e-01,1.669126e-02,1.813651e-02,1.165784e-02
1.721902e-01,2.569790e-02,1.143016e-02,3.007630e-03,4.803296e-03,1.520914e-01,1.455301e-03,6.066858e-02,1.649962e-02,5.231352e-03,2.951691e-01,2.069087e-01,1.352887e-02,2.163314e-02,9.684858e-03
1.539019e-01,3.226101e-02,1.821694e-02,2.879115e-03,4.738078e-03,1.115685e-01,1.532518e-03,4.619472e-02,2.169637e-02,5.448806e-03,3.350669e-01,2.166831e-01,1.195968e-02,3.013724e-02,7.715134e-03
1.304311e-01,2.599174e-02,1.085155e-01,7.364784e-03,6.898636e-03,8.538669e-02,1.389255e-03,3.959585e-02,2.093475e-02,4.834530e-03,3.239243e-01,2.057723e-01,9.864779e-03,2.291158e-02,6.184182e-03
1.271558e-01,3.851766e-02,9.684535e-02,8.999933e-03,1.100168e-02,6.281383e-02,2.054296e-03,3.554161e-02,2.560112e-02,5.873566e-03,3.533993e-01,1.952388e-01,9.244816e-03,2.232187e-02,5.390259e-03
1.105700e-01,3.784627e-02,9.873693e-02,1.207174e-02,1.023999e-02,5.609187e-02,2.043367e-03,3.742929e-02,2.649647e-02,6.293719e-03,3.608334e-01,2.002393e-01,8.604886e-03,2.627466e-02,6.228053e-03
1.112464e-01,3.872675e-02,8.046795e-02,1.130517e-02,8.977813e-03,5.856787e-02,1.646051e-03,3.027043e-02,2.411992e-02,8.844040e-03,4.071240e-01,1.618258e-01,7.086302e-03,4.025143e-02,9.540105e-03
9.400565e-02,3.752370e-02,6.072406e-02,1.083099e-02,8.489754e-03,6.566596e-02,1.313540e-03,2.332835e-02,2.517702e-02,8.480042e-03,4.891591e-01,1.242876e-01,5.712274e-03,3.576446e-02,9.537470e-03
1.184682e-01,4.044219e-02,5.220272e-02,1.368666e-02,1.106298e-02,5.471009e-02,1.266837e-03,2.074610e-02,3.023274e-02,1.479327e-02,4.636109e-01,1.104770e-01,6.574624e-03,4.972944e-02,1.199618e-02
1.497392e-01,6.380888e-02,4.028704e-02,1.491222e-02,1.699603e-02,4.416038e-02,1.185710e-03,2.381085e-02,7.458135e-02,3.282871e-02,3.700184e-01,8.266719e-02,6.040372e-03,6.712882e-02,1.183482e-02
1.894758e-01,6.234162e-02,3.343416e-02,1.780847e-02,2.002273e-02,3.737416e-02,1.238265e-03,2.566105e-02,8.360268e-02,3.084055e-02,3.468740e-01,7.122427e-02,5.936908e-03,6.216691e-02,1.199842e-02
2.164180e-01,5.342193e-02,2.739446e-02,1.662283e-02,2.781734e-02,2.978743e-02,1.453608e-03,3.427885e-02,8.808933e-02,5.532386e-02,3.048628e-01,5.921474e-02,5.735397e-03,6.741654e-02,1.216290e-02
2.336596e-01,4.618920e-02,2.219966e-02,1.516736e-02,5.267226e-02,2.284439e-02,1.575936e-03,4.060880e-02,1.100720e-01,6.187350e-02,2.521909e-01,4.989121e-02,6.015528e-03,7.436275e-02,1.067695e-02
3.251380e-01,4.037010e-02,1.750722e-02,1.677577e-02,4.403342e-02,2.199112e-02,1.461250e-03,3.385948e-02,9.488001e-02,5.551843e-02,1.994861e-01,4.434988e-02,6.445874e-03,7.135923e-02,2.682402e-02
3.527588e-01,3.833489e-02,1.480013e-02,1.814680e-02,4.221068e-02,2.107232e-02,1.517449e-03,2.815017e-02,9.919809e-02,5.009607e-02,1.800773e-01,4.392878e-02,6.426250e-03,7.032190e-02,3.296048e-02
3.393468e-01,3.361591e-02,3.235773e-02,5.777386e-02,4.140607e-02,2.047082e-02,5.327596e-03,6.961031e-02,8.329823e-02,3.935637e-02,1.376513e-01,5.053266e-02,7.208489e-03,5.352059e-02,2.852339e-02
3.528005e-01,2.913970e-02,3.389569e-02,5.248484e-02,3.444521e-02,1.963990e-02,4.513268e-03,5.325942e-02,7.571345e-02,3.717043e-02,1.247884e-01,7.936190e-02,1.067899e-02,5.754218e-02,3.456626e-02
3.653433e-01,3.300804e-02,3.175953e-02,4.648782e-02,2.793460e-02,2.826591e-02,3.719801e-03,3.932319e-02,6.388585e-02,3.203862e-02,1.352223e-01,7.958230e-02,1.230501e-02,5.912951e-02,4.199427e-02
3.999486e-01,3.438384e-02,3.059609e-02,4.973437e-02,2.300710e-02,2.824705e-02,3.252941e-03,3.157519e-02,4.904262e-02,2.437425e-02,1.513952e-01,7.379318e-02,1.267291e-02,5.034210e-02,3.763458e-02
3.490797e-01,2.996970e-02,2.463742e-02,4.124375e-02,1.823310e-02,2.523026e-02,2.477385e-03,2.324896e-02,3.890671e-02,1.767890e-02,2.814693e-01,5.933343e-02,1.071133e-02,4.841056e-02,2.936953e-02
2.577193e-01,2.303221e-02,2.001153e-02,3.174538e-02,1.391839e-02,2.053902e-02,1.871731e-03,1.668607e-02,2.939278e-02,1.296390e-02,4.474006e-01,4.869955e-02,8.572034e-03,4.525511e-02,2.219236e-02
1.858566e-01,1.722378e-02,1.528160e-02,2.319284e-02,1.021868e-02,1.543234e-02,1.387005e-03,1.187673e-02,2.329117e-02,1.102191e-02,5.691428e-01,4.121507e-02,6.825836e-03,5.109543e-02,1.693811e-02
1.406928e-01,1.684435e-02,1.240700e-02,1.673311e-02,7.636352e-03,1.767991e-02,1.184728e-03,8.949442e-03,2.258713e-02,9.384125e-03,6.255181e-01,4.383185e-02,5.649440e-03,5.736581e-02,1.353586e-02
1.009079e-01,1.215361e-01,9.812122e-03,1.235671e-02,7.394805e-03,2.257431e-02,1.240745e-03,6.780898e-03,1.022706e-01,1.110564e-02,4.758504e-01,4.014476e-02,4.847853e-03,5.281831e-02,3.035884e-02
7.437786e-02,1.798848e-01,4.081234e-02,2.651174e-02,9.951286e-03,2.911792e-02,1.302720e-03,6.459097e-03,1.493694e-01,1.406752e-02,3.588297e-01,3.945212e-02,3.973461e-03,4.221470e-02,2.367538e-02
5.340425e-02,1.716726e-01,3.158888e-02,2.050277e-02,9.009555e-03,4.463699e-02,1.085887e-03,4.954174e-03,1.510158e-01,1.463176e-02,3.850561e-01,4.375333e-02,3.571448e-03,4.318264e-02,2.193388e-02
3.772768e-02,1.414998e-01,2.226443e-02,1.454979e-02,6.631085e-03,3.570355e-02,7.757044e-04,3.554342e-03,1.140021e-01,1.288342e-02,4.994090e-01,3.890590e-02,3.232882e-03,5.218210e-02,1.667823e-02
2.725665e-02,1.168213e-01,1.614991e-02,1.042670e-02,5.575061e-03,3.078436e-02,6.151428e-04,2.734217e-03,9.399335e-02,1.138484e-02,5.770983e-01,4.405299e-02,4.401474e-03,4.608025e-02,1.262544e-02
1.971071e-02,8.699081e-02,1.196945e-02,1.016222e-02,7.060502e-03,2.909820e-02,5.092212e-04,2.349289e-03,8.899711e-02,1.250390e-02,6.417555e-01,3.652367e-02,5.224720e-03,3.700657e-02,1.013809e-02
1.443430e-02,7.928995e-02,9.189920e-03,9.043593e-03,9.883761e-03,2.235502e-02,6.010061e-04,1.776843e-03,8.386771e-02,4.677767e-02,6.474984e-01,2.883185e-02,5.419651e-03,2.812646e-02,1.290385e-02
1.104100e-02,8.001676e-02,8.377948e-03,7.972237e-03,1.563258e-02,1.828127e-02,6.568418e-04,1.481907e-03,8.057975e-02,1.580582e-01,5.469552e-01,2.222108e-02,5.547661e-03,2.387843e-02,1.929920e-02
8.648300e-03,9.758639e-02,6.813590e-03,6.659990e-03,1.351859e-02,1.449362e-02,6.516717e-04,1.598692e-03,1.015910e-01,1.613149e-01,5.150574e-01,2.122503e-02,6.957528e-03,2.204785e-02,2.183530e-02
8.802803e-03,8.759635e-02,8.463784e-03,2.433984e-02,2.341148e-02,1.089260e-02,1.067560e-03,2.860123e-02,1.937798e-01,1.280050e-01,4.148175e-01,2.023995e-02,1.141244e-02,1.747786e-02,2.109178e-02
1.352398e-02,7.761330e-02,1.073409e-02,3.100816e-02,1.876227e-02,8.675627e-03,1.239988e-03,3.031142e-02,2.287360e-01,1.106894e-01,3.410924e-01,1.774138e-02,1.260021e-02,6.251456e-02,3.475718e-02
2.018097e-02,6.200228e-02,7.529841e-02,8.737460e-02,2.411886e-02,1.721604e-02,1.564093e-03,3.952319e-02,2.311953e-01,8.410269e-02,2.523347e-01,1.432405e-02,1.254069e-02,5.022782e-02,2.799633e-02
2.391628e-02,4.913907e-02,5.829674e-02,7.520924e-02,3.558452e-02,2.250261e-02,1.683641e-03,3.367429e-02,3.347365e-01,6.440281e-02,1.975101e-01,1.402565e-02,2.394693e-02,3.946381e-02,2.590781e-02
1.754568e-02,4.809370e-02,4.143821e-02,6.112213e-02,3.102395e-02,1.778248e-02,1.622690e-03,2.512235e-02,4.301946e-01,4.631889e-02,1.584584e-01,1.234928e-02,5.726555e-02,2.797819e-02,2.368388e-02
1.589164e-02,3.568080e-02,2.913212e-02,4.559998e-02,2.641702e-02,1.385192e-02,1.365850e-03,1.796900e-02,3.582753e-01,3.278438e-02,1.164251e-01,1.093713e-02,2.559086e-01,1.970041e-02,2.006078e-02
1.266116e-02,2.566007e-02,2.047476e-02,3.300128e-02,2.068717e-02,1.024691e-02,9.820848e-04,1.288608e-02,3.044460e-01,2.309127e-02,8.465406e-02,1.011190e-02,4.096561e-01,1.418681e-02,1.725442e-02
1.063519e-02,1.861259e-02,1.444738e-02,2.424920e-02,1.520314e-02,7.740908e-03,7.242578e-04,9.247447e-03,2.667063e-01,1.671978e-02,6.246376e-02,1.103132e-02,5.148596e-01,1.122836e-02,1.613083e-02
7.726530e-03,1.544627e-02,1.081338e-02,2.594196e-02,1.099770e-02,5.553864e-03,5.179333e-04,6.509146e-03,4.557397e-01,1.186579e-02,4.401226e-02,7.932671e-03,3.766111e-01,7.977036e-03,1.235465e-02
8.814502e-03,1.242025e-02,8.724220e-03,2.959907e-02,8.481705e-03,5.342769e-03,4.512895e-04,4.740877e-03,5.211952e-01,9.750683e-03,3.849844e-02,2.728977e-02,3.045805e-01,8.738052e-03,1.137271e-02
1.124091e-02,1.273771e-02,8.126626e-03,2.951581e-02,8.753611e-03,1.266313e-02,1.060846e-03,4.268540e-03,4.450017e-01,9.061140e-03,6.568978e-02,5.106037e-02,3.099611e-01,1.327908e-02,1.757971e-02
1.910152e-02,1.511563e-02,6.225002e-03,2.275944e-02,8.891222e-03,1.506372e-02,1.848483e-03,4.140061e-03,3.599084e-01,7.242501e-03,5.450012e-02,5.988143e-02,3.914993e-01,1.096777e-02,2.285539e-02
4.262083e-02,1.219079e-02,5.056676e-03,1.706080e-02,1.079872e-02,1.426294e-02,3.348957e-03,3.484759e-03,2.640877e-01,5.668907e-03,4.341964e-02,5.443073e-02,4.568649e-01,1.109173e-02,5.561192e-02
4.530328e-02,1.097802e-02,6.624894e-03,1.664276e-02,1.671587e-02,1.455561e-02,4.959325e-03,1.466709e-02,2.124888e-01,5.396947e-03,3.538889e-02,5.013189e-02,4.953552e-01,9.923650e-03,6.086774e-02
6.980941e-02,1.021109e-02,5.525814e-03,1.786625e-02,1.342486e-02,1.502733e-02,4.442665e-03,1.590064e-02,1.890733e-01,7.516606e-03,5.060507e-02,6.622633e-02,4.532685e-01,1.078224e-02,7.031988e-02
1.021448e-01,1.985345e-02,8.316530e-03,2.153528e-02,1.279978e-02,1.660120e-02,4.339602e-03,1.637846e-02,1.747418e-01,9.101335e-03,4.589671e-02,5.555662e-02,4.092796e-01,1.021876e-02,9.323609e-02
7.983169e-02,1.665325e-02,3.219675e-02,1.744397e-02,1.725234e-02,1.401315e-02,4.490862e-03,3.087159e-02,1.486313e-01,8.239466e-03,4.809289e-02,4.778238e-02,3.392990e-01,8.250797e-03,1.869506e-01
7.718028e-02,1.323214e-02,3.977907e-02,1.413856e-02,1.733931e-02,1.167792e-02,3.562179e-03,3.330700e-02,1.165636e-01,6.939897e-03,4.782732e-02,3.565649e-02,2.705233e-01,7.208331e-03,3.050646e-01
7.094808e-02,1.139523e-02,5.728370e-02,1.405137e-02,2.007745e-02,1.104515e-02,3.194151e-03,8.817798e-02,1.004028e-01,5.384549e-03,4.077344e-02,2.648553e-02,2.225449e-01,6.582298e-03,3.216534e-01
7.773796e-02,1.334838e-02,4.478410e-02,1.322315e-02,2.212405e-02,9.041202e-03,2.813767e-03,1.295287e-01,1.564097e-01,3.875153e-03,4.633273e-02,2.431245e-02,1.934158e-01,6.204449e-03,2.568484e-01
1.075381e-01,1.128348e-02,3.246200e-02,1.045643e-02,8.319795e-02,7.068062e-03,3.709566e-03,9.688210e-02,2.056087e-01,2.813754e-03,4.834285e-02,2.485669e-02,1.662938e-01,5.447331e-03,1.940392e-01
1.075968e-01,9.192824e-03,2.509054e-02,1.249634e-02,1.616614e-01,5.454885e-03,4.320369e-03,1.384971e-01,1.754689e-01,2.083389e-03,3.947840e-02,2.346185e-02,1.519801e-01,4.163334e-03,1.390538e-01
9.571742e-02,7.031931e-03,1.863564e-02,1.561774e-02,2.308405e-01,4.189963e-03,3.912879e-03,2.073967e-01,1.453317e-01,1.662434e-03,3.037262e-02,2.080750e-02,1.170598e-01,3.377161e-03,9.804592e-02
7.678395e-02,5.413663e-03,1.369969e-02,1.586749e-02,2.746987e-01,3.103578e-03,4.423934e-03,3.006900e-01,1.100086e-01,1.206430e-03,2.250946e-02,1.552175e-02,8.470116e-02,2.512638e-03,6.885895e-02
6.509555e-02,4.129491e-03,1.151147e-02,1.426549e-02,2.518945e-01,3.382479e-03,3.208797e-02,3.972067e-01,7.918233e-02,9.649156e-04,1.744828e-02,1.198687e-02,6.041567e-02,1.847717e-03,4.858060e-02
5.792840e-02,3.030987e-03,8.745302e-03,1.055294e-02,1.941615e-01,3.802553e-03,1.255470e-01,4.368388e-01,5.735653e-02,7.258701e-04,1.312408e-02,9.260008e-03,4.330922e-02,1.341126e-03,3.427571e-02
5.627953e-02,2.270791e-03,6.520568e-03,7.812331e-03,1.553280e-01,4.243025e-03,1.708401e-01,4.788357e-01,4.454039e-02,5.530159e-04,1.004333e-02,6.818261e-03,3.079580e-02,9.532417e-04,2.416582e-02
4.763654e-02,1.721126e-03,4.731739e-03,5.906364e-03,1.370682e-01,4.838850e-03,2.498347e-01,4.616714e-01,3.320768e-02,4.311762e-04,7.582160e-03,4.983858e-03,2.267719e-02,6.866460e-04,1.702248e-02
4.314261e-02,1.370437e-03,3.524489e-03,4.514200e-03,1.166964e-01,7.380965e-03,2.860024e-01,4.709955e-01,2.646153e-02,3.304562e-04,5.797931e-03,3.785904e-03,1.751641e-02,4.930110e-04,1.198788e-02
4.131967e-02,1.153867e-03,3.193768e-03,3.936397e-03,1.128935e-01,1.217879e-02,3.229257e-01,4.470168e-01,2.177033e-02,2.696251e-04,4.448837e-03,3.314968e-03,1.666575e-02,3.637102e-04,8.548314e-03
3.949667e-02,9.703952e-04,2.947419e-03,3.044539e-03,8.819634e-02,1.202681e-02,4.473696e-01,3.611229e-01,1.787193e-02,2.462842e-04,3.452804e-03,2.835447e-03,1.403387e-02,2.726991e-04,6.112342e-03
4.753149e-02,9.692563e-04,3.303992e-03,2.714334e-03,7.405190e-02,1.167596e-02,5.153620e-01,3.050624e-01,1.399150e-02,5.316985e-04,4.222659e-03,3.254740e-03,1.223282e-02,2.617539e-04,4.833538e-03
4.756575e-02,9.545236e-04,3.178807e-03,2.415318e-03,5.771460e-02,1.200140e-02,5.771145e-01,2.648022e-01,1.040158e-02,6.724708e-04,5.395238e-03,2.981181e-03,1.013195e-02,2.436181e-04,4.426924e-03
5.564320e-02,3.386544e-03,3.257134e-03,2.581401e-03,4.576062e-02,1.494754e-02,5.465858e-01,2.212265e-01,9.042819e-03,4.240542e-03,4.256019e-02,6.648509e-03,1.861555e-02,4.371399e-03,2.113223e-02
4.645167e-02,5.844778e-03,2.806020e-03,2.927535e-03,3.684267e-02,1.727922e-02,4.569357e-01,1.919863e-01,1.568162e-02,1.101638e-02,1.346610e-01,2.156526e-02,2.714157e-02,1.023302e-02,1.862731e-02
5.274084e-02,7.397038e-03,2.256527e-03,3.984521e-03,2.769220e-02,2.092209e-02,4.004203e-01,1.589638e-01,2.975984e-02,9.078034e-03,1.758936e-01,2.437997e-02,3.164084e-02,3.775281e-02,1.711763e-02
5.830866e-02,7.938880e-03,2.129481e-03,5.193873e-03,2.150221e-02,1.971390e-02,3.099936e-01,1.210892e-01,3.067849e-02,8.086525e-03,2.763210e-01,2.968111e-02,2.559880e-02,7.075132e-02,1.301294e-02
4.367334e-02,6.690571e-03,1.646095e-03,4.114238e-03,1.589134e-02,1.501683e-02,2.172291e-01,8.512641e-02,2.267476e-02,6.455326e-03,4.762070e-01,2.300734e-02,1.887568e-02,5.390513e-02,9.486855e-03
3.895916e-02,6.215677e-03,1.210750e-03,2.984893e-03,1.169669e-02,1.117192e-02,1.524565e-01,6.021481e-02,1.647333e-02,4.805531e-03,6.112229e-01,1.932426e-02,1.420063e-02,4.231762e-02,6.745421e-03
3.516416e-02,2.500845e-02,1.182885e-03,2.206138e-03,9.945288e-03,8.930288e-03,1.072001e-01,4.347619e-02,1.439376e-02,4.420705e-03,6.468782e-01,1.773247e-02,1.134915e-02,6.710966e-02,5.002602e-03
2.645632e-02,1.976111e-02,9.235369e-04,1.609897e-03,7.542792e-03,6.662791e-03,7.517537e-02,3.090606e-02,1.224922e-02,3.678107e-03,7.180676e-01,1.401122e-02,8.462393e-03,7.084113e-02,3.652502e-03
2.130124e-02,1.665024e-02,1.466164e-03,1.552304e-03,6.041099e-03,5.884476e-03,5.280669e-02,2.188963e-02,3.060947e-02,3.556305e-03,7.577544e-01,1.359989e-02,6.927721e-03,5.720587e-02,2.754481e-03
1.520129e-02,5.018604e-02,1.549685e-03,1.123878e-03,4.669472e-03,7.137122e-03,3.698527e-02,1.538701e-02,5.629980e-02,3.483627e-03,7.070947e-01,1.501236e-02,5.186677e-03,7.837832e-02,2.304759e-03
1.095593e-02,8.680733e-02,2.350897e-03,8.963976e-04,4.013113e-03,7.934693e-03,2.591620e-02,1.083498e-02,7.206756e-02,4.364788e-03,6.578437e-01,1.832074e-02,3.764966e-03,9.179174e-02,2.137010e-03
8.700629e-03,9.005829e-02,4.293340e-02,1.212733e-03,6.935840e-03,2.471787e-02,1.859153e-02,9.599660e-03,2.123200e-01,4.243460e-03,4.886802e-01,1.363590e-02,2.896579e-03,7.378423e-02,1.689685e-03
7.493443e-03,7.996365e-02,3.293400e-02,1.342002e-03,1.254831e-02,4.577461e-02,1.329548e-02,7.075214e-03,3.699356e-01,3.928806e-03,3.556094e-01,9.910921e-03,2.331716e-03,5.631747e-02,1.539466e-03
7.167176e-03,8.630167e-02,2.561946e-02,1.496790e-03,4.253256e-02,5.808354e-02,9.688372e-03,6.418991e-03,4.399781e-01,4.243823e-03,2.608798e-01,7.419379e-03,1.803443e-03,4.572880e-02,2.638133e-03
8.878334e-03,8.115155e-02,3.739835e-02,1.238241e-02,1.251132e-01,4.739611e-02,7.158373e-03,8.269845e-03,3.959793e-01,1.918248e-02,1.881203e-01,5.925233e-03,2.112194e-03,3.726020e-02,2.367218e-02
2.821601e-02,1.039570e-01,3.186991e-02,1.277839e-02,1.701816e-01,4.193704e-02,5.862788e-03,1.219133e-02,3.524221e-01,2.190793e-02,1.406084e-01,5.199370e-03,2.360821e-03,3.400835e-02,3.649893e-02
2.818473e-02,1.098696e-01,2.544341e-02,1.620700e-02,1.581704e-01,4.014377e-02,4.459477e-03,1.263929e-02,3.726973e-01,2.218468e-02,1.024053e-01,4.369809e-03,2.627768e-03,2.737495e-02,7.322251e-02
2.414246e-02,1.048468e-01,1.917338e-02,2.768642e-02,1.297356e-01,4.756686e-02,3.447244e-03,1.360339e-02,3.989680e-01,2.567755e-02,7.331239e-02,3.746019e-03,3.053300e-03,2.211694e-02,1.029237e-01
2.268890e-02,9.283584e-02,1.464134e-02,2.281854e-02,1.181786e-01,9.642299e-02,2.773183e-03,1.281331e-02,4.097352e-01,2.088146e-02,5.305486e-02,3.169303e-03,3.886199e-03,2.042521e-02,1.056751e-01
2.061079e-02,7.177410e-02,1.066682e-02,6.305714e-02,8.786976e-02,1.080316e-01,2.116205e-03,1.478563e-02,4.506087e-01,1.656966e-02,3.813312e-02,2.452851e-03,5.480813e-03,1.587506e-02,9.196776e-02
2.950340e-02,6.516842e-02,7.847836e-03,7.037713e-02,8.446336e-02,1.430243e-01,2.008077e-03,1.997020e-02,4.306968e-01,1.364145e-02,2.794673e-02,2.566278e-03,8.961761e-03,1.364997e-02,8.017426e-02
3.986437e-02,7.662356e-02,5.862516e-03,1.194862e-01,6.183542e-02,1.099321e-01,1.464221e-03,1.698134e-02,4.311239e-01,1.094877e-02,2.599873e-02,2.730165e-03,7.432048e-03,1.090678e-02,7.881008e-02
3.292236e-02,1.388791e-01,4.573829e-03,1.219185e-01,4.347919e-02,7.775487e-02,1.046941e-03,1.238970e-02,4.389271e-01,8.110412e-03,3.889339e-02,2.591657e-03,6.808724e-03,8.895567e-03,6.280874e-02
2.564946e-02,1.398443e-01,3.899908e-03,8.801381e-02,3.048653e-02,5.470693e-02,7.784146e-04,9.119305e-03,3.276744e-01,6.026540e-03,2.417356e-01,3.648392e-03,8.390700e-03,1.468686e-02,4.533888e-02
1.893399e-02,1.022780e-01,2.976452e-03,6.219965e-02,2.136391e-02,3.848808e-02,5.488929e-04,6.443224e-03,2.318565e-01,4.440133e-03,4.514630e-01,4.517509e-03,6.698910e-03,1.595611e-02,3.183568e-02
1.495503e-02,7.439420e-02,2.370077e-03,4.376108e-02,1.498549e-02,3.235533e-02,3.925932e-04,4.551911e-03,1.635213e-01,3.237737e-03,5.938759e-01,7.120232e-03,5.709847e-03,1.639473e-02,2.237464e-02
1.232617e-02,5.335373e-02,1.398408e-02,3.500633e-02,1.138317e-02,1.176268e-01,4.787598e-04,1.462198e-02,1.157612e-01,2.461581e-03,5.840538e-01,6.355384e-03,4.259954e-03,1.263889e-02,1.568822e-02
1.089371e-02,4.034644e-02,2.315088e-02,2.690847e-02,9.875911e-03,2.103873e-01,4.447321e-04,1.429093e-02,8.371571e-02,2.668491e-03,5.462821e-01,5.972251e-03,3.317355e-03,1.065425e-02,1.109144e-02
2.145646e-02,3.482418e-02,4.029801e-02,2.150331e-02,1.863535e-02,1.621658e-01,2.287603e-03,1.872908e-02,7.369075e-02,6.429521e-03,5.527918e-01,2.063378e-02,2.763692e-03,1.566342e-02,8.127263e-03
3.079382e-02,4.023366e-02,3.944023e-02,1.757767e-02,3.300792e-02,1.335234e-01,7.850973e-03,2.238350e-02,8.603255e-02,8.018682e-03,5.208278e-01,3.437258e-02,2.992938e-03,1.660065e-02,6.343662e-03
3.455381e-02,3.495080e-02,3.404540e-02,1.620142e-02,3.242530e-02,1.314680e-01,1.069032e-02,2.113754e-02,1.313549e-01,9.591851e-03,4.770100e-01,4.096272e-02,3.482904e-03,1.643091e-02,5.694173e-03
4.323257e-02,3.538193e-02,2.823169e-02,1.316531e-02,3.073563e-02,1.128983e-01,1.531246e-02,2.075694e-02,1.492118e-01,1.067662e-02,4.445950e-01,6.539606e-02,4.881318e-03,1.950711e-02,6.017323e-03
3.602156e-02,3.077678e-02,2.181678e-02,1.275985e-02,2.798471e-02,9.117587e-02,1.594096e-02,1.669687e-02,1.365093e-01,1.022016e-02,5.110145e-01,6.009786e-02,5.481426e-03,1.801826e-02,5.485218e-03
5.994592e-02,4.237661e-02,2.229739e-02,1.156172e-02,2.875352e-02,7.291882e-02,1.793444e-02,2.090495e-02,1.728114e-01,1.487422e-02,4.361881e-01,6.009363e-02,7.364902e-03,2.625551e-02,5.718887e-03
4.381166e-02,3.073368e-02,1.651158e-02,8.626455e-03,2.291463e-02,5.205780e-02,1.295389e-02,1.478978e-02,1.238829e-01,1.095088e-02,5.886617e-01,4.459929e-02,6.796501e-03,1.858109e-02,4.128170e-03
3.747450e-02,2.661867e-02,1.615464e-02,7.572557e-03,2.195058e-02,3.949207e-02,1.028143e-02,1.218690e-02,1.026462e-01,9.053525e-03,6.571318e-01,3.638770e-02,6.047472e-03,1.359815e-02,3.403726e-03
3.327810e-02,2.021229e-02,1.479331e-02,5.985984e-03,2.363067e-02,3.373092e-02,8.109597e-03,1.027819e-02,7.757656e-02,7.404791e-03,7.189882e-01,2.723773e-02,5.826080e-03,9.776223e-03,3.171306e-03
2.977604e-02,1.749744e-02,1.586447e-02,4.917361e-03,3.006236e-02,2.790538e-02,6.839573e-03,2.008378e-02,5.891911e-02,6.200625e-03,7.442507e-01,2.103834e-02,6.500750e-03,7.355598e-03,2.788449e-03
3.436686e-02,1.622337e-02,9.650143e-02,8.411028e-03,4.960673e-02,2.455852e-02,7.212572e-03,6.146550e-02,5.587520e-02,6.383088e-03,6.060600e-01,1.889869e-02,5.932934e-03,5.624418e-03,2.879617e-03
2.745403e-02,2.023541e-02,7.126006e-02,6.749710e-03,9.100015e-02,1.827217e-02,5.918738e-03,1.451408e-01,6.608375e-02,5.802817e-03,5.130219e-01,1.508706e-02,7.093115e-03,4.667772e-03,2.212507e-03
2.578420e-02,2.186790e-02,5.680415e-02,6.099262e-03,1.225426e-01,1.504668e-02,5.912093e-03,2.179892e-01,9.436709e-02,5.497996e-03,4.008706e-01,1.362810e-02,7.464908e-03,3.784420e-03,2.340819e-03
2.429393e-02,1.631440e-02,4.778045e-02,8.537874e-03,1.115575e-01,1.101733e-02,4.473850e-03,3.937242e-01,6.864564e-02,4.588357e-03,2.841463e-01,1.171866e-02,8.398432e-03,2.796636e-03,2.006417e-03
2.456345e-02,1.660213e-02,3.879894e-02,9.969227e-03,1.984095e-01,9.780501e-03,5.154644e-03,3.497291e-01,1.103955e-01,5.758250e-03,2.077245e-01,1.001770e-02,8.288619e-03,2.846631e-03,1.961434e-03
