1.000000e+00,0.000000e+00,0.000000e+00,0.000000e+00,0.000000e+00,0.000000e+00,0.000000e+00,0.000000e+00,0.000000e+00,0.000000e+00,0.000000e+00,0.000000e+00,0.000000e+00,0.000000e+00,0.000000e+00
1.000000e+00,0.000000e+00,0.000000e+00,0.000000e+00,0.000000e+00,0.000000e+00,0.000000e+00,0.000000e+00,0.000000e+00,0.000000e+00,0.000000e+00,0.000000e+00,0.000000e+00,0.000000e+00,0.000000e+00
1.000000e+00,0.000000e+00,0.000000e+00,0.000000e+00,0.000000e+00,0.000000e+00,0.000000e+00,0.000000e+00,0.000000e+00,0.000000e+00,0.000000e+00,0.000000e+00,0.000000e+00,0.000000e+00,0.000000e+00
1.000000e+00,0.000000e+00,0.000000e+00,0.000000e+00,0.000000e+00,0.000000e+00,0.000000e+00,0.000000e+00,0.000000e+00,0.000000e+00,0.000000e+00,0.000000e+00,0.000000e+00,0.000000e+00,0.000000e+00
1.000000e+00,0.000000e+00,0.000000e+00,0.000000e+00,0.000000e+00,0.000000e+00,0.000000e+00,0.000000e+00,0.000000e+00,0.000000e+00,0.000000e+00,0.000000e+00,0.000000e+00,0.000000e+00,0.000000e+00
1.000000e+00,0.000000e+00,0.000000e+00,0.000000e+00,0.000000e+00,0.000000e+00,0.000000e+00,0.000000e+00,0.000000e+00,0.000000e+00,0.000000e+00,0.000000e+00,0.000000e+00,0.000000e+00,0.000000e+00
1.000000e+00,0.000000e+00,0.000000e+00,0.000000e+00,0.000000e+00,0.000000e+00,0.000000e+00,0.000000e+00,0.000000e+00,0.000000e+00,0.000000e+00,0.000000e+00,0.000000e+00,0.000000e+00,0.000000e+00
1.000000e+00,0.000000e+00,0.000000e+00,0.000000e+00,0.000000e+00,0.000000e+00,0.000000e+00,0.000000e+00,0.000000e+00,0.000000e+00,0.000000e+00,0.000000e+00,0.000000e+00,0.000000e+00,0.000000e+00
1.000000e+00,0.000000e+00,0.000000e+00,0.000000e+00,0.000000e+00,0.000000e+00,0.000000e+00,0.000000e+00,0.000000e+00,0.000000e+00,0.000000e+00,0.000000e+00,0.000000e+00,0.000000e+00,0.000000e+00
1.000000e+00,0.000000e+00,0.000000e+00,0.000000e+00,0.000000e+00,0.000000e+00,0.000000e+00,0.000000e+00,0.000000e+00,0.000000e+00,0.000000e+00,0.000000e+00,0.000000e+00,0.000000e+00,0.000000e+00
1.000000e+00,0.000000e+00,0.000000e+00,0.000000e+00,0.000000e+00,0.000000e+00,0.000000e+00,0.000000e+00,0.000000e+00,0.000000e+00,0.000000e+00,0.000000e+00,0.000000e+00,0.000000e+00,0.000000e+00
1.000000e+00,0.000000e+00,0.000000e+00,0.000000e+00,0.000000e+00,0.000000e+00,0.000000e+00,0.000000e+00,0.000000e+00,0.000000e+00,0.000000e+00,0.000000e+00,0.000000e+00,0.000000e+00,0.000000e+00
1.000000e+00,0.000000e+00,0.000000e+00,0.000000e+00,0.000000e+00,0.000000e+00,0.000000e+00,0.000000e+00,0.000000e+00,0.000000e+00,0.000000e+00,0.000000e+00,0.000000e+00,0.000000e+00,0.000000e+00
1.000000e+00,0.000000e+00,0.000000e+00,0.000000e+00,0.000000e+00,0.000000e+00,0.000000e+00,0.000000e+00,0.000000e+00,0.000000e+00,0.000000e+00,0.000000e+00,0.000000e+00,0.000000e+00,0.000000e+00
1.000000e+00,0.000000e+00,0.000000e+00,0.000000e+00,0.000000e+00,0.000000e+00,0.000000e+00,0.000000e+00,0.000000e+00,0.000000e+00,0.000000e+00,0.000000e+00,0.000000e+00,0.000000e+00,0.000000e+00
1.000000e+00,0.000000e+00,0.000000e+00,0.000000e+00,0.000000e+00,0.000000e+00,0.000000e+00,0.000000e+00,0.000000e+00,0.000000e+00,0.000000e+00,0.000000e+00,0.000000e+00,0.000000e+00,0.000000e+00
1.000000e+00,0.000000e+00,0.000000e+00,0.000000e+00,0.000000e+00,0.000000e+00,0.000000e+00,0.000000e+00,0.000000e+00,0.000000e+00,0.000000e+00,0.000000e+00,0.000000e+00,0.000000e+00,0.000000e+00
1.000000e+00,0.000000e+00,0.000000e+00,0.000000e+00,0.000000e+00,0.000000e+00,0.000000e+00,0.000000e+00,0.000000e+00,0.000000e+00,0.000000e+00,0.000000e+00,0.000000e+00,0.000000e+00,0.000000e+00
1.000000e+00,0.000000e+00,0.000000e+00,0.000000e+00,0.000000e+00,0.000000e+00,0.000000e+00,0.000000e+00,0.000000e+00,0.000000e+00,0.000000e+00,0.000000e+00,0.000000e+00,0.000000e+00,0.000000e+00
1.000000e+00,0.000000e+00,0.000000e+00,0.000000e+00,0.000000e+00,0.000000e+00,0.000000e+00,0.000000e+00,0.000000e+00,0.000000e+00,0.000000e+00,0.000000e+00,0.000000e+00,0.000000e+00,0.000000e+00
1.000000e+00,0.000000e+00,0.000000e+00,0.000000e+00,0.000000e+00,0.000000e+00,0.000000e+00,0.000000e+00,0.000000e+00,0.000000e+00,0.000000e+00,0.000000e+00,0.000000e+00,0.000000e+00,0.000000e+00
1.000000e+00,0.000000e+00,0.000000e+00,0.000000e+00,0.000000e+00,0.000000e+00,0.000000e+00,0.000000e+00,0.000000e+00,0.000000e+00,0.000000e+00,0.000000e+00,0.000000e+00,0.000000e+00,0.000000e+00
1.000000e+00,0.000000e+00,0.000000e+00,0.000000e+00,0.000000e+00,0.000000e+00,0.000000e+00,0.000000e+00,0.000000e+00,0.000000e+00,0.000000e+00,0.000000e+00,0.000000e+00,0.000000e+00,0.000000e+00
1.000000e+00,0.000000e+00,0.000000e+00,0.000000e+00,0.000000e+00,0.000000e+00,0.000000e+00,0.000000e+00,0.000000e+00,0.000000e+00,0.000000e+00,0.000000e+00,0.000000e+00,0.000000e+00,0.000000e+00
1.000000e+00,0.000000e+00,0.000000e+00,0.000000e+00,0.000000e+00,0.000000e+00,0.000000e+00,0.000000e+00,0.000000e+00,0.000000e+00,0.000000e+00,0.000000e+00,0.000000e+00,0.000000e+00,0.000000e+00
1.000000e+00,0.000000e+00,0.000000e+00,0.000000e+00,0.000000e+00,0.000000e+00,0.000000e+00,0.000000e+00,0.000000e+00,0.000000e+00,0.000000e+00,0.000000e+00,0.000000e+00,0.000000e+00,0.000000e+00
1.000000e+00,0.000000e+00,0.000000e+00,0.000000e+00,0.000000e+00,0.000000e+00,0.000000e+00,0.000000e+00,0.000000e+00,0.000000e+00,0.000000e+00,0.000000e+00,0.000000e+00,0.000000e+00,0.000000e+00
1.000000e+00,0.000000e+00,0.000000e+00,0.000000e+00,0.000000e+00,0.000000e+00,0.000000e+00,0.000000e+00,0.000000e+00,0.000000e+00,0.000000e+00,0.000000e+00,0.000000e+00,0.000000e+00,0.000000e+00
1.000000e+00,0.000000e+00,0.000000e+00,0.000000e+00,0.000000e+00,0.000000e+00,0.000000e+00,0.000000e+00,0.000000e+00,0.000000e+00,0.000000e+00,0.000000e+00,0.000000e+00,0.000000e+00,0.000000e+00
1.000000e+00,0.000000e+00,0.000000e+00,0.000000e+00,0.000000e+00,0.000000e+00,0.000000e+00,0.000000e+00,0.000000e+00,0.000000e+00,0.000000e+00,0.000000e+00,0.000000e+00,0.000000e+00,0.000000e+00
1.000000e+00,0.000000e+00,0.000000e+00,0.000000e+00,0.000000e+00,0.000000e+00,0.000000e+00,0.000000e+00,0.000000e+00,0.000000e+00,0.000000e+00,0.000000e+00,0.000000e+00,0.000000e+00,0.000000e+00
1.000000e+00,0.000000e+00,0.000000e+00,0.000000e+00,0.000000e+00,0.000000e+00,0.000000e+00,0.000000e+00,0.000000e+00,0.000000e+00,0.000000e+00,0.000000e+00,0.000000e+00,0.000000e+00,0.000000e+00
1.000000e+00,0.000000e+00,0.000000e+00,0.000000e+00,0.000000e+00,0.000000e+00,0.000000e+00,0.000000e+00,0.000000e+00,0.000000e+00,0.000000e+00,0.000000e+00,0.000000e+00,0.000000e+00,0.000000e+00
1.000000e+00,0.000000e+00,0.000000e+00,0.000000e+00,0.000000e+00,0.000000e+00,0.000000e+00,0.000000e+00,0.000000e+00,0.000000e+00,0.000000e+00,0.000000e+00,0.000000e+00,0.000000e+00,0.000000e+00
1.000000e+00,0.000000e+00,0.000000e+00,0.000000e+00,0.000000e+00,0.000000e+00,0.000000e+00,0.000000e+00,0.000000e+00,0.000000e+00,0.000000e+00,0.000000e+00,0.000000e+00,0.000000e+00,0.000000e+00
1.000000e+00,0.000000e+00,0.000000e+00,0.000000e+00,0.000000e+00,0.000000e+00,0.000000e+00,0.000000e+00,0.000000e+00,0.000000e+00,0.000000e+00,0.000000e+00,0.000000e+00,0.000000e+00,0.000000e+00
1.000000e+00,0.000000e+00,0.000000e+00,0.000000e+00,0.000000e+00,0.000000e+00,0.000000e+00,0.000000e+00,0.000000e+00,0.000000e+00,0.000000e+00,0.000000e+00,0.000000e+00,0.000000e+00,0.000000e+00
1.000000e+00,0.000000e+00,0.000000e+00,0.000000e+00,0.000000e+00,0.000000e+00,0.000000e+00,0.000000e+00,0.000000e+00,0.000000e+00,0.000000e+00,0.000000e+00,0.000000e+00,0.000000e+00,0.000000e+00
1.000000e+00,0.000000e+00,0.000000e+00,0.000000e+00,0.000000e+00,0.000000e+00,0.000000e+00,0.000000e+00,0.000000e+00,0.000000e+00,0.000000e+00,0.000000e+00,0.000000e+00,0.000000e+00,0.000000e+00
1.000000e+00,0.000000e+00,0.000000e+00,0.000000e+00,0.000000e+00,0.000000e+00,0.000000e+00,0.000000e+00,0.000000e+00,0.000000e+00,0.000000e+00,0.000000e+00,0.000000e+00,0.000000e+00,0.000000e+00
1.000000e+00,0.000000e+00,0.000000e+00,0.000000e+00,0.000000e+00,0.000000e+00,0.000000e+00,0.000000e+00,0.000000e+00,0.000000e+00,0.000000e+00,0.000000e+00,0.000000e+00,0.000000e+00,0.000000e+00
1.000000e+00,0.000000e+00,0.000000e+00,0.000000e+00,0.000000e+00,0.000000e+00,0.000000e+00,0.000000e+00,0.000000e+00,0.000000e+00,0.000000e+00,0.000000e+00,0.000000e+00,0.000000e+00,0.000000e+00
1.000000e+00,0.000000e+00,0.000000e+00,0.000000e+00,0.000000e+00,0.000000e+00,0.000000e+00,0.000000e+00,0.000000e+00,0.000000e+00,0.000000e+00,0.000000e+00,0.000000e+00,0.000000e+00,0.000000e+00
1.000000e+00,0.000000e+00,0.000000e+00,0.000000e+00,0.000000e+00,0.000000e+00,0.000000e+00,0.000000e+00,0.000000e+00,0.000000e+00,0.000000e+00,0.000000e+00,0.000000e+00,0.000000e+00,0.000000e+00
4.901946e-01,5.048145e-02,1.682769e-02,1.052579e-01,2.679287e-02,6.837035e-02,3.311015e-02,3.581583e-02,2.693539e-02,3.634539e-03,7.429434e-03,5.962420e-02,4.674467e-02,1.989414e-03,2.679152e-02
4.524170e-01,5.852594e-02,2.018742e-02,1.181388e-01,2.905152e-02,6.872361e-02,3.158922e-02,3.326259e-02,2.810201e-02,4.156647e-03,7.912559e-03,6.291232e-02,5.196413e-02,2.260325e-03,3.079601e-02
3.505952e-01,6.286310e-02,4.834852e-02,1.659493e-01,3.419750e-02,6.654025e-02,2.935226e-02,4.413534e-02,2.911240e-02,4.501232e-03,8.982586e-03,7.161124e-02,4.818480e-02,2.150772e-03,3.347550e-02
3.999810e-01,6.226602e-02,3.895614e-02,1.497022e-01,3.285615e-02,5.535692e-02,2.353048e-02,3.496359e-02,2.701293e-02,4.855904e-03,1.144442e-02,7.036046e-02,4.611325e-02,4.123084e-03,3.847736e-02
4.196924e-01,6.112202e-02,3.247365e-02,1.410673e-01,3.097064e-02,4.947380e-02,1.969767e-02,3.033242e-02,2.541869e-02,5.516679e-03,1.432317e-02,7.122380e-02,4.665716e-02,6.360221e-03,4.567032e-02
4.254863e-01,6.367396e-02,2.911805e-02,1.351974e-01,2.985509e-02,5.015108e-02,1.778197e-02,2.732028e-02,2.441420e-02,5.831032e-03,1.811304e-02,6.818457e-02,4.497318e-02,7.756371e-03,5.214347e-02
3.168453e-01,5.181064e-02,8.693343e-02,2.033363e-01,2.479286e-02,3.817149e-02,1.343031e-02,7.047879e-02,2.143611e-02,4.992398e-03,1.707754e-02,5.954614e-02,3.889175e-02,6.733089e-03,4.552373e-02
3.411823e-01,4.156347e-02,1.340134e-01,1.792903e-01,2.113819e-02,3.087604e-02,1.053862e-02,6.931351e-02,1.865008e-02,4.254577e-03,1.774462e-02,5.167948e-02,3.436476e-02,5.925312e-03,3.946530e-02
3.937636e-01,3.542426e-02,1.252345e-01,1.724959e-01,1.762821e-02,2.684689e-02,8.567752e-03,6.024866e-02,1.647674e-02,3.552812e-03,1.855182e-02,5.014200e-02,3.143943e-02,5.459388e-03,3.416801e-02
4.667717e-01,3.177858e-02,9.937242e-02,1.486782e-01,1.494392e-02,2.523473e-02,7.373596e-03,4.918884e-02,1.513579e-02,3.329329e-03,2.014532e-02,4.808440e-02,3.013773e-02,5.907799e-03,3.391767e-02
1.000000e+00,0.000000e+00,0.000000e+00,0.000000e+00,0.000000e+00,0.000000e+00,0.000000e+00,0.000000e+00,0.000000e+00,0.000000e+00,0.000000e+00,0.000000e+00,0.000000e+00,0.000000e+00,0.000000e+00
1.000000e+00,0.000000e+00,0.000000e+00,0.000000e+00,0.000000e+00,0.000000e+00,0.000000e+00,0.000000e+00,0.000000e+00,0.000000e+00,0.000000e+00,0.000000e+00,0.000000e+00,0.000000e+00,0.000000e+00
1.000000e+00,0.000000e+00,0.000000e+00,0.000000e+00,0.000000e+00,0.000000e+00,0.000000e+00,0.000000e+00,0.000000e+00,0.000000e+00,0.000000e+00,0.000000e+00,0.000000e+00,0.000000e+00,0.000000e+00
1.000000e+00,0.000000e+00,0.000000e+00,0.000000e+00,0.000000e+00,0.000000e+00,0.000000e+00,0.000000e+00,0.000000e+00,0.000000e+00,0.000000e+00,0.000000e+00,0.000000e+00,0.000000e+00,0.000000e+00
1.000000e+00,0.000000e+00,0.000000e+00,0.000000e+00,0.000000e+00,0.000000e+00,0.000000e+00,0.000000e+00,0.000000e+00,0.000000e+00,0.000000e+00,0.000000e+00,0.000000e+00,0.000000e+00,0.000000e+00
1.000000e+00,0.000000e+00,0.000000e+00,0.000000e+00,0.000000e+00,0.000000e+00,0.000000e+00,0.000000e+00,0.000000e+00,0.000000e+00,0.000000e+00,0.000000e+00,0.000000e+00,0.000000e+00,0.000000e+00
1.000000e+00,0.000000e+00,0.000000e+00,0.000000e+00,0.000000e+00,0.000000e+00,0.000000e+00,0.000000e+00,0.000000e+00,0.000000e+00,0.000000e+00,0.000000e+00,0.000000e+00,0.000000e+00,0.000000e+00
1.000000e+00,0.000000e+00,0.000000e+00,0.000000e+00,0.000000e+00,0.000000e+00,0.000000e+00,0.000000e+00,0.000000e+00,0.000000e+00,0.000000e+00,0.000000e+00,0.000000e+00,0.000000e+00,0.000000e+00
1.000000e+00,0.000000e+00,0.000000e+00,0.000000e+00,0.000000e+00,0.000000e+00,0.000000e+00,0.000000e+00,0.000000e+00,0.000000e+00,0.000000e+00,0.000000e+00,0.000000e+00,0.000000e+00,0.000000e+00
1.000000e+00,0.000000e+00,0.000000e+00,0.000000e+00,0.000000e+00,0.000000e+00,0.000000e+00,0.000000e+00,0.000000e+00,0.000000e+00,0.000000e+00,0.000000e+00,0.000000e+00,0.000000e+00,0.000000e+00
1.000000e+00,0.000000e+00,0.000000e+00,0.000000e+00,0.000000e+00,0.000000e+00,0.000000e+00,0.000000e+00,0.000000e+00,0.000000e+00,0.000000e+00,0.000000e+00,0.000000e+00,0.000000e+00,0.000000e+00
1.000000e+00,0.000000e+00,0.000000e+00,0.000000e+00,0.000000e+00,0.000000e+00,0.000000e+00,0.000000e+00,0.000000e+00,0.000000e+00,0.000000e+00,0.000000e+00,0.000000e+00,0.000000e+00,0.000000e+00
1.000000e+00,0.000000e+00,0.000000e+00,0.000000e+00,0.000000e+00,0.000000e+00,0.000000e+00,0.000000e+00,0.000000e+00,0.000000e+00,0.000000e+00,0.000000e+00,0.000000e+00,0.000000e+00,0.000000e+00
1.000000e+00,0.000000e+00,0.000000e+00,0.000000e+00,0.000000e+00,0.000000e+00,0.000000e+00,0.000000e+00,0.000000e+00,0.000000e+00,0.000000e+00,0.000000e+00,0.000000e+00,0.000000e+00,0.000000e+00
3.848240e-01,3.698845e-03,1.820507e-02,1.205100e-02,2.225883e-03,7.506973e-03,5.863218e-03,5.429332e-01,1.022810e-03,7.210140e-04,2.507379e-03,6.599779e-03,6.033451e-03,1.139595e-03,4.667871e-03
2.880828e-01,2.705321e-03,1.488523e-02,9.162423e-03,2.576523e-03,5.503098e-03,5.322909e-03,6.548417e-01,7.574420e-04,6.042269e-04,1.860550e-03,4.819042e-03,4.626036e-03,8.718430e-04,3.380918e-03
2.313035e-01,2.595564e-03,1.336421e-02,7.644506e-03,3.088949e-03,4.251446e-03,4.652022e-03,7.137463e-01,8.698335e-04,1.129426e-03,1.717174e-03,4.459786e-03,7.568339e-03,8.219988e-04,2.786961e-03
1.802918e-01,2.191001e-03,1.011446e-02,8.186248e-03,4.287353e-03,3.323402e-03,3.742602e-03,7.019122e-01,1.187461e-03,2.047411e-03,3.177824e-03,1.385457e-02,6.084265e-02,2.271471e-03,2.569662e-03
1.302377e-01,1.651006e-03,7.272527e-03,7.687215e-03,3.667801e-03,2.501174e-03,3.006718e-03,5.321927e-01,1.670790e-03,2.627849e-03,8.933779e-03,5.855107e-02,2.310695e-01,6.206319e-03,2.723898e-03
9.702897e-02,1.706674e-03,5.901055e-03,9.481322e-03,5.945026e-03,2.077857e-03,3.402138e-03,4.048689e-01,1.268375e-02,3.455751e-03,1.089113e-02,8.944840e-02,3.369078e-01,1.217272e-02,4.028567e-03
8.867779e-02,3.340668e-03,4.852954e-03,7.924862e-03,5.795455e-03,2.334091e-03,3.287753e-03,2.955908e-01,4.546791e-02,5.586769e-03,2.098081e-02,1.213293e-01,3.563846e-01,3.457897e-02,3.867328e-03
1.170928e-01,4.471265e-03,4.824686e-03,9.774189e-03,5.237953e-03,3.619887e-03,3.305499e-03,2.153673e-01,6.653662e-02,7.241625e-03,4.402799e-02,1.672280e-01,2.983550e-01,4.809734e-02,4.819908e-03
1.860260e-01,7.800194e-03,6.251498e-03,1.682066e-02,1.304723e-02,6.526579e-03,3.753800e-03,1.737453e-01,8.019999e-02,8.002953e-03,4.302340e-02,1.538021e-01,2.454219e-01,4.511863e-02,1.045976e-02
2.567455e-01,7.173594e-03,5.961311e-03,1.497252e-02,1.697192e-02,7.594810e-03,3.581028e-03,1.250718e-01,6.805354e-02,7.483327e-03,7.325329e-02,1.641783e-01,1.752615e-01,6.420516e-02,9.492375e-03
3.584179e-01,6.099995e-03,5.583950e-03,1.574735e-02,1.518580e-02,9.851496e-03,3.214080e-03,8.949941e-02,5.169077e-02,7.273010e-03,6.377252e-02,1.882192e-01,1.246323e-01,4.921170e-02,1.160043e-02
3.704221e-01,5.428409e-03,5.073234e-03,1.526676e-02,1.556559e-02,1.468054e-02,2.597461e-03,6.356283e-02,3.791153e-02,7.441292e-03,7.858776e-02,2.459027e-01,8.927082e-02,3.663537e-02,1.165369e-02
4.401309e-01,6.875367e-03,4.963533e-03,1.785211e-02,1.353988e-02,1.989755e-02,2.151224e-03,4.521648e-02,2.780800e-02,7.300238e-03,7.057370e-02,2.344054e-01,6.433582e-02,2.775126e-02,1.719850e-02
4.748561e-01,1.035149e-02,5.929735e-03,2.335512e-02,1.465859e-02,2.311347e-02,2.237101e-03,3.347805e-02,2.146096e-02,7.038035e-03,5.981532e-02,2.297920e-01,4.671442e-02,2.156683e-02,2.563279e-02
4.390357e-01,1.135491e-02,4.600948e-03,2.470213e-02,1.449587e-02,2.650206e-02,1.736446e-03,2.371837e-02,1.648198e-02,6.321701e-03,6.076664e-02,2.935134e-01,3.411981e-02,1.708828e-02,2.556178e-02
3.971011e-01,1.078208e-02,3.513003e-03,2.607117e-02,1.663798e-02,2.635672e-02,1.433809e-03,1.717534e-02,1.322917e-02,5.567654e-03,6.520364e-02,3.539624e-01,2.518736e-02,1.355053e-02,2.422806e-02
3.212139e-01,9.079313e-03,2.618272e-03,2.592107e-02,1.974019e-02,2.236401e-02,1.067265e-03,1.227406e-02,1.127906e-02,5.361670e-03,6.486683e-02,4.519981e-01,1.834494e-02,1.258054e-02,2.129085e-02
2.460521e-01,7.652585e-03,2.070862e-03,2.091419e-02,1.943146e-02,1.869603e-02,7.947491e-04,8.867853e-03,9.634493e-03,4.467188e-03,5.134872e-02,5.691637e-01,1.328994e-02,1.142190e-02,1.619425e-02
2.465462e-01,9.975472e-03,3.276980e-03,2.711743e-02,2.332421e-02,2.384949e-02,7.744654e-04,7.323052e-03,8.900946e-03,3.578837e-03,4.262955e-02,5.669811e-01,9.913028e-03,1.040884e-02,1.540042e-02
1.978264e-01,8.341772e-03,3.768871e-03,2.223347e-02,1.127619e-01,2.444326e-02,1.351856e-03,1.398474e-02,8.670999e-03,2.604007e-03,3.311045e-02,5.452343e-01,7.159716e-03,7.598694e-03,1.090960e-02
1.585699e-01,7.621710e-03,4.049978e-03,1.831663e-02,1.103597e-01,2.060617e-02,1.588143e-03,1.220080e-02,7.714177e-03,1.938607e-03,2.827178e-02,6.095485e-01,5.272725e-03,5.981279e-03,7.959913e-03
1.390126e-01,7.057616e-03,3.321637e-03,1.412353e-02,8.363198e-02,2.160349e-02,1.877889e-03,9.608673e-03,6.663979e-03,1.519601e-03,5.746289e-02,6.384588e-01,4.548272e-03,4.986693e-03,6.122423e-03
1.604132e-01,9.243658e-03,3.154250e-03,1.186874e-02,1.048709e-01,2.507723e-02,2.807283e-03,1.147661e-02,1.032698e-02,1.380554e-03,5.459530e-02,5.915970e-01,3.860486e-03,4.212625e-03,5.115126e-03
1.571582e-01,9.068561e-03,3.386750e-03,1.007718e-02,7.863554e-02,2.829628e-02,3.140684e-03,1.143033e-02,1.270474e-02,1.690984e-03,5.225804e-02,6.188602e-01,3.711556e-03,4.533793e-03,5.047171e-03
1.468270e-01,8.013304e-03,3.386337e-03,8.357853e-03,7.527397e-02,2.301605e-02,3.511444e-03,2.808251e-02,1.203471e-02,1.841924e-03,4.185141e-02,6.367143e-01,3.315175e-03,3.898375e-03,3.875632e-03
1.445771e-01,7.063698e-03,2.994169e-03,7.603338e-03,6.524883e-02,2.389662e-02,4.266961e-03,2.375910e-02,1.391352e-02,1.766651e-03,4.433034e-02,6.500735e-01,3.521967e-03,3.617800e-03,3.366385e-03
1.803593e-01,7.221302e-03,3.837931e-03,6.564504e-03,1.263922e-01,3.283181e-02,2.560510e-02,3.287277e-02,1.489207e-02,1.954572e-03,5.381424e-02,5.041479e-01,3.517113e-03,3.134166e-03,2.854988e-03
2.119192e-01,6.886262e-03,5.201516e-03,5.640346e-03,1.369022e-01,4.810185e-02,2.810683e-02,3.373566e-02,2.014621e-02,2.160896e-03,4.641790e-02,4.453677e-01,4.011017e-03,2.865349e-03,2.537051e-03
2.273412e-01,9.270281e-03,1.022183e-02,5.727354e-03,1.551207e-01,4.244479e-02,2.745287e-02,4.090076e-02,3.012101e-02,3.476983e-03,4.054530e-02,3.949904e-01,4.512145e-03,4.734383e-03,3.140028e-03
2.148512e-01,1.069243e-02,1.519164e-02,4.654220e-03,1.495146e-01,4.466382e-02,2.386479e-02,3.644090e-02,3.043225e-02,4.443995e-03,6.979819e-02,3.797588e-01,8.012556e-03,4.792379e-03,2.888204e-03
1.878922e-01,1.185950e-02,1.726151e-02,4.343501e-03,1.459797e-01,4.106107e-02,2.181206e-02,3.554964e-02,3.001725e-02,4.498377e-03,6.992890e-02,4.109049e-01,1.166232e-02,4.549732e-03,2.679296e-03
1.868277e-01,1.127105e-02,1.438391e-02,4.296623e-03,2.162672e-01,3.252903e-02,1.729517e-02,3.119139e-02,3.464613e-02,4.129260e-03,6.220435e-02,3.636450e-01,1.509833e-02,3.727379e-03,2.487423e-03
1.646763e-01,1.028007e-02,2.066526e-02,8.326095e-03,2.372279e-01,2.567760e-02,1.301537e-02,1.289168e-01,3.497647e-02,3.935488e-03,4.912646e-02,2.844785e-01,1.344173e-02,3.218168e-03,2.037807e-03
1.942590e-01,1.070327e-02,1.903551e-02,8.924446e-03,2.278544e-01,2.466651e-02,1.131587e-02,1.169122e-01,4.320648e-02,3.971563e-03,5.349408e-02,2.643704e-01,1.444225e-02,3.768871e-03,3.075295e-03
1.621112e-01,1.180285e-02,1.861662e-02,9.115958e-03,2.846839e-01,1.926745e-02,9.117634e-03,1.048363e-01,8.427412e-02,5.195059e-03,4.621275e-02,2.216570e-01,1.571229e-02,4.649214e-03,2.747638e-03
1.611790e-01,1.114259e-02,1.651947e-02,9.271537e-03,3.030849e-01,1.647458e-02,9.100921e-03,9.526953e-02,8.956181e-02,5.435758e-03,4.045702e-02,2.194469e-01,1.629999e-02,4.275738e-03,2.480215e-03
1.239811e-01,1.001661e-02,1.537565e-02,7.420467e-03,3.724240e-01,1.269912e-02,6.936118e-03,9.903283e-02,1.029756e-01,4.131171e-03,3.220616e-02,1.933114e-01,1.436770e-02,3.225893e-03,1.896142e-03
1.081816e-01,8.898477e-03,2.556015e-02,8.662124e-03,3.679815e-01,1.418693e-02,6.658436e-03,1.350112e-01,1.296593e-01,3.336710e-03,2.631495e-02,1.485991e-01,1.256119e-02,2.680867e-03,1.707436e-03
8.864831e-02,7.198695e-03,3.367560e-02,1.011327e-02,3.223949e-01,1.320284e-02,5.302495e-03,2.622290e-01,1.083817e-01,2.538562e-03,2.019174e-02,1.124817e-01,1.006051e-02,2.008096e-03,1.572605e-03
1.086581e-01,6.772866e-03,3.740627e-02,1.210508e-02,3.117491e-01,1.167471e-02,4.425203e-03,2.755170e-01,1.035675e-01,2.060224e-03,2.210320e-02,9.136105e-02,8.783007e-03,1.926656e-03,1.889898e-03
1.008622e-01,6.216638e-03,3.762844e-02,1.153542e-02,2.877595e-01,9.807615e-03,3.499833e-03,3.387701e-01,1.019772e-01,1.631661e-03,2.130547e-02,6.822371e-02,7.270277e-03,1.630501e-03,1.881418e-03
9.921635e-02,6.292961e-03,2.862436e-02,1.014276e-02,3.219753e-01,8.136433e-03,3.217629e-03,2.686921e-01,1.657653e-01,1.364283e-03,2.695466e-02,5.074285e-02,5.555392e-03,1.608889e-03,1.710785e-03
1.112549e-01,9.771023e-03,2.142329e-02,1.873022e-02,3.150833e-01,7.349335e-03,2.912357e-03,2.189588e-01,2.099311e-01,4.063316e-03,3.098106e-02,4.013503e-02,4.709006e-03,2.529544e-03,2.167764e-03
9.983070e-02,7.816983e-03,1.785118e-02,3.052036e-02,3.020045e-01,5.895565e-03,2.888206e-03,2.831939e-01,1.836880e-01,3.310293e-03,2.533765e-02,3.026780e-02,3.705447e-03,1.987915e-03,1.701606e-03
9.338973e-02,7.111921e-03,1.323940e-02,2.582205e-02,3.235653e-01,5.503837e-03,2.535940e-03,2.509443e-01,2.253001e-01,3.453990e-03,2.046227e-02,2.268236e-02,2.780436e-03,1.898909e-03,1.309417e-03
1.138899e-01,7.058852e-03,9.905759e-03,2.549345e-02,3.163391e-01,5.240409e-03,2.292756e-03,2.142402e-01,2.580189e-01,4.648089e-03,1.798821e-02,1.896153e-02,2.551140e-03,2.222516e-03,1.149233e-03
1.442867e-01,9.596897e-03,8.418389e-03,2.234274e-02,3.006420e-01,5.022578e-03,1.874978e-03,1.674416e-01,2.970116e-01,5.103786e-03,1.679592e-02,1.553390e-02,2.334093e-03,2.456332e-03,1.138552e-03
2.046787e-01,1.034803e-02,6.800557e-03,2.812684e-02,2.925633e-01,5.014473e-03,2.368468e-03,1.443914e-01,2.588115e-01,5.456419e-03,1.678787e-02,1.609747e-02,3.893595e-03,2.916867e-03,1.744555e-03
2.550769e-01,1.077742e-02,5.808766e-03,2.889734e-02,3.115482e-01,4.722965e-03,2.241804e-03,1.078568e-01,2.267297e-01,5.629544e-03,1.518152e-02,1.583371e-02,4.846621e-03,2.710930e-03,2.137813e-03
2.830872e-01,1.248030e-02,8.592262e-03,1.036554e-01,2.460457e-01,5.329248e-03,3.447355e-03,1.079107e-01,1.684941e-01,4.385292e-03,1.585101e-02,2.840665e-02,6.771138e-03,2.614520e-03,2.929166e-03
2.169396e-01,1.079815e-02,1.557518e-02,1.858238e-01,1.790510e-01,8.605413e-03,2.669795e-03,1.667862e-01,1.286316e-01,3.392549e-03,3.791085e-02,2.965768e-02,6.069675e-03,4.801099e-03,3.287512e-03
2.185281e-01,9.218830e-03,1.030896e-01,1.718793e-01,1.300717e-01,2.873653e-02,2.065441e-03,1.396150e-01,9.783508e-02,5.335586e-03,4.101586e-02,2.863627e-02,6.130231e-03,9.888534e-03,7.954033e-03
2.534831e-01,9.232425e-03,1.113995e-01,1.632912e-01,9.643929e-02,4.014650e-02,1.696299e-03,1.100011e-01,1.060245e-01,9.006358e-03,3.766814e-02,2.370736e-02,6.175591e-03,1.311212e-02,1.861658e-02
1.886643e-01,1.666780e-02,8.190332e-02,1.212749e-01,6.800200e-02,3.073446e-02,1.276719e-03,7.782413e-02,2.031340e-01,2.938418e-02,3.242817e-02,1.822612e-02,5.997135e-03,2.141633e-02,1.030664e-01
1.342234e-01,1.490282e-02,6.129161e-02,1.639484e-01,4.826949e-02,2.168409e-02,9.498146e-04,5.479786e-02,3.154045e-01,2.333122e-02,2.568229e-02,1.300367e-02,4.715217e-03,1.550534e-02,1.022903e-01
1.052328e-01,1.353174e-02,4.418735e-02,1.215502e-01,3.411282e-02,1.550413e-02,7.149610e-04,3.876063e-02,3.457262e-01,2.036339e-02,1.958573e-02,9.316109e-03,3.825787e-03,1.701681e-02,2.105714e-01
7.608029e-02,1.155022e-02,3.535442e-02,1.382075e-01,2.458027e-02,1.110240e-02,5.792298e-04,2.736569e-02,4.422941e-01,1.582560e-02,1.516731e-02,6.645797e-03,2.916865e-03,1.339902e-02,1.789314e-01
6.991959e-02,1.085533e-02,2.563078e-02,1.104735e-01,1.766500e-02,8.473093e-03,4.677552e-04,1.956460e-02,4.711756e-01,1.314789e-02,1.614371e-02,5.490283e-03,3.223185e-03,2.563437e-02,2.021354e-01
1.376831e-01,1.547225e-02,2.018850e-02,8.924474e-02,1.431327e-02,8.775550e-03,7.421267e-04,1.452443e-02,3.585156e-01,1.018195e-02,1.452384e-02,6.087802e-03,4.229667e-03,5.797525e-02,2.475419e-01
1.164163e-01,1.943469e-02,1.513476e-02,6.471996e-02,1.052695e-02,6.903959e-03,5.960829e-04,1.032359e-02,2.762989e-01,1.220356e-02,1.294890e-02,5.286372e-03,3.505862e-03,7.893659e-02,3.667635e-01
8.892448e-02,2.006539e-02,1.295744e-02,5.579343e-02,7.725446e-03,5.355461e-03,5.105705e-04,7.412398e-03,3.523347e-01,1.175755e-02,9.852218e-03,4.174708e-03,2.917891e-03,5.930143e-02,3.609169e-01
6.305579e-02,1.615218e-02,1.079391e-02,4.281636e-02,5.487096e-03,3.836406e-03,3.667627e-04,5.264226e-03,3.260117e-01,1.484950e-02,8.043219e-03,3.067135e-03,2.757583e-03,4.276687e-02,4.547313e-01
4.498607e-02,2.205000e-02,9.114978e-03,3.389500e-02,3.951567e-03,2.817501e-03,2.728074e-04,3.738298e-03,3.931124e-01,1.582953e-02,6.432859e-03,2.246717e-03,2.381018e-03,3.257878e-02,4.265925e-01
3.196445e-02,2.890959e-02,2.231191e-02,3.660519e-02,2.858764e-03,2.048795e-03,2.090556e-04,2.657057e-03,4.002099e-01,1.868006e-02,5.225090e-03,1.667404e-03,2.205819e-03,2.350621e-02,4.209407e-01
3.924003e-02,3.687616e-02,3.545735e-02,4.547922e-02,4.166240e-03,2.289453e-03,3.373422e-04,2.442181e-03,3.553858e-01,3.572874e-02,1.429081e-02,2.218700e-03,6.185718e-03,2.373378e-02,3.961685e-01
9.695056e-02,4.299463e-02,3.542047e-02,4.358228e-02,8.503144e-03,3.126754e-03,5.467916e-04,2.822492e-03,2.948751e-01,4.075974e-02,2.397260e-02,4.153832e-03,1.051845e-02,2.264964e-02,3.691235e-01
1.147817e-01,4.110955e-02,6.436850e-02,1.210004e-01,1.258153e-02,5.009918e-03,9.335943e-04,6.764257e-03,2.388363e-01,3.810043e-02,2.041234e-02,4.791491e-03,1.127570e-02,1.733041e-02,3.027038e-01
2.259453e-01,3.463714e-02,7.679676e-02,1.147733e-01,2.726107e-02,1.267544e-02,1.919112e-03,1.719020e-02,1.823530e-01,2.837667e-02,1.815912e-02,6.853729e-03,1.427020e-02,1.580685e-02,2.229821e-01
3.128361e-01,3.001497e-02,7.641634e-02,9.955786e-02,4.877200e-02,1.303951e-02,2.822038e-03,2.115787e-02,1.397761e-01,2.136242e-02,2.206358e-02,9.788175e-03,1.559996e-02,2.200642e-02,1.647867e-01
2.909959e-01,3.785862e-02,7.684384e-02,9.331100e-02,9.072099e-02,2.614882e-02,3.904743e-03,2.949975e-02,1.078664e-01,1.632700e-02,2.386413e-02,2.679167e-02,3.338628e-02,2.171725e-02,1.207636e-01
2.529716e-01,3.311711e-02,1.082338e-01,1.031642e-01,8.915731e-02,2.244658e-02,3.573009e-03,3.364816e-02,8.528304e-02,1.330253e-02,2.543228e-02,6.361911e-02,5.393562e-02,2.087113e-02,9.124456e-02
2.508483e-01,2.975935e-02,1.058549e-01,8.876587e-02,7.781324e-02,1.903949e-02,4.382138e-03,3.706181e-02,8.294383e-02,1.546796e-02,3.018618e-02,8.512409e-02,5.981119e-02,2.626169e-02,8.667997e-02
3.034195e-01,3.063947e-02,1.130618e-01,7.638229e-02,6.643338e-02,1.649163e-02,3.774713e-03,3.499749e-02,8.131199e-02,1.573860e-02,3.280162e-02,8.467609e-02,5.156827e-02,2.296131e-02,6.574188e-02
3.343241e-01,3.437512e-02,8.804626e-02,6.165854e-02,6.938866e-02,1.808958e-02,3.387357e-03,3.606834e-02,9.106632e-02,1.249283e-02,3.567634e-02,9.071674e-02,5.398572e-02,2.043179e-02,5.029232e-02
2.582838e-01,5.307120e-02,7.876955e-02,2.178842e-01,6.770140e-02,1.697282e-02,2.690826e-03,2.854528e-02,6.599212e-02,9.256234e-03,3.006157e-02,7.415892e-02,4.505963e-02,1.508981e-02,3.646258e-02
2.906679e-01,4.355105e-02,8.061498e-02,2.418188e-01,7.438341e-02,1.678929e-02,2.796148e-03,2.538603e-02,4.917924e-02,7.646763e-03,2.532200e-02,6.590195e-02,3.707243e-02,1.152348e-02,2.734646e-02
2.821008e-01,3.756007e-02,1.675729e-01,1.931102e-01,6.123724e-02,1.761235e-02,2.497898e-03,2.187055e-02,3.758188e-02,1.362521e-02,2.560719e-02,6.243308e-02,3.498917e-02,1.006246e-02,3.213895e-02
2.584631e-01,3.006672e-02,2.568136e-01,1.951576e-01,4.823570e-02,1.719429e-02,2.425189e-03,2.008416e-02,2.882191e-02,1.154744e-02,2.019223e-02,4.997512e-02,2.803156e-02,7.689888e-03,2.530145e-02
3.692680e-01,2.401245e-02,2.123497e-01,1.720456e-01,3.615900e-02,1.902883e-02,2.216745e-03,1.737674e-02,2.271881e-02,9.937802e-03,1.760250e-02,4.415059e-02,2.595401e-02,6.221575e-03,2.095766e-02
4.337093e-01,2.031368e-02,1.819762e-01,1.616657e-01,3.006236e-02,2.203533e-02,2.531929e-03,1.769411e-02,1.741694e-02,8.423583e-03,1.506026e-02,4.408001e-02,2.276326e-02,5.166420e-03,1.710093e-02
4.932535e-01,2.105849e-02,1.376334e-01,1.293494e-01,2.439467e-02,2.123177e-02,3.063767e-03,1.853630e-02,1.657204e-02,6.882077e-03,4.469823e-02,3.955259e-02,1.907224e-02,6.903583e-03,1.779792e-02
4.938239e-01,1.839454e-02,9.967689e-02,1.021875e-01,1.790694e-02,1.973175e-02,3.021757e-03,1.732797e-02,2.293213e-02,5.617199e-03,7.104713e-02,5.058946e-02,3.506132e-02,2.708111e-02,1.560040e-02
4.264289e-01,1.473507e-02,7.187905e-02,7.554199e-02,1.297946e-02,1.777764e-02,2.401926e-03,1.347122e-02,1.844566e-02,4.504034e-03,2.278585e-01,4.834529e-02,2.661913e-02,2.705459e-02,1.195765e-02
3.297206e-01,1.169089e-02,5.117373e-02,5.504066e-02,1.051063e-02,1.423952e-02,1.774320e-03,9.628269e-03,1.506700e-02,3.763975e-03,3.571391e-01,7.911190e-02,1.960672e-02,3.246925e-02,9.063333e-03
2.840163e-01,1.141199e-02,3.667060e-02,4.003735e-02,9.552890e-03,1.223275e-02,1.364921e-03,7.029547e-03,1.390923e-02,3.226081e-03,3.757587e-01,1.500084e-01,1.484587e-02,3.265601e-02,7.279369e-03
3.204964e-01,9.390349e-03,2.599666e-02,2.955632e-02,8.079788e-03,1.064761e-02,1.109961e-03,5.180278e-03,1.214245e-02,2.851055e-03,3.334750e-01,1.856691e-01,1.146412e-02,3.812376e-02,5.817160e-03
2.536141e-01,7.753268e-03,1.835535e-02,2.756035e-02,9.707246e-03,1.495528e-02,1.050102e-03,3.866529e-03,1.117625e-02,2.824353e-03,3.594915e-01,2.425774e-01,9.568397e-03,3.240642e-02,5.093412e-03
1.870288e-01,7.135907e-03,1.306066e-02,2.295967e-02,2.750287e-02,1.324205e-02,1.039772e-03,3.108261e-03,2.274564e-02,2.894212e-03,3.758607e-01,2.840807e-01,8.285740e-03,2.680471e-02,4.250234e-03
1.936809e-01,8.276438e-03,9.442211e-03,1.987514e-02,4.076202e-02,1.381468e-02,1.070655e-03,2.980654e-03,2.266823e-02,3.516533e-03,3.442130e-01,2.986129e-01,7.954543e-03,2.929871e-02,3.833282e-03
1.630368e-01,8.967493e-03,7.077204e-03,1.456333e-02,5.750083e-02,1.238148e-02,1.332546e-03,3.195972e-03,2.035101e-02,4.281379e-03,3.732184e-01,2.901271e-01,6.981123e-03,3.323504e-02,3.750202e-03
1.383354e-01,7.781709e-03,5.201501e-03,1.060792e-02,7.237928e-02,1.076380e-02,1.379641e-03,2.654591e-03,1.933506e-02,5.063252e-03,4.200654e-01,2.659043e-01,6.166766e-03,3.103881e-02,3.322575e-03
1.428239e-01,1.157460e-02,4.666361e-03,8.297234e-03,9.717007e-02,1.099105e-02,2.577649e-03,3.339807e-03,1.800421e-02,4.512983e-03,4.448822e-01,2.175756e-01,5.661710e-03,2.401752e-02,3.905088e-03
1.387941e-01,1.035391e-02,4.206539e-03,6.651106e-03,8.525896e-02,1.417270e-02,3.502217e-03,4.070023e-03,1.416409e-02,3.518189e-03,5.019051e-01,1.863634e-01,5.113262e-03,1.823938e-02,3.687004e-03
2.343646e-01,1.297770e-02,3.969721e-03,7.745660e-03,9.042097e-02,1.612506e-02,3.727386e-03,5.758991e-03,1.483437e-02,3.023930e-03,3.964161e-01,1.854106e-01,4.393068e-03,1.514193e-02,5.689911e-03
2.614549e-01,2.015382e-02,6.394733e-03,9.356792e-03,9.968902e-02,1.608464e-02,7.840269e-03,6.423227e-03,1.600443e-02,2.504792e-03,2.947558e-01,2.345242e-01,3.820376e-03,1.181447e-02,9.178479e-03
3.359834e-01,1.782610e-02,5.537644e-03,9.267706e-03,9.776706e-02,1.374032e-02,1.009179e-02,7.234015e-03,1.692883e-02,2.062202e-03,2.246901e-01,2.364798e-01,3.333059e-03,1.014062e-02,8.917294e-03
3.540683e-01,1.663289e-02,5.401098e-03,9.767716e-03,1.244640e-01,1.625572e-02,1.190286e-02,1.382696e-02,1.722595e-02,1.975355e-03,1.739679e-01,2.351788e-01,3.709067e-03,7.838809e-03,7.784531e-03
2.854377e-01,1.526316e-02,1.011565e-02,7.914318e-03,1.363058e-01,1.653882e-02,1.156878e-02,3.377567e-02,3.109668e-02,3.433388e-03,1.870197e-01,2.320960e-01,1.472889e-02,7.231145e-03,7.474226e-03
2.206743e-01,1.408973e-02,1.030152e-02,7.863306e-03,1.349748e-01,2.286826e-02,1.077288e-02,3.133443e-02,7.986534e-02,4.323925e-03,1.629087e-01,2.387487e-01,3.093760e-02,8.133891e-03,2.220260e-02
1.808313e-01,1.183166e-02,9.683440e-03,6.674043e-03,1.236073e-01,2.267121e-02,9.902366e-03,6.559115e-02,1.351790e-01,6.076328e-03,1.530159e-01,1.957539e-01,5.085558e-02,7.720646e-03,2.060620e-02
1.359328e-01,1.212335e-02,7.300435e-03,5.619789e-03,9.903429e-02,2.135429e-02,8.476188e-03,6.068079e-02,1.891448e-01,6.898893e-03,1.407100e-01,1.816464e-01,1.034812e-01,9.258104e-03,1.833864e-02
1.034257e-01,1.332915e-02,5.821140e-03,4.951669e-03,8.443293e-02,2.186187e-02,6.549545e-03,4.714375e-02,2.699679e-01,6.131294e-03,1.277484e-01,1.885592e-01,9.803516e-02,7.830141e-03,1.421214e-02
7.613975e-02,1.639685e-02,4.524426e-03,4.001042e-03,7.082494e-02,3.738713e-02,5.338310e-03,3.737668e-02,3.467965e-01,4.726899e-03,1.148405e-01,1.743498e-01,9.011434e-02,6.295061e-03,1.088767e-02
6.432921e-02,1.788710e-02,7.743920e-03,3.789709e-03,6.673179e-02,3.836291e-02,8.318029e-03,6.863609e-02,3.371116e-01,4.537628e-03,1.242455e-01,1.640928e-01,7.927174e-02,6.339272e-03,8.602689e-03
5.990473e-02,1.993151e-02,7.768160e-03,3.031664e-03,7.195089e-02,3.905644e-02,1.114193e-02,5.623503e-02,3.738286e-01,4.332204e-03,1.146113e-01,1.594926e-01,6.613106e-02,5.698857e-03,6.884878e-03
5.278833e-02,2.721223e-02,6.585467e-03,2.428913e-03,6.137886e-02,3.967720e-02,8.380338e-03,4.282521e-02,4.256049e-01,3.558452e-03,9.613016e-02,1.651694e-01,5.751210e-02,5.423447e-03,5.324924e-03
7.570158e-02,3.409028e-02,1.185273e-02,4.540278e-03,5.922191e-02,3.522648e-02,6.402466e-03,4.048151e-02,3.846019e-01,3.101535e-03,9.011916e-02,1.927263e-01,5.202021e-02,5.270844e-03,4.642848e-03
1.159882e-01,3.595250e-02,5.837644e-02,3.506240e-02,7.200170e-02,2.947818e-02,5.634484e-03,4.620300e-02,3.027527e-01,4.014391e-03,7.323387e-02,1.495722e-01,5.680267e-02,5.754802e-03,9.172495e-03
1.395749e-01,4.433678e-02,4.454891e-02,2.855844e-02,7.463456e-02,2.965722e-02,4.439559e-03,3.581956e-02,2.717341e-01,3.484891e-03,5.881501e-02,1.607772e-01,8.563308e-02,7.836546e-03,1.014914e-02
2.115657e-01,3.739057e-02,3.469279e-02,2.226456e-02,6.668520e-02,2.329142e-02,3.262767e-03,2.579633e-02,2.092966e-01,2.566067e-03,4.522070e-02,1.859126e-01,1.147120e-01,8.542089e-03,8.800475e-03
1.902420e-01,2.773268e-02,2.527629e-02,1.660083e-02,4.864717e-02,1.689924e-02,2.422984e-03,1.914935e-02,1.495351e-01,1.893933e-03,3.533097e-02,1.913120e-01,2.596157e-01,8.249390e-03,7.092274e-03
1.435208e-01,2.031481e-02,1.819183e-02,1.304592e-02,3.466393e-02,1.327735e-02,1.891694e-03,1.580590e-02,1.105806e-01,1.993626e-03,3.583160e-02,2.350435e-01,3.378513e-01,9.378744e-03,8.608432e-03
1.400129e-01,1.525666e-02,1.969049e-02,1.418131e-02,2.742940e-02,1.293094e-02,2.157372e-03,6.617600e-02,9.129545e-02,2.196869e-03,4.173224e-02,2.369556e-01,3.111374e-01,1.091531e-02,7.932014e-03
1.565167e-01,1.545310e-02,1.608978e-02,2.089190e-02,2.502016e-02,1.375335e-02,3.967390e-03,7.059462e-02,1.142068e-01,2.577814e-03,3.830133e-02,2.026686e-01,2.819847e-01,9.903065e-03,2.807071e-02
1.819964e-01,1.476737e-02,2.379637e-02,2.431754e-02,4.144032e-02,1.940225e-02,6.880895e-03,9.125076e-02,1.094157e-01,2.492215e-03,3.591817e-02,1.595174e-01,2.587003e-01,7.916268e-03,2.218796e-02
1.550806e-01,1.736331e-02,2.598881e-02,2.189427e-02,7.038084e-02,4.028171e-02,1.324486e-02,7.770237e-02,1.223953e-01,1.989600e-03,2.736909e-02,1.165792e-01,2.866766e-01,5.828326e-03,1.722499e-02
1.421037e-01,2.890668e-02,2.646662e-02,5.422444e-02,1.345593e-01,4.617674e-02,2.053438e-02,6.597960e-02,1.114337e-01,1.772890e-03,2.167098e-02,8.504286e-02,2.437599e-01,4.434435e-03,1.293368e-02
1.375455e-01,2.256057e-02,2.277841e-02,5.150699e-02,1.785158e-01,4.484595e-02,1.666137e-02,1.310990e-01,1.136474e-01,1.662992e-03,1.759859e-02,6.028822e-02,1.883143e-01,3.338645e-03,9.636281e-03
1.401820e-01,1.975755e-02,1.948177e-02,5.123885e-02,1.912147e-01,3.840690e-02,1.298973e-02,2.016764e-01,1.155264e-01,1.571479e-03,1.394908e-02,4.328163e-02,1.407555e-01,2.608083e-03,7.359983e-03
1.102125e-01,1.396675e-02,1.451849e-02,4.280457e-02,1.583708e-01,2.738973e-02,9.380968e-03,3.937841e-01,8.213752e-02,1.109291e-03,9.887997e-03,3.045162e-02,9.897898e-02,1.835031e-03,5.171626e-03
9.859668e-02,9.888452e-03,1.055995e-02,3.115828e-02,1.228014e-01,1.944888e-02,6.709334e-03,5.388875e-01,5.811181e-02,7.872796e-04,7.023070e-03,2.141464e-02,6.966202e-02,1.293608e-03,3.657047e-03
9.605864e-02,7.007809e-03,7.606341e-03,2.221578e-02,9.234499e-02,1.413628e-02,4.952822e-03,6.418003e-01,4.077049e-02,5.651853e-04,5.037078e-03,1.506353e-02,4.894339e-02,9.196113e-04,2.577759e-03
1.593968e-01,5.383356e-03,5.754561e-03,1.623999e-02,7.189088e-02,1.179364e-02,4.244048e-03,6.401061e-01,2.929096e-02,4.883721e-04,4.083969e-03,1.279984e-02,3.563584e-02,7.511624e-04,2.140530e-03
2.220596e-01,4.531993e-03,4.664138e-03,1.315300e-02,5.630740e-02,1.436859e-02,4.100277e-03,6.089221e-01,2.162772e-02,4.673062e-04,3.782049e-03,1.527391e-02,2.773297e-02,7.847828e-04,2.224129e-03
2.367173e-01,3.446045e-03,3.782253e-03,1.015459e-02,4.270037e-02,1.568937e-02,4.362098e-03,6.265810e-01,1.571950e-02,3.727960e-04,3.078859e-03,1.306316e-02,2.171385e-02,6.413891e-04,1.977432e-03
2.548216e-01,2.775684e-03,3.540004e-03,8.157132e-03,3.274138e-02,1.877583e-02,4.299055e-03,6.295385e-01,1.151986e-02,3.209630e-04,2.512849e-03,1.117871e-02,1.738190e-02,5.598185e-04,1.876718e-03
2.553228e-01,2.283861e-03,3.458613e-03,6.728530e-03,2.427617e-02,1.800627e-02,3.457031e-03,6.497623e-01,8.332507e-03,3.235285e-04,2.096075e-03,9.524686e-03,1.351256e-02,5.616659e-04,2.353371e-03
3.247091e-01,2.124552e-03,4.196223e-03,6.694609e-03,1.909649e-02,1.550280e-02,2.971563e-03,5.904503e-01,6.116398e-03,3.281210e-04,2.246016e-03,9.939619e-03,1.195461e-02,7.597400e-04,2.909864e-03
3.179865e-01,1.816640e-03,4.665133e-03,6.772713e-03,1.549893e-02,1.348969e-02,2.501938e-03,6.079268e-01,4.463141e-03,2.837829e-04,1.955051e-03,8.926202e-03,1.010475e-02,7.050509e-04,2.903656e-03
3.861546e-01,2.513191e-03,5.062824e-03,8.144829e-03,1.249728e-02,1.543013e-02,2.201914e-03,5.291692e-01,3.790203e-03,5.942059e-04,3.124271e-03,1.288217e-02,1.024846e-02,1.504075e-03,6.682631e-03
4.691530e-01,3.516589e-03,5.699698e-03,1.190215e-02,1.090569e-02,1.870300e-02,2.142383e-03,4.251412e-01,4.102757e-03,1.145930e-03,5.104436e-03,1.687575e-02,1.068488e-02,2.422418e-03,1.250016e-02
1.000000e+00,0.000000e+00,0.000000e+00,0.000000e+00,0.000000e+00,0.000000e+00,0.000000e+00,0.000000e+00,0.000000e+00,0.000000e+00,0.000000e+00,0.000000e+00,0.000000e+00,0.000000e+00,0.000000e+00
3.783951e-01,6.311816e-03,4.907581e-03,1.952942e-02,6.494248e-03,2.279690e-02,1.599277e-03,2.267621e-01,9.356870e-02,4.508296e-02,3.478141e-02,2.491860e-02,2.538078e-02,1.274084e-02,9.673031e-02
2.836871e-01,5.911660e-03,3.758850e-03,1.655784e-02,5.470165e-03,2.124065e-02,1.310720e-03,1.625331e-01,2.021039e-01,4.475309e-02,7.207347e-02,2.202825e-02,4.572476e-02,3.104261e-02,8.180401e-02
2.550257e-01,7.080947e-03,5.626285e-03,3.168849e-02,5.940347e-03,2.000828e-02,1.399652e-03,1.171587e-01,2.633644e-01,4.751014e-02,6.986021e-02,1.920867e-02,4.739221e-02,2.972504e-02,7.901099e-02
2.626962e-01,8.648135e-03,5.568201e-03,3.321208e-02,6.041991e-03,1.922959e-02,1.485119e-03,8.371072e-02,2.910747e-01,4.587965e-02,5.900497e-02,1.560479e-02,4.117061e-02,4.181430e-02,8.485900e-02
