1.000000e+00,0.000000e+00,0.000000e+00,0.000000e+00,0.000000e+00,0.000000e+00,0.000000e+00,0.000000e+00,0.000000e+00,0.000000e+00,0.000000e+00,0.000000e+00,0.000000e+00,0.000000e+00,0.000000e+00
1.000000e+00,0.000000e+00,0.000000e+00,0.000000e+00,0.000000e+00,0.000000e+00,0.000000e+00,0.000000e+00,0.000000e+00,0.000000e+00,0.000000e+00,0.000000e+00,0.000000e+00,0.000000e+00,0.000000e+00
1.000000e+00,0.000000e+00,0.000000e+00,0.000000e+00,0.000000e+00,0.000000e+00,0.000000e+00,0.000000e+00,0.000000e+00,0.000000e+00,0.000000e+00,0.000000e+00,0.000000e+00,0.000000e+00,0.000000e+00
1.000000e+00,0.000000e+00,0.000000e+00,0.000000e+00,0.000000e+00,0.000000e+00,0.000000e+00,0.000000e+00,0.000000e+00,0.000000e+00,0.000000e+00,0.000000e+00,0.000000e+00,0.000000e+00,0.000000e+00
1.000000e+00,0.000000e+00,0.000000e+00,0.000000e+00,0.000000e+00,0.000000e+00,0.000000e+00,0.000000e+00,0.000000e+00,0.000000e+00,0.000000e+00,0.000000e+00,0.000000e+00,0.000000e+00,0.000000e+00
1.000000e+00,0.000000e+00,0.000000e+00,0.000000e+00,0.000000e+00,0.000000e+00,0.000000e+00,0.000000e+00,0.000000e+00,0.000000e+00,0.000000e+00,0.000000e+00,0.000000e+00,0.000000e+00,0.000000e+00
1.000000e+00,0.000000e+00,0.000000e+00,0.000000e+00,0.000000e+00,0.000000e+00,0.000000e+00,0.000000e+00,0.000000e+00,0.000000e+00,0.000000e+00,0.000000e+00,0.000000e+00,0.000000e+00,0.000000e+00
1.000000e+00,0.000000e+00,0.000000e+00,0.000000e+00,0.000000e+00,0.000000e+00,0.000000e+00,0.000000e+00,0.000000e+00,0.000000e+00,0.000000e+00,0.000000e+00,0.000000e+00,0.000000e+00,0.000000e+00
1.000000e+00,0.000000e+00,0.000000e+00,0.000000e+00,0.000000e+00,0.000000e+00,0.000000e+00,0.000000e+00,0.000000e+00,0.000000e+00,0.000000e+00,0.000000e+00,0.000000e+00,0.000000e+00,0.000000e+00
1.000000e+00,0.000000e+00,0.000000e+00,0.000000e+00,0.000000e+00,0.000000e+00,0.000000e+00,0.000000e+00,0.000000e+00,0.000000e+00,0.000000e+00,0.000000e+00,0.000000e+00,0.000000e+00,0.000000e+00
1.000000e+00,0.000000e+00,0.000000e+00,0.000000e+00,0.000000e+00,0.000000e+00,0.000000e+00,0.000000e+00,0.000000e+00,0.000000e+00,0.000000e+00,0.000000e+00,0.000000e+00,0.000000e+00,0.000000e+00
1.000000e+00,0.000000e+00,0.000000e+00,0.000000e+00,0.000000e+00,0.000000e+00,0.000000e+00,0.000000e+00,0.000000e+00,0.000000e+00,0.000000e+00,0.000000e+00,0.000000e+00,0.000000e+00,0.000000e+00
1.000000e+00,0.000000e+00,0.000000e+00,0.000000e+00,0.000000e+00,0.000000e+00,0.000000e+00,0.000000e+00,0.000000e+00,0.000000e+00,0.000000e+00,0.000000e+00,0.000000e+00,0.000000e+00,0.000000e+00
1.000000e+00,0.000000e+00,0.000000e+00,0.000000e+00,0.000000e+00,0.000000e+00,0.000000e+00,0.000000e+00,0.000000e+00,0.000000e+00,0.000000e+00,0.000000e+00,0.000000e+00,0.000000e+00,0.000000e+00
1.000000e+00,0.000000e+00,0.000000e+00,0.000000e+00,0.000000e+00,0.000000e+00,0.000000e+00,0.000000e+00,0.000000e+00,0.000000e+00,0.000000e+00,0.000000e+00,0.000000e+00,0.000000e+00,0.000000e+00
1.000000e+00,0.000000e+00,0.000000e+00,0.000000e+00,0.000000e+00,0.000000e+00,0.000000e+00,0.000000e+00,0.000000e+00,0.000000e+00,0.000000e+00,0.000000e+00,0.000000e+00,0.000000e+00,0.000000e+00
1.000000e+00,0.000000e+00,0.000000e+00,0.000000e+00,0.000000e+00,0.000000e+00,0.000000e+00,0.000000e+00,0.000000e+00,0.000000e+00,0.000000e+00,0.000000e+00,0.000000e+00,0.000000e+00,0.000000e+00
1.000000e+00,0.000000e+00,0.000000e+00,0.000000e+00,0.000000e+00,0.000000e+00,0.000000e+00,0.000000e+00,0.000000e+00,0.000000e+00,0.000000e+00,0.000000e+00,0.000000e+00,0.000000e+00,0.000000e+00
1.000000e+00,0.000000e+00,0.000000e+00,0.000000e+00,0.000000e+00,0.000000e+00,0.000000e+00,0.000000e+00,0.000000e+00,0.000000e+00,0.000000e+00,0.000000e+00,0.000000e+00,0.000000e+00,0.000000e+00
1.000000e+00,0.000000e+00,0.000000e+00,0.000000e+00,0.000000e+00,0.000000e+00,0.000000e+00,0.000000e+00,0.000000e+00,0.000000e+00,0.000000e+00,0.000000e+00,0.000000e+00,0.000000e+00,0.000000e+00
1.000000e+00,0.000000e+00,0.000000e+00,0.000000e+00,0.000000e+00,0.000000e+00,0.000000e+00,0.000000e+00,0.000000e+00,0.000000e+00,0.000000e+00,0.000000e+00,0.000000e+00,0.000000e+00,0.000000e+00
1.000000e+00,0.000000e+00,0.000000e+00,0.000000e+00,0.000000e+00,0.000000e+00,0.000000e+00,0.000000e+00,0.000000e+00,0.000000e+00,0.000000e+00,0.000000e+00,0.000000e+00,0.000000e+00,0.000000e+00
1.000000e+00,0.000000e+00,0.000000e+00,0.000000e+00,0.000000e+00,0.000000e+00,0.000000e+00,0.000000e+00,0.000000e+00,0.000000e+00,0.000000e+00,0.000000e+00,0.000000e+00,0.000000e+00,0.000000e+00
1.000000e+00,0.000000e+00,0.000000e+00,0.000000e+00,0.000000e+00,0.000000e+00,0.000000e+00,0.000000e+00,0.000000e+00,0.000000e+00,0.000000e+00,0.000000e+00,0.000000e+00,0.000000e+00,0.000000e+00
1.000000e+00,0.000000e+00,0.000000e+00,0.000000e+00,0.000000e+00,0.000000e+00,0.000000e+00,0.000000e+00,0.000000e+00,0.000000e+00,0.000000e+00,0.000000e+00,0.000000e+00,0.000000e+00,0.000000e+00
1.000000e+00,0.000000e+00,0.000000e+00,0.000000e+00,0.000000e+00,0.000000e+00,0.000000e+00,0.000000e+00,0.000000e+00,0.000000e+00,0.000000e+00,0.000000e+00,0.000000e+00,0.000000e+00,0.000000e+00
1.000000e+00,0.000000e+00,0.000000e+00,0.000000e+00,0.000000e+00,0.000000e+00,0.000000e+00,0.000000e+00,0.000000e+00,0.000000e+00,0.000000e+00,0.000000e+00,0.000000e+00,0.000000e+00,0.000000e+00
1.000000e+00,0.000000e+00,0.000000e+00,0.000000e+00,0.000000e+00,0.000000e+00,0.000000e+00,0.000000e+00,0.000000e+00,0.000000e+00,0.000000e+00,0.000000e+00,0.000000e+00,0.000000e+00,0.000000e+00
1.000000e+00,0.000000e+00,0.000000e+00,0.000000e+00,0.000000e+00,0.000000e+00,0.000000e+00,0.000000e+00,0.000000e+00,0.000000e+00,0.000000e+00,0.000000e+00,0.000000e+00,0.000000e+00,0.000000e+00
1.000000e+00,0.000000e+00,0.000000e+00,0.000000e+00,0.000000e+00,0.000000e+00,0.000000e+00,0.000000e+00,0.000000e+00,0.000000e+00,0.000000e+00,0.000000e+00,0.000000e+00,0.000000e+00,0.000000e+00
1.000000e+00,0.000000e+00,0.000000e+00,0.000000e+00,0.000000e+00,0.000000e+00,0.000000e+00,0.000000e+00,0.000000e+00,0.000000e+00,0.000000e+00,0.000000e+00,0.000000e+00,0.000000e+00,0.000000e+00
1.000000e+00,0.000000e+00,0.000000e+00,0.000000e+00,0.000000e+00,0.000000e+00,0.000000e+00,0.000000e+00,0.000000e+00,0.000000e+00,0.000000e+00,0.000000e+00,0.000000e+00,0.000000e+00,0.000000e+00
1.000000e+00,0.000000e+00,0.000000e+00,0.000000e+00,0.000000e+00,0.000000e+00,0.000000e+00,0.000000e+00,0.000000e+00,0.000000e+00,0.000000e+00,0.000000e+00,0.000000e+00,0.000000e+00,0.000000e+00
1.000000e+00,0.000000e+00,0.000000e+00,0.000000e+00,0.000000e+00,0.000000e+00,0.000000e+00,0.000000e+00,0.000000e+00,0.000000e+00,0.000000e+00,0.000000e+00,0.000000e+00,0.000000e+00,0.000000e+00
1.000000e+00,0.000000e+00,0.000000e+00,0.000000e+00,0.000000e+00,0.000000e+00,0.000000e+00,0.000000e+00,0.000000e+00,0.000000e+00,0.000000e+00,0.000000e+00,0.000000e+00,0.000000e+00,0.000000e+00
1.000000e+00,0.000000e+00,0.000000e+00,0.000000e+00,0.000000e+00,0.000000e+00,0.000000e+00,0.000000e+00,0.000000e+00,0.000000e+00,0.000000e+00,0.000000e+00,0.000000e+00,0.000000e+00,0.000000e+00
1.000000e+00,0.000000e+00,0.000000e+00,0.000000e+00,0.000000e+00,0.000000e+00,0.000000e+00,0.000000e+00,0.000000e+00,0.000000e+00,0.000000e+00,0.000000e+00,0.000000e+00,0.000000e+00,0.000000e+00
1.000000e+00,0.000000e+00,0.000000e+00,0.000000e+00,0.000000e+00,0.000000e+00,0.000000e+00,0.000000e+00,0.000000e+00,0.000000e+00,0.000000e+00,0.000000e+00,0.000000e+00,0.000000e+00,0.000000e+00
1.000000e+00,0.000000e+00,0.000000e+00,0.000000e+00,0.000000e+00,0.000000e+00,0.000000e+00,0.000000e+00,0.000000e+00,0.000000e+00,0.000000e+00,0.000000e+00,0.000000e+00,0.000000e+00,0.000000e+00
1.000000e+00,0.000000e+00,0.000000e+00,0.000000e+00,0.000000e+00,0.000000e+00,0.000000e+00,0.000000e+00,0.000000e+00,0.000000e+00,0.000000e+00,0.000000e+00,0.000000e+00,0.000000e+00,0.000000e+00
1.000000e+00,0.000000e+00,0.000000e+00,0.000000e+00,0.000000e+00,0.000000e+00,0.000000e+00,0.000000e+00,0.000000e+00,0.000000e+00,0.000000e+00,0.000000e+00,0.000000e+00,0.000000e+00,0.000000e+00
1.000000e+00,0.000000e+00,0.000000e+00,0.000000e+00,0.000000e+00,0.000000e+00,0.000000e+00,0.000000e+00,0.000000e+00,0.000000e+00,0.000000e+00,0.000000e+00,0.000000e+00,0.000000e+00,0.000000e+00
1.000000e+00,0.000000e+00,0.000000e+00,0.000000e+00,0.000000e+00,0.000000e+00,0.000000e+00,0.000000e+00,0.000000e+00,0.000000e+00,0.000000e+00,0.000000e+00,0.000000e+00,0.000000e+00,0.000000e+00
1.000000e+00,0.000000e+00,0.000000e+00,0.000000e+00,0.000000e+00,0.000000e+00,0.000000e+00,0.000000e+00,0.000000e+00,0.000000e+00,0.000000e+00,0.000000e+00,0.000000e+00,0.000000e+00,0.000000e+00
1.000000e+00,0.000000e+00,0.000000e+00,0.000000e+00,0.000000e+00,0.000000e+00,0.000000e+00,0.000000e+00,0.000000e+00,0.000000e+00,0.000000e+00,0.000000e+00,0.000000e+00,0.000000e+00,0.000000e+00
1.000000e+00,0.000000e+00,0.000000e+00,0.000000e+00,0.000000e+00,0.000000e+00,0.000000e+00,0.000000e+00,0.000000e+00,0.000000e+00,0.000000e+00,0.000000e+00,0.000000e+00,0.000000e+00,0.000000e+00
1.000000e+00,0.000000e+00,0.000000e+00,0.000000e+00,0.000000e+00,0.000000e+00,0.000000e+00,0.000000e+00,0.000000e+00,0.000000e+00,0.000000e+00,0.000000e+00,0.000000e+00,0.000000e+00,0.000000e+00
1.000000e+00,0.000000e+00,0.000000e+00,0.000000e+00,0.000000e+00,0.000000e+00,0.000000e+00,0.000000e+00,0.000000e+00,0.000000e+00,0.000000e+00,0.000000e+00,0.000000e+00,0.000000e+00,0.000000e+00
1.000000e+00,0.000000e+00,0.000000e+00,0.000000e+00,0.000000e+00,0.000000e+00,0.000000e+00,0.000000e+00,0.000000e+00,0.000000e+00,0.000000e+00,0.000000e+00,0.000000e+00,0.000000e+00,0.000000e+00
1.000000e+00,0.000000e+00,0.000000e+00,0.000000e+00,0.000000e+00,0.000000e+00,0.000000e+00,0.000000e+00,0.000000e+00,0.000000e+00,0.000000e+00,0.000000e+00,0.000000e+00,0.000000e+00,0.000000e+00
1.000000e+00,0.000000e+00,0.000000e+00,0.000000e+00,0.000000e+00,0.000000e+00,0.000000e+00,0.000000e+00,0.000000e+00,0.000000e+00,0.000000e+00,0.000000e+00,0.000000e+00,0.000000e+00,0.000000e+00
1.000000e+00,0.000000e+00,0.000000e+00,0.000000e+00,0.000000e+00,0.000000e+00,0.000000e+00,0.000000e+00,0.000000e+00,0.000000e+00,0.000000e+00,0.000000e+00,0.000000e+00,0.000000e+00,0.000000e+00
1.000000e+00,0.000000e+00,0.000000e+00,0.000000e+00,0.000000e+00,0.000000e+00,0.000000e+00,0.000000e+00,0.000000e+00,0.000000e+00,0.000000e+00,0.000000e+00,0.000000e+00,0.000000e+00,0.000000e+00
1.000000e+00,0.000000e+00,0.000000e+00,0.000000e+00,0.000000e+00,0.000000e+00,0.000000e+00,0.000000e+00,0.000000e+00,0.000000e+00,0.000000e+00,0.000000e+00,0.000000e+00,0.000000e+00,0.000000e+00
1.000000e+00,0.000000e+00,0.000000e+00,0.000000e+00,0.000000e+00,0.000000e+00,0.000000e+00,0.000000e+00,0.000000e+00,0.000000e+00,0.000000e+00,0.000000e+00,0.000000e+00,0.000000e+00,0.000000e+00
1.000000e+00,0.000000e+00,0.000000e+00,0.000000e+00,0.000000e+00,0.000000e+00,0.000000e+00,0.000000e+00,0.000000e+00,0.000000e+00,0.000000e+00,0.000000e+00,0.000000e+00,0.000000e+00,0.000000e+00
1.000000e+00,0.000000e+00,0.000000e+00,0.000000e+00,0.000000e+00,0.000000e+00,0.000000e+00,0.000000e+00,0.000000e+00,0.000000e+00,0.000000e+00,0.000000e+00,0.000000e+00,0.000000e+00,0.000000e+00
1.000000e+00,0.000000e+00,0.000000e+00,0.000000e+00,0.000000e+00,0.000000e+00,0.000000e+00,0.000000e+00,0.000000e+00,0.000000e+00,0.000000e+00,0.000000e+00,0.000000e+00,0.000000e+00,0.000000e+00
1.000000e+00,0.000000e+00,0.000000e+00,0.000000e+00,0.000000e+00,0.000000e+00,0.000000e+00,0.000000e+00,0.000000e+00,0.000000e+00,0.000000e+00,0.000000e+00,0.000000e+00,0.000000e+00,0.000000e+00
3.574882e-01,1.415354e-02,2.414829e-02,9.386396e-02,1.121524e-02,1.310440e-02,2.654449e-03,4.288259e-01,3.816158e-03,1.621292e-03,1.267921e-02,1.360034e-02,1.107284e-02,2.130477e-03,9.625717e-03
2.527840e-01,1.013332e-02,1.710823e-02,6.591970e-02,8.035732e-03,9.406361e-03,2.853381e-03,5.951424e-01,2.714209e-03,1.145512e-03,9.001896e-03,9.556610e-03,7.804945e-03,1.588367e-03,6.805405e-03
1.780751e-01,7.387672e-03,1.215483e-02,4.634629e-02,5.797165e-03,6.779779e-03,2.367999e-03,7.136672e-01,1.938015e-03,8.100805e-04,6.391826e-03,6.715464e-03,5.502444e-03,1.264422e-03,4.801833e-03
1.250793e-01,5.263217e-03,8.611655e-03,3.256321e-02,4.197419e-03,4.931767e-03,2.020074e-03,7.976332e-01,1.385423e-03,5.746812e-04,4.592436e-03,4.747714e-03,3.965038e-03,1.036184e-03,3.398748e-03
8.828781e-02,3.826685e-03,6.146612e-03,2.296313e-02,3.505001e-03,3.713616e-03,1.644373e-03,8.482945e-01,1.239339e-03,4.947519e-04,4.429753e-03,3.818878e-03,3.773745e-03,5.336219e-03,2.525618e-03
6.280391e-02,2.906930e-03,4.364109e-03,1.621794e-02,3.983514e-03,2.889172e-03,1.984513e-03,7.667384e-01,1.806515e-03,6.955339e-04,1.524853e-02,2.113638e-02,8.502846e-02,1.075308e-02,3.443019e-03
4.539871e-02,2.460014e-03,3.130363e-03,1.202290e-02,3.243200e-03,7.169299e-03,1.708518e-03,5.765421e-01,2.851964e-03,5.634440e-04,1.470911e-02,1.629153e-02,3.023633e-01,7.628309e-03,3.917213e-03
3.565293e-02,1.943680e-03,2.306343e-03,8.998093e-03,3.012116e-03,1.599838e-02,1.484472e-03,4.339820e-01,2.741947e-03,4.409304e-04,1.169088e-02,1.207759e-02,4.606434e-01,5.370793e-03,3.656410e-03
2.636274e-02,1.904683e-03,1.676100e-03,6.797524e-03,2.623710e-03,1.645678e-02,1.356487e-03,3.216526e-01,5.475813e-03,3.546005e-04,9.553513e-03,9.104106e-03,5.893182e-01,3.787682e-03,3.575559e-03
1.923891e-02,2.166255e-03,1.250399e-03,6.075446e-03,2.186186e-03,1.667056e-02,1.260201e-03,2.333765e-01,8.557408e-03,4.190275e-04,8.600788e-03,7.492590e-03,6.864569e-01,2.693827e-03,3.555110e-03
1.394759e-02,2.806900e-03,1.103370e-03,6.287257e-03,2.058231e-03,1.582797e-02,9.561608e-04,1.655539e-01,1.858494e-02,5.180281e-04,1.047510e-02,8.029053e-03,7.476014e-01,2.084507e-03,4.165500e-03
1.565250e-02,3.196605e-03,9.915918e-04,5.260740e-03,1.840349e-03,2.301562e-02,9.049193e-04,1.163721e-01,3.666759e-02,5.985926e-04,1.850351e-02,3.919073e-02,7.298284e-01,1.808464e-03,6.168319e-03
1.654181e-02,5.791733e-03,1.523665e-03,4.477418e-03,2.767484e-03,2.081210e-02,8.892187e-04,8.365098e-02,4.330989e-02,1.243969e-03,3.477837e-02,4.116078e-02,7.230734e-01,1.831395e-03,1.814782e-02
1.347107e-02,6.496988e-03,1.374207e-03,3.552799e-03,3.069785e-03,1.787730e-02,6.804986e-04,5.869620e-02,6.425481e-02,5.159432e-03,6.267243e-02,6.381434e-02,6.595085e-01,3.777233e-03,3.559441e-02
1.497709e-02,6.645188e-03,1.686230e-03,3.904221e-03,3.648113e-03,1.782116e-02,6.179335e-04,4.129022e-02,1.002888e-01,9.503635e-03,8.901413e-02,7.175996e-02,5.992241e-01,5.598090e-03,3.402113e-02
2.239741e-02,1.447247e-02,1.388966e-02,4.017120e-03,1.570367e-02,1.645664e-02,9.899989e-04,3.118272e-02,1.329856e-01,1.372957e-02,8.308695e-02,6.249730e-02,5.371373e-01,6.602186e-03,4.485139e-02
2.046470e-02,2.021030e-02,1.499960e-02,4.891341e-03,1.612204e-02,1.534986e-02,7.884321e-04,2.549120e-02,1.365931e-01,1.369652e-02,6.375979e-02,4.695542e-02,4.215946e-01,9.751057e-03,1.893320e-01
1.563318e-02,3.910825e-02,1.891022e-02,5.835320e-03,1.973143e-02,1.444230e-02,6.434673e-04,2.243222e-02,2.837070e-01,1.197739e-02,5.300114e-02,3.399466e-02,3.086991e-01,9.013394e-03,1.628709e-01
1.262100e-02,5.142773e-02,1.941765e-02,5.073851e-03,2.037820e-02,2.192571e-02,4.929478e-04,1.750427e-02,3.284170e-01,1.018211e-02,4.171088e-02,2.442356e-02,2.212055e-01,8.286247e-03,2.169333e-01
1.001661e-02,4.523076e-02,1.664865e-02,5.865161e-03,1.896268e-02,2.047604e-02,4.557874e-04,1.738707e-02,3.637799e-01,8.104279e-03,3.068815e-02,1.772986e-02,1.569249e-01,7.630521e-03,2.800996e-01
7.719712e-03,4.261701e-02,1.932979e-02,4.112461e-02,1.438565e-02,2.176291e-02,3.458719e-04,1.784740e-02,4.428312e-01,7.398805e-03,2.265627e-02,1.272055e-02,1.111492e-01,5.984923e-03,2.321260e-01
5.824553e-03,3.762290e-02,1.515859e-02,6.724308e-02,1.101795e-02,1.972149e-02,2.666587e-04,1.518205e-02,5.318503e-01,6.905194e-03,1.789878e-02,9.036226e-03,7.886942e-02,4.445754e-03,1.789570e-01
5.490152e-03,4.112799e-02,1.192956e-02,5.447799e-02,1.063712e-02,1.973493e-02,2.306362e-04,1.693946e-02,5.114912e-01,7.516791e-03,1.441172e-02,6.430642e-03,5.617531e-02,4.344562e-03,2.390620e-01
4.309166e-03,3.012748e-02,8.702792e-03,4.013819e-02,7.646675e-03,1.478587e-02,1.736312e-04,1.295198e-02,6.287569e-01,6.505205e-03,1.103997e-02,4.595276e-03,4.020065e-02,3.366352e-03,1.866999e-01
6.665098e-03,2.891960e-02,7.312984e-03,2.923342e-02,6.498975e-03,1.164934e-02,1.912344e-04,1.510484e-02,6.206344e-01,5.209413e-03,9.478872e-03,3.442100e-03,2.922413e-02,5.157239e-03,2.212783e-01
5.823935e-03,2.195054e-02,6.211463e-03,2.161585e-02,4.898140e-03,8.528090e-03,1.580060e-04,2.199546e-02,7.023728e-01,3.834495e-03,7.324756e-03,2.481614e-03,2.091372e-02,4.132661e-03,1.677585e-01
4.402068e-03,1.576058e-02,4.789230e-03,1.577055e-02,3.481305e-03,6.051739e-03,1.141414e-04,1.585983e-02,7.842056e-01,2.875745e-03,5.498801e-03,1.811460e-03,1.512450e-02,2.976197e-03,1.212783e-01
4.068458e-03,1.448872e-02,4.654335e-03,1.308211e-02,3.284028e-03,4.693931e-03,1.120112e-04,1.184236e-02,8.256215e-01,2.646736e-03,4.451269e-03,1.468297e-03,1.225765e-02,2.430711e-03,9.489796e-02
3.482995e-03,1.434842e-02,6.334695e-03,1.557126e-02,3.047506e-03,4.121341e-03,1.015008e-04,8.884406e-03,8.479398e-01,3.009662e-03,3.737771e-03,1.145759e-03,9.770968e-03,1.920425e-03,7.658350e-02
1.459250e-02,5.898864e-02,1.025669e-02,1.833665e-02,2.631824e-02,7.411215e-03,5.653739e-04,1.591701e-02,7.368146e-01,3.112387e-03,3.541979e-03,9.429770e-04,8.893353e-03,2.294382e-03,9.201410e-02
1.411139e-02,5.447864e-02,1.729489e-02,2.553987e-02,5.754784e-02,6.432441e-03,1.246797e-03,1.630339e-01,5.728038e-01,2.206024e-03,2.733995e-03,6.777417e-04,6.485515e-03,1.760994e-03,7.364623e-02
3.115698e-02,6.528801e-02,2.492554e-02,6.379326e-02,7.595982e-02,8.391968e-03,1.219660e-03,1.664365e-01,4.848657e-01,2.322929e-03,4.144008e-03,6.639615e-04,5.314134e-03,1.887151e-03,6.363042e-02
6.119338e-02,7.137523e-02,2.614466e-02,6.431543e-02,8.366527e-02,1.426309e-02,1.257947e-03,1.735443e-01,3.959682e-01,3.263207e-03,4.776261e-03,9.341663e-04,4.761689e-03,3.052021e-03,9.148520e-02
5.641126e-02,5.513306e-02,2.239344e-02,9.058549e-02,1.056349e-01,2.788737e-02,1.490777e-03,2.532590e-01,3.084657e-01,2.379582e-03,4.216786e-03,9.649998e-04,4.081390e-03,2.286630e-03,6.480978e-02
5.455951e-02,4.102034e-02,1.629898e-02,6.621725e-02,1.578294e-01,2.678747e-02,4.079447e-03,3.383535e-01,2.381686e-01,1.708288e-03,3.634012e-03,7.720549e-04,3.132608e-03,1.747595e-03,4.569115e-02
6.129045e-02,2.946841e-02,1.343954e-02,4.728596e-02,1.219009e-01,2.151077e-02,1.009845e-01,3.813186e-01,1.793094e-01,1.584600e-03,4.266309e-03,7.237695e-04,3.228856e-03,1.305181e-03,3.238291e-02
1.326449e-01,2.593298e-02,1.185868e-02,3.464148e-02,9.731236e-02,2.303477e-02,9.995732e-02,3.740770e-01,1.599208e-01,2.554217e-03,4.630019e-03,2.726185e-03,5.024876e-03,1.044980e-03,2.463952e-02
2.037435e-01,2.039112e-02,1.228761e-02,2.571235e-02,7.398832e-02,2.569902e-02,1.080627e-01,3.539677e-01,1.354055e-01,2.798331e-03,5.066290e-03,6.236782e-03,5.796432e-03,1.090049e-03,1.975434e-02
2.957858e-01,1.971920e-02,1.017639e-02,1.869548e-02,5.742697e-02,2.845355e-02,1.166565e-01,2.991369e-01,1.200636e-01,2.484898e-03,4.004567e-03,4.976260e-03,6.716733e-03,8.303904e-04,1.487277e-02
4.033876e-01,1.481808e-02,8.824979e-03,1.354251e-02,4.326536e-02,2.764026e-02,1.001669e-01,2.671609e-01,9.392310e-02,2.392959e-03,3.222964e-03,4.153294e-03,5.455525e-03,6.748809e-04,1.137072e-02
3.997081e-01,1.097718e-02,1.220285e-02,1.003035e-02,3.635819e-02,3.435984e-02,1.177491e-01,2.765830e-01,6.773330e-02,5.405535e-03,3.438665e-03,5.450350e-03,8.063611e-03,8.906132e-04,1.104926e-02
4.559506e-01,8.286461e-03,1.030077e-02,8.206290e-03,2.987767e-02,3.441443e-02,1.018845e-01,2.637329e-01,5.110874e-02,4.870248e-03,3.344628e-03,9.227919e-03,7.891303e-03,1.181965e-03,9.721683e-03
4.387532e-01,6.612606e-03,1.011556e-02,6.849405e-03,2.769643e-02,3.451355e-02,8.673067e-02,3.155404e-01,4.007265e-02,4.489981e-03,2.963628e-03,8.572581e-03,7.157241e-03,1.265960e-03,8.666039e-03
4.414738e-01,8.517253e-03,1.347357e-02,1.497676e-02,2.680355e-02,4.614893e-02,6.938946e-02,2.868593e-01,3.137537e-02,5.904952e-03,4.890907e-03,2.457015e-02,1.026175e-02,2.233268e-03,1.312093e-02
3.513078e-01,1.113825e-02,1.203082e-02,3.000341e-02,2.173392e-02,1.370822e-01,5.420683e-02,2.048116e-01,3.013050e-02,8.124476e-03,7.630963e-03,3.105683e-02,7.874309e-02,2.284213e-03,1.971499e-02
2.616228e-01,1.223365e-02,5.228802e-02,8.865981e-02,1.893935e-02,1.124422e-01,3.952328e-02,1.484459e-01,6.636246e-02,1.357164e-02,1.117398e-02,3.539319e-02,1.099823e-01,2.180557e-03,2.718089e-02
2.618357e-01,1.933631e-02,6.238931e-02,8.961651e-02,1.622576e-02,9.390002e-02,3.025121e-02,1.127624e-01,8.174691e-02,1.928055e-02,1.920435e-02,4.244383e-02,1.132660e-01,3.486439e-03,3.425469e-02
2.076053e-01,2.438492e-02,5.724870e-02,9.253048e-02,1.291187e-02,7.389081e-02,2.190962e-02,8.172087e-02,1.614888e-01,4.547020e-02,1.913710e-02,3.644291e-02,1.006182e-01,3.149698e-03,6.149053e-02
1.573266e-01,4.481304e-02,4.319154e-02,7.431962e-02,1.066725e-02,5.821367e-02,1.587915e-02,5.927591e-02,2.717237e-01,4.862610e-02,2.024331e-02,3.352476e-02,1.024514e-01,3.589387e-03,5.615463e-02
1.470273e-01,3.788751e-02,3.149397e-02,5.535445e-02,8.960946e-03,5.051879e-02,1.148811e-02,4.273950e-02,2.267888e-01,3.470128e-02,1.676621e-02,2.693576e-02,2.558581e-01,3.864130e-03,4.961521e-02
1.413077e-01,3.180550e-02,2.340098e-02,4.735129e-02,7.442106e-03,4.025247e-02,8.502927e-03,3.094522e-02,1.925337e-01,2.524232e-02,1.450317e-02,2.601411e-02,3.569902e-01,8.169756e-03,4.553858e-02
2.018847e-01,2.465544e-02,1.751247e-02,3.469138e-02,6.737952e-03,3.339297e-02,7.061723e-03,2.263785e-02,1.435619e-01,1.832971e-02,1.801321e-02,4.465569e-02,3.727670e-01,1.048312e-02,4.361498e-02
3.104939e-01,2.423177e-02,1.429367e-02,2.805565e-02,6.990972e-03,2.997825e-02,5.821446e-03,1.714864e-02,1.083355e-01,1.360971e-02,2.084431e-02,5.731808e-02,3.162161e-01,1.118342e-02,3.547862e-02
2.568323e-01,1.900594e-02,1.120251e-02,2.119282e-02,5.720627e-03,2.401021e-02,4.450191e-03,1.258982e-02,9.234825e-02,1.417747e-02,4.415661e-02,1.104715e-01,3.421183e-01,1.401336e-02,2.771014e-02
2.602804e-01,1.565524e-02,8.594434e-03,1.670305e-02,4.861761e-03,2.036008e-02,3.661179e-03,9.539389e-03,9.743889e-02,1.684679e-02,5.986705e-02,1.188955e-01,3.303483e-01,1.345150e-02,2.349648e-02
2.272269e-01,1.251551e-02,6.401059e-03,1.247325e-02,4.050823e-03,1.808701e-02,2.799593e-03,7.124908e-03,1.054633e-01,2.682526e-02,6.389256e-02,1.530294e-01,3.233023e-01,1.231882e-02,2.448939e-02
2.381159e-01,9.998063e-03,5.576755e-03,1.072624e-02,4.686910e-03,1.621974e-02,2.499014e-03,8.399789e-03,1.394032e-01,3.671437e-02,6.388023e-02,1.473338e-01,2.820054e-01,1.195498e-02,2.248566e-02
2.152534e-01,8.800598e-03,4.927951e-03,8.542947e-03,4.291638e-03,1.272455e-02,1.981172e-03,7.954878e-03,1.562776e-01,7.845680e-02,6.172787e-02,1.383336e-01,2.710164e-01,1.041470e-02,1.929586e-02
1.724456e-01,1.369644e-02,8.755720e-03,6.708387e-03,3.878622e-03,9.588315e-03,1.580358e-03,7.715123e-03,1.487458e-01,1.023304e-01,5.120479e-02,1.284036e-01,3.091241e-01,9.618702e-03,2.620393e-02
1.308455e-01,2.513460e-02,1.039396e-02,5.135944e-03,3.435059e-03,7.276868e-03,1.229795e-03,7.359333e-03,1.658979e-01,1.081321e-01,4.335943e-02,1.458755e-01,2.935092e-01,9.942109e-03,4.247262e-02
1.017638e-01,2.287168e-02,7.487071e-03,3.924086e-03,2.599230e-03,5.328404e-03,9.636419e-04,5.315520e-03,1.327482e-01,2.235401e-01,3.503788e-02,1.884704e-01,2.176860e-01,8.130330e-03,4.413361e-02
8.476426e-02,3.248670e-02,7.539292e-03,3.603278e-03,4.708104e-03,4.201420e-03,9.580079e-04,7.217914e-03,1.967084e-01,1.858798e-01,3.381372e-02,2.301392e-01,1.671721e-01,7.959132e-03,3.284859e-02
7.442449e-02,3.292488e-02,8.869206e-03,5.880476e-03,6.704731e-03,4.085096e-03,9.178848e-04,2.422585e-02,2.743782e-01,1.640853e-01,3.306759e-02,2.162688e-01,1.240125e-01,6.681447e-03,2.347357e-02
6.472250e-02,2.871182e-02,2.143458e-02,9.388711e-03,9.807336e-03,3.548265e-03,7.913822e-04,1.750951e-01,2.595564e-01,1.183315e-01,2.918186e-02,1.635907e-01,9.186468e-02,7.006552e-03,1.696855e-02
5.680427e-02,3.141014e-02,1.819401e-02,1.004449e-02,2.265636e-02,5.299177e-03,5.779733e-04,1.324030e-01,3.962912e-01,9.082299e-02,2.826142e-02,1.174819e-01,6.570576e-02,1.070183e-02,1.334539e-02
4.797706e-02,2.615086e-02,1.368508e-02,8.883260e-03,3.500487e-02,1.303306e-02,4.152613e-04,9.600783e-02,5.160164e-01,7.080092e-02,2.337730e-02,8.269215e-02,4.632407e-02,9.748645e-03,9.883216e-03
4.380433e-02,2.033373e-02,1.130257e-02,2.214441e-02,4.197150e-02,1.190722e-02,3.270021e-04,9.380224e-02,5.769922e-01,5.284068e-02,1.772008e-02,5.855664e-02,3.279238e-02,7.377926e-03,8.127068e-03
4.546343e-02,2.035344e-02,8.304108e-03,1.805011e-02,6.977398e-02,1.880344e-02,2.635368e-04,8.374313e-02,5.987358e-01,4.031937e-02,1.502287e-02,4.213388e-02,2.326387e-02,6.983065e-03,8.785958e-03
3.886418e-02,1.572991e-02,5.920917e-03,1.929273e-02,6.448352e-02,1.984700e-02,2.189145e-04,7.294080e-02,6.615983e-01,3.009523e-02,1.130012e-02,3.046030e-02,1.662629e-02,5.262413e-03,7.359435e-03
3.864552e-02,1.899284e-02,4.260066e-03,1.859116e-02,7.481740e-02,3.966444e-02,2.596412e-04,6.008685e-02,6.658915e-01,2.255625e-02,9.201165e-03,2.239714e-02,1.209215e-02,5.068813e-03,7.475073e-03
4.482871e-02,1.903816e-02,3.107510e-03,1.821303e-02,6.998698e-02,7.364017e-02,2.246221e-04,5.120210e-02,6.536144e-01,1.730361e-02,8.592939e-03,1.638582e-02,8.677203e-03,5.790102e-03,9.394664e-03
5.264895e-02,2.047297e-02,2.844206e-03,2.027363e-02,6.229258e-02,8.699293e-02,3.010442e-04,6.773315e-02,6.187456e-01,1.292951e-02,8.348273e-03,1.307459e-02,6.654063e-03,8.541529e-03,1.814691e-02
5.448946e-02,1.815714e-02,2.686471e-03,1.993693e-02,6.406924e-02,6.496865e-02,4.144896e-04,2.140105e-01,5.074604e-01,9.237608e-03,7.313708e-03,9.909536e-03,4.906748e-03,8.362733e-03,1.407640e-02
7.234528e-02,2.291761e-02,7.178340e-03,2.686967e-02,6.837200e-02,7.381858e-02,1.200714e-03,2.299655e-01,4.470934e-01,6.875698e-03,7.338620e-03,7.958967e-03,4.051919e-03,1.140983e-02,1.260389e-02
9.364422e-02,2.366516e-02,6.981065e-03,2.877361e-02,6.066535e-02,7.591032e-02,1.411042e-03,3.129019e-01,3.534236e-01,5.389239e-03,6.979126e-03,6.335080e-03,3.299382e-03,1.033725e-02,1.028367e-02
1.107411e-01,2.602642e-02,6.557494e-03,2.404757e-02,4.701844e-02,6.021475e-02,1.323801e-03,4.205690e-01,2.669273e-01,3.980618e-03,6.488368e-03,5.236427e-03,2.690342e-03,8.659417e-03,9.519006e-03
1.702638e-01,6.520199e-02,8.451590e-03,2.142153e-02,3.873083e-02,4.959314e-02,2.167308e-03,3.829252e-01,2.221195e-01,3.889911e-03,6.227434e-03,4.831532e-03,2.957929e-03,9.854348e-03,1.136400e-02
1.937140e-01,6.588092e-02,9.778163e-03,1.719788e-02,3.113360e-02,3.683674e-02,2.876530e-03,4.336299e-01,1.738803e-01,3.389541e-03,5.453738e-03,4.178932e-03,2.568655e-03,8.811335e-03,1.066986e-02
2.527444e-01,5.217095e-02,1.245833e-02,1.376575e-02,2.645596e-02,2.939566e-02,5.053238e-03,4.358429e-01,1.338939e-01,3.403781e-03,5.409094e-03,4.538476e-03,2.770282e-03,7.460133e-03,1.463725e-02
3.304511e-01,4.081824e-02,1.393003e-02,1.225384e-02,2.090162e-02,2.651211e-02,7.686205e-03,4.056866e-01,9.827579e-02,2.877684e-03,5.249283e-03,5.507403e-03,3.184284e-03,6.658440e-03,2.000734e-02
4.063124e-01,2.986762e-02,1.291207e-02,9.719679e-03,1.539196e-02,2.436890e-02,7.028755e-03,3.848364e-01,7.073349e-02,2.285162e-03,5.020856e-03,7.690649e-03,3.396487e-03,4.932669e-03,1.550295e-02
4.744444e-01,2.320089e-02,1.141591e-02,1.026002e-02,1.211548e-02,2.054330e-02,5.308831e-03,3.001824e-01,7.528242e-02,4.517717e-03,1.221763e-02,1.566067e-02,8.963565e-03,6.556138e-03,1.933069e-02
3.486755e-01,1.670815e-02,8.828698e-03,7.632613e-03,8.633683e-03,1.485723e-02,3.784512e-03,2.123999e-01,3.121254e-01,4.632711e-03,1.263121e-02,1.131425e-02,7.400712e-03,6.039778e-03,2.433562e-02
2.491551e-01,1.224080e-02,6.561583e-03,5.838511e-03,6.125874e-03,1.125494e-02,2.696382e-03,1.503161e-01,4.904146e-01,4.248621e-03,1.388820e-02,8.597629e-03,6.104721e-03,9.690357e-03,2.286658e-02
2.011667e-01,9.541828e-03,5.632966e-03,6.318447e-03,4.484257e-03,9.307571e-03,1.986719e-03,1.077503e-01,5.318092e-01,5.582522e-03,4.172381e-02,8.781015e-03,1.622524e-02,2.475850e-02,2.493098e-02
2.044393e-01,8.160263e-03,5.142629e-03,5.359733e-03,3.412829e-03,7.723360e-03,1.511240e-03,7.898456e-02,5.117671e-01,7.949740e-03,4.067443e-02,1.054334e-02,1.603671e-02,7.077369e-02,2.752115e-02
2.612203e-01,9.804085e-03,5.741523e-03,5.185941e-03,3.234047e-03,1.015421e-02,1.295513e-03,5.785079e-02,4.276791e-01,7.255923e-03,4.657681e-02,1.032592e-02,1.262111e-02,1.076936e-01,3.336126e-02
3.109738e-01,1.077310e-02,5.430530e-03,5.023327e-03,3.565429e-03,1.212280e-02,1.141434e-03,4.337952e-02,3.627675e-01,6.473882e-03,4.167688e-02,1.025015e-02,1.026930e-02,1.424371e-01,3.371526e-02
3.425021e-01,1.392560e-02,6.779259e-03,6.577347e-03,3.933257e-03,1.747898e-02,1.280947e-03,3.196650e-02,3.052283e-01,5.287889e-03,3.739060e-02,9.172281e-03,8.753296e-03,1.765001e-01,3.322355e-02
3.401755e-01,1.580226e-02,6.183892e-03,7.764730e-03,4.199408e-03,1.821018e-02,1.138927e-03,2.304419e-02,2.985917e-01,4.392295e-03,3.427895e-02,9.302463e-03,8.765434e-03,2.000412e-01,2.810886e-02
3.107182e-01,2.537171e-02,4.269572e-02,1.484109e-02,5.948339e-03,2.025565e-02,1.118664e-03,1.797635e-02,3.191774e-01,3.740040e-03,3.158165e-02,7.917663e-03,7.745845e-03,1.678949e-01,2.301677e-02
3.087194e-01,2.707987e-02,3.672561e-02,1.658521e-02,5.498343e-03,2.106248e-02,1.066298e-03,1.338949e-02,3.204110e-01,3.134122e-03,2.597802e-02,8.332565e-03,8.448996e-03,1.806968e-01,2.287177e-02
2.510730e-01,2.484554e-02,2.800226e-02,1.552427e-02,6.247382e-03,2.122638e-02,8.701286e-04,9.736850e-03,3.633041e-01,2.684445e-03,2.286419e-02,9.319918e-03,7.707004e-03,2.163139e-01,2.028064e-02
2.077988e-01,2.297635e-02,3.377795e-02,1.541064e-02,9.788882e-03,2.241804e-02,9.138615e-04,8.825872e-03,4.161180e-01,2.553131e-03,2.212213e-02,8.481724e-03,6.473065e-03,2.056786e-01,1.666294e-02
1.745580e-01,2.295077e-02,2.738315e-02,1.689073e-02,1.103234e-02,1.919095e-02,7.422746e-04,6.378170e-03,4.837548e-01,3.185751e-03,2.294894e-02,8.752269e-03,5.939057e-03,1.814171e-01,1.487566e-02
1.456300e-01,6.311138e-02,2.524243e-02,1.626612e-02,1.687379e-02,1.540627e-02,6.497866e-04,4.766705e-03,4.913282e-01,5.698510e-03,1.854023e-02,7.884454e-03,5.760948e-03,1.594527e-01,2.338835e-02
1.073501e-01,5.865653e-02,3.180146e-02,3.389927e-02,3.541284e-02,1.201600e-02,9.454358e-04,3.956928e-03,5.211381e-01,1.506511e-02,1.547402e-02,6.196831e-03,5.174175e-03,1.198910e-01,3.302223e-02
7.934353e-02,4.994475e-02,1.040717e-01,5.593843e-02,3.046022e-02,9.725010e-03,9.246547e-04,3.346341e-03,4.904443e-01,2.286588e-02,1.596014e-02,4.919959e-03,5.370361e-03,8.741957e-02,3.926513e-02
1.114751e-01,4.288975e-02,1.649889e-01,4.436779e-02,3.528788e-02,9.808571e-03,1.350368e-03,4.259248e-03,4.144578e-01,3.545576e-02,1.495990e-02,4.550355e-03,5.491498e-03,7.335109e-02,3.730602e-02
1.779509e-01,4.000922e-02,1.592391e-01,3.323333e-02,6.489728e-02,8.957228e-03,1.248665e-03,5.162042e-03,3.560308e-01,4.266694e-02,1.209174e-02,5.048926e-03,6.027798e-03,5.606044e-02,3.137561e-02
1.684222e-01,5.536740e-02,1.194742e-01,4.545850e-02,5.792226e-02,1.055719e-02,1.274018e-03,8.083753e-03,2.919157e-01,5.273335e-02,3.136769e-02,1.592008e-02,2.045287e-02,4.921005e-02,7.184073e-02
1.196210e-01,4.255874e-02,8.659668e-02,1.261704e-01,4.205721e-02,7.718029e-03,9.387638e-04,6.344640e-03,2.804152e-01,6.864454e-02,4.290907e-02,1.631022e-02,2.671668e-02,3.508095e-02,9.791788e-02
8.659291e-02,3.401678e-02,6.242922e-02,1.186776e-01,3.032847e-02,6.047880e-03,7.298135e-04,5.286361e-03,2.767622e-01,6.002994e-02,1.024356e-01,3.974689e-02,6.391639e-02,2.654937e-02,8.645049e-02
7.862936e-02,3.146188e-02,7.218419e-02,9.033317e-02,2.745107e-02,2.606813e-02,1.254375e-03,6.333853e-03,2.426015e-01,4.523857e-02,1.522929e-01,3.278841e-02,5.343706e-02,4.926772e-02,9.065779e-02
6.023298e-02,3.536092e-02,5.598805e-02,6.882882e-02,2.187733e-02,2.686083e-02,9.878519e-04,4.769611e-03,3.388977e-01,3.966911e-02,1.237191e-01,2.517979e-02,4.095097e-02,5.918886e-02,9.748812e-02
4.347388e-02,5.588645e-02,3.991992e-02,5.124619e-02,1.634187e-02,3.148426e-02,7.222216e-04,3.364950e-03,4.737886e-01,2.898950e-02,8.913168e-02,1.790685e-02,2.923124e-02,4.295828e-02,7.555410e-02
3.199093e-02,4.644642e-02,4.880245e-02,1.126936e-01,1.489622e-02,4.375909e-02,6.418512e-04,3.388586e-03,4.840410e-01,2.320294e-02,6.364091e-02,1.259253e-02,2.088032e-02,3.072793e-02,6.229515e-02
2.545110e-02,4.096519e-02,3.591054e-02,1.016547e-01,1.484039e-02,6.846760e-02,5.941286e-04,2.609588e-03,4.689648e-01,2.003046e-02,4.531303e-02,8.857580e-03,1.513483e-02,2.233592e-02,1.288702e-01
1.843464e-02,3.025144e-02,2.614961e-02,1.612652e-01,1.242526e-02,7.250332e-02,5.185645e-04,2.880860e-03,4.680450e-01,1.600425e-02,3.344688e-02,6.342161e-03,1.092412e-02,1.597158e-02,1.248371e-01
1.510388e-02,2.373011e-02,1.972200e-02,1.498527e-01,2.991690e-02,1.139755e-01,1.122805e-03,4.135574e-03,4.793624e-01,1.190084e-02,2.459724e-02,4.507835e-03,8.045361e-03,1.144863e-02,1.025782e-01
1.158160e-02,1.715733e-02,2.587022e-02,3.122674e-01,2.507951e-02,8.250618e-02,8.249526e-04,5.514402e-03,3.927919e-01,9.461114e-03,1.917359e-02,3.255622e-03,5.888036e-03,8.126977e-03,8.050116e-02
1.520598e-02,1.692822e-02,2.354998e-02,2.440404e-01,2.032718e-02,6.309061e-02,6.223297e-04,5.441524e-03,4.877746e-01,9.696564e-03,1.552550e-02,2.349285e-03,4.725147e-03,5.782587e-03,8.494012e-02
2.927438e-02,1.775643e-02,1.863096e-02,1.837250e-01,2.778666e-02,5.687334e-02,6.809998e-04,1.160311e-02,5.391712e-01,9.800248e-03,1.296800e-02,1.793373e-03,3.795293e-03,4.407390e-03,8.173352e-02
3.344169e-02,1.570446e-02,2.087362e-02,2.496388e-01,3.234000e-02,4.182082e-02,6.370478e-04,2.608189e-02,4.932963e-01,7.490575e-03,1.094695e-02,1.415131e-03,2.875680e-03,3.216199e-03,6.022083e-02
2.866115e-02,1.240564e-02,2.245693e-02,3.301376e-01,7.441783e-02,2.998135e-02,8.571619e-04,2.926539e-02,3.930073e-01,5.961519e-03,2.135657e-02,1.155374e-03,4.969168e-03,2.493550e-03,4.287347e-02
8.712278e-02,1.238266e-02,5.427785e-02,3.202191e-01,6.279230e-02,2.572669e-02,1.365573e-03,7.274599e-02,2.918631e-01,5.869045e-03,2.212042e-02,1.156716e-03,6.496337e-03,2.493686e-03,3.336773e-02
1.648025e-01,2.082886e-02,5.890814e-02,2.520986e-01,6.239121e-02,3.211328e-02,1.057963e-02,1.263630e-01,2.077755e-01,5.009281e-03,1.947255e-02,1.028039e-03,1.032715e-02,1.928027e-03,2.637430e-02
2.052787e-01,1.803748e-02,5.383369e-02,1.906257e-01,5.612225e-02,5.073451e-02,2.475282e-02,1.912845e-01,1.469710e-01,4.113342e-03,1.723198e-02,9.093501e-04,1.853306e-02,1.438020e-03,2.013357e-02
2.326105e-01,1.484609e-02,4.197089e-02,1.366485e-01,4.510172e-02,6.429008e-02,3.022703e-02,2.678250e-01,1.069497e-01,3.060054e-03,1.296205e-02,1.329344e-03,2.601889e-02,1.157527e-03,1.500261e-02
2.329485e-01,1.167698e-02,3.204655e-02,9.818180e-02,3.647152e-02,5.560321e-02,2.754722e-02,3.768083e-01,8.096860e-02,2.361949e-03,9.736330e-03,1.742868e-03,2.168975e-02,9.621382e-04,1.125426e-02
2.512372e-01,9.496518e-03,2.547574e-02,7.050233e-02,3.256791e-02,4.557860e-02,2.759449e-02,4.321173e-01,6.504422e-02,2.345368e-03,7.246858e-03,3.645131e-03,1.726308e-02,9.488505e-04,8.936467e-03
2.973410e-01,7.938256e-03,2.333456e-02,5.285467e-02,3.404009e-02,4.236862e-02,2.883394e-02,4.232373e-01,5.250137e-02,2.104333e-03,5.590316e-03,7.550064e-03,1.395813e-02,9.615064e-04,7.385902e-03
3.241591e-01,6.958941e-03,1.916400e-02,3.845242e-02,3.211947e-02,4.106169e-02,3.824581e-02,4.214356e-01,4.023712e-02,1.941413e-03,4.369284e-03,9.650297e-03,1.438173e-02,9.887489e-04,6.834374e-03
3.553077e-01,6.502166e-03,1.752157e-02,2.903217e-02,3.369503e-02,3.795902e-02,3.378363e-02,4.119239e-01,3.385605e-02,1.796861e-03,3.693209e-03,1.517876e-02,1.200880e-02,1.053213e-03,6.687854e-03
3.514390e-01,6.038803e-03,1.478451e-02,2.191289e-02,4.575417e-02,3.169878e-02,2.916635e-02,4.341790e-01,2.926359e-02,1.512440e-03,3.146363e-03,1.383194e-02,1.042323e-02,9.643441e-04,5.884498e-03
3.679607e-01,5.790550e-03,1.386685e-02,1.731326e-02,4.159296e-02,3.131531e-02,2.869190e-02,4.331416e-01,2.579248e-02,1.659430e-03,3.287675e-03,1.275155e-02,9.332775e-03,1.134283e-03,6.368666e-03
3.697288e-01,4.924593e-03,1.340774e-02,1.497757e-02,3.364710e-02,3.210992e-02,2.507979e-02,4.523275e-01,2.126815e-02,1.523913e-03,3.218718e-03,1.225389e-02,8.385134e-03,1.166914e-03,5.980290e-03
3.809567e-01,5.061406e-03,1.150961e-02,1.668119e-02,2.906035e-02,3.444243e-02,2.148077e-02,4.347968e-01,1.774119e-02,1.766453e-03,5.554751e-03,1.853110e-02,1.151192e-02,1.856110e-03,9.049172e-03
3.346560e-01,5.085946e-03,1.837162e-02,2.707376e-02,2.580548e-02,5.324363e-02,1.791445e-02,3.708429e-01,1.970029e-02,2.835895e-03,7.881628e-03,2.753164e-02,6.989101e-02,1.915848e-03,1.724986e-02
3.440611e-01,4.572676e-03,2.076455e-02,2.776907e-02,2.739302e-02,4.858257e-02,1.542051e-02,3.640093e-01,2.054879e-02,2.828117e-03,8.458340e-03,2.801755e-02,6.945933e-02,1.779066e-03,1.633598e-02
2.719220e-01,4.416810e-02,3.130645e-02,7.321398e-02,2.296816e-02,3.653358e-02,1.149949e-02,2.651863e-01,8.312571e-02,2.665694e-02,9.935300e-03,2.568906e-02,6.420216e-02,2.116431e-03,3.147639e-02
2.786484e-01,5.585012e-02,4.424387e-02,6.174647e-02,2.367366e-02,3.059975e-02,9.452504e-03,2.277204e-01,8.174355e-02,3.126544e-02,1.166534e-02,2.000980e-02,8.354064e-02,2.016976e-03,3.782308e-02
3.305417e-01,6.718056e-02,4.040049e-02,5.209326e-02,2.120039e-02,2.720422e-02,8.798765e-03,1.888551e-01,8.038125e-02,3.023375e-02,1.127799e-02,1.919103e-02,8.558351e-02,2.165891e-03,3.489213e-02
3.557599e-01,7.419974e-02,3.223222e-02,3.972670e-02,2.066357e-02,2.555095e-02,8.146588e-03,1.383332e-01,9.047316e-02,2.307730e-02,1.147779e-02,1.612937e-02,1.223356e-01,2.046366e-03,3.984756e-02
3.674128e-01,7.446903e-02,2.465889e-02,3.090248e-02,2.295288e-02,2.184777e-02,7.352013e-03,1.027195e-01,1.004088e-01,1.777505e-02,1.113039e-02,1.497148e-02,1.581317e-01,2.382677e-03,4.288450e-02
3.608142e-01,8.075823e-02,2.288089e-02,2.652191e-02,1.927121e-02,1.858068e-02,5.657602e-03,7.383280e-02,9.849077e-02,1.765650e-02,8.791264e-03,1.509230e-02,1.824000e-01,3.063749e-03,6.618782e-02
3.988826e-01,7.022340e-02,1.903560e-02,2.304468e-02,1.977741e-02,2.011771e-02,4.645560e-03,5.520255e-02,9.333943e-02,1.408566e-02,9.110287e-03,1.595168e-02,1.766192e-01,4.436200e-03,7.552797e-02
4.283692e-01,5.878637e-02,1.714546e-02,2.067672e-02,2.000876e-02,1.980596e-02,4.166125e-03,4.137723e-02,8.674475e-02,1.200800e-02,8.636342e-03,1.428364e-02,1.668046e-01,4.892231e-03,9.629463e-02
4.442799e-01,4.872121e-02,2.179994e-02,2.249272e-02,2.169521e-02,2.039224e-02,4.082679e-03,3.294434e-02,7.521585e-02,1.085184e-02,9.186793e-03,1.463185e-02,1.808413e-01,4.916721e-03,8.794740e-02
4.438676e-01,5.452140e-02,2.434528e-02,2.530465e-02,2.042715e-02,1.841911e-02,3.647949e-03,2.554616e-02,7.725766e-02,1.397504e-02,8.198735e-03,1.362468e-02,1.619870e-01,4.633987e-03,1.042435e-01
4.444545e-01,5.737401e-02,6.850802e-02,5.473686e-02,2.103081e-02,1.684039e-02,3.186659e-03,1.962186e-02,7.135586e-02,1.311358e-02,8.081835e-03,1.500987e-02,1.216717e-01,3.807817e-03,8.120622e-02
4.899533e-01,5.616670e-02,7.587036e-02,6.726841e-02,1.804952e-02,1.679946e-02,2.628028e-03,1.453320e-02,5.347789e-02,1.064397e-02,1.217116e-02,2.420771e-02,8.931701e-02,3.781849e-03,6.513141e-02
1.000000e+00,0.000000e+00,0.000000e+00,0.000000e+00,0.000000e+00,0.000000e+00,0.000000e+00,0.000000e+00,0.000000e+00,0.000000e+00,0.000000e+00,0.000000e+00,0.000000e+00,0.000000e+00,0.000000e+00
1.000000e+00,0.000000e+00,0.000000e+00,0.000000e+00,0.000000e+00,0.000000e+00,0.000000e+00,0.000000e+00,0.000000e+00,0.000000e+00,0.000000e+00,0.000000e+00,0.000000e+00,0.000000e+00,0.000000e+00
1.000000e+00,0.000000e+00,0.000000e+00,0.000000e+00,0.000000e+00,0.000000e+00,0.000000e+00,0.000000e+00,0.000000e+00,0.000000e+00,0.000000e+00,0.000000e+00,0.000000e+00,0.000000e+00,0.000000e+00
