1.000000e+00,0.000000e+00,0.000000e+00,0.000000e+00,0.000000e+00,0.000000e+00,0.000000e+00,0.000000e+00,0.000000e+00,0.000000e+00,0.000000e+00,0.000000e+00,0.000000e+00,0.000000e+00,0.000000e+00
1.000000e+00,0.000000e+00,0.000000e+00,0.000000e+00,0.000000e+00,0.000000e+00,0.000000e+00,0.000000e+00,0.000000e+00,0.000000e+00,0.000000e+00,0.000000e+00,0.000000e+00,0.000000e+00,0.000000e+00
1.000000e+00,0.000000e+00,0.000000e+00,0.000000e+00,0.000000e+00,0.000000e+00,0.000000e+00,0.000000e+00,0.000000e+00,0.000000e+00,0.000000e+00,0.000000e+00,0.000000e+00,0.000000e+00,0.000000e+00
1.000000e+00,0.000000e+00,0.000000e+00,0.000000e+00,0.000000e+00,0.000000e+00,0.000000e+00,0.000000e+00,0.000000e+00,0.000000e+00,0.000000e+00,0.000000e+00,0.000000e+00,0.000000e+00,0.000000e+00
1.000000e+00,0.000000e+00,0.000000e+00,0.000000e+00,0.000000e+00,0.000000e+00,0.000000e+00,0.000000e+00,0.000000e+00,0.000000e+00,0.000000e+00,0.000000e+00,0.000000e+00,0.000000e+00,0.000000e+00
1.000000e+00,0.000000e+00,0.000000e+00,0.000000e+00,0.000000e+00,0.000000e+00,0.000000e+00,0.000000e+00,0.000000e+00,0.000000e+00,0.000000e+00,0.000000e+00,0.000000e+00,0.000000e+00,0.000000e+00
1.000000e+00,0.000000e+00,0.000000e+00,0.000000e+00,0.000000e+00,0.000000e+00,0.000000e+00,0.000000e+00,0.000000e+00,0.000000e+00,0.000000e+00,0.000000e+00,0.000000e+00,0.000000e+00,0.000000e+00
1.000000e+00,0.000000e+00,0.000000e+00,0.000000e+00,0.000000e+00,0.000000e+00,0.000000e+00,0.000000e+00,0.000000e+00,0.000000e+00,0.000000e+00,0.000000e+00,0.000000e+00,0.000000e+00,0.000000e+00
1.000000e+00,0.000000e+00,0.000000e+00,0.000000e+00,0.000000e+00,0.000000e+00,0.000000e+00,0.000000e+00,0.000000e+00,0.000000e+00,0.000000e+00,0.000000e+00,0.000000e+00,0.000000e+00,0.000000e+00
1.000000e+00,0.000000e+00,0.000000e+00,0.000000e+00,0.000000e+00,0.000000e+00,0.000000e+00,0.000000e+00,0.000000e+00,0.000000e+00,0.000000e+00,0.000000e+00,0.000000e+00,0.000000e+00,0.000000e+00
1.000000e+00,0.000000e+00,0.000000e+00,0.000000e+00,0.000000e+00,0.000000e+00,0.000000e+00,0.000000e+00,0.000000e+00,0.000000e+00,0.000000e+00,0.000000e+00,0.000000e+00,0.000000e+00,0.000000e+00
1.000000e+00,0.000000e+00,0.000000e+00,0.000000e+00,0.000000e+00,0.000000e+00,0.000000e+00,0.000000e+00,0.000000e+00,0.000000e+00,0.000000e+00,0.000000e+00,0.000000e+00,0.000000e+00,0.000000e+00
1.000000e+00,0.000000e+00,0.000000e+00,0.000000e+00,0.000000e+00,0.000000e+00,0.000000e+00,0.000000e+00,0.000000e+00,0.000000e+00,0.000000e+00,0.000000e+00,0.000000e+00,0.000000e+00,0.000000e+00
1.000000e+00,0.000000e+00,0.000000e+00,0.000000e+00,0.000000e+00,0.000000e+00,0.000000e+00,0.000000e+00,0.000000e+00,0.000000e+00,0.000000e+00,0.000000e+00,0.000000e+00,0.000000e+00,0.000000e+00
1.000000e+00,0.000000e+00,0.000000e+00,0.000000e+00,0.000000e+00,0.000000e+00,0.000000e+00,0.000000e+00,0.000000e+00,0.000000e+00,0.000000e+00,0.000000e+00,0.000000e+00,0.000000e+00,0.000000e+00
1.000000e+00,0.000000e+00,0.000000e+00,0.000000e+00,0.000000e+00,0.000000e+00,0.000000e+00,0.000000e+00,0.000000e+00,0.000000e+00,0.000000e+00,0.000000e+00,0.000000e+00,0.000000e+00,0.000000e+00
1.000000e+00,0.000000e+00,0.000000e+00,0.000000e+00,0.000000e+00,0.000000e+00,0.000000e+00,0.000000e+00,0.000000e+00,0.000000e+00,0.000000e+00,0.000000e+00,0.000000e+00,0.000000e+00,0.000000e+00
1.000000e+00,0.000000e+00,0.000000e+00,0.000000e+00,0.000000e+00,0.000000e+00,0.000000e+00,0.000000e+00,0.000000e+00,0.000000e+00,0.000000e+00,0.000000e+00,0.000000e+00,0.000000e+00,0.000000e+00
1.000000e+00,0.000000e+00,0.000000e+00,0.000000e+00,0.000000e+00,0.000000e+00,0.000000e+00,0.000000e+00,0.000000e+00,0.000000e+00,0.000000e+00,0.000000e+00,0.000000e+00,0.000000e+00,0.000000e+00
1.000000e+00,0.000000e+00,0.000000e+00,0.000000e+00,0.000000e+00,0.000000e+00,0.000000e+00,0.000000e+00,0.000000e+00,0.000000e+00,0.000000e+00,0.000000e+00,0.000000e+00,0.000000e+00,0.000000e+00
1.000000e+00,0.000000e+00,0.000000e+00,0.000000e+00,0.000000e+00,0.000000e+00,0.000000e+00,0.000000e+00,0.000000e+00,0.000000e+00,0.000000e+00,0.000000e+00,0.000000e+00,0.000000e+00,0.000000e+00
1.000000e+00,0.000000e+00,0.000000e+00,0.000000e+00,0.000000e+00,0.000000e+00,0.000000e+00,0.000000e+00,0.000000e+00,0.000000e+00,0.000000e+00,0.000000e+00,0.000000e+00,0.000000e+00,0.000000e+00
1.000000e+00,0.000000e+00,0.000000e+00,0.000000e+00,0.000000e+00,0.000000e+00,0.000000e+00,0.000000e+00,0.000000e+00,0.000000e+00,0.000000e+00,0.000000e+00,0.000000e+00,0.000000e+00,0.000000e+00
1.000000e+00,0.000000e+00,0.000000e+00,0.000000e+00,0.000000e+00,0.000000e+00,0.000000e+00,0.000000e+00,0.000000e+00,0.000000e+00,0.000000e+00,0.000000e+00,0.000000e+00,0.000000e+00,0.000000e+00
1.000000e+00,0.000000e+00,0.000000e+00,0.000000e+00,0.000000e+00,0.000000e+00,0.000000e+00,0.000000e+00,0.000000e+00,0.000000e+00,0.000000e+00,0.000000e+00,0.000000e+00,0.000000e+00,0.000000e+00
1.000000e+00,0.000000e+00,0.000000e+00,0.000000e+00,0.000000e+00,0.000000e+00,0.000000e+00,0.000000e+00,0.000000e+00,0.000000e+00,0.000000e+00,0.000000e+00,0.000000e+00,0.000000e+00,0.000000e+00
1.000000e+00,0.000000e+00,0.000000e+00,0.000000e+00,0.000000e+00,0.000000e+00,0.000000e+00,0.000000e+00,0.000000e+00,0.000000e+00,0.000000e+00,0.000000e+00,0.000000e+00,0.000000e+00,0.000000e+00
1.000000e+00,0.000000e+00,0.000000e+00,0.000000e+00,0.000000e+00,0.000000e+00,0.000000e+00,0.000000e+00,0.000000e+00,0.000000e+00,0.000000e+00,0.000000e+00,0.000000e+00,0.000000e+00,0.000000e+00
1.000000e+00,0.000000e+00,0.000000e+00,0.000000e+00,0.000000e+00,0.000000e+00,0.000000e+00,0.000000e+00,0.000000e+00,0.000000e+00,0.000000e+00,0.000000e+00,0.000000e+00,0.000000e+00,0.000000e+00
1.000000e+00,0.000000e+00,0.000000e+00,0.000000e+00,0.000000e+00,0.000000e+00,0.000000e+00,0.000000e+00,0.000000e+00,0.000000e+00,0.000000e+00,0.000000e+00,0.000000e+00,0.000000e+00,0.000000e+00
1.000000e+00,0.000000e+00,0.000000e+00,0.000000e+00,0.000000e+00,0.000000e+00,0.000000e+00,0.000000e+00,0.000000e+00,0.000000e+00,0.000000e+00,0.000000e+00,0.000000e+00,0.000000e+00,0.000000e+00
1.000000e+00,0.000000e+00,0.000000e+00,0.000000e+00,0.000000e+00,0.000000e+00,0.000000e+00,0.000000e+00,0.000000e+00,0.000000e+00,0.000000e+00,0.000000e+00,0.000000e+00,0.000000e+00,0.000000e+00
1.000000e+00,0.000000e+00,0.000000e+00,0.000000e+00,0.000000e+00,0.000000e+00,0.000000e+00,0.000000e+00,0.000000e+00,0.000000e+00,0.000000e+00,0.000000e+00,0.000000e+00,0.000000e+00,0.000000e+00
1.000000e+00,0.000000e+00,0.000000e+00,0.000000e+00,0.000000e+00,0.000000e+00,0.000000e+00,0.000000e+00,0.000000e+00,0.000000e+00,0.000000e+00,0.000000e+00,0.000000e+00,0.000000e+00,0.000000e+00
1.000000e+00,0.000000e+00,0.000000e+00,0.000000e+00,0.000000e+00,0.000000e+00,0.000000e+00,0.000000e+00,0.000000e+00,0.000000e+00,0.000000e+00,0.000000e+00,0.000000e+00,0.000000e+00,0.000000e+00
1.000000e+00,0.000000e+00,0.000000e+00,0.000000e+00,0.000000e+00,0.000000e+00,0.000000e+00,0.000000e+00,0.000000e+00,0.000000e+00,0.000000e+00,0.000000e+00,0.000000e+00,0.000000e+00,0.000000e+00
1.000000e+00,0.000000e+00,0.000000e+00,0.000000e+00,0.000000e+00,0.000000e+00,0.000000e+00,0.000000e+00,0.000000e+00,0.000000e+00,0.000000e+00,0.000000e+00,0.000000e+00,0.000000e+00,0.000000e+00
1.000000e+00,0.000000e+00,0.000000e+00,0.000000e+00,0.000000e+00,0.000000e+00,0.000000e+00,0.000000e+00,0.000000e+00,0.000000e+00,0.000000e+00,0.000000e+00,0.000000e+00,0.000000e+00,0.000000e+00
1.000000e+00,0.000000e+00,0.000000e+00,0.000000e+00,0.000000e+00,0.000000e+00,0.000000e+00,0.000000e+00,0.000000e+00,0.000000e+00,0.000000e+00,0.000000e+00,0.000000e+00,0.000000e+00,0.000000e+00
1.000000e+00,0.000000e+00,0.000000e+00,0.000000e+00,0.000000e+00,0.000000e+00,0.000000e+00,0.000000e+00,0.000000e+00,0.000000e+00,0.000000e+00,0.000000e+00,0.000000e+00,0.000000e+00,0.000000e+00
1.000000e+00,0.000000e+00,0.000000e+00,0.000000e+00,0.000000e+00,0.000000e+00,0.000000e+00,0.000000e+00,0.000000e+00,0.000000e+00,0.000000e+00,0.000000e+00,0.000000e+00,0.000000e+00,0.000000e+00
1.000000e+00,0.000000e+00,0.000000e+00,0.000000e+00,0.000000e+00,0.000000e+00,0.000000e+00,0.000000e+00,0.000000e+00,0.000000e+00,0.000000e+00,0.000000e+00,0.000000e+00,0.000000e+00,0.000000e+00
1.000000e+00,0.000000e+00,0.000000e+00,0.000000e+00,0.000000e+00,0.000000e+00,0.000000e+00,0.000000e+00,0.000000e+00,0.000000e+00,0.000000e+00,0.000000e+00,0.000000e+00,0.000000e+00,0.000000e+00
1.000000e+00,0.000000e+00,0.000000e+00,0.000000e+00,0.000000e+00,0.000000e+00,0.000000e+00,0.000000e+00,0.000000e+00,0.000000e+00,0.000000e+00,0.000000e+00,0.000000e+00,0.000000e+00,0.000000e+00
1.000000e+00,0.000000e+00,0.000000e+00,0.000000e+00,0.000000e+00,0.000000e+00,0.000000e+00,0.000000e+00,0.000000e+00,0.000000e+00,0.000000e+00,0.000000e+00,0.000000e+00,0.000000e+00,0.000000e+00
1.000000e+00,0.000000e+00,0.000000e+00,0.000000e+00,0.000000e+00,0.000000e+00,0.000000e+00,0.000000e+00,0.000000e+00,0.000000e+00,0.000000e+00,0.000000e+00,0.000000e+00,0.000000e+00,0.000000e+00
1.000000e+00,0.000000e+00,0.000000e+00,0.000000e+00,0.000000e+00,0.000000e+00,0.000000e+00,0.000000e+00,0.000000e+00,0.000000e+00,0.000000e+00,0.000000e+00,0.000000e+00,0.000000e+00,0.000000e+00
1.000000e+00,0.000000e+00,0.000000e+00,0.000000e+00,0.000000e+00,0.000000e+00,0.000000e+00,0.000000e+00,0.000000e+00,0.000000e+00,0.000000e+00,0.000000e+00,0.000000e+00,0.000000e+00,0.000000e+00
1.000000e+00,0.000000e+00,0.000000e+00,0.000000e+00,0.000000e+00,0.000000e+00,0.000000e+00,0.000000e+00,0.000000e+00,0.000000e+00,0.000000e+00,0.000000e+00,0.000000e+00,0.000000e+00,0.000000e+00
1.000000e+00,0.000000e+00,0.000000e+00,0.000000e+00,0.000000e+00,0.000000e+00,0.000000e+00,0.000000e+00,0.000000e+00,0.000000e+00,0.000000e+00,0.000000e+00,0.000000e+00,0.000000e+00,0.000000e+00
1.000000e+00,0.000000e+00,0.000000e+00,0.000000e+00,0.000000e+00,0.000000e+00,0.000000e+00,0.000000e+00,0.000000e+00,0.000000e+00,0.000000e+00,0.000000e+00,0.000000e+00,0.000000e+00,0.000000e+00
1.000000e+00,0.000000e+00,0.000000e+00,0.000000e+00,0.000000e+00,0.000000e+00,0.000000e+00,0.000000e+00,0.000000e+00,0.000000e+00,0.000000e+00,0.000000e+00,0.000000e+00,0.000000e+00,0.000000e+00
1.000000e+00,0.000000e+00,0.000000e+00,0.000000e+00,0.000000e+00,0.000000e+00,0.000000e+00,0.000000e+00,0.000000e+00,0.000000e+00,0.000000e+00,0.000000e+00,0.000000e+00,0.000000e+00,0.000000e+00
1.000000e+00,0.000000e+00,0.000000e+00,0.000000e+00,0.000000e+00,0.000000e+00,0.000000e+00,0.000000e+00,0.000000e+00,0.000000e+00,0.000000e+00,0.000000e+00,0.000000e+00,0.000000e+00,0.000000e+00
1.000000e+00,0.000000e+00,0.000000e+00,0.000000e+00,0.000000e+00,0.000000e+00,0.000000e+00,0.000000e+00,0.000000e+00,0.000000e+00,0.000000e+00,0.000000e+00,0.000000e+00,0.000000e+00,0.000000e+00
1.000000e+00,0.000000e+00,0.000000e+00,0.000000e+00,0.000000e+00,0.000000e+00,0.000000e+00,0.000000e+00,0.000000e+00,0.000000e+00,0.000000e+00,0.000000e+00,0.000000e+00,0.000000e+00,0.000000e+00
4.640381e-01,1.598056e-02,2.954608e-01,1.000501e-01,7.859885e-03,1.361914e-02,3.422019e-03,2.314443e-02,4.468731e-03,2.142889e-03,7.885985e-03,2.282480e-02,1.740607e-02,2.195627e-03,1.950086e-02
1.000000e+00,0.000000e+00,0.000000e+00,0.000000e+00,0.000000e+00,0.000000e+00,0.000000e+00,0.000000e+00,0.000000e+00,0.000000e+00,0.000000e+00,0.000000e+00,0.000000e+00,0.000000e+00,0.000000e+00
4.096873e-01,2.183905e-02,2.170363e-01,2.017988e-01,5.961845e-03,1.224251e-02,2.763450e-03,1.603045e-02,2.560950e-02,5.259815e-03,7.781385e-03,1.458280e-02,2.512457e-02,1.698379e-03,3.258387e-02
3.863960e-01,3.079654e-02,1.594714e-01,1.995675e-01,4.912246e-03,1.819684e-02,2.364615e-03,1.338264e-02,5.595332e-02,4.702034e-03,8.094557e-03,1.091445e-02,7.362602e-02,1.381226e-03,3.024063e-02
3.188473e-01,2.957705e-02,1.133490e-01,1.612564e-01,4.644585e-03,2.006014e-02,2.407932e-03,1.079204e-02,1.384605e-01,3.464839e-03,7.321529e-03,1.086322e-02,1.499957e-01,1.054413e-03,2.790540e-02
2.317796e-01,2.297549e-02,7.994445e-02,1.224134e-01,3.959149e-03,1.732576e-02,2.113536e-03,7.943169e-03,1.343735e-01,2.505585e-03,5.524847e-03,8.992951e-03,3.308039e-01,7.957200e-04,2.854899e-02
1.679699e-01,1.911362e-02,5.702413e-02,9.131061e-02,3.519414e-03,1.349876e-02,1.684167e-03,5.797275e-03,1.183883e-01,1.885232e-03,4.145805e-03,8.993478e-03,4.533131e-01,6.243367e-04,5.273189e-02
1.187223e-01,1.457702e-02,4.282582e-02,6.479403e-02,3.217497e-03,9.826773e-03,1.300898e-03,4.074207e-03,8.352037e-02,2.561897e-03,3.251188e-03,7.275534e-03,5.468668e-01,7.185809e-04,9.646712e-02
8.314892e-02,1.026368e-02,3.072890e-02,4.548006e-02,2.517392e-03,7.270993e-03,9.909297e-04,2.883263e-03,5.889905e-02,3.928887e-03,3.544359e-03,5.852221e-03,5.718094e-01,5.924915e-03,1.667570e-01
5.834637e-02,7.223411e-03,2.153658e-02,3.198367e-02,1.854046e-03,7.004955e-03,7.426594e-04,2.044762e-03,4.157924e-02,5.875404e-03,7.469939e-03,4.892366e-03,4.634691e-01,7.646528e-03,3.383310e-01
4.086652e-02,5.062484e-03,1.508230e-02,2.252610e-02,1.339662e-03,5.575181e-03,5.654609e-04,1.435207e-03,2.922491e-02,7.963082e-03,8.566523e-03,3.776818e-03,3.443761e-01,6.822928e-03,5.068167e-01
2.873410e-02,3.570252e-03,1.061147e-02,1.585151e-02,9.566181e-04,4.692508e-03,4.132425e-04,1.008282e-03,2.110682e-02,8.251016e-03,6.660989e-03,2.780420e-03,2.439002e-01,7.864738e-03,6.435978e-01
2.031560e-02,2.536273e-03,7.471377e-03,1.139055e-02,6.860017e-04,5.692108e-03,3.010848e-04,7.128853e-04,1.536227e-02,1.075176e-02,6.121169e-03,2.625532e-03,1.724088e-01,7.458248e-03,7.361664e-01
1.468095e-02,1.967351e-03,5.328635e-03,9.210185e-03,5.782184e-04,9.217160e-03,2.432479e-04,5.332442e-04,1.512588e-02,1.155979e-02,1.315036e-02,3.776668e-03,1.228711e-01,8.779359e-03,7.829779e-01
1.206987e-02,1.649527e-03,7.181340e-03,8.279338e-03,4.907026e-04,1.749824e-02,3.642442e-04,5.395561e-04,1.189863e-02,2.775975e-02,1.986638e-02,7.708920e-03,9.144405e-02,9.270748e-03,7.839787e-01
9.808289e-03,1.486003e-03,5.220973e-03,6.364528e-03,4.190766e-04,1.614526e-02,3.344630e-04,4.247868e-04,1.001987e-02,3.375797e-02,3.563529e-02,6.991315e-03,6.615335e-02,1.741903e-02,7.898198e-01
8.242544e-03,1.787182e-03,4.260612e-03,4.658154e-03,5.351751e-04,1.868273e-02,2.729566e-04,3.155920e-04,1.128634e-02,3.794247e-02,6.867847e-02,5.779947e-03,4.863792e-02,7.583469e-02,7.130852e-01
6.973451e-03,3.414338e-03,4.329467e-03,3.576175e-03,4.759265e-04,1.576246e-02,2.061497e-04,2.404673e-04,1.384002e-02,3.854151e-02,9.238899e-02,4.626052e-03,3.516730e-02,1.530146e-01,6.274431e-01
5.748048e-03,3.541717e-03,4.067567e-03,2.581629e-03,4.361242e-04,1.250627e-02,1.581299e-04,1.821745e-04,1.788816e-02,3.695540e-02,7.650930e-02,3.386081e-03,2.503256e-02,2.043911e-01,6.066157e-01
5.850255e-03,4.275529e-03,3.651469e-03,1.858567e-03,4.462717e-04,9.524411e-03,1.170423e-04,1.463942e-04,3.941015e-02,2.694771e-02,6.222659e-02,2.479409e-03,1.802220e-02,2.551991e-01,5.698448e-01
5.527402e-03,4.043233e-03,3.580806e-03,1.330948e-03,6.180260e-04,7.063352e-03,8.774122e-05,1.076023e-04,7.290087e-02,1.996667e-02,4.914580e-02,1.812964e-03,1.298697e-02,3.029059e-01,5.179217e-01
6.984672e-03,1.383831e-02,1.254068e-02,1.129838e-03,7.883443e-04,1.690095e-02,1.395726e-04,1.295542e-04,8.163773e-02,1.473998e-02,4.110425e-02,1.453293e-03,9.789368e-03,3.439551e-01,4.548683e-01
9.202944e-03,1.064642e-02,9.456607e-03,8.587597e-04,1.129579e-03,1.550347e-02,1.198575e-04,1.573468e-04,1.414313e-01,1.144868e-02,3.151276e-02,1.115174e-03,7.198234e-03,4.134551e-01,3.467637e-01
8.748041e-03,8.700353e-03,7.241843e-03,6.589358e-04,9.572296e-04,1.309324e-02,9.945881e-05,1.276542e-04,1.568448e-01,8.721870e-03,2.482931e-02,8.769881e-04,5.299988e-03,5.010433e-01,2.627569e-01
8.161435e-03,7.009650e-03,7.570040e-03,4.750326e-04,7.199715e-04,1.027798e-02,7.941088e-05,9.463543e-05,1.354860e-01,9.318927e-03,1.960719e-02,6.558570e-04,3.913907e-03,5.897143e-01,2.069156e-01
9.220153e-03,5.170298e-03,6.611726e-03,3.462211e-04,5.372224e-04,8.114440e-03,5.929958e-05,7.005273e-05,1.130361e-01,9.850018e-03,1.594022e-02,4.797399e-04,2.841295e-03,6.754995e-01,1.522237e-01
1.287110e-02,4.786071e-03,1.070046e-02,2.873430e-04,4.619043e-04,8.970032e-03,6.746917e-05,1.384207e-04,9.884580e-02,1.270755e-02,1.188569e-02,3.623336e-04,2.214302e-03,7.236959e-01,1.120057e-01
1.390378e-02,3.529474e-03,8.070556e-03,2.111437e-04,3.480334e-04,7.065212e-03,5.094690e-05,1.136947e-04,7.886675e-02,1.246593e-02,9.111310e-03,2.728592e-04,1.673141e-03,7.748123e-01,8.950483e-02
1.539646e-02,2.600144e-03,6.198023e-03,1.602608e-04,2.560297e-04,6.281598e-03,4.114165e-05,1.043534e-04,5.706373e-02,1.309046e-02,6.682054e-03,2.267787e-04,1.493936e-03,8.240659e-01,6.633920e-02
1.857215e-02,2.033404e-03,5.761134e-03,1.392900e-04,1.935641e-04,5.334940e-03,3.788513e-05,1.785234e-04,4.149265e-02,1.087368e-02,5.323514e-03,2.081649e-04,1.144743e-03,8.582996e-01,5.040681e-02
3.064832e-02,1.549094e-03,5.027494e-03,2.040083e-04,1.780373e-04,5.292798e-03,5.248420e-05,5.655586e-04,3.118125e-02,1.027540e-02,4.715982e-03,2.271952e-04,1.004073e-03,8.725380e-01,3.654028e-02
3.725633e-02,1.343678e-03,1.429101e-02,8.008910e-04,3.454426e-04,5.247767e-03,9.035923e-05,1.048842e-02,2.493243e-02,8.665966e-03,4.389842e-03,2.127705e-04,8.291425e-04,8.646871e-01,2.641878e-02
3.550443e-02,1.005402e-03,1.120190e-02,6.824554e-04,3.568708e-04,4.083605e-03,7.944319e-05,9.871812e-03,1.854049e-02,8.640535e-03,3.543102e-03,1.950170e-04,8.468796e-04,8.855806e-01,1.986746e-02
4.887961e-02,7.751220e-04,1.677344e-02,7.073837e-04,3.778485e-04,8.259128e-03,9.550989e-05,1.090819e-02,1.453667e-02,2.357500e-02,3.295988e-03,3.671499e-04,3.185518e-03,8.509536e-01,1.730986e-02
5.140505e-02,6.299210e-04,3.695967e-02,8.437951e-04,3.559481e-04,7.663720e-03,8.397762e-05,1.195559e-02,1.153964e-02,2.489589e-02,5.860655e-03,4.713347e-04,3.369828e-03,8.280304e-01,1.593452e-02
5.998990e-02,5.175527e-04,4.040830e-02,9.311291e-04,9.160057e-04,6.600065e-03,1.209323e-04,1.745404e-02,9.909526e-03,3.667825e-02,4.977163e-03,5.370953e-04,2.725128e-03,8.055082e-01,1.272667e-02
5.546051e-02,6.224110e-04,1.015388e-01,6.621133e-03,9.951113e-03,4.881534e-03,3.514187e-04,7.436589e-02,9.981850e-03,3.637671e-02,4.889977e-03,5.478085e-04,2.623503e-03,6.824198e-01,9.367547e-03
5.190766e-02,6.576833e-04,8.063418e-02,1.419437e-02,1.964686e-02,3.658062e-03,3.318634e-04,1.537473e-01,9.224335e-03,2.959254e-02,4.132157e-03,6.752452e-04,2.324086e-03,6.212967e-01,7.976983e-03
9.610067e-02,1.462833e-03,1.182134e-01,2.174863e-02,1.683051e-02,4.795099e-03,5.948480e-04,2.038668e-01,2.155543e-02,2.877935e-02,7.677983e-03,2.549967e-03,3.244849e-03,4.653583e-01,7.221424e-03
7.905363e-02,1.764404e-03,2.264258e-01,9.027124e-02,1.671502e-02,3.671221e-03,6.292974e-04,1.868767e-01,1.985719e-02,2.358262e-02,7.477169e-03,2.163941e-03,3.167406e-03,3.294128e-01,8.931531e-03
6.344616e-02,1.735247e-03,3.627247e-01,1.213482e-01,1.500091e-02,2.964130e-03,5.865750e-04,1.447500e-01,1.743769e-02,1.794676e-02,6.816883e-03,1.776128e-03,2.489143e-03,2.317536e-01,9.223923e-03
5.691386e-02,7.823597e-03,4.756526e-01,1.186655e-01,1.579091e-02,3.097874e-03,5.378755e-04,1.040375e-01,1.862178e-02,1.377446e-02,5.324071e-03,1.690178e-03,2.055957e-03,1.627572e-01,1.325647e-02
5.643768e-02,9.112174e-03,4.611301e-01,1.627202e-01,2.523087e-02,3.570883e-03,8.667693e-04,1.147374e-01,1.932916e-02,1.163835e-02,4.458504e-03,2.483218e-03,2.132435e-03,1.143685e-01,1.178364e-02
5.298022e-02,7.298571e-03,3.591495e-01,1.252120e-01,2.403913e-02,2.947704e-03,1.046101e-03,3.079736e-01,1.433051e-02,9.336184e-03,3.485248e-03,1.933371e-03,1.616521e-03,8.018049e-02,8.470885e-03
6.212746e-02,7.091742e-03,2.970857e-01,1.045335e-01,2.965511e-02,2.604673e-03,1.632820e-03,4.046783e-01,1.186396e-02,8.855808e-03,2.664582e-03,1.449612e-03,1.231807e-03,5.739711e-02,7.127672e-03
7.115284e-02,8.347675e-03,2.474207e-01,7.820566e-02,3.214956e-02,3.189281e-03,2.447315e-03,4.879808e-01,9.475165e-03,7.920393e-03,2.089804e-03,1.245570e-03,1.059876e-03,4.116787e-02,6.147453e-03
9.599923e-02,1.008079e-02,1.874186e-01,5.815573e-02,3.215897e-02,4.585013e-03,3.914626e-03,5.496824e-01,9.311136e-03,7.960469e-03,1.861200e-03,1.591331e-03,1.389376e-03,2.948690e-02,6.404206e-03
1.244206e-01,1.092364e-02,1.360409e-01,4.285886e-02,3.014535e-02,4.516143e-03,4.105518e-03,5.982790e-01,1.024558e-02,6.171434e-03,1.880152e-03,1.902079e-03,1.514092e-03,2.102795e-02,5.968662e-03
1.369610e-01,1.082327e-02,1.025852e-01,3.231175e-02,2.916715e-02,4.175139e-03,4.814661e-03,6.402611e-01,8.412438e-03,5.202371e-03,1.561589e-03,1.811960e-03,1.445733e-03,1.513619e-02,5.330515e-03
1.639057e-01,1.075478e-02,7.570214e-02,2.524678e-02,2.454247e-02,5.867774e-03,6.246177e-03,6.522200e-01,7.451927e-03,4.246290e-03,1.829814e-03,2.269644e-03,1.601542e-03,1.133543e-02,6.779560e-03
1.999309e-01,1.064788e-02,5.656096e-02,2.004264e-02,2.061625e-02,8.320685e-03,7.893860e-03,6.403671e-01,7.591635e-03,3.525178e-03,2.340966e-03,3.753738e-03,2.181482e-03,8.579155e-03,7.647612e-03
1.998521e-01,8.687215e-03,4.157066e-02,1.519549e-02,1.606937e-02,1.078384e-02,8.839730e-03,6.655512e-01,6.333784e-03,2.840804e-03,2.456126e-03,5.467514e-03,2.527627e-03,6.468953e-03,7.355522e-03
1.949399e-01,6.892274e-03,3.115868e-02,1.156774e-02,1.283925e-02,1.118367e-02,8.260964e-03,6.917323e-01,5.076146e-03,2.283617e-03,2.520538e-03,7.115259e-03,2.732704e-03,4.938863e-03,6.758102e-03
1.723435e-01,5.303769e-03,2.308516e-02,9.947734e-03,1.071209e-02,9.396848e-03,7.087750e-03,7.355325e-01,3.984854e-03,1.961941e-03,2.562972e-03,6.312593e-03,2.655421e-03,3.645638e-03,5.467203e-03
1.433022e-01,3.919953e-03,1.676424e-02,8.605420e-03,8.800651e-03,7.205738e-03,5.725904e-03,7.846978e-01,2.987114e-03,1.546358e-03,2.352998e-03,4.978486e-03,2.310048e-03,2.649736e-03,4.153325e-03
1.244446e-01,2.933660e-03,1.213608e-02,7.281967e-03,7.504465e-03,5.805735e-03,4.539158e-03,8.181509e-01,2.273194e-03,1.253164e-03,2.175208e-03,4.092779e-03,2.141828e-03,1.958196e-03,3.309077e-03
1.094318e-01,2.150289e-03,8.783022e-03,5.791329e-03,6.300921e-03,4.664653e-03,3.504673e-03,8.453594e-01,1.663036e-03,9.730182e-04,1.768559e-03,3.523458e-03,2.006472e-03,1.443728e-03,2.635735e-03
9.988065e-02,1.648666e-03,6.394404e-03,4.683241e-03,5.732313e-03,3.769328e-03,2.656540e-03,8.636733e-01,1.230869e-03,7.776652e-04,1.482061e-03,2.979133e-03,1.807664e-03,1.086581e-03,2.197630e-03
9.398306e-02,1.353123e-03,4.699974e-03,4.077523e-03,6.161587e-03,3.166404e-03,2.042900e-03,8.741556e-01,1.019996e-03,6.133394e-04,1.413694e-03,2.686393e-03,1.748760e-03,8.544920e-04,2.023146e-03
1.332704e-01,2.727792e-03,4.568330e-03,5.579462e-03,7.856325e-03,4.098080e-03,1.684719e-03,8.175553e-01,1.582142e-03,9.199140e-04,2.825046e-03,7.607771e-03,5.416216e-03,1.165956e-03,3.142535e-03
1.758536e-01,4.660305e-03,4.315105e-03,7.206125e-03,9.660925e-03,6.110064e-03,1.650207e-03,7.337961e-01,3.728200e-03,2.100451e-03,7.257957e-03,1.510558e-02,1.839790e-02,2.631157e-03,7.526339e-03
2.339054e-01,4.957767e-03,5.488472e-03,6.920598e-03,1.246774e-02,7.627573e-03,2.011955e-03,6.675304e-01,4.193234e-03,2.748489e-03,7.855398e-03,1.546923e-02,1.899740e-02,2.522500e-03,7.303716e-03
2.860263e-01,5.549545e-03,5.505520e-03,7.526720e-03,1.418474e-02,9.088945e-03,2.785475e-03,6.108381e-01,4.775042e-03,2.838479e-03,7.303168e-03,1.541656e-02,1.866025e-02,2.310044e-03,7.191114e-03
3.027750e-01,1.769716e-02,5.240562e-03,2.690893e-02,2.412910e-02,1.145263e-02,2.779550e-03,4.729668e-01,4.462393e-02,5.547141e-03,1.443040e-02,1.810175e-02,3.779355e-02,2.864802e-03,1.268866e-02
3.608277e-01,2.106899e-02,5.528729e-03,2.562157e-02,2.246068e-02,1.184481e-02,2.820376e-03,3.526496e-01,6.342807e-02,5.573751e-03,2.212313e-02,2.592409e-02,5.617628e-02,5.845560e-03,1.810666e-02
3.294140e-01,3.680083e-02,5.737884e-03,3.411081e-02,2.245937e-02,1.061491e-02,2.455525e-03,2.566407e-01,1.110089e-01,6.369241e-03,3.258836e-02,3.657740e-02,6.973550e-02,9.784386e-03,3.570227e-02
2.829997e-01,1.285636e-01,5.434393e-03,4.623941e-02,1.664295e-02,9.703661e-03,1.894075e-03,1.810182e-01,1.177807e-01,6.965131e-03,4.006720e-02,4.547476e-02,7.759786e-02,9.903714e-03,2.971459e-02
2.864920e-01,1.094646e-01,4.668721e-03,4.541970e-02,1.251174e-02,8.794333e-03,1.602059e-03,1.285930e-01,1.215854e-01,7.242132e-03,6.086020e-02,6.130459e-02,1.108464e-01,1.255993e-02,2.805508e-02
2.381014e-01,8.269636e-02,3.973128e-03,4.175495e-02,9.633983e-03,8.778399e-03,1.327522e-03,9.259866e-02,1.242990e-01,6.103421e-03,8.765651e-02,8.812401e-02,1.804861e-01,1.222043e-02,2.224612e-02
1.765479e-01,6.015262e-02,3.286905e-03,3.040382e-02,8.091035e-03,7.637630e-03,1.120125e-03,6.516375e-02,1.074105e-01,5.104862e-03,8.087693e-02,1.788610e-01,2.427333e-01,1.059187e-02,2.201772e-02
1.302159e-01,4.403944e-02,2.883661e-03,2.175400e-02,1.521103e-02,5.917997e-03,9.370048e-04,4.946846e-02,1.066954e-01,3.838056e-03,6.981242e-02,1.937437e-01,3.274419e-01,8.076084e-03,1.996499e-02
1.051327e-01,3.305019e-02,2.634363e-03,1.560576e-02,1.223761e-02,5.022207e-03,9.356374e-04,3.569219e-02,9.309174e-02,4.505681e-03,6.040766e-02,2.613032e-01,3.465949e-01,7.364451e-03,1.642167e-02
8.190494e-02,2.434763e-02,2.249503e-03,1.153904e-02,1.075465e-02,5.121123e-03,9.477269e-04,2.818117e-02,8.190239e-02,4.159524e-03,5.536076e-02,3.352387e-01,3.394331e-01,6.706431e-03,1.215331e-02
7.628674e-02,2.304983e-02,4.499931e-03,8.693185e-03,9.157428e-03,6.430570e-03,1.185138e-03,2.354258e-02,7.693180e-02,6.741009e-03,6.236346e-02,4.068399e-01,2.758162e-01,8.208503e-03,1.025367e-02
6.999741e-02,2.796225e-02,4.810773e-03,6.496182e-03,7.667775e-03,6.096935e-03,9.952289e-04,1.773601e-02,6.954455e-02,9.369877e-03,9.280215e-02,4.437609e-01,2.222954e-01,1.243129e-02,8.033285e-03
5.522269e-02,5.519006e-02,4.202648e-03,4.780949e-03,5.774975e-03,4.790823e-03,7.608114e-04,1.315765e-02,6.833982e-02,1.274128e-02,1.426898e-01,4.151103e-01,1.878039e-01,2.220893e-02,7.225328e-03
3.964780e-02,4.180443e-02,3.034762e-03,3.462072e-03,4.324615e-03,3.806185e-03,5.457985e-04,9.404981e-03,7.502643e-02,9.763640e-03,1.388514e-01,5.126776e-01,1.339528e-01,1.819906e-02,5.498494e-03
3.151361e-02,5.569256e-02,3.206155e-03,2.844005e-03,4.538950e-03,3.533683e-03,4.167281e-04,7.353026e-03,1.034927e-01,8.616077e-03,1.837224e-01,4.693852e-01,1.011706e-01,1.876662e-02,5.747742e-03
2.681568e-02,7.553168e-02,3.030291e-03,2.290412e-03,4.374695e-03,3.223676e-03,3.388085e-04,6.750280e-03,1.419478e-01,7.570445e-03,2.360205e-01,3.774966e-01,7.446700e-02,3.418752e-02,5.954712e-03
2.187889e-02,7.870296e-02,2.523256e-03,1.736145e-03,4.738256e-03,2.598362e-03,2.659677e-04,5.254221e-03,2.437782e-01,7.060471e-03,2.542353e-01,2.897248e-01,5.255213e-02,2.999531e-02,4.955706e-03
2.297037e-02,7.634705e-02,5.356397e-03,2.465232e-03,1.634768e-02,3.277774e-03,3.932946e-04,1.044910e-02,3.076943e-01,6.903098e-03,2.466376e-01,2.321115e-01,3.869733e-02,2.609014e-02,4.259267e-03
3.408340e-02,6.179185e-02,7.349498e-02,1.028691e-02,3.113464e-02,6.757785e-03,2.563045e-03,4.755392e-02,2.985904e-01,7.762664e-03,1.942929e-01,1.764452e-01,2.985610e-02,2.144106e-02,3.945189e-03
4.068009e-02,7.738142e-02,7.237829e-02,1.147079e-02,4.385831e-02,8.176086e-03,2.081817e-03,5.411698e-02,2.979998e-01,7.010561e-03,1.887015e-01,1.346955e-01,2.280377e-02,3.457220e-02,4.072917e-03
3.320669e-02,6.709002e-02,5.413926e-02,9.378076e-03,5.278792e-02,1.301432e-02,1.777527e-03,4.088455e-02,4.225438e-01,7.458667e-03,1.476806e-01,9.776277e-02,1.650874e-02,3.072726e-02,5.039894e-03
3.006559e-02,5.694855e-02,4.528918e-02,1.708425e-02,5.421514e-02,1.503938e-02,2.794076e-03,3.161721e-02,5.059699e-01,8.799322e-03,1.104401e-01,7.862841e-02,1.416352e-02,2.217800e-02,6.767503e-03
3.427512e-02,4.386149e-02,5.954830e-02,2.839072e-02,6.121982e-02,2.005125e-02,3.577651e-03,3.731383e-02,5.287482e-01,8.242737e-03,8.084794e-02,6.038712e-02,1.154887e-02,1.621551e-02,5.771549e-03
4.905027e-02,4.020004e-02,5.054963e-02,3.362847e-02,1.089777e-01,2.021481e-02,4.402372e-03,2.977159e-02,5.095910e-01,7.807610e-03,6.410090e-02,4.903209e-02,8.845033e-03,1.435890e-02,9.469746e-03
4.938822e-02,3.462020e-02,3.996997e-02,4.840028e-02,1.517041e-01,1.973574e-02,4.804784e-03,4.270775e-02,4.874502e-01,6.812973e-03,5.059783e-02,3.639438e-02,6.732235e-03,1.151196e-02,9.169361e-03
1.017589e-01,3.884962e-02,6.563592e-02,6.874241e-02,1.722829e-01,3.030239e-02,5.043960e-03,3.691062e-02,3.817899e-01,5.432826e-03,3.852214e-02,2.887874e-02,6.058612e-03,9.586658e-03,1.020449e-02
1.191009e-01,4.636725e-02,5.703116e-02,1.694031e-01,1.646810e-01,3.435508e-02,4.716998e-03,3.359205e-02,2.837401e-01,4.499136e-03,3.042561e-02,2.273712e-02,5.594684e-03,1.089201e-02,1.286379e-02
1.921825e-01,4.290555e-02,5.314416e-02,1.458231e-01,1.824076e-01,3.307436e-02,4.644830e-03,3.181491e-02,2.224223e-01,3.892231e-03,2.679469e-02,1.766385e-02,6.311688e-03,2.593609e-02,1.098223e-02
1.493382e-01,3.180898e-02,3.844721e-02,1.102108e-01,1.454020e-01,2.681887e-01,4.437803e-03,2.357362e-02,1.574717e-01,2.760886e-03,2.183208e-02,1.316455e-02,4.799250e-03,1.886836e-02,9.695865e-03
1.162000e-01,2.420471e-02,2.738760e-02,7.912337e-02,1.097255e-01,4.526706e-01,3.337053e-03,1.696400e-02,1.134280e-01,2.299794e-03,1.646533e-02,9.375306e-03,3.626371e-03,1.359069e-02,1.160170e-02
9.988590e-02,1.876251e-02,1.979581e-02,5.605674e-02,7.896744e-02,5.398399e-01,2.587268e-03,1.206807e-02,8.680761e-02,2.516725e-02,1.581296e-02,6.766371e-03,2.935317e-03,1.325496e-02,2.129191e-02
8.322218e-02,1.531456e-02,1.424775e-02,4.327741e-02,5.579038e-02,4.688071e-01,1.932827e-03,8.735960e-03,1.765454e-01,6.528173e-02,1.441745e-02,5.122972e-03,3.239592e-03,1.518753e-02,2.887726e-02
6.754058e-02,1.186683e-02,1.249951e-02,3.414123e-02,3.934595e-02,3.927560e-01,1.406525e-03,6.399660e-03,2.096131e-01,1.434479e-01,1.098957e-02,3.746518e-03,2.687181e-03,1.288095e-02,5.067851e-02
4.805467e-02,8.939246e-03,9.224696e-03,2.395556e-02,2.758280e-02,2.804223e-01,1.030165e-03,4.492859e-03,2.870584e-01,1.639165e-01,8.608716e-03,2.648978e-03,1.955446e-03,2.207283e-02,1.100367e-01
3.512965e-02,6.701744e-03,6.704571e-03,1.681637e-02,1.936678e-02,1.971409e-01,8.075576e-04,3.182466e-03,2.561041e-01,1.552954e-01,1.137114e-02,1.934350e-03,1.649976e-03,1.555150e-01,1.322800e-01
2.633577e-02,5.362756e-03,4.826952e-03,1.180089e-02,1.381249e-02,1.383661e-01,6.103970e-04,2.316404e-03,1.911264e-01,1.215996e-01,1.288628e-02,1.408755e-03,1.626421e-03,2.940096e-01,1.739111e-01
1.860450e-02,3.835197e-03,3.403556e-03,8.263910e-03,9.954585e-03,9.699151e-02,4.415340e-04,1.626383e-03,1.392116e-01,9.217151e-02,1.057561e-02,1.042441e-03,1.277677e-03,3.497021e-01,2.628978e-01
1.314226e-02,2.794341e-03,2.405558e-03,5.787179e-03,7.660472e-03,6.806929e-02,3.186142e-04,1.141989e-03,1.051198e-01,7.241339e-02,8.969784e-03,7.992875e-04,1.024147e-03,3.627754e-01,3.475785e-01
9.433316e-03,2.265364e-03,2.126114e-03,4.072487e-03,5.490884e-03,4.786891e-02,2.401380e-04,8.104868e-04,8.965603e-02,6.193503e-02,7.195926e-03,7.090065e-04,2.500659e-03,4.898730e-01,2.758226e-01
6.760320e-03,2.055163e-03,1.721682e-03,2.870463e-03,4.423977e-03,3.381239e-02,1.794638e-04,5.796188e-04,8.626731e-02,4.990851e-02,6.667841e-03,6.024964e-04,2.087268e-03,5.079255e-01,2.941380e-01
5.151476e-03,1.876706e-03,2.156850e-03,2.038595e-03,3.251857e-03,2.412376e-02,1.340013e-04,4.108530e-04,8.249170e-02,4.114970e-02,1.965610e-02,5.120622e-04,2.108279e-03,5.309330e-01,2.840050e-01
5.264491e-03,2.266380e-03,5.678517e-03,1.551742e-03,2.540619e-03,1.785270e-02,1.257524e-04,2.980759e-04,9.082566e-02,4.506154e-02,2.342011e-02,5.657668e-04,2.223583e-03,5.690950e-01,2.332300e-01
5.199414e-03,2.359926e-03,5.315281e-03,1.168541e-03,2.236857e-03,1.266781e-02,9.976956e-05,2.144998e-04,1.409578e-01,3.786660e-02,3.382723e-02,4.979367e-04,2.124724e-03,5.835733e-01,1.718903e-01
4.153798e-03,2.072549e-03,4.205909e-03,8.620425e-04,1.687768e-03,9.557039e-03,9.122089e-05,1.669393e-04,1.823611e-01,3.163138e-02,2.752707e-02,3.936866e-04,1.702196e-03,5.968798e-01,1.367076e-01
3.463238e-03,2.755059e-03,5.647899e-03,6.546870e-04,1.357906e-03,7.090464e-03,7.570825e-05,1.254029e-04,1.837895e-01,3.500177e-02,2.920225e-02,3.211246e-04,1.363298e-03,6.216378e-01,1.075139e-01
3.102664e-03,3.233536e-03,8.589871e-03,5.645998e-04,1.092724e-03,8.872707e-03,8.317096e-05,1.106175e-04,1.628160e-01,2.869676e-02,2.426640e-02,2.908327e-04,1.360924e-03,6.775174e-01,7.940187e-02
3.185738e-03,3.132711e-03,8.034807e-03,4.548167e-04,8.363109e-04,8.378592e-03,6.770675e-05,1.180354e-04,1.474207e-01,2.399155e-02,1.884408e-02,3.018672e-04,1.712703e-03,7.083262e-01,7.519424e-02
8.817151e-03,3.868797e-03,1.240178e-01,1.261764e-03,3.356790e-03,8.436024e-03,1.779450e-04,5.655024e-04,1.422677e-01,2.074294e-02,2.092319e-02,5.082026e-04,2.202241e-03,6.029562e-01,5.989775e-02
3.096386e-02,3.727625e-03,9.656632e-02,2.355204e-03,6.489802e-03,6.885992e-03,1.448294e-04,1.813278e-03,1.383757e-01,2.296503e-02,2.327253e-02,7.586542e-04,2.837235e-03,6.121550e-01,5.068897e-02
3.470424e-02,3.205801e-03,7.519772e-02,3.130159e-03,8.287264e-03,5.297013e-03,1.607698e-04,3.533359e-03,1.452857e-01,1.918734e-02,2.480868e-02,8.459452e-04,3.708021e-03,6.259391e-01,4.670880e-02
3.756524e-02,2.569943e-03,6.529697e-02,2.317807e-03,8.121081e-03,4.338995e-03,1.385730e-04,4.235994e-03,1.316485e-01,7.851364e-02,2.020784e-02,7.911028e-04,3.953364e-03,5.633245e-01,7.697646e-02
4.490841e-02,2.322186e-03,7.178929e-02,1.751029e-03,8.707137e-03,5.580958e-03,1.104253e-04,4.838065e-03,9.898201e-02,1.840865e-01,1.498463e-02,8.720896e-04,3.625487e-03,4.760646e-01,8.137716e-02
3.907881e-02,2.140730e-03,6.365225e-02,1.690331e-03,8.205781e-03,5.316419e-03,8.983113e-05,6.086592e-03,8.140298e-02,2.241160e-01,1.162128e-02,7.412639e-04,2.905045e-03,4.788048e-01,7.414789e-02
3.924445e-02,3.179200e-03,5.729617e-02,5.249383e-03,2.138131e-02,8.810442e-03,1.762613e-04,1.430065e-02,7.128603e-02,1.916922e-01,1.202442e-02,8.446223e-04,2.985853e-03,5.125188e-01,5.901017e-02
4.208062e-02,3.228649e-03,1.316537e-01,1.358736e-02,3.817018e-02,9.499744e-03,3.533944e-04,1.981167e-02,6.224231e-02,1.821708e-01,1.331330e-02,8.344668e-04,3.515603e-03,4.334326e-01,4.610566e-02
7.819601e-02,3.849569e-03,1.401587e-01,1.255188e-02,5.301170e-02,9.462846e-03,2.941183e-04,1.997707e-02,5.868357e-02,1.660310e-01,1.013432e-02,7.621197e-04,2.751301e-03,3.298327e-01,1.143031e-01
1.746577e-01,1.173431e-02,1.654889e-01,9.909040e-03,6.815282e-02,1.868223e-02,5.771447e-04,1.562302e-02,4.651901e-02,1.228899e-01,7.548646e-03,6.400270e-04,2.051437e-03,2.532795e-01,1.022463e-01
2.339104e-01,2.376606e-02,1.789190e-01,9.192554e-03,7.006030e-02,2.795087e-02,7.678315e-04,1.420588e-02,4.075685e-02,1.007733e-01,5.797164e-03,5.770271e-04,2.308845e-03,1.927561e-01,9.825774e-02
2.269099e-01,3.178703e-02,1.707676e-01,1.665775e-02,7.414947e-02,9.141445e-02,2.213137e-03,2.000797e-02,4.843088e-02,7.428809e-02,4.774743e-03,5.909525e-04,3.560790e-03,1.453427e-01,8.910461e-02
1.689458e-01,2.609971e-02,1.203000e-01,1.200346e-02,6.755813e-02,3.281444e-01,2.290825e-03,1.454140e-02,3.447506e-02,5.258806e-02,3.429899e-03,4.486347e-04,3.111234e-03,1.024157e-01,6.364776e-02
1.221573e-01,1.899386e-02,8.598878e-02,9.854159e-03,5.681638e-02,4.365253e-01,2.269094e-03,8.035211e-02,2.466950e-02,3.877825e-02,2.707624e-03,3.438719e-04,2.285722e-03,7.234158e-02,4.591656e-02
8.850316e-02,1.422319e-02,6.637934e-02,1.224010e-02,5.567908e-02,5.445387e-01,2.888370e-03,7.361639e-02,1.788945e-02,3.424665e-02,2.475099e-03,2.620797e-04,1.773729e-03,5.091455e-02,3.437016e-02
6.270400e-02,1.034594e-02,4.702888e-02,1.065620e-02,4.635184e-02,6.311504e-01,3.699813e-03,5.366606e-02,1.325380e-02,4.554503e-02,2.805847e-03,2.085617e-04,1.938911e-03,3.573315e-02,3.491158e-02
4.484260e-02,7.619506e-03,3.305732e-02,7.929960e-03,3.311330e-02,5.579636e-01,3.567651e-03,3.833338e-02,1.529498e-02,1.338485e-01,2.087092e-02,6.168053e-04,1.344395e-02,3.309684e-02,5.640066e-02
3.204461e-02,5.799108e-03,2.324328e-02,5.642342e-03,2.360286e-02,4.991337e-01,3.287633e-03,2.711192e-02,1.715119e-02,2.355012e-01,2.979243e-02,1.584183e-03,1.196358e-02,3.071849e-02,5.342345e-02
2.305673e-02,4.227748e-03,1.630705e-02,3.982334e-03,1.695012e-02,3.605266e-01,2.528190e-03,1.945406e-02,1.407194e-02,4.236735e-01,2.935041e-02,1.649421e-03,1.078745e-02,2.442974e-02,4.900471e-02
2.067111e-02,3.162778e-03,1.150186e-02,2.834117e-03,1.208645e-02,2.551082e-01,2.324701e-03,1.422631e-02,1.144337e-02,4.994983e-01,3.383648e-02,3.691298e-03,1.445062e-02,4.393096e-02,7.123337e-02
1.736452e-02,2.559905e-03,8.111444e-03,2.058478e-03,8.595408e-03,1.796212e-01,2.196710e-03,1.012197e-02,1.105183e-02,4.953768e-01,3.659117e-02,6.273595e-03,1.819715e-02,1.006772e-01,1.012027e-01
1.278200e-02,2.204401e-03,5.701180e-03,1.513081e-03,6.085817e-03,1.264138e-01,1.689309e-03,7.125462e-03,1.218752e-02,4.089272e-01,1.746822e-01,5.831911e-03,1.406100e-02,1.348373e-01,8.595781e-02
9.486686e-03,3.141435e-03,4.064557e-03,1.146061e-03,4.362355e-03,8.950182e-02,1.210703e-03,5.042438e-03,1.668077e-02,3.039140e-01,2.129392e-01,5.158239e-03,1.117561e-02,2.635413e-01,6.863471e-02
6.943076e-03,6.593881e-03,2.971045e-03,8.822400e-04,3.195754e-03,6.850903e-02,8.741432e-04,3.573766e-03,1.776917e-02,2.135558e-01,2.275018e-01,4.773448e-03,8.615291e-03,3.815513e-01,5.269025e-02
5.052472e-03,1.608224e-02,2.112177e-03,6.953782e-04,2.313700e-03,5.258752e-02,6.200409e-04,2.508946e-03,2.491475e-02,1.502787e-01,2.334195e-01,4.253961e-03,6.535732e-03,4.524015e-01,4.622333e-02
3.628935e-03,5.166301e-02,1.606531e-03,5.413680e-04,2.013291e-03,5.450723e-02,4.405623e-04,1.760084e-03,4.135720e-02,1.059553e-01,1.864420e-01,3.537182e-03,5.004139e-03,5.019477e-01,3.959541e-02
3.177978e-03,6.523257e-02,9.257118e-03,1.439904e-03,2.458235e-03,1.006468e-01,4.116990e-04,2.180632e-03,1.094946e-01,7.550913e-02,1.352195e-01,2.678379e-03,4.503514e-03,4.560228e-01,3.176709e-02
2.415307e-03,6.765845e-02,6.794696e-03,1.277929e-03,3.143196e-03,1.427441e-01,3.086998e-04,1.725344e-03,1.714107e-01,5.353070e-02,9.672832e-02,1.969449e-03,3.426676e-03,4.238937e-01,2.297271e-02
1.966958e-03,5.732250e-02,5.662934e-03,2.647007e-03,6.899509e-03,1.326590e-01,2.357714e-04,1.570491e-03,3.229698e-01,4.850703e-02,6.919702e-02,1.558300e-03,2.861794e-03,3.208958e-01,2.504616e-02
2.928107e-03,4.991467e-02,6.298256e-03,8.985286e-03,2.237488e-02,1.070340e-01,2.336232e-04,4.584508e-03,4.404838e-01,3.601406e-02,5.549428e-02,1.976964e-03,3.902517e-03,2.413890e-01,1.838606e-02
8.450732e-03,4.605712e-02,1.683979e-02,4.002042e-02,6.095229e-02,8.286200e-02,3.471280e-04,5.835219e-03,4.508277e-01,2.853019e-02,4.775376e-02,2.767190e-03,6.097957e-03,1.870932e-01,1.556525e-02
2.776616e-02,3.788754e-02,2.755356e-02,5.433506e-02,5.183705e-02,6.421356e-02,3.604331e-04,6.316692e-03,4.811008e-01,2.222892e-02,5.416348e-02,1.010967e-02,8.957129e-03,1.387513e-01,1.441865e-02
5.028928e-02,3.841136e-02,3.031051e-02,5.091989e-02,4.098608e-02,5.096277e-02,4.261897e-04,6.835707e-03,4.788434e-01,1.916951e-02,5.525129e-02,1.017320e-02,1.213713e-02,1.227151e-01,3.256864e-02
4.984320e-02,4.368851e-02,2.753072e-02,3.949755e-02,3.357840e-02,4.177549e-02,4.460484e-04,6.088156e-03,4.643237e-01,2.897395e-02,5.225520e-02,8.919418e-03,1.539681e-02,1.377797e-01,4.990322e-02
3.806530e-02,6.103909e-02,2.274785e-02,3.352577e-02,2.561478e-02,3.383073e-02,3.723839e-04,4.851015e-03,5.196536e-01,2.825767e-02,4.059390e-02,7.240607e-03,1.346387e-02,1.105844e-01,6.015904e-02
2.763429e-02,7.415651e-02,1.744976e-02,2.490888e-02,1.985872e-02,2.716503e-02,2.988449e-04,3.479565e-03,5.717084e-01,3.539005e-02,3.025299e-02,5.252443e-03,1.082490e-02,7.950764e-02,7.211198e-02
1.958532e-02,7.428149e-02,1.388427e-02,3.164572e-02,1.465903e-02,1.986070e-02,2.264789e-04,2.572546e-03,6.343287e-01,2.716508e-02,2.155519e-02,3.743515e-03,8.254032e-03,5.580691e-02,7.243104e-02
1.849286e-02,7.354737e-02,1.128899e-02,3.896283e-02,2.172643e-02,3.203999e-02,5.100058e-04,2.505157e-03,5.867628e-01,2.239722e-02,1.722570e-02,2.835801e-03,9.549733e-03,4.015013e-02,1.220050e-01
