1.000000e+00,0.000000e+00,0.000000e+00,0.000000e+00,0.000000e+00,0.000000e+00,0.000000e+00,0.000000e+00,0.000000e+00,0.000000e+00,0.000000e+00,0.000000e+00,0.000000e+00,0.000000e+00,0.000000e+00
1.000000e+00,0.000000e+00,0.000000e+00,0.000000e+00,0.000000e+00,0.000000e+00,0.000000e+00,0.000000e+00,0.000000e+00,0.000000e+00,0.000000e+00,0.000000e+00,0.000000e+00,0.000000e+00,0.000000e+00
1.000000e+00,0.000000e+00,0.000000e+00,0.000000e+00,0.000000e+00,0.000000e+00,0.000000e+00,0.000000e+00,0.000000e+00,0.000000e+00,0.000000e+00,0.000000e+00,0.000000e+00,0.000000e+00,0.000000e+00
1.000000e+00,0.000000e+00,0.000000e+00,0.000000e+00,0.000000e+00,0.000000e+00,0.000000e+00,0.000000e+00,0.000000e+00,0.000000e+00,0.000000e+00,0.000000e+00,0.000000e+00,0.000000e+00,0.000000e+00
1.000000e+00,0.000000e+00,0.000000e+00,0.000000e+00,0.000000e+00,0.000000e+00,0.000000e+00,0.000000e+00,0.000000e+00,0.000000e+00,0.000000e+00,0.000000e+00,0.000000e+00,0.000000e+00,0.000000e+00
1.000000e+00,0.000000e+00,0.000000e+00,0.000000e+00,0.000000e+00,0.000000e+00,0.000000e+00,0.000000e+00,0.000000e+00,0.000000e+00,0.000000e+00,0.000000e+00,0.000000e+00,0.000000e+00,0.000000e+00
1.000000e+00,0.000000e+00,0.000000e+00,0.000000e+00,0.000000e+00,0.000000e+00,0.000000e+00,0.000000e+00,0.000000e+00,0.000000e+00,0.000000e+00,0.000000e+00,0.000000e+00,0.000000e+00,0.000000e+00
1.000000e+00,0.000000e+00,0.000000e+00,0.000000e+00,0.000000e+00,0.000000e+00,0.000000e+00,0.000000e+00,0.000000e+00,0.000000e+00,0.000000e+00,0.000000e+00,0.000000e+00,0.000000e+00,0.000000e+00
1.000000e+00,0.000000e+00,0.000000e+00,0.000000e+00,0.000000e+00,0.000000e+00,0.000000e+00,0.000000e+00,0.000000e+00,0.000000e+00,0.000000e+00,0.000000e+00,0.000000e+00,0.000000e+00,0.000000e+00
1.000000e+00,0.000000e+00,0.000000e+00,0.000000e+00,0.000000e+00,0.000000e+00,0.000000e+00,0.000000e+00,0.000000e+00,0.000000e+00,0.000000e+00,0.000000e+00,0.000000e+00,0.000000e+00,0.000000e+00
1.000000e+00,0.000000e+00,0.000000e+00,0.000000e+00,0.000000e+00,0.000000e+00,0.000000e+00,0.000000e+00,0.000000e+00,0.000000e+00,0.000000e+00,0.000000e+00,0.000000e+00,0.000000e+00,0.000000e+00
1.000000e+00,0.000000e+00,0.000000e+00,0.000000e+00,0.000000e+00,0.000000e+00,0.000000e+00,0.000000e+00,0.000000e+00,0.000000e+00,0.000000e+00,0.000000e+00,0.000000e+00,0.000000e+00,0.000000e+00
1.000000e+00,0.000000e+00,0.000000e+00,0.000000e+00,0.000000e+00,0.000000e+00,0.000000e+00,0.000000e+00,0.000000e+00,0.000000e+00,0.000000e+00,0.000000e+00,0.000000e+00,0.000000e+00,0.000000e+00
1.000000e+00,0.000000e+00,0.000000e+00,0.000000e+00,0.000000e+00,0.000000e+00,0.000000e+00,0.000000e+00,0.000000e+00,0.000000e+00,0.000000e+00,0.000000e+00,0.000000e+00,0.000000e+00,0.000000e+00
1.000000e+00,0.000000e+00,0.000000e+00,0.000000e+00,0.000000e+00,0.000000e+00,0.000000e+00,0.000000e+00,0.000000e+00,0.000000e+00,0.000000e+00,0.000000e+00,0.000000e+00,0.000000e+00,0.000000e+00
1.000000e+00,0.000000e+00,0.000000e+00,0.000000e+00,0.000000e+00,0.000000e+00,0.000000e+00,0.000000e+00,0.000000e+00,0.000000e+00,0.000000e+00,0.000000e+00,0.000000e+00,0.000000e+00,0.000000e+00
1.000000e+00,0.000000e+00,0.000000e+00,0.000000e+00,0.000000e+00,0.000000e+00,0.000000e+00,0.000000e+00,0.000000e+00,0.000000e+00,0.000000e+00,0.000000e+00,0.000000e+00,0.000000e+00,0.000000e+00
1.000000e+00,0.000000e+00,0.000000e+00,0.000000e+00,0.000000e+00,0.000000e+00,0.000000e+00,0.000000e+00,0.000000e+00,0.000000e+00,0.000000e+00,0.000000e+00,0.000000e+00,0.000000e+00,0.000000e+00
1.000000e+00,0.000000e+00,0.000000e+00,0.000000e+00,0.000000e+00,0.000000e+00,0.000000e+00,0.000000e+00,0.000000e+00,0.000000e+00,0.000000e+00,0.000000e+00,0.000000e+00,0.000000e+00,0.000000e+00
1.000000e+00,0.000000e+00,0.000000e+00,0.000000e+00,0.000000e+00,0.000000e+00,0.000000e+00,0.000000e+00,0.000000e+00,0.000000e+00,0.000000e+00,0.000000e+00,0.000000e+00,0.000000e+00,0.000000e+00
1.000000e+00,0.000000e+00,0.000000e+00,0.000000e+00,0.000000e+00,0.000000e+00,0.000000e+00,0.000000e+00,0.000000e+00,0.000000e+00,0.000000e+00,0.000000e+00,0.000000e+00,0.000000e+00,0.000000e+00
1.000000e+00,0.000000e+00,0.000000e+00,0.000000e+00,0.000000e+00,0.000000e+00,0.000000e+00,0.000000e+00,0.000000e+00,0.000000e+00,0.000000e+00,0.000000e+00,0.000000e+00,0.000000e+00,0.000000e+00
1.000000e+00,0.000000e+00,0.000000e+00,0.000000e+00,0.000000e+00,0.000000e+00,0.000000e+00,0.000000e+00,0.000000e+00,0.000000e+00,0.000000e+00,0.000000e+00,0.000000e+00,0.000000e+00,0.000000e+00
1.000000e+00,0.000000e+00,0.000000e+00,0.000000e+00,0.000000e+00,0.000000e+00,0.000000e+00,0.000000e+00,0.000000e+00,0.000000e+00,0.000000e+00,0.000000e+00,0.000000e+00,0.000000e+00,0.000000e+00
1.000000e+00,0.000000e+00,0.000000e+00,0.000000e+00,0.000000e+00,0.000000e+00,0.000000e+00,0.000000e+00,0.000000e+00,0.000000e+00,0.000000e+00,0.000000e+00,0.000000e+00,0.000000e+00,0.000000e+00
1.000000e+00,0.000000e+00,0.000000e+00,0.000000e+00,0.000000e+00,0.000000e+00,0.000000e+00,0.000000e+00,0.000000e+00,0.000000e+00,0.000000e+00,0.000000e+00,0.000000e+00,0.000000e+00,0.000000e+00
1.000000e+00,0.000000e+00,0.000000e+00,0.000000e+00,0.000000e+00,0.000000e+00,0.000000e+00,0.000000e+00,0.000000e+00,0.000000e+00,0.000000e+00,0.000000e+00,0.000000e+00,0.000000e+00,0.000000e+00
1.000000e+00,0.000000e+00,0.000000e+00,0.000000e+00,0.000000e+00,0.000000e+00,0.000000e+00,0.000000e+00,0.000000e+00,0.000000e+00,0.000000e+00,0.000000e+00,0.000000e+00,0.000000e+00,0.000000e+00
1.000000e+00,0.000000e+00,0.000000e+00,0.000000e+00,0.000000e+00,0.000000e+00,0.000000e+00,0.000000e+00,0.000000e+00,0.000000e+00,0.000000e+00,0.000000e+00,0.000000e+00,0.000000e+00,0.000000e+00
1.000000e+00,0.000000e+00,0.000000e+00,0.000000e+00,0.000000e+00,0.000000e+00,0.000000e+00,0.000000e+00,0.000000e+00,0.000000e+00,0.000000e+00,0.000000e+00,0.000000e+00,0.000000e+00,0.000000e+00
1.000000e+00,0.000000e+00,0.000000e+00,0.000000e+00,0.000000e+00,0.000000e+00,0.000000e+00,0.000000e+00,0.000000e+00,0.000000e+00,0.000000e+00,0.000000e+00,0.000000e+00,0.000000e+00,0.000000e+00
1.000000e+00,0.000000e+00,0.000000e+00,0.000000e+00,0.000000e+00,0.000000e+00,0.000000e+00,0.000000e+00,0.000000e+00,0.000000e+00,0.000000e+00,0.000000e+00,0.000000e+00,0.000000e+00,0.000000e+00
1.000000e+00,0.000000e+00,0.000000e+00,0.000000e+00,0.000000e+00,0.000000e+00,0.000000e+00,0.000000e+00,0.000000e+00,0.000000e+00,0.000000e+00,0.000000e+00,0.000000e+00,0.000000e+00,0.000000e+00
1.000000e+00,0.000000e+00,0.000000e+00,0.000000e+00,0.000000e+00,0.000000e+00,0.000000e+00,0.000000e+00,0.000000e+00,0.000000e+00,0.000000e+00,0.000000e+00,0.000000e+00,0.000000e+00,0.000000e+00
1.000000e+00,0.000000e+00,0.000000e+00,0.000000e+00,0.000000e+00,0.000000e+00,0.000000e+00,0.000000e+00,0.000000e+00,0.000000e+00,0.000000e+00,0.000000e+00,0.000000e+00,0.000000e+00,0.000000e+00
1.000000e+00,0.000000e+00,0.000000e+00,0.000000e+00,0.000000e+00,0.000000e+00,0.000000e+00,0.000000e+00,0.000000e+00,0.000000e+00,0.000000e+00,0.000000e+00,0.000000e+00,0.000000e+00,0.000000e+00
1.000000e+00,0.000000e+00,0.000000e+00,0.000000e+00,0.000000e+00,0.000000e+00,0.000000e+00,0.000000e+00,0.000000e+00,0.000000e+00,0.000000e+00,0.000000e+00,0.000000e+00,0.000000e+00,0.000000e+00
1.000000e+00,0.000000e+00,0.000000e+00,0.000000e+00,0.000000e+00,0.000000e+00,0.000000e+00,0.000000e+00,0.000000e+00,0.000000e+00,0.000000e+00,0.000000e+00,0.000000e+00,0.000000e+00,0.000000e+00
4.711399e-01,9.062445e-02,7.419111e-02,1.305840e-01,2.579403e-02,3.878082e-02,8.738277e-03,1.652942e-02,1.478806e-02,3.994925e-03,4.349455e-02,2.566292e-02,1.640153e-02,6.741472e-03,3.253457e-02
1.000000e+00,0.000000e+00,0.000000e+00,0.000000e+00,0.000000e+00,0.000000e+00,0.000000e+00,0.000000e+00,0.000000e+00,0.000000e+00,0.000000e+00,0.000000e+00,0.000000e+00,0.000000e+00,0.000000e+00
1.000000e+00,0.000000e+00,0.000000e+00,0.000000e+00,0.000000e+00,0.000000e+00,0.000000e+00,0.000000e+00,0.000000e+00,0.000000e+00,0.000000e+00,0.000000e+00,0.000000e+00,0.000000e+00,0.000000e+00
1.000000e+00,0.000000e+00,0.000000e+00,0.000000e+00,0.000000e+00,0.000000e+00,0.000000e+00,0.000000e+00,0.000000e+00,0.000000e+00,0.000000e+00,0.000000e+00,0.000000e+00,0.000000e+00,0.000000e+00
1.000000e+00,0.000000e+00,0.000000e+00,0.000000e+00,0.000000e+00,0.000000e+00,0.000000e+00,0.000000e+00,0.000000e+00,0.000000e+00,0.000000e+00,0.000000e+00,0.000000e+00,0.000000e+00,0.000000e+00
1.000000e+00,0.000000e+00,0.000000e+00,0.000000e+00,0.000000e+00,0.000000e+00,0.000000e+00,0.000000e+00,0.000000e+00,0.000000e+00,0.000000e+00,0.000000e+00,0.000000e+00,0.000000e+00,0.000000e+00
1.000000e+00,0.000000e+00,0.000000e+00,0.000000e+00,0.000000e+00,0.000000e+00,0.000000e+00,0.000000e+00,0.000000e+00,0.000000e+00,0.000000e+00,0.000000e+00,0.000000e+00,0.000000e+00,0.000000e+00
1.000000e+00,0.000000e+00,0.000000e+00,0.000000e+00,0.000000e+00,0.000000e+00,0.000000e+00,0.000000e+00,0.000000e+00,0.000000e+00,0.000000e+00,0.000000e+00,0.000000e+00,0.000000e+00,0.000000e+00
1.000000e+00,0.000000e+00,0.000000e+00,0.000000e+00,0.000000e+00,0.000000e+00,0.000000e+00,0.000000e+00,0.000000e+00,0.000000e+00,0.000000e+00,0.000000e+00,0.000000e+00,0.000000e+00,0.000000e+00
4.571433e-01,1.278049e-02,1.913330e-01,5.419197e-02,6.861720e-03,1.908443e-02,8.265222e-03,1.876483e-01,5.136053e-03,1.483235e-03,9.555780e-03,1.408884e-02,1.259131e-02,4.214810e-03,1.562157e-02
3.425547e-01,9.084502e-03,1.888415e-01,4.706912e-02,5.131187e-03,1.475217e-02,7.174669e-03,3.400688e-01,3.715913e-03,1.086258e-03,6.865404e-03,1.005214e-02,9.280574e-03,3.039873e-03,1.128329e-02
2.462444e-01,6.462344e-03,1.621373e-01,3.968630e-02,3.710784e-03,1.074059e-02,5.868758e-03,4.928149e-01,2.668513e-03,8.087486e-04,4.882866e-03,7.123123e-03,6.617353e-03,2.213389e-03,8.020723e-03
1.838146e-01,4.656566e-03,1.408927e-01,3.183179e-02,2.927225e-03,8.200766e-03,4.765591e-03,5.989808e-01,1.959438e-03,7.411148e-04,3.594736e-03,5.204457e-03,5.016489e-03,1.636876e-03,5.776946e-03
1.410444e-01,3.927731e-03,1.273995e-01,2.628632e-02,3.252535e-03,7.736904e-03,5.335689e-03,6.639458e-01,1.754289e-03,1.488734e-03,2.824550e-03,4.061163e-03,4.488040e-03,1.651960e-03,4.802469e-03
1.028240e-01,3.232547e-03,9.839613e-02,2.143012e-02,5.145865e-03,7.322259e-03,4.500981e-03,7.304662e-01,3.061970e-03,2.200683e-03,3.825388e-03,3.811655e-03,6.965006e-03,1.916978e-03,4.900282e-03
7.787919e-02,3.048938e-03,7.986635e-02,1.902591e-02,9.888580e-03,1.124435e-02,4.001259e-03,7.542786e-01,6.624499e-03,2.955689e-03,4.976737e-03,3.724819e-03,1.074185e-02,2.229752e-03,9.513563e-03
7.891010e-02,4.189337e-03,6.176465e-02,1.923284e-02,1.873614e-02,9.165019e-02,3.377716e-03,6.634997e-01,9.237012e-03,3.130411e-03,6.976854e-03,4.716274e-03,1.124285e-02,4.516175e-03,1.881977e-02
1.113701e-01,4.070501e-03,4.528909e-02,1.669038e-02,2.236908e-02,1.267969e-01,3.115934e-03,6.178782e-01,6.934675e-03,2.403432e-03,6.429553e-03,5.383015e-03,9.006304e-03,4.485525e-03,1.777732e-02
1.482332e-01,3.740908e-03,3.373642e-02,1.488894e-02,2.450580e-02,1.758340e-01,2.973801e-03,5.474456e-01,5.326803e-03,1.902941e-03,6.132567e-03,5.747349e-03,7.776132e-03,4.494927e-03,1.726062e-02
1.108667e-01,8.725404e-03,2.414583e-02,1.821110e-02,1.807722e-02,3.537819e-01,2.711521e-03,3.848139e-01,1.343066e-02,3.547792e-03,5.422208e-03,5.241061e-03,1.911359e-02,3.614694e-03,2.829636e-02
7.805773e-02,9.173984e-03,1.706689e-02,1.316851e-02,1.282496e-02,5.228563e-01,1.929825e-03,2.694637e-01,1.225547e-02,4.003035e-03,9.801449e-03,4.109634e-03,1.398770e-02,3.173225e-03,2.812751e-02
5.492460e-02,2.512710e-02,1.200788e-02,9.258222e-03,9.006073e-03,5.690542e-01,1.378727e-03,1.886671e-01,1.543347e-02,4.899495e-03,2.804516e-02,3.791909e-03,1.040876e-02,9.562653e-03,5.843453e-02
3.902849e-02,4.474824e-02,8.490046e-03,6.631541e-03,6.334425e-03,4.226262e-01,1.102476e-03,1.321368e-01,1.793973e-02,6.344557e-03,1.131226e-01,1.304385e-02,9.108325e-03,6.671829e-02,1.126243e-01
2.770748e-02,3.470069e-02,5.962218e-03,4.673134e-03,4.456948e-03,3.088552e-01,1.048038e-03,9.254012e-02,1.558188e-02,5.031721e-03,1.034649e-01,1.787116e-02,7.263780e-03,2.590903e-01,1.117523e-01
1.946356e-02,2.565530e-02,4.192734e-03,3.299528e-03,3.133123e-03,2.215678e-01,7.655197e-04,6.479707e-02,1.695214e-02,3.902667e-03,1.126267e-01,1.549209e-02,5.496621e-03,4.129613e-01,8.969389e-02
1.382232e-02,1.950697e-02,2.975449e-03,2.394123e-03,2.307904e-03,1.574166e-01,5.628177e-04,4.540075e-02,2.019300e-02,3.699401e-03,1.307750e-01,1.579809e-02,4.800745e-03,4.663366e-01,1.140102e-01
1.120763e-02,1.899366e-02,2.341192e-03,2.198495e-03,2.268236e-03,1.137108e-01,4.964842e-04,3.224149e-02,5.636491e-02,3.646921e-03,1.311262e-01,1.416494e-02,6.241460e-03,4.518014e-01,1.531961e-01
1.415516e-02,2.331930e-02,3.038353e-03,8.293759e-03,3.577936e-03,8.578145e-02,7.051046e-04,2.304446e-02,9.089273e-02,7.940907e-03,1.162085e-01,1.842796e-02,9.227268e-03,4.392873e-01,1.560998e-01
1.615143e-02,2.001022e-02,3.180230e-03,8.328596e-03,6.720216e-03,6.290955e-02,9.064989e-04,1.726101e-02,1.440242e-01,1.157150e-02,1.060499e-01,1.735987e-02,1.411128e-02,4.442861e-01,1.271294e-01
1.237261e-02,1.576851e-02,3.587367e-03,9.314765e-03,8.849748e-03,4.427031e-02,7.238713e-04,1.288591e-02,1.636965e-01,1.439043e-02,1.513696e-01,2.026175e-02,3.373277e-02,3.734071e-01,1.353688e-01
1.192332e-02,1.416018e-02,3.381298e-03,9.608601e-03,1.041047e-02,3.138909e-02,6.694981e-04,9.754252e-03,2.143528e-01,1.665616e-02,1.346547e-01,3.539912e-02,7.596829e-02,3.134142e-01,1.182580e-01
1.520209e-02,1.149509e-02,3.182467e-03,8.641652e-03,1.069142e-02,2.280702e-02,7.641430e-04,1.226572e-02,2.713557e-01,2.343379e-02,1.421629e-01,2.962052e-02,7.935528e-02,2.428090e-01,1.262133e-01
1.369763e-02,1.271563e-02,4.667010e-03,1.056670e-02,1.135452e-02,1.724518e-02,8.472038e-04,1.123357e-02,4.389920e-01,1.893049e-02,1.069015e-01,2.268329e-02,6.216126e-02,1.760044e-01,9.199956e-02
1.344706e-02,1.273015e-02,5.670874e-03,8.850488e-03,1.058539e-02,1.351911e-02,1.062002e-03,1.063991e-02,4.509325e-01,2.154763e-02,1.016885e-01,1.863377e-02,5.904254e-02,1.800024e-01,9.164766e-02
1.227845e-02,1.964308e-02,5.439779e-03,7.650225e-03,8.841339e-03,1.290298e-02,8.534979e-04,8.163244e-03,4.380391e-01,2.773065e-02,1.327361e-01,1.680559e-02,5.714956e-02,1.713716e-01,8.039477e-02
1.719470e-02,3.566928e-02,6.811855e-03,9.868914e-03,7.596494e-03,2.943365e-02,8.872778e-04,7.097718e-03,4.115162e-01,2.880984e-02,1.516360e-01,1.502816e-02,5.221004e-02,1.549612e-01,7.127862e-02
1.384263e-02,3.951491e-02,5.252209e-03,8.376691e-03,5.393597e-03,2.349379e-02,6.561065e-04,5.054313e-03,5.226389e-01,2.386558e-02,1.177799e-01,1.198992e-02,3.893999e-02,1.289760e-01,5.422544e-02
1.489160e-02,5.029841e-02,4.750683e-03,6.844037e-03,4.140984e-03,2.104224e-02,5.022214e-04,3.647984e-03,4.108807e-01,2.517806e-02,1.407194e-01,1.178010e-02,2.971958e-02,2.320865e-01,4.351747e-02
1.340089e-02,5.423323e-02,4.345713e-03,7.666360e-03,3.455159e-03,2.237749e-02,4.002529e-04,2.717546e-03,3.442913e-01,2.987800e-02,1.680187e-01,1.048492e-02,2.382156e-02,2.777831e-01,3.712569e-02
1.283642e-02,5.439132e-02,4.414423e-03,1.093754e-02,3.148786e-03,2.397734e-02,4.764692e-04,2.477445e-03,3.548902e-01,3.272168e-02,1.644935e-01,1.263105e-02,2.127061e-02,2.695813e-01,3.175191e-02
1.135462e-02,4.931580e-02,3.290711e-03,9.028811e-03,2.681493e-03,2.274355e-02,3.745662e-04,1.863161e-03,3.449937e-01,2.991314e-02,1.664648e-01,1.532084e-02,1.719506e-02,3.012604e-01,2.419932e-02
1.884047e-02,4.586191e-02,2.521876e-03,9.166695e-03,2.334799e-03,2.116371e-02,3.425154e-04,1.849154e-03,2.981783e-01,2.538054e-02,2.030861e-01,1.921817e-02,1.501617e-02,3.169062e-01,2.013339e-02
1.484100e-02,3.651663e-02,1.931430e-03,7.505808e-03,2.008963e-03,1.750721e-02,2.674181e-04,1.398046e-03,2.357677e-01,2.101525e-02,3.100593e-01,1.727584e-02,1.170003e-02,3.072289e-01,1.497644e-02
1.152729e-02,2.848237e-02,1.388803e-03,5.648819e-03,1.540601e-03,1.370880e-02,1.950418e-04,1.000082e-03,1.775658e-01,1.635175e-02,4.077916e-01,1.485717e-02,8.888016e-03,3.001504e-01,1.090343e-02
8.251073e-03,2.523983e-02,1.004557e-03,4.024887e-03,1.250508e-03,1.477678e-02,1.430450e-04,7.128303e-04,1.420018e-01,1.352764e-02,3.690982e-01,1.387704e-02,6.698771e-03,3.913033e-01,8.089661e-03
6.042175e-03,2.466491e-02,9.300956e-04,3.019346e-03,1.247474e-03,5.869437e-02,1.340427e-04,6.142077e-04,1.450969e-01,1.159871e-02,2.913103e-01,1.221610e-02,5.242571e-03,4.332265e-01,5.962254e-03
5.391489e-03,2.184685e-02,9.471559e-03,3.849146e-03,1.343278e-03,1.988589e-01,2.102055e-03,1.090581e-02,1.174979e-01,1.024890e-02,2.223394e-01,8.885239e-03,4.069211e-03,3.783967e-01,4.793592e-03
4.371610e-03,1.784445e-02,6.857662e-03,2.915009e-03,1.095682e-03,3.379082e-01,1.491090e-03,7.747358e-03,8.997165e-02,8.062840e-03,1.737061e-01,6.567633e-03,3.000143e-03,3.347872e-01,3.673374e-03
4.248741e-03,1.427849e-02,5.116156e-03,2.367908e-03,9.399683e-04,3.594162e-01,1.060825e-03,5.557103e-03,7.333206e-02,6.482825e-03,1.567006e-01,5.822626e-03,2.367394e-03,3.593191e-01,2.990041e-03
5.975823e-03,1.679385e-02,4.264149e-03,2.998411e-03,1.362760e-03,2.905096e-01,7.735552e-04,3.992696e-03,7.929123e-02,7.165509e-03,1.593776e-01,9.664896e-03,2.127102e-03,4.012620e-01,1.444071e-02
5.412050e-03,1.374904e-02,3.384036e-03,2.500457e-03,1.428318e-03,2.167451e-01,5.525631e-04,2.852832e-03,6.808092e-02,5.719709e-03,1.783300e-01,8.650411e-03,1.738495e-03,4.775288e-01,1.332732e-02
5.313629e-03,1.017756e-02,2.543825e-03,1.936502e-03,1.304544e-03,1.553922e-01,3.913819e-04,2.034638e-03,4.951486e-02,4.579054e-03,2.410855e-01,6.762289e-03,1.494471e-03,5.072141e-01,1.025554e-02
1.501511e-02,8.605505e-03,2.409798e-03,1.639286e-03,2.303480e-03,1.171176e-01,3.117040e-04,1.597567e-03,3.909177e-02,4.368478e-03,2.316855e-01,6.819076e-03,1.625582e-03,5.592818e-01,8.127737e-03
1.430744e-02,7.061621e-03,2.234373e-03,1.428374e-03,2.483589e-03,1.012464e-01,2.492916e-04,1.465700e-03,3.024508e-02,3.392010e-03,2.558139e-01,5.285040e-03,1.510968e-03,5.664259e-01,6.850356e-03
2.037484e-02,5.839314e-03,2.713921e-03,1.210108e-03,2.514773e-03,7.643481e-02,2.648405e-04,1.799052e-03,2.369909e-02,2.731806e-03,3.114859e-01,4.481883e-03,1.547396e-03,5.395597e-01,5.342551e-03
2.092720e-02,5.131737e-03,2.542792e-03,9.987993e-04,2.718434e-03,5.748433e-02,2.157594e-04,1.479673e-03,1.960418e-02,2.154236e-03,3.369817e-01,4.121656e-03,1.755956e-03,5.398055e-01,4.078079e-03
1.735010e-02,4.041975e-03,3.140347e-03,9.026380e-04,2.880979e-03,4.254519e-02,2.063135e-04,1.177029e-03,1.562863e-02,1.681430e-03,3.439108e-01,3.751418e-03,1.581243e-03,5.582458e-01,2.956062e-03
1.232383e-02,2.903000e-03,2.367045e-03,6.723618e-04,2.277556e-03,3.036504e-02,1.636047e-04,8.305922e-04,1.130717e-02,1.274909e-03,3.288902e-01,3.354324e-03,1.356472e-03,5.997878e-01,2.126093e-03
8.725753e-03,2.090102e-03,1.864612e-03,4.937379e-04,1.751320e-03,2.178299e-02,1.191788e-04,5.852891e-04,8.157430e-03,9.669057e-04,3.354718e-01,2.705304e-03,1.169391e-03,6.125898e-01,1.526409e-03
6.207808e-03,1.521319e-03,1.393039e-03,3.500331e-04,1.447751e-03,1.542811e-02,9.112350e-05,4.113306e-04,5.813545e-03,1.180422e-03,4.349813e-01,2.407035e-03,1.039523e-03,5.266310e-01,1.096615e-03
4.431982e-03,1.165183e-03,1.156785e-03,2.493405e-04,1.343887e-03,1.104264e-02,6.854186e-05,2.899783e-04,4.265107e-03,1.454359e-03,4.883425e-01,2.507181e-03,9.254154e-04,4.819555e-01,8.015379e-04
3.224842e-03,1.535714e-03,1.543510e-03,1.901245e-04,1.474708e-03,9.039525e-03,5.739655e-05,2.087958e-04,3.610237e-03,2.830919e-03,5.285217e-01,3.069697e-03,6.918231e-04,4.433247e-01,6.763376e-04
2.355344e-03,1.193295e-03,1.446413e-03,1.469891e-04,1.187074e-03,6.877855e-03,4.362074e-05,1.553368e-04,2.869128e-03,3.066867e-03,5.543815e-01,4.079538e-03,5.633716e-04,4.211199e-01,5.137289e-04
1.717526e-03,1.024316e-03,1.351431e-03,1.136947e-04,1.029387e-03,5.535134e-03,3.471258e-05,1.124278e-04,2.468569e-03,4.019330e-03,5.832974e-01,5.334538e-03,4.867678e-04,3.930663e-01,4.085293e-04
1.238190e-03,1.968424e-03,1.412874e-03,8.383628e-05,8.234453e-04,5.420128e-03,2.636623e-05,8.065713e-05,1.927775e-03,8.377844e-03,6.843988e-01,4.503625e-03,3.480257e-04,2.890659e-01,3.240823e-04
9.014516e-04,1.419002e-03,1.286272e-03,6.157782e-05,6.060218e-04,4.049853e-03,1.888101e-05,5.768914e-05,1.461369e-03,1.083909e-02,7.619020e-01,3.479353e-03,2.529495e-04,2.134122e-01,2.521989e-04
7.735938e-04,1.110407e-03,1.092850e-02,1.157489e-04,1.005036e-03,3.893355e-03,2.790922e-05,8.866488e-05,5.508573e-03,7.906843e-02,6.721658e-01,3.897532e-03,2.466107e-04,2.198728e-01,1.297069e-03
6.455915e-04,8.277088e-04,9.808099e-03,1.003543e-04,7.730033e-04,3.543321e-03,2.672763e-05,9.487999e-05,4.529753e-03,7.781564e-02,6.628382e-01,3.400370e-03,3.016834e-04,2.341191e-01,1.175569e-03
5.059328e-04,6.209064e-04,7.126018e-03,7.205725e-05,5.871458e-04,2.605440e-03,1.952767e-05,6.781712e-05,3.437073e-03,1.464746e-01,6.559432e-01,2.716359e-03,2.615353e-04,1.786022e-01,9.602491e-04
4.109956e-04,4.746966e-04,5.023800e-03,5.350906e-05,5.311970e-04,2.063582e-03,1.486218e-05,4.921757e-05,2.940218e-03,2.218835e-01,6.249045e-01,2.021630e-03,2.446652e-04,1.386454e-01,7.382424e-04
3.364225e-04,3.862495e-04,3.543432e-03,4.661997e-05,4.546170e-04,1.970851e-03,1.218975e-05,3.705188e-05,2.617904e-03,3.431540e-01,5.360435e-01,1.473649e-03,2.738588e-04,1.090413e-01,6.084057e-04
4.196332e-04,4.235378e-04,2.495833e-03,4.005796e-05,4.904426e-04,2.733773e-03,1.133442e-05,3.082454e-05,2.371671e-03,4.713906e-01,4.350551e-01,1.044001e-03,2.252589e-04,8.272161e-02,5.462696e-04
4.137523e-04,4.478344e-04,1.764150e-03,3.011455e-05,4.785135e-04,2.249948e-03,8.910443e-06,2.220120e-05,1.798408e-03,5.953546e-01,3.367186e-01,7.406194e-04,1.713168e-04,5.935318e-02,4.479035e-04
9.362795e-04,6.306468e-04,1.298463e-03,2.661968e-05,5.182166e-04,2.110065e-03,1.201117e-05,2.209483e-05,1.452071e-03,6.802574e-01,2.613293e-01,8.658979e-04,4.093504e-04,4.961202e-02,5.194839e-04
9.824707e-04,5.259806e-04,9.136187e-04,2.266064e-05,4.599658e-04,1.904404e-03,1.109962e-05,1.727452e-05,1.607971e-03,6.293680e-01,3.148699e-01,9.290050e-04,3.338525e-04,4.759775e-02,4.560622e-04
1.310974e-03,6.826165e-04,6.546215e-04,4.968101e-05,4.294060e-04,2.107026e-03,1.205851e-05,2.012940e-05,3.867011e-03,6.229966e-01,3.183939e-01,2.934259e-03,4.737434e-04,4.541996e-02,6.479749e-04
1.241481e-03,1.184619e-03,6.197391e-04,1.245868e-04,5.153840e-04,1.602764e-03,9.214699e-06,2.170223e-05,6.885461e-03,4.653322e-01,4.793242e-01,5.839122e-03,9.338849e-04,3.533313e-02,1.032426e-03
2.273654e-03,1.602586e-03,2.056109e-03,1.620280e-03,2.317944e-03,1.008242e-02,3.977720e-05,3.887592e-04,5.923976e-02,4.962992e-01,3.832856e-01,7.921169e-03,1.225658e-03,3.020135e-02,1.445729e-03
6.115105e-03,1.970010e-03,7.405096e-03,5.711301e-03,8.664413e-03,1.815574e-02,7.484437e-04,6.101654e-03,8.920213e-02,4.595023e-01,3.485053e-01,1.222991e-02,2.719687e-03,3.065314e-02,2.315796e-03
1.383246e-02,3.383568e-03,6.659753e-03,1.529711e-02,1.349171e-02,1.696236e-02,7.529797e-04,4.624712e-03,2.699961e-01,3.542467e-01,2.556469e-01,9.167089e-03,3.022123e-03,2.661549e-02,6.300970e-03
1.579664e-02,4.094956e-03,5.616570e-03,1.585093e-02,1.158824e-02,1.803078e-02,7.415359e-04,3.761583e-03,3.609558e-01,2.723100e-01,2.273739e-01,9.064918e-03,6.282575e-03,3.470751e-02,1.382417e-02
1.364832e-02,4.107443e-02,6.202291e-03,1.377473e-02,1.031920e-02,1.893016e-02,9.577266e-04,2.905432e-03,3.796273e-01,2.196852e-01,2.233737e-01,8.730088e-03,1.106676e-02,3.114007e-02,1.856458e-02
1.060008e-02,1.420475e-01,4.971408e-03,1.804697e-02,7.990187e-03,1.377905e-02,6.807795e-04,2.055220e-03,4.279360e-01,1.582540e-01,1.588793e-01,6.253236e-03,8.168176e-03,2.367513e-02,1.666301e-02
9.534511e-03,1.520920e-01,9.306733e-03,2.808446e-02,7.927673e-03,1.068687e-02,7.061140e-04,3.841539e-03,5.023820e-01,1.145308e-01,1.169698e-01,4.708335e-03,6.649760e-03,1.947016e-02,1.310912e-02
3.513370e-02,1.801862e-01,1.797801e-02,3.834899e-02,1.753313e-02,1.691816e-02,6.847361e-04,7.967627e-03,4.609220e-01,9.507719e-02,8.642620e-02,4.014895e-03,6.357885e-03,2.048317e-02,1.196811e-02
4.282574e-02,2.058680e-01,1.473351e-02,4.653056e-02,2.086338e-02,1.509206e-02,5.959828e-04,7.342455e-03,4.487787e-01,8.844769e-02,6.244387e-02,3.296284e-03,5.646098e-03,2.104646e-02,1.648916e-02
3.242315e-02,2.591766e-01,1.178204e-02,7.241464e-02,1.959214e-02,1.177187e-02,5.001815e-04,7.778238e-03,4.135396e-01,6.874353e-02,4.634048e-02,2.821727e-03,4.574820e-03,1.856635e-02,2.997464e-02
3.087695e-02,2.880683e-01,9.415097e-03,8.116452e-02,3.915045e-02,1.094132e-02,9.693184e-04,1.958929e-02,3.885976e-01,4.959523e-02,3.318098e-02,2.084214e-03,5.589157e-03,1.395149e-02,2.682609e-02
2.590608e-02,2.497354e-01,1.198095e-02,8.812024e-02,3.793475e-02,2.049855e-02,1.380418e-03,1.438443e-02,3.353710e-01,3.848347e-02,2.568473e-02,2.058646e-03,7.728183e-02,1.027466e-02,6.090486e-02
1.831854e-02,1.755093e-01,9.334041e-03,6.240270e-02,2.696057e-02,1.519957e-02,1.403807e-03,1.011815e-02,2.370311e-01,2.798722e-02,2.081526e-02,2.005015e-03,3.184324e-01,8.962410e-03,6.551993e-02
1.317886e-02,1.231886e-01,7.139740e-03,4.435102e-02,1.952706e-02,1.250474e-02,1.508954e-03,7.206620e-03,1.698343e-01,2.305071e-02,1.994134e-02,2.390556e-03,4.754968e-01,7.866785e-03,7.281382e-02
1.050945e-02,8.711139e-02,6.325505e-03,3.433568e-02,1.595116e-02,1.114121e-02,2.225998e-03,5.212001e-03,1.373828e-01,5.617007e-02,3.808518e-02,6.813518e-03,3.778161e-01,2.183339e-02,1.890864e-01
8.638747e-03,6.148332e-02,4.881774e-03,2.448618e-02,1.206260e-02,8.609566e-03,1.675386e-03,3.728407e-03,1.072246e-01,4.435812e-02,4.756069e-02,5.510990e-03,2.664846e-01,8.526573e-02,3.180292e-01
7.889759e-03,4.337127e-02,3.724208e-03,1.728611e-02,8.823203e-03,7.037058e-03,1.300843e-03,2.626702e-03,7.999242e-02,3.615940e-02,4.947909e-02,4.605205e-03,1.878728e-01,1.306194e-01,4.192125e-01
1.371970e-02,3.344116e-02,3.799235e-03,1.283856e-02,7.029575e-03,1.411749e-02,1.143270e-03,1.971871e-03,5.970499e-02,2.807466e-02,4.779170e-02,3.810890e-03,1.323105e-01,1.307664e-01,5.094800e-01
1.278970e-02,2.713402e-02,3.721584e-03,1.108425e-02,5.391806e-03,1.493056e-02,9.625718e-04,1.820792e-03,7.155588e-02,2.420860e-02,4.232009e-02,3.926797e-03,9.400753e-02,1.180374e-01,5.681084e-01
1.095456e-02,2.238010e-02,1.033304e-02,9.629093e-03,4.358036e-03,1.364288e-02,7.948789e-04,1.369617e-03,1.210967e-01,2.184764e-02,6.956267e-02,3.731776e-03,6.734607e-02,1.541067e-01,4.888462e-01
9.506758e-03,2.085149e-02,1.132494e-02,8.193241e-03,3.510559e-03,1.314042e-02,6.577521e-04,1.238791e-03,1.224363e-01,2.292618e-02,8.446249e-02,4.106942e-03,4.964516e-02,2.489078e-01,3.990912e-01
8.602147e-03,1.710184e-02,9.699560e-02,7.493359e-03,3.661113e-03,1.205610e-02,8.694809e-04,1.937663e-03,9.572224e-02,2.064076e-02,1.341799e-01,3.632158e-03,3.804216e-02,2.298749e-01,3.291905e-01
9.434460e-03,1.601611e-02,1.069164e-01,5.999312e-03,4.424746e-03,1.530030e-02,7.066887e-04,1.549733e-03,9.661588e-02,2.049672e-02,1.255702e-01,3.265016e-03,2.758832e-02,3.032259e-01,2.628903e-01
1.194741e-02,1.478782e-02,8.819100e-02,4.616861e-03,4.502937e-03,2.449352e-02,6.083560e-04,1.197596e-03,1.128781e-01,1.963500e-02,9.631735e-02,2.780383e-03,2.010703e-02,3.999457e-01,1.979909e-01
1.430075e-02,1.594264e-02,6.941427e-02,3.789308e-03,4.427438e-03,2.865912e-02,5.403575e-04,9.206124e-04,1.744010e-01,1.632703e-02,7.016748e-02,2.149069e-03,1.483452e-02,4.296344e-01,1.544921e-01
2.269086e-02,1.900838e-02,5.778004e-02,3.056779e-03,4.850830e-03,2.358778e-02,4.478477e-04,8.397676e-04,1.681609e-01,1.443463e-02,5.402014e-02,1.729117e-03,1.113444e-02,4.529629e-01,1.652956e-01
2.849765e-02,2.030290e-02,4.907206e-02,3.131435e-03,4.786126e-03,4.331961e-02,4.165380e-04,1.896282e-03,1.609644e-01,1.153399e-02,3.931589e-02,1.346673e-03,8.716879e-03,4.660275e-01,1.606721e-01
3.274015e-02,1.714399e-02,1.597702e-01,5.256810e-03,5.479496e-03,4.316582e-02,4.128651e-04,1.655301e-03,1.278519e-01,1.898528e-02,2.873485e-02,1.144201e-03,7.540531e-03,3.624399e-01,1.876787e-01
4.390844e-02,1.720905e-02,1.613278e-01,5.222187e-03,7.647420e-03,4.663673e-02,5.396305e-04,2.251966e-03,1.197174e-01,3.623509e-02,2.185061e-02,1.054272e-03,8.482821e-03,3.576784e-01,1.702382e-01
4.516590e-02,2.215126e-02,1.598682e-01,9.790758e-03,7.488864e-03,3.658385e-02,6.174345e-04,2.932568e-03,1.151183e-01,3.552875e-02,1.860589e-02,9.145522e-04,8.092742e-03,3.257732e-01,2.113677e-01
4.081670e-02,1.665869e-02,3.340684e-01,1.279170e-02,5.699993e-03,2.648345e-02,6.060904e-04,2.685066e-03,8.332411e-02,3.068655e-02,1.430911e-02,7.789931e-04,6.193761e-03,2.535483e-01,1.713492e-01
5.819773e-02,1.339953e-02,3.167167e-01,1.434939e-02,5.882573e-03,2.123562e-02,6.187378e-04,6.250631e-03,6.326704e-02,3.359958e-02,1.240010e-02,1.147181e-03,5.448030e-03,3.022125e-01,1.452746e-01
5.717610e-02,1.195527e-02,3.374245e-01,1.520350e-02,5.650031e-03,1.566968e-02,6.061704e-04,1.298638e-02,5.642231e-02,3.392544e-02,1.047797e-02,9.326541e-04,4.253461e-03,2.925262e-01,1.447905e-01
7.942258e-02,1.024375e-02,2.495609e-01,1.442465e-02,7.099948e-03,1.180264e-02,6.757647e-04,1.778296e-02,5.197220e-02,3.564009e-02,9.001300e-03,8.555989e-04,3.623459e-03,3.855928e-01,1.223014e-01
8.774523e-02,1.029984e-02,1.802869e-01,1.191426e-02,6.933970e-03,9.297352e-03,7.491750e-04,2.046419e-02,5.539757e-02,3.188407e-02,7.874744e-03,9.096232e-04,3.606436e-03,4.664381e-01,1.061985e-01
8.965430e-02,1.001800e-02,1.455363e-01,1.279170e-02,1.623089e-02,7.722620e-03,1.921749e-03,8.563363e-02,6.070098e-02,2.550503e-02,6.691645e-03,9.270104e-04,3.147654e-03,4.552359e-01,7.828257e-02
7.490174e-02,9.106391e-03,1.292661e-01,2.540759e-02,5.910838e-02,6.053143e-03,2.248514e-03,2.188341e-01,5.491132e-02,1.901212e-02,5.493117e-03,1.031262e-03,2.732859e-03,3.329449e-01,5.894835e-02
9.939550e-02,1.427333e-02,1.788487e-01,3.680383e-02,7.251283e-02,7.760387e-03,2.574194e-03,1.643764e-01,6.579266e-02,1.811813e-02,6.082241e-03,1.727995e-03,3.237008e-03,2.803357e-01,4.816104e-02
1.350080e-01,2.536495e-02,1.562309e-01,3.140828e-02,8.534057e-02,1.011061e-02,4.244097e-03,1.504233e-01,6.650002e-02,1.630757e-02,6.382694e-03,2.209698e-03,6.022945e-03,2.627331e-01,4.171314e-02
2.022658e-01,3.931740e-02,1.407476e-01,2.936117e-02,9.515759e-02,1.635670e-02,4.617587e-03,1.160768e-01,6.319957e-02,1.356986e-02,7.560275e-03,3.409237e-03,7.509079e-03,2.224054e-01,3.844580e-02
2.610573e-01,3.829259e-02,1.516066e-01,5.381342e-02,8.361521e-02,1.930030e-02,4.651865e-03,9.041919e-02,6.184043e-02,1.304290e-02,7.378126e-03,5.876159e-03,1.377121e-02,1.569407e-01,3.839403e-02
3.055791e-01,4.302574e-02,1.208291e-01,6.064009e-02,7.358879e-02,2.727504e-02,4.427363e-03,6.733800e-02,6.543048e-02,1.293889e-02,1.045569e-02,1.381279e-02,4.175644e-02,1.108188e-01,4.208375e-02
3.491994e-01,3.609358e-02,8.643901e-02,5.349599e-02,5.850312e-02,2.703008e-02,4.052425e-03,4.896611e-02,6.485427e-02,1.033372e-02,9.509271e-03,1.283031e-02,1.145219e-01,7.797696e-02,4.619388e-02
3.283368e-01,3.027249e-02,6.145094e-02,4.288111e-02,4.723393e-02,2.464039e-02,3.379312e-03,3.560118e-02,6.143270e-02,7.781944e-03,8.477253e-03,1.530968e-02,2.287851e-01,5.491019e-02,4.950697e-02
2.348261e-01,2.302961e-02,4.400103e-02,3.408472e-02,3.477385e-02,1.988886e-02,2.744321e-03,3.198824e-02,7.066011e-02,6.017946e-03,8.454062e-03,1.921853e-02,3.835078e-01,3.917897e-02,4.762581e-02
1.664439e-01,1.767030e-02,3.167659e-02,2.604177e-02,2.521787e-02,1.586916e-02,2.199784e-03,2.670082e-02,6.229884e-02,4.529728e-03,7.944454e-03,2.787098e-02,5.042475e-01,2.789096e-02,5.339728e-02
1.181849e-01,1.367675e-02,2.277491e-02,1.938798e-02,1.829343e-02,1.245196e-02,1.747071e-03,1.999574e-02,4.953836e-02,3.431466e-03,6.228984e-03,3.904278e-02,6.114390e-01,1.968770e-02,4.411891e-02
8.369678e-02,1.050154e-02,1.671220e-02,1.405551e-02,1.318644e-02,1.374436e-02,1.581474e-03,1.749589e-02,4.106297e-02,2.508338e-03,5.292516e-03,1.140053e-01,6.166736e-01,1.393898e-02,3.554416e-02
5.982166e-02,9.706028e-03,1.322556e-02,1.036675e-02,9.898946e-03,1.455107e-02,1.555000e-03,1.517845e-02,4.129620e-02,1.895795e-03,5.004214e-03,2.086967e-01,5.703765e-01,9.982817e-03,2.844434e-02
4.293584e-02,8.578169e-03,1.028201e-02,7.716333e-03,7.917535e-03,1.203479e-02,1.643473e-03,1.128525e-02,3.977197e-02,1.572479e-03,4.545761e-03,2.391255e-01,5.821999e-01,7.201478e-03,2.318960e-02
3.084794e-02,1.418041e-02,8.177447e-03,5.852950e-03,6.728281e-03,1.188798e-02,1.478757e-03,8.640987e-03,8.535417e-02,1.306694e-03,4.287793e-03,2.730899e-01,5.241393e-01,5.120092e-03,1.890734e-02
2.207892e-02,1.634468e-02,6.274021e-03,4.582228e-03,5.862162e-03,1.354309e-02,1.327987e-03,6.463210e-03,1.330199e-01,1.090123e-03,4.633229e-03,2.657425e-01,4.973955e-01,3.732305e-03,1.791015e-02
1.574126e-02,2.184570e-02,5.065533e-03,4.691208e-03,5.114845e-03,2.685807e-02,1.151708e-03,5.158219e-03,2.692637e-01,9.078255e-04,4.006500e-03,2.078992e-01,4.153000e-01,2.780659e-03,1.421550e-02
1.201732e-02,2.384220e-02,4.191340e-03,3.928466e-03,8.419259e-03,3.365035e-02,1.367603e-03,5.875269e-03,2.797052e-01,6.824710e-04,3.903838e-03,1.796086e-01,4.291874e-01,2.061431e-03,1.155922e-02
9.666667e-03,3.200743e-02,5.254510e-03,3.236881e-03,1.455590e-02,5.828357e-02,1.470651e-03,6.013625e-03,2.897709e-01,5.973288e-04,3.332835e-03,1.361002e-01,4.277682e-01,1.591059e-03,1.035026e-02
1.623182e-02,2.311708e-02,4.592104e-03,4.946278e-03,2.377507e-02,5.676946e-02,1.628916e-03,7.655819e-03,2.109493e-01,6.720932e-04,4.203263e-03,1.150936e-01,5.209288e-01,1.271673e-03,8.164823e-03
1.697311e-02,1.666252e-02,3.646991e-03,4.951528e-03,2.119261e-02,5.790629e-02,1.496883e-03,8.000819e-03,1.559055e-01,6.145325e-04,4.386904e-03,1.079338e-01,5.924350e-01,1.628483e-03,6.265053e-03
2.419918e-02,1.198279e-02,2.605003e-03,4.417778e-03,1.563979e-02,4.930401e-02,1.344043e-03,6.337675e-03,1.114296e-01,1.116627e-03,1.791584e-02,1.155090e-01,6.265881e-01,4.879250e-03,6.731283e-03
2.212187e-02,8.708296e-03,1.926400e-03,4.350732e-03,1.191381e-02,4.425392e-02,1.250544e-03,6.032268e-03,8.036531e-02,2.132898e-03,3.016494e-02,1.542531e-01,6.182967e-01,4.839544e-03,9.389605e-03
1.897076e-02,6.563777e-03,1.690874e-03,4.019306e-03,9.446506e-03,3.944576e-02,2.282098e-03,4.802326e-03,5.859957e-02,2.270285e-02,2.624193e-02,1.608348e-01,6.247551e-01,8.913056e-03,1.073134e-02
2.495745e-02,5.302529e-03,2.510039e-03,3.608426e-03,3.261252e-02,4.738094e-02,2.039479e-03,4.286211e-03,4.829811e-02,2.236693e-02,3.449056e-02,1.651672e-01,5.173017e-01,7.110441e-03,8.256741e-02
3.237002e-02,5.686590e-03,1.741665e-02,4.271316e-03,8.348270e-02,5.067241e-02,4.500898e-03,1.619318e-02,3.985659e-02,2.017515e-02,3.138097e-02,1.442568e-01,3.904940e-01,6.485844e-03,1.527569e-01
3.679486e-02,4.512490e-03,2.644841e-02,1.183906e-02,6.359079e-02,4.483587e-02,1.072261e-02,9.522048e-02,3.025255e-02,1.859705e-02,2.903784e-02,1.067648e-01,2.915762e-01,6.625887e-03,2.231811e-01
4.350280e-02,9.578167e-03,2.485894e-02,1.217683e-02,6.157114e-02,3.937393e-02,1.279681e-02,8.730447e-02,3.289022e-02,1.657283e-02,2.177185e-02,9.430909e-02,3.310974e-01,5.251386e-03,2.069442e-01
4.117450e-02,1.071530e-02,2.219827e-02,2.408049e-02,1.030422e-01,3.202198e-02,1.452956e-02,8.512624e-02,5.356038e-02,1.434714e-02,1.803362e-02,7.121584e-02,3.323280e-01,3.923993e-03,1.737024e-01
3.599875e-02,9.420424e-03,1.854080e-02,2.222185e-02,7.872572e-02,3.171865e-02,1.271713e-02,6.613363e-02,5.525852e-02,1.231578e-02,2.569751e-02,7.016946e-02,4.051822e-01,4.098354e-03,1.518012e-01
7.190917e-02,8.414562e-03,1.837463e-02,1.966190e-02,8.329495e-02,3.474972e-02,1.005825e-02,5.656187e-02,5.143731e-02,9.257551e-03,2.680983e-02,5.619151e-02,4.064784e-01,3.122215e-03,1.436781e-01
7.351966e-02,6.305317e-03,1.759250e-02,1.877693e-02,6.282927e-02,6.386313e-02,9.562456e-03,9.526262e-02,3.653009e-02,6.872913e-03,2.187775e-02,7.581119e-02,3.812222e-01,2.850401e-03,1.271235e-01
1.399843e-01,6.520422e-03,1.567147e-02,2.085544e-02,5.689574e-02,1.312014e-01,9.144317e-03,7.641930e-02,2.697582e-02,5.209812e-03,1.719807e-02,5.933713e-02,3.247471e-01,2.822091e-03,1.070175e-01
2.018433e-01,7.070779e-03,1.192312e-02,3.234168e-02,5.321793e-02,2.001241e-01,1.005907e-02,6.453843e-02,2.285239e-02,5.463333e-03,1.745259e-02,4.929766e-02,2.428861e-01,2.676032e-03,7.825349e-02
2.390027e-01,6.926053e-03,9.236696e-03,3.394329e-02,6.519912e-02,1.873582e-01,1.082607e-02,5.698037e-02,2.031866e-02,4.655392e-03,1.690888e-02,7.510460e-02,2.098878e-01,2.465982e-03,6.118620e-02
2.025354e-01,8.782741e-03,8.968978e-03,4.798528e-02,5.759128e-02,2.128573e-01,1.139190e-02,7.766131e-02,2.646418e-02,6.152647e-03,1.683850e-02,7.787193e-02,1.854524e-01,2.131098e-03,5.731516e-02
2.087427e-01,7.927857e-03,9.696165e-03,5.939966e-02,4.703027e-02,1.900588e-01,1.122612e-02,1.092397e-01,3.099927e-02,5.025622e-03,1.481331e-02,6.584191e-02,1.929127e-01,2.035301e-03,4.505071e-02
2.381997e-01,8.533880e-03,7.920921e-03,5.664081e-02,4.696720e-02,1.718361e-01,1.141990e-02,8.433592e-02,4.821542e-02,4.247569e-03,1.211095e-02,6.147727e-02,2.092837e-01,1.922555e-03,3.688809e-02
2.955135e-01,1.001178e-02,9.953652e-03,8.217241e-02,3.677619e-02,1.508880e-01,8.922466e-03,7.812610e-02,3.730428e-02,3.916690e-03,1.170191e-02,5.191492e-02,1.931373e-01,2.099129e-03,2.756174e-02
2.670390e-01,8.288535e-03,1.076901e-02,1.004035e-01,2.860037e-02,1.515957e-01,7.675985e-03,1.304951e-01,2.921510e-02,3.729923e-03,2.587040e-02,4.073646e-02,1.601240e-01,2.142038e-03,3.331498e-02
2.259909e-01,6.544925e-03,9.846467e-03,8.978617e-02,2.175528e-02,1.309257e-01,6.366922e-03,2.037686e-01,2.266348e-02,3.369025e-03,2.713934e-02,4.316637e-02,1.710389e-01,2.623892e-03,3.501401e-02
1.687007e-01,5.044424e-03,8.006803e-03,8.183616e-02,1.592289e-02,1.068000e-01,4.866926e-03,2.269779e-01,1.980441e-02,3.420235e-03,3.053250e-02,6.392975e-02,2.292533e-01,3.159825e-03,3.174408e-02
1.333001e-01,7.627321e-03,6.690337e-03,6.589349e-02,1.471496e-02,9.999987e-02,7.199734e-03,1.874034e-01,6.969155e-02,3.089729e-03,2.796999e-02,6.628305e-02,2.288709e-01,2.859913e-03,7.840563e-02
1.479939e-01,6.536860e-03,6.106889e-03,5.557442e-02,1.440117e-02,9.049240e-02,7.893920e-03,1.720651e-01,6.596382e-02,3.294125e-03,2.280352e-02,7.465256e-02,2.541692e-01,2.486623e-03,7.556548e-02
1.475529e-01,8.040226e-03,5.243476e-03,4.430271e-02,1.244579e-02,6.944214e-02,6.188838e-03,1.340711e-01,6.996083e-02,2.825898e-03,1.692765e-02,6.355441e-02,3.305284e-01,1.861020e-03,8.705468e-02
1.276254e-01,7.692321e-03,7.375520e-03,1.045748e-01,1.307693e-02,5.860969e-02,4.804944e-03,1.203823e-01,6.145941e-02,2.282697e-03,1.375984e-02,6.043363e-02,3.525622e-01,1.416129e-03,6.394416e-02
1.435677e-01,6.572647e-03,6.486619e-03,7.527408e-02,1.308993e-02,4.812403e-02,4.146903e-03,9.099913e-02,5.144813e-02,1.859771e-03,1.091677e-02,7.388136e-02,4.125601e-01,1.245938e-03,5.982693e-02
1.643423e-01,7.042468e-03,5.118914e-03,5.470602e-02,1.240363e-02,4.266314e-02,3.641891e-03,6.899104e-02,5.069610e-02,1.594883e-03,8.378133e-03,7.484157e-02,4.533296e-01,1.060758e-03,5.118961e-02
1.532460e-01,6.327726e-03,6.809837e-03,4.494224e-02,1.141694e-02,3.789736e-02,4.237174e-03,5.931526e-02,4.037383e-02,2.850041e-03,7.977240e-03,1.425692e-01,4.400806e-01,1.167000e-03,4.078968e-02
1.314295e-01,9.976931e-03,6.042639e-03,3.207833e-02,1.147666e-02,4.001471e-02,4.357104e-03,4.367590e-02,3.624365e-02,2.158455e-03,6.533186e-03,1.630564e-01,4.765881e-01,1.184076e-03,3.518443e-02
1.160152e-01,1.667219e-02,5.288746e-03,2.336716e-02,1.343859e-02,4.032620e-02,3.705347e-03,3.363924e-02,3.514085e-02,1.704314e-03,5.525531e-03,2.153946e-01,4.623098e-01,1.308907e-03,2.616340e-02
1.048328e-01,1.405696e-02,3.817232e-03,1.682248e-02,1.400333e-02,3.916493e-02,3.209832e-03,2.402452e-02,3.393021e-02,1.522971e-03,4.668647e-03,2.062578e-01,5.127453e-01,2.010674e-03,1.893232e-02
1.022541e-01,2.010012e-02,2.908760e-03,1.228888e-02,1.707661e-02,4.177088e-02,3.381580e-03,1.793488e-02,5.389511e-02,1.663025e-03,3.991859e-03,2.621661e-01,4.447100e-01,1.989014e-03,1.386911e-02
