1.000000e+00,0.000000e+00,0.000000e+00,0.000000e+00,0.000000e+00,0.000000e+00,0.000000e+00,0.000000e+00,0.000000e+00,0.000000e+00,0.000000e+00,0.000000e+00,0.000000e+00,0.000000e+00,0.000000e+00
1.000000e+00,0.000000e+00,0.000000e+00,0.000000e+00,0.000000e+00,0.000000e+00,0.000000e+00,0.000000e+00,0.000000e+00,0.000000e+00,0.000000e+00,0.000000e+00,0.000000e+00,0.000000e+00,0.000000e+00
1.000000e+00,0.000000e+00,0.000000e+00,0.000000e+00,0.000000e+00,0.000000e+00,0.000000e+00,0.000000e+00,0.000000e+00,0.000000e+00,0.000000e+00,0.000000e+00,0.000000e+00,0.000000e+00,0.000000e+00
1.000000e+00,0.000000e+00,0.000000e+00,0.000000e+00,0.000000e+00,0.000000e+00,0.000000e+00,0.000000e+00,0.000000e+00,0.000000e+00,0.000000e+00,0.000000e+00,0.000000e+00,0.000000e+00,0.000000e+00
1.000000e+00,0.000000e+00,0.000000e+00,0.000000e+00,0.000000e+00,0.000000e+00,0.000000e+00,0.000000e+00,0.000000e+00,0.000000e+00,0.000000e+00,0.000000e+00,0.000000e+00,0.000000e+00,0.000000e+00
1.000000e+00,0.000000e+00,0.000000e+00,0.000000e+00,0.000000e+00,0.000000e+00,0.000000e+00,0.000000e+00,0.000000e+00,0.000000e+00,0.000000e+00,0.000000e+00,0.000000e+00,0.000000e+00,0.000000e+00
1.000000e+00,0.000000e+00,0.000000e+00,0.000000e+00,0.000000e+00,0.000000e+00,0.000000e+00,0.000000e+00,0.000000e+00,0.000000e+00,0.000000e+00,0.000000e+00,0.000000e+00,0.000000e+00,0.000000e+00
1.000000e+00,0.000000e+00,0.000000e+00,0.000000e+00,0.000000e+00,0.000000e+00,0.000000e+00,0.000000e+00,0.000000e+00,0.000000e+00,0.000000e+00,0.000000e+00,0.000000e+00,0.000000e+00,0.000000e+00
1.000000e+00,0.000000e+00,0.000000e+00,0.000000e+00,0.000000e+00,0.000000e+00,0.000000e+00,0.000000e+00,0.000000e+00,0.000000e+00,0.000000e+00,0.000000e+00,0.000000e+00,0.000000e+00,0.000000e+00
1.000000e+00,0.000000e+00,0.000000e+00,0.000000e+00,0.000000e+00,0.000000e+00,0.000000e+00,0.000000e+00,0.000000e+00,0.000000e+00,0.000000e+00,0.000000e+00,0.000000e+00,0.000000e+00,0.000000e+00
1.000000e+00,0.000000e+00,0.000000e+00,0.000000e+00,0.000000e+00,0.000000e+00,0.000000e+00,0.000000e+00,0.000000e+00,0.000000e+00,0.000000e+00,0.000000e+00,0.000000e+00,0.000000e+00,0.000000e+00
1.000000e+00,0.000000e+00,0.000000e+00,0.000000e+00,0.000000e+00,0.000000e+00,0.000000e+00,0.000000e+00,0.000000e+00,0.000000e+00,0.000000e+00,0.000000e+00,0.000000e+00,0.000000e+00,0.000000e+00
1.000000e+00,0.000000e+00,0.000000e+00,0.000000e+00,0.000000e+00,0.000000e+00,0.000000e+00,0.000000e+00,0.000000e+00,0.000000e+00,0.000000e+00,0.000000e+00,0.000000e+00,0.000000e+00,0.000000e+00
1.000000e+00,0.000000e+00,0.000000e+00,0.000000e+00,0.000000e+00,0.000000e+00,0.000000e+00,0.000000e+00,0.000000e+00,0.000000e+00,0.000000e+00,0.000000e+00,0.000000e+00,0.000000e+00,0.000000e+00
1.000000e+00,0.000000e+00,0.000000e+00,0.000000e+00,0.000000e+00,0.000000e+00,0.000000e+00,0.000000e+00,0.000000e+00,0.000000e+00,0.000000e+00,0.000000e+00,0.000000e+00,0.000000e+00,0.000000e+00
1.000000e+00,0.000000e+00,0.000000e+00,0.000000e+00,0.000000e+00,0.000000e+00,0.000000e+00,0.000000e+00,0.000000e+00,0.000000e+00,0.000000e+00,0.000000e+00,0.000000e+00,0.000000e+00,0.000000e+00
1.000000e+00,0.000000e+00,0.000000e+00,0.000000e+00,0.000000e+00,0.000000e+00,0.000000e+00,0.000000e+00,0.000000e+00,0.000000e+00,0.000000e+00,0.000000e+00,0.000000e+00,0.000000e+00,0.000000e+00
1.000000e+00,0.000000e+00,0.000000e+00,0.000000e+00,0.000000e+00,0.000000e+00,0.000000e+00,0.000000e+00,0.000000e+00,0.000000e+00,0.000000e+00,0.000000e+00,0.000000e+00,0.000000e+00,0.000000e+00
1.000000e+00,0.000000e+00,0.000000e+00,0.000000e+00,0.000000e+00,0.000000e+00,0.000000e+00,0.000000e+00,0.000000e+00,0.000000e+00,0.000000e+00,0.000000e+00,0.000000e+00,0.000000e+00,0.000000e+00
1.000000e+00,0.000000e+00,0.000000e+00,0.000000e+00,0.000000e+00,0.000000e+00,0.000000e+00,0.000000e+00,0.000000e+00,0.000000e+00,0.000000e+00,0.000000e+00,0.000000e+00,0.000000e+00,0.000000e+00
1.000000e+00,0.000000e+00,0.000000e+00,0.000000e+00,0.000000e+00,0.000000e+00,0.000000e+00,0.000000e+00,0.000000e+00,0.000000e+00,0.000000e+00,0.000000e+00,0.000000e+00,0.000000e+00,0.000000e+00
1.000000e+00,0.000000e+00,0.000000e+00,0.000000e+00,0.000000e+00,0.000000e+00,0.000000e+00,0.000000e+00,0.000000e+00,0.000000e+00,0.000000e+00,0.000000e+00,0.000000e+00,0.000000e+00,0.000000e+00
1.000000e+00,0.000000e+00,0.000000e+00,0.000000e+00,0.000000e+00,0.000000e+00,0.000000e+00,0.000000e+00,0.000000e+00,0.000000e+00,0.000000e+00,0.000000e+00,0.000000e+00,0.000000e+00,0.000000e+00
1.000000e+00,0.000000e+00,0.000000e+00,0.000000e+00,0.000000e+00,0.000000e+00,0.000000e+00,0.000000e+00,0.000000e+00,0.000000e+00,0.000000e+00,0.000000e+00,0.000000e+00,0.000000e+00,0.000000e+00
1.000000e+00,0.000000e+00,0.000000e+00,0.000000e+00,0.000000e+00,0.000000e+00,0.000000e+00,0.000000e+00,0.000000e+00,0.000000e+00,0.000000e+00,0.000000e+00,0.000000e+00,0.000000e+00,0.000000e+00
1.000000e+00,0.000000e+00,0.000000e+00,0.000000e+00,0.000000e+00,0.000000e+00,0.000000e+00,0.000000e+00,0.000000e+00,0.000000e+00,0.000000e+00,0.000000e+00,0.000000e+00,0.000000e+00,0.000000e+00
1.000000e+00,0.000000e+00,0.000000e+00,0.000000e+00,0.000000e+00,0.000000e+00,0.000000e+00,0.000000e+00,0.000000e+00,0.000000e+00,0.000000e+00,0.000000e+00,0.000000e+00,0.000000e+00,0.000000e+00
1.000000e+00,0.000000e+00,0.000000e+00,0.000000e+00,0.000000e+00,0.000000e+00,0.000000e+00,0.000000e+00,0.000000e+00,0.000000e+00,0.000000e+00,0.000000e+00,0.000000e+00,0.000000e+00,0.000000e+00
1.000000e+00,0.000000e+00,0.000000e+00,0.000000e+00,0.000000e+00,0.000000e+00,0.000000e+00,0.000000e+00,0.000000e+00,0.000000e+00,0.000000e+00,0.000000e+00,0.000000e+00,0.000000e+00,0.000000e+00
1.000000e+00,0.000000e+00,0.000000e+00,0.000000e+00,0.000000e+00,0.000000e+00,0.000000e+00,0.000000e+00,0.000000e+00,0.000000e+00,0.000000e+00,0.000000e+00,0.000000e+00,0.000000e+00,0.000000e+00
1.000000e+00,0.000000e+00,0.000000e+00,0.000000e+00,0.000000e+00,0.000000e+00,0.000000e+00,0.000000e+00,0.000000e+00,0.000000e+00,0.000000e+00,0.000000e+00,0.000000e+00,0.000000e+00,0.000000e+00
1.000000e+00,0.000000e+00,0.000000e+00,0.000000e+00,0.000000e+00,0.000000e+00,0.000000e+00,0.000000e+00,0.000000e+00,0.000000e+00,0.000000e+00,0.000000e+00,0.000000e+00,0.000000e+00,0.000000e+00
1.000000e+00,0.000000e+00,0.000000e+00,0.000000e+00,0.000000e+00,0.000000e+00,0.000000e+00,0.000000e+00,0.000000e+00,0.000000e+00,0.000000e+00,0.000000e+00,0.000000e+00,0.000000e+00,0.000000e+00
1.000000e+00,0.000000e+00,0.000000e+00,0.000000e+00,0.000000e+00,0.000000e+00,0.000000e+00,0.000000e+00,0.000000e+00,0.000000e+00,0.000000e+00,0.000000e+00,0.000000e+00,0.000000e+00,0.000000e+00
1.000000e+00,0.000000e+00,0.000000e+00,0.000000e+00,0.000000e+00,0.000000e+00,0.000000e+00,0.000000e+00,0.000000e+00,0.000000e+00,0.000000e+00,0.000000e+00,0.000000e+00,0.000000e+00,0.000000e+00
1.000000e+00,0.000000e+00,0.000000e+00,0.000000e+00,0.000000e+00,0.000000e+00,0.000000e+00,0.000000e+00,0.000000e+00,0.000000e+00,0.000000e+00,0.000000e+00,0.000000e+00,0.000000e+00,0.000000e+00
1.000000e+00,0.000000e+00,0.000000e+00,0.000000e+00,0.000000e+00,0.000000e+00,0.000000e+00,0.000000e+00,0.000000e+00,0.000000e+00,0.000000e+00,0.000000e+00,0.000000e+00,0.000000e+00,0.000000e+00
1.000000e+00,0.000000e+00,0.000000e+00,0.000000e+00,0.000000e+00,0.000000e+00,0.000000e+00,0.000000e+00,0.000000e+00,0.000000e+00,0.000000e+00,0.000000e+00,0.000000e+00,0.000000e+00,0.000000e+00
1.000000e+00,0.000000e+00,0.000000e+00,0.000000e+00,0.000000e+00,0.000000e+00,0.000000e+00,0.000000e+00,0.000000e+00,0.000000e+00,0.000000e+00,0.000000e+00,0.000000e+00,0.000000e+00,0.000000e+00
1.000000e+00,0.000000e+00,0.000000e+00,0.000000e+00,0.000000e+00,0.000000e+00,0.000000e+00,0.000000e+00,0.000000e+00,0.000000e+00,0.000000e+00,0.000000e+00,0.000000e+00,0.000000e+00,0.000000e+00
1.000000e+00,0.000000e+00,0.000000e+00,0.000000e+00,0.000000e+00,0.000000e+00,0.000000e+00,0.000000e+00,0.000000e+00,0.000000e+00,0.000000e+00,0.000000e+00,0.000000e+00,0.000000e+00,0.000000e+00
1.000000e+00,0.000000e+00,0.000000e+00,0.000000e+00,0.000000e+00,0.000000e+00,0.000000e+00,0.000000e+00,0.000000e+00,0.000000e+00,0.000000e+00,0.000000e+00,0.000000e+00,0.000000e+00,0.000000e+00
1.000000e+00,0.000000e+00,0.000000e+00,0.000000e+00,0.000000e+00,0.000000e+00,0.000000e+00,0.000000e+00,0.000000e+00,0.000000e+00,0.000000e+00,0.000000e+00,0.000000e+00,0.000000e+00,0.000000e+00
1.000000e+00,0.000000e+00,0.000000e+00,0.000000e+00,0.000000e+00,0.000000e+00,0.000000e+00,0.000000e+00,0.000000e+00,0.000000e+00,0.000000e+00,0.000000e+00,0.000000e+00,0.000000e+00,0.000000e+00
1.000000e+00,0.000000e+00,0.000000e+00,0.000000e+00,0.000000e+00,0.000000e+00,0.000000e+00,0.000000e+00,0.000000e+00,0.000000e+00,0.000000e+00,0.000000e+00,0.000000e+00,0.000000e+00,0.000000e+00
1.000000e+00,0.000000e+00,0.000000e+00,0.000000e+00,0.000000e+00,0.000000e+00,0.000000e+00,0.000000e+00,0.000000e+00,0.000000e+00,0.000000e+00,0.000000e+00,0.000000e+00,0.000000e+00,0.000000e+00
1.000000e+00,0.000000e+00,0.000000e+00,0.000000e+00,0.000000e+00,0.000000e+00,0.000000e+00,0.000000e+00,0.000000e+00,0.000000e+00,0.000000e+00,0.000000e+00,0.000000e+00,0.000000e+00,0.000000e+00
1.000000e+00,0.000000e+00,0.000000e+00,0.000000e+00,0.000000e+00,0.000000e+00,0.000000e+00,0.000000e+00,0.000000e+00,0.000000e+00,0.000000e+00,0.000000e+00,0.000000e+00,0.000000e+00,0.000000e+00
1.000000e+00,0.000000e+00,0.000000e+00,0.000000e+00,0.000000e+00,0.000000e+00,0.000000e+00,0.000000e+00,0.000000e+00,0.000000e+00,0.000000e+00,0.000000e+00,0.000000e+00,0.000000e+00,0.000000e+00
1.000000e+00,0.000000e+00,0.000000e+00,0.000000e+00,0.000000e+00,0.000000e+00,0.000000e+00,0.000000e+00,0.000000e+00,0.000000e+00,0.000000e+00,0.000000e+00,0.000000e+00,0.000000e+00,0.000000e+00
1.000000e+00,0.000000e+00,0.000000e+00,0.000000e+00,0.000000e+00,0.000000e+00,0.000000e+00,0.000000e+00,0.000000e+00,0.000000e+00,0.000000e+00,0.000000e+00,0.000000e+00,0.000000e+00,0.000000e+00
1.000000e+00,0.000000e+00,0.000000e+00,0.000000e+00,0.000000e+00,0.000000e+00,0.000000e+00,0.000000e+00,0.000000e+00,0.000000e+00,0.000000e+00,0.000000e+00,0.000000e+00,0.000000e+00,0.000000e+00
1.000000e+00,0.000000e+00,0.000000e+00,0.000000e+00,0.000000e+00,0.000000e+00,0.000000e+00,0.000000e+00,0.000000e+00,0.000000e+00,0.000000e+00,0.000000e+00,0.000000e+00,0.000000e+00,0.000000e+00
1.000000e+00,0.000000e+00,0.000000e+00,0.000000e+00,0.000000e+00,0.000000e+00,0.000000e+00,0.000000e+00,0.000000e+00,0.000000e+00,0.000000e+00,0.000000e+00,0.000000e+00,0.000000e+00,0.000000e+00
4.791360e-01,2.416788e-02,9.930626e-03,6.674494e-02,8.360988e-03,1.201534e-01,4.918929e-03,1.658030e-02,2.775700e-02,2.946792e-03,6.968571e-03,2.427448e-02,1.617471e-01,2.603056e-03,4.370999e-02
3.753656e-01,2.462550e-02,9.013386e-03,5.391728e-02,7.964626e-03,1.125074e-01,4.373297e-03,1.435117e-02,3.306155e-02,4.763748e-03,5.382071e-03,2.046764e-02,2.919931e-01,2.067839e-03,4.014578e-02
2.818241e-01,2.266990e-02,8.382455e-03,4.294777e-02,6.015093e-03,9.587653e-02,3.875267e-03,1.142070e-02,2.788395e-02,4.124545e-03,3.875437e-03,1.564631e-02,4.428666e-01,1.503915e-03,3.108747e-02
1.975003e-01,1.657754e-02,6.971913e-03,3.097843e-02,4.283844e-03,6.940637e-02,2.783467e-03,8.047660e-03,2.216342e-02,3.039266e-03,2.731515e-03,1.138294e-02,5.996714e-01,1.061324e-03,2.340066e-02
1.388808e-01,1.377069e-02,7.064608e-03,2.267603e-02,5.021725e-03,7.149519e-02,2.459366e-03,7.161181e-03,3.635061e-02,2.641110e-03,2.119434e-03,9.562293e-03,6.403567e-01,7.873730e-04,3.965288e-02
1.003900e-01,1.406352e-02,6.331816e-03,1.665879e-02,5.005777e-03,6.437609e-02,2.173685e-03,5.781705e-03,3.984100e-02,3.058148e-03,1.665781e-03,8.192455e-03,6.777742e-01,5.829728e-04,5.410404e-02
7.167669e-02,1.480106e-02,4.779643e-03,1.241494e-02,4.228732e-03,5.298926e-02,1.700173e-03,4.558743e-03,5.631427e-02,3.038419e-03,1.711230e-03,7.121811e-03,6.976365e-01,4.748559e-04,6.655363e-02
5.235441e-02,1.861446e-02,3.610170e-03,9.500818e-03,3.215466e-03,4.984424e-02,1.263186e-03,3.449749e-03,6.067370e-02,2.956566e-03,1.795624e-03,6.017098e-03,7.228994e-01,3.890585e-04,6.341597e-02
3.796218e-02,2.698874e-02,2.729970e-03,7.317500e-03,2.643897e-03,3.950705e-02,1.064612e-03,2.682048e-03,8.788486e-02,2.805198e-03,3.296447e-03,8.844616e-03,6.838180e-01,7.230239e-04,9.173179e-02
2.721914e-02,2.833394e-02,2.086529e-03,5.889231e-03,2.248499e-03,3.088424e-02,8.736398e-04,2.208498e-03,8.566463e-02,2.323207e-03,3.762989e-03,9.016032e-03,6.953969e-01,7.793830e-04,1.033132e-01
1.968311e-02,3.218332e-02,1.578730e-03,4.516458e-03,1.876751e-03,2.442528e-02,7.049418e-04,1.712426e-03,8.085986e-02,2.037114e-03,3.469195e-03,7.723751e-03,7.151096e-01,6.057281e-04,1.035137e-01
1.459843e-02,4.776935e-02,1.476272e-03,4.107270e-03,1.692222e-03,1.905383e-02,5.974456e-04,1.328301e-03,1.156725e-01,1.793317e-03,3.176337e-03,8.122242e-03,6.707709e-01,5.677896e-04,1.092738e-01
1.110544e-02,6.431869e-02,1.451526e-03,3.673238e-03,1.513852e-03,1.580882e-02,5.088333e-04,1.053581e-03,1.252450e-01,1.769546e-03,2.809521e-03,6.753751e-03,6.319867e-01,6.033546e-04,1.313982e-01
9.028336e-03,9.116757e-02,1.316899e-03,3.329181e-03,1.519639e-03,1.346867e-02,4.342094e-04,8.902369e-04,1.537966e-01,1.476795e-03,2.898158e-03,5.673533e-03,5.725275e-01,7.449722e-04,1.417277e-01
7.931286e-03,1.156639e-01,1.197454e-03,2.716557e-03,1.587578e-03,1.284680e-02,3.782200e-04,7.661264e-04,1.910877e-01,1.218989e-03,3.134641e-03,4.954850e-03,4.984528e-01,8.812435e-04,1.571818e-01
8.961061e-03,1.543673e-01,1.123606e-03,2.268995e-03,1.394308e-03,1.319531e-02,3.164882e-04,7.334648e-04,2.378139e-01,1.024809e-03,2.797937e-03,4.561721e-03,4.319980e-01,8.297539e-04,1.386133e-01
8.640108e-03,1.536691e-01,1.504996e-03,1.997999e-03,1.667363e-03,3.191777e-02,3.182156e-04,2.022693e-03,2.515226e-01,7.968126e-04,2.375206e-03,4.522811e-03,4.197474e-01,9.040327e-04,1.183929e-01
8.044144e-03,1.809512e-01,1.511715e-03,1.778417e-03,1.605301e-03,3.720953e-02,2.978846e-04,1.942047e-03,2.683487e-01,6.639175e-04,2.007488e-03,5.001543e-03,3.897032e-01,8.389864e-04,1.000959e-01
7.385935e-03,2.143949e-01,1.669563e-03,1.571606e-03,1.443888e-03,3.130171e-02,2.629732e-04,1.658413e-03,3.066203e-01,5.241177e-04,1.578681e-03,4.377079e-03,3.498327e-01,6.611852e-04,7.671709e-02
7.968636e-03,2.714494e-01,1.623529e-03,1.504925e-03,1.339930e-03,2.722787e-02,2.342472e-04,1.360437e-03,3.119932e-01,4.285095e-04,1.312567e-03,4.003087e-03,3.071691e-01,6.022776e-04,6.178219e-02
8.802527e-03,2.477721e-01,3.436057e-03,4.151266e-03,2.672572e-03,2.377119e-02,3.497976e-04,4.026899e-03,3.503787e-01,6.278410e-04,1.406433e-03,3.328723e-03,2.860528e-01,7.921702e-04,6.243089e-02
1.359737e-02,2.537336e-01,1.642201e-02,1.002822e-02,2.924729e-03,2.363996e-02,4.246408e-04,1.051208e-02,3.212350e-01,1.586141e-03,1.561493e-03,3.182402e-03,2.777402e-01,1.063848e-03,6.234822e-02
2.312922e-02,2.101266e-01,1.291024e-01,1.298953e-02,4.809158e-03,2.733241e-02,1.077275e-03,1.864288e-02,2.659985e-01,2.638923e-03,2.097906e-03,4.053308e-03,2.318949e-01,1.067214e-03,6.503968e-02
3.655929e-02,1.532061e-01,1.574893e-01,1.587628e-02,9.944546e-03,3.820003e-02,1.605416e-03,5.785926e-02,2.274293e-01,4.142871e-03,2.394599e-03,3.532227e-03,1.780937e-01,1.225095e-03,1.124419e-01
4.621226e-02,1.095273e-01,1.395475e-01,1.422025e-02,1.680017e-02,3.126333e-02,7.726540e-03,1.643436e-01,1.893812e-01,3.298987e-03,2.516129e-03,3.134231e-03,1.349434e-01,1.271241e-03,1.358140e-01
5.874433e-02,7.848840e-02,1.482457e-01,1.705224e-02,1.573582e-02,2.495547e-02,1.879540e-02,2.597524e-01,1.432859e-01,3.091475e-03,3.177990e-03,3.477084e-03,9.851696e-02,1.546156e-03,1.251346e-01
6.268720e-02,6.028769e-02,1.300705e-01,2.014766e-02,1.495939e-02,1.916664e-02,1.468084e-02,3.744320e-01,1.098264e-01,3.368345e-03,4.363435e-03,4.863818e-03,7.444536e-02,1.885559e-03,1.048150e-01
7.311944e-02,4.997180e-02,1.052917e-01,2.268336e-02,1.861539e-02,1.538650e-02,1.196273e-02,4.436707e-01,9.135899e-02,4.027756e-03,5.168013e-03,5.588150e-03,6.049832e-02,2.302668e-03,9.035447e-02
9.806719e-02,4.149809e-02,8.139171e-02,2.363835e-02,1.983208e-02,1.462902e-02,1.028219e-02,4.670815e-01,7.015050e-02,5.867579e-03,1.183758e-02,1.148571e-02,6.319387e-02,5.043769e-03,7.600089e-02
1.144646e-01,3.713701e-02,6.057221e-02,2.107936e-02,1.805656e-02,1.310342e-02,9.929054e-03,5.053208e-01,5.759981e-02,5.608724e-03,1.236675e-02,1.133929e-02,6.522526e-02,5.781242e-03,6.241594e-02
1.306176e-01,3.183984e-02,4.565286e-02,1.770511e-02,1.734253e-02,1.096630e-02,8.650495e-03,5.387973e-01,4.807510e-02,5.759359e-03,1.176950e-02,1.134166e-02,5.529794e-02,6.158329e-03,6.002606e-02
2.010531e-01,2.720344e-02,4.128016e-02,2.042367e-02,1.911002e-02,1.130738e-02,9.574926e-03,4.903550e-01,4.003524e-02,6.927389e-03,1.186774e-02,1.357733e-02,4.437251e-02,7.522494e-03,5.538965e-02
2.868612e-01,2.329419e-02,3.801718e-02,2.239887e-02,1.937879e-02,1.385565e-02,1.036374e-02,4.153322e-01,3.189149e-02,8.480690e-03,1.215681e-02,1.782922e-02,3.464001e-02,8.896779e-03,5.660312e-02
3.334724e-01,2.012227e-02,3.491424e-02,2.327269e-02,1.689721e-02,2.040057e-02,1.316309e-02,3.661773e-01,2.667923e-02,9.979153e-03,1.348813e-02,2.453415e-02,2.929018e-02,1.258801e-02,5.502138e-02
3.361894e-01,1.572113e-02,3.103326e-02,1.998678e-02,1.365152e-02,2.138857e-02,1.589564e-02,4.018917e-01,2.022373e-02,8.818476e-03,1.212471e-02,2.204793e-02,2.274416e-02,1.160551e-02,4.667757e-02
3.471242e-01,1.420837e-02,2.725928e-02,1.622906e-02,1.110583e-02,1.898733e-02,1.349392e-02,4.357170e-01,1.536433e-02,7.784197e-03,9.807115e-03,1.884613e-02,1.705017e-02,9.268174e-03,3.775498e-02
3.255793e-01,1.167754e-02,2.540907e-02,1.396467e-02,1.012882e-02,1.602027e-02,1.163766e-02,4.939897e-01,1.165308e-02,6.494598e-03,8.200135e-03,1.579978e-02,1.298743e-02,7.282081e-03,2.917592e-02
2.715299e-01,8.643282e-03,1.984676e-02,1.200870e-02,9.098670e-03,1.259269e-02,9.009632e-03,5.882202e-01,8.416242e-03,4.880579e-03,6.402312e-03,1.222437e-02,9.920256e-03,5.453207e-03,2.175331e-02
2.114194e-01,6.248874e-03,1.452464e-02,1.000006e-02,7.210620e-03,9.331318e-03,6.427479e-03,6.844187e-01,6.062385e-03,3.481897e-03,4.733106e-03,9.101812e-03,7.385628e-03,3.926598e-03,1.572751e-02
1.909815e-01,4.946399e-03,1.060533e-02,9.540068e-03,6.636953e-03,7.559280e-03,4.593683e-03,7.196779e-01,4.616793e-03,2.660555e-03,4.231957e-03,8.980721e-03,1.000912e-02,3.119281e-03,1.184045e-02
2.183327e-01,4.903175e-03,8.160635e-03,1.054224e-02,7.422660e-03,7.638216e-03,3.590643e-03,6.861319e-01,5.406584e-03,2.393964e-03,6.336233e-03,1.254104e-02,1.211796e-02,2.841295e-03,1.164079e-02
2.357146e-01,1.430248e-02,1.192661e-02,3.175955e-02,7.723224e-03,2.552213e-02,3.498923e-03,5.412936e-01,2.343189e-02,5.376775e-03,1.030200e-02,2.674843e-02,4.231298e-02,2.642643e-03,1.744413e-02
2.186595e-01,3.533822e-02,1.350272e-02,4.599031e-02,6.587015e-03,4.328056e-02,3.094741e-03,4.138893e-01,4.881503e-02,5.831944e-03,1.009730e-02,6.223964e-02,6.001099e-02,3.233418e-03,2.942930e-02
2.781405e-01,3.215411e-02,1.044611e-02,3.642960e-02,5.673094e-03,3.503120e-02,2.641654e-03,3.143677e-01,6.003533e-02,4.597420e-03,2.625650e-02,8.170257e-02,8.647496e-02,3.684287e-03,2.236497e-02
3.882762e-01,3.147336e-02,1.011813e-02,2.999327e-02,5.370941e-03,2.924479e-02,2.376366e-03,2.299827e-01,5.753971e-02,3.864762e-03,2.785131e-02,8.346871e-02,7.757052e-02,4.243235e-03,1.862609e-02
4.657523e-01,2.556424e-02,8.886969e-03,2.321295e-02,5.304071e-03,2.683319e-02,2.361827e-03,1.663473e-01,5.010042e-02,3.128133e-03,2.720028e-02,8.729135e-02,8.867161e-02,4.564347e-03,1.478105e-02
1.000000e+00,0.000000e+00,0.000000e+00,0.000000e+00,0.000000e+00,0.000000e+00,0.000000e+00,0.000000e+00,0.000000e+00,0.000000e+00,0.000000e+00,0.000000e+00,0.000000e+00,0.000000e+00,0.000000e+00
1.000000e+00,0.000000e+00,0.000000e+00,0.000000e+00,0.000000e+00,0.000000e+00,0.000000e+00,0.000000e+00,0.000000e+00,0.000000e+00,0.000000e+00,0.000000e+00,0.000000e+00,0.000000e+00,0.000000e+00
1.000000e+00,0.000000e+00,0.000000e+00,0.000000e+00,0.000000e+00,0.000000e+00,0.000000e+00,0.000000e+00,0.000000e+00,0.000000e+00,0.000000e+00,0.000000e+00,0.000000e+00,0.000000e+00,0.000000e+00
1.000000e+00,0.000000e+00,0.000000e+00,0.000000e+00,0.000000e+00,0.000000e+00,0.000000e+00,0.000000e+00,0.000000e+00,0.000000e+00,0.000000e+00,0.000000e+00,0.000000e+00,0.000000e+00,0.000000e+00
4.752529e-01,1.745772e-02,3.976637e-03,1.258436e-02,5.450992e-03,1.493787e-02,1.219588e-03,3.162777e-02,1.180023e-01,7.743906e-03,3.341606e-02,1.181344e-01,1.300073e-01,7.527051e-03,2.266115e-02
3.776205e-01,1.684672e-02,3.850416e-03,1.860821e-02,4.410722e-03,2.345886e-02,1.498709e-03,2.255655e-02,1.130237e-01,9.413352e-03,2.979237e-02,1.773677e-01,1.107546e-01,4.118032e-02,4.961728e-02
2.966065e-01,1.650082e-02,3.617640e-03,2.206524e-02,5.511829e-03,2.178098e-02,1.280120e-03,1.664718e-02,1.419413e-01,8.936884e-03,3.348121e-02,2.429104e-01,9.982690e-02,3.786637e-02,5.102661e-02
3.027109e-01,1.366693e-02,3.351732e-03,2.042761e-02,8.009147e-03,2.127157e-02,1.529773e-03,1.466262e-02,1.267857e-01,8.726559e-03,3.443343e-02,2.522920e-01,1.104934e-01,4.013412e-02,4.150455e-02
3.192900e-01,1.385738e-02,3.670365e-03,1.694581e-02,1.137747e-02,1.786462e-02,1.892251e-03,1.220699e-02,1.399430e-01,8.526271e-03,3.218583e-02,2.529148e-01,1.024122e-01,3.181026e-02,3.510275e-02
2.672635e-01,1.183823e-02,7.189908e-03,1.438236e-02,2.335866e-02,1.397670e-02,2.106824e-03,3.258605e-02,2.205473e-01,7.125745e-03,3.269931e-02,2.023176e-01,1.148344e-01,2.373936e-02,2.603403e-02
2.300447e-01,1.431022e-02,1.134913e-02,1.101019e-02,2.508340e-02,1.121264e-02,1.864785e-03,2.412747e-02,2.275846e-01,1.622191e-02,3.294737e-02,2.210447e-01,1.307742e-01,2.159054e-02,2.083403e-02
1.668351e-01,2.388124e-02,4.760612e-02,7.822783e-03,2.774253e-02,9.053779e-03,1.619782e-03,1.868391e-02,2.078648e-01,5.924130e-02,3.322010e-02,2.127548e-01,1.475795e-01,1.819224e-02,1.790193e-02
1.205628e-01,2.108158e-02,5.735206e-02,5.515785e-03,2.362754e-02,7.075888e-03,1.268405e-03,1.394391e-02,1.581083e-01,2.088668e-01,2.649544e-02,1.999340e-01,1.255845e-01,1.436260e-02,1.622039e-02
8.711419e-02,2.088172e-02,8.264563e-02,3.947064e-03,2.385898e-02,6.729012e-03,1.750487e-03,1.328770e-02,1.396302e-01,2.985402e-01,2.253558e-02,1.720554e-01,1.029838e-01,1.140172e-02,1.263832e-02
6.515599e-02,2.180656e-02,8.519234e-02,3.469988e-03,3.093455e-02,7.063529e-03,2.445528e-03,1.433946e-02,1.433044e-01,3.827540e-01,1.843626e-02,1.267548e-01,7.790532e-02,9.528353e-03,1.090892e-02
5.371965e-02,2.272003e-02,1.011237e-01,8.215563e-03,4.426971e-02,7.240692e-03,2.753119e-03,2.925128e-02,1.571106e-01,3.758828e-01,1.681228e-02,1.022859e-01,6.131273e-02,7.574392e-03,9.727580e-03
4.467677e-02,4.886460e-02,7.763081e-02,7.501577e-03,4.489192e-02,6.497085e-03,2.184007e-03,3.380546e-02,2.911307e-01,2.918549e-01,1.334071e-02,7.783660e-02,4.571346e-02,5.551710e-03,8.519697e-03
3.943400e-02,4.614673e-02,6.637537e-02,6.795930e-03,8.695693e-02,5.612534e-03,2.663295e-03,2.666488e-02,3.916731e-01,2.163254e-01,1.089173e-02,5.684718e-02,3.340906e-02,4.006946e-03,6.196978e-03
3.847225e-02,3.557064e-02,5.878056e-02,1.750800e-02,1.572034e-01,5.959284e-03,8.551413e-03,7.852705e-02,3.618186e-01,1.560274e-01,8.542653e-03,4.074176e-02,2.479859e-02,2.922331e-03,4.576175e-03
3.219593e-02,2.822533e-02,8.924608e-02,2.170020e-01,1.321637e-01,5.956179e-03,6.322818e-03,6.182156e-02,2.565900e-01,1.107182e-01,7.060266e-03,2.897515e-02,1.778332e-02,2.088097e-03,3.851410e-03
3.542922e-02,2.705622e-02,1.114359e-01,3.361959e-01,1.051835e-01,5.990379e-03,5.114621e-03,4.577986e-02,1.931786e-01,8.304978e-02,8.937046e-03,2.100071e-02,1.299484e-02,1.698886e-03,6.954497e-03
5.212531e-02,4.530226e-02,1.068863e-01,3.362505e-01,8.749516e-02,9.102996e-03,4.995047e-03,3.311464e-02,1.811471e-01,7.994899e-02,1.633008e-02,1.680746e-02,1.072818e-02,1.511402e-03,1.825464e-02
4.969903e-02,4.294357e-02,9.155586e-02,4.737438e-01,6.949382e-02,7.021821e-03,4.149334e-03,2.374046e-02,1.303398e-01,5.894123e-02,1.265226e-02,1.216298e-02,7.930562e-03,1.112433e-03,1.451305e-02
1.285805e-01,3.685728e-02,9.201074e-02,4.630870e-01,5.976749e-02,8.587291e-03,5.000724e-03,1.923058e-02,9.856853e-02,4.362737e-02,1.150903e-02,1.189495e-02,7.479585e-03,9.594070e-04,1.283951e-02
1.107244e-01,2.963779e-02,8.393747e-02,4.711171e-01,9.959071e-02,1.079819e-02,5.482954e-03,5.002895e-02,7.175609e-02,3.180585e-02,1.040493e-02,8.794698e-03,5.735522e-03,8.161947e-04,9.369180e-03
8.644997e-02,2.119095e-02,6.187234e-02,3.428393e-01,8.681224e-02,1.788215e-02,5.352019e-03,2.777366e-01,5.100172e-02,2.251258e-02,8.418615e-03,6.260470e-03,4.323872e-03,6.021122e-04,6.745019e-03
7.299662e-02,1.563670e-02,4.687646e-02,2.554491e-01,1.384895e-01,2.027340e-02,1.237324e-02,3.631328e-01,3.647302e-02,1.753843e-02,7.152629e-03,4.534879e-03,3.424741e-03,4.596970e-04,5.188777e-03
5.332012e-02,1.120612e-02,3.427411e-02,1.834466e-01,2.671058e-01,1.752022e-02,1.397317e-02,3.146611e-01,2.641533e-02,5.531674e-02,7.925108e-03,3.286330e-03,3.635310e-03,4.433111e-04,7.470716e-03
4.100272e-02,8.215100e-03,2.568972e-02,1.340945e-01,2.905710e-01,1.578012e-02,1.383960e-02,3.717759e-01,1.908727e-02,6.040179e-02,6.823039e-03,2.455133e-03,3.318556e-03,4.054734e-04,6.540006e-03
3.847557e-02,7.004300e-03,2.097624e-02,9.823401e-02,3.124718e-01,1.679034e-02,1.358590e-02,3.905478e-01,1.527867e-02,6.499276e-02,5.813091e-03,1.938739e-03,3.671615e-03,9.582804e-04,9.260807e-03
5.237517e-02,6.790850e-03,1.588490e-02,7.094710e-02,2.905236e-01,1.515065e-02,4.587821e-02,4.094129e-01,1.470240e-02,5.788930e-02,5.192229e-03,1.898612e-03,3.469072e-03,9.288197e-04,8.956127e-03
6.398668e-02,6.082895e-03,1.229394e-02,5.139213e-02,2.809413e-01,1.575718e-02,1.391943e-01,3.456265e-01,1.523409e-02,4.770318e-02,4.714587e-03,2.243571e-03,3.550895e-03,1.132615e-03,1.014611e-02
1.205977e-01,5.514849e-03,9.932442e-03,3.819652e-02,2.452465e-01,1.647226e-02,2.023253e-01,2.805145e-01,1.788832e-02,3.805177e-02,4.457014e-03,2.491083e-03,3.402839e-03,1.594314e-03,1.331464e-02
1.626863e-01,6.096094e-03,8.338222e-03,2.956137e-02,1.875679e-01,1.840382e-02,2.152315e-01,2.902493e-01,2.628564e-02,2.881728e-02,4.392769e-03,3.405216e-03,3.447287e-03,1.812156e-03,1.370508e-02
2.458180e-01,8.502463e-03,9.623617e-03,2.599761e-02,1.550415e-01,2.659424e-02,1.859669e-01,2.440979e-01,2.988794e-02,2.608431e-02,6.129825e-03,5.165198e-03,3.561839e-03,5.993930e-03,2.153469e-02
3.692425e-01,7.988137e-03,9.607356e-03,2.198203e-02,1.180673e-01,3.381392e-02,1.607688e-01,1.822870e-01,2.647699e-02,2.212457e-02,6.862045e-03,6.993923e-03,4.063937e-03,6.870599e-03,2.285077e-02
4.558306e-01,9.956814e-03,1.000952e-02,2.021888e-02,9.089748e-02,3.321302e-02,1.381757e-01,1.335030e-01,2.191749e-02,1.987440e-02,8.898640e-03,8.633275e-03,4.750356e-03,1.147319e-02,3.264766e-02
4.720070e-01,1.807772e-02,1.092085e-02,2.638979e-02,6.624864e-02,4.223318e-02,9.847665e-02,9.608284e-02,1.918268e-02,2.533481e-02,3.309528e-02,1.981196e-02,6.847030e-03,1.615251e-02,4.913910e-02
4.115816e-01,2.120381e-02,1.044244e-02,2.622275e-02,4.710381e-02,5.622592e-02,6.964078e-02,6.884494e-02,2.864267e-02,3.600425e-02,4.735124e-02,1.954231e-02,6.612504e-03,3.532199e-02,1.152589e-01
3.324732e-01,2.220197e-02,1.822602e-02,2.620547e-02,3.408000e-02,9.121057e-02,4.926597e-02,4.938886e-02,3.410954e-02,6.050254e-02,6.977592e-02,2.140143e-02,6.099267e-03,3.876587e-02,1.462934e-01
2.352476e-01,2.230542e-02,1.652963e-02,2.196205e-02,2.406472e-02,6.729958e-02,3.471871e-02,3.484662e-02,6.439948e-02,2.034222e-01,5.735816e-02,1.757689e-02,5.277975e-03,3.486159e-02,1.601294e-01
1.689556e-01,2.978951e-02,2.392717e-02,2.117285e-02,1.736293e-02,5.203290e-02,2.442382e-02,2.477481e-02,8.340256e-02,2.843986e-01,5.696920e-02,1.718993e-02,9.496283e-03,3.437140e-02,1.517324e-01
1.222709e-01,5.867928e-02,5.655899e-02,2.705342e-02,1.269891e-02,4.065962e-02,1.723269e-02,1.768977e-02,1.181184e-01,2.762023e-01,4.465900e-02,1.463567e-02,8.694815e-03,3.668668e-02,1.481595e-01
8.885802e-02,9.929970e-02,5.679554e-02,2.692131e-02,9.571351e-03,3.163132e-02,1.216908e-02,1.262931e-02,1.458802e-01,2.486674e-01,3.472186e-02,1.174363e-02,1.103667e-02,3.853501e-02,1.715395e-01
6.295544e-02,1.569150e-01,1.195166e-01,4.181806e-02,7.147220e-03,2.377902e-02,8.550931e-03,8.895589e-03,1.511739e-01,2.136489e-01,2.576080e-02,8.769153e-03,8.973925e-03,2.950579e-02,1.325897e-01
4.434576e-02,3.072151e-01,1.007064e-01,3.801051e-02,5.313194e-03,1.715488e-02,5.992752e-03,6.269165e-03,1.516496e-01,1.660710e-01,1.897796e-02,6.363630e-03,6.748283e-03,2.366735e-02,1.015144e-01
3.125492e-02,3.054411e-01,7.965849e-02,2.915402e-02,3.928320e-03,1.246582e-02,4.200958e-03,4.452984e-03,2.054930e-01,1.495312e-01,1.465460e-02,4.790169e-03,5.443580e-03,3.311257e-02,1.164183e-01
2.199195e-02,2.686916e-01,5.756870e-02,2.101193e-02,2.782260e-03,8.884096e-03,2.941777e-03,3.134520e-03,3.602855e-01,1.105970e-01,1.223987e-02,4.241499e-03,4.429397e-03,3.208838e-02,8.911157e-02
1.568329e-02,2.558737e-01,4.261750e-02,1.613866e-02,2.591800e-03,6.679901e-03,2.069225e-03,2.483241e-03,4.078295e-01,1.034296e-01,1.199661e-02,3.819661e-03,4.288576e-03,3.555464e-02,8.894400e-02
1.366923e-02,2.280743e-01,3.152971e-02,1.324108e-02,4.221639e-03,5.670660e-03,1.482929e-03,2.132493e-03,4.317277e-01,9.098382e-02,1.157368e-02,2.857933e-03,4.451226e-03,3.058926e-02,1.277943e-01
2.043341e-02,1.772240e-01,6.072143e-02,3.931696e-02,1.227871e-02,7.676110e-03,1.495395e-03,4.720637e-02,3.741432e-01,6.495070e-02,1.104748e-02,2.238130e-03,4.428587e-03,2.494991e-02,1.518896e-01
4.031498e-02,1.363142e-01,9.277898e-02,4.697550e-02,1.410686e-02,1.290763e-02,1.560768e-03,3.687878e-02,2.770883e-01,4.664240e-02,9.369423e-03,1.786349e-03,3.663220e-03,2.243771e-02,2.571748e-01
4.082854e-02,1.055479e-01,9.790556e-02,3.721325e-02,1.345045e-02,5.207127e-02,1.597618e-03,2.925715e-02,1.983120e-01,3.416512e-02,7.492342e-03,1.691504e-03,3.621922e-03,1.776037e-02,3.590850e-01
3.651460e-02,7.661395e-02,1.307489e-01,2.742897e-02,1.934356e-02,4.562653e-02,3.093879e-03,2.234504e-02,1.415448e-01,3.536310e-02,5.691692e-03,1.566982e-03,4.349276e-03,1.322041e-02,4.365483e-01
3.234665e-02,5.448331e-02,3.042023e-01,2.877500e-02,1.933001e-02,3.348857e-02,4.792990e-03,2.542242e-02,9.988021e-02,2.672870e-02,4.562869e-03,1.424539e-03,3.484696e-03,9.429784e-03,3.516479e-01
3.491649e-02,4.000607e-02,3.912689e-01,2.491464e-02,1.973702e-02,2.637693e-02,1.127231e-02,5.174790e-02,7.395814e-02,3.011918e-02,3.642849e-03,1.155572e-03,3.968958e-03,6.697226e-03,2.802178e-01
3.169318e-02,2.955404e-02,4.739329e-01,2.392337e-02,1.979279e-02,2.031686e-02,1.598212e-02,6.104357e-02,5.558182e-02,3.917926e-02,3.440596e-03,1.050235e-03,4.265258e-03,4.777114e-03,2.154669e-01
2.846405e-02,2.150771e-02,5.581661e-01,3.296551e-02,1.599385e-02,1.471302e-02,1.561039e-02,5.718862e-02,4.434760e-02,3.372050e-02,2.964480e-03,9.148058e-04,3.540442e-03,3.412426e-03,1.664904e-01
2.534177e-02,1.558373e-02,6.330190e-01,4.547375e-02,1.198208e-02,1.065408e-02,1.370838e-02,5.538125e-02,3.278026e-02,2.559651e-02,2.193055e-03,7.075945e-04,2.714146e-03,2.440601e-03,1.224238e-01
3.084762e-02,1.609972e-02,6.591690e-01,4.840407e-02,9.827030e-03,8.468536e-03,1.288189e-02,6.865023e-02,2.512091e-02,1.880369e-02,1.677944e-03,6.730958e-04,2.236581e-03,2.211780e-03,9.492788e-02
2.880620e-02,1.377829e-02,6.566932e-01,3.757665e-02,9.572808e-03,6.415921e-03,3.160849e-02,1.054850e-01,2.052319e-02,1.447370e-02,1.319641e-03,5.810362e-04,2.076316e-03,2.193119e-03,6.889640e-02
3.994338e-02,1.417070e-02,6.399665e-01,3.480115e-02,8.210377e-03,5.289019e-03,4.253671e-02,1.263788e-01,1.798352e-02,1.303266e-02,1.128887e-03,8.604313e-04,1.913991e-03,2.611035e-03,5.117276e-02
7.300535e-02,1.422301e-02,6.040376e-01,3.746756e-02,9.625538e-03,5.650208e-03,4.212335e-02,1.387341e-01,1.717927e-02,1.196088e-02,1.016325e-03,1.365903e-03,2.050174e-03,2.907694e-03,3.865306e-02
9.094728e-02,1.325223e-02,5.638326e-01,3.416403e-02,1.027444e-02,5.906154e-03,4.515310e-02,1.686197e-01,1.581870e-02,1.362479e-02,1.125605e-03,1.767435e-03,3.480366e-03,2.751969e-03,2.928161e-02
1.511722e-01,1.873471e-02,4.931778e-01,3.328504e-02,1.102959e-02,1.612633e-02,3.433555e-02,1.309170e-01,1.405442e-02,2.456306e-02,3.410887e-03,1.502877e-02,9.765622e-03,3.555960e-03,4.084306e-02
2.309827e-01,1.876058e-02,4.220363e-01,2.724326e-02,1.135650e-02,2.078566e-02,2.711520e-02,1.189328e-01,1.292071e-02,3.840227e-02,4.936284e-03,1.599439e-02,8.983728e-03,4.431973e-03,3.711764e-02
2.694871e-01,1.914183e-02,3.584744e-01,2.533691e-02,1.283808e-02,2.987036e-02,2.316611e-02,1.032629e-01,1.249132e-02,6.260451e-02,5.925863e-03,1.837878e-02,1.107647e-02,6.187995e-03,4.175726e-02
3.058072e-01,1.621190e-02,2.756587e-01,2.317758e-02,1.237696e-02,3.424498e-02,2.034990e-02,8.952139e-02,1.195712e-02,1.237547e-01,8.338565e-03,1.908198e-02,1.440253e-02,6.785555e-03,3.833093e-02
3.727257e-01,1.491917e-02,2.084712e-01,2.228430e-02,1.246001e-02,3.342010e-02,1.606639e-02,8.350754e-02,1.150160e-02,1.306559e-01,1.388413e-02,2.237100e-02,1.527133e-02,7.937803e-03,3.452382e-02
4.143754e-01,1.389779e-02,1.508012e-01,2.256766e-02,1.116229e-02,5.064942e-02,1.214490e-02,6.302636e-02,1.200073e-02,1.569604e-01,1.412342e-02,2.550162e-02,1.627452e-02,7.082612e-03,2.943166e-02
4.711618e-01,1.258046e-02,1.087158e-01,2.350974e-02,1.077983e-02,5.097495e-02,9.352911e-03,4.876249e-02,1.368031e-02,1.612958e-01,1.228841e-02,2.989410e-02,1.459381e-02,6.731584e-03,2.567798e-02
1.000000e+00,0.000000e+00,0.000000e+00,0.000000e+00,0.000000e+00,0.000000e+00,0.000000e+00,0.000000e+00,0.000000e+00,0.000000e+00,0.000000e+00,0.000000e+00,0.000000e+00,0.000000e+00,0.000000e+00
4.918095e-01,1.271216e-02,5.601037e-02,5.906519e-02,1.195769e-02,6.129351e-02,6.075782e-03,2.646196e-02,1.798047e-02,1.115026e-01,1.697752e-02,8.241874e-02,1.706878e-02,5.805965e-03,2.285971e-02
1.000000e+00,0.000000e+00,0.000000e+00,0.000000e+00,0.000000e+00,0.000000e+00,0.000000e+00,0.000000e+00,0.000000e+00,0.000000e+00,0.000000e+00,0.000000e+00,0.000000e+00,0.000000e+00,0.000000e+00
4.295152e-01,1.235664e-02,3.559488e-02,5.335096e-02,9.940783e-03,5.437835e-02,3.629582e-03,1.355559e-02,2.697229e-02,1.537381e-01,2.765305e-02,8.925664e-02,2.453538e-02,5.597561e-03,5.992507e-02
3.014838e-01,1.005806e-02,2.719935e-02,3.760706e-02,7.086672e-03,3.969213e-02,2.700975e-03,9.560442e-03,2.013593e-02,3.481767e-01,2.424333e-02,6.383757e-02,1.970287e-02,7.000013e-03,8.151504e-02
2.136410e-01,8.450668e-03,2.413420e-02,2.670934e-02,6.223236e-03,2.823032e-02,1.951161e-03,7.623989e-03,1.681253e-02,4.708015e-01,3.653871e-02,4.618924e-02,2.153409e-02,1.744803e-02,7.371194e-02
1.510790e-01,6.423756e-03,2.101564e-02,1.886490e-02,4.840682e-03,2.147377e-02,1.440264e-03,5.863284e-03,1.590285e-02,5.898255e-01,3.769961e-02,3.369317e-02,2.178838e-02,1.691813e-02,5.317105e-02
1.076783e-01,4.850803e-03,1.775479e-02,1.365826e-02,8.856734e-03,1.537432e-02,1.084442e-03,6.006577e-03,1.713119e-02,6.622822e-01,3.656096e-02,2.570425e-02,2.375773e-02,2.024494e-02,3.905445e-02
7.920920e-02,5.999996e-03,2.514540e-02,9.888123e-03,1.080587e-02,1.118271e-02,8.409487e-04,5.752892e-03,2.491248e-02,6.849314e-01,3.411732e-02,2.032478e-02,2.604351e-02,2.464062e-02,3.620471e-02
5.854787e-02,9.874459e-03,7.416429e-02,7.413312e-03,8.639116e-03,8.400833e-03,7.131614e-04,5.484548e-03,3.819890e-02,6.470253e-01,3.604701e-02,1.500910e-02,2.137113e-02,3.081098e-02,3.829998e-02
4.163763e-02,8.250324e-03,2.914483e-01,5.932531e-03,8.016116e-03,6.530338e-03,9.843822e-04,8.469202e-03,3.716284e-02,4.728040e-01,3.507606e-02,1.095752e-02,1.859511e-02,2.388816e-02,3.024750e-02
2.969924e-02,1.211450e-01,2.791418e-01,6.747725e-03,7.676511e-03,4.742929e-03,7.417300e-04,6.265583e-03,6.589457e-02,3.898247e-01,2.528627e-02,7.772869e-03,1.346432e-02,1.684944e-02,2.474717e-02
2.652579e-02,9.936690e-02,2.429904e-01,7.111169e-03,9.755507e-03,4.676030e-03,6.165439e-04,5.252788e-03,5.971441e-02,4.779921e-01,1.820463e-02,5.546041e-03,9.873715e-03,1.240818e-02,1.996576e-02
2.534134e-02,9.253512e-02,2.709697e-01,2.531045e-02,4.136071e-02,8.486389e-03,3.361100e-03,7.327165e-03,4.871289e-02,4.243271e-01,1.376134e-02,3.969024e-03,7.306433e-03,9.035530e-03,1.819571e-02
3.789969e-02,8.575563e-02,2.256658e-01,4.641873e-02,1.293921e-01,2.087971e-02,1.534100e-02,1.276471e-02,4.470890e-02,3.398553e-01,1.031142e-02,2.993469e-03,5.686543e-03,7.029127e-03,1.529779e-02
6.178918e-02,7.934242e-02,1.773850e-01,4.427502e-02,1.847402e-01,2.561162e-02,2.787130e-02,2.044145e-02,3.885671e-02,3.055312e-01,7.542752e-03,2.380007e-03,4.952889e-03,5.576700e-03,1.370368e-02
4.901956e-02,1.226231e-01,1.403744e-01,1.953953e-01,1.471634e-01,1.855675e-02,2.050838e-02,1.914313e-02,3.388095e-02,2.242265e-01,6.166004e-03,1.967066e-03,3.855951e-03,3.939268e-03,1.318026e-02
4.624790e-02,9.450360e-02,1.205937e-01,3.392746e-01,1.136887e-01,1.369765e-02,1.512252e-02,2.936254e-02,2.810750e-02,1.708015e-01,7.065403e-03,1.940121e-03,2.977282e-03,2.838643e-03,1.377828e-02
7.596742e-02,8.327743e-02,1.075350e-01,2.864715e-01,9.234694e-02,1.032796e-02,1.368808e-02,5.912995e-02,2.141497e-02,2.231009e-01,5.800167e-03,2.498871e-03,2.573473e-03,2.162396e-03,1.370488e-02
9.787662e-02,7.706408e-02,8.844639e-02,2.577232e-01,7.309983e-02,8.900092e-03,1.229746e-02,5.788951e-02,1.674352e-02,2.819163e-01,6.952470e-03,3.529203e-03,2.626892e-03,1.701838e-03,1.323268e-02
1.450164e-01,6.900188e-02,7.259306e-02,2.156715e-01,6.524938e-02,1.083083e-02,1.342414e-02,9.835061e-02,1.623048e-02,2.557606e-01,8.532538e-03,7.406253e-03,5.856202e-03,1.664324e-03,1.441189e-02
2.119023e-01,5.323333e-02,5.835830e-02,1.692417e-01,5.679867e-02,1.358385e-02,1.009315e-01,1.038614e-01,1.349112e-02,1.868109e-01,7.803364e-03,5.785360e-03,5.288421e-03,1.329990e-03,1.157994e-02
2.566500e-01,3.921800e-02,4.278252e-02,1.207877e-01,5.267202e-02,1.177046e-02,1.856744e-01,1.158769e-01,1.057529e-02,1.380670e-01,6.302199e-03,4.427819e-03,4.456380e-03,1.059669e-03,9.679661e-03
2.950293e-01,2.903152e-02,3.115580e-02,8.555051e-02,4.084389e-02,1.012074e-02,2.077704e-01,1.727148e-01,8.594980e-03,9.788203e-02,5.575040e-03,3.886720e-03,3.542550e-03,8.980134e-04,7.403694e-03
3.156532e-01,2.189457e-02,2.308101e-02,6.080832e-02,3.143694e-02,1.064188e-02,2.602387e-01,1.774732e-01,8.034960e-03,6.983402e-02,4.650439e-03,5.187046e-03,3.877918e-03,7.009057e-04,6.486917e-03
3.040465e-01,1.707006e-02,1.936057e-02,4.414634e-02,2.518236e-02,1.362193e-02,3.122419e-01,1.839775e-01,7.752980e-03,4.972449e-02,4.405188e-03,6.514632e-03,5.231173e-03,6.299108e-04,6.094466e-03
2.524280e-01,1.257824e-02,1.495449e-02,3.217423e-02,2.072496e-02,1.211348e-02,4.200261e-01,1.720153e-01,7.209499e-03,3.549809e-02,4.288055e-03,5.613572e-03,4.888679e-03,5.288560e-04,4.958415e-03
2.098939e-01,9.008882e-03,1.101068e-02,2.278267e-02,1.691584e-02,1.110369e-02,5.248203e-01,1.464478e-01,6.177088e-03,2.507327e-02,3.774693e-03,4.559962e-03,4.070570e-03,4.031202e-04,3.957492e-03
2.824124e-01,9.488098e-03,1.814060e-02,4.557244e-02,2.188352e-02,2.098705e-02,3.942086e-01,1.185336e-01,1.923162e-02,2.653106e-02,1.021556e-02,1.484459e-02,7.501724e-03,1.314781e-03,9.134354e-03
2.320581e-01,1.337492e-02,2.039241e-02,7.317002e-02,2.881045e-02,2.210571e-02,3.233231e-01,9.704437e-02,7.871549e-02,2.571847e-02,2.647793e-02,1.839551e-02,2.459171e-02,2.191454e-03,1.363048e-02
1.810706e-01,1.086008e-02,1.639001e-02,5.576540e-02,2.574351e-02,2.027810e-02,2.388819e-01,7.638270e-02,6.161094e-02,2.200755e-02,3.054219e-02,1.600388e-02,2.083042e-01,2.273729e-03,3.388516e-02
1.432351e-01,1.426619e-02,3.831680e-02,7.754174e-02,3.922901e-02,1.724772e-02,1.722417e-01,5.602058e-02,1.243495e-01,2.390977e-02,2.765977e-02,1.709170e-02,2.137312e-01,2.171768e-03,3.298746e-02
1.165823e-01,1.641949e-02,4.645722e-02,6.234033e-02,2.957462e-02,1.637860e-02,1.214034e-01,4.127255e-02,1.568255e-01,3.409653e-02,2.764117e-02,1.778730e-02,2.245688e-01,2.441165e-03,8.621104e-02
