1.000000e+00,0.000000e+00,0.000000e+00,0.000000e+00,0.000000e+00,0.000000e+00,0.000000e+00,0.000000e+00,0.000000e+00,0.000000e+00,0.000000e+00,0.000000e+00,0.000000e+00,0.000000e+00,0.000000e+00
1.000000e+00,0.000000e+00,0.000000e+00,0.000000e+00,0.000000e+00,0.000000e+00,0.000000e+00,0.000000e+00,0.000000e+00,0.000000e+00,0.000000e+00,0.000000e+00,0.000000e+00,0.000000e+00,0.000000e+00
1.000000e+00,0.000000e+00,0.000000e+00,0.000000e+00,0.000000e+00,0.000000e+00,0.000000e+00,0.000000e+00,0.000000e+00,0.000000e+00,0.000000e+00,0.000000e+00,0.000000e+00,0.000000e+00,0.000000e+00
1.000000e+00,0.000000e+00,0.000000e+00,0.000000e+00,0.000000e+00,0.000000e+00,0.000000e+00,0.000000e+00,0.000000e+00,0.000000e+00,0.000000e+00,0.000000e+00,0.000000e+00,0.000000e+00,0.000000e+00
1.000000e+00,0.000000e+00,0.000000e+00,0.000000e+00,0.000000e+00,0.000000e+00,0.000000e+00,0.000000e+00,0.000000e+00,0.000000e+00,0.000000e+00,0.000000e+00,0.000000e+00,0.000000e+00,0.000000e+00
1.000000e+00,0.000000e+00,0.000000e+00,0.000000e+00,0.000000e+00,0.000000e+00,0.000000e+00,0.000000e+00,0.000000e+00,0.000000e+00,0.000000e+00,0.000000e+00,0.000000e+00,0.000000e+00,0.000000e+00
1.000000e+00,0.000000e+00,0.000000e+00,0.000000e+00,0.000000e+00,0.000000e+00,0.000000e+00,0.000000e+00,0.000000e+00,0.000000e+00,0.000000e+00,0.000000e+00,0.000000e+00,0.000000e+00,0.000000e+00
1.000000e+00,0.000000e+00,0.000000e+00,0.000000e+00,0.000000e+00,0.000000e+00,0.000000e+00,0.000000e+00,0.000000e+00,0.000000e+00,0.000000e+00,0.000000e+00,0.000000e+00,0.000000e+00,0.000000e+00
1.000000e+00,0.000000e+00,0.000000e+00,0.000000e+00,0.000000e+00,0.000000e+00,0.000000e+00,0.000000e+00,0.000000e+00,0.000000e+00,0.000000e+00,0.000000e+00,0.000000e+00,0.000000e+00,0.000000e+00
1.000000e+00,0.000000e+00,0.000000e+00,0.000000e+00,0.000000e+00,0.000000e+00,0.000000e+00,0.000000e+00,0.000000e+00,0.000000e+00,0.000000e+00,0.000000e+00,0.000000e+00,0.000000e+00,0.000000e+00
1.000000e+00,0.000000e+00,0.000000e+00,0.000000e+00,0.000000e+00,0.000000e+00,0.000000e+00,0.000000e+00,0.000000e+00,0.000000e+00,0.000000e+00,0.000000e+00,0.000000e+00,0.000000e+00,0.000000e+00
1.000000e+00,0.000000e+00,0.000000e+00,0.000000e+00,0.000000e+00,0.000000e+00,0.000000e+00,0.000000e+00,0.000000e+00,0.000000e+00,0.000000e+00,0.000000e+00,0.000000e+00,0.000000e+00,0.000000e+00
1.000000e+00,0.000000e+00,0.000000e+00,0.000000e+00,0.000000e+00,0.000000e+00,0.000000e+00,0.000000e+00,0.000000e+00,0.000000e+00,0.000000e+00,0.000000e+00,0.000000e+00,0.000000e+00,0.000000e+00
1.000000e+00,0.000000e+00,0.000000e+00,0.000000e+00,0.000000e+00,0.000000e+00,0.000000e+00,0.000000e+00,0.000000e+00,0.000000e+00,0.000000e+00,0.000000e+00,0.000000e+00,0.000000e+00,0.000000e+00
1.000000e+00,0.000000e+00,0.000000e+00,0.000000e+00,0.000000e+00,0.000000e+00,0.000000e+00,0.000000e+00,0.000000e+00,0.000000e+00,0.000000e+00,0.000000e+00,0.000000e+00,0.000000e+00,0.000000e+00
1.000000e+00,0.000000e+00,0.000000e+00,0.000000e+00,0.000000e+00,0.000000e+00,0.000000e+00,0.000000e+00,0.000000e+00,0.000000e+00,0.000000e+00,0.000000e+00,0.000000e+00,0.000000e+00,0.000000e+00
1.000000e+00,0.000000e+00,0.000000e+00,0.000000e+00,0.000000e+00,0.000000e+00,0.000000e+00,0.000000e+00,0.000000e+00,0.000000e+00,0.000000e+00,0.000000e+00,0.000000e+00,0.000000e+00,0.000000e+00
1.000000e+00,0.000000e+00,0.000000e+00,0.000000e+00,0.000000e+00,0.000000e+00,0.000000e+00,0.000000e+00,0.000000e+00,0.000000e+00,0.000000e+00,0.000000e+00,0.000000e+00,0.000000e+00,0.000000e+00
1.000000e+00,0.000000e+00,0.000000e+00,0.000000e+00,0.000000e+00,0.000000e+00,0.000000e+00,0.000000e+00,0.000000e+00,0.000000e+00,0.000000e+00,0.000000e+00,0.000000e+00,0.000000e+00,0.000000e+00
1.000000e+00,0.000000e+00,0.000000e+00,0.000000e+00,0.000000e+00,0.000000e+00,0.000000e+00,0.000000e+00,0.000000e+00,0.000000e+00,0.000000e+00,0.000000e+00,0.000000e+00,0.000000e+00,0.000000e+00
1.000000e+00,0.000000e+00,0.000000e+00,0.000000e+00,0.000000e+00,0.000000e+00,0.000000e+00,0.000000e+00,0.000000e+00,0.000000e+00,0.000000e+00,0.000000e+00,0.000000e+00,0.000000e+00,0.000000e+00
1.000000e+00,0.000000e+00,0.000000e+00,0.000000e+00,0.000000e+00,0.000000e+00,0.000000e+00,0.000000e+00,0.000000e+00,0.000000e+00,0.000000e+00,0.000000e+00,0.000000e+00,0.000000e+00,0.000000e+00
1.000000e+00,0.000000e+00,0.000000e+00,0.000000e+00,0.000000e+00,0.000000e+00,0.000000e+00,0.000000e+00,0.000000e+00,0.000000e+00,0.000000e+00,0.000000e+00,0.000000e+00,0.000000e+00,0.000000e+00
1.000000e+00,0.000000e+00,0.000000e+00,0.000000e+00,0.000000e+00,0.000000e+00,0.000000e+00,0.000000e+00,0.000000e+00,0.000000e+00,0.000000e+00,0.000000e+00,0.000000e+00,0.000000e+00,0.000000e+00
1.000000e+00,0.000000e+00,0.000000e+00,0.000000e+00,0.000000e+00,0.000000e+00,0.000000e+00,0.000000e+00,0.000000e+00,0.000000e+00,0.000000e+00,0.000000e+00,0.000000e+00,0.000000e+00,0.000000e+00
1.000000e+00,0.000000e+00,0.000000e+00,0.000000e+00,0.000000e+00,0.000000e+00,0.000000e+00,0.000000e+00,0.000000e+00,0.000000e+00,0.000000e+00,0.000000e+00,0.000000e+00,0.000000e+00,0.000000e+00
1.000000e+00,0.000000e+00,0.000000e+00,0.000000e+00,0.000000e+00,0.000000e+00,0.000000e+00,0.000000e+00,0.000000e+00,0.000000e+00,0.000000e+00,0.000000e+00,0.000000e+00,0.000000e+00,0.000000e+00
1.000000e+00,0.000000e+00,0.000000e+00,0.000000e+00,0.000000e+00,0.000000e+00,0.000000e+00,0.000000e+00,0.000000e+00,0.000000e+00,0.000000e+00,0.000000e+00,0.000000e+00,0.000000e+00,0.000000e+00
1.000000e+00,0.000000e+00,0.000000e+00,0.000000e+00,0.000000e+00,0.000000e+00,0.000000e+00,0.000000e+00,0.000000e+00,0.000000e+00,0.000000e+00,0.000000e+00,0.000000e+00,0.000000e+00,0.000000e+00
1.000000e+00,0.000000e+00,0.000000e+00,0.000000e+00,0.000000e+00,0.000000e+00,0.000000e+00,0.000000e+00,0.000000e+00,0.000000e+00,0.000000e+00,0.000000e+00,0.000000e+00,0.000000e+00,0.000000e+00
1.000000e+00,0.000000e+00,0.000000e+00,0.000000e+00,0.000000e+00,0.000000e+00,0.000000e+00,0.000000e+00,0.000000e+00,0.000000e+00,0.000000e+00,0.000000e+00,0.000000e+00,0.000000e+00,0.000000e+00
1.000000e+00,0.000000e+00,0.000000e+00,0.000000e+00,0.000000e+00,0.000000e+00,0.000000e+00,0.000000e+00,0.000000e+00,0.000000e+00,0.000000e+00,0.000000e+00,0.000000e+00,0.000000e+00,0.000000e+00
4.648863e-01,5.541350e-02,4.587568e-02,1.321152e-01,1.077432e-02,1.497605e-02,4.338105e-03,1.356955e-02,2.159002e-02,8.182038e-03,3.125431e-02,3.772627e-02,1.748344e-02,2.157616e-02,1.202391e-01
4.612816e-01,5.924134e-02,4.457521e-02,1.291328e-01,1.347379e-02,1.500000e-02,4.897311e-03,1.356357e-02,2.214451e-02,7.986514e-03,3.541251e-02,4.195575e-02,1.896170e-02,2.266269e-02,1.097108e-01
4.720910e-01,6.378888e-02,3.735805e-02,1.239415e-01,1.686699e-02,1.424295e-02,5.346955e-03,1.312695e-02,2.046178e-02,6.971921e-03,4.143661e-02,4.615741e-02,2.201405e-02,2.394005e-02,9.225493e-02
4.933785e-01,6.672944e-02,3.178403e-02,1.158917e-01,1.914450e-02,1.606793e-02,5.623438e-03,1.258653e-02,1.979494e-02,6.146550e-03,3.766545e-02,5.085489e-02,2.663742e-02,2.074861e-02,7.694609e-02
3.856604e-01,1.034622e-01,3.437082e-02,2.385624e-01,1.962292e-02,1.375397e-02,4.890006e-03,1.658321e-02,1.609440e-02,4.547352e-03,2.971772e-02,3.936329e-02,2.082884e-02,1.557969e-02,5.696274e-02
4.807957e-01,8.672260e-02,2.704876e-02,1.902363e-01,1.753218e-02,1.503646e-02,4.838360e-03,1.471023e-02,1.513923e-02,3.752249e-03,2.484748e-02,3.595885e-02,2.288300e-02,1.248558e-02,4.801306e-02
4.552156e-01,7.716895e-02,3.684542e-02,2.391229e-01,1.743489e-02,1.481018e-02,4.965601e-03,1.565794e-02,1.348641e-02,2.981697e-03,2.145416e-02,3.244326e-02,2.002741e-02,9.473142e-03,3.891247e-02
1.000000e+00,0.000000e+00,0.000000e+00,0.000000e+00,0.000000e+00,0.000000e+00,0.000000e+00,0.000000e+00,0.000000e+00,0.000000e+00,0.000000e+00,0.000000e+00,0.000000e+00,0.000000e+00,0.000000e+00
1.000000e+00,0.000000e+00,0.000000e+00,0.000000e+00,0.000000e+00,0.000000e+00,0.000000e+00,0.000000e+00,0.000000e+00,0.000000e+00,0.000000e+00,0.000000e+00,0.000000e+00,0.000000e+00,0.000000e+00
1.000000e+00,0.000000e+00,0.000000e+00,0.000000e+00,0.000000e+00,0.000000e+00,0.000000e+00,0.000000e+00,0.000000e+00,0.000000e+00,0.000000e+00,0.000000e+00,0.000000e+00,0.000000e+00,0.000000e+00
1.000000e+00,0.000000e+00,0.000000e+00,0.000000e+00,0.000000e+00,0.000000e+00,0.000000e+00,0.000000e+00,0.000000e+00,0.000000e+00,0.000000e+00,0.000000e+00,0.000000e+00,0.000000e+00,0.000000e+00
1.000000e+00,0.000000e+00,0.000000e+00,0.000000e+00,0.000000e+00,0.000000e+00,0.000000e+00,0.000000e+00,0.000000e+00,0.000000e+00,0.000000e+00,0.000000e+00,0.000000e+00,0.000000e+00,0.000000e+00
1.000000e+00,0.000000e+00,0.000000e+00,0.000000e+00,0.000000e+00,0.000000e+00,0.000000e+00,0.000000e+00,0.000000e+00,0.000000e+00,0.000000e+00,0.000000e+00,0.000000e+00,0.000000e+00,0.000000e+00
1.000000e+00,0.000000e+00,0.000000e+00,0.000000e+00,0.000000e+00,0.000000e+00,0.000000e+00,0.000000e+00,0.000000e+00,0.000000e+00,0.000000e+00,0.000000e+00,0.000000e+00,0.000000e+00,0.000000e+00
1.000000e+00,0.000000e+00,0.000000e+00,0.000000e+00,0.000000e+00,0.000000e+00,0.000000e+00,0.000000e+00,0.000000e+00,0.000000e+00,0.000000e+00,0.000000e+00,0.000000e+00,0.000000e+00,0.000000e+00
1.000000e+00,0.000000e+00,0.000000e+00,0.000000e+00,0.000000e+00,0.000000e+00,0.000000e+00,0.000000e+00,0.000000e+00,0.000000e+00,0.000000e+00,0.000000e+00,0.000000e+00,0.000000e+00,0.000000e+00
1.000000e+00,0.000000e+00,0.000000e+00,0.000000e+00,0.000000e+00,0.000000e+00,0.000000e+00,0.000000e+00,0.000000e+00,0.000000e+00,0.000000e+00,0.000000e+00,0.000000e+00,0.000000e+00,0.000000e+00
1.000000e+00,0.000000e+00,0.000000e+00,0.000000e+00,0.000000e+00,0.000000e+00,0.000000e+00,0.000000e+00,0.000000e+00,0.000000e+00,0.000000e+00,0.000000e+00,0.000000e+00,0.000000e+00,0.000000e+00
1.000000e+00,0.000000e+00,0.000000e+00,0.000000e+00,0.000000e+00,0.000000e+00,0.000000e+00,0.000000e+00,0.000000e+00,0.000000e+00,0.000000e+00,0.000000e+00,0.000000e+00,0.000000e+00,0.000000e+00
1.000000e+00,0.000000e+00,0.000000e+00,0.000000e+00,0.000000e+00,0.000000e+00,0.000000e+00,0.000000e+00,0.000000e+00,0.000000e+00,0.000000e+00,0.000000e+00,0.000000e+00,0.000000e+00,0.000000e+00
1.000000e+00,0.000000e+00,0.000000e+00,0.000000e+00,0.000000e+00,0.000000e+00,0.000000e+00,0.000000e+00,0.000000e+00,0.000000e+00,0.000000e+00,0.000000e+00,0.000000e+00,0.000000e+00,0.000000e+00
1.000000e+00,0.000000e+00,0.000000e+00,0.000000e+00,0.000000e+00,0.000000e+00,0.000000e+00,0.000000e+00,0.000000e+00,0.000000e+00,0.000000e+00,0.000000e+00,0.000000e+00,0.000000e+00,0.000000e+00
1.000000e+00,0.000000e+00,0.000000e+00,0.000000e+00,0.000000e+00,0.000000e+00,0.000000e+00,0.000000e+00,0.000000e+00,0.000000e+00,0.000000e+00,0.000000e+00,0.000000e+00,0.000000e+00,0.000000e+00
1.000000e+00,0.000000e+00,0.000000e+00,0.000000e+00,0.000000e+00,0.000000e+00,0.000000e+00,0.000000e+00,0.000000e+00,0.000000e+00,0.000000e+00,0.000000e+00,0.000000e+00,0.000000e+00,0.000000e+00
4.364930e-01,4.240198e-02,1.183620e-01,2.122403e-01,5.370168e-03,2.411948e-02,2.918721e-03,1.585304e-02,1.002212e-02,8.543410e-03,3.992293e-02,2.005483e-02,2.580515e-02,3.847451e-03,3.404544e-02
4.519299e-01,3.468717e-02,8.622973e-02,1.685569e-01,6.533587e-03,4.974156e-02,2.784936e-03,1.411666e-02,3.165626e-02,7.795054e-03,3.345400e-02,2.005201e-02,5.633820e-02,3.401602e-03,3.272243e-02
4.874312e-01,2.856512e-02,6.317098e-02,1.371691e-01,7.203740e-03,5.746927e-02,2.992613e-03,1.253806e-02,3.638399e-02,5.956655e-03,2.965415e-02,1.511036e-02,8.693546e-02,2.520178e-03,2.689910e-02
4.652950e-01,3.742295e-02,4.815396e-02,1.200480e-01,7.476883e-03,4.525810e-02,2.855516e-03,1.177496e-02,6.017639e-02,5.825155e-03,2.222716e-02,1.189066e-02,1.309450e-01,2.381241e-03,2.826914e-02
3.565522e-01,3.558044e-02,3.468314e-02,9.087380e-02,5.935268e-03,3.967692e-02,2.478416e-03,9.868614e-03,7.559696e-02,5.324742e-03,1.600045e-02,1.016686e-02,2.856846e-01,1.791708e-03,2.978583e-02
2.582874e-01,3.668797e-02,2.540879e-02,6.798704e-02,4.976617e-03,4.048008e-02,1.945140e-03,7.916630e-03,1.112543e-01,5.640875e-03,1.170473e-02,9.405067e-03,3.862160e-01,1.344153e-03,3.074520e-02
1.953575e-01,3.057509e-02,1.826776e-02,4.873242e-02,4.555334e-03,3.394864e-02,1.522898e-03,6.157485e-03,8.321215e-02,4.142717e-03,8.418954e-03,9.848222e-03,5.223365e-01,1.021894e-03,3.190241e-02
1.528051e-01,2.873827e-02,1.460571e-02,3.566805e-02,4.611867e-03,2.655486e-02,1.217792e-03,5.113712e-03,6.838177e-02,3.389721e-03,6.243821e-03,1.132097e-02,5.998271e-01,9.827026e-04,4.053847e-02
1.344805e-01,2.489151e-02,2.170326e-02,2.671673e-02,5.168043e-03,2.107207e-02,1.424804e-03,8.337578e-03,7.051212e-02,5.235624e-03,7.084014e-03,1.458108e-02,5.590956e-01,1.590602e-03,9.810650e-02
1.347891e-01,2.574889e-02,2.434910e-02,2.382166e-02,7.032237e-03,3.087645e-02,1.608788e-03,9.781875e-03,9.680896e-02,5.784131e-03,7.461268e-03,2.470302e-02,4.713745e-01,1.997638e-03,1.338623e-01
1.113916e-01,2.445423e-02,2.474195e-02,1.968359e-02,8.280953e-03,4.392146e-02,1.599328e-03,8.641783e-03,9.673301e-02,6.633753e-03,7.583573e-03,2.643714e-02,4.389381e-01,1.785912e-03,1.791735e-01
1.142914e-01,2.329483e-02,2.496265e-02,1.533375e-02,1.187605e-02,4.227205e-02,1.740587e-03,8.146476e-03,9.726658e-02,5.998783e-03,7.395683e-03,2.367435e-02,3.933058e-01,1.448832e-03,2.289921e-01
9.055089e-02,2.760164e-02,2.177789e-02,1.185977e-02,1.024397e-02,4.991374e-02,1.465259e-03,6.833249e-03,8.679223e-02,5.228146e-03,6.853723e-03,2.104704e-02,3.855705e-01,1.251995e-03,2.730099e-01
6.874229e-02,4.123282e-02,1.659854e-02,9.078478e-03,8.286649e-03,4.749939e-02,1.296337e-03,5.656905e-03,1.059471e-01,5.677609e-03,7.161424e-03,2.225387e-02,3.384479e-01,1.170984e-03,3.209497e-01
5.185239e-02,4.566179e-02,1.228866e-02,6.920391e-03,6.112046e-03,3.682176e-02,1.082251e-03,4.250504e-03,1.044279e-01,4.304801e-03,5.923883e-03,2.406803e-02,3.759524e-01,9.503540e-04,3.193828e-01
4.127403e-02,4.831215e-02,9.321516e-03,5.467855e-03,4.756740e-03,2.868535e-02,9.191281e-04,3.153179e-03,1.039959e-01,3.464267e-03,5.381252e-03,2.468736e-02,3.796002e-01,9.420004e-04,3.400390e-01
3.311442e-02,5.957781e-02,9.182137e-03,6.585295e-03,4.493968e-03,2.473752e-02,1.142787e-03,3.791903e-03,1.134012e-01,3.011769e-03,5.015604e-03,2.154189e-02,3.681905e-01,1.756784e-03,3.444564e-01
2.961172e-02,8.377776e-02,8.439173e-03,6.461287e-03,4.086067e-03,2.213201e-02,1.058134e-03,3.893772e-03,1.131484e-01,2.540462e-03,4.110344e-03,1.842972e-02,3.856164e-01,1.808918e-03,3.148857e-01
2.292617e-02,1.110067e-01,7.520812e-03,5.247178e-03,3.652935e-03,2.693891e-02,9.901880e-04,3.644865e-03,1.196812e-01,2.205234e-03,3.603801e-03,1.686393e-02,3.807233e-01,1.892686e-03,2.931021e-01
2.276555e-02,8.186561e-02,7.464819e-03,5.027943e-03,4.659079e-03,2.840091e-02,1.372842e-03,6.406686e-03,1.042160e-01,2.254053e-03,3.353464e-03,1.418595e-02,3.436750e-01,2.403164e-03,3.719489e-01
2.316498e-02,5.948832e-02,2.023688e-02,6.475001e-03,9.271998e-03,3.853343e-02,4.631448e-03,9.675749e-03,8.329001e-02,2.719781e-03,2.979165e-03,1.464516e-02,3.863882e-01,2.733090e-03,3.357668e-01
3.312825e-02,4.939689e-02,7.710225e-02,1.408882e-02,1.074096e-02,4.332541e-02,4.680193e-03,8.262410e-03,7.348657e-02,2.460028e-02,4.247746e-03,1.462357e-02,3.657589e-01,3.742135e-03,2.728156e-01
3.459834e-02,4.274561e-02,6.269994e-02,1.946861e-02,1.531024e-02,5.227156e-02,4.154676e-03,8.024262e-03,1.068395e-01,5.282899e-02,8.054521e-03,1.245735e-02,2.873946e-01,4.322724e-03,2.888291e-01
2.816738e-02,3.427534e-02,4.722128e-02,1.428809e-02,2.102306e-02,5.232790e-02,3.805548e-03,6.455448e-03,1.290134e-01,4.128774e-02,8.477912e-03,9.408991e-03,2.112388e-01,4.704275e-03,3.883049e-01
2.668758e-02,2.477324e-02,5.465835e-02,2.173356e-02,1.746285e-02,3.989862e-02,2.949729e-03,1.666445e-02,2.851419e-01,3.063006e-02,7.847135e-03,6.926819e-03,1.515378e-01,3.761149e-03,3.093268e-01
2.787609e-02,1.878090e-02,1.702882e-01,2.517183e-02,1.662864e-02,3.992828e-02,2.294596e-03,1.744089e-02,2.888585e-01,2.511640e-02,6.051047e-03,4.999430e-03,1.077811e-01,3.141560e-03,2.456425e-01
3.910234e-02,1.653097e-02,2.639608e-01,2.358614e-02,2.117499e-02,4.443732e-02,3.663142e-03,1.321428e-02,2.038068e-01,1.834021e-02,4.731821e-03,3.623084e-03,7.693067e-02,2.795326e-03,2.641021e-01
5.104109e-02,4.146485e-02,2.129693e-01,4.249887e-02,9.382365e-02,4.918686e-02,8.927762e-03,1.458182e-02,1.764134e-01,1.730125e-02,4.074624e-03,3.000848e-03,5.515870e-02,2.421096e-03,2.271358e-01
6.441595e-02,5.337156e-02,1.604109e-01,4.255917e-02,1.209168e-01,4.794130e-02,7.971017e-03,1.480185e-02,1.763135e-01,3.125529e-02,3.880192e-03,2.623748e-03,4.089809e-02,2.167915e-03,2.304728e-01
7.583491e-02,5.814546e-02,1.188277e-01,5.528846e-02,9.791780e-02,3.803902e-02,6.634560e-03,1.539922e-02,2.386862e-01,3.093382e-02,4.444669e-03,4.182306e-03,3.094561e-02,2.874933e-03,2.218454e-01
1.100039e-01,5.917930e-02,9.443028e-02,5.301549e-02,1.170259e-01,3.680944e-02,7.916104e-03,2.727437e-02,2.118923e-01,2.637751e-02,6.936017e-03,6.048269e-03,2.634155e-02,4.221906e-03,2.125276e-01
1.397411e-01,4.843411e-02,9.790829e-02,9.285228e-02,1.124301e-01,3.017323e-02,7.230712e-03,6.764744e-02,1.805922e-01,2.008609e-02,8.011156e-03,6.881122e-03,2.133414e-02,4.752986e-03,1.619250e-01
1.866829e-01,4.132437e-02,9.172904e-02,9.143306e-02,1.096798e-01,2.768020e-02,6.284416e-03,6.363053e-02,1.986814e-01,1.661690e-02,1.051268e-02,1.032037e-02,1.753159e-02,6.374897e-03,1.215178e-01
2.864730e-01,3.394696e-02,7.097571e-02,7.080887e-02,8.113343e-02,2.572131e-02,5.055243e-03,4.783135e-02,2.032067e-01,1.587645e-02,1.498430e-02,1.224029e-02,1.466248e-02,1.369276e-02,1.033911e-01
3.981325e-01,2.905468e-02,6.029566e-02,5.570378e-02,6.549462e-02,2.249701e-02,4.509096e-03,3.919737e-02,1.667234e-01,1.487881e-02,1.735833e-02,1.132733e-02,1.161900e-02,2.001644e-02,8.319188e-02
4.866474e-01,2.763879e-02,5.558909e-02,4.710576e-02,4.929097e-02,2.106889e-02,4.283268e-03,3.298103e-02,1.239814e-01,1.188748e-02,2.081286e-02,1.110690e-02,9.637805e-03,2.454843e-02,7.341987e-02
1.000000e+00,0.000000e+00,0.000000e+00,0.000000e+00,0.000000e+00,0.000000e+00,0.000000e+00,0.000000e+00,0.000000e+00,0.000000e+00,0.000000e+00,0.000000e+00,0.000000e+00,0.000000e+00,0.000000e+00
1.000000e+00,0.000000e+00,0.000000e+00,0.000000e+00,0.000000e+00,0.000000e+00,0.000000e+00,0.000000e+00,0.000000e+00,0.000000e+00,0.000000e+00,0.000000e+00,0.000000e+00,0.000000e+00,0.000000e+00
1.000000e+00,0.000000e+00,0.000000e+00,0.000000e+00,0.000000e+00,0.000000e+00,0.000000e+00,0.000000e+00,0.000000e+00,0.000000e+00,0.000000e+00,0.000000e+00,0.000000e+00,0.000000e+00,0.000000e+00
1.000000e+00,0.000000e+00,0.000000e+00,0.000000e+00,0.000000e+00,0.000000e+00,0.000000e+00,0.000000e+00,0.000000e+00,0.000000e+00,0.000000e+00,0.000000e+00,0.000000e+00,0.000000e+00,0.000000e+00
3.857906e-01,1.871602e-02,5.250806e-02,3.307190e-02,1.094505e-02,4.626081e-02,2.209511e-03,1.417290e-02,1.828346e-01,1.518226e-02,1.642883e-02,6.226923e-03,1.349257e-02,2.378747e-02,1.783725e-01
3.136659e-01,1.965199e-02,5.246114e-02,5.229504e-02,9.125186e-03,3.465779e-02,1.708561e-03,1.104096e-02,1.839941e-01,1.639426e-02,5.153713e-02,1.747129e-02,3.817317e-02,2.224444e-02,1.755791e-01
3.759326e-01,2.141278e-02,5.057801e-02,7.582970e-02,8.093211e-03,2.997094e-02,1.565814e-03,9.800352e-03,1.431698e-01,1.331422e-02,5.819803e-02,1.740503e-02,3.925545e-02,2.189190e-02,1.335823e-01
4.778526e-01,2.187702e-02,4.080204e-02,6.502544e-02,8.479322e-03,2.740008e-02,2.125794e-03,9.331561e-03,1.035719e-01,1.037409e-02,5.157457e-02,2.001751e-02,4.256143e-02,1.826871e-02,1.007380e-01
1.000000e+00,0.000000e+00,0.000000e+00,0.000000e+00,0.000000e+00,0.000000e+00,0.000000e+00,0.000000e+00,0.000000e+00,0.000000e+00,0.000000e+00,0.000000e+00,0.000000e+00,0.000000e+00,0.000000e+00
1.000000e+00,0.000000e+00,0.000000e+00,0.000000e+00,0.000000e+00,0.000000e+00,0.000000e+00,0.000000e+00,0.000000e+00,0.000000e+00,0.000000e+00,0.000000e+00,0.000000e+00,0.000000e+00,0.000000e+00
4.736380e-01,1.993065e-02,3.360827e-02,6.858013e-02,9.722142e-03,3.232987e-02,1.778498e-03,5.743015e-03,4.070995e-02,5.512946e-03,1.573610e-01,6.850074e-02,2.194455e-02,1.519075e-02,4.544948e-02
3.462341e-01,1.634813e-02,2.424412e-02,5.221601e-02,7.656741e-03,2.526049e-02,1.482888e-03,5.118583e-03,3.152226e-02,4.903106e-03,2.762768e-01,1.391732e-01,1.824205e-02,1.715868e-02,3.416279e-02
2.553694e-01,1.205368e-02,1.738670e-02,4.019916e-02,7.208121e-03,2.151838e-02,1.630537e-03,4.342881e-03,2.510327e-02,4.382459e-03,4.372830e-01,1.197596e-01,1.416657e-02,1.314953e-02,2.644672e-02
3.057107e-01,1.271934e-02,1.433999e-02,5.486039e-02,1.232954e-02,2.246103e-02,1.821497e-03,6.504773e-03,2.538982e-02,4.406901e-03,3.531935e-01,1.379636e-01,1.188073e-02,1.302971e-02,2.338842e-02
3.227922e-01,1.153577e-02,1.161309e-02,5.109944e-02,1.083623e-02,2.889623e-02,2.539445e-03,7.275540e-03,2.116389e-02,3.796438e-03,3.201115e-01,1.655303e-01,1.015454e-02,1.264581e-02,2.000948e-02
2.547789e-01,1.092219e-02,9.090359e-03,3.796775e-02,9.507247e-03,2.252145e-02,2.817717e-03,5.978660e-03,1.653381e-02,3.404050e-03,4.425368e-01,1.436320e-01,8.493780e-03,1.160120e-02,2.021416e-02
1.915112e-01,1.154838e-02,8.038047e-03,2.964689e-02,1.067186e-02,1.942503e-02,2.706190e-03,5.164010e-03,1.399430e-02,3.761237e-03,4.983585e-01,1.657249e-01,9.041633e-03,1.263678e-02,1.777098e-02
1.919335e-01,1.644170e-02,8.725896e-03,2.376390e-02,1.115884e-02,1.954572e-02,4.666254e-03,5.639395e-03,1.285204e-02,9.902177e-03,4.724798e-01,1.631280e-01,7.891791e-03,1.216265e-02,3.970837e-02
2.287471e-01,1.321709e-02,6.762567e-03,1.951815e-02,8.989695e-03,2.394884e-02,3.946443e-03,4.645415e-03,1.324989e-02,8.939382e-03,4.463747e-01,1.660055e-01,6.517318e-03,1.136965e-02,3.776819e-02
2.466772e-01,1.187693e-02,6.125368e-03,1.911713e-02,8.049102e-03,2.569643e-02,3.163903e-03,5.103029e-03,2.079372e-02,8.149426e-03,4.039251e-01,1.804355e-01,5.602534e-03,1.244203e-02,4.284263e-02
1.945120e-01,1.022719e-02,5.785099e-03,1.628379e-02,1.031389e-02,2.397861e-02,2.570213e-03,6.562350e-03,2.512075e-02,8.117235e-03,3.618734e-01,2.788447e-01,5.935629e-03,1.343642e-02,3.643862e-02
1.434122e-01,1.004807e-02,6.647372e-03,1.227760e-02,2.368293e-02,1.907132e-02,1.931076e-03,5.891475e-03,2.034952e-02,8.244200e-03,3.022296e-01,3.944454e-01,7.780612e-03,1.545572e-02,2.853284e-02
1.144738e-01,8.976979e-03,6.457725e-03,8.899209e-03,3.569587e-02,1.545817e-02,1.904197e-03,7.297972e-03,2.132028e-02,1.005856e-02,2.564028e-01,4.686330e-01,7.671951e-03,1.589066e-02,2.085872e-02
9.175562e-02,7.478007e-03,5.904309e-03,6.902504e-03,4.114234e-02,1.989753e-02,4.900447e-03,1.156007e-02,1.875738e-02,9.712858e-03,2.365053e-01,5.091908e-01,6.785599e-03,1.412482e-02,1.538228e-02
7.615180e-02,6.898494e-03,5.849414e-03,5.250595e-03,7.551689e-02,1.857146e-02,5.143205e-03,1.130056e-02,1.958054e-02,8.873567e-03,1.922482e-01,5.453454e-01,5.973368e-03,1.193148e-02,1.136490e-02
8.554021e-02,6.527634e-03,6.435752e-03,4.892792e-03,8.262898e-02,2.633864e-02,7.395905e-03,1.539442e-02,2.258625e-02,1.010504e-02,1.451130e-01,5.637041e-01,5.259570e-03,9.519069e-03,8.558610e-03
7.067303e-02,6.407964e-03,5.821642e-03,4.042845e-03,7.060277e-02,2.999474e-02,9.411834e-03,2.162026e-02,3.885731e-02,1.255715e-02,1.076502e-01,6.034756e-01,5.204872e-03,7.531101e-03,6.148675e-03
6.038527e-02,1.092564e-02,8.684620e-03,3.583771e-03,9.930028e-02,4.720521e-02,9.756718e-03,3.008716e-02,5.289537e-02,1.602739e-02,8.486154e-02,5.557930e-01,8.090357e-03,7.859978e-03,4.543677e-03
5.550158e-02,1.123102e-02,9.247235e-03,3.056858e-03,9.240778e-02,7.434781e-02,8.989563e-03,3.324410e-02,5.298858e-02,1.822362e-02,7.023784e-02,5.511188e-01,8.457015e-03,7.189091e-03,3.759092e-03
5.095477e-02,1.568633e-02,9.913362e-03,2.585377e-03,8.418161e-02,1.012961e-01,7.827627e-03,3.720490e-02,7.286020e-02,1.817142e-02,6.440512e-02,5.165171e-01,8.625502e-03,6.266274e-03,3.504308e-03
7.128179e-02,2.493443e-02,1.926408e-02,3.661114e-03,9.510174e-02,1.104113e-01,8.651962e-03,4.198186e-02,1.005248e-01,2.809242e-02,6.348193e-02,4.081478e-01,9.730300e-03,8.993609e-03,5.740812e-03
7.466576e-02,2.059791e-02,4.915327e-02,3.997538e-03,9.137260e-02,8.869243e-02,2.686002e-02,1.220470e-01,9.332512e-02,3.165762e-02,6.071206e-02,3.087797e-01,1.326621e-02,9.891840e-03,4.980887e-03
1.506357e-01,1.786739e-02,4.295209e-02,7.827023e-03,1.499095e-01,7.205249e-02,2.179587e-02,1.027423e-01,1.017110e-01,2.557268e-02,4.957477e-02,2.295088e-01,1.209011e-02,8.497058e-03,7.263159e-03
2.018636e-01,2.184426e-02,3.521077e-02,1.056831e-02,1.564590e-01,6.443629e-02,1.900562e-02,7.962615e-02,1.278622e-01,2.220911e-02,4.298437e-02,1.809968e-01,1.961988e-02,7.208582e-03,1.010514e-02
2.062649e-01,3.153704e-02,2.874030e-02,1.336966e-02,1.366571e-01,5.648745e-02,1.474989e-02,6.447550e-02,2.016162e-01,2.528864e-02,4.268916e-02,1.355577e-01,2.117614e-02,6.764115e-03,1.462626e-02
2.223136e-01,2.865452e-02,2.490518e-02,2.019258e-02,1.311922e-01,5.392575e-02,1.477669e-02,7.737486e-02,1.883325e-01,2.433607e-02,5.619673e-02,1.092590e-01,2.885797e-02,6.288190e-03,1.339423e-02
2.354219e-01,3.650282e-02,2.176250e-02,2.724170e-02,1.204749e-01,6.097499e-02,1.202184e-02,6.076021e-02,2.084818e-01,2.012537e-02,4.819994e-02,8.682591e-02,3.612641e-02,5.993805e-03,1.908588e-02
2.580227e-01,4.286188e-02,1.884891e-02,5.592566e-02,9.380043e-02,5.965223e-02,9.711297e-03,6.256437e-02,1.948865e-01,1.736033e-02,4.297604e-02,6.939255e-02,4.026500e-02,6.545170e-03,2.718691e-02
2.482018e-01,3.791849e-02,1.618525e-02,1.173598e-01,7.246977e-02,5.075163e-02,7.421118e-03,6.170976e-02,1.906084e-01,1.780681e-02,4.009914e-02,5.612409e-02,4.007103e-02,6.836938e-03,3.643586e-02
1.963050e-01,7.135151e-02,1.223698e-02,1.084929e-01,5.928017e-02,3.945120e-02,5.800100e-03,4.849960e-02,2.869799e-01,1.509125e-02,3.409836e-02,4.382453e-02,3.646861e-02,6.951021e-03,3.516886e-02
1.412659e-01,1.615511e-01,1.402530e-02,1.281558e-01,4.756800e-02,3.172513e-02,4.181768e-03,5.209066e-02,2.812228e-01,1.217229e-02,3.088854e-02,3.175912e-02,3.009984e-02,5.436367e-03,2.785734e-02
1.025041e-01,2.289119e-01,1.208881e-02,1.377648e-01,3.391993e-02,2.317932e-02,3.000365e-03,3.714287e-02,2.596574e-01,1.367433e-02,4.621778e-02,2.419772e-02,3.508420e-02,6.830146e-03,3.582630e-02
9.133978e-02,1.948541e-01,1.723902e-02,1.363372e-01,2.504927e-02,1.715850e-02,2.273837e-03,3.167084e-02,2.039371e-01,1.144088e-02,1.142128e-01,2.193796e-02,8.066142e-02,1.344622e-02,3.844100e-02
7.573085e-02,1.478360e-01,1.746951e-02,1.146846e-01,1.828166e-02,1.361171e-02,1.668088e-03,2.257792e-02,2.219806e-01,9.524002e-03,1.491073e-01,1.802981e-02,6.689468e-02,6.740269e-02,5.520066e-02
5.613498e-02,1.144637e-01,1.294154e-02,8.161563e-02,1.332502e-02,1.050820e-02,1.243632e-03,1.601874e-02,1.949252e-01,8.617925e-03,1.187460e-01,1.380184e-02,4.851688e-02,1.619825e-01,1.471582e-01
4.599364e-02,9.197934e-02,1.082416e-02,5.950757e-02,1.009094e-02,9.894695e-03,9.761887e-04,1.189377e-02,1.822433e-01,7.399406e-03,1.204769e-01,1.250308e-02,3.585348e-02,1.846251e-01,2.157385e-01
3.388738e-02,7.731245e-02,8.215081e-03,4.185681e-02,7.423236e-03,8.028612e-03,7.020836e-04,8.396358e-03,1.464737e-01,5.925918e-03,9.074457e-02,9.090514e-03,2.547487e-02,1.843808e-01,3.520876e-01
2.882161e-02,7.130329e-02,1.677752e-02,3.038675e-02,5.515471e-03,7.726805e-03,5.994056e-04,6.290609e-03,1.271412e-01,5.079006e-03,6.632750e-02,6.988203e-03,1.869729e-02,1.855494e-01,4.227960e-01
2.058711e-02,6.771231e-02,1.586939e-02,2.144493e-02,4.213753e-03,6.348284e-03,4.609059e-04,4.687687e-03,1.543693e-01,3.779369e-03,4.719935e-02,5.000959e-03,1.342657e-02,1.541923e-01,4.807077e-01
1.509497e-02,6.897858e-02,1.931341e-02,1.559514e-02,3.481232e-03,5.595880e-03,3.789596e-04,4.048482e-03,2.287568e-01,3.116702e-03,3.372791e-02,3.717755e-03,1.037130e-02,1.306419e-01,4.571809e-01
1.245084e-02,1.154428e-01,1.607142e-02,1.119850e-02,3.102255e-03,5.871585e-03,2.934379e-04,2.965675e-03,2.451541e-01,3.649612e-03,2.535655e-02,2.708305e-03,8.627028e-03,1.259371e-01,4.211707e-01
1.377169e-02,1.242506e-01,1.477120e-02,8.090595e-03,3.358448e-03,4.903086e-03,2.362214e-04,2.189565e-03,2.470624e-01,9.769131e-03,2.283136e-02,1.992620e-03,6.862298e-03,1.146187e-01,4.252920e-01
1.749014e-02,9.091792e-02,1.227429e-02,5.787542e-03,2.839692e-03,6.326777e-03,1.872236e-04,1.637227e-03,2.471186e-01,9.003147e-03,1.981242e-02,1.479014e-03,5.622695e-03,1.798510e-01,3.996523e-01
1.979215e-02,6.681582e-02,1.249167e-02,4.185467e-03,2.818799e-03,6.799381e-03,2.038326e-04,1.473001e-03,2.270525e-01,8.283231e-03,1.615771e-02,1.114822e-03,4.321361e-03,2.471151e-01,3.813751e-01
2.078239e-02,4.749845e-02,9.706737e-03,2.970684e-03,2.349629e-03,5.346576e-03,1.563859e-04,1.106182e-03,2.106661e-01,9.234571e-03,1.257656e-02,8.700707e-04,3.423866e-03,2.858776e-01,3.874342e-01
2.615742e-02,3.743248e-02,1.357539e-02,4.927201e-03,5.973693e-03,6.596630e-03,2.135169e-04,2.259498e-03,2.035066e-01,7.542137e-03,1.398073e-02,7.697986e-04,3.294719e-03,3.110197e-01,3.627505e-01
2.623503e-02,2.987139e-02,1.167266e-02,3.826854e-03,6.207484e-03,5.948385e-03,1.900810e-04,1.842147e-03,1.948090e-01,9.189809e-03,1.093706e-02,6.074376e-04,2.585721e-03,3.153867e-01,3.806902e-01
2.421742e-02,2.716461e-02,2.608610e-02,4.058001e-03,6.164674e-03,5.875451e-03,1.667369e-04,1.658451e-03,2.145750e-01,2.454331e-02,1.367152e-02,6.440303e-04,2.106974e-03,2.749290e-01,3.741388e-01
3.059265e-02,2.146301e-02,5.659191e-02,5.530049e-03,1.255391e-02,5.366875e-03,1.739364e-04,6.213682e-03,2.387623e-01,3.136154e-02,1.325619e-02,7.482998e-04,1.845491e-03,2.698460e-01,3.056942e-01
3.506019e-02,1.790200e-02,5.041463e-02,4.079056e-03,1.084461e-02,4.227851e-03,1.820988e-04,9.104215e-03,2.329551e-01,1.325514e-01,1.469856e-02,7.110243e-04,1.576678e-03,2.476722e-01,2.380204e-01
5.248497e-02,1.550989e-02,7.087442e-02,4.763871e-03,1.715327e-02,5.026570e-03,2.973712e-04,1.504173e-02,2.070463e-01,1.614870e-01,1.404544e-02,8.130679e-04,1.659595e-03,2.466924e-01,1.871042e-01
5.781898e-02,1.313443e-02,5.559569e-02,3.661721e-03,1.621151e-02,4.499978e-03,3.143662e-04,1.539038e-02,1.832494e-01,2.103054e-01,1.458105e-02,7.815604e-04,1.432706e-03,2.749118e-01,1.481111e-01
6.188846e-02,1.389697e-02,4.007202e-02,2.790451e-03,1.454927e-02,3.712643e-03,2.811698e-04,1.214918e-02,1.516062e-01,2.785777e-01,1.444911e-02,6.416714e-04,1.146773e-03,2.727209e-01,1.315176e-01
5.337201e-02,1.410073e-02,1.707037e-01,8.971927e-02,1.318238e-02,2.841899e-03,2.172664e-04,9.768637e-03,1.147825e-01,2.117641e-01,1.154585e-02,1.231348e-03,1.726963e-03,1.914714e-01,1.135720e-01
5.407983e-02,1.674790e-02,1.832281e-01,7.524260e-02,1.221218e-02,2.472135e-03,1.935034e-04,8.675275e-03,9.959236e-02,2.580909e-01,1.017187e-02,1.353977e-03,1.728491e-03,1.398949e-01,1.363160e-01
7.116045e-02,1.803006e-02,2.343297e-01,5.551044e-02,1.192819e-02,3.129276e-03,1.867871e-04,8.424029e-03,7.816061e-02,2.673957e-01,9.353647e-03,1.954974e-03,2.235738e-03,1.049084e-01,1.332920e-01
1.236230e-01,1.677272e-02,2.064261e-01,4.552352e-02,1.387425e-02,3.235360e-03,1.976902e-04,1.108706e-02,6.470025e-02,3.067668e-01,9.650565e-03,2.238297e-03,2.870458e-03,8.087469e-02,1.121592e-01
1.012814e-01,2.328213e-02,2.646299e-01,7.576921e-02,1.143574e-02,3.402553e-03,3.591775e-04,1.308040e-02,6.131496e-02,2.418750e-01,8.205417e-03,3.625106e-03,3.291338e-03,5.872445e-02,1.297232e-01
1.222103e-01,2.608984e-02,2.302476e-01,9.833071e-02,9.394366e-03,3.741036e-03,3.874215e-04,1.460808e-02,1.235110e-01,1.975073e-01,8.621310e-03,4.599063e-03,3.451522e-03,4.193088e-02,1.153696e-01
2.773676e-01,2.812457e-02,1.855322e-01,8.045631e-02,1.255765e-02,5.554008e-03,9.234099e-04,1.655453e-02,1.034167e-01,1.508865e-01,1.009076e-02,6.177249e-03,3.460291e-03,3.123283e-02,8.766535e-02
3.408059e-01,2.775225e-02,1.632305e-01,6.697586e-02,1.007967e-02,6.391736e-03,1.150142e-03,1.462035e-02,1.234840e-01,1.236392e-01,1.081687e-02,6.286052e-03,2.930508e-03,2.428839e-02,7.754850e-02
4.102952e-01,3.874093e-02,1.402437e-01,5.265613e-02,7.781960e-03,9.959935e-03,1.540852e-03,1.132456e-02,1.091397e-01,1.134461e-01,9.140094e-03,6.890043e-03,6.312556e-03,1.852456e-02,6.400366e-02
3.361599e-01,4.700334e-02,1.088247e-01,4.127041e-02,5.821535e-03,1.104022e-02,1.480492e-03,9.509278e-03,1.103250e-01,9.760319e-02,8.213877e-03,5.817760e-03,1.439844e-01,1.328955e-02,5.965648e-02
2.922505e-01,4.427642e-02,7.757454e-02,3.413903e-02,4.657195e-03,1.153527e-02,1.247264e-03,7.533689e-03,9.255887e-02,6.952389e-02,9.384608e-03,6.165533e-03,2.769890e-01,9.880024e-03,6.228423e-02
2.328053e-01,4.702625e-02,5.498245e-02,2.935071e-02,3.915552e-03,1.201045e-02,1.288334e-03,6.110821e-03,8.792040e-02,4.925292e-02,8.134647e-03,5.438018e-03,3.981349e-01,7.162384e-03,5.646682e-02
1.670359e-01,3.921665e-02,3.858132e-02,2.266468e-02,2.781525e-03,1.025245e-02,9.415488e-04,4.419232e-03,6.906009e-02,3.456432e-02,5.969258e-03,4.368343e-03,5.484719e-01,5.070324e-03,4.660241e-02
1.181371e-01,2.852008e-02,2.709024e-02,1.641791e-02,2.083689e-03,7.806045e-03,6.973771e-04,3.150976e-03,5.159261e-02,2.421810e-02,4.324391e-03,3.503002e-03,6.662474e-01,3.567336e-03,4.264382e-02
8.370139e-02,2.047666e-02,1.913277e-02,1.183884e-02,1.607910e-03,7.630114e-03,5.313110e-04,2.233292e-03,3.813484e-02,1.698497e-02,4.049061e-03,6.774881e-03,7.136096e-01,2.612884e-03,7.068149e-02
6.110221e-02,1.489186e-02,1.374197e-02,9.063732e-03,1.424085e-03,1.402920e-02,5.054954e-04,1.608156e-03,3.210641e-02,1.219944e-02,1.136247e-02,4.055603e-02,6.569711e-01,2.462489e-03,1.279754e-01
4.387070e-02,1.102748e-02,9.860176e-03,6.937748e-03,1.246407e-03,1.874413e-02,5.778134e-04,1.178052e-03,2.768239e-02,9.139590e-03,1.740072e-02,8.961247e-02,5.847582e-01,2.230712e-03,1.757334e-01
3.155209e-02,8.428629e-03,7.242602e-03,5.488929e-03,1.254662e-03,1.904507e-02,9.426553e-04,9.193780e-04,3.044523e-02,8.678660e-03,3.277586e-02,1.402708e-01,5.469900e-01,2.005478e-03,1.639600e-01
2.316236e-02,6.449722e-03,5.529272e-03,4.457974e-03,1.471966e-03,1.894967e-02,1.364091e-03,9.045827e-04,3.129376e-02,9.147312e-03,4.736977e-02,2.285656e-01,4.723641e-01,1.953171e-03,1.470166e-01
1.737662e-02,6.568785e-03,5.011790e-03,4.049655e-03,1.799131e-03,2.342604e-02,1.418586e-03,9.951618e-04,4.023015e-02,1.231312e-02,6.734514e-02,2.828790e-01,4.255112e-01,3.270221e-03,1.078054e-01
1.300055e-02,4.876265e-03,3.697925e-03,3.087288e-03,1.392988e-03,2.229914e-02,1.205400e-03,8.593266e-04,3.262771e-02,1.200152e-02,7.774377e-02,4.058266e-01,3.407686e-01,3.138177e-03,7.747468e-02
9.615967e-03,3.759353e-03,2.676507e-03,2.438223e-03,1.764630e-03,1.724851e-02,9.817374e-04,7.233797e-04,6.125709e-02,1.100242e-02,8.786088e-02,4.513738e-01,2.917773e-01,2.358693e-03,5.516155e-02
7.639712e-03,2.906767e-03,2.345774e-03,4.298206e-03,4.394475e-03,1.406532e-02,9.337993e-04,2.356588e-03,6.637248e-02,1.812189e-02,1.297879e-01,4.465372e-01,2.576237e-01,2.890430e-03,3.972577e-02
6.748476e-03,2.198328e-03,1.894214e-03,3.513903e-03,5.302357e-02,1.026063e-02,1.560928e-03,3.814703e-03,7.643369e-02,1.563822e-02,1.454969e-01,4.315980e-01,2.167416e-01,2.380798e-03,2.869599e-02
1.087373e-02,1.617478e-03,2.133959e-03,3.543033e-03,1.292119e-01,7.551105e-03,1.874504e-03,3.482711e-02,7.922569e-02,1.279853e-02,1.406600e-01,3.505797e-01,2.029972e-01,1.798942e-03,2.030707e-02
1.061479e-02,1.193288e-03,1.624993e-03,3.358872e-03,1.054517e-01,6.721861e-03,1.421841e-03,3.936252e-02,8.303529e-02,9.318460e-03,1.300724e-01,3.554126e-01,2.366329e-01,1.469738e-03,1.430869e-02
1.148190e-02,8.703393e-04,1.284241e-03,4.234408e-03,9.955429e-02,5.006725e-03,1.205102e-03,4.183348e-02,8.204350e-02,6.659354e-03,1.403494e-01,3.042403e-01,2.900353e-01,1.127942e-03,1.007369e-02
1.054381e-02,7.741526e-04,1.485499e-03,3.644041e-03,9.349099e-02,3.733231e-03,1.138045e-03,5.986728e-02,1.960895e-01,4.713451e-03,1.289126e-01,2.398706e-01,2.477567e-01,8.488972e-04,7.131300e-03
9.299462e-03,9.058592e-04,1.652662e-03,4.693053e-03,7.900082e-02,2.760030e-03,9.304704e-04,9.263798e-02,3.265930e-01,3.331471e-03,1.012684e-01,1.802767e-01,1.910067e-01,6.158429e-04,5.027641e-03
8.164573e-03,2.028891e-03,1.612308e-03,6.491953e-03,6.651603e-02,2.456652e-03,8.568460e-04,6.684844e-02,4.997558e-01,2.372328e-03,7.291230e-02,1.286165e-01,1.373559e-01,4.469953e-04,3.564426e-03
7.023581e-03,2.418420e-03,4.334338e-03,2.153547e-01,5.270875e-02,3.761527e-03,6.480287e-04,5.064833e-02,4.189076e-01,1.947382e-03,5.194365e-02,9.032498e-02,9.682290e-02,3.238130e-04,2.831970e-03
1.207506e-02,9.821485e-03,9.222349e-03,2.448924e-01,5.148865e-02,3.923704e-03,6.232440e-04,4.187291e-02,4.437426e-01,3.227993e-03,4.101344e-02,6.409708e-02,7.036822e-02,2.863994e-04,3.344461e-03
3.087974e-02,1.973836e-02,1.016641e-02,1.803048e-01,8.631939e-02,7.774487e-03,1.038024e-03,3.201126e-02,4.773334e-01,4.151367e-03,3.932698e-02,4.615224e-02,5.403845e-02,3.742515e-04,1.039093e-02
5.432925e-02,2.228549e-02,1.010465e-02,1.452688e-01,9.754576e-02,1.029147e-02,1.648546e-03,2.965270e-02,4.644830e-01,4.733103e-03,7.235560e-02,3.386180e-02,4.129191e-02,5.920730e-04,1.155589e-02
7.139881e-02,3.231571e-02,3.589392e-02,1.702329e-01,1.274716e-01,1.571284e-02,5.216684e-03,4.248672e-02,3.663140e-01,4.657380e-03,5.555863e-02,2.574027e-02,3.102654e-02,8.176147e-04,1.515642e-02
1.364101e-01,5.147052e-02,3.408724e-02,1.498601e-01,1.157224e-01,2.468805e-02,5.159018e-03,3.420179e-02,2.930942e-01,5.893963e-03,4.206562e-02,2.351601e-02,2.464699e-02,2.081571e-03,5.710243e-02
1.816043e-01,6.014682e-02,2.596667e-02,2.203662e-01,8.959796e-02,2.056186e-02,4.146911e-03,3.185919e-02,2.174618e-01,6.488716e-03,3.533171e-02,2.528912e-02,2.409564e-02,1.942676e-03,5.514048e-02
2.499573e-01,4.919038e-02,2.001443e-02,1.717656e-01,7.155908e-02,1.969115e-02,5.653195e-03,1.332330e-01,1.549270e-01,4.898215e-03,2.857376e-02,2.460358e-02,2.125573e-02,2.116428e-03,4.256114e-02
2.215523e-01,3.600787e-02,1.453302e-02,1.265294e-01,5.729840e-02,1.588532e-02,6.097279e-03,3.067732e-01,1.136579e-01,3.754190e-03,2.908647e-02,1.895656e-02,1.760870e-02,1.651815e-03,3.060758e-02
1.768824e-01,2.585702e-02,1.081601e-02,8.984470e-02,4.336397e-02,1.258643e-02,5.103703e-03,4.825033e-01,7.983133e-02,2.695058e-03,2.124152e-02,1.372121e-02,1.268621e-02,1.213963e-03,2.165320e-02
1.661557e-01,1.945033e-02,8.246293e-03,6.380084e-02,3.521665e-02,9.703916e-03,4.067668e-03,5.829148e-01,5.651917e-02,2.210926e-03,1.621809e-02,9.961626e-03,9.125340e-03,9.700431e-04,1.543864e-02
1.546564e-01,1.447393e-02,6.427420e-03,4.522893e-02,2.665251e-02,7.818579e-03,3.189217e-03,6.599648e-01,4.026300e-02,1.851194e-03,1.270112e-02,7.814248e-03,6.856509e-03,8.137783e-04,1.128839e-02
2.615193e-01,1.172439e-02,5.196106e-03,3.339336e-02,1.954307e-02,7.927572e-03,2.555091e-03,5.720187e-01,3.098420e-02,1.810580e-03,1.599645e-02,1.584744e-02,1.089542e-02,1.569988e-03,9.018236e-03
3.036726e-01,9.266492e-03,3.863486e-03,2.477352e-02,1.432592e-02,8.995451e-03,2.082721e-03,4.705002e-01,2.458880e-02,2.228355e-03,3.149895e-02,3.460610e-02,5.971227e-02,2.852231e-03,7.032936e-03
4.056948e-01,8.790976e-03,3.823093e-03,2.043372e-02,1.071214e-02,1.236288e-02,2.550000e-03,3.440576e-01,2.659486e-02,2.680322e-03,2.780532e-02,4.982344e-02,7.084218e-02,5.877557e-03,7.951179e-03
1.000000e+00,0.000000e+00,0.000000e+00,0.000000e+00,0.000000e+00,0.000000e+00,0.000000e+00,0.000000e+00,0.000000e+00,0.000000e+00,0.000000e+00,0.000000e+00,0.000000e+00,0.000000e+00,0.000000e+00
1.000000e+00,0.000000e+00,0.000000e+00,0.000000e+00,0.000000e+00,0.000000e+00,0.000000e+00,0.000000e+00,0.000000e+00,0.000000e+00,0.000000e+00,0.000000e+00,0.000000e+00,0.000000e+00,0.000000e+00
1.000000e+00,0.000000e+00,0.000000e+00,0.000000e+00,0.000000e+00,0.000000e+00,0.000000e+00,0.000000e+00,0.000000e+00,0.000000e+00,0.000000e+00,0.000000e+00,0.000000e+00,0.000000e+00,0.000000e+00
1.000000e+00,0.000000e+00,0.000000e+00,0.000000e+00,0.000000e+00,0.000000e+00,0.000000e+00,0.000000e+00,0.000000e+00,0.000000e+00,0.000000e+00,0.000000e+00,0.000000e+00,0.000000e+00,0.000000e+00
