1.000000e+00,0.000000e+00,0.000000e+00,0.000000e+00,0.000000e+00,0.000000e+00,0.000000e+00,0.000000e+00,0.000000e+00,0.000000e+00,0.000000e+00,0.000000e+00,0.000000e+00,0.000000e+00,0.000000e+00
1.000000e+00,0.000000e+00,0.000000e+00,0.000000e+00,0.000000e+00,0.000000e+00,0.000000e+00,0.000000e+00,0.000000e+00,0.000000e+00,0.000000e+00,0.000000e+00,0.000000e+00,0.000000e+00,0.000000e+00
1.000000e+00,0.000000e+00,0.000000e+00,0.000000e+00,0.000000e+00,0.000000e+00,0.000000e+00,0.000000e+00,0.000000e+00,0.000000e+00,0.000000e+00,0.000000e+00,0.000000e+00,0.000000e+00,0.000000e+00
1.000000e+00,0.000000e+00,0.000000e+00,0.000000e+00,0.000000e+00,0.000000e+00,0.000000e+00,0.000000e+00,0.000000e+00,0.000000e+00,0.000000e+00,0.000000e+00,0.000000e+00,0.000000e+00,0.000000e+00
1.000000e+00,0.000000e+00,0.000000e+00,0.000000e+00,0.000000e+00,0.000000e+00,0.000000e+00,0.000000e+00,0.000000e+00,0.000000e+00,0.000000e+00,0.000000e+00,0.000000e+00,0.000000e+00,0.000000e+00
1.000000e+00,0.000000e+00,0.000000e+00,0.000000e+00,0.000000e+00,0.000000e+00,0.000000e+00,0.000000e+00,0.000000e+00,0.000000e+00,0.000000e+00,0.000000e+00,0.000000e+00,0.000000e+00,0.000000e+00
1.000000e+00,0.000000e+00,0.000000e+00,0.000000e+00,0.000000e+00,0.000000e+00,0.000000e+00,0.000000e+00,0.000000e+00,0.000000e+00,0.000000e+00,0.000000e+00,0.000000e+00,0.000000e+00,0.000000e+00
1.000000e+00,0.000000e+00,0.000000e+00,0.000000e+00,0.000000e+00,0.000000e+00,0.000000e+00,0.000000e+00,0.000000e+00,0.000000e+00,0.000000e+00,0.000000e+00,0.000000e+00,0.000000e+00,0.000000e+00
1.000000e+00,0.000000e+00,0.000000e+00,0.000000e+00,0.000000e+00,0.000000e+00,0.000000e+00,0.000000e+00,0.000000e+00,0.000000e+00,0.000000e+00,0.000000e+00,0.000000e+00,0.000000e+00,0.000000e+00
1.000000e+00,0.000000e+00,0.000000e+00,0.000000e+00,0.000000e+00,0.000000e+00,0.000000e+00,0.000000e+00,0.000000e+00,0.000000e+00,0.000000e+00,0.000000e+00,0.000000e+00,0.000000e+00,0.000000e+00
1.000000e+00,0.000000e+00,0.000000e+00,0.000000e+00,0.000000e+00,0.000000e+00,0.000000e+00,0.000000e+00,0.000000e+00,0.000000e+00,0.000000e+00,0.000000e+00,0.000000e+00,0.000000e+00,0.000000e+00
1.000000e+00,0.000000e+00,0.000000e+00,0.000000e+00,0.000000e+00,0.000000e+00,0.000000e+00,0.000000e+00,0.000000e+00,0.000000e+00,0.000000e+00,0.000000e+00,0.000000e+00,0.000000e+00,0.000000e+00
1.000000e+00,0.000000e+00,0.000000e+00,0.000000e+00,0.000000e+00,0.000000e+00,0.000000e+00,0.000000e+00,0.000000e+00,0.000000e+00,0.000000e+00,0.000000e+00,0.000000e+00,0.000000e+00,0.000000e+00
1.000000e+00,0.000000e+00,0.000000e+00,0.000000e+00,0.000000e+00,0.000000e+00,0.000000e+00,0.000000e+00,0.000000e+00,0.000000e+00,0.000000e+00,0.000000e+00,0.000000e+00,0.000000e+00,0.000000e+00
1.000000e+00,0.000000e+00,0.000000e+00,0.000000e+00,0.000000e+00,0.000000e+00,0.000000e+00,0.000000e+00,0.000000e+00,0.000000e+00,0.000000e+00,0.000000e+00,0.000000e+00,0.000000e+00,0.000000e+00
1.000000e+00,0.000000e+00,0.000000e+00,0.000000e+00,0.000000e+00,0.000000e+00,0.000000e+00,0.000000e+00,0.000000e+00,0.000000e+00,0.000000e+00,0.000000e+00,0.000000e+00,0.000000e+00,0.000000e+00
1.000000e+00,0.000000e+00,0.000000e+00,0.000000e+00,0.000000e+00,0.000000e+00,0.000000e+00,0.000000e+00,0.000000e+00,0.000000e+00,0.000000e+00,0.000000e+00,0.000000e+00,0.000000e+00,0.000000e+00
1.000000e+00,0.000000e+00,0.000000e+00,0.000000e+00,0.000000e+00,0.000000e+00,0.000000e+00,0.000000e+00,0.000000e+00,0.000000e+00,0.000000e+00,0.000000e+00,0.000000e+00,0.000000e+00,0.000000e+00
1.000000e+00,0.000000e+00,0.000000e+00,0.000000e+00,0.000000e+00,0.000000e+00,0.000000e+00,0.000000e+00,0.000000e+00,0.000000e+00,0.000000e+00,0.000000e+00,0.000000e+00,0.000000e+00,0.000000e+00
1.000000e+00,0.000000e+00,0.000000e+00,0.000000e+00,0.000000e+00,0.000000e+00,0.000000e+00,0.000000e+00,0.000000e+00,0.000000e+00,0.000000e+00,0.000000e+00,0.000000e+00,0.000000e+00,0.000000e+00
1.000000e+00,0.000000e+00,0.000000e+00,0.000000e+00,0.000000e+00,0.000000e+00,0.000000e+00,0.000000e+00,0.000000e+00,0.000000e+00,0.000000e+00,0.000000e+00,0.000000e+00,0.000000e+00,0.000000e+00
1.000000e+00,0.000000e+00,0.000000e+00,0.000000e+00,0.000000e+00,0.000000e+00,0.000000e+00,0.000000e+00,0.000000e+00,0.000000e+00,0.000000e+00,0.000000e+00,0.000000e+00,0.000000e+00,0.000000e+00
1.000000e+00,0.000000e+00,0.000000e+00,0.000000e+00,0.000000e+00,0.000000e+00,0.000000e+00,0.000000e+00,0.000000e+00,0.000000e+00,0.000000e+00,0.000000e+00,0.000000e+00,0.000000e+00,0.000000e+00
1.000000e+00,0.000000e+00,0.000000e+00,0.000000e+00,0.000000e+00,0.000000e+00,0.000000e+00,0.000000e+00,0.000000e+00,0.000000e+00,0.000000e+00,0.000000e+00,0.000000e+00,0.000000e+00,0.000000e+00
1.000000e+00,0.000000e+00,0.000000e+00,0.000000e+00,0.000000e+00,0.000000e+00,0.000000e+00,0.000000e+00,0.000000e+00,0.000000e+00,0.000000e+00,0.000000e+00,0.000000e+00,0.000000e+00,0.000000e+00
1.000000e+00,0.000000e+00,0.000000e+00,0.000000e+00,0.000000e+00,0.000000e+00,0.000000e+00,0.000000e+00,0.000000e+00,0.000000e+00,0.000000e+00,0.000000e+00,0.000000e+00,0.000000e+00,0.000000e+00
1.000000e+00,0.000000e+00,0.000000e+00,0.000000e+00,0.000000e+00,0.000000e+00,0.000000e+00,0.000000e+00,0.000000e+00,0.000000e+00,0.000000e+00,0.000000e+00,0.000000e+00,0.000000e+00,0.000000e+00
1.000000e+00,0.000000e+00,0.000000e+00,0.000000e+00,0.000000e+00,0.000000e+00,0.000000e+00,0.000000e+00,0.000000e+00,0.000000e+00,0.000000e+00,0.000000e+00,0.000000e+00,0.000000e+00,0.000000e+00
1.000000e+00,0.000000e+00,0.000000e+00,0.000000e+00,0.000000e+00,0.000000e+00,0.000000e+00,0.000000e+00,0.000000e+00,0.000000e+00,0.000000e+00,0.000000e+00,0.000000e+00,0.000000e+00,0.000000e+00
1.000000e+00,0.000000e+00,0.000000e+00,0.000000e+00,0.000000e+00,0.000000e+00,0.000000e+00,0.000000e+00,0.000000e+00,0.000000e+00,0.000000e+00,0.000000e+00,0.000000e+00,0.000000e+00,0.000000e+00
1.000000e+00,0.000000e+00,0.000000e+00,0.000000e+00,0.000000e+00,0.000000e+00,0.000000e+00,0.000000e+00,0.000000e+00,0.000000e+00,0.000000e+00,0.000000e+00,0.000000e+00,0.000000e+00,0.000000e+00
1.000000e+00,0.000000e+00,0.000000e+00,0.000000e+00,0.000000e+00,0.000000e+00,0.000000e+00,0.000000e+00,0.000000e+00,0.000000e+00,0.000000e+00,0.000000e+00,0.000000e+00,0.000000e+00,0.000000e+00
1.000000e+00,0.000000e+00,0.000000e+00,0.000000e+00,0.000000e+00,0.000000e+00,0.000000e+00,0.000000e+00,0.000000e+00,0.000000e+00,0.000000e+00,0.000000e+00,0.000000e+00,0.000000e+00,0.000000e+00
1.000000e+00,0.000000e+00,0.000000e+00,0.000000e+00,0.000000e+00,0.000000e+00,0.000000e+00,0.000000e+00,0.000000e+00,0.000000e+00,0.000000e+00,0.000000e+00,0.000000e+00,0.000000e+00,0.000000e+00
1.000000e+00,0.000000e+00,0.000000e+00,0.000000e+00,0.000000e+00,0.000000e+00,0.000000e+00,0.000000e+00,0.000000e+00,0.000000e+00,0.000000e+00,0.000000e+00,0.000000e+00,0.000000e+00,0.000000e+00
1.000000e+00,0.000000e+00,0.000000e+00,0.000000e+00,0.000000e+00,0.000000e+00,0.000000e+00,0.000000e+00,0.000000e+00,0.000000e+00,0.000000e+00,0.000000e+00,0.000000e+00,0.000000e+00,0.000000e+00
1.000000e+00,0.000000e+00,0.000000e+00,0.000000e+00,0.000000e+00,0.000000e+00,0.000000e+00,0.000000e+00,0.000000e+00,0.000000e+00,0.000000e+00,0.000000e+00,0.000000e+00,0.000000e+00,0.000000e+00
1.000000e+00,0.000000e+00,0.000000e+00,0.000000e+00,0.000000e+00,0.000000e+00,0.000000e+00,0.000000e+00,0.000000e+00,0.000000e+00,0.000000e+00,0.000000e+00,0.000000e+00,0.000000e+00,0.000000e+00
1.000000e+00,0.000000e+00,0.000000e+00,0.000000e+00,0.000000e+00,0.000000e+00,0.000000e+00,0.000000e+00,0.000000e+00,0.000000e+00,0.000000e+00,0.000000e+00,0.000000e+00,0.000000e+00,0.000000e+00
1.000000e+00,0.000000e+00,0.000000e+00,0.000000e+00,0.000000e+00,0.000000e+00,0.000000e+00,0.000000e+00,0.000000e+00,0.000000e+00,0.000000e+00,0.000000e+00,0.000000e+00,0.000000e+00,0.000000e+00
1.000000e+00,0.000000e+00,0.000000e+00,0.000000e+00,0.000000e+00,0.000000e+00,0.000000e+00,0.000000e+00,0.000000e+00,0.000000e+00,0.000000e+00,0.000000e+00,0.000000e+00,0.000000e+00,0.000000e+00
1.000000e+00,0.000000e+00,0.000000e+00,0.000000e+00,0.000000e+00,0.000000e+00,0.000000e+00,0.000000e+00,0.000000e+00,0.000000e+00,0.000000e+00,0.000000e+00,0.000000e+00,0.000000e+00,0.000000e+00
1.000000e+00,0.000000e+00,0.000000e+00,0.000000e+00,0.000000e+00,0.000000e+00,0.000000e+00,0.000000e+00,0.000000e+00,0.000000e+00,0.000000e+00,0.000000e+00,0.000000e+00,0.000000e+00,0.000000e+00
1.000000e+00,0.000000e+00,0.000000e+00,0.000000e+00,0.000000e+00,0.000000e+00,0.000000e+00,0.000000e+00,0.000000e+00,0.000000e+00,0.000000e+00,0.000000e+00,0.000000e+00,0.000000e+00,0.000000e+00
1.000000e+00,0.000000e+00,0.000000e+00,0.000000e+00,0.000000e+00,0.000000e+00,0.000000e+00,0.000000e+00,0.000000e+00,0.000000e+00,0.000000e+00,0.000000e+00,0.000000e+00,0.000000e+00,0.000000e+00
1.000000e+00,0.000000e+00,0.000000e+00,0.000000e+00,0.000000e+00,0.000000e+00,0.000000e+00,0.000000e+00,0.000000e+00,0.000000e+00,0.000000e+00,0.000000e+00,0.000000e+00,0.000000e+00,0.000000e+00
1.000000e+00,0.000000e+00,0.000000e+00,0.000000e+00,0.000000e+00,0.000000e+00,0.000000e+00,0.000000e+00,0.000000e+00,0.000000e+00,0.000000e+00,0.000000e+00,0.000000e+00,0.000000e+00,0.000000e+00
1.000000e+00,0.000000e+00,0.000000e+00,0.000000e+00,0.000000e+00,0.000000e+00,0.000000e+00,0.000000e+00,0.000000e+00,0.000000e+00,0.000000e+00,0.000000e+00,0.000000e+00,0.000000e+00,0.000000e+00
1.000000e+00,0.000000e+00,0.000000e+00,0.000000e+00,0.000000e+00,0.000000e+00,0.000000e+00,0.000000e+00,0.000000e+00,0.000000e+00,0.000000e+00,0.000000e+00,0.000000e+00,0.000000e+00,0.000000e+00
1.000000e+00,0.000000e+00,0.000000e+00,0.000000e+00,0.000000e+00,0.000000e+00,0.000000e+00,0.000000e+00,0.000000e+00,0.000000e+00,0.000000e+00,0.000000e+00,0.000000e+00,0.000000e+00,0.000000e+00
1.000000e+00,0.000000e+00,0.000000e+00,0.000000e+00,0.000000e+00,0.000000e+00,0.000000e+00,0.000000e+00,0.000000e+00,0.000000e+00,0.000000e+00,0.000000e+00,0.000000e+00,0.000000e+00,0.000000e+00
1.000000e+00,0.000000e+00,0.000000e+00,0.000000e+00,0.000000e+00,0.000000e+00,0.000000e+00,0.000000e+00,0.000000e+00,0.000000e+00,0.000000e+00,0.000000e+00,0.000000e+00,0.000000e+00,0.000000e+00
1.000000e+00,0.000000e+00,0.000000e+00,0.000000e+00,0.000000e+00,0.000000e+00,0.000000e+00,0.000000e+00,0.000000e+00,0.000000e+00,0.000000e+00,0.000000e+00,0.000000e+00,0.000000e+00,0.000000e+00
1.000000e+00,0.000000e+00,0.000000e+00,0.000000e+00,0.000000e+00,0.000000e+00,0.000000e+00,0.000000e+00,0.000000e+00,0.000000e+00,0.000000e+00,0.000000e+00,0.000000e+00,0.000000e+00,0.000000e+00
1.000000e+00,0.000000e+00,0.000000e+00,0.000000e+00,0.000000e+00,0.000000e+00,0.000000e+00,0.000000e+00,0.000000e+00,0.000000e+00,0.000000e+00,0.000000e+00,0.000000e+00,0.000000e+00,0.000000e+00
1.000000e+00,0.000000e+00,0.000000e+00,0.000000e+00,0.000000e+00,0.000000e+00,0.000000e+00,0.000000e+00,0.000000e+00,0.000000e+00,0.000000e+00,0.000000e+00,0.000000e+00,0.000000e+00,0.000000e+00
1.000000e+00,0.000000e+00,0.000000e+00,0.000000e+00,0.000000e+00,0.000000e+00,0.000000e+00,0.000000e+00,0.000000e+00,0.000000e+00,0.000000e+00,0.000000e+00,0.000000e+00,0.000000e+00,0.000000e+00
1.000000e+00,0.000000e+00,0.000000e+00,0.000000e+00,0.000000e+00,0.000000e+00,0.000000e+00,0.000000e+00,0.000000e+00,0.000000e+00,0.000000e+00,0.000000e+00,0.000000e+00,0.000000e+00,0.000000e+00
1.000000e+00,0.000000e+00,0.000000e+00,0.000000e+00,0.000000e+00,0.000000e+00,0.000000e+00,0.000000e+00,0.000000e+00,0.000000e+00,0.000000e+00,0.000000e+00,0.000000e+00,0.000000e+00,0.000000e+00
1.000000e+00,0.000000e+00,0.000000e+00,0.000000e+00,0.000000e+00,0.000000e+00,0.000000e+00,0.000000e+00,0.000000e+00,0.000000e+00,0.000000e+00,0.000000e+00,0.000000e+00,0.000000e+00,0.000000e+00
3.895490e-01,1.093228e-02,2.240605e-02,2.996032e-02,2.412627e-01,5.787813e-02,4.980440e-02,1.007610e-01,2.204839e-03,5.443190e-02,8.915212e-03,1.703105e-02,7.544443e-03,1.674955e-03,5.643762e-03
2.794233e-01,8.178099e-03,1.616200e-02,2.152335e-02,2.904615e-01,4.339220e-02,6.666136e-02,7.223626e-02,1.909820e-03,1.603826e-01,1.114445e-02,1.303493e-02,7.220794e-03,1.686308e-03,6.582993e-03
1.988542e-01,5.835159e-03,1.144075e-02,1.600323e-02,2.046044e-01,3.244298e-02,4.880080e-02,5.088184e-02,8.353022e-03,3.340261e-01,3.170856e-02,1.039112e-02,2.671682e-02,2.188265e-03,1.775267e-02
1.458449e-01,4.180716e-03,8.057850e-03,1.224176e-02,1.467411e-01,2.400728e-02,3.878509e-02,3.586900e-02,1.170294e-02,4.862675e-01,3.360165e-02,1.143800e-02,2.142565e-02,5.419315e-03,1.441726e-02
1.208230e-01,3.225290e-03,5.734982e-03,1.036083e-02,1.057204e-01,2.058784e-02,7.280669e-02,2.578501e-02,1.223519e-02,3.704532e-01,6.895255e-02,2.597015e-02,1.804408e-02,1.215439e-01,1.775699e-02
1.232677e-01,2.649687e-03,4.448387e-03,1.056623e-02,7.591736e-02,1.764339e-02,5.950245e-02,1.921695e-02,1.145776e-02,2.772850e-01,1.018855e-01,3.421731e-02,1.530212e-02,2.313933e-01,1.524693e-02
1.018395e-01,2.009033e-03,3.370360e-03,8.312220e-03,5.378060e-02,1.289191e-02,4.632931e-02,1.408788e-02,1.024469e-02,1.977533e-01,9.263690e-02,9.945632e-02,1.467331e-02,3.294969e-01,1.311780e-02
1.161785e-01,2.210592e-03,3.224215e-03,6.803018e-03,3.958141e-02,1.286963e-02,3.709634e-02,1.057631e-02,8.699941e-03,1.476455e-01,1.492515e-01,7.858186e-02,1.119654e-02,3.634441e-01,1.264051e-02
1.750281e-01,2.360685e-03,3.583635e-03,5.427338e-03,2.850137e-02,1.612698e-02,2.711464e-02,7.664677e-03,6.855522e-03,1.048638e-01,1.637336e-01,5.934263e-02,8.730772e-03,3.801980e-01,1.046823e-02
1.276487e-01,4.703300e-03,3.096200e-03,4.304818e-03,2.058205e-02,1.409121e-02,1.942254e-02,5.466913e-03,1.132132e-02,7.418253e-02,1.619514e-01,5.174101e-02,6.786500e-03,4.851211e-01,9.580445e-03
8.999246e-02,5.336819e-03,2.800468e-03,3.124524e-03,1.461261e-02,1.142337e-02,1.364177e-02,3.837206e-03,2.070378e-02,5.305631e-02,1.967719e-01,4.179223e-02,4.912028e-03,5.298282e-01,8.166335e-03
6.318225e-02,5.160789e-03,2.578046e-03,2.257857e-03,1.030342e-02,9.710945e-03,9.562949e-03,2.691040e-03,1.958879e-02,3.794794e-02,2.391360e-01,3.308943e-02,3.742653e-03,5.543354e-01,6.712559e-03
4.425328e-02,8.160873e-03,6.173968e-03,1.666191e-03,7.265610e-03,8.747228e-03,6.706259e-03,1.888352e-03,2.064410e-02,2.812281e-02,2.665218e-01,2.513460e-02,3.204153e-03,5.657117e-01,5.798975e-03
3.100226e-02,8.094134e-03,4.876302e-03,1.271479e-03,5.128499e-03,7.209051e-03,4.700010e-03,1.323722e-03,2.322563e-02,2.027256e-02,2.423142e-01,1.876096e-02,2.358505e-03,6.247436e-01,4.719063e-03
2.172241e-02,6.882626e-03,3.823690e-03,9.953226e-04,3.628175e-03,5.706321e-03,3.293821e-03,9.282515e-04,2.597310e-02,1.446566e-02,2.139780e-01,1.354058e-02,1.693125e-03,6.795588e-01,3.810099e-03
1.524895e-02,5.531197e-03,3.472745e-03,1.111036e-03,2.641440e-03,5.618207e-03,2.314150e-03,6.599721e-04,4.759750e-02,1.064631e-02,1.815912e-01,9.802581e-03,1.256616e-03,7.092080e-01,3.300015e-03
1.075278e-02,5.978603e-03,3.930378e-03,2.038679e-03,2.023405e-03,6.711426e-03,1.640114e-03,4.828869e-04,7.213119e-02,8.750523e-03,1.553004e-01,7.204650e-03,1.008855e-03,7.175074e-01,4.538680e-03
7.675543e-03,8.201864e-03,3.677348e-03,2.057437e-03,1.570895e-03,1.005798e-02,1.158940e-03,3.825565e-04,1.062068e-01,1.196560e-02,1.375146e-01,5.404654e-03,8.606328e-04,6.947343e-01,8.530867e-03
5.500340e-03,8.314157e-03,3.148406e-03,1.947596e-03,1.163859e-03,9.314613e-03,8.199380e-04,2.885035e-04,1.446370e-01,1.675558e-02,1.215005e-01,4.123367e-03,6.868351e-04,6.682071e-01,1.359228e-02
3.946711e-03,7.097584e-03,4.311777e-03,5.543050e-03,1.054057e-03,1.308541e-02,5.982097e-04,2.454019e-04,2.028484e-01,1.694354e-02,1.079169e-01,5.260103e-03,3.144770e-03,6.056276e-01,2.237653e-02
2.954893e-03,5.901750e-03,4.648307e-03,8.719628e-03,8.405690e-04,1.274909e-02,4.346836e-04,2.346221e-04,2.268047e-01,2.023318e-02,1.029448e-01,5.494182e-03,3.512269e-03,5.816584e-01,2.286895e-02
2.320986e-03,4.946134e-03,3.711442e-03,7.034994e-03,7.262380e-04,1.043896e-02,3.139370e-04,2.100544e-04,2.885872e-01,1.968661e-02,8.427462e-02,4.828442e-03,2.925508e-03,5.511205e-01,1.887431e-02
2.284299e-03,5.828219e-03,4.746105e-03,5.376039e-03,8.545403e-04,8.827717e-03,2.268710e-04,1.797734e-04,3.455552e-01,3.004485e-02,8.991258e-02,3.814494e-03,2.913215e-03,4.804625e-01,1.897362e-02
2.444547e-03,4.647546e-03,5.001710e-03,3.978706e-03,8.422967e-04,8.504358e-03,1.636032e-04,1.748382e-04,3.756605e-01,4.952051e-02,7.204950e-02,2.908311e-03,2.388992e-03,4.485673e-01,2.314720e-02
3.388345e-03,4.260539e-03,8.857671e-03,3.114448e-03,8.556896e-04,7.852453e-03,1.237718e-04,2.033138e-04,4.302282e-01,5.986245e-02,5.311894e-02,2.292210e-03,1.886322e-03,3.957268e-01,2.822886e-02
5.810186e-03,4.476116e-03,1.516866e-02,2.398647e-03,9.326967e-04,1.012928e-02,1.070195e-04,3.771346e-04,4.570671e-01,5.586573e-02,4.393398e-02,1.780647e-03,1.661626e-03,3.711958e-01,2.909537e-02
6.151273e-03,1.044277e-02,1.752179e-02,2.638023e-03,2.237733e-03,1.531680e-02,4.073311e-04,2.727532e-03,5.327429e-01,4.216210e-02,3.437979e-02,1.457916e-03,1.637298e-03,3.070652e-01,2.311154e-02
7.016576e-03,1.559265e-02,1.722065e-02,7.471760e-03,5.698300e-03,1.955150e-02,6.213813e-04,9.002403e-03,6.029615e-01,3.695267e-02,2.521562e-02,1.129148e-03,1.874366e-03,2.287835e-01,2.090792e-02
7.469078e-03,1.566672e-02,1.373004e-02,1.734683e-02,6.685139e-03,2.955307e-02,5.165148e-04,9.388415e-03,6.620013e-01,3.314891e-02,1.827083e-02,9.227004e-04,1.972180e-03,1.656798e-01,1.764852e-02
1.086532e-02,1.927370e-02,1.887373e-02,2.370763e-02,1.158568e-02,4.283556e-02,5.474911e-04,1.618641e-02,6.669405e-01,2.902839e-02,1.408398e-02,1.007724e-03,1.972047e-03,1.248308e-01,1.826099e-02
1.187494e-02,2.490440e-02,1.918428e-02,2.205145e-02,1.534681e-02,3.606133e-02,4.651005e-04,5.586159e-02,6.695217e-01,2.428679e-02,1.072297e-02,8.501366e-04,1.809332e-03,9.152312e-02,1.553601e-02
1.206912e-02,2.325492e-02,2.188431e-02,1.908552e-02,1.540155e-02,2.790390e-02,4.850655e-04,9.599087e-02,6.560299e-01,3.217622e-02,7.866599e-03,6.758503e-04,2.100094e-03,6.599540e-02,1.908061e-02
1.489567e-02,4.401588e-02,2.430031e-02,1.972340e-02,1.934025e-02,2.271034e-02,9.452644e-04,1.820429e-01,5.596564e-01,2.797403e-02,7.220000e-03,9.116903e-04,4.946766e-03,5.534295e-02,1.597417e-02
1.532834e-02,3.663410e-02,2.071462e-02,2.159922e-02,2.791353e-02,1.747356e-02,1.665847e-03,3.104066e-01,4.628191e-01,2.174647e-02,5.313040e-03,7.066694e-04,3.734065e-03,4.217147e-02,1.177336e-02
1.596389e-02,2.816461e-02,1.790150e-02,1.921616e-02,2.897702e-02,1.291668e-02,1.757656e-03,4.591889e-01,3.498498e-01,1.854011e-02,4.091314e-03,5.349691e-04,3.133066e-03,3.097815e-02,8.786142e-03
1.603767e-02,2.403859e-02,1.480003e-02,1.565361e-02,2.355279e-02,1.025065e-02,1.566374e-03,5.833170e-01,2.578735e-01,1.417392e-02,3.268692e-03,5.270346e-04,2.809001e-03,2.560871e-02,6.522400e-03
1.547477e-02,2.009655e-02,1.405396e-02,1.316204e-02,1.903403e-02,9.004117e-03,1.676591e-03,6.768896e-01,1.900072e-01,1.043578e-02,2.547621e-03,5.377021e-04,2.912292e-03,1.928773e-02,4.880048e-03
1.715048e-02,1.627702e-02,2.534600e-02,1.660623e-02,1.604888e-02,1.140731e-02,5.962049e-03,7.152790e-01,1.363907e-01,1.186605e-02,2.351200e-03,7.245759e-04,4.774626e-03,1.502704e-02,4.788825e-03
2.276651e-02,1.612914e-02,4.446058e-02,1.569011e-02,1.277426e-02,1.857861e-02,2.208754e-02,7.094291e-01,9.863358e-02,9.306973e-03,1.954931e-03,6.459712e-04,1.131361e-02,1.112674e-02,5.102385e-03
2.713215e-02,1.427536e-02,4.861349e-02,1.399302e-02,1.120653e-02,2.941342e-02,2.318823e-02,6.927862e-01,7.099857e-02,1.942290e-02,2.014347e-03,6.151582e-04,3.005480e-02,8.227356e-03,8.058436e-03
7.794510e-02,1.605433e-02,6.330098e-02,1.344082e-02,1.613013e-02,6.162637e-02,2.347544e-02,6.131538e-01,5.418646e-02,1.707898e-02,2.099970e-03,2.011093e-03,2.377802e-02,6.419340e-03,9.299195e-03
1.303949e-01,2.107288e-02,9.438305e-02,1.408977e-02,2.253155e-02,6.498296e-02,2.425062e-02,5.243414e-01,4.252909e-02,1.936929e-02,2.479087e-03,3.247683e-03,1.957872e-02,5.258754e-03,1.149029e-02
9.319214e-02,1.566788e-02,9.877588e-02,1.094693e-02,1.693171e-02,4.895782e-02,1.758192e-02,3.710574e-01,1.116935e-01,1.402377e-01,4.578712e-03,3.004804e-03,1.528934e-02,2.270234e-02,2.938200e-02
7.288109e-02,1.214315e-02,7.863582e-02,9.202956e-03,1.298054e-02,3.995623e-02,1.322614e-02,2.643614e-01,1.247309e-01,2.976517e-01,6.761872e-03,3.013639e-03,1.171607e-02,2.692898e-02,2.580957e-02
5.840128e-02,1.115229e-02,5.585273e-02,9.889728e-03,1.185691e-02,3.489941e-02,9.866159e-03,1.863656e-01,2.052390e-01,3.274480e-01,2.782185e-02,4.153559e-03,9.345967e-03,2.261312e-02,2.509453e-02
5.100798e-02,1.138413e-02,4.034493e-02,9.255605e-03,1.034499e-02,2.849061e-02,7.305153e-03,1.313471e-01,1.516026e-01,3.092985e-01,1.713357e-01,2.611282e-02,7.791119e-03,2.387612e-02,2.050275e-02
4.850855e-02,9.415112e-03,2.937821e-02,7.575654e-03,9.476122e-03,2.355702e-02,6.103802e-03,9.263389e-02,1.114035e-01,2.963436e-01,2.658334e-01,5.228149e-02,6.110739e-03,2.572575e-02,1.565331e-02
9.345874e-02,8.581357e-03,2.554529e-02,1.174718e-02,1.103970e-02,2.005658e-02,5.221291e-03,6.861217e-02,8.261711e-02,2.151517e-01,3.285105e-01,7.818638e-02,4.895313e-03,3.307636e-02,1.330040e-02
1.457389e-01,7.872584e-03,2.170680e-02,1.186349e-02,1.044774e-02,1.729768e-02,5.187161e-03,5.016726e-02,6.077408e-02,1.549674e-01,3.019492e-01,1.541212e-01,4.308216e-03,4.215704e-02,1.144134e-02
1.137998e-01,9.637952e-03,1.678772e-02,8.882424e-03,9.611091e-03,1.270589e-02,4.004146e-03,3.597914e-02,4.517508e-02,1.103112e-01,3.993423e-01,1.737399e-01,3.847698e-03,4.768777e-02,8.488042e-03
8.297126e-02,1.043870e-02,1.243100e-02,6.266385e-03,7.232505e-03,9.285167e-03,2.923299e-03,2.578177e-02,3.263957e-02,7.814658e-02,4.944054e-01,1.859803e-01,3.417408e-03,4.203821e-02,6.042555e-03
6.180885e-02,1.081230e-02,9.760443e-03,4.550077e-03,5.531210e-03,6.950481e-03,2.240600e-03,2.055996e-02,2.800410e-02,5.528469e-02,5.080303e-01,2.386276e-01,2.699412e-03,4.082666e-02,4.313353e-03
4.567480e-02,1.374428e-02,8.715206e-03,3.278352e-03,4.348835e-03,5.784096e-03,1.672582e-03,1.525282e-02,3.671248e-02,3.894619e-02,5.739877e-01,2.015994e-01,2.188639e-03,4.490713e-02,3.187574e-03
3.509446e-02,1.299404e-02,6.962966e-03,2.458761e-03,3.305280e-03,4.900326e-03,1.262192e-03,1.156829e-02,4.592741e-02,2.748830e-02,6.300485e-01,1.712521e-01,1.752013e-03,4.255402e-02,2.431377e-03
2.553127e-02,1.119919e-02,5.421088e-03,1.899704e-03,2.717622e-03,4.728262e-03,9.350138e-04,8.413660e-03,6.111033e-02,2.004255e-02,6.623986e-01,1.426376e-01,1.400947e-03,4.966163e-02,1.902662e-03
2.069351e-02,2.493867e-02,4.594384e-03,1.511251e-03,2.660574e-03,5.566618e-03,7.549074e-04,6.382457e-03,8.602052e-02,1.440061e-02,6.352126e-01,1.139048e-01,1.257459e-03,8.023195e-02,1.869692e-03
1.670123e-02,2.207522e-02,4.431468e-03,2.383490e-03,6.086229e-03,8.904135e-03,6.721609e-04,5.965155e-03,1.140503e-01,1.127785e-02,6.497405e-01,8.621367e-02,1.494360e-03,6.692854e-02,3.075818e-03
1.251973e-02,1.875686e-02,3.284617e-03,1.970011e-03,4.826270e-03,1.163830e-02,4.803893e-04,4.308817e-03,2.037930e-01,9.344195e-03,5.186694e-01,8.910039e-02,3.540837e-03,1.152903e-01,2.476880e-03
1.023923e-02,2.126470e-02,2.991248e-03,1.897584e-03,4.475096e-03,1.414695e-02,3.611977e-04,3.208879e-03,2.620405e-01,9.751849e-03,4.334403e-01,7.898997e-02,4.595812e-03,1.501471e-01,2.449481e-03
9.172826e-03,3.525304e-02,3.382374e-03,1.928687e-03,3.917456e-03,1.287664e-02,3.018258e-04,2.569230e-03,3.008958e-01,1.133272e-02,3.991478e-01,6.864196e-02,4.220755e-03,1.420508e-01,4.308024e-03
8.051264e-03,3.885418e-02,3.321355e-03,1.460846e-03,3.553418e-03,1.489211e-02,2.333866e-04,1.970950e-03,3.083372e-01,1.271107e-02,3.778641e-01,5.847650e-02,3.467590e-03,1.618912e-01,4.914749e-03
1.086535e-02,8.886611e-02,3.189118e-02,2.560079e-03,5.689673e-03,1.744461e-02,3.614317e-04,5.441228e-03,3.193161e-01,1.760203e-02,3.092806e-01,4.345183e-02,3.628906e-03,1.365705e-01,7.030331e-03
8.033937e-03,2.247391e-01,2.364266e-02,2.224608e-03,5.166971e-03,4.976006e-02,2.594433e-04,3.959047e-03,3.006393e-01,1.563530e-02,2.223892e-01,3.068001e-02,2.738686e-03,1.028011e-01,7.330472e-03
5.977100e-03,3.840908e-01,1.749254e-02,2.249005e-03,5.548457e-03,4.862966e-02,1.849771e-04,2.936407e-03,2.562637e-01,1.443384e-02,1.576407e-01,2.155221e-02,2.045311e-03,7.302476e-02,7.930476e-03
5.256091e-03,4.073932e-01,1.447971e-02,1.640416e-02,1.115227e-02,8.748379e-02,1.529154e-04,5.133297e-03,2.373218e-01,1.502394e-02,1.108981e-01,1.512305e-02,1.669880e-03,5.148465e-02,2.102301e-02
5.486022e-03,3.355873e-01,1.659922e-02,2.716158e-02,1.383931e-02,2.290985e-01,1.831507e-04,1.377249e-02,1.924473e-01,1.229476e-02,7.828011e-02,1.065925e-02,1.343514e-03,3.635182e-02,2.689565e-02
7.325914e-03,2.878857e-01,1.509515e-02,2.862830e-02,1.595649e-02,3.295742e-01,2.504787e-04,1.582981e-02,1.479089e-01,1.154022e-02,5.516986e-02,7.503364e-03,1.069801e-03,2.576112e-02,5.050061e-02
1.285843e-02,2.107803e-01,1.410567e-02,3.230111e-02,2.840398e-02,3.122830e-01,6.358403e-04,1.306331e-02,1.220226e-01,2.878971e-02,4.099836e-02,5.364611e-03,1.078497e-03,1.834900e-02,1.589656e-01
1.989831e-02,1.752014e-01,1.286066e-02,4.840085e-02,2.773426e-02,2.444976e-01,1.124738e-03,1.867352e-02,1.589866e-01,3.036716e-02,2.982134e-02,4.061768e-03,2.011374e-03,1.337877e-02,2.129817e-01
2.783790e-02,1.490998e-01,2.864115e-02,5.020358e-02,3.154800e-02,1.826015e-01,1.109001e-03,3.642754e-02,1.764572e-01,4.657040e-02,2.259435e-02,3.146867e-03,2.400777e-03,1.040889e-02,2.309531e-01
5.058154e-02,1.453944e-01,4.133773e-02,5.987879e-02,7.308508e-02,1.642013e-01,5.896019e-03,4.919815e-02,1.645293e-01,3.482063e-02,1.681815e-02,2.822615e-03,2.903557e-03,7.775235e-03,1.807574e-01
7.527921e-02,2.234555e-01,3.737397e-02,5.134925e-02,7.990342e-02,1.508336e-01,5.407712e-03,4.459460e-02,1.448800e-01,2.588497e-02,1.291026e-02,2.401000e-03,2.643975e-03,6.100140e-03,1.369825e-01
9.253892e-02,2.252384e-01,3.398151e-02,1.089759e-01,6.980928e-02,1.164831e-01,5.759926e-03,5.064046e-02,1.250967e-01,2.091848e-02,1.043604e-02,3.088637e-03,2.994885e-03,4.646850e-03,1.293909e-01
1.121488e-01,2.584057e-01,3.339611e-02,1.497929e-01,6.275564e-02,8.719068e-02,5.307602e-03,4.791250e-02,1.084915e-01,1.623982e-02,8.680245e-03,4.091208e-03,3.530941e-03,3.410020e-03,9.864637e-02
1.665175e-01,2.126523e-01,5.146524e-02,1.247378e-01,5.257084e-02,8.702290e-02,1.253231e-02,4.711351e-02,9.323921e-02,1.395307e-02,9.565534e-03,2.100810e-02,1.479782e-02,3.694825e-03,8.912902e-02
1.279806e-01,1.548023e-01,3.858178e-02,8.755956e-02,5.256100e-02,7.007027e-02,2.484617e-01,3.893650e-02,6.617703e-02,1.170072e-02,7.796358e-03,1.495023e-02,1.285215e-02,2.729444e-03,6.484032e-02
1.019102e-01,1.151766e-01,3.051643e-02,6.156495e-02,4.117541e-02,5.333158e-02,4.166096e-01,4.073745e-02,4.760509e-02,9.780481e-03,7.928247e-03,1.098179e-02,1.269788e-02,2.179773e-03,4.780462e-02
9.265422e-02,9.260865e-02,4.070904e-02,4.395566e-02,4.140446e-02,5.313332e-02,4.651015e-01,3.699208e-02,3.914463e-02,9.184223e-03,7.441182e-03,9.769860e-03,3.136615e-02,1.680342e-03,3.485470e-02
1.346870e-01,6.776641e-02,3.451963e-02,3.189408e-02,3.382098e-02,4.876688e-02,5.022630e-01,3.362608e-02,3.355411e-02,7.636918e-03,5.896382e-03,1.055627e-02,2.791797e-02,1.361894e-03,2.573235e-02
1.755949e-01,5.086179e-02,2.729406e-02,2.294921e-02,2.726445e-02,4.239657e-02,5.237880e-01,3.350940e-02,2.918188e-02,5.807769e-03,5.714716e-03,9.928486e-03,2.480594e-02,1.239170e-03,1.966367e-02
2.519407e-01,3.720951e-02,2.091984e-02,1.741723e-02,2.358556e-02,3.733279e-02,4.861853e-01,3.729142e-02,2.485226e-02,4.512754e-03,6.551751e-03,1.145488e-02,2.392715e-02,1.244168e-03,1.557467e-02
3.586951e-01,2.711141e-02,1.653559e-02,1.472026e-02,1.913417e-02,3.249294e-02,4.086810e-01,4.025669e-02,2.097316e-02,3.417140e-03,6.202550e-03,1.175250e-02,2.536403e-02,1.241397e-03,1.342201e-02
4.760394e-01,2.078486e-02,1.293871e-02,1.223894e-02,1.579875e-02,2.966520e-02,3.238051e-01,3.737969e-02,1.692021e-02,2.509780e-03,5.852230e-03,1.206998e-02,2.120844e-02,1.178538e-03,1.161018e-02
1.000000e+00,0.000000e+00,0.000000e+00,0.000000e+00,0.000000e+00,0.000000e+00,0.000000e+00,0.000000e+00,0.000000e+00,0.000000e+00,0.000000e+00,0.000000e+00,0.000000e+00,0.000000e+00,0.000000e+00
3.924187e-01,1.405790e-02,7.342645e-03,1.123684e-02,1.284048e-02,1.408331e-01,2.002891e-01,2.547072e-02,2.830078e-02,3.078865e-03,1.403301e-02,2.831218e-02,7.438672e-02,2.703757e-03,4.469521e-02
2.762296e-01,1.065755e-02,5.164186e-03,8.350211e-03,9.134962e-03,1.468315e-01,1.449054e-01,1.795721e-02,2.127818e-02,2.426426e-03,1.097263e-02,2.287426e-02,2.871234e-01,1.961498e-03,3.413294e-02
1.957944e-01,8.361079e-03,3.668123e-03,6.733655e-03,6.689732e-03,1.224721e-01,1.083547e-01,1.275743e-02,1.719778e-02,2.020947e-03,1.184942e-02,3.289363e-02,4.431849e-01,1.493096e-03,2.652894e-02
1.409186e-01,7.263280e-03,2.741490e-03,5.049894e-03,5.194608e-03,9.280963e-02,7.967908e-02,9.396933e-03,1.751741e-02,2.036382e-03,1.376350e-02,3.753146e-02,5.608760e-01,1.246492e-03,2.397521e-02
1.005976e-01,7.015367e-03,2.036502e-03,3.730115e-03,3.925052e-03,6.962728e-02,5.604732e-02,6.727739e-03,1.984522e-02,2.145028e-03,1.321009e-02,3.931163e-02,6.553742e-01,1.016244e-03,1.939061e-02
7.117431e-02,6.895750e-03,1.792904e-03,3.140579e-03,3.047831e-03,5.154274e-02,3.925973e-02,4.831783e-03,4.011393e-02,3.962651e-03,1.426955e-02,1.842017e-01,5.600517e-01,1.202022e-03,1.451286e-02
5.015780e-02,6.075234e-03,1.877122e-03,2.374812e-03,2.405621e-03,3.920747e-02,2.749849e-02,3.622558e-03,4.429957e-02,5.117694e-03,1.336261e-02,3.218941e-01,4.702102e-01,9.971973e-04,1.089947e-02
3.542498e-02,1.639777e-02,1.534259e-03,2.021938e-03,1.805031e-03,2.788129e-02,1.925617e-02,2.549351e-03,9.091794e-02,9.608006e-03,1.186178e-02,4.190358e-01,3.516985e-01,1.026056e-03,8.981190e-03
2.512289e-02,1.690164e-02,1.269460e-03,1.849254e-03,1.560487e-03,1.987105e-02,1.349065e-02,1.972684e-03,1.797506e-01,1.194701e-02,1.423348e-02,4.211848e-01,2.795862e-01,1.670736e-03,9.589075e-03
1.776298e-02,1.344737e-02,9.355209e-04,1.864769e-03,1.317109e-03,1.431264e-02,9.459014e-03,1.475886e-03,2.991381e-01,1.766640e-02,1.331958e-02,3.911278e-01,2.025081e-01,1.764437e-03,1.390024e-02
1.260564e-02,1.341868e-02,7.197711e-04,2.197025e-03,1.485693e-03,1.055748e-02,6.637169e-03,1.142518e-03,3.534593e-01,1.608349e-02,2.165896e-02,3.852989e-01,1.560425e-01,2.331836e-03,1.636096e-02
8.957446e-03,1.937346e-02,5.456547e-04,2.087840e-03,1.628249e-03,8.038108e-03,4.652772e-03,8.144517e-04,3.307987e-01,1.335727e-02,8.585453e-02,3.726501e-01,1.165524e-01,6.666220e-03,2.802281e-02
6.449256e-03,1.594071e-02,3.893044e-04,2.631631e-03,1.345821e-03,6.782737e-03,3.262934e-03,5.884125e-04,2.935728e-01,1.202184e-02,2.360205e-01,2.967025e-01,8.405847e-02,1.296879e-02,2.726428e-02
5.472836e-03,2.023076e-02,3.869415e-04,3.007372e-03,2.510521e-03,5.890026e-03,2.306604e-03,4.940775e-04,3.642911e-01,1.306619e-02,2.287294e-01,2.351131e-01,7.625260e-02,1.404793e-02,2.820046e-02
7.111437e-03,3.445179e-02,4.086841e-04,3.487817e-03,2.806847e-03,7.249430e-03,1.641297e-03,3.992503e-04,2.900024e-01,1.197802e-02,3.106726e-01,1.995100e-01,8.167081e-02,1.842961e-02,3.017998e-02
6.074540e-03,3.258962e-02,8.565402e-04,2.705155e-03,2.803187e-03,8.274441e-03,1.227580e-03,3.826552e-04,2.144458e-01,9.422941e-03,4.399485e-01,1.657484e-01,5.899610e-02,3.304910e-02,2.347544e-02
5.230093e-03,2.410859e-02,6.259472e-04,1.937846e-03,2.149547e-03,6.150194e-03,8.704720e-04,2.892432e-04,1.518328e-01,7.121681e-03,5.777900e-01,1.190141e-01,4.229373e-02,4.394306e-02,1.664268e-02
1.002885e-02,1.764856e-02,5.161864e-04,1.532757e-03,1.704978e-03,5.340098e-03,6.405905e-04,2.824976e-04,1.088025e-01,5.642715e-03,6.483617e-01,8.917208e-02,3.132991e-02,6.715592e-02,1.184068e-02
1.497413e-02,1.289672e-02,4.141717e-04,1.166999e-03,1.346178e-03,4.165712e-03,4.794963e-04,2.798504e-04,7.946043e-02,4.646343e-03,7.252538e-01,6.522144e-02,2.311537e-02,5.820139e-02,8.378024e-03
1.704637e-02,9.789515e-03,4.337436e-04,9.187590e-04,1.102059e-03,3.269388e-03,3.958147e-04,2.629223e-04,5.840909e-02,3.854274e-03,7.672775e-01,4.957082e-02,1.742348e-02,6.423827e-02,6.008046e-03
3.838161e-02,8.781930e-03,1.067529e-03,1.277353e-03,1.182735e-03,2.861658e-03,5.342730e-04,4.967411e-04,4.596622e-02,3.330437e-03,7.524710e-01,4.720561e-02,1.341124e-02,7.809849e-02,4.933185e-03
5.725882e-02,7.658759e-03,1.341700e-03,2.564210e-03,2.272706e-03,2.811049e-03,5.108827e-04,5.443936e-04,3.824074e-02,3.672440e-03,7.506266e-01,3.933094e-02,1.059731e-02,7.791547e-02,4.653958e-03
1.394505e-01,8.656282e-03,2.645814e-03,5.187095e-03,3.432040e-03,3.591854e-03,5.740715e-04,8.997852e-04,3.460316e-02,4.476569e-03,6.559801e-01,3.331628e-02,9.491459e-03,9.198386e-02,5.711090e-03
1.721736e-01,1.152292e-02,5.043286e-03,5.778139e-03,5.503116e-03,4.591834e-03,6.063672e-04,1.956856e-03,3.926655e-02,5.109741e-03,5.631285e-01,2.919064e-02,9.079817e-03,1.406487e-01,6.400018e-03
2.005146e-01,1.509180e-02,6.900186e-03,6.576031e-03,5.564204e-03,5.108444e-03,6.814225e-04,2.344627e-03,4.099439e-02,4.763903e-03,4.776474e-01,2.803444e-02,8.181827e-03,1.887598e-01,8.836903e-03
1.842618e-01,1.419970e-02,5.429258e-03,6.558124e-03,4.479697e-03,6.115820e-03,5.670018e-04,2.023760e-03,3.171412e-02,3.774317e-03,5.355213e-01,2.922033e-02,6.650879e-03,1.607517e-01,8.732231e-03
1.671861e-01,1.150845e-02,4.049393e-03,5.566377e-03,3.521224e-03,5.682683e-03,4.876792e-04,1.615177e-03,2.351736e-02,2.886353e-03,6.157809e-01,2.619593e-02,5.828774e-03,1.188588e-01,7.314811e-03
1.267221e-01,9.712587e-03,3.015710e-03,4.328313e-03,2.698424e-03,4.678910e-03,3.876394e-04,1.211844e-03,1.736042e-02,2.293074e-03,7.045523e-01,2.296489e-02,4.532104e-03,8.912081e-02,6.420900e-03
1.325226e-01,2.062818e-02,3.918065e-03,5.977536e-03,3.445550e-03,5.315285e-03,6.206783e-04,2.992023e-03,1.587641e-02,2.703094e-03,6.973731e-01,2.184844e-02,3.953401e-03,7.430159e-02,8.524019e-03
1.305391e-01,2.153321e-02,3.589005e-03,8.408866e-03,4.356669e-03,5.668436e-03,6.925014e-04,2.832379e-03,1.763516e-02,3.013506e-03,6.926430e-01,2.551983e-02,4.053444e-03,6.925203e-02,1.026284e-02
1.348626e-01,1.900577e-02,2.996786e-03,8.217717e-03,4.282581e-03,6.755088e-03,6.849613e-04,2.230715e-03,1.898607e-02,3.485902e-03,6.910000e-01,3.049916e-02,4.115479e-03,6.332500e-02,9.552101e-03
1.062728e-01,1.620248e-02,2.330861e-03,7.048934e-03,3.696398e-03,5.906782e-03,5.334669e-04,1.790766e-03,1.995250e-02,4.660819e-03,7.260252e-01,3.996688e-02,3.734142e-03,5.322395e-02,8.654058e-03
7.814948e-02,1.374290e-02,1.789619e-03,5.547706e-03,4.317836e-03,4.915394e-03,4.663171e-04,1.374475e-03,2.165756e-02,1.410104e-02,7.489090e-01,4.715659e-02,3.247791e-03,4.678424e-02,7.840096e-03
6.020729e-02,1.128082e-02,1.307575e-03,4.133735e-03,3.552393e-03,3.898236e-03,3.615749e-04,1.005675e-03,1.891273e-02,1.623029e-02,7.902519e-01,4.282938e-02,2.753959e-03,3.695187e-02,6.322615e-03
4.665463e-02,9.273796e-03,9.862632e-04,3.192322e-03,2.915719e-03,3.813947e-03,3.415876e-04,7.794396e-04,1.835084e-02,1.357532e-02,8.250973e-01,3.809361e-02,2.654886e-03,2.878002e-02,5.490310e-03
3.470820e-02,9.635284e-03,7.730440e-04,2.923430e-03,4.866774e-03,4.727442e-03,8.816018e-04,6.672842e-04,4.695113e-02,1.374763e-02,8.142765e-01,3.537807e-02,2.793103e-03,2.141787e-02,6.252659e-03
2.668659e-02,1.677607e-02,7.922631e-04,2.389166e-03,4.025494e-03,5.963502e-03,7.660966e-04,5.852386e-04,4.012766e-02,1.564995e-02,8.211535e-01,3.485804e-02,2.922962e-03,1.718241e-02,1.012109e-02
2.163336e-02,1.475519e-02,6.802530e-04,2.213554e-03,3.392678e-03,7.029145e-03,5.809037e-04,5.490058e-04,4.112932e-02,1.366356e-02,8.118475e-01,4.793072e-02,3.505808e-03,2.077726e-02,1.031181e-02
1.543666e-02,1.441868e-02,5.699027e-04,1.722521e-03,2.553917e-03,6.217849e-03,4.201174e-04,4.081298e-04,3.479961e-02,1.834291e-02,7.983217e-01,7.214840e-02,3.658147e-03,2.206311e-02,8.918422e-03
1.088949e-02,1.169696e-02,4.312340e-04,1.308513e-03,1.868402e-03,5.203591e-03,3.044704e-04,3.123482e-04,2.854343e-02,1.660339e-02,8.046201e-01,8.643723e-02,4.280269e-03,2.074334e-02,6.757251e-03
7.680040e-03,1.790373e-02,3.466512e-04,9.732511e-04,1.393245e-03,4.229133e-03,2.215256e-04,2.377242e-04,3.130352e-02,1.620050e-02,8.079037e-01,8.382279e-02,4.371286e-03,1.723656e-02,6.176374e-03
5.923357e-03,4.303709e-02,1.786665e-03,9.891638e-04,1.847091e-03,5.368142e-03,2.463983e-04,3.185611e-03,4.827012e-02,3.806498e-02,7.370414e-01,8.517045e-02,4.085764e-03,1.822999e-02,6.753766e-03
4.912211e-03,5.036348e-02,1.653543e-03,9.824706e-04,2.469617e-03,9.066503e-03,3.185279e-04,2.944961e-03,7.328103e-02,4.966050e-02,6.734578e-01,9.993796e-02,3.893648e-03,2.024706e-02,6.810643e-03
4.076133e-03,3.858732e-02,1.367661e-03,1.411138e-03,2.369248e-03,1.956282e-02,5.870794e-04,2.474004e-03,6.062956e-02,4.053606e-02,6.907877e-01,1.130400e-01,3.664404e-03,1.540713e-02,5.499700e-03
4.534516e-03,3.865935e-02,1.482093e-03,1.495332e-03,3.066000e-03,1.546698e-02,4.920074e-04,2.896229e-03,6.882016e-02,3.393289e-02,6.121384e-01,1.899336e-01,3.954895e-03,1.838989e-02,4.737732e-03
4.732259e-03,2.861889e-02,1.228669e-03,1.899640e-03,5.183253e-03,1.289560e-02,5.042642e-04,2.537890e-03,8.867572e-02,3.085576e-02,5.457307e-01,2.383911e-01,7.385363e-03,2.761145e-02,3.749399e-03
6.034507e-03,2.293956e-02,1.804015e-03,1.555497e-03,1.049542e-02,1.005608e-02,5.133672e-04,2.143933e-03,1.073556e-01,2.617921e-02,5.342226e-01,2.340382e-01,6.902697e-03,3.256758e-02,3.191714e-03
6.927679e-03,1.765432e-02,2.494125e-03,1.370086e-03,1.156864e-02,8.647605e-03,5.889020e-04,2.866375e-03,1.071517e-01,2.137587e-02,5.065907e-01,2.738065e-01,6.810969e-03,2.930537e-02,2.841126e-03
1.193297e-02,1.570478e-02,3.609168e-03,1.401379e-03,1.353393e-02,8.950822e-03,6.201958e-04,6.461825e-03,1.371291e-01,1.908267e-02,5.220982e-01,2.237046e-01,6.611463e-03,2.572011e-02,3.438822e-03
9.684537e-03,1.451787e-02,3.754562e-03,1.450534e-03,1.549615e-02,1.222741e-02,9.290644e-04,8.904412e-03,2.399114e-01,1.648931e-02,4.588784e-01,1.860331e-01,6.362335e-03,2.143898e-02,3.921928e-03
9.049241e-03,1.348446e-02,4.587346e-03,3.759202e-03,2.467716e-02,1.213524e-02,1.328961e-03,3.919512e-02,3.032193e-01,1.380518e-02,3.667474e-01,1.776320e-01,6.916635e-03,1.759116e-02,5.871674e-03
8.727698e-03,1.422171e-02,5.268015e-03,8.772150e-03,3.349109e-02,1.593107e-02,2.441866e-03,7.896248e-02,3.175338e-01,1.468577e-02,2.917612e-01,1.458105e-01,2.552999e-02,2.785055e-02,9.012152e-03
8.496005e-03,1.212168e-02,4.166385e-03,7.440833e-03,5.738652e-02,1.644467e-02,4.508897e-03,6.745868e-02,2.701299e-01,1.339465e-02,3.164029e-01,1.083541e-01,7.872582e-02,2.605288e-02,8.916048e-03
9.728921e-03,1.087166e-02,3.874956e-03,1.476780e-02,5.536851e-02,3.656795e-02,3.499148e-03,5.094490e-02,2.271899e-01,1.292525e-02,2.863273e-01,1.096401e-01,1.335255e-01,2.099515e-02,2.377302e-02
1.355652e-02,8.990014e-03,4.286865e-03,1.741749e-02,6.038275e-02,4.128720e-02,3.156060e-03,5.435842e-02,1.726103e-01,1.123952e-02,2.518385e-01,1.241421e-01,1.988524e-01,1.628639e-02,2.159543e-02
2.490754e-02,7.126848e-03,6.098640e-03,1.468044e-02,6.079689e-02,4.059099e-02,2.484735e-03,9.503693e-02,1.288207e-01,1.528051e-02,1.948139e-01,1.218493e-01,2.425071e-01,2.169812e-02,2.330730e-02
2.097256e-02,5.647973e-03,5.019196e-03,1.298723e-02,4.747232e-02,3.159381e-02,2.285987e-03,8.097772e-02,9.382996e-02,1.411207e-02,1.570237e-01,1.263400e-01,3.632454e-01,1.936034e-02,1.913175e-02
1.658734e-02,4.162815e-03,3.719838e-03,1.051345e-02,3.661222e-02,2.338567e-02,2.217436e-03,6.188945e-02,6.689262e-02,1.199246e-02,1.247963e-01,1.310573e-01,4.763263e-01,1.431724e-02,1.552962e-02
1.396847e-02,3.062143e-03,2.703568e-03,8.127436e-03,2.849274e-02,1.829908e-02,3.306394e-03,4.573659e-02,4.871969e-02,1.170628e-02,1.222326e-01,1.298171e-01,5.313363e-01,1.174897e-02,2.074264e-02
1.421834e-02,2.376121e-03,3.713717e-03,6.508530e-03,2.315554e-02,1.627656e-02,5.516099e-03,4.702990e-02,3.651647e-02,1.209479e-02,1.310645e-01,1.536302e-01,5.051556e-01,9.485651e-03,3.325795e-02
