1.000000e+00,0.000000e+00,0.000000e+00,0.000000e+00,0.000000e+00,0.000000e+00,0.000000e+00,0.000000e+00,0.000000e+00,0.000000e+00,0.000000e+00,0.000000e+00,0.000000e+00,0.000000e+00,0.000000e+00
1.000000e+00,0.000000e+00,0.000000e+00,0.000000e+00,0.000000e+00,0.000000e+00,0.000000e+00,0.000000e+00,0.000000e+00,0.000000e+00,0.000000e+00,0.000000e+00,0.000000e+00,0.000000e+00,0.000000e+00
1.000000e+00,0.000000e+00,0.000000e+00,0.000000e+00,0.000000e+00,0.000000e+00,0.000000e+00,0.000000e+00,0.000000e+00,0.000000e+00,0.000000e+00,0.000000e+00,0.000000e+00,0.000000e+00,0.000000e+00
1.000000e+00,0.000000e+00,0.000000e+00,0.000000e+00,0.000000e+00,0.000000e+00,0.000000e+00,0.000000e+00,0.000000e+00,0.000000e+00,0.000000e+00,0.000000e+00,0.000000e+00,0.000000e+00,0.000000e+00
1.000000e+00,0.000000e+00,0.000000e+00,0.000000e+00,0.000000e+00,0.000000e+00,0.000000e+00,0.000000e+00,0.000000e+00,0.000000e+00,0.000000e+00,0.000000e+00,0.000000e+00,0.000000e+00,0.000000e+00
1.000000e+00,0.000000e+00,0.000000e+00,0.000000e+00,0.000000e+00,0.000000e+00,0.000000e+00,0.000000e+00,0.000000e+00,0.000000e+00,0.000000e+00,0.000000e+00,0.000000e+00,0.000000e+00,0.000000e+00
1.000000e+00,0.000000e+00,0.000000e+00,0.000000e+00,0.000000e+00,0.000000e+00,0.000000e+00,0.000000e+00,0.000000e+00,0.000000e+00,0.000000e+00,0.000000e+00,0.000000e+00,0.000000e+00,0.000000e+00
1.000000e+00,0.000000e+00,0.000000e+00,0.000000e+00,0.000000e+00,0.000000e+00,0.000000e+00,0.000000e+00,0.000000e+00,0.000000e+00,0.000000e+00,0.000000e+00,0.000000e+00,0.000000e+00,0.000000e+00
1.000000e+00,0.000000e+00,0.000000e+00,0.000000e+00,0.000000e+00,0.000000e+00,0.000000e+00,0.000000e+00,0.000000e+00,0.000000e+00,0.000000e+00,0.000000e+00,0.000000e+00,0.000000e+00,0.000000e+00
1.000000e+00,0.000000e+00,0.000000e+00,0.000000e+00,0.000000e+00,0.000000e+00,0.000000e+00,0.000000e+00,0.000000e+00,0.000000e+00,0.000000e+00,0.000000e+00,0.000000e+00,0.000000e+00,0.000000e+00
1.000000e+00,0.000000e+00,0.000000e+00,0.000000e+00,0.000000e+00,0.000000e+00,0.000000e+00,0.000000e+00,0.000000e+00,0.000000e+00,0.000000e+00,0.000000e+00,0.000000e+00,0.000000e+00,0.000000e+00
1.000000e+00,0.000000e+00,0.000000e+00,0.000000e+00,0.000000e+00,0.000000e+00,0.000000e+00,0.000000e+00,0.000000e+00,0.000000e+00,0.000000e+00,0.000000e+00,0.000000e+00,0.000000e+00,0.000000e+00
1.000000e+00,0.000000e+00,0.000000e+00,0.000000e+00,0.000000e+00,0.000000e+00,0.000000e+00,0.000000e+00,0.000000e+00,0.000000e+00,0.000000e+00,0.000000e+00,0.000000e+00,0.000000e+00,0.000000e+00
1.000000e+00,0.000000e+00,0.000000e+00,0.000000e+00,0.000000e+00,0.000000e+00,0.000000e+00,0.000000e+00,0.000000e+00,0.000000e+00,0.000000e+00,0.000000e+00,0.000000e+00,0.000000e+00,0.000000e+00
1.000000e+00,0.000000e+00,0.000000e+00,0.000000e+00,0.000000e+00,0.000000e+00,0.000000e+00,0.000000e+00,0.000000e+00,0.000000e+00,0.000000e+00,0.000000e+00,0.000000e+00,0.000000e+00,0.000000e+00
1.000000e+00,0.000000e+00,0.000000e+00,0.000000e+00,0.000000e+00,0.000000e+00,0.000000e+00,0.000000e+00,0.000000e+00,0.000000e+00,0.000000e+00,0.000000e+00,0.000000e+00,0.000000e+00,0.000000e+00
1.000000e+00,0.000000e+00,0.000000e+00,0.000000e+00,0.000000e+00,0.000000e+00,0.000000e+00,0.000000e+00,0.000000e+00,0.000000e+00,0.000000e+00,0.000000e+00,0.000000e+00,0.000000e+00,0.000000e+00
1.000000e+00,0.000000e+00,0.000000e+00,0.000000e+00,0.000000e+00,0.000000e+00,0.000000e+00,0.000000e+00,0.000000e+00,0.000000e+00,0.000000e+00,0.000000e+00,0.000000e+00,0.000000e+00,0.000000e+00
1.000000e+00,0.000000e+00,0.000000e+00,0.000000e+00,0.000000e+00,0.000000e+00,0.000000e+00,0.000000e+00,0.000000e+00,0.000000e+00,0.000000e+00,0.000000e+00,0.000000e+00,0.000000e+00,0.000000e+00
1.000000e+00,0.000000e+00,0.000000e+00,0.000000e+00,0.000000e+00,0.000000e+00,0.000000e+00,0.000000e+00,0.000000e+00,0.000000e+00,0.000000e+00,0.000000e+00,0.000000e+00,0.000000e+00,0.000000e+00
1.000000e+00,0.000000e+00,0.000000e+00,0.000000e+00,0.000000e+00,0.000000e+00,0.000000e+00,0.000000e+00,0.000000e+00,0.000000e+00,0.000000e+00,0.000000e+00,0.000000e+00,0.000000e+00,0.000000e+00
1.000000e+00,0.000000e+00,0.000000e+00,0.000000e+00,0.000000e+00,0.000000e+00,0.000000e+00,0.000000e+00,0.000000e+00,0.000000e+00,0.000000e+00,0.000000e+00,0.000000e+00,0.000000e+00,0.000000e+00
1.000000e+00,0.000000e+00,0.000000e+00,0.000000e+00,0.000000e+00,0.000000e+00,0.000000e+00,0.000000e+00,0.000000e+00,0.000000e+00,0.000000e+00,0.000000e+00,0.000000e+00,0.000000e+00,0.000000e+00
1.000000e+00,0.000000e+00,0.000000e+00,0.000000e+00,0.000000e+00,0.000000e+00,0.000000e+00,0.000000e+00,0.000000e+00,0.000000e+00,0.000000e+00,0.000000e+00,0.000000e+00,0.000000e+00,0.000000e+00
1.000000e+00,0.000000e+00,0.000000e+00,0.000000e+00,0.000000e+00,0.000000e+00,0.000000e+00,0.000000e+00,0.000000e+00,0.000000e+00,0.000000e+00,0.000000e+00,0.000000e+00,0.000000e+00,0.000000e+00
1.000000e+00,0.000000e+00,0.000000e+00,0.000000e+00,0.000000e+00,0.000000e+00,0.000000e+00,0.000000e+00,0.000000e+00,0.000000e+00,0.000000e+00,0.000000e+00,0.000000e+00,0.000000e+00,0.000000e+00
1.000000e+00,0.000000e+00,0.000000e+00,0.000000e+00,0.000000e+00,0.000000e+00,0.000000e+00,0.000000e+00,0.000000e+00,0.000000e+00,0.000000e+00,0.000000e+00,0.000000e+00,0.000000e+00,0.000000e+00
1.000000e+00,0.000000e+00,0.000000e+00,0.000000e+00,0.000000e+00,0.000000e+00,0.000000e+00,0.000000e+00,0.000000e+00,0.000000e+00,0.000000e+00,0.000000e+00,0.000000e+00,0.000000e+00,0.000000e+00
1.000000e+00,0.000000e+00,0.000000e+00,0.000000e+00,0.000000e+00,0.000000e+00,0.000000e+00,0.000000e+00,0.000000e+00,0.000000e+00,0.000000e+00,0.000000e+00,0.000000e+00,0.000000e+00,0.000000e+00
1.000000e+00,0.000000e+00,0.000000e+00,0.000000e+00,0.000000e+00,0.000000e+00,0.000000e+00,0.000000e+00,0.000000e+00,0.000000e+00,0.000000e+00,0.000000e+00,0.000000e+00,0.000000e+00,0.000000e+00
1.000000e+00,0.000000e+00,0.000000e+00,0.000000e+00,0.000000e+00,0.000000e+00,0.000000e+00,0.000000e+00,0.000000e+00,0.000000e+00,0.000000e+00,0.000000e+00,0.000000e+00,0.000000e+00,0.000000e+00
1.000000e+00,0.000000e+00,0.000000e+00,0.000000e+00,0.000000e+00,0.000000e+00,0.000000e+00,0.000000e+00,0.000000e+00,0.000000e+00,0.000000e+00,0.000000e+00,0.000000e+00,0.000000e+00,0.000000e+00
1.000000e+00,0.000000e+00,0.000000e+00,0.000000e+00,0.000000e+00,0.000000e+00,0.000000e+00,0.000000e+00,0.000000e+00,0.000000e+00,0.000000e+00,0.000000e+00,0.000000e+00,0.000000e+00,0.000000e+00
1.000000e+00,0.000000e+00,0.000000e+00,0.000000e+00,0.000000e+00,0.000000e+00,0.000000e+00,0.000000e+00,0.000000e+00,0.000000e+00,0.000000e+00,0.000000e+00,0.000000e+00,0.000000e+00,0.000000e+00
1.000000e+00,0.000000e+00,0.000000e+00,0.000000e+00,0.000000e+00,0.000000e+00,0.000000e+00,0.000000e+00,0.000000e+00,0.000000e+00,0.000000e+00,0.000000e+00,0.000000e+00,0.000000e+00,0.000000e+00
1.000000e+00,0.000000e+00,0.000000e+00,0.000000e+00,0.000000e+00,0.000000e+00,0.000000e+00,0.000000e+00,0.000000e+00,0.000000e+00,0.000000e+00,0.000000e+00,0.000000e+00,0.000000e+00,0.000000e+00
1.000000e+00,0.000000e+00,0.000000e+00,0.000000e+00,0.000000e+00,0.000000e+00,0.000000e+00,0.000000e+00,0.000000e+00,0.000000e+00,0.000000e+00,0.000000e+00,0.000000e+00,0.000000e+00,0.000000e+00
1.000000e+00,0.000000e+00,0.000000e+00,0.000000e+00,0.000000e+00,0.000000e+00,0.000000e+00,0.000000e+00,0.000000e+00,0.000000e+00,0.000000e+00,0.000000e+00,0.000000e+00,0.000000e+00,0.000000e+00
1.000000e+00,0.000000e+00,0.000000e+00,0.000000e+00,0.000000e+00,0.000000e+00,0.000000e+00,0.000000e+00,0.000000e+00,0.000000e+00,0.000000e+00,0.000000e+00,0.000000e+00,0.000000e+00,0.000000e+00
1.000000e+00,0.000000e+00,0.000000e+00,0.000000e+00,0.000000e+00,0.000000e+00,0.000000e+00,0.000000e+00,0.000000e+00,0.000000e+00,0.000000e+00,0.000000e+00,0.000000e+00,0.000000e+00,0.000000e+00
1.000000e+00,0.000000e+00,0.000000e+00,0.000000e+00,0.000000e+00,0.000000e+00,0.000000e+00,0.000000e+00,0.000000e+00,0.000000e+00,0.000000e+00,0.000000e+00,0.000000e+00,0.000000e+00,0.000000e+00
1.000000e+00,0.000000e+00,0.000000e+00,0.000000e+00,0.000000e+00,0.000000e+00,0.000000e+00,0.000000e+00,0.000000e+00,0.000000e+00,0.000000e+00,0.000000e+00,0.000000e+00,0.000000e+00,0.000000e+00
1.000000e+00,0.000000e+00,0.000000e+00,0.000000e+00,0.000000e+00,0.000000e+00,0.000000e+00,0.000000e+00,0.000000e+00,0.000000e+00,0.000000e+00,0.000000e+00,0.000000e+00,0.000000e+00,0.000000e+00
1.000000e+00,0.000000e+00,0.000000e+00,0.000000e+00,0.000000e+00,0.000000e+00,0.000000e+00,0.000000e+00,0.000000e+00,0.000000e+00,0.000000e+00,0.000000e+00,0.000000e+00,0.000000e+00,0.000000e+00
1.000000e+00,0.000000e+00,0.000000e+00,0.000000e+00,0.000000e+00,0.000000e+00,0.000000e+00,0.000000e+00,0.000000e+00,0.000000e+00,0.000000e+00,0.000000e+00,0.000000e+00,0.000000e+00,0.000000e+00
1.000000e+00,0.000000e+00,0.000000e+00,0.000000e+00,0.000000e+00,0.000000e+00,0.000000e+00,0.000000e+00,0.000000e+00,0.000000e+00,0.000000e+00,0.000000e+00,0.000000e+00,0.000000e+00,0.000000e+00
1.000000e+00,0.000000e+00,0.000000e+00,0.000000e+00,0.000000e+00,0.000000e+00,0.000000e+00,0.000000e+00,0.000000e+00,0.000000e+00,0.000000e+00,0.000000e+00,0.000000e+00,0.000000e+00,0.000000e+00
1.000000e+00,0.000000e+00,0.000000e+00,0.000000e+00,0.000000e+00,0.000000e+00,0.000000e+00,0.000000e+00,0.000000e+00,0.000000e+00,0.000000e+00,0.000000e+00,0.000000e+00,0.000000e+00,0.000000e+00
1.000000e+00,0.000000e+00,0.000000e+00,0.000000e+00,0.000000e+00,0.000000e+00,0.000000e+00,0.000000e+00,0.000000e+00,0.000000e+00,0.000000e+00,0.000000e+00,0.000000e+00,0.000000e+00,0.000000e+00
1.000000e+00,0.000000e+00,0.000000e+00,0.000000e+00,0.000000e+00,0.000000e+00,0.000000e+00,0.000000e+00,0.000000e+00,0.000000e+00,0.000000e+00,0.000000e+00,0.000000e+00,0.000000e+00,0.000000e+00
1.000000e+00,0.000000e+00,0.000000e+00,0.000000e+00,0.000000e+00,0.000000e+00,0.000000e+00,0.000000e+00,0.000000e+00,0.000000e+00,0.000000e+00,0.000000e+00,0.000000e+00,0.000000e+00,0.000000e+00
1.000000e+00,0.000000e+00,0.000000e+00,0.000000e+00,0.000000e+00,0.000000e+00,0.000000e+00,0.000000e+00,0.000000e+00,0.000000e+00,0.000000e+00,0.000000e+00,0.000000e+00,0.000000e+00,0.000000e+00
1.000000e+00,0.000000e+00,0.000000e+00,0.000000e+00,0.000000e+00,0.000000e+00,0.000000e+00,0.000000e+00,0.000000e+00,0.000000e+00,0.000000e+00,0.000000e+00,0.000000e+00,0.000000e+00,0.000000e+00
1.000000e+00,0.000000e+00,0.000000e+00,0.000000e+00,0.000000e+00,0.000000e+00,0.000000e+00,0.000000e+00,0.000000e+00,0.000000e+00,0.000000e+00,0.000000e+00,0.000000e+00,0.000000e+00,0.000000e+00
1.000000e+00,0.000000e+00,0.000000e+00,0.000000e+00,0.000000e+00,0.000000e+00,0.000000e+00,0.000000e+00,0.000000e+00,0.000000e+00,0.000000e+00,0.000000e+00,0.000000e+00,0.000000e+00,0.000000e+00
4.111947e-01,1.579485e-03,9.413294e-03,3.480935e-03,8.999780e-03,9.374335e-03,6.709419e-03,5.299705e-01,7.499369e-04,1.128598e-03,1.399219e-03,7.761644e-03,3.955469e-03,5.602802e-04,3.722295e-03
3.279925e-01,1.918736e-03,7.793321e-03,3.483021e-03,9.226065e-03,7.854757e-03,5.379356e-03,6.008757e-01,2.418849e-03,2.118130e-03,4.557994e-03,8.837659e-03,1.066900e-02,1.435899e-03,5.438964e-03
2.311718e-01,1.646305e-03,6.576591e-03,2.722223e-03,6.784815e-03,6.050757e-03,4.414073e-03,4.347476e-01,2.194067e-03,2.587413e-01,8.647019e-03,1.303729e-02,1.089594e-02,7.867854e-03,4.502289e-03
1.681011e-01,1.761831e-03,5.580760e-03,2.808949e-03,5.098662e-03,5.161757e-03,4.027159e-03,3.232858e-01,2.743563e-03,2.287497e-01,7.064405e-02,7.197508e-02,1.712687e-02,8.838345e-02,4.551249e-03
1.197807e-01,1.945917e-03,4.091202e-03,2.130728e-03,3.757517e-03,3.749571e-03,3.003298e-03,2.289789e-01,2.664577e-03,1.799039e-01,2.481398e-01,8.047731e-02,1.349402e-02,1.044548e-01,3.427665e-03
8.440074e-02,1.806667e-03,2.901943e-03,1.532477e-03,2.757431e-03,2.814366e-03,2.160869e-03,1.607368e-01,2.342348e-03,1.797102e-01,3.880433e-01,6.653350e-02,9.963217e-03,9.179408e-02,2.501894e-03
5.943654e-02,1.585645e-03,2.045902e-03,1.097949e-03,1.975910e-03,2.093037e-03,1.544814e-03,1.126323e-01,1.982415e-03,1.984363e-01,4.725224e-01,6.370270e-02,7.481220e-03,7.164995e-02,1.812733e-03
4.179306e-02,8.243821e-03,1.525799e-03,8.055103e-04,1.500145e-03,1.488355e-03,1.087930e-03,7.887784e-02,1.843725e-03,1.870133e-01,5.332272e-01,5.515514e-02,5.698144e-03,8.032791e-02,1.412115e-03
2.943699e-02,1.103808e-02,1.167402e-03,5.991676e-04,1.132496e-03,1.099598e-03,7.696339e-04,5.526501e-02,2.323304e-03,1.945030e-01,4.826000e-01,6.075124e-02,4.479029e-03,1.536717e-01,1.163363e-03
2.069100e-02,3.461876e-02,1.916071e-03,5.071199e-04,1.671794e-03,8.132303e-04,5.451677e-04,3.879185e-02,1.339517e-02,1.415959e-01,5.041035e-01,6.830998e-02,3.296453e-03,1.686105e-01,1.133509e-03
1.452692e-02,2.955483e-02,1.427313e-03,3.806298e-04,1.331512e-03,5.998574e-04,3.865568e-04,2.718085e-02,4.642612e-02,1.000972e-01,4.902105e-01,5.277808e-02,2.382499e-03,2.313918e-01,1.325297e-03
1.019610e-02,2.958999e-02,1.099102e-03,2.869909e-04,1.207547e-03,4.608999e-04,2.780819e-04,1.908159e-02,6.418637e-02,7.025615e-02,4.895178e-01,3.838839e-02,1.749782e-03,2.722789e-01,1.422275e-03
7.262634e-03,2.859453e-02,9.958248e-04,2.710538e-04,2.134236e-03,4.030592e-04,2.058322e-04,1.350547e-02,1.045458e-01,4.947918e-02,4.872167e-01,2.730370e-02,1.313475e-03,2.755383e-01,1.230303e-03
5.207964e-03,2.904230e-02,9.439869e-04,2.232718e-04,3.628622e-03,5.873770e-04,1.535479e-04,9.634195e-03,2.233314e-01,3.475167e-02,4.430799e-01,1.922845e-02,1.015272e-03,2.281583e-01,1.013816e-03
4.181049e-03,2.673041e-02,8.383462e-03,8.632038e-04,1.203606e-02,9.810182e-04,2.076400e-04,1.055701e-02,3.701605e-01,2.448015e-02,3.521459e-01,1.352902e-02,1.227958e-03,1.736197e-01,8.969166e-04
3.105287e-03,3.948781e-02,7.452182e-03,9.687911e-04,1.141464e-02,2.850320e-03,1.725512e-04,9.348196e-03,4.953490e-01,1.733595e-02,2.529359e-01,9.600864e-03,1.055093e-03,1.478987e-01,1.024619e-03
2.512602e-03,4.804803e-02,5.810117e-03,1.199991e-03,1.197441e-02,4.131541e-03,1.515669e-04,7.949190e-03,5.928283e-01,1.235440e-02,1.811302e-01,6.801077e-03,9.428494e-04,1.222086e-01,1.957160e-03
3.028678e-03,1.151073e-01,5.652996e-03,5.081519e-03,9.406865e-03,3.539317e-03,1.266923e-04,6.503600e-03,5.421141e-01,1.272919e-02,1.710129e-01,7.133736e-03,1.256650e-02,8.914009e-02,1.685656e-02
4.696077e-03,1.688991e-01,4.754389e-03,5.638581e-03,8.737452e-03,4.901783e-03,1.177319e-04,8.437958e-03,4.707681e-01,1.126272e-02,1.844723e-01,7.193010e-03,2.032176e-02,7.924318e-02,2.055591e-02
7.050753e-03,1.470070e-01,4.318249e-03,7.600153e-03,1.003895e-02,1.382237e-02,1.107228e-04,7.375881e-03,4.739546e-01,1.009821e-02,1.651840e-01,6.603720e-03,2.287258e-02,7.777452e-02,4.618827e-02
5.551131e-03,1.335580e-01,3.241174e-03,7.326627e-03,8.510042e-03,2.013939e-02,1.101189e-04,8.018732e-03,5.575683e-01,7.896254e-03,1.207854e-01,4.923753e-03,2.115580e-02,6.471059e-02,3.650470e-02
4.648740e-03,1.244529e-01,3.117298e-03,1.238017e-02,7.900229e-03,2.255499e-02,1.339988e-04,9.007203e-03,4.898147e-01,6.062000e-02,8.838129e-02,3.666291e-03,2.070714e-02,5.729556e-02,9.531949e-02
4.885263e-03,1.238885e-01,6.969284e-03,1.017712e-02,5.783669e-03,2.009817e-02,2.391152e-04,6.741051e-03,4.765207e-01,6.981419e-02,8.360702e-02,3.553234e-03,1.539295e-02,7.263377e-02,9.969604e-02
3.838826e-03,9.604660e-02,6.217003e-03,7.707658e-03,4.127326e-03,1.461815e-02,1.844699e-04,4.874960e-03,4.383882e-01,7.305148e-02,1.275182e-01,1.212221e-02,1.305830e-02,6.146728e-02,1.367793e-01
3.116825e-03,6.988879e-02,4.574944e-03,5.476905e-03,2.912940e-03,1.055145e-02,1.422090e-04,3.432638e-03,3.186664e-01,5.196941e-02,3.550276e-01,1.073635e-02,1.095402e-02,5.577899e-02,9.677056e-02
2.342235e-03,4.984764e-02,3.276398e-03,3.862692e-03,2.137323e-03,8.647800e-03,1.373643e-04,2.430982e-03,2.266056e-01,3.675397e-02,5.278828e-01,9.872342e-03,8.505581e-03,4.869551e-02,6.900169e-02
1.744322e-03,3.554152e-02,2.398432e-03,2.733577e-03,1.638129e-03,8.128517e-03,1.301892e-04,1.729055e-03,1.662219e-01,2.610363e-02,6.178589e-01,9.079983e-03,6.577523e-03,6.953333e-02,5.058089e-02
1.370676e-03,2.700928e-02,2.667045e-03,2.071047e-03,1.927707e-03,8.287312e-03,1.664435e-04,1.363572e-03,1.527267e-01,1.857903e-02,6.045443e-01,7.224237e-03,5.221878e-03,1.247117e-01,4.212910e-02
1.344190e-03,2.240693e-02,3.543609e-03,1.898467e-03,4.408218e-03,1.266904e-02,3.178295e-04,1.327016e-03,1.820617e-01,1.344967e-02,4.949878e-01,6.136145e-03,4.324232e-03,2.094646e-01,4.166060e-02
1.889754e-03,1.975708e-02,6.488605e-03,2.209026e-03,1.319576e-02,7.431634e-02,2.073740e-03,1.830961e-03,2.057359e-01,1.130940e-02,4.506691e-01,5.614454e-03,4.084630e-03,1.681149e-01,3.271040e-02
2.569506e-03,1.756640e-02,5.986707e-03,2.077652e-03,1.241551e-02,8.078405e-02,1.874530e-03,1.790653e-03,1.720428e-01,9.468473e-03,4.855117e-01,6.998364e-03,4.311769e-03,1.707669e-01,2.583504e-02
2.895449e-03,2.234595e-02,5.738219e-03,1.947245e-03,1.217269e-02,1.196373e-01,1.807848e-03,1.516876e-03,1.695270e-01,9.106999e-03,4.195586e-01,8.791633e-03,4.601121e-03,1.990367e-01,2.131635e-02
2.862115e-03,1.813198e-02,4.444543e-03,1.576892e-03,8.811858e-03,9.984771e-02,1.379116e-03,1.116489e-03,1.364336e-01,1.060461e-02,4.659108e-01,1.249785e-02,5.828101e-03,2.146077e-01,1.594672e-02
3.157112e-03,1.561420e-02,3.421303e-03,1.359288e-03,6.471957e-03,8.854101e-02,1.065059e-03,8.216720e-04,1.173432e-01,1.276270e-02,4.992276e-01,1.356094e-02,6.549944e-03,2.185065e-01,1.159749e-02
2.717162e-03,1.257194e-02,2.624870e-03,1.389657e-03,5.475738e-03,6.965922e-02,9.148265e-04,6.087466e-04,1.023166e-01,1.408309e-02,5.692904e-01,1.441055e-02,5.998694e-03,1.896222e-01,8.316385e-03
2.303879e-03,1.143556e-02,2.419121e-03,1.569657e-03,5.976014e-03,6.154941e-02,9.237711e-04,7.497336e-04,2.142598e-01,1.928404e-02,5.043390e-01,1.268717e-02,6.416075e-03,1.498188e-01,6.267975e-03
2.045285e-03,1.152675e-02,2.097735e-03,1.484733e-03,5.297583e-03,4.781947e-02,8.508934e-04,7.454489e-04,1.957863e-01,3.297399e-02,5.489690e-01,1.256973e-02,7.962839e-03,1.250220e-01,4.848396e-03
1.845325e-03,1.394353e-02,2.752869e-03,1.353000e-03,5.134252e-03,3.493044e-02,7.702529e-04,8.477845e-04,1.769556e-01,6.794953e-02,5.690044e-01,1.056772e-02,6.719459e-03,1.028270e-01,4.398999e-03
2.153746e-03,1.571280e-02,4.055056e-03,1.233548e-03,6.173231e-03,3.320210e-02,8.459549e-04,1.041407e-03,2.048786e-01,9.814270e-02,5.244634e-01,9.285498e-03,5.542568e-03,8.950669e-02,3.762807e-03
2.411324e-03,1.317910e-02,3.563793e-03,9.688835e-04,5.147659e-02,2.627103e-02,2.595961e-03,2.746633e-03,3.175089e-01,1.008604e-01,3.974146e-01,6.924985e-03,5.433456e-03,6.575948e-02,2.884984e-03
2.864223e-03,3.883119e-02,7.757649e-03,8.011465e-04,5.688072e-02,2.281616e-02,3.381410e-03,1.036749e-02,3.531430e-01,1.206403e-01,3.219647e-01,5.182388e-03,5.035126e-03,4.787516e-02,2.459316e-03
2.505770e-03,5.586401e-02,7.150154e-03,6.327525e-04,5.116311e-02,2.091805e-02,3.276350e-03,2.086998e-02,4.554254e-01,1.038661e-01,2.339058e-01,3.805287e-03,4.120688e-03,3.465802e-02,1.838615e-03
2.552937e-03,1.227079e-01,7.276921e-03,5.152592e-04,4.243934e-02,2.018877e-02,3.323824e-03,4.104453e-02,4.717613e-01,8.470865e-02,1.704729e-01,2.939157e-03,3.413466e-03,2.512817e-02,1.526845e-03
2.897721e-03,1.606371e-01,1.001372e-02,4.370076e-04,3.516985e-02,2.074347e-02,3.543272e-03,7.239598e-02,4.711856e-01,7.439719e-02,1.240210e-01,2.261773e-03,2.648403e-03,1.824209e-02,1.405820e-03
3.164280e-03,1.628799e-01,1.010740e-02,3.900134e-04,2.869483e-02,2.098868e-02,3.401502e-03,7.888407e-02,5.198316e-01,6.282409e-02,9.031975e-02,1.758210e-03,2.038912e-03,1.322393e-02,1.492864e-03
3.985321e-03,1.813562e-01,7.978790e-03,3.743624e-04,2.431311e-02,1.794543e-02,2.720548e-03,7.794971e-02,5.471546e-01,5.305949e-02,6.827752e-02,1.594376e-03,1.634813e-03,1.028492e-02,1.370860e-03
5.095116e-03,2.116915e-01,6.530290e-03,4.267292e-04,2.236568e-02,1.441791e-02,2.275214e-03,7.859210e-02,5.479065e-01,4.727332e-02,5.022032e-02,1.695991e-03,1.485182e-03,8.698354e-03,1.325898e-03
1.006355e-02,2.749483e-01,5.812512e-03,7.694955e-04,2.214217e-02,1.162193e-02,1.810208e-03,9.416841e-02,4.810503e-01,3.870852e-02,3.987522e-02,2.271200e-03,1.589120e-03,1.310725e-02,2.061821e-03
1.572554e-02,3.427683e-01,5.075635e-03,1.013526e-03,2.338662e-02,9.160446e-03,1.451868e-03,1.077541e-01,4.061239e-01,3.252972e-02,3.025261e-02,2.562204e-03,1.726957e-03,1.775449e-02,2.714101e-03
1.759184e-02,3.073089e-01,5.749512e-03,1.043158e-03,3.130547e-02,7.635922e-03,1.550100e-03,1.501867e-01,4.034350e-01,2.539151e-02,2.311532e-02,2.468277e-03,1.777743e-03,1.763679e-02,3.803837e-03
2.604531e-02,2.859309e-01,5.131874e-03,1.161858e-03,2.869388e-02,7.497766e-03,1.435162e-03,1.381621e-01,4.324335e-01,2.096562e-02,1.911230e-02,2.852343e-03,2.824047e-03,2.153176e-02,6.221624e-03
3.159255e-02,2.842761e-01,4.950635e-03,1.276608e-03,2.547338e-02,7.615466e-03,1.265553e-03,1.437410e-01,4.255786e-01,1.736116e-02,1.527131e-02,3.099670e-03,3.878633e-03,2.693897e-02,7.680378e-03
5.708788e-02,2.723691e-01,6.658713e-03,1.615610e-03,2.231317e-02,1.070417e-02,1.376455e-03,1.545816e-01,3.740392e-01,1.796700e-02,1.200372e-02,3.228936e-03,4.649655e-03,4.306948e-02,1.833536e-02
6.217933e-02,2.944820e-01,6.847325e-03,1.601664e-03,1.978170e-02,1.088657e-02,1.296120e-03,1.719050e-01,3.304588e-01,1.649727e-02,9.104585e-03,3.091431e-03,4.519755e-03,4.095171e-02,2.639683e-02
5.146451e-02,2.808779e-01,1.422994e-02,1.501210e-03,1.667143e-02,9.670465e-03,1.173654e-03,2.784610e-01,2.624916e-01,1.301921e-02,6.499799e-03,2.358852e-03,3.474187e-03,3.012614e-02,2.798018e-02
5.765438e-02,2.814442e-01,1.698533e-02,2.410767e-03,1.711026e-02,1.711297e-02,1.317238e-03,2.277584e-01,2.822166e-01,2.914031e-02,5.069252e-03,3.488038e-03,3.062280e-03,2.256366e-02,3.266634e-02
6.031795e-02,3.321698e-01,1.530372e-02,4.390800e-03,1.770721e-02,1.416152e-02,1.483139e-03,2.001987e-01,2.688479e-01,2.897114e-02,4.040768e-03,4.147810e-03,2.688214e-03,1.697353e-02,2.859778e-02
5.730154e-02,2.605346e-01,2.651032e-02,7.351712e-02,4.236339e-02,1.105444e-02,1.521644e-03,2.139792e-01,2.243924e-01,2.838778e-02,5.734750e-03,1.114034e-02,5.592233e-03,1.213503e-02,2.583507e-02
7.355128e-02,2.234399e-01,2.456512e-02,8.268400e-02,5.610422e-02,1.118971e-02,1.716811e-03,1.856636e-01,2.362052e-01,4.251704e-02,6.873971e-03,1.086786e-02,5.780666e-03,9.088074e-03,2.975260e-02
7.003047e-02,1.599595e-01,2.722471e-02,9.119426e-02,5.797431e-02,8.813925e-03,1.994418e-03,3.119568e-01,1.804496e-01,3.173813e-02,7.769994e-03,1.099975e-02,6.899676e-03,6.504091e-03,2.649033e-02
5.343392e-02,1.128831e-01,2.247309e-02,6.651263e-02,4.275919e-02,6.632234e-03,1.821904e-03,4.906904e-01,1.345098e-01,2.269946e-02,6.880361e-03,8.349160e-03,5.322289e-03,4.588061e-03,2.044442e-02
4.125639e-02,8.068857e-02,1.896372e-02,4.994746e-02,3.176767e-02,4.963433e-03,1.766165e-03,6.170463e-01,1.036761e-01,1.625801e-02,5.447417e-03,6.083514e-03,4.024685e-03,3.231572e-03,1.487894e-02
3.638447e-02,6.093671e-02,1.613031e-02,3.686596e-02,2.616722e-02,3.839035e-03,1.761540e-03,6.959269e-01,8.537715e-02,1.196368e-02,3.955171e-03,4.402795e-03,2.948755e-03,2.345387e-03,1.099486e-02
3.257921e-02,4.522508e-02,1.304477e-02,2.668101e-02,2.185979e-02,3.244459e-03,1.863314e-03,7.573692e-01,6.977020e-02,9.455263e-03,2.941837e-03,3.205446e-03,2.661571e-03,1.693443e-03,8.405417e-03
3.670646e-02,3.246449e-02,1.013229e-02,1.973614e-02,1.769411e-02,2.764331e-03,1.641546e-03,8.066763e-01,5.035893e-02,6.768153e-03,2.226326e-03,2.527390e-03,2.727084e-03,1.231341e-03,6.345083e-03
5.593441e-02,2.454579e-02,8.412164e-03,1.488302e-02,1.551100e-02,2.493197e-03,1.593457e-03,8.227812e-01,3.727520e-02,5.011678e-03,1.663809e-03,2.060688e-03,2.197506e-03,9.226482e-04,4.714179e-03
8.594342e-02,1.803153e-02,8.440256e-03,1.153875e-02,1.329882e-02,2.705861e-03,1.819603e-03,8.182192e-01,2.695896e-02,3.677085e-03,1.285759e-03,1.888575e-03,1.831779e-03,7.688220e-04,3.591459e-03
1.522904e-01,1.367026e-02,9.775501e-03,8.717381e-03,1.191735e-02,3.691927e-03,1.707918e-03,7.624981e-01,1.955681e-02,3.509171e-03,1.339083e-03,2.291329e-03,1.601360e-03,1.166749e-03,6.266579e-03
1.987612e-01,1.134350e-02,8.875841e-03,6.967776e-03,1.045482e-02,3.714197e-03,1.716214e-03,7.264975e-01,1.437733e-02,3.340579e-03,1.233400e-03,2.591683e-03,1.455611e-03,1.126975e-03,7.543426e-03
2.739059e-01,1.641626e-02,8.818155e-03,4.713643e-02,3.654101e-02,6.946483e-03,2.799297e-03,5.559668e-01,1.393713e-02,4.911336e-03,3.779312e-03,1.357243e-02,3.161099e-03,1.821860e-03,1.028655e-02
2.538059e-01,4.283291e-02,1.449800e-02,1.175417e-01,2.729662e-02,6.955109e-03,2.074245e-03,3.914022e-01,4.276150e-02,9.375615e-03,4.378267e-02,1.242428e-02,1.027924e-02,2.909508e-03,2.206051e-02
2.956831e-01,4.685645e-02,1.253533e-02,9.421963e-02,2.026613e-02,8.411833e-03,1.633199e-03,2.792816e-01,5.983759e-02,2.364749e-02,5.999177e-02,2.024008e-02,2.336531e-02,8.423341e-03,4.560713e-02
2.505048e-01,3.814754e-02,1.144595e-02,6.947715e-02,1.606513e-02,7.181549e-03,1.214490e-03,1.999882e-01,2.016922e-01,4.803361e-02,5.136338e-02,1.602769e-02,3.516001e-02,1.170274e-02,4.199558e-02
2.216418e-01,2.807393e-02,9.237337e-03,5.043766e-02,1.490731e-02,6.455938e-03,9.133445e-04,1.452271e-01,2.109785e-01,1.352257e-01,5.868620e-02,1.287279e-02,5.126487e-02,1.820011e-02,3.587742e-02
1.589267e-01,2.064999e-02,6.821667e-03,3.733021e-02,1.125911e-02,5.011761e-03,6.788202e-04,1.022753e-01,3.936270e-01,1.254514e-01,4.675353e-02,9.635882e-03,3.789423e-02,1.425567e-02,2.942868e-02
1.263737e-01,1.544660e-02,5.349563e-03,3.017842e-02,8.982066e-03,6.476146e-03,7.849024e-04,7.258050e-02,4.358025e-01,1.562007e-01,5.104539e-02,1.169390e-02,3.631382e-02,1.601921e-02,2.675255e-02
2.059686e-01,1.293379e-02,6.161088e-03,3.191157e-02,1.056461e-02,9.454620e-03,9.990735e-04,5.371997e-02,3.692887e-01,1.575582e-01,4.961029e-02,1.346118e-02,3.655592e-02,1.888670e-02,2.292569e-02
2.813252e-01,1.206672e-02,1.454235e-02,3.207587e-02,1.122956e-02,1.158005e-02,1.126316e-03,3.953506e-02,2.717790e-01,1.954647e-01,4.427944e-02,1.177202e-02,3.125382e-02,2.019845e-02,2.177148e-02
3.454931e-01,1.692684e-02,2.001438e-02,3.098993e-02,1.712353e-02,1.407107e-02,1.548873e-03,2.952592e-02,2.057648e-01,1.841011e-01,4.407899e-02,1.386159e-02,2.604317e-02,2.558013e-02,2.487649e-02
3.199704e-01,3.548825e-02,1.996778e-02,1.226491e-01,1.816633e-02,1.984184e-02,1.876247e-03,2.288467e-02,1.551072e-01,1.350439e-01,3.896846e-02,3.148894e-02,2.230300e-02,1.895818e-02,3.728560e-02
2.558979e-01,5.529076e-02,3.615245e-02,1.680475e-01,1.809073e-02,1.836476e-02,1.862341e-03,1.741533e-02,1.749891e-01,1.085058e-01,3.265676e-02,3.343276e-02,1.925521e-02,1.373172e-02,4.630687e-02
2.382535e-01,6.976730e-02,2.987310e-02,1.419301e-01,1.808238e-02,1.574211e-02,2.005797e-03,1.271508e-02,2.115830e-01,9.098702e-02,2.781550e-02,3.146658e-02,1.713438e-02,9.922522e-03,8.272161e-02
1.782273e-01,1.352249e-01,3.393119e-02,1.390562e-01,1.590639e-02,1.183836e-02,1.638306e-03,9.662509e-03,2.307487e-01,9.574640e-02,2.155590e-02,2.324811e-02,1.328155e-02,7.103656e-03,8.283048e-02
1.701797e-01,1.355752e-01,2.844069e-02,1.126727e-01,3.323618e-02,1.451936e-02,1.830836e-03,8.612243e-03,2.249095e-01,8.121809e-02,1.923136e-02,2.007381e-02,1.186873e-02,5.253126e-03,1.323784e-01
1.656969e-01,1.094472e-01,2.772919e-02,1.218776e-01,5.833308e-02,2.360543e-02,4.914106e-03,3.066732e-02,2.488163e-01,5.812691e-02,1.759500e-02,1.894547e-02,1.305155e-02,4.329754e-03,9.686407e-02
1.919252e-01,1.045761e-01,3.181593e-02,1.147487e-01,7.569535e-02,4.296204e-02,6.732592e-03,3.913800e-02,2.127788e-01,5.189691e-02,1.513676e-02,1.642794e-02,1.194841e-02,4.570415e-03,7.964689e-02
1.912531e-01,9.061028e-02,2.597135e-02,9.301751e-02,8.556937e-02,3.846837e-02,8.053435e-03,1.169375e-01,2.059383e-01,4.587061e-02,1.191537e-02,1.243831e-02,1.101918e-02,3.809119e-03,5.912813e-02
1.501483e-01,6.612545e-02,2.011355e-02,7.082337e-02,7.202099e-02,2.924428e-02,6.491282e-03,3.128352e-01,1.694107e-01,3.227745e-02,8.826330e-03,9.049088e-03,8.154724e-03,2.785809e-03,4.169342e-02
1.432897e-01,5.148724e-02,2.104715e-02,5.541906e-02,6.229719e-02,2.317263e-02,5.588870e-03,4.243150e-01,1.365436e-01,2.288298e-02,7.046069e-03,7.846642e-03,6.493936e-03,2.304984e-03,3.026485e-02
1.176141e-01,4.006691e-02,2.270650e-02,1.506096e-01,5.115793e-02,1.962237e-02,4.242646e-03,4.173368e-01,1.028807e-01,1.764172e-02,1.607824e-02,9.495965e-03,6.089493e-03,1.908386e-03,2.254866e-02
8.313707e-02,2.887580e-02,1.688300e-02,1.695752e-01,3.925096e-02,1.446293e-02,3.108796e-03,3.132296e-01,7.456973e-02,1.336527e-02,1.815140e-01,1.568454e-02,2.522347e-02,4.567477e-03,1.655225e-02
5.876092e-02,2.071802e-02,1.280236e-02,1.617658e-01,2.938738e-02,1.040631e-02,2.333611e-03,2.449037e-01,5.517317e-02,1.115446e-02,2.439212e-01,7.178748e-02,4.255749e-02,2.242087e-02,1.190725e-02
4.199268e-02,1.474798e-02,9.600056e-03,1.251125e-01,2.094155e-02,7.484264e-03,1.666779e-03,1.734582e-01,3.971336e-02,1.344995e-02,3.204269e-01,1.455016e-01,3.889777e-02,3.845406e-02,8.552294e-03
3.078441e-02,1.054409e-02,7.391399e-03,9.137040e-02,1.557559e-02,5.624567e-03,1.221853e-03,1.229770e-01,3.064888e-02,1.535110e-02,3.541885e-01,2.257996e-01,3.233092e-02,5.001512e-02,6.176638e-03
2.181153e-02,7.497032e-03,5.997419e-03,6.500491e-02,1.162430e-02,4.775905e-03,8.868212e-04,8.829982e-02,2.280466e-02,1.373083e-02,3.112490e-01,3.624122e-01,2.434404e-02,5.516446e-02,4.397077e-03
1.910013e-02,6.091846e-03,7.321680e-03,4.710860e-02,1.267938e-02,4.637774e-03,6.981672e-04,6.401181e-02,1.778971e-02,1.613185e-02,3.084709e-01,3.999591e-01,2.168118e-02,7.089268e-02,3.425188e-03
2.121669e-02,5.096277e-03,6.803263e-03,3.448329e-02,1.712865e-02,4.490252e-03,5.732047e-04,4.702145e-02,1.573676e-02,1.859452e-02,3.093141e-01,4.278969e-01,2.183527e-02,6.715693e-02,2.652496e-03
2.826122e-02,5.103910e-03,5.528970e-03,2.458397e-02,1.971832e-02,5.370190e-03,4.406950e-04,3.381131e-02,1.246706e-02,2.667674e-02,2.961274e-01,4.660501e-01,1.731518e-02,5.633181e-02,2.213056e-03
2.465794e-02,4.703291e-03,4.437385e-03,1.759987e-02,1.900679e-02,5.644233e-03,3.352339e-04,2.427947e-02,1.131945e-02,2.413679e-02,2.739565e-01,5.144480e-01,1.386921e-02,5.965608e-02,1.949693e-03
3.074614e-02,4.262663e-03,3.687001e-03,1.295093e-02,2.400381e-02,6.483332e-03,3.161347e-04,1.780022e-02,9.373219e-03,2.792848e-02,2.625564e-01,5.196201e-01,1.238432e-02,6.609546e-02,1.791729e-03
3.931928e-02,4.476352e-03,3.182766e-03,1.006913e-02,2.385733e-02,6.694278e-03,7.736895e-04,1.335741e-02,1.711168e-02,2.225530e-02,3.517021e-01,4.401222e-01,1.100112e-02,5.304272e-02,3.034607e-03
3.793898e-02,9.590928e-03,3.175883e-03,7.459289e-03,3.860914e-02,6.111886e-03,1.609432e-03,1.030731e-02,7.473408e-02,1.983412e-02,3.290054e-01,4.021009e-01,1.056897e-02,4.464966e-02,4.304009e-03
3.836773e-02,1.138898e-02,5.528880e-03,7.201993e-03,5.442646e-02,9.006782e-03,4.404450e-03,4.371573e-02,1.786267e-01,1.837798e-02,2.854734e-01,2.944312e-01,1.095239e-02,3.389619e-02,4.201179e-03
2.870410e-02,1.556573e-02,4.472229e-03,5.528897e-03,4.513614e-02,1.512301e-02,3.876093e-03,3.323829e-02,2.981240e-01,1.430089e-02,2.743521e-01,2.237455e-01,9.240878e-03,2.522202e-02,3.370177e-03
2.411521e-02,1.727437e-02,6.807659e-03,6.195267e-03,5.429064e-02,1.654862e-02,3.350990e-03,3.506097e-02,3.914451e-01,1.186793e-02,2.368891e-01,1.634747e-01,1.003376e-02,1.996458e-02,2.681228e-03
2.593991e-02,1.512944e-02,6.837890e-03,5.717374e-03,9.463237e-02,2.182013e-02,4.092024e-03,3.064250e-02,4.483121e-01,9.434613e-03,1.861944e-01,1.195466e-01,1.038551e-02,1.801268e-02,3.302497e-03
2.826644e-02,1.215913e-02,7.665790e-03,5.324213e-03,1.660030e-01,2.153069e-02,9.286126e-03,4.046114e-02,4.444044e-01,8.981200e-03,1.395328e-01,8.728458e-02,1.098826e-02,1.538766e-02,2.724662e-03
3.199744e-02,1.262633e-02,6.867744e-03,7.492614e-03,2.429565e-01,2.346262e-02,1.243387e-02,5.186302e-02,4.048623e-01,8.514212e-03,1.068263e-01,6.424619e-02,9.746765e-03,1.317336e-02,2.930721e-03
3.660275e-02,1.731057e-02,6.076564e-03,8.059406e-03,2.993351e-01,2.420897e-02,1.404890e-02,6.221854e-02,3.733852e-01,8.561473e-03,8.021818e-02,4.621123e-02,7.611715e-03,1.250364e-02,3.647821e-03
6.298898e-02,1.950440e-02,5.351560e-03,1.388794e-02,2.617309e-01,3.659482e-02,1.146626e-02,5.541558e-02,3.693928e-01,1.918058e-02,5.910699e-02,3.320630e-02,5.916039e-03,1.145042e-02,3.480639e-02
9.628569e-02,2.196030e-02,4.311525e-03,1.266834e-02,2.102780e-01,3.891849e-02,8.812726e-03,4.640331e-02,3.816122e-01,2.507056e-02,4.499341e-02,2.438932e-02,4.793877e-03,1.290379e-02,6.659847e-02
1.292916e-01,2.364750e-02,3.621788e-03,1.338692e-02,1.686519e-01,3.310882e-02,6.855821e-03,4.169758e-02,4.050940e-01,2.997191e-02,3.564020e-02,1.897101e-02,4.179404e-03,1.492545e-02,7.095613e-02
1.194321e-01,3.177687e-02,2.862614e-03,1.114991e-02,1.313079e-01,2.990655e-02,5.011722e-03,3.301758e-02,4.803918e-01,2.452804e-02,2.976738e-02,1.477868e-02,3.319204e-03,1.288347e-02,6.986614e-02
1.240212e-01,3.842306e-02,2.461839e-03,1.099329e-02,1.170382e-01,2.952172e-02,3.796074e-03,2.937198e-02,4.874001e-01,2.747330e-02,2.717166e-02,1.158831e-02,3.027980e-03,1.215365e-02,7.555757e-02
1.307708e-01,4.332125e-02,4.477940e-03,2.254521e-02,1.368082e-01,3.132704e-02,4.150697e-03,5.918808e-02,4.374625e-01,2.318972e-02,2.072671e-02,9.109464e-03,2.972965e-03,1.043291e-02,6.351657e-02
1.573127e-01,4.576249e-02,5.486416e-03,3.786642e-02,1.038500e-01,3.020225e-02,4.133233e-03,4.530705e-02,3.383851e-01,2.127812e-02,3.160009e-02,8.980104e-03,4.232061e-02,8.287230e-03,1.192283e-01
1.536545e-01,3.738999e-02,4.696644e-03,4.751762e-02,8.953144e-02,3.668381e-02,3.637846e-03,3.449582e-02,2.611309e-01,1.717674e-02,2.951542e-02,8.033572e-03,1.677634e-01,6.116901e-03,1.026553e-01
1.337934e-01,2.752183e-02,3.508765e-03,3.820853e-02,6.454200e-02,3.040983e-02,2.953843e-03,2.481165e-02,1.874068e-01,1.273743e-02,2.901653e-02,1.254109e-02,3.385880e-01,5.097724e-03,8.886261e-02
1.023382e-01,1.986880e-02,2.839641e-03,3.280772e-02,4.763277e-02,2.694270e-02,2.323314e-03,1.771311e-02,1.376793e-01,9.390922e-03,3.006764e-02,1.600162e-02,4.801856e-01,4.131653e-03,7.007697e-02
7.291581e-02,1.399797e-02,2.083850e-03,2.353365e-02,3.392246e-02,2.112558e-02,1.732626e-03,1.248778e-02,9.758376e-02,6.747960e-03,3.051073e-02,2.241210e-02,6.044458e-01,2.957439e-03,5.354249e-02
5.300080e-02,9.898047e-03,1.515692e-03,1.665463e-02,2.460068e-02,1.564625e-02,1.294632e-03,8.828788e-03,6.889952e-02,5.014851e-03,2.602249e-02,3.052121e-02,6.940869e-01,2.157777e-03,4.185779e-02
3.827057e-02,7.081330e-03,1.229379e-03,1.197165e-02,1.851961e-02,1.199437e-02,1.158910e-03,6.329779e-03,4.994132e-02,4.082287e-03,2.230219e-02,3.213722e-02,7.549748e-01,1.726730e-03,3.827984e-02
2.725158e-02,5.097810e-03,2.878095e-03,8.655932e-03,1.574582e-02,8.756191e-03,1.110189e-03,4.849582e-03,3.774800e-02,4.465648e-03,2.088091e-02,2.966769e-02,7.212662e-01,1.349117e-03,1.102773e-01
1.957569e-02,3.847275e-03,6.761235e-03,6.342095e-03,1.447771e-02,6.352399e-03,9.578608e-04,4.024058e-03,2.999613e-02,4.905751e-03,1.786724e-02,2.343953e-02,6.635998e-01,1.081580e-03,1.967717e-01
1.467228e-02,3.282529e-03,1.391449e-02,4.712112e-03,1.253353e-02,4.598827e-03,8.052787e-04,3.440179e-03,2.368337e-02,4.536319e-03,1.376818e-02,1.713627e-02,5.492783e-01,8.440478e-04,3.327943e-01
1.079381e-02,2.499191e-03,4.992086e-02,4.123811e-03,1.578350e-02,3.364965e-03,2.326332e-03,4.048168e-02,2.239274e-02,4.646485e-03,1.161911e-02,1.247556e-02,4.114591e-01,6.595400e-04,4.074534e-01
8.404990e-03,4.377393e-03,7.737023e-02,4.010741e-03,2.101594e-02,2.711745e-03,2.882995e-03,4.665591e-02,3.569597e-02,4.441740e-03,9.887080e-03,9.336477e-03,3.073234e-01,5.409826e-04,4.653444e-01
6.811715e-03,9.435788e-03,7.040498e-02,4.067645e-03,2.193526e-02,2.430179e-03,2.178767e-03,4.508340e-02,5.964560e-02,3.433049e-03,7.949972e-03,6.705603e-03,2.192566e-01,4.637054e-04,5.401977e-01
6.727383e-03,8.152371e-03,6.174104e-02,4.233907e-03,1.976630e-02,2.135472e-03,1.665137e-03,4.927736e-02,4.953749e-02,2.894429e-03,6.678778e-03,4.787931e-03,1.588941e-01,4.412837e-04,6.230670e-01
1.023163e-02,9.331997e-03,5.962092e-02,8.275765e-03,2.036738e-02,5.492133e-03,1.429082e-03,5.756790e-02,5.514445e-02,2.709707e-03,5.760543e-03,3.549027e-03,1.172389e-01,4.106092e-04,6.428699e-01
1.867627e-02,8.894640e-03,5.283753e-02,8.158112e-03,2.276902e-02,4.973352e-03,1.363243e-03,1.376485e-01,4.787765e-02,2.335886e-03,4.927373e-03,2.762814e-03,9.895323e-02,6.617838e-04,5.871606e-01
2.703086e-02,9.565007e-03,4.488964e-02,1.056353e-02,2.498409e-02,4.768369e-03,1.406788e-03,1.891179e-01,4.294273e-02,2.367037e-03,3.890658e-03,2.151131e-03,8.072965e-02,7.722338e-04,5.548203e-01
3.125165e-02,1.414733e-02,3.764146e-02,3.108229e-02,2.492551e-02,6.257557e-03,1.304592e-03,1.847698e-01,5.208377e-02,4.712773e-03,3.801975e-03,1.892259e-03,6.286503e-02,8.373900e-04,5.424266e-01
3.544493e-02,1.295999e-02,3.276133e-02,3.598852e-02,2.445893e-02,6.504943e-03,1.518183e-03,2.741965e-01,5.434235e-02,4.203721e-03,3.827544e-03,1.687737e-03,4.923129e-02,7.021216e-04,4.621720e-01
4.612019e-02,2.254564e-02,3.136007e-02,3.190890e-02,3.220097e-02,1.008179e-02,2.779764e-03,2.935799e-01,8.427611e-02,3.875715e-03,2.930396e-03,1.402008e-03,3.947128e-02,7.086514e-04,3.967586e-01
5.434122e-02,2.546753e-02,3.271611e-02,2.998621e-02,3.976450e-02,1.693219e-02,6.945938e-03,2.912356e-01,1.043537e-01,3.668519e-03,2.395395e-03,1.337262e-03,3.589773e-02,6.499251e-04,3.543082e-01
5.759986e-02,2.766900e-02,3.439696e-02,2.696741e-02,3.635576e-02,1.604186e-02,1.434029e-02,3.567821e-01,1.133308e-01,3.865246e-03,2.158808e-03,1.337590e-03,2.941958e-02,5.302711e-04,2.792045e-01
1.211982e-01,2.923290e-02,4.631744e-02,2.491602e-02,3.614353e-02,1.513803e-02,1.741690e-02,3.273382e-01,1.114771e-01,4.613655e-03,1.855318e-03,1.403004e-03,2.386202e-02,5.785385e-04,2.385091e-01
1.581164e-01,3.073910e-02,5.265098e-02,2.244742e-02,3.312450e-02,1.504273e-02,1.833727e-02,3.559211e-01,9.988704e-02,4.727355e-03,1.597957e-03,1.342136e-03,1.931158e-02,6.185212e-04,1.861359e-01
2.220939e-01,3.442278e-02,4.210662e-02,1.909875e-02,3.218459e-02,1.763312e-02,2.094765e-02,3.263740e-01,1.044568e-01,4.866031e-03,1.990208e-03,2.324541e-03,2.681137e-02,1.096469e-03,1.435931e-01
3.249702e-01,3.561085e-02,3.278228e-02,1.800330e-02,3.229116e-02,1.680648e-02,1.918335e-02,2.558710e-01,1.041956e-01,5.524013e-03,3.763089e-03,4.161368e-03,2.807093e-02,1.887722e-03,1.168786e-01
4.122187e-01,3.245456e-02,3.467755e-02,1.523641e-02,3.086419e-02,1.511569e-02,1.857489e-02,2.135450e-01,8.388863e-02,7.905735e-03,3.458096e-03,4.832540e-03,2.713313e-02,2.354770e-03,9.774005e-02
3.663665e-01,3.208150e-02,4.309917e-02,1.319693e-02,3.716272e-02,1.278789e-02,1.934469e-02,2.928788e-01,6.265874e-02,8.382027e-03,2.982268e-03,4.427013e-03,2.756976e-02,2.469709e-03,7.459227e-02
3.768529e-01,2.715980e-02,3.463360e-02,1.411534e-02,3.585691e-02,2.529072e-02,1.579405e-02,3.076931e-01,4.614281e-02,7.385807e-03,7.014423e-03,1.026618e-02,2.435144e-02,2.727835e-03,6.471507e-02
3.988721e-01,2.948647e-02,3.275223e-02,2.258104e-02,3.018632e-02,3.411616e-02,1.250172e-02,2.479567e-01,3.976113e-02,1.240815e-02,1.231440e-02,2.535329e-02,2.078364e-02,2.630589e-03,7.829601e-02
2.910250e-01,4.861829e-02,3.334232e-02,2.953987e-02,2.418496e-02,7.269252e-02,9.100757e-03,1.752462e-01,4.444656e-02,3.946321e-02,1.671577e-02,2.490176e-02,1.886788e-02,2.848217e-03,1.690068e-01
2.141654e-01,3.908733e-02,2.590682e-02,2.274669e-02,1.772247e-02,8.769582e-02,6.517352e-03,1.237367e-01,4.009673e-02,4.405760e-02,1.585201e-02,2.001264e-02,1.507415e-02,3.876542e-03,3.234518e-01
1.603333e-01,3.186727e-02,1.877872e-02,1.689156e-02,1.255482e-02,7.145394e-02,4.602084e-03,8.668336e-02,3.850598e-02,4.644226e-02,1.181982e-02,1.467184e-02,1.158486e-02,3.860844e-03,4.699494e-01
1.260127e-01,2.354215e-02,1.329010e-02,1.209364e-02,8.912383e-03,7.228280e-02,3.334182e-03,6.084210e-02,3.263513e-02,9.399621e-02,9.909788e-03,1.157391e-02,1.089564e-02,4.484782e-03,5.161945e-01
