1.000000e+00,0.000000e+00,0.000000e+00,0.000000e+00,0.000000e+00,0.000000e+00,0.000000e+00,0.000000e+00,0.000000e+00,0.000000e+00,0.000000e+00,0.000000e+00,0.000000e+00,0.000000e+00,0.000000e+00
1.000000e+00,0.000000e+00,0.000000e+00,0.000000e+00,0.000000e+00,0.000000e+00,0.000000e+00,0.000000e+00,0.000000e+00,0.000000e+00,0.000000e+00,0.000000e+00,0.000000e+00,0.000000e+00,0.000000e+00
1.000000e+00,0.000000e+00,0.000000e+00,0.000000e+00,0.000000e+00,0.000000e+00,0.000000e+00,0.000000e+00,0.000000e+00,0.000000e+00,0.000000e+00,0.000000e+00,0.000000e+00,0.000000e+00,0.000000e+00
1.000000e+00,0.000000e+00,0.000000e+00,0.000000e+00,0.000000e+00,0.000000e+00,0.000000e+00,0.000000e+00,0.000000e+00,0.000000e+00,0.000000e+00,0.000000e+00,0.000000e+00,0.000000e+00,0.000000e+00
1.000000e+00,0.000000e+00,0.000000e+00,0.000000e+00,0.000000e+00,0.000000e+00,0.000000e+00,0.000000e+00,0.000000e+00,0.000000e+00,0.000000e+00,0.000000e+00,0.000000e+00,0.000000e+00,0.000000e+00
1.000000e+00,0.000000e+00,0.000000e+00,0.000000e+00,0.000000e+00,0.000000e+00,0.000000e+00,0.000000e+00,0.000000e+00,0.000000e+00,0.000000e+00,0.000000e+00,0.000000e+00,0.000000e+00,0.000000e+00
1.000000e+00,0.000000e+00,0.000000e+00,0.000000e+00,0.000000e+00,0.000000e+00,0.000000e+00,0.000000e+00,0.000000e+00,0.000000e+00,0.000000e+00,0.000000e+00,0.000000e+00,0.000000e+00,0.000000e+00
1.000000e+00,0.000000e+00,0.000000e+00,0.000000e+00,0.000000e+00,0.000000e+00,0.000000e+00,0.000000e+00,0.000000e+00,0.000000e+00,0.000000e+00,0.000000e+00,0.000000e+00,0.000000e+00,0.000000e+00
1.000000e+00,0.000000e+00,0.000000e+00,0.000000e+00,0.000000e+00,0.000000e+00,0.000000e+00,0.000000e+00,0.000000e+00,0.000000e+00,0.000000e+00,0.000000e+00,0.000000e+00,0.000000e+00,0.000000e+00
1.000000e+00,0.000000e+00,0.000000e+00,0.000000e+00,0.000000e+00,0.000000e+00,0.000000e+00,0.000000e+00,0.000000e+00,0.000000e+00,0.000000e+00,0.000000e+00,0.000000e+00,0.000000e+00,0.000000e+00
1.000000e+00,0.000000e+00,0.000000e+00,0.000000e+00,0.000000e+00,0.000000e+00,0.000000e+00,0.000000e+00,0.000000e+00,0.000000e+00,0.000000e+00,0.000000e+00,0.000000e+00,0.000000e+00,0.000000e+00
1.000000e+00,0.000000e+00,0.000000e+00,0.000000e+00,0.000000e+00,0.000000e+00,0.000000e+00,0.000000e+00,0.000000e+00,0.000000e+00,0.000000e+00,0.000000e+00,0.000000e+00,0.000000e+00,0.000000e+00
1.000000e+00,0.000000e+00,0.000000e+00,0.000000e+00,0.000000e+00,0.000000e+00,0.000000e+00,0.000000e+00,0.000000e+00,0.000000e+00,0.000000e+00,0.000000e+00,0.000000e+00,0.000000e+00,0.000000e+00
1.000000e+00,0.000000e+00,0.000000e+00,0.000000e+00,0.000000e+00,0.000000e+00,0.000000e+00,0.000000e+00,0.000000e+00,0.000000e+00,0.000000e+00,0.000000e+00,0.000000e+00,0.000000e+00,0.000000e+00
1.000000e+00,0.000000e+00,0.000000e+00,0.000000e+00,0.000000e+00,0.000000e+00,0.000000e+00,0.000000e+00,0.000000e+00,0.000000e+00,0.000000e+00,0.000000e+00,0.000000e+00,0.000000e+00,0.000000e+00
1.000000e+00,0.000000e+00,0.000000e+00,0.000000e+00,0.000000e+00,0.000000e+00,0.000000e+00,0.000000e+00,0.000000e+00,0.000000e+00,0.000000e+00,0.000000e+00,0.000000e+00,0.000000e+00,0.000000e+00
1.000000e+00,0.000000e+00,0.000000e+00,0.000000e+00,0.000000e+00,0.000000e+00,0.000000e+00,0.000000e+00,0.000000e+00,0.000000e+00,0.000000e+00,0.000000e+00,0.000000e+00,0.000000e+00,0.000000e+00
1.000000e+00,0.000000e+00,0.000000e+00,0.000000e+00,0.000000e+00,0.000000e+00,0.000000e+00,0.000000e+00,0.000000e+00,0.000000e+00,0.000000e+00,0.000000e+00,0.000000e+00,0.000000e+00,0.000000e+00
1.000000e+00,0.000000e+00,0.000000e+00,0.000000e+00,0.000000e+00,0.000000e+00,0.000000e+00,0.000000e+00,0.000000e+00,0.000000e+00,0.000000e+00,0.000000e+00,0.000000e+00,0.000000e+00,0.000000e+00
1.000000e+00,0.000000e+00,0.000000e+00,0.000000e+00,0.000000e+00,0.000000e+00,0.000000e+00,0.000000e+00,0.000000e+00,0.000000e+00,0.000000e+00,0.000000e+00,0.000000e+00,0.000000e+00,0.000000e+00
1.000000e+00,0.000000e+00,0.000000e+00,0.000000e+00,0.000000e+00,0.000000e+00,0.000000e+00,0.000000e+00,0.000000e+00,0.000000e+00,0.000000e+00,0.000000e+00,0.000000e+00,0.000000e+00,0.000000e+00
1.000000e+00,0.000000e+00,0.000000e+00,0.000000e+00,0.000000e+00,0.000000e+00,0.000000e+00,0.000000e+00,0.000000e+00,0.000000e+00,0.000000e+00,0.000000e+00,0.000000e+00,0.000000e+00,0.000000e+00
1.000000e+00,0.000000e+00,0.000000e+00,0.000000e+00,0.000000e+00,0.000000e+00,0.000000e+00,0.000000e+00,0.000000e+00,0.000000e+00,0.000000e+00,0.000000e+00,0.000000e+00,0.000000e+00,0.000000e+00
1.000000e+00,0.000000e+00,0.000000e+00,0.000000e+00,0.000000e+00,0.000000e+00,0.000000e+00,0.000000e+00,0.000000e+00,0.000000e+00,0.000000e+00,0.000000e+00,0.000000e+00,0.000000e+00,0.000000e+00
1.000000e+00,0.000000e+00,0.000000e+00,0.000000e+00,0.000000e+00,0.000000e+00,0.000000e+00,0.000000e+00,0.000000e+00,0.000000e+00,0.000000e+00,0.000000e+00,0.000000e+00,0.000000e+00,0.000000e+00
1.000000e+00,0.000000e+00,0.000000e+00,0.000000e+00,0.000000e+00,0.000000e+00,0.000000e+00,0.000000e+00,0.000000e+00,0.000000e+00,0.000000e+00,0.000000e+00,0.000000e+00,0.000000e+00,0.000000e+00
1.000000e+00,0.000000e+00,0.000000e+00,0.000000e+00,0.000000e+00,0.000000e+00,0.000000e+00,0.000000e+00,0.000000e+00,0.000000e+00,0.000000e+00,0.000000e+00,0.000000e+00,0.000000e+00,0.000000e+00
1.000000e+00,0.000000e+00,0.000000e+00,0.000000e+00,0.000000e+00,0.000000e+00,0.000000e+00,0.000000e+00,0.000000e+00,0.000000e+00,0.000000e+00,0.000000e+00,0.000000e+00,0.000000e+00,0.000000e+00
1.000000e+00,0.000000e+00,0.000000e+00,0.000000e+00,0.000000e+00,0.000000e+00,0.000000e+00,0.000000e+00,0.000000e+00,0.000000e+00,0.000000e+00,0.000000e+00,0.000000e+00,0.000000e+00,0.000000e+00
1.000000e+00,0.000000e+00,0.000000e+00,0.000000e+00,0.000000e+00,0.000000e+00,0.000000e+00,0.000000e+00,0.000000e+00,0.000000e+00,0.000000e+00,0.000000e+00,0.000000e+00,0.000000e+00,0.000000e+00
1.000000e+00,0.000000e+00,0.000000e+00,0.000000e+00,0.000000e+00,0.000000e+00,0.000000e+00,0.000000e+00,0.000000e+00,0.000000e+00,0.000000e+00,0.000000e+00,0.000000e+00,0.000000e+00,0.000000e+00
1.000000e+00,0.000000e+00,0.000000e+00,0.000000e+00,0.000000e+00,0.000000e+00,0.000000e+00,0.000000e+00,0.000000e+00,0.000000e+00,0.000000e+00,0.000000e+00,0.000000e+00,0.000000e+00,0.000000e+00
1.000000e+00,0.000000e+00,0.000000e+00,0.000000e+00,0.000000e+00,0.000000e+00,0.000000e+00,0.000000e+00,0.000000e+00,0.000000e+00,0.000000e+00,0.000000e+00,0.000000e+00,0.000000e+00,0.000000e+00
1.000000e+00,0.000000e+00,0.000000e+00,0.000000e+00,0.000000e+00,0.000000e+00,0.000000e+00,0.000000e+00,0.000000e+00,0.000000e+00,0.000000e+00,0.000000e+00,0.000000e+00,0.000000e+00,0.000000e+00
1.000000e+00,0.000000e+00,0.000000e+00,0.000000e+00,0.000000e+00,0.000000e+00,0.000000e+00,0.000000e+00,0.000000e+00,0.000000e+00,0.000000e+00,0.000000e+00,0.000000e+00,0.000000e+00,0.000000e+00
1.000000e+00,0.000000e+00,0.000000e+00,0.000000e+00,0.000000e+00,0.000000e+00,0.000000e+00,0.000000e+00,0.000000e+00,0.000000e+00,0.000000e+00,0.000000e+00,0.000000e+00,0.000000e+00,0.000000e+00
1.000000e+00,0.000000e+00,0.000000e+00,0.000000e+00,0.000000e+00,0.000000e+00,0.000000e+00,0.000000e+00,0.000000e+00,0.000000e+00,0.000000e+00,0.000000e+00,0.000000e+00,0.000000e+00,0.000000e+00
1.000000e+00,0.000000e+00,0.000000e+00,0.000000e+00,0.000000e+00,0.000000e+00,0.000000e+00,0.000000e+00,0.000000e+00,0.000000e+00,0.000000e+00,0.000000e+00,0.000000e+00,0.000000e+00,0.000000e+00
1.000000e+00,0.000000e+00,0.000000e+00,0.000000e+00,0.000000e+00,0.000000e+00,0.000000e+00,0.000000e+00,0.000000e+00,0.000000e+00,0.000000e+00,0.000000e+00,0.000000e+00,0.000000e+00,0.000000e+00
3.877234e-01,7.919370e-02,5.305300e-02,2.495093e-01,2.642057e-02,2.061020e-02,7.308800e-03,2.962364e-02,2.735521e-02,3.286164e-03,2.154824e-02,2.740449e-02,1.378259e-02,8.673655e-03,4.450703e-02
2.959141e-01,6.943607e-02,1.236229e-01,3.048620e-01,2.449916e-02,1.718079e-02,6.077885e-03,2.655741e-02,2.470413e-02,2.959036e-03,2.138108e-02,2.260737e-02,1.164287e-02,7.930029e-03,4.062505e-02
3.091928e-01,7.123557e-02,1.163303e-01,2.779381e-01,2.291466e-02,1.685984e-02,5.418320e-03,2.192426e-02,2.510352e-02,3.611351e-03,2.919562e-02,2.382808e-02,1.379088e-02,1.161125e-02,5.104539e-02
2.852600e-01,7.044411e-02,1.477289e-01,2.510988e-01,2.123784e-02,1.640078e-02,5.356292e-03,2.393948e-02,2.359091e-02,3.688353e-03,4.054493e-02,2.879753e-02,1.614910e-02,1.275385e-02,5.300912e-02
3.392710e-01,6.186609e-02,1.259858e-01,2.165252e-01,1.879584e-02,1.735714e-02,5.269061e-03,2.186945e-02,2.304918e-02,3.551278e-03,4.520009e-02,3.525470e-02,1.940165e-02,1.279267e-02,5.381076e-02
3.675283e-01,5.147024e-02,1.066653e-01,1.879073e-01,1.623004e-02,1.986716e-02,5.822133e-03,2.265646e-02,2.794390e-02,3.953428e-03,5.407358e-02,4.354311e-02,2.740112e-02,1.198459e-02,5.295322e-02
4.680808e-01,4.268201e-02,8.123788e-02,1.488048e-01,1.349456e-02,1.926651e-02,5.742293e-03,1.924696e-02,2.418012e-02,3.644057e-03,4.903959e-02,4.189305e-02,2.667320e-02,1.074560e-02,4.526852e-02
1.000000e+00,0.000000e+00,0.000000e+00,0.000000e+00,0.000000e+00,0.000000e+00,0.000000e+00,0.000000e+00,0.000000e+00,0.000000e+00,0.000000e+00,0.000000e+00,0.000000e+00,0.000000e+00,0.000000e+00
1.000000e+00,0.000000e+00,0.000000e+00,0.000000e+00,0.000000e+00,0.000000e+00,0.000000e+00,0.000000e+00,0.000000e+00,0.000000e+00,0.000000e+00,0.000000e+00,0.000000e+00,0.000000e+00,0.000000e+00
1.000000e+00,0.000000e+00,0.000000e+00,0.000000e+00,0.000000e+00,0.000000e+00,0.000000e+00,0.000000e+00,0.000000e+00,0.000000e+00,0.000000e+00,0.000000e+00,0.000000e+00,0.000000e+00,0.000000e+00
1.000000e+00,0.000000e+00,0.000000e+00,0.000000e+00,0.000000e+00,0.000000e+00,0.000000e+00,0.000000e+00,0.000000e+00,0.000000e+00,0.000000e+00,0.000000e+00,0.000000e+00,0.000000e+00,0.000000e+00
1.000000e+00,0.000000e+00,0.000000e+00,0.000000e+00,0.000000e+00,0.000000e+00,0.000000e+00,0.000000e+00,0.000000e+00,0.000000e+00,0.000000e+00,0.000000e+00,0.000000e+00,0.000000e+00,0.000000e+00
1.000000e+00,0.000000e+00,0.000000e+00,0.000000e+00,0.000000e+00,0.000000e+00,0.000000e+00,0.000000e+00,0.000000e+00,0.000000e+00,0.000000e+00,0.000000e+00,0.000000e+00,0.000000e+00,0.000000e+00
4.899100e-01,1.505312e-02,1.112409e-01,5.728386e-02,5.106071e-03,1.256605e-02,3.442660e-03,2.207242e-01,7.013401e-03,1.433372e-03,2.456165e-02,2.102967e-02,1.175640e-02,4.707227e-03,1.417142e-02
3.441221e-01,1.060272e-02,8.467627e-02,4.290179e-02,3.809975e-03,9.047669e-03,2.539556e-03,4.427352e-01,4.931179e-03,1.013070e-03,1.733539e-02,1.477593e-02,8.256117e-03,3.309211e-03,9.943872e-03
2.413095e-01,7.440921e-03,6.054422e-02,3.037837e-02,2.730613e-03,6.432761e-03,1.987512e-03,6.074162e-01,3.457718e-03,7.123371e-04,1.215286e-02,1.035015e-02,5.785217e-03,2.329033e-03,6.972607e-03
1.698402e-01,5.309778e-03,4.321043e-02,2.175698e-02,2.163780e-03,4.655118e-03,1.503831e-03,7.214764e-01,2.593040e-03,6.361891e-04,8.741248e-03,7.280863e-03,4.147650e-03,1.723996e-03,4.960480e-03
1.200622e-01,3.824520e-03,3.101768e-02,1.592044e-02,2.055560e-03,3.524531e-03,1.197264e-03,8.006768e-01,2.003980e-03,5.497637e-04,6.270717e-03,5.132105e-03,3.000541e-03,1.260694e-03,3.503301e-03
9.149975e-02,3.656264e-03,2.346304e-02,1.286916e-02,6.757644e-03,4.303096e-03,1.117911e-03,8.357846e-01,3.127652e-03,1.530671e-03,5.036300e-03,4.124310e-03,2.769897e-03,1.217558e-03,2.742251e-03
8.133434e-02,4.272873e-03,1.919042e-02,1.141286e-02,1.415527e-02,5.489562e-03,1.325745e-03,8.315096e-01,7.771641e-03,4.974881e-03,5.530315e-03,4.472669e-03,3.735202e-03,2.059837e-03,2.764773e-03
8.892998e-02,5.506259e-03,1.512029e-02,1.908434e-02,1.559350e-02,8.364357e-03,1.263549e-03,6.666393e-01,3.638901e-02,1.388319e-02,5.189300e-02,1.334236e-02,5.333410e-02,3.808045e-03,6.848660e-03
7.708605e-02,1.690275e-02,1.096279e-02,2.493462e-02,1.178609e-02,8.944626e-03,1.038293e-03,4.899774e-01,1.293419e-01,2.018574e-02,7.723747e-02,1.309363e-02,7.090673e-02,8.027198e-03,3.957476e-02
5.509964e-02,2.028529e-02,7.930149e-03,3.805992e-02,8.406952e-03,6.833449e-03,7.453455e-04,3.497273e-01,3.036768e-01,2.104997e-02,7.470078e-02,1.037563e-02,5.992845e-02,6.398097e-03,3.678216e-02
4.024546e-02,4.799418e-02,5.766828e-03,4.161131e-02,6.055399e-03,5.054856e-03,5.416660e-04,2.462958e-01,4.394398e-01,2.103122e-02,5.814966e-02,7.994905e-03,4.428110e-02,4.869614e-03,3.066814e-02
3.430474e-02,4.842740e-02,4.242460e-03,4.609260e-02,4.447700e-03,4.578989e-03,4.242982e-04,1.741032e-01,5.332414e-01,2.251561e-02,4.749749e-02,6.525182e-03,3.512035e-02,4.035535e-03,3.444302e-02
2.502577e-02,5.230197e-02,3.378236e-03,7.549107e-02,3.183692e-03,3.348601e-03,3.027762e-04,1.221784e-01,6.049882e-01,1.638442e-02,3.466307e-02,4.786493e-03,2.542079e-02,2.889823e-03,2.565662e-02
1.854111e-02,4.316006e-02,4.305955e-03,9.418610e-02,2.391506e-03,2.976024e-03,2.860171e-04,8.589838e-02,5.572997e-01,1.421663e-02,9.540793e-02,4.232305e-03,3.367707e-02,2.852190e-03,4.056903e-02
1.325302e-02,4.303953e-02,6.611878e-03,1.161817e-01,1.765653e-03,2.231924e-03,2.278026e-04,6.025641e-02,5.802919e-01,1.204454e-02,7.789329e-02,5.326066e-03,3.621244e-02,2.521313e-03,4.214259e-02
9.655376e-03,3.444118e-02,9.837354e-03,9.733258e-02,1.784797e-03,2.015452e-03,2.134673e-04,4.241380e-02,4.519856e-01,1.055092e-02,7.843332e-02,7.390236e-03,5.040583e-02,4.436220e-03,1.991039e-01
7.226721e-03,2.730719e-02,9.049541e-03,7.642391e-02,3.338685e-03,1.554258e-03,2.464364e-04,2.997224e-02,3.269907e-01,8.394822e-03,1.125218e-01,6.269880e-03,4.818711e-02,7.812679e-03,3.347040e-01
5.378406e-03,2.147504e-02,1.153633e-02,7.298013e-02,5.603862e-03,1.832954e-03,2.288665e-04,2.130232e-02,2.434961e-01,7.952637e-03,8.847501e-02,5.491428e-03,5.132529e-02,1.083137e-02,4.520902e-01
4.280416e-03,1.861678e-02,4.461010e-02,9.341688e-02,5.702155e-03,7.247338e-03,2.354331e-04,1.500260e-02,1.809615e-01,8.078447e-03,1.057681e-01,1.185621e-02,8.511725e-02,9.313618e-03,4.097932e-01
3.292023e-03,1.417802e-02,3.861511e-02,8.936033e-02,4.445327e-03,1.038800e-02,2.213453e-04,1.058606e-02,1.300764e-01,8.757247e-03,2.317367e-01,2.055089e-02,1.117034e-01,8.455979e-03,3.176333e-01
2.401332e-03,1.096789e-02,2.856061e-02,6.502138e-02,3.183133e-03,1.210839e-02,1.661427e-04,7.424446e-03,9.369751e-02,1.048016e-02,3.963659e-01,2.623622e-02,1.089089e-01,6.462951e-03,2.280150e-01
2.045562e-03,1.156825e-02,2.370323e-02,4.871290e-02,3.284706e-03,1.167317e-02,1.501042e-04,5.306274e-03,8.017467e-02,9.824236e-03,3.964545e-01,3.340250e-02,1.582879e-01,7.101142e-03,2.083108e-01
2.400774e-03,1.233176e-02,2.030245e-02,4.302086e-02,2.720699e-03,1.357755e-02,1.486957e-04,3.774174e-03,6.531774e-02,1.370462e-02,3.138286e-01,3.027168e-02,1.503073e-01,1.215876e-02,3.161344e-01
3.671752e-03,1.224948e-02,3.306347e-02,3.477882e-02,2.355988e-03,1.140813e-02,1.517607e-04,2.874782e-03,4.927872e-02,1.535143e-02,2.490387e-01,2.909327e-02,1.982784e-01,2.071378e-02,3.376916e-01
5.573063e-03,1.333943e-02,7.700546e-02,4.091877e-02,3.246412e-03,1.013983e-02,2.517570e-04,2.769929e-03,4.090143e-02,1.500436e-02,2.688218e-01,2.477568e-02,1.731790e-01,3.671364e-02,2.873596e-01
5.471542e-03,1.148046e-02,8.852567e-02,3.988652e-02,3.942288e-03,1.535473e-02,3.513080e-04,3.698512e-03,3.447340e-02,2.181385e-02,3.199598e-01,2.362086e-02,1.320651e-01,5.038109e-02,2.489749e-01
4.719709e-03,1.079699e-02,8.473776e-02,3.277693e-02,1.011581e-02,1.152244e-02,3.552873e-04,4.031586e-03,4.215211e-02,2.110147e-02,3.359234e-01,2.430057e-02,1.085287e-01,1.091763e-01,1.997610e-01
4.166690e-03,8.973989e-03,6.367236e-02,2.539007e-02,7.621663e-03,8.622794e-03,3.145199e-04,3.315574e-03,1.175480e-01,2.329971e-02,2.656203e-01,5.905567e-02,1.010383e-01,1.585094e-01,1.528509e-01
5.160742e-03,1.160685e-02,4.655718e-02,1.969142e-02,5.502672e-03,7.955452e-03,2.536999e-04,2.788353e-03,1.179160e-01,2.412837e-02,3.058587e-01,5.521579e-02,8.420619e-02,1.869253e-01,1.262333e-01
7.787791e-03,1.325542e-02,3.661352e-02,1.761682e-02,4.115696e-03,8.030671e-03,2.045723e-04,2.374155e-03,1.118343e-01,2.472653e-02,3.458356e-01,5.278451e-02,6.866898e-02,2.131010e-01,9.305053e-02
7.606986e-03,1.573252e-02,2.729902e-02,1.448838e-02,3.061201e-03,7.165107e-03,1.633013e-04,1.860053e-03,1.104972e-01,1.987468e-02,4.646821e-01,4.162446e-02,5.205870e-02,1.670279e-01,6.685837e-02
7.124553e-03,1.629563e-02,2.027524e-02,1.246415e-02,2.394530e-03,6.766133e-03,1.443035e-04,1.499794e-03,9.110056e-02,1.551502e-02,5.776381e-01,3.240940e-02,3.808871e-02,1.308248e-01,4.745907e-02
5.905397e-03,2.528861e-02,1.626316e-02,1.000378e-02,1.418629e-02,5.342766e-03,8.372503e-04,1.481941e-03,2.577016e-01,1.533338e-02,4.616033e-01,2.466764e-02,2.816033e-02,9.619212e-02,3.703239e-02
4.964905e-03,1.889026e-02,1.308486e-02,1.203199e-02,2.961423e-02,6.046724e-03,6.666214e-03,7.788503e-03,2.182625e-01,2.200259e-02,5.116016e-01,2.116729e-02,2.513678e-02,7.284557e-02,2.989598e-02
3.937524e-03,1.637283e-02,9.793292e-03,1.123065e-02,2.307753e-02,5.772576e-03,5.124298e-03,5.932152e-03,1.734235e-01,1.698762e-02,6.078908e-01,1.794848e-02,2.657663e-02,5.304540e-02,2.288672e-02
5.310115e-03,2.653669e-02,2.002624e-02,1.626488e-02,1.926764e-02,9.087605e-03,4.294276e-03,5.861656e-03,1.514013e-01,1.389389e-02,5.812274e-01,3.294251e-02,4.950762e-02,4.097044e-02,2.340776e-02
5.460433e-03,2.889027e-02,1.686787e-02,1.401936e-02,1.723651e-02,8.319546e-03,5.010530e-03,5.328817e-03,1.985546e-01,1.106007e-02,5.273862e-01,3.963030e-02,7.097442e-02,3.096326e-02,2.029784e-02
9.404418e-03,3.233344e-02,2.883797e-02,2.982640e-02,2.406839e-02,1.401541e-02,4.890149e-03,1.967828e-02,2.004299e-01,9.671448e-03,4.258233e-01,5.525711e-02,9.784092e-02,2.481706e-02,2.310573e-02
8.855942e-03,3.825617e-02,2.304267e-02,2.498709e-02,2.335234e-02,1.631889e-02,4.110127e-03,1.705577e-02,3.079954e-01,7.743292e-03,3.452789e-01,5.253265e-02,9.199288e-02,2.075778e-02,1.772016e-02
8.905094e-03,3.537177e-02,2.025326e-02,2.068412e-02,3.026716e-02,2.191673e-02,3.360331e-03,4.086028e-02,3.676659e-01,6.409017e-03,2.700851e-01,5.237820e-02,8.891915e-02,1.967383e-02,1.325006e-02
9.974333e-03,4.370237e-02,1.660697e-02,1.518059e-02,2.566737e-02,9.865224e-02,3.473764e-03,3.620343e-02,3.762613e-01,4.875076e-03,1.961034e-01,4.492847e-02,1.025314e-01,1.510278e-02,1.073658e-02
9.383444e-03,5.758656e-02,1.556456e-02,1.556888e-02,2.393722e-02,1.314828e-01,3.776779e-03,3.016535e-02,4.325796e-01,4.799752e-03,1.399947e-01,3.403609e-02,7.891390e-02,1.155637e-02,1.065404e-02
2.827368e-02,6.265762e-02,1.479832e-02,1.559473e-02,2.953954e-02,1.287902e-01,3.767209e-03,2.568527e-02,4.412621e-01,9.976905e-03,1.021713e-01,2.869665e-02,6.270612e-02,1.065147e-02,3.542902e-02
4.343668e-02,6.707376e-02,1.299991e-02,1.977856e-02,4.752799e-02,1.320688e-01,4.824055e-03,4.026152e-02,4.295126e-01,1.045348e-02,7.424556e-02,2.308158e-02,5.430331e-02,9.075790e-03,3.135641e-02
5.429223e-02,8.381507e-02,1.128266e-02,1.763540e-02,4.975009e-02,1.126001e-01,5.590350e-03,4.731425e-02,4.538194e-01,8.617769e-03,5.344623e-02,1.771962e-02,4.809082e-02,7.473951e-03,2.855206e-02
5.100276e-02,1.040725e-01,9.778547e-03,3.590234e-02,3.606197e-02,7.968043e-02,3.968794e-03,3.367126e-02,5.083603e-01,7.300913e-03,3.882650e-02,1.321982e-02,3.602659e-02,5.480462e-03,3.664675e-02
4.931545e-02,1.126328e-01,1.035366e-02,4.241983e-02,2.659105e-02,5.773208e-02,2.884406e-03,2.471978e-02,5.245999e-01,9.699574e-03,3.151684e-02,1.067243e-02,3.300356e-02,5.177261e-03,5.868143e-02
7.261385e-02,1.064091e-01,1.043127e-02,3.939824e-02,2.601643e-02,6.072694e-02,3.228770e-03,2.143879e-02,4.352607e-01,8.208320e-03,5.156439e-02,1.455536e-02,7.037047e-02,7.701416e-03,7.207594e-02
6.822763e-02,1.225475e-01,1.428155e-02,3.926737e-02,3.055093e-02,4.539934e-02,3.272005e-03,1.713770e-02,4.454384e-01,8.633758e-03,4.305356e-02,1.162063e-02,7.445260e-02,6.412476e-03,6.970455e-02
5.548549e-02,8.983736e-02,1.144017e-02,2.964766e-02,3.309893e-02,3.870448e-02,3.346899e-03,1.276306e-02,3.826275e-01,6.436077e-03,3.296141e-02,1.239836e-02,2.322932e-01,4.746562e-03,5.421281e-02
4.116081e-02,6.591517e-02,8.863797e-03,2.110329e-02,3.212450e-02,3.342424e-02,2.746251e-03,9.076529e-03,2.744301e-01,4.781271e-03,2.384785e-02,1.056009e-02,4.190760e-01,3.987739e-03,4.890237e-02
3.274840e-02,5.373039e-02,1.059304e-02,1.979095e-02,3.713954e-02,3.325291e-02,2.378652e-03,7.393618e-03,2.047583e-01,4.006274e-03,1.821940e-02,1.466122e-02,5.096934e-01,3.400292e-03,4.823364e-02
2.827687e-02,4.040045e-02,8.432819e-03,1.688647e-02,3.199275e-02,2.513315e-02,1.982460e-03,5.648173e-03,1.530517e-01,3.252389e-03,1.436686e-02,1.536983e-02,6.153374e-01,2.901027e-03,3.696765e-02
2.529152e-02,3.283233e-02,7.174130e-03,1.280132e-02,3.223559e-02,1.983380e-02,1.581250e-03,4.323354e-03,1.091299e-01,2.712574e-03,1.321006e-02,2.270481e-02,6.837791e-01,2.459134e-03,2.993115e-02
2.495798e-02,2.595057e-02,7.806624e-03,1.080830e-02,3.556948e-02,1.516396e-02,1.388449e-03,3.718738e-03,7.880555e-02,2.634731e-03,1.218315e-02,2.181927e-02,7.330174e-01,2.172123e-03,2.400363e-02
3.363860e-02,2.003853e-02,6.396672e-03,9.170904e-03,2.770901e-02,2.364659e-02,1.634439e-03,3.420616e-03,5.857320e-02,3.694953e-03,1.291500e-02,1.806322e-02,7.489996e-01,7.102638e-03,2.499605e-02
4.761190e-02,1.637738e-02,5.104111e-03,8.477936e-03,2.224422e-02,2.253063e-02,1.457708e-03,3.002472e-03,4.587958e-02,1.014937e-02,1.867412e-02,2.467172e-02,7.394830e-01,7.737356e-03,2.659847e-02
7.287325e-02,1.474257e-02,1.502126e-02,2.955203e-02,2.068970e-02,2.128907e-02,1.354884e-03,4.988841e-03,3.975158e-02,2.137989e-02,2.302820e-02,2.337212e-02,6.272390e-01,7.686766e-03,7.703085e-02
5.343570e-02,1.087523e-02,1.266121e-02,2.428182e-02,4.195523e-02,1.557112e-02,2.331878e-03,5.188756e-03,3.678080e-02,1.745345e-02,2.446889e-02,2.107349e-02,4.564714e-01,9.178247e-03,2.682727e-01
3.987108e-02,8.721298e-03,1.238333e-02,3.666151e-02,4.518834e-02,1.295378e-02,3.661937e-03,1.566448e-02,3.892849e-02,1.528133e-02,2.652621e-02,1.856228e-02,3.322054e-01,8.894503e-03,3.844960e-01
4.273773e-02,8.931344e-03,1.132088e-02,7.535669e-02,4.010370e-02,2.764970e-02,3.551269e-03,1.271416e-02,4.250301e-02,4.126218e-02,6.724825e-02,2.942097e-02,2.494800e-01,1.939381e-02,3.283263e-01
3.179141e-02,6.585505e-03,1.074883e-02,6.006673e-02,3.683093e-02,2.012778e-02,3.833571e-03,2.845049e-02,3.655766e-02,4.597602e-02,6.529834e-02,2.553299e-02,1.823709e-01,2.562475e-02,4.202041e-01
2.562106e-02,5.708206e-03,1.465324e-02,4.725888e-02,3.353625e-02,1.482761e-02,3.629286e-03,1.034390e-01,3.662245e-02,4.888251e-02,5.763642e-02,1.975999e-02,1.330330e-01,2.573599e-02,4.296561e-01
1.936152e-02,4.933847e-03,3.545639e-02,8.474007e-02,2.642429e-02,1.095752e-02,3.093063e-03,1.786583e-01,3.439943e-02,4.171542e-02,5.486904e-02,1.559082e-02,1.027143e-01,2.645044e-02,3.606355e-01
1.573348e-02,4.965500e-03,6.667332e-02,2.134834e-01,1.958880e-02,9.358026e-03,2.429616e-03,1.409727e-01,4.021047e-02,3.508350e-02,5.266688e-02,1.259522e-02,8.156313e-02,2.152559e-02,2.831503e-01
1.497910e-02,9.298258e-03,1.570306e-01,2.531410e-01,1.610283e-02,7.254960e-03,1.893521e-03,1.056130e-01,5.342605e-02,2.855716e-02,5.786911e-02,1.071622e-02,6.610854e-02,1.683848e-02,2.011713e-01
2.272695e-02,1.999155e-02,1.909940e-01,1.950971e-01,1.824134e-02,8.189114e-03,5.621835e-03,1.071190e-01,5.979102e-02,3.015793e-02,7.650476e-02,1.127428e-02,5.728207e-02,1.809856e-02,1.789105e-01
1.962130e-02,2.099625e-02,1.467663e-01,1.566050e-01,2.019411e-02,1.169418e-02,5.889452e-03,1.372539e-01,9.387336e-02,2.559801e-02,7.140564e-02,1.853773e-02,1.108207e-01,1.532716e-02,1.454169e-01
2.253924e-02,2.405569e-02,1.151753e-01,1.274781e-01,1.925322e-02,1.697044e-02,4.793871e-03,1.011999e-01,9.357859e-02,1.924180e-02,5.943155e-02,3.780611e-02,2.307617e-01,1.147584e-02,1.162386e-01
2.229786e-02,1.954501e-02,8.635908e-02,9.846083e-02,2.382807e-02,2.394943e-02,4.563144e-03,7.451521e-02,7.818609e-02,1.428509e-02,4.802729e-02,1.126139e-01,2.965230e-01,8.963260e-03,8.788274e-02
1.719208e-02,1.476139e-02,6.124579e-02,7.043909e-02,2.022346e-02,1.973654e-02,5.291596e-03,6.261110e-02,6.456937e-02,1.036298e-02,3.542351e-02,2.313712e-01,3.110691e-01,7.401704e-03,6.830109e-02
1.348864e-02,1.130019e-02,4.319243e-02,5.084438e-02,1.625405e-02,1.795417e-02,3.923451e-03,4.452607e-02,4.955521e-02,7.802960e-03,2.586345e-02,2.772444e-01,3.765680e-01,5.834253e-03,5.564827e-02
1.140570e-02,1.081539e-02,3.070251e-02,6.068963e-02,1.352845e-02,3.054285e-02,2.998843e-03,3.172463e-02,9.746175e-02,5.984369e-03,1.935014e-02,2.291899e-01,4.088130e-01,4.580299e-03,4.221257e-02
1.032131e-02,9.479318e-03,2.190341e-02,4.504756e-02,1.269637e-02,2.560844e-02,2.496335e-03,2.473599e-02,8.561020e-02,4.996947e-03,1.840707e-02,2.017238e-01,4.989852e-01,3.571188e-03,3.441681e-02
1.449226e-02,1.108753e-02,1.639623e-02,4.156657e-02,1.384569e-02,2.891679e-02,2.475260e-03,2.148287e-02,9.031910e-02,4.992650e-03,2.102337e-02,1.615593e-01,5.423499e-01,3.347397e-03,2.614510e-02
3.751629e-02,1.639723e-02,1.279823e-02,3.213730e-02,1.273258e-02,2.489958e-02,2.184614e-03,1.994242e-02,9.908329e-02,8.554257e-03,2.518611e-02,1.234148e-01,5.577550e-01,3.857215e-03,2.354103e-02
7.564217e-02,1.911231e-02,1.032903e-02,2.467981e-02,1.546266e-02,2.587698e-02,2.172263e-03,1.854401e-02,1.078133e-01,8.212786e-03,2.254604e-02,9.032027e-02,5.556132e-01,3.929972e-03,1.974517e-02
9.576581e-02,1.727539e-02,8.508421e-03,1.881511e-02,1.684778e-02,2.718754e-02,2.278857e-03,1.636679e-02,1.172010e-01,6.403414e-03,1.696582e-02,6.467684e-02,5.665956e-01,3.816000e-03,2.129567e-02
1.228775e-01,2.037578e-02,1.363769e-02,1.930791e-02,1.828195e-02,3.520682e-02,3.021535e-03,2.733686e-02,1.383087e-01,5.770613e-03,1.304726e-02,4.639278e-02,5.133962e-01,3.321381e-03,1.971694e-02
1.193188e-01,1.605805e-02,1.172623e-02,1.527824e-02,1.618889e-02,4.725330e-02,2.945905e-03,2.739514e-02,1.300377e-01,4.439278e-03,9.603452e-03,3.327523e-02,5.459703e-01,2.742167e-03,1.776720e-02
1.240928e-01,1.299157e-02,1.818558e-02,2.339224e-02,3.814596e-02,4.685710e-02,4.357961e-03,8.400506e-02,1.560748e-01,3.181153e-03,7.369767e-03,2.357149e-02,4.428561e-01,2.050722e-03,1.286765e-02
1.496656e-01,1.242573e-02,1.529147e-02,3.043707e-02,4.902814e-02,6.540032e-02,5.237333e-03,7.325089e-02,1.783867e-01,2.488531e-03,5.958639e-03,1.681300e-02,3.805423e-01,1.899361e-03,1.317480e-02
2.073323e-01,1.759076e-02,1.492501e-02,3.928639e-02,5.489718e-02,6.870720e-02,5.291729e-03,7.786430e-02,1.829416e-01,2.139516e-03,6.650552e-03,1.360909e-02,2.930152e-01,2.227041e-03,1.352221e-02
2.551990e-01,1.629368e-02,1.999249e-02,9.208259e-02,6.385743e-02,5.092075e-02,5.209912e-03,8.412367e-02,1.647606e-01,1.965260e-03,7.036508e-03,1.325946e-02,2.123270e-01,1.983244e-03,1.098831e-02
3.075282e-01,1.782630e-02,2.105980e-02,7.525735e-02,1.056761e-01,4.814969e-02,4.324352e-03,8.228302e-02,1.458793e-01,2.276709e-03,6.569655e-03,1.078027e-02,1.581462e-01,2.012072e-03,1.223101e-02
3.356639e-01,1.598908e-02,3.572099e-02,1.168242e-01,1.000788e-01,3.655894e-02,3.673482e-03,9.834997e-02,1.152138e-01,1.967345e-03,6.682517e-03,9.631114e-03,1.121186e-01,1.775410e-03,9.751890e-03
3.059394e-01,1.219889e-02,2.615072e-02,8.772326e-02,1.063863e-01,2.617869e-02,2.942958e-03,2.313126e-01,1.001612e-01,1.401743e-03,5.196324e-03,7.074516e-03,7.898461e-02,1.337114e-03,7.011662e-03
2.925236e-01,9.212474e-03,2.003086e-02,7.404225e-02,8.571026e-02,2.158914e-02,2.840915e-03,3.453038e-01,7.162679e-02,1.049413e-03,4.963549e-03,7.662592e-03,5.683756e-02,1.178204e-03,5.428726e-03
2.347271e-01,7.008457e-03,1.441239e-02,5.333783e-02,6.615084e-02,1.567295e-02,2.170225e-03,5.007707e-01,5.071155e-02,7.538258e-04,3.743775e-03,5.655354e-03,4.013326e-02,8.559685e-04,3.895820e-03
2.063275e-01,5.637222e-03,1.046634e-02,3.902042e-02,5.248399e-02,1.187331e-02,2.004039e-03,5.954710e-01,3.637510e-02,5.559665e-04,3.065724e-03,4.656812e-03,2.854579e-02,6.458163e-04,2.871000e-03
1.557629e-01,4.076684e-03,7.390053e-03,2.756829e-02,4.389380e-02,8.469142e-03,1.615141e-03,6.968959e-01,2.578644e-02,3.917683e-04,2.244282e-03,3.350344e-03,2.007253e-02,4.573558e-04,2.025371e-03
1.251830e-01,3.054036e-03,5.270289e-03,1.953688e-02,3.542985e-02,6.426399e-03,1.446607e-03,7.645282e-01,1.845172e-02,2.816022e-04,1.674035e-03,2.619890e-03,1.427972e-02,3.415947e-04,1.476298e-03
1.459160e-01,2.653369e-03,4.139181e-03,1.418537e-02,2.851194e-02,6.706057e-03,1.760810e-03,7.606831e-01,1.605011e-02,2.161275e-04,1.750121e-03,4.376403e-03,1.127104e-02,4.250203e-04,1.355517e-03
2.297284e-01,2.380212e-03,3.685079e-03,1.075362e-02,2.362590e-02,1.002975e-02,2.077533e-03,6.814063e-01,1.498969e-02,2.074568e-04,2.095462e-03,6.896801e-03,9.670981e-03,7.477504e-04,1.705202e-03
2.788942e-01,1.995481e-03,3.525513e-03,8.004619e-03,1.952372e-02,1.066465e-02,2.386050e-03,6.415828e-01,1.416895e-02,1.771939e-04,1.981383e-03,6.636583e-03,7.954977e-03,8.242606e-04,1.679665e-03
2.831631e-01,1.771800e-03,3.129492e-03,6.132162e-03,1.696339e-02,9.275312e-03,2.233718e-03,6.426166e-01,1.061271e-02,2.601627e-04,2.823408e-03,8.921375e-03,8.784160e-03,1.286208e-03,2.026421e-03
3.452618e-01,1.498216e-03,2.738297e-03,4.857200e-03,1.485514e-02,8.436362e-03,2.475732e-03,5.808362e-01,8.301358e-03,4.042856e-04,3.785633e-03,1.118444e-02,1.151798e-02,1.502989e-03,2.344446e-03
3.697684e-01,2.091432e-03,3.170053e-03,6.311674e-03,1.155591e-02,1.399330e-02,5.317416e-03,4.335363e-01,8.706361e-03,1.967055e-03,7.978870e-03,2.189589e-02,9.974281e-02,3.879403e-03,1.008518e-02
3.415059e-01,5.963532e-03,1.676953e-02,1.458427e-02,1.014015e-02,1.616144e-02,7.718122e-03,3.118443e-01,2.755198e-02,7.642019e-03,8.691473e-03,2.543050e-02,1.090489e-01,1.448094e-02,8.246702e-02
2.636492e-01,8.790469e-03,1.499287e-02,1.332011e-02,7.710055e-03,1.285335e-02,6.057090e-03,2.209912e-01,3.044201e-02,7.506150e-03,1.005254e-02,2.577315e-02,1.031270e-01,4.663000e-02,2.281050e-01
2.052958e-01,9.712194e-03,1.099969e-02,1.272075e-02,5.964911e-03,1.556481e-02,4.586439e-03,1.568194e-01,1.106503e-01,6.808197e-03,1.335227e-02,4.453891e-02,2.001837e-01,3.492754e-02,1.678751e-01
1.781285e-01,9.306599e-03,7.922276e-03,1.432873e-02,4.723970e-03,1.304741e-02,3.408929e-03,1.119783e-01,2.494094e-01,5.415673e-03,1.583136e-02,4.439704e-02,1.973449e-01,2.500216e-02,1.197547e-01
1.468549e-01,1.324384e-02,6.354031e-03,1.728854e-02,4.151846e-03,1.111467e-02,2.615509e-03,8.089844e-02,3.833240e-01,4.987167e-03,1.361600e-02,3.905829e-02,1.541505e-01,1.987781e-02,1.024644e-01
1.063255e-01,3.106526e-02,1.943061e-02,1.041161e-01,3.805720e-03,1.084915e-02,1.880068e-03,5.707399e-02,4.043932e-01,5.587436e-03,1.640775e-02,2.959504e-02,1.152564e-01,1.476343e-02,7.945036e-02
9.159457e-02,3.189339e-02,1.679637e-02,1.123094e-01,3.394949e-03,9.606004e-03,1.503332e-03,4.192916e-02,4.365226e-01,7.240273e-03,2.847232e-02,2.713716e-02,9.851411e-02,1.234237e-02,8.074401e-02
9.873170e-02,4.238226e-02,1.383433e-02,1.230506e-01,5.487496e-03,1.008664e-02,1.238882e-03,3.306849e-02,4.634273e-01,7.432126e-03,2.764335e-02,2.204970e-02,7.227475e-02,1.014071e-02,6.915163e-02
7.891766e-02,5.830825e-02,1.490634e-02,1.882795e-01,5.378482e-03,1.001401e-02,9.508510e-04,2.474220e-02,4.285829e-01,8.885485e-03,3.398706e-02,1.944234e-02,5.902796e-02,7.962979e-03,6.061402e-02
7.710624e-02,5.434999e-02,1.224963e-02,1.428961e-01,8.866803e-03,8.804505e-03,9.093261e-04,1.776516e-02,4.585985e-01,1.160526e-02,4.073367e-02,2.787447e-02,5.769452e-02,6.139930e-03,7.440595e-02
7.983153e-02,5.613425e-02,1.379708e-02,1.239764e-01,1.021221e-02,7.645690e-03,7.627226e-04,1.297657e-02,4.940572e-01,1.455480e-02,3.283103e-02,2.045259e-02,4.461077e-02,4.975729e-03,8.318141e-02
7.704756e-02,5.428801e-02,1.060080e-02,9.017296e-02,1.816659e-02,9.549143e-03,8.385633e-04,9.520311e-03,5.535485e-01,1.275612e-02,2.575189e-02,1.476063e-02,3.659618e-02,3.985009e-03,8.241770e-02
6.997456e-02,5.965847e-02,1.371975e-02,8.982399e-02,2.817285e-02,9.797240e-03,1.317731e-03,2.004135e-02,5.666711e-01,1.203823e-02,2.197992e-02,1.106856e-02,2.843091e-02,3.424739e-03,6.388051e-02
6.653120e-02,9.277913e-02,1.477250e-02,7.643595e-02,3.410041e-02,1.154379e-02,1.555393e-03,1.817691e-02,5.182285e-01,1.300301e-02,1.989819e-02,8.542566e-03,3.160884e-02,4.495000e-03,8.832854e-02
1.199260e-01,7.752741e-02,1.289575e-02,6.637521e-02,3.306326e-02,1.972765e-02,2.125563e-03,1.943016e-02,4.225290e-01,1.081865e-02,2.640035e-02,2.365346e-02,7.061899e-02,9.239156e-03,8.566935e-02
9.966467e-02,5.877954e-02,1.087150e-02,5.722308e-02,2.623783e-02,2.125455e-02,2.420428e-03,1.617948e-02,3.149676e-01,8.244951e-03,3.238454e-02,5.464248e-02,2.192096e-01,1.099027e-02,6.692955e-02
7.805957e-02,4.220936e-02,7.934892e-03,4.225837e-02,2.123471e-02,1.863966e-02,2.233485e-03,1.184146e-02,2.251892e-01,6.013611e-03,4.786508e-02,1.154612e-01,3.248317e-01,8.683912e-03,4.754372e-02
5.825054e-02,3.000909e-02,5.725314e-03,2.992329e-02,1.688634e-02,1.388044e-02,1.701312e-03,8.444974e-03,1.667406e-01,4.713406e-03,4.558050e-02,1.228493e-01,4.556136e-01,6.255249e-03,3.342603e-02
4.119064e-02,2.153010e-02,4.081332e-03,2.117922e-02,1.345441e-02,1.014642e-02,1.296311e-03,5.965338e-03,1.313258e-01,3.810932e-03,4.114458e-02,1.424829e-01,5.343542e-01,4.519624e-03,2.351817e-02
2.898511e-02,1.651774e-02,2.964862e-03,1.499720e-02,1.021812e-02,7.390657e-03,1.003652e-03,4.251106e-03,1.584387e-01,3.113554e-03,4.370874e-02,1.496333e-01,5.386627e-01,3.317428e-03,1.679718e-02
2.139220e-02,1.442765e-02,2.260906e-03,1.105450e-02,7.621337e-03,5.625090e-03,7.628992e-04,3.160848e-03,1.561821e-01,5.510926e-03,7.588232e-02,1.604887e-01,5.200189e-01,2.935505e-03,1.267615e-02
1.517336e-02,1.399786e-02,2.359219e-03,7.991061e-03,6.257628e-03,4.034244e-03,5.561698e-04,2.950106e-03,1.589368e-01,6.174349e-03,8.987917e-02,1.653478e-01,5.140607e-01,2.705343e-03,9.576217e-03
1.159334e-02,1.422253e-02,1.497020e-02,9.636130e-03,2.293150e-02,3.595020e-03,6.045214e-04,2.662316e-02,1.868850e-01,2.223540e-02,9.227765e-02,1.492756e-01,4.336503e-01,2.706826e-03,8.792901e-03
9.846219e-03,1.594517e-02,1.386490e-02,9.372935e-03,1.998945e-02,4.102983e-03,4.849714e-04,2.370444e-02,2.339901e-01,3.181311e-02,1.178943e-01,1.686034e-01,3.370322e-01,4.294574e-03,9.061339e-03
7.469273e-03,1.256247e-02,1.028598e-02,7.655341e-03,1.476901e-02,3.751544e-03,3.456055e-04,1.738728e-02,2.062356e-01,2.759628e-02,1.675731e-01,2.597272e-01,2.508594e-01,7.193988e-03,6.588072e-03
5.795718e-03,9.956094e-03,7.812113e-03,5.846417e-03,1.103971e-02,2.791374e-03,2.495741e-04,1.451539e-02,2.200534e-01,2.595482e-02,2.083624e-01,2.762586e-01,1.942644e-01,1.231596e-02,4.784066e-03
4.646611e-03,1.071029e-02,7.501095e-03,4.403663e-03,8.418681e-03,2.082688e-03,1.809629e-04,1.199158e-02,3.017379e-01,2.165760e-02,2.073967e-01,2.527990e-01,1.481649e-01,1.470111e-02,3.607258e-03
5.017854e-03,1.863890e-02,1.784315e-02,3.622286e-03,6.603422e-03,1.838343e-03,1.932064e-04,2.402944e-02,3.764442e-01,1.990622e-02,2.030931e-01,1.923666e-01,1.085707e-01,1.892208e-02,2.910539e-03
6.327465e-03,2.591886e-02,5.947413e-02,4.681731e-03,6.971338e-03,1.793898e-03,2.319963e-04,5.118840e-02,3.920873e-01,1.883568e-02,1.866032e-01,1.426563e-01,7.923277e-02,2.175838e-02,2.238499e-03
1.118334e-02,2.020552e-02,1.886445e-01,9.464748e-03,6.620621e-03,1.597404e-03,3.985355e-04,1.239073e-01,2.884199e-01,1.478577e-02,1.532340e-01,1.020889e-01,5.691404e-02,2.075686e-02,1.778529e-03
2.942820e-02,2.725885e-02,2.283258e-01,1.581769e-02,1.006229e-02,2.363551e-03,4.052668e-04,1.390838e-01,2.667580e-01,1.866552e-02,1.192315e-01,7.217475e-02,4.115301e-02,2.526444e-02,4.007444e-03
3.501825e-02,3.635476e-02,2.070889e-01,1.538735e-02,1.435159e-02,6.246638e-03,4.011046e-04,1.313472e-01,3.344736e-01,2.167867e-02,8.945464e-02,5.136850e-02,2.996090e-02,2.238368e-02,4.484280e-03
5.389620e-02,3.356597e-02,1.565844e-01,1.300799e-02,2.592370e-02,2.443481e-02,6.943351e-04,1.394802e-01,3.665331e-01,2.683555e-02,7.225762e-02,3.779108e-02,2.137826e-02,2.285817e-02,4.758636e-03
5.764362e-02,2.993953e-02,1.148355e-01,1.103573e-02,2.752488e-02,2.744538e-02,5.972763e-04,1.416374e-01,4.437215e-01,2.381595e-02,5.535739e-02,2.789486e-02,1.515297e-02,1.960773e-02,3.790369e-03
7.427375e-02,3.969689e-02,8.448964e-02,1.438725e-02,3.125619e-02,4.306434e-02,6.145331e-04,1.229582e-01,4.543271e-01,2.657816e-02,5.128393e-02,2.134473e-02,1.111681e-02,1.854449e-02,6.064067e-03
8.937383e-02,3.839533e-02,6.022185e-02,1.144823e-02,2.698037e-02,4.120102e-02,6.848564e-04,1.039950e-01,4.743201e-01,6.318126e-02,4.171867e-02,1.548107e-02,8.435409e-03,1.921039e-02,5.352632e-03
8.752128e-02,4.146585e-02,4.242060e-02,8.599245e-03,2.184426e-02,3.614330e-02,5.707551e-04,8.207147e-02,4.619727e-01,1.401162e-01,3.267948e-02,1.121518e-02,6.358559e-03,2.274043e-02,4.280659e-03
7.889112e-02,4.698744e-02,3.013958e-02,6.624920e-03,1.979600e-02,2.745900e-02,5.579899e-04,7.026071e-02,4.257106e-01,2.332533e-01,2.465158e-02,8.253440e-03,4.553355e-03,1.903646e-02,3.824448e-03
7.662825e-02,4.966225e-02,2.168549e-02,5.344418e-03,1.823779e-02,2.144169e-02,5.902207e-04,6.207130e-02,4.193125e-01,2.754481e-01,2.056305e-02,6.547390e-03,3.298438e-03,1.514785e-02,4.021305e-03
7.828535e-02,4.486914e-02,1.731056e-02,1.643249e-02,2.096162e-02,1.955929e-02,7.146650e-04,4.857762e-02,3.245777e-01,2.725296e-01,4.127635e-02,4.511667e-02,1.215584e-02,1.202415e-02,4.560882e-02
6.797646e-02,5.274412e-02,1.357995e-02,2.519693e-02,1.997264e-02,1.686629e-02,7.155404e-04,3.942259e-02,3.052323e-01,2.520949e-01,6.333103e-02,6.378691e-02,2.195428e-02,1.168357e-02,4.544244e-02
5.837337e-02,5.881421e-02,1.036818e-02,3.397064e-02,2.063083e-02,1.359699e-02,7.068421e-04,2.944742e-02,3.697121e-01,2.091617e-01,6.088666e-02,6.362592e-02,2.268453e-02,1.048026e-02,3.754039e-02
4.901515e-02,6.636755e-02,9.382093e-03,3.846140e-02,1.602205e-02,1.746584e-02,6.667420e-04,2.082335e-02,2.904342e-01,1.722814e-01,7.437275e-02,7.606101e-02,2.893398e-02,1.823671e-02,1.214758e-01
4.737946e-02,5.129254e-02,7.373412e-03,3.781515e-02,1.395051e-02,1.751265e-02,6.919712e-04,1.522957e-02,2.292038e-01,1.665529e-01,9.666491e-02,1.134594e-01,3.368387e-02,2.429663e-02,1.448933e-01
3.673121e-02,5.140035e-02,5.640498e-03,2.911989e-02,1.027926e-02,1.328051e-02,5.133864e-04,1.084035e-02,1.792857e-01,1.504923e-01,8.801696e-02,1.184984e-01,3.379229e-02,2.638355e-02,2.457254e-01
2.777848e-02,4.302932e-02,4.332992e-03,2.143618e-02,7.422164e-03,1.034475e-02,3.747258e-04,7.735152e-03,1.414973e-01,1.212335e-01,9.762655e-02,1.208602e-01,3.274167e-02,2.279950e-02,3.407876e-01
2.053170e-02,4.647459e-02,3.193942e-03,1.535446e-02,5.311422e-03,7.827288e-03,2.675292e-04,5.461855e-03,1.070108e-01,9.267276e-02,7.808967e-02,1.114146e-01,5.030133e-02,1.881969e-02,4.372684e-01
1.866503e-02,1.002422e-01,3.451366e-02,1.165341e-02,6.319819e-03,8.928471e-03,7.219333e-04,1.451393e-02,1.018669e-01,6.683964e-02,5.880344e-02,9.259689e-02,6.327315e-02,1.578411e-02,4.052774e-01
1.456716e-02,2.076245e-01,3.045160e-02,8.571175e-03,5.744360e-03,7.499365e-03,5.854332e-04,1.255672e-02,1.215340e-01,4.729543e-02,4.387083e-02,7.331780e-02,5.394072e-02,1.249430e-02,3.599467e-01
1.039145e-02,3.977779e-01,2.488505e-02,1.088955e-02,4.542531e-03,6.189667e-03,4.175294e-04,9.087996e-03,1.109610e-01,3.322747e-02,3.088432e-02,5.278276e-02,3.888569e-02,8.853244e-03,2.602239e-01
7.784032e-03,5.329679e-01,1.760864e-02,8.916407e-03,4.650671e-03,4.659432e-03,2.934256e-04,7.415246e-03,1.148917e-01,2.340122e-02,2.176564e-02,3.702540e-02,2.752110e-02,6.233829e-03,1.848655e-01
6.336277e-03,6.177533e-01,1.253292e-02,8.794255e-03,6.786226e-03,4.082796e-03,2.098532e-04,7.043375e-03,1.245345e-01,1.646692e-02,1.537333e-02,2.595720e-02,1.947529e-02,4.395750e-03,1.302581e-01
4.854854e-03,6.695524e-01,1.271732e-02,3.999024e-02,5.704298e-03,3.128267e-03,1.482624e-04,5.641340e-03,1.054774e-01,1.211770e-02,1.117269e-02,1.831273e-02,1.404304e-02,3.097388e-03,9.404211e-02
4.001623e-03,7.181867e-01,1.197936e-02,3.198844e-02,6.563381e-03,3.271718e-03,1.138676e-04,7.957002e-03,1.058565e-01,8.957394e-03,8.927672e-03,1.292586e-02,1.051444e-02,2.229108e-03,6.652695e-02
