1.000000e+00,0.000000e+00,0.000000e+00,0.000000e+00,0.000000e+00,0.000000e+00,0.000000e+00,0.000000e+00,0.000000e+00,0.000000e+00,0.000000e+00,0.000000e+00,0.000000e+00,0.000000e+00,0.000000e+00
1.000000e+00,0.000000e+00,0.000000e+00,0.000000e+00,0.000000e+00,0.000000e+00,0.000000e+00,0.000000e+00,0.000000e+00,0.000000e+00,0.000000e+00,0.000000e+00,0.000000e+00,0.000000e+00,0.000000e+00
1.000000e+00,0.000000e+00,0.000000e+00,0.000000e+00,0.000000e+00,0.000000e+00,0.000000e+00,0.000000e+00,0.000000e+00,0.000000e+00,0.000000e+00,0.000000e+00,0.000000e+00,0.000000e+00,0.000000e+00
1.000000e+00,0.000000e+00,0.000000e+00,0.000000e+00,0.000000e+00,0.000000e+00,0.000000e+00,0.000000e+00,0.000000e+00,0.000000e+00,0.000000e+00,0.000000e+00,0.000000e+00,0.000000e+00,0.000000e+00
1.000000e+00,0.000000e+00,0.000000e+00,0.000000e+00,0.000000e+00,0.000000e+00,0.000000e+00,0.000000e+00,0.000000e+00,0.000000e+00,0.000000e+00,0.000000e+00,0.000000e+00,0.000000e+00,0.000000e+00
1.000000e+00,0.000000e+00,0.000000e+00,0.000000e+00,0.000000e+00,0.000000e+00,0.000000e+00,0.000000e+00,0.000000e+00,0.000000e+00,0.000000e+00,0.000000e+00,0.000000e+00,0.000000e+00,0.000000e+00
1.000000e+00,0.000000e+00,0.000000e+00,0.000000e+00,0.000000e+00,0.000000e+00,0.000000e+00,0.000000e+00,0.000000e+00,0.000000e+00,0.000000e+00,0.000000e+00,0.000000e+00,0.000000e+00,0.000000e+00
1.000000e+00,0.000000e+00,0.000000e+00,0.000000e+00,0.000000e+00,0.000000e+00,0.000000e+00,0.000000e+00,0.000000e+00,0.000000e+00,0.000000e+00,0.000000e+00,0.000000e+00,0.000000e+00,0.000000e+00
1.000000e+00,0.000000e+00,0.000000e+00,0.000000e+00,0.000000e+00,0.000000e+00,0.000000e+00,0.000000e+00,0.000000e+00,0.000000e+00,0.000000e+00,0.000000e+00,0.000000e+00,0.000000e+00,0.000000e+00
1.000000e+00,0.000000e+00,0.000000e+00,0.000000e+00,0.000000e+00,0.000000e+00,0.000000e+00,0.000000e+00,0.000000e+00,0.000000e+00,0.000000e+00,0.000000e+00,0.000000e+00,0.000000e+00,0.000000e+00
1.000000e+00,0.000000e+00,0.000000e+00,0.000000e+00,0.000000e+00,0.000000e+00,0.000000e+00,0.000000e+00,0.000000e+00,0.000000e+00,0.000000e+00,0.000000e+00,0.000000e+00,0.000000e+00,0.000000e+00
1.000000e+00,0.000000e+00,0.000000e+00,0.000000e+00,0.000000e+00,0.000000e+00,0.000000e+00,0.000000e+00,0.000000e+00,0.000000e+00,0.000000e+00,0.000000e+00,0.000000e+00,0.000000e+00,0.000000e+00
1.000000e+00,0.000000e+00,0.000000e+00,0.000000e+00,0.000000e+00,0.000000e+00,0.000000e+00,0.000000e+00,0.000000e+00,0.000000e+00,0.000000e+00,0.000000e+00,0.000000e+00,0.000000e+00,0.000000e+00
1.000000e+00,0.000000e+00,0.000000e+00,0.000000e+00,0.000000e+00,0.000000e+00,0.000000e+00,0.000000e+00,0.000000e+00,0.000000e+00,0.000000e+00,0.000000e+00,0.000000e+00,0.000000e+00,0.000000e+00
1.000000e+00,0.000000e+00,0.000000e+00,0.000000e+00,0.000000e+00,0.000000e+00,0.000000e+00,0.000000e+00,0.000000e+00,0.000000e+00,0.000000e+00,0.000000e+00,0.000000e+00,0.000000e+00,0.000000e+00
1.000000e+00,0.000000e+00,0.000000e+00,0.000000e+00,0.000000e+00,0.000000e+00,0.000000e+00,0.000000e+00,0.000000e+00,0.000000e+00,0.000000e+00,0.000000e+00,0.000000e+00,0.000000e+00,0.000000e+00
1.000000e+00,0.000000e+00,0.000000e+00,0.000000e+00,0.000000e+00,0.000000e+00,0.000000e+00,0.000000e+00,0.000000e+00,0.000000e+00,0.000000e+00,0.000000e+00,0.000000e+00,0.000000e+00,0.000000e+00
1.000000e+00,0.000000e+00,0.000000e+00,0.000000e+00,0.000000e+00,0.000000e+00,0.000000e+00,0.000000e+00,0.000000e+00,0.000000e+00,0.000000e+00,0.000000e+00,0.000000e+00,0.000000e+00,0.000000e+00
1.000000e+00,0.000000e+00,0.000000e+00,0.000000e+00,0.000000e+00,0.000000e+00,0.000000e+00,0.000000e+00,0.000000e+00,0.000000e+00,0.000000e+00,0.000000e+00,0.000000e+00,0.000000e+00,0.000000e+00
1.000000e+00,0.000000e+00,0.000000e+00,0.000000e+00,0.000000e+00,0.000000e+00,0.000000e+00,0.000000e+00,0.000000e+00,0.000000e+00,0.000000e+00,0.000000e+00,0.000000e+00,0.000000e+00,0.000000e+00
1.000000e+00,0.000000e+00,0.000000e+00,0.000000e+00,0.000000e+00,0.000000e+00,0.000000e+00,0.000000e+00,0.000000e+00,0.000000e+00,0.000000e+00,0.000000e+00,0.000000e+00,0.000000e+00,0.000000e+00
1.000000e+00,0.000000e+00,0.000000e+00,0.000000e+00,0.000000e+00,0.000000e+00,0.000000e+00,0.000000e+00,0.000000e+00,0.000000e+00,0.000000e+00,0.000000e+00,0.000000e+00,0.000000e+00,0.000000e+00
1.000000e+00,0.000000e+00,0.000000e+00,0.000000e+00,0.000000e+00,0.000000e+00,0.000000e+00,0.000000e+00,0.000000e+00,0.000000e+00,0.000000e+00,0.000000e+00,0.000000e+00,0.000000e+00,0.000000e+00
1.000000e+00,0.000000e+00,0.000000e+00,0.000000e+00,0.000000e+00,0.000000e+00,0.000000e+00,0.000000e+00,0.000000e+00,0.000000e+00,0.000000e+00,0.000000e+00,0.000000e+00,0.000000e+00,0.000000e+00
1.000000e+00,0.000000e+00,0.000000e+00,0.000000e+00,0.000000e+00,0.000000e+00,0.000000e+00,0.000000e+00,0.000000e+00,0.000000e+00,0.000000e+00,0.000000e+00,0.000000e+00,0.000000e+00,0.000000e+00
1.000000e+00,0.000000e+00,0.000000e+00,0.000000e+00,0.000000e+00,0.000000e+00,0.000000e+00,0.000000e+00,0.000000e+00,0.000000e+00,0.000000e+00,0.000000e+00,0.000000e+00,0.000000e+00,0.000000e+00
1.000000e+00,0.000000e+00,0.000000e+00,0.000000e+00,0.000000e+00,0.000000e+00,0.000000e+00,0.000000e+00,0.000000e+00,0.000000e+00,0.000000e+00,0.000000e+00,0.000000e+00,0.000000e+00,0.000000e+00
1.000000e+00,0.000000e+00,0.000000e+00,0.000000e+00,0.000000e+00,0.000000e+00,0.000000e+00,0.000000e+00,0.000000e+00,0.000000e+00,0.000000e+00,0.000000e+00,0.000000e+00,0.000000e+00,0.000000e+00
1.000000e+00,0.000000e+00,0.000000e+00,0.000000e+00,0.000000e+00,0.000000e+00,0.000000e+00,0.000000e+00,0.000000e+00,0.000000e+00,0.000000e+00,0.000000e+00,0.000000e+00,0.000000e+00,0.000000e+00
1.000000e+00,0.000000e+00,0.000000e+00,0.000000e+00,0.000000e+00,0.000000e+00,0.000000e+00,0.000000e+00,0.000000e+00,0.000000e+00,0.000000e+00,0.000000e+00,0.000000e+00,0.000000e+00,0.000000e+00
1.000000e+00,0.000000e+00,0.000000e+00,0.000000e+00,0.000000e+00,0.000000e+00,0.000000e+00,0.000000e+00,0.000000e+00,0.000000e+00,0.000000e+00,0.000000e+00,0.000000e+00,0.000000e+00,0.000000e+00
1.000000e+00,0.000000e+00,0.000000e+00,0.000000e+00,0.000000e+00,0.000000e+00,0.000000e+00,0.000000e+00,0.000000e+00,0.000000e+00,0.000000e+00,0.000000e+00,0.000000e+00,0.000000e+00,0.000000e+00
1.000000e+00,0.000000e+00,0.000000e+00,0.000000e+00,0.000000e+00,0.000000e+00,0.000000e+00,0.000000e+00,0.000000e+00,0.000000e+00,0.000000e+00,0.000000e+00,0.000000e+00,0.000000e+00,0.000000e+00
1.000000e+00,0.000000e+00,0.000000e+00,0.000000e+00,0.000000e+00,0.000000e+00,0.000000e+00,0.000000e+00,0.000000e+00,0.000000e+00,0.000000e+00,0.000000e+00,0.000000e+00,0.000000e+00,0.000000e+00
1.000000e+00,0.000000e+00,0.000000e+00,0.000000e+00,0.000000e+00,0.000000e+00,0.000000e+00,0.000000e+00,0.000000e+00,0.000000e+00,0.000000e+00,0.000000e+00,0.000000e+00,0.000000e+00,0.000000e+00
1.000000e+00,0.000000e+00,0.000000e+00,0.000000e+00,0.000000e+00,0.000000e+00,0.000000e+00,0.000000e+00,0.000000e+00,0.000000e+00,0.000000e+00,0.000000e+00,0.000000e+00,0.000000e+00,0.000000e+00
1.000000e+00,0.000000e+00,0.000000e+00,0.000000e+00,0.000000e+00,0.000000e+00,0.000000e+00,0.000000e+00,0.000000e+00,0.000000e+00,0.000000e+00,0.000000e+00,0.000000e+00,0.000000e+00,0.000000e+00
1.000000e+00,0.000000e+00,0.000000e+00,0.000000e+00,0.000000e+00,0.000000e+00,0.000000e+00,0.000000e+00,0.000000e+00,0.000000e+00,0.000000e+00,0.000000e+00,0.000000e+00,0.000000e+00,0.000000e+00
1.000000e+00,0.000000e+00,0.000000e+00,0.000000e+00,0.000000e+00,0.000000e+00,0.000000e+00,0.000000e+00,0.000000e+00,0.000000e+00,0.000000e+00,0.000000e+00,0.000000e+00,0.000000e+00,0.000000e+00
1.000000e+00,0.000000e+00,0.000000e+00,0.000000e+00,0.000000e+00,0.000000e+00,0.000000e+00,0.000000e+00,0.000000e+00,0.000000e+00,0.000000e+00,0.000000e+00,0.000000e+00,0.000000e+00,0.000000e+00
1.000000e+00,0.000000e+00,0.000000e+00,0.000000e+00,0.000000e+00,0.000000e+00,0.000000e+00,0.000000e+00,0.000000e+00,0.000000e+00,0.000000e+00,0.000000e+00,0.000000e+00,0.000000e+00,0.000000e+00
1.000000e+00,0.000000e+00,0.000000e+00,0.000000e+00,0.000000e+00,0.000000e+00,0.000000e+00,0.000000e+00,0.000000e+00,0.000000e+00,0.000000e+00,0.000000e+00,0.000000e+00,0.000000e+00,0.000000e+00
1.000000e+00,0.000000e+00,0.000000e+00,0.000000e+00,0.000000e+00,0.000000e+00,0.000000e+00,0.000000e+00,0.000000e+00,0.000000e+00,0.000000e+00,0.000000e+00,0.000000e+00,0.000000e+00,0.000000e+00
1.000000e+00,0.000000e+00,0.000000e+00,0.000000e+00,0.000000e+00,0.000000e+00,0.000000e+00,0.000000e+00,0.000000e+00,0.000000e+00,0.000000e+00,0.000000e+00,0.000000e+00,0.000000e+00,0.000000e+00
1.000000e+00,0.000000e+00,0.000000e+00,0.000000e+00,0.000000e+00,0.000000e+00,0.000000e+00,0.000000e+00,0.000000e+00,0.000000e+00,0.000000e+00,0.000000e+00,0.000000e+00,0.000000e+00,0.000000e+00
1.000000e+00,0.000000e+00,0.000000e+00,0.000000e+00,0.000000e+00,0.000000e+00,0.000000e+00,0.000000e+00,0.000000e+00,0.000000e+00,0.000000e+00,0.000000e+00,0.000000e+00,0.000000e+00,0.000000e+00
1.000000e+00,0.000000e+00,0.000000e+00,0.000000e+00,0.000000e+00,0.000000e+00,0.000000e+00,0.000000e+00,0.000000e+00,0.000000e+00,0.000000e+00,0.000000e+00,0.000000e+00,0.000000e+00,0.000000e+00
1.000000e+00,0.000000e+00,0.000000e+00,0.000000e+00,0.000000e+00,0.000000e+00,0.000000e+00,0.000000e+00,0.000000e+00,0.000000e+00,0.000000e+00,0.000000e+00,0.000000e+00,0.000000e+00,0.000000e+00
1.000000e+00,0.000000e+00,0.000000e+00,0.000000e+00,0.000000e+00,0.000000e+00,0.000000e+00,0.000000e+00,0.000000e+00,0.000000e+00,0.000000e+00,0.000000e+00,0.000000e+00,0.000000e+00,0.000000e+00
1.000000e+00,0.000000e+00,0.000000e+00,0.000000e+00,0.000000e+00,0.000000e+00,0.000000e+00,0.000000e+00,0.000000e+00,0.000000e+00,0.000000e+00,0.000000e+00,0.000000e+00,0.000000e+00,0.000000e+00
1.000000e+00,0.000000e+00,0.000000e+00,0.000000e+00,0.000000e+00,0.000000e+00,0.000000e+00,0.000000e+00,0.000000e+00,0.000000e+00,0.000000e+00,0.000000e+00,0.000000e+00,0.000000e+00,0.000000e+00
1.000000e+00,0.000000e+00,0.000000e+00,0.000000e+00,0.000000e+00,0.000000e+00,0.000000e+00,0.000000e+00,0.000000e+00,0.000000e+00,0.000000e+00,0.000000e+00,0.000000e+00,0.000000e+00,0.000000e+00
1.000000e+00,0.000000e+00,0.000000e+00,0.000000e+00,0.000000e+00,0.000000e+00,0.000000e+00,0.000000e+00,0.000000e+00,0.000000e+00,0.000000e+00,0.000000e+00,0.000000e+00,0.000000e+00,0.000000e+00
1.000000e+00,0.000000e+00,0.000000e+00,0.000000e+00,0.000000e+00,0.000000e+00,0.000000e+00,0.000000e+00,0.000000e+00,0.000000e+00,0.000000e+00,0.000000e+00,0.000000e+00,0.000000e+00,0.000000e+00
1.000000e+00,0.000000e+00,0.000000e+00,0.000000e+00,0.000000e+00,0.000000e+00,0.000000e+00,0.000000e+00,0.000000e+00,0.000000e+00,0.000000e+00,0.000000e+00,0.000000e+00,0.000000e+00,0.000000e+00
1.000000e+00,0.000000e+00,0.000000e+00,0.000000e+00,0.000000e+00,0.000000e+00,0.000000e+00,0.000000e+00,0.000000e+00,0.000000e+00,0.000000e+00,0.000000e+00,0.000000e+00,0.000000e+00,0.000000e+00
1.000000e+00,0.000000e+00,0.000000e+00,0.000000e+00,0.000000e+00,0.000000e+00,0.000000e+00,0.000000e+00,0.000000e+00,0.000000e+00,0.000000e+00,0.000000e+00,0.000000e+00,0.000000e+00,0.000000e+00
4.597932e-01,1.313553e-02,8.421972e-02,5.665188e-02,3.451962e-03,1.405169e-02,3.597633e-03,2.947243e-01,2.926648e-03,9.179023e-04,1.771832e-02,2.521837e-02,8.846316e-03,4.551930e-03,1.019466e-02
3.586257e-01,9.503913e-03,9.926556e-02,5.135497e-02,2.818686e-03,1.126115e-02,3.383950e-03,4.116680e-01,2.197086e-03,7.780660e-04,1.323158e-02,1.815026e-02,6.598528e-03,3.740398e-03,7.422218e-03
4.160867e-01,7.888436e-03,9.778862e-02,3.996756e-02,2.742413e-03,1.110262e-02,4.359248e-03,3.729720e-01,2.836393e-03,1.257481e-03,1.141064e-02,1.344141e-02,5.551166e-03,3.809612e-03,8.785657e-03
1.000000e+00,0.000000e+00,0.000000e+00,0.000000e+00,0.000000e+00,0.000000e+00,0.000000e+00,0.000000e+00,0.000000e+00,0.000000e+00,0.000000e+00,0.000000e+00,0.000000e+00,0.000000e+00,0.000000e+00
4.483855e-01,1.486249e-02,9.579842e-02,2.590945e-02,5.251572e-03,1.844211e-02,4.033952e-03,2.282410e-01,2.646120e-02,3.006233e-02,2.939442e-02,1.219082e-02,9.093402e-03,2.258313e-02,2.929017e-02
3.330047e-01,2.637645e-02,9.067498e-02,6.268381e-02,4.860102e-03,1.568793e-02,3.026648e-03,1.634154e-01,1.311343e-01,4.160530e-02,3.329730e-02,1.396638e-02,1.297344e-02,2.027114e-02,4.702208e-02
2.817994e-01,2.776679e-02,7.070359e-02,5.283559e-02,4.160473e-03,1.372661e-02,2.262067e-03,1.158753e-01,1.432179e-01,7.822518e-02,3.388701e-02,1.231615e-02,2.222425e-02,2.054418e-02,1.204556e-01
2.274421e-01,3.354222e-02,5.006415e-02,4.221374e-02,3.305228e-03,1.070156e-02,1.646577e-03,8.194516e-02,1.762050e-01,1.389207e-01,2.612234e-02,9.324968e-03,2.376900e-02,1.605417e-02,1.587431e-01
1.638332e-01,1.219002e-01,3.685893e-02,4.020519e-02,2.840477e-03,7.905282e-03,1.181015e-03,5.759938e-02,2.107115e-01,1.559705e-01,1.975021e-02,6.835523e-03,1.945034e-02,1.184991e-02,1.431085e-01
1.214916e-01,1.003805e-01,2.671483e-02,3.443766e-02,2.398490e-03,1.452452e-02,9.783005e-04,4.070741e-02,2.168086e-01,1.350702e-01,2.497192e-02,5.818517e-03,2.685233e-02,1.058570e-02,2.382595e-01
8.563241e-02,7.609447e-02,1.905082e-02,3.620296e-02,2.003905e-03,1.064430e-02,7.080360e-04,2.860605e-02,3.826151e-01,9.594546e-02,2.164154e-02,4.426754e-03,2.386527e-02,7.995380e-03,2.045676e-01
6.283389e-02,5.676152e-02,1.359491e-02,3.012168e-02,1.696598e-03,9.501914e-03,5.804011e-04,2.036204e-02,3.371198e-01,6.780937e-02,3.034680e-02,3.688142e-03,2.533516e-02,7.293488e-03,3.329543e-01
4.444331e-02,4.238967e-02,9.985199e-03,2.693566e-02,1.519314e-03,7.468183e-03,4.328412e-04,1.446940e-02,4.198593e-01,4.802704e-02,2.564268e-02,3.101455e-03,2.546950e-02,5.729880e-03,3.245266e-01
3.152673e-02,3.945899e-02,1.251830e-02,2.742523e-02,1.132986e-03,5.597939e-03,3.626696e-04,1.028322e-02,4.627763e-01,4.002853e-02,2.517421e-02,7.448811e-03,6.665279e-02,7.178347e-03,2.624349e-01
2.228051e-02,2.927340e-02,9.493183e-03,2.199440e-02,9.400460e-04,4.095299e-03,3.003479e-04,7.335873e-03,3.824690e-01,3.068424e-02,3.590496e-02,1.826947e-02,1.485988e-01,6.579020e-03,2.817814e-01
1.630023e-02,2.155259e-02,9.702086e-03,1.636043e-02,1.009338e-02,3.056340e-03,4.330699e-04,5.337727e-03,2.737748e-01,2.358961e-02,1.117959e-01,2.762728e-02,2.034675e-01,1.166552e-02,2.652435e-01
1.151436e-02,1.523724e-02,7.195595e-03,1.153165e-02,9.694361e-03,2.172795e-03,1.703714e-03,4.442692e-03,1.947321e-01,1.775920e-02,8.289422e-02,2.054184e-02,1.688625e-01,1.250736e-02,4.392104e-01
8.262583e-03,1.115272e-02,5.687566e-03,9.073163e-03,3.211547e-02,2.531411e-03,1.762185e-03,3.645393e-03,1.420389e-01,1.271868e-02,6.460796e-02,1.542340e-02,1.681373e-01,1.296527e-02,5.098780e-01
6.110986e-03,8.764324e-03,5.699058e-03,1.025623e-02,3.658874e-02,4.884202e-03,1.775725e-03,2.714743e-03,1.069698e-01,1.390918e-02,6.316549e-02,1.702564e-02,2.074889e-01,1.177160e-02,5.028753e-01
4.394118e-03,6.643373e-03,6.110989e-03,9.320198e-03,4.305478e-02,4.022213e-03,1.749218e-03,2.347034e-03,7.932339e-02,1.593759e-02,6.717695e-02,1.533775e-02,2.167756e-01,1.069804e-02,5.171088e-01
3.256677e-03,6.294315e-03,1.062172e-02,8.916192e-03,3.419979e-02,3.257277e-03,1.602259e-03,2.484788e-03,6.839662e-02,1.287709e-02,1.133052e-01,2.575345e-02,2.163751e-01,2.845534e-02,4.642042e-01
2.513482e-03,6.555159e-03,1.036400e-02,8.505024e-03,2.659726e-02,2.738204e-03,1.220435e-03,2.008094e-03,7.807095e-02,1.157030e-02,1.412630e-01,2.724766e-02,1.966119e-01,4.294106e-02,4.417935e-01
2.636927e-03,1.269389e-02,1.493981e-02,9.906121e-03,2.263453e-02,3.593586e-03,9.832153e-04,2.096951e-03,9.129290e-02,1.230312e-02,1.513049e-01,6.359916e-02,1.665051e-01,5.445960e-02,3.910501e-01
3.669643e-03,1.185679e-02,1.259639e-02,1.286464e-02,1.993439e-02,2.934808e-03,7.920208e-04,3.809984e-03,1.364871e-01,9.912602e-03,1.711831e-01,8.917947e-02,1.454583e-01,4.901242e-02,3.303084e-01
5.023615e-03,1.339069e-02,1.055334e-02,1.502745e-02,1.630456e-02,2.910795e-03,6.459105e-04,4.411120e-03,1.642087e-01,1.087446e-02,2.211246e-01,9.739654e-02,1.164226e-01,5.154987e-02,2.701557e-01
6.367548e-03,1.673192e-02,1.136584e-02,1.506101e-02,1.629851e-02,3.637527e-03,5.465482e-04,4.591275e-03,2.081545e-01,9.637870e-03,2.199130e-01,1.566256e-01,8.628047e-02,5.319953e-02,1.915889e-01
1.047130e-02,1.978129e-02,1.417168e-02,1.511306e-02,1.788176e-02,3.530610e-03,4.924863e-04,4.532589e-03,2.359968e-01,9.480892e-03,2.489377e-01,1.637480e-01,6.319869e-02,5.717785e-02,1.354854e-01
1.085344e-02,2.201099e-02,1.462584e-02,1.529550e-02,1.955148e-02,4.046225e-03,4.395178e-04,5.121243e-03,1.830910e-01,1.036106e-02,3.768296e-01,1.368635e-01,4.697549e-02,5.754087e-02,9.639431e-02
1.335472e-02,1.759957e-02,1.161280e-02,1.353734e-02,1.431178e-02,5.240809e-03,3.493526e-04,4.005740e-03,1.335212e-01,9.034679e-03,5.319694e-01,9.828104e-02,3.406628e-02,4.487563e-02,6.823956e-02
1.033307e-02,1.344691e-02,8.972928e-03,1.084123e-02,1.083873e-02,1.138480e-02,7.304801e-04,3.322302e-03,1.057056e-01,9.208925e-03,6.335036e-01,7.260950e-02,2.582025e-02,3.349978e-02,4.978179e-02
8.988842e-03,1.432749e-02,1.052274e-02,8.855453e-03,1.240613e-02,1.334789e-02,2.444769e-03,2.904181e-03,1.258247e-01,1.390302e-02,6.175482e-01,6.483142e-02,2.627835e-02,2.493386e-02,5.288290e-02
7.236413e-03,1.386907e-02,8.271729e-03,6.660017e-03,1.045018e-02,1.527023e-02,3.648449e-03,2.385875e-03,1.069787e-01,1.125487e-02,6.770812e-01,5.210286e-02,2.359477e-02,1.846036e-02,4.273530e-02
7.493408e-03,1.302465e-02,1.366771e-02,1.129765e-02,2.018955e-02,2.400975e-02,1.137752e-02,5.910155e-02,1.002285e-01,9.420226e-03,6.145378e-01,4.195957e-02,2.451962e-02,1.604887e-02,3.312360e-02
7.928780e-03,2.132961e-02,1.470141e-02,1.936087e-02,1.739351e-02,3.600702e-02,8.878438e-03,4.815534e-02,1.810330e-01,9.480519e-03,4.747302e-01,6.357548e-02,4.670552e-02,1.712948e-02,3.359082e-02
8.378828e-03,2.841814e-02,1.253419e-02,1.772328e-02,1.575702e-02,6.246042e-02,6.717495e-03,3.556387e-02,2.523907e-01,1.040758e-02,3.662759e-01,7.210019e-02,4.588557e-02,1.799726e-02,4.738957e-02
7.707412e-03,4.366683e-02,1.152440e-02,4.344739e-02,1.307998e-02,8.501630e-02,4.805603e-03,2.830682e-02,3.229417e-01,1.179128e-02,2.690345e-01,6.133319e-02,3.898897e-02,1.510314e-02,4.325244e-02
7.724690e-03,5.728016e-02,9.178480e-03,3.344128e-02,1.074590e-02,1.101588e-01,3.430068e-03,2.347468e-02,3.465337e-01,1.460537e-02,2.025389e-01,5.675315e-02,4.369186e-02,1.728096e-02,6.316191e-02
1.131635e-02,5.656652e-02,6.988068e-03,2.907340e-02,1.316492e-02,1.039725e-01,2.933983e-03,1.703160e-02,4.040282e-01,1.254302e-02,1.514185e-01,4.333489e-02,7.514744e-02,1.276317e-02,5.971743e-02
1.080723e-02,5.479463e-02,5.320269e-03,2.942652e-02,1.271462e-02,9.776068e-02,2.594507e-03,1.274755e-02,5.088013e-01,1.051924e-02,1.110768e-01,3.092012e-02,5.702111e-02,9.785537e-03,4.570986e-02
9.168744e-03,6.809518e-02,4.146888e-03,2.697385e-02,1.884105e-02,8.387236e-02,2.199574e-03,9.410080e-03,5.751393e-01,9.185917e-03,8.269639e-02,2.204824e-02,4.345481e-02,7.083124e-03,3.768445e-02
1.009289e-02,7.892366e-02,3.454030e-03,2.141993e-02,3.075060e-02,6.418458e-02,2.115408e-03,7.027779e-03,6.000023e-01,8.755257e-03,6.034534e-02,1.588437e-02,3.331782e-02,5.488560e-03,5.823746e-02
1.038823e-02,6.858809e-02,3.686558e-03,3.831296e-02,4.900437e-02,4.942536e-02,4.122472e-03,1.809056e-02,6.077721e-01,1.013124e-02,4.486185e-02,1.185293e-02,2.974028e-02,4.225632e-03,4.979739e-02
3.328255e-02,7.232318e-02,5.462679e-03,3.283130e-02,7.638575e-02,3.712928e-02,5.334288e-03,1.817480e-02,5.679439e-01,1.131277e-02,3.547605e-02,9.785537e-03,2.940917e-02,3.508204e-03,6.164051e-02
4.043262e-02,7.625203e-02,7.704458e-03,2.583945e-02,7.074170e-02,3.524067e-02,9.042481e-03,1.837233e-02,5.094770e-01,8.741683e-03,2.926075e-02,1.794390e-02,9.795402e-02,3.099730e-03,4.989718e-02
3.862715e-02,6.419329e-02,6.643417e-03,1.930509e-02,6.159076e-02,3.263736e-02,7.399771e-03,1.445318e-02,3.937176e-01,6.679199e-03,2.225018e-02,1.821476e-02,2.712180e-01,2.670540e-03,4.039966e-02
4.232265e-02,5.298854e-02,9.518310e-03,2.613539e-02,5.934029e-02,2.812782e-02,6.424294e-03,1.117389e-02,3.045869e-01,6.005249e-03,1.723999e-02,1.661127e-02,3.810638e-01,2.683081e-03,3.577854e-02
4.531087e-02,3.928495e-02,7.275175e-03,1.984407e-02,6.330363e-02,2.444774e-02,5.095209e-03,8.275828e-03,2.232945e-01,4.691288e-03,1.521627e-02,2.182762e-02,4.897926e-01,2.344053e-03,2.999621e-02
4.675951e-02,2.890122e-02,5.391451e-03,1.672108e-02,5.135224e-02,2.172028e-02,3.894271e-03,6.292913e-03,1.670932e-01,3.855990e-03,1.396246e-02,2.291698e-02,5.851410e-01,2.394777e-03,2.360260e-02
4.584610e-02,2.226040e-02,5.870284e-03,1.266867e-02,4.223007e-02,2.715350e-02,3.529916e-03,4.741064e-03,1.201844e-01,4.540818e-03,3.761384e-02,6.210649e-02,5.795750e-01,2.202600e-03,2.947683e-02
4.286274e-02,2.379108e-02,6.179282e-03,1.948125e-02,3.392746e-02,2.636863e-02,2.781384e-03,3.645329e-03,8.909429e-02,5.184839e-03,3.102448e-02,7.653506e-02,6.098585e-01,2.607027e-03,2.665873e-02
5.050726e-02,2.645243e-02,5.122762e-03,1.954889e-02,2.644493e-02,2.570183e-02,2.322164e-03,2.934112e-03,7.232073e-02,1.874493e-02,2.904246e-02,9.343210e-02,5.938260e-01,5.644909e-03,2.795454e-02
6.009805e-02,2.532240e-02,5.818262e-03,1.791336e-02,2.689658e-02,4.287565e-02,3.096833e-03,3.246511e-03,6.198305e-02,1.723308e-02,3.015437e-02,7.998613e-02,5.511923e-01,5.467809e-03,6.871565e-02
4.745610e-02,1.871504e-02,4.651753e-03,1.625210e-02,2.100379e-02,3.444625e-02,2.547024e-03,3.299265e-03,4.611872e-02,2.692456e-02,2.547836e-02,6.865629e-02,5.485209e-01,5.131188e-03,1.307986e-01
3.598551e-02,1.382690e-02,5.416536e-03,1.292573e-02,1.518185e-02,2.502880e-02,1.922035e-03,5.284221e-03,3.345796e-02,1.989244e-02,2.152404e-02,5.090200e-02,3.920867e-01,1.096283e-02,3.556024e-01
3.745774e-02,1.108717e-02,7.728956e-03,1.872978e-02,1.174156e-02,1.937285e-02,1.525020e-03,1.305825e-02,3.442294e-02,2.344636e-02,2.286537e-02,4.384390e-02,2.906085e-01,1.572281e-02,4.483888e-01
3.053233e-02,8.335039e-03,8.912712e-03,1.562420e-02,9.073829e-03,2.947516e-02,1.543930e-03,4.905984e-02,2.729063e-02,1.980824e-02,3.328099e-02,3.411571e-02,2.136343e-01,1.622573e-02,5.030873e-01
2.487518e-02,9.795112e-03,7.921958e-03,1.342291e-02,1.055647e-02,2.728493e-02,2.107349e-03,4.312400e-02,1.832250e-01,1.466043e-02,2.793533e-02,2.728795e-02,1.537662e-01,1.293635e-02,4.411008e-01
1.892032e-02,8.675602e-03,6.844070e-03,8.772607e-02,9.365788e-03,3.332067e-02,1.796128e-03,3.876162e-02,2.960846e-01,1.197805e-02,2.379109e-02,2.314548e-02,1.138391e-01,9.538691e-03,3.162127e-01
1.607714e-02,1.884082e-02,8.331604e-03,7.888457e-02,1.460190e-02,3.070330e-02,2.167826e-03,3.673389e-02,3.981617e-01,9.572310e-03,1.872583e-02,1.748529e-02,8.400939e-02,7.288583e-03,2.584159e-01
1.332854e-02,2.267105e-02,9.420482e-03,1.110007e-01,1.983094e-02,2.751521e-02,2.941142e-03,5.240197e-02,4.381571e-01,7.741855e-03,1.533158e-02,1.305533e-02,6.968944e-02,5.299529e-03,1.916151e-01
1.662178e-02,2.111635e-02,1.122329e-02,1.318572e-01,4.332978e-02,2.662542e-02,4.878277e-03,4.290561e-02,4.051819e-01,7.535969e-03,2.659439e-02,1.388163e-02,9.705725e-02,4.127601e-03,1.470635e-01
1.873664e-02,1.886557e-02,1.236326e-02,2.102063e-01,5.213058e-02,2.549825e-02,7.031574e-03,3.581534e-02,3.561966e-01,7.755063e-03,2.777844e-02,1.454298e-02,1.015890e-01,3.100113e-03,1.083904e-01
2.826434e-02,1.922036e-02,1.783281e-02,1.933656e-01,5.524938e-02,2.523845e-02,7.115790e-03,2.834198e-02,3.057768e-01,7.094950e-03,7.671501e-02,1.770991e-02,1.300779e-01,2.571118e-03,8.542569e-02
4.312824e-02,1.732223e-02,1.706372e-02,1.792448e-01,5.190439e-02,2.275991e-02,7.673741e-03,2.321849e-02,2.451880e-01,8.083723e-03,6.307157e-02,2.260494e-02,2.162777e-01,2.820452e-03,7.963809e-02
4.856306e-02,1.339023e-02,1.358771e-02,1.310489e-01,4.907238e-02,1.761225e-02,9.118594e-03,1.775837e-02,1.929279e-01,7.615571e-03,5.192196e-02,2.822401e-02,3.546549e-01,2.889208e-03,6.161500e-02
4.569090e-02,1.049739e-02,1.110517e-02,9.689622e-02,3.733024e-02,1.450076e-02,6.989550e-03,1.310509e-02,1.456733e-01,6.919593e-03,4.988435e-02,1.084742e-01,4.043229e-01,3.784295e-03,4.482603e-02
4.083629e-02,8.108336e-03,8.283854e-03,7.200734e-02,2.935766e-02,1.284047e-02,5.188540e-03,9.759570e-03,1.100154e-01,5.921345e-03,4.619096e-02,1.412837e-01,4.747062e-01,3.427228e-03,3.207315e-02
4.726774e-02,7.608186e-03,6.767605e-03,5.466650e-02,2.466725e-02,1.534323e-02,4.148942e-03,9.130663e-03,8.545183e-02,5.178667e-03,4.801542e-02,1.915831e-01,4.706627e-01,5.729659e-03,2.377854e-02
3.675641e-02,5.851859e-03,4.839506e-03,3.899898e-02,1.829819e-02,1.302564e-02,3.010483e-03,6.503246e-03,6.514885e-02,4.166883e-03,3.942743e-02,3.130007e-01,4.289100e-01,5.046586e-03,1.701522e-02
3.305315e-02,4.807312e-03,3.488726e-03,2.763448e-02,1.467990e-02,1.463983e-02,2.216048e-03,4.692542e-03,5.183390e-02,3.520520e-03,3.486167e-02,4.213026e-01,3.671856e-01,3.919622e-03,1.216413e-02
3.511228e-02,4.874988e-03,2.778964e-03,2.014564e-02,1.422473e-02,1.536568e-02,2.285597e-03,5.114414e-03,4.667672e-02,5.232206e-03,3.089783e-02,4.831826e-01,3.195435e-01,5.231442e-03,9.333362e-03
3.507651e-02,7.580340e-03,3.660514e-03,1.536093e-02,1.311028e-02,4.371793e-02,2.533298e-03,6.246128e-03,6.307468e-02,6.844254e-03,2.819959e-02,4.738032e-01,2.874322e-01,5.683875e-03,7.676381e-03
3.154933e-02,1.193102e-02,1.316665e-02,1.247178e-02,1.248277e-02,1.321381e-01,3.491499e-03,4.684938e-02,1.021773e-01,9.022600e-03,2.367256e-02,3.657607e-01,2.219160e-01,5.269560e-03,8.100766e-03
2.980848e-02,1.387672e-02,1.039063e-02,1.069307e-02,9.672537e-03,2.062220e-01,3.303978e-03,4.290944e-02,1.764165e-01,8.546799e-03,2.046749e-02,2.664624e-01,1.820674e-01,4.648869e-03,1.451379e-02
3.020993e-02,1.486630e-02,8.819285e-03,1.226642e-02,8.501194e-03,2.656763e-01,4.176826e-03,3.690284e-02,2.252083e-01,1.069808e-02,1.562150e-02,2.018337e-01,1.471640e-01,3.726882e-03,1.432850e-02
3.244015e-02,1.191402e-02,8.397534e-03,1.663679e-02,1.168728e-02,3.353633e-01,6.274263e-03,2.918512e-02,2.361979e-01,9.789962e-03,1.152792e-02,1.424219e-01,1.259781e-01,2.876215e-03,1.930955e-02
3.821265e-02,9.732090e-03,6.882718e-03,1.644493e-02,1.126816e-02,4.067307e-01,5.824970e-03,2.423818e-02,2.085021e-01,8.168797e-03,8.410393e-03,1.007246e-01,1.364911e-01,2.238448e-03,1.613018e-02
6.714517e-02,8.245197e-03,5.064871e-03,1.387017e-02,8.805830e-03,4.847248e-01,4.198323e-03,2.530965e-02,1.647829e-01,6.897885e-03,9.293767e-03,7.185760e-02,1.109020e-01,5.106173e-03,1.379564e-02
7.725492e-02,8.176036e-03,3.791474e-03,1.081644e-02,7.542448e-03,5.305486e-01,3.189437e-03,2.166937e-02,1.399257e-01,7.023026e-03,1.622023e-02,5.508448e-02,9.269816e-02,1.390693e-02,1.215276e-02
9.534663e-02,1.237324e-02,2.820664e-03,9.063213e-03,7.338459e-03,5.424316e-01,2.626630e-03,1.817797e-02,1.256187e-01,9.441406e-03,1.884777e-02,4.913821e-02,7.685412e-02,1.671369e-02,1.320772e-02
8.749321e-02,1.194449e-02,2.225413e-03,8.164717e-03,6.181430e-03,5.966381e-01,2.317714e-03,1.721343e-02,1.031248e-01,1.053824e-02,1.795956e-02,3.901906e-02,6.919838e-02,1.364350e-02,1.433793e-02
7.796621e-02,1.627321e-02,1.967757e-03,6.848248e-03,4.845504e-03,6.461771e-01,1.737084e-03,1.566247e-02,8.651628e-02,9.374126e-03,1.774959e-02,3.374840e-02,5.269877e-02,1.245297e-02,1.598237e-02
6.797767e-02,2.476060e-02,1.648248e-03,5.865780e-03,4.949631e-03,6.760852e-01,1.285824e-03,1.593537e-02,8.642540e-02,7.346097e-03,1.942482e-02,2.604838e-02,3.758061e-02,1.128283e-02,1.338352e-02
7.124668e-02,2.941250e-02,1.873925e-03,7.590845e-03,5.147809e-03,6.812366e-01,1.196216e-03,3.033002e-02,7.520958e-02,6.959050e-03,1.850784e-02,2.321184e-02,2.795397e-02,8.656496e-03,1.146659e-02
6.428965e-02,4.827397e-02,1.681135e-03,6.402549e-03,4.683672e-03,6.929053e-01,9.686303e-04,3.638035e-02,6.729990e-02,6.697528e-03,1.532453e-02,1.816760e-02,2.061234e-02,6.780197e-03,9.532641e-03
1.150665e-01,6.405348e-02,1.750930e-03,7.158781e-03,5.609700e-03,6.143741e-01,1.151745e-03,4.889755e-02,7.341564e-02,6.274155e-03,1.418888e-02,1.485924e-02,1.600629e-02,6.673910e-03,1.051918e-02
1.585754e-01,7.896516e-02,1.764488e-03,6.446356e-03,5.998648e-03,5.505273e-01,1.264741e-03,4.503690e-02,8.437933e-02,5.869416e-03,1.353136e-02,1.240301e-02,1.493909e-02,8.369217e-03,1.192964e-02
2.120909e-01,7.923151e-02,1.793192e-03,5.891088e-03,6.158607e-03,4.921187e-01,1.159220e-03,3.835270e-02,9.639593e-02,5.897584e-03,1.211590e-02,9.956933e-03,1.522356e-02,9.305189e-03,1.430902e-02
2.423012e-01,9.198759e-02,1.937243e-03,6.100884e-03,7.634248e-03,4.349311e-01,1.276738e-03,3.405647e-02,9.469146e-02,1.022254e-02,1.231360e-02,9.629401e-03,1.977589e-02,1.117381e-02,2.196785e-02
2.781883e-01,1.129956e-01,2.660585e-03,7.563581e-03,1.540560e-02,3.467985e-01,2.291338e-03,3.463877e-02,9.519692e-02,2.126446e-02,1.406488e-02,1.073682e-02,1.936447e-02,1.194860e-02,2.688155e-02
3.279765e-01,9.865878e-02,4.574073e-03,9.421741e-03,1.641437e-02,2.510859e-01,2.188308e-03,3.088739e-02,8.537252e-02,2.955917e-02,3.476514e-02,1.791404e-02,1.543828e-02,2.082730e-02,5.491654e-02
3.194171e-01,8.337545e-02,6.831130e-03,1.018719e-02,1.676081e-02,1.878213e-01,2.145799e-03,3.105812e-02,7.336228e-02,4.464789e-02,7.784910e-02,2.258582e-02,1.230322e-02,3.753810e-02,7.411666e-02
2.719021e-01,6.218537e-02,5.886493e-03,7.951452e-03,1.318737e-02,1.364668e-01,1.779209e-03,2.497751e-02,5.452257e-02,4.642609e-02,2.193496e-01,2.335204e-02,1.025735e-02,5.913864e-02,6.261742e-02
2.770675e-01,4.594819e-02,6.153159e-03,6.258001e-03,1.210020e-02,1.084766e-01,1.545672e-03,1.956754e-02,4.098225e-02,4.482296e-02,2.612486e-01,2.099988e-02,7.611541e-03,9.442173e-02,5.279607e-02
2.442352e-01,3.542953e-02,5.505215e-03,5.365175e-03,1.040256e-02,7.966094e-02,1.284634e-03,1.483604e-02,3.803868e-02,5.282218e-02,3.435580e-01,2.101202e-02,5.812493e-03,9.967544e-02,4.236187e-02
1.907202e-01,3.277432e-02,2.966539e-02,3.177581e-02,2.013330e-02,6.652851e-02,2.860893e-03,1.260165e-02,6.699301e-02,9.131324e-02,3.018587e-01,3.173592e-02,5.710154e-03,8.183531e-02,3.349369e-02
1.485818e-01,2.856427e-02,2.616737e-02,2.588804e-02,1.743726e-02,5.269052e-02,2.414912e-03,9.192274e-03,7.105742e-02,1.075027e-01,3.437905e-01,3.077848e-02,5.256301e-03,1.005972e-01,3.008090e-02
1.158192e-01,2.304729e-02,2.001780e-02,1.939133e-02,1.318679e-02,3.886786e-02,1.773414e-03,6.886914e-03,6.707841e-02,8.675005e-02,4.154965e-01,2.626068e-02,5.942801e-03,1.362016e-01,2.327929e-02
8.431731e-02,1.697643e-02,1.416232e-02,1.422012e-02,9.574789e-03,2.836521e-02,1.306646e-03,5.047834e-03,5.332693e-02,6.478740e-02,5.635492e-01,2.113151e-02,4.824429e-03,1.014914e-01,1.691855e-02
5.931352e-02,1.223297e-02,9.965123e-03,1.014958e-02,7.296590e-03,2.030726e-02,9.595160e-04,3.608737e-03,4.688170e-02,6.242441e-02,6.573645e-01,1.617589e-02,3.877928e-03,7.710626e-02,1.233603e-02
4.168537e-02,8.948738e-03,7.091466e-03,7.175838e-03,5.806665e-03,1.473857e-02,7.800033e-04,2.652562e-03,3.667894e-02,4.530602e-02,7.494978e-01,1.256258e-02,3.267403e-03,5.490599e-02,8.902012e-03
2.949233e-02,6.844534e-03,5.110135e-03,5.141520e-03,8.344590e-03,1.151825e-02,1.058153e-03,1.935520e-03,3.200138e-02,3.290954e-02,8.062212e-01,1.027938e-02,3.561734e-03,3.871553e-02,6.866173e-03
2.121188e-02,1.397903e-02,3.875138e-03,4.384519e-03,8.384263e-03,1.216051e-02,1.609177e-03,2.473127e-03,8.939121e-02,2.341795e-02,7.664892e-01,1.101383e-02,6.077372e-03,2.988513e-02,5.647634e-03
1.494164e-02,1.389686e-02,2.946280e-03,3.207402e-03,8.714974e-03,1.004396e-02,1.261544e-03,2.535974e-03,2.392561e-01,1.656299e-02,6.327690e-01,1.168576e-02,1.367452e-02,2.444385e-02,4.059111e-03
1.057317e-02,1.146784e-02,2.347666e-03,2.813275e-03,9.313392e-03,1.041502e-02,9.780044e-04,4.329188e-03,4.041597e-01,1.200747e-02,4.769580e-01,9.560230e-03,2.056413e-02,2.157752e-02,2.935339e-03
7.862495e-03,1.446607e-02,3.603514e-03,2.662326e-03,1.936560e-02,1.345131e-02,1.093765e-03,4.791316e-03,4.246746e-01,9.815365e-03,4.072686e-01,2.092139e-02,4.666294e-02,2.055483e-02,2.805921e-03
5.992653e-03,1.218917e-02,3.062351e-03,2.124490e-03,2.387054e-02,1.199140e-02,9.025406e-04,3.821734e-03,3.683501e-01,7.717845e-03,3.828532e-01,4.879234e-02,1.048642e-01,2.064023e-02,2.827191e-03
4.589408e-03,9.500303e-03,2.556116e-03,1.973813e-03,2.230000e-02,1.693397e-02,8.060739e-04,3.316600e-03,2.708932e-01,5.856595e-03,3.061376e-01,1.149961e-01,2.194528e-01,1.652238e-02,4.164941e-03
3.392816e-03,7.078011e-03,1.938942e-03,1.805343e-03,1.606152e-02,3.004625e-02,6.898858e-04,2.455931e-03,1.963685e-01,4.294464e-03,2.333727e-01,1.352965e-01,3.501886e-01,1.207715e-02,4.933521e-03
2.582476e-03,5.696938e-03,1.686554e-03,1.488380e-03,1.151382e-02,1.240029e-01,5.838088e-04,1.959294e-03,1.422177e-01,3.219982e-03,1.970825e-01,1.621308e-01,3.311418e-01,9.272452e-03,5.420602e-03
1.989428e-03,4.146042e-03,1.267362e-03,1.137133e-03,8.269597e-03,1.330156e-01,4.970710e-04,1.453033e-03,1.051840e-01,2.387217e-03,1.793262e-01,1.684469e-01,3.820488e-01,6.584896e-03,4.246601e-03
1.419475e-03,2.974180e-03,9.162175e-04,8.346787e-04,5.820386e-03,1.734175e-01,3.730170e-04,1.025409e-03,7.662009e-02,1.803502e-03,1.449555e-01,2.267161e-01,3.551960e-01,4.641484e-03,3.286502e-03
1.018303e-03,2.119301e-03,6.710877e-04,6.336248e-04,4.101599e-03,1.520454e-01,2.791497e-04,7.279775e-04,5.508524e-02,1.383341e-03,1.088565e-01,3.480089e-01,3.191414e-01,3.284131e-03,2.644113e-03
7.571421e-04,1.507587e-03,5.163505e-04,5.084062e-04,2.916191e-03,1.554247e-01,2.378099e-04,5.204895e-04,3.928390e-02,1.243075e-03,7.978595e-02,3.747669e-01,3.374414e-01,2.343100e-03,2.746995e-03
5.650948e-04,1.115309e-03,4.666332e-04,3.980159e-04,2.086583e-03,1.294053e-01,2.105874e-04,3.721327e-04,2.787743e-02,1.254147e-03,5.709282e-02,3.242287e-01,4.484637e-01,1.709462e-03,4.754061e-03
4.508552e-04,8.299798e-04,5.769624e-04,3.023880e-04,1.556866e-03,9.474336e-02,3.410647e-04,2.866864e-04,1.972024e-02,1.379647e-03,4.119221e-02,2.710863e-01,5.445150e-01,1.319326e-03,2.169913e-02
3.539991e-04,6.679668e-04,6.603770e-04,2.225546e-04,1.174742e-03,6.659102e-02,2.973365e-04,2.162092e-04,1.406268e-02,1.866830e-03,2.974330e-02,2.110329e-01,6.139966e-01,1.164271e-03,5.794927e-02
2.668336e-04,9.263379e-04,5.569390e-04,1.572373e-04,8.273044e-04,4.663650e-02,2.708471e-04,1.573196e-04,9.965059e-03,3.400028e-03,2.137567e-02,1.553579e-01,6.774847e-01,9.961700e-04,8.162121e-02
2.133557e-04,5.712594e-02,4.002113e-03,1.120519e-04,5.938827e-04,3.267167e-02,2.449384e-04,1.254339e-04,8.426576e-03,3.646618e-03,1.531884e-02,1.161844e-01,6.544538e-01,7.252782e-04,1.061551e-01
1.950138e-04,8.116487e-02,1.351498e-02,8.497585e-05,4.342529e-04,2.292293e-02,3.022641e-04,1.795096e-04,7.699889e-03,4.300015e-03,1.105096e-02,8.937024e-02,5.919092e-01,6.588849e-04,1.762121e-01
6.023752e-04,1.464013e-01,8.060014e-02,8.292937e-05,5.114077e-04,1.611487e-02,2.746940e-04,3.328222e-04,6.958301e-03,8.022632e-03,8.848583e-03,6.509894e-02,4.336273e-01,2.233420e-03,2.302903e-01
7.844485e-04,1.102241e-01,3.251410e-01,1.510218e-04,4.458083e-04,1.139888e-02,3.914062e-04,1.348282e-03,6.134207e-03,8.348925e-03,6.489257e-03,4.678158e-02,3.123903e-01,1.736172e-03,1.682347e-01
8.486998e-04,1.427902e-01,4.316987e-01,2.799919e-04,6.215741e-04,8.183237e-03,3.088424e-04,2.956619e-03,2.773187e-02,6.221653e-03,4.713343e-03,3.288842e-02,2.194469e-01,1.346817e-03,1.199631e-01
1.974965e-03,1.591702e-01,4.845144e-01,3.673016e-03,2.107043e-03,7.751790e-03,2.320919e-04,9.576729e-03,5.760282e-02,5.088101e-03,3.445979e-03,2.311130e-02,1.540512e-01,1.030617e-03,8.666977e-02
1.250368e-02,1.992099e-01,4.671095e-01,6.380815e-03,2.061455e-02,1.026643e-02,3.001838e-04,1.530125e-02,6.971427e-02,3.921309e-03,2.684185e-03,1.628015e-02,1.088318e-01,2.283314e-03,6.459866e-02
1.759331e-02,1.681729e-01,4.951493e-01,1.679313e-02,3.379864e-02,1.104258e-02,4.009885e-04,2.313004e-02,7.639273e-02,4.556520e-03,2.320828e-03,1.153191e-02,7.691591e-02,3.623340e-03,5.857790e-02
1.592788e-02,1.235025e-01,6.054927e-01,2.247905e-02,2.961226e-02,8.524268e-03,3.328673e-04,2.086261e-02,5.819471e-02,3.620629e-03,1.795413e-03,8.107231e-03,5.406739e-02,3.067850e-03,4.441270e-02
2.140755e-02,9.880944e-02,6.710621e-01,1.925969e-02,3.043748e-02,7.076440e-03,4.197733e-04,1.709159e-02,4.651522e-02,3.051147e-03,1.403705e-03,5.732903e-03,3.799894e-02,3.586222e-03,3.614784e-02
3.735593e-02,8.660075e-02,6.865461e-01,1.527498e-02,4.349858e-02,6.869110e-03,9.398198e-04,1.519186e-02,3.744259e-02,2.506812e-03,1.221661e-03,4.145447e-03,2.698800e-02,6.823176e-03,2.859513e-02
5.145299e-02,1.000529e-01,6.514943e-01,1.365794e-02,6.055075e-02,1.028856e-02,1.638007e-03,1.435544e-02,3.696190e-02,2.250041e-03,1.001231e-03,3.009847e-03,1.914657e-02,6.782648e-03,2.735685e-02
5.363036e-02,1.328566e-01,5.858168e-01,1.183900e-02,7.519697e-02,1.399955e-02,2.011500e-03,1.166631e-02,6.381550e-02,2.157370e-03,8.952118e-04,2.189245e-03,1.365499e-02,6.576727e-03,2.369383e-02
5.983251e-02,1.420044e-01,5.599096e-01,1.266092e-02,7.978919e-02,1.558950e-02,2.438707e-03,1.142753e-02,7.622214e-02,2.205940e-03,8.454380e-04,1.758488e-03,9.782067e-03,5.384988e-03,2.014865e-02
8.210124e-02,1.306965e-01,4.922101e-01,1.232401e-02,8.288576e-02,1.642673e-02,2.547961e-03,1.006756e-02,1.330186e-01,2.170781e-03,1.092048e-03,2.153219e-03,7.770639e-03,4.215691e-03,2.031925e-02
1.055180e-01,1.709637e-01,4.132914e-01,1.450125e-02,8.323672e-02,1.536202e-02,2.396107e-03,1.177464e-02,1.283911e-01,3.081567e-03,5.614776e-03,5.577592e-03,1.100470e-02,4.185531e-03,2.510100e-02
1.381251e-01,1.807916e-01,3.377964e-01,1.836251e-02,8.288071e-02,1.361485e-02,2.209340e-03,1.059889e-02,1.201061e-01,6.146084e-03,6.887575e-03,9.657104e-03,1.294169e-02,5.334198e-03,5.454782e-02
1.481644e-01,1.660613e-01,2.535116e-01,4.528466e-02,6.537896e-02,1.157807e-02,2.422653e-03,3.158668e-02,1.112546e-01,2.151898e-02,1.088613e-02,1.362407e-02,1.881988e-02,5.681194e-03,9.422676e-02
1.297135e-01,1.519162e-01,1.830788e-01,5.175623e-02,4.747477e-02,1.347008e-02,1.965485e-03,2.697417e-02,1.099832e-01,5.949245e-02,1.308704e-02,1.439765e-02,3.504618e-02,4.925175e-03,1.567191e-01
1.099940e-01,1.243196e-01,1.337921e-01,7.165283e-02,3.464113e-02,1.203109e-02,1.519975e-03,2.033095e-02,1.504601e-01,8.040591e-02,2.760540e-02,1.570208e-02,5.735895e-02,4.072190e-03,1.561137e-01
8.035328e-02,9.353445e-02,9.693874e-02,1.438702e-01,2.592073e-02,1.075783e-02,1.219511e-03,1.528977e-02,1.802866e-01,6.941780e-02,5.181827e-02,1.427188e-02,6.666801e-02,3.868798e-03,1.457841e-01
5.981730e-02,7.046171e-02,7.022540e-02,1.930458e-01,1.996283e-02,1.277327e-02,1.086750e-03,1.146879e-02,1.758915e-01,6.449919e-02,7.475481e-02,1.620448e-02,9.136160e-02,3.552964e-03,1.348937e-01
4.475246e-02,5.812415e-02,5.128077e-02,1.682069e-01,1.741856e-02,1.248030e-02,1.608339e-03,1.165687e-02,2.245643e-01,5.033442e-02,7.035491e-02,1.813144e-02,1.136405e-01,3.928611e-03,1.535175e-01
3.992743e-02,4.442407e-02,3.775869e-02,1.960168e-01,1.743452e-02,1.110255e-02,1.521252e-03,9.315155e-03,1.931941e-01,3.734131e-02,9.411351e-02,2.127388e-02,1.569321e-01,3.701352e-03,1.359433e-01
3.723140e-02,3.224849e-02,3.256159e-02,1.850613e-01,2.282809e-02,8.630205e-03,3.340062e-03,9.476285e-02,1.635589e-01,2.653315e-02,8.671704e-02,1.666812e-02,1.358571e-01,2.981883e-03,1.510197e-01
1.303355e-01,2.466669e-02,3.187500e-02,1.851859e-01,5.980984e-02,8.483719e-03,4.244580e-03,7.857534e-02,1.371085e-01,1.884741e-02,7.182584e-02,1.843796e-02,1.104838e-01,4.103764e-03,1.160161e-01
2.240069e-01,2.047467e-02,2.693414e-02,1.763588e-01,8.977044e-02,9.442683e-03,4.666738e-03,6.337673e-02,1.213620e-01,1.345020e-02,5.483836e-02,1.567292e-02,8.418944e-02,3.688075e-03,9.176791e-02
2.575419e-01,1.796038e-02,2.454634e-02,1.975251e-01,9.075470e-02,8.994637e-03,4.574174e-03,6.116904e-02,1.176643e-01,1.039316e-02,4.650867e-02,1.983829e-02,6.848193e-02,4.428477e-03,6.961884e-02
3.410522e-01,1.925775e-02,2.080074e-02,1.770107e-01,8.665055e-02,9.588469e-03,7.228730e-03,4.934539e-02,9.387045e-02,8.188900e-03,4.042878e-02,2.013535e-02,5.492596e-02,5.443923e-03,6.607217e-02
