1.000000e+00,0.000000e+00,0.000000e+00,0.000000e+00,0.000000e+00,0.000000e+00,0.000000e+00,0.000000e+00,0.000000e+00,0.000000e+00,0.000000e+00,0.000000e+00,0.000000e+00,0.000000e+00,0.000000e+00
1.000000e+00,0.000000e+00,0.000000e+00,0.000000e+00,0.000000e+00,0.000000e+00,0.000000e+00,0.000000e+00,0.000000e+00,0.000000e+00,0.000000e+00,0.000000e+00,0.000000e+00,0.000000e+00,0.000000e+00
1.000000e+00,0.000000e+00,0.000000e+00,0.000000e+00,0.000000e+00,0.000000e+00,0.000000e+00,0.000000e+00,0.000000e+00,0.000000e+00,0.000000e+00,0.000000e+00,0.000000e+00,0.000000e+00,0.000000e+00
1.000000e+00,0.000000e+00,0.000000e+00,0.000000e+00,0.000000e+00,0.000000e+00,0.000000e+00,0.000000e+00,0.000000e+00,0.000000e+00,0.000000e+00,0.000000e+00,0.000000e+00,0.000000e+00,0.000000e+00
1.000000e+00,0.000000e+00,0.000000e+00,0.000000e+00,0.000000e+00,0.000000e+00,0.000000e+00,0.000000e+00,0.000000e+00,0.000000e+00,0.000000e+00,0.000000e+00,0.000000e+00,0.000000e+00,0.000000e+00
1.000000e+00,0.000000e+00,0.000000e+00,0.000000e+00,0.000000e+00,0.000000e+00,0.000000e+00,0.000000e+00,0.000000e+00,0.000000e+00,0.000000e+00,0.000000e+00,0.000000e+00,0.000000e+00,0.000000e+00
1.000000e+00,0.000000e+00,0.000000e+00,0.000000e+00,0.000000e+00,0.000000e+00,0.000000e+00,0.000000e+00,0.000000e+00,0.000000e+00,0.000000e+00,0.000000e+00,0.000000e+00,0.000000e+00,0.000000e+00
1.000000e+00,0.000000e+00,0.000000e+00,0.000000e+00,0.000000e+00,0.000000e+00,0.000000e+00,0.000000e+00,0.000000e+00,0.000000e+00,0.000000e+00,0.000000e+00,0.000000e+00,0.000000e+00,0.000000e+00
1.000000e+00,0.000000e+00,0.000000e+00,0.000000e+00,0.000000e+00,0.000000e+00,0.000000e+00,0.000000e+00,0.000000e+00,0.000000e+00,0.000000e+00,0.000000e+00,0.000000e+00,0.000000e+00,0.000000e+00
1.000000e+00,0.000000e+00,0.000000e+00,0.000000e+00,0.000000e+00,0.000000e+00,0.000000e+00,0.000000e+00,0.000000e+00,0.000000e+00,0.000000e+00,0.000000e+00,0.000000e+00,0.000000e+00,0.000000e+00
1.000000e+00,0.000000e+00,0.000000e+00,0.000000e+00,0.000000e+00,0.000000e+00,0.000000e+00,0.000000e+00,0.000000e+00,0.000000e+00,0.000000e+00,0.000000e+00,0.000000e+00,0.000000e+00,0.000000e+00
1.000000e+00,0.000000e+00,0.000000e+00,0.000000e+00,0.000000e+00,0.000000e+00,0.000000e+00,0.000000e+00,0.000000e+00,0.000000e+00,0.000000e+00,0.000000e+00,0.000000e+00,0.000000e+00,0.000000e+00
1.000000e+00,0.000000e+00,0.000000e+00,0.000000e+00,0.000000e+00,0.000000e+00,0.000000e+00,0.000000e+00,0.000000e+00,0.000000e+00,0.000000e+00,0.000000e+00,0.000000e+00,0.000000e+00,0.000000e+00
1.000000e+00,0.000000e+00,0.000000e+00,0.000000e+00,0.000000e+00,0.000000e+00,0.000000e+00,0.000000e+00,0.000000e+00,0.000000e+00,0.000000e+00,0.000000e+00,0.000000e+00,0.000000e+00,0.000000e+00
1.000000e+00,0.000000e+00,0.000000e+00,0.000000e+00,0.000000e+00,0.000000e+00,0.000000e+00,0.000000e+00,0.000000e+00,0.000000e+00,0.000000e+00,0.000000e+00,0.000000e+00,0.000000e+00,0.000000e+00
1.000000e+00,0.000000e+00,0.000000e+00,0.000000e+00,0.000000e+00,0.000000e+00,0.000000e+00,0.000000e+00,0.000000e+00,0.000000e+00,0.000000e+00,0.000000e+00,0.000000e+00,0.000000e+00,0.000000e+00
1.000000e+00,0.000000e+00,0.000000e+00,0.000000e+00,0.000000e+00,0.000000e+00,0.000000e+00,0.000000e+00,0.000000e+00,0.000000e+00,0.000000e+00,0.000000e+00,0.000000e+00,0.000000e+00,0.000000e+00
1.000000e+00,0.000000e+00,0.000000e+00,0.000000e+00,0.000000e+00,0.000000e+00,0.000000e+00,0.000000e+00,0.000000e+00,0.000000e+00,0.000000e+00,0.000000e+00,0.000000e+00,0.000000e+00,0.000000e+00
1.000000e+00,0.000000e+00,0.000000e+00,0.000000e+00,0.000000e+00,0.000000e+00,0.000000e+00,0.000000e+00,0.000000e+00,0.000000e+00,0.000000e+00,0.000000e+00,0.000000e+00,0.000000e+00,0.000000e+00
1.000000e+00,0.000000e+00,0.000000e+00,0.000000e+00,0.000000e+00,0.000000e+00,0.000000e+00,0.000000e+00,0.000000e+00,0.000000e+00,0.000000e+00,0.000000e+00,0.000000e+00,0.000000e+00,0.000000e+00
1.000000e+00,0.000000e+00,0.000000e+00,0.000000e+00,0.000000e+00,0.000000e+00,0.000000e+00,0.000000e+00,0.000000e+00,0.000000e+00,0.000000e+00,0.000000e+00,0.000000e+00,0.000000e+00,0.000000e+00
1.000000e+00,0.000000e+00,0.000000e+00,0.000000e+00,0.000000e+00,0.000000e+00,0.000000e+00,0.000000e+00,0.000000e+00,0.000000e+00,0.000000e+00,0.000000e+00,0.000000e+00,0.000000e+00,0.000000e+00
1.000000e+00,0.000000e+00,0.000000e+00,0.000000e+00,0.000000e+00,0.000000e+00,0.000000e+00,0.000000e+00,0.000000e+00,0.000000e+00,0.000000e+00,0.000000e+00,0.000000e+00,0.000000e+00,0.000000e+00
1.000000e+00,0.000000e+00,0.000000e+00,0.000000e+00,0.000000e+00,0.000000e+00,0.000000e+00,0.000000e+00,0.000000e+00,0.000000e+00,0.000000e+00,0.000000e+00,0.000000e+00,0.000000e+00,0.000000e+00
1.000000e+00,0.000000e+00,0.000000e+00,0.000000e+00,0.000000e+00,0.000000e+00,0.000000e+00,0.000000e+00,0.000000e+00,0.000000e+00,0.000000e+00,0.000000e+00,0.000000e+00,0.000000e+00,0.000000e+00
1.000000e+00,0.000000e+00,0.000000e+00,0.000000e+00,0.000000e+00,0.000000e+00,0.000000e+00,0.000000e+00,0.000000e+00,0.000000e+00,0.000000e+00,0.000000e+00,0.000000e+00,0.000000e+00,0.000000e+00
1.000000e+00,0.000000e+00,0.000000e+00,0.000000e+00,0.000000e+00,0.000000e+00,0.000000e+00,0.000000e+00,0.000000e+00,0.000000e+00,0.000000e+00,0.000000e+00,0.000000e+00,0.000000e+00,0.000000e+00
1.000000e+00,0.000000e+00,0.000000e+00,0.000000e+00,0.000000e+00,0.000000e+00,0.000000e+00,0.000000e+00,0.000000e+00,0.000000e+00,0.000000e+00,0.000000e+00,0.000000e+00,0.000000e+00,0.000000e+00
1.000000e+00,0.000000e+00,0.000000e+00,0.000000e+00,0.000000e+00,0.000000e+00,0.000000e+00,0.000000e+00,0.000000e+00,0.000000e+00,0.000000e+00,0.000000e+00,0.000000e+00,0.000000e+00,0.000000e+00
1.000000e+00,0.000000e+00,0.000000e+00,0.000000e+00,0.000000e+00,0.000000e+00,0.000000e+00,0.000000e+00,0.000000e+00,0.000000e+00,0.000000e+00,0.000000e+00,0.000000e+00,0.000000e+00,0.000000e+00
1.000000e+00,0.000000e+00,0.000000e+00,0.000000e+00,0.000000e+00,0.000000e+00,0.000000e+00,0.000000e+00,0.000000e+00,0.000000e+00,0.000000e+00,0.000000e+00,0.000000e+00,0.000000e+00,0.000000e+00
1.000000e+00,0.000000e+00,0.000000e+00,0.000000e+00,0.000000e+00,0.000000e+00,0.000000e+00,0.000000e+00,0.000000e+00,0.000000e+00,0.000000e+00,0.000000e+00,0.000000e+00,0.000000e+00,0.000000e+00
1.000000e+00,0.000000e+00,0.000000e+00,0.000000e+00,0.000000e+00,0.000000e+00,0.000000e+00,0.000000e+00,0.000000e+00,0.000000e+00,0.000000e+00,0.000000e+00,0.000000e+00,0.000000e+00,0.000000e+00
1.000000e+00,0.000000e+00,0.000000e+00,0.000000e+00,0.000000e+00,0.000000e+00,0.000000e+00,0.000000e+00,0.000000e+00,0.000000e+00,0.000000e+00,0.000000e+00,0.000000e+00,0.000000e+00,0.000000e+00
1.000000e+00,0.000000e+00,0.000000e+00,0.000000e+00,0.000000e+00,0.000000e+00,0.000000e+00,0.000000e+00,0.000000e+00,0.000000e+00,0.000000e+00,0.000000e+00,0.000000e+00,0.000000e+00,0.000000e+00
1.000000e+00,0.000000e+00,0.000000e+00,0.000000e+00,0.000000e+00,0.000000e+00,0.000000e+00,0.000000e+00,0.000000e+00,0.000000e+00,0.000000e+00,0.000000e+00,0.000000e+00,0.000000e+00,0.000000e+00
1.000000e+00,0.000000e+00,0.000000e+00,0.000000e+00,0.000000e+00,0.000000e+00,0.000000e+00,0.000000e+00,0.000000e+00,0.000000e+00,0.000000e+00,0.000000e+00,0.000000e+00,0.000000e+00,0.000000e+00
1.000000e+00,0.000000e+00,0.000000e+00,0.000000e+00,0.000000e+00,0.000000e+00,0.000000e+00,0.000000e+00,0.000000e+00,0.000000e+00,0.000000e+00,0.000000e+00,0.000000e+00,0.000000e+00,0.000000e+00
1.000000e+00,0.000000e+00,0.000000e+00,0.000000e+00,0.000000e+00,0.000000e+00,0.000000e+00,0.000000e+00,0.000000e+00,0.000000e+00,0.000000e+00,0.000000e+00,0.000000e+00,0.000000e+00,0.000000e+00
1.000000e+00,0.000000e+00,0.000000e+00,0.000000e+00,0.000000e+00,0.000000e+00,0.000000e+00,0.000000e+00,0.000000e+00,0.000000e+00,0.000000e+00,0.000000e+00,0.000000e+00,0.000000e+00,0.000000e+00
1.000000e+00,0.000000e+00,0.000000e+00,0.000000e+00,0.000000e+00,0.000000e+00,0.000000e+00,0.000000e+00,0.000000e+00,0.000000e+00,0.000000e+00,0.000000e+00,0.000000e+00,0.000000e+00,0.000000e+00
1.000000e+00,0.000000e+00,0.000000e+00,0.000000e+00,0.000000e+00,0.000000e+00,0.000000e+00,0.000000e+00,0.000000e+00,0.000000e+00,0.000000e+00,0.000000e+00,0.000000e+00,0.000000e+00,0.000000e+00
1.000000e+00,0.000000e+00,0.000000e+00,0.000000e+00,0.000000e+00,0.000000e+00,0.000000e+00,0.000000e+00,0.000000e+00,0.000000e+00,0.000000e+00,0.000000e+00,0.000000e+00,0.000000e+00,0.000000e+00
1.000000e+00,0.000000e+00,0.000000e+00,0.000000e+00,0.000000e+00,0.000000e+00,0.000000e+00,0.000000e+00,0.000000e+00,0.000000e+00,0.000000e+00,0.000000e+00,0.000000e+00,0.000000e+00,0.000000e+00
1.000000e+00,0.000000e+00,0.000000e+00,0.000000e+00,0.000000e+00,0.000000e+00,0.000000e+00,0.000000e+00,0.000000e+00,0.000000e+00,0.000000e+00,0.000000e+00,0.000000e+00,0.000000e+00,0.000000e+00
1.000000e+00,0.000000e+00,0.000000e+00,0.000000e+00,0.000000e+00,0.000000e+00,0.000000e+00,0.000000e+00,0.000000e+00,0.000000e+00,0.000000e+00,0.000000e+00,0.000000e+00,0.000000e+00,0.000000e+00
1.000000e+00,0.000000e+00,0.000000e+00,0.000000e+00,0.000000e+00,0.000000e+00,0.000000e+00,0.000000e+00,0.000000e+00,0.000000e+00,0.000000e+00,0.000000e+00,0.000000e+00,0.000000e+00,0.000000e+00
1.000000e+00,0.000000e+00,0.000000e+00,0.000000e+00,0.000000e+00,0.000000e+00,0.000000e+00,0.000000e+00,0.000000e+00,0.000000e+00,0.000000e+00,0.000000e+00,0.000000e+00,0.000000e+00,0.000000e+00
1.000000e+00,0.000000e+00,0.000000e+00,0.000000e+00,0.000000e+00,0.000000e+00,0.000000e+00,0.000000e+00,0.000000e+00,0.000000e+00,0.000000e+00,0.000000e+00,0.000000e+00,0.000000e+00,0.000000e+00
1.000000e+00,0.000000e+00,0.000000e+00,0.000000e+00,0.000000e+00,0.000000e+00,0.000000e+00,0.000000e+00,0.000000e+00,0.000000e+00,0.000000e+00,0.000000e+00,0.000000e+00,0.000000e+00,0.000000e+00
1.000000e+00,0.000000e+00,0.000000e+00,0.000000e+00,0.000000e+00,0.000000e+00,0.000000e+00,0.000000e+00,0.000000e+00,0.000000e+00,0.000000e+00,0.000000e+00,0.000000e+00,0.000000e+00,0.000000e+00
1.000000e+00,0.000000e+00,0.000000e+00,0.000000e+00,0.000000e+00,0.000000e+00,0.000000e+00,0.000000e+00,0.000000e+00,0.000000e+00,0.000000e+00,0.000000e+00,0.000000e+00,0.000000e+00,0.000000e+00
1.000000e+00,0.000000e+00,0.000000e+00,0.000000e+00,0.000000e+00,0.000000e+00,0.000000e+00,0.000000e+00,0.000000e+00,0.000000e+00,0.000000e+00,0.000000e+00,0.000000e+00,0.000000e+00,0.000000e+00
1.000000e+00,0.000000e+00,0.000000e+00,0.000000e+00,0.000000e+00,0.000000e+00,0.000000e+00,0.000000e+00,0.000000e+00,0.000000e+00,0.000000e+00,0.000000e+00,0.000000e+00,0.000000e+00,0.000000e+00
1.000000e+00,0.000000e+00,0.000000e+00,0.000000e+00,0.000000e+00,0.000000e+00,0.000000e+00,0.000000e+00,0.000000e+00,0.000000e+00,0.000000e+00,0.000000e+00,0.000000e+00,0.000000e+00,0.000000e+00
1.000000e+00,0.000000e+00,0.000000e+00,0.000000e+00,0.000000e+00,0.000000e+00,0.000000e+00,0.000000e+00,0.000000e+00,0.000000e+00,0.000000e+00,0.000000e+00,0.000000e+00,0.000000e+00,0.000000e+00
1.000000e+00,0.000000e+00,0.000000e+00,0.000000e+00,0.000000e+00,0.000000e+00,0.000000e+00,0.000000e+00,0.000000e+00,0.000000e+00,0.000000e+00,0.000000e+00,0.000000e+00,0.000000e+00,0.000000e+00
1.000000e+00,0.000000e+00,0.000000e+00,0.000000e+00,0.000000e+00,0.000000e+00,0.000000e+00,0.000000e+00,0.000000e+00,0.000000e+00,0.000000e+00,0.000000e+00,0.000000e+00,0.000000e+00,0.000000e+00
1.000000e+00,0.000000e+00,0.000000e+00,0.000000e+00,0.000000e+00,0.000000e+00,0.000000e+00,0.000000e+00,0.000000e+00,0.000000e+00,0.000000e+00,0.000000e+00,0.000000e+00,0.000000e+00,0.000000e+00
1.000000e+00,0.000000e+00,0.000000e+00,0.000000e+00,0.000000e+00,0.000000e+00,0.000000e+00,0.000000e+00,0.000000e+00,0.000000e+00,0.000000e+00,0.000000e+00,0.000000e+00,0.000000e+00,0.000000e+00
3.678059e-01,2.369086e-02,5.342101e-02,1.186360e-01,7.835264e-02,3.752194e-02,7.283980e-02,2.085556e-01,3.873124e-03,9.025786e-04,4.376228e-03,9.218437e-03,1.230388e-02,1.070151e-03,7.431904e-03
2.606790e-01,1.789144e-02,4.028781e-02,8.442539e-02,8.369336e-02,4.756818e-02,1.692070e-01,2.586152e-01,2.804226e-03,7.301726e-04,3.678325e-03,6.594211e-03,1.763204e-02,7.893650e-04,5.404206e-03
1.864986e-01,1.353751e-02,2.962743e-02,5.984988e-02,8.413266e-02,6.203471e-02,1.961608e-01,3.245097e-01,2.038924e-03,6.807396e-04,2.926292e-03,5.049281e-03,2.844929e-02,5.711013e-04,3.933153e-03
1.313364e-01,1.008199e-02,2.125929e-02,4.214455e-02,8.145508e-02,7.645836e-02,2.266513e-01,3.550393e-01,1.476107e-03,6.264586e-04,2.219291e-03,3.848550e-03,4.408589e-02,4.100156e-04,2.907424e-03
9.251139e-02,7.439612e-03,1.501741e-02,2.976581e-02,1.638075e-01,1.182374e-01,1.913763e-01,3.070205e-01,1.238023e-03,1.433976e-03,2.203242e-03,3.328020e-03,6.287378e-02,3.191932e-04,3.427967e-03
6.667302e-02,6.096604e-03,1.082281e-02,2.108751e-02,2.715920e-01,1.042464e-01,1.621150e-01,2.573302e-01,1.746896e-03,2.613951e-03,3.023989e-03,4.703443e-03,8.202472e-02,3.153921e-04,5.608090e-03
4.750768e-02,4.576732e-03,7.635565e-03,1.482307e-02,4.413682e-01,8.378369e-02,1.224810e-01,1.878388e-01,1.447755e-03,2.451933e-03,2.728215e-03,4.150774e-03,7.055167e-02,3.129499e-04,8.341940e-03
3.729548e-02,3.490453e-03,5.423114e-03,1.048419e-02,5.290460e-01,7.615992e-02,9.263726e-02,1.394988e-01,1.313415e-03,2.161372e-03,2.189662e-03,6.163967e-03,8.439201e-02,1.236226e-03,8.508112e-03
2.636617e-02,2.878815e-03,3.946217e-03,7.373652e-03,3.904956e-01,6.232180e-02,7.032856e-02,9.833283e-02,1.026437e-03,1.838338e-03,2.989527e-03,9.870213e-03,2.602673e-01,1.061671e-03,6.090283e-02
1.894050e-02,2.342944e-03,2.895075e-03,5.243292e-03,2.770173e-01,5.156724e-02,6.191052e-02,6.915797e-02,1.732006e-03,5.026789e-03,5.494568e-03,1.668155e-02,3.587250e-01,1.401293e-03,1.218639e-01
1.352309e-02,2.540892e-03,2.157365e-03,3.730585e-03,1.950581e-01,5.553517e-02,4.437314e-02,4.844515e-02,4.329779e-03,4.490567e-03,5.202540e-03,1.400923e-01,3.861304e-01,1.206134e-03,9.318469e-02
9.729350e-03,1.915170e-03,1.584561e-03,2.818877e-03,1.375524e-01,4.999177e-02,3.311960e-02,3.400085e-02,7.238836e-03,3.707842e-03,5.992090e-03,1.877816e-01,4.532568e-01,1.533763e-03,6.977645e-02
7.245656e-03,1.605187e-03,1.379717e-03,2.344242e-03,9.697421e-02,6.191437e-02,2.393195e-02,2.385771e-02,2.162986e-02,3.871355e-03,5.158078e-03,2.518728e-01,4.421681e-01,1.872583e-03,5.417410e-02
5.898242e-03,1.497079e-03,1.342378e-03,1.857081e-03,6.906202e-02,6.998630e-02,1.766302e-02,1.700659e-02,3.042385e-02,4.813185e-03,5.826788e-03,2.868479e-01,4.430918e-01,1.947152e-03,4.273658e-02
4.901955e-03,1.559952e-03,1.111247e-03,1.688214e-03,4.889562e-02,5.491532e-02,1.261078e-02,1.205139e-02,4.861534e-02,7.733267e-03,1.106767e-02,4.192913e-01,3.409845e-01,2.767936e-03,3.180544e-02
1.017873e-02,2.759778e-03,2.765077e-03,2.204385e-03,3.641515e-02,5.544988e-02,1.061535e-02,1.146116e-02,5.766565e-02,1.299363e-02,1.163438e-02,5.034735e-01,2.565134e-01,2.622181e-03,2.324769e-02
9.722123e-03,3.379470e-03,3.530276e-03,1.904380e-03,2.674866e-02,4.875363e-02,7.709402e-03,9.102277e-03,4.805031e-02,1.536943e-02,1.608886e-02,6.028037e-01,1.873039e-01,2.618941e-03,1.691468e-02
9.376844e-03,2.836374e-03,3.254914e-03,1.683853e-03,2.055392e-02,3.756439e-02,5.608766e-03,7.206875e-03,3.652235e-02,1.521496e-02,1.976453e-02,6.897616e-01,1.345554e-01,3.870599e-03,1.222461e-02
8.227067e-03,2.752971e-03,2.919361e-03,1.312957e-03,1.755117e-02,2.701559e-02,4.036804e-03,5.564973e-03,3.089016e-02,1.725279e-02,2.827432e-02,7.454880e-01,9.597591e-02,3.987895e-03,8.750023e-03
9.733849e-03,2.226529e-03,2.326997e-03,1.168491e-03,1.325808e-02,2.153481e-02,2.896642e-03,4.384943e-03,2.393364e-02,1.514088e-02,3.172945e-02,7.940310e-01,6.822420e-02,3.168558e-03,6.241910e-03
2.284144e-02,4.379576e-03,2.263621e-03,1.399937e-03,1.258167e-02,1.892127e-02,2.183243e-03,4.350480e-03,2.347064e-02,1.384746e-02,4.448057e-02,7.911901e-01,4.940785e-02,3.666914e-03,5.015235e-03
2.113127e-02,5.481113e-03,1.898672e-03,1.336451e-03,1.058693e-02,1.422083e-02,1.580900e-03,3.594557e-03,2.269922e-02,1.199611e-02,4.584133e-02,8.163689e-01,3.568999e-02,3.582808e-03,3.990890e-03
1.812309e-02,1.055453e-01,3.341896e-03,1.227719e-03,1.465532e-02,1.087078e-02,1.208853e-03,5.754509e-03,6.199799e-02,1.009570e-02,4.790769e-02,6.867498e-01,2.573860e-02,2.974833e-03,3.807860e-03
1.535016e-02,1.000850e-01,4.166132e-03,1.283968e-03,1.337233e-02,8.490560e-03,9.441486e-04,8.317468e-03,6.092139e-02,8.164486e-03,1.348099e-01,6.192987e-01,1.831657e-02,3.093133e-03,3.386119e-03
2.967359e-02,7.591549e-02,7.535146e-03,4.328274e-03,1.237627e-02,8.482983e-03,8.397512e-04,2.284440e-02,5.920764e-02,7.088702e-03,1.449147e-01,6.067102e-01,1.372173e-02,3.017704e-03,3.343421e-03
2.301065e-02,6.229271e-02,9.184369e-03,4.108947e-03,1.800968e-02,6.609412e-03,7.210213e-04,1.930818e-02,7.642336e-02,5.784817e-03,2.431927e-01,5.147971e-01,1.009830e-02,3.439413e-03,3.019280e-03
2.090319e-02,6.046587e-02,1.507698e-02,6.539853e-03,2.431593e-02,6.540480e-03,9.157532e-04,3.427701e-02,1.348369e-01,5.014061e-03,2.212596e-01,4.545618e-01,8.426925e-03,3.188030e-03,3.677548e-03
1.896611e-02,5.529720e-02,1.561469e-02,6.585993e-03,3.270723e-02,8.263068e-03,1.475114e-03,3.760649e-02,1.908343e-01,2.646996e-02,2.226390e-01,3.589012e-01,7.536389e-03,3.973892e-03,1.312926e-02
5.499606e-02,4.605563e-02,3.083282e-02,1.208777e-02,3.760159e-02,8.332844e-03,1.938834e-03,8.918753e-02,1.765711e-01,2.027187e-02,2.079803e-01,2.899148e-01,9.315419e-03,4.194540e-03,1.071878e-02
8.659571e-02,3.879719e-02,7.472354e-02,4.564153e-02,4.759828e-02,1.093871e-02,2.165759e-03,9.046242e-02,1.712219e-01,1.739035e-02,1.672142e-01,2.255458e-01,8.458952e-03,4.004548e-03,9.241186e-03
8.535648e-02,3.334224e-02,7.741897e-02,8.152646e-02,5.112436e-02,1.077435e-02,1.947310e-03,7.341658e-02,2.207265e-01,1.588684e-02,1.561775e-01,1.712914e-01,6.941451e-03,5.787559e-03,8.282025e-03
1.051506e-01,2.975091e-02,7.039188e-02,1.060873e-01,5.072765e-02,1.123109e-02,2.221001e-03,6.321967e-02,2.391551e-01,1.307237e-02,1.528006e-01,1.358189e-01,6.196494e-03,6.588777e-03,7.587600e-03
1.344443e-01,2.878178e-02,5.867610e-02,1.510028e-01,5.347186e-02,1.457274e-02,2.796148e-03,5.585059e-02,2.310214e-01,1.089558e-02,1.261203e-01,1.109370e-01,6.054616e-03,7.363605e-03,8.011159e-03
1.814654e-01,2.407416e-02,4.613270e-02,1.241918e-01,5.347280e-02,1.290865e-02,2.482911e-03,4.614044e-02,2.598585e-01,9.002254e-03,1.227329e-01,9.242991e-02,6.280085e-03,9.348892e-03,9.478576e-03
1.915089e-01,2.690919e-02,4.887580e-02,1.750743e-01,6.313630e-02,1.375359e-02,2.839775e-03,4.228478e-02,2.188219e-01,8.179593e-03,9.477474e-02,7.984227e-02,7.094386e-03,9.565273e-03,1.733925e-02
1.976628e-01,2.541759e-02,7.455951e-02,2.035291e-01,6.714585e-02,1.156031e-02,3.256503e-03,3.827154e-02,2.000886e-01,8.093080e-03,7.598120e-02,6.091783e-02,6.170935e-03,8.638770e-03,1.870627e-02
2.689038e-01,2.847857e-02,7.280558e-02,1.762572e-01,7.348192e-02,1.041924e-02,3.230610e-03,3.777310e-02,1.742173e-01,7.058870e-03,5.947753e-02,5.140366e-02,6.690126e-03,9.885520e-03,1.991704e-02
3.414081e-01,3.071640e-02,6.735942e-02,1.548520e-01,7.644287e-02,1.161193e-02,3.126555e-03,3.544922e-02,1.472543e-01,8.027756e-03,4.623423e-02,4.123487e-02,7.100225e-03,1.208999e-02,1.709212e-02
3.648213e-01,3.747448e-02,6.759742e-02,1.373996e-01,8.152349e-02,1.182198e-02,4.714566e-03,3.661732e-02,1.275302e-01,7.473414e-03,3.885316e-02,3.677236e-02,8.951735e-03,1.737958e-02,2.106939e-02
3.489650e-01,5.352628e-02,8.316384e-02,1.268953e-01,6.780145e-02,1.093641e-02,3.657835e-03,3.326080e-02,1.511014e-01,9.285597e-03,2.975771e-02,2.686721e-02,7.913001e-03,1.681771e-02,3.005040e-02
3.166800e-01,4.420361e-02,6.500533e-02,9.868280e-02,5.826955e-02,1.164762e-02,2.807851e-03,2.689557e-02,2.492609e-01,1.220233e-02,2.285058e-02,1.995206e-02,7.209271e-03,1.357860e-02,5.075393e-02
3.858156e-01,3.905801e-02,5.159772e-02,7.570460e-02,5.378482e-02,1.637251e-02,2.359723e-03,2.206482e-02,2.321479e-01,1.050333e-02,2.120882e-02,1.705831e-02,8.873992e-03,1.519744e-02,4.825243e-02
2.994552e-01,9.640218e-02,4.431415e-02,1.479917e-01,4.335793e-02,2.055462e-02,1.993387e-03,1.771052e-02,1.972964e-01,8.226066e-03,2.059305e-02,1.762046e-02,8.702949e-03,1.261875e-02,6.316257e-02
2.413379e-01,1.010308e-01,7.716469e-02,1.325326e-01,3.506448e-02,2.383597e-02,1.580462e-03,1.302172e-02,1.952950e-01,6.454725e-03,2.521741e-02,1.573794e-02,7.769964e-03,4.506905e-02,7.888731e-02
1.709248e-01,7.319830e-02,5.604156e-02,9.422331e-02,2.496895e-02,1.893255e-02,1.146470e-03,9.202112e-03,1.594244e-01,5.045656e-03,4.164803e-02,1.488206e-02,7.653343e-03,2.613456e-01,6.136287e-02
1.205586e-01,5.178741e-02,3.990407e-02,6.730886e-02,1.787668e-02,1.423936e-02,8.862137e-04,6.519459e-03,1.207218e-01,4.283279e-03,5.080974e-02,1.329072e-02,7.120056e-03,4.399903e-01,4.470341e-02
8.754985e-02,3.828754e-02,2.847234e-02,4.875700e-02,1.340507e-02,1.251468e-02,6.984377e-04,4.673721e-03,1.010744e-01,9.318590e-03,5.866473e-02,1.047112e-02,6.228089e-03,5.413868e-01,3.849761e-02
6.154451e-02,2.738900e-02,2.034625e-02,3.455323e-02,9.675255e-03,9.149063e-03,5.113190e-04,3.287870e-03,7.670656e-02,9.676077e-03,6.866874e-02,8.041896e-03,4.481082e-03,6.382974e-01,2.767169e-02
4.379515e-02,1.987970e-02,1.453495e-02,2.452436e-02,7.114201e-03,7.099069e-03,4.029929e-04,2.359469e-03,8.751003e-02,1.547919e-02,7.060194e-02,6.491625e-03,3.223069e-03,6.763503e-01,2.063394e-02
3.090421e-02,1.440939e-02,1.038684e-02,1.734995e-02,5.077370e-03,5.580146e-03,3.211736e-04,1.702682e-03,7.443075e-02,1.504750e-02,6.665042e-02,4.829769e-03,2.296970e-03,7.360521e-01,1.496073e-02
2.214093e-02,1.024052e-02,7.388555e-03,1.233256e-02,3.630596e-03,4.300629e-03,2.326253e-04,1.207149e-03,6.493431e-02,1.158710e-02,6.419875e-02,3.733561e-03,1.652364e-03,7.814530e-01,1.096730e-02
1.616887e-02,7.308966e-03,5.296805e-03,8.918661e-03,2.653807e-03,3.640808e-03,1.809050e-04,8.735419e-04,5.219218e-02,1.272145e-02,8.850947e-02,2.850436e-03,1.341065e-03,7.865670e-01,1.077600e-02
1.198950e-02,5.291652e-03,4.183056e-03,6.647964e-03,2.051549e-03,4.007678e-03,1.566287e-04,6.791069e-04,4.001354e-02,1.134302e-02,1.104823e-01,2.633112e-03,1.100503e-03,7.902089e-01,9.211401e-03
8.603026e-03,3.888262e-03,3.751319e-03,4.788675e-03,1.699118e-03,3.743686e-03,1.459588e-04,5.218824e-04,4.325394e-02,1.051496e-02,1.042067e-01,2.554987e-03,8.104939e-04,8.043091e-01,7.207889e-03
6.365404e-03,2.809950e-03,2.743235e-03,3.472830e-03,1.275345e-03,3.124556e-03,1.073036e-04,3.721114e-04,3.581337e-02,8.863902e-03,1.103930e-01,2.252452e-03,6.559648e-04,8.161004e-01,5.650172e-03
4.787574e-03,2.025315e-03,2.286592e-03,2.562709e-03,1.140756e-03,3.242923e-03,9.727976e-05,2.983973e-04,3.385875e-02,8.798410e-03,1.252419e-01,2.135970e-03,6.123410e-04,8.084364e-01,4.474712e-03
3.452237e-03,1.584188e-03,2.201669e-03,1.944815e-03,1.232293e-03,3.152892e-03,8.418470e-05,2.260788e-04,3.470710e-02,8.773608e-03,1.191327e-01,1.982359e-03,5.429012e-04,8.175995e-01,3.383335e-03
2.612901e-03,1.237677e-03,2.431533e-03,1.516277e-03,1.156637e-03,2.925573e-03,6.784467e-05,1.957909e-04,2.905227e-02,7.535538e-03,1.556591e-01,1.682811e-03,4.765707e-04,7.907544e-01,2.695017e-03
2.041089e-03,9.678076e-04,2.281716e-03,1.201861e-03,1.077544e-03,3.072306e-03,5.924240e-05,1.560233e-04,2.729280e-02,8.419447e-03,2.032388e-01,1.670497e-03,3.914973e-04,7.460769e-01,2.052465e-03
1.747673e-03,1.772131e-03,8.522068e-03,1.799313e-03,1.389610e-03,3.924160e-03,5.601590e-05,1.794494e-04,3.718226e-02,1.351529e-02,1.907585e-01,1.540343e-03,3.086039e-04,7.351345e-01,2.170168e-03
1.564234e-03,1.388339e-03,1.149621e-02,2.539648e-03,1.456171e-03,3.486163e-03,5.791812e-05,5.947906e-04,4.473938e-02,1.369669e-02,1.594368e-01,1.227459e-03,2.565754e-04,7.563530e-01,1.706641e-03
2.730676e-03,1.152255e-03,9.587014e-03,2.724566e-03,2.117148e-03,2.957015e-03,6.525667e-05,6.218803e-04,5.148087e-02,1.689518e-02,1.377449e-01,9.662695e-04,2.672026e-04,7.692367e-01,1.453126e-03
2.654931e-03,1.018828e-03,8.842992e-03,2.612038e-03,2.603163e-03,3.197112e-03,5.629909e-05,5.153084e-04,8.346733e-02,1.861795e-02,1.123655e-01,8.300917e-04,2.403258e-04,7.607008e-01,2.277306e-03
2.596721e-03,8.847929e-04,8.259883e-03,2.349503e-03,2.285526e-03,4.155152e-03,4.813298e-05,3.950231e-04,9.440701e-02,1.849270e-02,9.333643e-02,8.194121e-04,2.710793e-04,7.685869e-01,3.111701e-03
7.354432e-03,1.566087e-03,1.249566e-02,2.422029e-03,4.304658e-03,7.482815e-03,5.399034e-05,3.488153e-04,9.404681e-02,1.584797e-02,7.715174e-02,6.392085e-04,2.995412e-04,7.722549e-01,3.731243e-03
9.109043e-03,2.550752e-03,1.636580e-02,3.471917e-03,6.953570e-03,1.449567e-02,1.017245e-04,2.518962e-03,2.617086e-01,1.592549e-02,6.054996e-02,5.515405e-04,3.222948e-04,5.996912e-01,5.683462e-03
2.503615e-02,6.207638e-03,3.715217e-02,1.053521e-02,1.103615e-02,1.703913e-02,1.896423e-04,7.770721e-03,3.404208e-01,1.925163e-02,5.007448e-02,8.987672e-04,4.435453e-04,4.597475e-01,1.419639e-02
2.883293e-02,8.442096e-03,3.488171e-02,1.189568e-02,1.188504e-02,2.016536e-02,2.416171e-04,2.553329e-02,4.117443e-01,1.785546e-02,4.751937e-02,1.050137e-03,5.064015e-04,3.670617e-01,1.238494e-02
3.138601e-02,9.895721e-03,3.266596e-02,1.208456e-02,1.029142e-02,2.340816e-02,2.417378e-04,2.572137e-02,5.040990e-01,1.512764e-02,4.073391e-02,9.309525e-04,5.681501e-04,2.805930e-01,1.225239e-02
3.116849e-02,1.075750e-02,3.971438e-02,1.663692e-02,8.256626e-03,2.067080e-02,2.141035e-04,2.254047e-02,5.812101e-01,1.129446e-02,3.444548e-02,7.753274e-04,4.993276e-04,2.116604e-01,1.015556e-02
3.553646e-02,2.076655e-02,4.049652e-02,1.345189e-02,6.674102e-03,2.597315e-02,2.164237e-04,2.215053e-02,5.583177e-01,8.474369e-03,6.935889e-02,7.715821e-04,5.598429e-04,1.875505e-01,9.701551e-03
5.138012e-02,3.228812e-02,4.127887e-02,1.153409e-02,6.536865e-03,3.871497e-02,4.979013e-04,2.247401e-02,5.015941e-01,6.722555e-03,7.869644e-02,1.086434e-03,9.478717e-04,1.930443e-01,1.320331e-02
6.797056e-02,5.999168e-02,4.936871e-02,9.233953e-03,5.983406e-03,3.464305e-02,7.767802e-04,2.594861e-02,4.452835e-01,5.134618e-03,9.054172e-02,9.316575e-04,7.820046e-04,1.900473e-01,1.336250e-02
7.756093e-02,9.101065e-02,4.641622e-02,7.492936e-03,5.540040e-03,3.731849e-02,1.130661e-03,2.422508e-02,4.206825e-01,4.071742e-03,7.748810e-02,7.850330e-04,6.903601e-04,1.928171e-01,1.277017e-02
8.868246e-02,8.875234e-02,4.390300e-02,6.167975e-03,4.847213e-03,3.662867e-02,1.290387e-03,2.500540e-02,4.481942e-01,3.235153e-03,6.550242e-02,7.676373e-04,6.183299e-04,1.754375e-01,1.096730e-02
8.597841e-02,1.004804e-01,3.663717e-02,4.810445e-03,4.486596e-03,3.257177e-02,1.279436e-03,2.240758e-02,4.466218e-01,2.570591e-03,5.720127e-02,7.607780e-04,5.958942e-04,1.948587e-01,8.739175e-03
9.290959e-02,1.562243e-01,3.275785e-02,4.732054e-03,4.925507e-03,3.787687e-02,1.556009e-03,2.122188e-02,4.227288e-01,2.156781e-03,4.564264e-02,9.392904e-04,7.154988e-04,1.676818e-01,7.931079e-03
1.306588e-01,1.299537e-01,3.550320e-02,6.263797e-03,5.085598e-03,3.256214e-02,2.755230e-03,3.311829e-02,4.007505e-01,1.082955e-02,4.071763e-02,3.402525e-03,2.026882e-03,1.336391e-01,3.273300e-02
1.165239e-01,1.234239e-01,7.148103e-02,7.548308e-03,4.082219e-03,4.405760e-02,2.710804e-03,2.712252e-02,3.165175e-01,1.693846e-02,1.024832e-01,4.460594e-03,3.458600e-03,1.029975e-01,5.619378e-02
8.359049e-02,1.017271e-01,7.672888e-02,9.122958e-03,3.125146e-03,3.497700e-02,2.002023e-03,1.928642e-02,2.306602e-01,1.658643e-02,2.642899e-01,7.548852e-03,3.038036e-03,9.840971e-02,4.890691e-02
6.024507e-02,7.660133e-02,6.447133e-02,1.073766e-02,2.470474e-03,2.616915e-02,1.423400e-03,1.488192e-02,1.679225e-01,1.305249e-02,4.306816e-01,1.267898e-02,3.054715e-03,7.658057e-02,3.902880e-02
4.455536e-02,5.654527e-02,4.937308e-02,1.117503e-02,2.247597e-03,2.235287e-02,1.060032e-03,1.200821e-02,1.209506e-01,1.078698e-02,5.256835e-01,4.130016e-02,3.486758e-03,6.961909e-02,2.885556e-02
3.189217e-02,4.021497e-02,3.627268e-02,9.307814e-03,2.172180e-03,1.685786e-02,7.880463e-04,8.845696e-03,8.804245e-02,8.071391e-03,6.126074e-01,5.827747e-02,3.160948e-03,6.297292e-02,2.051602e-02
2.299415e-02,2.872283e-02,2.640741e-02,7.060480e-03,2.777260e-03,1.240305e-02,5.904143e-04,6.353268e-03,6.309848e-02,5.994600e-03,6.561755e-01,7.011084e-02,2.807685e-03,7.997379e-02,1.453029e-02
1.664759e-02,2.052058e-02,1.872343e-02,5.422748e-03,8.723535e-03,9.298252e-03,4.716259e-04,4.694818e-03,4.557075e-02,4.364805e-03,6.715254e-01,7.760204e-02,2.180982e-03,1.038590e-01,1.039446e-02
1.223529e-02,1.483139e-02,1.331690e-02,4.356988e-03,2.159164e-02,7.270684e-03,3.620858e-04,3.577989e-03,3.236568e-02,3.316062e-03,5.981191e-01,6.707621e-02,1.832909e-03,2.123415e-01,7.405483e-03
1.001463e-02,1.399534e-02,1.025282e-02,3.927069e-03,4.439617e-02,7.967543e-03,3.660641e-04,3.016228e-03,2.385092e-02,2.847457e-03,5.798966e-01,5.836154e-02,1.619424e-03,2.338998e-01,5.588356e-03
7.760579e-03,1.092251e-02,7.638906e-03,3.200812e-03,4.094945e-02,6.413007e-03,3.153845e-04,2.317253e-03,1.708972e-02,2.319259e-03,6.147617e-01,7.218885e-02,1.827931e-03,2.082360e-01,4.058614e-03
6.778741e-03,9.797974e-03,6.392755e-03,2.691714e-03,4.709647e-02,5.888101e-03,2.725718e-04,1.913954e-03,1.234223e-02,1.814945e-03,6.315684e-01,8.309698e-02,2.008421e-03,1.853660e-01,2.970716e-03
5.935575e-03,7.583020e-03,4.665399e-03,2.133739e-03,3.409267e-02,4.512728e-03,2.053175e-04,1.533854e-03,8.879659e-03,1.448273e-03,7.024162e-01,8.164784e-02,1.697450e-03,1.411102e-01,2.138048e-03
4.578124e-03,7.405827e-03,4.406331e-03,2.534393e-03,2.523162e-02,4.334194e-03,2.051765e-04,2.797038e-03,8.626861e-03,1.338050e-03,7.041828e-01,1.196556e-01,1.247354e-03,1.116912e-01,1.765416e-03
3.345111e-03,2.883820e-02,4.109048e-03,2.158069e-03,2.141094e-02,3.758469e-03,1.911942e-04,3.236581e-03,1.464145e-02,1.769421e-03,7.035481e-01,1.245253e-01,8.893748e-04,8.528969e-02,2.289113e-03
2.546827e-03,2.216963e-02,3.414060e-03,1.932261e-03,1.647909e-02,3.805027e-03,2.120730e-04,3.884132e-03,9.632172e-02,3.257231e-03,6.736779e-01,9.848947e-02,6.615821e-04,6.941620e-02,3.732821e-03
2.123191e-03,2.123070e-02,2.920886e-03,1.757970e-03,1.326382e-02,4.211028e-03,2.646196e-04,4.263236e-03,1.398689e-01,4.236273e-03,6.665158e-01,7.558651e-02,5.038525e-04,5.722671e-02,6.026586e-03
2.951661e-03,1.623189e-02,2.594950e-03,1.795062e-03,1.143692e-02,9.718233e-03,2.941673e-04,3.355800e-03,1.818946e-01,7.607719e-03,6.383477e-01,6.365763e-02,1.395004e-03,4.650741e-02,1.221120e-02
4.750982e-03,1.445960e-02,1.379706e-02,3.136002e-03,1.083070e-02,1.856681e-02,7.022255e-04,1.021956e-02,1.637805e-01,2.064670e-02,6.192343e-01,6.347749e-02,1.742674e-03,4.117034e-02,1.348506e-02
8.056671e-03,1.138575e-02,1.581370e-02,3.853675e-03,1.117430e-02,9.827698e-02,1.638219e-03,1.459318e-02,1.537199e-01,3.161588e-02,5.129892e-01,8.191037e-02,5.561194e-03,3.446042e-02,1.495055e-02
6.838514e-03,9.341495e-03,1.173797e-02,7.949468e-03,1.023899e-02,8.281641e-02,1.365684e-03,1.104801e-02,1.209936e-01,3.172784e-02,4.274219e-01,2.269006e-01,8.602358e-03,2.628186e-02,1.673529e-02
6.490090e-03,7.912924e-03,8.531108e-03,8.307207e-03,9.394197e-03,6.456980e-02,1.155017e-03,8.193256e-03,1.095159e-01,2.396291e-02,4.138402e-01,2.903310e-01,1.267592e-02,2.087308e-02,1.424743e-02
5.559969e-03,7.313566e-03,6.369332e-03,1.194000e-02,8.139139e-03,5.347609e-02,9.702136e-04,6.073586e-03,1.392588e-01,1.732161e-02,3.856254e-01,3.111528e-01,1.897810e-02,1.545927e-02,1.236217e-02
4.872933e-03,1.265462e-02,4.772646e-03,9.511483e-03,6.545909e-03,4.138174e-02,7.348145e-04,4.626487e-03,2.016957e-01,1.252372e-02,3.351940e-01,3.063725e-01,3.426092e-02,1.306978e-02,1.178275e-02
4.831173e-03,2.567200e-02,4.928020e-03,8.441117e-03,6.606959e-03,3.755702e-02,8.210241e-04,6.093762e-03,2.336107e-01,9.418229e-03,3.016705e-01,2.968360e-01,3.942532e-02,1.258188e-02,1.150628e-02
5.386506e-03,3.013577e-02,6.356726e-03,1.097535e-02,8.024196e-03,3.691298e-02,8.243577e-04,1.099069e-02,2.766116e-01,9.630967e-03,3.153995e-01,2.283489e-01,3.653330e-02,1.119337e-02,1.267578e-02
5.957299e-03,3.875763e-02,5.915798e-03,1.043498e-02,1.622593e-02,3.971888e-02,9.339805e-04,1.337819e-02,3.888534e-01,8.386717e-03,2.551278e-01,1.668720e-01,2.732493e-02,8.670175e-03,1.344223e-02
5.772805e-03,4.722597e-02,1.106314e-02,2.704217e-02,2.586276e-02,3.177886e-02,7.730896e-04,2.282537e-02,4.829756e-01,6.474075e-03,1.838663e-01,1.171817e-01,1.945963e-02,6.380196e-03,1.131837e-02
7.313625e-03,6.748137e-02,1.984204e-02,5.915549e-02,3.068665e-02,2.536953e-02,6.972068e-04,3.405403e-02,4.968501e-01,6.101181e-03,1.328387e-01,8.315185e-02,1.494863e-02,6.553506e-03,1.495607e-02
8.537604e-03,8.584510e-02,1.722389e-02,4.916525e-02,6.541644e-02,2.293971e-02,7.726501e-04,3.000291e-02,5.246870e-01,5.406688e-03,9.447451e-02,5.843543e-02,1.125341e-02,6.127673e-03,1.971173e-02
1.242610e-02,1.175943e-01,1.312688e-02,1.202908e-01,5.449748e-02,1.768707e-02,6.059620e-04,2.493033e-02,4.821090e-01,4.951789e-03,6.895262e-02,4.165701e-02,9.862786e-03,4.707025e-03,2.660091e-02
3.358530e-02,1.359647e-01,1.086964e-02,8.985354e-02,8.106634e-02,1.833728e-02,9.659129e-04,3.387956e-02,4.440365e-01,4.402441e-03,5.423239e-02,3.025541e-02,9.374736e-03,5.739988e-03,4.743626e-02
6.393743e-02,1.065519e-01,8.443692e-03,6.623913e-02,1.872026e-01,2.723887e-02,1.972038e-03,3.162978e-02,3.926192e-01,3.209170e-03,3.972195e-02,2.211109e-02,7.782929e-03,5.641487e-03,3.569877e-02
8.261021e-02,8.532365e-02,6.909651e-03,5.364960e-02,1.406024e-01,3.646764e-02,1.991372e-03,2.463559e-02,3.069604e-01,3.502956e-03,3.105703e-02,2.283862e-02,1.577525e-01,4.610679e-03,4.108767e-02
9.719066e-02,6.161530e-02,5.774180e-03,3.903698e-02,1.053648e-01,3.756409e-02,3.026632e-03,1.883582e-02,2.253114e-01,2.583045e-03,2.288127e-02,2.294666e-02,3.231956e-01,3.444314e-03,3.122933e-02
7.887475e-02,4.479958e-02,4.337491e-03,2.784359e-02,7.520209e-02,3.120406e-02,2.711206e-03,1.431361e-02,1.608872e-01,1.899785e-03,1.677127e-02,1.818782e-02,4.959899e-01,2.639811e-03,2.433785e-02
8.731048e-02,3.268752e-02,3.733717e-03,2.018000e-02,5.574949e-02,3.268645e-02,2.753345e-03,1.132465e-02,1.176710e-01,1.501892e-03,1.267365e-02,2.049710e-02,5.798707e-01,2.254696e-03,1.910531e-02
7.454100e-02,2.440281e-02,2.938057e-03,1.458861e-02,4.110155e-02,2.750254e-02,2.426448e-03,9.164335e-03,8.431966e-02,1.236835e-03,9.374321e-03,1.955453e-02,6.718715e-01,1.931763e-03,1.504606e-02
6.609339e-02,1.827874e-02,2.192723e-03,1.067472e-02,3.049356e-02,2.231388e-02,1.938262e-03,7.086244e-03,6.011271e-02,9.451252e-04,6.880364e-03,1.738904e-02,7.421955e-01,1.658756e-03,1.174693e-02
6.517002e-02,1.478103e-02,1.846967e-03,8.408004e-03,2.519802e-02,1.987157e-02,1.886021e-03,6.264316e-03,4.337243e-02,9.116940e-04,5.375018e-03,1.512188e-02,7.799026e-01,1.551204e-03,1.033927e-02
5.672273e-02,1.153227e-02,1.611360e-03,7.442567e-03,2.301458e-02,1.535959e-02,1.488279e-03,5.627658e-03,3.198161e-02,8.548366e-04,4.477526e-03,1.367150e-02,8.171269e-01,1.324208e-03,7.764413e-03
5.758595e-02,8.876087e-03,1.303167e-03,5.570567e-03,1.972291e-02,1.292494e-02,1.231125e-03,4.867809e-03,2.345655e-02,6.577698e-04,3.562522e-03,1.309910e-02,8.401432e-01,1.081591e-03,5.916770e-03
5.619189e-02,7.384796e-03,1.046669e-03,4.236726e-03,1.561638e-02,1.002272e-02,9.501099e-04,3.675587e-03,1.719465e-02,5.235253e-04,2.691756e-03,1.616831e-02,8.584356e-01,1.046510e-03,4.814756e-03
5.227757e-02,5.694899e-03,1.107393e-03,3.214183e-03,1.624369e-02,7.813527e-03,7.872100e-04,3.047796e-03,1.296415e-02,4.151704e-04,2.079652e-03,1.475566e-02,8.751619e-01,9.499311e-04,3.487351e-03
4.941934e-02,4.792422e-03,1.001884e-03,2.455412e-03,1.642410e-02,6.294890e-03,6.466459e-04,2.791868e-03,1.028021e-02,3.257535e-04,1.599857e-03,1.426516e-02,8.863267e-01,8.428899e-04,2.532996e-03
4.158228e-02,3.585807e-03,9.239281e-04,1.800365e-03,1.480623e-02,5.079878e-03,5.727940e-04,2.265736e-03,8.114095e-03,2.445920e-04,1.260348e-03,1.296830e-02,9.042708e-01,7.302491e-04,1.794709e-03
3.468525e-02,2.674735e-03,8.893425e-04,1.298213e-03,1.252443e-02,4.002927e-03,5.587277e-04,2.146247e-03,6.126299e-03,1.829586e-04,9.281611e-04,1.169056e-02,9.204739e-01,5.536681e-04,1.264682e-03
3.478774e-02,4.323009e-03,4.632923e-03,1.182499e-03,1.898504e-02,6.444861e-03,1.050752e-03,1.293905e-02,1.206026e-02,1.565820e-04,7.546163e-04,9.650947e-03,8.915384e-01,5.328282e-04,9.604601e-04
3.223795e-02,1.244468e-02,6.801797e-03,1.172112e-03,1.917910e-02,4.653849e-02,2.324272e-03,1.213820e-02,5.578210e-02,1.294584e-04,6.685007e-04,7.307264e-03,8.019375e-01,4.686060e-04,8.700093e-04
3.237475e-02,2.026864e-02,2.967597e-02,1.594377e-02,2.973007e-02,9.366754e-02,3.751983e-03,1.439573e-02,1.288883e-01,6.563562e-04,8.145674e-04,5.518949e-03,6.182198e-01,4.549581e-04,5.638664e-03
4.220023e-02,1.863106e-02,2.363682e-02,1.232598e-02,5.340111e-02,1.099522e-01,8.127068e-03,1.313160e-02,1.686470e-01,5.579817e-04,6.679688e-04,4.175609e-03,5.397359e-01,3.572741e-04,4.452284e-03
4.643307e-02,1.657065e-02,2.028569e-02,1.107827e-02,7.827970e-02,1.033227e-01,2.229938e-02,4.001874e-02,2.199809e-01,4.789679e-04,6.055952e-04,3.452183e-03,4.335011e-01,2.914361e-04,3.401620e-03
8.323422e-02,1.451981e-02,1.566269e-02,1.121046e-02,7.481655e-02,1.155359e-01,2.062037e-02,4.005901e-02,2.387108e-01,3.840500e-04,5.405156e-04,2.828907e-03,3.773720e-01,3.587910e-04,4.145911e-03
1.366898e-01,1.558790e-02,1.219680e-02,1.468054e-02,6.017761e-02,1.202189e-01,1.573577e-02,5.881883e-02,2.143075e-01,4.861621e-04,1.829365e-03,5.698566e-03,3.330464e-01,1.688213e-03,8.837646e-03
1.596197e-01,1.529734e-02,1.557470e-02,2.336472e-02,5.034251e-02,1.462764e-01,1.162703e-02,1.099385e-01,1.905328e-01,4.622304e-04,3.098202e-03,7.569075e-03,2.562310e-01,2.726674e-03,7.339058e-03
1.173229e-01,1.108969e-02,1.208727e-02,1.900980e-02,4.961439e-02,1.081586e-01,8.677339e-03,3.398598e-01,1.375191e-01,3.298535e-04,2.314119e-03,5.484758e-03,1.813712e-01,1.979844e-03,5.181361e-03
9.142099e-02,8.004274e-03,1.190384e-02,1.888451e-02,5.083492e-02,8.083658e-02,7.788342e-03,4.901153e-01,9.853263e-02,2.442860e-04,1.900534e-03,4.090243e-03,1.303334e-01,1.428230e-03,3.681890e-03
7.648987e-02,5.821855e-03,1.253638e-02,1.728158e-02,5.296517e-02,6.312320e-02,8.823359e-03,5.893676e-01,7.000894e-02,3.212642e-04,2.370064e-03,3.085368e-03,9.407014e-02,1.028158e-03,2.706995e-03
6.537617e-02,4.626783e-03,9.558013e-03,1.521007e-02,1.441347e-01,7.546097e-02,8.385918e-03,5.016447e-01,5.130157e-02,9.253471e-04,3.446919e-02,4.706034e-03,7.862195e-02,7.785992e-04,4.799871e-03
5.286134e-02,3.387939e-03,6.893408e-03,1.233377e-02,2.722346e-01,1.189441e-01,6.446708e-03,3.799962e-01,3.673090e-02,8.596861e-04,3.686755e-02,5.775456e-03,5.983696e-02,6.303210e-04,6.201152e-03
3.848571e-02,2.532037e-03,4.946832e-03,8.976480e-03,2.463097e-01,3.102550e-01,4.760800e-03,2.687115e-01,2.596694e-02,6.525273e-04,2.780874e-02,1.282603e-02,4.274363e-02,5.393033e-04,4.484723e-03
2.772971e-02,1.888375e-03,3.623719e-03,6.520765e-03,1.927548e-01,4.648658e-01,3.954009e-03,1.887093e-01,1.841400e-02,5.937112e-04,2.383819e-02,3.253755e-02,3.077497e-02,5.691728e-04,3.225978e-03
1.955130e-02,1.492743e-03,2.612854e-03,4.676902e-03,1.383314e-01,5.534326e-01,2.863334e-03,1.321559e-01,1.325571e-02,4.832694e-04,2.116041e-02,8.482256e-02,2.239255e-02,4.875979e-04,2.280780e-03
1.413012e-02,1.134470e-03,1.886998e-03,3.392360e-03,9.721528e-02,5.620522e-01,2.082235e-03,9.263399e-02,9.973899e-03,4.815792e-04,2.514863e-02,1.703152e-01,1.751164e-02,3.917945e-04,1.649566e-03
1.036479e-02,1.178286e-03,1.394255e-03,2.437692e-03,6.867291e-02,4.673948e-01,1.554648e-03,6.506441e-02,8.573749e-03,7.495531e-04,3.815480e-02,3.184154e-01,1.445257e-02,3.440452e-04,1.248140e-03
7.334054e-03,1.065239e-03,1.222820e-03,1.737217e-03,4.831610e-02,3.821307e-01,1.140805e-03,4.563193e-02,6.955518e-03,6.687314e-04,3.779284e-02,4.541997e-01,1.062543e-02,2.717337e-04,9.072851e-04
5.187896e-03,9.259315e-04,1.018270e-03,1.232948e-03,3.391318e-02,3.533599e-01,8.322626e-04,3.199479e-02,5.188111e-03,6.050122e-04,3.037813e-02,5.267648e-01,7.726059e-03,2.081797e-04,6.645576e-04
