1.000000e+00,0.000000e+00,0.000000e+00,0.000000e+00,0.000000e+00,0.000000e+00,0.000000e+00,0.000000e+00,0.000000e+00,0.000000e+00,0.000000e+00,0.000000e+00,0.000000e+00,0.000000e+00,0.000000e+00
1.000000e+00,0.000000e+00,0.000000e+00,0.000000e+00,0.000000e+00,0.000000e+00,0.000000e+00,0.000000e+00,0.000000e+00,0.000000e+00,0.000000e+00,0.000000e+00,0.000000e+00,0.000000e+00,0.000000e+00
1.000000e+00,0.000000e+00,0.000000e+00,0.000000e+00,0.000000e+00,0.000000e+00,0.000000e+00,0.000000e+00,0.000000e+00,0.000000e+00,0.000000e+00,0.000000e+00,0.000000e+00,0.000000e+00,0.000000e+00
1.000000e+00,0.000000e+00,0.000000e+00,0.000000e+00,0.000000e+00,0.000000e+00,0.000000e+00,0.000000e+00,0.000000e+00,0.000000e+00,0.000000e+00,0.000000e+00,0.000000e+00,0.000000e+00,0.000000e+00
1.000000e+00,0.000000e+00,0.000000e+00,0.000000e+00,0.000000e+00,0.000000e+00,0.000000e+00,0.000000e+00,0.000000e+00,0.000000e+00,0.000000e+00,0.000000e+00,0.000000e+00,0.000000e+00,0.000000e+00
1.000000e+00,0.000000e+00,0.000000e+00,0.000000e+00,0.000000e+00,0.000000e+00,0.000000e+00,0.000000e+00,0.000000e+00,0.000000e+00,0.000000e+00,0.000000e+00,0.000000e+00,0.000000e+00,0.000000e+00
1.000000e+00,0.000000e+00,0.000000e+00,0.000000e+00,0.000000e+00,0.000000e+00,0.000000e+00,0.000000e+00,0.000000e+00,0.000000e+00,0.000000e+00,0.000000e+00,0.000000e+00,0.000000e+00,0.000000e+00
1.000000e+00,0.000000e+00,0.000000e+00,0.000000e+00,0.000000e+00,0.000000e+00,0.000000e+00,0.000000e+00,0.000000e+00,0.000000e+00,0.000000e+00,0.000000e+00,0.000000e+00,0.000000e+00,0.000000e+00
1.000000e+00,0.000000e+00,0.000000e+00,0.000000e+00,0.000000e+00,0.000000e+00,0.000000e+00,0.000000e+00,0.000000e+00,0.000000e+00,0.000000e+00,0.000000e+00,0.000000e+00,0.000000e+00,0.000000e+00
1.000000e+00,0.000000e+00,0.000000e+00,0.000000e+00,0.000000e+00,0.000000e+00,0.000000e+00,0.000000e+00,0.000000e+00,0.000000e+00,0.000000e+00,0.000000e+00,0.000000e+00,0.000000e+00,0.000000e+00
1.000000e+00,0.000000e+00,0.000000e+00,0.000000e+00,0.000000e+00,0.000000e+00,0.000000e+00,0.000000e+00,0.000000e+00,0.000000e+00,0.000000e+00,0.000000e+00,0.000000e+00,0.000000e+00,0.000000e+00
1.000000e+00,0.000000e+00,0.000000e+00,0.000000e+00,0.000000e+00,0.000000e+00,0.000000e+00,0.000000e+00,0.000000e+00,0.000000e+00,0.000000e+00,0.000000e+00,0.000000e+00,0.000000e+00,0.000000e+00
1.000000e+00,0.000000e+00,0.000000e+00,0.000000e+00,0.000000e+00,0.000000e+00,0.000000e+00,0.000000e+00,0.000000e+00,0.000000e+00,0.000000e+00,0.000000e+00,0.000000e+00,0.000000e+00,0.000000e+00
1.000000e+00,0.000000e+00,0.000000e+00,0.000000e+00,0.000000e+00,0.000000e+00,0.000000e+00,0.000000e+00,0.000000e+00,0.000000e+00,0.000000e+00,0.000000e+00,0.000000e+00,0.000000e+00,0.000000e+00
1.000000e+00,0.000000e+00,0.000000e+00,0.000000e+00,0.000000e+00,0.000000e+00,0.000000e+00,0.000000e+00,0.000000e+00,0.000000e+00,0.000000e+00,0.000000e+00,0.000000e+00,0.000000e+00,0.000000e+00
1.000000e+00,0.000000e+00,0.000000e+00,0.000000e+00,0.000000e+00,0.000000e+00,0.000000e+00,0.000000e+00,0.000000e+00,0.000000e+00,0.000000e+00,0.000000e+00,0.000000e+00,0.000000e+00,0.000000e+00
1.000000e+00,0.000000e+00,0.000000e+00,0.000000e+00,0.000000e+00,0.000000e+00,0.000000e+00,0.000000e+00,0.000000e+00,0.000000e+00,0.000000e+00,0.000000e+00,0.000000e+00,0.000000e+00,0.000000e+00
1.000000e+00,0.000000e+00,0.000000e+00,0.000000e+00,0.000000e+00,0.000000e+00,0.000000e+00,0.000000e+00,0.000000e+00,0.000000e+00,0.000000e+00,0.000000e+00,0.000000e+00,0.000000e+00,0.000000e+00
1.000000e+00,0.000000e+00,0.000000e+00,0.000000e+00,0.000000e+00,0.000000e+00,0.000000e+00,0.000000e+00,0.000000e+00,0.000000e+00,0.000000e+00,0.000000e+00,0.000000e+00,0.000000e+00,0.000000e+00
1.000000e+00,0.000000e+00,0.000000e+00,0.000000e+00,0.000000e+00,0.000000e+00,0.000000e+00,0.000000e+00,0.000000e+00,0.000000e+00,0.000000e+00,0.000000e+00,0.000000e+00,0.000000e+00,0.000000e+00
1.000000e+00,0.000000e+00,0.000000e+00,0.000000e+00,0.000000e+00,0.000000e+00,0.000000e+00,0.000000e+00,0.000000e+00,0.000000e+00,0.000000e+00,0.000000e+00,0.000000e+00,0.000000e+00,0.000000e+00
1.000000e+00,0.000000e+00,0.000000e+00,0.000000e+00,0.000000e+00,0.000000e+00,0.000000e+00,0.000000e+00,0.000000e+00,0.000000e+00,0.000000e+00,0.000000e+00,0.000000e+00,0.000000e+00,0.000000e+00
1.000000e+00,0.000000e+00,0.000000e+00,0.000000e+00,0.000000e+00,0.000000e+00,0.000000e+00,0.000000e+00,0.000000e+00,0.000000e+00,0.000000e+00,0.000000e+00,0.000000e+00,0.000000e+00,0.000000e+00
1.000000e+00,0.000000e+00,0.000000e+00,0.000000e+00,0.000000e+00,0.000000e+00,0.000000e+00,0.000000e+00,0.000000e+00,0.000000e+00,0.000000e+00,0.000000e+00,0.000000e+00,0.000000e+00,0.000000e+00
1.000000e+00,0.000000e+00,0.000000e+00,0.000000e+00,0.000000e+00,0.000000e+00,0.000000e+00,0.000000e+00,0.000000e+00,0.000000e+00,0.000000e+00,0.000000e+00,0.000000e+00,0.000000e+00,0.000000e+00
1.000000e+00,0.000000e+00,0.000000e+00,0.000000e+00,0.000000e+00,0.000000e+00,0.000000e+00,0.000000e+00,0.000000e+00,0.000000e+00,0.000000e+00,0.000000e+00,0.000000e+00,0.000000e+00,0.000000e+00
1.000000e+00,0.000000e+00,0.000000e+00,0.000000e+00,0.000000e+00,0.000000e+00,0.000000e+00,0.000000e+00,0.000000e+00,0.000000e+00,0.000000e+00,0.000000e+00,0.000000e+00,0.000000e+00,0.000000e+00
1.000000e+00,0.000000e+00,0.000000e+00,0.000000e+00,0.000000e+00,0.000000e+00,0.000000e+00,0.000000e+00,0.000000e+00,0.000000e+00,0.000000e+00,0.000000e+00,0.000000e+00,0.000000e+00,0.000000e+00
1.000000e+00,0.000000e+00,0.000000e+00,0.000000e+00,0.000000e+00,0.000000e+00,0.000000e+00,0.000000e+00,0.000000e+00,0.000000e+00,0.000000e+00,0.000000e+00,0.000000e+00,0.000000e+00,0.000000e+00
1.000000e+00,0.000000e+00,0.000000e+00,0.000000e+00,0.000000e+00,0.000000e+00,0.000000e+00,0.000000e+00,0.000000e+00,0.000000e+00,0.000000e+00,0.000000e+00,0.000000e+00,0.000000e+00,0.000000e+00
1.000000e+00,0.000000e+00,0.000000e+00,0.000000e+00,0.000000e+00,0.000000e+00,0.000000e+00,0.000000e+00,0.000000e+00,0.000000e+00,0.000000e+00,0.000000e+00,0.000000e+00,0.000000e+00,0.000000e+00
1.000000e+00,0.000000e+00,0.000000e+00,0.000000e+00,0.000000e+00,0.000000e+00,0.000000e+00,0.000000e+00,0.000000e+00,0.000000e+00,0.000000e+00,0.000000e+00,0.000000e+00,0.000000e+00,0.000000e+00
1.000000e+00,0.000000e+00,0.000000e+00,0.000000e+00,0.000000e+00,0.000000e+00,0.000000e+00,0.000000e+00,0.000000e+00,0.000000e+00,0.000000e+00,0.000000e+00,0.000000e+00,0.000000e+00,0.000000e+00
1.000000e+00,0.000000e+00,0.000000e+00,0.000000e+00,0.000000e+00,0.000000e+00,0.000000e+00,0.000000e+00,0.000000e+00,0.000000e+00,0.000000e+00,0.000000e+00,0.000000e+00,0.000000e+00,0.000000e+00
1.000000e+00,0.000000e+00,0.000000e+00,0.000000e+00,0.000000e+00,0.000000e+00,0.000000e+00,0.000000e+00,0.000000e+00,0.000000e+00,0.000000e+00,0.000000e+00,0.000000e+00,0.000000e+00,0.000000e+00
1.000000e+00,0.000000e+00,0.000000e+00,0.000000e+00,0.000000e+00,0.000000e+00,0.000000e+00,0.000000e+00,0.000000e+00,0.000000e+00,0.000000e+00,0.000000e+00,0.000000e+00,0.000000e+00,0.000000e+00
1.000000e+00,0.000000e+00,0.000000e+00,0.000000e+00,0.000000e+00,0.000000e+00,0.000000e+00,0.000000e+00,0.000000e+00,0.000000e+00,0.000000e+00,0.000000e+00,0.000000e+00,0.000000e+00,0.000000e+00
1.000000e+00,0.000000e+00,0.000000e+00,0.000000e+00,0.000000e+00,0.000000e+00,0.000000e+00,0.000000e+00,0.000000e+00,0.000000e+00,0.000000e+00,0.000000e+00,0.000000e+00,0.000000e+00,0.000000e+00
1.000000e+00,0.000000e+00,0.000000e+00,0.000000e+00,0.000000e+00,0.000000e+00,0.000000e+00,0.000000e+00,0.000000e+00,0.000000e+00,0.000000e+00,0.000000e+00,0.000000e+00,0.000000e+00,0.000000e+00
1.000000e+00,0.000000e+00,0.000000e+00,0.000000e+00,0.000000e+00,0.000000e+00,0.000000e+00,0.000000e+00,0.000000e+00,0.000000e+00,0.000000e+00,0.000000e+00,0.000000e+00,0.000000e+00,0.000000e+00
1.000000e+00,0.000000e+00,0.000000e+00,0.000000e+00,0.000000e+00,0.000000e+00,0.000000e+00,0.000000e+00,0.000000e+00,0.000000e+00,0.000000e+00,0.000000e+00,0.000000e+00,0.000000e+00,0.000000e+00
1.000000e+00,0.000000e+00,0.000000e+00,0.000000e+00,0.000000e+00,0.000000e+00,0.000000e+00,0.000000e+00,0.000000e+00,0.000000e+00,0.000000e+00,0.000000e+00,0.000000e+00,0.000000e+00,0.000000e+00
1.000000e+00,0.000000e+00,0.000000e+00,0.000000e+00,0.000000e+00,0.000000e+00,0.000000e+00,0.000000e+00,0.000000e+00,0.000000e+00,0.000000e+00,0.000000e+00,0.000000e+00,0.000000e+00,0.000000e+00
1.000000e+00,0.000000e+00,0.000000e+00,0.000000e+00,0.000000e+00,0.000000e+00,0.000000e+00,0.000000e+00,0.000000e+00,0.000000e+00,0.000000e+00,0.000000e+00,0.000000e+00,0.000000e+00,0.000000e+00
1.000000e+00,0.000000e+00,0.000000e+00,0.000000e+00,0.000000e+00,0.000000e+00,0.000000e+00,0.000000e+00,0.000000e+00,0.000000e+00,0.000000e+00,0.000000e+00,0.000000e+00,0.000000e+00,0.000000e+00
1.000000e+00,0.000000e+00,0.000000e+00,0.000000e+00,0.000000e+00,0.000000e+00,0.000000e+00,0.000000e+00,0.000000e+00,0.000000e+00,0.000000e+00,0.000000e+00,0.000000e+00,0.000000e+00,0.000000e+00
1.000000e+00,0.000000e+00,0.000000e+00,0.000000e+00,0.000000e+00,0.000000e+00,0.000000e+00,0.000000e+00,0.000000e+00,0.000000e+00,0.000000e+00,0.000000e+00,0.000000e+00,0.000000e+00,0.000000e+00
1.000000e+00,0.000000e+00,0.000000e+00,0.000000e+00,0.000000e+00,0.000000e+00,0.000000e+00,0.000000e+00,0.000000e+00,0.000000e+00,0.000000e+00,0.000000e+00,0.000000e+00,0.000000e+00,0.000000e+00
1.000000e+00,0.000000e+00,0.000000e+00,0.000000e+00,0.000000e+00,0.000000e+00,0.000000e+00,0.000000e+00,0.000000e+00,0.000000e+00,0.000000e+00,0.000000e+00,0.000000e+00,0.000000e+00,0.000000e+00
1.000000e+00,0.000000e+00,0.000000e+00,0.000000e+00,0.000000e+00,0.000000e+00,0.000000e+00,0.000000e+00,0.000000e+00,0.000000e+00,0.000000e+00,0.000000e+00,0.000000e+00,0.000000e+00,0.000000e+00
1.000000e+00,0.000000e+00,0.000000e+00,0.000000e+00,0.000000e+00,0.000000e+00,0.000000e+00,0.000000e+00,0.000000e+00,0.000000e+00,0.000000e+00,0.000000e+00,0.000000e+00,0.000000e+00,0.000000e+00
1.000000e+00,0.000000e+00,0.000000e+00,0.000000e+00,0.000000e+00,0.000000e+00,0.000000e+00,0.000000e+00,0.000000e+00,0.000000e+00,0.000000e+00,0.000000e+00,0.000000e+00,0.000000e+00,0.000000e+00
1.000000e+00,0.000000e+00,0.000000e+00,0.000000e+00,0.000000e+00,0.000000e+00,0.000000e+00,0.000000e+00,0.000000e+00,0.000000e+00,0.000000e+00,0.000000e+00,0.000000e+00,0.000000e+00,0.000000e+00
1.000000e+00,0.000000e+00,0.000000e+00,0.000000e+00,0.000000e+00,0.000000e+00,0.000000e+00,0.000000e+00,0.000000e+00,0.000000e+00,0.000000e+00,0.000000e+00,0.000000e+00,0.000000e+00,0.000000e+00
1.000000e+00,0.000000e+00,0.000000e+00,0.000000e+00,0.000000e+00,0.000000e+00,0.000000e+00,0.000000e+00,0.000000e+00,0.000000e+00,0.000000e+00,0.000000e+00,0.000000e+00,0.000000e+00,0.000000e+00
4.503947e-01,8.859645e-03,1.434297e-02,2.535404e-02,4.905914e-03,1.350814e-02,4.969790e-03,4.279495e-01,3.318304e-03,1.235844e-03,6.929796e-03,1.404516e-02,1.232325e-02,2.179747e-03,9.683155e-03
3.421686e-01,6.619599e-03,1.318093e-02,1.868737e-02,3.871326e-03,1.111082e-02,4.737634e-03,5.617508e-01,2.424888e-03,1.015688e-03,5.306313e-03,1.047295e-02,9.411622e-03,1.846207e-03,7.395275e-03
3.185297e-01,5.676930e-03,1.431498e-02,1.473952e-02,3.639326e-03,1.189919e-02,6.642940e-03,5.934620e-01,1.854782e-03,9.320233e-04,4.353042e-03,8.346595e-03,7.487671e-03,2.157266e-03,5.963952e-03
3.718011e-01,5.414793e-03,1.723183e-02,1.245257e-02,3.982259e-03,1.312303e-02,7.453792e-03,5.401767e-01,1.602824e-03,9.681905e-04,3.634842e-03,7.734682e-03,6.741375e-03,2.216964e-03,5.464977e-03
3.052728e-01,6.624189e-03,2.329964e-02,1.611852e-02,3.826352e-03,1.062549e-02,5.818096e-03,5.134748e-01,4.245279e-03,1.561710e-02,1.879935e-02,3.322054e-02,1.769281e-02,1.821633e-02,7.148693e-03
2.175836e-01,5.130360e-03,1.828884e-02,3.414302e-02,2.783818e-03,8.294902e-03,4.205106e-03,3.898343e-01,5.939967e-03,1.407537e-02,5.750389e-02,8.512195e-02,3.266647e-02,1.178501e-01,6.578302e-03
1.651005e-01,5.067810e-03,1.458120e-02,7.382692e-02,2.575329e-03,6.589978e-03,3.099392e-03,2.960678e-01,2.887518e-02,1.516499e-02,1.055004e-01,1.273293e-01,3.060870e-02,1.176962e-01,7.916231e-03
1.192392e-01,4.138072e-03,1.097309e-02,8.083664e-02,2.835942e-03,5.309654e-03,2.313260e-03,2.095426e-01,2.478313e-02,1.899055e-02,1.690625e-01,1.890994e-01,2.498219e-02,1.316577e-01,6.236127e-03
8.776917e-02,3.632346e-03,8.009515e-03,7.192852e-02,3.446369e-03,4.671532e-03,1.750748e-03,1.473096e-01,2.231302e-02,3.159005e-02,2.289819e-01,2.454600e-01,2.166975e-02,1.164333e-01,5.034074e-03
6.514542e-02,5.962195e-03,8.529101e-03,7.059768e-02,6.402765e-03,7.343760e-03,1.544992e-03,1.056316e-01,3.361607e-02,6.001376e-02,2.862729e-01,2.159833e-01,2.417916e-02,1.029089e-01,5.868413e-03
5.472947e-02,5.880670e-03,6.784604e-03,6.154791e-02,6.407778e-03,7.996358e-03,1.361131e-03,7.501306e-02,2.788959e-02,4.996547e-02,3.872328e-01,1.981607e-01,1.888237e-02,9.291571e-02,5.232370e-03
4.828732e-02,4.425785e-03,5.026607e-03,5.078036e-02,9.485515e-03,6.481496e-03,1.140630e-03,5.360552e-02,2.140205e-02,4.700200e-02,4.731902e-01,1.807496e-01,1.537025e-02,7.892133e-02,4.131283e-03
3.729222e-02,3.266102e-03,3.635339e-03,3.870324e-02,3.462836e-02,5.953642e-03,8.606086e-04,3.790206e-02,1.557974e-02,3.343533e-02,5.430323e-01,1.702105e-01,1.180267e-02,6.058011e-02,3.117745e-03
3.129278e-02,2.548160e-03,2.662744e-03,2.861264e-02,9.463489e-02,4.816417e-03,7.692981e-04,2.684451e-02,1.207819e-02,2.364737e-02,5.544825e-01,1.582897e-01,1.009936e-02,4.672576e-02,2.495750e-03
5.392617e-02,5.205129e-03,4.508948e-03,2.421002e-02,2.012982e-01,9.197881e-03,1.111547e-03,2.219199e-02,1.365765e-02,1.736032e-02,4.313644e-01,1.652468e-01,8.525939e-03,3.768164e-02,4.513411e-03
4.370251e-02,4.223551e-03,3.756829e-03,1.815905e-02,1.533848e-01,8.021384e-03,1.181878e-03,1.725567e-02,1.318890e-02,1.292720e-02,3.512217e-01,3.320673e-01,7.446178e-03,3.018401e-02,3.279160e-03
3.401223e-02,4.449671e-03,3.261180e-03,1.310581e-02,1.129974e-01,9.150229e-03,1.465198e-03,1.422838e-02,1.349757e-02,1.122700e-02,2.949290e-01,4.549020e-01,6.450007e-03,2.392702e-02,2.397177e-03
4.597844e-02,4.780130e-03,2.899998e-03,9.841524e-03,8.262556e-02,9.842114e-03,1.793667e-03,1.169599e-02,1.231717e-02,9.118609e-03,3.067586e-01,4.766346e-01,5.913929e-03,1.755983e-02,2.239910e-03
6.513806e-02,5.019115e-03,2.498337e-03,7.863274e-03,6.086349e-02,1.052716e-02,1.887506e-03,9.225214e-03,1.154876e-02,8.123508e-03,3.480606e-01,4.474513e-01,6.162329e-03,1.332072e-02,2.310546e-03
9.903492e-02,5.466124e-03,2.035871e-03,7.182723e-03,4.456181e-02,1.233798e-02,1.971764e-03,7.117433e-03,1.638117e-02,7.061338e-03,4.035692e-01,3.727486e-01,6.728208e-03,1.021138e-02,3.591402e-03
1.128421e-01,8.179870e-03,1.723873e-03,7.038315e-03,3.256983e-02,1.192509e-02,1.893186e-03,5.855760e-03,1.966479e-02,1.028498e-02,4.135658e-01,3.524357e-01,7.256905e-03,1.030678e-02,4.457020e-03
1.576008e-01,1.275604e-02,1.983834e-03,1.028847e-02,2.543912e-02,1.185261e-02,2.133231e-03,6.765261e-03,2.636030e-02,1.987602e-02,3.751776e-01,3.234800e-01,8.211551e-03,1.146488e-02,6.610280e-03
2.120999e-01,2.547114e-02,1.963214e-03,1.221451e-02,1.997827e-02,1.601780e-02,2.217076e-03,7.685302e-03,4.419167e-02,1.793320e-02,3.058443e-01,3.067257e-01,8.141031e-03,1.140724e-02,8.109711e-03
2.418779e-01,3.025960e-02,2.673403e-03,1.354160e-02,1.715731e-02,2.070623e-02,3.690197e-03,1.128124e-02,5.225462e-02,2.533290e-02,2.546703e-01,2.993380e-01,7.146594e-03,1.099988e-02,9.070374e-03
2.571161e-01,3.348395e-02,5.292438e-03,1.303727e-02,1.637893e-02,3.673440e-02,5.586625e-03,1.474853e-02,4.944254e-02,9.432805e-02,1.997940e-01,2.469938e-01,6.031848e-03,1.080784e-02,1.022370e-02
2.344402e-01,3.863538e-02,7.448162e-03,1.026080e-02,2.070710e-02,6.218306e-02,6.168973e-03,1.885531e-02,8.906312e-02,1.079457e-01,1.586640e-01,2.191352e-01,6.468100e-03,1.036199e-02,9.662919e-03
1.881962e-01,5.121845e-02,1.370541e-02,9.144527e-03,3.567549e-02,5.125470e-02,8.055222e-03,3.932855e-02,1.774051e-01,8.817549e-02,1.229680e-01,1.907576e-01,6.096520e-03,9.281493e-03,8.737292e-03
1.989015e-01,4.410926e-02,1.836720e-02,7.607784e-03,5.317541e-02,4.781511e-02,1.058966e-02,6.888133e-02,1.974276e-01,8.243281e-02,9.805620e-02,1.514421e-01,5.686476e-03,7.623606e-03,7.883984e-03
1.969584e-01,4.224499e-02,1.662703e-02,7.164807e-03,7.482792e-02,4.121170e-02,8.612269e-03,5.798096e-02,2.138498e-01,1.261273e-01,7.716504e-02,1.164319e-01,5.337978e-03,7.199769e-03,8.260211e-03
1.700616e-01,4.830101e-02,1.714724e-02,5.809790e-03,7.621645e-02,3.340990e-02,6.271940e-03,4.150079e-02,2.014104e-01,2.285303e-01,6.500103e-02,8.628173e-02,5.080868e-03,7.621159e-03,7.355756e-03
1.635419e-01,4.711293e-02,1.754796e-02,8.691868e-03,7.465406e-02,3.759799e-02,6.121298e-03,3.676596e-02,1.848453e-01,2.858748e-01,4.817854e-02,6.827025e-02,5.080870e-03,7.143566e-03,8.572731e-03
1.768457e-01,4.803953e-02,1.682031e-02,8.984905e-03,6.661419e-02,2.927371e-02,5.246555e-03,2.690531e-02,1.561342e-01,3.496483e-01,3.716559e-02,5.679655e-02,5.192881e-03,6.810054e-03,9.522166e-03
1.991134e-01,3.993536e-02,1.418844e-02,1.528639e-02,8.144832e-02,2.695114e-02,5.889799e-03,3.659704e-02,1.447843e-01,3.321861e-01,3.059955e-02,5.140339e-02,5.211122e-03,6.294107e-03,1.011148e-02
2.196095e-01,3.427937e-02,1.146541e-02,1.518015e-02,6.565095e-02,2.231454e-02,6.102200e-03,2.740640e-02,1.347677e-01,3.608903e-01,3.262003e-02,4.669100e-02,4.971342e-03,7.636528e-03,1.041456e-02
2.326682e-01,3.378265e-02,1.105324e-02,1.614160e-02,5.670641e-02,1.901748e-02,5.662425e-03,2.464743e-02,1.584621e-01,3.463924e-01,2.819059e-02,4.311335e-02,5.012447e-03,7.750610e-03,1.139904e-02
2.936168e-01,3.476205e-02,9.882548e-03,2.100202e-02,5.036910e-02,1.563232e-02,5.057639e-03,2.101491e-02,1.648868e-01,2.868411e-01,2.359274e-02,4.173333e-02,4.982924e-03,9.110695e-03,1.751498e-02
3.492005e-01,2.937112e-02,8.457906e-03,5.016443e-02,4.736720e-02,1.657343e-02,4.979312e-03,2.714764e-02,1.550162e-01,2.070003e-01,2.140867e-02,4.694721e-02,5.810160e-03,8.045814e-03,2.251002e-02
2.854610e-01,2.887129e-02,9.185188e-03,1.900096e-01,4.404123e-02,1.435436e-02,4.513488e-03,4.544456e-02,1.389322e-01,1.485409e-01,1.805015e-02,3.780698e-02,5.608548e-03,6.900367e-03,2.228008e-02
3.146783e-01,2.262221e-02,9.533891e-03,2.597982e-01,3.545023e-02,1.411756e-02,3.582201e-03,3.760650e-02,1.116170e-01,1.072070e-01,1.575359e-02,3.301807e-02,5.584125e-03,6.050289e-03,2.338078e-02
3.767138e-01,2.214289e-02,1.590893e-02,2.264121e-01,3.796313e-02,2.020887e-02,2.865813e-03,3.060632e-02,8.663692e-02,7.979400e-02,1.671015e-02,3.424538e-02,8.736954e-03,6.233805e-03,3.482106e-02
3.258745e-01,2.932108e-02,2.322251e-02,1.789850e-01,3.961577e-02,1.568627e-02,2.326142e-03,2.254500e-02,8.273427e-02,6.260660e-02,2.417347e-02,2.646787e-02,1.177547e-02,1.601643e-02,1.386497e-01
2.381631e-01,2.601160e-02,2.578159e-02,3.305978e-01,3.187985e-02,1.133986e-02,1.932514e-03,1.933276e-02,7.981633e-02,4.827875e-02,3.119854e-02,1.932918e-02,1.030315e-02,1.153873e-02,1.144962e-01
1.688735e-01,2.172196e-02,3.322773e-02,4.373792e-01,2.362841e-02,8.094777e-03,1.441424e-03,1.384696e-02,8.222327e-02,3.554846e-02,2.664658e-02,1.402320e-02,8.072853e-03,9.116082e-03,1.161557e-01
1.186220e-01,1.781469e-02,2.566546e-02,3.094642e-01,1.675688e-02,5.725091e-03,1.025637e-03,9.699019e-03,7.199010e-02,2.563230e-02,1.951922e-02,9.856904e-03,5.803643e-03,8.389198e-03,3.540358e-01
8.319385e-02,2.100297e-02,1.991230e-02,2.361912e-01,1.188132e-02,4.096589e-03,7.331664e-04,6.809635e-03,1.320765e-01,1.936109e-02,1.415135e-02,7.181060e-03,4.423606e-03,8.159813e-03,4.308255e-01
5.835585e-02,1.642009e-02,1.459157e-02,1.657764e-01,8.342678e-03,2.918537e-03,5.230063e-04,4.772239e-03,1.040707e-01,1.821627e-02,1.062787e-02,5.194823e-03,3.299964e-03,4.932230e-02,5.375677e-01
4.135709e-02,1.316121e-02,1.702395e-02,1.222536e-01,5.939602e-03,2.207539e-03,3.880322e-04,3.383427e-03,8.968484e-02,1.536847e-02,8.742252e-03,3.868102e-03,2.516611e-03,5.189768e-02,6.222076e-01
2.942417e-02,1.336680e-02,1.546172e-02,9.176347e-02,4.211658e-03,1.598461e-03,2.910408e-04,2.386879e-03,1.023106e-01,1.580259e-02,8.944238e-03,3.257860e-03,1.997860e-03,7.614110e-02,6.330415e-01
2.136749e-02,1.082388e-02,1.296717e-02,6.505217e-02,3.027625e-03,1.193991e-03,2.421792e-04,1.705688e-03,9.888099e-02,1.473328e-02,1.021227e-02,2.756801e-03,1.706615e-03,1.093069e-01,6.460229e-01
3.563279e-02,9.695472e-03,1.260629e-02,4.618682e-02,2.460123e-03,1.538713e-03,2.193709e-04,1.341667e-03,2.063468e-01,2.237893e-02,1.105907e-02,2.696475e-03,2.679119e-03,1.420982e-01,5.030601e-01
4.028221e-02,1.102991e-02,1.806434e-02,3.357089e-02,2.527151e-03,1.767257e-03,2.435850e-04,1.630311e-03,2.915504e-01,2.735472e-02,1.457707e-02,3.247250e-03,5.618222e-03,1.342208e-01,4.143158e-01
5.592968e-02,1.519300e-02,2.184285e-02,2.465481e-02,4.143366e-03,2.450555e-03,3.390560e-04,2.077427e-03,2.786682e-01,4.066601e-02,1.503198e-02,4.756256e-03,1.133653e-02,1.390402e-01,3.838701e-01
4.231207e-02,1.685665e-02,2.089008e-02,1.780312e-02,3.590774e-03,2.702083e-03,4.704716e-04,1.805382e-03,2.051166e-01,9.410135e-02,1.461940e-02,4.417392e-03,1.675845e-02,2.071291e-01,3.514270e-01
3.095100e-02,1.519131e-02,2.198856e-02,1.281108e-02,4.293467e-03,2.442373e-03,6.036488e-04,2.004638e-03,1.555479e-01,1.234240e-01,1.984691e-02,4.303102e-03,2.711965e-02,1.647150e-01,4.147573e-01
2.629019e-02,1.211590e-02,3.398458e-02,1.105237e-02,7.062602e-03,4.011503e-03,6.265958e-04,2.158480e-03,1.155211e-01,2.273748e-01,3.918878e-02,5.913053e-03,3.416303e-02,1.221395e-01,3.583975e-01
3.339342e-02,1.484108e-02,3.644779e-02,1.612391e-02,1.372834e-02,7.767638e-03,2.115796e-03,4.957695e-03,9.406758e-02,2.761225e-01,3.431447e-02,5.950343e-03,3.667356e-02,8.751108e-02,3.359848e-01
2.638175e-02,1.133541e-02,3.181178e-02,1.296105e-02,1.468692e-02,8.821722e-03,4.566199e-03,4.627690e-03,6.885175e-02,3.584171e-01,3.077729e-02,5.947129e-03,3.923827e-02,6.319578e-02,3.183801e-01
2.846880e-02,1.393704e-02,3.449374e-02,1.896432e-02,6.939113e-02,1.719007e-02,7.368122e-03,7.346607e-03,7.955538e-02,3.613728e-01,2.709567e-02,5.236271e-03,3.432803e-02,4.616431e-02,2.490877e-01
2.672484e-02,1.123734e-02,4.469656e-02,2.086307e-02,1.097612e-01,1.534399e-02,9.107349e-03,9.691498e-02,6.429797e-02,2.978819e-01,2.297433e-02,4.083524e-03,3.179627e-02,3.428971e-02,2.100270e-01
2.724572e-02,1.200734e-02,7.185727e-02,3.935039e-02,1.737101e-01,1.422986e-02,1.058751e-02,1.478507e-01,5.112888e-02,2.177529e-01,1.711467e-02,3.217593e-03,2.485325e-02,2.431897e-02,1.647749e-01
7.483616e-02,1.599829e-02,6.388120e-02,3.989105e-02,1.826181e-01,1.280269e-02,6.875763e-02,1.739752e-01,3.848471e-02,1.550865e-01,1.293093e-02,2.933458e-03,2.152667e-02,1.714752e-02,1.191299e-01
8.826019e-02,1.535482e-02,4.963519e-02,3.340641e-02,1.824196e-01,1.174289e-02,1.336402e-01,2.167651e-01,2.872108e-02,1.115971e-01,9.676045e-03,2.379326e-03,1.731233e-02,1.210928e-02,8.698046e-02
6.737904e-02,1.278137e-02,3.637162e-02,2.449771e-02,1.506057e-01,1.023904e-02,1.620722e-01,3.416644e-01,2.112616e-02,7.911021e-02,7.137022e-03,1.948216e-03,1.385722e-02,8.540375e-03,6.266968e-02
5.010867e-02,9.898325e-03,2.822704e-02,1.735525e-02,1.171678e-01,7.972331e-03,1.677408e-01,4.620329e-01,1.549828e-02,5.594502e-02,5.097738e-03,1.526848e-03,1.100003e-02,6.065746e-03,4.436332e-02
3.981616e-02,8.980084e-03,2.210804e-02,1.281909e-02,9.857981e-02,6.856549e-03,2.460432e-01,4.555064e-01,1.241440e-02,4.068381e-02,4.261736e-03,1.299844e-03,1.242645e-02,4.290955e-03,3.391349e-02
3.336326e-02,1.432358e-02,2.077104e-02,1.005948e-02,1.162775e-01,6.209189e-03,2.799162e-01,3.926764e-01,1.891154e-02,3.401517e-02,4.882933e-03,1.435243e-03,3.343883e-02,3.078117e-03,3.064143e-02
3.059593e-02,1.370566e-02,1.853749e-02,8.880678e-03,1.430776e-01,6.259066e-03,2.697246e-01,3.772704e-01,3.285299e-02,3.265554e-02,4.994236e-03,1.491581e-03,3.207657e-02,2.305912e-03,2.557173e-02
3.967886e-02,1.933117e-02,2.206636e-02,9.697721e-03,1.428714e-01,7.975243e-03,2.341002e-01,3.261061e-01,7.828854e-02,2.741919e-02,5.615746e-03,1.909379e-03,5.158563e-02,1.891942e-03,3.146246e-02
4.924895e-02,2.498382e-02,3.554423e-02,9.683020e-03,1.795152e-01,1.122240e-02,2.052491e-01,2.474348e-01,8.423772e-02,2.114356e-02,6.670128e-03,2.210193e-03,7.508655e-02,1.683324e-03,4.608706e-02
7.325749e-02,2.478199e-02,3.678114e-02,8.497274e-03,1.651707e-01,1.118359e-02,1.994167e-01,1.789220e-01,1.274069e-01,1.547813e-02,5.886690e-03,2.643494e-03,7.989934e-02,2.410942e-03,6.826368e-02
1.490663e-01,2.757161e-02,2.908276e-02,9.349589e-03,1.379480e-01,1.247368e-02,1.781990e-01,1.287925e-01,1.356102e-01,1.210708e-02,6.702883e-03,4.092569e-03,8.056436e-02,3.141964e-03,8.529747e-02
2.265715e-01,3.413463e-02,2.288385e-02,1.227092e-02,1.159514e-01,2.946882e-02,1.726905e-01,9.176323e-02,1.117756e-01,1.018240e-02,9.339664e-03,9.382700e-03,7.405010e-02,2.719619e-03,7.681493e-02
3.072072e-01,4.456357e-02,2.101906e-02,2.229610e-02,8.572786e-02,3.434530e-02,1.382781e-01,6.732108e-02,8.762540e-02,1.254753e-02,1.110835e-02,1.722686e-02,8.017911e-02,2.700630e-03,6.785391e-02
3.670762e-01,4.089351e-02,2.353220e-02,2.534763e-02,6.274610e-02,3.983030e-02,1.056223e-01,4.953329e-02,6.808984e-02,1.311438e-02,1.244894e-02,3.323454e-02,9.671505e-02,4.014481e-03,5.780125e-02
3.586893e-01,3.992447e-02,1.995063e-02,2.618507e-02,4.925800e-02,4.480069e-02,8.469860e-02,3.534300e-02,5.341230e-02,3.536968e-02,1.599491e-02,3.744663e-02,1.202614e-01,4.951311e-03,7.371400e-02
3.194468e-01,3.218194e-02,2.729108e-02,2.189732e-02,3.740839e-02,4.334512e-02,6.183504e-02,2.586327e-02,4.109685e-02,8.150667e-02,2.245940e-02,4.843406e-02,1.664087e-01,1.065294e-02,6.017239e-02
4.127672e-01,2.876845e-02,2.160216e-02,1.810644e-02,2.966611e-02,3.789714e-02,4.499595e-02,1.864533e-02,3.098912e-02,6.648807e-02,2.153889e-02,5.701861e-02,1.460283e-01,9.961138e-03,5.552702e-02
3.609137e-01,2.513462e-02,1.771681e-02,1.771485e-02,2.715590e-02,3.258716e-02,3.526187e-02,1.455878e-02,3.645595e-02,7.763638e-02,3.244476e-02,6.113866e-02,1.439165e-01,1.282010e-02,1.045440e-01
3.298435e-01,1.962465e-02,1.378027e-02,1.468846e-02,2.420312e-02,2.571975e-02,2.765579e-02,1.125117e-02,4.597655e-02,1.135499e-01,3.321302e-02,5.899561e-02,1.305552e-01,1.239222e-02,1.385508e-01
2.391053e-01,1.446434e-02,1.132459e-02,1.539311e-02,1.922205e-02,1.883598e-02,2.006949e-02,9.953015e-03,8.609524e-02,1.524542e-01,4.241242e-02,6.854136e-02,1.422091e-01,1.204532e-02,1.478745e-01
1.903874e-01,1.165553e-02,1.130116e-02,1.522963e-02,1.573774e-02,1.557121e-02,1.470678e-02,1.158453e-02,1.016005e-01,1.569514e-01,5.080034e-02,8.346420e-02,1.608755e-01,1.449525e-02,1.456389e-01
1.491381e-01,1.196805e-02,1.088692e-02,1.485237e-02,1.335970e-02,1.415587e-02,1.062703e-02,9.547198e-03,1.755031e-01,1.210029e-01,4.487952e-02,7.445955e-02,1.587753e-01,2.894372e-02,1.619007e-01
1.063711e-01,1.265442e-02,8.717034e-03,1.082150e-02,1.191760e-02,1.231520e-02,7.523900e-03,7.071947e-03,1.674102e-01,8.624455e-02,3.609232e-02,5.351928e-02,1.296149e-01,2.626276e-02,3.234632e-01
7.695010e-02,1.489501e-02,8.286739e-03,7.733498e-03,1.086257e-02,9.302147e-03,5.320140e-03,5.325960e-03,1.464745e-01,6.206345e-02,2.860211e-02,3.788020e-02,9.978853e-02,2.055907e-02,4.659560e-01
5.702384e-02,1.145072e-02,8.504438e-03,5.478275e-03,8.847824e-03,1.323600e-02,3.770819e-03,3.852792e-03,1.166380e-01,4.390474e-02,2.115052e-02,2.670749e-02,7.185078e-02,1.532122e-02,5.922626e-01
4.544693e-02,1.069197e-02,1.934708e-01,1.017730e-02,7.906931e-03,1.206761e-02,2.703170e-03,3.085182e-03,1.261510e-01,3.214174e-02,1.557543e-02,1.890285e-02,5.087218e-02,1.117792e-02,4.596289e-01
9.184604e-02,1.930081e-02,2.139393e-01,1.607276e-02,9.503358e-03,2.700336e-02,2.163156e-03,2.442682e-03,1.299414e-01,2.581262e-02,1.260544e-02,1.423025e-02,3.728081e-02,1.300922e-02,3.848488e-01
1.003982e-01,2.632084e-02,2.641028e-01,1.392108e-02,1.034734e-02,2.494884e-02,1.919597e-03,3.212616e-03,1.048649e-01,2.038457e-02,1.049577e-02,1.205415e-02,2.931581e-02,1.203518e-02,3.656783e-01
1.182661e-01,4.109459e-02,2.190168e-01,1.195931e-02,9.440570e-03,2.480825e-02,1.513481e-03,2.999769e-03,9.310474e-02,2.371864e-02,8.509095e-03,9.149016e-03,2.210641e-02,1.308659e-02,4.012266e-01
1.090737e-01,4.348902e-02,1.794112e-01,9.140671e-03,8.071451e-03,1.968412e-02,1.177237e-03,2.215949e-03,7.066339e-02,2.178977e-02,6.572036e-03,6.625857e-03,1.685539e-02,1.619863e-02,4.890316e-01
9.550538e-02,4.176068e-02,1.624059e-01,2.496781e-02,8.164074e-03,1.598190e-02,9.384060e-04,1.946873e-03,7.399482e-02,2.296297e-02,5.078513e-03,5.112830e-03,1.283730e-02,1.424909e-02,5.140935e-01
8.547999e-02,3.560680e-02,1.378493e-01,2.283593e-02,6.583621e-03,1.279423e-02,7.443004e-04,1.507594e-03,5.808040e-02,2.298884e-02,4.007988e-03,3.958116e-03,9.783765e-03,1.483688e-02,5.829422e-01
7.223976e-02,3.077888e-02,1.050762e-01,1.646412e-02,4.852632e-03,9.642597e-03,5.384602e-04,1.167292e-03,4.277314e-02,1.897286e-02,2.968964e-03,2.862352e-03,7.033281e-03,1.430643e-02,6.703230e-01
1.113541e-01,3.035964e-02,8.225861e-02,1.326358e-02,4.283804e-03,9.500774e-03,6.091149e-04,1.228118e-03,3.485774e-02,1.526197e-02,3.085657e-03,2.470904e-03,5.414548e-03,3.971919e-02,6.463323e-01
8.545581e-02,3.437544e-02,9.087764e-02,1.668876e-02,3.438127e-03,7.255134e-03,4.836611e-04,9.849917e-04,2.691237e-02,1.567739e-02,2.665335e-03,1.903730e-03,3.924056e-03,5.635570e-02,6.530018e-01
7.057536e-02,3.426774e-02,1.692215e-01,2.180035e-02,3.780674e-03,6.053210e-03,3.930787e-04,1.089550e-03,2.148711e-02,1.496623e-02,2.352377e-03,1.458163e-03,2.897908e-03,5.492121e-02,5.947356e-01
5.217121e-02,2.616788e-02,1.449178e-01,1.564666e-02,2.715795e-03,4.720613e-03,2.809000e-04,7.785407e-04,1.589826e-02,1.590672e-02,1.808370e-03,1.046352e-03,2.054936e-03,7.167640e-02,6.442095e-01
4.009102e-02,2.969320e-02,1.355728e-01,1.663025e-02,2.580911e-03,4.016005e-03,2.407631e-04,6.846077e-04,1.370786e-02,1.324635e-02,2.438452e-03,9.954609e-04,1.687937e-03,7.055593e-02,6.678585e-01
3.153534e-02,2.539151e-02,1.109430e-01,1.351584e-02,2.167328e-03,3.815275e-03,2.042915e-04,5.417151e-04,1.456268e-02,1.503896e-02,2.615021e-03,8.083947e-04,1.330391e-03,1.284799e-01,6.490504e-01
2.544360e-02,2.207826e-02,9.558332e-02,1.477031e-02,1.767031e-03,3.027594e-03,1.638506e-04,4.192320e-04,5.382643e-02,2.377965e-02,2.586785e-03,6.963327e-04,1.095071e-03,1.126138e-01,6.421487e-01
3.141690e-02,2.251143e-02,1.116608e-01,1.750162e-02,2.444287e-03,2.686972e-03,1.751087e-04,4.672973e-04,7.178515e-02,2.727884e-02,2.813912e-03,8.671188e-04,9.525460e-04,1.155102e-01,5.919279e-01
3.281541e-02,2.045343e-02,8.847822e-02,1.488700e-02,2.275542e-03,2.591919e-03,3.040329e-04,6.063085e-04,9.515975e-02,3.631913e-02,4.679481e-03,1.345250e-03,1.010848e-03,1.437331e-01,5.553406e-01
6.617245e-02,2.825544e-02,1.530297e-01,6.703670e-02,4.929188e-03,2.769766e-03,4.234789e-04,1.508105e-03,9.168369e-02,3.675737e-02,4.883267e-03,1.683202e-03,1.235569e-03,1.079801e-01,4.316520e-01
1.905713e-01,2.586895e-02,1.166876e-01,5.906874e-02,6.240492e-03,4.057733e-03,6.093320e-04,2.948077e-03,1.019174e-01,4.118097e-02,7.349471e-03,2.632130e-03,3.835183e-03,8.611816e-02,3.509144e-01
2.940778e-01,3.918529e-02,9.391770e-02,7.322955e-02,1.598355e-02,9.094280e-03,1.681144e-03,6.373117e-03,8.554333e-02,3.159889e-02,1.224970e-02,5.212355e-03,6.727299e-03,6.381457e-02,2.613115e-01
4.085390e-01,3.612768e-02,7.737016e-02,6.412784e-02,1.905194e-02,1.039436e-02,2.109035e-03,1.005447e-02,8.123566e-02,2.714345e-02,1.365124e-02,6.055043e-03,8.939367e-03,4.667710e-02,1.885237e-01
4.992603e-01,3.256355e-02,6.056281e-02,5.128704e-02,2.068037e-02,1.217498e-02,2.392462e-03,1.087631e-02,7.490449e-02,2.326481e-02,1.393928e-02,7.765306e-03,9.784641e-03,3.978135e-02,1.407623e-01
1.000000e+00,0.000000e+00,0.000000e+00,0.000000e+00,0.000000e+00,0.000000e+00,0.000000e+00,0.000000e+00,0.000000e+00,0.000000e+00,0.000000e+00,0.000000e+00,0.000000e+00,0.000000e+00,0.000000e+00
4.789657e-01,3.537336e-02,3.941248e-02,1.356331e-01,2.832381e-02,1.714829e-02,4.452794e-03,1.452561e-02,7.284419e-02,1.992007e-02,1.411330e-02,1.721857e-02,1.877277e-02,2.082949e-02,8.246657e-02
1.000000e+00,0.000000e+00,0.000000e+00,0.000000e+00,0.000000e+00,0.000000e+00,0.000000e+00,0.000000e+00,0.000000e+00,0.000000e+00,0.000000e+00,0.000000e+00,0.000000e+00,0.000000e+00,0.000000e+00
1.000000e+00,0.000000e+00,0.000000e+00,0.000000e+00,0.000000e+00,0.000000e+00,0.000000e+00,0.000000e+00,0.000000e+00,0.000000e+00,0.000000e+00,0.000000e+00,0.000000e+00,0.000000e+00,0.000000e+00
1.000000e+00,0.000000e+00,0.000000e+00,0.000000e+00,0.000000e+00,0.000000e+00,0.000000e+00,0.000000e+00,0.000000e+00,0.000000e+00,0.000000e+00,0.000000e+00,0.000000e+00,0.000000e+00,0.000000e+00
4.815624e-01,4.463540e-02,6.801689e-02,1.533630e-01,1.759646e-02,1.673581e-02,3.029370e-03,9.244457e-03,4.742947e-02,2.623464e-02,1.224386e-02,2.048112e-02,1.771739e-02,7.395420e-03,7.431428e-02
4.741374e-01,3.901594e-02,5.488133e-02,1.753303e-01,1.899568e-02,1.583550e-02,2.816521e-03,1.522955e-02,5.642077e-02,2.533948e-02,1.731757e-02,1.674872e-02,1.760573e-02,5.618950e-03,6.470650e-02
1.000000e+00,0.000000e+00,0.000000e+00,0.000000e+00,0.000000e+00,0.000000e+00,0.000000e+00,0.000000e+00,0.000000e+00,0.000000e+00,0.000000e+00,0.000000e+00,0.000000e+00,0.000000e+00,0.000000e+00
4.375680e-01,3.086976e-02,4.617254e-02,1.920477e-01,2.264887e-02,1.484770e-02,3.077972e-03,1.253357e-02,1.209221e-01,2.262349e-02,1.741844e-02,9.685697e-03,1.860937e-02,3.396126e-03,4.757865e-02
4.528053e-01,2.932432e-02,3.933389e-02,1.791845e-01,2.135857e-02,1.297735e-02,3.477109e-03,1.189380e-02,1.299270e-01,2.323010e-02,1.834603e-02,7.579225e-03,2.324915e-02,2.673759e-03,4.463992e-02
3.548636e-01,3.009051e-02,8.982938e-02,1.760417e-01,1.973578e-02,1.268450e-02,3.558039e-03,1.177122e-02,1.841515e-01,2.922044e-02,1.488350e-02,5.712898e-03,1.809995e-02,2.372766e-03,4.698420e-02
3.003307e-01,2.991361e-02,7.680491e-02,1.415822e-01,1.831895e-02,1.221513e-02,6.488021e-03,1.358562e-02,2.148854e-01,2.707971e-02,1.468499e-02,5.133488e-03,7.374595e-02,3.317084e-03,6.191422e-02
2.951639e-01,2.662221e-02,5.729213e-02,1.104098e-01,1.542284e-02,1.415415e-02,7.908579e-03,1.462676e-02,2.280818e-01,2.982730e-02,1.433012e-02,6.363539e-03,1.144205e-01,4.356803e-03,6.101973e-02
2.548093e-01,2.265008e-02,4.398646e-02,8.797117e-02,1.144293e-02,1.636531e-02,6.939629e-03,1.143811e-02,1.917816e-01,2.552517e-02,4.085695e-02,3.092483e-02,1.839544e-01,1.106216e-02,6.029185e-02
2.322510e-01,2.340057e-02,3.333466e-02,6.733698e-02,9.856057e-03,1.454653e-02,5.646304e-03,9.039348e-03,1.709295e-01,2.093292e-02,6.026922e-02,4.956063e-02,2.344289e-01,1.153696e-02,5.693039e-02
2.134374e-01,2.049050e-02,2.569822e-02,5.337550e-02,7.971637e-03,1.807488e-02,4.454106e-03,6.980436e-03,1.316263e-01,2.516172e-02,7.454097e-02,1.477944e-01,2.100298e-01,1.267543e-02,4.768874e-02
1.627940e-01,1.895766e-02,3.886971e-02,5.226248e-02,6.837327e-03,1.485800e-02,3.483022e-03,5.639639e-03,1.057268e-01,2.511182e-02,7.596153e-02,2.503712e-01,1.867568e-01,1.216673e-02,4.020324e-02
1.600698e-01,1.861723e-02,3.704134e-02,3.851760e-02,5.490195e-03,1.355199e-02,2.551586e-03,4.358370e-03,8.645900e-02,3.616331e-02,7.117396e-02,3.354235e-01,1.499362e-01,1.079152e-02,2.985443e-02
1.353600e-01,2.516308e-02,2.849930e-02,2.845170e-02,4.664098e-03,1.275151e-02,2.077354e-03,3.353402e-03,9.254101e-02,6.010829e-02,7.178543e-02,3.808954e-01,1.163435e-01,9.333206e-03,2.867278e-02
1.124543e-01,2.296352e-02,2.052535e-02,2.086943e-02,3.819386e-03,1.249217e-02,1.605834e-03,2.753715e-03,8.254397e-02,5.473973e-02,6.629837e-02,4.769984e-01,9.118319e-02,8.330658e-03,2.242200e-02
9.244100e-02,1.782958e-02,1.453962e-02,1.550133e-02,3.205583e-03,9.699723e-03,1.347121e-03,2.144093e-03,9.723000e-02,5.061051e-02,6.582551e-02,5.323116e-01,7.407799e-02,6.188573e-03,1.704775e-02
7.184478e-02,1.431363e-02,1.029205e-02,1.227553e-02,2.759581e-03,7.637014e-03,1.082092e-03,1.657303e-03,1.059396e-01,5.045251e-02,6.558748e-02,5.711941e-01,6.712975e-02,4.726475e-03,1.310813e-02
5.584233e-02,1.224115e-02,1.040428e-02,1.089768e-02,7.410163e-03,6.515851e-03,1.011324e-03,2.306869e-02,1.355140e-01,3.964016e-02,5.533511e-02,5.753928e-01,5.337055e-02,3.754545e-03,9.601294e-03
4.075151e-02,9.712595e-03,7.614170e-03,8.931971e-03,1.010896e-02,4.892399e-03,9.615279e-04,1.916591e-02,1.937946e-01,3.005534e-02,4.692173e-02,5.724685e-01,4.464369e-02,3.000053e-03,6.977055e-03
3.054533e-02,1.238415e-02,7.043194e-03,7.796447e-03,1.691020e-02,3.855474e-03,9.976907e-04,1.590456e-02,3.024154e-01,2.330797e-02,4.084647e-02,4.903169e-01,3.946103e-02,2.346493e-03,5.868716e-03
2.459704e-02,1.200617e-02,8.296746e-03,6.404259e-03,3.765418e-02,3.452782e-03,1.506030e-03,2.505945e-02,3.969939e-01,1.962732e-02,3.412940e-02,3.861653e-01,3.729371e-02,2.244715e-03,4.568999e-03
1.995071e-02,1.187616e-02,8.403754e-03,5.581456e-03,3.652114e-02,3.152426e-03,1.507789e-03,4.680299e-02,5.084854e-01,1.653035e-02,2.675272e-02,2.805541e-01,2.848987e-02,1.854502e-03,3.536714e-03
1.547822e-02,1.160002e-02,6.807855e-03,5.045563e-03,3.000971e-02,3.560293e-03,1.258293e-03,3.785126e-02,6.325462e-01,1.248619e-02,1.995591e-02,1.980856e-01,2.090422e-02,1.468509e-03,2.942231e-03
1.138655e-02,1.189368e-02,5.611237e-03,4.478634e-03,3.124950e-02,3.760218e-03,1.819945e-03,3.711870e-02,7.102739e-01,9.095046e-03,1.513103e-02,1.392880e-01,1.544181e-02,1.110857e-03,2.341049e-03
9.970016e-03,1.283346e-02,4.317110e-03,6.349829e-03,5.332330e-02,4.147233e-03,2.232596e-03,2.871873e-02,7.476612e-01,6.720605e-03,1.136921e-02,9.812956e-02,1.122718e-02,8.484047e-04,2.151584e-03
1.135474e-02,1.624422e-02,3.219063e-03,1.969652e-02,8.385929e-02,4.499954e-03,2.493818e-03,2.347758e-02,7.393797e-01,5.414064e-03,8.806796e-03,6.968471e-02,8.429854e-03,6.514392e-04,2.788345e-03
1.179913e-02,1.792211e-02,2.377745e-03,2.136080e-02,9.965260e-02,4.430696e-03,2.325953e-03,1.877217e-02,7.516373e-01,4.267772e-03,7.310782e-03,4.921197e-02,6.286662e-03,5.114716e-04,2.132868e-03
1.419302e-02,1.361848e-02,1.750329e-03,1.779129e-02,1.607745e-01,4.057365e-03,2.242683e-03,2.346587e-02,7.122837e-01,3.158049e-03,5.631275e-03,3.455140e-02,4.562420e-03,3.871096e-04,1.532445e-03
1.836796e-02,1.232940e-02,1.357550e-03,2.252595e-02,1.633843e-01,4.464312e-03,1.766525e-03,6.328700e-02,6.765736e-01,2.353441e-03,4.383685e-03,2.433337e-02,3.399676e-03,3.110522e-04,1.162185e-03
2.868383e-02,2.034461e-02,1.104687e-03,3.324040e-02,1.512139e-01,4.617373e-03,1.368120e-03,9.875757e-02,6.329405e-01,2.159809e-03,3.814044e-03,1.735132e-02,2.905512e-03,2.889476e-04,1.209396e-03
2.023208e-02,1.488213e-02,8.772822e-04,1.863171e-01,1.065716e-01,3.373496e-03,9.616865e-04,6.922812e-02,4.690734e-01,1.612046e-03,1.107074e-01,1.247973e-02,2.364289e-03,3.733395e-04,9.463716e-04
1.418694e-02,1.080676e-02,7.100440e-04,2.885098e-01,7.476391e-02,2.394029e-03,6.764489e-04,4.853857e-02,3.480033e-01,1.177230e-03,1.955737e-01,1.116894e-02,2.111826e-03,6.617169e-04,7.169248e-04
9.935149e-03,7.574050e-03,5.070480e-04,2.141965e-01,5.248265e-02,1.731722e-03,4.745799e-04,3.397851e-02,2.439297e-01,1.752384e-03,4.082785e-01,2.162403e-02,1.952165e-03,1.071682e-03,5.114675e-04
6.979654e-03,5.358501e-03,4.958616e-04,1.820508e-01,3.822030e-02,1.339423e-03,3.362267e-04,2.378860e-02,1.716443e-01,2.999155e-03,4.511059e-01,5.146581e-02,2.233632e-03,6.157953e-02,4.023830e-04
4.961976e-03,3.814826e-03,5.054089e-04,1.353077e-01,3.263269e-02,1.744109e-03,2.487906e-04,1.668990e-02,1.207399e-01,5.468160e-03,5.332291e-01,8.880596e-02,3.049902e-03,5.247891e-02,3.226643e-04
3.494964e-03,2.726802e-03,3.769250e-04,9.567557e-02,2.501771e-02,1.585808e-03,1.762012e-04,1.169529e-02,8.472837e-02,5.404436e-03,6.301960e-01,9.051040e-02,2.909146e-03,4.526920e-02,2.332082e-04
2.485068e-03,2.044530e-03,2.947408e-04,6.752788e-02,1.959153e-02,1.821660e-03,1.274571e-04,8.222050e-03,5.950718e-02,4.798342e-03,7.111952e-01,8.407715e-02,2.842590e-03,3.528711e-02,1.775162e-04
