1.000000e+00,0.000000e+00,0.000000e+00,0.000000e+00,0.000000e+00,0.000000e+00,0.000000e+00,0.000000e+00,0.000000e+00,0.000000e+00,0.000000e+00,0.000000e+00,0.000000e+00,0.000000e+00,0.000000e+00
1.000000e+00,0.000000e+00,0.000000e+00,0.000000e+00,0.000000e+00,0.000000e+00,0.000000e+00,0.000000e+00,0.000000e+00,0.000000e+00,0.000000e+00,0.000000e+00,0.000000e+00,0.000000e+00,0.000000e+00
1.000000e+00,0.000000e+00,0.000000e+00,0.000000e+00,0.000000e+00,0.000000e+00,0.000000e+00,0.000000e+00,0.000000e+00,0.000000e+00,0.000000e+00,0.000000e+00,0.000000e+00,0.000000e+00,0.000000e+00
1.000000e+00,0.000000e+00,0.000000e+00,0.000000e+00,0.000000e+00,0.000000e+00,0.000000e+00,0.000000e+00,0.000000e+00,0.000000e+00,0.000000e+00,0.000000e+00,0.000000e+00,0.000000e+00,0.000000e+00
1.000000e+00,0.000000e+00,0.000000e+00,0.000000e+00,0.000000e+00,0.000000e+00,0.000000e+00,0.000000e+00,0.000000e+00,0.000000e+00,0.000000e+00,0.000000e+00,0.000000e+00,0.000000e+00,0.000000e+00
1.000000e+00,0.000000e+00,0.000000e+00,0.000000e+00,0.000000e+00,0.000000e+00,0.000000e+00,0.000000e+00,0.000000e+00,0.000000e+00,0.000000e+00,0.000000e+00,0.000000e+00,0.000000e+00,0.000000e+00
1.000000e+00,0.000000e+00,0.000000e+00,0.000000e+00,0.000000e+00,0.000000e+00,0.000000e+00,0.000000e+00,0.000000e+00,0.000000e+00,0.000000e+00,0.000000e+00,0.000000e+00,0.000000e+00,0.000000e+00
1.000000e+00,0.000000e+00,0.000000e+00,0.000000e+00,0.000000e+00,0.000000e+00,0.000000e+00,0.000000e+00,0.000000e+00,0.000000e+00,0.000000e+00,0.000000e+00,0.000000e+00,0.000000e+00,0.000000e+00
1.000000e+00,0.000000e+00,0.000000e+00,0.000000e+00,0.000000e+00,0.000000e+00,0.000000e+00,0.000000e+00,0.000000e+00,0.000000e+00,0.000000e+00,0.000000e+00,0.000000e+00,0.000000e+00,0.000000e+00
1.000000e+00,0.000000e+00,0.000000e+00,0.000000e+00,0.000000e+00,0.000000e+00,0.000000e+00,0.000000e+00,0.000000e+00,0.000000e+00,0.000000e+00,0.000000e+00,0.000000e+00,0.000000e+00,0.000000e+00
1.000000e+00,0.000000e+00,0.000000e+00,0.000000e+00,0.000000e+00,0.000000e+00,0.000000e+00,0.000000e+00,0.000000e+00,0.000000e+00,0.000000e+00,0.000000e+00,0.000000e+00,0.000000e+00,0.000000e+00
1.000000e+00,0.000000e+00,0.000000e+00,0.000000e+00,0.000000e+00,0.000000e+00,0.000000e+00,0.000000e+00,0.000000e+00,0.000000e+00,0.000000e+00,0.000000e+00,0.000000e+00,0.000000e+00,0.000000e+00
1.000000e+00,0.000000e+00,0.000000e+00,0.000000e+00,0.000000e+00,0.000000e+00,0.000000e+00,0.000000e+00,0.000000e+00,0.000000e+00,0.000000e+00,0.000000e+00,0.000000e+00,0.000000e+00,0.000000e+00
1.000000e+00,0.000000e+00,0.000000e+00,0.000000e+00,0.000000e+00,0.000000e+00,0.000000e+00,0.000000e+00,0.000000e+00,0.000000e+00,0.000000e+00,0.000000e+00,0.000000e+00,0.000000e+00,0.000000e+00
1.000000e+00,0.000000e+00,0.000000e+00,0.000000e+00,0.000000e+00,0.000000e+00,0.000000e+00,0.000000e+00,0.000000e+00,0.000000e+00,0.000000e+00,0.000000e+00,0.000000e+00,0.000000e+00,0.000000e+00
1.000000e+00,0.000000e+00,0.000000e+00,0.000000e+00,0.000000e+00,0.000000e+00,0.000000e+00,0.000000e+00,0.000000e+00,0.000000e+00,0.000000e+00,0.000000e+00,0.000000e+00,0.000000e+00,0.000000e+00
1.000000e+00,0.000000e+00,0.000000e+00,0.000000e+00,0.000000e+00,0.000000e+00,0.000000e+00,0.000000e+00,0.000000e+00,0.000000e+00,0.000000e+00,0.000000e+00,0.000000e+00,0.000000e+00,0.000000e+00
1.000000e+00,0.000000e+00,0.000000e+00,0.000000e+00,0.000000e+00,0.000000e+00,0.000000e+00,0.000000e+00,0.000000e+00,0.000000e+00,0.000000e+00,0.000000e+00,0.000000e+00,0.000000e+00,0.000000e+00
1.000000e+00,0.000000e+00,0.000000e+00,0.000000e+00,0.000000e+00,0.000000e+00,0.000000e+00,0.000000e+00,0.000000e+00,0.000000e+00,0.000000e+00,0.000000e+00,0.000000e+00,0.000000e+00,0.000000e+00
1.000000e+00,0.000000e+00,0.000000e+00,0.000000e+00,0.000000e+00,0.000000e+00,0.000000e+00,0.000000e+00,0.000000e+00,0.000000e+00,0.000000e+00,0.000000e+00,0.000000e+00,0.000000e+00,0.000000e+00
1.000000e+00,0.000000e+00,0.000000e+00,0.000000e+00,0.000000e+00,0.000000e+00,0.000000e+00,0.000000e+00,0.000000e+00,0.000000e+00,0.000000e+00,0.000000e+00,0.000000e+00,0.000000e+00,0.000000e+00
1.000000e+00,0.000000e+00,0.000000e+00,0.000000e+00,0.000000e+00,0.000000e+00,0.000000e+00,0.000000e+00,0.000000e+00,0.000000e+00,0.000000e+00,0.000000e+00,0.000000e+00,0.000000e+00,0.000000e+00
1.000000e+00,0.000000e+00,0.000000e+00,0.000000e+00,0.000000e+00,0.000000e+00,0.000000e+00,0.000000e+00,0.000000e+00,0.000000e+00,0.000000e+00,0.000000e+00,0.000000e+00,0.000000e+00,0.000000e+00
1.000000e+00,0.000000e+00,0.000000e+00,0.000000e+00,0.000000e+00,0.000000e+00,0.000000e+00,0.000000e+00,0.000000e+00,0.000000e+00,0.000000e+00,0.000000e+00,0.000000e+00,0.000000e+00,0.000000e+00
1.000000e+00,0.000000e+00,0.000000e+00,0.000000e+00,0.000000e+00,0.000000e+00,0.000000e+00,0.000000e+00,0.000000e+00,0.000000e+00,0.000000e+00,0.000000e+00,0.000000e+00,0.000000e+00,0.000000e+00
1.000000e+00,0.000000e+00,0.000000e+00,0.000000e+00,0.000000e+00,0.000000e+00,0.000000e+00,0.000000e+00,0.000000e+00,0.000000e+00,0.000000e+00,0.000000e+00,0.000000e+00,0.000000e+00,0.000000e+00
1.000000e+00,0.000000e+00,0.000000e+00,0.000000e+00,0.000000e+00,0.000000e+00,0.000000e+00,0.000000e+00,0.000000e+00,0.000000e+00,0.000000e+00,0.000000e+00,0.000000e+00,0.000000e+00,0.000000e+00
1.000000e+00,0.000000e+00,0.000000e+00,0.000000e+00,0.000000e+00,0.000000e+00,0.000000e+00,0.000000e+00,0.000000e+00,0.000000e+00,0.000000e+00,0.000000e+00,0.000000e+00,0.000000e+00,0.000000e+00
1.000000e+00,0.000000e+00,0.000000e+00,0.000000e+00,0.000000e+00,0.000000e+00,0.000000e+00,0.000000e+00,0.000000e+00,0.000000e+00,0.000000e+00,0.000000e+00,0.000000e+00,0.000000e+00,0.000000e+00
1.000000e+00,0.000000e+00,0.000000e+00,0.000000e+00,0.000000e+00,0.000000e+00,0.000000e+00,0.000000e+00,0.000000e+00,0.000000e+00,0.000000e+00,0.000000e+00,0.000000e+00,0.000000e+00,0.000000e+00
1.000000e+00,0.000000e+00,0.000000e+00,0.000000e+00,0.000000e+00,0.000000e+00,0.000000e+00,0.000000e+00,0.000000e+00,0.000000e+00,0.000000e+00,0.000000e+00,0.000000e+00,0.000000e+00,0.000000e+00
1.000000e+00,0.000000e+00,0.000000e+00,0.000000e+00,0.000000e+00,0.000000e+00,0.000000e+00,0.000000e+00,0.000000e+00,0.000000e+00,0.000000e+00,0.000000e+00,0.000000e+00,0.000000e+00,0.000000e+00
1.000000e+00,0.000000e+00,0.000000e+00,0.000000e+00,0.000000e+00,0.000000e+00,0.000000e+00,0.000000e+00,0.000000e+00,0.000000e+00,0.000000e+00,0.000000e+00,0.000000e+00,0.000000e+00,0.000000e+00
1.000000e+00,0.000000e+00,0.000000e+00,0.000000e+00,0.000000e+00,0.000000e+00,0.000000e+00,0.000000e+00,0.000000e+00,0.000000e+00,0.000000e+00,0.000000e+00,0.000000e+00,0.000000e+00,0.000000e+00
1.000000e+00,0.000000e+00,0.000000e+00,0.000000e+00,0.000000e+00,0.000000e+00,0.000000e+00,0.000000e+00,0.000000e+00,0.000000e+00,0.000000e+00,0.000000e+00,0.000000e+00,0.000000e+00,0.000000e+00
1.000000e+00,0.000000e+00,0.000000e+00,0.000000e+00,0.000000e+00,0.000000e+00,0.000000e+00,0.000000e+00,0.000000e+00,0.000000e+00,0.000000e+00,0.000000e+00,0.000000e+00,0.000000e+00,0.000000e+00
1.000000e+00,0.000000e+00,0.000000e+00,0.000000e+00,0.000000e+00,0.000000e+00,0.000000e+00,0.000000e+00,0.000000e+00,0.000000e+00,0.000000e+00,0.000000e+00,0.000000e+00,0.000000e+00,0.000000e+00
1.000000e+00,0.000000e+00,0.000000e+00,0.000000e+00,0.000000e+00,0.000000e+00,0.000000e+00,0.000000e+00,0.000000e+00,0.000000e+00,0.000000e+00,0.000000e+00,0.000000e+00,0.000000e+00,0.000000e+00
1.000000e+00,0.000000e+00,0.000000e+00,0.000000e+00,0.000000e+00,0.000000e+00,0.000000e+00,0.000000e+00,0.000000e+00,0.000000e+00,0.000000e+00,0.000000e+00,0.000000e+00,0.000000e+00,0.000000e+00
1.000000e+00,0.000000e+00,0.000000e+00,0.000000e+00,0.000000e+00,0.000000e+00,0.000000e+00,0.000000e+00,0.000000e+00,0.000000e+00,0.000000e+00,0.000000e+00,0.000000e+00,0.000000e+00,0.000000e+00
1.000000e+00,0.000000e+00,0.000000e+00,0.000000e+00,0.000000e+00,0.000000e+00,0.000000e+00,0.000000e+00,0.000000e+00,0.000000e+00,0.000000e+00,0.000000e+00,0.000000e+00,0.000000e+00,0.000000e+00
1.000000e+00,0.000000e+00,0.000000e+00,0.000000e+00,0.000000e+00,0.000000e+00,0.000000e+00,0.000000e+00,0.000000e+00,0.000000e+00,0.000000e+00,0.000000e+00,0.000000e+00,0.000000e+00,0.000000e+00
1.000000e+00,0.000000e+00,0.000000e+00,0.000000e+00,0.000000e+00,0.000000e+00,0.000000e+00,0.000000e+00,0.000000e+00,0.000000e+00,0.000000e+00,0.000000e+00,0.000000e+00,0.000000e+00,0.000000e+00
1.000000e+00,0.000000e+00,0.000000e+00,0.000000e+00,0.000000e+00,0.000000e+00,0.000000e+00,0.000000e+00,0.000000e+00,0.000000e+00,0.000000e+00,0.000000e+00,0.000000e+00,0.000000e+00,0.000000e+00
1.000000e+00,0.000000e+00,0.000000e+00,0.000000e+00,0.000000e+00,0.000000e+00,0.000000e+00,0.000000e+00,0.000000e+00,0.000000e+00,0.000000e+00,0.000000e+00,0.000000e+00,0.000000e+00,0.000000e+00
1.000000e+00,0.000000e+00,0.000000e+00,0.000000e+00,0.000000e+00,0.000000e+00,0.000000e+00,0.000000e+00,0.000000e+00,0.000000e+00,0.000000e+00,0.000000e+00,0.000000e+00,0.000000e+00,0.000000e+00
1.000000e+00,0.000000e+00,0.000000e+00,0.000000e+00,0.000000e+00,0.000000e+00,0.000000e+00,0.000000e+00,0.000000e+00,0.000000e+00,0.000000e+00,0.000000e+00,0.000000e+00,0.000000e+00,0.000000e+00
1.000000e+00,0.000000e+00,0.000000e+00,0.000000e+00,0.000000e+00,0.000000e+00,0.000000e+00,0.000000e+00,0.000000e+00,0.000000e+00,0.000000e+00,0.000000e+00,0.000000e+00,0.000000e+00,0.000000e+00
1.000000e+00,0.000000e+00,0.000000e+00,0.000000e+00,0.000000e+00,0.000000e+00,0.000000e+00,0.000000e+00,0.000000e+00,0.000000e+00,0.000000e+00,0.000000e+00,0.000000e+00,0.000000e+00,0.000000e+00
1.000000e+00,0.000000e+00,0.000000e+00,0.000000e+00,0.000000e+00,0.000000e+00,0.000000e+00,0.000000e+00,0.000000e+00,0.000000e+00,0.000000e+00,0.000000e+00,0.000000e+00,0.000000e+00,0.000000e+00
1.000000e+00,0.000000e+00,0.000000e+00,0.000000e+00,0.000000e+00,0.000000e+00,0.000000e+00,0.000000e+00,0.000000e+00,0.000000e+00,0.000000e+00,0.000000e+00,0.000000e+00,0.000000e+00,0.000000e+00
1.000000e+00,0.000000e+00,0.000000e+00,0.000000e+00,0.000000e+00,0.000000e+00,0.000000e+00,0.000000e+00,0.000000e+00,0.000000e+00,0.000000e+00,0.000000e+00,0.000000e+00,0.000000e+00,0.000000e+00
1.000000e+00,0.000000e+00,0.000000e+00,0.000000e+00,0.000000e+00,0.000000e+00,0.000000e+00,0.000000e+00,0.000000e+00,0.000000e+00,0.000000e+00,0.000000e+00,0.000000e+00,0.000000e+00,0.000000e+00
1.000000e+00,0.000000e+00,0.000000e+00,0.000000e+00,0.000000e+00,0.000000e+00,0.000000e+00,0.000000e+00,0.000000e+00,0.000000e+00,0.000000e+00,0.000000e+00,0.000000e+00,0.000000e+00,0.000000e+00
1.000000e+00,0.000000e+00,0.000000e+00,0.000000e+00,0.000000e+00,0.000000e+00,0.000000e+00,0.000000e+00,0.000000e+00,0.000000e+00,0.000000e+00,0.000000e+00,0.000000e+00,0.000000e+00,0.000000e+00
4.070211e-01,1.573370e-02,9.281258e-03,1.335349e-01,1.405606e-02,2.657759e-02,4.106689e-02,1.009634e-01,2.336079e-02,3.403549e-02,6.502252e-02,6.202771e-02,4.331638e-02,5.661021e-03,1.834123e-02
2.874267e-01,1.415948e-02,1.195958e-02,1.427565e-01,1.408013e-02,2.322003e-02,2.904784e-02,7.184013e-02,2.772445e-02,6.503719e-02,8.227262e-02,5.849501e-02,8.234642e-02,1.187170e-02,7.776220e-02
2.041359e-01,1.045715e-02,1.009331e-02,1.136557e-01,1.399634e-02,1.757306e-02,2.052657e-02,5.086840e-02,3.506453e-02,8.227901e-02,8.742110e-02,5.489764e-02,9.349503e-02,1.842400e-02,1.871123e-01
1.437331e-01,7.909187e-03,8.184860e-03,8.868738e-02,2.703028e-02,1.406267e-02,1.472258e-02,3.671928e-02,6.996883e-02,1.404008e-01,1.014391e-01,4.878054e-02,8.259398e-02,1.772495e-02,1.980425e-01
1.020516e-01,7.606885e-03,7.672620e-03,7.545602e-02,2.700943e-02,1.456247e-02,1.086592e-02,3.369542e-02,8.347236e-02,2.383251e-01,9.791701e-02,4.373647e-02,7.206608e-02,1.895297e-02,1.666097e-01
7.217662e-02,6.699491e-03,6.412551e-03,8.965722e-02,2.145524e-02,4.504875e-02,7.809761e-03,2.558441e-02,1.145713e-01,1.916339e-01,1.021120e-01,8.250356e-02,9.832120e-02,1.462697e-02,1.213870e-01
5.151957e-02,8.135179e-03,5.175627e-03,8.749235e-02,1.630384e-02,4.795998e-02,5.717058e-03,2.275045e-02,1.268503e-01,1.653633e-01,1.351326e-01,1.094071e-01,1.127458e-01,1.173673e-02,9.371007e-02
3.699251e-02,1.123128e-02,4.290269e-03,6.959552e-02,1.288995e-02,3.759333e-02,4.357421e-03,2.237745e-02,2.577681e-01,1.288226e-01,1.345442e-01,9.386919e-02,1.062446e-01,9.774401e-03,6.964919e-02
2.689666e-02,1.977258e-02,3.512673e-03,6.134164e-02,1.124478e-02,2.893661e-02,3.227706e-03,1.826945e-02,3.911453e-01,1.020348e-01,1.114107e-01,7.148930e-02,8.847373e-02,8.361442e-03,5.388270e-02
2.281062e-02,1.994084e-02,7.703721e-03,5.802951e-02,1.151206e-02,2.152735e-02,2.941692e-03,1.054672e-01,3.398964e-01,8.560506e-02,1.355991e-01,5.845223e-02,8.010157e-02,9.227479e-03,4.118512e-02
2.031898e-02,3.627438e-02,1.019732e-02,1.651251e-01,1.010710e-02,2.251577e-02,2.221496e-03,7.493493e-02,3.381775e-01,6.295548e-02,1.092424e-01,4.416074e-02,6.530829e-02,7.371497e-03,3.108886e-02
2.025654e-02,3.721583e-02,1.234630e-02,1.366757e-01,1.088915e-02,1.261005e-01,2.202347e-03,5.518916e-02,3.009573e-01,5.091392e-02,1.096025e-01,3.678215e-02,6.331436e-02,7.115963e-03,3.043822e-02
2.943745e-02,2.801249e-02,1.264354e-02,9.672201e-02,1.406947e-02,1.041351e-01,1.372256e-02,1.517069e-01,2.408423e-01,5.225227e-02,1.326882e-01,2.941518e-02,6.407215e-02,6.304829e-03,2.397551e-02
2.364796e-02,2.254796e-02,9.792265e-03,6.845339e-02,1.480603e-02,7.381337e-02,1.048054e-02,1.105333e-01,4.329429e-01,4.059141e-02,1.001263e-01,2.209705e-02,4.797000e-02,4.639566e-03,1.755796e-02
1.962751e-02,1.880448e-02,7.022278e-03,4.834584e-02,1.515430e-02,5.215511e-02,7.787848e-03,7.766706e-02,5.859333e-01,2.917362e-02,7.222358e-02,1.584644e-02,3.421937e-02,3.354746e-03,1.268451e-02
1.489827e-02,1.649427e-02,5.551012e-03,4.997357e-02,1.612826e-02,3.893825e-02,5.880782e-03,5.602415e-02,6.739972e-01,2.222469e-02,5.152236e-02,1.134826e-02,2.512135e-02,2.442193e-03,9.455356e-03
1.301167e-02,1.800775e-02,4.921251e-03,4.189197e-02,2.227791e-02,2.779007e-02,4.457933e-03,3.970193e-02,7.308135e-01,2.047893e-02,3.678554e-02,8.024830e-03,1.820200e-02,1.778937e-03,1.185574e-02
1.035239e-02,1.848458e-02,5.429381e-03,2.271722e-01,1.677848e-02,1.975651e-02,3.138308e-03,2.842041e-02,5.941755e-01,1.633898e-02,2.746599e-02,6.371897e-03,1.379102e-02,1.303307e-03,1.102112e-02
1.210638e-02,1.598439e-02,4.413355e-03,1.667405e-01,2.199734e-02,1.670507e-02,2.541473e-03,2.277308e-02,6.638461e-01,1.348567e-02,2.161329e-02,4.797554e-03,1.098867e-02,1.128871e-03,2.087824e-02
1.096211e-02,1.447816e-02,1.079080e-02,1.646623e-01,2.691418e-02,1.333487e-02,2.650338e-03,3.019251e-02,6.537509e-01,1.468486e-02,1.796482e-02,4.227995e-03,9.578632e-03,9.535741e-04,2.485395e-02
2.029830e-02,1.377571e-02,4.441667e-02,1.770555e-01,3.478180e-02,3.130548e-02,2.862213e-03,3.422215e-02,5.416893e-01,1.474821e-02,1.660679e-02,3.424265e-03,7.581179e-03,9.492938e-04,5.628309e-02
2.596349e-02,1.335463e-02,5.924828e-02,1.447907e-01,4.527204e-02,3.221662e-02,2.482910e-03,7.045338e-02,4.514249e-01,2.864127e-02,1.258331e-02,2.594410e-03,5.688868e-03,8.147507e-04,1.044704e-01
5.497254e-02,1.735278e-02,5.286233e-02,1.077979e-01,8.591789e-02,5.045202e-02,5.086778e-02,9.575978e-02,3.484876e-01,2.591288e-02,1.005042e-02,2.203279e-03,6.243871e-03,1.073521e-03,9.004542e-02
4.713001e-02,1.455107e-02,4.474301e-02,7.858739e-02,8.132569e-02,6.363269e-02,1.945210e-01,1.067793e-01,2.624989e-01,1.996126e-02,7.691983e-03,1.641169e-03,1.004086e-02,9.392760e-04,6.595643e-02
3.442710e-02,1.045097e-02,3.267572e-02,5.532333e-02,5.924252e-02,4.977057e-02,3.831632e-01,1.103406e-01,1.844019e-01,1.455562e-02,5.516821e-03,1.281972e-03,1.158740e-02,6.886480e-04,4.657359e-02
2.425457e-02,7.411907e-03,2.329019e-02,3.878196e-02,4.197861e-02,3.641810e-02,5.343820e-01,1.037291e-01,1.293579e-01,1.115466e-02,4.286695e-03,1.086383e-03,1.002889e-02,4.933740e-04,3.334577e-02
1.703518e-02,5.283775e-03,1.713228e-02,2.733649e-02,2.977394e-02,2.574167e-02,6.526725e-01,8.473275e-02,9.089572e-02,1.079291e-02,4.917597e-03,1.491445e-03,7.677921e-03,3.746885e-04,2.414113e-02
1.197764e-02,3.810610e-03,1.250303e-02,1.932525e-02,2.098705e-02,1.811946e-02,7.218622e-01,6.229606e-02,6.383184e-02,1.854537e-02,1.249199e-02,8.393159e-03,7.062402e-03,3.973311e-04,1.839660e-02
8.398336e-03,2.752518e-03,8.994240e-03,1.371139e-02,1.483433e-02,1.278784e-02,7.297437e-01,4.493086e-02,4.475543e-02,5.507229e-02,1.166609e-02,2.991351e-02,7.413452e-03,5.313728e-04,1.449459e-02
5.908804e-03,2.065831e-03,6.369677e-03,1.005576e-02,1.053356e-02,9.342063e-03,7.595122e-01,3.264436e-02,3.136805e-02,5.053663e-02,1.415631e-02,3.389671e-02,1.758700e-02,4.687739e-04,1.555422e-02
4.464937e-03,1.592732e-03,4.542635e-03,7.361716e-03,7.544881e-03,6.863287e-03,7.364726e-01,2.323001e-02,2.202803e-02,4.099321e-02,1.553780e-02,5.068889e-02,6.116842e-02,6.987707e-04,1.681209e-02
3.659960e-03,1.465020e-03,3.590038e-03,6.328698e-03,5.687680e-03,5.867968e-03,6.348865e-01,1.690134e-02,1.635906e-02,5.382895e-02,2.774918e-02,5.951070e-02,1.440773e-01,1.486906e-03,1.860073e-02
3.088013e-03,1.528465e-03,2.695146e-03,5.605467e-03,4.534259e-03,5.247538e-03,5.236886e-01,1.396381e-02,1.311743e-02,6.138264e-02,3.838408e-02,1.070149e-01,1.982378e-01,4.487855e-03,1.702404e-02
2.744206e-03,1.386388e-03,2.229355e-03,5.363893e-03,1.853448e-02,3.975346e-03,3.752539e-01,1.092605e-02,1.465024e-02,9.229653e-02,5.864777e-02,1.547132e-01,2.361087e-01,4.895138e-03,1.827488e-02
3.533388e-03,1.198098e-03,1.759885e-03,6.374224e-03,2.720826e-02,3.447793e-03,2.826808e-01,1.025463e-02,1.335739e-02,1.414368e-01,7.091701e-02,1.560678e-01,2.361080e-01,6.887875e-03,3.876808e-02
1.330076e-02,1.169361e-03,1.326787e-03,5.251770e-03,3.033808e-02,5.499853e-03,2.047724e-01,9.404057e-03,1.236478e-02,1.426261e-01,8.408839e-02,2.191325e-01,2.282671e-01,6.197092e-03,3.626104e-02
1.928133e-02,1.343240e-03,1.239065e-03,6.036769e-03,3.348292e-02,7.639717e-03,1.469587e-01,9.001950e-03,1.164770e-02,1.498380e-01,1.161017e-01,2.587503e-01,1.993851e-01,6.409580e-03,3.288393e-02
4.203951e-02,1.566160e-03,1.427949e-03,6.577349e-03,2.872771e-02,1.458299e-02,1.032169e-01,8.749178e-03,1.601136e-02,1.275132e-01,1.576550e-01,2.937152e-01,1.685863e-01,6.068557e-03,2.356265e-02
9.567880e-02,5.977602e-03,2.001720e-03,6.913534e-03,3.161263e-02,3.360878e-02,7.298297e-02,1.083198e-02,5.404378e-02,1.235759e-01,1.593459e-01,2.485769e-01,1.321541e-01,5.028684e-03,1.766674e-02
2.217105e-01,6.220920e-03,1.763776e-03,1.743187e-02,2.616544e-02,3.621122e-02,5.147521e-02,9.632570e-03,8.219272e-02,9.392336e-02,1.210573e-01,2.141883e-01,9.921207e-02,4.092969e-03,1.472175e-02
2.906139e-01,8.004901e-03,3.839136e-03,2.703329e-02,3.887955e-02,3.023572e-02,3.667994e-02,1.668049e-02,1.035254e-01,8.964898e-02,9.540065e-02,1.682048e-01,7.494112e-02,3.779009e-03,1.253315e-02
2.829928e-01,1.101178e-02,5.459495e-03,6.266830e-02,6.987268e-02,2.734709e-02,2.605375e-02,1.492151e-02,1.325516e-01,8.182058e-02,7.836416e-02,1.317514e-01,5.883811e-02,3.994583e-03,1.235217e-02
2.574052e-01,1.410741e-02,5.659276e-03,6.197902e-02,7.699686e-02,2.133783e-02,1.864939e-02,1.293338e-02,1.562152e-01,1.355902e-01,7.445230e-02,1.011711e-01,4.611770e-02,5.900808e-03,1.148436e-02
2.304124e-01,1.325230e-02,5.205784e-03,5.380062e-02,9.111519e-02,1.631404e-02,1.420443e-02,2.102186e-02,2.026969e-01,1.432657e-01,7.120560e-02,8.039098e-02,4.073198e-02,5.662944e-03,1.071922e-02
1.973188e-01,1.895571e-02,1.165041e-02,6.399859e-02,8.026312e-02,1.395011e-02,1.071609e-02,5.096250e-02,2.204474e-01,1.061766e-01,8.048164e-02,7.953233e-02,4.627776e-02,4.779291e-03,1.448970e-02
1.822844e-01,3.063172e-02,1.133336e-02,6.851801e-02,6.344050e-02,1.752735e-02,8.536251e-03,3.884244e-02,1.910474e-01,8.600695e-02,8.294324e-02,9.087625e-02,4.499063e-02,8.810793e-03,7.421073e-02
1.534139e-01,3.226866e-02,1.254332e-02,1.249454e-01,4.941876e-02,1.675750e-02,6.713582e-03,3.262791e-02,2.126072e-01,6.677115e-02,8.657809e-02,8.258969e-02,4.654160e-02,7.355305e-03,6.886794e-02
1.936494e-01,2.748425e-02,1.462514e-02,1.328807e-01,5.628208e-02,1.868315e-02,7.126424e-03,3.095165e-02,1.999182e-01,5.207704e-02,9.821773e-02,6.843309e-02,4.309902e-02,5.784178e-03,5.078808e-02
1.867430e-01,2.418637e-02,1.651363e-02,1.587727e-01,5.908870e-02,1.905002e-02,6.544861e-03,3.177177e-02,2.428141e-01,3.866791e-02,8.269411e-02,5.390580e-02,3.661118e-02,4.337278e-03,3.829860e-02
1.520633e-01,2.131197e-02,1.952256e-02,1.413912e-01,6.512956e-02,1.797647e-02,6.153427e-03,3.328253e-02,3.518581e-01,2.967581e-02,6.285646e-02,3.961715e-02,2.782705e-02,3.168399e-03,2.816601e-02
1.338746e-01,3.667560e-02,1.637044e-02,1.366263e-01,7.321667e-02,1.467014e-02,4.706758e-03,2.856806e-02,4.127907e-01,2.220045e-02,4.598362e-02,2.926497e-02,2.028487e-02,2.405938e-03,2.236099e-02
1.082973e-01,4.283184e-02,1.298951e-02,1.167000e-01,7.836963e-02,1.419964e-02,3.667064e-03,3.327274e-02,4.849117e-01,1.627369e-02,3.384599e-02,2.091777e-02,1.519380e-02,1.832923e-03,1.669638e-02
8.671957e-02,3.506041e-02,9.637849e-03,1.041310e-01,8.340000e-02,1.099270e-02,3.616868e-03,1.281149e-01,4.623510e-01,1.177426e-02,2.449615e-02,1.487378e-02,1.107776e-02,1.310310e-03,1.244340e-02
6.969173e-02,3.034867e-02,9.108137e-03,1.596793e-01,6.421521e-02,8.583072e-03,2.588793e-03,1.421773e-01,4.556948e-01,9.802494e-03,1.851656e-02,1.062833e-02,7.926201e-03,9.627573e-04,1.007663e-02
4.908376e-02,2.281581e-02,1.829241e-02,2.489182e-01,4.658203e-02,6.299561e-03,1.836297e-03,1.007110e-01,3.253613e-01,1.054194e-02,1.432123e-01,8.200479e-03,7.482874e-03,7.411900e-04,9.920771e-03
3.439188e-02,1.612202e-02,1.576396e-02,3.515754e-01,3.273946e-02,4.462907e-03,1.288750e-03,7.053638e-02,2.290889e-01,7.559749e-03,2.144984e-01,8.624163e-03,5.570397e-03,6.394110e-04,7.138146e-03
2.418345e-02,1.166759e-02,1.265774e-02,3.238602e-01,2.312714e-02,3.324208e-03,9.133009e-04,4.960515e-02,1.611710e-01,5.556114e-03,3.645304e-01,8.989432e-03,4.380254e-03,8.936275e-04,5.140354e-03
1.715489e-02,8.899542e-03,9.821950e-03,2.925608e-01,1.951024e-02,2.789299e-03,7.197139e-04,3.536484e-02,1.148077e-01,4.777831e-03,4.718072e-01,8.790681e-03,4.489250e-03,4.602723e-03,3.903330e-03
1.243933e-02,6.864113e-03,8.568536e-03,3.096626e-01,1.818866e-02,3.441712e-03,7.218579e-04,2.595334e-02,8.281916e-02,5.659604e-03,4.879319e-01,1.530168e-02,5.478896e-03,1.364827e-02,3.320378e-03
9.603637e-03,5.672758e-03,7.488071e-03,2.637581e-01,2.799661e-02,3.736570e-03,6.892987e-04,1.865853e-02,5.929703e-02,8.592052e-03,5.431116e-01,2.590036e-02,4.949854e-03,1.742030e-02,3.125224e-03
7.668423e-03,4.610698e-03,6.302539e-03,2.066869e-01,5.068188e-02,4.973698e-03,7.330944e-04,1.348864e-02,4.752496e-02,8.169947e-03,5.952897e-01,2.542951e-02,5.022596e-03,2.061418e-02,2.803287e-03
6.955650e-03,3.763152e-03,5.202689e-03,1.626676e-01,7.221431e-02,4.693586e-03,6.950174e-04,9.767673e-03,3.747940e-02,7.875145e-03,6.315986e-01,2.591055e-02,5.636157e-03,2.293742e-02,2.603066e-03
1.252464e-02,1.645981e-02,9.356873e-03,1.178495e-01,1.813480e-01,5.948907e-03,8.118404e-04,1.028297e-02,3.874720e-02,8.928654e-03,5.411189e-01,2.207347e-02,5.134117e-03,2.606186e-02,3.353233e-03
1.590411e-02,1.544630e-02,8.328377e-03,8.467218e-02,3.093916e-01,5.749107e-03,7.211358e-04,9.820533e-03,3.008922e-02,1.496848e-02,4.455362e-01,1.928225e-02,4.243851e-03,3.288368e-02,2.962915e-03
2.858936e-02,1.349917e-02,9.412952e-03,6.066064e-02,4.026400e-01,7.346404e-03,8.635595e-04,9.486521e-03,3.312373e-02,1.389062e-02,3.440048e-01,1.548238e-02,3.997075e-03,5.276562e-02,4.237109e-03
3.884412e-02,1.627976e-02,1.549551e-02,4.416558e-02,3.542572e-01,2.313558e-02,9.705394e-04,1.574393e-02,3.931472e-02,1.903113e-02,3.066294e-01,1.438416e-02,5.601444e-03,1.005730e-01,5.573921e-03
3.616236e-02,1.350949e-02,1.241080e-02,3.372042e-02,2.717799e-01,2.761935e-02,1.098284e-03,1.258766e-02,3.723853e-02,2.498179e-02,3.868816e-01,2.830116e-02,1.776126e-02,9.062554e-02,5.321825e-03
3.141298e-02,1.019238e-02,9.665800e-03,2.581775e-02,1.927629e-01,2.728084e-02,1.092757e-03,1.001991e-02,2.880048e-02,4.116575e-02,4.837172e-01,3.118908e-02,2.182763e-02,7.769357e-02,7.361006e-03
2.687328e-02,1.068006e-02,1.012411e-02,1.975213e-02,1.373866e-01,2.197754e-02,8.983252e-04,9.822579e-03,2.628659e-02,6.646156e-02,5.266814e-01,3.006953e-02,2.048146e-02,8.525707e-02,7.247726e-03
2.460971e-02,3.298728e-02,1.601622e-02,1.566205e-02,9.913620e-02,1.782958e-02,7.241290e-04,7.777990e-03,1.389256e-01,6.531493e-02,4.523530e-01,2.335530e-02,1.595679e-02,8.245826e-02,6.893040e-03
2.385874e-02,2.976767e-02,2.358807e-02,1.688993e-02,7.123065e-02,1.525447e-02,7.411030e-04,6.980261e-03,1.646166e-01,1.310052e-01,3.761519e-01,2.045774e-02,1.379925e-02,9.617852e-02,9.479919e-03
2.382453e-02,2.221848e-02,2.006312e-02,1.382767e-02,5.326575e-02,1.347641e-02,1.196999e-03,6.567904e-03,1.359314e-01,2.880446e-01,2.921387e-01,1.569991e-02,1.126089e-02,8.692600e-02,1.555761e-02
2.309430e-02,2.351624e-02,3.848032e-02,1.188962e-02,4.085733e-02,1.065281e-02,1.613013e-03,9.210090e-03,1.235980e-01,3.920154e-01,2.181641e-01,1.164375e-02,8.478108e-03,7.446886e-02,1.231811e-02
2.244391e-02,2.076926e-02,4.308764e-02,1.061044e-02,4.784367e-02,1.135157e-02,2.755920e-03,9.727735e-03,1.491127e-01,4.316961e-01,1.631514e-01,9.582061e-03,6.989555e-03,6.096222e-02,9.915832e-03
2.072265e-02,2.436232e-02,3.538264e-02,1.831179e-02,5.878328e-02,1.188931e-02,2.406522e-03,4.155292e-02,2.102622e-01,3.833253e-01,1.240581e-01,9.404215e-03,6.090146e-03,4.580577e-02,7.642874e-03
1.964157e-02,2.238714e-02,4.390395e-02,2.917472e-02,7.469629e-02,1.198453e-02,2.210419e-03,1.241634e-01,2.067650e-01,3.223676e-01,9.067365e-02,7.743449e-03,5.086762e-03,3.355113e-02,5.650425e-03
2.108309e-02,2.030708e-02,3.314254e-02,2.586174e-02,9.213594e-02,1.060650e-02,2.397225e-03,1.060030e-01,3.332908e-01,2.505130e-01,6.584669e-02,6.202928e-03,3.882052e-03,2.458806e-02,4.139388e-03
2.504188e-02,1.662584e-02,2.458806e-02,2.370594e-02,1.933930e-01,1.220673e-02,5.776389e-03,8.669250e-02,3.227620e-01,2.122496e-01,4.733818e-02,4.536291e-03,3.150580e-03,1.874182e-02,3.191254e-03
3.377322e-02,1.468104e-02,1.826567e-02,3.502066e-02,2.269796e-01,1.164976e-02,7.894629e-03,1.050536e-01,2.867119e-01,1.988563e-01,3.532140e-02,4.050924e-03,2.842280e-03,1.602068e-02,2.878163e-03
3.798631e-02,1.512658e-02,2.185219e-02,9.877817e-02,2.054024e-01,1.135996e-02,1.039378e-02,1.855433e-01,2.201804e-01,1.472907e-01,2.555500e-02,3.519691e-03,2.378371e-03,1.154377e-02,3.089315e-03
4.420714e-02,1.214530e-02,2.949974e-02,1.186077e-01,2.119423e-01,1.051744e-02,1.514200e-02,2.460944e-01,1.672692e-01,1.094188e-01,1.907379e-02,3.293410e-03,2.156497e-03,8.378205e-03,2.254037e-03
8.115362e-02,1.567925e-02,3.279431e-02,1.271121e-01,2.181828e-01,1.116960e-02,1.637744e-02,2.085743e-01,1.527557e-01,1.060850e-01,1.504374e-02,3.204853e-03,1.990813e-03,7.793499e-03,2.083004e-03
1.880023e-01,1.784110e-02,3.624408e-02,1.306921e-01,1.840481e-01,1.713121e-02,1.487114e-02,1.581692e-01,1.203557e-01,9.409680e-02,1.423046e-02,9.942216e-03,3.186447e-03,7.116986e-03,4.072146e-03
2.454248e-01,1.859449e-02,3.235587e-02,1.349515e-01,1.697818e-01,4.078166e-02,1.406318e-02,1.352688e-01,1.038522e-01,6.987891e-02,1.281342e-02,8.621134e-03,3.662212e-03,5.624601e-03,4.325344e-03
2.244630e-01,1.457468e-02,2.617816e-02,9.918748e-02,1.698360e-01,1.383392e-01,1.443225e-02,1.615790e-01,7.430501e-02,4.982334e-02,9.952381e-03,6.522793e-03,3.394921e-03,4.083592e-03,3.328098e-03
2.343598e-01,1.119458e-02,2.133282e-02,7.264357e-02,1.564506e-01,1.226245e-01,1.742187e-02,2.484318e-01,5.497215e-02,3.820900e-02,8.239306e-03,5.088643e-03,2.936809e-03,3.117022e-03,2.977525e-03
2.988695e-01,1.046447e-02,2.161446e-02,5.578232e-02,1.343034e-01,1.041454e-01,2.066955e-02,2.579218e-01,4.406074e-02,3.115659e-02,7.240941e-03,4.640064e-03,3.458130e-03,2.516678e-03,3.156034e-03
3.890114e-01,1.141624e-02,2.346272e-02,4.346535e-02,1.149680e-01,8.304436e-02,2.637807e-02,2.260766e-01,3.238776e-02,2.442611e-02,6.801740e-03,4.922377e-03,4.023567e-03,2.894124e-03,6.721571e-03
4.294089e-01,1.520098e-02,2.384320e-02,3.255256e-02,8.642673e-02,6.656903e-02,2.153766e-02,2.131064e-01,3.047871e-02,3.248727e-02,8.150839e-03,5.551682e-03,3.984081e-03,8.024126e-03,2.267785e-02
3.937564e-01,1.373426e-02,1.800728e-02,2.511523e-02,6.190724e-02,4.931678e-02,1.612486e-02,1.670785e-01,5.982154e-02,1.201431e-01,1.129721e-02,5.496056e-03,4.275415e-03,1.330198e-02,4.062428e-02
4.103699e-01,2.012645e-02,2.152580e-02,4.660131e-02,5.202415e-02,3.948771e-02,1.227230e-02,1.227741e-01,6.435905e-02,1.144324e-01,1.178671e-02,1.647400e-02,7.316012e-03,1.170414e-02,4.874592e-02
4.600389e-01,2.077962e-02,1.999073e-02,4.339613e-02,3.794827e-02,3.077656e-02,9.147406e-03,9.290673e-02,6.249814e-02,9.798193e-02,1.148355e-02,1.896903e-02,8.893825e-03,1.278220e-02,7.240701e-02
4.367353e-01,1.952257e-02,1.823097e-02,3.998680e-02,2.762787e-02,2.543909e-02,6.953846e-03,7.014263e-02,9.656031e-02,9.290207e-02,1.064738e-02,1.796772e-02,9.777117e-03,1.643552e-02,1.110708e-01
3.721980e-01,2.023024e-02,3.177042e-02,4.106960e-02,1.995760e-02,1.984637e-02,5.412506e-03,5.292037e-02,1.726378e-01,9.991050e-02,9.796963e-03,1.651056e-02,1.275275e-02,1.460150e-02,1.103848e-01
4.558598e-01,1.971946e-02,3.362327e-02,3.417816e-02,1.465211e-02,1.755193e-02,4.041797e-03,4.121933e-02,1.398754e-01,7.306162e-02,1.068497e-02,1.387591e-02,1.199549e-02,1.881542e-02,1.108453e-01
4.826069e-01,2.348199e-02,3.933802e-02,4.511220e-02,1.260972e-02,1.782624e-02,4.093759e-03,3.427084e-02,1.246050e-01,5.260893e-02,1.135560e-02,1.477102e-02,1.253230e-02,2.057452e-02,1.042130e-01
1.000000e+00,0.000000e+00,0.000000e+00,0.000000e+00,0.000000e+00,0.000000e+00,0.000000e+00,0.000000e+00,0.000000e+00,0.000000e+00,0.000000e+00,0.000000e+00,0.000000e+00,0.000000e+00,0.000000e+00
1.000000e+00,0.000000e+00,0.000000e+00,0.000000e+00,0.000000e+00,0.000000e+00,0.000000e+00,0.000000e+00,0.000000e+00,0.000000e+00,0.000000e+00,0.000000e+00,0.000000e+00,0.000000e+00,0.000000e+00
1.000000e+00,0.000000e+00,0.000000e+00,0.000000e+00,0.000000e+00,0.000000e+00,0.000000e+00,0.000000e+00,0.000000e+00,0.000000e+00,0.000000e+00,0.000000e+00,0.000000e+00,0.000000e+00,0.000000e+00
4.635230e-01,2.520199e-02,1.772502e-02,4.019117e-02,1.745956e-02,2.293750e-02,4.754424e-03,1.749129e-02,6.923418e-02,1.484734e-02,1.624955e-02,2.337243e-02,4.078847e-02,8.851410e-02,1.377100e-01
4.408532e-01,2.207885e-02,1.678824e-02,3.475852e-02,1.328363e-02,2.115536e-02,3.679326e-03,1.281385e-02,7.742837e-02,1.243230e-02,1.767214e-02,1.880441e-02,3.498575e-02,1.321473e-01,1.411188e-01
3.843254e-01,1.792995e-02,1.398946e-02,2.611556e-02,1.310339e-02,1.897017e-02,3.152203e-03,1.007698e-02,8.644347e-02,1.095099e-02,2.168158e-02,1.442644e-02,3.244269e-02,2.215045e-01,1.248872e-01
3.739178e-01,1.895062e-02,1.866701e-02,3.449130e-02,1.626560e-02,1.902598e-02,3.501343e-03,8.995900e-03,1.589809e-01,9.611268e-03,2.121403e-02,1.346943e-02,2.775232e-02,1.677974e-01,1.073591e-01
4.192262e-01,1.803603e-02,1.561853e-02,3.037472e-02,1.803381e-02,1.679921e-02,2.885199e-03,7.813010e-03,1.581525e-01,9.511845e-03,2.028983e-02,1.151273e-02,2.473111e-02,1.347948e-01,1.122206e-01
4.719604e-01,2.180753e-02,1.311054e-02,3.136108e-02,1.986548e-02,2.003095e-02,2.947338e-03,7.490640e-03,1.356634e-01,8.375338e-03,1.756176e-02,1.210412e-02,2.331157e-02,1.108902e-01,1.035197e-01
4.813694e-01,2.631693e-02,2.377140e-02,4.031329e-02,1.766526e-02,2.029328e-02,2.723365e-03,6.520941e-03,1.085026e-01,1.017557e-02,1.549570e-02,1.241882e-02,1.902508e-02,8.288363e-02,1.325248e-01
4.151968e-01,2.677997e-02,5.846372e-02,4.659110e-02,2.344913e-02,1.776263e-02,3.156328e-03,8.379839e-03,1.219941e-01,1.605419e-02,1.355367e-02,1.160720e-02,1.659710e-02,7.499844e-02,1.454158e-01
2.960514e-01,2.502663e-02,2.506684e-01,4.740814e-02,1.793839e-02,1.292034e-02,2.257108e-03,6.105707e-03,1.063026e-01,1.593116e-02,9.891696e-03,8.976351e-03,1.233845e-02,5.307451e-02,1.351092e-01
2.392520e-01,2.624280e-02,3.262647e-01,4.439729e-02,2.308747e-02,1.136115e-02,1.790044e-03,7.118574e-03,1.093233e-01,1.822824e-02,8.164817e-03,7.766825e-03,9.774487e-03,4.123930e-02,1.259890e-01
2.584240e-01,3.578448e-02,3.177032e-01,3.835671e-02,2.684520e-02,1.334761e-02,1.463713e-03,1.579562e-02,9.525063e-02,2.238946e-02,7.155308e-03,8.187838e-03,8.510746e-03,3.603164e-02,1.147540e-01
2.267551e-01,5.028475e-02,2.885394e-01,3.385322e-02,4.149333e-02,1.128859e-02,1.247771e-03,2.650312e-02,9.773662e-02,2.419320e-02,5.615192e-03,6.530615e-03,7.055597e-03,3.298849e-02,1.459151e-01
1.985278e-01,5.184786e-02,2.879805e-01,3.026103e-02,4.774828e-02,1.027939e-02,1.088636e-03,4.173221e-02,1.085888e-01,2.494507e-02,4.280962e-03,5.352796e-03,6.639738e-03,2.938113e-02,1.513457e-01
2.087985e-01,1.058191e-01,2.284593e-01,2.870584e-02,5.433711e-02,1.228068e-02,1.088265e-03,3.272200e-02,9.464166e-02,2.368021e-02,3.924104e-03,4.677534e-03,7.774861e-03,2.944666e-02,1.636442e-01
1.836089e-01,1.241787e-01,1.989143e-01,8.369945e-02,4.624898e-02,9.774685e-03,9.794059e-04,2.625911e-02,8.142660e-02,4.899378e-02,4.325332e-03,6.473706e-03,6.311273e-03,2.151051e-02,1.572952e-01
1.642270e-01,1.025325e-01,2.352203e-01,1.688334e-01,3.959311e-02,8.531718e-03,9.231163e-04,2.205508e-02,6.083039e-02,4.042365e-02,5.007667e-03,5.918302e-03,5.074508e-03,1.532249e-02,1.255068e-01
1.439305e-01,1.454537e-01,2.444331e-01,1.209502e-01,2.876575e-02,1.060889e-02,9.395698e-04,1.777225e-02,5.723632e-02,3.256024e-02,2.729672e-02,6.644934e-03,1.349418e-02,4.437978e-02,1.055339e-01
1.333540e-01,1.223990e-01,2.116536e-01,8.804885e-02,2.084826e-02,1.259791e-02,8.318795e-04,1.348323e-02,6.673762e-02,2.754118e-02,1.178697e-01,6.749552e-03,1.294208e-02,7.591514e-02,8.902803e-02
1.001794e-01,9.168573e-02,1.510338e-01,6.212271e-02,1.470563e-02,1.064922e-02,6.635342e-04,9.943260e-03,5.443726e-02,2.007016e-02,2.815343e-01,5.862183e-03,9.793648e-03,1.233795e-01,6.393963e-02
7.339150e-02,6.620032e-02,1.064050e-01,4.360879e-02,1.035637e-02,7.940319e-03,5.055819e-04,7.105815e-03,3.964129e-02,1.432193e-02,4.094556e-01,5.096189e-03,7.219240e-03,1.637007e-01,4.505148e-02
7.326404e-02,4.864012e-02,7.503352e-02,3.131737e-02,9.126453e-03,6.833265e-03,7.784995e-04,5.654294e-03,3.237534e-02,1.173520e-02,4.382153e-01,5.285451e-03,6.284933e-03,2.225667e-01,3.288956e-02
5.254618e-02,3.903627e-02,5.313302e-02,2.267835e-02,8.545592e-03,6.749884e-03,8.314518e-04,4.297693e-03,3.542517e-02,1.385726e-02,4.880512e-01,7.476394e-03,5.290485e-03,2.343922e-01,2.768889e-02
3.780306e-02,4.868498e-02,4.110135e-02,1.630781e-02,2.894505e-02,8.566400e-03,1.202338e-03,4.867084e-03,3.894452e-02,1.262273e-02,4.525938e-01,7.452729e-03,4.548071e-03,2.722906e-01,2.406957e-02
2.667936e-02,3.736109e-02,2.933677e-02,1.157715e-02,2.445694e-02,7.145787e-03,9.938761e-04,3.655463e-03,4.554619e-02,1.157841e-02,4.675107e-01,6.159848e-03,3.548115e-03,3.069490e-01,1.750132e-02
1.927807e-02,3.096463e-02,2.182471e-02,8.937246e-03,2.843484e-02,1.260243e-02,1.229038e-03,3.607724e-03,5.988346e-02,1.566709e-02,4.519297e-01,5.492376e-03,2.953832e-03,3.242309e-01,1.296393e-02
1.943564e-02,2.456425e-02,1.674773e-02,8.341758e-03,2.571583e-02,2.585237e-02,1.267349e-03,4.213861e-03,7.661052e-02,2.974234e-02,4.185023e-01,6.397697e-03,4.061899e-03,3.287019e-01,9.844549e-03
1.708032e-02,2.018805e-02,1.211605e-02,7.254735e-03,2.145474e-02,3.207732e-02,1.031920e-03,3.110407e-03,9.821878e-02,2.825260e-02,3.882908e-01,8.852302e-03,9.774775e-03,3.447987e-01,7.498542e-03
1.315158e-02,1.797882e-02,8.842344e-03,6.879083e-03,1.808888e-02,5.042756e-02,1.051698e-03,2.412026e-03,1.724319e-01,2.556714e-02,3.326579e-01,1.444557e-02,1.233526e-02,3.179793e-01,5.750875e-03
1.393714e-02,1.531638e-02,6.777768e-03,1.767894e-02,2.203689e-02,4.559629e-02,1.260607e-03,1.286331e-02,2.844314e-01,2.596274e-02,2.736052e-01,1.363861e-02,1.210589e-02,2.503380e-01,4.450844e-03
1.222152e-02,1.406527e-02,5.058155e-03,1.717210e-02,2.010858e-02,4.502959e-02,1.085183e-03,1.010340e-02,3.139287e-01,2.676450e-02,2.784033e-01,1.468221e-02,1.090773e-02,2.269922e-01,3.477549e-03
9.251758e-03,1.119659e-02,3.681531e-03,1.364105e-02,1.657602e-02,3.554850e-02,8.508101e-04,7.153205e-03,2.702794e-01,2.468193e-02,4.114428e-01,1.366640e-02,9.214202e-03,1.699414e-01,2.874410e-03
7.346743e-03,1.012181e-02,2.782536e-03,1.012455e-02,1.816267e-02,3.029401e-02,1.231935e-03,6.118146e-03,3.800584e-01,2.187129e-02,3.554810e-01,1.209938e-02,8.646336e-03,1.333084e-01,2.352810e-03
5.524456e-03,2.663200e-02,2.303936e-03,7.302956e-03,1.380923e-02,6.077589e-02,9.443710e-04,4.655953e-03,5.006777e-01,1.589000e-02,2.507689e-01,8.620494e-03,6.248416e-03,9.395074e-02,1.894922e-03
4.627385e-03,2.078545e-02,2.224092e-03,7.696788e-03,1.291638e-02,9.112266e-02,8.077908e-04,5.692361e-03,5.818955e-01,1.421192e-02,1.760667e-01,6.193021e-03,4.786897e-03,6.655565e-02,4.417348e-03
5.213221e-03,1.684637e-02,1.969767e-03,6.772220e-03,1.939010e-02,1.273073e-01,8.299170e-04,5.107467e-03,6.138470e-01,1.215073e-02,1.234698e-01,4.412357e-03,3.696325e-03,4.706611e-02,1.192136e-02
7.190118e-03,1.435776e-02,2.021663e-03,1.649030e-02,2.669474e-02,1.309236e-01,9.199031e-04,4.856845e-02,6.024939e-01,9.816274e-03,8.675675e-02,3.311831e-03,2.981519e-03,3.338413e-02,1.408901e-02
8.803561e-03,1.756525e-02,2.026956e-03,1.491214e-02,3.138943e-02,1.618010e-01,9.847482e-04,4.436476e-02,5.583840e-01,1.040768e-02,6.104507e-02,2.556018e-03,3.605747e-03,2.393774e-02,5.821592e-02
1.018887e-02,1.881418e-02,2.071152e-03,1.602552e-02,2.897229e-02,2.403749e-01,1.024877e-03,4.886942e-02,4.715459e-01,1.121215e-02,4.316459e-02,2.059583e-03,3.903995e-03,1.728844e-02,8.448423e-02
2.145248e-02,2.197011e-02,1.792206e-03,1.221121e-02,3.404731e-02,2.715237e-01,1.177559e-03,6.654768e-02,4.459161e-01,8.467791e-03,3.087075e-02,1.812184e-03,3.094980e-03,1.276699e-02,6.634901e-02
2.140469e-02,1.634239e-02,1.389210e-03,9.232518e-03,3.070218e-02,2.446322e-01,9.624203e-04,2.535663e-01,3.348552e-01,5.960744e-03,2.173653e-02,1.363681e-03,2.249871e-03,9.013946e-03,4.658824e-02
2.034625e-02,1.191610e-02,1.091769e-03,6.726834e-03,2.371188e-02,1.769087e-01,1.008881e-03,4.581056e-01,2.390745e-01,4.180006e-03,1.526031e-02,9.974309e-04,1.629104e-03,6.322135e-03,3.272056e-02
1.494804e-02,8.397651e-03,8.378247e-04,4.774980e-03,1.691910e-02,1.244085e-01,7.882171e-04,6.183971e-01,1.676841e-01,2.930335e-03,1.069337e-02,7.049723e-04,1.172473e-03,4.427394e-03,2.291599e-02
1.128442e-02,5.966372e-03,9.421296e-04,3.503833e-03,1.214336e-02,8.735642e-02,6.479850e-04,7.303638e-01,1.175487e-01,2.060868e-03,7.530620e-03,5.130372e-04,9.363302e-04,3.103358e-03,1.609883e-02
1.097927e-02,4.232689e-03,1.470838e-03,2.696410e-03,9.089863e-03,6.289950e-02,5.605153e-04,8.039670e-01,8.235956e-02,1.452943e-03,5.365612e-03,5.165261e-04,8.545925e-04,2.180358e-03,1.137443e-02
1.114411e-02,3.041942e-03,2.259198e-03,5.146138e-03,7.651584e-03,4.625392e-02,5.816817e-04,8.042062e-01,5.784369e-02,1.411865e-03,1.007918e-02,9.368130e-03,3.079822e-02,1.571728e-03,8.642473e-03
7.928991e-03,2.171238e-03,2.480222e-03,5.928943e-03,5.795769e-03,3.300776e-02,6.322420e-04,6.201296e-01,4.077500e-02,1.632017e-03,3.242331e-02,3.342709e-02,2.053397e-01,1.357499e-03,6.970653e-03
5.661318e-03,1.691589e-03,2.430526e-03,5.409474e-03,4.291384e-03,2.418403e-02,1.408657e-03,4.368938e-01,2.888810e-02,4.280200e-03,3.855648e-02,7.430467e-02,3.647893e-01,1.541376e-03,5.669222e-03
4.073706e-03,1.330103e-03,2.938490e-03,4.745185e-03,3.193890e-03,1.723708e-02,1.341512e-03,3.082663e-01,2.066162e-02,1.455463e-02,3.946910e-02,8.709568e-02,4.879268e-01,1.785877e-03,5.380091e-03
4.869303e-03,1.824050e-03,4.857124e-03,4.430529e-03,3.639058e-03,1.356365e-02,1.341014e-02,2.209323e-01,2.017229e-02,1.809235e-02,3.178615e-02,2.324785e-01,4.225385e-01,2.519178e-03,4.886912e-03
3.742454e-03,2.466633e-03,4.952711e-03,3.405440e-03,3.087733e-03,1.005540e-02,1.191220e-02,1.549212e-01,1.570033e-02,2.945448e-02,2.613132e-02,3.849576e-01,3.428257e-01,2.666731e-03,3.720123e-03
