1.000000e+00,0.000000e+00,0.000000e+00,0.000000e+00,0.000000e+00,0.000000e+00,0.000000e+00,0.000000e+00,0.000000e+00,0.000000e+00,0.000000e+00,0.000000e+00,0.000000e+00,0.000000e+00,0.000000e+00
1.000000e+00,0.000000e+00,0.000000e+00,0.000000e+00,0.000000e+00,0.000000e+00,0.000000e+00,0.000000e+00,0.000000e+00,0.000000e+00,0.000000e+00,0.000000e+00,0.000000e+00,0.000000e+00,0.000000e+00
1.000000e+00,0.000000e+00,0.000000e+00,0.000000e+00,0.000000e+00,0.000000e+00,0.000000e+00,0.000000e+00,0.000000e+00,0.000000e+00,0.000000e+00,0.000000e+00,0.000000e+00,0.000000e+00,0.000000e+00
1.000000e+00,0.000000e+00,0.000000e+00,0.000000e+00,0.000000e+00,0.000000e+00,0.000000e+00,0.000000e+00,0.000000e+00,0.000000e+00,0.000000e+00,0.000000e+00,0.000000e+00,0.000000e+00,0.000000e+00
1.000000e+00,0.000000e+00,0.000000e+00,0.000000e+00,0.000000e+00,0.000000e+00,0.000000e+00,0.000000e+00,0.000000e+00,0.000000e+00,0.000000e+00,0.000000e+00,0.000000e+00,0.000000e+00,0.000000e+00
1.000000e+00,0.000000e+00,0.000000e+00,0.000000e+00,0.000000e+00,0.000000e+00,0.000000e+00,0.000000e+00,0.000000e+00,0.000000e+00,0.000000e+00,0.000000e+00,0.000000e+00,0.000000e+00,0.000000e+00
1.000000e+00,0.000000e+00,0.000000e+00,0.000000e+00,0.000000e+00,0.000000e+00,0.000000e+00,0.000000e+00,0.000000e+00,0.000000e+00,0.000000e+00,0.000000e+00,0.000000e+00,0.000000e+00,0.000000e+00
1.000000e+00,0.000000e+00,0.000000e+00,0.000000e+00,0.000000e+00,0.000000e+00,0.000000e+00,0.000000e+00,0.000000e+00,0.000000e+00,0.000000e+00,0.000000e+00,0.000000e+00,0.000000e+00,0.000000e+00
1.000000e+00,0.000000e+00,0.000000e+00,0.000000e+00,0.000000e+00,0.000000e+00,0.000000e+00,0.000000e+00,0.000000e+00,0.000000e+00,0.000000e+00,0.000000e+00,0.000000e+00,0.000000e+00,0.000000e+00
1.000000e+00,0.000000e+00,0.000000e+00,0.000000e+00,0.000000e+00,0.000000e+00,0.000000e+00,0.000000e+00,0.000000e+00,0.000000e+00,0.000000e+00,0.000000e+00,0.000000e+00,0.000000e+00,0.000000e+00
1.000000e+00,0.000000e+00,0.000000e+00,0.000000e+00,0.000000e+00,0.000000e+00,0.000000e+00,0.000000e+00,0.000000e+00,0.000000e+00,0.000000e+00,0.000000e+00,0.000000e+00,0.000000e+00,0.000000e+00
1.000000e+00,0.000000e+00,0.000000e+00,0.000000e+00,0.000000e+00,0.000000e+00,0.000000e+00,0.000000e+00,0.000000e+00,0.000000e+00,0.000000e+00,0.000000e+00,0.000000e+00,0.000000e+00,0.000000e+00
1.000000e+00,0.000000e+00,0.000000e+00,0.000000e+00,0.000000e+00,0.000000e+00,0.000000e+00,0.000000e+00,0.000000e+00,0.000000e+00,0.000000e+00,0.000000e+00,0.000000e+00,0.000000e+00,0.000000e+00
1.000000e+00,0.000000e+00,0.000000e+00,0.000000e+00,0.000000e+00,0.000000e+00,0.000000e+00,0.000000e+00,0.000000e+00,0.000000e+00,0.000000e+00,0.000000e+00,0.000000e+00,0.000000e+00,0.000000e+00
1.000000e+00,0.000000e+00,0.000000e+00,0.000000e+00,0.000000e+00,0.000000e+00,0.000000e+00,0.000000e+00,0.000000e+00,0.000000e+00,0.000000e+00,0.000000e+00,0.000000e+00,0.000000e+00,0.000000e+00
1.000000e+00,0.000000e+00,0.000000e+00,0.000000e+00,0.000000e+00,0.000000e+00,0.000000e+00,0.000000e+00,0.000000e+00,0.000000e+00,0.000000e+00,0.000000e+00,0.000000e+00,0.000000e+00,0.000000e+00
1.000000e+00,0.000000e+00,0.000000e+00,0.000000e+00,0.000000e+00,0.000000e+00,0.000000e+00,0.000000e+00,0.000000e+00,0.000000e+00,0.000000e+00,0.000000e+00,0.000000e+00,0.000000e+00,0.000000e+00
1.000000e+00,0.000000e+00,0.000000e+00,0.000000e+00,0.000000e+00,0.000000e+00,0.000000e+00,0.000000e+00,0.000000e+00,0.000000e+00,0.000000e+00,0.000000e+00,0.000000e+00,0.000000e+00,0.000000e+00
1.000000e+00,0.000000e+00,0.000000e+00,0.000000e+00,0.000000e+00,0.000000e+00,0.000000e+00,0.000000e+00,0.000000e+00,0.000000e+00,0.000000e+00,0.000000e+00,0.000000e+00,0.000000e+00,0.000000e+00
1.000000e+00,0.000000e+00,0.000000e+00,0.000000e+00,0.000000e+00,0.000000e+00,0.000000e+00,0.000000e+00,0.000000e+00,0.000000e+00,0.000000e+00,0.000000e+00,0.000000e+00,0.000000e+00,0.000000e+00
1.000000e+00,0.000000e+00,0.000000e+00,0.000000e+00,0.000000e+00,0.000000e+00,0.000000e+00,0.000000e+00,0.000000e+00,0.000000e+00,0.000000e+00,0.000000e+00,0.000000e+00,0.000000e+00,0.000000e+00
1.000000e+00,0.000000e+00,0.000000e+00,0.000000e+00,0.000000e+00,0.000000e+00,0.000000e+00,0.000000e+00,0.000000e+00,0.000000e+00,0.000000e+00,0.000000e+00,0.000000e+00,0.000000e+00,0.000000e+00
1.000000e+00,0.000000e+00,0.000000e+00,0.000000e+00,0.000000e+00,0.000000e+00,0.000000e+00,0.000000e+00,0.000000e+00,0.000000e+00,0.000000e+00,0.000000e+00,0.000000e+00,0.000000e+00,0.000000e+00
1.000000e+00,0.000000e+00,0.000000e+00,0.000000e+00,0.000000e+00,0.000000e+00,0.000000e+00,0.000000e+00,0.000000e+00,0.000000e+00,0.000000e+00,0.000000e+00,0.000000e+00,0.000000e+00,0.000000e+00
1.000000e+00,0.000000e+00,0.000000e+00,0.000000e+00,0.000000e+00,0.000000e+00,0.000000e+00,0.000000e+00,0.000000e+00,0.000000e+00,0.000000e+00,0.000000e+00,0.000000e+00,0.000000e+00,0.000000e+00
1.000000e+00,0.000000e+00,0.000000e+00,0.000000e+00,0.000000e+00,0.000000e+00,0.000000e+00,0.000000e+00,0.000000e+00,0.000000e+00,0.000000e+00,0.000000e+00,0.000000e+00,0.000000e+00,0.000000e+00
1.000000e+00,0.000000e+00,0.000000e+00,0.000000e+00,0.000000e+00,0.000000e+00,0.000000e+00,0.000000e+00,0.000000e+00,0.000000e+00,0.000000e+00,0.000000e+00,0.000000e+00,0.000000e+00,0.000000e+00
1.000000e+00,0.000000e+00,0.000000e+00,0.000000e+00,0.000000e+00,0.000000e+00,0.000000e+00,0.000000e+00,0.000000e+00,0.000000e+00,0.000000e+00,0.000000e+00,0.000000e+00,0.000000e+00,0.000000e+00
1.000000e+00,0.000000e+00,0.000000e+00,0.000000e+00,0.000000e+00,0.000000e+00,0.000000e+00,0.000000e+00,0.000000e+00,0.000000e+00,0.000000e+00,0.000000e+00,0.000000e+00,0.000000e+00,0.000000e+00
1.000000e+00,0.000000e+00,0.000000e+00,0.000000e+00,0.000000e+00,0.000000e+00,0.000000e+00,0.000000e+00,0.000000e+00,0.000000e+00,0.000000e+00,0.000000e+00,0.000000e+00,0.000000e+00,0.000000e+00
1.000000e+00,0.000000e+00,0.000000e+00,0.000000e+00,0.000000e+00,0.000000e+00,0.000000e+00,0.000000e+00,0.000000e+00,0.000000e+00,0.000000e+00,0.000000e+00,0.000000e+00,0.000000e+00,0.000000e+00
1.000000e+00,0.000000e+00,0.000000e+00,0.000000e+00,0.000000e+00,0.000000e+00,0.000000e+00,0.000000e+00,0.000000e+00,0.000000e+00,0.000000e+00,0.000000e+00,0.000000e+00,0.000000e+00,0.000000e+00
1.000000e+00,0.000000e+00,0.000000e+00,0.000000e+00,0.000000e+00,0.000000e+00,0.000000e+00,0.000000e+00,0.000000e+00,0.000000e+00,0.000000e+00,0.000000e+00,0.000000e+00,0.000000e+00,0.000000e+00
1.000000e+00,0.000000e+00,0.000000e+00,0.000000e+00,0.000000e+00,0.000000e+00,0.000000e+00,0.000000e+00,0.000000e+00,0.000000e+00,0.000000e+00,0.000000e+00,0.000000e+00,0.000000e+00,0.000000e+00
1.000000e+00,0.000000e+00,0.000000e+00,0.000000e+00,0.000000e+00,0.000000e+00,0.000000e+00,0.000000e+00,0.000000e+00,0.000000e+00,0.000000e+00,0.000000e+00,0.000000e+00,0.000000e+00,0.000000e+00
1.000000e+00,0.000000e+00,0.000000e+00,0.000000e+00,0.000000e+00,0.000000e+00,0.000000e+00,0.000000e+00,0.000000e+00,0.000000e+00,0.000000e+00,0.000000e+00,0.000000e+00,0.000000e+00,0.000000e+00
1.000000e+00,0.000000e+00,0.000000e+00,0.000000e+00,0.000000e+00,0.000000e+00,0.000000e+00,0.000000e+00,0.000000e+00,0.000000e+00,0.000000e+00,0.000000e+00,0.000000e+00,0.000000e+00,0.000000e+00
1.000000e+00,0.000000e+00,0.000000e+00,0.000000e+00,0.000000e+00,0.000000e+00,0.000000e+00,0.000000e+00,0.000000e+00,0.000000e+00,0.000000e+00,0.000000e+00,0.000000e+00,0.000000e+00,0.000000e+00
1.000000e+00,0.000000e+00,0.000000e+00,0.000000e+00,0.000000e+00,0.000000e+00,0.000000e+00,0.000000e+00,0.000000e+00,0.000000e+00,0.000000e+00,0.000000e+00,0.000000e+00,0.000000e+00,0.000000e+00
1.000000e+00,0.000000e+00,0.000000e+00,0.000000e+00,0.000000e+00,0.000000e+00,0.000000e+00,0.000000e+00,0.000000e+00,0.000000e+00,0.000000e+00,0.000000e+00,0.000000e+00,0.000000e+00,0.000000e+00
1.000000e+00,0.000000e+00,0.000000e+00,0.000000e+00,0.000000e+00,0.000000e+00,0.000000e+00,0.000000e+00,0.000000e+00,0.000000e+00,0.000000e+00,0.000000e+00,0.000000e+00,0.000000e+00,0.000000e+00
1.000000e+00,0.000000e+00,0.000000e+00,0.000000e+00,0.000000e+00,0.000000e+00,0.000000e+00,0.000000e+00,0.000000e+00,0.000000e+00,0.000000e+00,0.000000e+00,0.000000e+00,0.000000e+00,0.000000e+00
1.000000e+00,0.000000e+00,0.000000e+00,0.000000e+00,0.000000e+00,0.000000e+00,0.000000e+00,0.000000e+00,0.000000e+00,0.000000e+00,0.000000e+00,0.000000e+00,0.000000e+00,0.000000e+00,0.000000e+00
1.000000e+00,0.000000e+00,0.000000e+00,0.000000e+00,0.000000e+00,0.000000e+00,0.000000e+00,0.000000e+00,0.000000e+00,0.000000e+00,0.000000e+00,0.000000e+00,0.000000e+00,0.000000e+00,0.000000e+00
1.000000e+00,0.000000e+00,0.000000e+00,0.000000e+00,0.000000e+00,0.000000e+00,0.000000e+00,0.000000e+00,0.000000e+00,0.000000e+00,0.000000e+00,0.000000e+00,0.000000e+00,0.000000e+00,0.000000e+00
1.000000e+00,0.000000e+00,0.000000e+00,0.000000e+00,0.000000e+00,0.000000e+00,0.000000e+00,0.000000e+00,0.000000e+00,0.000000e+00,0.000000e+00,0.000000e+00,0.000000e+00,0.000000e+00,0.000000e+00
1.000000e+00,0.000000e+00,0.000000e+00,0.000000e+00,0.000000e+00,0.000000e+00,0.000000e+00,0.000000e+00,0.000000e+00,0.000000e+00,0.000000e+00,0.000000e+00,0.000000e+00,0.000000e+00,0.000000e+00
1.000000e+00,0.000000e+00,0.000000e+00,0.000000e+00,0.000000e+00,0.000000e+00,0.000000e+00,0.000000e+00,0.000000e+00,0.000000e+00,0.000000e+00,0.000000e+00,0.000000e+00,0.000000e+00,0.000000e+00
4.214478e-01,4.295238e-02,1.497082e-02,1.796992e-01,4.110981e-03,1.137901e-02,1.860656e-03,5.009627e-03,9.928521e-02,5.016964e-02,8.613204e-03,9.217193e-03,1.134874e-02,2.205826e-03,1.377297e-01
3.317716e-01,3.320266e-02,1.338406e-02,1.291937e-01,3.715086e-03,8.858668e-03,1.493683e-03,4.008978e-03,1.381613e-01,1.000817e-01,7.235299e-03,6.904970e-03,1.007238e-02,5.621881e-03,2.062941e-01
2.368031e-01,3.536833e-02,1.043623e-02,9.970314e-02,2.680538e-03,6.447981e-03,1.082416e-03,2.903184e-03,2.511308e-01,1.436208e-01,5.460238e-03,4.953061e-03,7.919690e-03,4.415165e-03,1.870754e-01
1.728382e-01,3.336900e-02,1.074438e-02,8.065097e-02,2.007461e-03,4.758107e-03,7.927736e-04,2.222316e-03,3.057729e-01,2.086822e-01,4.363737e-03,3.594549e-03,6.399090e-03,4.732451e-03,1.590718e-01
1.258454e-01,4.742511e-02,8.100660e-03,5.756653e-02,1.541188e-03,3.535430e-03,5.798064e-04,1.622908e-03,3.947263e-01,1.855672e-01,3.527305e-03,2.618431e-03,5.255317e-03,4.460811e-03,1.576276e-01
8.897904e-02,3.863089e-02,5.919084e-03,4.400257e-02,1.098920e-03,2.513559e-03,4.121384e-04,1.159273e-03,5.598772e-01,1.320221e-01,2.612413e-03,1.940464e-03,3.932748e-03,3.902874e-03,1.129969e-01
7.157793e-02,3.624574e-02,5.359435e-03,3.181601e-02,9.215020e-04,2.193318e-03,3.407342e-04,1.009802e-03,5.091219e-01,9.625536e-02,2.906205e-03,1.631046e-03,3.944687e-03,5.711994e-02,1.795565e-01
5.459639e-02,3.327484e-02,5.922307e-03,2.937046e-02,7.522074e-04,1.643916e-03,2.695337e-04,8.113856e-04,5.941569e-01,6.890083e-02,3.181010e-03,2.114972e-03,3.616073e-03,5.302525e-02,1.483640e-01
4.951087e-02,2.915070e-02,6.336123e-03,2.264197e-02,7.435014e-04,1.510552e-03,2.347820e-04,6.946787e-04,4.636979e-01,5.094984e-02,4.803832e-03,2.693524e-03,8.080777e-03,1.666240e-01,1.923270e-01
4.516621e-02,2.252895e-02,5.876942e-03,1.624800e-02,1.891007e-03,1.724203e-03,2.772084e-04,7.525341e-04,3.327467e-01,3.658059e-02,5.320287e-03,2.458955e-03,8.702722e-03,3.047503e-01,2.149755e-01
5.956808e-02,2.233909e-02,5.515396e-03,1.223555e-02,1.482876e-02,2.647169e-03,5.926519e-04,1.744490e-03,2.516275e-01,2.642455e-02,6.732586e-03,4.770042e-03,1.468835e-02,2.819356e-01,2.943502e-01
4.986325e-02,1.645240e-02,4.155907e-03,8.678242e-03,1.974713e-02,2.815277e-03,5.301277e-04,1.362571e-03,1.803773e-01,1.937483e-02,5.276419e-03,3.471980e-03,1.157962e-02,3.284993e-01,3.478157e-01
3.767286e-02,1.235109e-02,3.132862e-03,6.185610e-03,1.517266e-02,3.066824e-03,4.283124e-04,1.012198e-03,1.435630e-01,1.717293e-02,4.887654e-03,2.670407e-03,9.314635e-03,3.789688e-01,3.644002e-01
2.713985e-02,1.010481e-02,2.976588e-03,4.724331e-03,1.204847e-02,3.343262e-03,3.593955e-04,8.594051e-04,1.450307e-01,1.645603e-02,5.369199e-03,2.267391e-03,8.678453e-03,3.258656e-01,4.347766e-01
2.124199e-02,9.611562e-03,5.374053e-03,1.549833e-02,9.784885e-03,2.690696e-03,3.667499e-04,8.244268e-04,3.074679e-01,1.258609e-02,4.631449e-03,1.735138e-03,6.418198e-03,2.611521e-01,3.406165e-01
1.950938e-02,8.503529e-03,6.559126e-03,1.205890e-02,8.988440e-03,2.720441e-03,7.954786e-04,1.395526e-03,2.368148e-01,1.114154e-02,4.874283e-03,1.330022e-03,5.030536e-03,3.364775e-01,3.438005e-01
3.170174e-02,1.207348e-02,1.754710e-02,1.145411e-02,1.023240e-02,4.562712e-03,1.573600e-03,3.450466e-03,2.053301e-01,1.320760e-02,5.705480e-03,1.237813e-03,4.542696e-03,3.222539e-01,3.551268e-01
1.112119e-01,2.601548e-02,1.614970e-02,1.142386e-02,1.068164e-02,1.067809e-02,1.906297e-03,4.184193e-03,1.806755e-01,1.328362e-02,5.975842e-03,2.513856e-03,6.761772e-03,2.366586e-01,3.618797e-01
1.367519e-01,3.126094e-02,2.252950e-02,3.937064e-02,1.880235e-02,1.540787e-02,3.017294e-03,1.147390e-02,1.498028e-01,1.184013e-02,7.589140e-03,5.165270e-03,7.478037e-03,1.719129e-01,3.675973e-01
2.265407e-01,4.836182e-02,2.693904e-02,3.782881e-02,1.824426e-02,1.444094e-02,2.602799e-03,2.326584e-02,1.520526e-01,1.532168e-02,6.517594e-03,5.838617e-03,7.086236e-03,1.264237e-01,2.885355e-01
3.102468e-01,4.650382e-02,2.420153e-02,3.613624e-02,1.861566e-02,1.435516e-02,2.677925e-03,2.651015e-02,1.625973e-01,1.529972e-02,6.038189e-03,6.964686e-03,6.741911e-03,9.609175e-02,2.270192e-01
3.627812e-01,4.584597e-02,2.113695e-02,2.909558e-02,1.837260e-02,1.245567e-02,2.436108e-03,2.667656e-02,1.511740e-01,1.376706e-02,5.149457e-03,6.947679e-03,6.608478e-03,7.382613e-02,2.237266e-01
3.928208e-01,5.914823e-02,1.706112e-02,2.454447e-02,2.372420e-02,1.325548e-02,2.411271e-03,2.248352e-02,1.671158e-01,1.269993e-02,4.797946e-03,6.714921e-03,7.066933e-03,6.346585e-02,1.826895e-01
4.028391e-01,7.487077e-02,1.801853e-02,3.281419e-02,2.624784e-02,1.301823e-02,2.502702e-03,2.059609e-02,1.740846e-01,1.799984e-02,5.248947e-03,7.397237e-03,6.783374e-03,4.741501e-02,1.501636e-01
3.817005e-01,1.470323e-01,1.400129e-02,2.489729e-02,2.596564e-02,1.893141e-02,2.181743e-03,1.859219e-02,1.635847e-01,1.413352e-02,4.081525e-03,5.685307e-03,7.509854e-03,3.956887e-02,1.321338e-01
4.003910e-01,1.731562e-01,1.329076e-02,1.927133e-02,2.709070e-02,1.749945e-02,2.214356e-03,2.045074e-02,1.481989e-01,1.385291e-02,3.575468e-03,4.741745e-03,6.453238e-03,3.796187e-02,1.118514e-01
3.971769e-01,2.193368e-01,2.108267e-02,1.608427e-02,2.135033e-02,1.441466e-02,2.002268e-03,1.972950e-02,1.191684e-01,2.103232e-02,3.773771e-03,4.453460e-03,4.985755e-03,2.828618e-02,1.071227e-01
3.493438e-01,2.367385e-01,4.280508e-02,1.635048e-02,1.649181e-02,1.496921e-02,2.021435e-03,1.718571e-02,1.043090e-01,2.470344e-02,1.108578e-02,5.113636e-03,4.247650e-03,4.915148e-02,1.054831e-01
3.488616e-01,2.021891e-01,5.831870e-02,1.523503e-02,1.295866e-02,1.677078e-02,2.207815e-03,1.399556e-02,8.893235e-02,2.877577e-02,3.497662e-02,6.037775e-03,4.118095e-03,6.155792e-02,1.050643e-01
3.558722e-01,1.533046e-01,7.229339e-02,1.228180e-02,1.158613e-02,3.404668e-02,2.497262e-03,1.703388e-02,7.876082e-02,2.211072e-02,6.311435e-02,7.084719e-03,5.377125e-03,8.957858e-02,7.505774e-02
2.934779e-01,1.129767e-01,6.829847e-02,9.542324e-03,8.659257e-03,3.729559e-02,2.042132e-03,1.392268e-02,6.297679e-02,1.646845e-02,1.510402e-01,8.083092e-03,6.648977e-03,1.527424e-01,5.582514e-02
2.434846e-01,8.181102e-02,5.659923e-02,7.544847e-03,7.587333e-03,1.179167e-01,3.122511e-03,1.528190e-02,5.832639e-02,1.317243e-02,1.563240e-01,8.666305e-03,8.638091e-03,1.816572e-01,3.986740e-02
1.766017e-01,5.828233e-02,4.061683e-02,5.804320e-03,5.758386e-03,9.346759e-02,2.497039e-03,1.140263e-02,5.550210e-02,1.214064e-02,1.983270e-01,9.090101e-03,6.699615e-03,2.955838e-01,2.822594e-02
1.270768e-01,4.107088e-02,2.885788e-02,4.393533e-03,4.244797e-03,7.232424e-02,1.801088e-03,8.309096e-03,4.196255e-02,1.011012e-02,2.838247e-01,7.585501e-03,5.207798e-03,3.432760e-01,1.995510e-02
8.991287e-02,2.899251e-02,2.040786e-02,3.755125e-03,3.896294e-03,5.717377e-02,1.415697e-03,6.262721e-03,3.739566e-02,1.165623e-02,3.388765e-01,6.289682e-03,4.628902e-03,3.751247e-01,1.421143e-02
6.380271e-02,2.060354e-02,1.546522e-02,3.270378e-03,4.052656e-03,4.595231e-02,1.237651e-03,5.122568e-03,3.222440e-02,1.119000e-02,3.645514e-01,5.380531e-03,4.447854e-03,4.124978e-01,1.020101e-02
4.598885e-02,1.501119e-02,2.040857e-02,2.827380e-03,4.628990e-03,3.680143e-02,1.246170e-03,4.123169e-03,4.596443e-02,1.292604e-02,3.353731e-01,4.721985e-03,3.714269e-03,4.589382e-01,7.326279e-03
3.385525e-02,1.286362e-02,1.741814e-02,5.452706e-03,1.190685e-02,4.329017e-02,1.760135e-03,4.382557e-03,8.927158e-02,1.350355e-02,2.786810e-01,5.276899e-03,5.302644e-03,4.715092e-01,5.525762e-03
2.477789e-02,1.037495e-02,1.307295e-02,4.629822e-03,1.249575e-02,8.171737e-02,1.939534e-03,3.654670e-03,1.215448e-01,1.299952e-02,2.247930e-01,5.184179e-03,5.623922e-03,4.731623e-01,4.029388e-03
1.973965e-02,9.128900e-03,1.026773e-02,7.173329e-03,1.358864e-02,9.784549e-02,1.563714e-03,3.692051e-03,1.481098e-01,1.615764e-02,2.034463e-01,8.699939e-03,6.887287e-03,4.501290e-01,3.570576e-03
1.461335e-02,6.924817e-03,7.458838e-03,6.164774e-03,1.142621e-02,1.666475e-01,1.263586e-03,3.126143e-03,1.229725e-01,1.819438e-02,1.883585e-01,8.327028e-03,5.788023e-03,4.359143e-01,2.820111e-03
1.082511e-02,5.402754e-03,5.451018e-03,7.930588e-03,1.273124e-02,2.259824e-01,1.004205e-03,3.111914e-03,1.108592e-01,3.425945e-02,1.640754e-01,9.387580e-03,4.288267e-02,3.611107e-01,4.985764e-03
9.698346e-03,6.145209e-03,4.560024e-03,1.127528e-02,1.936311e-02,1.908188e-01,2.058148e-03,1.093705e-02,1.563787e-01,2.929449e-02,1.971616e-01,1.733845e-02,5.022588e-02,2.897612e-01,4.983698e-03
1.181447e-02,5.631312e-03,1.442145e-02,2.780822e-02,6.203559e-02,1.523850e-01,5.441574e-03,7.954278e-02,1.192820e-01,2.502947e-02,1.846110e-01,2.519879e-02,6.183049e-02,2.205276e-01,4.440295e-03
2.115601e-02,8.529899e-03,2.131254e-02,4.857130e-02,6.626002e-02,1.262824e-01,6.355014e-03,7.909156e-02,1.710877e-01,3.186934e-02,1.639473e-01,2.486661e-02,5.621802e-02,1.619468e-01,1.250547e-02
2.040256e-02,1.472121e-02,2.183395e-02,4.280156e-02,5.846456e-02,1.006805e-01,6.948350e-03,7.790484e-02,2.943507e-01,4.068127e-02,1.237452e-01,2.064681e-02,4.451510e-02,1.177441e-01,1.455937e-02
2.022586e-02,2.131955e-02,2.019655e-02,3.346282e-02,4.795698e-02,7.998706e-02,6.067778e-03,6.325689e-02,4.314076e-01,3.350480e-02,8.861144e-02,1.537301e-02,3.286905e-02,8.330076e-02,2.245988e-02
2.461934e-02,2.866890e-02,2.560572e-02,2.580251e-02,6.708048e-02,7.726187e-02,7.312161e-03,4.956161e-02,4.866916e-01,2.431246e-02,6.429608e-02,1.114270e-02,2.613596e-02,6.276272e-02,1.874593e-02
3.069010e-02,3.234334e-02,2.349425e-02,2.137465e-02,8.529942e-02,8.524317e-02,7.228329e-03,3.944856e-02,5.045300e-01,1.861118e-02,4.691918e-02,8.234777e-03,3.083080e-02,4.851373e-02,1.723853e-02
3.921375e-02,4.309138e-02,2.849527e-02,3.966533e-02,1.047495e-01,7.112250e-02,7.325461e-03,4.657622e-02,4.882044e-01,1.372134e-02,3.431945e-02,6.577657e-03,2.404080e-02,3.768492e-02,1.521202e-02
3.353410e-02,3.454955e-02,2.688804e-02,4.239346e-02,1.030489e-01,5.394348e-02,5.959237e-03,2.279902e-01,3.776281e-01,9.704314e-03,2.444764e-02,4.755714e-03,1.747674e-02,2.671452e-02,1.096600e-02
2.805263e-02,2.469772e-02,3.090936e-02,3.196646e-02,8.313177e-02,3.822199e-02,4.525874e-03,4.257445e-01,2.663834e-01,6.833639e-03,1.727637e-02,3.404059e-03,1.233307e-02,1.877465e-02,7.744502e-03
2.062445e-02,1.734211e-02,2.633344e-02,2.260539e-02,5.941893e-02,2.685983e-02,3.249888e-03,5.904812e-01,1.865165e-01,4.801387e-03,1.211429e-02,2.387455e-03,8.677361e-03,1.316275e-02,5.425146e-03
1.542296e-02,1.219668e-02,2.156440e-02,1.605605e-02,4.249907e-02,1.886765e-02,2.376108e-03,7.077688e-01,1.305831e-01,3.373362e-03,8.497013e-03,1.674843e-03,6.095140e-03,9.223173e-03,3.801724e-03
1.443091e-02,8.671744e-03,1.796447e-02,1.178307e-02,3.103732e-02,1.537291e-02,2.803246e-03,7.826309e-01,9.143833e-02,2.394814e-03,6.039302e-03,1.195547e-03,5.062952e-03,6.465395e-03,2.709094e-03
1.665705e-02,6.354181e-03,1.395198e-02,8.635948e-03,2.478319e-02,3.870625e-02,2.544035e-03,8.018670e-01,6.414506e-02,1.743406e-03,5.037170e-03,2.095489e-03,6.588853e-03,4.554996e-03,2.335406e-03
1.658046e-02,4.681070e-03,1.131180e-02,8.023885e-03,1.825995e-02,7.002191e-02,3.884825e-03,6.611501e-01,4.640738e-02,6.174608e-03,1.458611e-02,9.366643e-02,3.874970e-02,4.169823e-03,2.332015e-03
1.411455e-02,3.379459e-03,8.507016e-03,8.561005e-03,1.296583e-02,5.235052e-02,1.007783e-02,4.872394e-01,3.324069e-02,1.007372e-02,2.981839e-02,1.343490e-01,1.887626e-01,3.665050e-03,2.894964e-03
1.043586e-02,2.395275e-03,6.085414e-03,6.982093e-03,9.162586e-03,3.816262e-02,8.225122e-03,3.469589e-01,2.380606e-02,1.010805e-02,3.743170e-02,1.314431e-01,3.629161e-01,2.926264e-03,2.960974e-03
8.181989e-03,1.832199e-03,4.572616e-03,5.360915e-03,6.624174e-03,2.827759e-02,7.253301e-03,2.482755e-01,1.895300e-02,1.015978e-02,3.327693e-02,1.282697e-01,4.941924e-01,2.291900e-03,2.477890e-03
5.884422e-03,3.006924e-03,5.629409e-03,3.966528e-03,5.481108e-03,2.017387e-02,5.747592e-03,1.743633e-01,2.575452e-02,4.261596e-02,2.923516e-02,2.111065e-01,4.629605e-01,1.861732e-03,2.212507e-03
4.254512e-03,6.152779e-03,8.841840e-03,3.017016e-03,4.497541e-03,1.427551e-02,4.398983e-03,1.223053e-01,2.652328e-02,1.605884e-01,2.570403e-02,2.314486e-01,3.844874e-01,1.633252e-03,1.871601e-03
4.292891e-03,5.217784e-03,6.309275e-03,2.693768e-03,3.347400e-03,2.314464e-02,3.150155e-03,8.574424e-02,3.186654e-02,2.472731e-01,3.966522e-02,2.629774e-01,2.809698e-01,1.889880e-03,1.457891e-03
5.651750e-03,4.799637e-03,4.540372e-03,3.548372e-03,2.738342e-03,3.299949e-02,2.274575e-03,6.018941e-02,4.053187e-02,2.376334e-01,5.421442e-02,3.285775e-01,2.184390e-01,2.539085e-03,1.322788e-03
8.494791e-03,7.415622e-03,4.524645e-03,6.518015e-03,1.630871e-02,2.504643e-02,1.947450e-03,4.253451e-02,7.736205e-02,2.678743e-01,7.623438e-02,2.894825e-01,1.705460e-01,4.198237e-03,1.512319e-03
9.266413e-03,7.010689e-03,3.521727e-03,5.973585e-03,4.293000e-02,1.866731e-02,1.516899e-03,3.015304e-02,8.203421e-02,2.283806e-01,1.364274e-01,2.891047e-01,1.343452e-01,8.877757e-03,1.790418e-03
1.365736e-02,8.295700e-03,3.055681e-03,5.389622e-03,3.427742e-02,1.453352e-02,1.163791e-03,2.162111e-02,7.105311e-02,1.692067e-01,1.252984e-01,4.198724e-01,9.947997e-02,1.107398e-02,2.021197e-03
1.601776e-02,8.964887e-03,2.745838e-03,4.229289e-03,2.492550e-02,1.185731e-02,8.790199e-04,1.554411e-02,5.728618e-02,1.241869e-01,1.168574e-01,5.331149e-01,7.107010e-02,1.031335e-02,2.007523e-03
1.234559e-02,8.964151e-03,2.713978e-03,3.217788e-03,1.865082e-02,8.939336e-03,6.707972e-04,1.122978e-02,4.535763e-02,9.077427e-02,1.221319e-01,6.142398e-01,5.030140e-02,8.647164e-03,1.815654e-03
1.469561e-02,8.017043e-03,3.076382e-03,3.044833e-03,1.410622e-02,7.275401e-03,6.450708e-04,8.614183e-03,3.797703e-02,6.715154e-02,1.128258e-01,6.771172e-01,3.572497e-02,7.312164e-03,2.416526e-03
1.313788e-02,6.970814e-03,3.271438e-03,2.351967e-03,1.037465e-02,6.569863e-03,6.012296e-04,7.142385e-03,3.113597e-02,4.966915e-02,9.843315e-02,7.361386e-01,2.548921e-02,6.613544e-03,2.100241e-03
5.397321e-02,1.038687e-02,9.240737e-03,6.718146e-03,9.804176e-03,1.680191e-02,8.073339e-04,8.239992e-03,3.080671e-02,4.335062e-02,1.132480e-01,6.638833e-01,2.023861e-02,8.743866e-03,3.756559e-03
6.899543e-02,1.169029e-02,2.779850e-02,9.856105e-03,9.141569e-03,2.885451e-02,2.527955e-03,3.777511e-02,2.792591e-02,4.707392e-02,1.364000e-01,5.620511e-01,1.539685e-02,1.023904e-02,4.273757e-03
1.278870e-01,2.926324e-02,2.822652e-02,2.234355e-02,1.892090e-02,3.741388e-02,5.675192e-03,3.336968e-02,2.877570e-02,3.795747e-02,1.419429e-01,4.575924e-01,1.337794e-02,9.362012e-03,7.891599e-03
1.280030e-01,3.016069e-02,2.549127e-02,2.524714e-02,3.215617e-02,3.188063e-02,4.964375e-03,6.120184e-02,4.195812e-02,3.010363e-02,1.316681e-01,4.234479e-01,1.101985e-02,9.374311e-03,1.332302e-02
1.084369e-01,2.845887e-02,2.853315e-02,2.220508e-02,3.467311e-02,3.655085e-02,4.436954e-03,8.099052e-02,5.310353e-02,2.403959e-02,1.243130e-01,4.122458e-01,8.718348e-03,1.241058e-02,2.088379e-02
1.331318e-01,2.336389e-02,7.033436e-02,2.994360e-02,2.984609e-02,4.080050e-02,5.227326e-03,1.212060e-01,5.178029e-02,2.252676e-02,1.132559e-01,3.133530e-01,8.133522e-03,1.999111e-02,1.710586e-02
1.415354e-01,1.863680e-02,5.438946e-02,2.436465e-02,2.870386e-02,3.104592e-02,4.632651e-03,9.234212e-02,6.449224e-02,1.222176e-01,1.418134e-01,2.235191e-01,6.325139e-03,3.232004e-02,1.366163e-02
1.930242e-01,1.555223e-02,4.260976e-02,2.036569e-02,3.806484e-02,2.607491e-02,4.197652e-03,7.226401e-02,9.568800e-02,1.502915e-01,1.271918e-01,1.615198e-01,5.390825e-03,3.554081e-02,1.222394e-02
1.858009e-01,1.635567e-02,4.729386e-02,3.665790e-02,9.177779e-02,2.125718e-02,3.357914e-03,8.427300e-02,9.042049e-02,1.381752e-01,1.141566e-01,1.165539e-01,4.354129e-03,3.921240e-02,1.035318e-02
1.768284e-01,1.620453e-02,5.009663e-02,4.137130e-02,1.080481e-01,1.885252e-02,2.536259e-03,6.941135e-02,8.449258e-02,1.790411e-01,9.880288e-02,8.403603e-02,3.846978e-03,5.700963e-02,9.421660e-03
2.018254e-01,1.524266e-02,5.597795e-02,4.802204e-02,9.787330e-02,1.528730e-02,2.063729e-03,5.194268e-02,1.242320e-01,1.569818e-01,8.158011e-02,6.252356e-02,3.987449e-03,7.228370e-02,1.017618e-02
2.097725e-01,1.401225e-02,1.099949e-01,8.085316e-02,8.012499e-02,1.524254e-02,1.700928e-03,3.786165e-02,1.337504e-01,1.188691e-01,6.433769e-02,4.548025e-02,3.485036e-03,7.266098e-02,1.185354e-02
2.474039e-01,1.739777e-02,1.182098e-01,7.861993e-02,6.752968e-02,1.848775e-02,2.017821e-03,3.012268e-02,1.346510e-01,9.661799e-02,5.249352e-02,3.520523e-02,5.245051e-03,6.689852e-02,2.909937e-02
2.022068e-01,4.026128e-02,1.439915e-01,1.344417e-01,6.041062e-02,1.746817e-02,1.945887e-03,2.482940e-02,1.339867e-01,7.127024e-02,4.383688e-02,2.746135e-02,7.514596e-03,4.875170e-02,4.162334e-02
2.503113e-01,3.757117e-02,1.445855e-01,1.209052e-01,4.603897e-02,1.612041e-02,1.925492e-03,1.931130e-02,1.109798e-01,7.023019e-02,5.563133e-02,2.191694e-02,1.113294e-02,3.775709e-02,5.558226e-02
2.835446e-01,3.922906e-02,1.197452e-01,1.126154e-01,3.541096e-02,1.395420e-02,1.678934e-03,1.675505e-02,1.061412e-01,5.453899e-02,8.983299e-02,1.755031e-02,1.798979e-02,4.232723e-02,4.868609e-02
3.195352e-01,3.327010e-02,9.938142e-02,9.869789e-02,3.051715e-02,1.282461e-02,1.816965e-03,1.614380e-02,9.266458e-02,5.214443e-02,1.052464e-01,1.569426e-02,2.397773e-02,5.258927e-02,4.549627e-02
3.352621e-01,2.710854e-02,7.503458e-02,7.896060e-02,2.605756e-02,1.317221e-02,1.829626e-03,1.414468e-02,7.024146e-02,4.087484e-02,1.654857e-01,1.517875e-02,3.832088e-02,6.082218e-02,3.750630e-02
3.744857e-01,2.181976e-02,5.623509e-02,7.576673e-02,2.639875e-02,1.480801e-02,2.193871e-03,1.336580e-02,5.649263e-02,3.116386e-02,1.962411e-01,1.282582e-02,3.236476e-02,5.490638e-02,3.093179e-02
3.627076e-01,1.682702e-02,4.140149e-02,6.251796e-02,2.381366e-02,2.416155e-02,2.935724e-03,1.235129e-02,4.489223e-02,4.006814e-02,2.082551e-01,1.497453e-02,2.769345e-02,7.012525e-02,4.727505e-02
2.882331e-01,1.292760e-02,3.274977e-02,4.855905e-02,1.897897e-02,2.430462e-02,2.536749e-03,1.062874e-02,4.078998e-02,6.241009e-02,2.863939e-01,2.981892e-02,2.395115e-02,7.315126e-02,4.456611e-02
2.110035e-01,1.042132e-02,2.750679e-02,3.598270e-02,3.928519e-02,1.836412e-02,2.507714e-03,8.542319e-03,6.230330e-02,7.773209e-02,2.694759e-01,2.966420e-02,2.162480e-02,7.459902e-02,1.109870e-01
1.571732e-01,8.399285e-03,2.188509e-02,2.827350e-02,3.619979e-02,1.497530e-02,2.028903e-03,7.189030e-03,5.384712e-02,9.456340e-02,3.320163e-01,3.174976e-02,2.449786e-02,8.387500e-02,1.033265e-01
1.784344e-01,9.212463e-03,2.510851e-02,2.900527e-02,4.104196e-02,1.605483e-02,2.020357e-03,1.041226e-02,5.280044e-02,8.427918e-02,3.119309e-01,4.295451e-02,3.065855e-02,8.057636e-02,8.551003e-02
1.318278e-01,9.482436e-03,2.992067e-02,2.391392e-02,6.548338e-02,1.586900e-02,3.485333e-03,8.621120e-03,4.576989e-02,9.847554e-02,3.383960e-01,4.133023e-02,4.185412e-02,6.959262e-02,7.597794e-02
1.022808e-01,7.561564e-03,2.420999e-02,2.088533e-02,5.533119e-02,1.227436e-02,2.901835e-03,8.295556e-03,3.865098e-02,9.298360e-02,3.859564e-01,6.824460e-02,4.602919e-02,5.830303e-02,7.609151e-02
7.527272e-02,5.551927e-03,2.165639e-02,1.512963e-02,9.059814e-02,1.256742e-02,1.616334e-02,4.494610e-02,3.593936e-02,8.210276e-02,3.702305e-01,6.778094e-02,3.592419e-02,6.205932e-02,6.407724e-02
6.767337e-02,4.390868e-03,2.108349e-02,1.311287e-02,1.151576e-01,1.182171e-02,2.789394e-02,9.408343e-02,3.427634e-02,1.161861e-01,2.878340e-01,6.302963e-02,3.442556e-02,5.497919e-02,5.405194e-02
1.314653e-01,5.484218e-03,1.851364e-02,1.927929e-02,9.965409e-02,1.992086e-02,2.603408e-02,9.148964e-02,4.512274e-02,1.172068e-01,2.208035e-01,6.402905e-02,5.372555e-02,4.285945e-02,4.441186e-02
1.100222e-01,4.529272e-03,1.452864e-02,1.496942e-02,1.002754e-01,1.842178e-02,2.461800e-02,9.656279e-02,4.695077e-02,1.487406e-01,1.650973e-01,6.430035e-02,1.239752e-01,3.427430e-02,3.273394e-02
8.529328e-02,5.530272e-03,1.142402e-02,1.294443e-02,8.859941e-02,1.628225e-02,2.051070e-02,1.017374e-01,6.503984e-02,1.432401e-01,1.258935e-01,7.409225e-02,1.958515e-01,2.568997e-02,2.787110e-02
6.317912e-02,6.656532e-03,1.006125e-02,9.811160e-03,7.136926e-02,1.790768e-02,2.067675e-02,1.688640e-01,7.585820e-02,1.182149e-01,9.300542e-02,6.574413e-02,2.343574e-01,1.929768e-02,2.499655e-02
4.967763e-02,1.405716e-02,1.698303e-02,9.648085e-03,5.915198e-02,2.073582e-02,1.687569e-02,1.494904e-01,9.557020e-02,9.309307e-02,6.861684e-02,5.337052e-02,3.032213e-01,1.465772e-02,3.485059e-02
4.168060e-02,3.635757e-02,2.992507e-02,2.475135e-02,4.793309e-02,2.941363e-02,1.507500e-02,1.243856e-01,1.731372e-01,7.003585e-02,5.151182e-02,3.938476e-02,2.603137e-01,1.110429e-02,4.499041e-02
3.391587e-02,7.757289e-02,4.047807e-02,2.170108e-02,3.976707e-02,3.854211e-02,1.396975e-02,1.001049e-01,2.120102e-01,5.321170e-02,3.877348e-02,3.144981e-02,2.391829e-01,9.099333e-03,5.022091e-02
2.661399e-02,8.486651e-02,4.972905e-02,5.633226e-02,4.787132e-02,3.913503e-02,1.189378e-02,1.189983e-01,2.386455e-01,3.914961e-02,2.849356e-02,2.270464e-02,1.800825e-01,7.023347e-03,4.846054e-02
2.686677e-02,7.044721e-02,6.913444e-02,8.379855e-02,4.166909e-02,4.832013e-02,9.320530e-03,1.412927e-01,2.411802e-01,2.859392e-02,2.125713e-02,1.645292e-02,1.531085e-01,5.493068e-03,4.306485e-02
4.238245e-02,7.058860e-02,5.403836e-02,7.090004e-02,3.843547e-02,9.868522e-02,7.463524e-03,1.418757e-01,2.363036e-01,2.031513e-02,1.604810e-02,1.276900e-02,1.512505e-01,4.416673e-03,3.452767e-02
7.258228e-02,5.573282e-02,4.126647e-02,7.656094e-02,3.161915e-02,1.679388e-01,6.706471e-03,1.360093e-01,2.123955e-01,1.505245e-02,1.604331e-02,1.773714e-02,1.209032e-01,3.988563e-03,2.546367e-02
1.202480e-01,4.742201e-02,3.154126e-02,5.952042e-02,2.457157e-02,2.311017e-01,6.254916e-03,1.056173e-01,1.677254e-01,1.133950e-02,1.831040e-02,3.371356e-02,1.161574e-01,5.582781e-03,2.089388e-02
9.441277e-02,3.396752e-02,2.267644e-02,4.836054e-02,1.833946e-02,1.783822e-01,4.619072e-03,8.257262e-02,1.383014e-01,8.883283e-03,3.982195e-02,1.080773e-01,1.990568e-01,6.358827e-03,1.616983e-02
6.731627e-02,2.412791e-02,1.594070e-02,3.641826e-02,1.325279e-02,1.257124e-01,3.454517e-03,5.789833e-02,1.020183e-01,7.852253e-03,5.920367e-02,1.635452e-01,3.063484e-01,5.147488e-03,1.176360e-02
5.128814e-02,1.940783e-02,1.160983e-02,2.807411e-02,1.279645e-02,9.059349e-02,2.715800e-03,4.067400e-02,8.036888e-02,1.614332e-02,6.545049e-02,1.618749e-01,4.046824e-01,4.416019e-03,9.904362e-03
3.730655e-02,1.530000e-02,8.743312e-03,2.059847e-02,1.121906e-02,6.496585e-02,2.143680e-03,2.854552e-02,7.035321e-02,8.716673e-02,5.844627e-02,1.533449e-01,4.281130e-01,5.652717e-03,8.100769e-03
2.649217e-02,1.198401e-02,6.680006e-03,1.505462e-02,1.383636e-02,4.599004e-02,1.594417e-03,2.001934e-02,7.395239e-02,1.472055e-01,4.849072e-02,1.551463e-01,4.221574e-01,5.025726e-03,6.371052e-03
1.878839e-02,9.196280e-03,2.398470e-02,1.095483e-02,1.919334e-02,3.239562e-02,1.175265e-03,1.493449e-02,6.192971e-02,1.922939e-01,4.666829e-02,1.219053e-01,4.366809e-01,4.289600e-03,5.609443e-03
1.669249e-02,8.182891e-03,2.352288e-02,1.194046e-02,1.937499e-02,2.587909e-02,1.016256e-03,1.110218e-02,5.426681e-02,3.332033e-01,4.706787e-02,9.093621e-02,3.434729e-01,5.708856e-03,7.632915e-03
1.416756e-02,7.424493e-03,2.483436e-02,1.042640e-02,3.538827e-02,1.841818e-02,9.243258e-04,9.116939e-03,6.538218e-02,4.125250e-01,4.942684e-02,6.876367e-02,2.708672e-01,4.642654e-03,7.691988e-03
1.213276e-02,6.068569e-03,8.415347e-02,1.014756e-02,3.602229e-02,1.348734e-02,7.562543e-04,3.151985e-02,9.479401e-02,3.238721e-01,6.304076e-02,5.156764e-02,2.302818e-01,5.925803e-03,3.622980e-02
1.081105e-02,6.306009e-03,8.217476e-02,9.364408e-03,2.906107e-02,1.660996e-02,7.174459e-04,4.052123e-02,1.348707e-01,2.769274e-01,7.885550e-02,4.875785e-02,1.960382e-01,1.193011e-02,5.705437e-02
1.817035e-02,4.828974e-03,1.142595e-01,3.720974e-02,2.262022e-02,2.261405e-02,2.423482e-03,8.732229e-02,1.144922e-01,2.125999e-01,9.790075e-02,3.763723e-02,1.557887e-01,1.341994e-02,5.871275e-02
2.776915e-02,4.243119e-03,1.512262e-01,5.181506e-02,2.039278e-02,2.248263e-02,1.963499e-03,7.731555e-02,1.245948e-01,1.652545e-01,8.484273e-02,2.712729e-02,1.129024e-01,1.557930e-02,1.124911e-01
4.213690e-02,6.381414e-03,1.809343e-01,4.298222e-02,2.962101e-02,1.681500e-02,2.479338e-03,5.698687e-02,1.095363e-01,1.235590e-01,6.910066e-02,1.969615e-02,8.061070e-02,2.180231e-02,1.973578e-01
5.707423e-02,6.541934e-03,1.793060e-01,9.057482e-02,2.540267e-02,1.304151e-02,2.246641e-03,5.773163e-02,9.680231e-02,9.024255e-02,5.301353e-02,1.420262e-02,5.736478e-02,1.894858e-02,2.375062e-01
6.199440e-02,5.852142e-03,1.588451e-01,2.395490e-01,2.682731e-02,1.001562e-02,1.908114e-03,5.189256e-02,8.085431e-02,6.668474e-02,4.215722e-02,1.026491e-02,4.067783e-02,1.530830e-02,1.871685e-01
1.080510e-01,9.760186e-03,2.086848e-01,1.999727e-01,6.531119e-02,8.909956e-03,5.756356e-03,3.852322e-02,5.931124e-02,5.185849e-02,4.044152e-02,8.556188e-03,3.051289e-02,1.301482e-02,1.513354e-01
1.034747e-01,1.794878e-02,1.652316e-01,2.819059e-01,8.398240e-02,1.870184e-02,5.145131e-03,3.096754e-02,4.622653e-02,3.852119e-02,4.989263e-02,1.187239e-02,2.457023e-02,1.235550e-02,1.092037e-01
1.003269e-01,3.948794e-02,1.268902e-01,2.317879e-01,1.455124e-01,7.818030e-02,6.340130e-03,2.471999e-02,3.912849e-02,3.036632e-02,4.702869e-02,1.405214e-02,2.009511e-02,1.204358e-02,8.403991e-02
1.504100e-01,3.717551e-02,1.070290e-01,2.017485e-01,1.396447e-01,9.228617e-02,5.292173e-03,2.062703e-02,3.710449e-02,3.933843e-02,4.656438e-02,1.617102e-02,1.860852e-02,1.081725e-02,7.718290e-02
1.373751e-01,4.562270e-02,9.316777e-02,1.816201e-01,1.092357e-01,1.165623e-01,3.917736e-03,1.578969e-02,3.298369e-02,4.437023e-02,9.349260e-02,1.583168e-02,2.375459e-02,1.945011e-02,6.682595e-02
1.305204e-01,4.916018e-02,7.249109e-02,1.498939e-01,9.915520e-02,9.092122e-02,3.125638e-03,1.351023e-02,3.348641e-02,3.420487e-02,1.834012e-01,1.426039e-02,2.455915e-02,5.065321e-02,5.065683e-02
1.116511e-01,3.969840e-02,5.518195e-02,1.101790e-01,7.417339e-02,6.568988e-02,2.571248e-03,1.083266e-02,4.608769e-02,2.835577e-02,2.166077e-01,3.569482e-02,3.752729e-02,1.293759e-01,3.637311e-02
1.609645e-01,2.964777e-02,4.064168e-02,7.830186e-02,5.483948e-02,5.249618e-02,2.694340e-03,9.602627e-03,5.024334e-02,2.295423e-02,2.083264e-01,3.310857e-02,3.085335e-02,1.987447e-01,2.658095e-02
1.154899e-01,2.145771e-02,2.859234e-02,5.491858e-02,3.860457e-02,3.724006e-02,1.917441e-03,6.819176e-03,5.365074e-02,1.663204e-02,1.739551e-01,2.789843e-02,2.268282e-02,3.809704e-01,1.917066e-02
8.553901e-02,1.564392e-02,2.029117e-02,3.856470e-02,2.718996e-02,2.677240e-02,1.376912e-03,4.843923e-03,7.478578e-02,1.248736e-02,1.678630e-01,2.417188e-02,1.769093e-02,4.688859e-01,1.389316e-02
6.298654e-02,1.338290e-02,1.445953e-02,2.736696e-02,1.915261e-02,2.058693e-02,1.027528e-03,3.608245e-03,9.009501e-02,9.302158e-03,1.759346e-01,1.958828e-02,1.280675e-02,5.196774e-01,1.002447e-02
4.415482e-02,1.355982e-02,1.017804e-02,1.920863e-02,1.364546e-02,1.611801e-02,7.266317e-04,2.538462e-03,1.338314e-01,7.006227e-03,1.885354e-01,1.467602e-02,9.131899e-03,5.188874e-01,7.801687e-03
3.095965e-02,1.150248e-02,7.389414e-03,1.349144e-02,1.000773e-02,1.317796e-02,5.365553e-04,1.856671e-03,1.282505e-01,5.337040e-03,2.101996e-01,1.083326e-02,6.527307e-03,5.437442e-01,6.186132e-03
2.170854e-02,1.000899e-02,5.262407e-03,9.476633e-03,7.120016e-03,1.083039e-02,3.876120e-04,1.318574e-03,1.200849e-01,4.222512e-03,2.135761e-01,8.087249e-03,4.672933e-03,5.783880e-01,4.855003e-03
1.521925e-02,7.402597e-03,3.750368e-03,6.677776e-03,5.024704e-03,7.885871e-03,2.784928e-04,9.360964e-04,1.042109e-01,3.372889e-03,2.160973e-01,5.858573e-03,3.309023e-03,6.164482e-01,3.527944e-03
1.069241e-02,5.426449e-03,2.693735e-03,4.755268e-03,3.582383e-03,5.666196e-03,2.016489e-04,6.653244e-04,1.012375e-01,3.020348e-03,2.203115e-01,4.300236e-03,2.360190e-03,6.325840e-01,2.502786e-03
7.532576e-03,4.363304e-03,2.018679e-03,4.605342e-03,2.852879e-03,4.633912e-03,1.726385e-04,4.804584e-04,1.553683e-01,3.712707e-03,2.048810e-01,3.103032e-03,1.699130e-03,6.026031e-01,1.973014e-03
5.322545e-03,4.563831e-03,1.826528e-03,7.546562e-03,2.842482e-03,4.539286e-03,1.634861e-04,7.990603e-04,3.062073e-01,3.567007e-03,1.644813e-01,2.233329e-03,1.243814e-03,4.930387e-01,1.624891e-03
3.802206e-03,4.550154e-03,1.701332e-03,6.452056e-03,2.584414e-03,4.050461e-03,1.381463e-04,8.295579e-04,4.482454e-01,4.216589e-03,1.273903e-01,1.626533e-03,9.071457e-04,3.920658e-01,1.439943e-03
2.720406e-03,4.333234e-03,1.454197e-03,5.334419e-03,2.105640e-03,3.948073e-03,1.057264e-04,6.206729e-04,5.700796e-01,5.246376e-03,9.406256e-02,1.204246e-03,6.613349e-04,3.060757e-01,2.047849e-03
1.985802e-03,3.209177e-03,1.390297e-03,5.589574e-03,1.642321e-03,4.709525e-03,8.462314e-05,4.482571e-04,6.570776e-01,7.203739e-03,6.977142e-02,9.858278e-04,7.848217e-04,2.404534e-01,4.663734e-03
1.592377e-03,2.421026e-03,1.756291e-03,6.280247e-03,1.578112e-03,5.431159e-03,7.406731e-05,5.568982e-04,7.177320e-01,8.157922e-03,5.262623e-02,1.032210e-03,1.145593e-03,1.938180e-01,5.797889e-03
2.227598e-03,2.479947e-03,2.719245e-03,5.954321e-03,2.800842e-03,9.350851e-03,9.053567e-05,5.800452e-04,7.518104e-01,7.936470e-03,4.756214e-02,8.619388e-04,1.156906e-03,1.563038e-01,8.164965e-03
3.519344e-03,2.740516e-03,3.256458e-02,6.351195e-03,1.234702e-02,7.445040e-03,2.007327e-04,1.878424e-02,7.494926e-01,6.396879e-03,3.741988e-02,8.083839e-04,1.343621e-03,1.139918e-01,6.594149e-03
5.985669e-03,4.765123e-03,1.792786e-01,1.834643e-02,1.919527e-02,6.108843e-03,2.823215e-04,1.862109e-02,6.180770e-01,6.582491e-03,2.875587e-02,6.322365e-04,1.068742e-03,8.202632e-02,1.027395e-02
5.804533e-03,5.473025e-03,2.932549e-01,6.648002e-02,2.062290e-02,5.750113e-03,2.950354e-04,1.418597e-02,4.601029e-01,1.086147e-02,2.111041e-02,5.739361e-04,9.022659e-04,5.795640e-02,3.662618e-02
1.441345e-02,8.821672e-03,3.929390e-01,5.162160e-02,3.177805e-02,5.502709e-03,3.363027e-04,1.184047e-02,3.509666e-01,1.112958e-02,1.827933e-02,9.093691e-04,1.557885e-03,4.495576e-02,5.494822e-02
1.791673e-02,1.333324e-02,4.037032e-01,1.053216e-01,4.520669e-02,4.926562e-03,4.652278e-04,1.445814e-02,2.789029e-01,9.600856e-03,1.735340e-02,1.594007e-03,2.538853e-03,3.492179e-02,4.975682e-02
1.289292e-02,9.690050e-03,3.001397e-01,2.073738e-01,3.849419e-02,4.170061e-03,3.543352e-04,1.061361e-02,2.258602e-01,1.717064e-02,6.974532e-02,9.303145e-03,3.271172e-02,2.512419e-02,3.635624e-02
9.096542e-03,6.982228e-03,2.118480e-01,3.141797e-01,3.581098e-02,3.329489e-03,2.790220e-04,7.515369e-03,1.735871e-01,1.386941e-02,1.196445e-01,1.000172e-02,4.992842e-02,1.782043e-02,2.610707e-02
