1.000000e+00,0.000000e+00,0.000000e+00,0.000000e+00,0.000000e+00,0.000000e+00,0.000000e+00,0.000000e+00,0.000000e+00,0.000000e+00,0.000000e+00,0.000000e+00,0.000000e+00,0.000000e+00,0.000000e+00
1.000000e+00,0.000000e+00,0.000000e+00,0.000000e+00,0.000000e+00,0.000000e+00,0.000000e+00,0.000000e+00,0.000000e+00,0.000000e+00,0.000000e+00,0.000000e+00,0.000000e+00,0.000000e+00,0.000000e+00
1.000000e+00,0.000000e+00,0.000000e+00,0.000000e+00,0.000000e+00,0.000000e+00,0.000000e+00,0.000000e+00,0.000000e+00,0.000000e+00,0.000000e+00,0.000000e+00,0.000000e+00,0.000000e+00,0.000000e+00
1.000000e+00,0.000000e+00,0.000000e+00,0.000000e+00,0.000000e+00,0.000000e+00,0.000000e+00,0.000000e+00,0.000000e+00,0.000000e+00,0.000000e+00,0.000000e+00,0.000000e+00,0.000000e+00,0.000000e+00
1.000000e+00,0.000000e+00,0.000000e+00,0.000000e+00,0.000000e+00,0.000000e+00,0.000000e+00,0.000000e+00,0.000000e+00,0.000000e+00,0.000000e+00,0.000000e+00,0.000000e+00,0.000000e+00,0.000000e+00
1.000000e+00,0.000000e+00,0.000000e+00,0.000000e+00,0.000000e+00,0.000000e+00,0.000000e+00,0.000000e+00,0.000000e+00,0.000000e+00,0.000000e+00,0.000000e+00,0.000000e+00,0.000000e+00,0.000000e+00
1.000000e+00,0.000000e+00,0.000000e+00,0.000000e+00,0.000000e+00,0.000000e+00,0.000000e+00,0.000000e+00,0.000000e+00,0.000000e+00,0.000000e+00,0.000000e+00,0.000000e+00,0.000000e+00,0.000000e+00
1.000000e+00,0.000000e+00,0.000000e+00,0.000000e+00,0.000000e+00,0.000000e+00,0.000000e+00,0.000000e+00,0.000000e+00,0.000000e+00,0.000000e+00,0.000000e+00,0.000000e+00,0.000000e+00,0.000000e+00
1.000000e+00,0.000000e+00,0.000000e+00,0.000000e+00,0.000000e+00,0.000000e+00,0.000000e+00,0.000000e+00,0.000000e+00,0.000000e+00,0.000000e+00,0.000000e+00,0.000000e+00,0.000000e+00,0.000000e+00
1.000000e+00,0.000000e+00,0.000000e+00,0.000000e+00,0.000000e+00,0.000000e+00,0.000000e+00,0.000000e+00,0.000000e+00,0.000000e+00,0.000000e+00,0.000000e+00,0.000000e+00,0.000000e+00,0.000000e+00
1.000000e+00,0.000000e+00,0.000000e+00,0.000000e+00,0.000000e+00,0.000000e+00,0.000000e+00,0.000000e+00,0.000000e+00,0.000000e+00,0.000000e+00,0.000000e+00,0.000000e+00,0.000000e+00,0.000000e+00
1.000000e+00,0.000000e+00,0.000000e+00,0.000000e+00,0.000000e+00,0.000000e+00,0.000000e+00,0.000000e+00,0.000000e+00,0.000000e+00,0.000000e+00,0.000000e+00,0.000000e+00,0.000000e+00,0.000000e+00
1.000000e+00,0.000000e+00,0.000000e+00,0.000000e+00,0.000000e+00,0.000000e+00,0.000000e+00,0.000000e+00,0.000000e+00,0.000000e+00,0.000000e+00,0.000000e+00,0.000000e+00,0.000000e+00,0.000000e+00
1.000000e+00,0.000000e+00,0.000000e+00,0.000000e+00,0.000000e+00,0.000000e+00,0.000000e+00,0.000000e+00,0.000000e+00,0.000000e+00,0.000000e+00,0.000000e+00,0.000000e+00,0.000000e+00,0.000000e+00
1.000000e+00,0.000000e+00,0.000000e+00,0.000000e+00,0.000000e+00,0.000000e+00,0.000000e+00,0.000000e+00,0.000000e+00,0.000000e+00,0.000000e+00,0.000000e+00,0.000000e+00,0.000000e+00,0.000000e+00
1.000000e+00,0.000000e+00,0.000000e+00,0.000000e+00,0.000000e+00,0.000000e+00,0.000000e+00,0.000000e+00,0.000000e+00,0.000000e+00,0.000000e+00,0.000000e+00,0.000000e+00,0.000000e+00,0.000000e+00
1.000000e+00,0.000000e+00,0.000000e+00,0.000000e+00,0.000000e+00,0.000000e+00,0.000000e+00,0.000000e+00,0.000000e+00,0.000000e+00,0.000000e+00,0.000000e+00,0.000000e+00,0.000000e+00,0.000000e+00
1.000000e+00,0.000000e+00,0.000000e+00,0.000000e+00,0.000000e+00,0.000000e+00,0.000000e+00,0.000000e+00,0.000000e+00,0.000000e+00,0.000000e+00,0.000000e+00,0.000000e+00,0.000000e+00,0.000000e+00
1.000000e+00,0.000000e+00,0.000000e+00,0.000000e+00,0.000000e+00,0.000000e+00,0.000000e+00,0.000000e+00,0.000000e+00,0.000000e+00,0.000000e+00,0.000000e+00,0.000000e+00,0.000000e+00,0.000000e+00
1.000000e+00,0.000000e+00,0.000000e+00,0.000000e+00,0.000000e+00,0.000000e+00,0.000000e+00,0.000000e+00,0.000000e+00,0.000000e+00,0.000000e+00,0.000000e+00,0.000000e+00,0.000000e+00,0.000000e+00
1.000000e+00,0.000000e+00,0.000000e+00,0.000000e+00,0.000000e+00,0.000000e+00,0.000000e+00,0.000000e+00,0.000000e+00,0.000000e+00,0.000000e+00,0.000000e+00,0.000000e+00,0.000000e+00,0.000000e+00
1.000000e+00,0.000000e+00,0.000000e+00,0.000000e+00,0.000000e+00,0.000000e+00,0.000000e+00,0.000000e+00,0.000000e+00,0.000000e+00,0.000000e+00,0.000000e+00,0.000000e+00,0.000000e+00,0.000000e+00
1.000000e+00,0.000000e+00,0.000000e+00,0.000000e+00,0.000000e+00,0.000000e+00,0.000000e+00,0.000000e+00,0.000000e+00,0.000000e+00,0.000000e+00,0.000000e+00,0.000000e+00,0.000000e+00,0.000000e+00
1.000000e+00,0.000000e+00,0.000000e+00,0.000000e+00,0.000000e+00,0.000000e+00,0.000000e+00,0.000000e+00,0.000000e+00,0.000000e+00,0.000000e+00,0.000000e+00,0.000000e+00,0.000000e+00,0.000000e+00
1.000000e+00,0.000000e+00,0.000000e+00,0.000000e+00,0.000000e+00,0.000000e+00,0.000000e+00,0.000000e+00,0.000000e+00,0.000000e+00,0.000000e+00,0.000000e+00,0.000000e+00,0.000000e+00,0.000000e+00
1.000000e+00,0.000000e+00,0.000000e+00,0.000000e+00,0.000000e+00,0.000000e+00,0.000000e+00,0.000000e+00,0.000000e+00,0.000000e+00,0.000000e+00,0.000000e+00,0.000000e+00,0.000000e+00,0.000000e+00
1.000000e+00,0.000000e+00,0.000000e+00,0.000000e+00,0.000000e+00,0.000000e+00,0.000000e+00,0.000000e+00,0.000000e+00,0.000000e+00,0.000000e+00,0.000000e+00,0.000000e+00,0.000000e+00,0.000000e+00
1.000000e+00,0.000000e+00,0.000000e+00,0.000000e+00,0.000000e+00,0.000000e+00,0.000000e+00,0.000000e+00,0.000000e+00,0.000000e+00,0.000000e+00,0.000000e+00,0.000000e+00,0.000000e+00,0.000000e+00
1.000000e+00,0.000000e+00,0.000000e+00,0.000000e+00,0.000000e+00,0.000000e+00,0.000000e+00,0.000000e+00,0.000000e+00,0.000000e+00,0.000000e+00,0.000000e+00,0.000000e+00,0.000000e+00,0.000000e+00
1.000000e+00,0.000000e+00,0.000000e+00,0.000000e+00,0.000000e+00,0.000000e+00,0.000000e+00,0.000000e+00,0.000000e+00,0.000000e+00,0.000000e+00,0.000000e+00,0.000000e+00,0.000000e+00,0.000000e+00
1.000000e+00,0.000000e+00,0.000000e+00,0.000000e+00,0.000000e+00,0.000000e+00,0.000000e+00,0.000000e+00,0.000000e+00,0.000000e+00,0.000000e+00,0.000000e+00,0.000000e+00,0.000000e+00,0.000000e+00
1.000000e+00,0.000000e+00,0.000000e+00,0.000000e+00,0.000000e+00,0.000000e+00,0.000000e+00,0.000000e+00,0.000000e+00,0.000000e+00,0.000000e+00,0.000000e+00,0.000000e+00,0.000000e+00,0.000000e+00
1.000000e+00,0.000000e+00,0.000000e+00,0.000000e+00,0.000000e+00,0.000000e+00,0.000000e+00,0.000000e+00,0.000000e+00,0.000000e+00,0.000000e+00,0.000000e+00,0.000000e+00,0.000000e+00,0.000000e+00
1.000000e+00,0.000000e+00,0.000000e+00,0.000000e+00,0.000000e+00,0.000000e+00,0.000000e+00,0.000000e+00,0.000000e+00,0.000000e+00,0.000000e+00,0.000000e+00,0.000000e+00,0.000000e+00,0.000000e+00
1.000000e+00,0.000000e+00,0.000000e+00,0.000000e+00,0.000000e+00,0.000000e+00,0.000000e+00,0.000000e+00,0.000000e+00,0.000000e+00,0.000000e+00,0.000000e+00,0.000000e+00,0.000000e+00,0.000000e+00
1.000000e+00,0.000000e+00,0.000000e+00,0.000000e+00,0.000000e+00,0.000000e+00,0.000000e+00,0.000000e+00,0.000000e+00,0.000000e+00,0.000000e+00,0.000000e+00,0.000000e+00,0.000000e+00,0.000000e+00
1.000000e+00,0.000000e+00,0.000000e+00,0.000000e+00,0.000000e+00,0.000000e+00,0.000000e+00,0.000000e+00,0.000000e+00,0.000000e+00,0.000000e+00,0.000000e+00,0.000000e+00,0.000000e+00,0.000000e+00
1.000000e+00,0.000000e+00,0.000000e+00,0.000000e+00,0.000000e+00,0.000000e+00,0.000000e+00,0.000000e+00,0.000000e+00,0.000000e+00,0.000000e+00,0.000000e+00,0.000000e+00,0.000000e+00,0.000000e+00
1.000000e+00,0.000000e+00,0.000000e+00,0.000000e+00,0.000000e+00,0.000000e+00,0.000000e+00,0.000000e+00,0.000000e+00,0.000000e+00,0.000000e+00,0.000000e+00,0.000000e+00,0.000000e+00,0.000000e+00
1.000000e+00,0.000000e+00,0.000000e+00,0.000000e+00,0.000000e+00,0.000000e+00,0.000000e+00,0.000000e+00,0.000000e+00,0.000000e+00,0.000000e+00,0.000000e+00,0.000000e+00,0.000000e+00,0.000000e+00
1.000000e+00,0.000000e+00,0.000000e+00,0.000000e+00,0.000000e+00,0.000000e+00,0.000000e+00,0.000000e+00,0.000000e+00,0.000000e+00,0.000000e+00,0.000000e+00,0.000000e+00,0.000000e+00,0.000000e+00
1.000000e+00,0.000000e+00,0.000000e+00,0.000000e+00,0.000000e+00,0.000000e+00,0.000000e+00,0.000000e+00,0.000000e+00,0.000000e+00,0.000000e+00,0.000000e+00,0.000000e+00,0.000000e+00,0.000000e+00
1.000000e+00,0.000000e+00,0.000000e+00,0.000000e+00,0.000000e+00,0.000000e+00,0.000000e+00,0.000000e+00,0.000000e+00,0.000000e+00,0.000000e+00,0.000000e+00,0.000000e+00,0.000000e+00,0.000000e+00
1.000000e+00,0.000000e+00,0.000000e+00,0.000000e+00,0.000000e+00,0.000000e+00,0.000000e+00,0.000000e+00,0.000000e+00,0.000000e+00,0.000000e+00,0.000000e+00,0.000000e+00,0.000000e+00,0.000000e+00
1.000000e+00,0.000000e+00,0.000000e+00,0.000000e+00,0.000000e+00,0.000000e+00,0.000000e+00,0.000000e+00,0.000000e+00,0.000000e+00,0.000000e+00,0.000000e+00,0.000000e+00,0.000000e+00,0.000000e+00
1.000000e+00,0.000000e+00,0.000000e+00,0.000000e+00,0.000000e+00,0.000000e+00,0.000000e+00,0.000000e+00,0.000000e+00,0.000000e+00,0.000000e+00,0.000000e+00,0.000000e+00,0.000000e+00,0.000000e+00
1.000000e+00,0.000000e+00,0.000000e+00,0.000000e+00,0.000000e+00,0.000000e+00,0.000000e+00,0.000000e+00,0.000000e+00,0.000000e+00,0.000000e+00,0.000000e+00,0.000000e+00,0.000000e+00,0.000000e+00
1.000000e+00,0.000000e+00,0.000000e+00,0.000000e+00,0.000000e+00,0.000000e+00,0.000000e+00,0.000000e+00,0.000000e+00,0.000000e+00,0.000000e+00,0.000000e+00,0.000000e+00,0.000000e+00,0.000000e+00
1.000000e+00,0.000000e+00,0.000000e+00,0.000000e+00,0.000000e+00,0.000000e+00,0.000000e+00,0.000000e+00,0.000000e+00,0.000000e+00,0.000000e+00,0.000000e+00,0.000000e+00,0.000000e+00,0.000000e+00
1.000000e+00,0.000000e+00,0.000000e+00,0.000000e+00,0.000000e+00,0.000000e+00,0.000000e+00,0.000000e+00,0.000000e+00,0.000000e+00,0.000000e+00,0.000000e+00,0.000000e+00,0.000000e+00,0.000000e+00
1.000000e+00,0.000000e+00,0.000000e+00,0.000000e+00,0.000000e+00,0.000000e+00,0.000000e+00,0.000000e+00,0.000000e+00,0.000000e+00,0.000000e+00,0.000000e+00,0.000000e+00,0.000000e+00,0.000000e+00
4.392891e-01,1.325054e-02,1.765854e-01,7.237912e-02,6.455920e-03,1.544002e-02,6.902039e-03,2.053184e-01,5.711338e-03,1.146688e-03,8.545622e-03,1.841241e-02,1.636344e-02,1.788766e-03,1.241116e-02
3.233699e-01,9.524886e-03,1.548069e-01,6.335990e-02,4.836065e-03,1.202126e-02,5.659965e-03,3.796023e-01,4.087232e-03,8.609031e-04,6.270974e-03,1.330773e-02,1.182805e-02,1.466607e-03,8.997423e-03
2.428470e-01,6.913101e-03,1.582775e-01,5.977139e-02,3.759108e-03,1.023800e-02,6.358427e-03,4.763559e-01,2.999132e-03,6.671246e-04,4.752375e-03,1.003542e-02,9.056943e-03,1.276710e-03,6.691923e-03
1.805790e-01,4.939310e-03,1.664419e-01,4.984458e-02,2.957411e-03,7.711443e-03,5.513665e-03,5.562890e-01,2.130236e-03,5.065454e-04,3.446474e-03,7.221931e-03,6.671156e-03,9.704732e-04,4.776827e-03
1.389799e-01,3.812198e-03,1.870887e-01,3.815611e-02,3.725346e-03,1.438022e-02,6.012392e-02,5.243500e-01,1.875362e-03,6.424634e-04,2.569536e-03,5.467234e-03,1.430005e-02,8.047112e-04,3.724164e-03
1.072962e-01,3.031400e-03,1.801230e-01,2.865667e-02,4.626805e-03,1.692791e-02,1.448710e-01,4.841762e-01,1.552224e-03,7.154954e-04,1.936908e-03,4.121372e-03,1.827139e-02,6.762288e-04,3.017098e-03
9.853314e-02,2.624457e-03,1.385740e-01,2.112833e-02,7.650786e-03,2.027349e-02,1.677118e-01,5.155197e-01,1.247815e-03,6.661798e-04,1.547840e-03,3.471644e-03,1.780647e-02,6.145154e-04,2.629759e-03
1.393850e-01,2.402205e-03,1.037086e-01,1.585338e-02,1.079779e-02,3.485561e-02,1.847709e-01,4.793775e-01,1.157553e-03,7.103190e-04,1.512752e-03,3.509009e-03,1.863428e-02,6.314612e-04,2.693661e-03
2.171867e-01,2.414107e-03,8.267145e-02,1.255913e-02,1.249440e-02,4.535250e-02,1.870492e-01,4.089186e-01,1.415994e-03,1.403064e-03,1.994251e-03,5.343077e-03,1.690956e-02,7.937972e-04,3.494071e-03
3.470533e-01,3.133867e-03,6.109567e-02,1.153628e-02,1.406508e-02,4.065176e-02,1.729557e-01,3.115986e-01,1.920835e-03,2.067449e-03,2.592360e-03,8.206372e-03,1.553312e-02,1.038516e-03,6.551021e-03
4.086913e-01,4.296062e-03,4.485888e-02,1.079090e-02,1.426346e-02,3.790839e-02,1.886317e-01,2.479776e-01,2.121144e-03,2.451331e-03,2.928309e-03,9.317747e-03,1.478644e-02,1.155422e-03,9.821260e-03
1.000000e+00,0.000000e+00,0.000000e+00,0.000000e+00,0.000000e+00,0.000000e+00,0.000000e+00,0.000000e+00,0.000000e+00,0.000000e+00,0.000000e+00,0.000000e+00,0.000000e+00,0.000000e+00,0.000000e+00
1.000000e+00,0.000000e+00,0.000000e+00,0.000000e+00,0.000000e+00,0.000000e+00,0.000000e+00,0.000000e+00,0.000000e+00,0.000000e+00,0.000000e+00,0.000000e+00,0.000000e+00,0.000000e+00,0.000000e+00
1.000000e+00,0.000000e+00,0.000000e+00,0.000000e+00,0.000000e+00,0.000000e+00,0.000000e+00,0.000000e+00,0.000000e+00,0.000000e+00,0.000000e+00,0.000000e+00,0.000000e+00,0.000000e+00,0.000000e+00
1.000000e+00,0.000000e+00,0.000000e+00,0.000000e+00,0.000000e+00,0.000000e+00,0.000000e+00,0.000000e+00,0.000000e+00,0.000000e+00,0.000000e+00,0.000000e+00,0.000000e+00,0.000000e+00,0.000000e+00
1.000000e+00,0.000000e+00,0.000000e+00,0.000000e+00,0.000000e+00,0.000000e+00,0.000000e+00,0.000000e+00,0.000000e+00,0.000000e+00,0.000000e+00,0.000000e+00,0.000000e+00,0.000000e+00,0.000000e+00
4.843092e-01,6.643638e-02,8.880791e-03,2.615906e-02,6.089922e-03,2.214930e-02,2.878088e-02,3.424501e-02,1.358106e-01,1.291483e-02,1.087079e-02,2.098949e-02,9.532915e-02,1.399858e-03,4.563471e-02
3.904496e-01,8.609156e-02,6.849549e-03,2.371585e-02,6.017002e-03,1.707487e-02,2.115534e-02,2.526115e-02,2.140877e-01,1.085595e-02,1.102199e-02,1.654866e-02,1.304818e-01,1.212270e-03,3.917671e-02
2.974224e-01,7.573202e-02,5.037176e-03,1.759768e-02,4.897842e-03,1.384152e-02,1.558200e-02,1.803523e-02,1.623392e-01,8.829871e-03,8.506448e-03,1.331928e-02,3.206410e-01,9.729431e-04,3.724542e-02
2.154156e-01,5.537958e-02,4.416120e-03,1.363698e-02,4.641544e-03,1.164564e-02,1.436883e-02,2.423493e-02,1.213184e-01,7.781112e-03,9.806992e-03,1.169561e-02,3.786571e-01,1.199062e-03,1.258025e-01
1.718211e-01,4.038344e-02,3.393802e-03,1.032371e-02,4.785934e-03,1.020143e-02,1.119553e-02,1.787764e-02,8.892481e-02,6.390960e-03,9.040835e-03,1.559012e-02,4.754374e-01,1.126205e-03,1.335070e-01
1.298955e-01,2.870145e-02,2.967614e-03,8.330477e-03,5.976631e-03,9.271782e-03,8.854831e-03,1.375453e-02,6.467791e-02,5.767726e-03,9.913569e-03,1.605762e-02,5.628433e-01,1.040710e-03,1.319464e-01
9.809643e-02,2.044481e-02,2.801411e-03,6.394607e-03,7.163046e-03,9.356689e-03,8.019264e-03,1.030279e-02,4.852999e-02,7.584361e-03,1.179050e-02,1.636325e-02,5.949504e-01,9.767292e-04,1.572256e-01
7.134169e-02,1.552996e-02,6.727288e-03,5.318349e-03,7.560524e-03,7.308963e-03,6.458891e-03,7.783256e-03,4.870831e-02,2.131076e-02,9.495171e-03,1.227610e-02,6.536074e-01,7.617495e-04,1.258116e-01
5.409291e-02,1.130003e-02,6.665900e-03,4.102840e-03,6.552895e-03,6.700305e-03,7.284639e-03,6.247716e-03,3.647031e-02,1.778328e-02,7.777386e-03,1.021669e-02,7.231734e-01,6.546200e-04,1.009771e-01
5.612986e-02,8.608554e-03,6.308664e-03,3.332761e-03,7.893306e-03,9.667598e-03,6.774083e-03,5.462082e-03,3.333321e-02,1.702430e-02,7.983504e-03,9.848814e-03,7.425929e-01,1.300378e-03,8.374005e-02
4.366991e-02,6.262696e-03,4.723960e-03,2.720834e-03,9.354468e-03,7.613757e-03,6.884343e-03,4.514647e-03,2.790513e-02,1.642774e-02,8.486915e-03,1.159072e-02,7.543803e-01,1.161218e-03,9.430334e-02
3.405090e-02,4.643851e-03,3.678070e-03,2.140052e-03,2.413486e-02,5.913669e-03,6.463794e-03,3.731675e-03,2.432312e-02,1.747640e-02,8.047765e-03,1.380217e-02,7.541516e-01,1.194606e-03,9.624742e-02
2.490959e-02,3.491750e-03,6.665363e-03,2.050458e-03,3.839592e-02,4.529584e-03,9.896173e-02,2.941047e-02,2.325363e-02,1.596785e-02,7.147654e-03,1.141751e-02,6.292506e-01,1.044177e-03,1.035036e-01
2.553260e-02,3.228619e-03,7.318433e-03,2.963150e-03,4.140234e-02,7.867907e-03,8.730306e-02,2.252124e-02,3.172002e-02,1.422471e-02,1.055617e-02,1.272271e-02,6.426322e-01,1.018562e-03,8.898819e-02
1.945264e-02,2.957853e-03,1.230459e-02,5.335649e-03,5.037358e-02,6.903523e-03,1.887326e-01,2.027620e-02,5.596986e-02,2.003719e-02,1.164365e-02,1.409185e-02,5.161618e-01,8.901283e-04,7.486878e-02
1.458674e-02,3.194794e-03,3.098306e-02,1.205425e-02,5.566694e-02,7.239177e-03,1.599109e-01,2.001150e-02,6.287575e-02,2.998268e-02,5.303285e-02,1.712766e-02,4.665602e-01,7.838586e-04,6.598951e-02
1.367478e-02,4.305671e-03,3.249693e-02,1.794756e-02,5.153444e-02,7.132609e-03,1.323563e-01,1.717144e-02,7.192989e-02,3.262708e-02,5.530673e-02,1.808479e-02,4.749482e-01,9.435772e-04,6.953995e-02
3.440642e-02,3.916039e-03,2.640163e-02,1.608911e-02,4.453729e-02,9.791015e-03,9.781817e-02,1.556276e-02,6.154659e-02,2.580640e-02,8.245589e-02,4.800976e-02,4.511710e-01,1.082968e-03,8.140492e-02
4.952287e-02,3.321966e-03,2.122711e-02,1.433961e-02,3.677788e-02,9.591765e-03,7.127707e-02,1.915179e-02,5.056783e-02,1.982939e-02,9.323921e-02,6.330860e-02,4.567280e-01,2.003791e-03,8.911309e-02
4.974131e-02,2.582828e-03,1.593809e-02,1.139121e-02,3.402450e-02,8.105464e-03,5.403920e-02,1.809940e-02,4.187288e-02,2.207108e-02,1.198300e-01,6.824868e-02,4.552241e-01,1.817569e-03,9.701362e-02
5.116381e-02,2.833297e-03,1.497879e-02,9.724958e-03,4.362693e-02,7.238591e-03,4.068885e-02,3.050336e-02,5.348574e-02,2.448535e-02,1.522781e-01,6.878176e-02,4.083445e-01,1.774929e-03,9.009098e-02
5.323410e-02,2.924216e-03,2.068689e-02,1.037051e-02,4.229784e-02,7.299029e-03,3.794247e-02,4.783653e-02,4.569457e-02,3.594080e-02,1.496770e-01,6.046242e-02,3.825986e-01,1.806711e-03,1.012283e-01
3.967332e-02,2.209039e-03,3.995823e-02,7.909246e-03,3.825885e-02,5.677831e-03,3.863558e-02,1.473776e-01,3.324646e-02,3.410068e-02,1.446617e-01,4.485042e-02,3.132916e-01,1.494057e-03,1.086554e-01
6.172800e-02,2.159391e-03,1.652121e-01,8.979665e-03,4.134717e-02,9.817099e-03,3.971451e-02,1.561733e-01,2.502447e-02,2.795383e-02,1.055113e-01,3.339835e-02,2.278412e-01,1.275519e-03,9.386405e-02
1.068517e-01,2.238517e-03,2.946795e-01,8.929726e-03,3.595977e-02,1.208516e-02,2.983748e-02,1.297624e-01,1.916398e-02,2.092828e-02,7.545740e-02,2.597881e-02,1.636788e-01,1.137777e-03,7.331074e-02
1.706126e-01,4.653529e-03,3.127925e-01,1.129256e-02,3.382209e-02,2.016810e-02,2.245978e-02,1.266192e-01,1.743535e-02,1.624598e-02,5.548226e-02,2.328836e-02,1.264184e-01,1.224785e-03,5.748440e-02
1.557813e-01,1.211871e-02,3.379075e-01,1.174676e-02,8.766519e-02,1.704322e-02,2.332054e-02,1.047436e-01,2.599209e-02,1.381465e-02,4.145322e-02,1.997015e-02,9.732667e-02,1.210145e-03,4.990623e-02
1.443432e-01,3.482413e-02,2.701416e-01,1.570524e-02,1.628371e-01,1.538727e-02,2.571026e-02,9.490796e-02,4.424294e-02,1.407218e-02,3.310492e-02,2.053239e-02,7.730704e-02,1.013951e-03,4.586987e-02
1.120232e-01,3.738580e-02,1.963080e-01,6.467277e-02,1.922829e-01,1.522250e-02,2.194167e-02,1.402905e-01,6.155360e-02,1.156378e-02,2.851134e-02,2.161278e-02,5.944274e-02,1.005169e-03,3.618338e-02
1.007804e-01,6.371354e-02,1.460114e-01,7.825315e-02,2.100002e-01,2.166973e-02,1.819180e-02,1.141783e-01,9.332553e-02,1.026282e-02,2.815374e-02,2.837735e-02,5.030773e-02,1.378960e-03,3.539536e-02
9.073008e-02,5.724261e-02,1.080060e-01,2.332956e-01,1.817259e-01,2.134524e-02,1.474166e-02,1.018099e-01,6.896738e-02,7.869899e-03,2.288690e-02,2.520477e-02,3.804707e-02,1.235705e-03,2.689130e-02
1.539903e-01,4.926668e-02,8.327314e-02,1.973643e-01,1.880801e-01,3.300232e-02,1.474774e-02,8.674576e-02,5.754995e-02,8.169090e-03,2.224655e-02,4.209661e-02,3.378453e-02,2.325212e-03,2.735776e-02
1.588487e-01,3.966607e-02,7.525516e-02,2.336037e-01,1.487503e-01,3.376419e-02,1.556544e-02,1.016942e-01,4.482011e-02,7.286695e-03,2.176497e-02,5.957599e-02,2.996814e-02,2.568769e-03,2.686755e-02
2.879373e-01,3.331232e-02,5.766971e-02,1.715008e-01,1.338071e-01,2.802487e-02,1.415833e-02,1.068051e-01,4.683785e-02,6.413097e-03,1.697535e-02,4.809236e-02,2.462937e-02,2.623027e-03,2.121336e-02
2.686461e-01,2.428549e-02,4.227984e-02,1.270646e-01,1.012788e-01,2.309655e-02,1.296074e-02,2.691017e-01,3.724219e-02,4.925060e-03,1.394345e-02,3.796033e-02,1.979617e-02,2.020918e-03,1.539817e-02
2.615072e-01,1.824187e-02,3.161868e-02,9.156128e-02,7.417116e-02,2.126640e-02,1.106053e-02,3.871184e-01,2.897733e-02,3.804578e-03,1.123136e-02,3.011776e-02,1.575349e-02,1.574594e-03,1.199536e-02
2.437296e-01,1.378494e-02,2.367993e-02,6.599784e-02,5.539431e-02,1.864341e-02,8.906161e-03,4.898198e-01,2.203596e-02,2.934403e-03,8.565637e-03,2.349412e-02,1.232637e-02,1.219947e-03,9.467571e-03
1.822542e-01,9.809595e-03,1.711231e-02,4.667950e-02,4.013084e-02,1.347377e-02,6.445397e-03,6.268343e-01,1.584339e-02,2.083302e-03,6.204916e-03,1.667942e-02,8.796185e-03,8.874686e-04,6.765489e-03
1.531931e-01,7.131293e-03,1.223125e-02,3.320944e-02,2.900964e-02,9.921329e-03,4.601524e-03,7.085330e-01,1.181311e-02,1.499718e-03,4.589697e-03,1.221930e-02,6.354827e-03,7.076046e-04,4.985082e-03
1.509587e-01,5.754175e-03,9.120851e-03,2.709430e-02,2.184214e-02,7.849772e-03,3.326578e-03,7.243643e-01,1.305400e-02,2.223673e-03,6.684915e-03,1.363983e-02,6.501670e-03,1.105166e-03,6.479913e-03
1.613652e-01,5.921399e-03,7.208934e-03,2.168472e-02,1.658005e-02,6.639536e-03,2.470923e-03,6.302124e-01,1.039312e-01,3.490666e-03,8.276724e-03,1.250992e-02,5.929266e-03,1.648807e-03,1.213022e-02
2.140136e-01,6.480318e-03,6.151502e-03,1.747010e-02,1.388695e-02,6.283321e-03,2.104469e-03,5.619855e-01,1.249276e-01,3.836814e-03,8.468108e-03,1.031246e-02,5.227074e-03,2.094045e-03,1.675823e-02
1.567462e-01,2.434231e-02,5.397684e-03,3.323760e-02,1.122072e-02,4.832179e-03,1.611269e-03,3.955224e-01,3.103662e-01,4.448568e-03,6.939350e-03,8.205106e-03,4.704997e-03,2.828521e-03,2.959689e-02
1.224224e-01,1.989686e-02,4.720740e-03,2.884912e-02,8.008954e-03,4.283620e-03,1.168022e-03,2.775320e-01,4.217380e-01,1.062868e-02,6.496128e-03,7.994571e-03,5.915374e-03,1.055543e-02,6.979018e-02
1.443862e-01,1.857066e-02,4.045675e-03,2.325945e-02,7.008365e-03,5.328039e-03,1.195864e-03,1.957887e-01,4.192808e-01,1.997046e-02,1.036020e-02,8.653248e-03,2.054160e-02,2.539472e-02,9.621587e-02
1.870803e-01,2.001252e-02,4.172408e-03,2.124519e-02,5.972298e-03,7.238215e-03,1.294196e-03,1.384745e-01,4.021413e-01,2.165162e-02,9.322006e-03,7.389211e-03,1.899407e-02,3.064791e-02,1.243642e-01
2.043028e-01,1.968755e-02,9.501386e-03,2.505198e-02,5.397042e-03,1.091642e-02,1.518043e-03,9.958141e-02,3.662672e-01,1.895622e-02,8.095123e-03,7.020618e-03,1.781995e-02,3.189012e-02,1.739941e-01
2.124431e-01,2.781370e-02,9.366865e-03,2.213855e-02,4.947848e-03,1.315622e-02,1.647292e-03,7.112761e-02,3.028090e-01,2.291796e-02,7.861970e-03,5.768249e-03,1.442399e-02,3.429350e-02,2.492842e-01
1.574284e-01,3.161171e-02,8.889079e-03,1.961090e-02,3.589389e-03,9.637021e-03,1.238543e-03,5.018051e-02,4.527910e-01,1.986881e-02,6.428807e-03,4.438011e-03,1.133809e-02,2.707267e-02,1.958770e-01
1.880200e-01,2.981360e-02,7.794417e-03,1.745092e-02,3.758964e-03,9.802716e-03,1.218676e-03,3.606869e-02,4.276336e-01,1.842073e-02,9.431074e-03,4.805190e-03,1.420134e-02,3.296904e-02,1.986111e-01
1.809601e-01,2.426477e-02,8.042773e-03,1.661805e-02,4.969229e-03,8.309875e-03,1.317891e-03,2.670285e-02,3.778089e-01,1.807836e-02,1.478305e-02,5.077785e-03,1.614413e-02,6.535687e-02,2.315654e-01
1.651421e-01,2.157321e-02,1.124085e-02,2.064579e-02,6.378483e-03,8.336697e-03,1.164512e-03,2.067578e-02,3.046263e-01,1.624379e-02,1.755950e-02,5.557119e-03,1.588971e-02,1.399949e-01,2.449714e-01
1.507706e-01,1.772333e-02,9.326868e-03,1.525724e-02,5.736581e-03,7.274537e-03,9.455282e-04,1.485271e-02,2.360058e-01,1.496613e-02,1.591789e-02,4.516311e-03,1.250862e-02,2.407482e-01,2.534498e-01
1.127421e-01,1.343984e-02,7.142276e-03,1.090890e-02,4.716416e-03,5.735612e-03,6.929988e-04,1.046079e-02,1.710571e-01,1.194379e-02,1.268622e-02,3.364953e-03,9.212154e-03,4.034331e-01,2.224636e-01
1.187727e-01,1.284077e-02,5.986562e-03,9.656827e-03,5.509406e-03,5.450086e-03,7.343622e-04,8.024324e-03,1.441744e-01,1.109664e-02,1.457281e-02,3.901755e-03,9.976564e-03,4.355923e-01,2.137105e-01
1.730191e-01,1.889817e-02,1.699633e-02,2.517692e-02,9.619822e-03,7.438513e-03,1.691404e-03,7.881054e-03,1.181297e-01,1.129119e-02,1.540878e-02,6.164817e-03,1.050293e-02,3.920442e-01,1.857370e-01
2.237864e-01,2.035565e-02,1.426719e-02,2.070909e-02,1.078196e-02,7.814256e-03,2.015706e-03,7.148516e-03,9.083286e-02,2.139036e-02,1.389957e-02,6.386028e-03,1.092373e-02,3.925986e-01,1.570900e-01
2.483668e-01,2.521429e-02,2.521973e-02,4.322555e-02,1.408265e-02,1.070220e-02,2.949609e-03,6.671012e-03,8.645661e-02,2.373956e-02,1.296630e-02,8.147851e-03,9.975728e-03,3.272961e-01,1.549860e-01
2.219241e-01,3.567630e-02,4.853854e-02,5.004756e-02,2.307147e-02,1.122894e-02,2.648493e-03,6.265875e-03,7.868256e-02,4.892075e-02,1.066110e-02,7.102552e-03,7.908883e-03,2.598031e-01,1.875198e-01
1.588686e-01,3.586571e-02,1.610070e-01,9.627822e-02,1.835508e-02,8.224185e-03,1.900861e-03,4.865830e-03,7.612935e-02,4.567120e-02,8.071873e-03,5.542738e-03,5.942967e-03,1.828876e-01,1.903888e-01
2.015837e-01,4.159272e-02,1.448830e-01,1.024935e-01,2.095339e-02,7.906962e-03,1.525392e-03,4.965806e-03,8.067895e-02,5.283346e-02,8.991796e-03,6.229484e-03,5.723387e-03,1.304819e-01,1.891565e-01
1.566380e-01,4.059542e-02,1.771433e-01,1.087535e-01,1.881587e-02,6.607944e-03,1.281313e-03,5.023337e-03,8.806589e-02,9.018159e-02,8.115814e-03,4.927543e-03,5.520227e-03,9.230745e-02,1.960229e-01
2.064149e-01,4.674302e-02,1.913687e-01,8.586482e-02,2.453224e-02,6.656800e-03,1.191258e-03,3.060388e-02,8.259872e-02,7.507418e-02,6.783995e-03,4.679648e-03,7.117211e-03,6.790532e-02,1.624653e-01
2.063789e-01,4.722473e-02,1.896050e-01,6.543646e-02,2.422764e-02,6.212381e-03,9.969573e-04,3.329073e-02,7.084113e-02,7.809515e-02,6.315633e-03,4.071078e-03,5.537618e-03,5.031387e-02,2.114527e-01
1.867802e-01,4.899399e-02,1.566699e-01,5.041130e-02,1.936124e-02,5.492422e-03,8.547223e-04,2.856397e-02,6.265330e-02,9.607123e-02,5.253970e-03,3.483450e-03,4.326485e-03,3.686240e-02,2.942214e-01
2.199080e-01,5.257803e-02,1.188551e-01,4.512041e-02,1.712737e-02,8.293462e-03,1.176117e-03,2.959249e-02,6.662048e-02,7.747198e-02,5.885390e-03,4.711132e-03,3.947225e-03,3.467176e-02,3.140411e-01
1.730827e-01,5.023379e-02,9.343860e-02,3.352259e-02,1.456389e-02,7.487652e-03,1.060885e-03,2.144407e-02,8.350572e-02,6.325726e-02,9.591354e-03,4.179331e-03,3.346854e-03,8.210114e-02,3.591841e-01
1.618989e-01,4.969669e-02,8.313279e-02,2.548851e-02,1.268877e-02,7.815607e-03,1.187939e-03,1.627198e-02,7.590289e-02,5.501463e-02,4.317230e-02,6.467259e-03,3.448464e-03,1.328610e-01,3.249522e-01
1.472615e-01,4.479316e-02,6.460322e-02,2.272903e-02,1.120294e-02,2.173388e-02,1.680208e-03,1.375168e-02,7.164668e-02,4.157082e-02,1.699363e-01,7.492505e-03,6.790844e-03,1.430128e-01,2.317945e-01
1.168010e-01,3.460180e-02,4.672818e-02,1.658202e-02,8.153553e-03,3.008693e-02,1.392766e-03,1.078721e-02,5.798197e-02,2.988319e-02,3.027067e-01,6.872630e-03,7.618159e-03,1.655938e-01,1.642101e-01
8.827659e-02,2.509850e-02,3.277873e-02,1.198233e-02,6.007291e-03,2.339821e-02,1.049404e-03,7.713770e-03,4.225016e-02,2.145555e-02,4.218019e-01,6.666703e-03,6.096357e-03,1.900504e-01,1.153742e-01
6.489477e-02,2.365298e-02,2.312684e-02,8.654707e-03,5.398031e-03,3.150024e-02,8.415026e-04,5.646460e-03,3.826723e-02,1.681489e-02,4.461802e-01,6.414759e-03,5.903475e-03,2.407422e-01,8.196170e-02
5.277395e-02,1.810810e-02,1.671774e-02,6.331420e-03,4.227995e-03,3.030457e-02,8.314893e-04,4.524009e-03,3.203838e-02,1.410838e-02,4.646640e-01,9.030975e-03,4.473553e-03,2.841032e-01,5.776216e-02
3.745132e-02,1.287796e-02,1.310885e-02,4.660828e-03,3.624929e-03,2.368288e-02,6.896247e-04,4.324436e-03,2.622775e-02,1.222672e-02,4.680036e-01,9.180740e-03,3.308979e-03,3.400291e-01,4.060233e-02
2.652780e-02,9.140629e-03,9.392848e-03,3.441035e-03,3.217368e-03,1.949416e-02,5.483169e-04,3.273044e-03,2.066897e-02,1.225315e-02,4.595338e-01,9.608986e-03,2.983889e-03,3.912175e-01,2.869860e-02
1.932708e-02,6.554479e-03,7.061265e-03,2.779175e-03,3.903241e-03,1.547960e-02,5.503731e-04,2.566147e-03,1.767577e-02,1.286198e-02,4.886814e-01,9.252055e-03,3.981225e-03,3.890933e-01,2.023285e-02
1.387340e-02,4.693547e-03,5.171658e-03,2.074274e-03,3.580782e-03,1.353542e-02,4.811767e-04,1.899962e-03,1.436828e-02,1.210659e-02,5.222427e-01,1.149461e-02,4.164545e-03,3.760771e-01,1.423597e-02
1.011157e-02,6.587657e-03,4.538957e-03,1.767290e-03,1.680879e-02,1.896623e-02,4.196470e-03,1.643887e-03,1.182295e-01,1.420418e-02,4.376213e-01,1.078131e-02,4.401247e-03,3.399652e-01,1.017639e-02
7.506344e-03,5.264516e-03,3.791598e-03,2.173657e-03,1.833892e-02,2.721119e-02,7.074718e-03,2.424440e-03,1.255501e-01,2.022317e-02,3.697660e-01,1.124281e-02,8.055301e-03,3.839142e-01,7.462980e-03
5.794559e-03,4.493891e-03,3.632347e-03,2.599100e-03,2.158197e-02,3.256902e-02,1.071377e-02,3.519743e-03,1.095071e-01,3.162870e-02,3.184563e-01,1.177986e-02,9.645855e-03,4.284444e-01,5.633335e-03
4.553342e-03,3.521167e-03,3.128333e-03,2.140904e-03,1.883757e-02,2.719613e-02,8.543132e-03,2.559649e-03,8.833569e-02,1.196403e-01,3.122276e-01,1.215169e-02,1.042832e-02,3.823888e-01,4.347288e-03
3.425149e-03,2.788170e-03,2.327443e-03,1.608527e-03,2.134742e-02,2.128318e-02,7.513111e-03,1.901924e-03,2.704406e-01,1.084525e-01,2.456426e-01,1.032749e-02,1.027543e-02,2.895251e-01,3.141312e-03
3.178061e-03,3.217318e-03,3.136880e-03,6.546834e-03,3.921165e-02,3.844982e-02,1.511133e-02,1.422130e-02,2.313849e-01,1.869324e-01,1.998034e-01,1.004200e-02,1.197217e-02,2.336245e-01,3.167260e-03
3.066934e-03,3.640065e-03,9.516980e-03,2.140674e-02,3.961542e-02,3.430492e-02,1.214230e-02,1.484395e-01,1.945107e-01,1.767151e-01,1.560032e-01,1.114116e-02,1.843790e-02,1.682531e-01,2.806069e-03
2.443549e-03,2.689654e-03,1.111359e-02,1.741628e-02,3.032473e-02,2.459251e-02,8.746995e-03,3.636201e-01,1.396645e-01,1.310421e-01,1.148539e-01,1.238684e-02,2.010950e-02,1.188985e-01,2.097190e-03
5.110155e-03,5.020061e-03,2.967576e-02,1.623868e-02,3.739195e-02,2.065403e-02,8.950373e-03,4.367886e-01,1.529756e-01,9.457258e-02,8.200053e-02,9.442867e-03,1.529949e-02,8.374421e-02,2.135119e-03
1.379613e-02,9.823923e-03,3.263105e-02,1.404637e-02,5.454973e-02,3.452031e-02,9.099413e-03,3.925238e-01,2.173715e-01,7.056123e-02,6.542291e-02,6.923412e-03,1.174841e-02,5.914827e-02,7.833554e-03
1.682348e-02,2.285920e-02,2.785115e-02,1.160140e-02,6.692305e-02,5.747220e-02,7.145924e-03,2.990184e-01,3.244511e-01,5.033661e-02,4.918960e-02,5.139198e-03,8.833608e-03,4.431621e-02,8.038878e-03
1.414875e-02,1.677255e-02,4.609758e-02,1.049002e-02,6.624939e-02,4.439268e-02,5.401536e-03,4.040185e-01,2.755495e-01,3.528851e-02,3.482604e-02,3.638396e-03,6.288262e-03,3.116217e-02,5.676181e-03
2.169049e-02,2.586011e-02,4.946303e-02,1.151824e-02,1.292226e-01,4.272949e-02,4.980996e-03,3.343503e-01,2.924522e-01,2.486343e-02,2.655851e-02,2.665861e-03,5.266143e-03,2.363186e-02,4.746852e-03
3.405919e-02,4.036325e-02,3.982468e-02,1.727003e-02,1.542087e-01,4.336991e-02,4.008381e-03,2.449658e-01,3.537435e-01,1.827871e-02,2.053214e-02,2.185037e-03,4.079338e-03,1.807097e-02,5.040322e-03
3.512581e-02,4.443975e-02,3.460604e-02,7.828113e-02,1.914646e-01,3.240709e-02,3.371810e-03,2.362154e-01,2.923446e-01,1.312296e-02,1.649840e-02,1.920492e-03,3.035369e-03,1.313192e-02,4.034579e-03
2.903847e-02,3.280431e-02,2.614299e-02,5.841096e-02,1.623379e-01,2.399198e-02,2.607673e-03,4.134744e-01,2.140032e-01,9.264275e-03,1.188007e-02,1.440156e-03,2.448453e-03,9.252135e-03,2.902902e-03
2.161150e-02,2.319809e-02,1.879446e-02,4.133257e-02,1.178697e-01,1.692750e-02,1.920392e-03,5.809051e-01,1.512950e-01,6.508656e-03,8.361870e-03,1.017117e-03,1.732228e-03,6.480186e-03,2.045631e-03
1.735698e-02,1.668850e-02,1.452258e-02,2.944390e-02,8.749467e-02,1.204934e-02,1.504071e-03,6.956036e-01,1.067525e-01,4.635042e-03,5.914324e-03,7.335172e-04,1.253378e-03,4.556363e-03,1.491228e-03
1.596875e-02,1.190635e-02,1.105506e-02,2.141692e-02,6.419364e-02,9.538390e-03,1.281389e-03,7.757657e-01,7.515847e-02,3.357984e-03,4.280461e-03,7.307129e-04,1.005366e-03,3.210752e-03,1.130089e-03
1.959183e-02,8.820022e-03,8.779650e-03,1.636028e-02,4.891111e-02,9.314884e-03,1.355718e-03,8.222035e-01,5.335210e-02,2.513397e-03,3.139851e-03,1.161926e-03,1.220757e-03,2.282460e-03,9.925108e-04
3.988171e-02,6.342360e-03,7.102804e-03,1.259760e-02,3.637997e-02,1.213423e-02,1.116497e-03,8.349363e-01,3.777357e-02,1.821684e-03,3.043615e-03,2.158019e-03,2.141534e-03,1.631221e-03,9.388927e-04
9.506416e-02,4.961248e-03,5.285226e-03,1.289325e-02,2.629531e-02,1.562091e-02,1.283665e-03,6.091032e-01,3.018888e-02,2.737849e-03,2.817016e-02,6.581759e-02,9.984269e-02,1.448421e-03,1.287351e-03
1.149159e-01,3.713934e-03,3.936100e-03,1.419806e-02,1.893556e-02,1.662103e-02,1.195315e-03,4.478932e-01,2.367418e-02,3.603197e-03,4.058225e-02,1.010061e-01,2.069407e-01,1.376605e-03,1.407834e-03
1.601546e-01,2.847478e-03,2.930639e-03,1.329806e-02,1.408721e-02,1.383067e-02,1.189785e-03,3.206824e-01,1.811251e-02,4.779886e-03,4.218055e-02,1.085611e-01,2.937973e-01,2.135198e-03,1.412574e-03
2.474281e-01,3.608026e-03,2.716600e-03,1.670634e-02,1.301013e-02,1.568694e-02,3.968827e-03,2.304462e-01,1.818747e-02,5.855487e-03,3.943966e-02,1.544916e-01,2.356196e-01,8.939503e-03,3.895473e-03
2.330497e-01,4.031513e-03,2.865194e-03,1.582529e-02,1.126831e-02,2.255681e-02,4.284267e-03,1.642223e-01,3.319027e-02,9.261714e-03,3.845006e-02,2.609597e-01,1.821562e-01,1.254437e-02,5.334250e-03
2.300874e-01,4.076581e-03,2.343904e-03,1.264722e-02,8.980576e-03,1.936685e-02,3.575538e-03,1.153984e-01,3.761113e-02,1.355722e-02,3.622575e-02,3.645701e-01,1.342093e-01,1.256546e-02,4.784520e-03
2.520813e-01,4.077050e-03,2.215465e-03,9.873919e-03,7.755666e-03,1.777002e-02,2.945965e-03,8.131894e-02,3.059163e-02,1.327692e-02,5.232267e-02,4.130272e-01,9.772491e-02,1.097099e-02,4.047309e-03
1.988026e-01,8.377090e-03,2.900756e-03,7.520667e-03,1.255124e-02,1.369684e-02,2.216525e-03,5.743022e-02,3.180606e-02,2.067613e-02,5.635013e-02,5.038998e-01,7.018678e-02,1.034853e-02,3.236548e-03
1.778237e-01,8.503682e-03,2.580448e-03,5.814255e-03,1.734356e-02,1.302523e-02,1.776197e-03,4.059944e-02,3.369368e-02,3.119042e-02,4.909609e-02,5.577532e-01,4.983718e-02,8.288671e-03,2.674234e-03
1.856426e-01,9.821487e-03,2.748667e-03,4.300725e-03,1.474946e-02,1.171504e-02,1.346062e-03,2.897686e-02,2.570858e-02,3.194155e-02,6.328583e-02,5.747013e-01,3.568936e-02,7.080157e-03,2.292321e-03
1.581056e-01,8.006843e-03,2.228226e-03,3.316112e-03,1.148178e-02,8.912293e-03,9.917745e-04,2.060593e-02,1.972413e-02,2.814822e-02,8.724330e-02,6.176645e-01,2.552337e-02,6.101163e-03,1.946748e-03
1.385431e-01,6.467000e-03,1.851048e-03,2.755368e-03,9.248641e-03,6.792187e-03,7.451181e-04,1.471473e-02,1.621346e-02,2.568236e-02,8.623590e-02,6.643633e-01,1.868692e-02,5.989680e-03,1.711196e-03
1.485750e-01,7.851209e-03,2.808773e-03,3.570863e-03,9.437803e-03,6.795628e-03,8.029416e-04,1.143397e-02,1.294141e-02,2.204807e-02,8.273277e-02,6.679250e-01,1.417929e-02,6.927510e-03,1.969761e-03
1.398044e-01,1.066933e-02,3.756701e-03,3.617269e-03,8.346450e-03,5.768709e-03,7.606411e-04,8.694135e-03,1.067603e-02,1.825422e-02,1.082173e-01,6.611240e-01,1.092383e-02,7.564799e-03,1.822157e-03
1.372683e-01,1.180927e-02,5.420116e-03,4.625397e-03,7.288008e-03,5.863396e-03,8.365935e-04,7.423575e-03,1.020653e-02,1.648282e-02,1.287213e-01,6.437847e-01,8.604764e-03,9.299723e-03,2.365450e-03
1.098644e-01,1.205218e-02,6.410036e-03,3.640413e-03,6.029712e-03,6.228366e-03,1.274313e-03,6.970314e-03,8.844162e-03,2.000589e-02,1.734826e-01,6.265642e-01,7.405194e-03,9.070714e-03,2.157496e-03
9.134971e-02,1.085963e-02,5.366495e-03,3.165670e-03,1.101602e-02,7.531711e-03,2.295682e-03,6.419896e-03,1.055115e-02,2.019100e-02,2.692829e-01,5.447296e-01,6.275583e-03,9.049006e-03,1.915938e-03
7.161683e-02,2.148210e-02,7.513782e-03,2.870102e-03,1.464157e-02,8.661795e-03,3.282239e-03,5.809315e-03,3.223503e-02,2.558815e-02,3.100557e-01,4.786524e-01,5.057473e-03,8.851575e-03,3.681898e-03
5.327757e-02,6.231058e-02,2.873862e-02,2.328932e-03,1.537802e-02,8.850100e-03,3.110568e-03,4.486755e-03,3.354761e-02,5.480164e-02,2.571325e-01,4.203146e-01,3.781976e-03,7.066279e-03,4.487423e-02
4.107071e-02,5.408186e-02,4.840410e-02,2.261877e-03,2.327987e-02,9.903776e-03,3.747567e-03,7.098146e-03,5.103014e-02,1.120168e-01,2.214743e-01,3.648751e-01,3.920821e-03,1.199004e-02,4.484484e-02
3.444595e-02,3.871052e-02,5.541955e-02,5.571430e-03,2.123476e-02,9.473778e-03,1.302346e-02,2.022463e-01,4.063205e-02,9.397499e-02,1.656309e-01,2.721105e-01,5.942346e-03,9.712528e-03,3.187090e-02
3.972102e-02,3.015469e-02,1.478758e-01,1.215560e-02,3.992097e-02,1.447569e-02,1.694615e-02,2.027799e-01,4.462297e-02,7.950942e-02,1.352108e-01,2.002127e-01,5.297768e-03,7.830199e-03,2.328628e-02
4.293142e-02,2.204663e-02,2.449373e-01,3.740379e-02,7.559457e-02,1.453937e-02,1.287569e-02,1.650273e-01,6.055077e-02,5.864789e-02,9.612045e-02,1.428338e-01,4.420290e-03,5.603976e-03,1.646680e-02
5.018742e-02,1.680835e-02,2.971123e-01,4.213446e-02,1.516779e-01,2.175974e-02,9.709887e-03,1.210663e-01,5.307652e-02,4.316197e-02,6.902263e-02,1.040116e-01,3.576714e-03,4.364036e-03,1.233005e-02
7.892898e-02,1.486777e-02,2.872474e-01,5.588341e-02,1.874297e-01,3.849829e-02,7.641974e-03,9.282727e-02,5.206788e-02,3.375084e-02,5.586019e-02,7.726815e-02,3.531818e-03,4.441767e-03,9.754553e-03
1.178527e-01,1.517752e-02,2.866592e-01,7.219925e-02,1.894284e-01,4.288678e-02,6.202669e-03,6.863750e-02,5.078109e-02,2.919874e-02,4.418811e-02,5.826492e-02,3.793993e-03,5.436855e-03,9.292233e-03
1.184335e-01,1.659380e-02,3.461319e-01,7.130787e-02,1.764759e-01,4.707856e-02,4.647999e-03,4.940953e-02,4.397880e-02,3.054962e-02,3.517717e-02,4.266411e-02,3.296602e-03,6.466869e-03,7.787724e-03
1.109630e-01,1.954969e-02,3.054358e-01,1.039610e-01,1.857764e-01,8.867745e-02,3.862346e-03,4.311716e-02,3.322834e-02,2.519474e-02,3.071611e-02,3.333115e-02,3.367777e-03,6.284077e-03,6.534986e-03
1.149613e-01,2.195733e-02,2.265137e-01,1.808971e-01,1.490320e-01,8.232537e-02,2.890335e-03,3.314511e-02,5.062509e-02,2.851051e-02,4.483515e-02,2.624590e-02,6.786995e-03,7.109118e-03,2.416499e-02
9.505197e-02,1.825877e-02,1.623336e-01,1.412749e-01,1.070076e-01,6.484730e-02,2.074383e-03,2.362784e-02,1.768202e-01,3.328569e-02,6.949724e-02,2.044213e-02,7.622115e-03,1.052490e-02,6.733142e-02
8.227523e-02,1.443014e-02,1.285697e-01,2.645506e-01,7.845084e-02,4.771016e-02,1.535940e-03,1.791559e-02,1.624273e-01,3.296421e-02,7.664001e-02,1.710023e-02,8.685570e-03,8.324308e-03,5.842019e-02
7.341345e-02,1.167078e-02,1.343594e-01,2.469756e-01,5.635929e-02,4.277370e-02,1.148148e-03,1.363430e-02,1.214526e-01,1.208170e-01,6.451666e-02,1.322057e-02,8.058147e-03,7.238093e-03,8.436230e-02
5.562103e-02,1.046822e-02,1.108053e-01,1.902369e-01,4.027328e-02,3.133054e-02,8.659323e-04,1.042984e-02,1.256108e-01,2.241184e-01,6.013189e-02,1.019623e-02,1.874904e-02,1.211119e-02,9.905137e-02
4.129245e-02,1.107578e-02,8.753885e-02,1.547057e-01,2.921685e-02,2.349893e-02,6.707515e-04,9.337539e-03,1.173476e-01,3.174777e-01,6.440290e-02,7.854379e-03,2.618304e-02,1.070953e-02,9.868799e-02
3.116651e-02,1.310370e-02,7.556843e-02,1.110806e-01,2.140583e-02,1.690735e-02,5.222204e-04,6.730291e-03,1.054517e-01,3.949604e-01,6.875856e-02,6.161882e-03,2.978520e-02,2.809181e-02,9.030554e-02
2.309800e-02,1.051203e-02,6.254641e-02,8.017857e-02,1.804828e-02,1.226091e-02,4.589726e-04,5.200906e-03,1.443732e-01,3.651587e-01,8.384627e-02,4.658896e-03,2.670661e-02,4.309093e-02,1.198613e-01
1.726375e-02,8.627416e-03,4.902197e-02,6.280699e-02,1.366710e-02,8.920531e-03,4.186919e-04,4.090461e-03,1.829244e-01,3.239091e-01,7.033245e-02,3.751587e-03,2.126681e-02,5.923969e-02,1.737590e-01
1.410284e-02,7.549963e-03,3.751861e-02,4.575208e-02,1.424230e-02,6.821894e-03,6.050535e-04,3.764082e-03,2.273820e-01,2.761144e-01,7.302337e-02,3.341460e-03,1.928670e-02,5.635167e-02,2.141437e-01
1.191666e-02,7.319372e-03,3.003812e-02,3.415328e-02,1.287094e-02,5.795237e-03,6.663517e-04,3.114269e-03,2.734303e-01,2.161826e-01,9.139886e-02,3.815092e-03,2.154623e-02,6.737743e-02,2.203754e-01
