1.000000e+00,0.000000e+00,0.000000e+00,0.000000e+00,0.000000e+00,0.000000e+00,0.000000e+00,0.000000e+00,0.000000e+00,0.000000e+00,0.000000e+00,0.000000e+00,0.000000e+00,0.000000e+00,0.000000e+00
1.000000e+00,0.000000e+00,0.000000e+00,0.000000e+00,0.000000e+00,0.000000e+00,0.000000e+00,0.000000e+00,0.000000e+00,0.000000e+00,0.000000e+00,0.000000e+00,0.000000e+00,0.000000e+00,0.000000e+00
1.000000e+00,0.000000e+00,0.000000e+00,0.000000e+00,0.000000e+00,0.000000e+00,0.000000e+00,0.000000e+00,0.000000e+00,0.000000e+00,0.000000e+00,0.000000e+00,0.000000e+00,0.000000e+00,0.000000e+00
1.000000e+00,0.000000e+00,0.000000e+00,0.000000e+00,0.000000e+00,0.000000e+00,0.000000e+00,0.000000e+00,0.000000e+00,0.000000e+00,0.000000e+00,0.000000e+00,0.000000e+00,0.000000e+00,0.000000e+00
1.000000e+00,0.000000e+00,0.000000e+00,0.000000e+00,0.000000e+00,0.000000e+00,0.000000e+00,0.000000e+00,0.000000e+00,0.000000e+00,0.000000e+00,0.000000e+00,0.000000e+00,0.000000e+00,0.000000e+00
1.000000e+00,0.000000e+00,0.000000e+00,0.000000e+00,0.000000e+00,0.000000e+00,0.000000e+00,0.000000e+00,0.000000e+00,0.000000e+00,0.000000e+00,0.000000e+00,0.000000e+00,0.000000e+00,0.000000e+00
1.000000e+00,0.000000e+00,0.000000e+00,0.000000e+00,0.000000e+00,0.000000e+00,0.000000e+00,0.000000e+00,0.000000e+00,0.000000e+00,0.000000e+00,0.000000e+00,0.000000e+00,0.000000e+00,0.000000e+00
1.000000e+00,0.000000e+00,0.000000e+00,0.000000e+00,0.000000e+00,0.000000e+00,0.000000e+00,0.000000e+00,0.000000e+00,0.000000e+00,0.000000e+00,0.000000e+00,0.000000e+00,0.000000e+00,0.000000e+00
1.000000e+00,0.000000e+00,0.000000e+00,0.000000e+00,0.000000e+00,0.000000e+00,0.000000e+00,0.000000e+00,0.000000e+00,0.000000e+00,0.000000e+00,0.000000e+00,0.000000e+00,0.000000e+00,0.000000e+00
1.000000e+00,0.000000e+00,0.000000e+00,0.000000e+00,0.000000e+00,0.000000e+00,0.000000e+00,0.000000e+00,0.000000e+00,0.000000e+00,0.000000e+00,0.000000e+00,0.000000e+00,0.000000e+00,0.000000e+00
1.000000e+00,0.000000e+00,0.000000e+00,0.000000e+00,0.000000e+00,0.000000e+00,0.000000e+00,0.000000e+00,0.000000e+00,0.000000e+00,0.000000e+00,0.000000e+00,0.000000e+00,0.000000e+00,0.000000e+00
1.000000e+00,0.000000e+00,0.000000e+00,0.000000e+00,0.000000e+00,0.000000e+00,0.000000e+00,0.000000e+00,0.000000e+00,0.000000e+00,0.000000e+00,0.000000e+00,0.000000e+00,0.000000e+00,0.000000e+00
1.000000e+00,0.000000e+00,0.000000e+00,0.000000e+00,0.000000e+00,0.000000e+00,0.000000e+00,0.000000e+00,0.000000e+00,0.000000e+00,0.000000e+00,0.000000e+00,0.000000e+00,0.000000e+00,0.000000e+00
1.000000e+00,0.000000e+00,0.000000e+00,0.000000e+00,0.000000e+00,0.000000e+00,0.000000e+00,0.000000e+00,0.000000e+00,0.000000e+00,0.000000e+00,0.000000e+00,0.000000e+00,0.000000e+00,0.000000e+00
1.000000e+00,0.000000e+00,0.000000e+00,0.000000e+00,0.000000e+00,0.000000e+00,0.000000e+00,0.000000e+00,0.000000e+00,0.000000e+00,0.000000e+00,0.000000e+00,0.000000e+00,0.000000e+00,0.000000e+00
1.000000e+00,0.000000e+00,0.000000e+00,0.000000e+00,0.000000e+00,0.000000e+00,0.000000e+00,0.000000e+00,0.000000e+00,0.000000e+00,0.000000e+00,0.000000e+00,0.000000e+00,0.000000e+00,0.000000e+00
1.000000e+00,0.000000e+00,0.000000e+00,0.000000e+00,0.000000e+00,0.000000e+00,0.000000e+00,0.000000e+00,0.000000e+00,0.000000e+00,0.000000e+00,0.000000e+00,0.000000e+00,0.000000e+00,0.000000e+00
1.000000e+00,0.000000e+00,0.000000e+00,0.000000e+00,0.000000e+00,0.000000e+00,0.000000e+00,0.000000e+00,0.000000e+00,0.000000e+00,0.000000e+00,0.000000e+00,0.000000e+00,0.000000e+00,0.000000e+00
1.000000e+00,0.000000e+00,0.000000e+00,0.000000e+00,0.000000e+00,0.000000e+00,0.000000e+00,0.000000e+00,0.000000e+00,0.000000e+00,0.000000e+00,0.000000e+00,0.000000e+00,0.000000e+00,0.000000e+00
1.000000e+00,0.000000e+00,0.000000e+00,0.000000e+00,0.000000e+00,0.000000e+00,0.000000e+00,0.000000e+00,0.000000e+00,0.000000e+00,0.000000e+00,0.000000e+00,0.000000e+00,0.000000e+00,0.000000e+00
1.000000e+00,0.000000e+00,0.000000e+00,0.000000e+00,0.000000e+00,0.000000e+00,0.000000e+00,0.000000e+00,0.000000e+00,0.000000e+00,0.000000e+00,0.000000e+00,0.000000e+00,0.000000e+00,0.000000e+00
1.000000e+00,0.000000e+00,0.000000e+00,0.000000e+00,0.000000e+00,0.000000e+00,0.000000e+00,0.000000e+00,0.000000e+00,0.000000e+00,0.000000e+00,0.000000e+00,0.000000e+00,0.000000e+00,0.000000e+00
1.000000e+00,0.000000e+00,0.000000e+00,0.000000e+00,0.000000e+00,0.000000e+00,0.000000e+00,0.000000e+00,0.000000e+00,0.000000e+00,0.000000e+00,0.000000e+00,0.000000e+00,0.000000e+00,0.000000e+00
1.000000e+00,0.000000e+00,0.000000e+00,0.000000e+00,0.000000e+00,0.000000e+00,0.000000e+00,0.000000e+00,0.000000e+00,0.000000e+00,0.000000e+00,0.000000e+00,0.000000e+00,0.000000e+00,0.000000e+00
1.000000e+00,0.000000e+00,0.000000e+00,0.000000e+00,0.000000e+00,0.000000e+00,0.000000e+00,0.000000e+00,0.000000e+00,0.000000e+00,0.000000e+00,0.000000e+00,0.000000e+00,0.000000e+00,0.000000e+00
1.000000e+00,0.000000e+00,0.000000e+00,0.000000e+00,0.000000e+00,0.000000e+00,0.000000e+00,0.000000e+00,0.000000e+00,0.000000e+00,0.000000e+00,0.000000e+00,0.000000e+00,0.000000e+00,0.000000e+00
1.000000e+00,0.000000e+00,0.000000e+00,0.000000e+00,0.000000e+00,0.000000e+00,0.000000e+00,0.000000e+00,0.000000e+00,0.000000e+00,0.000000e+00,0.000000e+00,0.000000e+00,0.000000e+00,0.000000e+00
1.000000e+00,0.000000e+00,0.000000e+00,0.000000e+00,0.000000e+00,0.000000e+00,0.000000e+00,0.000000e+00,0.000000e+00,0.000000e+00,0.000000e+00,0.000000e+00,0.000000e+00,0.000000e+00,0.000000e+00
1.000000e+00,0.000000e+00,0.000000e+00,0.000000e+00,0.000000e+00,0.000000e+00,0.000000e+00,0.000000e+00,0.000000e+00,0.000000e+00,0.000000e+00,0.000000e+00,0.000000e+00,0.000000e+00,0.000000e+00
1.000000e+00,0.000000e+00,0.000000e+00,0.000000e+00,0.000000e+00,0.000000e+00,0.000000e+00,0.000000e+00,0.000000e+00,0.000000e+00,0.000000e+00,0.000000e+00,0.000000e+00,0.000000e+00,0.000000e+00
1.000000e+00,0.000000e+00,0.000000e+00,0.000000e+00,0.000000e+00,0.000000e+00,0.000000e+00,0.000000e+00,0.000000e+00,0.000000e+00,0.000000e+00,0.000000e+00,0.000000e+00,0.000000e+00,0.000000e+00
1.000000e+00,0.000000e+00,0.000000e+00,0.000000e+00,0.000000e+00,0.000000e+00,0.000000e+00,0.000000e+00,0.000000e+00,0.000000e+00,0.000000e+00,0.000000e+00,0.000000e+00,0.000000e+00,0.000000e+00
1.000000e+00,0.000000e+00,0.000000e+00,0.000000e+00,0.000000e+00,0.000000e+00,0.000000e+00,0.000000e+00,0.000000e+00,0.000000e+00,0.000000e+00,0.000000e+00,0.000000e+00,0.000000e+00,0.000000e+00
1.000000e+00,0.000000e+00,0.000000e+00,0.000000e+00,0.000000e+00,0.000000e+00,0.000000e+00,0.000000e+00,0.000000e+00,0.000000e+00,0.000000e+00,0.000000e+00,0.000000e+00,0.000000e+00,0.000000e+00
1.000000e+00,0.000000e+00,0.000000e+00,0.000000e+00,0.000000e+00,0.000000e+00,0.000000e+00,0.000000e+00,0.000000e+00,0.000000e+00,0.000000e+00,0.000000e+00,0.000000e+00,0.000000e+00,0.000000e+00
1.000000e+00,0.000000e+00,0.000000e+00,0.000000e+00,0.000000e+00,0.000000e+00,0.000000e+00,0.000000e+00,0.000000e+00,0.000000e+00,0.000000e+00,0.000000e+00,0.000000e+00,0.000000e+00,0.000000e+00
1.000000e+00,0.000000e+00,0.000000e+00,0.000000e+00,0.000000e+00,0.000000e+00,0.000000e+00,0.000000e+00,0.000000e+00,0.000000e+00,0.000000e+00,0.000000e+00,0.000000e+00,0.000000e+00,0.000000e+00
1.000000e+00,0.000000e+00,0.000000e+00,0.000000e+00,0.000000e+00,0.000000e+00,0.000000e+00,0.000000e+00,0.000000e+00,0.000000e+00,0.000000e+00,0.000000e+00,0.000000e+00,0.000000e+00,0.000000e+00
1.000000e+00,0.000000e+00,0.000000e+00,0.000000e+00,0.000000e+00,0.000000e+00,0.000000e+00,0.000000e+00,0.000000e+00,0.000000e+00,0.000000e+00,0.000000e+00,0.000000e+00,0.000000e+00,0.000000e+00
1.000000e+00,0.000000e+00,0.000000e+00,0.000000e+00,0.000000e+00,0.000000e+00,0.000000e+00,0.000000e+00,0.000000e+00,0.000000e+00,0.000000e+00,0.000000e+00,0.000000e+00,0.000000e+00,0.000000e+00
1.000000e+00,0.000000e+00,0.000000e+00,0.000000e+00,0.000000e+00,0.000000e+00,0.000000e+00,0.000000e+00,0.000000e+00,0.000000e+00,0.000000e+00,0.000000e+00,0.000000e+00,0.000000e+00,0.000000e+00
1.000000e+00,0.000000e+00,0.000000e+00,0.000000e+00,0.000000e+00,0.000000e+00,0.000000e+00,0.000000e+00,0.000000e+00,0.000000e+00,0.000000e+00,0.000000e+00,0.000000e+00,0.000000e+00,0.000000e+00
1.000000e+00,0.000000e+00,0.000000e+00,0.000000e+00,0.000000e+00,0.000000e+00,0.000000e+00,0.000000e+00,0.000000e+00,0.000000e+00,0.000000e+00,0.000000e+00,0.000000e+00,0.000000e+00,0.000000e+00
1.000000e+00,0.000000e+00,0.000000e+00,0.000000e+00,0.000000e+00,0.000000e+00,0.000000e+00,0.000000e+00,0.000000e+00,0.000000e+00,0.000000e+00,0.000000e+00,0.000000e+00,0.000000e+00,0.000000e+00
1.000000e+00,0.000000e+00,0.000000e+00,0.000000e+00,0.000000e+00,0.000000e+00,0.000000e+00,0.000000e+00,0.000000e+00,0.000000e+00,0.000000e+00,0.000000e+00,0.000000e+00,0.000000e+00,0.000000e+00
1.000000e+00,0.000000e+00,0.000000e+00,0.000000e+00,0.000000e+00,0.000000e+00,0.000000e+00,0.000000e+00,0.000000e+00,0.000000e+00,0.000000e+00,0.000000e+00,0.000000e+00,0.000000e+00,0.000000e+00
1.000000e+00,0.000000e+00,0.000000e+00,0.000000e+00,0.000000e+00,0.000000e+00,0.000000e+00,0.000000e+00,0.000000e+00,0.000000e+00,0.000000e+00,0.000000e+00,0.000000e+00,0.000000e+00,0.000000e+00
1.000000e+00,0.000000e+00,0.000000e+00,0.000000e+00,0.000000e+00,0.000000e+00,0.000000e+00,0.000000e+00,0.000000e+00,0.000000e+00,0.000000e+00,0.000000e+00,0.000000e+00,0.000000e+00,0.000000e+00
1.000000e+00,0.000000e+00,0.000000e+00,0.000000e+00,0.000000e+00,0.000000e+00,0.000000e+00,0.000000e+00,0.000000e+00,0.000000e+00,0.000000e+00,0.000000e+00,0.000000e+00,0.000000e+00,0.000000e+00
1.000000e+00,0.000000e+00,0.000000e+00,0.000000e+00,0.000000e+00,0.000000e+00,0.000000e+00,0.000000e+00,0.000000e+00,0.000000e+00,0.000000e+00,0.000000e+00,0.000000e+00,0.000000e+00,0.000000e+00
1.000000e+00,0.000000e+00,0.000000e+00,0.000000e+00,0.000000e+00,0.000000e+00,0.000000e+00,0.000000e+00,0.000000e+00,0.000000e+00,0.000000e+00,0.000000e+00,0.000000e+00,0.000000e+00,0.000000e+00
1.000000e+00,0.000000e+00,0.000000e+00,0.000000e+00,0.000000e+00,0.000000e+00,0.000000e+00,0.000000e+00,0.000000e+00,0.000000e+00,0.000000e+00,0.000000e+00,0.000000e+00,0.000000e+00,0.000000e+00
1.000000e+00,0.000000e+00,0.000000e+00,0.000000e+00,0.000000e+00,0.000000e+00,0.000000e+00,0.000000e+00,0.000000e+00,0.000000e+00,0.000000e+00,0.000000e+00,0.000000e+00,0.000000e+00,0.000000e+00
1.000000e+00,0.000000e+00,0.000000e+00,0.000000e+00,0.000000e+00,0.000000e+00,0.000000e+00,0.000000e+00,0.000000e+00,0.000000e+00,0.000000e+00,0.000000e+00,0.000000e+00,0.000000e+00,0.000000e+00
1.000000e+00,0.000000e+00,0.000000e+00,0.000000e+00,0.000000e+00,0.000000e+00,0.000000e+00,0.000000e+00,0.000000e+00,0.000000e+00,0.000000e+00,0.000000e+00,0.000000e+00,0.000000e+00,0.000000e+00
4.580570e-01,9.825095e-03,7.566251e-03,1.889421e-02,2.395174e-03,1.374656e-02,1.524153e-03,3.601372e-03,5.035806e-03,3.171699e-03,4.289289e-01,1.634607e-02,6.543659e-03,1.318580e-02,1.117820e-02
3.410628e-01,7.462871e-03,5.819093e-03,1.368135e-02,1.759725e-03,1.181529e-02,1.127852e-03,2.825401e-03,4.152391e-03,2.474331e-03,5.647911e-01,1.385926e-02,4.772232e-03,1.518869e-02,9.207684e-03
2.428924e-01,5.535954e-03,4.621581e-03,9.737154e-03,1.403646e-03,1.048919e-02,8.429634e-04,2.213504e-03,3.316505e-03,2.874500e-03,6.753695e-01,1.276900e-02,3.403097e-03,1.717987e-02,7.351233e-03
1.737159e-01,4.214173e-03,4.098487e-03,6.990450e-03,1.232009e-03,1.057973e-02,6.951615e-04,1.790178e-03,2.883551e-03,3.091844e-03,7.537407e-01,1.095328e-02,2.454613e-03,1.684992e-02,6.710128e-03
1.224593e-01,3.211562e-03,3.501786e-03,5.047800e-03,1.038828e-03,1.129576e-02,5.769833e-04,1.316731e-03,2.288863e-03,3.135489e-03,8.164825e-01,8.587189e-03,1.805614e-03,1.373416e-02,5.517490e-03
8.671843e-02,2.951878e-03,3.220472e-03,3.788184e-03,1.049533e-03,1.048459e-02,4.881315e-04,1.080611e-03,2.197816e-03,3.195084e-03,8.566222e-01,7.647852e-03,1.359563e-03,1.315760e-02,6.038053e-03
6.089115e-02,2.351261e-03,2.554822e-03,2.876072e-03,1.000836e-03,8.013089e-03,3.751647e-04,8.703697e-04,2.853441e-03,3.482370e-03,8.859395e-01,7.772867e-03,1.060398e-03,1.509530e-02,4.863414e-03
4.266657e-02,1.821599e-03,1.823328e-03,2.127406e-03,9.175146e-04,5.783964e-03,2.748562e-04,6.212816e-04,2.995928e-03,3.397517e-03,9.132561e-01,7.053984e-03,8.376933e-04,1.274696e-02,3.675277e-03
2.992797e-02,1.840061e-03,1.340110e-03,1.580874e-03,1.273049e-03,4.438789e-03,2.410123e-04,4.457770e-04,3.762073e-03,1.238415e-02,9.188472e-01,7.540663e-03,6.858226e-04,1.166928e-02,4.023090e-03
2.097814e-02,1.901685e-03,9.619821e-04,1.147252e-03,1.130077e-03,3.604594e-03,2.015896e-04,3.186041e-04,3.476785e-03,5.788879e-02,8.873499e-01,6.901634e-03,6.039428e-04,9.304413e-03,4.230500e-03
1.477559e-02,2.339137e-03,7.004697e-04,8.422358e-04,9.251068e-04,3.717812e-03,1.679457e-04,2.365733e-04,3.231297e-03,1.493362e-01,8.021109e-01,6.904035e-03,5.143043e-04,7.763470e-03,6.434899e-03
1.039077e-02,3.546878e-03,5.523323e-04,6.499528e-04,8.505385e-04,3.991102e-03,1.588985e-04,1.830082e-04,2.998458e-03,2.592012e-01,6.950261e-01,7.668540e-03,4.869391e-04,6.275630e-03,8.019634e-03
7.326583e-03,5.661866e-03,5.978699e-04,5.633444e-04,8.162776e-04,8.719133e-03,2.471350e-04,1.841042e-04,3.328028e-03,3.997256e-01,5.429044e-01,1.278150e-02,4.543250e-04,5.397379e-03,1.129250e-02
5.155871e-03,5.104528e-03,4.821434e-04,4.222495e-04,7.444057e-04,9.007844e-03,1.953377e-04,1.349709e-04,3.037474e-03,5.276232e-01,4.214990e-01,1.233595e-02,4.296926e-04,4.141226e-03,9.686131e-03
3.637924e-03,5.580351e-03,4.844558e-04,3.187329e-04,6.737595e-04,9.754649e-03,1.576689e-04,9.933087e-05,2.635244e-03,6.080967e-01,3.425519e-01,1.398433e-02,6.092519e-04,3.292174e-03,8.123442e-03
2.804907e-03,5.164071e-03,8.020224e-04,3.279691e-04,1.029681e-03,1.320337e-02,1.870232e-04,1.590117e-04,4.429937e-03,6.505174e-01,2.919176e-01,1.728481e-02,1.233060e-03,3.411828e-03,7.527284e-03
2.403922e-03,3.716959e-03,6.523599e-04,2.638467e-04,1.074161e-03,1.025314e-02,1.442075e-04,1.236325e-04,3.785120e-03,7.263213e-01,2.244746e-01,1.604803e-02,1.676620e-03,3.458766e-03,5.603253e-03
2.752210e-03,3.822154e-03,7.179276e-04,4.993996e-04,2.741939e-03,2.050794e-02,1.720242e-04,1.723241e-04,6.980496e-03,7.138292e-01,1.854542e-01,4.393093e-02,5.548120e-03,8.164865e-03,4.706342e-03
2.267934e-03,3.039079e-03,6.464242e-04,4.318788e-04,3.238336e-03,1.786654e-02,1.447143e-04,1.453315e-04,6.937085e-03,6.751060e-01,1.952660e-01,6.865005e-02,1.023129e-02,1.229745e-02,3.731800e-03
1.924809e-03,2.579981e-03,6.707205e-04,3.391492e-04,3.368608e-03,1.391767e-02,1.134020e-04,1.136867e-04,6.066924e-03,6.367166e-01,2.178091e-01,8.333384e-02,1.296227e-02,1.687852e-02,3.204662e-03
1.866777e-03,2.557589e-03,1.552588e-03,2.831674e-04,4.654362e-03,1.068766e-02,1.523008e-04,1.839977e-04,7.229188e-03,6.953566e-01,1.623054e-01,8.352986e-02,1.195070e-02,1.481804e-02,2.871800e-03
1.846023e-03,2.786013e-03,2.648356e-03,2.489323e-04,6.624442e-03,7.742135e-03,1.298775e-04,1.630268e-04,8.648956e-03,7.594366e-01,1.182197e-01,6.591352e-02,1.086116e-02,1.239389e-02,2.337342e-03
3.194289e-03,2.662479e-03,4.353922e-03,3.677031e-04,1.111378e-02,6.405820e-03,3.166139e-04,6.866144e-04,1.182880e-02,8.095491e-01,8.317393e-02,4.671286e-02,8.425644e-03,9.431480e-03,1.776969e-03
3.211034e-03,2.026711e-03,3.948900e-03,3.309621e-04,9.585061e-03,4.748688e-03,2.988605e-04,5.906734e-04,9.960147e-03,8.593516e-01,5.842563e-02,3.297579e-02,6.387098e-03,6.839187e-03,1.319629e-03
4.623093e-03,1.760819e-03,3.051530e-03,4.893334e-04,8.215846e-03,4.700525e-03,2.785037e-04,5.373815e-04,1.053364e-02,8.876660e-01,4.172272e-02,2.402837e-02,6.284156e-03,5.006792e-03,1.101232e-03
3.809749e-03,1.325984e-03,2.279213e-03,4.140871e-04,6.489522e-03,4.715080e-03,2.540283e-04,4.923040e-04,9.351674e-03,9.107143e-01,3.005689e-02,1.797735e-02,7.668962e-03,3.617670e-03,8.331751e-04
3.116369e-03,1.079288e-03,1.900626e-03,4.353586e-04,9.718499e-03,5.035730e-03,3.762817e-04,3.463547e-03,1.460986e-02,9.020202e-01,2.395985e-02,1.721532e-02,1.370004e-02,2.712296e-03,6.567045e-04
4.038201e-03,1.104131e-03,1.859651e-03,4.933432e-04,7.081387e-02,4.259233e-03,2.043971e-03,4.400987e-03,3.871306e-02,8.262341e-01,1.850522e-02,1.292728e-02,1.207539e-02,2.004620e-03,5.269386e-04
5.735803e-03,1.128777e-03,2.627213e-03,6.134795e-04,1.619530e-01,3.417261e-03,4.685292e-03,3.836347e-02,4.075195e-02,7.061883e-01,1.330159e-02,9.390600e-03,9.904300e-03,1.531623e-03,4.074220e-04
8.804062e-03,1.075454e-03,1.414796e-02,1.002619e-03,2.055149e-01,3.196472e-03,6.279143e-03,6.006412e-02,3.431758e-02,6.400256e-01,9.676456e-03,6.812709e-03,7.601949e-03,1.108845e-03,3.721592e-04
1.382428e-02,2.593379e-03,1.861553e-02,1.893299e-03,2.060397e-01,3.423878e-03,1.043107e-02,7.673474e-02,3.937860e-02,6.066201e-01,6.929799e-03,5.145967e-03,6.897213e-03,8.987068e-04,5.737809e-04
1.817594e-02,2.186301e-03,1.534380e-02,1.813914e-03,1.792229e-01,2.767097e-03,8.731625e-03,7.346957e-02,3.400614e-02,6.489119e-01,4.966368e-03,3.737633e-03,5.259955e-03,6.996726e-04,7.072293e-04
2.626450e-02,2.735036e-03,3.511854e-02,4.005359e-03,1.823340e-01,3.753748e-03,1.196429e-02,8.185488e-02,3.604854e-02,6.031121e-01,4.008028e-03,3.085923e-03,4.341899e-03,5.757447e-04,7.974347e-04
2.711277e-02,3.081132e-03,3.493371e-02,3.059083e-03,1.391036e-01,3.062849e-03,9.318966e-03,6.549036e-02,3.447936e-02,6.707488e-01,2.917169e-03,2.288055e-03,3.289169e-03,4.552347e-04,6.597609e-04
3.319428e-02,5.227231e-03,3.140515e-02,1.398369e-02,1.222197e-01,2.943043e-03,8.668726e-03,9.640358e-02,3.814920e-02,6.375321e-01,2.862014e-03,2.940705e-03,3.106096e-03,4.194625e-04,9.450822e-04
4.238790e-02,6.948582e-03,2.921649e-02,1.954905e-02,9.978608e-02,2.472555e-03,7.747065e-03,9.330778e-02,4.256810e-02,6.472597e-01,2.312935e-03,2.608239e-03,2.550032e-03,3.679106e-04,9.176499e-04
6.416767e-02,6.570275e-03,2.113160e-02,1.781089e-02,7.666187e-02,1.991026e-03,7.394917e-03,8.730565e-02,5.643035e-02,6.533905e-01,1.826177e-03,2.088288e-03,2.019050e-03,3.249389e-04,8.868746e-04
1.242810e-01,5.503807e-03,1.523176e-02,1.948299e-02,6.042129e-02,1.960766e-03,2.085472e-02,1.066407e-01,6.572605e-02,5.711975e-01,2.428039e-03,2.890032e-03,2.088932e-03,2.976797e-04,9.947992e-04
1.662016e-01,4.199320e-03,1.092804e-02,1.869088e-02,5.203653e-02,1.803251e-03,3.197102e-02,2.247180e-01,5.240953e-02,4.289210e-01,2.388546e-03,2.347204e-03,2.093110e-03,2.555700e-04,1.036426e-03
1.575395e-01,3.045834e-03,7.947197e-03,1.406967e-02,4.045695e-02,1.871416e-03,4.581033e-02,3.700133e-01,4.357118e-02,3.064510e-01,2.606585e-03,2.962427e-03,2.516132e-03,2.253601e-04,9.130911e-04
1.803313e-01,2.615646e-03,6.422688e-03,1.070481e-02,4.504520e-02,2.406838e-03,9.931743e-02,3.762019e-01,3.394683e-02,2.308519e-01,2.841692e-03,3.895206e-03,3.585731e-03,3.096015e-04,1.523197e-03
1.756819e-01,2.159402e-03,5.073606e-03,8.137190e-03,4.221858e-02,3.034462e-03,2.383653e-01,3.215354e-01,2.451778e-02,1.645619e-01,2.929170e-03,4.512676e-03,3.742024e-03,4.282105e-04,3.102279e-03
1.556518e-01,4.380039e-03,7.718435e-03,1.245128e-02,3.766508e-02,3.819640e-03,3.166537e-01,2.675848e-01,1.979738e-02,1.209841e-01,1.688726e-02,1.293523e-02,1.116227e-02,1.745135e-03,1.056386e-02
1.255650e-01,9.197144e-03,1.182774e-02,3.406651e-02,3.312309e-02,5.884874e-03,2.665144e-01,2.284694e-01,1.682688e-02,9.288299e-02,6.226403e-02,3.484574e-02,5.023422e-02,2.283033e-03,2.601494e-02
1.704317e-01,9.259437e-03,9.757219e-03,3.059689e-02,2.564801e-02,9.101904e-03,2.073980e-01,1.670790e-01,1.783507e-02,7.035705e-02,1.123149e-01,4.515917e-02,8.594640e-02,8.991487e-03,3.012371e-02
1.962406e-01,8.676909e-03,8.732934e-03,3.409062e-02,2.011906e-02,1.362162e-02,1.691643e-01,1.203495e-01,2.170166e-02,5.190816e-02,1.224326e-01,4.961923e-02,1.349635e-01,9.162474e-03,3.921679e-02
2.504848e-01,7.649306e-03,9.050203e-03,3.005312e-02,1.716875e-02,1.338344e-02,1.308045e-01,8.787730e-02,2.465607e-02,3.830710e-02,1.244497e-01,7.458667e-02,1.437785e-01,1.084223e-02,3.690837e-02
3.391133e-01,1.323017e-02,1.439118e-02,4.423715e-02,1.646944e-02,1.272456e-02,9.698581e-02,6.616749e-02,3.247913e-02,2.897166e-02,1.120208e-01,5.635504e-02,1.180456e-01,1.722250e-02,3.158616e-02
3.445565e-01,1.836718e-02,1.501575e-02,7.308267e-02,1.534806e-02,1.392910e-02,6.968118e-02,4.793642e-02,3.951346e-02,3.136266e-02,1.188409e-01,4.900060e-02,1.065878e-01,2.862379e-02,2.815400e-02
2.568132e-01,1.521686e-02,1.269627e-02,7.841339e-02,1.640594e-02,1.175711e-02,4.903768e-02,3.431312e-02,7.460461e-02,2.669118e-02,2.033340e-01,7.223196e-02,1.053488e-01,2.149455e-02,2.164134e-02
2.546369e-01,1.378399e-02,1.726588e-02,1.107424e-01,1.927296e-02,1.060938e-02,3.507061e-02,2.696351e-02,7.874110e-02,2.786434e-02,2.114614e-01,5.699682e-02,9.401524e-02,2.413172e-02,1.844374e-02
2.414434e-01,1.145351e-02,1.563714e-02,1.271030e-01,1.845017e-02,1.078523e-02,2.491664e-02,1.933348e-02,7.546042e-02,3.586152e-02,2.529594e-01,4.655362e-02,8.233223e-02,2.213881e-02,1.557138e-02
1.843598e-01,8.999383e-03,1.307514e-02,1.419387e-01,2.273174e-02,1.120014e-02,1.767635e-02,1.452445e-02,5.900849e-02,3.017653e-02,3.657399e-01,3.765354e-02,6.371900e-02,1.708042e-02,1.211636e-02
1.500614e-01,7.192692e-03,1.050133e-02,1.192344e-01,2.279982e-02,1.103324e-02,1.272001e-02,1.064119e-02,4.364046e-02,2.555372e-02,4.611126e-01,3.498688e-02,5.840684e-02,1.468135e-02,1.743408e-02
1.219660e-01,5.215399e-03,7.655343e-03,8.875579e-02,2.014821e-02,1.093469e-02,9.186193e-03,7.925487e-03,3.193359e-02,2.156271e-02,5.457556e-01,3.328693e-02,5.584166e-02,1.132451e-02,2.850785e-02
1.000804e-01,4.270322e-03,6.430957e-03,6.846698e-02,6.377576e-02,1.200172e-02,7.130401e-03,8.696451e-03,2.739533e-02,1.974426e-02,5.035378e-01,3.159395e-02,5.485290e-02,9.759015e-03,8.226383e-02
8.318476e-02,5.334255e-03,7.373794e-03,5.430286e-02,9.270792e-02,1.505846e-02,5.836457e-03,1.028342e-02,3.096942e-02,3.006492e-02,4.355697e-01,2.976111e-02,6.108867e-02,1.061399e-02,1.278503e-01
1.206170e-01,8.199642e-03,8.208911e-03,4.350878e-02,7.726908e-02,3.134769e-02,6.500842e-03,2.283495e-02,3.935660e-02,4.304590e-02,3.575498e-01,4.465392e-02,8.835709e-02,1.422047e-02,9.432937e-02
1.019449e-01,1.052683e-02,1.020708e-02,3.984503e-02,9.453730e-02,2.536646e-02,5.456217e-03,2.799504e-02,6.174120e-02,8.279508e-02,3.085097e-01,4.771204e-02,9.845802e-02,1.553568e-02,6.936945e-02
8.733428e-02,1.161634e-02,3.059120e-02,4.391535e-02,8.556119e-02,1.956140e-02,4.569529e-03,9.017669e-02,1.293226e-01,6.320199e-02,2.277822e-01,4.540575e-02,9.884401e-02,1.250672e-02,4.961066e-02
8.465602e-02,1.849240e-02,4.459261e-02,4.289452e-02,8.933974e-02,1.617500e-02,4.062694e-03,1.254571e-01,1.800966e-01,6.562055e-02,1.648637e-01,3.530353e-02,7.749361e-02,1.369138e-02,3.726060e-02
6.948386e-02,2.012671e-02,5.406822e-02,3.300871e-02,9.453043e-02,1.366317e-02,3.594183e-03,2.063758e-01,1.955188e-01,6.154335e-02,1.185174e-01,2.816924e-02,5.864715e-02,1.482681e-02,2.792615e-02
6.644838e-02,4.019431e-02,6.238363e-02,2.765346e-02,9.177937e-02,1.250999e-02,4.147334e-03,2.189307e-01,1.902712e-01,8.269428e-02,8.583083e-02,2.387445e-02,5.072125e-02,1.557881e-02,2.698208e-02
5.788576e-02,5.336917e-02,7.383072e-02,2.420039e-02,8.534396e-02,1.059690e-02,3.699724e-03,2.646310e-01,1.624485e-01,9.101628e-02,6.198385e-02,2.320599e-02,4.439767e-02,1.788361e-02,2.550644e-02
4.942843e-02,6.666898e-02,7.156332e-02,1.867554e-02,8.534615e-02,1.058112e-02,3.182962e-03,3.049231e-01,1.551123e-01,9.205586e-02,4.486553e-02,1.831916e-02,3.963235e-02,1.868991e-02,2.095523e-02
4.276659e-02,5.847561e-02,6.270476e-02,1.523895e-02,8.345328e-02,8.311085e-03,2.536947e-03,3.172245e-01,1.412342e-01,1.458068e-01,3.287243e-02,1.466438e-02,3.297675e-02,2.639377e-02,1.533993e-02
3.864695e-02,6.132055e-02,5.489030e-02,1.208549e-02,9.057359e-02,6.445555e-03,2.060013e-03,3.483345e-01,1.296193e-01,1.551788e-01,2.385871e-02,1.086982e-02,2.580658e-02,2.794103e-02,1.236882e-02
4.839773e-02,6.027037e-02,4.390953e-02,1.116813e-02,9.669665e-02,5.423523e-03,2.225149e-03,2.919687e-01,1.416284e-01,2.192885e-01,1.751859e-02,8.258393e-03,2.081994e-02,2.136610e-02,1.106034e-02
6.036796e-02,6.432794e-02,3.710767e-02,1.045617e-02,9.931925e-02,4.802464e-03,2.454723e-03,2.743031e-01,1.370376e-01,2.446820e-01,1.295313e-02,7.286389e-03,1.639484e-02,1.877478e-02,9.732075e-03
8.710065e-02,1.001252e-01,5.039817e-02,1.001433e-02,8.185243e-02,5.828957e-03,3.312012e-03,2.309657e-01,1.278669e-01,2.292213e-01,1.033675e-02,8.311491e-03,1.745087e-02,1.717632e-02,2.003887e-02
1.174782e-01,7.810453e-02,5.149601e-02,2.235149e-02,7.557636e-02,2.075750e-02,4.024112e-03,1.720072e-01,1.103663e-01,1.711010e-01,2.131144e-02,3.804959e-02,8.273765e-02,1.261487e-02,2.202384e-02
9.781675e-02,6.174181e-02,3.867473e-02,3.280426e-02,5.612101e-02,2.467673e-02,3.852333e-03,1.229556e-01,1.018362e-01,1.328916e-01,3.677049e-02,1.049682e-01,1.529053e-01,9.283016e-03,2.270184e-02
7.402691e-02,5.130558e-02,3.318937e-02,9.161796e-02,4.027247e-02,2.264007e-02,2.839367e-03,8.631802e-02,1.266205e-01,9.477095e-02,4.050098e-02,1.083252e-01,1.961667e-01,6.780017e-03,2.462583e-02
5.322255e-02,3.651322e-02,2.605092e-02,9.013960e-02,3.039345e-02,1.784044e-02,2.290284e-03,6.135906e-02,9.841365e-02,7.578874e-02,1.426608e-01,1.175291e-01,2.219528e-01,5.083639e-03,2.076171e-02
3.932220e-02,2.613685e-02,1.874654e-02,6.752524e-02,3.328873e-02,1.336454e-02,2.741009e-03,4.692107e-02,1.177773e-01,5.467077e-02,1.576135e-01,1.160927e-01,2.786658e-01,4.033604e-03,2.310005e-02
2.865381e-02,1.858985e-02,1.438777e-02,4.808474e-02,2.677637e-02,1.092097e-02,4.733967e-03,4.362307e-02,8.822420e-02,4.096522e-02,1.335778e-01,8.762672e-02,4.084532e-01,3.264982e-03,4.211729e-02
2.237543e-02,1.534052e-02,1.490431e-02,4.920761e-02,3.137082e-02,1.422028e-02,4.456160e-03,3.357686e-02,8.897772e-02,3.134246e-02,1.248520e-01,7.867971e-02,4.502953e-01,4.741914e-03,3.565888e-02
2.030450e-02,1.499794e-02,1.587583e-02,1.015399e-01,3.650927e-02,2.232248e-02,3.744483e-03,2.679233e-02,1.226210e-01,2.328286e-02,1.163143e-01,9.380858e-02,3.702045e-01,4.488446e-03,2.719352e-02
1.498368e-02,1.095175e-02,1.340158e-02,8.560231e-02,3.486853e-02,1.916455e-02,2.933710e-03,2.053092e-02,9.165858e-02,1.729911e-02,1.347150e-01,9.807463e-02,4.307657e-01,4.026752e-03,2.102322e-02
1.087879e-02,8.062625e-03,1.716818e-02,6.681357e-02,3.786874e-02,1.393441e-02,2.213319e-03,1.508730e-02,7.602615e-02,1.567727e-02,1.622609e-01,1.081260e-01,4.449367e-01,4.091043e-03,1.685498e-02
8.087749e-03,5.969247e-03,3.252928e-02,4.759067e-02,4.056877e-02,1.040797e-02,1.882666e-03,1.294827e-02,6.349610e-02,1.261624e-02,1.335149e-01,1.035186e-01,5.042382e-01,5.458889e-03,1.717244e-02
6.019377e-03,5.037660e-03,1.019674e-01,3.408623e-02,3.369143e-02,8.481275e-03,1.956886e-03,1.154854e-02,5.438473e-02,1.247124e-02,1.193798e-01,1.058918e-01,4.823468e-01,6.163782e-03,1.657305e-02
4.991963e-03,8.635036e-03,8.466020e-02,2.453495e-02,3.166540e-02,1.089485e-02,2.015821e-03,1.022311e-02,1.639103e-01,1.262810e-02,9.859946e-02,1.059878e-01,4.066341e-01,6.876023e-03,2.774289e-02
4.549770e-03,8.083818e-03,9.438576e-02,1.936685e-02,2.964951e-02,1.263037e-02,2.027365e-03,1.537269e-02,1.536700e-01,1.463408e-02,8.115391e-02,1.977577e-01,3.267105e-01,1.015311e-02,2.985458e-02
4.322858e-03,1.204017e-02,7.709932e-02,1.650052e-02,2.236304e-02,3.176226e-02,1.661188e-03,1.434850e-02,1.473418e-01,1.334549e-02,8.233337e-02,2.709381e-01,2.711363e-01,1.123960e-02,2.356745e-02
7.154273e-03,1.322625e-02,5.973479e-02,1.513719e-02,3.877608e-02,2.305008e-02,2.099208e-03,2.113139e-02,2.745903e-01,1.138524e-02,8.150519e-02,2.092934e-01,2.156461e-01,9.018514e-03,1.825200e-02
7.802255e-03,1.397469e-02,5.075036e-02,1.560402e-02,3.626045e-02,1.694973e-02,2.645668e-03,5.581658e-02,3.543211e-01,1.014282e-02,7.276511e-02,1.566386e-01,1.847473e-01,7.174162e-03,1.440717e-02
3.193739e-02,1.570019e-02,6.626545e-02,2.277580e-02,6.898552e-02,1.794608e-02,4.939235e-03,5.766850e-02,3.677631e-01,8.814016e-03,6.506492e-02,1.133016e-01,1.406692e-01,5.815543e-03,1.235344e-02
6.285454e-02,1.607926e-02,6.618786e-02,2.401552e-02,1.738322e-01,1.924120e-02,1.095845e-02,5.160875e-02,3.047941e-01,7.314144e-03,6.131882e-02,8.128886e-02,1.049259e-01,4.657998e-03,1.092251e-02
8.743700e-02,2.039854e-02,5.560562e-02,2.222650e-02,2.331164e-01,1.894260e-02,1.179229e-02,4.248967e-02,2.907326e-01,6.481655e-03,5.086654e-02,6.253055e-02,8.232456e-02,3.954061e-03,1.110148e-02
9.184021e-02,1.768977e-02,4.206996e-02,2.829833e-02,2.568613e-01,1.651397e-02,4.604260e-02,4.143851e-02,2.798330e-01,5.766671e-03,4.024262e-02,5.497231e-02,6.624806e-02,3.164728e-03,9.017984e-03
9.759855e-02,1.450784e-02,3.210429e-02,4.284480e-02,2.794109e-01,2.182075e-02,4.128111e-02,4.507807e-02,2.261161e-01,5.985693e-03,4.014278e-02,5.505665e-02,8.641202e-02,3.006322e-03,8.634141e-03
8.189201e-02,1.068140e-02,2.363447e-02,3.233532e-02,2.604073e-01,1.902479e-02,1.868465e-01,7.639796e-02,1.621468e-01,4.460317e-03,3.046571e-02,3.960677e-02,6.353837e-02,2.182662e-03,6.379607e-03
7.306904e-02,8.313562e-03,1.852948e-02,2.456750e-02,2.366727e-01,2.096663e-02,3.078443e-01,7.798080e-02,1.180886e-01,5.082591e-03,2.467263e-02,2.879867e-02,4.732003e-02,1.746082e-03,6.347303e-03
5.384857e-02,6.183944e-03,1.312377e-02,1.752366e-02,2.012062e-01,1.641958e-02,4.543438e-01,5.932578e-02,8.547102e-02,3.827917e-03,2.486786e-02,2.086574e-02,3.546695e-02,1.290375e-03,6.234759e-03
6.887877e-02,8.674448e-03,1.110313e-02,1.992687e-02,2.011712e-01,1.741486e-02,4.731146e-01,4.760972e-02,6.804476e-02,4.819359e-03,2.157690e-02,2.018148e-02,2.935616e-02,1.201814e-03,6.925824e-03
7.930887e-02,1.635049e-02,9.864688e-03,2.806445e-02,2.246045e-01,2.011935e-02,4.542148e-01,3.810730e-02,5.249482e-02,8.559595e-03,1.760502e-02,1.834576e-02,2.321193e-02,1.141087e-03,8.007218e-03
6.964234e-02,2.893216e-02,4.024383e-02,7.006219e-02,2.184096e-01,1.920938e-02,3.911262e-01,3.008344e-02,4.957175e-02,2.078621e-02,1.589494e-02,1.476661e-02,2.144112e-02,9.894536e-04,8.840677e-03
8.289225e-02,2.959858e-02,4.045828e-02,6.981207e-02,2.226198e-01,1.795365e-02,3.740385e-01,2.517122e-02,5.401070e-02,2.267709e-02,1.566165e-02,1.413521e-02,1.928198e-02,1.111241e-03,1.057781e-02
1.019024e-01,2.843214e-02,6.138112e-02,7.410821e-02,2.234631e-01,2.113750e-02,3.367419e-01,2.743750e-02,4.548548e-02,1.907349e-02,1.430419e-02,1.598830e-02,1.690252e-02,1.218551e-03,1.242361e-02
1.509461e-01,2.925759e-02,1.013119e-01,6.188278e-02,2.060878e-01,2.113285e-02,2.430580e-01,2.729675e-02,4.128420e-02,5.075775e-02,2.029386e-02,1.529434e-02,1.502074e-02,2.541465e-03,1.383394e-02
2.198167e-01,3.823368e-02,9.522742e-02,5.895676e-02,1.557481e-01,2.099303e-02,1.741014e-01,2.489379e-02,4.139740e-02,4.800555e-02,2.974233e-02,2.938275e-02,2.141239e-02,7.193551e-03,3.489515e-02
3.461269e-01,3.242585e-02,7.124215e-02,4.769908e-02,1.130456e-01,2.287490e-02,1.225659e-01,2.175630e-02,3.316443e-02,3.956152e-02,3.634278e-02,2.901411e-02,2.043156e-02,2.725312e-02,3.649582e-02
4.291009e-01,2.938490e-02,5.517763e-02,4.602228e-02,8.312967e-02,2.671451e-02,8.707727e-02,1.924081e-02,2.678453e-02,3.338464e-02,4.020961e-02,3.541794e-02,2.373529e-02,2.535918e-02,3.926089e-02
4.979296e-01,2.479708e-02,4.364941e-02,4.326798e-02,6.249094e-02,2.464662e-02,6.198869e-02,1.642116e-02,3.057615e-02,2.901244e-02,3.891875e-02,3.658636e-02,2.875679e-02,2.566858e-02,3.528948e-02
4.560108e-01,2.819384e-02,4.071310e-02,4.897765e-02,4.605461e-02,2.594361e-02,4.385950e-02,1.470718e-02,6.932367e-02,3.006330e-02,6.087369e-02,3.493135e-02,3.017711e-02,3.920781e-02,3.096281e-02
4.424245e-01,3.001785e-02,3.561251e-02,4.325172e-02,3.465146e-02,3.064387e-02,3.104519e-02,1.152688e-02,7.547954e-02,2.435765e-02,7.162181e-02,4.646363e-02,3.229241e-02,5.532371e-02,3.528731e-02
3.430499e-01,3.923044e-02,2.906217e-02,4.739623e-02,2.683178e-02,3.140353e-02,2.200792e-02,1.026994e-02,1.809879e-01,2.263292e-02,8.871551e-02,4.099078e-02,2.673108e-02,6.135808e-02,2.933190e-02
2.823955e-01,3.852514e-02,2.199571e-02,6.240892e-02,2.680833e-02,2.604786e-02,1.595669e-02,8.764356e-03,2.527901e-01,2.626531e-02,8.620831e-02,3.770941e-02,2.323838e-02,5.890539e-02,3.198069e-02
2.199732e-01,4.004445e-02,1.591364e-02,5.048031e-02,2.251152e-02,2.561316e-02,1.155070e-02,7.409414e-03,3.200615e-01,4.103063e-02,1.040468e-01,3.504177e-02,2.050247e-02,5.855232e-02,2.726817e-02
1.628508e-01,3.846489e-02,1.242265e-02,4.775587e-02,2.088764e-02,2.225275e-02,8.436680e-03,8.037021e-03,4.189462e-01,4.586517e-02,9.210844e-02,3.036918e-02,1.806875e-02,5.130731e-02,2.222668e-02
1.249824e-01,3.172360e-02,9.859144e-03,3.658792e-02,2.507641e-02,1.764087e-02,6.614499e-03,6.940536e-03,4.984166e-01,4.812170e-02,8.574283e-02,2.681220e-02,1.601127e-02,4.721132e-02,1.825866e-02
9.430768e-02,4.737233e-02,1.276393e-02,2.974364e-02,2.385891e-02,1.484345e-02,5.166996e-03,8.212179e-03,5.156405e-01,6.610925e-02,8.850995e-02,2.247170e-02,1.360210e-02,4.231109e-02,1.508631e-02
7.563614e-02,4.722621e-02,1.754936e-02,3.453306e-02,3.835853e-02,2.066074e-02,5.407792e-03,1.974818e-02,4.815948e-01,8.362633e-02,8.295769e-02,1.902649e-02,1.442944e-02,4.665426e-02,1.259096e-02
6.072515e-02,3.726403e-02,4.309610e-02,4.399075e-02,4.271521e-02,1.724029e-02,4.446173e-03,1.257762e-01,3.979979e-01,7.159526e-02,7.096376e-02,2.051539e-02,1.770685e-02,3.591303e-02,1.005392e-02
5.327624e-02,2.932829e-02,7.252940e-02,3.274515e-02,3.870865e-02,1.290988e-02,1.815416e-02,2.840509e-01,2.839304e-01,5.436881e-02,5.318685e-02,1.622682e-02,1.659041e-02,2.598056e-02,8.013409e-03
4.381397e-02,2.390500e-02,9.679724e-02,2.433363e-02,3.358568e-02,1.054627e-02,6.449384e-02,3.678997e-01,2.019510e-01,4.042777e-02,3.858064e-02,1.203776e-02,1.655252e-02,1.854081e-02,6.534103e-03
4.513316e-02,3.111815e-02,9.247468e-02,1.880171e-02,3.128504e-02,1.081985e-02,1.102796e-01,3.991635e-01,1.542801e-01,3.196501e-02,2.818588e-02,9.415974e-03,1.767568e-02,1.335237e-02,6.049226e-03
5.186153e-02,3.285989e-02,8.334853e-02,1.549553e-02,2.840766e-02,1.027856e-02,1.259912e-01,4.394873e-01,1.222702e-01,2.463955e-02,2.141506e-02,8.381691e-03,2.025564e-02,9.714403e-03,5.593188e-03
5.771571e-02,3.445904e-02,8.336847e-02,1.233439e-02,3.113073e-02,1.136176e-02,1.510964e-01,4.468706e-01,9.663548e-02,1.942363e-02,1.633333e-02,7.659745e-03,1.893305e-02,7.109691e-03,5.567935e-03
5.390986e-02,2.975905e-02,6.597396e-02,9.960983e-03,2.783045e-02,1.165083e-02,2.991599e-01,3.620511e-01,7.030967e-02,1.828841e-02,1.276685e-02,6.458607e-03,2.108338e-02,5.111509e-03,5.685446e-03
4.981843e-02,2.625905e-02,5.026145e-02,7.760495e-03,2.249838e-02,1.140380e-02,4.224965e-01,2.887744e-01,5.511205e-02,1.646514e-02,1.091273e-02,5.680099e-03,2.315578e-02,3.750250e-03,5.651400e-03
4.460005e-02,2.019057e-02,3.776019e-02,5.771231e-03,1.918099e-02,9.371415e-03,5.298352e-01,2.279686e-01,4.796368e-02,1.474830e-02,1.140694e-02,4.809508e-03,1.860090e-02,2.756245e-03,5.036145e-03
4.435406e-02,1.670420e-02,3.070690e-02,4.978185e-03,4.656316e-02,7.834049e-03,5.041156e-01,1.934011e-01,8.051854e-02,2.007578e-02,2.376483e-02,4.457039e-03,1.457568e-02,2.233792e-03,5.717078e-03
4.680355e-02,1.284249e-02,2.502669e-02,3.888434e-03,5.005401e-02,6.838905e-03,5.639516e-01,1.620200e-01,7.083765e-02,1.785573e-02,1.803189e-02,3.560432e-03,1.149643e-02,1.706192e-03,5.086054e-03
5.110426e-02,1.215064e-02,2.243621e-02,3.512759e-03,5.682428e-02,6.946612e-03,5.635740e-01,1.373014e-01,8.414674e-02,2.335490e-02,1.371585e-02,3.108710e-03,1.238465e-02,1.443493e-03,7.995520e-03
5.225229e-02,1.578208e-02,1.774590e-02,3.789408e-03,5.591257e-02,8.142630e-03,5.550782e-01,1.091892e-01,7.197911e-02,4.009174e-02,2.660728e-02,4.643194e-03,1.636638e-02,1.982856e-03,2.043719e-02
4.236669e-02,2.153438e-02,1.474402e-02,5.473596e-03,4.626447e-02,1.213336e-02,4.285221e-01,8.224968e-02,6.217217e-02,1.071683e-01,9.367611e-02,1.189342e-02,2.515130e-02,2.407951e-03,4.424245e-02
3.313614e-02,2.038589e-02,1.175943e-02,7.198305e-03,3.627178e-02,1.099337e-02,3.587496e-01,6.268119e-02,5.013847e-02,2.198846e-01,1.061235e-01,1.484157e-02,2.686980e-02,2.271148e-03,3.869520e-02
2.420992e-02,1.619217e-02,9.309282e-03,1.191697e-02,2.763136e-02,8.916838e-03,2.549202e-01,4.608393e-02,7.596855e-02,2.493202e-01,1.146000e-01,3.226539e-02,8.910738e-02,3.098907e-03,3.645899e-02
1.875390e-02,1.608538e-02,8.195095e-03,2.597714e-02,2.344733e-02,7.789409e-03,1.827841e-01,3.426395e-02,1.056448e-01,2.855700e-01,9.336523e-02,3.648340e-02,1.155670e-01,4.047725e-03,4.202561e-02
1.423023e-02,1.252392e-02,7.393775e-03,3.123182e-02,1.866248e-02,7.465277e-03,1.333302e-01,2.618808e-02,1.031089e-01,2.762157e-01,9.785181e-02,3.543292e-02,1.664030e-01,4.191443e-03,6.577033e-02
1.253958e-02,9.546313e-03,6.601610e-03,6.490749e-02,1.747531e-02,7.165794e-03,9.395657e-02,2.088146e-02,1.190013e-01,2.651329e-01,9.899129e-02,5.517531e-02,1.724232e-01,5.816684e-03,5.038507e-02
1.288081e-02,7.182764e-03,5.416073e-03,6.584085e-02,1.608699e-02,1.062816e-02,6.713560e-02,1.622378e-02,1.033023e-01,2.502527e-01,9.719822e-02,6.453738e-02,2.193281e-01,8.569619e-03,5.541671e-02
2.761141e-02,7.451998e-03,6.097843e-03,6.082138e-02,3.036462e-02,9.507425e-03,4.927557e-02,1.518169e-02,1.282395e-01,2.162274e-01,1.271255e-01,5.641795e-02,2.006477e-01,9.010278e-03,5.601979e-02
5.023512e-02,7.442360e-03,8.830519e-03,5.699192e-02,4.077084e-02,1.014274e-02,3.636372e-02,1.697258e-02,1.163427e-01,1.973997e-01,1.461867e-01,5.841921e-02,1.830024e-01,1.005233e-02,6.084722e-02
5.058127e-02,6.463747e-03,8.959353e-03,5.259512e-02,4.134007e-02,1.073159e-02,2.685820e-02,1.445776e-02,9.960882e-02,1.748966e-01,1.501532e-01,6.382220e-02,1.920173e-01,1.093660e-02,9.657822e-02
8.838287e-02,5.512664e-03,8.854581e-03,4.433144e-02,5.925389e-02,1.142581e-02,2.025254e-02,2.197847e-02,8.658163e-02,1.492456e-01,1.357286e-01,8.174410e-02,1.829634e-01,9.808552e-03,9.393597e-02
1.093165e-01,5.479880e-03,8.105650e-03,4.306645e-02,5.850632e-02,1.901582e-02,1.548082e-02,2.098911e-02,7.870097e-02,1.171965e-01,1.205711e-01,9.860489e-02,1.953786e-01,8.844126e-03,1.007433e-01
2.597535e-01,7.500806e-03,9.066443e-03,3.909234e-02,4.799621e-02,2.742130e-02,1.242589e-02,1.850503e-02,6.380030e-02,8.422639e-02,9.280393e-02,8.303159e-02,1.691098e-01,7.810119e-03,7.745626e-02
3.085873e-01,9.043205e-03,8.234722e-03,3.415098e-02,4.523415e-02,2.463679e-02,1.026447e-02,1.509995e-02,5.538188e-02,7.625205e-02,7.207917e-02,7.551791e-02,1.924761e-01,6.734047e-03,6.630731e-02
2.498894e-01,7.213519e-03,7.610221e-03,2.671348e-02,6.236054e-02,1.964680e-02,1.387947e-02,3.309311e-02,4.427444e-02,7.401621e-02,7.579598e-02,7.157400e-02,2.235613e-01,6.527022e-03,8.384452e-02
3.702657e-01,7.431522e-03,7.750943e-03,2.339780e-02,5.471011e-02,1.864552e-02,1.193633e-02,3.292191e-02,3.491217e-02,5.966865e-02,5.971252e-02,5.943950e-02,1.910701e-01,6.072487e-03,6.206481e-02
4.858096e-01,7.895392e-03,7.014052e-03,2.303955e-02,4.253157e-02,2.150749e-02,1.044030e-02,2.809002e-02,2.715510e-02,4.415618e-02,4.419878e-02,4.957737e-02,1.550105e-01,5.542299e-03,4.803186e-02
1.000000e+00,0.000000e+00,0.000000e+00,0.000000e+00,0.000000e+00,0.000000e+00,0.000000e+00,0.000000e+00,0.000000e+00,0.000000e+00,0.000000e+00,0.000000e+00,0.000000e+00,0.000000e+00,0.000000e+00
1.000000e+00,0.000000e+00,0.000000e+00,0.000000e+00,0.000000e+00,0.000000e+00,0.000000e+00,0.000000e+00,0.000000e+00,0.000000e+00,0.000000e+00,0.000000e+00,0.000000e+00,0.000000e+00,0.000000e+00
1.000000e+00,0.000000e+00,0.000000e+00,0.000000e+00,0.000000e+00,0.000000e+00,0.000000e+00,0.000000e+00,0.000000e+00,0.000000e+00,0.000000e+00,0.000000e+00,0.000000e+00,0.000000e+00,0.000000e+00
4.469139e-01,1.217642e-02,1.178443e-02,2.156107e-02,3.444837e-02,6.399697e-02,1.718876e-02,3.849665e-02,1.631024e-02,1.382668e-02,1.597313e-02,7.270423e-02,2.108183e-01,3.741810e-03,2.005900e-02
3.720278e-01,1.197737e-02,9.539069e-03,1.697296e-02,2.999044e-02,5.488681e-02,1.483895e-02,2.823374e-02,1.914709e-02,1.003758e-02,1.245085e-02,7.433178e-02,3.266948e-01,3.334520e-03,1.553622e-02
