1.000000e+00,0.000000e+00,0.000000e+00,0.000000e+00,0.000000e+00,0.000000e+00,0.000000e+00,0.000000e+00,0.000000e+00,0.000000e+00,0.000000e+00,0.000000e+00,0.000000e+00,0.000000e+00,0.000000e+00
1.000000e+00,0.000000e+00,0.000000e+00,0.000000e+00,0.000000e+00,0.000000e+00,0.000000e+00,0.000000e+00,0.000000e+00,0.000000e+00,0.000000e+00,0.000000e+00,0.000000e+00,0.000000e+00,0.000000e+00
1.000000e+00,0.000000e+00,0.000000e+00,0.000000e+00,0.000000e+00,0.000000e+00,0.000000e+00,0.000000e+00,0.000000e+00,0.000000e+00,0.000000e+00,0.000000e+00,0.000000e+00,0.000000e+00,0.000000e+00
1.000000e+00,0.000000e+00,0.000000e+00,0.000000e+00,0.000000e+00,0.000000e+00,0.000000e+00,0.000000e+00,0.000000e+00,0.000000e+00,0.000000e+00,0.000000e+00,0.000000e+00,0.000000e+00,0.000000e+00
1.000000e+00,0.000000e+00,0.000000e+00,0.000000e+00,0.000000e+00,0.000000e+00,0.000000e+00,0.000000e+00,0.000000e+00,0.000000e+00,0.000000e+00,0.000000e+00,0.000000e+00,0.000000e+00,0.000000e+00
1.000000e+00,0.000000e+00,0.000000e+00,0.000000e+00,0.000000e+00,0.000000e+00,0.000000e+00,0.000000e+00,0.000000e+00,0.000000e+00,0.000000e+00,0.000000e+00,0.000000e+00,0.000000e+00,0.000000e+00
1.000000e+00,0.000000e+00,0.000000e+00,0.000000e+00,0.000000e+00,0.000000e+00,0.000000e+00,0.000000e+00,0.000000e+00,0.000000e+00,0.000000e+00,0.000000e+00,0.000000e+00,0.000000e+00,0.000000e+00
1.000000e+00,0.000000e+00,0.000000e+00,0.000000e+00,0.000000e+00,0.000000e+00,0.000000e+00,0.000000e+00,0.000000e+00,0.000000e+00,0.000000e+00,0.000000e+00,0.000000e+00,0.000000e+00,0.000000e+00
1.000000e+00,0.000000e+00,0.000000e+00,0.000000e+00,0.000000e+00,0.000000e+00,0.000000e+00,0.000000e+00,0.000000e+00,0.000000e+00,0.000000e+00,0.000000e+00,0.000000e+00,0.000000e+00,0.000000e+00
1.000000e+00,0.000000e+00,0.000000e+00,0.000000e+00,0.000000e+00,0.000000e+00,0.000000e+00,0.000000e+00,0.000000e+00,0.000000e+00,0.000000e+00,0.000000e+00,0.000000e+00,0.000000e+00,0.000000e+00
1.000000e+00,0.000000e+00,0.000000e+00,0.000000e+00,0.000000e+00,0.000000e+00,0.000000e+00,0.000000e+00,0.000000e+00,0.000000e+00,0.000000e+00,0.000000e+00,0.000000e+00,0.000000e+00,0.000000e+00
1.000000e+00,0.000000e+00,0.000000e+00,0.000000e+00,0.000000e+00,0.000000e+00,0.000000e+00,0.000000e+00,0.000000e+00,0.000000e+00,0.000000e+00,0.000000e+00,0.000000e+00,0.000000e+00,0.000000e+00
1.000000e+00,0.000000e+00,0.000000e+00,0.000000e+00,0.000000e+00,0.000000e+00,0.000000e+00,0.000000e+00,0.000000e+00,0.000000e+00,0.000000e+00,0.000000e+00,0.000000e+00,0.000000e+00,0.000000e+00
1.000000e+00,0.000000e+00,0.000000e+00,0.000000e+00,0.000000e+00,0.000000e+00,0.000000e+00,0.000000e+00,0.000000e+00,0.000000e+00,0.000000e+00,0.000000e+00,0.000000e+00,0.000000e+00,0.000000e+00
1.000000e+00,0.000000e+00,0.000000e+00,0.000000e+00,0.000000e+00,0.000000e+00,0.000000e+00,0.000000e+00,0.000000e+00,0.000000e+00,0.000000e+00,0.000000e+00,0.000000e+00,0.000000e+00,0.000000e+00
1.000000e+00,0.000000e+00,0.000000e+00,0.000000e+00,0.000000e+00,0.000000e+00,0.000000e+00,0.000000e+00,0.000000e+00,0.000000e+00,0.000000e+00,0.000000e+00,0.000000e+00,0.000000e+00,0.000000e+00
1.000000e+00,0.000000e+00,0.000000e+00,0.000000e+00,0.000000e+00,0.000000e+00,0.000000e+00,0.000000e+00,0.000000e+00,0.000000e+00,0.000000e+00,0.000000e+00,0.000000e+00,0.000000e+00,0.000000e+00
1.000000e+00,0.000000e+00,0.000000e+00,0.000000e+00,0.000000e+00,0.000000e+00,0.000000e+00,0.000000e+00,0.000000e+00,0.000000e+00,0.000000e+00,0.000000e+00,0.000000e+00,0.000000e+00,0.000000e+00
1.000000e+00,0.000000e+00,0.000000e+00,0.000000e+00,0.000000e+00,0.000000e+00,0.000000e+00,0.000000e+00,0.000000e+00,0.000000e+00,0.000000e+00,0.000000e+00,0.000000e+00,0.000000e+00,0.000000e+00
1.000000e+00,0.000000e+00,0.000000e+00,0.000000e+00,0.000000e+00,0.000000e+00,0.000000e+00,0.000000e+00,0.000000e+00,0.000000e+00,0.000000e+00,0.000000e+00,0.000000e+00,0.000000e+00,0.000000e+00
1.000000e+00,0.000000e+00,0.000000e+00,0.000000e+00,0.000000e+00,0.000000e+00,0.000000e+00,0.000000e+00,0.000000e+00,0.000000e+00,0.000000e+00,0.000000e+00,0.000000e+00,0.000000e+00,0.000000e+00
1.000000e+00,0.000000e+00,0.000000e+00,0.000000e+00,0.000000e+00,0.000000e+00,0.000000e+00,0.000000e+00,0.000000e+00,0.000000e+00,0.000000e+00,0.000000e+00,0.000000e+00,0.000000e+00,0.000000e+00
1.000000e+00,0.000000e+00,0.000000e+00,0.000000e+00,0.000000e+00,0.000000e+00,0.000000e+00,0.000000e+00,0.000000e+00,0.000000e+00,0.000000e+00,0.000000e+00,0.000000e+00,0.000000e+00,0.000000e+00
1.000000e+00,0.000000e+00,0.000000e+00,0.000000e+00,0.000000e+00,0.000000e+00,0.000000e+00,0.000000e+00,0.000000e+00,0.000000e+00,0.000000e+00,0.000000e+00,0.000000e+00,0.000000e+00,0.000000e+00
1.000000e+00,0.000000e+00,0.000000e+00,0.000000e+00,0.000000e+00,0.000000e+00,0.000000e+00,0.000000e+00,0.000000e+00,0.000000e+00,0.000000e+00,0.000000e+00,0.000000e+00,0.000000e+00,0.000000e+00
1.000000e+00,0.000000e+00,0.000000e+00,0.000000e+00,0.000000e+00,0.000000e+00,0.000000e+00,0.000000e+00,0.000000e+00,0.000000e+00,0.000000e+00,0.000000e+00,0.000000e+00,0.000000e+00,0.000000e+00
1.000000e+00,0.000000e+00,0.000000e+00,0.000000e+00,0.000000e+00,0.000000e+00,0.000000e+00,0.000000e+00,0.000000e+00,0.000000e+00,0.000000e+00,0.000000e+00,0.000000e+00,0.000000e+00,0.000000e+00
1.000000e+00,0.000000e+00,0.000000e+00,0.000000e+00,0.000000e+00,0.000000e+00,0.000000e+00,0.000000e+00,0.000000e+00,0.000000e+00,0.000000e+00,0.000000e+00,0.000000e+00,0.000000e+00,0.000000e+00
1.000000e+00,0.000000e+00,0.000000e+00,0.000000e+00,0.000000e+00,0.000000e+00,0.000000e+00,0.000000e+00,0.000000e+00,0.000000e+00,0.000000e+00,0.000000e+00,0.000000e+00,0.000000e+00,0.000000e+00
1.000000e+00,0.000000e+00,0.000000e+00,0.000000e+00,0.000000e+00,0.000000e+00,0.000000e+00,0.000000e+00,0.000000e+00,0.000000e+00,0.000000e+00,0.000000e+00,0.000000e+00,0.000000e+00,0.000000e+00
1.000000e+00,0.000000e+00,0.000000e+00,0.000000e+00,0.000000e+00,0.000000e+00,0.000000e+00,0.000000e+00,0.000000e+00,0.000000e+00,0.000000e+00,0.000000e+00,0.000000e+00,0.000000e+00,0.000000e+00
1.000000e+00,0.000000e+00,0.000000e+00,0.000000e+00,0.000000e+00,0.000000e+00,0.000000e+00,0.000000e+00,0.000000e+00,0.000000e+00,0.000000e+00,0.000000e+00,0.000000e+00,0.000000e+00,0.000000e+00
1.000000e+00,0.000000e+00,0.000000e+00,0.000000e+00,0.000000e+00,0.000000e+00,0.000000e+00,0.000000e+00,0.000000e+00,0.000000e+00,0.000000e+00,0.000000e+00,0.000000e+00,0.000000e+00,0.000000e+00
1.000000e+00,0.000000e+00,0.000000e+00,0.000000e+00,0.000000e+00,0.000000e+00,0.000000e+00,0.000000e+00,0.000000e+00,0.000000e+00,0.000000e+00,0.000000e+00,0.000000e+00,0.000000e+00,0.000000e+00
1.000000e+00,0.000000e+00,0.000000e+00,0.000000e+00,0.000000e+00,0.000000e+00,0.000000e+00,0.000000e+00,0.000000e+00,0.000000e+00,0.000000e+00,0.000000e+00,0.000000e+00,0.000000e+00,0.000000e+00
1.000000e+00,0.000000e+00,0.000000e+00,0.000000e+00,0.000000e+00,0.000000e+00,0.000000e+00,0.000000e+00,0.000000e+00,0.000000e+00,0.000000e+00,0.000000e+00,0.000000e+00,0.000000e+00,0.000000e+00
1.000000e+00,0.000000e+00,0.000000e+00,0.000000e+00,0.000000e+00,0.000000e+00,0.000000e+00,0.000000e+00,0.000000e+00,0.000000e+00,0.000000e+00,0.000000e+00,0.000000e+00,0.000000e+00,0.000000e+00
1.000000e+00,0.000000e+00,0.000000e+00,0.000000e+00,0.000000e+00,0.000000e+00,0.000000e+00,0.000000e+00,0.000000e+00,0.000000e+00,0.000000e+00,0.000000e+00,0.000000e+00,0.000000e+00,0.000000e+00
1.000000e+00,0.000000e+00,0.000000e+00,0.000000e+00,0.000000e+00,0.000000e+00,0.000000e+00,0.000000e+00,0.000000e+00,0.000000e+00,0.000000e+00,0.000000e+00,0.000000e+00,0.000000e+00,0.000000e+00
1.000000e+00,0.000000e+00,0.000000e+00,0.000000e+00,0.000000e+00,0.000000e+00,0.000000e+00,0.000000e+00,0.000000e+00,0.000000e+00,0.000000e+00,0.000000e+00,0.000000e+00,0.000000e+00,0.000000e+00
1.000000e+00,0.000000e+00,0.000000e+00,0.000000e+00,0.000000e+00,0.000000e+00,0.000000e+00,0.000000e+00,0.000000e+00,0.000000e+00,0.000000e+00,0.000000e+00,0.000000e+00,0.000000e+00,0.000000e+00
1.000000e+00,0.000000e+00,0.000000e+00,0.000000e+00,0.000000e+00,0.000000e+00,0.000000e+00,0.000000e+00,0.000000e+00,0.000000e+00,0.000000e+00,0.000000e+00,0.000000e+00,0.000000e+00,0.000000e+00
1.000000e+00,0.000000e+00,0.000000e+00,0.000000e+00,0.000000e+00,0.000000e+00,0.000000e+00,0.000000e+00,0.000000e+00,0.000000e+00,0.000000e+00,0.000000e+00,0.000000e+00,0.000000e+00,0.000000e+00
1.000000e+00,0.000000e+00,0.000000e+00,0.000000e+00,0.000000e+00,0.000000e+00,0.000000e+00,0.000000e+00,0.000000e+00,0.000000e+00,0.000000e+00,0.000000e+00,0.000000e+00,0.000000e+00,0.000000e+00
1.000000e+00,0.000000e+00,0.000000e+00,0.000000e+00,0.000000e+00,0.000000e+00,0.000000e+00,0.000000e+00,0.000000e+00,0.000000e+00,0.000000e+00,0.000000e+00,0.000000e+00,0.000000e+00,0.000000e+00
1.000000e+00,0.000000e+00,0.000000e+00,0.000000e+00,0.000000e+00,0.000000e+00,0.000000e+00,0.000000e+00,0.000000e+00,0.000000e+00,0.000000e+00,0.000000e+00,0.000000e+00,0.000000e+00,0.000000e+00
1.000000e+00,0.000000e+00,0.000000e+00,0.000000e+00,0.000000e+00,0.000000e+00,0.000000e+00,0.000000e+00,0.000000e+00,0.000000e+00,0.000000e+00,0.000000e+00,0.000000e+00,0.000000e+00,0.000000e+00
1.000000e+00,0.000000e+00,0.000000e+00,0.000000e+00,0.000000e+00,0.000000e+00,0.000000e+00,0.000000e+00,0.000000e+00,0.000000e+00,0.000000e+00,0.000000e+00,0.000000e+00,0.000000e+00,0.000000e+00
1.000000e+00,0.000000e+00,0.000000e+00,0.000000e+00,0.000000e+00,0.000000e+00,0.000000e+00,0.000000e+00,0.000000e+00,0.000000e+00,0.000000e+00,0.000000e+00,0.000000e+00,0.000000e+00,0.000000e+00
1.000000e+00,0.000000e+00,0.000000e+00,0.000000e+00,0.000000e+00,0.000000e+00,0.000000e+00,0.000000e+00,0.000000e+00,0.000000e+00,0.000000e+00,0.000000e+00,0.000000e+00,0.000000e+00,0.000000e+00
1.000000e+00,0.000000e+00,0.000000e+00,0.000000e+00,0.000000e+00,0.000000e+00,0.000000e+00,0.000000e+00,0.000000e+00,0.000000e+00,0.000000e+00,0.000000e+00,0.000000e+00,0.000000e+00,0.000000e+00
1.000000e+00,0.000000e+00,0.000000e+00,0.000000e+00,0.000000e+00,0.000000e+00,0.000000e+00,0.000000e+00,0.000000e+00,0.000000e+00,0.000000e+00,0.000000e+00,0.000000e+00,0.000000e+00,0.000000e+00
1.000000e+00,0.000000e+00,0.000000e+00,0.000000e+00,0.000000e+00,0.000000e+00,0.000000e+00,0.000000e+00,0.000000e+00,0.000000e+00,0.000000e+00,0.000000e+00,0.000000e+00,0.000000e+00,0.000000e+00
1.000000e+00,0.000000e+00,0.000000e+00,0.000000e+00,0.000000e+00,0.000000e+00,0.000000e+00,0.000000e+00,0.000000e+00,0.000000e+00,0.000000e+00,0.000000e+00,0.000000e+00,0.000000e+00,0.000000e+00
1.000000e+00,0.000000e+00,0.000000e+00,0.000000e+00,0.000000e+00,0.000000e+00,0.000000e+00,0.000000e+00,0.000000e+00,0.000000e+00,0.000000e+00,0.000000e+00,0.000000e+00,0.000000e+00,0.000000e+00
1.000000e+00,0.000000e+00,0.000000e+00,0.000000e+00,0.000000e+00,0.000000e+00,0.000000e+00,0.000000e+00,0.000000e+00,0.000000e+00,0.000000e+00,0.000000e+00,0.000000e+00,0.000000e+00,0.000000e+00
1.000000e+00,0.000000e+00,0.000000e+00,0.000000e+00,0.000000e+00,0.000000e+00,0.000000e+00,0.000000e+00,0.000000e+00,0.000000e+00,0.000000e+00,0.000000e+00,0.000000e+00,0.000000e+00,0.000000e+00
1.000000e+00,0.000000e+00,0.000000e+00,0.000000e+00,0.000000e+00,0.000000e+00,0.000000e+00,0.000000e+00,0.000000e+00,0.000000e+00,0.000000e+00,0.000000e+00,0.000000e+00,0.000000e+00,0.000000e+00
1.000000e+00,0.000000e+00,0.000000e+00,0.000000e+00,0.000000e+00,0.000000e+00,0.000000e+00,0.000000e+00,0.000000e+00,0.000000e+00,0.000000e+00,0.000000e+00,0.000000e+00,0.000000e+00,0.000000e+00
1.000000e+00,0.000000e+00,0.000000e+00,0.000000e+00,0.000000e+00,0.000000e+00,0.000000e+00,0.000000e+00,0.000000e+00,0.000000e+00,0.000000e+00,0.000000e+00,0.000000e+00,0.000000e+00,0.000000e+00
1.000000e+00,0.000000e+00,0.000000e+00,0.000000e+00,0.000000e+00,0.000000e+00,0.000000e+00,0.000000e+00,0.000000e+00,0.000000e+00,0.000000e+00,0.000000e+00,0.000000e+00,0.000000e+00,0.000000e+00
4.091356e-01,3.686301e-02,2.633885e-02,3.607419e-01,3.773831e-03,1.062754e-02,1.898637e-03,5.846356e-03,2.319987e-02,5.546733e-03,2.731779e-02,1.243794e-02,1.074146e-02,3.300266e-03,6.223017e-02
4.828636e-01,3.479704e-02,2.289751e-02,2.753805e-01,3.971702e-03,1.203137e-02,1.651612e-03,6.219336e-03,2.349437e-02,2.021833e-02,3.284732e-02,1.131423e-02,1.339592e-02,3.201785e-03,5.571538e-02
4.673474e-01,3.760936e-02,1.823038e-02,2.129258e-01,4.157729e-03,1.186728e-02,1.696041e-03,6.607258e-03,3.157272e-02,9.657244e-02,3.383067e-02,1.055824e-02,1.702789e-02,3.013494e-03,4.698336e-02
4.390039e-01,3.641113e-02,1.438616e-02,1.568248e-01,3.957114e-03,1.461221e-02,1.385535e-03,5.633818e-03,3.011759e-02,1.904052e-01,2.837338e-02,9.407259e-03,2.533289e-02,2.930794e-03,4.121822e-02
3.347453e-01,4.424814e-02,1.535043e-02,1.343097e-01,3.555947e-03,1.253688e-02,1.151574e-03,5.094146e-03,1.036319e-01,2.177301e-01,2.395285e-02,7.623223e-03,3.242461e-02,6.474397e-03,5.717074e-02
2.482616e-01,3.937737e-02,3.864948e-02,1.872763e-01,2.852070e-03,9.485868e-03,8.994997e-04,5.481197e-03,1.753750e-01,1.763832e-01,2.108634e-02,5.837727e-03,2.955019e-02,6.322876e-03,5.316121e-02
1.762136e-01,3.294975e-02,2.910687e-02,1.324329e-01,2.240223e-03,7.282811e-03,6.700461e-04,4.100073e-03,1.302682e-01,1.291854e-01,1.691602e-02,4.501834e-03,2.391735e-02,8.606182e-03,3.016088e-01
1.275534e-01,3.140929e-02,2.491851e-02,9.669790e-02,1.930609e-03,5.801165e-03,5.762417e-04,3.341364e-03,1.065148e-01,9.677121e-02,1.443597e-02,3.688391e-03,2.050423e-02,1.496748e-02,4.508895e-01
9.110517e-02,2.450990e-02,2.068225e-02,6.838319e-02,1.847985e-03,5.379827e-03,4.773686e-04,2.486124e-03,7.991022e-02,7.096310e-02,1.316446e-02,2.783531e-03,1.543177e-02,2.247310e-02,5.804020e-01
6.524561e-02,3.012803e-02,1.589666e-02,4.878070e-02,1.552487e-03,6.124043e-03,3.661298e-04,1.826112e-03,8.444666e-02,6.372929e-02,1.059372e-02,2.073899e-03,1.171822e-02,1.851876e-02,6.389997e-01
4.699109e-02,3.554220e-02,1.233185e-02,3.606632e-02,1.359143e-03,5.498161e-03,3.131473e-04,1.425166e-03,9.854764e-02,4.771364e-02,9.027257e-03,1.709506e-03,9.112936e-03,1.487020e-02,6.794918e-01
3.376201e-02,7.525447e-02,9.192044e-03,2.632040e-02,1.031782e-03,5.111279e-03,2.286010e-04,1.022837e-03,7.941134e-02,3.596516e-02,7.184721e-03,1.349464e-03,6.924649e-03,1.148669e-02,7.057546e-01
2.418179e-02,8.034088e-02,6.579036e-03,1.861983e-02,7.538954e-04,3.819913e-03,1.631186e-04,7.261398e-04,6.083786e-02,2.667170e-02,5.319795e-03,9.972299e-04,5.041271e-03,8.650977e-03,7.572966e-01
1.743564e-02,1.438676e-01,1.347176e-02,1.596400e-02,5.856415e-04,2.966306e-03,1.230809e-04,5.352137e-04,8.380922e-02,2.077356e-02,4.790794e-03,1.944050e-03,6.670329e-03,7.729746e-03,6.793331e-01
1.358364e-02,1.321798e-01,1.641294e-02,1.229413e-02,4.820862e-04,2.764519e-03,1.008074e-04,4.479779e-04,7.838417e-02,1.550182e-02,3.960242e-03,1.541120e-03,5.296589e-03,7.133671e-03,7.099165e-01
1.328744e-02,1.305501e-01,1.207466e-02,8.755139e-03,3.532367e-04,4.627294e-03,9.410259e-05,3.587894e-04,5.882395e-02,1.167819e-02,6.120150e-03,1.258945e-03,4.154528e-03,3.203287e-02,7.158306e-01
1.136158e-02,9.627907e-02,9.038673e-03,6.226310e-03,2.605513e-04,4.330491e-03,8.108623e-05,2.867829e-04,4.931740e-02,9.126165e-03,8.307289e-03,9.334828e-04,3.274444e-03,8.492957e-02,7.162471e-01
1.186584e-02,7.341528e-02,6.776929e-03,4.482450e-03,2.671945e-04,3.640379e-03,6.698487e-05,2.301823e-04,4.496848e-02,8.599884e-03,7.244112e-03,6.935514e-04,2.524364e-03,8.411107e-02,7.511132e-01
1.404252e-02,5.440655e-02,7.776970e-03,3.612609e-03,4.658593e-04,4.006612e-03,1.979498e-04,1.751567e-03,3.843477e-02,6.530352e-03,6.426140e-03,5.272408e-04,2.309571e-03,7.623709e-02,7.832742e-01
1.874714e-02,4.100692e-02,7.385357e-03,2.963318e-03,1.456417e-03,4.984355e-03,1.939690e-04,1.346214e-03,3.063186e-02,4.840409e-03,4.974679e-03,4.046905e-04,1.862563e-03,6.507405e-02,8.141280e-01
3.227922e-02,3.513247e-02,1.979566e-02,4.289405e-03,2.497928e-03,1.218938e-02,4.147010e-04,1.514868e-03,3.523976e-02,4.617180e-03,4.578393e-03,4.259360e-04,2.000598e-03,8.191520e-02,7.631093e-01
3.014218e-02,7.364704e-02,1.166999e-01,3.158910e-02,4.209790e-03,1.129494e-02,4.380621e-04,1.405419e-03,4.121517e-02,4.906860e-03,4.339754e-03,6.534747e-04,1.833266e-03,6.064678e-02,6.169782e-01
3.675172e-02,6.982871e-02,1.046922e-01,3.448090e-02,8.660845e-03,1.072711e-02,5.378292e-04,1.714760e-03,4.941318e-02,8.754672e-03,5.901710e-03,7.144704e-04,2.168519e-03,5.142390e-02,6.142294e-01
1.104075e-01,8.667091e-02,9.803177e-02,2.882598e-02,2.419532e-02,1.224629e-02,5.579573e-04,1.999804e-03,4.580256e-02,6.639439e-03,5.927091e-03,1.142606e-03,3.211624e-03,3.989905e-02,5.344421e-01
1.325935e-01,1.306966e-01,1.073105e-01,6.399851e-02,3.100063e-02,1.593686e-02,9.465704e-04,2.501474e-03,4.055659e-02,7.726021e-03,6.244292e-03,3.326239e-03,3.947411e-03,3.160986e-02,4.216049e-01
1.883207e-01,1.170656e-01,9.822227e-02,6.588792e-02,3.107480e-02,1.467970e-02,1.143579e-03,3.148405e-03,4.467220e-02,1.146562e-02,7.558048e-03,7.307680e-03,5.638984e-03,2.734859e-02,3.764659e-01
3.028480e-01,9.223282e-02,7.779075e-02,5.334900e-02,2.516427e-02,1.299945e-02,1.231126e-03,6.350978e-03,4.572349e-02,1.134150e-02,6.610861e-03,8.687109e-03,5.426713e-03,3.508826e-02,3.151556e-01
4.107782e-01,7.561292e-02,6.128514e-02,5.149077e-02,2.153881e-02,1.191788e-02,1.226808e-03,7.296694e-03,4.080075e-02,1.050340e-02,6.398469e-03,1.059423e-02,5.469842e-03,3.208838e-02,2.529978e-01
1.000000e+00,0.000000e+00,0.000000e+00,0.000000e+00,0.000000e+00,0.000000e+00,0.000000e+00,0.000000e+00,0.000000e+00,0.000000e+00,0.000000e+00,0.000000e+00,0.000000e+00,0.000000e+00,0.000000e+00
3.890969e-01,6.146297e-02,5.241454e-02,5.235807e-02,1.257897e-02,1.024459e-02,1.161787e-03,7.117214e-03,3.354764e-02,1.015975e-02,8.410577e-03,1.365941e-02,1.760682e-02,3.241479e-02,2.977660e-01
2.823302e-01,4.633168e-02,3.848852e-02,3.883777e-02,8.934265e-03,7.860316e-03,8.558189e-04,5.153273e-03,3.103754e-02,3.255878e-02,7.551276e-03,1.116601e-02,1.877622e-02,2.985852e-02,4.402598e-01
2.046984e-01,3.403501e-02,2.858132e-02,2.783144e-02,6.393765e-03,5.765301e-03,6.343652e-04,3.691838e-03,2.557775e-02,4.072519e-02,9.881036e-03,1.008845e-02,1.705071e-02,1.237955e-01,4.612499e-01
1.569585e-01,2.586859e-02,2.146835e-02,2.038684e-02,4.764578e-03,4.622920e-03,5.092380e-04,2.676032e-03,2.504166e-02,3.062441e-02,1.127642e-02,8.790708e-03,1.446202e-02,1.801615e-01,4.923882e-01
1.131395e-01,1.930462e-02,1.565086e-02,1.457371e-02,3.882584e-03,3.543032e-03,3.933489e-04,1.896213e-03,4.840028e-02,2.572305e-02,1.516074e-02,7.703471e-03,1.264727e-02,2.594512e-01,4.585301e-01
7.964975e-02,1.359134e-02,1.110015e-02,1.029734e-02,2.827224e-03,2.639227e-03,2.853424e-04,1.350665e-03,4.747974e-02,3.250063e-02,2.025671e-02,5.743591e-03,9.354943e-03,2.667330e-01,4.961903e-01
5.590052e-02,9.550950e-03,7.832139e-03,7.236658e-03,2.006768e-03,1.986307e-03,2.043860e-04,9.605364e-04,3.963277e-02,2.954756e-02,1.840248e-02,4.123796e-03,6.691705e-03,3.287849e-01,4.871385e-01
3.959081e-02,6.754814e-03,5.827560e-03,5.284629e-03,1.598146e-03,1.606202e-03,1.758673e-04,7.127609e-04,4.644395e-02,3.008191e-02,4.305565e-02,3.167294e-03,6.242547e-03,3.900899e-01,4.193679e-01
2.788992e-02,4.769523e-03,4.409455e-03,3.950611e-03,1.368238e-03,1.353505e-03,1.649520e-04,5.657693e-04,5.382106e-02,2.982434e-02,6.013399e-02,2.549403e-03,6.219862e-03,3.800953e-01,4.228840e-01
1.984444e-02,3.428550e-03,4.328787e-03,3.207027e-03,1.510682e-03,1.506961e-03,4.275744e-04,9.642583e-04,6.950913e-02,5.199697e-02,6.112023e-02,3.421849e-03,6.880432e-03,3.260178e-01,4.458353e-01
1.459364e-02,2.605838e-03,2.973045e-02,8.566977e-03,1.765302e-03,2.635783e-03,4.508843e-03,2.678773e-03,5.737176e-02,5.917846e-02,5.407044e-02,3.130979e-03,6.030747e-03,2.455997e-01,5.075323e-01
1.053717e-02,1.903346e-03,2.249755e-02,6.991263e-03,1.914465e-03,2.289170e-03,3.546843e-03,2.419871e-03,4.692356e-02,5.586983e-02,4.918509e-02,2.660153e-03,4.723811e-03,1.890661e-01,5.994718e-01
8.414957e-03,1.494645e-03,2.166016e-02,6.480543e-03,3.026254e-03,2.061486e-03,2.563587e-03,2.472281e-03,4.600079e-02,5.910883e-02,8.501455e-02,3.896727e-03,6.006634e-03,1.524222e-01,5.993763e-01
7.145012e-03,1.189901e-03,1.776634e-02,5.654272e-03,7.820685e-03,9.504446e-03,2.431313e-03,2.390714e-03,4.008305e-02,1.285749e-01,7.382192e-02,3.848393e-03,9.162683e-03,1.320412e-01,5.585651e-01
5.932247e-03,1.206829e-03,1.594622e-02,5.409209e-03,9.390350e-03,5.241998e-02,1.815442e-03,1.785737e-03,3.309302e-02,1.092230e-01,2.444206e-01,6.501112e-03,1.782885e-02,1.003545e-01,3.946729e-01
6.111609e-03,1.750726e-03,1.573190e-02,5.077727e-03,1.561907e-02,4.262799e-02,1.520400e-03,2.155166e-03,3.283696e-02,1.077203e-01,3.481007e-01,2.930748e-02,3.574073e-02,7.618750e-02,2.795117e-01
5.455372e-03,3.002233e-03,1.441132e-02,4.941619e-03,2.097690e-02,3.575896e-02,2.073718e-03,2.439571e-03,3.154875e-02,9.088028e-02,4.649640e-01,3.672843e-02,3.317680e-02,5.568222e-02,1.979598e-01
5.611854e-03,5.321740e-03,1.552910e-02,7.164233e-03,3.627530e-02,3.035606e-02,4.855370e-03,7.545737e-03,2.638033e-02,7.830448e-02,5.214816e-01,3.692028e-02,2.746258e-02,4.090574e-02,1.558856e-01
9.149846e-03,1.351622e-02,1.845748e-02,9.495242e-03,1.310132e-01,2.366284e-02,7.420014e-03,1.311181e-02,4.153736e-02,8.026822e-02,4.355901e-01,3.969239e-02,2.390866e-02,3.048859e-02,1.226881e-01
8.884669e-03,1.443338e-02,2.798002e-02,1.056640e-02,1.090037e-01,2.075838e-02,1.229374e-02,1.568218e-01,8.567502e-02,7.100188e-02,3.115899e-01,3.823385e-02,2.215655e-02,2.267429e-02,8.792643e-02
2.209944e-02,1.196821e-02,4.660446e-02,4.842886e-02,1.635408e-01,1.995387e-02,1.639249e-02,1.769677e-01,7.898971e-02,6.135513e-02,2.258823e-01,2.867729e-02,1.758379e-02,1.741253e-02,6.414342e-02
1.988295e-02,9.586684e-03,1.567899e-01,1.361490e-01,1.491153e-01,1.717660e-02,1.249748e-02,1.396630e-01,5.952317e-02,4.672680e-02,1.597400e-01,2.148611e-02,1.332178e-02,1.239763e-02,4.594357e-02
2.210036e-02,9.614186e-03,2.756245e-01,1.199862e-01,1.826279e-01,1.372312e-02,1.587615e-02,1.018967e-01,4.320422e-02,3.504327e-02,1.131631e-01,1.554263e-02,9.817891e-03,8.987787e-03,3.279190e-02
3.207437e-02,1.184418e-02,3.114045e-01,9.512042e-02,2.352675e-01,1.402366e-02,3.478927e-02,7.422106e-02,3.428460e-02,2.616059e-02,8.140750e-02,1.132416e-02,7.786096e-03,6.931363e-03,2.336072e-02
3.134890e-02,1.508800e-02,2.342082e-01,1.171532e-01,3.508961e-01,1.251782e-02,3.678995e-02,6.525414e-02,2.456667e-02,1.864758e-02,5.770093e-02,8.477320e-03,5.704299e-03,4.961986e-03,1.668491e-02
3.405007e-02,1.887708e-02,1.693574e-01,1.003890e-01,3.940940e-01,1.747815e-02,9.167232e-02,7.057252e-02,1.895996e-02,1.446168e-02,4.086228e-02,6.342542e-03,6.178909e-03,3.600786e-03,1.310338e-02
3.680034e-02,1.881062e-02,1.253577e-01,8.400850e-02,3.666654e-01,2.151698e-02,1.722718e-01,9.624405e-02,1.464057e-02,1.151215e-02,2.910275e-02,4.748562e-03,5.069328e-03,2.591002e-03,1.066021e-02
5.115107e-02,2.159982e-02,9.313955e-02,6.497054e-02,3.367887e-01,2.562157e-02,2.375635e-01,9.738144e-02,1.134248e-02,1.277290e-02,2.134768e-02,4.088644e-03,5.177976e-03,2.010288e-03,1.504385e-02
7.189815e-02,2.330349e-02,7.207999e-02,5.268112e-02,2.807363e-01,2.304314e-02,2.962337e-01,1.035408e-01,9.038411e-03,1.695308e-02,1.705254e-02,5.031344e-03,5.843992e-03,1.781669e-03,2.078230e-02
1.041974e-01,3.045356e-02,5.728799e-02,5.388372e-02,2.375461e-01,1.873430e-02,2.705492e-01,9.894489e-02,7.670951e-03,5.717523e-02,1.848074e-02,9.670996e-03,6.899609e-03,2.170423e-03,2.633482e-02
7.345714e-02,2.505574e-02,1.759402e-01,5.750802e-02,1.764519e-01,1.909146e-02,2.309554e-01,7.035470e-02,7.916278e-03,9.261063e-02,2.080425e-02,1.516966e-02,1.308355e-02,1.603785e-03,1.999731e-02
5.193017e-02,2.246600e-02,1.935709e-01,8.285321e-02,1.289606e-01,2.198191e-02,2.050319e-01,5.097010e-02,1.211542e-02,1.180497e-01,3.324138e-02,3.658080e-02,2.352573e-02,1.966415e-03,1.675577e-02
3.722341e-02,1.729219e-02,1.377182e-01,6.815618e-02,9.147524e-02,1.646808e-02,1.508957e-01,3.606600e-02,2.538221e-02,1.152295e-01,7.713927e-02,5.475883e-02,1.285295e-01,1.507897e-02,2.858671e-02
2.666728e-02,1.241870e-02,9.837476e-02,5.690268e-02,6.473347e-02,1.206429e-02,1.065398e-01,2.586963e-02,2.574106e-02,1.415464e-01,1.302051e-01,9.217715e-02,1.470826e-01,3.297477e-02,2.670232e-02
1.909864e-02,9.303314e-03,7.230273e-02,4.577383e-02,4.586630e-02,9.803428e-03,7.506317e-02,1.934841e-02,6.116928e-02,2.479287e-01,1.146434e-01,7.638533e-02,1.440167e-01,3.408035e-02,2.521642e-02
1.418223e-02,8.454962e-03,5.252839e-02,3.529629e-02,3.259050e-02,8.873569e-03,5.302027e-02,1.563671e-02,8.867766e-02,3.710945e-01,8.485913e-02,6.087139e-02,1.111030e-01,3.410427e-02,2.870714e-02
1.057715e-02,9.249778e-03,3.900538e-02,2.691859e-02,2.451938e-02,7.807294e-03,3.820349e-02,1.335639e-02,1.089312e-01,4.655294e-01,6.364132e-02,4.699119e-02,8.892953e-02,2.780423e-02,2.853565e-02
1.061123e-02,7.643922e-03,2.830101e-02,2.497870e-02,3.410459e-02,5.821315e-03,2.782378e-02,6.589422e-02,1.104143e-01,4.840410e-01,4.908628e-02,3.476976e-02,6.872699e-02,2.126987e-02,2.651307e-02
1.491759e-02,8.512808e-03,2.262021e-02,2.619748e-02,3.822576e-02,5.307587e-03,2.195342e-02,6.158141e-02,1.265570e-01,4.809806e-01,4.917597e-02,3.207383e-02,6.926691e-02,1.917712e-02,2.345232e-02
3.889394e-02,7.852420e-03,1.717569e-02,4.636725e-02,3.358785e-02,5.128084e-03,1.590639e-02,5.355838e-02,1.089770e-01,4.148525e-01,7.721487e-02,6.779678e-02,7.137309e-02,2.202407e-02,1.929178e-02
5.744724e-02,7.887829e-03,1.303437e-02,5.963638e-02,2.517067e-02,6.008251e-03,1.154246e-02,3.819975e-02,8.413760e-02,2.955263e-01,1.195100e-01,1.520432e-01,9.425229e-02,2.019676e-02,1.540684e-02
1.142026e-01,7.620358e-03,1.032313e-02,5.489724e-02,2.919618e-02,7.897964e-03,9.333484e-03,3.016346e-02,6.407997e-02,2.097635e-01,1.549981e-01,1.785526e-01,9.901141e-02,1.578102e-02,1.417886e-02
2.449114e-01,7.883377e-03,8.852917e-03,5.123596e-02,3.736451e-02,1.033554e-02,8.467454e-03,2.545195e-02,5.755668e-02,1.518790e-01,1.374256e-01,1.501069e-01,8.039710e-02,1.333738e-02,1.479416e-02
3.008984e-01,9.283826e-03,9.413148e-03,4.915598e-02,3.898650e-02,1.118736e-02,9.334375e-03,2.061452e-02,8.395427e-02,1.234679e-01,1.133618e-01,1.270675e-01,7.592233e-02,1.178406e-02,1.556802e-02
2.958250e-01,1.584086e-02,1.067371e-02,5.306364e-02,3.818741e-02,1.804087e-02,1.441431e-02,4.079273e-02,9.771167e-02,9.787279e-02,9.470330e-02,1.076221e-01,7.991423e-02,1.321189e-02,2.212557e-02
3.199522e-01,3.707836e-02,1.101430e-02,6.470127e-02,4.010581e-02,2.037172e-02,1.188044e-02,3.253465e-02,1.310892e-01,8.490647e-02,7.158791e-02,8.190411e-02,6.229940e-02,1.056196e-02,2.001213e-02
2.984807e-01,5.326323e-02,1.502773e-02,8.040658e-02,6.068622e-02,2.246609e-02,1.121015e-02,3.302951e-02,1.556967e-01,7.161307e-02,5.387652e-02,6.415031e-02,5.020181e-02,8.557442e-03,2.133392e-02
3.074468e-01,6.078346e-02,1.890054e-02,7.163769e-02,7.388698e-02,2.842635e-02,1.321270e-02,3.816419e-02,1.546389e-01,6.288989e-02,4.206867e-02,5.475045e-02,4.266056e-02,7.526764e-03,2.300606e-02
3.125040e-01,7.782697e-02,2.139703e-02,6.725514e-02,6.847502e-02,3.551202e-02,1.517708e-02,5.276035e-02,1.528827e-01,5.007217e-02,3.318637e-02,4.695497e-02,3.621973e-02,6.307536e-03,2.346887e-02
2.622572e-01,6.593005e-02,1.849323e-02,4.978310e-02,5.509763e-02,2.809238e-02,1.571184e-02,2.396261e-01,1.143526e-01,3.786588e-02,2.402380e-02,3.481236e-02,3.011312e-02,4.835797e-03,1.900499e-02
2.028150e-01,4.790282e-02,1.376060e-02,3.523807e-02,4.549520e-02,2.100059e-02,1.469086e-02,4.296242e-01,8.152151e-02,2.721207e-02,1.703984e-02,2.458693e-02,2.195459e-02,3.586963e-03,1.357074e-02
1.530735e-01,3.473321e-02,1.005883e-02,2.485640e-02,3.552790e-02,1.534089e-02,1.141152e-02,5.798297e-01,5.840622e-02,1.944633e-02,1.211262e-02,1.729263e-02,1.568310e-02,2.576351e-03,9.650680e-03
1.265908e-01,2.545943e-02,7.431006e-03,1.770899e-02,2.680723e-02,1.265895e-02,9.454707e-03,6.728965e-01,4.437410e-02,1.392960e-02,8.964557e-03,1.301758e-02,1.161821e-02,1.881901e-03,7.206436e-03
1.179357e-01,2.086123e-02,6.038352e-03,1.326222e-02,2.080849e-02,1.179574e-02,8.137146e-03,7.175874e-01,3.961097e-02,9.948893e-03,6.943543e-03,1.060886e-02,9.285968e-03,1.438514e-03,5.736884e-03
1.388117e-01,2.015241e-02,6.725319e-03,1.637520e-02,1.678082e-02,2.174243e-02,6.279970e-03,6.443697e-01,4.056110e-02,8.569071e-03,1.364168e-02,2.590786e-02,3.137257e-02,1.324394e-03,7.385685e-03
1.121705e-01,1.509809e-02,5.475540e-03,1.508158e-02,1.272190e-02,2.783157e-02,5.050178e-03,4.759955e-01,3.308607e-02,7.396629e-03,3.145565e-02,6.041154e-02,1.870604e-01,1.059440e-03,1.010531e-02
8.328634e-02,1.081265e-02,4.633570e-03,1.667989e-02,1.055546e-02,3.332800e-02,4.028853e-03,3.487392e-01,2.519122e-02,5.995743e-03,3.709829e-02,6.170480e-02,3.472371e-01,8.537032e-04,9.855254e-03
5.876049e-02,7.717680e-03,3.431390e-03,1.390478e-02,7.962023e-03,4.498202e-02,3.025935e-03,2.458329e-01,1.985414e-02,4.338406e-03,3.318382e-02,7.124892e-02,4.775048e-01,7.312273e-04,7.521532e-03
4.125893e-02,5.442393e-03,2.470107e-03,1.017813e-02,5.895793e-03,3.591613e-02,2.210868e-03,1.726144e-01,1.514368e-02,3.293534e-03,3.161498e-02,6.662353e-02,6.011069e-01,5.471690e-04,5.683511e-03
2.914437e-02,3.990297e-03,1.945916e-03,8.391637e-03,4.376981e-03,3.046102e-02,1.720383e-03,1.216960e-01,1.744046e-02,3.605725e-03,3.156564e-02,9.698470e-02,6.438390e-01,5.610580e-04,4.276779e-03
2.048560e-02,2.896049e-03,1.627419e-03,6.524280e-03,4.789415e-03,2.271799e-02,1.418161e-03,8.569725e-02,1.577352e-02,3.017878e-03,3.830990e-02,1.016474e-01,6.908875e-01,5.238032e-04,3.683819e-03
1.440748e-02,2.305692e-03,2.259384e-03,4.622926e-03,9.644954e-03,1.608613e-02,1.221940e-03,6.027143e-02,1.342162e-02,2.974145e-03,3.723268e-02,9.110510e-02,7.395433e-01,8.072171e-04,4.095921e-03
1.032195e-02,2.414142e-03,1.204883e-02,3.688226e-03,1.316400e-02,1.236603e-02,1.364941e-03,4.337309e-02,1.489941e-02,1.102989e-02,2.996382e-02,1.454392e-01,6.949392e-01,1.068220e-03,3.918983e-03
7.883884e-03,3.657980e-03,2.075570e-02,2.793349e-03,1.915092e-02,1.102310e-02,1.769897e-03,3.868854e-02,2.764959e-02,1.919177e-02,2.661813e-02,1.588176e-01,6.562499e-01,1.176734e-03,4.572908e-03
6.469436e-03,5.636256e-03,3.015708e-02,2.130699e-03,1.589398e-02,1.589803e-02,1.405865e-03,2.793883e-02,2.693316e-02,4.628073e-02,2.635191e-02,2.763980e-01,5.112167e-01,1.979974e-03,5.309303e-03
4.730823e-03,8.921374e-03,2.415182e-02,1.550240e-03,1.266160e-02,1.139813e-02,1.031864e-03,1.968588e-02,4.364128e-02,5.634601e-02,2.140660e-02,4.038341e-01,3.830473e-01,2.173377e-03,5.419604e-03
4.013039e-03,9.755841e-03,2.955075e-02,1.267223e-03,1.458478e-02,8.307645e-03,9.463753e-04,1.608564e-02,7.012709e-02,8.178902e-02,1.918993e-02,4.186743e-01,3.171487e-01,2.303418e-03,6.256270e-03
1.115054e-02,9.937663e-03,2.341666e-02,2.802497e-03,1.316574e-02,8.358065e-03,9.621656e-04,1.319797e-02,9.647252e-02,1.744407e-01,2.923622e-02,3.559612e-01,2.504505e-01,4.054789e-03,6.392723e-03
1.570813e-02,9.223595e-03,1.920150e-02,5.912916e-03,3.043160e-02,6.196048e-03,4.365555e-03,1.322828e-02,1.891619e-01,2.121915e-01,3.071169e-02,2.628557e-01,1.896940e-01,3.485213e-03,7.632373e-03
1.926821e-02,9.802835e-03,2.346388e-02,1.298102e-02,2.882690e-02,5.418187e-03,4.327292e-03,4.107689e-02,2.068402e-01,1.681847e-01,4.617482e-02,2.000985e-01,2.196381e-01,3.423882e-03,1.047452e-02
1.583426e-02,7.946155e-03,1.663307e-02,1.037201e-02,3.088987e-02,4.899925e-03,4.052095e-03,3.148025e-02,3.359698e-01,1.266981e-01,4.146388e-02,1.498456e-01,2.113619e-01,2.589781e-03,9.963341e-03
1.365219e-02,7.371466e-03,1.182253e-02,7.738046e-03,2.802903e-02,5.487717e-03,4.073845e-03,2.474192e-02,4.866657e-01,9.075166e-02,3.106594e-02,1.094159e-01,1.694145e-01,1.858997e-03,7.910552e-03
1.437480e-02,6.398832e-03,9.244411e-03,3.621239e-02,3.193448e-02,1.332516e-02,3.273227e-03,2.157657e-02,5.314360e-01,6.386557e-02,2.614579e-02,1.016671e-01,1.333202e-01,1.383033e-03,5.842535e-03
1.511006e-02,6.471793e-03,7.576657e-03,3.600609e-02,3.016879e-02,1.330228e-02,3.404665e-03,2.004225e-02,5.662091e-01,4.544859e-02,2.966888e-02,9.110836e-02,1.295930e-01,1.126745e-03,4.762754e-03
1.639120e-02,6.092089e-03,6.268312e-03,2.811124e-02,3.550861e-02,1.115065e-02,3.467178e-03,4.069975e-02,6.156765e-01,3.231903e-02,2.740289e-02,6.715184e-02,1.051389e-01,8.645060e-04,3.757359e-03
1.912423e-02,8.137288e-03,5.160490e-03,2.027025e-02,3.451616e-02,1.126546e-02,4.295217e-03,3.884846e-02,6.847813e-01,2.428881e-02,2.111604e-02,4.791747e-02,7.583581e-02,8.112780e-04,3.631792e-03
2.028763e-02,9.083871e-03,4.720720e-03,1.477706e-02,3.053543e-02,1.169354e-02,4.340843e-03,4.815118e-02,7.291722e-01,1.762812e-02,1.696681e-02,3.418094e-02,5.462667e-02,7.896388e-04,3.045432e-03
2.705152e-02,1.790479e-02,5.187905e-03,1.103477e-02,3.020187e-02,1.996198e-02,4.721730e-03,4.057325e-02,7.374418e-01,1.507160e-02,1.478012e-02,2.697837e-02,4.268935e-02,1.032733e-03,5.368175e-03
2.778130e-02,1.762182e-02,4.177573e-03,8.127459e-03,3.183623e-02,1.735543e-02,4.553262e-03,3.215345e-02,7.734584e-01,1.224585e-02,1.228090e-02,2.050824e-02,3.141377e-02,1.020874e-03,5.465528e-03
5.702667e-02,3.768942e-02,1.005781e-02,4.378905e-02,3.251240e-02,1.699106e-02,5.424122e-03,2.889009e-02,6.711527e-01,1.871424e-02,1.414001e-02,1.936976e-02,2.436753e-02,2.254393e-03,1.762080e-02
7.944816e-02,3.546359e-02,1.395754e-02,3.899425e-02,3.939334e-02,1.880627e-02,6.019851e-03,2.889668e-02,6.499344e-01,2.091361e-02,1.286336e-02,1.776226e-02,1.998832e-02,2.133003e-03,1.542541e-02
1.105257e-01,2.950587e-02,1.242956e-02,2.980559e-02,8.799797e-02,1.620253e-02,5.373213e-03,3.427151e-02,5.967515e-01,1.853341e-02,1.137175e-02,1.527562e-02,1.628806e-02,2.326740e-03,1.334098e-02
1.551304e-01,2.516353e-02,1.150098e-02,2.413844e-02,1.557327e-01,1.771403e-02,7.623915e-03,4.499567e-02,4.847910e-01,1.662167e-02,1.128096e-02,1.467440e-02,1.613529e-02,2.742744e-03,1.175420e-02
2.007322e-01,2.295541e-02,1.161912e-02,2.307750e-02,2.036058e-01,1.817348e-02,8.933316e-03,4.549072e-02,3.873094e-01,1.550031e-02,1.376186e-02,1.600602e-02,1.666917e-02,3.081781e-03,1.308399e-02
3.004355e-01,2.245423e-02,1.278524e-02,2.636291e-02,1.598424e-01,1.916378e-02,9.097479e-03,4.174911e-02,3.088986e-01,1.552903e-02,2.174802e-02,2.459587e-02,1.585778e-02,4.407815e-03,1.707221e-02
3.897812e-01,2.275103e-02,1.281550e-02,2.214290e-02,1.278045e-01,2.355282e-02,7.588209e-03,4.908649e-02,2.289925e-01,1.339559e-02,2.757943e-02,2.595531e-02,1.415788e-02,1.253065e-02,2.186594e-02
4.203732e-01,2.967381e-02,1.627403e-02,2.734271e-02,1.067178e-01,2.283316e-02,8.007446e-03,5.467270e-02,1.761808e-01,1.564145e-02,3.180150e-02,2.801373e-02,1.655831e-02,1.790355e-02,2.800581e-02
4.593003e-01,2.928329e-02,1.743484e-02,2.828582e-02,8.698412e-02,2.610068e-02,1.063795e-02,5.019869e-02,1.365509e-01,1.678406e-02,3.716667e-02,3.260060e-02,2.368548e-02,1.757927e-02,2.740735e-02
4.360260e-01,3.763822e-02,1.474266e-02,2.975294e-02,7.210605e-02,2.516689e-02,1.039200e-02,3.768598e-02,1.229966e-01,2.445253e-02,6.595881e-02,3.784917e-02,2.989752e-02,2.564998e-02,2.968463e-02
4.340896e-01,3.769897e-02,1.161261e-02,2.627547e-02,5.603613e-02,2.149556e-02,8.878593e-03,2.827779e-02,1.503935e-01,2.540496e-02,5.828428e-02,4.369910e-02,4.436205e-02,2.532659e-02,2.816479e-02
3.658727e-01,3.576253e-02,9.776126e-03,2.853522e-02,5.817241e-02,1.959173e-02,7.489990e-03,2.219486e-02,1.813933e-01,3.632487e-02,8.659114e-02,5.440099e-02,3.772606e-02,3.084709e-02,2.532097e-02
3.040367e-01,3.338191e-02,7.821562e-03,2.578089e-02,4.888723e-02,1.643159e-02,5.871531e-03,1.668066e-02,2.495225e-01,3.136116e-02,1.207220e-01,5.709450e-02,3.109024e-02,3.009816e-02,2.121940e-02
2.271160e-01,2.955353e-02,5.900068e-03,2.079775e-02,4.073341e-02,1.654112e-02,4.510797e-03,1.237620e-02,3.577249e-01,3.271602e-02,1.417212e-01,4.567947e-02,2.413704e-02,2.411236e-02,1.638007e-02
1.726626e-01,2.745433e-02,5.013323e-03,1.768937e-02,4.140572e-02,1.308234e-02,3.917506e-03,9.803109e-03,4.242041e-01,3.433700e-02,1.637225e-01,3.533285e-02,1.882308e-02,1.884190e-02,1.371030e-02
1.610311e-01,3.253183e-02,7.365886e-03,4.403845e-02,4.026388e-02,1.612964e-02,3.791379e-03,1.756147e-02,4.159864e-01,3.565684e-02,1.463349e-01,3.058675e-02,1.615327e-02,1.486386e-02,1.770429e-02
1.202778e-01,4.103469e-02,7.599669e-03,3.855633e-02,4.177088e-02,1.386438e-02,3.166562e-03,1.470478e-02,4.952348e-01,3.283524e-02,1.253287e-01,2.380952e-02,1.331150e-02,1.423638e-02,1.426875e-02
9.581685e-02,3.897681e-02,1.120274e-02,3.074265e-02,7.185304e-02,1.632255e-02,4.549596e-03,4.662064e-02,4.990811e-01,2.856779e-02,1.008008e-01,1.785682e-02,1.193237e-02,1.474270e-02,1.093352e-02
9.283666e-02,4.336946e-02,1.359219e-02,2.681055e-02,8.219919e-02,1.655075e-02,1.767501e-02,1.037978e-01,4.360336e-01,2.507927e-02,7.967634e-02,1.745931e-02,1.894780e-02,1.503708e-02,1.093495e-02
7.549242e-02,3.416338e-02,1.934113e-02,1.997196e-02,7.151330e-02,1.323113e-02,6.898621e-02,2.149176e-01,3.204874e-01,2.130751e-02,6.172035e-02,1.368164e-02,4.426660e-02,1.150649e-02,9.412822e-03
5.983246e-02,2.721692e-02,1.594097e-02,1.456070e-02,5.438939e-02,1.086468e-02,1.341490e-01,3.163505e-01,2.383374e-01,1.590974e-02,4.525230e-02,1.005344e-02,4.085645e-02,8.253099e-03,8.032924e-03
4.439156e-02,2.221027e-02,1.224244e-02,1.030517e-02,4.115744e-02,1.739157e-02,2.205514e-01,3.399562e-01,1.959189e-01,1.221543e-02,3.263983e-02,7.540840e-03,3.137014e-02,5.909031e-03,6.199726e-03
3.305948e-02,1.878953e-02,9.917409e-03,7.388683e-03,3.658934e-02,2.298618e-02,2.901551e-01,3.437332e-01,1.649270e-01,9.236705e-03,2.386492e-02,5.693227e-03,2.447919e-02,4.372773e-03,4.807352e-03
2.538643e-02,1.713392e-02,8.482770e-03,5.481648e-03,3.152329e-02,1.965016e-02,2.498422e-01,4.432276e-01,1.329986e-01,1.174650e-02,1.822590e-02,6.407550e-03,2.249069e-02,3.174335e-03,4.228515e-03
1.973539e-02,1.306149e-02,6.835315e-03,3.928945e-03,2.634035e-02,1.406822e-02,1.926939e-01,5.752194e-01,9.576318e-02,1.122535e-02,1.287552e-02,5.182046e-03,1.731397e-02,2.262850e-03,3.494106e-03
1.578807e-02,9.974408e-03,5.774393e-03,2.845675e-03,2.798298e-02,1.028377e-02,1.521214e-01,6.602570e-01,7.090412e-02,1.268740e-02,9.333533e-03,4.064437e-03,1.357109e-02,1.672595e-03,2.739170e-03
2.081067e-02,9.349273e-03,1.080941e-02,2.272850e-03,2.842864e-02,8.198094e-03,1.216663e-01,6.936973e-01,6.107549e-02,1.854280e-02,6.817764e-03,3.311977e-03,1.095616e-02,1.411315e-03,2.651901e-03
3.066188e-02,1.004350e-02,1.755527e-02,2.137033e-03,3.498023e-02,6.479677e-03,1.211365e-01,6.739330e-01,6.088085e-02,2.012524e-02,4.985930e-03,2.854072e-03,1.004065e-02,1.144395e-03,3.041716e-03
6.087061e-02,1.479841e-02,2.460450e-02,2.717466e-03,4.618094e-02,6.301595e-03,1.184779e-01,6.038862e-01,6.513757e-02,3.112105e-02,5.169136e-03,4.523856e-03,9.085328e-03,1.022463e-03,6.102883e-03
9.541114e-02,2.729755e-02,3.305912e-02,3.688149e-03,6.277633e-02,7.580641e-03,1.082636e-01,5.086241e-01,8.350846e-02,3.700623e-02,4.883796e-03,6.093242e-03,9.298581e-03,9.021161e-04,1.160691e-02
1.431830e-01,3.512119e-02,4.292428e-02,6.212776e-03,6.156992e-02,1.126801e-02,8.593167e-02,4.001423e-01,8.575772e-02,5.841091e-02,1.072530e-02,1.360438e-02,1.494945e-02,1.341158e-03,2.885785e-02
1.023951e-01,2.662730e-02,4.044903e-02,1.609531e-02,5.189469e-02,1.461651e-02,6.168677e-02,2.824056e-01,7.137757e-02,1.224586e-01,4.201587e-02,3.598934e-02,1.032803e-01,1.777983e-03,2.693010e-02
7.270414e-02,2.214359e-02,4.178265e-02,5.283709e-02,4.978645e-02,1.199068e-02,4.390969e-02,1.982642e-01,9.517972e-02,1.339397e-01,6.104754e-02,7.352402e-02,1.149163e-01,2.085482e-03,2.588878e-02
5.273735e-02,1.743021e-02,3.312070e-02,5.416064e-02,6.249212e-02,1.484684e-02,3.355233e-02,1.393670e-01,1.359127e-01,1.190629e-01,1.235472e-01,7.280293e-02,1.016832e-01,1.647723e-02,2.280665e-02
3.821910e-02,1.268857e-02,2.647030e-02,4.608912e-02,4.521528e-02,1.245208e-02,2.362982e-02,9.776416e-02,1.050775e-01,1.581451e-01,1.751647e-01,9.107265e-02,1.312675e-01,1.402221e-02,2.272195e-02
