1.000000e+00,0.000000e+00,0.000000e+00,0.000000e+00,0.000000e+00,0.000000e+00,0.000000e+00,0.000000e+00,0.000000e+00,0.000000e+00,0.000000e+00,0.000000e+00,0.000000e+00,0.000000e+00,0.000000e+00
1.000000e+00,0.000000e+00,0.000000e+00,0.000000e+00,0.000000e+00,0.000000e+00,0.000000e+00,0.000000e+00,0.000000e+00,0.000000e+00,0.000000e+00,0.000000e+00,0.000000e+00,0.000000e+00,0.000000e+00
1.000000e+00,0.000000e+00,0.000000e+00,0.000000e+00,0.000000e+00,0.000000e+00,0.000000e+00,0.000000e+00,0.000000e+00,0.000000e+00,0.000000e+00,0.000000e+00,0.000000e+00,0.000000e+00,0.000000e+00
1.000000e+00,0.000000e+00,0.000000e+00,0.000000e+00,0.000000e+00,0.000000e+00,0.000000e+00,0.000000e+00,0.000000e+00,0.000000e+00,0.000000e+00,0.000000e+00,0.000000e+00,0.000000e+00,0.000000e+00
1.000000e+00,0.000000e+00,0.000000e+00,0.000000e+00,0.000000e+00,0.000000e+00,0.000000e+00,0.000000e+00,0.000000e+00,0.000000e+00,0.000000e+00,0.000000e+00,0.000000e+00,0.000000e+00,0.000000e+00
1.000000e+00,0.000000e+00,0.000000e+00,0.000000e+00,0.000000e+00,0.000000e+00,0.000000e+00,0.000000e+00,0.000000e+00,0.000000e+00,0.000000e+00,0.000000e+00,0.000000e+00,0.000000e+00,0.000000e+00
1.000000e+00,0.000000e+00,0.000000e+00,0.000000e+00,0.000000e+00,0.000000e+00,0.000000e+00,0.000000e+00,0.000000e+00,0.000000e+00,0.000000e+00,0.000000e+00,0.000000e+00,0.000000e+00,0.000000e+00
1.000000e+00,0.000000e+00,0.000000e+00,0.000000e+00,0.000000e+00,0.000000e+00,0.000000e+00,0.000000e+00,0.000000e+00,0.000000e+00,0.000000e+00,0.000000e+00,0.000000e+00,0.000000e+00,0.000000e+00
1.000000e+00,0.000000e+00,0.000000e+00,0.000000e+00,0.000000e+00,0.000000e+00,0.000000e+00,0.000000e+00,0.000000e+00,0.000000e+00,0.000000e+00,0.000000e+00,0.000000e+00,0.000000e+00,0.000000e+00
1.000000e+00,0.000000e+00,0.000000e+00,0.000000e+00,0.000000e+00,0.000000e+00,0.000000e+00,0.000000e+00,0.000000e+00,0.000000e+00,0.000000e+00,0.000000e+00,0.000000e+00,0.000000e+00,0.000000e+00
1.000000e+00,0.000000e+00,0.000000e+00,0.000000e+00,0.000000e+00,0.000000e+00,0.000000e+00,0.000000e+00,0.000000e+00,0.000000e+00,0.000000e+00,0.000000e+00,0.000000e+00,0.000000e+00,0.000000e+00
1.000000e+00,0.000000e+00,0.000000e+00,0.000000e+00,0.000000e+00,0.000000e+00,0.000000e+00,0.000000e+00,0.000000e+00,0.000000e+00,0.000000e+00,0.000000e+00,0.000000e+00,0.000000e+00,0.000000e+00
1.000000e+00,0.000000e+00,0.000000e+00,0.000000e+00,0.000000e+00,0.000000e+00,0.000000e+00,0.000000e+00,0.000000e+00,0.000000e+00,0.000000e+00,0.000000e+00,0.000000e+00,0.000000e+00,0.000000e+00
1.000000e+00,0.000000e+00,0.000000e+00,0.000000e+00,0.000000e+00,0.000000e+00,0.000000e+00,0.000000e+00,0.000000e+00,0.000000e+00,0.000000e+00,0.000000e+00,0.000000e+00,0.000000e+00,0.000000e+00
1.000000e+00,0.000000e+00,0.000000e+00,0.000000e+00,0.000000e+00,0.000000e+00,0.000000e+00,0.000000e+00,0.000000e+00,0.000000e+00,0.000000e+00,0.000000e+00,0.000000e+00,0.000000e+00,0.000000e+00
1.000000e+00,0.000000e+00,0.000000e+00,0.000000e+00,0.000000e+00,0.000000e+00,0.000000e+00,0.000000e+00,0.000000e+00,0.000000e+00,0.000000e+00,0.000000e+00,0.000000e+00,0.000000e+00,0.000000e+00
1.000000e+00,0.000000e+00,0.000000e+00,0.000000e+00,0.000000e+00,0.000000e+00,0.000000e+00,0.000000e+00,0.000000e+00,0.000000e+00,0.000000e+00,0.000000e+00,0.000000e+00,0.000000e+00,0.000000e+00
1.000000e+00,0.000000e+00,0.000000e+00,0.000000e+00,0.000000e+00,0.000000e+00,0.000000e+00,0.000000e+00,0.000000e+00,0.000000e+00,0.000000e+00,0.000000e+00,0.000000e+00,0.000000e+00,0.000000e+00
1.000000e+00,0.000000e+00,0.000000e+00,0.000000e+00,0.000000e+00,0.000000e+00,0.000000e+00,0.000000e+00,0.000000e+00,0.000000e+00,0.000000e+00,0.000000e+00,0.000000e+00,0.000000e+00,0.000000e+00
1.000000e+00,0.000000e+00,0.000000e+00,0.000000e+00,0.000000e+00,0.000000e+00,0.000000e+00,0.000000e+00,0.000000e+00,0.000000e+00,0.000000e+00,0.000000e+00,0.000000e+00,0.000000e+00,0.000000e+00
1.000000e+00,0.000000e+00,0.000000e+00,0.000000e+00,0.000000e+00,0.000000e+00,0.000000e+00,0.000000e+00,0.000000e+00,0.000000e+00,0.000000e+00,0.000000e+00,0.000000e+00,0.000000e+00,0.000000e+00
1.000000e+00,0.000000e+00,0.000000e+00,0.000000e+00,0.000000e+00,0.000000e+00,0.000000e+00,0.000000e+00,0.000000e+00,0.000000e+00,0.000000e+00,0.000000e+00,0.000000e+00,0.000000e+00,0.000000e+00
1.000000e+00,0.000000e+00,0.000000e+00,0.000000e+00,0.000000e+00,0.000000e+00,0.000000e+00,0.000000e+00,0.000000e+00,0.000000e+00,0.000000e+00,0.000000e+00,0.000000e+00,0.000000e+00,0.000000e+00
1.000000e+00,0.000000e+00,0.000000e+00,0.000000e+00,0.000000e+00,0.000000e+00,0.000000e+00,0.000000e+00,0.000000e+00,0.000000e+00,0.000000e+00,0.000000e+00,0.000000e+00,0.000000e+00,0.000000e+00
1.000000e+00,0.000000e+00,0.000000e+00,0.000000e+00,0.000000e+00,0.000000e+00,0.000000e+00,0.000000e+00,0.000000e+00,0.000000e+00,0.000000e+00,0.000000e+00,0.000000e+00,0.000000e+00,0.000000e+00
1.000000e+00,0.000000e+00,0.000000e+00,0.000000e+00,0.000000e+00,0.000000e+00,0.000000e+00,0.000000e+00,0.000000e+00,0.000000e+00,0.000000e+00,0.000000e+00,0.000000e+00,0.000000e+00,0.000000e+00
1.000000e+00,0.000000e+00,0.000000e+00,0.000000e+00,0.000000e+00,0.000000e+00,0.000000e+00,0.000000e+00,0.000000e+00,0.000000e+00,0.000000e+00,0.000000e+00,0.000000e+00,0.000000e+00,0.000000e+00
1.000000e+00,0.000000e+00,0.000000e+00,0.000000e+00,0.000000e+00,0.000000e+00,0.000000e+00,0.000000e+00,0.000000e+00,0.000000e+00,0.000000e+00,0.000000e+00,0.000000e+00,0.000000e+00,0.000000e+00
1.000000e+00,0.000000e+00,0.000000e+00,0.000000e+00,0.000000e+00,0.000000e+00,0.000000e+00,0.000000e+00,0.000000e+00,0.000000e+00,0.000000e+00,0.000000e+00,0.000000e+00,0.000000e+00,0.000000e+00
1.000000e+00,0.000000e+00,0.000000e+00,0.000000e+00,0.000000e+00,0.000000e+00,0.000000e+00,0.000000e+00,0.000000e+00,0.000000e+00,0.000000e+00,0.000000e+00,0.000000e+00,0.000000e+00,0.000000e+00
1.000000e+00,0.000000e+00,0.000000e+00,0.000000e+00,0.000000e+00,0.000000e+00,0.000000e+00,0.000000e+00,0.000000e+00,0.000000e+00,0.000000e+00,0.000000e+00,0.000000e+00,0.000000e+00,0.000000e+00
1.000000e+00,0.000000e+00,0.000000e+00,0.000000e+00,0.000000e+00,0.000000e+00,0.000000e+00,0.000000e+00,0.000000e+00,0.000000e+00,0.000000e+00,0.000000e+00,0.000000e+00,0.000000e+00,0.000000e+00
1.000000e+00,0.000000e+00,0.000000e+00,0.000000e+00,0.000000e+00,0.000000e+00,0.000000e+00,0.000000e+00,0.000000e+00,0.000000e+00,0.000000e+00,0.000000e+00,0.000000e+00,0.000000e+00,0.000000e+00
1.000000e+00,0.000000e+00,0.000000e+00,0.000000e+00,0.000000e+00,0.000000e+00,0.000000e+00,0.000000e+00,0.000000e+00,0.000000e+00,0.000000e+00,0.000000e+00,0.000000e+00,0.000000e+00,0.000000e+00
1.000000e+00,0.000000e+00,0.000000e+00,0.000000e+00,0.000000e+00,0.000000e+00,0.000000e+00,0.000000e+00,0.000000e+00,0.000000e+00,0.000000e+00,0.000000e+00,0.000000e+00,0.000000e+00,0.000000e+00
1.000000e+00,0.000000e+00,0.000000e+00,0.000000e+00,0.000000e+00,0.000000e+00,0.000000e+00,0.000000e+00,0.000000e+00,0.000000e+00,0.000000e+00,0.000000e+00,0.000000e+00,0.000000e+00,0.000000e+00
1.000000e+00,0.000000e+00,0.000000e+00,0.000000e+00,0.000000e+00,0.000000e+00,0.000000e+00,0.000000e+00,0.000000e+00,0.000000e+00,0.000000e+00,0.000000e+00,0.000000e+00,0.000000e+00,0.000000e+00
1.000000e+00,0.000000e+00,0.000000e+00,0.000000e+00,0.000000e+00,0.000000e+00,0.000000e+00,0.000000e+00,0.000000e+00,0.000000e+00,0.000000e+00,0.000000e+00,0.000000e+00,0.000000e+00,0.000000e+00
1.000000e+00,0.000000e+00,0.000000e+00,0.000000e+00,0.000000e+00,0.000000e+00,0.000000e+00,0.000000e+00,0.000000e+00,0.000000e+00,0.000000e+00,0.000000e+00,0.000000e+00,0.000000e+00,0.000000e+00
1.000000e+00,0.000000e+00,0.000000e+00,0.000000e+00,0.000000e+00,0.000000e+00,0.000000e+00,0.000000e+00,0.000000e+00,0.000000e+00,0.000000e+00,0.000000e+00,0.000000e+00,0.000000e+00,0.000000e+00
1.000000e+00,0.000000e+00,0.000000e+00,0.000000e+00,0.000000e+00,0.000000e+00,0.000000e+00,0.000000e+00,0.000000e+00,0.000000e+00,0.000000e+00,0.000000e+00,0.000000e+00,0.000000e+00,0.000000e+00
1.000000e+00,0.000000e+00,0.000000e+00,0.000000e+00,0.000000e+00,0.000000e+00,0.000000e+00,0.000000e+00,0.000000e+00,0.000000e+00,0.000000e+00,0.000000e+00,0.000000e+00,0.000000e+00,0.000000e+00
1.000000e+00,0.000000e+00,0.000000e+00,0.000000e+00,0.000000e+00,0.000000e+00,0.000000e+00,0.000000e+00,0.000000e+00,0.000000e+00,0.000000e+00,0.000000e+00,0.000000e+00,0.000000e+00,0.000000e+00
1.000000e+00,0.000000e+00,0.000000e+00,0.000000e+00,0.000000e+00,0.000000e+00,0.000000e+00,0.000000e+00,0.000000e+00,0.000000e+00,0.000000e+00,0.000000e+00,0.000000e+00,0.000000e+00,0.000000e+00
1.000000e+00,0.000000e+00,0.000000e+00,0.000000e+00,0.000000e+00,0.000000e+00,0.000000e+00,0.000000e+00,0.000000e+00,0.000000e+00,0.000000e+00,0.000000e+00,0.000000e+00,0.000000e+00,0.000000e+00
1.000000e+00,0.000000e+00,0.000000e+00,0.000000e+00,0.000000e+00,0.000000e+00,0.000000e+00,0.000000e+00,0.000000e+00,0.000000e+00,0.000000e+00,0.000000e+00,0.000000e+00,0.000000e+00,0.000000e+00
1.000000e+00,0.000000e+00,0.000000e+00,0.000000e+00,0.000000e+00,0.000000e+00,0.000000e+00,0.000000e+00,0.000000e+00,0.000000e+00,0.000000e+00,0.000000e+00,0.000000e+00,0.000000e+00,0.000000e+00
1.000000e+00,0.000000e+00,0.000000e+00,0.000000e+00,0.000000e+00,0.000000e+00,0.000000e+00,0.000000e+00,0.000000e+00,0.000000e+00,0.000000e+00,0.000000e+00,0.000000e+00,0.000000e+00,0.000000e+00
1.000000e+00,0.000000e+00,0.000000e+00,0.000000e+00,0.000000e+00,0.000000e+00,0.000000e+00,0.000000e+00,0.000000e+00,0.000000e+00,0.000000e+00,0.000000e+00,0.000000e+00,0.000000e+00,0.000000e+00
1.000000e+00,0.000000e+00,0.000000e+00,0.000000e+00,0.000000e+00,0.000000e+00,0.000000e+00,0.000000e+00,0.000000e+00,0.000000e+00,0.000000e+00,0.000000e+00,0.000000e+00,0.000000e+00,0.000000e+00
1.000000e+00,0.000000e+00,0.000000e+00,0.000000e+00,0.000000e+00,0.000000e+00,0.000000e+00,0.000000e+00,0.000000e+00,0.000000e+00,0.000000e+00,0.000000e+00,0.000000e+00,0.000000e+00,0.000000e+00
4.650677e-01,2.596519e-02,2.157564e-02,3.795629e-01,4.029095e-03,8.885764e-03,2.490055e-03,6.156281e-03,1.211453e-02,4.515250e-03,1.680177e-02,1.302789e-02,1.028632e-02,1.934315e-03,2.758719e-02
1.000000e+00,0.000000e+00,0.000000e+00,0.000000e+00,0.000000e+00,0.000000e+00,0.000000e+00,0.000000e+00,0.000000e+00,0.000000e+00,0.000000e+00,0.000000e+00,0.000000e+00,0.000000e+00,0.000000e+00
3.711922e-01,2.061005e-02,1.471702e-02,4.325393e-01,5.865356e-03,5.703335e-03,1.675724e-03,4.380590e-03,1.969952e-02,7.315833e-03,7.299027e-02,8.781106e-03,1.084581e-02,3.263524e-03,2.042035e-02
2.603610e-01,1.987857e-02,1.910432e-02,5.483904e-01,4.840686e-03,4.199030e-03,1.226419e-03,3.156730e-03,2.483314e-02,7.359909e-03,6.736171e-02,8.117268e-03,1.002274e-02,2.427624e-03,1.872050e-02
1.828214e-01,1.468169e-02,1.355795e-02,4.512718e-01,7.408231e-03,3.279807e-03,1.032934e-03,2.370535e-03,2.106180e-01,6.550539e-03,7.062601e-02,6.740677e-03,7.988320e-03,5.839746e-03,1.521243e-02
1.307949e-01,1.176100e-02,1.028982e-02,4.427303e-01,1.171122e-02,2.864124e-03,9.523169e-04,1.827908e-03,2.534645e-01,1.103374e-02,8.429436e-02,7.215271e-03,6.073660e-03,1.000641e-02,1.498047e-02
9.384702e-02,1.025435e-02,8.121607e-03,3.797687e-01,1.635695e-02,2.833882e-03,9.416242e-04,1.768224e-03,2.094700e-01,1.102736e-02,2.078437e-01,1.286664e-02,5.141750e-03,2.795295e-02,1.180527e-02
6.632164e-02,7.684162e-03,5.904913e-03,2.887888e-01,1.483340e-02,2.322345e-03,7.226240e-04,1.480288e-03,1.600121e-01,8.623988e-03,3.843957e-01,1.371371e-02,3.798418e-03,3.275762e-02,8.640248e-03
4.686426e-02,5.523395e-03,4.233469e-03,2.077084e-01,1.839563e-02,2.061314e-03,5.484745e-04,1.094213e-03,1.146242e-01,6.210703e-03,5.287130e-01,2.155368e-02,2.794816e-03,3.344773e-02,6.226759e-03
3.372144e-02,4.049429e-03,2.988222e-03,1.461896e-01,2.110083e-02,1.869381e-03,3.976826e-04,7.930480e-04,8.070706e-02,4.501748e-03,6.353605e-01,2.065701e-02,2.022814e-03,4.118776e-02,4.453529e-03
2.512091e-02,3.652478e-03,2.216928e-03,1.042837e-01,3.533673e-02,2.631010e-03,3.120280e-04,6.099454e-04,5.686472e-02,3.508392e-03,6.857892e-01,2.487022e-02,1.644526e-03,4.954907e-02,3.610163e-03
1.896003e-02,2.980879e-03,1.643314e-03,7.352603e-02,5.986129e-02,2.228369e-03,2.604923e-04,4.856258e-04,4.013104e-02,2.737696e-03,7.242957e-01,2.544835e-02,1.284253e-03,4.323291e-02,2.923973e-03
1.350907e-02,2.176511e-03,1.178739e-03,5.165508e-02,4.760076e-02,2.133528e-03,2.064816e-04,3.549816e-04,2.821797e-02,2.207514e-03,7.914737e-01,2.204732e-02,1.051550e-03,3.401784e-02,2.168922e-03
1.328031e-02,2.108816e-03,1.228920e-03,3.639079e-02,4.328291e-02,4.900175e-03,3.746509e-04,5.787340e-04,2.024738e-02,3.244823e-03,8.006432e-01,3.719385e-02,1.232411e-03,3.318145e-02,2.111534e-03
9.621040e-03,1.547640e-03,8.958929e-04,2.550540e-02,3.090646e-02,3.866415e-03,2.707825e-04,4.506726e-04,1.446818e-02,2.541569e-03,8.383794e-01,3.467190e-02,1.135710e-03,3.418894e-02,1.549954e-03
7.096212e-03,1.172574e-03,6.590127e-04,1.787912e-02,2.199289e-02,3.169891e-03,1.976044e-04,3.472732e-04,1.049271e-02,2.054461e-03,8.613991e-01,3.594785e-02,1.126514e-03,3.529231e-02,1.172490e-03
5.278780e-03,1.430128e-03,6.484727e-04,1.254608e-02,1.589522e-02,2.756031e-03,1.846397e-04,3.070428e-04,8.662292e-03,2.699062e-03,8.355969e-01,7.911413e-02,1.260283e-03,3.257180e-02,1.049141e-03
3.934980e-03,3.538036e-03,1.118328e-03,8.812843e-03,1.179134e-02,2.350143e-03,1.990224e-04,3.146963e-04,8.416958e-03,3.795180e-03,8.314508e-01,9.216047e-02,9.843463e-04,2.992429e-02,1.208487e-03
2.991029e-03,4.597573e-03,8.981363e-03,6.370941e-03,8.623876e-03,3.574319e-03,3.774854e-04,1.871732e-03,1.420059e-02,3.921658e-03,7.937959e-01,1.148769e-01,7.930414e-04,3.390404e-02,1.119564e-03
2.493749e-03,3.998123e-03,6.983486e-03,4.527311e-03,6.283340e-03,3.214964e-03,3.116358e-04,1.749642e-03,2.060214e-02,3.923948e-03,7.976364e-01,9.951532e-02,6.335305e-04,4.699131e-02,1.135057e-03
2.895299e-03,3.629887e-03,6.979171e-03,3.571103e-03,5.024092e-03,2.963041e-03,3.000931e-04,3.281127e-03,2.915774e-02,4.033933e-03,8.142858e-01,7.921425e-02,5.347647e-04,4.294205e-02,1.187612e-03
3.162827e-03,2.923562e-03,1.159393e-02,6.965846e-03,1.663885e-02,2.291025e-03,3.210542e-04,1.002058e-02,2.918127e-02,3.632686e-03,8.238504e-01,5.674722e-02,4.130785e-04,3.112464e-02,1.132997e-03
3.718001e-03,2.318577e-03,8.825622e-03,5.786415e-03,4.384269e-02,1.733521e-03,3.471076e-04,1.047663e-02,3.211026e-02,2.697917e-03,8.236116e-01,4.037245e-02,3.237417e-04,2.285954e-02,9.759122e-04
7.761399e-03,2.233651e-03,8.622900e-03,7.107057e-03,8.850890e-02,1.591472e-03,3.303749e-04,3.040469e-02,8.606885e-02,2.218212e-03,7.142676e-01,2.928409e-02,3.850714e-04,1.876974e-02,2.445989e-03
1.405948e-02,3.222577e-03,7.216470e-03,6.643918e-03,1.640936e-01,1.633288e-03,3.383558e-04,2.571369e-02,2.096572e-01,2.254529e-03,5.249137e-01,2.082665e-02,5.048439e-04,1.484028e-02,4.081403e-03
2.332835e-02,3.773815e-03,6.411501e-03,6.233227e-03,1.749972e-01,2.185680e-03,2.720501e-04,1.909501e-02,3.344634e-01,3.789320e-03,3.886580e-01,1.538065e-02,6.176796e-04,1.334881e-02,7.445219e-03
2.436513e-02,6.029637e-03,5.595181e-03,5.987196e-03,1.617775e-01,3.464280e-03,2.459877e-04,1.508238e-02,4.245024e-01,8.045681e-03,2.965587e-01,1.171087e-02,8.240921e-04,1.328288e-02,2.252813e-02
1.975163e-02,5.570034e-03,4.541054e-03,5.398193e-03,1.194267e-01,4.315753e-03,2.023766e-04,1.123157e-02,5.373014e-01,9.703360e-03,2.133269e-01,8.743637e-03,8.363692e-04,1.359275e-02,4.605838e-02
1.420267e-02,4.453930e-03,3.886722e-03,4.138960e-03,8.392550e-02,3.231979e-03,1.505043e-04,8.241786e-03,6.407160e-01,7.933362e-03,1.529049e-01,6.371754e-03,7.869034e-04,1.667568e-02,5.237943e-02
1.069411e-02,4.708223e-03,4.406897e-03,3.115401e-03,6.021146e-02,2.789739e-03,1.264603e-04,5.958947e-03,5.725738e-01,8.322411e-03,1.315821e-01,5.317357e-03,8.537596e-04,1.453871e-01,4.395240e-02
7.965782e-03,4.624583e-03,3.816497e-03,2.294674e-03,4.336361e-02,2.232842e-03,1.086037e-04,4.294077e-03,5.020329e-01,1.070832e-02,1.229721e-01,4.611863e-03,9.938759e-04,2.569340e-01,3.304628e-02
6.674935e-03,4.572876e-03,4.000479e-03,2.026117e-03,3.151364e-02,2.110593e-03,1.199853e-04,4.257851e-03,4.810057e-01,1.002266e-02,1.312756e-01,4.171149e-03,1.775105e-03,2.922268e-01,2.424651e-02
5.828556e-03,4.885927e-03,3.509167e-03,1.683000e-03,2.271872e-02,4.666544e-03,1.208905e-04,3.335341e-03,4.447061e-01,1.185828e-02,1.415452e-01,3.768692e-03,2.115220e-03,3.315129e-01,1.774544e-02
4.637573e-03,5.106274e-03,3.081997e-03,1.372333e-03,1.635423e-02,9.422495e-03,1.067932e-04,2.428754e-03,3.435457e-01,1.040147e-02,1.608393e-01,4.562451e-03,2.451544e-03,4.228309e-01,1.285816e-02
4.237787e-03,9.830954e-03,5.393330e-03,2.080910e-03,1.375489e-02,9.949705e-03,1.287628e-04,2.053436e-03,2.977680e-01,1.238238e-02,1.920207e-01,5.177892e-03,2.515098e-03,4.331934e-01,9.512672e-03
6.673499e-03,1.120826e-02,1.099947e-02,3.086811e-03,1.185367e-02,1.043852e-02,1.899085e-04,2.092890e-03,2.480475e-01,1.281237e-02,2.186124e-01,5.123869e-03,2.703710e-03,4.489914e-01,7.165818e-03
6.407098e-03,9.744216e-03,8.477201e-03,3.588206e-03,1.061024e-02,9.955132e-03,2.024585e-04,1.667016e-03,2.211396e-01,9.041436e-02,2.238400e-01,4.366037e-03,3.160652e-03,4.008145e-01,5.613289e-03
5.381099e-03,7.774104e-03,6.202816e-03,4.276553e-03,1.123036e-02,9.891938e-03,2.503138e-04,1.834562e-03,2.263445e-01,1.407728e-01,2.164812e-01,3.596199e-03,3.646718e-03,3.575332e-01,4.783607e-03
4.226392e-03,6.243781e-03,4.387591e-03,3.370464e-03,9.281902e-03,7.217085e-03,2.016361e-04,1.378479e-03,2.178495e-01,2.746064e-01,1.888461e-01,3.880791e-03,3.884189e-03,2.710583e-01,3.567450e-03
3.527894e-03,7.258082e-03,3.301939e-03,2.873115e-03,8.118977e-03,5.709031e-03,1.847057e-04,1.158377e-03,1.932987e-01,4.093767e-01,1.471413e-01,3.707230e-03,4.534820e-03,2.070978e-01,2.711278e-03
2.796127e-03,8.291438e-03,2.431575e-03,2.424590e-03,7.993485e-03,5.162563e-03,2.337822e-04,1.132905e-03,2.107264e-01,4.816009e-01,1.104833e-01,4.111583e-03,6.686931e-03,1.538390e-01,2.085291e-03
2.227437e-03,1.104700e-02,1.810088e-03,2.485783e-03,1.123641e-02,5.058268e-03,3.297379e-04,1.627067e-03,2.125409e-01,5.309112e-01,9.004796e-02,8.321630e-03,1.090677e-02,1.097071e-01,1.742560e-03
2.069270e-03,1.494847e-02,1.412247e-03,3.042198e-03,1.492682e-02,4.208629e-03,3.405075e-04,1.764968e-03,2.187023e-01,5.500001e-01,8.363494e-02,1.247344e-02,1.290415e-02,7.811759e-02,1.454438e-03
7.658032e-03,2.543151e-02,2.038011e-03,1.016487e-02,2.432143e-02,3.977847e-03,3.265402e-04,3.215456e-03,2.956597e-01,4.740390e-01,7.268981e-02,1.075346e-02,1.147750e-02,5.608252e-02,2.164438e-03
1.393003e-02,4.036457e-02,3.667638e-03,3.355844e-02,4.015197e-02,3.927493e-03,4.969462e-04,1.643934e-02,3.410374e-01,3.913982e-01,5.395204e-02,8.953823e-03,8.848336e-03,4.022022e-02,3.053510e-03
3.087893e-02,3.705166e-02,3.371190e-03,2.538570e-02,4.041546e-02,3.455527e-03,4.938288e-04,1.731618e-02,3.551704e-01,3.956382e-01,4.211577e-02,7.981958e-03,6.623387e-03,3.094276e-02,3.159046e-03
4.439319e-02,3.223520e-02,4.899199e-03,5.231999e-02,6.297178e-02,3.276322e-03,8.906549e-04,5.401407e-02,3.653189e-01,2.908777e-01,4.333856e-02,1.234647e-02,5.509551e-03,2.374297e-02,3.865456e-03
6.239752e-02,2.932982e-02,5.025239e-03,4.769742e-02,7.543254e-02,2.751974e-03,1.145153e-03,6.252670e-02,4.027392e-01,2.155618e-01,4.861442e-02,1.687210e-02,5.018859e-03,2.110749e-02,3.779716e-03
6.203038e-02,2.944894e-02,5.971883e-03,3.689144e-02,8.089860e-02,2.549434e-03,1.801756e-02,2.029571e-01,3.302839e-01,1.549875e-01,3.771251e-02,1.308298e-02,7.060123e-03,1.513845e-02,2.969229e-03
4.890772e-02,2.216351e-02,4.698421e-03,2.595328e-02,6.674179e-02,3.040707e-03,2.654301e-01,1.573086e-01,2.382688e-01,1.094129e-01,2.760827e-02,9.463162e-03,7.484511e-03,1.091954e-02,2.598611e-03
3.622048e-02,1.584320e-02,3.429309e-03,1.829026e-02,5.093601e-02,2.597221e-03,4.600737e-01,1.147298e-01,1.712710e-01,7.856447e-02,2.065611e-02,6.986479e-03,9.531092e-03,7.744853e-03,3.126035e-03
2.559951e-02,1.139635e-02,2.428658e-03,1.294169e-02,3.623788e-02,2.045627e-03,6.040418e-01,8.050208e-02,1.202667e-01,5.950595e-02,2.024539e-02,6.348351e-03,8.496370e-03,5.528527e-03,4.415127e-03
1.851268e-02,8.348812e-03,1.713793e-03,9.357607e-03,2.624062e-02,1.885414e-03,6.320727e-01,5.661418e-02,8.511434e-02,4.441746e-02,5.846516e-02,3.500573e-02,1.327471e-02,4.245050e-03,4.731671e-03
1.305176e-02,6.079826e-03,1.281907e-03,7.747978e-03,1.975252e-02,1.576648e-03,5.542130e-01,3.982897e-02,5.984701e-02,4.541514e-02,1.004890e-01,4.913187e-02,7.499743e-02,4.150068e-03,2.243687e-02
1.101178e-02,4.485509e-03,1.191846e-03,9.768498e-03,1.436585e-02,1.563126e-03,4.513375e-01,2.825604e-02,4.298536e-02,8.946028e-02,1.605597e-01,5.318696e-02,1.004285e-01,6.632451e-03,2.476649e-02
8.327589e-03,3.389973e-03,1.182909e-03,1.239632e-02,1.134184e-02,1.551524e-03,3.665182e-01,2.030803e-02,3.454392e-02,1.772728e-01,1.552809e-01,4.924061e-02,1.144250e-01,7.657778e-03,3.656262e-02
6.288944e-03,2.575486e-03,1.035657e-03,1.007197e-02,8.646979e-03,1.865835e-03,2.586517e-01,1.506289e-02,3.871018e-02,2.765949e-01,1.672191e-01,6.294537e-02,1.104921e-01,8.836184e-03,3.100274e-02
5.167836e-03,2.162702e-03,1.049118e-03,9.143278e-03,7.350746e-03,1.755511e-03,1.824025e-01,1.181255e-02,4.245152e-02,3.985302e-01,1.490229e-01,5.468879e-02,9.652474e-02,9.852344e-03,2.808522e-02
4.212356e-03,2.244083e-03,1.131170e-03,9.619156e-03,7.795433e-03,3.158325e-03,1.295203e-01,1.067257e-02,5.346949e-02,4.719183e-01,1.204688e-01,4.369112e-02,8.225831e-02,7.818213e-03,5.202225e-02
5.103947e-03,3.487506e-03,4.086747e-03,5.471000e-02,1.514869e-02,5.440370e-03,9.336808e-02,1.461800e-02,6.707022e-02,4.743252e-01,9.617200e-02,3.395382e-02,6.848806e-02,6.624847e-03,5.740255e-02
5.407201e-03,3.238197e-03,4.914382e-03,5.908471e-02,2.027414e-02,4.923312e-03,6.797233e-02,1.421657e-02,6.990980e-02,4.764960e-01,8.726844e-02,3.267209e-02,7.176360e-02,6.730827e-03,7.512836e-02
6.617119e-03,2.414394e-03,3.867354e-03,4.440260e-02,3.956798e-02,4.150826e-03,4.824037e-02,1.145651e-02,5.907857e-02,3.905936e-01,1.352753e-01,7.748714e-02,1.097434e-01,6.824953e-03,6.027986e-02
5.800012e-03,1.740471e-03,2.791526e-03,3.192500e-02,5.236031e-02,3.060254e-03,3.410354e-02,8.475511e-03,4.607807e-02,2.994687e-01,1.632933e-01,1.491095e-01,1.534548e-01,5.308128e-03,4.303085e-02
5.780439e-03,1.252509e-03,2.188222e-03,2.252261e-02,1.258582e-01,2.445012e-03,2.603513e-02,8.739617e-03,3.890804e-02,2.120950e-01,2.044691e-01,1.692618e-01,1.448523e-01,3.856099e-03,3.173602e-02
9.086531e-03,1.227460e-03,2.587141e-03,1.699028e-02,1.436358e-01,3.303409e-03,1.978176e-02,3.597558e-02,8.144446e-02,1.496010e-01,1.868037e-01,1.870826e-01,1.362382e-01,3.091260e-03,2.315094e-02
9.380586e-03,1.410098e-03,5.114404e-03,2.312546e-02,1.808577e-01,8.911927e-03,1.731488e-02,4.229321e-02,1.712502e-01,1.052855e-01,1.433123e-01,1.542972e-01,1.180377e-01,2.366492e-03,1.704241e-02
2.693415e-02,3.584560e-03,1.452433e-02,4.560554e-02,1.698508e-01,1.229708e-02,2.025545e-02,3.469079e-02,2.371866e-01,8.146320e-02,1.195993e-01,1.160557e-01,9.801484e-02,2.886051e-03,1.705163e-02
4.595162e-02,6.672286e-03,3.037204e-02,7.105704e-02,1.660181e-01,1.393237e-02,1.847611e-02,3.858491e-02,2.470212e-01,6.565938e-02,9.953223e-02,8.917166e-02,8.337788e-02,2.880531e-03,2.129270e-02
6.457056e-02,8.961207e-03,3.921768e-02,6.654083e-02,1.708407e-01,1.400093e-02,2.039720e-02,1.332256e-01,2.033516e-01,4.805411e-02,7.793875e-02,6.736798e-02,6.578876e-02,2.323829e-03,1.742025e-02
1.225272e-01,1.292248e-02,3.811386e-02,5.140784e-02,1.385368e-01,1.633316e-02,1.984277e-02,2.132613e-01,1.685717e-01,3.517571e-02,5.867255e-02,5.142345e-02,5.179585e-02,2.515214e-03,1.890004e-02
1.771966e-01,1.301814e-02,3.204813e-02,4.102621e-02,1.105328e-01,1.845048e-02,1.662522e-02,2.972023e-01,1.281794e-01,2.553373e-02,4.248771e-02,3.953370e-02,3.912746e-02,2.190216e-03,1.684805e-02
1.854001e-01,1.468077e-02,2.573716e-02,3.199871e-02,9.219399e-02,1.973962e-02,1.396690e-02,3.919128e-01,9.736281e-02,1.951476e-02,3.078281e-02,2.964864e-02,2.903294e-02,2.024431e-03,1.600358e-02
1.640616e-01,1.364808e-02,1.993075e-02,2.505929e-02,9.924549e-02,1.616271e-02,1.103358e-02,4.808427e-01,7.603908e-02,1.419079e-02,2.239338e-02,2.236591e-02,2.115319e-02,1.752205e-03,1.212121e-02
1.408688e-01,1.174150e-02,1.494944e-02,2.241790e-02,7.571489e-02,1.378858e-02,8.123151e-03,5.772908e-01,5.673611e-02,1.027847e-02,1.766605e-02,2.273000e-02,1.643327e-02,1.352225e-03,9.908785e-03
1.530125e-01,1.984720e-02,1.228117e-02,2.877904e-02,6.103811e-02,1.504465e-02,6.826328e-03,5.430511e-01,5.938950e-02,8.772536e-03,2.602494e-02,2.604001e-02,2.661169e-02,1.256410e-03,1.202486e-02
1.816598e-01,1.684963e-02,9.399102e-03,4.431660e-02,4.612804e-02,2.525408e-02,5.524380e-03,4.324550e-01,5.998252e-02,7.265754e-03,3.302497e-02,3.779795e-02,8.851579e-02,1.113229e-03,1.071321e-02
1.484441e-01,1.578798e-02,8.907769e-03,5.709857e-02,3.510870e-02,3.181846e-02,4.536275e-03,3.079447e-01,8.416983e-02,5.993823e-03,3.383070e-02,3.578105e-02,2.178178e-01,1.126821e-03,1.163349e-02
1.073542e-01,1.154032e-02,7.344873e-03,5.270819e-02,2.636878e-02,2.616995e-02,3.412611e-03,2.252861e-01,6.294372e-02,5.044825e-03,3.880214e-02,3.156216e-02,3.883928e-01,9.528232e-04,1.211646e-02
7.542664e-02,8.222310e-03,5.350659e-03,3.800341e-02,2.145261e-02,1.928959e-02,2.465722e-03,1.653577e-01,4.709730e-02,3.766893e-03,3.248929e-02,2.609718e-02,5.449839e-01,7.928277e-04,9.204034e-03
5.414432e-02,6.762195e-03,4.129016e-03,3.081095e-02,1.825976e-02,1.821104e-02,3.422747e-03,1.172993e-01,4.234300e-02,4.672164e-03,4.167969e-02,4.570213e-02,5.993692e-01,2.160273e-03,1.103416e-02
3.917454e-02,5.304733e-03,3.507078e-03,2.521998e-02,1.670146e-02,1.790632e-02,3.334225e-03,8.344970e-02,3.772258e-02,4.502562e-03,5.174126e-02,1.099009e-01,5.879939e-01,2.442872e-03,1.109784e-02
2.864272e-02,4.108589e-03,2.891966e-03,1.924403e-02,1.368553e-02,1.502610e-02,3.408163e-03,5.916050e-02,3.293351e-02,9.662681e-03,6.696299e-02,1.448737e-01,5.847977e-01,2.870392e-03,1.173139e-02
2.034157e-02,4.371291e-03,4.141455e-03,1.410407e-02,2.813130e-02,1.080663e-02,2.829727e-03,4.264188e-02,7.392948e-02,8.599993e-03,5.760898e-02,1.161495e-01,6.029518e-01,2.279378e-03,1.111291e-02
1.532321e-02,4.295215e-03,8.795321e-03,1.067405e-02,4.227785e-02,8.084287e-03,3.228536e-03,3.122266e-02,7.003002e-02,4.329471e-02,5.440415e-02,9.440889e-02,5.654129e-01,3.787817e-03,4.476037e-02
1.433278e-02,3.822484e-03,8.615139e-03,9.720253e-03,4.074825e-02,7.612078e-03,3.288098e-03,2.237808e-02,6.160678e-02,1.357171e-01,6.162049e-02,7.781284e-02,4.866931e-01,6.856648e-03,5.917593e-02
1.195974e-02,3.791539e-03,7.871104e-03,9.266608e-03,3.890722e-02,1.008066e-02,2.852776e-03,1.941324e-02,5.481938e-02,1.274999e-01,6.704988e-02,7.775673e-02,5.119416e-01,7.007102e-03,4.978259e-02
1.152576e-02,3.700611e-03,6.493322e-03,8.214796e-03,2.962848e-02,8.655568e-03,2.215558e-03,1.459679e-02,4.895495e-02,2.065417e-01,6.478078e-02,8.953623e-02,4.591351e-01,6.471642e-03,3.954866e-02
8.428252e-03,3.107276e-03,5.396511e-03,6.202409e-03,2.175498e-02,6.381549e-03,1.633683e-03,1.035377e-02,3.689509e-02,3.907068e-01,4.936815e-02,7.167765e-02,3.519142e-01,5.225915e-03,3.095372e-02
7.192809e-03,2.903591e-03,4.170113e-03,4.781267e-03,1.668445e-02,4.938766e-03,1.376453e-03,7.378144e-03,3.034384e-02,5.135460e-01,3.872281e-02,6.468043e-02,2.729744e-01,4.165648e-03,2.614125e-02
5.862054e-03,2.099912e-03,2.985124e-03,4.008924e-03,1.351220e-02,3.786331e-03,1.085518e-03,6.079545e-03,2.522461e-02,5.920857e-01,3.971392e-02,5.095892e-02,2.301013e-01,3.188230e-03,1.930782e-02
5.610168e-03,1.575483e-03,2.437583e-03,6.520178e-03,1.949045e-02,2.940263e-03,1.864127e-03,3.797456e-02,2.646542e-02,6.193604e-01,3.708908e-02,4.167565e-02,1.798362e-01,2.374757e-03,1.478569e-02
1.074190e-02,1.636431e-03,3.128306e-03,4.749108e-02,5.517081e-02,3.342304e-03,5.452498e-03,7.226077e-02,6.848498e-02,5.225935e-01,3.003875e-02,3.341990e-02,1.335706e-01,1.724706e-03,1.094352e-02
1.541846e-02,2.317219e-03,3.019381e-03,4.485773e-02,1.018054e-01,3.320050e-03,7.906791e-03,6.069203e-02,2.009913e-01,4.056759e-01,2.272785e-02,2.550653e-02,9.641013e-02,1.244370e-03,8.106760e-03
1.288503e-02,2.486386e-03,2.962451e-03,1.495335e-01,9.396733e-02,5.191827e-03,6.965308e-03,5.413326e-02,2.690219e-01,2.907526e-01,1.756003e-02,1.885745e-02,6.868823e-02,9.199293e-04,6.074689e-03
2.743495e-02,3.028501e-03,3.254031e-03,1.232004e-01,9.488147e-02,7.010174e-03,1.933066e-02,1.764548e-01,2.498017e-01,2.081991e-01,1.680078e-02,1.390727e-02,5.142621e-02,6.939765e-04,4.575959e-03
2.832212e-02,4.065229e-03,4.245185e-03,9.809108e-02,8.381445e-02,7.195854e-03,6.228335e-02,2.711871e-01,2.236283e-01,1.506246e-01,1.449110e-02,1.018920e-02,3.763467e-02,5.016516e-04,3.726171e-03
3.301358e-02,5.906517e-03,5.451975e-03,7.819512e-02,8.784932e-02,1.223216e-02,8.460788e-02,3.392922e-01,1.693144e-01,1.141167e-01,2.389519e-02,8.977119e-03,3.075179e-02,4.339847e-04,5.961960e-03
3.043728e-02,5.896796e-03,5.161994e-03,5.593121e-02,8.246145e-02,1.002977e-01,1.324151e-01,2.945129e-01,1.213031e-01,8.310135e-02,3.830511e-02,9.093168e-03,3.024644e-02,4.439102e-04,1.039250e-02
4.322827e-02,1.116901e-02,4.452853e-03,4.285025e-02,8.124196e-02,1.435642e-01,2.007230e-01,2.256199e-01,9.844561e-02,6.012073e-02,3.314504e-02,9.139091e-03,3.233211e-02,6.985479e-04,1.326936e-02
4.155859e-02,1.006499e-02,4.637701e-03,3.226990e-02,9.342690e-02,2.868078e-01,1.706362e-01,1.643973e-01,8.011357e-02,4.402947e-02,2.685471e-02,8.114979e-03,2.480574e-02,7.020455e-04,1.158018e-02
5.310538e-02,9.348121e-03,6.403554e-03,2.447364e-02,1.357753e-01,2.279693e-01,2.217888e-01,1.313304e-01,8.549098e-02,3.813694e-02,2.235827e-02,8.490019e-03,2.224769e-02,7.723998e-04,1.230928e-02
8.716440e-02,1.011861e-02,8.830276e-03,1.920009e-02,1.537288e-01,2.183461e-01,1.793539e-01,1.179294e-01,9.962694e-02,2.787022e-02,1.806207e-02,1.265688e-02,3.001859e-02,1.371330e-03,1.572249e-02
1.093954e-01,1.116639e-02,8.049851e-03,1.578007e-02,1.635774e-01,2.634695e-01,1.346307e-01,8.878493e-02,1.136689e-01,2.010797e-02,1.499628e-02,1.277658e-02,2.768451e-02,1.701886e-03,1.420965e-02
1.184990e-01,1.110261e-02,7.240104e-03,1.278944e-02,1.240918e-01,3.771527e-01,9.584050e-02,6.381149e-02,8.128762e-02,1.498799e-02,1.914218e-02,1.655713e-02,3.058680e-02,7.526814e-03,1.938384e-02
9.877852e-02,9.434614e-03,5.603449e-03,9.548306e-03,8.930783e-02,4.297166e-01,6.748965e-02,4.518386e-02,5.811859e-02,1.225483e-02,9.219075e-02,2.250511e-02,2.802233e-02,1.480395e-02,1.704172e-02
8.704024e-02,8.217455e-03,4.421703e-03,7.279066e-03,6.492522e-02,4.427336e-01,4.761332e-02,3.200143e-02,4.224877e-02,1.017210e-02,1.630237e-01,2.709983e-02,2.282866e-02,2.482113e-02,1.557382e-02
6.509916e-02,6.924914e-03,3.552423e-03,5.486901e-03,4.603232e-02,3.243575e-01,3.369797e-02,2.284893e-02,3.694189e-02,9.197455e-03,3.299714e-01,3.222981e-02,1.684590e-02,4.522153e-02,2.159196e-02
4.644741e-02,7.409186e-03,3.686761e-03,4.079355e-03,3.386508e-02,2.360543e-01,2.373065e-02,1.651304e-02,1.244551e-01,7.433374e-03,3.274916e-01,4.122523e-02,1.222949e-02,7.454658e-02,4.083293e-02
3.301827e-02,7.865469e-03,4.595490e-03,3.233127e-03,2.460064e-02,2.024037e-01,1.681405e-02,1.195759e-02,2.251581e-01,6.659125e-03,3.034690e-01,3.690173e-02,8.798332e-03,8.436488e-02,3.016045e-02
2.358299e-02,1.065082e-02,3.744192e-03,2.474431e-03,1.765806e-02,2.114626e-01,1.181110e-02,8.713307e-03,3.350259e-01,5.478093e-03,2.336085e-01,3.212466e-02,6.550035e-03,7.549185e-02,2.162348e-02
1.715748e-02,1.314008e-02,3.376510e-03,3.348737e-03,1.460200e-02,1.737612e-01,8.312746e-03,6.578109e-03,4.340488e-01,5.771251e-03,2.051578e-01,3.104582e-02,5.852530e-03,6.201146e-02,1.583542e-02
1.332381e-02,1.329090e-02,3.060351e-03,5.302447e-03,1.233601e-02,1.516368e-01,5.921073e-03,6.139253e-03,4.293549e-01,7.406243e-03,2.240183e-01,3.860729e-02,1.297736e-02,6.420782e-02,1.241743e-02
9.720516e-03,1.070281e-02,2.348659e-03,4.444481e-03,1.040801e-02,1.201238e-01,4.253007e-03,4.928354e-03,3.950343e-01,9.757248e-03,2.935658e-01,4.467072e-02,1.592901e-02,6.485383e-02,9.259475e-03
7.200688e-03,8.147811e-03,1.707545e-03,5.288023e-03,8.528518e-03,8.912279e-02,3.025397e-03,3.685561e-03,3.423619e-01,2.527380e-02,3.724681e-01,3.859845e-02,1.886056e-02,6.804506e-02,7.685766e-03
6.024050e-03,7.608150e-03,3.245977e-03,5.325025e-03,2.049879e-02,6.699336e-02,2.746029e-03,6.728711e-03,4.073102e-01,2.738008e-02,3.280904e-01,3.205095e-02,2.348717e-02,5.560456e-02,6.906453e-03
5.079111e-03,7.212341e-03,5.036346e-03,1.069320e-02,2.113577e-02,5.540315e-02,2.072146e-03,1.424263e-02,5.016116e-01,2.698509e-02,2.599519e-01,2.326858e-02,2.047947e-02,4.155729e-02,5.271357e-03
4.444643e-03,7.359860e-03,3.724649e-02,4.304543e-02,1.815516e-02,4.449926e-02,1.523371e-03,3.032066e-02,5.235058e-01,2.202054e-02,1.977919e-01,1.684007e-02,1.749493e-02,3.178297e-02,3.968813e-03
4.717180e-03,6.631366e-03,1.102047e-01,4.410655e-02,1.745536e-02,3.335305e-02,1.361103e-03,6.314883e-02,5.012636e-01,1.798652e-02,1.470930e-01,1.224206e-02,1.361524e-02,2.382006e-02,3.001358e-03
6.678321e-03,6.484082e-03,2.090770e-01,6.129853e-02,1.398335e-02,2.374180e-02,2.181001e-03,1.358210e-01,3.821837e-01,1.483213e-02,1.051007e-01,8.820550e-03,9.847951e-03,1.753164e-02,2.418284e-03
1.186285e-02,1.839173e-02,2.586950e-01,5.015255e-02,1.186190e-02,1.835858e-02,2.060117e-03,2.285307e-01,2.832056e-01,1.210396e-02,7.556856e-02,6.720381e-03,7.153943e-03,1.323361e-02,2.100448e-03
1.927490e-02,4.212515e-02,2.696315e-01,3.838390e-02,1.546638e-02,1.553123e-02,1.988360e-03,2.844241e-01,2.171014e-01,1.436995e-02,5.714924e-02,5.309550e-03,5.279866e-03,1.204450e-02,1.919859e-03
2.297098e-02,1.023536e-01,2.314208e-01,3.169454e-02,1.673927e-02,1.388942e-02,2.290418e-03,2.792745e-01,2.133761e-01,2.388462e-02,4.166068e-02,4.356794e-03,4.144155e-03,9.548081e-03,2.395892e-03
2.815598e-02,1.305064e-01,1.952424e-01,2.472316e-02,2.102358e-02,1.529163e-02,3.129749e-03,2.693768e-01,2.222722e-01,4.134934e-02,3.002646e-02,3.740030e-03,3.632413e-03,8.617026e-03,2.912666e-03
3.464611e-02,1.238405e-01,2.268309e-01,1.875693e-02,2.413487e-02,1.356527e-02,3.225470e-03,2.753744e-01,1.855635e-01,5.370288e-02,2.187737e-02,3.229463e-03,3.865375e-03,8.219259e-03,3.167695e-03
5.791445e-02,1.184971e-01,2.128032e-01,1.391019e-02,2.093202e-02,1.073277e-02,8.576117e-03,2.897825e-01,1.706409e-01,5.944389e-02,1.612123e-02,2.768374e-03,3.422647e-03,9.473532e-03,4.981168e-03
7.963801e-02,1.247916e-01,1.755767e-01,1.019219e-02,1.941633e-02,9.843873e-03,1.582539e-02,2.711514e-01,2.092112e-01,5.280948e-02,1.179262e-02,2.564498e-03,2.970042e-03,7.732864e-03,6.483862e-03
1.252261e-01,1.282925e-01,1.472318e-01,9.338425e-03,1.849034e-02,9.616218e-03,1.510997e-02,2.097717e-01,2.261033e-01,7.551070e-02,9.638084e-03,6.560274e-03,3.119017e-03,5.964718e-03,1.002695e-02
1.440507e-01,1.214253e-01,1.331249e-01,1.227576e-02,1.727749e-02,1.112520e-02,1.579182e-02,1.535569e-01,1.893438e-01,1.415792e-01,1.248260e-02,1.177642e-02,5.855487e-03,5.256742e-03,2.507774e-02
1.138629e-01,9.449016e-02,9.963436e-02,2.811291e-02,1.883114e-02,1.121988e-02,1.189270e-02,1.113572e-01,1.686419e-01,1.600827e-01,3.838259e-02,7.805728e-02,2.101057e-02,4.596250e-03,3.982753e-02
8.073342e-02,6.729093e-02,7.489821e-02,4.758100e-02,2.139139e-02,1.247169e-02,8.777571e-03,7.829037e-02,1.527816e-01,1.255713e-01,6.581572e-02,1.772458e-01,5.029340e-02,4.097398e-03,3.276026e-02
5.725262e-02,4.729340e-02,5.374126e-02,4.643662e-02,1.652330e-02,1.125081e-02,6.320020e-03,5.506621e-02,1.113945e-01,9.794026e-02,1.043869e-01,2.351499e-01,1.266211e-01,4.778137e-03,2.584497e-02
4.232431e-02,3.340982e-02,3.870349e-02,4.537352e-02,1.336383e-02,8.786859e-03,4.893289e-03,3.900853e-02,8.667091e-02,9.284017e-02,1.092837e-01,1.922231e-01,2.629231e-01,6.473680e-03,2.372167e-02
2.991360e-02,2.352031e-02,2.751748e-02,3.654846e-02,1.341918e-02,6.369892e-03,3.919258e-03,2.766580e-02,8.042654e-02,8.864854e-02,1.526233e-01,1.747162e-01,3.023165e-01,9.624715e-03,2.277026e-02
2.139392e-02,1.663405e-02,2.186505e-02,3.069584e-02,1.415377e-02,4.681125e-03,2.914094e-03,2.079565e-02,6.576404e-02,1.000874e-01,1.576541e-01,1.426394e-01,3.674401e-01,9.899611e-03,2.338179e-02
1.683620e-02,1.656070e-02,2.213312e-02,2.384037e-02,2.121735e-02,3.983284e-03,2.352412e-03,1.821993e-02,1.706217e-01,1.063213e-01,1.279254e-01,1.208980e-01,3.160163e-01,9.851493e-03,2.322237e-02
1.275847e-02,1.220881e-02,1.702910e-02,1.928066e-02,2.089367e-02,3.675372e-03,2.017167e-03,6.610449e-02,1.534064e-01,9.312166e-02,1.124357e-01,1.313242e-01,3.268288e-01,9.329662e-03,1.958574e-02
1.529199e-02,1.030682e-02,1.787480e-02,3.655766e-02,3.357582e-02,6.146959e-03,1.818418e-03,8.610238e-02,1.621666e-01,1.082822e-01,1.135173e-01,1.081924e-01,2.662343e-01,1.259903e-02,2.133343e-02
1.925612e-02,8.872582e-03,3.505560e-02,8.944593e-02,1.000955e-01,5.108112e-03,1.703641e-03,8.409971e-02,1.605469e-01,8.524197e-02,1.026174e-01,7.946468e-02,1.989877e-01,1.102833e-02,1.847579e-02
6.567482e-02,1.315397e-02,3.836091e-02,1.269890e-01,1.249804e-01,4.989774e-03,2.121479e-03,6.791440e-02,1.623642e-01,7.793863e-02,7.959616e-02,6.391758e-02,1.450783e-01,1.098452e-02,1.593591e-02
6.615800e-02,1.200561e-02,3.454565e-02,2.505816e-01,1.310429e-01,9.775656e-03,1.790652e-03,4.906132e-02,1.511099e-01,5.715647e-02,6.312814e-02,4.691922e-02,1.060962e-01,7.980554e-03,1.264806e-02
4.771185e-02,9.256945e-03,2.576464e-02,2.840720e-01,1.355484e-01,8.727250e-03,1.349277e-03,3.565283e-02,1.880773e-01,4.135855e-02,8.836719e-02,3.544316e-02,8.291465e-02,6.071358e-03,9.684502e-03
3.548250e-02,7.941358e-03,1.965312e-02,2.514190e-01,1.048377e-01,7.201061e-03,1.053650e-03,2.508689e-02,1.784168e-01,6.233508e-02,1.908711e-01,3.542474e-02,6.635056e-02,5.390441e-03,8.535836e-03
2.538889e-02,6.124716e-03,1.466753e-02,2.319640e-01,9.101715e-02,5.354703e-03,7.652616e-04,1.763574e-02,1.424374e-01,4.921700e-02,3.161368e-01,3.197412e-02,4.722729e-02,1.366651e-02,6.422918e-03
2.001259e-02,4.754178e-03,1.125912e-02,1.760409e-01,6.815209e-02,9.099486e-03,5.931110e-04,1.262471e-02,1.035003e-01,4.054725e-02,4.700014e-01,2.643558e-02,3.420615e-02,1.773865e-02,5.034450e-03
1.575203e-02,4.034731e-03,8.614911e-03,1.298165e-01,6.467862e-02,9.733205e-03,4.531249e-04,8.969425e-03,7.390647e-02,3.331126e-02,5.622464e-01,3.199317e-02,2.564616e-02,2.662589e-02,4.217982e-03
1.367782e-02,6.651501e-03,6.446092e-03,9.414972e-02,4.933426e-02,1.222342e-02,3.583231e-04,6.350978e-03,5.500492e-02,2.679728e-02,6.142719e-01,3.894588e-02,1.999231e-02,5.190003e-02,3.895563e-03
1.220045e-02,6.957853e-03,5.440382e-03,6.700346e-02,3.754221e-02,1.724068e-02,3.249347e-04,4.525177e-03,3.992843e-02,2.263829e-02,6.472024e-01,4.964987e-02,1.485591e-02,7.051928e-02,3.970648e-03
1.021062e-02,6.663471e-03,4.737599e-03,4.784005e-02,3.082427e-02,1.567492e-02,2.608967e-04,3.262078e-03,3.112596e-02,1.952328e-02,6.820985e-01,5.742268e-02,1.120524e-02,7.469751e-02,4.452950e-03
9.592259e-03,7.681141e-03,1.392995e-02,3.385825e-02,2.335762e-02,2.091077e-02,2.655020e-04,3.938571e-03,2.587177e-02,1.763561e-02,6.843977e-01,6.415677e-02,8.300712e-03,8.203799e-02,4.065400e-03
8.008417e-03,7.315040e-03,1.214805e-02,2.383338e-02,1.825991e-02,1.612052e-02,2.034077e-04,2.899821e-03,2.010551e-02,1.534780e-02,7.211488e-01,7.087135e-02,5.983838e-03,7.390504e-02,3.849036e-03
6.156902e-03,6.508412e-03,1.019653e-02,1.692636e-02,1.427311e-02,1.219919e-02,1.613695e-04,2.146274e-03,1.927766e-02,1.423553e-02,7.516468e-01,6.623151e-02,4.301488e-03,7.235667e-02,3.382255e-03
4.519979e-03,5.639873e-03,8.192116e-03,1.195149e-02,1.079974e-02,8.882260e-03,1.283678e-04,1.599978e-03,1.496061e-02,1.402865e-02,7.997543e-01,5.329911e-02,3.152086e-03,6.023541e-02,2.856045e-03
3.442192e-03,4.727923e-03,6.681946e-03,8.400865e-03,8.047818e-03,6.481130e-03,9.563781e-05,1.177218e-03,1.113231e-02,1.233094e-02,8.400025e-01,4.233782e-02,2.363765e-03,5.052783e-02,2.250057e-03
