1.000000e+00,0.000000e+00,0.000000e+00,0.000000e+00,0.000000e+00,0.000000e+00,0.000000e+00,0.000000e+00,0.000000e+00,0.000000e+00,0.000000e+00,0.000000e+00,0.000000e+00,0.000000e+00,0.000000e+00
1.000000e+00,0.000000e+00,0.000000e+00,0.000000e+00,0.000000e+00,0.000000e+00,0.000000e+00,0.000000e+00,0.000000e+00,0.000000e+00,0.000000e+00,0.000000e+00,0.000000e+00,0.000000e+00,0.000000e+00
1.000000e+00,0.000000e+00,0.000000e+00,0.000000e+00,0.000000e+00,0.000000e+00,0.000000e+00,0.000000e+00,0.000000e+00,0.000000e+00,0.000000e+00,0.000000e+00,0.000000e+00,0.000000e+00,0.000000e+00
1.000000e+00,0.000000e+00,0.000000e+00,0.000000e+00,0.000000e+00,0.000000e+00,0.000000e+00,0.000000e+00,0.000000e+00,0.000000e+00,0.000000e+00,0.000000e+00,0.000000e+00,0.000000e+00,0.000000e+00
1.000000e+00,0.000000e+00,0.000000e+00,0.000000e+00,0.000000e+00,0.000000e+00,0.000000e+00,0.000000e+00,0.000000e+00,0.000000e+00,0.000000e+00,0.000000e+00,0.000000e+00,0.000000e+00,0.000000e+00
1.000000e+00,0.000000e+00,0.000000e+00,0.000000e+00,0.000000e+00,0.000000e+00,0.000000e+00,0.000000e+00,0.000000e+00,0.000000e+00,0.000000e+00,0.000000e+00,0.000000e+00,0.000000e+00,0.000000e+00
1.000000e+00,0.000000e+00,0.000000e+00,0.000000e+00,0.000000e+00,0.000000e+00,0.000000e+00,0.000000e+00,0.000000e+00,0.000000e+00,0.000000e+00,0.000000e+00,0.000000e+00,0.000000e+00,0.000000e+00
1.000000e+00,0.000000e+00,0.000000e+00,0.000000e+00,0.000000e+00,0.000000e+00,0.000000e+00,0.000000e+00,0.000000e+00,0.000000e+00,0.000000e+00,0.000000e+00,0.000000e+00,0.000000e+00,0.000000e+00
1.000000e+00,0.000000e+00,0.000000e+00,0.000000e+00,0.000000e+00,0.000000e+00,0.000000e+00,0.000000e+00,0.000000e+00,0.000000e+00,0.000000e+00,0.000000e+00,0.000000e+00,0.000000e+00,0.000000e+00
1.000000e+00,0.000000e+00,0.000000e+00,0.000000e+00,0.000000e+00,0.000000e+00,0.000000e+00,0.000000e+00,0.000000e+00,0.000000e+00,0.000000e+00,0.000000e+00,0.000000e+00,0.000000e+00,0.000000e+00
1.000000e+00,0.000000e+00,0.000000e+00,0.000000e+00,0.000000e+00,0.000000e+00,0.000000e+00,0.000000e+00,0.000000e+00,0.000000e+00,0.000000e+00,0.000000e+00,0.000000e+00,0.000000e+00,0.000000e+00
1.000000e+00,0.000000e+00,0.000000e+00,0.000000e+00,0.000000e+00,0.000000e+00,0.000000e+00,0.000000e+00,0.000000e+00,0.000000e+00,0.000000e+00,0.000000e+00,0.000000e+00,0.000000e+00,0.000000e+00
4.707480e-01,2.865469e-02,1.435424e-01,2.630213e-01,3.960925e-03,1.290146e-02,1.774752e-03,5.839432e-03,7.244598e-03,2.517625e-03,1.031169e-02,1.713346e-02,8.982686e-03,2.225046e-03,2.114203e-02
1.000000e+00,0.000000e+00,0.000000e+00,0.000000e+00,0.000000e+00,0.000000e+00,0.000000e+00,0.000000e+00,0.000000e+00,0.000000e+00,0.000000e+00,0.000000e+00,0.000000e+00,0.000000e+00,0.000000e+00
1.000000e+00,0.000000e+00,0.000000e+00,0.000000e+00,0.000000e+00,0.000000e+00,0.000000e+00,0.000000e+00,0.000000e+00,0.000000e+00,0.000000e+00,0.000000e+00,0.000000e+00,0.000000e+00,0.000000e+00
1.000000e+00,0.000000e+00,0.000000e+00,0.000000e+00,0.000000e+00,0.000000e+00,0.000000e+00,0.000000e+00,0.000000e+00,0.000000e+00,0.000000e+00,0.000000e+00,0.000000e+00,0.000000e+00,0.000000e+00
1.000000e+00,0.000000e+00,0.000000e+00,0.000000e+00,0.000000e+00,0.000000e+00,0.000000e+00,0.000000e+00,0.000000e+00,0.000000e+00,0.000000e+00,0.000000e+00,0.000000e+00,0.000000e+00,0.000000e+00
1.000000e+00,0.000000e+00,0.000000e+00,0.000000e+00,0.000000e+00,0.000000e+00,0.000000e+00,0.000000e+00,0.000000e+00,0.000000e+00,0.000000e+00,0.000000e+00,0.000000e+00,0.000000e+00,0.000000e+00
1.000000e+00,0.000000e+00,0.000000e+00,0.000000e+00,0.000000e+00,0.000000e+00,0.000000e+00,0.000000e+00,0.000000e+00,0.000000e+00,0.000000e+00,0.000000e+00,0.000000e+00,0.000000e+00,0.000000e+00
1.000000e+00,0.000000e+00,0.000000e+00,0.000000e+00,0.000000e+00,0.000000e+00,0.000000e+00,0.000000e+00,0.000000e+00,0.000000e+00,0.000000e+00,0.000000e+00,0.000000e+00,0.000000e+00,0.000000e+00
1.000000e+00,0.000000e+00,0.000000e+00,0.000000e+00,0.000000e+00,0.000000e+00,0.000000e+00,0.000000e+00,0.000000e+00,0.000000e+00,0.000000e+00,0.000000e+00,0.000000e+00,0.000000e+00,0.000000e+00
1.000000e+00,0.000000e+00,0.000000e+00,0.000000e+00,0.000000e+00,0.000000e+00,0.000000e+00,0.000000e+00,0.000000e+00,0.000000e+00,0.000000e+00,0.000000e+00,0.000000e+00,0.000000e+00,0.000000e+00
1.000000e+00,0.000000e+00,0.000000e+00,0.000000e+00,0.000000e+00,0.000000e+00,0.000000e+00,0.000000e+00,0.000000e+00,0.000000e+00,0.000000e+00,0.000000e+00,0.000000e+00,0.000000e+00,0.000000e+00
1.000000e+00,0.000000e+00,0.000000e+00,0.000000e+00,0.000000e+00,0.000000e+00,0.000000e+00,0.000000e+00,0.000000e+00,0.000000e+00,0.000000e+00,0.000000e+00,0.000000e+00,0.000000e+00,0.000000e+00
1.000000e+00,0.000000e+00,0.000000e+00,0.000000e+00,0.000000e+00,0.000000e+00,0.000000e+00,0.000000e+00,0.000000e+00,0.000000e+00,0.000000e+00,0.000000e+00,0.000000e+00,0.000000e+00,0.000000e+00
1.000000e+00,0.000000e+00,0.000000e+00,0.000000e+00,0.000000e+00,0.000000e+00,0.000000e+00,0.000000e+00,0.000000e+00,0.000000e+00,0.000000e+00,0.000000e+00,0.000000e+00,0.000000e+00,0.000000e+00
1.000000e+00,0.000000e+00,0.000000e+00,0.000000e+00,0.000000e+00,0.000000e+00,0.000000e+00,0.000000e+00,0.000000e+00,0.000000e+00,0.000000e+00,0.000000e+00,0.000000e+00,0.000000e+00,0.000000e+00
1.000000e+00,0.000000e+00,0.000000e+00,0.000000e+00,0.000000e+00,0.000000e+00,0.000000e+00,0.000000e+00,0.000000e+00,0.000000e+00,0.000000e+00,0.000000e+00,0.000000e+00,0.000000e+00,0.000000e+00
1.000000e+00,0.000000e+00,0.000000e+00,0.000000e+00,0.000000e+00,0.000000e+00,0.000000e+00,0.000000e+00,0.000000e+00,0.000000e+00,0.000000e+00,0.000000e+00,0.000000e+00,0.000000e+00,0.000000e+00
1.000000e+00,0.000000e+00,0.000000e+00,0.000000e+00,0.000000e+00,0.000000e+00,0.000000e+00,0.000000e+00,0.000000e+00,0.000000e+00,0.000000e+00,0.000000e+00,0.000000e+00,0.000000e+00,0.000000e+00
1.000000e+00,0.000000e+00,0.000000e+00,0.000000e+00,0.000000e+00,0.000000e+00,0.000000e+00,0.000000e+00,0.000000e+00,0.000000e+00,0.000000e+00,0.000000e+00,0.000000e+00,0.000000e+00,0.000000e+00
1.000000e+00,0.000000e+00,0.000000e+00,0.000000e+00,0.000000e+00,0.000000e+00,0.000000e+00,0.000000e+00,0.000000e+00,0.000000e+00,0.000000e+00,0.000000e+00,0.000000e+00,0.000000e+00,0.000000e+00
1.000000e+00,0.000000e+00,0.000000e+00,0.000000e+00,0.000000e+00,0.000000e+00,0.000000e+00,0.000000e+00,0.000000e+00,0.000000e+00,0.000000e+00,0.000000e+00,0.000000e+00,0.000000e+00,0.000000e+00
1.000000e+00,0.000000e+00,0.000000e+00,0.000000e+00,0.000000e+00,0.000000e+00,0.000000e+00,0.000000e+00,0.000000e+00,0.000000e+00,0.000000e+00,0.000000e+00,0.000000e+00,0.000000e+00,0.000000e+00
1.000000e+00,0.000000e+00,0.000000e+00,0.000000e+00,0.000000e+00,0.000000e+00,0.000000e+00,0.000000e+00,0.000000e+00,0.000000e+00,0.000000e+00,0.000000e+00,0.000000e+00,0.000000e+00,0.000000e+00
1.000000e+00,0.000000e+00,0.000000e+00,0.000000e+00,0.000000e+00,0.000000e+00,0.000000e+00,0.000000e+00,0.000000e+00,0.000000e+00,0.000000e+00,0.000000e+00,0.000000e+00,0.000000e+00,0.000000e+00
1.000000e+00,0.000000e+00,0.000000e+00,0.000000e+00,0.000000e+00,0.000000e+00,0.000000e+00,0.000000e+00,0.000000e+00,0.000000e+00,0.000000e+00,0.000000e+00,0.000000e+00,0.000000e+00,0.000000e+00
1.000000e+00,0.000000e+00,0.000000e+00,0.000000e+00,0.000000e+00,0.000000e+00,0.000000e+00,0.000000e+00,0.000000e+00,0.000000e+00,0.000000e+00,0.000000e+00,0.000000e+00,0.000000e+00,0.000000e+00
1.000000e+00,0.000000e+00,0.000000e+00,0.000000e+00,0.000000e+00,0.000000e+00,0.000000e+00,0.000000e+00,0.000000e+00,0.000000e+00,0.000000e+00,0.000000e+00,0.000000e+00,0.000000e+00,0.000000e+00
1.000000e+00,0.000000e+00,0.000000e+00,0.000000e+00,0.000000e+00,0.000000e+00,0.000000e+00,0.000000e+00,0.000000e+00,0.000000e+00,0.000000e+00,0.000000e+00,0.000000e+00,0.000000e+00,0.000000e+00
1.000000e+00,0.000000e+00,0.000000e+00,0.000000e+00,0.000000e+00,0.000000e+00,0.000000e+00,0.000000e+00,0.000000e+00,0.000000e+00,0.000000e+00,0.000000e+00,0.000000e+00,0.000000e+00,0.000000e+00
1.000000e+00,0.000000e+00,0.000000e+00,0.000000e+00,0.000000e+00,0.000000e+00,0.000000e+00,0.000000e+00,0.000000e+00,0.000000e+00,0.000000e+00,0.000000e+00,0.000000e+00,0.000000e+00,0.000000e+00
1.000000e+00,0.000000e+00,0.000000e+00,0.000000e+00,0.000000e+00,0.000000e+00,0.000000e+00,0.000000e+00,0.000000e+00,0.000000e+00,0.000000e+00,0.000000e+00,0.000000e+00,0.000000e+00,0.000000e+00
1.000000e+00,0.000000e+00,0.000000e+00,0.000000e+00,0.000000e+00,0.000000e+00,0.000000e+00,0.000000e+00,0.000000e+00,0.000000e+00,0.000000e+00,0.000000e+00,0.000000e+00,0.000000e+00,0.000000e+00
1.000000e+00,0.000000e+00,0.000000e+00,0.000000e+00,0.000000e+00,0.000000e+00,0.000000e+00,0.000000e+00,0.000000e+00,0.000000e+00,0.000000e+00,0.000000e+00,0.000000e+00,0.000000e+00,0.000000e+00
1.000000e+00,0.000000e+00,0.000000e+00,0.000000e+00,0.000000e+00,0.000000e+00,0.000000e+00,0.000000e+00,0.000000e+00,0.000000e+00,0.000000e+00,0.000000e+00,0.000000e+00,0.000000e+00,0.000000e+00
1.000000e+00,0.000000e+00,0.000000e+00,0.000000e+00,0.000000e+00,0.000000e+00,0.000000e+00,0.000000e+00,0.000000e+00,0.000000e+00,0.000000e+00,0.000000e+00,0.000000e+00,0.000000e+00,0.000000e+00
1.000000e+00,0.000000e+00,0.000000e+00,0.000000e+00,0.000000e+00,0.000000e+00,0.000000e+00,0.000000e+00,0.000000e+00,0.000000e+00,0.000000e+00,0.000000e+00,0.000000e+00,0.000000e+00,0.000000e+00
1.000000e+00,0.000000e+00,0.000000e+00,0.000000e+00,0.000000e+00,0.000000e+00,0.000000e+00,0.000000e+00,0.000000e+00,0.000000e+00,0.000000e+00,0.000000e+00,0.000000e+00,0.000000e+00,0.000000e+00
1.000000e+00,0.000000e+00,0.000000e+00,0.000000e+00,0.000000e+00,0.000000e+00,0.000000e+00,0.000000e+00,0.000000e+00,0.000000e+00,0.000000e+00,0.000000e+00,0.000000e+00,0.000000e+00,0.000000e+00
1.000000e+00,0.000000e+00,0.000000e+00,0.000000e+00,0.000000e+00,0.000000e+00,0.000000e+00,0.000000e+00,0.000000e+00,0.000000e+00,0.000000e+00,0.000000e+00,0.000000e+00,0.000000e+00,0.000000e+00
1.000000e+00,0.000000e+00,0.000000e+00,0.000000e+00,0.000000e+00,0.000000e+00,0.000000e+00,0.000000e+00,0.000000e+00,0.000000e+00,0.000000e+00,0.000000e+00,0.000000e+00,0.000000e+00,0.000000e+00
1.000000e+00,0.000000e+00,0.000000e+00,0.000000e+00,0.000000e+00,0.000000e+00,0.000000e+00,0.000000e+00,0.000000e+00,0.000000e+00,0.000000e+00,0.000000e+00,0.000000e+00,0.000000e+00,0.000000e+00
1.000000e+00,0.000000e+00,0.000000e+00,0.000000e+00,0.000000e+00,0.000000e+00,0.000000e+00,0.000000e+00,0.000000e+00,0.000000e+00,0.000000e+00,0.000000e+00,0.000000e+00,0.000000e+00,0.000000e+00
1.000000e+00,0.000000e+00,0.000000e+00,0.000000e+00,0.000000e+00,0.000000e+00,0.000000e+00,0.000000e+00,0.000000e+00,0.000000e+00,0.000000e+00,0.000000e+00,0.000000e+00,0.000000e+00,0.000000e+00
1.000000e+00,0.000000e+00,0.000000e+00,0.000000e+00,0.000000e+00,0.000000e+00,0.000000e+00,0.000000e+00,0.000000e+00,0.000000e+00,0.000000e+00,0.000000e+00,0.000000e+00,0.000000e+00,0.000000e+00
1.000000e+00,0.000000e+00,0.000000e+00,0.000000e+00,0.000000e+00,0.000000e+00,0.000000e+00,0.000000e+00,0.000000e+00,0.000000e+00,0.000000e+00,0.000000e+00,0.000000e+00,0.000000e+00,0.000000e+00
1.000000e+00,0.000000e+00,0.000000e+00,0.000000e+00,0.000000e+00,0.000000e+00,0.000000e+00,0.000000e+00,0.000000e+00,0.000000e+00,0.000000e+00,0.000000e+00,0.000000e+00,0.000000e+00,0.000000e+00
1.000000e+00,0.000000e+00,0.000000e+00,0.000000e+00,0.000000e+00,0.000000e+00,0.000000e+00,0.000000e+00,0.000000e+00,0.000000e+00,0.000000e+00,0.000000e+00,0.000000e+00,0.000000e+00,0.000000e+00
1.000000e+00,0.000000e+00,0.000000e+00,0.000000e+00,0.000000e+00,0.000000e+00,0.000000e+00,0.000000e+00,0.000000e+00,0.000000e+00,0.000000e+00,0.000000e+00,0.000000e+00,0.000000e+00,0.000000e+00
1.000000e+00,0.000000e+00,0.000000e+00,0.000000e+00,0.000000e+00,0.000000e+00,0.000000e+00,0.000000e+00,0.000000e+00,0.000000e+00,0.000000e+00,0.000000e+00,0.000000e+00,0.000000e+00,0.000000e+00
1.000000e+00,0.000000e+00,0.000000e+00,0.000000e+00,0.000000e+00,0.000000e+00,0.000000e+00,0.000000e+00,0.000000e+00,0.000000e+00,0.000000e+00,0.000000e+00,0.000000e+00,0.000000e+00,0.000000e+00
4.970257e-01,1.638015e-02,2.331502e-01,3.630871e-02,3.602904e-03,1.660531e-02,3.791322e-03,1.292684e-01,3.402462e-03,3.121445e-03,1.385428e-02,1.484833e-02,8.913003e-03,7.362875e-03,1.236499e-02
4.599347e-01,1.306995e-02,2.307772e-01,3.420065e-02,3.839617e-03,1.339587e-02,3.423366e-03,1.906650e-01,2.896972e-03,2.604720e-03,1.095824e-02,1.151245e-02,7.221937e-03,5.742696e-03,9.756639e-03
3.359150e-01,9.414958e-03,3.526137e-01,3.795802e-02,3.222255e-03,1.000488e-02,2.987076e-03,2.110566e-01,2.130120e-03,2.054743e-03,7.952196e-03,8.261643e-03,5.272708e-03,4.149441e-03,7.006647e-03
2.736892e-01,6.804249e-03,3.674879e-01,3.232386e-02,3.476393e-03,8.128835e-03,2.841503e-03,2.765802e-01,1.671806e-03,3.000302e-03,5.790802e-03,5.965315e-03,3.933932e-03,2.964795e-03,5.340916e-03
2.574725e-01,5.545130e-03,3.358391e-01,2.775953e-02,5.214477e-03,8.659699e-03,2.937897e-03,3.306477e-01,1.889587e-03,4.091341e-03,4.648685e-03,4.596090e-03,3.331359e-03,2.202956e-03,5.164039e-03
2.864951e-01,4.685130e-03,2.638785e-01,2.160333e-02,7.184455e-03,8.037716e-03,3.074897e-03,3.793160e-01,1.740473e-03,3.877371e-03,4.687053e-03,4.939646e-03,3.190236e-03,1.858839e-03,5.431348e-03
3.301901e-01,4.065482e-03,1.982717e-01,1.648995e-02,9.284167e-03,7.721401e-03,3.125619e-03,4.055236e-01,1.577826e-03,3.473028e-03,4.375491e-03,5.688750e-03,3.307007e-03,1.585050e-03,5.320867e-03
2.836451e-01,3.872183e-03,1.879511e-01,1.417386e-02,1.127656e-02,6.484017e-03,3.612076e-03,4.654099e-01,1.356984e-03,3.976461e-03,3.649503e-03,5.150585e-03,2.994232e-03,1.350942e-03,5.096504e-03
2.686190e-01,3.885692e-03,1.828048e-01,1.502576e-02,1.174966e-02,8.786640e-03,4.707032e-03,4.785499e-01,1.188300e-03,5.764050e-03,3.643287e-03,5.827240e-03,3.099038e-03,1.333893e-03,5.015717e-03
2.027509e-01,3.723078e-03,1.833876e-01,2.568043e-02,9.993555e-03,8.610517e-03,3.817457e-03,4.664142e-01,1.608148e-03,2.555920e-02,1.614534e-02,1.532048e-02,2.769430e-02,2.697703e-03,6.597162e-03
1.421010e-01,3.580134e-03,3.040220e-01,3.838091e-02,7.088000e-03,6.331106e-03,2.825798e-03,3.322260e-01,1.879735e-03,6.907457e-02,2.659599e-02,1.407985e-02,2.627658e-02,1.280073e-02,1.273760e-02
9.978621e-02,2.876815e-03,2.389123e-01,3.083433e-02,5.049510e-03,4.742444e-03,2.130593e-03,2.341094e-01,3.166851e-03,2.516917e-01,4.326604e-02,2.625935e-02,2.373147e-02,2.041140e-02,1.303158e-02
7.161935e-02,2.668456e-03,1.784729e-01,2.433671e-02,3.641916e-03,4.209982e-03,1.827294e-03,1.673193e-01,3.866526e-03,2.506055e-01,7.716864e-02,3.225778e-02,2.546040e-02,1.402854e-01,1.625990e-02
5.028359e-02,1.945094e-03,1.251619e-01,1.743428e-02,2.677920e-03,3.012989e-03,1.306117e-03,1.172296e-01,3.261896e-03,3.159510e-01,1.838813e-01,2.638326e-02,1.939098e-02,1.121908e-01,1.988925e-02
3.529004e-02,1.405247e-03,8.765829e-02,1.331312e-02,2.535375e-03,2.168473e-03,9.331770e-04,8.211567e-02,2.797701e-03,3.379847e-01,2.697473e-01,2.290407e-02,1.431100e-02,1.037166e-01,2.311918e-02
2.476243e-02,1.091190e-03,6.145011e-02,9.754756e-03,3.311918e-03,1.859550e-03,7.540677e-04,5.752829e-02,2.995362e-03,4.095943e-01,2.651515e-01,4.082909e-02,1.522542e-02,8.199593e-02,2.369612e-02
1.764162e-02,1.045563e-03,4.321171e-02,8.289880e-03,8.931019e-03,2.722308e-03,8.266520e-04,4.037429e-02,4.372900e-03,3.596698e-01,3.118676e-01,7.362685e-02,1.634883e-02,8.324938e-02,2.782161e-02
1.238735e-02,4.608443e-03,3.174041e-02,7.020535e-03,1.080553e-01,2.291005e-03,6.967863e-03,2.842607e-02,2.370694e-02,2.995905e-01,2.708699e-01,8.946279e-02,1.471241e-02,7.771704e-02,2.244338e-02
8.758340e-03,7.160639e-03,2.387631e-02,6.115739e-03,1.005430e-01,4.227475e-03,1.941992e-02,2.068405e-02,3.242285e-02,2.554320e-01,2.697009e-01,1.328546e-01,1.937393e-02,8.268770e-02,1.674257e-02
6.253412e-03,8.649914e-03,1.795149e-02,5.419847e-03,9.488371e-02,6.980330e-03,1.676972e-02,1.477639e-02,3.751314e-02,1.883501e-01,3.304034e-01,1.739472e-01,1.944128e-02,6.618191e-02,1.247816e-02
4.429734e-03,7.646988e-03,1.383293e-02,4.252597e-03,7.690717e-02,1.256468e-02,1.238452e-02,1.044850e-02,3.395711e-02,1.337930e-01,2.728137e-01,3.131204e-01,3.835680e-02,5.138043e-02,1.411144e-02
3.227041e-03,7.421652e-03,1.022419e-02,3.162794e-03,5.845194e-02,1.049515e-02,9.076435e-03,7.491410e-03,3.367830e-02,9.439587e-02,2.084908e-01,4.669309e-01,3.362031e-02,4.189475e-02,1.143847e-02
2.392616e-03,5.586135e-03,7.313910e-03,2.285083e-03,4.148790e-02,1.494333e-02,6.800730e-03,5.476473e-03,2.769832e-02,6.641632e-02,1.481857e-01,6.037508e-01,3.000051e-02,2.957528e-02,8.086914e-03
2.015962e-03,3.248897e-02,4.197287e-02,1.755542e-03,3.005750e-02,1.208913e-02,5.903779e-03,4.182843e-03,2.878083e-02,5.134535e-02,1.071478e-01,6.306064e-01,2.350371e-02,2.208951e-02,6.059813e-03
1.875008e-03,4.921120e-02,9.616374e-02,1.435496e-03,2.174355e-02,2.842422e-02,6.271777e-03,4.530280e-03,3.136852e-02,4.008668e-02,8.121175e-02,5.939856e-01,2.249373e-02,1.668859e-02,4.509853e-03
2.001503e-03,1.250882e-01,7.930748e-02,1.219447e-03,1.573682e-02,8.291391e-02,4.783329e-03,3.494886e-03,7.496889e-02,3.327269e-02,6.116275e-02,4.756799e-01,2.271017e-02,1.186170e-02,5.798343e-03
2.212445e-03,2.159328e-01,7.755931e-02,1.268359e-03,1.177710e-02,8.827613e-02,3.764899e-03,2.724358e-03,1.106404e-01,3.230310e-02,4.577299e-02,3.729978e-01,1.759310e-02,8.500833e-03,8.676387e-03
2.350045e-03,2.730824e-01,6.111717e-02,2.024802e-03,1.162068e-02,1.112493e-01,2.980551e-03,2.666373e-03,1.697440e-01,2.919973e-02,3.359115e-02,2.726341e-01,1.347785e-02,6.010666e-03,8.251128e-03
3.407974e-03,2.313643e-01,6.207181e-02,4.142195e-02,7.498004e-02,1.232669e-01,6.045147e-03,1.110436e-02,1.759805e-01,2.635489e-02,2.380860e-02,1.953585e-01,1.068328e-02,4.279046e-03,9.872744e-03
3.771261e-03,1.847677e-01,5.471144e-02,6.342901e-02,1.505129e-01,1.159017e-01,8.537916e-03,5.529452e-02,1.715934e-01,1.870189e-02,1.679957e-02,1.378267e-01,8.047769e-03,3.007107e-03,7.097109e-03
6.583417e-03,1.400764e-01,4.379523e-02,1.127325e-01,1.641214e-01,1.223254e-01,8.753682e-03,4.740335e-02,1.496413e-01,2.682694e-02,1.394173e-02,9.892749e-02,8.953785e-03,2.518440e-03,5.339892e-02
6.027430e-03,1.793613e-01,3.713294e-02,1.121808e-01,1.363660e-01,1.181178e-01,1.031959e-02,3.749740e-02,1.925500e-01,2.530706e-02,1.231482e-02,7.084989e-02,1.628828e-02,1.876150e-03,4.381054e-02
4.823375e-03,1.626032e-01,3.737740e-02,1.056805e-01,1.091009e-01,1.032524e-01,2.069727e-02,3.107476e-02,1.752848e-01,2.015480e-02,1.101975e-02,5.020815e-02,1.332598e-01,1.333533e-03,3.412934e-02
3.806645e-03,1.176169e-01,2.702892e-02,7.638960e-02,7.888968e-02,9.379740e-02,1.883234e-02,2.198226e-02,1.714425e-01,1.475987e-02,8.364401e-03,3.609864e-02,3.000465e-01,9.958565e-04,2.994843e-02
2.931138e-03,8.547848e-02,1.995728e-02,5.917905e-02,5.994369e-02,7.782684e-02,1.627444e-02,1.570852e-02,1.286822e-01,1.092717e-02,6.236674e-03,2.711997e-02,4.664459e-01,7.238299e-04,2.256484e-02
3.334544e-03,5.999728e-02,1.420091e-02,4.239322e-02,4.428113e-02,6.048113e-02,1.224212e-02,1.229653e-02,9.469388e-02,7.767248e-03,6.934753e-03,2.559151e-02,5.949559e-01,6.841263e-04,2.014575e-02
3.244834e-03,4.215824e-02,1.014291e-02,3.040669e-02,3.180900e-02,4.444153e-02,8.852576e-03,8.952732e-03,6.732236e-02,5.484843e-03,5.559604e-03,2.400998e-02,7.013661e-01,4.894204e-04,1.575915e-02
3.835667e-03,2.977687e-02,7.373176e-03,2.193017e-02,2.438413e-02,4.242184e-02,6.796428e-03,6.593435e-03,5.293419e-02,4.010368e-03,1.031942e-02,3.733567e-02,7.361156e-01,5.064975e-04,1.566659e-02
3.355852e-03,2.158155e-02,5.518114e-03,1.566815e-02,1.830376e-02,6.506754e-02,4.985720e-03,4.847718e-03,4.559143e-02,3.032347e-03,1.332880e-02,4.595718e-02,7.400831e-01,7.880245e-04,1.189074e-02
4.273132e-03,1.764562e-02,1.231803e-02,1.188592e-02,1.654077e-02,7.571700e-02,3.926828e-03,4.186454e-03,4.257946e-02,2.997858e-03,1.930716e-02,5.070544e-02,7.267842e-01,1.348795e-03,9.783360e-03
7.611243e-03,2.133660e-02,3.899326e-02,8.985483e-03,2.587628e-02,6.101568e-02,3.786274e-03,5.215975e-03,9.136177e-02,6.599020e-03,2.161239e-02,4.573131e-02,6.386934e-01,1.436129e-03,2.174525e-02
8.774542e-03,2.090929e-02,4.532830e-02,7.494334e-03,2.125114e-02,4.897625e-02,3.447663e-03,4.863325e-03,8.769982e-02,1.711274e-02,2.949265e-02,5.115325e-02,5.453480e-01,1.558891e-03,1.065899e-01
7.364345e-03,1.871068e-02,4.016106e-02,5.536701e-03,1.539278e-02,3.522231e-02,2.456566e-03,3.625104e-03,8.246224e-02,1.983396e-02,4.462333e-02,4.831561e-02,4.438109e-01,1.655927e-03,2.308286e-01
5.905226e-03,2.114172e-02,3.384896e-02,4.093462e-03,1.184372e-02,2.548908e-02,1.763894e-03,3.183443e-03,1.179425e-01,4.626031e-02,4.279069e-02,6.087539e-02,3.901653e-01,1.976312e-03,2.327200e-01
4.491864e-03,2.281936e-02,2.553632e-02,3.053980e-03,8.664634e-03,1.829606e-02,1.310576e-03,4.536849e-03,1.622617e-01,1.069677e-01,3.751737e-02,5.947419e-02,3.048176e-01,1.575849e-03,2.386760e-01
3.598450e-03,2.696911e-02,2.204624e-02,2.406999e-03,6.486887e-03,1.398056e-02,1.037443e-03,1.206569e-02,2.483648e-01,9.266820e-02,2.959606e-02,4.509563e-02,2.197429e-01,1.228888e-03,2.747122e-01
3.008973e-03,2.796763e-02,1.696091e-02,1.850367e-03,5.167918e-03,1.211962e-02,9.921488e-04,1.492586e-02,3.943456e-01,8.120383e-02,2.167515e-02,3.395729e-02,1.570434e-01,9.280447e-04,2.278533e-01
3.767491e-03,3.046152e-02,1.445037e-02,2.702702e-03,5.263414e-03,1.417875e-02,8.982070e-04,3.109251e-02,4.602836e-01,8.276424e-02,1.724805e-02,2.677255e-02,1.130662e-01,8.176733e-04,1.962328e-01
4.036368e-03,3.446163e-02,1.121684e-02,6.973790e-03,5.544181e-03,2.054321e-02,7.541843e-04,3.071443e-02,5.466418e-01,6.687461e-02,1.352683e-02,1.985771e-02,8.113954e-02,7.178587e-04,1.569970e-01
6.918693e-03,3.906035e-02,9.764243e-03,6.248457e-03,7.075656e-03,2.000715e-02,6.935763e-04,3.625548e-02,5.363683e-01,7.472640e-02,1.213808e-02,1.592378e-02,5.995065e-02,1.286834e-03,1.735824e-01
1.102610e-02,4.821725e-02,1.168465e-02,5.124386e-02,1.110116e-02,1.658013e-02,7.544138e-04,3.575502e-02,4.889217e-01,7.073677e-02,1.806137e-02,2.042442e-02,5.200584e-02,2.717399e-03,1.607699e-01
1.674609e-02,5.176136e-02,9.901236e-03,3.827265e-02,1.192178e-02,1.935784e-02,8.040143e-04,3.532549e-02,5.019513e-01,8.818895e-02,2.036572e-02,1.896852e-02,4.080428e-02,3.909274e-03,1.417215e-01
3.598301e-02,7.006897e-02,8.558152e-03,3.236689e-02,1.493972e-02,2.080486e-02,9.864182e-04,6.047713e-02,4.659052e-01,9.154642e-02,2.766559e-02,2.045233e-02,3.123727e-02,6.015936e-03,1.129922e-01
6.230295e-02,8.220991e-02,9.394991e-03,2.704638e-02,1.690843e-02,2.243621e-02,1.475692e-03,6.292902e-02,4.402575e-01,9.407122e-02,3.861227e-02,1.733406e-02,2.449384e-02,7.898752e-03,9.262878e-02
7.624195e-02,8.510290e-02,1.057764e-02,3.800055e-02,2.014964e-02,1.903669e-02,2.018554e-03,9.490626e-02,4.161634e-01,8.336696e-02,3.829356e-02,1.848649e-02,1.883020e-02,7.256714e-03,7.156855e-02
9.783010e-02,8.367342e-02,1.231100e-02,3.491625e-02,2.347629e-02,1.762814e-02,2.059959e-03,1.216374e-01,4.102715e-01,6.426015e-02,4.197517e-02,1.472035e-02,1.430625e-02,6.699102e-03,5.423492e-02
1.154380e-01,7.193834e-02,1.091268e-02,3.375949e-02,3.382653e-02,1.629275e-02,2.209700e-03,1.984234e-01,3.610602e-01,4.766686e-02,4.238275e-02,1.089288e-02,1.053316e-02,5.304793e-03,3.935848e-02
1.441528e-01,7.361317e-02,1.114539e-02,4.190474e-02,4.290548e-02,2.086959e-02,2.829279e-03,1.560815e-01,3.455895e-01,4.709820e-02,4.661894e-02,8.993564e-03,9.696299e-03,1.178829e-02,3.671319e-02
1.552301e-01,7.648446e-02,1.235945e-02,3.473197e-02,4.356799e-02,2.876081e-02,2.841244e-03,1.175242e-01,3.338292e-01,7.922826e-02,5.182036e-02,7.052318e-03,1.028395e-02,1.574528e-02,3.054038e-02
1.846820e-01,7.626785e-02,1.340782e-02,4.013284e-02,4.115736e-02,2.937169e-02,3.528522e-03,9.549379e-02,3.206919e-01,6.693741e-02,4.726294e-02,1.141248e-02,1.247035e-02,1.816837e-02,3.901467e-02
1.808950e-01,7.024899e-02,5.662684e-02,9.052548e-02,4.376282e-02,2.567783e-02,3.352298e-03,8.190240e-02,2.687753e-01,5.293700e-02,4.152288e-02,1.763487e-02,1.404678e-02,1.425966e-02,3.783180e-02
2.600558e-01,6.252190e-02,6.068629e-02,8.132093e-02,3.633879e-02,2.160530e-02,3.434482e-03,6.857909e-02,2.339675e-01,5.271036e-02,3.567525e-02,2.168060e-02,1.215272e-02,1.212417e-02,3.714682e-02
2.596411e-01,5.902000e-02,7.734600e-02,8.615443e-02,3.340519e-02,1.939917e-02,2.806198e-03,5.613063e-02,1.964196e-01,7.231323e-02,4.286493e-02,2.438430e-02,1.197624e-02,1.108409e-02,4.705490e-02
3.103352e-01,5.004671e-02,7.957558e-02,6.970956e-02,2.744540e-02,1.884777e-02,2.472177e-03,4.630013e-02,1.599233e-01,1.061295e-01,3.805377e-02,3.154793e-02,1.124895e-02,1.021516e-02,3.814888e-02
3.696065e-01,4.124208e-02,6.916738e-02,5.808103e-02,2.536928e-02,1.595426e-02,2.254449e-03,4.256252e-02,1.361577e-01,1.255251e-01,3.685353e-02,2.973104e-02,1.035936e-02,9.258838e-03,2.787695e-02
4.476036e-01,3.239397e-02,5.803166e-02,4.721167e-02,2.874901e-02,1.554988e-02,2.430683e-03,3.901365e-02,1.079210e-01,1.027039e-01,3.900181e-02,3.955589e-02,1.096824e-02,8.214464e-03,2.065063e-02
4.645158e-01,2.731529e-02,4.880397e-02,4.173442e-02,3.523824e-02,1.556743e-02,2.587277e-03,4.925114e-02,9.809491e-02,9.513475e-02,4.406560e-02,4.123876e-02,1.336987e-02,7.730435e-03,1.535205e-02
4.739347e-01,3.262274e-02,3.962417e-02,3.300891e-02,4.135620e-02,1.433364e-02,2.920936e-03,5.565796e-02,1.068763e-01,7.912429e-02,4.779494e-02,3.753246e-02,1.362227e-02,8.644027e-03,1.294648e-02
4.651054e-01,4.241974e-02,3.483073e-02,2.713432e-02,4.176497e-02,1.749324e-02,2.949534e-03,6.235364e-02,1.122135e-01,6.856450e-02,5.173309e-02,3.561945e-02,1.623595e-02,9.253285e-03,1.232861e-02
3.622478e-01,3.377001e-02,4.131147e-02,5.902884e-02,1.062948e-01,1.721156e-02,2.878593e-03,5.924799e-02,1.075691e-01,5.517277e-02,7.396573e-02,3.340824e-02,2.941256e-02,6.914057e-03,1.156647e-02
2.578548e-01,2.475981e-02,3.245764e-02,8.230973e-02,8.572096e-02,1.702313e-02,2.435404e-03,4.657924e-02,7.839237e-02,4.484814e-02,1.437710e-01,3.814895e-02,1.286596e-01,5.507795e-03,1.153148e-02
1.816117e-01,1.769594e-02,2.378734e-02,1.032387e-01,6.213696e-02,1.277474e-02,1.827824e-03,3.326013e-02,5.555629e-02,5.626346e-02,2.542602e-01,2.992430e-02,1.517649e-01,4.161875e-03,1.173567e-02
1.284696e-01,1.275791e-02,1.803478e-02,8.451613e-02,4.423118e-02,9.232229e-03,1.344504e-03,2.341479e-02,4.028627e-02,1.119234e-01,3.021077e-01,3.582651e-02,1.613974e-01,3.262513e-03,2.319510e-02
9.413229e-02,9.407020e-03,1.576851e-02,6.546719e-02,3.611694e-02,7.922236e-03,1.642514e-03,1.792060e-02,3.012021e-02,8.309787e-02,2.320413e-01,3.403969e-02,3.378724e-01,3.596209e-03,3.085499e-02
6.662472e-02,6.715435e-03,1.174281e-02,4.818312e-02,2.898783e-02,6.112232e-03,2.101830e-03,1.370799e-02,2.166066e-02,6.575916e-02,1.920988e-01,2.866505e-02,4.694473e-01,2.935845e-03,3.525718e-02
4.885462e-02,5.342163e-03,1.016343e-02,3.702012e-02,2.666312e-02,5.691943e-03,3.394658e-03,1.448417e-02,1.771553e-02,5.792812e-02,1.502885e-01,4.711258e-02,5.135992e-01,2.731782e-03,5.901003e-02
3.516533e-02,4.050736e-03,8.416994e-03,2.703753e-02,2.629613e-02,5.190208e-03,6.641816e-03,1.602104e-02,1.418352e-02,4.745901e-02,1.278547e-01,5.025255e-02,5.493765e-01,2.759262e-03,7.929467e-02
2.579709e-02,2.944223e-03,6.469517e-03,1.926197e-02,3.026813e-02,4.385375e-03,1.067612e-02,1.589459e-02,1.453390e-02,3.412303e-02,9.414728e-02,4.600198e-02,6.190106e-01,2.364939e-03,7.412124e-02
2.026312e-02,2.530170e-03,6.225586e-03,1.382332e-02,2.445335e-02,4.862491e-03,9.323024e-03,1.175754e-02,1.295780e-02,2.438449e-02,6.693402e-02,3.837683e-02,7.031549e-01,2.931385e-03,5.802187e-02
1.582001e-02,2.274040e-03,5.489817e-03,1.007204e-02,2.474130e-02,6.440911e-03,8.144749e-03,9.169089e-03,1.029672e-02,1.755742e-02,5.167927e-02,4.223538e-02,7.473198e-01,2.572179e-03,4.618724e-02
1.555419e-02,1.881858e-03,4.043156e-03,7.755049e-03,1.932715e-02,1.112975e-02,6.249161e-03,8.273134e-03,9.047368e-03,1.308325e-02,4.933242e-02,4.550714e-02,7.725902e-01,3.023751e-03,3.320239e-02
1.288155e-02,1.394609e-03,3.278222e-03,5.931727e-03,1.492686e-02,9.424035e-03,4.672393e-03,6.919809e-03,7.315218e-03,1.001954e-02,6.324039e-02,4.615347e-02,7.840446e-01,3.326863e-03,2.647063e-02
1.061653e-02,1.077701e-03,2.505989e-03,4.721475e-03,1.151066e-02,8.893335e-03,3.397333e-03,5.388262e-03,7.063081e-03,9.088569e-03,8.821152e-02,4.547313e-02,7.759608e-01,3.253100e-03,2.283846e-02
1.859916e-02,1.806722e-03,2.077886e-03,4.095854e-03,8.951125e-03,8.331791e-03,2.507987e-03,4.037414e-03,2.722587e-02,1.167484e-02,9.151207e-02,6.024393e-02,7.340022e-01,6.034122e-03,1.889895e-02
1.728141e-02,2.417896e-03,1.807348e-03,4.309290e-03,7.999266e-03,8.416404e-03,1.864282e-03,3.209692e-03,6.306274e-02,1.468879e-02,1.202622e-01,8.478226e-02,6.394233e-01,1.074271e-02,1.973242e-02
1.650126e-02,2.129416e-03,1.725378e-03,4.092060e-03,7.185177e-03,1.056229e-02,1.683525e-03,2.662754e-03,1.118213e-01,1.855950e-02,1.429094e-01,1.011675e-01,5.299442e-01,2.299200e-02,2.606431e-02
1.300941e-02,1.995957e-03,1.600991e-03,4.208589e-03,6.786088e-03,8.753210e-03,1.325984e-03,2.312728e-03,1.569182e-01,1.816460e-02,1.858795e-01,1.017940e-01,4.351315e-01,3.114647e-02,3.097270e-02
1.635204e-02,2.172081e-03,2.125463e-03,4.064095e-03,6.244583e-03,7.631605e-03,1.058482e-03,2.173949e-03,2.040952e-01,2.487266e-02,1.738052e-01,1.298457e-01,3.295219e-01,6.974117e-02,2.629589e-02
3.646995e-02,2.012812e-03,1.650013e-03,3.297238e-03,5.575741e-03,6.693656e-03,8.092750e-04,1.912913e-03,1.577372e-01,3.876805e-02,2.317608e-01,9.488941e-02,2.320752e-01,1.660039e-01,2.034385e-02
1.343896e-01,3.906967e-03,2.378837e-03,5.242719e-03,5.748818e-03,7.464211e-03,9.768376e-04,2.587406e-03,1.309112e-01,4.949163e-02,2.196769e-01,7.271512e-02,1.629939e-01,1.855596e-01,1.595619e-02
1.445736e-01,5.836744e-03,3.159380e-03,4.923292e-03,5.833623e-03,8.493343e-03,8.942793e-04,2.646562e-03,1.025130e-01,5.851719e-02,2.508082e-01,5.484679e-02,1.151099e-01,2.292874e-01,1.255677e-02
1.341325e-01,7.968195e-03,5.375824e-03,4.536307e-03,5.833033e-03,8.309204e-03,7.754670e-04,2.888985e-03,8.807312e-02,5.726535e-02,2.850592e-01,4.207493e-02,8.192986e-02,2.656741e-01,1.010389e-02
1.631183e-01,9.934487e-03,3.496079e-02,6.603593e-03,5.819815e-03,1.002674e-02,7.691262e-04,5.889273e-03,8.724213e-02,4.945528e-02,2.824119e-01,3.118027e-02,5.861010e-02,2.448915e-01,9.086635e-03
1.646256e-01,9.016197e-03,2.606402e-02,4.941791e-03,4.272437e-03,1.018486e-02,5.704831e-04,4.474588e-03,1.059773e-01,3.612064e-02,2.379971e-01,2.333834e-02,4.177047e-02,3.214107e-01,9.235537e-03
1.483765e-01,8.070301e-03,2.113053e-02,3.979462e-03,3.259704e-03,1.036181e-02,4.278428e-04,3.699513e-03,2.166290e-01,2.606616e-02,1.819849e-01,1.782304e-02,3.003490e-02,3.202079e-01,7.948483e-03
1.099827e-01,6.253966e-03,1.724116e-02,3.456193e-03,3.086188e-03,1.140022e-02,3.437909e-04,3.299075e-03,3.309279e-01,1.949134e-02,1.602078e-01,1.295185e-02,2.136185e-02,2.913315e-01,8.664457e-03
8.168041e-02,5.502801e-03,1.364414e-02,2.866084e-03,2.713991e-03,9.002430e-03,2.609909e-04,2.858052e-03,3.879409e-01,1.514186e-02,1.440266e-01,9.839051e-03,1.538855e-02,3.011425e-01,7.991685e-03
6.670122e-02,5.457324e-03,5.247972e-02,2.171583e-02,3.742134e-03,1.025703e-02,4.017745e-04,5.760044e-03,4.238339e-01,1.198811e-02,1.087471e-01,7.259783e-03,1.239185e-02,2.624277e-01,6.836557e-03
5.556792e-02,5.786992e-03,5.062869e-02,2.941541e-02,2.967923e-03,9.634833e-03,3.342598e-04,6.261413e-03,4.482026e-01,1.071043e-02,1.225971e-01,7.459976e-03,2.109406e-02,2.154488e-01,1.388963e-02
4.783766e-02,5.001977e-03,3.899242e-02,3.217565e-02,3.232212e-03,9.222729e-03,4.557063e-04,5.659217e-03,3.846304e-01,1.140204e-02,1.451278e-01,1.808949e-02,6.980059e-02,1.965616e-01,3.181046e-02
3.572005e-02,4.364179e-03,4.052818e-02,2.847402e-02,6.068707e-03,7.779270e-03,5.781632e-04,5.413246e-03,3.243279e-01,3.055143e-02,1.323739e-01,2.207009e-02,1.720912e-01,1.614102e-01,2.824946e-02
2.808995e-02,3.503446e-03,3.408549e-02,2.115582e-02,2.723052e-02,7.034187e-03,1.015870e-03,4.715009e-03,2.376390e-01,2.696627e-02,1.249447e-01,2.004302e-02,2.916728e-01,1.508833e-01,2.102065e-02
2.258541e-02,2.780395e-03,2.864707e-02,1.530952e-02,3.479697e-02,8.391087e-03,1.572770e-02,6.033670e-02,1.828150e-01,4.004365e-02,1.182020e-01,2.009012e-02,2.712495e-01,1.632841e-01,1.574077e-02
2.091431e-02,2.234138e-03,2.496352e-02,1.495389e-02,1.661288e-01,8.907157e-03,5.511502e-02,6.162344e-02,1.323884e-01,4.399594e-02,9.849817e-02,1.625211e-02,2.165988e-01,1.256451e-01,1.178115e-02
2.251564e-02,1.731813e-03,1.944245e-02,1.256432e-02,2.789629e-01,1.075233e-02,1.084345e-01,4.452859e-02,9.817113e-02,4.198525e-02,8.474749e-02,1.214639e-02,1.653560e-01,8.991223e-02,8.748941e-03
1.931573e-02,1.366094e-03,1.391804e-02,1.798565e-02,3.255064e-01,1.399486e-02,2.198042e-01,3.479561e-02,6.905939e-02,3.043390e-02,5.965587e-02,8.598812e-03,1.163067e-01,6.300546e-02,6.253351e-03
1.891257e-02,1.490783e-03,1.109450e-02,3.314761e-02,3.844265e-01,2.115220e-02,2.252940e-01,5.379251e-02,4.951147e-02,2.196360e-02,4.204858e-02,6.164287e-03,8.220325e-02,4.417975e-02,4.618340e-03
4.695284e-02,4.342022e-03,1.424618e-02,4.870796e-02,4.464940e-01,2.929791e-02,1.762995e-01,4.716738e-02,3.976512e-02,1.639090e-02,3.161913e-02,4.803548e-03,5.866427e-02,3.127259e-02,3.976584e-03
6.010869e-02,4.426202e-03,2.801122e-02,4.698049e-02,4.364970e-01,2.910443e-02,1.295063e-01,1.292071e-01,2.964232e-02,1.268459e-02,2.279541e-02,4.007617e-03,4.192834e-02,2.204841e-02,3.051818e-03
1.035616e-01,5.522465e-03,2.497113e-02,4.020968e-02,3.905250e-01,2.998084e-02,9.867576e-02,1.912083e-01,2.411707e-02,1.124940e-02,1.772149e-02,6.977297e-03,3.643103e-02,1.596790e-02,2.880950e-03
1.479243e-01,6.027903e-03,2.629480e-02,3.774914e-02,3.420381e-01,2.579337e-02,7.276635e-02,2.308876e-01,1.972781e-02,1.214028e-02,1.467270e-02,1.161641e-02,3.786655e-02,1.167085e-02,2.823768e-03
1.739912e-01,1.090935e-02,6.169932e-02,5.018863e-02,2.881929e-01,2.407166e-02,5.367810e-02,2.377768e-01,1.713280e-02,1.046399e-02,1.355910e-02,1.251142e-02,3.190127e-02,9.303598e-03,4.619751e-03
1.391872e-01,9.219001e-03,8.445591e-02,5.004103e-02,2.175557e-01,1.892523e-02,4.044257e-02,3.649620e-01,1.321786e-02,7.820355e-03,1.020503e-02,9.759506e-03,2.364752e-02,6.662400e-03,3.898611e-03
1.080784e-01,6.682473e-03,6.721584e-02,3.745452e-02,1.543243e-01,1.407705e-02,3.010954e-02,5.279702e-01,9.388079e-03,5.843955e-03,7.318263e-03,7.028264e-03,1.694833e-02,4.735974e-03,2.824756e-03
9.483662e-02,5.148276e-03,6.226130e-02,2.891041e-02,1.097149e-01,1.482426e-02,5.575109e-02,5.732829e-01,6.843435e-03,8.012684e-03,6.027660e-03,5.869695e-03,2.236549e-02,3.773532e-03,2.377759e-03
6.843063e-02,3.930449e-03,6.574033e-02,2.148747e-02,7.798015e-02,1.334470e-02,8.587722e-02,6.200026e-01,4.822168e-03,5.754559e-03,4.653641e-03,4.315529e-03,1.902207e-02,2.768219e-03,1.870260e-03
4.945885e-02,3.178588e-03,6.317529e-02,1.580380e-02,5.560302e-02,1.364223e-02,1.856149e-01,5.684714e-01,3.426889e-03,4.362671e-03,3.460335e-03,3.268713e-03,2.672984e-02,2.019666e-03,1.783811e-03
3.769633e-02,2.486844e-03,4.585112e-02,1.120165e-02,4.049624e-02,1.271301e-02,3.318675e-01,4.804284e-01,2.443999e-03,3.458046e-03,2.592740e-03,2.517799e-03,2.286796e-02,1.476207e-03,1.902139e-03
3.271018e-02,1.959633e-03,3.263473e-02,7.980430e-03,3.118070e-02,1.230481e-02,4.346976e-01,4.106203e-01,1.817077e-03,4.290466e-03,2.379356e-03,2.065899e-03,2.146588e-02,1.140948e-03,2.752022e-03
2.713792e-02,1.590796e-03,2.342501e-02,5.676115e-03,2.405518e-02,1.120028e-02,5.436834e-01,3.295582e-01,1.389083e-03,5.132746e-03,2.059032e-03,1.824758e-03,1.873811e-02,9.135657e-04,3.615682e-03
2.147790e-02,1.292849e-03,1.653335e-02,4.062808e-03,1.840092e-02,1.018823e-02,6.409348e-01,2.580240e-01,1.037717e-03,4.529820e-03,1.893074e-03,1.416018e-03,1.526546e-02,7.200314e-04,4.222896e-03
1.708040e-02,1.015779e-03,1.167904e-02,2.947645e-03,1.410696e-02,1.015691e-02,7.259535e-01,1.896954e-01,8.057194e-04,3.916481e-03,2.131509e-03,1.281067e-03,1.249115e-02,5.611524e-04,6.177128e-03
1.422741e-02,1.215728e-03,8.659560e-03,2.458991e-03,1.214190e-02,1.185921e-02,6.918287e-01,1.455348e-01,1.232940e-03,9.862381e-03,1.283164e-02,7.271579e-03,3.823758e-02,2.289573e-03,4.034794e-02
1.259868e-02,4.682150e-03,6.722783e-03,3.243425e-03,1.003804e-02,1.955563e-02,5.587579e-01,1.030914e-01,8.073070e-03,3.763083e-02,2.153627e-02,2.152606e-02,4.378886e-02,7.748477e-03,1.410064e-01
1.261056e-02,9.854782e-03,4.995067e-03,4.837434e-03,8.863622e-03,2.438792e-02,4.198175e-01,7.304321e-02,1.502160e-02,3.664628e-02,5.350940e-02,5.883774e-02,7.134902e-02,9.361879e-03,1.968640e-01
1.102534e-02,2.816642e-02,3.738386e-03,7.043534e-03,8.574719e-03,2.052949e-02,3.035325e-01,5.149346e-02,7.453887e-02,2.791002e-02,5.040321e-02,5.569262e-02,1.885407e-01,7.116179e-03,1.616946e-01
1.080093e-02,2.915171e-02,2.934268e-03,6.195582e-03,3.087536e-02,2.010786e-02,2.435768e-01,3.654294e-02,1.130982e-01,2.075290e-02,4.108809e-02,5.913940e-02,2.423758e-01,6.411297e-03,1.369488e-01
1.043128e-02,3.973025e-02,3.706215e-03,4.164834e-02,3.220824e-02,2.352444e-02,1.729795e-01,2.663484e-02,1.704820e-01,1.931299e-02,2.973901e-02,5.034286e-02,2.712934e-01,5.618747e-03,1.023479e-01
1.310618e-02,5.047762e-02,3.676241e-03,1.861576e-01,2.441988e-02,1.942722e-02,1.211436e-01,1.889780e-02,2.117648e-01,1.469937e-02,2.910906e-02,3.693906e-02,1.917747e-01,4.087788e-03,7.431910e-02
2.875509e-02,4.741976e-02,3.396234e-03,1.710952e-01,1.941184e-02,1.819174e-02,8.500785e-02,1.361989e-02,1.986935e-01,1.519071e-02,1.164826e-01,3.684705e-02,1.614012e-01,5.383595e-03,7.910374e-02
3.788820e-02,4.290028e-02,3.020981e-03,1.319519e-01,1.667471e-02,1.708327e-02,5.984903e-02,9.730670e-03,2.111136e-01,1.471695e-02,1.317668e-01,3.338208e-02,1.560808e-01,4.374644e-03,1.294661e-01
5.110560e-02,3.274358e-02,4.069528e-03,1.036070e-01,1.803862e-02,2.059802e-02,4.260554e-02,7.904995e-03,2.073254e-01,1.680491e-02,1.454130e-01,2.876548e-02,1.354192e-01,4.310575e-03,1.812885e-01
4.020119e-02,2.782424e-02,3.650619e-03,8.523553e-02,1.311688e-02,1.569126e-02,2.989146e-02,5.725503e-03,1.730394e-01,2.157248e-02,1.034887e-01,2.052321e-02,9.771347e-02,3.681787e-03,3.586442e-01
3.348603e-02,2.604534e-02,5.863394e-03,7.866280e-02,9.757383e-03,1.158028e-02,2.103307e-02,4.588877e-03,1.835013e-01,4.758749e-02,7.328183e-02,1.452771e-02,6.977054e-02,3.295245e-03,4.170187e-01
2.610166e-02,2.060702e-02,1.022713e-02,6.319205e-02,7.245527e-03,8.944946e-03,1.478162e-02,4.019277e-03,1.673549e-01,7.239665e-02,5.264613e-02,1.035982e-02,5.060858e-02,3.592574e-03,4.879222e-01
1.906062e-02,2.153511e-02,1.302901e-02,4.946026e-02,5.452713e-03,7.030184e-03,1.042485e-02,3.324212e-03,2.007748e-01,1.089358e-01,3.767543e-02,7.430029e-03,3.677887e-02,3.662410e-03,4.754257e-01
1.413326e-02,2.014782e-02,1.230769e-02,3.593656e-02,4.133461e-03,5.646084e-03,7.348030e-03,2.732316e-03,2.070450e-01,1.441793e-01,2.723223e-02,5.347455e-03,2.713592e-02,4.846918e-03,4.818280e-01
1.235148e-02,2.779406e-02,1.264442e-02,2.624013e-02,3.583303e-03,5.354370e-03,5.250006e-03,2.303877e-03,2.060659e-01,1.943186e-01,1.953802e-02,3.989253e-03,2.364741e-02,4.736644e-03,4.521825e-01
2.043001e-02,5.869756e-02,5.976127e-02,2.796476e-02,9.113420e-03,9.810248e-03,4.638296e-03,9.342533e-03,2.017262e-01,1.654202e-01,1.466499e-02,3.306542e-03,2.302730e-02,4.087123e-03,3.880095e-01
2.014941e-02,5.091091e-02,9.640615e-02,4.207461e-02,9.127593e-03,8.761468e-03,3.463136e-03,1.170525e-02,1.751759e-01,1.915544e-01,1.135431e-02,2.638154e-03,1.743658e-02,4.228754e-03,3.550133e-01
2.921005e-02,4.914650e-02,1.349984e-01,5.634032e-02,1.018804e-02,7.845199e-03,2.692656e-03,1.209316e-01,1.611816e-01,1.399292e-01,9.836174e-03,2.307093e-03,1.310856e-02,3.366803e-03,2.589177e-01
2.501755e-02,3.682404e-02,1.096767e-01,4.231802e-02,1.057560e-02,6.718339e-03,2.049682e-03,3.431399e-01,1.198630e-01,9.882411e-02,7.426847e-03,1.719818e-03,9.409994e-03,2.590319e-03,1.838461e-01
