1.000000e+00,0.000000e+00,0.000000e+00,0.000000e+00,0.000000e+00,0.000000e+00,0.000000e+00,0.000000e+00,0.000000e+00,0.000000e+00,0.000000e+00,0.000000e+00,0.000000e+00,0.000000e+00,0.000000e+00
1.000000e+00,0.000000e+00,0.000000e+00,0.000000e+00,0.000000e+00,0.000000e+00,0.000000e+00,0.000000e+00,0.000000e+00,0.000000e+00,0.000000e+00,0.000000e+00,0.000000e+00,0.000000e+00,0.000000e+00
1.000000e+00,0.000000e+00,0.000000e+00,0.000000e+00,0.000000e+00,0.000000e+00,0.000000e+00,0.000000e+00,0.000000e+00,0.000000e+00,0.000000e+00,0.000000e+00,0.000000e+00,0.000000e+00,0.000000e+00
1.000000e+00,0.000000e+00,0.000000e+00,0.000000e+00,0.000000e+00,0.000000e+00,0.000000e+00,0.000000e+00,0.000000e+00,0.000000e+00,0.000000e+00,0.000000e+00,0.000000e+00,0.000000e+00,0.000000e+00
1.000000e+00,0.000000e+00,0.000000e+00,0.000000e+00,0.000000e+00,0.000000e+00,0.000000e+00,0.000000e+00,0.000000e+00,0.000000e+00,0.000000e+00,0.000000e+00,0.000000e+00,0.000000e+00,0.000000e+00
1.000000e+00,0.000000e+00,0.000000e+00,0.000000e+00,0.000000e+00,0.000000e+00,0.000000e+00,0.000000e+00,0.000000e+00,0.000000e+00,0.000000e+00,0.000000e+00,0.000000e+00,0.000000e+00,0.000000e+00
1.000000e+00,0.000000e+00,0.000000e+00,0.000000e+00,0.000000e+00,0.000000e+00,0.000000e+00,0.000000e+00,0.000000e+00,0.000000e+00,0.000000e+00,0.000000e+00,0.000000e+00,0.000000e+00,0.000000e+00
1.000000e+00,0.000000e+00,0.000000e+00,0.000000e+00,0.000000e+00,0.000000e+00,0.000000e+00,0.000000e+00,0.000000e+00,0.000000e+00,0.000000e+00,0.000000e+00,0.000000e+00,0.000000e+00,0.000000e+00
1.000000e+00,0.000000e+00,0.000000e+00,0.000000e+00,0.000000e+00,0.000000e+00,0.000000e+00,0.000000e+00,0.000000e+00,0.000000e+00,0.000000e+00,0.000000e+00,0.000000e+00,0.000000e+00,0.000000e+00
1.000000e+00,0.000000e+00,0.000000e+00,0.000000e+00,0.000000e+00,0.000000e+00,0.000000e+00,0.000000e+00,0.000000e+00,0.000000e+00,0.000000e+00,0.000000e+00,0.000000e+00,0.000000e+00,0.000000e+00
1.000000e+00,0.000000e+00,0.000000e+00,0.000000e+00,0.000000e+00,0.000000e+00,0.000000e+00,0.000000e+00,0.000000e+00,0.000000e+00,0.000000e+00,0.000000e+00,0.000000e+00,0.000000e+00,0.000000e+00
1.000000e+00,0.000000e+00,0.000000e+00,0.000000e+00,0.000000e+00,0.000000e+00,0.000000e+00,0.000000e+00,0.000000e+00,0.000000e+00,0.000000e+00,0.000000e+00,0.000000e+00,0.000000e+00,0.000000e+00
1.000000e+00,0.000000e+00,0.000000e+00,0.000000e+00,0.000000e+00,0.000000e+00,0.000000e+00,0.000000e+00,0.000000e+00,0.000000e+00,0.000000e+00,0.000000e+00,0.000000e+00,0.000000e+00,0.000000e+00
1.000000e+00,0.000000e+00,0.000000e+00,0.000000e+00,0.000000e+00,0.000000e+00,0.000000e+00,0.000000e+00,0.000000e+00,0.000000e+00,0.000000e+00,0.000000e+00,0.000000e+00,0.000000e+00,0.000000e+00
1.000000e+00,0.000000e+00,0.000000e+00,0.000000e+00,0.000000e+00,0.000000e+00,0.000000e+00,0.000000e+00,0.000000e+00,0.000000e+00,0.000000e+00,0.000000e+00,0.000000e+00,0.000000e+00,0.000000e+00
1.000000e+00,0.000000e+00,0.000000e+00,0.000000e+00,0.000000e+00,0.000000e+00,0.000000e+00,0.000000e+00,0.000000e+00,0.000000e+00,0.000000e+00,0.000000e+00,0.000000e+00,0.000000e+00,0.000000e+00
1.000000e+00,0.000000e+00,0.000000e+00,0.000000e+00,0.000000e+00,0.000000e+00,0.000000e+00,0.000000e+00,0.000000e+00,0.000000e+00,0.000000e+00,0.000000e+00,0.000000e+00,0.000000e+00,0.000000e+00
1.000000e+00,0.000000e+00,0.000000e+00,0.000000e+00,0.000000e+00,0.000000e+00,0.000000e+00,0.000000e+00,0.000000e+00,0.000000e+00,0.000000e+00,0.000000e+00,0.000000e+00,0.000000e+00,0.000000e+00
1.000000e+00,0.000000e+00,0.000000e+00,0.000000e+00,0.000000e+00,0.000000e+00,0.000000e+00,0.000000e+00,0.000000e+00,0.000000e+00,0.000000e+00,0.000000e+00,0.000000e+00,0.000000e+00,0.000000e+00
1.000000e+00,0.000000e+00,0.000000e+00,0.000000e+00,0.000000e+00,0.000000e+00,0.000000e+00,0.000000e+00,0.000000e+00,0.000000e+00,0.000000e+00,0.000000e+00,0.000000e+00,0.000000e+00,0.000000e+00
1.000000e+00,0.000000e+00,0.000000e+00,0.000000e+00,0.000000e+00,0.000000e+00,0.000000e+00,0.000000e+00,0.000000e+00,0.000000e+00,0.000000e+00,0.000000e+00,0.000000e+00,0.000000e+00,0.000000e+00
1.000000e+00,0.000000e+00,0.000000e+00,0.000000e+00,0.000000e+00,0.000000e+00,0.000000e+00,0.000000e+00,0.000000e+00,0.000000e+00,0.000000e+00,0.000000e+00,0.000000e+00,0.000000e+00,0.000000e+00
1.000000e+00,0.000000e+00,0.000000e+00,0.000000e+00,0.000000e+00,0.000000e+00,0.000000e+00,0.000000e+00,0.000000e+00,0.000000e+00,0.000000e+00,0.000000e+00,0.000000e+00,0.000000e+00,0.000000e+00
1.000000e+00,0.000000e+00,0.000000e+00,0.000000e+00,0.000000e+00,0.000000e+00,0.000000e+00,0.000000e+00,0.000000e+00,0.000000e+00,0.000000e+00,0.000000e+00,0.000000e+00,0.000000e+00,0.000000e+00
1.000000e+00,0.000000e+00,0.000000e+00,0.000000e+00,0.000000e+00,0.000000e+00,0.000000e+00,0.000000e+00,0.000000e+00,0.000000e+00,0.000000e+00,0.000000e+00,0.000000e+00,0.000000e+00,0.000000e+00
1.000000e+00,0.000000e+00,0.000000e+00,0.000000e+00,0.000000e+00,0.000000e+00,0.000000e+00,0.000000e+00,0.000000e+00,0.000000e+00,0.000000e+00,0.000000e+00,0.000000e+00,0.000000e+00,0.000000e+00
1.000000e+00,0.000000e+00,0.000000e+00,0.000000e+00,0.000000e+00,0.000000e+00,0.000000e+00,0.000000e+00,0.000000e+00,0.000000e+00,0.000000e+00,0.000000e+00,0.000000e+00,0.000000e+00,0.000000e+00
1.000000e+00,0.000000e+00,0.000000e+00,0.000000e+00,0.000000e+00,0.000000e+00,0.000000e+00,0.000000e+00,0.000000e+00,0.000000e+00,0.000000e+00,0.000000e+00,0.000000e+00,0.000000e+00,0.000000e+00
1.000000e+00,0.000000e+00,0.000000e+00,0.000000e+00,0.000000e+00,0.000000e+00,0.000000e+00,0.000000e+00,0.000000e+00,0.000000e+00,0.000000e+00,0.000000e+00,0.000000e+00,0.000000e+00,0.000000e+00
1.000000e+00,0.000000e+00,0.000000e+00,0.000000e+00,0.000000e+00,0.000000e+00,0.000000e+00,0.000000e+00,0.000000e+00,0.000000e+00,0.000000e+00,0.000000e+00,0.000000e+00,0.000000e+00,0.000000e+00
1.000000e+00,0.000000e+00,0.000000e+00,0.000000e+00,0.000000e+00,0.000000e+00,0.000000e+00,0.000000e+00,0.000000e+00,0.000000e+00,0.000000e+00,0.000000e+00,0.000000e+00,0.000000e+00,0.000000e+00
1.000000e+00,0.000000e+00,0.000000e+00,0.000000e+00,0.000000e+00,0.000000e+00,0.000000e+00,0.000000e+00,0.000000e+00,0.000000e+00,0.000000e+00,0.000000e+00,0.000000e+00,0.000000e+00,0.000000e+00
1.000000e+00,0.000000e+00,0.000000e+00,0.000000e+00,0.000000e+00,0.000000e+00,0.000000e+00,0.000000e+00,0.000000e+00,0.000000e+00,0.000000e+00,0.000000e+00,0.000000e+00,0.000000e+00,0.000000e+00
1.000000e+00,0.000000e+00,0.000000e+00,0.000000e+00,0.000000e+00,0.000000e+00,0.000000e+00,0.000000e+00,0.000000e+00,0.000000e+00,0.000000e+00,0.000000e+00,0.000000e+00,0.000000e+00,0.000000e+00
1.000000e+00,0.000000e+00,0.000000e+00,0.000000e+00,0.000000e+00,0.000000e+00,0.000000e+00,0.000000e+00,0.000000e+00,0.000000e+00,0.000000e+00,0.000000e+00,0.000000e+00,0.000000e+00,0.000000e+00
1.000000e+00,0.000000e+00,0.000000e+00,0.000000e+00,0.000000e+00,0.000000e+00,0.000000e+00,0.000000e+00,0.000000e+00,0.000000e+00,0.000000e+00,0.000000e+00,0.000000e+00,0.000000e+00,0.000000e+00
1.000000e+00,0.000000e+00,0.000000e+00,0.000000e+00,0.000000e+00,0.000000e+00,0.000000e+00,0.000000e+00,0.000000e+00,0.000000e+00,0.000000e+00,0.000000e+00,0.000000e+00,0.000000e+00,0.000000e+00
1.000000e+00,0.000000e+00,0.000000e+00,0.000000e+00,0.000000e+00,0.000000e+00,0.000000e+00,0.000000e+00,0.000000e+00,0.000000e+00,0.000000e+00,0.000000e+00,0.000000e+00,0.000000e+00,0.000000e+00
1.000000e+00,0.000000e+00,0.000000e+00,0.000000e+00,0.000000e+00,0.000000e+00,0.000000e+00,0.000000e+00,0.000000e+00,0.000000e+00,0.000000e+00,0.000000e+00,0.000000e+00,0.000000e+00,0.000000e+00
1.000000e+00,0.000000e+00,0.000000e+00,0.000000e+00,0.000000e+00,0.000000e+00,0.000000e+00,0.000000e+00,0.000000e+00,0.000000e+00,0.000000e+00,0.000000e+00,0.000000e+00,0.000000e+00,0.000000e+00
1.000000e+00,0.000000e+00,0.000000e+00,0.000000e+00,0.000000e+00,0.000000e+00,0.000000e+00,0.000000e+00,0.000000e+00,0.000000e+00,0.000000e+00,0.000000e+00,0.000000e+00,0.000000e+00,0.000000e+00
1.000000e+00,0.000000e+00,0.000000e+00,0.000000e+00,0.000000e+00,0.000000e+00,0.000000e+00,0.000000e+00,0.000000e+00,0.000000e+00,0.000000e+00,0.000000e+00,0.000000e+00,0.000000e+00,0.000000e+00
1.000000e+00,0.000000e+00,0.000000e+00,0.000000e+00,0.000000e+00,0.000000e+00,0.000000e+00,0.000000e+00,0.000000e+00,0.000000e+00,0.000000e+00,0.000000e+00,0.000000e+00,0.000000e+00,0.000000e+00
1.000000e+00,0.000000e+00,0.000000e+00,0.000000e+00,0.000000e+00,0.000000e+00,0.000000e+00,0.000000e+00,0.000000e+00,0.000000e+00,0.000000e+00,0.000000e+00,0.000000e+00,0.000000e+00,0.000000e+00
1.000000e+00,0.000000e+00,0.000000e+00,0.000000e+00,0.000000e+00,0.000000e+00,0.000000e+00,0.000000e+00,0.000000e+00,0.000000e+00,0.000000e+00,0.000000e+00,0.000000e+00,0.000000e+00,0.000000e+00
1.000000e+00,0.000000e+00,0.000000e+00,0.000000e+00,0.000000e+00,0.000000e+00,0.000000e+00,0.000000e+00,0.000000e+00,0.000000e+00,0.000000e+00,0.000000e+00,0.000000e+00,0.000000e+00,0.000000e+00
1.000000e+00,0.000000e+00,0.000000e+00,0.000000e+00,0.000000e+00,0.000000e+00,0.000000e+00,0.000000e+00,0.000000e+00,0.000000e+00,0.000000e+00,0.000000e+00,0.000000e+00,0.000000e+00,0.000000e+00
1.000000e+00,0.000000e+00,0.000000e+00,0.000000e+00,0.000000e+00,0.000000e+00,0.000000e+00,0.000000e+00,0.000000e+00,0.000000e+00,0.000000e+00,0.000000e+00,0.000000e+00,0.000000e+00,0.000000e+00
1.000000e+00,0.000000e+00,0.000000e+00,0.000000e+00,0.000000e+00,0.000000e+00,0.000000e+00,0.000000e+00,0.000000e+00,0.000000e+00,0.000000e+00,0.000000e+00,0.000000e+00,0.000000e+00,0.000000e+00
1.000000e+00,0.000000e+00,0.000000e+00,0.000000e+00,0.000000e+00,0.000000e+00,0.000000e+00,0.000000e+00,0.000000e+00,0.000000e+00,0.000000e+00,0.000000e+00,0.000000e+00,0.000000e+00,0.000000e+00
1.000000e+00,0.000000e+00,0.000000e+00,0.000000e+00,0.000000e+00,0.000000e+00,0.000000e+00,0.000000e+00,0.000000e+00,0.000000e+00,0.000000e+00,0.000000e+00,0.000000e+00,0.000000e+00,0.000000e+00
1.000000e+00,0.000000e+00,0.000000e+00,0.000000e+00,0.000000e+00,0.000000e+00,0.000000e+00,0.000000e+00,0.000000e+00,0.000000e+00,0.000000e+00,0.000000e+00,0.000000e+00,0.000000e+00,0.000000e+00
1.000000e+00,0.000000e+00,0.000000e+00,0.000000e+00,0.000000e+00,0.000000e+00,0.000000e+00,0.000000e+00,0.000000e+00,0.000000e+00,0.000000e+00,0.000000e+00,0.000000e+00,0.000000e+00,0.000000e+00
1.000000e+00,0.000000e+00,0.000000e+00,0.000000e+00,0.000000e+00,0.000000e+00,0.000000e+00,0.000000e+00,0.000000e+00,0.000000e+00,0.000000e+00,0.000000e+00,0.000000e+00,0.000000e+00,0.000000e+00
1.000000e+00,0.000000e+00,0.000000e+00,0.000000e+00,0.000000e+00,0.000000e+00,0.000000e+00,0.000000e+00,0.000000e+00,0.000000e+00,0.000000e+00,0.000000e+00,0.000000e+00,0.000000e+00,0.000000e+00
1.000000e+00,0.000000e+00,0.000000e+00,0.000000e+00,0.000000e+00,0.000000e+00,0.000000e+00,0.000000e+00,0.000000e+00,0.000000e+00,0.000000e+00,0.000000e+00,0.000000e+00,0.000000e+00,0.000000e+00
1.000000e+00,0.000000e+00,0.000000e+00,0.000000e+00,0.000000e+00,0.000000e+00,0.000000e+00,0.000000e+00,0.000000e+00,0.000000e+00,0.000000e+00,0.000000e+00,0.000000e+00,0.000000e+00,0.000000e+00
1.000000e+00,0.000000e+00,0.000000e+00,0.000000e+00,0.000000e+00,0.000000e+00,0.000000e+00,0.000000e+00,0.000000e+00,0.000000e+00,0.000000e+00,0.000000e+00,0.000000e+00,0.000000e+00,0.000000e+00
1.000000e+00,0.000000e+00,0.000000e+00,0.000000e+00,0.000000e+00,0.000000e+00,0.000000e+00,0.000000e+00,0.000000e+00,0.000000e+00,0.000000e+00,0.000000e+00,0.000000e+00,0.000000e+00,0.000000e+00
1.000000e+00,0.000000e+00,0.000000e+00,0.000000e+00,0.000000e+00,0.000000e+00,0.000000e+00,0.000000e+00,0.000000e+00,0.000000e+00,0.000000e+00,0.000000e+00,0.000000e+00,0.000000e+00,0.000000e+00
1.000000e+00,0.000000e+00,0.000000e+00,0.000000e+00,0.000000e+00,0.000000e+00,0.000000e+00,0.000000e+00,0.000000e+00,0.000000e+00,0.000000e+00,0.000000e+00,0.000000e+00,0.000000e+00,0.000000e+00
1.000000e+00,0.000000e+00,0.000000e+00,0.000000e+00,0.000000e+00,0.000000e+00,0.000000e+00,0.000000e+00,0.000000e+00,0.000000e+00,0.000000e+00,0.000000e+00,0.000000e+00,0.000000e+00,0.000000e+00
3.846293e-01,9.054437e-03,4.677779e-03,1.898803e-02,3.639899e-03,2.063020e-02,2.303427e-03,4.623220e-03,2.956659e-03,1.130749e-03,4.978422e-01,3.026550e-02,8.913679e-03,2.907672e-03,7.437268e-03
2.695634e-01,6.428240e-03,3.284190e-03,1.330782e-02,2.600459e-03,1.528003e-02,1.632117e-03,3.267605e-03,2.141242e-03,8.532183e-04,6.249325e-01,4.260616e-02,6.275587e-03,2.319314e-03,5.507992e-03
1.887867e-01,5.171472e-03,2.356742e-03,9.408558e-03,2.070838e-03,1.291148e-02,1.207550e-03,2.341460e-03,2.268772e-03,1.053984e-03,6.008505e-01,1.539087e-01,4.453079e-03,3.393371e-03,9.816688e-03
1.321710e-01,3.887057e-03,1.688663e-03,6.642922e-03,1.707630e-03,1.190388e-02,1.021291e-03,1.702959e-03,2.082849e-03,1.025292e-03,6.776242e-01,1.447241e-01,3.159834e-03,2.672915e-03,7.985302e-03
9.255461e-02,2.839582e-03,1.205352e-03,4.680146e-03,1.343749e-03,1.144729e-02,8.403904e-04,1.221193e-03,1.794146e-03,8.822995e-04,7.479626e-01,1.225941e-01,2.234674e-03,2.298108e-03,6.101736e-03
6.485999e-02,2.405340e-03,8.772774e-04,3.351804e-03,1.522288e-03,1.480148e-02,7.833358e-04,9.055283e-04,2.122745e-03,9.665900e-04,7.622333e-01,1.348455e-01,1.599018e-03,2.306206e-03,6.419654e-03
4.571900e-02,2.879468e-03,7.278769e-04,2.509927e-03,1.971557e-03,1.999963e-02,7.660751e-04,7.070416e-04,2.924796e-03,2.192012e-03,6.855301e-01,2.137517e-01,1.181962e-03,3.444645e-03,1.569422e-02
3.274669e-02,2.294759e-03,5.713804e-04,1.847466e-03,2.429515e-03,1.820473e-02,9.223206e-04,1.150079e-03,4.296110e-03,2.599629e-03,6.061251e-01,3.101372e-01,9.822808e-04,3.736883e-03,1.195593e-02
2.317628e-02,2.714787e-03,4.419307e-04,1.342186e-03,2.336418e-03,1.549140e-02,7.445029e-04,9.564380e-04,7.353045e-03,2.763663e-03,5.115718e-01,4.160474e-01,9.208631e-04,4.272307e-03,9.866939e-03
1.706684e-02,2.600538e-02,1.284554e-03,1.191331e-03,3.961115e-03,1.455683e-02,6.454714e-04,1.409469e-03,1.815801e-02,3.691149e-03,3.838569e-01,5.052173e-01,8.683931e-04,5.190458e-03,1.689679e-02
1.267049e-02,2.200229e-02,2.371807e-03,1.157327e-03,2.575932e-02,1.352822e-02,2.157318e-03,2.887544e-03,4.075644e-02,4.889538e-03,2.839014e-01,5.675987e-01,8.073833e-04,4.788906e-03,1.472329e-02
9.441182e-03,1.773353e-02,2.432446e-03,1.094005e-03,2.650699e-02,1.231526e-02,2.650863e-03,4.357737e-03,5.412931e-02,4.907237e-03,2.180161e-01,6.292357e-01,8.378770e-04,4.469463e-03,1.187223e-02
6.944044e-03,1.493554e-02,3.590265e-03,1.105488e-03,2.581637e-02,1.420126e-02,2.810264e-03,3.950600e-03,5.487029e-02,6.726536e-03,1.702514e-01,6.780115e-01,1.070152e-03,4.535920e-03,1.118030e-02
5.351761e-03,1.114556e-02,3.061657e-03,9.595586e-04,2.695419e-02,1.321604e-02,3.733330e-03,4.449417e-03,8.864225e-02,6.340244e-03,1.383224e-01,6.824341e-01,1.805265e-03,5.301238e-03,8.282932e-03
4.113717e-03,9.669099e-03,3.628023e-03,9.151301e-04,2.625446e-02,1.266456e-02,2.880127e-03,4.279269e-03,1.011847e-01,5.463836e-03,1.115713e-01,7.036148e-01,2.736863e-03,4.525671e-03,6.498466e-03
3.424725e-03,7.112465e-03,3.705445e-03,7.448712e-04,3.851807e-02,1.168480e-02,3.263937e-03,4.272250e-03,9.861402e-02,7.174975e-03,8.606035e-02,7.191174e-01,5.566975e-03,5.996968e-03,4.742774e-03
2.985795e-03,5.761249e-03,3.503404e-03,6.232218e-04,3.462530e-02,1.043565e-02,2.750429e-03,4.343716e-03,9.259611e-02,7.147724e-03,6.513294e-02,7.533079e-01,7.464245e-03,5.853369e-03,3.468888e-03
5.693623e-03,4.660215e-03,8.897219e-03,1.729437e-03,4.076703e-02,1.902952e-02,4.347337e-03,7.128333e-02,1.061375e-01,7.687405e-03,5.400627e-02,6.573957e-01,1.111065e-02,4.709702e-03,2.545124e-03
9.705578e-03,7.423620e-03,1.200810e-02,2.587802e-03,8.457997e-02,3.985229e-02,5.118877e-03,6.791447e-02,2.081145e-01,1.665125e-02,5.229571e-02,4.777807e-01,9.437804e-03,4.449102e-03,2.080214e-03
1.878805e-02,6.331921e-03,1.385371e-02,6.329166e-03,1.825976e-01,4.173235e-02,6.555917e-03,6.253834e-02,2.147882e-01,2.147627e-02,6.423099e-02,3.476110e-01,7.635249e-03,3.776799e-03,1.754524e-03
2.678164e-02,8.086356e-03,1.701296e-02,1.074997e-02,2.437622e-01,4.511072e-02,8.941695e-03,6.283607e-02,2.023041e-01,2.917989e-02,7.370372e-02,2.568597e-01,8.916292e-03,3.785804e-03,1.968815e-03
3.800955e-02,1.025458e-02,1.735019e-02,1.297884e-02,2.945382e-01,5.185007e-02,1.151978e-02,6.183369e-02,1.691036e-01,2.801364e-02,9.308030e-02,1.980412e-01,7.890956e-03,3.638911e-03,1.896531e-03
5.397193e-02,1.435828e-02,3.095270e-02,3.675482e-02,3.063268e-01,5.011166e-02,1.197415e-02,8.428045e-02,1.352683e-01,2.364850e-02,9.381653e-02,1.446001e-01,7.092949e-03,4.505053e-03,2.337732e-03
8.771266e-02,2.832007e-02,2.800646e-02,4.886227e-02,2.773419e-01,4.277683e-02,8.834315e-03,6.558588e-02,1.223824e-01,3.123658e-02,1.203709e-01,1.134758e-01,6.070078e-03,8.806489e-03,1.021739e-02
9.388542e-02,3.721884e-02,2.707358e-02,1.411212e-01,2.257988e-01,3.356801e-02,6.630379e-03,4.815007e-02,1.155837e-01,3.766656e-02,9.625739e-02,1.068798e-01,7.929540e-03,7.357448e-03,1.487932e-02
1.048153e-01,6.624469e-02,2.203008e-02,1.242582e-01,1.769998e-01,3.123200e-02,4.841329e-03,3.917358e-02,1.289258e-01,7.295675e-02,1.067677e-01,8.677240e-02,7.477586e-03,1.034067e-02,1.716420e-02
1.094252e-01,1.049516e-01,1.783866e-02,1.010425e-01,1.499562e-01,3.123748e-02,3.755070e-03,3.082145e-02,1.511338e-01,8.255301e-02,1.003691e-01,6.730185e-02,7.027176e-03,1.693657e-02,2.565027e-02
9.022115e-02,1.645172e-01,1.592850e-02,1.256609e-01,1.108645e-01,2.490478e-02,3.107065e-03,2.309746e-02,1.726241e-01,9.170828e-02,7.310244e-02,5.208639e-02,6.417327e-03,1.258808e-02,3.317185e-02
7.177227e-02,1.689023e-01,2.113631e-02,1.204426e-01,8.246820e-02,1.980040e-02,4.766876e-03,2.116565e-02,1.805128e-01,1.348194e-01,5.475112e-02,3.890806e-02,9.471219e-03,9.636376e-03,6.144651e-02
5.699755e-02,1.879684e-01,2.156038e-02,1.160102e-01,5.950698e-02,1.555917e-02,3.848664e-03,1.941724e-02,1.974985e-01,1.478504e-01,4.834799e-02,3.227667e-02,1.049552e-02,8.927707e-03,7.373467e-02
5.473077e-02,1.916300e-01,2.191033e-02,1.135911e-01,4.380251e-02,1.289274e-02,3.164648e-03,1.996731e-02,2.438093e-01,1.278239e-01,3.954862e-02,2.639631e-02,9.237137e-03,9.498603e-03,8.199668e-02
5.628410e-02,1.600954e-01,1.739641e-02,9.004316e-02,4.067428e-02,1.318852e-02,2.941660e-03,2.139860e-02,3.358631e-01,9.780808e-02,3.384922e-02,2.193945e-02,9.228874e-03,1.137085e-02,8.791837e-02
6.438584e-02,1.376415e-01,2.421953e-02,1.200428e-01,3.384980e-02,1.205764e-02,2.291397e-03,1.748133e-02,3.227408e-01,7.632493e-02,3.394539e-02,1.930935e-02,1.147288e-02,1.376120e-02,1.104756e-01
6.324331e-02,1.174932e-01,2.612359e-02,1.411592e-01,2.665785e-02,1.010543e-02,1.790218e-03,1.306473e-02,2.592227e-01,6.254415e-02,3.814929e-02,2.342495e-02,1.597796e-02,5.624855e-02,1.447949e-01
9.828880e-02,1.013823e-01,1.943378e-02,1.112921e-01,2.204208e-02,1.172893e-02,1.454825e-03,1.097228e-02,2.668589e-01,4.542312e-02,1.068542e-01,2.266403e-02,2.687766e-02,4.337483e-02,1.113520e-01
1.056206e-01,8.606897e-02,1.632870e-02,8.489864e-02,2.773258e-02,1.164806e-02,1.440835e-03,8.543297e-03,3.613418e-01,3.307325e-02,9.716661e-02,1.829971e-02,2.415666e-02,3.421974e-02,8.946054e-02
9.308267e-02,1.006697e-01,1.349419e-02,1.026011e-01,2.222862e-02,1.229567e-02,1.231530e-03,6.590414e-03,3.932844e-01,2.465809e-02,7.473380e-02,1.607027e-02,2.841492e-02,2.695974e-02,8.368488e-02
6.963542e-02,1.098014e-01,1.214582e-02,1.852618e-01,1.623510e-02,1.307787e-02,1.012618e-03,4.919623e-03,3.548549e-01,1.787006e-02,7.775585e-02,1.476349e-02,2.982434e-02,2.155190e-02,7.128980e-02
5.215735e-02,7.874362e-02,8.733258e-03,1.520108e-01,1.146338e-02,2.470527e-02,1.139453e-03,3.794672e-03,2.571221e-01,1.344329e-02,2.079374e-01,4.914281e-02,7.358061e-02,1.545986e-02,5.056608e-02
3.810718e-02,5.647183e-02,6.387731e-03,1.273195e-01,9.960958e-03,1.893897e-02,9.586774e-04,2.935059e-03,2.313562e-01,1.022420e-02,2.695861e-01,6.695578e-02,1.135293e-01,1.093361e-02,3.633472e-02
2.841104e-02,7.151549e-02,5.419233e-03,1.842990e-01,7.670395e-03,1.539686e-02,7.635501e-04,2.395961e-03,2.936600e-01,8.443234e-03,2.060487e-01,5.307280e-02,8.385941e-02,1.021404e-02,2.883025e-02
2.549320e-02,6.664933e-02,4.570201e-03,1.484603e-01,7.218355e-03,1.701459e-02,9.470447e-04,2.349328e-03,2.998491e-01,7.677010e-03,2.013584e-01,5.353289e-02,1.264560e-01,1.108400e-02,2.734029e-02
2.343995e-02,5.974833e-02,4.621070e-03,1.147796e-01,7.022527e-03,2.232525e-02,1.287914e-03,2.953654e-03,3.188252e-01,7.374612e-03,2.184877e-01,5.511878e-02,1.301453e-01,9.465138e-03,2.440501e-02
1.964640e-02,7.877795e-02,7.572237e-03,8.586770e-02,7.657186e-03,2.386664e-02,1.501347e-03,3.015803e-03,4.234769e-01,6.537003e-03,1.612661e-01,4.130432e-02,1.054820e-01,8.988439e-03,2.503998e-02
1.730069e-02,8.677076e-02,1.588909e-02,8.956578e-02,8.561522e-03,2.621275e-02,1.660410e-03,3.588856e-03,4.370218e-01,1.078022e-02,1.145333e-01,3.098994e-02,9.568752e-02,1.002361e-02,5.141370e-02
1.914745e-02,9.235983e-02,1.491349e-02,1.291496e-01,7.355088e-03,2.384831e-02,1.306335e-03,4.761486e-03,4.503673e-01,1.261205e-02,8.206919e-02,2.230742e-02,6.839965e-02,8.507508e-03,6.289519e-02
2.327853e-02,7.748488e-02,2.313478e-02,1.370017e-01,1.020451e-02,3.133916e-02,1.374399e-03,6.429862e-03,4.527762e-01,2.534900e-02,6.355958e-02,1.701781e-02,5.067072e-02,1.112717e-02,6.925164e-02
3.950829e-02,7.548840e-02,4.200794e-02,1.243445e-01,1.781891e-02,3.531725e-02,1.393070e-03,7.307926e-03,3.664762e-01,9.170742e-02,4.950028e-02,1.570697e-02,3.980350e-02,1.046804e-02,8.315127e-02
3.900910e-02,6.609780e-02,7.507236e-02,1.045657e-01,1.756865e-02,2.605554e-02,1.179344e-03,7.373997e-03,2.971370e-01,1.620160e-01,3.687130e-02,1.224715e-02,2.891254e-02,8.134570e-03,1.177589e-01
4.788544e-02,6.576465e-02,1.092287e-01,8.013867e-02,1.741473e-02,2.262970e-02,1.092774e-03,1.125056e-02,2.424035e-01,1.628990e-01,2.723224e-02,1.051730e-02,2.164023e-02,7.672819e-03,1.722297e-01
4.261747e-02,6.234550e-02,1.071102e-01,7.290259e-02,1.343911e-02,1.770212e-02,1.009341e-03,9.043748e-03,1.951413e-01,1.824418e-01,2.213743e-02,9.879924e-03,1.906956e-02,6.811284e-03,2.383487e-01
4.690950e-02,6.112005e-02,8.350776e-02,5.632810e-02,1.150565e-02,1.535420e-02,1.304585e-03,9.752141e-03,1.939476e-01,2.057624e-01,2.206618e-02,1.307957e-02,2.337078e-02,1.776922e-02,2.382223e-01
1.111990e-01,4.860524e-02,6.049945e-02,4.356717e-02,9.285002e-03,2.066216e-02,1.699788e-03,9.922710e-03,1.782856e-01,1.677041e-01,2.190710e-02,3.810975e-02,3.919825e-02,3.828770e-02,2.110671e-01
1.310812e-01,3.713724e-02,4.291102e-02,3.321525e-02,9.063283e-03,1.882817e-02,2.465940e-03,7.625422e-03,1.726476e-01,1.180470e-01,3.216441e-02,5.243223e-02,1.342303e-01,4.506163e-02,1.630894e-01
1.310136e-01,2.675930e-02,3.031361e-02,2.407225e-02,9.522455e-03,2.119387e-02,3.419142e-03,6.351159e-03,1.316374e-01,8.324345e-02,3.247666e-02,5.228528e-02,2.564874e-01,6.078151e-02,1.304429e-01
1.028192e-01,2.290624e-02,2.228652e-02,1.889061e-02,9.455267e-03,1.734758e-02,2.972493e-03,5.462640e-03,9.805033e-02,5.953171e-02,3.492828e-02,7.065816e-02,3.711199e-01,6.355325e-02,1.000179e-01
7.384118e-02,1.668250e-02,1.615003e-02,1.388560e-02,7.832166e-03,1.305793e-02,2.419266e-03,4.022907e-03,7.079960e-02,4.252490e-02,3.350333e-02,9.662314e-02,4.891660e-01,4.803221e-02,7.145935e-02
5.206463e-02,1.355515e-02,1.457938e-02,1.002390e-02,9.003296e-03,9.543476e-03,1.750455e-03,2.847595e-03,5.142969e-02,3.245049e-02,2.625285e-02,9.723428e-02,5.921055e-01,3.449173e-02,5.266761e-02
3.650697e-02,9.629007e-03,1.210522e-02,7.083260e-03,9.330349e-03,7.168234e-03,1.342177e-03,2.279871e-03,3.690532e-02,2.465005e-02,1.900164e-02,8.495035e-02,6.846988e-01,2.538904e-02,3.895973e-02
2.614171e-02,7.493112e-03,9.602407e-03,5.193959e-03,7.911187e-03,5.589569e-03,1.453371e-03,2.158639e-03,2.795876e-02,1.981367e-02,1.398696e-02,8.822353e-02,7.292714e-01,2.466853e-02,3.053324e-02
2.002073e-02,6.131029e-03,1.358378e-02,4.630819e-03,8.697141e-03,6.260566e-03,3.104945e-03,2.011752e-03,2.723004e-02,4.043824e-02,1.271384e-02,1.266539e-01,6.787311e-01,1.972906e-02,3.006318e-02
1.547717e-02,5.287938e-03,1.382544e-02,3.890317e-03,1.508230e-02,5.401568e-03,6.197601e-03,1.822418e-03,3.088322e-02,4.981741e-02,1.182649e-02,1.232291e-01,6.685913e-01,1.472426e-02,3.394353e-02
1.251237e-02,5.287119e-03,1.429492e-02,3.152784e-03,1.337124e-02,4.390193e-03,5.505601e-03,2.649859e-03,3.450674e-02,8.934607e-02,1.163099e-02,1.178767e-01,6.406080e-01,1.093323e-02,3.393430e-02
1.597141e-02,5.643827e-03,1.441217e-02,2.932819e-03,1.145615e-02,5.375404e-03,5.145573e-03,4.201493e-03,3.590558e-02,1.916247e-01,1.345719e-02,1.060771e-01,5.455617e-01,8.234953e-03,3.399993e-02
3.298775e-02,5.736190e-03,1.370421e-02,2.479320e-03,9.461842e-03,4.538534e-03,4.109027e-03,3.610286e-03,3.318821e-02,3.210007e-01,1.336141e-02,1.133703e-01,4.074796e-01,6.318623e-03,2.865400e-02
4.082125e-02,5.309547e-03,1.293745e-02,2.953301e-03,7.650566e-03,4.046652e-03,3.249238e-03,3.018920e-03,3.130861e-02,4.295733e-01,1.348469e-02,1.247938e-01,2.946199e-01,4.811841e-03,2.142093e-02
4.648162e-02,6.382354e-03,1.059065e-02,2.999872e-03,1.088090e-02,3.323402e-03,3.352491e-03,2.916336e-03,9.778428e-02,4.054551e-01,2.039929e-02,1.450349e-01,2.234182e-01,3.640535e-03,1.734012e-02
4.249394e-02,5.744225e-03,9.378510e-03,5.366135e-03,3.612624e-02,3.223978e-03,5.284095e-03,6.887833e-03,1.233410e-01,3.943499e-01,2.361346e-02,1.418211e-01,1.856074e-01,2.794304e-03,1.396795e-02
3.838753e-02,4.635362e-03,6.833630e-03,5.337095e-03,3.309259e-02,4.408523e-03,4.169763e-03,6.663383e-03,1.250321e-01,4.291854e-01,3.183867e-02,1.483519e-01,1.486639e-01,2.393410e-03,1.100689e-02
3.441532e-02,3.842827e-03,4.914446e-03,4.292587e-03,2.742787e-02,3.748299e-03,3.143260e-03,6.719907e-03,1.227127e-01,4.729995e-01,3.735566e-02,1.516950e-01,1.165983e-01,2.069219e-03,8.065050e-03
2.882405e-02,6.107762e-03,3.883445e-03,3.526977e-03,2.564670e-02,4.279623e-03,2.593856e-03,7.868802e-03,2.611440e-01,3.842518e-01,4.000483e-02,1.334641e-01,9.069091e-02,1.691140e-03,6.022055e-03
2.358216e-02,8.682191e-03,2.943709e-03,2.758972e-03,2.289757e-02,5.803504e-03,2.369254e-03,1.415471e-02,3.162511e-01,3.083667e-01,4.027700e-02,1.724526e-01,7.295957e-02,1.841932e-03,4.658955e-03
2.331449e-02,1.082068e-02,3.015583e-03,3.665018e-03,2.048702e-02,7.294090e-03,1.920906e-03,1.326960e-02,3.361387e-01,2.592313e-01,3.532742e-02,2.189934e-01,6.039970e-02,1.898339e-03,4.223788e-03
1.969264e-02,1.199044e-02,3.005614e-03,3.691959e-03,2.160130e-02,6.176847e-03,1.405442e-03,1.427551e-02,3.687141e-01,2.199164e-01,3.132227e-02,2.390101e-01,5.375488e-02,1.918345e-03,3.524173e-03
1.471419e-02,1.057742e-02,2.154629e-03,2.791970e-03,1.963574e-02,5.300957e-03,1.145975e-03,1.088746e-02,5.278404e-01,1.577892e-01,2.421796e-02,1.800078e-01,3.900581e-02,1.378158e-03,2.552358e-03
1.116318e-02,8.591201e-03,1.767623e-03,3.427412e-03,2.024575e-02,4.295904e-03,8.582304e-04,1.036241e-02,6.503943e-01,1.111150e-01,1.733802e-02,1.299654e-01,2.764136e-02,9.933747e-04,1.840844e-03
9.441133e-03,8.912589e-03,1.541468e-03,5.497694e-03,2.534554e-02,5.611257e-03,7.468823e-04,8.549709e-03,7.216146e-01,7.906734e-02,1.264390e-02,9.914052e-02,1.974223e-02,7.542466e-04,1.390920e-03
1.226083e-02,1.381486e-02,2.155921e-03,6.697704e-03,5.101764e-02,6.846947e-03,1.200625e-03,1.023040e-02,7.389010e-01,5.876032e-02,9.293156e-03,7.265418e-02,1.425991e-02,5.934032e-04,1.313086e-03
1.236970e-02,2.037189e-02,3.155271e-03,5.289407e-03,7.344231e-02,6.502292e-03,1.987387e-03,2.444306e-02,7.354251e-01,4.543244e-02,6.907426e-03,5.266682e-02,1.023173e-02,5.539649e-04,1.221234e-03
1.552393e-02,2.469160e-02,3.346968e-03,4.193255e-03,1.275356e-01,7.430119e-03,5.199082e-03,7.580098e-02,6.462758e-01,3.713848e-02,5.138650e-03,3.869674e-02,7.423407e-03,5.159843e-04,1.089426e-03
1.680632e-02,2.336275e-02,5.928461e-03,3.693637e-03,1.641757e-01,6.766938e-03,1.027747e-02,7.357388e-02,6.291732e-01,2.688182e-02,3.980908e-03,2.776699e-02,5.772771e-03,6.305795e-04,1.208575e-03
1.834770e-02,2.854099e-02,9.463657e-03,3.518007e-03,1.616527e-01,6.513359e-03,3.224800e-02,1.226101e-01,5.648905e-01,2.062060e-02,3.328728e-03,2.021604e-02,6.044431e-03,8.743117e-04,1.130811e-03
3.002921e-02,3.366864e-02,7.326784e-03,2.755923e-03,1.402037e-01,5.175509e-03,3.450726e-02,1.302356e-01,5.699999e-01,1.914427e-02,2.790515e-03,1.499682e-02,5.392933e-03,2.379006e-03,1.393851e-03
3.346023e-02,3.016871e-02,5.482890e-03,2.089884e-03,1.102341e-01,4.507775e-03,2.823590e-02,1.416443e-01,6.063710e-01,1.569672e-02,2.469622e-03,1.119700e-02,4.455167e-03,2.743074e-03,1.243683e-03
4.926138e-02,2.606758e-02,4.535586e-03,1.751007e-03,8.833475e-02,4.566493e-03,3.801661e-02,2.290888e-01,5.200361e-01,1.414832e-02,2.552765e-03,9.239288e-03,6.208133e-03,4.709000e-03,1.484300e-03
8.455944e-02,2.822307e-02,4.942039e-03,2.155056e-03,6.990229e-02,4.858507e-03,4.105037e-02,3.072466e-01,4.163302e-01,1.496307e-02,2.386383e-03,8.857686e-03,5.637899e-03,6.594686e-03,2.292708e-03
1.155159e-01,3.728166e-02,6.409173e-03,3.043381e-03,5.379974e-02,5.881113e-03,5.305219e-02,3.415022e-01,3.369197e-01,1.712416e-02,2.517832e-03,9.271791e-03,6.191462e-03,7.932204e-03,3.557541e-03
1.463763e-01,3.855415e-02,7.948791e-03,4.230078e-03,4.417553e-02,1.088065e-02,5.761441e-02,3.384828e-01,2.931034e-01,2.145645e-02,4.044068e-03,1.152924e-02,8.585753e-03,7.329613e-03,5.688844e-03
1.192546e-01,2.825040e-02,8.618722e-03,5.977956e-03,3.640469e-02,9.951386e-03,6.097094e-02,4.716119e-01,2.129502e-01,1.618975e-02,3.487309e-03,9.379077e-03,7.280324e-03,5.336536e-03,4.336301e-03
1.041957e-01,2.056059e-02,1.013585e-02,8.014394e-03,3.635859e-02,9.419248e-03,5.259085e-02,5.677003e-01,1.532926e-01,1.222257e-02,3.418821e-03,8.194163e-03,6.564958e-03,3.892884e-03,3.438465e-03
9.661023e-02,1.528240e-02,9.457527e-03,7.613478e-03,4.492818e-02,9.189389e-03,4.622560e-02,6.223219e-01,1.123925e-01,9.648123e-03,4.114863e-03,9.058496e-03,6.894816e-03,2.970113e-03,3.292458e-03
1.142315e-01,1.169012e-02,1.070295e-02,9.699808e-03,4.592500e-02,8.565259e-03,3.880120e-02,6.415209e-01,8.383411e-02,7.935302e-03,4.553540e-03,1.016675e-02,7.029617e-03,2.353730e-03,2.990226e-03
9.664200e-02,8.718603e-03,9.469626e-03,1.288279e-02,4.194856e-02,6.871315e-03,2.878470e-02,7.063119e-01,5.977276e-02,5.935142e-03,3.900369e-03,8.290831e-03,6.041348e-03,1.762415e-03,2.667586e-03
9.429898e-02,6.551829e-03,8.979695e-03,2.205772e-02,4.080372e-02,5.644700e-03,2.051015e-02,7.345896e-01,4.267536e-02,4.609241e-03,3.349914e-03,6.726845e-03,5.126658e-03,1.383665e-03,2.691945e-03
1.041284e-01,9.652078e-03,1.237456e-02,3.783057e-02,4.157918e-02,5.404769e-03,1.485700e-02,6.811290e-01,3.229542e-02,2.266184e-02,1.149006e-02,1.090879e-02,9.429372e-03,2.058043e-03,4.200927e-03
7.777382e-02,1.356066e-02,2.353831e-02,7.752868e-02,3.225263e-02,4.931938e-03,1.076937e-02,5.053101e-01,2.453775e-02,3.279220e-02,4.540918e-02,1.118096e-01,2.751839e-02,7.521384e-03,4.746016e-03
6.001749e-02,1.248045e-02,2.185829e-02,1.262141e-01,2.577369e-02,5.352742e-03,8.733291e-03,3.762996e-01,2.073371e-02,2.825120e-02,4.821767e-02,2.300759e-01,2.219016e-02,9.105834e-03,4.695765e-03
4.548880e-02,9.082193e-03,1.580393e-02,1.010282e-01,2.561099e-02,6.946790e-03,8.599507e-03,2.793296e-01,1.635278e-02,2.057863e-02,1.250347e-01,3.143290e-01,1.590424e-02,1.208278e-02,3.827816e-03
3.308252e-02,7.193217e-03,1.132402e-02,7.191384e-02,2.567378e-02,5.573774e-03,6.237337e-03,1.964400e-01,1.212046e-02,1.561917e-02,1.562549e-01,3.715520e-01,1.168190e-02,7.251764e-02,2.815328e-03
2.811507e-02,5.454282e-03,8.230289e-03,5.064709e-02,2.109419e-02,5.793237e-03,5.053598e-03,1.384421e-01,9.256033e-03,1.195598e-02,2.426519e-01,3.839404e-01,8.533819e-03,7.864189e-02,2.190100e-03
2.013208e-02,4.109015e-03,5.945808e-03,3.555023e-02,2.044973e-02,5.247935e-03,3.692074e-03,9.714238e-02,7.514083e-03,9.007107e-03,3.233827e-01,3.579582e-01,6.482726e-03,1.017189e-01,1.667140e-03
1.442490e-02,3.118693e-03,4.252307e-03,2.491155e-02,1.575974e-02,4.210277e-03,2.679967e-03,6.808237e-02,6.563886e-03,7.156654e-03,4.253116e-01,3.278880e-01,5.098894e-03,8.929279e-02,1.248498e-03
1.059601e-02,3.332543e-03,4.166635e-03,1.756080e-02,1.420093e-02,3.810902e-03,2.221490e-03,4.796043e-02,7.086441e-03,7.293829e-03,5.184253e-01,2.767314e-01,4.298737e-03,8.127096e-02,1.043551e-03
7.502650e-03,2.520403e-03,2.984094e-03,1.240974e-02,1.071298e-02,2.960768e-03,1.569543e-03,3.361312e-02,1.293613e-02,7.563202e-03,5.458891e-01,2.575348e-01,3.286582e-03,9.771022e-02,8.066365e-04
5.305827e-03,2.803419e-03,2.291611e-03,8.799770e-03,8.530039e-03,2.320567e-03,1.116540e-03,2.355948e-02,3.802166e-02,6.936914e-03,5.412321e-01,2.474806e-01,2.375268e-03,1.085143e-01,7.118788e-04
3.855659e-03,1.046910e-02,3.191619e-03,6.317100e-03,1.040043e-02,3.558057e-03,8.353376e-04,1.654240e-02,5.694547e-02,9.467883e-03,4.915164e-01,2.030115e-01,2.017029e-03,1.809094e-01,9.626352e-04
3.066165e-03,2.305557e-02,1.107694e-02,5.068791e-03,1.390546e-02,7.921545e-03,6.780557e-04,1.178920e-02,1.056725e-01,1.345575e-02,4.460326e-01,1.548561e-01,1.864910e-03,2.000775e-01,1.478952e-03
3.475284e-03,2.686564e-02,1.473500e-02,4.612377e-03,1.803298e-02,2.076808e-02,7.011665e-04,8.768500e-03,1.899663e-01,3.882579e-02,3.848847e-01,1.179939e-01,2.455977e-03,1.647732e-01,3.140966e-03
5.915398e-03,2.672632e-02,1.713604e-02,4.953663e-03,2.155430e-02,3.844064e-02,6.409084e-04,6.482613e-03,2.556582e-01,3.939909e-02,3.341630e-01,8.690366e-02,5.222499e-03,1.498911e-01,6.912499e-03
5.684988e-03,2.035975e-02,1.268292e-02,4.899199e-03,3.258878e-02,3.694244e-02,5.680160e-04,5.067567e-03,3.907773e-01,3.268385e-02,2.605835e-01,6.368367e-02,7.696762e-03,1.202935e-01,5.487731e-03
5.092541e-03,1.558139e-02,9.102970e-03,4.355992e-03,2.379675e-02,2.822842e-02,4.755415e-04,3.631751e-03,3.275162e-01,3.147630e-02,3.867219e-01,5.175281e-02,1.529523e-02,9.224990e-02,4.722239e-03
4.146753e-03,1.197596e-02,6.485946e-03,3.308538e-03,1.716024e-02,2.188046e-02,5.177202e-04,2.615076e-03,2.608729e-01,2.432385e-02,5.028740e-01,4.473083e-02,2.457173e-02,6.794001e-02,6.596048e-03
3.896896e-03,1.178783e-02,4.909915e-03,2.723680e-03,1.527982e-02,4.211102e-02,1.315656e-03,1.206256e-02,3.033144e-01,2.292929e-02,4.285536e-01,5.003221e-02,4.410391e-02,5.044083e-02,6.538340e-03
3.734749e-03,1.245741e-02,3.605225e-03,2.268352e-03,1.136097e-02,6.180538e-02,1.032601e-03,1.048649e-02,3.026036e-01,1.997170e-02,3.414522e-01,5.230185e-02,1.342935e-01,3.673641e-02,5.889677e-03
3.040199e-03,1.199130e-02,2.727303e-03,1.764556e-03,1.273234e-02,6.872296e-02,1.104277e-03,9.871022e-03,4.304753e-01,1.534019e-02,2.607481e-01,3.906525e-02,1.117429e-01,2.620520e-02,4.469088e-03
4.006662e-03,2.156084e-02,2.891111e-03,1.721698e-03,4.655195e-02,7.360626e-02,2.879302e-03,1.325937e-02,4.871100e-01,1.195724e-02,2.006407e-01,2.849196e-02,8.295143e-02,1.868926e-02,3.682261e-03
4.087939e-03,3.208132e-02,2.257731e-03,1.599588e-03,4.452803e-02,6.796558e-02,2.194304e-03,9.899239e-03,5.772654e-01,8.506640e-03,1.474446e-01,2.118031e-02,6.462168e-02,1.330330e-02,3.064378e-03
3.563694e-03,3.369363e-02,1.673568e-03,4.476911e-03,4.203505e-02,8.991516e-02,1.598474e-03,7.605086e-03,6.108000e-01,6.326973e-03,1.116322e-01,1.716200e-02,5.573206e-02,9.529375e-03,4.255795e-03
4.748027e-03,2.519142e-02,1.372151e-03,4.957601e-03,3.240401e-02,8.773832e-02,1.282489e-03,7.014483e-03,4.766647e-01,4.853198e-03,1.130955e-01,5.516537e-02,1.734596e-01,7.664547e-03,4.388544e-03
9.517746e-03,2.303471e-02,2.374828e-03,5.330144e-03,4.066265e-02,7.305029e-02,3.126580e-03,8.276640e-03,4.386103e-01,3.765042e-03,1.182189e-01,5.190543e-02,2.115228e-01,5.744436e-03,4.859534e-03
1.850064e-02,2.875249e-02,1.440230e-02,6.783206e-03,4.234190e-02,9.135573e-02,3.000565e-03,1.015883e-02,3.641719e-01,3.312851e-03,9.888589e-02,4.736070e-02,2.557667e-01,4.764609e-03,1.044162e-02
2.035264e-02,2.332379e-02,1.421903e-02,7.926057e-03,5.150359e-02,8.875699e-02,3.446143e-03,1.577674e-02,2.963779e-01,2.796406e-03,8.632867e-02,5.109587e-02,3.190439e-01,4.052383e-03,1.499989e-02
1.820287e-02,1.755415e-02,2.084613e-02,6.194030e-03,4.538208e-02,6.476489e-02,3.347396e-03,1.756221e-02,2.104140e-01,2.506027e-03,6.421335e-02,4.856877e-02,4.497523e-01,3.133104e-03,2.755873e-02
2.640998e-02,1.353978e-02,3.425433e-02,4.871713e-03,4.243048e-02,4.719659e-02,5.985251e-03,2.005311e-02,1.527034e-01,2.716650e-03,4.765045e-02,5.488659e-02,4.697980e-01,2.518155e-03,7.498544e-02
2.346165e-02,1.039646e-02,3.594081e-02,4.457979e-03,3.785919e-02,3.578259e-02,5.988096e-03,6.211951e-02,1.098029e-01,3.437510e-03,3.848651e-02,7.165988e-02,4.627425e-01,2.447376e-03,9.541699e-02
2.150087e-02,7.599604e-03,2.862656e-02,4.681985e-03,2.941036e-02,4.053680e-02,4.501487e-03,8.545116e-02,7.770684e-02,3.106667e-03,4.606032e-02,7.824268e-02,4.993093e-01,3.136002e-03,7.012928e-02
2.168642e-02,5.967231e-03,2.416285e-02,5.075085e-03,2.935077e-02,3.070605e-02,6.116281e-03,6.943774e-02,5.674902e-02,2.802748e-03,4.158986e-02,1.716508e-01,4.751996e-01,2.836055e-03,5.666954e-02
2.633994e-02,4.506408e-03,2.309970e-02,4.846756e-03,3.813365e-02,2.243723e-02,8.352751e-03,1.051827e-01,4.175064e-02,3.159557e-03,4.672574e-02,1.406217e-01,4.803963e-01,2.503686e-03,5.194323e-02
3.332430e-02,3.861258e-03,1.963397e-02,9.420820e-03,3.639557e-02,1.890197e-02,7.444778e-03,1.121660e-01,3.310250e-02,4.029347e-03,7.112055e-02,1.279992e-01,4.782276e-01,4.030990e-03,4.034116e-02
3.859013e-02,3.356007e-03,1.826162e-02,9.699805e-03,3.430014e-02,1.436194e-02,6.047171e-03,1.090073e-01,3.050068e-02,4.950101e-03,1.067977e-01,1.164956e-01,4.660724e-01,5.812587e-03,3.574688e-02
3.881776e-02,2.997058e-03,1.628178e-02,9.520631e-03,2.997844e-02,1.221614e-02,4.898602e-03,1.033147e-01,2.933823e-02,9.292927e-03,1.360412e-01,1.314217e-01,4.402571e-01,5.405101e-03,3.021866e-02
3.684020e-02,3.481021e-03,2.205525e-02,8.525406e-03,3.043796e-02,9.820007e-03,6.987340e-03,1.125863e-01,4.053795e-02,1.001510e-02,1.590377e-01,1.664279e-01,3.651222e-01,4.245794e-03,2.387985e-02
4.460345e-02,3.388675e-03,2.737369e-02,9.092261e-03,4.535253e-02,8.694904e-03,6.015066e-03,1.456260e-01,3.878187e-02,1.046585e-02,1.829925e-01,1.267039e-01,3.228704e-01,4.315365e-03,2.372348e-02
4.219396e-02,3.247631e-03,2.651321e-02,7.706481e-03,9.997870e-02,7.591233e-03,1.069442e-02,1.978748e-01,4.319149e-02,1.039538e-02,1.654660e-01,9.546062e-02,2.630397e-01,3.649876e-03,2.299650e-02
4.275483e-02,4.037606e-03,3.145433e-02,8.270729e-03,2.043192e-01,7.613258e-03,2.682609e-02,2.002342e-01,3.886292e-02,8.381912e-03,1.309792e-01,6.866395e-02,1.992696e-01,3.133662e-03,2.519859e-02
4.168909e-02,9.604060e-03,5.540220e-02,4.490643e-02,2.932267e-01,9.186460e-03,3.335057e-02,1.618720e-01,3.321977e-02,6.609518e-03,9.584103e-02,4.913451e-02,1.448081e-01,2.389510e-03,1.876007e-02
6.805427e-02,1.147166e-02,6.294396e-02,4.651318e-02,3.373152e-01,1.666764e-02,3.573326e-02,1.442871e-01,3.097324e-02,6.190666e-03,7.127960e-02,3.616424e-02,1.086762e-01,2.344794e-03,2.138500e-02
6.816415e-02,1.131695e-02,8.040406e-02,4.219510e-02,3.630285e-01,1.705062e-02,3.450924e-02,1.666470e-01,2.787367e-02,4.647051e-03,5.381671e-02,2.675982e-02,8.268793e-02,1.846135e-03,1.905309e-02
7.231362e-02,1.049233e-02,1.031804e-01,3.448933e-02,3.384285e-01,1.446303e-02,3.419480e-02,2.303516e-01,2.473414e-02,3.416240e-03,3.838746e-02,1.913426e-02,6.068622e-02,1.434519e-03,1.429356e-02
9.555193e-02,9.292256e-03,8.486059e-02,2.764190e-02,2.947882e-01,1.261066e-02,2.808077e-02,3.250354e-01,2.052713e-02,2.600353e-03,2.785091e-02,1.386289e-02,4.527186e-02,1.156861e-03,1.086834e-02
1.430966e-01,8.326313e-03,6.463228e-02,2.117028e-02,2.322880e-01,1.618591e-02,2.703936e-02,3.895807e-01,1.663609e-02,2.224024e-03,2.032178e-02,1.231229e-02,3.575284e-02,1.040778e-03,9.392702e-03
1.570802e-01,6.935912e-03,4.738113e-02,1.613305e-02,1.929940e-01,1.572488e-02,2.307197e-02,4.647860e-01,1.333089e-02,1.745557e-03,1.467158e-02,1.034095e-02,2.758362e-02,8.472481e-04,7.373021e-03
