1.000000e+00,0.000000e+00,0.000000e+00,0.000000e+00,0.000000e+00,0.000000e+00,0.000000e+00,0.000000e+00,0.000000e+00,0.000000e+00,0.000000e+00,0.000000e+00,0.000000e+00,0.000000e+00,0.000000e+00
1.000000e+00,0.000000e+00,0.000000e+00,0.000000e+00,0.000000e+00,0.000000e+00,0.000000e+00,0.000000e+00,0.000000e+00,0.000000e+00,0.000000e+00,0.000000e+00,0.000000e+00,0.000000e+00,0.000000e+00
1.000000e+00,0.000000e+00,0.000000e+00,0.000000e+00,0.000000e+00,0.000000e+00,0.000000e+00,0.000000e+00,0.000000e+00,0.000000e+00,0.000000e+00,0.000000e+00,0.000000e+00,0.000000e+00,0.000000e+00
1.000000e+00,0.000000e+00,0.000000e+00,0.000000e+00,0.000000e+00,0.000000e+00,0.000000e+00,0.000000e+00,0.000000e+00,0.000000e+00,0.000000e+00,0.000000e+00,0.000000e+00,0.000000e+00,0.000000e+00
1.000000e+00,0.000000e+00,0.000000e+00,0.000000e+00,0.000000e+00,0.000000e+00,0.000000e+00,0.000000e+00,0.000000e+00,0.000000e+00,0.000000e+00,0.000000e+00,0.000000e+00,0.000000e+00,0.000000e+00
1.000000e+00,0.000000e+00,0.000000e+00,0.000000e+00,0.000000e+00,0.000000e+00,0.000000e+00,0.000000e+00,0.000000e+00,0.000000e+00,0.000000e+00,0.000000e+00,0.000000e+00,0.000000e+00,0.000000e+00
1.000000e+00,0.000000e+00,0.000000e+00,0.000000e+00,0.000000e+00,0.000000e+00,0.000000e+00,0.000000e+00,0.000000e+00,0.000000e+00,0.000000e+00,0.000000e+00,0.000000e+00,0.000000e+00,0.000000e+00
1.000000e+00,0.000000e+00,0.000000e+00,0.000000e+00,0.000000e+00,0.000000e+00,0.000000e+00,0.000000e+00,0.000000e+00,0.000000e+00,0.000000e+00,0.000000e+00,0.000000e+00,0.000000e+00,0.000000e+00
1.000000e+00,0.000000e+00,0.000000e+00,0.000000e+00,0.000000e+00,0.000000e+00,0.000000e+00,0.000000e+00,0.000000e+00,0.000000e+00,0.000000e+00,0.000000e+00,0.000000e+00,0.000000e+00,0.000000e+00
1.000000e+00,0.000000e+00,0.000000e+00,0.000000e+00,0.000000e+00,0.000000e+00,0.000000e+00,0.000000e+00,0.000000e+00,0.000000e+00,0.000000e+00,0.000000e+00,0.000000e+00,0.000000e+00,0.000000e+00
1.000000e+00,0.000000e+00,0.000000e+00,0.000000e+00,0.000000e+00,0.000000e+00,0.000000e+00,0.000000e+00,0.000000e+00,0.000000e+00,0.000000e+00,0.000000e+00,0.000000e+00,0.000000e+00,0.000000e+00
1.000000e+00,0.000000e+00,0.000000e+00,0.000000e+00,0.000000e+00,0.000000e+00,0.000000e+00,0.000000e+00,0.000000e+00,0.000000e+00,0.000000e+00,0.000000e+00,0.000000e+00,0.000000e+00,0.000000e+00
1.000000e+00,0.000000e+00,0.000000e+00,0.000000e+00,0.000000e+00,0.000000e+00,0.000000e+00,0.000000e+00,0.000000e+00,0.000000e+00,0.000000e+00,0.000000e+00,0.000000e+00,0.000000e+00,0.000000e+00
1.000000e+00,0.000000e+00,0.000000e+00,0.000000e+00,0.000000e+00,0.000000e+00,0.000000e+00,0.000000e+00,0.000000e+00,0.000000e+00,0.000000e+00,0.000000e+00,0.000000e+00,0.000000e+00,0.000000e+00
1.000000e+00,0.000000e+00,0.000000e+00,0.000000e+00,0.000000e+00,0.000000e+00,0.000000e+00,0.000000e+00,0.000000e+00,0.000000e+00,0.000000e+00,0.000000e+00,0.000000e+00,0.000000e+00,0.000000e+00
1.000000e+00,0.000000e+00,0.000000e+00,0.000000e+00,0.000000e+00,0.000000e+00,0.000000e+00,0.000000e+00,0.000000e+00,0.000000e+00,0.000000e+00,0.000000e+00,0.000000e+00,0.000000e+00,0.000000e+00
1.000000e+00,0.000000e+00,0.000000e+00,0.000000e+00,0.000000e+00,0.000000e+00,0.000000e+00,0.000000e+00,0.000000e+00,0.000000e+00,0.000000e+00,0.000000e+00,0.000000e+00,0.000000e+00,0.000000e+00
1.000000e+00,0.000000e+00,0.000000e+00,0.000000e+00,0.000000e+00,0.000000e+00,0.000000e+00,0.000000e+00,0.000000e+00,0.000000e+00,0.000000e+00,0.000000e+00,0.000000e+00,0.000000e+00,0.000000e+00
1.000000e+00,0.000000e+00,0.000000e+00,0.000000e+00,0.000000e+00,0.000000e+00,0.000000e+00,0.000000e+00,0.000000e+00,0.000000e+00,0.000000e+00,0.000000e+00,0.000000e+00,0.000000e+00,0.000000e+00
1.000000e+00,0.000000e+00,0.000000e+00,0.000000e+00,0.000000e+00,0.000000e+00,0.000000e+00,0.000000e+00,0.000000e+00,0.000000e+00,0.000000e+00,0.000000e+00,0.000000e+00,0.000000e+00,0.000000e+00
1.000000e+00,0.000000e+00,0.000000e+00,0.000000e+00,0.000000e+00,0.000000e+00,0.000000e+00,0.000000e+00,0.000000e+00,0.000000e+00,0.000000e+00,0.000000e+00,0.000000e+00,0.000000e+00,0.000000e+00
1.000000e+00,0.000000e+00,0.000000e+00,0.000000e+00,0.000000e+00,0.000000e+00,0.000000e+00,0.000000e+00,0.000000e+00,0.000000e+00,0.000000e+00,0.000000e+00,0.000000e+00,0.000000e+00,0.000000e+00
1.000000e+00,0.000000e+00,0.000000e+00,0.000000e+00,0.000000e+00,0.000000e+00,0.000000e+00,0.000000e+00,0.000000e+00,0.000000e+00,0.000000e+00,0.000000e+00,0.000000e+00,0.000000e+00,0.000000e+00
1.000000e+00,0.000000e+00,0.000000e+00,0.000000e+00,0.000000e+00,0.000000e+00,0.000000e+00,0.000000e+00,0.000000e+00,0.000000e+00,0.000000e+00,0.000000e+00,0.000000e+00,0.000000e+00,0.000000e+00
1.000000e+00,0.000000e+00,0.000000e+00,0.000000e+00,0.000000e+00,0.000000e+00,0.000000e+00,0.000000e+00,0.000000e+00,0.000000e+00,0.000000e+00,0.000000e+00,0.000000e+00,0.000000e+00,0.000000e+00
1.000000e+00,0.000000e+00,0.000000e+00,0.000000e+00,0.000000e+00,0.000000e+00,0.000000e+00,0.000000e+00,0.000000e+00,0.000000e+00,0.000000e+00,0.000000e+00,0.000000e+00,0.000000e+00,0.000000e+00
1.000000e+00,0.000000e+00,0.000000e+00,0.000000e+00,0.000000e+00,0.000000e+00,0.000000e+00,0.000000e+00,0.000000e+00,0.000000e+00,0.000000e+00,0.000000e+00,0.000000e+00,0.000000e+00,0.000000e+00
1.000000e+00,0.000000e+00,0.000000e+00,0.000000e+00,0.000000e+00,0.000000e+00,0.000000e+00,0.000000e+00,0.000000e+00,0.000000e+00,0.000000e+00,0.000000e+00,0.000000e+00,0.000000e+00,0.000000e+00
1.000000e+00,0.000000e+00,0.000000e+00,0.000000e+00,0.000000e+00,0.000000e+00,0.000000e+00,0.000000e+00,0.000000e+00,0.000000e+00,0.000000e+00,0.000000e+00,0.000000e+00,0.000000e+00,0.000000e+00
1.000000e+00,0.000000e+00,0.000000e+00,0.000000e+00,0.000000e+00,0.000000e+00,0.000000e+00,0.000000e+00,0.000000e+00,0.000000e+00,0.000000e+00,0.000000e+00,0.000000e+00,0.000000e+00,0.000000e+00
1.000000e+00,0.000000e+00,0.000000e+00,0.000000e+00,0.000000e+00,0.000000e+00,0.000000e+00,0.000000e+00,0.000000e+00,0.000000e+00,0.000000e+00,0.000000e+00,0.000000e+00,0.000000e+00,0.000000e+00
1.000000e+00,0.000000e+00,0.000000e+00,0.000000e+00,0.000000e+00,0.000000e+00,0.000000e+00,0.000000e+00,0.000000e+00,0.000000e+00,0.000000e+00,0.000000e+00,0.000000e+00,0.000000e+00,0.000000e+00
1.000000e+00,0.000000e+00,0.000000e+00,0.000000e+00,0.000000e+00,0.000000e+00,0.000000e+00,0.000000e+00,0.000000e+00,0.000000e+00,0.000000e+00,0.000000e+00,0.000000e+00,0.000000e+00,0.000000e+00
1.000000e+00,0.000000e+00,0.000000e+00,0.000000e+00,0.000000e+00,0.000000e+00,0.000000e+00,0.000000e+00,0.000000e+00,0.000000e+00,0.000000e+00,0.000000e+00,0.000000e+00,0.000000e+00,0.000000e+00
1.000000e+00,0.000000e+00,0.000000e+00,0.000000e+00,0.000000e+00,0.000000e+00,0.000000e+00,0.000000e+00,0.000000e+00,0.000000e+00,0.000000e+00,0.000000e+00,0.000000e+00,0.000000e+00,0.000000e+00
1.000000e+00,0.000000e+00,0.000000e+00,0.000000e+00,0.000000e+00,0.000000e+00,0.000000e+00,0.000000e+00,0.000000e+00,0.000000e+00,0.000000e+00,0.000000e+00,0.000000e+00,0.000000e+00,0.000000e+00
1.000000e+00,0.000000e+00,0.000000e+00,0.000000e+00,0.000000e+00,0.000000e+00,0.000000e+00,0.000000e+00,0.000000e+00,0.000000e+00,0.000000e+00,0.000000e+00,0.000000e+00,0.000000e+00,0.000000e+00
1.000000e+00,0.000000e+00,0.000000e+00,0.000000e+00,0.000000e+00,0.000000e+00,0.000000e+00,0.000000e+00,0.000000e+00,0.000000e+00,0.000000e+00,0.000000e+00,0.000000e+00,0.000000e+00,0.000000e+00
1.000000e+00,0.000000e+00,0.000000e+00,0.000000e+00,0.000000e+00,0.000000e+00,0.000000e+00,0.000000e+00,0.000000e+00,0.000000e+00,0.000000e+00,0.000000e+00,0.000000e+00,0.000000e+00,0.000000e+00
1.000000e+00,0.000000e+00,0.000000e+00,0.000000e+00,0.000000e+00,0.000000e+00,0.000000e+00,0.000000e+00,0.000000e+00,0.000000e+00,0.000000e+00,0.000000e+00,0.000000e+00,0.000000e+00,0.000000e+00
1.000000e+00,0.000000e+00,0.000000e+00,0.000000e+00,0.000000e+00,0.000000e+00,0.000000e+00,0.000000e+00,0.000000e+00,0.000000e+00,0.000000e+00,0.000000e+00,0.000000e+00,0.000000e+00,0.000000e+00
1.000000e+00,0.000000e+00,0.000000e+00,0.000000e+00,0.000000e+00,0.000000e+00,0.000000e+00,0.000000e+00,0.000000e+00,0.000000e+00,0.000000e+00,0.000000e+00,0.000000e+00,0.000000e+00,0.000000e+00
1.000000e+00,0.000000e+00,0.000000e+00,0.000000e+00,0.000000e+00,0.000000e+00,0.000000e+00,0.000000e+00,0.000000e+00,0.000000e+00,0.000000e+00,0.000000e+00,0.000000e+00,0.000000e+00,0.000000e+00
1.000000e+00,0.000000e+00,0.000000e+00,0.000000e+00,0.000000e+00,0.000000e+00,0.000000e+00,0.000000e+00,0.000000e+00,0.000000e+00,0.000000e+00,0.000000e+00,0.000000e+00,0.000000e+00,0.000000e+00
1.000000e+00,0.000000e+00,0.000000e+00,0.000000e+00,0.000000e+00,0.000000e+00,0.000000e+00,0.000000e+00,0.000000e+00,0.000000e+00,0.000000e+00,0.000000e+00,0.000000e+00,0.000000e+00,0.000000e+00
1.000000e+00,0.000000e+00,0.000000e+00,0.000000e+00,0.000000e+00,0.000000e+00,0.000000e+00,0.000000e+00,0.000000e+00,0.000000e+00,0.000000e+00,0.000000e+00,0.000000e+00,0.000000e+00,0.000000e+00
1.000000e+00,0.000000e+00,0.000000e+00,0.000000e+00,0.000000e+00,0.000000e+00,0.000000e+00,0.000000e+00,0.000000e+00,0.000000e+00,0.000000e+00,0.000000e+00,0.000000e+00,0.000000e+00,0.000000e+00
1.000000e+00,0.000000e+00,0.000000e+00,0.000000e+00,0.000000e+00,0.000000e+00,0.000000e+00,0.000000e+00,0.000000e+00,0.000000e+00,0.000000e+00,0.000000e+00,0.000000e+00,0.000000e+00,0.000000e+00
1.000000e+00,0.000000e+00,0.000000e+00,0.000000e+00,0.000000e+00,0.000000e+00,0.000000e+00,0.000000e+00,0.000000e+00,0.000000e+00,0.000000e+00,0.000000e+00,0.000000e+00,0.000000e+00,0.000000e+00
1.000000e+00,0.000000e+00,0.000000e+00,0.000000e+00,0.000000e+00,0.000000e+00,0.000000e+00,0.000000e+00,0.000000e+00,0.000000e+00,0.000000e+00,0.000000e+00,0.000000e+00,0.000000e+00,0.000000e+00
1.000000e+00,0.000000e+00,0.000000e+00,0.000000e+00,0.000000e+00,0.000000e+00,0.000000e+00,0.000000e+00,0.000000e+00,0.000000e+00,0.000000e+00,0.000000e+00,0.000000e+00,0.000000e+00,0.000000e+00
1.000000e+00,0.000000e+00,0.000000e+00,0.000000e+00,0.000000e+00,0.000000e+00,0.000000e+00,0.000000e+00,0.000000e+00,0.000000e+00,0.000000e+00,0.000000e+00,0.000000e+00,0.000000e+00,0.000000e+00
1.000000e+00,0.000000e+00,0.000000e+00,0.000000e+00,0.000000e+00,0.000000e+00,0.000000e+00,0.000000e+00,0.000000e+00,0.000000e+00,0.000000e+00,0.000000e+00,0.000000e+00,0.000000e+00,0.000000e+00
1.000000e+00,0.000000e+00,0.000000e+00,0.000000e+00,0.000000e+00,0.000000e+00,0.000000e+00,0.000000e+00,0.000000e+00,0.000000e+00,0.000000e+00,0.000000e+00,0.000000e+00,0.000000e+00,0.000000e+00
1.000000e+00,0.000000e+00,0.000000e+00,0.000000e+00,0.000000e+00,0.000000e+00,0.000000e+00,0.000000e+00,0.000000e+00,0.000000e+00,0.000000e+00,0.000000e+00,0.000000e+00,0.000000e+00,0.000000e+00
1.000000e+00,0.000000e+00,0.000000e+00,0.000000e+00,0.000000e+00,0.000000e+00,0.000000e+00,0.000000e+00,0.000000e+00,0.000000e+00,0.000000e+00,0.000000e+00,0.000000e+00,0.000000e+00,0.000000e+00
1.000000e+00,0.000000e+00,0.000000e+00,0.000000e+00,0.000000e+00,0.000000e+00,0.000000e+00,0.000000e+00,0.000000e+00,0.000000e+00,0.000000e+00,0.000000e+00,0.000000e+00,0.000000e+00,0.000000e+00
1.000000e+00,0.000000e+00,0.000000e+00,0.000000e+00,0.000000e+00,0.000000e+00,0.000000e+00,0.000000e+00,0.000000e+00,0.000000e+00,0.000000e+00,0.000000e+00,0.000000e+00,0.000000e+00,0.000000e+00
4.748276e-01,3.279380e-02,1.520279e-02,2.794506e-01,5.102200e-03,4.633473e-02,3.405982e-03,1.789389e-02,3.882331e-03,1.606082e-03,7.345979e-02,2.030699e-02,1.147702e-02,2.704211e-03,1.155196e-02
3.323992e-01,2.375476e-02,1.093584e-02,3.719706e-01,3.912718e-03,3.251109e-02,2.401048e-03,1.255971e-02,3.092242e-03,3.325924e-03,1.487417e-01,3.347710e-02,1.029531e-02,2.345863e-03,8.277006e-03
2.327010e-01,1.672081e-02,7.822640e-03,3.050822e-01,3.400062e-03,2.304679e-02,1.690987e-03,8.806407e-03,2.396207e-03,3.364637e-03,2.475679e-01,1.300877e-01,8.040122e-03,3.353770e-03,5.918832e-03
1.629160e-01,1.173749e-02,5.583699e-03,2.303094e-01,4.106048e-03,1.743164e-02,1.193485e-03,6.182064e-03,2.096577e-03,2.689261e-03,2.901256e-01,2.517797e-01,6.195405e-03,3.382044e-03,4.271508e-03
1.140698e-01,8.290092e-03,3.950071e-03,1.703813e-01,9.066656e-03,1.259197e-02,8.398903e-04,4.339224e-03,3.849380e-03,2.287493e-03,2.818481e-01,3.760475e-01,5.079434e-03,4.259344e-03,3.099722e-03
7.992414e-02,5.962132e-03,2.790897e-03,1.238315e-01,1.104765e-02,9.316274e-03,5.896119e-04,3.045933e-03,5.857644e-03,2.106407e-03,2.622491e-01,4.825357e-01,4.262652e-03,4.200778e-03,2.279566e-03
5.639511e-02,5.293536e-03,1.993930e-03,8.860894e-02,1.645950e-02,7.126187e-03,4.141360e-04,2.157396e-03,9.212263e-03,1.660164e-03,2.234324e-01,5.781637e-01,3.754666e-03,3.516514e-03,1.811552e-03
3.957824e-02,4.529999e-03,1.440853e-03,6.316757e-02,1.948162e-02,5.266252e-03,2.913798e-04,1.560670e-03,1.104152e-02,1.287683e-03,1.916763e-01,6.531687e-01,3.068443e-03,3.082955e-03,1.357788e-03
2.782188e-02,4.373884e-03,1.050807e-03,4.525600e-02,2.036282e-02,3.960087e-03,2.053617e-04,1.145514e-03,1.369172e-02,1.085198e-03,1.722572e-01,7.018555e-01,2.559179e-03,3.340195e-03,1.034638e-03
1.970519e-02,3.887150e-03,7.689319e-04,3.254147e-02,1.991649e-02,3.125711e-03,1.504330e-04,9.174388e-04,1.547763e-02,1.089736e-03,1.590173e-01,7.353698e-01,2.468213e-03,4.746113e-03,8.183835e-04
1.433859e-02,3.257951e-03,5.661152e-04,2.368473e-02,2.577006e-02,3.144770e-03,1.146221e-04,7.423760e-04,1.305767e-02,1.109166e-03,1.526988e-01,7.503535e-01,2.330318e-03,8.046556e-03,7.848314e-04
1.044626e-02,2.880039e-03,4.706254e-04,1.711885e-02,3.024986e-02,4.642970e-03,1.213208e-04,7.100332e-04,1.089567e-02,1.701261e-03,1.717087e-01,7.357612e-01,2.374990e-03,9.948751e-03,9.695144e-04
9.309920e-03,2.819053e-03,6.655585e-04,1.217926e-02,4.284575e-02,7.404176e-03,2.201441e-04,1.677105e-03,1.055261e-02,2.458946e-03,1.603045e-01,7.355124e-01,2.534645e-03,1.043059e-02,1.085379e-03
7.605067e-03,2.320644e-03,6.149447e-04,8.800974e-03,8.137070e-02,6.400556e-03,3.265793e-04,2.710374e-03,1.064336e-02,2.325456e-03,1.382936e-01,7.264464e-01,2.312927e-03,8.857607e-03,9.708796e-04
9.296022e-03,2.377493e-03,6.599214e-04,6.347627e-03,8.373130e-02,5.989960e-03,1.489631e-03,4.673692e-03,1.762373e-02,2.756289e-03,1.853051e-01,6.668093e-01,2.575987e-03,8.468715e-03,1.895224e-03
8.693978e-03,2.099951e-03,6.900296e-04,4.552471e-03,7.231121e-02,6.808315e-03,1.941831e-03,4.597681e-03,1.838710e-02,2.973509e-03,2.071209e-01,6.572904e-01,2.657948e-03,7.811891e-03,2.062789e-03
6.940600e-03,1.663528e-03,5.665657e-04,3.213682e-03,5.257452e-02,5.604308e-03,1.548167e-03,3.461558e-03,1.587898e-02,3.033889e-03,2.850453e-01,6.083326e-01,3.675875e-03,6.744461e-03,1.715933e-03
5.697893e-03,1.605025e-03,5.425563e-04,2.275708e-03,4.211818e-02,4.898399e-03,1.640737e-03,3.734251e-03,2.110327e-02,3.243022e-03,3.945571e-01,5.082899e-01,3.663568e-03,5.276677e-03,1.353782e-03
6.079566e-03,2.383480e-03,1.437910e-03,1.679441e-03,8.208325e-02,5.148476e-03,9.450183e-03,7.231030e-03,4.119790e-02,3.762048e-03,4.131194e-01,4.169760e-01,3.499386e-03,4.658964e-03,1.292915e-03
6.451936e-03,2.007513e-03,1.662652e-03,1.267572e-03,9.282874e-02,5.167747e-03,1.016820e-02,7.653845e-03,3.808498e-02,2.915862e-03,5.145448e-01,3.083477e-01,4.083603e-03,3.591539e-03,1.223292e-03
8.107577e-03,2.353715e-03,6.140051e-03,1.164697e-03,1.499303e-01,5.358327e-03,1.442308e-02,7.253717e-03,3.492343e-02,2.207934e-03,5.343412e-01,2.254217e-01,4.231921e-03,2.864429e-03,1.277884e-03
7.891083e-03,2.949956e-03,6.607403e-03,1.098266e-03,1.144098e-01,6.281595e-03,1.064887e-02,6.592415e-03,2.851492e-02,1.840177e-03,6.409827e-01,1.628321e-01,6.035018e-03,2.098086e-03,1.217478e-03
1.150529e-02,4.649851e-03,5.042437e-02,1.331474e-03,9.125268e-02,5.526529e-03,7.570100e-03,9.914996e-02,2.283410e-02,1.677383e-03,5.714484e-01,1.206370e-01,8.695390e-03,2.066451e-03,1.230908e-03
1.427915e-02,5.601289e-03,8.226164e-02,1.475064e-03,8.270473e-02,4.618747e-03,5.384557e-03,1.492278e-01,2.060977e-02,1.513768e-03,5.321144e-01,8.827121e-02,8.571557e-03,2.229289e-03,1.136941e-03
1.769906e-02,4.828843e-03,1.248787e-01,1.815624e-03,9.361371e-02,4.323347e-03,3.968555e-03,1.585220e-01,1.826565e-02,1.308637e-03,4.955579e-01,6.358463e-02,8.738040e-03,1.921747e-03,9.736472e-04
2.609261e-02,8.191810e-03,1.533640e-01,2.494964e-03,9.665918e-02,4.173301e-03,3.036650e-03,1.514535e-01,2.203795e-02,1.301899e-03,4.717216e-01,4.759660e-02,8.341897e-03,1.898257e-03,1.635748e-03
3.224478e-02,1.931687e-02,1.726601e-01,4.318485e-03,9.163370e-02,4.594452e-03,2.596319e-03,1.838646e-01,3.560805e-02,1.941805e-03,4.019442e-01,3.593159e-02,7.900117e-03,2.087464e-03,3.357372e-03
3.033214e-02,5.005099e-02,1.476281e-01,4.060601e-03,8.926284e-02,1.234017e-02,2.264905e-03,1.698483e-01,1.088831e-01,2.991157e-03,3.334449e-01,2.943680e-02,1.057390e-02,3.818823e-03,5.063383e-03
2.570852e-02,8.816706e-02,1.134014e-01,3.534764e-03,8.460872e-02,3.442991e-02,2.039627e-03,1.389044e-01,2.160989e-01,5.736377e-03,2.430366e-01,2.293300e-02,1.000944e-02,4.272413e-03,7.118782e-03
2.255487e-02,1.076562e-01,8.913857e-02,4.990447e-03,6.877825e-02,3.788524e-02,2.089300e-03,1.171747e-01,3.304343e-01,5.489691e-03,1.729624e-01,1.915581e-02,9.643471e-03,3.235977e-03,8.810809e-03
2.176155e-02,1.049643e-01,6.990638e-02,4.153084e-03,6.505907e-02,5.559222e-02,2.576345e-03,1.059723e-01,3.928019e-01,6.468701e-03,1.298079e-01,1.925137e-02,1.065530e-02,3.309855e-03,7.719708e-03
2.444870e-02,1.259114e-01,5.580114e-02,1.572803e-02,5.769052e-02,4.985367e-02,3.208195e-03,8.542299e-02,4.345298e-01,7.223370e-03,9.189590e-02,1.440759e-02,1.077686e-02,2.564309e-03,2.053750e-02
3.042835e-02,1.458271e-01,4.499089e-02,2.285248e-02,5.492822e-02,5.141380e-02,3.546309e-03,6.751317e-02,4.113862e-01,1.329944e-02,6.914710e-02,1.221833e-02,1.113362e-02,3.209203e-03,5.810575e-02
3.085268e-02,1.638055e-01,3.450881e-02,2.871429e-02,4.676172e-02,5.100839e-02,3.558835e-03,5.080799e-02,4.148163e-01,1.983734e-02,5.868185e-02,1.706789e-02,1.529125e-02,3.438271e-03,6.084887e-02
2.390276e-02,2.131433e-01,3.496122e-02,8.040284e-02,3.377074e-02,3.829190e-02,2.548783e-03,3.583276e-02,3.520619e-01,2.508005e-02,5.152674e-02,2.337869e-02,2.232511e-02,3.303812e-03,5.946938e-02
4.483687e-02,1.964327e-01,2.688363e-02,6.459898e-02,3.247183e-02,3.345041e-02,2.704858e-03,2.995846e-02,3.774988e-01,2.182873e-02,5.922579e-02,2.637288e-02,2.603103e-02,6.054831e-03,5.165020e-02
5.435368e-02,1.531549e-01,2.123124e-02,5.012793e-02,5.247413e-02,2.857493e-02,4.513836e-03,2.642860e-02,3.852459e-01,1.637976e-02,6.395005e-02,2.221216e-02,7.792933e-02,4.975722e-03,3.844775e-02
4.609405e-02,1.093863e-01,1.667109e-02,3.792076e-02,4.513135e-02,2.641068e-02,4.551996e-03,1.895427e-02,2.900388e-01,1.236030e-02,5.174588e-02,5.138035e-02,2.532044e-01,6.272494e-03,2.987728e-02
3.751533e-02,8.100214e-02,1.224775e-02,2.869914e-02,3.496266e-02,2.640282e-02,4.994478e-03,1.337587e-02,2.101862e-01,9.444088e-03,4.353791e-02,9.974059e-02,3.697152e-01,5.417339e-03,2.275845e-02
2.844140e-02,5.962548e-02,8.669931e-03,2.238252e-02,2.675637e-02,2.629449e-02,4.537101e-03,9.422899e-03,1.482694e-01,1.188410e-02,6.812400e-02,1.419120e-01,4.195023e-01,5.554336e-03,1.862365e-02
2.067648e-02,4.301078e-02,6.103430e-03,1.741130e-02,2.018253e-02,2.041857e-02,3.799383e-03,6.669733e-03,1.054662e-01,2.383111e-02,1.442067e-01,1.299490e-01,4.250481e-01,1.221761e-02,2.100907e-02
1.467035e-02,3.022882e-02,4.298600e-03,1.252655e-02,1.525121e-02,1.455790e-02,2.717180e-03,4.699939e-03,8.025244e-02,2.542833e-02,2.096862e-01,1.003061e-01,4.421284e-01,2.376121e-02,1.948664e-02
1.043619e-02,2.315702e-02,1.050493e-02,9.534881e-03,2.446936e-02,1.042644e-02,1.979611e-03,4.152512e-03,9.840535e-02,2.549391e-02,3.006800e-01,1.020183e-01,3.420551e-01,2.004040e-02,1.664599e-02
7.405420e-03,3.213644e-02,1.535532e-02,9.437703e-03,1.882083e-02,7.966701e-03,1.426751e-03,3.253560e-03,2.802500e-01,1.958215e-02,2.486760e-01,7.952524e-02,2.465534e-01,1.523807e-02,1.437237e-02
5.591581e-03,2.685991e-02,1.274336e-02,2.437419e-02,1.899361e-02,9.423938e-03,1.048678e-03,2.483919e-03,4.515297e-01,1.532457e-02,1.793090e-01,5.618448e-02,1.734466e-01,1.116343e-02,1.152302e-02
5.020535e-03,2.160121e-02,1.050755e-02,4.202548e-02,1.705705e-02,1.648777e-02,8.328950e-04,2.626265e-03,5.449684e-01,1.466805e-02,1.421084e-01,3.979022e-02,1.235384e-01,8.634598e-03,1.013312e-02
4.873812e-03,1.684682e-02,9.257603e-03,6.606517e-02,1.497029e-02,2.050650e-02,6.541175e-04,2.462864e-03,6.057554e-01,1.150558e-02,1.138464e-01,2.822386e-02,8.864621e-02,8.232690e-03,8.152625e-03
9.802414e-03,1.632038e-02,9.426644e-03,7.967152e-02,1.504779e-02,2.037189e-02,7.493954e-04,7.099379e-03,5.285468e-01,2.184943e-02,1.664925e-01,2.139301e-02,8.062821e-02,1.359364e-02,9.006969e-03
8.267664e-03,1.266542e-02,7.496799e-03,8.472999e-02,1.368202e-02,1.538114e-02,9.895107e-04,7.528426e-03,4.881352e-01,4.180532e-02,1.856640e-01,1.830745e-02,8.943148e-02,1.529362e-02,1.062198e-02
7.339915e-03,1.205952e-02,7.922789e-03,6.883523e-02,1.154049e-02,1.136254e-02,1.071795e-03,1.433313e-02,4.178163e-01,3.923491e-02,2.200817e-01,2.001338e-02,1.328300e-01,2.358977e-02,1.196856e-02
7.359223e-03,1.706770e-02,6.759410e-03,5.628927e-02,9.346751e-03,1.922877e-02,1.890190e-03,1.616384e-02,3.400362e-01,3.695977e-02,2.431614e-01,3.517783e-02,1.626589e-01,2.804167e-02,1.985915e-02
6.403732e-03,1.728706e-02,6.354429e-03,4.549383e-02,7.940928e-03,1.670920e-02,2.326998e-03,1.468981e-02,2.575139e-01,2.713290e-02,1.760700e-01,4.251296e-02,3.422642e-01,2.015907e-02,1.714100e-02
4.960799e-03,3.214839e-02,1.049035e-02,3.365802e-02,6.403252e-03,2.040218e-02,2.349342e-03,1.092263e-02,2.047502e-01,2.119365e-02,1.260628e-01,6.438516e-02,4.192439e-01,1.553347e-02,2.749581e-02
3.767424e-03,3.438723e-02,1.173755e-02,2.603532e-02,5.952273e-03,2.454082e-02,2.437236e-03,8.232314e-03,1.805860e-01,1.697547e-02,9.128256e-02,5.501841e-02,4.907751e-01,1.177389e-02,3.649846e-02
3.299425e-03,3.324950e-02,9.556253e-03,1.916962e-02,5.476052e-03,4.031125e-02,4.500852e-03,1.443707e-02,1.805331e-01,1.253217e-02,6.639474e-02,5.272632e-02,5.157952e-01,8.930465e-03,3.308801e-02
5.191186e-03,2.541406e-02,8.223843e-03,1.424622e-02,9.521884e-03,4.771581e-02,8.470103e-03,1.331410e-02,1.615005e-01,9.368300e-03,4.950980e-02,6.027402e-02,5.440616e-01,6.793456e-03,3.639511e-02
3.745668e-02,3.569999e-02,9.532256e-03,2.571043e-02,2.772101e-02,5.700439e-02,1.270609e-02,1.022122e-02,1.444139e-01,1.168722e-02,3.748234e-02,4.695302e-02,4.956830e-01,5.474644e-03,4.225371e-02
3.725440e-02,4.282855e-02,8.814143e-03,4.717759e-02,4.846802e-02,7.300377e-02,1.649848e-02,9.062207e-03,1.101720e-01,1.440162e-02,5.944596e-02,4.615015e-02,4.390294e-01,5.504233e-03,4.218938e-02
2.927684e-02,3.735355e-02,6.685010e-03,4.472844e-02,4.554512e-02,7.989386e-02,1.463575e-02,7.453680e-03,8.187246e-02,1.505659e-02,8.224544e-02,4.834395e-02,4.586972e-01,8.323010e-03,3.988906e-02
2.405237e-02,2.688623e-02,5.171384e-03,4.049015e-02,3.499186e-02,6.298783e-02,1.115731e-02,5.510480e-03,7.170280e-02,4.909316e-02,1.536704e-01,6.534216e-02,3.669966e-01,2.096264e-02,6.098459e-02
2.135997e-02,1.929448e-02,4.346704e-03,3.454947e-02,2.722909e-02,4.662803e-02,8.028636e-03,4.093258e-03,6.015376e-02,5.716262e-02,2.104293e-01,9.701574e-02,3.138935e-01,3.671925e-02,5.909614e-02
1.951078e-02,1.447952e-02,3.731023e-03,2.667142e-02,2.682425e-02,3.801959e-02,8.277123e-03,3.141586e-03,1.052762e-01,4.992592e-02,1.745181e-01,1.371180e-01,2.613752e-01,5.646601e-02,7.466526e-02
1.528706e-02,1.128027e-02,3.051468e-03,2.198503e-02,2.309111e-02,2.955741e-02,6.211432e-03,2.604387e-03,9.758528e-02,4.161706e-02,1.857723e-01,1.832534e-01,1.913879e-01,1.108765e-01,7.643929e-02
1.084671e-02,8.739468e-03,2.604575e-03,1.803366e-02,1.843377e-02,2.113906e-02,4.458071e-03,2.210749e-03,1.559612e-01,3.203534e-02,1.495341e-01,2.490176e-01,1.427790e-01,1.283887e-01,5.581799e-02
7.857351e-03,6.380179e-03,2.932669e-03,1.473274e-02,1.443875e-02,1.498331e-02,3.185004e-03,1.788017e-03,2.373166e-01,3.002582e-02,1.259959e-01,2.136123e-01,1.031872e-01,1.835590e-01,4.000508e-02
5.990040e-03,4.766229e-03,3.049629e-03,1.104800e-02,1.049559e-02,1.168641e-02,2.257991e-03,1.339236e-03,2.969152e-01,2.449257e-02,1.041516e-01,1.711826e-01,7.402085e-02,2.496994e-01,2.890461e-02
7.831123e-03,4.051010e-03,2.911092e-03,1.082467e-02,7.808119e-03,9.928991e-03,1.620133e-03,9.990666e-04,3.426897e-01,2.090120e-02,9.615439e-02,1.249308e-01,5.268584e-02,2.943409e-01,2.232300e-02
1.074191e-02,3.237346e-03,2.673917e-03,1.169462e-02,6.495912e-03,1.563044e-02,1.343159e-03,1.246816e-03,3.489825e-01,2.415234e-02,9.806766e-02,1.063016e-01,3.908371e-02,3.108608e-01,1.948721e-02
1.006633e-02,2.452867e-03,5.715904e-03,9.863202e-03,4.858348e-03,3.406007e-02,1.272423e-03,2.987633e-03,3.420632e-01,2.245520e-02,1.065856e-01,1.084839e-01,3.136346e-02,3.021966e-01,1.557530e-02
8.031398e-03,3.103199e-03,1.362670e-02,7.648181e-03,3.820526e-03,2.704155e-02,9.130248e-04,2.281373e-03,2.958077e-01,1.924116e-02,1.745734e-01,7.950807e-02,2.388240e-02,3.285567e-01,1.196465e-02
6.869547e-03,2.502840e-03,1.058773e-02,5.703750e-03,2.958312e-03,2.757467e-02,6.548793e-04,1.675307e-03,3.860863e-01,1.510348e-02,1.364481e-01,5.909917e-02,1.856183e-02,3.172847e-01,8.889326e-03
6.217675e-03,2.273351e-03,9.024858e-03,4.256515e-03,2.292194e-03,2.732547e-02,4.738673e-04,1.267580e-03,4.483507e-01,1.191811e-02,1.113931e-01,4.269817e-02,1.362519e-02,3.121027e-01,6.780545e-03
1.222480e-02,1.934186e-03,1.682935e-02,5.934866e-03,2.712027e-03,3.165311e-02,3.984002e-04,1.098759e-03,5.045791e-01,1.107540e-02,8.862659e-02,3.054982e-02,1.070513e-02,2.756453e-01,6.033257e-03
1.286587e-02,1.669292e-03,1.414175e-02,6.308155e-03,2.855788e-03,2.899932e-02,3.212015e-04,1.083786e-03,4.869740e-01,9.810938e-03,8.768915e-02,2.208017e-02,8.190194e-03,3.112452e-01,5.765203e-03
1.119282e-02,2.608205e-03,1.391765e-02,4.821633e-03,2.695366e-03,2.617156e-02,2.651052e-04,8.450479e-04,4.219781e-01,8.303840e-03,7.993557e-02,1.580676e-02,6.461805e-03,3.990893e-01,5.907201e-03
1.196908e-02,3.891302e-03,2.051503e-02,3.747224e-03,2.430656e-03,2.478381e-02,2.001425e-04,7.902114e-04,4.551837e-01,7.062255e-03,6.963670e-02,1.115020e-02,5.015351e-03,3.781259e-01,5.498508e-03
1.264093e-02,5.055248e-02,2.377897e-02,3.176830e-03,3.332033e-03,4.968644e-02,2.037133e-04,6.844953e-04,4.523611e-01,5.983215e-03,5.563752e-02,7.861729e-03,3.687182e-03,3.255402e-01,4.873202e-03
1.632038e-02,7.311644e-02,1.514916e-01,2.310747e-02,4.936449e-03,5.094723e-02,1.941655e-04,8.109572e-04,3.774339e-01,4.768651e-03,4.212965e-02,5.546633e-03,2.781512e-03,2.361628e-01,1.025218e-02
1.737232e-02,7.809985e-02,2.459903e-01,1.050352e-01,5.127481e-03,4.075871e-02,1.601991e-04,6.824998e-04,2.795057e-01,3.673581e-03,3.058429e-02,3.920831e-03,2.050291e-03,1.675981e-01,1.944071e-02
2.052957e-02,7.437190e-02,3.799477e-01,7.992250e-02,5.113021e-03,4.494374e-02,1.284787e-04,6.477909e-04,2.108632e-01,2.751983e-03,2.356866e-02,2.850598e-03,1.594669e-03,1.322248e-01,2.054139e-02
2.491254e-02,6.008326e-02,4.642387e-01,6.064603e-02,5.928903e-03,4.156559e-02,1.015325e-04,5.575303e-04,1.936425e-01,2.393575e-03,1.917968e-02,2.064869e-03,1.246295e-03,1.039772e-01,1.946181e-02
4.140637e-02,4.923296e-02,4.093891e-01,5.541896e-02,1.785395e-02,3.962856e-02,1.645084e-04,1.712815e-03,2.122438e-01,2.770615e-03,3.441896e-02,2.294057e-03,1.247328e-03,1.110136e-01,2.120435e-02
5.302858e-02,4.503874e-02,3.758692e-01,5.178144e-02,3.176874e-02,3.958872e-02,2.831456e-04,5.981362e-03,2.023948e-01,3.019255e-03,2.945220e-02,1.972931e-03,1.134707e-03,1.386364e-01,2.004970e-02
5.669447e-02,4.245220e-02,3.282320e-01,3.975921e-02,3.004860e-02,3.307811e-02,2.933408e-04,8.899891e-03,1.989626e-01,2.905752e-03,2.283863e-02,1.531584e-03,9.763021e-04,2.165917e-01,1.673553e-02
4.630333e-02,3.263716e-02,2.399481e-01,2.849936e-02,2.278712e-02,2.566382e-02,2.456347e-04,7.295417e-03,2.170017e-01,2.253736e-03,2.263387e-02,1.114998e-03,7.553966e-04,3.404205e-01,1.243978e-02
5.031836e-02,3.077245e-02,2.152970e-01,2.633471e-02,1.864548e-02,2.246315e-02,2.385300e-04,9.525910e-03,2.532467e-01,1.973285e-03,2.667679e-02,9.832624e-04,7.065352e-04,3.295663e-01,1.325157e-02
6.394167e-02,2.762666e-02,2.298549e-01,6.428565e-02,2.658008e-02,2.110928e-02,3.742391e-04,1.848773e-02,2.213766e-01,1.841219e-03,2.725145e-02,1.702400e-03,1.072010e-03,2.827356e-01,1.176052e-02
4.532462e-02,1.812093e-01,2.482227e-01,5.213694e-02,1.947676e-02,1.522847e-02,2.771818e-04,1.306743e-02,1.601411e-01,3.285447e-03,3.906254e-02,2.098829e-03,2.720742e-03,2.025909e-01,1.515701e-02
3.177892e-02,2.370526e-01,3.143840e-01,3.747357e-02,1.386972e-02,1.091256e-02,2.064955e-04,9.210445e-03,1.139065e-01,2.777415e-03,6.466955e-02,1.732156e-03,2.500511e-03,1.479844e-01,1.154117e-02
2.252588e-02,1.981616e-01,2.430640e-01,2.647102e-02,9.727313e-03,8.316424e-03,1.480325e-04,6.503819e-03,8.090677e-02,2.114769e-03,2.715481e-01,2.043254e-03,2.877747e-03,1.170562e-01,8.535024e-03
1.591943e-02,1.488957e-01,1.798767e-01,1.859602e-02,6.818481e-03,6.048420e-03,1.062568e-04,4.573083e-03,5.703783e-02,1.635879e-03,4.425841e-01,3.287354e-03,2.471041e-03,1.059399e-01,6.209880e-03
1.133542e-02,1.057687e-01,1.270941e-01,1.325222e-02,5.166672e-03,4.683342e-03,8.436763e-05,3.228285e-03,4.018861e-02,1.251284e-03,5.772215e-01,5.545953e-03,2.044641e-03,9.864503e-02,4.489968e-03
7.988651e-03,7.423005e-02,8.937578e-02,9.558535e-03,4.432044e-03,3.720612e-03,7.232185e-05,2.283871e-03,2.836869e-02,1.041041e-03,6.416062e-01,6.918454e-03,1.900614e-03,1.252925e-01,3.210776e-03
5.675854e-03,5.295072e-02,6.331653e-02,6.790029e-03,7.126654e-03,2.924052e-03,7.447772e-05,1.624591e-03,2.199973e-02,1.700889e-03,6.883632e-01,7.841166e-03,1.859525e-03,1.352499e-01,2.502755e-03
4.176122e-03,3.766324e-02,4.500058e-02,4.871205e-03,8.485807e-03,2.613100e-03,8.288205e-05,1.252076e-03,1.749697e-02,2.767851e-03,7.291870e-01,6.651613e-03,1.622447e-03,1.362139e-01,1.915285e-03
3.037550e-03,2.653436e-02,3.175509e-02,3.506573e-03,8.171492e-03,2.230964e-03,7.937924e-05,1.036321e-03,1.419532e-02,2.671525e-03,7.595245e-01,5.311896e-03,1.212751e-03,1.392330e-01,1.499326e-03
2.164624e-03,1.893871e-02,2.234287e-02,2.558451e-03,6.587948e-03,1.795760e-03,6.240992e-05,7.994954e-04,1.079967e-02,3.289112e-03,7.986631e-01,4.400766e-03,9.378580e-04,1.255795e-01,1.079657e-03
1.571998e-03,1.336951e-02,1.566661e-02,1.816554e-03,4.868118e-03,1.457740e-03,4.807998e-05,5.744937e-04,7.871382e-03,3.123129e-03,8.280766e-01,3.364987e-03,8.408808e-04,1.165628e-01,7.871383e-04
1.139736e-03,9.452780e-03,1.098926e-02,1.294777e-03,3.533410e-03,1.259566e-03,3.576156e-05,4.104935e-04,5.704905e-03,3.060902e-03,8.497682e-01,2.665128e-03,7.799856e-04,1.093250e-01,5.801702e-04
1.146811e-03,7.160641e-03,8.287278e-03,1.148043e-03,3.949303e-03,2.547851e-03,6.067258e-05,7.050303e-04,4.731646e-03,9.236084e-03,8.334299e-01,2.978156e-03,8.044413e-04,1.233433e-01,4.707899e-04
1.333320e-03,5.620032e-03,5.992531e-03,9.315925e-04,6.706160e-03,5.062427e-03,7.128649e-05,7.616503e-04,3.704747e-03,8.629529e-03,8.049266e-01,2.693399e-03,8.067733e-04,1.523652e-01,3.947542e-04
1.462625e-03,5.748359e-03,4.660764e-03,8.846043e-04,9.069717e-03,7.690951e-03,1.640572e-04,9.259713e-04,5.000332e-03,1.106571e-02,7.404593e-01,3.796666e-03,1.193512e-03,2.075035e-01,3.739641e-04
1.893646e-03,4.665689e-03,3.998841e-03,7.725058e-04,7.237902e-03,8.044050e-03,2.766397e-04,9.898363e-04,4.896030e-03,1.905113e-02,6.821534e-01,4.990379e-03,2.276848e-03,2.583209e-01,4.322061e-04
1.737396e-03,3.405406e-03,3.093190e-03,5.726086e-04,5.285472e-03,8.439670e-03,2.214327e-04,7.857791e-04,3.782716e-03,2.078367e-02,6.856104e-01,4.579451e-03,2.511478e-03,2.588028e-01,3.886530e-04
1.654490e-03,2.919365e-03,2.355162e-03,4.126054e-04,3.801866e-03,6.466601e-03,1.718560e-04,5.884211e-04,2.818283e-03,1.651508e-02,7.236941e-01,4.044192e-03,1.980603e-03,2.322071e-01,3.702640e-04
1.541126e-03,4.521253e-03,1.974358e-03,3.168914e-04,3.694578e-03,8.567794e-03,3.136863e-04,4.902288e-04,2.403924e-03,1.571595e-02,7.482229e-01,3.989112e-03,1.659283e-03,2.057916e-01,7.973050e-04
1.317042e-03,4.792225e-03,1.472515e-03,2.964572e-04,5.862655e-02,8.924014e-03,2.728994e-03,4.235198e-04,1.432946e-02,1.813866e-02,7.094691e-01,3.529771e-03,1.417363e-03,1.735668e-01,9.675901e-04
1.341050e-03,3.676559e-03,1.272571e-03,3.091906e-04,4.682820e-02,7.629986e-03,2.501723e-03,5.388390e-04,2.010347e-02,1.232412e-01,6.154746e-01,4.400082e-03,1.715372e-03,1.685777e-01,2.389454e-03
1.727864e-03,4.197984e-03,1.665052e-03,7.871734e-04,9.339349e-02,8.584898e-03,2.986391e-03,1.016339e-03,1.879461e-01,1.019269e-01,4.578395e-01,5.147417e-03,1.442743e-03,1.292371e-01,2.101064e-03
4.566101e-03,3.547398e-03,3.017419e-03,1.385913e-03,1.897001e-01,1.708904e-02,2.461214e-03,1.123587e-02,2.220035e-01,1.006438e-01,3.374977e-01,4.125343e-03,1.423496e-03,9.924480e-02,2.058304e-03
1.324875e-02,3.091544e-03,5.202630e-03,2.003770e-03,1.787702e-01,1.620366e-01,2.141342e-03,1.180533e-02,1.914722e-01,9.684008e-02,2.503279e-01,3.018680e-03,1.154401e-03,7.667203e-02,2.214643e-03
4.698928e-02,4.121291e-03,2.311671e-02,1.909838e-03,1.938397e-01,1.687855e-01,1.966975e-03,1.982516e-02,1.935000e-01,8.032390e-02,1.989882e-01,4.401642e-03,1.806012e-03,5.817116e-02,2.254667e-03
9.954996e-02,5.592857e-03,5.418309e-02,2.467926e-03,1.600564e-01,1.966534e-01,5.750442e-03,4.421619e-02,1.519275e-01,6.479308e-02,1.569866e-01,9.000118e-03,2.688659e-03,4.390199e-02,2.231921e-03
1.333156e-01,6.112254e-03,8.419386e-02,3.234561e-03,1.392373e-01,2.148312e-01,1.496456e-02,5.927152e-02,1.267587e-01,4.902923e-02,1.179594e-01,1.297353e-02,3.831373e-03,3.181120e-02,2.475722e-03
1.489026e-01,8.069079e-03,1.831815e-01,4.377037e-03,1.187778e-01,1.735919e-01,2.670215e-02,6.988417e-02,9.812012e-02,3.700088e-02,8.922441e-02,1.142045e-02,3.214832e-03,2.468075e-02,2.852355e-03
1.646380e-01,9.836914e-03,1.950872e-01,8.591820e-03,1.149540e-01,1.317797e-01,2.626710e-02,1.022922e-01,9.219392e-02,3.020452e-02,8.743513e-02,1.026212e-02,3.016149e-03,1.956378e-02,3.877442e-03
1.814762e-01,1.095374e-02,1.917034e-01,1.333788e-02,1.014428e-01,9.424208e-02,2.265682e-02,1.210681e-01,1.127725e-01,2.513929e-02,9.241639e-02,9.550031e-03,2.656326e-03,1.643624e-02,4.148266e-03
1.753489e-01,1.314649e-02,1.589692e-01,1.243211e-02,8.840377e-02,6.722341e-02,1.884693e-02,2.228355e-01,1.300989e-01,1.914577e-02,6.760285e-02,8.116877e-03,2.080512e-03,1.210686e-02,3.642020e-03
1.835917e-01,2.117310e-02,1.688737e-01,1.448303e-02,7.633235e-02,4.977243e-02,1.884947e-02,2.444819e-01,1.282234e-01,1.659549e-02,5.204630e-02,9.078933e-03,2.094421e-03,1.037761e-02,4.026216e-03
2.139505e-01,2.133155e-02,1.615256e-01,1.647877e-02,6.960829e-02,4.087796e-02,2.242156e-02,2.380429e-01,1.189091e-01,2.102454e-02,4.401449e-02,9.989815e-03,2.321155e-03,1.267763e-02,6.826194e-03
2.529249e-01,2.645050e-02,1.387112e-01,1.762644e-02,6.041306e-02,3.474540e-02,2.246913e-02,2.214419e-01,1.174356e-01,2.755144e-02,3.856482e-02,1.166302e-02,2.793137e-03,1.798598e-02,9.223411e-03
3.065841e-01,2.943878e-02,1.360791e-01,1.951715e-02,5.381670e-02,3.038873e-02,2.144232e-02,1.885171e-01,9.663565e-02,3.273989e-02,3.274611e-02,1.452736e-02,4.118391e-03,2.132594e-02,1.212272e-02
3.426467e-01,3.366353e-02,1.383496e-01,2.207156e-02,5.228979e-02,2.840977e-02,2.083937e-02,1.588763e-01,7.858914e-02,3.519954e-02,2.702705e-02,2.036295e-02,6.120834e-03,2.058213e-02,1.497172e-02
3.906010e-01,3.896014e-02,1.298929e-01,2.230447e-02,4.729661e-02,2.591102e-02,1.908326e-02,1.299832e-01,6.381816e-02,3.487101e-02,2.540932e-02,2.389793e-02,7.317767e-03,2.149883e-02,1.915447e-02
3.215199e-01,3.438812e-02,1.911543e-01,3.401108e-02,4.046494e-02,2.158648e-02,1.428975e-02,1.047483e-01,6.440638e-02,4.850227e-02,3.826298e-02,2.008377e-02,9.531206e-03,2.904010e-02,2.801035e-02
2.254198e-01,2.690835e-02,1.388012e-01,2.804750e-02,2.893581e-02,1.560423e-02,1.003998e-02,7.422578e-02,6.105738e-02,2.839204e-01,3.367953e-02,1.529903e-02,9.315614e-03,2.308151e-02,2.566377e-02
1.580594e-01,1.919325e-02,9.802150e-02,2.385121e-02,2.065543e-02,1.122245e-02,7.152771e-03,5.237502e-02,5.273982e-02,4.582086e-01,2.882017e-02,1.827625e-02,1.110760e-02,2.097608e-02,1.934054e-02
1.110470e-01,1.381124e-02,6.885815e-02,2.072845e-02,1.474853e-02,8.295962e-03,5.114313e-03,3.688125e-02,4.030324e-02,4.298523e-01,6.056100e-02,7.087572e-02,2.385481e-02,7.592484e-02,1.914317e-02
7.811399e-02,9.903505e-03,4.848207e-02,1.612843e-02,1.082596e-02,6.189533e-03,3.657970e-03,2.596915e-02,2.967048e-02,3.506493e-01,8.388293e-02,8.158328e-02,2.530962e-02,2.126742e-01,1.695958e-02
5.488654e-02,7.374196e-03,3.419896e-02,1.194109e-02,8.122807e-03,4.430032e-03,2.638239e-03,1.890414e-02,2.145930e-02,3.451405e-01,1.225007e-01,7.379556e-02,2.069299e-02,2.486300e-01,2.528496e-02
3.852694e-02,5.383746e-03,2.401402e-02,8.842809e-03,6.445204e-03,3.165337e-03,1.927376e-03,1.334364e-02,1.614339e-02,3.471594e-01,1.585586e-01,6.634122e-02,1.636610e-02,2.680065e-01,2.577573e-02
2.717370e-02,4.477499e-03,1.694510e-02,7.456599e-03,5.219260e-03,3.042094e-03,1.454783e-03,9.551810e-03,1.932541e-02,2.574716e-01,1.761490e-01,5.682473e-02,1.228237e-02,3.696928e-01,3.293323e-02
1.944488e-02,4.253288e-03,1.313558e-02,7.072111e-03,7.924654e-03,2.453034e-03,1.244656e-03,9.009674e-03,5.594042e-02,2.078946e-01,1.625018e-01,4.421295e-02,1.077229e-02,4.219281e-01,3.221192e-02
1.399115e-02,4.139133e-03,9.495368e-03,7.069750e-03,9.630701e-03,2.201908e-03,1.032151e-03,6.758945e-03,8.141311e-02,1.556145e-01,2.209481e-01,3.535831e-02,1.110790e-02,4.119415e-01,2.929741e-02
1.008586e-02,1.166706e-02,7.319949e-03,5.149068e-03,7.779776e-03,1.999348e-03,7.760377e-04,5.111223e-03,1.031459e-01,1.536338e-01,2.330150e-01,2.967868e-02,1.105075e-02,3.901829e-01,2.940467e-02
7.340238e-03,1.210296e-02,5.614925e-03,3.791782e-03,6.386948e-03,2.946791e-03,6.249524e-04,4.028372e-03,1.031997e-01,1.288643e-01,2.141847e-01,3.157796e-02,1.026764e-02,4.402083e-01,2.886031e-02
5.680481e-03,5.458434e-02,6.790609e-03,3.585195e-03,6.135416e-03,1.216647e-02,6.298338e-04,6.501666e-03,2.140894e-01,9.191173e-02,1.708615e-01,2.548138e-02,8.367524e-03,3.685469e-01,2.466751e-02
6.446723e-03,6.371617e-02,9.496409e-03,4.979056e-03,8.413246e-03,1.472458e-02,1.095016e-03,1.554233e-02,2.093775e-01,6.718585e-02,2.016089e-01,2.291772e-02,8.306958e-03,3.443539e-01,2.183557e-02
9.428557e-03,8.828157e-02,1.541275e-02,9.450035e-03,1.088056e-02,1.480584e-02,1.230642e-03,2.908942e-02,2.390715e-01,4.927108e-02,1.588635e-01,1.746273e-02,7.125482e-03,3.310643e-01,1.856210e-02
8.716080e-03,9.876202e-02,1.291235e-02,9.303577e-03,1.289313e-02,1.570122e-02,1.012157e-03,2.333397e-02,3.910621e-01,3.504362e-02,1.128602e-01,1.246875e-02,5.243685e-03,2.473483e-01,1.333885e-02
9.038076e-03,1.086816e-01,1.373886e-02,9.566690e-03,2.165940e-02,2.200526e-02,1.146539e-03,2.028175e-02,4.803970e-01,2.511693e-02,8.021097e-02,8.869866e-03,3.983012e-03,1.852429e-01,1.006109e-02
2.032600e-02,1.094352e-01,1.543984e-02,3.969254e-02,7.101980e-02,2.309610e-02,1.489113e-03,3.597494e-02,4.462410e-01,2.032913e-02,5.992818e-02,6.625467e-03,3.577511e-03,1.364776e-01,1.034764e-02
6.093920e-02,1.116298e-01,1.684689e-02,3.968093e-02,1.220507e-01,5.218474e-02,5.870393e-03,3.372221e-02,3.668010e-01,1.917535e-02,4.559751e-02,5.243268e-03,3.231079e-03,1.086942e-01,8.332705e-03
6.841871e-02,1.415205e-01,2.277512e-02,1.751068e-01,9.963936e-02,4.428506e-02,4.324914e-03,2.518029e-02,2.653157e-01,1.503725e-02,4.083305e-02,5.875398e-03,5.314889e-03,7.788474e-02,8.488168e-03
5.307857e-02,2.167564e-01,5.960539e-02,1.602624e-01,7.214930e-02,3.315588e-02,3.426230e-03,1.789282e-02,1.891173e-01,1.132293e-02,5.033186e-02,5.748634e-02,1.185217e-02,5.615228e-02,7.410194e-03
4.260841e-02,1.590144e-01,4.364239e-02,1.189558e-01,5.269422e-02,2.440920e-02,2.590024e-03,1.265547e-02,1.426444e-01,9.173293e-03,1.451555e-01,1.724555e-01,2.605186e-02,4.120132e-02,6.748178e-03
