1.000000e+00,0.000000e+00,0.000000e+00,0.000000e+00,0.000000e+00,0.000000e+00,0.000000e+00,0.000000e+00,0.000000e+00,0.000000e+00,0.000000e+00,0.000000e+00,0.000000e+00,0.000000e+00,0.000000e+00
1.000000e+00,0.000000e+00,0.000000e+00,0.000000e+00,0.000000e+00,0.000000e+00,0.000000e+00,0.000000e+00,0.000000e+00,0.000000e+00,0.000000e+00,0.000000e+00,0.000000e+00,0.000000e+00,0.000000e+00
1.000000e+00,0.000000e+00,0.000000e+00,0.000000e+00,0.000000e+00,0.000000e+00,0.000000e+00,0.000000e+00,0.000000e+00,0.000000e+00,0.000000e+00,0.000000e+00,0.000000e+00,0.000000e+00,0.000000e+00
1.000000e+00,0.000000e+00,0.000000e+00,0.000000e+00,0.000000e+00,0.000000e+00,0.000000e+00,0.000000e+00,0.000000e+00,0.000000e+00,0.000000e+00,0.000000e+00,0.000000e+00,0.000000e+00,0.000000e+00
1.000000e+00,0.000000e+00,0.000000e+00,0.000000e+00,0.000000e+00,0.000000e+00,0.000000e+00,0.000000e+00,0.000000e+00,0.000000e+00,0.000000e+00,0.000000e+00,0.000000e+00,0.000000e+00,0.000000e+00
1.000000e+00,0.000000e+00,0.000000e+00,0.000000e+00,0.000000e+00,0.000000e+00,0.000000e+00,0.000000e+00,0.000000e+00,0.000000e+00,0.000000e+00,0.000000e+00,0.000000e+00,0.000000e+00,0.000000e+00
1.000000e+00,0.000000e+00,0.000000e+00,0.000000e+00,0.000000e+00,0.000000e+00,0.000000e+00,0.000000e+00,0.000000e+00,0.000000e+00,0.000000e+00,0.000000e+00,0.000000e+00,0.000000e+00,0.000000e+00
1.000000e+00,0.000000e+00,0.000000e+00,0.000000e+00,0.000000e+00,0.000000e+00,0.000000e+00,0.000000e+00,0.000000e+00,0.000000e+00,0.000000e+00,0.000000e+00,0.000000e+00,0.000000e+00,0.000000e+00
1.000000e+00,0.000000e+00,0.000000e+00,0.000000e+00,0.000000e+00,0.000000e+00,0.000000e+00,0.000000e+00,0.000000e+00,0.000000e+00,0.000000e+00,0.000000e+00,0.000000e+00,0.000000e+00,0.000000e+00
1.000000e+00,0.000000e+00,0.000000e+00,0.000000e+00,0.000000e+00,0.000000e+00,0.000000e+00,0.000000e+00,0.000000e+00,0.000000e+00,0.000000e+00,0.000000e+00,0.000000e+00,0.000000e+00,0.000000e+00
1.000000e+00,0.000000e+00,0.000000e+00,0.000000e+00,0.000000e+00,0.000000e+00,0.000000e+00,0.000000e+00,0.000000e+00,0.000000e+00,0.000000e+00,0.000000e+00,0.000000e+00,0.000000e+00,0.000000e+00
1.000000e+00,0.000000e+00,0.000000e+00,0.000000e+00,0.000000e+00,0.000000e+00,0.000000e+00,0.000000e+00,0.000000e+00,0.000000e+00,0.000000e+00,0.000000e+00,0.000000e+00,0.000000e+00,0.000000e+00
1.000000e+00,0.000000e+00,0.000000e+00,0.000000e+00,0.000000e+00,0.000000e+00,0.000000e+00,0.000000e+00,0.000000e+00,0.000000e+00,0.000000e+00,0.000000e+00,0.000000e+00,0.000000e+00,0.000000e+00
1.000000e+00,0.000000e+00,0.000000e+00,0.000000e+00,0.000000e+00,0.000000e+00,0.000000e+00,0.000000e+00,0.000000e+00,0.000000e+00,0.000000e+00,0.000000e+00,0.000000e+00,0.000000e+00,0.000000e+00
1.000000e+00,0.000000e+00,0.000000e+00,0.000000e+00,0.000000e+00,0.000000e+00,0.000000e+00,0.000000e+00,0.000000e+00,0.000000e+00,0.000000e+00,0.000000e+00,0.000000e+00,0.000000e+00,0.000000e+00
1.000000e+00,0.000000e+00,0.000000e+00,0.000000e+00,0.000000e+00,0.000000e+00,0.000000e+00,0.000000e+00,0.000000e+00,0.000000e+00,0.000000e+00,0.000000e+00,0.000000e+00,0.000000e+00,0.000000e+00
1.000000e+00,0.000000e+00,0.000000e+00,0.000000e+00,0.000000e+00,0.000000e+00,0.000000e+00,0.000000e+00,0.000000e+00,0.000000e+00,0.000000e+00,0.000000e+00,0.000000e+00,0.000000e+00,0.000000e+00
1.000000e+00,0.000000e+00,0.000000e+00,0.000000e+00,0.000000e+00,0.000000e+00,0.000000e+00,0.000000e+00,0.000000e+00,0.000000e+00,0.000000e+00,0.000000e+00,0.000000e+00,0.000000e+00,0.000000e+00
1.000000e+00,0.000000e+00,0.000000e+00,0.000000e+00,0.000000e+00,0.000000e+00,0.000000e+00,0.000000e+00,0.000000e+00,0.000000e+00,0.000000e+00,0.000000e+00,0.000000e+00,0.000000e+00,0.000000e+00
1.000000e+00,0.000000e+00,0.000000e+00,0.000000e+00,0.000000e+00,0.000000e+00,0.000000e+00,0.000000e+00,0.000000e+00,0.000000e+00,0.000000e+00,0.000000e+00,0.000000e+00,0.000000e+00,0.000000e+00
1.000000e+00,0.000000e+00,0.000000e+00,0.000000e+00,0.000000e+00,0.000000e+00,0.000000e+00,0.000000e+00,0.000000e+00,0.000000e+00,0.000000e+00,0.000000e+00,0.000000e+00,0.000000e+00,0.000000e+00
1.000000e+00,0.000000e+00,0.000000e+00,0.000000e+00,0.000000e+00,0.000000e+00,0.000000e+00,0.000000e+00,0.000000e+00,0.000000e+00,0.000000e+00,0.000000e+00,0.000000e+00,0.000000e+00,0.000000e+00
1.000000e+00,0.000000e+00,0.000000e+00,0.000000e+00,0.000000e+00,0.000000e+00,0.000000e+00,0.000000e+00,0.000000e+00,0.000000e+00,0.000000e+00,0.000000e+00,0.000000e+00,0.000000e+00,0.000000e+00
1.000000e+00,0.000000e+00,0.000000e+00,0.000000e+00,0.000000e+00,0.000000e+00,0.000000e+00,0.000000e+00,0.000000e+00,0.000000e+00,0.000000e+00,0.000000e+00,0.000000e+00,0.000000e+00,0.000000e+00
1.000000e+00,0.000000e+00,0.000000e+00,0.000000e+00,0.000000e+00,0.000000e+00,0.000000e+00,0.000000e+00,0.000000e+00,0.000000e+00,0.000000e+00,0.000000e+00,0.000000e+00,0.000000e+00,0.000000e+00
1.000000e+00,0.000000e+00,0.000000e+00,0.000000e+00,0.000000e+00,0.000000e+00,0.000000e+00,0.000000e+00,0.000000e+00,0.000000e+00,0.000000e+00,0.000000e+00,0.000000e+00,0.000000e+00,0.000000e+00
1.000000e+00,0.000000e+00,0.000000e+00,0.000000e+00,0.000000e+00,0.000000e+00,0.000000e+00,0.000000e+00,0.000000e+00,0.000000e+00,0.000000e+00,0.000000e+00,0.000000e+00,0.000000e+00,0.000000e+00
1.000000e+00,0.000000e+00,0.000000e+00,0.000000e+00,0.000000e+00,0.000000e+00,0.000000e+00,0.000000e+00,0.000000e+00,0.000000e+00,0.000000e+00,0.000000e+00,0.000000e+00,0.000000e+00,0.000000e+00
1.000000e+00,0.000000e+00,0.000000e+00,0.000000e+00,0.000000e+00,0.000000e+00,0.000000e+00,0.000000e+00,0.000000e+00,0.000000e+00,0.000000e+00,0.000000e+00,0.000000e+00,0.000000e+00,0.000000e+00
1.000000e+00,0.000000e+00,0.000000e+00,0.000000e+00,0.000000e+00,0.000000e+00,0.000000e+00,0.000000e+00,0.000000e+00,0.000000e+00,0.000000e+00,0.000000e+00,0.000000e+00,0.000000e+00,0.000000e+00
1.000000e+00,0.000000e+00,0.000000e+00,0.000000e+00,0.000000e+00,0.000000e+00,0.000000e+00,0.000000e+00,0.000000e+00,0.000000e+00,0.000000e+00,0.000000e+00,0.000000e+00,0.000000e+00,0.000000e+00
1.000000e+00,0.000000e+00,0.000000e+00,0.000000e+00,0.000000e+00,0.000000e+00,0.000000e+00,0.000000e+00,0.000000e+00,0.000000e+00,0.000000e+00,0.000000e+00,0.000000e+00,0.000000e+00,0.000000e+00
1.000000e+00,0.000000e+00,0.000000e+00,0.000000e+00,0.000000e+00,0.000000e+00,0.000000e+00,0.000000e+00,0.000000e+00,0.000000e+00,0.000000e+00,0.000000e+00,0.000000e+00,0.000000e+00,0.000000e+00
1.000000e+00,0.000000e+00,0.000000e+00,0.000000e+00,0.000000e+00,0.000000e+00,0.000000e+00,0.000000e+00,0.000000e+00,0.000000e+00,0.000000e+00,0.000000e+00,0.000000e+00,0.000000e+00,0.000000e+00
1.000000e+00,0.000000e+00,0.000000e+00,0.000000e+00,0.000000e+00,0.000000e+00,0.000000e+00,0.000000e+00,0.000000e+00,0.000000e+00,0.000000e+00,0.000000e+00,0.000000e+00,0.000000e+00,0.000000e+00
1.000000e+00,0.000000e+00,0.000000e+00,0.000000e+00,0.000000e+00,0.000000e+00,0.000000e+00,0.000000e+00,0.000000e+00,0.000000e+00,0.000000e+00,0.000000e+00,0.000000e+00,0.000000e+00,0.000000e+00
1.000000e+00,0.000000e+00,0.000000e+00,0.000000e+00,0.000000e+00,0.000000e+00,0.000000e+00,0.000000e+00,0.000000e+00,0.000000e+00,0.000000e+00,0.000000e+00,0.000000e+00,0.000000e+00,0.000000e+00
1.000000e+00,0.000000e+00,0.000000e+00,0.000000e+00,0.000000e+00,0.000000e+00,0.000000e+00,0.000000e+00,0.000000e+00,0.000000e+00,0.000000e+00,0.000000e+00,0.000000e+00,0.000000e+00,0.000000e+00
1.000000e+00,0.000000e+00,0.000000e+00,0.000000e+00,0.000000e+00,0.000000e+00,0.000000e+00,0.000000e+00,0.000000e+00,0.000000e+00,0.000000e+00,0.000000e+00,0.000000e+00,0.000000e+00,0.000000e+00
1.000000e+00,0.000000e+00,0.000000e+00,0.000000e+00,0.000000e+00,0.000000e+00,0.000000e+00,0.000000e+00,0.000000e+00,0.000000e+00,0.000000e+00,0.000000e+00,0.000000e+00,0.000000e+00,0.000000e+00
1.000000e+00,0.000000e+00,0.000000e+00,0.000000e+00,0.000000e+00,0.000000e+00,0.000000e+00,0.000000e+00,0.000000e+00,0.000000e+00,0.000000e+00,0.000000e+00,0.000000e+00,0.000000e+00,0.000000e+00
1.000000e+00,0.000000e+00,0.000000e+00,0.000000e+00,0.000000e+00,0.000000e+00,0.000000e+00,0.000000e+00,0.000000e+00,0.000000e+00,0.000000e+00,0.000000e+00,0.000000e+00,0.000000e+00,0.000000e+00
1.000000e+00,0.000000e+00,0.000000e+00,0.000000e+00,0.000000e+00,0.000000e+00,0.000000e+00,0.000000e+00,0.000000e+00,0.000000e+00,0.000000e+00,0.000000e+00,0.000000e+00,0.000000e+00,0.000000e+00
1.000000e+00,0.000000e+00,0.000000e+00,0.000000e+00,0.000000e+00,0.000000e+00,0.000000e+00,0.000000e+00,0.000000e+00,0.000000e+00,0.000000e+00,0.000000e+00,0.000000e+00,0.000000e+00,0.000000e+00
1.000000e+00,0.000000e+00,0.000000e+00,0.000000e+00,0.000000e+00,0.000000e+00,0.000000e+00,0.000000e+00,0.000000e+00,0.000000e+00,0.000000e+00,0.000000e+00,0.000000e+00,0.000000e+00,0.000000e+00
1.000000e+00,0.000000e+00,0.000000e+00,0.000000e+00,0.000000e+00,0.000000e+00,0.000000e+00,0.000000e+00,0.000000e+00,0.000000e+00,0.000000e+00,0.000000e+00,0.000000e+00,0.000000e+00,0.000000e+00
1.000000e+00,0.000000e+00,0.000000e+00,0.000000e+00,0.000000e+00,0.000000e+00,0.000000e+00,0.000000e+00,0.000000e+00,0.000000e+00,0.000000e+00,0.000000e+00,0.000000e+00,0.000000e+00,0.000000e+00
1.000000e+00,0.000000e+00,0.000000e+00,0.000000e+00,0.000000e+00,0.000000e+00,0.000000e+00,0.000000e+00,0.000000e+00,0.000000e+00,0.000000e+00,0.000000e+00,0.000000e+00,0.000000e+00,0.000000e+00
1.000000e+00,0.000000e+00,0.000000e+00,0.000000e+00,0.000000e+00,0.000000e+00,0.000000e+00,0.000000e+00,0.000000e+00,0.000000e+00,0.000000e+00,0.000000e+00,0.000000e+00,0.000000e+00,0.000000e+00
1.000000e+00,0.000000e+00,0.000000e+00,0.000000e+00,0.000000e+00,0.000000e+00,0.000000e+00,0.000000e+00,0.000000e+00,0.000000e+00,0.000000e+00,0.000000e+00,0.000000e+00,0.000000e+00,0.000000e+00
1.000000e+00,0.000000e+00,0.000000e+00,0.000000e+00,0.000000e+00,0.000000e+00,0.000000e+00,0.000000e+00,0.000000e+00,0.000000e+00,0.000000e+00,0.000000e+00,0.000000e+00,0.000000e+00,0.000000e+00
1.000000e+00,0.000000e+00,0.000000e+00,0.000000e+00,0.000000e+00,0.000000e+00,0.000000e+00,0.000000e+00,0.000000e+00,0.000000e+00,0.000000e+00,0.000000e+00,0.000000e+00,0.000000e+00,0.000000e+00
1.000000e+00,0.000000e+00,0.000000e+00,0.000000e+00,0.000000e+00,0.000000e+00,0.000000e+00,0.000000e+00,0.000000e+00,0.000000e+00,0.000000e+00,0.000000e+00,0.000000e+00,0.000000e+00,0.000000e+00
1.000000e+00,0.000000e+00,0.000000e+00,0.000000e+00,0.000000e+00,0.000000e+00,0.000000e+00,0.000000e+00,0.000000e+00,0.000000e+00,0.000000e+00,0.000000e+00,0.000000e+00,0.000000e+00,0.000000e+00
1.000000e+00,0.000000e+00,0.000000e+00,0.000000e+00,0.000000e+00,0.000000e+00,0.000000e+00,0.000000e+00,0.000000e+00,0.000000e+00,0.000000e+00,0.000000e+00,0.000000e+00,0.000000e+00,0.000000e+00
1.000000e+00,0.000000e+00,0.000000e+00,0.000000e+00,0.000000e+00,0.000000e+00,0.000000e+00,0.000000e+00,0.000000e+00,0.000000e+00,0.000000e+00,0.000000e+00,0.000000e+00,0.000000e+00,0.000000e+00
4.341082e-01,9.326738e-03,4.213170e-03,1.658702e-02,3.171022e-03,4.884787e-01,1.754220e-03,5.341956e-03,2.314301e-03,1.518261e-03,7.129311e-03,7.446464e-03,6.912619e-03,3.929018e-03,7.769011e-03
3.045498e-01,6.768260e-03,2.985496e-03,1.167387e-02,2.293564e-03,5.686691e-01,1.243652e-03,3.827649e-03,2.176057e-03,5.860324e-02,5.938489e-03,5.236975e-03,4.899344e-03,5.930530e-03,1.520401e-02
2.132645e-01,4.864990e-03,2.106791e-03,8.494713e-03,1.643824e-03,5.225018e-01,9.085590e-04,2.698227e-03,2.435326e-02,1.129149e-01,6.892928e-03,3.746939e-03,3.721023e-03,1.190828e-02,7.997924e-02
1.493410e-01,3.774540e-03,1.485460e-03,6.093569e-03,1.304906e-03,3.963069e-01,7.996236e-04,2.078461e-03,4.117742e-02,2.766992e-01,8.364490e-03,2.939035e-03,2.790479e-03,1.562546e-02,9.121954e-02
1.047656e-01,4.017974e-03,1.181484e-03,4.498234e-03,3.047848e-03,3.004782e-01,1.032284e-03,2.154397e-03,5.430227e-02,2.441748e-01,2.595776e-02,1.522027e-02,1.246161e-02,1.454433e-01,8.126403e-02
7.345817e-02,4.035175e-03,9.194193e-04,3.379674e-03,5.141633e-03,2.184567e-01,8.821817e-04,1.614055e-03,5.019125e-02,1.875311e-01,2.636801e-02,1.635179e-02,1.950820e-02,3.109666e-01,8.119597e-02
5.200481e-02,3.919238e-03,2.123292e-03,2.555430e-03,1.132929e-02,1.566669e-01,7.802774e-04,1.420612e-03,5.294808e-02,1.431745e-01,2.824281e-02,2.473186e-02,5.808346e-02,3.543932e-01,1.076261e-01
3.887043e-02,3.034491e-02,1.745106e-03,2.204922e-03,3.451055e-02,1.128184e-01,7.473080e-04,1.092709e-03,1.295892e-01,1.049548e-01,2.762086e-02,2.076184e-02,4.835035e-02,3.435739e-01,1.028146e-01
2.783607e-02,5.637158e-02,1.353024e-03,1.867198e-03,2.591478e-02,8.317665e-02,5.405647e-04,7.824432e-04,2.287359e-01,7.733486e-02,2.331515e-02,1.620719e-02,3.608803e-02,3.065198e-01,1.139567e-01
1.982737e-02,9.388598e-02,1.306094e-03,5.977507e-03,1.864577e-02,7.159545e-02,4.197130e-04,6.256591e-04,3.380035e-01,5.608208e-02,1.799027e-02,1.164184e-02,2.659523e-02,2.292941e-01,1.081095e-01
1.471693e-02,9.629092e-02,1.290331e-03,1.184595e-02,1.640222e-02,5.583685e-02,3.587254e-04,4.735964e-04,4.397974e-01,4.091110e-02,1.407851e-02,9.113217e-03,2.664312e-02,1.654430e-01,1.067981e-01
1.112077e-02,1.291048e-01,1.187291e-03,2.621739e-02,1.244847e-02,3.990191e-02,2.769274e-04,3.786212e-04,4.961893e-01,2.951796e-02,1.470258e-02,7.235523e-03,2.263337e-02,1.189239e-01,9.016115e-02
1.019514e-02,1.301273e-01,1.789650e-03,3.001156e-02,1.246266e-02,3.548079e-02,4.308884e-04,5.698279e-04,4.392283e-01,2.181849e-02,5.440335e-02,9.754678e-03,8.298402e-02,8.785683e-02,8.288665e-02
8.499170e-03,1.006955e-01,2.059656e-03,2.599520e-02,9.486194e-03,2.659358e-02,4.080332e-04,1.341125e-03,3.882563e-01,1.689342e-02,8.767436e-02,2.664914e-02,1.593420e-01,6.763142e-02,7.847500e-02
1.220929e-02,8.058558e-02,6.309797e-03,5.133898e-02,1.432522e-02,2.055340e-02,6.406571e-04,4.576605e-03,4.640448e-01,1.351938e-02,7.230362e-02,2.069289e-02,1.258863e-01,5.185089e-02,6.116260e-02
1.122309e-02,6.120799e-02,2.590894e-02,1.508200e-01,1.513777e-02,1.515464e-02,7.264067e-04,1.592504e-02,4.187038e-01,1.042093e-02,6.574219e-02,1.559078e-02,1.033112e-01,3.886896e-02,5.125830e-02
2.239547e-02,4.729981e-02,2.199655e-02,2.234352e-01,1.326963e-02,1.235172e-02,7.421990e-04,1.182031e-02,4.158587e-01,8.651250e-03,5.660199e-02,1.244760e-02,7.851816e-02,2.928094e-02,4.533054e-02
4.332765e-02,4.012133e-02,2.032256e-02,2.302269e-01,1.641470e-02,1.584905e-02,1.028480e-03,8.987241e-03,3.722293e-01,8.069297e-03,1.011381e-01,1.244645e-02,6.801020e-02,2.221397e-02,3.961478e-02
9.038212e-02,3.918065e-02,2.454076e-02,1.851619e-01,2.307126e-02,1.500338e-02,1.919503e-03,8.106105e-03,3.088285e-01,1.678461e-02,1.006170e-01,1.225278e-02,6.892748e-02,2.436015e-02,8.086386e-02
7.028510e-02,3.608881e-02,4.124196e-02,1.364738e-01,2.293966e-02,2.151702e-02,1.730501e-03,1.659526e-02,2.711729e-01,2.816718e-02,7.827335e-02,9.644736e-03,6.802251e-02,2.420963e-02,1.736377e-01
5.548019e-02,3.867099e-02,7.010639e-02,1.109211e-01,1.944266e-02,3.162885e-02,1.481934e-03,2.512075e-02,2.761099e-01,4.159384e-02,5.623590e-02,7.153944e-03,5.602128e-02,2.057014e-02,1.894621e-01
6.370211e-02,5.273737e-02,1.801063e-01,9.892592e-02,2.051356e-02,3.038102e-02,1.579854e-03,2.747836e-02,2.221391e-01,3.962706e-02,4.017794e-02,5.352115e-03,4.422870e-02,1.533971e-02,1.577109e-01
7.459448e-02,9.391971e-02,1.754286e-01,8.854556e-02,3.783804e-02,5.843093e-02,2.319813e-03,2.588785e-02,1.863390e-01,3.327596e-02,2.894036e-02,3.983285e-03,3.311384e-02,1.189479e-02,1.454878e-01
6.788787e-02,9.045223e-02,1.801232e-01,1.806476e-01,4.415623e-02,5.227848e-02,2.823355e-03,2.514457e-02,1.464917e-01,3.396575e-02,2.084092e-02,3.064533e-03,2.410735e-02,8.516132e-03,1.195002e-01
7.428726e-02,1.185590e-01,1.572862e-01,1.403530e-01,3.549224e-02,4.224612e-02,3.169666e-03,2.094370e-02,1.397475e-01,1.177384e-01,1.761073e-02,2.810097e-03,2.593942e-02,6.166764e-03,9.764998e-02
7.419846e-02,1.534044e-01,1.362283e-01,1.031317e-01,3.134594e-02,1.143494e-01,3.415522e-03,2.968322e-02,1.351814e-01,8.768350e-02,1.331996e-02,3.719070e-03,2.478852e-02,5.368800e-03,8.418184e-02
6.689613e-02,2.659554e-01,9.894947e-02,7.848814e-02,3.764567e-02,9.835584e-02,3.013165e-03,2.658981e-02,1.457140e-01,6.361178e-02,1.038724e-02,3.374227e-03,2.008056e-02,5.817329e-03,7.512127e-02
6.680407e-02,2.624769e-01,7.126833e-02,7.138360e-02,5.251506e-02,9.259002e-02,3.611446e-03,4.296481e-02,1.774148e-01,6.154944e-02,8.079261e-03,3.494630e-03,1.548837e-02,4.955010e-03,6.540430e-02
4.905323e-02,2.186880e-01,7.239869e-02,1.966054e-01,3.958482e-02,6.680247e-02,2.636084e-03,3.137864e-02,1.374644e-01,5.587068e-02,2.756401e-02,6.988523e-03,1.649508e-02,3.801693e-03,7.466824e-02
6.063443e-02,2.137390e-01,5.417541e-02,1.987566e-01,3.274258e-02,5.058093e-02,2.084374e-03,2.940263e-02,1.412776e-01,4.457297e-02,7.304242e-02,1.175098e-02,1.658699e-02,5.107663e-03,6.554542e-02
5.277192e-02,2.027325e-01,4.229004e-02,2.213203e-01,2.738706e-02,4.060303e-02,1.587669e-03,2.973521e-02,1.229452e-01,4.045846e-02,1.146577e-01,1.482889e-02,1.642022e-02,6.424221e-03,6.583756e-02
4.774708e-02,1.805793e-01,3.396673e-02,1.683493e-01,2.050946e-02,3.304899e-02,1.267879e-03,2.187813e-02,1.120343e-01,3.278084e-02,1.572703e-01,1.442577e-02,1.763089e-02,7.845709e-02,8.005399e-02
4.601851e-02,1.551595e-01,2.573276e-02,1.271731e-01,1.624458e-02,2.600051e-02,1.053240e-03,1.633742e-02,1.153077e-01,3.100275e-02,1.692059e-01,1.378165e-02,1.805187e-02,1.213209e-01,1.176096e-01
5.556478e-02,1.311474e-01,1.979196e-02,9.143517e-02,2.279542e-02,2.077381e-02,1.204544e-03,1.366498e-02,1.027317e-01,2.770602e-02,1.428726e-01,1.460381e-02,1.949595e-02,1.177988e-01,2.184130e-01
4.630669e-02,1.108886e-01,1.986927e-02,6.711745e-02,2.166952e-02,1.586431e-02,1.565052e-03,1.320345e-02,9.170546e-02,2.535246e-02,1.451199e-01,1.618887e-02,2.526812e-02,1.091941e-01,2.906868e-01
3.536626e-02,9.256067e-02,1.670686e-02,4.897123e-02,2.334968e-02,1.533489e-02,1.475142e-03,1.117471e-02,2.252014e-01,2.037897e-02,1.098729e-01,1.522912e-02,2.160974e-02,9.205276e-02,2.707157e-01
2.548381e-02,1.083830e-01,1.268722e-02,3.631183e-02,2.837021e-02,1.668145e-02,1.226516e-03,8.149324e-03,3.724704e-01,1.470027e-02,7.928579e-02,1.195037e-02,1.825181e-02,6.530027e-02,2.007478e-01
1.832917e-02,1.118150e-01,9.953194e-03,3.486722e-02,3.061587e-02,1.477889e-02,9.420588e-04,6.094767e-03,4.901769e-01,1.059712e-02,5.817086e-02,9.728540e-03,1.553236e-02,4.587655e-02,1.425215e-01
1.330796e-02,1.303355e-01,8.642981e-03,1.008337e-01,2.331281e-02,1.218814e-02,6.801651e-04,4.836232e-03,4.956712e-01,8.341611e-03,4.249961e-02,7.617854e-03,1.375834e-02,3.223455e-02,1.057394e-01
1.429660e-02,1.177415e-01,7.654072e-03,1.187607e-01,1.827485e-02,3.941121e-02,5.454352e-04,4.340940e-03,4.750074e-01,9.082365e-03,5.602296e-02,1.124330e-02,1.585402e-02,2.463409e-02,8.713051e-02
1.272217e-02,1.012804e-01,7.275504e-03,1.220073e-01,1.692876e-02,4.161591e-02,5.617150e-04,3.588563e-03,4.293247e-01,1.084909e-02,7.179429e-02,1.855693e-02,2.876332e-02,1.996009e-02,1.147712e-01
1.194112e-02,9.826010e-02,7.327568e-03,1.153920e-01,1.348537e-02,3.515817e-02,5.618019e-04,2.785570e-03,4.566890e-01,1.249386e-02,6.383228e-02,1.829667e-02,2.805036e-02,2.272994e-02,1.129961e-01
1.112491e-02,9.346449e-02,6.534562e-03,8.965947e-02,1.518159e-02,2.944823e-02,6.399317e-04,2.518196e-03,5.019912e-01,1.202443e-02,5.024967e-02,1.454855e-02,4.669413e-02,2.032315e-02,1.055975e-01
1.336750e-02,1.721215e-01,7.689947e-03,1.240743e-01,1.148074e-02,2.523687e-02,4.803268e-04,2.122291e-03,4.313927e-01,1.310947e-02,4.058050e-02,1.343885e-02,3.605382e-02,1.794798e-02,9.090324e-02
5.021040e-02,1.350237e-01,1.023625e-02,2.038850e-01,9.826561e-03,2.181903e-02,4.558806e-04,3.601579e-03,3.544044e-01,1.571500e-02,5.004789e-02,1.691877e-02,3.204334e-02,1.976423e-02,7.604808e-02
1.153930e-01,1.116052e-01,1.294022e-02,1.718387e-01,1.091638e-02,2.167048e-02,4.872611e-04,5.523833e-03,3.121548e-01,1.791337e-02,5.942933e-02,2.001618e-02,3.199806e-02,3.349773e-02,7.461548e-02
1.307487e-01,9.656834e-02,2.607854e-02,1.751036e-01,1.161303e-02,1.850978e-02,6.537666e-04,9.371459e-03,3.038305e-01,2.178744e-02,5.779138e-02,1.792411e-02,2.726553e-02,3.241178e-02,7.034200e-02
1.230037e-01,8.616652e-02,4.805224e-02,1.345561e-01,2.785691e-02,2.108814e-02,2.273146e-03,1.065867e-02,3.329715e-01,2.137993e-02,4.838298e-02,1.382566e-02,2.236101e-02,2.866026e-02,7.876325e-02
1.048864e-01,1.005096e-01,1.222828e-01,1.114927e-01,2.451793e-02,1.928322e-02,1.970129e-03,8.677830e-03,2.696903e-01,2.951205e-02,3.509761e-02,1.045086e-02,1.778693e-02,2.343902e-02,1.204026e-01
9.710726e-02,1.005347e-01,1.932257e-01,9.721056e-02,2.174712e-02,1.743015e-02,2.168188e-03,6.700235e-03,2.173011e-01,4.215447e-02,2.603185e-02,9.896027e-03,1.480925e-02,1.862419e-02,1.350592e-01
7.648151e-02,9.505874e-02,2.356661e-01,8.972828e-02,2.046040e-02,1.511326e-02,2.048700e-03,5.342436e-03,2.096503e-01,5.969377e-02,2.021319e-02,8.784113e-03,1.255561e-02,1.640798e-02,1.327957e-01
7.209036e-02,1.154500e-01,2.233911e-01,6.684683e-02,1.809023e-02,1.883917e-02,1.967307e-03,6.107507e-03,2.026109e-01,6.793410e-02,1.825649e-02,1.188125e-02,1.790259e-02,1.893659e-02,1.396956e-01
7.106811e-02,1.197008e-01,1.837217e-01,4.927263e-02,1.894972e-02,2.358375e-02,2.921687e-03,8.670209e-03,2.026072e-01,7.160424e-02,1.476422e-02,1.026641e-02,2.420900e-02,2.187197e-02,1.767884e-01
8.624680e-02,1.256253e-01,1.404967e-01,3.712896e-02,1.702948e-02,3.437025e-02,4.114509e-03,1.561621e-02,2.139585e-01,6.169891e-02,1.434021e-02,1.365662e-02,3.222726e-02,2.473648e-02,1.787538e-01
9.561267e-02,1.257901e-01,1.141175e-01,2.883962e-02,2.153639e-02,4.713852e-02,4.667769e-03,4.033833e-02,2.313365e-01,5.316078e-02,1.532344e-02,1.207662e-02,4.000575e-02,2.114817e-02,1.489079e-01
8.172134e-02,1.136938e-01,1.059287e-01,2.205635e-02,4.855715e-02,4.257759e-02,6.846511e-03,9.418830e-02,2.548510e-01,4.572695e-02,1.426792e-02,9.221361e-03,3.416429e-02,1.790771e-02,1.082911e-01
8.295937e-02,1.020143e-01,9.115839e-02,1.771663e-02,5.408950e-02,3.348574e-02,7.241603e-03,7.701702e-02,2.485437e-01,1.325294e-01,1.335730e-02,8.503724e-03,3.310427e-02,1.406988e-02,8.420909e-02
8.889046e-02,7.841619e-02,7.106555e-02,1.511676e-02,4.856937e-02,2.750322e-02,7.211152e-03,5.967475e-02,2.042217e-01,2.663833e-01,1.343476e-02,1.025342e-02,3.257507e-02,1.064265e-02,6.604163e-02
7.093725e-02,6.448315e-02,5.260814e-02,2.793894e-02,4.424206e-02,2.453860e-02,6.969965e-03,4.388518e-02,1.604957e-01,3.777004e-01,1.471758e-02,1.146169e-02,2.820220e-02,7.922683e-03,6.389655e-02
9.041354e-02,5.068705e-02,4.103546e-02,3.752434e-02,5.111397e-02,2.333933e-02,8.482249e-03,3.419671e-02,1.357345e-01,3.624775e-01,2.631744e-02,1.752488e-02,5.267759e-02,8.417987e-03,6.005754e-02
6.996106e-02,3.821442e-02,3.283094e-02,4.308414e-02,4.683345e-02,1.983658e-02,7.845785e-03,2.472998e-02,1.136813e-01,3.356918e-01,3.903912e-02,2.910959e-02,1.283317e-01,8.825317e-03,6.198484e-02
5.201942e-02,2.968682e-02,2.631241e-02,3.414581e-02,3.500365e-02,1.777022e-02,6.219876e-03,1.749307e-02,8.957270e-02,4.235987e-01,3.673605e-02,5.012612e-02,1.241379e-01,9.087190e-03,4.809011e-02
3.851872e-02,2.133465e-02,1.898120e-02,2.506196e-02,2.502836e-02,1.345736e-02,4.522259e-03,1.236008e-02,6.565023e-02,5.191795e-01,3.756472e-02,5.798263e-02,1.160135e-01,8.634397e-03,3.571047e-02
2.961005e-02,1.552433e-02,1.374897e-02,1.904913e-02,1.835785e-02,1.086970e-02,3.275854e-03,8.755377e-03,5.157081e-02,5.925285e-01,4.012185e-02,6.146403e-02,1.012242e-01,6.949241e-03,2.695026e-02
2.097641e-02,1.098385e-02,1.055791e-02,1.344077e-02,2.062710e-02,8.376103e-03,3.593709e-03,6.640038e-03,4.255777e-02,6.850255e-01,2.945072e-02,4.596768e-02,7.668620e-02,5.280357e-03,1.983595e-02
1.490594e-02,7.732187e-03,7.725951e-03,9.481291e-03,3.150804e-02,6.313601e-03,4.044318e-03,5.722685e-03,3.543438e-02,7.484801e-01,2.131212e-02,3.305235e-02,5.573311e-02,4.250037e-03,1.430392e-02
1.119011e-02,5.481336e-03,5.717909e-03,6.876272e-03,2.642511e-02,4.832041e-03,4.567542e-03,6.160942e-03,3.093481e-02,8.026058e-01,1.552641e-02,2.373686e-02,4.242861e-02,3.204493e-03,1.031180e-02
9.798952e-03,3.862120e-03,4.181249e-03,5.180690e-03,2.220057e-02,6.216633e-03,3.607079e-03,1.997308e-02,2.728860e-02,8.220268e-01,1.199515e-02,1.781124e-02,3.613601e-02,2.421154e-03,7.300691e-03
2.042280e-02,2.929095e-03,3.787578e-03,4.108337e-03,3.064179e-02,7.696463e-03,1.346059e-02,4.186189e-02,3.224958e-02,7.734485e-01,9.925345e-03,1.417675e-02,3.790428e-02,1.994660e-03,5.392377e-03
2.356249e-02,3.147358e-03,3.787066e-03,3.310533e-03,3.582256e-02,7.143312e-03,3.528422e-02,5.178262e-02,3.121143e-02,7.369183e-01,7.460127e-03,1.039779e-02,4.467314e-02,1.608475e-03,3.890584e-03
2.598093e-02,4.793225e-03,4.312240e-03,4.274670e-03,4.268718e-02,8.303133e-03,3.285234e-02,8.012255e-02,5.083867e-02,6.843096e-01,6.387775e-03,1.056491e-02,3.971751e-02,1.645065e-03,3.210171e-03
2.615443e-02,4.776674e-03,5.149867e-03,1.204574e-02,4.032896e-02,1.954898e-02,2.596774e-02,6.053880e-02,6.636065e-02,5.260294e-01,1.239940e-02,5.301863e-02,1.428416e-01,1.326851e-03,3.512207e-03
2.286562e-02,4.231459e-03,6.440918e-03,2.479739e-02,4.062036e-02,2.425053e-02,1.922056e-02,4.332037e-02,5.480368e-02,3.927812e-01,1.663617e-02,8.536421e-02,2.604272e-01,1.021228e-03,3.219033e-03
1.884090e-02,6.639685e-03,7.564553e-03,5.400654e-02,6.904816e-02,5.504394e-02,1.545050e-02,3.070239e-02,4.945713e-02,2.770539e-01,2.902653e-02,1.536047e-01,2.287910e-01,1.297360e-03,3.472785e-03
1.409663e-02,4.799190e-03,5.717150e-03,3.923226e-02,5.133526e-02,4.187422e-02,1.137826e-02,2.156135e-02,3.574616e-02,1.966716e-01,8.644523e-02,2.123047e-01,2.744729e-01,1.180392e-03,3.184662e-03
1.024175e-02,3.485939e-03,4.263526e-03,2.778475e-02,3.690731e-02,3.224783e-02,8.092327e-03,1.511724e-02,2.580576e-02,1.401749e-01,1.170186e-01,2.546557e-01,3.203942e-01,1.044310e-03,2.765954e-03
7.461605e-03,2.548393e-03,3.062407e-03,1.965308e-02,2.687879e-02,2.789742e-02,5.751292e-03,1.063952e-02,1.938713e-02,1.031640e-01,1.528458e-01,3.482059e-01,2.693692e-01,1.083734e-03,2.051694e-03
6.075962e-03,2.085725e-03,2.415774e-03,1.427705e-02,2.037023e-02,3.495604e-02,4.163632e-03,7.522134e-03,1.578728e-02,8.179168e-02,1.662774e-01,4.237317e-01,2.178797e-01,1.085336e-03,1.580478e-03
7.302350e-03,4.011258e-03,2.870010e-03,1.087592e-02,1.935581e-02,2.776432e-02,3.032371e-03,5.506150e-03,1.710233e-02,7.900565e-02,1.513652e-01,4.977198e-01,1.713593e-01,1.216066e-03,1.513568e-03
6.239661e-03,3.120936e-02,2.860846e-03,7.811505e-03,1.480469e-02,1.974878e-02,2.165567e-03,4.160288e-03,2.480966e-02,9.757940e-02,1.216871e-01,5.166698e-01,1.476626e-01,1.346811e-03,1.244011e-03
6.485472e-03,1.013926e-01,3.350483e-03,5.780126e-03,1.182474e-02,1.429624e-02,1.556440e-03,3.895832e-03,5.338954e-02,1.016892e-01,9.960076e-02,4.768645e-01,1.175411e-01,1.277874e-03,1.055185e-03
6.834698e-03,1.325271e-01,3.764049e-03,5.126379e-03,1.097796e-02,1.036803e-02,1.112382e-03,3.549888e-03,6.723134e-02,1.053009e-01,1.619262e-01,3.980584e-01,8.998305e-02,2.035295e-03,1.204345e-03
1.234291e-02,1.566908e-01,4.032477e-03,5.572805e-03,2.593946e-02,7.859387e-03,8.384487e-04,5.027999e-03,1.072367e-01,1.074300e-01,1.698726e-01,3.248743e-01,6.826834e-02,2.559423e-03,1.454375e-03
1.663020e-02,1.627348e-01,5.267525e-03,4.843031e-03,2.073793e-02,6.310845e-03,6.330481e-04,5.409666e-03,1.038543e-01,1.105413e-01,1.952282e-01,3.090598e-01,5.307015e-02,3.226784e-03,2.452313e-03
2.405319e-02,1.303135e-01,7.880186e-03,5.404699e-03,1.850017e-02,5.929857e-03,7.221846e-04,6.802387e-03,1.202596e-01,1.149774e-01,2.753754e-01,2.406837e-01,3.906416e-02,7.262901e-03,2.770772e-03
2.480102e-02,1.070777e-01,6.493501e-03,4.235171e-03,1.394142e-02,4.485871e-03,6.741707e-04,5.666730e-03,1.486201e-01,9.628946e-02,3.656276e-01,1.775349e-01,2.839801e-02,1.357683e-02,2.577474e-03
3.136262e-02,8.934752e-02,5.429047e-03,5.209628e-03,1.179513e-02,4.608426e-03,7.999850e-04,5.050472e-03,1.373226e-01,1.004553e-01,3.981685e-01,1.518383e-01,2.118422e-02,3.341237e-02,4.015770e-03
3.207979e-02,7.167083e-02,5.658720e-03,4.259778e-03,9.594729e-03,3.986566e-03,6.422097e-04,4.754107e-03,1.443754e-01,8.792672e-02,4.556551e-01,1.238594e-01,1.541047e-02,3.623024e-02,3.895857e-03
3.568775e-02,5.434320e-02,4.740891e-03,3.313937e-03,7.450092e-03,3.455776e-03,6.612319e-04,4.067615e-03,1.321612e-01,8.414239e-02,4.994437e-01,1.065985e-01,1.120825e-02,4.921326e-02,3.512235e-03
3.486234e-02,4.293548e-02,4.448702e-03,2.740943e-03,6.994396e-03,3.397299e-03,6.049832e-04,4.373691e-03,1.407919e-01,7.635368e-02,5.191310e-01,8.765647e-02,8.247740e-03,6.443913e-02,3.022238e-03
4.173435e-02,3.379253e-02,8.339546e-03,3.160891e-03,1.022232e-02,3.360981e-03,6.618954e-04,7.832219e-03,1.380976e-01,6.698188e-02,5.355920e-01,7.479251e-02,6.365495e-03,6.598810e-02,3.077604e-03
6.267928e-02,2.994937e-02,2.343393e-02,5.037050e-03,1.298451e-02,8.087603e-03,1.096661e-03,1.773820e-02,1.462892e-01,5.745652e-02,4.973693e-01,6.367166e-02,6.128783e-03,6.159818e-02,6.479799e-03
7.437448e-02,2.779268e-02,2.330714e-02,5.822971e-03,1.364033e-02,1.292125e-02,1.218667e-03,1.797552e-02,2.027820e-01,4.939578e-02,4.322470e-01,6.507721e-02,7.017224e-03,5.507293e-02,1.135482e-02
7.781031e-02,2.709319e-02,1.786009e-02,5.361803e-03,1.244998e-02,1.258471e-02,1.178077e-03,1.481116e-02,2.981496e-01,4.221502e-02,3.688987e-01,5.296588e-02,6.943602e-03,4.783488e-02,1.384303e-02
7.211773e-02,3.001270e-02,2.421957e-02,9.849790e-03,1.365717e-02,4.358935e-02,1.070307e-03,2.522080e-02,3.695570e-01,4.057255e-02,2.750376e-01,3.864567e-02,5.677639e-03,3.784487e-02,1.292720e-02
7.140967e-02,3.341320e-02,2.298276e-02,9.051836e-03,1.313987e-02,7.279936e-02,9.687875e-04,2.206191e-02,3.755820e-01,3.749091e-02,2.459368e-01,3.233860e-02,5.597078e-03,4.257258e-02,1.465453e-02
5.900352e-02,4.300845e-02,2.836291e-02,1.099995e-02,2.025964e-02,1.062614e-01,1.842186e-03,4.322405e-02,3.609681e-01,3.158984e-02,2.141677e-01,2.594126e-02,7.534984e-03,3.374012e-02,1.309599e-02
4.819052e-02,4.114633e-02,2.546698e-02,8.551946e-03,2.201479e-02,1.641071e-01,1.753924e-03,4.803108e-02,3.905205e-01,2.484754e-02,1.636392e-01,1.916850e-02,6.087299e-03,2.544391e-02,1.103043e-02
4.476251e-02,3.952925e-02,3.843050e-02,7.606757e-03,6.069376e-02,1.251703e-01,9.569230e-03,1.386285e-01,3.492345e-01,1.995563e-02,1.204759e-01,1.403612e-02,5.072132e-03,1.838918e-02,8.445793e-03
4.523220e-02,4.754890e-02,9.702721e-02,2.114433e-02,6.801939e-02,9.147287e-02,1.002894e-02,1.199185e-01,3.533199e-01,1.653635e-02,8.700202e-02,1.255116e-02,6.493846e-03,1.364745e-02,1.005687e-02
5.708999e-02,5.871075e-02,1.012722e-01,1.950488e-02,8.088458e-02,7.138228e-02,1.183567e-02,1.046846e-01,3.733384e-01,1.460607e-02,6.473947e-02,1.151176e-02,7.034323e-03,1.277245e-02,1.063259e-02
5.531807e-02,6.065450e-02,7.439280e-02,1.574565e-02,9.104747e-02,5.516078e-02,1.152954e-02,1.055453e-01,4.360330e-01,1.215712e-02,4.676437e-02,9.283047e-03,6.305485e-03,9.992514e-03,1.007043e-02
7.732153e-02,5.348402e-02,5.306591e-02,1.353108e-02,1.226888e-01,5.148610e-02,9.527313e-03,1.094666e-01,4.312606e-01,9.892005e-03,3.515066e-02,7.820355e-03,5.979578e-03,9.748499e-03,9.576960e-03
1.040891e-01,6.226938e-02,3.771262e-02,1.249453e-02,1.113569e-01,4.333522e-02,7.724812e-03,9.476225e-02,4.551688e-01,7.873481e-03,2.551919e-02,7.200086e-03,1.069459e-02,7.557769e-03,1.224128e-02
1.489361e-01,5.514065e-02,2.798453e-02,1.532232e-02,1.070736e-01,3.638625e-02,1.178036e-02,1.124221e-01,4.231904e-01,7.015071e-03,1.915750e-02,7.263682e-03,9.858435e-03,5.838697e-03,1.263043e-02
2.550637e-01,5.799653e-02,2.258210e-02,1.764650e-02,8.959621e-02,3.781605e-02,1.084499e-02,9.811284e-02,3.392233e-01,6.898869e-03,1.547744e-02,1.150992e-02,1.239122e-02,5.925411e-03,1.891499e-02
3.899867e-01,5.724701e-02,1.784650e-02,1.613053e-02,7.247648e-02,3.211331e-02,1.044929e-02,7.389481e-02,2.600641e-01,7.175769e-03,1.241149e-02,1.028863e-02,1.253707e-02,5.620871e-03,2.175743e-02
3.937773e-01,6.589239e-02,1.392581e-02,3.716939e-02,5.503678e-02,3.394093e-02,1.015314e-02,5.326181e-02,2.156386e-01,8.961819e-03,1.283595e-02,1.247128e-02,3.824734e-02,5.557832e-03,4.312969e-02
2.865800e-01,4.843567e-02,1.083831e-02,3.092488e-02,3.917610e-02,3.572962e-02,9.887766e-03,3.748932e-02,1.541288e-01,1.219564e-02,1.311198e-02,1.531085e-02,2.657624e-01,4.672125e-03,3.575661e-02
2.010540e-01,3.686744e-02,8.399142e-03,2.354020e-02,4.640397e-02,2.796489e-02,8.296412e-03,2.635682e-02,1.224089e-01,1.741319e-02,1.519198e-02,1.350146e-02,2.615308e-01,4.399374e-03,1.866715e-01
1.423473e-01,2.648941e-02,5.989356e-03,1.736273e-02,3.829556e-02,2.208465e-02,1.487548e-02,1.852161e-02,1.028614e-01,1.957447e-02,2.014545e-02,1.191279e-02,2.552372e-01,4.201025e-02,2.622924e-01
9.991248e-02,1.905810e-02,4.361992e-03,1.240334e-02,2.794042e-02,1.759315e-02,1.136308e-02,1.300593e-02,1.232634e-01,3.539736e-02,2.336450e-02,9.775305e-03,1.897657e-01,4.158766e-02,3.712076e-01
7.032972e-02,1.377998e-02,3.294246e-03,8.895160e-03,1.999734e-02,1.747072e-02,8.345824e-03,9.130867e-03,1.153854e-01,5.230948e-02,2.567687e-02,8.367719e-03,1.399709e-01,5.494104e-02,4.521047e-01
5.033930e-02,1.003303e-02,3.326824e-03,6.729753e-03,1.455186e-02,1.971038e-02,5.998724e-03,6.501322e-03,1.009084e-01,7.533880e-02,3.590176e-02,1.215762e-02,1.034700e-01,8.858982e-02,4.664425e-01
3.594816e-02,8.445732e-03,2.985011e-03,5.659361e-03,1.032500e-02,1.949812e-02,4.337300e-03,4.766052e-03,1.127629e-01,8.575115e-02,4.780088e-02,1.163920e-02,7.631297e-02,1.040392e-01,4.697290e-01
2.650150e-02,8.847142e-03,5.551246e-03,5.819102e-03,7.564978e-03,4.413554e-02,3.779312e-03,3.933000e-03,1.017529e-01,1.050595e-01,5.848488e-02,1.110384e-02,5.576767e-02,1.051983e-01,4.565011e-01
1.900728e-02,8.509724e-02,6.094723e-03,4.554900e-03,5.519056e-03,3.478697e-02,2.729828e-03,2.929459e-03,1.033903e-01,1.019184e-01,5.876432e-02,9.489650e-03,4.120967e-02,9.564589e-02,4.288623e-01
1.380636e-02,1.666154e-01,6.160229e-03,3.514952e-03,4.139305e-03,2.752250e-02,1.941897e-03,2.151264e-03,1.437007e-01,9.317901e-02,4.950538e-02,7.260623e-03,2.995300e-02,8.380724e-02,3.667421e-01
1.205917e-02,1.405677e-01,9.795797e-03,3.704416e-03,3.750810e-03,2.839564e-02,1.471658e-03,1.601745e-03,2.617434e-01,8.122237e-02,3.874735e-02,6.150324e-03,2.239225e-02,6.970681e-02,3.186905e-01
1.092016e-02,1.016342e-01,7.568792e-03,2.939706e-03,3.872521e-03,2.445789e-02,1.098182e-03,1.237742e-03,3.324179e-01,5.969812e-02,3.163955e-02,4.622379e-03,1.737730e-02,1.357918e-01,2.647237e-01
1.241321e-02,7.382564e-02,2.393803e-02,6.102487e-03,7.163668e-03,1.902571e-02,8.470198e-04,4.181160e-03,3.627348e-01,4.349009e-02,3.098341e-02,3.707535e-03,1.334270e-02,1.968057e-01,2.014388e-01
2.386283e-02,5.503189e-02,2.431433e-02,5.801708e-03,1.376242e-02,1.502472e-02,6.515037e-04,3.786378e-03,3.924904e-01,4.642594e-02,2.348642e-02,2.674080e-03,9.809382e-03,2.055055e-01,1.773724e-01
2.856367e-02,4.122616e-02,2.436534e-02,4.769709e-03,1.370162e-02,1.192764e-02,4.948877e-04,3.721065e-03,3.679214e-01,3.620945e-02,1.946701e-02,1.967860e-03,7.307763e-03,2.930855e-01,1.452710e-01
5.536793e-02,3.300276e-02,4.474017e-02,6.658852e-03,1.167321e-02,1.091066e-02,4.838057e-04,3.531055e-03,3.188784e-01,3.710608e-02,2.151784e-02,2.121832e-03,8.035161e-03,2.663695e-01,1.796028e-01
4.886585e-02,2.583286e-02,6.173119e-02,6.619948e-03,1.001660e-02,1.006837e-02,5.654383e-04,5.802289e-03,2.853445e-01,3.117448e-02,3.036795e-02,2.228216e-03,1.568256e-02,3.187260e-01,1.469738e-01
4.522666e-02,2.093073e-02,1.780149e-01,7.124396e-03,8.941053e-03,8.480880e-03,5.891094e-04,8.712881e-03,2.231455e-01,2.555097e-02,3.147013e-02,2.119765e-03,1.459447e-02,3.093655e-01,1.157330e-01
4.145920e-02,1.684408e-02,2.846519e-01,6.401485e-03,9.400717e-03,6.233578e-03,6.755379e-04,1.573032e-02,1.653934e-01,3.271696e-02,2.629839e-02,2.157489e-03,1.419215e-02,2.616426e-01,1.162022e-01
5.152207e-02,1.350437e-02,2.670311e-01,5.059537e-03,1.245259e-02,4.794183e-03,7.179282e-04,2.828707e-02,1.320857e-01,5.584925e-02,1.950662e-02,2.106023e-03,1.188544e-02,2.578708e-01,1.373274e-01
4.649647e-02,1.161584e-02,3.917730e-01,4.821985e-03,1.808565e-02,3.796065e-03,5.754340e-04,2.859302e-02,9.692873e-02,4.905589e-02,1.675300e-02,2.358900e-03,1.034999e-02,2.055973e-01,1.131988e-01
5.251241e-02,1.683368e-02,3.319393e-01,1.027264e-02,4.015994e-02,3.333461e-03,6.513589e-04,9.518182e-02,8.256787e-02,5.116303e-02,2.272158e-02,5.850741e-03,1.410598e-02,1.788001e-01,9.390607e-02
4.886636e-02,1.814400e-02,2.565660e-01,1.258147e-02,7.820407e-02,2.959017e-03,1.191747e-03,2.031678e-01,7.199356e-02,4.512975e-02,1.981118e-02,6.289068e-03,1.493173e-02,1.376412e-01,8.252311e-02
4.383910e-02,2.499198e-02,1.931994e-01,1.316928e-02,7.308218e-02,2.781041e-03,1.133028e-03,3.446882e-01,6.470778e-02,3.838686e-02,1.542109e-02,5.298616e-03,1.165657e-02,9.771901e-02,6.992589e-02
4.253195e-02,4.465871e-02,1.520811e-01,1.491219e-02,7.838934e-02,3.706085e-03,1.399855e-03,3.961055e-01,6.740542e-02,3.451997e-02,1.205432e-02,4.293843e-03,8.850382e-03,7.017782e-02,6.891351e-02
4.287159e-02,8.003256e-02,1.392825e-01,1.357530e-02,7.488658e-02,7.474119e-03,2.176779e-03,3.217085e-01,8.766156e-02,3.679971e-02,9.062461e-03,3.406941e-03,1.263399e-02,5.240023e-02,1.160272e-01
5.107059e-02,1.254065e-01,1.084937e-01,1.052839e-02,6.677368e-02,1.160009e-02,2.276117e-03,2.607011e-01,1.392151e-01,5.218448e-02,6.801166e-03,2.564796e-03,1.057300e-02,3.901574e-02,1.127956e-01
6.135432e-02,1.634752e-01,8.053161e-02,8.110860e-03,5.567420e-02,1.273429e-02,2.380698e-03,2.221088e-01,1.587618e-01,8.699319e-02,5.028807e-03,1.938170e-03,8.119267e-03,2.994254e-02,1.028462e-01
8.724923e-02,1.515135e-01,6.064441e-02,7.164948e-03,4.542270e-02,1.132804e-02,4.908149e-03,2.484801e-01,1.398590e-01,9.007884e-02,3.889538e-03,2.501494e-03,7.712783e-03,2.428495e-02,1.149623e-01
1.168058e-01,1.368484e-01,4.672758e-02,7.775895e-03,3.595139e-02,1.068863e-02,7.616040e-03,2.400945e-01,1.211775e-01,1.013807e-01,3.487881e-03,3.175233e-03,8.501764e-03,2.151822e-02,1.382504e-01
1.352357e-01,1.375690e-01,3.484187e-02,6.721494e-03,2.995061e-02,9.969484e-03,8.063126e-03,2.164460e-01,1.292751e-01,9.346587e-02,3.266921e-03,3.272260e-03,8.443834e-03,2.414297e-02,1.593358e-01
2.284957e-01,1.096885e-01,2.586490e-02,7.281399e-03,2.508069e-02,1.158849e-02,9.854250e-03,1.830425e-01,1.251345e-01,1.016540e-01,3.972992e-03,5.499270e-03,1.036136e-02,2.045428e-02,1.320270e-01
3.221335e-01,8.669244e-02,2.005868e-02,7.729233e-03,2.181457e-02,1.386377e-02,1.141759e-02,1.475176e-01,1.137639e-01,9.406301e-02,4.387581e-03,7.911258e-03,1.399300e-02,1.798268e-02,1.166712e-01
4.297253e-01,6.618527e-02,1.555613e-02,7.769224e-03,1.752243e-02,1.530384e-02,1.130877e-02,1.140755e-01,9.518783e-02,9.053653e-02,4.902656e-03,1.114927e-02,1.298691e-02,1.519040e-02,9.259998e-02
1.000000e+00,0.000000e+00,0.000000e+00,0.000000e+00,0.000000e+00,0.000000e+00,0.000000e+00,0.000000e+00,0.000000e+00,0.000000e+00,0.000000e+00,0.000000e+00,0.000000e+00,0.000000e+00,0.000000e+00
1.000000e+00,0.000000e+00,0.000000e+00,0.000000e+00,0.000000e+00,0.000000e+00,0.000000e+00,0.000000e+00,0.000000e+00,0.000000e+00,0.000000e+00,0.000000e+00,0.000000e+00,0.000000e+00,0.000000e+00
1.000000e+00,0.000000e+00,0.000000e+00,0.000000e+00,0.000000e+00,0.000000e+00,0.000000e+00,0.000000e+00,0.000000e+00,0.000000e+00,0.000000e+00,0.000000e+00,0.000000e+00,0.000000e+00,0.000000e+00
1.000000e+00,0.000000e+00,0.000000e+00,0.000000e+00,0.000000e+00,0.000000e+00,0.000000e+00,0.000000e+00,0.000000e+00,0.000000e+00,0.000000e+00,0.000000e+00,0.000000e+00,0.000000e+00,0.000000e+00
1.000000e+00,0.000000e+00,0.000000e+00,0.000000e+00,0.000000e+00,0.000000e+00,0.000000e+00,0.000000e+00,0.000000e+00,0.000000e+00,0.000000e+00,0.000000e+00,0.000000e+00,0.000000e+00,0.000000e+00
1.000000e+00,0.000000e+00,0.000000e+00,0.000000e+00,0.000000e+00,0.000000e+00,0.000000e+00,0.000000e+00,0.000000e+00,0.000000e+00,0.000000e+00,0.000000e+00,0.000000e+00,0.000000e+00,0.000000e+00
