1.000000e+00,0.000000e+00,0.000000e+00,0.000000e+00,0.000000e+00,0.000000e+00,0.000000e+00,0.000000e+00,0.000000e+00,0.000000e+00,0.000000e+00,0.000000e+00,0.000000e+00,0.000000e+00,0.000000e+00
1.000000e+00,0.000000e+00,0.000000e+00,0.000000e+00,0.000000e+00,0.000000e+00,0.000000e+00,0.000000e+00,0.000000e+00,0.000000e+00,0.000000e+00,0.000000e+00,0.000000e+00,0.000000e+00,0.000000e+00
1.000000e+00,0.000000e+00,0.000000e+00,0.000000e+00,0.000000e+00,0.000000e+00,0.000000e+00,0.000000e+00,0.000000e+00,0.000000e+00,0.000000e+00,0.000000e+00,0.000000e+00,0.000000e+00,0.000000e+00
1.000000e+00,0.000000e+00,0.000000e+00,0.000000e+00,0.000000e+00,0.000000e+00,0.000000e+00,0.000000e+00,0.000000e+00,0.000000e+00,0.000000e+00,0.000000e+00,0.000000e+00,0.000000e+00,0.000000e+00
1.000000e+00,0.000000e+00,0.000000e+00,0.000000e+00,0.000000e+00,0.000000e+00,0.000000e+00,0.000000e+00,0.000000e+00,0.000000e+00,0.000000e+00,0.000000e+00,0.000000e+00,0.000000e+00,0.000000e+00
1.000000e+00,0.000000e+00,0.000000e+00,0.000000e+00,0.000000e+00,0.000000e+00,0.000000e+00,0.000000e+00,0.000000e+00,0.000000e+00,0.000000e+00,0.000000e+00,0.000000e+00,0.000000e+00,0.000000e+00
1.000000e+00,0.000000e+00,0.000000e+00,0.000000e+00,0.000000e+00,0.000000e+00,0.000000e+00,0.000000e+00,0.000000e+00,0.000000e+00,0.000000e+00,0.000000e+00,0.000000e+00,0.000000e+00,0.000000e+00
1.000000e+00,0.000000e+00,0.000000e+00,0.000000e+00,0.000000e+00,0.000000e+00,0.000000e+00,0.000000e+00,0.000000e+00,0.000000e+00,0.000000e+00,0.000000e+00,0.000000e+00,0.000000e+00,0.000000e+00
1.000000e+00,0.000000e+00,0.000000e+00,0.000000e+00,0.000000e+00,0.000000e+00,0.000000e+00,0.000000e+00,0.000000e+00,0.000000e+00,0.000000e+00,0.000000e+00,0.000000e+00,0.000000e+00,0.000000e+00
1.000000e+00,0.000000e+00,0.000000e+00,0.000000e+00,0.000000e+00,0.000000e+00,0.000000e+00,0.000000e+00,0.000000e+00,0.000000e+00,0.000000e+00,0.000000e+00,0.000000e+00,0.000000e+00,0.000000e+00
1.000000e+00,0.000000e+00,0.000000e+00,0.000000e+00,0.000000e+00,0.000000e+00,0.000000e+00,0.000000e+00,0.000000e+00,0.000000e+00,0.000000e+00,0.000000e+00,0.000000e+00,0.000000e+00,0.000000e+00
1.000000e+00,0.000000e+00,0.000000e+00,0.000000e+00,0.000000e+00,0.000000e+00,0.000000e+00,0.000000e+00,0.000000e+00,0.000000e+00,0.000000e+00,0.000000e+00,0.000000e+00,0.000000e+00,0.000000e+00
1.000000e+00,0.000000e+00,0.000000e+00,0.000000e+00,0.000000e+00,0.000000e+00,0.000000e+00,0.000000e+00,0.000000e+00,0.000000e+00,0.000000e+00,0.000000e+00,0.000000e+00,0.000000e+00,0.000000e+00
1.000000e+00,0.000000e+00,0.000000e+00,0.000000e+00,0.000000e+00,0.000000e+00,0.000000e+00,0.000000e+00,0.000000e+00,0.000000e+00,0.000000e+00,0.000000e+00,0.000000e+00,0.000000e+00,0.000000e+00
1.000000e+00,0.000000e+00,0.000000e+00,0.000000e+00,0.000000e+00,0.000000e+00,0.000000e+00,0.000000e+00,0.000000e+00,0.000000e+00,0.000000e+00,0.000000e+00,0.000000e+00,0.000000e+00,0.000000e+00
1.000000e+00,0.000000e+00,0.000000e+00,0.000000e+00,0.000000e+00,0.000000e+00,0.000000e+00,0.000000e+00,0.000000e+00,0.000000e+00,0.000000e+00,0.000000e+00,0.000000e+00,0.000000e+00,0.000000e+00
1.000000e+00,0.000000e+00,0.000000e+00,0.000000e+00,0.000000e+00,0.000000e+00,0.000000e+00,0.000000e+00,0.000000e+00,0.000000e+00,0.000000e+00,0.000000e+00,0.000000e+00,0.000000e+00,0.000000e+00
1.000000e+00,0.000000e+00,0.000000e+00,0.000000e+00,0.000000e+00,0.000000e+00,0.000000e+00,0.000000e+00,0.000000e+00,0.000000e+00,0.000000e+00,0.000000e+00,0.000000e+00,0.000000e+00,0.000000e+00
1.000000e+00,0.000000e+00,0.000000e+00,0.000000e+00,0.000000e+00,0.000000e+00,0.000000e+00,0.000000e+00,0.000000e+00,0.000000e+00,0.000000e+00,0.000000e+00,0.000000e+00,0.000000e+00,0.000000e+00
1.000000e+00,0.000000e+00,0.000000e+00,0.000000e+00,0.000000e+00,0.000000e+00,0.000000e+00,0.000000e+00,0.000000e+00,0.000000e+00,0.000000e+00,0.000000e+00,0.000000e+00,0.000000e+00,0.000000e+00
1.000000e+00,0.000000e+00,0.000000e+00,0.000000e+00,0.000000e+00,0.000000e+00,0.000000e+00,0.000000e+00,0.000000e+00,0.000000e+00,0.000000e+00,0.000000e+00,0.000000e+00,0.000000e+00,0.000000e+00
1.000000e+00,0.000000e+00,0.000000e+00,0.000000e+00,0.000000e+00,0.000000e+00,0.000000e+00,0.000000e+00,0.000000e+00,0.000000e+00,0.000000e+00,0.000000e+00,0.000000e+00,0.000000e+00,0.000000e+00
1.000000e+00,0.000000e+00,0.000000e+00,0.000000e+00,0.000000e+00,0.000000e+00,0.000000e+00,0.000000e+00,0.000000e+00,0.000000e+00,0.000000e+00,0.000000e+00,0.000000e+00,0.000000e+00,0.000000e+00
1.000000e+00,0.000000e+00,0.000000e+00,0.000000e+00,0.000000e+00,0.000000e+00,0.000000e+00,0.000000e+00,0.000000e+00,0.000000e+00,0.000000e+00,0.000000e+00,0.000000e+00,0.000000e+00,0.000000e+00
1.000000e+00,0.000000e+00,0.000000e+00,0.000000e+00,0.000000e+00,0.000000e+00,0.000000e+00,0.000000e+00,0.000000e+00,0.000000e+00,0.000000e+00,0.000000e+00,0.000000e+00,0.000000e+00,0.000000e+00
1.000000e+00,0.000000e+00,0.000000e+00,0.000000e+00,0.000000e+00,0.000000e+00,0.000000e+00,0.000000e+00,0.000000e+00,0.000000e+00,0.000000e+00,0.000000e+00,0.000000e+00,0.000000e+00,0.000000e+00
1.000000e+00,0.000000e+00,0.000000e+00,0.000000e+00,0.000000e+00,0.000000e+00,0.000000e+00,0.000000e+00,0.000000e+00,0.000000e+00,0.000000e+00,0.000000e+00,0.000000e+00,0.000000e+00,0.000000e+00
1.000000e+00,0.000000e+00,0.000000e+00,0.000000e+00,0.000000e+00,0.000000e+00,0.000000e+00,0.000000e+00,0.000000e+00,0.000000e+00,0.000000e+00,0.000000e+00,0.000000e+00,0.000000e+00,0.000000e+00
1.000000e+00,0.000000e+00,0.000000e+00,0.000000e+00,0.000000e+00,0.000000e+00,0.000000e+00,0.000000e+00,0.000000e+00,0.000000e+00,0.000000e+00,0.000000e+00,0.000000e+00,0.000000e+00,0.000000e+00
1.000000e+00,0.000000e+00,0.000000e+00,0.000000e+00,0.000000e+00,0.000000e+00,0.000000e+00,0.000000e+00,0.000000e+00,0.000000e+00,0.000000e+00,0.000000e+00,0.000000e+00,0.000000e+00,0.000000e+00
1.000000e+00,0.000000e+00,0.000000e+00,0.000000e+00,0.000000e+00,0.000000e+00,0.000000e+00,0.000000e+00,0.000000e+00,0.000000e+00,0.000000e+00,0.000000e+00,0.000000e+00,0.000000e+00,0.000000e+00
1.000000e+00,0.000000e+00,0.000000e+00,0.000000e+00,0.000000e+00,0.000000e+00,0.000000e+00,0.000000e+00,0.000000e+00,0.000000e+00,0.000000e+00,0.000000e+00,0.000000e+00,0.000000e+00,0.000000e+00
1.000000e+00,0.000000e+00,0.000000e+00,0.000000e+00,0.000000e+00,0.000000e+00,0.000000e+00,0.000000e+00,0.000000e+00,0.000000e+00,0.000000e+00,0.000000e+00,0.000000e+00,0.000000e+00,0.000000e+00
1.000000e+00,0.000000e+00,0.000000e+00,0.000000e+00,0.000000e+00,0.000000e+00,0.000000e+00,0.000000e+00,0.000000e+00,0.000000e+00,0.000000e+00,0.000000e+00,0.000000e+00,0.000000e+00,0.000000e+00
1.000000e+00,0.000000e+00,0.000000e+00,0.000000e+00,0.000000e+00,0.000000e+00,0.000000e+00,0.000000e+00,0.000000e+00,0.000000e+00,0.000000e+00,0.000000e+00,0.000000e+00,0.000000e+00,0.000000e+00
1.000000e+00,0.000000e+00,0.000000e+00,0.000000e+00,0.000000e+00,0.000000e+00,0.000000e+00,0.000000e+00,0.000000e+00,0.000000e+00,0.000000e+00,0.000000e+00,0.000000e+00,0.000000e+00,0.000000e+00
1.000000e+00,0.000000e+00,0.000000e+00,0.000000e+00,0.000000e+00,0.000000e+00,0.000000e+00,0.000000e+00,0.000000e+00,0.000000e+00,0.000000e+00,0.000000e+00,0.000000e+00,0.000000e+00,0.000000e+00
1.000000e+00,0.000000e+00,0.000000e+00,0.000000e+00,0.000000e+00,0.000000e+00,0.000000e+00,0.000000e+00,0.000000e+00,0.000000e+00,0.000000e+00,0.000000e+00,0.000000e+00,0.000000e+00,0.000000e+00
1.000000e+00,0.000000e+00,0.000000e+00,0.000000e+00,0.000000e+00,0.000000e+00,0.000000e+00,0.000000e+00,0.000000e+00,0.000000e+00,0.000000e+00,0.000000e+00,0.000000e+00,0.000000e+00,0.000000e+00
1.000000e+00,0.000000e+00,0.000000e+00,0.000000e+00,0.000000e+00,0.000000e+00,0.000000e+00,0.000000e+00,0.000000e+00,0.000000e+00,0.000000e+00,0.000000e+00,0.000000e+00,0.000000e+00,0.000000e+00
1.000000e+00,0.000000e+00,0.000000e+00,0.000000e+00,0.000000e+00,0.000000e+00,0.000000e+00,0.000000e+00,0.000000e+00,0.000000e+00,0.000000e+00,0.000000e+00,0.000000e+00,0.000000e+00,0.000000e+00
1.000000e+00,0.000000e+00,0.000000e+00,0.000000e+00,0.000000e+00,0.000000e+00,0.000000e+00,0.000000e+00,0.000000e+00,0.000000e+00,0.000000e+00,0.000000e+00,0.000000e+00,0.000000e+00,0.000000e+00
1.000000e+00,0.000000e+00,0.000000e+00,0.000000e+00,0.000000e+00,0.000000e+00,0.000000e+00,0.000000e+00,0.000000e+00,0.000000e+00,0.000000e+00,0.000000e+00,0.000000e+00,0.000000e+00,0.000000e+00
1.000000e+00,0.000000e+00,0.000000e+00,0.000000e+00,0.000000e+00,0.000000e+00,0.000000e+00,0.000000e+00,0.000000e+00,0.000000e+00,0.000000e+00,0.000000e+00,0.000000e+00,0.000000e+00,0.000000e+00
1.000000e+00,0.000000e+00,0.000000e+00,0.000000e+00,0.000000e+00,0.000000e+00,0.000000e+00,0.000000e+00,0.000000e+00,0.000000e+00,0.000000e+00,0.000000e+00,0.000000e+00,0.000000e+00,0.000000e+00
1.000000e+00,0.000000e+00,0.000000e+00,0.000000e+00,0.000000e+00,0.000000e+00,0.000000e+00,0.000000e+00,0.000000e+00,0.000000e+00,0.000000e+00,0.000000e+00,0.000000e+00,0.000000e+00,0.000000e+00
1.000000e+00,0.000000e+00,0.000000e+00,0.000000e+00,0.000000e+00,0.000000e+00,0.000000e+00,0.000000e+00,0.000000e+00,0.000000e+00,0.000000e+00,0.000000e+00,0.000000e+00,0.000000e+00,0.000000e+00
1.000000e+00,0.000000e+00,0.000000e+00,0.000000e+00,0.000000e+00,0.000000e+00,0.000000e+00,0.000000e+00,0.000000e+00,0.000000e+00,0.000000e+00,0.000000e+00,0.000000e+00,0.000000e+00,0.000000e+00
1.000000e+00,0.000000e+00,0.000000e+00,0.000000e+00,0.000000e+00,0.000000e+00,0.000000e+00,0.000000e+00,0.000000e+00,0.000000e+00,0.000000e+00,0.000000e+00,0.000000e+00,0.000000e+00,0.000000e+00
1.000000e+00,0.000000e+00,0.000000e+00,0.000000e+00,0.000000e+00,0.000000e+00,0.000000e+00,0.000000e+00,0.000000e+00,0.000000e+00,0.000000e+00,0.000000e+00,0.000000e+00,0.000000e+00,0.000000e+00
1.000000e+00,0.000000e+00,0.000000e+00,0.000000e+00,0.000000e+00,0.000000e+00,0.000000e+00,0.000000e+00,0.000000e+00,0.000000e+00,0.000000e+00,0.000000e+00,0.000000e+00,0.000000e+00,0.000000e+00
1.000000e+00,0.000000e+00,0.000000e+00,0.000000e+00,0.000000e+00,0.000000e+00,0.000000e+00,0.000000e+00,0.000000e+00,0.000000e+00,0.000000e+00,0.000000e+00,0.000000e+00,0.000000e+00,0.000000e+00
1.000000e+00,0.000000e+00,0.000000e+00,0.000000e+00,0.000000e+00,0.000000e+00,0.000000e+00,0.000000e+00,0.000000e+00,0.000000e+00,0.000000e+00,0.000000e+00,0.000000e+00,0.000000e+00,0.000000e+00
1.000000e+00,0.000000e+00,0.000000e+00,0.000000e+00,0.000000e+00,0.000000e+00,0.000000e+00,0.000000e+00,0.000000e+00,0.000000e+00,0.000000e+00,0.000000e+00,0.000000e+00,0.000000e+00,0.000000e+00
1.000000e+00,0.000000e+00,0.000000e+00,0.000000e+00,0.000000e+00,0.000000e+00,0.000000e+00,0.000000e+00,0.000000e+00,0.000000e+00,0.000000e+00,0.000000e+00,0.000000e+00,0.000000e+00,0.000000e+00
1.000000e+00,0.000000e+00,0.000000e+00,0.000000e+00,0.000000e+00,0.000000e+00,0.000000e+00,0.000000e+00,0.000000e+00,0.000000e+00,0.000000e+00,0.000000e+00,0.000000e+00,0.000000e+00,0.000000e+00
1.000000e+00,0.000000e+00,0.000000e+00,0.000000e+00,0.000000e+00,0.000000e+00,0.000000e+00,0.000000e+00,0.000000e+00,0.000000e+00,0.000000e+00,0.000000e+00,0.000000e+00,0.000000e+00,0.000000e+00
4.852070e-01,8.610941e-02,2.093392e-02,2.704177e-01,3.445856e-03,8.729378e-03,2.138974e-03,5.211977e-03,1.904309e-02,2.452144e-02,1.017614e-02,1.029481e-02,8.536658e-03,2.077417e-03,4.315627e-02
3.589166e-01,7.077737e-02,2.453698e-02,2.040713e-01,2.688851e-03,7.117376e-03,1.592269e-03,3.856922e-03,1.972469e-02,2.135361e-01,1.118402e-02,7.949990e-03,8.065332e-03,1.602834e-03,6.437950e-02
2.520944e-01,6.601460e-02,2.746741e-02,1.534191e-01,1.919405e-03,5.142203e-03,1.125632e-03,2.811336e-03,3.557567e-02,3.687395e-01,1.128518e-02,6.289513e-03,1.102645e-02,1.223042e-03,5.586656e-02
1.784762e-01,4.993297e-02,2.136094e-02,1.083656e-01,1.537442e-03,4.056423e-03,8.048840e-04,2.131047e-03,2.825513e-02,5.103804e-01,1.137578e-02,5.378779e-03,3.165037e-02,1.603598e-03,4.469050e-02
1.271672e-01,3.884923e-02,2.177073e-02,7.836629e-02,1.545884e-03,3.882979e-03,6.089907e-04,2.230258e-03,3.076740e-02,5.585561e-01,1.365789e-02,5.302406e-03,7.332367e-02,2.944112e-03,4.102679e-02
9.270614e-02,3.984373e-02,3.948677e-02,7.488968e-02,9.363403e-03,4.460352e-03,8.317493e-04,1.807661e-03,6.016872e-02,5.693099e-01,1.108540e-02,4.670895e-03,5.718653e-02,2.539004e-03,3.165005e-02
6.730076e-02,3.130954e-02,3.159911e-02,5.701858e-02,7.245783e-03,4.542232e-03,7.326491e-04,1.557480e-03,6.340359e-02,6.063816e-01,1.423796e-02,6.236494e-03,5.988263e-02,4.048902e-03,4.450270e-02
4.839614e-02,2.651363e-02,2.547492e-02,4.065314e-02,5.240206e-03,3.931476e-03,5.623398e-04,1.430841e-03,5.261339e-02,5.108924e-01,1.394563e-02,5.284758e-03,4.937909e-02,1.149279e-02,2.041892e-01
3.406880e-02,2.456297e-02,2.094997e-02,2.926785e-02,4.029822e-03,4.286389e-03,4.583779e-04,1.242600e-03,5.169530e-02,3.682801e-01,1.353064e-02,4.253080e-03,3.775567e-02,2.210149e-02,3.835170e-01
2.402140e-02,5.136882e-02,1.743374e-02,2.416676e-02,2.952474e-03,3.241344e-03,3.747873e-04,9.222757e-04,2.535741e-01,2.643752e-01,1.275847e-02,6.678940e-03,3.290135e-02,1.762184e-02,2.876085e-01
1.802254e-02,4.226399e-02,1.327001e-02,1.830396e-02,2.206017e-03,3.007487e-03,3.029160e-04,8.083981e-04,2.095729e-01,1.872343e-01,1.517924e-02,5.627734e-03,2.901631e-02,4.694289e-02,4.082412e-01
1.298509e-02,3.275564e-02,9.827546e-03,1.334491e-02,2.151210e-03,2.655055e-03,2.291905e-04,6.264971e-04,1.605814e-01,1.318953e-01,2.145829e-02,4.676694e-03,2.405108e-02,6.501798e-02,5.177441e-01
1.074849e-02,2.457790e-02,1.206736e-02,1.332184e-02,4.957443e-03,3.272003e-03,2.226458e-04,1.619416e-03,1.163723e-01,9.275214e-02,1.831141e-02,3.596841e-03,1.937782e-02,6.357158e-02,6.152308e-01
1.369998e-02,2.070109e-02,1.131714e-02,1.735796e-02,9.578681e-03,6.790682e-03,2.692058e-04,1.456796e-03,8.538209e-02,6.652556e-02,1.435173e-02,6.142726e-03,1.910256e-02,4.711982e-02,6.802040e-01
2.974591e-02,1.613724e-02,8.408887e-03,1.242833e-02,1.820879e-02,1.213900e-02,2.877518e-04,1.466262e-03,6.148292e-02,4.734750e-02,1.291083e-02,5.198226e-03,1.772226e-02,5.253468e-02,7.039814e-01
3.395405e-02,1.413322e-02,6.422832e-03,9.547866e-03,1.453740e-02,4.848937e-02,3.466742e-04,1.670355e-03,4.409638e-02,3.369078e-02,1.351396e-02,5.357353e-03,1.610838e-02,7.057217e-02,6.875592e-01
2.861394e-02,1.186108e-02,5.051946e-03,6.890861e-03,1.200428e-02,4.837888e-02,3.090293e-04,1.474048e-03,3.525873e-02,2.423958e-02,2.103161e-02,3.998493e-03,1.497043e-02,1.067305e-01,6.791866e-01
2.225237e-02,8.949379e-03,4.116226e-03,4.930951e-03,9.269097e-03,4.376566e-02,3.325368e-04,1.267802e-03,3.128863e-02,1.807779e-02,1.985251e-02,2.904945e-03,1.085584e-02,2.036573e-01,6.184790e-01
1.896039e-02,1.358125e-02,7.301345e-03,4.308032e-03,7.670402e-03,3.289067e-02,3.863978e-04,1.006137e-03,8.094016e-02,1.530200e-02,1.788981e-02,2.516644e-03,8.412916e-03,2.959822e-01,4.928516e-01
1.509958e-02,8.227078e-02,1.471878e-02,3.362289e-03,7.236433e-03,2.494532e-02,4.460323e-04,8.571530e-04,1.697744e-01,1.529575e-02,1.560510e-02,1.901604e-03,6.362529e-03,2.656190e-01,3.765052e-01
1.275814e-02,1.259518e-01,1.477057e-02,3.618785e-03,6.478724e-03,1.846503e-02,3.606736e-04,6.465320e-04,2.120441e-01,2.347094e-02,1.191939e-02,1.383369e-03,5.020416e-03,1.932621e-01,3.698494e-01
1.964168e-02,1.083256e-01,1.729663e-02,4.100581e-03,8.975873e-03,1.715809e-02,4.096873e-04,5.239714e-04,1.923817e-01,3.533085e-02,1.018619e-02,1.086871e-03,3.789876e-03,1.968782e-01,3.839142e-01
2.721143e-02,1.328655e-01,3.274880e-02,5.710320e-02,3.189876e-02,2.216483e-02,1.953642e-03,1.153724e-03,1.568847e-01,3.825104e-02,8.433904e-03,1.058474e-03,3.268020e-03,1.659661e-01,3.190379e-01
4.649909e-02,1.189654e-01,2.904637e-02,6.402733e-02,3.401610e-02,2.373492e-02,2.242503e-03,1.201244e-03,1.407248e-01,7.429641e-02,7.263312e-03,1.018190e-03,3.232915e-03,1.374168e-01,3.163146e-01
3.539741e-02,1.709225e-01,3.637384e-02,1.267112e-01,2.748806e-02,1.726000e-02,1.697504e-03,9.066837e-04,1.039548e-01,7.430220e-02,5.429741e-03,7.923396e-04,2.449053e-03,9.648643e-02,2.998282e-01
7.190631e-02,1.288660e-01,1.248991e-01,1.526401e-01,2.291574e-02,1.365587e-02,1.414776e-03,1.142683e-03,9.800195e-02,5.870238e-02,5.716870e-03,1.375220e-03,2.173629e-03,7.239340e-02,2.441960e-01
1.655790e-01,1.072496e-01,1.105460e-01,1.269348e-01,2.182492e-02,1.273351e-02,1.233261e-03,2.462481e-03,1.265284e-01,4.406982e-02,7.095929e-03,2.325784e-03,2.326427e-03,5.782432e-02,2.112658e-01
1.317562e-01,8.123025e-02,8.733966e-02,1.226264e-01,1.664321e-02,9.499492e-03,9.005690e-04,2.043115e-03,1.557661e-01,4.816107e-02,8.480513e-03,2.011550e-03,3.638580e-03,4.214993e-02,2.877533e-01
9.342705e-02,6.016734e-02,9.150172e-02,9.918136e-02,1.179577e-02,6.773038e-03,6.461254e-04,1.454024e-03,1.566403e-01,4.436850e-02,8.342471e-03,1.875344e-03,3.270338e-03,4.041789e-02,3.801386e-01
6.632567e-02,4.320785e-02,7.757960e-02,7.232144e-02,8.399114e-03,4.984690e-03,4.631750e-04,1.043785e-03,1.508429e-01,3.830129e-02,1.266746e-02,1.590682e-03,3.277740e-03,5.463702e-02,4.643576e-01
5.246358e-02,3.107125e-02,5.640346e-02,5.418936e-02,6.181853e-03,3.916366e-03,3.614896e-04,7.839988e-04,1.852639e-01,3.440710e-02,2.282206e-02,2.726032e-03,7.702559e-03,9.702606e-02,4.446809e-01
3.758448e-02,2.186550e-02,3.983197e-02,3.811217e-02,4.385338e-03,2.879525e-03,2.709945e-04,5.582825e-04,1.485376e-01,2.921899e-02,1.698744e-02,2.170041e-03,5.657559e-03,1.728986e-01,4.790415e-01
2.653939e-02,1.583091e-02,2.835215e-02,2.701547e-02,3.431102e-03,2.099429e-03,2.191191e-04,3.959175e-04,1.223070e-01,2.201165e-02,2.379150e-02,2.060830e-03,9.714017e-03,2.783993e-01,4.378322e-01
1.860267e-02,1.113405e-02,1.985772e-02,1.891600e-02,2.405969e-03,1.486118e-03,1.541010e-04,2.774924e-04,9.275991e-02,1.577814e-02,1.888822e-02,1.539251e-03,7.285880e-03,4.647144e-01,3.262000e-01
1.303088e-02,7.806742e-03,1.390689e-02,1.324385e-02,1.688684e-03,1.046432e-03,1.093903e-04,1.943791e-04,7.103480e-02,1.154070e-02,1.416094e-02,1.096393e-03,5.307443e-03,5.796735e-01,2.661589e-01
9.133494e-03,5.482362e-03,9.743934e-03,9.275886e-03,1.201015e-03,7.426474e-04,7.904750e-05,1.369064e-04,5.430982e-02,8.689321e-03,1.061520e-02,7.782063e-04,3.778464e-03,6.544354e-01,2.315983e-01
6.400486e-03,3.889093e-03,6.844768e-03,6.498693e-03,8.571977e-04,5.322866e-04,5.721451e-05,9.618584e-05,4.547174e-02,6.407399e-03,7.884812e-03,5.493212e-04,2.683536e-03,6.947486e-01,2.170786e-01
4.660591e-03,2.938185e-03,4.999332e-03,4.727817e-03,7.771322e-04,5.665628e-04,9.977628e-05,9.351096e-05,9.642863e-02,8.150686e-03,1.539824e-02,5.027597e-04,2.105992e-03,6.391728e-01,2.193779e-01
3.448951e-03,2.330042e-03,3.659063e-03,3.483639e-03,6.220659e-04,5.955184e-04,1.675971e-04,1.067966e-04,1.486133e-01,1.734878e-02,2.946574e-02,3.089413e-03,3.199040e-03,5.467132e-01,2.371568e-01
2.550633e-03,1.692861e-03,2.634274e-03,2.612659e-03,5.050495e-04,5.022736e-04,1.797836e-04,1.727346e-04,1.192030e-01,1.740984e-02,1.349895e-01,7.492200e-03,4.840545e-03,4.603333e-01,2.448812e-01
2.039809e-03,1.297842e-03,2.162308e-03,1.985248e-03,5.050587e-04,6.025068e-04,1.935075e-04,3.491570e-04,9.177737e-02,1.873548e-02,2.016091e-01,7.913910e-03,4.565331e-03,4.839522e-01,1.823112e-01
2.274085e-03,1.802267e-03,2.328027e-03,1.608079e-03,6.022975e-04,1.325375e-03,1.577172e-04,4.269063e-04,9.333110e-02,1.774864e-02,2.068135e-01,9.064537e-03,4.334772e-03,5.256326e-01,1.325500e-01
2.761094e-03,2.171219e-03,2.970633e-03,1.291145e-03,6.259838e-04,3.177447e-03,2.510900e-04,9.906936e-04,7.167597e-02,2.244066e-02,2.083384e-01,7.408326e-03,3.906677e-03,5.732871e-01,9.870360e-02
2.252580e-03,1.708102e-03,2.939458e-03,1.152953e-03,9.683269e-04,2.943914e-03,2.549618e-04,1.234951e-03,5.426170e-02,2.099439e-02,2.140887e-01,6.123699e-03,3.151264e-03,6.182871e-01,6.963797e-02
1.825197e-03,1.369626e-03,3.143711e-03,9.349525e-04,1.153966e-03,3.907638e-03,2.223323e-04,1.235894e-03,4.628179e-02,1.939834e-02,1.787530e-01,5.302822e-03,2.792600e-03,6.835545e-01,5.012359e-02
1.845428e-03,1.095942e-03,5.821953e-03,9.882278e-04,1.044754e-03,3.482783e-03,2.296804e-04,1.917226e-03,3.899268e-02,2.536639e-02,1.609827e-01,4.362081e-03,2.315927e-03,7.159747e-01,3.557958e-02
1.669511e-03,1.686623e-03,6.756292e-03,9.243910e-04,1.236376e-03,4.337606e-03,2.259615e-04,1.648835e-03,3.233040e-02,2.425069e-02,1.727973e-01,4.261505e-03,1.903540e-03,7.208595e-01,2.511148e-02
2.050689e-03,2.483369e-03,6.617644e-03,7.873252e-04,1.296796e-03,4.401969e-03,1.983834e-04,1.290120e-03,2.594398e-02,2.692140e-02,1.741145e-01,4.041453e-03,1.911291e-03,7.299765e-01,1.796465e-02
3.548889e-03,2.161710e-02,1.269689e-01,2.150938e-03,2.320001e-03,1.236902e-02,2.055994e-04,1.170804e-03,2.731443e-02,4.162585e-02,1.802834e-01,2.984798e-03,2.103418e-03,5.606397e-01,1.469706e-02
3.893309e-03,2.009001e-02,2.897328e-01,9.778766e-03,2.671305e-03,1.088114e-02,2.076868e-04,1.250593e-03,3.173537e-02,4.381968e-02,1.542772e-01,2.156541e-03,1.884470e-03,4.154707e-01,1.215031e-02
1.418732e-02,1.737734e-02,2.650246e-01,8.167511e-03,2.606308e-03,1.227354e-02,2.142277e-04,1.463068e-03,5.625813e-02,6.147310e-02,1.333105e-01,1.593822e-03,1.641406e-03,4.119446e-01,1.246448e-02
2.464545e-02,1.537902e-02,3.712373e-01,8.080939e-03,2.803303e-03,1.146401e-02,2.057826e-04,1.471821e-03,6.531547e-02,5.465456e-02,1.165486e-01,1.224366e-03,1.900062e-03,3.142457e-01,1.082359e-02
2.835232e-02,1.326852e-02,5.027592e-01,6.421425e-03,2.888909e-03,1.082174e-02,3.806468e-04,1.356075e-03,5.713612e-02,4.216043e-02,8.637862e-02,9.280158e-04,1.561412e-03,2.357188e-01,9.867767e-03
2.785591e-02,1.170594e-02,5.485662e-01,5.162562e-03,3.962286e-03,1.205382e-02,4.443201e-04,3.067579e-03,5.862950e-02,3.502075e-02,6.259014e-02,7.225169e-04,1.155212e-03,2.202387e-01,8.824500e-03
2.461647e-02,1.064669e-02,6.027260e-01,3.946389e-03,5.238908e-03,9.907076e-03,3.770453e-04,7.249299e-03,5.648804e-02,2.694828e-02,4.434879e-02,5.390845e-04,8.384760e-04,1.979820e-01,8.147447e-03
2.372614e-02,1.018263e-02,5.571194e-01,3.057487e-03,6.878871e-03,8.440264e-03,3.505857e-04,8.763153e-03,6.662608e-02,2.016425e-02,3.288018e-02,4.109771e-04,6.871590e-04,2.538076e-01,6.905228e-03
2.338610e-02,8.767559e-03,5.567799e-01,2.322729e-03,7.956490e-03,6.595670e-03,2.939244e-04,1.018102e-02,7.252631e-02,1.462983e-02,2.536720e-02,3.247548e-04,5.511463e-04,2.647099e-01,5.607486e-03
2.981602e-02,8.735147e-03,4.652331e-01,2.374904e-03,1.155263e-02,5.510449e-03,2.742162e-04,1.870948e-02,1.139365e-01,1.136145e-02,2.201713e-02,4.153644e-04,5.809302e-04,3.030187e-01,6.463987e-03
3.546558e-02,9.283610e-03,4.278260e-01,3.749769e-03,1.794705e-02,4.515983e-03,3.085536e-04,2.672478e-02,1.088763e-01,8.473993e-03,1.989868e-02,3.740204e-04,4.614441e-04,3.309059e-01,5.188299e-03
2.965338e-02,7.641712e-03,3.153706e-01,2.757124e-03,1.497005e-02,3.654755e-03,2.401734e-04,2.001748e-02,1.164227e-01,6.290608e-03,2.102870e-02,2.973092e-04,3.946981e-04,4.573297e-01,3.930968e-03
3.214959e-02,6.628472e-03,2.239583e-01,2.382250e-03,1.198782e-02,3.319287e-03,2.543246e-04,1.486561e-02,1.169147e-01,5.039126e-03,3.578926e-02,2.977190e-04,4.240347e-04,5.423247e-01,3.664907e-03
3.656794e-02,7.856327e-03,1.675755e-01,3.291699e-03,1.353837e-02,4.135359e-03,3.995998e-04,1.288857e-02,1.451384e-01,4.673141e-03,4.632487e-02,3.932541e-04,4.982797e-04,5.525054e-01,4.213263e-03
3.863954e-02,7.991508e-03,1.180692e-01,2.589448e-03,1.054137e-02,4.791746e-03,4.729590e-04,9.887617e-03,1.913081e-01,4.313920e-03,4.424916e-02,4.167927e-04,5.118898e-04,5.613745e-01,4.842206e-03
2.928060e-02,2.152085e-01,9.079313e-02,2.419564e-02,8.832709e-03,4.319470e-03,3.584351e-04,7.061605e-03,1.422692e-01,6.866927e-03,5.638403e-02,1.189423e-03,1.706927e-03,3.953017e-01,1.623162e-02
2.096145e-02,3.319933e-01,7.166594e-02,2.522732e-02,6.394345e-03,3.314025e-03,2.629591e-04,5.060435e-03,1.013735e-01,5.864947e-03,1.235842e-01,1.752014e-03,3.547999e-03,2.859370e-01,1.306052e-02
2.654385e-02,3.024439e-01,5.493879e-02,3.176945e-02,4.784984e-03,3.949480e-03,2.246381e-04,4.284068e-03,7.682937e-02,4.735785e-03,2.307907e-01,2.443552e-03,5.497456e-03,2.406002e-01,1.016369e-02
2.378968e-02,2.577532e-01,4.025863e-02,2.502788e-02,3.581488e-03,5.646283e-03,2.078565e-04,3.633527e-03,5.492037e-02,3.558635e-03,3.335112e-01,4.909753e-03,6.752632e-03,2.288556e-01,7.593168e-03
2.479089e-02,1.863267e-01,2.902899e-02,2.013726e-02,2.442378e-02,1.653369e-02,4.004833e-04,3.783530e-03,3.989160e-02,2.838831e-03,4.070651e-01,9.639964e-03,7.173525e-03,2.209672e-01,6.998419e-03
1.788120e-02,1.306853e-01,2.053571e-02,1.432365e-02,1.855929e-02,1.290438e-02,3.546477e-04,2.691524e-03,2.855273e-02,2.220035e-03,5.279509e-01,1.255571e-02,5.951834e-03,1.998112e-01,5.021770e-03
1.297242e-02,9.179776e-02,1.445276e-02,1.012959e-02,1.461055e-02,9.632151e-03,2.772035e-04,1.916781e-03,2.066543e-02,1.736048e-03,6.072489e-01,1.498828e-02,4.895181e-03,1.908242e-01,3.852676e-03
9.332551e-03,6.446303e-02,1.021049e-02,7.412032e-03,1.542125e-02,7.145115e-03,2.783275e-04,1.474260e-03,1.554261e-02,2.575599e-03,6.665440e-01,1.379989e-02,4.460417e-03,1.784410e-01,2.899368e-03
6.737695e-03,4.535557e-02,7.279575e-03,5.386010e-03,1.458827e-02,5.426534e-03,2.989064e-04,1.285629e-03,1.160919e-02,2.407921e-03,7.045261e-01,1.108526e-02,3.634258e-03,1.781206e-01,2.258389e-03
5.324622e-03,5.369329e-02,1.041716e-02,6.859488e-03,2.226852e-02,1.076887e-02,5.401743e-04,6.742226e-03,2.146018e-02,4.304869e-03,6.878278e-01,9.027767e-03,2.692905e-03,1.561125e-01,1.959622e-03
4.800119e-03,4.062229e-02,2.305458e-02,1.429804e-02,1.840583e-02,2.793532e-02,8.860391e-04,5.535248e-02,2.587947e-02,4.450403e-03,6.366872e-01,6.775226e-03,2.128318e-03,1.370862e-01,1.638551e-03
5.019834e-03,3.502439e-02,1.797021e-02,1.645096e-02,1.817564e-02,3.550805e-02,8.995203e-04,4.404402e-02,5.404554e-02,4.421996e-03,6.270657e-01,5.781034e-03,1.962831e-03,1.317787e-01,1.851576e-03
6.795391e-03,2.773711e-02,2.513456e-02,2.513783e-02,1.480295e-02,3.047061e-02,9.444614e-04,9.062884e-02,8.957248e-02,4.812811e-03,5.623777e-01,4.415528e-03,2.472374e-03,1.130400e-01,1.657312e-03
8.433491e-03,3.245860e-02,1.935877e-02,2.450223e-02,1.201362e-02,3.652283e-02,7.215173e-04,6.516698e-02,1.016825e-01,7.061819e-03,5.533346e-01,4.338567e-03,1.038789e-02,1.205474e-01,3.469194e-03
1.110947e-02,3.419367e-02,1.611421e-02,2.547568e-02,1.199615e-02,6.907643e-02,6.923227e-04,5.065037e-02,1.291985e-01,9.995643e-03,5.093530e-01,5.071588e-03,1.130765e-02,1.111205e-01,4.644795e-03
1.154356e-02,3.538721e-02,1.309949e-02,2.026727e-02,1.127373e-02,1.481250e-01,7.437814e-04,4.168314e-02,1.626331e-01,9.101396e-03,4.010920e-01,6.748931e-03,1.537613e-02,1.179271e-01,4.998184e-03
9.837452e-03,2.984454e-02,9.785793e-03,1.625361e-02,1.066908e-02,1.445472e-01,6.869967e-04,2.975437e-02,1.623421e-01,1.025652e-02,4.068958e-01,1.659504e-02,2.793041e-02,1.195182e-01,5.082907e-03
9.263339e-03,5.366591e-02,8.963756e-03,1.190614e-02,1.085675e-02,1.364308e-01,5.524030e-04,2.109643e-02,2.423764e-01,1.053612e-02,3.187431e-01,2.277246e-02,2.554081e-02,1.220984e-01,5.197155e-03
9.578642e-03,5.666683e-02,8.231141e-03,9.097695e-03,1.052101e-02,1.229628e-01,4.567237e-04,1.563285e-02,3.081569e-01,1.185174e-02,2.480642e-01,2.264366e-02,2.221037e-02,1.492792e-01,4.646173e-03
1.130657e-02,8.321491e-02,1.087343e-02,2.200451e-02,1.820428e-02,1.061140e-01,6.383050e-04,1.242662e-02,3.734636e-01,1.094836e-02,1.835697e-01,1.963934e-02,1.673591e-02,1.253024e-01,5.558079e-03
1.166679e-02,7.859833e-02,8.957122e-03,1.799091e-02,2.918190e-02,9.530182e-02,8.958138e-04,1.804636e-02,4.601393e-01,1.051639e-02,1.345538e-01,1.423651e-02,1.208756e-02,9.784525e-02,9.982159e-03
1.991259e-02,7.708107e-02,7.476912e-03,1.537404e-02,5.893147e-02,9.509285e-02,1.040868e-03,2.112834e-02,4.868642e-01,8.956130e-03,1.042179e-01,1.018066e-02,8.829204e-03,7.515486e-02,9.758924e-03
2.868237e-02,8.024034e-02,9.286391e-03,1.762943e-02,6.220172e-02,7.944615e-02,1.089100e-03,6.671569e-02,4.633902e-01,9.401120e-03,7.902896e-02,8.125769e-03,6.901856e-03,6.437085e-02,2.349011e-02
2.779198e-02,9.951175e-02,9.044952e-03,1.386968e-02,5.630652e-02,7.193136e-02,9.112467e-04,1.035165e-01,4.711449e-01,7.038801e-03,5.907084e-02,6.031300e-03,5.081490e-03,5.021993e-02,1.852887e-02
2.679178e-02,1.002403e-01,8.536324e-03,1.164758e-02,6.407447e-02,5.709532e-02,9.475456e-04,1.257614e-01,4.899446e-01,5.494434e-03,4.682103e-02,4.560966e-03,3.773583e-03,3.976155e-02,1.454916e-02
2.499635e-02,2.262800e-01,8.414544e-03,8.801130e-03,5.675824e-02,4.282374e-02,8.059136e-04,1.098479e-01,4.064300e-01,4.699236e-03,3.847537e-02,3.317656e-03,2.899264e-03,5.412715e-02,1.132356e-02
2.626929e-02,2.853954e-01,7.200470e-03,6.943897e-03,5.571147e-02,3.456760e-02,7.423865e-04,1.014493e-01,3.683267e-01,4.363420e-03,3.098917e-02,2.456383e-03,2.303397e-03,6.359663e-02,9.684510e-03
4.321424e-02,3.152639e-01,7.063064e-03,6.062957e-03,5.571678e-02,3.278481e-02,7.221564e-04,9.111525e-02,3.503768e-01,4.816544e-03,2.541507e-02,2.181474e-03,1.937923e-03,5.542155e-02,7.907460e-03
5.667126e-02,3.343958e-01,8.376810e-03,4.687563e-03,6.606061e-02,2.610970e-02,6.826004e-04,7.217852e-02,3.187969e-01,9.856245e-03,2.208770e-02,2.067570e-03,1.736202e-03,6.984468e-02,6.447899e-03
9.904838e-02,4.010283e-01,7.820163e-03,3.831886e-03,5.113997e-02,2.063150e-02,9.180597e-04,5.624367e-02,2.585511e-01,9.140389e-03,1.863043e-02,2.588194e-03,2.238401e-03,6.129772e-02,6.891964e-03
1.518791e-01,3.690248e-01,9.966142e-03,2.493532e-02,3.759348e-02,1.712861e-02,9.760200e-04,4.144632e-02,2.046058e-01,2.503718e-02,2.455102e-02,9.596081e-03,6.450393e-03,4.474786e-02,3.206196e-02
1.100048e-01,2.645009e-01,8.002535e-03,1.923522e-02,2.643726e-02,1.289207e-02,7.160594e-04,2.913782e-02,1.495734e-01,2.516288e-01,2.186496e-02,7.974245e-03,2.132565e-02,3.161020e-02,4.509617e-02
8.374730e-02,1.935278e-01,8.649204e-03,1.577945e-02,1.873674e-02,1.023144e-02,5.296384e-04,2.070184e-02,1.159393e-01,3.250722e-01,2.621848e-02,7.289896e-03,7.499015e-02,2.334004e-02,7.524647e-02
7.208926e-02,1.407399e-01,8.006628e-03,1.234857e-02,1.353229e-02,8.881433e-03,4.420806e-04,1.474093e-02,8.434739e-02,4.053230e-01,2.859297e-02,7.766843e-03,1.180682e-01,1.718921e-02,6.793141e-02
6.132134e-02,1.055763e-01,7.457238e-03,1.091179e-02,1.000331e-02,9.936449e-03,6.335488e-04,1.046472e-02,7.506754e-02,5.041292e-01,2.975477e-02,9.155611e-03,9.995486e-02,1.347168e-02,5.216171e-02
5.398451e-02,7.735231e-02,1.170026e-02,1.600521e-02,1.212144e-02,1.904613e-02,1.543676e-03,7.720591e-03,8.569117e-02,4.312544e-01,4.005330e-02,2.707881e-02,1.320687e-01,1.217203e-02,7.220757e-02
3.824013e-02,5.484002e-02,1.239187e-02,1.495979e-02,1.166382e-02,1.436746e-02,1.633499e-03,5.452361e-03,7.651592e-02,3.072627e-01,5.665426e-02,5.967668e-02,2.397011e-01,1.003922e-02,9.660123e-02
2.831204e-02,3.856378e-02,9.720594e-03,1.369536e-02,1.213231e-02,1.574266e-02,1.402679e-03,4.066333e-03,5.474685e-02,2.166781e-01,8.550927e-02,9.281966e-02,3.287809e-01,8.344537e-03,8.948489e-02
2.223496e-02,2.710656e-02,7.585134e-03,1.213522e-02,1.511331e-02,1.419881e-02,1.237952e-03,3.140192e-03,3.909010e-02,1.550010e-01,9.664229e-02,1.365041e-01,3.728430e-01,8.560984e-03,8.860642e-02
1.645735e-02,1.906875e-02,5.621705e-03,8.596356e-03,1.124475e-02,1.310601e-02,9.845230e-04,2.220624e-03,2.832902e-02,1.104019e-01,8.139805e-02,1.995022e-01,4.002343e-01,7.451511e-03,9.538286e-02
1.205888e-02,1.349337e-02,4.406973e-03,6.104102e-03,1.060985e-02,1.050154e-02,1.523180e-03,1.759616e-03,2.125306e-02,7.801621e-02,5.826965e-02,3.800321e-01,3.247186e-01,5.621129e-03,7.163183e-02
8.610977e-03,9.524458e-03,3.400507e-03,4.347489e-03,8.871881e-03,9.958473e-03,1.309689e-03,1.403285e-03,1.569120e-02,5.509578e-02,4.221018e-02,5.437450e-01,2.406656e-01,4.168251e-03,5.099728e-02
6.734086e-03,6.913515e-03,3.319551e-03,3.243436e-03,1.000679e-02,8.684410e-03,1.594398e-03,2.337294e-03,1.227034e-02,3.895283e-02,3.026832e-02,6.590505e-01,1.770986e-01,3.500408e-03,3.602552e-02
5.380928e-03,4.912938e-03,2.618855e-03,2.329021e-03,1.386044e-02,7.984281e-03,1.373575e-03,2.416715e-03,9.751817e-03,2.738739e-02,2.187693e-02,7.442812e-01,1.278524e-01,2.609927e-03,2.536368e-02
7.423704e-03,3.844012e-03,3.694314e-03,1.692199e-03,1.553367e-02,1.175733e-02,1.416752e-03,1.968535e-03,7.515186e-03,1.948435e-02,1.589988e-02,7.983736e-01,9.150983e-02,2.025093e-03,1.786154e-02
9.163875e-03,2.885527e-03,6.845104e-03,1.256453e-03,1.503982e-02,9.583204e-03,5.625890e-03,1.055793e-02,5.658974e-03,1.381380e-02,1.134060e-02,8.270160e-01,6.697918e-02,1.607834e-03,1.262573e-02
1.390758e-02,3.987986e-03,1.472521e-02,3.370284e-03,2.504772e-02,8.371730e-03,5.076469e-03,1.504902e-02,5.973931e-03,9.971110e-03,8.685319e-03,8.244298e-01,5.107322e-02,1.339048e-03,8.991585e-03
1.498432e-02,8.096321e-03,2.161670e-02,1.116739e-02,2.742397e-02,1.058783e-02,4.163833e-03,1.526375e-02,1.520724e-02,2.051921e-02,3.793731e-02,6.964262e-01,1.008682e-01,2.541276e-03,1.319644e-02
1.884786e-02,6.559008e-03,2.203856e-02,8.550821e-03,4.446231e-02,1.049308e-02,5.627573e-03,2.405083e-02,1.171818e-02,1.531488e-02,3.240173e-02,7.028708e-01,8.509297e-02,2.267099e-03,9.704228e-03
1.947712e-02,6.839139e-03,5.228956e-02,7.617868e-03,4.633940e-02,1.125896e-02,9.451453e-03,3.859704e-02,1.891030e-02,1.177361e-02,3.290442e-02,6.500750e-01,8.217076e-02,4.014377e-03,8.280966e-03
1.723957e-02,6.363422e-03,2.842025e-01,7.186638e-03,3.474002e-02,8.391675e-03,6.939616e-03,3.022775e-02,1.702297e-02,9.551277e-03,2.530835e-02,4.802931e-01,6.320387e-02,2.972548e-03,6.356730e-03
2.240708e-02,2.633367e-02,3.911697e-01,8.789654e-03,3.573612e-02,1.128603e-02,6.633841e-03,2.215812e-02,2.729227e-02,8.798883e-03,2.041705e-02,3.627180e-01,4.617286e-02,2.346140e-03,7.740602e-03
1.745243e-02,2.447723e-02,5.445695e-01,1.029042e-02,3.103041e-02,8.814026e-03,6.062190e-03,1.667053e-02,2.364495e-02,7.035301e-03,1.449601e-02,2.548316e-01,3.264458e-02,1.727745e-03,6.253072e-03
1.646712e-02,2.259577e-02,6.524774e-01,9.089792e-03,2.527922e-02,7.153173e-03,4.926036e-03,1.224119e-02,1.892859e-02,5.461615e-03,1.027467e-02,1.847913e-01,2.328060e-02,1.307688e-03,5.725838e-03
2.191740e-02,2.974137e-02,6.565940e-01,8.654340e-03,4.214057e-02,2.640936e-02,1.123997e-02,9.500667e-03,2.617721e-02,4.314269e-03,7.483718e-03,1.327918e-01,1.733451e-02,1.034654e-03,4.666107e-03
2.612255e-02,7.405255e-02,6.047280e-01,2.367275e-02,5.182917e-02,3.125316e-02,9.696328e-03,9.252276e-03,4.536560e-02,4.660335e-03,5.609728e-03,9.315305e-02,1.293913e-02,8.082575e-04,6.857050e-03
2.698046e-02,1.858439e-01,4.672410e-01,2.709148e-02,4.912021e-02,3.405279e-02,8.838426e-03,7.454632e-03,8.792644e-02,1.114661e-02,4.594706e-03,6.547776e-02,1.007206e-02,6.094802e-04,1.355012e-02
2.181195e-02,3.304212e-01,3.508923e-01,3.173053e-02,3.785504e-02,2.673970e-02,6.671923e-03,5.872736e-03,1.056937e-01,1.141503e-02,3.796448e-03,4.612873e-02,7.945104e-03,4.688293e-04,1.255677e-02
2.287998e-02,4.540312e-01,2.619129e-01,2.679726e-02,3.062162e-02,2.068285e-02,5.724538e-03,5.725612e-03,1.087043e-01,9.829375e-03,3.295150e-03,3.261706e-02,6.487038e-03,4.007231e-04,1.029037e-02
1.979164e-02,5.792843e-01,1.898644e-01,2.496438e-02,2.295441e-02,1.579923e-02,4.125990e-03,7.870143e-03,8.861260e-02,7.597670e-03,2.451704e-03,2.294320e-02,4.765505e-03,3.178117e-04,8.656899e-03
1.438381e-02,6.684713e-01,1.345860e-01,2.949344e-02,1.609278e-02,1.118660e-02,2.894271e-03,5.561243e-03,7.734841e-02,6.235856e-03,2.526717e-03,1.828851e-02,5.068801e-03,2.646860e-04,7.597458e-03
1.092977e-02,7.433216e-01,9.575985e-02,2.542205e-02,1.130789e-02,7.920213e-03,2.038036e-03,3.917651e-03,5.836014e-02,4.911453e-03,6.564769e-03,1.762966e-02,5.669785e-03,3.583954e-04,5.888660e-03
1.082649e-02,5.972396e-01,6.831957e-02,2.664588e-02,7.963201e-03,7.453178e-03,1.566619e-03,2.882570e-03,4.216286e-02,3.696202e-03,3.289995e-02,1.840731e-01,7.653801e-03,1.837252e-03,4.779739e-03
1.162884e-02,4.447501e-01,4.851621e-02,2.957801e-02,5.977919e-03,7.058040e-03,1.179356e-03,2.194845e-03,3.247959e-02,3.332349e-03,1.568907e-01,2.261747e-01,1.971014e-02,6.479796e-03,4.049452e-03
9.283951e-03,3.137523e-01,3.418874e-02,2.165969e-02,4.408780e-03,1.320634e-02,1.102851e-03,1.720865e-03,2.559499e-02,2.678410e-03,1.379932e-01,4.067843e-01,1.951232e-02,5.106445e-03,3.006860e-03
6.628710e-03,2.210325e-01,2.418943e-02,1.552317e-02,3.890563e-03,1.336356e-02,8.903927e-04,1.236366e-03,2.135125e-02,2.198820e-03,1.032404e-01,5.632674e-01,1.684252e-02,4.000390e-03,2.344607e-03
4.721986e-03,1.548642e-01,1.731974e-02,1.163623e-02,4.515149e-03,1.194509e-02,6.375914e-03,1.349815e-03,1.868721e-02,1.850808e-03,8.054072e-02,6.623185e-01,1.855267e-02,3.170537e-03,2.151406e-03
3.316751e-03,1.084821e-01,1.222298e-02,8.180595e-03,3.212543e-03,9.423182e-03,4.573752e-03,9.716020e-04,1.390984e-02,1.318786e-03,5.769916e-02,7.555107e-01,1.723355e-02,2.303203e-03,1.641310e-03
2.339828e-03,7.598463e-02,8.688357e-03,5.779859e-03,3.382903e-03,8.435111e-03,6.405802e-03,7.884444e-04,1.315045e-02,9.902691e-04,4.218374e-02,8.147725e-01,1.406745e-02,1.766915e-03,1.263734e-03
1.643346e-03,5.322028e-02,6.153289e-03,4.064569e-03,2.477363e-03,6.900291e-03,4.518166e-03,5.604663e-04,9.326648e-03,7.200451e-04,2.976994e-02,8.660495e-01,1.235117e-02,1.288379e-03,9.565850e-04
1.187367e-03,3.732999e-02,4.518241e-03,2.881987e-03,2.184037e-03,7.229783e-03,3.422251e-03,5.716162e-04,6.863198e-03,5.977897e-04,2.144047e-02,9.002092e-01,9.851639e-03,1.000078e-03,7.123965e-04
8.930105e-04,2.620837e-02,3.348861e-03,2.067664e-03,4.851622e-03,5.626905e-03,3.323823e-03,6.504168e-04,5.583521e-03,6.030956e-04,1.594825e-02,9.218273e-01,7.766352e-03,7.470413e-04,5.537532e-04
7.020471e-04,1.865718e-02,3.550547e-03,1.514549e-03,6.517219e-03,7.813259e-03,3.301495e-03,1.426824e-03,4.851686e-03,5.821802e-04,1.192005e-02,9.307288e-01,7.172761e-03,7.396346e-04,5.217720e-04
5.779210e-04,1.339656e-02,3.389442e-03,1.151216e-03,7.358563e-03,6.629264e-03,4.920455e-03,4.363788e-03,3.837804e-03,5.798938e-04,9.997677e-03,9.354521e-01,7.202025e-03,6.356912e-04,5.075894e-04
5.014132e-04,9.681198e-03,4.677835e-03,8.455027e-04,7.963286e-03,4.864846e-03,1.592605e-02,3.736988e-02,2.759319e-03,5.316512e-04,7.789577e-03,8.999420e-01,6.121761e-03,5.312509e-04,4.943589e-04
1.786111e-03,7.885510e-03,1.205122e-02,2.459061e-03,9.202213e-03,1.108477e-02,1.251092e-02,5.889752e-02,2.482855e-03,8.725260e-04,1.740426e-02,8.190773e-01,4.213637e-02,1.167233e-03,9.820634e-04
2.566238e-03,7.979465e-03,1.227487e-02,2.523744e-03,8.158854e-03,1.068219e-02,9.091750e-03,5.242697e-02,1.365678e-02,2.269325e-03,4.725958e-02,7.678093e-01,4.588066e-02,1.504496e-02,2.375319e-03
2.093306e-03,6.406070e-03,2.617205e-02,5.783127e-03,1.124363e-02,8.026005e-03,6.714115e-03,3.957019e-02,4.163982e-02,1.738506e-02,1.158587e-01,6.153497e-01,7.398533e-02,1.319551e-02,1.657740e-02
1.982945e-03,4.919406e-03,2.587414e-02,8.164685e-03,1.041508e-02,6.166041e-03,5.024400e-03,3.331509e-02,1.069744e-01,3.396810e-02,1.212849e-01,5.176791e-01,6.954934e-02,1.403452e-02,4.064786e-02
2.146599e-03,4.349652e-03,2.277203e-02,7.546087e-03,1.033094e-02,5.225738e-03,3.686939e-03,2.420728e-02,1.499857e-01,3.229868e-02,1.092747e-01,3.687063e-01,5.243782e-02,3.915526e-02,1.678762e-01
1.918222e-03,4.011240e-03,1.708984e-02,5.838939e-03,8.903095e-03,4.000704e-03,2.626214e-03,1.742297e-02,2.308852e-01,3.662745e-02,9.254148e-02,2.604893e-01,3.824989e-02,6.744883e-02,2.119465e-01
1.858708e-03,3.404144e-03,1.415178e-02,6.339411e-03,7.678404e-03,4.605745e-03,1.938927e-03,1.437809e-02,2.928473e-01,3.315138e-02,8.588403e-02,1.847837e-01,3.176837e-02,6.934534e-02,2.478646e-01
2.343370e-03,2.801083e-03,1.051941e-02,5.131952e-03,6.422862e-03,4.789827e-03,1.388634e-03,1.075293e-02,3.800552e-01,2.851646e-02,1.101438e-01,1.316468e-01,2.660406e-02,6.645887e-02,2.124247e-01
3.228357e-03,2.328460e-03,7.965902e-03,4.039596e-03,6.188455e-03,3.866764e-03,9.959573e-04,8.145818e-03,3.701074e-01,2.672341e-02,1.229479e-01,9.327336e-02,2.243689e-02,7.430924e-02,2.534425e-01
