1.000000e+00,0.000000e+00,0.000000e+00,0.000000e+00,0.000000e+00,0.000000e+00,0.000000e+00,0.000000e+00,0.000000e+00,0.000000e+00,0.000000e+00,0.000000e+00,0.000000e+00,0.000000e+00,0.000000e+00
1.000000e+00,0.000000e+00,0.000000e+00,0.000000e+00,0.000000e+00,0.000000e+00,0.000000e+00,0.000000e+00,0.000000e+00,0.000000e+00,0.000000e+00,0.000000e+00,0.000000e+00,0.000000e+00,0.000000e+00
1.000000e+00,0.000000e+00,0.000000e+00,0.000000e+00,0.000000e+00,0.000000e+00,0.000000e+00,0.000000e+00,0.000000e+00,0.000000e+00,0.000000e+00,0.000000e+00,0.000000e+00,0.000000e+00,0.000000e+00
1.000000e+00,0.000000e+00,0.000000e+00,0.000000e+00,0.000000e+00,0.000000e+00,0.000000e+00,0.000000e+00,0.000000e+00,0.000000e+00,0.000000e+00,0.000000e+00,0.000000e+00,0.000000e+00,0.000000e+00
1.000000e+00,0.000000e+00,0.000000e+00,0.000000e+00,0.000000e+00,0.000000e+00,0.000000e+00,0.000000e+00,0.000000e+00,0.000000e+00,0.000000e+00,0.000000e+00,0.000000e+00,0.000000e+00,0.000000e+00
1.000000e+00,0.000000e+00,0.000000e+00,0.000000e+00,0.000000e+00,0.000000e+00,0.000000e+00,0.000000e+00,0.000000e+00,0.000000e+00,0.000000e+00,0.000000e+00,0.000000e+00,0.000000e+00,0.000000e+00
1.000000e+00,0.000000e+00,0.000000e+00,0.000000e+00,0.000000e+00,0.000000e+00,0.000000e+00,0.000000e+00,0.000000e+00,0.000000e+00,0.000000e+00,0.000000e+00,0.000000e+00,0.000000e+00,0.000000e+00
1.000000e+00,0.000000e+00,0.000000e+00,0.000000e+00,0.000000e+00,0.000000e+00,0.000000e+00,0.000000e+00,0.000000e+00,0.000000e+00,0.000000e+00,0.000000e+00,0.000000e+00,0.000000e+00,0.000000e+00
1.000000e+00,0.000000e+00,0.000000e+00,0.000000e+00,0.000000e+00,0.000000e+00,0.000000e+00,0.000000e+00,0.000000e+00,0.000000e+00,0.000000e+00,0.000000e+00,0.000000e+00,0.000000e+00,0.000000e+00
1.000000e+00,0.000000e+00,0.000000e+00,0.000000e+00,0.000000e+00,0.000000e+00,0.000000e+00,0.000000e+00,0.000000e+00,0.000000e+00,0.000000e+00,0.000000e+00,0.000000e+00,0.000000e+00,0.000000e+00
1.000000e+00,0.000000e+00,0.000000e+00,0.000000e+00,0.000000e+00,0.000000e+00,0.000000e+00,0.000000e+00,0.000000e+00,0.000000e+00,0.000000e+00,0.000000e+00,0.000000e+00,0.000000e+00,0.000000e+00
1.000000e+00,0.000000e+00,0.000000e+00,0.000000e+00,0.000000e+00,0.000000e+00,0.000000e+00,0.000000e+00,0.000000e+00,0.000000e+00,0.000000e+00,0.000000e+00,0.000000e+00,0.000000e+00,0.000000e+00
1.000000e+00,0.000000e+00,0.000000e+00,0.000000e+00,0.000000e+00,0.000000e+00,0.000000e+00,0.000000e+00,0.000000e+00,0.000000e+00,0.000000e+00,0.000000e+00,0.000000e+00,0.000000e+00,0.000000e+00
1.000000e+00,0.000000e+00,0.000000e+00,0.000000e+00,0.000000e+00,0.000000e+00,0.000000e+00,0.000000e+00,0.000000e+00,0.000000e+00,0.000000e+00,0.000000e+00,0.000000e+00,0.000000e+00,0.000000e+00
1.000000e+00,0.000000e+00,0.000000e+00,0.000000e+00,0.000000e+00,0.000000e+00,0.000000e+00,0.000000e+00,0.000000e+00,0.000000e+00,0.000000e+00,0.000000e+00,0.000000e+00,0.000000e+00,0.000000e+00
1.000000e+00,0.000000e+00,0.000000e+00,0.000000e+00,0.000000e+00,0.000000e+00,0.000000e+00,0.000000e+00,0.000000e+00,0.000000e+00,0.000000e+00,0.000000e+00,0.000000e+00,0.000000e+00,0.000000e+00
1.000000e+00,0.000000e+00,0.000000e+00,0.000000e+00,0.000000e+00,0.000000e+00,0.000000e+00,0.000000e+00,0.000000e+00,0.000000e+00,0.000000e+00,0.000000e+00,0.000000e+00,0.000000e+00,0.000000e+00
1.000000e+00,0.000000e+00,0.000000e+00,0.000000e+00,0.000000e+00,0.000000e+00,0.000000e+00,0.000000e+00,0.000000e+00,0.000000e+00,0.000000e+00,0.000000e+00,0.000000e+00,0.000000e+00,0.000000e+00
1.000000e+00,0.000000e+00,0.000000e+00,0.000000e+00,0.000000e+00,0.000000e+00,0.000000e+00,0.000000e+00,0.000000e+00,0.000000e+00,0.000000e+00,0.000000e+00,0.000000e+00,0.000000e+00,0.000000e+00
1.000000e+00,0.000000e+00,0.000000e+00,0.000000e+00,0.000000e+00,0.000000e+00,0.000000e+00,0.000000e+00,0.000000e+00,0.000000e+00,0.000000e+00,0.000000e+00,0.000000e+00,0.000000e+00,0.000000e+00
1.000000e+00,0.000000e+00,0.000000e+00,0.000000e+00,0.000000e+00,0.000000e+00,0.000000e+00,0.000000e+00,0.000000e+00,0.000000e+00,0.000000e+00,0.000000e+00,0.000000e+00,0.000000e+00,0.000000e+00
1.000000e+00,0.000000e+00,0.000000e+00,0.000000e+00,0.000000e+00,0.000000e+00,0.000000e+00,0.000000e+00,0.000000e+00,0.000000e+00,0.000000e+00,0.000000e+00,0.000000e+00,0.000000e+00,0.000000e+00
1.000000e+00,0.000000e+00,0.000000e+00,0.000000e+00,0.000000e+00,0.000000e+00,0.000000e+00,0.000000e+00,0.000000e+00,0.000000e+00,0.000000e+00,0.000000e+00,0.000000e+00,0.000000e+00,0.000000e+00
1.000000e+00,0.000000e+00,0.000000e+00,0.000000e+00,0.000000e+00,0.000000e+00,0.000000e+00,0.000000e+00,0.000000e+00,0.000000e+00,0.000000e+00,0.000000e+00,0.000000e+00,0.000000e+00,0.000000e+00
1.000000e+00,0.000000e+00,0.000000e+00,0.000000e+00,0.000000e+00,0.000000e+00,0.000000e+00,0.000000e+00,0.000000e+00,0.000000e+00,0.000000e+00,0.000000e+00,0.000000e+00,0.000000e+00,0.000000e+00
1.000000e+00,0.000000e+00,0.000000e+00,0.000000e+00,0.000000e+00,0.000000e+00,0.000000e+00,0.000000e+00,0.000000e+00,0.000000e+00,0.000000e+00,0.000000e+00,0.000000e+00,0.000000e+00,0.000000e+00
1.000000e+00,0.000000e+00,0.000000e+00,0.000000e+00,0.000000e+00,0.000000e+00,0.000000e+00,0.000000e+00,0.000000e+00,0.000000e+00,0.000000e+00,0.000000e+00,0.000000e+00,0.000000e+00,0.000000e+00
1.000000e+00,0.000000e+00,0.000000e+00,0.000000e+00,0.000000e+00,0.000000e+00,0.000000e+00,0.000000e+00,0.000000e+00,0.000000e+00,0.000000e+00,0.000000e+00,0.000000e+00,0.000000e+00,0.000000e+00
1.000000e+00,0.000000e+00,0.000000e+00,0.000000e+00,0.000000e+00,0.000000e+00,0.000000e+00,0.000000e+00,0.000000e+00,0.000000e+00,0.000000e+00,0.000000e+00,0.000000e+00,0.000000e+00,0.000000e+00
1.000000e+00,0.000000e+00,0.000000e+00,0.000000e+00,0.000000e+00,0.000000e+00,0.000000e+00,0.000000e+00,0.000000e+00,0.000000e+00,0.000000e+00,0.000000e+00,0.000000e+00,0.000000e+00,0.000000e+00
1.000000e+00,0.000000e+00,0.000000e+00,0.000000e+00,0.000000e+00,0.000000e+00,0.000000e+00,0.000000e+00,0.000000e+00,0.000000e+00,0.000000e+00,0.000000e+00,0.000000e+00,0.000000e+00,0.000000e+00
1.000000e+00,0.000000e+00,0.000000e+00,0.000000e+00,0.000000e+00,0.000000e+00,0.000000e+00,0.000000e+00,0.000000e+00,0.000000e+00,0.000000e+00,0.000000e+00,0.000000e+00,0.000000e+00,0.000000e+00
1.000000e+00,0.000000e+00,0.000000e+00,0.000000e+00,0.000000e+00,0.000000e+00,0.000000e+00,0.000000e+00,0.000000e+00,0.000000e+00,0.000000e+00,0.000000e+00,0.000000e+00,0.000000e+00,0.000000e+00
1.000000e+00,0.000000e+00,0.000000e+00,0.000000e+00,0.000000e+00,0.000000e+00,0.000000e+00,0.000000e+00,0.000000e+00,0.000000e+00,0.000000e+00,0.000000e+00,0.000000e+00,0.000000e+00,0.000000e+00
1.000000e+00,0.000000e+00,0.000000e+00,0.000000e+00,0.000000e+00,0.000000e+00,0.000000e+00,0.000000e+00,0.000000e+00,0.000000e+00,0.000000e+00,0.000000e+00,0.000000e+00,0.000000e+00,0.000000e+00
1.000000e+00,0.000000e+00,0.000000e+00,0.000000e+00,0.000000e+00,0.000000e+00,0.000000e+00,0.000000e+00,0.000000e+00,0.000000e+00,0.000000e+00,0.000000e+00,0.000000e+00,0.000000e+00,0.000000e+00
1.000000e+00,0.000000e+00,0.000000e+00,0.000000e+00,0.000000e+00,0.000000e+00,0.000000e+00,0.000000e+00,0.000000e+00,0.000000e+00,0.000000e+00,0.000000e+00,0.000000e+00,0.000000e+00,0.000000e+00
1.000000e+00,0.000000e+00,0.000000e+00,0.000000e+00,0.000000e+00,0.000000e+00,0.000000e+00,0.000000e+00,0.000000e+00,0.000000e+00,0.000000e+00,0.000000e+00,0.000000e+00,0.000000e+00,0.000000e+00
1.000000e+00,0.000000e+00,0.000000e+00,0.000000e+00,0.000000e+00,0.000000e+00,0.000000e+00,0.000000e+00,0.000000e+00,0.000000e+00,0.000000e+00,0.000000e+00,0.000000e+00,0.000000e+00,0.000000e+00
1.000000e+00,0.000000e+00,0.000000e+00,0.000000e+00,0.000000e+00,0.000000e+00,0.000000e+00,0.000000e+00,0.000000e+00,0.000000e+00,0.000000e+00,0.000000e+00,0.000000e+00,0.000000e+00,0.000000e+00
1.000000e+00,0.000000e+00,0.000000e+00,0.000000e+00,0.000000e+00,0.000000e+00,0.000000e+00,0.000000e+00,0.000000e+00,0.000000e+00,0.000000e+00,0.000000e+00,0.000000e+00,0.000000e+00,0.000000e+00
1.000000e+00,0.000000e+00,0.000000e+00,0.000000e+00,0.000000e+00,0.000000e+00,0.000000e+00,0.000000e+00,0.000000e+00,0.000000e+00,0.000000e+00,0.000000e+00,0.000000e+00,0.000000e+00,0.000000e+00
1.000000e+00,0.000000e+00,0.000000e+00,0.000000e+00,0.000000e+00,0.000000e+00,0.000000e+00,0.000000e+00,0.000000e+00,0.000000e+00,0.000000e+00,0.000000e+00,0.000000e+00,0.000000e+00,0.000000e+00
1.000000e+00,0.000000e+00,0.000000e+00,0.000000e+00,0.000000e+00,0.000000e+00,0.000000e+00,0.000000e+00,0.000000e+00,0.000000e+00,0.000000e+00,0.000000e+00,0.000000e+00,0.000000e+00,0.000000e+00
1.000000e+00,0.000000e+00,0.000000e+00,0.000000e+00,0.000000e+00,0.000000e+00,0.000000e+00,0.000000e+00,0.000000e+00,0.000000e+00,0.000000e+00,0.000000e+00,0.000000e+00,0.000000e+00,0.000000e+00
1.000000e+00,0.000000e+00,0.000000e+00,0.000000e+00,0.000000e+00,0.000000e+00,0.000000e+00,0.000000e+00,0.000000e+00,0.000000e+00,0.000000e+00,0.000000e+00,0.000000e+00,0.000000e+00,0.000000e+00
1.000000e+00,0.000000e+00,0.000000e+00,0.000000e+00,0.000000e+00,0.000000e+00,0.000000e+00,0.000000e+00,0.000000e+00,0.000000e+00,0.000000e+00,0.000000e+00,0.000000e+00,0.000000e+00,0.000000e+00
1.000000e+00,0.000000e+00,0.000000e+00,0.000000e+00,0.000000e+00,0.000000e+00,0.000000e+00,0.000000e+00,0.000000e+00,0.000000e+00,0.000000e+00,0.000000e+00,0.000000e+00,0.000000e+00,0.000000e+00
1.000000e+00,0.000000e+00,0.000000e+00,0.000000e+00,0.000000e+00,0.000000e+00,0.000000e+00,0.000000e+00,0.000000e+00,0.000000e+00,0.000000e+00,0.000000e+00,0.000000e+00,0.000000e+00,0.000000e+00
1.000000e+00,0.000000e+00,0.000000e+00,0.000000e+00,0.000000e+00,0.000000e+00,0.000000e+00,0.000000e+00,0.000000e+00,0.000000e+00,0.000000e+00,0.000000e+00,0.000000e+00,0.000000e+00,0.000000e+00
1.000000e+00,0.000000e+00,0.000000e+00,0.000000e+00,0.000000e+00,0.000000e+00,0.000000e+00,0.000000e+00,0.000000e+00,0.000000e+00,0.000000e+00,0.000000e+00,0.000000e+00,0.000000e+00,0.000000e+00
1.000000e+00,0.000000e+00,0.000000e+00,0.000000e+00,0.000000e+00,0.000000e+00,0.000000e+00,0.000000e+00,0.000000e+00,0.000000e+00,0.000000e+00,0.000000e+00,0.000000e+00,0.000000e+00,0.000000e+00
1.000000e+00,0.000000e+00,0.000000e+00,0.000000e+00,0.000000e+00,0.000000e+00,0.000000e+00,0.000000e+00,0.000000e+00,0.000000e+00,0.000000e+00,0.000000e+00,0.000000e+00,0.000000e+00,0.000000e+00
1.000000e+00,0.000000e+00,0.000000e+00,0.000000e+00,0.000000e+00,0.000000e+00,0.000000e+00,0.000000e+00,0.000000e+00,0.000000e+00,0.000000e+00,0.000000e+00,0.000000e+00,0.000000e+00,0.000000e+00
1.000000e+00,0.000000e+00,0.000000e+00,0.000000e+00,0.000000e+00,0.000000e+00,0.000000e+00,0.000000e+00,0.000000e+00,0.000000e+00,0.000000e+00,0.000000e+00,0.000000e+00,0.000000e+00,0.000000e+00
1.000000e+00,0.000000e+00,0.000000e+00,0.000000e+00,0.000000e+00,0.000000e+00,0.000000e+00,0.000000e+00,0.000000e+00,0.000000e+00,0.000000e+00,0.000000e+00,0.000000e+00,0.000000e+00,0.000000e+00
1.000000e+00,0.000000e+00,0.000000e+00,0.000000e+00,0.000000e+00,0.000000e+00,0.000000e+00,0.000000e+00,0.000000e+00,0.000000e+00,0.000000e+00,0.000000e+00,0.000000e+00,0.000000e+00,0.000000e+00
1.000000e+00,0.000000e+00,0.000000e+00,0.000000e+00,0.000000e+00,0.000000e+00,0.000000e+00,0.000000e+00,0.000000e+00,0.000000e+00,0.000000e+00,0.000000e+00,0.000000e+00,0.000000e+00,0.000000e+00
1.000000e+00,0.000000e+00,0.000000e+00,0.000000e+00,0.000000e+00,0.000000e+00,0.000000e+00,0.000000e+00,0.000000e+00,0.000000e+00,0.000000e+00,0.000000e+00,0.000000e+00,0.000000e+00,0.000000e+00
4.237205e-01,2.553281e-02,1.742565e-02,5.974371e-02,1.871497e-02,2.444695e-01,2.772268e-03,2.340990e-02,5.264154e-03,4.088355e-03,1.247571e-01,2.284450e-02,1.030211e-02,3.206608e-03,1.374783e-02
3.017545e-01,2.542627e-02,1.412796e-02,4.593274e-02,2.138549e-02,3.530532e-01,2.752209e-03,1.747316e-02,9.093688e-03,7.163513e-02,9.230790e-02,1.622928e-02,7.957669e-03,5.862886e-03,1.500794e-02
2.116010e-01,1.829287e-02,1.014674e-02,3.396953e-02,1.530234e-02,3.144202e-01,2.380674e-03,1.236284e-02,8.274522e-02,1.561335e-01,8.140922e-02,1.177096e-02,6.297529e-03,7.832387e-03,3.533505e-02
1.483449e-01,1.400028e-02,7.337856e-03,2.600445e-02,1.102176e-02,2.505651e-01,1.785066e-03,8.942156e-03,2.002520e-01,2.099259e-01,6.077035e-02,8.427623e-03,4.861678e-03,6.008231e-03,4.175265e-02
1.046124e-01,1.020828e-02,5.183859e-03,1.874543e-02,8.170798e-03,2.498294e-01,1.466349e-03,7.137659e-03,3.088636e-01,1.656053e-01,6.295419e-02,6.268968e-03,6.003514e-03,6.939493e-03,3.801082e-02
7.359995e-02,8.992813e-03,3.655937e-03,1.349760e-02,5.866288e-03,1.752423e-01,1.045914e-03,5.134837e-03,5.059057e-01,1.177707e-01,4.448314e-02,4.424504e-03,4.380563e-03,5.064156e-03,3.093557e-02
5.399209e-02,3.061162e-02,3.030564e-03,1.219009e-02,4.216592e-03,1.233801e-01,7.655533e-04,3.639500e-03,6.003731e-01,8.790435e-02,3.151665e-02,3.395711e-03,3.837578e-03,4.288282e-03,3.685828e-02
4.616981e-02,2.603593e-02,2.400367e-03,9.741064e-03,3.270183e-03,8.848638e-02,6.773488e-04,2.758861e-03,6.344575e-01,7.352425e-02,2.482012e-02,3.632508e-03,5.095936e-03,8.692273e-03,7.023744e-02
3.801799e-02,6.663591e-02,2.134975e-03,8.053209e-03,2.351887e-03,6.223297e-02,5.066612e-04,1.985716e-03,6.578124e-01,5.319617e-02,1.818062e-02,3.443389e-03,4.985685e-03,1.713135e-02,6.333109e-02
4.935812e-02,5.447472e-02,1.790490e-03,5.949269e-03,1.695808e-03,4.512238e-02,4.259236e-04,1.434389e-03,5.475436e-01,3.971528e-02,1.403230e-02,3.092551e-03,6.519245e-03,1.452626e-01,8.358337e-02
5.402383e-02,4.001776e-02,1.808809e-03,4.295636e-03,1.352846e-03,3.279723e-02,3.259428e-04,1.030785e-03,3.944404e-01,3.228949e-02,1.079606e-02,2.434701e-03,5.424366e-03,2.770353e-01,1.419270e-01
5.482950e-02,3.542918e-02,7.950587e-03,3.992020e-03,1.717350e-03,2.453976e-02,3.203522e-04,9.129954e-04,2.940779e-01,2.758251e-02,8.656272e-03,1.935310e-03,4.504490e-03,3.041813e-01,2.293705e-01
4.344690e-02,3.029878e-02,1.791368e-02,3.899523e-03,1.678289e-03,1.856680e-02,2.622862e-04,6.962838e-04,2.271550e-01,2.927005e-02,6.641114e-03,1.539539e-03,3.470798e-03,3.143249e-01,3.008361e-01
3.230107e-02,2.235515e-02,1.391527e-02,2.815088e-03,1.961847e-03,1.340699e-02,2.103553e-04,5.034739e-04,1.909903e-01,2.781907e-02,4.997954e-03,1.113822e-03,2.569370e-03,2.654927e-01,4.195475e-01
2.470921e-02,1.697131e-02,1.041038e-02,2.058867e-03,2.188886e-03,9.744316e-03,1.762726e-04,3.784009e-04,2.696088e-01,2.541124e-02,4.991344e-03,8.144964e-04,2.054620e-03,2.063155e-01,4.241663e-01
1.798415e-02,1.279995e-02,7.437846e-03,1.573194e-03,1.888340e-03,7.184975e-03,1.362454e-04,3.411728e-04,3.524979e-01,2.235199e-02,7.842655e-03,1.294614e-03,7.591891e-03,1.454225e-01,4.136526e-01
1.324344e-02,1.244407e-02,5.997239e-03,1.259827e-03,1.382132e-03,5.387431e-03,1.041516e-04,2.726240e-04,4.696083e-01,2.445792e-02,7.080451e-03,2.076108e-03,1.165880e-02,1.043521e-01,3.406754e-01
1.009725e-02,9.443957e-03,4.461989e-03,9.319999e-04,9.968663e-04,4.057047e-03,7.898336e-05,2.580530e-04,4.132736e-01,2.824127e-02,1.030581e-02,2.738203e-03,1.944722e-02,7.468632e-02,4.209815e-01
8.238295e-03,1.489790e-02,9.998614e-03,2.690797e-03,1.558634e-03,3.049354e-03,1.154473e-04,8.273544e-04,4.809221e-01,3.377813e-02,8.906237e-03,3.010396e-03,2.169012e-02,5.355155e-02,3.567651e-01
7.092206e-03,1.168603e-02,7.848212e-03,2.305063e-03,1.421078e-03,2.376569e-03,1.845389e-04,1.403201e-03,3.710636e-01,2.789108e-02,1.591541e-02,4.006494e-03,3.335787e-02,3.907332e-02,4.743752e-01
6.592165e-03,9.483385e-03,8.503207e-03,1.968314e-03,1.646274e-03,8.921688e-03,4.072686e-04,1.933601e-03,2.670883e-01,2.154964e-02,3.114636e-02,1.081013e-02,4.955268e-02,3.049801e-02,5.498990e-01
4.948445e-03,8.120623e-03,7.175002e-03,1.821427e-03,2.338441e-03,8.204972e-03,4.824947e-04,1.717166e-03,1.909063e-01,1.568572e-02,2.409244e-02,1.766599e-02,2.530943e-01,2.166718e-02,4.420795e-01
4.948304e-03,1.066227e-02,1.439011e-02,7.977635e-03,4.582513e-03,8.195433e-02,8.746333e-04,1.433881e-03,1.408886e-01,1.286764e-02,2.569400e-02,3.227930e-02,3.241998e-01,1.956819e-02,3.176787e-01
5.555877e-03,3.487264e-02,3.457360e-02,1.648227e-02,1.330916e-02,7.822634e-02,1.014024e-03,1.316143e-03,1.422471e-01,1.553641e-02,2.827491e-02,3.903338e-02,2.935096e-01,2.622719e-02,2.698214e-01
4.299638e-03,2.495348e-02,2.581859e-02,1.808816e-02,1.348215e-02,6.378227e-02,8.842017e-04,1.299456e-03,1.052687e-01,1.461939e-02,6.802028e-02,4.704306e-02,3.862716e-01,2.474142e-02,2.014276e-01
3.951253e-03,1.786646e-02,2.016643e-02,1.467960e-02,4.012707e-02,4.673868e-02,8.758215e-04,1.261863e-03,8.203485e-02,1.235127e-02,1.281680e-01,6.134409e-02,3.389373e-01,2.713821e-02,2.043592e-01
4.615102e-03,1.363415e-02,1.735195e-02,1.305888e-02,5.651800e-02,3.412473e-02,9.516970e-04,2.392358e-03,6.788034e-02,1.164803e-02,2.561101e-01,7.236075e-02,2.474593e-01,3.268859e-02,1.692060e-01
4.968407e-03,1.061131e-02,1.334570e-02,1.090258e-02,6.652623e-02,2.462113e-02,1.056582e-03,2.290012e-03,5.470112e-02,9.858971e-03,3.597842e-01,8.807446e-02,1.793001e-01,4.316967e-02,1.307896e-01
2.282934e-02,9.416040e-03,1.015039e-02,1.167829e-02,5.283826e-02,1.846368e-02,1.208458e-03,3.078828e-03,4.308133e-02,9.610537e-03,4.351551e-01,8.944566e-02,1.276441e-01,6.630546e-02,9.909459e-02
2.126640e-02,7.165247e-03,7.561226e-03,9.204371e-03,4.127035e-02,1.366207e-02,1.656939e-03,2.740376e-03,3.151920e-02,8.000977e-03,5.532246e-01,6.834982e-02,9.014158e-02,7.318199e-02,7.105485e-02
1.612904e-02,5.922767e-03,5.801928e-03,6.940723e-03,3.187797e-02,1.039688e-02,1.475827e-03,2.290898e-03,2.308253e-02,6.244931e-03,6.464383e-01,5.596898e-02,6.377363e-02,7.327679e-02,5.037879e-02
1.264279e-02,8.377590e-03,4.608680e-03,5.440027e-03,2.696892e-02,8.213704e-03,1.282588e-03,2.035311e-03,1.875004e-02,6.642376e-03,6.895460e-01,5.136809e-02,4.546357e-02,8.223921e-02,3.642113e-02
1.077825e-02,1.198719e-02,3.813453e-03,5.124760e-03,2.435511e-02,7.153533e-03,1.207481e-03,1.744976e-03,1.903074e-02,1.106953e-02,7.046994e-01,4.890709e-02,3.259900e-02,8.949037e-02,2.803913e-02
9.376373e-03,1.260147e-02,6.767346e-03,8.238090e-03,2.779223e-02,9.387061e-03,1.341970e-03,2.070939e-03,3.247186e-02,3.462021e-02,6.472509e-01,4.146264e-02,2.580617e-02,1.038092e-01,3.700356e-02
7.422289e-03,1.089836e-02,7.331187e-03,6.820362e-03,2.400079e-02,7.276414e-03,9.883805e-04,1.655745e-03,2.610213e-02,2.727253e-02,7.069241e-01,3.230631e-02,1.956289e-02,9.325247e-02,2.818608e-02
6.912822e-03,9.147877e-03,9.818021e-03,1.279172e-02,2.529665e-02,6.534212e-03,8.247354e-04,1.528623e-03,5.651825e-02,3.030779e-02,6.871992e-01,2.837714e-02,1.893987e-02,8.303642e-02,2.276665e-02
5.833575e-03,9.345598e-03,1.299666e-02,1.147167e-02,3.319506e-02,9.409444e-03,1.524554e-03,1.352974e-03,4.537870e-02,2.545406e-02,7.038547e-01,2.590358e-02,2.266000e-02,7.166497e-02,1.995444e-02
5.227937e-03,7.593871e-03,1.168288e-02,9.494060e-03,2.644847e-02,7.412530e-03,1.288839e-03,2.650366e-03,3.407303e-02,1.962448e-02,7.537087e-01,2.596518e-02,2.341636e-02,5.648524e-02,1.492808e-02
6.080978e-03,6.533760e-03,3.344900e-02,8.116121e-03,2.288136e-02,1.014810e-02,3.735067e-03,6.103615e-03,2.942444e-02,2.439000e-02,7.260976e-01,2.295805e-02,2.863929e-02,5.387711e-02,1.756553e-02
7.142689e-03,6.207468e-03,3.322396e-02,6.736660e-03,2.240468e-02,1.964473e-02,4.573961e-03,7.051756e-03,3.130693e-02,6.385048e-02,6.739083e-01,2.489812e-02,2.763266e-02,5.113699e-02,2.028063e-02
1.038403e-02,9.503478e-03,5.581123e-02,5.761489e-03,1.859621e-02,2.183135e-02,5.736896e-03,1.971679e-02,7.798824e-02,6.861557e-02,5.914618e-01,2.250178e-02,2.484133e-02,4.888389e-02,1.836586e-02
1.569578e-02,9.698262e-03,2.315757e-01,5.567432e-03,1.494535e-02,2.118529e-02,5.050799e-03,3.548603e-02,7.919383e-02,6.016573e-02,4.330753e-01,1.777470e-02,1.872659e-02,3.704995e-02,1.480925e-02
1.591003e-02,7.610579e-03,4.320616e-01,9.570672e-03,1.194933e-02,1.702769e-02,3.742348e-03,2.688280e-02,6.093011e-02,4.479576e-02,3.060816e-01,1.266912e-02,1.332803e-02,2.651313e-02,1.092720e-02
2.800008e-02,7.764417e-03,5.477475e-01,9.318067e-03,1.479387e-02,2.304768e-02,3.285898e-03,2.080892e-02,4.570612e-02,3.601097e-02,2.159891e-01,9.224100e-03,9.657308e-03,2.008095e-02,8.564973e-03
4.450079e-02,8.531388e-03,6.093040e-01,9.037375e-03,1.999919e-02,2.365067e-02,3.206671e-03,1.874607e-02,3.604600e-02,3.557817e-02,1.531156e-01,6.816634e-03,7.032744e-03,1.719857e-02,7.236078e-03
6.692113e-02,2.054869e-02,5.882866e-01,1.437747e-02,4.310250e-02,2.841923e-02,4.625968e-03,1.803477e-02,3.112884e-02,3.471300e-02,1.106215e-01,6.677232e-03,8.476564e-03,1.620608e-02,7.860364e-03
1.115005e-01,2.850559e-02,5.493620e-01,1.243113e-02,4.983000e-02,2.499089e-02,4.395832e-03,1.644385e-02,2.455914e-02,3.749260e-02,8.249941e-02,2.101623e-02,1.070430e-02,1.677420e-02,9.494313e-03
1.554901e-01,4.264681e-02,4.418957e-01,1.461335e-02,4.892484e-02,2.603479e-02,6.054034e-03,1.878719e-02,2.027378e-02,4.781561e-02,7.123370e-02,4.468903e-02,1.837701e-02,2.148495e-02,2.167914e-02
1.699451e-01,5.330864e-02,3.335366e-01,2.323809e-02,4.876552e-02,2.665023e-02,6.975222e-03,2.087090e-02,1.943284e-02,6.108528e-02,6.207540e-02,7.511672e-02,3.038813e-02,2.400768e-02,4.460369e-02
1.813015e-01,6.749650e-02,2.595179e-01,3.191174e-02,4.745518e-02,2.387905e-02,6.835997e-03,2.287472e-02,2.157546e-02,6.942252e-02,5.607216e-02,9.936938e-02,3.010117e-02,2.978109e-02,5.240564e-02
2.042673e-01,6.927773e-02,2.107510e-01,4.775362e-02,7.069441e-02,2.947406e-02,7.933432e-03,2.871037e-02,2.726154e-02,7.299588e-02,4.933321e-02,8.680259e-02,2.694426e-02,2.584708e-02,4.195352e-02
2.457313e-01,6.507586e-02,1.607496e-01,4.588703e-02,7.648745e-02,2.806705e-02,7.212857e-03,2.435026e-02,3.502037e-02,9.672859e-02,4.265431e-02,7.851510e-02,2.759762e-02,2.738111e-02,3.854145e-02
2.199792e-01,6.605086e-02,1.190641e-01,5.039147e-02,6.808668e-02,2.442383e-02,5.988190e-03,1.924474e-02,3.819826e-02,2.041140e-01,3.592882e-02,6.410181e-02,2.720077e-02,2.133418e-02,3.589303e-02
1.577375e-01,5.510988e-02,8.888236e-02,6.754110e-02,4.944301e-02,1.959958e-02,4.641609e-03,1.465456e-02,5.369120e-02,3.016364e-01,3.819207e-02,5.043033e-02,4.305046e-02,1.586221e-02,3.952771e-02
1.310357e-01,4.928610e-02,6.476408e-02,6.804396e-02,3.629337e-02,1.679865e-02,3.553938e-03,1.377074e-02,6.207035e-02,3.229861e-01,5.809089e-02,4.628570e-02,7.459076e-02,1.399163e-02,3.843794e-02
1.012686e-01,3.830772e-02,4.623662e-02,6.375424e-02,2.757253e-02,1.379909e-02,2.716502e-03,1.056292e-02,6.300284e-02,3.587070e-01,6.456953e-02,4.362030e-02,1.157441e-01,1.133243e-02,3.880546e-02
7.900184e-02,3.098922e-02,3.441428e-02,7.940488e-02,2.442402e-02,1.319813e-02,2.289818e-03,1.077185e-02,7.979000e-02,3.551620e-01,6.840128e-02,3.686413e-02,1.122259e-01,9.952102e-03,6.311052e-02
5.744681e-02,2.208670e-02,2.498851e-02,8.726858e-02,2.239747e-02,1.265577e-02,1.918535e-03,1.495524e-02,6.872202e-02,3.012154e-01,7.950908e-02,3.051904e-02,1.589415e-01,8.388607e-03,1.089867e-01
4.368441e-02,1.621038e-02,1.825045e-02,1.376865e-01,2.193387e-02,1.459941e-02,1.808723e-03,1.411988e-02,1.010303e-01,2.206355e-01,1.068930e-01,2.376137e-02,1.912289e-01,6.758088e-03,8.139931e-02
3.708126e-02,1.204787e-02,1.343475e-02,1.667210e-01,2.050369e-02,2.482651e-02,1.678005e-03,1.168784e-02,9.970656e-02,1.743481e-01,1.481424e-01,2.226147e-02,2.001489e-01,5.743686e-03,6.166784e-02
2.638777e-02,8.758876e-03,9.738985e-03,1.226260e-01,2.734494e-02,1.770326e-02,1.424445e-03,9.089994e-03,8.433275e-02,1.398906e-01,2.909136e-01,2.125741e-02,1.855770e-01,4.507082e-03,5.044721e-02
1.904085e-02,6.538004e-03,1.203942e-02,1.012908e-01,2.712195e-02,1.399182e-02,1.968157e-03,8.101365e-02,6.289785e-02,1.100139e-01,3.013222e-01,1.754740e-02,1.861604e-01,3.957356e-03,5.509620e-02
1.395516e-02,5.652623e-03,1.329805e-02,2.162138e-01,4.269962e-02,1.065136e-02,2.171848e-03,5.809360e-02,1.276581e-01,7.945799e-02,2.302002e-01,1.303883e-02,1.410081e-01,2.920957e-03,4.297968e-02
1.724331e-02,5.903520e-03,1.486051e-02,1.907286e-01,4.516751e-02,9.347862e-03,2.017872e-03,4.356028e-02,1.753825e-01,5.911953e-02,2.384099e-01,1.623761e-02,1.415480e-01,3.990275e-03,3.648276e-02
1.687434e-02,4.787197e-03,1.279174e-02,1.436769e-01,6.105130e-02,7.894195e-03,3.153698e-03,3.248586e-02,1.288926e-01,4.364118e-02,2.704974e-01,4.660021e-02,1.879482e-01,4.109769e-03,3.559536e-02
1.601940e-02,4.211466e-03,1.039952e-02,1.053475e-01,6.540947e-02,7.135457e-03,3.406843e-03,2.860654e-02,9.755921e-02,3.134653e-02,2.581575e-01,6.727195e-02,2.748504e-01,3.758369e-03,2.651981e-02
1.505674e-02,5.009653e-03,9.530114e-03,7.820050e-02,5.245446e-02,6.484567e-03,2.903812e-03,4.375500e-02,8.908118e-02,2.225717e-02,2.059784e-01,8.420714e-02,3.599270e-01,3.646928e-03,2.150733e-02
1.851711e-02,9.722967e-03,1.650961e-02,7.397990e-02,6.047983e-02,1.161275e-02,8.216196e-03,3.656988e-02,1.843691e-01,1.607769e-02,1.565865e-01,8.500361e-02,3.010322e-01,2.977219e-03,1.834533e-02
2.749663e-02,9.272947e-03,2.575133e-02,1.157756e-01,1.066504e-01,1.480677e-02,1.740998e-02,8.101773e-02,1.780822e-01,1.166282e-02,1.154137e-01,6.100210e-02,2.195228e-01,2.253021e-03,1.388191e-02
2.381923e-02,1.109063e-02,2.984711e-02,2.847690e-01,1.129950e-01,1.275966e-02,1.317415e-02,5.902549e-02,1.458473e-01,8.757739e-03,8.401872e-02,4.340990e-02,1.557000e-01,2.039722e-03,1.274637e-02
4.289925e-02,2.103945e-02,4.695515e-02,2.988948e-01,1.431471e-01,1.259644e-02,1.203099e-02,6.003612e-02,1.329229e-01,7.934527e-03,6.360003e-02,3.239523e-02,1.118566e-01,1.740324e-03,1.195111e-02
9.542211e-02,3.147022e-02,6.454920e-02,2.428694e-01,1.893322e-01,1.575959e-02,1.576606e-02,4.674226e-02,1.048617e-01,7.043967e-03,6.034032e-02,2.537720e-02,8.739168e-02,1.709432e-03,1.136461e-02
8.017573e-02,3.747758e-02,4.891115e-02,3.364387e-01,2.017190e-01,1.358274e-02,1.470703e-02,3.969810e-02,8.150807e-02,6.009728e-03,4.619686e-02,1.999101e-02,6.309646e-02,1.425106e-03,9.062682e-03
8.347714e-02,3.259214e-02,3.904700e-02,2.893376e-01,2.116290e-01,1.101026e-02,1.329761e-02,1.464620e-01,6.208080e-02,5.360192e-03,3.569020e-02,1.539771e-02,4.644891e-02,1.212906e-03,6.956433e-03
1.122184e-01,2.737709e-02,3.028665e-02,2.264298e-01,2.137594e-01,9.303520e-03,1.074172e-02,2.291094e-01,4.744440e-02,6.791112e-03,3.182539e-02,1.208572e-02,3.527668e-02,1.275055e-03,6.075544e-03
1.088725e-01,2.082231e-02,2.431907e-02,1.668437e-01,1.955238e-01,7.031651e-03,8.514701e-03,3.610763e-01,3.525062e-02,6.371847e-03,2.333031e-02,9.066207e-03,2.726652e-02,9.734555e-04,4.736917e-03
1.469067e-01,1.660557e-02,4.439645e-02,1.310021e-01,2.179067e-01,6.907973e-03,7.880338e-03,3.371545e-01,2.793675e-02,7.701072e-03,1.861981e-02,8.924267e-03,2.269016e-02,1.085600e-03,4.281967e-03
1.623416e-01,1.290408e-02,4.749200e-02,9.666076e-02,1.647029e-01,7.298956e-03,2.998010e-02,4.054507e-01,2.095984e-02,7.248770e-03,1.434880e-02,7.271191e-03,1.849527e-02,1.064583e-03,3.780398e-03
1.701334e-01,9.813307e-03,4.093183e-02,6.894249e-02,1.289885e-01,7.514535e-03,4.186054e-02,4.751420e-01,1.539796e-02,5.806780e-03,1.062223e-02,5.717052e-03,1.502590e-02,9.436149e-04,3.159825e-03
1.420985e-01,7.410506e-03,4.129718e-02,4.907401e-02,1.043211e-01,7.497748e-03,9.760554e-02,5.061600e-01,1.110687e-02,4.670413e-03,7.633323e-03,4.261357e-03,1.328791e-02,8.626148e-04,2.713003e-03
1.511726e-01,6.132445e-03,4.251105e-02,3.509661e-02,7.739844e-02,1.595557e-02,1.667511e-01,4.644386e-01,8.429391e-03,4.289996e-03,5.897807e-03,4.534677e-03,1.315280e-02,9.463700e-04,3.292628e-03
1.306319e-01,4.738319e-03,3.411928e-02,2.509674e-02,5.629861e-02,1.701176e-02,2.740970e-01,4.245487e-01,6.295562e-03,3.391699e-03,4.455721e-03,3.808493e-03,1.183351e-02,8.745699e-04,2.798051e-03
9.696788e-02,3.517439e-03,2.563055e-02,1.774690e-02,4.149366e-02,1.415400e-02,4.279922e-01,3.444310e-01,4.575061e-03,3.123185e-03,3.482373e-03,2.981032e-03,1.016712e-02,7.583197e-04,2.979309e-03
7.435425e-02,2.703403e-03,1.847829e-02,1.260928e-02,3.110259e-02,1.256362e-02,4.997275e-01,3.223501e-01,3.486048e-03,3.080463e-03,3.175144e-03,2.536040e-03,9.208420e-03,8.108225e-04,3.813941e-03
6.094713e-02,2.114790e-03,1.333222e-02,9.009074e-03,2.337878e-02,1.152478e-02,5.679932e-01,2.879398e-01,2.640722e-03,2.827579e-03,3.096501e-03,2.231728e-03,7.439645e-03,8.436393e-04,4.680391e-03
5.960789e-02,1.713895e-03,1.036668e-02,6.796469e-03,1.826070e-02,1.093589e-02,6.315250e-01,2.376502e-01,2.118984e-03,2.676095e-03,3.972560e-03,2.031645e-03,5.932865e-03,8.526127e-04,5.558606e-03
6.285208e-02,1.438745e-03,7.619862e-03,4.998074e-03,1.432818e-02,1.178711e-02,6.858407e-01,1.843187e-01,1.660377e-03,2.993222e-03,4.407430e-03,1.711760e-03,5.720425e-03,1.759546e-03,8.563757e-03
8.083548e-02,1.668320e-03,5.748068e-03,3.617782e-03,1.239921e-02,2.135263e-02,6.970817e-01,1.401757e-01,1.653117e-03,3.763235e-03,6.971718e-03,2.001669e-03,6.872530e-03,3.381331e-03,1.247738e-02
1.675929e-01,2.700273e-03,5.823190e-03,4.037025e-03,1.153092e-02,2.805315e-02,6.093987e-01,1.029798e-01,2.182744e-03,5.216918e-03,2.357013e-02,5.016611e-03,1.013311e-02,5.918556e-03,1.584592e-02
1.891014e-01,3.702414e-03,5.029473e-03,3.641191e-03,1.147995e-02,3.950041e-02,5.849504e-01,7.589211e-02,2.184989e-03,7.449033e-03,3.096762e-02,7.687492e-03,1.233378e-02,8.610257e-03,1.746939e-02
2.741829e-01,4.146683e-03,4.859557e-03,5.837097e-03,1.017186e-02,4.476774e-02,4.924963e-01,5.587134e-02,3.130125e-03,8.593785e-03,3.932007e-02,1.922164e-02,1.239706e-02,7.581401e-03,1.742239e-02
2.203086e-01,3.157769e-03,4.108584e-03,4.393654e-03,8.473880e-03,4.501638e-02,3.672115e-01,3.984472e-02,5.417877e-03,7.169237e-03,2.074290e-01,5.548191e-02,9.721006e-03,9.593008e-03,1.267290e-02
1.556464e-01,2.311078e-03,3.214642e-03,3.137303e-03,6.504247e-03,4.292189e-02,2.593753e-01,2.805835e-02,7.356658e-03,6.583644e-03,3.047199e-01,1.524474e-01,7.083233e-03,1.152458e-02,9.115430e-03
1.099243e-01,1.695203e-03,2.379720e-03,2.388378e-03,4.782661e-03,3.913156e-02,1.818692e-01,1.972489e-02,6.185431e-03,6.124384e-03,4.658714e-01,1.373976e-01,5.159691e-03,1.083372e-02,6.531915e-03
7.791045e-02,1.493200e-03,2.140938e-03,2.180843e-03,5.046800e-03,4.529838e-02,1.277287e-01,1.403742e-02,8.175891e-03,5.884804e-03,5.406682e-01,1.483087e-01,3.978009e-03,1.210443e-02,5.043258e-03
5.460054e-02,1.109660e-03,1.581515e-03,1.577525e-03,3.771243e-03,3.388693e-02,8.946840e-02,9.881910e-03,6.360113e-03,4.872102e-03,6.266772e-01,1.477316e-01,2.868041e-03,1.190640e-02,3.706843e-03
3.836701e-02,1.291427e-03,1.763156e-03,1.211221e-03,3.263342e-03,2.649682e-02,6.269611e-02,7.186451e-03,6.990925e-03,3.934179e-03,6.889240e-01,1.400121e-01,2.124879e-03,1.287134e-02,2.867042e-03
2.689744e-02,1.201234e-03,1.431866e-03,8.696697e-04,2.488126e-03,1.935098e-02,4.391278e-02,5.118058e-03,6.765001e-03,2.907858e-03,7.526973e-01,1.207486e-01,1.531477e-03,1.197733e-02,2.102196e-03
1.900583e-02,2.873953e-03,1.815426e-03,6.422293e-04,2.476368e-03,1.554579e-02,3.088425e-02,4.011128e-03,7.437968e-03,3.495800e-03,7.438230e-01,1.482173e-01,1.280833e-03,1.685879e-02,1.631387e-03
1.339345e-02,3.610927e-03,2.005575e-03,4.731412e-04,2.528119e-03,1.225893e-02,2.169082e-02,3.064508e-03,1.271934e-02,3.800922e-03,7.673350e-01,1.331818e-01,1.018881e-03,2.169947e-02,1.219160e-03
9.893251e-03,7.651775e-03,2.181264e-03,3.845488e-04,2.363551e-03,1.407046e-02,1.535234e-02,3.375485e-03,4.199552e-02,4.963606e-03,7.140896e-01,1.426184e-01,1.321834e-03,3.874066e-02,9.975904e-04
7.099397e-03,1.535598e-02,1.911889e-03,2.789263e-04,1.759180e-03,1.179517e-02,1.077204e-02,2.673512e-03,3.519621e-02,3.926468e-03,6.601959e-01,1.225841e-01,1.059519e-03,1.245387e-01,8.529830e-04
5.059135e-03,2.483801e-02,1.961690e-03,2.035299e-04,1.349436e-03,9.819199e-03,7.561869e-03,2.038227e-03,3.083856e-02,3.324017e-03,6.360879e-01,1.038939e-01,8.041280e-04,1.714996e-01,7.209239e-04
4.893392e-03,1.184600e-01,4.041756e-02,4.887063e-04,5.379447e-03,1.025761e-02,5.750282e-03,8.183269e-03,5.033876e-02,4.239982e-03,5.426490e-01,7.615657e-02,7.327877e-04,1.309526e-01,1.100091e-03
7.004193e-03,1.695603e-01,4.332175e-02,1.494565e-03,7.503555e-03,1.284824e-02,4.128688e-03,9.630535e-03,7.340062e-02,6.833504e-03,5.067571e-01,5.386934e-02,6.795995e-04,9.786794e-02,5.099988e-03
6.683007e-03,2.572990e-01,3.753425e-02,2.086680e-03,1.219479e-02,1.390099e-02,2.926979e-03,9.925134e-03,1.697131e-01,5.718841e-03,3.673644e-01,3.791671e-02,5.400836e-04,7.127800e-02,4.918010e-03
7.550593e-03,3.392174e-01,3.090398e-02,1.211147e-02,1.448236e-02,1.397516e-02,2.077844e-03,1.330951e-02,1.926813e-01,9.004358e-03,2.584559e-01,2.674204e-02,6.532096e-04,5.147742e-02,2.735750e-02
8.826843e-03,3.081037e-01,2.363147e-02,2.439904e-02,2.128086e-02,2.046263e-02,1.518741e-03,1.227480e-02,1.887378e-01,1.277105e-02,1.843299e-01,1.959229e-02,2.761383e-03,3.823349e-02,1.330761e-01
6.856624e-03,2.841513e-01,1.761266e-02,3.952463e-02,2.870276e-02,3.882219e-02,1.129473e-03,1.044952e-02,2.028492e-01,1.169684e-02,1.302238e-01,1.458442e-02,5.254378e-03,2.741339e-02,1.807287e-01
5.231405e-03,2.357830e-01,1.286739e-02,3.079542e-02,2.234972e-02,3.624795e-02,8.790531e-04,8.058132e-03,1.745801e-01,1.452040e-02,9.207718e-02,1.091377e-02,5.278429e-03,2.008132e-02,3.303366e-01
4.011547e-03,2.599405e-01,9.255227e-03,2.727565e-02,1.595286e-02,2.892850e-02,6.202905e-04,5.757785e-03,1.561434e-01,1.708844e-02,6.566129e-02,7.947940e-03,4.498371e-03,1.518484e-02,3.817333e-01
2.952469e-03,3.050175e-01,6.816078e-03,2.258572e-02,1.126838e-02,2.199265e-02,4.366423e-04,4.119193e-03,1.638465e-01,1.598616e-02,4.701621e-02,5.898668e-03,4.097631e-03,1.191735e-02,3.760488e-01
2.321807e-03,3.786672e-01,5.144855e-03,2.105964e-02,7.948584e-03,1.702087e-02,3.085767e-04,3.024179e-03,1.422988e-01,1.448821e-02,3.803337e-02,5.058724e-03,6.662434e-03,1.327156e-02,3.446912e-01
1.869842e-03,3.149968e-01,3.999545e-03,1.980995e-02,5.669185e-03,1.239021e-02,2.414232e-04,2.336112e-03,1.129687e-01,1.030909e-02,2.893821e-02,8.999873e-03,2.221843e-01,9.845499e-03,2.454413e-01
1.747597e-03,2.291019e-01,2.978964e-03,2.153236e-02,4.204388e-03,9.466439e-03,2.005423e-04,2.190713e-03,8.279698e-02,7.272553e-03,2.109855e-02,1.224723e-02,4.250089e-01,7.009123e-03,1.731438e-01
1.913582e-03,1.605782e-01,2.187442e-03,1.803788e-02,3.219009e-03,8.364212e-03,2.165650e-04,1.675827e-03,5.989524e-02,5.145122e-03,1.573502e-02,1.003959e-02,5.842516e-01,6.116567e-03,1.226241e-01
1.451767e-03,1.124838e-01,1.561352e-03,1.277304e-02,2.529243e-03,6.737784e-03,2.708170e-04,1.222027e-03,4.221689e-02,3.618358e-03,1.121986e-02,1.274178e-02,7.002558e-01,4.302883e-03,8.661459e-02
1.318805e-03,7.928239e-02,1.208314e-03,9.165527e-03,2.523937e-03,8.543715e-03,2.826325e-04,8.786665e-04,3.073076e-02,2.586880e-03,8.706486e-03,1.315163e-02,7.754915e-01,3.120251e-03,6.300854e-02
1.190180e-03,5.580748e-02,9.850784e-04,6.547182e-03,3.017180e-03,9.897133e-03,5.249115e-04,6.508454e-04,2.274151e-02,2.422575e-03,9.891491e-03,2.125473e-02,8.124257e-01,2.226772e-03,5.041726e-02
1.171389e-03,3.987622e-02,1.070714e-03,4.856743e-03,2.980628e-03,1.047275e-02,5.547340e-04,4.858470e-04,1.825335e-02,3.739981e-03,1.997976e-02,3.043764e-02,8.182327e-01,1.785426e-03,4.610221e-02
2.774415e-03,2.878428e-02,1.428652e-03,3.902768e-03,2.940065e-03,1.427503e-02,5.376720e-04,3.819453e-04,1.647924e-02,5.541091e-03,2.711723e-02,5.602613e-02,7.982413e-01,1.580905e-03,3.998930e-02
2.286085e-03,2.029268e-02,1.257105e-03,2.970572e-03,2.529039e-03,1.256703e-02,4.155562e-04,3.875800e-04,2.209976e-02,7.390617e-03,4.080898e-02,7.992542e-02,7.695421e-01,1.320736e-03,3.620677e-02
2.338595e-03,1.428551e-02,1.274787e-03,2.729014e-03,2.468731e-03,1.293256e-02,4.429508e-04,1.645596e-02,2.230547e-02,1.298614e-02,6.992891e-02,8.305127e-02,7.291587e-01,1.090109e-03,2.855131e-02
2.497235e-03,1.021438e-02,1.885285e-03,3.443349e-03,2.627161e-03,2.142528e-02,4.993101e-04,1.825403e-02,2.559995e-02,2.265329e-02,1.128108e-01,1.231957e-01,6.251857e-01,8.678859e-04,2.884064e-02
2.667837e-03,7.551608e-03,1.843755e-03,2.908497e-03,2.492184e-03,1.837754e-02,4.460415e-04,1.317876e-02,2.974528e-02,3.885560e-02,1.359381e-01,1.816888e-01,5.362373e-01,6.746239e-04,2.739409e-02
2.823296e-03,5.440005e-03,1.451433e-03,2.777015e-03,3.262640e-03,1.338988e-02,5.054677e-04,1.060774e-02,4.743813e-02,6.633859e-02,1.347177e-01,1.966555e-01,4.919758e-01,6.184679e-04,2.199837e-02
2.680446e-03,3.904214e-03,1.107758e-03,2.265064e-03,3.553819e-03,1.022700e-02,4.904632e-04,9.030990e-03,4.654539e-02,1.034569e-01,1.195252e-01,3.016792e-01,3.789097e-01,5.572272e-04,1.606659e-02
2.649674e-03,2.858550e-03,8.072265e-04,1.807695e-03,3.176064e-03,7.408408e-03,3.918426e-04,8.212174e-03,5.005999e-02,1.179351e-01,1.114075e-01,3.800288e-01,3.011568e-01,4.742750e-04,1.162595e-02
2.274274e-03,2.237185e-03,7.089362e-04,1.445427e-03,3.300157e-03,5.302946e-03,2.992486e-04,7.663294e-03,5.212436e-02,1.135179e-01,9.944168e-02,4.670726e-01,2.357989e-01,3.754903e-04,8.437587e-03
2.134925e-03,2.574741e-03,7.843859e-04,1.161460e-03,3.524508e-03,3.785964e-03,2.328296e-04,8.258212e-03,7.301668e-02,1.413874e-01,8.597809e-02,4.800348e-01,1.906146e-01,2.914599e-04,6.219992e-03
3.996810e-03,5.032874e-03,7.410731e-03,2.297346e-03,1.078420e-02,4.254891e-03,6.151696e-04,5.690113e-02,1.451986e-01,1.387928e-01,6.607910e-02,4.052956e-01,1.483165e-01,2.826726e-04,4.741654e-03
7.876345e-03,1.079193e-02,9.316663e-03,2.667969e-03,1.856561e-02,3.757589e-03,5.268161e-04,6.711645e-02,2.698650e-01,1.349367e-01,4.989096e-02,3.133459e-01,1.074820e-01,4.093149e-04,3.450759e-03
9.083211e-03,1.195438e-02,9.498271e-03,2.633059e-03,2.760718e-02,2.916103e-03,4.323246e-04,7.718132e-02,3.735153e-01,1.238313e-01,3.959931e-02,2.390585e-01,7.970489e-02,4.747113e-04,2.510136e-03
2.277609e-02,1.099037e-02,2.119180e-02,5.887652e-03,5.096818e-02,2.586492e-03,4.575710e-04,1.266845e-01,3.684363e-01,1.229977e-01,3.211546e-02,1.729758e-01,5.955260e-02,4.754649e-04,1.904171e-03
3.347940e-02,1.167553e-02,1.836159e-02,5.247496e-03,5.619757e-02,2.542601e-03,3.938800e-04,1.083538e-01,4.021557e-01,1.476838e-01,2.678226e-02,1.365944e-01,4.831001e-02,6.311542e-04,1.590815e-03
4.063863e-02,1.411199e-02,2.848357e-02,1.107731e-02,7.166646e-02,2.503749e-03,6.036535e-04,9.674862e-02,3.941355e-01,1.661390e-01,2.787632e-02,1.041937e-01,3.837313e-02,1.615486e-03,1.832856e-03
5.159738e-02,1.361377e-02,3.152697e-02,2.516571e-02,1.192287e-01,4.109318e-03,2.084019e-03,9.993679e-02,3.428416e-01,1.702430e-01,2.702748e-02,7.950199e-02,2.980320e-02,1.634136e-03,1.685825e-03
5.583168e-02,1.306003e-02,2.702990e-02,2.953734e-02,1.475463e-01,3.983185e-03,2.192680e-03,8.210246e-02,3.529517e-01,1.779198e-01,2.155158e-02,6.109598e-02,2.190714e-02,1.551517e-03,1.738751e-03
8.009411e-02,1.680619e-02,2.180141e-02,2.626058e-02,1.875343e-01,5.560185e-03,2.751261e-03,6.059856e-02,3.076232e-01,2.033341e-01,1.875688e-02,4.740499e-02,1.660175e-02,2.101975e-03,2.770596e-03
1.019764e-01,1.867618e-02,1.784189e-02,2.250678e-02,1.962257e-01,5.828638e-03,2.584510e-03,4.473782e-02,2.649353e-01,2.455724e-01,2.116436e-02,3.780644e-02,1.294028e-02,2.811324e-03,4.392006e-03
1.524054e-01,1.852794e-02,1.386897e-02,2.471778e-02,1.714956e-01,6.447469e-03,2.675150e-03,3.855049e-02,2.274618e-01,2.641887e-01,2.840979e-02,3.207093e-02,1.078474e-02,3.596713e-03,4.798575e-03
2.466130e-01,1.789108e-02,1.031210e-02,2.831476e-02,1.355277e-01,6.342059e-03,4.364724e-03,3.979192e-02,2.253074e-01,1.961248e-01,3.194619e-02,3.831967e-02,1.135741e-02,3.330559e-03,4.456734e-03
3.176087e-01,1.421113e-02,9.040857e-03,3.419037e-02,1.144225e-01,6.760335e-03,5.695916e-03,4.400594e-02,1.823260e-01,1.868612e-01,2.639866e-02,3.959923e-02,1.125988e-02,3.426554e-03,4.192638e-03
4.007782e-01,1.459455e-02,8.097066e-03,3.298071e-02,9.829973e-02,6.881350e-03,4.930593e-03,3.226566e-02,1.497333e-01,1.733873e-01,2.571489e-02,3.302917e-02,1.065358e-02,3.857815e-03,4.796001e-03
4.584631e-01,1.592050e-02,6.215212e-03,3.003434e-02,8.096167e-02,7.514830e-03,4.147625e-03,2.457200e-02,1.360546e-01,1.585598e-01,2.698600e-02,2.990073e-02,1.019330e-02,4.937005e-03,5.539285e-03
