1.000000e+00,0.000000e+00,0.000000e+00,0.000000e+00,0.000000e+00,0.000000e+00,0.000000e+00,0.000000e+00,0.000000e+00,0.000000e+00,0.000000e+00,0.000000e+00,0.000000e+00,0.000000e+00,0.000000e+00
1.000000e+00,0.000000e+00,0.000000e+00,0.000000e+00,0.000000e+00,0.000000e+00,0.000000e+00,0.000000e+00,0.000000e+00,0.000000e+00,0.000000e+00,0.000000e+00,0.000000e+00,0.000000e+00,0.000000e+00
1.000000e+00,0.000000e+00,0.000000e+00,0.000000e+00,0.000000e+00,0.000000e+00,0.000000e+00,0.000000e+00,0.000000e+00,0.000000e+00,0.000000e+00,0.000000e+00,0.000000e+00,0.000000e+00,0.000000e+00
1.000000e+00,0.000000e+00,0.000000e+00,0.000000e+00,0.000000e+00,0.000000e+00,0.000000e+00,0.000000e+00,0.000000e+00,0.000000e+00,0.000000e+00,0.000000e+00,0.000000e+00,0.000000e+00,0.000000e+00
1.000000e+00,0.000000e+00,0.000000e+00,0.000000e+00,0.000000e+00,0.000000e+00,0.000000e+00,0.000000e+00,0.000000e+00,0.000000e+00,0.000000e+00,0.000000e+00,0.000000e+00,0.000000e+00,0.000000e+00
1.000000e+00,0.000000e+00,0.000000e+00,0.000000e+00,0.000000e+00,0.000000e+00,0.000000e+00,0.000000e+00,0.000000e+00,0.000000e+00,0.000000e+00,0.000000e+00,0.000000e+00,0.000000e+00,0.000000e+00
1.000000e+00,0.000000e+00,0.000000e+00,0.000000e+00,0.000000e+00,0.000000e+00,0.000000e+00,0.000000e+00,0.000000e+00,0.000000e+00,0.000000e+00,0.000000e+00,0.000000e+00,0.000000e+00,0.000000e+00
1.000000e+00,0.000000e+00,0.000000e+00,0.000000e+00,0.000000e+00,0.000000e+00,0.000000e+00,0.000000e+00,0.000000e+00,0.000000e+00,0.000000e+00,0.000000e+00,0.000000e+00,0.000000e+00,0.000000e+00
1.000000e+00,0.000000e+00,0.000000e+00,0.000000e+00,0.000000e+00,0.000000e+00,0.000000e+00,0.000000e+00,0.000000e+00,0.000000e+00,0.000000e+00,0.000000e+00,0.000000e+00,0.000000e+00,0.000000e+00
1.000000e+00,0.000000e+00,0.000000e+00,0.000000e+00,0.000000e+00,0.000000e+00,0.000000e+00,0.000000e+00,0.000000e+00,0.000000e+00,0.000000e+00,0.000000e+00,0.000000e+00,0.000000e+00,0.000000e+00
1.000000e+00,0.000000e+00,0.000000e+00,0.000000e+00,0.000000e+00,0.000000e+00,0.000000e+00,0.000000e+00,0.000000e+00,0.000000e+00,0.000000e+00,0.000000e+00,0.000000e+00,0.000000e+00,0.000000e+00
1.000000e+00,0.000000e+00,0.000000e+00,0.000000e+00,0.000000e+00,0.000000e+00,0.000000e+00,0.000000e+00,0.000000e+00,0.000000e+00,0.000000e+00,0.000000e+00,0.000000e+00,0.000000e+00,0.000000e+00
1.000000e+00,0.000000e+00,0.000000e+00,0.000000e+00,0.000000e+00,0.000000e+00,0.000000e+00,0.000000e+00,0.000000e+00,0.000000e+00,0.000000e+00,0.000000e+00,0.000000e+00,0.000000e+00,0.000000e+00
1.000000e+00,0.000000e+00,0.000000e+00,0.000000e+00,0.000000e+00,0.000000e+00,0.000000e+00,0.000000e+00,0.000000e+00,0.000000e+00,0.000000e+00,0.000000e+00,0.000000e+00,0.000000e+00,0.000000e+00
1.000000e+00,0.000000e+00,0.000000e+00,0.000000e+00,0.000000e+00,0.000000e+00,0.000000e+00,0.000000e+00,0.000000e+00,0.000000e+00,0.000000e+00,0.000000e+00,0.000000e+00,0.000000e+00,0.000000e+00
1.000000e+00,0.000000e+00,0.000000e+00,0.000000e+00,0.000000e+00,0.000000e+00,0.000000e+00,0.000000e+00,0.000000e+00,0.000000e+00,0.000000e+00,0.000000e+00,0.000000e+00,0.000000e+00,0.000000e+00
1.000000e+00,0.000000e+00,0.000000e+00,0.000000e+00,0.000000e+00,0.000000e+00,0.000000e+00,0.000000e+00,0.000000e+00,0.000000e+00,0.000000e+00,0.000000e+00,0.000000e+00,0.000000e+00,0.000000e+00
1.000000e+00,0.000000e+00,0.000000e+00,0.000000e+00,0.000000e+00,0.000000e+00,0.000000e+00,0.000000e+00,0.000000e+00,0.000000e+00,0.000000e+00,0.000000e+00,0.000000e+00,0.000000e+00,0.000000e+00
1.000000e+00,0.000000e+00,0.000000e+00,0.000000e+00,0.000000e+00,0.000000e+00,0.000000e+00,0.000000e+00,0.000000e+00,0.000000e+00,0.000000e+00,0.000000e+00,0.000000e+00,0.000000e+00,0.000000e+00
1.000000e+00,0.000000e+00,0.000000e+00,0.000000e+00,0.000000e+00,0.000000e+00,0.000000e+00,0.000000e+00,0.000000e+00,0.000000e+00,0.000000e+00,0.000000e+00,0.000000e+00,0.000000e+00,0.000000e+00
1.000000e+00,0.000000e+00,0.000000e+00,0.000000e+00,0.000000e+00,0.000000e+00,0.000000e+00,0.000000e+00,0.000000e+00,0.000000e+00,0.000000e+00,0.000000e+00,0.000000e+00,0.000000e+00,0.000000e+00
1.000000e+00,0.000000e+00,0.000000e+00,0.000000e+00,0.000000e+00,0.000000e+00,0.000000e+00,0.000000e+00,0.000000e+00,0.000000e+00,0.000000e+00,0.000000e+00,0.000000e+00,0.000000e+00,0.000000e+00
1.000000e+00,0.000000e+00,0.000000e+00,0.000000e+00,0.000000e+00,0.000000e+00,0.000000e+00,0.000000e+00,0.000000e+00,0.000000e+00,0.000000e+00,0.000000e+00,0.000000e+00,0.000000e+00,0.000000e+00
1.000000e+00,0.000000e+00,0.000000e+00,0.000000e+00,0.000000e+00,0.000000e+00,0.000000e+00,0.000000e+00,0.000000e+00,0.000000e+00,0.000000e+00,0.000000e+00,0.000000e+00,0.000000e+00,0.000000e+00
1.000000e+00,0.000000e+00,0.000000e+00,0.000000e+00,0.000000e+00,0.000000e+00,0.000000e+00,0.000000e+00,0.000000e+00,0.000000e+00,0.000000e+00,0.000000e+00,0.000000e+00,0.000000e+00,0.000000e+00
1.000000e+00,0.000000e+00,0.000000e+00,0.000000e+00,0.000000e+00,0.000000e+00,0.000000e+00,0.000000e+00,0.000000e+00,0.000000e+00,0.000000e+00,0.000000e+00,0.000000e+00,0.000000e+00,0.000000e+00
1.000000e+00,0.000000e+00,0.000000e+00,0.000000e+00,0.000000e+00,0.000000e+00,0.000000e+00,0.000000e+00,0.000000e+00,0.000000e+00,0.000000e+00,0.000000e+00,0.000000e+00,0.000000e+00,0.000000e+00
1.000000e+00,0.000000e+00,0.000000e+00,0.000000e+00,0.000000e+00,0.000000e+00,0.000000e+00,0.000000e+00,0.000000e+00,0.000000e+00,0.000000e+00,0.000000e+00,0.000000e+00,0.000000e+00,0.000000e+00
1.000000e+00,0.000000e+00,0.000000e+00,0.000000e+00,0.000000e+00,0.000000e+00,0.000000e+00,0.000000e+00,0.000000e+00,0.000000e+00,0.000000e+00,0.000000e+00,0.000000e+00,0.000000e+00,0.000000e+00
1.000000e+00,0.000000e+00,0.000000e+00,0.000000e+00,0.000000e+00,0.000000e+00,0.000000e+00,0.000000e+00,0.000000e+00,0.000000e+00,0.000000e+00,0.000000e+00,0.000000e+00,0.000000e+00,0.000000e+00
1.000000e+00,0.000000e+00,0.000000e+00,0.000000e+00,0.000000e+00,0.000000e+00,0.000000e+00,0.000000e+00,0.000000e+00,0.000000e+00,0.000000e+00,0.000000e+00,0.000000e+00,0.000000e+00,0.000000e+00
1.000000e+00,0.000000e+00,0.000000e+00,0.000000e+00,0.000000e+00,0.000000e+00,0.000000e+00,0.000000e+00,0.000000e+00,0.000000e+00,0.000000e+00,0.000000e+00,0.000000e+00,0.000000e+00,0.000000e+00
1.000000e+00,0.000000e+00,0.000000e+00,0.000000e+00,0.000000e+00,0.000000e+00,0.000000e+00,0.000000e+00,0.000000e+00,0.000000e+00,0.000000e+00,0.000000e+00,0.000000e+00,0.000000e+00,0.000000e+00
1.000000e+00,0.000000e+00,0.000000e+00,0.000000e+00,0.000000e+00,0.000000e+00,0.000000e+00,0.000000e+00,0.000000e+00,0.000000e+00,0.000000e+00,0.000000e+00,0.000000e+00,0.000000e+00,0.000000e+00
1.000000e+00,0.000000e+00,0.000000e+00,0.000000e+00,0.000000e+00,0.000000e+00,0.000000e+00,0.000000e+00,0.000000e+00,0.000000e+00,0.000000e+00,0.000000e+00,0.000000e+00,0.000000e+00,0.000000e+00
1.000000e+00,0.000000e+00,0.000000e+00,0.000000e+00,0.000000e+00,0.000000e+00,0.000000e+00,0.000000e+00,0.000000e+00,0.000000e+00,0.000000e+00,0.000000e+00,0.000000e+00,0.000000e+00,0.000000e+00
1.000000e+00,0.000000e+00,0.000000e+00,0.000000e+00,0.000000e+00,0.000000e+00,0.000000e+00,0.000000e+00,0.000000e+00,0.000000e+00,0.000000e+00,0.000000e+00,0.000000e+00,0.000000e+00,0.000000e+00
1.000000e+00,0.000000e+00,0.000000e+00,0.000000e+00,0.000000e+00,0.000000e+00,0.000000e+00,0.000000e+00,0.000000e+00,0.000000e+00,0.000000e+00,0.000000e+00,0.000000e+00,0.000000e+00,0.000000e+00
1.000000e+00,0.000000e+00,0.000000e+00,0.000000e+00,0.000000e+00,0.000000e+00,0.000000e+00,0.000000e+00,0.000000e+00,0.000000e+00,0.000000e+00,0.000000e+00,0.000000e+00,0.000000e+00,0.000000e+00
1.000000e+00,0.000000e+00,0.000000e+00,0.000000e+00,0.000000e+00,0.000000e+00,0.000000e+00,0.000000e+00,0.000000e+00,0.000000e+00,0.000000e+00,0.000000e+00,0.000000e+00,0.000000e+00,0.000000e+00
1.000000e+00,0.000000e+00,0.000000e+00,0.000000e+00,0.000000e+00,0.000000e+00,0.000000e+00,0.000000e+00,0.000000e+00,0.000000e+00,0.000000e+00,0.000000e+00,0.000000e+00,0.000000e+00,0.000000e+00
1.000000e+00,0.000000e+00,0.000000e+00,0.000000e+00,0.000000e+00,0.000000e+00,0.000000e+00,0.000000e+00,0.000000e+00,0.000000e+00,0.000000e+00,0.000000e+00,0.000000e+00,0.000000e+00,0.000000e+00
1.000000e+00,0.000000e+00,0.000000e+00,0.000000e+00,0.000000e+00,0.000000e+00,0.000000e+00,0.000000e+00,0.000000e+00,0.000000e+00,0.000000e+00,0.000000e+00,0.000000e+00,0.000000e+00,0.000000e+00
1.000000e+00,0.000000e+00,0.000000e+00,0.000000e+00,0.000000e+00,0.000000e+00,0.000000e+00,0.000000e+00,0.000000e+00,0.000000e+00,0.000000e+00,0.000000e+00,0.000000e+00,0.000000e+00,0.000000e+00
1.000000e+00,0.000000e+00,0.000000e+00,0.000000e+00,0.000000e+00,0.000000e+00,0.000000e+00,0.000000e+00,0.000000e+00,0.000000e+00,0.000000e+00,0.000000e+00,0.000000e+00,0.000000e+00,0.000000e+00
1.000000e+00,0.000000e+00,0.000000e+00,0.000000e+00,0.000000e+00,0.000000e+00,0.000000e+00,0.000000e+00,0.000000e+00,0.000000e+00,0.000000e+00,0.000000e+00,0.000000e+00,0.000000e+00,0.000000e+00
1.000000e+00,0.000000e+00,0.000000e+00,0.000000e+00,0.000000e+00,0.000000e+00,0.000000e+00,0.000000e+00,0.000000e+00,0.000000e+00,0.000000e+00,0.000000e+00,0.000000e+00,0.000000e+00,0.000000e+00
1.000000e+00,0.000000e+00,0.000000e+00,0.000000e+00,0.000000e+00,0.000000e+00,0.000000e+00,0.000000e+00,0.000000e+00,0.000000e+00,0.000000e+00,0.000000e+00,0.000000e+00,0.000000e+00,0.000000e+00
1.000000e+00,0.000000e+00,0.000000e+00,0.000000e+00,0.000000e+00,0.000000e+00,0.000000e+00,0.000000e+00,0.000000e+00,0.000000e+00,0.000000e+00,0.000000e+00,0.000000e+00,0.000000e+00,0.000000e+00
1.000000e+00,0.000000e+00,0.000000e+00,0.000000e+00,0.000000e+00,0.000000e+00,0.000000e+00,0.000000e+00,0.000000e+00,0.000000e+00,0.000000e+00,0.000000e+00,0.000000e+00,0.000000e+00,0.000000e+00
1.000000e+00,0.000000e+00,0.000000e+00,0.000000e+00,0.000000e+00,0.000000e+00,0.000000e+00,0.000000e+00,0.000000e+00,0.000000e+00,0.000000e+00,0.000000e+00,0.000000e+00,0.000000e+00,0.000000e+00
1.000000e+00,0.000000e+00,0.000000e+00,0.000000e+00,0.000000e+00,0.000000e+00,0.000000e+00,0.000000e+00,0.000000e+00,0.000000e+00,0.000000e+00,0.000000e+00,0.000000e+00,0.000000e+00,0.000000e+00
1.000000e+00,0.000000e+00,0.000000e+00,0.000000e+00,0.000000e+00,0.000000e+00,0.000000e+00,0.000000e+00,0.000000e+00,0.000000e+00,0.000000e+00,0.000000e+00,0.000000e+00,0.000000e+00,0.000000e+00
1.000000e+00,0.000000e+00,0.000000e+00,0.000000e+00,0.000000e+00,0.000000e+00,0.000000e+00,0.000000e+00,0.000000e+00,0.000000e+00,0.000000e+00,0.000000e+00,0.000000e+00,0.000000e+00,0.000000e+00
1.000000e+00,0.000000e+00,0.000000e+00,0.000000e+00,0.000000e+00,0.000000e+00,0.000000e+00,0.000000e+00,0.000000e+00,0.000000e+00,0.000000e+00,0.000000e+00,0.000000e+00,0.000000e+00,0.000000e+00
1.000000e+00,0.000000e+00,0.000000e+00,0.000000e+00,0.000000e+00,0.000000e+00,0.000000e+00,0.000000e+00,0.000000e+00,0.000000e+00,0.000000e+00,0.000000e+00,0.000000e+00,0.000000e+00,0.000000e+00
1.000000e+00,0.000000e+00,0.000000e+00,0.000000e+00,0.000000e+00,0.000000e+00,0.000000e+00,0.000000e+00,0.000000e+00,0.000000e+00,0.000000e+00,0.000000e+00,0.000000e+00,0.000000e+00,0.000000e+00
1.000000e+00,0.000000e+00,0.000000e+00,0.000000e+00,0.000000e+00,0.000000e+00,0.000000e+00,0.000000e+00,0.000000e+00,0.000000e+00,0.000000e+00,0.000000e+00,0.000000e+00,0.000000e+00,0.000000e+00
1.000000e+00,0.000000e+00,0.000000e+00,0.000000e+00,0.000000e+00,0.000000e+00,0.000000e+00,0.000000e+00,0.000000e+00,0.000000e+00,0.000000e+00,0.000000e+00,0.000000e+00,0.000000e+00,0.000000e+00
4.366401e-01,3.003476e-02,6.003274e-02,3.247740e-01,5.472781e-03,1.237028e-02,3.000186e-03,2.388322e-02,7.254501e-03,2.240672e-03,1.112217e-02,2.804236e-02,2.117589e-02,3.088762e-03,3.086765e-02
3.073959e-01,3.672286e-02,5.721161e-02,3.369231e-01,5.770436e-03,1.409646e-02,9.380693e-03,1.688510e-02,2.223718e-02,3.510707e-03,8.749574e-03,2.074271e-02,1.125117e-01,2.445622e-03,4.541638e-02
2.157353e-01,2.944074e-02,5.981774e-02,4.791564e-01,4.226154e-03,1.055802e-02,6.891665e-03,1.191747e-02,2.358040e-02,4.309119e-03,6.479056e-03,1.460902e-02,7.996862e-02,1.835331e-03,5.147493e-02
1.542317e-01,2.291533e-02,1.183961e-01,5.166100e-01,3.212733e-03,7.911691e-03,5.035959e-03,8.610195e-03,2.134923e-02,6.014097e-03,6.646769e-03,1.043685e-02,5.782958e-02,1.552874e-03,5.924680e-02
1.205847e-01,1.854889e-02,1.065280e-01,5.251479e-01,3.470163e-03,7.923067e-03,5.203096e-03,7.853880e-03,2.283271e-02,6.017993e-03,2.429048e-02,8.660718e-03,8.409576e-02,2.641658e-03,5.620090e-02
8.577336e-02,2.015014e-02,8.541424e-02,4.475030e-01,2.971699e-03,6.363197e-03,4.025492e-03,6.220461e-03,1.291801e-01,3.985804e-02,2.751498e-02,8.110045e-03,6.777371e-02,2.612345e-03,6.652924e-02
6.115246e-02,1.656912e-02,6.362388e-02,3.723370e-01,2.660288e-03,6.311941e-03,3.235997e-03,4.469377e-03,2.231673e-01,5.665725e-02,2.943755e-02,1.572213e-02,6.790897e-02,4.454561e-03,7.229213e-02
4.371377e-02,1.319454e-02,4.522774e-02,2.691307e-01,2.698634e-03,5.842022e-03,2.665040e-03,3.399246e-03,1.873261e-01,4.161643e-02,4.999537e-02,1.363149e-02,8.364487e-02,4.781997e-03,2.331320e-01
3.116981e-02,9.724271e-03,3.187544e-02,1.896560e-01,2.799609e-03,5.560087e-03,2.012768e-03,2.516698e-03,1.569400e-01,2.973890e-02,4.071781e-02,1.022375e-02,1.164675e-01,1.121355e-02,3.593838e-01
2.198721e-02,7.328216e-03,2.251698e-02,1.331070e-01,2.672339e-03,4.977308e-03,1.438459e-03,1.837268e-03,1.236517e-01,2.143244e-02,3.481268e-02,7.407567e-03,9.699865e-02,2.332925e-02,4.965030e-01
1.545130e-02,5.475949e-03,1.580820e-02,9.322643e-02,2.923528e-03,4.562042e-03,1.027928e-03,1.317923e-03,1.053512e-01,1.519248e-02,2.578309e-02,5.424857e-03,7.305171e-02,2.672163e-02,6.086818e-01
1.107878e-02,4.090030e-03,1.112145e-02,6.609180e-02,2.154253e-03,1.470571e-02,7.699939e-04,9.575985e-04,9.206367e-02,1.098439e-02,1.884415e-02,4.282323e-03,5.424724e-02,1.965251e-02,6.889561e-01
8.168169e-03,3.202448e-03,7.803638e-03,4.643191e-02,1.587258e-03,1.241425e-02,5.624099e-04,6.977153e-04,7.201549e-02,7.861892e-03,1.461027e-02,3.064225e-03,3.922131e-02,1.496607e-02,7.673930e-01
5.923495e-03,2.689114e-03,5.526952e-03,3.260496e-02,1.319190e-03,1.005306e-02,4.123271e-04,5.004959e-04,6.357463e-02,5.633197e-03,1.109495e-02,2.225068e-03,2.901462e-02,1.401111e-02,8.154168e-01
7.180633e-03,4.042524e-03,4.155408e-03,2.405769e-02,1.795845e-03,1.051743e-02,3.147357e-04,4.116178e-04,1.185535e-01,4.443595e-03,9.500976e-03,2.005627e-03,2.169886e-02,1.473964e-02,7.765819e-01
8.357697e-03,3.614036e-03,3.042228e-03,1.691027e-02,1.976493e-03,1.003912e-02,2.500716e-04,3.050711e-04,8.773550e-02,4.023118e-03,1.142153e-02,1.531731e-03,1.584011e-02,6.606118e-02,7.688919e-01
1.169341e-02,4.255878e-03,2.232427e-03,1.194721e-02,2.415931e-03,8.667073e-03,1.904500e-04,2.372105e-04,6.253507e-02,3.320365e-03,1.837234e-02,1.527607e-03,1.255641e-02,8.949217e-02,7.705564e-01
1.236258e-02,4.534557e-03,1.641696e-03,8.455720e-03,2.467779e-03,6.921043e-03,1.698884e-04,1.774085e-04,4.536154e-02,2.879966e-03,3.183189e-02,1.426430e-03,1.043784e-02,2.203805e-01,6.509511e-01
1.232375e-02,3.559422e-03,1.240743e-03,5.984710e-03,2.070552e-03,5.562246e-03,1.315936e-04,1.625026e-04,3.339632e-02,3.048435e-03,5.203567e-02,1.277366e-03,7.848625e-03,3.923151e-01,4.790430e-01
1.093972e-02,2.765504e-03,1.222694e-03,4.249149e-03,1.581921e-03,4.948476e-03,1.136652e-04,2.264121e-04,2.463490e-02,7.919831e-03,5.087938e-02,1.362194e-03,6.208390e-03,5.363426e-01,3.466052e-01
1.051968e-02,3.118444e-03,4.446607e-03,3.539961e-03,2.345410e-03,4.482528e-03,2.170418e-04,5.301300e-04,2.047814e-02,8.531083e-02,4.732151e-02,4.935697e-03,1.738177e-02,5.360821e-01,2.592901e-01
7.725418e-03,2.326562e-03,3.946899e-03,3.134555e-03,2.966195e-03,3.477235e-03,1.912483e-04,5.891183e-04,2.232521e-02,2.927797e-01,3.945428e-02,4.031043e-03,1.474949e-02,4.157313e-01,1.865717e-01
5.645901e-03,1.772500e-03,3.318602e-03,2.856823e-03,4.079784e-03,2.741300e-03,2.441938e-04,6.517710e-04,2.978458e-02,4.585789e-01,3.206310e-02,3.287548e-03,1.198188e-02,3.071878e-01,1.358052e-01
5.070018e-03,1.949020e-03,5.794048e-03,9.322277e-03,1.576181e-02,6.521763e-03,1.761882e-03,5.545028e-03,3.077439e-02,5.631366e-01,2.479777e-02,2.941848e-03,1.019926e-02,2.198001e-01,9.662418e-02
5.078170e-03,5.849193e-02,5.024981e-03,8.532514e-03,1.752298e-02,1.719031e-02,1.925434e-03,4.500566e-03,1.255435e-01,4.529363e-01,2.055533e-02,4.155054e-03,2.181152e-02,1.872586e-01,6.947278e-02
4.220592e-03,1.026022e-01,9.030770e-03,5.648880e-02,1.410220e-02,2.192016e-02,1.462111e-03,4.234789e-03,2.261580e-01,3.265838e-01,1.605288e-02,4.557024e-03,2.956783e-02,1.322293e-01,5.078954e-02
4.173096e-03,1.287775e-01,6.990864e-03,5.104781e-02,1.101081e-02,2.986441e-02,1.184415e-03,3.472869e-03,2.516352e-01,2.338975e-01,1.367473e-02,7.102875e-03,1.248860e-01,9.394843e-02,3.833339e-02
4.810531e-03,1.012168e-01,6.610946e-03,5.114289e-02,1.842369e-02,7.728886e-02,1.418842e-03,4.565889e-03,2.439040e-01,1.659772e-01,1.345540e-02,1.303285e-02,1.979653e-01,6.850055e-02,3.168611e-02
5.992542e-03,1.367335e-01,6.511380e-03,1.810567e-01,1.424418e-02,6.671233e-02,1.041788e-03,3.899105e-03,2.045116e-01,1.173716e-01,1.899915e-02,1.348912e-02,1.563278e-01,4.815842e-02,2.495070e-02
8.726476e-03,1.502474e-01,7.861682e-03,1.535047e-01,1.051533e-02,1.205875e-01,9.047995e-04,3.611993e-03,1.743652e-01,8.422856e-02,5.347923e-02,2.066195e-02,1.378365e-01,3.562652e-02,3.784218e-02
1.170678e-02,1.424718e-01,7.579425e-03,1.210661e-01,8.264828e-03,1.389274e-01,8.564898e-04,3.976312e-03,1.459929e-01,6.038514e-02,6.969064e-02,4.062209e-02,1.804048e-01,2.927847e-02,3.877674e-02
1.266077e-02,1.112668e-01,6.696119e-03,8.867566e-02,6.161666e-03,1.446434e-01,7.836904e-04,3.480097e-03,1.201711e-01,4.303963e-02,5.756131e-02,7.715841e-02,2.711025e-01,2.400409e-02,3.259467e-02
1.223490e-02,9.409258e-02,9.216515e-03,6.619114e-02,4.734516e-03,1.650727e-01,7.445781e-04,2.836674e-03,1.034914e-01,3.269085e-02,4.603358e-02,1.287297e-01,2.811338e-01,2.243626e-02,3.036086e-02
9.826221e-03,9.002137e-02,7.564871e-03,4.677630e-02,3.631293e-03,1.424689e-01,6.236770e-04,2.415645e-03,9.476975e-02,2.360432e-02,3.619285e-02,2.587031e-01,2.294011e-01,2.689403e-02,2.710663e-02
1.005813e-02,1.016686e-01,7.704919e-03,3.371115e-02,4.334191e-03,1.355958e-01,7.500454e-04,2.762075e-03,1.091132e-01,1.811063e-02,2.807876e-02,2.542616e-01,2.431893e-01,2.447632e-02,2.618524e-02
1.020518e-02,1.089407e-01,6.916728e-03,2.442208e-02,4.524004e-03,1.299086e-01,9.522696e-04,4.177161e-03,1.577457e-01,1.473864e-02,2.338158e-02,1.991662e-01,2.627926e-01,2.005273e-02,3.207590e-02
1.185537e-02,1.076107e-01,6.546680e-03,1.767945e-02,6.856131e-03,1.496737e-01,1.155844e-03,4.969952e-03,2.306384e-01,1.083815e-02,1.715068e-02,1.415329e-01,2.543106e-01,1.444109e-02,2.474030e-02
1.548981e-02,1.516796e-01,8.274450e-03,1.715363e-02,1.035559e-02,1.405036e-01,1.259854e-03,8.510737e-03,2.818896e-01,9.488329e-03,1.340895e-02,1.034167e-01,2.081434e-01,1.061885e-02,1.980694e-02
2.148820e-02,2.309061e-01,1.209901e-02,2.901592e-02,1.035171e-02,1.176863e-01,1.195546e-03,9.116881e-03,2.608138e-01,1.111887e-02,1.453057e-02,8.682932e-02,1.589207e-01,8.361590e-03,2.756545e-02
4.356169e-02,2.670372e-01,1.500431e-02,2.664413e-02,1.241578e-02,9.925561e-02,2.383733e-03,1.128039e-02,2.371082e-01,1.460153e-02,1.394004e-02,7.054906e-02,1.289942e-01,8.009596e-03,4.921450e-02
1.013886e-01,2.755013e-01,2.199578e-02,3.338796e-02,1.059478e-02,8.117438e-02,2.473046e-03,1.049205e-02,2.012740e-01,1.575589e-02,1.671753e-02,6.360926e-02,9.552298e-02,1.122301e-02,5.888947e-02
1.671931e-01,2.642746e-01,1.919378e-02,3.099968e-02,1.121313e-02,7.318329e-02,3.006677e-03,1.356065e-02,1.685780e-01,1.434226e-02,1.825103e-02,5.300229e-02,7.736089e-02,1.513212e-02,7.070854e-02
2.475236e-01,2.271212e-01,1.924720e-02,2.457903e-02,1.144605e-02,6.764735e-02,4.356404e-03,1.805992e-02,1.586511e-01,1.187132e-02,1.514159e-02,4.887505e-02,6.050668e-02,2.139432e-02,6.357928e-02
3.489294e-01,1.719271e-01,1.527468e-02,1.967293e-02,1.767980e-02,6.547114e-02,4.728707e-03,1.949376e-02,1.369701e-01,9.614845e-03,1.408687e-02,4.024905e-02,5.995151e-02,2.182866e-02,5.412149e-02
4.378346e-01,1.275870e-01,1.215579e-02,1.486307e-02,2.100511e-02,6.172514e-02,4.551113e-03,2.051705e-02,1.135034e-01,7.027964e-03,1.207206e-02,3.786494e-02,6.586756e-02,2.162363e-02,4.180162e-02
4.579871e-01,9.428890e-02,1.020230e-02,1.232329e-02,2.306364e-02,6.551214e-02,5.287198e-03,2.492672e-02,1.062316e-01,5.955517e-03,1.322395e-02,3.937655e-02,7.519233e-02,2.725266e-02,3.917617e-02
3.274704e-01,7.178888e-02,8.520697e-03,1.697544e-02,1.845907e-02,4.814789e-02,4.174124e-03,1.853086e-02,9.725298e-02,8.039927e-03,2.549830e-02,8.410798e-02,2.044276e-01,2.332602e-02,4.327995e-02
2.804263e-01,7.077764e-02,9.016480e-03,2.889458e-02,1.529475e-02,3.849896e-02,3.483051e-03,1.494461e-02,8.715671e-02,1.213971e-02,3.250169e-02,1.063372e-01,1.808839e-01,3.240074e-02,8.724377e-02
2.570596e-01,6.469919e-02,9.911200e-03,3.180838e-02,1.193327e-02,2.935986e-02,2.723971e-03,1.472429e-02,8.752838e-02,1.367200e-02,7.705052e-02,1.131538e-01,1.611411e-01,3.069872e-02,9.453572e-02
2.311175e-01,5.267872e-02,1.173543e-02,2.848969e-02,1.035828e-02,2.308670e-02,2.445414e-03,1.237218e-02,2.038299e-01,1.108645e-02,7.638912e-02,1.006889e-01,1.349395e-01,2.309159e-02,7.769062e-02
3.330132e-01,4.088302e-02,1.638976e-02,4.177592e-02,1.086686e-02,2.068586e-02,2.796688e-03,1.443342e-02,1.787022e-01,1.124361e-02,6.187377e-02,7.757805e-02,1.005945e-01,1.929578e-02,6.986742e-02
4.048302e-01,3.654893e-02,1.888514e-02,4.527405e-02,1.044559e-02,2.578831e-02,3.044397e-03,1.435808e-02,1.566483e-01,1.284448e-02,4.607619e-02,5.673246e-02,7.328713e-02,1.862853e-02,7.660832e-02
4.710867e-01,3.532326e-02,1.858976e-02,5.173505e-02,1.017754e-02,2.836019e-02,2.941269e-03,1.382018e-02,1.339014e-01,1.242862e-02,3.421094e-02,4.211632e-02,5.582040e-02,1.708946e-02,7.239895e-02
4.740769e-01,4.698861e-02,2.546423e-02,5.303666e-02,1.906689e-02,2.905507e-02,3.997913e-03,1.758058e-02,1.216564e-01,1.531152e-02,2.813924e-02,3.308107e-02,4.972089e-02,2.081239e-02,6.201167e-02
4.637756e-01,4.680869e-02,2.538021e-02,5.794327e-02,3.027058e-02,3.002397e-02,5.628630e-03,3.767661e-02,9.777346e-02,2.969511e-02,2.691375e-02,2.914286e-02,4.135431e-02,2.201349e-02,5.559946e-02
3.961529e-01,8.786385e-02,2.787867e-02,5.010559e-02,4.312430e-02,2.885709e-02,6.404485e-03,5.134685e-02,9.129631e-02,4.700778e-02,2.624450e-02,2.292295e-02,4.681676e-02,2.347595e-02,5.050196e-02
3.430600e-01,1.048489e-01,2.251507e-02,4.281310e-02,4.011128e-02,2.988384e-02,5.425008e-03,8.521393e-02,8.787564e-02,7.115938e-02,2.070786e-02,1.758681e-02,6.046229e-02,2.020583e-02,4.813103e-02
2.965802e-01,9.636941e-02,1.998763e-02,4.217824e-02,3.678791e-02,3.924742e-02,4.812468e-03,1.165838e-01,9.522721e-02,6.728738e-02,1.816873e-02,1.363861e-02,8.899875e-02,1.580442e-02,4.832782e-02
2.783467e-01,1.137580e-01,1.861506e-02,3.509697e-02,3.652920e-02,3.782798e-02,4.721624e-03,1.139916e-01,1.199464e-01,5.985305e-02,1.482130e-02,1.168385e-02,6.939773e-02,1.442350e-02,7.098721e-02
2.977680e-01,1.026843e-01,1.695021e-02,2.925759e-02,3.462586e-02,3.071314e-02,4.115509e-03,1.718564e-01,1.002986e-01,5.542922e-02,1.256512e-02,1.114604e-02,5.137389e-02,1.547174e-02,6.574444e-02
3.473310e-01,1.093207e-01,1.809376e-02,2.474895e-02,2.941195e-02,2.625816e-02,4.465001e-03,1.566069e-01,1.039989e-01,4.469205e-02,1.152998e-02,1.201515e-02,3.895226e-02,1.493133e-02,5.764398e-02
3.568862e-01,9.193482e-02,1.920775e-02,2.086331e-02,2.606350e-02,2.255569e-02,4.389598e-03,1.646373e-01,1.053192e-01,7.210602e-02,1.248491e-02,1.242561e-02,2.924748e-02,1.471086e-02,4.716784e-02
3.945546e-01,7.534118e-02,1.592965e-02,1.850994e-02,2.930251e-02,1.825996e-02,3.825578e-03,1.536475e-01,1.042484e-01,8.507822e-02,1.538840e-02,1.293423e-02,2.285890e-02,1.252500e-02,3.759599e-02
2.983000e-01,6.883360e-02,2.474651e-02,2.389964e-02,2.114809e-02,1.709824e-02,2.918052e-03,1.099320e-01,1.105585e-01,1.537723e-01,2.153363e-02,1.168444e-02,2.411078e-02,1.185078e-02,9.961343e-02
2.125147e-01,5.291797e-02,2.088827e-02,1.839232e-02,1.599421e-02,1.598707e-02,2.445184e-03,7.909860e-02,1.332007e-01,2.992235e-01,2.089616e-02,9.641069e-03,1.847751e-02,1.956205e-02,8.076061e-02
1.516405e-01,4.117432e-02,1.930312e-02,1.797058e-02,2.366002e-02,1.284966e-02,2.106884e-03,5.939224e-02,1.197975e-01,2.235055e-01,1.073053e-01,9.721030e-03,2.896823e-02,1.181447e-01,6.446044e-02
1.141509e-01,3.953326e-02,1.840758e-02,1.531431e-02,2.051581e-02,1.131625e-02,1.631662e-03,4.296118e-02,1.270128e-01,1.705573e-01,1.809111e-01,8.790266e-03,2.244000e-02,1.689803e-01,5.747724e-02
8.323459e-02,3.427776e-02,1.878842e-02,1.439221e-02,1.622310e-02,9.169800e-03,1.260593e-03,3.061396e-02,1.155381e-01,1.297285e-01,2.509699e-01,7.044771e-03,1.632919e-02,2.266411e-01,4.578805e-02
6.134455e-02,2.515213e-02,1.410084e-02,1.185299e-02,1.287188e-02,7.379419e-03,1.062409e-03,2.231770e-02,1.028198e-01,9.761848e-02,3.618273e-01,6.639814e-03,1.296108e-02,2.283095e-01,3.374206e-02
4.591976e-02,1.860812e-02,1.064369e-02,9.544350e-03,1.021585e-02,7.333279e-03,1.052332e-03,1.638131e-02,7.647187e-02,7.199343e-02,4.064475e-01,6.511410e-03,1.040575e-02,2.840912e-01,2.438013e-02
3.315523e-02,1.333868e-02,7.856565e-03,6.941008e-03,7.825130e-03,6.271873e-03,9.342240e-04,1.194789e-02,5.458456e-02,5.167128e-02,5.227803e-01,5.908382e-03,8.674853e-03,2.490925e-01,1.901752e-02
2.336493e-02,9.375474e-03,5.555070e-03,4.923676e-03,5.813822e-03,4.630575e-03,6.989321e-04,8.515066e-03,3.842933e-02,3.643062e-02,6.274719e-01,5.895903e-03,7.283949e-03,2.078387e-01,1.377200e-02
1.649376e-02,6.616843e-03,4.035867e-03,3.655837e-03,6.058270e-03,3.584205e-03,6.517525e-04,6.313181e-03,2.726398e-02,2.593663e-02,6.527380e-01,8.427825e-03,6.742470e-03,2.217100e-01,9.771372e-03
1.172596e-02,4.692663e-03,2.919865e-03,2.640972e-03,6.983479e-03,3.287517e-03,5.775879e-04,4.915514e-03,1.924673e-02,1.866997e-02,6.421753e-01,8.682590e-03,6.606179e-03,2.598635e-01,7.012093e-03
8.321292e-03,3.348044e-03,2.126227e-03,2.011579e-03,8.989142e-03,2.700852e-03,5.125380e-04,3.797837e-03,1.369638e-02,1.363693e-02,5.657090e-01,9.764466e-03,5.525986e-03,3.548912e-01,4.968474e-03
5.887037e-03,3.729221e-03,1.797400e-03,1.570738e-03,1.311721e-02,2.790740e-03,6.395384e-04,2.811623e-03,1.048751e-02,1.398960e-02,5.822820e-01,2.179902e-02,4.632350e-03,3.307337e-01,3.732316e-03
4.223478e-03,3.266834e-03,1.415985e-03,1.286970e-03,2.478668e-02,3.097220e-03,7.861240e-04,2.319766e-03,8.226353e-03,1.158892e-02,6.464484e-01,2.033532e-02,3.759966e-03,2.656405e-01,2.817475e-03
3.124361e-03,2.569305e-03,1.081269e-03,1.114429e-03,6.966829e-02,6.083646e-03,1.241051e-03,2.384875e-03,1.104525e-02,1.032139e-02,5.942460e-01,1.975421e-02,3.585520e-03,2.714380e-01,2.342435e-03
2.577825e-03,3.581474e-03,1.896983e-03,1.169963e-03,7.840708e-02,6.154744e-02,3.696779e-03,4.322659e-03,1.164994e-02,8.819367e-03,4.985279e-01,1.722952e-02,3.647034e-03,2.992638e-01,3.662165e-03
2.180417e-03,4.662731e-03,1.918767e-03,1.185154e-03,1.653324e-01,1.468807e-01,2.989950e-02,8.565740e-03,1.315197e-02,6.660455e-03,3.754056e-01,1.406185e-02,3.418690e-03,2.238828e-01,2.793130e-03
2.110597e-03,3.939799e-03,1.713452e-03,1.140532e-03,1.678442e-01,2.630317e-01,3.560951e-02,6.787408e-03,6.430650e-02,4.756432e-03,2.692634e-01,1.120530e-02,5.866832e-03,1.595823e-01,2.842002e-03
1.687798e-03,3.205018e-03,2.922819e-03,2.187390e-03,2.394304e-01,2.211071e-01,1.142060e-01,1.966161e-02,7.288385e-02,3.478966e-03,1.897124e-01,8.211551e-03,7.334902e-03,1.118107e-01,2.159507e-03
1.869504e-03,2.934282e-03,6.827679e-03,4.879344e-03,2.915115e-01,2.093994e-01,9.703524e-02,4.222036e-02,1.032903e-01,3.368419e-03,1.348995e-01,7.493045e-03,1.340611e-02,7.833742e-02,2.528035e-03
5.661869e-03,3.309026e-03,1.246516e-02,1.237510e-02,2.850510e-01,2.246710e-01,8.531570e-02,7.497424e-02,1.208761e-01,3.325165e-03,9.565581e-02,6.497057e-03,1.235531e-02,5.488933e-02,2.578152e-03
1.022441e-02,3.634076e-03,5.978054e-02,2.927050e-02,2.538261e-01,1.788924e-01,6.224057e-02,1.517572e-01,1.216113e-01,3.316964e-03,6.848664e-02,6.299032e-03,9.631339e-03,3.850473e-02,2.524195e-03
1.062661e-02,2.875113e-03,7.515813e-02,2.738863e-02,1.951137e-01,1.279380e-01,4.406190e-02,3.349224e-01,9.081103e-02,2.494825e-03,4.816975e-02,4.686437e-03,6.905267e-03,2.696701e-02,1.881310e-03
1.025487e-02,2.240397e-03,6.802221e-02,1.995598e-02,1.443805e-01,8.977003e-02,3.117198e-02,5.061918e-01,6.409739e-02,1.755897e-03,3.375500e-02,3.299334e-03,4.880950e-03,1.889043e-02,1.333226e-03
1.081927e-02,1.889615e-03,5.341922e-02,1.484421e-02,1.056246e-01,6.310720e-02,2.192192e-02,6.381737e-01,4.530703e-02,1.245193e-03,2.366418e-02,2.331352e-03,3.441842e-03,1.325078e-02,9.598692e-04
1.135704e-02,1.869185e-03,4.110666e-02,1.135148e-02,7.839303e-02,4.447928e-02,1.539295e-02,7.318878e-01,3.248856e-02,9.029690e-04,1.660051e-02,1.663706e-03,2.436387e-03,9.294724e-03,7.757541e-04
1.246213e-02,1.899548e-03,3.426536e-02,9.081138e-03,5.885281e-02,3.152015e-02,1.087850e-02,7.947464e-01,2.379204e-02,6.628812e-04,1.169443e-02,1.212236e-03,1.751762e-03,6.525174e-03,6.554721e-04
2.221486e-02,5.289512e-03,3.122208e-02,9.963017e-03,5.021032e-02,2.391758e-02,9.051859e-03,8.060788e-01,2.197449e-02,7.650922e-04,8.763471e-03,1.508012e-03,2.386087e-03,4.736876e-03,1.917922e-03
2.935094e-02,8.617007e-03,3.408904e-02,1.080055e-02,4.251369e-02,1.776093e-02,7.279185e-03,8.144572e-01,1.860186e-02,7.437739e-04,6.715711e-03,1.282651e-03,1.974497e-03,3.503125e-03,2.309810e-03
3.204142e-02,1.001377e-02,3.309736e-02,1.055216e-02,3.397843e-02,1.333058e-02,5.937300e-03,8.307015e-01,1.675441e-02,7.246996e-04,5.198191e-03,1.145437e-03,1.571099e-03,2.697141e-03,2.256470e-03
3.592091e-02,8.051760e-03,3.093416e-02,9.372581e-03,2.948652e-02,1.054352e-02,5.305661e-03,8.440626e-01,1.501900e-02,7.098899e-04,4.267734e-03,1.089110e-03,1.264656e-03,2.055511e-03,1.916353e-03
3.562012e-02,6.311181e-03,2.924626e-02,8.959338e-03,2.559849e-02,8.279215e-03,4.646227e-03,8.596250e-01,1.232020e-02,6.971501e-04,3.437496e-03,1.053262e-03,1.044878e-03,1.565241e-03,1.595938e-03
4.725398e-02,4.979457e-03,2.603117e-02,9.481746e-03,2.588392e-02,7.581250e-03,5.136481e-03,8.530927e-01,1.104179e-02,8.617634e-04,3.345085e-03,1.321967e-03,1.119343e-03,1.213038e-03,1.656305e-03
7.411763e-02,5.919259e-03,2.148006e-02,1.728532e-02,3.012746e-02,7.820029e-03,4.459019e-03,8.163013e-01,9.405753e-03,1.795618e-03,3.336690e-03,3.019254e-03,1.641124e-03,1.165590e-03,2.125872e-03
7.237344e-02,1.055170e-02,2.174631e-02,3.426278e-02,3.374009e-02,8.100928e-03,3.626648e-03,7.844872e-01,1.110598e-02,5.723620e-03,4.138462e-03,4.008581e-03,1.856759e-03,1.210610e-03,3.066881e-03
7.134831e-02,3.042392e-02,1.774289e-02,6.821953e-02,3.611104e-02,6.672209e-03,3.267727e-03,6.060867e-01,1.082398e-01,1.443725e-02,9.837756e-03,6.649103e-03,5.704341e-03,1.700727e-03,1.355863e-02
6.240810e-02,2.659632e-02,1.354592e-02,8.825496e-02,3.198183e-02,6.872098e-03,4.048538e-03,4.555830e-01,1.165574e-01,1.149859e-02,1.209240e-02,6.201625e-03,1.489717e-01,1.383967e-03,1.400362e-02
4.484497e-02,4.469861e-02,1.020836e-02,6.451809e-02,2.281823e-02,5.549322e-03,3.167231e-03,3.194085e-01,2.995262e-01,8.597198e-03,9.725043e-03,4.965195e-03,1.484413e-01,1.277596e-03,1.225408e-02
3.270342e-02,3.503587e-02,7.461028e-03,4.640042e-02,1.622931e-02,7.536906e-03,2.672234e-03,2.237888e-01,2.577485e-01,6.499365e-03,8.650140e-03,5.334632e-03,3.321358e-01,1.207819e-03,1.659571e-02
2.481586e-02,2.511422e-02,5.414672e-03,3.366330e-02,1.243955e-02,1.058874e-02,3.240845e-03,1.576197e-01,1.892953e-01,4.721947e-03,8.730809e-03,6.174346e-03,4.862360e-01,9.468444e-04,3.099782e-02
2.235422e-02,1.857537e-02,4.167494e-03,2.391214e-02,9.771421e-03,1.828703e-02,3.856602e-03,1.111796e-01,1.418663e-01,3.477225e-03,7.406075e-03,8.709012e-03,5.840206e-01,1.112054e-03,4.130495e-02
1.826270e-02,1.380480e-02,3.044767e-03,1.686670e-02,7.247948e-03,2.458558e-02,3.115641e-03,7.822658e-02,1.020472e-01,2.547129e-03,5.973055e-03,2.025187e-02,6.664802e-01,9.033935e-04,3.664235e-02
1.433535e-02,1.012891e-02,2.145838e-03,1.184230e-02,5.524938e-03,1.794161e-02,2.291235e-03,5.487337e-02,7.441065e-02,1.848263e-03,4.586742e-03,2.316182e-02,7.483107e-01,7.127983e-04,2.788549e-02
1.088849e-02,7.516162e-03,1.545424e-03,8.311718e-03,4.823602e-03,1.318344e-02,1.790602e-03,3.858235e-02,5.389380e-02,1.365553e-03,3.508547e-03,2.887154e-02,8.044323e-01,6.343324e-04,2.065211e-02
8.493034e-03,7.190989e-03,1.297625e-03,5.854784e-03,5.328451e-03,1.039225e-02,1.772362e-03,2.731898e-02,4.234526e-02,1.053778e-03,2.725590e-03,4.932118e-02,8.212420e-01,5.299876e-04,1.513372e-02
1.057059e-02,1.302364e-02,1.737760e-03,4.488983e-03,5.620787e-03,1.571758e-02,1.789912e-03,2.113956e-02,3.838886e-02,9.818145e-04,2.710401e-03,5.508384e-02,8.166465e-01,8.468077e-04,1.125306e-02
1.398021e-02,1.849742e-02,1.776011e-03,3.369798e-03,1.054374e-02,1.417091e-02,1.490381e-03,1.592651e-02,4.888456e-02,9.382770e-04,4.271851e-03,6.299516e-02,7.935790e-01,1.067679e-03,8.508584e-03
1.250285e-02,1.391952e-02,1.488567e-03,2.508309e-03,1.267563e-02,1.144401e-02,1.219632e-03,1.164258e-02,3.672710e-02,7.700273e-04,3.440301e-03,7.140614e-02,8.132601e-01,7.627750e-04,6.232457e-03
1.896808e-02,1.349458e-02,5.586423e-03,2.608521e-03,1.076632e-02,1.057353e-02,1.587019e-03,8.647400e-03,2.969677e-02,8.731460e-04,3.245287e-03,6.261060e-02,8.257239e-01,7.831075e-04,4.835379e-03
2.932771e-02,1.535766e-02,6.603784e-03,2.452542e-03,1.115195e-02,1.364357e-02,1.551781e-03,8.270124e-03,3.728198e-02,7.967926e-04,4.988026e-03,5.403281e-02,8.097816e-01,7.926483e-04,3.967084e-03
2.968172e-02,1.153230e-02,5.223169e-03,2.301175e-03,1.217641e-02,1.372489e-02,1.919330e-03,6.893223e-03,2.962903e-02,6.259659e-04,4.171853e-03,5.118410e-02,8.272135e-01,5.969767e-04,3.126374e-03
2.690638e-02,1.278157e-02,4.665361e-03,1.919304e-03,1.207845e-02,1.239879e-02,2.056483e-03,5.445625e-03,2.777379e-02,5.325369e-04,3.348490e-03,6.159609e-02,8.251299e-01,5.903810e-04,2.776880e-03
2.741717e-02,3.182339e-02,7.256621e-03,1.838687e-03,1.422252e-02,2.209434e-02,2.769129e-03,7.557822e-03,7.027204e-02,5.464387e-04,3.176793e-03,5.685460e-02,7.486353e-01,1.387466e-03,4.147722e-03
2.913296e-02,4.152751e-02,3.002202e-02,2.142388e-03,2.530675e-02,3.603923e-02,5.731232e-03,1.272561e-02,9.807944e-02,6.202440e-04,2.419976e-03,4.412490e-02,6.674359e-01,1.216441e-03,3.475341e-03
3.147519e-02,5.574019e-02,2.911483e-02,1.980558e-03,3.276171e-02,6.308291e-02,1.550902e-02,1.399367e-02,1.443190e-01,5.431148e-04,1.774976e-03,3.262067e-02,5.731612e-01,9.833395e-04,2.939689e-03
3.392567e-02,5.913388e-02,4.375099e-02,5.089495e-03,4.828063e-02,7.563640e-02,2.406829e-02,1.956112e-02,1.934226e-01,1.044861e-03,1.448971e-03,2.369689e-02,4.664079e-01,7.826709e-04,3.749649e-03
3.754554e-02,6.542148e-02,3.635546e-02,5.219300e-03,6.425893e-02,7.800266e-02,3.487810e-02,2.307430e-02,2.652960e-01,1.307893e-03,1.112867e-03,1.733593e-02,3.631723e-01,7.079801e-04,6.311262e-03
7.237942e-02,6.019283e-02,2.827983e-02,4.851089e-03,7.853661e-02,9.003142e-02,3.566898e-02,2.884268e-02,2.617477e-01,9.598345e-04,9.710351e-04,1.318276e-02,3.170426e-01,7.770616e-04,6.536161e-03
1.006742e-01,5.110995e-02,2.081721e-02,7.397837e-03,1.018464e-01,1.033624e-01,3.373247e-02,2.785294e-02,2.466959e-01,7.144745e-04,1.519962e-03,1.051776e-02,2.867020e-01,1.014256e-03,6.042261e-03
1.302260e-01,4.490150e-02,1.509095e-02,7.403250e-03,8.960778e-02,1.529884e-01,2.686704e-02,2.524349e-02,2.540461e-01,8.044245e-04,1.871003e-03,8.897295e-03,2.317853e-01,1.413705e-03,8.853758e-03
1.113326e-01,5.827601e-02,1.424469e-02,1.624520e-01,8.572387e-02,1.253013e-01,1.991711e-02,2.816149e-02,1.926892e-01,9.099727e-04,3.274495e-03,8.149401e-03,1.771435e-01,1.238977e-03,1.118534e-02
1.024451e-01,4.825019e-02,2.246249e-02,2.836034e-01,7.028742e-02,1.166307e-01,1.459789e-02,2.599250e-02,1.522753e-01,1.621042e-03,4.494852e-03,7.662439e-03,1.328920e-01,1.089639e-03,1.569503e-02
1.614420e-01,4.232128e-02,2.396948e-02,2.143560e-01,6.455139e-02,1.141788e-01,1.105685e-02,2.063748e-02,1.380984e-01,2.018067e-03,6.784773e-03,1.099132e-02,1.683207e-01,2.286319e-03,1.898713e-02
2.494773e-01,4.059479e-02,1.970506e-02,1.752419e-01,5.241243e-02,1.038194e-01,8.103288e-03,1.595794e-02,1.660934e-01,2.111451e-03,8.051245e-03,1.130014e-02,1.249107e-01,4.700358e-03,1.752045e-02
2.542469e-01,5.141366e-02,3.143271e-02,2.440299e-01,4.528469e-02,7.416952e-02,6.195482e-03,1.366834e-02,1.293062e-01,2.694309e-03,1.137679e-02,1.378573e-02,9.060748e-02,5.172686e-03,2.661557e-02
3.680058e-01,3.981077e-02,4.382998e-02,2.247595e-01,3.582461e-02,5.427627e-02,5.066754e-03,1.189957e-02,9.366722e-02,2.429827e-03,1.015986e-02,1.608704e-02,6.871334e-02,4.479165e-03,2.099024e-02
4.982023e-01,3.251184e-02,3.468481e-02,1.694258e-01,3.250398e-02,3.990337e-02,4.267387e-03,1.149150e-02,7.592306e-02,1.993942e-03,9.536269e-03,1.520701e-02,5.242007e-02,4.000904e-03,1.792771e-02
1.000000e+00,0.000000e+00,0.000000e+00,0.000000e+00,0.000000e+00,0.000000e+00,0.000000e+00,0.000000e+00,0.000000e+00,0.000000e+00,0.000000e+00,0.000000e+00,0.000000e+00,0.000000e+00,0.000000e+00
1.000000e+00,0.000000e+00,0.000000e+00,0.000000e+00,0.000000e+00,0.000000e+00,0.000000e+00,0.000000e+00,0.000000e+00,0.000000e+00,0.000000e+00,0.000000e+00,0.000000e+00,0.000000e+00,0.000000e+00
4.635953e-01,2.800299e-02,4.302986e-02,2.458837e-01,1.872699e-02,3.559194e-02,3.271572e-03,8.677947e-03,3.360333e-02,1.024533e-02,1.772879e-02,2.368277e-02,4.713741e-02,3.273189e-03,1.754891e-02
4.260468e-01,2.573707e-02,3.210611e-02,2.123484e-01,1.428237e-02,3.509346e-02,3.399513e-03,6.888135e-03,4.770272e-02,1.016648e-02,1.751941e-02,2.069179e-02,1.248458e-01,2.600088e-03,2.057178e-02
3.056591e-01,2.441826e-02,2.295708e-02,1.717263e-01,1.042806e-02,2.570971e-02,2.740729e-03,4.990441e-03,5.826470e-02,8.337819e-03,1.332369e-02,1.493165e-02,3.185275e-01,1.839170e-03,1.614582e-02
2.157186e-01,1.112387e-01,1.695857e-02,1.952239e-01,7.389631e-03,1.864006e-02,1.996183e-03,3.560326e-03,1.566647e-01,6.610021e-03,1.089473e-02,1.237510e-02,2.274108e-01,1.349456e-03,1.396918e-02
1.618213e-01,1.148143e-01,1.461304e-02,2.143803e-01,5.395184e-03,1.596471e-02,1.671924e-03,3.008496e-03,1.691218e-01,5.683179e-03,3.630638e-02,3.185777e-02,2.066355e-01,3.561968e-03,1.516420e-02
1.180670e-01,8.400122e-02,1.127204e-02,1.805392e-01,5.638080e-03,1.722823e-02,2.502133e-03,2.312905e-03,1.310569e-01,4.278278e-03,4.449697e-02,2.684342e-02,3.497216e-01,2.828609e-03,1.921351e-02
8.532756e-02,6.431159e-02,8.724707e-03,1.354807e-01,4.428247e-03,1.724145e-02,2.301458e-03,2.289439e-03,1.088579e-01,3.642012e-03,3.622311e-02,2.174208e-02,4.820155e-01,2.697583e-03,2.471669e-02
5.981376e-02,4.508288e-02,6.145902e-03,9.492135e-02,3.200331e-03,1.260821e-02,1.680441e-03,1.613305e-03,7.639060e-02,2.574885e-03,2.541319e-02,1.546835e-02,6.333232e-01,1.913143e-03,1.985054e-02
4.238158e-02,3.192551e-02,4.508656e-03,6.661200e-02,2.441837e-03,1.135940e-02,1.313464e-03,1.154751e-03,5.421914e-02,1.999303e-03,1.938788e-02,1.387117e-02,7.216927e-01,1.908824e-03,2.522391e-02
2.973814e-02,2.248547e-02,3.194111e-03,4.669186e-02,1.781144e-03,1.929705e-02,1.004399e-03,8.102226e-04,3.803155e-02,2.208261e-03,1.651192e-02,1.534358e-02,7.467439e-01,1.433340e-03,5.472519e-02
2.085981e-02,1.581330e-02,2.322326e-03,3.271061e-02,1.344407e-03,1.811872e-02,7.401307e-04,5.699864e-04,2.668241e-02,2.459035e-03,1.451734e-02,1.376564e-02,7.490451e-01,1.198168e-03,9.985305e-02
1.470385e-02,1.129945e-02,7.945605e-02,2.309469e-02,1.549318e-03,1.314551e-02,5.955821e-04,4.546912e-04,1.982816e-02,4.327677e-03,1.677293e-02,1.222517e-02,5.660654e-01,1.016871e-03,2.354646e-01
1.056316e-02,9.258244e-03,1.870752e-01,1.686296e-02,1.315636e-03,9.571834e-03,4.588879e-04,3.702173e-04,2.044234e-02,5.804497e-03,1.959391e-02,9.877270e-03,4.033271e-01,7.540854e-04,3.047247e-01
