1.000000e+00,0.000000e+00,0.000000e+00,0.000000e+00,0.000000e+00,0.000000e+00,0.000000e+00,0.000000e+00,0.000000e+00,0.000000e+00,0.000000e+00,0.000000e+00,0.000000e+00,0.000000e+00,0.000000e+00
1.000000e+00,0.000000e+00,0.000000e+00,0.000000e+00,0.000000e+00,0.000000e+00,0.000000e+00,0.000000e+00,0.000000e+00,0.000000e+00,0.000000e+00,0.000000e+00,0.000000e+00,0.000000e+00,0.000000e+00
1.000000e+00,0.000000e+00,0.000000e+00,0.000000e+00,0.000000e+00,0.000000e+00,0.000000e+00,0.000000e+00,0.000000e+00,0.000000e+00,0.000000e+00,0.000000e+00,0.000000e+00,0.000000e+00,0.000000e+00
1.000000e+00,0.000000e+00,0.000000e+00,0.000000e+00,0.000000e+00,0.000000e+00,0.000000e+00,0.000000e+00,0.000000e+00,0.000000e+00,0.000000e+00,0.000000e+00,0.000000e+00,0.000000e+00,0.000000e+00
1.000000e+00,0.000000e+00,0.000000e+00,0.000000e+00,0.000000e+00,0.000000e+00,0.000000e+00,0.000000e+00,0.000000e+00,0.000000e+00,0.000000e+00,0.000000e+00,0.000000e+00,0.000000e+00,0.000000e+00
1.000000e+00,0.000000e+00,0.000000e+00,0.000000e+00,0.000000e+00,0.000000e+00,0.000000e+00,0.000000e+00,0.000000e+00,0.000000e+00,0.000000e+00,0.000000e+00,0.000000e+00,0.000000e+00,0.000000e+00
1.000000e+00,0.000000e+00,0.000000e+00,0.000000e+00,0.000000e+00,0.000000e+00,0.000000e+00,0.000000e+00,0.000000e+00,0.000000e+00,0.000000e+00,0.000000e+00,0.000000e+00,0.000000e+00,0.000000e+00
1.000000e+00,0.000000e+00,0.000000e+00,0.000000e+00,0.000000e+00,0.000000e+00,0.000000e+00,0.000000e+00,0.000000e+00,0.000000e+00,0.000000e+00,0.000000e+00,0.000000e+00,0.000000e+00,0.000000e+00
1.000000e+00,0.000000e+00,0.000000e+00,0.000000e+00,0.000000e+00,0.000000e+00,0.000000e+00,0.000000e+00,0.000000e+00,0.000000e+00,0.000000e+00,0.000000e+00,0.000000e+00,0.000000e+00,0.000000e+00
1.000000e+00,0.000000e+00,0.000000e+00,0.000000e+00,0.000000e+00,0.000000e+00,0.000000e+00,0.000000e+00,0.000000e+00,0.000000e+00,0.000000e+00,0.000000e+00,0.000000e+00,0.000000e+00,0.000000e+00
1.000000e+00,0.000000e+00,0.000000e+00,0.000000e+00,0.000000e+00,0.000000e+00,0.000000e+00,0.000000e+00,0.000000e+00,0.000000e+00,0.000000e+00,0.000000e+00,0.000000e+00,0.000000e+00,0.000000e+00
1.000000e+00,0.000000e+00,0.000000e+00,0.000000e+00,0.000000e+00,0.000000e+00,0.000000e+00,0.000000e+00,0.000000e+00,0.000000e+00,0.000000e+00,0.000000e+00,0.000000e+00,0.000000e+00,0.000000e+00
1.000000e+00,0.000000e+00,0.000000e+00,0.000000e+00,0.000000e+00,0.000000e+00,0.000000e+00,0.000000e+00,0.000000e+00,0.000000e+00,0.000000e+00,0.000000e+00,0.000000e+00,0.000000e+00,0.000000e+00
1.000000e+00,0.000000e+00,0.000000e+00,0.000000e+00,0.000000e+00,0.000000e+00,0.000000e+00,0.000000e+00,0.000000e+00,0.000000e+00,0.000000e+00,0.000000e+00,0.000000e+00,0.000000e+00,0.000000e+00
1.000000e+00,0.000000e+00,0.000000e+00,0.000000e+00,0.000000e+00,0.000000e+00,0.000000e+00,0.000000e+00,0.000000e+00,0.000000e+00,0.000000e+00,0.000000e+00,0.000000e+00,0.000000e+00,0.000000e+00
1.000000e+00,0.000000e+00,0.000000e+00,0.000000e+00,0.000000e+00,0.000000e+00,0.000000e+00,0.000000e+00,0.000000e+00,0.000000e+00,0.000000e+00,0.000000e+00,0.000000e+00,0.000000e+00,0.000000e+00
1.000000e+00,0.000000e+00,0.000000e+00,0.000000e+00,0.000000e+00,0.000000e+00,0.000000e+00,0.000000e+00,0.000000e+00,0.000000e+00,0.000000e+00,0.000000e+00,0.000000e+00,0.000000e+00,0.000000e+00
1.000000e+00,0.000000e+00,0.000000e+00,0.000000e+00,0.000000e+00,0.000000e+00,0.000000e+00,0.000000e+00,0.000000e+00,0.000000e+00,0.000000e+00,0.000000e+00,0.000000e+00,0.000000e+00,0.000000e+00
1.000000e+00,0.000000e+00,0.000000e+00,0.000000e+00,0.000000e+00,0.000000e+00,0.000000e+00,0.000000e+00,0.000000e+00,0.000000e+00,0.000000e+00,0.000000e+00,0.000000e+00,0.000000e+00,0.000000e+00
1.000000e+00,0.000000e+00,0.000000e+00,0.000000e+00,0.000000e+00,0.000000e+00,0.000000e+00,0.000000e+00,0.000000e+00,0.000000e+00,0.000000e+00,0.000000e+00,0.000000e+00,0.000000e+00,0.000000e+00
1.000000e+00,0.000000e+00,0.000000e+00,0.000000e+00,0.000000e+00,0.000000e+00,0.000000e+00,0.000000e+00,0.000000e+00,0.000000e+00,0.000000e+00,0.000000e+00,0.000000e+00,0.000000e+00,0.000000e+00
1.000000e+00,0.000000e+00,0.000000e+00,0.000000e+00,0.000000e+00,0.000000e+00,0.000000e+00,0.000000e+00,0.000000e+00,0.000000e+00,0.000000e+00,0.000000e+00,0.000000e+00,0.000000e+00,0.000000e+00
1.000000e+00,0.000000e+00,0.000000e+00,0.000000e+00,0.000000e+00,0.000000e+00,0.000000e+00,0.000000e+00,0.000000e+00,0.000000e+00,0.000000e+00,0.000000e+00,0.000000e+00,0.000000e+00,0.000000e+00
1.000000e+00,0.000000e+00,0.000000e+00,0.000000e+00,0.000000e+00,0.000000e+00,0.000000e+00,0.000000e+00,0.000000e+00,0.000000e+00,0.000000e+00,0.000000e+00,0.000000e+00,0.000000e+00,0.000000e+00
1.000000e+00,0.000000e+00,0.000000e+00,0.000000e+00,0.000000e+00,0.000000e+00,0.000000e+00,0.000000e+00,0.000000e+00,0.000000e+00,0.000000e+00,0.000000e+00,0.000000e+00,0.000000e+00,0.000000e+00
4.836504e-01,5.680381e-02,9.425022e-02,1.525917e-01,2.043792e-02,2.942774e-02,7.531884e-03,1.852546e-02,1.125608e-02,2.942759e-03,1.948763e-02,3.817390e-02,2.139754e-02,6.455765e-03,3.706722e-02
4.898518e-01,5.083276e-02,1.009971e-01,1.470137e-01,1.926059e-02,2.775899e-02,7.187488e-03,1.765717e-02,1.074564e-02,3.111426e-03,1.832258e-02,4.014600e-02,2.251398e-02,5.892856e-03,3.870790e-02
1.000000e+00,0.000000e+00,0.000000e+00,0.000000e+00,0.000000e+00,0.000000e+00,0.000000e+00,0.000000e+00,0.000000e+00,0.000000e+00,0.000000e+00,0.000000e+00,0.000000e+00,0.000000e+00,0.000000e+00
1.000000e+00,0.000000e+00,0.000000e+00,0.000000e+00,0.000000e+00,0.000000e+00,0.000000e+00,0.000000e+00,0.000000e+00,0.000000e+00,0.000000e+00,0.000000e+00,0.000000e+00,0.000000e+00,0.000000e+00
1.000000e+00,0.000000e+00,0.000000e+00,0.000000e+00,0.000000e+00,0.000000e+00,0.000000e+00,0.000000e+00,0.000000e+00,0.000000e+00,0.000000e+00,0.000000e+00,0.000000e+00,0.000000e+00,0.000000e+00
1.000000e+00,0.000000e+00,0.000000e+00,0.000000e+00,0.000000e+00,0.000000e+00,0.000000e+00,0.000000e+00,0.000000e+00,0.000000e+00,0.000000e+00,0.000000e+00,0.000000e+00,0.000000e+00,0.000000e+00
1.000000e+00,0.000000e+00,0.000000e+00,0.000000e+00,0.000000e+00,0.000000e+00,0.000000e+00,0.000000e+00,0.000000e+00,0.000000e+00,0.000000e+00,0.000000e+00,0.000000e+00,0.000000e+00,0.000000e+00
1.000000e+00,0.000000e+00,0.000000e+00,0.000000e+00,0.000000e+00,0.000000e+00,0.000000e+00,0.000000e+00,0.000000e+00,0.000000e+00,0.000000e+00,0.000000e+00,0.000000e+00,0.000000e+00,0.000000e+00
1.000000e+00,0.000000e+00,0.000000e+00,0.000000e+00,0.000000e+00,0.000000e+00,0.000000e+00,0.000000e+00,0.000000e+00,0.000000e+00,0.000000e+00,0.000000e+00,0.000000e+00,0.000000e+00,0.000000e+00
1.000000e+00,0.000000e+00,0.000000e+00,0.000000e+00,0.000000e+00,0.000000e+00,0.000000e+00,0.000000e+00,0.000000e+00,0.000000e+00,0.000000e+00,0.000000e+00,0.000000e+00,0.000000e+00,0.000000e+00
1.000000e+00,0.000000e+00,0.000000e+00,0.000000e+00,0.000000e+00,0.000000e+00,0.000000e+00,0.000000e+00,0.000000e+00,0.000000e+00,0.000000e+00,0.000000e+00,0.000000e+00,0.000000e+00,0.000000e+00
1.000000e+00,0.000000e+00,0.000000e+00,0.000000e+00,0.000000e+00,0.000000e+00,0.000000e+00,0.000000e+00,0.000000e+00,0.000000e+00,0.000000e+00,0.000000e+00,0.000000e+00,0.000000e+00,0.000000e+00
1.000000e+00,0.000000e+00,0.000000e+00,0.000000e+00,0.000000e+00,0.000000e+00,0.000000e+00,0.000000e+00,0.000000e+00,0.000000e+00,0.000000e+00,0.000000e+00,0.000000e+00,0.000000e+00,0.000000e+00
1.000000e+00,0.000000e+00,0.000000e+00,0.000000e+00,0.000000e+00,0.000000e+00,0.000000e+00,0.000000e+00,0.000000e+00,0.000000e+00,0.000000e+00,0.000000e+00,0.000000e+00,0.000000e+00,0.000000e+00
1.000000e+00,0.000000e+00,0.000000e+00,0.000000e+00,0.000000e+00,0.000000e+00,0.000000e+00,0.000000e+00,0.000000e+00,0.000000e+00,0.000000e+00,0.000000e+00,0.000000e+00,0.000000e+00,0.000000e+00
1.000000e+00,0.000000e+00,0.000000e+00,0.000000e+00,0.000000e+00,0.000000e+00,0.000000e+00,0.000000e+00,0.000000e+00,0.000000e+00,0.000000e+00,0.000000e+00,0.000000e+00,0.000000e+00,0.000000e+00
1.000000e+00,0.000000e+00,0.000000e+00,0.000000e+00,0.000000e+00,0.000000e+00,0.000000e+00,0.000000e+00,0.000000e+00,0.000000e+00,0.000000e+00,0.000000e+00,0.000000e+00,0.000000e+00,0.000000e+00
1.000000e+00,0.000000e+00,0.000000e+00,0.000000e+00,0.000000e+00,0.000000e+00,0.000000e+00,0.000000e+00,0.000000e+00,0.000000e+00,0.000000e+00,0.000000e+00,0.000000e+00,0.000000e+00,0.000000e+00
1.000000e+00,0.000000e+00,0.000000e+00,0.000000e+00,0.000000e+00,0.000000e+00,0.000000e+00,0.000000e+00,0.000000e+00,0.000000e+00,0.000000e+00,0.000000e+00,0.000000e+00,0.000000e+00,0.000000e+00
1.000000e+00,0.000000e+00,0.000000e+00,0.000000e+00,0.000000e+00,0.000000e+00,0.000000e+00,0.000000e+00,0.000000e+00,0.000000e+00,0.000000e+00,0.000000e+00,0.000000e+00,0.000000e+00,0.000000e+00
1.000000e+00,0.000000e+00,0.000000e+00,0.000000e+00,0.000000e+00,0.000000e+00,0.000000e+00,0.000000e+00,0.000000e+00,0.000000e+00,0.000000e+00,0.000000e+00,0.000000e+00,0.000000e+00,0.000000e+00
1.000000e+00,0.000000e+00,0.000000e+00,0.000000e+00,0.000000e+00,0.000000e+00,0.000000e+00,0.000000e+00,0.000000e+00,0.000000e+00,0.000000e+00,0.000000e+00,0.000000e+00,0.000000e+00,0.000000e+00
1.000000e+00,0.000000e+00,0.000000e+00,0.000000e+00,0.000000e+00,0.000000e+00,0.000000e+00,0.000000e+00,0.000000e+00,0.000000e+00,0.000000e+00,0.000000e+00,0.000000e+00,0.000000e+00,0.000000e+00
1.000000e+00,0.000000e+00,0.000000e+00,0.000000e+00,0.000000e+00,0.000000e+00,0.000000e+00,0.000000e+00,0.000000e+00,0.000000e+00,0.000000e+00,0.000000e+00,0.000000e+00,0.000000e+00,0.000000e+00
1.000000e+00,0.000000e+00,0.000000e+00,0.000000e+00,0.000000e+00,0.000000e+00,0.000000e+00,0.000000e+00,0.000000e+00,0.000000e+00,0.000000e+00,0.000000e+00,0.000000e+00,0.000000e+00,0.000000e+00
1.000000e+00,0.000000e+00,0.000000e+00,0.000000e+00,0.000000e+00,0.000000e+00,0.000000e+00,0.000000e+00,0.000000e+00,0.000000e+00,0.000000e+00,0.000000e+00,0.000000e+00,0.000000e+00,0.000000e+00
4.338467e-01,2.813004e-02,3.453539e-01,3.604895e-02,4.727420e-03,6.093908e-02,5.554244e-03,1.753399e-02,3.471002e-03,5.109048e-03,1.092931e-02,1.801525e-02,1.194718e-02,3.715398e-03,1.467852e-02
3.282825e-01,4.011497e-02,3.675408e-01,2.822389e-02,4.954055e-03,1.410577e-01,4.878019e-03,1.638598e-02,2.796574e-03,1.849075e-02,8.063667e-03,1.298718e-02,9.195115e-03,3.076145e-03,1.395263e-02
2.474056e-01,3.990459e-02,3.768212e-01,2.248853e-02,4.963414e-03,2.234514e-01,4.319164e-03,1.511733e-02,2.261210e-03,2.470168e-02,6.043334e-03,9.364126e-03,7.207832e-03,2.787078e-03,1.316349e-02
1.841933e-01,3.190663e-02,2.971006e-01,1.653153e-02,5.204786e-03,3.632056e-01,4.158786e-03,1.180453e-02,2.125773e-03,4.418226e-02,5.153169e-03,6.940648e-03,6.143747e-03,2.745238e-03,1.860353e-02
1.459851e-01,2.374827e-02,2.150725e-01,1.274832e-02,5.748384e-03,4.799000e-01,4.357631e-03,8.853528e-03,2.723434e-03,3.722160e-02,5.592361e-03,5.481846e-03,6.065498e-03,7.841526e-03,3.866000e-02
1.469090e-01,1.869913e-02,1.595170e-01,1.183966e-02,7.386253e-03,4.954654e-01,4.201804e-03,6.958362e-03,3.755945e-03,3.925162e-02,6.672584e-03,5.919267e-03,6.788640e-03,1.228939e-02,7.434591e-02
1.460246e-01,1.633254e-02,1.173374e-01,1.007333e-02,8.378804e-03,4.558377e-01,3.611050e-03,5.458998e-03,4.261977e-03,3.361670e-02,8.937016e-03,4.797517e-03,6.201603e-03,1.981262e-02,1.593181e-01
1.524241e-01,1.599724e-02,8.882778e-02,9.772468e-03,8.326327e-03,3.782463e-01,3.191498e-03,4.431167e-03,4.695464e-03,2.965441e-02,1.148998e-02,4.550163e-03,6.181640e-03,3.211667e-02,2.500948e-01
1.462380e-01,1.438147e-02,6.486074e-02,9.650331e-03,6.416584e-03,3.136495e-01,2.389544e-03,3.531013e-03,5.992088e-03,2.747667e-02,1.162845e-02,5.065423e-03,7.583152e-03,5.077988e-02,3.303572e-01
1.034039e-01,2.218449e-02,6.029620e-02,4.274697e-02,5.835991e-03,2.244520e-01,1.906720e-03,2.487478e-03,1.224974e-02,4.720533e-02,9.100830e-03,3.882677e-03,6.178022e-03,3.663547e-02,4.214342e-01
7.244271e-02,2.129735e-02,4.383078e-02,3.514301e-02,4.108269e-03,1.573711e-01,1.340592e-03,1.742702e-03,1.042961e-02,3.905899e-02,6.650389e-03,2.824212e-03,4.529790e-03,2.630169e-02,5.729288e-01
5.097103e-02,1.105000e-01,3.169864e-02,2.953246e-02,2.914352e-03,1.102941e-01,9.443484e-04,1.227994e-03,9.636317e-03,2.878149e-02,6.064995e-03,2.881164e-03,3.620844e-03,2.297169e-02,5.879606e-01
3.680428e-02,1.042536e-01,2.294387e-02,2.107599e-02,2.101315e-03,7.887787e-02,6.884956e-04,9.136344e-04,7.811785e-03,2.216172e-02,5.253165e-03,2.365958e-03,3.421528e-03,6.027339e-02,6.310534e-01
2.792350e-02,7.765807e-02,2.282165e-02,1.563964e-02,1.801413e-03,5.578872e-02,5.076622e-04,8.138418e-04,9.220428e-03,2.667198e-02,4.775485e-03,1.818284e-03,2.895004e-03,7.464208e-02,6.770222e-01
2.026267e-02,5.804146e-02,2.318102e-02,1.124429e-02,1.328354e-03,3.932489e-02,3.665504e-04,5.940589e-04,1.184915e-02,3.615722e-02,3.589584e-03,1.365681e-03,2.240156e-03,6.109663e-02,7.293583e-01
1.453499e-02,4.178878e-02,1.891777e-02,7.940858e-03,9.454667e-04,2.767816e-02,2.628417e-04,4.266247e-04,1.079452e-02,7.960632e-02,2.765412e-03,1.105340e-03,1.719661e-03,4.880235e-02,7.427109e-01
2.413622e-02,5.205169e-02,1.514129e-02,6.380295e-03,1.084536e-03,2.066913e-02,2.476399e-04,3.761085e-04,2.470868e-02,7.135343e-02,2.572356e-03,1.249256e-03,2.276191e-03,4.804542e-02,7.297077e-01
5.776527e-02,6.899390e-02,1.253846e-02,6.079248e-03,2.607960e-03,1.667248e-02,3.555539e-04,5.377415e-04,5.235121e-02,6.215340e-02,3.134595e-03,1.769358e-03,4.988961e-03,6.280752e-02,6.472444e-01
4.979497e-02,5.308488e-02,1.212112e-02,7.686297e-03,2.209969e-03,1.232823e-02,3.041682e-04,5.002330e-04,4.833589e-02,5.936477e-02,2.689970e-03,1.529114e-03,4.124339e-03,5.203472e-02,6.938913e-01
3.940278e-02,5.351817e-02,9.019202e-03,6.015181e-03,9.972494e-03,9.521209e-03,4.441354e-04,8.978962e-04,8.992460e-02,4.662619e-02,3.013397e-03,1.549887e-03,8.700239e-03,5.544241e-02,6.659522e-01
3.243269e-02,6.476764e-02,7.603483e-03,5.484842e-03,2.026103e-02,1.089646e-02,6.556669e-04,1.621104e-03,1.534297e-01,3.496837e-02,3.576388e-03,1.612426e-03,1.428012e-02,4.840054e-02,6.000096e-01
3.187091e-02,1.842839e-01,6.356078e-03,7.220366e-03,1.739158e-02,9.838376e-03,5.484971e-04,1.885795e-03,1.855508e-01,2.802476e-02,3.437661e-03,1.860641e-03,2.089928e-02,3.668114e-02,4.641502e-01
2.849368e-02,2.667530e-01,7.121015e-03,1.425020e-02,1.506262e-02,1.120715e-02,4.657068e-04,1.917145e-03,2.334539e-01,2.546587e-02,3.543350e-03,1.751855e-03,2.056977e-02,2.678752e-02,3.431572e-01
2.953145e-02,2.267025e-01,5.711989e-03,1.441931e-02,2.008193e-02,1.054003e-02,8.909839e-04,3.355871e-03,3.752996e-01,1.826181e-02,3.492521e-03,1.745278e-03,2.412494e-02,1.915219e-02,2.466895e-01
2.253288e-02,1.982050e-01,7.668244e-03,1.867488e-01,1.484500e-02,7.696883e-03,6.362951e-04,3.060513e-03,3.285632e-01,1.396256e-02,3.747762e-03,1.390663e-03,1.728770e-02,1.355349e-02,1.801010e-01
2.013889e-02,1.794876e-01,1.596542e-02,3.251242e-01,1.127325e-02,5.800948e-03,4.736142e-04,3.481575e-03,2.569431e-01,1.140127e-02,9.258005e-03,1.470546e-03,1.338890e-02,9.947254e-03,1.358454e-01
1.546810e-02,1.573804e-01,4.235138e-02,3.272095e-01,8.375856e-03,4.546918e-03,3.942394e-04,2.776172e-03,2.177278e-01,1.704115e-02,1.645175e-02,1.873234e-03,1.399584e-02,8.474939e-03,1.659327e-01
3.412430e-02,1.942174e-01,5.188137e-02,2.426841e-01,8.096298e-03,3.877768e-03,4.050786e-04,3.639357e-03,2.145168e-01,2.221967e-02,3.546267e-02,4.587105e-03,1.685975e-02,1.196294e-02,1.554654e-01
2.773883e-02,1.986869e-01,6.424978e-02,1.773277e-01,6.144058e-03,3.408999e-03,3.168480e-04,2.958203e-03,2.218623e-01,4.717569e-02,3.190808e-02,6.494301e-03,1.592671e-02,1.500070e-02,1.808009e-01
3.808318e-02,1.723378e-01,1.321863e-01,1.606102e-01,7.741782e-03,4.463113e-03,3.595031e-04,3.793834e-03,2.270306e-01,4.703487e-02,2.787388e-02,5.569130e-03,1.403356e-02,1.210317e-02,1.467791e-01
3.695576e-02,1.362154e-01,2.062641e-01,1.530442e-01,7.264758e-03,4.974732e-03,3.280063e-04,3.882885e-03,2.125582e-01,5.041997e-02,2.287511e-02,4.559232e-03,1.186129e-02,1.030700e-02,1.384894e-01
3.865341e-02,1.022632e-01,2.447995e-01,1.338692e-01,1.124280e-02,7.653959e-03,5.405858e-04,6.184012e-02,1.985623e-01,4.106314e-02,2.058706e-02,4.648290e-03,1.249372e-02,8.500192e-03,1.132826e-01
3.725957e-02,7.414471e-02,2.441632e-01,1.018547e-01,1.409220e-02,6.602881e-03,1.195055e-03,2.063430e-01,1.592794e-01,3.047145e-02,1.733148e-02,3.926934e-03,1.079284e-02,6.600095e-03,8.594259e-02
3.592939e-02,5.409945e-02,2.697159e-01,7.430853e-02,1.192735e-02,6.430893e-03,1.397790e-02,2.867793e-01,1.194723e-01,2.190645e-02,1.746747e-02,3.179844e-03,9.632595e-03,4.946839e-03,7.022575e-02
5.025912e-02,4.685915e-02,2.125932e-01,5.286219e-02,2.879815e-02,6.378354e-03,3.495694e-02,3.178589e-01,1.293189e-01,1.692620e-02,1.816176e-02,2.826683e-03,2.160131e-02,4.026941e-03,5.657214e-02
4.646581e-02,4.502638e-02,1.717234e-01,3.762013e-02,2.802990e-02,7.427753e-03,6.367844e-02,3.504984e-01,1.330680e-01,1.314470e-02,2.027966e-02,3.569989e-03,2.769092e-02,3.814710e-03,4.796177e-02
3.948766e-02,4.046994e-02,1.426962e-01,2.667710e-02,2.698947e-02,8.895940e-03,1.477374e-01,3.223345e-01,1.239910e-01,1.067014e-02,2.355684e-02,6.401923e-03,3.087622e-02,4.077065e-03,4.513856e-02
3.472828e-02,3.286643e-02,1.076192e-01,1.891800e-02,2.921474e-02,8.844065e-03,2.177875e-01,3.135372e-01,1.118798e-01,8.600121e-03,2.169033e-02,6.499454e-03,4.757999e-02,3.368014e-03,3.686696e-02
2.905797e-02,2.519290e-02,8.131415e-02,1.341773e-02,2.456506e-02,8.712670e-03,3.417040e-01,2.742674e-01,9.159732e-02,6.780017e-03,2.093640e-02,5.707169e-03,4.606486e-02,2.847674e-03,2.783457e-02
3.809866e-02,2.152403e-02,5.869190e-02,9.559527e-03,2.373330e-02,8.334173e-03,3.754341e-01,2.419870e-01,1.143628e-01,5.301961e-03,3.010576e-02,4.436311e-03,4.571999e-02,2.246055e-03,2.046437e-02
5.092612e-02,1.817365e-02,4.271538e-02,6.898227e-03,2.863319e-02,8.613482e-03,3.732027e-01,2.313874e-01,1.310534e-01,4.344937e-03,3.468183e-02,3.497894e-03,4.830719e-02,1.884296e-03,1.568020e-02
9.131360e-02,1.457602e-02,3.234914e-02,5.184791e-03,3.345641e-02,1.349063e-02,3.105320e-01,2.823904e-01,1.243870e-01,3.843959e-03,3.052857e-02,3.388574e-03,4.035298e-02,2.210831e-03,1.199508e-02
9.063113e-02,1.112912e-02,2.466165e-02,3.829178e-03,3.297819e-02,1.571148e-02,3.284290e-01,3.094410e-01,1.091816e-01,2.901372e-03,2.339465e-02,2.874101e-03,3.400305e-02,1.893683e-03,8.940739e-03
7.907497e-02,9.441745e-03,1.862041e-02,2.929413e-03,3.578989e-02,1.496208e-02,3.368859e-01,3.507466e-01,8.843201e-02,2.132535e-03,1.883540e-02,2.506490e-03,3.147702e-02,1.397855e-03,6.767640e-03
8.741956e-02,7.808177e-03,1.733765e-02,2.801926e-03,3.128267e-02,1.432193e-02,4.154132e-01,2.973154e-01,6.404725e-02,1.708127e-03,1.640113e-02,7.478509e-03,3.017042e-02,1.173534e-03,5.320483e-03
7.996828e-02,8.390235e-03,1.780558e-02,8.409385e-03,3.155770e-02,1.424283e-02,3.744855e-01,2.640067e-01,4.656668e-02,4.758813e-03,4.309552e-02,2.902804e-02,4.427254e-02,7.978950e-03,2.543327e-02
6.133073e-02,6.261147e-03,1.282176e-02,8.287635e-03,2.772814e-02,1.199943e-02,3.128740e-01,1.973846e-01,3.625584e-02,5.833366e-03,5.195706e-02,1.128717e-01,5.896770e-02,6.436725e-02,3.105969e-02
5.002542e-02,4.661106e-03,9.406569e-03,7.898583e-03,2.633141e-02,9.754743e-03,2.556812e-01,1.425116e-01,2.872705e-02,8.029096e-03,5.657170e-02,1.173024e-01,5.933557e-02,1.427525e-01,8.101116e-02
4.368462e-02,3.551085e-03,7.055240e-03,7.087212e-03,2.276341e-02,8.675671e-03,1.879060e-01,1.015055e-01,2.507928e-02,1.315498e-02,5.826943e-02,1.020450e-01,6.143965e-02,2.794162e-01,7.836667e-02
4.550803e-02,3.061301e-03,5.174322e-03,5.513573e-03,1.807850e-02,7.357056e-03,1.342269e-01,7.367062e-02,3.493250e-02,1.245063e-02,5.166631e-02,1.279719e-01,6.445453e-02,3.572729e-01,5.866098e-02
3.730284e-02,2.617694e-03,3.723552e-03,4.312865e-03,1.448600e-02,6.158007e-03,9.428304e-02,5.232535e-02,7.453812e-02,1.124034e-02,5.438352e-02,1.670868e-01,7.816022e-02,3.542894e-01,4.509230e-02
8.964799e-02,2.626845e-03,2.863893e-03,3.797999e-03,1.138702e-02,8.111763e-03,6.631901e-02,3.768658e-02,1.228503e-01,1.035139e-02,4.317689e-02,1.595418e-01,6.114229e-02,3.480026e-01,3.249367e-02
1.659209e-01,2.605189e-03,2.234340e-03,3.568445e-03,9.597910e-03,9.160331e-03,4.675189e-02,2.697308e-02,1.495328e-01,1.019085e-02,4.565890e-02,1.202502e-01,4.526878e-02,3.385403e-01,2.374594e-02
2.230416e-01,4.119353e-03,2.374587e-03,5.725407e-03,1.104855e-02,1.075001e-02,3.315400e-02,1.953691e-02,1.754720e-01,1.578834e-02,6.927359e-02,8.641963e-02,3.310041e-02,2.914864e-01,1.870920e-02
3.264185e-01,7.638688e-03,3.893008e-03,9.386104e-03,1.162292e-02,1.334997e-02,2.422981e-02,1.452263e-02,1.486637e-01,1.517991e-02,7.364647e-02,6.422542e-02,2.499087e-02,2.463625e-01,1.586944e-02
2.700000e-01,2.725767e-02,4.998107e-03,1.253881e-02,2.299998e-02,3.254282e-02,1.805141e-02,1.103618e-02,1.453220e-01,1.456706e-02,1.142741e-01,4.755975e-02,1.840895e-02,2.480651e-01,1.237796e-02
2.969819e-01,3.982133e-02,3.139885e-02,1.655369e-02,1.944868e-02,3.863431e-02,1.330915e-02,8.756001e-03,1.391829e-01,1.224018e-02,1.006752e-01,3.504038e-02,1.398281e-02,2.177186e-01,1.625602e-02
2.809079e-01,3.574279e-02,3.742193e-02,1.572151e-02,1.653833e-02,5.482119e-02,1.002859e-02,6.483555e-03,1.367050e-01,1.164015e-02,7.874046e-02,2.494056e-02,1.031516e-02,2.582125e-01,2.178038e-02
2.081571e-01,2.586037e-02,3.001542e-02,1.283413e-02,1.199292e-02,4.374664e-02,7.070951e-03,4.724159e-03,1.521293e-01,1.535625e-02,6.800874e-02,1.775637e-02,7.823321e-03,3.674111e-01,2.711318e-02
1.513072e-01,1.831926e-02,2.537722e-02,1.281267e-02,8.668840e-03,4.245394e-02,5.026999e-03,4.531302e-03,1.240336e-01,1.292094e-02,7.648058e-02,1.424070e-02,1.412931e-02,4.607555e-01,2.894194e-02
1.122226e-01,1.318835e-02,3.213035e-02,1.380472e-02,6.589835e-03,3.385047e-02,3.570407e-03,4.653325e-03,1.042650e-01,1.130819e-02,6.587492e-02,1.068202e-02,1.403730e-02,5.467789e-01,2.704366e-02
8.228277e-02,9.897941e-03,2.949994e-02,1.021846e-02,4.862214e-03,2.535724e-02,2.530116e-03,4.083170e-03,7.868281e-02,8.427886e-03,4.850515e-02,7.659166e-03,1.054776e-02,6.575294e-01,1.991609e-02
6.053527e-02,7.108037e-03,2.184435e-02,7.591730e-03,3.577418e-03,1.862482e-02,1.791212e-03,3.621317e-03,5.897611e-02,6.101928e-03,3.482973e-02,5.384937e-03,7.470670e-03,7.483637e-01,1.417883e-02
5.203597e-02,5.232415e-03,1.680730e-02,7.256305e-03,4.690860e-03,1.828619e-02,3.038560e-03,1.060467e-02,4.617042e-02,4.607223e-03,2.504891e-02,3.789071e-03,5.421359e-03,7.868373e-01,1.017346e-02
4.804887e-02,3.949577e-03,2.047286e-02,6.499448e-02,8.709352e-03,2.717689e-02,4.650024e-03,9.705868e-02,3.742594e-02,3.473896e-03,1.796267e-02,2.682363e-03,3.934596e-03,6.518210e-01,7.638906e-03
4.542505e-02,3.098353e-03,2.886307e-02,9.916328e-02,2.003367e-02,3.495948e-02,7.939072e-03,1.276578e-01,3.033235e-02,2.613078e-03,1.288703e-02,1.959243e-03,2.997192e-03,5.743523e-01,7.719085e-03
4.658920e-02,2.647388e-03,7.522288e-02,9.546505e-02,2.621447e-02,3.829696e-02,1.337350e-02,1.610996e-01,2.469025e-02,2.067182e-03,9.772215e-03,1.604937e-03,2.622547e-03,4.922718e-01,8.062009e-03
4.079482e-02,2.144534e-03,9.130081e-02,1.168172e-01,2.436388e-02,3.408868e-02,1.658212e-02,1.966891e-01,2.013373e-02,1.644074e-03,7.280731e-03,1.215060e-03,2.181781e-03,4.379829e-01,6.780597e-03
3.753081e-02,1.762723e-03,1.000457e-01,1.521477e-01,2.147145e-02,2.845869e-02,2.325518e-02,2.683757e-01,1.584704e-02,2.031611e-03,5.306089e-03,9.281725e-04,2.048256e-03,3.348651e-01,5.925808e-03
4.527963e-02,1.997749e-03,1.084193e-01,1.369513e-01,1.954378e-02,3.030279e-02,2.835453e-02,3.428483e-01,1.321501e-02,4.099232e-03,4.256205e-03,1.113617e-03,2.782624e-03,2.556863e-01,5.149739e-03
5.687496e-02,2.667396e-03,9.198473e-02,1.262100e-01,2.491012e-02,3.171269e-02,3.370889e-02,3.728315e-01,1.386482e-02,3.860217e-02,4.698247e-03,1.723940e-03,3.998635e-03,1.819691e-01,1.424288e-02
6.401955e-02,5.893865e-03,9.779531e-02,1.024247e-01,2.678824e-02,2.974276e-02,3.815813e-02,3.641675e-01,1.291391e-02,7.657302e-02,6.543365e-03,2.637221e-03,3.620690e-03,1.299576e-01,3.876409e-02
7.264362e-02,7.925473e-03,8.881344e-02,7.791788e-02,2.511443e-02,6.185972e-02,3.572962e-02,2.711720e-01,3.661795e-02,1.091963e-01,2.011737e-02,4.800293e-03,5.595922e-03,9.705380e-02,8.544219e-02
5.723186e-02,6.493738e-03,6.273448e-02,5.598988e-02,1.886234e-02,8.340158e-02,2.681808e-02,1.923824e-01,6.313945e-02,2.191519e-01,3.688273e-02,5.462657e-03,6.639827e-03,7.789104e-02,8.691816e-02
4.446572e-02,5.051662e-03,4.424677e-02,3.983478e-02,1.554775e-02,6.937911e-02,1.929073e-02,1.364473e-01,6.929744e-02,1.781031e-01,9.030294e-02,5.759098e-03,2.017770e-02,7.641562e-02,1.856804e-01
3.390408e-02,4.220785e-03,3.121728e-02,2.813638e-02,1.182784e-02,5.142649e-02,1.360896e-02,9.576185e-02,7.268241e-02,1.372414e-01,7.680030e-02,5.176337e-03,2.280161e-02,5.957154e-02,3.556228e-01
2.540560e-02,7.248950e-03,2.264441e-02,2.002197e-02,1.081224e-02,4.100011e-02,9.656292e-03,6.716449e-02,8.002557e-02,9.737533e-02,7.417537e-02,4.704690e-03,2.079860e-02,6.745575e-02,4.515107e-01
1.822769e-02,5.900776e-03,1.679863e-02,1.412208e-02,9.267804e-03,3.213202e-02,6.849897e-03,4.706961e-02,8.901675e-02,6.882856e-02,6.017609e-02,3.694994e-03,1.581908e-02,1.082703e-01,5.038258e-01
1.296675e-02,4.550673e-03,1.196607e-02,9.912884e-03,9.017152e-03,2.374546e-02,4.852506e-03,3.297804e-02,1.229253e-01,4.864701e-02,4.702444e-02,2.696210e-03,1.149756e-02,1.475320e-01,5.096880e-01
1.149672e-02,7.943063e-03,9.417676e-03,7.088323e-03,7.344955e-03,1.870944e-02,3.492022e-03,2.321999e-02,2.182277e-01,3.483257e-02,4.413147e-02,2.074273e-03,9.129739e-03,1.612656e-01,4.416265e-01
1.009669e-02,1.424713e-02,8.357449e-03,5.100291e-03,5.860608e-03,1.890891e-02,2.537873e-03,1.634053e-02,2.253189e-01,2.493100e-02,4.284332e-02,1.610879e-03,6.900189e-03,1.612053e-01,4.557409e-01
1.098589e-02,1.676117e-02,6.690960e-03,3.770363e-03,4.571239e-03,2.958290e-02,1.867051e-03,1.155246e-02,2.391610e-01,1.832903e-02,3.922389e-02,1.488544e-03,5.243847e-03,2.520719e-01,3.586997e-01
1.517996e-02,1.961469e-02,5.533351e-03,2.766015e-03,3.650064e-03,2.500334e-02,1.381145e-03,8.203303e-03,2.539098e-01,1.371101e-02,3.185292e-02,1.375029e-03,4.068636e-03,3.247614e-01,2.889894e-01
1.793545e-02,2.178077e-02,1.746356e-01,2.642887e-03,4.317421e-03,1.938227e-02,1.108740e-03,6.081957e-03,2.365301e-01,1.255101e-02,2.946712e-02,1.130095e-03,3.257133e-03,2.567967e-01,2.123828e-01
3.638243e-02,3.773126e-02,1.737059e-01,3.813956e-03,1.040020e-02,1.904836e-02,1.051846e-03,8.675686e-03,2.503286e-01,2.073837e-02,2.597613e-02,3.699134e-03,1.263761e-02,2.332841e-01,1.625263e-01
4.270196e-02,6.014198e-02,1.472234e-01,3.655787e-03,2.540724e-02,1.545522e-02,9.651089e-04,1.041628e-02,2.670704e-01,2.320009e-02,2.050844e-02,2.867779e-03,1.045563e-02,2.277091e-01,1.422216e-01
4.095845e-02,9.540085e-02,1.163844e-01,7.083189e-03,3.323703e-02,1.357832e-02,1.009588e-03,3.982737e-02,3.048605e-01,1.962993e-02,1.522971e-02,2.202898e-03,9.107525e-03,1.842721e-01,1.172182e-01
4.565085e-02,8.911213e-02,8.816001e-02,9.570081e-03,3.851948e-02,1.752929e-02,8.826210e-04,3.535081e-02,3.611351e-01,2.098517e-02,1.162727e-02,1.825070e-03,9.551222e-03,1.457884e-01,1.243124e-01
5.888777e-02,8.453158e-02,6.641734e-02,9.479733e-03,4.557090e-02,2.168613e-02,7.073986e-04,4.554281e-02,3.538834e-01,1.853359e-02,1.024286e-02,2.035411e-03,9.029299e-03,1.533553e-01,1.200964e-01
7.226502e-02,7.265621e-02,4.789960e-02,1.195527e-02,5.094997e-02,3.512889e-02,6.209082e-04,4.005755e-02,3.467407e-01,1.450610e-02,9.797987e-03,1.949983e-03,9.774649e-03,1.887955e-01,9.690160e-02
7.302880e-02,8.193462e-02,3.662638e-02,2.807609e-02,4.753746e-02,3.015736e-02,8.752655e-04,6.681534e-02,3.276796e-01,1.178827e-02,1.038519e-02,1.985013e-03,1.552082e-02,1.759664e-01,9.162335e-02
6.320731e-02,8.227926e-02,4.954702e-02,8.984216e-02,3.919559e-02,2.751728e-02,9.015163e-04,8.389351e-02,3.158762e-01,9.314904e-03,9.985406e-03,1.865481e-03,1.221901e-02,1.339387e-01,8.041656e-02
5.812763e-02,7.212546e-02,6.142219e-02,1.232950e-01,3.076574e-02,2.397044e-02,7.568070e-04,6.622469e-02,2.607628e-01,1.773014e-02,1.308646e-02,2.025530e-03,9.688584e-03,9.679730e-02,1.632212e-01
4.835719e-02,5.492727e-02,4.899986e-02,9.272122e-02,2.468972e-02,2.346773e-02,5.905018e-04,4.818806e-02,2.479800e-01,2.982192e-02,1.422503e-02,1.944721e-03,9.780396e-03,7.036709e-02,2.839392e-01
4.626456e-02,4.221196e-02,7.354503e-02,1.399605e-01,1.867935e-02,1.796490e-02,5.041046e-04,4.164789e-02,2.467434e-01,5.938879e-02,1.806910e-02,2.862902e-03,1.207671e-02,5.044062e-02,2.296401e-01
8.392338e-02,4.394582e-02,8.331332e-02,1.155324e-01,1.617309e-02,2.051272e-02,6.439042e-04,4.501589e-02,2.374929e-01,9.139428e-02,1.715320e-02,2.908170e-03,1.280987e-02,3.724731e-02,1.919338e-01
7.990023e-02,4.833153e-02,1.304313e-01,1.522329e-01,1.488063e-02,1.595972e-02,7.094577e-04,3.783076e-02,2.120060e-01,8.797537e-02,1.462170e-02,4.688099e-03,1.054122e-02,2.673843e-02,1.631527e-01
6.494667e-02,4.687437e-02,1.879953e-01,1.803965e-01,1.180238e-02,1.181604e-02,6.074237e-04,2.829302e-02,1.757032e-01,1.103636e-01,1.180665e-02,3.874489e-03,8.286960e-03,1.913169e-02,1.381018e-01
4.687822e-02,4.330898e-02,2.805332e-01,1.954328e-01,8.407693e-03,8.585781e-03,4.411376e-04,2.013851e-02,1.410761e-01,1.008355e-01,9.590046e-03,3.144968e-03,6.697170e-03,1.345021e-02,1.214797e-01
3.735258e-02,3.881039e-02,3.121089e-01,1.667328e-01,6.030863e-03,6.425411e-03,3.364657e-04,1.434471e-02,1.398565e-01,1.016348e-01,9.623768e-03,2.856567e-03,5.575880e-03,9.841029e-03,1.484693e-01
3.718535e-02,3.408132e-02,2.937691e-01,1.409606e-01,5.401913e-03,4.883777e-03,3.168862e-04,1.120831e-02,1.507831e-01,1.234029e-01,2.550858e-02,2.734204e-03,5.906909e-03,7.621901e-03,1.562351e-01
3.708485e-02,3.665857e-02,2.444814e-01,1.369407e-01,5.464119e-03,4.542031e-03,6.288923e-04,8.269556e-03,1.659893e-01,1.028853e-01,4.147790e-02,4.177997e-03,1.244948e-02,1.108532e-02,1.878645e-01
4.034464e-02,3.339255e-02,1.854256e-01,1.216912e-01,1.241427e-02,5.495381e-03,1.502352e-03,6.570254e-03,1.666440e-01,7.989412e-02,8.315226e-02,7.506100e-03,6.161849e-02,1.383584e-02,1.805130e-01
3.207747e-02,3.965516e-02,1.415161e-01,1.888726e-01,1.809559e-02,6.190174e-03,1.681540e-03,5.212300e-03,2.183860e-01,5.818096e-02,6.234285e-02,7.038875e-03,4.995892e-02,1.282767e-02,1.579638e-01
5.704284e-02,3.494170e-02,1.085727e-01,1.982192e-01,1.667040e-02,8.010628e-03,2.352626e-03,4.890359e-03,1.976517e-01,4.457159e-02,6.563804e-02,1.181989e-02,5.344414e-02,4.429363e-02,1.518806e-01
8.256891e-02,2.770021e-02,7.973609e-02,1.516167e-01,1.801924e-02,9.222355e-03,2.546068e-03,4.495917e-03,1.696196e-01,3.499030e-02,6.650734e-02,1.180855e-02,5.681195e-02,6.858736e-02,2.157694e-01
8.797242e-02,2.795701e-02,7.283098e-02,1.466118e-01,2.421956e-02,1.045356e-02,2.757815e-03,4.702540e-03,1.549481e-01,3.094434e-02,6.186425e-02,1.304137e-02,6.238924e-02,7.259020e-02,2.267168e-01
8.881143e-02,2.237156e-02,6.157580e-02,1.068660e-01,2.474654e-02,8.869819e-03,2.620702e-03,5.441742e-03,1.209308e-01,2.569037e-02,5.297503e-02,1.122823e-02,5.642541e-02,6.825560e-02,3.431910e-01
1.432186e-01,2.352642e-02,5.490077e-02,7.938216e-02,2.346743e-02,9.157104e-03,2.385342e-03,5.209019e-03,9.526425e-02,2.666226e-02,4.059568e-02,9.560187e-03,4.262464e-02,6.126985e-02,3.827763e-01
2.297676e-01,3.254010e-02,4.479597e-02,6.825259e-02,2.119690e-02,9.279633e-03,2.391916e-03,5.893056e-03,8.018818e-02,2.272837e-02,3.208534e-02,8.757623e-03,3.289153e-02,4.873712e-02,3.604940e-01
2.238299e-01,3.553130e-02,3.527195e-02,5.027311e-02,1.949405e-02,8.329534e-03,2.036202e-03,4.741902e-03,6.699020e-02,2.105164e-02,2.419118e-02,6.811962e-03,2.630672e-02,4.446895e-02,4.306714e-01
1.876337e-01,5.375696e-02,4.631279e-02,7.642314e-02,1.563586e-02,7.615181e-03,1.737724e-03,3.918078e-03,7.087895e-02,1.855770e-02,1.912550e-02,6.557785e-03,2.012026e-02,3.455104e-02,4.371753e-01
1.939379e-01,5.282012e-02,4.010941e-02,6.569822e-02,1.698745e-02,1.016109e-02,1.830779e-03,3.734912e-03,8.169010e-02,1.943676e-02,1.513724e-02,5.525402e-03,1.761346e-02,3.922185e-02,4.360954e-01
1.494838e-01,7.589620e-02,9.466230e-02,1.481776e-01,1.597942e-02,8.379428e-03,1.432916e-03,3.175165e-03,7.902530e-02,1.542237e-02,1.272051e-02,5.321892e-03,1.349058e-02,2.968025e-02,3.471523e-01
2.222349e-01,7.713331e-02,1.196153e-01,1.356781e-01,1.716343e-02,9.352724e-03,2.085852e-03,6.396757e-03,7.041515e-02,1.371311e-02,1.298261e-02,9.113625e-03,1.241976e-02,2.565577e-02,2.660397e-01
2.247705e-01,1.299927e-01,1.400967e-01,1.013989e-01,1.782770e-02,9.128237e-03,1.899537e-03,1.467685e-02,5.699671e-02,1.173084e-02,1.076057e-02,7.415662e-03,9.673189e-03,2.574790e-02,2.378841e-01
2.360424e-01,1.679759e-01,1.327251e-01,9.148850e-02,2.687006e-02,1.001845e-02,2.771414e-03,3.855986e-02,5.042131e-02,9.580382e-03,1.067055e-02,9.131539e-03,9.658195e-03,2.158283e-02,1.825035e-01
2.776084e-01,1.874316e-01,1.028588e-01,7.531575e-02,4.241077e-02,1.160813e-02,3.010209e-03,5.070732e-02,5.089724e-02,7.184818e-03,9.565969e-03,8.928753e-03,9.275653e-03,1.750954e-02,1.456871e-01
2.911744e-01,1.629320e-01,1.011481e-01,9.361570e-02,5.031129e-02,1.469357e-02,4.365079e-03,4.651579e-02,6.840556e-02,5.783540e-03,9.306236e-03,1.044242e-02,1.136089e-02,1.373615e-02,1.162092e-01
3.781323e-01,1.282857e-01,7.377832e-02,7.439560e-02,4.817875e-02,2.189653e-02,4.071110e-03,3.465848e-02,8.754222e-02,4.367122e-03,9.453719e-03,1.120965e-02,2.199932e-02,1.169244e-02,9.033877e-02
2.870381e-01,1.473325e-01,6.725000e-02,2.241985e-01,4.229350e-02,1.699434e-02,3.425221e-03,2.629357e-02,6.540623e-02,3.782006e-03,7.357843e-03,9.483828e-03,1.590369e-02,8.513327e-03,7.472730e-02
2.354482e-01,1.153966e-01,6.645013e-02,3.499794e-01,3.663485e-02,1.367042e-02,3.076313e-03,1.953277e-02,4.905511e-02,4.698944e-03,1.165903e-02,1.080563e-02,1.386920e-02,6.422002e-03,6.330139e-02
1.658020e-01,8.624596e-02,5.163261e-02,4.525387e-01,4.072285e-02,1.248680e-02,2.516283e-03,1.371979e-02,3.513833e-02,3.836669e-03,1.654868e-02,8.841401e-03,5.927978e-02,4.619789e-03,4.607026e-02
1.221901e-01,6.120479e-02,3.644726e-02,3.374422e-01,3.342590e-02,9.583868e-03,2.060273e-03,9.765624e-03,2.515560e-02,5.533505e-03,9.229729e-02,9.623966e-03,2.159122e-01,3.423422e-03,3.593398e-02
9.282365e-02,4.303677e-02,2.571134e-02,2.403913e-01,2.510566e-02,9.082902e-03,1.633502e-03,7.077439e-03,1.876691e-02,5.992583e-03,8.299579e-02,2.518171e-02,3.934267e-01,2.921223e-03,2.585245e-02
9.892397e-02,3.034518e-02,1.974298e-02,1.720462e-01,2.186645e-02,1.825918e-02,2.727916e-03,7.460388e-03,1.676024e-02,1.123382e-02,8.091410e-02,6.354248e-02,4.309892e-01,5.852045e-03,1.933586e-02
9.353767e-02,2.178998e-02,1.542082e-02,1.254343e-01,2.150608e-02,3.130802e-02,2.393446e-03,1.126440e-02,1.964986e-02,1.192354e-02,6.404603e-02,2.198296e-01,3.382270e-01,9.055737e-03,1.461347e-02
7.021846e-02,1.561759e-02,1.122420e-02,9.018020e-02,2.009024e-02,2.492207e-02,2.553385e-03,9.150116e-03,1.918977e-02,1.072223e-02,5.357610e-02,3.078553e-01,3.454346e-01,8.786753e-03,1.047897e-02
4.941691e-02,1.113828e-02,8.419679e-03,6.407554e-02,1.741231e-02,1.870808e-02,2.260064e-03,7.336850e-03,1.674725e-02,1.200800e-02,4.079206e-02,4.439747e-01,2.926633e-01,7.612923e-03,7.434062e-03
3.529844e-02,7.936977e-03,6.564133e-03,4.539899e-02,1.504554e-02,1.362041e-02,1.772209e-03,6.458393e-03,1.956653e-02,1.552734e-02,3.609084e-02,5.400742e-01,2.423591e-01,8.793849e-03,5.492962e-03
2.491460e-02,7.372267e-03,5.654197e-03,3.222297e-02,1.293116e-02,9.643563e-03,1.340603e-03,5.902969e-03,2.332479e-02,1.570474e-02,2.677253e-02,5.777241e-01,2.441264e-01,8.165234e-03,4.199825e-03
1.780714e-02,5.347208e-03,4.080040e-03,2.264286e-02,9.383043e-03,6.992881e-03,9.847062e-04,4.402110e-03,5.646911e-02,1.288502e-02,2.310116e-02,6.319154e-01,1.934680e-01,7.453128e-03,3.068228e-03
1.252530e-02,4.021212e-03,2.911284e-03,1.590859e-02,6.886854e-03,4.944361e-03,7.444249e-04,3.222198e-03,1.218744e-01,1.018435e-02,1.805926e-02,6.411921e-01,1.494308e-01,5.825781e-03,2.269136e-03
9.040756e-03,3.035791e-03,2.167755e-03,1.152094e-02,5.606787e-03,3.675695e-03,5.603138e-04,2.459617e-03,3.055977e-01,8.793237e-03,2.498523e-02,5.026137e-01,1.110521e-01,6.817163e-03,2.073188e-03
8.368894e-03,2.296452e-03,1.611910e-03,8.614495e-03,4.427721e-03,2.953338e-03,4.303728e-04,1.964953e-03,4.363532e-01,7.361235e-03,5.830830e-02,3.702826e-01,7.970454e-02,1.550464e-02,1.817287e-03
7.041971e-03,3.223032e-03,1.705491e-03,6.896514e-03,9.531339e-03,2.318306e-03,4.337928e-04,1.956201e-03,5.135401e-01,6.717292e-03,1.067889e-01,2.680627e-01,5.656646e-02,1.365663e-02,1.561211e-03
9.912855e-03,3.016031e-03,3.506190e-03,7.687697e-03,7.203009e-03,9.417719e-03,4.464476e-04,2.305424e-03,5.977908e-01,6.450433e-03,1.006930e-01,1.917188e-01,4.009011e-02,1.815693e-02,1.604442e-03
1.126092e-02,3.332320e-03,3.896873e-03,6.770653e-03,5.785079e-03,1.013741e-02,5.174703e-04,2.199023e-03,6.760988e-01,6.883846e-03,9.092920e-02,1.352787e-01,2.829496e-02,1.699952e-02,1.615159e-03
1.053277e-02,3.293442e-03,3.147646e-03,5.142855e-03,4.698687e-03,8.412514e-03,3.749685e-04,1.712504e-03,7.263775e-01,6.816468e-03,8.847619e-02,9.556809e-02,2.009808e-02,2.115629e-02,4.191972e-03
8.446904e-03,2.868532e-03,2.454936e-03,3.754197e-03,3.475706e-03,6.286317e-03,2.644930e-04,1.232049e-03,7.623943e-01,5.407509e-03,9.308024e-02,6.768817e-02,1.416066e-02,2.443600e-02,4.049996e-03
7.228808e-03,2.994153e-03,2.490737e-03,2.785194e-03,2.607717e-03,4.680269e-03,1.872560e-04,9.286353e-04,7.981634e-01,4.360614e-03,9.048709e-02,4.767355e-02,9.968087e-03,2.207973e-02,3.364816e-03
6.656236e-03,2.779806e-03,6.146239e-03,2.269786e-03,2.062117e-03,3.767151e-03,1.336005e-04,7.880850e-04,8.302379e-01,3.730043e-03,7.386148e-02,3.343241e-02,7.000764e-03,2.346921e-02,3.665269e-03
6.187670e-03,2.222560e-03,4.720801e-03,1.775465e-03,1.522805e-03,3.069401e-03,9.468890e-05,5.840479e-04,8.553358e-01,3.016377e-03,5.823510e-02,2.347125e-02,4.910965e-03,2.966544e-02,5.187707e-03
1.424718e-02,2.157891e-03,4.097817e-03,1.361127e-03,1.365541e-03,3.006579e-03,6.899882e-05,4.374752e-04,7.652365e-01,2.558342e-03,5.444669e-02,1.662705e-02,3.464403e-03,1.053763e-01,2.554824e-02
3.014430e-02,2.565865e-03,1.208095e-02,2.224992e-03,1.527029e-03,4.471812e-03,5.537597e-05,7.344333e-04,7.000139e-01,2.355713e-03,5.661927e-02,1.178718e-02,2.582364e-03,1.388689e-01,3.396798e-02
4.253860e-02,2.038649e-03,9.244096e-03,1.834599e-03,1.612127e-03,5.739437e-03,4.836493e-05,6.665608e-04,5.735447e-01,2.113523e-03,7.083041e-02,8.560980e-03,1.902843e-03,1.947486e-01,8.457643e-02
3.823985e-02,1.621621e-03,6.976156e-03,1.394667e-03,1.553620e-03,6.318172e-03,4.596138e-05,7.465893e-04,4.640605e-01,2.004550e-03,9.890871e-02,6.187736e-03,1.533184e-03,2.232794e-01,1.471294e-01
3.249636e-02,1.195326e-03,5.207575e-03,1.038793e-03,1.497839e-03,5.277894e-03,3.725280e-05,6.892089e-04,3.793807e-01,1.640079e-03,1.838116e-01,4.433411e-03,1.187479e-03,2.498707e-01,1.322359e-01
3.236172e-02,9.363936e-04,3.855237e-03,8.177155e-04,1.352209e-03,4.907447e-03,3.875447e-05,1.016152e-03,3.289042e-01,2.614320e-03,1.735332e-01,3.322055e-03,1.389178e-03,2.235050e-01,2.214465e-01
5.365944e-02,1.361236e-03,1.811490e-02,5.209570e-03,3.656189e-03,7.608774e-03,3.282071e-04,2.487809e-02,3.080629e-01,3.951851e-03,1.408901e-01,3.197275e-03,4.394141e-03,2.209205e-01,2.037669e-01
7.856351e-02,1.314838e-03,2.013366e-02,4.895104e-03,4.126307e-03,7.679745e-03,3.152638e-04,5.141849e-02,2.498722e-01,6.022036e-03,1.182722e-01,2.871045e-03,4.789114e-03,2.122403e-01,2.374862e-01
6.031964e-02,2.067534e-03,1.585803e-02,3.597026e-03,3.158062e-03,5.621660e-03,2.269733e-04,3.652218e-02,2.722684e-01,2.194040e-02,9.506512e-02,3.312213e-03,4.062406e-03,1.672866e-01,3.086938e-01
4.876965e-02,2.694181e-03,1.369077e-02,3.256240e-03,2.487177e-03,4.137589e-03,1.636694e-04,2.692501e-02,2.692536e-01,2.642714e-02,1.207500e-01,9.450698e-03,9.802480e-03,1.242086e-01,3.379831e-01
