1.000000e+00,0.000000e+00,0.000000e+00,0.000000e+00,0.000000e+00,0.000000e+00,0.000000e+00,0.000000e+00,0.000000e+00,0.000000e+00,0.000000e+00,0.000000e+00,0.000000e+00,0.000000e+00,0.000000e+00
1.000000e+00,0.000000e+00,0.000000e+00,0.000000e+00,0.000000e+00,0.000000e+00,0.000000e+00,0.000000e+00,0.000000e+00,0.000000e+00,0.000000e+00,0.000000e+00,0.000000e+00,0.000000e+00,0.000000e+00
1.000000e+00,0.000000e+00,0.000000e+00,0.000000e+00,0.000000e+00,0.000000e+00,0.000000e+00,0.000000e+00,0.000000e+00,0.000000e+00,0.000000e+00,0.000000e+00,0.000000e+00,0.000000e+00,0.000000e+00
1.000000e+00,0.000000e+00,0.000000e+00,0.000000e+00,0.000000e+00,0.000000e+00,0.000000e+00,0.000000e+00,0.000000e+00,0.000000e+00,0.000000e+00,0.000000e+00,0.000000e+00,0.000000e+00,0.000000e+00
1.000000e+00,0.000000e+00,0.000000e+00,0.000000e+00,0.000000e+00,0.000000e+00,0.000000e+00,0.000000e+00,0.000000e+00,0.000000e+00,0.000000e+00,0.000000e+00,0.000000e+00,0.000000e+00,0.000000e+00
1.000000e+00,0.000000e+00,0.000000e+00,0.000000e+00,0.000000e+00,0.000000e+00,0.000000e+00,0.000000e+00,0.000000e+00,0.000000e+00,0.000000e+00,0.000000e+00,0.000000e+00,0.000000e+00,0.000000e+00
1.000000e+00,0.000000e+00,0.000000e+00,0.000000e+00,0.000000e+00,0.000000e+00,0.000000e+00,0.000000e+00,0.000000e+00,0.000000e+00,0.000000e+00,0.000000e+00,0.000000e+00,0.000000e+00,0.000000e+00
1.000000e+00,0.000000e+00,0.000000e+00,0.000000e+00,0.000000e+00,0.000000e+00,0.000000e+00,0.000000e+00,0.000000e+00,0.000000e+00,0.000000e+00,0.000000e+00,0.000000e+00,0.000000e+00,0.000000e+00
1.000000e+00,0.000000e+00,0.000000e+00,0.000000e+00,0.000000e+00,0.000000e+00,0.000000e+00,0.000000e+00,0.000000e+00,0.000000e+00,0.000000e+00,0.000000e+00,0.000000e+00,0.000000e+00,0.000000e+00
1.000000e+00,0.000000e+00,0.000000e+00,0.000000e+00,0.000000e+00,0.000000e+00,0.000000e+00,0.000000e+00,0.000000e+00,0.000000e+00,0.000000e+00,0.000000e+00,0.000000e+00,0.000000e+00,0.000000e+00
1.000000e+00,0.000000e+00,0.000000e+00,0.000000e+00,0.000000e+00,0.000000e+00,0.000000e+00,0.000000e+00,0.000000e+00,0.000000e+00,0.000000e+00,0.000000e+00,0.000000e+00,0.000000e+00,0.000000e+00
1.000000e+00,0.000000e+00,0.000000e+00,0.000000e+00,0.000000e+00,0.000000e+00,0.000000e+00,0.000000e+00,0.000000e+00,0.000000e+00,0.000000e+00,0.000000e+00,0.000000e+00,0.000000e+00,0.000000e+00
1.000000e+00,0.000000e+00,0.000000e+00,0.000000e+00,0.000000e+00,0.000000e+00,0.000000e+00,0.000000e+00,0.000000e+00,0.000000e+00,0.000000e+00,0.000000e+00,0.000000e+00,0.000000e+00,0.000000e+00
1.000000e+00,0.000000e+00,0.000000e+00,0.000000e+00,0.000000e+00,0.000000e+00,0.000000e+00,0.000000e+00,0.000000e+00,0.000000e+00,0.000000e+00,0.000000e+00,0.000000e+00,0.000000e+00,0.000000e+00
1.000000e+00,0.000000e+00,0.000000e+00,0.000000e+00,0.000000e+00,0.000000e+00,0.000000e+00,0.000000e+00,0.000000e+00,0.000000e+00,0.000000e+00,0.000000e+00,0.000000e+00,0.000000e+00,0.000000e+00
1.000000e+00,0.000000e+00,0.000000e+00,0.000000e+00,0.000000e+00,0.000000e+00,0.000000e+00,0.000000e+00,0.000000e+00,0.000000e+00,0.000000e+00,0.000000e+00,0.000000e+00,0.000000e+00,0.000000e+00
1.000000e+00,0.000000e+00,0.000000e+00,0.000000e+00,0.000000e+00,0.000000e+00,0.000000e+00,0.000000e+00,0.000000e+00,0.000000e+00,0.000000e+00,0.000000e+00,0.000000e+00,0.000000e+00,0.000000e+00
1.000000e+00,0.000000e+00,0.000000e+00,0.000000e+00,0.000000e+00,0.000000e+00,0.000000e+00,0.000000e+00,0.000000e+00,0.000000e+00,0.000000e+00,0.000000e+00,0.000000e+00,0.000000e+00,0.000000e+00
1.000000e+00,0.000000e+00,0.000000e+00,0.000000e+00,0.000000e+00,0.000000e+00,0.000000e+00,0.000000e+00,0.000000e+00,0.000000e+00,0.000000e+00,0.000000e+00,0.000000e+00,0.000000e+00,0.000000e+00
1.000000e+00,0.000000e+00,0.000000e+00,0.000000e+00,0.000000e+00,0.000000e+00,0.000000e+00,0.000000e+00,0.000000e+00,0.000000e+00,0.000000e+00,0.000000e+00,0.000000e+00,0.000000e+00,0.000000e+00
1.000000e+00,0.000000e+00,0.000000e+00,0.000000e+00,0.000000e+00,0.000000e+00,0.000000e+00,0.000000e+00,0.000000e+00,0.000000e+00,0.000000e+00,0.000000e+00,0.000000e+00,0.000000e+00,0.000000e+00
1.000000e+00,0.000000e+00,0.000000e+00,0.000000e+00,0.000000e+00,0.000000e+00,0.000000e+00,0.000000e+00,0.000000e+00,0.000000e+00,0.000000e+00,0.000000e+00,0.000000e+00,0.000000e+00,0.000000e+00
1.000000e+00,0.000000e+00,0.000000e+00,0.000000e+00,0.000000e+00,0.000000e+00,0.000000e+00,0.000000e+00,0.000000e+00,0.000000e+00,0.000000e+00,0.000000e+00,0.000000e+00,0.000000e+00,0.000000e+00
1.000000e+00,0.000000e+00,0.000000e+00,0.000000e+00,0.000000e+00,0.000000e+00,0.000000e+00,0.000000e+00,0.000000e+00,0.000000e+00,0.000000e+00,0.000000e+00,0.000000e+00,0.000000e+00,0.000000e+00
1.000000e+00,0.000000e+00,0.000000e+00,0.000000e+00,0.000000e+00,0.000000e+00,0.000000e+00,0.000000e+00,0.000000e+00,0.000000e+00,0.000000e+00,0.000000e+00,0.000000e+00,0.000000e+00,0.000000e+00
1.000000e+00,0.000000e+00,0.000000e+00,0.000000e+00,0.000000e+00,0.000000e+00,0.000000e+00,0.000000e+00,0.000000e+00,0.000000e+00,0.000000e+00,0.000000e+00,0.000000e+00,0.000000e+00,0.000000e+00
1.000000e+00,0.000000e+00,0.000000e+00,0.000000e+00,0.000000e+00,0.000000e+00,0.000000e+00,0.000000e+00,0.000000e+00,0.000000e+00,0.000000e+00,0.000000e+00,0.000000e+00,0.000000e+00,0.000000e+00
1.000000e+00,0.000000e+00,0.000000e+00,0.000000e+00,0.000000e+00,0.000000e+00,0.000000e+00,0.000000e+00,0.000000e+00,0.000000e+00,0.000000e+00,0.000000e+00,0.000000e+00,0.000000e+00,0.000000e+00
1.000000e+00,0.000000e+00,0.000000e+00,0.000000e+00,0.000000e+00,0.000000e+00,0.000000e+00,0.000000e+00,0.000000e+00,0.000000e+00,0.000000e+00,0.000000e+00,0.000000e+00,0.000000e+00,0.000000e+00
1.000000e+00,0.000000e+00,0.000000e+00,0.000000e+00,0.000000e+00,0.000000e+00,0.000000e+00,0.000000e+00,0.000000e+00,0.000000e+00,0.000000e+00,0.000000e+00,0.000000e+00,0.000000e+00,0.000000e+00
1.000000e+00,0.000000e+00,0.000000e+00,0.000000e+00,0.000000e+00,0.000000e+00,0.000000e+00,0.000000e+00,0.000000e+00,0.000000e+00,0.000000e+00,0.000000e+00,0.000000e+00,0.000000e+00,0.000000e+00
1.000000e+00,0.000000e+00,0.000000e+00,0.000000e+00,0.000000e+00,0.000000e+00,0.000000e+00,0.000000e+00,0.000000e+00,0.000000e+00,0.000000e+00,0.000000e+00,0.000000e+00,0.000000e+00,0.000000e+00
1.000000e+00,0.000000e+00,0.000000e+00,0.000000e+00,0.000000e+00,0.000000e+00,0.000000e+00,0.000000e+00,0.000000e+00,0.000000e+00,0.000000e+00,0.000000e+00,0.000000e+00,0.000000e+00,0.000000e+00
1.000000e+00,0.000000e+00,0.000000e+00,0.000000e+00,0.000000e+00,0.000000e+00,0.000000e+00,0.000000e+00,0.000000e+00,0.000000e+00,0.000000e+00,0.000000e+00,0.000000e+00,0.000000e+00,0.000000e+00
1.000000e+00,0.000000e+00,0.000000e+00,0.000000e+00,0.000000e+00,0.000000e+00,0.000000e+00,0.000000e+00,0.000000e+00,0.000000e+00,0.000000e+00,0.000000e+00,0.000000e+00,0.000000e+00,0.000000e+00
1.000000e+00,0.000000e+00,0.000000e+00,0.000000e+00,0.000000e+00,0.000000e+00,0.000000e+00,0.000000e+00,0.000000e+00,0.000000e+00,0.000000e+00,0.000000e+00,0.000000e+00,0.000000e+00,0.000000e+00
1.000000e+00,0.000000e+00,0.000000e+00,0.000000e+00,0.000000e+00,0.000000e+00,0.000000e+00,0.000000e+00,0.000000e+00,0.000000e+00,0.000000e+00,0.000000e+00,0.000000e+00,0.000000e+00,0.000000e+00
1.000000e+00,0.000000e+00,0.000000e+00,0.000000e+00,0.000000e+00,0.000000e+00,0.000000e+00,0.000000e+00,0.000000e+00,0.000000e+00,0.000000e+00,0.000000e+00,0.000000e+00,0.000000e+00,0.000000e+00
1.000000e+00,0.000000e+00,0.000000e+00,0.000000e+00,0.000000e+00,0.000000e+00,0.000000e+00,0.000000e+00,0.000000e+00,0.000000e+00,0.000000e+00,0.000000e+00,0.000000e+00,0.000000e+00,0.000000e+00
1.000000e+00,0.000000e+00,0.000000e+00,0.000000e+00,0.000000e+00,0.000000e+00,0.000000e+00,0.000000e+00,0.000000e+00,0.000000e+00,0.000000e+00,0.000000e+00,0.000000e+00,0.000000e+00,0.000000e+00
1.000000e+00,0.000000e+00,0.000000e+00,0.000000e+00,0.000000e+00,0.000000e+00,0.000000e+00,0.000000e+00,0.000000e+00,0.000000e+00,0.000000e+00,0.000000e+00,0.000000e+00,0.000000e+00,0.000000e+00
1.000000e+00,0.000000e+00,0.000000e+00,0.000000e+00,0.000000e+00,0.000000e+00,0.000000e+00,0.000000e+00,0.000000e+00,0.000000e+00,0.000000e+00,0.000000e+00,0.000000e+00,0.000000e+00,0.000000e+00
1.000000e+00,0.000000e+00,0.000000e+00,0.000000e+00,0.000000e+00,0.000000e+00,0.000000e+00,0.000000e+00,0.000000e+00,0.000000e+00,0.000000e+00,0.000000e+00,0.000000e+00,0.000000e+00,0.000000e+00
1.000000e+00,0.000000e+00,0.000000e+00,0.000000e+00,0.000000e+00,0.000000e+00,0.000000e+00,0.000000e+00,0.000000e+00,0.000000e+00,0.000000e+00,0.000000e+00,0.000000e+00,0.000000e+00,0.000000e+00
1.000000e+00,0.000000e+00,0.000000e+00,0.000000e+00,0.000000e+00,0.000000e+00,0.000000e+00,0.000000e+00,0.000000e+00,0.000000e+00,0.000000e+00,0.000000e+00,0.000000e+00,0.000000e+00,0.000000e+00
1.000000e+00,0.000000e+00,0.000000e+00,0.000000e+00,0.000000e+00,0.000000e+00,0.000000e+00,0.000000e+00,0.000000e+00,0.000000e+00,0.000000e+00,0.000000e+00,0.000000e+00,0.000000e+00,0.000000e+00
1.000000e+00,0.000000e+00,0.000000e+00,0.000000e+00,0.000000e+00,0.000000e+00,0.000000e+00,0.000000e+00,0.000000e+00,0.000000e+00,0.000000e+00,0.000000e+00,0.000000e+00,0.000000e+00,0.000000e+00
1.000000e+00,0.000000e+00,0.000000e+00,0.000000e+00,0.000000e+00,0.000000e+00,0.000000e+00,0.000000e+00,0.000000e+00,0.000000e+00,0.000000e+00,0.000000e+00,0.000000e+00,0.000000e+00,0.000000e+00
1.000000e+00,0.000000e+00,0.000000e+00,0.000000e+00,0.000000e+00,0.000000e+00,0.000000e+00,0.000000e+00,0.000000e+00,0.000000e+00,0.000000e+00,0.000000e+00,0.000000e+00,0.000000e+00,0.000000e+00
1.000000e+00,0.000000e+00,0.000000e+00,0.000000e+00,0.000000e+00,0.000000e+00,0.000000e+00,0.000000e+00,0.000000e+00,0.000000e+00,0.000000e+00,0.000000e+00,0.000000e+00,0.000000e+00,0.000000e+00
1.000000e+00,0.000000e+00,0.000000e+00,0.000000e+00,0.000000e+00,0.000000e+00,0.000000e+00,0.000000e+00,0.000000e+00,0.000000e+00,0.000000e+00,0.000000e+00,0.000000e+00,0.000000e+00,0.000000e+00
1.000000e+00,0.000000e+00,0.000000e+00,0.000000e+00,0.000000e+00,0.000000e+00,0.000000e+00,0.000000e+00,0.000000e+00,0.000000e+00,0.000000e+00,0.000000e+00,0.000000e+00,0.000000e+00,0.000000e+00
1.000000e+00,0.000000e+00,0.000000e+00,0.000000e+00,0.000000e+00,0.000000e+00,0.000000e+00,0.000000e+00,0.000000e+00,0.000000e+00,0.000000e+00,0.000000e+00,0.000000e+00,0.000000e+00,0.000000e+00
1.000000e+00,0.000000e+00,0.000000e+00,0.000000e+00,0.000000e+00,0.000000e+00,0.000000e+00,0.000000e+00,0.000000e+00,0.000000e+00,0.000000e+00,0.000000e+00,0.000000e+00,0.000000e+00,0.000000e+00
1.000000e+00,0.000000e+00,0.000000e+00,0.000000e+00,0.000000e+00,0.000000e+00,0.000000e+00,0.000000e+00,0.000000e+00,0.000000e+00,0.000000e+00,0.000000e+00,0.000000e+00,0.000000e+00,0.000000e+00
1.000000e+00,0.000000e+00,0.000000e+00,0.000000e+00,0.000000e+00,0.000000e+00,0.000000e+00,0.000000e+00,0.000000e+00,0.000000e+00,0.000000e+00,0.000000e+00,0.000000e+00,0.000000e+00,0.000000e+00
1.000000e+00,0.000000e+00,0.000000e+00,0.000000e+00,0.000000e+00,0.000000e+00,0.000000e+00,0.000000e+00,0.000000e+00,0.000000e+00,0.000000e+00,0.000000e+00,0.000000e+00,0.000000e+00,0.000000e+00
1.000000e+00,0.000000e+00,0.000000e+00,0.000000e+00,0.000000e+00,0.000000e+00,0.000000e+00,0.000000e+00,0.000000e+00,0.000000e+00,0.000000e+00,0.000000e+00,0.000000e+00,0.000000e+00,0.000000e+00
1.000000e+00,0.000000e+00,0.000000e+00,0.000000e+00,0.000000e+00,0.000000e+00,0.000000e+00,0.000000e+00,0.000000e+00,0.000000e+00,0.000000e+00,0.000000e+00,0.000000e+00,0.000000e+00,0.000000e+00
1.000000e+00,0.000000e+00,0.000000e+00,0.000000e+00,0.000000e+00,0.000000e+00,0.000000e+00,0.000000e+00,0.000000e+00,0.000000e+00,0.000000e+00,0.000000e+00,0.000000e+00,0.000000e+00,0.000000e+00
1.000000e+00,0.000000e+00,0.000000e+00,0.000000e+00,0.000000e+00,0.000000e+00,0.000000e+00,0.000000e+00,0.000000e+00,0.000000e+00,0.000000e+00,0.000000e+00,0.000000e+00,0.000000e+00,0.000000e+00
1.000000e+00,0.000000e+00,0.000000e+00,0.000000e+00,0.000000e+00,0.000000e+00,0.000000e+00,0.000000e+00,0.000000e+00,0.000000e+00,0.000000e+00,0.000000e+00,0.000000e+00,0.000000e+00,0.000000e+00
4.541374e-01,6.246926e-02,9.848505e-03,1.458475e-01,2.357014e-01,1.710152e-02,1.687264e-02,6.530386e-03,3.439807e-03,1.586358e-03,7.204058e-03,1.313382e-02,1.420427e-02,1.540320e-03,1.038269e-02
3.251153e-01,4.402454e-02,7.075939e-03,1.026171e-01,4.359592e-01,1.313060e-02,1.433739e-02,4.745930e-03,2.442324e-03,1.412644e-03,1.526847e-02,9.504695e-03,1.262731e-02,1.248362e-03,1.049013e-02
2.281474e-01,3.111723e-02,5.265763e-03,7.939216e-02,3.579517e-01,1.054701e-02,2.195249e-02,3.698816e-03,2.457419e-03,4.273966e-02,1.387823e-01,3.311684e-02,2.222399e-02,5.159789e-03,1.744739e-02
1.597760e-01,2.192887e-02,3.730487e-03,6.734774e-02,2.589755e-01,7.802126e-03,2.399879e-02,2.628831e-03,2.698462e-03,4.026894e-02,3.092107e-01,3.565454e-02,4.216462e-02,4.000730e-03,1.981369e-02
1.118875e-01,1.551683e-02,2.646550e-03,5.751448e-02,1.868017e-01,5.822124e-03,1.842564e-02,1.859402e-03,3.635086e-03,3.316266e-02,3.766118e-01,3.782601e-02,1.167562e-01,7.479106e-03,2.405499e-02
7.854515e-02,1.288881e-02,1.976331e-03,7.350956e-02,1.406303e-01,2.202967e-02,1.611901e-02,1.474107e-03,8.030313e-03,2.808693e-02,3.158502e-01,4.358118e-02,1.281794e-01,2.823488e-02,1.008642e-01
5.514127e-02,9.290859e-03,1.499387e-03,7.355461e-02,1.029961e-01,1.773372e-02,1.141068e-02,1.172536e-03,1.197183e-02,2.170083e-02,3.598221e-01,4.257843e-02,1.328566e-01,2.832089e-02,1.299501e-01
3.912491e-02,8.379239e-03,1.733242e-03,1.069142e-01,7.736928e-02,1.886198e-02,8.237859e-03,9.854551e-04,4.273111e-02,3.819869e-02,2.970418e-01,4.089557e-02,1.377798e-01,3.091579e-02,1.508311e-01
2.862209e-02,6.079456e-03,1.892606e-03,8.807948e-02,6.198360e-02,1.681980e-02,5.916274e-03,1.172791e-03,3.736554e-02,5.121703e-02,2.554339e-01,3.424929e-02,1.052272e-01,3.265306e-02,2.732879e-01
2.081257e-02,4.591169e-03,1.928351e-03,7.417618e-02,5.296425e-02,1.475088e-02,4.333842e-03,1.220908e-03,2.835261e-02,4.441446e-02,2.242367e-01,2.993028e-02,8.624820e-02,2.514388e-02,3.868957e-01
1.535221e-02,3.503662e-03,3.098854e-03,7.647559e-02,5.810295e-02,1.388553e-02,3.402106e-03,1.462491e-03,2.193382e-02,3.923526e-02,2.257992e-01,2.883226e-02,7.722788e-02,1.973986e-02,4.119483e-01
1.104642e-02,2.505475e-03,2.518415e-03,5.936410e-02,6.619517e-02,1.060926e-02,2.499786e-03,1.211404e-03,1.650897e-02,3.348807e-02,2.135290e-01,2.363481e-02,6.401628e-02,1.469234e-02,4.781805e-01
7.949272e-03,1.802429e-03,2.130979e-03,4.408677e-02,6.803608e-02,8.180060e-03,1.796953e-03,1.086711e-03,1.228124e-02,3.262268e-02,2.300489e-01,2.276928e-02,6.045222e-02,1.097001e-02,4.957864e-01
6.201408e-03,1.308414e-03,1.791646e-03,3.170984e-02,1.052729e-01,6.258988e-03,1.351131e-03,1.793625e-03,9.922387e-03,2.683826e-02,2.202394e-01,2.228523e-02,5.110678e-02,8.205505e-03,5.057144e-01
4.929299e-03,9.583465e-04,1.395459e-03,2.341737e-02,2.078356e-01,4.650530e-03,9.947363e-04,2.307258e-03,7.983850e-03,2.081877e-02,1.775283e-01,1.737133e-02,3.973421e-02,5.960357e-03,4.841146e-01
4.457217e-03,7.386402e-04,1.189300e-03,1.777466e-02,2.466885e-01,4.509590e-03,7.968042e-04,6.179265e-03,7.301000e-03,1.967799e-02,1.580282e-01,2.087270e-02,4.596242e-02,4.694147e-03,4.611295e-01
5.218035e-03,8.118047e-04,1.586449e-03,1.441664e-02,2.115980e-01,5.400776e-03,8.982504e-04,8.989807e-03,9.425051e-03,2.534864e-02,1.755887e-01,4.752877e-02,1.260446e-01,5.123323e-03,3.620212e-01
5.648835e-03,7.310355e-04,2.079114e-03,1.195674e-02,2.122502e-01,6.612600e-03,9.488397e-04,1.475386e-02,1.492886e-02,3.106547e-02,1.626363e-01,8.788835e-02,1.650721e-01,6.446001e-03,2.769816e-01
5.326764e-03,8.870065e-04,3.489591e-03,1.055465e-02,1.541101e-01,6.784929e-03,1.020374e-03,1.170131e-02,1.492616e-02,3.711231e-02,1.751263e-01,1.556805e-01,2.172536e-01,6.102742e-03,1.999235e-01
4.746696e-03,9.276140e-04,3.920282e-03,8.348525e-03,1.159474e-01,5.730518e-03,1.007214e-03,9.329046e-03,1.614243e-02,4.360757e-02,1.698879e-01,2.180889e-01,2.514983e-01,5.271730e-03,1.455459e-01
4.595771e-03,1.134715e-03,4.640067e-03,6.296966e-03,8.674678e-02,5.899697e-03,9.073368e-04,1.079903e-02,1.713182e-02,3.630253e-02,1.342418e-01,3.604769e-01,2.234965e-01,5.297344e-03,1.020327e-01
4.557992e-03,2.520426e-03,4.974510e-03,5.055447e-03,6.426962e-02,6.032066e-03,7.198668e-04,8.747696e-03,2.047443e-02,3.817037e-02,1.142987e-01,4.661801e-01,1.878280e-01,4.631295e-03,7.153929e-02
6.190860e-03,4.482151e-03,5.658871e-03,3.785822e-03,4.707711e-02,6.094733e-03,5.623500e-04,7.768700e-03,1.945446e-02,4.085401e-02,1.113370e-01,5.468837e-01,1.449427e-01,4.660157e-03,5.024726e-02
5.169137e-03,4.926386e-03,4.563457e-03,2.796264e-03,3.334197e-02,5.003534e-03,4.047321e-04,5.764344e-03,1.721074e-02,3.441082e-02,9.984220e-02,6.437769e-01,1.038606e-01,3.584821e-03,3.534405e-02
4.581707e-03,4.530976e-03,3.906718e-03,2.068762e-03,2.358026e-02,3.707560e-03,2.877652e-04,4.235300e-03,1.439460e-02,3.253939e-02,9.186351e-02,7.114328e-01,7.499795e-02,2.985398e-03,2.488721e-02
6.065214e-03,5.449686e-03,3.023113e-03,1.624935e-03,1.678244e-02,2.818933e-03,2.088485e-04,3.442242e-03,2.354428e-02,3.669691e-02,7.816675e-02,7.466030e-01,5.497193e-02,3.020000e-03,1.758169e-02
1.240997e-02,4.913842e-03,2.351566e-03,1.374765e-03,1.188418e-02,2.356709e-03,1.565995e-04,2.804352e-03,2.149108e-02,3.508823e-02,6.816522e-02,7.812938e-01,3.968726e-02,3.486939e-03,1.253550e-02
1.120698e-02,1.149908e-02,2.532604e-03,1.342832e-03,9.010704e-03,2.346271e-03,1.347714e-04,3.459860e-03,3.142214e-02,2.650500e-02,1.266159e-01,7.325197e-01,2.823196e-02,4.034647e-03,9.137477e-03
9.319536e-03,1.661872e-02,3.239037e-03,1.159799e-03,8.304844e-03,2.867066e-03,1.258204e-04,2.956653e-03,6.631967e-02,2.159265e-02,1.845959e-01,6.507176e-01,2.012516e-02,5.113960e-03,6.943630e-03
7.969250e-03,2.948084e-02,4.093594e-03,1.035970e-03,8.044507e-03,2.767686e-03,1.206072e-04,2.818148e-03,7.938310e-02,1.835023e-02,2.565399e-01,5.639246e-01,1.462556e-02,5.214609e-03,5.631336e-03
1.141112e-02,2.471727e-02,4.223315e-03,1.140431e-03,7.763897e-03,2.868715e-03,1.110525e-04,3.776798e-03,8.109506e-02,1.606104e-02,3.801510e-01,4.388808e-01,1.089455e-02,1.230606e-02,4.598853e-03
1.032885e-02,2.131472e-02,3.637397e-03,1.155406e-03,6.880254e-03,2.566548e-03,1.256578e-04,3.936379e-03,1.080286e-01,2.005402e-02,4.459088e-01,3.470693e-01,7.985489e-03,1.747830e-02,3.530333e-03
1.721180e-02,1.644003e-02,2.133687e-02,6.733255e-03,5.159032e-02,6.695718e-03,7.839797e-04,1.615237e-02,1.292529e-01,3.277830e-02,4.171226e-01,2.589405e-01,6.142437e-03,1.607126e-02,2.747576e-03
1.419007e-02,1.246910e-02,1.634557e-02,6.660862e-03,2.244779e-01,1.033019e-02,1.435495e-03,2.961582e-02,1.577127e-01,2.421442e-02,3.011590e-01,1.834284e-01,4.431377e-03,1.153679e-02,1.992339e-03
1.880410e-02,9.732649e-03,1.205187e-02,5.730163e-03,3.546741e-01,1.678091e-02,1.396273e-03,3.351925e-02,1.638569e-01,1.846698e-02,2.194961e-01,1.316814e-01,3.421010e-03,8.601676e-03,1.786628e-03
2.065514e-02,8.242906e-03,9.123190e-03,8.005459e-03,4.077458e-01,1.335534e-02,1.114031e-03,3.831101e-02,2.209792e-01,1.322591e-02,1.551125e-01,9.323258e-02,2.674714e-03,6.414431e-03,1.807693e-03
2.458830e-02,7.367820e-03,7.184726e-03,8.901024e-03,3.664080e-01,2.341970e-02,1.293099e-03,2.881490e-02,3.375417e-01,9.545290e-03,1.096774e-01,6.589895e-02,2.097866e-03,4.929929e-03,2.331304e-03
2.757087e-02,6.044989e-03,6.067753e-03,1.168086e-01,3.609760e-01,1.934551e-02,1.002240e-03,5.323058e-02,2.706896e-01,6.858689e-03,7.740333e-02,4.668045e-02,1.790245e-03,3.565031e-03,1.966116e-03
4.578700e-02,5.921484e-03,6.682646e-03,1.027384e-01,3.173790e-01,3.584093e-02,9.238878e-04,4.826496e-02,3.259085e-01,6.359779e-03,5.665458e-02,3.375678e-02,1.624636e-03,3.057264e-03,9.100193e-03
5.505414e-02,4.886750e-03,1.306115e-02,1.582772e-01,3.033106e-01,4.468179e-02,1.101826e-03,7.307839e-02,2.648702e-01,4.618790e-03,4.128524e-02,2.495687e-02,1.573095e-03,2.424991e-03,6.818931e-03
8.230999e-02,4.049429e-03,2.234364e-02,2.820447e-01,2.414322e-01,4.394639e-02,1.169134e-03,6.286497e-02,1.981679e-01,3.488187e-03,3.049955e-02,1.875833e-02,1.481541e-03,2.094385e-03,5.349583e-03
9.365306e-02,4.115480e-03,2.831785e-02,3.486147e-01,1.778385e-01,5.704281e-02,1.263976e-03,4.745306e-02,1.879707e-01,3.358722e-03,2.409802e-02,1.443232e-02,2.406023e-03,1.664740e-03,7.770013e-03
8.282413e-02,4.614937e-03,2.259087e-02,4.101900e-01,1.296860e-01,4.262936e-02,1.021240e-03,3.720745e-02,1.914911e-01,4.856039e-03,3.658807e-02,1.309326e-02,9.376491e-03,3.135654e-03,1.069540e-02
1.076672e-01,5.130686e-03,3.040377e-02,4.207027e-01,1.107374e-01,3.932717e-02,1.724676e-03,3.270153e-02,1.573707e-01,5.245268e-03,4.437815e-02,1.413741e-02,1.302489e-02,4.623577e-03,1.282486e-02
1.089108e-01,6.826908e-03,3.109963e-02,3.600051e-01,8.427019e-02,3.426567e-02,1.483791e-03,2.466515e-02,1.796906e-01,7.449599e-03,1.019574e-01,1.316225e-02,1.863937e-02,1.135900e-02,1.621461e-02
1.239413e-01,9.623723e-03,3.113356e-02,2.895027e-01,8.248219e-02,2.700095e-02,1.829732e-03,2.281029e-02,1.940371e-01,8.385120e-03,1.339970e-01,1.599157e-02,2.610641e-02,1.257648e-02,2.058183e-02
1.251042e-01,1.621968e-02,2.643172e-02,2.242664e-01,6.301419e-02,2.175860e-02,1.671521e-03,1.995455e-02,2.138594e-01,1.875440e-02,1.673935e-01,1.770791e-02,3.517926e-02,2.318532e-02,2.549938e-02
1.517365e-01,1.457940e-02,1.952432e-02,1.622474e-01,4.714353e-02,1.860200e-02,1.565679e-03,1.729535e-02,1.698271e-01,3.715048e-02,2.503116e-01,2.737622e-02,3.880488e-02,2.284168e-02,2.099392e-02
1.829300e-01,1.556739e-02,2.218636e-02,1.191624e-01,3.631302e-02,1.570626e-02,2.215479e-03,5.097414e-02,1.459054e-01,4.193967e-02,2.478988e-01,4.135773e-02,3.486295e-02,2.660756e-02,1.637282e-02
2.327001e-01,1.953647e-02,2.664041e-02,9.238353e-02,3.033297e-02,1.648989e-02,3.115865e-03,7.867067e-02,1.193699e-01,3.665515e-02,2.248183e-01,4.236082e-02,3.169481e-02,3.066660e-02,1.456456e-02
2.309894e-01,3.814390e-02,3.520285e-02,7.660788e-02,4.115702e-02,3.188335e-02,3.993882e-03,7.606642e-02,1.458102e-01,4.192289e-02,1.720453e-01,3.522318e-02,2.806281e-02,2.901666e-02,1.387430e-02
2.744536e-01,5.128465e-02,3.513179e-02,7.151565e-02,4.027177e-02,3.315998e-02,6.037916e-03,7.791244e-02,1.435172e-01,3.921109e-02,1.298913e-01,3.371917e-02,2.525556e-02,2.349815e-02,1.513977e-02
2.624878e-01,4.773751e-02,2.961333e-02,6.303649e-02,6.434270e-02,3.536833e-02,6.744653e-03,1.012163e-01,1.584127e-01,4.508897e-02,9.959725e-02,3.039727e-02,2.435332e-02,1.800209e-02,1.360132e-02
2.600648e-01,4.215650e-02,2.405658e-02,7.061313e-02,6.048307e-02,3.359425e-02,8.087993e-03,1.147710e-01,1.982576e-01,3.718195e-02,7.389332e-02,2.595853e-02,2.063338e-02,1.334713e-02,1.690074e-02
2.373471e-01,3.905441e-02,1.744012e-02,5.885405e-02,5.805189e-02,4.350723e-02,7.885613e-03,1.692417e-01,2.191030e-01,3.441239e-02,5.385056e-02,1.983973e-02,1.742152e-02,9.626391e-03,1.436425e-02
2.735561e-01,3.417355e-02,1.262427e-02,4.736721e-02,6.304921e-02,4.707025e-02,7.366598e-03,1.854653e-01,1.975694e-01,3.991421e-02,3.961131e-02,1.752594e-02,1.517096e-02,7.407839e-03,1.212785e-02
2.921038e-01,3.403689e-02,9.822000e-03,4.076095e-02,5.650021e-02,4.991301e-02,7.233267e-03,2.185293e-01,1.707741e-01,3.889233e-02,2.945423e-02,1.803035e-02,1.553734e-02,6.089296e-03,1.232289e-02
2.977776e-01,3.665710e-02,7.444534e-03,3.189767e-02,5.293991e-02,5.762783e-02,5.724523e-03,2.337784e-01,1.742795e-01,3.181392e-02,2.181349e-02,1.497376e-02,1.464865e-02,5.130309e-03,1.349274e-02
2.268855e-01,2.749361e-02,5.883120e-03,2.363030e-02,3.928246e-02,6.941768e-02,4.410325e-03,3.652788e-01,1.622014e-01,2.326312e-02,1.569793e-02,1.091395e-02,1.081681e-02,3.698210e-03,1.112681e-02
1.908196e-01,2.397394e-02,5.192195e-03,1.791486e-02,3.064133e-02,7.484806e-02,3.685391e-03,4.045628e-01,1.885662e-01,1.774394e-02,1.149241e-02,8.357924e-03,8.559157e-03,2.759378e-03,1.088275e-02
1.833481e-01,2.090156e-02,5.338646e-03,1.388189e-02,2.474237e-02,5.740950e-02,3.090450e-03,3.803642e-01,2.598281e-01,1.487819e-02,9.189689e-03,7.131341e-03,6.647664e-03,2.155290e-03,1.109294e-02
1.778849e-01,1.671908e-02,6.066162e-03,1.089386e-02,1.918159e-02,4.252325e-02,2.714087e-03,4.471543e-01,2.315163e-01,1.291386e-02,7.692512e-03,7.237285e-03,5.407148e-03,1.812029e-03,1.028365e-02
2.354845e-01,1.360939e-02,5.675487e-03,8.129145e-03,1.465433e-02,3.086166e-02,2.584337e-03,4.607654e-01,1.903995e-01,1.060081e-02,6.284448e-03,6.184900e-03,4.123081e-03,1.519254e-03,9.123827e-03
3.166793e-01,1.029367e-02,5.776419e-03,6.384175e-03,1.051891e-02,3.185209e-02,4.835821e-03,4.430887e-01,1.372245e-01,7.646077e-03,5.352061e-03,6.863389e-03,4.892446e-03,1.286494e-03,7.305992e-03
3.369985e-01,7.590319e-03,5.278359e-03,5.253764e-03,8.087552e-03,2.909986e-02,5.029553e-03,4.742279e-01,9.819532e-02,5.722103e-03,4.547182e-03,7.926369e-03,5.519971e-03,1.004236e-03,5.519010e-03
3.420819e-01,5.803985e-03,4.792256e-03,4.217275e-03,6.646661e-03,3.881971e-02,4.685231e-03,4.936897e-01,6.984305e-02,4.170707e-03,4.443462e-03,8.664419e-03,6.856881e-03,7.814778e-04,4.503268e-03
2.907888e-01,4.745486e-03,5.361434e-03,6.133719e-03,6.755956e-03,4.073503e-02,4.001896e-03,4.166099e-01,5.031903e-02,8.321258e-03,5.654501e-02,1.649886e-02,7.842591e-02,2.125384e-03,1.263236e-02
2.120875e-01,3.766360e-03,4.790420e-03,9.230281e-03,6.339073e-03,3.482388e-02,3.178570e-03,3.187435e-01,3.657480e-02,2.784174e-02,9.394687e-02,4.551753e-02,1.569948e-01,1.389899e-02,3.226575e-02
1.526469e-01,6.643889e-03,4.283424e-03,4.209872e-02,1.207327e-02,2.566084e-02,4.666097e-03,2.360851e-01,5.122017e-02,2.088916e-02,9.899662e-02,1.246001e-01,1.365220e-01,5.109203e-02,3.252176e-02
1.091894e-01,5.512539e-03,3.597520e-03,5.020764e-02,9.851571e-03,1.941050e-02,3.590993e-03,1.664174e-01,4.341990e-02,1.964119e-02,1.349784e-01,9.961448e-02,1.162052e-01,1.926551e-01,2.570814e-02
7.660885e-02,3.972359e-03,2.536740e-03,3.554416e-02,7.393534e-03,1.412380e-02,2.617785e-03,1.167955e-01,4.034992e-02,1.422909e-02,1.007225e-01,1.359738e-01,1.612007e-01,2.680263e-01,1.990492e-02
5.371685e-02,2.888122e-03,1.795504e-03,2.516189e-02,5.399022e-03,1.027604e-02,1.865227e-03,8.182151e-02,4.339191e-02,1.058723e-02,7.365016e-02,1.243584e-01,1.294541e-01,4.203615e-01,1.527240e-02
3.822018e-02,4.018285e-03,1.355903e-03,1.818159e-02,4.027927e-03,1.509597e-02,1.474976e-03,5.749317e-02,9.745965e-02,8.534256e-03,5.787414e-02,9.763039e-02,9.944860e-02,4.769985e-01,2.218646e-02
2.906100e-02,5.230130e-03,1.009542e-03,1.317923e-02,2.905359e-03,1.572977e-02,1.083390e-03,4.030730e-02,1.073683e-01,6.732717e-03,4.414835e-02,7.048919e-02,7.160739e-02,5.736113e-01,1.753695e-02
2.179356e-02,9.206310e-03,8.580065e-04,9.806649e-03,2.088513e-03,1.498671e-02,7.834241e-04,2.824089e-02,1.017178e-01,5.257627e-03,3.755438e-02,5.172993e-02,5.081314e-02,6.513932e-01,1.376982e-02
1.559731e-02,2.722467e-02,1.012079e-03,7.343053e-03,1.531314e-03,1.431614e-02,5.744185e-04,1.983230e-02,1.003300e-01,3.980245e-03,2.969933e-02,3.666281e-02,3.585853e-02,6.938155e-01,1.222224e-02
1.106361e-02,2.705444e-02,8.451625e-04,5.231912e-03,1.090131e-03,1.143652e-02,4.071766e-04,1.389111e-02,8.749126e-02,2.958688e-03,2.274482e-02,2.600380e-02,2.518633e-02,7.554466e-01,9.148369e-03
8.226020e-03,1.285219e-01,1.667398e-03,3.830681e-03,8.823887e-04,1.448139e-02,2.998194e-04,9.813281e-03,1.282277e-01,2.418009e-03,1.811800e-02,1.832523e-02,1.822271e-02,6.390821e-01,7.883308e-03
6.068638e-03,1.319685e-01,2.563168e-03,2.985643e-03,8.004541e-04,1.909980e-02,2.280728e-04,7.115025e-03,2.670603e-01,2.373256e-03,1.300596e-02,1.285000e-02,1.291985e-02,5.149540e-01,6.007315e-03
4.500044e-03,1.566128e-01,2.622276e-03,2.389143e-03,6.551655e-04,1.629875e-02,1.651264e-04,5.050819e-03,3.370772e-01,5.707723e-03,9.879971e-03,9.045802e-03,9.201552e-03,4.345957e-01,6.197907e-03
4.365820e-03,1.545542e-01,4.312981e-03,2.815396e-03,9.138656e-04,1.931965e-02,1.440590e-04,3.910242e-03,3.943265e-01,5.928601e-03,8.125710e-03,6.394654e-03,6.736272e-03,3.781201e-01,1.003190e-02
3.823451e-03,1.424082e-01,3.672506e-03,2.637293e-03,1.089502e-03,2.210911e-02,1.160622e-04,2.805911e-03,4.596985e-01,7.305210e-03,6.324044e-03,4.517949e-03,5.047886e-03,3.245995e-01,1.384484e-02
5.607803e-03,1.209394e-01,8.279393e-03,2.622812e-02,5.587300e-03,1.905244e-02,2.102603e-04,3.776460e-03,5.036443e-01,6.419938e-03,5.628654e-03,3.215882e-03,3.919470e-03,2.736952e-01,1.379530e-02
5.764754e-03,1.045834e-01,7.781344e-03,2.993003e-02,4.439329e-03,1.411492e-02,1.783116e-04,3.178941e-03,5.411698e-01,7.927896e-03,6.143813e-03,2.375361e-03,3.415833e-03,2.500973e-01,1.889889e-02
7.643067e-03,8.452897e-02,7.599466e-03,3.103981e-02,4.003381e-03,1.141520e-02,2.002678e-04,3.393341e-03,5.360066e-01,1.001308e-02,8.116495e-03,2.098860e-03,3.689701e-03,2.656186e-01,2.463323e-02
1.458557e-02,7.040280e-02,6.777555e-03,2.716810e-02,3.892782e-03,1.019498e-02,2.204988e-04,2.938005e-03,5.170258e-01,9.891242e-03,1.584252e-02,5.286949e-03,5.147197e-03,2.779385e-01,3.268742e-02
2.106964e-02,6.009978e-02,6.593966e-03,2.473802e-02,7.002344e-03,9.566566e-03,3.287551e-04,3.520909e-03,5.453709e-01,9.452502e-03,2.093517e-02,8.820752e-03,6.007218e-03,2.384907e-01,3.800271e-02
2.931672e-02,5.774331e-02,9.661545e-03,3.041105e-02,1.139489e-02,1.219473e-02,4.582115e-04,2.460415e-02,4.912401e-01,1.014200e-02,3.952552e-02,9.288691e-03,8.087972e-03,2.192408e-01,4.669029e-02
3.375186e-02,6.063209e-02,1.453877e-02,2.483666e-02,1.715015e-02,2.628621e-02,9.137163e-04,5.493382e-02,4.696254e-01,1.067860e-02,3.286690e-02,7.648692e-03,7.220980e-03,1.965002e-01,4.241586e-02
3.442295e-02,5.140211e-02,3.075060e-02,2.001395e-02,1.629388e-02,2.261305e-02,2.247054e-03,1.940559e-01,3.850316e-01,9.330354e-03,2.636360e-02,5.704992e-03,5.996069e-03,1.629127e-01,3.286119e-02
3.892807e-02,6.171084e-02,3.247525e-02,1.519463e-02,2.744082e-02,2.383266e-02,3.135407e-03,1.784316e-01,4.211831e-01,1.202352e-02,2.063419e-02,4.198280e-03,4.728877e-03,1.306331e-01,2.544972e-02
4.205314e-02,7.433541e-02,3.115317e-02,1.136088e-02,3.678935e-02,2.550914e-02,7.115957e-03,1.632502e-01,4.405597e-01,1.266206e-02,1.840685e-02,3.608565e-03,4.731307e-03,1.071043e-01,2.135998e-02
5.108713e-02,1.711925e-01,3.549731e-02,1.166605e-02,4.468171e-02,2.262869e-02,1.481873e-02,1.429119e-01,3.644528e-01,1.406271e-02,1.469839e-02,3.313606e-03,5.029486e-03,8.405699e-02,1.990207e-02
5.538716e-02,1.825648e-01,3.482284e-02,1.153156e-02,3.763361e-02,1.734229e-02,2.903906e-02,1.572193e-01,3.407928e-01,3.500759e-02,1.101770e-02,3.221349e-03,5.370239e-03,6.035305e-02,1.869682e-02
7.302273e-02,1.576522e-01,4.157002e-02,2.061676e-02,3.735676e-02,1.584030e-02,4.494160e-02,1.618316e-01,2.984883e-01,5.965892e-02,9.488882e-03,4.017287e-03,7.209746e-03,4.275332e-02,2.555166e-02
7.956760e-02,1.327771e-01,3.838566e-02,2.645338e-02,3.897084e-02,1.316572e-02,4.722050e-02,1.486969e-01,3.209571e-01,7.647449e-02,1.001391e-02,4.964000e-03,5.828463e-03,3.061156e-02,2.591281e-02
9.043618e-02,1.243321e-01,3.775006e-02,3.722947e-02,3.549703e-02,1.122898e-02,3.759586e-02,1.099273e-01,2.542731e-01,1.316958e-01,1.616799e-02,7.531817e-03,5.540770e-03,2.250285e-02,7.829058e-02
1.388429e-01,8.810752e-02,3.093022e-02,2.812910e-02,3.250792e-02,8.673931e-03,2.778609e-02,7.906792e-02,2.852215e-01,1.265662e-01,3.262578e-02,7.591539e-03,5.029438e-03,3.751194e-02,7.140806e-02
1.128644e-01,6.266554e-02,3.731914e-02,2.044391e-02,3.711905e-02,6.683530e-03,2.018559e-02,5.598721e-02,2.660408e-01,9.696338e-02,4.055428e-02,6.093440e-03,4.473103e-03,1.759409e-01,5.666585e-02
1.061811e-01,4.497952e-02,3.277696e-02,1.564685e-02,3.506991e-02,6.049663e-03,1.478869e-02,4.065854e-02,2.334048e-01,7.504639e-02,5.607016e-02,5.940403e-03,4.810779e-03,2.824713e-01,4.610499e-02
1.442421e-01,3.241418e-02,2.372591e-02,1.143990e-02,2.637510e-02,7.807310e-03,1.060114e-02,3.008061e-02,1.922508e-01,6.199406e-02,6.697486e-02,5.165701e-03,5.038679e-03,3.384835e-01,4.340611e-02
1.319935e-01,2.413470e-02,1.730038e-02,9.239987e-03,1.937717e-02,1.295225e-02,7.641937e-03,2.207959e-02,1.770836e-01,5.375187e-02,5.849778e-02,4.594994e-03,4.565304e-03,4.196818e-01,3.710505e-02
1.587529e-01,1.903981e-02,1.723886e-02,8.075029e-03,1.464862e-02,2.744556e-02,6.192301e-03,1.616401e-02,1.699905e-01,4.467461e-02,5.452563e-02,4.614516e-03,4.627442e-03,4.165314e-01,3.747872e-02
1.583706e-01,1.576885e-02,1.369561e-02,6.147070e-03,1.086852e-02,2.184302e-02,4.539078e-03,1.148045e-02,1.566039e-01,3.638120e-02,5.390579e-02,4.267744e-03,3.802885e-03,4.528263e-01,4.949902e-02
2.992355e-01,1.426201e-02,2.345376e-02,5.077443e-03,8.719412e-03,1.975197e-02,4.083938e-03,8.523660e-03,1.216189e-01,3.028713e-02,5.094073e-02,4.482680e-03,4.352076e-03,3.608145e-01,4.439621e-02
2.936113e-01,1.344196e-02,2.060858e-02,3.764360e-03,8.545154e-03,1.597471e-02,3.146474e-03,6.180481e-03,1.162803e-01,2.536290e-02,4.123361e-02,3.298660e-03,3.748314e-03,3.876934e-01,5.710983e-02
2.600945e-01,1.134063e-02,1.766384e-02,2.904704e-03,7.644060e-03,1.566695e-02,2.548311e-03,4.666332e-03,1.083017e-01,2.570138e-02,3.371182e-02,2.581369e-03,3.562639e-03,3.950579e-01,1.085537e-01
2.009519e-01,1.201243e-02,1.614021e-02,2.308974e-03,7.799916e-03,1.411417e-02,1.840675e-03,3.887062e-03,9.551661e-02,2.287436e-02,2.471486e-02,1.871628e-03,2.999851e-03,3.790392e-01,2.139282e-01
1.515720e-01,1.075177e-02,1.449941e-02,2.373005e-03,9.077932e-03,1.088188e-02,1.344097e-03,4.151336e-03,9.609243e-02,1.996285e-02,1.796688e-02,1.419936e-03,2.792646e-03,3.039558e-01,3.531580e-01
1.202333e-01,8.107697e-03,1.346068e-02,1.768656e-03,7.330457e-03,8.889452e-03,9.809455e-04,3.423292e-03,8.137372e-02,1.969987e-02,1.323784e-02,1.051901e-03,2.382719e-03,2.396110e-01,4.784484e-01
1.071579e-01,1.513462e-02,3.552686e-02,1.093567e-02,4.320750e-02,8.567816e-03,8.466991e-04,2.109212e-02,1.072716e-01,2.011967e-02,1.078606e-02,8.263735e-04,1.985112e-03,2.124389e-01,4.041031e-01
1.049086e-01,1.349666e-02,2.795466e-02,9.195648e-03,4.630878e-02,7.594240e-03,7.193139e-04,2.182655e-02,1.413533e-01,2.273877e-02,8.359177e-03,6.310415e-04,1.756512e-03,2.508961e-01,3.422606e-01
9.346870e-02,8.932717e-02,2.641929e-02,4.428493e-02,6.169655e-02,6.796900e-03,7.130264e-04,2.277743e-02,1.187675e-01,2.142725e-02,6.804467e-03,6.009009e-04,1.812297e-03,1.842940e-01,3.208096e-01
7.736212e-02,6.845700e-02,2.630958e-02,4.722284e-02,4.648476e-02,5.576536e-03,6.026289e-04,1.661236e-02,1.140253e-01,2.524362e-02,8.144527e-03,9.646304e-04,4.725669e-03,1.337495e-01,4.245190e-01
9.376143e-02,5.334756e-02,2.520695e-02,3.736807e-02,3.546911e-02,5.276456e-03,8.763316e-04,1.273698e-02,1.041074e-01,3.485532e-02,9.850267e-03,1.859127e-03,6.337682e-03,1.218890e-01,4.570584e-01
1.512114e-01,5.943073e-02,2.305150e-02,4.068346e-02,6.694635e-02,1.361760e-02,1.533784e-03,1.707964e-02,1.059973e-01,2.767596e-02,1.967192e-02,3.693815e-03,9.306845e-03,1.226700e-01,3.374296e-01
2.149166e-01,6.369156e-02,2.071491e-02,4.604007e-02,7.236738e-02,2.512011e-02,2.387072e-03,1.695905e-02,9.625429e-02,2.805300e-02,2.535819e-02,8.676857e-03,1.164632e-02,1.080536e-01,2.597610e-01
2.241603e-01,6.783292e-02,3.609396e-02,7.096265e-02,1.004682e-01,3.746299e-02,2.954388e-03,1.653167e-02,8.724904e-02,2.555557e-02,3.243503e-02,9.002319e-03,1.038087e-02,8.602330e-02,1.928868e-01
3.434092e-01,5.488713e-02,2.987236e-02,5.960785e-02,8.568203e-02,4.082296e-02,3.779969e-03,1.472601e-02,6.536431e-02,2.232200e-02,4.223268e-02,1.126155e-02,9.378104e-03,7.165094e-02,1.450029e-01
4.142332e-01,4.511048e-02,2.256375e-02,6.024860e-02,6.986135e-02,4.139401e-02,5.128320e-03,1.225489e-02,5.403097e-02,2.176368e-02,4.161407e-02,2.182637e-02,1.566667e-02,5.698088e-02,1.173228e-01
4.563675e-01,3.805724e-02,1.806802e-02,4.997156e-02,7.270499e-02,3.382180e-02,4.657104e-03,1.024936e-02,6.547178e-02,1.944236e-02,5.516073e-02,2.196261e-02,1.308780e-02,5.439044e-02,8.658675e-02
4.942254e-01,3.327120e-02,1.552184e-02,4.037194e-02,6.296086e-02,2.753874e-02,4.241314e-03,1.084750e-02,6.692600e-02,2.439418e-02,6.141948e-02,2.562639e-02,1.437264e-02,5.241720e-02,6.586530e-02
4.675538e-01,2.901420e-02,2.451509e-02,3.357788e-02,7.144189e-02,2.788442e-02,4.464926e-03,2.825833e-02,7.086062e-02,2.883598e-02,7.991266e-02,2.465753e-02,1.211112e-02,4.800463e-02,4.890693e-02
3.813615e-01,2.586874e-02,2.195819e-02,2.845814e-02,6.289435e-02,2.766425e-02,4.513631e-03,2.572891e-02,6.176001e-02,4.324100e-02,1.910330e-01,2.366298e-02,1.647924e-02,4.423428e-02,4.114175e-02
3.452134e-01,2.514764e-02,1.892208e-02,2.999327e-02,5.072457e-02,2.931866e-02,4.000967e-03,2.149165e-02,5.492784e-02,4.856776e-02,2.368588e-01,2.806836e-02,1.871993e-02,3.745732e-02,5.058770e-02
2.495293e-01,2.607701e-02,2.593407e-02,9.483648e-02,6.361110e-02,2.244721e-02,2.960781e-03,2.403779e-02,1.115255e-01,4.439302e-02,1.977751e-01,4.115269e-02,2.522765e-02,2.858834e-02,4.190393e-02
1.873445e-01,3.109592e-02,2.195053e-02,8.094418e-02,6.574761e-02,2.055795e-02,3.189366e-03,2.426074e-02,1.791783e-01,6.366383e-02,1.780125e-01,5.408109e-02,2.987759e-02,2.594587e-02,3.415002e-02
1.334206e-01,3.106777e-02,1.794973e-02,8.427210e-02,5.332101e-02,1.584617e-02,2.373772e-03,1.912335e-02,3.377966e-01,4.881697e-02,1.379034e-01,4.379995e-02,2.843424e-02,1.938524e-02,2.648912e-02
9.589584e-02,3.218237e-02,1.457111e-02,8.695900e-02,3.973831e-02,1.501807e-02,1.711047e-03,1.526242e-02,4.580078e-01,3.881054e-02,1.054596e-01,3.197528e-02,2.194914e-02,1.500100e-02,2.745850e-02
9.317136e-02,2.849400e-02,1.113498e-02,7.985822e-02,4.594316e-02,1.296703e-02,1.437002e-03,1.364932e-02,5.249356e-01,2.963690e-02,8.137666e-02,2.434992e-02,1.694080e-02,1.143311e-02,2.467200e-02
1.463005e-01,2.277701e-02,9.765428e-03,7.784595e-02,4.740759e-02,1.612704e-02,1.823159e-03,2.769123e-02,5.064750e-01,2.155061e-02,6.095838e-02,2.001152e-02,1.274971e-02,9.317083e-03,1.919987e-02
1.843033e-01,2.133102e-02,8.525508e-03,6.398724e-02,5.759449e-02,1.422306e-02,2.033882e-03,3.873692e-02,4.875455e-01,1.796777e-02,4.564577e-02,1.736367e-02,1.032851e-02,9.416137e-03,2.099725e-02
1.646349e-01,2.295382e-02,1.242210e-02,1.457595e-01,5.261616e-02,1.267041e-02,2.158189e-03,6.838703e-02,4.052329e-01,1.622247e-02,3.644134e-02,1.638248e-02,9.696619e-03,7.377402e-03,2.704470e-02
2.093079e-01,1.949856e-02,7.289103e-02,1.696736e-01,4.307827e-02,1.147296e-02,3.511361e-03,6.722806e-02,3.050844e-01,1.283446e-02,2.780551e-02,1.743003e-02,9.760939e-03,5.936464e-03,2.448645e-02
2.738787e-01,2.308247e-02,7.541650e-02,1.556621e-01,3.670038e-02,1.207870e-02,4.908578e-03,6.882647e-02,2.333794e-01,1.109015e-02,2.323618e-02,2.912476e-02,1.252646e-02,6.061292e-03,3.402798e-02
2.393155e-01,1.747620e-02,5.937281e-02,1.124630e-01,3.385692e-02,1.115480e-02,5.920126e-02,2.077425e-01,1.718847e-01,8.216452e-03,1.783809e-02,2.105155e-02,1.098077e-02,4.537463e-03,2.490794e-02
2.295400e-01,1.313162e-02,4.649903e-02,8.036508e-02,2.893865e-02,1.128285e-02,9.788588e-02,2.995211e-01,1.248657e-01,6.524032e-03,1.399574e-02,1.533133e-02,9.659868e-03,3.540348e-03,1.891881e-02
2.051711e-01,1.086967e-02,3.600228e-02,5.717144e-02,2.566111e-02,1.139351e-02,1.572675e-01,3.444121e-01,9.572425e-02,5.101549e-03,1.224346e-02,1.238202e-02,9.915710e-03,2.597635e-03,1.408673e-02
1.652480e-01,8.696675e-03,2.598250e-02,4.086031e-02,2.104097e-02,1.091840e-02,2.223687e-01,3.835503e-01,7.612310e-02,3.928248e-03,9.943226e-03,9.822899e-03,7.672907e-03,2.022574e-03,1.182113e-02
1.316552e-01,7.513446e-03,1.879548e-02,2.937106e-02,1.893565e-02,1.118147e-02,2.888283e-01,3.867383e-01,6.301053e-02,3.387898e-03,8.461205e-03,8.458864e-03,6.880758e-03,1.674549e-03,1.510746e-02
1.131475e-01,1.319199e-02,1.450810e-02,2.215950e-02,3.484834e-02,2.069737e-02,3.029791e-01,3.537092e-01,7.385699e-02,5.193629e-03,7.762937e-03,6.799985e-03,7.199170e-03,1.386476e-03,2.255969e-02
1.272822e-01,1.503094e-02,1.173419e-02,1.784090e-02,5.139122e-02,1.846538e-02,2.586440e-01,3.270436e-01,1.255193e-01,5.341948e-03,6.585877e-03,5.622003e-03,7.153434e-03,1.207769e-03,2.113733e-02
