1.000000e+00,0.000000e+00,0.000000e+00,0.000000e+00,0.000000e+00,0.000000e+00,0.000000e+00,0.000000e+00,0.000000e+00,0.000000e+00,0.000000e+00,0.000000e+00,0.000000e+00,0.000000e+00,0.000000e+00
1.000000e+00,0.000000e+00,0.000000e+00,0.000000e+00,0.000000e+00,0.000000e+00,0.000000e+00,0.000000e+00,0.000000e+00,0.000000e+00,0.000000e+00,0.000000e+00,0.000000e+00,0.000000e+00,0.000000e+00
1.000000e+00,0.000000e+00,0.000000e+00,0.000000e+00,0.000000e+00,0.000000e+00,0.000000e+00,0.000000e+00,0.000000e+00,0.000000e+00,0.000000e+00,0.000000e+00,0.000000e+00,0.000000e+00,0.000000e+00
1.000000e+00,0.000000e+00,0.000000e+00,0.000000e+00,0.000000e+00,0.000000e+00,0.000000e+00,0.000000e+00,0.000000e+00,0.000000e+00,0.000000e+00,0.000000e+00,0.000000e+00,0.000000e+00,0.000000e+00
1.000000e+00,0.000000e+00,0.000000e+00,0.000000e+00,0.000000e+00,0.000000e+00,0.000000e+00,0.000000e+00,0.000000e+00,0.000000e+00,0.000000e+00,0.000000e+00,0.000000e+00,0.000000e+00,0.000000e+00
1.000000e+00,0.000000e+00,0.000000e+00,0.000000e+00,0.000000e+00,0.000000e+00,0.000000e+00,0.000000e+00,0.000000e+00,0.000000e+00,0.000000e+00,0.000000e+00,0.000000e+00,0.000000e+00,0.000000e+00
1.000000e+00,0.000000e+00,0.000000e+00,0.000000e+00,0.000000e+00,0.000000e+00,0.000000e+00,0.000000e+00,0.000000e+00,0.000000e+00,0.000000e+00,0.000000e+00,0.000000e+00,0.000000e+00,0.000000e+00
1.000000e+00,0.000000e+00,0.000000e+00,0.000000e+00,0.000000e+00,0.000000e+00,0.000000e+00,0.000000e+00,0.000000e+00,0.000000e+00,0.000000e+00,0.000000e+00,0.000000e+00,0.000000e+00,0.000000e+00
1.000000e+00,0.000000e+00,0.000000e+00,0.000000e+00,0.000000e+00,0.000000e+00,0.000000e+00,0.000000e+00,0.000000e+00,0.000000e+00,0.000000e+00,0.000000e+00,0.000000e+00,0.000000e+00,0.000000e+00
1.000000e+00,0.000000e+00,0.000000e+00,0.000000e+00,0.000000e+00,0.000000e+00,0.000000e+00,0.000000e+00,0.000000e+00,0.000000e+00,0.000000e+00,0.000000e+00,0.000000e+00,0.000000e+00,0.000000e+00
1.000000e+00,0.000000e+00,0.000000e+00,0.000000e+00,0.000000e+00,0.000000e+00,0.000000e+00,0.000000e+00,0.000000e+00,0.000000e+00,0.000000e+00,0.000000e+00,0.000000e+00,0.000000e+00,0.000000e+00
1.000000e+00,0.000000e+00,0.000000e+00,0.000000e+00,0.000000e+00,0.000000e+00,0.000000e+00,0.000000e+00,0.000000e+00,0.000000e+00,0.000000e+00,0.000000e+00,0.000000e+00,0.000000e+00,0.000000e+00
1.000000e+00,0.000000e+00,0.000000e+00,0.000000e+00,0.000000e+00,0.000000e+00,0.000000e+00,0.000000e+00,0.000000e+00,0.000000e+00,0.000000e+00,0.000000e+00,0.000000e+00,0.000000e+00,0.000000e+00
1.000000e+00,0.000000e+00,0.000000e+00,0.000000e+00,0.000000e+00,0.000000e+00,0.000000e+00,0.000000e+00,0.000000e+00,0.000000e+00,0.000000e+00,0.000000e+00,0.000000e+00,0.000000e+00,0.000000e+00
1.000000e+00,0.000000e+00,0.000000e+00,0.000000e+00,0.000000e+00,0.000000e+00,0.000000e+00,0.000000e+00,0.000000e+00,0.000000e+00,0.000000e+00,0.000000e+00,0.000000e+00,0.000000e+00,0.000000e+00
1.000000e+00,0.000000e+00,0.000000e+00,0.000000e+00,0.000000e+00,0.000000e+00,0.000000e+00,0.000000e+00,0.000000e+00,0.000000e+00,0.000000e+00,0.000000e+00,0.000000e+00,0.000000e+00,0.000000e+00
1.000000e+00,0.000000e+00,0.000000e+00,0.000000e+00,0.000000e+00,0.000000e+00,0.000000e+00,0.000000e+00,0.000000e+00,0.000000e+00,0.000000e+00,0.000000e+00,0.000000e+00,0.000000e+00,0.000000e+00
1.000000e+00,0.000000e+00,0.000000e+00,0.000000e+00,0.000000e+00,0.000000e+00,0.000000e+00,0.000000e+00,0.000000e+00,0.000000e+00,0.000000e+00,0.000000e+00,0.000000e+00,0.000000e+00,0.000000e+00
1.000000e+00,0.000000e+00,0.000000e+00,0.000000e+00,0.000000e+00,0.000000e+00,0.000000e+00,0.000000e+00,0.000000e+00,0.000000e+00,0.000000e+00,0.000000e+00,0.000000e+00,0.000000e+00,0.000000e+00
1.000000e+00,0.000000e+00,0.000000e+00,0.000000e+00,0.000000e+00,0.000000e+00,0.000000e+00,0.000000e+00,0.000000e+00,0.000000e+00,0.000000e+00,0.000000e+00,0.000000e+00,0.000000e+00,0.000000e+00
1.000000e+00,0.000000e+00,0.000000e+00,0.000000e+00,0.000000e+00,0.000000e+00,0.000000e+00,0.000000e+00,0.000000e+00,0.000000e+00,0.000000e+00,0.000000e+00,0.000000e+00,0.000000e+00,0.000000e+00
1.000000e+00,0.000000e+00,0.000000e+00,0.000000e+00,0.000000e+00,0.000000e+00,0.000000e+00,0.000000e+00,0.000000e+00,0.000000e+00,0.000000e+00,0.000000e+00,0.000000e+00,0.000000e+00,0.000000e+00
1.000000e+00,0.000000e+00,0.000000e+00,0.000000e+00,0.000000e+00,0.000000e+00,0.000000e+00,0.000000e+00,0.000000e+00,0.000000e+00,0.000000e+00,0.000000e+00,0.000000e+00,0.000000e+00,0.000000e+00
1.000000e+00,0.000000e+00,0.000000e+00,0.000000e+00,0.000000e+00,0.000000e+00,0.000000e+00,0.000000e+00,0.000000e+00,0.000000e+00,0.000000e+00,0.000000e+00,0.000000e+00,0.000000e+00,0.000000e+00
1.000000e+00,0.000000e+00,0.000000e+00,0.000000e+00,0.000000e+00,0.000000e+00,0.000000e+00,0.000000e+00,0.000000e+00,0.000000e+00,0.000000e+00,0.000000e+00,0.000000e+00,0.000000e+00,0.000000e+00
1.000000e+00,0.000000e+00,0.000000e+00,0.000000e+00,0.000000e+00,0.000000e+00,0.000000e+00,0.000000e+00,0.000000e+00,0.000000e+00,0.000000e+00,0.000000e+00,0.000000e+00,0.000000e+00,0.000000e+00
1.000000e+00,0.000000e+00,0.000000e+00,0.000000e+00,0.000000e+00,0.000000e+00,0.000000e+00,0.000000e+00,0.000000e+00,0.000000e+00,0.000000e+00,0.000000e+00,0.000000e+00,0.000000e+00,0.000000e+00
1.000000e+00,0.000000e+00,0.000000e+00,0.000000e+00,0.000000e+00,0.000000e+00,0.000000e+00,0.000000e+00,0.000000e+00,0.000000e+00,0.000000e+00,0.000000e+00,0.000000e+00,0.000000e+00,0.000000e+00
1.000000e+00,0.000000e+00,0.000000e+00,0.000000e+00,0.000000e+00,0.000000e+00,0.000000e+00,0.000000e+00,0.000000e+00,0.000000e+00,0.000000e+00,0.000000e+00,0.000000e+00,0.000000e+00,0.000000e+00
1.000000e+00,0.000000e+00,0.000000e+00,0.000000e+00,0.000000e+00,0.000000e+00,0.000000e+00,0.000000e+00,0.000000e+00,0.000000e+00,0.000000e+00,0.000000e+00,0.000000e+00,0.000000e+00,0.000000e+00
1.000000e+00,0.000000e+00,0.000000e+00,0.000000e+00,0.000000e+00,0.000000e+00,0.000000e+00,0.000000e+00,0.000000e+00,0.000000e+00,0.000000e+00,0.000000e+00,0.000000e+00,0.000000e+00,0.000000e+00
1.000000e+00,0.000000e+00,0.000000e+00,0.000000e+00,0.000000e+00,0.000000e+00,0.000000e+00,0.000000e+00,0.000000e+00,0.000000e+00,0.000000e+00,0.000000e+00,0.000000e+00,0.000000e+00,0.000000e+00
1.000000e+00,0.000000e+00,0.000000e+00,0.000000e+00,0.000000e+00,0.000000e+00,0.000000e+00,0.000000e+00,0.000000e+00,0.000000e+00,0.000000e+00,0.000000e+00,0.000000e+00,0.000000e+00,0.000000e+00
1.000000e+00,0.000000e+00,0.000000e+00,0.000000e+00,0.000000e+00,0.000000e+00,0.000000e+00,0.000000e+00,0.000000e+00,0.000000e+00,0.000000e+00,0.000000e+00,0.000000e+00,0.000000e+00,0.000000e+00
1.000000e+00,0.000000e+00,0.000000e+00,0.000000e+00,0.000000e+00,0.000000e+00,0.000000e+00,0.000000e+00,0.000000e+00,0.000000e+00,0.000000e+00,0.000000e+00,0.000000e+00,0.000000e+00,0.000000e+00
1.000000e+00,0.000000e+00,0.000000e+00,0.000000e+00,0.000000e+00,0.000000e+00,0.000000e+00,0.000000e+00,0.000000e+00,0.000000e+00,0.000000e+00,0.000000e+00,0.000000e+00,0.000000e+00,0.000000e+00
1.000000e+00,0.000000e+00,0.000000e+00,0.000000e+00,0.000000e+00,0.000000e+00,0.000000e+00,0.000000e+00,0.000000e+00,0.000000e+00,0.000000e+00,0.000000e+00,0.000000e+00,0.000000e+00,0.000000e+00
1.000000e+00,0.000000e+00,0.000000e+00,0.000000e+00,0.000000e+00,0.000000e+00,0.000000e+00,0.000000e+00,0.000000e+00,0.000000e+00,0.000000e+00,0.000000e+00,0.000000e+00,0.000000e+00,0.000000e+00
1.000000e+00,0.000000e+00,0.000000e+00,0.000000e+00,0.000000e+00,0.000000e+00,0.000000e+00,0.000000e+00,0.000000e+00,0.000000e+00,0.000000e+00,0.000000e+00,0.000000e+00,0.000000e+00,0.000000e+00
1.000000e+00,0.000000e+00,0.000000e+00,0.000000e+00,0.000000e+00,0.000000e+00,0.000000e+00,0.000000e+00,0.000000e+00,0.000000e+00,0.000000e+00,0.000000e+00,0.000000e+00,0.000000e+00,0.000000e+00
1.000000e+00,0.000000e+00,0.000000e+00,0.000000e+00,0.000000e+00,0.000000e+00,0.000000e+00,0.000000e+00,0.000000e+00,0.000000e+00,0.000000e+00,0.000000e+00,0.000000e+00,0.000000e+00,0.000000e+00
1.000000e+00,0.000000e+00,0.000000e+00,0.000000e+00,0.000000e+00,0.000000e+00,0.000000e+00,0.000000e+00,0.000000e+00,0.000000e+00,0.000000e+00,0.000000e+00,0.000000e+00,0.000000e+00,0.000000e+00
1.000000e+00,0.000000e+00,0.000000e+00,0.000000e+00,0.000000e+00,0.000000e+00,0.000000e+00,0.000000e+00,0.000000e+00,0.000000e+00,0.000000e+00,0.000000e+00,0.000000e+00,0.000000e+00,0.000000e+00
1.000000e+00,0.000000e+00,0.000000e+00,0.000000e+00,0.000000e+00,0.000000e+00,0.000000e+00,0.000000e+00,0.000000e+00,0.000000e+00,0.000000e+00,0.000000e+00,0.000000e+00,0.000000e+00,0.000000e+00
1.000000e+00,0.000000e+00,0.000000e+00,0.000000e+00,0.000000e+00,0.000000e+00,0.000000e+00,0.000000e+00,0.000000e+00,0.000000e+00,0.000000e+00,0.000000e+00,0.000000e+00,0.000000e+00,0.000000e+00
1.000000e+00,0.000000e+00,0.000000e+00,0.000000e+00,0.000000e+00,0.000000e+00,0.000000e+00,0.000000e+00,0.000000e+00,0.000000e+00,0.000000e+00,0.000000e+00,0.000000e+00,0.000000e+00,0.000000e+00
1.000000e+00,0.000000e+00,0.000000e+00,0.000000e+00,0.000000e+00,0.000000e+00,0.000000e+00,0.000000e+00,0.000000e+00,0.000000e+00,0.000000e+00,0.000000e+00,0.000000e+00,0.000000e+00,0.000000e+00
1.000000e+00,0.000000e+00,0.000000e+00,0.000000e+00,0.000000e+00,0.000000e+00,0.000000e+00,0.000000e+00,0.000000e+00,0.000000e+00,0.000000e+00,0.000000e+00,0.000000e+00,0.000000e+00,0.000000e+00
1.000000e+00,0.000000e+00,0.000000e+00,0.000000e+00,0.000000e+00,0.000000e+00,0.000000e+00,0.000000e+00,0.000000e+00,0.000000e+00,0.000000e+00,0.000000e+00,0.000000e+00,0.000000e+00,0.000000e+00
1.000000e+00,0.000000e+00,0.000000e+00,0.000000e+00,0.000000e+00,0.000000e+00,0.000000e+00,0.000000e+00,0.000000e+00,0.000000e+00,0.000000e+00,0.000000e+00,0.000000e+00,0.000000e+00,0.000000e+00
1.000000e+00,0.000000e+00,0.000000e+00,0.000000e+00,0.000000e+00,0.000000e+00,0.000000e+00,0.000000e+00,0.000000e+00,0.000000e+00,0.000000e+00,0.000000e+00,0.000000e+00,0.000000e+00,0.000000e+00
1.000000e+00,0.000000e+00,0.000000e+00,0.000000e+00,0.000000e+00,0.000000e+00,0.000000e+00,0.000000e+00,0.000000e+00,0.000000e+00,0.000000e+00,0.000000e+00,0.000000e+00,0.000000e+00,0.000000e+00
1.000000e+00,0.000000e+00,0.000000e+00,0.000000e+00,0.000000e+00,0.000000e+00,0.000000e+00,0.000000e+00,0.000000e+00,0.000000e+00,0.000000e+00,0.000000e+00,0.000000e+00,0.000000e+00,0.000000e+00
1.000000e+00,0.000000e+00,0.000000e+00,0.000000e+00,0.000000e+00,0.000000e+00,0.000000e+00,0.000000e+00,0.000000e+00,0.000000e+00,0.000000e+00,0.000000e+00,0.000000e+00,0.000000e+00,0.000000e+00
1.000000e+00,0.000000e+00,0.000000e+00,0.000000e+00,0.000000e+00,0.000000e+00,0.000000e+00,0.000000e+00,0.000000e+00,0.000000e+00,0.000000e+00,0.000000e+00,0.000000e+00,0.000000e+00,0.000000e+00
4.917883e-01,1.296918e-01,4.910546e-02,1.871638e-01,7.143444e-03,1.465476e-02,3.111116e-03,9.553892e-03,5.758984e-03,2.633500e-02,1.099221e-02,1.300989e-02,1.533927e-02,2.187843e-03,3.416408e-02
3.700311e-01,1.910039e-01,1.747447e-01,1.330778e-01,6.913247e-03,1.474379e-02,2.268756e-03,7.183907e-03,4.450990e-03,2.659040e-02,8.685817e-03,9.486815e-03,1.190727e-02,4.857586e-03,3.405390e-02
3.882436e-01,1.999641e-01,1.345276e-01,9.712720e-02,1.287224e-02,1.587783e-02,1.700862e-03,6.939181e-03,5.309391e-03,3.178429e-02,1.155336e-02,9.153448e-03,1.263793e-02,2.818022e-02,4.412868e-02
3.711741e-01,1.849458e-01,1.024266e-01,7.215043e-02,1.679396e-02,1.804463e-02,1.372883e-03,7.617793e-03,8.730618e-03,4.319967e-02,1.637779e-02,1.065725e-02,1.601896e-02,6.589148e-02,6.459796e-02
2.608289e-01,1.342201e-01,7.477903e-02,5.287329e-02,1.214150e-02,1.404627e-02,1.108983e-03,5.578783e-03,2.351699e-02,4.025250e-02,1.297453e-02,7.919653e-03,1.213486e-02,8.380868e-02,2.638159e-01
1.826115e-01,9.405574e-02,5.241347e-02,3.701367e-02,8.594791e-03,1.009706e-02,7.788126e-04,3.910603e-03,1.670470e-02,2.944054e-02,9.331962e-03,5.574973e-03,8.579717e-03,1.718160e-01,3.690764e-01
1.279598e-01,6.607995e-02,3.674959e-02,2.593256e-02,6.048965e-03,7.179429e-03,5.594455e-04,2.747498e-03,1.244009e-02,2.090997e-02,7.824350e-03,4.801700e-03,6.145796e-03,1.719220e-01,5.026988e-01
8.965047e-02,4.632040e-02,2.574023e-02,1.816090e-02,4.280214e-03,5.135550e-03,3.951053e-04,1.925337e-03,9.164540e-03,1.532235e-02,7.732013e-03,4.588189e-03,4.456969e-03,2.906673e-01,4.764604e-01
6.284546e-02,3.250552e-02,1.802753e-02,1.271929e-02,3.367453e-03,3.717871e-03,2.781955e-04,1.349984e-03,6.919576e-03,1.102675e-02,7.108912e-03,3.693651e-03,3.475743e-03,4.750394e-01,3.579246e-01
4.400940e-02,2.277897e-02,1.262166e-02,8.904507e-03,2.380883e-03,2.611744e-03,1.961626e-04,9.451918e-04,5.062237e-03,8.446387e-03,5.534899e-03,2.713558e-03,2.464838e-03,6.206506e-01,2.606789e-01
3.084260e-02,1.597055e-02,8.841830e-03,6.235003e-03,1.680932e-03,1.845972e-03,1.397706e-04,6.619646e-04,3.937446e-03,6.785744e-03,4.280765e-03,1.918444e-03,1.751375e-03,7.167166e-01,1.983909e-01
2.303318e-02,1.142998e-02,6.894371e-03,4.421858e-03,1.539959e-03,1.460664e-03,1.142300e-04,4.781276e-04,4.695558e-03,6.122266e-03,3.711640e-03,1.425580e-03,1.363004e-03,7.583549e-01,1.749547e-01
2.054959e-02,8.255303e-03,5.210561e-03,3.111590e-03,1.442326e-03,1.238048e-03,1.213237e-04,3.607105e-04,8.585591e-03,8.381188e-03,2.907944e-03,1.080685e-03,1.244990e-03,7.658322e-01,1.716779e-01
1.649106e-02,6.081028e-03,3.855582e-03,2.184516e-03,1.764946e-03,1.053113e-03,1.216089e-04,2.684209e-04,1.016334e-02,9.120310e-03,2.415192e-03,8.204883e-04,1.091714e-03,7.975286e-01,1.470402e-01
1.421656e-02,4.303699e-03,3.114616e-03,1.536445e-03,1.360595e-03,9.583738e-04,1.535087e-04,1.976086e-04,1.497500e-02,1.309136e-02,2.370587e-03,9.147832e-04,1.023725e-03,8.051759e-01,1.366072e-01
1.964809e-02,3.218431e-03,4.486522e-03,1.151350e-03,2.084749e-03,1.453971e-03,1.946179e-04,5.410252e-04,4.223751e-02,4.751413e-02,2.754559e-03,7.821149e-04,1.633721e-03,6.938761e-01,1.784231e-01
2.722534e-02,2.901115e-03,1.124157e-02,2.633993e-03,4.426305e-03,3.000461e-03,4.561261e-04,5.187426e-03,7.275838e-02,8.191870e-02,3.694456e-03,9.327917e-04,2.842428e-03,5.453181e-01,2.354628e-01
2.272898e-02,2.276956e-03,1.085256e-02,2.142924e-03,4.212237e-03,3.201239e-03,4.215074e-04,4.638880e-03,9.730139e-02,8.319746e-02,4.189441e-03,8.457874e-04,2.462192e-03,4.160236e-01,3.455049e-01
2.316336e-02,2.389373e-03,1.046885e-02,2.120698e-03,6.374657e-03,3.090613e-03,3.734835e-04,5.660017e-03,1.264157e-01,7.552037e-02,7.484141e-03,1.015632e-03,3.188529e-03,3.374979e-01,3.952367e-01
3.168006e-02,2.721875e-03,4.365423e-02,1.250965e-02,2.383276e-02,3.629688e-03,5.730980e-04,5.995691e-02,1.516443e-01,6.139369e-02,8.122465e-03,9.617564e-04,3.714336e-03,2.653681e-01,3.302371e-01
2.998251e-02,3.250044e-03,1.850089e-01,1.526207e-02,2.138630e-02,3.233624e-03,6.251734e-04,4.506152e-02,1.247843e-01,6.031906e-02,6.380402e-03,8.393119e-04,2.842441e-03,1.929558e-01,3.080685e-01
2.986804e-02,4.039750e-03,2.824252e-01,1.704519e-02,1.907740e-02,3.553261e-03,5.930667e-04,3.357499e-02,9.850550e-02,6.069097e-02,4.923266e-03,7.182557e-04,2.242495e-03,1.439093e-01,2.988334e-01
4.825784e-02,7.657282e-03,2.725733e-01,1.822815e-02,2.807968e-02,4.663656e-03,5.907649e-04,3.403977e-02,1.002803e-01,6.411108e-02,4.780383e-03,7.289029e-04,1.988102e-03,1.355747e-01,2.784461e-01
7.755317e-02,1.973742e-02,2.379923e-01,1.878613e-02,4.904761e-02,1.021014e-02,7.247170e-04,4.787985e-02,1.003157e-01,5.919436e-02,4.508085e-03,7.461230e-04,1.988908e-03,1.505880e-01,2.207275e-01
8.582769e-02,2.562136e-02,2.419674e-01,5.745750e-02,6.607231e-02,1.007022e-02,8.121090e-04,8.386455e-02,8.591080e-02,5.210218e-02,4.157845e-03,8.947408e-04,1.667889e-03,1.145433e-01,1.690301e-01
1.075505e-01,2.898963e-02,2.087268e-01,4.932888e-02,7.765698e-02,1.027648e-02,9.540336e-04,1.479096e-01,8.714192e-02,4.872051e-02,4.075483e-03,1.123588e-03,1.452838e-03,9.722485e-02,1.288679e-01
1.229254e-01,2.693945e-02,2.367297e-01,4.267043e-02,6.549808e-02,9.855017e-03,8.791529e-04,1.183688e-01,1.049765e-01,5.254142e-02,5.968768e-03,1.361698e-03,1.265470e-03,8.031666e-02,1.297035e-01
9.978971e-02,8.822364e-02,1.962540e-01,9.619720e-02,4.943952e-02,8.268303e-03,7.178378e-04,8.382774e-02,8.901075e-02,5.460811e-02,9.628180e-03,5.003789e-03,4.380240e-03,5.722477e-02,1.574262e-01
7.164080e-02,6.885775e-02,1.444118e-01,7.164295e-02,3.496974e-02,6.242893e-03,5.331900e-04,5.882954e-02,7.057360e-02,2.672696e-01,1.003303e-02,3.812058e-03,4.228562e-03,4.041391e-02,1.465405e-01
5.257326e-02,5.761504e-02,1.041418e-01,5.149700e-02,2.485782e-02,5.005905e-03,3.926123e-04,4.157133e-02,6.364466e-02,3.657922e-01,3.547432e-02,4.271012e-03,4.690072e-02,3.135229e-02,1.149100e-01
3.792265e-02,4.176884e-02,7.419843e-02,3.657657e-02,1.791544e-02,4.073372e-03,3.505150e-04,2.943279e-02,6.912971e-02,4.560680e-01,3.520440e-02,7.235549e-03,5.103241e-02,2.426407e-02,1.148273e-01
2.942821e-02,3.201989e-02,5.478090e-02,2.669852e-02,1.625828e-02,3.964915e-03,3.436866e-04,2.108472e-02,5.842186e-02,3.906004e-01,5.530250e-02,1.114200e-02,4.744967e-02,2.316819e-02,2.293363e-01
2.695442e-02,2.535304e-02,4.258654e-02,2.151729e-02,1.507738e-02,4.620436e-03,3.862820e-04,1.536754e-02,4.724672e-02,3.222510e-01,8.379209e-02,1.502328e-02,4.204674e-02,2.806064e-02,3.097166e-01
2.620834e-02,2.106112e-02,3.195982e-02,1.909216e-02,1.332050e-02,5.732059e-03,4.680267e-04,1.141408e-02,4.229371e-02,2.707071e-01,1.198043e-01,1.737742e-02,3.777275e-02,4.953801e-02,3.332507e-01
3.783368e-02,2.123125e-02,4.002175e-02,2.273154e-02,1.354339e-02,9.810921e-03,1.008421e-03,1.400685e-02,4.880907e-02,2.296830e-01,1.663141e-01,1.683891e-02,3.989923e-02,8.269466e-02,2.555732e-01
5.408164e-02,2.215818e-02,3.950772e-02,2.355581e-02,1.289219e-02,9.538738e-03,1.411764e-03,1.781051e-02,7.656305e-02,1.826084e-01,1.437063e-01,1.560524e-02,3.189456e-02,1.606354e-01,2.080306e-01
5.158331e-02,3.543736e-02,6.192315e-02,5.618504e-02,2.121084e-02,8.898174e-03,2.018898e-03,2.867490e-02,1.481859e-01,1.414714e-01,1.159229e-01,1.313535e-02,2.702048e-02,1.325620e-01,1.557703e-01
8.517152e-02,3.798184e-02,6.496678e-02,5.608765e-02,2.193030e-02,1.078855e-02,2.397508e-03,2.835337e-02,1.559938e-01,1.162089e-01,1.146520e-01,1.503245e-02,2.446125e-02,1.150776e-01,1.508965e-01
1.274413e-01,3.753703e-02,6.965011e-02,5.345659e-02,2.907280e-02,1.199087e-02,2.387453e-03,2.718018e-02,1.610382e-01,1.091317e-01,9.789695e-02,1.250890e-02,1.949014e-02,1.076137e-01,1.336041e-01
1.219092e-01,3.544169e-02,6.562928e-02,4.989435e-02,4.518163e-02,1.717638e-02,2.332557e-03,2.800238e-02,1.520912e-01,8.800180e-02,7.417380e-02,9.396221e-03,1.761053e-02,9.582189e-02,1.973370e-01
1.073005e-01,3.442300e-02,7.721104e-02,5.442977e-02,6.728052e-02,1.877488e-02,2.653832e-03,3.510172e-02,1.309480e-01,8.412190e-02,5.768936e-02,7.117914e-03,1.424336e-02,7.830369e-02,2.304005e-01
8.770999e-02,2.991807e-02,1.880067e-01,6.901814e-02,8.031479e-02,1.757096e-02,3.352257e-03,3.597413e-02,1.005463e-01,6.565595e-02,4.260486e-02,5.529509e-03,1.105899e-02,5.891081e-02,2.038286e-01
7.172370e-02,3.395875e-02,3.131031e-01,1.172590e-01,6.579869e-02,1.392210e-02,2.674835e-03,2.641473e-02,7.315593e-02,4.918078e-02,3.260054e-02,5.051295e-03,8.813691e-03,4.158965e-02,1.447532e-01
8.195471e-02,6.344857e-02,3.604601e-01,1.072807e-01,5.851480e-02,1.226054e-02,2.476208e-03,1.992177e-02,6.446607e-02,4.546843e-02,2.603196e-02,4.703669e-03,7.482077e-03,3.010680e-02,1.154236e-01
6.711014e-02,5.203152e-02,4.374937e-01,1.481905e-01,4.711071e-02,1.068098e-02,2.254482e-03,1.485453e-02,4.941501e-02,3.347125e-02,1.954628e-02,3.944272e-03,6.101995e-03,2.127743e-02,8.651715e-02
7.995905e-02,6.503962e-02,4.168746e-01,1.470613e-01,4.817877e-02,1.115830e-02,2.539382e-03,1.241529e-02,5.971233e-02,2.671814e-02,1.656139e-02,4.349919e-03,6.426611e-03,1.574304e-02,8.726225e-02
6.869055e-02,5.233739e-02,4.286723e-01,2.229665e-01,3.726006e-02,8.413470e-03,2.080795e-03,9.838068e-03,4.616122e-02,1.974269e-02,1.284151e-02,3.607569e-03,4.893641e-03,1.131125e-02,7.118295e-02
8.371698e-02,5.097057e-02,4.533671e-01,2.126154e-01,2.934063e-02,6.853452e-03,1.780287e-03,7.837337e-03,4.125298e-02,1.650501e-02,1.051626e-02,3.547246e-03,3.923046e-03,8.488690e-03,6.928497e-02
1.654078e-01,6.407692e-02,3.881628e-01,1.836357e-01,3.179440e-02,7.416653e-03,1.966074e-03,6.874815e-03,4.120730e-02,1.584706e-02,9.547723e-03,4.553954e-03,3.566122e-03,7.132431e-03,6.881022e-02
2.431123e-01,6.479717e-02,3.280577e-01,1.795346e-01,2.808245e-02,7.016125e-03,1.721918e-03,7.051609e-03,3.816805e-02,1.303224e-02,1.062768e-02,7.013950e-03,3.682975e-03,6.153516e-03,6.194781e-02
3.355186e-01,5.863093e-02,2.728978e-01,1.560920e-01,3.645425e-02,8.395499e-03,1.689328e-03,8.523662e-03,3.545347e-02,1.085291e-02,9.818373e-03,6.352491e-03,3.956913e-03,5.424301e-03,4.993948e-02
3.097675e-01,7.533248e-02,2.888981e-01,1.533267e-01,4.089331e-02,1.089853e-02,1.814644e-03,1.084430e-02,3.323122e-02,9.210535e-03,8.485729e-03,5.191994e-03,3.585261e-03,4.630752e-03,4.388886e-02
3.745178e-01,7.172541e-02,2.312604e-01,1.224369e-01,5.306821e-02,1.059164e-02,2.077549e-03,1.653036e-02,4.866615e-02,7.513719e-03,8.911500e-03,5.258237e-03,3.359459e-03,5.077450e-03,3.900519e-02
3.794762e-01,7.058492e-02,1.923521e-01,1.274653e-01,5.315209e-02,1.009377e-02,2.506414e-03,3.106743e-02,6.350628e-02,6.566778e-03,1.000845e-02,6.890317e-03,3.002351e-03,5.167915e-03,3.815962e-02
3.821765e-01,8.207254e-02,1.585477e-01,1.025170e-01,5.461288e-02,1.410417e-02,2.137027e-03,2.544259e-02,1.015836e-01,5.782221e-03,1.076445e-02,7.585660e-03,3.801957e-03,6.451285e-03,4.242050e-02
4.189853e-01,9.238495e-02,1.168565e-01,8.356810e-02,5.100515e-02,1.578612e-02,2.020497e-03,2.174779e-02,9.540384e-02,6.922713e-03,1.395859e-02,1.462782e-02,6.412238e-03,7.026253e-03,5.329411e-02
3.183581e-01,1.059884e-01,9.795363e-02,7.231966e-02,3.842992e-02,1.534711e-02,1.494511e-03,1.674755e-02,1.076439e-01,4.268610e-02,4.049816e-02,1.337127e-02,1.176578e-02,7.270624e-03,1.101254e-01
2.595809e-01,9.328085e-02,7.263672e-02,5.716283e-02,3.087960e-02,1.509244e-02,1.155923e-03,1.288145e-02,9.890458e-02,3.502695e-02,1.274152e-01,1.250388e-02,5.398203e-02,3.729379e-02,9.220287e-02
1.940015e-01,8.448830e-02,5.491554e-02,9.769373e-02,2.258212e-02,1.243311e-02,8.984591e-04,9.657954e-03,1.505768e-01,3.070980e-02,1.620283e-01,1.413549e-02,4.217548e-02,3.466200e-02,8.904146e-02
1.379067e-01,6.574941e-02,4.440117e-02,7.059488e-02,1.607578e-02,7.508256e-02,6.856550e-04,7.008675e-03,1.145717e-01,2.470351e-02,2.086333e-01,1.159646e-02,3.326810e-02,1.113466e-01,7.837564e-02
9.702033e-02,4.888589e-02,3.236228e-02,5.009849e-02,1.134909e-02,5.641275e-02,5.367653e-04,5.000895e-03,8.718826e-02,1.945590e-02,3.507652e-01,9.413578e-03,2.447888e-02,1.504076e-01,5.662405e-02
6.840749e-02,3.519323e-02,2.310440e-02,3.528060e-02,8.015574e-03,4.164020e-02,4.165088e-04,3.547337e-03,6.325409e-02,1.545051e-02,4.530766e-01,7.748028e-03,1.761680e-02,1.855544e-01,4.169428e-02
4.813765e-02,2.576330e-02,1.676941e-02,2.481131e-02,5.744344e-03,2.999381e-02,3.049071e-04,2.494190e-03,4.838927e-02,1.146977e-02,4.994717e-01,7.752346e-03,1.256329e-02,2.361099e-01,3.022485e-02
3.414141e-02,1.862806e-02,1.187080e-02,1.756914e-02,4.103478e-03,2.136321e-02,2.277956e-04,1.767802e-03,3.687014e-02,9.047586e-03,5.097441e-01,6.938754e-03,8.972467e-03,2.967635e-01,2.199172e-02
2.406061e-02,1.605662e-02,8.584633e-03,1.242876e-02,3.201782e-03,1.777273e-02,2.002019e-04,1.270670e-03,3.272100e-02,7.026214e-03,5.610817e-01,5.665058e-03,6.433157e-03,2.876487e-01,1.584819e-02
1.696589e-02,1.279322e-02,6.264604e-03,8.941549e-03,2.619969e-03,1.396851e-02,2.010277e-04,9.466938e-04,3.404287e-02,5.924776e-03,5.750465e-01,4.853275e-03,4.636788e-03,3.014534e-01,1.134098e-02
1.209856e-02,2.289981e-02,5.766881e-03,6.606043e-03,2.726980e-03,2.027543e-02,2.391997e-04,1.172564e-03,5.434134e-02,6.806209e-03,5.386850e-01,3.975292e-03,3.462258e-03,3.125823e-01,8.362260e-03
9.022584e-03,2.800427e-02,9.288827e-03,4.975228e-03,4.307556e-03,1.712136e-02,2.761114e-04,1.543154e-03,6.901452e-02,1.273017e-02,5.600279e-01,3.402237e-03,2.700943e-03,2.709767e-01,6.608445e-03
6.897613e-03,2.265651e-02,7.712203e-03,3.803971e-03,4.466182e-03,1.406463e-02,2.573419e-04,1.505986e-03,7.920989e-02,1.988949e-02,5.772915e-01,2.845156e-03,2.070297e-03,2.522542e-01,5.074972e-03
6.251126e-03,6.822447e-02,1.349633e-02,3.755560e-03,7.634917e-03,2.983916e-02,8.287298e-04,3.038946e-03,1.544655e-01,4.300715e-02,4.573828e-01,2.367329e-03,1.814569e-03,2.029526e-01,4.940831e-03
5.675537e-03,1.964449e-01,1.057819e-02,5.648815e-03,6.885290e-03,3.181949e-02,6.094036e-04,2.457773e-03,2.015163e-01,4.837488e-02,3.318744e-01,1.858981e-03,1.437232e-03,1.485704e-01,6.248291e-03
4.702754e-03,2.694780e-01,7.966103e-03,8.071008e-03,5.534272e-03,3.530956e-02,4.467658e-04,1.790690e-03,2.253091e-01,7.393642e-02,2.390471e-01,1.908688e-03,1.714919e-03,1.085585e-01,1.622610e-02
5.771722e-03,2.911279e-01,6.439395e-03,2.447382e-02,6.287442e-03,2.867953e-02,3.456592e-04,1.954881e-03,2.652295e-01,5.864644e-02,1.930654e-01,3.413626e-03,5.485726e-03,8.671166e-02,2.236735e-02
1.783165e-02,3.439759e-01,9.518184e-03,2.556366e-02,9.414333e-03,2.353695e-02,3.181052e-04,2.662268e-03,2.648201e-01,4.418554e-02,1.517128e-01,3.809299e-03,5.871742e-03,7.767627e-02,1.910322e-02
3.121780e-02,3.663219e-01,1.308688e-02,4.116576e-02,2.050503e-02,2.153312e-02,6.307808e-04,1.303452e-02,2.356479e-01,3.677155e-02,1.205245e-01,4.838159e-03,8.336318e-03,6.154661e-02,2.483924e-02
3.680739e-02,4.222004e-01,1.278366e-02,3.246410e-02,3.859062e-02,1.695942e-02,9.581535e-04,1.440732e-02,2.225969e-01,2.994208e-02,8.948377e-02,3.879142e-03,7.190596e-03,5.192757e-02,1.980885e-02
4.119563e-02,3.803811e-01,1.276165e-02,2.696096e-02,5.855020e-02,1.404356e-02,1.815747e-03,2.078554e-02,2.794761e-01,2.615373e-02,6.617599e-02,3.405899e-03,6.730129e-03,4.234051e-02,1.922326e-02
3.842742e-02,3.470044e-01,1.159563e-02,7.717957e-02,7.782941e-02,1.092049e-02,2.066785e-03,2.304082e-02,2.856858e-01,1.979630e-02,4.813278e-02,3.384630e-03,6.027366e-03,3.008381e-02,1.882478e-02
5.093143e-02,3.183598e-01,1.035265e-02,5.925119e-02,8.250331e-02,1.008874e-02,2.375260e-03,3.156140e-02,3.358421e-01,1.580689e-02,3.531685e-02,3.355222e-03,4.888790e-03,2.228558e-02,1.708085e-02
9.621850e-02,2.746451e-01,1.233838e-02,5.174872e-02,7.638371e-02,1.057600e-02,2.920572e-03,3.538498e-02,3.581802e-01,1.460670e-02,2.625266e-02,4.044474e-03,3.995577e-03,1.721386e-02,1.549064e-02
7.398567e-02,1.930311e-01,1.171448e-02,4.014024e-02,6.774496e-02,7.760290e-03,2.505050e-03,2.703838e-01,2.744831e-01,1.042969e-02,1.878427e-02,2.947201e-03,2.945008e-03,1.212548e-02,1.101970e-02
6.261285e-02,1.357619e-01,1.056674e-02,3.308063e-02,5.737497e-02,5.830200e-03,2.507847e-03,4.277614e-01,2.229463e-01,7.451968e-03,1.333823e-02,2.158163e-03,2.194463e-03,8.562195e-03,7.852118e-03
6.556380e-02,1.052562e-01,9.317711e-03,2.648347e-02,5.268445e-02,4.661969e-03,2.415464e-03,5.245606e-01,1.780047e-01,5.369174e-03,9.837516e-03,1.860337e-03,1.793648e-03,6.156205e-03,6.034682e-03
9.560989e-02,7.829499e-02,8.614857e-03,2.164274e-02,7.228734e-02,4.919090e-03,3.885506e-03,5.284841e-01,1.606153e-01,4.637153e-03,7.504102e-03,2.137799e-03,2.107867e-03,4.486483e-03,4.772682e-03
1.773859e-01,6.039375e-02,8.913219e-03,1.774084e-02,8.118357e-02,7.709493e-03,6.128649e-03,4.784850e-01,1.338817e-01,3.779588e-03,6.189226e-03,5.012187e-03,3.899425e-03,3.619594e-03,5.677784e-03
2.440545e-01,4.576224e-02,9.465273e-03,1.430782e-02,8.475916e-02,8.788638e-03,7.797880e-03,4.468707e-01,1.085761e-01,3.048658e-03,5.535222e-03,7.035643e-03,4.582176e-03,3.118362e-03,6.297713e-03
2.560293e-01,3.708064e-02,1.000675e-02,1.188643e-02,8.501321e-02,1.130791e-02,9.489438e-03,4.503055e-01,9.865349e-02,2.485907e-03,4.855772e-03,8.766644e-03,5.548332e-03,2.591180e-03,5.979625e-03
3.235537e-01,3.470299e-02,1.140133e-02,1.009441e-02,7.720088e-02,1.946781e-02,1.484515e-02,3.744159e-01,1.020295e-01,2.749015e-03,4.538442e-03,9.160374e-03,6.669446e-03,2.909266e-03,6.261820e-03
3.362931e-01,2.747989e-02,1.427990e-02,1.099962e-02,7.213086e-02,5.783626e-02,2.394684e-02,3.159564e-01,1.003205e-01,2.844669e-03,4.594502e-03,1.137681e-02,1.210222e-02,2.832714e-03,7.005855e-03
3.811136e-01,2.131435e-02,1.456397e-02,1.471173e-02,7.250715e-02,5.960980e-02,2.088541e-02,2.782448e-01,8.676882e-02,3.581837e-03,5.552749e-03,1.806154e-02,1.312235e-02,2.599867e-03,7.362078e-03
4.135585e-01,1.647812e-02,1.356453e-02,1.367807e-02,9.329465e-02,4.979413e-02,1.750495e-02,2.694072e-01,6.719896e-02,3.392509e-03,4.899554e-03,1.706415e-02,1.136940e-02,2.194220e-03,6.601259e-03
4.688476e-01,1.355344e-02,1.229528e-02,1.335801e-02,8.704670e-02,4.893745e-02,1.646936e-02,2.380265e-01,5.846547e-02,2.956009e-03,4.518873e-03,1.638331e-02,1.076839e-02,1.948676e-03,6.425013e-03
4.708329e-01,1.438694e-02,1.401405e-02,2.593461e-02,6.740932e-02,5.002673e-02,1.427570e-02,2.321013e-01,4.494590e-02,3.973664e-03,5.850133e-03,2.582297e-02,1.536432e-02,3.418351e-03,1.164324e-02
3.827129e-01,1.578598e-02,1.137977e-02,5.069019e-02,4.987198e-02,1.314894e-01,1.143011e-02,1.667724e-01,3.597522e-02,4.085822e-03,7.585817e-03,2.456839e-02,8.942946e-02,2.926531e-03,1.529613e-02
2.751201e-01,1.409002e-02,1.073392e-02,5.027279e-02,3.587520e-02,1.227245e-01,8.958047e-03,1.183200e-01,3.770769e-02,3.718296e-03,6.999251e-03,2.177741e-02,2.636181e-01,3.163695e-03,2.692096e-02
2.033429e-01,1.467918e-02,8.262997e-03,4.860557e-02,2.651224e-02,9.197964e-02,6.887642e-03,8.354467e-02,1.431801e-01,3.230314e-03,9.518323e-03,3.546156e-02,2.826510e-01,4.440916e-03,3.770292e-02
1.445776e-01,1.070404e-02,6.295664e-03,3.864131e-02,2.140045e-02,7.071143e-02,5.117374e-03,5.922583e-02,1.099517e-01,2.551165e-03,1.671267e-02,4.264725e-02,4.383872e-01,3.558578e-03,2.951769e-02
1.110155e-01,8.653754e-03,8.203669e-03,4.408064e-02,3.075108e-02,5.782457e-02,4.464692e-03,4.328152e-02,9.905163e-02,3.209546e-03,2.159337e-02,4.147276e-02,4.946997e-01,3.483813e-03,2.821381e-02
8.381497e-02,6.638345e-03,6.409328e-03,3.336166e-02,3.047890e-02,4.202835e-02,3.993646e-03,3.419242e-02,8.533741e-02,2.906428e-03,4.222872e-02,3.818771e-02,5.511139e-01,3.322723e-03,3.598548e-02
6.274081e-02,4.804565e-03,6.807431e-03,2.415160e-02,4.257642e-02,2.988232e-02,3.897625e-03,1.291705e-01,6.152135e-02,2.236167e-03,3.543437e-02,3.803507e-02,5.048140e-01,3.315182e-03,5.061264e-02
6.388628e-02,4.352251e-03,1.290769e-02,1.885341e-02,6.118709e-02,2.271842e-02,4.081154e-03,1.550712e-01,4.913663e-02,2.139750e-03,3.144998e-02,2.735392e-02,3.681257e-01,3.823979e-03,1.749126e-01
6.048309e-02,3.986008e-03,1.714027e-02,1.607107e-02,6.239153e-02,1.702267e-02,4.171288e-03,2.335186e-01,4.166839e-02,1.665048e-03,2.465001e-02,1.974534e-02,2.649807e-01,3.054671e-03,2.294514e-01
5.590879e-02,4.933528e-03,3.317624e-02,1.864036e-02,5.986655e-02,1.241429e-02,3.861315e-03,3.029935e-01,4.303565e-02,1.469649e-03,1.788028e-02,1.424080e-02,1.870624e-01,2.326702e-03,2.421900e-01
4.984998e-02,6.243154e-03,6.238437e-02,6.248158e-02,7.936975e-02,9.667007e-03,4.813905e-03,3.105258e-01,4.157858e-02,1.503690e-03,1.325562e-02,1.041414e-02,1.337969e-01,1.758253e-03,2.123573e-01
4.392190e-02,5.633981e-03,6.096044e-02,6.110234e-02,1.047954e-01,8.489069e-03,5.587621e-03,3.771275e-01,3.910989e-02,1.400672e-03,9.662420e-03,7.384436e-03,9.617122e-02,1.372927e-03,1.772802e-01
5.051809e-02,2.826609e-02,5.613927e-02,5.447616e-02,1.022335e-01,1.148644e-02,6.351347e-03,3.502011e-01,8.892986e-02,1.597380e-03,8.153066e-03,5.650006e-03,7.942814e-02,1.401782e-03,1.551677e-01
6.124400e-02,3.597530e-02,8.814196e-02,9.943688e-02,9.439077e-02,9.440374e-03,4.887147e-03,2.826351e-01,8.039305e-02,2.326373e-03,2.195885e-02,9.853916e-03,6.924653e-02,1.511307e-03,1.385585e-01
4.969066e-02,3.454554e-02,6.832460e-02,1.975629e-01,7.145715e-02,7.794194e-03,3.512565e-03,2.030704e-01,7.404107e-02,3.368222e-03,1.015368e-01,2.331313e-02,5.958002e-02,1.754050e-03,1.004487e-01
1.184038e-01,3.205492e-02,5.369570e-02,1.737570e-01,6.907282e-02,6.781094e-03,2.886099e-03,1.621264e-01,6.594767e-02,5.068106e-03,1.531484e-01,2.734286e-02,5.079356e-02,2.937666e-03,7.598394e-02
2.061453e-01,3.153986e-02,4.006948e-02,1.378747e-01,5.836254e-02,6.040481e-03,2.496110e-03,1.193580e-01,7.417218e-02,6.668164e-03,1.804706e-01,2.619516e-02,4.287077e-02,7.569860e-03,6.016684e-02
2.794694e-01,3.110133e-02,3.025200e-02,1.103118e-01,5.350393e-02,7.241020e-03,2.480929e-03,8.888737e-02,7.865041e-02,1.540765e-02,1.774248e-01,2.512621e-02,4.417519e-02,1.014144e-02,4.582649e-02
3.299033e-01,3.160058e-02,2.460837e-02,9.250186e-02,4.952154e-02,1.023336e-02,2.205161e-03,7.914293e-02,6.504743e-02,2.801871e-02,1.774769e-01,2.102521e-02,4.134192e-02,1.142656e-02,3.594613e-02
4.489847e-01,4.085079e-02,1.969356e-02,7.316872e-02,4.110729e-02,9.356597e-03,1.993529e-03,5.760378e-02,4.896021e-02,2.451439e-02,1.422103e-01,1.823043e-02,3.182680e-02,1.231371e-02,2.918513e-02
1.000000e+00,0.000000e+00,0.000000e+00,0.000000e+00,0.000000e+00,0.000000e+00,0.000000e+00,0.000000e+00,0.000000e+00,0.000000e+00,0.000000e+00,0.000000e+00,0.000000e+00,0.000000e+00,0.000000e+00
1.000000e+00,0.000000e+00,0.000000e+00,0.000000e+00,0.000000e+00,0.000000e+00,0.000000e+00,0.000000e+00,0.000000e+00,0.000000e+00,0.000000e+00,0.000000e+00,0.000000e+00,0.000000e+00,0.000000e+00
1.000000e+00,0.000000e+00,0.000000e+00,0.000000e+00,0.000000e+00,0.000000e+00,0.000000e+00,0.000000e+00,0.000000e+00,0.000000e+00,0.000000e+00,0.000000e+00,0.000000e+00,0.000000e+00,0.000000e+00
1.000000e+00,0.000000e+00,0.000000e+00,0.000000e+00,0.000000e+00,0.000000e+00,0.000000e+00,0.000000e+00,0.000000e+00,0.000000e+00,0.000000e+00,0.000000e+00,0.000000e+00,0.000000e+00,0.000000e+00
4.449389e-01,4.332145e-02,1.637772e-01,1.216628e-01,3.343716e-02,1.681689e-02,5.065380e-03,2.327790e-02,1.927400e-02,2.180551e-02,5.282458e-02,1.798028e-02,1.192585e-02,9.563665e-03,1.432845e-02
3.939292e-01,4.613678e-02,2.003094e-01,1.186353e-01,5.219066e-02,2.573153e-02,5.691896e-03,1.808444e-02,1.803830e-02,2.769631e-02,4.443469e-02,1.583941e-02,1.105122e-02,8.740170e-03,1.349068e-02
3.587210e-01,5.845004e-02,1.756303e-01,1.088069e-01,7.323319e-02,2.345512e-02,5.519405e-03,1.756550e-02,2.799858e-02,5.288257e-02,4.570793e-02,1.447190e-02,1.075953e-02,1.077173e-02,1.602630e-02
3.977188e-01,4.977265e-02,1.381429e-01,8.442695e-02,7.052208e-02,1.847479e-02,4.441414e-03,1.539735e-02,2.430694e-02,1.044996e-01,4.668518e-02,1.248762e-02,8.861477e-03,1.054244e-02,1.371983e-02
2.813706e-01,3.554481e-02,9.700581e-02,5.957832e-02,5.220354e-02,3.031507e-01,3.396883e-03,1.138821e-02,1.708197e-02,7.345348e-02,3.318468e-02,8.820400e-03,6.246164e-03,7.752445e-03,9.822017e-03
1.993043e-01,2.513438e-02,6.800171e-02,4.194492e-02,3.803065e-02,4.983993e-01,2.433627e-03,8.165890e-03,1.205628e-02,5.710328e-02,2.479274e-02,6.211469e-03,4.405624e-03,6.143074e-03,7.872730e-03
1.443220e-01,1.818884e-02,4.807660e-02,2.995464e-02,2.840085e-02,6.176727e-01,1.865326e-03,6.667891e-03,8.700397e-03,5.525008e-02,2.020819e-02,4.438939e-03,3.211180e-03,5.044610e-03,7.997775e-03
1.090042e-01,1.382009e-02,3.660882e-02,2.339054e-02,2.116970e-02,6.880685e-01,1.800651e-03,6.745632e-03,7.279626e-03,5.323104e-02,1.680375e-02,3.190679e-03,2.534361e-03,4.931055e-03,1.142137e-02
8.638377e-02,1.012367e-02,2.768966e-02,1.780391e-02,1.566671e-02,6.583350e-01,1.867849e-03,5.635787e-03,1.729289e-02,1.199397e-01,1.423728e-02,2.310780e-03,2.028092e-03,7.709574e-03,1.297532e-02
8.021317e-02,7.498972e-03,2.197524e-02,1.393390e-02,1.152907e-02,6.364814e-01,1.717412e-03,6.378236e-03,2.450153e-02,1.488952e-01,1.258903e-02,1.667752e-03,1.650893e-03,1.147289e-02,1.949533e-02
8.604725e-02,6.231617e-03,1.651363e-02,1.063780e-02,8.908792e-03,6.737498e-01,1.822455e-03,5.852512e-03,1.998146e-02,1.147444e-01,1.277750e-02,1.211122e-03,1.350324e-03,2.055366e-02,1.961758e-02
9.294057e-02,5.515562e-03,1.273075e-02,8.692139e-03,6.938490e-03,6.877581e-01,1.795042e-03,5.426477e-03,1.851084e-02,9.841102e-02,1.293498e-02,9.108240e-04,1.173084e-03,2.414926e-02,2.211286e-02
1.145564e-01,5.231678e-03,9.828888e-03,6.509269e-03,5.430955e-03,6.751426e-01,1.713153e-03,5.595323e-03,1.479160e-02,8.499014e-02,1.301996e-02,7.523843e-04,1.129437e-03,3.155551e-02,2.975264e-02
1.739205e-01,6.451593e-03,8.077510e-03,5.341855e-03,5.094783e-03,6.197485e-01,1.746970e-03,5.929193e-03,1.262814e-02,6.576301e-02,1.429856e-02,9.798987e-04,1.464967e-03,3.800270e-02,4.055189e-02
2.524828e-01,7.307545e-03,7.621058e-03,5.539078e-03,4.564131e-03,5.405952e-01,1.846551e-03,6.702221e-03,1.055890e-02,5.031690e-02,1.465634e-02,1.920024e-03,1.658713e-03,4.887206e-02,4.535855e-02
3.744267e-01,8.530140e-03,8.961250e-03,9.353695e-03,4.589524e-03,4.063835e-01,2.265322e-03,7.702529e-03,9.502326e-03,3.770102e-02,1.548986e-02,5.688448e-03,2.878487e-03,4.964819e-02,5.687912e-02
4.528008e-01,1.192944e-02,9.958263e-03,1.628134e-02,5.281378e-03,2.960580e-01,2.367293e-03,7.837243e-03,1.098070e-02,3.055056e-02,1.872336e-02,9.920209e-03,5.735060e-03,4.776931e-02,7.380702e-02
3.536015e-01,1.215234e-02,7.476031e-03,1.456221e-02,3.899160e-03,2.705320e-01,1.759654e-03,5.784821e-03,4.651631e-02,2.495733e-02,1.930440e-02,8.270801e-03,6.692026e-03,4.934480e-02,1.751465e-01
2.537191e-01,3.218410e-02,7.260920e-03,2.485517e-02,3.164481e-03,2.019090e-01,1.562511e-03,4.967808e-03,6.811002e-02,2.495847e-02,3.056130e-02,1.037548e-02,1.691257e-02,5.242568e-02,2.670334e-01
1.797077e-01,2.720316e-02,7.504563e-03,2.404727e-02,2.666935e-03,1.441598e-01,1.303528e-03,4.212672e-03,5.825976e-02,2.721063e-02,2.838669e-02,8.683154e-03,1.766201e-02,4.090267e-02,4.280895e-01
1.290669e-01,4.516432e-02,1.208366e-02,1.806680e-02,2.208563e-03,1.056446e-01,1.093468e-03,3.063404e-03,5.456741e-02,3.394447e-02,2.658263e-02,6.764547e-03,1.462957e-02,7.122712e-02,4.758925e-01
9.114102e-02,3.805019e-02,9.584459e-03,1.351400e-02,1.734833e-03,7.634456e-02,8.188355e-04,2.182000e-03,4.379603e-02,2.669905e-02,2.050806e-02,5.150914e-03,1.144103e-02,5.813109e-02,6.009040e-01
1.109228e-01,2.880407e-02,8.764705e-03,1.189299e-02,2.396685e-03,6.944200e-02,9.890480e-04,1.662301e-03,3.678713e-02,2.331540e-02,2.072293e-02,8.494282e-03,2.141606e-02,4.721599e-02,6.071736e-01
1.041441e-01,2.225338e-02,8.242254e-03,1.063512e-02,3.311788e-03,5.625592e-02,1.008245e-03,1.701500e-03,3.264555e-02,2.013352e-02,2.424487e-02,1.162938e-02,3.222020e-02,3.860639e-02,6.329677e-01
8.918577e-02,1.708821e-02,6.806768e-03,8.192611e-03,3.701295e-03,4.366598e-02,1.105931e-03,1.360632e-03,3.120589e-02,1.729559e-02,2.355346e-02,1.210387e-02,4.006521e-02,3.303921e-02,6.716296e-01
1.146987e-01,1.849984e-02,1.824992e-02,1.174753e-02,1.076069e-02,4.325994e-02,1.886324e-03,2.014215e-03,6.542693e-02,1.649855e-02,2.727722e-02,1.202305e-02,3.730148e-02,3.165789e-02,5.886977e-01
1.047695e-01,2.183344e-02,4.179300e-02,2.361564e-02,1.222881e-02,3.789868e-02,4.689841e-03,7.051021e-03,7.761963e-02,1.655431e-02,2.967012e-02,1.303032e-02,3.995512e-02,3.713063e-02,5.321599e-01
9.800019e-02,2.012057e-02,5.898409e-02,2.568746e-02,1.636002e-02,4.527691e-02,1.206662e-02,1.654952e-02,7.023819e-02,1.333168e-02,2.686037e-02,1.193982e-02,3.238796e-02,4.416083e-02,5.080358e-01
1.205935e-01,1.806069e-02,7.201874e-02,4.800571e-02,2.233195e-02,3.562446e-02,1.332285e-02,1.055893e-01,5.378713e-02,1.094789e-02,2.181869e-02,9.664106e-03,2.471846e-02,3.256483e-02,4.109516e-01
1.217362e-01,1.511136e-02,6.841771e-02,8.010831e-02,3.288732e-02,3.144556e-02,1.751012e-02,1.864362e-01,4.137770e-02,8.620019e-03,2.093216e-02,8.535110e-03,1.950439e-02,2.374421e-02,3.236336e-01
1.142177e-01,1.143521e-02,5.660390e-02,6.311033e-02,2.912083e-02,3.052101e-02,7.946321e-02,2.909630e-01,2.978599e-02,6.407448e-03,1.651515e-02,1.025541e-02,1.692279e-02,1.703814e-02,2.276398e-01
9.314530e-02,8.319534e-03,4.932389e-02,5.274066e-02,2.724970e-02,2.839562e-02,2.238150e-01,2.830869e-01,2.117543e-02,4.664220e-03,1.209203e-02,8.397963e-03,1.554757e-02,1.207495e-02,1.599712e-01
