1.000000e+00,0.000000e+00,0.000000e+00,0.000000e+00,0.000000e+00,0.000000e+00,0.000000e+00,0.000000e+00,0.000000e+00,0.000000e+00,0.000000e+00,0.000000e+00,0.000000e+00,0.000000e+00,0.000000e+00
1.000000e+00,0.000000e+00,0.000000e+00,0.000000e+00,0.000000e+00,0.000000e+00,0.000000e+00,0.000000e+00,0.000000e+00,0.000000e+00,0.000000e+00,0.000000e+00,0.000000e+00,0.000000e+00,0.000000e+00
1.000000e+00,0.000000e+00,0.000000e+00,0.000000e+00,0.000000e+00,0.000000e+00,0.000000e+00,0.000000e+00,0.000000e+00,0.000000e+00,0.000000e+00,0.000000e+00,0.000000e+00,0.000000e+00,0.000000e+00
1.000000e+00,0.000000e+00,0.000000e+00,0.000000e+00,0.000000e+00,0.000000e+00,0.000000e+00,0.000000e+00,0.000000e+00,0.000000e+00,0.000000e+00,0.000000e+00,0.000000e+00,0.000000e+00,0.000000e+00
1.000000e+00,0.000000e+00,0.000000e+00,0.000000e+00,0.000000e+00,0.000000e+00,0.000000e+00,0.000000e+00,0.000000e+00,0.000000e+00,0.000000e+00,0.000000e+00,0.000000e+00,0.000000e+00,0.000000e+00
1.000000e+00,0.000000e+00,0.000000e+00,0.000000e+00,0.000000e+00,0.000000e+00,0.000000e+00,0.000000e+00,0.000000e+00,0.000000e+00,0.000000e+00,0.000000e+00,0.000000e+00,0.000000e+00,0.000000e+00
1.000000e+00,0.000000e+00,0.000000e+00,0.000000e+00,0.000000e+00,0.000000e+00,0.000000e+00,0.000000e+00,0.000000e+00,0.000000e+00,0.000000e+00,0.000000e+00,0.000000e+00,0.000000e+00,0.000000e+00
1.000000e+00,0.000000e+00,0.000000e+00,0.000000e+00,0.000000e+00,0.000000e+00,0.000000e+00,0.000000e+00,0.000000e+00,0.000000e+00,0.000000e+00,0.000000e+00,0.000000e+00,0.000000e+00,0.000000e+00
1.000000e+00,0.000000e+00,0.000000e+00,0.000000e+00,0.000000e+00,0.000000e+00,0.000000e+00,0.000000e+00,0.000000e+00,0.000000e+00,0.000000e+00,0.000000e+00,0.000000e+00,0.000000e+00,0.000000e+00
1.000000e+00,0.000000e+00,0.000000e+00,0.000000e+00,0.000000e+00,0.000000e+00,0.000000e+00,0.000000e+00,0.000000e+00,0.000000e+00,0.000000e+00,0.000000e+00,0.000000e+00,0.000000e+00,0.000000e+00
1.000000e+00,0.000000e+00,0.000000e+00,0.000000e+00,0.000000e+00,0.000000e+00,0.000000e+00,0.000000e+00,0.000000e+00,0.000000e+00,0.000000e+00,0.000000e+00,0.000000e+00,0.000000e+00,0.000000e+00
1.000000e+00,0.000000e+00,0.000000e+00,0.000000e+00,0.000000e+00,0.000000e+00,0.000000e+00,0.000000e+00,0.000000e+00,0.000000e+00,0.000000e+00,0.000000e+00,0.000000e+00,0.000000e+00,0.000000e+00
1.000000e+00,0.000000e+00,0.000000e+00,0.000000e+00,0.000000e+00,0.000000e+00,0.000000e+00,0.000000e+00,0.000000e+00,0.000000e+00,0.000000e+00,0.000000e+00,0.000000e+00,0.000000e+00,0.000000e+00
1.000000e+00,0.000000e+00,0.000000e+00,0.000000e+00,0.000000e+00,0.000000e+00,0.000000e+00,0.000000e+00,0.000000e+00,0.000000e+00,0.000000e+00,0.000000e+00,0.000000e+00,0.000000e+00,0.000000e+00
1.000000e+00,0.000000e+00,0.000000e+00,0.000000e+00,0.000000e+00,0.000000e+00,0.000000e+00,0.000000e+00,0.000000e+00,0.000000e+00,0.000000e+00,0.000000e+00,0.000000e+00,0.000000e+00,0.000000e+00
1.000000e+00,0.000000e+00,0.000000e+00,0.000000e+00,0.000000e+00,0.000000e+00,0.000000e+00,0.000000e+00,0.000000e+00,0.000000e+00,0.000000e+00,0.000000e+00,0.000000e+00,0.000000e+00,0.000000e+00
1.000000e+00,0.000000e+00,0.000000e+00,0.000000e+00,0.000000e+00,0.000000e+00,0.000000e+00,0.000000e+00,0.000000e+00,0.000000e+00,0.000000e+00,0.000000e+00,0.000000e+00,0.000000e+00,0.000000e+00
1.000000e+00,0.000000e+00,0.000000e+00,0.000000e+00,0.000000e+00,0.000000e+00,0.000000e+00,0.000000e+00,0.000000e+00,0.000000e+00,0.000000e+00,0.000000e+00,0.000000e+00,0.000000e+00,0.000000e+00
1.000000e+00,0.000000e+00,0.000000e+00,0.000000e+00,0.000000e+00,0.000000e+00,0.000000e+00,0.000000e+00,0.000000e+00,0.000000e+00,0.000000e+00,0.000000e+00,0.000000e+00,0.000000e+00,0.000000e+00
1.000000e+00,0.000000e+00,0.000000e+00,0.000000e+00,0.000000e+00,0.000000e+00,0.000000e+00,0.000000e+00,0.000000e+00,0.000000e+00,0.000000e+00,0.000000e+00,0.000000e+00,0.000000e+00,0.000000e+00
1.000000e+00,0.000000e+00,0.000000e+00,0.000000e+00,0.000000e+00,0.000000e+00,0.000000e+00,0.000000e+00,0.000000e+00,0.000000e+00,0.000000e+00,0.000000e+00,0.000000e+00,0.000000e+00,0.000000e+00
1.000000e+00,0.000000e+00,0.000000e+00,0.000000e+00,0.000000e+00,0.000000e+00,0.000000e+00,0.000000e+00,0.000000e+00,0.000000e+00,0.000000e+00,0.000000e+00,0.000000e+00,0.000000e+00,0.000000e+00
1.000000e+00,0.000000e+00,0.000000e+00,0.000000e+00,0.000000e+00,0.000000e+00,0.000000e+00,0.000000e+00,0.000000e+00,0.000000e+00,0.000000e+00,0.000000e+00,0.000000e+00,0.000000e+00,0.000000e+00
1.000000e+00,0.000000e+00,0.000000e+00,0.000000e+00,0.000000e+00,0.000000e+00,0.000000e+00,0.000000e+00,0.000000e+00,0.000000e+00,0.000000e+00,0.000000e+00,0.000000e+00,0.000000e+00,0.000000e+00
1.000000e+00,0.000000e+00,0.000000e+00,0.000000e+00,0.000000e+00,0.000000e+00,0.000000e+00,0.000000e+00,0.000000e+00,0.000000e+00,0.000000e+00,0.000000e+00,0.000000e+00,0.000000e+00,0.000000e+00
1.000000e+00,0.000000e+00,0.000000e+00,0.000000e+00,0.000000e+00,0.000000e+00,0.000000e+00,0.000000e+00,0.000000e+00,0.000000e+00,0.000000e+00,0.000000e+00,0.000000e+00,0.000000e+00,0.000000e+00
1.000000e+00,0.000000e+00,0.000000e+00,0.000000e+00,0.000000e+00,0.000000e+00,0.000000e+00,0.000000e+00,0.000000e+00,0.000000e+00,0.000000e+00,0.000000e+00,0.000000e+00,0.000000e+00,0.000000e+00
1.000000e+00,0.000000e+00,0.000000e+00,0.000000e+00,0.000000e+00,0.000000e+00,0.000000e+00,0.000000e+00,0.000000e+00,0.000000e+00,0.000000e+00,0.000000e+00,0.000000e+00,0.000000e+00,0.000000e+00
1.000000e+00,0.000000e+00,0.000000e+00,0.000000e+00,0.000000e+00,0.000000e+00,0.000000e+00,0.000000e+00,0.000000e+00,0.000000e+00,0.000000e+00,0.000000e+00,0.000000e+00,0.000000e+00,0.000000e+00
1.000000e+00,0.000000e+00,0.000000e+00,0.000000e+00,0.000000e+00,0.000000e+00,0.000000e+00,0.000000e+00,0.000000e+00,0.000000e+00,0.000000e+00,0.000000e+00,0.000000e+00,0.000000e+00,0.000000e+00
1.000000e+00,0.000000e+00,0.000000e+00,0.000000e+00,0.000000e+00,0.000000e+00,0.000000e+00,0.000000e+00,0.000000e+00,0.000000e+00,0.000000e+00,0.000000e+00,0.000000e+00,0.000000e+00,0.000000e+00
1.000000e+00,0.000000e+00,0.000000e+00,0.000000e+00,0.000000e+00,0.000000e+00,0.000000e+00,0.000000e+00,0.000000e+00,0.000000e+00,0.000000e+00,0.000000e+00,0.000000e+00,0.000000e+00,0.000000e+00
1.000000e+00,0.000000e+00,0.000000e+00,0.000000e+00,0.000000e+00,0.000000e+00,0.000000e+00,0.000000e+00,0.000000e+00,0.000000e+00,0.000000e+00,0.000000e+00,0.000000e+00,0.000000e+00,0.000000e+00
1.000000e+00,0.000000e+00,0.000000e+00,0.000000e+00,0.000000e+00,0.000000e+00,0.000000e+00,0.000000e+00,0.000000e+00,0.000000e+00,0.000000e+00,0.000000e+00,0.000000e+00,0.000000e+00,0.000000e+00
1.000000e+00,0.000000e+00,0.000000e+00,0.000000e+00,0.000000e+00,0.000000e+00,0.000000e+00,0.000000e+00,0.000000e+00,0.000000e+00,0.000000e+00,0.000000e+00,0.000000e+00,0.000000e+00,0.000000e+00
1.000000e+00,0.000000e+00,0.000000e+00,0.000000e+00,0.000000e+00,0.000000e+00,0.000000e+00,0.000000e+00,0.000000e+00,0.000000e+00,0.000000e+00,0.000000e+00,0.000000e+00,0.000000e+00,0.000000e+00
1.000000e+00,0.000000e+00,0.000000e+00,0.000000e+00,0.000000e+00,0.000000e+00,0.000000e+00,0.000000e+00,0.000000e+00,0.000000e+00,0.000000e+00,0.000000e+00,0.000000e+00,0.000000e+00,0.000000e+00
1.000000e+00,0.000000e+00,0.000000e+00,0.000000e+00,0.000000e+00,0.000000e+00,0.000000e+00,0.000000e+00,0.000000e+00,0.000000e+00,0.000000e+00,0.000000e+00,0.000000e+00,0.000000e+00,0.000000e+00
1.000000e+00,0.000000e+00,0.000000e+00,0.000000e+00,0.000000e+00,0.000000e+00,0.000000e+00,0.000000e+00,0.000000e+00,0.000000e+00,0.000000e+00,0.000000e+00,0.000000e+00,0.000000e+00,0.000000e+00
1.000000e+00,0.000000e+00,0.000000e+00,0.000000e+00,0.000000e+00,0.000000e+00,0.000000e+00,0.000000e+00,0.000000e+00,0.000000e+00,0.000000e+00,0.000000e+00,0.000000e+00,0.000000e+00,0.000000e+00
1.000000e+00,0.000000e+00,0.000000e+00,0.000000e+00,0.000000e+00,0.000000e+00,0.000000e+00,0.000000e+00,0.000000e+00,0.000000e+00,0.000000e+00,0.000000e+00,0.000000e+00,0.000000e+00,0.000000e+00
1.000000e+00,0.000000e+00,0.000000e+00,0.000000e+00,0.000000e+00,0.000000e+00,0.000000e+00,0.000000e+00,0.000000e+00,0.000000e+00,0.000000e+00,0.000000e+00,0.000000e+00,0.000000e+00,0.000000e+00
1.000000e+00,0.000000e+00,0.000000e+00,0.000000e+00,0.000000e+00,0.000000e+00,0.000000e+00,0.000000e+00,0.000000e+00,0.000000e+00,0.000000e+00,0.000000e+00,0.000000e+00,0.000000e+00,0.000000e+00
1.000000e+00,0.000000e+00,0.000000e+00,0.000000e+00,0.000000e+00,0.000000e+00,0.000000e+00,0.000000e+00,0.000000e+00,0.000000e+00,0.000000e+00,0.000000e+00,0.000000e+00,0.000000e+00,0.000000e+00
1.000000e+00,0.000000e+00,0.000000e+00,0.000000e+00,0.000000e+00,0.000000e+00,0.000000e+00,0.000000e+00,0.000000e+00,0.000000e+00,0.000000e+00,0.000000e+00,0.000000e+00,0.000000e+00,0.000000e+00
1.000000e+00,0.000000e+00,0.000000e+00,0.000000e+00,0.000000e+00,0.000000e+00,0.000000e+00,0.000000e+00,0.000000e+00,0.000000e+00,0.000000e+00,0.000000e+00,0.000000e+00,0.000000e+00,0.000000e+00
1.000000e+00,0.000000e+00,0.000000e+00,0.000000e+00,0.000000e+00,0.000000e+00,0.000000e+00,0.000000e+00,0.000000e+00,0.000000e+00,0.000000e+00,0.000000e+00,0.000000e+00,0.000000e+00,0.000000e+00
1.000000e+00,0.000000e+00,0.000000e+00,0.000000e+00,0.000000e+00,0.000000e+00,0.000000e+00,0.000000e+00,0.000000e+00,0.000000e+00,0.000000e+00,0.000000e+00,0.000000e+00,0.000000e+00,0.000000e+00
1.000000e+00,0.000000e+00,0.000000e+00,0.000000e+00,0.000000e+00,0.000000e+00,0.000000e+00,0.000000e+00,0.000000e+00,0.000000e+00,0.000000e+00,0.000000e+00,0.000000e+00,0.000000e+00,0.000000e+00
1.000000e+00,0.000000e+00,0.000000e+00,0.000000e+00,0.000000e+00,0.000000e+00,0.000000e+00,0.000000e+00,0.000000e+00,0.000000e+00,0.000000e+00,0.000000e+00,0.000000e+00,0.000000e+00,0.000000e+00
3.780867e-01,8.296927e-03,1.115066e-02,2.595626e-02,3.936318e-03,9.941209e-03,3.414893e-03,5.223531e-01,2.913604e-03,1.134402e-03,4.937286e-03,1.017478e-02,8.703784e-03,1.245547e-03,7.754540e-03
2.664049e-01,5.892793e-03,8.038295e-03,1.827771e-02,3.008545e-03,7.144096e-03,3.264747e-03,6.619130e-01,2.047958e-03,7.998258e-04,3.500542e-03,7.172395e-03,6.165466e-03,9.098952e-04,5.459819e-03
1.871243e-01,4.168295e-03,5.730427e-03,1.288177e-02,2.324092e-03,5.099409e-03,2.578464e-03,7.616714e-01,1.437612e-03,5.630850e-04,2.486189e-03,5.054973e-03,4.374687e-03,6.709772e-04,3.834387e-03
1.313978e-01,2.956981e-03,4.105940e-03,9.103904e-03,1.888559e-03,3.629170e-03,2.081768e-03,8.318000e-01,1.011749e-03,3.968059e-04,1.765459e-03,3.557678e-03,3.115151e-03,4.930809e-04,2.695858e-03
9.211043e-02,2.087124e-03,2.937232e-03,6.452637e-03,1.671664e-03,2.606960e-03,1.774644e-03,8.809755e-01,7.307573e-04,2.799926e-04,1.287434e-03,2.510960e-03,2.308444e-03,3.657028e-04,1.900467e-03
6.487605e-02,1.481303e-03,2.089445e-03,4.578459e-03,2.014734e-03,1.872956e-03,1.493273e-03,9.147888e-01,5.397073e-04,2.023372e-04,9.352285e-04,1.777886e-03,1.741239e-03,2.634027e-04,1.345113e-03
4.580395e-02,1.052729e-03,1.525514e-03,3.297503e-03,2.075725e-03,1.350445e-03,1.255124e-03,9.385832e-01,3.941465e-04,1.506790e-04,6.909805e-04,1.275259e-03,1.393151e-03,1.919309e-04,9.596822e-04
3.377885e-02,8.027669e-04,1.147137e-03,2.416469e-03,3.527674e-03,1.090772e-03,9.827398e-04,9.508399e-01,4.313547e-04,2.721949e-04,7.002012e-04,1.137336e-03,1.934790e-03,1.856980e-04,7.521566e-04
2.437560e-02,6.553448e-04,8.723375e-04,1.852323e-03,3.671033e-03,8.785701e-04,9.128979e-04,9.041178e-01,6.406888e-04,8.019312e-04,2.144027e-03,8.568550e-03,4.747869e-02,9.509663e-04,2.079311e-03
1.760324e-02,5.112860e-04,6.349531e-04,1.540057e-03,5.679291e-03,1.082469e-03,7.076484e-04,7.163517e-01,6.363081e-04,6.124332e-04,4.096375e-03,6.940473e-03,2.200602e-01,7.618425e-04,2.278174e-02
1.272836e-02,3.693434e-04,4.574213e-04,1.119466e-03,4.319737e-03,9.031355e-04,5.501980e-04,5.139952e-01,6.188886e-04,4.461740e-04,5.634188e-03,6.752800e-03,4.327888e-01,5.575048e-04,1.875877e-02
9.319674e-03,2.969968e-04,3.505867e-04,9.158115e-04,3.368176e-03,8.969863e-04,5.916342e-04,3.721700e-01,1.037609e-03,3.300024e-04,6.108858e-03,6.325530e-03,5.825747e-01,4.096365e-04,1.530379e-02
6.867297e-03,2.318959e-04,4.072073e-04,6.892189e-04,3.125079e-03,9.951527e-04,1.049126e-03,2.640418e-01,1.468256e-03,2.766672e-04,7.854312e-03,7.801437e-03,6.912311e-01,3.317189e-04,1.362977e-02
5.053857e-03,1.829202e-04,3.516685e-04,6.395169e-04,3.624578e-03,1.962916e-03,1.185296e-03,1.869427e-01,2.663462e-03,2.600040e-04,1.314523e-02,1.065149e-02,7.615770e-01,2.866316e-04,1.147269e-02
4.007903e-03,1.879619e-04,3.726573e-04,8.739721e-04,3.614040e-03,2.554628e-03,9.521760e-04,1.320730e-01,4.138591e-03,5.335644e-04,2.369400e-02,1.539862e-02,7.999594e-01,4.690815e-04,1.117022e-02
3.053196e-03,1.619653e-04,4.388808e-04,1.061183e-03,4.208899e-03,2.459988e-03,8.043928e-04,9.277280e-02,7.501133e-03,1.948863e-03,5.332024e-02,1.814200e-02,8.003676e-01,8.562821e-04,1.290250e-02
2.354005e-03,1.723833e-04,5.193183e-04,2.702389e-03,5.938069e-03,2.525322e-03,1.012316e-03,6.518680e-02,1.902829e-02,5.508495e-03,7.197638e-02,2.465733e-02,7.833734e-01,1.094220e-03,1.395122e-02
1.967856e-03,2.010384e-04,8.079822e-04,5.172397e-03,1.086574e-02,3.250326e-03,9.563891e-04,4.623246e-02,2.006979e-02,7.419084e-03,1.373490e-01,4.617245e-02,6.994092e-01,1.189406e-03,1.893679e-02
1.711511e-03,3.423095e-04,1.519185e-03,9.442307e-03,2.392625e-02,3.367947e-03,9.194188e-04,3.489991e-02,2.909684e-02,8.571222e-03,1.830531e-01,6.109959e-02,6.187701e-01,1.501705e-03,2.177858e-02
1.401533e-03,3.636805e-04,1.653805e-03,1.145876e-02,2.981444e-02,3.609087e-03,8.777334e-04,4.072709e-02,3.186050e-02,1.372642e-02,2.007509e-01,7.003897e-02,5.622852e-01,2.342793e-03,2.908908e-02
1.304392e-03,3.170604e-04,2.007745e-03,1.249395e-02,3.076994e-02,3.612607e-03,9.384958e-04,6.735142e-02,2.673388e-02,1.622903e-02,2.122521e-01,8.064587e-02,4.929555e-01,4.402042e-03,4.798596e-02
2.073753e-03,2.900016e-04,2.451601e-03,1.050108e-02,3.075082e-02,1.218972e-02,2.355934e-03,1.094252e-01,2.355085e-02,1.643647e-02,2.277885e-01,7.299561e-02,4.333262e-01,4.940722e-03,5.092354e-02
2.349521e-03,2.185596e-04,2.817320e-03,8.505980e-03,2.525771e-02,1.127603e-02,3.070532e-03,2.804799e-01,1.734227e-02,1.247192e-02,1.811319e-01,6.337342e-02,3.482694e-01,3.848235e-03,3.958728e-02
1.756675e-03,1.541258e-04,2.126537e-03,6.373100e-03,1.794433e-02,8.004946e-03,2.384539e-03,4.755473e-01,1.221273e-02,8.889065e-03,1.305582e-01,4.614753e-02,2.559901e-01,2.765813e-03,2.914506e-02
1.252418e-03,1.084233e-04,1.525378e-03,4.517330e-03,1.261043e-02,5.638403e-03,1.720284e-03,6.304970e-01,8.571262e-03,6.227428e-03,9.183048e-02,3.256251e-02,1.805835e-01,1.937083e-03,2.041813e-02
1.074742e-03,8.559216e-05,1.230257e-03,3.578641e-03,9.719051e-03,4.443719e-03,1.240513e-03,7.371942e-01,6.188420e-03,4.379408e-03,6.500524e-02,2.304069e-02,1.271487e-01,1.364799e-03,1.430600e-02
1.279968e-03,9.270200e-05,1.279624e-03,2.982714e-03,7.791352e-03,5.222595e-03,9.160055e-04,8.096624e-01,4.492042e-03,3.089220e-03,4.592732e-02,1.633526e-02,8.986840e-02,1.015242e-03,1.004516e-02
1.833924e-03,1.642785e-04,1.812571e-03,2.995837e-03,6.122030e-03,9.096153e-03,9.216398e-04,8.402581e-01,3.275362e-03,2.269122e-03,3.273750e-02,1.188685e-02,7.846385e-02,7.923964e-04,7.370425e-03
2.328377e-03,2.073038e-04,3.326930e-03,3.311711e-03,5.316644e-03,9.596241e-03,9.744860e-04,8.632804e-01,2.382082e-03,1.783809e-03,2.362390e-02,8.536682e-03,6.917315e-02,6.353330e-04,5.522943e-03
4.131460e-03,2.948384e-04,4.038651e-03,8.122984e-03,4.333696e-03,1.009103e-02,7.922900e-04,8.788051e-01,1.860358e-03,1.377876e-03,1.769638e-02,6.481104e-03,5.687852e-02,5.761229e-04,4.519615e-03
7.422833e-03,3.242296e-04,4.685542e-03,1.301887e-02,3.567040e-03,1.213328e-01,9.757619e-04,7.364445e-01,1.629529e-03,9.989296e-04,1.335261e-02,6.758583e-03,8.433972e-02,4.663611e-04,4.682621e-03
1.055453e-02,3.582776e-04,4.209483e-03,1.245071e-02,2.910779e-03,2.209326e-01,1.344214e-03,6.399928e-01,1.393197e-03,7.305984e-04,1.108356e-02,5.729308e-03,8.348401e-02,3.659098e-04,4.459951e-03
1.683564e-02,3.991051e-04,4.709927e-03,9.311506e-03,2.645852e-03,1.592468e-01,1.184285e-03,7.205508e-01,1.527990e-03,5.438211e-04,1.090820e-02,4.972692e-03,6.342143e-02,2.887422e-04,3.453291e-03
1.989581e-02,8.704357e-04,5.625225e-03,2.168775e-02,2.752487e-03,1.387931e-01,1.002884e-03,5.684288e-01,5.946598e-03,1.098869e-03,7.005083e-02,3.736892e-02,1.177465e-01,4.837092e-03,3.894682e-03
1.571757e-02,8.306713e-04,4.750398e-03,1.816345e-02,2.935846e-03,1.387625e-01,1.165938e-03,4.936728e-01,7.343477e-03,1.903420e-03,9.676673e-02,9.512843e-02,8.984651e-02,2.913751e-02,3.874750e-03
1.264399e-02,1.311129e-03,3.937546e-03,1.491215e-02,2.397496e-03,1.129725e-01,8.896450e-04,3.489367e-01,1.266313e-02,6.589487e-03,1.232940e-01,2.095920e-01,9.222156e-02,5.451756e-02,3.121147e-03
1.056114e-02,1.250139e-03,3.449038e-03,1.231380e-02,2.249120e-03,9.787999e-02,7.633574e-04,2.468443e-01,1.149357e-02,6.288185e-03,1.486534e-01,3.287816e-01,7.479653e-02,5.203368e-02,2.642275e-03
8.543267e-03,1.401447e-03,2.574959e-03,9.066131e-03,2.127181e-03,7.057258e-02,5.659156e-04,1.733813e-01,1.151243e-02,5.424215e-03,1.645337e-01,4.484737e-01,5.476539e-02,4.494409e-02,2.113697e-03
6.400948e-03,1.511797e-03,1.967223e-03,6.551701e-03,2.583535e-03,5.045818e-02,4.283345e-04,1.219567e-01,1.236813e-02,4.415165e-03,1.672880e-01,5.471442e-01,3.971653e-02,3.562770e-02,1.581847e-03
4.714990e-03,1.340825e-03,1.434198e-03,4.632420e-03,2.120611e-03,3.613570e-02,3.077120e-04,8.548161e-02,9.490587e-03,3.590592e-03,1.847722e-01,6.094599e-01,2.810151e-02,2.727868e-02,1.138444e-03
3.676502e-03,1.550881e-03,1.176563e-03,3.268194e-03,2.000903e-03,2.561669e-02,2.482819e-04,5.995381e-02,7.453823e-03,3.871203e-03,1.704114e-01,6.795566e-01,1.992290e-02,2.043937e-02,8.528269e-04
3.135966e-03,2.223812e-03,1.310239e-03,2.309765e-03,3.161825e-03,1.850618e-02,4.176312e-04,4.224675e-02,5.623705e-03,5.267123e-03,1.587217e-01,7.267833e-01,1.431903e-02,1.532444e-02,6.485507e-04
2.650706e-03,1.434351e-02,3.325405e-03,1.711774e-03,1.004555e-02,1.356178e-02,3.590983e-04,3.034602e-02,6.262162e-03,4.220198e-03,1.320180e-01,7.587672e-01,1.023924e-02,1.161826e-02,5.310219e-04
2.243758e-03,1.235256e-01,7.631776e-03,1.287891e-03,7.280122e-02,1.137326e-02,4.024861e-04,2.173428e-02,5.922854e-03,3.610574e-03,1.035676e-01,6.289970e-01,7.394503e-03,8.967213e-03,5.399052e-04
3.098904e-03,1.548217e-01,2.322904e-02,1.213644e-03,8.024199e-02,8.558804e-03,4.267559e-04,1.827941e-02,1.386378e-02,2.816564e-03,1.342945e-01,5.447915e-01,5.451763e-03,8.195763e-03,7.158881e-04
3.533414e-03,1.146139e-01,5.727291e-02,3.731591e-03,8.213999e-02,7.454620e-03,1.206834e-03,1.132407e-01,1.506460e-02,2.188317e-03,1.122887e-01,4.762341e-01,4.395483e-03,6.040782e-03,5.940233e-04
4.733854e-03,8.681918e-02,1.330231e-01,4.657239e-03,9.055246e-02,6.304037e-03,1.073842e-03,1.229554e-01,2.247114e-02,1.801520e-03,1.255445e-01,3.872994e-01,5.099312e-03,6.901377e-03,7.635896e-04
1.338013e-02,7.829259e-02,1.878947e-01,1.047545e-02,1.347777e-01,1.601986e-02,1.238222e-03,1.221755e-01,2.575918e-02,2.021703e-03,1.135359e-01,2.803494e-01,5.892889e-03,6.440043e-03,1.746641e-03
1.964132e-02,7.682636e-02,2.071188e-01,1.290096e-02,1.409120e-01,1.524357e-02,1.162744e-03,1.228213e-01,3.101804e-02,5.123886e-03,1.280726e-01,2.045123e-01,8.370415e-03,2.261083e-02,3.664787e-03
2.593129e-02,6.173225e-02,2.089444e-01,1.484417e-02,1.430997e-01,2.592773e-02,2.451784e-03,1.414993e-01,3.602960e-02,1.562453e-02,1.320598e-01,1.522256e-01,7.589672e-03,2.845869e-02,3.581588e-03
4.011866e-02,5.644574e-02,1.859689e-01,2.046794e-02,1.750208e-01,2.452441e-02,2.456692e-03,1.256280e-01,3.932595e-02,3.150375e-02,1.367039e-01,1.126106e-01,7.017747e-03,3.820453e-02,4.002293e-03
4.738705e-02,4.924946e-02,1.861140e-01,3.302794e-02,1.738213e-01,2.869837e-02,2.674873e-03,1.315990e-01,4.498971e-02,3.749302e-02,1.155522e-01,8.707029e-02,7.474558e-03,5.064772e-02,4.200610e-03
7.393402e-02,4.402233e-02,1.999276e-01,3.330147e-02,1.517997e-01,3.751732e-02,3.292128e-03,1.200074e-01,4.617670e-02,4.298408e-02,1.127665e-01,7.398454e-02,9.472579e-03,4.598436e-02,4.829370e-03
1.087195e-01,3.821916e-02,1.639873e-01,3.274043e-02,1.247943e-01,4.017259e-02,2.948334e-03,9.336203e-02,4.260801e-02,5.285369e-02,1.641220e-01,7.699123e-02,1.126273e-02,4.112632e-02,6.092369e-03
2.167003e-01,3.297832e-02,1.254458e-01,2.926560e-02,1.328743e-01,3.839155e-02,2.551337e-03,7.918589e-02,4.121500e-02,4.814700e-02,1.278012e-01,7.151503e-02,9.039107e-03,3.659240e-02,8.297059e-03
3.404709e-01,3.228338e-02,9.166481e-02,2.635968e-02,1.118228e-01,3.438788e-02,2.331169e-03,6.116407e-02,3.385973e-02,4.198265e-02,1.053355e-01,7.439867e-02,7.331369e-03,2.834736e-02,8.260131e-03
4.050444e-01,4.003368e-02,6.655815e-02,2.963345e-02,8.798534e-02,3.268434e-02,2.305797e-03,4.991855e-02,2.933989e-02,3.229612e-02,9.977348e-02,8.665140e-02,6.356227e-03,2.196512e-02,9.454059e-03
4.651038e-01,4.388180e-02,4.928902e-02,2.633333e-02,6.726475e-02,2.818897e-02,2.262034e-03,3.889922e-02,2.286519e-02,2.479449e-02,8.266233e-02,1.047518e-01,6.725466e-03,2.098108e-02,1.599683e-02
4.423131e-01,3.843577e-02,3.678554e-02,2.287702e-02,6.103836e-02,2.518632e-02,2.478934e-03,3.422736e-02,2.189513e-02,1.865524e-02,8.780098e-02,1.667300e-01,7.684157e-03,1.787383e-02,1.601820e-02
3.774201e-01,3.609236e-02,3.584989e-02,2.183647e-02,7.628939e-02,1.924987e-02,2.347421e-03,3.598989e-02,1.803671e-02,1.321291e-02,7.700914e-02,2.537995e-01,6.052313e-03,1.321406e-02,1.360000e-02
3.335597e-01,2.651545e-02,3.276132e-02,1.835703e-02,7.469775e-02,1.534216e-02,2.312866e-03,9.543264e-02,1.688616e-02,9.392034e-03,7.215767e-02,2.729038e-01,6.447980e-03,1.078370e-02,1.244978e-02
3.072320e-01,1.952289e-02,2.797642e-02,1.486257e-02,9.280790e-02,1.306538e-02,2.028678e-03,1.343648e-01,1.387721e-02,6.811164e-03,6.932630e-02,2.684600e-01,1.012560e-02,9.604479e-03,9.934618e-03
2.192564e-01,1.389144e-02,3.130901e-02,1.098235e-02,7.813925e-02,9.312137e-03,1.465780e-03,3.233631e-01,1.153490e-02,4.955754e-03,6.581581e-02,2.009794e-01,1.378936e-02,8.060233e-03,7.145149e-03
1.591383e-01,1.022089e-02,3.618667e-02,8.821786e-03,1.018467e-01,7.071956e-03,1.338796e-03,3.978080e-01,3.207058e-02,3.682983e-03,6.270130e-02,1.519399e-01,1.526544e-02,6.612360e-03,5.294466e-03
1.168194e-01,8.828199e-03,3.294938e-02,9.445745e-03,1.187870e-01,5.621549e-03,1.516093e-03,4.398207e-01,8.754228e-02,2.655672e-03,4.671378e-02,1.083480e-01,1.222703e-02,4.850041e-03,3.875141e-03
9.093742e-02,6.531853e-03,2.385618e-02,1.881102e-02,1.980710e-01,5.140770e-03,1.672217e-03,4.344017e-01,8.453998e-02,1.952390e-03,3.754262e-02,7.864865e-02,1.098175e-02,3.562521e-03,3.349957e-03
6.686463e-02,4.842245e-03,1.799694e-02,7.751828e-02,2.915251e-01,5.097615e-03,1.459927e-03,3.376173e-01,7.339763e-02,1.892090e-03,4.000239e-02,6.249690e-02,1.403164e-02,2.569419e-03,2.687907e-03
4.808945e-02,3.999030e-03,1.403755e-02,1.462301e-01,2.428925e-01,3.889124e-03,1.196396e-03,2.399584e-01,1.473362e-01,2.006060e-03,7.784285e-02,5.064272e-02,1.686265e-02,1.995509e-03,3.021476e-03
3.898467e-02,3.316496e-03,1.114374e-02,1.435606e-01,2.223070e-01,3.632481e-03,1.063250e-03,1.755771e-01,1.108110e-01,2.983004e-03,1.974082e-01,5.198212e-02,3.236744e-02,1.894213e-03,2.968653e-03
3.602538e-02,2.645423e-03,8.924420e-03,1.065067e-01,1.909675e-01,2.924241e-03,1.186578e-03,1.311308e-01,8.179411e-02,2.941791e-03,3.213497e-01,6.378303e-02,4.500963e-02,1.904944e-03,2.905885e-03
4.636339e-02,2.205661e-03,1.023744e-02,8.536195e-02,1.482422e-01,3.062232e-03,1.329717e-03,1.544475e-01,6.674299e-02,5.420799e-03,3.198123e-01,6.175232e-02,8.861701e-02,3.308907e-03,3.095530e-03
5.626706e-02,2.088316e-03,1.181110e-02,6.891652e-02,1.290625e-01,3.041694e-03,1.615194e-03,1.472363e-01,5.711287e-02,9.673947e-03,3.001436e-01,4.992564e-02,1.545582e-01,4.581411e-03,3.965654e-03
7.303736e-02,2.891088e-03,1.730325e-02,6.030795e-02,1.325648e-01,4.150411e-03,1.660682e-03,1.268998e-01,5.064844e-02,8.986844e-03,2.924729e-01,5.115157e-02,1.629070e-01,8.358255e-03,6.659689e-03
9.054010e-02,6.782955e-03,1.931606e-02,5.147308e-02,1.767404e-01,4.166767e-03,1.979383e-03,1.114184e-01,5.300066e-02,7.590036e-03,2.563581e-01,4.793538e-02,1.551457e-01,9.734986e-03,7.817968e-03
9.512872e-02,1.076712e-02,2.562371e-02,4.299504e-02,2.082606e-01,6.067548e-03,5.846763e-03,1.055971e-01,1.132158e-01,6.139229e-03,1.982053e-01,3.782079e-02,1.193164e-01,1.060721e-02,1.440872e-02
7.271673e-02,1.067682e-02,2.611463e-02,1.056157e-01,1.766172e-01,5.703990e-03,4.708264e-03,8.153069e-02,2.292498e-01,4.905954e-03,1.433664e-01,2.762689e-02,8.769341e-02,8.063859e-03,1.540966e-02
1.290705e-01,1.390767e-02,1.992518e-02,8.278359e-02,1.783199e-01,7.234698e-03,4.928887e-03,7.072078e-02,2.512901e-01,4.653899e-03,1.194794e-01,2.405544e-02,7.235911e-02,6.182667e-03,1.508814e-02
2.601478e-01,1.333030e-02,1.695089e-02,6.707639e-02,1.512446e-01,1.209405e-02,6.883649e-03,6.473562e-02,2.151698e-01,4.243352e-03,8.969548e-02,2.287007e-02,5.511367e-02,4.871223e-03,1.557305e-02
3.664223e-01,1.294239e-02,1.935992e-02,6.381862e-02,1.242545e-01,2.045901e-02,6.394118e-03,5.250395e-02,1.764819e-01,3.607039e-03,6.452699e-02,2.320099e-02,4.370920e-02,4.049593e-03,1.826945e-02
3.654680e-01,2.448069e-02,2.461549e-02,5.479781e-02,9.995542e-02,2.224854e-02,5.452129e-03,4.101278e-02,1.622388e-01,7.777426e-03,4.752974e-02,2.154984e-02,3.542349e-02,4.188261e-03,8.326162e-02
3.839647e-01,3.152818e-02,5.348769e-02,6.163888e-02,7.292678e-02,1.939783e-02,4.385513e-03,3.285639e-02,1.574309e-01,8.557213e-03,3.522358e-02,1.926851e-02,2.793260e-02,3.901395e-03,8.749981e-02
4.604605e-01,3.571063e-02,4.677669e-02,4.989103e-02,5.991796e-02,1.903906e-02,4.569105e-03,3.064765e-02,1.362778e-01,6.869855e-03,2.612674e-02,1.709940e-02,2.252946e-02,4.822066e-03,7.926203e-02
4.840810e-01,3.757557e-02,5.014570e-02,5.733183e-02,5.012653e-02,2.185588e-02,5.059402e-03,3.464681e-02,1.223399e-01,5.826999e-03,2.014921e-02,1.792541e-02,1.961182e-02,4.224468e-03,6.909952e-02
1.000000e+00,0.000000e+00,0.000000e+00,0.000000e+00,0.000000e+00,0.000000e+00,0.000000e+00,0.000000e+00,0.000000e+00,0.000000e+00,0.000000e+00,0.000000e+00,0.000000e+00,0.000000e+00,0.000000e+00
4.918125e-01,5.031903e-02,4.880942e-02,6.408557e-02,3.597486e-02,1.764989e-02,3.609925e-03,2.302540e-02,1.191797e-01,7.060534e-03,1.283696e-02,1.466022e-02,2.287331e-02,3.613845e-03,8.448884e-02
3.658628e-01,7.662397e-02,6.431725e-02,1.596044e-01,2.576968e-02,1.340729e-02,2.603938e-03,1.663201e-02,1.532938e-01,7.958859e-03,1.068717e-02,1.081604e-02,1.866284e-02,2.666520e-03,7.109339e-02
4.163987e-01,7.433133e-02,4.949097e-02,1.214281e-01,2.427872e-02,1.424561e-02,2.537210e-03,1.278565e-02,1.441469e-01,7.922698e-03,1.025272e-02,9.545332e-03,2.045283e-02,2.822774e-03,8.936052e-02
3.113737e-01,8.707919e-02,8.879134e-02,1.734804e-01,2.015507e-02,1.196627e-02,2.089805e-03,1.015508e-02,1.574738e-01,8.100873e-03,1.000735e-02,8.666398e-03,2.203774e-02,2.311966e-03,8.631098e-02
3.717141e-01,7.765198e-02,6.566662e-02,1.372795e-01,2.022084e-02,1.560264e-02,2.594533e-03,9.803098e-03,1.669578e-01,6.843927e-03,1.264343e-02,8.905433e-03,2.385119e-02,2.751354e-03,7.751362e-02
3.289823e-01,8.512118e-02,7.252906e-02,1.469185e-01,1.503533e-02,1.432197e-02,2.043480e-03,8.339563e-03,1.603824e-01,1.118542e-02,1.172251e-02,9.481986e-03,2.242680e-02,2.700653e-03,1.088089e-01
3.961098e-01,7.335738e-02,7.257718e-02,1.281259e-01,1.161210e-02,1.473419e-02,1.656580e-03,7.455017e-03,1.483704e-01,1.027274e-02,1.123000e-02,1.070146e-02,1.816860e-02,3.124463e-03,9.250426e-02
1.000000e+00,0.000000e+00,0.000000e+00,0.000000e+00,0.000000e+00,0.000000e+00,0.000000e+00,0.000000e+00,0.000000e+00,0.000000e+00,0.000000e+00,0.000000e+00,0.000000e+00,0.000000e+00,0.000000e+00
4.393219e-01,5.649670e-02,8.855659e-02,1.352465e-01,9.713726e-03,1.255512e-02,1.434673e-03,6.039834e-03,1.280974e-01,9.580852e-03,1.043064e-02,1.224759e-02,1.372661e-02,3.163816e-03,7.338809e-02
4.909223e-01,5.006762e-02,6.747895e-02,1.050909e-01,1.049375e-02,1.194618e-02,1.554936e-03,6.672403e-03,1.138082e-01,9.072221e-03,9.833547e-03,1.140626e-02,1.223172e-02,3.442938e-03,9.597799e-02
4.686028e-01,6.612850e-02,5.399728e-02,1.417140e-01,1.281221e-02,1.373710e-02,2.225076e-03,1.001079e-02,9.535263e-02,7.116422e-03,9.741182e-03,1.568902e-02,1.157160e-02,3.313678e-03,8.798772e-02
1.000000e+00,0.000000e+00,0.000000e+00,0.000000e+00,0.000000e+00,0.000000e+00,0.000000e+00,0.000000e+00,0.000000e+00,0.000000e+00,0.000000e+00,0.000000e+00,0.000000e+00,0.000000e+00,0.000000e+00
4.957733e-01,6.214067e-02,4.252298e-02,1.302274e-01,3.054472e-02,1.721614e-02,5.728917e-03,2.700000e-02,7.908197e-02,4.958254e-03,9.188375e-03,1.375176e-02,1.155170e-02,4.137896e-03,6.617602e-02
1.000000e+00,0.000000e+00,0.000000e+00,0.000000e+00,0.000000e+00,0.000000e+00,0.000000e+00,0.000000e+00,0.000000e+00,0.000000e+00,0.000000e+00,0.000000e+00,0.000000e+00,0.000000e+00,0.000000e+00
1.000000e+00,0.000000e+00,0.000000e+00,0.000000e+00,0.000000e+00,0.000000e+00,0.000000e+00,0.000000e+00,0.000000e+00,0.000000e+00,0.000000e+00,0.000000e+00,0.000000e+00,0.000000e+00,0.000000e+00
1.000000e+00,0.000000e+00,0.000000e+00,0.000000e+00,0.000000e+00,0.000000e+00,0.000000e+00,0.000000e+00,0.000000e+00,0.000000e+00,0.000000e+00,0.000000e+00,0.000000e+00,0.000000e+00,0.000000e+00
1.000000e+00,0.000000e+00,0.000000e+00,0.000000e+00,0.000000e+00,0.000000e+00,0.000000e+00,0.000000e+00,0.000000e+00,0.000000e+00,0.000000e+00,0.000000e+00,0.000000e+00,0.000000e+00,0.000000e+00
4.723589e-01,3.416790e-02,2.112529e-02,4.843189e-02,2.289530e-02,1.738710e-02,2.690927e-03,1.381284e-02,3.400550e-02,1.089325e-02,1.525886e-01,2.126540e-02,4.380881e-02,5.002449e-02,5.454374e-02
3.777118e-01,2.580928e-02,1.649264e-02,3.709137e-02,1.862005e-02,1.336087e-02,2.591794e-03,1.299802e-02,3.040757e-02,5.498005e-02,1.626401e-01,2.525324e-02,4.267060e-02,7.463135e-02,1.047412e-01
2.721265e-01,1.889059e-02,1.227830e-02,2.792382e-02,1.467226e-02,9.680338e-03,1.947762e-03,9.922926e-03,2.289827e-02,8.092752e-02,1.762720e-01,2.566267e-02,3.393720e-02,1.289897e-01,1.638702e-01
1.983688e-01,1.354444e-02,9.307065e-03,2.075679e-02,1.144866e-02,7.711405e-03,1.681423e-03,8.187006e-03,1.732870e-02,1.333088e-01,2.009321e-01,2.350589e-02,2.537399e-02,1.253377e-01,2.032072e-01
1.413622e-01,9.656658e-03,7.053397e-03,1.511769e-02,1.379740e-02,6.073837e-03,1.697063e-03,6.133568e-03,1.308457e-02,1.510108e-01,2.263605e-01,1.962802e-02,1.865666e-02,1.025639e-01,2.678038e-01
1.030143e-01,6.895277e-03,5.352153e-03,1.115060e-02,1.336416e-02,5.225120e-03,1.340140e-03,4.646066e-03,9.734076e-03,1.631184e-01,2.033714e-01,1.636177e-02,1.419527e-02,8.648762e-02,3.557436e-01
8.071846e-02,5.304237e-03,4.362646e-03,1.086585e-02,8.410671e-02,7.598215e-03,1.609369e-03,4.106650e-03,7.991784e-03,1.311893e-01,1.820842e-01,1.379438e-02,1.112964e-02,6.802677e-02,3.871117e-01
7.881641e-02,5.369913e-03,4.913059e-03,1.052130e-02,9.818876e-02,9.576942e-03,2.039922e-03,3.746647e-03,7.238430e-03,1.215513e-01,1.711298e-01,1.379323e-02,9.508971e-03,6.440267e-02,3.992026e-01
1.014797e-01,4.263919e-03,3.804972e-03,8.740089e-03,8.549755e-02,1.190973e-02,3.036133e-03,3.489611e-03,7.738676e-03,1.027103e-01,2.639663e-01,2.364953e-02,1.079978e-02,5.307496e-02,3.158386e-01
1.125139e-01,1.505665e-02,4.046913e-03,7.955591e-03,9.868326e-02,1.546161e-02,4.303993e-03,9.059880e-03,4.563018e-02,9.557772e-02,2.904668e-01,2.416932e-02,1.209819e-02,4.179343e-02,2.231825e-01
1.013715e-01,2.321269e-02,3.802198e-03,6.982554e-03,1.238525e-01,1.463563e-02,4.369258e-03,1.430184e-02,1.547964e-01,8.371352e-02,2.459782e-01,2.226990e-02,1.028835e-02,3.286158e-02,1.575639e-01
9.276427e-02,3.593295e-02,5.310187e-03,7.085121e-03,1.117012e-01,2.217112e-02,5.501877e-03,3.191857e-02,2.584356e-01,6.487776e-02,1.963925e-01,2.072775e-02,1.009261e-02,2.477456e-02,1.123139e-01
7.137182e-02,4.104352e-02,4.127159e-03,5.672021e-03,8.486646e-02,6.501089e-02,4.359889e-03,2.750832e-02,3.830850e-01,4.814897e-02,1.426654e-01,1.691568e-02,7.963449e-03,1.781511e-02,7.944632e-02
5.370243e-02,5.163748e-02,3.057716e-03,4.784578e-03,9.259241e-02,6.511354e-02,3.517141e-03,2.319561e-02,4.795312e-01,3.498979e-02,1.008943e-01,1.207053e-02,5.900840e-03,1.265568e-02,5.635684e-02
4.189848e-02,4.043202e-02,2.351592e-03,4.835581e-03,8.935092e-02,5.036133e-02,2.911218e-03,3.013584e-02,5.798817e-01,2.528099e-02,7.082722e-02,8.612962e-03,4.334357e-03,9.008659e-03,3.977710e-02
3.501391e-02,3.329547e-02,1.801554e-03,3.716489e-03,9.145891e-02,4.114474e-02,2.558846e-03,3.791619e-02,6.414874e-01,1.811522e-02,4.966685e-02,6.209824e-03,3.186499e-03,6.458070e-03,2.797004e-02
3.637239e-02,3.571541e-02,1.689635e-03,3.353280e-03,8.940974e-02,3.821933e-02,3.243092e-03,7.792176e-02,6.343486e-01,1.327984e-02,3.489451e-02,4.654300e-03,2.383110e-03,4.672810e-03,1.984217e-02
4.207174e-02,3.282021e-02,1.529213e-03,3.250722e-03,8.641727e-02,6.184475e-02,3.683452e-03,9.812655e-02,6.113269e-01,1.037837e-02,2.466789e-02,3.744825e-03,1.900326e-03,3.520686e-03,1.471707e-02
4.650833e-02,2.903981e-02,1.593349e-03,2.904420e-03,7.226558e-02,8.192496e-02,7.491706e-03,1.226224e-01,5.919809e-01,7.913673e-03,1.767817e-02,3.033628e-03,1.711784e-03,2.554275e-03,1.077698e-02
4.800526e-02,2.491295e-02,1.317690e-03,2.431275e-03,5.611970e-02,6.443272e-02,5.912479e-03,1.042041e-01,6.593027e-01,6.142594e-03,1.289670e-02,2.650617e-03,1.520164e-03,1.847935e-03,8.303075e-03
5.855177e-02,2.019145e-02,1.150847e-03,2.132378e-03,4.511579e-02,5.319258e-02,9.188998e-03,1.032796e-01,6.799722e-01,5.161370e-03,9.912429e-03,2.591420e-03,1.584525e-03,1.347791e-03,6.626852e-03
7.615376e-02,1.619224e-02,1.172652e-03,2.013645e-03,3.505498e-02,4.319980e-02,2.798766e-02,9.532081e-02,6.768783e-01,5.484943e-03,7.720303e-03,3.295636e-03,2.471057e-03,1.025178e-03,6.028980e-03
8.317052e-02,1.410224e-02,1.188284e-03,1.748110e-03,2.827393e-02,3.744704e-02,5.393770e-02,8.440091e-02,6.719278e-01,5.006351e-03,5.923651e-03,3.164629e-03,3.533102e-03,7.668022e-04,5.408849e-03
8.154345e-02,1.290656e-02,9.537910e-04,1.471729e-03,2.313456e-02,2.815864e-02,7.642251e-02,7.752395e-02,6.767579e-01,4.543234e-03,4.540809e-03,2.715658e-03,4.079282e-03,5.842878e-04,4.663534e-03
1.533614e-01,1.622651e-02,1.030697e-03,1.891863e-03,2.045925e-02,2.199948e-02,7.127942e-02,6.258724e-02,6.272836e-01,5.697049e-03,4.187505e-03,4.420611e-03,3.958198e-03,5.295389e-04,5.087662e-03
1.759822e-01,1.997834e-02,1.403813e-03,2.069484e-03,1.898434e-02,1.895924e-02,1.180079e-01,5.106968e-02,5.656820e-01,6.104839e-03,4.492790e-03,6.005906e-03,4.317115e-03,5.918144e-04,6.350496e-03
1.518158e-01,2.769517e-02,2.460864e-03,2.035600e-03,1.613669e-02,1.698168e-02,2.341218e-01,4.887552e-02,4.702397e-01,5.094436e-03,5.432109e-03,5.906295e-03,5.733985e-03,6.145762e-04,6.855639e-03
1.301293e-01,3.120589e-02,3.651046e-03,2.015622e-03,1.415137e-02,1.573265e-02,3.381426e-01,4.956764e-02,3.797154e-01,4.084749e-03,7.946046e-03,5.906191e-03,6.794929e-03,5.951004e-04,1.036134e-02
1.368333e-01,3.075437e-02,3.601123e-03,2.279915e-03,1.721247e-02,1.485909e-02,3.315299e-01,6.420928e-02,3.454189e-01,3.979848e-03,1.978762e-02,7.343935e-03,7.587687e-03,5.871508e-04,1.401538e-02
1.258666e-01,3.762404e-02,4.633946e-03,2.760083e-03,1.778081e-02,1.917693e-02,2.980410e-01,5.580666e-02,2.761680e-01,1.245246e-02,5.772288e-02,7.716754e-03,2.733902e-02,1.404780e-03,5.550592e-02
9.679493e-02,3.007083e-02,3.861508e-03,4.535512e-03,1.532082e-02,1.979107e-02,2.316853e-01,4.101200e-02,2.534297e-01,1.374938e-02,1.743024e-01,1.356162e-02,4.470132e-02,1.357140e-03,5.582654e-02
6.909331e-02,2.145067e-02,3.133730e-03,1.211358e-02,1.197078e-02,1.610146e-02,1.652157e-01,2.972240e-02,2.102404e-01,1.414056e-02,2.922918e-01,2.488481e-02,8.233751e-02,2.020317e-03,4.528298e-02
4.947568e-02,1.548247e-02,2.465531e-03,1.363673e-02,8.961675e-03,1.428171e-02,1.167299e-01,2.125698e-02,2.071886e-01,1.497624e-02,3.194948e-01,4.980394e-02,1.113618e-01,3.727983e-03,5.115603e-02
3.515826e-02,1.115316e-02,1.945043e-03,1.072756e-02,6.688157e-03,1.057028e-02,8.176333e-02,1.516909e-02,3.087956e-01,1.071147e-02,2.484890e-01,7.475625e-02,1.446292e-01,2.691885e-03,3.675177e-02
2.695554e-02,8.350421e-03,3.378423e-03,3.585701e-02,5.523264e-03,8.693407e-03,5.732105e-02,1.367616e-02,4.321690e-01,8.195760e-03,1.843303e-01,6.509848e-02,1.184065e-01,2.551814e-03,2.949304e-02
3.367142e-02,6.393453e-03,6.826591e-03,3.211361e-02,1.263107e-02,6.566359e-03,4.045342e-02,1.439548e-02,5.314108e-01,5.970215e-03,1.452149e-01,4.800260e-02,9.135173e-02,2.868530e-03,2.212982e-02
4.998151e-02,6.659921e-03,3.529839e-02,9.190752e-02,2.591667e-02,6.040256e-03,2.870937e-02,2.748318e-02,4.911206e-01,4.497600e-03,1.087201e-01,3.541275e-02,6.676983e-02,2.802882e-03,1.867952e-02
8.660740e-02,5.917737e-03,4.345071e-02,9.875770e-02,5.203607e-02,5.857415e-03,2.044525e-02,3.342386e-02,4.726480e-01,3.472198e-03,8.108382e-02,2.708044e-02,4.987510e-02,3.084058e-03,1.626024e-02
1.451454e-01,6.231390e-03,4.444126e-02,8.109495e-02,7.198168e-02,5.307888e-03,1.476536e-02,3.360424e-02,4.506242e-01,3.101030e-03,6.327499e-02,2.401356e-02,3.786395e-02,3.239905e-03,1.531015e-02
1.445508e-01,6.975562e-03,9.364086e-02,1.569762e-01,6.388634e-02,5.748793e-03,1.055293e-02,4.417866e-02,3.638618e-01,2.658760e-03,4.622491e-02,1.833650e-02,2.796026e-02,2.516259e-03,1.193144e-02
1.333539e-01,5.462556e-03,7.164598e-02,1.219040e-01,9.020811e-02,4.574249e-03,7.665114e-03,1.982301e-01,2.887928e-01,1.911204e-03,3.281766e-02,1.313291e-02,1.998138e-02,1.799764e-03,8.520298e-03
1.002423e-01,3.928952e-03,5.051847e-02,8.784499e-02,8.539283e-02,3.304666e-03,5.637670e-03,4.018294e-01,2.063644e-01,1.340531e-03,2.307913e-02,9.238035e-03,1.404185e-02,1.264796e-03,5.972094e-03
7.560636e-02,2.803775e-03,3.555717e-02,6.277639e-02,7.227254e-02,2.458280e-03,4.184498e-03,5.596952e-01,1.460306e-01,9.401175e-04,1.622904e-02,6.496730e-03,9.870504e-03,8.904554e-04,4.188310e-03
8.260006e-02,2.485827e-03,2.520194e-02,4.509915e-02,7.009001e-02,4.398938e-03,3.533568e-03,6.326135e-01,1.036181e-01,6.914273e-04,1.236660e-02,5.472654e-03,7.979872e-03,6.800558e-04,3.168213e-03
1.669806e-01,2.260693e-03,1.801367e-02,3.392245e-02,6.492575e-02,6.577017e-03,3.030145e-03,6.024176e-01,7.420887e-02,5.537012e-04,9.988511e-03,6.230667e-03,7.659417e-03,6.027714e-04,2.628103e-03
2.609555e-01,3.392002e-03,1.352786e-02,3.220410e-02,5.536800e-02,8.434431e-03,2.871023e-03,5.269920e-01,5.475951e-02,7.204732e-04,9.844981e-03,1.643857e-02,1.008500e-02,9.646222e-04,3.442023e-03
1.960807e-01,9.832734e-03,1.406580e-02,2.045010e-01,5.150542e-02,6.610250e-03,2.245554e-03,3.781682e-01,9.240673e-02,1.808525e-03,1.311929e-02,1.212667e-02,1.139533e-02,8.297509e-04,5.304048e-03
2.982072e-01,1.210313e-02,1.588975e-02,1.702862e-01,5.916908e-02,6.483688e-03,1.901606e-03,2.963088e-01,7.316750e-02,2.104952e-03,1.822953e-02,1.363495e-02,1.913741e-02,1.557807e-03,1.181839e-02
4.356178e-01,1.045831e-02,1.659028e-02,1.254608e-01,5.620874e-02,6.718300e-03,2.059742e-03,2.247642e-01,5.643498e-02,1.840648e-03,1.627837e-02,1.557781e-02,2.105564e-02,1.488045e-03,9.446250e-03
1.000000e+00,0.000000e+00,0.000000e+00,0.000000e+00,0.000000e+00,0.000000e+00,0.000000e+00,0.000000e+00,0.000000e+00,0.000000e+00,0.000000e+00,0.000000e+00,0.000000e+00,0.000000e+00,0.000000e+00
1.000000e+00,0.000000e+00,0.000000e+00,0.000000e+00,0.000000e+00,0.000000e+00,0.000000e+00,0.000000e+00,0.000000e+00,0.000000e+00,0.000000e+00,0.000000e+00,0.000000e+00,0.000000e+00,0.000000e+00
1.000000e+00,0.000000e+00,0.000000e+00,0.000000e+00,0.000000e+00,0.000000e+00,0.000000e+00,0.000000e+00,0.000000e+00,0.000000e+00,0.000000e+00,0.000000e+00,0.000000e+00,0.000000e+00,0.000000e+00
1.000000e+00,0.000000e+00,0.000000e+00,0.000000e+00,0.000000e+00,0.000000e+00,0.000000e+00,0.000000e+00,0.000000e+00,0.000000e+00,0.000000e+00,0.000000e+00,0.000000e+00,0.000000e+00,0.000000e+00
