1.000000e+00,0.000000e+00,0.000000e+00,0.000000e+00,0.000000e+00,0.000000e+00,0.000000e+00,0.000000e+00,0.000000e+00,0.000000e+00,0.000000e+00,0.000000e+00,0.000000e+00,0.000000e+00,0.000000e+00
1.000000e+00,0.000000e+00,0.000000e+00,0.000000e+00,0.000000e+00,0.000000e+00,0.000000e+00,0.000000e+00,0.000000e+00,0.000000e+00,0.000000e+00,0.000000e+00,0.000000e+00,0.000000e+00,0.000000e+00
1.000000e+00,0.000000e+00,0.000000e+00,0.000000e+00,0.000000e+00,0.000000e+00,0.000000e+00,0.000000e+00,0.000000e+00,0.000000e+00,0.000000e+00,0.000000e+00,0.000000e+00,0.000000e+00,0.000000e+00
1.000000e+00,0.000000e+00,0.000000e+00,0.000000e+00,0.000000e+00,0.000000e+00,0.000000e+00,0.000000e+00,0.000000e+00,0.000000e+00,0.000000e+00,0.000000e+00,0.000000e+00,0.000000e+00,0.000000e+00
1.000000e+00,0.000000e+00,0.000000e+00,0.000000e+00,0.000000e+00,0.000000e+00,0.000000e+00,0.000000e+00,0.000000e+00,0.000000e+00,0.000000e+00,0.000000e+00,0.000000e+00,0.000000e+00,0.000000e+00
1.000000e+00,0.000000e+00,0.000000e+00,0.000000e+00,0.000000e+00,0.000000e+00,0.000000e+00,0.000000e+00,0.000000e+00,0.000000e+00,0.000000e+00,0.000000e+00,0.000000e+00,0.000000e+00,0.000000e+00
1.000000e+00,0.000000e+00,0.000000e+00,0.000000e+00,0.000000e+00,0.000000e+00,0.000000e+00,0.000000e+00,0.000000e+00,0.000000e+00,0.000000e+00,0.000000e+00,0.000000e+00,0.000000e+00,0.000000e+00
1.000000e+00,0.000000e+00,0.000000e+00,0.000000e+00,0.000000e+00,0.000000e+00,0.000000e+00,0.000000e+00,0.000000e+00,0.000000e+00,0.000000e+00,0.000000e+00,0.000000e+00,0.000000e+00,0.000000e+00
1.000000e+00,0.000000e+00,0.000000e+00,0.000000e+00,0.000000e+00,0.000000e+00,0.000000e+00,0.000000e+00,0.000000e+00,0.000000e+00,0.000000e+00,0.000000e+00,0.000000e+00,0.000000e+00,0.000000e+00
1.000000e+00,0.000000e+00,0.000000e+00,0.000000e+00,0.000000e+00,0.000000e+00,0.000000e+00,0.000000e+00,0.000000e+00,0.000000e+00,0.000000e+00,0.000000e+00,0.000000e+00,0.000000e+00,0.000000e+00
1.000000e+00,0.000000e+00,0.000000e+00,0.000000e+00,0.000000e+00,0.000000e+00,0.000000e+00,0.000000e+00,0.000000e+00,0.000000e+00,0.000000e+00,0.000000e+00,0.000000e+00,0.000000e+00,0.000000e+00
1.000000e+00,0.000000e+00,0.000000e+00,0.000000e+00,0.000000e+00,0.000000e+00,0.000000e+00,0.000000e+00,0.000000e+00,0.000000e+00,0.000000e+00,0.000000e+00,0.000000e+00,0.000000e+00,0.000000e+00
1.000000e+00,0.000000e+00,0.000000e+00,0.000000e+00,0.000000e+00,0.000000e+00,0.000000e+00,0.000000e+00,0.000000e+00,0.000000e+00,0.000000e+00,0.000000e+00,0.000000e+00,0.000000e+00,0.000000e+00
1.000000e+00,0.000000e+00,0.000000e+00,0.000000e+00,0.000000e+00,0.000000e+00,0.000000e+00,0.000000e+00,0.000000e+00,0.000000e+00,0.000000e+00,0.000000e+00,0.000000e+00,0.000000e+00,0.000000e+00
1.000000e+00,0.000000e+00,0.000000e+00,0.000000e+00,0.000000e+00,0.000000e+00,0.000000e+00,0.000000e+00,0.000000e+00,0.000000e+00,0.000000e+00,0.000000e+00,0.000000e+00,0.000000e+00,0.000000e+00
1.000000e+00,0.000000e+00,0.000000e+00,0.000000e+00,0.000000e+00,0.000000e+00,0.000000e+00,0.000000e+00,0.000000e+00,0.000000e+00,0.000000e+00,0.000000e+00,0.000000e+00,0.000000e+00,0.000000e+00
1.000000e+00,0.000000e+00,0.000000e+00,0.000000e+00,0.000000e+00,0.000000e+00,0.000000e+00,0.000000e+00,0.000000e+00,0.000000e+00,0.000000e+00,0.000000e+00,0.000000e+00,0.000000e+00,0.000000e+00
1.000000e+00,0.000000e+00,0.000000e+00,0.000000e+00,0.000000e+00,0.000000e+00,0.000000e+00,0.000000e+00,0.000000e+00,0.000000e+00,0.000000e+00,0.000000e+00,0.000000e+00,0.000000e+00,0.000000e+00
1.000000e+00,0.000000e+00,0.000000e+00,0.000000e+00,0.000000e+00,0.000000e+00,0.000000e+00,0.000000e+00,0.000000e+00,0.000000e+00,0.000000e+00,0.000000e+00,0.000000e+00,0.000000e+00,0.000000e+00
1.000000e+00,0.000000e+00,0.000000e+00,0.000000e+00,0.000000e+00,0.000000e+00,0.000000e+00,0.000000e+00,0.000000e+00,0.000000e+00,0.000000e+00,0.000000e+00,0.000000e+00,0.000000e+00,0.000000e+00
1.000000e+00,0.000000e+00,0.000000e+00,0.000000e+00,0.000000e+00,0.000000e+00,0.000000e+00,0.000000e+00,0.000000e+00,0.000000e+00,0.000000e+00,0.000000e+00,0.000000e+00,0.000000e+00,0.000000e+00
1.000000e+00,0.000000e+00,0.000000e+00,0.000000e+00,0.000000e+00,0.000000e+00,0.000000e+00,0.000000e+00,0.000000e+00,0.000000e+00,0.000000e+00,0.000000e+00,0.000000e+00,0.000000e+00,0.000000e+00
1.000000e+00,0.000000e+00,0.000000e+00,0.000000e+00,0.000000e+00,0.000000e+00,0.000000e+00,0.000000e+00,0.000000e+00,0.000000e+00,0.000000e+00,0.000000e+00,0.000000e+00,0.000000e+00,0.000000e+00
1.000000e+00,0.000000e+00,0.000000e+00,0.000000e+00,0.000000e+00,0.000000e+00,0.000000e+00,0.000000e+00,0.000000e+00,0.000000e+00,0.000000e+00,0.000000e+00,0.000000e+00,0.000000e+00,0.000000e+00
1.000000e+00,0.000000e+00,0.000000e+00,0.000000e+00,0.000000e+00,0.000000e+00,0.000000e+00,0.000000e+00,0.000000e+00,0.000000e+00,0.000000e+00,0.000000e+00,0.000000e+00,0.000000e+00,0.000000e+00
1.000000e+00,0.000000e+00,0.000000e+00,0.000000e+00,0.000000e+00,0.000000e+00,0.000000e+00,0.000000e+00,0.000000e+00,0.000000e+00,0.000000e+00,0.000000e+00,0.000000e+00,0.000000e+00,0.000000e+00
1.000000e+00,0.000000e+00,0.000000e+00,0.000000e+00,0.000000e+00,0.000000e+00,0.000000e+00,0.000000e+00,0.000000e+00,0.000000e+00,0.000000e+00,0.000000e+00,0.000000e+00,0.000000e+00,0.000000e+00
1.000000e+00,0.000000e+00,0.000000e+00,0.000000e+00,0.000000e+00,0.000000e+00,0.000000e+00,0.000000e+00,0.000000e+00,0.000000e+00,0.000000e+00,0.000000e+00,0.000000e+00,0.000000e+00,0.000000e+00
1.000000e+00,0.000000e+00,0.000000e+00,0.000000e+00,0.000000e+00,0.000000e+00,0.000000e+00,0.000000e+00,0.000000e+00,0.000000e+00,0.000000e+00,0.000000e+00,0.000000e+00,0.000000e+00,0.000000e+00
1.000000e+00,0.000000e+00,0.000000e+00,0.000000e+00,0.000000e+00,0.000000e+00,0.000000e+00,0.000000e+00,0.000000e+00,0.000000e+00,0.000000e+00,0.000000e+00,0.000000e+00,0.000000e+00,0.000000e+00
1.000000e+00,0.000000e+00,0.000000e+00,0.000000e+00,0.000000e+00,0.000000e+00,0.000000e+00,0.000000e+00,0.000000e+00,0.000000e+00,0.000000e+00,0.000000e+00,0.000000e+00,0.000000e+00,0.000000e+00
1.000000e+00,0.000000e+00,0.000000e+00,0.000000e+00,0.000000e+00,0.000000e+00,0.000000e+00,0.000000e+00,0.000000e+00,0.000000e+00,0.000000e+00,0.000000e+00,0.000000e+00,0.000000e+00,0.000000e+00
1.000000e+00,0.000000e+00,0.000000e+00,0.000000e+00,0.000000e+00,0.000000e+00,0.000000e+00,0.000000e+00,0.000000e+00,0.000000e+00,0.000000e+00,0.000000e+00,0.000000e+00,0.000000e+00,0.000000e+00
1.000000e+00,0.000000e+00,0.000000e+00,0.000000e+00,0.000000e+00,0.000000e+00,0.000000e+00,0.000000e+00,0.000000e+00,0.000000e+00,0.000000e+00,0.000000e+00,0.000000e+00,0.000000e+00,0.000000e+00
1.000000e+00,0.000000e+00,0.000000e+00,0.000000e+00,0.000000e+00,0.000000e+00,0.000000e+00,0.000000e+00,0.000000e+00,0.000000e+00,0.000000e+00,0.000000e+00,0.000000e+00,0.000000e+00,0.000000e+00
1.000000e+00,0.000000e+00,0.000000e+00,0.000000e+00,0.000000e+00,0.000000e+00,0.000000e+00,0.000000e+00,0.000000e+00,0.000000e+00,0.000000e+00,0.000000e+00,0.000000e+00,0.000000e+00,0.000000e+00
1.000000e+00,0.000000e+00,0.000000e+00,0.000000e+00,0.000000e+00,0.000000e+00,0.000000e+00,0.000000e+00,0.000000e+00,0.000000e+00,0.000000e+00,0.000000e+00,0.000000e+00,0.000000e+00,0.000000e+00
1.000000e+00,0.000000e+00,0.000000e+00,0.000000e+00,0.000000e+00,0.000000e+00,0.000000e+00,0.000000e+00,0.000000e+00,0.000000e+00,0.000000e+00,0.000000e+00,0.000000e+00,0.000000e+00,0.000000e+00
1.000000e+00,0.000000e+00,0.000000e+00,0.000000e+00,0.000000e+00,0.000000e+00,0.000000e+00,0.000000e+00,0.000000e+00,0.000000e+00,0.000000e+00,0.000000e+00,0.000000e+00,0.000000e+00,0.000000e+00
1.000000e+00,0.000000e+00,0.000000e+00,0.000000e+00,0.000000e+00,0.000000e+00,0.000000e+00,0.000000e+00,0.000000e+00,0.000000e+00,0.000000e+00,0.000000e+00,0.000000e+00,0.000000e+00,0.000000e+00
1.000000e+00,0.000000e+00,0.000000e+00,0.000000e+00,0.000000e+00,0.000000e+00,0.000000e+00,0.000000e+00,0.000000e+00,0.000000e+00,0.000000e+00,0.000000e+00,0.000000e+00,0.000000e+00,0.000000e+00
1.000000e+00,0.000000e+00,0.000000e+00,0.000000e+00,0.000000e+00,0.000000e+00,0.000000e+00,0.000000e+00,0.000000e+00,0.000000e+00,0.000000e+00,0.000000e+00,0.000000e+00,0.000000e+00,0.000000e+00
1.000000e+00,0.000000e+00,0.000000e+00,0.000000e+00,0.000000e+00,0.000000e+00,0.000000e+00,0.000000e+00,0.000000e+00,0.000000e+00,0.000000e+00,0.000000e+00,0.000000e+00,0.000000e+00,0.000000e+00
1.000000e+00,0.000000e+00,0.000000e+00,0.000000e+00,0.000000e+00,0.000000e+00,0.000000e+00,0.000000e+00,0.000000e+00,0.000000e+00,0.000000e+00,0.000000e+00,0.000000e+00,0.000000e+00,0.000000e+00
1.000000e+00,0.000000e+00,0.000000e+00,0.000000e+00,0.000000e+00,0.000000e+00,0.000000e+00,0.000000e+00,0.000000e+00,0.000000e+00,0.000000e+00,0.000000e+00,0.000000e+00,0.000000e+00,0.000000e+00
1.000000e+00,0.000000e+00,0.000000e+00,0.000000e+00,0.000000e+00,0.000000e+00,0.000000e+00,0.000000e+00,0.000000e+00,0.000000e+00,0.000000e+00,0.000000e+00,0.000000e+00,0.000000e+00,0.000000e+00
1.000000e+00,0.000000e+00,0.000000e+00,0.000000e+00,0.000000e+00,0.000000e+00,0.000000e+00,0.000000e+00,0.000000e+00,0.000000e+00,0.000000e+00,0.000000e+00,0.000000e+00,0.000000e+00,0.000000e+00
1.000000e+00,0.000000e+00,0.000000e+00,0.000000e+00,0.000000e+00,0.000000e+00,0.000000e+00,0.000000e+00,0.000000e+00,0.000000e+00,0.000000e+00,0.000000e+00,0.000000e+00,0.000000e+00,0.000000e+00
1.000000e+00,0.000000e+00,0.000000e+00,0.000000e+00,0.000000e+00,0.000000e+00,0.000000e+00,0.000000e+00,0.000000e+00,0.000000e+00,0.000000e+00,0.000000e+00,0.000000e+00,0.000000e+00,0.000000e+00
1.000000e+00,0.000000e+00,0.000000e+00,0.000000e+00,0.000000e+00,0.000000e+00,0.000000e+00,0.000000e+00,0.000000e+00,0.000000e+00,0.000000e+00,0.000000e+00,0.000000e+00,0.000000e+00,0.000000e+00
1.000000e+00,0.000000e+00,0.000000e+00,0.000000e+00,0.000000e+00,0.000000e+00,0.000000e+00,0.000000e+00,0.000000e+00,0.000000e+00,0.000000e+00,0.000000e+00,0.000000e+00,0.000000e+00,0.000000e+00
1.000000e+00,0.000000e+00,0.000000e+00,0.000000e+00,0.000000e+00,0.000000e+00,0.000000e+00,0.000000e+00,0.000000e+00,0.000000e+00,0.000000e+00,0.000000e+00,0.000000e+00,0.000000e+00,0.000000e+00
1.000000e+00,0.000000e+00,0.000000e+00,0.000000e+00,0.000000e+00,0.000000e+00,0.000000e+00,0.000000e+00,0.000000e+00,0.000000e+00,0.000000e+00,0.000000e+00,0.000000e+00,0.000000e+00,0.000000e+00
1.000000e+00,0.000000e+00,0.000000e+00,0.000000e+00,0.000000e+00,0.000000e+00,0.000000e+00,0.000000e+00,0.000000e+00,0.000000e+00,0.000000e+00,0.000000e+00,0.000000e+00,0.000000e+00,0.000000e+00
1.000000e+00,0.000000e+00,0.000000e+00,0.000000e+00,0.000000e+00,0.000000e+00,0.000000e+00,0.000000e+00,0.000000e+00,0.000000e+00,0.000000e+00,0.000000e+00,0.000000e+00,0.000000e+00,0.000000e+00
1.000000e+00,0.000000e+00,0.000000e+00,0.000000e+00,0.000000e+00,0.000000e+00,0.000000e+00,0.000000e+00,0.000000e+00,0.000000e+00,0.000000e+00,0.000000e+00,0.000000e+00,0.000000e+00,0.000000e+00
4.336060e-01,9.056740e-02,6.213439e-02,8.588961e-02,5.159639e-03,2.597675e-02,3.973144e-03,2.393627e-02,3.906201e-02,3.091858e-02,3.616196e-02,3.119628e-02,2.818214e-02,4.791697e-03,9.844404e-02
3.189100e-01,1.275059e-01,4.510773e-02,6.948468e-02,4.033093e-03,1.918119e-02,2.918031e-03,1.813167e-02,8.887151e-02,3.398394e-02,2.734328e-02,2.348611e-02,2.559729e-02,3.768965e-03,1.916766e-01
2.250753e-01,1.020315e-01,3.207634e-02,5.026955e-02,2.930112e-03,1.366277e-02,2.098375e-03,1.294939e-02,1.713759e-01,7.444361e-02,1.975626e-02,1.662091e-02,2.151755e-02,3.138999e-03,2.520534e-01
1.590537e-01,9.356566e-02,2.375291e-02,4.324704e-02,2.113981e-03,9.749228e-03,1.499035e-03,9.116434e-03,3.139851e-01,7.198228e-02,1.415191e-02,1.186738e-02,1.670877e-02,2.362734e-03,2.268438e-01
1.280974e-01,7.578903e-02,1.748474e-02,3.223482e-02,1.763770e-03,7.738545e-03,1.119128e-03,6.660457e-03,2.920325e-01,6.381517e-02,1.049124e-02,8.541789e-03,1.387106e-02,6.123397e-02,2.791264e-01
9.071308e-02,5.606472e-02,1.744468e-02,6.928732e-02,1.594234e-03,6.059924e-03,8.792840e-04,4.710874e-03,3.867056e-01,4.659460e-02,7.555634e-03,6.135892e-03,1.005122e-02,4.592919e-02,2.502737e-01
1.014263e-01,5.214868e-02,1.956885e-02,6.517127e-02,1.489860e-03,4.816730e-03,8.313865e-04,4.230209e-03,3.276688e-01,4.434092e-02,1.011525e-02,5.282863e-03,1.374719e-02,7.751928e-02,2.716424e-01
8.849721e-02,4.039303e-02,1.493818e-02,4.652163e-02,1.168592e-03,3.871238e-03,7.542141e-04,3.348451e-03,2.518701e-01,3.369613e-02,7.732567e-03,4.151830e-03,1.093818e-02,1.931978e-01,2.989209e-01
8.253337e-02,3.931708e-02,1.120715e-02,3.296658e-02,9.748498e-04,3.078685e-03,5.812188e-04,2.419710e-03,2.523825e-01,2.776384e-02,5.890193e-03,3.145770e-03,9.348870e-03,1.671198e-01,3.612704e-01
6.472786e-02,4.205284e-02,9.214042e-03,2.361353e-02,6.996971e-04,2.353135e-03,4.434304e-04,1.750536e-03,3.567145e-01,2.053861e-02,4.481835e-03,2.599317e-03,6.971371e-03,1.285171e-01,3.353222e-01
5.554006e-02,4.505393e-02,7.910135e-03,1.685888e-02,5.145852e-04,1.911449e-03,3.513858e-04,1.304665e-03,3.342200e-01,1.970687e-02,4.006482e-03,2.324343e-03,5.724708e-03,1.290034e-01,3.755692e-01
4.262362e-02,4.375828e-02,6.717179e-03,1.246551e-02,4.478270e-04,1.532763e-03,3.163798e-04,1.003201e-03,3.712482e-01,1.697035e-02,3.878181e-03,2.628852e-03,4.634034e-03,1.337303e-01,3.580454e-01
3.299532e-02,3.341407e-02,5.538834e-03,8.916472e-03,3.634049e-04,1.158524e-03,2.427419e-04,7.260629e-04,2.836859e-01,1.590784e-02,4.904062e-03,2.221416e-03,3.446840e-03,2.236792e-01,3.827993e-01
2.805838e-02,2.455493e-02,4.315217e-03,6.331122e-03,2.896524e-04,9.895212e-04,1.961340e-04,5.569594e-04,2.020318e-01,1.495889e-02,5.621403e-03,1.955799e-03,2.599097e-03,3.123719e-01,3.951693e-01
6.797819e-02,2.550598e-02,7.677264e-03,5.520840e-03,1.928858e-03,2.394754e-03,2.605052e-04,8.775820e-04,1.515718e-01,1.637666e-02,5.734767e-03,3.171469e-03,3.664382e-03,3.572180e-01,3.501190e-01
6.747362e-02,2.291819e-02,1.143290e-02,5.166860e-03,4.447174e-03,5.188026e-03,4.690349e-04,1.101529e-03,1.250562e-01,1.932538e-02,6.606382e-03,3.114278e-03,3.485150e-03,4.364863e-01,2.877290e-01
1.046845e-01,4.049549e-02,6.331773e-02,5.134891e-02,1.273261e-02,8.023868e-03,1.433664e-03,9.147376e-03,1.040130e-01,2.470467e-02,9.658290e-03,4.355071e-03,5.231724e-03,3.164548e-01,2.443984e-01
1.281218e-01,3.598522e-02,1.306480e-01,7.354885e-02,1.641402e-02,8.009499e-03,2.248696e-03,1.337986e-02,1.050255e-01,3.280865e-02,9.961391e-03,4.443548e-03,6.171203e-03,2.371749e-01,1.960589e-01
1.731766e-01,5.948378e-02,1.393061e-01,6.997471e-02,1.928708e-02,9.315075e-03,2.622659e-03,2.834931e-02,9.191568e-02,3.230733e-02,1.165083e-02,4.130675e-03,6.593673e-03,1.794550e-01,1.724316e-01
1.742042e-01,1.134912e-01,1.602478e-01,5.888602e-02,1.904124e-02,8.897906e-03,3.436985e-03,4.028472e-02,8.313927e-02,2.478105e-02,1.042754e-02,3.673513e-03,8.982000e-03,1.306494e-01,1.598572e-01
1.497785e-01,1.150128e-01,2.096936e-01,5.725666e-02,1.841600e-02,9.743421e-03,3.521828e-03,7.091106e-02,7.282222e-02,2.162913e-02,9.808144e-03,3.243723e-03,1.117136e-02,9.889701e-02,1.480946e-01
1.357881e-01,1.030449e-01,2.714465e-01,6.497366e-02,2.162277e-02,1.055276e-02,3.242947e-03,8.661002e-02,6.379057e-02,1.939248e-02,8.043246e-03,2.743796e-03,1.191153e-02,7.118535e-02,1.256514e-01
1.189564e-01,8.754092e-02,3.112229e-01,7.239575e-02,2.702182e-02,1.293109e-02,3.161324e-03,1.202063e-01,5.520947e-02,1.606050e-02,6.463423e-03,2.196843e-03,1.023633e-02,5.164621e-02,1.047507e-01
1.335552e-01,8.510856e-02,3.125172e-01,6.635325e-02,2.310083e-02,1.287168e-02,2.519542e-03,1.288378e-01,5.639115e-02,1.557333e-02,6.254448e-03,2.318073e-03,1.069244e-02,4.123373e-02,1.026729e-01
2.014171e-01,6.840583e-02,3.294443e-01,6.176681e-02,2.526719e-02,1.246760e-02,3.003199e-03,1.069673e-01,4.656754e-02,1.442313e-02,6.253442e-03,3.402824e-03,1.046372e-02,3.172728e-02,7.842278e-02
3.074373e-01,5.816452e-02,2.618114e-01,5.175382e-02,3.159120e-02,1.516719e-02,3.698780e-03,1.094602e-01,4.627937e-02,1.202387e-02,5.947012e-03,5.533865e-03,9.135650e-03,2.439476e-02,5.760105e-02
3.893588e-01,5.268675e-02,1.979734e-01,4.215517e-02,4.533555e-02,1.716299e-02,4.283329e-03,9.809224e-02,6.064022e-02,1.000080e-02,5.434060e-03,7.137859e-03,8.979170e-03,1.822893e-02,4.253083e-02
4.236468e-01,4.503370e-02,1.482923e-01,3.654390e-02,4.927527e-02,1.588335e-02,4.419073e-03,1.228848e-01,7.786575e-02,8.538381e-03,4.965361e-03,7.840867e-03,8.762339e-03,1.374970e-02,3.229841e-02
1.000000e+00,0.000000e+00,0.000000e+00,0.000000e+00,0.000000e+00,0.000000e+00,0.000000e+00,0.000000e+00,0.000000e+00,0.000000e+00,0.000000e+00,0.000000e+00,0.000000e+00,0.000000e+00,0.000000e+00
3.696748e-01,3.666677e-02,8.723585e-02,9.059227e-02,2.960722e-02,1.817950e-02,3.209295e-03,6.615088e-02,5.458564e-02,2.042240e-02,8.065341e-02,2.553831e-02,5.750858e-02,1.262811e-02,4.734699e-02
2.804629e-01,2.941045e-02,6.372283e-02,8.886762e-02,2.280608e-02,1.479538e-02,2.583633e-03,4.685177e-02,4.628173e-02,1.782741e-02,2.053528e-01,4.622794e-02,6.430678e-02,1.269999e-02,5.780271e-02
2.009713e-01,2.238932e-02,6.735937e-02,1.810961e-01,1.892446e-02,1.088899e-02,1.984930e-03,3.981220e-02,8.637936e-02,1.740915e-02,1.965004e-01,4.126636e-02,5.871616e-02,1.019184e-02,4.610999e-02
1.469824e-01,2.492141e-02,7.936156e-02,1.797725e-01,1.649406e-02,1.081612e-02,1.789052e-03,2.924808e-02,1.088532e-01,1.531078e-02,2.515867e-01,3.286148e-02,4.725480e-02,1.137036e-02,4.337754e-02
1.084639e-01,2.332317e-02,8.109891e-02,3.267730e-01,1.559671e-02,1.181451e-02,1.794470e-03,2.139457e-02,1.043831e-01,1.240180e-02,1.898405e-01,2.371394e-02,3.583922e-02,8.276461e-03,3.528576e-02
9.014179e-02,2.106339e-02,8.264377e-02,2.853335e-01,2.601368e-02,1.232794e-02,2.705944e-03,1.872735e-02,9.479071e-02,1.042710e-02,1.843866e-01,1.853482e-02,3.370614e-02,1.166788e-02,1.075294e-01
7.223082e-02,1.814388e-02,6.928645e-02,2.682857e-01,2.889763e-02,1.768975e-02,2.457215e-03,1.442716e-02,9.021253e-02,9.047543e-03,2.097321e-01,2.257565e-02,8.263065e-02,9.925995e-03,8.445689e-02
6.130914e-02,1.535597e-02,5.603092e-02,2.089301e-01,2.388272e-02,1.727151e-02,2.274020e-03,1.678850e-02,7.434861e-02,1.027204e-02,2.374618e-01,2.685489e-02,1.699529e-01,9.362718e-03,6.990417e-02
7.245851e-02,1.467553e-02,5.387612e-02,1.624316e-01,2.037516e-02,1.741558e-02,2.079945e-03,1.556312e-02,6.479447e-02,1.238713e-02,2.624429e-01,3.232544e-02,1.799620e-01,1.758335e-02,7.162912e-02
1.464397e-01,1.888137e-02,4.472303e-02,1.252109e-01,2.525142e-02,2.042976e-02,2.935669e-03,1.634256e-02,8.303961e-02,1.261960e-02,2.203177e-01,5.332062e-02,1.569038e-01,1.657416e-02,5.701023e-02
1.502244e-01,3.427208e-02,4.822722e-02,9.824273e-02,2.565979e-02,1.836782e-02,4.726938e-03,2.631380e-02,1.163358e-01,1.634084e-02,1.819295e-01,6.211755e-02,1.387678e-01,1.595716e-02,6.251650e-02
2.052819e-01,3.340931e-02,4.073549e-02,7.359932e-02,4.731019e-02,1.821029e-02,1.374744e-02,2.740457e-02,1.468770e-01,1.940808e-02,1.378214e-01,5.836208e-02,1.066339e-01,1.536771e-02,5.583140e-02
1.976256e-01,2.873233e-02,6.296863e-02,7.375394e-02,5.522516e-02,1.674266e-02,1.706320e-02,1.023749e-01,1.400160e-01,1.596459e-02,1.028999e-01,5.176035e-02,8.153185e-02,1.122771e-02,4.211322e-02
2.156055e-01,3.024042e-02,6.509658e-02,7.331003e-02,6.867373e-02,2.388600e-02,2.119816e-02,8.566941e-02,1.676478e-01,1.640350e-02,7.702112e-02,4.234179e-02,6.310080e-02,8.883554e-03,4.092163e-02
2.591632e-01,3.288335e-02,5.381545e-02,6.667324e-02,6.966554e-02,2.355899e-02,2.066665e-02,6.673335e-02,1.764269e-01,2.568118e-02,5.698263e-02,3.564412e-02,5.416443e-02,6.962297e-03,5.097869e-02
2.291197e-01,3.315151e-02,1.039319e-01,1.473511e-01,5.718054e-02,2.040619e-02,1.702478e-02,5.549100e-02,1.392577e-01,2.946658e-02,4.249676e-02,2.984213e-02,4.128163e-02,5.266296e-03,4.873219e-02
2.655217e-01,3.560372e-02,8.293413e-02,1.165447e-01,6.203695e-02,2.144810e-02,1.820704e-02,6.059716e-02,1.627994e-01,2.375524e-02,3.544192e-02,3.432439e-02,3.496017e-02,4.815460e-03,4.100991e-02
2.985074e-01,4.269285e-02,6.279251e-02,9.861616e-02,7.659397e-02,2.179006e-02,1.704521e-02,5.688584e-02,1.540662e-01,1.978230e-02,3.395449e-02,4.132991e-02,3.248471e-02,4.296444e-03,3.916191e-02
2.796003e-01,4.944775e-02,4.741215e-02,9.804018e-02,1.145889e-01,2.147854e-02,1.870641e-02,6.235069e-02,1.558264e-01,1.807816e-02,2.732907e-02,3.925548e-02,2.833460e-02,3.468312e-03,3.608307e-02
2.456088e-01,4.819704e-02,3.633921e-02,8.148056e-02,1.856129e-01,2.145707e-02,1.774035e-02,5.666669e-02,1.862498e-01,1.363857e-02,2.080825e-02,3.111695e-02,2.343209e-02,2.595160e-03,2.905651e-02
1.863399e-01,4.265110e-02,2.917330e-02,2.011966e-01,1.791137e-01,1.671012e-02,1.401994e-02,1.031176e-01,1.357781e-01,1.006003e-02,1.531971e-02,2.529242e-02,1.764245e-02,1.906992e-03,2.167813e-02
2.033716e-01,4.268678e-02,2.638561e-02,1.670372e-01,2.352317e-01,1.503137e-02,1.187441e-02,9.551886e-02,1.268948e-01,7.768713e-03,1.154192e-02,2.252125e-02,1.406692e-02,1.545177e-03,1.852365e-02
1.952992e-01,3.761026e-02,4.238346e-02,1.193610e-01,3.471480e-01,1.460136e-02,9.385000e-03,7.472996e-02,1.002565e-01,6.027677e-03,8.640510e-03,1.703827e-02,1.125271e-02,1.278889e-03,1.498718e-02
1.793757e-01,3.713963e-02,4.136766e-02,9.233306e-02,4.084707e-01,4.507464e-02,1.085640e-02,6.210140e-02,7.498263e-02,4.675051e-03,7.562638e-03,1.343687e-02,9.612131e-03,1.013104e-03,1.199829e-02
2.187235e-01,2.793389e-02,3.153944e-02,6.740711e-02,3.305326e-01,4.429418e-02,1.162266e-01,5.552982e-02,6.371388e-02,4.760285e-03,5.805235e-03,1.119670e-02,1.213960e-02,8.993336e-04,9.297774e-03
2.157395e-01,2.326518e-02,2.534772e-02,4.882350e-02,3.741356e-01,4.138130e-02,1.164693e-01,4.739200e-02,4.864435e-02,2.622137e-02,4.373822e-03,8.723281e-03,9.226823e-03,1.211180e-03,9.045046e-03
2.927293e-01,1.798488e-02,2.263175e-02,3.544944e-02,3.507786e-01,3.128271e-02,9.899860e-02,3.762880e-02,3.714826e-02,4.587054e-02,3.442372e-03,7.836675e-03,8.142347e-03,1.704760e-03,8.370945e-03
3.671445e-01,1.420996e-02,2.341264e-02,2.652295e-02,2.919118e-01,2.426136e-02,1.272170e-01,2.829805e-02,2.896651e-02,3.788004e-02,2.968901e-03,8.961880e-03,8.164453e-03,1.668891e-03,8.411071e-03
4.478464e-01,1.137919e-02,1.896825e-02,1.982425e-02,2.428252e-01,1.917677e-02,1.369512e-01,2.220470e-02,2.501190e-02,2.870049e-02,2.642029e-03,8.097872e-03,7.268922e-03,1.512738e-03,7.589989e-03
3.599410e-01,9.991413e-02,3.019307e-02,6.908309e-02,1.741276e-01,1.559029e-02,9.702508e-02,1.629305e-02,3.024961e-02,6.495679e-02,6.114495e-03,9.346964e-03,6.972894e-03,2.338327e-03,1.785368e-02
2.937937e-01,8.701263e-02,4.779424e-02,1.060632e-01,1.242850e-01,1.216614e-02,6.857284e-02,1.268983e-02,5.788137e-02,1.076960e-01,1.459213e-02,1.049282e-02,1.215084e-02,3.690263e-03,4.111900e-02
3.356822e-01,6.949705e-02,3.998749e-02,8.161997e-02,8.955486e-02,1.207600e-02,4.839098e-02,9.736214e-03,6.380723e-02,9.175419e-02,2.498619e-02,1.099887e-02,1.557808e-02,1.923566e-02,8.709507e-02
3.548725e-01,6.478068e-02,2.954007e-02,6.070468e-02,6.454717e-02,1.368401e-02,3.451120e-02,8.151788e-03,8.341298e-02,8.209496e-02,2.791244e-02,1.045201e-02,3.204701e-02,2.563689e-02,1.076516e-01
3.282587e-01,6.513810e-02,2.434229e-02,4.924387e-02,4.662227e-02,1.339407e-02,2.508767e-02,8.081601e-03,1.136176e-01,1.183401e-01,2.676223e-02,9.404665e-03,3.366831e-02,2.734938e-02,1.106892e-01
2.842831e-01,5.548921e-02,2.258341e-02,5.101602e-02,3.368679e-02,1.192518e-02,1.819496e-02,6.801726e-03,1.232016e-01,1.318297e-01,2.406635e-02,8.556627e-03,2.958591e-02,6.438912e-02,1.343903e-01
3.355971e-01,4.615638e-02,3.969025e-02,5.735522e-02,3.383404e-02,1.424533e-02,1.402704e-02,1.052502e-02,1.083428e-01,9.606624e-02,2.780255e-02,1.130437e-02,3.042470e-02,5.388600e-02,1.207429e-01
4.153687e-01,3.655436e-02,3.310853e-02,5.726731e-02,2.708868e-02,1.402369e-02,1.033156e-02,9.840810e-03,8.841807e-02,6.954437e-02,3.538806e-02,1.619352e-02,3.839277e-02,4.699125e-02,1.014883e-01
1.000000e+00,0.000000e+00,0.000000e+00,0.000000e+00,0.000000e+00,0.000000e+00,0.000000e+00,0.000000e+00,0.000000e+00,0.000000e+00,0.000000e+00,0.000000e+00,0.000000e+00,0.000000e+00,0.000000e+00
1.000000e+00,0.000000e+00,0.000000e+00,0.000000e+00,0.000000e+00,0.000000e+00,0.000000e+00,0.000000e+00,0.000000e+00,0.000000e+00,0.000000e+00,0.000000e+00,0.000000e+00,0.000000e+00,0.000000e+00
1.000000e+00,0.000000e+00,0.000000e+00,0.000000e+00,0.000000e+00,0.000000e+00,0.000000e+00,0.000000e+00,0.000000e+00,0.000000e+00,0.000000e+00,0.000000e+00,0.000000e+00,0.000000e+00,0.000000e+00
4.160325e-01,2.451787e-02,6.969293e-02,8.943094e-02,2.035580e-02,1.259891e-02,3.893812e-03,4.125922e-02,6.824419e-02,3.621295e-02,1.743619e-02,1.294014e-02,1.937131e-02,2.324731e-02,1.447659e-01
3.685465e-01,2.038072e-02,5.626022e-02,6.932363e-02,3.404050e-02,1.316106e-02,3.931813e-03,1.713016e-01,5.540057e-02,2.585389e-02,1.617444e-02,1.246362e-02,2.257053e-02,1.998586e-02,1.106050e-01
2.890090e-01,1.540593e-02,4.104373e-02,5.195053e-02,3.465176e-02,1.241847e-02,3.884620e-03,3.567070e-01,4.014490e-02,1.834815e-02,1.428901e-02,1.013912e-02,1.846534e-02,1.450877e-02,7.903364e-02
2.331129e-01,1.145829e-02,2.988102e-02,3.790671e-02,2.856428e-02,1.200670e-02,4.612229e-03,4.993942e-01,2.846627e-02,1.305208e-02,1.116060e-02,8.270016e-03,1.504322e-02,1.040631e-02,5.666523e-02
1.733778e-01,8.612710e-03,2.225820e-02,2.764967e-02,2.280071e-02,1.204380e-02,6.078976e-03,6.212427e-01,2.042268e-02,9.370839e-03,8.396149e-03,6.495365e-03,1.276963e-02,7.437846e-03,4.104295e-02
1.738320e-01,6.880925e-03,1.707349e-02,2.060743e-02,2.173625e-02,2.155987e-02,1.313470e-02,6.445614e-01,1.513503e-02,6.664288e-03,6.546227e-03,5.653257e-03,1.172242e-02,5.371785e-03,2.952094e-02
1.721440e-01,5.260879e-03,1.312161e-02,1.518886e-02,1.798400e-02,5.953133e-02,1.963584e-02,6.280096e-01,1.105789e-02,4.739670e-03,5.029843e-03,5.428037e-03,1.760718e-02,3.877492e-03,2.138379e-02
1.615713e-01,4.299960e-03,1.138149e-02,1.154358e-02,1.509802e-02,7.937348e-02,1.701130e-02,6.461035e-01,8.288605e-03,3.483671e-03,3.880841e-03,5.374135e-03,1.397377e-02,2.891356e-03,1.572497e-02
1.538377e-01,3.230007e-03,8.553073e-03,8.482058e-03,1.196225e-02,6.954052e-02,1.466536e-02,6.887524e-01,6.096731e-03,2.562951e-03,2.937130e-03,5.011557e-03,1.069083e-02,2.107079e-03,1.157038e-02
2.248173e-01,2.774962e-03,7.749591e-03,6.807542e-03,1.057776e-02,6.182790e-02,1.294722e-02,6.372887e-01,4.905211e-03,2.103721e-03,2.498517e-03,5.114520e-03,9.116158e-03,1.760076e-03,9.710773e-03
3.314623e-01,3.013412e-03,7.359626e-03,6.612046e-03,1.326996e-02,5.807429e-02,1.090493e-02,5.357215e-01,3.795068e-03,1.812387e-03,2.206226e-03,5.573050e-03,9.114727e-03,1.614434e-03,9.466110e-03
3.964613e-01,2.862761e-03,8.082558e-03,6.171181e-03,1.201254e-02,6.143430e-02,1.073205e-02,4.690034e-01,2.982567e-03,1.543657e-03,1.884712e-03,5.777143e-03,9.427067e-03,1.472851e-03,1.015188e-02
3.859869e-01,3.638491e-03,9.019174e-03,6.259984e-03,9.859655e-03,1.333581e-01,9.549255e-03,3.576029e-01,3.494343e-03,2.924800e-03,8.096600e-03,2.468433e-02,1.863069e-02,5.284559e-03,2.161020e-02
4.341517e-01,3.874723e-03,7.700693e-03,7.102326e-03,8.019037e-03,1.077299e-01,1.437803e-02,3.370034e-01,3.323618e-03,3.085357e-03,7.731028e-03,2.299268e-02,1.715846e-02,4.837870e-03,2.091118e-02
4.748056e-01,5.670090e-03,7.828783e-03,9.229927e-03,7.086982e-03,9.779933e-02,1.255174e-02,2.487755e-01,6.328137e-03,7.129955e-03,1.150183e-02,5.724999e-02,2.512715e-02,4.848853e-03,2.406617e-02
4.381348e-01,9.352211e-03,6.482371e-03,9.922970e-03,6.259227e-03,8.517285e-02,9.675972e-03,1.757525e-01,1.401378e-02,2.173378e-02,1.982749e-02,1.348910e-01,3.985386e-02,5.211574e-03,2.371553e-02
4.674032e-01,9.856549e-03,6.380088e-03,1.460678e-02,8.242604e-03,6.623350e-02,8.659790e-03,1.246281e-01,2.205449e-02,1.804819e-02,2.460767e-02,1.575681e-01,3.847977e-02,4.970429e-03,2.826067e-02
1.000000e+00,0.000000e+00,0.000000e+00,0.000000e+00,0.000000e+00,0.000000e+00,0.000000e+00,0.000000e+00,0.000000e+00,0.000000e+00,0.000000e+00,0.000000e+00,0.000000e+00,0.000000e+00,0.000000e+00
1.000000e+00,0.000000e+00,0.000000e+00,0.000000e+00,0.000000e+00,0.000000e+00,0.000000e+00,0.000000e+00,0.000000e+00,0.000000e+00,0.000000e+00,0.000000e+00,0.000000e+00,0.000000e+00,0.000000e+00
4.394688e-01,1.845470e-02,3.316453e-02,3.010005e-02,8.854911e-03,2.879412e-02,4.365881e-03,5.544198e-02,3.211781e-02,1.696005e-02,2.887762e-02,9.782301e-02,2.536974e-02,8.676185e-02,9.344493e-02
3.139479e-01,2.487969e-02,4.026234e-02,2.775494e-02,1.011388e-02,2.152617e-02,3.713703e-03,4.918364e-02,6.474921e-02,2.507709e-02,3.851078e-02,7.816742e-02,2.533418e-02,1.611858e-01,1.155932e-01
2.223615e-01,2.496185e-02,3.380902e-02,2.031768e-02,8.441788e-03,1.558069e-02,2.940484e-03,4.709784e-02,6.732423e-02,2.130196e-02,3.440451e-02,6.127447e-02,2.150469e-02,2.140595e-01,2.046198e-01
1.560399e-01,2.656104e-02,2.659956e-02,1.454786e-02,6.166920e-03,1.137983e-02,2.186026e-03,3.506985e-02,5.551947e-02,1.732096e-02,2.731519e-02,4.508090e-02,1.687043e-02,2.284614e-01,3.308806e-01
1.096176e-01,2.937878e-02,2.039341e-02,1.033375e-02,4.713751e-03,8.280573e-03,1.778227e-03,2.636885e-02,5.407193e-02,1.375384e-02,2.404797e-02,3.475705e-02,1.285776e-02,2.193100e-01,4.303365e-01
7.705922e-02,3.772867e-02,1.509789e-02,7.448670e-03,3.700210e-03,6.386164e-03,1.379947e-03,2.614856e-02,6.934036e-02,9.845100e-03,1.789896e-02,2.562034e-02,1.044271e-02,1.773993e-01,5.145039e-01
5.463748e-02,5.035891e-02,1.179136e-02,5.644858e-03,3.323382e-03,5.455748e-03,1.431626e-03,2.963442e-02,1.127612e-01,7.183358e-03,1.371851e-02,1.848406e-02,8.034285e-03,1.454915e-01,5.320493e-01
3.936141e-02,6.089398e-02,1.054574e-02,4.647553e-03,6.556534e-03,5.009037e-03,1.727731e-03,5.375433e-02,2.282055e-01,5.207686e-03,1.040319e-02,1.326770e-02,6.544396e-03,1.169359e-01,4.369394e-01
2.916702e-02,5.418134e-02,1.266580e-02,1.605218e-02,1.406048e-02,6.306650e-03,1.648183e-03,1.324259e-01,3.035080e-01,4.126890e-03,7.519752e-03,9.359697e-03,5.016076e-03,8.603784e-02,3.179241e-01
2.664519e-02,5.119498e-02,1.300108e-02,1.586859e-02,3.226981e-02,9.197198e-03,2.360789e-03,1.484354e-01,3.569247e-01,3.065982e-03,5.440960e-03,6.600097e-03,3.908806e-03,6.914327e-02,2.559431e-01
2.355123e-02,3.879545e-02,4.235096e-02,1.051768e-01,5.189968e-02,7.513542e-03,1.994212e-03,2.039775e-01,2.781679e-01,2.803287e-03,4.637359e-03,4.788020e-03,3.119150e-03,4.933821e-02,1.818867e-01
5.068618e-02,3.202377e-02,5.031926e-02,1.523016e-01,1.032685e-01,1.053500e-02,3.473070e-03,1.732853e-01,2.346562e-01,3.942573e-03,8.371488e-03,4.588204e-03,3.209389e-03,3.611016e-02,1.332292e-01
5.647054e-02,2.752223e-02,5.326259e-02,1.826103e-01,1.468716e-01,1.620838e-02,7.500992e-03,1.773915e-01,1.931325e-01,3.640886e-03,7.994244e-03,3.752175e-03,2.871203e-03,2.562065e-02,9.515026e-02
4.282762e-02,2.685420e-02,9.214096e-02,3.085692e-01,1.281842e-01,1.204580e-02,5.811917e-03,1.405144e-01,1.423221e-01,2.823176e-03,6.010966e-03,2.755207e-03,2.100621e-03,1.799085e-02,6.904881e-02
4.222833e-02,2.328170e-02,1.964466e-01,3.224963e-01,1.044126e-01,9.278712e-03,4.879191e-03,1.041588e-01,1.084834e-01,3.516105e-03,5.494778e-03,2.085962e-03,1.724926e-03,1.280838e-02,5.870420e-02
4.038770e-02,1.780264e-02,3.603098e-01,2.777492e-01,7.868642e-02,6.854071e-03,3.843520e-03,7.494099e-02,7.739044e-02,2.785688e-03,4.469841e-03,1.611103e-03,1.500426e-03,9.032818e-03,4.263530e-02
5.683107e-02,1.887643e-02,4.226758e-01,2.083091e-01,1.124609e-01,1.597618e-02,7.055996e-03,5.444983e-02,5.713368e-02,2.401670e-03,3.806587e-03,1.247788e-03,1.363717e-03,6.568545e-03,3.084268e-02
5.532446e-02,2.447613e-02,3.680407e-01,2.792009e-01,1.208114e-01,2.188226e-02,1.136496e-02,4.017658e-02,4.201471e-02,2.077329e-03,3.965232e-03,1.061810e-03,1.340886e-03,4.841710e-03,2.342094e-02
4.546462e-02,2.739985e-02,3.274076e-01,3.427372e-01,1.333676e-01,2.213413e-02,1.269106e-02,2.922648e-02,3.048106e-02,1.781351e-03,3.747356e-03,9.687351e-04,1.349894e-03,3.635910e-03,1.760714e-02
5.039151e-02,2.912443e-02,3.252970e-01,3.170971e-01,1.596542e-01,3.511740e-02,1.344270e-02,2.191445e-02,2.292681e-02,1.664577e-03,4.121879e-03,7.682092e-04,1.170042e-03,3.103193e-03,1.420655e-02
9.946541e-02,4.028299e-02,3.091754e-01,2.638363e-01,1.282472e-01,3.361271e-02,1.077026e-02,1.629951e-02,2.432829e-02,1.080205e-02,1.011487e-02,1.758276e-03,1.922803e-03,4.865679e-03,4.451836e-02
7.317629e-02,3.536164e-02,2.339461e-01,2.211408e-01,9.172630e-02,2.564876e-02,8.163371e-03,1.179115e-02,3.784124e-02,3.792676e-02,1.909839e-02,4.427689e-03,1.597768e-02,4.809056e-03,1.789648e-01
5.365502e-02,3.492254e-02,1.741980e-01,1.636289e-01,6.515200e-02,1.870162e-02,5.865562e-03,8.412837e-03,5.646100e-02,3.559759e-02,1.565715e-02,4.220372e-03,1.255253e-02,1.058273e-02,3.403923e-01
4.004098e-02,2.608713e-02,1.236406e-01,1.147157e-01,4.575888e-02,1.332750e-02,4.131372e-03,5.944241e-03,4.424571e-02,3.444113e-02,1.940653e-02,8.070394e-03,1.098877e-02,3.654357e-02,4.726576e-01
2.936888e-02,1.845920e-02,8.669124e-02,8.047332e-02,3.216636e-02,1.006433e-02,2.906862e-03,4.248334e-03,3.318587e-02,3.040283e-02,3.057424e-02,2.561174e-02,4.227656e-02,3.430714e-02,5.392631e-01
2.174309e-02,1.304394e-02,6.070337e-02,5.637503e-02,2.514457e-02,7.467777e-03,2.044318e-03,3.032281e-03,2.403288e-02,3.976988e-02,3.717126e-02,2.499992e-02,3.685064e-02,2.905822e-02,6.185628e-01
3.521856e-02,1.070289e-02,4.291868e-02,4.000204e-02,2.422075e-02,6.712307e-03,1.924072e-03,2.347556e-03,1.855085e-02,1.063237e-01,4.149696e-02,4.404363e-02,5.162152e-02,2.636257e-02,5.475540e-01
9.028473e-02,9.548618e-03,3.128857e-02,2.883086e-02,2.759123e-02,6.104597e-03,2.192650e-03,3.011392e-03,1.671557e-02,1.102948e-01,5.700953e-02,4.485947e-02,6.678824e-02,3.695711e-02,4.685226e-01
8.002251e-02,7.347793e-03,2.405334e-02,2.127973e-02,2.236564e-02,5.262245e-03,1.760036e-03,2.849971e-03,2.633982e-02,1.072497e-01,7.474746e-02,3.538429e-02,5.845727e-02,1.117387e-01,4.211415e-01
5.963846e-02,5.795463e-03,1.822873e-02,1.579225e-02,1.682463e-02,4.336728e-03,1.316154e-03,2.416609e-03,4.331915e-02,1.138554e-01,7.910959e-02,2.679259e-02,4.605730e-02,1.484574e-01,4.180596e-01
5.458440e-02,6.428222e-03,1.475156e-02,1.224209e-02,1.392502e-02,5.918785e-03,1.365992e-03,2.163866e-03,5.357967e-02,1.225540e-01,9.342514e-02,2.328318e-02,4.473595e-02,1.457053e-01,4.053368e-01
5.212514e-02,5.704498e-03,2.417158e-02,1.097278e-02,1.145596e-02,5.798404e-03,1.322069e-03,3.967517e-03,7.824247e-02,1.093862e-01,8.889993e-02,1.795050e-02,3.576751e-02,2.173110e-01,3.369245e-01
5.026214e-02,5.506774e-03,3.499684e-02,8.712944e-03,1.006483e-02,4.965069e-03,1.042665e-03,5.019548e-03,7.570751e-02,9.076714e-02,8.470294e-02,1.328560e-02,2.774078e-02,3.096329e-01,2.775923e-01
5.485599e-02,7.036687e-03,7.163659e-02,1.460437e-02,1.426913e-02,4.575470e-03,1.191782e-03,2.903699e-02,9.964156e-02,8.828585e-02,8.094345e-02,1.031939e-02,2.139044e-02,2.902923e-01,2.119200e-01
7.070550e-02,6.539976e-03,6.221838e-02,1.126464e-02,1.414223e-02,3.886163e-03,9.972788e-04,2.957255e-02,9.337293e-02,7.791873e-02,7.532699e-02,7.711111e-03,1.641349e-02,3.754499e-01,1.544801e-01
8.298694e-02,8.156967e-03,5.093712e-02,8.592222e-03,1.352356e-02,3.297202e-03,8.082835e-04,2.673919e-02,7.673832e-02,6.042428e-02,6.232054e-02,5.684613e-03,1.214241e-02,4.728391e-01,1.148093e-01
7.251661e-02,1.413426e-02,6.950496e-02,7.004447e-03,1.175040e-02,3.003090e-03,7.633469e-04,6.151071e-02,6.991027e-02,4.331745e-02,4.638132e-02,4.357419e-03,9.981611e-03,4.916204e-01,9.424367e-02
5.792903e-02,1.372998e-02,1.809364e-01,1.027984e-02,1.772039e-02,2.732329e-03,9.300743e-04,6.863557e-02,9.336405e-02,3.264382e-02,4.230840e-02,3.502914e-03,8.468000e-03,3.899863e-01,7.683292e-02
6.096742e-02,1.414606e-02,1.883020e-01,1.023685e-02,1.884824e-02,3.169591e-03,8.169935e-04,6.588513e-02,9.233202e-02,2.659439e-02,3.217407e-02,3.024680e-03,7.157284e-03,3.757275e-01,1.006177e-01
5.709335e-02,1.332626e-02,1.535320e-01,8.249727e-03,2.096028e-02,3.016457e-03,8.919425e-04,6.701224e-02,7.900485e-02,2.679289e-02,2.437434e-02,2.411069e-03,6.486127e-03,4.262202e-01,1.106282e-01
5.735375e-02,2.749806e-02,1.424386e-01,1.026389e-02,2.792078e-02,3.183956e-03,1.343060e-03,9.945744e-02,7.005961e-02,1.956980e-02,1.976310e-02,2.120327e-03,7.472187e-03,3.963772e-01,1.151782e-01
6.442241e-02,3.206266e-02,1.949459e-01,3.458481e-02,2.507205e-02,3.666131e-03,1.155480e-03,7.867757e-02,1.016205e-01,1.776091e-02,1.957228e-02,2.848932e-03,8.508416e-03,2.930337e-01,1.220682e-01
9.009495e-02,3.359816e-02,1.584027e-01,3.058393e-02,2.688489e-02,4.535702e-03,1.165855e-03,7.137676e-02,1.112908e-01,1.791242e-02,1.760734e-02,5.250074e-03,1.079426e-02,2.329412e-01,1.875609e-01
1.624310e-01,3.581265e-02,1.293246e-01,2.489621e-02,3.732274e-02,5.733666e-03,1.212296e-03,5.725635e-02,1.024352e-01,1.759215e-02,1.405939e-02,4.651788e-03,9.796689e-03,1.925990e-01,2.048762e-01
1.865609e-01,3.385479e-02,1.036670e-01,1.896615e-02,3.097824e-02,9.192716e-03,1.099825e-03,4.179795e-02,1.031980e-01,1.745552e-02,1.298718e-02,4.836658e-03,9.511588e-03,1.590765e-01,2.668169e-01
1.423021e-01,3.135537e-02,7.467788e-02,1.436140e-02,2.231418e-02,9.787643e-03,1.021613e-03,2.960070e-02,1.886215e-01,1.590708e-02,1.729647e-02,4.918237e-03,9.003959e-03,1.275038e-01,3.113281e-01
1.224312e-01,2.433664e-02,5.310200e-02,1.043893e-02,1.576728e-02,7.978166e-03,8.228655e-04,2.101182e-02,1.409594e-01,1.646619e-02,4.865114e-02,4.795562e-03,8.424358e-03,2.843288e-01,2.404856e-01
1.175216e-01,2.073274e-02,3.793858e-02,8.424293e-03,1.327334e-02,8.634176e-03,9.802326e-04,1.535112e-02,1.066109e-01,2.781459e-02,9.115776e-02,5.576676e-03,9.998253e-03,3.412673e-01,1.947184e-01
8.895737e-02,1.507452e-02,2.673918e-02,5.988902e-03,9.841138e-03,7.131222e-03,8.413964e-04,1.084462e-02,7.620464e-02,5.439383e-02,1.093012e-01,4.652074e-03,7.343117e-03,4.440888e-01,1.385980e-01
6.896493e-02,1.122873e-02,1.880684e-02,4.319398e-03,7.369698e-03,8.567929e-03,7.376534e-04,7.675509e-03,5.599445e-02,5.373877e-02,1.314633e-01,4.202575e-03,5.829428e-03,5.190314e-01,1.020694e-01
6.172880e-02,1.097362e-02,1.403533e-02,3.913821e-03,7.750663e-03,4.199703e-02,1.061428e-03,7.794447e-03,5.938083e-02,4.552603e-02,1.737926e-01,6.597014e-03,5.565134e-03,4.831604e-01,7.672291e-02
5.939747e-02,1.156035e-02,1.063993e-02,4.009658e-03,8.230122e-03,4.841816e-02,1.080084e-03,6.849809e-03,5.720291e-02,4.122824e-02,2.079729e-01,9.257755e-03,5.124385e-03,4.744527e-01,5.457542e-02
5.582375e-02,1.991436e-02,8.586748e-03,5.039849e-03,1.047145e-02,1.304827e-01,1.580948e-03,6.234174e-03,9.154361e-02,3.329188e-02,1.709697e-01,1.260284e-02,5.568374e-03,4.075178e-01,4.037174e-02
6.443150e-02,2.816596e-02,1.008910e-02,9.098187e-03,1.473713e-02,1.671211e-01,2.675537e-03,1.143921e-02,1.715115e-01,2.762421e-02,1.293391e-01,1.160556e-02,5.827465e-03,3.150968e-01,3.123761e-02
5.269727e-02,4.333758e-02,1.248108e-02,6.059116e-02,2.068319e-02,1.738964e-01,2.419598e-03,1.627094e-02,2.186235e-01,2.388924e-02,9.956773e-02,9.256037e-03,6.053352e-03,2.356955e-01,2.453735e-02
5.306754e-02,6.218726e-02,1.153419e-02,6.633587e-02,2.024989e-02,1.726540e-01,2.133160e-03,1.511731e-02,2.817953e-01,2.552774e-02,7.580533e-02,7.876340e-03,6.285902e-03,1.763947e-01,2.303538e-02
4.643578e-02,7.536770e-02,1.075577e-02,1.570246e-01,1.968785e-02,1.306088e-01,1.619362e-03,1.296951e-02,2.843382e-01,2.782533e-02,6.282671e-02,7.463355e-03,6.257179e-03,1.310268e-01,2.579306e-02
4.021664e-02,1.328312e-01,9.418334e-03,1.631721e-01,1.893076e-02,1.061208e-01,1.273639e-03,1.004588e-02,2.620179e-01,3.460956e-02,5.338494e-02,7.282800e-03,6.240585e-03,1.022300e-01,5.222499e-02
5.402274e-02,1.127136e-01,9.475634e-03,2.001281e-01,3.163145e-02,8.051372e-02,1.306869e-03,1.424610e-02,2.923025e-01,2.646309e-02,5.118241e-02,5.807268e-03,7.720666e-03,7.380432e-02,3.868152e-02
1.133784e-01,1.266632e-01,7.216915e-03,1.455458e-01,2.770673e-02,6.892109e-02,1.226487e-03,1.257114e-02,3.100666e-01,3.259066e-02,4.856884e-02,6.106223e-03,1.258317e-02,5.625885e-02,3.059585e-02
