1.000000e+00,0.000000e+00,0.000000e+00,0.000000e+00,0.000000e+00,0.000000e+00,0.000000e+00,0.000000e+00,0.000000e+00,0.000000e+00,0.000000e+00,0.000000e+00,0.000000e+00,0.000000e+00,0.000000e+00
1.000000e+00,0.000000e+00,0.000000e+00,0.000000e+00,0.000000e+00,0.000000e+00,0.000000e+00,0.000000e+00,0.000000e+00,0.000000e+00,0.000000e+00,0.000000e+00,0.000000e+00,0.000000e+00,0.000000e+00
1.000000e+00,0.000000e+00,0.000000e+00,0.000000e+00,0.000000e+00,0.000000e+00,0.000000e+00,0.000000e+00,0.000000e+00,0.000000e+00,0.000000e+00,0.000000e+00,0.000000e+00,0.000000e+00,0.000000e+00
1.000000e+00,0.000000e+00,0.000000e+00,0.000000e+00,0.000000e+00,0.000000e+00,0.000000e+00,0.000000e+00,0.000000e+00,0.000000e+00,0.000000e+00,0.000000e+00,0.000000e+00,0.000000e+00,0.000000e+00
1.000000e+00,0.000000e+00,0.000000e+00,0.000000e+00,0.000000e+00,0.000000e+00,0.000000e+00,0.000000e+00,0.000000e+00,0.000000e+00,0.000000e+00,0.000000e+00,0.000000e+00,0.000000e+00,0.000000e+00
1.000000e+00,0.000000e+00,0.000000e+00,0.000000e+00,0.000000e+00,0.000000e+00,0.000000e+00,0.000000e+00,0.000000e+00,0.000000e+00,0.000000e+00,0.000000e+00,0.000000e+00,0.000000e+00,0.000000e+00
1.000000e+00,0.000000e+00,0.000000e+00,0.000000e+00,0.000000e+00,0.000000e+00,0.000000e+00,0.000000e+00,0.000000e+00,0.000000e+00,0.000000e+00,0.000000e+00,0.000000e+00,0.000000e+00,0.000000e+00
1.000000e+00,0.000000e+00,0.000000e+00,0.000000e+00,0.000000e+00,0.000000e+00,0.000000e+00,0.000000e+00,0.000000e+00,0.000000e+00,0.000000e+00,0.000000e+00,0.000000e+00,0.000000e+00,0.000000e+00
1.000000e+00,0.000000e+00,0.000000e+00,0.000000e+00,0.000000e+00,0.000000e+00,0.000000e+00,0.000000e+00,0.000000e+00,0.000000e+00,0.000000e+00,0.000000e+00,0.000000e+00,0.000000e+00,0.000000e+00
1.000000e+00,0.000000e+00,0.000000e+00,0.000000e+00,0.000000e+00,0.000000e+00,0.000000e+00,0.000000e+00,0.000000e+00,0.000000e+00,0.000000e+00,0.000000e+00,0.000000e+00,0.000000e+00,0.000000e+00
1.000000e+00,0.000000e+00,0.000000e+00,0.000000e+00,0.000000e+00,0.000000e+00,0.000000e+00,0.000000e+00,0.000000e+00,0.000000e+00,0.000000e+00,0.000000e+00,0.000000e+00,0.000000e+00,0.000000e+00
1.000000e+00,0.000000e+00,0.000000e+00,0.000000e+00,0.000000e+00,0.000000e+00,0.000000e+00,0.000000e+00,0.000000e+00,0.000000e+00,0.000000e+00,0.000000e+00,0.000000e+00,0.000000e+00,0.000000e+00
1.000000e+00,0.000000e+00,0.000000e+00,0.000000e+00,0.000000e+00,0.000000e+00,0.000000e+00,0.000000e+00,0.000000e+00,0.000000e+00,0.000000e+00,0.000000e+00,0.000000e+00,0.000000e+00,0.000000e+00
1.000000e+00,0.000000e+00,0.000000e+00,0.000000e+00,0.000000e+00,0.000000e+00,0.000000e+00,0.000000e+00,0.000000e+00,0.000000e+00,0.000000e+00,0.000000e+00,0.000000e+00,0.000000e+00,0.000000e+00
1.000000e+00,0.000000e+00,0.000000e+00,0.000000e+00,0.000000e+00,0.000000e+00,0.000000e+00,0.000000e+00,0.000000e+00,0.000000e+00,0.000000e+00,0.000000e+00,0.000000e+00,0.000000e+00,0.000000e+00
1.000000e+00,0.000000e+00,0.000000e+00,0.000000e+00,0.000000e+00,0.000000e+00,0.000000e+00,0.000000e+00,0.000000e+00,0.000000e+00,0.000000e+00,0.000000e+00,0.000000e+00,0.000000e+00,0.000000e+00
1.000000e+00,0.000000e+00,0.000000e+00,0.000000e+00,0.000000e+00,0.000000e+00,0.000000e+00,0.000000e+00,0.000000e+00,0.000000e+00,0.000000e+00,0.000000e+00,0.000000e+00,0.000000e+00,0.000000e+00
1.000000e+00,0.000000e+00,0.000000e+00,0.000000e+00,0.000000e+00,0.000000e+00,0.000000e+00,0.000000e+00,0.000000e+00,0.000000e+00,0.000000e+00,0.000000e+00,0.000000e+00,0.000000e+00,0.000000e+00
1.000000e+00,0.000000e+00,0.000000e+00,0.000000e+00,0.000000e+00,0.000000e+00,0.000000e+00,0.000000e+00,0.000000e+00,0.000000e+00,0.000000e+00,0.000000e+00,0.000000e+00,0.000000e+00,0.000000e+00
1.000000e+00,0.000000e+00,0.000000e+00,0.000000e+00,0.000000e+00,0.000000e+00,0.000000e+00,0.000000e+00,0.000000e+00,0.000000e+00,0.000000e+00,0.000000e+00,0.000000e+00,0.000000e+00,0.000000e+00
1.000000e+00,0.000000e+00,0.000000e+00,0.000000e+00,0.000000e+00,0.000000e+00,0.000000e+00,0.000000e+00,0.000000e+00,0.000000e+00,0.000000e+00,0.000000e+00,0.000000e+00,0.000000e+00,0.000000e+00
1.000000e+00,0.000000e+00,0.000000e+00,0.000000e+00,0.000000e+00,0.000000e+00,0.000000e+00,0.000000e+00,0.000000e+00,0.000000e+00,0.000000e+00,0.000000e+00,0.000000e+00,0.000000e+00,0.000000e+00
1.000000e+00,0.000000e+00,0.000000e+00,0.000000e+00,0.000000e+00,0.000000e+00,0.000000e+00,0.000000e+00,0.000000e+00,0.000000e+00,0.000000e+00,0.000000e+00,0.000000e+00,0.000000e+00,0.000000e+00
1.000000e+00,0.000000e+00,0.000000e+00,0.000000e+00,0.000000e+00,0.000000e+00,0.000000e+00,0.000000e+00,0.000000e+00,0.000000e+00,0.000000e+00,0.000000e+00,0.000000e+00,0.000000e+00,0.000000e+00
1.000000e+00,0.000000e+00,0.000000e+00,0.000000e+00,0.000000e+00,0.000000e+00,0.000000e+00,0.000000e+00,0.000000e+00,0.000000e+00,0.000000e+00,0.000000e+00,0.000000e+00,0.000000e+00,0.000000e+00
1.000000e+00,0.000000e+00,0.000000e+00,0.000000e+00,0.000000e+00,0.000000e+00,0.000000e+00,0.000000e+00,0.000000e+00,0.000000e+00,0.000000e+00,0.000000e+00,0.000000e+00,0.000000e+00,0.000000e+00
1.000000e+00,0.000000e+00,0.000000e+00,0.000000e+00,0.000000e+00,0.000000e+00,0.000000e+00,0.000000e+00,0.000000e+00,0.000000e+00,0.000000e+00,0.000000e+00,0.000000e+00,0.000000e+00,0.000000e+00
1.000000e+00,0.000000e+00,0.000000e+00,0.000000e+00,0.000000e+00,0.000000e+00,0.000000e+00,0.000000e+00,0.000000e+00,0.000000e+00,0.000000e+00,0.000000e+00,0.000000e+00,0.000000e+00,0.000000e+00
1.000000e+00,0.000000e+00,0.000000e+00,0.000000e+00,0.000000e+00,0.000000e+00,0.000000e+00,0.000000e+00,0.000000e+00,0.000000e+00,0.000000e+00,0.000000e+00,0.000000e+00,0.000000e+00,0.000000e+00
1.000000e+00,0.000000e+00,0.000000e+00,0.000000e+00,0.000000e+00,0.000000e+00,0.000000e+00,0.000000e+00,0.000000e+00,0.000000e+00,0.000000e+00,0.000000e+00,0.000000e+00,0.000000e+00,0.000000e+00
1.000000e+00,0.000000e+00,0.000000e+00,0.000000e+00,0.000000e+00,0.000000e+00,0.000000e+00,0.000000e+00,0.000000e+00,0.000000e+00,0.000000e+00,0.000000e+00,0.000000e+00,0.000000e+00,0.000000e+00
1.000000e+00,0.000000e+00,0.000000e+00,0.000000e+00,0.000000e+00,0.000000e+00,0.000000e+00,0.000000e+00,0.000000e+00,0.000000e+00,0.000000e+00,0.000000e+00,0.000000e+00,0.000000e+00,0.000000e+00
1.000000e+00,0.000000e+00,0.000000e+00,0.000000e+00,0.000000e+00,0.000000e+00,0.000000e+00,0.000000e+00,0.000000e+00,0.000000e+00,0.000000e+00,0.000000e+00,0.000000e+00,0.000000e+00,0.000000e+00
1.000000e+00,0.000000e+00,0.000000e+00,0.000000e+00,0.000000e+00,0.000000e+00,0.000000e+00,0.000000e+00,0.000000e+00,0.000000e+00,0.000000e+00,0.000000e+00,0.000000e+00,0.000000e+00,0.000000e+00
1.000000e+00,0.000000e+00,0.000000e+00,0.000000e+00,0.000000e+00,0.000000e+00,0.000000e+00,0.000000e+00,0.000000e+00,0.000000e+00,0.000000e+00,0.000000e+00,0.000000e+00,0.000000e+00,0.000000e+00
1.000000e+00,0.000000e+00,0.000000e+00,0.000000e+00,0.000000e+00,0.000000e+00,0.000000e+00,0.000000e+00,0.000000e+00,0.000000e+00,0.000000e+00,0.000000e+00,0.000000e+00,0.000000e+00,0.000000e+00
1.000000e+00,0.000000e+00,0.000000e+00,0.000000e+00,0.000000e+00,0.000000e+00,0.000000e+00,0.000000e+00,0.000000e+00,0.000000e+00,0.000000e+00,0.000000e+00,0.000000e+00,0.000000e+00,0.000000e+00
1.000000e+00,0.000000e+00,0.000000e+00,0.000000e+00,0.000000e+00,0.000000e+00,0.000000e+00,0.000000e+00,0.000000e+00,0.000000e+00,0.000000e+00,0.000000e+00,0.000000e+00,0.000000e+00,0.000000e+00
1.000000e+00,0.000000e+00,0.000000e+00,0.000000e+00,0.000000e+00,0.000000e+00,0.000000e+00,0.000000e+00,0.000000e+00,0.000000e+00,0.000000e+00,0.000000e+00,0.000000e+00,0.000000e+00,0.000000e+00
1.000000e+00,0.000000e+00,0.000000e+00,0.000000e+00,0.000000e+00,0.000000e+00,0.000000e+00,0.000000e+00,0.000000e+00,0.000000e+00,0.000000e+00,0.000000e+00,0.000000e+00,0.000000e+00,0.000000e+00
1.000000e+00,0.000000e+00,0.000000e+00,0.000000e+00,0.000000e+00,0.000000e+00,0.000000e+00,0.000000e+00,0.000000e+00,0.000000e+00,0.000000e+00,0.000000e+00,0.000000e+00,0.000000e+00,0.000000e+00
1.000000e+00,0.000000e+00,0.000000e+00,0.000000e+00,0.000000e+00,0.000000e+00,0.000000e+00,0.000000e+00,0.000000e+00,0.000000e+00,0.000000e+00,0.000000e+00,0.000000e+00,0.000000e+00,0.000000e+00
1.000000e+00,0.000000e+00,0.000000e+00,0.000000e+00,0.000000e+00,0.000000e+00,0.000000e+00,0.000000e+00,0.000000e+00,0.000000e+00,0.000000e+00,0.000000e+00,0.000000e+00,0.000000e+00,0.000000e+00
1.000000e+00,0.000000e+00,0.000000e+00,0.000000e+00,0.000000e+00,0.000000e+00,0.000000e+00,0.000000e+00,0.000000e+00,0.000000e+00,0.000000e+00,0.000000e+00,0.000000e+00,0.000000e+00,0.000000e+00
1.000000e+00,0.000000e+00,0.000000e+00,0.000000e+00,0.000000e+00,0.000000e+00,0.000000e+00,0.000000e+00,0.000000e+00,0.000000e+00,0.000000e+00,0.000000e+00,0.000000e+00,0.000000e+00,0.000000e+00
1.000000e+00,0.000000e+00,0.000000e+00,0.000000e+00,0.000000e+00,0.000000e+00,0.000000e+00,0.000000e+00,0.000000e+00,0.000000e+00,0.000000e+00,0.000000e+00,0.000000e+00,0.000000e+00,0.000000e+00
1.000000e+00,0.000000e+00,0.000000e+00,0.000000e+00,0.000000e+00,0.000000e+00,0.000000e+00,0.000000e+00,0.000000e+00,0.000000e+00,0.000000e+00,0.000000e+00,0.000000e+00,0.000000e+00,0.000000e+00
1.000000e+00,0.000000e+00,0.000000e+00,0.000000e+00,0.000000e+00,0.000000e+00,0.000000e+00,0.000000e+00,0.000000e+00,0.000000e+00,0.000000e+00,0.000000e+00,0.000000e+00,0.000000e+00,0.000000e+00
1.000000e+00,0.000000e+00,0.000000e+00,0.000000e+00,0.000000e+00,0.000000e+00,0.000000e+00,0.000000e+00,0.000000e+00,0.000000e+00,0.000000e+00,0.000000e+00,0.000000e+00,0.000000e+00,0.000000e+00
1.000000e+00,0.000000e+00,0.000000e+00,0.000000e+00,0.000000e+00,0.000000e+00,0.000000e+00,0.000000e+00,0.000000e+00,0.000000e+00,0.000000e+00,0.000000e+00,0.000000e+00,0.000000e+00,0.000000e+00
1.000000e+00,0.000000e+00,0.000000e+00,0.000000e+00,0.000000e+00,0.000000e+00,0.000000e+00,0.000000e+00,0.000000e+00,0.000000e+00,0.000000e+00,0.000000e+00,0.000000e+00,0.000000e+00,0.000000e+00
1.000000e+00,0.000000e+00,0.000000e+00,0.000000e+00,0.000000e+00,0.000000e+00,0.000000e+00,0.000000e+00,0.000000e+00,0.000000e+00,0.000000e+00,0.000000e+00,0.000000e+00,0.000000e+00,0.000000e+00
1.000000e+00,0.000000e+00,0.000000e+00,0.000000e+00,0.000000e+00,0.000000e+00,0.000000e+00,0.000000e+00,0.000000e+00,0.000000e+00,0.000000e+00,0.000000e+00,0.000000e+00,0.000000e+00,0.000000e+00
1.000000e+00,0.000000e+00,0.000000e+00,0.000000e+00,0.000000e+00,0.000000e+00,0.000000e+00,0.000000e+00,0.000000e+00,0.000000e+00,0.000000e+00,0.000000e+00,0.000000e+00,0.000000e+00,0.000000e+00
1.000000e+00,0.000000e+00,0.000000e+00,0.000000e+00,0.000000e+00,0.000000e+00,0.000000e+00,0.000000e+00,0.000000e+00,0.000000e+00,0.000000e+00,0.000000e+00,0.000000e+00,0.000000e+00,0.000000e+00
1.000000e+00,0.000000e+00,0.000000e+00,0.000000e+00,0.000000e+00,0.000000e+00,0.000000e+00,0.000000e+00,0.000000e+00,0.000000e+00,0.000000e+00,0.000000e+00,0.000000e+00,0.000000e+00,0.000000e+00
1.000000e+00,0.000000e+00,0.000000e+00,0.000000e+00,0.000000e+00,0.000000e+00,0.000000e+00,0.000000e+00,0.000000e+00,0.000000e+00,0.000000e+00,0.000000e+00,0.000000e+00,0.000000e+00,0.000000e+00
1.000000e+00,0.000000e+00,0.000000e+00,0.000000e+00,0.000000e+00,0.000000e+00,0.000000e+00,0.000000e+00,0.000000e+00,0.000000e+00,0.000000e+00,0.000000e+00,0.000000e+00,0.000000e+00,0.000000e+00
1.000000e+00,0.000000e+00,0.000000e+00,0.000000e+00,0.000000e+00,0.000000e+00,0.000000e+00,0.000000e+00,0.000000e+00,0.000000e+00,0.000000e+00,0.000000e+00,0.000000e+00,0.000000e+00,0.000000e+00
1.000000e+00,0.000000e+00,0.000000e+00,0.000000e+00,0.000000e+00,0.000000e+00,0.000000e+00,0.000000e+00,0.000000e+00,0.000000e+00,0.000000e+00,0.000000e+00,0.000000e+00,0.000000e+00,0.000000e+00
1.000000e+00,0.000000e+00,0.000000e+00,0.000000e+00,0.000000e+00,0.000000e+00,0.000000e+00,0.000000e+00,0.000000e+00,0.000000e+00,0.000000e+00,0.000000e+00,0.000000e+00,0.000000e+00,0.000000e+00
1.000000e+00,0.000000e+00,0.000000e+00,0.000000e+00,0.000000e+00,0.000000e+00,0.000000e+00,0.000000e+00,0.000000e+00,0.000000e+00,0.000000e+00,0.000000e+00,0.000000e+00,0.000000e+00,0.000000e+00
3.944558e-01,5.756822e-02,5.532742e-02,3.251078e-01,1.529255e-02,2.013581e-02,4.879289e-03,1.689484e-02,1.188856e-02,2.665193e-03,1.643308e-02,2.223015e-02,1.839808e-02,3.706794e-03,3.501648e-02
2.766824e-01,4.175714e-02,3.934295e-02,4.116261e-01,1.126647e-02,1.416002e-02,3.445130e-03,1.188038e-02,9.018815e-03,2.663368e-03,1.215673e-01,1.571576e-02,1.320057e-02,2.796834e-03,2.487678e-02
1.937046e-01,2.974752e-02,2.771742e-02,4.640110e-01,8.018192e-03,9.934958e-03,2.415201e-03,8.402910e-03,7.152475e-03,2.393995e-03,2.045230e-01,1.235157e-02,9.508515e-03,2.513923e-03,1.760479e-02
1.356880e-01,2.088469e-02,1.946985e-02,3.521470e-01,7.923145e-03,7.097434e-03,1.705567e-03,6.107145e-03,5.697499e-03,2.095011e-03,3.842010e-01,3.393542e-02,7.552461e-03,3.073031e-03,1.242287e-02
9.512835e-02,1.475623e-02,1.386805e-02,2.820860e-01,1.132341e-02,5.522703e-03,1.231463e-03,4.779648e-03,5.266802e-03,1.677330e-03,4.280547e-01,1.116417e-01,5.897214e-03,9.837668e-03,8.928684e-03
6.700813e-02,1.044987e-02,9.963291e-03,2.131818e-01,2.581399e-02,4.922414e-03,9.011631e-04,3.825860e-03,4.474311e-03,1.220383e-03,4.586795e-01,1.175135e-01,4.502594e-03,7.111662e-02,6.426615e-03
4.702874e-02,7.416149e-03,7.088367e-03,1.532256e-01,3.497741e-02,3.859999e-03,6.387027e-04,2.754811e-03,3.456075e-03,8.833819e-04,5.211506e-01,1.264832e-01,3.402048e-03,8.306320e-02,4.571674e-03
3.311834e-02,5.515972e-03,5.067847e-03,1.085854e-01,4.039500e-02,2.926284e-03,4.551352e-04,2.011631e-03,2.901515e-03,6.451408e-04,6.048554e-01,1.028677e-01,2.814496e-03,8.459209e-02,3.248085e-03
2.321773e-02,4.216291e-03,3.584526e-03,7.608966e-02,3.180450e-02,2.377156e-03,3.206963e-04,1.431323e-03,2.532014e-03,4.820618e-04,7.011544e-01,7.707328e-02,2.467156e-03,7.096181e-02,2.287487e-03
1.695113e-02,4.468556e-03,3.366766e-03,5.445505e-02,4.182566e-02,3.233057e-02,3.186472e-04,3.552688e-03,2.415543e-03,4.594735e-04,7.063711e-01,6.189296e-02,2.709441e-03,6.718391e-02,1.698531e-03
1.223303e-02,3.441030e-03,2.430669e-03,3.824373e-02,3.183534e-02,3.216934e-02,2.302934e-04,2.831355e-03,1.875569e-03,3.783999e-04,7.230570e-01,4.879662e-02,2.327950e-03,9.893121e-02,1.218523e-03
9.699947e-03,5.444282e-03,1.783457e-03,2.687003e-02,2.527792e-02,3.363541e-02,1.837153e-04,2.130902e-03,2.406734e-03,4.764616e-04,7.027510e-01,4.717388e-02,2.686528e-03,1.384118e-01,1.067864e-03
8.347449e-03,4.934128e-02,1.815485e-03,1.897533e-02,2.177606e-02,2.855861e-02,2.640809e-04,1.850531e-03,6.981598e-03,1.019171e-03,6.678554e-01,4.414449e-02,2.587709e-03,1.442885e-01,2.194320e-03
7.222998e-03,4.704531e-02,1.520635e-03,1.336784e-02,1.704898e-02,2.240859e-02,3.489218e-04,1.531338e-03,1.926492e-02,2.004572e-03,6.428406e-01,4.123941e-02,2.606457e-03,1.790869e-01,2.462472e-03
8.158773e-03,4.175115e-02,1.890349e-03,9.587048e-03,1.318995e-02,1.731433e-02,3.363001e-04,1.350756e-03,2.614391e-02,3.391544e-03,6.479722e-01,3.495906e-02,2.408465e-03,1.887981e-01,2.748028e-03
6.833103e-03,3.491368e-02,1.494828e-03,6.775195e-03,9.473697e-03,1.372388e-02,2.641996e-04,1.087170e-03,3.152160e-02,3.266310e-03,7.012488e-01,2.786738e-02,2.150068e-03,1.571527e-01,2.227391e-03
6.984284e-03,3.255323e-02,1.290719e-03,4.945335e-03,6.823305e-03,1.183659e-02,2.224409e-04,1.036192e-03,5.109956e-02,3.198656e-03,7.308856e-01,2.362918e-02,2.079145e-03,1.214536e-01,1.962266e-03
8.013286e-03,5.687755e-02,4.568801e-03,5.506082e-03,7.695438e-03,2.115496e-02,1.895560e-04,1.468280e-03,1.546084e-01,5.214135e-03,6.174045e-01,1.889377e-02,1.935754e-03,9.295375e-02,3.515808e-03
8.277809e-03,4.991550e-02,5.705550e-03,1.056872e-02,2.684592e-02,3.041627e-02,2.124748e-04,3.712920e-03,2.406809e-01,7.705200e-03,5.156557e-01,1.927761e-02,2.060764e-03,7.391183e-02,5.052870e-03
1.004044e-02,4.930492e-02,8.394793e-03,1.190349e-02,4.835624e-02,4.188705e-02,2.456322e-04,5.649348e-03,2.775275e-01,1.407457e-02,4.300696e-01,2.005055e-02,2.091451e-03,6.717047e-02,1.323401e-02
1.430406e-02,5.742944e-02,7.686526e-03,9.274947e-03,6.551868e-02,3.856768e-02,3.750752e-04,5.918905e-03,3.768296e-01,1.108177e-02,3.331034e-01,1.494400e-02,2.001720e-03,5.143051e-02,1.153365e-02
1.371382e-02,8.520918e-02,6.575879e-03,7.484751e-03,5.965351e-02,4.577925e-02,3.219262e-04,9.212920e-03,4.379906e-01,1.075744e-02,2.530865e-01,1.124085e-02,1.641744e-03,4.467141e-02,1.266018e-02
1.649440e-02,8.922488e-02,1.400978e-02,8.251375e-03,6.126042e-02,3.810202e-02,3.376399e-04,2.746270e-02,4.660518e-01,1.117384e-02,2.021880e-01,8.644667e-03,1.344988e-03,3.450289e-02,2.095065e-02
2.218156e-02,8.392254e-02,2.671028e-02,1.479462e-02,7.359913e-02,4.279771e-02,4.923784e-04,4.819674e-02,4.584374e-01,1.138325e-02,1.661088e-01,6.834956e-03,1.174786e-03,2.601816e-02,1.734769e-02
2.753077e-02,1.124329e-01,2.538540e-02,1.463806e-02,7.999065e-02,5.230994e-02,5.095804e-04,5.828276e-02,4.293318e-01,1.017113e-02,1.473064e-01,5.200407e-03,9.287813e-04,2.220807e-02,1.377334e-02
4.751867e-02,1.753733e-01,2.504837e-02,1.219907e-02,7.790764e-02,5.300041e-02,5.527872e-04,4.711422e-02,3.883829e-01,7.733703e-03,1.305494e-01,4.194023e-03,8.241594e-04,1.886158e-02,1.073977e-02
6.332073e-02,2.404687e-01,2.852915e-02,1.393110e-02,7.706206e-02,4.820842e-02,5.905041e-04,5.030640e-02,3.284272e-01,6.065369e-03,1.114001e-01,3.596851e-03,8.932287e-04,1.774748e-02,9.452666e-03
6.542119e-02,2.010622e-01,7.601849e-02,1.220123e-01,8.055039e-02,3.670532e-02,5.300351e-04,4.423428e-02,2.499309e-01,5.599787e-03,8.024429e-02,4.848754e-03,1.230783e-03,1.339311e-02,1.821829e-02
7.311168e-02,1.622085e-01,1.584214e-01,1.501401e-01,8.132037e-02,2.991694e-02,5.024432e-04,4.048911e-02,2.085416e-01,4.802284e-03,5.833501e-02,4.254045e-03,1.093756e-03,9.912145e-03,1.695073e-02
8.088691e-02,1.290668e-01,2.153646e-01,1.793488e-01,6.878719e-02,2.851629e-02,4.680689e-04,3.197998e-02,1.889079e-01,5.139820e-03,4.582423e-02,3.635672e-03,9.494649e-04,7.747266e-03,1.337702e-02
1.092204e-01,1.158994e-01,2.665956e-01,1.933477e-01,5.490666e-02,2.584018e-02,4.519034e-04,2.579066e-02,1.441367e-01,4.828931e-03,3.490039e-02,3.515780e-03,1.138691e-03,7.081978e-03,1.234502e-02
1.264844e-01,9.257814e-02,2.983273e-01,2.377808e-01,4.230099e-02,2.069377e-02,5.078025e-04,2.118713e-02,1.087760e-01,3.834945e-03,2.541176e-02,3.121251e-03,1.153282e-03,6.996186e-03,1.084617e-02
1.604811e-01,6.892520e-02,3.012972e-01,2.817242e-01,3.179977e-02,1.611663e-02,6.403069e-04,1.679709e-02,8.108307e-02,3.069456e-03,1.894641e-02,2.593884e-03,1.015814e-03,6.863354e-03,8.646498e-03
1.742698e-01,5.101765e-02,3.129105e-01,3.162643e-01,2.409014e-02,1.335187e-02,8.493862e-04,1.498292e-02,5.996878e-02,2.310626e-03,1.387496e-02,2.085800e-03,9.099193e-04,6.715587e-03,6.397764e-03
2.076368e-01,4.312279e-02,2.859501e-01,3.400585e-01,1.901203e-02,1.267574e-02,9.970599e-04,1.372706e-02,4.634857e-02,1.966670e-03,1.096564e-02,2.048814e-03,1.008525e-03,8.613028e-03,5.868714e-03
2.345186e-01,3.456171e-02,2.444448e-01,3.755178e-01,1.626333e-02,1.198521e-02,1.126571e-03,1.349850e-02,3.778489e-02,2.359608e-03,9.678141e-03,2.193203e-03,1.292626e-03,8.974716e-03,5.800270e-03
2.630707e-01,3.109625e-02,2.159130e-01,3.830163e-01,1.541749e-02,1.106262e-02,1.161236e-03,1.413544e-02,3.105896e-02,4.148619e-03,1.019242e-02,2.321148e-03,1.727669e-03,1.067451e-02,5.003550e-03
3.003203e-01,2.851073e-02,2.058074e-01,3.632689e-01,1.595573e-02,9.736330e-03,1.375700e-03,1.729890e-02,2.468810e-02,4.283502e-03,9.875505e-03,2.838443e-03,1.990482e-03,8.925427e-03,5.124575e-03
3.966719e-01,2.211430e-02,1.629454e-01,3.129233e-01,1.868269e-02,8.678474e-03,1.816659e-03,2.341611e-02,2.126096e-02,4.034472e-03,8.784522e-03,4.617891e-03,2.483686e-03,7.046637e-03,4.523088e-03
4.589429e-01,2.319083e-02,1.217096e-01,2.786515e-01,2.687083e-02,8.225468e-03,2.413098e-03,2.384294e-02,1.897353e-02,5.166499e-03,9.964875e-03,8.082619e-03,2.967780e-03,6.169839e-03,4.827668e-03
4.048321e-01,4.413746e-02,9.882726e-02,2.039287e-01,2.001833e-02,7.074196e-03,1.734131e-03,1.766843e-02,6.273455e-02,4.752987e-02,1.745448e-02,6.426469e-03,4.924451e-03,8.561359e-03,5.414819e-02
3.617404e-01,3.781656e-02,7.598378e-02,1.486544e-01,1.595400e-02,6.014716e-03,1.278389e-03,1.449701e-02,9.860370e-02,1.236523e-01,2.108273e-02,5.559413e-03,5.463054e-03,2.090689e-02,6.279256e-02
4.214227e-01,3.947913e-02,5.528633e-02,1.581494e-01,1.693990e-02,7.723994e-03,1.229973e-03,1.462788e-02,8.749208e-02,8.857039e-02,2.300137e-02,9.866362e-03,7.315451e-03,1.965434e-02,4.924065e-02
4.965682e-01,4.273350e-02,4.657350e-02,1.225149e-01,1.564854e-02,1.020354e-02,1.477434e-03,1.506936e-02,6.551807e-02,6.428163e-02,2.069572e-02,1.265601e-02,8.391879e-03,3.565148e-02,4.201619e-02
4.323147e-01,5.082036e-02,5.721869e-02,9.122229e-02,1.366118e-02,1.462922e-02,1.483775e-03,1.206000e-02,7.057995e-02,4.682684e-02,2.415764e-02,1.003407e-02,6.948782e-03,1.185657e-01,4.947678e-02
3.915392e-01,5.545559e-02,5.857708e-02,1.174832e-01,1.532073e-02,1.597152e-02,1.643354e-03,1.213380e-02,6.402083e-02,3.511507e-02,3.526055e-02,1.286197e-02,8.492457e-03,1.183636e-01,5.776099e-02
4.218265e-01,4.450677e-02,4.654590e-02,9.223925e-02,1.474504e-02,2.033065e-02,2.082319e-03,1.053296e-02,4.849087e-02,2.591894e-02,3.247913e-02,1.640560e-02,1.049243e-02,1.589072e-01,5.449635e-02
3.804961e-01,3.531558e-02,5.248180e-02,7.429646e-02,1.287732e-02,2.261697e-02,2.053816e-03,8.165830e-03,3.883278e-02,2.282036e-02,4.239925e-02,1.983959e-02,9.519010e-03,2.122748e-01,6.601033e-02
2.795518e-01,2.556802e-02,4.056189e-02,5.262221e-02,9.838920e-03,1.786923e-02,1.671921e-03,5.892063e-03,3.298904e-02,2.201987e-02,4.423906e-02,1.564417e-02,6.948679e-03,3.909252e-01,5.365790e-02
2.071685e-01,1.822288e-02,3.011124e-02,3.737236e-02,7.581205e-03,1.579846e-02,1.295022e-03,4.257086e-03,3.280573e-02,2.092867e-02,4.459419e-02,1.195307e-02,5.083663e-03,5.197629e-01,4.306493e-02
1.533015e-01,1.359695e-02,2.288343e-02,2.685658e-02,5.858535e-03,1.361506e-02,1.017364e-03,3.184973e-03,2.977800e-02,1.972875e-02,6.711575e-02,9.719298e-03,3.717961e-03,5.916427e-01,3.798313e-02
1.160102e-01,9.969693e-03,1.661274e-02,1.930945e-02,4.352843e-03,1.037020e-02,8.214225e-04,2.348979e-03,3.396685e-02,2.277970e-02,7.679809e-02,7.547910e-03,2.675299e-03,6.450537e-01,3.138294e-02
8.388307e-02,1.046512e-02,1.212109e-02,1.528088e-02,4.249894e-03,1.419879e-02,6.747341e-04,1.761822e-03,4.439434e-02,5.766254e-02,8.696140e-02,6.686285e-03,2.185517e-03,6.341229e-01,2.535161e-02
6.246021e-02,8.457921e-03,8.872332e-03,1.171045e-02,3.878666e-03,2.636985e-02,5.659838e-04,1.544042e-03,4.274795e-02,5.769543e-02,1.299427e-01,5.574713e-03,1.923913e-03,6.200291e-01,1.822677e-02
4.677242e-02,7.145551e-03,6.501265e-03,8.621668e-03,3.211336e-03,2.999762e-02,4.438393e-04,1.226677e-03,3.868669e-02,1.110350e-01,1.457206e-01,5.499344e-03,5.310090e-03,5.758231e-01,1.400490e-02
4.058126e-02,8.523728e-03,4.725528e-03,6.338617e-03,2.878251e-03,2.942835e-02,3.492014e-04,1.112091e-03,4.376892e-02,2.036989e-01,1.620846e-01,4.923103e-03,4.306159e-03,4.768021e-01,1.047930e-02
3.252321e-02,7.704839e-03,3.476332e-03,4.614257e-03,2.570692e-03,3.682365e-02,2.850790e-04,9.640076e-04,4.796863e-02,2.376789e-01,1.734470e-01,4.518067e-03,3.422696e-03,4.363379e-01,7.664757e-03
2.823305e-02,6.826950e-03,2.617934e-03,3.511092e-03,6.698415e-03,2.962222e-02,3.196093e-04,1.882598e-03,6.489393e-02,2.864575e-01,1.427211e-01,3.736908e-03,3.262737e-03,4.135593e-01,5.656654e-03
2.394773e-02,1.006890e-02,2.325015e-03,2.812722e-03,4.842970e-02,2.836105e-02,8.311130e-04,2.319803e-03,1.311390e-01,3.065782e-01,1.048278e-01,2.828888e-03,2.921296e-03,3.278539e-01,4.754966e-03
2.464204e-02,1.806768e-02,5.340285e-03,3.067212e-03,7.257956e-02,2.622544e-02,1.484488e-03,1.426622e-02,1.822743e-01,3.198268e-01,7.578401e-02,2.562916e-03,3.875367e-03,2.447039e-01,5.299868e-03
2.501673e-02,3.740317e-02,4.254744e-03,2.693231e-03,8.875319e-02,3.556367e-02,1.901255e-03,1.215636e-02,2.300572e-01,3.157350e-01,5.524984e-02,2.135437e-03,3.138362e-03,1.799572e-01,5.984608e-03
3.054938e-02,4.560652e-02,3.956590e-03,3.125251e-03,9.498147e-02,3.835231e-02,2.175436e-03,1.217265e-02,2.758289e-01,3.067156e-01,4.143548e-02,2.080319e-03,2.698610e-03,1.330444e-01,7.277023e-03
5.560242e-02,4.749297e-02,2.028824e-02,4.549783e-02,1.005678e-01,3.542782e-02,2.644479e-03,3.154270e-02,2.378769e-01,2.655217e-01,3.112029e-02,4.769213e-03,3.665511e-03,9.704912e-02,2.093308e-02
9.105091e-02,5.256643e-02,2.893949e-02,5.114734e-02,9.103040e-02,3.381770e-02,2.865030e-03,5.015775e-02,2.752277e-01,1.978981e-01,2.600131e-02,5.594566e-03,3.026168e-03,7.324562e-02,1.743150e-02
1.456207e-01,7.646400e-02,3.007039e-02,4.494597e-02,6.963167e-02,3.400549e-02,2.575308e-03,4.906415e-02,2.653400e-01,1.576815e-01,2.315473e-02,6.665274e-03,3.034915e-03,6.393854e-02,2.780735e-02
2.362630e-01,6.867457e-02,3.364988e-02,4.664442e-02,5.353628e-02,3.336168e-02,3.157352e-03,4.808637e-02,2.289764e-01,1.308077e-01,2.425716e-02,1.076778e-02,2.586860e-03,5.076564e-02,2.846498e-02
2.937441e-01,5.940105e-02,3.023903e-02,5.400008e-02,4.384740e-02,4.058193e-02,3.517947e-03,5.489412e-02,2.279310e-01,9.612873e-02,2.051494e-02,9.395691e-03,2.308928e-03,3.781460e-02,2.568048e-02
2.751127e-01,4.412922e-02,2.700210e-02,7.308832e-02,3.481799e-02,2.971800e-02,3.182101e-03,1.784945e-01,1.950508e-01,6.779984e-02,1.622713e-02,7.299838e-03,2.307694e-03,2.687133e-02,1.889840e-02
1.986426e-01,3.114214e-02,1.960278e-02,5.286287e-02,2.740491e-02,2.159481e-02,2.335271e-03,4.099863e-01,1.384439e-01,4.748586e-02,1.155198e-02,5.162488e-03,1.700105e-03,1.882221e-02,1.326184e-02
1.439694e-01,2.201004e-02,1.384325e-02,3.761084e-02,2.057858e-02,1.572909e-02,1.672648e-03,5.777193e-01,9.796052e-02,3.325621e-02,8.259101e-03,3.650079e-03,1.263291e-03,1.318041e-02,9.297232e-03
1.024232e-01,1.549370e-02,9.744181e-03,2.640653e-02,1.515246e-02,1.107154e-02,1.209528e-03,7.015468e-01,6.866410e-02,2.328303e-02,5.798239e-03,2.567921e-03,8.944180e-04,9.229622e-03,6.514682e-03
7.301587e-02,1.088183e-02,6.860283e-03,1.860786e-02,1.141270e-02,7.808732e-03,8.956089e-04,7.885551e-01,4.810976e-02,1.630006e-02,4.078982e-03,1.808445e-03,6.364539e-04,6.463089e-03,4.565246e-03
5.155527e-02,7.628974e-03,4.836139e-03,1.303804e-02,8.226902e-03,5.522487e-03,6.473606e-04,8.511198e-01,3.369252e-02,1.141078e-02,2.867414e-03,1.271162e-03,4.532489e-04,4.530943e-03,3.199014e-03
3.686379e-02,5.352212e-03,3.403616e-03,9.138102e-03,6.014668e-03,3.924555e-03,4.757359e-04,8.945614e-01,2.360556e-02,7.987814e-03,2.024557e-03,8.967975e-04,3.274510e-04,3.179600e-03,2.244106e-03
2.856206e-02,3.778411e-03,2.443565e-03,6.459804e-03,5.229649e-03,2.960729e-03,5.215569e-04,9.216230e-01,1.656560e-02,5.592268e-03,1.465728e-03,6.492097e-04,3.072187e-04,2.251234e-03,1.589983e-03
2.122476e-02,2.672446e-03,1.748231e-03,4.546606e-03,4.567991e-03,2.184780e-03,5.974945e-04,9.424195e-01,1.161852e-02,3.915025e-03,1.047335e-03,4.591678e-04,2.796173e-04,1.598124e-03,1.120287e-03
1.585404e-02,1.883906e-03,1.251852e-03,3.208255e-03,3.837741e-03,1.608411e-03,6.247954e-04,9.575930e-01,8.145215e-03,2.740957e-03,7.528521e-04,3.272519e-04,2.484227e-04,1.131504e-03,7.917482e-04
1.205342e-02,1.329652e-03,9.563006e-04,2.312093e-03,3.360680e-03,1.172447e-03,8.679471e-04,9.679890e-01,5.715658e-03,1.920473e-03,5.357428e-04,2.364350e-04,1.889009e-04,7.962937e-04,5.648887e-04
1.209426e-02,9.479087e-04,8.312683e-04,1.736716e-03,3.557249e-03,8.987377e-04,1.438501e-03,9.713928e-01,4.024164e-03,1.348863e-03,4.033344e-04,1.875442e-04,1.608835e-04,5.632106e-04,4.145111e-04
1.505147e-02,6.886558e-04,8.398480e-04,1.402714e-03,3.416198e-03,7.104479e-04,1.906600e-03,9.708533e-01,2.858276e-03,9.570058e-04,3.073137e-04,1.574069e-04,1.363855e-04,4.005343e-04,3.137081e-04
2.174843e-02,5.083441e-04,9.092786e-04,1.109725e-03,3.237675e-03,1.160149e-03,4.630683e-03,9.623487e-01,2.041703e-03,7.054830e-04,3.028640e-04,2.518081e-04,3.553959e-04,3.080757e-04,3.816299e-04
2.982505e-02,3.860683e-04,9.494832e-04,9.082480e-04,3.031809e-03,1.187243e-03,6.212091e-03,9.539376e-01,1.478468e-03,5.390148e-04,2.764021e-04,2.594070e-04,3.835412e-04,2.315195e-04,3.939844e-04
3.850507e-02,2.893524e-04,9.711075e-04,7.994233e-04,2.856287e-03,1.047314e-03,6.155574e-03,9.464198e-01,1.069433e-03,4.048613e-04,2.446678e-04,3.066442e-04,3.789798e-04,1.726158e-04,3.788687e-04
4.288478e-02,2.401404e-04,1.024462e-03,7.765564e-04,2.501988e-03,1.025465e-03,5.067474e-03,9.438369e-01,7.821412e-04,3.213561e-04,2.713885e-04,3.176551e-04,3.863933e-04,1.354617e-04,4.277489e-04
4.954719e-02,2.214951e-04,1.179409e-03,9.180105e-04,2.665658e-03,9.839466e-04,4.063881e-03,9.379336e-01,5.985774e-04,2.670052e-04,3.106997e-04,3.410791e-04,4.001163e-04,1.094602e-04,4.598667e-04
6.591322e-02,2.081894e-04,2.404472e-03,1.389868e-03,3.021423e-03,9.300713e-04,3.272929e-03,9.204612e-01,4.622838e-04,2.341948e-04,3.283326e-04,3.999767e-04,4.103137e-04,9.636200e-05,4.671932e-04
7.123543e-02,2.185642e-04,2.180925e-03,1.264955e-03,3.658772e-03,9.540376e-04,2.932815e-03,9.150816e-01,3.959486e-04,2.070836e-04,3.479776e-04,4.573981e-04,4.419393e-04,9.457805e-05,5.279435e-04
9.493346e-02,4.218039e-03,6.569103e-03,8.721371e-03,8.246519e-03,6.850653e-03,3.003757e-03,7.765647e-01,1.896664e-02,3.276378e-03,5.845215e-03,9.759551e-03,1.353744e-02,1.436882e-03,3.807028e-02
9.216104e-02,1.135288e-02,4.944020e-03,1.424249e-02,8.188363e-03,6.318459e-03,2.364806e-03,5.664327e-01,2.084292e-01,5.073564e-03,8.599635e-03,8.453379e-03,1.804447e-02,1.335633e-03,4.405947e-02
6.950841e-02,1.361724e-02,3.691710e-03,2.592346e-02,6.340838e-03,4.951725e-03,1.804084e-03,4.017128e-01,3.675219e-01,7.991666e-03,9.001907e-03,6.971209e-03,2.131610e-02,1.585898e-03,5.806109e-02
5.484340e-02,1.833224e-02,3.554485e-03,2.849795e-02,5.142530e-03,7.094981e-03,1.990232e-03,2.876694e-01,3.685040e-01,1.105056e-02,1.036271e-02,6.057655e-03,1.282615e-01,1.730329e-03,6.690805e-02
4.273707e-02,3.742262e-02,4.613549e-03,2.724600e-02,4.141304e-03,6.926726e-03,2.062526e-03,2.056343e-01,4.164250e-01,1.864385e-02,8.381624e-03,4.852689e-03,1.426889e-01,1.705470e-03,7.651837e-02
3.722021e-02,4.176679e-02,6.061772e-03,2.307302e-02,3.964799e-03,1.480142e-02,2.932473e-03,1.470965e-01,3.635910e-01,1.877294e-02,9.428003e-03,6.333039e-03,2.252558e-01,2.193596e-03,9.750857e-02
2.875347e-02,3.487454e-02,1.346700e-02,2.601156e-02,5.252355e-03,1.274457e-02,2.393520e-03,1.039683e-01,3.307338e-01,1.923562e-02,1.055875e-02,5.844370e-03,2.684535e-01,2.671166e-03,1.350376e-01
2.447575e-02,2.592995e-02,1.447625e-02,3.084810e-02,6.496034e-03,1.601285e-02,3.083242e-03,7.336632e-02,2.602832e-01,1.868597e-02,1.542263e-02,7.865954e-03,3.546211e-01,3.007380e-03,1.454252e-01
1.887944e-02,1.850839e-02,1.484868e-02,3.473126e-02,7.367224e-03,1.463990e-02,2.463411e-03,5.271723e-02,2.077497e-01,1.557439e-02,1.876659e-02,1.211143e-02,4.304864e-01,3.364116e-03,1.477919e-01
1.604403e-02,1.361825e-02,1.500520e-02,2.730493e-02,1.113585e-02,1.160150e-02,2.562356e-03,3.809984e-02,1.632159e-01,1.332006e-02,3.494047e-02,1.790488e-02,4.539570e-01,3.499358e-03,1.777904e-01
1.692837e-02,9.676551e-03,1.199550e-02,1.991233e-02,9.333922e-03,8.973585e-03,2.454169e-03,2.907273e-02,1.208464e-01,1.361127e-02,3.367514e-02,2.087975e-02,4.903196e-01,3.595573e-03,2.087252e-01
1.353474e-02,6.896318e-03,1.070906e-02,1.506421e-02,1.091283e-02,6.970241e-03,3.385946e-03,3.344940e-02,9.287789e-02,1.330050e-02,3.421249e-02,2.083568e-02,5.039077e-01,3.486404e-03,2.304565e-01
1.094981e-02,5.042917e-03,1.062137e-02,1.314021e-02,1.538710e-02,5.401778e-03,3.000302e-03,3.114862e-02,8.279205e-02,1.322690e-02,3.477506e-02,2.170446e-02,4.556586e-01,2.596057e-03,2.945548e-01
9.709377e-03,3.721698e-03,1.426519e-02,1.570055e-02,1.426214e-02,8.590305e-03,3.275194e-03,4.260179e-02,6.532087e-02,1.543943e-02,5.107121e-02,2.421796e-02,4.690558e-01,2.199416e-03,2.605690e-01
8.782056e-03,3.071556e-03,1.304580e-02,1.506268e-02,2.154811e-02,7.748524e-03,2.960786e-03,3.386857e-02,5.947364e-02,1.531241e-02,5.810326e-02,2.861069e-02,5.061758e-01,1.904335e-03,2.243317e-01
8.672707e-03,2.829480e-03,2.403497e-02,2.109292e-02,7.243001e-02,6.654685e-03,3.940195e-03,8.616595e-02,7.295972e-02,1.835418e-02,6.285460e-02,2.486776e-02,4.015818e-01,1.457263e-03,1.921037e-01
1.504927e-02,4.278703e-03,7.564281e-02,2.025254e-02,8.403145e-02,7.869634e-03,4.497876e-03,1.111318e-01,8.068742e-02,2.284966e-02,6.690900e-02,2.859604e-02,3.206747e-01,1.790542e-03,1.557384e-01
1.724454e-02,7.664708e-03,1.195465e-01,1.956605e-02,1.080604e-01,1.662256e-02,8.187858e-03,9.069014e-02,8.277749e-02,2.379756e-02,6.136758e-02,2.917724e-02,2.536688e-01,1.796824e-03,1.598316e-01
2.533020e-02,1.098945e-02,1.240783e-01,1.853737e-02,1.151819e-01,3.536587e-02,6.430376e-03,7.300745e-02,8.707010e-02,4.343519e-02,6.576915e-02,4.835666e-02,2.057676e-01,2.372231e-03,1.383081e-01
2.706221e-02,2.023458e-02,1.032676e-01,1.604572e-02,1.093020e-01,4.079004e-02,4.995999e-03,5.640032e-02,1.069603e-01,5.671658e-02,6.611526e-02,8.273612e-02,1.791728e-01,2.444133e-03,1.277564e-01
2.508640e-02,7.840928e-02,8.087382e-02,1.285932e-02,1.015343e-01,3.611133e-02,4.017930e-03,4.502734e-02,1.734830e-01,6.847355e-02,5.142512e-02,7.628071e-02,1.374579e-01,2.820421e-03,1.061396e-01
2.711817e-02,1.514021e-01,6.217311e-02,1.070227e-02,9.282025e-02,3.280788e-02,3.451064e-03,4.012907e-02,1.973735e-01,6.769998e-02,3.874033e-02,6.273633e-02,1.011832e-01,4.862989e-03,1.067998e-01
3.313671e-02,1.643719e-01,4.825834e-02,1.106308e-02,1.074426e-01,2.594482e-02,3.226803e-03,6.107967e-02,1.859121e-01,7.895843e-02,3.055758e-02,5.450802e-02,7.587199e-02,5.923999e-03,1.137440e-01
4.177655e-02,1.519720e-01,4.553601e-02,4.302342e-02,1.158401e-01,2.523392e-02,3.046516e-03,9.649882e-02,1.509151e-01,8.703378e-02,2.425143e-02,6.755707e-02,5.844327e-02,4.854452e-03,8.401759e-02
5.721113e-02,1.670998e-01,3.477059e-02,3.753545e-02,1.112137e-01,2.125719e-02,2.829006e-03,1.022074e-01,1.531165e-01,9.586008e-02,2.098684e-02,8.349182e-02,4.483661e-02,4.884709e-03,6.269916e-02
9.644435e-02,1.618620e-01,2.697201e-02,3.338663e-02,9.132726e-02,2.481990e-02,2.498720e-03,1.029578e-01,1.235541e-01,9.449404e-02,1.820808e-02,1.289005e-01,3.953428e-02,5.184432e-03,4.985588e-02
1.386854e-01,1.477993e-01,2.211128e-02,3.094470e-02,8.088791e-02,2.219856e-02,2.680671e-03,9.935187e-02,1.204169e-01,8.887906e-02,1.982348e-02,1.525394e-01,3.110695e-02,4.834427e-03,3.774007e-02
1.988790e-01,1.179647e-01,1.721423e-02,2.666201e-02,6.915150e-02,2.081660e-02,3.809094e-03,8.632620e-02,1.103555e-01,8.169863e-02,2.266416e-02,1.868497e-01,2.430900e-02,4.486450e-03,2.881339e-02
2.773470e-01,9.462522e-02,1.442442e-02,2.162580e-02,5.605865e-02,1.943392e-02,4.312277e-03,6.591021e-02,1.067110e-01,6.008881e-02,2.187360e-02,2.098567e-01,2.062842e-02,4.318755e-03,2.278524e-02
3.187497e-01,7.742938e-02,1.288588e-02,1.810891e-02,4.591804e-02,1.888870e-02,4.245698e-03,5.636432e-02,9.977920e-02,4.420288e-02,2.512844e-02,2.369121e-01,1.819133e-02,4.449801e-03,1.874566e-02
3.665245e-01,6.194428e-02,1.264073e-02,1.932262e-02,3.681462e-02,1.936508e-02,4.450685e-03,5.499881e-02,8.375297e-02,3.218926e-02,2.188625e-02,2.491384e-01,1.708686e-02,3.985220e-03,1.589978e-02
3.066599e-01,4.593949e-02,9.853777e-03,1.777027e-02,3.189425e-02,1.946127e-02,3.692104e-03,4.156810e-02,6.737532e-02,2.308663e-02,2.102310e-02,3.828989e-01,1.318015e-02,3.320770e-03,1.227606e-02
2.326445e-01,3.323639e-02,7.288255e-03,1.388761e-02,2.812171e-02,1.867944e-02,3.365631e-03,3.018023e-02,5.090161e-02,1.639707e-02,3.465008e-02,5.090515e-01,1.007950e-02,2.621613e-03,8.894919e-03
1.760483e-01,2.454515e-02,6.473802e-03,1.089407e-02,4.483182e-02,1.576539e-02,3.112458e-03,3.283351e-02,5.255403e-02,1.203447e-02,3.523920e-02,5.684688e-01,8.148221e-03,2.250987e-03,6.799821e-03
1.369901e-01,1.960277e-02,8.629464e-03,8.631772e-03,6.324358e-02,1.445404e-02,2.792307e-03,2.828298e-02,5.881960e-02,9.198525e-03,3.805527e-02,5.954612e-01,7.866580e-03,2.294930e-03,5.676940e-03
1.087473e-01,1.550573e-02,1.003548e-02,6.750143e-03,5.477809e-02,1.376239e-02,2.199283e-03,2.941888e-02,4.481957e-02,7.897863e-03,3.604940e-02,6.558555e-01,6.986710e-03,2.882560e-03,4.311096e-03
7.679176e-02,1.154202e-02,1.693438e-02,4.882974e-03,4.624110e-02,1.046026e-02,1.576288e-03,2.370289e-02,3.264923e-02,6.555432e-03,3.378776e-02,7.227116e-01,5.770399e-03,3.233900e-03,3.160068e-03
5.488392e-02,8.567614e-03,1.732642e-02,3.591346e-03,3.966372e-02,9.353586e-03,1.237749e-03,1.920721e-02,2.348919e-02,7.620880e-03,3.186684e-02,7.725278e-01,5.088993e-03,3.285433e-03,2.289246e-03
3.960036e-02,6.333486e-03,1.478551e-02,2.579032e-03,3.305890e-02,8.009129e-03,1.019340e-03,1.439340e-02,1.736264e-02,6.660746e-03,2.970699e-02,8.175448e-01,4.525131e-03,2.761803e-03,1.658637e-03
2.828607e-02,1.125605e-02,6.423225e-02,1.880022e-03,5.796560e-02,6.293535e-03,8.816891e-04,1.193571e-02,1.501209e-02,5.249667e-03,2.837195e-02,7.604846e-01,3.849080e-03,2.942280e-03,1.359406e-03
2.107338e-02,1.211426e-02,1.390600e-01,1.503618e-03,5.691836e-02,4.766135e-03,7.244529e-04,1.199557e-02,1.161066e-02,6.625045e-03,2.938551e-02,6.954855e-01,3.663284e-03,3.990478e-03,1.083675e-03
2.041408e-02,1.032642e-02,1.294480e-01,1.139845e-03,5.437659e-02,3.995637e-03,7.326074e-04,1.131753e-02,9.551350e-03,1.507295e-02,2.515906e-02,7.078160e-01,5.447975e-03,4.289707e-03,9.121670e-04
1.927242e-02,1.460925e-02,1.547420e-01,9.293114e-04,9.970579e-02,3.777238e-03,6.400865e-04,9.878281e-03,8.758589e-03,1.690111e-02,2.005374e-02,6.386009e-01,6.436440e-03,4.804813e-03,8.899315e-04
1.979234e-02,1.419564e-02,1.461734e-01,1.020252e-03,1.084985e-01,2.909354e-03,5.336681e-04,1.854559e-02,1.027813e-02,1.783240e-02,1.940720e-02,6.276929e-01,5.925920e-03,6.425540e-03,7.691115e-04
1.538536e-02,1.206792e-02,1.415935e-01,1.185234e-03,1.096283e-01,2.249043e-03,4.325047e-04,2.845919e-02,1.063799e-02,1.412589e-02,1.828441e-02,6.345676e-01,4.666165e-03,6.107608e-03,6.092227e-04
1.222901e-02,1.189530e-02,1.474223e-01,1.473160e-03,1.175106e-01,2.156473e-03,4.225279e-04,2.560144e-02,9.621982e-03,1.410419e-02,1.936479e-02,6.243683e-01,3.989801e-03,9.073252e-03,7.668755e-04
1.025166e-02,9.957601e-03,2.485900e-01,1.619163e-03,1.103321e-01,1.806897e-03,3.717152e-04,2.666274e-02,9.918192e-03,1.358593e-02,4.658030e-02,4.798192e-01,3.482340e-03,3.609760e-02,9.245512e-04
9.503897e-03,8.997523e-03,3.195869e-01,1.741868e-03,9.115919e-02,1.679819e-03,3.853815e-04,2.905886e-02,1.249611e-02,1.406508e-02,8.017215e-02,3.493047e-01,2.769477e-03,7.763848e-02,1.440465e-03
1.108146e-02,7.427928e-03,3.307913e-01,2.311534e-03,7.081863e-02,1.782529e-03,5.275973e-04,3.645816e-02,1.769374e-02,1.293169e-02,1.127619e-01,2.479346e-01,2.248906e-03,1.428718e-01,2.358241e-03
1.972454e-02,8.994685e-03,3.853035e-01,3.109459e-03,5.725916e-02,2.135424e-03,7.596611e-04,4.236005e-02,1.850400e-02,1.254101e-02,1.077665e-01,1.746338e-01,1.792899e-03,1.620252e-01,3.090090e-03
2.368819e-02,7.377269e-03,5.245458e-01,4.836136e-03,4.277385e-02,2.492660e-03,7.541376e-04,4.340939e-02,1.467208e-02,1.037031e-02,7.664821e-02,1.225203e-01,1.358070e-03,1.216232e-01,2.930351e-03
2.917177e-02,6.158888e-03,6.141545e-01,7.740254e-03,3.108353e-02,2.918184e-03,6.487541e-04,4.955495e-02,1.146650e-02,8.800188e-03,5.457124e-02,8.609370e-02,1.145543e-03,9.347574e-02,3.016221e-03
2.694301e-02,4.729928e-03,6.717242e-01,3.172217e-02,2.284735e-02,3.943763e-03,5.039605e-04,4.828042e-02,8.567949e-03,7.470793e-03,3.898728e-02,6.052054e-02,1.046380e-03,7.004052e-02,2.671744e-03
2.672759e-02,4.825306e-03,7.042081e-01,6.210845e-02,1.668480e-02,3.227217e-03,3.724436e-04,4.140503e-02,7.377066e-03,6.768964e-03,2.848594e-02,4.251762e-02,1.098912e-03,5.157363e-02,2.618893e-03
2.223826e-02,4.697125e-03,6.295371e-01,1.725780e-01,1.221991e-02,3.356623e-03,2.789870e-04,3.937232e-02,8.410924e-03,8.854321e-03,2.504475e-02,3.029626e-02,2.887511e-03,3.656707e-02,3.660768e-03
