1.000000e+00,0.000000e+00,0.000000e+00,0.000000e+00,0.000000e+00,0.000000e+00,0.000000e+00,0.000000e+00,0.000000e+00,0.000000e+00,0.000000e+00,0.000000e+00,0.000000e+00,0.000000e+00,0.000000e+00
1.000000e+00,0.000000e+00,0.000000e+00,0.000000e+00,0.000000e+00,0.000000e+00,0.000000e+00,0.000000e+00,0.000000e+00,0.000000e+00,0.000000e+00,0.000000e+00,0.000000e+00,0.000000e+00,0.000000e+00
1.000000e+00,0.000000e+00,0.000000e+00,0.000000e+00,0.000000e+00,0.000000e+00,0.000000e+00,0.000000e+00,0.000000e+00,0.000000e+00,0.000000e+00,0.000000e+00,0.000000e+00,0.000000e+00,0.000000e+00
1.000000e+00,0.000000e+00,0.000000e+00,0.000000e+00,0.000000e+00,0.000000e+00,0.000000e+00,0.000000e+00,0.000000e+00,0.000000e+00,0.000000e+00,0.000000e+00,0.000000e+00,0.000000e+00,0.000000e+00
1.000000e+00,0.000000e+00,0.000000e+00,0.000000e+00,0.000000e+00,0.000000e+00,0.000000e+00,0.000000e+00,0.000000e+00,0.000000e+00,0.000000e+00,0.000000e+00,0.000000e+00,0.000000e+00,0.000000e+00
1.000000e+00,0.000000e+00,0.000000e+00,0.000000e+00,0.000000e+00,0.000000e+00,0.000000e+00,0.000000e+00,0.000000e+00,0.000000e+00,0.000000e+00,0.000000e+00,0.000000e+00,0.000000e+00,0.000000e+00
1.000000e+00,0.000000e+00,0.000000e+00,0.000000e+00,0.000000e+00,0.000000e+00,0.000000e+00,0.000000e+00,0.000000e+00,0.000000e+00,0.000000e+00,0.000000e+00,0.000000e+00,0.000000e+00,0.000000e+00
1.000000e+00,0.000000e+00,0.000000e+00,0.000000e+00,0.000000e+00,0.000000e+00,0.000000e+00,0.000000e+00,0.000000e+00,0.000000e+00,0.000000e+00,0.000000e+00,0.000000e+00,0.000000e+00,0.000000e+00
1.000000e+00,0.000000e+00,0.000000e+00,0.000000e+00,0.000000e+00,0.000000e+00,0.000000e+00,0.000000e+00,0.000000e+00,0.000000e+00,0.000000e+00,0.000000e+00,0.000000e+00,0.000000e+00,0.000000e+00
1.000000e+00,0.000000e+00,0.000000e+00,0.000000e+00,0.000000e+00,0.000000e+00,0.000000e+00,0.000000e+00,0.000000e+00,0.000000e+00,0.000000e+00,0.000000e+00,0.000000e+00,0.000000e+00,0.000000e+00
1.000000e+00,0.000000e+00,0.000000e+00,0.000000e+00,0.000000e+00,0.000000e+00,0.000000e+00,0.000000e+00,0.000000e+00,0.000000e+00,0.000000e+00,0.000000e+00,0.000000e+00,0.000000e+00,0.000000e+00
1.000000e+00,0.000000e+00,0.000000e+00,0.000000e+00,0.000000e+00,0.000000e+00,0.000000e+00,0.000000e+00,0.000000e+00,0.000000e+00,0.000000e+00,0.000000e+00,0.000000e+00,0.000000e+00,0.000000e+00
1.000000e+00,0.000000e+00,0.000000e+00,0.000000e+00,0.000000e+00,0.000000e+00,0.000000e+00,0.000000e+00,0.000000e+00,0.000000e+00,0.000000e+00,0.000000e+00,0.000000e+00,0.000000e+00,0.000000e+00
1.000000e+00,0.000000e+00,0.000000e+00,0.000000e+00,0.000000e+00,0.000000e+00,0.000000e+00,0.000000e+00,0.000000e+00,0.000000e+00,0.000000e+00,0.000000e+00,0.000000e+00,0.000000e+00,0.000000e+00
1.000000e+00,0.000000e+00,0.000000e+00,0.000000e+00,0.000000e+00,0.000000e+00,0.000000e+00,0.000000e+00,0.000000e+00,0.000000e+00,0.000000e+00,0.000000e+00,0.000000e+00,0.000000e+00,0.000000e+00
1.000000e+00,0.000000e+00,0.000000e+00,0.000000e+00,0.000000e+00,0.000000e+00,0.000000e+00,0.000000e+00,0.000000e+00,0.000000e+00,0.000000e+00,0.000000e+00,0.000000e+00,0.000000e+00,0.000000e+00
1.000000e+00,0.000000e+00,0.000000e+00,0.000000e+00,0.000000e+00,0.000000e+00,0.000000e+00,0.000000e+00,0.000000e+00,0.000000e+00,0.000000e+00,0.000000e+00,0.000000e+00,0.000000e+00,0.000000e+00
1.000000e+00,0.000000e+00,0.000000e+00,0.000000e+00,0.000000e+00,0.000000e+00,0.000000e+00,0.000000e+00,0.000000e+00,0.000000e+00,0.000000e+00,0.000000e+00,0.000000e+00,0.000000e+00,0.000000e+00
1.000000e+00,0.000000e+00,0.000000e+00,0.000000e+00,0.000000e+00,0.000000e+00,0.000000e+00,0.000000e+00,0.000000e+00,0.000000e+00,0.000000e+00,0.000000e+00,0.000000e+00,0.000000e+00,0.000000e+00
1.000000e+00,0.000000e+00,0.000000e+00,0.000000e+00,0.000000e+00,0.000000e+00,0.000000e+00,0.000000e+00,0.000000e+00,0.000000e+00,0.000000e+00,0.000000e+00,0.000000e+00,0.000000e+00,0.000000e+00
1.000000e+00,0.000000e+00,0.000000e+00,0.000000e+00,0.000000e+00,0.000000e+00,0.000000e+00,0.000000e+00,0.000000e+00,0.000000e+00,0.000000e+00,0.000000e+00,0.000000e+00,0.000000e+00,0.000000e+00
1.000000e+00,0.000000e+00,0.000000e+00,0.000000e+00,0.000000e+00,0.000000e+00,0.000000e+00,0.000000e+00,0.000000e+00,0.000000e+00,0.000000e+00,0.000000e+00,0.000000e+00,0.000000e+00,0.000000e+00
1.000000e+00,0.000000e+00,0.000000e+00,0.000000e+00,0.000000e+00,0.000000e+00,0.000000e+00,0.000000e+00,0.000000e+00,0.000000e+00,0.000000e+00,0.000000e+00,0.000000e+00,0.000000e+00,0.000000e+00
1.000000e+00,0.000000e+00,0.000000e+00,0.000000e+00,0.000000e+00,0.000000e+00,0.000000e+00,0.000000e+00,0.000000e+00,0.000000e+00,0.000000e+00,0.000000e+00,0.000000e+00,0.000000e+00,0.000000e+00
1.000000e+00,0.000000e+00,0.000000e+00,0.000000e+00,0.000000e+00,0.000000e+00,0.000000e+00,0.000000e+00,0.000000e+00,0.000000e+00,0.000000e+00,0.000000e+00,0.000000e+00,0.000000e+00,0.000000e+00
1.000000e+00,0.000000e+00,0.000000e+00,0.000000e+00,0.000000e+00,0.000000e+00,0.000000e+00,0.000000e+00,0.000000e+00,0.000000e+00,0.000000e+00,0.000000e+00,0.000000e+00,0.000000e+00,0.000000e+00
1.000000e+00,0.000000e+00,0.000000e+00,0.000000e+00,0.000000e+00,0.000000e+00,0.000000e+00,0.000000e+00,0.000000e+00,0.000000e+00,0.000000e+00,0.000000e+00,0.000000e+00,0.000000e+00,0.000000e+00
1.000000e+00,0.000000e+00,0.000000e+00,0.000000e+00,0.000000e+00,0.000000e+00,0.000000e+00,0.000000e+00,0.000000e+00,0.000000e+00,0.000000e+00,0.000000e+00,0.000000e+00,0.000000e+00,0.000000e+00
1.000000e+00,0.000000e+00,0.000000e+00,0.000000e+00,0.000000e+00,0.000000e+00,0.000000e+00,0.000000e+00,0.000000e+00,0.000000e+00,0.000000e+00,0.000000e+00,0.000000e+00,0.000000e+00,0.000000e+00
1.000000e+00,0.000000e+00,0.000000e+00,0.000000e+00,0.000000e+00,0.000000e+00,0.000000e+00,0.000000e+00,0.000000e+00,0.000000e+00,0.000000e+00,0.000000e+00,0.000000e+00,0.000000e+00,0.000000e+00
1.000000e+00,0.000000e+00,0.000000e+00,0.000000e+00,0.000000e+00,0.000000e+00,0.000000e+00,0.000000e+00,0.000000e+00,0.000000e+00,0.000000e+00,0.000000e+00,0.000000e+00,0.000000e+00,0.000000e+00
1.000000e+00,0.000000e+00,0.000000e+00,0.000000e+00,0.000000e+00,0.000000e+00,0.000000e+00,0.000000e+00,0.000000e+00,0.000000e+00,0.000000e+00,0.000000e+00,0.000000e+00,0.000000e+00,0.000000e+00
1.000000e+00,0.000000e+00,0.000000e+00,0.000000e+00,0.000000e+00,0.000000e+00,0.000000e+00,0.000000e+00,0.000000e+00,0.000000e+00,0.000000e+00,0.000000e+00,0.000000e+00,0.000000e+00,0.000000e+00
1.000000e+00,0.000000e+00,0.000000e+00,0.000000e+00,0.000000e+00,0.000000e+00,0.000000e+00,0.000000e+00,0.000000e+00,0.000000e+00,0.000000e+00,0.000000e+00,0.000000e+00,0.000000e+00,0.000000e+00
1.000000e+00,0.000000e+00,0.000000e+00,0.000000e+00,0.000000e+00,0.000000e+00,0.000000e+00,0.000000e+00,0.000000e+00,0.000000e+00,0.000000e+00,0.000000e+00,0.000000e+00,0.000000e+00,0.000000e+00
1.000000e+00,0.000000e+00,0.000000e+00,0.000000e+00,0.000000e+00,0.000000e+00,0.000000e+00,0.000000e+00,0.000000e+00,0.000000e+00,0.000000e+00,0.000000e+00,0.000000e+00,0.000000e+00,0.000000e+00
1.000000e+00,0.000000e+00,0.000000e+00,0.000000e+00,0.000000e+00,0.000000e+00,0.000000e+00,0.000000e+00,0.000000e+00,0.000000e+00,0.000000e+00,0.000000e+00,0.000000e+00,0.000000e+00,0.000000e+00
1.000000e+00,0.000000e+00,0.000000e+00,0.000000e+00,0.000000e+00,0.000000e+00,0.000000e+00,0.000000e+00,0.000000e+00,0.000000e+00,0.000000e+00,0.000000e+00,0.000000e+00,0.000000e+00,0.000000e+00
1.000000e+00,0.000000e+00,0.000000e+00,0.000000e+00,0.000000e+00,0.000000e+00,0.000000e+00,0.000000e+00,0.000000e+00,0.000000e+00,0.000000e+00,0.000000e+00,0.000000e+00,0.000000e+00,0.000000e+00
1.000000e+00,0.000000e+00,0.000000e+00,0.000000e+00,0.000000e+00,0.000000e+00,0.000000e+00,0.000000e+00,0.000000e+00,0.000000e+00,0.000000e+00,0.000000e+00,0.000000e+00,0.000000e+00,0.000000e+00
1.000000e+00,0.000000e+00,0.000000e+00,0.000000e+00,0.000000e+00,0.000000e+00,0.000000e+00,0.000000e+00,0.000000e+00,0.000000e+00,0.000000e+00,0.000000e+00,0.000000e+00,0.000000e+00,0.000000e+00
1.000000e+00,0.000000e+00,0.000000e+00,0.000000e+00,0.000000e+00,0.000000e+00,0.000000e+00,0.000000e+00,0.000000e+00,0.000000e+00,0.000000e+00,0.000000e+00,0.000000e+00,0.000000e+00,0.000000e+00
1.000000e+00,0.000000e+00,0.000000e+00,0.000000e+00,0.000000e+00,0.000000e+00,0.000000e+00,0.000000e+00,0.000000e+00,0.000000e+00,0.000000e+00,0.000000e+00,0.000000e+00,0.000000e+00,0.000000e+00
1.000000e+00,0.000000e+00,0.000000e+00,0.000000e+00,0.000000e+00,0.000000e+00,0.000000e+00,0.000000e+00,0.000000e+00,0.000000e+00,0.000000e+00,0.000000e+00,0.000000e+00,0.000000e+00,0.000000e+00
1.000000e+00,0.000000e+00,0.000000e+00,0.000000e+00,0.000000e+00,0.000000e+00,0.000000e+00,0.000000e+00,0.000000e+00,0.000000e+00,0.000000e+00,0.000000e+00,0.000000e+00,0.000000e+00,0.000000e+00
1.000000e+00,0.000000e+00,0.000000e+00,0.000000e+00,0.000000e+00,0.000000e+00,0.000000e+00,0.000000e+00,0.000000e+00,0.000000e+00,0.000000e+00,0.000000e+00,0.000000e+00,0.000000e+00,0.000000e+00
1.000000e+00,0.000000e+00,0.000000e+00,0.000000e+00,0.000000e+00,0.000000e+00,0.000000e+00,0.000000e+00,0.000000e+00,0.000000e+00,0.000000e+00,0.000000e+00,0.000000e+00,0.000000e+00,0.000000e+00
1.000000e+00,0.000000e+00,0.000000e+00,0.000000e+00,0.000000e+00,0.000000e+00,0.000000e+00,0.000000e+00,0.000000e+00,0.000000e+00,0.000000e+00,0.000000e+00,0.000000e+00,0.000000e+00,0.000000e+00
1.000000e+00,0.000000e+00,0.000000e+00,0.000000e+00,0.000000e+00,0.000000e+00,0.000000e+00,0.000000e+00,0.000000e+00,0.000000e+00,0.000000e+00,0.000000e+00,0.000000e+00,0.000000e+00,0.000000e+00
1.000000e+00,0.000000e+00,0.000000e+00,0.000000e+00,0.000000e+00,0.000000e+00,0.000000e+00,0.000000e+00,0.000000e+00,0.000000e+00,0.000000e+00,0.000000e+00,0.000000e+00,0.000000e+00,0.000000e+00
4.129040e-01,8.288190e-03,1.291692e-02,4.383641e-02,6.115165e-03,1.567188e-02,4.162253e-03,4.376516e-01,4.632829e-03,1.032201e-03,1.060864e-02,1.795762e-02,1.319389e-02,2.456476e-03,8.571955e-03
2.906472e-01,5.836667e-03,9.188706e-03,3.116125e-02,4.784221e-03,1.112407e-02,3.084634e-03,6.028512e-01,3.267190e-03,7.269724e-04,7.591045e-03,1.262502e-02,9.315476e-03,1.765302e-03,6.031113e-03
2.040141e-01,4.104702e-03,6.517699e-03,2.193096e-02,3.586834e-03,8.072210e-03,2.241018e-03,7.202158e-01,2.294398e-03,5.105642e-04,5.451059e-03,8.870861e-03,6.570362e-03,1.382615e-03,4.236863e-03
1.430537e-01,2.884657e-03,4.593675e-03,1.541462e-02,2.749415e-03,5.720660e-03,1.609381e-03,8.032131e-01,1.610526e-03,3.580317e-04,3.914683e-03,6.226175e-03,4.640738e-03,1.040672e-03,2.969910e-03
1.002086e-01,2.023405e-03,3.223104e-03,1.080506e-02,2.343552e-03,4.030189e-03,1.169439e-03,8.616053e-01,1.130060e-03,2.508953e-04,2.761479e-03,4.361019e-03,3.268823e-03,7.384816e-04,2.080570e-03
7.075125e-02,1.434087e-03,2.264723e-03,7.586064e-03,2.665313e-03,2.864408e-03,8.757217e-04,9.007276e-01,8.339297e-04,1.785598e-04,2.059164e-03,3.078318e-03,2.689329e-03,5.254176e-04,1.466043e-03
5.097670e-02,1.633815e-03,1.638786e-03,5.354016e-03,3.045976e-03,2.074330e-03,6.771703e-04,9.025400e-01,8.726463e-04,2.976932e-04,6.364781e-03,4.395790e-03,1.765165e-02,1.117361e-03,1.359161e-03
3.663923e-02,1.249957e-03,1.185304e-03,3.971889e-03,4.628239e-03,1.478345e-03,5.150004e-04,7.503540e-01,1.252889e-03,2.839861e-03,2.862432e-02,1.970261e-02,1.379425e-01,5.824760e-03,3.791051e-03
2.593678e-02,9.200131e-04,8.419337e-04,5.266090e-03,4.358557e-03,1.064581e-03,3.686155e-04,6.072154e-01,1.398861e-03,3.208063e-03,4.820269e-02,2.884036e-02,2.521256e-01,1.178132e-02,8.471134e-03
1.830276e-02,1.582562e-03,6.993591e-04,1.231156e-02,3.860994e-03,7.679449e-04,2.733072e-04,4.312307e-01,1.414777e-02,5.087572e-03,8.302014e-02,2.523086e-02,3.800986e-01,1.240340e-02,1.098239e-02
1.295987e-02,1.427182e-03,8.341175e-04,5.726242e-02,3.601982e-03,6.109171e-04,3.669276e-04,3.029252e-01,2.335077e-02,7.739028e-03,1.280350e-01,2.391782e-02,4.102161e-01,1.407935e-02,1.267335e-02
9.115548e-03,1.168882e-03,1.159035e-03,7.660867e-02,4.059755e-03,5.225606e-04,5.802399e-04,2.128051e-01,3.251845e-02,1.218797e-02,1.629176e-01,3.121972e-02,4.250753e-01,1.409378e-02,1.596749e-02
6.422079e-03,8.504202e-04,1.108128e-03,5.834600e-02,7.812578e-03,3.856756e-04,7.155137e-04,1.493809e-01,2.398352e-02,1.748914e-02,1.773395e-01,4.228967e-02,4.709028e-01,1.238686e-02,3.058725e-02
4.536068e-03,6.303855e-04,1.155363e-03,4.294024e-02,7.710516e-03,3.395283e-04,9.341361e-04,1.047355e-01,1.753809e-02,2.829086e-02,1.526628e-01,1.013372e-01,4.869746e-01,1.016004e-02,4.005479e-02
3.247105e-03,5.865114e-04,1.219070e-03,3.066772e-02,1.321556e-02,8.736226e-04,9.744163e-04,7.373562e-02,2.395021e-02,2.802811e-02,1.260433e-01,2.058383e-01,4.527064e-01,7.669902e-03,3.124418e-02
2.409687e-03,4.417887e-04,1.121116e-03,2.165963e-02,1.498941e-02,1.281292e-03,8.904056e-04,5.463341e-02,2.260301e-02,2.099031e-02,1.025204e-01,3.191592e-01,4.092644e-01,5.529169e-03,2.250673e-02
1.807519e-03,4.493952e-04,1.170778e-03,1.532411e-02,1.464829e-02,1.088047e-03,6.381264e-04,3.866662e-02,2.770654e-02,1.747569e-02,8.445735e-02,4.289049e-01,3.474067e-01,4.425120e-03,1.583086e-02
1.386049e-03,3.021491e-03,2.099751e-03,1.080479e-02,1.399514e-02,9.098418e-04,4.529346e-04,2.750059e-02,1.280698e-01,1.295168e-02,6.362519e-02,4.388926e-01,2.818705e-01,3.276603e-03,1.114309e-02
1.154016e-03,2.991369e-03,2.993782e-03,7.712888e-03,1.304411e-02,1.148980e-03,3.355646e-04,1.997531e-02,1.013983e-01,1.090659e-02,4.877086e-02,5.575770e-01,2.214260e-01,2.727465e-03,7.837716e-03
1.089276e-03,1.226009e-02,7.030946e-03,6.072434e-03,1.807400e-02,1.044891e-03,3.025205e-04,2.665045e-02,1.921379e-01,9.077997e-03,3.771709e-02,5.082591e-01,1.721858e-01,2.556091e-03,5.541388e-03
9.935432e-04,1.069611e-02,5.484117e-03,4.898714e-03,2.626425e-02,1.597481e-03,4.102759e-04,2.394992e-02,2.104769e-01,7.207307e-03,3.585304e-02,5.390865e-01,1.266739e-01,2.476774e-03,3.931121e-03
9.324460e-04,8.395432e-03,4.034722e-03,3.617975e-03,2.663051e-02,1.589164e-03,3.520630e-04,1.724493e-02,1.984685e-01,5.950479e-03,3.033308e-02,6.039481e-01,9.341012e-02,2.287448e-03,2.805031e-03
1.299396e-03,7.630325e-03,6.023391e-03,1.368170e-02,3.971157e-02,3.545890e-03,1.648721e-03,7.147606e-02,2.050256e-01,5.350750e-03,2.476241e-02,5.447141e-01,7.143193e-02,1.717669e-03,1.980485e-03
1.512587e-03,6.758149e-03,4.341400e-03,1.086299e-02,4.662060e-02,2.907722e-03,1.187377e-03,5.348893e-02,3.522035e-01,4.537859e-03,2.098732e-02,4.388389e-01,5.299772e-02,1.337217e-03,1.417647e-03
1.168451e-03,9.097910e-03,3.533756e-03,7.836742e-03,3.535924e-02,2.051051e-03,8.333820e-04,3.827635e-02,5.236742e-01,3.277052e-03,1.643026e-02,3.183833e-01,3.811327e-02,9.603197e-04,1.004675e-03
1.234883e-03,8.293098e-03,3.943006e-03,7.790444e-03,3.081302e-02,1.530903e-03,5.961840e-04,4.050270e-02,6.275702e-01,2.503738e-03,1.455526e-02,2.308058e-01,2.839824e-02,7.467153e-04,7.158988e-04
1.278113e-03,7.074512e-03,4.293677e-03,8.268942e-03,2.461709e-02,1.169270e-03,4.448429e-04,8.718144e-02,6.507546e-01,1.990737e-03,1.456760e-02,1.750011e-01,2.224595e-02,5.989348e-04,5.131844e-04
3.124401e-03,8.813320e-03,6.507276e-03,9.456847e-03,2.316933e-02,9.871027e-04,3.307140e-04,1.076447e-01,6.464250e-01,3.048022e-03,3.077037e-02,1.391817e-01,1.797253e-02,2.125575e-03,4.431338e-04
3.420947e-03,8.463507e-03,7.744777e-03,1.299901e-02,1.822853e-02,8.004335e-04,2.475001e-04,2.069298e-01,5.790589e-01,3.284094e-03,3.916087e-02,1.034602e-01,1.367354e-02,2.189696e-03,3.381949e-04
5.642640e-03,9.243123e-03,2.854342e-02,1.857502e-02,1.791559e-02,1.099449e-03,2.581922e-04,2.870749e-01,4.953130e-01,2.876340e-03,3.516804e-02,8.489056e-02,1.038788e-02,2.682665e-03,3.293157e-04
8.641136e-03,1.193319e-02,3.776880e-02,3.950662e-02,2.035749e-02,1.161511e-03,2.331318e-04,3.149934e-01,4.420077e-01,3.967432e-03,3.450522e-02,7.173072e-02,7.879990e-03,4.982452e-03,3.312631e-04
9.384463e-03,1.066910e-02,4.024257e-02,5.276069e-02,2.625348e-02,1.131653e-03,1.876748e-04,3.505397e-01,4.095423e-01,3.538774e-03,2.988143e-02,5.481828e-02,6.038561e-03,4.712766e-03,2.985872e-04
1.457448e-02,1.778775e-02,5.150098e-02,8.893020e-02,4.261752e-02,1.950231e-03,2.077652e-04,3.384476e-01,3.584313e-01,3.975324e-03,2.820289e-02,4.189404e-02,4.722324e-03,6.350996e-03,4.066330e-04
1.805763e-02,2.323723e-02,6.053835e-02,1.347472e-01,5.029527e-02,2.363394e-03,3.342824e-04,3.205579e-01,3.183578e-01,3.971353e-03,2.655926e-02,3.077380e-02,3.571566e-03,6.179174e-03,4.557233e-04
2.200386e-02,3.055043e-02,5.697792e-02,1.560805e-01,6.716318e-02,3.570433e-03,5.192837e-04,2.686403e-01,3.364219e-01,5.647006e-03,2.192571e-02,2.183873e-02,2.625861e-03,5.487515e-03,5.474667e-04
3.117194e-02,3.066479e-02,5.002419e-02,2.140727e-01,7.119003e-02,3.517919e-03,6.727827e-04,2.592184e-01,2.918784e-01,6.863580e-03,1.745200e-02,1.574308e-02,1.998589e-03,4.826314e-03,7.053496e-04
3.349631e-02,2.521759e-02,3.892231e-02,2.182853e-01,6.705353e-02,2.996722e-03,6.531137e-04,3.490320e-01,2.275701e-01,5.664751e-03,1.355595e-02,1.127674e-02,1.565795e-03,4.135663e-03,5.740909e-04
3.374477e-02,1.834089e-02,4.069921e-02,3.014266e-01,5.516990e-02,2.409090e-03,5.422180e-04,3.565319e-01,1.633522e-01,4.641844e-03,9.968813e-03,8.161555e-03,1.263796e-03,3.280894e-03,4.662970e-04
4.126321e-02,1.355385e-02,4.524737e-02,2.927859e-01,4.539285e-02,2.301928e-03,5.585433e-04,4.203450e-01,1.165552e-01,4.213720e-03,7.330550e-03,5.886883e-03,1.062089e-03,3.087965e-03,4.149495e-04
4.805062e-02,9.952479e-03,5.617788e-02,2.827892e-01,3.500406e-02,2.261664e-03,6.168026e-04,4.640459e-01,8.252577e-02,3.844568e-03,5.864950e-03,4.355226e-03,9.525085e-04,3.159727e-03,3.986454e-04
5.937815e-02,7.697487e-03,6.387895e-02,2.220489e-01,3.636338e-02,2.030518e-03,1.288970e-03,5.333540e-01,5.927059e-02,2.900696e-03,4.402462e-03,3.159902e-03,9.639182e-04,2.908902e-03,3.531523e-04
7.975984e-02,6.662038e-03,6.759818e-02,1.645865e-01,3.007718e-02,1.993876e-03,1.057854e-03,4.578541e-01,4.371695e-02,1.142636e-02,9.047611e-02,2.640757e-02,1.133500e-02,5.852688e-03,1.195760e-03
6.039602e-02,5.155417e-03,5.299928e-02,1.279770e-01,2.122862e-02,1.794526e-03,7.612894e-04,3.234706e-01,3.246906e-02,2.771012e-02,1.121126e-01,1.891860e-01,3.718548e-02,6.099981e-03,1.454037e-03
4.466851e-02,4.116726e-03,3.931512e-02,1.102204e-01,1.539776e-02,1.765122e-03,5.547342e-04,2.293915e-01,3.084169e-02,4.139159e-02,1.389716e-01,2.390752e-01,8.882719e-02,8.061096e-03,7.401734e-03
3.165073e-02,3.709259e-03,2.938539e-02,8.293132e-02,1.335064e-02,2.001606e-03,4.543188e-04,1.620046e-01,2.694558e-02,3.701452e-02,1.598254e-01,3.180700e-01,1.129782e-01,7.545661e-03,1.213287e-02
2.236852e-02,3.479602e-03,2.113223e-02,5.840188e-02,1.004236e-02,2.253620e-03,3.825754e-04,1.139847e-01,2.485065e-02,2.822622e-02,1.228701e-01,4.083146e-01,1.689514e-01,5.533640e-03,9.207906e-03
1.570538e-02,3.231063e-03,1.488428e-02,4.091877e-02,7.313965e-03,1.728625e-02,3.635126e-04,7.997779e-02,2.487107e-02,2.114295e-02,8.794143e-02,4.583250e-01,2.170337e-01,4.105643e-03,6.899249e-03
1.110654e-02,4.119303e-03,1.053502e-02,2.867604e-02,5.676609e-03,4.783965e-02,1.101982e-03,5.671222e-02,3.914996e-02,1.582002e-02,6.420825e-02,4.965610e-01,2.090922e-01,3.448393e-03,5.952873e-03
7.806477e-03,3.261595e-03,7.384520e-03,2.009490e-02,4.039815e-03,8.748572e-02,8.017275e-04,3.986568e-02,2.951071e-02,1.129915e-02,4.679704e-02,5.298681e-01,2.036387e-01,3.868606e-03,4.277241e-03
5.475343e-03,2.516909e-03,5.172480e-03,1.407116e-02,2.859947e-03,2.993561e-01,5.776478e-04,2.795045e-02,2.468393e-02,7.923696e-03,3.318633e-02,3.967103e-01,1.737433e-01,2.775980e-03,2.996431e-03
3.846223e-03,2.425249e-03,3.630117e-03,9.852991e-03,2.102291e-03,2.361055e-01,4.157716e-04,1.965434e-02,2.103745e-02,5.671686e-03,2.394062e-02,5.261681e-01,1.408417e-01,2.188030e-03,2.119969e-03
2.794760e-03,7.709473e-03,2.670084e-03,6.912885e-03,2.213849e-03,2.087801e-01,5.473581e-04,1.549984e-02,3.885952e-02,4.138359e-03,1.769560e-02,5.515337e-01,1.370115e-01,2.089554e-03,1.543361e-03
2.086684e-03,1.483521e-02,1.904276e-03,4.851386e-03,1.686677e-03,2.234511e-01,4.122643e-04,1.108714e-02,4.869607e-02,3.038328e-03,1.331961e-02,5.365636e-01,1.352215e-01,1.740977e-03,1.105279e-03
1.754583e-03,2.007141e-02,1.375647e-03,3.416773e-03,1.667987e-03,1.923505e-01,3.678823e-04,9.983384e-03,1.010868e-01,2.215590e-03,9.895680e-03,5.408560e-01,1.129030e-01,1.268874e-03,7.858297e-04
2.805094e-03,2.221634e-02,1.456375e-03,3.002800e-03,3.315513e-03,1.693231e-01,1.140149e-03,5.636039e-02,1.680005e-01,1.659066e-03,7.926347e-03,4.603072e-01,1.009058e-01,1.008499e-03,5.729264e-04
4.325148e-03,3.027232e-02,2.524552e-03,6.243823e-03,4.611383e-03,1.802006e-01,1.454653e-03,1.094807e-01,2.251287e-01,1.222109e-03,5.999762e-03,3.470250e-01,8.031499e-02,7.686115e-04,4.276383e-04
4.606962e-03,5.239968e-02,2.113626e-03,4.809689e-03,5.086494e-03,2.168771e-01,1.679296e-03,8.067621e-02,3.161389e-01,9.022857e-04,4.319322e-03,2.506960e-01,5.872255e-02,5.636010e-04,4.083492e-04
1.223925e-02,4.579344e-02,2.762289e-03,1.977028e-02,1.201833e-02,2.460047e-01,4.050962e-03,6.903432e-02,3.596087e-01,9.859069e-04,3.128549e-03,1.781608e-01,4.510159e-02,4.174702e-04,9.234590e-04
2.917961e-02,4.200872e-02,3.735179e-03,1.949699e-02,2.559343e-02,2.663631e-01,1.726283e-02,6.174504e-02,3.600164e-01,1.374701e-03,2.457884e-03,1.307762e-01,3.598151e-02,3.769250e-04,3.631458e-03
4.029059e-02,3.650175e-02,4.435799e-03,1.680025e-02,6.182879e-02,2.402393e-01,4.832191e-02,6.283758e-02,3.539393e-01,1.344871e-03,1.911622e-03,9.574521e-02,2.934322e-02,3.358716e-04,6.123947e-03
6.616026e-02,4.022167e-02,9.669092e-03,2.189692e-02,5.426653e-02,2.291790e-01,3.812514e-02,9.223008e-02,2.943689e-01,5.229565e-03,1.984785e-03,6.916950e-02,2.872499e-02,8.303251e-04,4.794323e-02
1.023901e-01,4.784767e-02,1.034771e-02,2.153125e-02,4.695217e-02,2.243915e-01,3.003294e-02,8.482236e-02,2.425949e-01,1.067405e-02,1.954446e-03,4.982347e-02,2.672012e-02,1.499550e-03,9.841782e-02
1.270325e-01,4.810339e-02,1.000577e-02,2.301554e-02,4.708463e-02,2.536682e-01,2.624351e-02,9.297333e-02,2.173422e-01,8.504227e-03,1.747751e-03,3.590127e-02,2.805196e-02,1.420167e-03,7.890563e-02
1.587375e-01,5.160338e-02,7.734255e-03,2.374659e-02,4.969797e-02,2.706901e-01,2.203858e-02,7.111486e-02,2.236739e-01,6.169758e-03,1.879101e-03,2.635520e-02,2.808845e-02,1.295377e-03,5.717498e-02
1.558640e-01,6.419590e-02,1.270825e-02,1.411618e-01,6.988757e-02,1.963698e-01,1.760094e-02,6.910780e-02,1.799650e-01,4.657881e-03,2.509195e-03,1.987845e-02,2.160321e-02,1.097468e-03,4.339271e-02
2.012155e-01,5.694007e-02,1.729479e-02,1.403874e-01,5.759108e-02,2.092054e-01,1.355358e-02,5.821505e-02,1.637770e-01,5.300654e-03,3.784414e-03,1.539165e-02,2.052156e-02,1.437499e-03,3.538434e-02
2.539472e-01,5.389468e-02,2.455221e-02,1.453547e-01,5.071865e-02,1.718164e-01,1.023803e-02,5.626345e-02,1.543085e-01,6.978093e-03,6.018043e-03,1.247832e-02,1.566799e-02,2.748594e-03,3.501508e-02
2.641920e-01,5.030498e-02,4.598368e-02,1.126764e-01,3.983434e-02,1.295175e-01,7.438219e-03,4.069269e-02,1.469056e-01,1.092706e-02,7.119971e-03,9.965033e-03,1.181815e-02,3.246190e-02,9.016258e-02
1.899904e-01,5.172119e-02,3.609852e-02,7.951032e-02,2.799589e-02,9.119176e-02,5.218233e-03,2.855793e-02,3.419738e-01,8.207910e-03,7.658507e-03,7.073659e-03,8.681564e-03,2.626913e-02,8.985118e-02
1.374746e-01,3.745847e-02,2.620176e-02,5.596243e-02,1.963748e-02,6.430604e-02,3.699773e-03,2.014948e-02,3.370947e-01,1.432365e-02,2.111153e-02,5.553547e-03,6.920477e-03,1.593562e-01,9.074990e-02
9.689610e-02,2.647329e-02,1.849862e-02,3.930553e-02,1.400414e-02,4.524213e-02,2.616743e-03,1.425633e-02,2.499883e-01,1.452277e-02,2.721365e-02,4.161830e-03,8.509206e-03,2.537431e-01,1.845683e-01
6.791276e-02,1.855973e-02,1.298884e-02,2.755162e-02,9.841071e-03,3.179963e-02,1.848851e-03,1.000377e-02,1.761494e-01,1.398524e-02,2.626976e-02,3.013301e-03,6.298729e-03,1.940309e-01,3.997464e-01
4.767458e-02,1.305482e-02,9.147532e-03,1.936113e-02,7.375029e-03,2.233076e-02,1.321029e-03,7.111667e-03,1.242406e-01,1.108296e-02,2.498063e-02,2.247119e-03,4.632805e-03,1.646435e-01,5.407958e-01
3.346605e-02,9.184861e-03,6.537267e-03,1.375807e-02,5.641389e-03,1.568811e-02,9.768917e-04,5.065503e-03,9.124471e-02,1.123068e-02,4.158987e-02,2.746897e-03,4.457714e-03,1.296769e-01,6.287351e-01
2.357611e-02,6.479423e-03,4.626615e-03,9.934457e-03,4.078364e-03,1.113970e-02,7.123373e-04,3.662671e-03,6.579664e-02,1.714304e-02,1.267105e-01,4.421774e-03,5.285749e-03,1.096962e-01,6.067364e-01
1.724315e-02,4.673868e-03,3.369887e-03,7.268925e-03,3.053604e-03,8.682456e-03,5.421977e-04,2.896612e-03,4.788182e-02,1.381503e-02,3.169590e-01,1.191695e-02,9.645300e-03,1.192924e-01,4.327588e-01
1.268490e-02,3.556545e-03,2.573244e-03,5.189902e-03,2.935779e-03,6.686358e-03,4.353321e-04,2.189818e-03,3.460481e-02,1.289503e-02,4.491655e-01,1.871822e-02,9.178616e-03,1.300921e-01,3.090938e-01
1.187774e-02,3.398037e-03,7.395284e-03,4.146616e-03,1.456252e-02,9.572375e-03,3.057174e-03,1.196541e-02,2.726714e-02,1.374344e-02,4.831173e-01,1.666348e-02,1.099201e-02,1.329814e-01,2.492600e-01
1.020537e-02,2.534591e-03,5.548905e-03,3.304783e-03,1.303238e-02,9.860307e-03,2.399736e-03,9.972549e-03,2.178106e-02,1.360657e-02,5.502111e-01,1.696027e-02,1.140497e-02,1.410019e-01,1.881755e-01
7.310975e-03,1.912221e-03,4.052199e-03,2.709739e-03,1.042053e-02,7.297964e-03,1.807319e-03,7.326155e-03,2.339071e-02,1.067219e-02,6.537776e-01,1.432847e-02,1.091130e-02,1.096713e-01,1.344113e-01
5.223582e-03,1.776919e-03,2.932568e-03,1.968681e-03,8.007867e-03,5.399019e-03,1.349292e-03,5.873296e-03,2.666602e-02,8.897420e-03,7.324555e-01,1.453184e-02,8.165791e-03,8.235626e-02,9.439595e-02
3.813837e-03,1.963501e-03,2.168390e-03,1.558563e-03,7.201853e-03,4.161477e-03,1.250940e-03,6.096849e-03,9.991293e-02,6.935222e-03,7.162273e-01,1.418618e-02,6.268960e-03,6.187300e-02,6.638106e-02
2.714433e-03,1.786853e-03,1.601686e-03,1.145210e-03,6.160254e-03,3.155033e-03,9.928878e-04,4.688529e-03,1.422753e-01,4.993550e-03,7.222351e-01,1.239351e-02,4.916066e-03,4.439912e-02,4.654239e-02
1.939631e-03,2.378941e-03,1.177756e-03,8.309366e-04,5.194417e-03,2.453285e-03,7.996245e-04,3.348253e-03,1.766996e-01,3.692057e-03,7.214406e-01,1.148020e-02,3.923656e-03,3.199224e-02,3.264884e-02
1.452079e-03,1.699422e-02,1.097115e-03,6.462239e-04,7.940128e-03,1.771792e-03,6.119995e-04,2.470061e-03,3.970664e-01,2.773385e-03,5.097466e-01,8.398036e-03,3.192531e-03,2.287702e-02,2.296246e-02
1.318916e-03,1.670232e-02,1.142910e-03,6.005386e-04,8.775448e-03,1.595285e-03,6.919426e-04,5.791253e-03,5.575751e-01,2.037556e-03,3.632182e-01,5.976044e-03,2.382001e-03,1.608008e-02,1.611235e-02
2.397690e-03,2.215857e-02,2.320814e-03,7.036285e-04,1.686731e-02,1.822879e-03,5.709244e-04,7.341548e-03,6.555942e-01,1.550295e-03,2.597010e-01,4.272265e-03,1.950169e-03,1.133361e-02,1.141496e-02
3.363521e-03,1.737096e-02,2.340704e-03,8.426433e-04,3.635069e-02,1.589814e-03,1.116348e-03,2.472575e-02,7.063957e-01,1.100516e-03,1.844187e-01,3.005432e-03,1.406938e-03,7.966928e-03,8.005229e-03
5.284419e-03,1.432396e-02,2.461113e-03,1.117602e-03,4.663048e-02,1.470971e-03,1.370496e-03,3.630243e-02,7.443905e-01,7.944384e-04,1.313769e-01,2.131595e-03,1.041602e-03,5.656281e-03,5.647162e-03
8.625407e-03,1.201728e-02,3.637869e-03,7.166787e-03,5.030922e-02,1.172714e-03,1.444133e-03,1.303396e-01,6.805542e-01,6.545687e-04,9.273201e-02,1.845426e-03,8.965536e-04,4.292809e-03,4.311401e-03
8.769292e-03,8.690109e-03,3.018683e-03,1.259481e-02,5.435295e-02,8.491691e-04,1.736740e-03,3.117892e-01,5.247458e-01,4.604259e-04,6.498198e-02,1.310642e-03,6.617944e-04,3.014809e-03,3.023615e-03
1.524399e-02,7.841265e-03,3.629950e-03,3.589206e-02,6.906052e-02,7.362504e-04,3.207993e-03,3.384044e-01,4.739375e-01,3.353212e-04,4.584045e-02,9.765226e-04,5.484072e-04,2.192057e-03,2.153337e-03
2.207271e-02,6.270748e-03,3.762884e-03,3.976613e-02,1.051192e-01,7.128709e-04,3.092946e-03,4.195260e-01,3.623111e-01,2.435855e-04,3.241131e-02,9.545586e-04,6.303001e-04,1.579112e-03,1.546582e-03
2.713687e-02,4.684469e-03,3.562842e-03,3.160624e-02,1.399733e-01,6.763177e-04,2.533969e-03,5.029948e-01,2.601394e-01,1.768477e-04,2.284889e-02,8.235076e-04,6.262859e-04,1.116689e-03,1.099648e-03
2.292402e-02,3.302153e-03,2.609413e-03,2.301386e-02,1.108386e-01,7.208399e-04,2.087393e-03,6.333170e-01,1.823262e-01,1.269042e-04,1.605340e-02,6.124121e-04,5.105218e-04,7.838507e-04,7.734619e-04
1.748027e-02,2.318505e-03,1.840201e-03,1.623546e-02,8.299181e-02,7.126564e-04,1.522496e-03,7.360052e-01,1.276370e-01,8.952483e-05,1.124887e-02,4.345315e-04,3.919659e-04,5.494471e-04,5.421418e-04
1.627090e-02,1.664627e-03,1.334752e-03,1.161275e-02,8.178738e-02,3.019504e-03,1.220405e-03,7.829628e-01,8.938357e-02,7.475474e-05,8.121380e-03,5.169157e-04,1.221051e-03,4.007269e-04,4.084567e-04
1.979509e-02,1.210697e-03,1.065674e-03,8.984335e-03,8.583689e-02,2.464084e-02,1.185682e-03,7.753395e-01,6.271765e-02,1.651841e-04,1.178410e-02,2.097899e-03,4.420686e-03,3.175276e-04,4.381069e-04
3.029956e-02,9.718818e-04,7.976739e-04,7.522239e-03,6.189262e-02,2.345818e-02,1.153189e-03,6.086886e-01,4.447883e-02,1.504966e-03,8.057569e-02,5.892410e-02,7.753605e-02,8.972769e-04,1.299066e-03
2.178422e-02,7.585909e-04,5.810720e-04,5.782439e-03,4.352367e-02,1.966035e-02,1.020114e-03,4.301381e-01,3.165817e-02,1.897023e-03,8.588536e-02,1.052566e-01,2.498940e-01,8.743483e-04,1.285902e-03
1.572163e-02,5.810435e-04,4.316453e-04,4.131373e-03,3.081859e-02,1.431386e-02,1.147497e-03,3.017422e-01,2.249079e-02,2.309627e-03,9.598660e-02,1.076733e-01,4.007835e-01,7.082746e-04,1.159979e-03
1.272614e-02,5.597948e-04,3.721231e-04,2.990296e-03,2.216439e-02,1.061052e-02,2.394594e-03,2.123554e-01,1.632889e-02,2.398797e-03,9.731308e-02,1.453102e-01,4.724154e-01,9.528848e-04,1.107476e-03
1.080218e-02,6.293852e-04,8.147841e-04,2.322414e-03,2.391883e-02,1.466249e-02,1.963809e-03,1.555507e-01,1.535506e-02,4.796355e-03,9.717619e-02,2.488326e-01,4.214394e-01,8.358392e-04,8.999493e-04
8.007474e-03,2.644439e-03,1.236235e-03,2.615694e-03,2.656248e-02,1.105091e-02,1.633701e-03,1.106257e-01,1.630129e-02,5.307848e-03,8.570586e-02,3.365707e-01,3.897200e-01,1.243903e-03,7.737051e-04
6.087020e-03,7.378820e-03,1.940398e-03,2.093482e-03,3.114513e-02,8.083425e-03,1.254729e-03,7.801057e-02,3.282213e-02,8.043099e-03,7.997829e-02,4.229586e-01,3.167853e-01,2.621803e-03,7.972157e-04
4.427282e-03,6.251701e-03,2.349223e-03,1.719772e-03,2.695037e-02,6.104684e-03,8.902848e-04,5.626274e-02,2.863185e-02,6.320383e-03,6.793216e-02,5.549675e-01,2.330052e-01,3.591378e-03,5.954703e-04
3.396432e-03,4.736157e-03,1.977584e-03,1.460699e-03,2.799864e-02,4.998700e-03,6.370100e-04,4.052177e-02,2.339308e-02,5.409322e-03,7.046664e-02,6.436284e-01,1.668263e-01,4.112544e-03,4.368205e-04
3.114748e-03,4.023168e-03,2.277764e-03,1.928993e-03,3.423040e-02,7.179741e-03,4.700221e-04,3.192339e-02,2.142157e-02,5.370501e-03,7.569568e-02,6.880581e-01,1.197167e-01,4.254409e-03,3.348534e-04
2.885462e-03,3.464204e-03,2.048295e-03,2.016577e-03,5.361389e-02,8.072503e-03,3.584346e-04,2.424849e-02,1.960858e-02,4.759273e-03,7.888005e-02,7.102554e-01,8.527107e-02,4.258205e-03,2.596391e-04
4.371011e-03,3.691676e-03,2.496055e-03,3.120544e-03,1.046885e-01,9.236939e-03,6.336558e-04,3.145289e-02,2.642664e-02,3.744651e-03,9.802797e-02,6.483650e-01,6.005934e-02,3.441517e-03,2.437064e-04
3.728587e-03,8.817676e-03,4.392575e-03,2.929692e-03,2.592949e-01,7.333755e-03,7.941710e-04,2.452593e-02,2.452052e-02,2.963994e-03,9.133591e-02,5.230910e-01,4.283803e-02,3.148044e-03,2.852804e-04
3.272279e-03,8.265896e-03,6.825969e-03,2.800688e-03,3.771477e-01,5.676068e-03,7.357413e-04,2.313304e-02,2.537984e-02,2.238224e-03,8.033811e-02,4.300713e-01,3.118391e-02,2.693771e-03,2.375500e-04
2.958400e-03,6.208116e-03,1.183764e-02,2.275368e-03,5.129850e-01,5.589897e-03,9.838183e-04,2.673027e-02,1.960145e-02,2.431046e-03,6.567949e-02,3.149832e-01,2.450354e-02,2.590843e-03,6.420269e-04
3.229066e-03,5.353966e-03,1.918560e-02,1.861532e-03,5.760585e-01,1.879739e-02,2.170988e-03,3.302824e-02,2.783985e-02,2.534173e-03,5.671312e-02,2.313350e-01,1.868943e-02,2.288841e-03,9.143156e-04
3.288608e-03,4.210027e-03,2.176267e-02,1.456303e-03,4.450400e-01,1.677609e-02,2.233402e-03,2.057524e-01,6.780121e-02,2.801608e-03,4.482383e-02,1.662657e-01,1.521052e-02,1.864004e-03,7.136290e-04
2.943713e-03,3.687264e-03,1.591506e-02,1.101830e-03,3.581229e-01,1.457517e-02,2.358481e-03,1.548612e-01,2.802953e-01,2.329825e-03,3.296973e-02,1.173407e-01,1.147495e-02,1.394171e-03,6.297491e-04
3.723284e-03,2.808802e-03,1.282508e-02,1.007023e-03,2.931885e-01,1.188459e-02,5.710485e-03,2.022689e-01,3.449510e-01,2.089288e-03,2.477922e-02,8.404089e-02,9.153841e-03,1.017574e-03,5.515504e-04
4.995047e-03,2.526263e-03,9.126492e-03,8.899195e-04,2.555065e-01,1.020743e-02,6.288121e-03,1.470366e-01,4.774087e-01,1.734692e-03,1.763218e-02,5.888556e-02,6.528675e-03,7.459915e-04,4.878915e-04
7.033974e-03,2.372143e-03,6.472338e-03,9.176172e-04,2.547750e-01,8.808224e-03,7.699021e-03,1.094173e-01,5.413069e-01,1.569750e-03,1.257098e-02,4.126593e-02,4.675216e-03,5.928897e-04,5.226865e-04
1.117087e-02,2.344950e-03,4.573842e-03,1.466398e-03,3.134807e-01,7.227309e-03,8.706776e-03,8.141924e-02,5.247084e-01,2.605625e-03,8.977092e-03,2.894924e-02,3.365059e-03,4.831668e-04,5.213679e-04
1.617960e-02,2.762578e-03,3.613188e-03,2.054722e-02,3.149258e-01,5.490966e-03,1.105754e-02,1.270742e-01,4.649983e-01,2.508184e-03,6.482364e-03,2.048685e-02,2.636117e-03,3.759312e-04,8.610848e-04
1.616630e-02,2.359320e-03,3.069977e-03,3.634154e-02,3.173577e-01,4.085890e-03,8.951255e-03,2.141021e-01,3.733025e-01,2.092297e-03,4.652685e-03,1.451600e-02,1.975877e-03,2.735138e-04,7.531234e-04
1.384350e-02,1.792106e-03,2.245914e-03,2.633352e-02,2.494499e-01,2.907485e-03,6.440663e-03,4.047034e-01,2.751408e-01,1.520447e-03,3.298831e-03,1.018363e-02,1.409617e-03,1.933015e-04,5.369519e-04
1.130212e-02,1.297665e-03,1.635448e-03,1.883785e-02,1.875374e-01,2.081895e-03,4.776667e-03,5.636424e-01,1.967878e-01,1.109104e-03,2.331438e-03,7.142997e-03,1.002380e-03,1.359778e-04,3.789132e-04
1.569630e-02,1.292579e-03,1.311542e-03,1.406502e-02,1.507619e-01,1.710559e-03,4.430704e-03,6.579224e-01,1.438659e-01,9.182612e-04,1.694062e-03,5.114774e-03,8.073528e-04,1.019557e-04,3.067360e-04
1.313248e-02,1.097843e-03,1.255286e-03,1.306265e-02,1.101363e-01,1.560095e-03,4.130093e-03,7.464480e-01,1.020981e-01,7.159169e-04,1.344163e-03,3.869765e-03,7.488435e-04,7.572208e-05,3.247053e-04
1.074479e-02,1.366765e-03,3.081483e-03,1.662510e-02,7.867879e-02,1.773327e-03,3.933839e-03,7.910691e-01,7.219945e-02,1.522398e-03,4.785695e-03,7.148304e-03,5.973006e-03,1.532963e-04,9.446208e-04
3.412225e-02,2.138870e-03,5.269158e-03,1.846249e-02,5.802754e-02,1.452413e-02,1.462151e-02,7.481251e-01,5.878944e-02,1.700250e-03,4.693402e-03,6.664315e-03,3.007623e-02,2.394422e-04,2.545826e-03
1.193414e-01,2.816443e-03,5.308419e-03,1.759338e-02,4.543512e-02,2.650587e-02,4.158751e-02,6.047770e-01,5.139219e-02,1.489452e-03,4.709917e-03,7.595663e-03,6.672449e-02,5.811728e-04,4.142031e-03
1.997552e-01,8.557476e-03,3.256717e-02,2.762362e-02,5.871698e-02,3.326083e-02,5.717330e-02,4.462668e-01,4.121813e-02,1.866748e-03,5.494127e-03,1.624181e-02,6.393041e-02,1.476192e-03,5.851309e-03
2.026343e-01,8.336222e-03,2.495506e-02,2.421769e-02,4.548474e-02,3.649701e-02,6.243560e-02,3.174369e-01,3.995086e-02,2.392163e-03,1.245687e-02,7.429577e-02,1.397361e-01,2.108816e-03,7.061834e-03
2.804085e-01,9.568691e-03,1.916664e-02,2.011625e-02,4.197639e-02,3.144856e-02,4.744728e-02,2.290522e-01,3.679993e-02,3.296115e-03,1.823649e-02,8.329934e-02,1.645197e-01,2.226427e-03,1.243747e-02
3.662933e-01,8.538129e-03,1.441898e-02,1.524684e-02,3.206326e-02,2.622732e-02,3.505457e-02,1.632577e-01,2.829661e-02,3.995989e-03,1.487080e-02,8.652281e-02,1.877097e-01,3.120442e-03,1.438355e-02
4.362894e-01,8.245947e-03,1.155624e-02,1.321262e-02,2.486718e-02,2.534368e-02,2.574027e-02,1.161095e-01,2.225449e-02,4.053217e-03,1.217395e-02,7.625039e-02,2.069443e-01,3.429870e-03,1.352887e-02
4.164507e-01,8.677457e-03,1.229730e-02,2.061874e-02,2.149397e-02,2.492053e-02,1.887157e-02,8.317949e-02,4.264996e-02,6.899723e-03,1.059450e-02,8.042950e-02,2.324716e-01,4.453610e-03,1.599137e-02
3.204016e-01,6.593930e-03,9.072349e-03,1.502516e-02,1.844095e-02,1.838772e-02,1.421378e-02,5.903966e-02,3.201856e-02,6.117946e-03,8.999072e-03,1.681620e-01,2.754776e-01,4.598131e-03,4.345146e-02
3.274014e-01,5.905531e-03,8.077814e-03,1.440343e-02,1.988047e-02,1.677368e-02,1.123011e-02,4.517816e-02,2.704445e-02,6.360055e-03,9.977424e-03,1.808796e-01,2.807238e-01,4.745449e-03,4.141859e-02
2.584504e-01,5.672491e-03,7.765313e-03,1.142472e-02,8.952649e-02,1.348038e-02,2.295620e-02,3.452301e-02,4.660278e-02,6.382187e-03,9.792363e-03,1.869569e-01,2.495098e-01,3.660192e-03,5.329679e-02
2.218431e-01,6.434255e-03,6.993221e-03,1.629142e-02,8.739103e-02,1.086493e-02,2.111121e-02,3.807011e-02,8.749841e-02,7.085606e-03,9.662652e-03,2.086481e-01,2.273321e-01,2.949608e-03,4.782423e-02
1.670219e-01,5.386521e-03,6.159094e-03,2.702621e-02,7.821262e-02,9.678007e-03,2.122753e-02,7.265090e-02,1.552200e-01,6.227001e-03,1.206259e-02,2.045359e-01,1.973712e-01,2.175826e-03,3.504467e-02
1.208954e-01,4.235637e-03,6.886381e-03,2.080625e-02,5.904359e-02,8.227286e-03,1.684971e-02,2.813247e-01,1.275019e-01,4.678549e-03,1.139490e-02,1.578635e-01,1.520288e-01,1.736914e-03,2.652642e-02
1.371610e-01,1.024237e-02,2.057711e-02,4.033498e-02,9.520963e-02,1.610466e-02,2.303707e-02,2.425652e-01,1.385716e-01,4.046107e-03,1.040127e-02,1.132953e-01,1.266800e-01,1.421331e-03,2.035233e-02
1.306662e-01,1.381714e-02,3.687568e-02,1.131327e-01,1.133186e-01,2.556259e-02,2.582300e-02,1.918680e-01,1.411234e-01,4.763233e-03,8.517009e-03,8.025381e-02,9.600946e-02,1.036855e-03,1.723236e-02
1.295997e-01,1.890525e-02,3.543795e-02,1.071476e-01,1.351942e-01,3.109020e-02,3.187500e-02,1.556595e-01,1.989601e-01,4.200277e-03,7.011371e-03,5.694526e-02,7.255897e-02,7.570133e-04,1.465765e-02
1.328642e-01,2.063791e-02,2.767714e-02,9.604259e-02,2.059250e-01,3.161822e-02,4.221461e-02,1.371493e-01,1.873623e-01,3.065338e-03,5.468065e-03,4.038455e-02,5.812411e-02,6.263008e-04,1.084048e-02
1.827611e-01,2.833641e-02,2.373870e-02,9.385599e-02,2.135223e-01,2.756078e-02,4.086976e-02,1.285585e-01,1.662229e-01,2.825533e-03,5.080882e-03,3.052541e-02,4.499359e-02,6.273842e-04,1.052077e-02
1.581737e-01,2.957270e-02,2.086580e-02,2.176218e-01,2.051883e-01,2.059950e-02,3.042949e-02,1.042478e-01,1.267463e-01,2.361270e-03,1.250981e-02,2.350499e-02,3.888910e-02,5.068309e-04,8.782621e-03
1.163102e-01,2.204925e-02,1.602482e-02,2.175114e-01,1.646900e-01,1.523342e-02,2.184329e-02,7.556526e-02,9.533060e-02,4.158093e-03,1.717546e-01,2.108062e-02,5.013021e-02,4.728565e-04,7.845349e-03
8.277496e-02,1.704038e-02,1.167087e-02,2.728156e-01,1.218535e-01,1.106408e-02,1.538965e-02,5.405754e-02,8.455192e-02,3.275662e-03,2.574350e-01,1.685680e-02,4.472824e-02,3.893053e-04,6.096543e-03
8.929691e-02,1.276771e-02,8.635598e-03,2.084004e-01,1.078859e-01,9.758019e-03,1.127334e-02,5.119565e-02,7.292855e-02,2.693338e-03,3.564350e-01,1.515105e-02,4.801939e-02,8.138975e-04,4.745346e-03
1.038147e-01,1.081178e-02,6.443864e-03,1.585670e-01,8.115003e-02,7.596728e-03,8.002452e-03,3.863142e-02,7.013172e-02,3.156058e-03,4.384008e-01,1.422079e-02,5.035641e-02,4.671576e-03,4.044661e-03
1.173175e-01,1.016449e-02,5.215820e-03,1.248022e-01,7.012444e-02,6.846638e-03,5.718595e-03,2.861629e-02,6.348032e-02,4.673392e-03,4.874394e-01,1.317993e-02,4.653319e-02,1.210603e-02,3.781710e-03
1.515165e-01,1.029773e-02,5.283932e-03,1.265620e-01,7.726182e-02,6.408625e-03,4.317635e-03,3.157193e-02,5.378458e-02,1.082570e-02,4.447042e-01,1.340008e-02,3.907458e-02,2.119903e-02,3.791715e-03
2.258836e-01,1.141819e-02,5.177335e-03,1.085314e-01,7.838243e-02,5.164008e-03,3.229471e-03,2.850431e-02,4.569364e-02,8.479605e-03,3.889731e-01,1.410501e-02,3.578149e-02,3.647245e-02,4.204041e-03
