1.000000e+00,0.000000e+00,0.000000e+00,0.000000e+00,0.000000e+00,0.000000e+00,0.000000e+00,0.000000e+00,0.000000e+00,0.000000e+00,0.000000e+00,0.000000e+00,0.000000e+00,0.000000e+00,0.000000e+00
1.000000e+00,0.000000e+00,0.000000e+00,0.000000e+00,0.000000e+00,0.000000e+00,0.000000e+00,0.000000e+00,0.000000e+00,0.000000e+00,0.000000e+00,0.000000e+00,0.000000e+00,0.000000e+00,0.000000e+00
1.000000e+00,0.000000e+00,0.000000e+00,0.000000e+00,0.000000e+00,0.000000e+00,0.000000e+00,0.000000e+00,0.000000e+00,0.000000e+00,0.000000e+00,0.000000e+00,0.000000e+00,0.000000e+00,0.000000e+00
1.000000e+00,0.000000e+00,0.000000e+00,0.000000e+00,0.000000e+00,0.000000e+00,0.000000e+00,0.000000e+00,0.000000e+00,0.000000e+00,0.000000e+00,0.000000e+00,0.000000e+00,0.000000e+00,0.000000e+00
1.000000e+00,0.000000e+00,0.000000e+00,0.000000e+00,0.000000e+00,0.000000e+00,0.000000e+00,0.000000e+00,0.000000e+00,0.000000e+00,0.000000e+00,0.000000e+00,0.000000e+00,0.000000e+00,0.000000e+00
1.000000e+00,0.000000e+00,0.000000e+00,0.000000e+00,0.000000e+00,0.000000e+00,0.000000e+00,0.000000e+00,0.000000e+00,0.000000e+00,0.000000e+00,0.000000e+00,0.000000e+00,0.000000e+00,0.000000e+00
1.000000e+00,0.000000e+00,0.000000e+00,0.000000e+00,0.000000e+00,0.000000e+00,0.000000e+00,0.000000e+00,0.000000e+00,0.000000e+00,0.000000e+00,0.000000e+00,0.000000e+00,0.000000e+00,0.000000e+00
1.000000e+00,0.000000e+00,0.000000e+00,0.000000e+00,0.000000e+00,0.000000e+00,0.000000e+00,0.000000e+00,0.000000e+00,0.000000e+00,0.000000e+00,0.000000e+00,0.000000e+00,0.000000e+00,0.000000e+00
1.000000e+00,0.000000e+00,0.000000e+00,0.000000e+00,0.000000e+00,0.000000e+00,0.000000e+00,0.000000e+00,0.000000e+00,0.000000e+00,0.000000e+00,0.000000e+00,0.000000e+00,0.000000e+00,0.000000e+00
1.000000e+00,0.000000e+00,0.000000e+00,0.000000e+00,0.000000e+00,0.000000e+00,0.000000e+00,0.000000e+00,0.000000e+00,0.000000e+00,0.000000e+00,0.000000e+00,0.000000e+00,0.000000e+00,0.000000e+00
1.000000e+00,0.000000e+00,0.000000e+00,0.000000e+00,0.000000e+00,0.000000e+00,0.000000e+00,0.000000e+00,0.000000e+00,0.000000e+00,0.000000e+00,0.000000e+00,0.000000e+00,0.000000e+00,0.000000e+00
1.000000e+00,0.000000e+00,0.000000e+00,0.000000e+00,0.000000e+00,0.000000e+00,0.000000e+00,0.000000e+00,0.000000e+00,0.000000e+00,0.000000e+00,0.000000e+00,0.000000e+00,0.000000e+00,0.000000e+00
1.000000e+00,0.000000e+00,0.000000e+00,0.000000e+00,0.000000e+00,0.000000e+00,0.000000e+00,0.000000e+00,0.000000e+00,0.000000e+00,0.000000e+00,0.000000e+00,0.000000e+00,0.000000e+00,0.000000e+00
1.000000e+00,0.000000e+00,0.000000e+00,0.000000e+00,0.000000e+00,0.000000e+00,0.000000e+00,0.000000e+00,0.000000e+00,0.000000e+00,0.000000e+00,0.000000e+00,0.000000e+00,0.000000e+00,0.000000e+00
1.000000e+00,0.000000e+00,0.000000e+00,0.000000e+00,0.000000e+00,0.000000e+00,0.000000e+00,0.000000e+00,0.000000e+00,0.000000e+00,0.000000e+00,0.000000e+00,0.000000e+00,0.000000e+00,0.000000e+00
1.000000e+00,0.000000e+00,0.000000e+00,0.000000e+00,0.000000e+00,0.000000e+00,0.000000e+00,0.000000e+00,0.000000e+00,0.000000e+00,0.000000e+00,0.000000e+00,0.000000e+00,0.000000e+00,0.000000e+00
1.000000e+00,0.000000e+00,0.000000e+00,0.000000e+00,0.000000e+00,0.000000e+00,0.000000e+00,0.000000e+00,0.000000e+00,0.000000e+00,0.000000e+00,0.000000e+00,0.000000e+00,0.000000e+00,0.000000e+00
1.000000e+00,0.000000e+00,0.000000e+00,0.000000e+00,0.000000e+00,0.000000e+00,0.000000e+00,0.000000e+00,0.000000e+00,0.000000e+00,0.000000e+00,0.000000e+00,0.000000e+00,0.000000e+00,0.000000e+00
1.000000e+00,0.000000e+00,0.000000e+00,0.000000e+00,0.000000e+00,0.000000e+00,0.000000e+00,0.000000e+00,0.000000e+00,0.000000e+00,0.000000e+00,0.000000e+00,0.000000e+00,0.000000e+00,0.000000e+00
1.000000e+00,0.000000e+00,0.000000e+00,0.000000e+00,0.000000e+00,0.000000e+00,0.000000e+00,0.000000e+00,0.000000e+00,0.000000e+00,0.000000e+00,0.000000e+00,0.000000e+00,0.000000e+00,0.000000e+00
1.000000e+00,0.000000e+00,0.000000e+00,0.000000e+00,0.000000e+00,0.000000e+00,0.000000e+00,0.000000e+00,0.000000e+00,0.000000e+00,0.000000e+00,0.000000e+00,0.000000e+00,0.000000e+00,0.000000e+00
1.000000e+00,0.000000e+00,0.000000e+00,0.000000e+00,0.000000e+00,0.000000e+00,0.000000e+00,0.000000e+00,0.000000e+00,0.000000e+00,0.000000e+00,0.000000e+00,0.000000e+00,0.000000e+00,0.000000e+00
1.000000e+00,0.000000e+00,0.000000e+00,0.000000e+00,0.000000e+00,0.000000e+00,0.000000e+00,0.000000e+00,0.000000e+00,0.000000e+00,0.000000e+00,0.000000e+00,0.000000e+00,0.000000e+00,0.000000e+00
1.000000e+00,0.000000e+00,0.000000e+00,0.000000e+00,0.000000e+00,0.000000e+00,0.000000e+00,0.000000e+00,0.000000e+00,0.000000e+00,0.000000e+00,0.000000e+00,0.000000e+00,0.000000e+00,0.000000e+00
1.000000e+00,0.000000e+00,0.000000e+00,0.000000e+00,0.000000e+00,0.000000e+00,0.000000e+00,0.000000e+00,0.000000e+00,0.000000e+00,0.000000e+00,0.000000e+00,0.000000e+00,0.000000e+00,0.000000e+00
1.000000e+00,0.000000e+00,0.000000e+00,0.000000e+00,0.000000e+00,0.000000e+00,0.000000e+00,0.000000e+00,0.000000e+00,0.000000e+00,0.000000e+00,0.000000e+00,0.000000e+00,0.000000e+00,0.000000e+00
1.000000e+00,0.000000e+00,0.000000e+00,0.000000e+00,0.000000e+00,0.000000e+00,0.000000e+00,0.000000e+00,0.000000e+00,0.000000e+00,0.000000e+00,0.000000e+00,0.000000e+00,0.000000e+00,0.000000e+00
1.000000e+00,0.000000e+00,0.000000e+00,0.000000e+00,0.000000e+00,0.000000e+00,0.000000e+00,0.000000e+00,0.000000e+00,0.000000e+00,0.000000e+00,0.000000e+00,0.000000e+00,0.000000e+00,0.000000e+00
1.000000e+00,0.000000e+00,0.000000e+00,0.000000e+00,0.000000e+00,0.000000e+00,0.000000e+00,0.000000e+00,0.000000e+00,0.000000e+00,0.000000e+00,0.000000e+00,0.000000e+00,0.000000e+00,0.000000e+00
1.000000e+00,0.000000e+00,0.000000e+00,0.000000e+00,0.000000e+00,0.000000e+00,0.000000e+00,0.000000e+00,0.000000e+00,0.000000e+00,0.000000e+00,0.000000e+00,0.000000e+00,0.000000e+00,0.000000e+00
1.000000e+00,0.000000e+00,0.000000e+00,0.000000e+00,0.000000e+00,0.000000e+00,0.000000e+00,0.000000e+00,0.000000e+00,0.000000e+00,0.000000e+00,0.000000e+00,0.000000e+00,0.000000e+00,0.000000e+00
1.000000e+00,0.000000e+00,0.000000e+00,0.000000e+00,0.000000e+00,0.000000e+00,0.000000e+00,0.000000e+00,0.000000e+00,0.000000e+00,0.000000e+00,0.000000e+00,0.000000e+00,0.000000e+00,0.000000e+00
1.000000e+00,0.000000e+00,0.000000e+00,0.000000e+00,0.000000e+00,0.000000e+00,0.000000e+00,0.000000e+00,0.000000e+00,0.000000e+00,0.000000e+00,0.000000e+00,0.000000e+00,0.000000e+00,0.000000e+00
1.000000e+00,0.000000e+00,0.000000e+00,0.000000e+00,0.000000e+00,0.000000e+00,0.000000e+00,0.000000e+00,0.000000e+00,0.000000e+00,0.000000e+00,0.000000e+00,0.000000e+00,0.000000e+00,0.000000e+00
1.000000e+00,0.000000e+00,0.000000e+00,0.000000e+00,0.000000e+00,0.000000e+00,0.000000e+00,0.000000e+00,0.000000e+00,0.000000e+00,0.000000e+00,0.000000e+00,0.000000e+00,0.000000e+00,0.000000e+00
1.000000e+00,0.000000e+00,0.000000e+00,0.000000e+00,0.000000e+00,0.000000e+00,0.000000e+00,0.000000e+00,0.000000e+00,0.000000e+00,0.000000e+00,0.000000e+00,0.000000e+00,0.000000e+00,0.000000e+00
1.000000e+00,0.000000e+00,0.000000e+00,0.000000e+00,0.000000e+00,0.000000e+00,0.000000e+00,0.000000e+00,0.000000e+00,0.000000e+00,0.000000e+00,0.000000e+00,0.000000e+00,0.000000e+00,0.000000e+00
1.000000e+00,0.000000e+00,0.000000e+00,0.000000e+00,0.000000e+00,0.000000e+00,0.000000e+00,0.000000e+00,0.000000e+00,0.000000e+00,0.000000e+00,0.000000e+00,0.000000e+00,0.000000e+00,0.000000e+00
1.000000e+00,0.000000e+00,0.000000e+00,0.000000e+00,0.000000e+00,0.000000e+00,0.000000e+00,0.000000e+00,0.000000e+00,0.000000e+00,0.000000e+00,0.000000e+00,0.000000e+00,0.000000e+00,0.000000e+00
1.000000e+00,0.000000e+00,0.000000e+00,0.000000e+00,0.000000e+00,0.000000e+00,0.000000e+00,0.000000e+00,0.000000e+00,0.000000e+00,0.000000e+00,0.000000e+00,0.000000e+00,0.000000e+00,0.000000e+00
1.000000e+00,0.000000e+00,0.000000e+00,0.000000e+00,0.000000e+00,0.000000e+00,0.000000e+00,0.000000e+00,0.000000e+00,0.000000e+00,0.000000e+00,0.000000e+00,0.000000e+00,0.000000e+00,0.000000e+00
1.000000e+00,0.000000e+00,0.000000e+00,0.000000e+00,0.000000e+00,0.000000e+00,0.000000e+00,0.000000e+00,0.000000e+00,0.000000e+00,0.000000e+00,0.000000e+00,0.000000e+00,0.000000e+00,0.000000e+00
1.000000e+00,0.000000e+00,0.000000e+00,0.000000e+00,0.000000e+00,0.000000e+00,0.000000e+00,0.000000e+00,0.000000e+00,0.000000e+00,0.000000e+00,0.000000e+00,0.000000e+00,0.000000e+00,0.000000e+00
1.000000e+00,0.000000e+00,0.000000e+00,0.000000e+00,0.000000e+00,0.000000e+00,0.000000e+00,0.000000e+00,0.000000e+00,0.000000e+00,0.000000e+00,0.000000e+00,0.000000e+00,0.000000e+00,0.000000e+00
1.000000e+00,0.000000e+00,0.000000e+00,0.000000e+00,0.000000e+00,0.000000e+00,0.000000e+00,0.000000e+00,0.000000e+00,0.000000e+00,0.000000e+00,0.000000e+00,0.000000e+00,0.000000e+00,0.000000e+00
1.000000e+00,0.000000e+00,0.000000e+00,0.000000e+00,0.000000e+00,0.000000e+00,0.000000e+00,0.000000e+00,0.000000e+00,0.000000e+00,0.000000e+00,0.000000e+00,0.000000e+00,0.000000e+00,0.000000e+00
1.000000e+00,0.000000e+00,0.000000e+00,0.000000e+00,0.000000e+00,0.000000e+00,0.000000e+00,0.000000e+00,0.000000e+00,0.000000e+00,0.000000e+00,0.000000e+00,0.000000e+00,0.000000e+00,0.000000e+00
1.000000e+00,0.000000e+00,0.000000e+00,0.000000e+00,0.000000e+00,0.000000e+00,0.000000e+00,0.000000e+00,0.000000e+00,0.000000e+00,0.000000e+00,0.000000e+00,0.000000e+00,0.000000e+00,0.000000e+00
1.000000e+00,0.000000e+00,0.000000e+00,0.000000e+00,0.000000e+00,0.000000e+00,0.000000e+00,0.000000e+00,0.000000e+00,0.000000e+00,0.000000e+00,0.000000e+00,0.000000e+00,0.000000e+00,0.000000e+00
1.000000e+00,0.000000e+00,0.000000e+00,0.000000e+00,0.000000e+00,0.000000e+00,0.000000e+00,0.000000e+00,0.000000e+00,0.000000e+00,0.000000e+00,0.000000e+00,0.000000e+00,0.000000e+00,0.000000e+00
1.000000e+00,0.000000e+00,0.000000e+00,0.000000e+00,0.000000e+00,0.000000e+00,0.000000e+00,0.000000e+00,0.000000e+00,0.000000e+00,0.000000e+00,0.000000e+00,0.000000e+00,0.000000e+00,0.000000e+00
1.000000e+00,0.000000e+00,0.000000e+00,0.000000e+00,0.000000e+00,0.000000e+00,0.000000e+00,0.000000e+00,0.000000e+00,0.000000e+00,0.000000e+00,0.000000e+00,0.000000e+00,0.000000e+00,0.000000e+00
1.000000e+00,0.000000e+00,0.000000e+00,0.000000e+00,0.000000e+00,0.000000e+00,0.000000e+00,0.000000e+00,0.000000e+00,0.000000e+00,0.000000e+00,0.000000e+00,0.000000e+00,0.000000e+00,0.000000e+00
4.387096e-01,1.097460e-02,1.561848e-02,1.032779e-02,2.665364e-03,1.380001e-01,1.644167e-03,3.294038e-03,7.350498e-03,1.018557e-02,1.916496e-01,1.679073e-02,6.298157e-03,7.417034e-02,7.232103e-02
3.102327e-01,8.258989e-03,1.113448e-02,7.404221e-03,2.050864e-03,2.574520e-01,1.223151e-03,2.341376e-03,5.758873e-03,9.373777e-03,2.493858e-01,1.503533e-02,4.653043e-03,6.161831e-02,5.407718e-02
2.194510e-01,6.508640e-03,7.966239e-03,5.281989e-03,1.527438e-03,2.295633e-01,9.340782e-04,1.703062e-03,5.256386e-03,8.772686e-03,3.771284e-01,1.765834e-02,3.401016e-03,7.369865e-02,4.114891e-02
1.549315e-01,4.861396e-03,5.801870e-03,3.810507e-03,1.155102e-03,1.829689e-01,7.511969e-04,1.237549e-03,5.309965e-03,7.922181e-03,4.454308e-01,1.965114e-02,2.491726e-03,1.326807e-01,3.099554e-02
1.114601e-01,1.252233e-02,6.133348e-03,6.201631e-03,2.841460e-03,1.373831e-01,1.204136e-03,1.401290e-03,3.149739e-02,1.501572e-02,4.327552e-01,2.387737e-02,1.912850e-03,1.821502e-01,3.364385e-02
7.877859e-02,1.068800e-02,4.625194e-03,4.802501e-03,2.298798e-03,1.001038e-01,1.068244e-03,1.090280e-03,3.784829e-02,1.224856e-02,4.228071e-01,2.224754e-02,1.463672e-03,2.748886e-01,2.504074e-02
5.653718e-02,9.226358e-03,4.349148e-03,3.564091e-03,1.900762e-03,7.666400e-02,9.085639e-04,1.124624e-03,5.153780e-02,1.018245e-02,4.248756e-01,2.434051e-02,1.231684e-03,3.155096e-01,1.804753e-02
4.088624e-02,8.151719e-03,3.548282e-03,2.656844e-03,1.540885e-03,6.868851e-02,7.444937e-04,1.200443e-03,6.763782e-02,8.288573e-03,3.974934e-01,2.102603e-02,9.699935e-04,3.642917e-01,1.287504e-02
3.025678e-02,1.817500e-02,7.966944e-03,3.006107e-03,2.552727e-03,7.442725e-02,8.458709e-04,3.193148e-03,9.156306e-02,9.926665e-03,3.885283e-01,1.969966e-02,7.658336e-04,3.394077e-01,9.684950e-03
2.283644e-02,3.264206e-02,1.290057e-02,1.194741e-02,7.636556e-03,7.388908e-02,7.709261e-04,4.446281e-03,1.391684e-01,1.959907e-02,3.519139e-01,1.697960e-02,7.263389e-04,2.942967e-01,1.024670e-02
1.695160e-02,2.827250e-02,1.179530e-02,8.871410e-03,6.250692e-03,6.192879e-02,7.064370e-04,3.939645e-03,1.550601e-01,1.652454e-02,3.548432e-01,1.973546e-02,5.907458e-04,3.068844e-01,7.645131e-03
1.224382e-02,3.625113e-02,1.238491e-02,6.513330e-03,4.966537e-03,4.749234e-02,5.494769e-04,3.043304e-03,1.635392e-01,1.660080e-02,3.117251e-01,1.578603e-02,4.790758e-04,3.619129e-01,6.512133e-03
8.768579e-03,3.755211e-02,1.005996e-02,5.634675e-03,4.031935e-03,3.534526e-02,4.321402e-04,2.310827e-03,3.060073e-01,1.342096e-02,2.387522e-01,1.184889e-02,3.903569e-04,3.204722e-01,4.972585e-03
6.684964e-03,4.196896e-02,1.056691e-02,6.295418e-03,3.782484e-03,3.283616e-02,3.884351e-04,1.872606e-03,4.048206e-01,1.356729e-02,1.843220e-01,8.759308e-03,4.062491e-04,2.795423e-01,4.186322e-03
7.418389e-03,7.103971e-02,9.250295e-03,5.299354e-02,6.741018e-03,3.573878e-02,3.629870e-04,2.361290e-03,3.845311e-01,1.724117e-02,1.427075e-01,7.545452e-03,4.532860e-03,2.344077e-01,2.312819e-02
7.388530e-03,6.384520e-02,7.479719e-03,4.642526e-02,9.010307e-03,3.894204e-02,3.956648e-04,2.651230e-03,3.920569e-01,3.332392e-02,1.176000e-01,6.200782e-03,5.007231e-03,2.449780e-01,2.469517e-02
1.608937e-02,6.015459e-02,5.944896e-03,4.327439e-02,9.090658e-03,3.501002e-02,4.270169e-04,3.623798e-03,3.650514e-01,4.054151e-02,1.208315e-01,1.226863e-02,1.655753e-02,2.438276e-01,2.730708e-02
1.841977e-02,6.963287e-02,5.205488e-03,3.413450e-02,1.015061e-02,3.136332e-02,3.722302e-04,3.148936e-03,3.645325e-01,8.236608e-02,9.441663e-02,9.480261e-03,1.426575e-02,2.264272e-01,3.608393e-02
3.345504e-02,5.971128e-02,4.070973e-03,2.774487e-02,9.426075e-03,3.845809e-02,5.743379e-04,1.071696e-02,3.775591e-01,1.067248e-01,7.451682e-02,8.265472e-03,1.396182e-02,1.935857e-01,4.122865e-02
3.359006e-02,4.747204e-02,3.230018e-03,2.443541e-02,8.163846e-03,3.617490e-02,6.839100e-04,8.686690e-03,3.180279e-01,8.655509e-02,6.690823e-02,4.865006e-02,1.305451e-01,1.472311e-01,3.964562e-02
6.110819e-02,3.977723e-02,2.688152e-03,1.906710e-02,8.876061e-03,4.275687e-02,6.152225e-04,1.026153e-02,2.808216e-01,7.933902e-02,6.025651e-02,6.322598e-02,1.574101e-01,1.294682e-01,4.432824e-02
6.992460e-02,3.214616e-02,3.394092e-03,1.603728e-02,1.858380e-02,4.439611e-02,5.964795e-04,1.544377e-02,2.581163e-01,8.242477e-02,6.471598e-02,5.740293e-02,1.508766e-01,1.276893e-01,5.825187e-02
6.141253e-02,2.309420e-02,2.840345e-03,1.209923e-02,1.458237e-02,3.659398e-02,7.302853e-04,1.355994e-02,1.987709e-01,6.208635e-02,5.458413e-02,5.108578e-02,3.237477e-01,9.440105e-02,5.041124e-02
4.971931e-02,1.751875e-02,2.783569e-03,1.368459e-02,1.187543e-02,2.820394e-02,7.537261e-04,1.024623e-02,1.732417e-01,4.658748e-02,4.570495e-02,6.262390e-02,4.216633e-01,7.286393e-02,4.252913e-02
4.268065e-02,1.516585e-02,2.892972e-03,2.924927e-02,9.298948e-03,2.109946e-02,6.916393e-04,7.639498e-03,1.464425e-01,3.506631e-02,5.099327e-02,1.244143e-01,4.019412e-01,6.135731e-02,5.106682e-02
1.048338e-01,1.285837e-02,3.502815e-03,2.559737e-02,1.081215e-02,2.031927e-02,1.164745e-03,7.315054e-03,1.144520e-01,2.609341e-02,5.104754e-02,1.238739e-01,3.805101e-01,5.444708e-02,6.317237e-02
2.138651e-01,1.162442e-02,5.501259e-03,2.335361e-02,1.620854e-02,2.104961e-02,1.891857e-03,7.171257e-03,9.283087e-02,1.965356e-02,4.087884e-02,1.340999e-01,3.165516e-01,4.448505e-02,5.083456e-02
3.021640e-01,9.938791e-03,5.260541e-03,1.914140e-02,1.502202e-02,2.236593e-02,2.611284e-03,6.589464e-03,7.157935e-02,1.581763e-02,3.152908e-02,1.639711e-01,2.614751e-01,3.342344e-02,3.911087e-02
4.347612e-01,8.594414e-03,5.005882e-03,1.957396e-02,1.316680e-02,3.060040e-02,3.860179e-03,7.853570e-03,5.579515e-02,1.258741e-02,2.421561e-02,1.308808e-01,1.979012e-01,2.527114e-02,2.993239e-02
1.000000e+00,0.000000e+00,0.000000e+00,0.000000e+00,0.000000e+00,0.000000e+00,0.000000e+00,0.000000e+00,0.000000e+00,0.000000e+00,0.000000e+00,0.000000e+00,0.000000e+00,0.000000e+00,0.000000e+00
1.000000e+00,0.000000e+00,0.000000e+00,0.000000e+00,0.000000e+00,0.000000e+00,0.000000e+00,0.000000e+00,0.000000e+00,0.000000e+00,0.000000e+00,0.000000e+00,0.000000e+00,0.000000e+00,0.000000e+00
4.945512e-01,1.128185e-02,4.957566e-03,2.144981e-02,1.806763e-02,4.473657e-02,4.307627e-03,7.194950e-03,3.561815e-02,1.070200e-02,2.070993e-02,1.223826e-01,1.734770e-01,1.399288e-02,1.657023e-02
3.832943e-01,9.980341e-03,4.186157e-03,1.665678e-02,1.722550e-02,3.610688e-02,4.419884e-03,6.049666e-03,3.048274e-02,1.047895e-02,2.669831e-02,1.644498e-01,2.643870e-01,1.109925e-02,1.448441e-02
4.070951e-01,1.033533e-02,4.421509e-03,1.669500e-02,2.510263e-02,3.426573e-02,5.783504e-03,5.537183e-03,3.161725e-02,1.626489e-02,2.842119e-02,1.452948e-01,2.488035e-01,8.477888e-03,1.188454e-02
4.212451e-01,8.357301e-03,4.442928e-03,1.211084e-02,2.526486e-02,2.898627e-02,8.021228e-03,5.065851e-03,2.557371e-02,1.333059e-02,2.329624e-02,1.842532e-01,2.244149e-01,6.283196e-03,9.353779e-03
4.099247e-01,6.868022e-03,7.720979e-03,8.925236e-03,2.479897e-02,2.284867e-02,9.150037e-03,5.987291e-03,2.172551e-02,1.058405e-02,1.830879e-02,2.082588e-01,2.320775e-01,4.793012e-03,8.028447e-03
3.389556e-01,6.323792e-03,6.948639e-03,7.138513e-03,2.125394e-02,2.235327e-02,7.151044e-03,9.106051e-03,1.909420e-02,9.403739e-03,1.902209e-02,1.658903e-01,3.551900e-01,5.256676e-03,6.912096e-03
2.616144e-01,5.115701e-03,7.229113e-03,6.020672e-03,3.052491e-02,1.722893e-02,2.160326e-02,2.245653e-02,3.566989e-02,1.609507e-02,2.676239e-02,1.558674e-01,3.796043e-01,4.085541e-03,1.012197e-02
1.987240e-01,3.853898e-03,6.205121e-03,4.623034e-03,3.297150e-02,1.258090e-02,2.987214e-02,5.013815e-02,3.399699e-02,1.891854e-02,2.747448e-02,1.320626e-01,4.331437e-01,3.217975e-03,1.221703e-02
1.651523e-01,3.321068e-03,5.460314e-03,5.991626e-03,3.516024e-02,1.149186e-02,2.166107e-02,6.788516e-02,3.815113e-02,1.498922e-02,3.107820e-02,1.074092e-01,4.790879e-01,2.853451e-03,1.030725e-02
1.177180e-01,2.456382e-03,4.419932e-03,4.574351e-03,2.841452e-02,8.370930e-03,1.551885e-02,9.707414e-02,3.682072e-02,1.227064e-02,3.618695e-02,8.661617e-02,5.395637e-01,2.125788e-03,7.868947e-03
1.016357e-01,1.989259e-03,3.873644e-03,3.915548e-03,3.021642e-02,7.447610e-03,1.165031e-02,1.521751e-01,3.563102e-02,1.802337e-02,6.060972e-02,7.449931e-02,4.898795e-01,1.736357e-03,6.717134e-03
1.040399e-01,1.970633e-03,3.540237e-03,3.646364e-03,4.298026e-02,8.081741e-03,1.216390e-02,1.234645e-01,7.739516e-02,1.907596e-02,7.193454e-02,9.235840e-02,4.323336e-01,1.433353e-03,5.581496e-03
8.882859e-02,1.612721e-03,5.181562e-03,3.279642e-03,9.647067e-02,6.508048e-03,1.206414e-02,1.071992e-01,1.093683e-01,1.726892e-02,8.225964e-02,1.004935e-01,3.632112e-01,1.254109e-03,4.999821e-03
8.564041e-02,1.536041e-03,7.289993e-03,2.929199e-03,1.286887e-01,5.382270e-03,1.233118e-02,1.087046e-01,1.446295e-01,1.706563e-02,8.541128e-02,1.085305e-01,2.859015e-01,9.993205e-04,4.959941e-03
6.698478e-02,2.928762e-03,1.576704e-02,3.082915e-03,1.088642e-01,4.917771e-03,1.080504e-02,1.283423e-01,2.113174e-01,1.673665e-02,7.914780e-02,1.077848e-01,2.370574e-01,8.029088e-04,5.460238e-03
5.226127e-02,4.934510e-03,2.139563e-02,4.929271e-03,8.419396e-02,5.846596e-03,9.800275e-03,1.865028e-01,2.644218e-01,1.318033e-02,6.657983e-02,8.499755e-02,1.883764e-01,8.819588e-04,1.169785e-02
4.771382e-02,4.283966e-03,3.103407e-02,4.666003e-03,7.532722e-02,5.926054e-03,7.657539e-03,2.535004e-01,3.025893e-01,9.558218e-03,5.200105e-02,6.100258e-02,1.352805e-01,7.817966e-04,8.677465e-03
5.056303e-02,6.759334e-03,2.675692e-02,6.315064e-03,1.949111e-01,1.265484e-02,2.267424e-02,1.808547e-01,3.046796e-01,6.800458e-03,3.944921e-02,4.322014e-02,9.725526e-02,6.999454e-04,6.406180e-03
4.519788e-02,1.108103e-02,3.885804e-02,3.040998e-02,2.789705e-01,1.295560e-02,5.835322e-02,1.342266e-01,2.522773e-01,4.983200e-03,2.807599e-02,3.049091e-02,6.879736e-02,5.235762e-04,4.798918e-03
3.745361e-02,9.826459e-03,1.410780e-01,1.006628e-01,2.576231e-01,1.068131e-02,4.653774e-02,1.115768e-01,1.873847e-01,3.636595e-03,1.987545e-02,2.143263e-02,4.833780e-02,3.756619e-04,3.517473e-03
3.249294e-02,8.723389e-03,2.971562e-01,1.286939e-01,2.036546e-01,8.427871e-03,3.434960e-02,8.176113e-02,1.338109e-01,3.641034e-03,1.430815e-02,1.509390e-02,3.411850e-02,2.733305e-04,3.494522e-03
3.782418e-02,1.441163e-02,3.253341e-01,9.544823e-02,2.668928e-01,1.191380e-02,3.073243e-02,5.997153e-02,1.050522e-01,2.943744e-03,1.080971e-02,1.066674e-02,2.422765e-02,3.982689e-04,3.373079e-03
4.376775e-02,3.772397e-02,3.013984e-01,7.840274e-02,3.189893e-01,2.086727e-02,3.388718e-02,4.407588e-02,7.988827e-02,2.532165e-03,8.718635e-03,7.640486e-03,1.736965e-02,3.775865e-04,4.360761e-03
3.690635e-02,9.100336e-02,2.497447e-01,1.493291e-01,3.077735e-01,1.720713e-02,2.619131e-02,3.225966e-02,5.701076e-02,1.895050e-03,6.726947e-03,5.464360e-03,1.229403e-02,3.118323e-04,5.881811e-03
5.523580e-02,1.589408e-01,2.289673e-01,1.339505e-01,2.754024e-01,2.490054e-02,2.207962e-02,2.401367e-02,4.343187e-02,1.816997e-03,5.568672e-03,4.069887e-03,8.900387e-03,4.186613e-04,1.230299e-02
5.327318e-02,1.488465e-01,2.340562e-01,1.798415e-01,2.571384e-01,2.669689e-02,2.290986e-02,1.877420e-02,3.085719e-02,1.975578e-03,4.409254e-03,3.130870e-03,6.557990e-03,3.811137e-04,1.115128e-02
4.996693e-02,1.368810e-01,2.742956e-01,2.341511e-01,2.013687e-01,2.235280e-02,1.888124e-02,1.385111e-02,2.242992e-02,2.414720e-03,3.664911e-03,2.550953e-03,4.918083e-03,3.979713e-04,1.187488e-02
9.471321e-02,1.137567e-01,2.818319e-01,1.958915e-01,2.189942e-01,2.294937e-02,1.610729e-02,1.230928e-02,1.692620e-02,2.243246e-03,3.290953e-03,2.556451e-03,4.217248e-03,6.911489e-04,1.352119e-02
1.036529e-01,8.942980e-02,2.624349e-01,2.382437e-01,2.172935e-01,2.205316e-02,1.352635e-02,1.701746e-02,1.311401e-02,1.948825e-03,3.285730e-03,2.824808e-03,3.742444e-03,7.312631e-04,1.070116e-02
9.529201e-02,7.313604e-02,2.317826e-01,3.345279e-01,1.744208e-01,1.875936e-02,1.063091e-02,1.286748e-02,1.277399e-02,3.849946e-03,1.194410e-02,3.618592e-03,4.978820e-03,9.081138e-04,1.050938e-02
2.376813e-01,6.209128e-02,1.704394e-01,2.741645e-01,1.403781e-01,2.615084e-02,1.032397e-02,1.198238e-02,1.172043e-02,6.315886e-03,1.112674e-02,3.283549e-03,2.133270e-02,8.693914e-04,1.213958e-02
1.717297e-01,5.253062e-02,1.251219e-01,2.963112e-01,9.903021e-02,2.636781e-02,7.884334e-03,8.577165e-03,2.247004e-02,9.327091e-03,1.482094e-02,5.293584e-03,1.445995e-01,7.775730e-04,1.515836e-02
1.235441e-01,3.969733e-02,9.093005e-02,2.707461e-01,7.055753e-02,2.628008e-02,7.396145e-03,6.186440e-03,5.027272e-02,1.099576e-02,1.763888e-02,1.769122e-02,2.417112e-01,1.065343e-03,2.528713e-02
8.729537e-02,2.872373e-02,6.480331e-02,2.083337e-01,4.982834e-02,2.254337e-02,5.504158e-03,4.670067e-03,4.444544e-02,8.444157e-03,1.975417e-02,6.481712e-02,3.689839e-01,1.319505e-03,2.053367e-02
6.201728e-02,2.111659e-02,4.699118e-02,1.512855e-01,3.558803e-02,1.826217e-02,3.947403e-03,3.364914e-03,3.614489e-02,6.405269e-03,1.840946e-02,2.242761e-01,3.550216e-01,1.281672e-03,1.588791e-02
5.273417e-02,1.706748e-02,3.450259e-02,1.259813e-01,2.864177e-02,1.922099e-02,3.081012e-03,2.536467e-03,4.832277e-02,5.091750e-03,1.427444e-02,2.545345e-01,3.791221e-01,1.456609e-03,1.343209e-02
4.558352e-02,1.300886e-02,2.428674e-02,9.145854e-02,2.163307e-02,3.703587e-02,2.530271e-03,2.912991e-03,3.889813e-02,4.259646e-03,1.678891e-02,2.220865e-01,4.671904e-01,2.230018e-03,1.009658e-02
3.837088e-02,9.826180e-03,1.718310e-02,6.546053e-02,1.600472e-02,4.762771e-02,2.120461e-03,2.423636e-03,3.310791e-02,3.899666e-03,2.065429e-02,2.963412e-01,4.364203e-01,2.676014e-03,7.883396e-03
2.902801e-02,7.499451e-03,1.240156e-02,4.643406e-02,1.312398e-02,3.503450e-02,1.775932e-03,1.809908e-03,2.568101e-02,4.556198e-03,2.128553e-02,4.666607e-01,3.264197e-01,2.015599e-03,6.273942e-03
2.355697e-02,7.476806e-03,1.230350e-02,3.328716e-02,1.254670e-02,2.942130e-02,4.750631e-03,2.314668e-03,3.539887e-02,5.962101e-03,2.064617e-02,5.496711e-01,2.553015e-01,1.552963e-03,5.809660e-03
2.079897e-02,5.865325e-03,1.038218e-02,2.381866e-02,2.403493e-02,2.457314e-02,7.402133e-03,2.095866e-02,2.759646e-02,5.721433e-03,2.012224e-02,5.709937e-01,2.298204e-01,1.240200e-03,6.671616e-03
1.734946e-02,5.228917e-03,8.064068e-03,1.906188e-02,2.223577e-02,2.117490e-02,5.484333e-03,2.266884e-02,2.790869e-02,8.596886e-03,3.956313e-02,4.929650e-01,2.997790e-01,2.344329e-03,7.574762e-03
1.405280e-02,8.572840e-03,7.016941e-03,1.738935e-02,2.093771e-02,1.692616e-02,4.180042e-03,2.094844e-02,1.372871e-01,8.821853e-03,4.548440e-02,4.052045e-01,2.822969e-01,2.323823e-03,8.556999e-03
1.208698e-02,1.540404e-02,9.129573e-03,1.627889e-02,2.100572e-02,1.486157e-02,3.178339e-03,2.044858e-02,3.241306e-01,7.226245e-03,3.963932e-02,2.983337e-01,2.069345e-01,1.810647e-03,9.531351e-03
8.927340e-03,1.623333e-02,6.592995e-03,1.332812e-02,1.631654e-02,1.245480e-02,2.245761e-03,1.468854e-02,5.093776e-01,5.189036e-03,2.845763e-02,2.109548e-01,1.459116e-01,1.300008e-03,8.021826e-03
6.967850e-03,1.625966e-02,5.135028e-03,2.419295e-02,1.591483e-02,1.247582e-02,1.815225e-03,1.958557e-02,6.138761e-01,3.997362e-03,2.056560e-02,1.481615e-01,1.036215e-01,9.277747e-04,6.503289e-03
7.173427e-03,1.559209e-02,3.866003e-03,3.661949e-02,1.970388e-02,1.200613e-02,1.675985e-03,1.840296e-02,6.845032e-01,3.149213e-03,1.466056e-02,1.038553e-01,7.311285e-02,6.633760e-04,5.015531e-03
8.965019e-03,1.762943e-02,3.097889e-03,7.355593e-02,2.951247e-02,1.025500e-02,2.115904e-03,1.561991e-02,6.953653e-01,2.718522e-03,1.046385e-02,7.281841e-02,5.268842e-02,4.808308e-04,4.713229e-03
7.301311e-03,2.367201e-02,2.437913e-03,2.126038e-01,2.261550e-02,7.946455e-03,1.555657e-03,1.277264e-02,6.006247e-01,2.403259e-03,9.714768e-03,5.119126e-02,4.034602e-02,3.572675e-04,4.457443e-03
6.807663e-03,4.527157e-02,2.129732e-03,1.891417e-01,2.323238e-02,6.111533e-03,1.330536e-03,1.046187e-02,6.277424e-01,2.815188e-03,9.149430e-03,3.600636e-02,3.473623e-02,2.902294e-04,4.773163e-03
5.256610e-03,8.043593e-02,1.840885e-03,2.249742e-01,1.772560e-02,4.581273e-03,9.393469e-04,8.593048e-03,5.891417e-01,2.905018e-03,8.374078e-03,2.530855e-02,2.482261e-02,2.343239e-04,4.866931e-03
6.738422e-03,9.721944e-02,1.775921e-03,2.287170e-01,2.149770e-02,4.029579e-03,7.425153e-04,1.357115e-02,5.714393e-01,2.704408e-03,8.580899e-03,1.783190e-02,1.868166e-02,2.580088e-04,6.212085e-03
6.081248e-03,8.882547e-02,1.903119e-03,2.525914e-01,1.875574e-02,3.334217e-03,5.681744e-04,3.527679e-02,5.447862e-01,4.055039e-03,8.336743e-03,1.263668e-02,1.366070e-02,4.112494e-04,8.777234e-03
5.754838e-03,1.082881e-01,3.362343e-03,2.615186e-01,1.553539e-02,2.834510e-03,4.761315e-04,3.095542e-02,5.165940e-01,6.251964e-03,8.325674e-03,9.089409e-03,1.083449e-02,5.912897e-04,1.958787e-02
1.555308e-02,1.747235e-01,3.948437e-03,2.001391e-01,3.074577e-02,4.874669e-03,7.072823e-04,5.114567e-02,4.460549e-01,6.802381e-03,7.364151e-03,6.453143e-03,9.251559e-03,7.202126e-04,4.151612e-02
2.837759e-02,1.418342e-01,3.239331e-02,2.098418e-01,3.331245e-02,6.484036e-03,9.538503e-04,8.664279e-02,3.695922e-01,9.817950e-03,6.246500e-03,4.651833e-03,7.278522e-03,7.369816e-04,6.183594e-02
4.588741e-02,1.182267e-01,5.223878e-02,2.098042e-01,4.020875e-02,2.058424e-02,1.649765e-03,1.192483e-01,2.955571e-01,8.309007e-03,6.323549e-03,3.491618e-03,6.203541e-03,1.004111e-03,7.126278e-02
8.569954e-02,1.190006e-01,5.424342e-02,1.565478e-01,3.659132e-02,5.706064e-02,1.732701e-03,9.581547e-02,2.222529e-01,7.854939e-03,6.750464e-03,2.674543e-03,5.498992e-03,3.908720e-03,1.443679e-01
6.621529e-02,1.096838e-01,6.335454e-02,3.036485e-01,3.661005e-02,4.412466e-02,1.540004e-03,7.744357e-02,1.608055e-01,6.917954e-03,6.978842e-03,2.286375e-03,4.268673e-03,3.144737e-03,1.129774e-01
5.052494e-02,8.896535e-02,7.579897e-02,3.694892e-01,3.055028e-02,3.512063e-02,1.208781e-03,6.050614e-02,1.210306e-01,1.223104e-02,1.373182e-02,2.534675e-03,3.849644e-03,4.263001e-03,1.301949e-01
7.135840e-02,7.324754e-02,1.839881e-01,2.909000e-01,2.758759e-02,3.412576e-02,1.523827e-03,5.785483e-02,9.296799e-02,1.170121e-02,1.145640e-02,3.682103e-03,5.196434e-03,6.272769e-03,1.281370e-01
1.456312e-01,6.592583e-02,1.851558e-01,2.706997e-01,3.232085e-02,2.670358e-02,2.238748e-03,5.557055e-02,7.480349e-02,9.653131e-03,1.119891e-02,5.273990e-03,5.785735e-03,5.962197e-03,1.030762e-01
2.198772e-01,6.889645e-02,1.810731e-01,2.151816e-01,4.089835e-02,2.320301e-02,3.011712e-03,5.288637e-02,5.843928e-02,7.991206e-03,9.905426e-03,6.542903e-03,7.017684e-03,6.278020e-03,9.879762e-02
3.118762e-01,7.562803e-02,1.382578e-01,1.850477e-01,4.398845e-02,2.307616e-02,4.013520e-03,4.344356e-02,4.847552e-02,6.744497e-03,9.239299e-03,1.022945e-02,8.513344e-03,6.685287e-03,8.478105e-02
4.452046e-01,6.803954e-02,1.036156e-01,1.417496e-01,4.025467e-02,1.977324e-02,4.178820e-03,3.473515e-02,3.793262e-02,5.626664e-03,7.776506e-03,1.167295e-02,8.300820e-03,5.732587e-03,6.540660e-02
3.262859e-01,4.812252e-02,7.268523e-02,1.000789e-01,3.199829e-02,2.879524e-01,3.300448e-03,2.456000e-02,2.666794e-02,7.154401e-03,6.094851e-03,8.357625e-03,5.884804e-03,4.385202e-03,4.647150e-02
2.421582e-01,3.409533e-02,5.101730e-02,7.035190e-02,2.262493e-02,4.292991e-01,2.362001e-03,1.737828e-02,1.909669e-02,5.791569e-02,5.019112e-03,5.914645e-03,4.341254e-03,4.160782e-03,3.426470e-02
1.804180e-01,2.466448e-02,3.588812e-02,4.937283e-02,1.600773e-02,5.467193e-01,1.686229e-03,1.233971e-02,1.363773e-02,7.756436e-02,3.843882e-03,4.180742e-03,3.121236e-03,4.645178e-03,2.591038e-02
1.284934e-01,1.748974e-02,2.520059e-02,3.466781e-02,1.125389e-02,4.566858e-01,1.197080e-03,8.685288e-03,2.387605e-02,2.538901e-01,3.452803e-03,2.944230e-03,2.244362e-03,6.277757e-03,2.364115e-02
9.069767e-02,1.233880e-02,1.771523e-02,2.429079e-02,7.927914e-03,3.711694e-01,8.609545e-04,6.126937e-03,1.120177e-01,2.610947e-01,4.424023e-03,2.091399e-03,1.725536e-03,5.822347e-02,2.929542e-02
6.367742e-02,8.700882e-03,1.241717e-02,1.702207e-02,5.621281e-03,2.622338e-01,6.282893e-04,4.327315e-03,2.994621e-01,2.520118e-01,4.840511e-03,1.522193e-03,2.665419e-03,4.288533e-02,2.198448e-02
4.537729e-02,6.224198e-03,8.733409e-03,1.193028e-02,4.181562e-03,1.870822e-01,5.472194e-04,3.083586e-03,2.725242e-01,3.869779e-01,4.851555e-03,1.403783e-03,2.649833e-03,4.203769e-02,2.239529e-02
3.221909e-02,4.479751e-03,6.146482e-03,8.364337e-03,3.080871e-03,1.320326e-01,4.216886e-04,2.190225e-03,3.015903e-01,4.397800e-01,4.325841e-03,1.166516e-03,2.831609e-03,3.447234e-02,2.689838e-02
2.325109e-02,3.782704e-03,4.626845e-03,6.165722e-03,2.746178e-03,9.305423e-02,5.640063e-04,2.019342e-03,3.446629e-01,4.247294e-01,7.332341e-03,3.492003e-03,4.160664e-03,3.959186e-02,3.982073e-02
1.691979e-02,3.490246e-03,3.505980e-03,4.419153e-03,2.552994e-03,6.539080e-02,4.766486e-04,1.479715e-03,3.054874e-01,3.609980e-01,1.594866e-02,4.019063e-03,1.134539e-02,6.035479e-02,1.436114e-01
1.216179e-02,3.875919e-03,3.253642e-03,3.294549e-03,2.731201e-03,4.622529e-02,4.089389e-04,1.128507e-03,2.753680e-01,2.764382e-01,4.915867e-02,4.306762e-03,2.536637e-02,1.045732e-01,1.917089e-01
8.643673e-03,3.867394e-03,3.381143e-03,2.364801e-03,2.146677e-03,3.245021e-02,3.060882e-04,8.035723e-04,2.798035e-01,1.961429e-01,3.912039e-02,3.632354e-03,1.970186e-02,2.427506e-01,1.648849e-01
6.111710e-03,4.771148e-03,3.089652e-03,1.702403e-03,1.620766e-03,2.276595e-02,2.255547e-04,5.676875e-04,2.653942e-01,1.395290e-01,3.031324e-02,2.706260e-03,1.457747e-02,3.331708e-01,1.734542e-01
4.943307e-03,4.551633e-03,5.094977e-03,1.269349e-03,1.549684e-03,1.607805e-02,1.707022e-04,4.321244e-04,3.805422e-01,1.011073e-01,2.337988e-02,2.017229e-03,1.057671e-02,3.000136e-01,1.482732e-01
4.372898e-03,4.745256e-03,4.757202e-03,9.654107e-04,1.698798e-03,1.147445e-02,1.316381e-04,3.576346e-04,5.052962e-01,7.294063e-02,1.869653e-02,1.439399e-03,7.490549e-03,2.476454e-01,1.179880e-01
7.550676e-03,4.126180e-03,5.362794e-03,9.204127e-04,4.914233e-03,9.524840e-03,1.119262e-04,9.501189e-04,5.902183e-01,5.198528e-02,1.503963e-02,1.032058e-03,5.309543e-03,2.169404e-01,8.601353e-02
7.590778e-03,4.107663e-03,5.442458e-03,9.073856e-04,4.622967e-03,7.062227e-03,8.521768e-05,8.377912e-04,6.257421e-01,3.859068e-02,1.179343e-02,7.393372e-04,3.872072e-03,2.154080e-01,7.319796e-02
6.294122e-03,6.562334e-03,6.161432e-03,9.287675e-04,4.044434e-03,5.639865e-03,6.467947e-05,7.760596e-04,6.716918e-01,2.957064e-02,9.039775e-03,5.361183e-04,2.936200e-03,1.947072e-01,6.104667e-02
1.159657e-02,6.995134e-03,3.402593e-02,6.879126e-03,1.668908e-02,5.379084e-03,2.718108e-04,3.454797e-03,6.798644e-01,2.242109e-02,8.916873e-03,4.511107e-04,2.357787e-03,1.536129e-01,4.708423e-02
1.455696e-02,5.426500e-03,2.474541e-02,6.339772e-03,2.076750e-02,4.179425e-03,2.003783e-04,3.225740e-03,7.231440e-01,1.726241e-02,8.586215e-03,4.298416e-04,1.965478e-03,1.215915e-01,4.757895e-02
2.771527e-02,7.939735e-03,2.580103e-02,3.050580e-02,5.573978e-02,4.852493e-03,2.742733e-04,9.759177e-03,6.625089e-01,1.340872e-02,1.075001e-02,5.906078e-04,2.233067e-03,1.057161e-01,4.220507e-02
2.395314e-02,8.019285e-03,2.004184e-02,2.215629e-02,4.178503e-02,4.296189e-03,2.502672e-04,6.917275e-03,6.517191e-01,1.141715e-02,9.672018e-03,5.978100e-04,2.582641e-03,8.785941e-02,1.087326e-01
2.764523e-02,7.525056e-03,1.536527e-02,1.822420e-02,3.709042e-02,6.392534e-03,2.794875e-04,5.806388e-03,5.975433e-01,1.026594e-02,1.241406e-02,6.347448e-04,3.880883e-03,1.193922e-01,1.375403e-01
3.277651e-02,1.140829e-02,1.571839e-02,4.658547e-02,3.794403e-02,5.656189e-03,2.414053e-04,5.294525e-03,6.049870e-01,9.405922e-03,1.221607e-02,5.913252e-04,3.198564e-03,9.896315e-02,1.150132e-01
4.246740e-02,1.113709e-02,1.319930e-02,3.587661e-02,2.903015e-02,4.835029e-03,1.895626e-04,4.537570e-03,5.774035e-01,1.513247e-02,1.065547e-02,5.748995e-04,2.683013e-03,1.103329e-01,1.419451e-01
7.129421e-02,1.218801e-02,2.045196e-02,4.016955e-02,3.408180e-02,4.370840e-03,2.499530e-04,1.365926e-02,4.998812e-01,1.209358e-02,9.331770e-03,6.748765e-04,2.385895e-03,1.412458e-01,1.379212e-01
8.321698e-02,1.274723e-02,6.501780e-02,5.236006e-02,3.654201e-02,3.703504e-03,3.444573e-04,1.802307e-02,4.635490e-01,1.148042e-02,1.141980e-02,8.811483e-04,2.866105e-03,1.274209e-01,1.104276e-01
1.255625e-01,1.069997e-02,5.196790e-02,4.045403e-02,2.994392e-02,4.296160e-03,7.937922e-04,1.807090e-02,4.369760e-01,1.260091e-02,1.039709e-02,9.250713e-04,3.134169e-03,1.341060e-01,1.200715e-01
1.600501e-01,1.193118e-02,6.497338e-02,3.070479e-02,3.091542e-02,4.434307e-03,7.364752e-04,3.175651e-02,3.860566e-01,2.266501e-02,8.788430e-03,7.689146e-04,2.852264e-03,1.297125e-01,1.136541e-01
2.020402e-01,1.520170e-02,7.451535e-02,2.541410e-02,4.249969e-02,4.956946e-03,7.137257e-04,4.317594e-02,3.309345e-01,2.721165e-02,8.878365e-03,6.732846e-04,2.737897e-03,1.167853e-01,1.042614e-01
2.162527e-01,1.284058e-02,6.223859e-02,2.070212e-02,3.603521e-02,5.027480e-03,7.548479e-04,7.398453e-02,3.311383e-01,3.251860e-02,7.985667e-03,6.215790e-04,2.396992e-03,1.016603e-01,9.584257e-02
1.900589e-01,1.213765e-02,8.976141e-02,3.467752e-02,3.245959e-02,3.887618e-03,6.910451e-04,7.866183e-02,3.471962e-01,4.141858e-02,7.046825e-03,6.470478e-04,1.992309e-03,7.327358e-02,8.608996e-02
1.729741e-01,9.870961e-03,9.350748e-02,2.758521e-02,3.216899e-02,3.159296e-03,7.023426e-04,9.998740e-02,3.602442e-01,5.190824e-02,6.114861e-03,5.543916e-04,1.581044e-03,5.592410e-02,8.371746e-02
1.717252e-01,2.339974e-02,9.136032e-02,2.345790e-02,1.107957e-01,1.298678e-02,8.701003e-04,8.871367e-02,2.971942e-01,4.587108e-02,5.673043e-03,4.911009e-04,1.590868e-03,4.969793e-02,7.617233e-02
1.603527e-01,3.208546e-02,7.195287e-02,1.876977e-02,1.895173e-01,4.424471e-02,9.970313e-04,6.945120e-02,2.348312e-01,3.730360e-02,4.866577e-03,3.928439e-04,2.055383e-03,6.126348e-02,7.191578e-02
1.672138e-01,5.105732e-02,5.419942e-02,2.077736e-02,2.515094e-01,4.855804e-02,1.199572e-03,5.770016e-02,1.947594e-01,3.233113e-02,4.515223e-03,4.437737e-04,2.208911e-03,5.081275e-02,6.271376e-02
1.345784e-01,6.431471e-02,6.441178e-02,1.557603e-01,2.229901e-01,3.600315e-02,1.144259e-03,5.329081e-02,1.468401e-01,2.532356e-02,3.778630e-03,7.419653e-04,1.696589e-03,3.634201e-02,5.278357e-02
1.391365e-01,6.874725e-02,9.140693e-02,1.731364e-01,2.144095e-01,2.774927e-02,9.747575e-04,4.877961e-02,1.293465e-01,2.148324e-02,4.011870e-03,1.020823e-03,1.418165e-03,2.795514e-02,5.042406e-02
1.898309e-01,5.805802e-02,1.755850e-01,1.238243e-01,1.859771e-01,2.180821e-02,8.252869e-04,3.772110e-02,1.036627e-01,1.802403e-02,3.422286e-03,1.275265e-03,1.402699e-03,2.309849e-02,5.548473e-02
2.117611e-01,4.997712e-02,2.557369e-01,8.948285e-02,1.742341e-01,1.743330e-02,6.876686e-04,2.873470e-02,8.145465e-02,1.462085e-02,2.712222e-03,1.224325e-03,1.185391e-03,1.798890e-02,5.276591e-02
2.594885e-01,6.964722e-02,2.529165e-01,7.464911e-02,1.615607e-01,1.504390e-02,6.426359e-04,2.375662e-02,6.511647e-02,1.118519e-02,2.561383e-03,1.848305e-03,1.293148e-03,1.448009e-02,4.581030e-02
3.588310e-01,7.358444e-02,1.992787e-01,7.400925e-02,1.246574e-01,1.421007e-02,1.679045e-03,2.325312e-02,4.884959e-02,9.277169e-03,3.212947e-03,4.769364e-03,2.653874e-03,1.231712e-02,4.941703e-02
4.243411e-01,7.023700e-02,2.007305e-01,6.332486e-02,9.722368e-02,1.203766e-02,2.274963e-03,2.150477e-02,3.590777e-02,7.348337e-03,2.941775e-03,4.964075e-03,3.129130e-03,1.000154e-02,4.403284e-02
1.000000e+00,0.000000e+00,0.000000e+00,0.000000e+00,0.000000e+00,0.000000e+00,0.000000e+00,0.000000e+00,0.000000e+00,0.000000e+00,0.000000e+00,0.000000e+00,0.000000e+00,0.000000e+00,0.000000e+00
1.000000e+00,0.000000e+00,0.000000e+00,0.000000e+00,0.000000e+00,0.000000e+00,0.000000e+00,0.000000e+00,0.000000e+00,0.000000e+00,0.000000e+00,0.000000e+00,0.000000e+00,0.000000e+00,0.000000e+00
1.000000e+00,0.000000e+00,0.000000e+00,0.000000e+00,0.000000e+00,0.000000e+00,0.000000e+00,0.000000e+00,0.000000e+00,0.000000e+00,0.000000e+00,0.000000e+00,0.000000e+00,0.000000e+00,0.000000e+00
1.000000e+00,0.000000e+00,0.000000e+00,0.000000e+00,0.000000e+00,0.000000e+00,0.000000e+00,0.000000e+00,0.000000e+00,0.000000e+00,0.000000e+00,0.000000e+00,0.000000e+00,0.000000e+00,0.000000e+00
1.000000e+00,0.000000e+00,0.000000e+00,0.000000e+00,0.000000e+00,0.000000e+00,0.000000e+00,0.000000e+00,0.000000e+00,0.000000e+00,0.000000e+00,0.000000e+00,0.000000e+00,0.000000e+00,0.000000e+00
1.000000e+00,0.000000e+00,0.000000e+00,0.000000e+00,0.000000e+00,0.000000e+00,0.000000e+00,0.000000e+00,0.000000e+00,0.000000e+00,0.000000e+00,0.000000e+00,0.000000e+00,0.000000e+00,0.000000e+00
1.000000e+00,0.000000e+00,0.000000e+00,0.000000e+00,0.000000e+00,0.000000e+00,0.000000e+00,0.000000e+00,0.000000e+00,0.000000e+00,0.000000e+00,0.000000e+00,0.000000e+00,0.000000e+00,0.000000e+00
4.868461e-01,4.103214e-02,5.614446e-02,2.754549e-02,1.495707e-01,7.119352e-02,5.945821e-03,4.413432e-02,5.492356e-03,3.890054e-02,2.397898e-02,1.549968e-02,6.670897e-03,7.727012e-03,1.931798e-02
4.008817e-01,3.350844e-02,1.020963e-01,2.503412e-02,1.235383e-01,8.221869e-02,5.582771e-03,1.075143e-01,4.669202e-03,6.102765e-02,1.747331e-02,1.115903e-02,5.097224e-03,5.895943e-03,1.430308e-02
3.676162e-01,2.869840e-02,1.031917e-01,2.210635e-02,1.154573e-01,9.212372e-02,5.263228e-03,9.225219e-02,3.963359e-03,1.293145e-01,1.273230e-02,8.045514e-03,3.818079e-03,4.639777e-03,1.077745e-02
3.995638e-01,2.814022e-02,9.110321e-02,1.782517e-02,9.293201e-02,9.773297e-02,4.578888e-03,7.020595e-02,4.551934e-03,1.563407e-01,9.794758e-03,6.474291e-03,3.181970e-03,4.229643e-03,1.334446e-02
4.604848e-01,2.362856e-02,7.731132e-02,1.517654e-02,7.090735e-02,9.625949e-02,4.085654e-03,5.634017e-02,4.434872e-03,1.557356e-01,8.026835e-03,6.199841e-03,2.906042e-03,3.878900e-03,1.462396e-02
