1.000000e+00,0.000000e+00,0.000000e+00,0.000000e+00,0.000000e+00,0.000000e+00,0.000000e+00,0.000000e+00,0.000000e+00,0.000000e+00,0.000000e+00,0.000000e+00,0.000000e+00,0.000000e+00,0.000000e+00
1.000000e+00,0.000000e+00,0.000000e+00,0.000000e+00,0.000000e+00,0.000000e+00,0.000000e+00,0.000000e+00,0.000000e+00,0.000000e+00,0.000000e+00,0.000000e+00,0.000000e+00,0.000000e+00,0.000000e+00
1.000000e+00,0.000000e+00,0.000000e+00,0.000000e+00,0.000000e+00,0.000000e+00,0.000000e+00,0.000000e+00,0.000000e+00,0.000000e+00,0.000000e+00,0.000000e+00,0.000000e+00,0.000000e+00,0.000000e+00
1.000000e+00,0.000000e+00,0.000000e+00,0.000000e+00,0.000000e+00,0.000000e+00,0.000000e+00,0.000000e+00,0.000000e+00,0.000000e+00,0.000000e+00,0.000000e+00,0.000000e+00,0.000000e+00,0.000000e+00
1.000000e+00,0.000000e+00,0.000000e+00,0.000000e+00,0.000000e+00,0.000000e+00,0.000000e+00,0.000000e+00,0.000000e+00,0.000000e+00,0.000000e+00,0.000000e+00,0.000000e+00,0.000000e+00,0.000000e+00
1.000000e+00,0.000000e+00,0.000000e+00,0.000000e+00,0.000000e+00,0.000000e+00,0.000000e+00,0.000000e+00,0.000000e+00,0.000000e+00,0.000000e+00,0.000000e+00,0.000000e+00,0.000000e+00,0.000000e+00
1.000000e+00,0.000000e+00,0.000000e+00,0.000000e+00,0.000000e+00,0.000000e+00,0.000000e+00,0.000000e+00,0.000000e+00,0.000000e+00,0.000000e+00,0.000000e+00,0.000000e+00,0.000000e+00,0.000000e+00
1.000000e+00,0.000000e+00,0.000000e+00,0.000000e+00,0.000000e+00,0.000000e+00,0.000000e+00,0.000000e+00,0.000000e+00,0.000000e+00,0.000000e+00,0.000000e+00,0.000000e+00,0.000000e+00,0.000000e+00
1.000000e+00,0.000000e+00,0.000000e+00,0.000000e+00,0.000000e+00,0.000000e+00,0.000000e+00,0.000000e+00,0.000000e+00,0.000000e+00,0.000000e+00,0.000000e+00,0.000000e+00,0.000000e+00,0.000000e+00
1.000000e+00,0.000000e+00,0.000000e+00,0.000000e+00,0.000000e+00,0.000000e+00,0.000000e+00,0.000000e+00,0.000000e+00,0.000000e+00,0.000000e+00,0.000000e+00,0.000000e+00,0.000000e+00,0.000000e+00
1.000000e+00,0.000000e+00,0.000000e+00,0.000000e+00,0.000000e+00,0.000000e+00,0.000000e+00,0.000000e+00,0.000000e+00,0.000000e+00,0.000000e+00,0.000000e+00,0.000000e+00,0.000000e+00,0.000000e+00
1.000000e+00,0.000000e+00,0.000000e+00,0.000000e+00,0.000000e+00,0.000000e+00,0.000000e+00,0.000000e+00,0.000000e+00,0.000000e+00,0.000000e+00,0.000000e+00,0.000000e+00,0.000000e+00,0.000000e+00
1.000000e+00,0.000000e+00,0.000000e+00,0.000000e+00,0.000000e+00,0.000000e+00,0.000000e+00,0.000000e+00,0.000000e+00,0.000000e+00,0.000000e+00,0.000000e+00,0.000000e+00,0.000000e+00,0.000000e+00
1.000000e+00,0.000000e+00,0.000000e+00,0.000000e+00,0.000000e+00,0.000000e+00,0.000000e+00,0.000000e+00,0.000000e+00,0.000000e+00,0.000000e+00,0.000000e+00,0.000000e+00,0.000000e+00,0.000000e+00
1.000000e+00,0.000000e+00,0.000000e+00,0.000000e+00,0.000000e+00,0.000000e+00,0.000000e+00,0.000000e+00,0.000000e+00,0.000000e+00,0.000000e+00,0.000000e+00,0.000000e+00,0.000000e+00,0.000000e+00
1.000000e+00,0.000000e+00,0.000000e+00,0.000000e+00,0.000000e+00,0.000000e+00,0.000000e+00,0.000000e+00,0.000000e+00,0.000000e+00,0.000000e+00,0.000000e+00,0.000000e+00,0.000000e+00,0.000000e+00
1.000000e+00,0.000000e+00,0.000000e+00,0.000000e+00,0.000000e+00,0.000000e+00,0.000000e+00,0.000000e+00,0.000000e+00,0.000000e+00,0.000000e+00,0.000000e+00,0.000000e+00,0.000000e+00,0.000000e+00
1.000000e+00,0.000000e+00,0.000000e+00,0.000000e+00,0.000000e+00,0.000000e+00,0.000000e+00,0.000000e+00,0.000000e+00,0.000000e+00,0.000000e+00,0.000000e+00,0.000000e+00,0.000000e+00,0.000000e+00
1.000000e+00,0.000000e+00,0.000000e+00,0.000000e+00,0.000000e+00,0.000000e+00,0.000000e+00,0.000000e+00,0.000000e+00,0.000000e+00,0.000000e+00,0.000000e+00,0.000000e+00,0.000000e+00,0.000000e+00
1.000000e+00,0.000000e+00,0.000000e+00,0.000000e+00,0.000000e+00,0.000000e+00,0.000000e+00,0.000000e+00,0.000000e+00,0.000000e+00,0.000000e+00,0.000000e+00,0.000000e+00,0.000000e+00,0.000000e+00
1.000000e+00,0.000000e+00,0.000000e+00,0.000000e+00,0.000000e+00,0.000000e+00,0.000000e+00,0.000000e+00,0.000000e+00,0.000000e+00,0.000000e+00,0.000000e+00,0.000000e+00,0.000000e+00,0.000000e+00
1.000000e+00,0.000000e+00,0.000000e+00,0.000000e+00,0.000000e+00,0.000000e+00,0.000000e+00,0.000000e+00,0.000000e+00,0.000000e+00,0.000000e+00,0.000000e+00,0.000000e+00,0.000000e+00,0.000000e+00
1.000000e+00,0.000000e+00,0.000000e+00,0.000000e+00,0.000000e+00,0.000000e+00,0.000000e+00,0.000000e+00,0.000000e+00,0.000000e+00,0.000000e+00,0.000000e+00,0.000000e+00,0.000000e+00,0.000000e+00
1.000000e+00,0.000000e+00,0.000000e+00,0.000000e+00,0.000000e+00,0.000000e+00,0.000000e+00,0.000000e+00,0.000000e+00,0.000000e+00,0.000000e+00,0.000000e+00,0.000000e+00,0.000000e+00,0.000000e+00
1.000000e+00,0.000000e+00,0.000000e+00,0.000000e+00,0.000000e+00,0.000000e+00,0.000000e+00,0.000000e+00,0.000000e+00,0.000000e+00,0.000000e+00,0.000000e+00,0.000000e+00,0.000000e+00,0.000000e+00
1.000000e+00,0.000000e+00,0.000000e+00,0.000000e+00,0.000000e+00,0.000000e+00,0.000000e+00,0.000000e+00,0.000000e+00,0.000000e+00,0.000000e+00,0.000000e+00,0.000000e+00,0.000000e+00,0.000000e+00
1.000000e+00,0.000000e+00,0.000000e+00,0.000000e+00,0.000000e+00,0.000000e+00,0.000000e+00,0.000000e+00,0.000000e+00,0.000000e+00,0.000000e+00,0.000000e+00,0.000000e+00,0.000000e+00,0.000000e+00
1.000000e+00,0.000000e+00,0.000000e+00,0.000000e+00,0.000000e+00,0.000000e+00,0.000000e+00,0.000000e+00,0.000000e+00,0.000000e+00,0.000000e+00,0.000000e+00,0.000000e+00,0.000000e+00,0.000000e+00
1.000000e+00,0.000000e+00,0.000000e+00,0.000000e+00,0.000000e+00,0.000000e+00,0.000000e+00,0.000000e+00,0.000000e+00,0.000000e+00,0.000000e+00,0.000000e+00,0.000000e+00,0.000000e+00,0.000000e+00
1.000000e+00,0.000000e+00,0.000000e+00,0.000000e+00,0.000000e+00,0.000000e+00,0.000000e+00,0.000000e+00,0.000000e+00,0.000000e+00,0.000000e+00,0.000000e+00,0.000000e+00,0.000000e+00,0.000000e+00
1.000000e+00,0.000000e+00,0.000000e+00,0.000000e+00,0.000000e+00,0.000000e+00,0.000000e+00,0.000000e+00,0.000000e+00,0.000000e+00,0.000000e+00,0.000000e+00,0.000000e+00,0.000000e+00,0.000000e+00
1.000000e+00,0.000000e+00,0.000000e+00,0.000000e+00,0.000000e+00,0.000000e+00,0.000000e+00,0.000000e+00,0.000000e+00,0.000000e+00,0.000000e+00,0.000000e+00,0.000000e+00,0.000000e+00,0.000000e+00
1.000000e+00,0.000000e+00,0.000000e+00,0.000000e+00,0.000000e+00,0.000000e+00,0.000000e+00,0.000000e+00,0.000000e+00,0.000000e+00,0.000000e+00,0.000000e+00,0.000000e+00,0.000000e+00,0.000000e+00
1.000000e+00,0.000000e+00,0.000000e+00,0.000000e+00,0.000000e+00,0.000000e+00,0.000000e+00,0.000000e+00,0.000000e+00,0.000000e+00,0.000000e+00,0.000000e+00,0.000000e+00,0.000000e+00,0.000000e+00
1.000000e+00,0.000000e+00,0.000000e+00,0.000000e+00,0.000000e+00,0.000000e+00,0.000000e+00,0.000000e+00,0.000000e+00,0.000000e+00,0.000000e+00,0.000000e+00,0.000000e+00,0.000000e+00,0.000000e+00
1.000000e+00,0.000000e+00,0.000000e+00,0.000000e+00,0.000000e+00,0.000000e+00,0.000000e+00,0.000000e+00,0.000000e+00,0.000000e+00,0.000000e+00,0.000000e+00,0.000000e+00,0.000000e+00,0.000000e+00
1.000000e+00,0.000000e+00,0.000000e+00,0.000000e+00,0.000000e+00,0.000000e+00,0.000000e+00,0.000000e+00,0.000000e+00,0.000000e+00,0.000000e+00,0.000000e+00,0.000000e+00,0.000000e+00,0.000000e+00
1.000000e+00,0.000000e+00,0.000000e+00,0.000000e+00,0.000000e+00,0.000000e+00,0.000000e+00,0.000000e+00,0.000000e+00,0.000000e+00,0.000000e+00,0.000000e+00,0.000000e+00,0.000000e+00,0.000000e+00
1.000000e+00,0.000000e+00,0.000000e+00,0.000000e+00,0.000000e+00,0.000000e+00,0.000000e+00,0.000000e+00,0.000000e+00,0.000000e+00,0.000000e+00,0.000000e+00,0.000000e+00,0.000000e+00,0.000000e+00
1.000000e+00,0.000000e+00,0.000000e+00,0.000000e+00,0.000000e+00,0.000000e+00,0.000000e+00,0.000000e+00,0.000000e+00,0.000000e+00,0.000000e+00,0.000000e+00,0.000000e+00,0.000000e+00,0.000000e+00
1.000000e+00,0.000000e+00,0.000000e+00,0.000000e+00,0.000000e+00,0.000000e+00,0.000000e+00,0.000000e+00,0.000000e+00,0.000000e+00,0.000000e+00,0.000000e+00,0.000000e+00,0.000000e+00,0.000000e+00
1.000000e+00,0.000000e+00,0.000000e+00,0.000000e+00,0.000000e+00,0.000000e+00,0.000000e+00,0.000000e+00,0.000000e+00,0.000000e+00,0.000000e+00,0.000000e+00,0.000000e+00,0.000000e+00,0.000000e+00
1.000000e+00,0.000000e+00,0.000000e+00,0.000000e+00,0.000000e+00,0.000000e+00,0.000000e+00,0.000000e+00,0.000000e+00,0.000000e+00,0.000000e+00,0.000000e+00,0.000000e+00,0.000000e+00,0.000000e+00
1.000000e+00,0.000000e+00,0.000000e+00,0.000000e+00,0.000000e+00,0.000000e+00,0.000000e+00,0.000000e+00,0.000000e+00,0.000000e+00,0.000000e+00,0.000000e+00,0.000000e+00,0.000000e+00,0.000000e+00
1.000000e+00,0.000000e+00,0.000000e+00,0.000000e+00,0.000000e+00,0.000000e+00,0.000000e+00,0.000000e+00,0.000000e+00,0.000000e+00,0.000000e+00,0.000000e+00,0.000000e+00,0.000000e+00,0.000000e+00
1.000000e+00,0.000000e+00,0.000000e+00,0.000000e+00,0.000000e+00,0.000000e+00,0.000000e+00,0.000000e+00,0.000000e+00,0.000000e+00,0.000000e+00,0.000000e+00,0.000000e+00,0.000000e+00,0.000000e+00
4.642024e-01,1.183497e-02,2.112649e-01,6.811649e-02,7.157898e-03,1.893896e-02,7.854953e-03,1.618418e-01,4.226408e-03,9.262736e-04,5.087072e-03,1.220208e-02,1.400443e-02,1.537499e-03,1.080387e-02
3.595258e-01,8.499595e-03,3.028080e-01,6.993454e-02,5.718178e-03,1.571709e-02,7.933674e-03,1.935546e-01,3.042234e-03,6.990327e-04,3.818332e-03,9.148719e-03,1.070187e-02,1.134070e-03,7.764254e-03
2.862981e-01,6.145715e-03,3.906008e-01,7.271726e-02,4.413432e-03,1.283877e-02,6.478495e-03,1.932324e-01,2.212485e-03,5.409841e-04,2.957498e-03,6.892460e-03,8.139411e-03,8.524927e-04,5.679753e-03
2.212899e-01,4.543099e-03,3.599035e-01,6.386917e-02,4.199689e-03,1.097611e-02,5.904689e-03,3.074768e-01,1.971715e-03,5.429378e-04,2.767897e-03,4.987144e-03,6.421683e-03,7.542311e-04,4.391373e-03
1.984246e-01,3.898157e-03,3.100731e-01,5.513994e-02,7.065927e-03,1.175226e-02,5.925237e-03,3.782344e-01,3.899362e-03,3.012375e-03,4.574932e-03,4.421584e-03,6.537125e-03,9.018229e-04,6.139180e-03
1.648082e-01,5.776199e-03,2.411033e-01,4.391611e-02,7.867163e-03,2.547217e-02,5.594052e-03,3.862262e-01,1.152828e-02,8.967985e-03,2.131545e-02,6.967512e-03,4.490203e-02,3.769312e-03,2.178608e-02
1.515815e-01,8.289421e-03,1.715870e-01,3.468495e-02,6.182444e-03,1.900787e-02,4.057723e-03,2.813476e-01,1.557736e-01,2.773460e-02,2.060151e-02,5.373927e-03,3.883006e-02,5.264513e-03,6.968334e-02
1.225459e-01,1.913391e-02,1.207166e-01,2.861100e-02,4.577897e-03,1.542437e-02,2.931932e-03,2.004214e-01,2.830614e-01,3.769687e-02,1.983430e-02,4.595162e-03,4.085381e-02,6.505246e-03,9.309028e-02
8.871306e-02,2.805224e-02,8.625762e-02,3.180829e-02,3.489096e-03,1.109957e-02,2.091563e-03,1.408259e-01,3.934346e-01,5.604070e-02,1.610633e-02,3.848218e-03,3.273477e-02,5.430021e-03,1.000679e-01
7.030261e-02,2.831027e-02,7.450946e-02,7.296076e-02,3.331799e-03,9.171430e-03,1.558263e-03,1.002306e-01,4.166891e-01,5.534034e-02,1.243237e-02,3.505351e-03,2.543766e-02,4.820547e-03,1.213995e-01
7.893255e-02,2.982353e-02,1.280039e-01,1.015873e-01,4.736066e-03,1.077935e-02,1.430331e-03,7.189586e-02,3.383013e-01,5.770494e-02,1.008223e-02,3.528714e-03,2.012401e-02,4.707371e-03,1.383626e-01
5.720076e-02,2.933834e-02,1.992078e-01,1.257570e-01,4.017285e-03,8.707241e-03,1.203265e-03,5.062905e-02,2.840933e-01,7.952936e-02,7.910462e-03,2.925731e-03,1.498480e-02,3.878884e-03,1.306168e-01
4.342913e-02,3.060219e-02,1.625506e-01,1.117175e-01,4.224834e-03,8.229956e-03,1.484325e-03,3.562896e-02,2.520995e-01,9.292489e-02,7.062098e-03,2.765682e-03,1.422065e-02,3.926721e-03,2.291330e-01
5.245857e-02,6.401715e-02,1.210141e-01,9.045769e-02,4.902195e-03,8.726976e-03,1.374498e-03,2.516811e-02,2.348052e-01,7.466914e-02,6.760022e-03,2.826407e-03,1.492840e-02,6.924331e-03,2.909672e-01
4.118239e-02,1.151660e-01,1.272325e-01,1.601643e-01,3.577935e-03,6.973750e-03,9.779910e-04,1.766372e-02,2.214981e-01,5.328987e-02,6.098243e-03,3.135447e-03,1.264633e-02,5.111594e-03,2.252818e-01
9.543139e-02,1.055697e-01,1.226016e-01,1.730253e-01,3.226171e-03,7.811603e-03,9.243704e-04,1.309874e-02,1.887417e-01,4.028144e-02,1.420730e-02,6.514023e-03,2.054501e-02,7.355258e-03,2.006664e-01
7.931601e-02,1.098391e-01,1.331593e-01,1.780237e-01,3.010298e-03,6.552431e-03,7.120055e-04,9.482613e-03,1.935234e-01,4.238968e-02,1.839431e-02,8.233771e-03,1.877660e-02,1.489522e-02,1.836917e-01
5.773094e-02,1.145655e-01,1.071960e-01,1.380012e-01,2.977534e-03,4.987516e-03,5.331482e-04,6.759128e-03,1.860349e-01,4.974831e-02,1.875989e-02,7.068427e-03,1.528003e-02,2.296925e-02,2.673882e-01
4.634877e-02,1.404638e-01,8.428194e-02,1.075209e-01,9.371975e-03,4.950362e-03,7.490264e-04,5.071162e-03,2.144652e-01,4.159842e-02,2.619392e-02,5.601903e-03,1.395389e-02,2.414274e-02,2.752859e-01
3.907065e-02,1.127703e-01,8.480509e-02,1.725419e-01,1.380398e-02,4.575212e-03,9.021524e-04,7.504744e-03,2.229699e-01,4.975015e-02,2.309338e-02,4.829131e-03,1.118951e-02,1.932573e-02,2.328681e-01
3.173836e-02,1.011546e-01,8.998890e-02,1.851793e-01,1.415598e-02,4.205543e-03,8.805870e-04,8.195877e-03,2.133212e-01,9.595278e-02,2.568348e-02,4.559506e-03,9.397148e-03,2.047951e-02,1.951071e-01
4.300923e-02,1.537639e-01,7.735472e-02,1.389522e-01,2.199521e-02,6.057762e-03,9.838637e-04,6.969561e-03,2.350514e-01,8.003213e-02,2.548582e-02,4.067945e-03,9.343696e-03,1.827021e-02,1.786624e-01
4.783758e-02,1.454071e-01,7.484917e-02,1.262285e-01,2.205615e-02,6.597950e-03,1.161438e-03,6.570710e-03,2.151420e-01,8.020736e-02,1.986581e-02,4.016569e-03,8.158837e-03,1.801791e-02,2.238830e-01
7.890216e-02,1.099266e-01,1.373408e-01,1.213574e-01,2.173670e-02,6.071233e-03,1.431484e-03,1.207594e-02,1.868006e-01,8.243319e-02,1.969228e-02,5.358139e-03,9.452141e-03,1.597131e-02,1.914500e-01
1.196951e-01,9.053351e-02,1.187947e-01,1.082470e-01,3.863379e-02,8.136437e-03,1.770518e-03,1.362379e-02,2.202847e-01,6.518476e-02,3.345843e-02,8.299105e-03,1.415914e-02,1.303132e-02,1.461478e-01
1.488032e-01,7.471363e-02,8.984788e-02,8.923693e-02,3.549876e-02,7.545851e-03,1.653341e-03,1.157648e-02,2.326638e-01,5.994911e-02,3.809074e-02,8.069326e-03,2.059804e-02,1.352205e-02,1.682310e-01
2.154631e-01,6.021616e-02,7.107333e-02,1.383832e-01,3.539805e-02,1.221793e-02,1.977601e-03,1.264041e-02,2.006412e-01,4.553464e-02,3.133259e-02,7.992366e-03,1.681903e-02,1.040980e-02,1.399006e-01
1.948927e-01,5.161748e-02,8.317000e-02,2.350299e-01,3.027733e-02,1.275041e-02,1.908174e-03,1.532728e-02,1.721174e-01,3.771642e-02,2.401977e-02,6.345305e-03,1.316965e-02,8.004600e-03,1.136537e-01
2.009247e-01,4.153987e-02,1.666358e-01,2.051571e-01,2.778286e-02,1.142569e-02,1.732419e-03,5.234240e-02,1.320984e-01,3.120076e-02,1.849322e-02,5.029079e-03,1.011103e-02,6.371804e-03,8.915491e-02
1.863791e-01,4.203763e-02,2.478175e-01,2.030620e-01,2.610962e-02,1.823204e-02,2.430423e-03,4.668325e-02,9.913596e-02,2.352024e-02,1.869916e-02,4.376081e-03,7.966153e-03,5.336009e-03,6.821475e-02
2.004374e-01,6.008004e-02,2.681395e-01,1.652929e-01,2.946585e-02,2.786108e-02,2.701761e-03,5.776012e-02,8.011466e-02,1.914993e-02,1.636494e-02,3.852136e-03,6.986400e-03,4.885748e-03,5.690751e-02
1.731035e-01,7.122413e-02,2.704747e-01,2.469459e-01,2.370642e-02,2.138140e-02,2.050025e-03,4.312225e-02,5.929554e-02,1.545368e-02,1.461346e-02,4.226769e-03,5.749289e-03,3.630721e-03,4.502231e-02
2.913658e-01,6.665400e-02,2.363781e-01,1.983962e-01,2.251830e-02,1.851311e-02,1.867247e-03,3.493560e-02,4.488947e-02,1.582813e-02,1.865598e-02,5.229052e-03,7.179938e-03,2.972439e-03,3.461659e-02
2.824678e-01,1.017946e-01,1.823120e-01,2.066853e-01,2.736565e-02,1.922941e-02,1.754361e-03,3.971065e-02,4.176921e-02,1.393066e-02,3.031248e-02,8.849846e-03,1.369355e-02,2.517460e-03,2.760698e-02
2.287787e-01,7.718222e-02,1.313836e-01,1.573047e-01,2.288711e-02,1.481352e-02,2.894795e-03,2.427219e-01,3.131999e-02,1.380815e-02,3.410036e-02,8.300114e-03,1.201122e-02,1.937627e-03,2.055603e-02
1.674556e-01,5.600884e-02,9.532728e-02,1.134306e-01,1.735774e-02,1.089340e-02,2.982807e-03,4.432280e-01,2.232210e-02,1.153007e-02,2.784668e-02,6.425587e-03,8.995367e-03,1.420086e-03,1.477582e-02
1.197995e-01,4.039970e-02,6.828886e-02,8.087973e-02,1.294154e-02,8.649065e-03,3.177930e-03,5.981084e-01,1.582078e-02,8.507559e-03,2.075945e-02,4.559690e-03,6.392039e-03,1.041205e-03,1.067453e-02
8.861718e-02,2.949614e-02,4.862160e-02,5.715036e-02,9.803928e-03,6.532858e-03,3.504773e-03,7.064497e-01,1.160168e-02,6.360887e-03,1.523239e-02,3.285275e-03,4.575504e-03,8.510265e-04,7.916655e-03
7.076972e-02,3.058938e-02,3.688977e-02,4.277122e-02,8.468351e-03,7.399401e-03,3.928002e-03,7.582324e-01,1.047908e-02,4.849288e-03,1.184169e-02,2.718476e-03,3.753393e-03,7.906184e-04,6.519316e-03
1.724400e-01,2.460306e-02,2.716611e-02,3.325187e-02,7.004607e-03,8.526062e-03,3.482919e-03,6.318047e-01,1.353442e-02,6.688838e-03,2.426834e-02,1.936321e-02,1.371409e-02,3.253251e-03,1.089859e-02
1.396476e-01,2.355728e-02,2.900920e-02,6.808268e-02,5.590400e-03,7.578926e-03,2.727974e-03,4.811763e-01,3.363394e-02,2.071349e-02,4.136140e-02,5.210525e-02,3.585446e-02,6.431211e-03,5.252989e-02
1.233809e-01,2.011142e-02,2.709085e-02,6.645758e-02,5.795950e-03,8.267468e-03,3.028368e-03,3.432198e-01,4.818229e-02,2.095986e-02,5.090477e-02,7.485163e-02,1.402572e-01,1.576640e-02,5.172554e-02
1.238441e-01,1.588397e-02,2.094271e-02,5.513008e-02,6.963062e-03,9.631718e-03,2.456725e-03,2.419581e-01,4.068461e-02,1.901542e-02,1.065943e-01,1.055423e-01,1.949077e-01,1.452939e-02,4.191587e-02
1.292896e-01,1.418983e-02,1.726755e-02,4.705127e-02,9.443912e-03,1.892892e-02,2.834116e-03,1.708742e-01,3.170209e-02,1.418572e-02,7.794993e-02,1.361007e-01,2.802755e-01,1.252266e-02,3.738409e-02
1.146600e-01,1.068209e-02,1.229568e-02,3.477703e-02,9.570153e-03,2.817648e-02,2.562974e-03,1.203920e-01,2.330917e-02,1.043705e-02,5.910893e-02,1.336094e-01,3.995425e-01,1.098986e-02,2.988668e-02
8.592924e-02,7.890847e-03,9.020149e-03,2.494688e-02,8.309371e-03,2.233506e-02,2.025530e-03,8.448821e-02,1.753761e-02,7.736963e-03,4.803458e-02,2.185763e-01,4.272080e-01,8.795451e-03,2.716578e-02
6.622783e-02,6.210018e-03,6.715957e-03,1.830934e-02,6.763885e-03,1.959729e-02,1.822716e-03,5.947300e-02,1.398199e-02,6.453961e-03,3.644006e-02,3.066828e-01,4.232986e-01,6.685976e-03,2.133656e-02
5.362018e-02,5.527536e-03,5.096303e-03,1.318143e-02,5.443758e-03,1.714533e-02,1.854933e-03,4.233125e-02,1.149538e-02,5.465290e-03,2.966355e-02,3.362467e-01,4.520608e-01,5.149081e-03,1.571857e-02
3.954552e-02,4.418013e-03,3.667421e-03,9.267811e-03,4.727668e-03,1.412372e-02,1.484245e-03,2.976425e-02,9.958327e-03,4.004803e-03,2.208062e-02,2.700006e-01,5.719966e-01,3.798821e-03,1.116157e-02
3.040779e-02,3.850442e-03,2.739492e-03,6.538955e-03,4.480201e-03,1.154137e-02,1.440954e-03,2.111155e-02,1.053449e-02,3.132875e-03,1.615517e-02,2.237589e-01,6.534929e-01,2.825909e-03,7.989025e-03
2.524648e-02,3.808579e-03,2.618273e-03,4.788851e-03,5.002285e-03,1.079868e-02,1.440580e-03,1.580105e-02,1.440063e-02,2.762786e-03,1.222093e-02,2.154601e-01,6.777469e-01,2.107293e-03,5.796611e-03
2.201182e-02,8.297473e-03,3.848239e-03,3.474633e-03,7.561820e-03,8.941762e-03,1.961209e-03,1.303912e-02,2.938761e-02,2.320538e-03,9.145467e-03,2.442962e-01,6.397355e-01,1.750564e-03,4.228055e-03
1.771550e-02,7.635084e-03,3.792702e-03,2.565186e-03,8.084689e-03,7.358113e-03,1.794836e-03,1.823956e-02,3.365460e-02,1.775183e-03,7.340962e-03,2.597285e-01,6.255975e-01,1.638639e-03,3.079046e-03
2.503145e-02,8.015311e-03,4.094300e-03,2.456920e-03,1.299126e-02,1.012730e-02,2.977067e-03,1.961067e-02,5.766233e-02,1.515353e-03,1.007246e-02,2.800378e-01,5.600392e-01,2.869395e-03,2.499204e-03
2.246761e-02,7.546490e-03,3.856572e-03,1.957987e-03,2.273954e-02,9.671316e-03,4.384086e-03,1.965173e-02,7.150611e-02,1.288283e-03,8.019371e-03,3.115337e-01,5.114673e-01,2.098624e-03,1.811267e-03
2.332611e-02,6.432040e-03,3.147213e-03,1.812820e-03,2.389724e-02,8.684811e-03,4.297260e-03,1.850678e-02,7.091700e-02,1.068050e-03,7.108038e-03,3.358149e-01,4.920894e-01,1.573699e-03,1.324731e-03
2.391595e-02,5.729694e-03,1.068013e-02,3.196904e-03,2.642758e-02,7.584251e-03,5.436255e-03,1.433286e-01,7.773656e-02,1.231330e-03,8.621892e-03,2.964861e-01,3.869515e-01,1.545879e-03,1.127289e-03
3.015156e-02,9.801770e-03,1.139910e-02,4.667967e-03,2.659683e-02,1.029164e-02,6.432308e-03,1.319345e-01,1.251474e-01,1.448935e-03,8.194723e-03,3.035202e-01,3.274551e-01,1.930771e-03,1.027206e-03
3.801630e-02,2.367457e-02,1.094300e-02,6.489409e-03,2.834211e-02,1.180911e-02,8.977059e-03,1.022004e-01,2.429678e-01,1.894641e-03,7.912362e-03,2.583906e-01,2.554749e-01,1.692254e-03,1.215479e-03
2.797014e-02,2.600949e-02,7.749841e-03,4.744467e-03,2.131055e-02,1.561904e-02,7.658971e-03,7.185312e-02,4.428546e-01,1.393171e-03,5.710736e-03,1.826271e-01,1.822945e-01,1.192370e-03,1.011968e-03
2.191586e-02,2.512346e-02,5.792202e-03,4.350651e-03,2.471262e-02,1.550768e-02,9.774326e-03,5.247321e-02,5.737779e-01,1.130647e-03,4.164410e-03,1.287821e-01,1.307820e-01,8.403854e-04,8.725763e-04
1.609598e-02,2.961724e-02,4.230401e-03,9.615892e-03,2.280581e-02,1.917455e-02,7.641207e-03,3.749530e-02,6.631305e-01,1.050152e-03,3.111682e-03,9.046588e-02,9.382571e-02,5.917673e-04,1.147939e-03
1.286009e-02,2.781537e-02,3.100633e-03,9.636166e-03,5.215688e-02,2.468574e-02,8.572941e-03,2.889222e-02,6.975278e-01,9.002273e-04,2.253817e-03,6.341581e-02,6.659675e-02,4.188479e-04,1.166747e-03
1.418146e-02,2.467322e-02,3.846462e-03,1.637287e-02,1.890596e-01,2.489158e-02,2.057543e-02,4.441807e-02,5.671119e-01,6.812973e-04,1.632124e-03,4.442650e-02,4.686104e-02,3.006480e-04,9.678269e-04
1.317173e-02,2.648490e-02,1.347895e-02,1.948324e-01,1.721699e-01,1.806516e-02,1.572486e-02,3.588352e-02,4.214658e-01,5.617601e-03,4.160222e-03,3.283512e-02,3.522943e-02,2.591657e-04,1.062124e-02
1.369181e-02,4.169791e-02,2.387367e-02,2.147829e-01,1.444189e-01,1.450659e-02,1.213543e-02,2.989047e-02,3.505308e-01,4.766641e-02,9.888039e-03,2.635459e-02,3.223534e-02,2.777073e-04,3.804938e-02
1.612672e-02,6.812883e-02,2.497899e-02,1.903296e-01,1.354337e-01,1.152202e-02,9.276223e-03,2.464628e-02,3.742807e-01,5.021682e-02,1.303887e-02,1.999641e-02,2.779243e-02,2.709199e-04,3.396152e-02
1.951159e-02,1.157338e-01,2.649030e-02,1.665441e-01,1.139660e-01,9.049612e-03,7.243351e-03,1.870043e-02,3.877583e-01,4.843399e-02,1.311152e-02,1.543536e-02,2.419196e-02,2.784320e-04,3.355130e-02
3.516345e-02,1.286134e-01,4.382811e-02,1.463862e-01,9.798209e-02,8.921709e-03,5.576357e-03,1.548035e-02,3.701221e-01,4.859556e-02,1.607555e-02,1.281085e-02,2.150700e-02,6.539017e-04,4.828332e-02
2.786308e-02,1.511007e-01,5.541272e-02,1.395624e-01,7.391296e-02,8.618484e-03,4.145396e-03,1.614252e-02,3.673402e-01,5.994049e-02,1.753752e-02,9.800116e-03,1.957863e-02,1.018189e-03,4.802663e-02
2.203476e-02,1.612796e-01,5.785191e-02,1.318706e-01,5.571212e-02,7.954435e-03,3.134977e-03,1.515190e-02,3.298216e-01,1.127005e-01,1.879260e-02,7.872355e-03,2.030819e-02,1.297342e-03,5.421711e-02
2.441855e-02,1.839069e-01,4.435515e-02,1.077124e-01,4.683226e-02,7.472695e-03,2.431701e-03,1.486772e-02,3.560284e-01,9.065198e-02,1.589262e-02,5.964211e-03,1.573005e-02,4.617202e-03,7.911798e-02
2.373711e-02,2.028402e-01,3.404323e-02,8.003207e-02,3.627958e-02,8.321659e-03,1.780980e-03,1.258296e-02,3.117193e-01,9.765248e-02,1.283958e-02,4.362799e-03,1.200660e-02,6.456182e-03,1.553453e-01
1.975210e-02,2.056844e-01,3.624799e-02,1.017565e-01,2.633490e-02,6.201413e-03,1.279131e-03,1.042341e-02,3.155896e-01,9.902674e-02,1.089418e-02,3.738658e-03,9.071360e-03,5.595595e-03,1.484040e-01
2.935798e-02,1.777613e-01,3.746040e-02,8.809996e-02,1.925485e-02,5.652621e-03,1.062639e-03,8.145997e-03,3.006997e-01,8.262093e-02,1.417233e-02,3.793686e-03,7.814718e-03,4.528867e-02,1.788141e-01
2.492379e-02,1.374480e-01,3.196980e-02,6.492386e-02,1.404773e-02,5.420143e-03,8.180812e-04,6.234671e-03,3.086480e-01,1.207513e-01,2.324522e-02,3.334498e-03,8.302767e-03,3.706529e-02,2.128668e-01
2.459650e-02,1.032604e-01,2.975766e-02,5.720878e-02,1.044616e-02,4.692895e-03,8.153513e-04,5.610215e-03,4.294394e-01,8.841192e-02,2.054422e-02,3.392532e-03,7.844768e-03,2.840780e-02,1.855714e-01
2.991155e-02,7.606945e-02,2.201337e-02,4.216608e-02,7.463357e-03,4.480082e-03,6.537716e-04,4.226814e-03,4.547517e-01,9.602807e-02,1.787762e-02,3.134607e-03,7.695268e-03,2.676991e-02,2.067584e-01
4.433758e-02,6.418986e-02,1.807173e-02,3.754694e-02,5.457184e-03,3.543488e-03,5.112774e-04,3.539579e-03,5.250687e-01,7.793364e-02,1.472293e-02,2.952882e-03,8.379644e-03,2.180700e-02,1.719376e-01
4.399982e-02,5.203851e-02,1.411462e-02,2.814705e-02,3.932656e-03,2.780846e-03,3.937937e-04,2.673744e-03,6.109186e-01,5.937573e-02,1.151200e-02,2.466097e-03,6.914706e-03,1.774889e-02,1.429829e-01
4.285426e-02,4.261477e-02,1.562810e-02,2.136999e-02,2.984691e-03,2.373230e-03,4.665790e-04,2.573414e-03,4.936374e-01,4.741090e-02,1.061271e-02,2.401729e-03,6.332750e-03,1.700318e-02,2.917363e-01
9.341768e-02,4.865076e-02,2.226667e-02,1.943282e-02,3.032787e-03,2.504059e-03,5.114013e-04,2.184998e-03,4.795400e-01,3.701187e-02,1.498471e-02,2.787669e-03,5.812651e-03,4.222260e-02,2.256394e-01
9.844245e-02,4.116919e-02,1.812637e-02,1.457925e-02,2.266727e-03,2.484254e-03,4.744194e-04,1.767826e-03,4.107612e-01,2.868404e-02,2.867462e-02,2.929168e-03,7.542628e-03,4.898701e-02,2.931108e-01
8.663356e-02,3.220848e-02,2.445598e-02,1.171547e-02,1.795401e-03,3.206153e-03,7.402400e-04,1.859673e-03,3.322870e-01,2.699433e-02,4.221692e-02,1.030531e-02,2.336017e-02,6.709633e-02,3.351250e-01
8.530011e-02,2.764649e-02,2.044066e-02,9.810973e-03,1.928116e-03,4.194553e-03,6.887395e-04,1.821437e-03,2.742418e-01,4.951185e-02,5.653857e-02,1.055539e-02,2.606722e-02,6.573510e-02,3.655190e-01
6.879196e-02,2.201185e-02,1.599651e-02,8.035942e-03,1.779440e-03,3.672503e-03,5.712006e-04,1.814166e-03,2.170795e-01,3.921307e-02,7.012010e-02,8.866841e-03,2.744799e-02,6.388724e-02,4.507117e-01
7.368238e-02,2.119587e-02,2.998747e-02,1.261756e-02,5.154710e-03,3.621972e-03,9.344380e-04,8.843035e-03,1.889722e-01,2.891894e-02,1.040599e-01,1.228999e-02,3.585489e-02,6.404986e-02,4.098168e-01
5.616178e-02,2.694455e-02,2.437472e-02,1.136007e-02,6.031398e-03,3.221547e-03,7.605975e-04,7.297601e-03,1.851457e-01,2.280293e-02,9.870984e-02,1.274535e-02,3.036633e-02,8.171144e-02,4.323661e-01
6.654881e-02,3.066669e-02,2.427134e-02,1.370869e-02,5.796892e-03,3.319534e-03,6.640406e-04,8.126854e-03,1.537697e-01,2.056173e-02,1.629267e-01,1.517697e-02,2.749342e-02,1.171627e-01,3.498058e-01
8.106358e-02,4.808122e-02,2.776858e-02,1.524028e-02,1.381270e-02,4.362813e-03,7.777057e-04,7.989710e-03,1.711055e-01,2.624851e-02,1.497436e-01,1.570469e-02,2.690263e-02,1.197519e-01,2.914465e-01
8.223551e-02,3.959461e-02,2.706514e-02,2.460401e-02,1.987656e-02,4.195214e-03,9.207214e-04,1.320074e-02,1.897682e-01,2.612967e-02,1.669837e-01,2.485175e-02,3.490121e-02,1.105196e-01,2.351533e-01
7.413042e-02,3.653654e-02,3.549669e-02,1.947711e-02,5.757074e-02,5.824173e-03,1.743632e-03,1.104230e-02,1.996609e-01,3.198124e-02,1.453339e-01,2.171056e-02,3.515436e-02,1.376216e-01,1.867159e-01
6.978716e-02,3.983429e-02,4.309114e-02,1.540972e-02,7.057353e-02,5.971977e-03,1.647881e-03,1.385324e-02,1.856607e-01,4.087184e-02,1.365015e-01,2.641976e-02,3.961740e-02,1.596137e-01,1.511462e-01
6.208668e-02,3.798576e-02,5.196663e-02,1.621274e-02,6.801450e-02,6.081047e-03,1.439250e-03,3.364729e-02,1.797454e-01,4.961607e-02,1.377468e-01,3.369180e-02,3.954485e-02,1.588240e-01,1.233973e-01
4.878315e-02,3.295931e-02,5.018606e-02,1.229493e-02,5.734754e-02,4.913547e-03,1.114757e-03,2.835203e-02,1.456942e-01,5.028906e-02,1.808566e-01,4.844127e-02,4.920729e-02,1.831779e-01,1.063824e-01
4.256479e-02,4.705920e-02,6.314015e-02,1.055517e-02,5.587581e-02,4.788259e-03,8.909070e-04,2.542994e-02,1.411223e-01,5.321617e-02,1.923497e-01,5.356840e-02,5.238142e-02,1.602995e-01,9.675837e-02
3.610999e-02,3.920178e-02,1.288118e-01,8.622825e-03,6.453957e-02,4.246128e-03,1.443618e-03,7.326675e-02,1.471332e-01,3.920962e-02,1.784067e-01,4.265648e-02,4.322278e-02,1.201158e-01,7.301302e-02
6.141269e-02,5.881424e-02,1.445948e-01,1.517704e-02,5.661520e-02,7.251369e-03,1.601159e-03,6.741841e-02,1.929653e-01,3.239036e-02,1.427301e-01,3.651864e-02,3.541019e-02,9.059130e-02,5.650916e-02
5.229700e-02,7.365625e-02,2.094959e-01,2.226005e-02,4.378522e-02,1.036472e-02,2.180587e-03,6.261898e-02,2.271171e-01,2.577519e-02,1.041547e-01,2.907087e-02,2.779166e-02,6.468508e-02,4.474667e-02
6.444824e-02,8.733456e-02,1.957406e-01,1.064205e-01,3.630913e-02,1.184304e-02,1.819040e-03,5.387558e-02,2.216389e-01,2.211439e-02,7.563189e-02,2.162923e-02,2.030780e-02,4.598083e-02,3.490626e-02
7.558123e-02,1.180687e-01,1.580987e-01,1.207782e-01,4.713435e-02,1.031278e-02,1.813562e-03,5.481287e-02,2.507583e-01,1.711845e-02,5.518833e-02,1.587642e-02,1.470872e-02,3.278005e-02,2.696938e-02
5.794405e-02,1.031967e-01,1.266618e-01,2.695000e-01,4.615413e-02,1.081504e-02,1.549916e-03,5.855209e-02,2.076377e-01,1.267298e-02,4.023860e-02,1.130521e-02,1.064820e-02,2.310030e-02,2.002331e-02
6.050989e-02,1.262174e-01,1.023532e-01,2.600215e-01,6.003594e-02,9.978533e-03,1.627952e-03,6.788467e-02,2.181061e-01,9.553606e-03,3.316692e-02,8.505341e-03,8.277442e-03,1.685683e-02,1.690471e-02
6.862196e-02,1.176365e-01,1.091284e-01,2.440674e-01,9.857245e-02,1.066734e-02,2.604676e-03,6.598078e-02,2.001735e-01,8.001996e-03,2.987601e-02,7.252198e-03,6.910214e-03,1.300935e-02,1.749719e-02
7.094663e-02,1.233952e-01,1.474794e-01,2.132872e-01,1.142928e-01,1.313730e-02,4.740046e-03,7.275381e-02,1.741577e-01,6.280424e-03,2.393185e-02,5.563260e-03,5.300452e-03,9.866687e-03,1.486719e-02
5.594604e-02,9.264702e-02,3.016889e-01,1.980741e-01,1.011302e-01,1.197785e-02,5.011411e-03,5.591255e-02,1.278497e-01,4.928900e-03,1.743382e-02,4.005879e-03,3.902010e-03,7.017864e-03,1.247363e-02
4.781337e-02,7.781803e-02,3.925027e-01,2.050470e-01,8.335304e-02,9.486418e-03,3.709896e-03,4.315932e-02,9.726203e-02,3.845684e-03,1.303884e-02,3.012961e-03,2.918822e-03,4.994558e-03,1.203737e-02
5.315448e-02,8.514045e-02,4.464648e-01,1.921176e-01,6.559862e-02,8.161536e-03,2.751113e-03,3.107580e-02,7.664815e-02,4.403561e-03,1.013312e-02,2.479383e-03,2.304879e-03,3.637521e-03,1.592901e-02
4.873306e-02,6.503338e-02,5.021169e-01,2.133669e-01,4.736256e-02,5.996823e-03,2.038848e-03,2.201210e-02,5.992435e-02,4.701673e-03,7.759480e-03,1.930465e-03,1.886775e-03,2.596569e-03,1.454019e-02
1.306277e-01,7.322328e-02,4.125226e-01,1.988106e-01,3.918180e-02,6.866918e-03,2.742901e-03,1.627914e-02,6.474052e-02,4.590352e-03,1.510225e-02,2.343238e-03,1.208582e-02,2.483511e-03,1.839938e-02
1.971577e-01,6.539357e-02,3.366112e-01,1.915027e-01,3.895399e-02,1.153435e-02,4.773948e-03,1.274131e-02,6.705868e-02,5.570195e-03,2.371542e-02,2.586125e-03,1.791182e-02,2.481599e-03,2.200743e-02
1.474142e-01,8.904813e-02,2.578522e-01,2.865850e-01,3.179288e-02,8.796247e-03,3.579932e-03,9.171316e-03,9.687364e-02,4.843805e-03,2.061576e-02,2.465169e-03,1.393251e-02,2.146058e-03,2.488323e-02
1.058528e-01,7.007594e-02,1.849230e-01,3.437689e-01,2.659002e-02,7.056727e-03,2.792211e-03,6.541134e-03,9.585027e-02,3.821138e-03,2.099062e-02,4.935989e-03,1.056364e-01,1.572854e-03,1.959200e-02
8.059376e-02,5.053054e-02,1.301583e-01,2.595738e-01,2.154253e-02,5.754636e-03,2.758719e-03,4.692844e-03,7.903387e-02,2.860457e-03,1.622679e-02,1.289152e-02,3.120230e-01,1.878157e-03,1.948114e-02
8.168039e-02,3.623187e-02,9.140559e-02,1.881459e-01,1.789649e-02,7.446258e-03,2.418039e-03,4.334317e-03,6.048378e-02,2.279679e-03,1.738267e-02,1.458100e-02,4.538113e-01,3.844402e-03,1.805827e-02
6.524853e-02,2.550124e-02,6.404872e-02,1.324966e-01,1.360858e-02,1.292772e-02,2.280281e-03,3.448028e-03,4.662407e-02,1.978497e-03,5.114051e-02,3.923573e-02,5.199049e-01,3.689753e-03,1.786694e-02
6.615913e-02,1.807748e-02,4.584929e-02,9.296119e-02,1.016128e-02,8.421602e-02,2.473742e-03,3.093611e-03,3.643695e-02,3.205152e-03,6.015739e-02,1.341534e-01,4.258385e-01,3.724861e-03,1.349205e-02
5.518206e-02,1.304302e-02,3.248640e-02,6.569071e-02,7.868172e-03,6.518287e-02,2.059333e-03,2.547373e-03,3.464786e-02,5.175204e-03,7.351725e-02,1.976750e-01,4.305848e-01,3.179194e-03,1.116068e-02
3.938273e-02,9.713302e-03,2.358947e-02,4.624966e-02,8.385938e-03,4.718922e-02,1.753518e-03,2.601322e-03,6.182026e-02,7.171160e-03,6.124907e-02,2.890512e-01,3.890253e-01,3.292277e-03,9.525592e-03
2.843775e-02,9.758960e-03,2.814042e-02,3.268609e-02,9.239918e-03,3.394847e-02,1.467437e-03,3.057170e-03,5.655937e-02,1.035547e-02,5.625029e-02,3.041776e-01,3.996377e-01,1.377183e-02,1.251151e-02
2.038734e-02,1.501536e-02,2.329514e-02,2.302520e-02,7.252220e-03,2.392340e-02,1.128181e-03,2.650542e-03,4.795767e-02,1.202941e-02,8.215500e-02,2.625256e-01,4.298937e-01,2.664076e-02,2.212036e-02
1.466332e-02,1.885048e-02,1.909130e-02,1.634172e-02,5.803431e-03,1.694668e-02,8.056043e-04,2.371562e-03,4.665776e-02,1.249275e-02,1.736883e-01,2.603010e-01,3.585722e-01,3.382025e-02,1.959366e-02
1.041939e-02,2.306428e-02,1.470081e-02,1.157939e-02,4.512585e-03,1.189802e-02,5.734555e-04,2.029233e-03,6.693722e-02,1.029455e-02,2.369232e-01,2.629729e-01,2.881339e-01,3.853472e-02,1.742631e-02
7.756981e-03,4.088034e-02,1.269948e-02,8.371933e-03,4.194031e-03,8.377861e-03,4.112739e-04,1.625847e-03,1.322647e-01,8.112723e-03,2.790058e-01,2.140861e-01,2.218276e-01,4.093959e-02,1.944567e-02
7.481796e-03,6.353011e-02,1.299405e-02,6.750838e-03,5.244670e-03,6.089347e-03,3.353433e-04,2.206710e-03,2.213093e-01,6.485118e-03,2.930186e-01,1.550484e-01,1.574166e-01,3.948943e-02,2.259975e-02
7.114135e-03,7.788702e-02,3.554924e-02,6.519211e-03,8.368769e-03,4.864219e-03,3.054389e-04,3.043192e-03,3.081481e-01,5.655684e-03,2.669238e-01,1.110222e-01,1.112762e-01,3.404148e-02,1.928137e-02
6.700536e-03,9.820405e-02,3.526186e-02,5.963179e-03,1.102438e-02,3.995180e-03,2.808623e-04,3.082108e-03,3.512504e-01,4.915811e-03,2.696201e-01,7.935095e-02,7.867140e-02,3.554378e-02,1.613545e-02
1.288926e-02,8.719747e-02,5.494980e-02,6.397706e-03,1.061704e-02,3.588102e-03,2.436470e-04,3.318566e-03,3.699459e-01,4.430780e-03,2.488874e-01,5.694183e-02,5.673146e-02,6.607091e-02,1.779017e-02
1.733064e-02,7.759684e-02,5.800447e-02,1.199256e-02,1.367800e-02,3.853706e-03,2.341661e-04,7.468343e-03,4.174589e-01,4.580146e-03,2.323259e-01,4.335224e-02,4.044213e-02,5.781021e-02,1.387178e-02
4.122447e-02,6.234589e-02,5.766356e-02,1.998746e-02,4.326884e-02,7.671923e-03,5.444275e-04,1.592906e-02,4.304355e-01,6.784547e-03,1.813753e-01,3.475776e-02,2.941812e-02,5.419101e-02,1.440216e-02
5.336755e-02,4.940584e-02,6.368932e-02,3.620190e-02,7.058093e-02,1.147609e-02,7.845823e-04,2.866786e-02,4.364344e-01,7.804649e-03,1.358943e-01,2.563797e-02,2.108726e-02,4.631764e-02,1.264973e-02
5.420054e-02,4.355571e-02,9.857653e-02,9.710433e-02,1.195406e-01,1.258672e-02,1.036201e-03,3.711088e-02,3.547041e-01,5.901649e-03,9.738033e-02,1.855187e-02,1.498753e-02,3.501821e-02,9.744916e-03
8.097060e-02,3.761479e-02,1.071911e-01,1.058821e-01,1.248633e-01,1.231408e-02,8.684432e-04,3.978838e-02,3.380232e-01,5.478519e-03,7.431208e-02,1.467330e-02,1.088942e-02,3.514902e-02,1.198185e-02
1.261881e-01,3.550418e-02,1.417274e-01,9.316911e-02,1.121242e-01,1.163319e-02,8.009258e-04,3.476442e-02,2.818346e-01,7.441865e-03,6.147871e-02,1.264845e-02,9.274760e-03,4.987950e-02,2.153061e-02
1.209488e-01,3.378062e-02,1.561777e-01,1.553033e-01,1.145055e-01,1.017176e-02,7.485662e-04,4.129655e-02,2.286357e-01,7.452575e-03,4.758092e-02,1.037524e-02,7.584758e-03,3.852988e-02,2.690810e-02
1.191970e-01,2.951631e-02,1.524670e-01,2.066928e-01,1.047596e-01,9.166375e-03,6.962153e-04,4.120098e-02,1.883579e-01,7.815314e-03,4.208783e-02,1.093989e-02,1.015783e-02,3.591103e-02,4.103395e-02
1.270764e-01,2.655932e-02,1.185755e-01,2.005171e-01,1.598108e-01,1.187204e-02,1.227263e-03,4.965534e-02,1.866720e-01,7.919777e-03,3.362919e-02,8.729668e-03,8.012251e-03,2.612014e-02,3.362326e-02
1.164597e-01,2.869481e-02,1.321584e-01,2.315137e-01,1.423494e-01,1.111044e-02,1.214993e-03,4.700252e-02,1.662659e-01,1.208396e-02,2.773005e-02,6.788446e-03,6.206607e-03,1.917429e-02,5.124686e-02
8.991140e-02,2.125455e-02,2.692999e-01,2.514926e-01,1.016671e-01,8.075105e-03,9.385187e-04,3.578988e-02,1.197329e-01,1.365006e-02,2.155513e-02,4.984228e-03,4.676039e-03,1.359545e-02,4.337707e-02
9.128156e-02,1.600228e-02,3.425042e-01,2.467413e-01,7.870027e-02,6.095240e-03,9.223050e-04,5.345740e-02,8.796755e-02,1.071751e-02,1.677972e-02,3.643943e-03,3.568420e-03,9.833673e-03,3.178465e-02
8.536936e-02,1.161287e-02,3.079575e-01,1.916051e-01,6.289139e-02,4.704883e-03,7.993276e-04,2.173160e-01,6.261956e-02,7.902158e-03,1.260405e-02,2.605253e-03,2.661346e-03,6.949556e-03,2.240178e-02
6.663187e-02,8.204808e-03,2.190509e-01,1.345179e-01,4.584567e-02,3.476537e-03,6.494445e-04,4.388255e-01,4.392164e-02,5.591309e-03,8.988651e-03,1.837916e-03,1.890286e-03,4.868479e-03,1.569909e-02
5.227013e-02,5.821206e-03,1.539942e-01,9.434672e-02,3.334367e-02,2.668562e-03,5.493088e-04,5.985456e-01,3.081051e-02,3.981288e-03,6.576906e-03,1.308389e-03,1.369235e-03,3.413739e-03,1.100056e-02
3.799745e-02,4.112096e-03,1.080016e-01,6.631347e-02,2.405668e-02,2.251322e-03,5.007865e-04,7.154000e-01,2.160188e-02,2.810656e-03,4.763442e-03,9.837496e-04,1.057828e-03,2.415332e-03,7.733779e-03
2.720176e-02,2.899662e-03,7.572506e-02,4.645720e-02,1.708737e-02,1.913292e-03,5.897160e-04,7.989439e-01,1.513348e-02,1.971868e-03,3.368303e-03,7.060140e-04,8.736903e-04,1.700594e-03,5.428081e-03
1.961918e-02,2.060816e-03,5.309773e-02,3.254718e-02,1.222462e-02,1.606831e-03,5.395499e-04,8.577259e-01,1.060891e-02,1.383198e-03,2.404524e-03,5.055051e-04,6.656480e-04,1.199844e-03,3.810567e-03
1.455721e-02,1.467698e-03,3.734221e-02,2.283517e-02,8.683552e-03,1.772760e-03,8.463060e-04,8.976895e-01,7.438781e-03,9.738166e-04,1.730089e-03,3.745512e-04,7.405118e-04,8.574963e-04,2.690363e-03
1.093141e-02,1.049347e-03,2.625598e-02,1.602999e-02,6.135203e-03,1.700322e-03,8.064286e-04,9.262124e-01,5.227738e-03,6.895349e-04,1.299738e-03,2.930621e-04,8.391403e-04,6.116778e-04,1.918059e-03
1.020655e-02,7.541039e-04,1.865899e-02,1.130182e-02,4.366840e-03,1.627044e-03,9.511876e-04,9.441158e-01,3.706580e-03,4.909782e-04,9.710867e-04,2.617239e-04,7.536000e-04,4.345770e-04,1.399166e-03
1.307314e-02,5.550164e-04,1.353341e-02,8.026486e-03,3.226312e-03,1.624720e-03,1.175510e-03,9.526709e-01,2.679111e-03,4.044422e-04,7.419446e-04,2.837749e-04,6.054585e-04,3.139636e-04,1.085798e-03
2.800640e-02,5.095098e-04,1.202906e-02,6.114728e-03,2.794328e-03,2.588659e-03,1.625431e-03,9.396533e-01,2.186360e-03,6.717847e-04,8.105844e-04,7.105364e-04,6.084477e-04,3.234572e-04,1.367371e-03
3.504071e-02,4.814114e-04,1.248740e-02,4.693615e-03,2.460670e-03,4.368565e-03,2.779497e-03,9.309037e-01,1.667090e-03,9.179995e-04,7.327630e-04,8.442398e-04,6.122951e-04,3.051467e-04,1.704915e-03
3.837926e-02,3.870323e-04,9.375335e-03,3.417265e-03,1.898158e-03,3.927452e-03,2.601025e-03,9.344316e-01,1.238488e-03,7.351718e-04,5.779805e-04,7.780564e-04,5.132606e-04,2.448015e-04,1.495131e-03
4.023809e-02,3.327298e-04,6.904786e-03,2.535377e-03,1.762995e-03,3.519590e-03,2.721537e-03,9.374242e-01,9.284224e-04,5.615120e-04,4.620448e-04,6.600943e-04,4.702010e-04,1.932497e-04,1.285218e-03
5.320378e-02,2.312885e-03,6.409850e-03,6.759611e-03,1.684263e-03,3.538369e-02,3.592447e-03,7.373654e-01,1.502601e-02,1.177804e-02,8.756999e-03,2.876495e-02,3.438888e-02,2.806529e-03,5.176669e-02
4.317445e-02,3.720411e-03,1.355157e-02,6.620278e-02,1.298694e-03,3.076258e-02,2.717437e-03,5.334024e-01,4.123423e-02,9.039412e-02,1.149116e-02,2.883612e-02,3.144998e-02,2.478201e-03,9.928582e-02
3.318002e-02,3.334761e-03,1.403391e-02,1.267841e-01,1.493552e-03,5.936864e-02,4.153086e-03,3.752275e-01,3.732671e-02,6.372452e-02,2.671485e-02,8.372517e-02,9.338286e-02,2.489780e-03,7.506061e-02
2.390681e-02,2.488636e-03,1.003434e-02,9.504496e-02,1.628729e-03,4.443768e-02,2.976459e-03,2.630598e-01,4.115177e-02,4.486557e-02,6.619168e-02,1.626017e-01,1.862450e-01,2.179725e-03,5.318715e-02
