1.000000e+00,0.000000e+00,0.000000e+00,0.000000e+00,0.000000e+00,0.000000e+00,0.000000e+00,0.000000e+00,0.000000e+00,0.000000e+00,0.000000e+00,0.000000e+00,0.000000e+00,0.000000e+00,0.000000e+00
1.000000e+00,0.000000e+00,0.000000e+00,0.000000e+00,0.000000e+00,0.000000e+00,0.000000e+00,0.000000e+00,0.000000e+00,0.000000e+00,0.000000e+00,0.000000e+00,0.000000e+00,0.000000e+00,0.000000e+00
1.000000e+00,0.000000e+00,0.000000e+00,0.000000e+00,0.000000e+00,0.000000e+00,0.000000e+00,0.000000e+00,0.000000e+00,0.000000e+00,0.000000e+00,0.000000e+00,0.000000e+00,0.000000e+00,0.000000e+00
1.000000e+00,0.000000e+00,0.000000e+00,0.000000e+00,0.000000e+00,0.000000e+00,0.000000e+00,0.000000e+00,0.000000e+00,0.000000e+00,0.000000e+00,0.000000e+00,0.000000e+00,0.000000e+00,0.000000e+00
1.000000e+00,0.000000e+00,0.000000e+00,0.000000e+00,0.000000e+00,0.000000e+00,0.000000e+00,0.000000e+00,0.000000e+00,0.000000e+00,0.000000e+00,0.000000e+00,0.000000e+00,0.000000e+00,0.000000e+00
1.000000e+00,0.000000e+00,0.000000e+00,0.000000e+00,0.000000e+00,0.000000e+00,0.000000e+00,0.000000e+00,0.000000e+00,0.000000e+00,0.000000e+00,0.000000e+00,0.000000e+00,0.000000e+00,0.000000e+00
1.000000e+00,0.000000e+00,0.000000e+00,0.000000e+00,0.000000e+00,0.000000e+00,0.000000e+00,0.000000e+00,0.000000e+00,0.000000e+00,0.000000e+00,0.000000e+00,0.000000e+00,0.000000e+00,0.000000e+00
1.000000e+00,0.000000e+00,0.000000e+00,0.000000e+00,0.000000e+00,0.000000e+00,0.000000e+00,0.000000e+00,0.000000e+00,0.000000e+00,0.000000e+00,0.000000e+00,0.000000e+00,0.000000e+00,0.000000e+00
1.000000e+00,0.000000e+00,0.000000e+00,0.000000e+00,0.000000e+00,0.000000e+00,0.000000e+00,0.000000e+00,0.000000e+00,0.000000e+00,0.000000e+00,0.000000e+00,0.000000e+00,0.000000e+00,0.000000e+00
1.000000e+00,0.000000e+00,0.000000e+00,0.000000e+00,0.000000e+00,0.000000e+00,0.000000e+00,0.000000e+00,0.000000e+00,0.000000e+00,0.000000e+00,0.000000e+00,0.000000e+00,0.000000e+00,0.000000e+00
1.000000e+00,0.000000e+00,0.000000e+00,0.000000e+00,0.000000e+00,0.000000e+00,0.000000e+00,0.000000e+00,0.000000e+00,0.000000e+00,0.000000e+00,0.000000e+00,0.000000e+00,0.000000e+00,0.000000e+00
1.000000e+00,0.000000e+00,0.000000e+00,0.000000e+00,0.000000e+00,0.000000e+00,0.000000e+00,0.000000e+00,0.000000e+00,0.000000e+00,0.000000e+00,0.000000e+00,0.000000e+00,0.000000e+00,0.000000e+00
1.000000e+00,0.000000e+00,0.000000e+00,0.000000e+00,0.000000e+00,0.000000e+00,0.000000e+00,0.000000e+00,0.000000e+00,0.000000e+00,0.000000e+00,0.000000e+00,0.000000e+00,0.000000e+00,0.000000e+00
1.000000e+00,0.000000e+00,0.000000e+00,0.000000e+00,0.000000e+00,0.000000e+00,0.000000e+00,0.000000e+00,0.000000e+00,0.000000e+00,0.000000e+00,0.000000e+00,0.000000e+00,0.000000e+00,0.000000e+00
1.000000e+00,0.000000e+00,0.000000e+00,0.000000e+00,0.000000e+00,0.000000e+00,0.000000e+00,0.000000e+00,0.000000e+00,0.000000e+00,0.000000e+00,0.000000e+00,0.000000e+00,0.000000e+00,0.000000e+00
1.000000e+00,0.000000e+00,0.000000e+00,0.000000e+00,0.000000e+00,0.000000e+00,0.000000e+00,0.000000e+00,0.000000e+00,0.000000e+00,0.000000e+00,0.000000e+00,0.000000e+00,0.000000e+00,0.000000e+00
1.000000e+00,0.000000e+00,0.000000e+00,0.000000e+00,0.000000e+00,0.000000e+00,0.000000e+00,0.000000e+00,0.000000e+00,0.000000e+00,0.000000e+00,0.000000e+00,0.000000e+00,0.000000e+00,0.000000e+00
1.000000e+00,0.000000e+00,0.000000e+00,0.000000e+00,0.000000e+00,0.000000e+00,0.000000e+00,0.000000e+00,0.000000e+00,0.000000e+00,0.000000e+00,0.000000e+00,0.000000e+00,0.000000e+00,0.000000e+00
1.000000e+00,0.000000e+00,0.000000e+00,0.000000e+00,0.000000e+00,0.000000e+00,0.000000e+00,0.000000e+00,0.000000e+00,0.000000e+00,0.000000e+00,0.000000e+00,0.000000e+00,0.000000e+00,0.000000e+00
1.000000e+00,0.000000e+00,0.000000e+00,0.000000e+00,0.000000e+00,0.000000e+00,0.000000e+00,0.000000e+00,0.000000e+00,0.000000e+00,0.000000e+00,0.000000e+00,0.000000e+00,0.000000e+00,0.000000e+00
1.000000e+00,0.000000e+00,0.000000e+00,0.000000e+00,0.000000e+00,0.000000e+00,0.000000e+00,0.000000e+00,0.000000e+00,0.000000e+00,0.000000e+00,0.000000e+00,0.000000e+00,0.000000e+00,0.000000e+00
1.000000e+00,0.000000e+00,0.000000e+00,0.000000e+00,0.000000e+00,0.000000e+00,0.000000e+00,0.000000e+00,0.000000e+00,0.000000e+00,0.000000e+00,0.000000e+00,0.000000e+00,0.000000e+00,0.000000e+00
1.000000e+00,0.000000e+00,0.000000e+00,0.000000e+00,0.000000e+00,0.000000e+00,0.000000e+00,0.000000e+00,0.000000e+00,0.000000e+00,0.000000e+00,0.000000e+00,0.000000e+00,0.000000e+00,0.000000e+00
1.000000e+00,0.000000e+00,0.000000e+00,0.000000e+00,0.000000e+00,0.000000e+00,0.000000e+00,0.000000e+00,0.000000e+00,0.000000e+00,0.000000e+00,0.000000e+00,0.000000e+00,0.000000e+00,0.000000e+00
1.000000e+00,0.000000e+00,0.000000e+00,0.000000e+00,0.000000e+00,0.000000e+00,0.000000e+00,0.000000e+00,0.000000e+00,0.000000e+00,0.000000e+00,0.000000e+00,0.000000e+00,0.000000e+00,0.000000e+00
1.000000e+00,0.000000e+00,0.000000e+00,0.000000e+00,0.000000e+00,0.000000e+00,0.000000e+00,0.000000e+00,0.000000e+00,0.000000e+00,0.000000e+00,0.000000e+00,0.000000e+00,0.000000e+00,0.000000e+00
1.000000e+00,0.000000e+00,0.000000e+00,0.000000e+00,0.000000e+00,0.000000e+00,0.000000e+00,0.000000e+00,0.000000e+00,0.000000e+00,0.000000e+00,0.000000e+00,0.000000e+00,0.000000e+00,0.000000e+00
1.000000e+00,0.000000e+00,0.000000e+00,0.000000e+00,0.000000e+00,0.000000e+00,0.000000e+00,0.000000e+00,0.000000e+00,0.000000e+00,0.000000e+00,0.000000e+00,0.000000e+00,0.000000e+00,0.000000e+00
1.000000e+00,0.000000e+00,0.000000e+00,0.000000e+00,0.000000e+00,0.000000e+00,0.000000e+00,0.000000e+00,0.000000e+00,0.000000e+00,0.000000e+00,0.000000e+00,0.000000e+00,0.000000e+00,0.000000e+00
1.000000e+00,0.000000e+00,0.000000e+00,0.000000e+00,0.000000e+00,0.000000e+00,0.000000e+00,0.000000e+00,0.000000e+00,0.000000e+00,0.000000e+00,0.000000e+00,0.000000e+00,0.000000e+00,0.000000e+00
1.000000e+00,0.000000e+00,0.000000e+00,0.000000e+00,0.000000e+00,0.000000e+00,0.000000e+00,0.000000e+00,0.000000e+00,0.000000e+00,0.000000e+00,0.000000e+00,0.000000e+00,0.000000e+00,0.000000e+00
1.000000e+00,0.000000e+00,0.000000e+00,0.000000e+00,0.000000e+00,0.000000e+00,0.000000e+00,0.000000e+00,0.000000e+00,0.000000e+00,0.000000e+00,0.000000e+00,0.000000e+00,0.000000e+00,0.000000e+00
1.000000e+00,0.000000e+00,0.000000e+00,0.000000e+00,0.000000e+00,0.000000e+00,0.000000e+00,0.000000e+00,0.000000e+00,0.000000e+00,0.000000e+00,0.000000e+00,0.000000e+00,0.000000e+00,0.000000e+00
1.000000e+00,0.000000e+00,0.000000e+00,0.000000e+00,0.000000e+00,0.000000e+00,0.000000e+00,0.000000e+00,0.000000e+00,0.000000e+00,0.000000e+00,0.000000e+00,0.000000e+00,0.000000e+00,0.000000e+00
1.000000e+00,0.000000e+00,0.000000e+00,0.000000e+00,0.000000e+00,0.000000e+00,0.000000e+00,0.000000e+00,0.000000e+00,0.000000e+00,0.000000e+00,0.000000e+00,0.000000e+00,0.000000e+00,0.000000e+00
1.000000e+00,0.000000e+00,0.000000e+00,0.000000e+00,0.000000e+00,0.000000e+00,0.000000e+00,0.000000e+00,0.000000e+00,0.000000e+00,0.000000e+00,0.000000e+00,0.000000e+00,0.000000e+00,0.000000e+00
1.000000e+00,0.000000e+00,0.000000e+00,0.000000e+00,0.000000e+00,0.000000e+00,0.000000e+00,0.000000e+00,0.000000e+00,0.000000e+00,0.000000e+00,0.000000e+00,0.000000e+00,0.000000e+00,0.000000e+00
1.000000e+00,0.000000e+00,0.000000e+00,0.000000e+00,0.000000e+00,0.000000e+00,0.000000e+00,0.000000e+00,0.000000e+00,0.000000e+00,0.000000e+00,0.000000e+00,0.000000e+00,0.000000e+00,0.000000e+00
1.000000e+00,0.000000e+00,0.000000e+00,0.000000e+00,0.000000e+00,0.000000e+00,0.000000e+00,0.000000e+00,0.000000e+00,0.000000e+00,0.000000e+00,0.000000e+00,0.000000e+00,0.000000e+00,0.000000e+00
1.000000e+00,0.000000e+00,0.000000e+00,0.000000e+00,0.000000e+00,0.000000e+00,0.000000e+00,0.000000e+00,0.000000e+00,0.000000e+00,0.000000e+00,0.000000e+00,0.000000e+00,0.000000e+00,0.000000e+00
1.000000e+00,0.000000e+00,0.000000e+00,0.000000e+00,0.000000e+00,0.000000e+00,0.000000e+00,0.000000e+00,0.000000e+00,0.000000e+00,0.000000e+00,0.000000e+00,0.000000e+00,0.000000e+00,0.000000e+00
1.000000e+00,0.000000e+00,0.000000e+00,0.000000e+00,0.000000e+00,0.000000e+00,0.000000e+00,0.000000e+00,0.000000e+00,0.000000e+00,0.000000e+00,0.000000e+00,0.000000e+00,0.000000e+00,0.000000e+00
1.000000e+00,0.000000e+00,0.000000e+00,0.000000e+00,0.000000e+00,0.000000e+00,0.000000e+00,0.000000e+00,0.000000e+00,0.000000e+00,0.000000e+00,0.000000e+00,0.000000e+00,0.000000e+00,0.000000e+00
1.000000e+00,0.000000e+00,0.000000e+00,0.000000e+00,0.000000e+00,0.000000e+00,0.000000e+00,0.000000e+00,0.000000e+00,0.000000e+00,0.000000e+00,0.000000e+00,0.000000e+00,0.000000e+00,0.000000e+00
1.000000e+00,0.000000e+00,0.000000e+00,0.000000e+00,0.000000e+00,0.000000e+00,0.000000e+00,0.000000e+00,0.000000e+00,0.000000e+00,0.000000e+00,0.000000e+00,0.000000e+00,0.000000e+00,0.000000e+00
1.000000e+00,0.000000e+00,0.000000e+00,0.000000e+00,0.000000e+00,0.000000e+00,0.000000e+00,0.000000e+00,0.000000e+00,0.000000e+00,0.000000e+00,0.000000e+00,0.000000e+00,0.000000e+00,0.000000e+00
1.000000e+00,0.000000e+00,0.000000e+00,0.000000e+00,0.000000e+00,0.000000e+00,0.000000e+00,0.000000e+00,0.000000e+00,0.000000e+00,0.000000e+00,0.000000e+00,0.000000e+00,0.000000e+00,0.000000e+00
1.000000e+00,0.000000e+00,0.000000e+00,0.000000e+00,0.000000e+00,0.000000e+00,0.000000e+00,0.000000e+00,0.000000e+00,0.000000e+00,0.000000e+00,0.000000e+00,0.000000e+00,0.000000e+00,0.000000e+00
1.000000e+00,0.000000e+00,0.000000e+00,0.000000e+00,0.000000e+00,0.000000e+00,0.000000e+00,0.000000e+00,0.000000e+00,0.000000e+00,0.000000e+00,0.000000e+00,0.000000e+00,0.000000e+00,0.000000e+00
1.000000e+00,0.000000e+00,0.000000e+00,0.000000e+00,0.000000e+00,0.000000e+00,0.000000e+00,0.000000e+00,0.000000e+00,0.000000e+00,0.000000e+00,0.000000e+00,0.000000e+00,0.000000e+00,0.000000e+00
1.000000e+00,0.000000e+00,0.000000e+00,0.000000e+00,0.000000e+00,0.000000e+00,0.000000e+00,0.000000e+00,0.000000e+00,0.000000e+00,0.000000e+00,0.000000e+00,0.000000e+00,0.000000e+00,0.000000e+00
1.000000e+00,0.000000e+00,0.000000e+00,0.000000e+00,0.000000e+00,0.000000e+00,0.000000e+00,0.000000e+00,0.000000e+00,0.000000e+00,0.000000e+00,0.000000e+00,0.000000e+00,0.000000e+00,0.000000e+00
1.000000e+00,0.000000e+00,0.000000e+00,0.000000e+00,0.000000e+00,0.000000e+00,0.000000e+00,0.000000e+00,0.000000e+00,0.000000e+00,0.000000e+00,0.000000e+00,0.000000e+00,0.000000e+00,0.000000e+00
1.000000e+00,0.000000e+00,0.000000e+00,0.000000e+00,0.000000e+00,0.000000e+00,0.000000e+00,0.000000e+00,0.000000e+00,0.000000e+00,0.000000e+00,0.000000e+00,0.000000e+00,0.000000e+00,0.000000e+00
1.000000e+00,0.000000e+00,0.000000e+00,0.000000e+00,0.000000e+00,0.000000e+00,0.000000e+00,0.000000e+00,0.000000e+00,0.000000e+00,0.000000e+00,0.000000e+00,0.000000e+00,0.000000e+00,0.000000e+00
1.000000e+00,0.000000e+00,0.000000e+00,0.000000e+00,0.000000e+00,0.000000e+00,0.000000e+00,0.000000e+00,0.000000e+00,0.000000e+00,0.000000e+00,0.000000e+00,0.000000e+00,0.000000e+00,0.000000e+00
1.000000e+00,0.000000e+00,0.000000e+00,0.000000e+00,0.000000e+00,0.000000e+00,0.000000e+00,0.000000e+00,0.000000e+00,0.000000e+00,0.000000e+00,0.000000e+00,0.000000e+00,0.000000e+00,0.000000e+00
1.000000e+00,0.000000e+00,0.000000e+00,0.000000e+00,0.000000e+00,0.000000e+00,0.000000e+00,0.000000e+00,0.000000e+00,0.000000e+00,0.000000e+00,0.000000e+00,0.000000e+00,0.000000e+00,0.000000e+00
1.000000e+00,0.000000e+00,0.000000e+00,0.000000e+00,0.000000e+00,0.000000e+00,0.000000e+00,0.000000e+00,0.000000e+00,0.000000e+00,0.000000e+00,0.000000e+00,0.000000e+00,0.000000e+00,0.000000e+00
1.000000e+00,0.000000e+00,0.000000e+00,0.000000e+00,0.000000e+00,0.000000e+00,0.000000e+00,0.000000e+00,0.000000e+00,0.000000e+00,0.000000e+00,0.000000e+00,0.000000e+00,0.000000e+00,0.000000e+00
1.000000e+00,0.000000e+00,0.000000e+00,0.000000e+00,0.000000e+00,0.000000e+00,0.000000e+00,0.000000e+00,0.000000e+00,0.000000e+00,0.000000e+00,0.000000e+00,0.000000e+00,0.000000e+00,0.000000e+00
4.238423e-01,1.592253e-02,6.820498e-02,9.095526e-02,3.869036e-02,4.568719e-02,1.694520e-02,2.485915e-01,4.873203e-03,1.618239e-03,6.657326e-03,1.144908e-02,1.445963e-02,1.798567e-03,1.030463e-02
3.002163e-01,1.156372e-02,5.863427e-02,6.838305e-02,2.983620e-02,3.327070e-02,1.225058e-02,4.485947e-01,3.529094e-03,1.195536e-03,5.150745e-03,8.118545e-03,1.064702e-02,1.304173e-03,7.305370e-03
2.123631e-01,8.473105e-03,4.855636e-02,5.453867e-02,2.528391e-02,2.634510e-02,9.134068e-03,5.864962e-01,2.805236e-03,1.044163e-03,4.256920e-03,6.373409e-03,8.114800e-03,9.764889e-04,5.238342e-03
1.492920e-01,6.550600e-03,3.944680e-02,4.364035e-02,2.380751e-02,2.517419e-02,7.030419e-03,6.641565e-01,6.041204e-03,1.331874e-03,1.152345e-02,5.851666e-03,9.788700e-03,2.100346e-03,4.264278e-03
1.068400e-01,5.491652e-03,2.801310e-02,3.401559e-02,2.029436e-02,2.786968e-02,6.343581e-03,4.900969e-01,3.988293e-02,3.390674e-03,3.868364e-02,7.006648e-03,1.834922e-01,2.032684e-03,6.546358e-03
7.513928e-02,1.111692e-02,2.042103e-02,2.921083e-02,1.477611e-02,2.056166e-02,4.618690e-03,3.480069e-01,2.391061e-01,4.184736e-02,3.711924e-02,5.788749e-03,1.345097e-01,1.718833e-03,1.605859e-02
5.271830e-02,1.564428e-02,2.028299e-02,4.227533e-02,1.045431e-02,1.441578e-02,3.243126e-03,2.438506e-01,4.096241e-01,4.293580e-02,2.728049e-02,4.465229e-03,9.511229e-02,1.423719e-03,1.627367e-02
3.815680e-02,3.592222e-02,1.844146e-02,3.396990e-02,7.496305e-03,1.047636e-02,2.321257e-03,1.717370e-01,4.296164e-01,4.765248e-02,2.392261e-02,4.119711e-03,6.914200e-02,2.751278e-03,1.042743e-01
2.752943e-02,4.507222e-02,1.653708e-02,2.543698e-02,5.402384e-03,7.782903e-03,1.652021e-03,1.213082e-01,5.121361e-01,5.247190e-02,1.938664e-02,3.603994e-03,5.023657e-02,7.508811e-03,1.039348e-01
1.945402e-02,4.858509e-02,1.521514e-02,2.201294e-02,3.805349e-03,5.526722e-03,1.161520e-03,8.499072e-02,5.998449e-01,4.646077e-02,1.387602e-02,2.807578e-03,3.625873e-02,6.289938e-03,9.371052e-02
3.806147e-02,4.987345e-02,1.681341e-02,1.928750e-02,3.092266e-03,4.679351e-03,8.763107e-04,6.011808e-02,5.511378e-01,4.896628e-02,1.121935e-02,2.572086e-03,2.930120e-02,1.144941e-02,1.525521e-01
8.668456e-02,5.751742e-02,1.585963e-02,2.642041e-02,4.467191e-03,5.326190e-03,8.594427e-04,4.364201e-02,4.776663e-01,3.797255e-02,1.043077e-02,3.137887e-03,2.533440e-02,1.521807e-02,1.894633e-01
9.952908e-02,7.947283e-02,1.285775e-02,2.474582e-02,5.355957e-03,6.139915e-03,7.596104e-04,3.121250e-02,4.387561e-01,3.051870e-02,8.556913e-03,2.732715e-03,2.326066e-02,1.384750e-02,2.222540e-01
9.411276e-02,8.229947e-02,1.131909e-02,2.692876e-02,1.288555e-02,8.684944e-03,9.671591e-04,2.280553e-02,4.517053e-01,2.321161e-02,7.210275e-03,2.244346e-03,2.649194e-02,1.273529e-02,2.163980e-01
7.242242e-02,7.784607e-02,5.363337e-02,9.422578e-02,1.456280e-02,8.303898e-03,9.658886e-04,2.843431e-02,4.000956e-01,2.114313e-02,6.558668e-03,1.864706e-03,2.189108e-02,1.031431e-02,1.877380e-01
5.433174e-02,5.862435e-02,1.561072e-01,1.471332e-01,1.143921e-02,6.607462e-03,7.248705e-04,2.087108e-02,3.115492e-01,2.471272e-02,1.185216e-02,1.536505e-03,1.690746e-02,9.530389e-03,1.680724e-01
5.583553e-02,5.481142e-02,1.327161e-01,1.121337e-01,1.220726e-02,7.630666e-03,7.305010e-04,1.579822e-02,2.669693e-01,8.493345e-02,1.556728e-02,1.956200e-03,1.764099e-02,1.154349e-02,2.095259e-01
4.262923e-02,4.770039e-02,1.359833e-01,9.505337e-02,1.140230e-02,5.869774e-03,6.737582e-04,1.345965e-02,2.836452e-01,1.245946e-01,1.489035e-02,2.087100e-03,1.519610e-02,9.636012e-03,1.971789e-01
3.053946e-02,3.422833e-02,3.276356e-01,7.670766e-02,8.618930e-03,4.261401e-03,5.015263e-04,1.075027e-02,2.251137e-01,1.009479e-01,1.189122e-02,1.633093e-03,1.185938e-02,7.004701e-03,1.483067e-01
3.042715e-02,2.933885e-02,3.743570e-01,7.902514e-02,8.070812e-03,3.826993e-03,5.209028e-04,9.424673e-03,2.319178e-01,8.136415e-02,1.539500e-02,1.700324e-03,1.049278e-02,5.421916e-03,1.187165e-01
2.165935e-02,2.228691e-02,4.068784e-01,1.441127e-01,6.158276e-03,2.860171e-03,4.021479e-04,7.011461e-03,1.866257e-01,7.702388e-02,1.381312e-02,1.512894e-03,8.265930e-03,3.923278e-03,9.746582e-02
1.578914e-02,1.858363e-02,4.560428e-01,1.218336e-01,4.649472e-03,2.168718e-03,3.110702e-04,5.970084e-03,1.588306e-01,9.222398e-02,1.376814e-02,1.661531e-03,7.497991e-03,3.411182e-03,9.725809e-02
1.661576e-02,1.958993e-02,4.337002e-01,1.002522e-01,7.837252e-03,3.698739e-03,7.488410e-04,6.475485e-03,1.744329e-01,8.476822e-02,3.278331e-02,1.673837e-03,8.136591e-03,4.891788e-03,1.043949e-01
3.101318e-02,4.524897e-02,3.428544e-01,8.481207e-02,1.018777e-02,5.003777e-03,1.101606e-03,5.655868e-03,1.879585e-01,1.050179e-01,3.394605e-02,2.393107e-03,9.538956e-03,9.894408e-03,1.253734e-01
2.795295e-02,5.039299e-02,3.359654e-01,1.017087e-01,1.031790e-02,5.500070e-03,1.292285e-03,7.078395e-03,2.045169e-01,9.750264e-02,2.479758e-02,2.287806e-03,8.606201e-03,8.071584e-03,1.140085e-01
3.891184e-02,3.972311e-02,4.132411e-01,9.279390e-02,1.189064e-02,5.695202e-03,1.676230e-03,2.320231e-02,1.597739e-01,8.445935e-02,1.806086e-02,1.893885e-03,7.781346e-03,6.504737e-03,9.439153e-02
5.793437e-02,3.121672e-02,4.304404e-01,1.321253e-01,1.180534e-02,5.309194e-03,1.335974e-03,2.275676e-02,1.348894e-01,6.622441e-02,1.421599e-02,1.824598e-03,5.881341e-03,5.361868e-03,7.867836e-02
1.108821e-01,2.842947e-02,3.448431e-01,1.412569e-01,2.877834e-02,6.915571e-03,2.155842e-03,6.063312e-02,1.378357e-01,4.872953e-02,1.417684e-02,2.131242e-03,5.287567e-03,4.722049e-03,6.322266e-02
9.891892e-02,2.425720e-02,2.474194e-01,1.041834e-01,2.412683e-02,5.265141e-03,1.755256e-03,2.900130e-01,1.050716e-01,3.420771e-02,1.128144e-02,1.631071e-03,3.981903e-03,3.401357e-03,4.448573e-02
8.020777e-02,1.738646e-02,1.744796e-01,7.532169e-02,1.850605e-02,4.103417e-03,1.547163e-03,4.828588e-01,7.399856e-02,2.406544e-02,9.681800e-03,1.282230e-03,2.892976e-03,2.398671e-03,3.126938e-02
6.163508e-02,1.308175e-02,1.235974e-01,5.376082e-02,1.512383e-02,3.925878e-03,2.092013e-03,6.223906e-01,5.224280e-02,1.698022e-02,7.820398e-03,9.572178e-04,2.613907e-03,1.701708e-03,2.207644e-02
7.148907e-02,1.191535e-02,9.431345e-02,4.749827e-02,1.302287e-02,2.074075e-02,9.445411e-03,5.689253e-01,3.775241e-02,1.245345e-02,7.171505e-03,1.404129e-03,8.512880e-02,1.263589e-03,1.747571e-02
9.973392e-02,1.257275e-02,7.243602e-02,4.663607e-02,1.140393e-02,2.128339e-02,1.703013e-02,4.972180e-01,2.870245e-02,9.637829e-03,9.782970e-03,8.338723e-03,1.452578e-01,1.393736e-03,1.857230e-02
8.270330e-02,9.552739e-03,5.275815e-02,3.879455e-02,8.898160e-03,1.746801e-02,2.559466e-02,4.239228e-01,2.428133e-02,7.897971e-03,2.469089e-02,4.638487e-02,2.168733e-01,4.267207e-03,1.591210e-02
7.125363e-02,8.575639e-03,3.862524e-02,3.449199e-02,8.463781e-03,1.647559e-02,2.635518e-02,3.020395e-01,2.235497e-02,6.005794e-03,2.215006e-02,6.089940e-02,3.387273e-01,3.079285e-03,4.050263e-02
1.096923e-01,1.517696e-02,3.742693e-02,5.590608e-02,2.072781e-02,2.048891e-02,3.659824e-02,2.282304e-01,5.121585e-02,5.228173e-03,2.319612e-02,5.773455e-02,2.972751e-01,4.715919e-03,3.638662e-02
8.308871e-02,1.329323e-02,2.816204e-02,4.523259e-02,1.958292e-02,2.450978e-02,3.961379e-02,1.604823e-01,4.572640e-02,4.151613e-03,2.510980e-02,1.234320e-01,3.557320e-01,4.309017e-03,2.757382e-02
5.936115e-02,1.238941e-02,2.789368e-02,3.721512e-02,2.208576e-02,2.045852e-02,3.352800e-02,1.136368e-01,4.118993e-02,3.591160e-03,3.157154e-02,2.150725e-01,3.563148e-01,3.163394e-03,2.252816e-02
4.555045e-02,9.530264e-03,1.983405e-02,2.678381e-02,2.012778e-02,1.764508e-02,2.558813e-02,7.985786e-02,3.163957e-02,3.564288e-03,2.880233e-02,2.708756e-01,3.970941e-01,2.672708e-03,2.043404e-02
3.505626e-02,7.087501e-03,1.395255e-02,1.940652e-02,2.063556e-02,2.224090e-02,1.958432e-02,5.648826e-02,2.371934e-02,4.261707e-03,3.836809e-02,2.624776e-01,4.589495e-01,2.464324e-03,1.530753e-02
2.534037e-02,5.079918e-03,9.908672e-03,1.368312e-02,1.620918e-02,1.645699e-02,1.387999e-02,3.956911e-02,1.720144e-02,4.318708e-03,3.514139e-02,4.179345e-01,3.718708e-01,1.927184e-03,1.147857e-02
1.794796e-02,3.734234e-03,7.459868e-03,9.601235e-03,1.411264e-02,1.212017e-02,1.032720e-02,2.778769e-02,1.238287e-02,4.329452e-03,2.920721e-02,5.496063e-01,2.907136e-01,1.521807e-03,9.147714e-03
1.293848e-02,2.744037e-03,5.704325e-03,6.745619e-03,1.247511e-02,9.015139e-03,8.051296e-03,1.967562e-02,8.838702e-03,3.741433e-03,2.334276e-02,6.603665e-01,2.183827e-01,1.165783e-03,6.812399e-03
1.008293e-02,2.028133e-03,4.191340e-03,4.755422e-03,1.229993e-02,6.544979e-03,5.771843e-03,1.388184e-02,6.364865e-03,3.084377e-03,1.817262e-02,6.953596e-01,2.115668e-01,9.076259e-04,4.987693e-03
7.852414e-03,1.655160e-03,3.403546e-03,3.373819e-03,1.330312e-02,4.902748e-03,4.413663e-03,1.003456e-02,5.197270e-03,2.582816e-03,1.444444e-02,6.860648e-01,2.377784e-01,7.055383e-04,4.287727e-03
8.702661e-03,1.976784e-03,3.872234e-03,2.633076e-03,1.320251e-02,1.056738e-02,5.857467e-03,8.129287e-03,5.298023e-03,2.773406e-03,1.256979e-02,6.876334e-01,2.317995e-01,7.899307e-04,4.194573e-03
1.745895e-02,5.184080e-03,5.283832e-03,2.508127e-03,2.291223e-02,1.135139e-02,8.251585e-03,1.425942e-02,1.051527e-02,3.937555e-03,1.484280e-02,6.170710e-01,2.614401e-01,1.058984e-03,3.924768e-03
1.917283e-02,6.162515e-03,4.990137e-03,2.323454e-03,2.043901e-02,1.113920e-02,6.480958e-03,1.218859e-02,1.167511e-02,3.465016e-03,1.426284e-02,6.196144e-01,2.638641e-01,1.008158e-03,3.213781e-03
2.123156e-02,6.918480e-03,4.109296e-03,1.868336e-03,3.626052e-02,1.149787e-02,9.393060e-03,1.269150e-02,5.794162e-02,3.490001e-03,1.366887e-02,5.888067e-01,2.281435e-01,8.718898e-04,3.106770e-03
2.069513e-02,1.211826e-02,4.271226e-03,1.836948e-03,4.178891e-02,2.510383e-02,8.591568e-03,1.421138e-02,9.327883e-02,5.043730e-03,1.366916e-02,5.466717e-01,2.084939e-01,1.248790e-03,2.976584e-03
2.156089e-02,2.025243e-02,5.547409e-03,2.016955e-03,4.581114e-02,2.450619e-02,8.570052e-03,2.073506e-02,1.452387e-01,5.063314e-03,1.422605e-02,5.149174e-01,1.676815e-01,1.341744e-03,2.531124e-03
2.291607e-02,3.005974e-02,4.992759e-03,1.912738e-03,3.771011e-02,3.301311e-02,1.116051e-02,3.082430e-02,2.359036e-01,4.377570e-03,1.186719e-02,4.433304e-01,1.284409e-01,1.154613e-03,2.336407e-03
2.269816e-02,4.070634e-02,6.425256e-03,1.658033e-03,3.351865e-02,4.066769e-02,1.319920e-02,3.249563e-02,3.037420e-01,4.090408e-03,9.688761e-03,3.925020e-01,9.572969e-02,9.847371e-04,1.893546e-03
2.175920e-02,4.017332e-02,7.823441e-03,9.884981e-03,2.970505e-02,4.807646e-02,1.270213e-02,5.226637e-02,4.057394e-01,3.694749e-03,7.960405e-03,2.843366e-01,7.286775e-02,8.171315e-04,2.193055e-03
1.913535e-02,3.755156e-02,6.944087e-03,1.177260e-02,2.875294e-02,6.801258e-02,1.313979e-02,9.700986e-02,4.292301e-01,4.275294e-03,6.417885e-03,2.172372e-01,5.593855e-02,8.979883e-04,3.684223e-03
2.346263e-02,3.860662e-02,5.965141e-03,1.025710e-02,4.179288e-02,7.900615e-02,1.534388e-02,9.771615e-02,4.735056e-01,3.647365e-03,4.786002e-03,1.595501e-01,4.220549e-02,7.067664e-04,3.448162e-03
3.927560e-02,3.681366e-02,6.115747e-03,9.821681e-03,7.421376e-02,1.318433e-01,3.027118e-02,7.922977e-02,4.296623e-01,4.028949e-03,3.521392e-03,1.145155e-01,3.149427e-02,6.152953e-04,8.577561e-03
4.041304e-02,5.192645e-02,5.546006e-03,9.271725e-03,6.959954e-02,1.926233e-01,2.535887e-02,6.030925e-02,4.138200e-01,4.851578e-03,2.779573e-03,8.888558e-02,2.371889e-02,5.511977e-04,1.034505e-02
3.115509e-02,1.312746e-01,5.868820e-03,4.955070e-02,5.472008e-02,1.616255e-01,1.830173e-02,4.739390e-02,3.561889e-01,8.886287e-03,2.538572e-03,6.314639e-02,1.807768e-02,5.323988e-04,5.073932e-02
2.433393e-02,2.130224e-01,4.500811e-03,4.192256e-02,5.323120e-02,1.477573e-01,1.378017e-02,4.164841e-02,3.465772e-01,7.818647e-03,2.679477e-03,4.515857e-02,1.635260e-02,4.453122e-04,4.077136e-02
2.203280e-02,2.216219e-01,4.217537e-03,4.800839e-02,5.986878e-02,1.605334e-01,1.193121e-02,4.935499e-02,3.259076e-01,8.003289e-03,2.806745e-03,3.225581e-02,1.349728e-02,4.192520e-04,3.954097e-02
1.797955e-02,2.502277e-01,4.164325e-03,9.046362e-02,4.434584e-02,1.312503e-01,8.532252e-03,3.903607e-02,3.148724e-01,1.627186e-02,4.452896e-03,2.296720e-02,1.183045e-02,5.307946e-04,4.307473e-02
1.562336e-02,2.821624e-01,3.720549e-03,8.602600e-02,3.481947e-02,1.237508e-01,6.786705e-03,3.843777e-02,3.091868e-01,1.619889e-02,7.236785e-03,1.738743e-02,1.929553e-02,6.215834e-04,3.874584e-02
1.156835e-02,2.898454e-01,4.749734e-03,8.510508e-02,2.458071e-02,8.835079e-02,4.780989e-03,2.876692e-02,3.766882e-01,1.435700e-02,7.700861e-03,1.309694e-02,1.747795e-02,5.894979e-04,3.234164e-02
1.106438e-02,2.496274e-01,5.085729e-03,7.816209e-02,1.788101e-02,6.442125e-02,3.447396e-03,2.359203e-02,4.138716e-01,1.208567e-02,1.514687e-02,1.025109e-02,1.835899e-02,1.637686e-03,7.536688e-02
1.086883e-02,2.001307e-01,5.168938e-03,9.041554e-02,1.325059e-02,4.798615e-02,2.498496e-03,2.022152e-02,4.405335e-01,1.250816e-02,2.060338e-02,8.658378e-03,1.933170e-02,4.765114e-03,1.030590e-01
9.506717e-03,1.419504e-01,4.128280e-03,7.280095e-02,1.001923e-02,3.443994e-02,1.789314e-03,1.506728e-02,3.649504e-01,9.288850e-03,3.649450e-02,8.075892e-03,3.295752e-02,7.440113e-03,2.510906e-01
8.011110e-03,1.017525e-01,3.200361e-03,6.406129e-02,7.320454e-03,2.597916e-02,1.318900e-03,1.140415e-02,3.933370e-01,7.560400e-03,4.964822e-02,1.040306e-02,3.591607e-02,2.087473e-02,2.592126e-01
6.275178e-03,7.202091e-02,2.603394e-03,4.650570e-02,5.546040e-03,1.849289e-02,9.681179e-04,8.089658e-03,3.436955e-01,6.701476e-03,9.926854e-02,2.143724e-02,4.700813e-02,3.625743e-02,2.851298e-01
5.046636e-03,5.296452e-02,2.122817e-03,3.410235e-02,7.360300e-03,1.379971e-02,7.755607e-04,5.891053e-03,3.311201e-01,5.935155e-03,1.825953e-01,3.334326e-02,5.164520e-02,3.566682e-02,2.376312e-01
3.991661e-03,3.883919e-02,1.686987e-03,2.475185e-02,5.485870e-03,1.004377e-02,5.803658e-04,4.224073e-03,2.651972e-01,5.694616e-03,3.358932e-01,3.458648e-02,4.598705e-02,3.292255e-02,1.901151e-01
4.353075e-03,3.074779e-02,3.406451e-03,1.973926e-02,5.352732e-03,9.365179e-03,4.966387e-04,3.987797e-03,2.481402e-01,1.061071e-02,3.539165e-01,3.482957e-02,4.139279e-02,5.118874e-02,1.824726e-01
3.733936e-03,2.641447e-02,9.925809e-03,1.503055e-02,5.234568e-03,8.001644e-03,4.491224e-04,4.089759e-03,2.201354e-01,1.382928e-02,3.238486e-01,3.072653e-02,3.555538e-02,7.795278e-02,2.250721e-01
3.527613e-03,1.937154e-02,1.606398e-02,1.191331e-02,8.123929e-03,7.058839e-03,5.365391e-04,3.602512e-03,1.680984e-01,1.592605e-02,3.179720e-01,2.377247e-02,2.888087e-02,8.435048e-02,2.908014e-01
3.777700e-03,1.481719e-02,1.582539e-02,9.626627e-03,1.063972e-02,5.639716e-03,4.404431e-04,4.348048e-03,1.288005e-01,3.191477e-02,3.281989e-01,2.445111e-02,3.429350e-02,1.014809e-01,2.857455e-01
3.316885e-03,1.500927e-02,3.885175e-02,7.575715e-03,1.453282e-02,5.781057e-03,4.053753e-04,3.634985e-03,1.107138e-01,4.375676e-02,3.358025e-01,2.375774e-02,3.868455e-02,1.292403e-01,2.289366e-01
2.920621e-03,1.171371e-02,3.146062e-02,5.681922e-03,1.394626e-02,6.116945e-03,4.653121e-04,3.200218e-03,9.302787e-02,5.410970e-02,3.338672e-01,3.295768e-02,3.880409e-02,1.066470e-01,2.650809e-01
2.557475e-03,8.972210e-03,2.480364e-02,4.389037e-03,1.565527e-02,7.209030e-03,1.053210e-03,2.974411e-03,9.040245e-02,4.784267e-02,3.789403e-01,3.149009e-02,3.473095e-02,8.244314e-02,2.665361e-01
3.371958e-03,1.306657e-02,2.511123e-02,3.268199e-03,4.005683e-02,5.542912e-03,2.736733e-03,3.784120e-03,2.089027e-01,3.501941e-02,3.567911e-01,2.364050e-02,2.948567e-02,5.990183e-02,1.893203e-01
3.607912e-03,1.502667e-02,2.111649e-02,2.931882e-03,4.635661e-02,4.649273e-03,3.013832e-03,3.975553e-03,2.075040e-01,2.787612e-02,4.309545e-01,1.963078e-02,2.490612e-02,4.440631e-02,1.440441e-01
5.134776e-03,1.432476e-02,2.211880e-02,2.568381e-03,7.720028e-02,4.520379e-03,6.605014e-03,1.746113e-02,2.204415e-01,2.269714e-02,4.321722e-01,1.601493e-02,2.323258e-02,3.373234e-02,1.017758e-01
7.596252e-03,1.456252e-02,2.550888e-02,3.149867e-03,1.023336e-01,5.029032e-03,5.498507e-03,8.126969e-02,1.989011e-01,1.792179e-02,4.101594e-01,1.281633e-02,1.887829e-02,2.435926e-02,7.201543e-02
8.824563e-03,2.552999e-02,2.235346e-02,4.437628e-03,1.342350e-01,5.417561e-03,4.611968e-03,7.712555e-02,2.553877e-01,1.395013e-02,3.525729e-01,1.094956e-02,1.516814e-02,1.797322e-02,5.146266e-02
1.408211e-02,2.181549e-02,2.574963e-02,4.093532e-03,1.657970e-01,4.932956e-03,4.005753e-03,1.526082e-01,2.617649e-01,1.075798e-02,2.630320e-01,8.448727e-03,1.213254e-02,1.405508e-02,3.672424e-02
1.391653e-02,2.417872e-02,2.116274e-02,3.687200e-03,2.161095e-01,5.629034e-03,3.419738e-03,1.957746e-01,2.487146e-01,1.112236e-02,1.886123e-01,6.848091e-03,9.946711e-03,2.390386e-02,2.697412e-02
1.659062e-02,2.290841e-02,1.680495e-02,3.369039e-03,2.749555e-01,7.023131e-03,3.874904e-03,1.784632e-01,2.671894e-01,9.876926e-03,1.369920e-01,6.019579e-03,8.597767e-03,2.759762e-02,1.973696e-02
2.170704e-02,2.141678e-02,1.511238e-02,6.220111e-03,2.785392e-01,6.706046e-03,3.405491e-03,2.707770e-01,2.227627e-01,7.131842e-03,9.733886e-02,4.758148e-03,7.003408e-03,2.303861e-02,1.408232e-02
3.057496e-02,3.209818e-02,2.258844e-02,1.039523e-02,3.093921e-01,7.099765e-03,3.243164e-03,2.802020e-01,1.913132e-01,5.126250e-03,6.881787e-02,3.774088e-03,6.193073e-03,1.904802e-02,1.013373e-02
4.744163e-02,2.965211e-02,3.310614e-02,1.196000e-02,3.350198e-01,1.233765e-02,4.902955e-03,2.188502e-01,2.147924e-01,3.727910e-03,4.966176e-02,5.606539e-03,7.952290e-03,1.693740e-02,8.051281e-03
6.417081e-02,2.481454e-02,1.259095e-01,2.832373e-02,2.846647e-01,1.070388e-02,7.301659e-03,1.976010e-01,1.809348e-01,3.032347e-03,3.609179e-02,8.411005e-03,8.496819e-03,1.267904e-02,6.864442e-03
5.999066e-02,1.904519e-02,2.013309e-01,1.340560e-01,2.172891e-01,8.418092e-03,6.429405e-03,1.581240e-01,1.345815e-01,2.419476e-03,2.585164e-02,8.797385e-03,8.737469e-03,8.971983e-03,5.957152e-03
6.178793e-02,1.391841e-02,2.159261e-01,2.522233e-01,1.577692e-01,6.694249e-03,5.081913e-03,1.397944e-01,9.879208e-02,2.049795e-03,1.902412e-02,8.017448e-03,7.943854e-03,6.462081e-03,4.515144e-03
6.459185e-02,1.161614e-02,2.674165e-01,2.509880e-01,1.547785e-01,5.531360e-03,4.942044e-03,1.187175e-01,8.370872e-02,2.453593e-03,1.429958e-02,5.982567e-03,6.398567e-03,4.808910e-03,3.766146e-03
9.466656e-02,1.393240e-02,2.123067e-01,3.473257e-01,1.171438e-01,5.823459e-03,3.942803e-03,9.419650e-02,6.590772e-02,4.627341e-03,1.359942e-02,5.367300e-03,8.670589e-03,5.244997e-03,7.244751e-03
1.791168e-01,1.388484e-02,1.787342e-01,3.360225e-01,8.794786e-02,7.857751e-03,3.686213e-03,7.193805e-02,7.019539e-02,5.278605e-03,1.198668e-02,8.216576e-03,1.016314e-02,5.210275e-03,9.761121e-03
2.567414e-01,1.862378e-02,1.620682e-01,2.576902e-01,8.516435e-02,1.322961e-02,4.859398e-03,6.661001e-02,7.074318e-02,4.393744e-03,1.076428e-02,8.193918e-03,2.417231e-02,5.246351e-03,1.149933e-02
2.671655e-01,1.866725e-02,1.625638e-01,2.106310e-01,1.000491e-01,3.813877e-02,6.091625e-03,6.388213e-02,6.514048e-02,5.039873e-03,1.124661e-02,1.068558e-02,2.590589e-02,5.183203e-03,9.609373e-03
3.436620e-01,2.134348e-02,1.329315e-01,1.577214e-01,8.582844e-02,5.086618e-02,1.001355e-02,5.794683e-02,5.640720e-02,7.910177e-03,1.094109e-02,1.573563e-02,3.286121e-02,5.111520e-03,1.071982e-02
3.306875e-01,1.836067e-02,9.556707e-02,1.138067e-01,6.864579e-02,4.320830e-02,8.360999e-03,4.856841e-02,5.345987e-02,6.464276e-03,1.366011e-02,3.067473e-02,1.499296e-01,5.016251e-03,1.358980e-02
2.798157e-01,1.391125e-02,6.711579e-02,8.101470e-02,5.260896e-02,3.287989e-02,6.193498e-03,3.531389e-02,4.152835e-02,4.721584e-03,1.100069e-02,4.106392e-02,3.175845e-01,3.813378e-03,1.143390e-02
2.439009e-01,1.210291e-02,4.744477e-02,5.846050e-02,4.133604e-02,2.449447e-02,4.690560e-03,2.748687e-02,3.319216e-02,3.490894e-03,9.028055e-03,4.225297e-02,4.386161e-01,2.937422e-03,1.056543e-02
2.438416e-01,1.009674e-02,3.433105e-02,4.348652e-02,3.193702e-02,2.049849e-02,3.656804e-03,2.079886e-02,2.582464e-02,2.591843e-03,7.492686e-03,3.613114e-02,5.078417e-01,2.673216e-03,8.797673e-03
2.056685e-01,7.911585e-03,2.422331e-02,3.166755e-02,2.943002e-02,1.621215e-02,2.695051e-03,1.511529e-02,1.982805e-02,1.892188e-03,5.846538e-03,3.479737e-02,5.959651e-01,1.975754e-03,6.771590e-03
1.573105e-01,5.907897e-03,1.768385e-02,2.247121e-02,2.707803e-02,1.209553e-02,2.046253e-03,1.316627e-02,1.498554e-02,1.387622e-03,4.402567e-03,2.867253e-02,6.859757e-01,1.508926e-03,5.307576e-03
1.760224e-01,4.806079e-03,1.337786e-02,1.655221e-02,2.193284e-02,1.235641e-02,2.428288e-03,1.348650e-02,1.119326e-02,1.045849e-03,3.321025e-03,2.525432e-02,6.925815e-01,1.383344e-03,4.258086e-03
2.083850e-01,5.305547e-03,1.539211e-02,1.868342e-02,2.659091e-02,1.311342e-02,2.595230e-03,1.675807e-02,1.003184e-02,9.809043e-04,2.711371e-03,2.343931e-02,6.501547e-01,1.220364e-03,4.637889e-03
1.811928e-01,5.338947e-03,2.142854e-02,1.784310e-02,2.543788e-02,1.389133e-02,7.773798e-03,1.170140e-01,9.428740e-03,1.131228e-03,2.254656e-03,1.977416e-02,5.723627e-01,1.058415e-03,4.069722e-03
1.777049e-01,6.246139e-03,2.282628e-02,1.487223e-02,2.775181e-02,1.800375e-02,2.151712e-02,1.952110e-01,1.043486e-02,9.313556e-04,1.761610e-03,1.913078e-02,4.796858e-01,8.859464e-04,3.036392e-03
1.435134e-01,4.671259e-03,1.838635e-02,1.128083e-02,2.350257e-02,1.519214e-02,2.091498e-02,3.902767e-01,7.873476e-03,6.664789e-04,1.297729e-03,1.362759e-02,3.459537e-01,6.633037e-04,2.179468e-03
1.500322e-01,3.598860e-03,1.302401e-02,8.511982e-03,1.780966e-02,1.185171e-02,1.510610e-02,5.092633e-01,5.982377e-03,5.124824e-04,1.069544e-03,9.730997e-03,2.513846e-01,5.095612e-04,1.612616e-03
1.234973e-01,2.659624e-03,9.221227e-03,6.297478e-03,1.346751e-02,8.877352e-03,1.075972e-02,6.344168e-01,4.461623e-03,3.719904e-04,7.987028e-04,6.860252e-03,1.767721e-01,3.776776e-04,1.160725e-03
1.197719e-01,1.937322e-03,6.546362e-03,4.672424e-03,1.026647e-02,7.589353e-03,7.800159e-03,7.067991e-01,3.264925e-03,2.823606e-04,6.480066e-04,4.938237e-03,1.242977e-01,2.915418e-04,8.941006e-04
1.044877e-01,1.406850e-03,4.668206e-03,3.497271e-03,7.943134e-03,6.955309e-03,5.861153e-03,7.700440e-01,2.348640e-03,2.151116e-04,5.177512e-04,3.620873e-03,8.750205e-02,2.314147e-04,7.005603e-04
9.692925e-02,1.027015e-03,3.449599e-03,2.621189e-03,6.512199e-03,6.185030e-03,4.774496e-03,8.112681e-01,1.727301e-03,1.571160e-04,4.131972e-04,2.725195e-03,6.148775e-02,1.783179e-04,5.442297e-04
7.926724e-02,7.811876e-04,2.739631e-03,2.226301e-03,5.060792e-03,6.402979e-03,4.490699e-03,8.509017e-01,1.256751e-03,1.190384e-04,3.379862e-04,2.022917e-03,4.383129e-02,1.353499e-04,4.261587e-04
6.262753e-02,6.316719e-04,2.563343e-03,1.986044e-03,3.914576e-03,5.643549e-03,3.924585e-03,8.838990e-01,9.139118e-04,1.145724e-04,3.212960e-04,1.643389e-03,3.126147e-02,1.259829e-04,4.291522e-04
4.945494e-02,4.799268e-04,2.523363e-03,1.762492e-03,2.903785e-03,5.071310e-03,3.506629e-03,9.093746e-01,6.612833e-04,1.008277e-04,3.025468e-04,1.286824e-03,2.203457e-02,1.105775e-04,4.264157e-04
3.772266e-02,3.766272e-04,2.025681e-03,1.346915e-03,2.103759e-03,3.967987e-03,2.776979e-03,9.318944e-01,4.870730e-04,9.239244e-05,2.528236e-04,9.710112e-04,1.551410e-02,8.503684e-05,3.825595e-04
3.001387e-02,2.846328e-04,2.460663e-03,1.087239e-03,1.539679e-03,3.008371e-03,2.133728e-03,9.467878e-01,3.663795e-04,9.875009e-05,2.020265e-04,7.499752e-04,1.090605e-02,6.297353e-05,2.978899e-04
2.848898e-02,2.275354e-04,2.437194e-03,8.620935e-04,1.227328e-03,2.631879e-03,1.750554e-03,9.531397e-01,2.812770e-04,1.146846e-04,1.791274e-04,6.232416e-04,7.681492e-03,5.269316e-05,3.023722e-04
2.669114e-02,1.952113e-04,2.319743e-03,6.930339e-04,9.302346e-04,2.432626e-03,1.484891e-03,9.579843e-01,2.494519e-04,1.712115e-04,1.946006e-04,6.102141e-04,5.455671e-03,5.384987e-05,5.339162e-04
3.307749e-02,4.322629e-04,7.753477e-03,2.133756e-03,1.170572e-03,5.724162e-03,1.280079e-03,9.337469e-01,7.043816e-04,8.670768e-04,1.204119e-03,3.586748e-03,4.771574e-03,6.801814e-04,2.867295e-03
3.608342e-02,4.808599e-03,9.733828e-03,1.567525e-02,2.037499e-03,6.770918e-02,1.267129e-03,7.094035e-01,4.884528e-03,1.017641e-02,9.092087e-03,3.038505e-02,4.318121e-02,3.222587e-03,5.233981e-02
2.861334e-02,5.543616e-03,7.558198e-03,1.321951e-02,1.741506e-03,5.436299e-02,1.051959e-03,5.070235e-01,1.281773e-02,1.016982e-02,8.784588e-03,2.606003e-02,3.646714e-02,8.986828e-03,2.775993e-01
2.317121e-02,1.417282e-02,6.428198e-03,1.587863e-02,1.362470e-03,4.959078e-02,1.180994e-03,3.580486e-01,2.886642e-02,1.191304e-02,1.066087e-02,1.179453e-01,6.189922e-02,1.147867e-02,2.874028e-01
2.023169e-02,1.534292e-02,5.016850e-03,1.648989e-02,1.175925e-03,5.172671e-02,1.480985e-03,2.517630e-01,4.601783e-02,9.267034e-03,1.184970e-02,2.095506e-01,9.393871e-02,1.185077e-02,2.542974e-01
1.546245e-02,1.098954e-02,3.638153e-03,1.219683e-02,9.490921e-04,3.960394e-02,1.084806e-03,1.763242e-01,4.421834e-02,7.049199e-03,1.113227e-02,2.743418e-01,2.148020e-01,9.235193e-03,1.789722e-01
1.216113e-02,8.262281e-03,2.641164e-03,8.937666e-03,7.823781e-04,2.933906e-02,8.044473e-04,1.234539e-01,4.615375e-02,6.258332e-03,1.167508e-02,2.701377e-01,3.436304e-01,7.576787e-03,1.281859e-01
1.122467e-02,8.050160e-03,5.853818e-03,7.410670e-03,2.682041e-03,2.352129e-02,9.545370e-04,8.907122e-02,5.292123e-02,9.356676e-03,1.042644e-02,2.245289e-01,4.534132e-01,6.972466e-03,9.361271e-02
9.171506e-03,7.545832e-03,4.543210e-03,5.576024e-03,3.007500e-03,1.766770e-02,7.571703e-04,6.264957e-02,8.956070e-02,1.203720e-02,9.267640e-03,3.455821e-01,3.609007e-01,5.432980e-03,6.630015e-02
7.139492e-03,9.323979e-03,3.523192e-03,4.173914e-03,3.561608e-02,1.250483e-02,6.710290e-04,4.439862e-02,2.957999e-01,9.013979e-03,7.499333e-03,2.508026e-01,2.691102e-01,3.864550e-03,4.655828e-02
6.673631e-03,8.678151e-03,9.869367e-03,4.369441e-03,7.822493e-02,9.713818e-03,1.420045e-03,7.688960e-02,2.685165e-01,7.463465e-03,8.533807e-03,2.348305e-01,2.485191e-01,3.271743e-03,3.302582e-02
5.538492e-03,1.050306e-02,8.909059e-03,3.618923e-03,8.275642e-02,7.507931e-03,1.362014e-03,6.283464e-02,4.012480e-01,6.647895e-03,8.665647e-03,1.909765e-01,1.836286e-01,2.537842e-03,2.326501e-02
8.172109e-03,1.119701e-02,1.133262e-02,6.239100e-03,8.514388e-02,1.288440e-02,1.511303e-03,1.076517e-01,3.940268e-01,6.966282e-03,1.491983e-02,1.725046e-01,1.483477e-01,2.359218e-03,1.674348e-02
9.252473e-03,1.502611e-02,1.172633e-02,6.294598e-03,9.669147e-02,1.646155e-02,1.672089e-03,9.568962e-02,4.130256e-01,9.628182e-03,1.657305e-02,1.757456e-01,1.168498e-01,2.611981e-03,1.275160e-02
1.055059e-02,1.543200e-02,1.256450e-02,7.753125e-03,1.127707e-01,1.526194e-02,1.634761e-03,1.067470e-01,4.151065e-01,9.630895e-03,2.095494e-02,1.615539e-01,9.809575e-02,2.488170e-03,9.455294e-03
1.408078e-02,1.454268e-02,1.821237e-02,2.495419e-02,1.247095e-01,1.323761e-02,1.646781e-03,1.011823e-01,4.002186e-01,8.633493e-03,3.342111e-02,1.411756e-01,9.339895e-02,2.942459e-03,7.643772e-03
2.631957e-02,1.161576e-02,1.607143e-02,2.619667e-02,1.552552e-01,1.194361e-02,2.725143e-03,8.547050e-02,3.889067e-01,7.833450e-03,5.413698e-02,1.174202e-01,8.694068e-02,3.282354e-03,5.881805e-03
2.880454e-02,1.120370e-02,1.369634e-02,2.370597e-02,1.865221e-01,1.277882e-02,4.220911e-03,8.099571e-02,3.621579e-01,1.086106e-02,5.170371e-02,1.127148e-01,9.121533e-02,4.089644e-03,5.329559e-03
2.665100e-02,9.169947e-03,1.016308e-02,1.733652e-02,1.641385e-01,1.720257e-02,3.919397e-03,6.203304e-02,2.792241e-01,9.106290e-03,4.097082e-02,2.203130e-01,1.307361e-01,4.126166e-03,4.909507e-03
3.066576e-02,7.629577e-03,7.388884e-03,1.269990e-02,1.384216e-01,2.773413e-02,3.367033e-03,4.845926e-02,2.196748e-01,7.013313e-03,3.495099e-02,2.959730e-01,1.577484e-01,3.987788e-03,4.285431e-03
4.549693e-02,1.319982e-02,8.699270e-03,9.234498e-02,1.824501e-01,2.876805e-02,5.082543e-03,5.570666e-02,1.832686e-01,6.079545e-03,3.156599e-02,2.199519e-01,1.197669e-01,3.314543e-03,4.304131e-03
5.891131e-02,1.510595e-02,6.738391e-03,6.955820e-02,1.660177e-01,7.220649e-02,4.078365e-03,4.704963e-02,1.812214e-01,5.243997e-03,2.905919e-02,2.076297e-01,1.220776e-01,3.115409e-03,1.198676e-02
