1.000000e+00,0.000000e+00,0.000000e+00,0.000000e+00,0.000000e+00,0.000000e+00,0.000000e+00,0.000000e+00,0.000000e+00,0.000000e+00,0.000000e+00,0.000000e+00,0.000000e+00,0.000000e+00,0.000000e+00
1.000000e+00,0.000000e+00,0.000000e+00,0.000000e+00,0.000000e+00,0.000000e+00,0.000000e+00,0.000000e+00,0.000000e+00,0.000000e+00,0.000000e+00,0.000000e+00,0.000000e+00,0.000000e+00,0.000000e+00
1.000000e+00,0.000000e+00,0.000000e+00,0.000000e+00,0.000000e+00,0.000000e+00,0.000000e+00,0.000000e+00,0.000000e+00,0.000000e+00,0.000000e+00,0.000000e+00,0.000000e+00,0.000000e+00,0.000000e+00
1.000000e+00,0.000000e+00,0.000000e+00,0.000000e+00,0.000000e+00,0.000000e+00,0.000000e+00,0.000000e+00,0.000000e+00,0.000000e+00,0.000000e+00,0.000000e+00,0.000000e+00,0.000000e+00,0.000000e+00
1.000000e+00,0.000000e+00,0.000000e+00,0.000000e+00,0.000000e+00,0.000000e+00,0.000000e+00,0.000000e+00,0.000000e+00,0.000000e+00,0.000000e+00,0.000000e+00,0.000000e+00,0.000000e+00,0.000000e+00
1.000000e+00,0.000000e+00,0.000000e+00,0.000000e+00,0.000000e+00,0.000000e+00,0.000000e+00,0.000000e+00,0.000000e+00,0.000000e+00,0.000000e+00,0.000000e+00,0.000000e+00,0.000000e+00,0.000000e+00
1.000000e+00,0.000000e+00,0.000000e+00,0.000000e+00,0.000000e+00,0.000000e+00,0.000000e+00,0.000000e+00,0.000000e+00,0.000000e+00,0.000000e+00,0.000000e+00,0.000000e+00,0.000000e+00,0.000000e+00
1.000000e+00,0.000000e+00,0.000000e+00,0.000000e+00,0.000000e+00,0.000000e+00,0.000000e+00,0.000000e+00,0.000000e+00,0.000000e+00,0.000000e+00,0.000000e+00,0.000000e+00,0.000000e+00,0.000000e+00
1.000000e+00,0.000000e+00,0.000000e+00,0.000000e+00,0.000000e+00,0.000000e+00,0.000000e+00,0.000000e+00,0.000000e+00,0.000000e+00,0.000000e+00,0.000000e+00,0.000000e+00,0.000000e+00,0.000000e+00
1.000000e+00,0.000000e+00,0.000000e+00,0.000000e+00,0.000000e+00,0.000000e+00,0.000000e+00,0.000000e+00,0.000000e+00,0.000000e+00,0.000000e+00,0.000000e+00,0.000000e+00,0.000000e+00,0.000000e+00
1.000000e+00,0.000000e+00,0.000000e+00,0.000000e+00,0.000000e+00,0.000000e+00,0.000000e+00,0.000000e+00,0.000000e+00,0.000000e+00,0.000000e+00,0.000000e+00,0.000000e+00,0.000000e+00,0.000000e+00
1.000000e+00,0.000000e+00,0.000000e+00,0.000000e+00,0.000000e+00,0.000000e+00,0.000000e+00,0.000000e+00,0.000000e+00,0.000000e+00,0.000000e+00,0.000000e+00,0.000000e+00,0.000000e+00,0.000000e+00
1.000000e+00,0.000000e+00,0.000000e+00,0.000000e+00,0.000000e+00,0.000000e+00,0.000000e+00,0.000000e+00,0.000000e+00,0.000000e+00,0.000000e+00,0.000000e+00,0.000000e+00,0.000000e+00,0.000000e+00
1.000000e+00,0.000000e+00,0.000000e+00,0.000000e+00,0.000000e+00,0.000000e+00,0.000000e+00,0.000000e+00,0.000000e+00,0.000000e+00,0.000000e+00,0.000000e+00,0.000000e+00,0.000000e+00,0.000000e+00
1.000000e+00,0.000000e+00,0.000000e+00,0.000000e+00,0.000000e+00,0.000000e+00,0.000000e+00,0.000000e+00,0.000000e+00,0.000000e+00,0.000000e+00,0.000000e+00,0.000000e+00,0.000000e+00,0.000000e+00
1.000000e+00,0.000000e+00,0.000000e+00,0.000000e+00,0.000000e+00,0.000000e+00,0.000000e+00,0.000000e+00,0.000000e+00,0.000000e+00,0.000000e+00,0.000000e+00,0.000000e+00,0.000000e+00,0.000000e+00
1.000000e+00,0.000000e+00,0.000000e+00,0.000000e+00,0.000000e+00,0.000000e+00,0.000000e+00,0.000000e+00,0.000000e+00,0.000000e+00,0.000000e+00,0.000000e+00,0.000000e+00,0.000000e+00,0.000000e+00
1.000000e+00,0.000000e+00,0.000000e+00,0.000000e+00,0.000000e+00,0.000000e+00,0.000000e+00,0.000000e+00,0.000000e+00,0.000000e+00,0.000000e+00,0.000000e+00,0.000000e+00,0.000000e+00,0.000000e+00
1.000000e+00,0.000000e+00,0.000000e+00,0.000000e+00,0.000000e+00,0.000000e+00,0.000000e+00,0.000000e+00,0.000000e+00,0.000000e+00,0.000000e+00,0.000000e+00,0.000000e+00,0.000000e+00,0.000000e+00
1.000000e+00,0.000000e+00,0.000000e+00,0.000000e+00,0.000000e+00,0.000000e+00,0.000000e+00,0.000000e+00,0.000000e+00,0.000000e+00,0.000000e+00,0.000000e+00,0.000000e+00,0.000000e+00,0.000000e+00
1.000000e+00,0.000000e+00,0.000000e+00,0.000000e+00,0.000000e+00,0.000000e+00,0.000000e+00,0.000000e+00,0.000000e+00,0.000000e+00,0.000000e+00,0.000000e+00,0.000000e+00,0.000000e+00,0.000000e+00
1.000000e+00,0.000000e+00,0.000000e+00,0.000000e+00,0.000000e+00,0.000000e+00,0.000000e+00,0.000000e+00,0.000000e+00,0.000000e+00,0.000000e+00,0.000000e+00,0.000000e+00,0.000000e+00,0.000000e+00
1.000000e+00,0.000000e+00,0.000000e+00,0.000000e+00,0.000000e+00,0.000000e+00,0.000000e+00,0.000000e+00,0.000000e+00,0.000000e+00,0.000000e+00,0.000000e+00,0.000000e+00,0.000000e+00,0.000000e+00
1.000000e+00,0.000000e+00,0.000000e+00,0.000000e+00,0.000000e+00,0.000000e+00,0.000000e+00,0.000000e+00,0.000000e+00,0.000000e+00,0.000000e+00,0.000000e+00,0.000000e+00,0.000000e+00,0.000000e+00
1.000000e+00,0.000000e+00,0.000000e+00,0.000000e+00,0.000000e+00,0.000000e+00,0.000000e+00,0.000000e+00,0.000000e+00,0.000000e+00,0.000000e+00,0.000000e+00,0.000000e+00,0.000000e+00,0.000000e+00
1.000000e+00,0.000000e+00,0.000000e+00,0.000000e+00,0.000000e+00,0.000000e+00,0.000000e+00,0.000000e+00,0.000000e+00,0.000000e+00,0.000000e+00,0.000000e+00,0.000000e+00,0.000000e+00,0.000000e+00
1.000000e+00,0.000000e+00,0.000000e+00,0.000000e+00,0.000000e+00,0.000000e+00,0.000000e+00,0.000000e+00,0.000000e+00,0.000000e+00,0.000000e+00,0.000000e+00,0.000000e+00,0.000000e+00,0.000000e+00
1.000000e+00,0.000000e+00,0.000000e+00,0.000000e+00,0.000000e+00,0.000000e+00,0.000000e+00,0.000000e+00,0.000000e+00,0.000000e+00,0.000000e+00,0.000000e+00,0.000000e+00,0.000000e+00,0.000000e+00
1.000000e+00,0.000000e+00,0.000000e+00,0.000000e+00,0.000000e+00,0.000000e+00,0.000000e+00,0.000000e+00,0.000000e+00,0.000000e+00,0.000000e+00,0.000000e+00,0.000000e+00,0.000000e+00,0.000000e+00
1.000000e+00,0.000000e+00,0.000000e+00,0.000000e+00,0.000000e+00,0.000000e+00,0.000000e+00,0.000000e+00,0.000000e+00,0.000000e+00,0.000000e+00,0.000000e+00,0.000000e+00,0.000000e+00,0.000000e+00
1.000000e+00,0.000000e+00,0.000000e+00,0.000000e+00,0.000000e+00,0.000000e+00,0.000000e+00,0.000000e+00,0.000000e+00,0.000000e+00,0.000000e+00,0.000000e+00,0.000000e+00,0.000000e+00,0.000000e+00
1.000000e+00,0.000000e+00,0.000000e+00,0.000000e+00,0.000000e+00,0.000000e+00,0.000000e+00,0.000000e+00,0.000000e+00,0.000000e+00,0.000000e+00,0.000000e+00,0.000000e+00,0.000000e+00,0.000000e+00
1.000000e+00,0.000000e+00,0.000000e+00,0.000000e+00,0.000000e+00,0.000000e+00,0.000000e+00,0.000000e+00,0.000000e+00,0.000000e+00,0.000000e+00,0.000000e+00,0.000000e+00,0.000000e+00,0.000000e+00
1.000000e+00,0.000000e+00,0.000000e+00,0.000000e+00,0.000000e+00,0.000000e+00,0.000000e+00,0.000000e+00,0.000000e+00,0.000000e+00,0.000000e+00,0.000000e+00,0.000000e+00,0.000000e+00,0.000000e+00
1.000000e+00,0.000000e+00,0.000000e+00,0.000000e+00,0.000000e+00,0.000000e+00,0.000000e+00,0.000000e+00,0.000000e+00,0.000000e+00,0.000000e+00,0.000000e+00,0.000000e+00,0.000000e+00,0.000000e+00
1.000000e+00,0.000000e+00,0.000000e+00,0.000000e+00,0.000000e+00,0.000000e+00,0.000000e+00,0.000000e+00,0.000000e+00,0.000000e+00,0.000000e+00,0.000000e+00,0.000000e+00,0.000000e+00,0.000000e+00
1.000000e+00,0.000000e+00,0.000000e+00,0.000000e+00,0.000000e+00,0.000000e+00,0.000000e+00,0.000000e+00,0.000000e+00,0.000000e+00,0.000000e+00,0.000000e+00,0.000000e+00,0.000000e+00,0.000000e+00
1.000000e+00,0.000000e+00,0.000000e+00,0.000000e+00,0.000000e+00,0.000000e+00,0.000000e+00,0.000000e+00,0.000000e+00,0.000000e+00,0.000000e+00,0.000000e+00,0.000000e+00,0.000000e+00,0.000000e+00
1.000000e+00,0.000000e+00,0.000000e+00,0.000000e+00,0.000000e+00,0.000000e+00,0.000000e+00,0.000000e+00,0.000000e+00,0.000000e+00,0.000000e+00,0.000000e+00,0.000000e+00,0.000000e+00,0.000000e+00
1.000000e+00,0.000000e+00,0.000000e+00,0.000000e+00,0.000000e+00,0.000000e+00,0.000000e+00,0.000000e+00,0.000000e+00,0.000000e+00,0.000000e+00,0.000000e+00,0.000000e+00,0.000000e+00,0.000000e+00
1.000000e+00,0.000000e+00,0.000000e+00,0.000000e+00,0.000000e+00,0.000000e+00,0.000000e+00,0.000000e+00,0.000000e+00,0.000000e+00,0.000000e+00,0.000000e+00,0.000000e+00,0.000000e+00,0.000000e+00
1.000000e+00,0.000000e+00,0.000000e+00,0.000000e+00,0.000000e+00,0.000000e+00,0.000000e+00,0.000000e+00,0.000000e+00,0.000000e+00,0.000000e+00,0.000000e+00,0.000000e+00,0.000000e+00,0.000000e+00
1.000000e+00,0.000000e+00,0.000000e+00,0.000000e+00,0.000000e+00,0.000000e+00,0.000000e+00,0.000000e+00,0.000000e+00,0.000000e+00,0.000000e+00,0.000000e+00,0.000000e+00,0.000000e+00,0.000000e+00
1.000000e+00,0.000000e+00,0.000000e+00,0.000000e+00,0.000000e+00,0.000000e+00,0.000000e+00,0.000000e+00,0.000000e+00,0.000000e+00,0.000000e+00,0.000000e+00,0.000000e+00,0.000000e+00,0.000000e+00
1.000000e+00,0.000000e+00,0.000000e+00,0.000000e+00,0.000000e+00,0.000000e+00,0.000000e+00,0.000000e+00,0.000000e+00,0.000000e+00,0.000000e+00,0.000000e+00,0.000000e+00,0.000000e+00,0.000000e+00
1.000000e+00,0.000000e+00,0.000000e+00,0.000000e+00,0.000000e+00,0.000000e+00,0.000000e+00,0.000000e+00,0.000000e+00,0.000000e+00,0.000000e+00,0.000000e+00,0.000000e+00,0.000000e+00,0.000000e+00
1.000000e+00,0.000000e+00,0.000000e+00,0.000000e+00,0.000000e+00,0.000000e+00,0.000000e+00,0.000000e+00,0.000000e+00,0.000000e+00,0.000000e+00,0.000000e+00,0.000000e+00,0.000000e+00,0.000000e+00
1.000000e+00,0.000000e+00,0.000000e+00,0.000000e+00,0.000000e+00,0.000000e+00,0.000000e+00,0.000000e+00,0.000000e+00,0.000000e+00,0.000000e+00,0.000000e+00,0.000000e+00,0.000000e+00,0.000000e+00
1.000000e+00,0.000000e+00,0.000000e+00,0.000000e+00,0.000000e+00,0.000000e+00,0.000000e+00,0.000000e+00,0.000000e+00,0.000000e+00,0.000000e+00,0.000000e+00,0.000000e+00,0.000000e+00,0.000000e+00
1.000000e+00,0.000000e+00,0.000000e+00,0.000000e+00,0.000000e+00,0.000000e+00,0.000000e+00,0.000000e+00,0.000000e+00,0.000000e+00,0.000000e+00,0.000000e+00,0.000000e+00,0.000000e+00,0.000000e+00
1.000000e+00,0.000000e+00,0.000000e+00,0.000000e+00,0.000000e+00,0.000000e+00,0.000000e+00,0.000000e+00,0.000000e+00,0.000000e+00,0.000000e+00,0.000000e+00,0.000000e+00,0.000000e+00,0.000000e+00
1.000000e+00,0.000000e+00,0.000000e+00,0.000000e+00,0.000000e+00,0.000000e+00,0.000000e+00,0.000000e+00,0.000000e+00,0.000000e+00,0.000000e+00,0.000000e+00,0.000000e+00,0.000000e+00,0.000000e+00
1.000000e+00,0.000000e+00,0.000000e+00,0.000000e+00,0.000000e+00,0.000000e+00,0.000000e+00,0.000000e+00,0.000000e+00,0.000000e+00,0.000000e+00,0.000000e+00,0.000000e+00,0.000000e+00,0.000000e+00
1.000000e+00,0.000000e+00,0.000000e+00,0.000000e+00,0.000000e+00,0.000000e+00,0.000000e+00,0.000000e+00,0.000000e+00,0.000000e+00,0.000000e+00,0.000000e+00,0.000000e+00,0.000000e+00,0.000000e+00
1.000000e+00,0.000000e+00,0.000000e+00,0.000000e+00,0.000000e+00,0.000000e+00,0.000000e+00,0.000000e+00,0.000000e+00,0.000000e+00,0.000000e+00,0.000000e+00,0.000000e+00,0.000000e+00,0.000000e+00
1.000000e+00,0.000000e+00,0.000000e+00,0.000000e+00,0.000000e+00,0.000000e+00,0.000000e+00,0.000000e+00,0.000000e+00,0.000000e+00,0.000000e+00,0.000000e+00,0.000000e+00,0.000000e+00,0.000000e+00
4.561716e-01,7.410941e-03,2.417800e-02,2.632423e-02,1.368491e-02,3.771986e-02,2.726781e-02,3.693961e-01,3.071662e-03,7.713914e-04,4.735689e-03,8.617602e-03,1.325188e-02,1.487973e-03,5.910357e-03
3.320891e-01,5.678185e-03,2.003379e-02,1.966192e-02,1.083260e-02,2.857032e-02,3.246164e-02,5.222052e-01,2.259425e-03,6.482602e-04,3.600422e-03,6.336911e-03,9.889388e-03,1.340052e-03,4.392701e-03
2.557728e-01,4.553557e-03,1.605206e-02,1.517729e-02,1.447396e-02,2.378457e-02,4.685882e-02,5.980920e-01,2.002778e-03,6.327954e-04,3.111416e-03,4.993469e-03,9.411850e-03,1.262123e-03,3.820580e-03
2.075123e-01,3.941715e-03,1.191422e-02,1.133065e-02,2.379918e-02,3.730348e-02,5.389156e-02,6.155068e-01,2.975520e-03,8.001367e-04,5.765331e-03,4.582054e-03,1.550387e-02,1.748274e-03,3.424907e-03
2.283956e-01,7.684903e-03,9.887250e-03,9.370712e-03,4.024608e-02,8.621348e-02,4.179227e-02,4.862822e-01,6.748507e-03,1.648399e-03,5.932824e-03,6.352026e-03,6.220426e-02,1.575150e-03,5.666313e-03
1.818862e-01,7.314011e-03,7.591526e-03,7.244659e-03,3.648496e-02,8.644745e-02,3.116445e-02,3.504470e-01,9.334187e-03,2.467116e-03,6.820076e-03,5.591956e-03,2.594817e-01,1.338128e-03,6.386616e-03
1.494140e-01,7.598178e-03,6.318478e-03,7.182375e-03,3.550143e-02,7.058363e-02,2.451290e-02,2.484301e-01,2.251630e-02,6.761651e-03,9.451823e-03,1.030440e-02,3.814433e-01,2.223286e-03,1.775825e-02
1.079395e-01,9.015664e-03,5.271740e-03,9.158121e-03,2.879560e-02,5.422461e-02,1.887481e-02,1.748190e-01,1.065607e-01,1.469940e-02,9.060343e-03,1.961829e-02,4.017871e-01,2.459712e-03,3.771544e-02
7.785962e-02,6.708290e-03,4.020012e-03,1.785139e-02,2.253650e-02,5.598898e-02,1.635128e-02,1.232207e-01,9.921020e-02,1.337321e-02,1.632370e-02,2.945417e-02,4.638879e-01,4.460771e-03,4.875329e-02
5.675567e-02,5.813968e-03,3.724737e-03,1.595012e-02,1.695371e-02,4.497837e-02,1.313245e-02,8.641034e-02,7.446948e-02,1.048146e-02,1.273244e-02,2.158775e-01,3.992892e-01,3.873209e-03,3.955736e-02
4.222389e-02,4.376856e-03,3.052398e-03,1.192473e-02,1.289799e-02,3.999600e-02,1.025198e-02,6.052805e-02,5.357099e-02,8.903310e-03,1.068822e-02,2.275011e-01,4.637528e-01,3.194366e-03,4.713730e-02
3.137976e-02,3.344955e-03,2.253089e-03,8.808699e-03,9.755364e-03,3.925254e-02,7.579396e-03,4.240274e-02,3.830465e-02,7.492010e-03,1.040067e-02,2.093228e-01,5.363826e-01,2.791077e-03,5.052961e-02
2.404090e-02,3.144233e-03,2.231641e-03,6.346140e-03,1.280513e-02,2.990060e-02,6.486926e-03,2.971082e-02,2.812135e-02,6.828886e-03,1.257956e-02,2.767409e-01,4.608690e-01,2.604816e-03,9.758911e-02
1.755604e-02,2.755272e-03,2.556154e-03,4.651209e-03,1.716871e-02,2.868020e-02,7.474703e-03,2.090077e-02,2.059013e-02,1.128216e-02,1.476848e-02,2.709152e-01,4.298401e-01,2.698930e-03,1.481619e-01
1.301089e-02,2.272244e-03,4.351662e-03,3.454338e-03,1.629212e-02,2.171879e-02,6.005872e-03,1.487461e-02,1.537509e-02,1.545131e-02,1.993458e-02,2.052243e-01,4.221522e-01,2.509665e-03,2.373724e-01
1.073138e-02,2.339917e-03,7.131071e-03,2.611455e-03,1.450553e-02,1.652667e-02,4.442083e-03,1.078575e-02,1.206311e-02,1.938341e-02,2.944366e-02,1.676821e-01,4.364713e-01,3.639194e-03,2.622434e-01
1.145217e-02,4.912828e-03,5.783218e-02,2.592635e-03,1.473129e-02,1.242956e-02,3.675440e-03,8.815449e-03,1.281845e-02,2.284295e-02,2.960824e-02,1.220654e-01,3.523343e-01,4.121622e-03,3.397675e-01
9.822742e-03,7.357083e-03,4.709714e-02,1.970483e-03,1.110904e-02,8.918350e-03,2.668767e-03,6.733694e-03,1.558379e-02,2.118536e-02,2.269878e-02,8.875374e-02,2.553739e-01,3.540420e-03,4.971867e-01
8.356581e-03,2.621251e-02,3.458062e-02,1.549972e-03,8.514397e-03,6.457383e-03,1.886508e-03,5.465807e-03,2.796438e-02,1.746049e-02,1.614405e-02,6.244554e-02,1.797759e-01,2.602390e-03,6.005834e-01
9.915382e-03,1.081287e-01,7.032894e-02,1.592292e-03,9.830911e-03,5.809276e-03,1.847769e-03,7.577717e-03,5.358908e-02,1.275453e-02,1.168903e-02,4.385831e-02,1.266274e-01,2.073020e-03,5.343776e-01
1.065858e-02,2.441866e-01,6.391455e-02,1.626033e-03,1.063587e-02,5.190309e-03,1.390852e-03,6.278520e-03,7.196830e-02,1.057441e-02,8.381575e-03,3.084046e-02,8.901340e-02,1.561633e-03,4.437789e-01
1.160073e-02,3.499175e-01,5.156614e-02,1.865575e-03,2.028849e-02,8.098153e-03,1.215910e-03,6.728414e-03,1.117503e-01,9.401729e-03,6.053920e-03,2.184780e-02,6.264850e-02,1.177848e-03,3.358389e-01
1.601295e-02,4.118944e-01,4.055910e-02,3.406932e-03,4.709070e-02,7.494532e-03,1.456370e-03,1.442154e-02,1.121457e-01,9.121230e-03,4.445889e-03,1.572792e-02,4.430931e-02,1.113519e-03,2.707998e-01
2.988439e-02,4.577072e-01,3.792201e-02,3.426816e-02,6.586319e-02,5.821501e-03,1.291887e-03,2.937378e-02,9.048396e-02,7.282618e-03,3.465237e-03,1.143932e-02,3.150278e-02,8.940249e-04,1.927999e-01
5.315195e-02,5.239786e-01,3.991000e-02,2.660116e-02,6.807114e-02,4.903452e-03,1.006511e-03,2.841964e-02,7.081129e-02,5.781483e-03,3.228713e-03,9.204703e-03,2.339048e-02,1.110655e-03,1.404302e-01
5.757125e-02,5.718584e-01,3.055231e-02,2.031356e-02,9.048514e-02,4.092400e-03,8.328269e-04,3.005439e-02,6.160750e-02,5.019260e-03,2.495776e-03,6.785526e-03,1.693789e-02,1.347356e-03,1.000465e-01
6.856537e-02,5.496843e-01,2.346830e-02,1.669472e-02,1.434681e-01,4.443892e-03,7.802040e-04,2.477646e-02,6.771709e-02,4.697345e-03,2.225990e-03,5.887099e-03,1.242489e-02,1.966770e-03,7.319954e-02
8.979224e-02,5.262114e-01,1.867190e-02,1.283621e-02,1.696607e-01,4.846307e-03,7.088388e-04,2.202533e-02,7.656980e-02,5.322112e-03,2.069636e-03,5.265366e-03,9.210397e-03,3.385911e-03,5.342394e-02
1.387120e-01,4.474571e-01,2.132149e-02,1.269032e-02,1.496970e-01,9.356885e-03,1.179383e-03,1.992854e-02,1.246375e-01,7.420355e-03,2.845116e-03,7.381657e-03,7.471660e-03,4.854384e-03,4.504662e-02
2.445261e-01,3.664078e-01,2.093870e-02,1.547795e-02,1.188513e-01,9.258590e-03,2.149007e-03,1.673122e-02,1.064509e-01,8.558960e-03,7.620050e-03,1.136171e-02,7.464562e-03,9.553248e-03,5.464987e-02
3.113174e-01,3.010350e-01,3.798963e-02,1.968457e-02,9.066207e-02,8.374190e-03,2.267072e-03,1.359412e-02,8.483049e-02,1.253705e-02,9.142232e-03,1.383629e-02,7.393031e-03,1.494413e-02,7.239257e-02
2.289928e-01,2.133237e-01,2.777937e-02,1.448044e-02,6.356341e-02,7.216624e-03,1.635986e-03,9.657491e-03,8.739418e-02,1.649207e-02,7.554462e-03,1.011038e-02,6.283292e-03,4.205162e-02,2.634641e-01
1.659616e-01,1.503759e-01,2.036892e-02,1.041385e-02,4.453218e-02,5.797059e-03,1.183729e-03,6.817527e-03,7.579941e-02,1.322187e-02,5.873834e-03,7.270286e-03,4.827967e-03,7.167555e-02,4.158802e-01
1.430549e-01,1.064414e-01,1.530854e-02,7.596240e-03,3.132026e-02,4.658512e-03,9.297169e-04,5.081767e-03,7.810660e-02,1.728328e-02,1.027035e-02,5.737567e-03,7.106271e-03,1.795913e-01,3.875133e-01
1.215843e-01,7.583334e-02,1.628552e-02,1.097128e-02,2.212333e-02,3.710250e-03,7.207768e-04,3.743425e-03,1.901454e-01,1.696123e-02,9.028515e-03,4.858754e-03,7.608837e-03,1.363715e-01,3.800535e-01
2.337029e-01,5.702990e-02,1.629663e-02,1.370004e-02,1.790640e-02,4.492355e-03,8.072995e-04,4.167354e-03,1.405348e-01,1.352993e-02,1.137384e-02,5.381190e-03,1.286477e-02,1.479097e-01,3.203029e-01
2.600182e-01,5.367664e-02,1.838049e-02,4.491398e-02,1.517018e-02,5.166377e-03,8.704651e-04,3.749571e-03,1.213367e-01,1.095728e-02,1.169508e-02,9.575865e-03,1.241698e-02,1.169233e-01,3.151488e-01
3.396420e-01,4.214292e-02,1.655646e-02,4.466134e-02,1.338284e-02,5.312698e-03,1.077436e-03,3.904737e-03,9.478369e-02,9.329451e-03,1.358244e-02,1.083404e-02,1.265561e-02,1.028406e-01,2.892936e-01
2.522771e-01,3.236829e-02,1.237100e-02,3.204018e-02,9.658800e-03,4.332134e-03,8.139915e-04,2.804165e-03,1.041003e-01,1.174648e-02,1.106687e-02,8.748422e-03,1.045450e-02,1.067992e-01,4.004186e-01
2.086485e-01,2.552167e-02,1.041673e-02,2.322678e-02,7.228618e-03,3.802859e-03,7.004064e-04,2.328670e-03,1.346624e-01,1.712596e-02,1.040111e-02,7.803014e-03,1.218490e-02,1.120651e-01,4.238833e-01
1.638443e-01,2.204958e-02,1.109294e-02,1.714697e-02,6.306408e-03,3.374602e-03,6.819671e-04,2.131425e-03,1.497411e-01,2.606189e-02,1.094448e-02,6.899507e-03,1.583383e-02,1.604821e-01,4.034089e-01
1.997319e-01,1.970207e-02,3.315249e-02,1.465499e-02,8.148041e-03,3.787814e-03,1.063894e-03,3.233779e-03,1.443436e-01,3.074181e-02,1.214913e-02,8.137305e-03,1.717792e-02,1.395189e-01,3.644564e-01
2.047630e-01,1.680404e-02,3.281893e-02,1.083255e-02,1.011543e-02,3.481127e-03,1.085618e-03,2.695415e-03,1.439711e-01,2.969333e-02,1.042528e-02,7.196232e-03,1.630612e-02,1.432778e-01,3.665340e-01
1.693484e-01,1.434398e-02,2.970677e-02,9.273551e-03,8.801408e-03,3.046791e-03,9.293223e-04,2.186996e-03,2.048739e-01,2.677619e-02,8.515949e-03,5.673391e-03,1.257809e-02,1.167818e-01,3.871634e-01
1.733050e-01,1.325670e-02,2.583784e-02,7.445209e-03,7.826174e-03,3.168579e-03,1.065910e-03,2.074126e-03,1.718842e-01,3.311922e-02,9.406148e-03,8.029386e-03,1.635322e-02,2.064906e-01,3.207377e-01
1.531781e-01,1.149798e-02,2.282490e-02,5.590209e-03,7.360829e-03,2.801195e-03,8.565767e-04,1.743785e-03,1.523077e-01,5.892059e-02,1.011568e-02,7.106788e-03,1.647036e-02,2.036289e-01,3.455964e-01
1.549482e-01,1.106216e-02,2.288878e-02,6.292163e-03,1.031916e-02,3.643536e-03,1.351672e-03,3.824552e-03,2.173316e-01,7.258876e-02,1.606628e-02,7.195393e-03,2.126425e-02,1.664849e-01,2.847386e-01
1.725222e-01,1.207123e-02,2.405423e-02,5.914205e-03,1.360532e-02,7.705916e-03,2.238546e-03,4.891928e-03,1.889161e-01,9.355544e-02,3.002453e-02,8.180714e-03,2.909662e-02,1.660516e-01,2.411714e-01
2.699530e-01,1.399968e-02,3.071941e-02,7.289671e-03,1.740820e-02,1.028975e-02,2.308820e-03,6.762366e-03,1.432529e-01,8.767003e-02,2.461160e-02,7.109466e-03,2.406941e-02,1.534768e-01,2.010789e-01
2.280986e-01,3.887208e-02,2.706894e-02,6.768784e-03,2.373776e-02,1.076241e-02,2.835357e-03,7.962301e-03,1.660397e-01,1.140171e-01,2.119624e-02,5.639563e-03,2.031793e-02,1.502101e-01,1.764733e-01
1.917133e-01,4.216451e-02,4.309966e-02,1.280116e-02,4.531267e-02,1.108018e-02,6.614514e-03,4.747562e-02,1.655068e-01,1.118712e-01,2.461584e-02,4.516174e-03,1.812267e-02,1.258025e-01,1.493032e-01
2.039586e-01,3.275867e-02,1.085755e-01,8.165753e-02,4.693380e-02,1.078514e-02,5.880960e-03,4.601554e-02,1.331765e-01,9.041353e-02,1.957532e-02,4.401287e-03,1.415842e-02,8.984790e-02,1.118613e-01
1.734770e-01,3.487400e-02,1.439250e-01,8.648928e-02,4.427534e-02,1.067311e-02,4.589434e-03,3.728022e-02,1.477665e-01,1.273112e-01,1.483958e-02,3.373042e-03,1.187631e-02,6.487804e-02,9.437187e-02
2.166836e-01,4.431264e-02,1.274242e-01,9.284990e-02,7.906689e-02,2.192989e-02,5.366300e-03,3.211468e-02,1.200683e-01,9.445725e-02,1.155654e-02,2.832279e-03,9.813586e-03,4.769897e-02,9.382500e-02
1.742593e-01,4.767848e-02,1.147833e-01,1.813529e-01,1.356908e-01,2.473848e-02,9.107868e-03,2.989261e-02,9.021719e-02,6.660382e-02,8.494787e-03,2.176134e-03,7.177294e-03,3.429791e-02,7.352915e-02
1.702928e-01,4.979011e-02,1.206580e-01,1.562122e-01,2.126251e-01,2.318757e-02,7.936820e-03,2.456909e-02,8.148829e-02,4.753073e-02,6.399612e-03,1.674622e-03,6.344041e-03,2.607082e-02,6.522018e-02
1.385578e-01,4.206992e-02,8.627656e-02,1.242575e-01,2.656345e-01,3.369509e-02,1.123490e-01,2.397660e-02,6.082701e-02,3.403217e-02,4.975431e-03,1.406351e-03,5.150530e-03,1.848581e-02,4.830566e-02
1.021409e-01,3.048932e-02,6.098009e-02,9.360029e-02,2.977440e-01,3.892346e-02,2.347197e-01,1.828528e-02,4.302246e-02,2.420060e-02,3.800927e-03,1.035170e-03,3.772890e-03,1.298309e-02,3.430172e-02
7.544347e-02,2.177959e-02,4.333168e-02,6.628338e-02,2.852650e-01,3.589235e-02,3.666022e-01,1.643999e-02,3.038161e-02,1.772483e-02,3.052877e-03,8.412464e-04,2.877753e-03,9.228614e-03,2.485531e-02
5.909722e-02,1.583084e-02,3.167988e-02,4.692162e-02,2.256051e-01,6.302439e-02,4.541154e-01,2.866043e-02,2.178483e-02,1.565931e-02,4.979944e-03,1.458292e-03,2.756708e-03,6.788517e-03,2.163753e-02
4.873408e-02,1.124524e-02,2.271322e-02,3.308773e-02,1.621318e-01,5.736328e-02,5.690402e-01,3.893746e-02,1.602054e-02,1.146666e-02,4.597979e-03,1.410993e-03,2.333590e-03,4.855882e-03,1.606126e-02
5.664849e-02,8.452361e-03,1.717864e-02,2.340763e-02,1.177297e-01,8.052829e-02,6.098316e-01,3.354125e-02,1.227928e-02,1.174256e-02,4.766090e-03,2.873392e-03,3.707606e-03,3.682528e-03,1.363065e-02
5.133741e-02,6.112187e-03,1.353275e-02,1.708642e-02,9.713414e-02,1.133205e-01,6.098253e-01,2.654902e-02,9.044168e-03,1.256952e-02,5.649863e-03,4.809282e-03,8.657086e-03,3.125398e-03,2.124704e-02
7.431318e-02,4.646070e-03,1.055028e-02,1.315569e-02,8.487669e-02,1.183911e-01,6.156661e-01,2.032593e-02,7.104077e-03,1.070788e-02,6.210830e-03,5.260018e-03,8.227721e-03,2.602354e-03,1.796213e-02
7.942470e-02,3.714197e-03,7.941414e-03,9.959693e-03,1.115840e-01,1.448231e-01,5.616606e-01,1.663081e-02,5.497888e-03,1.337183e-02,8.341746e-03,4.960354e-03,7.174917e-03,3.900228e-03,2.101440e-02
8.257487e-02,3.332299e-03,6.101546e-03,7.655547e-03,1.234341e-01,1.625887e-01,5.420164e-01,1.447441e-02,4.729690e-03,1.115728e-02,9.020963e-03,4.955232e-03,6.008201e-03,3.964204e-03,1.798658e-02
6.943481e-02,3.522771e-03,6.107315e-03,6.216903e-03,1.296747e-01,1.714507e-01,5.431098e-01,1.146515e-02,3.561661e-03,1.490427e-02,1.214051e-02,5.151942e-03,4.731734e-03,4.382987e-03,1.414480e-02
5.713991e-02,3.466884e-03,5.851899e-03,4.826267e-03,1.248778e-01,1.369287e-01,5.602809e-01,8.945063e-03,2.705421e-03,2.397504e-02,3.683453e-02,1.053965e-02,4.959588e-03,6.874626e-03,1.179362e-02
5.887538e-02,4.190021e-03,6.295981e-03,7.767653e-03,1.157998e-01,1.276954e-01,5.070967e-01,7.819756e-03,3.232614e-03,4.959384e-02,5.082503e-02,2.926706e-02,8.222890e-03,9.400587e-03,1.391715e-02
4.382139e-02,3.028342e-03,4.867525e-03,5.889654e-03,9.099638e-02,1.137561e-01,3.670313e-01,5.794998e-03,2.638510e-03,3.894266e-02,2.507280e-01,4.019919e-02,6.817659e-03,1.512203e-02,1.036624e-02
3.321023e-02,2.385250e-03,4.641284e-03,4.646807e-03,7.440399e-02,1.274107e-01,2.635915e-01,4.584514e-03,3.149548e-03,3.007434e-02,3.466623e-01,5.786977e-02,5.133167e-03,3.398332e-02,8.253207e-03
2.480410e-02,2.973106e-03,5.711060e-03,5.574961e-03,5.331427e-02,1.307487e-01,1.848904e-01,3.703231e-03,3.483479e-03,2.422011e-02,3.958228e-01,1.244748e-01,3.855683e-03,2.845192e-02,7.971374e-03
1.789015e-02,3.986122e-03,6.974281e-03,4.513045e-03,3.865732e-02,9.400821e-02,1.295486e-01,2.833836e-03,3.223323e-03,1.783969e-02,4.919350e-01,1.558471e-01,2.876515e-03,2.359889e-02,6.267865e-03
1.428942e-02,4.667234e-03,8.566719e-03,3.454320e-03,3.195673e-02,6.751153e-02,9.145474e-02,2.481468e-03,6.545732e-03,1.730616e-02,5.476460e-01,1.733748e-01,2.707030e-03,2.300597e-02,5.032162e-03
1.536055e-02,9.327397e-03,8.280424e-03,2.648919e-03,2.417620e-02,4.880532e-02,6.473888e-02,2.831059e-03,6.156808e-03,2.268783e-02,5.681589e-01,1.922608e-01,3.207486e-03,2.532164e-02,6.037826e-03
1.975674e-02,3.431346e-02,5.977264e-02,3.034466e-03,2.737846e-02,4.418119e-02,4.985426e-02,1.921296e-02,8.751987e-03,2.408551e-02,4.489925e-01,2.311802e-01,3.076627e-03,2.081757e-02,5.591481e-03
3.185580e-02,6.778809e-02,5.846553e-02,2.749961e-03,9.143435e-02,6.245035e-02,4.108790e-02,2.306660e-02,1.230248e-02,2.974774e-02,3.729576e-01,1.763083e-01,4.189019e-03,1.975871e-02,5.837568e-03
2.395114e-02,5.682306e-02,4.796876e-02,2.161675e-03,8.576104e-02,5.675521e-02,3.180037e-02,2.084606e-02,2.203567e-02,6.113774e-02,4.210384e-01,1.406893e-01,4.045876e-03,1.942786e-02,5.557795e-03
1.729420e-02,4.780221e-02,3.812098e-02,1.772139e-03,7.453967e-02,4.135530e-02,2.310828e-02,1.522370e-02,2.597273e-02,4.664743e-02,5.449029e-01,1.008634e-01,3.687149e-03,1.468494e-02,4.024978e-03
1.239406e-02,6.677534e-02,2.786142e-02,1.571047e-03,5.538826e-02,2.986582e-02,1.670558e-02,1.125479e-02,2.673525e-02,4.492721e-02,6.062126e-01,7.403547e-02,4.533092e-03,1.791566e-02,3.824425e-03
9.589439e-03,7.836159e-02,2.167988e-02,2.287876e-03,6.385840e-02,2.149972e-02,1.247720e-02,1.197199e-02,4.707512e-02,5.291502e-02,5.823496e-01,5.553564e-02,6.902681e-03,2.707381e-02,6.422052e-03
9.898641e-03,1.078774e-01,1.976687e-02,2.131558e-03,1.554794e-01,1.584650e-02,9.875770e-03,2.203020e-02,9.271263e-02,4.714286e-02,4.423404e-01,4.052401e-02,6.886934e-03,2.239469e-02,5.092125e-03
8.679378e-03,2.281048e-01,1.892267e-02,1.868913e-03,1.453761e-01,1.133670e-02,7.210556e-03,2.568779e-02,1.316699e-01,4.002239e-02,3.242221e-01,2.922046e-02,6.352795e-03,1.743194e-02,3.893615e-03
1.198095e-02,1.986467e-01,2.793621e-02,8.664710e-03,1.417731e-01,8.372962e-03,5.324267e-03,1.697360e-01,1.230328e-01,2.865835e-02,2.323793e-01,2.171180e-02,5.837576e-03,1.268198e-02,3.263328e-03
1.249571e-02,1.474963e-01,4.390439e-02,7.463233e-03,1.199695e-01,6.216029e-03,3.990725e-03,3.076164e-01,1.302966e-01,2.088045e-02,1.649268e-01,1.551380e-02,4.670556e-03,1.198323e-02,2.576385e-03
1.250106e-02,1.054585e-01,7.023436e-02,6.852875e-03,9.948179e-02,4.578728e-03,3.004923e-03,4.321269e-01,1.086485e-01,1.500123e-02,1.161820e-01,1.106533e-02,3.527497e-03,9.415280e-03,1.921004e-03
1.060739e-02,7.612816e-02,6.524353e-02,5.054384e-03,8.976430e-02,3.423880e-03,2.821113e-03,5.511343e-01,8.403966e-02,1.099766e-02,8.161993e-02,7.780453e-03,2.623062e-03,7.397116e-03,1.365053e-03
2.125573e-02,7.142855e-02,1.248362e-01,5.659574e-03,9.664596e-02,3.112016e-03,3.768018e-03,5.001574e-01,8.810166e-02,8.992108e-03,5.905494e-02,5.701869e-03,2.234283e-03,7.955534e-03,1.096184e-03
3.760862e-02,8.011574e-02,1.299222e-01,9.200607e-03,1.029583e-01,3.721289e-03,4.108619e-03,4.708883e-01,9.586586e-02,6.765114e-03,4.209126e-02,4.406730e-03,2.706214e-03,8.251969e-03,1.389111e-03
3.604721e-02,5.761431e-02,1.786559e-01,1.314258e-02,9.909938e-02,3.201449e-03,4.328681e-03,4.770561e-01,8.393758e-02,4.851659e-03,2.960093e-02,3.170955e-03,2.154662e-03,5.995139e-03,1.143461e-03
3.216293e-02,4.111753e-02,2.137403e-01,1.497287e-02,8.814350e-02,2.634538e-03,7.901680e-03,4.958737e-01,6.956669e-02,3.544786e-03,2.086245e-02,2.346276e-03,1.818605e-03,4.278404e-03,1.035742e-03
2.897497e-02,2.948103e-02,1.666090e-01,1.111395e-02,6.925490e-02,2.563288e-03,1.865011e-02,5.960605e-01,5.256312e-02,2.623585e-03,1.479664e-02,1.710763e-03,1.703715e-03,3.040194e-03,8.543102e-04
2.835528e-02,2.155051e-02,1.317682e-01,8.480296e-03,5.271363e-02,3.024310e-03,4.734859e-02,6.461734e-01,3.953319e-02,2.111388e-03,1.071749e-02,1.273270e-03,3.989173e-03,2.220727e-03,7.405963e-04
2.534052e-02,1.551966e-02,9.333433e-02,6.078031e-03,3.810880e-02,2.519403e-03,1.498233e-01,6.164169e-01,2.869065e-02,1.882417e-03,7.787441e-03,9.773126e-04,1.109018e-02,1.679119e-03,7.518905e-04
2.036759e-02,1.164900e-02,6.562527e-02,4.292267e-03,2.756372e-02,1.913719e-03,3.779927e-01,4.500334e-01,2.214564e-02,1.362507e-03,5.483297e-03,7.346384e-04,8.988216e-03,1.187921e-03,6.600097e-04
2.588464e-02,1.064915e-02,4.646960e-02,3.068005e-03,2.122726e-02,1.765109e-03,5.144479e-01,3.397834e-01,2.175947e-02,1.163750e-03,3.915814e-03,6.256775e-04,7.538478e-03,8.888199e-04,8.128664e-04
4.920650e-02,1.165817e-02,3.328925e-02,2.307539e-03,1.885238e-02,3.028878e-03,5.807540e-01,2.583524e-01,2.611596e-02,1.447629e-03,2.952888e-03,7.451962e-04,9.119421e-03,6.853939e-04,1.484313e-03
7.431676e-02,1.005652e-02,2.447893e-02,1.838338e-03,1.677195e-02,6.086064e-03,6.119722e-01,2.044351e-01,2.508412e-02,2.238432e-03,2.511397e-03,1.112668e-03,1.493405e-02,6.076273e-04,3.555786e-03
7.724104e-02,7.246047e-03,1.741957e-02,1.431085e-03,1.238405e-02,6.162671e-03,6.866682e-01,1.531558e-01,1.825669e-02,1.787737e-03,1.976307e-03,1.275854e-03,1.105508e-02,4.613134e-04,3.478477e-03
8.687550e-02,5.301553e-03,1.240299e-02,1.192903e-03,9.465431e-03,6.402201e-03,7.282333e-01,1.213870e-01,1.312745e-02,1.390843e-03,1.569105e-03,1.099785e-03,8.133202e-03,3.479377e-04,3.070796e-03
2.113118e-01,6.053757e-03,1.003846e-02,4.648002e-03,8.793029e-03,3.402915e-02,5.607291e-01,8.648612e-02,1.097309e-02,3.909969e-03,5.792663e-03,2.156181e-02,1.527063e-02,3.463305e-03,1.693914e-02
2.607334e-01,1.167944e-02,9.665637e-03,1.238991e-02,7.665288e-03,5.890851e-02,4.088741e-01,6.118893e-02,1.563981e-02,2.649659e-02,1.175184e-02,4.171768e-02,2.815855e-02,5.637307e-03,3.949305e-02
3.193465e-01,1.438260e-02,9.129164e-03,1.359425e-02,6.405408e-03,6.549811e-02,3.027496e-01,4.357383e-02,1.556723e-02,2.946966e-02,1.674012e-02,7.219272e-02,3.455553e-02,7.730402e-03,4.906486e-02
2.823243e-01,1.278561e-02,1.222096e-02,1.761633e-02,4.966023e-03,6.719832e-02,2.190039e-01,3.095283e-02,2.468268e-02,2.861224e-02,2.411123e-02,1.938953e-01,3.246550e-02,6.146657e-03,4.301807e-02
3.110768e-01,1.024657e-02,3.942673e-02,2.119558e-02,7.502970e-03,5.766692e-02,1.591047e-01,2.263147e-02,4.278369e-02,2.102968e-02,2.702302e-02,2.077778e-01,3.584244e-02,5.033316e-03,3.165823e-02
3.994477e-01,1.132894e-02,3.731225e-02,2.202975e-02,1.211900e-02,4.990552e-02,1.158009e-01,1.690502e-02,4.287189e-02,1.589981e-02,2.801671e-02,1.857848e-01,3.386758e-02,4.455048e-03,2.425498e-02
3.815567e-01,1.474195e-02,3.178228e-02,2.342688e-02,2.379429e-02,4.910737e-02,8.492842e-02,1.342898e-02,4.018030e-02,1.369550e-02,2.669372e-02,2.480647e-01,2.646691e-02,3.804244e-03,1.832780e-02
3.148842e-01,1.138067e-02,2.341075e-02,1.914484e-02,1.862251e-02,4.211944e-02,6.003103e-02,9.773998e-03,3.642396e-02,1.123923e-02,2.553970e-02,3.905111e-01,2.032614e-02,3.047720e-03,1.354477e-02
2.833620e-01,8.510824e-03,1.672420e-02,1.574084e-02,1.354130e-02,3.474269e-02,4.231755e-02,7.229363e-03,3.062036e-02,9.983674e-03,2.780854e-02,4.801166e-01,1.605187e-02,2.853849e-03,1.039643e-02
2.633264e-01,7.331263e-03,1.244189e-02,1.598155e-02,1.069510e-02,2.842162e-02,2.983942e-02,5.783574e-03,3.130769e-02,9.015276e-03,3.534136e-02,5.237200e-01,1.477836e-02,3.320593e-03,8.695895e-03
2.334601e-01,7.403213e-03,1.087032e-02,2.490481e-02,8.965064e-03,2.833293e-02,2.130010e-02,5.581562e-03,2.681538e-02,7.631674e-03,4.390367e-02,5.589244e-01,1.145387e-02,2.975675e-03,7.477232e-03
2.115957e-01,8.501003e-03,1.017702e-02,2.034657e-02,8.297838e-03,2.524882e-02,1.538516e-02,7.254676e-03,3.718701e-02,6.561053e-03,4.774275e-02,5.830683e-01,9.095643e-03,3.352028e-03,6.186489e-03
2.040446e-01,7.711129e-03,7.898392e-03,1.611970e-02,7.227575e-03,2.076497e-02,1.108105e-02,7.576237e-03,3.724952e-02,6.072868e-03,4.659885e-02,6.117805e-01,7.355772e-03,3.483253e-03,5.035629e-03
2.749248e-01,1.038856e-02,8.908284e-03,2.104167e-02,1.271182e-02,2.674031e-02,1.040961e-02,2.206602e-02,4.023612e-02,4.923400e-03,4.744004e-02,5.031752e-01,6.720907e-03,3.284941e-03,7.028263e-03
2.789357e-01,1.317705e-02,7.888317e-03,2.202396e-02,2.481187e-02,2.745215e-02,8.883998e-03,1.919388e-02,1.016741e-01,5.123709e-03,5.668087e-02,4.143012e-01,6.722335e-03,4.328515e-03,8.802308e-03
2.454288e-01,1.389660e-02,1.620245e-02,3.615677e-02,3.343256e-02,3.868692e-02,9.257247e-03,2.788917e-02,1.228364e-01,5.766420e-03,5.780249e-02,3.706763e-01,7.367108e-03,4.338859e-03,1.026186e-02
2.217514e-01,2.137777e-02,1.664477e-02,9.658973e-02,3.696229e-02,3.452257e-02,7.650846e-03,3.137129e-02,1.562396e-01,9.795101e-03,5.513107e-02,2.885681e-01,6.752357e-03,4.283020e-03,1.236009e-02
2.025577e-01,2.598152e-02,1.841805e-02,1.119547e-01,4.197218e-02,2.812271e-02,6.714080e-03,2.719292e-02,2.218742e-01,1.437268e-02,4.847486e-02,2.231387e-01,8.440796e-03,4.368355e-03,1.641653e-02
2.331970e-01,2.758137e-02,2.051015e-02,1.301094e-01,4.058112e-02,3.099351e-02,5.813984e-03,2.253840e-02,2.157539e-01,2.096879e-02,3.945970e-02,1.713208e-01,1.146862e-02,4.439943e-03,2.526330e-02
2.082125e-01,4.406973e-02,2.680086e-02,1.780955e-01,3.163206e-02,2.554211e-02,4.960162e-03,1.776869e-02,2.149751e-01,2.815767e-02,3.163885e-02,1.264246e-01,2.098375e-02,4.460262e-03,3.627817e-02
2.159201e-01,5.467930e-02,3.271929e-02,1.714578e-01,2.740785e-02,2.223601e-02,4.468786e-03,1.607732e-02,2.080791e-01,3.252727e-02,2.986003e-02,9.964610e-02,2.448293e-02,8.152490e-03,5.228568e-02
2.177533e-01,5.632571e-02,3.436993e-02,1.634036e-01,2.149393e-02,1.800473e-02,3.494262e-03,1.270557e-02,2.546524e-01,3.073052e-02,2.512330e-02,7.536133e-02,2.249339e-02,6.566496e-03,5.752170e-02
2.840147e-01,4.890394e-02,2.763672e-02,1.324950e-01,2.059508e-02,1.532071e-02,3.202614e-03,1.026250e-02,2.654923e-01,2.518177e-02,2.198708e-02,6.155980e-02,2.421187e-02,6.213671e-03,5.292228e-02
3.092213e-01,4.460321e-02,2.573692e-02,1.303087e-01,1.753064e-02,1.394957e-02,2.596359e-03,8.557562e-03,2.670022e-01,2.634401e-02,1.946361e-02,4.990424e-02,2.209031e-02,5.554769e-03,5.713680e-02
3.319168e-01,4.163148e-02,3.125199e-02,1.206135e-01,2.632623e-02,1.380897e-02,3.074546e-03,1.449055e-02,2.643524e-01,2.215246e-02,1.859605e-02,4.016048e-02,1.949596e-02,5.531851e-03,4.659672e-02
3.372636e-01,4.200334e-02,3.083675e-02,1.001025e-01,5.701513e-02,1.561400e-02,4.120751e-03,3.292632e-02,2.450140e-01,1.840125e-02,1.707071e-02,3.063659e-02,1.723523e-02,6.826613e-03,4.493326e-02
3.291691e-01,5.890157e-02,2.710316e-02,8.037160e-02,9.822352e-02,2.047747e-02,4.333968e-03,3.548188e-02,2.352206e-01,1.340953e-02,1.440373e-02,2.224137e-02,1.443672e-02,6.542830e-03,3.968293e-02
2.886788e-01,8.573212e-02,2.470274e-02,6.461406e-02,1.405856e-01,2.991000e-02,4.663344e-03,3.869972e-02,2.293150e-01,9.898556e-03,1.179365e-02,1.624447e-02,1.232885e-02,6.195823e-03,3.663733e-02
2.350464e-01,1.190841e-01,1.964331e-02,5.823841e-02,1.230737e-01,2.509060e-02,4.029783e-03,6.486066e-02,2.105386e-01,9.718866e-03,1.061152e-02,1.362591e-02,1.264935e-02,6.978281e-03,8.681053e-02
1.995317e-01,1.566181e-01,1.506613e-02,4.552773e-02,1.067148e-01,2.292101e-02,4.018694e-03,1.271777e-01,2.089426e-01,7.166443e-03,8.539827e-03,9.982492e-03,1.223517e-02,5.574259e-03,6.998341e-02
1.622102e-01,1.396098e-01,1.315926e-02,4.231450e-02,8.829787e-02,1.889582e-02,6.928847e-03,2.297626e-01,1.861676e-01,5.142891e-03,6.835456e-03,7.309134e-03,3.212906e-02,4.662452e-03,5.657443e-02
1.259991e-01,1.069133e-01,1.893787e-02,3.816751e-02,6.605279e-02,1.885965e-02,2.145839e-02,3.258944e-01,1.416121e-01,3.751202e-03,5.649778e-03,5.756425e-03,7.361805e-02,3.590793e-03,4.373866e-02
1.148924e-01,9.302749e-02,1.754356e-02,2.838283e-02,5.092895e-02,2.381952e-02,2.167407e-02,3.848177e-01,1.091179e-01,2.798443e-03,4.525747e-03,4.514338e-03,1.064083e-01,2.668669e-03,3.488002e-02
1.267544e-01,6.796596e-02,2.004485e-02,2.189336e-02,6.368423e-02,4.114320e-02,5.213620e-02,3.429340e-01,8.209184e-02,3.218456e-03,5.872433e-03,5.085576e-03,1.299022e-01,2.075934e-03,3.519743e-02
2.518977e-01,5.001247e-02,1.697275e-02,1.726429e-02,7.964694e-02,5.024194e-02,4.830661e-02,2.621054e-01,6.433592e-02,3.401657e-03,7.688764e-03,1.164438e-02,1.025575e-01,2.495410e-03,3.142824e-02
2.890874e-01,3.796567e-02,1.449227e-02,1.392252e-02,7.070883e-02,4.931929e-02,5.552995e-02,1.887570e-01,5.078707e-02,7.112174e-03,1.566442e-02,1.649397e-02,1.342816e-01,1.002675e-02,4.585110e-02
2.791502e-01,3.260370e-02,1.141232e-02,2.212488e-02,5.576976e-02,4.663689e-02,8.097588e-02,1.332178e-01,3.987172e-02,6.687558e-03,1.729175e-02,2.443793e-02,2.006937e-01,8.748918e-03,4.037706e-02
2.263303e-01,2.466033e-02,8.367620e-03,2.279226e-02,4.290532e-02,4.466099e-02,8.351134e-02,9.411348e-02,2.900599e-02,1.001517e-02,2.608585e-02,2.898467e-02,3.036073e-01,6.775607e-03,4.818386e-02
2.220843e-01,1.794378e-02,7.397386e-03,1.864260e-02,3.359726e-02,4.052633e-02,5.930599e-02,6.603991e-02,2.237568e-02,9.607768e-03,3.540891e-02,3.164626e-02,3.822258e-01,5.928537e-03,4.726954e-02
3.303496e-01,1.635056e-02,7.525400e-03,2.541197e-02,4.214483e-02,3.513403e-02,4.560074e-02,4.682915e-02,3.118639e-02,8.767199e-03,3.765712e-02,3.150123e-02,2.976282e-01,5.256271e-03,3.865730e-02
4.107791e-01,1.568874e-02,7.493343e-03,3.162726e-02,5.059876e-02,3.383531e-02,3.421046e-02,3.449897e-02,4.532047e-02,7.631581e-03,3.476569e-02,3.034768e-02,2.271476e-01,6.358437e-03,2.969656e-02
3.969505e-01,1.430186e-02,1.082479e-02,2.319562e-02,9.584462e-02,2.637708e-02,2.482795e-02,2.694471e-02,6.563522e-02,8.931680e-03,3.279611e-02,2.457355e-02,1.911058e-01,1.626708e-02,4.142338e-02
3.613352e-01,1.746460e-02,1.595531e-02,1.889660e-02,1.609418e-01,2.327773e-02,2.045814e-02,2.117241e-02,6.846327e-02,7.485174e-03,3.354996e-02,1.956681e-02,1.651619e-01,1.623977e-02,5.003138e-02
3.273970e-01,2.132652e-02,1.848918e-02,2.841586e-02,2.197855e-01,4.704452e-02,1.602363e-02,1.925027e-02,6.009075e-02,5.995132e-03,2.920883e-02,1.664119e-02,1.211612e-01,1.936561e-02,4.980477e-02
3.267541e-01,2.060516e-02,9.186243e-02,6.219434e-02,1.674922e-01,4.051506e-02,1.328538e-02,2.510979e-02,4.961175e-02,7.467260e-03,2.805505e-02,1.650592e-02,9.171329e-02,1.505348e-02,4.377490e-02
3.499712e-01,1.833702e-02,1.806956e-01,5.430910e-02,1.235828e-01,3.576049e-02,1.098582e-02,2.184934e-02,3.825151e-02,8.146184e-03,2.450284e-02,1.690171e-02,6.902581e-02,1.233259e-02,3.534792e-02
2.669628e-01,1.576037e-02,2.724068e-01,4.059791e-02,9.379046e-02,3.535813e-02,8.170933e-03,1.734396e-02,3.975088e-02,5.106202e-02,3.587494e-02,1.572126e-02,6.134069e-02,1.648027e-02,2.937854e-02
2.206406e-01,1.754229e-02,2.260863e-01,3.324544e-02,7.425422e-02,4.274567e-02,6.488615e-03,1.994159e-02,6.823325e-02,5.958295e-02,1.082988e-01,1.512506e-02,5.772689e-02,2.337387e-02,2.671432e-02
