1.000000e+00,0.000000e+00,0.000000e+00,0.000000e+00,0.000000e+00,0.000000e+00,0.000000e+00,0.000000e+00,0.000000e+00,0.000000e+00,0.000000e+00,0.000000e+00,0.000000e+00,0.000000e+00,0.000000e+00
1.000000e+00,0.000000e+00,0.000000e+00,0.000000e+00,0.000000e+00,0.000000e+00,0.000000e+00,0.000000e+00,0.000000e+00,0.000000e+00,0.000000e+00,0.000000e+00,0.000000e+00,0.000000e+00,0.000000e+00
1.000000e+00,0.000000e+00,0.000000e+00,0.000000e+00,0.000000e+00,0.000000e+00,0.000000e+00,0.000000e+00,0.000000e+00,0.000000e+00,0.000000e+00,0.000000e+00,0.000000e+00,0.000000e+00,0.000000e+00
1.000000e+00,0.000000e+00,0.000000e+00,0.000000e+00,0.000000e+00,0.000000e+00,0.000000e+00,0.000000e+00,0.000000e+00,0.000000e+00,0.000000e+00,0.000000e+00,0.000000e+00,0.000000e+00,0.000000e+00
1.000000e+00,0.000000e+00,0.000000e+00,0.000000e+00,0.000000e+00,0.000000e+00,0.000000e+00,0.000000e+00,0.000000e+00,0.000000e+00,0.000000e+00,0.000000e+00,0.000000e+00,0.000000e+00,0.000000e+00
1.000000e+00,0.000000e+00,0.000000e+00,0.000000e+00,0.000000e+00,0.000000e+00,0.000000e+00,0.000000e+00,0.000000e+00,0.000000e+00,0.000000e+00,0.000000e+00,0.000000e+00,0.000000e+00,0.000000e+00
1.000000e+00,0.000000e+00,0.000000e+00,0.000000e+00,0.000000e+00,0.000000e+00,0.000000e+00,0.000000e+00,0.000000e+00,0.000000e+00,0.000000e+00,0.000000e+00,0.000000e+00,0.000000e+00,0.000000e+00
1.000000e+00,0.000000e+00,0.000000e+00,0.000000e+00,0.000000e+00,0.000000e+00,0.000000e+00,0.000000e+00,0.000000e+00,0.000000e+00,0.000000e+00,0.000000e+00,0.000000e+00,0.000000e+00,0.000000e+00
1.000000e+00,0.000000e+00,0.000000e+00,0.000000e+00,0.000000e+00,0.000000e+00,0.000000e+00,0.000000e+00,0.000000e+00,0.000000e+00,0.000000e+00,0.000000e+00,0.000000e+00,0.000000e+00,0.000000e+00
1.000000e+00,0.000000e+00,0.000000e+00,0.000000e+00,0.000000e+00,0.000000e+00,0.000000e+00,0.000000e+00,0.000000e+00,0.000000e+00,0.000000e+00,0.000000e+00,0.000000e+00,0.000000e+00,0.000000e+00
1.000000e+00,0.000000e+00,0.000000e+00,0.000000e+00,0.000000e+00,0.000000e+00,0.000000e+00,0.000000e+00,0.000000e+00,0.000000e+00,0.000000e+00,0.000000e+00,0.000000e+00,0.000000e+00,0.000000e+00
1.000000e+00,0.000000e+00,0.000000e+00,0.000000e+00,0.000000e+00,0.000000e+00,0.000000e+00,0.000000e+00,0.000000e+00,0.000000e+00,0.000000e+00,0.000000e+00,0.000000e+00,0.000000e+00,0.000000e+00
1.000000e+00,0.000000e+00,0.000000e+00,0.000000e+00,0.000000e+00,0.000000e+00,0.000000e+00,0.000000e+00,0.000000e+00,0.000000e+00,0.000000e+00,0.000000e+00,0.000000e+00,0.000000e+00,0.000000e+00
1.000000e+00,0.000000e+00,0.000000e+00,0.000000e+00,0.000000e+00,0.000000e+00,0.000000e+00,0.000000e+00,0.000000e+00,0.000000e+00,0.000000e+00,0.000000e+00,0.000000e+00,0.000000e+00,0.000000e+00
1.000000e+00,0.000000e+00,0.000000e+00,0.000000e+00,0.000000e+00,0.000000e+00,0.000000e+00,0.000000e+00,0.000000e+00,0.000000e+00,0.000000e+00,0.000000e+00,0.000000e+00,0.000000e+00,0.000000e+00
1.000000e+00,0.000000e+00,0.000000e+00,0.000000e+00,0.000000e+00,0.000000e+00,0.000000e+00,0.000000e+00,0.000000e+00,0.000000e+00,0.000000e+00,0.000000e+00,0.000000e+00,0.000000e+00,0.000000e+00
1.000000e+00,0.000000e+00,0.000000e+00,0.000000e+00,0.000000e+00,0.000000e+00,0.000000e+00,0.000000e+00,0.000000e+00,0.000000e+00,0.000000e+00,0.000000e+00,0.000000e+00,0.000000e+00,0.000000e+00
1.000000e+00,0.000000e+00,0.000000e+00,0.000000e+00,0.000000e+00,0.000000e+00,0.000000e+00,0.000000e+00,0.000000e+00,0.000000e+00,0.000000e+00,0.000000e+00,0.000000e+00,0.000000e+00,0.000000e+00
1.000000e+00,0.000000e+00,0.000000e+00,0.000000e+00,0.000000e+00,0.000000e+00,0.000000e+00,0.000000e+00,0.000000e+00,0.000000e+00,0.000000e+00,0.000000e+00,0.000000e+00,0.000000e+00,0.000000e+00
1.000000e+00,0.000000e+00,0.000000e+00,0.000000e+00,0.000000e+00,0.000000e+00,0.000000e+00,0.000000e+00,0.000000e+00,0.000000e+00,0.000000e+00,0.000000e+00,0.000000e+00,0.000000e+00,0.000000e+00
1.000000e+00,0.000000e+00,0.000000e+00,0.000000e+00,0.000000e+00,0.000000e+00,0.000000e+00,0.000000e+00,0.000000e+00,0.000000e+00,0.000000e+00,0.000000e+00,0.000000e+00,0.000000e+00,0.000000e+00
1.000000e+00,0.000000e+00,0.000000e+00,0.000000e+00,0.000000e+00,0.000000e+00,0.000000e+00,0.000000e+00,0.000000e+00,0.000000e+00,0.000000e+00,0.000000e+00,0.000000e+00,0.000000e+00,0.000000e+00
1.000000e+00,0.000000e+00,0.000000e+00,0.000000e+00,0.000000e+00,0.000000e+00,0.000000e+00,0.000000e+00,0.000000e+00,0.000000e+00,0.000000e+00,0.000000e+00,0.000000e+00,0.000000e+00,0.000000e+00
1.000000e+00,0.000000e+00,0.000000e+00,0.000000e+00,0.000000e+00,0.000000e+00,0.000000e+00,0.000000e+00,0.000000e+00,0.000000e+00,0.000000e+00,0.000000e+00,0.000000e+00,0.000000e+00,0.000000e+00
1.000000e+00,0.000000e+00,0.000000e+00,0.000000e+00,0.000000e+00,0.000000e+00,0.000000e+00,0.000000e+00,0.000000e+00,0.000000e+00,0.000000e+00,0.000000e+00,0.000000e+00,0.000000e+00,0.000000e+00
1.000000e+00,0.000000e+00,0.000000e+00,0.000000e+00,0.000000e+00,0.000000e+00,0.000000e+00,0.000000e+00,0.000000e+00,0.000000e+00,0.000000e+00,0.000000e+00,0.000000e+00,0.000000e+00,0.000000e+00
1.000000e+00,0.000000e+00,0.000000e+00,0.000000e+00,0.000000e+00,0.000000e+00,0.000000e+00,0.000000e+00,0.000000e+00,0.000000e+00,0.000000e+00,0.000000e+00,0.000000e+00,0.000000e+00,0.000000e+00
1.000000e+00,0.000000e+00,0.000000e+00,0.000000e+00,0.000000e+00,0.000000e+00,0.000000e+00,0.000000e+00,0.000000e+00,0.000000e+00,0.000000e+00,0.000000e+00,0.000000e+00,0.000000e+00,0.000000e+00
1.000000e+00,0.000000e+00,0.000000e+00,0.000000e+00,0.000000e+00,0.000000e+00,0.000000e+00,0.000000e+00,0.000000e+00,0.000000e+00,0.000000e+00,0.000000e+00,0.000000e+00,0.000000e+00,0.000000e+00
1.000000e+00,0.000000e+00,0.000000e+00,0.000000e+00,0.000000e+00,0.000000e+00,0.000000e+00,0.000000e+00,0.000000e+00,0.000000e+00,0.000000e+00,0.000000e+00,0.000000e+00,0.000000e+00,0.000000e+00
1.000000e+00,0.000000e+00,0.000000e+00,0.000000e+00,0.000000e+00,0.000000e+00,0.000000e+00,0.000000e+00,0.000000e+00,0.000000e+00,0.000000e+00,0.000000e+00,0.000000e+00,0.000000e+00,0.000000e+00
1.000000e+00,0.000000e+00,0.000000e+00,0.000000e+00,0.000000e+00,0.000000e+00,0.000000e+00,0.000000e+00,0.000000e+00,0.000000e+00,0.000000e+00,0.000000e+00,0.000000e+00,0.000000e+00,0.000000e+00
1.000000e+00,0.000000e+00,0.000000e+00,0.000000e+00,0.000000e+00,0.000000e+00,0.000000e+00,0.000000e+00,0.000000e+00,0.000000e+00,0.000000e+00,0.000000e+00,0.000000e+00,0.000000e+00,0.000000e+00
1.000000e+00,0.000000e+00,0.000000e+00,0.000000e+00,0.000000e+00,0.000000e+00,0.000000e+00,0.000000e+00,0.000000e+00,0.000000e+00,0.000000e+00,0.000000e+00,0.000000e+00,0.000000e+00,0.000000e+00
1.000000e+00,0.000000e+00,0.000000e+00,0.000000e+00,0.000000e+00,0.000000e+00,0.000000e+00,0.000000e+00,0.000000e+00,0.000000e+00,0.000000e+00,0.000000e+00,0.000000e+00,0.000000e+00,0.000000e+00
1.000000e+00,0.000000e+00,0.000000e+00,0.000000e+00,0.000000e+00,0.000000e+00,0.000000e+00,0.000000e+00,0.000000e+00,0.000000e+00,0.000000e+00,0.000000e+00,0.000000e+00,0.000000e+00,0.000000e+00
1.000000e+00,0.000000e+00,0.000000e+00,0.000000e+00,0.000000e+00,0.000000e+00,0.000000e+00,0.000000e+00,0.000000e+00,0.000000e+00,0.000000e+00,0.000000e+00,0.000000e+00,0.000000e+00,0.000000e+00
1.000000e+00,0.000000e+00,0.000000e+00,0.000000e+00,0.000000e+00,0.000000e+00,0.000000e+00,0.000000e+00,0.000000e+00,0.000000e+00,0.000000e+00,0.000000e+00,0.000000e+00,0.000000e+00,0.000000e+00
1.000000e+00,0.000000e+00,0.000000e+00,0.000000e+00,0.000000e+00,0.000000e+00,0.000000e+00,0.000000e+00,0.000000e+00,0.000000e+00,0.000000e+00,0.000000e+00,0.000000e+00,0.000000e+00,0.000000e+00
1.000000e+00,0.000000e+00,0.000000e+00,0.000000e+00,0.000000e+00,0.000000e+00,0.000000e+00,0.000000e+00,0.000000e+00,0.000000e+00,0.000000e+00,0.000000e+00,0.000000e+00,0.000000e+00,0.000000e+00
1.000000e+00,0.000000e+00,0.000000e+00,0.000000e+00,0.000000e+00,0.000000e+00,0.000000e+00,0.000000e+00,0.000000e+00,0.000000e+00,0.000000e+00,0.000000e+00,0.000000e+00,0.000000e+00,0.000000e+00
1.000000e+00,0.000000e+00,0.000000e+00,0.000000e+00,0.000000e+00,0.000000e+00,0.000000e+00,0.000000e+00,0.000000e+00,0.000000e+00,0.000000e+00,0.000000e+00,0.000000e+00,0.000000e+00,0.000000e+00
1.000000e+00,0.000000e+00,0.000000e+00,0.000000e+00,0.000000e+00,0.000000e+00,0.000000e+00,0.000000e+00,0.000000e+00,0.000000e+00,0.000000e+00,0.000000e+00,0.000000e+00,0.000000e+00,0.000000e+00
1.000000e+00,0.000000e+00,0.000000e+00,0.000000e+00,0.000000e+00,0.000000e+00,0.000000e+00,0.000000e+00,0.000000e+00,0.000000e+00,0.000000e+00,0.000000e+00,0.000000e+00,0.000000e+00,0.000000e+00
1.000000e+00,0.000000e+00,0.000000e+00,0.000000e+00,0.000000e+00,0.000000e+00,0.000000e+00,0.000000e+00,0.000000e+00,0.000000e+00,0.000000e+00,0.000000e+00,0.000000e+00,0.000000e+00,0.000000e+00
1.000000e+00,0.000000e+00,0.000000e+00,0.000000e+00,0.000000e+00,0.000000e+00,0.000000e+00,0.000000e+00,0.000000e+00,0.000000e+00,0.000000e+00,0.000000e+00,0.000000e+00,0.000000e+00,0.000000e+00
1.000000e+00,0.000000e+00,0.000000e+00,0.000000e+00,0.000000e+00,0.000000e+00,0.000000e+00,0.000000e+00,0.000000e+00,0.000000e+00,0.000000e+00,0.000000e+00,0.000000e+00,0.000000e+00,0.000000e+00
1.000000e+00,0.000000e+00,0.000000e+00,0.000000e+00,0.000000e+00,0.000000e+00,0.000000e+00,0.000000e+00,0.000000e+00,0.000000e+00,0.000000e+00,0.000000e+00,0.000000e+00,0.000000e+00,0.000000e+00
1.000000e+00,0.000000e+00,0.000000e+00,0.000000e+00,0.000000e+00,0.000000e+00,0.000000e+00,0.000000e+00,0.000000e+00,0.000000e+00,0.000000e+00,0.000000e+00,0.000000e+00,0.000000e+00,0.000000e+00
1.000000e+00,0.000000e+00,0.000000e+00,0.000000e+00,0.000000e+00,0.000000e+00,0.000000e+00,0.000000e+00,0.000000e+00,0.000000e+00,0.000000e+00,0.000000e+00,0.000000e+00,0.000000e+00,0.000000e+00
1.000000e+00,0.000000e+00,0.000000e+00,0.000000e+00,0.000000e+00,0.000000e+00,0.000000e+00,0.000000e+00,0.000000e+00,0.000000e+00,0.000000e+00,0.000000e+00,0.000000e+00,0.000000e+00,0.000000e+00
1.000000e+00,0.000000e+00,0.000000e+00,0.000000e+00,0.000000e+00,0.000000e+00,0.000000e+00,0.000000e+00,0.000000e+00,0.000000e+00,0.000000e+00,0.000000e+00,0.000000e+00,0.000000e+00,0.000000e+00
1.000000e+00,0.000000e+00,0.000000e+00,0.000000e+00,0.000000e+00,0.000000e+00,0.000000e+00,0.000000e+00,0.000000e+00,0.000000e+00,0.000000e+00,0.000000e+00,0.000000e+00,0.000000e+00,0.000000e+00
1.000000e+00,0.000000e+00,0.000000e+00,0.000000e+00,0.000000e+00,0.000000e+00,0.000000e+00,0.000000e+00,0.000000e+00,0.000000e+00,0.000000e+00,0.000000e+00,0.000000e+00,0.000000e+00,0.000000e+00
1.000000e+00,0.000000e+00,0.000000e+00,0.000000e+00,0.000000e+00,0.000000e+00,0.000000e+00,0.000000e+00,0.000000e+00,0.000000e+00,0.000000e+00,0.000000e+00,0.000000e+00,0.000000e+00,0.000000e+00
1.000000e+00,0.000000e+00,0.000000e+00,0.000000e+00,0.000000e+00,0.000000e+00,0.000000e+00,0.000000e+00,0.000000e+00,0.000000e+00,0.000000e+00,0.000000e+00,0.000000e+00,0.000000e+00,0.000000e+00
1.000000e+00,0.000000e+00,0.000000e+00,0.000000e+00,0.000000e+00,0.000000e+00,0.000000e+00,0.000000e+00,0.000000e+00,0.000000e+00,0.000000e+00,0.000000e+00,0.000000e+00,0.000000e+00,0.000000e+00
4.131438e-01,1.095537e-02,5.145973e-02,4.284101e-02,1.952721e-02,2.701119e-02,3.068424e-01,5.837786e-02,4.111229e-03,1.115128e-03,8.258186e-03,2.076047e-02,2.433939e-02,2.094934e-03,9.162176e-03
2.946488e-01,7.921458e-03,3.907481e-02,3.093708e-02,2.098415e-02,2.435874e-02,4.702032e-01,5.748641e-02,2.992212e-03,9.737580e-04,5.962104e-03,1.524736e-02,2.087863e-02,1.675551e-03,6.655873e-03
2.123357e-01,5.676627e-03,2.812804e-02,2.178750e-02,1.622485e-02,2.194349e-02,6.081849e-01,4.623095e-02,2.153328e-03,7.726899e-04,4.244990e-03,1.079334e-02,1.550978e-02,1.246510e-03,4.767286e-03
1.784777e-01,4.555163e-03,2.026575e-02,1.577768e-02,1.698447e-02,2.538370e-02,6.645479e-01,3.595266e-02,1.847798e-03,1.970596e-03,4.344334e-03,9.323914e-03,1.365404e-02,1.204143e-03,5.710138e-03
1.939543e-01,4.166014e-03,1.478281e-02,1.200708e-02,1.848823e-02,3.385279e-02,6.480688e-01,2.723053e-02,1.970617e-03,3.758730e-03,5.178658e-03,1.212343e-02,1.545832e-02,1.259858e-03,7.699864e-03
2.568263e-01,3.625484e-03,1.262564e-02,1.000998e-02,3.437119e-02,3.018641e-02,5.665519e-01,2.230333e-02,2.017024e-03,1.391730e-02,5.322170e-03,1.211285e-02,1.699085e-02,2.368245e-03,1.077143e-02
3.007157e-01,3.326372e-03,1.089698e-02,7.901296e-03,4.455506e-02,2.799146e-02,5.240399e-01,1.740112e-02,1.880109e-03,1.568106e-02,4.761251e-03,1.097641e-02,1.581984e-02,2.287916e-03,1.176555e-02
2.386698e-01,3.352867e-03,8.874290e-03,5.823434e-03,7.476404e-02,2.874774e-02,5.112517e-01,1.407266e-02,2.009772e-03,6.252650e-02,4.236855e-03,1.022727e-02,1.523468e-02,3.488317e-03,1.672007e-02
1.830826e-01,2.669252e-03,6.793933e-03,4.233400e-03,5.651396e-02,2.838638e-02,6.077687e-01,1.014037e-02,1.519704e-03,4.997480e-02,4.300521e-03,1.310786e-02,1.386561e-02,3.570233e-03,1.407277e-02
1.312588e-01,2.009807e-03,5.060352e-03,3.057902e-03,4.109031e-02,2.934222e-02,6.610594e-01,7.264911e-03,1.184762e-03,6.123182e-02,5.584081e-03,2.001166e-02,1.408830e-02,3.695497e-03,1.406018e-02
9.331978e-02,1.887449e-03,4.266962e-03,2.941236e-03,2.956919e-02,3.034190e-02,5.580218e-01,5.159122e-03,1.235698e-03,9.889820e-02,4.417506e-02,8.201874e-02,2.799791e-02,5.718321e-03,1.444860e-02
6.629661e-02,1.594529e-03,3.362448e-03,2.307247e-03,2.105040e-02,3.230048e-02,4.776569e-01,3.717293e-03,1.096374e-03,1.085614e-01,1.149646e-01,1.061141e-01,2.867515e-02,1.429302e-02,1.800949e-02
4.858086e-02,2.091856e-03,2.727650e-03,2.221274e-03,1.588506e-02,2.378574e-02,3.446347e-01,2.809968e-03,1.075256e-02,8.190583e-02,2.255232e-01,1.784025e-01,2.722782e-02,1.743444e-02,1.601654e-02
3.491113e-02,1.773654e-03,2.056507e-03,1.863206e-03,1.154856e-02,1.770442e-02,2.436463e-01,2.518031e-03,3.872998e-02,6.664571e-02,1.982351e-01,3.225349e-01,2.356731e-02,2.147252e-02,1.279268e-02
2.469007e-02,1.360100e-03,1.464269e-03,1.416168e-03,8.288666e-03,1.280022e-02,1.716172e-01,1.881348e-03,3.746837e-02,5.252509e-02,2.037443e-01,4.339197e-01,1.754863e-02,2.173281e-02,9.543063e-03
1.765578e-02,1.156599e-03,1.117518e-03,1.494265e-03,6.194114e-03,9.954114e-03,1.207055e-01,1.998947e-03,5.278271e-02,4.177646e-02,2.531692e-01,4.493514e-01,1.403569e-02,2.034154e-02,8.266073e-03
1.249299e-02,1.101896e-03,8.691992e-04,1.192060e-03,4.957113e-03,7.303793e-03,8.469500e-02,1.904384e-03,1.277633e-01,3.116807e-02,2.025161e-01,4.881122e-01,1.059321e-02,1.894586e-02,6.384777e-03
9.121745e-03,1.390627e-03,7.670458e-04,1.190836e-03,4.559111e-03,6.526859e-03,5.943409e-02,1.831985e-03,1.375717e-01,2.381562e-02,1.828116e-01,5.418531e-01,8.577717e-03,1.584323e-02,4.704698e-03
6.699677e-03,2.523468e-03,1.316860e-03,1.376836e-03,7.248110e-03,5.321895e-03,4.174352e-02,2.094432e-03,1.906262e-01,1.819303e-02,1.884042e-01,5.080886e-01,7.829992e-03,1.488089e-02,3.652275e-03
5.410864e-03,3.559738e-03,1.284936e-03,1.711937e-03,7.355428e-03,4.364325e-03,2.931860e-02,2.214125e-03,2.267736e-01,1.612836e-02,2.199029e-01,4.506971e-01,8.459432e-03,1.986048e-02,2.958186e-03
7.095545e-03,1.888329e-02,3.385803e-03,2.139813e-03,1.297825e-02,4.620877e-03,2.072273e-02,4.434351e-03,3.557968e-01,1.717099e-02,1.851114e-01,3.325032e-01,7.541613e-03,2.477976e-02,2.835716e-03
5.987495e-03,4.273372e-02,3.827444e-03,1.903058e-03,1.329155e-02,8.536905e-03,1.459005e-02,5.474201e-03,3.999534e-01,2.710527e-02,1.717442e-01,2.623888e-01,6.072958e-03,3.407916e-02,2.311830e-03
7.278091e-03,1.964342e-01,4.289006e-03,1.681362e-03,1.121309e-02,6.970996e-03,1.027335e-02,5.925091e-03,3.892301e-01,1.987846e-02,1.304258e-01,1.842349e-01,4.414903e-03,2.587646e-02,1.874087e-03
5.822601e-03,2.969794e-01,5.285191e-03,1.637998e-03,9.762818e-03,5.733092e-03,7.227995e-03,6.003798e-03,4.025149e-01,1.401898e-02,9.283961e-02,1.290213e-01,3.189720e-03,1.852034e-02,1.442260e-03
4.420993e-03,3.796780e-01,4.193051e-03,1.686057e-03,7.819879e-03,4.920014e-03,5.077387e-03,4.761045e-03,4.047728e-01,9.946693e-03,6.561321e-02,9.034298e-02,2.294172e-03,1.322144e-02,1.252240e-03
5.031032e-03,4.398049e-01,5.216224e-03,3.312658e-03,1.196424e-02,5.555168e-03,3.682359e-03,6.522453e-03,3.875121e-01,7.177625e-03,4.704540e-02,6.336356e-02,2.002477e-03,1.024483e-02,1.565097e-03
5.898079e-03,4.588360e-01,5.438551e-03,3.353469e-03,1.633438e-02,7.287767e-03,2.729809e-03,9.610136e-03,3.960694e-01,5.200151e-03,3.362320e-02,4.442054e-02,1.610826e-03,8.047255e-03,1.540437e-03
1.029716e-02,4.717912e-01,5.059564e-03,2.632934e-02,1.964105e-02,5.963237e-03,2.018644e-03,4.726949e-02,3.404295e-01,4.001646e-03,2.471950e-02,3.126585e-02,1.605541e-03,5.944166e-03,3.664121e-03
5.265392e-02,4.339135e-01,5.490442e-03,2.728925e-02,5.365149e-02,4.541674e-03,1.479030e-03,9.437424e-02,2.725681e-01,2.838215e-03,1.872965e-02,2.224539e-02,1.993471e-03,4.613101e-03,3.618561e-03
6.523890e-02,3.928402e-01,6.521195e-03,4.635832e-02,9.305607e-02,5.125307e-03,1.166753e-03,9.244870e-02,2.429950e-01,2.067566e-03,1.594360e-02,1.630994e-02,4.689630e-03,4.969727e-03,1.026914e-02
5.073975e-02,2.965023e-01,1.169809e-02,2.103075e-01,8.925194e-02,4.116820e-03,8.754602e-04,7.595834e-02,1.865743e-01,1.881543e-03,2.862961e-02,1.529331e-02,9.569312e-03,3.927637e-03,1.467409e-02
4.760775e-02,2.304041e-01,1.983305e-02,2.916790e-01,9.483802e-02,3.319607e-03,6.981785e-04,7.676364e-02,1.506660e-01,2.147379e-03,3.445854e-02,1.297870e-02,9.849463e-03,3.181193e-03,2.157540e-02
6.623827e-02,2.147987e-01,2.876521e-02,2.667570e-01,1.523358e-01,4.666359e-03,1.010986e-03,6.989755e-02,1.185392e-01,2.360574e-03,3.055533e-02,1.103704e-02,8.537330e-03,3.100088e-03,2.140070e-02
8.809417e-02,1.698229e-01,2.660011e-02,2.542430e-01,1.531910e-01,8.298898e-03,1.021609e-03,5.628290e-02,1.196288e-01,3.560178e-03,3.956760e-02,2.145128e-02,2.858594e-02,2.946404e-03,2.670530e-02
1.258115e-01,1.293575e-01,2.303881e-02,2.228092e-01,1.280979e-01,9.794619e-03,1.516071e-03,4.198745e-02,9.822644e-02,5.366703e-03,5.179022e-02,2.639320e-02,6.218734e-02,9.844595e-03,6.377840e-02
1.636265e-01,9.878737e-02,3.034134e-02,1.791282e-01,1.053810e-01,1.282407e-02,1.739369e-03,3.375231e-02,8.082333e-02,7.436046e-03,6.330920e-02,2.881369e-02,9.096965e-02,2.151729e-02,8.155070e-02
1.601950e-01,7.218438e-02,2.362011e-02,1.351654e-01,7.852449e-02,1.393124e-02,1.673846e-03,2.568169e-02,7.026833e-02,7.388308e-03,6.080444e-02,4.134932e-02,2.003183e-01,2.828414e-02,8.061103e-02
1.185555e-01,5.264472e-02,1.776121e-02,9.588931e-02,5.816442e-02,1.075115e-02,1.378000e-03,1.917622e-02,5.293230e-02,5.722644e-03,4.647842e-02,5.243225e-02,3.838164e-01,2.615279e-02,5.814467e-02
8.470941e-02,3.844106e-02,1.298970e-02,6.754088e-02,4.133593e-02,7.797227e-03,1.101926e-03,1.359085e-02,4.037835e-02,4.824024e-03,3.616321e-02,6.189809e-02,5.220805e-01,2.560692e-02,4.154189e-02
6.067584e-02,2.880280e-02,9.849130e-03,4.743504e-02,2.966787e-02,5.646744e-03,8.607388e-04,9.572936e-03,2.978013e-02,5.237595e-03,2.931491e-02,6.335071e-02,6.294664e-01,2.034346e-02,2.999567e-02
7.151220e-02,2.195190e-02,9.756253e-03,3.367081e-02,2.178608e-02,4.363778e-03,9.329103e-04,7.096764e-03,2.559544e-02,2.525331e-02,3.240276e-02,9.892958e-02,6.074932e-01,1.720760e-02,2.204736e-02
5.866812e-02,1.711702e-02,1.167767e-02,2.432972e-02,1.831802e-02,3.729611e-03,1.029700e-03,7.024365e-03,2.765898e-02,2.864514e-02,3.153511e-02,1.111247e-01,6.304087e-01,1.268387e-02,1.604929e-02
8.328541e-02,1.705760e-02,2.539608e-02,2.391483e-02,1.921501e-02,4.673905e-03,2.085517e-03,1.733588e-02,3.637200e-02,3.706571e-02,2.907126e-02,1.294065e-01,5.535825e-01,9.915710e-03,1.162218e-02
6.227408e-02,1.658882e-02,2.156243e-02,1.729509e-02,2.756923e-02,4.348934e-03,1.837331e-03,1.478810e-02,1.043474e-01,1.240515e-01,2.566643e-02,1.148453e-01,4.483708e-01,7.271929e-03,9.182564e-03
5.107122e-02,1.546495e-02,1.755633e-02,1.358670e-02,2.536859e-02,4.094250e-03,1.817483e-03,3.090487e-02,1.517731e-01,1.389802e-01,2.728573e-02,1.284587e-01,3.811171e-01,5.617233e-03,6.903542e-03
4.243866e-02,1.401900e-02,1.529321e-02,1.118029e-02,2.924519e-02,1.034120e-02,2.760864e-03,3.922092e-02,1.633432e-01,1.378792e-01,2.928311e-02,1.714996e-01,3.236397e-01,4.684566e-03,5.171285e-03
3.100037e-02,1.302435e-02,1.262848e-02,8.831681e-03,3.084323e-02,1.197136e-02,2.207150e-03,2.940482e-02,2.108497e-01,1.313745e-01,3.812537e-02,2.206080e-01,2.512329e-01,3.968950e-03,3.929200e-03
3.025433e-02,1.044229e-02,1.025016e-02,7.059984e-03,4.824441e-02,9.611899e-03,2.364435e-03,2.392438e-02,2.152239e-01,1.070093e-01,3.991497e-02,3.090619e-01,1.802763e-01,3.277140e-03,3.084632e-03
4.109785e-02,1.070548e-02,1.490947e-02,9.010911e-03,4.777562e-02,9.533846e-03,4.323553e-03,6.748681e-02,1.913081e-01,8.699133e-02,3.790415e-02,3.430437e-01,1.303200e-01,3.190846e-03,2.398322e-03
4.229162e-02,1.093542e-02,1.351489e-02,7.751496e-03,5.837697e-02,8.365822e-03,3.501517e-03,7.246452e-02,2.601576e-01,7.033269e-02,3.719898e-02,3.147020e-01,9.533675e-02,3.050628e-03,2.019123e-03
3.223869e-02,1.167423e-02,1.008548e-02,6.149004e-03,4.512990e-02,6.450761e-03,2.559018e-03,5.801828e-02,3.808923e-01,5.155260e-02,3.252974e-02,2.888256e-01,6.926415e-02,2.838201e-03,1.791984e-03
2.307746e-02,1.103681e-02,7.203029e-03,4.831424e-03,3.406022e-02,4.782313e-03,1.854376e-03,4.120477e-02,5.452518e-01,3.664016e-02,2.451597e-02,2.124048e-01,4.934568e-02,2.252621e-03,1.538621e-03
1.976519e-02,8.518415e-03,6.083898e-03,4.382913e-03,3.789315e-02,4.152300e-03,1.517415e-03,5.747049e-02,6.192235e-01,2.663995e-02,2.080270e-02,1.542079e-01,3.640306e-02,1.652849e-03,1.286291e-03
1.643923e-02,9.036575e-03,4.549562e-03,1.366175e-02,4.238380e-02,4.332644e-03,1.319509e-03,4.466104e-02,6.913118e-01,1.925707e-02,1.551509e-02,1.085624e-01,2.610166e-02,1.330905e-03,1.536964e-03
1.644304e-02,1.344719e-02,5.917707e-03,1.131232e-01,4.082436e-02,5.903260e-03,1.038771e-03,3.412103e-02,6.386735e-01,1.687852e-02,1.198202e-02,7.689891e-02,1.916797e-02,1.182849e-03,4.397620e-03
1.394230e-02,1.841624e-02,5.961149e-03,1.200719e-01,3.570309e-02,4.757119e-03,8.204839e-04,2.561125e-02,6.717544e-01,1.829399e-02,9.480653e-03,5.427804e-02,1.457718e-02,9.292909e-04,5.402870e-03
1.555066e-02,2.699982e-02,7.173439e-03,9.589023e-02,4.354195e-02,3.925834e-03,1.014453e-03,1.986258e-02,6.915900e-01,2.095693e-02,8.580445e-03,3.899140e-02,1.164461e-02,8.403516e-04,1.343732e-02
1.396807e-02,4.982489e-02,2.629561e-02,1.298614e-01,3.433193e-02,3.224935e-03,7.743434e-04,1.722697e-02,6.185619e-01,2.897094e-02,9.426277e-03,2.867041e-02,1.026542e-02,8.465351e-04,2.775046e-02
2.160480e-02,4.013403e-02,2.362952e-02,1.016192e-01,5.088679e-02,3.165153e-03,1.013556e-03,6.133852e-02,6.187854e-01,2.102605e-02,7.962547e-03,2.034099e-02,7.541832e-03,7.111307e-04,2.024049e-02
2.754729e-02,3.461092e-02,2.525611e-02,8.423472e-02,7.356660e-02,3.508642e-03,1.300887e-03,7.941067e-02,6.081569e-01,1.726149e-02,6.187307e-03,1.452156e-02,5.518808e-03,6.254842e-04,1.829257e-02
4.424217e-02,3.872623e-02,3.910835e-02,1.207029e-01,8.693907e-02,5.112046e-03,2.247137e-03,7.747370e-02,5.277775e-01,1.666024e-02,5.148093e-03,1.068065e-02,4.205057e-03,5.345070e-04,2.044236e-02
5.146392e-02,3.472032e-02,4.247085e-02,9.644884e-02,9.767731e-02,6.859130e-03,1.065074e-02,8.884236e-02,5.185297e-01,1.516796e-02,3.992716e-03,7.747919e-03,6.847589e-03,4.416988e-04,1.813900e-02
4.783671e-02,7.904266e-02,7.140955e-02,9.311527e-02,7.330538e-02,9.624073e-03,9.141026e-03,6.656959e-02,4.510688e-01,3.474284e-02,4.458754e-03,6.009422e-03,2.140380e-02,4.293785e-04,3.184279e-02
3.843902e-02,6.137999e-02,8.039711e-02,1.583582e-01,5.434932e-02,8.457684e-03,6.959219e-03,4.808351e-02,3.862979e-01,4.730701e-02,2.121934e-02,6.828615e-03,2.460479e-02,8.112033e-04,5.650705e-02
2.856312e-02,4.552543e-02,7.481189e-02,1.999623e-01,3.872279e-02,7.401956e-03,5.272008e-03,3.538147e-02,3.063531e-01,9.820371e-02,4.915247e-02,9.272505e-03,2.916390e-02,1.515385e-03,7.069792e-02
2.018286e-02,3.279933e-02,5.904513e-02,1.591039e-01,2.740856e-02,6.612402e-03,3.866853e-03,2.551994e-02,2.186391e-01,7.389036e-02,1.359909e-01,2.460959e-02,1.579220e-01,1.545499e-03,5.286355e-02
1.435911e-02,2.411411e-02,4.183063e-02,1.215106e-01,1.943308e-02,5.710624e-03,2.820664e-03,1.808107e-02,1.630180e-01,5.508320e-02,2.159521e-01,5.431285e-02,2.196424e-01,3.050759e-03,4.108087e-02
1.038518e-02,2.565102e-02,3.136173e-02,9.143323e-02,1.480395e-02,4.556948e-03,2.035881e-03,1.280839e-02,1.437048e-01,6.055910e-02,2.841836e-01,8.682370e-02,1.942804e-01,6.293179e-03,3.111883e-02
7.846779e-03,2.614413e-02,2.348872e-02,6.716943e-02,1.122355e-02,3.738513e-03,1.500993e-03,9.798899e-03,1.192219e-01,6.924061e-02,2.509994e-01,1.838697e-01,1.876599e-01,1.374418e-02,2.435338e-02
7.416103e-03,2.291138e-02,1.784210e-02,6.198568e-02,9.287026e-03,1.198785e-02,1.203278e-03,7.694363e-03,1.019887e-01,6.324446e-02,2.603562e-01,2.527576e-01,1.423904e-01,2.037830e-02,1.855658e-02
9.630340e-03,1.932977e-02,1.287773e-02,4.484311e-02,8.333185e-03,1.017419e-02,8.942718e-04,6.048223e-03,7.986415e-02,5.288861e-02,2.641516e-01,3.421148e-01,1.045233e-01,3.099706e-02,1.332966e-02
1.314551e-02,1.617822e-02,1.049868e-02,3.742447e-02,1.934584e-02,8.125037e-03,8.672243e-04,7.045363e-03,6.856456e-02,4.241591e-02,2.443782e-01,4.018418e-01,7.586116e-02,4.458589e-02,9.722089e-03
5.575778e-02,1.528305e-02,1.163963e-02,3.218946e-02,2.089297e-02,1.217915e-02,1.247847e-03,1.206901e-02,5.341692e-02,4.060948e-02,2.442328e-01,3.924710e-01,5.697218e-02,4.335811e-02,7.680623e-03
7.619676e-02,1.549954e-02,1.185836e-02,2.813299e-02,2.899860e-02,1.143741e-02,1.704489e-03,2.371290e-02,4.670607e-02,3.400096e-02,2.391861e-01,3.833020e-01,4.998733e-02,4.315620e-02,6.120204e-03
9.190881e-02,1.249907e-02,1.562942e-02,2.623197e-02,5.925722e-02,1.058899e-02,2.803662e-03,3.771940e-02,4.031473e-02,2.967575e-02,2.360343e-01,3.537657e-01,4.265300e-02,3.585136e-02,5.066535e-03
8.442478e-02,1.233487e-02,2.160748e-02,2.537870e-02,1.519768e-01,1.139964e-02,4.566468e-03,4.927018e-02,3.818439e-02,2.562276e-02,1.928214e-01,3.158322e-01,3.452690e-02,2.824242e-02,3.810990e-03
9.474213e-02,1.069351e-02,1.847299e-02,2.085593e-02,1.696891e-01,1.114119e-02,5.289695e-03,3.998431e-02,3.158702e-02,2.669677e-02,2.261918e-01,2.855839e-01,3.153636e-02,2.442816e-02,3.107188e-03
8.675651e-02,1.770601e-02,2.583393e-02,2.046190e-02,1.669931e-01,1.785044e-02,6.295411e-03,5.598458e-02,2.866464e-02,2.119894e-02,2.311363e-01,2.728994e-01,2.597825e-02,1.963435e-02,2.606182e-03
8.731003e-02,2.086729e-02,4.019612e-02,3.449787e-02,1.608140e-01,1.734689e-02,5.888115e-03,7.993364e-02,3.531379e-02,1.703051e-02,2.135254e-01,2.450624e-01,2.250116e-02,1.729857e-02,2.414066e-03
1.076861e-01,2.569182e-02,3.858911e-02,3.243564e-02,1.552710e-01,2.377228e-02,5.429347e-03,6.798052e-02,4.828017e-02,1.700920e-02,2.447300e-01,1.908491e-01,1.865009e-02,2.079680e-02,2.828801e-03
1.072540e-01,2.454200e-02,8.484399e-02,9.760411e-02,1.549693e-01,2.237669e-02,4.222045e-03,7.956032e-02,4.201018e-02,1.244670e-02,1.891781e-01,1.449157e-01,1.504667e-02,1.823471e-02,2.795512e-03
1.705872e-01,2.499764e-02,1.177874e-01,1.024077e-01,1.256898e-01,2.317058e-02,3.245779e-03,6.302620e-02,5.372788e-02,1.076789e-02,1.506958e-01,1.173550e-01,1.329114e-02,1.806008e-02,5.189759e-03
2.350699e-01,2.831386e-02,1.538064e-01,9.564759e-02,9.688165e-02,1.946259e-02,2.518115e-03,4.806358e-02,4.842581e-02,1.240154e-02,1.225104e-01,9.183082e-02,1.115046e-02,2.115907e-02,1.275806e-02
2.482574e-01,2.625969e-02,2.050757e-01,1.231360e-01,8.020438e-02,1.677467e-02,2.179704e-03,4.158982e-02,4.039558e-02,1.162223e-02,9.140652e-02,7.208859e-02,9.905541e-03,1.895151e-02,1.215261e-02
2.877640e-01,2.837709e-02,2.153812e-01,9.841103e-02,7.906303e-02,1.764501e-02,3.382424e-03,5.050512e-02,3.893794e-02,1.208499e-02,7.199787e-02,5.811828e-02,1.037821e-02,1.625767e-02,1.169615e-02
3.154154e-01,2.392517e-02,2.088304e-01,9.503093e-02,6.556036e-02,1.895184e-02,7.306185e-03,9.559403e-02,3.110458e-02,9.436922e-03,5.415243e-02,4.389361e-02,8.592884e-03,1.217452e-02,1.003062e-02
3.398064e-01,1.910656e-02,1.660120e-01,7.225923e-02,5.757437e-02,2.327132e-02,2.394497e-02,1.675972e-01,2.475191e-02,7.779895e-03,3.959410e-02,3.254564e-02,8.600819e-03,9.022815e-03,8.132673e-03
3.609649e-01,1.573141e-02,1.230863e-01,5.228884e-02,5.426829e-02,2.824521e-02,7.389118e-02,1.693589e-01,3.597786e-02,6.451751e-03,2.936597e-02,2.647565e-02,9.210709e-03,7.106735e-03,7.576292e-03
3.128316e-01,1.513761e-02,8.830196e-02,3.801111e-02,4.506711e-02,2.653121e-02,8.769664e-02,2.848723e-01,3.737765e-02,4.984108e-03,2.096573e-02,1.958683e-02,7.592632e-03,5.215183e-03,5.828359e-03
2.754837e-01,1.287706e-02,6.425531e-02,2.888605e-02,4.221170e-02,2.348474e-02,1.072370e-01,3.627275e-01,3.517457e-02,4.090105e-03,1.495595e-02,1.428306e-02,6.079375e-03,3.867285e-03,4.386676e-03
2.557755e-01,1.574800e-02,4.767343e-02,2.136848e-02,4.508394e-02,2.032547e-02,1.086837e-01,3.951055e-01,5.332614e-02,3.994716e-03,1.074490e-02,1.037853e-02,4.952253e-03,3.159150e-03,3.680318e-03
2.479960e-01,1.416961e-02,3.552017e-02,1.581416e-02,4.061711e-02,1.747771e-02,1.177221e-01,3.978653e-01,8.388907e-02,3.739619e-03,7.893365e-03,7.623636e-03,3.988995e-03,2.489490e-03,3.193575e-03
2.950208e-01,1.432455e-02,2.735026e-02,1.202374e-02,3.984459e-02,2.126858e-02,1.171258e-01,3.456232e-01,9.992698e-02,3.450614e-03,6.521488e-03,7.594023e-03,4.072286e-03,1.977157e-03,3.875985e-03
3.468343e-01,1.375206e-02,2.274293e-02,1.091692e-02,3.885327e-02,2.113255e-02,1.245209e-01,3.089361e-01,8.304334e-02,3.909074e-03,5.887070e-03,8.386543e-03,4.434031e-03,1.676561e-03,4.974386e-03
3.704709e-01,1.716291e-02,1.899838e-02,1.357736e-02,3.857286e-02,3.229306e-02,1.155390e-01,2.751040e-01,6.767920e-02,6.234913e-03,8.846225e-03,1.178273e-02,8.327602e-03,1.959112e-03,1.345178e-02
3.229856e-01,6.213861e-02,2.747685e-02,8.288190e-02,4.097189e-02,2.660747e-02,8.328136e-02,2.047459e-01,6.092078e-02,1.462211e-02,1.579096e-02,1.750895e-02,1.582147e-02,2.318250e-03,2.192792e-02
3.672042e-01,5.518299e-02,2.304966e-02,7.703060e-02,4.619174e-02,2.569230e-02,6.296799e-02,1.575527e-01,5.175084e-02,1.629932e-02,1.877955e-02,1.921197e-02,4.138900e-02,3.895004e-03,3.380216e-02
3.648320e-01,4.313538e-02,2.144540e-02,7.912106e-02,3.633983e-02,2.696193e-02,4.563153e-02,1.125334e-01,4.944193e-02,1.363721e-02,1.787402e-02,3.856413e-02,1.076809e-01,3.904489e-03,3.889688e-02
3.260508e-01,3.174356e-02,1.910224e-02,6.225114e-02,2.853910e-02,3.437088e-02,3.329922e-02,8.081629e-02,3.712659e-02,9.791679e-03,1.431477e-02,4.113190e-02,2.402987e-01,4.299622e-03,3.686356e-02
2.864584e-01,2.249626e-02,1.365451e-02,4.583562e-02,2.225809e-02,4.018739e-02,2.400604e-02,6.002478e-02,2.909081e-02,7.192312e-03,1.708012e-02,6.271472e-02,3.355871e-01,4.259798e-03,2.915408e-02
2.632918e-01,1.764427e-02,1.091768e-02,3.761492e-02,2.270189e-02,3.648265e-02,1.763181e-02,4.470961e-02,4.285685e-02,8.431540e-03,2.584147e-02,9.958836e-02,3.349226e-01,6.005147e-03,3.135945e-02
2.267562e-01,1.368717e-02,8.822306e-03,3.015421e-02,2.103900e-02,3.604663e-02,1.304002e-02,3.375351e-02,5.815463e-02,8.974750e-03,3.283326e-02,1.524637e-01,3.342743e-01,5.169815e-03,2.483055e-02
1.682552e-01,1.888510e-02,1.804861e-02,2.435437e-02,1.676107e-02,2.976953e-02,9.366643e-03,2.775468e-02,1.036166e-01,1.297217e-02,3.742979e-02,1.852250e-01,3.234833e-01,4.818839e-03,1.925922e-02
1.578480e-01,1.932441e-02,2.433626e-02,8.021423e-02,1.368269e-02,2.974919e-02,6.741565e-03,2.138829e-02,1.396070e-01,1.280568e-02,4.077820e-02,1.809723e-01,2.493655e-01,4.983401e-03,1.820331e-02
1.903520e-01,2.520077e-02,2.959841e-02,8.055237e-02,1.169659e-02,2.708498e-02,5.194215e-03,1.759064e-02,1.667983e-01,1.424088e-02,4.762863e-02,1.638798e-01,1.990456e-01,5.579962e-03,1.555687e-02
1.478466e-01,5.599041e-02,6.493066e-02,1.464313e-01,9.796513e-03,2.418183e-02,3.814369e-03,1.483486e-02,2.017096e-01,1.178882e-02,3.885159e-02,1.194320e-01,1.421036e-01,4.802572e-03,1.348529e-02
1.070714e-01,9.424533e-02,5.592567e-02,1.136121e-01,8.676336e-03,1.769480e-02,2.757152e-03,1.342257e-02,3.464037e-01,8.919025e-03,3.038361e-02,8.507135e-02,1.008867e-01,3.793144e-03,1.113707e-02
7.786550e-02,9.744272e-02,4.657003e-02,1.761528e-01,8.353107e-03,1.428838e-02,2.172593e-03,1.205013e-02,3.808876e-01,8.999186e-03,2.406706e-02,6.026540e-02,7.571690e-02,2.839555e-03,1.232902e-02
5.992583e-02,9.060480e-02,3.963359e-02,1.763944e-01,1.643179e-02,1.128596e-02,2.284632e-03,1.538485e-02,4.494413e-01,7.532442e-03,2.074668e-02,4.252071e-02,5.427767e-02,2.306962e-03,1.122838e-02
4.539487e-02,7.170129e-02,3.391925e-02,2.512469e-01,1.691319e-02,9.673097e-03,1.854249e-03,1.444844e-02,4.496484e-01,6.878366e-03,1.782013e-02,3.012299e-02,3.907705e-02,1.852535e-03,9.449312e-03
3.821526e-02,5.575268e-02,3.291288e-02,4.039568e-01,1.775822e-02,7.326529e-03,1.392423e-03,1.803759e-02,3.397701e-01,5.573864e-03,1.956769e-02,2.170905e-02,2.885774e-02,1.528375e-03,7.640829e-03
3.567699e-02,4.803383e-02,2.807698e-02,4.358863e-01,1.903008e-02,5.950416e-03,1.087084e-03,1.424061e-02,2.728591e-01,5.600466e-03,7.389726e-02,1.659494e-02,2.290148e-02,4.127561e-03,1.603690e-02
5.779218e-02,5.094203e-02,2.198612e-02,3.344347e-01,4.265839e-02,6.549931e-03,1.197269e-03,1.848146e-02,2.302242e-01,4.978625e-03,1.341421e-01,1.358140e-02,1.874818e-02,2.862549e-02,3.565789e-02
4.872673e-02,4.124347e-02,1.702607e-02,2.358358e-01,3.584449e-02,7.273108e-03,9.287500e-04,1.381767e-02,1.775552e-01,4.914820e-03,1.034831e-01,9.912291e-03,1.409938e-02,1.684699e-01,1.208691e-01
3.579562e-02,3.536444e-02,1.281432e-02,1.659509e-01,2.634074e-02,5.937260e-03,6.997571e-04,9.784685e-03,1.317445e-01,4.915100e-03,7.674597e-02,7.106182e-03,1.026266e-02,2.752485e-01,2.012894e-01
3.789958e-02,3.884946e-02,3.333801e-02,1.539399e-01,2.854973e-02,8.622736e-03,1.214232e-03,1.389890e-02,1.347444e-01,6.594839e-03,6.156842e-02,6.456126e-03,8.468783e-03,2.179244e-01,2.479305e-01
3.032289e-02,3.335457e-02,3.049386e-02,1.135592e-01,2.128869e-02,7.474344e-03,1.342990e-03,1.082082e-02,1.129946e-01,1.615797e-02,4.735551e-02,5.031967e-03,6.788467e-03,2.379061e-01,3.251080e-01
7.986608e-02,3.318852e-02,2.480531e-02,8.510566e-02,2.078747e-02,1.595663e-02,1.402654e-03,9.410498e-03,1.003328e-01,2.437561e-02,4.869171e-02,4.294198e-03,6.609576e-03,2.148961e-01,3.302772e-01
8.875151e-02,2.936420e-02,9.626183e-02,8.267014e-02,1.999232e-02,1.335983e-02,1.603308e-03,9.446871e-03,1.320598e-01,3.188995e-02,4.158148e-02,3.609828e-03,6.270675e-03,1.682578e-01,2.748804e-01
8.266470e-02,2.426903e-02,8.891973e-02,6.254335e-02,1.566543e-02,1.033515e-02,1.226521e-03,6.938219e-03,1.478342e-01,1.031862e-01,3.143214e-02,2.720524e-03,4.839369e-03,1.317582e-01,2.856673e-01
9.230796e-02,2.044947e-02,8.827445e-02,5.491153e-02,1.193610e-02,8.096831e-03,9.505608e-04,5.580588e-03,1.763119e-01,1.441371e-01,2.410930e-02,2.733319e-03,5.140629e-03,9.415423e-02,2.709061e-01
8.960198e-02,1.750824e-02,7.983779e-02,4.752867e-02,8.682229e-03,6.199406e-03,7.096636e-04,4.346659e-03,1.982734e-01,2.180501e-01,1.820303e-02,2.266246e-03,5.276827e-03,6.678371e-02,2.367321e-01
1.604550e-01,1.557172e-02,5.853399e-02,3.791042e-02,6.766436e-03,5.497862e-03,7.250383e-04,4.011056e-03,1.790270e-01,2.196256e-01,1.820109e-02,2.496892e-03,7.108093e-03,5.627746e-02,2.277924e-01
1.151736e-01,1.214217e-02,4.213764e-02,2.897080e-02,4.894238e-03,4.187257e-03,5.525530e-04,2.965210e-03,2.948682e-01,1.800161e-01,2.818712e-02,1.048565e-02,5.217739e-02,4.009488e-02,1.831473e-01
8.144332e-02,8.857354e-03,3.002752e-02,2.326116e-02,3.528636e-03,3.125850e-03,3.998729e-04,2.116946e-03,4.378208e-01,1.316009e-01,3.034970e-02,1.092462e-02,7.515831e-02,2.925133e-02,1.321337e-01
6.211903e-02,6.879530e-03,2.304291e-02,2.175499e-02,3.698076e-03,2.980589e-03,4.077963e-04,2.395216e-03,3.165540e-01,9.315420e-02,8.664723e-02,1.555558e-02,2.456089e-01,2.067850e-02,9.852348e-02
4.602418e-02,5.292535e-03,1.689244e-02,1.914662e-02,9.990662e-03,2.961252e-03,6.441973e-04,2.119894e-03,2.299020e-01,6.579181e-02,1.335967e-01,2.686928e-02,3.343693e-01,1.476300e-02,9.163620e-02
3.312603e-02,4.079983e-03,1.337241e-02,1.548711e-02,2.180707e-02,6.012668e-03,1.116981e-03,2.863572e-03,1.659325e-01,4.644690e-02,1.219725e-01,2.804780e-02,4.539899e-01,1.051292e-02,7.523166e-02
2.336641e-02,4.129354e-03,1.251150e-02,1.099830e-02,3.286264e-02,4.756787e-03,4.882425e-03,2.783346e-03,1.455749e-01,3.386120e-02,1.287450e-01,2.842600e-02,4.798715e-01,8.028066e-03,7.920252e-02
1.656110e-02,3.662306e-03,1.316192e-02,7.782320e-03,3.098692e-02,3.968732e-03,1.194962e-02,4.382973e-03,1.167155e-01,2.518733e-02,1.165982e-01,2.965167e-02,4.817441e-01,6.511153e-03,1.311361e-01
1.173559e-02,3.031816e-03,1.506597e-02,5.515335e-03,2.726574e-02,3.442984e-03,1.532574e-02,3.869287e-03,8.371777e-02,1.829167e-02,8.368194e-02,6.023327e-02,3.913414e-01,5.794127e-03,2.716874e-01
8.352591e-03,2.797386e-03,1.569349e-02,3.901477e-03,2.120061e-02,2.964999e-03,1.303082e-02,3.068564e-03,6.011622e-02,1.323764e-02,6.068040e-02,6.596275e-02,3.143228e-01,5.165080e-03,4.095052e-01
6.297221e-03,2.334076e-03,1.417051e-02,2.808762e-03,2.891859e-02,2.660821e-03,1.157375e-02,2.939790e-03,4.526921e-02,1.013545e-02,4.894245e-02,6.747089e-02,2.482928e-01,3.977536e-03,5.042081e-01
6.051320e-03,2.238618e-03,1.690785e-02,2.170936e-03,3.961295e-02,2.794360e-03,1.571611e-02,4.303505e-03,3.314625e-02,9.057826e-03,3.928155e-02,1.431335e-01,2.336842e-01,3.308485e-03,4.485927e-01
6.151494e-03,2.292112e-03,1.630365e-02,1.645254e-03,4.556951e-02,2.893931e-03,1.459163e-02,6.106115e-03,2.572566e-02,6.858617e-03,2.934191e-02,1.752041e-01,2.410191e-01,2.690095e-03,4.236069e-01
9.538024e-03,4.121433e-03,5.445774e-02,3.687506e-03,7.395238e-02,4.357666e-03,1.277905e-02,4.504806e-02,1.989790e-02,5.229095e-03,2.156790e-02,2.106716e-01,2.270665e-01,2.276646e-03,3.053485e-01
1.912335e-02,7.099290e-03,5.874085e-02,3.944717e-03,7.829868e-02,8.586619e-03,1.153139e-02,5.307247e-02,2.273572e-02,5.433192e-03,1.731610e-02,2.639511e-01,2.275597e-01,2.673391e-03,2.199334e-01
3.159898e-02,8.586466e-03,4.972873e-02,3.795434e-03,1.184500e-01,9.303791e-03,1.546058e-02,4.234849e-02,3.386777e-02,5.504763e-03,1.514113e-02,2.780595e-01,2.235630e-01,2.754285e-03,1.618371e-01
4.922316e-02,9.416407e-03,8.461519e-02,4.719576e-03,1.016309e-01,9.643001e-03,1.428868e-02,1.196392e-01,6.666811e-02,7.787011e-03,1.566372e-02,2.193196e-01,1.780804e-01,2.435833e-03,1.168692e-01
5.932634e-02,1.092801e-02,1.434149e-01,6.488399e-03,8.458243e-02,1.284025e-02,1.374686e-02,1.382540e-01,1.251557e-01,8.832726e-03,1.238457e-02,1.624893e-01,1.359951e-01,1.966820e-03,8.359451e-02
7.043975e-02,1.370859e-02,2.096936e-01,4.048152e-02,6.516176e-02,1.252238e-02,1.032291e-02,1.151752e-01,1.548146e-01,1.716256e-02,1.038731e-02,1.171005e-01,9.916094e-02,1.701626e-03,6.216673e-02
1.511601e-01,2.231892e-02,1.735800e-01,3.359479e-02,6.078141e-02,1.602610e-02,9.184150e-03,9.129721e-02,1.855570e-01,2.064928e-02,9.569315e-03,8.719856e-02,7.699295e-02,2.965473e-03,5.912467e-02
1.459562e-01,3.727804e-02,1.905861e-01,2.690255e-02,5.772534e-02,1.987480e-02,8.435570e-03,8.126412e-02,1.826062e-01,4.016815e-02,8.039511e-03,6.268131e-02,6.033526e-02,7.800464e-03,7.034639e-02
1.192424e-01,5.991798e-02,1.926228e-01,2.224522e-02,5.500010e-02,1.940153e-02,8.134499e-03,7.888255e-02,1.815766e-01,3.776935e-02,6.576331e-03,4.493545e-02,4.568911e-02,8.858482e-03,1.191477e-01
9.654149e-02,8.025318e-02,2.236832e-01,2.493101e-02,4.823713e-02,1.468478e-02,6.881595e-03,9.523213e-02,1.581680e-01,4.852689e-02,5.699387e-03,3.255105e-02,3.386575e-02,7.309277e-03,1.234351e-01
8.327371e-02,9.193160e-02,2.599537e-01,2.902783e-02,4.684317e-02,1.151570e-02,5.298149e-03,1.368938e-01,1.309555e-01,4.754395e-02,4.524726e-03,2.340869e-02,2.456534e-02,6.794388e-03,9.746970e-02
7.817496e-02,9.872194e-02,2.997642e-01,2.741511e-02,4.065527e-02,8.840714e-03,4.164884e-03,1.603286e-01,1.060514e-01,5.124736e-02,3.533417e-03,1.700285e-02,1.789095e-02,6.429868e-03,7.977853e-02
