1.000000e+00,0.000000e+00,0.000000e+00,0.000000e+00,0.000000e+00,0.000000e+00,0.000000e+00,0.000000e+00,0.000000e+00,0.000000e+00,0.000000e+00,0.000000e+00,0.000000e+00,0.000000e+00,0.000000e+00
1.000000e+00,0.000000e+00,0.000000e+00,0.000000e+00,0.000000e+00,0.000000e+00,0.000000e+00,0.000000e+00,0.000000e+00,0.000000e+00,0.000000e+00,0.000000e+00,0.000000e+00,0.000000e+00,0.000000e+00
1.000000e+00,0.000000e+00,0.000000e+00,0.000000e+00,0.000000e+00,0.000000e+00,0.000000e+00,0.000000e+00,0.000000e+00,0.000000e+00,0.000000e+00,0.000000e+00,0.000000e+00,0.000000e+00,0.000000e+00
1.000000e+00,0.000000e+00,0.000000e+00,0.000000e+00,0.000000e+00,0.000000e+00,0.000000e+00,0.000000e+00,0.000000e+00,0.000000e+00,0.000000e+00,0.000000e+00,0.000000e+00,0.000000e+00,0.000000e+00
1.000000e+00,0.000000e+00,0.000000e+00,0.000000e+00,0.000000e+00,0.000000e+00,0.000000e+00,0.000000e+00,0.000000e+00,0.000000e+00,0.000000e+00,0.000000e+00,0.000000e+00,0.000000e+00,0.000000e+00
1.000000e+00,0.000000e+00,0.000000e+00,0.000000e+00,0.000000e+00,0.000000e+00,0.000000e+00,0.000000e+00,0.000000e+00,0.000000e+00,0.000000e+00,0.000000e+00,0.000000e+00,0.000000e+00,0.000000e+00
1.000000e+00,0.000000e+00,0.000000e+00,0.000000e+00,0.000000e+00,0.000000e+00,0.000000e+00,0.000000e+00,0.000000e+00,0.000000e+00,0.000000e+00,0.000000e+00,0.000000e+00,0.000000e+00,0.000000e+00
1.000000e+00,0.000000e+00,0.000000e+00,0.000000e+00,0.000000e+00,0.000000e+00,0.000000e+00,0.000000e+00,0.000000e+00,0.000000e+00,0.000000e+00,0.000000e+00,0.000000e+00,0.000000e+00,0.000000e+00
1.000000e+00,0.000000e+00,0.000000e+00,0.000000e+00,0.000000e+00,0.000000e+00,0.000000e+00,0.000000e+00,0.000000e+00,0.000000e+00,0.000000e+00,0.000000e+00,0.000000e+00,0.000000e+00,0.000000e+00
1.000000e+00,0.000000e+00,0.000000e+00,0.000000e+00,0.000000e+00,0.000000e+00,0.000000e+00,0.000000e+00,0.000000e+00,0.000000e+00,0.000000e+00,0.000000e+00,0.000000e+00,0.000000e+00,0.000000e+00
1.000000e+00,0.000000e+00,0.000000e+00,0.000000e+00,0.000000e+00,0.000000e+00,0.000000e+00,0.000000e+00,0.000000e+00,0.000000e+00,0.000000e+00,0.000000e+00,0.000000e+00,0.000000e+00,0.000000e+00
1.000000e+00,0.000000e+00,0.000000e+00,0.000000e+00,0.000000e+00,0.000000e+00,0.000000e+00,0.000000e+00,0.000000e+00,0.000000e+00,0.000000e+00,0.000000e+00,0.000000e+00,0.000000e+00,0.000000e+00
1.000000e+00,0.000000e+00,0.000000e+00,0.000000e+00,0.000000e+00,0.000000e+00,0.000000e+00,0.000000e+00,0.000000e+00,0.000000e+00,0.000000e+00,0.000000e+00,0.000000e+00,0.000000e+00,0.000000e+00
1.000000e+00,0.000000e+00,0.000000e+00,0.000000e+00,0.000000e+00,0.000000e+00,0.000000e+00,0.000000e+00,0.000000e+00,0.000000e+00,0.000000e+00,0.000000e+00,0.000000e+00,0.000000e+00,0.000000e+00
1.000000e+00,0.000000e+00,0.000000e+00,0.000000e+00,0.000000e+00,0.000000e+00,0.000000e+00,0.000000e+00,0.000000e+00,0.000000e+00,0.000000e+00,0.000000e+00,0.000000e+00,0.000000e+00,0.000000e+00
1.000000e+00,0.000000e+00,0.000000e+00,0.000000e+00,0.000000e+00,0.000000e+00,0.000000e+00,0.000000e+00,0.000000e+00,0.000000e+00,0.000000e+00,0.000000e+00,0.000000e+00,0.000000e+00,0.000000e+00
1.000000e+00,0.000000e+00,0.000000e+00,0.000000e+00,0.000000e+00,0.000000e+00,0.000000e+00,0.000000e+00,0.000000e+00,0.000000e+00,0.000000e+00,0.000000e+00,0.000000e+00,0.000000e+00,0.000000e+00
1.000000e+00,0.000000e+00,0.000000e+00,0.000000e+00,0.000000e+00,0.000000e+00,0.000000e+00,0.000000e+00,0.000000e+00,0.000000e+00,0.000000e+00,0.000000e+00,0.000000e+00,0.000000e+00,0.000000e+00
1.000000e+00,0.000000e+00,0.000000e+00,0.000000e+00,0.000000e+00,0.000000e+00,0.000000e+00,0.000000e+00,0.000000e+00,0.000000e+00,0.000000e+00,0.000000e+00,0.000000e+00,0.000000e+00,0.000000e+00
1.000000e+00,0.000000e+00,0.000000e+00,0.000000e+00,0.000000e+00,0.000000e+00,0.000000e+00,0.000000e+00,0.000000e+00,0.000000e+00,0.000000e+00,0.000000e+00,0.000000e+00,0.000000e+00,0.000000e+00
1.000000e+00,0.000000e+00,0.000000e+00,0.000000e+00,0.000000e+00,0.000000e+00,0.000000e+00,0.000000e+00,0.000000e+00,0.000000e+00,0.000000e+00,0.000000e+00,0.000000e+00,0.000000e+00,0.000000e+00
1.000000e+00,0.000000e+00,0.000000e+00,0.000000e+00,0.000000e+00,0.000000e+00,0.000000e+00,0.000000e+00,0.000000e+00,0.000000e+00,0.000000e+00,0.000000e+00,0.000000e+00,0.000000e+00,0.000000e+00
1.000000e+00,0.000000e+00,0.000000e+00,0.000000e+00,0.000000e+00,0.000000e+00,0.000000e+00,0.000000e+00,0.000000e+00,0.000000e+00,0.000000e+00,0.000000e+00,0.000000e+00,0.000000e+00,0.000000e+00
1.000000e+00,0.000000e+00,0.000000e+00,0.000000e+00,0.000000e+00,0.000000e+00,0.000000e+00,0.000000e+00,0.000000e+00,0.000000e+00,0.000000e+00,0.000000e+00,0.000000e+00,0.000000e+00,0.000000e+00
1.000000e+00,0.000000e+00,0.000000e+00,0.000000e+00,0.000000e+00,0.000000e+00,0.000000e+00,0.000000e+00,0.000000e+00,0.000000e+00,0.000000e+00,0.000000e+00,0.000000e+00,0.000000e+00,0.000000e+00
1.000000e+00,0.000000e+00,0.000000e+00,0.000000e+00,0.000000e+00,0.000000e+00,0.000000e+00,0.000000e+00,0.000000e+00,0.000000e+00,0.000000e+00,0.000000e+00,0.000000e+00,0.000000e+00,0.000000e+00
1.000000e+00,0.000000e+00,0.000000e+00,0.000000e+00,0.000000e+00,0.000000e+00,0.000000e+00,0.000000e+00,0.000000e+00,0.000000e+00,0.000000e+00,0.000000e+00,0.000000e+00,0.000000e+00,0.000000e+00
1.000000e+00,0.000000e+00,0.000000e+00,0.000000e+00,0.000000e+00,0.000000e+00,0.000000e+00,0.000000e+00,0.000000e+00,0.000000e+00,0.000000e+00,0.000000e+00,0.000000e+00,0.000000e+00,0.000000e+00
1.000000e+00,0.000000e+00,0.000000e+00,0.000000e+00,0.000000e+00,0.000000e+00,0.000000e+00,0.000000e+00,0.000000e+00,0.000000e+00,0.000000e+00,0.000000e+00,0.000000e+00,0.000000e+00,0.000000e+00
1.000000e+00,0.000000e+00,0.000000e+00,0.000000e+00,0.000000e+00,0.000000e+00,0.000000e+00,0.000000e+00,0.000000e+00,0.000000e+00,0.000000e+00,0.000000e+00,0.000000e+00,0.000000e+00,0.000000e+00
1.000000e+00,0.000000e+00,0.000000e+00,0.000000e+00,0.000000e+00,0.000000e+00,0.000000e+00,0.000000e+00,0.000000e+00,0.000000e+00,0.000000e+00,0.000000e+00,0.000000e+00,0.000000e+00,0.000000e+00
1.000000e+00,0.000000e+00,0.000000e+00,0.000000e+00,0.000000e+00,0.000000e+00,0.000000e+00,0.000000e+00,0.000000e+00,0.000000e+00,0.000000e+00,0.000000e+00,0.000000e+00,0.000000e+00,0.000000e+00
1.000000e+00,0.000000e+00,0.000000e+00,0.000000e+00,0.000000e+00,0.000000e+00,0.000000e+00,0.000000e+00,0.000000e+00,0.000000e+00,0.000000e+00,0.000000e+00,0.000000e+00,0.000000e+00,0.000000e+00
1.000000e+00,0.000000e+00,0.000000e+00,0.000000e+00,0.000000e+00,0.000000e+00,0.000000e+00,0.000000e+00,0.000000e+00,0.000000e+00,0.000000e+00,0.000000e+00,0.000000e+00,0.000000e+00,0.000000e+00
1.000000e+00,0.000000e+00,0.000000e+00,0.000000e+00,0.000000e+00,0.000000e+00,0.000000e+00,0.000000e+00,0.000000e+00,0.000000e+00,0.000000e+00,0.000000e+00,0.000000e+00,0.000000e+00,0.000000e+00
1.000000e+00,0.000000e+00,0.000000e+00,0.000000e+00,0.000000e+00,0.000000e+00,0.000000e+00,0.000000e+00,0.000000e+00,0.000000e+00,0.000000e+00,0.000000e+00,0.000000e+00,0.000000e+00,0.000000e+00
1.000000e+00,0.000000e+00,0.000000e+00,0.000000e+00,0.000000e+00,0.000000e+00,0.000000e+00,0.000000e+00,0.000000e+00,0.000000e+00,0.000000e+00,0.000000e+00,0.000000e+00,0.000000e+00,0.000000e+00
1.000000e+00,0.000000e+00,0.000000e+00,0.000000e+00,0.000000e+00,0.000000e+00,0.000000e+00,0.000000e+00,0.000000e+00,0.000000e+00,0.000000e+00,0.000000e+00,0.000000e+00,0.000000e+00,0.000000e+00
1.000000e+00,0.000000e+00,0.000000e+00,0.000000e+00,0.000000e+00,0.000000e+00,0.000000e+00,0.000000e+00,0.000000e+00,0.000000e+00,0.000000e+00,0.000000e+00,0.000000e+00,0.000000e+00,0.000000e+00
1.000000e+00,0.000000e+00,0.000000e+00,0.000000e+00,0.000000e+00,0.000000e+00,0.000000e+00,0.000000e+00,0.000000e+00,0.000000e+00,0.000000e+00,0.000000e+00,0.000000e+00,0.000000e+00,0.000000e+00
1.000000e+00,0.000000e+00,0.000000e+00,0.000000e+00,0.000000e+00,0.000000e+00,0.000000e+00,0.000000e+00,0.000000e+00,0.000000e+00,0.000000e+00,0.000000e+00,0.000000e+00,0.000000e+00,0.000000e+00
1.000000e+00,0.000000e+00,0.000000e+00,0.000000e+00,0.000000e+00,0.000000e+00,0.000000e+00,0.000000e+00,0.000000e+00,0.000000e+00,0.000000e+00,0.000000e+00,0.000000e+00,0.000000e+00,0.000000e+00
1.000000e+00,0.000000e+00,0.000000e+00,0.000000e+00,0.000000e+00,0.000000e+00,0.000000e+00,0.000000e+00,0.000000e+00,0.000000e+00,0.000000e+00,0.000000e+00,0.000000e+00,0.000000e+00,0.000000e+00
1.000000e+00,0.000000e+00,0.000000e+00,0.000000e+00,0.000000e+00,0.000000e+00,0.000000e+00,0.000000e+00,0.000000e+00,0.000000e+00,0.000000e+00,0.000000e+00,0.000000e+00,0.000000e+00,0.000000e+00
4.442760e-01,4.560092e-02,1.530637e-02,1.539925e-01,2.686892e-02,4.339832e-02,1.632479e-02,3.099295e-02,3.226789e-02,4.244024e-03,1.373127e-02,8.752157e-02,4.447250e-02,3.475028e-03,3.752691e-02
4.180734e-01,5.065741e-02,1.443425e-02,1.527271e-01,2.785838e-02,4.185583e-02,1.513639e-02,2.720109e-02,3.080778e-02,4.707226e-03,1.621486e-02,9.837335e-02,5.647361e-02,4.774341e-03,4.070491e-02
4.290686e-01,5.211235e-02,1.308980e-02,1.381597e-01,2.610497e-02,3.982134e-02,1.395503e-02,2.334293e-02,2.760239e-02,4.594244e-03,1.716314e-02,1.025904e-01,6.623565e-02,5.750130e-03,4.040931e-02
3.823801e-01,5.497832e-02,1.514188e-02,1.371167e-01,2.420765e-02,4.426825e-02,1.398053e-02,2.425374e-02,2.503421e-02,4.661939e-03,2.007850e-02,1.211169e-01,8.268683e-02,7.462826e-03,4.263171e-02
3.255592e-01,5.772575e-02,2.789432e-02,1.445311e-01,2.314366e-02,4.063214e-02,1.226229e-02,2.792700e-02,2.366053e-02,4.745524e-03,2.265810e-02,1.467146e-01,8.744777e-02,7.988877e-03,4.710914e-02
3.541457e-01,6.432722e-02,2.931022e-02,1.417731e-01,2.342443e-02,3.520410e-02,1.075330e-02,2.406555e-02,2.295703e-02,4.796363e-03,2.246165e-02,1.244632e-01,7.941050e-02,9.144524e-03,5.376309e-02
4.312897e-01,6.087112e-02,2.465776e-02,1.215920e-01,2.191973e-02,3.148897e-02,9.168539e-03,1.946603e-02,2.067606e-02,4.620232e-03,2.043359e-02,1.050743e-01,7.052972e-02,8.385343e-03,4.982694e-02
4.370206e-01,5.932227e-02,3.057652e-02,1.305070e-01,2.167626e-02,2.869113e-02,8.156683e-03,2.181152e-02,1.798353e-02,4.300972e-03,2.057032e-02,9.575716e-02,6.502676e-02,8.119122e-03,5.048013e-02
1.000000e+00,0.000000e+00,0.000000e+00,0.000000e+00,0.000000e+00,0.000000e+00,0.000000e+00,0.000000e+00,0.000000e+00,0.000000e+00,0.000000e+00,0.000000e+00,0.000000e+00,0.000000e+00,0.000000e+00
1.000000e+00,0.000000e+00,0.000000e+00,0.000000e+00,0.000000e+00,0.000000e+00,0.000000e+00,0.000000e+00,0.000000e+00,0.000000e+00,0.000000e+00,0.000000e+00,0.000000e+00,0.000000e+00,0.000000e+00
4.871875e-01,9.006711e-02,3.640947e-02,1.844845e-01,1.480338e-02,1.809006e-02,5.234311e-03,1.525336e-02,1.175532e-02,3.029733e-03,1.368254e-02,4.687262e-02,3.292489e-02,5.326335e-03,3.487896e-02
1.000000e+00,0.000000e+00,0.000000e+00,0.000000e+00,0.000000e+00,0.000000e+00,0.000000e+00,0.000000e+00,0.000000e+00,0.000000e+00,0.000000e+00,0.000000e+00,0.000000e+00,0.000000e+00,0.000000e+00
1.000000e+00,0.000000e+00,0.000000e+00,0.000000e+00,0.000000e+00,0.000000e+00,0.000000e+00,0.000000e+00,0.000000e+00,0.000000e+00,0.000000e+00,0.000000e+00,0.000000e+00,0.000000e+00,0.000000e+00
1.000000e+00,0.000000e+00,0.000000e+00,0.000000e+00,0.000000e+00,0.000000e+00,0.000000e+00,0.000000e+00,0.000000e+00,0.000000e+00,0.000000e+00,0.000000e+00,0.000000e+00,0.000000e+00,0.000000e+00
1.000000e+00,0.000000e+00,0.000000e+00,0.000000e+00,0.000000e+00,0.000000e+00,0.000000e+00,0.000000e+00,0.000000e+00,0.000000e+00,0.000000e+00,0.000000e+00,0.000000e+00,0.000000e+00,0.000000e+00
1.000000e+00,0.000000e+00,0.000000e+00,0.000000e+00,0.000000e+00,0.000000e+00,0.000000e+00,0.000000e+00,0.000000e+00,0.000000e+00,0.000000e+00,0.000000e+00,0.000000e+00,0.000000e+00,0.000000e+00
1.000000e+00,0.000000e+00,0.000000e+00,0.000000e+00,0.000000e+00,0.000000e+00,0.000000e+00,0.000000e+00,0.000000e+00,0.000000e+00,0.000000e+00,0.000000e+00,0.000000e+00,0.000000e+00,0.000000e+00
1.000000e+00,0.000000e+00,0.000000e+00,0.000000e+00,0.000000e+00,0.000000e+00,0.000000e+00,0.000000e+00,0.000000e+00,0.000000e+00,0.000000e+00,0.000000e+00,0.000000e+00,0.000000e+00,0.000000e+00
1.000000e+00,0.000000e+00,0.000000e+00,0.000000e+00,0.000000e+00,0.000000e+00,0.000000e+00,0.000000e+00,0.000000e+00,0.000000e+00,0.000000e+00,0.000000e+00,0.000000e+00,0.000000e+00,0.000000e+00
1.000000e+00,0.000000e+00,0.000000e+00,0.000000e+00,0.000000e+00,0.000000e+00,0.000000e+00,0.000000e+00,0.000000e+00,0.000000e+00,0.000000e+00,0.000000e+00,0.000000e+00,0.000000e+00,0.000000e+00
4.846525e-01,3.110920e-02,4.523876e-02,7.492512e-02,1.224693e-02,9.469056e-02,8.134796e-02,1.191271e-02,6.281855e-03,1.574119e-03,1.042748e-02,4.754499e-02,7.798700e-02,1.929096e-03,1.813178e-02
3.414754e-01,2.598733e-02,3.274620e-02,5.269124e-02,9.247867e-03,3.028666e-01,1.019159e-01,1.086252e-02,4.569054e-03,1.138927e-03,7.375181e-03,3.346027e-02,6.148212e-02,1.364932e-03,1.281655e-02
2.477175e-01,3.719880e-02,2.477734e-02,3.727863e-02,7.735140e-03,4.179061e-01,1.201333e-01,1.106992e-02,3.653711e-03,9.191327e-04,5.382601e-03,2.361519e-02,5.238072e-02,9.986798e-04,9.233300e-03
1.919461e-01,3.379850e-02,2.012059e-02,2.679453e-02,7.330940e-03,4.800622e-01,1.484668e-01,1.414368e-02,2.955866e-03,7.405641e-04,4.007233e-03,1.715120e-02,4.460451e-02,8.014709e-04,7.075875e-03
1.739317e-01,3.294754e-02,1.764623e-02,2.003535e-02,7.515721e-03,5.001406e-01,1.669630e-01,1.587711e-02,2.633979e-03,6.600278e-04,3.087320e-03,1.344074e-02,3.816061e-02,6.832404e-04,6.276808e-03
2.483082e-01,3.294627e-02,1.634483e-02,1.579453e-02,7.401066e-03,4.273852e-01,1.763469e-01,1.458397e-02,2.611797e-03,8.059669e-04,2.461306e-03,1.167731e-02,3.480597e-02,6.696333e-04,7.857135e-03
3.549391e-01,4.658694e-02,1.440719e-02,1.358285e-02,7.961820e-03,3.217628e-01,1.597036e-01,1.542096e-02,3.604479e-03,1.600813e-03,2.753330e-03,1.024884e-02,3.357577e-02,9.458006e-04,1.290564e-02
4.297004e-01,4.280012e-02,1.234957e-02,1.217952e-02,1.278536e-02,2.335421e-01,1.630907e-01,1.616241e-02,5.680951e-03,2.810228e-03,4.377675e-03,9.833081e-03,3.522388e-02,1.266229e-03,1.819785e-02
4.233013e-01,3.261597e-02,9.449041e-03,1.156949e-02,1.306992e-02,1.849084e-01,1.487276e-01,1.335643e-02,7.209445e-03,2.517842e-03,5.541924e-03,1.207918e-02,1.166047e-01,1.180065e-03,1.786863e-02
3.085725e-01,2.432607e-02,6.767825e-03,8.619428e-03,1.000610e-02,1.727053e-01,1.138914e-01,9.994000e-03,7.241663e-03,2.127788e-03,1.325777e-02,1.338936e-02,2.930249e-01,9.007998e-04,1.517513e-02
2.163529e-01,1.787854e-02,4.750159e-03,6.285165e-03,7.121592e-03,1.229836e-01,8.055280e-02,7.040368e-03,6.853508e-03,1.677495e-03,9.934465e-03,1.018695e-02,4.957862e-01,6.396530e-04,1.195658e-02
1.517455e-01,1.542002e-02,3.468582e-03,6.101208e-03,5.222389e-03,8.810177e-02,5.682301e-02,5.035281e-03,4.997344e-02,1.930331e-03,7.765568e-03,9.667333e-03,5.847978e-01,6.103410e-04,1.333747e-02
1.076707e-01,1.419660e-02,2.765058e-03,4.740725e-03,3.845966e-03,6.671232e-02,4.110910e-02,3.750697e-03,1.343740e-01,4.495206e-03,8.071647e-03,1.051373e-02,5.775220e-01,7.106146e-04,1.952166e-02
7.805335e-02,2.740790e-02,2.517803e-03,4.099630e-03,3.433650e-03,5.458413e-02,2.899765e-02,3.015530e-03,3.046505e-01,5.741924e-03,6.933456e-03,9.235446e-03,4.420478e-01,6.405477e-04,2.864072e-02
5.945346e-02,2.820912e-02,4.207795e-03,4.920601e-03,4.720457e-03,5.106246e-02,2.053066e-02,2.814926e-03,4.172271e-01,7.888584e-03,5.341128e-03,7.613345e-03,3.231419e-01,1.284581e-03,6.158398e-02
4.270773e-02,3.687958e-02,2.439831e-02,9.906403e-02,4.673359e-03,3.915342e-02,1.440702e-02,2.481052e-03,3.984678e-01,1.077088e-02,5.463242e-03,6.351194e-03,2.271227e-01,1.439328e-03,8.662038e-02
3.774395e-02,3.054176e-02,2.242149e-02,7.256030e-02,5.836162e-03,2.953890e-02,1.015391e-02,6.081928e-03,3.587904e-01,6.182546e-02,3.915565e-02,6.537226e-03,1.714267e-01,4.011691e-03,1.433745e-01
2.850449e-02,4.764287e-02,1.677908e-02,5.489132e-02,1.032294e-02,2.297670e-02,7.179404e-03,5.239741e-03,4.330710e-01,4.912243e-02,5.374075e-02,6.366293e-03,1.283535e-01,3.018927e-03,1.327905e-01
2.556722e-02,7.788494e-02,1.353542e-02,6.292011e-02,2.055596e-02,1.788362e-02,5.196813e-03,6.155363e-03,4.896879e-01,3.628958e-02,4.131731e-02,4.838000e-03,9.144066e-02,2.225132e-03,1.045019e-01
2.189785e-02,6.722634e-02,2.014437e-02,2.148722e-01,1.912345e-02,1.402361e-02,3.756641e-03,1.389034e-02,3.998734e-01,2.802095e-02,3.423003e-02,3.966291e-03,6.560020e-02,2.011633e-03,9.136274e-02
2.325670e-02,6.385563e-02,5.712865e-02,1.770191e-01,1.760171e-02,1.131418e-02,2.845245e-03,1.537198e-02,3.167058e-01,5.400586e-02,3.478944e-02,3.238155e-03,4.795606e-02,3.511184e-03,1.714004e-01
2.087233e-02,1.165498e-01,8.108106e-02,1.932220e-01,1.403709e-02,9.068578e-03,2.128815e-03,1.281836e-02,2.468607e-01,5.800130e-02,3.162357e-02,3.330465e-03,3.627462e-02,2.860969e-03,1.712704e-01
1.567877e-02,1.026043e-01,1.650524e-01,2.402850e-01,1.030983e-02,6.645027e-03,1.528745e-03,9.566580e-03,1.941675e-01,5.218166e-02,2.614189e-02,2.718534e-03,2.697312e-02,2.190486e-03,1.439562e-01
1.603383e-02,9.425302e-02,1.632500e-01,2.138735e-01,1.253717e-02,7.981584e-03,3.020433e-03,7.061248e-03,2.205481e-01,4.761605e-02,6.012224e-02,2.861073e-03,2.357718e-02,2.715205e-03,1.245495e-01
1.641759e-02,8.634773e-02,1.209398e-01,1.575069e-01,2.069145e-02,1.209574e-02,5.048203e-03,5.230443e-03,3.518756e-01,3.593774e-02,7.171211e-02,2.615024e-03,1.951944e-02,2.135509e-03,9.192675e-02
1.541069e-02,8.668943e-02,8.646793e-02,1.310153e-01,1.725465e-02,1.156064e-02,3.971502e-03,3.752441e-03,4.521772e-01,3.188924e-02,5.194918e-02,2.165398e-03,1.535023e-02,1.736092e-03,8.861009e-02
2.109566e-02,9.955230e-02,6.172469e-02,1.175251e-01,1.868138e-02,1.051163e-02,3.115400e-03,2.832969e-03,5.127527e-01,2.641536e-02,3.680123e-02,1.680182e-03,1.184321e-02,1.471573e-03,7.399675e-02
2.783446e-02,9.033713e-02,4.480652e-02,1.752627e-01,2.325546e-02,1.089747e-02,2.660715e-03,2.463293e-03,4.979557e-01,2.437780e-02,2.654210e-02,1.466821e-03,1.053119e-02,1.260600e-03,6.034805e-02
7.462988e-02,8.805148e-02,3.332842e-02,1.510823e-01,3.106533e-02,1.189548e-02,2.435636e-03,2.152954e-03,4.865773e-01,2.269939e-02,1.985846e-02,1.671522e-03,1.009749e-02,1.210339e-03,6.324406e-02
6.674716e-02,9.694038e-02,2.959505e-02,1.537244e-01,5.838987e-02,1.483099e-02,2.703673e-03,2.550369e-03,4.673118e-01,2.151818e-02,1.526899e-02,1.628725e-03,9.301996e-03,1.022681e-03,5.846580e-02
5.280804e-02,2.356949e-01,2.585408e-02,1.564029e-01,4.404920e-02,1.121679e-02,2.043454e-03,2.498700e-03,3.716013e-01,1.840153e-02,1.180015e-02,1.999285e-03,8.425786e-03,9.663912e-04,5.623746e-02
7.891285e-02,2.100161e-01,6.833605e-02,1.442675e-01,4.398897e-02,1.945313e-02,3.149910e-03,8.877587e-03,3.251052e-01,1.857845e-02,1.111676e-02,2.273724e-03,1.087485e-02,1.001193e-03,5.404773e-02
6.446863e-02,1.584048e-01,6.948195e-02,1.054088e-01,4.145823e-02,3.355585e-02,3.435655e-02,4.868390e-02,2.709755e-01,1.529364e-02,1.212358e-02,1.825167e-03,1.000990e-01,8.284551e-04,4.303581e-02
5.655000e-02,1.183207e-01,5.887949e-02,7.766747e-02,3.470202e-02,3.130748e-02,5.050520e-02,4.199051e-02,1.973632e-01,1.178742e-02,8.958776e-03,1.363935e-03,2.778966e-01,6.231721e-04,3.208409e-02
5.517083e-02,9.306557e-02,5.922115e-02,5.791432e-02,3.565141e-02,3.323803e-02,1.558510e-01,5.771773e-02,1.449513e-01,8.726711e-03,7.398486e-03,1.105227e-03,2.645317e-01,5.090316e-04,2.494751e-02
4.485801e-02,7.677368e-02,6.619824e-02,4.397867e-02,3.217840e-02,2.991904e-02,2.116467e-01,5.233310e-02,1.041935e-01,7.372611e-03,5.470855e-03,9.170593e-04,3.035159e-01,3.950782e-04,2.024924e-02
4.231311e-02,6.423330e-02,6.370478e-02,3.253916e-02,3.288206e-02,2.673889e-02,2.429183e-01,4.217670e-02,7.790612e-02,6.514912e-03,4.121088e-03,8.270410e-04,3.441584e-01,3.625604e-04,1.860364e-02
4.395052e-02,5.875530e-02,7.502268e-02,2.654839e-02,4.190184e-02,3.359050e-02,2.468484e-01,4.404713e-02,6.092801e-02,8.248917e-03,3.548147e-03,1.320267e-03,3.317302e-01,4.392536e-04,2.312038e-02
6.823469e-02,8.093794e-02,7.808007e-02,2.903582e-02,4.574994e-02,3.271891e-02,1.829554e-01,5.945008e-02,8.331721e-02,2.073680e-02,1.126915e-02,9.592553e-03,2.561038e-01,1.400026e-03,4.041759e-02
8.509786e-02,1.183570e-01,6.484666e-02,2.696792e-02,4.120268e-02,2.965627e-02,1.318468e-01,4.974928e-02,1.100606e-01,4.592357e-02,1.770926e-02,1.575603e-02,1.985612e-01,2.478075e-03,6.178683e-02
6.711444e-02,1.384362e-01,1.807180e-01,3.334198e-02,2.994402e-02,2.281840e-02,9.258197e-02,3.506808e-02,9.225360e-02,4.966791e-02,1.713225e-02,1.462944e-02,1.439075e-01,2.393650e-03,7.999249e-02
6.618255e-02,1.122373e-01,1.755859e-01,3.532182e-02,2.143305e-02,1.701771e-02,6.501462e-02,2.495521e-02,8.897340e-02,7.048953e-02,2.541681e-02,2.199027e-02,1.131936e-01,3.324879e-03,1.588633e-01
6.379782e-02,9.091817e-02,1.356928e-01,3.148540e-02,1.550720e-02,1.244583e-02,4.566862e-02,1.796357e-02,9.190916e-02,7.194569e-02,2.527771e-02,2.119080e-02,8.974077e-02,3.972445e-03,2.824841e-01
7.561205e-02,7.691049e-02,1.679588e-01,4.525741e-02,1.167347e-02,1.040178e-02,3.234122e-02,1.281633e-02,1.012066e-01,8.256280e-02,2.391097e-02,1.788738e-02,7.460190e-02,4.821099e-03,2.620377e-01
2.170857e-01,5.771174e-02,1.322195e-01,3.962538e-02,9.681748e-03,1.138031e-02,2.392356e-02,9.408805e-03,8.068921e-02,6.061449e-02,2.383201e-02,1.495108e-02,6.792992e-02,1.760957e-02,2.333370e-01
2.631929e-01,4.789526e-02,9.413510e-02,3.092428e-02,8.432340e-03,1.063820e-02,1.706103e-02,7.130028e-03,6.959122e-02,4.314486e-02,2.097181e-02,1.416608e-02,6.313613e-02,2.248930e-02,2.870915e-01
2.112822e-01,4.299913e-02,7.333670e-02,5.091063e-02,9.296356e-03,1.154661e-02,1.290934e-02,5.988810e-03,1.384942e-01,3.278077e-02,2.188778e-02,2.774237e-02,9.486168e-02,2.441836e-02,2.415451e-01
1.674038e-01,4.454242e-02,6.146527e-02,4.425903e-02,8.548138e-03,1.227531e-02,9.671888e-03,5.603404e-03,1.414955e-01,2.497977e-02,2.100854e-02,3.084008e-02,1.165766e-01,2.111343e-02,2.902168e-01
1.190517e-01,3.827404e-02,4.460857e-02,3.457339e-02,8.102892e-03,1.139673e-02,7.354326e-03,5.131559e-03,1.283821e-01,1.783979e-02,1.828632e-02,3.036374e-02,2.605698e-01,1.602821e-02,2.600368e-01
8.587221e-02,3.135635e-02,3.197622e-02,2.623626e-02,1.061494e-02,9.735832e-03,5.885553e-03,4.306988e-03,1.044287e-01,1.266331e-02,1.446848e-02,2.664502e-02,4.119655e-01,1.195659e-02,2.118881e-01
6.482261e-02,3.177875e-02,4.789652e-02,1.922567e-02,1.278809e-02,7.957675e-03,5.859386e-03,9.792749e-03,8.195802e-02,9.920753e-03,1.167676e-02,2.010478e-02,4.916694e-01,1.027945e-02,1.742695e-01
4.916909e-02,2.902618e-02,3.451975e-02,1.359926e-02,1.147695e-02,7.186427e-03,4.626047e-03,9.465784e-03,6.439347e-02,7.641244e-03,9.331302e-03,1.523738e-02,6.045139e-01,9.724187e-03,1.300890e-01
3.933286e-02,2.368523e-02,2.510512e-02,9.946235e-03,9.687601e-03,6.876909e-03,3.712018e-03,7.945534e-03,6.689297e-02,8.270003e-03,7.452297e-03,1.215979e-02,6.607559e-01,1.078051e-02,1.073971e-01
2.892920e-02,1.793202e-02,1.768240e-02,7.058152e-03,8.573913e-03,5.569196e-03,2.690776e-03,5.906036e-03,5.319215e-02,6.009964e-03,5.491910e-03,1.286684e-02,7.402501e-01,8.058198e-03,7.978921e-02
2.194417e-02,1.771417e-02,1.251313e-02,5.101774e-03,7.189525e-03,6.420060e-03,1.937413e-03,4.314503e-03,5.458065e-02,4.591446e-03,4.397225e-03,1.184966e-02,7.832165e-01,6.117620e-03,5.811224e-02
1.772433e-02,3.684080e-02,1.048249e-02,5.872466e-03,5.493811e-03,2.372823e-02,1.417451e-03,3.737850e-03,1.674128e-01,4.126601e-03,3.590896e-03,9.230776e-03,6.595214e-01,4.656857e-03,4.616332e-02
1.653088e-02,4.229565e-02,7.916184e-03,4.736676e-03,6.609211e-03,1.073221e-01,1.109104e-03,5.121244e-03,2.130218e-01,3.840371e-03,3.523103e-03,7.119544e-03,5.379462e-01,4.570041e-03,3.833796e-02
2.118121e-02,3.498361e-02,1.041738e-02,2.255065e-02,1.888672e-02,1.424680e-01,2.101249e-03,4.153571e-02,2.462736e-01,5.404123e-03,3.393526e-03,5.511608e-03,4.102851e-01,3.464110e-03,3.154342e-02
3.859775e-02,2.861758e-02,9.376587e-03,1.860282e-02,3.243949e-02,1.908309e-01,6.238903e-03,4.509436e-02,2.119509e-01,5.206168e-03,2.766880e-03,4.500536e-03,3.745977e-01,2.894521e-03,2.828493e-02
4.076493e-02,2.181984e-02,8.487267e-03,1.633261e-02,3.299050e-02,1.532122e-01,2.703997e-02,1.927435e-01,1.877508e-01,4.162530e-03,2.195300e-03,3.356786e-03,2.846336e-01,2.148158e-03,2.236200e-02
5.757761e-02,2.721538e-02,2.140370e-02,1.650155e-02,2.655471e-02,1.192475e-01,5.752619e-02,1.856677e-01,1.639262e-01,8.088391e-03,2.151543e-03,2.846567e-03,2.618880e-01,1.859399e-03,4.754562e-02
4.669889e-02,2.007849e-02,1.637157e-02,1.189537e-02,2.142389e-02,8.637556e-02,2.657157e-01,1.719373e-01,1.255067e-01,5.946643e-03,1.707919e-03,2.109655e-03,1.875539e-01,1.330388e-03,3.534795e-02
3.595499e-02,1.439793e-02,1.166741e-02,8.527162e-03,1.623256e-02,6.128375e-02,4.349914e-01,1.588676e-01,9.217158e-02,4.250268e-03,1.331766e-03,1.558229e-03,1.327914e-01,9.372621e-04,2.503672e-02
3.260215e-02,1.200389e-02,8.364862e-03,6.441624e-03,1.366417e-02,4.429894e-02,5.584146e-01,1.337958e-01,6.907530e-02,3.142767e-03,1.121038e-03,1.472307e-03,9.653136e-02,6.770444e-04,1.839405e-02
3.433804e-02,1.343441e-02,6.356264e-03,5.402128e-03,1.615240e-02,3.591188e-02,6.046581e-01,1.322087e-01,5.880350e-02,2.412993e-03,1.470001e-03,1.617097e-03,7.266141e-02,5.195594e-04,1.405350e-02
3.365484e-02,1.482054e-02,4.925178e-03,4.713273e-03,1.953126e-02,2.755566e-02,6.063296e-01,1.583597e-01,5.538132e-02,1.949417e-03,1.753859e-03,1.465139e-03,5.557504e-02,4.313107e-04,1.355396e-02
4.417472e-02,1.286326e-02,3.772414e-03,3.950179e-03,2.215924e-02,2.042422e-02,6.403104e-01,1.462357e-01,4.921618e-02,1.604052e-03,1.378734e-03,1.282955e-03,4.079461e-02,3.940171e-04,1.143930e-02
6.492731e-02,1.098521e-02,3.008598e-03,3.473133e-03,2.275351e-02,1.660544e-02,6.570755e-01,1.346750e-01,4.063925e-02,1.287269e-03,1.117775e-03,1.303140e-03,3.262897e-02,3.305766e-04,9.189283e-03
6.438278e-02,1.153221e-02,3.203199e-03,2.850097e-03,1.928669e-02,1.481883e-02,6.761047e-01,1.141185e-01,3.966471e-02,1.072394e-03,1.384588e-03,1.432417e-03,4.131395e-02,2.951638e-04,8.539824e-03
5.774194e-02,1.085628e-02,3.043236e-03,2.338866e-03,2.012829e-02,1.201938e-02,6.917419e-01,9.562655e-02,4.720327e-02,8.797607e-04,2.105369e-03,1.284925e-03,4.574692e-02,2.506761e-04,9.032654e-03
5.294083e-02,8.103579e-03,2.906652e-03,2.012285e-03,1.753470e-02,1.006525e-02,7.468005e-01,7.175849e-02,3.456780e-02,7.010585e-04,1.962065e-03,1.294573e-03,4.158714e-02,2.299082e-04,7.535165e-03
4.847864e-02,5.982163e-03,2.246074e-03,1.521593e-03,1.307458e-02,9.415139e-03,7.954100e-01,5.364522e-02,2.494528e-02,5.733122e-04,2.160976e-03,1.848564e-03,3.411526e-02,1.966485e-04,6.386576e-03
3.797758e-02,4.445098e-03,1.639208e-03,1.124810e-03,1.025531e-02,7.653204e-03,8.422094e-01,3.980202e-02,1.848429e-02,4.659506e-04,2.678125e-03,1.710002e-03,2.568127e-02,1.673694e-04,5.706395e-03
3.059618e-02,3.286107e-03,1.171762e-03,8.148395e-04,7.628733e-03,7.416563e-03,8.219700e-01,3.381896e-02,1.334735e-02,4.081167e-04,4.806948e-02,5.334474e-03,2.071720e-02,2.254134e-04,5.194798e-03
2.288411e-02,2.378837e-03,8.571163e-04,7.226436e-04,5.843753e-03,7.544959e-03,7.642473e-01,2.642861e-02,9.503736e-03,8.402993e-04,7.495613e-02,1.295185e-02,3.248832e-02,1.324332e-03,3.702800e-02
1.681498e-02,1.734736e-03,6.286362e-04,6.018270e-04,4.414494e-03,6.970709e-03,5.727215e-01,1.959770e-02,7.016809e-03,1.260717e-03,7.394367e-02,1.159265e-02,6.063975e-02,2.565415e-02,1.964076e-01
1.272056e-02,1.498370e-03,5.242766e-04,7.109409e-04,3.319515e-03,5.414245e-03,4.078304e-01,1.377927e-02,6.114894e-03,4.507216e-03,1.183608e-01,1.400129e-02,5.914221e-02,5.573951e-02,2.963366e-01
1.027106e-02,1.871714e-03,5.179368e-04,7.213564e-04,2.692438e-03,4.977834e-03,2.918354e-01,9.725423e-03,6.711720e-03,9.855714e-03,1.090266e-01,1.430507e-02,4.866346e-02,1.694069e-01,3.194174e-01
9.843390e-03,3.193071e-03,7.774383e-04,8.663967e-04,3.285241e-03,7.736793e-03,2.259626e-01,7.123719e-03,1.533157e-02,1.291789e-02,9.406607e-02,1.525373e-02,4.195292e-02,2.982342e-01,2.634550e-01
8.192214e-03,3.053718e-03,6.191978e-04,9.139396e-04,3.476972e-03,6.565661e-03,1.606509e-01,5.054458e-03,1.495256e-02,3.241385e-02,7.749692e-02,1.254869e-02,3.302334e-02,2.963540e-01,3.446836e-01
1.465857e-02,7.745718e-03,5.045161e-02,4.447831e-03,9.510238e-03,1.222697e-02,1.138773e-01,7.339616e-03,2.840870e-02,6.252670e-02,7.533559e-02,1.336296e-02,3.400062e-02,2.882836e-01,2.778240e-01
9.378409e-02,1.652619e-02,3.725680e-02,3.703515e-03,4.718840e-02,2.295254e-02,8.334718e-02,6.639687e-03,2.608509e-02,4.976615e-02,9.278195e-02,1.336189e-02,2.943071e-02,2.747493e-01,2.024265e-01
1.138541e-01,1.388176e-02,2.808400e-02,3.965037e-03,4.596017e-02,1.857040e-02,5.939763e-02,5.603743e-03,2.976909e-02,3.751368e-02,1.162702e-01,1.721147e-02,2.816853e-02,3.356180e-01,1.461322e-01
9.921088e-02,1.112267e-02,2.020762e-02,3.184900e-03,4.332027e-02,1.791793e-02,4.196997e-02,4.312670e-03,4.490727e-02,3.209277e-02,1.712673e-01,1.869739e-02,2.932344e-02,3.558365e-01,1.066284e-01
8.673768e-02,8.826553e-03,1.452826e-02,2.411796e-03,4.566375e-02,1.629480e-02,2.967286e-02,3.320115e-03,4.111506e-02,2.420708e-02,2.021037e-01,1.559372e-02,2.355718e-02,4.089482e-01,7.701920e-02
6.853151e-02,7.540011e-03,1.057133e-02,1.918830e-03,3.485598e-02,1.537839e-02,2.084217e-02,2.549471e-03,6.625672e-02,1.872131e-02,2.149313e-01,1.190635e-02,1.793044e-02,4.523482e-01,5.571795e-02
5.243185e-02,6.649970e-03,1.206519e-02,2.091518e-03,2.589511e-02,2.137533e-02,1.463902e-02,2.190949e-03,6.212678e-02,1.649397e-02,2.233820e-01,9.365997e-03,1.365901e-02,4.956893e-01,4.194404e-02
4.558225e-02,6.357312e-03,1.069764e-02,2.275896e-03,1.939472e-02,2.175290e-02,1.030757e-02,2.007078e-03,9.186699e-02,1.607702e-02,1.979561e-01,7.562885e-03,1.016762e-02,5.233976e-01,3.459651e-02
3.567401e-02,1.631674e-02,9.466660e-03,1.847214e-03,1.518532e-02,1.833548e-02,7.256676e-03,1.512901e-03,1.649193e-01,1.276468e-02,1.473888e-01,5.654633e-03,7.358802e-03,5.268061e-01,2.951269e-02
2.745997e-02,2.472534e-02,7.758087e-03,1.467778e-03,1.346542e-02,1.462852e-02,5.111126e-03,1.086249e-03,2.465761e-01,1.284457e-02,1.183522e-01,4.061551e-03,5.273727e-03,4.934520e-01,2.373740e-02
2.426313e-02,1.783536e-02,1.071285e-02,1.224107e-03,9.803789e-03,1.567601e-02,3.603996e-03,9.633075e-04,2.300102e-01,1.040357e-02,8.488101e-02,2.952048e-03,3.883659e-03,5.655151e-01,1.827186e-02
2.454557e-02,1.306047e-02,1.177244e-02,1.000735e-03,8.477550e-03,1.582049e-02,2.615792e-03,8.069063e-04,2.253885e-01,8.751765e-03,6.075543e-02,2.224762e-03,2.980949e-03,5.999463e-01,2.185237e-02
2.351387e-02,9.458628e-03,9.292694e-03,8.231225e-04,6.424454e-03,1.729153e-02,1.840919e-03,7.630335e-04,2.290923e-01,6.760709e-03,4.372940e-02,1.748860e-03,2.328633e-03,6.273572e-01,1.957459e-02
3.774732e-02,7.485283e-03,2.353012e-02,6.777387e-03,7.555233e-03,2.603399e-02,1.319261e-03,4.737508e-03,2.944642e-01,7.198979e-03,3.573824e-02,2.120713e-03,2.866773e-03,5.172319e-01,2.519307e-02
3.767318e-02,5.529823e-03,2.060215e-02,6.840180e-03,8.717028e-03,2.102902e-02,9.461190e-04,9.346072e-03,3.534415e-01,6.093814e-03,2.624888e-02,1.969679e-03,2.448301e-03,4.792991e-01,1.981504e-02
3.611143e-02,4.091572e-03,2.191480e-02,7.362039e-03,1.087837e-02,1.593549e-02,6.861858e-04,1.052638e-02,3.555911e-01,4.685968e-03,1.923045e-02,1.530073e-03,1.832404e-03,4.939187e-01,1.570506e-02
3.754209e-02,2.954517e-03,2.482424e-02,8.557557e-03,1.016031e-02,1.188626e-02,5.174272e-04,1.672176e-02,4.181885e-01,4.258391e-03,1.423361e-02,1.210756e-03,1.337974e-03,4.345095e-01,1.309717e-02
4.846820e-02,2.186493e-03,4.399818e-02,1.902912e-02,9.899689e-03,9.717900e-03,4.153032e-04,3.485319e-02,4.526199e-01,3.616641e-03,1.083561e-02,1.067432e-03,1.046353e-03,3.515908e-01,1.065511e-02
5.228643e-02,1.766724e-03,5.617362e-02,1.567524e-02,1.168603e-02,7.537169e-03,3.592778e-04,2.692735e-02,4.106905e-01,2.805698e-03,1.720121e-02,9.736929e-04,8.128814e-04,3.869441e-01,8.160056e-03
7.912114e-02,1.831524e-03,4.672725e-02,2.196625e-02,1.565603e-02,8.214876e-03,5.115267e-04,2.739583e-02,4.150349e-01,2.618157e-03,1.960197e-02,2.083675e-03,1.316790e-03,3.513480e-01,6.572020e-03
1.045464e-01,2.031559e-03,3.540253e-02,2.481299e-02,1.480616e-02,8.543109e-03,6.499627e-04,2.699445e-02,4.214708e-01,3.250851e-03,1.909313e-02,3.241964e-03,1.874574e-03,3.256581e-01,7.623473e-03
1.191655e-01,2.961318e-03,3.131048e-02,2.715608e-02,1.894371e-02,8.588758e-03,1.136976e-03,2.731238e-02,4.749328e-01,3.117014e-03,1.555232e-02,4.376785e-03,1.982623e-03,2.551960e-01,8.267239e-03
1.376652e-01,2.856359e-03,2.456271e-02,2.151651e-02,1.860474e-02,7.178545e-03,1.262832e-03,2.071977e-02,5.377468e-01,3.253958e-03,1.255169e-02,4.171746e-03,1.967580e-03,1.984413e-01,7.500274e-03
1.732090e-01,2.966139e-03,2.045396e-02,1.941076e-02,1.659961e-02,8.480824e-03,1.507280e-03,1.636738e-02,5.610729e-01,3.307356e-03,1.079129e-02,5.834671e-03,3.131443e-03,1.478262e-01,9.041073e-03
1.331565e-01,2.938004e-02,4.459836e-02,1.385169e-02,1.208912e-02,8.012824e-03,1.060730e-03,1.165320e-02,4.006246e-01,3.732376e-03,7.586428e-02,4.373891e-03,3.259720e-03,2.438973e-01,1.444525e-02
9.330715e-02,2.102721e-02,3.182133e-02,9.714473e-03,8.498435e-03,5.776723e-03,7.434394e-04,8.161291e-03,2.809488e-01,3.336219e-03,3.116029e-01,3.198029e-03,2.306491e-03,2.090793e-01,1.047822e-02
6.534760e-02,1.474942e-02,2.264436e-02,6.807158e-03,5.953876e-03,4.104329e-03,5.210412e-04,5.717466e-03,1.970316e-01,3.307308e-03,4.934561e-01,2.359498e-03,1.620719e-03,1.690077e-01,7.371751e-03
4.589353e-02,1.062661e-02,1.683463e-02,4.836376e-03,4.212216e-03,3.066983e-03,3.714696e-04,4.062888e-03,1.388384e-01,4.771452e-03,6.277542e-01,1.955236e-03,1.188838e-03,1.300339e-01,5.553308e-03
3.229430e-02,7.904877e-03,1.187029e-02,3.506648e-03,3.108477e-03,2.475148e-03,2.747561e-04,2.870100e-03,9.770155e-02,6.779529e-03,6.763418e-01,4.668110e-03,8.809060e-04,1.453341e-01,3.989425e-03
2.266174e-02,5.677448e-03,8.328608e-03,2.480469e-03,2.278328e-03,1.828005e-03,1.975005e-04,2.017582e-03,6.859513e-02,6.398346e-03,7.539464e-01,4.873471e-03,6.610108e-04,1.172223e-01,2.833644e-03
1.618649e-02,4.100928e-03,7.026199e-03,2.339061e-03,2.185342e-03,6.064703e-03,2.351412e-03,3.635708e-03,4.876819e-02,1.071613e-02,7.463740e-01,7.469963e-03,6.259929e-04,1.399643e-01,2.191579e-03
1.169671e-02,3.343777e-03,1.330039e-02,2.596786e-03,2.530537e-03,1.676501e-02,2.274858e-03,5.431444e-03,3.515496e-02,1.498338e-02,7.256165e-01,6.675207e-03,6.360515e-04,1.570433e-01,1.951162e-03
8.993718e-03,2.793709e-03,1.179162e-02,2.658282e-03,3.183029e-03,2.158578e-02,1.727952e-03,5.024892e-03,2.585977e-02,1.836527e-02,6.964346e-01,5.826375e-03,6.736777e-04,1.930528e-01,2.028577e-03
6.511005e-03,2.118930e-03,8.639470e-03,2.937037e-03,5.852506e-03,1.677274e-02,2.568635e-03,4.663293e-03,1.901636e-02,2.391590e-02,6.682200e-01,5.485245e-03,7.066518e-04,2.310083e-01,1.583956e-03
4.705368e-03,1.623753e-03,6.604522e-03,2.562460e-03,6.425637e-03,1.434195e-02,2.258392e-03,3.850568e-03,1.424505e-02,3.749868e-02,6.694567e-01,7.215496e-03,7.530237e-04,2.272000e-01,1.258518e-03
3.607477e-03,1.318454e-03,5.195769e-03,3.204287e-03,1.160417e-02,1.122200e-02,1.971095e-03,7.081585e-03,1.087397e-02,3.113096e-02,6.800988e-01,7.351886e-03,8.536939e-04,2.235289e-01,9.570595e-04
2.844751e-03,1.106611e-03,3.933839e-03,2.947499e-03,3.361696e-02,8.876155e-03,2.066317e-03,1.311846e-02,8.854084e-03,2.347944e-02,6.708973e-01,6.924319e-03,9.209440e-04,2.196769e-01,7.364886e-04
2.493430e-03,1.060637e-03,4.949761e-03,6.844071e-03,4.059744e-02,9.110055e-03,2.984347e-03,4.575115e-02,7.729833e-03,1.776398e-02,6.517786e-01,1.100713e-02,1.073883e-03,1.962843e-01,5.714535e-04
2.027595e-03,9.849451e-04,3.809451e-03,5.345741e-03,3.749602e-02,6.712236e-03,3.748095e-03,3.601168e-02,6.445338e-03,1.355547e-02,6.985162e-01,1.315306e-02,1.127991e-03,1.704887e-01,5.775151e-04
2.672415e-03,1.114232e-03,3.443618e-03,4.443439e-03,3.627080e-02,5.980896e-03,7.527176e-03,3.394499e-02,7.330677e-03,1.093305e-02,7.193053e-01,2.603108e-02,1.163158e-03,1.391884e-01,6.508316e-04
4.857271e-03,1.757836e-03,4.181331e-03,3.950492e-03,1.317663e-01,2.074719e-02,1.197784e-02,3.823666e-02,1.253685e-02,9.073448e-03,6.124014e-01,2.610976e-02,1.466075e-03,1.201805e-01,7.571462e-04
6.140367e-03,1.800298e-03,7.065019e-03,5.299924e-03,1.147933e-01,1.947781e-02,3.724589e-02,7.889839e-02,1.181563e-02,8.449500e-03,5.844896e-01,2.602517e-02,2.120712e-03,9.547154e-02,9.069208e-04
1.167349e-02,2.635248e-03,1.764079e-02,7.661648e-03,1.035779e-01,1.725825e-02,4.518729e-02,1.005263e-01,1.405854e-02,1.006522e-02,5.625539e-01,2.423156e-02,3.347961e-03,7.779362e-02,1.788439e-03
2.652591e-02,5.332880e-03,6.802324e-02,9.951062e-03,1.058038e-01,1.376138e-02,3.388537e-02,1.307680e-01,2.215686e-02,1.164227e-02,4.755409e-01,1.807092e-02,3.309782e-03,7.277753e-02,2.450060e-03
4.392207e-02,6.234996e-03,6.832780e-02,9.232924e-03,1.457505e-01,2.171270e-02,2.535108e-02,1.275914e-01,2.809646e-02,1.359356e-02,4.068681e-01,1.372346e-02,3.083794e-03,8.429489e-02,2.216228e-03
6.140786e-02,5.737528e-03,8.931811e-02,1.511094e-02,1.474272e-01,2.359622e-02,1.922238e-02,1.450026e-01,2.453678e-02,2.205615e-02,3.561965e-01,1.084379e-02,2.475530e-03,7.529332e-02,1.775125e-03
7.131886e-02,8.182029e-03,6.673795e-02,1.206168e-02,1.198060e-01,1.853265e-02,1.374605e-02,1.072838e-01,2.270433e-02,3.465407e-02,4.495915e-01,1.015449e-02,2.013847e-03,6.160793e-02,1.604855e-03
8.587462e-02,1.610818e-02,5.171075e-02,1.121552e-02,1.083158e-01,1.627121e-02,9.858572e-03,8.233324e-02,2.580135e-02,3.112603e-02,4.973509e-01,1.030275e-02,1.840440e-03,5.037510e-02,1.515546e-03
1.442139e-01,1.947061e-02,4.330789e-02,9.322824e-03,8.842833e-02,1.611781e-02,7.026475e-03,5.929612e-02,3.284488e-02,4.139881e-02,4.819815e-01,1.116922e-02,1.662111e-03,4.193289e-02,1.826713e-03
1.669778e-01,1.621522e-02,3.228426e-02,7.690367e-03,1.379528e-01,3.573233e-02,4.306209e-02,4.610763e-02,5.356261e-02,4.358629e-02,3.703088e-01,1.230230e-02,1.775336e-03,3.101057e-02,1.431631e-03
1.379791e-01,1.164356e-02,2.296659e-02,5.732587e-03,2.518028e-01,3.297511e-02,1.379033e-01,3.393431e-02,3.893152e-02,3.141817e-02,2.600094e-01,9.202672e-03,1.848582e-03,2.232327e-02,1.329034e-03
1.168611e-01,8.345945e-03,1.818227e-02,4.449972e-03,3.799145e-01,2.461458e-02,1.312560e-01,2.500787e-02,2.841625e-02,4.797295e-02,1.852420e-01,6.950748e-03,2.527311e-03,1.676847e-02,3.490086e-03
9.606786e-02,6.069135e-03,1.360907e-02,3.406247e-03,4.485590e-01,1.910121e-02,1.087709e-01,1.785392e-02,2.046832e-02,9.807554e-02,1.340263e-01,5.040685e-03,3.050813e-03,1.430503e-02,1.159599e-02
7.863753e-02,4.509818e-03,1.022192e-02,2.841217e-03,3.858401e-01,1.580353e-02,1.025009e-01,1.261707e-02,1.458545e-02,2.375508e-01,9.730587e-02,3.770357e-03,2.496479e-03,1.233776e-02,1.898120e-02
5.681615e-02,3.390370e-03,7.320135e-03,2.261600e-03,2.786660e-01,1.306234e-02,8.595939e-02,8.952385e-03,1.041653e-02,3.650127e-01,8.702388e-02,3.374187e-03,3.560294e-03,1.153627e-02,6.264775e-02
3.994548e-02,2.695789e-03,5.148694e-03,1.714789e-03,1.953920e-01,9.250076e-03,6.288511e-02,6.269943e-03,7.500384e-03,3.105715e-01,1.014793e-01,2.613391e-03,6.609657e-03,8.668987e-03,2.392549e-01
2.835602e-02,2.585611e-03,3.747780e-03,1.845377e-03,1.373444e-01,9.145754e-03,4.423151e-02,4.414970e-03,6.796965e-03,2.534493e-01,8.923607e-02,3.652647e-03,1.196297e-02,7.366248e-03,3.958644e-01
2.268311e-02,2.232159e-03,1.321117e-02,3.374978e-03,9.725840e-02,8.527022e-03,3.115643e-02,3.219576e-03,6.885024e-03,1.868234e-01,9.535760e-02,3.222191e-03,1.197394e-02,7.743191e-03,5.063319e-01
1.813483e-02,2.889126e-03,8.511199e-02,8.644807e-03,6.908471e-02,8.671923e-03,2.205009e-02,2.516820e-03,9.347490e-03,1.381087e-01,9.019092e-02,2.720482e-03,1.237274e-02,7.095433e-03,5.230600e-01
2.176384e-02,5.557986e-03,9.148370e-02,7.634183e-03,4.903366e-02,8.101881e-03,1.577128e-02,1.947458e-03,1.593913e-02,1.074205e-01,1.642849e-01,2.871996e-03,1.833513e-02,8.663820e-03,4.811906e-01
