1.000000e+00,0.000000e+00,0.000000e+00,0.000000e+00,0.000000e+00,0.000000e+00,0.000000e+00,0.000000e+00,0.000000e+00,0.000000e+00,0.000000e+00,0.000000e+00,0.000000e+00,0.000000e+00,0.000000e+00
1.000000e+00,0.000000e+00,0.000000e+00,0.000000e+00,0.000000e+00,0.000000e+00,0.000000e+00,0.000000e+00,0.000000e+00,0.000000e+00,0.000000e+00,0.000000e+00,0.000000e+00,0.000000e+00,0.000000e+00
1.000000e+00,0.000000e+00,0.000000e+00,0.000000e+00,0.000000e+00,0.000000e+00,0.000000e+00,0.000000e+00,0.000000e+00,0.000000e+00,0.000000e+00,0.000000e+00,0.000000e+00,0.000000e+00,0.000000e+00
1.000000e+00,0.000000e+00,0.000000e+00,0.000000e+00,0.000000e+00,0.000000e+00,0.000000e+00,0.000000e+00,0.000000e+00,0.000000e+00,0.000000e+00,0.000000e+00,0.000000e+00,0.000000e+00,0.000000e+00
1.000000e+00,0.000000e+00,0.000000e+00,0.000000e+00,0.000000e+00,0.000000e+00,0.000000e+00,0.000000e+00,0.000000e+00,0.000000e+00,0.000000e+00,0.000000e+00,0.000000e+00,0.000000e+00,0.000000e+00
1.000000e+00,0.000000e+00,0.000000e+00,0.000000e+00,0.000000e+00,0.000000e+00,0.000000e+00,0.000000e+00,0.000000e+00,0.000000e+00,0.000000e+00,0.000000e+00,0.000000e+00,0.000000e+00,0.000000e+00
1.000000e+00,0.000000e+00,0.000000e+00,0.000000e+00,0.000000e+00,0.000000e+00,0.000000e+00,0.000000e+00,0.000000e+00,0.000000e+00,0.000000e+00,0.000000e+00,0.000000e+00,0.000000e+00,0.000000e+00
1.000000e+00,0.000000e+00,0.000000e+00,0.000000e+00,0.000000e+00,0.000000e+00,0.000000e+00,0.000000e+00,0.000000e+00,0.000000e+00,0.000000e+00,0.000000e+00,0.000000e+00,0.000000e+00,0.000000e+00
1.000000e+00,0.000000e+00,0.000000e+00,0.000000e+00,0.000000e+00,0.000000e+00,0.000000e+00,0.000000e+00,0.000000e+00,0.000000e+00,0.000000e+00,0.000000e+00,0.000000e+00,0.000000e+00,0.000000e+00
1.000000e+00,0.000000e+00,0.000000e+00,0.000000e+00,0.000000e+00,0.000000e+00,0.000000e+00,0.000000e+00,0.000000e+00,0.000000e+00,0.000000e+00,0.000000e+00,0.000000e+00,0.000000e+00,0.000000e+00
1.000000e+00,0.000000e+00,0.000000e+00,0.000000e+00,0.000000e+00,0.000000e+00,0.000000e+00,0.000000e+00,0.000000e+00,0.000000e+00,0.000000e+00,0.000000e+00,0.000000e+00,0.000000e+00,0.000000e+00
1.000000e+00,0.000000e+00,0.000000e+00,0.000000e+00,0.000000e+00,0.000000e+00,0.000000e+00,0.000000e+00,0.000000e+00,0.000000e+00,0.000000e+00,0.000000e+00,0.000000e+00,0.000000e+00,0.000000e+00
1.000000e+00,0.000000e+00,0.000000e+00,0.000000e+00,0.000000e+00,0.000000e+00,0.000000e+00,0.000000e+00,0.000000e+00,0.000000e+00,0.000000e+00,0.000000e+00,0.000000e+00,0.000000e+00,0.000000e+00
1.000000e+00,0.000000e+00,0.000000e+00,0.000000e+00,0.000000e+00,0.000000e+00,0.000000e+00,0.000000e+00,0.000000e+00,0.000000e+00,0.000000e+00,0.000000e+00,0.000000e+00,0.000000e+00,0.000000e+00
1.000000e+00,0.000000e+00,0.000000e+00,0.000000e+00,0.000000e+00,0.000000e+00,0.000000e+00,0.000000e+00,0.000000e+00,0.000000e+00,0.000000e+00,0.000000e+00,0.000000e+00,0.000000e+00,0.000000e+00
1.000000e+00,0.000000e+00,0.000000e+00,0.000000e+00,0.000000e+00,0.000000e+00,0.000000e+00,0.000000e+00,0.000000e+00,0.000000e+00,0.000000e+00,0.000000e+00,0.000000e+00,0.000000e+00,0.000000e+00
1.000000e+00,0.000000e+00,0.000000e+00,0.000000e+00,0.000000e+00,0.000000e+00,0.000000e+00,0.000000e+00,0.000000e+00,0.000000e+00,0.000000e+00,0.000000e+00,0.000000e+00,0.000000e+00,0.000000e+00
1.000000e+00,0.000000e+00,0.000000e+00,0.000000e+00,0.000000e+00,0.000000e+00,0.000000e+00,0.000000e+00,0.000000e+00,0.000000e+00,0.000000e+00,0.000000e+00,0.000000e+00,0.000000e+00,0.000000e+00
1.000000e+00,0.000000e+00,0.000000e+00,0.000000e+00,0.000000e+00,0.000000e+00,0.000000e+00,0.000000e+00,0.000000e+00,0.000000e+00,0.000000e+00,0.000000e+00,0.000000e+00,0.000000e+00,0.000000e+00
1.000000e+00,0.000000e+00,0.000000e+00,0.000000e+00,0.000000e+00,0.000000e+00,0.000000e+00,0.000000e+00,0.000000e+00,0.000000e+00,0.000000e+00,0.000000e+00,0.000000e+00,0.000000e+00,0.000000e+00
1.000000e+00,0.000000e+00,0.000000e+00,0.000000e+00,0.000000e+00,0.000000e+00,0.000000e+00,0.000000e+00,0.000000e+00,0.000000e+00,0.000000e+00,0.000000e+00,0.000000e+00,0.000000e+00,0.000000e+00
1.000000e+00,0.000000e+00,0.000000e+00,0.000000e+00,0.000000e+00,0.000000e+00,0.000000e+00,0.000000e+00,0.000000e+00,0.000000e+00,0.000000e+00,0.000000e+00,0.000000e+00,0.000000e+00,0.000000e+00
1.000000e+00,0.000000e+00,0.000000e+00,0.000000e+00,0.000000e+00,0.000000e+00,0.000000e+00,0.000000e+00,0.000000e+00,0.000000e+00,0.000000e+00,0.000000e+00,0.000000e+00,0.000000e+00,0.000000e+00
1.000000e+00,0.000000e+00,0.000000e+00,0.000000e+00,0.000000e+00,0.000000e+00,0.000000e+00,0.000000e+00,0.000000e+00,0.000000e+00,0.000000e+00,0.000000e+00,0.000000e+00,0.000000e+00,0.000000e+00
1.000000e+00,0.000000e+00,0.000000e+00,0.000000e+00,0.000000e+00,0.000000e+00,0.000000e+00,0.000000e+00,0.000000e+00,0.000000e+00,0.000000e+00,0.000000e+00,0.000000e+00,0.000000e+00,0.000000e+00
1.000000e+00,0.000000e+00,0.000000e+00,0.000000e+00,0.000000e+00,0.000000e+00,0.000000e+00,0.000000e+00,0.000000e+00,0.000000e+00,0.000000e+00,0.000000e+00,0.000000e+00,0.000000e+00,0.000000e+00
1.000000e+00,0.000000e+00,0.000000e+00,0.000000e+00,0.000000e+00,0.000000e+00,0.000000e+00,0.000000e+00,0.000000e+00,0.000000e+00,0.000000e+00,0.000000e+00,0.000000e+00,0.000000e+00,0.000000e+00
1.000000e+00,0.000000e+00,0.000000e+00,0.000000e+00,0.000000e+00,0.000000e+00,0.000000e+00,0.000000e+00,0.000000e+00,0.000000e+00,0.000000e+00,0.000000e+00,0.000000e+00,0.000000e+00,0.000000e+00
1.000000e+00,0.000000e+00,0.000000e+00,0.000000e+00,0.000000e+00,0.000000e+00,0.000000e+00,0.000000e+00,0.000000e+00,0.000000e+00,0.000000e+00,0.000000e+00,0.000000e+00,0.000000e+00,0.000000e+00
1.000000e+00,0.000000e+00,0.000000e+00,0.000000e+00,0.000000e+00,0.000000e+00,0.000000e+00,0.000000e+00,0.000000e+00,0.000000e+00,0.000000e+00,0.000000e+00,0.000000e+00,0.000000e+00,0.000000e+00
1.000000e+00,0.000000e+00,0.000000e+00,0.000000e+00,0.000000e+00,0.000000e+00,0.000000e+00,0.000000e+00,0.000000e+00,0.000000e+00,0.000000e+00,0.000000e+00,0.000000e+00,0.000000e+00,0.000000e+00
1.000000e+00,0.000000e+00,0.000000e+00,0.000000e+00,0.000000e+00,0.000000e+00,0.000000e+00,0.000000e+00,0.000000e+00,0.000000e+00,0.000000e+00,0.000000e+00,0.000000e+00,0.000000e+00,0.000000e+00
1.000000e+00,0.000000e+00,0.000000e+00,0.000000e+00,0.000000e+00,0.000000e+00,0.000000e+00,0.000000e+00,0.000000e+00,0.000000e+00,0.000000e+00,0.000000e+00,0.000000e+00,0.000000e+00,0.000000e+00
1.000000e+00,0.000000e+00,0.000000e+00,0.000000e+00,0.000000e+00,0.000000e+00,0.000000e+00,0.000000e+00,0.000000e+00,0.000000e+00,0.000000e+00,0.000000e+00,0.000000e+00,0.000000e+00,0.000000e+00
1.000000e+00,0.000000e+00,0.000000e+00,0.000000e+00,0.000000e+00,0.000000e+00,0.000000e+00,0.000000e+00,0.000000e+00,0.000000e+00,0.000000e+00,0.000000e+00,0.000000e+00,0.000000e+00,0.000000e+00
1.000000e+00,0.000000e+00,0.000000e+00,0.000000e+00,0.000000e+00,0.000000e+00,0.000000e+00,0.000000e+00,0.000000e+00,0.000000e+00,0.000000e+00,0.000000e+00,0.000000e+00,0.000000e+00,0.000000e+00
1.000000e+00,0.000000e+00,0.000000e+00,0.000000e+00,0.000000e+00,0.000000e+00,0.000000e+00,0.000000e+00,0.000000e+00,0.000000e+00,0.000000e+00,0.000000e+00,0.000000e+00,0.000000e+00,0.000000e+00
1.000000e+00,0.000000e+00,0.000000e+00,0.000000e+00,0.000000e+00,0.000000e+00,0.000000e+00,0.000000e+00,0.000000e+00,0.000000e+00,0.000000e+00,0.000000e+00,0.000000e+00,0.000000e+00,0.000000e+00
1.000000e+00,0.000000e+00,0.000000e+00,0.000000e+00,0.000000e+00,0.000000e+00,0.000000e+00,0.000000e+00,0.000000e+00,0.000000e+00,0.000000e+00,0.000000e+00,0.000000e+00,0.000000e+00,0.000000e+00
1.000000e+00,0.000000e+00,0.000000e+00,0.000000e+00,0.000000e+00,0.000000e+00,0.000000e+00,0.000000e+00,0.000000e+00,0.000000e+00,0.000000e+00,0.000000e+00,0.000000e+00,0.000000e+00,0.000000e+00
1.000000e+00,0.000000e+00,0.000000e+00,0.000000e+00,0.000000e+00,0.000000e+00,0.000000e+00,0.000000e+00,0.000000e+00,0.000000e+00,0.000000e+00,0.000000e+00,0.000000e+00,0.000000e+00,0.000000e+00
1.000000e+00,0.000000e+00,0.000000e+00,0.000000e+00,0.000000e+00,0.000000e+00,0.000000e+00,0.000000e+00,0.000000e+00,0.000000e+00,0.000000e+00,0.000000e+00,0.000000e+00,0.000000e+00,0.000000e+00
1.000000e+00,0.000000e+00,0.000000e+00,0.000000e+00,0.000000e+00,0.000000e+00,0.000000e+00,0.000000e+00,0.000000e+00,0.000000e+00,0.000000e+00,0.000000e+00,0.000000e+00,0.000000e+00,0.000000e+00
1.000000e+00,0.000000e+00,0.000000e+00,0.000000e+00,0.000000e+00,0.000000e+00,0.000000e+00,0.000000e+00,0.000000e+00,0.000000e+00,0.000000e+00,0.000000e+00,0.000000e+00,0.000000e+00,0.000000e+00
4.251325e-01,4.611043e-02,1.573835e-02,3.088507e-01,1.911736e-02,2.497605e-02,7.086305e-03,2.567130e-02,2.088682e-02,1.544043e-03,1.895810e-02,4.005797e-02,1.871064e-02,4.440908e-03,2.271845e-02
4.217461e-01,4.732390e-02,1.713691e-02,2.833433e-01,2.032393e-02,3.017752e-02,7.699440e-03,2.257286e-02,2.339602e-02,1.791423e-03,1.875739e-02,4.557180e-02,2.644521e-02,4.913894e-03,2.880026e-02
4.719887e-01,4.796229e-02,1.526162e-02,2.304804e-01,2.133618e-02,3.192708e-02,7.894186e-03,1.929592e-02,2.171240e-02,1.912457e-03,1.773458e-02,4.485308e-02,2.955054e-02,5.516582e-03,3.257407e-02
1.000000e+00,0.000000e+00,0.000000e+00,0.000000e+00,0.000000e+00,0.000000e+00,0.000000e+00,0.000000e+00,0.000000e+00,0.000000e+00,0.000000e+00,0.000000e+00,0.000000e+00,0.000000e+00,0.000000e+00
4.682897e-01,5.471623e-02,1.699007e-02,1.976945e-01,2.560408e-02,3.853898e-02,1.194532e-02,2.003896e-02,2.003748e-02,2.010051e-03,1.499203e-02,5.319446e-02,3.365861e-02,5.173571e-03,3.711602e-02
1.000000e+00,0.000000e+00,0.000000e+00,0.000000e+00,0.000000e+00,0.000000e+00,0.000000e+00,0.000000e+00,0.000000e+00,0.000000e+00,0.000000e+00,0.000000e+00,0.000000e+00,0.000000e+00,0.000000e+00
1.000000e+00,0.000000e+00,0.000000e+00,0.000000e+00,0.000000e+00,0.000000e+00,0.000000e+00,0.000000e+00,0.000000e+00,0.000000e+00,0.000000e+00,0.000000e+00,0.000000e+00,0.000000e+00,0.000000e+00
1.000000e+00,0.000000e+00,0.000000e+00,0.000000e+00,0.000000e+00,0.000000e+00,0.000000e+00,0.000000e+00,0.000000e+00,0.000000e+00,0.000000e+00,0.000000e+00,0.000000e+00,0.000000e+00,0.000000e+00
1.000000e+00,0.000000e+00,0.000000e+00,0.000000e+00,0.000000e+00,0.000000e+00,0.000000e+00,0.000000e+00,0.000000e+00,0.000000e+00,0.000000e+00,0.000000e+00,0.000000e+00,0.000000e+00,0.000000e+00
1.000000e+00,0.000000e+00,0.000000e+00,0.000000e+00,0.000000e+00,0.000000e+00,0.000000e+00,0.000000e+00,0.000000e+00,0.000000e+00,0.000000e+00,0.000000e+00,0.000000e+00,0.000000e+00,0.000000e+00
1.000000e+00,0.000000e+00,0.000000e+00,0.000000e+00,0.000000e+00,0.000000e+00,0.000000e+00,0.000000e+00,0.000000e+00,0.000000e+00,0.000000e+00,0.000000e+00,0.000000e+00,0.000000e+00,0.000000e+00
1.000000e+00,0.000000e+00,0.000000e+00,0.000000e+00,0.000000e+00,0.000000e+00,0.000000e+00,0.000000e+00,0.000000e+00,0.000000e+00,0.000000e+00,0.000000e+00,0.000000e+00,0.000000e+00,0.000000e+00
4.422272e-01,1.447411e-02,5.616788e-03,2.963928e-02,6.861019e-03,3.908901e-01,2.668808e-03,6.158859e-03,3.759067e-03,5.893999e-03,3.093561e-02,1.644662e-02,9.935971e-03,3.110390e-03,3.138217e-02
3.104301e-01,1.117624e-02,3.958880e-03,2.112374e-02,4.820865e-03,4.043490e-01,1.934729e-03,4.449563e-03,3.230457e-03,5.378198e-03,1.650950e-01,1.737880e-02,7.732005e-03,1.200409e-02,2.693839e-02
2.176270e-01,8.218917e-03,2.821003e-03,1.499242e-02,3.412322e-03,3.454523e-01,1.427734e-03,3.718346e-03,2.912940e-03,5.450667e-03,3.334497e-01,1.954472e-02,5.555843e-03,1.468536e-02,2.073080e-02
1.524646e-01,5.885409e-03,2.001173e-03,1.052086e-02,2.443539e-03,2.618838e-01,1.027985e-03,3.223870e-03,2.501660e-03,4.145889e-03,4.907494e-01,2.073801e-02,4.035571e-03,2.378320e-02,1.459511e-02
1.067989e-01,5.094006e-03,1.412678e-03,7.378254e-03,1.757413e-03,1.850707e-01,7.300318e-04,2.659720e-03,2.814774e-03,3.225059e-03,6.244029e-01,2.288365e-02,2.968422e-03,2.255373e-02,1.024971e-02
7.480290e-02,1.635799e-02,1.004912e-03,5.170458e-03,1.270515e-03,1.301851e-01,5.228110e-04,2.445094e-03,3.840891e-03,2.572483e-03,7.070359e-01,2.301381e-02,2.172125e-03,2.237146e-02,7.233637e-03
5.248867e-02,3.907993e-02,1.017276e-03,3.641710e-03,2.211412e-03,9.152368e-02,4.780685e-04,2.256030e-03,1.967404e-02,5.681581e-03,7.024293e-01,1.991579e-02,1.671850e-03,5.249944e-02,5.431227e-03
3.679489e-02,3.156092e-02,7.451123e-04,2.551536e-03,1.647426e-03,6.438465e-02,3.408112e-04,1.668521e-03,1.671342e-02,4.604650e-03,7.293779e-01,1.480352e-02,1.399204e-03,8.949830e-02,3.909172e-03
2.581993e-02,5.740032e-02,1.356899e-03,1.796373e-03,1.366634e-03,4.539177e-02,2.518510e-04,1.304832e-03,2.956618e-02,1.168560e-02,7.045710e-01,1.141428e-02,1.062533e-03,1.035755e-01,3.436356e-03
1.816749e-02,4.304549e-02,1.244853e-03,1.268318e-03,1.052175e-03,3.199574e-02,1.884849e-04,1.092376e-03,3.970517e-02,1.834870e-02,6.605185e-01,8.979414e-03,1.416012e-03,1.699428e-01,3.034519e-03
1.284851e-02,4.139592e-02,1.529055e-03,9.141242e-04,8.571268e-04,2.269139e-02,1.541372e-04,1.103713e-03,7.952792e-02,2.098821e-02,5.953125e-01,7.104198e-03,1.115836e-03,2.115817e-01,2.875709e-03
9.158232e-03,3.084677e-02,1.541150e-03,6.581186e-04,6.573538e-04,1.657933e-02,1.233652e-04,8.946724e-04,8.382942e-02,2.408662e-02,5.717697e-01,6.537928e-03,1.163774e-03,2.496951e-01,2.458481e-03
6.548227e-03,2.778186e-02,1.797689e-03,4.928717e-04,5.835166e-04,1.318945e-02,1.024739e-04,8.622877e-04,1.093322e-01,2.251491e-02,5.455285e-01,6.208420e-03,1.493258e-03,2.612301e-01,2.334236e-03
4.935399e-03,1.119813e-01,3.529707e-03,4.090168e-04,6.972968e-04,1.308800e-02,1.020103e-04,9.797639e-04,1.497422e-01,1.949138e-02,4.416853e-01,5.344965e-03,1.167006e-03,2.441967e-01,2.650018e-03
3.724985e-03,8.585753e-02,3.708696e-03,5.783343e-04,1.009259e-03,1.770513e-02,9.606482e-05,1.011320e-03,1.959060e-01,1.951219e-02,3.779638e-01,5.158398e-03,1.365329e-03,2.840647e-01,2.338360e-03
3.093741e-03,9.190586e-02,3.734929e-03,5.694902e-04,1.128333e-03,2.726330e-02,8.699716e-05,9.526111e-04,2.398552e-01,1.677625e-02,2.829543e-01,4.270148e-03,1.147520e-03,3.241841e-01,2.077206e-03
3.248837e-03,1.028495e-01,4.922125e-03,7.345282e-04,1.871471e-03,3.169280e-02,7.498674e-05,9.330366e-04,2.775332e-01,5.330920e-02,2.020643e-01,3.116669e-03,1.124247e-03,2.956618e-01,2.086338e-02
3.175073e-03,1.111644e-01,8.608178e-03,2.176428e-03,3.884002e-03,4.257106e-02,8.178860e-05,1.501562e-03,3.155181e-01,5.644447e-02,1.458719e-01,2.323667e-03,1.710892e-03,2.684693e-01,3.649921e-02
4.051040e-03,1.065641e-01,7.205410e-03,3.499563e-03,4.138563e-03,4.885753e-02,9.317970e-05,1.754702e-03,3.858639e-01,5.634536e-02,1.073226e-01,2.093082e-03,2.185915e-03,2.369583e-01,3.306690e-02
7.620126e-03,9.199005e-02,1.028920e-02,1.103757e-02,4.456483e-03,5.050483e-02,1.862599e-04,1.300261e-02,3.327031e-01,5.321715e-02,8.352822e-02,2.646207e-03,5.290457e-03,2.738555e-01,5.967233e-02
1.487770e-02,7.595149e-02,1.185606e-02,1.190624e-02,8.529251e-03,5.714294e-02,1.860675e-04,1.622953e-02,3.687137e-01,4.849545e-02,6.830306e-02,2.159311e-03,4.503923e-03,2.599759e-01,5.116948e-02
3.443500e-02,6.363203e-02,2.353651e-02,1.491359e-02,1.301568e-02,4.647902e-02,7.584360e-04,4.399670e-02,3.409688e-01,3.621469e-02,6.117079e-02,1.875722e-03,6.029306e-03,2.721347e-01,4.083903e-02
7.216809e-02,5.396506e-02,2.607941e-02,2.015981e-02,1.472571e-02,4.376836e-02,1.133483e-03,4.960574e-02,2.890745e-01,2.763048e-02,6.370497e-02,2.301210e-03,7.058807e-03,2.930584e-01,3.556599e-02
7.753096e-02,4.517279e-02,3.006920e-02,2.450156e-02,1.435348e-02,3.301236e-02,1.177695e-03,9.071850e-02,2.807583e-01,2.417250e-02,5.546618e-02,3.906847e-03,1.060152e-02,2.733681e-01,3.518996e-02
9.312350e-02,4.930600e-02,6.285487e-02,2.235147e-02,1.999078e-02,3.404031e-02,1.268049e-03,8.077676e-02,2.950725e-01,1.846117e-02,5.082058e-02,3.420880e-03,8.258324e-03,2.297688e-01,3.048602e-02
9.627936e-02,4.040342e-02,6.202709e-02,8.952987e-02,7.513599e-02,2.765744e-02,2.169333e-03,1.120528e-01,2.453053e-01,1.366407e-02,3.735471e-02,3.143551e-03,6.493664e-03,1.649589e-01,2.382448e-02
1.179556e-01,7.304519e-02,6.154422e-02,7.628492e-02,6.606887e-02,3.013946e-02,2.420121e-03,9.121355e-02,2.410448e-01,1.350881e-02,3.124177e-02,3.003467e-03,7.194031e-03,1.528391e-01,3.249616e-02
1.296274e-01,1.007889e-01,5.719180e-02,5.849512e-02,5.707814e-02,6.061801e-02,2.216362e-03,7.125101e-02,2.304119e-01,1.097072e-02,3.032704e-02,4.077418e-03,7.174452e-03,1.449026e-01,3.486918e-02
1.446069e-01,9.384912e-02,5.666635e-02,5.281952e-02,7.373963e-02,5.968066e-02,9.990937e-03,9.920314e-02,2.225581e-01,8.576538e-03,2.311072e-02,4.134352e-03,7.801184e-03,1.122639e-01,3.099896e-02
1.349165e-01,9.396747e-02,4.278021e-02,4.101628e-02,7.685069e-02,1.257666e-01,8.193601e-03,7.508543e-02,2.403181e-01,7.223733e-03,1.902143e-02,5.291072e-03,1.297715e-02,8.686155e-02,2.973014e-02
1.200171e-01,9.435076e-02,3.283566e-02,3.215045e-02,1.048342e-01,1.629938e-01,6.543369e-03,5.491164e-02,2.570376e-01,5.801192e-03,1.559143e-02,6.722437e-03,1.231124e-02,6.542963e-02,2.846946e-02
8.783358e-02,1.141503e-01,3.186478e-02,4.215492e-02,7.633860e-02,1.394685e-01,5.137975e-03,3.870004e-02,2.400154e-01,1.284275e-02,1.181819e-02,1.025056e-02,1.649987e-02,4.626971e-02,1.266548e-01
7.363589e-02,1.165275e-01,8.850459e-02,4.397270e-02,6.856748e-02,1.152216e-01,8.536077e-03,4.319862e-02,2.521458e-01,1.419340e-02,9.251915e-03,1.021920e-02,1.808046e-02,3.262766e-02,1.053171e-01
6.183833e-02,1.406762e-01,8.728186e-02,3.989167e-02,5.297077e-02,9.453097e-02,8.271034e-03,3.400312e-02,2.426918e-01,1.776758e-02,8.780399e-03,1.082599e-02,4.071802e-02,2.352219e-02,1.362301e-01
5.752589e-02,1.629421e-01,6.844980e-02,3.160182e-02,4.861581e-02,1.082982e-01,8.168400e-03,3.083118e-02,2.396760e-01,1.793348e-02,9.362309e-03,1.141063e-02,7.209066e-02,1.698072e-02,1.161130e-01
5.656924e-02,1.587849e-01,7.541010e-02,5.131923e-02,4.107955e-02,1.002857e-01,7.489578e-03,2.870374e-02,2.228629e-01,2.494265e-02,9.173298e-03,1.457193e-02,9.060905e-02,1.279934e-02,1.053987e-01
4.489569e-02,1.451487e-01,6.861504e-02,4.442530e-02,3.063413e-02,1.030672e-01,7.077885e-03,2.584566e-02,2.110799e-01,2.023858e-02,9.679179e-03,2.347101e-02,1.732823e-01,9.597668e-03,8.294171e-02
3.870773e-02,1.174782e-01,5.551049e-02,3.393418e-02,2.821955e-02,1.058122e-01,7.691341e-03,2.414447e-02,1.794455e-01,1.538120e-02,9.161069e-03,2.908513e-02,2.737413e-01,6.999044e-03,7.468851e-02
2.975473e-02,8.934925e-02,4.250431e-02,2.667320e-02,2.305054e-02,9.304805e-02,6.619473e-03,2.159918e-02,1.445233e-01,1.348373e-02,7.717324e-03,5.359665e-02,3.733529e-01,5.790530e-03,6.893685e-02
2.971442e-02,6.641239e-02,3.520007e-02,2.130083e-02,1.856901e-02,9.066706e-02,5.602873e-03,2.287163e-02,1.153104e-01,1.130021e-02,6.738426e-03,4.548224e-02,4.740632e-01,4.598546e-03,5.216864e-02
3.503388e-02,5.298987e-02,2.726097e-02,1.594254e-02,1.549140e-02,9.186323e-02,5.319734e-03,2.032734e-02,9.976263e-02,9.293964e-03,5.453628e-03,4.114493e-02,5.361457e-01,3.629910e-03,4.034026e-02
5.960064e-02,3.883612e-02,2.171827e-02,1.470453e-02,1.337531e-02,8.541527e-02,6.908117e-03,4.996412e-02,8.542570e-02,1.124502e-02,8.463731e-03,4.238546e-02,5.256000e-01,3.146170e-03,3.321163e-02
8.158913e-02,3.268394e-02,1.813050e-02,1.218847e-02,1.327936e-02,8.049130e-02,4.779188e-02,6.675041e-02,8.211355e-02,1.398039e-02,8.367798e-03,3.920698e-02,4.678511e-01,2.439250e-03,3.313594e-02
8.835970e-02,2.473438e-02,1.953142e-02,9.459570e-03,1.125172e-02,6.066437e-02,2.466391e-01,7.321831e-02,6.025156e-02,1.035519e-02,6.257982e-03,2.874904e-02,3.328642e-01,1.825114e-03,2.583835e-02
9.306958e-02,2.083615e-02,1.773377e-02,7.622458e-03,1.026043e-02,4.520113e-02,3.768356e-01,8.286452e-02,4.858688e-02,7.666003e-03,4.691542e-03,2.127245e-02,2.414888e-01,1.415052e-03,2.045560e-02
8.783499e-02,1.995343e-02,1.702753e-02,6.628060e-03,1.223746e-02,3.400056e-02,4.464921e-01,1.126375e-01,4.291921e-02,5.605733e-03,3.757421e-03,1.551582e-02,1.775951e-01,1.101121e-03,1.669407e-02
8.182167e-02,1.734313e-02,1.484851e-02,6.194040e-03,1.721310e-02,3.009120e-02,4.708070e-01,1.512402e-01,3.611895e-02,4.179524e-03,3.491627e-03,1.175939e-02,1.406020e-01,8.435230e-04,1.344620e-02
8.462020e-02,1.487239e-02,1.329874e-02,7.777782e-03,2.950231e-02,2.815226e-02,4.446573e-01,2.060236e-01,3.356540e-02,3.482901e-03,3.354609e-03,9.154378e-03,1.086614e-01,7.297819e-04,1.214692e-02
8.202442e-02,1.329734e-02,1.314709e-02,1.008886e-02,3.498865e-02,2.153385e-02,3.573757e-01,3.205098e-01,3.662444e-02,4.488831e-03,3.240128e-03,7.261923e-03,7.959362e-02,7.565363e-04,1.506888e-02
7.647321e-02,1.440419e-02,1.260977e-02,8.844043e-03,3.587274e-02,1.651851e-02,2.779828e-01,4.188278e-01,4.422209e-02,5.131523e-03,2.811328e-03,5.708106e-03,5.970071e-02,9.381344e-04,1.995503e-02
6.846937e-02,1.391589e-02,1.118817e-02,7.535773e-03,3.670519e-02,1.259443e-02,2.293862e-01,4.856203e-01,5.151720e-02,4.726449e-03,2.290112e-03,4.389191e-03,4.454814e-02,9.981359e-04,2.611553e-02
5.235688e-02,1.051688e-02,8.529676e-03,5.697036e-03,3.480163e-02,9.496841e-03,2.058128e-01,5.635167e-01,4.445068e-02,3.792895e-03,1.837407e-03,3.196340e-03,3.300140e-02,8.801461e-04,2.211263e-02
5.398679e-02,9.945119e-03,7.524716e-03,5.110554e-03,3.511604e-02,7.791325e-03,1.857205e-01,5.692466e-01,6.371645e-02,3.727179e-03,1.810023e-03,2.724178e-03,2.490411e-02,1.091519e-03,2.758490e-02
7.749143e-02,1.085755e-02,7.002700e-03,4.785136e-03,3.417494e-02,7.464312e-03,1.585434e-01,5.441322e-01,9.630756e-02,5.145342e-03,2.159015e-03,2.849265e-03,1.917760e-02,1.458997e-03,2.845065e-02
1.100242e-01,1.092510e-02,6.162659e-03,4.883354e-03,3.163511e-02,8.093577e-03,1.355623e-01,5.337926e-01,9.806868e-02,6.636134e-03,2.291969e-03,3.662827e-03,1.508700e-02,1.685495e-03,3.148910e-02
1.195455e-01,1.005613e-02,5.370356e-03,4.780646e-03,2.967345e-02,7.790965e-03,1.215154e-01,5.460171e-01,9.761675e-02,6.618019e-03,2.080958e-03,3.845569e-03,1.175228e-02,1.586757e-03,3.175017e-02
1.371186e-01,9.991431e-03,5.052462e-03,4.716731e-03,3.040878e-02,8.450970e-03,1.431160e-01,5.156028e-01,8.758211e-02,5.784712e-03,2.010041e-03,4.168768e-03,9.827113e-03,1.612177e-03,3.455734e-02
1.741826e-01,1.048399e-02,4.854565e-03,4.775967e-03,2.776898e-02,9.922244e-03,1.587511e-01,4.778053e-01,7.871921e-02,5.337889e-03,2.130321e-03,5.377385e-03,8.534582e-03,1.564505e-03,2.979126e-02
1.844175e-01,9.257345e-03,5.001663e-03,5.780421e-03,2.485595e-02,1.334216e-02,2.243205e-01,4.195093e-01,6.291837e-02,4.743019e-03,2.488251e-03,7.194356e-03,1.042237e-02,1.372597e-03,2.437625e-02
1.844693e-01,7.553610e-03,4.883209e-03,5.178707e-03,2.033748e-02,1.209219e-02,3.152153e-01,3.599806e-01,4.695436e-02,3.878621e-03,3.115173e-03,6.873073e-03,8.841014e-03,1.182816e-03,1.944458e-02
1.822923e-01,6.082310e-03,4.174756e-03,4.539059e-03,1.706975e-02,1.121027e-02,3.385292e-01,3.631297e-01,3.513411e-02,3.248146e-03,3.990784e-03,6.507073e-03,7.733847e-03,9.744229e-04,1.538432e-02
2.125370e-01,4.972266e-03,3.549141e-03,4.749476e-03,1.511747e-02,1.108901e-02,3.262304e-01,3.613517e-01,2.578335e-02,2.538570e-03,4.752447e-03,7.063141e-03,7.124796e-03,8.904495e-04,1.225081e-02
1.795784e-01,7.324820e-03,5.540383e-03,9.103588e-02,2.210255e-02,1.443200e-02,2.577630e-01,2.939258e-01,2.531225e-02,4.205710e-03,1.702379e-02,1.759327e-02,5.110994e-02,1.229259e-03,1.182302e-02
1.685812e-01,1.132302e-02,5.458109e-03,1.095523e-01,2.333029e-02,1.597718e-02,2.175134e-01,2.411850e-01,2.504942e-02,1.088801e-02,5.105046e-02,2.402768e-02,7.652882e-02,2.678626e-03,1.685654e-02
1.534671e-01,1.276372e-02,4.426497e-03,1.190889e-01,2.013470e-02,1.462417e-02,1.856392e-01,1.730396e-01,1.967738e-02,5.541299e-02,6.674087e-02,4.679640e-02,7.570964e-02,8.766226e-03,4.371252e-02
1.297046e-01,1.135624e-02,4.208709e-03,1.097179e-01,2.373980e-02,1.341034e-02,1.452014e-01,1.231225e-01,1.780050e-02,6.657925e-02,8.622183e-02,5.522150e-02,1.076128e-01,3.542165e-02,7.068110e-02
1.056526e-01,9.117118e-03,3.882259e-03,8.078995e-02,2.722443e-02,1.829782e-02,1.043026e-01,8.668498e-02,1.722895e-02,1.283658e-01,8.994288e-02,5.217348e-02,1.094456e-01,5.818798e-02,1.087036e-01
7.614372e-02,9.559145e-03,7.465709e-03,5.693628e-02,2.995997e-02,1.840047e-02,7.480056e-02,6.094193e-02,1.751628e-02,1.628787e-01,9.442309e-02,5.671489e-02,1.686327e-01,5.258179e-02,1.130448e-01
5.703627e-02,4.277520e-02,1.108927e-01,4.082522e-02,2.682168e-02,2.069322e-02,5.296820e-02,4.392610e-02,1.818131e-02,1.525441e-01,9.057570e-02,4.206320e-02,1.467887e-01,4.400666e-02,1.099018e-01
4.735604e-02,1.972012e-01,1.019270e-01,3.165028e-02,2.232521e-02,1.702992e-02,3.716808e-02,3.104889e-02,9.169605e-02,1.084816e-01,6.842043e-02,3.019499e-02,1.047202e-01,3.103980e-02,7.974034e-02
4.178398e-02,1.755279e-01,1.281646e-01,6.595457e-02,3.054348e-02,1.955157e-02,2.654012e-02,2.295877e-02,1.798800e-01,7.920441e-02,5.235529e-02,2.211891e-02,7.444145e-02,2.237723e-02,5.859768e-02
3.863483e-02,1.592953e-01,2.050085e-01,1.324348e-01,2.471097e-02,1.823518e-02,1.881128e-02,1.706449e-02,1.603136e-01,5.742770e-02,3.979739e-02,1.619357e-02,5.316737e-02,1.591628e-02,4.298873e-02
4.795793e-02,1.863005e-01,2.080267e-01,1.468349e-01,2.711225e-02,2.497077e-02,1.381440e-02,1.393249e-02,1.635916e-01,4.162253e-02,3.172948e-02,1.227843e-02,3.854282e-02,1.137103e-02,3.191414e-02
5.633094e-02,1.765111e-01,2.019394e-01,2.187730e-01,2.344999e-02,2.138684e-02,1.056741e-02,1.629715e-02,1.420638e-01,3.273628e-02,2.866191e-02,1.016454e-02,2.782639e-02,8.465746e-03,2.482546e-02
7.427043e-02,2.054921e-01,1.713466e-01,2.431717e-01,3.157244e-02,2.205851e-02,1.233221e-02,2.186028e-02,1.141174e-01,2.495484e-02,2.429970e-02,8.465828e-03,2.049710e-02,6.803297e-03,1.875758e-02
5.890683e-02,1.547240e-01,1.557170e-01,3.948276e-01,3.214903e-02,1.641825e-02,8.942053e-03,1.907964e-02,8.206934e-02,1.846267e-02,1.946333e-02,6.223820e-03,1.467521e-02,4.845888e-03,1.349528e-02
5.183697e-02,1.154270e-01,2.318903e-01,3.193231e-01,2.863736e-02,1.219071e-02,6.495243e-03,1.448968e-02,8.211379e-02,1.731137e-02,8.656564e-02,5.205881e-03,1.190358e-02,4.379033e-03,1.223040e-02
3.648833e-02,8.999751e-02,3.227915e-01,2.885777e-01,2.088293e-02,8.652179e-03,4.579666e-03,1.084235e-02,6.265984e-02,1.356745e-02,1.143684e-01,3.898672e-03,8.511698e-03,5.257016e-03,8.924731e-03
2.571563e-02,7.155854e-02,3.745914e-01,2.111977e-01,1.472819e-02,6.100532e-03,3.225969e-03,7.757817e-03,5.946911e-02,9.776232e-03,1.926629e-01,4.801118e-03,6.798156e-03,5.084297e-03,6.532308e-03
1.815785e-02,5.237012e-02,2.771031e-01,1.509482e-01,1.035542e-02,4.523306e-03,2.272162e-03,5.487119e-03,5.406252e-02,7.007326e-03,3.793320e-01,2.299483e-02,5.008802e-03,5.617462e-03,4.759720e-03
1.286156e-02,3.751289e-02,2.020094e-01,1.078307e-01,7.361102e-03,3.733418e-03,1.613674e-03,3.943590e-03,4.543310e-02,5.136413e-03,4.944714e-01,6.512722e-02,3.645577e-03,5.874136e-03,3.445732e-03
9.147626e-03,2.643311e-02,1.428393e-01,7.644195e-02,5.478613e-03,3.627616e-03,1.168881e-03,2.849185e-03,3.363126e-02,3.669621e-03,5.890319e-01,9.376696e-02,2.726292e-03,6.728204e-03,2.459375e-03
6.562029e-03,1.859866e-02,1.003064e-01,5.409975e-02,4.481066e-03,3.676442e-03,8.412435e-04,2.048150e-03,2.403275e-02,2.603526e-03,6.671587e-01,1.028375e-01,2.101374e-03,8.892570e-03,1.759670e-03
4.668755e-03,1.314828e-02,7.047960e-02,3.807855e-02,3.641788e-03,3.079979e-03,6.014836e-04,1.451814e-03,1.713315e-02,1.891163e-03,7.089740e-01,1.243081e-01,1.780769e-03,9.490414e-03,1.272031e-03
3.306469e-03,9.506048e-03,4.955767e-02,2.674716e-02,4.780654e-03,2.295647e-03,4.605841e-04,1.031341e-03,1.264209e-02,1.608137e-03,6.757779e-01,1.993746e-01,1.649105e-03,1.029746e-02,9.651403e-04
2.394040e-03,7.167101e-03,3.498062e-02,1.886065e-02,5.448606e-03,1.898994e-03,3.965872e-04,7.599813e-04,9.506196e-03,1.446290e-03,6.513020e-01,2.535366e-01,1.466094e-03,1.004394e-02,7.922855e-04
1.836469e-03,5.196835e-03,2.459637e-02,1.330737e-02,4.160836e-03,1.472151e-03,2.888953e-04,5.868209e-04,7.719960e-03,1.184123e-03,6.510032e-01,2.781192e-01,1.155588e-03,8.744731e-03,6.274792e-04
1.520663e-03,3.779053e-03,1.727165e-02,9.422960e-03,3.183237e-03,1.385842e-03,2.177065e-04,4.564282e-04,5.843165e-03,1.020951e-03,6.358043e-01,3.113121e-01,9.826256e-04,7.313563e-03,4.858220e-04
1.245549e-03,3.207306e-03,1.217132e-02,6.662490e-03,3.380905e-03,1.156094e-03,2.176096e-04,4.819875e-04,4.430456e-03,1.888200e-03,5.463018e-01,4.096633e-01,9.126576e-04,7.887538e-03,3.928200e-04
1.080435e-03,2.474702e-03,8.552196e-03,4.693431e-03,3.523511e-03,2.803810e-03,2.755956e-04,5.277784e-04,3.214186e-03,1.593934e-03,6.288331e-01,3.349327e-01,9.231506e-04,6.272407e-03,2.990523e-04
1.051053e-03,2.143577e-03,6.032481e-03,3.297916e-03,3.689882e-03,3.024548e-03,5.208926e-04,5.726848e-04,2.383030e-03,1.462533e-03,6.339067e-01,3.356232e-01,8.754592e-04,5.147019e-03,2.690335e-04
1.232009e-03,1.807900e-03,4.282257e-03,2.318797e-03,3.167599e-03,2.861267e-03,9.011925e-04,5.803520e-04,1.841127e-03,1.556626e-03,6.084628e-01,3.658614e-01,8.683289e-04,3.967725e-03,2.906351e-04
1.165600e-03,1.431623e-03,3.228667e-03,1.673503e-03,3.679289e-03,1.041286e-02,2.661884e-03,1.838181e-03,1.677812e-03,1.497202e-03,5.149671e-01,4.506873e-01,8.516450e-04,3.933385e-03,2.940019e-04
2.107404e-03,1.299698e-03,6.385152e-03,2.474198e-03,1.092361e-02,7.322109e-02,1.554465e-02,7.235358e-02,2.281403e-03,1.676300e-03,3.941807e-01,4.084756e-01,1.845890e-03,6.894246e-03,3.364624e-04
1.012317e-02,2.953789e-03,2.631583e-02,3.148994e-03,1.826701e-02,5.460664e-02,1.116863e-02,6.420564e-02,5.302383e-02,4.188236e-03,4.328126e-01,2.896514e-01,1.835393e-03,1.247468e-02,1.522423e-02
1.283599e-02,2.411294e-03,6.614269e-02,1.083877e-02,2.001101e-02,3.977512e-02,1.109118e-02,2.292770e-01,4.408554e-02,4.128235e-03,3.251214e-01,2.084352e-01,2.076350e-03,1.243301e-02,1.133727e-02
3.089527e-02,4.372404e-03,8.858728e-02,2.028527e-02,3.987621e-02,4.043261e-02,8.661576e-03,2.482866e-01,4.446202e-02,5.207795e-03,2.844160e-01,1.481019e-01,1.683894e-03,2.449743e-02,1.023372e-02
3.422416e-02,4.969728e-03,1.791483e-01,2.288560e-02,4.943038e-02,3.114479e-02,6.226071e-03,2.696907e-01,4.020944e-02,4.239249e-03,2.216750e-01,1.050293e-01,1.337320e-03,2.155072e-02,8.239226e-03
3.700752e-02,5.850877e-03,3.085806e-01,1.786680e-02,6.372702e-02,2.263709e-02,4.459315e-03,1.999875e-01,4.111866e-02,3.948985e-03,1.814451e-01,7.435948e-02,1.070613e-03,3.158218e-02,6.358247e-03
4.459118e-02,7.993788e-03,3.325674e-01,1.541121e-02,8.795193e-02,1.779817e-02,3.191249e-03,1.962396e-01,5.138718e-02,4.211007e-03,1.523191e-01,5.364821e-02,9.260631e-04,2.686396e-02,4.899906e-03
5.230093e-02,7.063871e-03,4.302367e-01,1.240664e-02,8.281936e-02,2.015996e-02,2.312702e-03,1.597019e-01,4.661033e-02,3.651894e-03,1.176486e-01,3.909061e-02,8.279278e-04,2.129276e-02,3.875872e-03
8.142921e-02,9.269526e-03,3.336700e-01,2.462244e-02,9.087852e-02,3.639912e-02,2.040458e-03,1.530488e-01,7.256596e-02,1.433689e-02,8.946194e-02,5.238892e-02,3.417993e-03,1.759690e-02,1.887340e-02
8.011974e-02,7.873161e-03,2.453132e-01,5.401216e-02,7.013606e-02,3.706766e-02,1.549410e-03,1.215992e-01,6.002100e-02,1.560101e-02,1.032928e-01,1.443729e-01,1.295392e-02,1.352073e-02,3.256694e-02
6.359114e-02,6.846474e-03,1.812553e-01,8.847620e-02,5.500305e-02,4.350607e-02,1.264014e-03,9.399343e-02,5.942799e-02,2.790530e-02,1.251591e-01,1.307002e-01,4.579410e-02,1.095793e-02,6.611960e-02
4.921592e-02,6.345096e-03,1.374378e-01,1.327626e-01,4.179706e-02,4.874279e-02,1.089641e-03,7.320833e-02,6.305517e-02,2.710668e-02,1.432261e-01,1.420348e-01,6.286486e-02,8.803118e-03,6.230995e-02
4.179201e-02,5.803912e-03,1.065580e-01,1.185434e-01,3.256449e-02,4.915000e-02,9.252809e-04,5.734328e-02,6.611838e-02,3.102322e-02,1.767450e-01,1.330147e-01,8.158268e-02,7.325730e-03,9.150999e-02
3.867396e-02,5.380981e-03,8.890818e-02,9.009155e-02,3.217142e-02,4.567217e-02,1.577677e-03,4.329205e-02,7.404152e-02,3.312501e-02,2.166730e-01,1.057545e-01,1.133371e-01,7.115663e-03,1.041854e-01
3.609344e-02,4.724187e-03,7.306376e-02,6.613787e-02,4.093379e-02,4.969016e-02,4.036073e-03,3.667620e-02,5.678054e-02,3.448671e-02,2.681148e-01,9.211259e-02,1.263626e-01,9.380101e-03,1.014072e-01
4.582408e-02,5.636778e-03,6.430805e-02,4.782866e-02,1.057259e-01,5.989347e-02,8.516571e-03,6.971494e-02,4.611447e-02,4.184939e-02,1.976491e-01,9.443316e-02,1.028207e-01,3.603402e-02,7.365064e-02
5.669309e-02,6.855573e-03,1.381123e-01,5.963065e-02,1.367784e-01,4.771392e-02,7.295965e-03,9.313862e-02,3.823006e-02,3.368538e-02,1.477982e-01,7.127915e-02,8.103720e-02,2.812690e-02,5.362470e-02
5.322928e-02,7.440500e-03,2.273725e-01,1.178458e-01,1.303882e-01,3.819561e-02,5.512089e-03,7.837889e-02,3.014832e-02,2.605547e-02,1.145635e-01,5.085383e-02,5.971252e-02,2.073931e-02,3.956409e-02
1.236258e-01,8.867146e-03,1.920490e-01,1.080880e-01,1.259939e-01,3.309109e-02,4.845789e-03,7.750177e-02,2.660186e-02,3.300100e-02,1.112569e-01,4.113050e-02,5.615982e-02,2.049901e-02,3.728848e-02
1.020606e-01,1.445703e-02,1.653116e-01,1.058650e-01,1.079797e-01,3.042481e-02,9.672412e-03,6.004112e-02,2.932296e-02,3.228752e-02,1.485568e-01,3.914896e-02,1.031700e-01,1.719092e-02,3.451047e-02
8.976534e-02,4.312590e-02,1.254474e-01,1.227763e-01,1.017285e-01,2.647509e-02,9.968394e-03,4.371797e-02,5.813124e-02,2.421209e-02,1.139688e-01,3.719386e-02,1.521205e-01,1.327716e-02,3.809134e-02
7.614738e-02,8.394817e-02,8.916987e-02,1.155888e-01,7.658318e-02,2.178136e-02,8.232143e-03,3.358847e-02,1.652904e-01,1.788826e-02,8.548055e-02,3.200932e-02,1.525980e-01,9.640682e-03,3.205347e-02
7.102382e-02,6.995804e-02,6.875550e-02,1.594347e-01,5.817394e-02,1.769661e-02,6.325452e-03,2.837794e-02,2.639290e-01,1.434983e-02,6.273110e-02,2.318919e-02,1.186752e-01,7.123070e-03,3.025666e-02
9.385034e-02,6.959540e-02,8.181329e-02,1.662692e-01,5.638297e-02,1.683037e-02,5.110309e-03,2.393499e-02,2.944500e-01,1.190097e-02,4.751139e-02,1.723363e-02,8.638828e-02,5.315379e-03,2.341351e-02
9.401225e-02,8.353034e-02,1.028905e-01,1.601307e-01,4.590403e-02,2.828074e-02,4.377224e-03,1.833479e-02,2.534799e-01,1.467894e-02,6.371181e-02,1.380824e-02,7.030676e-02,7.624189e-03,3.892960e-02
9.485734e-02,9.490426e-02,9.210485e-02,1.284995e-01,4.617706e-02,3.148218e-02,7.430683e-03,1.686591e-02,2.403627e-01,1.760793e-02,5.752005e-02,1.448002e-02,9.586905e-02,7.124028e-03,5.471447e-02
1.437809e-01,9.921040e-02,6.949241e-02,1.123699e-01,4.607225e-02,2.854564e-02,7.028623e-03,2.018242e-02,2.451352e-01,1.483002e-02,4.318107e-02,1.335304e-02,1.010558e-01,6.516285e-03,4.924605e-02
1.632430e-01,8.012457e-02,5.195587e-02,8.421702e-02,4.604828e-02,3.496549e-02,6.229468e-03,2.995795e-02,2.417281e-01,1.139502e-02,3.218061e-02,1.111455e-02,1.589554e-01,5.795433e-03,4.208926e-02
1.794688e-01,7.334119e-02,3.727333e-02,6.529346e-02,4.121301e-02,4.493863e-02,5.200993e-03,3.105538e-02,2.112896e-01,9.518226e-03,2.454469e-02,1.250526e-02,2.211187e-01,5.842258e-03,3.739654e-02
1.608815e-01,6.583425e-02,3.332869e-02,2.342107e-01,3.761348e-02,3.478828e-02,4.349130e-03,2.602890e-02,1.654224e-01,7.946665e-03,1.915186e-02,1.238338e-02,1.585983e-01,4.477714e-03,3.498477e-02
1.531922e-01,4.798221e-02,1.477735e-01,2.367364e-01,2.937128e-02,2.819808e-02,3.575541e-03,2.547938e-02,1.245730e-01,8.742495e-03,2.232276e-02,1.763069e-02,1.187848e-01,3.823261e-03,3.181435e-02
1.232017e-01,4.006212e-02,1.273963e-01,2.446050e-01,2.375407e-02,2.340826e-02,3.100081e-03,1.821108e-02,1.176930e-01,1.010492e-02,6.938942e-02,1.389779e-02,1.478343e-01,3.450716e-03,3.389135e-02
1.010269e-01,3.823068e-02,1.011391e-01,2.433899e-01,1.818319e-02,1.985319e-02,3.163370e-03,1.319883e-02,1.020266e-01,8.839914e-03,5.787576e-02,1.162000e-02,2.422009e-01,2.783164e-03,3.646852e-02
9.654253e-02,3.338246e-02,8.188615e-02,2.748472e-01,1.302668e-02,1.577003e-02,2.424035e-03,9.750539e-03,1.243747e-01,8.219703e-03,4.232852e-02,1.327011e-02,2.453208e-01,2.561404e-03,3.629518e-02
1.072383e-01,2.794531e-02,6.667230e-02,2.347753e-01,9.544309e-03,1.668983e-02,1.831871e-03,7.703777e-03,1.220790e-01,8.174597e-03,4.145844e-02,1.753362e-02,2.999898e-01,2.898069e-03,3.546555e-02
1.092509e-01,3.956109e-02,4.974299e-02,1.733592e-01,7.745520e-03,3.312078e-02,1.450112e-03,7.020668e-03,1.563151e-01,1.116721e-02,4.048693e-02,2.032309e-02,3.059002e-01,7.129236e-03,3.742690e-02
1.199596e-01,3.212733e-02,4.044187e-02,1.280083e-01,8.663111e-03,3.845673e-02,1.449466e-03,1.049103e-02,1.315481e-01,1.472712e-02,3.175790e-02,3.722273e-02,3.416757e-01,8.798350e-03,5.467275e-02
1.101394e-01,3.096594e-02,6.787514e-02,9.844542e-02,1.017305e-02,4.450353e-02,1.501220e-03,1.245987e-02,1.185282e-01,2.382216e-02,2.608860e-02,4.514526e-02,3.080330e-01,1.525589e-02,8.706340e-02
9.266254e-02,3.147998e-02,5.482275e-02,7.342812e-02,1.224483e-02,4.896633e-02,1.840717e-03,2.339274e-02,1.163427e-01,1.931874e-02,2.256296e-02,4.238591e-02,3.493089e-01,2.515632e-02,8.608657e-02
7.247607e-02,3.466802e-02,4.828513e-02,5.456977e-02,1.281098e-02,7.193319e-02,3.596368e-03,3.665332e-02,1.186487e-01,1.569258e-02,2.045088e-02,3.964290e-02,3.363177e-01,2.935678e-02,1.048976e-01
8.157282e-02,4.498263e-02,4.445414e-02,5.261701e-02,1.294911e-02,1.100219e-01,3.665512e-03,3.596009e-02,1.157985e-01,1.921235e-02,1.978246e-02,3.724980e-02,2.960073e-01,2.557463e-02,1.001518e-01
8.343627e-02,3.402341e-02,4.411321e-02,4.471555e-02,1.406378e-02,9.446429e-02,8.299934e-03,3.727309e-02,9.000269e-02,1.601209e-02,4.082699e-02,3.571697e-02,2.785187e-01,1.835485e-02,1.601782e-01
1.068451e-01,3.283244e-02,3.784096e-02,3.760127e-02,1.344056e-02,1.072698e-01,7.748429e-03,3.471769e-02,8.078819e-02,1.405074e-02,3.382409e-02,3.931352e-02,2.927202e-01,1.435158e-02,1.466554e-01
9.556174e-02,3.242309e-02,7.841080e-02,1.845257e-01,1.492285e-02,8.065962e-02,5.957231e-03,3.296383e-02,7.560278e-02,1.143839e-02,2.710777e-02,3.217961e-02,2.110646e-01,1.057058e-02,1.066114e-01
8.653419e-02,2.515253e-02,9.749851e-02,3.294370e-01,1.291994e-02,5.967909e-02,4.295059e-03,2.578368e-02,5.811464e-02,1.027621e-02,2.610793e-02,2.696027e-02,1.530007e-01,7.693026e-03,7.654727e-02
1.717979e-01,3.449973e-02,8.219350e-02,2.482060e-01,1.229094e-02,4.714102e-02,3.410215e-03,2.645152e-02,6.082766e-02,1.942550e-02,2.955894e-02,3.938357e-02,1.328530e-01,1.566857e-02,7.629196e-02
1.894505e-01,4.979267e-02,6.233660e-02,1.887349e-01,2.298095e-02,4.369245e-02,6.730889e-03,4.623237e-02,1.133188e-01,2.238279e-02,3.232664e-02,4.627661e-02,1.060006e-01,1.193113e-02,5.781215e-02
2.834396e-01,4.828759e-02,4.752283e-02,1.393554e-01,3.025408e-02,4.203896e-02,8.519688e-03,4.465563e-02,1.067303e-01,2.177926e-02,2.858219e-02,4.675389e-02,9.592141e-02,9.883489e-03,4.627568e-02
3.068624e-01,4.619113e-02,4.213025e-02,1.290894e-01,5.605305e-02,3.597350e-02,1.349326e-02,4.563448e-02,1.189637e-01,1.941590e-02,2.309258e-02,3.821570e-02,8.118810e-02,8.199655e-03,3.549695e-02
3.079043e-01,4.861739e-02,3.179253e-02,9.424248e-02,5.935429e-02,4.439618e-02,1.412163e-02,3.530435e-02,1.476524e-01,1.750894e-02,1.855192e-02,3.718385e-02,1.109081e-01,6.215988e-03,2.624568e-02
3.325356e-01,5.025050e-02,2.313904e-02,8.220152e-02,6.515857e-02,4.200780e-02,1.431130e-02,3.800350e-02,1.768329e-01,1.456372e-02,1.406674e-02,3.231286e-02,8.946019e-02,4.982757e-03,2.017299e-02
3.610156e-01,4.331370e-02,1.828838e-02,1.079686e-01,8.612381e-02,3.532131e-02,1.742029e-02,3.323382e-02,1.605619e-01,1.084633e-02,1.196324e-02,2.562396e-02,6.927519e-02,3.766248e-03,1.527765e-02
3.831981e-01,4.838680e-02,1.446180e-02,8.651697e-02,1.001200e-01,3.226346e-02,1.789970e-02,3.573799e-02,1.678304e-01,9.042094e-03,9.840759e-03,2.172147e-02,5.812530e-02,3.096949e-03,1.175830e-02
4.442033e-01,5.609809e-02,1.075844e-02,6.465256e-02,7.947297e-02,4.068087e-02,1.370191e-02,2.727017e-02,1.531814e-01,7.154917e-03,8.868705e-03,2.005127e-02,6.069551e-02,2.974614e-03,1.023520e-02
4.812719e-01,5.858815e-02,8.101278e-03,4.953508e-02,6.417503e-02,4.781946e-02,1.150165e-02,2.283274e-02,1.392385e-01,5.851875e-03,7.869390e-03,1.785586e-02,7.367578e-02,2.617380e-03,9.065877e-03
