1.000000e+00,0.000000e+00,0.000000e+00,0.000000e+00,0.000000e+00,0.000000e+00,0.000000e+00,0.000000e+00,0.000000e+00,0.000000e+00,0.000000e+00,0.000000e+00,0.000000e+00,0.000000e+00,0.000000e+00
1.000000e+00,0.000000e+00,0.000000e+00,0.000000e+00,0.000000e+00,0.000000e+00,0.000000e+00,0.000000e+00,0.000000e+00,0.000000e+00,0.000000e+00,0.000000e+00,0.000000e+00,0.000000e+00,0.000000e+00
1.000000e+00,0.000000e+00,0.000000e+00,0.000000e+00,0.000000e+00,0.000000e+00,0.000000e+00,0.000000e+00,0.000000e+00,0.000000e+00,0.000000e+00,0.000000e+00,0.000000e+00,0.000000e+00,0.000000e+00
1.000000e+00,0.000000e+00,0.000000e+00,0.000000e+00,0.000000e+00,0.000000e+00,0.000000e+00,0.000000e+00,0.000000e+00,0.000000e+00,0.000000e+00,0.000000e+00,0.000000e+00,0.000000e+00,0.000000e+00
1.000000e+00,0.000000e+00,0.000000e+00,0.000000e+00,0.000000e+00,0.000000e+00,0.000000e+00,0.000000e+00,0.000000e+00,0.000000e+00,0.000000e+00,0.000000e+00,0.000000e+00,0.000000e+00,0.000000e+00
1.000000e+00,0.000000e+00,0.000000e+00,0.000000e+00,0.000000e+00,0.000000e+00,0.000000e+00,0.000000e+00,0.000000e+00,0.000000e+00,0.000000e+00,0.000000e+00,0.000000e+00,0.000000e+00,0.000000e+00
1.000000e+00,0.000000e+00,0.000000e+00,0.000000e+00,0.000000e+00,0.000000e+00,0.000000e+00,0.000000e+00,0.000000e+00,0.000000e+00,0.000000e+00,0.000000e+00,0.000000e+00,0.000000e+00,0.000000e+00
1.000000e+00,0.000000e+00,0.000000e+00,0.000000e+00,0.000000e+00,0.000000e+00,0.000000e+00,0.000000e+00,0.000000e+00,0.000000e+00,0.000000e+00,0.000000e+00,0.000000e+00,0.000000e+00,0.000000e+00
1.000000e+00,0.000000e+00,0.000000e+00,0.000000e+00,0.000000e+00,0.000000e+00,0.000000e+00,0.000000e+00,0.000000e+00,0.000000e+00,0.000000e+00,0.000000e+00,0.000000e+00,0.000000e+00,0.000000e+00
1.000000e+00,0.000000e+00,0.000000e+00,0.000000e+00,0.000000e+00,0.000000e+00,0.000000e+00,0.000000e+00,0.000000e+00,0.000000e+00,0.000000e+00,0.000000e+00,0.000000e+00,0.000000e+00,0.000000e+00
1.000000e+00,0.000000e+00,0.000000e+00,0.000000e+00,0.000000e+00,0.000000e+00,0.000000e+00,0.000000e+00,0.000000e+00,0.000000e+00,0.000000e+00,0.000000e+00,0.000000e+00,0.000000e+00,0.000000e+00
1.000000e+00,0.000000e+00,0.000000e+00,0.000000e+00,0.000000e+00,0.000000e+00,0.000000e+00,0.000000e+00,0.000000e+00,0.000000e+00,0.000000e+00,0.000000e+00,0.000000e+00,0.000000e+00,0.000000e+00
1.000000e+00,0.000000e+00,0.000000e+00,0.000000e+00,0.000000e+00,0.000000e+00,0.000000e+00,0.000000e+00,0.000000e+00,0.000000e+00,0.000000e+00,0.000000e+00,0.000000e+00,0.000000e+00,0.000000e+00
1.000000e+00,0.000000e+00,0.000000e+00,0.000000e+00,0.000000e+00,0.000000e+00,0.000000e+00,0.000000e+00,0.000000e+00,0.000000e+00,0.000000e+00,0.000000e+00,0.000000e+00,0.000000e+00,0.000000e+00
1.000000e+00,0.000000e+00,0.000000e+00,0.000000e+00,0.000000e+00,0.000000e+00,0.000000e+00,0.000000e+00,0.000000e+00,0.000000e+00,0.000000e+00,0.000000e+00,0.000000e+00,0.000000e+00,0.000000e+00
1.000000e+00,0.000000e+00,0.000000e+00,0.000000e+00,0.000000e+00,0.000000e+00,0.000000e+00,0.000000e+00,0.000000e+00,0.000000e+00,0.000000e+00,0.000000e+00,0.000000e+00,0.000000e+00,0.000000e+00
1.000000e+00,0.000000e+00,0.000000e+00,0.000000e+00,0.000000e+00,0.000000e+00,0.000000e+00,0.000000e+00,0.000000e+00,0.000000e+00,0.000000e+00,0.000000e+00,0.000000e+00,0.000000e+00,0.000000e+00
1.000000e+00,0.000000e+00,0.000000e+00,0.000000e+00,0.000000e+00,0.000000e+00,0.000000e+00,0.000000e+00,0.000000e+00,0.000000e+00,0.000000e+00,0.000000e+00,0.000000e+00,0.000000e+00,0.000000e+00
1.000000e+00,0.000000e+00,0.000000e+00,0.000000e+00,0.000000e+00,0.000000e+00,0.000000e+00,0.000000e+00,0.000000e+00,0.000000e+00,0.000000e+00,0.000000e+00,0.000000e+00,0.000000e+00,0.000000e+00
1.000000e+00,0.000000e+00,0.000000e+00,0.000000e+00,0.000000e+00,0.000000e+00,0.000000e+00,0.000000e+00,0.000000e+00,0.000000e+00,0.000000e+00,0.000000e+00,0.000000e+00,0.000000e+00,0.000000e+00
1.000000e+00,0.000000e+00,0.000000e+00,0.000000e+00,0.000000e+00,0.000000e+00,0.000000e+00,0.000000e+00,0.000000e+00,0.000000e+00,0.000000e+00,0.000000e+00,0.000000e+00,0.000000e+00,0.000000e+00
1.000000e+00,0.000000e+00,0.000000e+00,0.000000e+00,0.000000e+00,0.000000e+00,0.000000e+00,0.000000e+00,0.000000e+00,0.000000e+00,0.000000e+00,0.000000e+00,0.000000e+00,0.000000e+00,0.000000e+00
1.000000e+00,0.000000e+00,0.000000e+00,0.000000e+00,0.000000e+00,0.000000e+00,0.000000e+00,0.000000e+00,0.000000e+00,0.000000e+00,0.000000e+00,0.000000e+00,0.000000e+00,0.000000e+00,0.000000e+00
1.000000e+00,0.000000e+00,0.000000e+00,0.000000e+00,0.000000e+00,0.000000e+00,0.000000e+00,0.000000e+00,0.000000e+00,0.000000e+00,0.000000e+00,0.000000e+00,0.000000e+00,0.000000e+00,0.000000e+00
1.000000e+00,0.000000e+00,0.000000e+00,0.000000e+00,0.000000e+00,0.000000e+00,0.000000e+00,0.000000e+00,0.000000e+00,0.000000e+00,0.000000e+00,0.000000e+00,0.000000e+00,0.000000e+00,0.000000e+00
1.000000e+00,0.000000e+00,0.000000e+00,0.000000e+00,0.000000e+00,0.000000e+00,0.000000e+00,0.000000e+00,0.000000e+00,0.000000e+00,0.000000e+00,0.000000e+00,0.000000e+00,0.000000e+00,0.000000e+00
1.000000e+00,0.000000e+00,0.000000e+00,0.000000e+00,0.000000e+00,0.000000e+00,0.000000e+00,0.000000e+00,0.000000e+00,0.000000e+00,0.000000e+00,0.000000e+00,0.000000e+00,0.000000e+00,0.000000e+00
1.000000e+00,0.000000e+00,0.000000e+00,0.000000e+00,0.000000e+00,0.000000e+00,0.000000e+00,0.000000e+00,0.000000e+00,0.000000e+00,0.000000e+00,0.000000e+00,0.000000e+00,0.000000e+00,0.000000e+00
1.000000e+00,0.000000e+00,0.000000e+00,0.000000e+00,0.000000e+00,0.000000e+00,0.000000e+00,0.000000e+00,0.000000e+00,0.000000e+00,0.000000e+00,0.000000e+00,0.000000e+00,0.000000e+00,0.000000e+00
1.000000e+00,0.000000e+00,0.000000e+00,0.000000e+00,0.000000e+00,0.000000e+00,0.000000e+00,0.000000e+00,0.000000e+00,0.000000e+00,0.000000e+00,0.000000e+00,0.000000e+00,0.000000e+00,0.000000e+00
1.000000e+00,0.000000e+00,0.000000e+00,0.000000e+00,0.000000e+00,0.000000e+00,0.000000e+00,0.000000e+00,0.000000e+00,0.000000e+00,0.000000e+00,0.000000e+00,0.000000e+00,0.000000e+00,0.000000e+00
1.000000e+00,0.000000e+00,0.000000e+00,0.000000e+00,0.000000e+00,0.000000e+00,0.000000e+00,0.000000e+00,0.000000e+00,0.000000e+00,0.000000e+00,0.000000e+00,0.000000e+00,0.000000e+00,0.000000e+00
1.000000e+00,0.000000e+00,0.000000e+00,0.000000e+00,0.000000e+00,0.000000e+00,0.000000e+00,0.000000e+00,0.000000e+00,0.000000e+00,0.000000e+00,0.000000e+00,0.000000e+00,0.000000e+00,0.000000e+00
1.000000e+00,0.000000e+00,0.000000e+00,0.000000e+00,0.000000e+00,0.000000e+00,0.000000e+00,0.000000e+00,0.000000e+00,0.000000e+00,0.000000e+00,0.000000e+00,0.000000e+00,0.000000e+00,0.000000e+00
1.000000e+00,0.000000e+00,0.000000e+00,0.000000e+00,0.000000e+00,0.000000e+00,0.000000e+00,0.000000e+00,0.000000e+00,0.000000e+00,0.000000e+00,0.000000e+00,0.000000e+00,0.000000e+00,0.000000e+00
1.000000e+00,0.000000e+00,0.000000e+00,0.000000e+00,0.000000e+00,0.000000e+00,0.000000e+00,0.000000e+00,0.000000e+00,0.000000e+00,0.000000e+00,0.000000e+00,0.000000e+00,0.000000e+00,0.000000e+00
1.000000e+00,0.000000e+00,0.000000e+00,0.000000e+00,0.000000e+00,0.000000e+00,0.000000e+00,0.000000e+00,0.000000e+00,0.000000e+00,0.000000e+00,0.000000e+00,0.000000e+00,0.000000e+00,0.000000e+00
1.000000e+00,0.000000e+00,0.000000e+00,0.000000e+00,0.000000e+00,0.000000e+00,0.000000e+00,0.000000e+00,0.000000e+00,0.000000e+00,0.000000e+00,0.000000e+00,0.000000e+00,0.000000e+00,0.000000e+00
1.000000e+00,0.000000e+00,0.000000e+00,0.000000e+00,0.000000e+00,0.000000e+00,0.000000e+00,0.000000e+00,0.000000e+00,0.000000e+00,0.000000e+00,0.000000e+00,0.000000e+00,0.000000e+00,0.000000e+00
1.000000e+00,0.000000e+00,0.000000e+00,0.000000e+00,0.000000e+00,0.000000e+00,0.000000e+00,0.000000e+00,0.000000e+00,0.000000e+00,0.000000e+00,0.000000e+00,0.000000e+00,0.000000e+00,0.000000e+00
1.000000e+00,0.000000e+00,0.000000e+00,0.000000e+00,0.000000e+00,0.000000e+00,0.000000e+00,0.000000e+00,0.000000e+00,0.000000e+00,0.000000e+00,0.000000e+00,0.000000e+00,0.000000e+00,0.000000e+00
1.000000e+00,0.000000e+00,0.000000e+00,0.000000e+00,0.000000e+00,0.000000e+00,0.000000e+00,0.000000e+00,0.000000e+00,0.000000e+00,0.000000e+00,0.000000e+00,0.000000e+00,0.000000e+00,0.000000e+00
1.000000e+00,0.000000e+00,0.000000e+00,0.000000e+00,0.000000e+00,0.000000e+00,0.000000e+00,0.000000e+00,0.000000e+00,0.000000e+00,0.000000e+00,0.000000e+00,0.000000e+00,0.000000e+00,0.000000e+00
1.000000e+00,0.000000e+00,0.000000e+00,0.000000e+00,0.000000e+00,0.000000e+00,0.000000e+00,0.000000e+00,0.000000e+00,0.000000e+00,0.000000e+00,0.000000e+00,0.000000e+00,0.000000e+00,0.000000e+00
1.000000e+00,0.000000e+00,0.000000e+00,0.000000e+00,0.000000e+00,0.000000e+00,0.000000e+00,0.000000e+00,0.000000e+00,0.000000e+00,0.000000e+00,0.000000e+00,0.000000e+00,0.000000e+00,0.000000e+00
1.000000e+00,0.000000e+00,0.000000e+00,0.000000e+00,0.000000e+00,0.000000e+00,0.000000e+00,0.000000e+00,0.000000e+00,0.000000e+00,0.000000e+00,0.000000e+00,0.000000e+00,0.000000e+00,0.000000e+00
1.000000e+00,0.000000e+00,0.000000e+00,0.000000e+00,0.000000e+00,0.000000e+00,0.000000e+00,0.000000e+00,0.000000e+00,0.000000e+00,0.000000e+00,0.000000e+00,0.000000e+00,0.000000e+00,0.000000e+00
1.000000e+00,0.000000e+00,0.000000e+00,0.000000e+00,0.000000e+00,0.000000e+00,0.000000e+00,0.000000e+00,0.000000e+00,0.000000e+00,0.000000e+00,0.000000e+00,0.000000e+00,0.000000e+00,0.000000e+00
1.000000e+00,0.000000e+00,0.000000e+00,0.000000e+00,0.000000e+00,0.000000e+00,0.000000e+00,0.000000e+00,0.000000e+00,0.000000e+00,0.000000e+00,0.000000e+00,0.000000e+00,0.000000e+00,0.000000e+00
1.000000e+00,0.000000e+00,0.000000e+00,0.000000e+00,0.000000e+00,0.000000e+00,0.000000e+00,0.000000e+00,0.000000e+00,0.000000e+00,0.000000e+00,0.000000e+00,0.000000e+00,0.000000e+00,0.000000e+00
3.851979e-01,2.177826e-02,6.556259e-03,4.576228e-02,1.648681e-02,1.369541e-01,2.504345e-02,1.483233e-02,1.932791e-02,2.351771e-03,6.716473e-03,8.820893e-02,2.047617e-01,3.561154e-03,2.246064e-02
3.197778e-01,2.249457e-02,6.075758e-03,4.901468e-02,1.875464e-02,1.700170e-01,3.078367e-02,1.592795e-02,2.091448e-02,2.113388e-03,5.738846e-03,8.978719e-02,2.272116e-01,2.691995e-03,1.869645e-02
2.916371e-01,2.157339e-02,5.719523e-03,4.873843e-02,1.845828e-02,1.768693e-01,2.803288e-02,1.510333e-02,2.073959e-02,2.062289e-03,4.982193e-03,1.010884e-01,2.472942e-01,2.047074e-03,1.565409e-02
2.803156e-01,1.952712e-02,5.177671e-03,4.779725e-02,1.906996e-02,1.643010e-01,2.643446e-02,1.418503e-02,2.051745e-02,2.076369e-03,4.685231e-03,1.172731e-01,2.636288e-01,1.661207e-03,1.334980e-02
2.466202e-01,2.111615e-02,6.993144e-03,8.268388e-02,2.917854e-02,1.698707e-01,3.161416e-02,2.526326e-02,1.978406e-02,1.809884e-03,4.523876e-03,1.138436e-01,2.332273e-01,1.354041e-03,1.211719e-02
2.469623e-01,1.713998e-02,5.937266e-03,7.097889e-02,2.360783e-02,1.730997e-01,2.440866e-02,2.121625e-02,2.016499e-02,2.163583e-03,6.055818e-03,1.248040e-01,2.508733e-01,1.357539e-03,1.122990e-02
2.462620e-01,1.348283e-02,5.903826e-03,6.107378e-02,2.067144e-02,1.751748e-01,1.956218e-02,2.203320e-02,1.891444e-02,2.136291e-03,6.534956e-03,1.074276e-01,2.894838e-01,1.453075e-03,9.885717e-03
1.866440e-01,2.475446e-02,1.547077e-02,2.246928e-01,1.646137e-02,1.260260e-01,1.479191e-02,1.606458e-02,4.503459e-02,4.738288e-03,5.124043e-03,7.824436e-02,2.188438e-01,1.123217e-03,2.198573e-02
1.944939e-01,2.265668e-02,1.323115e-02,2.043476e-01,1.419670e-02,9.780089e-02,1.400454e-02,1.330783e-02,4.970531e-02,4.667883e-03,8.013414e-03,5.820395e-02,2.753901e-01,1.262609e-03,2.871735e-02
2.019798e-01,2.294361e-02,1.029982e-02,1.667626e-01,1.146176e-02,1.042657e-01,1.068990e-02,1.007762e-02,4.270323e-02,3.720668e-03,8.104266e-03,4.214517e-02,3.310080e-01,1.164212e-03,3.267380e-02
1.806539e-01,2.639219e-02,1.017950e-02,1.549980e-01,8.774078e-03,7.960487e-02,9.395338e-03,7.653218e-03,1.402954e-01,3.815225e-03,6.629400e-03,3.191877e-02,3.024907e-01,1.198809e-03,3.600059e-02
1.612320e-01,2.591184e-02,1.081868e-02,1.324575e-01,7.532286e-03,6.873559e-02,9.843461e-03,5.996284e-03,1.481966e-01,4.172045e-03,5.894909e-03,2.341015e-02,3.488600e-01,1.082425e-03,4.585631e-02
1.942376e-01,2.295443e-02,8.271649e-03,9.517764e-02,5.947780e-03,5.641924e-02,7.590908e-03,4.500913e-03,1.372255e-01,3.283644e-03,5.020866e-03,1.735446e-02,3.735016e-01,3.667343e-03,6.484646e-02
1.750423e-01,1.763146e-02,5.992333e-03,6.881608e-02,4.721498e-03,5.324161e-02,5.693603e-03,3.377520e-03,1.031754e-01,2.389773e-03,3.899686e-03,1.394855e-02,4.873708e-01,2.730479e-03,5.196885e-02
1.276340e-01,1.387380e-02,4.806269e-03,7.047588e-02,3.505945e-03,3.852070e-02,4.079100e-03,2.413835e-03,2.860041e-01,2.025574e-03,3.071328e-03,1.039038e-02,3.902788e-01,2.038245e-03,4.088202e-02
9.825143e-02,1.048963e-02,3.671127e-03,5.830354e-02,3.155984e-03,3.076798e-02,3.395051e-03,1.711595e-03,2.108604e-01,1.922029e-03,1.134887e-02,2.973727e-02,4.781108e-01,2.801119e-03,5.547319e-02
7.762063e-02,7.820377e-03,3.011591e-03,4.580163e-02,3.759193e-03,3.333104e-02,3.421925e-03,1.360717e-03,1.533908e-01,1.697428e-03,1.804877e-02,3.631945e-02,5.570974e-01,2.557038e-03,5.476200e-02
6.219116e-02,5.731334e-03,2.204112e-03,3.319865e-02,3.295447e-03,3.513701e-02,4.506318e-03,1.030027e-03,1.101074e-01,4.518626e-03,2.598925e-02,1.306382e-01,5.325601e-01,4.148364e-03,4.474396e-02
4.747030e-02,4.201207e-03,1.833391e-03,2.365451e-02,2.799017e-03,4.114842e-02,3.653107e-03,7.954225e-04,7.891773e-02,5.151900e-03,2.752161e-02,1.931172e-01,5.331693e-01,3.215578e-03,3.335124e-02
3.989472e-02,6.481540e-03,4.718727e-03,2.001750e-02,2.699034e-03,1.384247e-01,4.370676e-03,1.212595e-03,8.087662e-02,7.256330e-03,2.719481e-02,2.418569e-01,3.941672e-01,3.829390e-03,2.699927e-02
3.365871e-02,5.145716e-03,3.380014e-03,1.432918e-02,4.340147e-03,9.939836e-02,3.537787e-03,9.558645e-04,1.844708e-01,8.098347e-03,2.660891e-02,2.469699e-01,3.451982e-01,2.996567e-03,2.091142e-02
3.091637e-02,4.392083e-03,2.580068e-03,1.132529e-02,6.010619e-03,7.536962e-02,3.179990e-03,1.455061e-03,2.494709e-01,1.177943e-02,3.276452e-02,2.574497e-01,2.929699e-01,2.874393e-03,1.746206e-02
3.047622e-02,7.515872e-03,2.310606e-03,1.009962e-02,4.973731e-03,5.603264e-02,2.487444e-03,1.322842e-03,4.003167e-01,1.042549e-02,2.717614e-02,2.007150e-01,2.305683e-01,2.343880e-03,1.323552e-02
2.189275e-02,9.646704e-03,2.758328e-03,1.435947e-02,4.052372e-03,4.312146e-02,1.794449e-03,1.254545e-03,5.339528e-01,7.978075e-03,2.154393e-02,1.486632e-01,1.763385e-01,1.823638e-03,1.081983e-02
2.149421e-02,1.840686e-02,4.008167e-03,7.749539e-02,3.319012e-03,3.968074e-02,1.290609e-03,1.526462e-03,5.532637e-01,9.708732e-03,2.112034e-02,1.062071e-01,1.285535e-01,2.003025e-03,1.192212e-02
1.864168e-02,2.686401e-02,6.245744e-03,8.704317e-02,4.422512e-03,4.047804e-02,1.046732e-03,3.324555e-03,5.977752e-01,1.194351e-02,1.748730e-02,7.516814e-02,9.297512e-02,1.985504e-03,1.459885e-02
1.981039e-02,3.137527e-02,1.645531e-02,1.539095e-01,4.962639e-03,3.159896e-02,9.632681e-04,3.463577e-03,5.231247e-01,3.126276e-02,1.464420e-02,5.441927e-02,6.786075e-02,1.800552e-03,4.434890e-02
3.359570e-02,3.228832e-02,1.512450e-02,1.098684e-01,1.603815e-02,2.756990e-02,1.408949e-03,3.763391e-03,5.862827e-01,2.537571e-02,1.145498e-02,3.901516e-02,4.936425e-02,1.817122e-03,4.703282e-02
5.229276e-02,2.925810e-02,1.550680e-02,8.213410e-02,3.940658e-02,3.662127e-02,2.262229e-03,8.728147e-03,5.473806e-01,2.783991e-02,9.581634e-03,2.802653e-02,3.615382e-02,3.013587e-03,8.179399e-02
8.183320e-02,3.060835e-02,1.647191e-02,6.164907e-02,4.202534e-02,3.422061e-02,2.446217e-03,1.063814e-02,4.276085e-01,2.319335e-02,1.067491e-02,2.111088e-02,3.008980e-02,1.249337e-02,1.949363e-01
6.488758e-02,3.054915e-02,1.498179e-02,4.899592e-02,3.631989e-02,2.885323e-02,2.025878e-03,9.168182e-03,3.505357e-01,2.934181e-02,1.081683e-02,1.713523e-02,2.566640e-02,1.413824e-02,3.165842e-01
5.766727e-02,3.369390e-02,1.213745e-02,3.777526e-02,4.084443e-02,3.298967e-02,2.172361e-03,8.003202e-03,4.034487e-01,2.265609e-02,9.723025e-03,1.349754e-02,2.286468e-02,1.248394e-02,2.900425e-01
4.690187e-02,4.408045e-02,9.796202e-03,3.931784e-02,3.646654e-02,3.793637e-02,1.910564e-03,9.775670e-03,4.577439e-01,2.214102e-02,8.343843e-03,1.051562e-02,1.938318e-02,9.401208e-03,2.462858e-01
3.693004e-02,5.652216e-02,7.646987e-03,3.853279e-02,2.805601e-02,4.020157e-02,1.477733e-03,7.467747e-03,4.792866e-01,2.630533e-02,6.637726e-03,7.909782e-03,1.638300e-02,7.115758e-03,2.395267e-01
2.679823e-02,5.932146e-02,6.474188e-03,8.920752e-02,2.013765e-02,2.934601e-02,1.053465e-03,5.529105e-03,5.336149e-01,2.072568e-02,5.441674e-03,5.711485e-03,1.206015e-02,5.128829e-03,1.794497e-01
2.199472e-02,6.679002e-02,6.960438e-03,1.111963e-01,1.531274e-02,2.685587e-02,8.403626e-04,4.865279e-03,5.507578e-01,3.308673e-02,5.593326e-03,4.255099e-03,9.686058e-03,4.303093e-03,1.375022e-01
2.522594e-02,7.800179e-02,7.886052e-03,1.059904e-01,1.528587e-02,2.598737e-02,1.133145e-03,5.725541e-03,5.296868e-01,4.897819e-02,5.627247e-03,3.776528e-03,9.386560e-03,3.852544e-03,1.334560e-01
5.470642e-02,6.646746e-02,1.440763e-02,9.722759e-02,1.885013e-02,2.136463e-02,1.785631e-03,6.279268e-02,4.849508e-01,4.182593e-02,1.146498e-02,5.313135e-03,1.232935e-02,3.203589e-03,1.033101e-01
8.328232e-02,6.481985e-02,1.688343e-02,8.978489e-02,4.165043e-02,2.915754e-02,2.965067e-03,6.649986e-02,4.324958e-01,4.424010e-02,1.031568e-02,4.800061e-03,1.024724e-02,2.817493e-03,1.000403e-01
7.676405e-02,6.472328e-02,6.538288e-02,9.751518e-02,4.002513e-02,3.518053e-02,2.602651e-03,7.616571e-02,3.478295e-01,5.035625e-02,8.698480e-03,3.994152e-03,7.898730e-03,2.421899e-03,1.204416e-01
7.603666e-02,4.945720e-02,5.067960e-02,8.243029e-02,3.676878e-02,5.487388e-02,2.500131e-03,2.399717e-01,2.638092e-01,3.745446e-02,7.923505e-03,3.860966e-03,6.258827e-03,2.098517e-03,8.587631e-02
1.209098e-01,3.904377e-02,3.914085e-02,6.474204e-02,2.867671e-02,7.984541e-02,2.472398e-03,2.830857e-01,1.947348e-01,2.835850e-02,1.830373e-02,1.221999e-02,7.625939e-03,7.304301e-03,7.353607e-02
1.192798e-01,3.913351e-02,3.786870e-02,8.451704e-02,3.088241e-02,6.084234e-02,2.359778e-03,2.727924e-01,1.701002e-01,2.420918e-02,2.631739e-02,2.033551e-02,1.177512e-02,7.064440e-03,9.252222e-02
1.107394e-01,3.510319e-02,3.902958e-02,9.362348e-02,3.252397e-02,4.822381e-02,2.174024e-03,2.680175e-01,1.878800e-01,2.083050e-02,3.118775e-02,2.606302e-02,1.886237e-02,5.908174e-03,7.983324e-02
1.215604e-01,3.288686e-02,3.578478e-02,7.606964e-02,3.208212e-02,1.136105e-01,2.202426e-03,2.407043e-01,1.767988e-01,1.814479e-02,3.703451e-02,2.817763e-02,1.767335e-02,5.808981e-03,6.146108e-02
1.106904e-01,3.145341e-02,3.042840e-02,5.919674e-02,2.717765e-02,2.519855e-01,2.300573e-03,1.748477e-01,1.416344e-01,1.646527e-02,3.396254e-02,3.988204e-02,1.796202e-02,5.953901e-03,5.605948e-02
1.036248e-01,3.151030e-02,2.640555e-02,4.649876e-02,2.375046e-02,3.459571e-01,2.404390e-03,1.271772e-01,1.046095e-01,1.988817e-02,4.361199e-02,3.876787e-02,2.305155e-02,6.424167e-03,5.631827e-02
1.611864e-01,3.440621e-02,2.222991e-02,3.855832e-02,2.587119e-02,2.972780e-01,3.620330e-03,1.028568e-01,8.837438e-02,2.915147e-02,6.848967e-02,4.204427e-02,2.685327e-02,9.399964e-03,4.967989e-02
1.914878e-01,3.324214e-02,1.955787e-02,3.344740e-02,3.285452e-02,3.150970e-01,4.866382e-03,8.128258e-02,7.314951e-02,3.519110e-02,6.207300e-02,4.072608e-02,2.654753e-02,9.753765e-03,4.072339e-02
1.696778e-01,2.520465e-02,1.673882e-02,2.494978e-02,2.458374e-02,3.514931e-01,4.514128e-03,5.797229e-02,5.243155e-02,3.131069e-02,1.188891e-01,6.082265e-02,2.042665e-02,9.537523e-03,3.144762e-02
1.374807e-01,1.871986e-02,1.261659e-02,1.811882e-02,1.796953e-02,3.285390e-01,4.171289e-03,4.102435e-02,3.747462e-02,2.664304e-02,2.372080e-01,7.152861e-02,1.514064e-02,8.672372e-03,2.469263e-02
1.505648e-01,1.567107e-02,1.083824e-02,1.559880e-02,1.439948e-02,2.607201e-01,4.894471e-03,3.035043e-02,2.820522e-02,2.649177e-02,2.923779e-01,1.085120e-01,1.182856e-02,8.565769e-03,2.098139e-02
1.424494e-01,1.376164e-02,8.803117e-03,1.184407e-02,1.321872e-02,1.871099e-01,4.140486e-03,2.208408e-02,2.188042e-02,2.575046e-02,4.213645e-01,9.260914e-02,1.011688e-02,8.017542e-03,1.684958e-02
1.502771e-01,1.322194e-02,8.812788e-03,9.710342e-03,1.495785e-02,1.431169e-01,4.841764e-03,1.659443e-02,1.920987e-02,2.564616e-02,4.769928e-01,8.300315e-02,9.124054e-03,7.135533e-03,1.735529e-02
1.166706e-01,1.220142e-02,1.165306e-02,7.996354e-03,2.015365e-02,1.375587e-01,8.637028e-03,3.195698e-02,2.124174e-02,2.695122e-02,4.545138e-01,1.209961e-01,7.984592e-03,7.489194e-03,1.399546e-02
1.191277e-01,1.222471e-02,2.498318e-02,9.769046e-03,2.196816e-02,1.470398e-01,1.014017e-02,3.601937e-02,1.816013e-02,2.181238e-02,4.274612e-01,1.232042e-01,7.313871e-03,8.202706e-03,1.257342e-02
1.107497e-01,1.124638e-02,2.016392e-02,8.604914e-03,1.893134e-02,1.286850e-01,1.082454e-02,2.686363e-02,1.447106e-02,1.731865e-02,4.937197e-01,1.121825e-01,7.271151e-03,7.561856e-03,1.140575e-02
9.079646e-02,3.837558e-02,2.014630e-02,7.842947e-03,1.620972e-02,1.157655e-01,9.712508e-03,2.137840e-02,1.305564e-02,1.932716e-02,5.104270e-01,1.070325e-01,8.063870e-03,7.045945e-03,1.482053e-02
7.585432e-02,3.225088e-02,1.762855e-02,6.241682e-03,1.581181e-02,1.052625e-01,9.024276e-03,1.934074e-02,1.085900e-02,3.112151e-02,5.480914e-01,1.025732e-01,7.144453e-03,6.343448e-03,1.245222e-02
5.858538e-02,2.338465e-02,1.340537e-02,4.782807e-03,1.325903e-02,1.014658e-01,7.523810e-03,1.432008e-02,8.185451e-03,2.529219e-02,6.237851e-01,8.464051e-02,7.102133e-03,4.978108e-03,9.289536e-03
5.660480e-02,1.955333e-02,1.172332e-02,6.854647e-03,1.858791e-02,8.040264e-02,6.159216e-03,1.404429e-02,7.104679e-03,1.914978e-02,6.680303e-01,7.266407e-02,6.937740e-03,3.631947e-03,8.551290e-03
4.630458e-02,1.420843e-02,9.133691e-03,5.766314e-03,2.528479e-02,6.539740e-02,5.600051e-03,1.384864e-02,5.732473e-03,1.536278e-02,7.205689e-01,5.704108e-02,6.537125e-03,2.729091e-03,6.484681e-03
4.539162e-02,1.295142e-02,8.391190e-03,4.768584e-03,4.185658e-02,4.838290e-02,4.798702e-03,1.536288e-02,5.845514e-03,1.194056e-02,7.253640e-01,5.981988e-02,7.589077e-03,2.182264e-03,5.354863e-03
6.349772e-02,1.673333e-02,1.388238e-02,4.815253e-03,4.296801e-02,5.672725e-02,4.363956e-03,2.584230e-02,5.308283e-03,1.538423e-02,6.595182e-01,6.935664e-02,1.344231e-02,2.436935e-03,5.723222e-03
9.150238e-02,1.513302e-02,1.945234e-02,5.304302e-03,3.836461e-02,1.035443e-01,4.489544e-03,3.498518e-02,4.427065e-03,1.886161e-02,5.775109e-01,6.376939e-02,1.423125e-02,3.087330e-03,5.336744e-03
1.001859e-01,1.514824e-02,2.433133e-02,5.428259e-03,7.039487e-02,1.313516e-01,4.430853e-03,4.429146e-02,4.370904e-03,1.724412e-02,5.047095e-01,5.728297e-02,1.200266e-02,3.003140e-03,5.824081e-03
9.715020e-02,1.190217e-02,3.218214e-02,4.648934e-03,7.818252e-02,2.210413e-01,7.721276e-03,5.310759e-02,3.392037e-03,1.328448e-02,4.135354e-01,4.738163e-02,9.498166e-03,2.719478e-03,4.252692e-03
9.319013e-02,9.819818e-03,4.114662e-02,4.535909e-03,9.717500e-02,2.970073e-01,8.535000e-03,7.052211e-02,4.285478e-03,1.075637e-02,3.070609e-01,4.272993e-02,7.316487e-03,2.413310e-03,3.505666e-03
1.213389e-01,9.346144e-03,4.987283e-02,6.035060e-03,1.183140e-01,3.149099e-01,1.000662e-02,6.578521e-02,6.818371e-03,8.643287e-03,2.380960e-01,3.906719e-02,5.749247e-03,2.246830e-03,3.770413e-03
1.720699e-01,9.424035e-03,3.962746e-02,6.655957e-03,1.258605e-01,2.942771e-01,9.171193e-03,5.302279e-02,6.764289e-03,6.617228e-03,2.234001e-01,4.194382e-02,4.863588e-03,2.183530e-03,4.118545e-03
2.363194e-01,9.662040e-03,2.936939e-02,6.792346e-03,1.049781e-01,2.149217e-01,6.924732e-03,3.974570e-02,6.924592e-03,4.998444e-03,2.805640e-01,4.390964e-02,7.644281e-03,2.677384e-03,4.568188e-03
3.233072e-01,2.533755e-02,2.166113e-02,2.124592e-02,1.032932e-01,1.672349e-01,6.346521e-03,3.195619e-02,6.202230e-03,3.800750e-03,2.350954e-01,3.676042e-02,1.012446e-02,2.161483e-03,5.472698e-03
3.753635e-01,3.176226e-02,1.588810e-02,2.437390e-02,1.185452e-01,1.261565e-01,5.433596e-03,2.379231e-02,1.162607e-02,3.002514e-03,1.868956e-01,5.521198e-02,1.146474e-02,2.049156e-03,8.434638e-03
3.831712e-01,3.559222e-02,1.227118e-02,7.211145e-02,1.391569e-01,1.036115e-01,8.011705e-03,2.162309e-02,1.153752e-02,2.413564e-03,1.400698e-01,4.928328e-02,1.150935e-02,1.728559e-03,7.908653e-03
3.825231e-01,5.043346e-02,1.481311e-02,7.540442e-02,1.422637e-01,8.729264e-02,9.275125e-03,1.731829e-02,1.484370e-02,2.704445e-03,1.076401e-01,6.240863e-02,1.923306e-02,2.997620e-03,1.084863e-02
3.116558e-01,5.362348e-02,1.354798e-02,6.438768e-02,1.389369e-01,2.232507e-01,1.213110e-02,1.329035e-02,1.233583e-02,3.855140e-03,7.737162e-02,4.665545e-02,1.691281e-02,2.374435e-03,9.670677e-03
2.375608e-01,4.044770e-02,1.107028e-02,4.711459e-02,1.142420e-01,3.961923e-01,1.013678e-02,1.623696e-02,9.094936e-03,4.446154e-03,5.486294e-02,3.393067e-02,1.540248e-02,1.931670e-03,7.329770e-03
2.019803e-01,3.240659e-02,8.387616e-03,3.468225e-02,8.721545e-02,5.065045e-01,8.680979e-03,1.675377e-02,7.108665e-03,7.939961e-03,4.074054e-02,2.411671e-02,1.438842e-02,2.067245e-03,7.026964e-03
1.458778e-01,2.305155e-02,5.956980e-03,2.476037e-02,6.170353e-02,6.109368e-01,6.418273e-03,1.236016e-02,7.477924e-03,2.742992e-02,3.172499e-02,1.702146e-02,1.097980e-02,2.508958e-03,1.179143e-02
1.058389e-01,1.713535e-02,4.650584e-03,1.810891e-02,4.348144e-02,5.633101e-01,4.754870e-03,9.134421e-03,2.043396e-02,1.095398e-01,3.878257e-02,1.272579e-02,8.328862e-03,6.336313e-03,3.743808e-02
7.502908e-02,1.393344e-02,3.746731e-03,1.298082e-02,3.083793e-02,4.485756e-01,3.454900e-03,6.675384e-03,2.382628e-02,1.182884e-01,1.915907e-01,1.261362e-02,7.002124e-03,2.431070e-02,2.713430e-02
5.272747e-02,1.175006e-02,2.696145e-03,9.127080e-03,2.175485e-02,3.418478e-01,2.516093e-03,4.788306e-03,1.988122e-02,8.936256e-02,2.958810e-01,1.383124e-02,9.539193e-03,1.029950e-01,2.130190e-02
3.727693e-02,8.969389e-03,1.927463e-03,6.427672e-03,1.529194e-02,2.433455e-01,1.777677e-03,3.455394e-03,2.253572e-02,6.740218e-02,3.208928e-01,1.361832e-02,9.561294e-03,2.300486e-01,1.746908e-02
2.680168e-02,7.348308e-03,1.380364e-03,4.532885e-03,1.078891e-02,1.722105e-01,1.259223e-03,2.536675e-03,2.744346e-02,5.322793e-02,3.470593e-01,1.177648e-02,8.489072e-03,3.102285e-01,1.491672e-02
1.915761e-02,9.545237e-03,1.414439e-03,3.993016e-03,8.262353e-03,1.225361e-01,1.010948e-03,2.180656e-03,8.138916e-02,4.094486e-02,3.517422e-01,9.309225e-03,4.889274e-02,2.869832e-01,1.263832e-02
1.435304e-02,2.828885e-02,5.106298e-03,3.289731e-03,1.236283e-02,8.843556e-02,9.905125e-04,2.249988e-03,8.192974e-02,3.196971e-02,3.719358e-01,7.545938e-03,4.207147e-02,2.956990e-01,1.377150e-02
1.038141e-02,2.751992e-02,4.635254e-03,2.381921e-03,1.183913e-02,6.362817e-02,7.920846e-04,1.940820e-03,1.071361e-01,2.577460e-02,3.486621e-01,6.335376e-03,3.106127e-02,3.407111e-01,1.720079e-02
7.916722e-03,2.831009e-02,5.349646e-03,1.717225e-03,1.388159e-02,4.548974e-02,5.994473e-04,1.612502e-03,1.432761e-01,2.061175e-02,3.179595e-01,5.706931e-03,2.259957e-02,3.708751e-01,1.409413e-02
5.732389e-03,3.167429e-02,4.690832e-03,1.272201e-03,1.648913e-02,3.336164e-02,4.694868e-04,1.312974e-03,2.139691e-01,1.588433e-02,2.709121e-01,5.054997e-03,1.646129e-02,3.697252e-01,1.299016e-02
4.043543e-03,2.299972e-02,3.524594e-03,9.182543e-04,1.210438e-02,2.372970e-02,3.361296e-04,9.699750e-04,3.790019e-01,1.190321e-02,1.964137e-01,3.631789e-03,1.181469e-02,3.179809e-01,1.062761e-02
2.859794e-03,1.628288e-02,2.639275e-03,6.906665e-04,8.665956e-03,1.706207e-02,2.366392e-04,8.881215e-04,5.391156e-01,8.724703e-03,1.395339e-01,2.584670e-03,8.418234e-03,2.446595e-01,7.638022e-03
2.324738e-03,1.158161e-02,4.515549e-03,1.413421e-03,9.675712e-03,2.310465e-02,2.010706e-04,4.045272e-03,6.442820e-01,6.711820e-03,9.913486e-02,1.859683e-03,6.202207e-03,1.792891e-01,5.658219e-03
4.161887e-03,8.839112e-03,1.031094e-01,3.037227e-02,3.905804e-02,3.455067e-02,5.607393e-04,2.095465e-02,5.379890e-01,5.812104e-03,7.154713e-02,1.458138e-03,4.842218e-03,1.322573e-01,4.487292e-03
6.116961e-03,8.024978e-03,1.814244e-01,3.675833e-02,6.188466e-02,4.730029e-02,4.626492e-04,1.915877e-02,4.751025e-01,5.117665e-03,5.124744e-02,1.182707e-03,3.734800e-03,9.849593e-02,3.987842e-03
1.046147e-02,1.574065e-02,2.705349e-01,4.879688e-02,7.877657e-02,4.072889e-02,3.744583e-04,2.333653e-02,3.831159e-01,5.837951e-03,3.924198e-02,1.699903e-03,3.653868e-03,7.402852e-02,3.671423e-03
1.733800e-02,2.688826e-02,2.476138e-01,1.052828e-01,6.845560e-02,4.631261e-02,3.121781e-04,2.460280e-02,3.194052e-01,1.082435e-02,5.521676e-02,5.011917e-03,7.407771e-03,5.605716e-02,9.270795e-03
1.409807e-02,2.255664e-02,2.066142e-01,1.780631e-01,6.499195e-02,4.189146e-02,2.534475e-04,3.338905e-02,2.404640e-01,1.239242e-02,7.817977e-02,3.033027e-02,1.982413e-02,4.370442e-02,1.324701e-02
1.142599e-02,2.458182e-02,1.775120e-01,2.107958e-01,5.470828e-02,3.237681e-02,2.141995e-04,4.530419e-02,1.967076e-01,1.292944e-02,1.028521e-01,5.035899e-02,3.040714e-02,3.546831e-02,1.435723e-02
1.028200e-02,2.731902e-02,1.434302e-01,2.184561e-01,4.715452e-02,2.543140e-02,1.849391e-04,5.749188e-02,2.103327e-01,1.673866e-02,1.161375e-01,5.224174e-02,3.333683e-02,2.899858e-02,1.246393e-02
3.044252e-02,3.252883e-02,1.313487e-01,1.689246e-01,6.062220e-02,2.778363e-02,6.334214e-04,4.828242e-02,2.623676e-01,2.628150e-02,9.996584e-02,3.945010e-02,2.483146e-02,3.264511e-02,1.389208e-02
4.163148e-02,2.532553e-02,1.305989e-01,2.273473e-01,6.553255e-02,3.008924e-02,1.986019e-03,4.735195e-02,2.573004e-01,1.938793e-02,7.364208e-02,2.816721e-02,1.771249e-02,2.336900e-02,1.055783e-02
7.517993e-02,2.219345e-02,1.833491e-01,2.136128e-01,6.998699e-02,3.119094e-02,3.604036e-03,4.049014e-02,2.270291e-01,1.516741e-02,5.622613e-02,2.006551e-02,1.272579e-02,1.958689e-02,9.591812e-03
1.305355e-01,2.597360e-02,2.044196e-01,1.540309e-01,7.044594e-02,3.265541e-02,2.957827e-03,2.871863e-02,1.732041e-01,1.534904e-02,4.142939e-02,1.413626e-02,9.215969e-03,1.525167e-02,8.167609e-02
1.380526e-01,3.191958e-02,1.758768e-01,1.668732e-01,9.075134e-02,4.453316e-02,4.837522e-03,2.475715e-02,1.488887e-01,1.294154e-02,3.215514e-02,1.044899e-02,7.560994e-03,1.167623e-02,9.872702e-02
1.336029e-01,3.799854e-02,1.326067e-01,2.348490e-01,8.747850e-02,6.968564e-02,5.426211e-03,2.282283e-02,1.201571e-01,1.052464e-02,3.267679e-02,1.319493e-02,6.436600e-03,1.010571e-02,8.243386e-02
1.474459e-01,5.258957e-02,1.057771e-01,1.859295e-01,1.136921e-01,8.758612e-02,1.338086e-02,3.202340e-02,1.168632e-01,1.634946e-02,2.714318e-02,9.963647e-03,5.566420e-03,8.700953e-03,7.698858e-02
1.487729e-01,6.674747e-02,9.202617e-02,1.615062e-01,1.070843e-01,7.394072e-02,1.026975e-02,2.683507e-02,9.386221e-02,4.983889e-02,2.604362e-02,1.004245e-02,6.216895e-03,7.181103e-03,1.196322e-01
1.241250e-01,5.979032e-02,7.470804e-02,1.327400e-01,7.872796e-02,5.612008e-02,7.551292e-03,2.133413e-02,9.479491e-02,5.888909e-02,9.403389e-02,2.926373e-02,9.344062e-03,7.505212e-03,1.510723e-01
1.252013e-01,5.688027e-02,5.673387e-02,1.364195e-01,6.570499e-02,4.834716e-02,5.802333e-03,1.780069e-02,7.953721e-02,5.119024e-02,1.596064e-01,6.255420e-02,8.680707e-03,7.621830e-03,1.179193e-01
1.362329e-01,4.727511e-02,4.708802e-02,1.030556e-01,4.828028e-02,3.937392e-02,4.555129e-03,1.344413e-02,6.197467e-02,3.882483e-02,2.544990e-01,9.642369e-02,8.908169e-03,1.394202e-02,8.612259e-02
2.345019e-01,3.952746e-02,3.730550e-02,7.901081e-02,4.272855e-02,3.532690e-02,3.861534e-03,1.149963e-02,4.954780e-02,3.136260e-02,2.427567e-01,9.318765e-02,1.236884e-02,2.252087e-02,6.449323e-02
2.719246e-01,3.754105e-02,3.270209e-02,6.606351e-02,3.604729e-02,4.397059e-02,3.645987e-03,1.283186e-02,4.247820e-02,3.306722e-02,2.459943e-01,8.072168e-02,1.662131e-02,2.473220e-02,5.165811e-02
3.160375e-01,3.135930e-02,3.126284e-02,5.186798e-02,3.001538e-02,5.986041e-02,3.344754e-03,1.666320e-02,3.260404e-02,2.422521e-02,2.375697e-01,8.831044e-02,1.550667e-02,2.310449e-02,3.826808e-02
3.371337e-01,2.680066e-02,2.829214e-02,4.254215e-02,2.466029e-02,7.369956e-02,3.030241e-03,1.394158e-02,2.534950e-02,1.776091e-02,2.464894e-01,9.645226e-02,1.300078e-02,2.130187e-02,2.954488e-02
4.438605e-01,2.273433e-02,2.439441e-02,3.875013e-02,1.998039e-02,7.141370e-02,3.389545e-03,1.453741e-02,1.963195e-02,1.339206e-02,1.926054e-01,8.016651e-02,1.261408e-02,1.688652e-02,2.564310e-02
1.000000e+00,0.000000e+00,0.000000e+00,0.000000e+00,0.000000e+00,0.000000e+00,0.000000e+00,0.000000e+00,0.000000e+00,0.000000e+00,0.000000e+00,0.000000e+00,0.000000e+00,0.000000e+00,0.000000e+00
4.764772e-01,1.766198e-02,3.684185e-02,3.448211e-02,1.462231e-02,6.853793e-02,4.074764e-03,1.479504e-02,1.225503e-02,8.266427e-03,2.127554e-01,5.910328e-02,9.989823e-03,1.248074e-02,1.765611e-02
4.105643e-01,1.512734e-02,3.119265e-02,2.612741e-02,1.255467e-02,7.275158e-02,3.307018e-03,1.150411e-02,9.845041e-03,7.183331e-03,3.093731e-01,5.483511e-02,8.216593e-03,1.335584e-02,1.406191e-02
4.445833e-01,1.480027e-02,2.616725e-02,2.312200e-02,1.092931e-02,7.070002e-02,2.602357e-03,9.486669e-03,8.129580e-03,5.724429e-03,3.049961e-01,4.733674e-02,7.110812e-03,1.194782e-02,1.236337e-02
1.000000e+00,0.000000e+00,0.000000e+00,0.000000e+00,0.000000e+00,0.000000e+00,0.000000e+00,0.000000e+00,0.000000e+00,0.000000e+00,0.000000e+00,0.000000e+00,0.000000e+00,0.000000e+00,0.000000e+00
4.918932e-01,1.923689e-02,2.931249e-02,1.918332e-02,1.200819e-02,5.009819e-02,2.218897e-03,9.573639e-03,8.242902e-03,4.875300e-03,2.709846e-01,5.029081e-02,5.979850e-03,1.588158e-02,1.022011e-02
4.791398e-01,2.146879e-02,2.646380e-02,2.177583e-02,1.351809e-02,4.397086e-02,2.582720e-03,1.095321e-02,8.149932e-03,4.446376e-03,2.846341e-01,5.114358e-02,5.695942e-03,1.621188e-02,9.845016e-03
4.521624e-01,2.297060e-02,3.140322e-02,2.982322e-02,1.754628e-02,3.763719e-02,3.627893e-03,1.839277e-02,1.006462e-02,4.446250e-03,2.704319e-01,6.608237e-02,6.423910e-03,1.932920e-02,9.658162e-03
3.810721e-01,2.353257e-02,7.564832e-02,4.217722e-02,3.140017e-02,6.425478e-02,3.879001e-03,2.620249e-02,1.028347e-02,4.175853e-03,2.312844e-01,6.963620e-02,5.564613e-03,2.282536e-02,8.063447e-03
3.532188e-01,1.754113e-02,1.508216e-01,4.443734e-02,3.433358e-02,5.647722e-02,4.024392e-03,3.236711e-02,9.885153e-03,4.114822e-03,1.968153e-01,6.583560e-02,4.589488e-03,1.906200e-02,6.476494e-03
3.437874e-01,1.637136e-02,1.401728e-01,3.740714e-02,3.404637e-02,5.794253e-02,3.713423e-03,2.919578e-02,8.970356e-03,5.547527e-03,2.230108e-01,5.409996e-02,4.485687e-03,3.166742e-02,9.581352e-03
2.912578e-01,1.584475e-02,1.278334e-01,3.726949e-02,4.542600e-02,9.456371e-02,3.288153e-03,2.560282e-02,9.055585e-03,7.364440e-03,2.340457e-01,4.473028e-02,4.415252e-03,4.818137e-02,1.112124e-02
2.342324e-01,1.546012e-02,1.347842e-01,5.770754e-02,5.914303e-02,1.368189e-01,2.792997e-03,2.243814e-02,1.242764e-02,1.221597e-02,2.069049e-01,3.814103e-02,3.966474e-03,5.082257e-02,1.214406e-02
1.931002e-01,1.266560e-02,1.254247e-01,9.380570e-02,6.461236e-02,1.828302e-01,2.187155e-03,2.069581e-02,1.219989e-02,1.158649e-02,1.836235e-01,3.284931e-02,3.293615e-03,5.131213e-02,9.813371e-03
1.985717e-01,1.359482e-02,1.114862e-01,8.421014e-02,6.163977e-02,1.701287e-01,2.330802e-03,2.920649e-02,1.295977e-02,1.394040e-02,2.006430e-01,4.408883e-02,4.041564e-03,4.358337e-02,9.574385e-03
2.247950e-01,1.449831e-02,9.609503e-02,7.528696e-02,6.023439e-02,1.328694e-01,3.423142e-03,3.210590e-02,1.869523e-02,1.762419e-02,2.215798e-01,4.840501e-02,4.156583e-03,4.105915e-02,9.171849e-03
2.377031e-01,1.619824e-02,9.205975e-02,7.498150e-02,5.671730e-02,1.017274e-01,4.038439e-03,4.215341e-02,2.615691e-02,1.838343e-02,2.303706e-01,4.847189e-02,4.278601e-03,3.788683e-02,8.872556e-03
2.453502e-01,1.723588e-02,9.513657e-02,6.502637e-02,4.327075e-02,7.600325e-02,6.011663e-03,6.498622e-02,2.209917e-02,1.514075e-02,2.507213e-01,4.654699e-02,4.034448e-03,3.944223e-02,8.994156e-03
2.361513e-01,1.888529e-02,7.478566e-02,5.302694e-02,3.386481e-02,5.527477e-02,4.971037e-03,5.883214e-02,2.672780e-02,1.263430e-02,2.948858e-01,5.086940e-02,3.533624e-03,6.630554e-02,9.251512e-03
2.226745e-01,2.109450e-02,5.486924e-02,5.048526e-02,3.737792e-02,4.153786e-02,4.654652e-03,5.715678e-02,2.847651e-02,1.113085e-02,3.391442e-01,5.039978e-02,3.255124e-03,6.949975e-02,8.242980e-03
1.766549e-01,2.070441e-02,3.991531e-02,4.014608e-02,6.085063e-02,3.332996e-02,3.754926e-03,7.764006e-02,1.174623e-01,9.118282e-03,3.101930e-01,4.215321e-02,2.545253e-03,5.938584e-02,6.145780e-03
1.553221e-01,2.115289e-02,3.507318e-02,4.048124e-02,1.054447e-01,2.673402e-02,3.485557e-03,1.136050e-01,1.255764e-01,7.309927e-03,2.728787e-01,3.836364e-02,2.401637e-03,4.723101e-02,4.940087e-03
1.372642e-01,2.042757e-02,4.143179e-02,4.565221e-02,1.386854e-01,2.389499e-02,4.106967e-03,1.492561e-01,1.288393e-01,5.536957e-03,2.273581e-01,3.595759e-02,2.052278e-03,3.555883e-02,3.977836e-03
1.243148e-01,1.923623e-02,4.187765e-02,6.036273e-02,1.429362e-01,1.959717e-02,4.480791e-03,2.044636e-01,1.278038e-01,4.473138e-03,1.817730e-01,3.642401e-02,2.280403e-03,2.637551e-02,3.600987e-03
1.114747e-01,1.939087e-02,3.287928e-02,5.238907e-02,1.455643e-01,1.685895e-02,3.578181e-03,2.688072e-01,1.388509e-01,3.648668e-03,1.509430e-01,3.131278e-02,2.063467e-03,1.908409e-02,3.154621e-03
1.003528e-01,2.512066e-02,2.465193e-02,4.171161e-02,1.773041e-01,2.523708e-02,3.122665e-03,2.515304e-01,1.834257e-01,3.720871e-03,1.190227e-01,2.467426e-02,1.932225e-03,1.472798e-02,3.465117e-03
1.013120e-01,3.625347e-02,1.836427e-02,3.341362e-02,1.779805e-01,2.543152e-02,2.612756e-03,2.359264e-01,2.318684e-01,4.003364e-03,9.509198e-02,2.034506e-02,1.842986e-03,1.177260e-02,3.781122e-03
1.172867e-01,4.598526e-02,1.396096e-02,3.086215e-02,1.461072e-01,2.451886e-02,2.270456e-03,2.133693e-01,2.784306e-01,7.001931e-03,8.182319e-02,1.802415e-02,2.021443e-03,1.257008e-02,5.767792e-03
1.027618e-01,4.788284e-02,1.055544e-02,2.319747e-02,1.192407e-01,2.119806e-02,1.891139e-03,2.191809e-01,3.515072e-01,8.240400e-03,6.068643e-02,1.425211e-02,1.672320e-03,1.248999e-02,5.243382e-03
1.101922e-01,4.652760e-02,7.950291e-03,1.675992e-02,9.002892e-02,1.668616e-02,1.658439e-03,2.319038e-01,3.930298e-01,9.136735e-03,4.499281e-02,1.246936e-02,1.501126e-03,1.152137e-02,5.641504e-03
1.338391e-01,4.243807e-02,6.714032e-03,1.254797e-02,7.351678e-02,1.376315e-02,1.799413e-03,2.440702e-01,4.010473e-01,8.535853e-03,3.341715e-02,1.065026e-02,1.383173e-03,1.146937e-02,4.808189e-03
1.754553e-01,3.531983e-02,5.785798e-03,9.364851e-03,5.791580e-02,1.066550e-02,2.122973e-03,2.885039e-01,3.511291e-01,8.833844e-03,2.552998e-02,1.022416e-02,1.568845e-03,1.309085e-02,4.489290e-03
2.186877e-01,3.202506e-02,6.115484e-03,7.923452e-03,4.452548e-02,8.440542e-03,2.432135e-03,3.529263e-01,2.688996e-01,9.416063e-03,1.920252e-02,8.574523e-03,1.666189e-03,1.476902e-02,4.395915e-03
2.431609e-01,3.125913e-02,5.837563e-03,6.706328e-03,3.545407e-02,6.748150e-03,2.697111e-03,3.875192e-01,2.323359e-01,8.497967e-03,1.450328e-02,7.309584e-03,1.520347e-03,1.239712e-02,4.053308e-03
3.432720e-01,2.437202e-02,6.958944e-03,6.387554e-03,2.693179e-02,7.429084e-03,3.500140e-03,3.646357e-01,1.705305e-01,9.099929e-03,1.159533e-02,7.408124e-03,1.758027e-03,1.042360e-02,5.697127e-03
4.379351e-01,1.869180e-02,7.582258e-03,7.061547e-03,2.233143e-02,6.977817e-03,3.372827e-03,3.332582e-01,1.212310e-01,7.777073e-03,9.196826e-03,7.327927e-03,2.053108e-03,8.415136e-03,6.787882e-03
1.000000e+00,0.000000e+00,0.000000e+00,0.000000e+00,0.000000e+00,0.000000e+00,0.000000e+00,0.000000e+00,0.000000e+00,0.000000e+00,0.000000e+00,0.000000e+00,0.000000e+00,0.000000e+00,0.000000e+00
1.000000e+00,0.000000e+00,0.000000e+00,0.000000e+00,0.000000e+00,0.000000e+00,0.000000e+00,0.000000e+00,0.000000e+00,0.000000e+00,0.000000e+00,0.000000e+00,0.000000e+00,0.000000e+00,0.000000e+00
1.000000e+00,0.000000e+00,0.000000e+00,0.000000e+00,0.000000e+00,0.000000e+00,0.000000e+00,0.000000e+00,0.000000e+00,0.000000e+00,0.000000e+00,0.000000e+00,0.000000e+00,0.000000e+00,0.000000e+00
