1.000000e+00,0.000000e+00,0.000000e+00,0.000000e+00,0.000000e+00,0.000000e+00,0.000000e+00,0.000000e+00,0.000000e+00,0.000000e+00,0.000000e+00,0.000000e+00,0.000000e+00,0.000000e+00,0.000000e+00
1.000000e+00,0.000000e+00,0.000000e+00,0.000000e+00,0.000000e+00,0.000000e+00,0.000000e+00,0.000000e+00,0.000000e+00,0.000000e+00,0.000000e+00,0.000000e+00,0.000000e+00,0.000000e+00,0.000000e+00
1.000000e+00,0.000000e+00,0.000000e+00,0.000000e+00,0.000000e+00,0.000000e+00,0.000000e+00,0.000000e+00,0.000000e+00,0.000000e+00,0.000000e+00,0.000000e+00,0.000000e+00,0.000000e+00,0.000000e+00
1.000000e+00,0.000000e+00,0.000000e+00,0.000000e+00,0.000000e+00,0.000000e+00,0.000000e+00,0.000000e+00,0.000000e+00,0.000000e+00,0.000000e+00,0.000000e+00,0.000000e+00,0.000000e+00,0.000000e+00
1.000000e+00,0.000000e+00,0.000000e+00,0.000000e+00,0.000000e+00,0.000000e+00,0.000000e+00,0.000000e+00,0.000000e+00,0.000000e+00,0.000000e+00,0.000000e+00,0.000000e+00,0.000000e+00,0.000000e+00
1.000000e+00,0.000000e+00,0.000000e+00,0.000000e+00,0.000000e+00,0.000000e+00,0.000000e+00,0.000000e+00,0.000000e+00,0.000000e+00,0.000000e+00,0.000000e+00,0.000000e+00,0.000000e+00,0.000000e+00
1.000000e+00,0.000000e+00,0.000000e+00,0.000000e+00,0.000000e+00,0.000000e+00,0.000000e+00,0.000000e+00,0.000000e+00,0.000000e+00,0.000000e+00,0.000000e+00,0.000000e+00,0.000000e+00,0.000000e+00
1.000000e+00,0.000000e+00,0.000000e+00,0.000000e+00,0.000000e+00,0.000000e+00,0.000000e+00,0.000000e+00,0.000000e+00,0.000000e+00,0.000000e+00,0.000000e+00,0.000000e+00,0.000000e+00,0.000000e+00
1.000000e+00,0.000000e+00,0.000000e+00,0.000000e+00,0.000000e+00,0.000000e+00,0.000000e+00,0.000000e+00,0.000000e+00,0.000000e+00,0.000000e+00,0.000000e+00,0.000000e+00,0.000000e+00,0.000000e+00
1.000000e+00,0.000000e+00,0.000000e+00,0.000000e+00,0.000000e+00,0.000000e+00,0.000000e+00,0.000000e+00,0.000000e+00,0.000000e+00,0.000000e+00,0.000000e+00,0.000000e+00,0.000000e+00,0.000000e+00
1.000000e+00,0.000000e+00,0.000000e+00,0.000000e+00,0.000000e+00,0.000000e+00,0.000000e+00,0.000000e+00,0.000000e+00,0.000000e+00,0.000000e+00,0.000000e+00,0.000000e+00,0.000000e+00,0.000000e+00
1.000000e+00,0.000000e+00,0.000000e+00,0.000000e+00,0.000000e+00,0.000000e+00,0.000000e+00,0.000000e+00,0.000000e+00,0.000000e+00,0.000000e+00,0.000000e+00,0.000000e+00,0.000000e+00,0.000000e+00
1.000000e+00,0.000000e+00,0.000000e+00,0.000000e+00,0.000000e+00,0.000000e+00,0.000000e+00,0.000000e+00,0.000000e+00,0.000000e+00,0.000000e+00,0.000000e+00,0.000000e+00,0.000000e+00,0.000000e+00
1.000000e+00,0.000000e+00,0.000000e+00,0.000000e+00,0.000000e+00,0.000000e+00,0.000000e+00,0.000000e+00,0.000000e+00,0.000000e+00,0.000000e+00,0.000000e+00,0.000000e+00,0.000000e+00,0.000000e+00
1.000000e+00,0.000000e+00,0.000000e+00,0.000000e+00,0.000000e+00,0.000000e+00,0.000000e+00,0.000000e+00,0.000000e+00,0.000000e+00,0.000000e+00,0.000000e+00,0.000000e+00,0.000000e+00,0.000000e+00
1.000000e+00,0.000000e+00,0.000000e+00,0.000000e+00,0.000000e+00,0.000000e+00,0.000000e+00,0.000000e+00,0.000000e+00,0.000000e+00,0.000000e+00,0.000000e+00,0.000000e+00,0.000000e+00,0.000000e+00
1.000000e+00,0.000000e+00,0.000000e+00,0.000000e+00,0.000000e+00,0.000000e+00,0.000000e+00,0.000000e+00,0.000000e+00,0.000000e+00,0.000000e+00,0.000000e+00,0.000000e+00,0.000000e+00,0.000000e+00
1.000000e+00,0.000000e+00,0.000000e+00,0.000000e+00,0.000000e+00,0.000000e+00,0.000000e+00,0.000000e+00,0.000000e+00,0.000000e+00,0.000000e+00,0.000000e+00,0.000000e+00,0.000000e+00,0.000000e+00
1.000000e+00,0.000000e+00,0.000000e+00,0.000000e+00,0.000000e+00,0.000000e+00,0.000000e+00,0.000000e+00,0.000000e+00,0.000000e+00,0.000000e+00,0.000000e+00,0.000000e+00,0.000000e+00,0.000000e+00
1.000000e+00,0.000000e+00,0.000000e+00,0.000000e+00,0.000000e+00,0.000000e+00,0.000000e+00,0.000000e+00,0.000000e+00,0.000000e+00,0.000000e+00,0.000000e+00,0.000000e+00,0.000000e+00,0.000000e+00
1.000000e+00,0.000000e+00,0.000000e+00,0.000000e+00,0.000000e+00,0.000000e+00,0.000000e+00,0.000000e+00,0.000000e+00,0.000000e+00,0.000000e+00,0.000000e+00,0.000000e+00,0.000000e+00,0.000000e+00
1.000000e+00,0.000000e+00,0.000000e+00,0.000000e+00,0.000000e+00,0.000000e+00,0.000000e+00,0.000000e+00,0.000000e+00,0.000000e+00,0.000000e+00,0.000000e+00,0.000000e+00,0.000000e+00,0.000000e+00
1.000000e+00,0.000000e+00,0.000000e+00,0.000000e+00,0.000000e+00,0.000000e+00,0.000000e+00,0.000000e+00,0.000000e+00,0.000000e+00,0.000000e+00,0.000000e+00,0.000000e+00,0.000000e+00,0.000000e+00
1.000000e+00,0.000000e+00,0.000000e+00,0.000000e+00,0.000000e+00,0.000000e+00,0.000000e+00,0.000000e+00,0.000000e+00,0.000000e+00,0.000000e+00,0.000000e+00,0.000000e+00,0.000000e+00,0.000000e+00
1.000000e+00,0.000000e+00,0.000000e+00,0.000000e+00,0.000000e+00,0.000000e+00,0.000000e+00,0.000000e+00,0.000000e+00,0.000000e+00,0.000000e+00,0.000000e+00,0.000000e+00,0.000000e+00,0.000000e+00
1.000000e+00,0.000000e+00,0.000000e+00,0.000000e+00,0.000000e+00,0.000000e+00,0.000000e+00,0.000000e+00,0.000000e+00,0.000000e+00,0.000000e+00,0.000000e+00,0.000000e+00,0.000000e+00,0.000000e+00
1.000000e+00,0.000000e+00,0.000000e+00,0.000000e+00,0.000000e+00,0.000000e+00,0.000000e+00,0.000000e+00,0.000000e+00,0.000000e+00,0.000000e+00,0.000000e+00,0.000000e+00,0.000000e+00,0.000000e+00
1.000000e+00,0.000000e+00,0.000000e+00,0.000000e+00,0.000000e+00,0.000000e+00,0.000000e+00,0.000000e+00,0.000000e+00,0.000000e+00,0.000000e+00,0.000000e+00,0.000000e+00,0.000000e+00,0.000000e+00
1.000000e+00,0.000000e+00,0.000000e+00,0.000000e+00,0.000000e+00,0.000000e+00,0.000000e+00,0.000000e+00,0.000000e+00,0.000000e+00,0.000000e+00,0.000000e+00,0.000000e+00,0.000000e+00,0.000000e+00
1.000000e+00,0.000000e+00,0.000000e+00,0.000000e+00,0.000000e+00,0.000000e+00,0.000000e+00,0.000000e+00,0.000000e+00,0.000000e+00,0.000000e+00,0.000000e+00,0.000000e+00,0.000000e+00,0.000000e+00
1.000000e+00,0.000000e+00,0.000000e+00,0.000000e+00,0.000000e+00,0.000000e+00,0.000000e+00,0.000000e+00,0.000000e+00,0.000000e+00,0.000000e+00,0.000000e+00,0.000000e+00,0.000000e+00,0.000000e+00
1.000000e+00,0.000000e+00,0.000000e+00,0.000000e+00,0.000000e+00,0.000000e+00,0.000000e+00,0.000000e+00,0.000000e+00,0.000000e+00,0.000000e+00,0.000000e+00,0.000000e+00,0.000000e+00,0.000000e+00
1.000000e+00,0.000000e+00,0.000000e+00,0.000000e+00,0.000000e+00,0.000000e+00,0.000000e+00,0.000000e+00,0.000000e+00,0.000000e+00,0.000000e+00,0.000000e+00,0.000000e+00,0.000000e+00,0.000000e+00
1.000000e+00,0.000000e+00,0.000000e+00,0.000000e+00,0.000000e+00,0.000000e+00,0.000000e+00,0.000000e+00,0.000000e+00,0.000000e+00,0.000000e+00,0.000000e+00,0.000000e+00,0.000000e+00,0.000000e+00
1.000000e+00,0.000000e+00,0.000000e+00,0.000000e+00,0.000000e+00,0.000000e+00,0.000000e+00,0.000000e+00,0.000000e+00,0.000000e+00,0.000000e+00,0.000000e+00,0.000000e+00,0.000000e+00,0.000000e+00
1.000000e+00,0.000000e+00,0.000000e+00,0.000000e+00,0.000000e+00,0.000000e+00,0.000000e+00,0.000000e+00,0.000000e+00,0.000000e+00,0.000000e+00,0.000000e+00,0.000000e+00,0.000000e+00,0.000000e+00
1.000000e+00,0.000000e+00,0.000000e+00,0.000000e+00,0.000000e+00,0.000000e+00,0.000000e+00,0.000000e+00,0.000000e+00,0.000000e+00,0.000000e+00,0.000000e+00,0.000000e+00,0.000000e+00,0.000000e+00
1.000000e+00,0.000000e+00,0.000000e+00,0.000000e+00,0.000000e+00,0.000000e+00,0.000000e+00,0.000000e+00,0.000000e+00,0.000000e+00,0.000000e+00,0.000000e+00,0.000000e+00,0.000000e+00,0.000000e+00
1.000000e+00,0.000000e+00,0.000000e+00,0.000000e+00,0.000000e+00,0.000000e+00,0.000000e+00,0.000000e+00,0.000000e+00,0.000000e+00,0.000000e+00,0.000000e+00,0.000000e+00,0.000000e+00,0.000000e+00
1.000000e+00,0.000000e+00,0.000000e+00,0.000000e+00,0.000000e+00,0.000000e+00,0.000000e+00,0.000000e+00,0.000000e+00,0.000000e+00,0.000000e+00,0.000000e+00,0.000000e+00,0.000000e+00,0.000000e+00
1.000000e+00,0.000000e+00,0.000000e+00,0.000000e+00,0.000000e+00,0.000000e+00,0.000000e+00,0.000000e+00,0.000000e+00,0.000000e+00,0.000000e+00,0.000000e+00,0.000000e+00,0.000000e+00,0.000000e+00
1.000000e+00,0.000000e+00,0.000000e+00,0.000000e+00,0.000000e+00,0.000000e+00,0.000000e+00,0.000000e+00,0.000000e+00,0.000000e+00,0.000000e+00,0.000000e+00,0.000000e+00,0.000000e+00,0.000000e+00
1.000000e+00,0.000000e+00,0.000000e+00,0.000000e+00,0.000000e+00,0.000000e+00,0.000000e+00,0.000000e+00,0.000000e+00,0.000000e+00,0.000000e+00,0.000000e+00,0.000000e+00,0.000000e+00,0.000000e+00
1.000000e+00,0.000000e+00,0.000000e+00,0.000000e+00,0.000000e+00,0.000000e+00,0.000000e+00,0.000000e+00,0.000000e+00,0.000000e+00,0.000000e+00,0.000000e+00,0.000000e+00,0.000000e+00,0.000000e+00
1.000000e+00,0.000000e+00,0.000000e+00,0.000000e+00,0.000000e+00,0.000000e+00,0.000000e+00,0.000000e+00,0.000000e+00,0.000000e+00,0.000000e+00,0.000000e+00,0.000000e+00,0.000000e+00,0.000000e+00
4.966276e-01,3.505486e-02,4.843377e-02,9.572930e-02,6.517886e-03,2.623230e-02,3.640109e-03,1.806789e-02,4.379396e-02,5.866193e-03,4.880426e-02,1.515902e-02,9.571746e-03,3.705939e-02,1.094418e-01
4.600788e-01,3.934368e-02,4.719895e-02,1.002228e-01,7.174072e-03,2.472379e-02,3.623273e-03,1.624527e-02,5.534077e-02,6.688248e-03,5.093589e-02,1.548876e-02,1.008192e-02,4.061426e-02,1.222395e-01
4.235223e-01,4.057873e-02,4.140907e-02,9.488746e-02,7.723203e-03,2.450353e-02,3.692388e-03,1.452522e-02,6.201284e-02,7.988866e-03,5.505551e-02,1.676233e-02,1.155753e-02,5.411376e-02,1.416673e-01
4.102418e-01,4.123899e-02,3.479081e-02,8.846210e-02,7.839733e-03,2.503689e-02,3.507816e-03,1.292175e-02,6.212187e-02,8.743658e-03,5.504159e-02,1.730337e-02,1.222930e-02,6.053649e-02,1.599838e-01
4.163016e-01,4.472294e-02,2.933705e-02,8.144727e-02,8.055124e-03,2.420339e-02,3.552292e-03,1.225068e-02,5.841738e-02,8.258718e-03,5.243476e-02,1.697319e-02,1.286524e-02,6.771677e-02,1.634635e-01
3.532475e-01,5.197562e-02,3.815761e-02,8.172789e-02,8.963166e-03,2.517745e-02,4.028853e-03,1.479113e-02,6.337301e-02,8.488913e-03,5.404539e-02,1.770614e-02,1.371525e-02,7.844724e-02,1.861548e-01
3.592272e-01,5.384370e-02,3.565377e-02,7.732688e-02,8.945800e-03,2.396367e-02,4.080419e-03,1.369355e-02,6.160850e-02,8.762561e-03,5.141548e-02,1.864752e-02,1.457909e-02,7.979512e-02,1.884567e-01
3.784772e-01,4.966493e-02,3.105801e-02,7.050656e-02,8.410384e-03,2.203479e-02,3.918575e-03,1.458984e-02,5.547515e-02,9.152288e-03,4.750409e-02,2.040843e-02,1.688203e-02,8.663519e-02,1.852825e-01
3.892997e-01,4.753119e-02,2.662506e-02,6.492674e-02,8.209978e-03,2.292158e-02,3.937212e-03,1.388185e-02,5.348891e-02,9.590955e-03,4.635455e-02,2.101434e-02,1.765689e-02,8.788617e-02,1.866749e-01
4.591675e-01,4.427278e-02,2.156908e-02,5.805450e-02,7.824010e-03,2.206820e-02,3.749758e-03,1.206781e-02,4.534960e-02,8.734475e-03,4.070486e-02,2.055410e-02,1.823970e-02,7.145104e-02,1.661926e-01
4.833857e-01,4.660163e-02,2.095171e-02,6.352753e-02,8.417801e-03,2.345145e-02,4.474015e-03,1.321737e-02,4.026561e-02,7.887424e-03,3.778319e-02,2.409364e-02,2.200821e-02,5.474087e-02,1.491939e-01
1.000000e+00,0.000000e+00,0.000000e+00,0.000000e+00,0.000000e+00,0.000000e+00,0.000000e+00,0.000000e+00,0.000000e+00,0.000000e+00,0.000000e+00,0.000000e+00,0.000000e+00,0.000000e+00,0.000000e+00
1.000000e+00,0.000000e+00,0.000000e+00,0.000000e+00,0.000000e+00,0.000000e+00,0.000000e+00,0.000000e+00,0.000000e+00,0.000000e+00,0.000000e+00,0.000000e+00,0.000000e+00,0.000000e+00,0.000000e+00
1.000000e+00,0.000000e+00,0.000000e+00,0.000000e+00,0.000000e+00,0.000000e+00,0.000000e+00,0.000000e+00,0.000000e+00,0.000000e+00,0.000000e+00,0.000000e+00,0.000000e+00,0.000000e+00,0.000000e+00
1.000000e+00,0.000000e+00,0.000000e+00,0.000000e+00,0.000000e+00,0.000000e+00,0.000000e+00,0.000000e+00,0.000000e+00,0.000000e+00,0.000000e+00,0.000000e+00,0.000000e+00,0.000000e+00,0.000000e+00
1.000000e+00,0.000000e+00,0.000000e+00,0.000000e+00,0.000000e+00,0.000000e+00,0.000000e+00,0.000000e+00,0.000000e+00,0.000000e+00,0.000000e+00,0.000000e+00,0.000000e+00,0.000000e+00,0.000000e+00
4.407711e-01,3.345955e-02,6.550626e-02,2.647442e-01,4.239653e-03,1.111068e-02,2.874751e-03,8.259808e-03,1.450583e-02,6.528547e-03,1.313441e-02,1.510850e-02,1.778907e-02,9.288975e-03,9.267862e-02
3.170592e-01,3.419014e-02,6.987020e-02,3.596494e-01,3.587719e-03,8.448539e-03,2.173412e-03,6.149146e-03,1.690696e-02,8.615497e-03,1.226080e-02,1.231147e-02,1.454627e-02,7.017842e-03,1.272135e-01
2.296594e-01,2.844528e-02,1.435090e-01,3.657357e-01,2.954601e-03,6.593432e-03,1.650912e-03,4.894405e-03,1.660148e-02,1.723792e-02,1.140525e-02,9.474938e-03,1.197868e-02,5.276413e-03,1.445826e-01
2.031421e-01,3.058917e-02,1.663882e-01,2.844003e-01,3.635066e-03,6.864936e-03,1.480866e-03,4.134458e-03,1.963674e-02,3.295174e-02,1.558397e-02,8.765149e-03,1.392179e-02,5.828096e-03,2.026775e-01
2.326493e-01,3.988070e-02,1.272723e-01,2.099627e-01,5.403331e-03,8.145594e-03,1.246074e-03,4.143748e-03,1.644301e-02,2.759069e-02,1.317243e-02,8.382509e-03,1.189344e-02,1.188267e-02,2.819315e-01
1.864144e-01,7.410128e-02,1.010518e-01,2.041719e-01,4.567765e-03,6.740395e-03,9.856513e-04,3.095923e-03,1.556643e-02,3.120820e-02,1.044040e-02,7.617843e-03,9.420999e-03,8.834371e-03,3.357826e-01
1.559505e-01,7.114725e-02,8.884911e-02,2.493154e-01,3.766305e-03,5.640278e-03,8.233719e-04,2.349915e-03,1.918403e-02,3.332018e-02,8.857197e-03,6.417269e-03,7.701764e-03,7.068434e-03,3.396090e-01
1.379888e-01,5.640523e-02,9.818012e-02,2.461761e-01,3.351234e-03,4.850619e-03,6.834683e-04,1.810280e-03,2.936760e-02,4.353598e-02,8.308176e-03,5.477132e-03,6.273023e-03,7.317225e-03,3.502750e-01
1.058603e-01,4.162009e-02,1.098183e-01,1.764196e-01,2.666402e-03,3.825895e-03,5.185472e-04,1.369603e-03,4.482102e-02,8.381231e-02,7.572588e-03,4.056056e-03,4.846375e-03,1.590390e-02,3.968890e-01
7.843538e-02,3.170853e-02,1.592534e-01,1.782246e-01,2.284693e-03,2.939043e-03,5.297078e-04,1.166653e-03,5.420748e-02,7.723674e-02,6.416911e-03,3.229069e-03,4.375944e-03,1.334768e-02,3.866442e-01
8.046717e-02,2.450121e-02,1.363064e-01,1.301098e-01,1.863630e-03,2.767764e-03,5.017989e-04,9.701629e-04,5.279244e-02,8.856990e-02,5.897717e-03,2.695198e-03,4.395657e-03,1.241629e-02,4.557450e-01
6.570577e-02,2.063957e-02,1.588530e-01,1.449470e-01,1.824559e-03,2.516757e-03,5.394386e-04,9.572365e-04,1.253210e-01,8.740695e-02,4.781527e-03,2.123162e-03,4.538488e-03,1.100017e-02,3.688454e-01
1.343724e-01,1.843225e-02,1.202990e-01,1.191328e-01,2.312419e-03,3.242889e-03,6.129347e-04,8.774216e-04,1.342245e-01,8.240230e-02,4.700919e-03,1.913448e-03,6.319815e-03,1.179774e-02,3.593592e-01
1.210470e-01,2.468614e-02,8.552984e-02,8.832773e-02,1.684303e-03,3.938810e-03,4.942051e-04,9.358701e-04,2.338097e-01,1.056312e-01,5.396178e-03,1.707491e-03,7.879713e-03,8.659372e-03,3.102725e-01
1.487160e-01,2.927979e-02,6.103127e-02,6.879278e-02,1.297217e-03,7.850297e-03,5.214643e-04,1.511215e-03,2.822913e-01,1.021216e-01,5.487692e-03,2.069461e-03,1.051051e-02,7.011848e-03,2.715076e-01
1.209537e-01,2.147823e-02,4.300307e-02,4.880325e-02,9.380916e-04,7.484538e-03,4.293552e-04,1.152411e-03,2.590877e-01,9.528814e-02,7.155838e-03,4.378854e-03,5.018469e-02,5.480937e-03,3.341812e-01
9.398620e-02,1.586582e-02,3.031798e-02,3.495094e-02,9.557162e-04,6.387576e-03,5.182003e-04,1.746721e-03,2.689230e-01,7.406025e-02,3.988855e-02,7.638509e-03,1.318444e-01,6.115041e-03,2.868011e-01
6.922382e-02,1.144369e-02,2.130026e-02,2.495618e-02,2.368086e-03,4.860075e-03,6.791967e-04,3.309733e-03,2.470254e-01,5.466104e-02,7.253986e-02,6.470555e-03,1.692294e-01,5.662339e-03,3.062704e-01
4.945354e-02,8.256538e-03,1.506509e-02,1.784006e-02,2.727278e-03,4.278415e-03,1.143337e-03,4.032943e-03,1.877056e-01,3.874578e-02,5.537288e-02,5.714948e-03,3.394955e-01,4.220159e-03,2.659479e-01
4.251971e-02,6.217359e-03,1.272023e-02,1.654989e-02,2.698517e-03,6.284766e-03,6.886562e-03,4.916118e-02,1.536077e-01,2.826056e-02,4.745127e-02,6.779830e-03,3.409541e-01,3.423115e-03,2.764851e-01
2.990002e-02,4.481530e-03,9.525087e-03,1.241804e-02,2.209543e-03,4.871561e-03,5.110393e-02,1.992041e-01,1.115947e-01,2.016887e-02,3.698481e-02,5.308725e-03,2.635267e-01,2.468282e-03,2.462340e-01
2.231516e-02,3.441279e-03,8.040797e-03,1.173921e-02,2.104109e-03,5.071521e-03,4.176152e-02,3.981955e-01,7.925767e-02,1.444937e-02,2.669746e-02,4.033437e-03,2.038937e-01,1.786940e-03,1.772123e-01
1.675258e-02,2.503788e-03,6.554267e-03,8.972063e-03,2.127981e-03,4.453417e-03,3.946788e-02,5.514312e-01,5.611156e-02,1.022018e-02,1.928177e-02,3.031297e-03,1.511157e-01,1.283509e-03,1.266928e-01
1.276237e-02,1.896559e-03,5.530705e-03,6.582866e-03,2.910730e-03,3.870777e-03,4.241157e-02,6.557348e-01,3.971297e-02,7.190485e-03,1.390150e-02,2.317372e-03,1.138159e-01,9.205395e-04,9.044085e-02
9.816225e-03,1.791815e-03,6.367659e-03,5.134193e-03,5.682780e-03,4.089066e-03,6.736758e-02,6.730101e-01,2.859355e-02,5.169047e-03,1.005290e-02,2.057445e-03,1.109615e-01,6.887918e-04,6.921726e-02
8.028336e-03,1.607198e-03,6.984165e-03,4.393119e-03,1.353283e-02,4.535208e-03,8.685391e-02,6.939548e-01,2.103714e-02,3.721755e-03,7.707085e-03,1.770299e-03,9.109538e-02,5.238763e-04,5.425485e-02
8.023259e-03,1.434982e-03,5.695673e-03,4.136923e-03,2.074734e-02,6.624285e-03,7.001676e-02,7.161276e-01,1.575087e-02,2.666354e-03,5.812605e-03,1.621143e-03,1.015575e-01,3.966820e-04,3.938800e-02
8.104994e-03,1.318524e-03,4.609741e-03,3.838517e-03,2.323764e-02,7.839002e-03,6.266560e-02,6.766615e-01,1.187354e-02,1.912415e-03,4.491715e-03,1.381866e-03,1.631461e-01,2.954538e-04,2.862339e-02
8.347802e-03,1.122328e-03,5.242691e-03,3.780887e-03,2.470899e-02,7.486168e-03,5.181548e-02,6.972046e-01,9.289712e-03,1.426990e-03,3.742045e-03,1.774123e-03,1.577219e-01,2.794883e-04,2.605673e-02
1.315954e-02,9.952219e-04,5.229477e-03,3.974350e-03,2.113054e-02,7.041998e-03,3.906400e-02,7.539088e-01,6.992706e-03,1.162597e-03,3.706906e-03,1.868631e-03,1.196798e-01,2.831412e-04,2.180236e-02
1.754119e-02,8.239830e-04,4.563410e-03,4.642214e-03,1.640687e-02,7.117528e-03,2.846073e-02,8.061368e-01,5.144242e-03,8.743864e-04,3.309048e-03,1.789816e-03,8.637650e-02,2.585601e-04,1.655471e-02
2.462465e-02,7.663738e-04,3.749877e-03,4.590410e-03,1.302550e-02,9.973945e-03,2.094883e-02,8.382338e-01,3.900664e-03,6.594205e-04,2.671459e-03,1.743070e-03,6.315506e-02,2.077721e-04,1.174914e-02
2.625702e-02,6.139293e-04,3.147392e-03,4.212826e-03,9.775877e-03,1.015391e-02,1.516495e-02,8.703274e-01,2.838637e-03,4.983499e-04,2.102423e-03,1.581041e-03,4.487419e-02,1.617413e-04,8.290390e-03
2.250824e-02,4.804090e-04,2.460145e-03,3.243365e-03,7.000629e-03,8.683830e-03,1.094874e-02,9.014333e-01,2.108387e-03,3.782143e-04,1.624817e-03,1.423604e-03,3.172031e-02,1.199155e-04,5.866030e-03
2.042399e-02,3.655750e-04,1.868499e-03,2.428075e-03,5.106913e-03,6.526475e-03,8.300621e-03,9.241925e-01,1.528743e-03,2.748747e-04,1.237339e-03,1.191393e-03,2.232010e-02,8.921013e-05,4.145624e-03
2.077118e-02,2.813999e-04,1.480518e-03,1.888673e-03,3.772869e-03,5.244409e-03,6.352045e-03,9.379510e-01,1.124363e-03,2.046918e-04,9.788992e-04,1.158217e-03,1.575707e-02,6.835275e-05,2.966244e-03
2.174514e-02,2.316283e-04,1.230102e-03,1.560536e-03,2.809668e-03,4.400230e-03,4.728313e-03,9.469619e-01,8.409969e-04,1.711958e-04,8.034466e-04,1.098940e-03,1.115438e-02,5.514856e-05,2.208305e-03
5.183230e-02,8.829348e-04,1.500896e-03,5.067391e-03,2.491041e-03,1.024165e-02,3.637859e-03,8.707636e-01,5.587355e-03,2.620812e-03,7.428383e-03,1.361357e-02,1.907530e-02,4.953936e-04,4.761508e-03
4.175115e-02,4.533061e-03,1.077368e-02,1.465287e-01,2.710216e-03,8.528705e-03,2.797423e-03,6.394681e-01,5.547099e-02,1.008801e-02,1.585615e-02,2.389979e-02,2.469653e-02,5.562115e-04,1.234122e-02
7.628845e-02,6.231820e-03,1.264226e-02,1.446677e-01,3.033890e-03,1.195779e-02,2.610553e-03,4.630329e-01,7.650081e-02,1.079384e-02,5.323836e-02,4.279450e-02,7.214919e-02,3.994732e-03,2.006316e-02
1.436788e-01,7.600830e-03,1.012966e-02,1.155025e-01,3.201377e-03,1.132071e-02,2.597557e-03,3.540077e-01,6.636200e-02,9.571506e-03,7.670163e-02,5.407316e-02,1.083760e-01,7.223936e-03,2.965264e-02
2.504839e-01,8.066880e-03,8.480915e-03,8.341534e-02,1.322721e-02,1.043879e-02,3.415813e-03,2.677364e-01,5.775047e-02,8.589705e-03,7.105318e-02,4.401859e-02,1.068955e-01,1.015728e-02,5.627014e-02
2.901508e-01,1.037484e-02,9.694126e-03,6.393656e-02,3.593741e-02,9.915450e-03,5.230646e-03,2.029861e-01,6.662461e-02,7.692132e-03,6.731821e-02,3.889905e-02,1.091810e-01,1.112053e-02,7.093863e-02
2.440566e-01,1.370926e-02,2.463204e-02,7.592326e-02,8.615404e-02,1.255748e-02,5.663170e-03,1.452406e-01,8.441757e-02,1.024678e-02,6.285816e-02,3.619921e-02,1.148074e-01,1.365253e-02,6.988187e-02
2.831870e-01,1.181954e-02,1.825171e-02,5.458161e-02,6.992188e-02,1.206530e-02,5.639107e-03,1.061402e-01,6.638878e-02,8.094682e-03,5.519512e-02,5.815097e-02,1.831210e-01,1.154176e-02,5.590134e-02
2.927842e-01,1.126217e-02,1.409586e-02,4.023673e-02,7.403979e-02,1.171601e-02,5.488515e-03,7.810916e-02,5.924570e-02,6.228377e-03,4.985061e-02,6.914043e-02,2.338873e-01,9.427467e-03,4.448765e-02
3.466170e-01,1.029687e-02,1.086698e-02,2.988380e-02,6.962582e-02,1.061490e-02,4.652687e-03,5.867473e-02,4.847231e-02,5.533977e-03,3.943829e-02,5.641764e-02,2.667933e-01,7.786268e-03,3.432536e-02
2.877403e-01,8.538119e-03,9.472590e-03,2.153621e-02,5.684759e-02,1.058047e-02,4.014079e-03,4.625444e-02,4.026191e-02,4.495574e-03,3.140748e-02,4.972126e-02,3.968065e-01,6.022999e-03,2.630050e-02
2.891557e-01,9.097420e-03,8.504116e-03,1.684887e-02,4.996566e-02,1.078366e-02,3.629918e-03,4.545019e-02,3.683156e-02,4.062609e-03,2.439897e-02,4.017591e-02,4.329008e-01,5.078956e-03,2.311561e-02
2.529972e-01,1.054602e-02,7.648776e-03,1.272039e-02,4.488233e-02,1.245205e-02,3.226878e-03,5.674813e-02,3.256029e-02,3.716769e-03,1.894951e-02,3.455145e-02,4.834501e-01,4.233364e-03,2.131678e-02
2.217341e-01,1.224539e-02,8.473283e-03,9.428820e-03,3.978844e-02,1.209753e-02,3.441414e-03,6.467914e-02,2.912284e-02,3.021664e-03,1.388551e-02,3.827184e-02,5.177211e-01,3.376335e-03,2.271255e-02
1.780484e-01,4.002063e-02,3.305332e-02,3.065472e-02,3.221282e-02,1.077875e-02,2.968444e-03,5.227795e-02,1.412618e-01,7.468297e-03,1.118273e-02,3.152406e-02,3.943534e-01,2.768125e-03,3.142645e-02
1.499154e-01,7.854302e-02,3.211645e-02,2.670334e-02,2.661903e-02,2.598461e-02,4.286270e-03,4.588835e-02,1.875492e-01,1.091692e-02,1.063145e-02,2.688041e-02,3.378692e-01,2.401489e-03,3.369472e-02
1.265077e-01,1.168833e-01,2.578725e-02,2.057429e-02,1.930269e-02,3.894971e-02,3.933634e-03,3.302589e-02,2.648861e-01,1.021239e-02,1.117602e-02,2.292763e-02,2.741290e-01,2.116274e-03,2.958807e-02
1.112846e-01,1.365381e-01,2.371250e-02,2.027287e-02,1.497328e-02,3.453121e-02,4.033357e-03,2.531170e-02,3.321304e-01,1.008991e-02,9.575297e-03,1.979001e-02,2.253817e-01,2.160111e-03,3.021488e-02
1.096071e-01,1.370765e-01,1.911671e-02,1.616244e-02,2.042847e-02,4.363681e-02,5.751464e-03,1.938027e-02,3.538221e-01,7.425785e-03,1.000577e-02,1.752264e-02,2.043225e-01,3.794700e-03,3.194669e-02
1.151784e-01,1.123133e-01,1.448676e-02,1.386389e-02,2.691442e-02,3.484328e-02,5.492164e-03,1.679111e-02,2.886242e-01,6.050458e-03,1.212776e-02,2.815110e-02,2.703403e-01,6.606804e-03,4.821607e-02
9.393132e-02,1.157222e-01,1.143990e-02,1.431229e-02,3.550778e-02,3.575129e-02,4.431015e-03,1.495836e-02,2.534218e-01,7.289755e-03,1.152393e-02,2.639840e-02,2.971846e-01,6.614850e-03,7.151247e-02
8.105373e-02,8.943740e-02,1.203117e-02,1.349335e-02,3.929154e-02,5.219352e-02,5.358308e-03,1.886440e-02,2.211576e-01,6.188248e-03,1.033192e-02,2.262059e-02,3.605193e-01,5.184534e-03,6.227437e-02
7.404424e-02,7.382609e-02,9.257508e-03,1.240059e-02,3.497928e-02,4.573182e-02,4.500812e-03,1.722434e-02,1.955838e-01,4.780977e-03,7.925045e-03,1.816801e-02,4.359175e-01,4.364851e-03,6.129514e-02
6.159915e-02,7.149941e-02,7.255766e-03,1.714002e-02,2.768950e-02,3.610880e-02,3.934216e-03,1.307762e-02,2.466794e-01,5.379976e-03,6.662702e-03,1.776395e-02,3.713402e-01,3.762838e-03,1.101065e-01
5.159176e-02,6.097203e-02,1.824544e-02,6.241486e-02,3.190856e-02,2.824740e-02,3.656655e-03,1.881405e-02,3.016744e-01,5.155638e-03,6.267198e-03,1.400105e-02,2.847345e-01,2.911022e-03,1.094054e-01
4.477797e-02,4.606178e-02,1.406072e-02,6.678398e-02,2.926612e-02,6.911567e-02,4.464174e-03,1.523132e-02,3.005496e-01,4.272622e-03,6.708902e-03,1.108913e-02,2.997638e-01,2.251325e-03,8.560279e-02
4.745777e-02,4.724420e-02,4.636506e-02,1.241411e-01,3.905083e-02,7.146678e-02,4.379793e-03,1.523288e-02,2.771921e-01,3.506875e-03,6.216301e-03,9.432916e-03,2.356259e-01,1.890957e-03,7.079647e-02
4.922830e-02,3.852971e-02,1.530421e-01,1.189299e-01,3.789077e-02,6.882078e-02,3.675602e-03,1.757336e-02,2.306372e-01,7.493635e-03,6.023028e-03,7.917238e-03,1.823747e-01,2.358161e-03,7.550539e-02
5.150621e-02,4.207985e-02,1.927201e-01,1.184992e-01,4.260299e-02,9.038015e-02,3.487159e-03,1.384967e-02,1.872254e-01,9.052543e-03,9.070100e-03,7.444246e-03,1.519656e-01,4.370845e-03,7.574588e-02
6.020349e-02,3.183045e-02,1.496993e-01,9.777448e-02,4.012423e-02,1.090920e-01,5.831570e-03,1.844027e-02,1.538766e-01,8.438140e-03,2.160054e-02,2.614547e-02,2.100689e-01,5.395025e-03,6.147954e-02
6.113014e-02,2.504379e-02,1.234847e-01,1.037228e-01,3.470345e-02,1.605732e-01,4.932043e-03,2.693887e-02,1.253494e-01,9.219433e-03,2.401374e-02,3.941391e-02,2.075806e-01,5.342340e-03,4.855149e-02
9.055610e-02,1.971279e-02,1.386376e-01,8.283450e-02,3.355857e-02,1.594552e-01,6.152968e-03,4.088978e-02,9.528038e-02,1.034628e-02,2.068867e-02,4.469495e-02,2.120914e-01,5.009209e-03,4.009164e-02
8.409251e-02,1.640791e-02,1.213725e-01,6.338747e-02,3.499964e-02,1.994554e-01,6.585978e-03,3.215972e-02,7.327171e-02,8.778200e-03,2.779927e-02,8.495235e-02,2.128926e-01,4.122975e-03,2.972183e-02
7.137383e-02,1.378630e-02,9.925064e-02,4.774661e-02,2.802245e-02,1.903592e-01,6.213313e-03,2.389875e-02,5.999633e-02,9.036086e-03,4.325289e-02,1.237291e-01,2.572039e-01,3.309829e-03,2.282090e-02
9.241672e-02,1.305714e-02,8.061077e-02,3.628077e-02,4.379710e-02,1.504048e-01,6.454987e-03,2.271463e-02,5.178017e-02,8.710003e-03,3.867874e-02,1.982462e-01,2.327909e-01,2.768320e-03,2.128879e-02
1.042309e-01,1.311941e-02,6.726172e-02,2.817896e-02,5.035849e-02,1.242055e-01,6.201983e-03,3.187636e-02,5.590987e-02,8.890017e-03,3.133177e-02,2.104941e-01,2.482422e-01,2.278391e-03,1.742029e-02
9.783418e-02,1.375098e-02,1.206197e-01,4.701048e-02,5.435679e-02,1.000609e-01,5.433303e-03,8.076046e-02,4.850458e-02,9.761143e-03,2.739378e-02,1.748148e-01,2.037059e-01,1.868942e-03,1.412415e-02
9.550866e-02,1.427198e-02,1.496692e-01,8.681297e-02,6.092030e-02,7.890245e-02,4.142389e-03,1.362905e-01,3.865534e-02,1.432535e-02,2.786225e-02,1.295011e-01,1.486519e-01,2.032365e-03,1.245330e-02
1.063228e-01,2.043355e-02,1.541583e-01,7.966024e-02,6.858458e-02,8.142230e-02,4.205859e-03,1.258997e-01,3.818984e-02,2.508068e-02,2.600551e-02,1.273629e-01,1.237651e-01,3.798744e-03,1.510999e-02
1.284896e-01,4.174277e-02,1.444123e-01,6.336442e-02,8.034695e-02,7.328283e-02,1.009218e-02,1.242532e-01,3.582504e-02,2.627810e-02,2.107416e-02,1.000622e-01,1.259958e-01,3.688204e-03,2.109233e-02
1.155699e-01,8.586516e-02,1.377264e-01,5.601029e-02,8.920477e-02,8.813107e-02,1.372823e-02,1.326439e-01,4.520649e-02,2.249148e-02,1.640240e-02,7.596003e-02,9.571981e-02,3.523154e-03,2.181690e-02
1.762908e-01,8.319777e-02,1.212172e-01,4.882810e-02,9.244159e-02,9.527912e-02,1.683926e-02,1.161016e-01,4.313155e-02,1.960340e-02,1.238754e-02,5.667015e-02,9.445038e-02,3.572836e-03,1.998864e-02
1.722555e-01,1.049304e-01,1.071618e-01,4.215688e-02,1.194120e-01,1.122187e-01,2.325967e-02,9.572053e-02,5.316067e-02,2.134703e-02,1.035833e-02,4.249148e-02,7.149942e-02,3.649974e-03,2.037756e-02
1.567024e-01,8.948857e-02,8.578901e-02,4.865211e-02,1.474965e-01,9.928466e-02,2.759715e-02,1.700213e-01,4.118306e-02,2.029700e-02,8.301493e-03,3.229666e-02,5.211855e-02,3.366746e-03,1.740482e-02
1.852128e-01,7.148958e-02,7.311448e-02,6.140565e-02,1.878866e-01,8.166114e-02,4.844081e-02,1.462599e-01,3.781919e-02,1.585752e-02,7.200972e-03,2.509549e-02,4.244430e-02,2.757653e-03,1.335396e-02
1.784961e-01,5.584216e-02,5.816099e-02,6.866614e-02,1.979445e-01,6.787868e-02,4.884708e-02,2.029293e-01,3.635416e-02,1.338622e-02,6.349148e-03,2.000445e-02,3.230866e-02,2.408253e-03,1.042419e-02
1.767563e-01,4.076413e-02,4.172936e-02,5.001150e-02,1.621647e-01,4.952291e-02,1.082343e-01,2.721145e-01,3.411219e-02,1.168217e-02,5.119316e-03,1.435778e-02,2.344372e-02,1.792578e-03,8.194534e-03
1.497550e-01,2.892527e-02,2.955675e-02,3.538327e-02,1.238576e-01,3.497579e-02,1.428849e-01,3.805431e-01,2.755736e-02,8.424509e-03,3.769026e-03,1.021739e-02,1.684124e-02,1.301507e-03,6.007245e-03
1.369787e-01,2.039684e-02,2.108375e-02,2.518563e-02,1.019781e-01,2.501948e-02,1.865065e-01,4.276401e-01,2.100518e-02,6.119506e-03,2.935754e-03,7.457330e-03,1.239243e-02,9.484196e-04,4.352269e-03
1.226321e-01,1.460720e-02,1.548492e-02,1.819300e-02,1.682234e-01,2.190666e-02,2.566005e-01,3.246831e-01,1.600344e-02,7.126360e-03,3.401178e-03,6.125431e-03,1.359125e-02,9.315270e-04,1.049001e-02
1.027554e-01,1.046049e-02,1.107756e-02,1.354313e-02,2.990027e-01,2.314737e-02,2.271208e-01,2.340388e-01,1.160059e-02,1.241953e-02,4.908348e-03,4.558523e-03,1.267851e-02,1.142809e-03,3.154551e-02
7.592429e-02,7.536742e-03,7.857708e-03,1.023649e-02,3.768208e-01,2.364206e-02,1.904462e-01,1.679098e-01,8.349337e-03,5.179472e-02,4.769596e-03,3.279391e-03,1.165282e-02,1.665629e-03,5.811448e-02
5.791135e-02,5.501305e-03,5.778604e-03,7.449422e-03,3.778423e-01,1.798886e-02,1.526721e-01,1.179542e-01,5.977888e-03,1.815130e-01,3.724145e-03,2.344671e-03,8.406293e-03,2.613313e-03,5.232250e-02
5.525148e-02,4.734036e-03,6.025696e-03,5.787312e-03,3.827477e-01,1.889924e-02,1.608324e-01,8.367722e-02,4.483877e-03,2.189112e-01,2.916635e-03,1.822138e-03,6.304848e-03,3.825486e-03,4.378067e-02
5.937172e-02,6.428069e-03,8.179100e-03,4.572672e-03,3.702598e-01,3.279091e-02,1.562098e-01,6.019853e-02,3.725164e-03,2.337553e-01,2.901220e-03,1.847234e-03,6.045448e-03,6.808073e-03,4.690695e-02
6.484029e-02,8.514809e-03,1.229150e-02,3.573576e-03,3.780614e-01,6.504723e-02,1.302390e-01,4.445876e-02,3.052016e-03,2.280546e-01,3.444301e-03,1.749667e-03,5.238326e-03,7.301394e-03,4.413322e-02
5.477872e-02,8.026296e-03,1.360835e-02,2.698291e-03,3.008794e-01,1.400916e-01,1.079561e-01,3.190076e-02,2.557638e-03,2.800683e-01,8.303843e-03,2.216837e-03,4.553390e-03,7.097962e-03,3.526245e-02
4.393938e-02,5.940107e-03,1.036170e-02,1.950787e-03,2.162746e-01,2.835273e-01,1.047776e-01,2.270739e-02,1.854354e-03,2.207108e-01,4.902247e-02,4.061366e-03,3.379970e-03,6.547210e-03,2.494505e-02
3.318111e-02,4.353260e-03,7.857220e-03,1.399850e-03,1.544409e-01,4.309705e-01,8.724199e-02,1.604544e-02,1.312753e-03,1.607356e-01,6.956260e-02,6.928536e-03,2.436677e-03,5.983563e-03,1.755006e-02
2.341642e-02,3.101223e-03,5.692433e-03,9.900618e-04,1.084116e-01,4.667246e-01,6.187682e-02,1.130983e-02,9.567786e-04,1.129247e-01,1.618636e-01,1.738029e-02,1.762856e-03,1.112746e-02,1.246141e-02
1.645105e-02,2.248404e-03,4.199171e-03,7.089219e-04,7.602138e-02,3.632659e-01,4.345157e-02,8.020027e-03,7.659463e-04,7.921085e-02,3.437061e-01,3.963549e-02,1.277246e-03,1.210577e-02,8.932224e-03
1.155736e-02,1.763093e-03,7.519718e-03,5.715305e-04,5.384828e-02,2.631481e-01,3.059478e-02,6.010388e-03,1.256275e-03,5.646704e-02,4.305570e-01,1.139786e-01,9.822508e-04,1.506932e-02,6.676345e-03
8.159392e-03,1.531288e-03,6.162929e-03,4.403268e-04,3.801300e-02,1.858520e-01,2.145445e-02,4.381243e-03,1.307650e-03,3.965854e-02,5.820975e-01,9.168260e-02,7.221630e-04,1.377560e-02,4.761384e-03
5.733594e-03,1.153366e-03,4.585407e-03,3.423375e-04,2.673105e-02,1.304488e-01,1.502537e-02,3.099246e-03,1.711714e-03,2.784157e-02,6.984680e-01,7.038569e-02,5.151486e-04,1.055611e-02,3.402659e-03
4.076438e-03,9.697463e-04,3.924284e-03,2.843167e-04,1.884419e-02,9.204981e-02,1.053210e-02,2.300217e-03,2.229557e-03,1.979490e-02,7.778407e-01,5.576978e-02,3.888365e-04,8.514129e-03,2.480991e-03
2.913728e-03,7.255644e-04,2.944754e-03,2.184258e-04,1.323604e-02,6.507108e-02,7.377818e-03,1.683740e-03,2.271114e-03,1.446842e-02,8.326842e-01,4.624387e-02,2.958813e-04,8.107530e-03,1.757835e-03
2.358819e-03,9.880129e-04,8.804786e-03,3.733661e-04,1.001009e-02,5.024295e-02,5.514827e-03,3.794132e-03,4.920683e-03,1.134200e-02,8.437824e-01,4.829340e-02,3.005308e-04,7.975444e-03,1.298593e-03
1.811174e-03,1.118019e-03,7.131136e-03,4.141469e-04,7.311692e-03,3.557489e-02,3.878720e-03,3.337910e-03,9.660233e-03,8.231292e-03,8.697971e-01,3.602773e-02,2.427169e-04,1.453455e-02,9.286748e-04
1.417863e-03,1.144322e-03,7.351456e-03,5.712063e-04,6.565052e-03,2.594999e-02,2.739870e-03,3.257737e-03,2.305739e-02,6.118583e-03,8.763520e-01,2.725556e-02,2.216206e-04,1.732252e-02,6.748635e-04
1.334559e-03,1.728670e-03,1.823119e-02,8.197518e-04,5.515621e-03,2.029306e-02,1.946105e-03,3.618369e-03,4.360687e-02,5.083461e-03,8.466945e-01,2.094959e-02,2.058070e-04,2.928605e-02,6.863898e-04
2.474374e-03,1.952199e-03,1.459838e-02,1.414433e-03,5.595899e-03,1.730084e-02,1.380927e-03,4.071356e-03,8.893590e-02,4.677612e-03,7.968313e-01,1.532226e-02,1.892422e-04,4.332174e-02,1.933597e-03
1.217540e-02,2.373585e-03,1.641249e-02,3.300322e-03,6.946591e-03,6.519353e-02,1.057295e-03,1.387382e-02,1.050122e-01,4.248552e-03,6.996844e-01,1.098434e-02,3.391539e-04,5.447302e-02,3.925386e-03
1.596924e-02,4.120964e-03,3.385523e-02,5.804706e-03,1.230497e-02,1.378228e-01,1.039252e-03,1.382964e-02,9.259977e-02,3.929642e-03,5.879567e-01,7.806859e-03,6.828820e-04,7.659320e-02,5.684175e-03
2.313185e-02,8.263284e-03,1.032994e-01,1.187745e-02,1.817088e-02,1.372880e-01,9.010550e-04,1.403685e-02,9.328534e-02,4.213310e-03,4.778989e-01,5.592572e-03,1.039690e-03,8.632769e-02,1.467377e-02
2.496030e-02,7.266338e-03,7.940494e-02,8.771623e-03,1.617497e-02,1.026206e-01,6.976466e-04,1.030618e-02,9.961440e-02,3.264266e-03,4.595639e-01,3.971135e-03,9.256695e-04,1.705716e-01,1.188650e-02
3.061270e-02,5.712062e-03,5.842640e-02,6.845996e-03,1.373448e-02,7.445269e-02,5.355973e-04,7.530396e-03,1.692744e-01,2.715504e-03,4.096113e-01,2.899780e-03,7.904737e-04,2.070220e-01,9.836199e-03
3.230577e-02,4.526667e-03,4.147984e-02,5.176294e-03,1.067841e-02,5.321312e-02,3.961772e-04,5.390002e-03,1.500698e-01,2.117041e-03,4.500587e-01,2.116870e-03,6.535103e-04,2.337930e-01,8.024848e-03
6.847835e-02,1.072809e-02,3.195236e-02,2.804678e-02,1.571710e-02,3.962400e-02,4.771691e-04,5.057070e-03,1.797835e-01,2.116856e-03,3.412287e-01,2.853988e-03,1.408572e-03,2.494118e-01,2.311569e-02
6.315137e-02,2.291394e-02,5.240441e-02,3.660648e-02,1.277731e-02,3.782000e-02,4.719077e-04,3.990673e-03,1.466546e-01,3.244134e-03,2.412358e-01,2.508946e-03,1.242418e-03,2.109579e-01,1.640201e-01
7.696784e-02,2.416314e-02,1.571116e-01,4.235402e-02,1.184059e-02,4.641191e-02,1.156793e-03,4.670058e-03,1.223041e-01,4.435542e-03,1.803351e-01,2.939199e-03,1.194648e-03,1.923061e-01,1.318094e-01
1.003280e-01,2.633519e-02,1.450411e-01,4.137950e-02,1.316548e-02,4.834887e-02,1.083441e-03,4.583721e-03,1.620075e-01,1.170475e-02,1.360866e-01,3.282142e-03,1.425150e-03,1.905913e-01,1.146373e-01
1.208517e-01,2.361449e-02,2.048953e-01,6.532963e-02,1.694322e-02,5.014662e-02,1.465277e-03,6.011788e-03,1.352874e-01,1.418859e-02,1.102439e-01,4.706436e-03,1.810313e-03,1.489155e-01,9.558982e-02
1.731461e-01,2.835754e-02,2.097042e-01,6.486417e-02,2.585767e-02,4.999637e-02,1.499336e-03,6.169253e-03,1.341601e-01,1.656002e-02,8.285157e-02,5.125328e-03,2.084406e-03,1.171667e-01,8.245726e-02
2.420149e-01,2.632352e-02,1.678033e-01,5.735139e-02,2.877855e-02,5.085117e-02,1.496121e-03,6.677895e-03,1.417234e-01,2.731880e-02,6.247836e-02,4.870265e-03,2.254416e-03,9.846777e-02,8.159027e-02
2.960560e-01,2.534772e-02,1.297510e-01,4.874562e-02,2.714128e-02,4.983597e-02,1.306737e-03,5.356283e-03,1.180301e-01,5.259482e-02,4.599075e-02,4.562077e-03,2.148659e-03,9.686543e-02,9.626761e-02
3.049973e-01,2.845883e-02,9.812932e-02,7.274705e-02,2.470232e-02,3.961382e-02,1.546625e-03,4.640170e-03,1.044357e-01,5.496578e-02,3.870567e-02,6.147251e-03,2.808559e-03,7.746775e-02,1.406339e-01
2.164519e-01,2.603291e-02,8.826415e-02,5.608073e-02,1.772412e-02,2.802746e-02,1.117848e-03,3.281167e-03,8.421686e-02,4.942105e-02,2.788929e-02,4.691764e-03,2.169776e-03,5.947265e-02,3.351584e-01
1.541290e-01,2.002602e-02,6.464569e-02,3.985839e-02,1.282192e-02,2.002786e-02,8.436089e-04,2.428124e-03,7.514679e-02,5.084168e-02,2.326159e-02,4.087193e-03,1.759057e-03,5.768650e-02,4.724366e-01
1.093704e-01,1.433292e-02,4.617047e-02,2.802257e-02,9.167503e-03,1.416161e-02,6.483495e-04,1.852492e-03,5.555385e-02,7.277527e-02,2.170522e-02,6.071416e-03,1.821184e-03,5.608838e-02,5.622584e-01
8.028925e-02,1.020696e-02,3.306857e-02,1.975989e-02,6.983519e-03,1.011080e-02,4.889338e-04,1.356423e-03,5.070941e-02,1.499546e-01,3.234132e-02,8.561507e-03,5.066224e-03,1.296419e-01,4.614607e-01
5.802094e-02,7.589108e-03,2.521736e-02,1.402611e-02,5.448890e-03,7.499565e-03,3.998258e-04,1.010115e-03,4.277031e-02,1.263705e-01,3.703627e-02,7.603617e-03,4.498389e-03,2.054822e-01,4.570268e-01
4.274157e-02,5.584865e-03,1.821728e-02,1.001212e-02,4.639662e-03,5.759327e-03,3.599692e-04,8.913101e-04,3.554553e-02,1.405069e-01,3.727360e-02,6.474814e-03,3.698954e-03,3.443696e-01,3.439246e-01
4.337149e-02,5.152800e-03,1.339330e-02,7.593301e-03,4.230997e-03,4.396176e-03,5.931229e-04,9.556855e-04,4.692933e-02,1.386857e-01,4.335561e-02,1.607787e-02,5.536909e-03,4.100105e-01,2.597172e-01
4.891138e-02,6.016461e-03,1.531043e-02,7.712917e-03,6.037327e-03,9.427147e-03,1.603609e-03,2.627881e-03,6.969887e-02,1.212685e-01,6.610493e-02,1.826384e-02,8.171828e-03,4.199606e-01,1.988843e-01
4.065580e-02,1.045517e-02,1.822731e-02,1.487869e-02,1.098672e-02,1.587435e-02,1.764913e-03,2.202552e-03,9.745086e-02,1.512867e-01,7.609589e-02,1.838382e-02,1.391465e-02,3.752249e-01,1.525977e-01
3.266948e-02,3.628843e-02,4.267742e-02,3.734611e-02,2.342639e-02,2.202055e-02,1.822608e-03,2.281747e-03,1.040141e-01,1.428976e-01,1.046050e-01,1.829448e-02,1.896552e-02,2.913069e-01,1.213838e-01
3.750882e-02,9.088533e-02,3.470387e-02,3.808618e-02,2.987889e-02,2.510450e-02,1.681048e-03,2.727183e-03,1.525931e-01,1.255698e-01,9.915327e-02,1.875341e-02,2.296755e-02,2.212469e-01,9.914026e-02
6.677862e-02,1.282385e-01,2.789963e-02,4.361850e-02,2.635103e-02,2.495691e-02,1.629906e-03,4.005560e-03,1.448330e-01,9.831327e-02,1.068371e-01,1.568547e-02,2.063855e-02,1.974854e-01,9.272860e-02
6.062113e-02,1.394060e-01,3.027916e-02,6.938963e-02,2.352666e-02,4.134520e-02,1.794056e-03,5.171159e-03,1.474380e-01,7.701265e-02,1.304197e-01,1.303878e-02,1.766640e-02,1.520693e-01,9.082216e-02
1.008478e-01,1.099975e-01,4.387937e-02,6.721441e-02,2.485345e-02,5.365290e-02,1.851465e-03,6.085489e-03,1.161402e-01,6.530049e-02,1.589352e-01,1.215562e-02,1.648954e-02,1.364760e-01,8.612052e-02
1.702058e-01,8.916969e-02,4.402641e-02,5.769390e-02,2.329130e-02,6.868181e-02,1.720913e-03,6.596964e-03,1.013652e-01,5.137234e-02,1.472552e-01,1.087001e-02,1.316305e-02,1.488981e-01,6.568930e-02
2.431751e-01,9.812892e-02,3.571319e-02,5.011239e-02,4.632697e-02,6.925096e-02,2.497765e-03,6.346667e-03,1.038340e-01,4.005065e-02,1.142081e-01,9.035207e-03,1.103896e-02,1.167829e-01,5.349812e-02
2.996251e-01,1.013129e-01,3.402805e-02,6.405494e-02,4.163292e-02,7.735555e-02,2.758817e-03,7.462751e-03,8.134142e-02,3.139584e-02,9.489816e-02,8.234554e-03,9.223005e-03,9.839516e-02,4.828085e-02
2.815557e-01,1.204478e-01,3.283433e-02,5.647242e-02,4.305979e-02,1.271555e-01,3.092371e-03,8.323332e-03,7.944371e-02,2.665415e-02,7.833299e-02,7.150101e-03,7.924956e-03,8.682770e-02,4.072520e-02
2.395474e-01,1.938475e-01,2.980362e-02,5.378209e-02,4.054438e-02,1.204616e-01,2.819471e-03,7.629686e-03,8.857104e-02,2.333334e-02,6.689911e-02,5.806066e-03,7.224865e-03,8.373807e-02,3.599190e-02
2.282634e-01,2.091733e-01,2.516175e-02,4.472095e-02,3.435465e-02,1.038754e-01,2.453262e-03,6.736047e-03,1.349440e-01,1.977609e-02,6.083719e-02,5.172490e-03,6.482894e-03,8.555431e-02,3.249434e-02
