1.000000e+00,0.000000e+00,0.000000e+00,0.000000e+00,0.000000e+00,0.000000e+00,0.000000e+00,0.000000e+00,0.000000e+00,0.000000e+00,0.000000e+00,0.000000e+00,0.000000e+00,0.000000e+00,0.000000e+00
1.000000e+00,0.000000e+00,0.000000e+00,0.000000e+00,0.000000e+00,0.000000e+00,0.000000e+00,0.000000e+00,0.000000e+00,0.000000e+00,0.000000e+00,0.000000e+00,0.000000e+00,0.000000e+00,0.000000e+00
1.000000e+00,0.000000e+00,0.000000e+00,0.000000e+00,0.000000e+00,0.000000e+00,0.000000e+00,0.000000e+00,0.000000e+00,0.000000e+00,0.000000e+00,0.000000e+00,0.000000e+00,0.000000e+00,0.000000e+00
1.000000e+00,0.000000e+00,0.000000e+00,0.000000e+00,0.000000e+00,0.000000e+00,0.000000e+00,0.000000e+00,0.000000e+00,0.000000e+00,0.000000e+00,0.000000e+00,0.000000e+00,0.000000e+00,0.000000e+00
1.000000e+00,0.000000e+00,0.000000e+00,0.000000e+00,0.000000e+00,0.000000e+00,0.000000e+00,0.000000e+00,0.000000e+00,0.000000e+00,0.000000e+00,0.000000e+00,0.000000e+00,0.000000e+00,0.000000e+00
1.000000e+00,0.000000e+00,0.000000e+00,0.000000e+00,0.000000e+00,0.000000e+00,0.000000e+00,0.000000e+00,0.000000e+00,0.000000e+00,0.000000e+00,0.000000e+00,0.000000e+00,0.000000e+00,0.000000e+00
1.000000e+00,0.000000e+00,0.000000e+00,0.000000e+00,0.000000e+00,0.000000e+00,0.000000e+00,0.000000e+00,0.000000e+00,0.000000e+00,0.000000e+00,0.000000e+00,0.000000e+00,0.000000e+00,0.000000e+00
1.000000e+00,0.000000e+00,0.000000e+00,0.000000e+00,0.000000e+00,0.000000e+00,0.000000e+00,0.000000e+00,0.000000e+00,0.000000e+00,0.000000e+00,0.000000e+00,0.000000e+00,0.000000e+00,0.000000e+00
1.000000e+00,0.000000e+00,0.000000e+00,0.000000e+00,0.000000e+00,0.000000e+00,0.000000e+00,0.000000e+00,0.000000e+00,0.000000e+00,0.000000e+00,0.000000e+00,0.000000e+00,0.000000e+00,0.000000e+00
1.000000e+00,0.000000e+00,0.000000e+00,0.000000e+00,0.000000e+00,0.000000e+00,0.000000e+00,0.000000e+00,0.000000e+00,0.000000e+00,0.000000e+00,0.000000e+00,0.000000e+00,0.000000e+00,0.000000e+00
1.000000e+00,0.000000e+00,0.000000e+00,0.000000e+00,0.000000e+00,0.000000e+00,0.000000e+00,0.000000e+00,0.000000e+00,0.000000e+00,0.000000e+00,0.000000e+00,0.000000e+00,0.000000e+00,0.000000e+00
1.000000e+00,0.000000e+00,0.000000e+00,0.000000e+00,0.000000e+00,0.000000e+00,0.000000e+00,0.000000e+00,0.000000e+00,0.000000e+00,0.000000e+00,0.000000e+00,0.000000e+00,0.000000e+00,0.000000e+00
1.000000e+00,0.000000e+00,0.000000e+00,0.000000e+00,0.000000e+00,0.000000e+00,0.000000e+00,0.000000e+00,0.000000e+00,0.000000e+00,0.000000e+00,0.000000e+00,0.000000e+00,0.000000e+00,0.000000e+00
1.000000e+00,0.000000e+00,0.000000e+00,0.000000e+00,0.000000e+00,0.000000e+00,0.000000e+00,0.000000e+00,0.000000e+00,0.000000e+00,0.000000e+00,0.000000e+00,0.000000e+00,0.000000e+00,0.000000e+00
1.000000e+00,0.000000e+00,0.000000e+00,0.000000e+00,0.000000e+00,0.000000e+00,0.000000e+00,0.000000e+00,0.000000e+00,0.000000e+00,0.000000e+00,0.000000e+00,0.000000e+00,0.000000e+00,0.000000e+00
1.000000e+00,0.000000e+00,0.000000e+00,0.000000e+00,0.000000e+00,0.000000e+00,0.000000e+00,0.000000e+00,0.000000e+00,0.000000e+00,0.000000e+00,0.000000e+00,0.000000e+00,0.000000e+00,0.000000e+00
1.000000e+00,0.000000e+00,0.000000e+00,0.000000e+00,0.000000e+00,0.000000e+00,0.000000e+00,0.000000e+00,0.000000e+00,0.000000e+00,0.000000e+00,0.000000e+00,0.000000e+00,0.000000e+00,0.000000e+00
1.000000e+00,0.000000e+00,0.000000e+00,0.000000e+00,0.000000e+00,0.000000e+00,0.000000e+00,0.000000e+00,0.000000e+00,0.000000e+00,0.000000e+00,0.000000e+00,0.000000e+00,0.000000e+00,0.000000e+00
1.000000e+00,0.000000e+00,0.000000e+00,0.000000e+00,0.000000e+00,0.000000e+00,0.000000e+00,0.000000e+00,0.000000e+00,0.000000e+00,0.000000e+00,0.000000e+00,0.000000e+00,0.000000e+00,0.000000e+00
1.000000e+00,0.000000e+00,0.000000e+00,0.000000e+00,0.000000e+00,0.000000e+00,0.000000e+00,0.000000e+00,0.000000e+00,0.000000e+00,0.000000e+00,0.000000e+00,0.000000e+00,0.000000e+00,0.000000e+00
1.000000e+00,0.000000e+00,0.000000e+00,0.000000e+00,0.000000e+00,0.000000e+00,0.000000e+00,0.000000e+00,0.000000e+00,0.000000e+00,0.000000e+00,0.000000e+00,0.000000e+00,0.000000e+00,0.000000e+00
1.000000e+00,0.000000e+00,0.000000e+00,0.000000e+00,0.000000e+00,0.000000e+00,0.000000e+00,0.000000e+00,0.000000e+00,0.000000e+00,0.000000e+00,0.000000e+00,0.000000e+00,0.000000e+00,0.000000e+00
1.000000e+00,0.000000e+00,0.000000e+00,0.000000e+00,0.000000e+00,0.000000e+00,0.000000e+00,0.000000e+00,0.000000e+00,0.000000e+00,0.000000e+00,0.000000e+00,0.000000e+00,0.000000e+00,0.000000e+00
1.000000e+00,0.000000e+00,0.000000e+00,0.000000e+00,0.000000e+00,0.000000e+00,0.000000e+00,0.000000e+00,0.000000e+00,0.000000e+00,0.000000e+00,0.000000e+00,0.000000e+00,0.000000e+00,0.000000e+00
1.000000e+00,0.000000e+00,0.000000e+00,0.000000e+00,0.000000e+00,0.000000e+00,0.000000e+00,0.000000e+00,0.000000e+00,0.000000e+00,0.000000e+00,0.000000e+00,0.000000e+00,0.000000e+00,0.000000e+00
1.000000e+00,0.000000e+00,0.000000e+00,0.000000e+00,0.000000e+00,0.000000e+00,0.000000e+00,0.000000e+00,0.000000e+00,0.000000e+00,0.000000e+00,0.000000e+00,0.000000e+00,0.000000e+00,0.000000e+00
1.000000e+00,0.000000e+00,0.000000e+00,0.000000e+00,0.000000e+00,0.000000e+00,0.000000e+00,0.000000e+00,0.000000e+00,0.000000e+00,0.000000e+00,0.000000e+00,0.000000e+00,0.000000e+00,0.000000e+00
1.000000e+00,0.000000e+00,0.000000e+00,0.000000e+00,0.000000e+00,0.000000e+00,0.000000e+00,0.000000e+00,0.000000e+00,0.000000e+00,0.000000e+00,0.000000e+00,0.000000e+00,0.000000e+00,0.000000e+00
1.000000e+00,0.000000e+00,0.000000e+00,0.000000e+00,0.000000e+00,0.000000e+00,0.000000e+00,0.000000e+00,0.000000e+00,0.000000e+00,0.000000e+00,0.000000e+00,0.000000e+00,0.000000e+00,0.000000e+00
1.000000e+00,0.000000e+00,0.000000e+00,0.000000e+00,0.000000e+00,0.000000e+00,0.000000e+00,0.000000e+00,0.000000e+00,0.000000e+00,0.000000e+00,0.000000e+00,0.000000e+00,0.000000e+00,0.000000e+00
1.000000e+00,0.000000e+00,0.000000e+00,0.000000e+00,0.000000e+00,0.000000e+00,0.000000e+00,0.000000e+00,0.000000e+00,0.000000e+00,0.000000e+00,0.000000e+00,0.000000e+00,0.000000e+00,0.000000e+00
1.000000e+00,0.000000e+00,0.000000e+00,0.000000e+00,0.000000e+00,0.000000e+00,0.000000e+00,0.000000e+00,0.000000e+00,0.000000e+00,0.000000e+00,0.000000e+00,0.000000e+00,0.000000e+00,0.000000e+00
1.000000e+00,0.000000e+00,0.000000e+00,0.000000e+00,0.000000e+00,0.000000e+00,0.000000e+00,0.000000e+00,0.000000e+00,0.000000e+00,0.000000e+00,0.000000e+00,0.000000e+00,0.000000e+00,0.000000e+00
1.000000e+00,0.000000e+00,0.000000e+00,0.000000e+00,0.000000e+00,0.000000e+00,0.000000e+00,0.000000e+00,0.000000e+00,0.000000e+00,0.000000e+00,0.000000e+00,0.000000e+00,0.000000e+00,0.000000e+00
1.000000e+00,0.000000e+00,0.000000e+00,0.000000e+00,0.000000e+00,0.000000e+00,0.000000e+00,0.000000e+00,0.000000e+00,0.000000e+00,0.000000e+00,0.000000e+00,0.000000e+00,0.000000e+00,0.000000e+00
1.000000e+00,0.000000e+00,0.000000e+00,0.000000e+00,0.000000e+00,0.000000e+00,0.000000e+00,0.000000e+00,0.000000e+00,0.000000e+00,0.000000e+00,0.000000e+00,0.000000e+00,0.000000e+00,0.000000e+00
1.000000e+00,0.000000e+00,0.000000e+00,0.000000e+00,0.000000e+00,0.000000e+00,0.000000e+00,0.000000e+00,0.000000e+00,0.000000e+00,0.000000e+00,0.000000e+00,0.000000e+00,0.000000e+00,0.000000e+00
1.000000e+00,0.000000e+00,0.000000e+00,0.000000e+00,0.000000e+00,0.000000e+00,0.000000e+00,0.000000e+00,0.000000e+00,0.000000e+00,0.000000e+00,0.000000e+00,0.000000e+00,0.000000e+00,0.000000e+00
1.000000e+00,0.000000e+00,0.000000e+00,0.000000e+00,0.000000e+00,0.000000e+00,0.000000e+00,0.000000e+00,0.000000e+00,0.000000e+00,0.000000e+00,0.000000e+00,0.000000e+00,0.000000e+00,0.000000e+00
1.000000e+00,0.000000e+00,0.000000e+00,0.000000e+00,0.000000e+00,0.000000e+00,0.000000e+00,0.000000e+00,0.000000e+00,0.000000e+00,0.000000e+00,0.000000e+00,0.000000e+00,0.000000e+00,0.000000e+00
1.000000e+00,0.000000e+00,0.000000e+00,0.000000e+00,0.000000e+00,0.000000e+00,0.000000e+00,0.000000e+00,0.000000e+00,0.000000e+00,0.000000e+00,0.000000e+00,0.000000e+00,0.000000e+00,0.000000e+00
1.000000e+00,0.000000e+00,0.000000e+00,0.000000e+00,0.000000e+00,0.000000e+00,0.000000e+00,0.000000e+00,0.000000e+00,0.000000e+00,0.000000e+00,0.000000e+00,0.000000e+00,0.000000e+00,0.000000e+00
1.000000e+00,0.000000e+00,0.000000e+00,0.000000e+00,0.000000e+00,0.000000e+00,0.000000e+00,0.000000e+00,0.000000e+00,0.000000e+00,0.000000e+00,0.000000e+00,0.000000e+00,0.000000e+00,0.000000e+00
4.819348e-01,4.281834e-02,2.750316e-02,1.517939e-01,1.940111e-02,2.534351e-02,7.379677e-03,3.472976e-02,3.266060e-02,3.482246e-03,3.524908e-02,5.786028e-02,2.380672e-02,1.373080e-02,4.230597e-02
4.674873e-01,5.098453e-02,2.953274e-02,1.565497e-01,1.933471e-02,2.628430e-02,7.445618e-03,2.987438e-02,3.238786e-02,3.958772e-03,3.747146e-02,5.517563e-02,2.261614e-02,1.430710e-02,4.658987e-02
4.621380e-01,5.137925e-02,2.923535e-02,1.569026e-01,1.828203e-02,2.678093e-02,7.483182e-03,2.742454e-02,3.316015e-02,3.870883e-03,3.995290e-02,5.627147e-02,2.423152e-02,1.607057e-02,4.681670e-02
1.000000e+00,0.000000e+00,0.000000e+00,0.000000e+00,0.000000e+00,0.000000e+00,0.000000e+00,0.000000e+00,0.000000e+00,0.000000e+00,0.000000e+00,0.000000e+00,0.000000e+00,0.000000e+00,0.000000e+00
4.869387e-01,4.227943e-02,2.744432e-02,1.815742e-01,1.473352e-02,2.294881e-02,6.560273e-03,3.964018e-02,2.490326e-02,2.986791e-03,2.989755e-02,4.685495e-02,2.380833e-02,1.299705e-02,3.643270e-02
1.000000e+00,0.000000e+00,0.000000e+00,0.000000e+00,0.000000e+00,0.000000e+00,0.000000e+00,0.000000e+00,0.000000e+00,0.000000e+00,0.000000e+00,0.000000e+00,0.000000e+00,0.000000e+00,0.000000e+00
1.000000e+00,0.000000e+00,0.000000e+00,0.000000e+00,0.000000e+00,0.000000e+00,0.000000e+00,0.000000e+00,0.000000e+00,0.000000e+00,0.000000e+00,0.000000e+00,0.000000e+00,0.000000e+00,0.000000e+00
1.000000e+00,0.000000e+00,0.000000e+00,0.000000e+00,0.000000e+00,0.000000e+00,0.000000e+00,0.000000e+00,0.000000e+00,0.000000e+00,0.000000e+00,0.000000e+00,0.000000e+00,0.000000e+00,0.000000e+00
1.000000e+00,0.000000e+00,0.000000e+00,0.000000e+00,0.000000e+00,0.000000e+00,0.000000e+00,0.000000e+00,0.000000e+00,0.000000e+00,0.000000e+00,0.000000e+00,0.000000e+00,0.000000e+00,0.000000e+00
1.000000e+00,0.000000e+00,0.000000e+00,0.000000e+00,0.000000e+00,0.000000e+00,0.000000e+00,0.000000e+00,0.000000e+00,0.000000e+00,0.000000e+00,0.000000e+00,0.000000e+00,0.000000e+00,0.000000e+00
1.000000e+00,0.000000e+00,0.000000e+00,0.000000e+00,0.000000e+00,0.000000e+00,0.000000e+00,0.000000e+00,0.000000e+00,0.000000e+00,0.000000e+00,0.000000e+00,0.000000e+00,0.000000e+00,0.000000e+00
1.000000e+00,0.000000e+00,0.000000e+00,0.000000e+00,0.000000e+00,0.000000e+00,0.000000e+00,0.000000e+00,0.000000e+00,0.000000e+00,0.000000e+00,0.000000e+00,0.000000e+00,0.000000e+00,0.000000e+00
1.000000e+00,0.000000e+00,0.000000e+00,0.000000e+00,0.000000e+00,0.000000e+00,0.000000e+00,0.000000e+00,0.000000e+00,0.000000e+00,0.000000e+00,0.000000e+00,0.000000e+00,0.000000e+00,0.000000e+00
1.000000e+00,0.000000e+00,0.000000e+00,0.000000e+00,0.000000e+00,0.000000e+00,0.000000e+00,0.000000e+00,0.000000e+00,0.000000e+00,0.000000e+00,0.000000e+00,0.000000e+00,0.000000e+00,0.000000e+00
1.000000e+00,0.000000e+00,0.000000e+00,0.000000e+00,0.000000e+00,0.000000e+00,0.000000e+00,0.000000e+00,0.000000e+00,0.000000e+00,0.000000e+00,0.000000e+00,0.000000e+00,0.000000e+00,0.000000e+00
1.000000e+00,0.000000e+00,0.000000e+00,0.000000e+00,0.000000e+00,0.000000e+00,0.000000e+00,0.000000e+00,0.000000e+00,0.000000e+00,0.000000e+00,0.000000e+00,0.000000e+00,0.000000e+00,0.000000e+00
4.710143e-01,1.162292e-02,6.174472e-02,4.104268e-02,4.202306e-03,1.822402e-02,6.786882e-03,3.386377e-01,2.859439e-03,9.901874e-04,6.920564e-03,1.449096e-02,8.765123e-03,1.947648e-03,1.075063e-02
3.697129e-01,9.503895e-03,5.675503e-02,3.056468e-02,4.775791e-03,1.958495e-02,8.966910e-03,4.610152e-01,2.283553e-03,2.438267e-03,5.495398e-03,1.121188e-02,7.225863e-03,1.794234e-03,8.671518e-03
2.932819e-01,7.429550e-03,4.443472e-02,2.264500e-02,4.730154e-03,1.659277e-02,8.156366e-03,5.654657e-01,2.153751e-03,4.566604e-03,4.696321e-03,9.133533e-03,6.665028e-03,2.366050e-03,7.682502e-03
2.064019e-01,5.347239e-03,3.146717e-02,1.963905e-02,3.672338e-03,1.198179e-02,5.942094e-03,4.420333e-01,1.674642e-03,7.204177e-03,4.209324e-02,1.726506e-01,2.717680e-02,1.713599e-02,5.579683e-03
1.447140e-01,3.784598e-03,2.214740e-02,1.806574e-02,2.640029e-03,8.528215e-03,4.208380e-03,3.221568e-01,1.335984e-03,1.104389e-02,6.448706e-02,3.080002e-01,4.039253e-02,4.439685e-02,4.098400e-03
1.023161e-01,2.807060e-03,1.564543e-02,1.556445e-02,2.189118e-03,6.281520e-03,3.034446e-03,2.272345e-01,4.012534e-03,1.221326e-02,8.666092e-02,4.431028e-01,3.111368e-02,4.470611e-02,3.118146e-03
7.221071e-02,2.312492e-03,1.137252e-02,2.260023e-02,3.362187e-03,6.549344e-03,2.207814e-03,1.607041e-01,9.732132e-03,4.176193e-02,9.570830e-02,5.039832e-01,2.314794e-02,4.165582e-02,2.691300e-03
5.105698e-02,2.073586e-03,8.476236e-03,2.981326e-02,5.419409e-03,9.217856e-03,1.620684e-03,1.134789e-01,1.122391e-02,3.302268e-02,1.117590e-01,5.674447e-01,1.704778e-02,3.573050e-02,2.614516e-03
3.708170e-02,1.743986e-03,6.415470e-03,4.071232e-02,1.397646e-02,1.025915e-02,1.213261e-03,7.973646e-02,1.026634e-02,2.504776e-02,1.592614e-01,5.705103e-01,1.258453e-02,2.847231e-02,2.718583e-03
2.637482e-02,1.343497e-03,4.642535e-03,3.893746e-02,1.910625e-02,8.699186e-03,8.769256e-04,5.594518e-02,8.492137e-03,1.803618e-02,2.402913e-01,5.435670e-01,9.114006e-03,2.244404e-02,2.129531e-03
1.878033e-02,1.246670e-03,3.451283e-03,3.064250e-02,2.399289e-02,7.042917e-03,6.223217e-04,3.924349e-02,8.172026e-03,1.315845e-02,2.522601e-01,5.726826e-01,6.789517e-03,2.024940e-02,1.665468e-03
1.327119e-02,1.293090e-03,2.622750e-03,2.268568e-02,3.030834e-02,5.687066e-03,4.610045e-04,2.753193e-02,8.433225e-03,9.840323e-03,2.399102e-01,6.139769e-01,5.319378e-03,1.725633e-02,1.402547e-03
9.546665e-03,1.248861e-03,2.215816e-03,1.651810e-02,4.241180e-02,5.646579e-03,4.787879e-04,1.980148e-02,7.790430e-03,8.102197e-03,2.025533e-01,6.630020e-01,4.173365e-03,1.532088e-02,1.189705e-03
7.271045e-03,1.921868e-03,1.803009e-03,1.174767e-02,5.297926e-02,4.642503e-03,4.492647e-04,1.434971e-02,1.235755e-02,6.218563e-03,1.554952e-01,7.144040e-01,3.115991e-03,1.228953e-02,9.547583e-04
5.702167e-03,3.110573e-03,1.592810e-03,8.528440e-03,4.478384e-02,3.583318e-03,4.182377e-04,1.076877e-02,1.318576e-02,5.420158e-03,1.190748e-01,7.707539e-01,2.387552e-03,9.886282e-03,8.033952e-04
4.443509e-03,4.125130e-03,2.024701e-03,6.368199e-03,4.354281e-02,3.406804e-03,4.106990e-04,1.117392e-02,1.252348e-02,5.242568e-03,1.364039e-01,7.594351e-01,1.768830e-03,8.514415e-03,6.159960e-04
3.839697e-03,3.701622e-03,2.215045e-03,5.071211e-03,3.962867e-02,3.702199e-03,4.570341e-04,1.121370e-02,1.033726e-02,5.299041e-03,1.214365e-01,7.834913e-01,1.374807e-03,7.776118e-03,4.558473e-04
3.590812e-03,7.369244e-03,4.764117e-03,7.576859e-03,5.039904e-02,1.311519e-02,1.536402e-03,3.784501e-02,8.892289e-03,4.701349e-03,9.549430e-02,7.570875e-01,1.115447e-03,6.168545e-03,3.438556e-04
3.975065e-03,6.594929e-03,5.168566e-03,8.948654e-03,6.206792e-02,1.733470e-02,7.398989e-03,6.207653e-02,7.371341e-03,4.218346e-03,8.113085e-02,7.271358e-01,1.112885e-03,5.177219e-03,2.881348e-04
4.534690e-03,7.132377e-03,9.902974e-03,1.119148e-02,5.962535e-02,5.213265e-02,2.300787e-02,9.467129e-02,5.988903e-03,4.166787e-03,6.285819e-02,6.593648e-01,1.088576e-03,4.088174e-03,2.458664e-04
4.575595e-03,5.658869e-03,1.073909e-02,1.010220e-02,4.802319e-02,2.079085e-01,4.013104e-02,8.728872e-02,4.914619e-03,4.110170e-03,5.424198e-02,5.177118e-01,1.308946e-03,3.089110e-03,1.960750e-04
9.083222e-03,4.623649e-03,8.569362e-03,7.411852e-03,3.750144e-02,2.644891e-01,3.728265e-02,6.378833e-02,3.909167e-03,6.540356e-03,1.288775e-01,4.224661e-01,2.258436e-03,2.881951e-03,3.169095e-04
1.416351e-02,4.767817e-03,1.001807e-02,6.306307e-03,3.207769e-02,3.263235e-01,3.523670e-02,5.128737e-02,3.211000e-03,1.335082e-02,1.411002e-01,3.557700e-01,2.542937e-03,3.233488e-03,6.105722e-04
1.812328e-02,3.868515e-03,1.114911e-02,4.981136e-03,2.637528e-02,2.598837e-01,2.932959e-02,3.933643e-02,3.456518e-03,1.607294e-02,3.162720e-01,2.616629e-01,4.701682e-03,3.974514e-03,8.123280e-04
2.186232e-02,4.314733e-03,1.244580e-02,3.722901e-03,2.361424e-02,1.997415e-01,2.216144e-02,2.951711e-02,3.228759e-03,2.877052e-02,4.484947e-01,1.916087e-01,4.376935e-03,4.707447e-03,1.432865e-03
3.682515e-02,4.328435e-03,4.550245e-02,4.653872e-03,3.901274e-02,1.471227e-01,1.729928e-02,3.418911e-02,7.715253e-03,5.087108e-02,4.452698e-01,1.559372e-01,4.395049e-03,4.871620e-03,2.006270e-03
4.383408e-02,4.401017e-03,3.581001e-02,4.640992e-03,4.731013e-02,1.079611e-01,1.258218e-02,3.043053e-02,1.875664e-02,1.504600e-01,3.928906e-01,1.368726e-01,5.204615e-03,5.817050e-03,3.028455e-03
4.865683e-02,4.790938e-03,2.912583e-02,5.259348e-03,5.170522e-02,8.901119e-02,9.320588e-03,3.212722e-02,2.276872e-02,2.158488e-01,3.469523e-01,1.266207e-01,7.940929e-03,6.529093e-03,3.342419e-03
4.869056e-02,8.497117e-03,4.005160e-02,6.153335e-03,6.122114e-02,7.796000e-02,7.859338e-03,4.532479e-02,2.179697e-02,2.129998e-01,3.235356e-01,1.263512e-01,8.529653e-03,6.125038e-03,4.903913e-03
4.959059e-02,1.563440e-02,5.364754e-02,6.162543e-03,5.838684e-02,6.288730e-02,6.455213e-03,6.633963e-02,2.338811e-02,2.146229e-01,2.572420e-01,1.658698e-01,6.976751e-03,6.358638e-03,6.437839e-03
4.739463e-02,1.735426e-02,9.716941e-02,4.507183e-02,6.483207e-02,7.950798e-02,4.999680e-03,1.174600e-01,2.913059e-02,1.635900e-01,1.888675e-01,1.252931e-01,5.366384e-03,5.281976e-03,8.680640e-03
5.669119e-02,1.610380e-02,8.139352e-02,3.744187e-02,9.652821e-02,1.276743e-01,6.972508e-03,8.792231e-02,2.991996e-02,1.343983e-01,1.690079e-01,1.211509e-01,5.239902e-03,6.671180e-03,2.288418e-02
5.695073e-02,1.410556e-02,6.915181e-02,3.910581e-02,1.398108e-01,1.935510e-01,1.167650e-02,7.750961e-02,2.511868e-02,9.626383e-02,1.368405e-01,1.121374e-01,5.067925e-03,5.521065e-03,1.718880e-02
6.727671e-02,1.617295e-02,5.544547e-02,3.262993e-02,1.324599e-01,1.676389e-01,1.050241e-02,7.334198e-02,2.493516e-02,6.924346e-02,1.169409e-01,2.025436e-01,4.418452e-03,6.052625e-03,2.039750e-02
5.722430e-02,2.961661e-02,5.218360e-02,1.011312e-01,1.692145e-01,1.433188e-01,9.522448e-03,1.012649e-01,2.217764e-02,5.011917e-02,8.903975e-02,1.452533e-01,3.401553e-03,4.753357e-03,2.177892e-02
7.142155e-02,2.806955e-02,9.209530e-02,1.490611e-01,1.563372e-01,1.181484e-01,1.019983e-02,8.031569e-02,2.781182e-02,3.652713e-02,6.469817e-02,1.175014e-01,4.340935e-03,4.119600e-03,3.935234e-02
9.187962e-02,3.774228e-02,1.155782e-01,1.611995e-01,1.570072e-01,1.021145e-01,1.248702e-02,6.399985e-02,2.222402e-02,2.634611e-02,5.141311e-02,1.158480e-01,5.395055e-03,3.539606e-03,3.322605e-02
1.021008e-01,3.976335e-02,1.221718e-01,1.273089e-01,1.789570e-01,1.168145e-01,1.183983e-02,5.111645e-02,1.908866e-02,1.885969e-02,4.693758e-02,1.302669e-01,6.665107e-03,3.037654e-03,2.507190e-02
1.770789e-01,4.142948e-02,9.873426e-02,1.171363e-01,1.859784e-01,9.245214e-02,1.118833e-02,4.169582e-02,2.288320e-02,1.522594e-02,4.115393e-02,1.183278e-01,7.212700e-03,3.437128e-03,2.606569e-02
2.456044e-01,4.430011e-02,8.373473e-02,9.696184e-02,1.860045e-01,7.540422e-02,9.770405e-03,3.244109e-02,3.579833e-02,1.210569e-02,3.645681e-02,1.054921e-01,1.086821e-02,3.682957e-03,2.137456e-02
2.902946e-01,4.970085e-02,6.453952e-02,9.597941e-02,1.385220e-01,5.881507e-02,8.163994e-03,2.427989e-02,3.039490e-02,1.128217e-02,2.787759e-02,7.942008e-02,1.500091e-02,6.827623e-03,9.890138e-02
3.251487e-01,3.853538e-02,4.792265e-02,6.841732e-02,1.122225e-01,1.570039e-01,6.953784e-03,1.970040e-02,2.394082e-02,1.019358e-02,2.075267e-02,5.629526e-02,1.284593e-02,1.237826e-02,8.768882e-02
2.634545e-01,2.889183e-02,3.437572e-02,4.839787e-02,8.109348e-02,3.328233e-01,5.074176e-03,1.502058e-02,1.718236e-02,1.217423e-02,1.580638e-02,3.996633e-02,9.658698e-03,1.857505e-02,7.750551e-02
2.670524e-01,2.306055e-02,2.465070e-02,3.657804e-02,6.043050e-02,3.171673e-01,4.128262e-03,1.090467e-02,1.477171e-02,7.350748e-02,1.275320e-02,2.847862e-02,7.412087e-03,2.148022e-02,9.762432e-02
2.002544e-01,1.794094e-02,1.812853e-02,2.769767e-02,4.289902e-02,2.662122e-01,2.976932e-03,7.778726e-03,1.351500e-02,2.212553e-01,9.389456e-03,2.008132e-02,5.577936e-03,2.087284e-02,1.254198e-01
1.409083e-01,1.264659e-02,1.325704e-02,1.950121e-02,3.008637e-02,1.902892e-01,2.116729e-03,5.477313e-03,1.098840e-02,4.137511e-01,6.673147e-03,1.407200e-02,3.969934e-03,1.609986e-02,1.201629e-01
1.088585e-01,1.075911e-02,1.055982e-01,3.818823e-02,2.323244e-02,1.423124e-01,1.814861e-03,4.575650e-03,1.355384e-02,3.920168e-01,6.843747e-03,1.060750e-02,4.393342e-03,1.396216e-02,1.232832e-01
8.139812e-02,9.413007e-03,1.770358e-01,3.261242e-02,1.717539e-02,1.066952e-01,1.343853e-03,3.797104e-03,1.029121e-02,4.180183e-01,5.538647e-03,7.610250e-03,3.752767e-03,1.131483e-02,1.140031e-01
8.793039e-02,8.218084e-03,1.355280e-01,2.479406e-02,1.247330e-02,7.626256e-02,1.036101e-03,4.624446e-03,1.384101e-02,4.637406e-01,5.073614e-03,5.852583e-03,4.779821e-03,1.572421e-02,1.401212e-01
8.902922e-02,7.996957e-03,1.031976e-01,1.919896e-02,9.279956e-03,5.485656e-02,8.261862e-04,4.753615e-03,1.837336e-02,4.655734e-01,4.850104e-03,4.404465e-03,4.799910e-03,2.050621e-02,1.923535e-01
6.687438e-02,9.794616e-03,7.858086e-02,1.683187e-02,6.654607e-03,3.911443e-02,6.477586e-04,3.644058e-03,3.093911e-02,4.424707e-01,3.734004e-03,3.197269e-03,3.618747e-03,2.519768e-02,2.686999e-01
4.993416e-02,9.348297e-03,8.285897e-02,2.901613e-02,4.946229e-03,2.764758e-02,4.848746e-04,2.678117e-03,5.533756e-02,3.498695e-01,3.377461e-03,2.475556e-03,2.803601e-03,2.243389e-02,3.567881e-01
3.756336e-02,7.809451e-03,6.127818e-02,2.324344e-02,3.531030e-03,1.950372e-02,3.601513e-04,1.906029e-03,7.062535e-02,3.183534e-01,3.346520e-03,2.023527e-03,2.468179e-03,2.215526e-02,4.258323e-01
3.216431e-02,1.189364e-02,4.491231e-02,1.873582e-02,3.252029e-03,1.415664e-02,2.922064e-04,1.443980e-03,6.956233e-02,2.369560e-01,3.612145e-03,1.871841e-03,3.732403e-03,3.828865e-02,5.191256e-01
4.605670e-02,1.528987e-02,3.371738e-02,2.004874e-02,4.291603e-03,1.200529e-02,4.024772e-04,1.539613e-03,5.975957e-02,1.764092e-01,4.969070e-03,3.374298e-03,9.326354e-03,4.358276e-02,5.692270e-01
5.478579e-02,1.908766e-02,2.566263e-02,1.763903e-02,3.908325e-03,9.149197e-03,3.842525e-04,1.322693e-03,5.413256e-02,1.445130e-01,4.156444e-03,2.777979e-03,7.296074e-03,6.171244e-02,5.934719e-01
1.207312e-01,2.766909e-02,2.718705e-02,9.856793e-02,3.603840e-03,9.276339e-03,1.488551e-03,3.920245e-03,5.183436e-02,1.038222e-01,4.493447e-03,3.639282e-03,6.996614e-03,4.602234e-02,4.907475e-01
1.929710e-01,2.679921e-02,2.019495e-02,8.464549e-02,3.438151e-03,9.652109e-03,1.389062e-03,3.614433e-03,7.161907e-02,7.501104e-02,4.803157e-03,3.620405e-03,8.111993e-03,3.585527e-02,4.582747e-01
2.030699e-01,3.195470e-02,1.725057e-02,1.088520e-01,3.027141e-03,1.369990e-02,1.900994e-03,7.976683e-03,1.546367e-01,5.441385e-02,6.550094e-03,5.636497e-03,8.973190e-03,2.602946e-02,3.560283e-01
2.369189e-01,3.116383e-02,4.186748e-02,1.602598e-01,3.282568e-03,1.570461e-02,2.473470e-03,1.554171e-02,1.381643e-01,3.951673e-02,8.101997e-03,7.706469e-03,1.223869e-02,1.937985e-02,2.676797e-01
2.326085e-01,3.545091e-02,4.054567e-02,1.532813e-01,2.726686e-03,1.384091e-02,1.987630e-03,1.423440e-02,1.222502e-01,5.051099e-02,1.046821e-02,9.892434e-03,1.823360e-02,1.488651e-02,2.790821e-01
2.260075e-01,8.661815e-02,3.329296e-02,1.330453e-01,6.967664e-03,1.379186e-02,2.140402e-03,1.240950e-02,1.409435e-01,3.965180e-02,2.789156e-02,9.466728e-03,3.492293e-02,1.218581e-02,2.206644e-01
2.497517e-01,1.173157e-01,2.655707e-02,1.143056e-01,8.513408e-03,1.245512e-02,1.828972e-03,1.264643e-02,1.500344e-01,3.403880e-02,2.853948e-02,1.005311e-02,3.945750e-02,1.035123e-02,1.841515e-01
2.854639e-01,9.115759e-02,2.210809e-02,9.547739e-02,1.218316e-02,1.501980e-02,8.350662e-03,2.272173e-02,1.291471e-01,2.887597e-02,3.811067e-02,1.979015e-02,7.629278e-02,8.591475e-03,1.467096e-01
2.092229e-01,6.675701e-02,1.965154e-02,1.098109e-01,1.660256e-02,1.399415e-02,1.412010e-02,9.868062e-02,1.006446e-01,2.615544e-02,6.164575e-02,1.817757e-02,8.032592e-02,6.998490e-03,1.572125e-01
1.586487e-01,4.795607e-02,2.131644e-02,8.459145e-02,1.819206e-02,1.205758e-02,1.153621e-01,1.706984e-01,7.442581e-02,2.090328e-02,4.704167e-02,1.415827e-02,6.777902e-02,5.037938e-03,1.418313e-01
2.366067e-01,3.901854e-02,2.411611e-02,7.739540e-02,2.763531e-02,2.336810e-02,1.006195e-01,1.803283e-01,5.561714e-02,1.564203e-02,3.663298e-02,1.320604e-02,5.735429e-02,4.260439e-03,1.081991e-01
2.706273e-01,3.219401e-02,2.660327e-02,6.508658e-02,2.916385e-02,2.920581e-02,8.634631e-02,2.194081e-01,4.098767e-02,1.239452e-02,2.870495e-02,1.295716e-02,5.087109e-02,3.827973e-03,9.162152e-02
3.509484e-01,2.813724e-02,2.449322e-02,5.332805e-02,2.408614e-02,4.777265e-02,7.856511e-02,1.801316e-01,3.070542e-02,1.118469e-02,2.253931e-02,2.128047e-02,4.615249e-02,3.509869e-03,7.716528e-02
4.122239e-01,2.396723e-02,2.347169e-02,4.869322e-02,2.116663e-02,4.968710e-02,8.378982e-02,1.603365e-01,2.295799e-02,1.017024e-02,1.767573e-02,1.973145e-02,4.038633e-02,3.235007e-03,6.250718e-02
1.000000e+00,0.000000e+00,0.000000e+00,0.000000e+00,0.000000e+00,0.000000e+00,0.000000e+00,0.000000e+00,0.000000e+00,0.000000e+00,0.000000e+00,0.000000e+00,0.000000e+00,0.000000e+00,0.000000e+00
1.000000e+00,0.000000e+00,0.000000e+00,0.000000e+00,0.000000e+00,0.000000e+00,0.000000e+00,0.000000e+00,0.000000e+00,0.000000e+00,0.000000e+00,0.000000e+00,0.000000e+00,0.000000e+00,0.000000e+00
1.000000e+00,0.000000e+00,0.000000e+00,0.000000e+00,0.000000e+00,0.000000e+00,0.000000e+00,0.000000e+00,0.000000e+00,0.000000e+00,0.000000e+00,0.000000e+00,0.000000e+00,0.000000e+00,0.000000e+00
4.143503e-01,1.147187e-02,1.865103e-02,2.378613e-02,1.287378e-02,3.724444e-02,5.766882e-02,3.348795e-01,1.113611e-02,3.683532e-03,6.315517e-03,2.085679e-02,1.946737e-02,2.597659e-03,2.501720e-02
3.184978e-01,8.446534e-03,1.501896e-02,1.758889e-02,1.141695e-02,3.000162e-02,5.491833e-02,4.760912e-01,8.759961e-03,2.645301e-03,4.910878e-03,1.606800e-02,1.550922e-02,1.944413e-03,1.818192e-02
2.713041e-01,6.447884e-03,1.333294e-02,1.341181e-02,9.918114e-03,2.816343e-02,5.009108e-02,5.518935e-01,6.857859e-03,2.029071e-03,4.007717e-03,1.436593e-02,1.249577e-02,1.631434e-03,1.404933e-02
2.563240e-01,4.855868e-03,1.100574e-02,9.976912e-03,9.778151e-03,2.576466e-02,4.233485e-02,5.939517e-01,5.298620e-03,1.682736e-03,3.294626e-03,1.384423e-02,9.799969e-03,1.272233e-03,1.081571e-02
2.253444e-01,3.613147e-03,9.428116e-03,7.473634e-03,9.788562e-03,2.146040e-02,5.498718e-02,6.315973e-01,3.892928e-03,1.293625e-03,2.534380e-03,1.193173e-02,7.663318e-03,9.857385e-04,8.005441e-03
1.803871e-01,2.718475e-03,7.504218e-03,5.880576e-03,1.332199e-02,1.695781e-02,4.860169e-02,6.958208e-01,2.918399e-03,1.033262e-03,1.970918e-03,9.339020e-03,6.881277e-03,7.521368e-04,5.912306e-03
1.500952e-01,2.125132e-03,6.336863e-03,4.725208e-03,1.342570e-02,1.588129e-02,4.991517e-02,7.318444e-01,2.160673e-03,9.856359e-04,1.657340e-03,7.940848e-03,7.504044e-03,6.326612e-04,4.769796e-03
1.244481e-01,1.611840e-03,5.163794e-03,3.930833e-03,1.358514e-02,1.259921e-02,3.986403e-02,7.780054e-01,1.667316e-03,8.065035e-04,1.509192e-03,6.378326e-03,6.289814e-03,5.174295e-04,3.623052e-03
1.195833e-01,1.283263e-03,4.366009e-03,3.366970e-03,1.273415e-02,1.130653e-02,3.243395e-02,7.962278e-01,1.430367e-03,7.009491e-04,1.288325e-03,6.129960e-03,5.502438e-03,5.440390e-04,3.101871e-03
1.118237e-01,1.037629e-03,3.665869e-03,2.845902e-03,1.168645e-02,1.050874e-02,2.910229e-02,8.131803e-01,1.263856e-03,5.812024e-04,1.073365e-03,5.349202e-03,4.801354e-03,5.118676e-04,2.568214e-03
1.310487e-01,2.176444e-03,4.258431e-03,1.601974e-02,1.252174e-02,1.521446e-02,2.184281e-02,7.492982e-01,2.936293e-03,1.612459e-03,4.484810e-03,1.670970e-02,1.235940e-02,1.692269e-03,7.824464e-03
1.507727e-01,4.922789e-03,4.608167e-03,2.617247e-02,1.510230e-02,1.753447e-02,1.601242e-02,6.499295e-01,6.727334e-03,5.458765e-03,2.086994e-02,2.569093e-02,3.388416e-02,3.592431e-03,1.872152e-02
1.737513e-01,6.573475e-03,5.874198e-03,2.295829e-02,2.141331e-02,1.446153e-02,1.252158e-02,5.605394e-01,1.333579e-02,2.363636e-02,2.687845e-02,2.166300e-02,4.154053e-02,8.502162e-03,4.635066e-02
1.730504e-01,6.196611e-03,4.903629e-03,2.276480e-02,2.043391e-02,1.375020e-02,1.532404e-02,4.330916e-01,1.875719e-02,4.013902e-02,4.253117e-02,2.051094e-02,6.254946e-02,8.525815e-03,1.174713e-01
1.552854e-01,1.185210e-02,4.117978e-03,3.406347e-02,1.847261e-02,1.271221e-02,1.623019e-02,3.290682e-01,4.939546e-02,7.868598e-02,3.982303e-02,1.697619e-02,7.762025e-02,8.722043e-03,1.469749e-01
1.370602e-01,1.000799e-02,3.307664e-03,2.914122e-02,1.773075e-02,1.063571e-02,1.680985e-02,2.392832e-01,4.089830e-02,6.149359e-02,3.152728e-02,1.413481e-02,2.023388e-01,8.360364e-03,1.772703e-01
1.221265e-01,9.123584e-03,2.471230e-03,2.241159e-02,1.934642e-02,1.144320e-02,1.644772e-02,1.730381e-01,3.187387e-02,4.510261e-02,2.527784e-02,1.759032e-02,3.270352e-01,7.007136e-03,1.697046e-01
9.310738e-02,6.688245e-03,1.798976e-03,1.586398e-02,1.630904e-02,8.687452e-03,1.218336e-02,1.219132e-01,2.324102e-02,3.177007e-02,1.878005e-02,3.655364e-02,4.679557e-01,5.065505e-03,1.400824e-01
6.709035e-02,4.874701e-03,1.571053e-03,1.119560e-02,1.794574e-02,7.544179e-03,9.426866e-03,8.566809e-02,1.705164e-02,2.238628e-02,1.471356e-02,5.128922e-02,5.670941e-01,3.706986e-03,1.184416e-01
5.041330e-02,3.846965e-03,6.586667e-03,9.705555e-03,3.299773e-02,8.035546e-03,1.298171e-02,6.910153e-02,1.330302e-02,1.591366e-02,1.325550e-02,4.389629e-02,6.248721e-01,2.986588e-03,9.210386e-02
4.216824e-02,3.579952e-03,5.762774e-03,7.286360e-03,3.579472e-02,1.692631e-02,1.002677e-02,5.034074e-02,1.105003e-02,1.128983e-02,9.799475e-03,3.916872e-02,6.865728e-01,2.416844e-03,6.781647e-02
4.257428e-02,2.975415e-03,5.099670e-03,5.377209e-03,3.631635e-02,3.485009e-02,9.021190e-03,3.693430e-02,9.292270e-03,8.023940e-03,7.036951e-03,3.150176e-02,7.196548e-01,1.779828e-03,4.956195e-02
4.157807e-02,6.125080e-03,6.056142e-02,4.074812e-02,4.689104e-02,5.563834e-02,7.564332e-03,3.500203e-02,1.808781e-02,7.415629e-03,6.361957e-03,2.335366e-02,6.121740e-01,1.312163e-03,3.718638e-02
4.983002e-02,6.450790e-03,5.297574e-02,2.987521e-02,4.064761e-02,4.501866e-02,6.986716e-03,2.796363e-02,2.289010e-02,5.303191e-03,5.154404e-03,1.689052e-02,6.621417e-01,1.124195e-03,2.674750e-02
6.929804e-02,4.546928e-02,9.264496e-02,2.915565e-02,3.271920e-02,5.391652e-02,7.134441e-03,2.450744e-02,4.060560e-02,4.603962e-03,5.534486e-03,1.304169e-02,5.515340e-01,1.064230e-03,2.877055e-02
1.271143e-01,3.625552e-02,6.989827e-02,2.192003e-02,2.814400e-02,4.293667e-02,7.222314e-03,2.543825e-02,3.599767e-02,3.450337e-03,4.383722e-03,1.135170e-02,5.618107e-01,1.664547e-03,2.241202e-02
1.582925e-01,2.931659e-02,5.201475e-02,1.695642e-02,2.246270e-02,3.536837e-02,6.250647e-03,1.928682e-02,3.199297e-02,2.583210e-03,3.574497e-03,8.804682e-03,5.940244e-01,1.974124e-03,1.709734e-02
2.025563e-01,3.212903e-02,3.717832e-02,1.766244e-02,1.892621e-02,4.307913e-02,5.547819e-03,1.533705e-02,3.525063e-02,2.226025e-03,3.010149e-03,8.926389e-03,5.585815e-01,1.876302e-03,1.771280e-02
1.565935e-01,7.039846e-02,4.701080e-02,4.447538e-02,1.484303e-02,3.781223e-02,6.963384e-03,1.457957e-02,9.152552e-02,6.199845e-03,3.918475e-03,1.061430e-02,4.682968e-01,1.933268e-03,2.483558e-02
1.420394e-01,6.327555e-02,4.983415e-02,5.948123e-02,1.188034e-02,5.384468e-02,6.478897e-03,1.206215e-02,9.555949e-02,9.322930e-03,4.540805e-03,1.177271e-02,4.337964e-01,1.892346e-03,4.421895e-02
1.293958e-01,6.348523e-02,1.029314e-01,1.734510e-01,1.118531e-02,4.189833e-02,4.934975e-03,9.517403e-03,7.163528e-02,7.951070e-03,6.146909e-03,1.631482e-02,3.216649e-01,1.647189e-03,3.784047e-02
1.469932e-01,5.327385e-02,9.855762e-02,1.793225e-01,9.736856e-03,3.323567e-02,3.903040e-03,7.512731e-03,6.335559e-02,9.564765e-03,1.163303e-02,1.637087e-02,2.768617e-01,3.580452e-03,8.609810e-02
2.740745e-01,5.367776e-02,7.434198e-02,1.365147e-01,1.261087e-02,2.896811e-02,4.979203e-03,8.585620e-03,5.782285e-02,9.555936e-03,1.227904e-02,1.459347e-02,2.331737e-01,4.984022e-03,7.383826e-02
2.769911e-01,7.042280e-02,5.475799e-02,1.084856e-01,1.554735e-02,2.676497e-02,5.371953e-03,7.718868e-03,1.196709e-01,1.158341e-02,1.127033e-02,1.225520e-02,1.822577e-01,5.779798e-03,9.112209e-02
2.380768e-01,8.030199e-02,4.489245e-02,1.367382e-01,2.081938e-02,2.234368e-02,5.428974e-03,7.414113e-03,1.565332e-01,1.429583e-02,1.230975e-02,1.589893e-02,1.341491e-01,4.959359e-03,1.058384e-01
2.608829e-01,6.464553e-02,6.666279e-02,1.836437e-01,1.959903e-02,2.205918e-02,7.305841e-03,1.314378e-02,1.235239e-01,1.084989e-02,1.335202e-02,2.100710e-02,1.019800e-01,4.248732e-03,8.709569e-02
2.381432e-01,6.435052e-02,5.774353e-02,1.681219e-01,1.983070e-02,2.147990e-02,6.264259e-03,1.150586e-02,1.238421e-01,9.530136e-03,1.478002e-02,1.845803e-02,8.300275e-02,7.044359e-03,1.559027e-01
2.897403e-01,6.512532e-02,4.648378e-02,1.441627e-01,3.307940e-02,2.740181e-02,8.244637e-03,1.272900e-02,1.041045e-01,7.726979e-03,1.908860e-02,1.872724e-02,8.238400e-02,8.230976e-03,1.327707e-01
2.093308e-01,6.112720e-02,1.207277e-01,1.437920e-01,3.081420e-02,2.332548e-02,6.631883e-03,9.701152e-03,1.115692e-01,1.540185e-02,1.506217e-02,1.450216e-02,6.828765e-02,8.023181e-03,1.617033e-01
1.799189e-01,6.379218e-02,1.040177e-01,1.259783e-01,3.244574e-02,2.958349e-02,5.640537e-03,8.586677e-03,9.905859e-02,1.841840e-02,1.561893e-02,1.773307e-02,6.518429e-02,9.597234e-03,2.244261e-01
2.048562e-01,5.732506e-02,7.881591e-02,9.695044e-02,3.576242e-02,3.113262e-02,5.304469e-03,1.689791e-02,8.970277e-02,1.726558e-02,1.485956e-02,1.714698e-02,7.485483e-02,1.411792e-02,2.450073e-01
2.642019e-01,5.518462e-02,6.538747e-02,8.030950e-02,4.250339e-02,2.611027e-02,5.248771e-03,2.352996e-02,8.563491e-02,1.792356e-02,1.633122e-02,1.927751e-02,7.717739e-02,1.425331e-02,2.069262e-01
2.719797e-01,5.335912e-02,5.770462e-02,6.844401e-02,5.082484e-02,2.406882e-02,5.120860e-03,2.396032e-02,8.132558e-02,1.796710e-02,1.479068e-02,1.817209e-02,1.077859e-01,1.331058e-02,1.911857e-01
3.489062e-01,5.050096e-02,4.754218e-02,6.568608e-02,4.583336e-02,2.292332e-02,5.657279e-03,2.660006e-02,6.864621e-02,1.612924e-02,1.275980e-02,1.907755e-02,1.093172e-01,1.128061e-02,1.491399e-01
4.039115e-01,4.128819e-02,3.663709e-02,5.267336e-02,4.380710e-02,2.042099e-02,5.744269e-03,2.725311e-02,5.956381e-02,1.363669e-02,1.059221e-02,1.675425e-02,1.492917e-01,9.277223e-03,1.091485e-01
3.611173e-01,9.495710e-02,3.120914e-02,8.292270e-02,4.841626e-02,2.090138e-02,7.204746e-03,2.254818e-02,5.346981e-02,1.539462e-02,1.063625e-02,2.044114e-02,1.139876e-01,8.543664e-03,1.082501e-01
3.996339e-01,8.827052e-02,3.187997e-02,1.102467e-01,4.027258e-02,2.165014e-02,6.094548e-03,1.803791e-02,4.506582e-02,1.547871e-02,1.049572e-02,2.289435e-02,8.671727e-02,7.362548e-03,9.589933e-02
1.000000e+00,0.000000e+00,0.000000e+00,0.000000e+00,0.000000e+00,0.000000e+00,0.000000e+00,0.000000e+00,0.000000e+00,0.000000e+00,0.000000e+00,0.000000e+00,0.000000e+00,0.000000e+00,0.000000e+00
1.000000e+00,0.000000e+00,0.000000e+00,0.000000e+00,0.000000e+00,0.000000e+00,0.000000e+00,0.000000e+00,0.000000e+00,0.000000e+00,0.000000e+00,0.000000e+00,0.000000e+00,0.000000e+00,0.000000e+00
1.000000e+00,0.000000e+00,0.000000e+00,0.000000e+00,0.000000e+00,0.000000e+00,0.000000e+00,0.000000e+00,0.000000e+00,0.000000e+00,0.000000e+00,0.000000e+00,0.000000e+00,0.000000e+00,0.000000e+00
1.000000e+00,0.000000e+00,0.000000e+00,0.000000e+00,0.000000e+00,0.000000e+00,0.000000e+00,0.000000e+00,0.000000e+00,0.000000e+00,0.000000e+00,0.000000e+00,0.000000e+00,0.000000e+00,0.000000e+00
4.671720e-01,6.351913e-02,1.717710e-01,1.427913e-01,2.641012e-02,1.522418e-02,6.622707e-03,1.112906e-02,1.499862e-02,6.273609e-03,5.606374e-03,1.205209e-02,2.569456e-02,2.502499e-03,2.823277e-02
4.048891e-01,5.102818e-02,2.159042e-01,1.752836e-01,3.401855e-02,1.442453e-02,7.062286e-03,1.936062e-02,1.176510e-02,7.035808e-03,5.701978e-03,9.409308e-03,1.892073e-02,2.131781e-03,2.306427e-02
2.884015e-01,6.472222e-02,2.416956e-01,1.319864e-01,2.957936e-02,1.105650e-02,5.152686e-03,1.513971e-02,1.032477e-02,1.570771e-01,5.131355e-03,6.665213e-03,1.390630e-02,1.704822e-03,1.745653e-02
2.019938e-01,4.669269e-02,1.815621e-01,9.388298e-02,2.096658e-02,1.111001e-02,3.647772e-03,1.063315e-02,8.269622e-03,3.833779e-01,5.214388e-03,4.716367e-03,1.034447e-02,1.567388e-03,1.602080e-02
1.414575e-01,3.275661e-02,1.274573e-01,6.580444e-02,1.476497e-02,8.059271e-03,2.579860e-03,7.464955e-03,6.514689e-03,5.447817e-01,6.094137e-03,3.325566e-03,8.099402e-03,1.857995e-03,2.898157e-02
9.921823e-02,2.302713e-02,8.929856e-02,4.610393e-02,1.074681e-02,5.910165e-03,1.854828e-03,5.275686e-03,4.871099e-03,5.521715e-01,1.977655e-02,2.380559e-03,8.787456e-03,4.138770e-03,1.264387e-01
7.153490e-02,2.229649e-02,6.492570e-02,3.246658e-02,7.866001e-03,4.505862e-03,1.344022e-03,3.753261e-03,5.364082e-03,5.390456e-01,2.013491e-02,1.820809e-03,9.115767e-03,5.494873e-03,2.103312e-01
5.031219e-02,1.638933e-02,4.610502e-02,2.279290e-02,5.544131e-03,4.053703e-03,9.470399e-04,2.653076e-03,7.548525e-03,4.346606e-01,1.530818e-02,1.298319e-03,6.663738e-03,4.536914e-03,3.811864e-01
3.557689e-02,1.180842e-02,3.253799e-02,1.596695e-02,3.928518e-03,3.490541e-03,6.676086e-04,1.865501e-03,7.854346e-03,3.131811e-01,1.141220e-02,9.238969e-04,4.792168e-03,3.535712e-03,5.524582e-01
2.709350e-02,8.648736e-03,2.280787e-02,1.118505e-02,2.850201e-03,2.868547e-03,4.729106e-04,1.308678e-03,8.587068e-03,2.233020e-01,8.856516e-03,6.656865e-04,3.635691e-03,2.745642e-03,6.749719e-01
2.150472e-02,9.501159e-03,1.601147e-02,7.851126e-03,2.167745e-03,2.984160e-03,3.411626e-04,9.212052e-04,2.763467e-02,1.710394e-01,8.102163e-03,6.022115e-04,3.227677e-03,2.390006e-03,7.257211e-01
1.917220e-02,1.061147e-02,1.153738e-02,5.552385e-03,1.662348e-03,2.810372e-03,2.601229e-04,6.718884e-04,4.023678e-02,1.333881e-01,1.013109e-02,6.006378e-04,3.421469e-03,1.933113e-03,7.580106e-01
2.306835e-02,1.251730e-02,1.171091e-02,3.967346e-03,1.461131e-03,2.781990e-03,2.191340e-04,5.055243e-04,3.593777e-02,1.129606e-01,8.719702e-03,5.521538e-04,2.820041e-03,1.948007e-03,7.808300e-01
2.275162e-02,1.428761e-02,1.515337e-02,3.365694e-03,2.188436e-03,2.105703e-03,2.231803e-04,9.066331e-04,1.479348e-01,9.077322e-02,6.676741e-03,6.021758e-04,2.391808e-03,1.651624e-03,6.889874e-01
2.885054e-02,1.595252e-02,5.772180e-02,6.640414e-03,2.307578e-03,2.390665e-03,2.157258e-04,1.068639e-03,1.324276e-01,6.814653e-02,5.562845e-03,5.959795e-04,2.334557e-03,2.316474e-03,6.734682e-01
2.979714e-02,1.832257e-02,1.289516e-01,9.587230e-03,2.159082e-03,2.756659e-03,2.009701e-04,9.797849e-04,1.106641e-01,8.200797e-02,4.912155e-03,5.948333e-04,2.226380e-03,4.507807e-03,6.023318e-01
2.588130e-02,1.656071e-02,2.159938e-01,7.304218e-03,1.879159e-03,3.043654e-03,1.744156e-04,7.740829e-04,8.401287e-02,1.215199e-01,4.980498e-03,6.012078e-04,2.328753e-03,1.796285e-02,4.969826e-01
2.221627e-02,1.618923e-02,2.845697e-01,1.053905e-02,2.473786e-03,2.755809e-03,2.146364e-04,8.149210e-04,7.359475e-02,1.238337e-01,6.095174e-03,9.345296e-04,3.306854e-03,2.196856e-02,4.304930e-01
3.809515e-02,1.694014e-02,2.875383e-01,9.809474e-03,3.969437e-03,4.574520e-03,2.570173e-04,2.379407e-03,8.030159e-02,1.066954e-01,9.472269e-03,1.635598e-03,4.020228e-03,5.841434e-02,3.758971e-01
5.050426e-02,1.827872e-02,2.717444e-01,1.324515e-02,6.969089e-03,5.561469e-03,4.390815e-04,6.669254e-03,8.457151e-02,1.112349e-01,9.024261e-03,2.214103e-03,3.760303e-03,7.345373e-02,3.423297e-01
5.775207e-02,1.935346e-02,2.152324e-01,1.761120e-02,8.616053e-03,4.966683e-03,4.838305e-04,6.872793e-03,8.896974e-02,1.394897e-01,7.412949e-03,2.131520e-03,3.439086e-03,6.787255e-02,3.597959e-01
