1.000000e+00,0.000000e+00,0.000000e+00,0.000000e+00,0.000000e+00,0.000000e+00,0.000000e+00,0.000000e+00,0.000000e+00,0.000000e+00,0.000000e+00,0.000000e+00,0.000000e+00,0.000000e+00,0.000000e+00
1.000000e+00,0.000000e+00,0.000000e+00,0.000000e+00,0.000000e+00,0.000000e+00,0.000000e+00,0.000000e+00,0.000000e+00,0.000000e+00,0.000000e+00,0.000000e+00,0.000000e+00,0.000000e+00,0.000000e+00
1.000000e+00,0.000000e+00,0.000000e+00,0.000000e+00,0.000000e+00,0.000000e+00,0.000000e+00,0.000000e+00,0.000000e+00,0.000000e+00,0.000000e+00,0.000000e+00,0.000000e+00,0.000000e+00,0.000000e+00
1.000000e+00,0.000000e+00,0.000000e+00,0.000000e+00,0.000000e+00,0.000000e+00,0.000000e+00,0.000000e+00,0.000000e+00,0.000000e+00,0.000000e+00,0.000000e+00,0.000000e+00,0.000000e+00,0.000000e+00
1.000000e+00,0.000000e+00,0.000000e+00,0.000000e+00,0.000000e+00,0.000000e+00,0.000000e+00,0.000000e+00,0.000000e+00,0.000000e+00,0.000000e+00,0.000000e+00,0.000000e+00,0.000000e+00,0.000000e+00
1.000000e+00,0.000000e+00,0.000000e+00,0.000000e+00,0.000000e+00,0.000000e+00,0.000000e+00,0.000000e+00,0.000000e+00,0.000000e+00,0.000000e+00,0.000000e+00,0.000000e+00,0.000000e+00,0.000000e+00
1.000000e+00,0.000000e+00,0.000000e+00,0.000000e+00,0.000000e+00,0.000000e+00,0.000000e+00,0.000000e+00,0.000000e+00,0.000000e+00,0.000000e+00,0.000000e+00,0.000000e+00,0.000000e+00,0.000000e+00
1.000000e+00,0.000000e+00,0.000000e+00,0.000000e+00,0.000000e+00,0.000000e+00,0.000000e+00,0.000000e+00,0.000000e+00,0.000000e+00,0.000000e+00,0.000000e+00,0.000000e+00,0.000000e+00,0.000000e+00
1.000000e+00,0.000000e+00,0.000000e+00,0.000000e+00,0.000000e+00,0.000000e+00,0.000000e+00,0.000000e+00,0.000000e+00,0.000000e+00,0.000000e+00,0.000000e+00,0.000000e+00,0.000000e+00,0.000000e+00
1.000000e+00,0.000000e+00,0.000000e+00,0.000000e+00,0.000000e+00,0.000000e+00,0.000000e+00,0.000000e+00,0.000000e+00,0.000000e+00,0.000000e+00,0.000000e+00,0.000000e+00,0.000000e+00,0.000000e+00
1.000000e+00,0.000000e+00,0.000000e+00,0.000000e+00,0.000000e+00,0.000000e+00,0.000000e+00,0.000000e+00,0.000000e+00,0.000000e+00,0.000000e+00,0.000000e+00,0.000000e+00,0.000000e+00,0.000000e+00
1.000000e+00,0.000000e+00,0.000000e+00,0.000000e+00,0.000000e+00,0.000000e+00,0.000000e+00,0.000000e+00,0.000000e+00,0.000000e+00,0.000000e+00,0.000000e+00,0.000000e+00,0.000000e+00,0.000000e+00
1.000000e+00,0.000000e+00,0.000000e+00,0.000000e+00,0.000000e+00,0.000000e+00,0.000000e+00,0.000000e+00,0.000000e+00,0.000000e+00,0.000000e+00,0.000000e+00,0.000000e+00,0.000000e+00,0.000000e+00
1.000000e+00,0.000000e+00,0.000000e+00,0.000000e+00,0.000000e+00,0.000000e+00,0.000000e+00,0.000000e+00,0.000000e+00,0.000000e+00,0.000000e+00,0.000000e+00,0.000000e+00,0.000000e+00,0.000000e+00
1.000000e+00,0.000000e+00,0.000000e+00,0.000000e+00,0.000000e+00,0.000000e+00,0.000000e+00,0.000000e+00,0.000000e+00,0.000000e+00,0.000000e+00,0.000000e+00,0.000000e+00,0.000000e+00,0.000000e+00
1.000000e+00,0.000000e+00,0.000000e+00,0.000000e+00,0.000000e+00,0.000000e+00,0.000000e+00,0.000000e+00,0.000000e+00,0.000000e+00,0.000000e+00,0.000000e+00,0.000000e+00,0.000000e+00,0.000000e+00
1.000000e+00,0.000000e+00,0.000000e+00,0.000000e+00,0.000000e+00,0.000000e+00,0.000000e+00,0.000000e+00,0.000000e+00,0.000000e+00,0.000000e+00,0.000000e+00,0.000000e+00,0.000000e+00,0.000000e+00
1.000000e+00,0.000000e+00,0.000000e+00,0.000000e+00,0.000000e+00,0.000000e+00,0.000000e+00,0.000000e+00,0.000000e+00,0.000000e+00,0.000000e+00,0.000000e+00,0.000000e+00,0.000000e+00,0.000000e+00
1.000000e+00,0.000000e+00,0.000000e+00,0.000000e+00,0.000000e+00,0.000000e+00,0.000000e+00,0.000000e+00,0.000000e+00,0.000000e+00,0.000000e+00,0.000000e+00,0.000000e+00,0.000000e+00,0.000000e+00
1.000000e+00,0.000000e+00,0.000000e+00,0.000000e+00,0.000000e+00,0.000000e+00,0.000000e+00,0.000000e+00,0.000000e+00,0.000000e+00,0.000000e+00,0.000000e+00,0.000000e+00,0.000000e+00,0.000000e+00
1.000000e+00,0.000000e+00,0.000000e+00,0.000000e+00,0.000000e+00,0.000000e+00,0.000000e+00,0.000000e+00,0.000000e+00,0.000000e+00,0.000000e+00,0.000000e+00,0.000000e+00,0.000000e+00,0.000000e+00
1.000000e+00,0.000000e+00,0.000000e+00,0.000000e+00,0.000000e+00,0.000000e+00,0.000000e+00,0.000000e+00,0.000000e+00,0.000000e+00,0.000000e+00,0.000000e+00,0.000000e+00,0.000000e+00,0.000000e+00
1.000000e+00,0.000000e+00,0.000000e+00,0.000000e+00,0.000000e+00,0.000000e+00,0.000000e+00,0.000000e+00,0.000000e+00,0.000000e+00,0.000000e+00,0.000000e+00,0.000000e+00,0.000000e+00,0.000000e+00
1.000000e+00,0.000000e+00,0.000000e+00,0.000000e+00,0.000000e+00,0.000000e+00,0.000000e+00,0.000000e+00,0.000000e+00,0.000000e+00,0.000000e+00,0.000000e+00,0.000000e+00,0.000000e+00,0.000000e+00
1.000000e+00,0.000000e+00,0.000000e+00,0.000000e+00,0.000000e+00,0.000000e+00,0.000000e+00,0.000000e+00,0.000000e+00,0.000000e+00,0.000000e+00,0.000000e+00,0.000000e+00,0.000000e+00,0.000000e+00
1.000000e+00,0.000000e+00,0.000000e+00,0.000000e+00,0.000000e+00,0.000000e+00,0.000000e+00,0.000000e+00,0.000000e+00,0.000000e+00,0.000000e+00,0.000000e+00,0.000000e+00,0.000000e+00,0.000000e+00
1.000000e+00,0.000000e+00,0.000000e+00,0.000000e+00,0.000000e+00,0.000000e+00,0.000000e+00,0.000000e+00,0.000000e+00,0.000000e+00,0.000000e+00,0.000000e+00,0.000000e+00,0.000000e+00,0.000000e+00
1.000000e+00,0.000000e+00,0.000000e+00,0.000000e+00,0.000000e+00,0.000000e+00,0.000000e+00,0.000000e+00,0.000000e+00,0.000000e+00,0.000000e+00,0.000000e+00,0.000000e+00,0.000000e+00,0.000000e+00
1.000000e+00,0.000000e+00,0.000000e+00,0.000000e+00,0.000000e+00,0.000000e+00,0.000000e+00,0.000000e+00,0.000000e+00,0.000000e+00,0.000000e+00,0.000000e+00,0.000000e+00,0.000000e+00,0.000000e+00
4.089004e-01,5.256759e-02,2.621919e-02,1.373427e-01,2.255709e-02,6.513835e-02,2.571480e-02,4.065592e-02,2.293548e-02,4.976744e-03,1.420804e-02,1.117306e-01,3.278582e-02,3.122407e-03,3.114486e-02
3.249483e-01,6.704626e-02,2.761399e-02,1.723903e-01,3.065645e-02,6.764172e-02,2.694811e-02,4.054414e-02,2.796961e-02,5.552008e-03,1.425515e-02,1.110920e-01,3.778123e-02,3.413921e-03,4.214674e-02
2.678464e-01,7.743476e-02,2.799573e-02,2.099592e-01,3.632944e-02,6.891547e-02,2.543855e-02,3.886240e-02,3.086909e-02,5.718163e-03,1.373652e-02,1.043274e-01,3.774122e-02,3.411142e-03,5.141448e-02
2.338709e-01,8.775705e-02,2.716776e-02,2.384366e-01,3.766347e-02,5.816779e-02,2.077072e-02,3.522600e-02,3.296829e-02,6.750475e-03,1.581176e-02,1.016483e-01,3.483138e-02,3.793667e-03,6.513581e-02
2.581411e-01,9.495524e-02,2.485468e-02,2.275366e-01,3.496344e-02,5.051209e-02,1.890435e-02,3.279004e-02,3.357255e-02,7.478158e-03,1.693305e-02,9.348253e-02,3.457589e-02,4.130542e-03,6.716973e-02
2.807685e-01,9.630987e-02,2.352543e-02,2.131503e-01,3.176582e-02,4.751927e-02,1.776365e-02,3.014613e-02,3.483018e-02,7.117917e-03,1.840312e-02,9.141650e-02,3.779742e-02,4.831361e-03,6.465452e-02
2.815851e-01,8.793771e-02,2.492350e-02,2.033519e-01,2.922968e-02,4.623874e-02,1.753373e-02,3.566150e-02,3.398854e-02,6.706014e-03,2.357364e-02,9.899152e-02,4.330753e-02,6.332386e-03,6.063848e-02
2.943700e-01,7.513508e-02,3.655788e-02,1.962728e-01,2.658110e-02,4.285021e-02,1.625997e-02,5.849593e-02,2.974653e-02,5.985608e-03,2.452959e-02,9.139733e-02,4.061311e-02,6.708816e-03,5.449598e-02
3.634340e-01,6.964526e-02,3.110561e-02,1.749295e-01,2.443830e-02,3.821493e-02,1.361131e-02,4.558887e-02,2.844064e-02,5.378878e-03,2.718111e-02,8.051989e-02,3.724694e-02,7.650265e-03,5.261439e-02
4.136066e-01,6.336924e-02,2.796796e-02,1.599977e-01,2.307412e-02,3.719638e-02,1.209924e-02,3.748147e-02,2.767844e-02,5.132395e-03,2.693084e-02,7.317255e-02,3.440649e-02,7.423822e-03,5.046268e-02
3.575427e-01,6.692497e-02,3.760338e-02,1.904733e-01,2.537563e-02,4.089919e-02,1.317542e-02,4.449029e-02,3.025330e-02,4.404199e-03,3.061617e-02,7.087258e-02,3.158005e-02,6.888986e-03,4.889984e-02
3.990556e-01,6.156684e-02,3.105070e-02,1.705209e-01,2.457860e-02,3.934565e-02,1.214016e-02,3.550411e-02,3.090383e-02,4.463538e-03,3.601477e-02,6.562616e-02,2.952390e-02,9.313537e-03,5.039169e-02
3.727905e-01,5.814389e-02,4.552731e-02,1.789588e-01,2.607008e-02,3.815446e-02,1.204044e-02,3.741597e-02,3.250510e-02,4.189990e-03,4.335339e-02,6.202583e-02,2.699654e-02,1.052852e-02,5.129919e-02
4.596586e-01,4.944845e-02,3.469531e-02,1.467931e-01,2.217150e-02,3.430834e-02,1.012874e-02,2.960748e-02,2.793499e-02,3.879605e-03,3.760293e-02,5.618107e-02,2.621250e-02,1.152262e-02,4.985477e-02
4.986076e-01,4.509947e-02,2.786553e-02,1.299743e-01,2.059511e-02,3.286690e-02,9.633321e-03,2.543752e-02,2.676746e-02,3.891038e-03,3.478494e-02,5.500376e-02,2.746827e-02,1.162446e-02,5.038038e-02
4.353189e-01,3.707709e-02,3.313645e-02,1.482518e-01,1.948355e-02,3.426919e-02,1.057310e-02,9.235395e-02,2.393488e-02,3.290438e-03,3.099392e-02,5.074355e-02,3.044581e-02,9.678844e-03,4.044853e-02
4.952297e-01,3.338042e-02,2.902880e-02,1.289446e-01,1.721486e-02,3.468150e-02,9.952426e-03,6.846523e-02,2.189299e-02,2.895634e-03,3.260246e-02,4.863737e-02,3.334659e-02,8.011742e-03,3.571574e-02
1.000000e+00,0.000000e+00,0.000000e+00,0.000000e+00,0.000000e+00,0.000000e+00,0.000000e+00,0.000000e+00,0.000000e+00,0.000000e+00,0.000000e+00,0.000000e+00,0.000000e+00,0.000000e+00,0.000000e+00
1.000000e+00,0.000000e+00,0.000000e+00,0.000000e+00,0.000000e+00,0.000000e+00,0.000000e+00,0.000000e+00,0.000000e+00,0.000000e+00,0.000000e+00,0.000000e+00,0.000000e+00,0.000000e+00,0.000000e+00
1.000000e+00,0.000000e+00,0.000000e+00,0.000000e+00,0.000000e+00,0.000000e+00,0.000000e+00,0.000000e+00,0.000000e+00,0.000000e+00,0.000000e+00,0.000000e+00,0.000000e+00,0.000000e+00,0.000000e+00
1.000000e+00,0.000000e+00,0.000000e+00,0.000000e+00,0.000000e+00,0.000000e+00,0.000000e+00,0.000000e+00,0.000000e+00,0.000000e+00,0.000000e+00,0.000000e+00,0.000000e+00,0.000000e+00,0.000000e+00
1.000000e+00,0.000000e+00,0.000000e+00,0.000000e+00,0.000000e+00,0.000000e+00,0.000000e+00,0.000000e+00,0.000000e+00,0.000000e+00,0.000000e+00,0.000000e+00,0.000000e+00,0.000000e+00,0.000000e+00
1.000000e+00,0.000000e+00,0.000000e+00,0.000000e+00,0.000000e+00,0.000000e+00,0.000000e+00,0.000000e+00,0.000000e+00,0.000000e+00,0.000000e+00,0.000000e+00,0.000000e+00,0.000000e+00,0.000000e+00
1.000000e+00,0.000000e+00,0.000000e+00,0.000000e+00,0.000000e+00,0.000000e+00,0.000000e+00,0.000000e+00,0.000000e+00,0.000000e+00,0.000000e+00,0.000000e+00,0.000000e+00,0.000000e+00,0.000000e+00
1.000000e+00,0.000000e+00,0.000000e+00,0.000000e+00,0.000000e+00,0.000000e+00,0.000000e+00,0.000000e+00,0.000000e+00,0.000000e+00,0.000000e+00,0.000000e+00,0.000000e+00,0.000000e+00,0.000000e+00
1.000000e+00,0.000000e+00,0.000000e+00,0.000000e+00,0.000000e+00,0.000000e+00,0.000000e+00,0.000000e+00,0.000000e+00,0.000000e+00,0.000000e+00,0.000000e+00,0.000000e+00,0.000000e+00,0.000000e+00
1.000000e+00,0.000000e+00,0.000000e+00,0.000000e+00,0.000000e+00,0.000000e+00,0.000000e+00,0.000000e+00,0.000000e+00,0.000000e+00,0.000000e+00,0.000000e+00,0.000000e+00,0.000000e+00,0.000000e+00
1.000000e+00,0.000000e+00,0.000000e+00,0.000000e+00,0.000000e+00,0.000000e+00,0.000000e+00,0.000000e+00,0.000000e+00,0.000000e+00,0.000000e+00,0.000000e+00,0.000000e+00,0.000000e+00,0.000000e+00
1.000000e+00,0.000000e+00,0.000000e+00,0.000000e+00,0.000000e+00,0.000000e+00,0.000000e+00,0.000000e+00,0.000000e+00,0.000000e+00,0.000000e+00,0.000000e+00,0.000000e+00,0.000000e+00,0.000000e+00
1.000000e+00,0.000000e+00,0.000000e+00,0.000000e+00,0.000000e+00,0.000000e+00,0.000000e+00,0.000000e+00,0.000000e+00,0.000000e+00,0.000000e+00,0.000000e+00,0.000000e+00,0.000000e+00,0.000000e+00
4.584894e-01,3.266982e-02,7.270186e-02,7.374489e-02,1.739700e-02,8.597945e-02,4.063711e-03,1.598123e-02,6.562363e-03,2.456198e-02,1.296373e-01,3.362288e-02,1.514648e-02,1.347583e-02,1.596585e-02
3.232833e-01,3.411305e-02,5.185474e-02,6.127689e-02,1.428941e-02,6.539936e-02,2.994220e-03,1.383407e-02,4.325871e-02,2.396797e-02,2.482494e-01,5.404838e-02,1.569967e-02,3.298114e-02,1.474965e-02
2.279436e-01,2.910067e-02,3.755651e-02,5.527231e-02,1.167505e-02,5.961227e-02,2.288487e-03,1.053509e-02,5.177352e-02,1.912034e-02,3.589863e-01,7.012789e-02,1.182584e-02,4.109855e-02,1.308350e-02
1.635966e-01,2.650846e-02,2.715560e-02,4.772382e-02,1.008625e-02,6.595103e-02,2.052878e-03,9.881590e-03,5.938971e-02,1.516243e-02,3.920633e-01,7.474370e-02,9.382403e-03,8.277190e-02,1.353032e-02
1.221959e-01,2.297621e-02,2.135869e-02,4.016006e-02,8.798854e-03,8.882889e-02,1.767379e-03,9.092986e-03,6.741966e-02,1.163765e-02,3.869868e-01,8.402164e-02,9.212112e-03,1.147452e-01,1.079799e-02
8.803668e-02,1.785304e-02,1.571363e-02,3.107283e-02,7.923724e-03,1.396584e-01,1.515334e-03,7.736814e-03,5.029153e-02,9.398706e-03,4.032051e-01,6.174646e-02,7.237569e-03,1.492750e-01,9.335172e-03
6.524091e-02,1.601747e-02,4.230433e-02,3.162108e-02,1.085364e-02,1.574787e-01,2.112129e-03,2.018880e-02,3.861487e-02,8.225685e-03,3.990426e-01,5.134021e-02,6.067096e-03,1.427049e-01,8.187618e-03
4.597367e-02,1.156136e-02,3.077029e-02,2.270968e-02,8.650406e-03,2.004151e-01,1.551824e-03,1.490292e-02,2.787665e-02,6.008657e-03,4.017070e-01,3.705671e-02,4.421039e-03,1.799098e-01,6.484918e-03
3.282504e-02,8.402574e-03,2.193773e-02,1.629606e-02,6.533788e-03,1.529873e-01,1.193047e-03,1.135606e-02,1.989299e-02,4.549198e-03,4.763410e-01,2.692271e-02,3.573390e-03,2.121187e-01,5.070473e-03
2.402008e-02,6.419808e-03,1.594104e-02,1.182255e-02,5.757900e-03,1.117814e-01,9.802623e-04,9.492544e-03,1.461084e-02,3.550631e-03,5.246948e-01,1.978578e-02,2.950393e-03,2.444357e-01,3.756311e-03
1.764970e-02,1.494764e-02,1.256132e-01,1.186577e-02,9.549595e-03,8.035498e-02,1.166769e-03,9.298977e-03,2.510200e-02,3.745102e-03,4.325615e-01,1.531063e-02,2.454924e-03,2.473471e-01,3.032128e-03
1.268322e-02,1.220118e-02,9.126335e-02,8.459936e-03,7.149769e-03,5.774115e-02,8.398797e-04,6.741617e-03,2.028749e-02,4.230197e-03,4.954860e-01,1.125075e-02,2.023255e-03,2.672369e-01,2.405388e-03
9.910031e-03,1.076968e-02,6.845233e-02,7.172772e-03,5.849539e-03,4.316100e-02,6.855435e-04,5.886402e-03,2.196061e-02,4.900574e-03,4.735804e-01,8.165266e-03,1.573779e-03,3.361309e-01,1.801148e-03
8.030131e-03,1.209133e-02,6.037070e-02,7.825403e-03,7.925362e-03,3.273363e-02,7.007158e-04,6.710903e-03,6.132494e-02,8.086525e-03,4.413243e-01,6.032043e-03,1.583252e-03,3.437514e-01,1.509277e-03
6.269570e-03,2.378839e-02,4.768819e-02,6.805660e-03,1.939040e-02,2.972944e-02,6.232149e-04,5.933562e-03,1.302030e-01,1.007723e-02,3.675168e-01,4.561289e-03,1.439569e-03,3.439820e-01,1.991650e-03
6.201488e-03,2.580232e-02,5.194458e-02,5.268242e-03,1.476431e-02,2.692435e-02,4.614384e-04,4.529174e-03,2.907766e-01,1.019309e-02,2.757436e-01,3.342523e-03,1.127418e-03,2.759820e-01,6.938760e-03
7.285099e-03,1.975305e-02,1.454748e-01,1.058062e-02,1.317540e-02,2.373208e-02,4.070176e-04,8.395476e-03,3.449524e-01,8.628306e-03,1.972305e-01,2.463999e-03,2.669075e-03,2.058299e-01,9.422174e-03
6.355944e-03,1.425319e-02,3.370010e-01,1.579252e-02,1.252909e-02,1.777491e-02,3.341953e-04,8.235155e-03,2.797519e-01,7.034860e-03,1.416002e-01,1.854746e-03,3.410941e-03,1.459528e-01,8.118540e-03
5.876129e-03,1.061314e-02,4.088498e-01,1.454926e-02,1.281578e-02,1.398315e-02,4.257259e-04,7.619352e-03,2.380405e-01,3.639439e-02,1.141914e-01,1.538721e-03,4.251418e-03,1.129184e-01,1.793276e-02
5.071566e-03,8.228146e-03,4.791173e-01,1.965164e-02,1.189151e-02,1.121604e-02,3.636857e-04,7.601604e-03,1.839052e-01,5.138572e-02,1.012106e-01,1.937384e-03,8.573737e-03,9.115651e-02,1.868925e-02
6.292595e-03,6.736747e-03,4.784300e-01,3.267882e-02,1.072966e-02,9.250749e-03,3.171481e-04,6.379347e-03,1.386988e-01,9.723969e-02,9.942250e-02,3.838315e-03,8.970459e-03,8.346194e-02,1.755318e-02
4.769685e-03,5.282095e-03,3.796234e-01,9.387797e-02,8.872748e-03,7.051392e-03,2.538900e-04,8.209812e-03,1.004447e-01,1.199482e-01,1.570420e-01,9.159710e-03,1.525874e-02,7.575519e-02,1.445049e-02
8.257600e-03,5.470213e-03,3.622321e-01,1.063099e-01,1.052731e-02,6.259712e-03,5.731351e-04,8.910858e-03,7.358316e-02,1.201776e-01,1.761717e-01,1.054789e-02,1.710960e-02,8.045593e-02,1.341338e-02
1.250277e-02,4.569619e-03,3.806202e-01,9.811646e-02,1.702543e-02,6.624754e-03,5.105624e-03,8.950318e-02,5.238437e-02,9.632890e-02,1.426546e-01,7.883529e-03,1.475864e-02,6.203071e-02,9.891199e-03
2.493763e-02,4.793394e-03,3.025986e-01,2.546015e-01,1.937572e-02,9.412957e-03,4.079172e-03,7.190921e-02,3.896166e-02,8.911418e-02,1.080713e-01,6.423426e-03,1.104262e-02,4.680813e-02,7.870472e-03
4.035538e-02,1.691908e-02,2.521085e-01,2.215493e-01,7.222121e-02,4.037901e-02,1.928984e-02,6.143295e-02,3.452264e-02,9.784380e-02,8.185962e-02,7.430861e-03,8.950822e-03,3.834395e-02,6.793045e-03
5.304676e-02,3.605191e-02,1.989942e-01,1.879072e-01,1.482145e-01,6.005787e-02,2.896442e-02,5.292484e-02,3.270683e-02,7.405870e-02,6.961430e-02,5.734613e-03,8.014649e-03,3.450762e-02,9.201609e-03
4.380810e-02,6.912842e-02,1.588980e-01,2.441741e-01,1.898120e-01,4.885678e-02,2.473649e-02,5.076309e-02,2.402827e-02,5.218951e-02,5.042079e-02,4.515974e-03,6.448280e-03,2.455397e-02,7.666104e-03
5.594217e-02,7.766508e-02,1.360132e-01,1.949553e-01,2.210432e-01,5.452161e-02,3.784968e-02,7.542525e-02,2.785829e-02,4.093798e-02,3.779860e-02,4.225581e-03,7.255505e-03,2.028847e-02,8.220033e-03
8.938047e-02,9.046526e-02,1.094222e-01,1.727426e-01,1.893189e-01,4.738851e-02,3.376563e-02,1.269259e-01,2.717357e-02,4.656683e-02,2.921360e-02,5.785259e-03,7.638476e-03,1.637601e-02,7.836808e-03
6.916359e-02,6.617916e-02,8.199437e-02,1.229951e-01,1.558329e-01,3.758630e-02,1.341083e-01,2.281774e-01,1.991554e-02,3.352357e-02,2.117886e-02,4.351979e-03,7.307797e-03,1.157732e-02,6.107732e-03
5.974048e-02,4.714454e-02,5.981801e-02,8.701524e-02,1.119155e-01,2.718687e-02,1.389639e-01,3.928337e-01,1.454637e-02,2.425471e-02,1.498389e-02,3.194665e-03,5.438377e-03,8.282692e-03,4.681063e-03
4.845545e-02,3.361053e-02,4.244364e-02,6.129029e-02,8.070555e-02,1.950776e-02,1.635204e-01,4.961467e-01,1.064442e-02,1.723074e-02,1.062878e-02,2.375539e-03,4.122661e-03,5.859345e-03,3.458147e-03
6.008036e-02,2.448667e-02,3.031375e-02,4.349202e-02,6.033627e-02,1.746170e-02,2.121803e-01,5.072538e-01,8.509781e-03,1.283105e-02,8.094185e-03,2.846659e-03,3.990540e-03,4.359987e-03,3.762809e-03
1.502315e-01,1.844882e-02,2.186956e-02,3.123830e-02,4.641841e-02,1.482402e-02,1.872869e-01,4.858592e-01,1.077490e-02,9.332629e-03,6.592784e-03,4.941445e-03,5.062088e-03,3.240300e-03,3.879017e-03
2.483925e-01,1.525971e-02,1.598186e-02,2.309653e-02,3.591732e-02,1.345985e-02,2.092293e-01,3.945212e-01,1.000162e-02,7.659330e-03,5.848702e-03,6.119167e-03,6.541438e-03,2.701245e-03,5.270220e-03
3.667343e-01,1.304301e-02,1.244659e-02,2.018717e-02,2.695861e-02,1.660335e-02,1.796696e-01,2.954480e-01,8.917041e-03,6.762889e-03,9.091018e-03,1.650718e-02,1.801095e-02,2.846119e-03,6.774172e-03
4.700553e-01,1.199064e-02,9.486568e-03,1.848897e-02,2.055480e-02,2.077039e-02,1.378909e-01,2.162075e-01,7.604750e-03,6.880186e-03,1.110502e-02,2.516607e-02,3.226433e-02,2.989538e-03,8.544969e-03
1.000000e+00,0.000000e+00,0.000000e+00,0.000000e+00,0.000000e+00,0.000000e+00,0.000000e+00,0.000000e+00,0.000000e+00,0.000000e+00,0.000000e+00,0.000000e+00,0.000000e+00,0.000000e+00,0.000000e+00
1.000000e+00,0.000000e+00,0.000000e+00,0.000000e+00,0.000000e+00,0.000000e+00,0.000000e+00,0.000000e+00,0.000000e+00,0.000000e+00,0.000000e+00,0.000000e+00,0.000000e+00,0.000000e+00,0.000000e+00
1.000000e+00,0.000000e+00,0.000000e+00,0.000000e+00,0.000000e+00,0.000000e+00,0.000000e+00,0.000000e+00,0.000000e+00,0.000000e+00,0.000000e+00,0.000000e+00,0.000000e+00,0.000000e+00,0.000000e+00
1.000000e+00,0.000000e+00,0.000000e+00,0.000000e+00,0.000000e+00,0.000000e+00,0.000000e+00,0.000000e+00,0.000000e+00,0.000000e+00,0.000000e+00,0.000000e+00,0.000000e+00,0.000000e+00,0.000000e+00
1.000000e+00,0.000000e+00,0.000000e+00,0.000000e+00,0.000000e+00,0.000000e+00,0.000000e+00,0.000000e+00,0.000000e+00,0.000000e+00,0.000000e+00,0.000000e+00,0.000000e+00,0.000000e+00,0.000000e+00
4.667423e-01,7.655546e-03,6.272641e-03,1.943116e-02,1.101019e-02,2.688592e-02,1.869438e-02,3.894632e-02,1.447152e-02,2.193427e-01,1.359301e-02,2.067424e-02,5.287677e-02,3.867725e-03,7.953560e-02
3.443106e-01,5.907977e-03,8.711811e-03,2.244497e-02,1.383931e-02,2.021765e-02,1.365482e-02,6.477156e-02,1.686209e-02,2.976717e-01,1.454033e-02,1.741138e-02,4.978529e-02,3.040679e-03,1.068299e-01
2.742195e-01,5.442320e-03,1.100716e-02,2.080960e-02,1.347397e-02,1.480713e-02,9.984363e-03,5.964828e-02,1.462309e-02,3.330229e-01,1.192670e-02,1.255294e-02,4.163695e-02,2.446392e-03,1.743987e-01
2.068654e-01,5.290032e-03,2.257235e-02,1.910585e-02,1.371090e-02,1.098824e-02,7.186704e-03,8.875798e-02,1.321698e-02,2.928892e-01,1.161245e-02,9.435211e-03,3.303764e-02,2.264020e-03,2.630670e-01
1.509541e-01,4.793366e-03,3.297967e-02,1.691863e-02,1.341845e-02,9.627886e-03,5.347779e-03,1.307972e-01,1.078912e-02,2.446854e-01,1.175356e-02,7.217270e-03,2.906896e-02,1.804614e-03,3.298441e-01
1.120771e-01,4.410195e-03,3.088759e-02,1.275809e-02,1.539512e-02,8.313208e-03,3.802633e-03,1.214434e-01,8.441938e-03,1.881350e-01,9.525031e-03,5.278943e-03,2.183560e-02,1.960195e-03,4.557359e-01
9.226242e-02,9.599814e-03,6.318797e-02,7.142898e-02,2.580005e-02,1.198692e-02,2.863404e-03,1.483917e-01,1.220760e-02,1.375725e-01,1.393443e-02,8.483836e-03,2.388215e-02,1.700612e-03,3.766976e-01
7.613273e-02,1.289207e-02,6.354389e-02,8.684658e-02,2.819055e-02,2.075481e-02,2.135461e-03,1.136238e-01,2.807171e-02,1.063375e-01,6.861646e-02,1.862511e-02,4.085716e-02,1.901083e-03,3.314711e-01
5.935502e-02,1.201023e-02,7.668126e-02,1.264926e-01,2.725721e-02,1.938998e-02,1.583070e-03,8.758397e-02,3.991193e-02,7.655564e-02,9.831980e-02,2.497348e-02,6.002649e-02,1.649189e-03,2.882101e-01
4.571883e-02,9.527173e-03,8.561139e-02,1.187113e-01,2.416354e-02,1.685349e-02,1.177316e-03,6.543157e-02,3.796566e-02,5.542167e-02,1.240428e-01,3.740135e-02,1.257729e-01,1.388134e-03,2.508129e-01
3.369964e-02,7.459221e-03,1.461183e-01,2.489002e-01,1.928286e-02,1.256804e-02,8.904905e-04,5.103026e-02,3.737149e-02,3.988677e-02,1.014010e-01,2.873943e-02,9.359451e-02,1.314956e-03,1.777428e-01
3.157613e-02,6.659895e-03,1.991962e-01,2.611039e-01,2.219350e-02,1.019709e-02,8.566192e-04,3.941882e-02,7.000738e-02,3.481298e-02,1.025257e-01,2.223840e-02,6.996430e-02,2.798083e-03,1.264510e-01
3.123490e-02,7.087144e-03,2.138293e-01,2.638006e-01,3.252051e-02,8.361585e-03,1.562831e-03,4.208130e-02,1.105767e-01,2.783191e-02,1.023562e-01,1.619027e-02,5.018475e-02,2.699804e-03,8.968221e-02
2.674425e-02,6.851947e-03,2.077639e-01,3.468384e-01,3.828835e-02,7.090818e-03,3.388646e-03,4.035231e-02,9.193397e-02,2.235847e-02,9.293776e-02,1.172507e-02,3.605989e-02,3.400559e-03,6.426562e-02
2.538434e-02,7.192342e-03,1.770685e-01,3.653368e-01,3.595215e-02,8.777949e-03,3.027905e-03,3.997755e-02,7.863228e-02,2.215935e-02,1.486776e-01,9.739949e-03,2.807197e-02,3.702643e-03,4.629866e-02
2.097491e-02,1.150073e-02,1.507491e-01,3.092802e-01,2.836345e-02,1.572932e-02,2.576099e-03,3.188901e-02,7.042193e-02,2.051950e-02,2.448088e-01,1.727345e-02,3.718501e-02,3.746853e-03,3.498173e-02
2.165888e-02,1.296899e-02,1.163070e-01,2.474755e-01,2.369846e-02,1.562730e-02,2.320893e-03,2.517908e-02,6.142879e-02,1.691352e-02,3.367633e-01,3.075014e-02,5.789497e-02,4.979521e-03,2.603373e-02
2.218194e-02,1.340026e-02,8.526578e-02,1.878219e-01,1.892171e-02,2.149822e-02,1.900269e-03,1.880750e-02,8.030211e-02,1.763423e-02,3.870353e-01,3.785443e-02,6.394447e-02,1.793943e-02,2.549249e-02
2.098267e-02,1.541058e-02,6.310372e-02,1.487189e-01,1.473983e-02,1.785057e-02,1.476679e-03,1.462098e-02,7.933736e-02,2.545132e-02,4.495333e-01,3.822241e-02,5.495274e-02,3.333084e-02,2.226807e-02
2.578865e-02,1.396784e-02,5.126559e-02,1.132326e-01,1.649543e-02,1.820666e-02,2.148160e-03,5.963340e-02,7.067148e-02,2.667102e-02,4.565238e-01,4.146713e-02,5.139406e-02,3.495317e-02,1.758101e-02
1.116788e-01,1.418383e-02,5.803715e-02,9.744085e-02,2.346758e-02,2.149153e-02,2.642510e-03,9.024981e-02,6.173553e-02,3.053908e-02,3.579308e-01,4.203572e-02,4.357350e-02,3.056920e-02,1.442407e-02
1.673699e-01,1.594959e-02,5.095022e-02,1.082925e-01,2.385118e-02,3.960847e-02,2.626047e-03,7.560374e-02,6.935758e-02,3.344330e-02,2.867697e-01,4.375921e-02,3.664539e-02,2.973485e-02,1.603833e-02
1.289220e-01,2.316977e-02,4.518355e-02,9.796838e-02,2.256962e-02,4.216266e-02,2.231641e-03,5.579033e-02,6.801675e-02,3.962769e-02,3.480949e-01,4.762814e-02,2.810241e-02,2.865330e-02,2.187885e-02
1.083538e-01,3.049407e-02,3.997181e-02,8.118540e-02,2.152220e-02,3.514154e-02,2.224472e-03,4.601524e-02,7.451816e-02,7.131383e-02,3.428400e-01,5.679415e-02,2.451799e-02,4.520341e-02,1.990394e-02
9.704397e-02,3.069627e-02,3.597510e-02,6.315763e-02,2.139558e-02,3.609068e-02,1.915870e-03,3.518793e-02,7.288033e-02,6.466255e-02,3.752360e-01,7.039072e-02,2.214592e-02,5.642542e-02,1.679605e-02
9.829642e-02,2.636024e-02,3.624646e-02,6.796232e-02,2.278170e-02,3.952335e-02,1.758114e-03,3.530937e-02,5.973674e-02,4.992381e-02,4.214629e-01,6.519002e-02,1.757504e-02,4.450509e-02,1.336846e-02
1.035814e-01,2.635134e-02,3.272717e-02,6.098968e-02,2.467245e-02,4.635497e-02,1.787925e-03,3.071620e-02,5.906880e-02,3.947161e-02,4.293299e-01,7.759387e-02,1.502601e-02,4.031431e-02,1.201438e-02
1.085492e-01,4.640668e-02,3.422693e-02,5.521568e-02,2.389164e-02,4.695390e-02,1.654433e-03,2.729355e-02,7.487074e-02,3.425583e-02,4.143091e-01,7.266212e-02,1.252008e-02,3.642373e-02,1.076644e-02
1.068076e-01,7.722287e-02,2.946901e-02,4.816400e-02,3.329673e-02,4.421583e-02,2.217778e-03,3.221359e-02,1.250624e-01,4.785721e-02,3.340904e-01,5.771723e-02,1.585753e-02,3.395680e-02,1.185105e-02
9.673792e-02,9.051652e-02,3.217052e-02,4.641078e-02,5.729260e-02,3.878801e-02,2.586367e-03,3.353311e-02,1.430296e-01,4.837826e-02,2.898096e-01,5.595032e-02,1.764911e-02,3.197299e-02,1.517432e-02
1.331212e-01,8.659232e-02,3.692224e-02,5.724532e-02,6.451742e-02,3.304399e-02,3.957517e-03,3.736147e-02,1.485557e-01,4.186632e-02,2.456419e-01,4.684202e-02,1.858506e-02,3.112346e-02,1.462413e-02
1.459273e-01,8.107876e-02,3.632896e-02,6.135678e-02,6.564712e-02,2.895171e-02,3.517225e-03,6.108581e-02,1.385790e-01,3.624085e-02,2.381739e-01,4.241573e-02,1.765732e-02,2.919229e-02,1.384725e-02
1.773148e-01,9.027271e-02,7.424225e-02,6.364538e-02,5.970945e-02,3.743496e-02,3.092135e-03,5.472774e-02,1.063357e-01,3.507661e-02,2.021323e-01,4.104238e-02,1.630309e-02,2.456742e-02,1.410321e-02
1.494360e-01,9.626503e-02,6.539828e-02,5.340187e-02,6.345539e-02,2.933979e-02,2.749143e-03,7.215571e-02,1.061631e-01,3.687657e-02,1.917236e-01,6.372813e-02,1.826803e-02,3.555645e-02,1.548303e-02
1.201092e-01,1.194324e-01,5.424564e-02,4.168195e-02,5.987619e-02,2.267440e-02,2.222458e-03,7.186555e-02,1.140965e-01,3.927694e-02,2.004877e-01,6.984925e-02,1.903015e-02,5.059594e-02,1.455574e-02
1.045768e-01,9.314824e-02,5.130653e-02,3.769232e-02,4.929245e-02,2.072967e-02,2.658439e-03,8.134683e-02,1.114834e-01,3.136491e-02,2.892609e-01,5.865651e-02,1.710203e-02,3.876317e-02,1.261796e-02
8.725741e-02,7.218417e-02,4.155623e-02,3.183044e-02,4.573277e-02,1.685842e-02,2.479842e-03,7.822716e-02,1.046916e-01,2.568261e-02,3.762667e-01,5.982427e-02,1.605542e-02,3.124495e-02,1.010810e-02
7.951173e-02,6.227388e-02,4.007209e-02,2.564568e-02,5.153887e-02,1.308851e-02,2.438551e-03,1.392999e-01,1.347345e-01,2.424715e-02,3.156310e-01,6.197116e-02,1.396679e-02,2.684240e-02,8.737837e-03
7.164446e-02,5.182436e-02,4.507083e-02,2.554353e-02,4.562755e-02,1.128330e-02,1.985387e-03,2.153746e-01,1.478754e-01,3.336713e-02,2.513416e-01,5.470441e-02,1.336108e-02,2.296106e-02,8.035316e-03
8.678225e-02,4.134019e-02,7.098852e-02,8.906890e-02,5.960111e-02,1.072466e-02,2.654674e-03,1.763227e-01,1.353031e-01,2.881591e-02,2.073159e-01,5.017608e-02,1.360362e-02,1.873345e-02,8.568930e-03
2.002385e-01,4.095782e-02,6.052619e-02,7.363530e-02,5.078248e-02,1.917181e-02,2.662201e-03,1.445640e-01,1.176945e-01,2.317536e-02,1.777816e-01,4.900007e-02,1.157079e-02,1.694066e-02,1.129874e-02
2.228603e-01,4.333652e-02,5.991957e-02,6.418941e-02,7.320820e-02,1.657098e-02,2.665950e-03,1.475305e-01,1.139186e-01,2.625738e-02,1.498069e-01,3.925290e-02,9.441755e-03,2.048414e-02,1.055686e-02
2.485652e-01,5.105476e-02,5.524996e-02,7.941529e-02,1.102729e-01,1.712322e-02,6.635377e-03,1.314119e-01,1.046394e-01,1.978754e-02,1.086415e-01,3.271209e-02,8.276608e-03,1.565521e-02,1.055914e-02
2.401057e-01,4.484899e-02,6.880713e-02,8.823363e-02,1.675127e-01,1.573624e-02,1.006871e-02,1.360191e-01,7.953338e-02,1.967382e-02,7.822581e-02,2.454614e-02,6.442875e-03,1.240440e-02,7.841382e-03
2.942006e-01,4.098400e-02,6.491883e-02,7.322492e-02,2.212000e-01,1.424229e-02,8.083776e-03,1.058510e-01,5.997656e-02,1.808510e-02,5.723247e-02,1.900395e-02,5.102707e-03,1.108156e-02,6.812121e-03
3.636984e-01,3.647218e-02,5.470348e-02,6.132801e-02,2.251915e-01,1.480194e-02,7.109893e-03,8.372381e-02,4.791206e-02,2.097633e-02,4.329234e-02,1.901194e-02,5.572827e-03,9.803032e-03,6.402239e-03
4.488950e-01,3.425624e-02,4.473519e-02,5.141037e-02,1.948617e-01,1.887545e-02,6.582642e-03,6.215296e-02,4.028114e-02,1.756676e-02,3.368904e-02,2.321799e-02,8.283813e-03,8.417107e-03,6.774599e-03
4.937237e-01,3.196765e-02,4.231049e-02,4.779713e-02,1.791788e-01,2.183587e-02,6.724170e-03,5.051928e-02,3.413876e-02,1.351099e-02,2.567232e-02,2.751540e-02,1.214424e-02,6.749885e-03,6.211264e-03
1.000000e+00,0.000000e+00,0.000000e+00,0.000000e+00,0.000000e+00,0.000000e+00,0.000000e+00,0.000000e+00,0.000000e+00,0.000000e+00,0.000000e+00,0.000000e+00,0.000000e+00,0.000000e+00,0.000000e+00
1.000000e+00,0.000000e+00,0.000000e+00,0.000000e+00,0.000000e+00,0.000000e+00,0.000000e+00,0.000000e+00,0.000000e+00,0.000000e+00,0.000000e+00,0.000000e+00,0.000000e+00,0.000000e+00,0.000000e+00
1.000000e+00,0.000000e+00,0.000000e+00,0.000000e+00,0.000000e+00,0.000000e+00,0.000000e+00,0.000000e+00,0.000000e+00,0.000000e+00,0.000000e+00,0.000000e+00,0.000000e+00,0.000000e+00,0.000000e+00
1.000000e+00,0.000000e+00,0.000000e+00,0.000000e+00,0.000000e+00,0.000000e+00,0.000000e+00,0.000000e+00,0.000000e+00,0.000000e+00,0.000000e+00,0.000000e+00,0.000000e+00,0.000000e+00,0.000000e+00
1.000000e+00,0.000000e+00,0.000000e+00,0.000000e+00,0.000000e+00,0.000000e+00,0.000000e+00,0.000000e+00,0.000000e+00,0.000000e+00,0.000000e+00,0.000000e+00,0.000000e+00,0.000000e+00,0.000000e+00
4.196731e-01,9.024831e-03,1.881683e-02,2.449946e-02,4.553994e-02,9.500521e-03,4.209421e-03,4.208083e-01,1.209335e-02,2.574302e-03,7.225311e-03,1.306444e-02,5.437569e-03,3.122598e-03,4.410067e-03
3.880259e-01,6.723220e-03,1.570132e-02,2.494548e-02,3.283634e-02,8.175870e-03,3.597737e-03,4.816729e-01,9.040132e-03,1.964679e-03,6.034873e-03,1.047274e-02,4.422661e-03,2.639400e-03,3.746708e-03
2.908396e-01,4.814696e-03,1.256503e-02,2.424084e-02,2.499567e-02,6.158905e-03,2.809370e-03,6.055746e-01,6.509733e-03,1.417335e-03,4.616371e-03,7.564134e-03,3.269578e-03,1.921989e-03,2.702247e-03
2.277439e-01,3.467911e-03,1.031691e-02,2.193036e-02,1.949966e-02,4.608239e-03,2.280354e-03,6.897399e-01,4.741441e-03,1.032684e-03,3.414609e-03,5.442834e-03,2.433820e-03,1.383769e-03,1.963523e-03
1.848728e-01,2.550954e-03,7.641247e-03,1.631198e-02,1.765744e-02,3.582540e-03,1.836759e-03,7.504461e-01,3.406221e-03,7.554398e-04,2.547235e-03,4.002229e-03,1.921422e-03,9.954806e-04,1.472197e-03
1.555921e-01,1.921545e-03,5.864259e-03,1.197604e-02,1.612866e-02,2.994115e-03,1.632048e-03,7.923633e-01,2.469870e-03,6.132218e-04,1.898484e-03,3.045667e-03,1.574894e-03,7.333203e-04,1.192478e-03
1.399829e-01,1.532307e-03,5.527582e-03,9.330161e-03,1.689523e-02,2.408029e-03,1.540490e-03,8.134397e-01,1.820806e-03,5.631465e-04,1.517472e-03,2.440617e-03,1.396316e-03,5.730108e-04,1.032267e-03
1.246181e-01,1.219855e-03,4.652299e-03,6.913494e-03,1.927812e-02,1.978863e-03,1.674430e-03,8.318257e-01,1.334916e-03,4.915267e-04,1.228040e-03,2.076534e-03,1.358500e-03,4.457294e-04,9.039622e-04
1.261775e-01,1.031035e-03,3.815453e-03,5.083957e-03,1.843620e-02,1.860452e-03,1.850110e-03,8.339773e-01,1.029514e-03,4.988318e-04,1.072588e-03,2.214505e-03,1.588010e-03,3.807044e-04,9.838612e-04
1.731659e-01,9.847033e-04,4.128758e-03,4.007488e-03,1.647275e-02,2.186253e-03,2.035517e-03,7.881309e-01,9.493113e-04,6.591171e-04,1.000041e-03,2.732188e-03,1.778217e-03,4.052711e-04,1.363572e-03
2.940231e-01,1.013694e-03,4.279929e-03,3.374636e-03,1.314250e-02,3.481993e-03,2.352802e-03,6.660393e-01,9.485566e-04,8.771055e-04,1.073281e-03,4.465300e-03,2.069340e-03,5.531980e-04,2.305310e-03
4.000359e-01,1.246195e-03,4.766447e-03,3.218417e-03,1.066721e-02,6.024383e-03,3.298155e-03,5.528468e-01,1.040283e-03,1.181845e-03,1.294054e-03,7.010446e-03,2.541877e-03,7.526591e-04,4.075270e-03
4.706067e-01,1.412279e-03,4.973035e-03,4.332234e-03,8.526894e-03,1.161887e-02,3.330137e-03,4.700183e-01,1.272777e-03,1.227963e-03,1.504147e-03,1.092817e-02,3.760931e-03,1.020696e-03,5.466756e-03
4.880258e-01,2.276307e-03,5.032872e-03,6.805111e-03,7.080533e-03,1.837353e-02,2.899723e-03,4.157931e-01,4.082507e-03,1.454147e-03,2.964823e-03,1.898003e-02,1.229532e-02,2.485950e-03,1.145017e-02
3.536833e-01,5.954432e-03,5.053550e-03,8.442074e-02,5.505371e-03,1.408547e-02,2.101337e-03,3.177047e-01,9.857345e-02,4.240813e-03,3.787804e-02,2.474083e-02,1.502788e-02,1.164786e-02,1.938207e-02
2.522652e-01,5.099550e-03,4.435720e-03,1.061025e-01,4.251114e-03,1.040340e-02,1.505931e-03,2.241556e-01,2.402529e-01,5.017784e-03,6.153871e-02,2.387106e-02,2.413846e-02,9.823295e-03,2.713867e-02
1.840865e-01,4.223800e-03,4.295864e-03,1.059964e-01,3.533405e-03,8.152850e-03,1.154033e-03,1.581301e-01,3.309641e-01,5.699879e-03,7.957659e-02,3.073805e-02,4.922863e-02,7.889135e-03,2.633065e-02
1.570371e-01,4.174060e-03,6.518092e-03,1.009356e-01,9.742102e-03,6.787906e-03,1.140645e-03,1.164680e-01,2.669343e-01,5.923290e-03,1.504067e-01,6.543077e-02,7.252687e-02,1.198478e-02,2.398968e-02
1.258170e-01,4.383625e-03,1.508365e-02,1.048725e-01,1.562610e-02,6.495158e-03,1.381161e-03,9.589118e-02,2.226691e-01,1.120341e-02,1.922087e-01,8.577307e-02,7.609828e-02,2.074881e-02,2.174830e-02
9.720987e-02,6.903671e-03,1.744731e-02,1.078250e-01,5.352964e-02,2.248055e-02,2.009146e-03,7.013123e-02,1.861811e-01,4.318443e-02,1.689520e-01,6.794894e-02,7.736528e-02,3.811366e-02,4.071812e-02
7.663102e-02,6.454308e-03,5.625867e-02,9.070128e-02,7.327545e-02,1.739843e-02,3.501274e-03,8.740811e-02,1.475176e-01,5.757958e-02,1.447914e-01,5.021137e-02,7.510799e-02,5.452920e-02,5.863431e-02
8.432955e-02,8.548926e-03,7.222081e-02,9.532374e-02,8.968277e-02,1.692223e-02,4.625189e-03,8.349866e-02,1.335913e-01,5.451927e-02,1.112370e-01,3.641987e-02,5.725469e-02,7.603209e-02,7.579394e-02
8.303278e-02,3.080384e-02,8.079511e-02,1.240359e-01,7.153209e-02,2.458680e-02,4.236582e-03,7.713519e-02,1.307498e-01,5.910319e-02,8.507916e-02,2.943853e-02,5.372423e-02,7.405535e-02,7.169146e-02
1.039615e-01,3.742207e-02,7.958948e-02,1.011362e-01,6.842382e-02,2.638419e-02,4.988815e-03,9.061313e-02,1.273050e-01,8.802354e-02,6.450455e-02,2.203430e-02,4.368898e-02,6.900597e-02,7.291850e-02
9.010393e-02,6.708243e-02,7.586922e-02,2.308885e-01,5.801708e-02,2.072965e-02,4.094508e-03,7.287086e-02,1.024956e-01,6.274861e-02,4.936691e-02,2.135545e-02,3.571692e-02,4.868280e-02,5.997766e-02
9.932354e-02,5.558081e-02,8.344364e-02,2.915639e-01,5.033898e-02,2.071165e-02,4.132466e-03,7.084637e-02,9.545057e-02,4.726059e-02,4.363227e-02,1.919849e-02,3.189338e-02,3.454413e-02,5.207922e-02
1.616257e-01,5.409411e-02,7.233470e-02,2.520350e-01,4.796155e-02,2.195318e-02,4.047637e-03,5.631413e-02,9.491859e-02,4.919031e-02,4.922976e-02,2.396329e-02,3.015972e-02,2.520568e-02,5.696664e-02
1.874459e-01,6.025407e-02,5.455193e-02,1.832805e-01,6.043086e-02,2.257935e-02,5.203612e-03,5.583842e-02,1.479586e-01,5.531754e-02,5.129471e-02,2.085228e-02,3.037031e-02,1.890307e-02,4.571887e-02
1.653703e-01,1.076965e-01,4.698819e-02,2.065569e-01,5.771303e-02,1.818451e-02,4.660268e-03,4.514134e-02,1.237594e-01,7.540324e-02,4.128309e-02,1.782843e-02,2.712931e-02,1.392934e-02,4.835623e-02
2.711634e-01,8.553712e-02,5.286195e-02,1.664063e-01,4.676921e-02,1.973108e-02,5.203821e-03,3.729787e-02,9.093361e-02,6.318736e-02,3.761588e-02,3.536564e-02,2.473724e-02,1.262677e-02,5.056281e-02
3.791615e-01,6.621321e-02,4.011592e-02,1.328418e-01,4.393447e-02,2.149486e-02,4.993540e-03,2.976638e-02,6.776612e-02,5.104987e-02,3.942570e-02,4.035725e-02,2.640849e-02,1.331840e-02,4.315253e-02
4.193745e-01,5.073202e-02,3.136405e-02,1.059461e-01,3.999780e-02,2.107479e-02,6.644469e-03,2.901501e-02,5.469956e-02,4.582779e-02,5.353687e-02,5.574646e-02,3.658877e-02,1.290154e-02,3.655031e-02
4.514550e-01,3.819998e-02,2.572436e-02,8.349586e-02,3.347269e-02,1.849240e-02,6.473915e-03,4.781327e-02,5.170869e-02,3.579667e-02,5.807560e-02,5.849292e-02,4.488783e-02,1.319052e-02,3.272029e-02
4.905985e-01,3.036015e-02,2.198262e-02,7.574844e-02,2.748544e-02,1.778757e-02,6.902139e-03,5.408433e-02,4.762102e-02,2.820229e-02,5.261546e-02,5.456185e-02,4.196298e-02,1.391714e-02,3.617012e-02
1.000000e+00,0.000000e+00,0.000000e+00,0.000000e+00,0.000000e+00,0.000000e+00,0.000000e+00,0.000000e+00,0.000000e+00,0.000000e+00,0.000000e+00,0.000000e+00,0.000000e+00,0.000000e+00,0.000000e+00
1.000000e+00,0.000000e+00,0.000000e+00,0.000000e+00,0.000000e+00,0.000000e+00,0.000000e+00,0.000000e+00,0.000000e+00,0.000000e+00,0.000000e+00,0.000000e+00,0.000000e+00,0.000000e+00,0.000000e+00
4.757352e-01,1.794009e-02,2.789171e-02,2.147575e-01,2.322265e-02,1.698939e-02,3.831121e-03,3.095987e-02,2.354058e-02,1.222725e-02,6.077597e-02,3.630334e-02,3.164301e-02,7.502269e-03,1.668002e-02
3.496573e-01,1.402194e-02,2.313524e-02,1.751137e-01,1.907300e-02,1.510585e-02,2.920674e-03,2.746429e-02,2.126349e-02,1.051683e-02,2.303740e-01,3.031207e-02,6.005006e-02,7.580145e-03,1.341141e-02
2.694884e-01,1.222435e-02,2.140592e-02,1.376333e-01,1.728200e-02,1.195537e-02,2.558796e-03,2.315768e-02,2.635243e-02,9.677798e-03,3.388050e-01,2.642069e-02,7.806746e-02,1.047252e-02,1.449834e-02
2.122796e-01,9.416880e-03,2.214472e-02,1.157237e-01,1.809221e-02,8.937056e-03,2.298513e-03,9.968022e-02,2.804682e-02,7.473330e-03,3.548758e-01,2.189832e-02,8.067211e-02,8.056253e-03,1.040447e-02
2.108596e-01,1.050648e-02,2.508560e-02,1.435080e-01,2.137290e-02,1.017659e-02,2.546072e-03,7.342689e-02,3.758644e-02,1.203627e-02,3.401920e-01,2.085039e-02,7.489657e-02,7.739127e-03,9.216999e-03
1.820618e-01,1.052913e-02,3.579816e-02,1.766872e-01,2.546030e-02,9.950807e-03,3.507490e-03,5.752041e-02,3.528813e-02,2.173088e-02,3.280229e-01,1.808279e-02,7.572433e-02,7.991216e-03,1.164452e-02
1.392343e-01,1.259505e-02,5.698140e-02,1.947707e-01,2.568950e-02,8.519648e-03,2.817281e-03,8.321124e-02,3.520688e-02,2.270466e-02,3.179316e-01,1.643792e-02,6.603981e-02,8.156777e-03,9.703230e-03
1.224966e-01,1.525797e-02,5.440181e-02,1.585183e-01,2.607290e-02,7.286365e-03,2.538764e-03,7.597436e-02,3.892631e-02,2.720742e-02,3.846502e-01,1.379458e-02,5.200429e-02,9.782309e-03,1.108787e-02
1.263362e-01,2.669442e-02,1.136753e-01,1.411186e-01,3.228552e-02,3.022636e-02,3.012582e-03,6.198409e-02,5.935672e-02,2.643497e-02,3.037899e-01,1.410697e-02,4.099887e-02,9.278409e-03,1.070113e-02
1.354434e-01,3.611393e-02,9.147606e-02,1.094501e-01,3.935926e-02,2.645122e-02,2.663378e-03,5.028914e-02,1.051805e-01,2.378210e-02,2.952048e-01,1.659822e-02,3.359411e-02,2.289158e-02,1.150213e-02
1.226020e-01,5.198156e-02,7.354669e-02,8.925682e-02,3.460718e-02,2.306308e-02,2.054740e-03,3.941640e-02,1.393370e-01,1.951171e-02,3.013090e-01,1.919416e-02,3.296953e-02,2.829428e-02,2.285587e-02
1.031377e-01,6.209975e-02,6.332891e-02,7.958508e-02,3.316933e-02,1.911060e-02,1.718413e-03,3.168616e-02,1.665255e-01,1.893069e-02,2.999261e-01,3.331745e-02,3.169212e-02,2.594649e-02,2.982569e-02
8.989038e-02,6.377214e-02,4.936983e-02,6.034505e-02,2.730639e-02,1.588931e-02,1.322591e-03,2.499055e-02,1.805098e-01,1.918043e-02,3.264138e-01,3.556288e-02,3.110438e-02,4.692467e-02,2.741769e-02
