1.000000e+00,0.000000e+00,0.000000e+00,0.000000e+00,0.000000e+00,0.000000e+00,0.000000e+00,0.000000e+00,0.000000e+00,0.000000e+00,0.000000e+00,0.000000e+00,0.000000e+00,0.000000e+00,0.000000e+00
1.000000e+00,0.000000e+00,0.000000e+00,0.000000e+00,0.000000e+00,0.000000e+00,0.000000e+00,0.000000e+00,0.000000e+00,0.000000e+00,0.000000e+00,0.000000e+00,0.000000e+00,0.000000e+00,0.000000e+00
1.000000e+00,0.000000e+00,0.000000e+00,0.000000e+00,0.000000e+00,0.000000e+00,0.000000e+00,0.000000e+00,0.000000e+00,0.000000e+00,0.000000e+00,0.000000e+00,0.000000e+00,0.000000e+00,0.000000e+00
1.000000e+00,0.000000e+00,0.000000e+00,0.000000e+00,0.000000e+00,0.000000e+00,0.000000e+00,0.000000e+00,0.000000e+00,0.000000e+00,0.000000e+00,0.000000e+00,0.000000e+00,0.000000e+00,0.000000e+00
1.000000e+00,0.000000e+00,0.000000e+00,0.000000e+00,0.000000e+00,0.000000e+00,0.000000e+00,0.000000e+00,0.000000e+00,0.000000e+00,0.000000e+00,0.000000e+00,0.000000e+00,0.000000e+00,0.000000e+00
1.000000e+00,0.000000e+00,0.000000e+00,0.000000e+00,0.000000e+00,0.000000e+00,0.000000e+00,0.000000e+00,0.000000e+00,0.000000e+00,0.000000e+00,0.000000e+00,0.000000e+00,0.000000e+00,0.000000e+00
1.000000e+00,0.000000e+00,0.000000e+00,0.000000e+00,0.000000e+00,0.000000e+00,0.000000e+00,0.000000e+00,0.000000e+00,0.000000e+00,0.000000e+00,0.000000e+00,0.000000e+00,0.000000e+00,0.000000e+00
1.000000e+00,0.000000e+00,0.000000e+00,0.000000e+00,0.000000e+00,0.000000e+00,0.000000e+00,0.000000e+00,0.000000e+00,0.000000e+00,0.000000e+00,0.000000e+00,0.000000e+00,0.000000e+00,0.000000e+00
1.000000e+00,0.000000e+00,0.000000e+00,0.000000e+00,0.000000e+00,0.000000e+00,0.000000e+00,0.000000e+00,0.000000e+00,0.000000e+00,0.000000e+00,0.000000e+00,0.000000e+00,0.000000e+00,0.000000e+00
1.000000e+00,0.000000e+00,0.000000e+00,0.000000e+00,0.000000e+00,0.000000e+00,0.000000e+00,0.000000e+00,0.000000e+00,0.000000e+00,0.000000e+00,0.000000e+00,0.000000e+00,0.000000e+00,0.000000e+00
1.000000e+00,0.000000e+00,0.000000e+00,0.000000e+00,0.000000e+00,0.000000e+00,0.000000e+00,0.000000e+00,0.000000e+00,0.000000e+00,0.000000e+00,0.000000e+00,0.000000e+00,0.000000e+00,0.000000e+00
1.000000e+00,0.000000e+00,0.000000e+00,0.000000e+00,0.000000e+00,0.000000e+00,0.000000e+00,0.000000e+00,0.000000e+00,0.000000e+00,0.000000e+00,0.000000e+00,0.000000e+00,0.000000e+00,0.000000e+00
1.000000e+00,0.000000e+00,0.000000e+00,0.000000e+00,0.000000e+00,0.000000e+00,0.000000e+00,0.000000e+00,0.000000e+00,0.000000e+00,0.000000e+00,0.000000e+00,0.000000e+00,0.000000e+00,0.000000e+00
1.000000e+00,0.000000e+00,0.000000e+00,0.000000e+00,0.000000e+00,0.000000e+00,0.000000e+00,0.000000e+00,0.000000e+00,0.000000e+00,0.000000e+00,0.000000e+00,0.000000e+00,0.000000e+00,0.000000e+00
1.000000e+00,0.000000e+00,0.000000e+00,0.000000e+00,0.000000e+00,0.000000e+00,0.000000e+00,0.000000e+00,0.000000e+00,0.000000e+00,0.000000e+00,0.000000e+00,0.000000e+00,0.000000e+00,0.000000e+00
1.000000e+00,0.000000e+00,0.000000e+00,0.000000e+00,0.000000e+00,0.000000e+00,0.000000e+00,0.000000e+00,0.000000e+00,0.000000e+00,0.000000e+00,0.000000e+00,0.000000e+00,0.000000e+00,0.000000e+00
1.000000e+00,0.000000e+00,0.000000e+00,0.000000e+00,0.000000e+00,0.000000e+00,0.000000e+00,0.000000e+00,0.000000e+00,0.000000e+00,0.000000e+00,0.000000e+00,0.000000e+00,0.000000e+00,0.000000e+00
1.000000e+00,0.000000e+00,0.000000e+00,0.000000e+00,0.000000e+00,0.000000e+00,0.000000e+00,0.000000e+00,0.000000e+00,0.000000e+00,0.000000e+00,0.000000e+00,0.000000e+00,0.000000e+00,0.000000e+00
1.000000e+00,0.000000e+00,0.000000e+00,0.000000e+00,0.000000e+00,0.000000e+00,0.000000e+00,0.000000e+00,0.000000e+00,0.000000e+00,0.000000e+00,0.000000e+00,0.000000e+00,0.000000e+00,0.000000e+00
1.000000e+00,0.000000e+00,0.000000e+00,0.000000e+00,0.000000e+00,0.000000e+00,0.000000e+00,0.000000e+00,0.000000e+00,0.000000e+00,0.000000e+00,0.000000e+00,0.000000e+00,0.000000e+00,0.000000e+00
1.000000e+00,0.000000e+00,0.000000e+00,0.000000e+00,0.000000e+00,0.000000e+00,0.000000e+00,0.000000e+00,0.000000e+00,0.000000e+00,0.000000e+00,0.000000e+00,0.000000e+00,0.000000e+00,0.000000e+00
1.000000e+00,0.000000e+00,0.000000e+00,0.000000e+00,0.000000e+00,0.000000e+00,0.000000e+00,0.000000e+00,0.000000e+00,0.000000e+00,0.000000e+00,0.000000e+00,0.000000e+00,0.000000e+00,0.000000e+00
1.000000e+00,0.000000e+00,0.000000e+00,0.000000e+00,0.000000e+00,0.000000e+00,0.000000e+00,0.000000e+00,0.000000e+00,0.000000e+00,0.000000e+00,0.000000e+00,0.000000e+00,0.000000e+00,0.000000e+00
1.000000e+00,0.000000e+00,0.000000e+00,0.000000e+00,0.000000e+00,0.000000e+00,0.000000e+00,0.000000e+00,0.000000e+00,0.000000e+00,0.000000e+00,0.000000e+00,0.000000e+00,0.000000e+00,0.000000e+00
1.000000e+00,0.000000e+00,0.000000e+00,0.000000e+00,0.000000e+00,0.000000e+00,0.000000e+00,0.000000e+00,0.000000e+00,0.000000e+00,0.000000e+00,0.000000e+00,0.000000e+00,0.000000e+00,0.000000e+00
1.000000e+00,0.000000e+00,0.000000e+00,0.000000e+00,0.000000e+00,0.000000e+00,0.000000e+00,0.000000e+00,0.000000e+00,0.000000e+00,0.000000e+00,0.000000e+00,0.000000e+00,0.000000e+00,0.000000e+00
1.000000e+00,0.000000e+00,0.000000e+00,0.000000e+00,0.000000e+00,0.000000e+00,0.000000e+00,0.000000e+00,0.000000e+00,0.000000e+00,0.000000e+00,0.000000e+00,0.000000e+00,0.000000e+00,0.000000e+00
1.000000e+00,0.000000e+00,0.000000e+00,0.000000e+00,0.000000e+00,0.000000e+00,0.000000e+00,0.000000e+00,0.000000e+00,0.000000e+00,0.000000e+00,0.000000e+00,0.000000e+00,0.000000e+00,0.000000e+00
1.000000e+00,0.000000e+00,0.000000e+00,0.000000e+00,0.000000e+00,0.000000e+00,0.000000e+00,0.000000e+00,0.000000e+00,0.000000e+00,0.000000e+00,0.000000e+00,0.000000e+00,0.000000e+00,0.000000e+00
1.000000e+00,0.000000e+00,0.000000e+00,0.000000e+00,0.000000e+00,0.000000e+00,0.000000e+00,0.000000e+00,0.000000e+00,0.000000e+00,0.000000e+00,0.000000e+00,0.000000e+00,0.000000e+00,0.000000e+00
1.000000e+00,0.000000e+00,0.000000e+00,0.000000e+00,0.000000e+00,0.000000e+00,0.000000e+00,0.000000e+00,0.000000e+00,0.000000e+00,0.000000e+00,0.000000e+00,0.000000e+00,0.000000e+00,0.000000e+00
1.000000e+00,0.000000e+00,0.000000e+00,0.000000e+00,0.000000e+00,0.000000e+00,0.000000e+00,0.000000e+00,0.000000e+00,0.000000e+00,0.000000e+00,0.000000e+00,0.000000e+00,0.000000e+00,0.000000e+00
1.000000e+00,0.000000e+00,0.000000e+00,0.000000e+00,0.000000e+00,0.000000e+00,0.000000e+00,0.000000e+00,0.000000e+00,0.000000e+00,0.000000e+00,0.000000e+00,0.000000e+00,0.000000e+00,0.000000e+00
1.000000e+00,0.000000e+00,0.000000e+00,0.000000e+00,0.000000e+00,0.000000e+00,0.000000e+00,0.000000e+00,0.000000e+00,0.000000e+00,0.000000e+00,0.000000e+00,0.000000e+00,0.000000e+00,0.000000e+00
1.000000e+00,0.000000e+00,0.000000e+00,0.000000e+00,0.000000e+00,0.000000e+00,0.000000e+00,0.000000e+00,0.000000e+00,0.000000e+00,0.000000e+00,0.000000e+00,0.000000e+00,0.000000e+00,0.000000e+00
1.000000e+00,0.000000e+00,0.000000e+00,0.000000e+00,0.000000e+00,0.000000e+00,0.000000e+00,0.000000e+00,0.000000e+00,0.000000e+00,0.000000e+00,0.000000e+00,0.000000e+00,0.000000e+00,0.000000e+00
1.000000e+00,0.000000e+00,0.000000e+00,0.000000e+00,0.000000e+00,0.000000e+00,0.000000e+00,0.000000e+00,0.000000e+00,0.000000e+00,0.000000e+00,0.000000e+00,0.000000e+00,0.000000e+00,0.000000e+00
1.000000e+00,0.000000e+00,0.000000e+00,0.000000e+00,0.000000e+00,0.000000e+00,0.000000e+00,0.000000e+00,0.000000e+00,0.000000e+00,0.000000e+00,0.000000e+00,0.000000e+00,0.000000e+00,0.000000e+00
1.000000e+00,0.000000e+00,0.000000e+00,0.000000e+00,0.000000e+00,0.000000e+00,0.000000e+00,0.000000e+00,0.000000e+00,0.000000e+00,0.000000e+00,0.000000e+00,0.000000e+00,0.000000e+00,0.000000e+00
1.000000e+00,0.000000e+00,0.000000e+00,0.000000e+00,0.000000e+00,0.000000e+00,0.000000e+00,0.000000e+00,0.000000e+00,0.000000e+00,0.000000e+00,0.000000e+00,0.000000e+00,0.000000e+00,0.000000e+00
1.000000e+00,0.000000e+00,0.000000e+00,0.000000e+00,0.000000e+00,0.000000e+00,0.000000e+00,0.000000e+00,0.000000e+00,0.000000e+00,0.000000e+00,0.000000e+00,0.000000e+00,0.000000e+00,0.000000e+00
1.000000e+00,0.000000e+00,0.000000e+00,0.000000e+00,0.000000e+00,0.000000e+00,0.000000e+00,0.000000e+00,0.000000e+00,0.000000e+00,0.000000e+00,0.000000e+00,0.000000e+00,0.000000e+00,0.000000e+00
1.000000e+00,0.000000e+00,0.000000e+00,0.000000e+00,0.000000e+00,0.000000e+00,0.000000e+00,0.000000e+00,0.000000e+00,0.000000e+00,0.000000e+00,0.000000e+00,0.000000e+00,0.000000e+00,0.000000e+00
1.000000e+00,0.000000e+00,0.000000e+00,0.000000e+00,0.000000e+00,0.000000e+00,0.000000e+00,0.000000e+00,0.000000e+00,0.000000e+00,0.000000e+00,0.000000e+00,0.000000e+00,0.000000e+00,0.000000e+00
1.000000e+00,0.000000e+00,0.000000e+00,0.000000e+00,0.000000e+00,0.000000e+00,0.000000e+00,0.000000e+00,0.000000e+00,0.000000e+00,0.000000e+00,0.000000e+00,0.000000e+00,0.000000e+00,0.000000e+00
1.000000e+00,0.000000e+00,0.000000e+00,0.000000e+00,0.000000e+00,0.000000e+00,0.000000e+00,0.000000e+00,0.000000e+00,0.000000e+00,0.000000e+00,0.000000e+00,0.000000e+00,0.000000e+00,0.000000e+00
1.000000e+00,0.000000e+00,0.000000e+00,0.000000e+00,0.000000e+00,0.000000e+00,0.000000e+00,0.000000e+00,0.000000e+00,0.000000e+00,0.000000e+00,0.000000e+00,0.000000e+00,0.000000e+00,0.000000e+00
1.000000e+00,0.000000e+00,0.000000e+00,0.000000e+00,0.000000e+00,0.000000e+00,0.000000e+00,0.000000e+00,0.000000e+00,0.000000e+00,0.000000e+00,0.000000e+00,0.000000e+00,0.000000e+00,0.000000e+00
1.000000e+00,0.000000e+00,0.000000e+00,0.000000e+00,0.000000e+00,0.000000e+00,0.000000e+00,0.000000e+00,0.000000e+00,0.000000e+00,0.000000e+00,0.000000e+00,0.000000e+00,0.000000e+00,0.000000e+00
1.000000e+00,0.000000e+00,0.000000e+00,0.000000e+00,0.000000e+00,0.000000e+00,0.000000e+00,0.000000e+00,0.000000e+00,0.000000e+00,0.000000e+00,0.000000e+00,0.000000e+00,0.000000e+00,0.000000e+00
1.000000e+00,0.000000e+00,0.000000e+00,0.000000e+00,0.000000e+00,0.000000e+00,0.000000e+00,0.000000e+00,0.000000e+00,0.000000e+00,0.000000e+00,0.000000e+00,0.000000e+00,0.000000e+00,0.000000e+00
1.000000e+00,0.000000e+00,0.000000e+00,0.000000e+00,0.000000e+00,0.000000e+00,0.000000e+00,0.000000e+00,0.000000e+00,0.000000e+00,0.000000e+00,0.000000e+00,0.000000e+00,0.000000e+00,0.000000e+00
1.000000e+00,0.000000e+00,0.000000e+00,0.000000e+00,0.000000e+00,0.000000e+00,0.000000e+00,0.000000e+00,0.000000e+00,0.000000e+00,0.000000e+00,0.000000e+00,0.000000e+00,0.000000e+00,0.000000e+00
1.000000e+00,0.000000e+00,0.000000e+00,0.000000e+00,0.000000e+00,0.000000e+00,0.000000e+00,0.000000e+00,0.000000e+00,0.000000e+00,0.000000e+00,0.000000e+00,0.000000e+00,0.000000e+00,0.000000e+00
1.000000e+00,0.000000e+00,0.000000e+00,0.000000e+00,0.000000e+00,0.000000e+00,0.000000e+00,0.000000e+00,0.000000e+00,0.000000e+00,0.000000e+00,0.000000e+00,0.000000e+00,0.000000e+00,0.000000e+00
1.000000e+00,0.000000e+00,0.000000e+00,0.000000e+00,0.000000e+00,0.000000e+00,0.000000e+00,0.000000e+00,0.000000e+00,0.000000e+00,0.000000e+00,0.000000e+00,0.000000e+00,0.000000e+00,0.000000e+00
1.000000e+00,0.000000e+00,0.000000e+00,0.000000e+00,0.000000e+00,0.000000e+00,0.000000e+00,0.000000e+00,0.000000e+00,0.000000e+00,0.000000e+00,0.000000e+00,0.000000e+00,0.000000e+00,0.000000e+00
1.000000e+00,0.000000e+00,0.000000e+00,0.000000e+00,0.000000e+00,0.000000e+00,0.000000e+00,0.000000e+00,0.000000e+00,0.000000e+00,0.000000e+00,0.000000e+00,0.000000e+00,0.000000e+00,0.000000e+00
1.000000e+00,0.000000e+00,0.000000e+00,0.000000e+00,0.000000e+00,0.000000e+00,0.000000e+00,0.000000e+00,0.000000e+00,0.000000e+00,0.000000e+00,0.000000e+00,0.000000e+00,0.000000e+00,0.000000e+00
4.536151e-01,4.100449e-02,3.586269e-02,1.482471e-01,6.403526e-03,1.372202e-02,4.089425e-03,7.381761e-03,2.429362e-02,1.247451e-02,9.838233e-03,1.741518e-02,1.858580e-02,2.318806e-03,2.047477e-01
3.286187e-01,5.147647e-02,3.631467e-02,3.180777e-01,5.766443e-03,1.029245e-02,3.556965e-03,5.793847e-03,2.324744e-02,1.044490e-02,7.930825e-03,1.319382e-02,1.411587e-02,1.833122e-03,1.693367e-01
2.311567e-01,3.734639e-02,2.584159e-02,2.258434e-01,4.062029e-03,7.262069e-03,2.497930e-03,4.071105e-03,1.869506e-02,8.322088e-03,5.753192e-03,9.281582e-03,1.010065e-02,1.758137e-03,4.080081e-01
1.624322e-01,4.996496e-02,1.890022e-02,2.602571e-01,3.107315e-03,5.828653e-03,1.955243e-03,2.867068e-03,4.019958e-02,1.047669e-02,5.330157e-03,6.782514e-03,8.007819e-03,1.486417e-03,4.224041e-01
1.137755e-01,4.016739e-02,1.379650e-02,2.982969e-01,2.299382e-03,4.406977e-03,1.488865e-03,2.016346e-03,3.882918e-02,1.611732e-02,4.681745e-03,4.928992e-03,6.227140e-03,1.357808e-03,4.516099e-01
7.967348e-02,2.824675e-02,9.720334e-03,2.089812e-01,1.628297e-03,3.105131e-03,1.045851e-03,1.412073e-03,2.787858e-02,1.154138e-02,3.328292e-03,3.492862e-03,4.404072e-03,2.767550e-03,6.127742e-01
5.598236e-02,2.139162e-02,6.870849e-03,1.465898e-01,1.147811e-03,2.222773e-03,7.371263e-04,9.934135e-04,2.438853e-02,9.377398e-03,3.496626e-03,3.320001e-03,4.112425e-03,2.916031e-03,7.164532e-01
3.943754e-02,1.817758e-02,5.038716e-03,1.036362e-01,8.374166e-04,1.619369e-03,5.232846e-04,7.142362e-04,2.886626e-02,9.423070e-03,6.829278e-03,3.104127e-03,3.622376e-03,5.945373e-03,7.722253e-01
3.095561e-02,1.971824e-02,5.433743e-03,7.600212e-02,9.398033e-04,1.625064e-03,3.933876e-04,5.548413e-04,3.791679e-02,9.990826e-03,7.614856e-03,2.776699e-03,3.658311e-03,8.877790e-03,7.935420e-01
2.908185e-02,1.686700e-02,5.473931e-03,5.584342e-02,1.150394e-03,1.603713e-03,3.009641e-04,4.131643e-04,3.516687e-02,8.959756e-03,5.610311e-03,2.147229e-03,3.276051e-03,9.495312e-03,8.246101e-01
2.267171e-02,1.757271e-02,9.461856e-03,5.179445e-02,1.156223e-03,1.558888e-03,2.482851e-04,3.293401e-04,5.195743e-02,1.089192e-02,4.649518e-03,1.837000e-03,2.810009e-03,3.143866e-02,7.916220e-01
1.722311e-02,1.418543e-02,8.060568e-03,3.641991e-02,8.437312e-04,1.219238e-03,1.816518e-04,2.406810e-04,4.284374e-02,1.171506e-02,3.604670e-03,1.371835e-03,2.206922e-03,4.576918e-02,8.141143e-01
1.656639e-02,1.126770e-02,6.332519e-03,2.561289e-02,6.312286e-04,9.665072e-04,1.374340e-04,1.878588e-04,4.804488e-02,1.125576e-02,3.692781e-03,1.093378e-03,1.721530e-03,1.118663e-01,7.606229e-01
1.616301e-02,1.003755e-02,2.445686e-02,2.083160e-02,6.005177e-04,8.260543e-04,1.097715e-04,1.534879e-04,6.304926e-02,1.068971e-02,7.268180e-03,1.458973e-03,1.496929e-03,9.740506e-02,7.454531e-01
1.791256e-02,9.098819e-03,2.231481e-02,1.501680e-02,5.350766e-04,9.750954e-04,9.551294e-05,1.371703e-04,5.433069e-02,1.121262e-02,6.793696e-03,1.170932e-03,1.386959e-03,1.436299e-01,7.153894e-01
2.282826e-02,1.021785e-02,4.339297e-02,1.411600e-02,6.594694e-04,1.426434e-03,1.342219e-04,1.704685e-04,5.339011e-02,1.283328e-02,6.770388e-03,1.457571e-03,1.425370e-03,1.423685e-01,6.888090e-01
2.270109e-02,9.944854e-03,3.453112e-02,1.040296e-02,6.349592e-04,1.359398e-03,1.426559e-04,1.643877e-04,4.581107e-02,1.401507e-02,8.775254e-03,1.460008e-03,1.692818e-03,2.768009e-01,5.715634e-01
1.927250e-02,8.542554e-03,2.572801e-02,7.370420e-03,7.157165e-04,1.293353e-03,1.251106e-04,1.459089e-04,5.232552e-02,6.330474e-02,1.309854e-02,1.419258e-03,1.622786e-03,3.469135e-01,4.581221e-01
1.419613e-02,7.579106e-03,2.000140e-02,5.320428e-03,6.731633e-04,1.954796e-03,1.379133e-04,3.510546e-04,9.029023e-02,2.395248e-01,1.166703e-02,3.055019e-03,1.092075e-02,2.466830e-01,3.476453e-01
1.000830e-02,5.981475e-03,1.455730e-02,3.876167e-03,6.047590e-04,1.634579e-03,1.108639e-04,2.696022e-04,7.220727e-02,4.217377e-01,9.529481e-03,2.310948e-03,8.556113e-03,1.744963e-01,2.741191e-01
7.581393e-03,2.201867e-02,1.163917e-02,3.084692e-03,6.197259e-04,2.295227e-03,1.395958e-04,3.767782e-04,1.594321e-01,3.785602e-01,9.487957e-03,2.008245e-03,3.159104e-02,1.233226e-01,2.478426e-01
6.657651e-03,1.761308e-02,1.055726e-02,1.799569e-02,7.092302e-03,2.012178e-03,7.439531e-03,1.403715e-01,1.206331e-01,2.820072e-01,1.202703e-02,1.620339e-03,4.557359e-02,8.812255e-02,2.402769e-01
9.187041e-03,1.388796e-02,1.076184e-02,2.706835e-02,1.640591e-01,4.662711e-03,8.475271e-03,1.032513e-01,1.214439e-01,2.100064e-01,1.179782e-02,1.295933e-03,3.936104e-02,6.363092e-02,2.111104e-01
1.277526e-02,1.926440e-02,8.875613e-03,2.005848e-02,2.973834e-01,1.053525e-02,1.967054e-02,7.382068e-02,1.512965e-01,1.487748e-01,1.090340e-02,1.061915e-03,2.879233e-02,4.474689e-02,1.520406e-01
1.191628e-02,3.380688e-02,1.852828e-02,2.788822e-02,3.840548e-01,1.557667e-02,3.373284e-02,6.251834e-02,1.301577e-01,1.062287e-01,8.933468e-03,1.020040e-03,2.134967e-02,3.158206e-02,1.127061e-01
1.481726e-02,4.040308e-02,3.865336e-02,2.784599e-02,4.375969e-01,2.032118e-02,3.815074e-02,5.212329e-02,1.215644e-01,7.695497e-02,7.508499e-03,9.908255e-04,1.714670e-02,2.224747e-02,8.367541e-02
1.179642e-02,3.383649e-02,4.956575e-02,1.096701e-01,4.219385e-01,1.936696e-02,3.495041e-02,5.229289e-02,1.028122e-01,5.445062e-02,8.757894e-03,1.417720e-03,2.384176e-02,1.563480e-02,5.966745e-02
1.094926e-02,3.017552e-02,8.785228e-02,1.844546e-01,3.466231e-01,1.646766e-02,3.053046e-02,4.682085e-02,9.017475e-02,4.030884e-02,1.254833e-02,2.007599e-03,4.512953e-02,1.102647e-02,4.493067e-02
2.001423e-02,2.254935e-02,7.968713e-02,1.343987e-01,3.062680e-01,1.502061e-02,6.474949e-02,1.624100e-01,6.887503e-02,2.876460e-02,1.261507e-02,1.996236e-03,3.512833e-02,7.865060e-03,3.965816e-02
1.996285e-02,1.682978e-02,6.381880e-02,9.535173e-02,2.393750e-01,1.507364e-02,1.739544e-01,2.213915e-01,4.943585e-02,2.099816e-02,9.773081e-03,1.553486e-03,3.351653e-02,5.553292e-03,3.341195e-02
1.473825e-02,1.276032e-02,5.433730e-02,6.883640e-02,1.812151e-01,1.405058e-02,2.563205e-01,1.950299e-01,3.571922e-02,1.548871e-02,7.145798e-03,1.204147e-03,1.147771e-01,3.906122e-03,2.447052e-02
1.046171e-02,9.091794e-03,4.132185e-02,4.881669e-02,1.287095e-01,1.039457e-02,4.625595e-01,1.403877e-01,2.518554e-02,1.138083e-02,5.568380e-03,2.817535e-03,8.316226e-02,2.765018e-03,1.737709e-02
7.367275e-03,6.409491e-03,3.324964e-02,3.457979e-02,9.040682e-02,7.596088e-03,5.817486e-01,9.983239e-02,1.771864e-02,8.491425e-03,4.466894e-03,2.805449e-02,6.562933e-02,1.977290e-03,1.247182e-02
5.581242e-03,4.633791e-03,2.479940e-02,2.519714e-02,6.356867e-02,5.830655e-03,5.634403e-01,7.150191e-02,1.266450e-02,7.458481e-03,5.268729e-03,1.342888e-01,6.515297e-02,1.558828e-03,9.054574e-03
4.010545e-03,3.305377e-03,1.747765e-02,1.818867e-02,4.463317e-02,4.408122e-03,4.861028e-01,5.049492e-02,8.973057e-03,5.772133e-03,6.223490e-03,1.812598e-01,1.608277e-01,1.143345e-03,7.179236e-03
3.727839e-03,2.395837e-03,1.225105e-02,1.290151e-02,3.129121e-02,3.706564e-03,4.207385e-01,3.558988e-02,6.401044e-03,4.410079e-03,6.425047e-03,2.878749e-01,1.659778e-01,1.080271e-03,5.228537e-03
2.970389e-03,1.979186e-03,8.669036e-03,9.109133e-03,2.195479e-02,2.766776e-03,3.041289e-01,2.508094e-02,4.817906e-03,5.117100e-03,9.897758e-03,4.412184e-01,1.573851e-01,1.167042e-03,3.737688e-03
2.353610e-03,1.511076e-03,6.106015e-03,6.420591e-03,1.542470e-02,2.483097e-03,2.214716e-01,1.774709e-02,3.476065e-03,4.541508e-03,1.200761e-02,5.815217e-01,1.211052e-01,1.177769e-03,2.652359e-03
1.773921e-03,1.237811e-03,4.376970e-03,4.498777e-03,1.085497e-02,1.908193e-03,1.552774e-01,1.246907e-02,2.557222e-03,6.854300e-03,1.066734e-02,6.961361e-01,8.854773e-02,9.626113e-04,1.877555e-03
1.517048e-03,1.115531e-03,3.265125e-03,3.167399e-03,7.689281e-03,1.656156e-03,1.094500e-01,9.000701e-03,1.952369e-03,1.750332e-02,4.576017e-02,7.299290e-01,6.537753e-02,1.234515e-03,1.381807e-03
1.640272e-03,1.360029e-03,2.530361e-03,2.277097e-03,5.496651e-03,1.390960e-03,7.679169e-02,6.808745e-03,2.578946e-03,1.559770e-02,5.760051e-02,7.747192e-01,4.813179e-02,2.077610e-03,9.983876e-04
1.314386e-03,1.176199e-03,1.845912e-03,1.668850e-03,4.005476e-03,1.051156e-03,5.380036e-02,5.100365e-03,5.750225e-03,1.261797e-02,6.626815e-02,8.074169e-01,3.403698e-02,3.201188e-03,7.459074e-04
1.011856e-03,9.955250e-04,1.409407e-03,1.327221e-03,3.507275e-03,7.780997e-04,3.770478e-02,3.626161e-03,7.672256e-03,1.175502e-02,6.460636e-02,8.364458e-01,2.403315e-02,4.524418e-03,6.026946e-04
1.007244e-03,2.049239e-03,1.437144e-03,1.349078e-03,1.490670e-02,1.447340e-03,2.653935e-02,2.756818e-03,1.179232e-02,1.840578e-02,7.574213e-02,8.138444e-01,1.757240e-02,1.039539e-02,7.546573e-04
1.109660e-03,1.149829e-02,2.415801e-03,1.132090e-03,3.841124e-02,1.808073e-03,1.864477e-02,2.111221e-03,2.090243e-02,2.190636e-02,1.585129e-01,6.930018e-01,1.261336e-02,1.467773e-02,1.254278e-03
3.042825e-03,8.597847e-03,2.225626e-03,1.075621e-03,2.904256e-02,2.594299e-03,1.311839e-02,2.299501e-03,3.908931e-02,2.323307e-02,2.843486e-01,5.615729e-01,9.161029e-03,1.925947e-02,1.339018e-03
3.222744e-03,6.321655e-03,1.838181e-03,1.008956e-03,2.160128e-02,2.880572e-03,9.215236e-03,2.050136e-03,6.848754e-02,2.596586e-02,3.770855e-01,4.384136e-01,6.897742e-03,3.319241e-02,1.818627e-03
3.556104e-03,4.683237e-03,1.623521e-03,7.761154e-04,1.576613e-02,2.716246e-03,6.464201e-03,1.652313e-03,9.945426e-02,2.147663e-02,4.308530e-01,3.465375e-01,5.075245e-03,5.762042e-02,1.745104e-03
2.908705e-03,1.610896e-02,3.749946e-03,7.234610e-04,1.757890e-02,2.169274e-03,4.556608e-03,1.344407e-03,1.753488e-01,2.083598e-02,4.445326e-01,2.543044e-01,3.691227e-03,4.772397e-02,4.422844e-03
3.423470e-03,4.380400e-02,1.321007e-02,1.291638e-03,1.768457e-02,5.550914e-03,3.376293e-03,2.259882e-03,2.248913e-01,1.942560e-02,4.335199e-01,1.855326e-01,2.721706e-03,3.885803e-02,4.450106e-03
1.201213e-02,5.136160e-02,5.044550e-02,3.652958e-03,1.452146e-02,4.218191e-02,2.688524e-03,9.556958e-03,2.538130e-01,1.837893e-02,3.708733e-01,1.306841e-01,2.066316e-03,3.232702e-02,5.436251e-03
2.199895e-02,9.804402e-02,1.409702e-01,1.044068e-02,1.269244e-02,6.518651e-02,2.253029e-03,1.528745e-02,1.957335e-01,1.654939e-02,2.940093e-01,9.167571e-02,1.500564e-03,2.498504e-02,8.673150e-03
3.899129e-02,1.149568e-01,2.001842e-01,1.216044e-02,1.175372e-02,5.804459e-02,1.615615e-03,1.175639e-02,1.532842e-01,1.490320e-02,2.828215e-01,6.424615e-02,1.103541e-03,2.107441e-02,1.310414e-02
4.739399e-02,1.109805e-01,3.103343e-01,1.700694e-02,1.079542e-02,4.349183e-02,1.199506e-03,9.558482e-03,1.214517e-01,1.192413e-02,2.387834e-01,4.511540e-02,8.697786e-04,1.773510e-02,1.335952e-02
5.249237e-02,1.017662e-01,3.721156e-01,2.266161e-02,9.411274e-03,3.373264e-02,8.694525e-04,8.413208e-03,1.156500e-01,1.140088e-02,1.988499e-01,3.173224e-02,7.057361e-04,1.730704e-02,2.289190e-02
6.585204e-02,8.000730e-02,3.900926e-01,2.507949e-02,1.488508e-02,2.985895e-02,6.647360e-04,6.677237e-03,1.420188e-01,8.608528e-03,1.636217e-01,2.243625e-02,6.068840e-04,2.454955e-02,2.504094e-02
8.776642e-02,7.057071e-02,3.901070e-01,2.511072e-02,1.764276e-02,2.352292e-02,5.217143e-04,5.374923e-03,1.222031e-01,7.010267e-03,1.489741e-01,1.590428e-02,6.167957e-04,6.311011e-02,2.156414e-02
1.203475e-01,7.920939e-02,3.461247e-01,2.339316e-02,1.598265e-02,2.026272e-02,5.224987e-04,4.964580e-03,1.025475e-01,5.687585e-03,1.374281e-01,1.141082e-02,7.540078e-04,1.105996e-01,2.076509e-02
1.476430e-01,7.454965e-02,3.579565e-01,2.748670e-02,2.549767e-02,2.087538e-02,8.066245e-04,5.675492e-03,7.400426e-02,4.969207e-03,1.338749e-01,8.512058e-03,8.065834e-04,9.692211e-02,2.041990e-02
1.486010e-01,7.555597e-02,3.943870e-01,2.556665e-02,2.599115e-02,2.290489e-02,1.017231e-03,5.909975e-03,5.287094e-02,4.230720e-03,1.089453e-01,6.533338e-03,9.561430e-04,1.061255e-01,2.040422e-02
1.582833e-01,8.779335e-02,3.818479e-01,2.428113e-02,2.281369e-02,2.163743e-02,1.472208e-03,5.896677e-03,4.086175e-02,4.184241e-03,1.151688e-01,5.638723e-03,1.177939e-03,1.087271e-01,2.021573e-02
1.642469e-01,1.104586e-01,4.154205e-01,2.138949e-02,1.706938e-02,1.656017e-02,1.476395e-03,4.922790e-03,3.396156e-02,5.971847e-03,9.082723e-02,4.876314e-03,1.395835e-03,8.326620e-02,2.815691e-02
1.155350e-01,8.161833e-02,4.440778e-01,1.568830e-02,1.200984e-02,1.238319e-02,1.042922e-03,3.472906e-03,3.419528e-02,8.633063e-03,6.973907e-02,3.535905e-03,1.154443e-03,1.434056e-01,5.350820e-02
8.096537e-02,5.886931e-02,3.394580e-01,1.119491e-02,8.430436e-03,8.885895e-03,7.350658e-04,2.459996e-03,9.496283e-02,1.067044e-02,8.171888e-02,3.532356e-03,1.375528e-03,2.188348e-01,7.790609e-02
5.671637e-02,4.142557e-02,2.485263e-01,8.075947e-03,5.926388e-03,6.382322e-03,5.215601e-04,1.734376e-03,8.008999e-02,8.118573e-03,1.389241e-01,3.074340e-03,1.153519e-03,3.418689e-01,5.746165e-02
3.971416e-02,2.911207e-02,1.749689e-01,5.694894e-03,4.171855e-03,4.512941e-03,3.667933e-04,1.223879e-03,6.386653e-02,6.110167e-03,1.882468e-01,2.904877e-03,9.096814e-04,4.377292e-01,4.046732e-02
2.784341e-02,2.053214e-02,1.227096e-01,4.234710e-03,3.106054e-03,3.362925e-03,2.633346e-04,9.019088e-04,5.834936e-02,5.691116e-03,3.025820e-01,2.460040e-03,7.713619e-04,4.184482e-01,2.874388e-02
1.957531e-02,1.447598e-02,8.594815e-02,3.103111e-03,2.377903e-03,2.511545e-03,1.895310e-04,6.868148e-04,5.484705e-02,6.992876e-03,3.957738e-01,1.928451e-03,6.217780e-04,3.902793e-01,2.068842e-02
1.379386e-02,1.026890e-02,6.029847e-02,2.553658e-03,2.132080e-03,2.216641e-03,1.501917e-04,5.647470e-04,4.290388e-02,7.257362e-03,4.012433e-01,2.102867e-03,7.024664e-04,4.389697e-01,1.484182e-02
9.722935e-03,7.318193e-03,4.229733e-02,2.128910e-03,2.113156e-03,1.970693e-03,1.184912e-04,4.890541e-04,3.210783e-02,6.080572e-03,3.864255e-01,2.085666e-03,7.774228e-04,4.956325e-01,1.073175e-02
6.874583e-03,1.192945e-02,2.984435e-02,1.891716e-03,6.262327e-03,7.596405e-03,9.663188e-05,4.446108e-04,3.767724e-02,7.238810e-03,4.120228e-01,2.280442e-03,6.569031e-04,4.671816e-01,8.002177e-03
4.838531e-03,1.028637e-02,2.102060e-02,1.634678e-03,5.318689e-03,1.412893e-02,7.502742e-05,3.353181e-04,1.104093e-01,7.357690e-03,3.616126e-01,2.886484e-03,4.886474e-04,4.538978e-01,5.709321e-03
3.457161e-03,5.987249e-02,1.636218e-02,1.529958e-03,7.330766e-03,1.216294e-01,1.023572e-04,5.704212e-04,1.381365e-01,9.782333e-03,2.873907e-01,2.119321e-03,3.746324e-04,3.470928e-01,4.248975e-03
2.450019e-03,5.891717e-02,1.169813e-02,2.819031e-03,7.341889e-03,2.227582e-01,7.537506e-05,4.398793e-04,2.251687e-01,9.118631e-03,2.041001e-01,1.588075e-03,6.478014e-04,2.494829e-01,3.394141e-03
1.729466e-03,5.821948e-02,8.350932e-03,3.733090e-03,5.698669e-03,3.531885e-01,5.513306e-05,4.346939e-04,2.348277e-01,6.966315e-03,1.442503e-01,1.219003e-03,1.110084e-03,1.776393e-01,2.577421e-03
1.706247e-03,5.368984e-02,1.011645e-02,4.070366e-03,4.230832e-03,4.648025e-01,2.175329e-04,2.542924e-03,1.895839e-01,5.325803e-03,1.281574e-01,1.008700e-03,2.953428e-03,1.295213e-01,2.072748e-03
1.677702e-03,4.986434e-02,7.269662e-03,4.968762e-03,5.208021e-03,5.798453e-01,1.786783e-04,2.270524e-03,1.586518e-01,3.786945e-03,9.034535e-02,7.516990e-04,2.432965e-03,9.081013e-02,1.938174e-03
1.450449e-03,3.911927e-02,5.132675e-03,5.980856e-02,4.857685e-03,6.171222e-01,1.328495e-04,3.784854e-03,1.332193e-01,2.897513e-03,6.391910e-02,6.007426e-04,1.944793e-03,6.365998e-02,2.349951e-03
1.930200e-03,3.269877e-02,3.793729e-03,9.669116e-02,4.510435e-03,6.119487e-01,1.100889e-04,3.979456e-03,1.304442e-01,3.071030e-03,4.900786e-02,2.963983e-03,3.785042e-03,4.553752e-02,9.527825e-03
2.120262e-03,4.116917e-02,2.888426e-03,8.957516e-02,6.589564e-03,5.909879e-01,1.061153e-04,3.476805e-03,1.657154e-01,2.626805e-03,3.648491e-02,4.137302e-03,6.365273e-03,3.263878e-02,1.511816e-02
3.072456e-03,3.223046e-02,2.713100e-03,1.067833e-01,1.098437e-02,4.814649e-01,2.084638e-04,1.671096e-02,2.587143e-01,2.280635e-03,2.920943e-02,5.847992e-03,1.181022e-02,2.375950e-02,1.420987e-02
3.197510e-03,2.834200e-02,2.101369e-03,8.717704e-02,1.342354e-02,3.674616e-01,2.521645e-04,1.610059e-02,4.137256e-01,2.029096e-03,2.144697e-02,4.606885e-03,9.624850e-03,1.677595e-02,1.373479e-02
3.240208e-03,2.566014e-02,4.482951e-03,1.671185e-01,1.354977e-02,2.818139e-01,2.763847e-04,1.878630e-02,4.242237e-01,3.849934e-03,1.612124e-02,3.587049e-03,7.502484e-03,1.194402e-02,1.784328e-02
3.412705e-03,2.207459e-02,5.126176e-03,3.195880e-01,1.108283e-02,2.046882e-01,2.100997e-04,1.531585e-02,3.624211e-01,4.963720e-03,1.279728e-02,2.665689e-03,5.533694e-03,8.415726e-03,2.170432e-02
1.677484e-02,2.445049e-02,5.229880e-03,2.705015e-01,2.375055e-02,1.676729e-01,4.443685e-04,1.694476e-02,3.988174e-01,1.138850e-02,1.114311e-02,2.168733e-03,4.348456e-03,6.098607e-03,4.026590e-02
3.813002e-02,2.638192e-02,7.493299e-03,2.417275e-01,3.741436e-02,1.242838e-01,8.960725e-04,2.747536e-02,4.024296e-01,1.773075e-02,9.420887e-03,2.697148e-03,3.949122e-03,4.829841e-03,5.514037e-02
5.175570e-02,3.011128e-02,4.047682e-02,2.497554e-01,5.330102e-02,8.987545e-02,1.435584e-03,4.520372e-02,3.594338e-01,1.545061e-02,7.736617e-03,2.319111e-03,3.747437e-03,3.807211e-03,4.559023e-02
4.305236e-02,2.283565e-02,3.038723e-02,1.771561e-01,7.195511e-02,6.362215e-02,2.082691e-03,2.463156e-01,2.867052e-01,1.083188e-02,5.562281e-03,1.657270e-03,3.061724e-03,2.729886e-03,3.204478e-02
3.340529e-02,1.623205e-02,2.196618e-02,1.248002e-01,5.829730e-02,4.501823e-02,1.591150e-02,4.293110e-01,2.150224e-01,7.675629e-03,4.087246e-03,1.216285e-03,2.604979e-03,1.923366e-03,2.252837e-02
2.688858e-02,1.186586e-02,1.600644e-02,8.830617e-02,5.140600e-02,3.218844e-02,3.990090e-02,5.474045e-01,1.552906e-01,5.500265e-03,3.161724e-03,9.765987e-04,3.794580e-03,1.379597e-03,1.592981e-02
2.169892e-02,8.483900e-03,1.197485e-02,6.222335e-02,4.283801e-02,2.318187e-02,4.531799e-02,6.511053e-01,1.092972e-01,3.947013e-03,2.471283e-03,8.095313e-04,4.249034e-03,9.953995e-04,1.140631e-02
1.797240e-02,6.109171e-03,8.761915e-03,4.370566e-02,3.214697e-02,1.749284e-02,4.840832e-02,7.276903e-01,7.750135e-02,2.803270e-03,1.994992e-03,6.813268e-04,5.893935e-03,7.245910e-04,8.112823e-03
1.497681e-02,4.865875e-03,6.721286e-03,3.082242e-02,2.738657e-02,1.369998e-02,1.247357e-01,6.957128e-01,5.537617e-02,2.121752e-03,1.768538e-03,8.136131e-04,1.452568e-02,6.054817e-04,5.867215e-03
2.681620e-02,4.286897e-03,9.845933e-03,2.226427e-02,3.162101e-02,1.434079e-02,2.181244e-01,5.989444e-01,4.053615e-02,3.948447e-03,2.169821e-03,2.327485e-03,1.850305e-02,1.152411e-03,5.118519e-03
7.215001e-02,3.681816e-03,9.203171e-03,1.598123e-02,2.882866e-02,1.778220e-02,3.001736e-01,4.802240e-01,3.095659e-02,4.002339e-03,2.240930e-03,3.865632e-03,2.513684e-02,1.249335e-03,4.523600e-03
1.304767e-01,3.444381e-03,8.169939e-03,1.208783e-02,2.316611e-02,2.828980e-02,3.308263e-01,3.899080e-01,2.466616e-02,3.888805e-03,2.296316e-03,4.286592e-03,3.146244e-02,1.246464e-03,5.784085e-03
2.100950e-01,3.927350e-03,7.450160e-03,9.476790e-03,1.922604e-02,3.251469e-02,3.454752e-01,2.987614e-01,2.169383e-02,3.433510e-03,3.009401e-03,5.852346e-03,3.079463e-02,1.181188e-03,7.108391e-03
2.620762e-01,4.208874e-03,8.250556e-03,7.836365e-03,1.691436e-02,3.308231e-02,3.530579e-01,2.405936e-01,1.768520e-02,3.366369e-03,3.510346e-03,7.924546e-03,3.172776e-02,1.171577e-03,8.594092e-03
2.928975e-01,6.216505e-03,1.153282e-02,7.241074e-03,1.492732e-02,3.126142e-02,3.626193e-01,1.985520e-01,1.440062e-02,3.814057e-03,3.971606e-03,1.087211e-02,2.664425e-02,2.192338e-03,1.285713e-02
3.545899e-01,7.102784e-03,1.095283e-02,7.127264e-03,1.443590e-02,2.853641e-02,3.409900e-01,1.655664e-01,1.231794e-02,3.758627e-03,4.408011e-03,1.246016e-02,2.215948e-02,2.444178e-03,1.314996e-02
3.669024e-01,8.585184e-03,9.961566e-03,7.934591e-03,1.370255e-02,3.230139e-02,3.342153e-01,1.472552e-01,1.203427e-02,4.249420e-03,5.661584e-03,1.733008e-02,2.053880e-02,2.457407e-03,1.687026e-02
3.857378e-01,8.397552e-03,9.271839e-03,8.269776e-03,1.276323e-02,3.387949e-02,3.085136e-01,1.487730e-01,1.110163e-02,4.268977e-03,8.128024e-03,2.108904e-02,1.947959e-02,2.366829e-03,1.795962e-02
3.262971e-01,8.505336e-03,9.118556e-03,9.239282e-03,1.034277e-02,3.451115e-02,3.560182e-01,1.303485e-01,1.079146e-02,6.582482e-03,2.082546e-02,3.108215e-02,2.401957e-02,3.042812e-03,1.927506e-02
2.658012e-01,2.551366e-02,7.618759e-03,1.116774e-02,9.146587e-03,2.691538e-02,2.750496e-01,1.077850e-01,3.296682e-02,1.696998e-02,6.631064e-02,3.419094e-02,2.909146e-02,2.703105e-03,8.876906e-02
2.567695e-01,2.868497e-02,6.049310e-03,1.620630e-02,1.024347e-02,2.201189e-02,2.183331e-01,8.193049e-02,8.924892e-02,1.620054e-02,8.155034e-02,3.539428e-02,3.888978e-02,2.439498e-03,9.604753e-02
1.867472e-01,2.418195e-02,4.450470e-03,1.401855e-02,7.458574e-03,1.715338e-02,1.540247e-01,5.768908e-02,2.837474e-01,1.366367e-02,6.393100e-02,3.359195e-02,4.336305e-02,3.023001e-03,9.295599e-02
1.340149e-01,1.803535e-02,3.274299e-03,1.745422e-02,5.471924e-03,1.446950e-02,1.080058e-01,4.047698e-02,3.850935e-01,1.106409e-02,5.911828e-02,4.269785e-02,7.022800e-02,4.573114e-03,8.602207e-02
1.102561e-01,1.329450e-02,2.880731e-03,1.684304e-02,5.053339e-03,1.288486e-02,7.615680e-02,2.951681e-02,3.607894e-01,1.015531e-02,8.429276e-02,5.170025e-02,1.376764e-01,1.115034e-02,7.734925e-02
1.080806e-01,1.018922e-02,4.340880e-02,2.392800e-02,1.787893e-02,1.038518e-02,5.348472e-02,3.870948e-02,3.447458e-01,7.818253e-03,1.020039e-01,4.954090e-02,1.226201e-01,1.040500e-02,5.680105e-02
1.173353e-01,9.590540e-03,7.305758e-02,2.160608e-02,7.713011e-02,1.130860e-02,3.789036e-02,3.623523e-02,3.458742e-01,6.281884e-03,8.217981e-02,3.742167e-02,9.361506e-02,8.400151e-03,4.207335e-02
1.109623e-01,1.779189e-02,5.935585e-02,2.252222e-02,7.438066e-02,8.975797e-03,2.693902e-02,3.142788e-02,4.380884e-01,5.945269e-03,6.197876e-02,2.922571e-02,6.807866e-02,6.135539e-03,3.819203e-02
1.093219e-01,1.796008e-02,4.823184e-02,4.289540e-02,7.786305e-02,7.875982e-03,2.060144e-02,3.966041e-02,4.797845e-01,5.266210e-03,4.544916e-02,2.149724e-02,4.927353e-02,4.439127e-03,2.988011e-02
1.065766e-01,1.618445e-02,3.643721e-02,3.888333e-02,6.919717e-02,7.472523e-03,1.578013e-02,3.999299e-02,5.545113e-01,4.078699e-03,3.291740e-02,1.578550e-02,3.581076e-02,3.167737e-03,2.320411e-02
9.992898e-02,2.460796e-02,2.988863e-02,3.674595e-02,5.984000e-02,7.646363e-03,1.305295e-02,4.818762e-02,5.836639e-01,3.609216e-03,2.434178e-02,1.191137e-02,3.361798e-02,2.376241e-03,2.058099e-02
8.444350e-02,5.736333e-02,3.699185e-02,1.192618e-01,4.629032e-02,6.723224e-03,9.443526e-03,3.867630e-02,5.100662e-01,4.376042e-03,1.830736e-02,9.036085e-03,2.775902e-02,1.883955e-03,2.937741e-02
6.639839e-02,5.943142e-02,4.774197e-02,2.211924e-01,3.358237e-02,5.233404e-03,6.696670e-03,2.804272e-02,4.038728e-01,7.955093e-03,2.978802e-02,7.658964e-03,2.581691e-02,2.301975e-03,5.428689e-02
6.012090e-02,4.510056e-02,4.121438e-02,2.362585e-01,2.483644e-02,4.393641e-03,5.072867e-03,2.011364e-02,3.027950e-01,1.398480e-02,1.010133e-01,1.814253e-02,5.680161e-02,1.335030e-02,5.680155e-02
5.652829e-02,3.414814e-02,2.970178e-02,1.741034e-01,1.936202e-02,5.567649e-03,3.682212e-03,1.500018e-02,2.283383e-01,1.185525e-02,2.760209e-01,1.798301e-02,7.308318e-02,1.038454e-02,4.424124e-02
8.565173e-02,5.164968e-02,2.270446e-02,1.387158e-01,1.847216e-02,8.772395e-03,3.215657e-03,1.477366e-02,2.140261e-01,1.307064e-02,2.189381e-01,1.973223e-02,1.313520e-01,1.173480e-02,4.719064e-02
6.589955e-02,4.847353e-02,1.751401e-02,1.434253e-01,1.538926e-02,9.693764e-03,2.725537e-03,1.150329e-02,1.822674e-01,2.188937e-02,1.595265e-01,1.923006e-02,2.442296e-01,1.311543e-02,4.511743e-02
4.879335e-02,3.498159e-02,1.274164e-02,1.032297e-01,1.194124e-02,1.184610e-02,2.185215e-03,1.096143e-02,1.326965e-01,1.609675e-02,1.147385e-01,2.253564e-02,4.310715e-01,1.209888e-02,3.408199e-02
4.230582e-02,2.804304e-02,1.016258e-02,7.453836e-02,1.136641e-02,1.221920e-02,1.734513e-03,8.298571e-03,9.793353e-02,1.154314e-02,8.134034e-02,4.044037e-02,5.373712e-01,8.896203e-03,3.380673e-02
4.159026e-02,7.041332e-02,1.845497e-02,9.962079e-02,1.509083e-02,1.279753e-02,1.790162e-03,7.008771e-03,9.822545e-02,8.955145e-03,5.860096e-02,4.994876e-02,4.829068e-01,6.564318e-03,2.803194e-02
4.272449e-02,7.744086e-02,2.065919e-02,2.346235e-01,1.445529e-02,1.239967e-02,1.707569e-03,7.248909e-03,1.027832e-01,8.792987e-03,5.195758e-02,4.313279e-02,3.528334e-01,5.391077e-03,2.384950e-02
4.569803e-02,7.936917e-02,2.345572e-02,1.834740e-01,1.775729e-02,1.897796e-02,2.458040e-03,7.578602e-03,1.119459e-01,7.510048e-03,5.249513e-02,5.253044e-02,3.680460e-01,4.761152e-03,2.394241e-02
8.154656e-02,9.310000e-02,2.299609e-02,1.934873e-01,2.310490e-02,1.832154e-02,2.721446e-03,9.134980e-03,1.027694e-01,5.888259e-03,4.621334e-02,6.719856e-02,3.085817e-01,4.364937e-03,2.057093e-02
1.466630e-01,8.426493e-02,3.763632e-02,1.548218e-01,2.675846e-02,2.449005e-02,3.686200e-03,1.155788e-02,9.148230e-02,6.362008e-03,4.289924e-02,8.236299e-02,2.629770e-01,4.493152e-03,1.954471e-02
2.327159e-01,6.736550e-02,3.050046e-02,1.156251e-01,2.294250e-02,2.594115e-02,3.119744e-03,1.024936e-02,7.621452e-02,5.513464e-03,3.424175e-02,7.108714e-02,2.751163e-01,5.295790e-03,2.407134e-02
2.549685e-01,5.064020e-02,2.566294e-02,8.823787e-02,2.959643e-02,2.394252e-02,4.023877e-03,1.088904e-02,7.287790e-02,4.568309e-03,2.837087e-02,5.388208e-02,3.220008e-01,5.331924e-03,2.500674e-02
3.176851e-01,3.745674e-02,2.036856e-02,6.538972e-02,2.606250e-02,2.101293e-02,3.667492e-03,1.200607e-02,6.120519e-02,3.864504e-03,2.296051e-02,4.325061e-02,3.361328e-01,6.278636e-03,2.265864e-02
3.576607e-01,3.082492e-02,2.316251e-02,7.047673e-02,2.189894e-02,1.921464e-02,3.005345e-03,1.368000e-02,6.794044e-02,6.083812e-03,2.139654e-02,3.957684e-02,2.916492e-01,8.286046e-03,2.514333e-02
3.921397e-01,2.663185e-02,2.726621e-02,7.678488e-02,2.070184e-02,2.013743e-02,2.835725e-03,1.162193e-02,5.720495e-02,8.612640e-03,2.621880e-02,4.956343e-02,2.506880e-01,7.622835e-03,2.196980e-02
4.271950e-01,2.228326e-02,2.278180e-02,6.716903e-02,1.741807e-02,2.062391e-02,2.896559e-03,1.044367e-02,4.660083e-02,1.277151e-02,2.887672e-02,4.912024e-02,2.359664e-01,7.962382e-03,2.789050e-02
4.837657e-01,2.383413e-02,1.860427e-02,5.389455e-02,2.413264e-02,1.940532e-02,4.649586e-03,1.015806e-02,5.469333e-02,1.155348e-02,2.826853e-02,4.064703e-02,1.919645e-01,7.020370e-03,2.740841e-02
4.850920e-01,3.627996e-02,1.527008e-02,4.989528e-02,5.403513e-02,1.986483e-02,1.206974e-02,9.197413e-03,6.556606e-02,1.057243e-02,2.311441e-02,3.714025e-02,1.497578e-01,5.314634e-03,2.682998e-02
4.595158e-01,5.599272e-02,1.454560e-02,7.420360e-02,8.630048e-02,2.059921e-02,1.588527e-02,7.225689e-03,6.799856e-02,1.281046e-02,1.819549e-02,3.100226e-02,1.091365e-01,3.920299e-03,2.266809e-02
4.308175e-01,6.211935e-02,1.648679e-02,1.470527e-01,8.620051e-02,1.747289e-02,1.413096e-02,8.372305e-03,6.042124e-02,1.036728e-02,1.577331e-02,2.862786e-02,8.036775e-02,2.938388e-03,1.885110e-02
4.732801e-01,5.710898e-02,1.709930e-02,1.454587e-01,8.352327e-02,1.588123e-02,1.303455e-02,1.130100e-02,5.331526e-02,9.270315e-03,1.434266e-02,2.729602e-02,5.992501e-02,2.509260e-03,1.665433e-02
4.664603e-01,4.776254e-02,1.354862e-02,1.090663e-01,1.258957e-01,1.348701e-02,1.331244e-02,1.960563e-02,8.652511e-02,8.665632e-03,1.238239e-02,2.210022e-02,4.481824e-02,2.090995e-03,1.427887e-02
4.507207e-01,5.185918e-02,1.132344e-02,8.085322e-02,1.737690e-01,1.392426e-02,1.528258e-02,1.943899e-02,9.657860e-02,7.717590e-03,1.130838e-02,1.687360e-02,3.629282e-02,1.654158e-03,1.240359e-02
4.333069e-01,7.437947e-02,1.784280e-02,8.850601e-02,1.629261e-01,1.190702e-02,1.249550e-02,2.506378e-02,7.532203e-02,1.080296e-02,1.005909e-02,1.941032e-02,2.721481e-02,1.881253e-03,2.888200e-02
3.410330e-01,7.068374e-02,2.783829e-02,9.311865e-02,1.399424e-01,1.404337e-01,1.182139e-02,3.145424e-02,5.921477e-02,1.015683e-02,1.228950e-02,1.543217e-02,1.954913e-02,2.086420e-03,2.494591e-02
2.633772e-01,5.331511e-02,2.054181e-02,6.923397e-02,1.056594e-01,3.433601e-01,9.322736e-03,2.398921e-02,4.201270e-02,1.340363e-02,9.519590e-03,1.135012e-02,1.393090e-02,2.139894e-03,1.884370e-02
1.845615e-01,3.766353e-02,1.441861e-02,5.005204e-02,7.495803e-02,4.567325e-01,6.998967e-03,1.700439e-02,3.057491e-02,7.299516e-02,9.683551e-03,8.118514e-03,1.103416e-02,1.964873e-03,2.323928e-02
1.293665e-01,2.681342e-02,1.011021e-02,3.597641e-02,5.295777e-02,5.880657e-01,5.209169e-03,1.211700e-02,2.422624e-02,5.475919e-02,1.816744e-02,6.098900e-03,8.673045e-03,7.048913e-03,2.041008e-02
