1.000000e+00,0.000000e+00,0.000000e+00,0.000000e+00,0.000000e+00,0.000000e+00,0.000000e+00,0.000000e+00,0.000000e+00,0.000000e+00,0.000000e+00,0.000000e+00,0.000000e+00,0.000000e+00,0.000000e+00
1.000000e+00,0.000000e+00,0.000000e+00,0.000000e+00,0.000000e+00,0.000000e+00,0.000000e+00,0.000000e+00,0.000000e+00,0.000000e+00,0.000000e+00,0.000000e+00,0.000000e+00,0.000000e+00,0.000000e+00
1.000000e+00,0.000000e+00,0.000000e+00,0.000000e+00,0.000000e+00,0.000000e+00,0.000000e+00,0.000000e+00,0.000000e+00,0.000000e+00,0.000000e+00,0.000000e+00,0.000000e+00,0.000000e+00,0.000000e+00
1.000000e+00,0.000000e+00,0.000000e+00,0.000000e+00,0.000000e+00,0.000000e+00,0.000000e+00,0.000000e+00,0.000000e+00,0.000000e+00,0.000000e+00,0.000000e+00,0.000000e+00,0.000000e+00,0.000000e+00
1.000000e+00,0.000000e+00,0.000000e+00,0.000000e+00,0.000000e+00,0.000000e+00,0.000000e+00,0.000000e+00,0.000000e+00,0.000000e+00,0.000000e+00,0.000000e+00,0.000000e+00,0.000000e+00,0.000000e+00
1.000000e+00,0.000000e+00,0.000000e+00,0.000000e+00,0.000000e+00,0.000000e+00,0.000000e+00,0.000000e+00,0.000000e+00,0.000000e+00,0.000000e+00,0.000000e+00,0.000000e+00,0.000000e+00,0.000000e+00
1.000000e+00,0.000000e+00,0.000000e+00,0.000000e+00,0.000000e+00,0.000000e+00,0.000000e+00,0.000000e+00,0.000000e+00,0.000000e+00,0.000000e+00,0.000000e+00,0.000000e+00,0.000000e+00,0.000000e+00
1.000000e+00,0.000000e+00,0.000000e+00,0.000000e+00,0.000000e+00,0.000000e+00,0.000000e+00,0.000000e+00,0.000000e+00,0.000000e+00,0.000000e+00,0.000000e+00,0.000000e+00,0.000000e+00,0.000000e+00
1.000000e+00,0.000000e+00,0.000000e+00,0.000000e+00,0.000000e+00,0.000000e+00,0.000000e+00,0.000000e+00,0.000000e+00,0.000000e+00,0.000000e+00,0.000000e+00,0.000000e+00,0.000000e+00,0.000000e+00
1.000000e+00,0.000000e+00,0.000000e+00,0.000000e+00,0.000000e+00,0.000000e+00,0.000000e+00,0.000000e+00,0.000000e+00,0.000000e+00,0.000000e+00,0.000000e+00,0.000000e+00,0.000000e+00,0.000000e+00
1.000000e+00,0.000000e+00,0.000000e+00,0.000000e+00,0.000000e+00,0.000000e+00,0.000000e+00,0.000000e+00,0.000000e+00,0.000000e+00,0.000000e+00,0.000000e+00,0.000000e+00,0.000000e+00,0.000000e+00
1.000000e+00,0.000000e+00,0.000000e+00,0.000000e+00,0.000000e+00,0.000000e+00,0.000000e+00,0.000000e+00,0.000000e+00,0.000000e+00,0.000000e+00,0.000000e+00,0.000000e+00,0.000000e+00,0.000000e+00
1.000000e+00,0.000000e+00,0.000000e+00,0.000000e+00,0.000000e+00,0.000000e+00,0.000000e+00,0.000000e+00,0.000000e+00,0.000000e+00,0.000000e+00,0.000000e+00,0.000000e+00,0.000000e+00,0.000000e+00
1.000000e+00,0.000000e+00,0.000000e+00,0.000000e+00,0.000000e+00,0.000000e+00,0.000000e+00,0.000000e+00,0.000000e+00,0.000000e+00,0.000000e+00,0.000000e+00,0.000000e+00,0.000000e+00,0.000000e+00
1.000000e+00,0.000000e+00,0.000000e+00,0.000000e+00,0.000000e+00,0.000000e+00,0.000000e+00,0.000000e+00,0.000000e+00,0.000000e+00,0.000000e+00,0.000000e+00,0.000000e+00,0.000000e+00,0.000000e+00
1.000000e+00,0.000000e+00,0.000000e+00,0.000000e+00,0.000000e+00,0.000000e+00,0.000000e+00,0.000000e+00,0.000000e+00,0.000000e+00,0.000000e+00,0.000000e+00,0.000000e+00,0.000000e+00,0.000000e+00
1.000000e+00,0.000000e+00,0.000000e+00,0.000000e+00,0.000000e+00,0.000000e+00,0.000000e+00,0.000000e+00,0.000000e+00,0.000000e+00,0.000000e+00,0.000000e+00,0.000000e+00,0.000000e+00,0.000000e+00
1.000000e+00,0.000000e+00,0.000000e+00,0.000000e+00,0.000000e+00,0.000000e+00,0.000000e+00,0.000000e+00,0.000000e+00,0.000000e+00,0.000000e+00,0.000000e+00,0.000000e+00,0.000000e+00,0.000000e+00
1.000000e+00,0.000000e+00,0.000000e+00,0.000000e+00,0.000000e+00,0.000000e+00,0.000000e+00,0.000000e+00,0.000000e+00,0.000000e+00,0.000000e+00,0.000000e+00,0.000000e+00,0.000000e+00,0.000000e+00
1.000000e+00,0.000000e+00,0.000000e+00,0.000000e+00,0.000000e+00,0.000000e+00,0.000000e+00,0.000000e+00,0.000000e+00,0.000000e+00,0.000000e+00,0.000000e+00,0.000000e+00,0.000000e+00,0.000000e+00
1.000000e+00,0.000000e+00,0.000000e+00,0.000000e+00,0.000000e+00,0.000000e+00,0.000000e+00,0.000000e+00,0.000000e+00,0.000000e+00,0.000000e+00,0.000000e+00,0.000000e+00,0.000000e+00,0.000000e+00
1.000000e+00,0.000000e+00,0.000000e+00,0.000000e+00,0.000000e+00,0.000000e+00,0.000000e+00,0.000000e+00,0.000000e+00,0.000000e+00,0.000000e+00,0.000000e+00,0.000000e+00,0.000000e+00,0.000000e+00
1.000000e+00,0.000000e+00,0.000000e+00,0.000000e+00,0.000000e+00,0.000000e+00,0.000000e+00,0.000000e+00,0.000000e+00,0.000000e+00,0.000000e+00,0.000000e+00,0.000000e+00,0.000000e+00,0.000000e+00
1.000000e+00,0.000000e+00,0.000000e+00,0.000000e+00,0.000000e+00,0.000000e+00,0.000000e+00,0.000000e+00,0.000000e+00,0.000000e+00,0.000000e+00,0.000000e+00,0.000000e+00,0.000000e+00,0.000000e+00
1.000000e+00,0.000000e+00,0.000000e+00,0.000000e+00,0.000000e+00,0.000000e+00,0.000000e+00,0.000000e+00,0.000000e+00,0.000000e+00,0.000000e+00,0.000000e+00,0.000000e+00,0.000000e+00,0.000000e+00
1.000000e+00,0.000000e+00,0.000000e+00,0.000000e+00,0.000000e+00,0.000000e+00,0.000000e+00,0.000000e+00,0.000000e+00,0.000000e+00,0.000000e+00,0.000000e+00,0.000000e+00,0.000000e+00,0.000000e+00
1.000000e+00,0.000000e+00,0.000000e+00,0.000000e+00,0.000000e+00,0.000000e+00,0.000000e+00,0.000000e+00,0.000000e+00,0.000000e+00,0.000000e+00,0.000000e+00,0.000000e+00,0.000000e+00,0.000000e+00
1.000000e+00,0.000000e+00,0.000000e+00,0.000000e+00,0.000000e+00,0.000000e+00,0.000000e+00,0.000000e+00,0.000000e+00,0.000000e+00,0.000000e+00,0.000000e+00,0.000000e+00,0.000000e+00,0.000000e+00
1.000000e+00,0.000000e+00,0.000000e+00,0.000000e+00,0.000000e+00,0.000000e+00,0.000000e+00,0.000000e+00,0.000000e+00,0.000000e+00,0.000000e+00,0.000000e+00,0.000000e+00,0.000000e+00,0.000000e+00
1.000000e+00,0.000000e+00,0.000000e+00,0.000000e+00,0.000000e+00,0.000000e+00,0.000000e+00,0.000000e+00,0.000000e+00,0.000000e+00,0.000000e+00,0.000000e+00,0.000000e+00,0.000000e+00,0.000000e+00
1.000000e+00,0.000000e+00,0.000000e+00,0.000000e+00,0.000000e+00,0.000000e+00,0.000000e+00,0.000000e+00,0.000000e+00,0.000000e+00,0.000000e+00,0.000000e+00,0.000000e+00,0.000000e+00,0.000000e+00
1.000000e+00,0.000000e+00,0.000000e+00,0.000000e+00,0.000000e+00,0.000000e+00,0.000000e+00,0.000000e+00,0.000000e+00,0.000000e+00,0.000000e+00,0.000000e+00,0.000000e+00,0.000000e+00,0.000000e+00
1.000000e+00,0.000000e+00,0.000000e+00,0.000000e+00,0.000000e+00,0.000000e+00,0.000000e+00,0.000000e+00,0.000000e+00,0.000000e+00,0.000000e+00,0.000000e+00,0.000000e+00,0.000000e+00,0.000000e+00
1.000000e+00,0.000000e+00,0.000000e+00,0.000000e+00,0.000000e+00,0.000000e+00,0.000000e+00,0.000000e+00,0.000000e+00,0.000000e+00,0.000000e+00,0.000000e+00,0.000000e+00,0.000000e+00,0.000000e+00
1.000000e+00,0.000000e+00,0.000000e+00,0.000000e+00,0.000000e+00,0.000000e+00,0.000000e+00,0.000000e+00,0.000000e+00,0.000000e+00,0.000000e+00,0.000000e+00,0.000000e+00,0.000000e+00,0.000000e+00
1.000000e+00,0.000000e+00,0.000000e+00,0.000000e+00,0.000000e+00,0.000000e+00,0.000000e+00,0.000000e+00,0.000000e+00,0.000000e+00,0.000000e+00,0.000000e+00,0.000000e+00,0.000000e+00,0.000000e+00
1.000000e+00,0.000000e+00,0.000000e+00,0.000000e+00,0.000000e+00,0.000000e+00,0.000000e+00,0.000000e+00,0.000000e+00,0.000000e+00,0.000000e+00,0.000000e+00,0.000000e+00,0.000000e+00,0.000000e+00
1.000000e+00,0.000000e+00,0.000000e+00,0.000000e+00,0.000000e+00,0.000000e+00,0.000000e+00,0.000000e+00,0.000000e+00,0.000000e+00,0.000000e+00,0.000000e+00,0.000000e+00,0.000000e+00,0.000000e+00
1.000000e+00,0.000000e+00,0.000000e+00,0.000000e+00,0.000000e+00,0.000000e+00,0.000000e+00,0.000000e+00,0.000000e+00,0.000000e+00,0.000000e+00,0.000000e+00,0.000000e+00,0.000000e+00,0.000000e+00
1.000000e+00,0.000000e+00,0.000000e+00,0.000000e+00,0.000000e+00,0.000000e+00,0.000000e+00,0.000000e+00,0.000000e+00,0.000000e+00,0.000000e+00,0.000000e+00,0.000000e+00,0.000000e+00,0.000000e+00
1.000000e+00,0.000000e+00,0.000000e+00,0.000000e+00,0.000000e+00,0.000000e+00,0.000000e+00,0.000000e+00,0.000000e+00,0.000000e+00,0.000000e+00,0.000000e+00,0.000000e+00,0.000000e+00,0.000000e+00
1.000000e+00,0.000000e+00,0.000000e+00,0.000000e+00,0.000000e+00,0.000000e+00,0.000000e+00,0.000000e+00,0.000000e+00,0.000000e+00,0.000000e+00,0.000000e+00,0.000000e+00,0.000000e+00,0.000000e+00
1.000000e+00,0.000000e+00,0.000000e+00,0.000000e+00,0.000000e+00,0.000000e+00,0.000000e+00,0.000000e+00,0.000000e+00,0.000000e+00,0.000000e+00,0.000000e+00,0.000000e+00,0.000000e+00,0.000000e+00
1.000000e+00,0.000000e+00,0.000000e+00,0.000000e+00,0.000000e+00,0.000000e+00,0.000000e+00,0.000000e+00,0.000000e+00,0.000000e+00,0.000000e+00,0.000000e+00,0.000000e+00,0.000000e+00,0.000000e+00
1.000000e+00,0.000000e+00,0.000000e+00,0.000000e+00,0.000000e+00,0.000000e+00,0.000000e+00,0.000000e+00,0.000000e+00,0.000000e+00,0.000000e+00,0.000000e+00,0.000000e+00,0.000000e+00,0.000000e+00
1.000000e+00,0.000000e+00,0.000000e+00,0.000000e+00,0.000000e+00,0.000000e+00,0.000000e+00,0.000000e+00,0.000000e+00,0.000000e+00,0.000000e+00,0.000000e+00,0.000000e+00,0.000000e+00,0.000000e+00
1.000000e+00,0.000000e+00,0.000000e+00,0.000000e+00,0.000000e+00,0.000000e+00,0.000000e+00,0.000000e+00,0.000000e+00,0.000000e+00,0.000000e+00,0.000000e+00,0.000000e+00,0.000000e+00,0.000000e+00
1.000000e+00,0.000000e+00,0.000000e+00,0.000000e+00,0.000000e+00,0.000000e+00,0.000000e+00,0.000000e+00,0.000000e+00,0.000000e+00,0.000000e+00,0.000000e+00,0.000000e+00,0.000000e+00,0.000000e+00
1.000000e+00,0.000000e+00,0.000000e+00,0.000000e+00,0.000000e+00,0.000000e+00,0.000000e+00,0.000000e+00,0.000000e+00,0.000000e+00,0.000000e+00,0.000000e+00,0.000000e+00,0.000000e+00,0.000000e+00
1.000000e+00,0.000000e+00,0.000000e+00,0.000000e+00,0.000000e+00,0.000000e+00,0.000000e+00,0.000000e+00,0.000000e+00,0.000000e+00,0.000000e+00,0.000000e+00,0.000000e+00,0.000000e+00,0.000000e+00
1.000000e+00,0.000000e+00,0.000000e+00,0.000000e+00,0.000000e+00,0.000000e+00,0.000000e+00,0.000000e+00,0.000000e+00,0.000000e+00,0.000000e+00,0.000000e+00,0.000000e+00,0.000000e+00,0.000000e+00
1.000000e+00,0.000000e+00,0.000000e+00,0.000000e+00,0.000000e+00,0.000000e+00,0.000000e+00,0.000000e+00,0.000000e+00,0.000000e+00,0.000000e+00,0.000000e+00,0.000000e+00,0.000000e+00,0.000000e+00
1.000000e+00,0.000000e+00,0.000000e+00,0.000000e+00,0.000000e+00,0.000000e+00,0.000000e+00,0.000000e+00,0.000000e+00,0.000000e+00,0.000000e+00,0.000000e+00,0.000000e+00,0.000000e+00,0.000000e+00
1.000000e+00,0.000000e+00,0.000000e+00,0.000000e+00,0.000000e+00,0.000000e+00,0.000000e+00,0.000000e+00,0.000000e+00,0.000000e+00,0.000000e+00,0.000000e+00,0.000000e+00,0.000000e+00,0.000000e+00
1.000000e+00,0.000000e+00,0.000000e+00,0.000000e+00,0.000000e+00,0.000000e+00,0.000000e+00,0.000000e+00,0.000000e+00,0.000000e+00,0.000000e+00,0.000000e+00,0.000000e+00,0.000000e+00,0.000000e+00
1.000000e+00,0.000000e+00,0.000000e+00,0.000000e+00,0.000000e+00,0.000000e+00,0.000000e+00,0.000000e+00,0.000000e+00,0.000000e+00,0.000000e+00,0.000000e+00,0.000000e+00,0.000000e+00,0.000000e+00
1.000000e+00,0.000000e+00,0.000000e+00,0.000000e+00,0.000000e+00,0.000000e+00,0.000000e+00,0.000000e+00,0.000000e+00,0.000000e+00,0.000000e+00,0.000000e+00,0.000000e+00,0.000000e+00,0.000000e+00
1.000000e+00,0.000000e+00,0.000000e+00,0.000000e+00,0.000000e+00,0.000000e+00,0.000000e+00,0.000000e+00,0.000000e+00,0.000000e+00,0.000000e+00,0.000000e+00,0.000000e+00,0.000000e+00,0.000000e+00
1.000000e+00,0.000000e+00,0.000000e+00,0.000000e+00,0.000000e+00,0.000000e+00,0.000000e+00,0.000000e+00,0.000000e+00,0.000000e+00,0.000000e+00,0.000000e+00,0.000000e+00,0.000000e+00,0.000000e+00
1.000000e+00,0.000000e+00,0.000000e+00,0.000000e+00,0.000000e+00,0.000000e+00,0.000000e+00,0.000000e+00,0.000000e+00,0.000000e+00,0.000000e+00,0.000000e+00,0.000000e+00,0.000000e+00,0.000000e+00
3.926290e-01,1.885037e-02,8.539985e-03,3.595364e-02,1.268904e-01,2.404765e-02,2.388262e-02,3.302523e-01,2.819773e-03,8.928300e-04,5.024050e-03,1.125807e-02,1.114227e-02,1.111874e-03,6.705182e-03
2.759447e-01,1.384069e-02,7.381061e-03,3.005850e-02,2.209163e-01,1.973736e-02,4.259529e-02,3.593239e-01,2.023216e-03,7.313610e-04,4.148336e-03,8.246318e-03,9.206848e-03,8.271771e-04,5.018888e-03
1.940674e-01,1.046062e-02,5.816973e-03,2.489026e-02,3.197175e-01,2.431331e-02,8.355255e-02,3.028189e-01,1.476530e-03,7.384078e-04,3.948134e-03,5.976496e-03,1.588494e-02,6.594726e-04,5.678439e-03
1.387348e-01,7.792133e-03,4.274299e-03,1.814242e-02,3.506361e-01,3.264895e-02,1.509776e-01,2.574534e-01,1.534079e-03,7.725639e-04,7.773791e-03,4.520064e-03,1.597506e-02,5.986228e-04,8.166201e-03
9.739404e-02,5.584214e-03,3.042512e-03,1.329179e-02,2.656516e-01,2.522752e-02,1.661471e-01,1.863291e-01,1.604449e-03,2.541002e-03,3.629918e-02,4.880930e-03,1.583608e-01,5.791659e-04,3.306666e-02
6.846620e-02,4.099364e-03,2.150589e-03,9.903935e-03,1.876849e-01,1.816592e-02,2.294859e-01,1.316529e-01,1.384087e-03,3.077287e-03,3.339158e-02,6.836730e-03,2.593225e-01,7.669520e-04,4.361120e-02
4.806228e-02,3.075141e-03,1.524486e-03,8.600852e-03,1.335397e-01,1.356841e-02,1.914346e-01,9.248673e-02,1.372505e-03,2.675063e-03,2.580361e-02,7.425441e-03,4.071733e-01,6.340098e-04,6.262385e-02
3.375272e-02,3.380619e-03,1.371475e-03,7.281376e-03,9.740473e-02,1.098377e-02,1.360499e-01,6.507118e-02,1.380442e-03,2.390235e-03,2.058679e-02,6.685263e-03,4.802149e-01,5.290077e-04,1.329176e-01
2.434207e-02,2.912922e-03,1.248760e-03,5.608181e-03,7.011250e-02,1.206286e-02,9.744431e-02,4.603492e-02,1.162745e-03,1.934950e-03,1.937328e-02,1.078042e-02,5.769532e-01,8.459071e-04,1.291830e-01
1.736476e-02,2.161679e-03,9.121477e-04,4.117200e-03,4.935665e-02,2.762943e-02,6.863251e-02,3.250603e-02,1.054711e-03,3.042218e-03,2.267316e-02,2.345511e-02,6.487227e-01,1.376107e-03,9.699558e-02
1.233223e-02,1.617244e-03,8.217395e-04,3.034045e-03,3.482825e-02,2.292412e-02,4.885250e-02,2.279781e-02,9.507347e-04,1.057478e-02,2.197113e-02,5.178297e-02,6.107664e-01,1.464074e-03,1.552819e-01
8.867136e-03,1.382343e-03,1.647886e-03,2.547543e-03,2.462567e-02,1.837863e-02,3.433045e-02,1.600303e-02,1.943100e-03,1.461761e-02,2.074273e-02,4.271053e-02,5.049467e-01,2.287631e-03,3.049690e-01
7.241946e-03,1.099811e-03,2.177153e-03,2.736505e-03,1.806065e-02,2.369402e-02,2.471695e-02,1.245196e-02,2.507879e-03,1.620925e-02,1.986002e-02,3.380619e-02,3.751828e-01,2.450273e-03,4.578046e-01
5.888686e-03,1.142386e-03,2.569493e-03,4.490079e-03,1.435914e-02,2.261806e-02,1.856931e-02,9.195496e-03,1.532804e-02,3.479519e-02,1.823084e-02,3.292452e-02,2.787013e-01,2.750228e-03,5.384372e-01
4.520471e-03,1.154779e-03,4.436825e-03,2.269350e-02,1.425369e-02,1.979234e-02,1.395988e-02,1.266583e-02,2.140886e-02,4.062159e-02,2.128256e-02,3.537980e-02,2.128667e-01,3.568799e-03,5.713944e-01
3.570362e-03,2.122606e-03,5.037530e-03,2.931856e-02,1.740767e-02,1.566354e-02,2.691720e-02,3.923695e-02,4.403351e-02,3.804728e-02,2.915015e-02,2.808072e-02,1.564198e-01,3.227283e-03,5.617669e-01
2.897615e-03,1.008054e-02,6.676577e-03,2.865485e-02,1.653253e-02,1.603096e-02,4.621578e-02,4.028029e-02,8.923954e-02,4.119695e-02,3.789100e-02,2.552626e-02,1.199347e-01,2.945127e-03,5.158972e-01
2.537499e-03,1.927905e-02,7.597728e-03,5.150409e-02,1.583322e-02,3.939318e-02,3.698166e-02,3.532662e-02,1.672824e-01,3.117458e-02,3.646686e-02,2.405637e-02,9.543118e-02,2.379868e-03,4.347556e-01
2.376849e-03,3.307018e-02,7.989223e-03,1.189134e-01,1.311315e-02,4.985286e-02,2.648902e-02,2.720664e-02,1.965808e-01,2.672560e-02,5.873727e-02,3.128482e-02,7.745869e-02,1.935014e-03,3.282664e-01
4.153263e-03,3.299748e-02,1.013197e-02,1.015770e-01,1.222527e-02,4.842611e-02,2.057440e-02,3.137836e-02,1.870881e-01,2.129908e-02,8.634634e-02,6.817504e-02,1.051910e-01,2.292559e-03,2.681439e-01
5.246082e-03,3.727821e-02,1.016444e-02,7.870603e-02,1.126890e-02,5.341643e-02,1.519816e-02,2.607452e-02,2.818578e-01,1.554912e-02,6.500304e-02,6.610858e-02,1.251311e-01,1.824347e-03,2.071732e-01
9.026282e-03,4.271938e-02,1.364394e-02,1.966604e-01,1.620729e-02,4.184894e-02,1.086292e-02,1.957928e-02,2.955987e-01,1.311202e-02,5.366228e-02,4.790273e-02,9.026398e-02,1.545041e-03,1.473667e-01
1.846526e-02,6.815252e-02,1.273090e-02,1.748950e-01,1.604767e-02,3.693343e-02,7.958820e-03,1.610068e-02,3.463050e-01,1.254357e-02,5.470347e-02,4.091365e-02,7.493019e-02,2.638691e-03,1.166811e-01
2.718246e-02,7.363030e-02,1.088233e-02,1.388616e-01,2.489248e-02,3.308722e-02,6.695398e-03,1.301214e-02,4.152891e-01,9.570097e-03,5.220278e-02,3.171445e-02,7.529876e-02,2.158047e-03,8.552279e-02
3.888086e-02,1.048519e-01,1.025571e-02,2.014959e-01,3.247509e-02,2.490244e-02,4.988389e-03,1.007225e-02,3.785474e-01,7.504270e-03,4.277156e-02,2.351641e-02,5.571344e-02,1.874603e-03,6.214963e-02
8.652605e-02,1.008886e-01,1.523184e-02,1.781750e-01,4.218300e-02,2.223972e-02,4.803079e-03,1.480147e-02,3.629801e-01,6.108438e-03,4.486789e-02,2.377423e-02,4.562522e-02,4.264717e-03,4.753054e-02
1.355619e-01,9.820746e-02,1.427986e-02,1.477767e-01,5.563738e-02,2.083528e-02,4.751826e-03,1.333282e-02,3.435896e-01,6.740060e-03,3.743747e-02,2.085395e-02,3.811482e-02,6.196387e-03,5.668447e-02
1.249587e-01,8.972239e-02,1.455374e-02,1.650866e-01,1.402442e-01,1.687334e-02,5.264617e-03,1.021711e-02,2.912260e-01,6.488102e-03,3.048125e-02,2.045230e-02,3.647643e-02,5.223840e-03,4.273142e-02
9.198115e-02,9.682101e-02,1.199497e-02,1.867915e-01,1.416939e-01,1.532759e-02,4.304278e-03,7.370990e-03,2.333204e-01,5.338144e-03,3.027392e-02,1.823942e-02,1.144127e-01,3.944316e-03,3.818581e-02
7.590403e-02,7.599664e-02,9.983563e-03,1.444550e-01,1.022947e-01,1.681773e-02,3.238585e-03,5.420503e-03,1.663865e-01,4.089187e-03,2.499434e-02,2.264682e-02,3.096359e-01,3.803462e-03,3.433290e-02
6.004548e-02,5.379887e-02,7.249915e-03,1.066251e-01,7.234477e-02,2.135915e-02,2.497630e-03,4.027551e-03,1.267257e-01,2.942232e-03,1.939846e-02,2.091713e-02,4.720324e-01,3.155994e-03,2.687956e-02
4.663830e-02,3.820250e-02,5.258542e-03,7.600346e-02,5.245411e-02,3.936066e-02,2.198234e-03,3.177029e-03,9.230254e-02,2.139226e-03,1.796713e-02,2.120930e-02,5.809049e-01,2.297992e-03,1.988607e-02
3.694535e-02,2.748441e-02,3.853941e-03,5.539838e-02,3.803485e-02,4.454447e-02,2.107959e-03,2.712531e-03,6.925953e-02,1.554744e-03,1.316374e-02,1.809098e-02,6.709858e-01,1.627303e-03,1.423607e-02
3.287275e-02,2.265375e-02,2.913136e-03,4.099812e-02,2.756033e-02,5.025458e-02,1.692652e-03,2.221159e-03,5.484522e-02,1.152635e-03,1.005667e-02,1.903577e-02,7.215533e-01,1.232404e-03,1.095750e-02
2.693479e-02,2.285113e-02,5.521749e-03,7.356944e-02,2.167830e-02,7.997625e-02,1.571201e-03,1.908560e-03,5.884389e-02,1.321609e-03,1.107966e-02,2.014663e-02,6.556628e-01,1.406987e-03,1.752701e-02
2.930639e-02,1.698330e-02,4.094627e-03,5.364287e-02,1.673922e-02,6.266762e-02,1.619933e-03,1.788492e-03,4.418716e-02,1.086142e-03,8.977750e-03,2.854027e-02,7.164974e-01,1.044045e-03,1.282473e-02
2.716756e-02,3.178632e-02,8.993600e-03,1.285410e-01,2.324435e-02,4.760340e-02,1.492867e-03,2.842171e-03,6.747999e-02,2.024032e-03,1.255024e-02,4.146741e-02,5.893686e-01,1.737005e-03,1.370140e-02
2.826569e-02,2.558586e-02,8.938784e-03,9.961127e-02,2.612391e-02,4.832689e-02,2.484235e-03,3.148742e-03,6.096295e-02,3.692643e-03,3.914882e-02,6.374311e-02,5.734988e-01,2.776485e-03,1.369172e-02
2.511224e-02,2.060313e-02,7.498036e-03,7.474471e-02,4.398699e-02,3.791112e-02,4.279174e-03,3.384661e-03,7.892300e-02,2.884199e-03,3.774918e-02,5.722900e-02,5.903503e-01,2.426381e-03,1.291783e-02
4.521628e-02,2.313793e-02,9.268998e-03,6.537303e-02,6.992981e-02,3.607131e-02,8.743569e-03,2.253875e-02,9.330373e-02,3.138126e-03,4.931400e-02,4.616187e-02,5.129765e-01,2.795723e-03,1.203041e-02
3.974532e-02,1.711350e-02,7.026612e-03,4.658072e-02,6.110715e-02,3.339859e-02,7.552349e-03,1.713708e-02,6.864478e-02,2.373906e-03,3.851537e-02,3.931785e-02,6.059347e-01,2.485775e-03,1.306634e-02
8.321907e-02,1.643977e-02,6.696231e-03,3.613076e-02,5.215153e-02,4.706040e-02,6.520270e-03,1.418379e-02,5.659018e-02,2.682113e-03,3.514479e-02,3.350104e-02,5.854642e-01,5.326206e-03,1.888960e-02
7.549197e-02,8.925345e-02,1.346640e-02,1.205006e-01,5.114504e-02,3.377030e-02,4.990381e-03,1.101123e-02,1.051271e-01,2.218282e-03,2.756060e-02,2.540217e-02,4.200560e-01,4.039346e-03,1.596713e-02
7.343746e-02,7.298311e-02,1.200798e-02,1.052400e-01,4.490660e-02,2.522188e-02,3.959625e-03,8.522127e-03,1.135843e-01,2.207476e-03,2.943116e-02,2.324869e-02,4.333093e-01,1.043414e-02,4.150619e-02
7.199013e-02,5.305059e-02,1.002518e-02,7.920425e-02,4.569523e-02,2.082059e-02,4.464350e-03,6.865788e-03,9.216113e-02,2.409989e-03,3.469618e-02,2.896096e-02,4.943193e-01,1.490021e-02,4.043622e-02
1.501181e-01,5.165177e-02,1.617893e-02,7.932276e-02,5.102567e-02,1.745673e-02,3.607721e-03,5.578590e-03,9.047213e-02,4.321683e-03,2.949610e-02,2.689084e-02,3.964017e-01,1.969718e-02,5.778015e-02
1.926748e-01,4.178196e-02,1.295424e-02,5.887231e-02,4.157484e-02,1.461542e-02,2.966935e-03,4.697401e-03,6.960952e-02,8.348955e-03,2.977361e-02,3.649748e-02,3.529919e-01,6.797697e-02,6.466359e-02
1.650607e-01,4.153295e-02,1.611343e-02,4.878166e-02,5.131721e-02,1.220245e-02,3.533843e-03,4.608414e-03,6.653978e-02,7.844230e-02,3.714839e-02,3.493648e-02,3.016835e-01,5.880259e-02,7.929628e-02
1.267876e-01,3.203477e-02,1.492227e-02,4.827455e-02,5.005630e-02,1.040169e-02,3.594265e-03,4.635970e-03,6.813529e-02,1.568616e-01,4.479791e-02,4.832418e-02,2.799360e-01,4.338465e-02,6.785295e-02
1.258997e-01,2.623568e-02,1.270120e-02,3.901893e-02,3.808436e-02,8.059488e-03,2.753649e-03,4.686946e-03,7.022751e-02,2.461562e-01,4.080391e-02,4.108488e-02,2.228872e-01,3.303577e-02,8.836471e-02
9.329307e-02,2.109633e-02,1.002640e-02,4.041688e-02,2.891304e-02,7.056974e-03,2.167827e-03,5.346890e-03,7.143474e-02,3.756858e-01,3.387767e-02,3.185298e-02,1.671265e-01,2.381083e-02,8.789412e-02
6.867380e-02,2.596760e-02,1.169810e-02,7.963501e-02,2.351462e-02,8.284375e-03,1.850723e-03,6.970056e-03,9.290157e-02,3.787400e-01,4.124913e-02,3.084860e-02,1.342959e-01,1.864213e-02,7.672827e-02
5.375700e-02,2.616419e-02,1.090827e-02,5.857236e-02,2.272234e-02,7.856831e-03,1.587279e-03,5.788183e-03,7.547398e-02,3.365534e-01,5.230819e-02,2.307221e-02,1.092926e-01,1.684887e-02,1.990944e-01
4.166656e-02,2.136169e-02,1.126593e-02,7.196751e-02,3.197176e-02,7.778853e-03,1.562036e-03,2.904272e-02,8.916114e-02,3.227440e-01,6.017705e-02,2.045865e-02,9.569083e-02,1.662461e-02,1.785268e-01
4.366772e-02,1.903830e-02,9.785028e-03,6.464018e-02,2.928319e-02,1.063565e-02,1.776084e-03,2.267472e-02,8.010896e-02,3.063440e-01,8.806953e-02,1.756550e-02,1.283547e-01,1.873118e-02,1.593254e-01
3.264641e-02,1.464889e-02,7.740353e-03,4.965964e-02,2.176190e-02,8.032111e-03,1.308185e-03,1.767735e-02,7.393108e-02,2.358983e-01,7.026088e-02,1.361930e-02,1.034283e-01,2.108115e-02,3.283063e-01
2.395539e-02,1.091189e-02,6.068376e-03,3.591854e-02,1.641857e-02,6.334090e-03,9.771363e-04,1.358583e-02,5.649401e-02,1.701434e-01,5.895084e-02,1.085180e-02,8.189574e-02,2.072580e-02,4.867686e-01
1.812726e-02,1.109022e-02,8.374486e-03,2.997687e-02,1.317562e-02,6.124471e-03,7.551289e-04,1.637879e-02,4.166827e-02,1.199953e-01,5.788302e-02,9.273767e-03,7.350723e-02,1.651628e-02,5.771533e-01
1.749410e-02,1.117527e-02,8.102808e-03,2.970058e-02,1.094620e-02,2.043711e-02,5.661292e-04,1.321321e-02,3.777979e-02,8.992518e-02,4.801420e-02,8.244597e-03,5.900764e-02,1.394155e-02,6.314516e-01
1.638702e-02,1.204821e-02,1.173491e-02,3.473602e-02,1.047934e-02,3.052282e-02,5.001747e-04,1.252555e-02,3.054570e-02,6.522864e-02,9.428504e-02,1.940784e-02,8.385061e-02,1.219166e-02,5.655565e-01
1.946237e-02,1.054342e-02,1.563112e-02,3.514961e-02,8.564570e-03,4.194258e-02,5.696631e-04,1.103192e-02,3.211366e-02,5.167266e-02,1.111353e-01,5.086456e-02,8.657350e-02,1.072882e-02,5.140163e-01
1.953463e-02,8.892407e-03,1.599309e-02,3.709194e-02,7.570735e-03,4.306174e-02,5.521928e-04,9.232976e-03,2.596185e-02,4.537014e-02,1.490550e-01,9.775603e-02,8.385490e-02,1.054239e-02,4.455300e-01
1.879934e-02,7.157034e-03,1.501993e-02,3.523295e-02,7.124656e-03,3.717612e-02,5.896006e-04,7.174304e-03,2.059370e-02,4.306413e-02,1.685554e-01,1.214463e-01,7.944073e-02,1.001936e-02,4.286065e-01
1.547327e-02,5.229636e-03,1.226662e-02,2.892358e-02,1.581916e-02,2.871039e-02,1.227026e-03,5.671296e-03,1.771802e-02,3.699838e-02,2.049317e-01,1.602459e-01,6.321980e-02,1.120633e-02,3.923589e-01
1.283491e-02,4.478273e-03,1.096972e-02,2.128609e-02,3.360859e-02,2.166292e-02,3.199729e-03,5.149908e-03,2.198896e-02,3.376537e-02,2.815731e-01,1.395533e-01,5.062233e-02,1.259004e-02,3.467168e-01
1.078079e-02,3.876497e-03,1.351166e-02,1.790163e-02,4.248707e-02,1.656988e-02,3.194003e-03,1.911445e-02,2.458373e-02,3.297697e-02,3.225127e-01,1.765776e-01,4.823676e-02,1.240923e-02,2.552670e-01
1.279514e-02,4.207933e-03,2.167658e-02,1.885291e-02,4.643413e-02,1.539634e-02,3.467419e-03,2.658891e-02,3.565897e-02,5.850732e-02,3.280445e-01,1.682767e-01,5.558581e-02,1.605641e-02,1.884509e-01
1.496354e-02,3.181167e-03,1.679567e-02,1.479395e-02,4.863613e-02,1.151938e-02,4.480297e-03,2.224887e-02,4.041100e-02,6.876089e-02,4.033993e-01,1.433733e-01,5.944933e-02,1.405789e-02,1.339294e-01
1.917312e-02,2.487371e-03,1.440201e-02,1.318345e-02,6.244955e-02,8.597041e-03,5.615514e-03,2.058924e-02,6.565113e-02,5.731915e-02,4.112782e-01,1.418239e-01,6.965720e-02,1.254938e-02,9.522366e-02
1.732442e-02,2.953790e-03,1.522284e-02,1.182290e-02,5.124369e-02,6.929760e-03,4.133590e-03,3.492000e-02,1.155183e-01,4.325026e-02,3.607093e-01,1.717541e-01,8.522215e-02,1.159624e-02,6.739859e-02
1.638197e-02,2.938170e-03,1.652289e-02,1.277994e-02,4.198699e-02,6.136620e-03,3.186330e-03,1.092936e-01,1.676705e-01,3.241593e-02,2.842460e-01,1.609154e-01,8.831201e-02,9.408397e-03,4.780517e-02
1.676306e-02,4.432335e-03,1.971561e-02,1.198322e-02,4.021557e-02,5.018734e-03,2.695288e-03,1.109615e-01,2.923523e-01,2.634124e-02,2.168677e-01,1.341645e-01,7.620223e-02,8.169213e-03,3.411752e-02
1.233112e-02,4.785836e-03,1.444825e-02,8.497399e-03,3.565204e-02,4.679137e-03,2.006497e-03,7.949425e-02,4.889177e-01,1.852444e-02,1.524176e-01,9.468611e-02,5.380111e-02,5.803480e-03,2.395502e-02
9.044896e-03,5.981028e-03,1.044832e-02,6.128720e-03,3.050584e-02,4.730189e-03,1.484829e-03,5.721671e-02,6.290990e-01,1.301749e-02,1.068914e-01,6.668090e-02,3.783715e-02,4.145108e-03,1.678839e-02
7.003533e-03,5.470559e-03,7.533452e-03,7.561537e-03,5.218876e-02,7.939882e-03,1.236834e-03,4.337633e-02,6.948138e-01,9.224956e-03,7.516529e-02,4.687954e-02,2.681815e-02,2.931628e-03,1.185569e-02
6.239528e-03,7.358884e-03,6.190855e-03,1.269173e-02,7.192646e-02,8.049599e-03,1.143152e-03,4.123204e-02,7.220271e-01,6.973631e-03,5.287308e-02,3.302200e-02,1.905676e-02,2.090799e-03,9.124406e-03
6.431828e-03,1.349862e-02,8.833636e-03,1.352929e-01,7.319677e-02,7.743123e-03,8.590107e-04,3.430069e-02,6.263192e-01,6.243524e-03,3.899096e-02,2.422964e-02,1.490092e-02,1.549331e-03,7.609866e-03
2.622516e-02,1.310019e-02,9.876395e-03,1.017155e-01,1.718579e-01,9.298596e-03,1.513523e-03,2.823080e-02,5.613744e-01,5.766194e-03,2.870732e-02,1.762855e-02,1.143673e-02,1.209499e-03,1.205928e-02
2.878209e-02,1.432401e-02,1.375845e-02,1.143722e-01,2.478363e-01,7.931372e-03,4.000978e-03,4.903644e-02,4.563197e-01,5.530518e-03,2.099041e-02,1.308174e-02,8.767685e-03,9.852755e-04,1.428297e-02
3.999253e-02,2.326027e-02,2.805902e-02,1.598655e-01,2.102849e-01,7.777032e-03,3.161154e-03,4.278863e-02,3.691718e-01,1.285868e-02,1.833917e-02,1.240527e-02,7.338708e-03,1.374019e-03,6.332324e-02
6.777395e-02,4.321887e-02,2.639881e-02,1.480678e-01,2.204745e-01,1.576958e-02,4.703583e-03,3.653445e-02,3.027487e-01,1.376274e-02,1.584711e-02,1.082061e-02,6.693185e-03,1.525943e-03,8.566026e-02
9.499326e-02,4.107718e-02,2.024290e-02,1.206367e-01,2.323001e-01,1.480447e-02,4.091778e-03,3.653319e-02,3.140510e-01,1.132106e-02,1.443724e-02,9.417057e-03,5.868608e-03,1.503866e-03,7.872161e-02
8.720815e-02,1.258178e-01,2.193370e-02,1.779626e-01,1.850463e-01,1.367855e-02,4.453914e-03,3.286519e-02,2.300014e-01,9.910708e-03,1.203272e-02,8.930002e-03,5.304732e-03,1.490471e-03,8.336375e-02
1.165145e-01,1.436593e-01,2.447170e-02,1.782477e-01,1.533199e-01,1.479107e-02,4.852758e-03,3.753398e-02,1.802321e-01,1.170218e-02,1.053675e-02,8.124005e-03,5.542117e-03,1.618234e-03,1.088538e-01
1.206490e-01,1.380223e-01,3.713660e-02,2.720229e-01,1.219132e-01,1.411396e-02,5.434066e-03,3.041267e-02,1.394459e-01,1.217644e-02,9.723304e-03,7.433743e-03,4.707915e-03,1.686086e-03,8.512194e-02
1.220268e-01,2.689349e-01,4.884580e-02,2.129861e-01,8.809686e-02,1.362140e-02,4.091744e-03,2.271948e-02,1.115699e-01,1.333258e-02,1.204704e-02,6.360710e-03,5.139998e-03,4.173330e-03,6.605336e-02
1.639233e-01,2.971520e-01,4.755816e-02,1.665647e-01,6.592171e-02,1.102164e-02,3.164370e-03,2.361004e-02,1.267859e-01,1.118164e-02,1.423539e-02,5.576008e-03,7.352576e-03,5.619000e-03,5.033367e-02
1.528253e-01,3.061253e-01,4.299061e-02,1.217482e-01,4.854218e-02,9.282538e-03,2.350779e-03,2.364962e-02,2.119677e-01,9.993761e-03,1.608516e-02,4.343805e-03,6.750672e-03,5.299170e-03,3.804528e-02
1.464172e-01,3.236454e-01,3.928775e-02,9.122110e-02,3.729325e-02,9.488170e-03,1.778245e-03,2.786505e-02,2.541513e-01,9.146981e-03,1.718089e-02,3.474553e-03,6.072335e-03,4.643092e-03,2.833476e-02
1.081649e-01,2.491159e-01,1.072056e-01,1.188752e-01,2.747101e-02,7.094450e-03,1.373142e-03,3.436436e-02,2.894548e-01,8.020902e-03,1.755564e-02,2.633338e-03,4.721002e-03,3.485211e-03,2.046461e-02
1.163691e-01,1.953103e-01,1.033030e-01,1.190245e-01,2.050480e-02,6.393125e-03,1.219957e-03,3.416695e-02,3.492348e-01,1.035162e-02,1.560818e-02,2.682312e-03,4.198523e-03,5.065720e-03,1.656711e-02
1.291894e-01,1.501718e-01,1.118066e-01,1.477261e-01,1.604529e-02,7.083649e-03,1.160138e-03,3.479436e-02,3.450254e-01,1.182499e-02,1.470578e-02,3.643377e-03,4.148408e-03,7.795154e-03,1.487949e-02
1.676510e-01,1.171980e-01,9.842807e-02,2.009192e-01,1.657068e-02,1.277474e-02,1.222118e-03,4.782769e-02,2.791859e-01,1.077621e-02,1.341577e-02,4.795113e-03,5.517162e-03,1.006241e-02,1.365592e-02
2.284630e-01,8.710368e-02,8.156767e-02,2.315882e-01,1.951704e-02,1.661504e-02,1.632505e-03,4.767900e-02,2.247098e-01,9.295647e-03,1.362605e-02,6.914366e-03,6.056267e-03,1.202135e-02,1.321029e-02
3.229111e-01,6.586293e-02,7.078181e-02,1.921587e-01,1.937687e-02,1.623162e-02,2.249264e-03,4.142370e-02,1.658727e-01,1.046488e-02,2.188072e-02,2.068859e-02,1.108673e-02,1.630085e-02,2.270949e-02
3.608710e-01,5.251696e-02,5.789920e-02,1.461036e-01,1.703160e-02,1.761595e-02,2.360360e-03,3.555463e-02,1.317805e-01,2.135721e-02,3.113503e-02,2.512506e-02,1.223908e-02,3.892045e-02,4.948922e-02
2.528492e-01,3.986651e-02,5.056546e-02,1.043259e-01,1.198708e-02,1.361392e-02,1.659703e-03,2.492835e-02,1.168801e-01,1.819417e-02,2.542570e-02,1.810215e-02,9.114973e-03,1.490703e-01,1.634165e-01
1.770750e-01,2.866743e-02,3.582129e-02,7.313865e-02,8.511280e-03,9.621673e-03,1.166675e-03,1.746137e-02,8.722045e-02,1.399123e-02,2.643657e-02,1.307336e-02,6.894111e-03,3.339805e-01,1.669404e-01
1.239792e-01,2.027689e-02,2.520462e-02,5.125364e-02,6.000854e-03,6.794524e-03,8.186646e-04,1.222624e-02,6.540550e-02,1.058933e-02,2.548595e-02,9.436759e-03,5.071932e-03,5.141795e-01,1.232764e-01
8.687357e-02,1.601301e-02,1.810764e-02,3.645643e-02,4.344169e-03,4.937002e-03,5.957132e-04,8.572732e-03,1.684958e-01,8.757341e-03,2.006566e-02,6.837842e-03,3.669975e-03,4.452183e-01,1.710548e-01
6.096362e-02,1.245419e-02,1.277940e-02,2.576372e-02,3.124070e-03,3.715731e-03,5.492904e-04,6.021353e-03,1.342243e-01,7.414517e-03,1.746835e-02,6.164468e-03,2.730568e-03,5.618849e-01,1.447415e-01
4.318194e-02,9.509629e-03,9.139747e-03,1.867339e-02,2.506297e-03,3.059351e-03,5.315209e-04,4.285184e-03,1.235262e-01,1.035483e-02,1.791937e-02,5.495324e-03,2.242397e-03,6.309991e-01,1.185756e-01
3.163536e-02,8.888490e-03,9.300272e-03,1.934721e-02,3.535036e-03,3.863450e-03,8.737053e-04,5.972740e-03,2.246755e-01,1.544274e-02,3.719455e-02,5.764845e-03,5.714631e-03,5.295879e-01,9.820348e-02
2.470644e-02,2.086935e-02,8.381096e-03,3.119474e-02,5.761728e-03,8.269239e-03,1.054182e-03,4.655229e-03,3.001432e-01,1.740865e-02,3.006704e-02,6.789900e-03,6.321374e-03,4.376509e-01,9.672686e-02
1.945974e-02,2.943240e-02,6.369665e-03,3.386541e-02,4.702270e-03,7.209699e-03,8.343203e-04,3.511383e-03,3.899559e-01,2.037786e-02,2.454660e-02,6.095856e-03,7.317765e-03,3.308021e-01,1.155190e-01
1.917472e-02,2.823985e-02,5.512715e-03,3.279238e-02,5.945656e-03,1.353460e-02,1.353516e-03,6.896820e-03,3.456893e-01,2.089620e-02,5.763403e-02,2.488233e-02,2.840886e-02,3.204455e-01,8.859355e-02
1.381111e-02,2.070003e-02,4.153243e-03,2.625681e-02,5.232471e-03,1.054193e-02,1.120195e-03,1.330569e-02,4.993393e-01,1.558724e-02,5.146543e-02,1.924945e-02,2.383256e-02,2.327852e-01,6.261927e-02
1.033458e-02,1.860155e-02,3.764506e-03,2.109506e-02,4.877952e-03,9.502162e-03,9.309136e-04,3.230843e-02,5.805669e-01,1.148109e-02,4.322362e-02,1.856526e-02,2.526109e-02,1.743878e-01,4.509912e-02
7.611115e-03,1.629092e-02,3.551781e-03,1.679768e-02,4.263833e-03,1.010740e-02,7.570324e-04,2.467112e-02,6.733125e-01,9.100242e-03,3.354450e-02,1.465535e-02,2.330056e-02,1.274847e-01,3.455120e-02
5.666945e-03,1.272522e-02,3.187568e-03,1.350158e-02,3.155643e-03,8.443105e-03,5.710876e-04,1.767992e-02,7.565274e-01,7.170420e-03,2.440554e-02,1.211435e-02,1.936099e-02,9.002337e-02,2.546689e-02
5.257617e-03,1.951895e-02,4.897806e-03,2.020603e-02,3.351291e-03,1.739581e-02,6.485366e-04,1.589380e-02,7.604993e-01,6.226330e-03,2.175904e-02,1.428890e-02,2.320038e-02,6.633475e-02,2.052153e-02
3.890391e-03,1.840322e-02,6.473184e-03,2.565007e-02,2.600077e-03,1.370000e-02,4.769182e-04,1.142181e-02,7.968242e-01,6.419451e-03,1.694102e-02,1.112326e-02,1.915596e-02,4.754593e-02,1.937459e-02
1.303643e-02,2.585338e-02,1.407414e-02,2.804239e-02,4.969370e-03,1.707175e-02,7.759585e-04,1.262511e-02,7.533420e-01,7.603200e-03,2.224257e-02,2.258809e-02,2.189780e-02,3.715431e-02,1.872357e-02
4.807651e-02,3.371505e-02,1.353791e-02,4.004090e-02,1.066946e-02,2.392776e-02,1.537048e-03,1.052017e-02,6.516137e-01,1.112860e-02,2.161824e-02,2.564243e-02,3.299449e-02,3.013539e-02,4.484238e-02
7.761851e-02,4.932760e-02,2.257138e-02,3.998365e-02,1.908671e-02,2.726966e-02,1.980215e-03,1.165516e-02,5.525873e-01,1.514555e-02,1.920958e-02,2.422136e-02,4.001592e-02,2.884501e-02,7.048233e-02
7.274964e-02,6.012113e-02,3.173856e-02,3.901534e-02,6.315742e-02,2.378181e-02,5.831516e-03,1.256523e-02,5.341829e-01,1.174956e-02,1.518669e-02,1.838002e-02,3.533705e-02,2.171058e-02,5.449257e-02
6.665758e-02,6.918454e-02,4.392514e-02,3.556062e-02,1.338370e-01,2.764687e-02,2.323019e-02,1.169985e-02,4.542164e-01,9.207029e-03,1.193837e-02,1.320416e-02,3.741295e-02,1.655693e-02,4.572241e-02
5.236406e-02,1.204513e-01,6.375168e-02,1.679590e-01,1.231379e-01,2.158670e-02,1.774034e-02,9.348156e-03,3.237026e-01,6.981462e-03,8.854789e-03,9.507703e-03,2.675265e-02,1.167961e-02,3.618209e-02
5.092780e-02,1.500051e-01,1.348348e-01,1.996213e-01,1.064988e-01,2.064118e-02,1.338910e-02,7.153356e-03,2.307206e-01,7.173342e-03,6.807386e-03,6.907939e-03,2.001297e-02,8.351004e-03,3.695546e-02
8.202293e-02,1.592131e-01,2.113763e-01,1.625495e-01,1.133867e-01,1.848717e-02,1.153688e-02,6.335899e-03,1.640792e-01,6.261012e-03,6.392902e-03,5.248378e-03,1.827931e-02,6.277899e-03,2.855287e-02
9.327027e-02,1.251073e-01,3.139155e-01,1.685973e-01,9.003043e-02,1.443592e-02,8.636402e-03,5.481095e-03,1.180961e-01,8.251552e-03,7.092802e-03,4.207912e-03,1.442339e-02,4.712466e-03,2.374160e-02
1.294390e-01,9.858369e-02,3.707860e-01,1.484054e-01,6.783276e-02,1.233825e-02,6.784046e-03,4.779020e-03,9.258405e-02,1.441791e-02,1.094259e-02,4.245847e-03,1.232212e-02,3.611364e-03,2.292800e-02
9.834456e-02,7.699006e-02,4.367040e-01,1.830333e-01,4.861942e-02,9.156139e-03,5.019540e-03,3.513349e-03,7.046939e-02,1.287157e-02,1.234864e-02,4.244573e-03,1.244099e-02,2.724388e-03,2.352012e-02
8.296017e-02,5.843770e-02,4.671085e-01,1.676755e-01,3.526871e-02,7.764325e-03,3.762336e-03,2.640301e-03,5.431319e-02,1.740844e-02,2.258344e-02,6.390159e-03,4.224739e-02,3.471933e-03,2.796785e-02
1.109926e-01,5.131733e-02,3.751171e-01,1.464740e-01,2.520341e-02,1.147041e-02,3.230120e-03,2.293020e-03,4.776596e-02,1.515282e-02,2.805042e-02,4.129499e-02,8.931912e-02,1.574440e-02,3.657423e-02
1.122270e-01,3.854298e-02,2.645856e-01,1.092921e-01,2.140232e-02,1.239003e-02,2.660323e-03,2.238981e-03,5.773459e-02,1.202196e-02,3.021168e-02,8.961675e-02,1.943123e-01,1.253593e-02,4.022740e-02
1.009901e-01,3.733585e-02,1.863700e-01,7.986650e-02,2.236505e-02,1.054643e-02,2.472814e-03,2.108000e-03,1.100477e-01,9.065203e-03,2.559924e-02,9.572192e-02,2.556849e-01,1.055732e-02,5.126885e-02
7.356404e-02,9.162758e-02,1.363702e-01,1.161685e-01,2.253563e-02,1.102358e-02,1.945502e-03,1.972713e-03,1.938979e-01,1.335861e-02,2.107327e-02,7.183097e-02,1.890089e-01,9.740814e-03,4.588191e-02
5.548713e-02,9.987319e-02,9.671572e-02,8.870805e-02,2.070045e-02,1.369898e-02,1.558390e-03,2.335610e-03,2.366901e-01,1.294918e-02,2.064008e-02,6.504739e-02,1.998920e-01,1.052830e-02,7.517545e-02
4.829952e-02,8.320467e-02,6.837704e-02,6.494182e-02,1.856118e-02,2.515924e-02,1.402271e-03,2.072926e-03,2.328083e-01,1.035713e-02,2.763265e-02,7.148965e-02,2.126612e-01,1.315994e-02,1.198724e-01
3.504729e-02,1.106932e-01,5.098540e-02,5.164777e-02,1.452547e-02,2.333438e-02,1.193616e-03,2.095624e-03,2.586087e-01,1.267021e-02,2.541409e-02,5.545567e-02,1.955109e-01,1.146606e-02,1.513516e-01
2.787690e-02,1.013231e-01,3.820819e-02,3.801506e-02,1.889232e-02,3.384539e-02,1.701912e-03,5.338681e-03,2.351704e-01,9.195362e-03,2.121235e-02,4.081003e-02,2.638822e-01,9.089592e-03,1.554385e-01
3.661937e-02,9.117174e-02,3.551270e-02,3.179690e-02,7.960214e-02,5.480829e-02,6.688299e-03,1.015465e-02,2.151089e-01,6.678090e-03,1.616672e-02,2.948049e-02,2.599545e-01,6.902047e-03,1.193551e-01
5.981972e-02,7.193729e-02,2.877909e-02,2.421657e-02,1.075787e-01,6.189565e-02,9.594161e-03,9.984992e-03,1.940388e-01,5.256866e-03,1.213574e-02,2.146075e-02,2.865897e-01,6.127458e-03,1.005845e-01
9.153795e-02,9.089267e-02,2.922300e-02,2.787973e-02,1.008054e-01,5.139926e-02,8.853897e-03,2.096887e-02,1.682296e-01,9.131191e-03,1.084530e-02,1.987384e-02,2.576959e-01,5.136021e-03,1.075273e-01
1.190448e-01,1.013586e-01,2.443242e-02,2.828306e-02,8.046571e-02,6.344642e-02,9.835525e-03,2.060558e-02,1.527435e-01,7.883522e-03,1.078719e-02,2.535139e-02,2.622139e-01,4.711379e-03,8.883692e-02
1.378681e-01,8.555733e-02,1.988396e-02,2.514941e-02,7.600331e-02,7.000693e-02,1.535959e-02,1.850376e-02,1.363885e-01,6.222086e-03,9.444507e-03,2.739537e-02,3.015530e-01,3.774734e-03,6.688940e-02
1.201630e-01,6.467158e-02,1.507846e-02,2.058266e-02,6.093376e-02,5.684125e-02,1.180471e-02,1.426637e-02,1.082573e-01,4.528696e-03,7.830078e-03,2.108738e-02,4.422242e-01,2.800176e-03,4.893045e-02
9.847499e-02,4.817838e-02,1.122917e-02,1.562142e-02,5.146440e-02,4.523738e-02,9.337235e-03,1.103081e-02,8.189203e-02,3.214339e-03,6.141115e-03,1.728613e-02,5.619220e-01,2.078694e-03,3.689197e-02
9.522261e-02,4.227343e-02,1.302649e-02,2.916790e-02,4.993289e-02,4.701535e-02,8.978378e-03,1.236322e-02,6.374482e-02,2.431355e-03,5.093034e-03,1.505050e-02,5.849183e-01,1.757480e-03,2.902422e-02
9.446824e-02,3.398208e-02,1.972592e-02,2.222256e-02,4.444404e-02,5.664960e-02,1.173880e-01,2.173663e-02,5.834716e-02,1.835526e-03,4.121693e-03,1.161028e-02,4.846918e-01,1.380462e-03,2.739605e-02
8.420338e-02,2.888286e-02,2.257279e-02,1.616177e-02,4.108427e-02,6.007017e-02,2.241100e-01,3.704169e-02,4.954129e-02,1.690177e-03,3.318873e-03,9.152767e-03,3.987383e-01,1.129640e-03,2.230215e-02
6.673813e-02,2.208670e-02,1.805321e-02,1.166263e-02,3.289814e-02,4.579394e-02,3.796814e-01,4.221493e-02,4.077351e-02,1.756868e-03,3.290774e-03,7.127203e-03,3.061348e-01,8.585957e-04,2.092916e-02
5.178965e-02,1.780869e-02,1.378273e-02,8.410270e-03,2.583737e-02,3.478228e-02,4.904459e-01,5.788382e-02,3.898937e-02,1.739240e-03,2.965265e-03,5.264666e-03,2.298525e-01,6.422833e-04,1.980598e-02
