1.000000e+00,0.000000e+00,0.000000e+00,0.000000e+00,0.000000e+00,0.000000e+00,0.000000e+00,0.000000e+00,0.000000e+00,0.000000e+00,0.000000e+00,0.000000e+00,0.000000e+00,0.000000e+00,0.000000e+00
1.000000e+00,0.000000e+00,0.000000e+00,0.000000e+00,0.000000e+00,0.000000e+00,0.000000e+00,0.000000e+00,0.000000e+00,0.000000e+00,0.000000e+00,0.000000e+00,0.000000e+00,0.000000e+00,0.000000e+00
1.000000e+00,0.000000e+00,0.000000e+00,0.000000e+00,0.000000e+00,0.000000e+00,0.000000e+00,0.000000e+00,0.000000e+00,0.000000e+00,0.000000e+00,0.000000e+00,0.000000e+00,0.000000e+00,0.000000e+00
1.000000e+00,0.000000e+00,0.000000e+00,0.000000e+00,0.000000e+00,0.000000e+00,0.000000e+00,0.000000e+00,0.000000e+00,0.000000e+00,0.000000e+00,0.000000e+00,0.000000e+00,0.000000e+00,0.000000e+00
1.000000e+00,0.000000e+00,0.000000e+00,0.000000e+00,0.000000e+00,0.000000e+00,0.000000e+00,0.000000e+00,0.000000e+00,0.000000e+00,0.000000e+00,0.000000e+00,0.000000e+00,0.000000e+00,0.000000e+00
1.000000e+00,0.000000e+00,0.000000e+00,0.000000e+00,0.000000e+00,0.000000e+00,0.000000e+00,0.000000e+00,0.000000e+00,0.000000e+00,0.000000e+00,0.000000e+00,0.000000e+00,0.000000e+00,0.000000e+00
1.000000e+00,0.000000e+00,0.000000e+00,0.000000e+00,0.000000e+00,0.000000e+00,0.000000e+00,0.000000e+00,0.000000e+00,0.000000e+00,0.000000e+00,0.000000e+00,0.000000e+00,0.000000e+00,0.000000e+00
1.000000e+00,0.000000e+00,0.000000e+00,0.000000e+00,0.000000e+00,0.000000e+00,0.000000e+00,0.000000e+00,0.000000e+00,0.000000e+00,0.000000e+00,0.000000e+00,0.000000e+00,0.000000e+00,0.000000e+00
1.000000e+00,0.000000e+00,0.000000e+00,0.000000e+00,0.000000e+00,0.000000e+00,0.000000e+00,0.000000e+00,0.000000e+00,0.000000e+00,0.000000e+00,0.000000e+00,0.000000e+00,0.000000e+00,0.000000e+00
1.000000e+00,0.000000e+00,0.000000e+00,0.000000e+00,0.000000e+00,0.000000e+00,0.000000e+00,0.000000e+00,0.000000e+00,0.000000e+00,0.000000e+00,0.000000e+00,0.000000e+00,0.000000e+00,0.000000e+00
1.000000e+00,0.000000e+00,0.000000e+00,0.000000e+00,0.000000e+00,0.000000e+00,0.000000e+00,0.000000e+00,0.000000e+00,0.000000e+00,0.000000e+00,0.000000e+00,0.000000e+00,0.000000e+00,0.000000e+00
1.000000e+00,0.000000e+00,0.000000e+00,0.000000e+00,0.000000e+00,0.000000e+00,0.000000e+00,0.000000e+00,0.000000e+00,0.000000e+00,0.000000e+00,0.000000e+00,0.000000e+00,0.000000e+00,0.000000e+00
1.000000e+00,0.000000e+00,0.000000e+00,0.000000e+00,0.000000e+00,0.000000e+00,0.000000e+00,0.000000e+00,0.000000e+00,0.000000e+00,0.000000e+00,0.000000e+00,0.000000e+00,0.000000e+00,0.000000e+00
1.000000e+00,0.000000e+00,0.000000e+00,0.000000e+00,0.000000e+00,0.000000e+00,0.000000e+00,0.000000e+00,0.000000e+00,0.000000e+00,0.000000e+00,0.000000e+00,0.000000e+00,0.000000e+00,0.000000e+00
1.000000e+00,0.000000e+00,0.000000e+00,0.000000e+00,0.000000e+00,0.000000e+00,0.000000e+00,0.000000e+00,0.000000e+00,0.000000e+00,0.000000e+00,0.000000e+00,0.000000e+00,0.000000e+00,0.000000e+00
1.000000e+00,0.000000e+00,0.000000e+00,0.000000e+00,0.000000e+00,0.000000e+00,0.000000e+00,0.000000e+00,0.000000e+00,0.000000e+00,0.000000e+00,0.000000e+00,0.000000e+00,0.000000e+00,0.000000e+00
1.000000e+00,0.000000e+00,0.000000e+00,0.000000e+00,0.000000e+00,0.000000e+00,0.000000e+00,0.000000e+00,0.000000e+00,0.000000e+00,0.000000e+00,0.000000e+00,0.000000e+00,0.000000e+00,0.000000e+00
1.000000e+00,0.000000e+00,0.000000e+00,0.000000e+00,0.000000e+00,0.000000e+00,0.000000e+00,0.000000e+00,0.000000e+00,0.000000e+00,0.000000e+00,0.000000e+00,0.000000e+00,0.000000e+00,0.000000e+00
1.000000e+00,0.000000e+00,0.000000e+00,0.000000e+00,0.000000e+00,0.000000e+00,0.000000e+00,0.000000e+00,0.000000e+00,0.000000e+00,0.000000e+00,0.000000e+00,0.000000e+00,0.000000e+00,0.000000e+00
1.000000e+00,0.000000e+00,0.000000e+00,0.000000e+00,0.000000e+00,0.000000e+00,0.000000e+00,0.000000e+00,0.000000e+00,0.000000e+00,0.000000e+00,0.000000e+00,0.000000e+00,0.000000e+00,0.000000e+00
1.000000e+00,0.000000e+00,0.000000e+00,0.000000e+00,0.000000e+00,0.000000e+00,0.000000e+00,0.000000e+00,0.000000e+00,0.000000e+00,0.000000e+00,0.000000e+00,0.000000e+00,0.000000e+00,0.000000e+00
1.000000e+00,0.000000e+00,0.000000e+00,0.000000e+00,0.000000e+00,0.000000e+00,0.000000e+00,0.000000e+00,0.000000e+00,0.000000e+00,0.000000e+00,0.000000e+00,0.000000e+00,0.000000e+00,0.000000e+00
1.000000e+00,0.000000e+00,0.000000e+00,0.000000e+00,0.000000e+00,0.000000e+00,0.000000e+00,0.000000e+00,0.000000e+00,0.000000e+00,0.000000e+00,0.000000e+00,0.000000e+00,0.000000e+00,0.000000e+00
1.000000e+00,0.000000e+00,0.000000e+00,0.000000e+00,0.000000e+00,0.000000e+00,0.000000e+00,0.000000e+00,0.000000e+00,0.000000e+00,0.000000e+00,0.000000e+00,0.000000e+00,0.000000e+00,0.000000e+00
1.000000e+00,0.000000e+00,0.000000e+00,0.000000e+00,0.000000e+00,0.000000e+00,0.000000e+00,0.000000e+00,0.000000e+00,0.000000e+00,0.000000e+00,0.000000e+00,0.000000e+00,0.000000e+00,0.000000e+00
1.000000e+00,0.000000e+00,0.000000e+00,0.000000e+00,0.000000e+00,0.000000e+00,0.000000e+00,0.000000e+00,0.000000e+00,0.000000e+00,0.000000e+00,0.000000e+00,0.000000e+00,0.000000e+00,0.000000e+00
1.000000e+00,0.000000e+00,0.000000e+00,0.000000e+00,0.000000e+00,0.000000e+00,0.000000e+00,0.000000e+00,0.000000e+00,0.000000e+00,0.000000e+00,0.000000e+00,0.000000e+00,0.000000e+00,0.000000e+00
1.000000e+00,0.000000e+00,0.000000e+00,0.000000e+00,0.000000e+00,0.000000e+00,0.000000e+00,0.000000e+00,0.000000e+00,0.000000e+00,0.000000e+00,0.000000e+00,0.000000e+00,0.000000e+00,0.000000e+00
1.000000e+00,0.000000e+00,0.000000e+00,0.000000e+00,0.000000e+00,0.000000e+00,0.000000e+00,0.000000e+00,0.000000e+00,0.000000e+00,0.000000e+00,0.000000e+00,0.000000e+00,0.000000e+00,0.000000e+00
1.000000e+00,0.000000e+00,0.000000e+00,0.000000e+00,0.000000e+00,0.000000e+00,0.000000e+00,0.000000e+00,0.000000e+00,0.000000e+00,0.000000e+00,0.000000e+00,0.000000e+00,0.000000e+00,0.000000e+00
1.000000e+00,0.000000e+00,0.000000e+00,0.000000e+00,0.000000e+00,0.000000e+00,0.000000e+00,0.000000e+00,0.000000e+00,0.000000e+00,0.000000e+00,0.000000e+00,0.000000e+00,0.000000e+00,0.000000e+00
1.000000e+00,0.000000e+00,0.000000e+00,0.000000e+00,0.000000e+00,0.000000e+00,0.000000e+00,0.000000e+00,0.000000e+00,0.000000e+00,0.000000e+00,0.000000e+00,0.000000e+00,0.000000e+00,0.000000e+00
1.000000e+00,0.000000e+00,0.000000e+00,0.000000e+00,0.000000e+00,0.000000e+00,0.000000e+00,0.000000e+00,0.000000e+00,0.000000e+00,0.000000e+00,0.000000e+00,0.000000e+00,0.000000e+00,0.000000e+00
1.000000e+00,0.000000e+00,0.000000e+00,0.000000e+00,0.000000e+00,0.000000e+00,0.000000e+00,0.000000e+00,0.000000e+00,0.000000e+00,0.000000e+00,0.000000e+00,0.000000e+00,0.000000e+00,0.000000e+00
1.000000e+00,0.000000e+00,0.000000e+00,0.000000e+00,0.000000e+00,0.000000e+00,0.000000e+00,0.000000e+00,0.000000e+00,0.000000e+00,0.000000e+00,0.000000e+00,0.000000e+00,0.000000e+00,0.000000e+00
1.000000e+00,0.000000e+00,0.000000e+00,0.000000e+00,0.000000e+00,0.000000e+00,0.000000e+00,0.000000e+00,0.000000e+00,0.000000e+00,0.000000e+00,0.000000e+00,0.000000e+00,0.000000e+00,0.000000e+00
1.000000e+00,0.000000e+00,0.000000e+00,0.000000e+00,0.000000e+00,0.000000e+00,0.000000e+00,0.000000e+00,0.000000e+00,0.000000e+00,0.000000e+00,0.000000e+00,0.000000e+00,0.000000e+00,0.000000e+00
1.000000e+00,0.000000e+00,0.000000e+00,0.000000e+00,0.000000e+00,0.000000e+00,0.000000e+00,0.000000e+00,0.000000e+00,0.000000e+00,0.000000e+00,0.000000e+00,0.000000e+00,0.000000e+00,0.000000e+00
1.000000e+00,0.000000e+00,0.000000e+00,0.000000e+00,0.000000e+00,0.000000e+00,0.000000e+00,0.000000e+00,0.000000e+00,0.000000e+00,0.000000e+00,0.000000e+00,0.000000e+00,0.000000e+00,0.000000e+00
1.000000e+00,0.000000e+00,0.000000e+00,0.000000e+00,0.000000e+00,0.000000e+00,0.000000e+00,0.000000e+00,0.000000e+00,0.000000e+00,0.000000e+00,0.000000e+00,0.000000e+00,0.000000e+00,0.000000e+00
1.000000e+00,0.000000e+00,0.000000e+00,0.000000e+00,0.000000e+00,0.000000e+00,0.000000e+00,0.000000e+00,0.000000e+00,0.000000e+00,0.000000e+00,0.000000e+00,0.000000e+00,0.000000e+00,0.000000e+00
1.000000e+00,0.000000e+00,0.000000e+00,0.000000e+00,0.000000e+00,0.000000e+00,0.000000e+00,0.000000e+00,0.000000e+00,0.000000e+00,0.000000e+00,0.000000e+00,0.000000e+00,0.000000e+00,0.000000e+00
1.000000e+00,0.000000e+00,0.000000e+00,0.000000e+00,0.000000e+00,0.000000e+00,0.000000e+00,0.000000e+00,0.000000e+00,0.000000e+00,0.000000e+00,0.000000e+00,0.000000e+00,0.000000e+00,0.000000e+00
1.000000e+00,0.000000e+00,0.000000e+00,0.000000e+00,0.000000e+00,0.000000e+00,0.000000e+00,0.000000e+00,0.000000e+00,0.000000e+00,0.000000e+00,0.000000e+00,0.000000e+00,0.000000e+00,0.000000e+00
1.000000e+00,0.000000e+00,0.000000e+00,0.000000e+00,0.000000e+00,0.000000e+00,0.000000e+00,0.000000e+00,0.000000e+00,0.000000e+00,0.000000e+00,0.000000e+00,0.000000e+00,0.000000e+00,0.000000e+00
1.000000e+00,0.000000e+00,0.000000e+00,0.000000e+00,0.000000e+00,0.000000e+00,0.000000e+00,0.000000e+00,0.000000e+00,0.000000e+00,0.000000e+00,0.000000e+00,0.000000e+00,0.000000e+00,0.000000e+00
1.000000e+00,0.000000e+00,0.000000e+00,0.000000e+00,0.000000e+00,0.000000e+00,0.000000e+00,0.000000e+00,0.000000e+00,0.000000e+00,0.000000e+00,0.000000e+00,0.000000e+00,0.000000e+00,0.000000e+00
1.000000e+00,0.000000e+00,0.000000e+00,0.000000e+00,0.000000e+00,0.000000e+00,0.000000e+00,0.000000e+00,0.000000e+00,0.000000e+00,0.000000e+00,0.000000e+00,0.000000e+00,0.000000e+00,0.000000e+00
1.000000e+00,0.000000e+00,0.000000e+00,0.000000e+00,0.000000e+00,0.000000e+00,0.000000e+00,0.000000e+00,0.000000e+00,0.000000e+00,0.000000e+00,0.000000e+00,0.000000e+00,0.000000e+00,0.000000e+00
1.000000e+00,0.000000e+00,0.000000e+00,0.000000e+00,0.000000e+00,0.000000e+00,0.000000e+00,0.000000e+00,0.000000e+00,0.000000e+00,0.000000e+00,0.000000e+00,0.000000e+00,0.000000e+00,0.000000e+00
1.000000e+00,0.000000e+00,0.000000e+00,0.000000e+00,0.000000e+00,0.000000e+00,0.000000e+00,0.000000e+00,0.000000e+00,0.000000e+00,0.000000e+00,0.000000e+00,0.000000e+00,0.000000e+00,0.000000e+00
1.000000e+00,0.000000e+00,0.000000e+00,0.000000e+00,0.000000e+00,0.000000e+00,0.000000e+00,0.000000e+00,0.000000e+00,0.000000e+00,0.000000e+00,0.000000e+00,0.000000e+00,0.000000e+00,0.000000e+00
4.200371e-01,1.565855e-02,2.159974e-01,1.465909e-01,2.249812e-02,2.259284e-02,8.309951e-03,7.149383e-02,5.304914e-03,1.629546e-03,1.659898e-02,2.487240e-02,1.299004e-02,2.041794e-03,1.338363e-02
3.502211e-01,1.305372e-02,1.810023e-01,1.077764e-01,3.536206e-02,3.384571e-02,1.417553e-01,7.208970e-02,4.249589e-03,1.429116e-03,1.233342e-02,1.937413e-02,1.549519e-02,1.653223e-03,1.035890e-02
3.105592e-01,1.083627e-02,1.313176e-01,7.776175e-02,6.218829e-02,3.453770e-02,2.496972e-01,5.499902e-02,4.262138e-03,6.227771e-03,1.051974e-02,1.554192e-02,2.073735e-02,2.064469e-03,8.749673e-03
2.806467e-01,9.890590e-03,9.393872e-02,5.614163e-02,1.263386e-01,4.103057e-02,2.296610e-01,4.011326e-02,5.109032e-03,3.752626e-02,1.274124e-02,1.308929e-02,3.352750e-02,2.230852e-03,1.801472e-02
2.121627e-01,8.061751e-03,6.742880e-02,5.159058e-02,9.871226e-02,3.208815e-02,2.104822e-01,3.124863e-02,2.443093e-02,1.701538e-01,2.432845e-02,1.512061e-02,2.974211e-02,4.999356e-03,1.944979e-02
1.502291e-01,6.441187e-03,4.733674e-02,4.111426e-02,7.560500e-02,2.333760e-02,1.695645e-01,2.223838e-02,2.892517e-02,3.022937e-01,3.064969e-02,2.353243e-02,3.566397e-02,4.828195e-03,3.824007e-02
1.062184e-01,1.051224e-02,3.351347e-02,5.047944e-02,6.934803e-02,1.729979e-02,1.235281e-01,1.567248e-02,6.237819e-02,2.647403e-01,5.176739e-02,2.034506e-02,6.876902e-02,4.262635e-03,1.011654e-01
7.511058e-02,2.820680e-02,2.376550e-02,4.841781e-02,4.967202e-02,1.297152e-02,8.668511e-02,1.104687e-02,2.865023e-01,1.878087e-01,3.726586e-02,1.542039e-02,5.917235e-02,3.130642e-03,7.482356e-02
5.588103e-02,2.754218e-02,1.792246e-02,5.328296e-02,3.619574e-02,1.945997e-02,6.272803e-02,8.913686e-03,3.374375e-01,1.340836e-01,3.053139e-02,1.717376e-02,1.158728e-01,3.144715e-03,7.983024e-02
4.058440e-02,2.189498e-02,1.403987e-02,5.196489e-02,2.893246e-02,2.660344e-02,4.672368e-02,6.648672e-03,2.789556e-01,9.802762e-02,3.145961e-02,2.537643e-02,2.114182e-01,3.087167e-03,1.142830e-01
3.412693e-02,1.688644e-02,1.064958e-02,3.950634e-02,2.150486e-02,3.427063e-02,3.390329e-02,4.791490e-03,2.083878e-01,7.204717e-02,3.248231e-02,3.880190e-02,3.443763e-01,5.650107e-03,1.026149e-01
2.629231e-02,1.617412e-02,1.121819e-02,3.090533e-02,1.689745e-02,2.854314e-02,2.488822e-02,3.494701e-03,1.579962e-01,5.205156e-02,3.347133e-02,1.232945e-01,3.177803e-01,4.809319e-03,1.521834e-01
2.731000e-02,8.446307e-02,2.661548e-02,6.678996e-02,1.567431e-02,2.238906e-02,1.809582e-02,2.972514e-03,1.470050e-01,3.756917e-02,2.756757e-02,1.673225e-01,2.367010e-01,5.119294e-03,1.144054e-01
2.937719e-02,6.057505e-02,1.999616e-02,9.357475e-02,1.301023e-02,2.384141e-02,1.356569e-02,3.516561e-03,1.283411e-01,2.740270e-02,6.845279e-02,1.642460e-01,2.644391e-01,5.492314e-03,8.416906e-02
2.405090e-02,4.280341e-02,1.452587e-02,7.848078e-02,1.651959e-02,1.795659e-02,1.064422e-02,3.252323e-03,1.349148e-01,1.959857e-02,9.827772e-02,1.420963e-01,3.326325e-01,4.594665e-03,5.965183e-02
3.012685e-02,3.081004e-02,1.363301e-02,6.346917e-02,3.591956e-02,1.411419e-02,9.782040e-03,2.018956e-02,1.530400e-01,1.728069e-02,1.527243e-01,1.251261e-01,2.859879e-01,5.011857e-03,4.278479e-02
5.517146e-02,2.425703e-02,1.170499e-02,6.014107e-02,4.636588e-02,1.121650e-02,9.035844e-03,2.425983e-02,1.905134e-01,1.914684e-02,1.698948e-01,1.038118e-01,2.366294e-01,5.809558e-03,3.204161e-02
5.899331e-02,3.236140e-02,1.083096e-02,5.043181e-02,4.579719e-02,9.189795e-03,7.514698e-03,1.852401e-02,3.233502e-01,1.698762e-02,1.305137e-01,7.784291e-02,1.830481e-01,5.719382e-03,2.889485e-02
5.925299e-02,3.414027e-02,1.672677e-02,5.519426e-02,3.921958e-02,9.844008e-03,6.179109e-03,2.585026e-02,4.189831e-01,1.379785e-02,9.601408e-02,5.978856e-02,1.374137e-01,4.612145e-03,2.298333e-02
5.591464e-02,4.203390e-02,1.615747e-02,6.315272e-02,3.413538e-02,9.584256e-03,5.201759e-03,2.288062e-02,4.851224e-01,1.331363e-02,7.022651e-02,4.560404e-02,1.067958e-01,3.810703e-03,2.606614e-02
4.149753e-02,6.045889e-02,1.336375e-02,1.498829e-01,2.728864e-02,9.811371e-03,3.684235e-03,1.724683e-02,4.783979e-01,1.037417e-02,5.189170e-02,3.309505e-02,7.898583e-02,2.793944e-03,2.122715e-02
3.834951e-02,5.419009e-02,1.389815e-02,1.286232e-01,3.273685e-02,9.799099e-03,3.611290e-03,1.408075e-02,5.292889e-01,1.114865e-02,4.335123e-02,2.651187e-02,6.459260e-02,2.449963e-03,2.736785e-02
4.500309e-02,5.671388e-02,1.224931e-02,1.064121e-01,4.675445e-02,1.031164e-02,4.727929e-03,1.185511e-02,5.312243e-01,1.332413e-02,3.692018e-02,2.157496e-02,6.098853e-02,2.073695e-03,3.986670e-02
4.858068e-02,6.475121e-02,2.246026e-02,2.042274e-01,4.305731e-02,8.869451e-03,3.776303e-03,1.158044e-02,4.283496e-01,2.042292e-02,3.195406e-02,1.746008e-02,4.679127e-02,2.225213e-03,4.549384e-02
9.598805e-02,8.662427e-02,2.325582e-02,1.594602e-01,3.947178e-02,1.000141e-02,3.746726e-03,1.219345e-02,3.802136e-01,2.472142e-02,2.951189e-02,1.774025e-02,3.984467e-02,5.153708e-03,7.207284e-02
1.165036e-01,9.949932e-02,2.304412e-02,1.347841e-01,4.989565e-02,1.511727e-02,3.835605e-03,2.993238e-02,3.600448e-01,2.278828e-02,2.557852e-02,1.652334e-02,3.355657e-02,5.132719e-03,6.376371e-02
1.559868e-01,9.167845e-02,2.246494e-02,1.048373e-01,5.738995e-02,1.911306e-02,3.552058e-03,5.074026e-02,3.343003e-01,2.422890e-02,2.073990e-02,1.455591e-02,2.805918e-02,5.579825e-03,6.677323e-02
1.578867e-01,7.623117e-02,2.824049e-02,8.349446e-02,6.053782e-02,1.924299e-02,3.983359e-03,1.058657e-01,3.214678e-01,2.318270e-02,1.659346e-02,1.231994e-02,2.666899e-02,4.487238e-03,5.979719e-02
1.342770e-01,8.670536e-02,5.493292e-02,6.811306e-02,6.414630e-02,1.745718e-02,4.066643e-03,1.491347e-01,2.836596e-01,2.234741e-02,1.259139e-02,9.564914e-03,2.049447e-02,4.112935e-03,6.839620e-02
1.002739e-01,7.592127e-02,6.024881e-02,4.920934e-02,5.576848e-02,1.401270e-02,3.785840e-03,3.041309e-01,2.220214e-01,1.977000e-02,9.454669e-03,7.013100e-03,1.548092e-02,3.269401e-03,5.963925e-02
8.132545e-02,6.649378e-02,5.517638e-02,3.556440e-02,4.459604e-02,1.148185e-02,3.279270e-03,4.537930e-01,1.611885e-01,1.434902e-02,7.123673e-03,5.186372e-03,1.260785e-02,2.923043e-03,4.491138e-02
5.961470e-02,4.946833e-02,4.112588e-02,2.507079e-02,3.521279e-02,8.217137e-03,2.777935e-03,6.020509e-01,1.148661e-01,1.006468e-02,5.047993e-03,3.674357e-03,8.995964e-03,2.161867e-03,3.165067e-02
4.596491e-02,3.519453e-02,3.166243e-02,1.778660e-02,2.698858e-02,6.031696e-03,2.191466e-03,7.098206e-01,8.091357e-02,7.058154e-03,3.580417e-03,2.591056e-03,6.451654e-03,1.573427e-03,2.219100e-02
3.381065e-02,2.530434e-02,2.457071e-02,1.255241e-02,2.226322e-02,5.099815e-03,1.717110e-03,7.859998e-01,5.694859e-02,4.979924e-03,2.605046e-03,1.884658e-03,5.418284e-03,1.213175e-03,1.563237e-02
2.802688e-02,1.860509e-02,1.909199e-02,9.061068e-03,1.716679e-02,6.879558e-03,1.263351e-03,8.341452e-01,4.021352e-02,3.528461e-03,2.453699e-03,2.207906e-03,4.740193e-03,1.279989e-03,1.133633e-02
3.242778e-02,1.657889e-02,1.624851e-02,7.138567e-03,1.388088e-02,9.330973e-03,1.397421e-03,8.463852e-01,3.163120e-02,2.613411e-03,3.436364e-03,3.088812e-03,4.484454e-03,1.033394e-03,1.032416e-02
3.106505e-02,1.211049e-02,1.240489e-02,5.292908e-03,1.025570e-02,1.444062e-02,1.138501e-03,8.711102e-01,2.304201e-02,1.861344e-03,2.699706e-03,2.583739e-03,3.537078e-03,7.712552e-04,7.686503e-03
3.515074e-02,9.121536e-03,1.001922e-02,4.323741e-03,8.774293e-03,5.580782e-02,1.633291e-03,8.394079e-01,1.888280e-02,1.422832e-03,2.440126e-03,2.458047e-03,3.181954e-03,6.565208e-04,6.719230e-03
4.182835e-02,7.043135e-03,1.058185e-02,4.109300e-03,8.393245e-03,7.298905e-02,2.007408e-03,8.252434e-01,1.467648e-02,1.055790e-03,1.849598e-03,2.036635e-03,2.582276e-03,5.420097e-04,5.061499e-03
3.877778e-02,5.313701e-03,8.572519e-03,3.660068e-03,7.711264e-03,9.623279e-02,2.003392e-03,8.162671e-01,1.152512e-02,7.851990e-04,1.356635e-03,1.690318e-03,1.959194e-03,4.034614e-04,3.741459e-03
4.302566e-02,4.671159e-03,8.255560e-03,3.743644e-03,8.398036e-03,1.253434e-01,2.930274e-03,7.855347e-01,8.610505e-03,8.408838e-04,1.050083e-03,1.969866e-03,1.803174e-03,3.222031e-04,3.500767e-03
5.167855e-02,3.854740e-03,6.791164e-03,3.291455e-03,7.441196e-03,1.083089e-01,2.716959e-03,8.014125e-01,6.476276e-03,7.336037e-04,7.909311e-04,2.003210e-03,1.393398e-03,2.543555e-04,2.852815e-03
9.589670e-02,3.644364e-03,5.892339e-03,3.675795e-03,8.778445e-03,1.085959e-01,2.361844e-03,7.559232e-01,5.234944e-03,9.512475e-04,8.556453e-04,3.502894e-03,1.298347e-03,3.012332e-04,3.087170e-03
2.019029e-01,3.242746e-03,5.564169e-03,3.723387e-03,8.286796e-03,8.741523e-02,2.208373e-03,6.690528e-01,4.473534e-03,1.115540e-03,1.092023e-03,6.690943e-03,1.483841e-03,3.921475e-04,3.355522e-03
2.872776e-01,3.360374e-03,5.848084e-03,4.020061e-03,8.276270e-03,1.018914e-01,1.939328e-03,5.541440e-01,4.072860e-03,2.152857e-03,3.847261e-03,1.622863e-02,1.791301e-03,8.913031e-04,4.258540e-03
2.067195e-01,2.809705e-03,4.642134e-03,2.954466e-03,6.112712e-03,3.011320e-01,1.594211e-03,3.881709e-01,3.219657e-03,5.471544e-03,4.221808e-02,2.576368e-02,1.514414e-03,2.884981e-03,4.791983e-03
1.463720e-01,2.086445e-03,3.523618e-03,2.116751e-03,4.378648e-03,4.241690e-01,1.296351e-03,2.718143e-01,2.529948e-03,5.540329e-03,8.017693e-02,4.550280e-02,1.156572e-03,4.807237e-03,4.528980e-03
1.030072e-01,1.606249e-03,2.649169e-03,1.548517e-03,3.078138e-03,3.204736e-01,9.865707e-04,1.902884e-01,2.524713e-03,8.727768e-03,3.073328e-01,4.855950e-02,8.601567e-04,3.738886e-03,4.618321e-03
7.220707e-02,1.181816e-03,1.922349e-03,1.098718e-03,2.192652e-03,2.261118e-01,7.413801e-04,1.332079e-01,2.258703e-03,1.299295e-02,4.862518e-01,5.192473e-02,6.899994e-04,3.179509e-03,4.038631e-03
5.059567e-02,8.951239e-04,1.381793e-03,7.764026e-04,1.620649e-03,1.610486e-01,8.616886e-04,9.325270e-02,1.815448e-03,1.761911e-02,6.128315e-01,5.094721e-02,5.962189e-04,2.376309e-03,3.381617e-03
3.544643e-02,1.066453e-03,1.560957e-03,5.656996e-04,1.653130e-03,1.191635e-01,1.190537e-03,6.528436e-02,1.526968e-03,2.889377e-02,6.825800e-01,5.396255e-02,6.796446e-04,1.892974e-03,4.533009e-03
2.482902e-02,1.189829e-03,1.588443e-03,4.176574e-04,1.373482e-03,9.132330e-02,1.148652e-03,4.570653e-02,1.391558e-03,3.525491e-02,7.409794e-01,4.793371e-02,7.430020e-04,1.450785e-03,4.669677e-03
1.738835e-02,1.189171e-03,1.199352e-03,3.116683e-04,1.558735e-03,9.041400e-02,8.590347e-04,3.200937e-02,2.512274e-03,8.317608e-02,7.022119e-01,6.091001e-02,1.765095e-03,1.157516e-03,3.337512e-03
1.218141e-02,4.492425e-03,1.089357e-03,2.609649e-04,1.493232e-03,1.333202e-01,8.054244e-04,2.247199e-02,1.395014e-02,1.252531e-01,6.154856e-01,6.273755e-02,2.898766e-03,9.926195e-04,2.567318e-03
8.532162e-03,1.452683e-02,1.236978e-03,2.118022e-04,1.377520e-03,1.022905e-01,6.099736e-04,1.575279e-02,2.613403e-02,1.549323e-01,6.060351e-01,5.906503e-02,5.273823e-03,1.862460e-03,2.158813e-03
6.015071e-03,1.822949e-02,5.025155e-03,4.096852e-04,5.137783e-02,7.437101e-02,1.337453e-03,1.243702e-02,9.557102e-02,1.721620e-01,4.776900e-01,5.941050e-02,2.103031e-02,2.781331e-03,2.152192e-03
4.240086e-03,1.595637e-02,5.576503e-03,8.232869e-04,5.893185e-02,6.413238e-02,1.402710e-03,1.122899e-02,7.998788e-02,2.449248e-01,4.078878e-01,5.442874e-02,4.370464e-02,4.820412e-03,1.953598e-03
3.020055e-03,1.159510e-02,4.609677e-03,3.276713e-03,5.546195e-02,5.527817e-02,1.223134e-03,2.565784e-02,6.081871e-02,2.609941e-01,3.794598e-01,5.075683e-02,8.117378e-02,5.111390e-03,1.562772e-03
2.245877e-03,8.441362e-03,3.985384e-03,9.819582e-03,5.535932e-02,4.986054e-02,9.924811e-04,4.831175e-02,4.887093e-02,2.460244e-01,3.678832e-01,6.109194e-02,9.161463e-02,4.152761e-03,1.345862e-03
1.659139e-03,5.938919e-03,3.023002e-03,7.575952e-03,1.635450e-01,3.527516e-02,1.244286e-03,4.163162e-02,4.040439e-02,1.806158e-01,3.776489e-01,5.115312e-02,8.597635e-02,3.062191e-03,1.246178e-03
1.435149e-03,4.209759e-03,3.568040e-03,6.317820e-03,1.949752e-01,2.622321e-02,1.375403e-03,1.557483e-01,3.140628e-02,1.293258e-01,3.156611e-01,4.102185e-02,8.523665e-02,2.368102e-03,1.127319e-03
1.410900e-03,3.208803e-03,3.216244e-03,7.580164e-03,1.993634e-01,3.000602e-02,1.254840e-03,1.461442e-01,4.612128e-02,9.224571e-02,2.743064e-01,5.778462e-02,1.341622e-01,2.135078e-03,1.060083e-03
4.314944e-03,2.678803e-03,4.866747e-03,8.024615e-03,1.704052e-01,2.951118e-02,1.828053e-03,1.361333e-01,4.711340e-02,6.601895e-02,2.478768e-01,6.648465e-02,2.109071e-01,2.393094e-03,1.443192e-03
1.631415e-02,3.066419e-03,1.032813e-02,7.762429e-03,2.403713e-01,2.958606e-02,8.092389e-03,1.135340e-01,1.044667e-01,4.714678e-02,1.918454e-01,5.734520e-02,1.661447e-01,2.188431e-03,1.807933e-03
3.634451e-02,2.718880e-03,2.431967e-02,1.090175e-02,2.522801e-01,8.176912e-02,2.477000e-02,1.296290e-01,8.940587e-02,3.329522e-02,1.414563e-01,4.408208e-02,1.256187e-01,1.843831e-03,1.564974e-03
5.608566e-02,8.062408e-03,4.603836e-02,1.420928e-02,3.306535e-01,1.064954e-01,2.217220e-02,9.522669e-02,6.723602e-02,2.349995e-02,1.014434e-01,3.382586e-02,9.129084e-02,1.593328e-03,2.167156e-03
7.202323e-02,1.301629e-02,5.486992e-02,2.220557e-02,4.069330e-01,9.676979e-02,2.545181e-02,6.964063e-02,5.096931e-02,1.660555e-02,7.333908e-02,2.656144e-02,6.797478e-02,1.280106e-03,2.359532e-03
8.719482e-02,1.407764e-02,1.024503e-01,1.143003e-01,3.433563e-01,8.117536e-02,2.114809e-02,5.587925e-02,3.803606e-02,1.193978e-02,5.298490e-02,2.344650e-02,5.026920e-02,1.108035e-03,2.633556e-03
1.065093e-01,1.590842e-02,1.166972e-01,9.005149e-02,3.123840e-01,6.223392e-02,9.185462e-02,5.223021e-02,3.545239e-02,9.150841e-03,3.975507e-02,1.824382e-02,4.514667e-02,1.035236e-03,3.346754e-03
9.268586e-02,1.643951e-02,1.069948e-01,8.058710e-02,2.826858e-01,4.617694e-02,2.069135e-01,4.302391e-02,3.288288e-02,7.011947e-03,2.948440e-02,1.469196e-02,3.624116e-02,8.579777e-04,3.322239e-03
7.100861e-02,1.205484e-02,7.595330e-02,5.678073e-02,2.053987e-01,3.629801e-02,4.090483e-01,4.159982e-02,2.477963e-02,5.121937e-03,2.125328e-02,1.045375e-02,2.714480e-02,6.195399e-04,2.484741e-03
5.135082e-02,8.607747e-03,5.353414e-02,3.983020e-02,1.524747e-01,2.655481e-02,5.657303e-01,3.261164e-02,1.810000e-02,3.805385e-03,1.579091e-02,7.405775e-03,2.178035e-02,4.490713e-04,1.974038e-03
4.661841e-02,6.638574e-03,3.939554e-02,2.825628e-02,1.182411e-01,2.147019e-02,6.466749e-01,3.497045e-02,1.644058e-02,3.099197e-03,1.237122e-02,5.658071e-03,1.794621e-02,3.835611e-04,1.835706e-03
6.718120e-02,6.155890e-03,3.067977e-02,2.055694e-02,9.344602e-02,2.159199e-02,6.558421e-01,4.039032e-02,2.272497e-02,3.182980e-03,1.135978e-02,6.126064e-03,1.750054e-02,4.787694e-04,2.782684e-03
9.748694e-02,5.930849e-03,2.368671e-02,1.598368e-02,8.794384e-02,2.345235e-02,6.332802e-01,4.042593e-02,2.748758e-02,2.836056e-03,8.863874e-03,7.854003e-03,2.095752e-02,4.575909e-04,3.352903e-03
1.300748e-01,5.017517e-03,1.890320e-02,1.250836e-02,7.585518e-02,2.053535e-02,6.039813e-01,5.814340e-02,3.477196e-02,2.462799e-03,6.741109e-03,7.616704e-03,1.963715e-02,4.015483e-04,3.349696e-03
1.499123e-01,5.086194e-03,1.495777e-02,1.022970e-02,7.055796e-02,1.964070e-02,5.896660e-01,6.534982e-02,3.400892e-02,2.408788e-03,5.505815e-03,7.633612e-03,2.057255e-02,4.405248e-04,4.029382e-03
1.783403e-01,4.470750e-03,2.109245e-02,8.594780e-03,5.607649e-02,1.929209e-02,5.681332e-01,8.057794e-02,2.633547e-02,2.671381e-03,4.654412e-03,7.148501e-03,1.715537e-02,7.040327e-04,4.752857e-03
1.618672e-01,3.358981e-03,1.823338e-02,6.541440e-03,4.438819e-02,1.770922e-02,5.946083e-01,1.011716e-01,2.096437e-02,2.661643e-03,4.033627e-03,5.584260e-03,1.393506e-02,6.346523e-04,4.308101e-03
1.317038e-01,2.588101e-03,1.472794e-02,5.334290e-03,3.554795e-02,1.782475e-02,5.675243e-01,1.796908e-01,1.615557e-02,3.151235e-03,4.389049e-03,4.418834e-03,1.209157e-02,5.646462e-04,4.287157e-03
1.068854e-01,2.124838e-03,1.227952e-02,4.237911e-03,2.707757e-02,1.478807e-02,5.136076e-01,2.816900e-01,1.175503e-02,3.332407e-03,3.530423e-03,3.301381e-03,1.029098e-02,5.327419e-04,4.566032e-03
8.974338e-02,1.888159e-03,1.072419e-02,3.285190e-03,1.989202e-02,1.146439e-02,4.737191e-01,3.592504e-01,8.806015e-03,3.064934e-03,2.611615e-03,2.451531e-03,8.254040e-03,4.690959e-04,4.375916e-03
9.213068e-02,1.512115e-03,8.565121e-03,2.517404e-03,1.500747e-02,9.687614e-03,4.260921e-01,4.196274e-01,6.856483e-03,3.219175e-03,2.067830e-03,1.974161e-03,6.336960e-03,4.381447e-04,3.967326e-03
7.299452e-02,1.475844e-03,6.212221e-03,1.953209e-03,1.147180e-02,1.048953e-02,3.987789e-01,3.673165e-01,5.352487e-03,6.076434e-02,1.807343e-02,5.746471e-03,7.685061e-03,5.576886e-03,2.610882e-02
5.871737e-02,2.619391e-03,4.851669e-03,3.428047e-03,9.842018e-03,1.075966e-02,3.129956e-01,2.644376e-01,1.731516e-02,1.475471e-01,5.877390e-02,1.619166e-02,1.943551e-02,6.000384e-03,6.708484e-02
4.444207e-02,4.677185e-03,3.949127e-03,5.177923e-03,8.420432e-03,1.037609e-02,2.253521e-01,1.869278e-01,3.087141e-02,2.731300e-01,6.025231e-02,1.488774e-02,3.250299e-02,5.085062e-03,9.394780e-02
3.294906e-02,1.569146e-02,3.075206e-03,8.205446e-03,6.952905e-03,8.784914e-03,1.602967e-01,1.319442e-01,4.895423e-02,3.821055e-01,5.381670e-02,1.223928e-02,3.915885e-02,3.856106e-03,9.196962e-02
2.463223e-02,2.135086e-02,2.398220e-03,1.575805e-02,5.168913e-03,6.980332e-03,1.127684e-01,9.269538e-02,1.593011e-01,3.002921e-01,4.329942e-02,1.009784e-02,3.960858e-02,2.875573e-03,1.627730e-01
2.178397e-02,1.681568e-02,2.534207e-03,1.616731e-02,6.934212e-03,6.127758e-03,8.045936e-02,6.631945e-02,2.241454e-01,2.200586e-01,3.446949e-02,7.800723e-03,4.723019e-02,2.688505e-03,2.464652e-01
2.382942e-02,1.700453e-02,4.596409e-03,1.765288e-02,6.232264e-03,7.213225e-03,5.736195e-02,4.749351e-02,1.940117e-01,1.686680e-01,2.623008e-02,7.624413e-03,5.164642e-02,2.767408e-03,3.676678e-01
2.426912e-02,2.800869e-02,4.019176e-03,1.677558e-02,5.731988e-03,6.883454e-03,4.083530e-02,3.466241e-02,1.728336e-01,1.230831e-01,1.999002e-02,6.653524e-03,4.758868e-02,2.490829e-03,4.661746e-01
2.391357e-02,4.331066e-02,4.561204e-03,1.435716e-02,7.968493e-03,8.796059e-03,2.952065e-02,2.719806e-02,2.081954e-01,8.816521e-02,1.532733e-02,6.559000e-03,4.670738e-02,2.196471e-03,4.732234e-01
2.502714e-02,5.882708e-02,3.908835e-03,1.212724e-02,8.152916e-03,8.192838e-03,2.169548e-02,2.596391e-02,2.086199e-01,6.211620e-02,1.127420e-02,5.166023e-03,4.605219e-02,1.791532e-03,5.010846e-01
4.657896e-02,4.722929e-02,5.566394e-03,9.631671e-03,1.074343e-02,6.912189e-03,1.712665e-02,3.078417e-02,1.757812e-01,4.388687e-02,8.473217e-03,4.217734e-03,4.085821e-02,1.658391e-03,5.505516e-01
8.826780e-02,3.824172e-02,5.990386e-03,8.186283e-03,1.110441e-02,6.985242e-03,1.327473e-02,3.868823e-02,1.637461e-01,3.099227e-02,6.685607e-03,3.719724e-03,3.591097e-02,1.553086e-03,5.466534e-01
7.933331e-02,4.455020e-02,1.082314e-02,1.044851e-01,2.676027e-02,6.338255e-03,1.170214e-02,1.122155e-01,1.327791e-01,2.205439e-02,5.624722e-03,3.669674e-03,4.738162e-02,1.284085e-03,3.909984e-01
8.030375e-02,3.943457e-02,3.157100e-02,1.398021e-01,3.522036e-02,3.031429e-02,1.028467e-02,1.167091e-01,1.130701e-01,1.602621e-02,6.602056e-03,6.090209e-03,9.054695e-02,1.131083e-03,2.828935e-01
1.178871e-01,3.752981e-02,4.409992e-02,1.239103e-01,3.937349e-02,5.439395e-02,1.124709e-02,9.871340e-02,1.077226e-01,1.181254e-02,5.778923e-03,1.454793e-02,1.296562e-01,1.161752e-03,2.021650e-01
1.136395e-01,4.641847e-02,4.534845e-02,9.331007e-02,4.184327e-02,1.584301e-01,2.621430e-02,7.348391e-02,1.187584e-01,8.723148e-03,5.004337e-03,1.576610e-02,1.070675e-01,9.300391e-04,1.450624e-01
1.269836e-01,3.961545e-02,5.909428e-02,7.520857e-02,4.450807e-02,2.078284e-01,5.810544e-02,5.540554e-02,1.047739e-01,6.973571e-03,4.741414e-03,1.973714e-02,8.292195e-02,8.923359e-04,1.132103e-01
1.522386e-01,4.219197e-02,5.329838e-02,5.388787e-02,9.204908e-02,1.767618e-01,4.647034e-02,4.724835e-02,1.479517e-01,5.291054e-03,4.886766e-03,2.076894e-02,6.661502e-02,8.708157e-04,8.946934e-02
2.024902e-01,5.071148e-02,4.691912e-02,4.053126e-02,8.358568e-02,1.882071e-01,4.313520e-02,5.593897e-02,1.343560e-01,4.386032e-03,4.133140e-03,1.854290e-02,5.652525e-02,7.995241e-04,6.973820e-02
2.597959e-01,4.717902e-02,3.482263e-02,2.984809e-02,7.120214e-02,1.499979e-01,3.978968e-02,4.812035e-02,1.396683e-01,3.294595e-03,4.170292e-03,1.902236e-02,9.714259e-02,1.009379e-03,5.493683e-02
2.770351e-01,4.335586e-02,2.792215e-02,2.392786e-02,7.035887e-02,1.709964e-01,3.298198e-02,3.504890e-02,1.107409e-01,2.662049e-03,3.861316e-03,1.696190e-02,1.377982e-01,9.586272e-04,4.538997e-02
2.429741e-01,4.383532e-02,2.690499e-02,1.199449e-01,7.635538e-02,1.254702e-01,3.310870e-02,4.134879e-02,1.019398e-01,3.197374e-03,6.660974e-03,2.937080e-02,1.061593e-01,1.330231e-03,4.139914e-02
2.045835e-01,3.669360e-02,1.432272e-01,1.351604e-01,6.321476e-02,9.214120e-02,2.501443e-02,3.821042e-02,8.733433e-02,4.155675e-03,7.656552e-03,2.805470e-02,9.287506e-02,1.323187e-03,4.035503e-02
2.298858e-01,3.666513e-02,1.049293e-01,1.116257e-01,5.326451e-02,7.484612e-02,2.721241e-02,3.095932e-02,8.503903e-02,3.674020e-03,7.434687e-03,3.657515e-02,1.587698e-01,1.670363e-03,3.744877e-02
2.572036e-01,3.969020e-02,7.703564e-02,8.639236e-02,4.230994e-02,5.637198e-02,2.019335e-02,2.406231e-02,7.244090e-02,2.902020e-03,6.469234e-03,3.073415e-02,2.541531e-01,1.497641e-03,2.854365e-02
2.662973e-01,3.265866e-02,5.907572e-02,6.402992e-02,3.260883e-02,4.253455e-02,1.519177e-02,2.055863e-02,5.879311e-02,2.275575e-03,5.903070e-03,2.413105e-02,3.512165e-01,1.399238e-03,2.332610e-02
2.824090e-01,2.465664e-02,4.207457e-02,4.933727e-02,2.544873e-02,3.612136e-02,1.135040e-02,1.585475e-02,4.329778e-02,1.667793e-03,4.677177e-03,2.099455e-02,4.233593e-01,1.015296e-03,1.773533e-02
2.475583e-01,4.141686e-02,3.384461e-02,4.937858e-02,1.829020e-02,2.940702e-02,8.580498e-03,1.241546e-02,6.661080e-02,1.560970e-03,4.018810e-03,1.811522e-02,4.535112e-01,8.288267e-04,1.446263e-02
2.863197e-01,3.547143e-02,2.507564e-02,3.697687e-02,1.518343e-02,2.722343e-02,7.203075e-03,1.053936e-02,5.703728e-02,1.304619e-03,3.732158e-03,1.668514e-02,4.629574e-01,1.071819e-03,1.321867e-02
2.911780e-01,2.807476e-02,1.826344e-02,2.730348e-02,1.115617e-02,2.493442e-02,5.345994e-03,8.536728e-03,4.225800e-02,1.018626e-03,3.027102e-03,1.433928e-02,5.135589e-01,9.678149e-04,1.003728e-02
2.406076e-01,2.259348e-02,1.303286e-02,1.961743e-02,8.244201e-03,1.866339e-02,3.980767e-03,7.081197e-03,3.246562e-02,8.755435e-04,2.679240e-03,1.180937e-02,6.085770e-01,1.173727e-03,8.598578e-03
1.813184e-01,1.747103e-02,1.032905e-02,1.423841e-02,7.322367e-03,1.423383e-02,4.964555e-03,2.769088e-02,2.698709e-02,7.168828e-04,2.453329e-03,9.241982e-03,6.703636e-01,1.063337e-03,1.160526e-02
1.532439e-01,1.680006e-02,7.426951e-03,1.041834e-02,5.979037e-03,1.066103e-02,3.685797e-03,1.991483e-02,2.233468e-02,5.350635e-04,1.909442e-03,6.742209e-03,7.308129e-01,8.086096e-04,8.727118e-03
1.510821e-01,1.511239e-02,5.566389e-03,8.426921e-03,5.453521e-03,8.968195e-03,2.822358e-03,1.453575e-02,1.807534e-02,4.095438e-04,1.578883e-03,5.358481e-03,7.550389e-01,6.503736e-04,6.920936e-03
1.283538e-01,1.382994e-02,4.350157e-03,6.777590e-03,4.888132e-03,7.032562e-03,2.141899e-03,1.081255e-02,1.641374e-02,3.238578e-04,1.506437e-03,4.643792e-03,7.927808e-01,5.668424e-04,5.578041e-03
9.152461e-02,1.130764e-02,3.190295e-03,4.921351e-03,4.115988e-03,5.040702e-03,1.564882e-03,7.682165e-03,1.360491e-02,2.376686e-04,1.157581e-03,3.429570e-03,8.474611e-01,4.129581e-04,4.348677e-03
6.530276e-02,8.605031e-03,2.375050e-03,3.565513e-03,4.323929e-03,3.617660e-03,1.170883e-03,5.469359e-03,1.061283e-02,1.723525e-04,9.397848e-04,2.543086e-03,8.875273e-01,3.031051e-04,3.471367e-03
4.836539e-02,7.486844e-03,1.798350e-03,2.694061e-03,3.758529e-03,2.625559e-03,8.482363e-04,3.986327e-03,9.370024e-03,1.258815e-04,8.154999e-04,1.965155e-03,9.132391e-01,2.273688e-04,2.693742e-03
3.566144e-02,6.202956e-03,1.357400e-03,2.034396e-03,3.464781e-03,1.924492e-03,6.191777e-04,2.866952e-03,7.787146e-03,9.075228e-05,6.598245e-04,1.505471e-03,9.335294e-01,1.647690e-04,2.131074e-03
2.735209e-02,5.000707e-03,1.265022e-03,1.741890e-03,4.514801e-03,1.656280e-03,5.246159e-04,2.630069e-03,6.744399e-03,6.832503e-05,5.696256e-04,1.273654e-03,9.447854e-01,1.369384e-04,1.736295e-03
2.052130e-02,4.129511e-03,9.751642e-04,1.270862e-03,4.212676e-03,1.320221e-03,4.145854e-04,2.006117e-03,5.181071e-03,5.120699e-05,4.395889e-04,1.186768e-03,9.567915e-01,9.961694e-05,1.399826e-03
1.638005e-02,3.356802e-03,7.817678e-04,9.241322e-04,4.268561e-03,1.127589e-03,3.476311e-04,1.490152e-03,3.986554e-03,4.061045e-05,3.335417e-04,1.044116e-03,9.647204e-01,7.224689e-05,1.125906e-03
1.450031e-02,2.932117e-03,9.004510e-04,6.680121e-04,6.380140e-03,9.658388e-04,4.630087e-04,1.384422e-03,3.412807e-03,3.815887e-05,2.572764e-04,1.044051e-03,9.650279e-01,6.203494e-05,1.963400e-03
1.572869e-02,2.491398e-03,2.207167e-03,5.008413e-04,1.319510e-02,1.028218e-03,9.318927e-04,2.029212e-03,3.069152e-03,4.800009e-05,2.200930e-04,9.519235e-04,9.539886e-01,6.088077e-05,3.548806e-03
2.458408e-02,2.069433e-03,3.594937e-03,6.429632e-04,1.467320e-02,1.008315e-03,8.579839e-04,1.961177e-03,3.119707e-03,7.821778e-05,2.363950e-04,8.099828e-04,9.416502e-01,5.684287e-05,4.656648e-03
3.020681e-02,1.634457e-03,3.308809e-03,7.229614e-04,1.678724e-02,9.714561e-04,8.518782e-04,3.483011e-03,2.621350e-03,7.981236e-05,2.342878e-04,7.272513e-04,9.333417e-01,4.705751e-05,4.981840e-03
3.612396e-02,1.298543e-03,4.771554e-03,9.123533e-04,2.487204e-02,1.176145e-03,1.160278e-03,2.250622e-02,2.667834e-03,9.412374e-05,3.056743e-04,8.290259e-04,8.971209e-01,4.922223e-05,6.112084e-03
6.016051e-02,1.244461e-03,1.065872e-02,1.816285e-03,2.593019e-02,2.019930e-03,1.142554e-03,5.338994e-02,3.486709e-03,2.554856e-04,5.702937e-04,1.590562e-03,8.303536e-01,8.182220e-05,7.298902e-03
7.440159e-02,1.134273e-03,2.082304e-02,2.260644e-03,3.799094e-02,2.225298e-02,2.657411e-03,9.543751e-02,4.093551e-03,3.244549e-04,8.315641e-04,2.308229e-03,7.257081e-01,8.353296e-05,9.692149e-03
7.872925e-02,1.006636e-03,4.641180e-02,2.288566e-03,3.693619e-02,1.904196e-02,3.466794e-03,2.470236e-01,4.928472e-03,3.247146e-04,8.723363e-04,1.883256e-03,5.484366e-01,9.705484e-05,8.552819e-03
1.049034e-01,1.548187e-03,6.200575e-02,1.984919e-03,4.011317e-02,4.679387e-02,9.468339e-03,2.863127e-01,4.768011e-03,2.797483e-04,8.704056e-04,1.610971e-03,4.322040e-01,1.025847e-04,7.033977e-03
1.055737e-01,1.607573e-03,7.197105e-02,1.894206e-03,3.460983e-02,6.967506e-02,2.120896e-02,3.584504e-01,3.669680e-03,2.334914e-04,7.650591e-04,1.431898e-03,3.236179e-01,8.523578e-05,5.205963e-03
9.579533e-02,3.316519e-03,7.428971e-02,2.129370e-03,2.949533e-02,7.198449e-02,3.326515e-02,3.384018e-01,5.248860e-03,3.458820e-04,1.931976e-03,2.337641e-03,3.367123e-01,7.730909e-05,4.668300e-03
9.242985e-02,6.583674e-03,6.848325e-02,2.613558e-03,2.842517e-02,6.533211e-02,5.096952e-02,2.887904e-01,9.506954e-03,6.953322e-04,4.280822e-03,3.084882e-03,3.707237e-01,7.909782e-05,8.001694e-03
7.905319e-02,2.953935e-02,5.671221e-02,3.491024e-03,2.483022e-02,4.970437e-02,4.288498e-02,2.172218e-01,3.792010e-02,2.371843e-03,2.153425e-02,4.622824e-03,4.140449e-01,1.574322e-04,1.591151e-02
6.521724e-02,1.142484e-01,4.465017e-02,4.383663e-03,2.193826e-02,4.559713e-02,3.235367e-02,1.605899e-01,8.973411e-02,8.464048e-03,4.186318e-02,5.881703e-03,3.420726e-01,3.761773e-04,2.262981e-02
7.683672e-02,1.067860e-01,4.419809e-02,4.854527e-03,3.391621e-02,4.366479e-02,2.910457e-02,1.293491e-01,1.243018e-01,7.079055e-03,4.305360e-02,6.332561e-03,3.229093e-01,9.642691e-04,2.664941e-02
9.160059e-02,9.219830e-02,3.686330e-02,4.438291e-03,3.627484e-02,3.836977e-02,2.606465e-02,9.210261e-02,1.308246e-01,5.527079e-03,3.100449e-02,5.243880e-03,3.753768e-01,8.423857e-04,3.326841e-02
1.131355e-01,8.406748e-02,3.596955e-02,8.140365e-03,5.114027e-02,3.310620e-02,2.531147e-02,6.670812e-02,1.218944e-01,4.496010e-03,2.223991e-02,4.419655e-03,3.940841e-01,7.007638e-04,3.458620e-02
1.690822e-01,6.982994e-02,3.325455e-02,1.408088e-02,4.827090e-02,3.071377e-02,2.125544e-02,4.998016e-02,1.045267e-01,4.541378e-03,1.587808e-02,4.050898e-03,4.002216e-01,6.936242e-04,3.361996e-02
1.766682e-01,9.891924e-02,4.824347e-02,6.207904e-02,5.889762e-02,2.867448e-02,2.371956e-02,4.547879e-02,7.779104e-02,7.662095e-03,1.173923e-02,4.609522e-03,3.130779e-01,6.940308e-04,4.174577e-02
2.333322e-01,8.201829e-02,4.997376e-02,5.715609e-02,5.716266e-02,2.439311e-02,2.205283e-02,5.433656e-02,6.334922e-02,6.331856e-03,8.830994e-03,4.797916e-03,2.936776e-01,8.810994e-04,4.170580e-02
1.992202e-01,8.132371e-02,8.117151e-02,8.341660e-02,8.916064e-02,2.446003e-02,2.677236e-02,8.281389e-02,4.744463e-02,6.566262e-03,6.852874e-03,5.486605e-03,2.300663e-01,8.623570e-04,3.438194e-02
2.417022e-01,6.982072e-02,7.372221e-02,6.772002e-02,8.246130e-02,2.133040e-02,2.569688e-02,9.174161e-02,4.197244e-02,5.722383e-03,5.501130e-03,5.389948e-03,2.344773e-01,8.997205e-04,3.184171e-02
2.882166e-01,6.620547e-02,6.573972e-02,7.099809e-02,8.070360e-02,2.236087e-02,2.451586e-02,9.793181e-02,3.482312e-02,5.697680e-03,5.242192e-03,7.150431e-03,1.962864e-01,1.476343e-03,3.265183e-02
3.807401e-01,5.205180e-02,4.943239e-02,5.958477e-02,6.437827e-02,2.022698e-02,1.997827e-02,1.059882e-01,2.769566e-02,4.584673e-03,4.782284e-03,9.521285e-03,1.727351e-01,1.733138e-03,2.656700e-02
4.712256e-01,4.278744e-02,3.786597e-02,4.802360e-02,4.981021e-02,1.749884e-02,1.643676e-02,8.959357e-02,2.231493e-02,3.669555e-03,4.634339e-03,1.094387e-02,1.596188e-01,2.189604e-03,2.338686e-02
4.008893e-01,5.479410e-02,2.990857e-02,6.741813e-02,7.717791e-02,3.958343e-02,2.453337e-02,1.213612e-01,1.651846e-02,3.284721e-03,4.318504e-03,1.097190e-02,1.236416e-01,3.009415e-03,2.258931e-02
3.486268e-01,4.267571e-02,2.596534e-02,5.512490e-02,6.919564e-02,3.206808e-02,2.601827e-02,2.584986e-01,1.242769e-02,2.436073e-03,3.626306e-03,9.040597e-03,9.484939e-02,2.441005e-03,1.700553e-02
