1.000000e+00,0.000000e+00,0.000000e+00,0.000000e+00,0.000000e+00,0.000000e+00,0.000000e+00,0.000000e+00,0.000000e+00,0.000000e+00,0.000000e+00,0.000000e+00,0.000000e+00,0.000000e+00,0.000000e+00
1.000000e+00,0.000000e+00,0.000000e+00,0.000000e+00,0.000000e+00,0.000000e+00,0.000000e+00,0.000000e+00,0.000000e+00,0.000000e+00,0.000000e+00,0.000000e+00,0.000000e+00,0.000000e+00,0.000000e+00
1.000000e+00,0.000000e+00,0.000000e+00,0.000000e+00,0.000000e+00,0.000000e+00,0.000000e+00,0.000000e+00,0.000000e+00,0.000000e+00,0.000000e+00,0.000000e+00,0.000000e+00,0.000000e+00,0.000000e+00
1.000000e+00,0.000000e+00,0.000000e+00,0.000000e+00,0.000000e+00,0.000000e+00,0.000000e+00,0.000000e+00,0.000000e+00,0.000000e+00,0.000000e+00,0.000000e+00,0.000000e+00,0.000000e+00,0.000000e+00
1.000000e+00,0.000000e+00,0.000000e+00,0.000000e+00,0.000000e+00,0.000000e+00,0.000000e+00,0.000000e+00,0.000000e+00,0.000000e+00,0.000000e+00,0.000000e+00,0.000000e+00,0.000000e+00,0.000000e+00
1.000000e+00,0.000000e+00,0.000000e+00,0.000000e+00,0.000000e+00,0.000000e+00,0.000000e+00,0.000000e+00,0.000000e+00,0.000000e+00,0.000000e+00,0.000000e+00,0.000000e+00,0.000000e+00,0.000000e+00
1.000000e+00,0.000000e+00,0.000000e+00,0.000000e+00,0.000000e+00,0.000000e+00,0.000000e+00,0.000000e+00,0.000000e+00,0.000000e+00,0.000000e+00,0.000000e+00,0.000000e+00,0.000000e+00,0.000000e+00
1.000000e+00,0.000000e+00,0.000000e+00,0.000000e+00,0.000000e+00,0.000000e+00,0.000000e+00,0.000000e+00,0.000000e+00,0.000000e+00,0.000000e+00,0.000000e+00,0.000000e+00,0.000000e+00,0.000000e+00
1.000000e+00,0.000000e+00,0.000000e+00,0.000000e+00,0.000000e+00,0.000000e+00,0.000000e+00,0.000000e+00,0.000000e+00,0.000000e+00,0.000000e+00,0.000000e+00,0.000000e+00,0.000000e+00,0.000000e+00
1.000000e+00,0.000000e+00,0.000000e+00,0.000000e+00,0.000000e+00,0.000000e+00,0.000000e+00,0.000000e+00,0.000000e+00,0.000000e+00,0.000000e+00,0.000000e+00,0.000000e+00,0.000000e+00,0.000000e+00
1.000000e+00,0.000000e+00,0.000000e+00,0.000000e+00,0.000000e+00,0.000000e+00,0.000000e+00,0.000000e+00,0.000000e+00,0.000000e+00,0.000000e+00,0.000000e+00,0.000000e+00,0.000000e+00,0.000000e+00
1.000000e+00,0.000000e+00,0.000000e+00,0.000000e+00,0.000000e+00,0.000000e+00,0.000000e+00,0.000000e+00,0.000000e+00,0.000000e+00,0.000000e+00,0.000000e+00,0.000000e+00,0.000000e+00,0.000000e+00
1.000000e+00,0.000000e+00,0.000000e+00,0.000000e+00,0.000000e+00,0.000000e+00,0.000000e+00,0.000000e+00,0.000000e+00,0.000000e+00,0.000000e+00,0.000000e+00,0.000000e+00,0.000000e+00,0.000000e+00
1.000000e+00,0.000000e+00,0.000000e+00,0.000000e+00,0.000000e+00,0.000000e+00,0.000000e+00,0.000000e+00,0.000000e+00,0.000000e+00,0.000000e+00,0.000000e+00,0.000000e+00,0.000000e+00,0.000000e+00
1.000000e+00,0.000000e+00,0.000000e+00,0.000000e+00,0.000000e+00,0.000000e+00,0.000000e+00,0.000000e+00,0.000000e+00,0.000000e+00,0.000000e+00,0.000000e+00,0.000000e+00,0.000000e+00,0.000000e+00
1.000000e+00,0.000000e+00,0.000000e+00,0.000000e+00,0.000000e+00,0.000000e+00,0.000000e+00,0.000000e+00,0.000000e+00,0.000000e+00,0.000000e+00,0.000000e+00,0.000000e+00,0.000000e+00,0.000000e+00
1.000000e+00,0.000000e+00,0.000000e+00,0.000000e+00,0.000000e+00,0.000000e+00,0.000000e+00,0.000000e+00,0.000000e+00,0.000000e+00,0.000000e+00,0.000000e+00,0.000000e+00,0.000000e+00,0.000000e+00
1.000000e+00,0.000000e+00,0.000000e+00,0.000000e+00,0.000000e+00,0.000000e+00,0.000000e+00,0.000000e+00,0.000000e+00,0.000000e+00,0.000000e+00,0.000000e+00,0.000000e+00,0.000000e+00,0.000000e+00
1.000000e+00,0.000000e+00,0.000000e+00,0.000000e+00,0.000000e+00,0.000000e+00,0.000000e+00,0.000000e+00,0.000000e+00,0.000000e+00,0.000000e+00,0.000000e+00,0.000000e+00,0.000000e+00,0.000000e+00
1.000000e+00,0.000000e+00,0.000000e+00,0.000000e+00,0.000000e+00,0.000000e+00,0.000000e+00,0.000000e+00,0.000000e+00,0.000000e+00,0.000000e+00,0.000000e+00,0.000000e+00,0.000000e+00,0.000000e+00
1.000000e+00,0.000000e+00,0.000000e+00,0.000000e+00,0.000000e+00,0.000000e+00,0.000000e+00,0.000000e+00,0.000000e+00,0.000000e+00,0.000000e+00,0.000000e+00,0.000000e+00,0.000000e+00,0.000000e+00
1.000000e+00,0.000000e+00,0.000000e+00,0.000000e+00,0.000000e+00,0.000000e+00,0.000000e+00,0.000000e+00,0.000000e+00,0.000000e+00,0.000000e+00,0.000000e+00,0.000000e+00,0.000000e+00,0.000000e+00
1.000000e+00,0.000000e+00,0.000000e+00,0.000000e+00,0.000000e+00,0.000000e+00,0.000000e+00,0.000000e+00,0.000000e+00,0.000000e+00,0.000000e+00,0.000000e+00,0.000000e+00,0.000000e+00,0.000000e+00
1.000000e+00,0.000000e+00,0.000000e+00,0.000000e+00,0.000000e+00,0.000000e+00,0.000000e+00,0.000000e+00,0.000000e+00,0.000000e+00,0.000000e+00,0.000000e+00,0.000000e+00,0.000000e+00,0.000000e+00
1.000000e+00,0.000000e+00,0.000000e+00,0.000000e+00,0.000000e+00,0.000000e+00,0.000000e+00,0.000000e+00,0.000000e+00,0.000000e+00,0.000000e+00,0.000000e+00,0.000000e+00,0.000000e+00,0.000000e+00
1.000000e+00,0.000000e+00,0.000000e+00,0.000000e+00,0.000000e+00,0.000000e+00,0.000000e+00,0.000000e+00,0.000000e+00,0.000000e+00,0.000000e+00,0.000000e+00,0.000000e+00,0.000000e+00,0.000000e+00
1.000000e+00,0.000000e+00,0.000000e+00,0.000000e+00,0.000000e+00,0.000000e+00,0.000000e+00,0.000000e+00,0.000000e+00,0.000000e+00,0.000000e+00,0.000000e+00,0.000000e+00,0.000000e+00,0.000000e+00
1.000000e+00,0.000000e+00,0.000000e+00,0.000000e+00,0.000000e+00,0.000000e+00,0.000000e+00,0.000000e+00,0.000000e+00,0.000000e+00,0.000000e+00,0.000000e+00,0.000000e+00,0.000000e+00,0.000000e+00
1.000000e+00,0.000000e+00,0.000000e+00,0.000000e+00,0.000000e+00,0.000000e+00,0.000000e+00,0.000000e+00,0.000000e+00,0.000000e+00,0.000000e+00,0.000000e+00,0.000000e+00,0.000000e+00,0.000000e+00
1.000000e+00,0.000000e+00,0.000000e+00,0.000000e+00,0.000000e+00,0.000000e+00,0.000000e+00,0.000000e+00,0.000000e+00,0.000000e+00,0.000000e+00,0.000000e+00,0.000000e+00,0.000000e+00,0.000000e+00
1.000000e+00,0.000000e+00,0.000000e+00,0.000000e+00,0.000000e+00,0.000000e+00,0.000000e+00,0.000000e+00,0.000000e+00,0.000000e+00,0.000000e+00,0.000000e+00,0.000000e+00,0.000000e+00,0.000000e+00
1.000000e+00,0.000000e+00,0.000000e+00,0.000000e+00,0.000000e+00,0.000000e+00,0.000000e+00,0.000000e+00,0.000000e+00,0.000000e+00,0.000000e+00,0.000000e+00,0.000000e+00,0.000000e+00,0.000000e+00
1.000000e+00,0.000000e+00,0.000000e+00,0.000000e+00,0.000000e+00,0.000000e+00,0.000000e+00,0.000000e+00,0.000000e+00,0.000000e+00,0.000000e+00,0.000000e+00,0.000000e+00,0.000000e+00,0.000000e+00
1.000000e+00,0.000000e+00,0.000000e+00,0.000000e+00,0.000000e+00,0.000000e+00,0.000000e+00,0.000000e+00,0.000000e+00,0.000000e+00,0.000000e+00,0.000000e+00,0.000000e+00,0.000000e+00,0.000000e+00
1.000000e+00,0.000000e+00,0.000000e+00,0.000000e+00,0.000000e+00,0.000000e+00,0.000000e+00,0.000000e+00,0.000000e+00,0.000000e+00,0.000000e+00,0.000000e+00,0.000000e+00,0.000000e+00,0.000000e+00
1.000000e+00,0.000000e+00,0.000000e+00,0.000000e+00,0.000000e+00,0.000000e+00,0.000000e+00,0.000000e+00,0.000000e+00,0.000000e+00,0.000000e+00,0.000000e+00,0.000000e+00,0.000000e+00,0.000000e+00
1.000000e+00,0.000000e+00,0.000000e+00,0.000000e+00,0.000000e+00,0.000000e+00,0.000000e+00,0.000000e+00,0.000000e+00,0.000000e+00,0.000000e+00,0.000000e+00,0.000000e+00,0.000000e+00,0.000000e+00
1.000000e+00,0.000000e+00,0.000000e+00,0.000000e+00,0.000000e+00,0.000000e+00,0.000000e+00,0.000000e+00,0.000000e+00,0.000000e+00,0.000000e+00,0.000000e+00,0.000000e+00,0.000000e+00,0.000000e+00
1.000000e+00,0.000000e+00,0.000000e+00,0.000000e+00,0.000000e+00,0.000000e+00,0.000000e+00,0.000000e+00,0.000000e+00,0.000000e+00,0.000000e+00,0.000000e+00,0.000000e+00,0.000000e+00,0.000000e+00
1.000000e+00,0.000000e+00,0.000000e+00,0.000000e+00,0.000000e+00,0.000000e+00,0.000000e+00,0.000000e+00,0.000000e+00,0.000000e+00,0.000000e+00,0.000000e+00,0.000000e+00,0.000000e+00,0.000000e+00
1.000000e+00,0.000000e+00,0.000000e+00,0.000000e+00,0.000000e+00,0.000000e+00,0.000000e+00,0.000000e+00,0.000000e+00,0.000000e+00,0.000000e+00,0.000000e+00,0.000000e+00,0.000000e+00,0.000000e+00
1.000000e+00,0.000000e+00,0.000000e+00,0.000000e+00,0.000000e+00,0.000000e+00,0.000000e+00,0.000000e+00,0.000000e+00,0.000000e+00,0.000000e+00,0.000000e+00,0.000000e+00,0.000000e+00,0.000000e+00
1.000000e+00,0.000000e+00,0.000000e+00,0.000000e+00,0.000000e+00,0.000000e+00,0.000000e+00,0.000000e+00,0.000000e+00,0.000000e+00,0.000000e+00,0.000000e+00,0.000000e+00,0.000000e+00,0.000000e+00
1.000000e+00,0.000000e+00,0.000000e+00,0.000000e+00,0.000000e+00,0.000000e+00,0.000000e+00,0.000000e+00,0.000000e+00,0.000000e+00,0.000000e+00,0.000000e+00,0.000000e+00,0.000000e+00,0.000000e+00
1.000000e+00,0.000000e+00,0.000000e+00,0.000000e+00,0.000000e+00,0.000000e+00,0.000000e+00,0.000000e+00,0.000000e+00,0.000000e+00,0.000000e+00,0.000000e+00,0.000000e+00,0.000000e+00,0.000000e+00
1.000000e+00,0.000000e+00,0.000000e+00,0.000000e+00,0.000000e+00,0.000000e+00,0.000000e+00,0.000000e+00,0.000000e+00,0.000000e+00,0.000000e+00,0.000000e+00,0.000000e+00,0.000000e+00,0.000000e+00
1.000000e+00,0.000000e+00,0.000000e+00,0.000000e+00,0.000000e+00,0.000000e+00,0.000000e+00,0.000000e+00,0.000000e+00,0.000000e+00,0.000000e+00,0.000000e+00,0.000000e+00,0.000000e+00,0.000000e+00
1.000000e+00,0.000000e+00,0.000000e+00,0.000000e+00,0.000000e+00,0.000000e+00,0.000000e+00,0.000000e+00,0.000000e+00,0.000000e+00,0.000000e+00,0.000000e+00,0.000000e+00,0.000000e+00,0.000000e+00
1.000000e+00,0.000000e+00,0.000000e+00,0.000000e+00,0.000000e+00,0.000000e+00,0.000000e+00,0.000000e+00,0.000000e+00,0.000000e+00,0.000000e+00,0.000000e+00,0.000000e+00,0.000000e+00,0.000000e+00
1.000000e+00,0.000000e+00,0.000000e+00,0.000000e+00,0.000000e+00,0.000000e+00,0.000000e+00,0.000000e+00,0.000000e+00,0.000000e+00,0.000000e+00,0.000000e+00,0.000000e+00,0.000000e+00,0.000000e+00
1.000000e+00,0.000000e+00,0.000000e+00,0.000000e+00,0.000000e+00,0.000000e+00,0.000000e+00,0.000000e+00,0.000000e+00,0.000000e+00,0.000000e+00,0.000000e+00,0.000000e+00,0.000000e+00,0.000000e+00
1.000000e+00,0.000000e+00,0.000000e+00,0.000000e+00,0.000000e+00,0.000000e+00,0.000000e+00,0.000000e+00,0.000000e+00,0.000000e+00,0.000000e+00,0.000000e+00,0.000000e+00,0.000000e+00,0.000000e+00
1.000000e+00,0.000000e+00,0.000000e+00,0.000000e+00,0.000000e+00,0.000000e+00,0.000000e+00,0.000000e+00,0.000000e+00,0.000000e+00,0.000000e+00,0.000000e+00,0.000000e+00,0.000000e+00,0.000000e+00
4.646441e-01,7.659315e-03,1.679447e-02,3.300090e-02,7.761396e-03,1.159830e-02,6.581884e-03,4.158615e-01,1.970418e-03,6.163754e-04,4.570852e-03,1.305995e-02,9.592612e-03,1.019016e-03,5.268998e-03
3.258141e-01,5.425585e-03,1.372759e-02,2.385514e-02,6.561403e-03,8.339170e-03,1.620060e-02,5.743790e-01,1.394709e-03,4.383924e-04,3.232212e-03,9.161376e-03,7.019761e-03,7.362081e-04,3.714706e-03
2.282539e-01,3.841087e-03,1.016747e-02,1.705285e-02,5.943100e-03,6.730403e-03,1.483649e-01,5.602977e-01,9.843569e-04,3.435539e-04,2.300805e-03,6.446392e-03,6.110164e-03,5.390069e-04,2.624233e-03
1.600258e-01,2.788430e-03,8.080827e-03,1.227686e-02,5.811604e-03,6.268378e-03,1.768318e-01,5.860589e-01,8.296200e-04,1.090882e-03,8.177739e-03,8.651979e-03,1.668991e-02,1.891491e-03,4.525761e-03
1.121882e-01,2.033375e-03,5.713333e-03,9.474844e-03,4.522380e-03,4.803197e-03,2.496659e-01,4.367429e-01,1.271641e-03,1.944020e-03,1.201283e-02,3.735588e-02,1.080178e-01,3.418758e-03,1.083494e-02
7.857033e-02,1.441411e-03,4.002502e-03,6.873854e-03,3.367140e-03,3.679686e-03,4.017246e-01,3.075895e-01,1.111301e-03,1.650129e-03,1.331019e-02,6.160675e-02,1.021457e-01,3.240800e-03,9.686057e-03
5.507170e-02,1.068270e-03,2.803163e-03,4.868423e-03,2.936212e-03,2.956755e-03,4.756660e-01,2.155005e-01,8.407081e-04,1.922064e-03,3.248046e-02,1.067854e-01,8.397241e-02,4.260274e-03,8.867649e-03
3.903635e-02,8.667118e-04,1.972685e-03,3.436798e-03,2.410854e-03,2.461087e-03,3.569406e-01,1.509385e-01,6.969973e-04,1.605094e-03,8.044386e-02,2.826000e-01,6.488977e-02,5.381475e-03,6.319195e-03
2.769535e-02,6.833716e-04,1.390285e-03,2.445977e-03,1.882627e-03,2.293554e-03,2.652985e-01,1.057512e-01,6.139334e-04,1.739921e-03,1.075138e-01,4.242046e-01,4.859422e-02,5.390578e-03,4.502081e-03
2.003227e-02,5.276098e-04,1.001397e-03,1.758351e-03,1.556858e-03,2.162775e-03,1.903761e-01,7.436552e-02,6.933336e-04,3.593613e-03,9.911671e-02,5.590929e-01,3.583845e-02,6.560605e-03,3.323508e-03
1.582224e-02,4.999948e-04,7.852578e-04,1.293933e-03,1.626251e-03,2.390820e-03,1.350483e-01,5.287518e-02,1.111523e-03,6.719708e-03,1.061042e-01,6.335788e-01,2.789251e-02,1.154460e-02,2.706717e-03
1.144871e-02,4.581302e-04,6.186377e-04,9.611571e-04,1.363542e-03,1.883018e-03,9.491445e-02,3.747717e-02,3.309887e-03,6.470011e-03,1.558678e-01,6.479036e-01,2.059519e-02,1.462297e-02,2.105739e-03
8.521935e-03,3.848693e-04,5.384245e-04,7.191231e-04,1.264545e-03,1.966299e-03,6.675975e-02,2.702736e-02,4.650851e-03,5.648044e-03,2.547314e-01,5.878415e-01,1.480315e-02,2.348220e-02,1.660519e-03
6.163085e-03,3.336481e-04,4.964363e-04,5.500994e-04,1.115895e-03,1.906936e-03,4.681395e-02,1.921378e-02,6.079633e-03,4.582521e-03,3.304937e-01,5.388998e-01,1.055821e-02,3.154818e-02,1.244055e-03
4.559725e-03,3.569602e-04,4.567732e-04,4.511876e-04,1.298426e-03,1.559678e-03,3.277917e-02,1.350138e-02,1.080193e-02,3.595648e-03,3.350119e-01,5.448985e-01,7.482901e-03,4.229885e-02,9.470146e-04
3.451084e-03,7.913623e-04,5.776059e-04,4.369720e-04,2.141160e-03,1.312914e-03,2.295309e-02,9.510132e-03,2.570400e-02,3.997471e-03,3.377185e-01,5.373073e-01,5.333168e-03,4.798406e-02,7.810466e-04
2.600522e-03,1.133766e-03,5.851706e-04,4.204716e-04,2.970349e-03,1.657289e-03,1.610290e-02,6.718732e-03,2.547578e-02,6.954127e-03,3.997834e-01,4.835230e-01,4.025049e-03,4.738784e-02,6.616427e-04
1.945320e-03,1.186494e-03,4.968934e-04,3.581836e-04,3.398270e-03,1.303919e-03,1.128179e-02,4.711836e-03,2.225803e-02,1.851627e-02,4.841681e-01,3.730734e-01,3.307415e-03,7.345435e-02,5.396936e-04
1.600095e-03,1.149566e-03,4.602392e-04,3.389691e-04,3.628704e-03,1.130432e-03,7.919430e-03,3.331157e-03,2.034611e-02,2.471400e-02,5.431690e-01,2.764925e-01,2.877807e-03,1.123630e-01,4.789905e-04
1.571691e-03,1.305915e-03,6.513241e-04,3.010655e-04,3.679022e-03,1.750343e-03,5.611549e-03,2.450359e-03,1.786210e-02,2.720735e-02,5.908108e-01,2.013929e-01,3.379046e-03,1.413512e-01,6.753673e-04
1.620084e-03,2.084926e-03,8.638368e-04,2.800561e-04,4.704599e-03,2.199402e-03,4.051098e-03,1.813422e-03,1.596681e-02,2.961434e-02,6.187105e-01,1.483022e-01,3.871174e-03,1.649761e-01,9.415845e-04
1.268132e-03,8.025941e-03,7.823145e-04,3.598122e-04,3.657972e-02,4.976613e-03,3.313010e-03,1.333693e-03,1.531242e-02,3.444437e-02,6.372573e-01,1.098026e-01,3.710892e-03,1.407135e-01,2.119613e-03
1.490390e-03,8.688237e-03,1.518791e-03,4.515523e-04,7.465051e-02,1.111396e-02,1.604522e-02,2.989156e-03,3.727300e-02,5.200959e-02,5.792959e-01,8.445320e-02,5.573940e-03,1.210583e-01,3.388243e-03
1.833111e-03,4.204389e-02,1.051558e-02,6.696128e-04,1.157065e-01,3.339984e-02,2.548906e-02,5.501539e-03,7.267867e-02,6.133296e-02,4.529808e-01,6.554338e-02,4.860375e-03,9.824836e-02,9.196249e-03
5.400117e-03,3.027949e-02,1.175005e-01,8.649359e-03,1.268712e-01,2.612790e-02,2.381437e-02,9.031446e-02,5.749496e-02,5.566946e-02,3.255256e-01,4.857072e-02,4.316996e-03,7.210299e-02,7.361771e-03
5.368034e-03,2.411707e-02,3.554794e-01,8.716313e-03,9.914734e-02,1.987120e-02,1.780642e-02,6.509310e-02,4.095927e-02,4.083991e-02,2.286222e-01,3.426740e-02,3.178979e-03,5.067118e-02,5.862114e-03
5.557270e-03,1.799630e-02,5.295869e-01,7.788564e-03,7.528725e-02,1.508946e-02,1.391109e-02,4.803440e-02,2.904949e-02,3.001482e-02,1.604920e-01,2.421248e-02,2.733999e-03,3.553655e-02,4.709509e-03
6.306554e-03,1.516695e-02,6.204956e-01,9.657422e-03,7.784598e-02,1.343788e-02,1.266993e-02,3.552709e-02,2.152937e-02,2.146309e-02,1.126468e-01,1.718935e-02,6.267751e-03,2.496078e-02,4.835486e-03
1.730738e-02,1.567797e-02,6.104665e-01,1.032463e-02,1.220926e-01,1.563743e-02,1.396177e-02,2.568293e-02,2.596864e-02,1.584685e-02,8.039279e-02,1.279732e-02,8.262292e-03,1.785920e-02,7.721786e-03
4.305192e-02,1.973876e-02,5.237950e-01,2.687809e-02,1.706882e-01,1.866213e-02,1.196692e-02,1.910931e-02,2.713646e-02,1.592880e-02,6.138185e-02,1.151662e-02,9.958746e-03,1.614589e-02,2.404137e-02
8.538065e-02,3.948938e-02,4.322231e-01,3.150925e-02,2.009694e-01,3.336757e-02,1.084214e-02,1.376918e-02,2.181736e-02,1.400732e-02,4.733766e-02,1.016675e-02,1.133312e-02,1.590477e-02,3.188243e-02
1.389237e-01,6.365011e-02,3.685135e-01,3.683253e-02,1.855568e-01,4.205446e-02,8.888421e-03,1.099418e-02,1.648205e-02,2.167083e-02,3.590591e-02,9.437952e-03,9.840055e-03,1.403898e-02,3.721061e-02
1.758616e-01,7.049300e-02,3.164175e-01,5.894471e-02,1.790828e-01,4.647601e-02,7.200155e-03,8.801437e-03,1.322852e-02,1.865931e-02,3.045465e-02,1.712453e-02,1.250292e-02,1.366236e-02,3.109056e-02
1.915818e-01,8.034835e-02,2.502954e-01,6.928268e-02,1.756280e-01,5.556942e-02,6.524459e-03,7.761980e-03,1.235915e-02,2.283815e-02,2.651514e-02,3.736793e-02,2.051771e-02,1.590171e-02,2.750807e-02
1.664013e-01,1.174316e-01,2.056661e-01,5.744461e-02,1.304526e-01,4.972179e-02,8.334315e-03,7.156862e-03,1.114970e-02,2.950674e-02,2.661398e-02,7.503846e-02,7.626564e-02,1.326178e-02,2.555441e-02
1.253837e-01,1.133741e-01,1.485388e-01,4.904882e-02,9.897471e-02,5.813612e-02,1.728856e-02,6.071113e-03,1.960830e-02,7.874424e-02,2.353008e-02,6.301032e-02,1.357044e-01,1.296341e-02,4.962330e-02
8.917093e-02,8.513154e-02,1.052987e-01,3.695114e-02,7.050968e-02,5.150112e-02,1.786817e-02,4.713941e-03,3.952276e-02,1.562031e-01,2.766835e-02,5.453859e-02,1.700692e-01,1.471856e-02,7.613426e-02
6.414017e-02,6.276730e-02,8.125588e-02,8.611682e-02,5.204188e-02,3.988399e-02,1.638733e-02,3.568443e-03,6.056949e-02,2.497051e-01,3.476483e-02,4.280631e-02,1.344405e-01,1.203508e-02,5.951692e-02
4.881475e-02,4.653108e-02,6.046845e-02,7.375237e-02,3.852406e-02,3.027868e-02,1.221233e-02,3.554522e-03,7.069324e-02,2.212489e-01,6.681912e-02,5.325881e-02,2.002690e-01,1.135773e-02,6.221698e-02
3.481613e-02,3.776156e-02,4.726887e-02,5.944733e-02,2.865138e-02,2.702961e-02,1.025581e-02,3.288139e-03,7.286494e-02,2.634600e-01,6.278105e-02,6.531793e-02,2.071996e-01,1.145854e-02,6.839910e-02
2.457142e-02,3.292193e-02,3.497735e-02,4.380911e-02,2.128298e-02,2.046883e-02,7.501977e-03,2.818137e-03,1.257182e-01,3.405619e-01,5.367813e-02,5.268251e-02,1.717478e-01,8.876091e-03,5.838370e-02
1.740978e-02,2.309626e-02,2.479226e-02,3.110377e-02,1.628343e-02,1.557217e-02,6.238561e-03,1.794432e-02,9.064878e-02,4.790656e-01,3.929780e-02,3.760450e-02,1.339731e-01,6.343341e-03,6.062637e-02
1.280847e-02,1.684615e-02,1.830916e-02,2.428867e-02,1.205480e-02,1.505956e-02,5.682715e-03,1.538203e-02,1.251777e-01,4.748741e-01,3.094417e-02,2.726617e-02,1.258267e-01,5.334741e-03,9.014485e-02
9.682775e-03,1.436047e-02,1.597742e-02,2.008768e-02,1.070006e-02,2.369659e-02,7.804001e-03,1.232503e-02,1.056780e-01,4.729015e-01,2.710488e-02,2.372904e-02,1.175186e-01,4.258601e-03,1.341753e-01
7.154751e-03,1.118174e-02,1.265884e-02,1.443394e-02,9.877061e-03,1.758325e-02,6.812596e-03,9.140707e-03,8.052903e-02,4.983690e-01,2.293015e-02,1.902042e-02,1.028727e-01,3.531306e-03,1.839046e-01
5.439831e-03,8.332579e-03,9.724153e-03,1.090346e-02,8.807216e-03,1.425005e-02,5.584608e-03,8.302819e-03,7.511660e-02,5.767664e-01,2.133754e-02,1.451193e-02,8.361498e-02,3.362190e-03,1.539456e-01
4.776873e-03,6.069690e-03,7.746828e-03,8.528469e-03,9.002249e-03,1.139078e-02,4.671336e-03,1.572359e-02,6.196840e-02,5.748316e-01,2.643424e-02,1.200211e-02,1.002819e-01,3.308631e-03,1.532633e-01
4.592805e-03,4.459439e-03,7.243407e-03,6.469013e-03,1.250326e-02,8.594451e-03,5.854912e-03,1.171287e-01,4.924062e-02,5.184456e-01,2.506623e-02,9.937474e-03,9.892203e-02,3.828944e-03,1.277132e-01
5.155016e-03,3.292819e-03,6.247229e-03,5.294457e-03,1.312420e-02,7.477757e-03,5.713073e-03,1.186695e-01,3.844581e-02,5.144966e-01,2.704789e-02,1.000388e-02,1.306435e-01,4.393409e-03,1.099948e-01
4.077487e-03,2.387690e-03,5.835681e-03,6.335494e-03,1.637748e-02,5.445123e-03,4.521917e-03,1.795721e-01,3.294135e-02,4.263998e-01,3.581010e-02,1.397823e-02,1.619150e-01,4.733746e-03,9.966871e-02
3.747316e-03,2.104748e-03,8.938774e-03,1.176801e-02,2.415258e-02,4.042521e-03,4.015751e-03,2.304796e-01,3.099776e-02,3.392822e-01,3.875874e-02,1.393551e-02,1.712996e-01,5.727736e-03,1.107492e-01
9.540011e-03,2.594788e-03,3.911632e-02,2.530221e-02,7.037857e-02,3.408810e-03,4.018393e-03,2.054574e-01,2.928383e-02,2.780739e-01,5.089762e-02,1.299711e-02,1.635756e-01,5.160904e-03,1.001946e-01
1.545579e-02,1.096488e-02,1.090345e-01,2.698261e-02,1.547064e-01,4.552566e-03,8.820441e-03,1.494482e-01,5.722123e-02,2.084575e-01,4.345416e-02,1.174964e-02,1.241358e-01,3.772562e-03,7.124379e-02
1.530907e-02,2.332350e-02,2.158367e-01,7.677332e-02,1.519179e-01,4.523463e-03,8.805675e-03,1.064390e-01,6.295954e-02,1.495727e-01,3.236340e-02,9.331679e-03,8.841384e-02,2.705935e-03,5.172415e-02
1.352311e-02,1.941346e-02,2.685354e-01,1.900382e-01,1.141637e-01,3.816986e-03,6.600277e-03,7.626689e-02,6.790923e-02,1.076753e-01,2.346456e-02,7.313946e-03,6.251042e-02,1.908606e-03,3.685993e-02
1.561410e-02,1.930964e-02,3.214399e-01,2.174459e-01,9.119385e-02,4.221948e-03,6.337310e-03,5.440205e-02,9.135509e-02,8.216718e-02,1.737197e-02,5.795775e-03,4.447469e-02,1.370342e-03,2.750029e-02
1.196907e-02,1.650902e-02,3.864752e-01,2.664208e-01,6.482486e-02,3.562497e-03,4.526096e-03,3.842214e-02,7.426125e-02,6.191958e-02,1.298085e-02,4.384890e-03,3.166377e-02,9.739492e-04,2.110609e-02
1.535544e-02,1.871346e-02,4.250847e-01,2.511272e-01,5.079080e-02,3.125778e-03,3.733947e-03,2.880196e-02,9.040776e-02,4.962967e-02,1.488208e-02,3.837128e-03,2.384743e-02,7.533797e-04,1.990934e-02
2.542275e-02,2.573325e-02,4.027491e-01,1.956010e-01,5.510947e-02,5.450324e-03,3.967303e-03,2.504276e-02,1.531182e-01,4.243775e-02,1.307972e-02,3.124814e-03,1.724846e-02,5.756343e-04,3.133946e-02
5.040457e-02,2.978934e-02,3.883345e-01,1.960877e-01,5.197030e-02,5.658914e-03,4.534987e-03,3.534892e-02,1.468408e-01,3.367473e-02,1.027317e-02,2.783919e-03,1.252252e-02,4.705584e-04,3.130511e-02
5.610568e-02,2.418081e-02,3.035650e-01,1.511835e-01,5.226163e-02,4.656243e-03,4.048002e-03,1.738267e-01,1.628551e-01,2.457985e-02,8.443177e-03,2.204953e-03,9.276905e-03,3.855990e-04,2.242674e-02
4.571354e-02,1.747708e-02,2.202182e-01,1.163354e-01,4.197769e-02,3.599555e-03,3.142251e-03,3.827483e-01,1.203638e-01,1.753921e-02,6.325583e-03,1.639008e-03,6.651935e-03,2.903806e-04,1.597805e-02
3.770774e-02,1.254431e-02,1.569454e-01,8.624830e-02,3.319810e-02,2.878275e-03,2.276205e-03,5.475067e-01,8.544037e-02,1.253195e-02,5.033504e-03,1.235759e-03,4.839571e-03,2.479323e-04,1.136590e-02
3.165549e-02,8.909467e-03,1.114371e-01,6.478644e-02,2.536523e-02,2.292514e-03,1.626802e-03,6.683589e-01,6.016226e-02,8.851006e-03,3.888428e-03,9.324292e-04,3.492401e-03,1.950972e-04,8.046436e-03
2.599790e-02,6.409683e-03,7.921819e-02,4.751521e-02,1.905832e-02,1.812919e-03,1.165124e-03,7.577609e-01,4.241816e-02,6.263359e-03,3.148887e-03,7.609071e-04,2.585889e-03,1.542441e-04,5.730292e-03
2.232085e-02,4.858417e-03,5.646115e-02,3.441069e-02,1.526099e-02,1.527951e-03,8.513377e-04,8.199826e-01,3.024018e-02,4.429230e-03,2.810398e-03,6.367950e-04,1.956385e-03,1.303958e-04,4.122600e-03
2.307686e-02,3.690026e-03,4.125644e-02,2.581597e-02,1.216288e-02,1.316736e-03,6.464790e-04,8.594456e-01,2.152618e-02,3.163757e-03,2.656635e-03,5.607095e-04,1.528197e-03,1.214089e-04,3.032164e-03
3.278232e-02,4.399031e-03,2.952071e-02,1.849137e-02,9.255828e-03,1.304166e-03,5.888208e-04,8.770168e-01,1.709249e-02,2.284781e-03,2.611458e-03,7.613193e-04,1.330151e-03,1.540616e-04,2.406780e-03
5.321692e-02,1.489395e-02,2.522374e-02,1.462949e-02,7.073232e-03,2.663951e-03,6.032392e-04,8.303706e-01,2.673217e-02,7.285344e-03,6.804399e-03,1.981976e-03,3.286364e-03,4.034359e-04,4.831201e-03
5.417807e-02,3.100078e-02,6.096625e-02,1.389705e-02,7.630522e-03,2.837479e-03,9.953354e-04,7.042336e-01,6.456206e-02,2.472123e-02,7.380297e-03,3.908617e-03,1.084174e-02,7.068529e-04,1.214011e-02
5.527421e-02,3.523846e-02,5.395897e-02,1.279003e-02,6.368211e-03,2.823372e-03,9.365556e-04,6.153259e-01,1.182599e-01,4.940011e-02,8.633117e-03,3.855601e-03,1.419084e-02,1.123176e-03,2.182154e-02
5.042257e-02,1.073838e-01,7.435878e-02,1.272170e-02,5.551799e-03,2.560681e-03,7.482049e-04,4.440698e-01,1.866199e-01,5.679900e-02,9.721388e-03,3.412355e-03,1.427553e-02,2.818945e-03,2.853552e-02
6.055567e-02,8.975026e-02,5.700547e-02,1.647141e-02,5.014358e-03,2.397778e-03,7.835777e-04,3.295610e-01,2.167345e-01,4.582808e-02,3.416545e-02,4.301501e-03,2.831481e-02,5.705432e-03,1.034106e-01
6.073392e-02,6.861216e-02,4.193145e-02,1.536036e-02,4.100251e-03,2.246051e-03,7.959142e-04,2.381939e-01,2.315920e-01,4.120564e-02,4.423845e-02,4.599223e-03,4.080276e-02,7.931517e-03,1.976563e-01
5.251382e-02,5.626172e-02,3.443796e-02,1.642957e-02,4.046975e-03,1.905543e-03,8.633300e-04,1.699574e-01,2.211887e-01,3.544502e-02,4.497256e-02,8.505018e-03,8.128363e-02,7.999015e-03,2.641897e-01
4.041406e-02,4.083152e-02,2.709669e-02,1.523344e-02,3.495875e-03,1.594972e-03,7.631224e-04,1.326711e-01,1.647244e-01,2.757479e-02,5.412418e-02,7.940281e-03,1.105074e-01,7.720949e-03,3.653072e-01
3.198264e-02,3.093620e-02,2.455309e-02,1.529745e-02,5.047368e-03,1.669116e-03,9.282253e-04,1.197496e-01,1.458408e-01,2.136665e-02,4.858965e-02,9.155576e-03,1.175191e-01,7.021017e-03,4.203435e-01
2.625952e-02,2.739003e-02,3.294898e-02,1.362175e-02,7.721611e-03,1.934086e-03,1.131345e-03,1.119607e-01,2.126616e-01,1.763297e-02,4.082509e-02,9.349580e-03,9.534851e-02,7.499880e-03,3.937144e-01
2.008455e-02,2.906156e-02,3.500850e-02,1.137818e-02,7.290004e-03,2.192599e-03,1.179023e-03,8.820932e-02,2.415915e-01,1.389342e-02,3.139334e-02,7.400235e-03,7.163287e-02,7.538917e-03,4.321460e-01
1.541217e-02,2.874771e-02,3.442666e-02,3.336946e-02,1.402080e-02,2.408312e-03,9.975248e-04,6.415600e-02,3.913060e-01,1.011866e-02,2.503779e-02,6.698388e-03,5.275086e-02,5.679494e-03,3.148701e-01
1.134475e-02,4.162363e-02,3.076434e-02,2.770692e-02,1.311203e-02,4.409538e-03,8.065002e-04,4.666154e-02,5.064830e-01,8.971782e-03,2.114606e-02,5.380035e-03,3.941101e-02,4.483482e-03,2.376955e-01
8.725626e-03,4.447642e-02,3.071540e-02,2.777181e-02,1.449149e-02,6.869636e-03,6.352349e-04,3.338172e-02,5.857909e-01,1.062943e-02,2.144234e-02,5.354401e-03,2.924578e-02,4.485154e-03,1.759847e-01
9.232086e-03,5.928870e-02,3.123819e-02,2.991829e-02,1.805436e-02,9.688159e-03,7.011810e-04,2.568985e-02,6.026564e-01,1.368311e-02,2.102507e-02,9.580529e-03,2.472699e-02,6.411863e-03,1.381052e-01
2.778037e-02,6.636622e-02,4.097021e-02,2.973901e-02,2.553959e-02,1.147389e-02,9.737358e-04,2.247333e-02,5.543889e-01,1.929461e-02,2.165367e-02,9.849889e-03,2.149091e-02,8.688616e-03,1.393171e-01
8.946856e-02,5.722264e-02,3.879431e-02,2.629617e-02,3.744777e-02,1.320138e-02,1.547283e-03,2.464457e-02,5.278184e-01,1.887461e-02,2.117762e-02,1.110330e-02,1.967559e-02,7.699512e-03,1.050282e-01
1.160185e-01,5.108980e-02,3.559662e-02,2.170290e-02,6.393499e-02,2.003987e-02,2.016657e-03,3.521662e-02,5.006446e-01,1.628332e-02,1.898551e-02,9.140214e-03,1.918188e-02,7.557302e-03,8.259126e-02
1.475284e-01,5.107909e-02,5.174673e-02,9.384253e-02,6.706870e-02,1.795330e-02,1.962175e-03,5.825208e-02,3.745818e-01,1.548625e-02,1.625349e-02,8.633265e-03,1.656876e-02,6.565334e-03,7.247812e-02
1.302699e-01,3.730427e-02,4.532762e-02,8.595478e-02,6.877600e-02,1.511341e-02,2.977279e-03,2.098679e-01,2.936937e-01,1.194195e-02,1.722563e-02,7.247833e-03,1.713847e-02,5.405277e-03,5.175611e-02
9.947315e-02,2.824443e-02,4.470095e-02,7.359130e-02,6.432883e-02,1.221954e-02,3.397855e-03,3.397851e-01,2.227743e-01,1.027133e-02,2.606319e-02,8.627821e-03,2.226371e-02,4.717357e-03,3.954122e-02
9.730421e-02,2.861451e-02,4.156536e-02,6.622650e-02,5.987226e-02,1.612470e-02,5.691139e-03,3.180968e-01,1.893582e-01,1.375022e-02,7.473239e-02,1.560611e-02,3.444242e-02,4.027008e-03,3.458826e-02
1.399018e-01,3.477134e-02,3.477337e-02,6.876474e-02,5.076813e-02,2.595802e-02,8.454098e-03,2.399492e-01,1.546853e-01,1.629413e-02,8.662553e-02,1.647142e-02,8.215612e-02,3.267047e-03,3.715991e-02
2.064357e-01,5.114005e-02,4.093717e-02,5.693322e-02,4.187582e-02,3.473470e-02,9.466999e-03,1.906887e-01,1.366802e-01,1.421025e-02,7.003637e-02,2.453781e-02,7.320125e-02,6.623575e-03,4.249824e-02
2.632971e-01,3.879521e-02,3.248361e-02,4.147550e-02,3.697419e-02,3.577398e-02,7.586419e-03,1.461073e-01,1.015135e-01,1.069258e-02,5.847061e-02,2.289746e-02,1.637868e-01,7.069820e-03,3.307592e-02
2.350172e-01,2.804345e-02,2.403030e-02,2.964121e-02,3.047039e-02,2.790180e-02,6.704245e-03,1.069844e-01,7.414494e-02,8.009150e-03,5.525117e-02,2.506377e-02,3.134032e-01,7.361893e-03,2.797286e-02
1.987499e-01,2.531855e-02,1.843236e-02,2.317045e-02,2.296110e-02,2.294703e-02,5.363566e-03,7.636171e-02,5.866135e-02,6.193988e-03,4.780949e-02,7.994542e-02,3.677098e-01,2.086265e-02,2.551261e-02
1.538015e-01,1.859291e-02,1.329095e-02,1.720011e-02,1.712484e-02,2.114610e-02,4.311779e-03,5.400117e-02,4.579564e-02,4.709345e-03,4.269471e-02,1.156446e-01,4.524578e-01,2.000599e-02,1.922246e-02
1.357165e-01,1.399593e-02,9.561027e-03,1.219752e-02,1.344620e-02,1.640354e-02,4.273599e-03,3.847227e-02,3.836695e-02,3.963314e-03,3.426765e-02,1.005827e-01,5.438279e-01,1.730455e-02,1.762024e-02
1.013805e-01,1.263744e-02,9.046954e-03,8.891373e-03,1.081685e-02,1.419996e-02,3.366595e-03,2.775588e-02,3.382374e-02,6.010307e-03,2.985306e-02,1.117072e-01,5.780616e-01,2.805611e-02,2.439240e-02
7.517698e-02,1.054765e-02,1.099622e-02,7.526827e-03,9.287921e-03,1.223319e-02,2.621148e-03,2.092472e-02,4.229653e-02,9.877333e-03,2.989786e-02,1.249394e-01,5.934580e-01,2.721987e-02,2.299636e-02
8.087422e-02,1.404258e-02,1.321549e-02,7.845618e-03,1.397656e-02,1.342613e-02,2.939986e-03,1.873534e-02,1.336687e-01,1.098962e-02,2.925142e-02,1.126257e-01,4.995934e-01,2.184842e-02,2.696680e-02
6.365413e-02,1.581650e-02,1.158117e-02,6.118787e-03,2.001941e-02,3.733709e-02,3.133213e-03,1.566885e-02,2.581178e-01,8.645826e-03,2.350534e-02,8.993539e-02,4.086767e-01,1.559679e-02,2.219290e-02
5.980499e-02,1.716021e-02,1.587386e-02,1.474516e-02,2.499544e-02,4.553793e-02,2.903045e-03,1.293203e-02,3.409719e-01,8.746852e-03,1.847843e-02,6.999996e-02,3.295825e-01,1.328464e-02,2.498304e-02
6.184667e-02,1.893566e-02,2.760121e-02,1.371974e-02,2.807356e-02,5.064782e-02,3.234501e-03,1.907683e-02,3.821588e-01,1.016932e-02,1.698349e-02,5.658979e-02,2.626550e-01,1.060734e-02,3.770023e-02
6.338102e-02,2.042723e-02,2.725578e-02,1.275031e-02,3.725764e-02,8.266820e-02,3.668838e-03,1.815964e-02,4.095407e-01,8.279994e-03,1.460803e-02,4.286571e-02,2.189160e-01,7.946801e-03,3.227413e-02
5.101809e-02,2.548185e-02,2.129272e-02,9.869230e-03,3.039313e-02,7.560457e-02,3.314467e-03,1.697714e-02,5.201074e-01,6.598516e-03,1.094836e-02,3.139108e-02,1.614711e-01,5.636979e-03,2.989535e-02
4.570136e-02,3.042358e-02,2.059706e-02,2.011092e-02,2.573324e-02,8.183922e-02,3.141741e-03,2.302057e-02,5.557722e-01,7.094723e-03,9.852234e-03,2.449389e-02,1.215062e-01,4.073726e-03,2.663934e-02
5.556855e-02,5.598965e-02,1.787289e-02,3.967426e-02,2.136311e-02,6.560296e-02,2.844598e-03,1.896529e-02,5.594488e-01,1.196633e-02,8.725237e-03,1.915846e-02,9.039200e-02,3.028688e-03,2.939919e-02
7.165084e-02,5.265683e-02,1.437996e-02,3.885566e-02,2.978903e-02,7.236403e-02,4.705931e-03,2.713684e-02,5.603283e-01,9.215669e-03,6.932436e-03,1.399948e-02,7.124092e-02,2.273622e-03,2.447048e-02
1.119885e-01,5.019651e-02,1.146863e-02,3.601596e-02,6.274116e-02,1.221925e-01,5.288261e-03,2.688926e-02,4.728301e-01,6.710387e-03,5.374324e-03,1.044972e-02,5.433406e-02,1.708403e-03,2.181222e-02
1.098285e-01,6.900936e-02,2.395811e-02,1.157469e-01,6.891119e-02,1.107866e-01,6.384774e-03,2.807778e-02,3.764981e-01,6.183881e-03,4.517174e-03,8.164320e-03,3.939466e-02,1.356546e-03,3.118208e-02
9.588960e-02,5.610517e-02,3.664027e-02,2.397058e-01,7.231224e-02,1.018164e-01,1.685452e-02,2.896848e-02,2.830407e-01,5.088251e-03,4.023905e-03,6.416914e-03,2.856858e-02,9.888647e-04,2.358030e-02
6.763671e-02,3.938891e-02,2.607201e-02,1.681599e-01,5.682646e-02,7.442429e-02,2.980949e-01,2.178136e-02,1.984133e-01,3.656783e-03,2.851202e-03,4.499674e-03,2.075634e-02,6.964739e-04,1.674180e-02
4.819350e-02,2.771153e-02,1.843698e-02,1.177632e-01,4.318728e-02,5.458756e-02,4.912488e-01,2.377358e-02,1.398591e-01,2.721178e-03,2.067492e-03,3.183079e-03,1.469934e-02,5.280011e-04,1.203928e-02
3.476404e-02,1.956203e-02,1.300138e-02,8.255120e-02,3.740988e-02,3.894459e-02,6.282432e-01,1.844444e-02,9.825685e-02,3.429877e-03,1.619057e-03,2.417263e-03,1.189233e-02,4.139722e-04,9.049813e-03
2.479129e-02,1.392160e-02,9.664139e-03,5.792709e-02,3.717050e-02,3.311991e-02,6.718992e-01,1.326575e-02,6.904227e-02,3.390634e-02,3.058861e-03,1.958797e-03,1.864123e-02,4.446268e-04,1.118833e-02
1.772962e-02,1.029505e-02,7.541929e-03,4.077294e-02,4.097069e-02,2.697866e-02,6.994302e-01,9.813085e-03,4.871347e-02,5.765288e-02,4.513833e-03,1.672562e-03,1.673491e-02,6.185060e-04,1.656158e-02
1.394369e-02,1.028601e-02,7.325295e-03,2.882049e-02,5.489838e-02,3.364798e-02,5.184758e-01,7.236872e-03,3.450878e-02,2.193542e-01,4.191920e-03,1.409936e-03,1.359493e-02,1.824722e-03,5.048097e-02
1.724284e-02,1.040453e-02,1.066817e-02,2.048304e-02,4.214701e-02,8.694653e-02,4.512281e-01,9.997627e-03,2.457016e-02,1.878627e-01,3.961535e-03,1.355575e-03,1.039457e-02,2.580043e-03,1.201575e-01
3.033725e-02,1.617942e-02,1.704141e-02,1.516470e-02,3.505591e-02,1.346345e-01,3.911964e-01,9.790511e-03,1.765816e-02,1.518957e-01,3.740627e-03,1.361101e-03,8.493162e-03,3.393742e-03,1.640573e-01
3.941039e-02,2.412457e-02,3.991007e-02,1.330511e-02,3.496004e-02,1.626415e-01,3.121633e-01,7.709610e-03,1.291356e-02,1.414242e-01,3.451569e-03,1.243156e-03,6.525438e-03,3.575765e-03,1.966416e-01
3.678908e-02,2.220773e-02,4.477712e-02,9.862131e-03,2.851827e-02,3.043901e-01,2.243827e-01,5.812869e-03,9.297178e-03,1.118079e-01,3.112874e-03,1.064586e-03,4.900595e-03,7.112795e-03,1.859641e-01
3.090367e-02,1.643399e-02,3.317931e-02,7.102104e-03,2.033345e-02,4.762139e-01,1.631432e-01,4.162563e-03,6.649990e-03,8.325106e-02,5.579189e-03,9.452217e-04,3.549737e-03,1.062223e-02,1.379304e-01
3.066488e-02,1.505991e-02,1.074086e-01,9.460494e-03,1.659854e-02,3.775637e-01,1.147589e-01,3.223784e-03,6.210825e-03,1.325026e-01,1.123999e-02,2.739704e-03,3.274328e-03,1.307320e-02,1.562206e-01
3.518549e-02,1.502727e-02,1.065647e-01,8.207168e-03,1.331394e-02,3.806319e-01,8.392165e-02,2.597746e-03,6.721262e-03,1.096642e-01,7.897983e-02,1.298176e-02,4.270235e-03,2.158181e-02,1.203511e-01
2.948766e-02,1.357170e-02,1.123827e-01,6.613782e-03,1.042251e-02,2.829006e-01,6.000620e-02,2.389983e-03,1.056621e-02,2.323305e-01,8.300920e-02,1.152790e-02,4.335991e-03,4.261909e-02,9.783599e-02
2.229436e-02,1.214646e-02,1.202921e-01,5.369410e-03,7.730894e-03,2.510244e-01,4.221320e-02,1.983706e-03,4.419834e-02,1.912048e-01,1.070422e-01,1.663932e-02,4.665215e-03,9.231015e-02,8.088543e-02
1.605400e-02,9.747487e-03,9.533247e-02,4.639839e-03,5.611660e-03,1.767169e-01,2.959043e-02,1.502123e-03,2.267861e-01,2.023464e-01,8.428315e-02,1.248068e-02,4.091953e-03,6.856062e-02,6.225613e-02
1.160421e-02,8.145785e-03,6.910269e-02,3.506405e-03,4.075431e-03,1.246595e-01,2.073852e-02,1.222146e-03,3.256316e-01,1.464894e-01,8.807778e-02,9.767526e-03,4.634587e-03,1.220457e-01,6.029873e-02
9.060181e-03,1.147253e-02,4.879805e-02,2.623435e-03,3.074657e-03,8.899611e-02,1.453609e-02,8.954754e-04,4.086107e-01,1.042591e-01,7.367215e-02,7.168033e-03,3.918275e-03,1.659283e-01,5.698679e-02
6.523043e-03,1.386724e-02,3.434901e-02,2.494778e-03,2.245349e-03,6.481317e-02,1.018335e-02,6.518101e-04,5.582672e-01,7.387841e-02,5.196243e-02,5.061805e-03,3.144925e-03,1.269377e-01,4.561981e-02
4.689168e-03,1.599895e-02,2.464906e-02,6.949352e-03,1.676286e-03,4.583729e-02,7.140095e-03,4.709100e-04,6.722714e-01,5.203050e-02,3.765909e-02,4.067597e-03,2.895052e-03,9.035035e-02,3.331489e-02
5.372371e-03,2.812656e-02,2.214452e-02,8.347996e-03,1.632691e-03,3.391829e-02,5.044434e-03,5.995928e-04,5.732684e-01,3.972575e-02,5.125408e-02,4.695801e-03,7.947542e-03,1.018353e-01,1.160866e-01
5.795349e-03,2.478240e-02,1.675258e-02,7.130386e-03,2.906891e-03,3.122474e-02,3.848410e-03,1.588556e-03,5.005645e-01,2.980012e-02,5.544993e-02,7.569348e-03,3.307524e-02,1.115429e-01,1.679686e-01
4.646736e-03,2.745354e-02,1.279337e-02,5.418180e-03,3.292766e-03,4.673015e-02,2.850806e-03,1.764548e-03,4.824467e-01,2.382547e-02,5.055270e-02,7.287507e-03,4.024853e-02,1.178550e-01,1.728339e-01
3.728312e-03,3.909254e-02,1.102799e-02,1.022354e-02,5.435744e-03,4.183380e-02,2.194469e-03,1.381493e-03,5.057539e-01,1.869722e-02,4.442596e-02,6.044845e-03,3.347123e-02,8.549494e-02,1.911940e-01
3.720087e-03,4.259382e-02,9.801204e-03,9.577952e-03,6.421560e-03,3.531175e-02,1.626738e-03,1.556651e-03,3.986041e-01,1.601401e-02,4.971126e-02,6.592528e-03,3.340635e-02,7.056715e-02,3.144948e-01
1.088187e-02,3.810998e-02,9.821670e-03,2.744892e-02,4.042487e-02,3.108961e-02,1.527989e-03,4.087532e-03,3.560703e-01,1.405539e-02,6.213103e-02,1.216385e-02,5.724709e-02,6.176720e-02,2.731727e-01
9.700352e-03,3.650656e-02,1.279232e-02,3.167561e-02,7.110712e-02,2.600169e-02,1.410955e-03,5.803252e-03,3.557206e-01,1.640969e-02,5.254819e-02,9.490868e-03,4.772639e-02,5.186506e-02,2.712414e-01
8.830879e-03,3.099090e-02,1.133813e-02,2.447807e-02,8.256069e-02,2.755952e-02,1.159463e-03,4.790765e-03,3.120072e-01,1.493747e-02,4.371609e-02,6.831397e-03,3.597069e-02,3.962169e-02,3.552070e-01
1.277819e-02,3.407274e-02,1.332416e-02,3.393822e-02,7.586817e-02,2.809453e-02,1.127691e-03,5.636909e-03,2.860636e-01,2.407459e-02,3.519459e-02,5.194198e-03,2.768065e-02,3.525313e-02,3.816986e-01
4.063817e-02,3.953878e-02,1.763562e-02,3.395530e-02,8.754583e-02,2.733719e-02,1.635467e-03,7.116680e-03,2.549471e-01,2.118228e-02,2.839164e-02,4.112450e-03,2.184585e-02,3.382915e-02,3.802885e-01
3.585061e-02,1.298787e-01,1.669167e-02,6.786102e-02,7.565539e-02,2.316963e-02,2.101518e-03,7.413915e-03,2.374939e-01,1.788931e-02,2.144749e-02,3.167107e-03,1.577437e-02,2.445184e-02,3.211536e-01
3.026311e-02,9.745062e-02,2.311280e-01,7.995903e-02,5.700141e-02,1.697035e-02,1.706817e-03,6.584160e-03,1.782407e-01,1.544072e-02,1.571722e-02,2.381701e-03,1.132835e-02,1.748160e-02,2.383463e-01
3.341161e-02,8.074702e-02,3.208416e-01,6.304947e-02,4.876200e-02,1.350254e-02,1.384405e-03,6.064438e-03,1.521878e-01,2.180749e-02,1.220033e-02,2.076398e-03,8.390005e-03,1.366206e-02,2.219129e-01
2.687241e-02,1.018783e-01,3.396975e-01,1.180390e-01,3.481748e-02,9.960200e-03,1.021615e-03,4.359174e-03,1.154215e-01,2.348309e-02,1.012874e-02,2.652436e-03,6.753270e-03,9.979256e-03,1.949361e-01
1.901460e-02,9.002001e-02,2.780200e-01,8.645043e-02,2.440331e-02,7.065205e-03,7.233469e-04,3.107367e-03,9.868257e-02,1.719802e-01,1.010301e-02,3.932838e-03,8.717189e-03,7.122574e-03,1.906573e-01
1.339452e-02,7.278040e-02,2.151485e-01,6.469294e-02,1.714070e-02,5.174368e-03,5.225311e-04,2.434633e-03,1.275285e-01,1.835910e-01,4.893276e-02,2.051246e-02,4.061945e-02,7.345994e-03,1.801811e-01
9.437819e-03,5.133047e-02,1.529353e-01,4.591037e-02,1.273996e-02,3.693093e-03,3.923254e-04,1.991493e-03,1.024677e-01,1.606358e-01,1.200094e-01,3.769950e-02,6.259148e-02,1.288119e-02,2.252840e-01
6.658261e-03,3.602714e-02,1.072958e-01,3.267418e-02,1.322856e-02,2.649611e-03,3.149449e-04,1.451683e-03,7.975934e-02,1.513228e-01,1.780380e-01,5.601450e-02,6.200403e-02,1.506312e-02,2.574980e-01
4.702159e-03,2.530110e-02,7.522358e-02,2.425294e-02,1.416411e-02,2.015511e-03,3.054171e-04,1.064543e-03,6.232253e-02,1.663100e-01,1.692091e-01,1.039053e-01,8.044562e-02,1.470389e-02,2.560743e-01
3.319319e-03,1.777134e-02,5.279247e-02,1.821158e-02,1.378177e-02,1.478595e-03,4.420941e-04,8.410405e-04,4.864240e-02,1.477609e-01,2.058192e-01,1.752114e-01,6.826809e-02,1.703154e-02,2.286283e-01
