1.000000e+00,0.000000e+00,0.000000e+00,0.000000e+00,0.000000e+00,0.000000e+00,0.000000e+00,0.000000e+00,0.000000e+00,0.000000e+00,0.000000e+00,0.000000e+00,0.000000e+00,0.000000e+00,0.000000e+00
1.000000e+00,0.000000e+00,0.000000e+00,0.000000e+00,0.000000e+00,0.000000e+00,0.000000e+00,0.000000e+00,0.000000e+00,0.000000e+00,0.000000e+00,0.000000e+00,0.000000e+00,0.000000e+00,0.000000e+00
1.000000e+00,0.000000e+00,0.000000e+00,0.000000e+00,0.000000e+00,0.000000e+00,0.000000e+00,0.000000e+00,0.000000e+00,0.000000e+00,0.000000e+00,0.000000e+00,0.000000e+00,0.000000e+00,0.000000e+00
1.000000e+00,0.000000e+00,0.000000e+00,0.000000e+00,0.000000e+00,0.000000e+00,0.000000e+00,0.000000e+00,0.000000e+00,0.000000e+00,0.000000e+00,0.000000e+00,0.000000e+00,0.000000e+00,0.000000e+00
1.000000e+00,0.000000e+00,0.000000e+00,0.000000e+00,0.000000e+00,0.000000e+00,0.000000e+00,0.000000e+00,0.000000e+00,0.000000e+00,0.000000e+00,0.000000e+00,0.000000e+00,0.000000e+00,0.000000e+00
1.000000e+00,0.000000e+00,0.000000e+00,0.000000e+00,0.000000e+00,0.000000e+00,0.000000e+00,0.000000e+00,0.000000e+00,0.000000e+00,0.000000e+00,0.000000e+00,0.000000e+00,0.000000e+00,0.000000e+00
1.000000e+00,0.000000e+00,0.000000e+00,0.000000e+00,0.000000e+00,0.000000e+00,0.000000e+00,0.000000e+00,0.000000e+00,0.000000e+00,0.000000e+00,0.000000e+00,0.000000e+00,0.000000e+00,0.000000e+00
1.000000e+00,0.000000e+00,0.000000e+00,0.000000e+00,0.000000e+00,0.000000e+00,0.000000e+00,0.000000e+00,0.000000e+00,0.000000e+00,0.000000e+00,0.000000e+00,0.000000e+00,0.000000e+00,0.000000e+00
1.000000e+00,0.000000e+00,0.000000e+00,0.000000e+00,0.000000e+00,0.000000e+00,0.000000e+00,0.000000e+00,0.000000e+00,0.000000e+00,0.000000e+00,0.000000e+00,0.000000e+00,0.000000e+00,0.000000e+00
1.000000e+00,0.000000e+00,0.000000e+00,0.000000e+00,0.000000e+00,0.000000e+00,0.000000e+00,0.000000e+00,0.000000e+00,0.000000e+00,0.000000e+00,0.000000e+00,0.000000e+00,0.000000e+00,0.000000e+00
1.000000e+00,0.000000e+00,0.000000e+00,0.000000e+00,0.000000e+00,0.000000e+00,0.000000e+00,0.000000e+00,0.000000e+00,0.000000e+00,0.000000e+00,0.000000e+00,0.000000e+00,0.000000e+00,0.000000e+00
1.000000e+00,0.000000e+00,0.000000e+00,0.000000e+00,0.000000e+00,0.000000e+00,0.000000e+00,0.000000e+00,0.000000e+00,0.000000e+00,0.000000e+00,0.000000e+00,0.000000e+00,0.000000e+00,0.000000e+00
1.000000e+00,0.000000e+00,0.000000e+00,0.000000e+00,0.000000e+00,0.000000e+00,0.000000e+00,0.000000e+00,0.000000e+00,0.000000e+00,0.000000e+00,0.000000e+00,0.000000e+00,0.000000e+00,0.000000e+00
1.000000e+00,0.000000e+00,0.000000e+00,0.000000e+00,0.000000e+00,0.000000e+00,0.000000e+00,0.000000e+00,0.000000e+00,0.000000e+00,0.000000e+00,0.000000e+00,0.000000e+00,0.000000e+00,0.000000e+00
1.000000e+00,0.000000e+00,0.000000e+00,0.000000e+00,0.000000e+00,0.000000e+00,0.000000e+00,0.000000e+00,0.000000e+00,0.000000e+00,0.000000e+00,0.000000e+00,0.000000e+00,0.000000e+00,0.000000e+00
1.000000e+00,0.000000e+00,0.000000e+00,0.000000e+00,0.000000e+00,0.000000e+00,0.000000e+00,0.000000e+00,0.000000e+00,0.000000e+00,0.000000e+00,0.000000e+00,0.000000e+00,0.000000e+00,0.000000e+00
1.000000e+00,0.000000e+00,0.000000e+00,0.000000e+00,0.000000e+00,0.000000e+00,0.000000e+00,0.000000e+00,0.000000e+00,0.000000e+00,0.000000e+00,0.000000e+00,0.000000e+00,0.000000e+00,0.000000e+00
1.000000e+00,0.000000e+00,0.000000e+00,0.000000e+00,0.000000e+00,0.000000e+00,0.000000e+00,0.000000e+00,0.000000e+00,0.000000e+00,0.000000e+00,0.000000e+00,0.000000e+00,0.000000e+00,0.000000e+00
1.000000e+00,0.000000e+00,0.000000e+00,0.000000e+00,0.000000e+00,0.000000e+00,0.000000e+00,0.000000e+00,0.000000e+00,0.000000e+00,0.000000e+00,0.000000e+00,0.000000e+00,0.000000e+00,0.000000e+00
1.000000e+00,0.000000e+00,0.000000e+00,0.000000e+00,0.000000e+00,0.000000e+00,0.000000e+00,0.000000e+00,0.000000e+00,0.000000e+00,0.000000e+00,0.000000e+00,0.000000e+00,0.000000e+00,0.000000e+00
1.000000e+00,0.000000e+00,0.000000e+00,0.000000e+00,0.000000e+00,0.000000e+00,0.000000e+00,0.000000e+00,0.000000e+00,0.000000e+00,0.000000e+00,0.000000e+00,0.000000e+00,0.000000e+00,0.000000e+00
1.000000e+00,0.000000e+00,0.000000e+00,0.000000e+00,0.000000e+00,0.000000e+00,0.000000e+00,0.000000e+00,0.000000e+00,0.000000e+00,0.000000e+00,0.000000e+00,0.000000e+00,0.000000e+00,0.000000e+00
1.000000e+00,0.000000e+00,0.000000e+00,0.000000e+00,0.000000e+00,0.000000e+00,0.000000e+00,0.000000e+00,0.000000e+00,0.000000e+00,0.000000e+00,0.000000e+00,0.000000e+00,0.000000e+00,0.000000e+00
1.000000e+00,0.000000e+00,0.000000e+00,0.000000e+00,0.000000e+00,0.000000e+00,0.000000e+00,0.000000e+00,0.000000e+00,0.000000e+00,0.000000e+00,0.000000e+00,0.000000e+00,0.000000e+00,0.000000e+00
1.000000e+00,0.000000e+00,0.000000e+00,0.000000e+00,0.000000e+00,0.000000e+00,0.000000e+00,0.000000e+00,0.000000e+00,0.000000e+00,0.000000e+00,0.000000e+00,0.000000e+00,0.000000e+00,0.000000e+00
1.000000e+00,0.000000e+00,0.000000e+00,0.000000e+00,0.000000e+00,0.000000e+00,0.000000e+00,0.000000e+00,0.000000e+00,0.000000e+00,0.000000e+00,0.000000e+00,0.000000e+00,0.000000e+00,0.000000e+00
1.000000e+00,0.000000e+00,0.000000e+00,0.000000e+00,0.000000e+00,0.000000e+00,0.000000e+00,0.000000e+00,0.000000e+00,0.000000e+00,0.000000e+00,0.000000e+00,0.000000e+00,0.000000e+00,0.000000e+00
1.000000e+00,0.000000e+00,0.000000e+00,0.000000e+00,0.000000e+00,0.000000e+00,0.000000e+00,0.000000e+00,0.000000e+00,0.000000e+00,0.000000e+00,0.000000e+00,0.000000e+00,0.000000e+00,0.000000e+00
1.000000e+00,0.000000e+00,0.000000e+00,0.000000e+00,0.000000e+00,0.000000e+00,0.000000e+00,0.000000e+00,0.000000e+00,0.000000e+00,0.000000e+00,0.000000e+00,0.000000e+00,0.000000e+00,0.000000e+00
1.000000e+00,0.000000e+00,0.000000e+00,0.000000e+00,0.000000e+00,0.000000e+00,0.000000e+00,0.000000e+00,0.000000e+00,0.000000e+00,0.000000e+00,0.000000e+00,0.000000e+00,0.000000e+00,0.000000e+00
1.000000e+00,0.000000e+00,0.000000e+00,0.000000e+00,0.000000e+00,0.000000e+00,0.000000e+00,0.000000e+00,0.000000e+00,0.000000e+00,0.000000e+00,0.000000e+00,0.000000e+00,0.000000e+00,0.000000e+00
1.000000e+00,0.000000e+00,0.000000e+00,0.000000e+00,0.000000e+00,0.000000e+00,0.000000e+00,0.000000e+00,0.000000e+00,0.000000e+00,0.000000e+00,0.000000e+00,0.000000e+00,0.000000e+00,0.000000e+00
1.000000e+00,0.000000e+00,0.000000e+00,0.000000e+00,0.000000e+00,0.000000e+00,0.000000e+00,0.000000e+00,0.000000e+00,0.000000e+00,0.000000e+00,0.000000e+00,0.000000e+00,0.000000e+00,0.000000e+00
1.000000e+00,0.000000e+00,0.000000e+00,0.000000e+00,0.000000e+00,0.000000e+00,0.000000e+00,0.000000e+00,0.000000e+00,0.000000e+00,0.000000e+00,0.000000e+00,0.000000e+00,0.000000e+00,0.000000e+00
1.000000e+00,0.000000e+00,0.000000e+00,0.000000e+00,0.000000e+00,0.000000e+00,0.000000e+00,0.000000e+00,0.000000e+00,0.000000e+00,0.000000e+00,0.000000e+00,0.000000e+00,0.000000e+00,0.000000e+00
1.000000e+00,0.000000e+00,0.000000e+00,0.000000e+00,0.000000e+00,0.000000e+00,0.000000e+00,0.000000e+00,0.000000e+00,0.000000e+00,0.000000e+00,0.000000e+00,0.000000e+00,0.000000e+00,0.000000e+00
1.000000e+00,0.000000e+00,0.000000e+00,0.000000e+00,0.000000e+00,0.000000e+00,0.000000e+00,0.000000e+00,0.000000e+00,0.000000e+00,0.000000e+00,0.000000e+00,0.000000e+00,0.000000e+00,0.000000e+00
1.000000e+00,0.000000e+00,0.000000e+00,0.000000e+00,0.000000e+00,0.000000e+00,0.000000e+00,0.000000e+00,0.000000e+00,0.000000e+00,0.000000e+00,0.000000e+00,0.000000e+00,0.000000e+00,0.000000e+00
1.000000e+00,0.000000e+00,0.000000e+00,0.000000e+00,0.000000e+00,0.000000e+00,0.000000e+00,0.000000e+00,0.000000e+00,0.000000e+00,0.000000e+00,0.000000e+00,0.000000e+00,0.000000e+00,0.000000e+00
1.000000e+00,0.000000e+00,0.000000e+00,0.000000e+00,0.000000e+00,0.000000e+00,0.000000e+00,0.000000e+00,0.000000e+00,0.000000e+00,0.000000e+00,0.000000e+00,0.000000e+00,0.000000e+00,0.000000e+00
1.000000e+00,0.000000e+00,0.000000e+00,0.000000e+00,0.000000e+00,0.000000e+00,0.000000e+00,0.000000e+00,0.000000e+00,0.000000e+00,0.000000e+00,0.000000e+00,0.000000e+00,0.000000e+00,0.000000e+00
1.000000e+00,0.000000e+00,0.000000e+00,0.000000e+00,0.000000e+00,0.000000e+00,0.000000e+00,0.000000e+00,0.000000e+00,0.000000e+00,0.000000e+00,0.000000e+00,0.000000e+00,0.000000e+00,0.000000e+00
1.000000e+00,0.000000e+00,0.000000e+00,0.000000e+00,0.000000e+00,0.000000e+00,0.000000e+00,0.000000e+00,0.000000e+00,0.000000e+00,0.000000e+00,0.000000e+00,0.000000e+00,0.000000e+00,0.000000e+00
1.000000e+00,0.000000e+00,0.000000e+00,0.000000e+00,0.000000e+00,0.000000e+00,0.000000e+00,0.000000e+00,0.000000e+00,0.000000e+00,0.000000e+00,0.000000e+00,0.000000e+00,0.000000e+00,0.000000e+00
1.000000e+00,0.000000e+00,0.000000e+00,0.000000e+00,0.000000e+00,0.000000e+00,0.000000e+00,0.000000e+00,0.000000e+00,0.000000e+00,0.000000e+00,0.000000e+00,0.000000e+00,0.000000e+00,0.000000e+00
1.000000e+00,0.000000e+00,0.000000e+00,0.000000e+00,0.000000e+00,0.000000e+00,0.000000e+00,0.000000e+00,0.000000e+00,0.000000e+00,0.000000e+00,0.000000e+00,0.000000e+00,0.000000e+00,0.000000e+00
1.000000e+00,0.000000e+00,0.000000e+00,0.000000e+00,0.000000e+00,0.000000e+00,0.000000e+00,0.000000e+00,0.000000e+00,0.000000e+00,0.000000e+00,0.000000e+00,0.000000e+00,0.000000e+00,0.000000e+00
1.000000e+00,0.000000e+00,0.000000e+00,0.000000e+00,0.000000e+00,0.000000e+00,0.000000e+00,0.000000e+00,0.000000e+00,0.000000e+00,0.000000e+00,0.000000e+00,0.000000e+00,0.000000e+00,0.000000e+00
1.000000e+00,0.000000e+00,0.000000e+00,0.000000e+00,0.000000e+00,0.000000e+00,0.000000e+00,0.000000e+00,0.000000e+00,0.000000e+00,0.000000e+00,0.000000e+00,0.000000e+00,0.000000e+00,0.000000e+00
4.102141e-01,1.724021e-02,3.484160e-02,4.408968e-02,2.348468e-02,6.071145e-02,2.808616e-01,4.985676e-02,4.560811e-03,1.301728e-03,6.966114e-03,2.834576e-02,2.555411e-02,1.436577e-03,1.053476e-02
2.884798e-01,1.220077e-02,2.527858e-02,3.137210e-02,2.215204e-02,4.450097e-02,4.753941e-01,4.359659e-02,3.256705e-03,1.037946e-03,4.945221e-03,2.003901e-02,1.920743e-02,1.061833e-03,7.476920e-03
2.029638e-01,8.650979e-03,1.831694e-02,2.227293e-02,1.743786e-02,3.315472e-02,6.179190e-01,3.780314e-02,2.311798e-03,7.968980e-04,3.500128e-03,1.415357e-02,1.464280e-02,7.920113e-04,5.283418e-03
1.433906e-01,6.186550e-03,1.307229e-02,1.590305e-02,1.502276e-02,2.577244e-02,7.183755e-01,3.163559e-02,1.680090e-03,7.942935e-04,2.555073e-03,1.004073e-02,1.107054e-02,6.275504e-04,3.872992e-03
1.032529e-01,4.648088e-03,9.545134e-03,1.154033e-02,1.631575e-02,2.299654e-02,7.810178e-01,2.644924e-02,1.318780e-03,1.227257e-03,2.127613e-03,7.281173e-03,8.620985e-03,5.939307e-04,3.064515e-03
7.952284e-02,4.338923e-03,8.380176e-03,9.506007e-03,5.920195e-02,2.326803e-02,7.487649e-01,2.427090e-02,1.350041e-03,1.922047e-02,2.398869e-03,5.873800e-03,7.608483e-03,7.887895e-04,5.505868e-03
6.608424e-02,3.483224e-03,6.849030e-03,7.752160e-03,1.481126e-01,1.929443e-02,6.473702e-01,2.200161e-02,1.237753e-03,5.476606e-02,2.649058e-03,4.843188e-03,6.849477e-03,9.376039e-04,7.769390e-03
5.503827e-02,2.663150e-03,5.604014e-03,6.095512e-03,2.357409e-01,1.546638e-02,5.252136e-01,1.814212e-02,1.097428e-03,1.124087e-01,3.001130e-03,4.403249e-03,5.974879e-03,9.610752e-04,8.189658e-03
5.863317e-02,2.064162e-03,6.127964e-03,4.686673e-03,2.922392e-01,1.279075e-02,4.104672e-01,1.750704e-02,1.508902e-03,1.671800e-01,4.264555e-03,6.167967e-03,6.035920e-03,1.067885e-03,9.258547e-03
7.322949e-02,1.710843e-03,5.910037e-03,3.653752e-03,2.984150e-01,1.312916e-02,3.622167e-01,1.695111e-02,1.814031e-03,1.929783e-01,5.289333e-03,7.921271e-03,6.241387e-03,1.184635e-03,9.355018e-03
5.777494e-02,1.668383e-03,5.024705e-03,2.915351e-03,2.312753e-01,1.455953e-02,3.098875e-01,2.048475e-02,1.572518e-03,2.842406e-01,5.708806e-03,1.003119e-02,9.169741e-03,3.008355e-03,4.267839e-02
4.058632e-02,1.627493e-03,3.667423e-03,2.118072e-03,1.628447e-01,1.039329e-02,2.302383e-01,1.516681e-02,1.500717e-03,4.428727e-01,5.254194e-03,7.995309e-03,1.267533e-02,2.713405e-03,6.034597e-02
2.857212e-02,1.951706e-03,3.074925e-03,2.279131e-03,1.155681e-01,7.663809e-03,1.836667e-01,1.331154e-02,1.057012e-02,4.458421e-01,2.045664e-02,1.217975e-02,4.881173e-02,5.654720e-03,1.003969e-01
2.025045e-02,1.741162e-03,2.334903e-03,2.947926e-03,8.414894e-02,5.924109e-03,2.159480e-01,9.675260e-03,5.864875e-02,3.223405e-01,1.721431e-02,4.949398e-02,9.404717e-02,7.400821e-03,1.078837e-01
1.426047e-02,1.381536e-03,1.821065e-03,3.115398e-03,6.043597e-02,4.313215e-03,1.550949e-01,6.819531e-03,4.279263e-02,2.313220e-01,1.368533e-02,6.208435e-02,2.792363e-01,1.154738e-02,1.120899e-01
1.051562e-02,1.797437e-03,1.595912e-03,4.008681e-03,4.917540e-02,3.446161e-03,1.159681e-01,4.922410e-03,5.072665e-02,1.770850e-01,1.150828e-02,1.632287e-01,3.026096e-01,1.611637e-02,8.729556e-02
7.408081e-03,1.380137e-03,1.465375e-03,2.843451e-03,3.618277e-02,2.519849e-03,8.139745e-02,3.470473e-03,3.577261e-02,1.281652e-01,8.450888e-03,3.654470e-01,2.381000e-01,1.913213e-02,6.826450e-02
5.279369e-03,1.131400e-03,1.947665e-03,2.022115e-03,2.838595e-02,1.867973e-03,5.714277e-02,2.470542e-03,2.539033e-02,9.137167e-02,6.460693e-03,4.904567e-01,1.814350e-01,2.732337e-02,7.731445e-02
4.240668e-03,1.078529e-03,1.739955e-03,1.622215e-03,2.660939e-02,1.983080e-03,4.009932e-02,1.744800e-03,1.870696e-02,7.146522e-02,5.513480e-03,5.646824e-01,1.565005e-01,2.554144e-02,7.847208e-02
3.125512e-03,8.697921e-04,1.798386e-03,1.190186e-03,2.026356e-02,1.736985e-03,2.817180e-02,1.245386e-03,1.329864e-02,5.600268e-02,5.297801e-03,6.570190e-01,1.226537e-01,2.086489e-02,6.646170e-02
4.068968e-03,9.365993e-04,1.646057e-02,1.391231e-03,3.377005e-02,4.811859e-03,2.486814e-02,2.196658e-02,1.041948e-02,4.287683e-02,1.054709e-02,5.689254e-01,1.493478e-01,1.647052e-02,9.313883e-02
3.544594e-03,1.601964e-03,1.711974e-02,4.435073e-03,3.817910e-02,7.927097e-02,1.847510e-02,1.851741e-02,1.506249e-02,4.909111e-02,2.504927e-02,4.729533e-01,1.551514e-01,1.297106e-02,8.857737e-02
3.721969e-03,1.962316e-03,1.691404e-02,5.559860e-03,5.066256e-02,6.082806e-02,1.448680e-02,2.169522e-02,2.747075e-02,7.847037e-02,5.853524e-02,3.968475e-01,1.718965e-01,1.143970e-02,7.950912e-02
3.028219e-03,2.047285e-03,1.856970e-02,4.711702e-03,3.997353e-02,4.468261e-02,1.106439e-02,1.863928e-02,2.551918e-02,8.578487e-02,6.820048e-02,4.206592e-01,1.741098e-01,1.082560e-02,7.218411e-02
3.267738e-03,2.133771e-03,3.332688e-02,4.692811e-03,4.411639e-02,3.236569e-02,1.254903e-02,2.409841e-02,2.783542e-02,9.170589e-02,6.730008e-02,3.891232e-01,1.875015e-01,9.007859e-03,7.097530e-02
6.263709e-03,4.991391e-03,9.476757e-02,8.495977e-03,4.343868e-02,2.401286e-02,9.218784e-03,3.266343e-02,3.457953e-02,8.482812e-02,7.673039e-02,2.910324e-01,1.936704e-01,8.534331e-03,8.677245e-02
1.390501e-02,9.284351e-03,8.773597e-02,8.603013e-03,8.765700e-02,1.859209e-02,1.014800e-02,4.650712e-02,5.283300e-02,6.771702e-02,6.585739e-02,2.106385e-01,2.021875e-01,6.517357e-03,1.118167e-01
2.478905e-02,1.168681e-02,6.916997e-02,7.227080e-03,8.583009e-02,2.178726e-02,1.524529e-02,6.279179e-02,8.673651e-02,5.759011e-02,5.056208e-02,2.064107e-01,1.979729e-01,4.987601e-03,9.721279e-02
3.359992e-02,1.403135e-02,6.163774e-02,7.892017e-03,7.125747e-02,1.899036e-02,3.153401e-02,1.050781e-01,9.211046e-02,6.442755e-02,3.774200e-02,1.727283e-01,1.656153e-01,4.236799e-03,1.191187e-01
3.593794e-02,1.370116e-02,5.302718e-02,9.439477e-03,6.429328e-02,1.560175e-02,6.768610e-02,1.339702e-01,7.944966e-02,1.074311e-01,2.787740e-02,1.264427e-01,1.251966e-01,3.880688e-03,1.360648e-01
3.431755e-02,1.617826e-02,4.230753e-02,8.384978e-03,5.755659e-02,1.923856e-02,1.212243e-01,1.180982e-01,9.441835e-02,9.279671e-02,2.235618e-02,9.292289e-02,1.059586e-01,3.037933e-03,1.712034e-01
3.867898e-02,1.512506e-02,3.130379e-02,7.192537e-03,5.068202e-02,2.695875e-02,2.302864e-01,9.609388e-02,1.019329e-01,8.069824e-02,1.676370e-02,7.008706e-02,8.724023e-02,2.593806e-03,1.443627e-01
5.472141e-02,1.605820e-02,2.363745e-02,7.106598e-03,4.797161e-02,2.199902e-02,2.786187e-01,8.620233e-02,9.905989e-02,8.274728e-02,1.333039e-02,5.457952e-02,6.876042e-02,2.907414e-03,1.422998e-01
8.115354e-02,2.506301e-02,1.881098e-02,7.987931e-03,4.945406e-02,1.866390e-02,2.773051e-01,7.666034e-02,1.278936e-01,8.094972e-02,1.081075e-02,4.045630e-02,5.216343e-02,3.437566e-03,1.291898e-01
1.008164e-01,2.689911e-02,1.394882e-02,9.018878e-03,4.455892e-02,1.653826e-02,2.733157e-01,6.065834e-02,1.618474e-01,7.522380e-02,9.924122e-03,3.131983e-02,4.900564e-02,3.055143e-03,1.238697e-01
9.823059e-02,3.284859e-02,1.188263e-02,7.471388e-03,3.949821e-02,1.795564e-02,2.978003e-01,4.953064e-02,1.610982e-01,5.885340e-02,8.188086e-03,2.410792e-02,6.425677e-02,4.151368e-03,1.241263e-01
9.308440e-02,3.085702e-02,9.116498e-03,6.016478e-03,3.069444e-02,1.620092e-02,3.794547e-01,3.782360e-02,1.376158e-01,4.223752e-02,6.332502e-03,1.847866e-02,7.404778e-02,5.821460e-03,1.122182e-01
8.957336e-02,2.623203e-02,7.081997e-03,4.723205e-03,2.328706e-02,1.279867e-02,4.626442e-01,3.089555e-02,1.152376e-01,3.026924e-02,5.420216e-03,1.419465e-02,7.426357e-02,6.136278e-03,9.724241e-02
1.030095e-01,2.071464e-02,5.888604e-03,4.088011e-03,1.816444e-02,1.249306e-02,5.458783e-01,2.611986e-02,8.690494e-02,2.191223e-02,5.045248e-03,1.201143e-02,5.983746e-02,6.066122e-03,7.186610e-02
1.167836e-01,1.928730e-02,5.654501e-03,3.922148e-03,1.439790e-02,1.439724e-02,5.840199e-01,2.241579e-02,6.997119e-02,1.648430e-02,9.321776e-03,1.166422e-02,5.032564e-02,5.813811e-03,5.554063e-02
1.211759e-01,2.186866e-02,5.994962e-03,4.369461e-03,1.370148e-02,2.024196e-02,5.341889e-01,2.100562e-02,5.744769e-02,1.641943e-02,5.787559e-02,1.948063e-02,4.872137e-02,6.111308e-03,5.139699e-02
9.629633e-02,1.725581e-02,4.506499e-03,3.523774e-03,1.080134e-02,1.660591e-02,4.198934e-01,1.575317e-02,4.755105e-02,1.678786e-02,1.942341e-01,2.054002e-02,6.996860e-02,5.737194e-03,6.054503e-02
9.112367e-02,1.817639e-02,3.849027e-03,4.870012e-03,1.091024e-02,2.229243e-02,3.765206e-01,1.165950e-02,6.066038e-02,2.023010e-02,1.956230e-01,3.375984e-02,8.885191e-02,8.602109e-03,5.287071e-02
6.586004e-02,1.398218e-02,2.909744e-03,5.556976e-03,9.949901e-03,2.267204e-02,2.848383e-01,8.269770e-03,6.102407e-02,4.925523e-02,1.679314e-01,6.226789e-02,1.662033e-01,7.733298e-03,7.154589e-02
4.632364e-02,1.042216e-02,2.222567e-03,5.046509e-03,7.791139e-03,1.748820e-02,2.032069e-01,5.874032e-03,4.834374e-02,9.143877e-02,1.527697e-01,1.158220e-01,1.779531e-01,7.218393e-03,1.080792e-01
3.260921e-02,7.385764e-03,1.701209e-03,3.978873e-03,6.083500e-03,1.248139e-02,1.430911e-01,4.139891e-03,3.425466e-02,2.019340e-01,1.080707e-01,2.049868e-01,1.344177e-01,5.576394e-03,9.928868e-02
2.308835e-02,5.227682e-03,1.219480e-03,3.217599e-03,4.566874e-03,9.065800e-03,1.006365e-01,2.912461e-03,2.415090e-02,2.510098e-01,7.602336e-02,3.197949e-01,1.010881e-01,4.087240e-03,7.391092e-02
1.632315e-02,3.690467e-03,8.994808e-04,2.481115e-03,3.827775e-03,6.567999e-03,7.055707e-02,2.055999e-03,1.723374e-02,2.996546e-01,5.359912e-02,3.868166e-01,7.971264e-02,3.047016e-03,5.353319e-02
1.156335e-02,2.609413e-03,6.577188e-04,2.381988e-03,3.081539e-03,5.189512e-03,4.953094e-02,1.514084e-03,1.337813e-02,4.210204e-01,4.175711e-02,3.410078e-01,6.437983e-02,2.385791e-03,3.954241e-02
8.172392e-03,1.857784e-03,5.467506e-04,2.928915e-03,9.657603e-03,3.788324e-03,3.515299e-02,1.692690e-03,1.260190e-02,5.464036e-01,3.169962e-02,2.635831e-01,4.951538e-02,1.859324e-03,3.053963e-02
5.794344e-03,1.373049e-03,8.642689e-04,4.520401e-03,8.696302e-03,3.543082e-03,2.502164e-02,1.396225e-02,1.197348e-02,6.144178e-01,2.782118e-02,2.046535e-01,5.232387e-02,1.651391e-03,2.338357e-02
4.272634e-03,1.109192e-03,1.022556e-03,9.254876e-03,9.010613e-03,4.067984e-03,1.830515e-02,2.242148e-02,1.102445e-02,5.391688e-01,3.069206e-02,1.913287e-01,1.383828e-01,1.530288e-03,1.840842e-02
3.134236e-03,8.000929e-04,9.914234e-04,8.209487e-03,8.222453e-03,4.177347e-03,1.337722e-02,2.448663e-01,8.105096e-03,3.965860e-01,3.629688e-02,1.412838e-01,1.182788e-01,1.197183e-03,1.447386e-02
6.184456e-03,9.151627e-04,2.760631e-03,1.600743e-02,1.357671e-02,7.052498e-03,1.515340e-02,3.772265e-01,6.542372e-03,2.858695e-01,2.835605e-02,1.129101e-01,1.142935e-01,1.688704e-03,1.146307e-02
1.034127e-02,1.666233e-03,5.130967e-03,1.030930e-01,2.924019e-02,9.806253e-03,1.593712e-02,3.143696e-01,5.871926e-03,2.284085e-01,2.104592e-02,8.167766e-02,1.607983e-01,1.969870e-03,1.064318e-02
1.733685e-02,3.531505e-03,7.417748e-03,2.159189e-01,8.260228e-02,9.888484e-03,1.703700e-02,2.426938e-01,5.566075e-03,1.674859e-01,1.632229e-02,5.848751e-02,1.454335e-01,1.662933e-03,8.615223e-03
2.301899e-02,3.357291e-03,7.992724e-03,3.229942e-01,1.147201e-01,8.818185e-03,1.957113e-02,1.864020e-01,4.571386e-03,1.178121e-01,1.339010e-02,4.219221e-02,1.276929e-01,1.243640e-03,6.223089e-03
3.855509e-02,4.031810e-03,1.070515e-02,3.124243e-01,1.506443e-01,1.176384e-02,2.281184e-02,1.605857e-01,6.585450e-03,8.329929e-02,1.117405e-02,3.300622e-02,1.480205e-01,1.295860e-03,5.096583e-03
5.020206e-02,3.437710e-03,1.319029e-02,2.654275e-01,1.439743e-01,1.029016e-02,1.945279e-02,2.491182e-01,8.944811e-03,5.862581e-02,9.077094e-03,2.519923e-02,1.381947e-01,1.032829e-03,3.832508e-03
5.020058e-02,2.583845e-03,1.155135e-02,1.927278e-01,1.495689e-01,8.256181e-03,1.672977e-02,3.896707e-01,7.008231e-03,4.111962e-02,7.338252e-03,1.872963e-02,1.009072e-01,7.678157e-04,2.840181e-03
5.129359e-02,1.876581e-03,8.554060e-03,1.359298e-01,1.216580e-01,6.809609e-03,1.446061e-02,5.321397e-01,5.000159e-03,2.883792e-02,5.512386e-03,1.323192e-02,7.195668e-02,5.503878e-04,2.188634e-03
3.885332e-02,1.339981e-03,6.195504e-03,9.542374e-02,1.111651e-01,5.630055e-03,3.534987e-02,6.163411e-01,3.515886e-03,2.021072e-02,3.959859e-03,9.308708e-03,5.072883e-02,3.984162e-04,1.578951e-03
3.032599e-02,9.891536e-04,4.651417e-03,6.702130e-02,1.662508e-01,7.046608e-03,4.006304e-02,6.168406e-01,2.560913e-03,1.419452e-02,3.409859e-03,6.669738e-03,3.815056e-02,2.939048e-04,1.531608e-03
5.522189e-02,8.482056e-04,3.580099e-03,4.739123e-02,1.459938e-01,7.429940e-03,8.975482e-02,5.984683e-01,2.860839e-03,9.981611e-03,2.726256e-03,5.491692e-03,2.882920e-02,2.544580e-04,1.167677e-03
5.602238e-02,7.377866e-04,2.695514e-03,3.337626e-02,1.204325e-01,7.255713e-03,2.200935e-01,5.205779e-01,2.599263e-03,7.016100e-03,2.048067e-03,4.180917e-03,2.187074e-02,2.022006e-04,8.910705e-04
4.605349e-02,6.281562e-04,1.982577e-03,2.352612e-02,9.613599e-02,8.690193e-03,3.838874e-01,4.079533e-01,2.533927e-03,4.977955e-03,1.527213e-03,3.137758e-03,1.809575e-02,1.515918e-04,7.185894e-04
3.798801e-02,5.265128e-04,1.469475e-03,1.657463e-02,7.124609e-02,8.025307e-03,5.364394e-01,3.037951e-01,1.946182e-03,3.532547e-03,1.105358e-03,2.439529e-03,1.417850e-02,1.156514e-04,6.175677e-04
3.276146e-02,4.841696e-04,1.167140e-03,1.176434e-02,5.321828e-02,7.391286e-03,6.504467e-01,2.235467e-01,1.545804e-03,2.540203e-03,8.494654e-04,1.983682e-03,1.158596e-02,9.536229e-05,6.194437e-04
3.163068e-02,4.630057e-04,9.937263e-04,8.450405e-03,3.884119e-02,6.154192e-03,7.338896e-01,1.636994e-01,1.271416e-03,1.848505e-03,7.103086e-04,1.954603e-03,9.086122e-03,1.081922e-04,8.986421e-04
3.255352e-02,5.045418e-04,9.176253e-04,6.147115e-03,2.865521e-02,5.740679e-03,7.918420e-01,1.186500e-01,1.030521e-03,1.386280e-03,6.844543e-04,2.181692e-03,8.001261e-03,1.430972e-04,1.562017e-03
3.165099e-02,4.984462e-04,8.343571e-04,4.452599e-03,2.093624e-02,5.547689e-03,8.372541e-01,8.535134e-02,7.697199e-04,1.032430e-03,6.946691e-04,2.154649e-03,6.755942e-03,1.577409e-04,1.909097e-03
2.507259e-02,1.009581e-03,9.912376e-04,3.344575e-03,1.575257e-02,7.189102e-03,8.434459e-01,6.127070e-02,9.093684e-04,1.319897e-03,3.475257e-03,4.025444e-03,1.745221e-02,3.459640e-04,1.439571e-02
1.810209e-02,1.360070e-03,1.042233e-03,2.432517e-03,1.160454e-02,7.129258e-03,8.095937e-01,4.386340e-02,9.633670e-04,2.649962e-03,1.098357e-02,4.473241e-03,1.868993e-02,1.236453e-03,6.587566e-02
1.291618e-02,1.018385e-03,7.566474e-04,1.721373e-03,8.262401e-03,6.035428e-03,6.265886e-01,3.100251e-02,1.132966e-03,2.707724e-03,2.316947e-02,4.679502e-03,3.952767e-02,1.623205e-03,2.388580e-01
9.088642e-03,7.191100e-04,5.317405e-04,1.210826e-03,5.996558e-03,4.358829e-03,4.436065e-01,2.171874e-02,9.859522e-04,1.964592e-03,2.076978e-02,3.607193e-03,3.249782e-02,1.237501e-03,4.517062e-01
6.407306e-03,5.116645e-04,3.938746e-04,8.614215e-04,5.110555e-03,3.860093e-03,3.377401e-01,1.523414e-02,1.228311e-03,2.081261e-03,2.688437e-02,9.462679e-03,8.326248e-02,1.672869e-03,5.052890e-01
4.572513e-03,3.818640e-04,3.484708e-04,6.092995e-04,4.066847e-03,3.143334e-03,2.598085e-01,1.077614e-02,1.137291e-03,2.993567e-03,2.066868e-02,8.166970e-02,1.563211e-01,2.094369e-03,4.514084e-01
3.349778e-03,3.008214e-04,2.951841e-04,4.320608e-04,3.179620e-03,2.944932e-03,1.938647e-01,7.625427e-03,9.171963e-04,2.809741e-03,1.618561e-02,1.178805e-01,2.838592e-01,2.332862e-03,3.640225e-01
2.530553e-03,2.544208e-04,2.731475e-04,3.059292e-04,3.141677e-03,2.308147e-03,1.378035e-01,5.410200e-03,8.321923e-04,3.599299e-03,1.391320e-02,3.028470e-01,2.335084e-01,2.273855e-03,2.909985e-01
1.929978e-03,2.429504e-04,3.013136e-04,2.271653e-04,3.017266e-03,2.302434e-03,9.899049e-02,3.836569e-03,1.150993e-03,5.595009e-03,1.384828e-02,4.410808e-01,1.915690e-01,2.443205e-03,2.334646e-01
1.482756e-03,1.953574e-04,3.323858e-04,1.771679e-04,3.409892e-03,2.046935e-03,6.998409e-02,2.730419e-03,1.229418e-03,5.472580e-03,1.285082e-02,5.519534e-01,1.518520e-01,2.035559e-03,1.942471e-01
1.595115e-03,3.269315e-04,3.192942e-03,4.276658e-04,5.493901e-03,3.586596e-03,5.047663e-02,5.832470e-03,4.695865e-03,8.481696e-03,1.316231e-02,5.819249e-01,1.503303e-01,3.400883e-03,1.670718e-01
1.646966e-03,3.351817e-04,2.854317e-03,7.760787e-04,6.711937e-03,7.809955e-03,3.561347e-02,6.046345e-03,9.218196e-03,9.741863e-03,1.382472e-02,5.932544e-01,1.659881e-01,4.141203e-03,1.420372e-01
2.035568e-03,4.482128e-04,3.952618e-03,1.703020e-03,8.121988e-03,8.257220e-03,2.561429e-02,1.481469e-02,1.356877e-02,1.140835e-02,1.571291e-02,5.200778e-01,2.472575e-01,5.415602e-03,1.216115e-01
2.230996e-03,5.107108e-04,5.307790e-03,2.202501e-03,8.748513e-03,6.770735e-03,1.903231e-02,2.778673e-02,2.085098e-02,1.367217e-02,1.876617e-02,4.334328e-01,3.412075e-01,4.883501e-03,9.459662e-02
2.494022e-03,8.643480e-04,1.010896e-02,2.635638e-03,1.948401e-02,5.667685e-03,1.600780e-02,7.579403e-02,4.479669e-02,1.550702e-02,1.801338e-02,3.595875e-01,3.492742e-01,3.968500e-03,7.579632e-02
3.213166e-03,8.272846e-04,1.033291e-02,2.506698e-03,2.136246e-02,4.754013e-03,3.162168e-02,1.977306e-01,4.115988e-02,1.937998e-02,1.789297e-02,2.597602e-01,3.072116e-01,3.220173e-03,7.902639e-02
4.237223e-03,2.204662e-03,1.113572e-02,3.037542e-03,2.307878e-02,8.913489e-03,2.769680e-02,2.542387e-01,9.183061e-02,3.933823e-02,1.743312e-02,2.019394e-01,2.454114e-01,2.381772e-03,6.712254e-02
4.979595e-03,1.713659e-03,1.020205e-02,5.258347e-03,2.272670e-02,7.259715e-03,2.266687e-02,4.335148e-01,7.162989e-02,2.880634e-02,1.384560e-02,1.461135e-01,1.811953e-01,1.743437e-03,4.834433e-02
9.177611e-03,1.929009e-03,1.081204e-02,5.647206e-03,3.312534e-02,1.588933e-02,7.878707e-02,4.607510e-01,6.342590e-02,2.294480e-02,1.044504e-02,1.065243e-01,1.413608e-01,1.413520e-03,3.776716e-02
7.269722e-03,1.621712e-03,8.336640e-03,4.057522e-03,2.416602e-02,1.157575e-02,3.144369e-01,3.526546e-01,4.740985e-02,1.648230e-02,7.356066e-03,7.485501e-02,1.010381e-01,1.003291e-03,2.773657e-02
5.608601e-03,1.329500e-03,6.117265e-03,2.912136e-03,1.728239e-02,8.305590e-03,4.965487e-01,2.628576e-01,3.538524e-02,1.179247e-02,5.196096e-03,5.252301e-02,7.334217e-02,7.079034e-04,2.009153e-02
5.616596e-03,1.686439e-03,4.764821e-03,2.244107e-03,1.476027e-02,7.130686e-03,5.607844e-01,2.429595e-01,3.322492e-02,1.008111e-02,3.889091e-03,3.753061e-02,5.910761e-02,6.442378e-04,1.557565e-02
1.014707e-02,2.699959e-03,3.616479e-03,1.889884e-03,1.390800e-02,6.484042e-03,5.972375e-01,1.952617e-01,4.119390e-02,7.742830e-03,3.559183e-03,2.706190e-02,7.688487e-02,4.788889e-04,1.183380e-02
1.674433e-02,4.086396e-03,2.671358e-03,1.913988e-03,1.457826e-02,6.832279e-03,5.786971e-01,1.529930e-01,6.031583e-02,8.057060e-03,3.984528e-03,2.204552e-02,1.162254e-01,4.366442e-04,1.041834e-02
1.667710e-02,3.861278e-03,1.972217e-03,1.560298e-03,1.278192e-02,6.899664e-03,6.375211e-01,1.191037e-01,5.788396e-02,7.060247e-03,4.057107e-03,1.799050e-02,1.004536e-01,5.183957e-04,1.165893e-02
1.908159e-02,3.854797e-03,1.684968e-03,1.357978e-03,1.045638e-02,6.453468e-03,7.073079e-01,8.623052e-02,5.433083e-02,5.173613e-03,3.196098e-03,1.428621e-02,7.607207e-02,4.659345e-04,1.004763e-02
2.759778e-02,5.139733e-03,1.673555e-03,1.307182e-03,9.906640e-03,6.765495e-03,7.326118e-01,6.358168e-02,5.784094e-02,3.975402e-03,2.848491e-03,1.246358e-02,6.316049e-02,5.954510e-04,1.053184e-02
3.197356e-02,5.154990e-03,1.486631e-03,1.133120e-03,7.767225e-03,5.550215e-03,7.741103e-01,4.734702e-02,5.006897e-02,3.048345e-03,2.732037e-03,1.013206e-02,5.029586e-02,5.555653e-04,8.644124e-03
5.369230e-02,5.097668e-03,1.373849e-03,1.379002e-03,6.187262e-03,5.271459e-03,7.833798e-01,3.609178e-02,4.130774e-02,2.427826e-03,2.835471e-03,9.208044e-03,4.376873e-02,6.671610e-04,7.311953e-03
8.670878e-02,5.037474e-03,1.533435e-03,2.292504e-03,5.043577e-03,6.257527e-03,7.767050e-01,2.865427e-02,3.268225e-02,2.102411e-03,2.560660e-03,9.732230e-03,3.304280e-02,7.361717e-04,6.910852e-03
1.287984e-01,4.650811e-03,1.735767e-03,3.099700e-03,4.880117e-03,7.874375e-03,7.476036e-01,2.257434e-02,2.622249e-02,3.134602e-03,2.453971e-03,1.257146e-02,2.582677e-02,7.016426e-04,7.871923e-03
1.451414e-01,4.127394e-03,1.639274e-03,3.183926e-03,4.306087e-03,8.360296e-03,7.438301e-01,1.740226e-02,2.120343e-02,3.155270e-03,2.725723e-03,1.452665e-02,2.080222e-02,7.027777e-04,8.893268e-03
1.228405e-01,3.633373e-03,1.668733e-03,2.590948e-03,3.643248e-03,8.035745e-03,7.830033e-01,1.365689e-02,1.746348e-02,3.019289e-03,3.300862e-03,1.318314e-02,1.574996e-02,6.871722e-04,7.523343e-03
1.114202e-01,4.454497e-03,1.791596e-03,2.494680e-03,3.419708e-03,9.527690e-03,7.858403e-01,1.062970e-02,1.560509e-02,2.635039e-03,1.601699e-02,1.344383e-02,1.326444e-02,1.008185e-03,8.448044e-03
8.315618e-02,5.796252e-03,1.467869e-03,2.543724e-03,3.286234e-03,8.852120e-03,7.031037e-01,8.439763e-03,1.502994e-02,5.915571e-03,1.141612e-01,1.654104e-02,1.554790e-02,1.665739e-03,1.449284e-02
5.851633e-02,4.255597e-03,1.032755e-03,1.839348e-03,2.461036e-03,6.501222e-03,5.020958e-01,6.055363e-03,1.386226e-02,6.497336e-03,3.102341e-01,1.496531e-02,2.217808e-02,1.276772e-03,4.822882e-02
4.181065e-02,4.123066e-03,7.767914e-04,2.022685e-03,5.405194e-03,5.975146e-03,3.985511e-01,4.573875e-03,1.421390e-01,8.810473e-03,2.931599e-01,2.079615e-02,2.761426e-02,1.586984e-03,4.265469e-02
3.054084e-02,3.449861e-03,7.039870e-04,5.407847e-03,5.635508e-03,8.374970e-03,2.998292e-01,3.390273e-03,2.584453e-01,1.650282e-02,2.248460e-01,3.618710e-02,6.585918e-02,4.206407e-03,3.662074e-02
2.244193e-02,3.193838e-03,1.127537e-03,9.163877e-03,6.082874e-03,7.771684e-03,2.122820e-01,2.674744e-03,2.294878e-01,5.059362e-02,2.249764e-01,4.287728e-02,1.346785e-01,6.183552e-03,4.646442e-02
1.613507e-02,3.671227e-03,2.894178e-03,8.016407e-03,5.255441e-03,6.445000e-03,1.490145e-01,1.986990e-03,1.733632e-01,1.947320e-01,1.632010e-01,4.285020e-02,1.158290e-01,6.273809e-03,1.103320e-01
1.167691e-02,2.864820e-03,2.394902e-03,7.716040e-03,5.028321e-03,5.044866e-03,1.045555e-01,1.495166e-03,1.315288e-01,3.870267e-01,1.150917e-01,3.676008e-02,8.503723e-02,4.958854e-03,9.882011e-02
8.801385e-03,2.617656e-03,2.035903e-03,7.003732e-03,4.598136e-03,6.893949e-03,7.333712e-02,1.944542e-03,1.410462e-01,4.442894e-01,8.335136e-02,4.172810e-02,6.487241e-02,4.207060e-03,1.132731e-01
7.195355e-03,4.102870e-03,1.080728e-02,8.581976e-03,5.633603e-03,7.147314e-03,5.156607e-02,2.713967e-03,1.269159e-01,4.799583e-01,6.232616e-02,4.032203e-02,5.099598e-02,3.731298e-03,1.380018e-01
6.167172e-03,4.330533e-03,1.013093e-02,9.315992e-03,6.548033e-03,5.672258e-03,3.629681e-02,4.353021e-03,1.141321e-01,5.220101e-01,4.572858e-02,3.115576e-02,3.902451e-02,3.211100e-03,1.619231e-01
1.149984e-02,3.789176e-03,7.761629e-03,7.638796e-03,8.592444e-03,4.407125e-03,2.566210e-02,5.622114e-03,1.135048e-01,5.678796e-01,3.512270e-02,2.360795e-02,3.125507e-02,2.441651e-03,1.512150e-01
2.032960e-02,3.329730e-03,5.669264e-03,2.035689e-02,2.710376e-02,8.379778e-03,1.829800e-02,9.588175e-03,2.099934e-01,4.474097e-01,3.994436e-02,3.352892e-02,3.967635e-02,4.163797e-03,1.122283e-01
3.390251e-02,5.984812e-03,4.741912e-03,4.670941e-02,4.626561e-02,9.888180e-03,1.336303e-02,1.309279e-02,2.164904e-01,3.384140e-01,5.969981e-02,3.144105e-02,4.888104e-02,1.653214e-02,1.145932e-01
3.070267e-02,5.770861e-03,4.002802e-03,3.559593e-02,3.728449e-02,8.883377e-03,9.415992e-03,1.114072e-02,3.287150e-01,2.480557e-01,7.682931e-02,2.694460e-02,5.255687e-02,1.898324e-02,1.051184e-01
2.844030e-02,5.803080e-03,3.810903e-03,3.530766e-02,2.804360e-02,8.655362e-03,6.648597e-03,9.500834e-03,4.316101e-01,1.784636e-01,9.543727e-02,2.043369e-02,4.665621e-02,1.688222e-02,8.430654e-02
2.084817e-02,4.317116e-03,2.917037e-03,2.764005e-02,1.998696e-02,6.644563e-03,4.692113e-03,6.760332e-03,4.047655e-01,1.301159e-01,1.849148e-01,2.200234e-02,6.693236e-02,2.418228e-02,7.328056e-02
1.487783e-02,3.231616e-03,2.468611e-03,2.358914e-02,1.522764e-02,5.170849e-03,3.436558e-03,4.878378e-03,3.709390e-01,9.592455e-02,1.975732e-01,3.251165e-02,9.982088e-02,2.459940e-02,1.057507e-01
1.044794e-02,2.355897e-03,1.847410e-03,1.836574e-02,1.495000e-02,4.006333e-03,2.476884e-03,3.484715e-03,2.867026e-01,6.771365e-02,2.287954e-01,3.511776e-02,1.914162e-01,4.438569e-02,8.793373e-02
7.420472e-03,2.120461e-03,2.819200e-03,1.427088e-02,1.749555e-02,3.082137e-03,1.820018e-03,2.583083e-03,2.420150e-01,5.138330e-02,2.062061e-01,3.707507e-02,1.775177e-01,1.524448e-01,8.174626e-02
5.467493e-03,1.948665e-03,3.330298e-03,1.192841e-02,1.571059e-02,2.413136e-03,1.401439e-03,1.957643e-03,2.243374e-01,5.063468e-02,1.810987e-01,3.155136e-02,1.392233e-01,1.692260e-01,1.597709e-01
4.718288e-03,2.041763e-03,4.924433e-03,1.293163e-02,1.298388e-02,2.426947e-03,1.090248e-03,1.597480e-03,2.026158e-01,5.137672e-02,1.715722e-01,2.489639e-02,1.027182e-01,2.042668e-01,1.998392e-01
4.154388e-03,2.071434e-03,5.728076e-03,1.003120e-02,1.046907e-02,2.033718e-03,8.050420e-04,1.307005e-03,1.598820e-01,7.717181e-02,2.219098e-01,1.967884e-02,8.062746e-02,1.744891e-01,2.296410e-01
3.834951e-03,2.109024e-03,5.887011e-03,7.843892e-03,8.302927e-03,1.689469e-03,5.814463e-04,1.026086e-03,1.234970e-01,9.979837e-02,2.744818e-01,1.535351e-02,6.219494e-02,1.620507e-01,2.313489e-01
3.017625e-03,3.007491e-03,6.632018e-03,5.597445e-03,1.718071e-02,2.136919e-03,5.180984e-04,9.991827e-04,9.590545e-02,8.967175e-02,2.868035e-01,1.197868e-02,4.625538e-02,1.398395e-01,2.904563e-01
2.400262e-03,4.825352e-03,9.273872e-03,3.981336e-03,2.464272e-02,3.600459e-03,4.363083e-04,8.382860e-04,7.484567e-02,6.940774e-02,3.403509e-01,9.520869e-03,3.348937e-02,1.414895e-01,2.808974e-01
2.967101e-03,1.550658e-02,4.106764e-02,2.890453e-03,3.711063e-02,6.052671e-03,3.496036e-04,8.122062e-04,6.244392e-02,5.557480e-02,3.165970e-01,7.104381e-03,2.458786e-02,2.236716e-01,2.032635e-01
4.148054e-03,1.404956e-02,8.723050e-02,4.235332e-03,4.212288e-02,8.107131e-03,2.788620e-04,1.315207e-03,1.055220e-01,5.041831e-02,2.336569e-01,5.106842e-03,1.779871e-02,2.632748e-01,1.627349e-01
1.187831e-02,1.179847e-02,8.290297e-02,4.547840e-03,3.722269e-02,1.275128e-02,2.618006e-04,1.225655e-03,8.781850e-02,3.844804e-02,1.676558e-01,3.598379e-03,1.270222e-02,3.950688e-01,1.321193e-01
1.476772e-02,4.169828e-02,1.588078e-01,2.772931e-02,2.835843e-02,2.623984e-02,5.277732e-04,1.830013e-03,1.043364e-01,3.019122e-02,1.203346e-01,2.603882e-03,9.169824e-03,3.160889e-01,1.173160e-01
2.739955e-02,4.697706e-02,1.429085e-01,2.354473e-02,2.498274e-02,5.650578e-02,1.017636e-03,2.822015e-03,9.717885e-02,2.759783e-02,8.706093e-02,1.939678e-03,7.453111e-03,3.388238e-01,1.137878e-01
3.096438e-02,8.586400e-02,1.456458e-01,8.458486e-02,3.297287e-02,5.325171e-02,1.218096e-03,1.139737e-02,9.862278e-02,2.212415e-02,6.443260e-02,1.634658e-03,6.776414e-03,2.514611e-01,1.090493e-01
3.123185e-02,7.002598e-02,2.041778e-01,1.780598e-01,2.847255e-02,4.155648e-02,1.010188e-03,1.145284e-02,8.749073e-02,1.739659e-02,4.787851e-02,1.266261e-03,5.520458e-03,1.841910e-01,9.026900e-02
4.145792e-02,6.003189e-02,1.939953e-01,1.457231e-01,3.478718e-02,3.910588e-02,9.905167e-04,1.278828e-02,1.068867e-01,1.579380e-02,3.585912e-02,1.103733e-03,4.838152e-03,1.430315e-01,1.636069e-01
5.452470e-02,5.686770e-02,1.964784e-01,1.362235e-01,6.834406e-02,4.333858e-02,1.431132e-03,1.406643e-02,1.053275e-01,1.268030e-02,2.764410e-02,1.061652e-03,5.736555e-03,1.142933e-01,1.619821e-01
7.759442e-02,5.777977e-02,1.722224e-01,1.148733e-01,9.592506e-02,4.653291e-02,1.699659e-03,1.163478e-02,1.260976e-01,1.089647e-02,2.164914e-02,1.037466e-03,6.344236e-03,9.448028e-02,1.612325e-01
6.021805e-02,7.826681e-02,1.407018e-01,2.467309e-01,7.993843e-02,3.371933e-02,1.293974e-03,9.098359e-03,1.037000e-01,8.504970e-03,1.593673e-02,8.840074e-04,4.599169e-03,6.655205e-02,1.498554e-01
5.508800e-02,7.804246e-02,1.856965e-01,2.993546e-01,6.760257e-02,2.721405e-02,1.341951e-03,8.514040e-03,8.558994e-02,8.267783e-03,1.141864e-02,6.977104e-04,3.336924e-03,4.718086e-02,1.206539e-01
5.463317e-02,6.596405e-02,2.308302e-01,3.370729e-01,5.977186e-02,2.195445e-02,1.257437e-03,1.060297e-02,7.238601e-02,7.116956e-03,8.801426e-03,5.688176e-04,2.485488e-03,3.339867e-02,9.315555e-02
6.632554e-02,6.271567e-02,2.377533e-01,2.820817e-01,4.717982e-02,1.618298e-02,1.034987e-03,8.672882e-03,9.098934e-02,1.359046e-02,8.353829e-03,6.860002e-04,1.936942e-03,2.468755e-02,1.378089e-01
7.373363e-02,5.970117e-02,2.136934e-01,2.261506e-01,3.547845e-02,1.198123e-02,8.308153e-04,6.378083e-03,1.041313e-01,2.151500e-02,7.736348e-03,8.204568e-04,1.591263e-03,1.909086e-02,2.171673e-01
5.454306e-02,6.541394e-02,1.910611e-01,2.465872e-01,2.543237e-02,8.586833e-03,6.079827e-04,4.711617e-03,9.718350e-02,4.276343e-02,7.259761e-03,7.132078e-04,1.624768e-03,1.353340e-02,2.399779e-01
4.397454e-02,4.833537e-02,1.683590e-01,1.859136e-01,1.809647e-02,6.353882e-03,4.386049e-04,3.528486e-03,1.046643e-01,3.621385e-02,6.977590e-03,7.233702e-04,1.566550e-03,1.388653e-02,3.609679e-01
3.099155e-02,3.551235e-02,1.336019e-01,1.309001e-01,1.270837e-02,4.528847e-03,3.137237e-04,2.496279e-03,8.651976e-02,3.526026e-02,5.197148e-03,6.151083e-04,1.179257e-03,1.305925e-02,5.071161e-01
2.193492e-02,2.533276e-02,9.418774e-02,9.165180e-02,8.911516e-03,3.292243e-03,2.248494e-04,1.767224e-03,7.680666e-02,4.254973e-02,5.966252e-03,8.285918e-04,1.211393e-03,5.340952e-02,5.719248e-01
1.558283e-02,1.806146e-02,6.813979e-02,6.436173e-02,6.269692e-03,2.406535e-03,1.658700e-04,1.254958e-03,8.805637e-02,4.107610e-02,6.923917e-03,1.004406e-03,1.044748e-03,8.039749e-02,6.052541e-01
1.103448e-02,1.320005e-02,4.926331e-02,4.517764e-02,4.423760e-03,1.777868e-03,1.214389e-04,8.852727e-04,7.391210e-02,4.903672e-02,1.151539e-02,1.159658e-03,9.300905e-04,2.454619e-01,4.921004e-01
7.958283e-03,9.464317e-03,3.485662e-02,3.165367e-02,3.141981e-03,1.380963e-03,9.157739e-05,6.434117e-04,6.389645e-02,6.805317e-02,1.880796e-02,1.404660e-03,1.400863e-03,3.713948e-01,3.858512e-01
5.694733e-03,6.706147e-03,2.453041e-02,2.216517e-02,2.218944e-03,9.967404e-04,6.783821e-05,4.566612e-04,4.682740e-02,1.666628e-01,1.567217e-02,1.083129e-03,1.047360e-03,4.007245e-01,3.051459e-01
4.075869e-03,5.031620e-03,1.794697e-02,1.553818e-02,1.589915e-03,7.536806e-04,6.777318e-05,3.269541e-04,3.418000e-02,1.350659e-01,1.152793e-02,8.090631e-04,8.982221e-04,3.451566e-01,4.270314e-01
2.879289e-03,3.644257e-03,1.267546e-02,1.088005e-02,1.120333e-03,5.820565e-04,5.048970e-05,2.298623e-04,2.431745e-02,1.467127e-01,8.367679e-03,5.960625e-04,7.013169e-04,4.653715e-01,3.218715e-01
