1.000000e+00,0.000000e+00,0.000000e+00,0.000000e+00,0.000000e+00,0.000000e+00,0.000000e+00,0.000000e+00,0.000000e+00,0.000000e+00,0.000000e+00,0.000000e+00,0.000000e+00,0.000000e+00,0.000000e+00
1.000000e+00,0.000000e+00,0.000000e+00,0.000000e+00,0.000000e+00,0.000000e+00,0.000000e+00,0.000000e+00,0.000000e+00,0.000000e+00,0.000000e+00,0.000000e+00,0.000000e+00,0.000000e+00,0.000000e+00
1.000000e+00,0.000000e+00,0.000000e+00,0.000000e+00,0.000000e+00,0.000000e+00,0.000000e+00,0.000000e+00,0.000000e+00,0.000000e+00,0.000000e+00,0.000000e+00,0.000000e+00,0.000000e+00,0.000000e+00
1.000000e+00,0.000000e+00,0.000000e+00,0.000000e+00,0.000000e+00,0.000000e+00,0.000000e+00,0.000000e+00,0.000000e+00,0.000000e+00,0.000000e+00,0.000000e+00,0.000000e+00,0.000000e+00,0.000000e+00
1.000000e+00,0.000000e+00,0.000000e+00,0.000000e+00,0.000000e+00,0.000000e+00,0.000000e+00,0.000000e+00,0.000000e+00,0.000000e+00,0.000000e+00,0.000000e+00,0.000000e+00,0.000000e+00,0.000000e+00
1.000000e+00,0.000000e+00,0.000000e+00,0.000000e+00,0.000000e+00,0.000000e+00,0.000000e+00,0.000000e+00,0.000000e+00,0.000000e+00,0.000000e+00,0.000000e+00,0.000000e+00,0.000000e+00,0.000000e+00
1.000000e+00,0.000000e+00,0.000000e+00,0.000000e+00,0.000000e+00,0.000000e+00,0.000000e+00,0.000000e+00,0.000000e+00,0.000000e+00,0.000000e+00,0.000000e+00,0.000000e+00,0.000000e+00,0.000000e+00
1.000000e+00,0.000000e+00,0.000000e+00,0.000000e+00,0.000000e+00,0.000000e+00,0.000000e+00,0.000000e+00,0.000000e+00,0.000000e+00,0.000000e+00,0.000000e+00,0.000000e+00,0.000000e+00,0.000000e+00
1.000000e+00,0.000000e+00,0.000000e+00,0.000000e+00,0.000000e+00,0.000000e+00,0.000000e+00,0.000000e+00,0.000000e+00,0.000000e+00,0.000000e+00,0.000000e+00,0.000000e+00,0.000000e+00,0.000000e+00
1.000000e+00,0.000000e+00,0.000000e+00,0.000000e+00,0.000000e+00,0.000000e+00,0.000000e+00,0.000000e+00,0.000000e+00,0.000000e+00,0.000000e+00,0.000000e+00,0.000000e+00,0.000000e+00,0.000000e+00
1.000000e+00,0.000000e+00,0.000000e+00,0.000000e+00,0.000000e+00,0.000000e+00,0.000000e+00,0.000000e+00,0.000000e+00,0.000000e+00,0.000000e+00,0.000000e+00,0.000000e+00,0.000000e+00,0.000000e+00
1.000000e+00,0.000000e+00,0.000000e+00,0.000000e+00,0.000000e+00,0.000000e+00,0.000000e+00,0.000000e+00,0.000000e+00,0.000000e+00,0.000000e+00,0.000000e+00,0.000000e+00,0.000000e+00,0.000000e+00
1.000000e+00,0.000000e+00,0.000000e+00,0.000000e+00,0.000000e+00,0.000000e+00,0.000000e+00,0.000000e+00,0.000000e+00,0.000000e+00,0.000000e+00,0.000000e+00,0.000000e+00,0.000000e+00,0.000000e+00
1.000000e+00,0.000000e+00,0.000000e+00,0.000000e+00,0.000000e+00,0.000000e+00,0.000000e+00,0.000000e+00,0.000000e+00,0.000000e+00,0.000000e+00,0.000000e+00,0.000000e+00,0.000000e+00,0.000000e+00
1.000000e+00,0.000000e+00,0.000000e+00,0.000000e+00,0.000000e+00,0.000000e+00,0.000000e+00,0.000000e+00,0.000000e+00,0.000000e+00,0.000000e+00,0.000000e+00,0.000000e+00,0.000000e+00,0.000000e+00
1.000000e+00,0.000000e+00,0.000000e+00,0.000000e+00,0.000000e+00,0.000000e+00,0.000000e+00,0.000000e+00,0.000000e+00,0.000000e+00,0.000000e+00,0.000000e+00,0.000000e+00,0.000000e+00,0.000000e+00
1.000000e+00,0.000000e+00,0.000000e+00,0.000000e+00,0.000000e+00,0.000000e+00,0.000000e+00,0.000000e+00,0.000000e+00,0.000000e+00,0.000000e+00,0.000000e+00,0.000000e+00,0.000000e+00,0.000000e+00
1.000000e+00,0.000000e+00,0.000000e+00,0.000000e+00,0.000000e+00,0.000000e+00,0.000000e+00,0.000000e+00,0.000000e+00,0.000000e+00,0.000000e+00,0.000000e+00,0.000000e+00,0.000000e+00,0.000000e+00
1.000000e+00,0.000000e+00,0.000000e+00,0.000000e+00,0.000000e+00,0.000000e+00,0.000000e+00,0.000000e+00,0.000000e+00,0.000000e+00,0.000000e+00,0.000000e+00,0.000000e+00,0.000000e+00,0.000000e+00
1.000000e+00,0.000000e+00,0.000000e+00,0.000000e+00,0.000000e+00,0.000000e+00,0.000000e+00,0.000000e+00,0.000000e+00,0.000000e+00,0.000000e+00,0.000000e+00,0.000000e+00,0.000000e+00,0.000000e+00
1.000000e+00,0.000000e+00,0.000000e+00,0.000000e+00,0.000000e+00,0.000000e+00,0.000000e+00,0.000000e+00,0.000000e+00,0.000000e+00,0.000000e+00,0.000000e+00,0.000000e+00,0.000000e+00,0.000000e+00
1.000000e+00,0.000000e+00,0.000000e+00,0.000000e+00,0.000000e+00,0.000000e+00,0.000000e+00,0.000000e+00,0.000000e+00,0.000000e+00,0.000000e+00,0.000000e+00,0.000000e+00,0.000000e+00,0.000000e+00
1.000000e+00,0.000000e+00,0.000000e+00,0.000000e+00,0.000000e+00,0.000000e+00,0.000000e+00,0.000000e+00,0.000000e+00,0.000000e+00,0.000000e+00,0.000000e+00,0.000000e+00,0.000000e+00,0.000000e+00
1.000000e+00,0.000000e+00,0.000000e+00,0.000000e+00,0.000000e+00,0.000000e+00,0.000000e+00,0.000000e+00,0.000000e+00,0.000000e+00,0.000000e+00,0.000000e+00,0.000000e+00,0.000000e+00,0.000000e+00
1.000000e+00,0.000000e+00,0.000000e+00,0.000000e+00,0.000000e+00,0.000000e+00,0.000000e+00,0.000000e+00,0.000000e+00,0.000000e+00,0.000000e+00,0.000000e+00,0.000000e+00,0.000000e+00,0.000000e+00
1.000000e+00,0.000000e+00,0.000000e+00,0.000000e+00,0.000000e+00,0.000000e+00,0.000000e+00,0.000000e+00,0.000000e+00,0.000000e+00,0.000000e+00,0.000000e+00,0.000000e+00,0.000000e+00,0.000000e+00
1.000000e+00,0.000000e+00,0.000000e+00,0.000000e+00,0.000000e+00,0.000000e+00,0.000000e+00,0.000000e+00,0.000000e+00,0.000000e+00,0.000000e+00,0.000000e+00,0.000000e+00,0.000000e+00,0.000000e+00
1.000000e+00,0.000000e+00,0.000000e+00,0.000000e+00,0.000000e+00,0.000000e+00,0.000000e+00,0.000000e+00,0.000000e+00,0.000000e+00,0.000000e+00,0.000000e+00,0.000000e+00,0.000000e+00,0.000000e+00
1.000000e+00,0.000000e+00,0.000000e+00,0.000000e+00,0.000000e+00,0.000000e+00,0.000000e+00,0.000000e+00,0.000000e+00,0.000000e+00,0.000000e+00,0.000000e+00,0.000000e+00,0.000000e+00,0.000000e+00
1.000000e+00,0.000000e+00,0.000000e+00,0.000000e+00,0.000000e+00,0.000000e+00,0.000000e+00,0.000000e+00,0.000000e+00,0.000000e+00,0.000000e+00,0.000000e+00,0.000000e+00,0.000000e+00,0.000000e+00
1.000000e+00,0.000000e+00,0.000000e+00,0.000000e+00,0.000000e+00,0.000000e+00,0.000000e+00,0.000000e+00,0.000000e+00,0.000000e+00,0.000000e+00,0.000000e+00,0.000000e+00,0.000000e+00,0.000000e+00
1.000000e+00,0.000000e+00,0.000000e+00,0.000000e+00,0.000000e+00,0.000000e+00,0.000000e+00,0.000000e+00,0.000000e+00,0.000000e+00,0.000000e+00,0.000000e+00,0.000000e+00,0.000000e+00,0.000000e+00
1.000000e+00,0.000000e+00,0.000000e+00,0.000000e+00,0.000000e+00,0.000000e+00,0.000000e+00,0.000000e+00,0.000000e+00,0.000000e+00,0.000000e+00,0.000000e+00,0.000000e+00,0.000000e+00,0.000000e+00
1.000000e+00,0.000000e+00,0.000000e+00,0.000000e+00,0.000000e+00,0.000000e+00,0.000000e+00,0.000000e+00,0.000000e+00,0.000000e+00,0.000000e+00,0.000000e+00,0.000000e+00,0.000000e+00,0.000000e+00
1.000000e+00,0.000000e+00,0.000000e+00,0.000000e+00,0.000000e+00,0.000000e+00,0.000000e+00,0.000000e+00,0.000000e+00,0.000000e+00,0.000000e+00,0.000000e+00,0.000000e+00,0.000000e+00,0.000000e+00
1.000000e+00,0.000000e+00,0.000000e+00,0.000000e+00,0.000000e+00,0.000000e+00,0.000000e+00,0.000000e+00,0.000000e+00,0.000000e+00,0.000000e+00,0.000000e+00,0.000000e+00,0.000000e+00,0.000000e+00
1.000000e+00,0.000000e+00,0.000000e+00,0.000000e+00,0.000000e+00,0.000000e+00,0.000000e+00,0.000000e+00,0.000000e+00,0.000000e+00,0.000000e+00,0.000000e+00,0.000000e+00,0.000000e+00,0.000000e+00
1.000000e+00,0.000000e+00,0.000000e+00,0.000000e+00,0.000000e+00,0.000000e+00,0.000000e+00,0.000000e+00,0.000000e+00,0.000000e+00,0.000000e+00,0.000000e+00,0.000000e+00,0.000000e+00,0.000000e+00
1.000000e+00,0.000000e+00,0.000000e+00,0.000000e+00,0.000000e+00,0.000000e+00,0.000000e+00,0.000000e+00,0.000000e+00,0.000000e+00,0.000000e+00,0.000000e+00,0.000000e+00,0.000000e+00,0.000000e+00
1.000000e+00,0.000000e+00,0.000000e+00,0.000000e+00,0.000000e+00,0.000000e+00,0.000000e+00,0.000000e+00,0.000000e+00,0.000000e+00,0.000000e+00,0.000000e+00,0.000000e+00,0.000000e+00,0.000000e+00
1.000000e+00,0.000000e+00,0.000000e+00,0.000000e+00,0.000000e+00,0.000000e+00,0.000000e+00,0.000000e+00,0.000000e+00,0.000000e+00,0.000000e+00,0.000000e+00,0.000000e+00,0.000000e+00,0.000000e+00
1.000000e+00,0.000000e+00,0.000000e+00,0.000000e+00,0.000000e+00,0.000000e+00,0.000000e+00,0.000000e+00,0.000000e+00,0.000000e+00,0.000000e+00,0.000000e+00,0.000000e+00,0.000000e+00,0.000000e+00
1.000000e+00,0.000000e+00,0.000000e+00,0.000000e+00,0.000000e+00,0.000000e+00,0.000000e+00,0.000000e+00,0.000000e+00,0.000000e+00,0.000000e+00,0.000000e+00,0.000000e+00,0.000000e+00,0.000000e+00
1.000000e+00,0.000000e+00,0.000000e+00,0.000000e+00,0.000000e+00,0.000000e+00,0.000000e+00,0.000000e+00,0.000000e+00,0.000000e+00,0.000000e+00,0.000000e+00,0.000000e+00,0.000000e+00,0.000000e+00
1.000000e+00,0.000000e+00,0.000000e+00,0.000000e+00,0.000000e+00,0.000000e+00,0.000000e+00,0.000000e+00,0.000000e+00,0.000000e+00,0.000000e+00,0.000000e+00,0.000000e+00,0.000000e+00,0.000000e+00
1.000000e+00,0.000000e+00,0.000000e+00,0.000000e+00,0.000000e+00,0.000000e+00,0.000000e+00,0.000000e+00,0.000000e+00,0.000000e+00,0.000000e+00,0.000000e+00,0.000000e+00,0.000000e+00,0.000000e+00
1.000000e+00,0.000000e+00,0.000000e+00,0.000000e+00,0.000000e+00,0.000000e+00,0.000000e+00,0.000000e+00,0.000000e+00,0.000000e+00,0.000000e+00,0.000000e+00,0.000000e+00,0.000000e+00,0.000000e+00
1.000000e+00,0.000000e+00,0.000000e+00,0.000000e+00,0.000000e+00,0.000000e+00,0.000000e+00,0.000000e+00,0.000000e+00,0.000000e+00,0.000000e+00,0.000000e+00,0.000000e+00,0.000000e+00,0.000000e+00
1.000000e+00,0.000000e+00,0.000000e+00,0.000000e+00,0.000000e+00,0.000000e+00,0.000000e+00,0.000000e+00,0.000000e+00,0.000000e+00,0.000000e+00,0.000000e+00,0.000000e+00,0.000000e+00,0.000000e+00
1.000000e+00,0.000000e+00,0.000000e+00,0.000000e+00,0.000000e+00,0.000000e+00,0.000000e+00,0.000000e+00,0.000000e+00,0.000000e+00,0.000000e+00,0.000000e+00,0.000000e+00,0.000000e+00,0.000000e+00
1.000000e+00,0.000000e+00,0.000000e+00,0.000000e+00,0.000000e+00,0.000000e+00,0.000000e+00,0.000000e+00,0.000000e+00,0.000000e+00,0.000000e+00,0.000000e+00,0.000000e+00,0.000000e+00,0.000000e+00
1.000000e+00,0.000000e+00,0.000000e+00,0.000000e+00,0.000000e+00,0.000000e+00,0.000000e+00,0.000000e+00,0.000000e+00,0.000000e+00,0.000000e+00,0.000000e+00,0.000000e+00,0.000000e+00,0.000000e+00
1.000000e+00,0.000000e+00,0.000000e+00,0.000000e+00,0.000000e+00,0.000000e+00,0.000000e+00,0.000000e+00,0.000000e+00,0.000000e+00,0.000000e+00,0.000000e+00,0.000000e+00,0.000000e+00,0.000000e+00
1.000000e+00,0.000000e+00,0.000000e+00,0.000000e+00,0.000000e+00,0.000000e+00,0.000000e+00,0.000000e+00,0.000000e+00,0.000000e+00,0.000000e+00,0.000000e+00,0.000000e+00,0.000000e+00,0.000000e+00
1.000000e+00,0.000000e+00,0.000000e+00,0.000000e+00,0.000000e+00,0.000000e+00,0.000000e+00,0.000000e+00,0.000000e+00,0.000000e+00,0.000000e+00,0.000000e+00,0.000000e+00,0.000000e+00,0.000000e+00
1.000000e+00,0.000000e+00,0.000000e+00,0.000000e+00,0.000000e+00,0.000000e+00,0.000000e+00,0.000000e+00,0.000000e+00,0.000000e+00,0.000000e+00,0.000000e+00,0.000000e+00,0.000000e+00,0.000000e+00
1.000000e+00,0.000000e+00,0.000000e+00,0.000000e+00,0.000000e+00,0.000000e+00,0.000000e+00,0.000000e+00,0.000000e+00,0.000000e+00,0.000000e+00,0.000000e+00,0.000000e+00,0.000000e+00,0.000000e+00
1.000000e+00,0.000000e+00,0.000000e+00,0.000000e+00,0.000000e+00,0.000000e+00,0.000000e+00,0.000000e+00,0.000000e+00,0.000000e+00,0.000000e+00,0.000000e+00,0.000000e+00,0.000000e+00,0.000000e+00
1.000000e+00,0.000000e+00,0.000000e+00,0.000000e+00,0.000000e+00,0.000000e+00,0.000000e+00,0.000000e+00,0.000000e+00,0.000000e+00,0.000000e+00,0.000000e+00,0.000000e+00,0.000000e+00,0.000000e+00
1.000000e+00,0.000000e+00,0.000000e+00,0.000000e+00,0.000000e+00,0.000000e+00,0.000000e+00,0.000000e+00,0.000000e+00,0.000000e+00,0.000000e+00,0.000000e+00,0.000000e+00,0.000000e+00,0.000000e+00
3.882384e-01,5.839023e-03,6.753523e-03,1.546254e-02,3.075205e-03,9.500476e-03,3.263955e-03,5.435562e-01,1.450740e-03,6.599246e-04,3.503649e-03,6.099657e-03,7.175952e-03,9.691571e-04,4.451640e-03
2.737690e-01,4.122948e-03,4.839179e-03,1.095256e-02,2.246062e-03,7.840664e-03,2.460242e-03,6.715599e-01,1.039013e-03,4.823921e-04,4.554381e-03,4.824115e-03,5.728046e-03,2.428883e-03,3.152585e-03
1.917540e-01,2.898960e-03,3.393482e-03,8.378332e-03,1.611915e-03,5.538391e-03,1.791965e-03,5.009409e-01,7.716990e-04,2.393560e-03,1.201805e-01,7.770818e-02,1.291739e-02,6.747159e-02,2.249146e-03
1.342689e-01,2.043548e-03,2.376522e-03,6.799948e-03,1.148548e-03,3.887618e-03,1.296519e-03,3.613005e-01,5.920591e-04,2.679064e-03,1.472612e-01,1.203937e-01,3.121667e-02,1.831114e-01,1.623929e-03
9.399719e-02,1.446690e-03,1.665132e-03,5.444895e-03,8.330335e-04,2.730811e-03,9.296029e-04,2.545571e-01,5.119177e-04,4.646653e-03,1.685376e-01,1.642491e-01,3.826265e-02,2.609149e-01,1.272774e-03
6.582038e-02,1.117287e-03,1.203540e-03,5.581345e-03,9.513601e-04,1.943409e-03,7.047054e-04,1.785286e-01,1.095708e-03,1.457202e-02,2.277983e-01,1.945133e-01,2.963613e-02,2.750785e-01,1.455433e-03
4.611908e-02,8.893561e-04,8.860658e-04,6.380521e-03,1.337703e-03,1.422942e-03,5.348164e-04,1.251144e-01,2.485475e-03,2.963081e-02,2.719648e-01,2.536022e-01,2.382724e-02,2.342226e-01,1.581921e-03
3.235162e-02,8.175144e-04,6.586717e-04,7.599832e-03,1.834720e-03,1.422312e-03,3.921151e-04,8.765698e-02,5.582004e-03,2.606425e-02,3.346527e-01,3.075881e-01,2.208836e-02,1.693040e-01,1.986813e-03
2.275465e-02,6.352459e-04,5.191281e-04,7.857855e-03,2.964707e-03,1.202430e-03,3.069465e-04,6.142374e-02,4.737567e-03,3.742779e-02,2.743195e-01,4.386484e-01,1.728717e-02,1.281803e-01,1.734536e-03
1.610802e-02,4.867447e-04,4.939458e-04,6.023068e-03,6.761000e-03,1.223802e-03,4.678106e-04,4.373546e-02,3.983524e-03,4.280505e-02,2.144681e-01,5.556371e-01,1.337007e-02,9.311917e-02,1.317158e-03
1.132338e-02,3.668874e-04,5.018928e-04,4.476435e-03,1.964838e-02,1.040266e-03,3.975768e-04,3.082241e-02,3.698347e-03,3.749359e-02,1.867358e-01,6.242583e-01,1.021607e-02,6.804650e-02,9.741982e-04
7.965626e-03,3.073177e-04,6.592113e-04,3.247616e-03,3.954356e-02,8.722781e-04,3.735013e-04,2.217159e-02,3.810357e-03,3.045257e-02,1.641100e-01,6.684332e-01,7.709583e-03,4.960004e-02,7.435570e-04
5.600789e-03,2.341032e-04,6.811341e-04,2.308791e-03,1.033738e-01,7.973808e-04,4.424935e-04,1.659557e-02,3.216222e-03,2.427099e-02,1.341553e-01,6.656207e-01,6.052868e-03,3.598270e-02,6.671785e-04
3.946783e-03,1.909561e-04,7.423750e-04,1.653466e-03,1.359515e-01,7.345375e-04,6.795167e-04,1.243675e-02,3.137471e-03,2.927907e-02,1.053394e-01,6.724571e-01,5.453285e-03,2.738804e-02,6.096550e-04
2.886496e-03,2.165737e-04,1.352540e-03,1.221791e-03,2.874492e-01,9.847783e-03,4.088088e-03,1.125167e-02,3.596917e-03,2.330293e-02,8.941267e-02,5.399360e-01,4.703902e-03,2.001765e-02,7.157733e-04
2.459186e-03,2.762366e-04,1.659803e-03,9.129214e-04,2.185899e-01,9.122369e-03,7.153527e-03,9.842062e-03,3.560402e-03,1.955635e-02,8.091155e-02,6.244596e-01,6.031957e-03,1.486459e-02,5.995236e-04
2.453903e-03,3.177022e-04,1.597516e-03,6.849463e-04,2.267670e-01,1.379968e-02,2.270489e-02,1.099747e-02,4.581423e-03,1.498822e-02,6.761553e-02,6.155819e-01,6.117527e-03,1.114918e-02,6.432121e-04
2.118689e-03,2.381780e-04,1.344092e-03,5.074432e-04,1.696208e-01,1.109228e-02,1.930966e-02,9.281235e-03,3.859380e-03,1.099409e-02,5.071050e-02,7.050881e-01,7.027818e-03,8.240967e-03,5.667482e-04
1.787959e-03,1.717017e-04,1.050567e-03,3.746397e-04,1.338541e-01,8.792657e-03,1.741209e-02,9.500606e-03,3.257802e-03,7.907055e-03,3.807560e-02,7.631096e-01,8.084502e-03,6.108714e-03,5.124797e-04
2.700252e-03,1.567995e-04,1.709687e-03,3.143263e-04,1.038306e-01,6.821628e-03,1.856716e-02,3.746349e-02,3.187841e-03,5.980806e-03,2.912571e-02,7.711263e-01,1.311770e-02,5.199332e-03,6.983342e-04
5.915451e-03,6.654272e-04,2.182432e-02,5.449320e-04,8.854213e-02,5.721176e-03,1.408967e-02,5.380798e-02,5.031861e-03,4.438397e-03,2.169620e-02,7.601592e-01,1.279637e-02,3.989484e-03,7.774278e-04
8.453168e-03,7.990148e-04,1.781539e-02,5.181519e-04,1.226825e-01,7.185931e-03,1.863190e-02,5.138997e-02,9.197637e-03,3.213703e-03,1.747500e-02,7.256529e-01,1.284138e-02,3.268575e-03,8.747547e-04
1.809376e-02,7.257710e-03,1.614995e-02,2.065323e-03,1.503857e-01,1.716959e-02,2.298123e-02,4.785275e-02,7.332939e-02,2.656464e-03,1.587201e-02,6.106017e-01,1.195884e-02,2.477196e-03,1.148429e-03
2.327628e-02,6.520910e-03,1.679767e-02,3.634554e-03,1.920975e-01,1.883113e-02,4.982684e-02,5.684159e-02,6.229022e-02,2.053814e-03,1.706595e-02,5.375539e-01,1.048866e-02,1.823638e-03,8.973844e-04
3.587613e-02,8.650653e-03,1.928777e-02,7.101008e-03,2.393688e-01,1.880914e-02,5.305939e-02,4.971549e-02,5.334365e-02,1.683850e-03,2.087684e-02,4.787056e-01,1.100148e-02,1.639972e-03,8.802997e-04
6.371702e-02,9.679340e-03,1.960866e-02,1.406820e-02,3.104764e-01,3.567715e-02,4.068352e-02,4.350529e-02,7.401365e-02,1.367059e-03,1.875879e-02,3.504417e-01,1.510786e-02,1.486205e-03,1.409265e-03
7.468473e-02,9.902292e-03,2.190971e-02,3.327170e-02,3.375269e-01,3.589378e-02,6.988750e-02,5.931789e-02,7.560308e-02,1.101924e-03,1.433367e-02,2.505147e-01,1.353586e-02,1.126107e-03,1.390183e-03
5.479556e-02,6.974511e-03,1.549948e-02,2.343832e-02,2.492635e-01,2.556288e-02,3.279972e-01,4.391989e-02,5.389396e-02,8.803738e-04,1.007514e-02,1.754345e-01,1.039481e-02,8.073323e-04,1.062568e-03
3.924442e-02,4.894870e-03,1.090064e-02,1.643278e-02,1.795947e-01,1.804886e-02,5.204529e-01,3.229497e-02,3.859731e-02,7.801880e-04,7.068471e-03,1.228470e-01,7.453762e-03,6.001106e-04,7.890590e-04
3.053004e-02,3.488759e-03,7.750631e-03,1.159129e-02,1.444694e-01,1.307718e-02,6.295360e-01,2.402210e-02,2.989416e-02,5.678355e-03,5.275863e-03,8.619015e-02,6.540156e-03,4.981728e-04,1.457748e-03
2.177891e-02,2.678764e-03,5.621473e-03,8.358199e-03,1.028423e-01,9.561325e-03,6.804389e-01,1.803689e-02,2.171159e-02,9.976731e-03,4.262798e-02,6.545459e-02,7.502058e-03,4.092132e-04,3.001140e-03
1.662619e-02,2.293727e-03,4.118510e-03,6.207718e-03,7.410449e-02,7.781139e-03,6.699696e-01,1.309487e-02,1.590203e-02,1.202949e-02,9.699193e-02,5.313883e-02,2.270987e-02,3.668511e-04,4.664825e-03
1.269674e-02,1.820415e-03,2.961080e-03,4.938005e-03,5.312061e-02,6.009629e-03,5.180008e-01,9.712652e-03,1.612993e-02,5.455039e-02,1.849309e-01,5.473732e-02,5.065048e-02,2.244134e-03,2.749694e-02
9.019067e-03,1.459332e-03,2.157529e-03,4.241732e-03,3.796312e-02,4.594437e-03,4.080823e-01,7.084993e-03,1.262785e-02,1.348715e-01,2.106983e-01,5.031750e-02,7.788689e-02,3.711762e-03,3.528370e-02
6.361439e-03,2.402274e-03,2.138335e-03,3.633441e-03,2.692387e-02,3.517950e-03,2.884934e-01,5.077495e-03,1.153477e-02,1.441418e-01,3.133353e-01,3.978787e-02,1.001043e-01,3.566339e-03,4.898143e-02
4.960055e-03,2.312455e-03,1.656619e-03,5.026424e-03,1.948740e-02,3.156199e-03,2.074551e-01,6.174978e-03,1.856805e-02,2.764792e-01,2.578569e-01,3.174725e-02,8.300170e-02,1.341565e-02,6.870198e-02
4.615007e-03,2.252549e-03,1.330507e-03,5.571513e-03,1.464908e-02,3.261965e-03,1.484387e-01,5.901659e-03,2.305777e-02,3.073432e-01,2.648317e-01,2.616466e-02,7.871921e-02,2.747503e-02,8.638740e-02
4.397046e-03,2.532167e-03,1.587536e-03,5.703955e-03,1.189023e-02,2.605248e-02,1.045498e-01,4.756413e-03,3.195424e-02,2.378261e-01,3.076598e-01,2.451855e-02,7.388098e-02,3.458046e-02,1.281102e-01
5.674062e-03,3.063612e-03,1.872354e-03,1.031429e-02,1.515218e-02,2.104142e-02,7.398327e-02,4.501150e-03,5.640551e-02,1.986792e-01,3.471273e-01,2.740253e-02,6.752723e-02,4.124301e-02,1.260129e-01
5.517410e-03,3.024303e-03,1.851801e-03,1.715492e-02,1.874622e-02,1.761064e-02,5.256880e-02,4.113322e-03,1.148240e-01,1.615282e-01,3.168109e-01,2.744683e-02,6.802364e-02,4.778086e-02,1.429982e-01
4.328340e-03,2.858766e-03,2.027929e-03,1.320733e-02,2.974852e-02,1.278584e-02,3.705126e-02,3.134196e-03,9.681204e-02,1.196813e-01,2.799928e-01,2.367397e-02,5.752787e-02,2.077317e-01,1.094382e-01
3.552611e-03,2.294149e-03,1.603280e-03,1.150917e-02,2.947541e-02,9.321027e-03,2.643183e-02,2.565404e-03,8.612324e-02,1.034206e-01,2.663092e-01,2.312923e-02,4.737500e-02,2.769427e-01,1.099472e-01
3.004380e-03,2.187188e-03,3.085052e-03,9.341921e-03,2.382353e-02,6.787805e-03,1.853999e-02,2.098768e-03,6.862246e-02,8.090638e-02,3.186913e-01,1.928090e-02,4.065447e-02,2.610248e-01,1.419511e-01
3.317732e-03,2.069016e-03,3.851501e-03,8.145255e-03,2.660662e-02,5.274924e-03,1.311004e-02,1.967443e-03,6.047998e-02,6.399349e-02,3.366268e-01,1.571788e-02,3.568333e-02,2.456695e-01,1.774865e-01
4.292745e-03,2.937359e-03,5.396179e-03,1.041210e-02,2.173427e-02,6.839688e-03,9.272368e-03,1.725094e-03,9.588563e-02,5.783258e-02,3.812554e-01,1.399546e-02,2.843427e-02,2.244277e-01,1.355591e-01
6.822944e-03,3.992737e-03,5.645820e-03,7.585490e-03,1.840219e-02,5.161022e-03,6.508267e-03,1.296410e-03,8.790669e-02,5.264745e-02,4.071504e-01,1.601226e-02,2.649074e-02,2.398518e-01,1.145257e-01
5.514360e-03,4.848457e-03,5.485315e-03,5.410561e-03,1.913616e-02,3.849076e-03,4.577435e-03,9.216519e-04,9.545418e-02,4.963134e-02,4.210421e-01,1.511157e-02,2.236446e-02,2.493649e-01,9.728835e-02
7.475520e-03,6.298281e-03,5.279545e-03,4.113216e-03,1.684626e-02,3.586673e-03,3.243839e-03,8.050677e-04,7.716906e-02,5.418035e-02,4.758464e-01,1.259237e-02,1.791915e-02,2.341408e-01,8.050343e-02
7.061251e-03,5.412370e-03,4.165502e-03,3.081915e-03,1.375470e-02,3.580414e-03,2.302921e-03,6.436690e-04,6.621279e-02,5.421133e-02,4.865199e-01,1.061189e-02,1.379700e-02,2.505845e-01,7.805984e-02
7.822293e-03,4.795295e-03,3.121927e-03,2.453216e-03,1.043210e-02,3.357892e-03,1.634317e-03,5.670284e-04,5.229435e-02,5.829917e-02,5.452512e-01,1.092167e-02,1.251225e-02,2.293633e-01,5.717396e-02
8.228692e-03,4.454956e-03,2.561802e-03,1.824808e-03,8.126034e-03,2.680777e-03,1.158100e-03,4.487717e-04,4.274050e-02,5.263599e-02,5.336211e-01,1.182965e-02,1.047710e-02,2.772987e-01,4.191295e-02
1.017378e-02,4.671026e-03,2.416260e-03,1.442353e-03,6.483466e-03,2.274268e-03,8.374667e-04,4.388670e-04,3.610588e-02,4.687897e-02,5.141839e-01,1.139392e-02,9.034987e-03,3.223776e-01,3.128730e-02
1.283137e-02,4.194054e-03,2.772749e-03,1.101429e-03,4.762620e-03,2.782767e-03,5.999694e-04,5.013302e-04,3.236502e-02,3.381837e-02,4.513164e-01,9.366730e-03,6.658735e-03,4.147844e-01,2.214410e-02
1.038323e-02,3.270734e-03,2.210459e-03,8.035721e-04,3.479926e-03,2.452670e-03,4.250120e-04,3.791736e-04,2.723623e-02,2.548316e-02,4.904587e-01,7.507802e-03,4.749918e-03,4.054926e-01,1.566684e-02
7.836608e-03,2.634307e-03,1.822583e-03,6.180450e-04,2.662444e-03,2.955050e-03,3.052586e-04,2.910072e-04,2.071716e-02,2.002695e-02,5.491861e-01,6.791138e-03,3.592080e-03,3.693158e-01,1.124544e-02
5.705970e-03,1.914048e-03,1.385203e-03,4.428136e-04,1.903694e-03,2.246530e-03,2.144293e-04,2.071914e-04,1.625370e-02,1.477608e-02,5.554736e-01,5.674406e-03,2.562649e-03,3.832748e-01,7.964923e-03
4.350837e-03,1.415954e-03,1.193934e-03,3.355049e-04,1.394153e-03,2.287944e-03,1.522900e-04,1.666007e-04,1.378224e-02,1.111259e-02,5.090196e-01,4.823354e-03,1.898644e-03,4.423811e-01,5.685173e-03
3.542434e-03,1.405143e-03,1.103184e-03,3.618375e-04,1.868077e-03,2.030594e-03,1.119751e-04,1.398318e-04,2.383335e-02,1.106800e-02,5.446424e-01,3.993362e-03,1.404175e-03,4.002057e-01,4.289840e-03
2.572091e-03,1.001084e-03,8.403892e-04,2.679230e-04,1.373414e-03,1.587323e-03,7.903270e-05,1.012387e-04,1.918308e-02,9.334439e-03,5.942608e-01,3.122573e-03,1.034903e-03,3.621811e-01,3.060529e-03
1.911786e-03,8.270727e-04,7.248464e-04,1.917567e-04,1.017467e-03,1.364117e-03,5.678092e-05,7.241040e-05,1.407240e-02,2.173041e-02,6.556208e-01,2.515673e-03,7.683723e-04,2.969220e-01,2.204110e-03
1.564729e-03,7.415914e-04,1.007829e-03,1.566009e-04,8.069581e-04,1.449436e-03,4.611904e-05,6.223166e-05,1.094291e-02,3.364884e-02,5.946178e-01,2.272086e-03,6.945658e-04,3.503052e-01,1.683103e-03
1.203473e-03,6.171132e-04,7.510851e-04,1.160611e-04,6.231749e-04,1.272294e-03,3.713395e-05,4.550425e-05,7.886311e-03,5.291219e-02,6.491297e-01,1.825175e-03,5.484787e-04,2.817742e-01,1.258060e-03
9.452451e-04,8.176098e-04,9.267469e-04,9.967112e-05,5.493629e-04,1.115734e-03,3.787625e-05,4.239197e-05,6.440428e-03,1.201215e-01,6.449898e-01,1.736052e-03,4.201164e-04,2.203819e-01,1.375455e-03
7.096032e-04,6.521631e-04,1.050137e-03,8.335677e-05,4.420429e-04,1.330761e-03,3.819713e-05,3.782492e-05,4.932052e-03,2.336412e-01,5.829940e-01,1.537961e-03,3.243199e-04,1.710456e-01,1.180756e-03
6.091908e-04,7.073738e-04,3.184975e-03,1.160532e-04,5.244417e-04,1.742942e-03,1.007846e-04,1.002269e-04,3.812500e-03,4.218437e-01,4.352377e-01,1.192001e-03,2.628590e-04,1.288736e-01,1.691590e-03
6.223847e-04,7.737081e-04,2.552612e-03,1.854331e-04,4.714325e-04,1.616385e-03,9.191288e-05,1.267625e-04,3.588745e-03,5.604177e-01,3.265257e-01,9.163878e-04,2.588283e-04,9.966652e-02,2.185492e-03
5.354926e-04,8.691818e-04,1.889148e-03,1.604744e-04,4.880146e-04,1.484541e-03,7.100619e-05,9.755240e-05,2.711984e-03,6.734878e-01,2.382310e-01,6.928388e-04,3.687892e-04,7.654374e-02,2.368467e-03
4.367652e-04,7.585609e-04,1.391015e-03,1.457980e-04,8.481881e-04,1.608539e-03,6.547832e-05,7.614210e-05,2.025678e-03,7.634323e-01,1.717456e-01,5.904120e-04,5.157534e-04,5.431903e-02,2.040696e-03
3.439148e-04,6.053030e-04,1.024637e-03,1.261052e-04,1.052889e-03,2.205397e-03,5.718550e-05,5.964198e-05,1.521659e-03,8.277820e-01,1.239692e-01,4.942761e-04,6.578540e-04,3.849705e-02,1.602909e-03
3.157603e-04,5.086425e-04,9.192749e-04,1.200136e-04,9.184947e-04,3.574035e-03,9.883683e-05,1.704755e-04,1.356246e-03,8.728732e-01,8.924510e-02,5.926951e-04,9.447266e-04,2.712374e-02,1.238804e-03
5.440208e-04,6.672132e-04,9.498748e-04,1.159474e-04,9.984160e-04,4.516282e-03,2.093753e-04,9.400723e-04,1.740801e-03,8.976055e-01,6.819130e-02,1.242303e-03,1.673137e-03,1.959189e-02,1.013851e-03
6.500993e-04,1.449423e-03,1.337747e-03,1.287513e-04,1.406076e-03,3.785184e-03,1.862522e-04,1.145391e-03,1.845851e-03,9.188710e-01,5.027031e-02,1.896931e-03,1.850423e-03,1.425294e-02,9.235956e-04
1.773733e-03,1.463098e-03,2.531443e-03,2.315853e-04,5.655612e-03,3.001571e-03,2.366482e-04,1.678075e-03,3.521730e-03,9.255122e-01,3.783986e-02,2.672429e-03,2.382820e-03,1.052783e-02,9.713852e-04
2.993932e-03,1.231466e-03,4.152855e-03,4.633570e-04,1.747497e-02,2.871362e-03,7.455396e-04,1.506215e-02,5.595801e-03,9.027182e-01,2.859612e-02,5.285951e-03,3.831617e-03,8.084655e-03,8.919933e-04
7.137666e-03,2.138758e-03,8.699401e-03,1.079818e-03,2.847231e-02,5.373585e-03,1.119942e-03,3.388630e-02,1.071969e-02,8.552312e-01,2.514644e-02,6.250440e-03,4.385487e-03,8.814514e-03,1.544416e-03
7.164882e-03,1.737842e-03,1.380357e-02,1.180137e-03,3.674079e-02,4.406780e-03,2.499401e-03,9.385683e-02,9.584673e-03,7.880836e-01,1.912693e-02,5.188792e-03,5.953277e-03,9.201830e-03,1.470624e-03
6.626830e-03,1.359342e-03,1.264080e-02,9.848734e-04,4.804923e-02,3.997494e-03,5.772077e-03,1.169400e-01,7.892733e-03,7.628039e-01,1.358901e-02,4.124952e-03,6.731944e-03,7.340879e-03,1.145852e-03
6.529583e-03,1.575229e-03,1.343700e-02,9.704394e-04,4.557864e-02,4.483163e-03,9.329984e-03,1.490659e-01,7.784394e-03,7.324030e-01,1.002816e-02,3.902106e-03,8.340827e-03,5.550537e-03,1.021072e-03
6.420460e-03,1.857496e-03,1.256394e-02,7.931350e-04,4.379474e-02,4.475834e-03,1.300193e-02,1.705512e-01,6.712956e-03,7.137593e-01,7.310336e-03,3.803528e-03,9.577231e-03,4.454257e-03,9.235959e-04
5.692556e-03,1.922360e-03,1.204480e-02,6.672180e-04,4.730137e-02,4.418933e-03,3.541576e-02,2.594187e-01,5.206678e-03,6.069775e-01,5.363941e-03,3.121865e-03,8.098253e-03,3.525961e-03,8.240929e-04
7.100787e-03,2.199085e-03,1.416507e-02,5.507381e-04,4.812695e-02,4.260802e-03,7.381150e-02,2.799653e-01,4.638989e-03,5.484147e-01,3.999421e-03,2.686482e-03,6.528547e-03,2.869554e-03,6.820780e-04
1.472501e-02,3.980227e-03,1.849411e-02,7.732181e-04,7.125989e-02,8.111346e-03,1.285573e-01,2.521723e-01,6.013684e-03,4.794771e-01,3.745954e-03,3.235830e-03,6.062812e-03,2.619055e-03,7.722267e-04
1.924975e-02,4.959389e-03,1.765462e-02,8.650871e-04,9.566825e-02,7.672941e-03,2.463965e-01,1.931618e-01,8.409610e-03,3.913187e-01,2.985026e-03,3.084302e-03,5.278016e-03,2.242062e-03,1.053875e-03
2.115621e-02,4.262468e-03,1.692761e-02,9.383823e-04,1.019928e-01,6.488929e-03,3.499915e-01,1.764120e-01,7.667760e-03,3.016542e-01,2.440837e-03,2.558322e-03,4.162230e-03,2.109218e-03,1.237531e-03
1.840872e-02,3.731613e-03,1.261803e-02,7.733979e-04,7.863271e-02,6.690354e-03,5.193286e-01,1.297149e-01,6.096613e-03,2.130004e-01,1.886775e-03,2.597976e-03,3.527003e-03,1.688275e-03,1.304651e-03
1.515542e-02,3.620658e-03,9.314233e-03,6.098269e-04,5.875675e-02,5.361579e-03,6.441219e-01,9.696075e-02,5.942163e-03,1.494374e-01,1.630786e-03,2.311342e-03,2.968274e-03,1.605558e-03,2.203418e-03
1.459040e-02,3.788956e-03,6.842074e-03,5.174038e-04,4.261501e-02,5.497016e-03,7.312337e-01,7.045845e-02,6.238122e-03,1.054994e-01,2.856946e-03,2.711790e-03,3.382069e-03,1.269563e-03,2.499138e-03
2.603420e-02,6.027133e-03,5.800326e-03,6.712590e-04,3.388020e-02,7.058296e-03,7.475048e-01,5.455783e-02,1.493784e-02,7.788901e-02,9.211865e-03,3.979496e-03,6.094888e-03,1.288912e-03,5.063978e-03
5.049690e-02,8.810213e-03,4.959788e-03,1.108725e-03,2.869125e-02,9.924084e-03,6.906817e-01,4.256498e-02,3.899261e-02,6.534903e-02,3.147636e-02,7.171183e-03,7.822086e-03,1.619668e-03,1.033143e-02
4.073589e-02,1.193335e-02,4.118027e-03,6.121739e-03,2.354893e-02,2.007708e-02,5.009795e-01,3.004720e-02,7.002798e-02,7.008734e-02,9.374054e-02,2.056725e-02,2.726029e-02,1.148601e-02,6.926884e-02
3.002226e-02,9.471882e-03,3.056672e-03,4.685689e-03,1.737255e-02,1.623710e-02,3.558346e-01,2.125737e-02,5.998866e-02,7.091019e-02,1.020701e-01,1.941962e-02,4.323074e-02,1.221707e-02,2.342255e-01
2.137407e-02,1.000847e-02,2.358659e-03,4.455202e-03,1.283825e-02,1.259104e-02,2.606764e-01,1.517941e-02,4.671919e-02,9.009162e-02,8.109327e-02,3.111110e-02,1.435741e-01,1.239142e-02,2.555378e-01
1.623821e-02,7.442260e-03,1.769398e-03,4.371059e-03,1.388759e-02,1.769045e-02,1.856546e-01,1.149190e-02,6.031772e-02,2.260992e-01,6.958392e-02,3.332086e-02,1.258359e-01,9.715240e-03,2.165818e-01
1.291957e-02,7.105551e-03,1.788225e-03,6.599619e-03,1.699414e-02,2.204374e-02,1.311290e-01,9.013212e-03,9.258655e-02,3.165322e-01,5.571568e-02,2.923232e-02,1.277722e-01,7.084461e-03,1.634835e-01
1.092418e-02,6.690512e-03,3.035275e-03,9.369612e-03,1.537952e-02,2.812776e-02,9.210119e-02,8.881218e-03,9.222066e-02,2.611669e-01,7.320668e-02,6.328198e-02,1.950819e-01,5.645705e-03,1.348870e-01
8.236722e-03,7.076662e-03,6.385370e-03,1.387479e-02,1.394023e-02,2.069889e-02,6.462465e-02,2.925204e-02,1.947847e-01,1.935558e-01,8.953226e-02,5.821970e-02,1.994326e-01,3.993888e-03,9.639170e-02
6.244180e-03,7.866431e-03,5.408144e-03,1.634924e-02,1.167384e-02,1.492257e-02,4.529400e-02,2.552412e-02,3.898968e-01,1.383559e-01,6.806163e-02,4.480318e-02,1.550506e-01,2.802123e-03,6.774733e-02
5.134945e-03,1.185878e-02,7.628337e-03,8.016447e-02,1.103909e-02,1.532301e-02,3.173294e-02,1.931422e-02,4.779046e-01,9.719278e-02,4.991885e-02,3.265071e-02,1.102083e-01,1.983895e-03,4.794512e-02
6.277929e-03,1.782477e-02,5.915709e-03,7.426605e-02,1.045919e-02,1.662429e-02,2.233222e-02,1.671185e-02,5.839932e-01,6.852972e-02,3.809792e-02,2.380867e-02,7.947581e-02,1.415526e-03,3.426724e-02
1.016452e-02,1.514821e-02,7.426097e-03,9.698520e-02,1.912533e-02,1.504507e-02,1.619101e-02,4.395765e-02,5.962438e-01,4.829139e-02,2.989240e-02,1.765448e-02,5.818173e-02,1.081886e-03,2.461135e-02
3.265603e-02,2.057343e-02,2.047223e-02,1.407286e-01,4.301997e-02,2.083526e-02,1.410769e-02,4.544445e-02,5.277022e-01,3.498092e-02,2.296414e-02,1.347582e-02,4.208092e-02,8.985016e-04,2.005995e-02
2.987641e-02,2.148428e-02,1.458533e-01,1.959825e-01,3.580908e-02,1.771859e-02,1.049291e-02,3.846603e-02,3.971677e-01,3.098910e-02,1.693835e-02,9.898202e-03,2.985142e-02,7.132612e-04,1.875888e-02
3.410448e-02,2.512810e-02,2.330114e-01,2.132924e-01,3.567402e-02,1.564468e-02,8.070311e-03,3.336773e-02,3.143943e-01,2.538656e-02,1.270488e-02,7.753289e-03,2.146618e-02,6.253555e-04,1.937630e-02
4.667885e-02,2.230680e-02,1.888777e-01,1.721078e-01,5.445109e-02,1.400505e-02,8.002329e-03,1.531764e-01,2.734425e-01,1.886219e-02,1.030734e-02,6.090027e-03,1.612314e-02,5.362878e-04,1.503255e-02
3.663343e-02,1.582246e-02,1.333435e-01,1.219513e-01,5.966159e-02,1.021021e-02,6.715047e-03,3.628426e-01,2.048828e-01,1.326075e-02,7.655539e-03,4.304800e-03,1.163117e-02,4.052548e-04,1.067942e-02
2.845724e-02,1.116672e-02,9.452417e-02,8.604090e-02,6.083164e-02,7.696371e-03,7.403403e-02,4.548682e-01,1.440408e-01,9.379124e-03,5.514119e-03,3.051858e-03,1.247448e-02,2.972558e-04,7.623151e-03
2.067731e-02,7.862719e-03,6.638876e-02,6.037793e-02,6.034516e-02,5.727932e-03,2.019851e-01,4.471849e-01,1.009470e-01,6.605234e-03,3.913004e-03,2.158929e-03,1.020261e-02,2.154794e-04,5.407955e-03
1.528983e-02,5.558719e-03,4.658861e-02,4.239476e-02,4.728713e-02,4.279813e-03,3.000045e-01,4.469256e-01,7.081737e-02,4.656684e-03,2.802416e-03,1.567481e-03,7.850938e-03,1.612394e-04,3.814881e-03
1.237504e-02,3.940878e-03,3.269069e-02,2.979064e-02,3.639992e-02,3.299908e-03,3.053968e-01,5.108937e-01,4.983022e-02,3.305777e-03,2.141761e-03,1.189810e-03,5.915879e-03,1.237418e-04,2.705239e-03
9.556344e-03,2.827587e-03,2.303700e-02,2.101323e-02,2.783378e-02,3.074411e-03,4.136006e-01,4.507357e-01,3.512651e-02,2.371896e-03,1.660495e-03,1.032310e-03,6.070995e-03,9.991160e-05,1.959233e-03
7.546708e-03,2.009858e-03,1.622005e-02,1.473105e-02,2.022655e-02,2.890147e-03,5.641342e-01,3.376383e-01,2.463391e-02,1.726991e-03,1.246242e-03,8.280235e-04,4.658503e-03,7.768537e-05,1.431867e-03
6.998797e-03,1.429928e-03,1.146310e-02,1.034184e-02,1.493491e-02,2.607637e-03,6.726027e-01,2.540438e-01,1.738551e-02,1.369627e-03,1.035312e-03,6.917835e-04,3.856161e-03,7.784482e-05,1.161187e-03
8.250217e-03,1.038703e-03,8.118805e-03,7.282168e-03,1.160361e-02,2.093131e-03,7.474427e-01,1.948830e-01,1.263106e-02,1.048838e-03,1.042129e-03,6.137652e-04,2.897858e-03,8.669544e-05,9.673672e-04
9.130985e-03,7.495678e-04,5.774761e-03,5.115254e-03,8.605484e-03,1.838309e-03,8.066254e-01,1.475233e-01,9.282374e-03,7.723447e-04,8.820661e-04,5.210508e-04,2.344059e-03,7.414816e-05,7.608990e-04
9.811411e-03,5.757593e-04,4.203702e-03,3.604645e-03,6.511197e-03,2.030956e-03,8.532275e-01,1.083588e-01,6.773584e-03,5.815205e-04,7.202924e-04,6.371002e-04,1.946387e-03,7.964597e-05,9.375152e-04
1.563426e-02,4.802445e-04,3.116491e-03,2.569574e-03,6.093547e-03,2.456533e-03,8.777080e-01,8.177423e-02,5.158040e-03,4.449020e-04,6.983373e-04,8.603401e-04,1.871482e-03,1.088309e-04,1.025205e-03
2.356619e-02,4.527648e-04,2.475208e-03,1.925346e-03,7.030700e-03,3.965884e-03,8.869718e-01,6.221503e-02,4.336960e-03,4.203697e-04,1.295289e-03,1.434388e-03,1.984263e-03,2.440127e-04,1.681750e-03
5.461656e-02,4.033132e-04,2.073625e-03,1.512352e-03,6.299112e-03,4.847298e-03,8.691790e-01,4.873453e-02,3.879691e-03,3.540831e-04,1.612517e-03,2.094176e-03,2.340332e-03,3.303614e-04,1.723043e-03
8.103734e-02,4.013095e-04,1.879217e-03,1.349454e-03,6.317510e-03,6.972619e-03,8.495653e-01,3.880513e-02,3.331792e-03,3.187836e-04,2.217478e-03,2.440293e-03,3.105785e-03,3.850902e-04,1.873002e-03
5.724770e-02,7.937247e-04,1.369360e-03,1.236487e-03,5.024997e-03,1.049255e-02,6.448187e-01,2.780491e-02,4.900808e-03,3.520707e-04,5.542539e-03,2.243500e-03,2.293958e-01,2.865230e-04,8.490440e-03
4.153624e-02,2.822603e-03,1.106125e-03,1.767796e-03,5.646631e-03,1.228537e-02,5.262301e-01,2.092379e-02,3.956773e-02,3.126812e-03,3.760155e-02,5.399225e-03,2.500023e-01,1.165100e-03,5.081871e-02
3.042208e-02,4.810560e-03,8.324679e-04,2.430298e-03,5.248783e-03,1.052334e-02,3.919410e-01,1.552857e-02,8.072422e-02,6.679697e-03,9.332612e-02,6.475752e-03,2.389662e-01,1.339038e-03,1.107519e-01
2.147169e-02,7.367384e-03,6.171096e-04,2.432235e-03,3.848155e-03,7.663119e-03,2.747402e-01,1.092670e-02,3.449467e-01,5.652469e-03,6.703438e-02,4.846083e-03,1.687564e-01,1.016260e-03,7.868116e-02
1.852297e-02,8.231290e-03,5.931087e-04,4.190025e-03,3.365127e-03,8.279353e-03,1.944175e-01,8.418172e-03,3.592272e-01,1.076781e-02,7.552757e-02,7.314821e-03,1.619463e-01,2.237095e-03,1.369617e-01
1.677087e-02,7.155666e-03,6.930986e-04,5.152469e-03,3.790144e-03,8.949187e-03,1.380894e-01,6.580460e-03,3.333483e-01,1.552665e-02,7.099815e-02,2.249373e-02,1.784956e-01,5.537784e-03,1.864185e-01
1.787241e-02,7.117501e-03,1.214267e-03,3.927715e-03,5.713687e-03,7.468247e-03,9.692635e-02,6.015852e-03,3.157183e-01,1.180682e-02,6.069554e-02,3.328495e-02,2.234779e-01,8.623625e-03,2.001368e-01
2.358739e-02,8.227840e-03,6.487977e-03,3.003394e-03,1.701336e-02,7.560004e-03,6.863977e-02,1.464511e-02,3.699572e-01,9.143489e-03,5.197084e-02,4.028721e-02,1.891220e-01,6.867252e-03,1.834871e-01
2.202653e-02,8.130087e-03,9.368842e-03,2.478374e-03,2.013933e-02,1.462366e-02,4.917912e-02,2.485159e-02,4.609351e-01,7.082156e-03,3.995552e-02,3.530333e-02,1.698179e-01,5.055500e-03,1.310530e-01
1.794294e-02,6.148257e-03,1.082214e-02,2.045580e-03,2.225910e-02,1.094523e-02,3.638272e-02,1.975602e-01,4.084666e-01,5.147255e-03,3.144633e-02,2.753952e-02,1.269529e-01,3.610383e-03,9.273086e-02
2.913088e-02,9.289967e-03,2.140796e-02,5.785423e-03,5.766992e-02,1.427633e-02,2.877197e-02,1.624374e-01,4.395216e-01,6.316881e-03,2.425657e-02,2.018542e-02,1.103200e-01,2.732391e-03,6.789729e-02
5.540078e-02,1.075336e-02,2.147730e-02,7.284571e-03,6.703246e-02,1.631503e-02,2.296495e-02,1.292043e-01,4.745369e-01,6.076867e-03,1.942511e-02,1.527593e-02,9.562292e-02,2.119536e-03,5.651005e-02
6.881885e-02,1.149037e-02,2.570351e-02,1.100174e-02,6.726653e-02,1.572297e-02,1.717336e-02,1.111471e-01,4.988592e-01,5.759349e-03,1.560823e-02,1.162960e-02,8.460268e-02,1.655467e-03,5.356101e-02
6.461990e-02,7.162865e-02,8.484830e-02,8.054817e-02,5.342449e-02,1.840615e-02,1.243991e-02,8.496530e-02,3.554908e-01,9.482939e-03,1.380182e-02,1.112898e-02,6.065345e-02,1.421028e-03,7.714015e-02
6.655577e-02,6.410158e-02,1.236339e-01,1.237966e-01,4.037981e-02,1.557440e-02,9.004664e-03,6.341423e-02,2.722834e-01,1.823424e-02,1.374671e-02,1.055827e-02,4.513304e-02,1.256123e-03,1.323272e-01
6.514390e-02,6.732842e-02,1.311397e-01,9.339211e-02,3.122824e-02,2.129828e-02,7.392275e-03,5.474949e-02,2.543260e-01,3.545291e-02,2.824315e-02,1.251680e-02,5.797966e-02,2.435237e-03,1.373739e-01
8.674754e-02,5.720327e-02,9.630586e-02,6.986385e-02,3.206851e-02,3.183188e-02,7.009909e-03,6.414658e-02,2.915027e-01,3.166624e-02,2.737448e-02,1.094435e-02,8.609983e-02,4.041736e-03,1.031933e-01
9.803427e-02,5.014546e-02,7.378533e-02,5.343710e-02,3.556523e-02,3.448973e-02,7.163670e-03,1.074961e-01,3.090745e-01,2.904227e-02,2.670801e-02,1.161750e-02,7.446205e-02,6.024301e-03,8.295437e-02
9.064160e-02,5.536769e-02,1.002509e-01,4.710867e-02,2.914004e-02,3.030103e-02,5.724817e-03,9.999368e-02,2.526621e-01,5.396328e-02,2.435922e-02,1.176616e-02,7.899273e-02,7.724007e-03,1.120041e-01
7.254862e-02,4.696304e-02,1.267828e-01,6.654990e-02,2.975994e-02,2.512529e-02,5.507899e-03,1.234875e-01,1.983743e-01,6.390470e-02,4.834733e-02,1.617760e-02,6.991684e-02,6.235657e-03,1.003186e-01
5.291241e-02,3.364684e-02,1.441871e-01,1.146509e-01,2.428976e-02,2.081801e-02,5.642683e-03,9.763353e-02,1.408128e-01,4.600315e-02,6.947279e-02,1.927011e-02,1.544003e-01,4.511813e-03,7.174784e-02
3.756382e-02,2.413664e-02,1.046185e-01,9.336933e-02,1.840108e-02,1.671127e-02,7.594207e-03,6.862795e-02,1.006476e-01,3.438117e-02,5.496215e-02,4.575212e-02,3.368323e-01,3.630213e-03,5.277168e-02
2.640787e-02,1.708928e-02,7.452153e-02,7.112131e-02,1.337568e-02,1.243992e-02,7.318594e-03,4.820304e-02,7.092614e-02,2.621019e-02,4.373298e-02,6.061796e-02,4.872370e-01,2.684877e-03,3.811364e-02
1.853761e-02,1.215795e-02,5.483169e-02,5.200434e-02,9.576419e-03,8.948604e-03,6.746943e-03,3.381629e-02,5.002347e-02,2.303818e-02,3.298063e-02,8.083142e-02,5.870349e-01,1.912120e-03,2.755948e-02
1.413785e-02,1.057679e-02,4.061328e-02,3.802024e-02,7.133414e-03,7.925354e-03,1.566391e-02,2.373685e-02,3.637033e-02,1.923078e-02,2.718356e-02,2.294568e-01,5.083271e-01,1.560203e-03,2.006353e-02
