1.000000e+00,0.000000e+00,0.000000e+00,0.000000e+00,0.000000e+00,0.000000e+00,0.000000e+00,0.000000e+00,0.000000e+00,0.000000e+00,0.000000e+00,0.000000e+00,0.000000e+00,0.000000e+00,0.000000e+00
1.000000e+00,0.000000e+00,0.000000e+00,0.000000e+00,0.000000e+00,0.000000e+00,0.000000e+00,0.000000e+00,0.000000e+00,0.000000e+00,0.000000e+00,0.000000e+00,0.000000e+00,0.000000e+00,0.000000e+00
1.000000e+00,0.000000e+00,0.000000e+00,0.000000e+00,0.000000e+00,0.000000e+00,0.000000e+00,0.000000e+00,0.000000e+00,0.000000e+00,0.000000e+00,0.000000e+00,0.000000e+00,0.000000e+00,0.000000e+00
1.000000e+00,0.000000e+00,0.000000e+00,0.000000e+00,0.000000e+00,0.000000e+00,0.000000e+00,0.000000e+00,0.000000e+00,0.000000e+00,0.000000e+00,0.000000e+00,0.000000e+00,0.000000e+00,0.000000e+00
1.000000e+00,0.000000e+00,0.000000e+00,0.000000e+00,0.000000e+00,0.000000e+00,0.000000e+00,0.000000e+00,0.000000e+00,0.000000e+00,0.000000e+00,0.000000e+00,0.000000e+00,0.000000e+00,0.000000e+00
1.000000e+00,0.000000e+00,0.000000e+00,0.000000e+00,0.000000e+00,0.000000e+00,0.000000e+00,0.000000e+00,0.000000e+00,0.000000e+00,0.000000e+00,0.000000e+00,0.000000e+00,0.000000e+00,0.000000e+00
1.000000e+00,0.000000e+00,0.000000e+00,0.000000e+00,0.000000e+00,0.000000e+00,0.000000e+00,0.000000e+00,0.000000e+00,0.000000e+00,0.000000e+00,0.000000e+00,0.000000e+00,0.000000e+00,0.000000e+00
1.000000e+00,0.000000e+00,0.000000e+00,0.000000e+00,0.000000e+00,0.000000e+00,0.000000e+00,0.000000e+00,0.000000e+00,0.000000e+00,0.000000e+00,0.000000e+00,0.000000e+00,0.000000e+00,0.000000e+00
1.000000e+00,0.000000e+00,0.000000e+00,0.000000e+00,0.000000e+00,0.000000e+00,0.000000e+00,0.000000e+00,0.000000e+00,0.000000e+00,0.000000e+00,0.000000e+00,0.000000e+00,0.000000e+00,0.000000e+00
1.000000e+00,0.000000e+00,0.000000e+00,0.000000e+00,0.000000e+00,0.000000e+00,0.000000e+00,0.000000e+00,0.000000e+00,0.000000e+00,0.000000e+00,0.000000e+00,0.000000e+00,0.000000e+00,0.000000e+00
1.000000e+00,0.000000e+00,0.000000e+00,0.000000e+00,0.000000e+00,0.000000e+00,0.000000e+00,0.000000e+00,0.000000e+00,0.000000e+00,0.000000e+00,0.000000e+00,0.000000e+00,0.000000e+00,0.000000e+00
1.000000e+00,0.000000e+00,0.000000e+00,0.000000e+00,0.000000e+00,0.000000e+00,0.000000e+00,0.000000e+00,0.000000e+00,0.000000e+00,0.000000e+00,0.000000e+00,0.000000e+00,0.000000e+00,0.000000e+00
1.000000e+00,0.000000e+00,0.000000e+00,0.000000e+00,0.000000e+00,0.000000e+00,0.000000e+00,0.000000e+00,0.000000e+00,0.000000e+00,0.000000e+00,0.000000e+00,0.000000e+00,0.000000e+00,0.000000e+00
1.000000e+00,0.000000e+00,0.000000e+00,0.000000e+00,0.000000e+00,0.000000e+00,0.000000e+00,0.000000e+00,0.000000e+00,0.000000e+00,0.000000e+00,0.000000e+00,0.000000e+00,0.000000e+00,0.000000e+00
1.000000e+00,0.000000e+00,0.000000e+00,0.000000e+00,0.000000e+00,0.000000e+00,0.000000e+00,0.000000e+00,0.000000e+00,0.000000e+00,0.000000e+00,0.000000e+00,0.000000e+00,0.000000e+00,0.000000e+00
1.000000e+00,0.000000e+00,0.000000e+00,0.000000e+00,0.000000e+00,0.000000e+00,0.000000e+00,0.000000e+00,0.000000e+00,0.000000e+00,0.000000e+00,0.000000e+00,0.000000e+00,0.000000e+00,0.000000e+00
1.000000e+00,0.000000e+00,0.000000e+00,0.000000e+00,0.000000e+00,0.000000e+00,0.000000e+00,0.000000e+00,0.000000e+00,0.000000e+00,0.000000e+00,0.000000e+00,0.000000e+00,0.000000e+00,0.000000e+00
1.000000e+00,0.000000e+00,0.000000e+00,0.000000e+00,0.000000e+00,0.000000e+00,0.000000e+00,0.000000e+00,0.000000e+00,0.000000e+00,0.000000e+00,0.000000e+00,0.000000e+00,0.000000e+00,0.000000e+00
1.000000e+00,0.000000e+00,0.000000e+00,0.000000e+00,0.000000e+00,0.000000e+00,0.000000e+00,0.000000e+00,0.000000e+00,0.000000e+00,0.000000e+00,0.000000e+00,0.000000e+00,0.000000e+00,0.000000e+00
1.000000e+00,0.000000e+00,0.000000e+00,0.000000e+00,0.000000e+00,0.000000e+00,0.000000e+00,0.000000e+00,0.000000e+00,0.000000e+00,0.000000e+00,0.000000e+00,0.000000e+00,0.000000e+00,0.000000e+00
1.000000e+00,0.000000e+00,0.000000e+00,0.000000e+00,0.000000e+00,0.000000e+00,0.000000e+00,0.000000e+00,0.000000e+00,0.000000e+00,0.000000e+00,0.000000e+00,0.000000e+00,0.000000e+00,0.000000e+00
1.000000e+00,0.000000e+00,0.000000e+00,0.000000e+00,0.000000e+00,0.000000e+00,0.000000e+00,0.000000e+00,0.000000e+00,0.000000e+00,0.000000e+00,0.000000e+00,0.000000e+00,0.000000e+00,0.000000e+00
1.000000e+00,0.000000e+00,0.000000e+00,0.000000e+00,0.000000e+00,0.000000e+00,0.000000e+00,0.000000e+00,0.000000e+00,0.000000e+00,0.000000e+00,0.000000e+00,0.000000e+00,0.000000e+00,0.000000e+00
1.000000e+00,0.000000e+00,0.000000e+00,0.000000e+00,0.000000e+00,0.000000e+00,0.000000e+00,0.000000e+00,0.000000e+00,0.000000e+00,0.000000e+00,0.000000e+00,0.000000e+00,0.000000e+00,0.000000e+00
1.000000e+00,0.000000e+00,0.000000e+00,0.000000e+00,0.000000e+00,0.000000e+00,0.000000e+00,0.000000e+00,0.000000e+00,0.000000e+00,0.000000e+00,0.000000e+00,0.000000e+00,0.000000e+00,0.000000e+00
1.000000e+00,0.000000e+00,0.000000e+00,0.000000e+00,0.000000e+00,0.000000e+00,0.000000e+00,0.000000e+00,0.000000e+00,0.000000e+00,0.000000e+00,0.000000e+00,0.000000e+00,0.000000e+00,0.000000e+00
1.000000e+00,0.000000e+00,0.000000e+00,0.000000e+00,0.000000e+00,0.000000e+00,0.000000e+00,0.000000e+00,0.000000e+00,0.000000e+00,0.000000e+00,0.000000e+00,0.000000e+00,0.000000e+00,0.000000e+00
1.000000e+00,0.000000e+00,0.000000e+00,0.000000e+00,0.000000e+00,0.000000e+00,0.000000e+00,0.000000e+00,0.000000e+00,0.000000e+00,0.000000e+00,0.000000e+00,0.000000e+00,0.000000e+00,0.000000e+00
1.000000e+00,0.000000e+00,0.000000e+00,0.000000e+00,0.000000e+00,0.000000e+00,0.000000e+00,0.000000e+00,0.000000e+00,0.000000e+00,0.000000e+00,0.000000e+00,0.000000e+00,0.000000e+00,0.000000e+00
1.000000e+00,0.000000e+00,0.000000e+00,0.000000e+00,0.000000e+00,0.000000e+00,0.000000e+00,0.000000e+00,0.000000e+00,0.000000e+00,0.000000e+00,0.000000e+00,0.000000e+00,0.000000e+00,0.000000e+00
1.000000e+00,0.000000e+00,0.000000e+00,0.000000e+00,0.000000e+00,0.000000e+00,0.000000e+00,0.000000e+00,0.000000e+00,0.000000e+00,0.000000e+00,0.000000e+00,0.000000e+00,0.000000e+00,0.000000e+00
1.000000e+00,0.000000e+00,0.000000e+00,0.000000e+00,0.000000e+00,0.000000e+00,0.000000e+00,0.000000e+00,0.000000e+00,0.000000e+00,0.000000e+00,0.000000e+00,0.000000e+00,0.000000e+00,0.000000e+00
1.000000e+00,0.000000e+00,0.000000e+00,0.000000e+00,0.000000e+00,0.000000e+00,0.000000e+00,0.000000e+00,0.000000e+00,0.000000e+00,0.000000e+00,0.000000e+00,0.000000e+00,0.000000e+00,0.000000e+00
1.000000e+00,0.000000e+00,0.000000e+00,0.000000e+00,0.000000e+00,0.000000e+00,0.000000e+00,0.000000e+00,0.000000e+00,0.000000e+00,0.000000e+00,0.000000e+00,0.000000e+00,0.000000e+00,0.000000e+00
1.000000e+00,0.000000e+00,0.000000e+00,0.000000e+00,0.000000e+00,0.000000e+00,0.000000e+00,0.000000e+00,0.000000e+00,0.000000e+00,0.000000e+00,0.000000e+00,0.000000e+00,0.000000e+00,0.000000e+00
1.000000e+00,0.000000e+00,0.000000e+00,0.000000e+00,0.000000e+00,0.000000e+00,0.000000e+00,0.000000e+00,0.000000e+00,0.000000e+00,0.000000e+00,0.000000e+00,0.000000e+00,0.000000e+00,0.000000e+00
1.000000e+00,0.000000e+00,0.000000e+00,0.000000e+00,0.000000e+00,0.000000e+00,0.000000e+00,0.000000e+00,0.000000e+00,0.000000e+00,0.000000e+00,0.000000e+00,0.000000e+00,0.000000e+00,0.000000e+00
1.000000e+00,0.000000e+00,0.000000e+00,0.000000e+00,0.000000e+00,0.000000e+00,0.000000e+00,0.000000e+00,0.000000e+00,0.000000e+00,0.000000e+00,0.000000e+00,0.000000e+00,0.000000e+00,0.000000e+00
1.000000e+00,0.000000e+00,0.000000e+00,0.000000e+00,0.000000e+00,0.000000e+00,0.000000e+00,0.000000e+00,0.000000e+00,0.000000e+00,0.000000e+00,0.000000e+00,0.000000e+00,0.000000e+00,0.000000e+00
1.000000e+00,0.000000e+00,0.000000e+00,0.000000e+00,0.000000e+00,0.000000e+00,0.000000e+00,0.000000e+00,0.000000e+00,0.000000e+00,0.000000e+00,0.000000e+00,0.000000e+00,0.000000e+00,0.000000e+00
1.000000e+00,0.000000e+00,0.000000e+00,0.000000e+00,0.000000e+00,0.000000e+00,0.000000e+00,0.000000e+00,0.000000e+00,0.000000e+00,0.000000e+00,0.000000e+00,0.000000e+00,0.000000e+00,0.000000e+00
1.000000e+00,0.000000e+00,0.000000e+00,0.000000e+00,0.000000e+00,0.000000e+00,0.000000e+00,0.000000e+00,0.000000e+00,0.000000e+00,0.000000e+00,0.000000e+00,0.000000e+00,0.000000e+00,0.000000e+00
1.000000e+00,0.000000e+00,0.000000e+00,0.000000e+00,0.000000e+00,0.000000e+00,0.000000e+00,0.000000e+00,0.000000e+00,0.000000e+00,0.000000e+00,0.000000e+00,0.000000e+00,0.000000e+00,0.000000e+00
1.000000e+00,0.000000e+00,0.000000e+00,0.000000e+00,0.000000e+00,0.000000e+00,0.000000e+00,0.000000e+00,0.000000e+00,0.000000e+00,0.000000e+00,0.000000e+00,0.000000e+00,0.000000e+00,0.000000e+00
1.000000e+00,0.000000e+00,0.000000e+00,0.000000e+00,0.000000e+00,0.000000e+00,0.000000e+00,0.000000e+00,0.000000e+00,0.000000e+00,0.000000e+00,0.000000e+00,0.000000e+00,0.000000e+00,0.000000e+00
1.000000e+00,0.000000e+00,0.000000e+00,0.000000e+00,0.000000e+00,0.000000e+00,0.000000e+00,0.000000e+00,0.000000e+00,0.000000e+00,0.000000e+00,0.000000e+00,0.000000e+00,0.000000e+00,0.000000e+00
1.000000e+00,0.000000e+00,0.000000e+00,0.000000e+00,0.000000e+00,0.000000e+00,0.000000e+00,0.000000e+00,0.000000e+00,0.000000e+00,0.000000e+00,0.000000e+00,0.000000e+00,0.000000e+00,0.000000e+00
1.000000e+00,0.000000e+00,0.000000e+00,0.000000e+00,0.000000e+00,0.000000e+00,0.000000e+00,0.000000e+00,0.000000e+00,0.000000e+00,0.000000e+00,0.000000e+00,0.000000e+00,0.000000e+00,0.000000e+00
1.000000e+00,0.000000e+00,0.000000e+00,0.000000e+00,0.000000e+00,0.000000e+00,0.000000e+00,0.000000e+00,0.000000e+00,0.000000e+00,0.000000e+00,0.000000e+00,0.000000e+00,0.000000e+00,0.000000e+00
1.000000e+00,0.000000e+00,0.000000e+00,0.000000e+00,0.000000e+00,0.000000e+00,0.000000e+00,0.000000e+00,0.000000e+00,0.000000e+00,0.000000e+00,0.000000e+00,0.000000e+00,0.000000e+00,0.000000e+00
1.000000e+00,0.000000e+00,0.000000e+00,0.000000e+00,0.000000e+00,0.000000e+00,0.000000e+00,0.000000e+00,0.000000e+00,0.000000e+00,0.000000e+00,0.000000e+00,0.000000e+00,0.000000e+00,0.000000e+00
4.073595e-01,7.842326e-03,2.022272e-02,2.244166e-02,2.919466e-03,1.617954e-02,7.557635e-03,4.482350e-01,2.410960e-03,9.636268e-04,9.327498e-03,2.961498e-02,1.531881e-02,1.859952e-03,7.746318e-03
2.888528e-01,5.543211e-03,1.585555e-02,1.718331e-02,2.178543e-03,1.183000e-02,6.131822e-03,6.044249e-01,1.730158e-03,6.816225e-04,6.718023e-03,2.101107e-02,1.096805e-02,1.424295e-03,5.466676e-03
2.056209e-01,3.921069e-03,1.163014e-02,1.256696e-02,1.666258e-03,8.698695e-03,4.900213e-03,7.167544e-01,1.246350e-03,4.848256e-04,4.810883e-03,1.485438e-02,7.880633e-03,1.087536e-03,3.876792e-03
1.443458e-01,2.780069e-03,8.688912e-03,9.501825e-03,1.249610e-03,6.226986e-03,3.674542e-03,7.993065e-01,8.834447e-04,3.419931e-04,3.410021e-03,1.043250e-02,5.563209e-03,8.668081e-04,2.727758e-03
1.018792e-01,1.985177e-03,6.510176e-03,6.985194e-03,1.542821e-03,4.456554e-03,2.962815e-03,8.562508e-01,6.831017e-04,2.590769e-04,2.436920e-03,7.380121e-03,4.058056e-03,6.632374e-04,1.946789e-03
7.239889e-02,1.422581e-03,4.798431e-03,5.168913e-03,1.979031e-03,3.220375e-03,2.516247e-03,8.959208e-01,5.104224e-04,1.995745e-04,1.760811e-03,5.235804e-03,2.993009e-03,4.849728e-04,1.390225e-03
5.187305e-02,1.042192e-03,3.517330e-03,3.916375e-03,3.439862e-03,2.475670e-03,2.087653e-03,9.223136e-01,3.858797e-04,1.813992e-04,1.286143e-03,3.782286e-03,2.354305e-03,3.477414e-04,9.965436e-04
3.834861e-02,7.583449e-04,2.597465e-03,2.965041e-03,4.320642e-03,1.854550e-03,1.663172e-03,9.404840e-01,2.930147e-04,1.822969e-04,9.416830e-04,2.736078e-03,1.888724e-03,2.489052e-04,7.174789e-04
3.259584e-02,6.036308e-04,1.903956e-03,2.201898e-03,4.704677e-03,1.521939e-03,1.344460e-03,9.492285e-01,2.825541e-04,2.477142e-04,7.234818e-04,2.177177e-03,1.665896e-03,1.954352e-04,6.029088e-04
2.857903e-02,4.586700e-04,1.400655e-03,1.611522e-03,5.151390e-03,1.141480e-03,1.048788e-03,9.560462e-01,2.383796e-04,1.981282e-04,5.504282e-04,1.626121e-03,1.339316e-03,1.475482e-04,4.624197e-04
2.480052e-02,3.640089e-04,1.055301e-03,1.194331e-03,4.820241e-03,8.999522e-04,8.391101e-04,9.622886e-01,1.932826e-04,1.656855e-04,4.477998e-04,1.275538e-03,1.156858e-03,1.158338e-04,3.830234e-04
2.038391e-02,2.706871e-04,8.642381e-04,8.827430e-04,4.867204e-03,7.304056e-04,1.039980e-03,9.679769e-01,1.473391e-04,1.265539e-04,3.470116e-04,9.724335e-04,9.865821e-04,9.126100e-05,3.128322e-04
1.781475e-02,2.247870e-04,7.855786e-04,6.720687e-04,4.407038e-03,8.929980e-04,1.322910e-03,9.702722e-01,1.519708e-04,1.293020e-04,3.485995e-04,9.853594e-04,1.498450e-03,9.599145e-05,3.980215e-04
1.263129e-02,2.498190e-04,6.628873e-04,8.494782e-04,3.191866e-03,7.583185e-04,9.815407e-04,7.993603e-01,2.944284e-04,7.122553e-03,8.570351e-02,4.160595e-03,5.215280e-03,7.843260e-02,3.855437e-04
9.032575e-03,1.959671e-04,4.692393e-04,6.282767e-04,2.278596e-03,5.837909e-04,7.103856e-04,5.753434e-01,5.117871e-04,1.593473e-02,1.632218e-01,6.248983e-03,6.677885e-03,2.177516e-01,4.109367e-04
6.489571e-03,1.805491e-04,3.326453e-04,4.728647e-04,1.635933e-03,4.440477e-04,5.351530e-04,4.112233e-01,7.033719e-04,1.222134e-02,3.024060e-01,1.236905e-02,7.863336e-03,2.427526e-01,3.701851e-04
4.637314e-03,1.521021e-04,2.400797e-04,4.196276e-04,1.217863e-03,3.334640e-04,3.969957e-04,2.886315e-01,9.745731e-04,9.693415e-03,4.816765e-01,1.316161e-02,6.065951e-03,1.921036e-01,2.954494e-04
3.329288e-03,1.285557e-04,1.767068e-04,3.763177e-04,9.287547e-04,2.483179e-04,2.943175e-04,2.025148e-01,1.492660e-03,7.612495e-03,6.009491e-01,1.346216e-02,4.811091e-03,1.634143e-01,2.611376e-04
2.347720e-03,1.012129e-04,1.257709e-04,3.190811e-04,6.729566e-04,1.794928e-04,2.093701e-04,1.417887e-01,1.198472e-03,5.740605e-03,7.093519e-01,1.073871e-02,3.458154e-03,1.235654e-01,2.025841e-04
1.668828e-03,1.021703e-04,9.839033e-05,7.795274e-04,1.537745e-03,1.853744e-04,2.159550e-04,9.929550e-02,1.562162e-03,4.216953e-03,7.796961e-01,1.013573e-02,4.175988e-03,9.616790e-02,1.617187e-04
1.183270e-03,8.853157e-05,8.783897e-05,7.897221e-04,3.262510e-03,1.946763e-04,2.304180e-04,6.953004e-02,1.819944e-03,3.154683e-03,8.347350e-01,9.285150e-03,4.060879e-03,7.145239e-02,1.249154e-04
8.377596e-04,1.814705e-04,2.465501e-04,6.887934e-04,6.511448e-03,2.062726e-04,2.887023e-04,4.868812e-02,2.323132e-03,2.499475e-03,8.734034e-01,8.387777e-03,3.493878e-03,5.214509e-02,9.816234e-05
5.998213e-04,3.013125e-04,4.243721e-04,6.424191e-04,9.662684e-03,4.046440e-04,4.448774e-04,3.412760e-02,5.861352e-03,1.953681e-03,8.932490e-01,8.492995e-03,3.601736e-03,4.015127e-02,8.223898e-05
4.464670e-04,1.567221e-03,1.242701e-03,6.538815e-04,8.623175e-03,9.302766e-04,3.746492e-04,2.392267e-02,7.947691e-03,1.675922e-03,8.996863e-01,1.056599e-02,5.766049e-03,3.647277e-02,1.242375e-04
4.054187e-04,1.241612e-02,4.169647e-03,8.185789e-04,1.256798e-02,3.407066e-03,6.941655e-04,1.695300e-02,5.008843e-02,1.561338e-03,8.485183e-01,9.009077e-03,1.216980e-02,2.698599e-02,2.351605e-04
8.968534e-04,1.751432e-02,8.768370e-03,1.707607e-03,2.739802e-02,1.684267e-02,2.920652e-03,1.574001e-02,5.872060e-02,3.139309e-03,7.994460e-01,9.375639e-03,1.585745e-02,2.117035e-02,5.022535e-04
7.155098e-04,1.689753e-01,2.084169e-02,2.090513e-03,2.510482e-02,1.286989e-02,2.247043e-03,1.309550e-02,1.196261e-01,4.131311e-03,5.897545e-01,7.131072e-03,1.505603e-02,1.541862e-02,2.942199e-03
7.192291e-04,1.731867e-01,2.111537e-02,3.492260e-03,2.164834e-02,2.301666e-02,1.815735e-03,5.258867e-02,2.237907e-01,4.540894e-03,4.375198e-01,6.769759e-03,1.509365e-02,1.158525e-02,3.117036e-03
8.887364e-04,2.102281e-01,1.727145e-02,5.367022e-03,2.046093e-02,2.565306e-02,1.360800e-03,5.114540e-02,3.221960e-01,4.135655e-03,3.111588e-01,5.213551e-03,1.153305e-02,8.298588e-03,5.088743e-03
3.698549e-03,1.877290e-01,1.787081e-02,1.225821e-02,5.046637e-02,2.034338e-02,1.450779e-03,1.491896e-01,3.080202e-01,3.488493e-03,2.214372e-01,4.013351e-03,8.828522e-03,5.943040e-03,5.262431e-03
7.999443e-03,1.744605e-01,1.913081e-02,1.480115e-02,7.576630e-02,1.785466e-02,1.894441e-03,1.495647e-01,3.462848e-01,5.287873e-03,1.620582e-01,3.873740e-03,8.210568e-03,4.750650e-03,8.062139e-03
1.255621e-02,1.670998e-01,1.634848e-02,1.240172e-02,1.241600e-01,1.667423e-02,2.080330e-03,1.108650e-01,3.921583e-01,5.451885e-03,1.156199e-01,3.399451e-03,6.423832e-03,3.711367e-03,1.104937e-02
1.087221e-02,1.848300e-01,1.265603e-02,9.638123e-03,1.150073e-01,1.881033e-02,1.921063e-03,7.995300e-02,4.523334e-01,5.225466e-03,8.288405e-02,2.774652e-03,5.573865e-03,2.851050e-03,1.466953e-02
9.515257e-03,1.715162e-01,1.040867e-02,3.530003e-02,9.377696e-02,1.705896e-02,1.551441e-03,6.328642e-02,5.014275e-01,9.042155e-03,5.944899e-02,2.659527e-03,4.889604e-03,2.085669e-03,1.803264e-02
1.136159e-02,1.338982e-01,8.084564e-03,5.165391e-02,1.085715e-01,2.305759e-02,1.681665e-03,7.549744e-02,5.100474e-01,7.712184e-03,4.358463e-02,2.952442e-03,4.416920e-03,1.746507e-03,1.573344e-02
1.375665e-02,1.108478e-01,6.777541e-03,4.811236e-02,1.328493e-01,2.235697e-02,1.962592e-03,8.615273e-02,5.137817e-01,7.205239e-03,3.113881e-02,2.583059e-03,3.646601e-03,1.585526e-03,1.724309e-02
1.663811e-02,8.308062e-02,8.113453e-03,4.338484e-02,1.425565e-01,2.223278e-02,2.402947e-03,1.950651e-01,4.380394e-01,6.233232e-03,2.243748e-02,2.020402e-03,2.831516e-03,1.450545e-03,1.351307e-02
2.608683e-02,6.690190e-02,1.210654e-02,4.013490e-02,1.480023e-01,4.252122e-02,2.484519e-03,1.891412e-01,3.917612e-01,1.435882e-02,1.734048e-02,1.781406e-03,3.245577e-03,2.657752e-03,4.147541e-02
3.074953e-02,6.250124e-02,2.570575e-02,4.657049e-02,1.175490e-01,3.550392e-02,1.980597e-03,1.814329e-01,3.522651e-01,3.015903e-02,1.465642e-02,2.803198e-03,4.068915e-03,2.723343e-03,9.133066e-02
4.921263e-02,5.913427e-02,4.230735e-02,7.184762e-02,1.135266e-01,2.941035e-02,2.733569e-03,1.650384e-01,3.325486e-01,2.907900e-02,1.232992e-02,2.899819e-03,4.686885e-03,2.640279e-03,8.260477e-02
6.168747e-02,5.841513e-02,5.020420e-02,6.666231e-02,1.362303e-01,3.009423e-02,3.545675e-03,1.468196e-01,3.228481e-01,2.484917e-02,1.087133e-02,2.706198e-03,4.950245e-03,3.279389e-03,7.683667e-02
5.108754e-02,4.301718e-02,4.184444e-02,5.421703e-02,1.144718e-01,2.246195e-02,5.637118e-03,3.145726e-01,2.626658e-01,1.774351e-02,8.355247e-03,2.011802e-03,3.983752e-03,2.453589e-03,5.547671e-02
4.179455e-02,3.185088e-02,3.154721e-02,3.904629e-02,8.603621e-02,1.629293e-02,6.525731e-03,4.854825e-01,1.968455e-01,1.250002e-02,6.750312e-03,1.436921e-03,2.975533e-03,1.781494e-03,3.913395e-02
3.073034e-02,2.277327e-02,2.912616e-02,2.833194e-02,6.460407e-02,1.287148e-02,3.154377e-02,5.908911e-01,1.384595e-01,9.274755e-03,4.958233e-03,1.058208e-03,5.657215e-03,1.424610e-03,2.829533e-02
2.820605e-02,1.865190e-02,2.526771e-02,2.262682e-02,5.569686e-02,1.549125e-02,1.275135e-01,5.078243e-01,1.022751e-01,1.056705e-02,1.120432e-02,2.737283e-03,4.756825e-02,1.356137e-03,2.301357e-02
2.108397e-02,1.343561e-02,1.904091e-02,1.665019e-02,4.278836e-02,1.409183e-02,2.440751e-01,4.525762e-01,7.286029e-02,1.061262e-02,1.730997e-02,1.621573e-02,3.961822e-02,2.379852e-03,1.726123e-02
1.724452e-02,9.655927e-03,1.337008e-02,1.257058e-02,3.023646e-02,1.127463e-02,3.460572e-01,3.242507e-01,5.127421e-02,8.027528e-03,2.385006e-02,5.851345e-02,7.936023e-02,1.856586e-03,1.245788e-02
1.263601e-02,6.958455e-03,9.385387e-03,9.682535e-03,2.125311e-02,9.279130e-03,2.702953e-01,2.284647e-01,3.605479e-02,6.019606e-03,3.652659e-02,6.211266e-02,2.808076e-01,1.373145e-03,9.150982e-03
9.267661e-03,4.969858e-03,6.617149e-03,7.101834e-03,1.493394e-02,6.931082e-03,1.999279e-01,1.637021e-01,2.564981e-02,5.554901e-03,4.637579e-02,9.941779e-02,4.015818e-01,1.193059e-03,6.775430e-03
8.554514e-03,3.648106e-03,4.717367e-03,5.108135e-03,1.058282e-02,5.618001e-03,1.751167e-01,1.155221e-01,1.984546e-02,5.256298e-03,3.961150e-02,2.830062e-01,3.157246e-01,2.622945e-03,5.065301e-03
6.759475e-03,2.896822e-03,3.391185e-03,3.698660e-03,7.467722e-03,4.224988e-03,1.355941e-01,8.113655e-02,1.641191e-02,6.977880e-03,3.810433e-02,4.318427e-01,2.534068e-01,4.230440e-03,3.856599e-03
5.521541e-03,2.352268e-03,2.671225e-03,2.634379e-03,5.343153e-03,3.218846e-03,9.575550e-02,5.700191e-02,1.374631e-02,7.898218e-03,4.679431e-02,5.384912e-01,2.082936e-01,7.059563e-03,3.217979e-03
4.182718e-03,1.853704e-03,2.044738e-03,1.939792e-03,3.876707e-03,2.698772e-03,6.726871e-02,4.068160e-02,1.577250e-02,1.200197e-02,9.558114e-02,5.793533e-01,1.590904e-01,1.073002e-02,2.923926e-03
3.052593e-03,1.538909e-03,1.503540e-03,1.520202e-03,2.920974e-03,1.974222e-03,4.717303e-02,2.866494e-02,1.965927e-02,1.168559e-02,8.319987e-02,6.716687e-01,1.139098e-01,9.336117e-03,2.192300e-03
2.274132e-03,1.987425e-03,1.828441e-03,1.598614e-03,2.940733e-03,1.515717e-03,3.304677e-02,2.016227e-02,5.416552e-02,1.123037e-02,1.210519e-01,6.560251e-01,8.011675e-02,1.026541e-02,1.790778e-03
1.917472e-03,1.835706e-03,1.696877e-03,1.981899e-03,3.591287e-03,1.426449e-03,2.315321e-02,1.416874e-02,5.761923e-02,1.168341e-02,1.658790e-01,6.339144e-01,5.631648e-02,2.334669e-02,1.469104e-03
2.359448e-03,2.010589e-03,1.457968e-03,2.703328e-03,9.557253e-03,2.012405e-03,1.636994e-02,1.006899e-02,5.430488e-02,1.920718e-02,2.369686e-01,5.420487e-01,4.016879e-02,5.889020e-02,1.871803e-03
4.253053e-03,2.028539e-03,1.369529e-03,3.213307e-03,1.331886e-02,2.793893e-03,1.157127e-02,7.379595e-03,4.734205e-02,1.971006e-02,3.002081e-01,4.322919e-01,2.869561e-02,1.238175e-01,2.006761e-03
4.350604e-03,3.630847e-03,1.631408e-03,2.845245e-03,2.097149e-02,2.832917e-03,8.210627e-03,5.482980e-03,4.818355e-02,2.377776e-02,3.577402e-01,3.459632e-01,2.060713e-02,1.515717e-01,2.200321e-03
3.548082e-03,2.799941e-03,1.183621e-03,2.120009e-03,1.577802e-02,2.359167e-03,5.775155e-03,3.904880e-03,3.647554e-02,2.965326e-02,4.610059e-01,2.611878e-01,1.549899e-02,1.570046e-01,1.705157e-03
2.732026e-03,2.647489e-03,9.192603e-04,1.545047e-03,1.253571e-02,2.041975e-03,4.079214e-03,2.758392e-03,2.855826e-02,4.755895e-02,5.126563e-01,2.090074e-01,1.155834e-02,1.599060e-01,1.495623e-03
2.006709e-03,2.444372e-03,7.353678e-04,1.098746e-03,9.246686e-03,1.798732e-03,2.895656e-03,1.952214e-03,2.111453e-02,5.670319e-02,6.033311e-01,1.547904e-01,8.987375e-03,1.316006e-01,1.294373e-03
1.496623e-03,4.030432e-03,7.704138e-04,8.086289e-04,8.557615e-03,2.608977e-03,2.232484e-03,1.427485e-03,1.680369e-02,8.418380e-02,6.366513e-01,1.200550e-01,6.792002e-03,1.119445e-01,1.637040e-03
1.172240e-03,3.587578e-03,9.817162e-04,6.404720e-04,1.169405e-02,2.854071e-03,2.079502e-03,1.562661e-03,1.419653e-02,9.782074e-02,6.709057e-01,8.922774e-02,5.329347e-03,9.589978e-02,2.047838e-03
1.211897e-03,3.391661e-03,1.767792e-03,1.141742e-03,3.582605e-02,4.022917e-03,2.260881e-03,7.391283e-03,1.690905e-02,9.440093e-02,6.597768e-01,6.505380e-02,4.225861e-03,9.987190e-02,2.747402e-03
2.022444e-03,4.786765e-03,3.877179e-03,3.050379e-03,3.976025e-02,9.077137e-03,4.699214e-03,2.267907e-02,2.802559e-02,1.166786e-01,5.783725e-01,5.143818e-02,3.775887e-03,1.263618e-01,5.394947e-03
2.748179e-03,6.888058e-03,3.873277e-03,3.010286e-03,9.792328e-02,4.065996e-02,8.868889e-03,6.372952e-02,1.062838e-01,9.624250e-02,4.227362e-01,4.050279e-02,3.539982e-03,9.694562e-02,6.047591e-03
4.322166e-03,1.892352e-02,6.332300e-03,3.130924e-03,9.221108e-02,4.515035e-02,9.392798e-03,1.046678e-01,2.110057e-01,8.320418e-02,3.029773e-01,3.099127e-02,4.524996e-03,7.255021e-02,1.061544e-02
6.587860e-03,1.651129e-02,1.206266e-02,2.619152e-03,7.590019e-02,3.439957e-02,6.959745e-02,2.590503e-01,1.548822e-01,6.501584e-02,2.146424e-01,2.220918e-02,6.748190e-03,5.100993e-02,8.763773e-03
5.384068e-03,1.184424e-02,1.152503e-02,1.882770e-03,5.630348e-02,2.451975e-02,1.625168e-01,3.567763e-01,1.088666e-01,4.642235e-02,1.504282e-01,1.562572e-02,5.851522e-03,3.577687e-02,6.276276e-03
4.043055e-03,8.437077e-03,1.051729e-02,1.370640e-03,4.219318e-02,1.774064e-02,2.308536e-01,4.229530e-01,7.658986e-02,3.266416e-02,1.053852e-01,1.096118e-02,6.719127e-03,2.508171e-02,4.490222e-03
3.162268e-03,6.078277e-03,8.215405e-03,1.056946e-03,4.084206e-02,1.342291e-02,3.547589e-01,3.796772e-01,5.459576e-02,2.292843e-02,7.404177e-02,7.701307e-03,1.265393e-02,1.761460e-02,3.250235e-03
3.117652e-03,4.630548e-03,7.230713e-03,9.103964e-04,5.189338e-02,1.068421e-02,4.081250e-01,3.738026e-01,3.891929e-02,1.612990e-02,5.232446e-02,5.416256e-03,1.181712e-02,1.250480e-02,2.493698e-03
3.291378e-03,3.291715e-03,5.664611e-03,7.986214e-04,4.266058e-02,9.420146e-03,5.133117e-01,3.193628e-01,2.748855e-02,1.144628e-02,3.737693e-02,3.826117e-03,1.097565e-02,8.801861e-03,2.283059e-03
4.986363e-03,2.495138e-03,5.827832e-03,8.577919e-04,3.937201e-02,7.845780e-03,5.880466e-01,2.728176e-01,2.014762e-02,8.191513e-03,2.739048e-02,2.735079e-03,1.051502e-02,6.249252e-03,2.522018e-03
6.145371e-03,1.913531e-03,4.932187e-03,9.825163e-04,3.320082e-02,6.304677e-03,6.753483e-01,2.111949e-01,1.485789e-02,5.883417e-03,2.160316e-02,1.976116e-03,8.650999e-03,4.475235e-03,2.530912e-03
1.111946e-02,1.877235e-03,3.932873e-03,9.611170e-04,2.723585e-02,5.080043e-03,6.949877e-01,2.060858e-01,1.193901e-02,4.254903e-03,1.692719e-02,1.537018e-03,8.870105e-03,3.213967e-03,1.977687e-03
1.445557e-02,1.656038e-03,3.659231e-03,1.110681e-03,2.219023e-02,4.133004e-03,6.592879e-01,2.556010e-01,8.923587e-03,3.085085e-03,1.223700e-02,1.205989e-03,8.534054e-03,2.385561e-03,1.535018e-03
1.761089e-02,1.437155e-03,5.684217e-03,1.345041e-03,1.743415e-02,3.915614e-03,6.140712e-01,3.094070e-01,6.463262e-03,2.384573e-03,9.235481e-03,1.117591e-03,6.891564e-03,1.739423e-03,1.262855e-03
2.346603e-02,1.247622e-03,6.709488e-03,1.805560e-03,1.487266e-02,3.535263e-03,5.355949e-01,3.889871e-01,4.957187e-03,1.820644e-03,7.223924e-03,1.146469e-03,6.271977e-03,1.255051e-03,1.106070e-03
3.245662e-02,1.050296e-03,6.616853e-03,2.167153e-03,1.789591e-02,2.871583e-03,3.989661e-01,5.186402e-01,4.068493e-03,1.353021e-03,5.851228e-03,1.074672e-03,5.217645e-03,9.012107e-04,8.690317e-04
3.132324e-02,8.448698e-04,5.754243e-03,1.719892e-03,1.459516e-02,2.625132e-03,2.865381e-01,6.402892e-01,3.305968e-03,1.007307e-03,5.057720e-03,1.194594e-03,4.242727e-03,6.553601e-04,8.464401e-04
3.302465e-02,7.069053e-04,5.263399e-03,1.421147e-03,1.165493e-02,2.701373e-03,2.073294e-01,7.240847e-01,2.597301e-03,7.832152e-04,4.233533e-03,1.310380e-03,3.582662e-03,4.938010e-04,8.126110e-04
3.638152e-02,6.933082e-04,4.768184e-03,1.446423e-03,9.194926e-03,3.401757e-03,1.510296e-01,7.791538e-01,2.573129e-03,7.001014e-04,4.342252e-03,1.951788e-03,3.050192e-03,4.129186e-04,9.000894e-04
4.239640e-02,6.696872e-04,4.145560e-03,1.738708e-03,7.273989e-03,3.945716e-03,1.075896e-01,8.173637e-01,3.387006e-03,6.740171e-04,4.081333e-03,2.322265e-03,2.767982e-03,4.224820e-04,1.221553e-03
6.216592e-02,4.084506e-03,3.550066e-03,5.231659e-03,8.873714e-03,1.654924e-02,7.903218e-02,7.743175e-01,9.503916e-03,1.582840e-03,9.896243e-03,7.060466e-03,1.393147e-02,4.633369e-04,3.756938e-03
7.449692e-02,3.613861e-03,2.964234e-03,9.495227e-03,6.591463e-03,1.544782e-02,5.564576e-02,6.877699e-01,1.206272e-02,2.066965e-03,2.002904e-02,1.722013e-02,7.595395e-02,1.721092e-03,1.492087e-02
8.192503e-02,5.596822e-03,2.668106e-03,1.969494e-02,5.853545e-03,1.377288e-02,3.937444e-02,5.831717e-01,1.779389e-02,4.127848e-03,3.684076e-02,2.097812e-02,1.329097e-01,1.943220e-03,3.334898e-02
6.703284e-02,6.965606e-03,3.286525e-03,4.377204e-02,4.696951e-03,1.373562e-02,2.796212e-02,4.499543e-01,1.841123e-02,8.218090e-03,6.832850e-02,2.181835e-02,2.117426e-01,1.832348e-03,5.224287e-02
5.004823e-02,5.538736e-03,4.106191e-03,3.241892e-02,4.150180e-03,1.089193e-02,2.003024e-02,3.223150e-01,1.507630e-02,1.037705e-02,5.002386e-02,1.711232e-02,3.087544e-01,1.670499e-03,1.474861e-01
3.647846e-02,4.305703e-03,3.632612e-03,2.351692e-02,4.288337e-03,8.103472e-03,1.435605e-02,2.290176e-01,1.207735e-02,1.555075e-02,3.634210e-02,1.385606e-02,4.090485e-01,1.366152e-03,1.880600e-01
2.733693e-02,3.236208e-03,2.912124e-03,1.684711e-02,4.578728e-03,9.840411e-03,1.073117e-02,1.609627e-01,1.018197e-02,1.715050e-02,2.745725e-02,1.767317e-02,4.743404e-01,1.487738e-03,2.152637e-01
2.088461e-02,2.825850e-03,2.222583e-03,1.182608e-02,7.064815e-03,7.766374e-03,7.865398e-03,1.131434e-01,9.357752e-03,1.519880e-02,1.988794e-02,1.404074e-02,4.500492e-01,1.162087e-03,3.167044e-01
1.562669e-02,3.653828e-03,4.603091e-03,8.605527e-03,3.577977e-02,8.812366e-03,7.702781e-03,7.962032e-02,1.007368e-02,1.508398e-02,1.422570e-02,1.219423e-02,5.282513e-01,1.292568e-03,2.544743e-01
1.328396e-02,5.936680e-03,9.168572e-03,1.420174e-02,6.328256e-02,1.078747e-02,7.794857e-03,5.695800e-02,1.385292e-02,1.536678e-02,1.122483e-02,1.316724e-02,5.029106e-01,1.443022e-03,2.606208e-01
1.116082e-02,6.110628e-03,1.433473e-02,1.539847e-02,6.548144e-02,1.127341e-02,7.452767e-03,4.266477e-02,1.822190e-02,1.706536e-02,1.159688e-02,1.379315e-02,4.859417e-01,1.346366e-03,2.781576e-01
1.012349e-02,7.699315e-03,1.849119e-02,1.303144e-02,6.000540e-02,8.763756e-03,6.970523e-03,3.169382e-02,1.967635e-02,1.670368e-02,1.120993e-02,1.332355e-02,5.412661e-01,1.297233e-03,2.397442e-01
1.083812e-02,8.402845e-03,1.394113e-02,1.203826e-02,4.762164e-02,6.886996e-03,6.025439e-03,2.321597e-02,1.828402e-02,1.270874e-02,1.170766e-02,1.604851e-02,6.328953e-01,9.742032e-04,1.784112e-01
1.282655e-02,2.064102e-02,2.420691e-02,4.164390e-02,3.922730e-02,7.167932e-03,4.865486e-03,1.815990e-02,3.202756e-02,9.858239e-03,1.118183e-02,2.588866e-02,6.228738e-01,8.572649e-04,1.285737e-01
1.552893e-02,1.723073e-02,2.688301e-02,3.224237e-02,3.304187e-02,1.195106e-02,3.951245e-03,1.591555e-02,2.975579e-02,7.229386e-03,1.029629e-02,2.301932e-02,6.673918e-01,1.065279e-03,1.044974e-01
2.249314e-02,1.832493e-02,2.559359e-02,2.470493e-02,3.050791e-02,2.300441e-02,3.230403e-03,1.693835e-02,2.748188e-02,5.367307e-03,9.236403e-03,1.962239e-02,6.905465e-01,1.333741e-03,8.161416e-02
2.119993e-02,1.766831e-02,1.963322e-02,1.776594e-02,2.620187e-02,2.826493e-02,3.162397e-03,1.327319e-02,3.979039e-02,3.808944e-03,6.718276e-03,1.687958e-02,7.262271e-01,9.946013e-04,5.841135e-02
1.651285e-02,1.351603e-02,1.428164e-02,1.258170e-02,2.084792e-02,2.211804e-02,2.843532e-03,1.006827e-02,3.041922e-02,2.694853e-03,4.904769e-03,1.681855e-02,7.889491e-01,7.248904e-04,4.271865e-02
1.895969e-02,1.730756e-02,1.825733e-02,1.467284e-02,2.657617e-02,2.385767e-02,3.949019e-03,1.391628e-02,3.500094e-02,1.969527e-03,4.125744e-03,1.808313e-02,7.695414e-01,7.469468e-04,3.303586e-02
1.900854e-02,1.435862e-02,1.304029e-02,1.093346e-02,2.520613e-02,1.946366e-02,3.444556e-03,1.088013e-02,2.785081e-02,1.431192e-03,3.022562e-03,1.570562e-02,8.107820e-01,5.726712e-04,2.429984e-02
2.049419e-02,1.431525e-02,9.453135e-03,8.149055e-03,2.502381e-02,1.831282e-02,3.656196e-03,9.429638e-03,2.855291e-02,1.032804e-03,2.274558e-03,1.721051e-02,8.232309e-01,4.349885e-04,1.842930e-02
2.559254e-02,5.053742e-02,1.599804e-02,8.223742e-02,5.748410e-02,1.915088e-02,4.807062e-03,1.116715e-02,3.975099e-02,1.048704e-03,2.099012e-03,1.321568e-02,6.585444e-01,4.363510e-04,1.793035e-02
3.800195e-02,4.419909e-02,1.265249e-02,8.808326e-02,5.690507e-02,3.113139e-02,5.193850e-03,8.470242e-03,4.157324e-02,8.712706e-04,3.192039e-03,1.250312e-02,6.411315e-01,6.048123e-04,1.548667e-02
9.374432e-02,3.543824e-02,9.401845e-03,7.144304e-02,4.856361e-02,3.004864e-02,4.701188e-03,6.545607e-03,3.662448e-02,8.115922e-04,3.989228e-03,1.642332e-02,6.256095e-01,1.059923e-03,1.559554e-02
8.000049e-02,2.627272e-02,7.282644e-03,5.277301e-02,3.572233e-02,2.955311e-02,3.695963e-03,4.696910e-03,2.730747e-02,9.532387e-04,1.028346e-02,2.327533e-02,6.846459e-01,1.816657e-03,1.172081e-02
6.997474e-02,1.881105e-02,5.186913e-03,3.803800e-02,2.649642e-02,3.034155e-02,3.232647e-03,3.431664e-03,2.054578e-02,1.102844e-03,2.178149e-02,3.829255e-02,7.096033e-01,2.109693e-03,1.105143e-02
6.027623e-02,1.354352e-02,3.759613e-03,2.695903e-02,1.888803e-02,3.436759e-02,2.605310e-03,2.444225e-03,1.531530e-02,2.451375e-03,2.351528e-02,6.232135e-02,7.232539e-01,1.933363e-03,8.365866e-03
4.377096e-02,9.715982e-03,2.758197e-03,1.924770e-02,1.546087e-02,2.652766e-02,1.903135e-03,1.992038e-03,2.021546e-02,4.703969e-03,4.814298e-02,7.777689e-02,7.195247e-01,1.412578e-03,6.846849e-03
3.087931e-02,6.945855e-03,2.815638e-03,1.380195e-02,1.476199e-02,1.940424e-02,1.458562e-03,3.282422e-03,3.127945e-02,5.793783e-02,5.033468e-02,7.180140e-02,6.890090e-01,1.190093e-03,5.097605e-03
2.174966e-02,5.472950e-03,6.539325e-03,1.012336e-02,1.318341e-02,1.492554e-02,1.071317e-03,2.975533e-03,4.062711e-02,1.347704e-01,5.330961e-02,7.235595e-02,6.163399e-01,8.906508e-04,5.665296e-03
1.530363e-02,5.811763e-03,7.543502e-03,7.639660e-03,1.027426e-02,1.070238e-02,9.294953e-04,2.218259e-03,4.336840e-02,2.766857e-01,5.431938e-02,6.535973e-02,4.860956e-01,6.473711e-04,1.310089e-02
1.084802e-02,4.676041e-03,5.327745e-03,6.403490e-03,7.657682e-03,7.957069e-03,7.714776e-04,1.636180e-03,6.667740e-02,2.879671e-01,6.179851e-02,6.137216e-02,4.117336e-01,7.509525e-04,6.442258e-02
7.790156e-03,3.862171e-03,3.800245e-03,6.112238e-03,5.897825e-03,6.190485e-03,6.045410e-04,1.482912e-03,7.151198e-02,2.805351e-01,7.766116e-02,5.318993e-02,3.805253e-01,1.295821e-03,9.954017e-02
5.569477e-03,3.306794e-03,2.725697e-03,4.524455e-03,4.313707e-03,4.528690e-03,4.515047e-04,1.286240e-03,7.159650e-02,2.485680e-01,7.627173e-02,4.817422e-02,3.117733e-01,3.316922e-03,2.135928e-01
3.944410e-03,4.359005e-03,1.963902e-03,3.346431e-03,3.070151e-03,3.380336e-03,3.241317e-04,9.414987e-04,6.431724e-02,1.889643e-01,7.135823e-02,4.146610e-02,2.393676e-01,3.304950e-03,3.698918e-01
2.815726e-03,5.834479e-03,1.436324e-03,2.510478e-03,2.264139e-03,2.668571e-03,2.315412e-04,7.079853e-04,6.338180e-02,1.463947e-01,7.475372e-02,3.230033e-02,1.906542e-01,4.781722e-03,4.692642e-01
2.055027e-03,1.470173e-02,1.052433e-03,1.807117e-03,1.804140e-03,2.822576e-03,1.651851e-04,5.098569e-04,7.794169e-02,1.109953e-01,7.076032e-02,2.597777e-02,1.465043e-01,5.229848e-03,5.376727e-01
1.574313e-03,1.828590e-02,8.498778e-04,1.425049e-03,1.430838e-03,2.973843e-03,1.183482e-04,3.997593e-04,7.619610e-02,9.239710e-02,8.265194e-02,2.105521e-02,1.162593e-01,9.872633e-03,5.745098e-01
1.421185e-03,2.078048e-02,1.026755e-03,1.416858e-03,1.193292e-03,4.400745e-03,9.288439e-05,3.520292e-04,9.062260e-02,6.763047e-02,7.029015e-02,1.800005e-02,8.675183e-02,7.510845e-02,5.609123e-01
2.178025e-03,2.301150e-02,1.540910e-02,5.786633e-03,1.891898e-03,8.047450e-03,2.181410e-04,1.863766e-03,1.646882e-01,5.480579e-02,6.202392e-02,1.657854e-02,6.834719e-02,1.009786e-01,4.741712e-01
3.484231e-03,1.744659e-02,1.114433e-02,6.028713e-03,5.926173e-03,8.608232e-03,4.208737e-04,2.143983e-03,3.342024e-01,4.319843e-02,6.388836e-02,1.504800e-02,5.099717e-02,8.392964e-02,3.535328e-01
5.184420e-03,1.730705e-02,9.583725e-03,5.837528e-03,6.837337e-03,4.833713e-02,1.402057e-03,1.275167e-02,3.770376e-01,3.159523e-02,7.834005e-02,1.304637e-02,4.292163e-02,7.595319e-02,2.738650e-01
8.506965e-03,1.422455e-02,1.054053e-02,5.195873e-03,6.436563e-03,9.046060e-02,1.628282e-03,2.485567e-02,3.866950e-01,2.329708e-02,8.171941e-02,9.815401e-03,3.359960e-02,6.985310e-02,2.331714e-01
1.160318e-02,1.833975e-02,1.448946e-02,9.901810e-03,7.800293e-03,1.259371e-01,1.361923e-03,4.682084e-02,4.214871e-01,1.708065e-02,6.027315e-02,7.317112e-03,2.457135e-02,6.353401e-02,1.694823e-01
1.238783e-02,2.284858e-02,1.096609e-02,1.083883e-02,1.861555e-02,9.706843e-02,1.139093e-03,3.587025e-02,5.216861e-01,1.443775e-02,4.323662e-02,5.470301e-03,1.830231e-02,6.147030e-02,1.256620e-01
1.302730e-02,2.524420e-02,2.152323e-02,4.856443e-02,2.704697e-02,7.896721e-02,1.134001e-03,3.187358e-02,5.391598e-01,1.870568e-02,3.109230e-02,4.059302e-03,1.347572e-02,4.588769e-02,1.002387e-01
1.418114e-02,2.305353e-02,7.137968e-02,1.025232e-01,4.021774e-02,6.955464e-02,9.334055e-04,4.874434e-02,4.717678e-01,1.533275e-02,2.250659e-02,2.900603e-03,9.649358e-03,3.324759e-02,7.400762e-02
1.692150e-02,1.981848e-02,1.407255e-01,1.241133e-01,5.424972e-02,7.041517e-02,9.110327e-04,4.513446e-02,3.955160e-01,1.828448e-02,1.660082e-02,2.153231e-03,7.088189e-03,2.598282e-02,6.208535e-02
1.398528e-02,1.791700e-02,2.081530e-01,1.108699e-01,4.045840e-02,5.898102e-02,6.940654e-04,3.263144e-02,3.656033e-01,3.282478e-02,1.310901e-02,1.708862e-03,5.481302e-03,2.077319e-02,7.680949e-02
2.449341e-02,1.748160e-02,1.889971e-01,1.656469e-01,3.728376e-02,6.663506e-02,6.861723e-04,2.862567e-02,3.234828e-01,3.252969e-02,1.575061e-02,1.898765e-03,5.063047e-03,1.888311e-02,7.254243e-02
2.526628e-02,1.447492e-02,2.520808e-01,2.415092e-01,3.075236e-02,5.299887e-02,5.676495e-04,2.499543e-02,2.420865e-01,2.553133e-02,1.315357e-02,1.530833e-03,3.716335e-03,1.390303e-02,5.743295e-02
3.593291e-02,1.758187e-02,2.399762e-01,1.833030e-01,3.044225e-02,4.449735e-02,5.333820e-04,2.199157e-02,2.313050e-01,4.310367e-02,1.094965e-02,1.286471e-03,2.858911e-03,1.218179e-02,1.240560e-01
5.940310e-02,4.180567e-02,2.338875e-01,1.347249e-01,3.188952e-02,3.653201e-02,5.232007e-04,1.764457e-02,1.819707e-01,4.314331e-02,9.603513e-03,1.015185e-03,2.148688e-03,1.167763e-02,1.940305e-01
6.929798e-02,7.053957e-02,1.894640e-01,1.838676e-01,4.287668e-02,3.126455e-02,1.317529e-03,3.178526e-02,1.408246e-01,3.235541e-02,8.398187e-03,1.293782e-03,1.958824e-03,1.037127e-02,1.843847e-01
9.274793e-02,1.082859e-01,1.511619e-01,2.365015e-01,4.060479e-02,2.615200e-02,2.028184e-03,2.536672e-02,1.045069e-01,2.438282e-02,6.948024e-03,1.677787e-03,1.760749e-03,8.346279e-03,1.695284e-01
9.977280e-02,1.061096e-01,1.633748e-01,2.480650e-01,3.439475e-02,2.295883e-02,2.326285e-03,2.589637e-02,7.771025e-02,2.201264e-02,5.540084e-03,1.739591e-03,1.562310e-03,9.013541e-03,1.795231e-01
1.491084e-01,1.193882e-01,1.776356e-01,2.075240e-01,3.441956e-02,2.151776e-02,2.275187e-03,2.154464e-02,6.317718e-02,1.822039e-02,5.314058e-03,2.642573e-03,1.736865e-03,9.573039e-03,1.659226e-01
2.423307e-01,1.084833e-01,1.638309e-01,1.623438e-01,3.062955e-02,1.794300e-02,2.223210e-03,2.015114e-02,5.182971e-02,1.491516e-02,5.381184e-03,3.849995e-03,2.275095e-03,9.943489e-03,1.638696e-01
3.250857e-01,1.027909e-01,1.543721e-01,1.314148e-01,2.889271e-02,1.473331e-02,2.252919e-03,1.945322e-02,3.963791e-02,1.387833e-02,5.465358e-03,4.831154e-03,2.790281e-03,8.551324e-03,1.458500e-01
4.007627e-01,9.057774e-02,1.497941e-01,1.234311e-01,3.014132e-02,1.257628e-02,2.326990e-03,2.016974e-02,2.978045e-02,1.039597e-02,5.329104e-03,5.905565e-03,3.571232e-03,6.704552e-03,1.085331e-01
4.013901e-01,7.730606e-02,2.189355e-01,1.086161e-01,2.789399e-02,1.075702e-02,2.153272e-03,1.718205e-02,2.331358e-02,9.573397e-03,4.637950e-03,5.259174e-03,3.056570e-03,5.214307e-03,8.471101e-02
3.565549e-01,6.244987e-02,3.100445e-01,7.877737e-02,2.375169e-02,9.444119e-03,1.627597e-03,1.304044e-02,2.049279e-02,9.213383e-03,4.757691e-03,4.546480e-03,2.552586e-03,1.357534e-02,8.917128e-02
4.171747e-01,6.838960e-02,2.540987e-01,8.085066e-02,2.466242e-02,1.027397e-02,2.131822e-03,1.249768e-02,1.770460e-02,8.132491e-03,4.872201e-03,6.238551e-03,3.075885e-03,1.113723e-02,7.875948e-02
4.631656e-01,6.220794e-02,2.122592e-01,6.924696e-02,4.232010e-02,1.154535e-02,3.323814e-03,3.123299e-02,1.624929e-02,6.331494e-03,4.322887e-03,6.781559e-03,2.986160e-03,8.559974e-03,5.946669e-02
4.812180e-01,6.274305e-02,1.613568e-01,6.448990e-02,6.719468e-02,2.112252e-02,8.460416e-03,3.009685e-02,1.379010e-02,5.640086e-03,4.886018e-03,1.068515e-02,5.659749e-03,7.635272e-03,5.502140e-02
1.000000e+00,0.000000e+00,0.000000e+00,0.000000e+00,0.000000e+00,0.000000e+00,0.000000e+00,0.000000e+00,0.000000e+00,0.000000e+00,0.000000e+00,0.000000e+00,0.000000e+00,0.000000e+00,0.000000e+00
1.000000e+00,0.000000e+00,0.000000e+00,0.000000e+00,0.000000e+00,0.000000e+00,0.000000e+00,0.000000e+00,0.000000e+00,0.000000e+00,0.000000e+00,0.000000e+00,0.000000e+00,0.000000e+00,0.000000e+00
1.000000e+00,0.000000e+00,0.000000e+00,0.000000e+00,0.000000e+00,0.000000e+00,0.000000e+00,0.000000e+00,0.000000e+00,0.000000e+00,0.000000e+00,0.000000e+00,0.000000e+00,0.000000e+00,0.000000e+00
