1.000000e+00,0.000000e+00,0.000000e+00,0.000000e+00,0.000000e+00,0.000000e+00,0.000000e+00,0.000000e+00,0.000000e+00,0.000000e+00,0.000000e+00,0.000000e+00,0.000000e+00,0.000000e+00,0.000000e+00
1.000000e+00,0.000000e+00,0.000000e+00,0.000000e+00,0.000000e+00,0.000000e+00,0.000000e+00,0.000000e+00,0.000000e+00,0.000000e+00,0.000000e+00,0.000000e+00,0.000000e+00,0.000000e+00,0.000000e+00
1.000000e+00,0.000000e+00,0.000000e+00,0.000000e+00,0.000000e+00,0.000000e+00,0.000000e+00,0.000000e+00,0.000000e+00,0.000000e+00,0.000000e+00,0.000000e+00,0.000000e+00,0.000000e+00,0.000000e+00
1.000000e+00,0.000000e+00,0.000000e+00,0.000000e+00,0.000000e+00,0.000000e+00,0.000000e+00,0.000000e+00,0.000000e+00,0.000000e+00,0.000000e+00,0.000000e+00,0.000000e+00,0.000000e+00,0.000000e+00
1.000000e+00,0.000000e+00,0.000000e+00,0.000000e+00,0.000000e+00,0.000000e+00,0.000000e+00,0.000000e+00,0.000000e+00,0.000000e+00,0.000000e+00,0.000000e+00,0.000000e+00,0.000000e+00,0.000000e+00
1.000000e+00,0.000000e+00,0.000000e+00,0.000000e+00,0.000000e+00,0.000000e+00,0.000000e+00,0.000000e+00,0.000000e+00,0.000000e+00,0.000000e+00,0.000000e+00,0.000000e+00,0.000000e+00,0.000000e+00
1.000000e+00,0.000000e+00,0.000000e+00,0.000000e+00,0.000000e+00,0.000000e+00,0.000000e+00,0.000000e+00,0.000000e+00,0.000000e+00,0.000000e+00,0.000000e+00,0.000000e+00,0.000000e+00,0.000000e+00
1.000000e+00,0.000000e+00,0.000000e+00,0.000000e+00,0.000000e+00,0.000000e+00,0.000000e+00,0.000000e+00,0.000000e+00,0.000000e+00,0.000000e+00,0.000000e+00,0.000000e+00,0.000000e+00,0.000000e+00
1.000000e+00,0.000000e+00,0.000000e+00,0.000000e+00,0.000000e+00,0.000000e+00,0.000000e+00,0.000000e+00,0.000000e+00,0.000000e+00,0.000000e+00,0.000000e+00,0.000000e+00,0.000000e+00,0.000000e+00
1.000000e+00,0.000000e+00,0.000000e+00,0.000000e+00,0.000000e+00,0.000000e+00,0.000000e+00,0.000000e+00,0.000000e+00,0.000000e+00,0.000000e+00,0.000000e+00,0.000000e+00,0.000000e+00,0.000000e+00
1.000000e+00,0.000000e+00,0.000000e+00,0.000000e+00,0.000000e+00,0.000000e+00,0.000000e+00,0.000000e+00,0.000000e+00,0.000000e+00,0.000000e+00,0.000000e+00,0.000000e+00,0.000000e+00,0.000000e+00
1.000000e+00,0.000000e+00,0.000000e+00,0.000000e+00,0.000000e+00,0.000000e+00,0.000000e+00,0.000000e+00,0.000000e+00,0.000000e+00,0.000000e+00,0.000000e+00,0.000000e+00,0.000000e+00,0.000000e+00
1.000000e+00,0.000000e+00,0.000000e+00,0.000000e+00,0.000000e+00,0.000000e+00,0.000000e+00,0.000000e+00,0.000000e+00,0.000000e+00,0.000000e+00,0.000000e+00,0.000000e+00,0.000000e+00,0.000000e+00
1.000000e+00,0.000000e+00,0.000000e+00,0.000000e+00,0.000000e+00,0.000000e+00,0.000000e+00,0.000000e+00,0.000000e+00,0.000000e+00,0.000000e+00,0.000000e+00,0.000000e+00,0.000000e+00,0.000000e+00
1.000000e+00,0.000000e+00,0.000000e+00,0.000000e+00,0.000000e+00,0.000000e+00,0.000000e+00,0.000000e+00,0.000000e+00,0.000000e+00,0.000000e+00,0.000000e+00,0.000000e+00,0.000000e+00,0.000000e+00
1.000000e+00,0.000000e+00,0.000000e+00,0.000000e+00,0.000000e+00,0.000000e+00,0.000000e+00,0.000000e+00,0.000000e+00,0.000000e+00,0.000000e+00,0.000000e+00,0.000000e+00,0.000000e+00,0.000000e+00
1.000000e+00,0.000000e+00,0.000000e+00,0.000000e+00,0.000000e+00,0.000000e+00,0.000000e+00,0.000000e+00,0.000000e+00,0.000000e+00,0.000000e+00,0.000000e+00,0.000000e+00,0.000000e+00,0.000000e+00
1.000000e+00,0.000000e+00,0.000000e+00,0.000000e+00,0.000000e+00,0.000000e+00,0.000000e+00,0.000000e+00,0.000000e+00,0.000000e+00,0.000000e+00,0.000000e+00,0.000000e+00,0.000000e+00,0.000000e+00
1.000000e+00,0.000000e+00,0.000000e+00,0.000000e+00,0.000000e+00,0.000000e+00,0.000000e+00,0.000000e+00,0.000000e+00,0.000000e+00,0.000000e+00,0.000000e+00,0.000000e+00,0.000000e+00,0.000000e+00
1.000000e+00,0.000000e+00,0.000000e+00,0.000000e+00,0.000000e+00,0.000000e+00,0.000000e+00,0.000000e+00,0.000000e+00,0.000000e+00,0.000000e+00,0.000000e+00,0.000000e+00,0.000000e+00,0.000000e+00
1.000000e+00,0.000000e+00,0.000000e+00,0.000000e+00,0.000000e+00,0.000000e+00,0.000000e+00,0.000000e+00,0.000000e+00,0.000000e+00,0.000000e+00,0.000000e+00,0.000000e+00,0.000000e+00,0.000000e+00
1.000000e+00,0.000000e+00,0.000000e+00,0.000000e+00,0.000000e+00,0.000000e+00,0.000000e+00,0.000000e+00,0.000000e+00,0.000000e+00,0.000000e+00,0.000000e+00,0.000000e+00,0.000000e+00,0.000000e+00
1.000000e+00,0.000000e+00,0.000000e+00,0.000000e+00,0.000000e+00,0.000000e+00,0.000000e+00,0.000000e+00,0.000000e+00,0.000000e+00,0.000000e+00,0.000000e+00,0.000000e+00,0.000000e+00,0.000000e+00
1.000000e+00,0.000000e+00,0.000000e+00,0.000000e+00,0.000000e+00,0.000000e+00,0.000000e+00,0.000000e+00,0.000000e+00,0.000000e+00,0.000000e+00,0.000000e+00,0.000000e+00,0.000000e+00,0.000000e+00
1.000000e+00,0.000000e+00,0.000000e+00,0.000000e+00,0.000000e+00,0.000000e+00,0.000000e+00,0.000000e+00,0.000000e+00,0.000000e+00,0.000000e+00,0.000000e+00,0.000000e+00,0.000000e+00,0.000000e+00
1.000000e+00,0.000000e+00,0.000000e+00,0.000000e+00,0.000000e+00,0.000000e+00,0.000000e+00,0.000000e+00,0.000000e+00,0.000000e+00,0.000000e+00,0.000000e+00,0.000000e+00,0.000000e+00,0.000000e+00
1.000000e+00,0.000000e+00,0.000000e+00,0.000000e+00,0.000000e+00,0.000000e+00,0.000000e+00,0.000000e+00,0.000000e+00,0.000000e+00,0.000000e+00,0.000000e+00,0.000000e+00,0.000000e+00,0.000000e+00
1.000000e+00,0.000000e+00,0.000000e+00,0.000000e+00,0.000000e+00,0.000000e+00,0.000000e+00,0.000000e+00,0.000000e+00,0.000000e+00,0.000000e+00,0.000000e+00,0.000000e+00,0.000000e+00,0.000000e+00
1.000000e+00,0.000000e+00,0.000000e+00,0.000000e+00,0.000000e+00,0.000000e+00,0.000000e+00,0.000000e+00,0.000000e+00,0.000000e+00,0.000000e+00,0.000000e+00,0.000000e+00,0.000000e+00,0.000000e+00
1.000000e+00,0.000000e+00,0.000000e+00,0.000000e+00,0.000000e+00,0.000000e+00,0.000000e+00,0.000000e+00,0.000000e+00,0.000000e+00,0.000000e+00,0.000000e+00,0.000000e+00,0.000000e+00,0.000000e+00
1.000000e+00,0.000000e+00,0.000000e+00,0.000000e+00,0.000000e+00,0.000000e+00,0.000000e+00,0.000000e+00,0.000000e+00,0.000000e+00,0.000000e+00,0.000000e+00,0.000000e+00,0.000000e+00,0.000000e+00
1.000000e+00,0.000000e+00,0.000000e+00,0.000000e+00,0.000000e+00,0.000000e+00,0.000000e+00,0.000000e+00,0.000000e+00,0.000000e+00,0.000000e+00,0.000000e+00,0.000000e+00,0.000000e+00,0.000000e+00
1.000000e+00,0.000000e+00,0.000000e+00,0.000000e+00,0.000000e+00,0.000000e+00,0.000000e+00,0.000000e+00,0.000000e+00,0.000000e+00,0.000000e+00,0.000000e+00,0.000000e+00,0.000000e+00,0.000000e+00
1.000000e+00,0.000000e+00,0.000000e+00,0.000000e+00,0.000000e+00,0.000000e+00,0.000000e+00,0.000000e+00,0.000000e+00,0.000000e+00,0.000000e+00,0.000000e+00,0.000000e+00,0.000000e+00,0.000000e+00
1.000000e+00,0.000000e+00,0.000000e+00,0.000000e+00,0.000000e+00,0.000000e+00,0.000000e+00,0.000000e+00,0.000000e+00,0.000000e+00,0.000000e+00,0.000000e+00,0.000000e+00,0.000000e+00,0.000000e+00
1.000000e+00,0.000000e+00,0.000000e+00,0.000000e+00,0.000000e+00,0.000000e+00,0.000000e+00,0.000000e+00,0.000000e+00,0.000000e+00,0.000000e+00,0.000000e+00,0.000000e+00,0.000000e+00,0.000000e+00
1.000000e+00,0.000000e+00,0.000000e+00,0.000000e+00,0.000000e+00,0.000000e+00,0.000000e+00,0.000000e+00,0.000000e+00,0.000000e+00,0.000000e+00,0.000000e+00,0.000000e+00,0.000000e+00,0.000000e+00
1.000000e+00,0.000000e+00,0.000000e+00,0.000000e+00,0.000000e+00,0.000000e+00,0.000000e+00,0.000000e+00,0.000000e+00,0.000000e+00,0.000000e+00,0.000000e+00,0.000000e+00,0.000000e+00,0.000000e+00
1.000000e+00,0.000000e+00,0.000000e+00,0.000000e+00,0.000000e+00,0.000000e+00,0.000000e+00,0.000000e+00,0.000000e+00,0.000000e+00,0.000000e+00,0.000000e+00,0.000000e+00,0.000000e+00,0.000000e+00
1.000000e+00,0.000000e+00,0.000000e+00,0.000000e+00,0.000000e+00,0.000000e+00,0.000000e+00,0.000000e+00,0.000000e+00,0.000000e+00,0.000000e+00,0.000000e+00,0.000000e+00,0.000000e+00,0.000000e+00
1.000000e+00,0.000000e+00,0.000000e+00,0.000000e+00,0.000000e+00,0.000000e+00,0.000000e+00,0.000000e+00,0.000000e+00,0.000000e+00,0.000000e+00,0.000000e+00,0.000000e+00,0.000000e+00,0.000000e+00
1.000000e+00,0.000000e+00,0.000000e+00,0.000000e+00,0.000000e+00,0.000000e+00,0.000000e+00,0.000000e+00,0.000000e+00,0.000000e+00,0.000000e+00,0.000000e+00,0.000000e+00,0.000000e+00,0.000000e+00
1.000000e+00,0.000000e+00,0.000000e+00,0.000000e+00,0.000000e+00,0.000000e+00,0.000000e+00,0.000000e+00,0.000000e+00,0.000000e+00,0.000000e+00,0.000000e+00,0.000000e+00,0.000000e+00,0.000000e+00
1.000000e+00,0.000000e+00,0.000000e+00,0.000000e+00,0.000000e+00,0.000000e+00,0.000000e+00,0.000000e+00,0.000000e+00,0.000000e+00,0.000000e+00,0.000000e+00,0.000000e+00,0.000000e+00,0.000000e+00
1.000000e+00,0.000000e+00,0.000000e+00,0.000000e+00,0.000000e+00,0.000000e+00,0.000000e+00,0.000000e+00,0.000000e+00,0.000000e+00,0.000000e+00,0.000000e+00,0.000000e+00,0.000000e+00,0.000000e+00
1.000000e+00,0.000000e+00,0.000000e+00,0.000000e+00,0.000000e+00,0.000000e+00,0.000000e+00,0.000000e+00,0.000000e+00,0.000000e+00,0.000000e+00,0.000000e+00,0.000000e+00,0.000000e+00,0.000000e+00
1.000000e+00,0.000000e+00,0.000000e+00,0.000000e+00,0.000000e+00,0.000000e+00,0.000000e+00,0.000000e+00,0.000000e+00,0.000000e+00,0.000000e+00,0.000000e+00,0.000000e+00,0.000000e+00,0.000000e+00
1.000000e+00,0.000000e+00,0.000000e+00,0.000000e+00,0.000000e+00,0.000000e+00,0.000000e+00,0.000000e+00,0.000000e+00,0.000000e+00,0.000000e+00,0.000000e+00,0.000000e+00,0.000000e+00,0.000000e+00
1.000000e+00,0.000000e+00,0.000000e+00,0.000000e+00,0.000000e+00,0.000000e+00,0.000000e+00,0.000000e+00,0.000000e+00,0.000000e+00,0.000000e+00,0.000000e+00,0.000000e+00,0.000000e+00,0.000000e+00
1.000000e+00,0.000000e+00,0.000000e+00,0.000000e+00,0.000000e+00,0.000000e+00,0.000000e+00,0.000000e+00,0.000000e+00,0.000000e+00,0.000000e+00,0.000000e+00,0.000000e+00,0.000000e+00,0.000000e+00
1.000000e+00,0.000000e+00,0.000000e+00,0.000000e+00,0.000000e+00,0.000000e+00,0.000000e+00,0.000000e+00,0.000000e+00,0.000000e+00,0.000000e+00,0.000000e+00,0.000000e+00,0.000000e+00,0.000000e+00
1.000000e+00,0.000000e+00,0.000000e+00,0.000000e+00,0.000000e+00,0.000000e+00,0.000000e+00,0.000000e+00,0.000000e+00,0.000000e+00,0.000000e+00,0.000000e+00,0.000000e+00,0.000000e+00,0.000000e+00
1.000000e+00,0.000000e+00,0.000000e+00,0.000000e+00,0.000000e+00,0.000000e+00,0.000000e+00,0.000000e+00,0.000000e+00,0.000000e+00,0.000000e+00,0.000000e+00,0.000000e+00,0.000000e+00,0.000000e+00
1.000000e+00,0.000000e+00,0.000000e+00,0.000000e+00,0.000000e+00,0.000000e+00,0.000000e+00,0.000000e+00,0.000000e+00,0.000000e+00,0.000000e+00,0.000000e+00,0.000000e+00,0.000000e+00,0.000000e+00
1.000000e+00,0.000000e+00,0.000000e+00,0.000000e+00,0.000000e+00,0.000000e+00,0.000000e+00,0.000000e+00,0.000000e+00,0.000000e+00,0.000000e+00,0.000000e+00,0.000000e+00,0.000000e+00,0.000000e+00
1.000000e+00,0.000000e+00,0.000000e+00,0.000000e+00,0.000000e+00,0.000000e+00,0.000000e+00,0.000000e+00,0.000000e+00,0.000000e+00,0.000000e+00,0.000000e+00,0.000000e+00,0.000000e+00,0.000000e+00
1.000000e+00,0.000000e+00,0.000000e+00,0.000000e+00,0.000000e+00,0.000000e+00,0.000000e+00,0.000000e+00,0.000000e+00,0.000000e+00,0.000000e+00,0.000000e+00,0.000000e+00,0.000000e+00,0.000000e+00
1.000000e+00,0.000000e+00,0.000000e+00,0.000000e+00,0.000000e+00,0.000000e+00,0.000000e+00,0.000000e+00,0.000000e+00,0.000000e+00,0.000000e+00,0.000000e+00,0.000000e+00,0.000000e+00,0.000000e+00
1.000000e+00,0.000000e+00,0.000000e+00,0.000000e+00,0.000000e+00,0.000000e+00,0.000000e+00,0.000000e+00,0.000000e+00,0.000000e+00,0.000000e+00,0.000000e+00,0.000000e+00,0.000000e+00,0.000000e+00
1.000000e+00,0.000000e+00,0.000000e+00,0.000000e+00,0.000000e+00,0.000000e+00,0.000000e+00,0.000000e+00,0.000000e+00,0.000000e+00,0.000000e+00,0.000000e+00,0.000000e+00,0.000000e+00,0.000000e+00
1.000000e+00,0.000000e+00,0.000000e+00,0.000000e+00,0.000000e+00,0.000000e+00,0.000000e+00,0.000000e+00,0.000000e+00,0.000000e+00,0.000000e+00,0.000000e+00,0.000000e+00,0.000000e+00,0.000000e+00
3.567388e-01,1.430609e-01,1.886806e-02,9.432528e-02,6.848546e-03,2.202356e-02,2.963188e-03,6.161863e-03,9.968983e-02,3.322694e-03,8.487036e-03,2.441630e-02,1.765457e-01,2.034319e-03,3.451394e-02
2.499255e-01,2.330183e-01,1.678515e-02,1.625881e-01,5.197570e-03,1.638770e-02,2.122209e-03,4.329041e-03,1.070287e-01,3.376241e-03,7.008735e-03,1.755310e-02,1.286697e-01,1.631157e-03,4.437884e-02
1.789634e-01,2.600600e-01,1.333489e-02,1.680368e-01,4.838142e-03,2.239561e-02,1.734954e-03,3.543737e-03,1.209437e-01,3.022342e-03,1.113206e-02,1.691082e-02,1.454892e-01,1.397680e-03,4.819677e-02
1.257325e-01,2.693520e-01,2.181195e-02,2.298319e-01,3.675139e-03,1.777651e-02,1.353375e-03,2.544728e-03,1.174593e-01,9.992740e-03,1.156861e-02,1.922424e-02,1.126722e-01,1.270495e-03,5.573442e-02
9.171384e-02,2.532050e-01,1.689594e-02,1.779206e-01,2.805949e-03,1.353772e-02,1.060777e-03,1.899222e-03,2.477034e-01,8.327166e-03,1.344854e-02,2.630700e-02,8.951978e-02,2.014903e-03,5.364026e-02
7.865375e-02,1.872254e-01,1.325997e-02,1.476064e-01,2.319104e-03,1.241431e-02,1.183108e-03,1.490864e-03,3.220625e-01,7.536342e-03,2.173302e-02,5.155426e-02,9.926702e-02,4.302644e-03,4.939132e-02
1.411545e-01,1.367597e-01,1.019922e-02,1.123199e-01,2.133355e-03,1.075488e-02,9.805096e-04,3.087093e-03,2.915885e-01,1.046294e-02,2.482866e-02,8.921120e-02,1.167712e-01,7.716296e-03,4.203221e-02
1.577091e-01,1.014696e-01,7.505273e-03,8.196256e-02,2.351553e-03,1.261999e-02,1.056958e-03,3.710298e-03,3.837743e-01,8.471695e-03,2.519822e-02,7.242699e-02,1.024021e-01,5.920858e-03,3.342060e-02
1.483527e-01,7.789288e-02,6.333005e-03,5.896230e-02,2.962664e-03,1.193521e-02,1.615865e-03,4.180508e-03,4.868627e-01,6.379019e-03,1.942156e-02,5.520261e-02,8.583937e-02,4.262119e-03,2.979750e-02
1.123406e-01,6.557412e-02,5.018784e-03,4.537929e-02,2.902451e-03,1.359213e-02,1.306824e-03,3.375476e-03,4.665228e-01,5.044733e-03,1.460214e-02,5.616520e-02,1.659041e-01,3.205774e-03,3.906563e-02
8.082499e-02,5.094111e-02,5.238928e-03,5.873729e-02,3.008552e-03,2.313936e-02,1.055505e-03,2.838549e-03,4.477733e-01,4.602167e-03,1.128967e-02,6.322075e-02,2.132468e-01,2.415539e-03,3.166755e-02
6.291188e-02,4.242819e-02,5.653955e-03,8.474685e-02,4.715689e-03,4.112257e-02,9.892583e-04,3.674041e-03,4.265170e-01,5.021364e-03,1.674398e-02,6.552354e-02,2.105496e-01,3.072525e-03,2.632959e-02
4.865097e-02,3.712045e-02,5.534705e-03,8.435301e-02,5.807814e-03,5.765494e-02,9.942809e-04,3.275056e-03,3.531471e-01,6.235068e-03,2.796441e-02,7.171145e-02,2.685238e-01,3.459370e-03,2.556767e-02
4.449818e-02,3.176444e-02,5.512550e-03,7.524010e-02,7.627331e-03,4.709114e-02,1.138622e-03,4.581640e-03,2.713919e-01,9.173648e-03,3.685650e-02,9.492332e-02,3.314958e-01,5.005924e-03,3.369899e-02
3.949778e-02,2.647514e-02,4.265994e-03,5.664529e-02,7.404880e-03,4.799213e-02,1.612332e-03,6.386265e-03,2.309619e-01,8.627764e-03,2.982165e-02,1.012513e-01,4.080637e-01,3.795740e-03,2.719818e-02
3.853706e-02,2.308089e-02,3.293988e-03,4.428294e-02,7.969380e-03,4.202606e-02,1.775492e-03,6.429724e-03,2.233027e-01,9.426669e-03,2.485618e-02,1.005413e-01,4.486360e-01,3.174636e-03,2.266699e-02
4.588708e-02,3.074263e-02,4.365995e-03,5.885290e-02,9.368668e-03,3.528345e-02,1.651273e-03,8.086802e-03,2.054536e-01,1.423402e-02,2.165384e-02,1.074452e-01,4.299442e-01,3.874763e-03,2.315548e-02
6.398211e-02,2.637210e-02,5.498944e-03,5.730189e-02,1.291335e-02,3.059803e-02,2.608666e-03,2.538918e-02,1.851651e-01,1.258298e-02,2.133493e-02,1.643957e-01,3.682961e-01,3.674451e-03,1.988634e-02
5.825624e-02,2.069504e-02,1.456448e-02,5.501163e-02,1.576646e-02,2.551248e-02,3.962462e-03,9.935822e-02,1.438981e-01,1.201695e-02,2.292816e-02,1.531471e-01,3.507491e-01,6.312389e-03,1.782102e-02
8.583213e-02,1.658138e-02,2.142422e-02,6.081464e-02,1.763295e-02,2.060593e-02,4.723888e-03,8.154181e-02,1.204114e-01,1.214274e-02,3.910938e-02,1.668771e-01,3.264540e-01,1.008367e-02,1.576466e-02
7.803346e-02,1.461373e-02,2.360054e-02,6.224074e-02,1.793434e-02,1.617656e-02,5.175396e-03,7.578255e-02,1.100323e-01,1.605359e-02,6.233054e-02,1.762816e-01,3.135517e-01,1.115907e-02,1.703389e-02
8.911709e-02,2.738160e-02,2.755990e-02,5.527333e-02,3.796685e-02,1.983076e-02,9.229699e-03,6.848513e-02,1.949671e-01,1.389330e-02,4.926880e-02,1.389801e-01,2.420362e-01,8.115862e-03,1.789422e-02
8.931775e-02,3.400736e-02,2.392363e-02,4.879045e-02,4.027918e-02,1.814469e-02,9.436812e-03,7.107892e-02,3.045735e-01,1.122780e-02,3.878443e-02,1.059116e-01,1.824331e-01,5.925446e-03,1.616529e-02
9.069964e-02,3.949408e-02,2.573590e-02,1.070425e-01,4.323261e-02,1.525095e-02,7.833604e-03,6.034043e-02,2.957132e-01,1.238918e-02,3.616625e-02,8.281446e-02,1.409082e-01,6.186809e-03,3.619220e-02
7.782193e-02,3.475622e-02,3.733567e-02,2.692549e-01,4.203894e-02,1.286687e-02,5.938841e-03,4.580627e-02,2.371880e-01,1.009039e-02,3.030438e-02,6.169570e-02,1.016971e-01,4.606918e-03,2.859798e-02
9.682901e-02,3.787642e-02,3.986767e-02,2.206160e-01,5.035795e-02,1.527694e-02,7.959229e-03,4.503217e-02,2.540506e-01,1.382186e-02,3.017393e-02,4.637463e-02,8.992554e-02,5.270015e-03,4.656801e-02
1.088351e-01,3.569390e-02,3.311769e-02,1.595354e-01,6.106326e-02,1.781426e-02,8.419203e-03,1.071607e-01,2.826485e-01,1.203160e-02,2.292964e-02,3.362115e-02,7.115535e-02,4.383352e-03,4.159099e-02
1.194730e-01,3.399864e-02,3.410633e-02,1.163480e-01,5.888986e-02,1.847385e-02,8.339164e-03,2.310311e-01,2.268034e-01,1.018555e-02,1.844785e-02,2.521704e-02,5.351381e-02,4.664696e-03,4.050767e-02
1.084766e-01,2.591514e-02,2.854115e-02,8.656909e-02,4.769877e-02,1.982191e-02,7.998057e-03,3.987492e-01,1.598372e-01,7.603201e-03,1.433639e-02,2.049635e-02,3.977539e-02,3.625133e-03,3.055648e-02
9.779785e-02,1.880599e-02,2.154556e-02,6.201657e-02,3.776276e-02,1.557059e-02,7.988602e-03,5.422893e-01,1.130383e-01,5.494034e-03,1.027387e-02,1.483555e-02,2.821766e-02,2.624760e-03,2.173862e-02
9.694576e-02,1.389927e-02,1.627343e-02,4.482381e-02,3.092784e-02,1.308941e-02,8.430336e-03,6.354601e-01,7.970229e-02,4.013977e-03,7.539163e-03,1.103690e-02,2.032865e-02,1.921923e-03,1.560710e-02
8.481514e-02,1.029674e-02,1.227460e-02,3.221933e-02,2.650566e-02,1.081482e-02,7.540167e-03,7.146850e-01,5.625472e-02,2.955013e-03,5.782147e-03,8.358199e-03,1.475024e-02,1.451414e-03,1.129683e-02
9.659325e-02,8.028593e-03,9.792190e-03,2.323925e-02,2.394292e-02,1.182801e-02,7.373030e-03,7.440820e-01,3.992724e-02,2.201174e-03,4.755722e-03,7.061156e-03,1.101929e-02,1.221224e-03,8.935008e-03
8.259509e-02,6.701147e-03,8.543000e-03,1.694570e-02,2.150441e-02,1.594988e-02,6.431155e-03,7.854158e-01,2.844799e-02,1.644862e-03,4.003307e-03,5.573774e-03,8.224024e-03,1.031571e-03,6.988335e-03
1.234449e-01,6.968397e-03,8.541304e-03,1.300667e-02,2.381860e-02,2.360176e-02,6.627250e-03,7.449150e-01,2.109743e-02,2.013316e-03,4.022404e-03,7.461468e-03,6.796876e-03,1.098582e-03,6.586038e-03
1.254385e-01,6.573217e-03,9.094195e-03,1.068580e-02,2.302788e-02,3.181549e-02,6.444988e-03,7.432288e-01,1.563279e-02,2.494412e-03,4.591892e-03,7.874579e-03,5.806343e-03,1.068119e-03,6.222993e-03
1.208402e-01,9.203862e-03,1.272488e-02,8.619501e-03,2.533476e-02,4.192965e-02,5.382201e-03,7.356994e-01,1.268035e-02,2.690482e-03,4.634684e-03,6.950841e-03,4.746986e-03,1.187921e-03,7.374262e-03
1.297430e-01,1.455400e-02,1.440968e-02,7.471214e-03,3.260734e-02,4.773720e-02,4.874549e-03,7.071102e-01,1.066390e-02,3.629208e-03,4.547846e-03,6.423515e-03,4.233503e-03,1.503541e-03,1.049132e-02
1.663386e-01,1.421122e-02,1.381942e-02,6.949430e-03,3.397676e-02,3.987420e-02,4.369251e-03,6.800510e-01,8.560842e-03,3.963164e-03,4.771142e-03,6.978185e-03,3.521348e-03,1.750539e-03,1.086496e-02
1.454386e-01,1.915510e-02,1.917928e-02,1.682029e-02,2.823353e-02,6.992289e-02,3.548958e-03,5.406161e-01,1.861397e-02,2.419308e-02,2.505510e-02,1.442907e-02,6.882100e-03,7.411256e-03,6.050074e-02
1.110696e-01,2.170816e-02,1.989513e-02,7.165459e-02,2.500476e-02,6.999024e-02,2.800901e-03,3.897717e-01,2.893789e-02,3.833432e-02,6.509239e-02,5.129357e-02,1.585094e-02,9.844771e-03,7.875107e-02
8.568168e-02,2.636606e-02,2.240296e-02,1.028704e-01,1.985689e-02,5.658848e-02,2.410921e-03,2.814856e-01,4.689130e-02,7.725838e-02,7.594387e-02,4.393948e-02,1.654749e-02,9.332630e-03,1.324238e-01
6.383712e-02,2.430333e-02,1.942059e-02,1.105137e-01,1.477421e-02,4.508653e-02,1.890662e-03,1.984714e-01,7.199329e-02,7.769417e-02,8.695877e-02,3.435715e-02,1.603393e-02,8.565625e-03,2.260995e-01
4.911824e-02,2.607842e-02,2.105545e-02,1.532641e-01,1.078526e-02,3.355961e-02,1.418403e-03,1.399764e-01,1.268958e-01,6.909580e-02,1.056047e-01,2.750872e-02,1.515477e-02,8.891679e-03,2.115927e-01
3.577152e-02,1.963984e-02,1.598008e-02,1.117628e-01,8.018510e-03,2.558778e-02,1.089959e-03,9.818686e-02,2.085241e-01,8.893477e-02,1.107827e-01,2.072038e-02,2.385438e-02,1.235556e-02,2.187908e-01
2.608004e-02,1.421205e-02,1.157944e-02,8.288952e-02,5.973738e-03,1.964957e-02,8.702577e-04,6.894405e-02,2.803658e-01,7.833385e-02,1.093524e-01,1.629652e-02,3.703147e-02,1.692493e-02,2.314964e-01
1.916065e-02,1.019361e-02,8.394127e-03,6.214761e-02,4.905963e-03,1.520499e-02,6.508235e-04,4.835593e-02,3.035707e-01,6.412460e-02,9.631404e-02,1.474406e-02,5.072507e-02,1.473980e-02,2.867680e-01
1.515608e-02,7.350995e-03,6.278664e-03,4.564474e-02,5.838146e-03,1.215524e-02,5.821807e-04,3.417690e-02,2.562370e-01,4.944851e-02,1.202219e-01,1.214137e-02,9.054422e-02,2.725714e-02,3.169669e-01
1.139261e-02,5.666277e-03,4.816055e-03,3.348774e-02,5.538714e-03,9.772507e-03,6.198578e-04,2.412633e-02,2.884253e-01,3.640990e-02,9.713249e-02,1.186968e-02,7.724504e-02,3.339821e-02,3.600993e-01
8.136935e-03,4.312124e-03,3.784093e-03,2.508424e-02,5.001719e-03,7.849144e-03,4.941762e-04,1.695505e-02,2.405714e-01,2.632796e-02,9.827713e-02,9.615673e-03,6.394706e-02,4.792114e-02,4.417221e-01
6.072382e-03,3.500580e-03,3.031570e-03,1.865613e-02,8.250560e-03,6.399644e-03,5.000322e-04,1.211173e-02,2.864679e-01,2.003375e-02,8.116837e-02,7.330793e-03,4.879259e-02,6.727556e-02,4.304084e-01
4.397865e-03,2.533846e-03,2.276109e-03,1.322488e-02,6.093458e-03,4.816297e-03,3.732240e-04,8.545924e-03,2.118276e-01,2.225987e-02,6.640573e-02,5.372026e-03,3.637093e-02,7.453389e-02,5.409683e-01
3.257278e-03,1.941692e-03,1.877322e-03,9.554896e-03,5.188535e-03,3.646373e-03,2.877646e-04,6.031466e-03,1.643264e-01,2.563780e-02,6.167997e-02,4.213273e-03,2.923895e-02,8.914684e-02,5.939715e-01
2.542375e-03,1.641129e-03,2.343325e-03,6.886257e-03,4.877646e-03,2.739355e-03,2.134524e-04,4.280621e-03,1.176282e-01,2.720719e-02,7.340621e-02,3.698636e-03,2.358434e-02,7.623784e-02,6.527134e-01
2.858042e-03,1.349159e-03,2.473832e-03,5.332574e-03,6.760281e-03,3.364506e-03,2.359117e-04,3.593048e-03,8.740270e-02,4.639485e-02,6.748098e-02,3.085909e-03,1.798009e-02,5.961138e-02,6.920767e-01
2.502826e-03,1.367226e-03,2.371616e-03,3.846204e-03,5.657946e-03,2.927668e-03,1.815104e-04,2.624027e-03,6.411021e-02,6.358444e-02,7.869053e-02,2.688839e-03,1.469237e-02,5.100611e-02,7.037485e-01
2.833389e-03,1.254010e-03,2.414952e-03,2.741791e-03,4.211084e-03,2.477976e-03,1.355951e-04,1.903886e-03,4.787759e-02,8.805445e-02,1.591383e-01,2.707600e-03,1.339921e-02,6.698924e-02,6.038609e-01
4.111019e-03,8.586162e-03,5.789605e-03,2.020191e-03,3.493235e-03,2.702107e-03,1.765209e-04,1.724694e-03,4.969935e-02,8.894958e-02,2.239156e-01,3.367845e-03,1.584153e-02,9.470065e-02,4.949220e-01
5.208050e-03,1.201563e-02,9.292403e-03,1.569967e-03,3.001557e-03,3.277059e-03,1.467856e-04,1.409611e-03,4.279397e-02,8.492211e-02,2.372955e-01,2.789512e-03,1.198609e-02,1.202982e-01,4.639936e-01
7.483775e-03,1.040912e-02,1.107558e-02,1.371000e-03,3.368349e-03,3.995240e-03,1.309589e-04,1.174099e-03,3.630879e-02,7.533628e-02,3.005055e-01,2.765942e-03,9.459839e-03,1.711373e-01,3.654782e-01
7.573044e-03,1.826462e-02,1.752074e-02,1.380124e-03,2.872060e-03,3.790010e-03,1.129825e-04,9.848292e-04,2.803184e-02,6.501015e-02,4.049058e-01,2.487293e-03,7.490090e-03,1.476359e-01,2.919406e-01
1.084955e-02,1.519882e-02,1.532245e-02,1.600906e-03,2.753709e-03,4.614191e-03,1.846709e-04,3.542717e-03,3.101897e-02,6.711369e-02,4.464859e-01,2.886700e-03,6.209897e-03,1.669326e-01,2.252853e-01
1.645783e-02,1.149011e-02,1.133704e-02,1.528605e-03,2.582836e-03,4.931859e-03,1.600525e-04,3.051181e-03,2.505654e-02,5.777871e-02,4.429294e-01,3.083415e-03,5.332781e-03,2.527010e-01,1.615786e-01
1.936433e-02,9.664618e-03,9.397936e-03,1.344672e-03,2.141812e-03,5.505026e-03,1.273800e-04,2.483296e-03,1.992522e-02,4.183629e-02,4.597930e-01,3.108330e-03,4.033403e-03,3.075045e-01,1.137703e-01
1.553533e-02,7.088656e-03,6.750430e-03,1.028169e-03,1.762204e-03,4.714049e-03,9.882107e-05,1.819243e-03,1.547391e-02,2.992131e-02,4.672346e-01,2.975961e-03,3.037377e-03,3.627627e-01,7.979733e-02
1.174947e-02,5.134490e-03,4.830768e-03,7.456630e-04,1.360247e-03,3.968160e-03,7.277588e-05,1.298289e-03,1.138271e-02,2.139271e-02,4.640768e-01,3.176546e-03,2.221589e-03,4.126158e-01,5.597400e-02
9.042233e-03,3.864275e-03,3.595214e-03,6.291016e-04,1.321771e-03,3.784460e-03,6.121796e-05,9.597002e-04,1.050879e-02,1.599304e-02,4.485878e-01,4.257500e-03,1.718498e-03,4.563434e-01,3.933296e-02
6.603902e-03,2.796932e-03,2.627846e-03,4.872486e-04,1.077706e-03,3.070830e-03,4.568093e-05,6.848050e-04,8.524095e-03,1.149748e-02,4.031011e-01,4.169588e-03,1.238188e-03,5.264260e-01,2.764865e-02
4.768170e-03,2.016702e-03,1.874460e-03,3.601092e-04,8.923081e-04,2.405301e-03,4.142246e-05,4.855435e-04,7.354785e-03,1.219777e-02,5.323774e-01,3.300450e-03,9.285889e-04,4.115281e-01,1.946901e-02
3.499677e-03,1.463447e-03,1.389089e-03,2.827524e-04,1.077414e-03,2.784141e-03,5.984718e-05,3.461896e-04,6.590927e-03,2.849896e-02,6.009611e-01,2.950485e-03,8.139716e-04,3.355337e-01,1.374840e-02
2.587453e-03,1.094159e-03,1.243648e-03,2.136924e-04,8.150829e-04,2.260614e-03,4.771755e-05,2.464907e-04,5.523072e-03,3.081167e-02,6.546468e-01,2.443198e-03,6.169452e-04,2.876979e-01,9.751673e-03
2.455910e-03,1.059329e-03,3.999461e-03,4.044654e-04,8.397534e-04,2.680191e-03,1.021437e-04,3.713294e-04,8.753935e-03,7.122388e-02,5.567714e-01,2.591447e-03,5.562116e-04,3.409200e-01,7.270617e-03
1.830936e-03,8.883164e-04,3.072275e-03,3.044617e-04,7.833566e-04,2.542540e-03,7.874652e-05,2.638733e-04,7.348369e-03,1.403375e-01,5.489358e-01,2.498819e-03,4.644665e-04,2.853230e-01,5.327715e-03
1.307517e-03,6.792257e-04,2.226627e-03,2.189344e-04,6.577063e-04,2.218637e-03,5.789041e-05,1.880726e-04,5.444445e-03,3.128943e-01,4.601260e-01,1.921869e-03,4.095771e-04,2.076210e-01,4.028156e-03
9.511749e-04,6.465655e-04,1.750658e-03,1.577955e-04,5.621719e-04,2.122067e-03,4.392616e-05,1.351988e-04,4.425995e-03,4.701190e-01,3.620958e-01,1.425721e-03,3.006314e-04,1.520921e-01,3.171243e-03
6.750122e-04,4.902538e-04,1.238669e-03,1.124299e-04,4.371949e-04,1.807845e-03,3.190135e-05,9.593389e-05,3.187957e-03,5.889146e-01,2.903532e-01,1.038235e-03,2.347865e-04,1.089930e-01,2.389068e-03
5.238121e-04,7.204871e-04,9.185399e-04,8.291766e-05,3.776187e-04,1.652625e-03,2.688492e-05,7.019875e-05,2.532112e-03,6.881778e-01,2.223672e-01,8.216418e-04,1.869766e-04,7.973681e-02,1.804469e-03
3.846516e-04,5.917950e-04,6.511591e-04,6.067746e-05,3.203605e-04,1.325989e-03,2.010419e-05,5.033408e-05,1.920916e-03,7.628410e-01,1.722501e-01,6.343668e-04,1.419954e-04,5.741123e-02,1.395371e-03
2.917482e-04,9.601829e-04,5.149643e-04,5.329076e-05,3.939855e-04,1.103283e-03,1.667639e-05,3.673221e-05,1.532769e-03,8.191653e-01,1.320065e-01,5.526135e-04,1.347437e-04,4.218471e-02,1.052400e-03
2.263000e-04,9.088214e-04,4.417012e-04,4.233696e-05,3.696186e-04,1.030545e-03,1.710368e-05,3.017798e-05,1.120749e-03,8.640507e-01,1.004079e-01,4.730347e-04,1.271200e-04,2.996984e-02,7.839909e-04
1.777843e-04,7.170038e-04,3.306940e-04,3.292556e-05,3.612069e-04,9.067048e-04,1.720452e-05,2.445225e-05,8.134407e-04,9.000838e-01,7.422009e-02,3.652686e-04,1.478146e-04,2.121646e-02,5.851186e-04
1.462328e-04,5.233551e-04,2.501371e-04,2.436504e-05,3.155752e-04,7.320288e-04,1.556699e-05,2.188407e-05,5.846202e-04,9.260504e-01,5.536598e-02,3.165038e-04,2.259586e-04,1.500279e-02,4.246301e-04
1.144630e-04,4.001818e-04,1.982659e-04,1.852062e-05,3.053246e-04,5.612963e-04,1.536314e-05,2.909502e-05,4.422976e-04,9.460598e-01,4.021162e-02,3.963043e-04,3.040398e-04,1.062848e-02,3.149276e-04
1.143073e-04,3.192351e-04,2.532458e-04,2.053841e-05,7.130337e-04,4.833133e-04,6.352345e-05,2.666829e-04,3.821577e-04,9.582620e-01,2.972890e-02,9.977364e-04,5.213951e-04,7.642548e-03,2.314757e-04
1.406668e-04,2.592537e-04,3.620942e-04,2.185977e-05,1.208342e-03,4.989754e-04,1.535547e-04,7.242172e-04,3.841493e-04,9.665452e-01,2.194750e-02,1.303789e-03,7.099468e-04,5.561559e-03,1.788445e-04
1.864841e-04,2.055135e-04,3.614693e-04,2.011448e-05,1.590373e-03,4.882146e-04,1.998289e-04,7.167675e-04,3.158906e-04,9.723381e-01,1.673755e-02,1.586863e-03,1.023974e-03,4.076831e-03,1.520018e-04
7.170407e-04,1.975984e-04,6.878423e-04,1.289938e-04,3.492717e-03,5.574187e-04,6.637051e-04,1.200619e-02,5.605527e-04,9.538741e-01,1.418814e-02,5.570895e-03,3.742664e-03,3.427004e-03,1.851139e-04
2.941934e-03,2.678603e-04,1.074614e-03,7.017915e-04,1.151418e-02,8.425167e-04,3.277784e-03,3.813248e-02,1.217606e-03,9.036362e-01,1.321626e-02,1.095857e-02,8.372931e-03,3.598401e-03,2.468265e-04
3.760207e-03,2.482187e-04,1.174837e-03,2.229448e-03,6.396451e-02,9.219577e-04,1.322527e-02,1.496115e-01,4.031053e-03,7.258804e-01,1.117151e-02,1.188642e-02,8.661189e-03,2.956238e-03,2.772681e-04
4.438061e-03,2.864689e-04,1.763607e-03,8.171782e-03,6.019278e-02,1.054401e-03,1.074161e-02,3.315996e-01,7.374763e-03,5.315462e-01,1.273006e-02,1.817046e-02,9.328796e-03,2.276353e-03,3.250300e-04
4.565855e-03,1.089314e-03,1.689184e-03,8.918609e-03,1.017230e-01,2.154217e-03,1.340946e-02,3.270536e-01,1.025173e-01,3.865365e-01,1.152235e-02,2.498624e-02,1.170213e-02,1.785608e-03,3.465589e-04
4.150825e-03,2.575598e-03,2.406965e-03,6.096389e-02,9.152208e-02,2.259615e-03,9.827129e-03,2.647822e-01,2.489788e-01,2.716245e-01,9.181655e-03,1.916390e-02,1.049532e-02,1.335626e-03,7.318786e-04
2.943161e-03,3.213450e-03,2.062683e-03,1.654539e-01,7.068098e-02,1.795883e-03,6.952910e-03,1.855339e-01,3.096730e-01,1.902812e-01,1.211331e-02,1.506713e-02,3.182928e-02,9.408728e-04,1.458477e-03
2.158996e-03,2.420824e-03,1.785916e-03,1.303903e-01,6.163972e-02,8.212384e-03,4.945072e-03,1.306490e-01,2.225465e-01,1.334264e-01,3.192056e-02,2.217734e-02,2.443658e-01,6.913040e-04,2.669852e-03
1.562599e-03,1.724891e-03,1.476540e-03,9.965354e-02,4.563964e-02,1.082285e-02,3.495599e-03,9.153923e-02,1.572371e-01,9.342708e-02,3.150156e-02,3.085858e-02,4.258563e-01,4.993328e-04,4.705239e-03
1.239932e-03,1.457006e-03,2.024442e-03,7.319604e-02,3.598570e-02,1.095256e-02,2.578591e-03,6.414913e-02,1.124608e-01,6.559701e-02,3.177882e-02,3.900518e-02,5.423240e-01,3.898390e-04,1.686091e-02
1.081380e-03,1.365634e-03,1.747325e-03,5.202478e-02,3.061840e-02,1.157468e-02,2.480330e-03,4.508169e-02,8.151080e-02,4.603754e-02,3.285303e-02,3.332312e-02,6.421288e-01,7.748915e-04,1.739758e-02
9.881534e-04,1.184256e-03,1.484856e-03,3.731851e-02,2.330407e-02,1.065620e-02,1.887336e-03,3.163077e-02,5.911654e-02,3.239105e-02,3.777409e-02,3.448153e-02,7.099659e-01,1.267562e-03,1.654912e-02
1.100108e-03,9.711699e-04,2.107118e-03,2.648467e-02,1.848255e-02,8.475325e-03,1.474748e-03,2.235682e-02,4.353720e-02,2.302274e-02,4.871136e-02,5.197799e-02,7.374243e-01,1.101208e-03,1.277274e-02
2.059819e-03,1.129459e-03,7.055450e-03,1.990681e-02,3.310123e-02,9.343071e-03,2.633646e-03,1.890621e-02,4.489649e-02,1.682560e-02,5.099124e-02,6.448784e-02,7.174079e-01,9.404268e-04,1.031478e-02
3.202134e-03,1.890972e-03,1.076870e-02,1.443073e-02,3.615009e-02,1.601711e-02,3.067482e-03,1.657067e-02,5.305000e-02,1.258407e-02,5.730497e-02,9.337501e-02,6.725546e-01,7.752426e-04,8.258233e-03
4.880141e-03,6.957521e-03,2.375776e-02,1.330043e-02,3.995046e-02,2.986658e-02,4.104601e-03,1.465330e-02,6.464139e-02,1.221980e-02,4.300128e-02,1.380279e-01,5.967866e-01,1.066105e-03,6.786123e-03
4.980398e-03,5.389704e-03,1.752120e-02,9.994512e-03,3.490155e-02,3.262068e-02,3.366211e-03,1.169486e-02,5.542726e-02,9.416491e-03,3.230946e-02,2.272022e-01,5.491142e-01,9.244729e-04,5.136771e-03
7.252706e-03,4.525338e-03,1.350701e-02,8.529305e-03,2.898542e-02,2.827487e-02,3.217005e-03,1.362280e-02,5.040993e-02,7.348982e-03,2.444618e-02,2.941074e-01,5.106061e-01,8.509881e-04,4.316064e-03
9.195456e-03,3.806801e-03,9.870447e-03,6.350292e-03,2.158184e-02,2.076637e-02,2.619855e-03,1.264815e-02,3.860176e-02,5.898914e-03,1.787551e-02,3.065426e-01,5.402412e-01,7.402253e-04,3.260598e-03
1.325627e-02,3.947431e-03,9.620649e-03,8.760443e-03,1.651222e-02,2.487456e-02,2.325988e-03,1.450006e-02,3.108919e-02,5.055883e-03,1.517929e-02,3.410584e-01,5.104120e-01,7.521769e-04,2.655572e-03
2.384137e-02,5.678013e-03,7.850924e-03,8.386893e-03,1.456087e-02,2.221884e-02,2.809789e-03,1.707478e-02,2.812470e-02,6.691774e-03,1.166735e-02,4.249011e-01,4.229979e-01,9.266323e-04,2.269208e-03
3.050194e-02,4.616832e-03,5.782838e-03,6.475436e-03,1.267155e-02,1.749403e-02,3.282007e-03,1.647570e-02,2.165225e-02,9.393902e-03,9.345837e-03,5.074297e-01,3.507308e-01,2.417336e-03,1.729907e-03
3.273039e-02,3.750511e-03,4.455407e-03,4.934646e-03,1.014662e-02,1.320071e-02,2.782961e-03,1.314066e-02,1.635504e-02,1.011125e-02,7.893103e-03,6.118494e-01,2.641444e-01,3.112851e-03,1.392030e-03
3.220125e-02,3.713133e-03,4.467455e-03,4.231676e-03,9.499007e-03,1.156939e-02,2.295271e-03,1.175759e-02,1.475531e-02,9.781788e-03,7.857011e-03,6.778685e-01,2.058617e-01,2.984968e-03,1.155984e-03
2.895687e-02,3.125165e-03,3.573024e-03,3.350864e-03,8.064196e-03,1.045518e-02,1.874583e-03,8.946570e-03,1.196046e-02,8.369249e-03,6.778090e-03,7.408006e-01,1.534029e-01,9.409117e-03,9.331022e-04
3.055202e-02,4.536451e-03,4.865485e-03,2.883190e-03,8.697795e-03,1.269286e-02,2.079866e-03,1.678132e-02,1.390340e-02,7.217669e-03,6.035605e-03,7.630236e-01,1.169825e-01,8.636705e-03,1.111578e-03
3.725030e-02,5.164275e-03,4.567233e-03,2.553020e-03,8.254259e-03,1.808896e-02,2.307546e-03,2.055404e-02,1.768615e-02,6.852782e-03,5.067168e-03,7.720926e-01,9.001759e-02,7.938422e-03,1.605691e-03
5.067719e-02,1.701343e-02,4.573227e-03,3.401128e-03,8.471032e-03,5.136682e-02,3.131499e-03,2.505687e-02,4.187429e-02,1.223880e-02,4.364440e-03,6.959347e-01,6.544051e-02,6.232527e-03,1.022364e-02
5.770686e-02,2.665615e-02,8.398846e-03,1.676795e-02,6.646192e-03,9.052669e-02,2.860917e-03,2.411438e-02,1.249998e-01,1.035121e-02,4.225793e-03,5.579207e-01,5.136882e-02,6.560318e-03,1.089539e-02
6.538609e-02,3.302863e-02,7.752405e-03,1.271697e-02,6.408587e-03,1.448470e-01,5.792947e-03,2.294351e-02,1.227076e-01,8.136280e-03,4.524625e-03,5.033720e-01,4.325516e-02,6.513835e-03,1.261444e-02
6.240799e-02,3.344328e-02,8.447003e-03,9.662302e-03,7.742192e-03,1.860279e-01,1.042256e-02,3.421813e-02,9.923176e-02,6.221857e-03,3.653082e-03,4.874905e-01,3.481291e-02,5.777618e-03,1.044086e-02
5.931640e-02,8.024530e-02,8.419293e-03,7.765094e-03,7.049695e-03,2.445301e-01,9.617662e-03,2.817530e-02,1.049313e-01,5.107459e-03,2.943671e-03,4.004908e-01,2.634969e-02,4.442688e-03,1.061562e-02
5.262954e-02,1.123113e-01,1.171010e-02,5.870339e-03,7.390555e-03,3.327390e-01,1.175898e-02,3.839276e-02,9.284116e-02,4.409296e-03,2.235678e-03,2.962154e-01,1.934563e-02,3.298368e-03,8.851871e-03
6.123555e-02,2.864422e-01,9.245034e-03,6.458770e-03,6.122938e-03,2.573374e-01,8.442123e-03,2.822504e-02,7.835115e-02,3.990802e-03,1.905127e-03,2.086913e-01,1.543723e-02,2.539054e-03,2.557626e-02
6.510031e-02,3.030178e-01,9.272236e-03,2.378991e-02,5.099838e-03,2.057142e-01,6.180871e-03,2.161889e-02,8.346386e-02,9.319734e-03,5.345874e-03,1.475677e-01,1.527037e-02,2.925687e-03,9.631277e-02
6.339343e-02,2.794448e-01,9.410295e-03,2.200105e-02,5.613402e-03,1.485701e-01,4.714323e-03,1.605975e-02,1.535135e-01,1.113580e-02,1.185273e-02,1.077980e-01,3.119414e-02,1.062402e-02,1.246746e-01
7.669652e-02,2.910465e-01,7.774020e-03,1.845569e-02,8.605729e-03,1.071112e-01,3.901270e-03,1.676116e-02,1.858297e-01,1.110355e-02,1.592069e-02,7.752766e-02,3.233021e-02,1.231228e-02,1.346239e-01
7.353905e-02,2.345077e-01,1.069342e-02,1.699978e-02,8.057184e-03,7.718989e-02,3.326689e-03,1.335100e-02,1.742944e-01,1.699706e-02,2.005917e-02,5.993577e-02,4.101112e-02,2.276096e-02,2.272768e-01
5.590967e-02,2.381179e-01,8.374511e-03,1.366139e-02,1.011965e-02,6.057752e-02,2.606005e-03,9.794286e-03,2.431835e-01,1.223468e-02,1.571368e-02,4.537016e-02,8.292131e-02,1.676019e-02,1.846556e-01
4.069277e-02,2.287124e-01,6.480949e-03,1.094510e-02,1.095345e-02,4.844421e-02,2.049729e-03,7.257042e-03,2.300120e-01,8.718919e-03,1.168792e-02,3.903807e-02,1.920862e-01,1.221306e-02,1.507083e-01
2.968758e-02,2.756640e-01,5.324410e-03,8.744137e-03,8.720696e-03,3.654614e-02,1.554528e-03,5.261052e-03,2.916956e-01,7.120368e-03,9.755901e-03,3.005821e-02,1.685577e-01,9.124722e-03,1.121849e-01
2.371241e-02,2.373499e-01,5.334684e-03,8.460069e-03,9.681188e-03,3.047395e-02,2.234099e-03,5.118457e-03,3.156279e-01,7.258254e-03,2.467000e-02,2.790855e-02,1.848392e-01,7.854084e-03,1.094773e-01
2.218821e-02,2.137275e-01,5.934671e-03,1.015240e-02,7.846896e-03,2.560994e-02,1.802246e-03,4.665330e-03,3.085241e-01,7.963862e-03,3.725506e-02,3.665458e-02,1.934355e-01,1.052206e-02,1.137177e-01
2.115033e-02,1.542128e-01,1.557733e-02,1.785584e-02,9.349171e-03,1.910891e-02,1.844935e-03,9.539278e-03,2.620573e-01,9.472250e-03,4.349543e-02,3.833608e-02,2.324285e-01,1.310212e-02,1.524697e-01
1.934166e-02,1.112523e-01,2.200879e-02,2.259899e-02,1.253586e-02,1.388853e-02,1.672041e-03,1.412868e-02,2.212156e-01,9.679492e-03,3.577343e-02,3.048172e-02,2.137346e-01,1.316665e-02,2.585216e-01
2.114110e-02,7.986853e-02,3.996003e-02,2.582517e-02,1.206597e-02,1.088159e-02,2.862724e-03,1.063403e-01,1.675729e-01,8.867601e-03,2.913575e-02,2.860986e-02,1.811897e-01,1.116218e-02,2.745166e-01
2.100054e-02,5.780800e-02,6.043753e-02,2.202785e-02,9.816299e-03,8.413798e-03,2.998881e-03,2.439291e-01,1.241430e-01,8.354805e-03,2.344207e-02,2.635745e-02,1.491330e-01,9.120196e-03,2.330175e-01
1.603359e-02,4.084186e-02,5.059034e-02,1.706638e-02,7.013532e-03,6.870377e-03,2.491205e-03,4.439438e-01,8.788593e-02,7.500926e-03,1.888264e-02,1.980354e-02,1.075278e-01,6.751353e-03,1.667967e-01
1.226705e-02,2.988352e-02,4.311993e-02,1.279504e-02,5.544018e-03,5.668717e-03,2.693366e-03,5.884658e-01,6.278183e-02,5.497485e-03,1.588423e-02,1.446151e-02,7.799273e-02,5.114986e-03,1.178298e-01
9.097673e-03,2.113360e-02,3.336508e-02,9.125846e-03,4.279627e-03,4.089049e-03,2.156367e-03,7.036791e-01,4.427753e-02,3.898836e-03,1.237035e-02,1.030906e-02,5.553744e-02,3.708581e-03,8.297189e-02
7.504320e-03,1.520681e-02,2.610189e-02,6.602148e-03,5.112370e-03,3.186935e-03,1.954717e-03,7.813759e-01,3.172106e-02,2.861338e-03,9.539560e-03,7.312905e-03,4.017998e-02,2.761959e-03,5.857807e-02
6.155983e-03,1.083280e-02,1.954946e-02,4.719645e-03,5.353637e-03,2.408513e-03,1.685140e-03,8.409487e-01,2.247888e-02,2.065459e-03,6.802663e-03,5.144296e-03,2.838976e-02,2.009789e-03,4.145527e-02
9.486573e-03,8.440205e-03,1.858351e-02,3.769080e-03,6.962072e-03,2.463269e-03,1.425341e-03,8.687305e-01,1.636373e-02,1.542261e-03,5.000812e-03,3.895588e-03,2.151097e-02,1.719563e-03,3.010639e-02
1.044794e-02,8.562317e-03,1.521129e-02,3.107938e-03,6.420843e-03,2.287103e-03,1.148869e-03,8.926708e-01,1.239321e-02,1.120077e-03,3.567106e-03,2.979849e-03,1.592814e-02,1.294511e-03,2.285999e-02
1.121603e-02,7.789250e-03,1.310355e-02,2.483207e-03,6.311262e-03,2.080071e-03,9.497038e-04,9.103116e-01,9.162555e-03,8.292369e-04,2.572304e-03,2.290588e-03,1.175409e-02,1.001612e-03,1.814491e-02
1.438181e-02,6.385728e-03,1.016842e-02,2.047602e-03,5.789805e-03,2.499532e-03,9.834627e-04,9.235571e-01,6.939300e-03,6.301694e-04,2.018645e-03,1.860646e-03,8.917544e-03,7.646466e-04,1.305558e-02
1.851647e-02,5.228356e-03,8.144107e-03,1.959045e-03,5.911383e-03,2.554257e-03,1.133455e-03,9.308255e-01,5.451071e-03,4.715117e-04,1.582407e-03,1.534109e-03,6.775677e-03,5.869566e-04,9.325748e-03
