1.000000e+00,0.000000e+00,0.000000e+00,0.000000e+00,0.000000e+00,0.000000e+00,0.000000e+00,0.000000e+00,0.000000e+00,0.000000e+00,0.000000e+00,0.000000e+00,0.000000e+00,0.000000e+00,0.000000e+00
1.000000e+00,0.000000e+00,0.000000e+00,0.000000e+00,0.000000e+00,0.000000e+00,0.000000e+00,0.000000e+00,0.000000e+00,0.000000e+00,0.000000e+00,0.000000e+00,0.000000e+00,0.000000e+00,0.000000e+00
1.000000e+00,0.000000e+00,0.000000e+00,0.000000e+00,0.000000e+00,0.000000e+00,0.000000e+00,0.000000e+00,0.000000e+00,0.000000e+00,0.000000e+00,0.000000e+00,0.000000e+00,0.000000e+00,0.000000e+00
1.000000e+00,0.000000e+00,0.000000e+00,0.000000e+00,0.000000e+00,0.000000e+00,0.000000e+00,0.000000e+00,0.000000e+00,0.000000e+00,0.000000e+00,0.000000e+00,0.000000e+00,0.000000e+00,0.000000e+00
1.000000e+00,0.000000e+00,0.000000e+00,0.000000e+00,0.000000e+00,0.000000e+00,0.000000e+00,0.000000e+00,0.000000e+00,0.000000e+00,0.000000e+00,0.000000e+00,0.000000e+00,0.000000e+00,0.000000e+00
1.000000e+00,0.000000e+00,0.000000e+00,0.000000e+00,0.000000e+00,0.000000e+00,0.000000e+00,0.000000e+00,0.000000e+00,0.000000e+00,0.000000e+00,0.000000e+00,0.000000e+00,0.000000e+00,0.000000e+00
1.000000e+00,0.000000e+00,0.000000e+00,0.000000e+00,0.000000e+00,0.000000e+00,0.000000e+00,0.000000e+00,0.000000e+00,0.000000e+00,0.000000e+00,0.000000e+00,0.000000e+00,0.000000e+00,0.000000e+00
1.000000e+00,0.000000e+00,0.000000e+00,0.000000e+00,0.000000e+00,0.000000e+00,0.000000e+00,0.000000e+00,0.000000e+00,0.000000e+00,0.000000e+00,0.000000e+00,0.000000e+00,0.000000e+00,0.000000e+00
1.000000e+00,0.000000e+00,0.000000e+00,0.000000e+00,0.000000e+00,0.000000e+00,0.000000e+00,0.000000e+00,0.000000e+00,0.000000e+00,0.000000e+00,0.000000e+00,0.000000e+00,0.000000e+00,0.000000e+00
1.000000e+00,0.000000e+00,0.000000e+00,0.000000e+00,0.000000e+00,0.000000e+00,0.000000e+00,0.000000e+00,0.000000e+00,0.000000e+00,0.000000e+00,0.000000e+00,0.000000e+00,0.000000e+00,0.000000e+00
1.000000e+00,0.000000e+00,0.000000e+00,0.000000e+00,0.000000e+00,0.000000e+00,0.000000e+00,0.000000e+00,0.000000e+00,0.000000e+00,0.000000e+00,0.000000e+00,0.000000e+00,0.000000e+00,0.000000e+00
1.000000e+00,0.000000e+00,0.000000e+00,0.000000e+00,0.000000e+00,0.000000e+00,0.000000e+00,0.000000e+00,0.000000e+00,0.000000e+00,0.000000e+00,0.000000e+00,0.000000e+00,0.000000e+00,0.000000e+00
1.000000e+00,0.000000e+00,0.000000e+00,0.000000e+00,0.000000e+00,0.000000e+00,0.000000e+00,0.000000e+00,0.000000e+00,0.000000e+00,0.000000e+00,0.000000e+00,0.000000e+00,0.000000e+00,0.000000e+00
1.000000e+00,0.000000e+00,0.000000e+00,0.000000e+00,0.000000e+00,0.000000e+00,0.000000e+00,0.000000e+00,0.000000e+00,0.000000e+00,0.000000e+00,0.000000e+00,0.000000e+00,0.000000e+00,0.000000e+00
1.000000e+00,0.000000e+00,0.000000e+00,0.000000e+00,0.000000e+00,0.000000e+00,0.000000e+00,0.000000e+00,0.000000e+00,0.000000e+00,0.000000e+00,0.000000e+00,0.000000e+00,0.000000e+00,0.000000e+00
1.000000e+00,0.000000e+00,0.000000e+00,0.000000e+00,0.000000e+00,0.000000e+00,0.000000e+00,0.000000e+00,0.000000e+00,0.000000e+00,0.000000e+00,0.000000e+00,0.000000e+00,0.000000e+00,0.000000e+00
1.000000e+00,0.000000e+00,0.000000e+00,0.000000e+00,0.000000e+00,0.000000e+00,0.000000e+00,0.000000e+00,0.000000e+00,0.000000e+00,0.000000e+00,0.000000e+00,0.000000e+00,0.000000e+00,0.000000e+00
1.000000e+00,0.000000e+00,0.000000e+00,0.000000e+00,0.000000e+00,0.000000e+00,0.000000e+00,0.000000e+00,0.000000e+00,0.000000e+00,0.000000e+00,0.000000e+00,0.000000e+00,0.000000e+00,0.000000e+00
1.000000e+00,0.000000e+00,0.000000e+00,0.000000e+00,0.000000e+00,0.000000e+00,0.000000e+00,0.000000e+00,0.000000e+00,0.000000e+00,0.000000e+00,0.000000e+00,0.000000e+00,0.000000e+00,0.000000e+00
1.000000e+00,0.000000e+00,0.000000e+00,0.000000e+00,0.000000e+00,0.000000e+00,0.000000e+00,0.000000e+00,0.000000e+00,0.000000e+00,0.000000e+00,0.000000e+00,0.000000e+00,0.000000e+00,0.000000e+00
1.000000e+00,0.000000e+00,0.000000e+00,0.000000e+00,0.000000e+00,0.000000e+00,0.000000e+00,0.000000e+00,0.000000e+00,0.000000e+00,0.000000e+00,0.000000e+00,0.000000e+00,0.000000e+00,0.000000e+00
1.000000e+00,0.000000e+00,0.000000e+00,0.000000e+00,0.000000e+00,0.000000e+00,0.000000e+00,0.000000e+00,0.000000e+00,0.000000e+00,0.000000e+00,0.000000e+00,0.000000e+00,0.000000e+00,0.000000e+00
1.000000e+00,0.000000e+00,0.000000e+00,0.000000e+00,0.000000e+00,0.000000e+00,0.000000e+00,0.000000e+00,0.000000e+00,0.000000e+00,0.000000e+00,0.000000e+00,0.000000e+00,0.000000e+00,0.000000e+00
1.000000e+00,0.000000e+00,0.000000e+00,0.000000e+00,0.000000e+00,0.000000e+00,0.000000e+00,0.000000e+00,0.000000e+00,0.000000e+00,0.000000e+00,0.000000e+00,0.000000e+00,0.000000e+00,0.000000e+00
1.000000e+00,0.000000e+00,0.000000e+00,0.000000e+00,0.000000e+00,0.000000e+00,0.000000e+00,0.000000e+00,0.000000e+00,0.000000e+00,0.000000e+00,0.000000e+00,0.000000e+00,0.000000e+00,0.000000e+00
1.000000e+00,0.000000e+00,0.000000e+00,0.000000e+00,0.000000e+00,0.000000e+00,0.000000e+00,0.000000e+00,0.000000e+00,0.000000e+00,0.000000e+00,0.000000e+00,0.000000e+00,0.000000e+00,0.000000e+00
1.000000e+00,0.000000e+00,0.000000e+00,0.000000e+00,0.000000e+00,0.000000e+00,0.000000e+00,0.000000e+00,0.000000e+00,0.000000e+00,0.000000e+00,0.000000e+00,0.000000e+00,0.000000e+00,0.000000e+00
1.000000e+00,0.000000e+00,0.000000e+00,0.000000e+00,0.000000e+00,0.000000e+00,0.000000e+00,0.000000e+00,0.000000e+00,0.000000e+00,0.000000e+00,0.000000e+00,0.000000e+00,0.000000e+00,0.000000e+00
1.000000e+00,0.000000e+00,0.000000e+00,0.000000e+00,0.000000e+00,0.000000e+00,0.000000e+00,0.000000e+00,0.000000e+00,0.000000e+00,0.000000e+00,0.000000e+00,0.000000e+00,0.000000e+00,0.000000e+00
1.000000e+00,0.000000e+00,0.000000e+00,0.000000e+00,0.000000e+00,0.000000e+00,0.000000e+00,0.000000e+00,0.000000e+00,0.000000e+00,0.000000e+00,0.000000e+00,0.000000e+00,0.000000e+00,0.000000e+00
1.000000e+00,0.000000e+00,0.000000e+00,0.000000e+00,0.000000e+00,0.000000e+00,0.000000e+00,0.000000e+00,0.000000e+00,0.000000e+00,0.000000e+00,0.000000e+00,0.000000e+00,0.000000e+00,0.000000e+00
1.000000e+00,0.000000e+00,0.000000e+00,0.000000e+00,0.000000e+00,0.000000e+00,0.000000e+00,0.000000e+00,0.000000e+00,0.000000e+00,0.000000e+00,0.000000e+00,0.000000e+00,0.000000e+00,0.000000e+00
1.000000e+00,0.000000e+00,0.000000e+00,0.000000e+00,0.000000e+00,0.000000e+00,0.000000e+00,0.000000e+00,0.000000e+00,0.000000e+00,0.000000e+00,0.000000e+00,0.000000e+00,0.000000e+00,0.000000e+00
1.000000e+00,0.000000e+00,0.000000e+00,0.000000e+00,0.000000e+00,0.000000e+00,0.000000e+00,0.000000e+00,0.000000e+00,0.000000e+00,0.000000e+00,0.000000e+00,0.000000e+00,0.000000e+00,0.000000e+00
1.000000e+00,0.000000e+00,0.000000e+00,0.000000e+00,0.000000e+00,0.000000e+00,0.000000e+00,0.000000e+00,0.000000e+00,0.000000e+00,0.000000e+00,0.000000e+00,0.000000e+00,0.000000e+00,0.000000e+00
1.000000e+00,0.000000e+00,0.000000e+00,0.000000e+00,0.000000e+00,0.000000e+00,0.000000e+00,0.000000e+00,0.000000e+00,0.000000e+00,0.000000e+00,0.000000e+00,0.000000e+00,0.000000e+00,0.000000e+00
1.000000e+00,0.000000e+00,0.000000e+00,0.000000e+00,0.000000e+00,0.000000e+00,0.000000e+00,0.000000e+00,0.000000e+00,0.000000e+00,0.000000e+00,0.000000e+00,0.000000e+00,0.000000e+00,0.000000e+00
1.000000e+00,0.000000e+00,0.000000e+00,0.000000e+00,0.000000e+00,0.000000e+00,0.000000e+00,0.000000e+00,0.000000e+00,0.000000e+00,0.000000e+00,0.000000e+00,0.000000e+00,0.000000e+00,0.000000e+00
1.000000e+00,0.000000e+00,0.000000e+00,0.000000e+00,0.000000e+00,0.000000e+00,0.000000e+00,0.000000e+00,0.000000e+00,0.000000e+00,0.000000e+00,0.000000e+00,0.000000e+00,0.000000e+00,0.000000e+00
1.000000e+00,0.000000e+00,0.000000e+00,0.000000e+00,0.000000e+00,0.000000e+00,0.000000e+00,0.000000e+00,0.000000e+00,0.000000e+00,0.000000e+00,0.000000e+00,0.000000e+00,0.000000e+00,0.000000e+00
1.000000e+00,0.000000e+00,0.000000e+00,0.000000e+00,0.000000e+00,0.000000e+00,0.000000e+00,0.000000e+00,0.000000e+00,0.000000e+00,0.000000e+00,0.000000e+00,0.000000e+00,0.000000e+00,0.000000e+00
1.000000e+00,0.000000e+00,0.000000e+00,0.000000e+00,0.000000e+00,0.000000e+00,0.000000e+00,0.000000e+00,0.000000e+00,0.000000e+00,0.000000e+00,0.000000e+00,0.000000e+00,0.000000e+00,0.000000e+00
1.000000e+00,0.000000e+00,0.000000e+00,0.000000e+00,0.000000e+00,0.000000e+00,0.000000e+00,0.000000e+00,0.000000e+00,0.000000e+00,0.000000e+00,0.000000e+00,0.000000e+00,0.000000e+00,0.000000e+00
1.000000e+00,0.000000e+00,0.000000e+00,0.000000e+00,0.000000e+00,0.000000e+00,0.000000e+00,0.000000e+00,0.000000e+00,0.000000e+00,0.000000e+00,0.000000e+00,0.000000e+00,0.000000e+00,0.000000e+00
1.000000e+00,0.000000e+00,0.000000e+00,0.000000e+00,0.000000e+00,0.000000e+00,0.000000e+00,0.000000e+00,0.000000e+00,0.000000e+00,0.000000e+00,0.000000e+00,0.000000e+00,0.000000e+00,0.000000e+00
1.000000e+00,0.000000e+00,0.000000e+00,0.000000e+00,0.000000e+00,0.000000e+00,0.000000e+00,0.000000e+00,0.000000e+00,0.000000e+00,0.000000e+00,0.000000e+00,0.000000e+00,0.000000e+00,0.000000e+00
1.000000e+00,0.000000e+00,0.000000e+00,0.000000e+00,0.000000e+00,0.000000e+00,0.000000e+00,0.000000e+00,0.000000e+00,0.000000e+00,0.000000e+00,0.000000e+00,0.000000e+00,0.000000e+00,0.000000e+00
1.000000e+00,0.000000e+00,0.000000e+00,0.000000e+00,0.000000e+00,0.000000e+00,0.000000e+00,0.000000e+00,0.000000e+00,0.000000e+00,0.000000e+00,0.000000e+00,0.000000e+00,0.000000e+00,0.000000e+00
1.000000e+00,0.000000e+00,0.000000e+00,0.000000e+00,0.000000e+00,0.000000e+00,0.000000e+00,0.000000e+00,0.000000e+00,0.000000e+00,0.000000e+00,0.000000e+00,0.000000e+00,0.000000e+00,0.000000e+00
1.000000e+00,0.000000e+00,0.000000e+00,0.000000e+00,0.000000e+00,0.000000e+00,0.000000e+00,0.000000e+00,0.000000e+00,0.000000e+00,0.000000e+00,0.000000e+00,0.000000e+00,0.000000e+00,0.000000e+00
4.992632e-01,1.149311e-02,9.712917e-02,3.358170e-02,4.815660e-03,1.615953e-01,1.716773e-03,8.736234e-03,5.328807e-03,1.243556e-01,9.007587e-03,7.498160e-03,5.371508e-03,3.284284e-03,2.682295e-02
3.633834e-01,1.250096e-02,8.224797e-02,2.678340e-02,5.901389e-03,1.846483e-01,1.290752e-03,7.062161e-03,5.034292e-03,2.383714e-01,6.711730e-03,5.339182e-03,3.925022e-03,3.461735e-03,5.333830e-02
2.599120e-01,1.015128e-02,5.991444e-02,1.947019e-02,5.943165e-03,2.226292e-01,9.554122e-04,5.495051e-03,4.449642e-03,3.507386e-01,4.917112e-03,3.751161e-03,2.798184e-03,2.879559e-03,4.599498e-02
1.853797e-01,8.278968e-03,4.316878e-02,1.373910e-02,4.676643e-03,2.046152e-01,6.819135e-04,3.962758e-03,3.873873e-03,4.749252e-01,3.841504e-03,2.640324e-03,1.995373e-03,2.468130e-03,4.575253e-02
1.327978e-01,7.660276e-03,3.144282e-02,9.768561e-03,4.717117e-03,1.954750e-01,4.952180e-04,2.937475e-03,3.309679e-03,5.525110e-01,3.068948e-03,1.858069e-03,1.485889e-03,2.360823e-03,5.011128e-02
1.014350e-01,8.914211e-03,2.296794e-02,7.009351e-03,5.367401e-03,1.763079e-01,4.157691e-04,2.289996e-03,3.109531e-03,6.151118e-01,3.855141e-03,1.418023e-03,1.548581e-03,3.203912e-03,4.704531e-02
8.306244e-02,1.529191e-02,1.804790e-02,5.215209e-03,7.796743e-03,1.547228e-01,4.280776e-04,2.128799e-03,3.535006e-03,6.477020e-01,4.574419e-03,1.215213e-03,2.090815e-03,5.144716e-03,4.904395e-02
5.879265e-02,1.241740e-02,1.333794e-02,6.653261e-03,5.847755e-03,1.090609e-01,3.417688e-04,1.548012e-03,1.718875e-02,6.988252e-01,4.118488e-03,1.031692e-03,7.346531e-03,4.093263e-03,5.939635e-02
4.122987e-02,1.039014e-02,9.501319e-03,5.006004e-03,4.114470e-03,7.671556e-02,2.469264e-04,1.090315e-03,9.171707e-02,6.391240e-01,3.201784e-03,7.929729e-04,7.451173e-03,3.062531e-03,1.063559e-01
2.922542e-02,3.622217e-02,6.882791e-03,4.823407e-03,2.974775e-03,5.384211e-02,2.155789e-04,8.065440e-04,1.530966e-01,5.073738e-01,6.981723e-03,1.239883e-03,3.163866e-02,8.651882e-03,1.560247e-01
2.102013e-02,4.701779e-02,5.744890e-03,9.609261e-03,2.232739e-03,3.807629e-02,2.198862e-04,6.353250e-04,1.186933e-01,3.970307e-01,1.283216e-02,1.031183e-02,1.667445e-01,9.611519e-03,1.602197e-01
1.506070e-02,3.409682e-02,4.249248e-03,1.162470e-02,3.102021e-03,2.711737e-02,2.088535e-04,4.955732e-04,9.674236e-02,2.857494e-01,1.463935e-02,1.569760e-02,3.472461e-01,1.219903e-02,1.317709e-01
1.189724e-02,2.503562e-02,3.568208e-03,2.171370e-02,1.630499e-02,2.388725e-02,4.890388e-04,7.287847e-04,9.531324e-02,2.155526e-01,1.617432e-02,2.646584e-02,3.843419e-01,2.597778e-02,1.325495e-01
1.067304e-02,1.884763e-02,2.858378e-03,2.726438e-02,1.679073e-02,1.959590e-02,6.848126e-04,6.939884e-04,8.745702e-02,1.696307e-01,1.694345e-02,4.598242e-02,3.952004e-01,5.114514e-02,1.362321e-01
1.510644e-02,1.531738e-02,2.733104e-03,3.617098e-02,2.051981e-02,1.903090e-02,1.117937e-03,1.506042e-03,9.223197e-02,1.242224e-01,2.288732e-02,5.450663e-02,4.367395e-01,4.224398e-02,1.156656e-01
1.475107e-02,1.142156e-02,2.346167e-03,3.563133e-02,1.646722e-02,1.690915e-02,1.307580e-03,1.405104e-03,8.354505e-02,9.223820e-02,2.535404e-02,9.848541e-02,4.740994e-01,3.213052e-02,9.390826e-02
1.173376e-02,8.231143e-03,2.347104e-03,2.828993e-02,1.577784e-02,1.322356e-02,1.698874e-03,1.904359e-03,6.411605e-02,6.583802e-02,2.758446e-02,9.110993e-02,5.598844e-01,2.341852e-02,8.484203e-02
1.038566e-02,6.347394e-03,3.772161e-03,2.252392e-02,2.026912e-02,1.157816e-02,4.873041e-03,5.262705e-03,5.118378e-02,4.708652e-02,2.450906e-02,8.021361e-02,6.247419e-01,1.814013e-02,6.911294e-02
9.316584e-03,5.091247e-03,4.583126e-03,1.671550e-02,2.329547e-02,1.052548e-02,6.024653e-03,5.819318e-03,4.111337e-02,3.415231e-02,2.392804e-02,9.757300e-02,6.532433e-01,1.410165e-02,5.451700e-02
2.690525e-02,4.239671e-03,6.188195e-03,1.241049e-02,3.411299e-02,1.277347e-02,7.277557e-03,9.249819e-03,4.035660e-02,2.516861e-02,2.192042e-02,1.518879e-01,5.962605e-01,1.026165e-02,4.098697e-02
2.593897e-02,4.058108e-03,1.348281e-02,9.650674e-03,3.008015e-02,1.534620e-02,6.226004e-03,3.512356e-02,3.609834e-02,2.318087e-02,2.392520e-02,1.500014e-01,5.875599e-01,8.260157e-03,3.106766e-02
3.322284e-02,4.765178e-03,3.249305e-02,8.609814e-03,3.337134e-02,1.978218e-02,5.590077e-03,3.908194e-02,3.594489e-02,2.334565e-02,2.466271e-02,1.563701e-01,5.497090e-01,9.504787e-03,2.354655e-02
3.373317e-02,1.051558e-02,6.675331e-02,9.140184e-03,5.216043e-02,2.024230e-02,5.383692e-03,5.566340e-02,1.128335e-01,2.067303e-02,2.561490e-02,1.206218e-01,4.380140e-01,7.286154e-03,2.136459e-02
3.627494e-02,1.546705e-02,8.986923e-02,8.625834e-03,5.208698e-02,2.200337e-02,6.609555e-03,1.237246e-01,1.263548e-01,2.434628e-02,3.338094e-02,1.035846e-01,3.330073e-01,5.965800e-03,1.869878e-02
3.547059e-02,2.826307e-02,1.580091e-01,2.020244e-02,4.797272e-02,2.297239e-02,5.330656e-03,1.332597e-01,1.646712e-01,1.931578e-02,2.575794e-02,7.464253e-02,2.450155e-01,4.599793e-03,1.451668e-02
3.363194e-02,4.976324e-02,1.823212e-01,2.035393e-02,4.500638e-02,2.242120e-02,5.838016e-03,1.284227e-01,2.179443e-01,1.543045e-02,1.956427e-02,5.442170e-02,1.898272e-01,3.372709e-03,1.168072e-02
3.447503e-02,5.830991e-02,1.745992e-01,1.814259e-02,5.081802e-02,2.342997e-02,1.098370e-02,1.976065e-01,2.081135e-01,1.225148e-02,1.450704e-02,4.312159e-02,1.411930e-01,2.511398e-03,9.937035e-03
2.977035e-02,4.600282e-02,1.340719e-01,1.316563e-02,4.018939e-02,2.081868e-02,1.336089e-02,3.743334e-01,1.663631e-01,8.933665e-03,1.082461e-02,3.056893e-02,1.015248e-01,1.831472e-03,8.240275e-03
2.770867e-02,3.844441e-02,1.007248e-01,9.630113e-03,3.251033e-02,1.939527e-02,1.431662e-02,5.090792e-01,1.308124e-01,6.502084e-03,8.089686e-03,2.164939e-02,7.327376e-02,1.335567e-03,6.527670e-03
2.661204e-02,3.405619e-02,7.541166e-02,7.167129e-03,2.797252e-02,1.638133e-02,1.212443e-02,6.165915e-01,9.899254e-02,4.675170e-03,5.814014e-03,1.583036e-02,5.244466e-02,1.064981e-03,4.861444e-03
2.908837e-02,2.870552e-02,5.368150e-02,6.172620e-03,2.627124e-02,1.277985e-02,9.326635e-03,6.958700e-01,7.577859e-02,3.606586e-03,4.332638e-03,1.162000e-02,3.797462e-02,9.251052e-04,3.866746e-03
2.993016e-02,2.371741e-02,3.820017e-02,5.459861e-03,2.493886e-02,1.064623e-02,7.709500e-03,7.554294e-01,5.781579e-02,2.810815e-03,3.502600e-03,8.467490e-03,2.749675e-02,7.352389e-04,3.139652e-03
3.178800e-02,1.844489e-02,2.721903e-02,5.233997e-03,2.076741e-02,9.191950e-03,6.002821e-03,8.039548e-01,4.267776e-02,2.271715e-03,3.044556e-03,6.565056e-03,1.969252e-02,6.154364e-04,2.529977e-03
3.622910e-02,1.502039e-02,1.979491e-02,5.439338e-03,1.985671e-02,8.104586e-03,5.146483e-03,8.285757e-01,3.305590e-02,2.206602e-03,3.156802e-03,6.048258e-03,1.451327e-02,5.339883e-04,2.317972e-03
3.495477e-02,1.100880e-02,1.498986e-02,6.236502e-03,1.916071e-02,6.120869e-03,3.861742e-03,8.574567e-01,2.461622e-02,1.700051e-03,2.627904e-03,4.724874e-03,1.036315e-02,4.342109e-04,1.743692e-03
3.354947e-02,7.946678e-03,1.128824e-02,7.972564e-03,1.624369e-02,4.513690e-03,2.938786e-03,8.807244e-01,1.820060e-02,1.335690e-03,2.248429e-03,3.935494e-03,7.462553e-03,3.433393e-04,1.296377e-03
4.468779e-02,5.832025e-03,8.433311e-03,8.931042e-03,1.566732e-02,3.680453e-03,2.221167e-03,8.816808e-01,1.315850e-02,1.073685e-03,2.828041e-03,4.109517e-03,6.339728e-03,3.058269e-04,1.050834e-03
5.601720e-02,4.826218e-03,8.429295e-03,3.045793e-02,1.319460e-02,1.632365e-02,1.887378e-03,6.997175e-01,1.446970e-02,1.253091e-03,2.850982e-02,9.201250e-02,2.994794e-02,1.208720e-03,1.744502e-03
4.811401e-02,3.995713e-03,6.507568e-03,4.943472e-02,1.049267e-02,1.213989e-02,1.398206e-03,5.327798e-01,6.889109e-02,1.227592e-02,1.257144e-01,7.646030e-02,4.150936e-02,5.115149e-03,5.171162e-03
3.446146e-02,3.293356e-03,4.663115e-03,7.075009e-02,8.034212e-03,8.609924e-03,9.985478e-04,3.836587e-01,9.212299e-02,1.473855e-02,2.476757e-01,6.077442e-02,4.331431e-02,2.151966e-02,5.385025e-03
2.459683e-02,2.607608e-03,3.440429e-03,1.030352e-01,6.215926e-03,6.171640e-03,7.105058e-04,2.698509e-01,1.361868e-01,1.240361e-02,2.943759e-01,4.806143e-02,6.139396e-02,2.244562e-02,8.503592e-03
1.754551e-02,2.999364e-03,2.618622e-03,9.756003e-02,5.471287e-03,4.348472e-03,5.193723e-04,1.903264e-01,3.229813e-01,9.191414e-03,2.405510e-01,3.499326e-02,4.636180e-02,1.775814e-02,6.773989e-03
1.265723e-02,2.517988e-03,1.984081e-03,6.976479e-02,4.579674e-03,3.216009e-03,3.993031e-04,1.333606e-01,2.643551e-01,1.269768e-02,3.306898e-01,4.447192e-02,6.981821e-02,2.959288e-02,1.989483e-02
9.330261e-03,2.614161e-03,1.888802e-03,4.997137e-02,3.657068e-03,2.973957e-03,3.590498e-04,9.368354e-02,2.101315e-01,2.167025e-02,3.625349e-01,6.107020e-02,1.185172e-01,3.763299e-02,2.396470e-02
6.972067e-03,3.224887e-03,2.399823e-03,3.698547e-02,4.063476e-02,2.230284e-03,3.989295e-04,6.576143e-02,2.901983e-01,1.982266e-02,2.947858e-01,5.855442e-02,1.023503e-01,3.047776e-02,4.520317e-02
5.827478e-03,4.241791e-03,3.083926e-03,3.286642e-02,1.097794e-01,2.665573e-03,6.741830e-04,4.630911e-02,2.582175e-01,2.667112e-02,2.557907e-01,5.778727e-02,1.090856e-01,2.434257e-02,6.265731e-02
5.733361e-03,4.422743e-03,5.350473e-03,3.111846e-02,1.124586e-01,3.030690e-03,1.023536e-03,3.372004e-02,2.444833e-01,4.038616e-02,2.450212e-01,7.063816e-02,1.253116e-01,2.229151e-02,5.501014e-02
5.276191e-03,9.950050e-03,8.022612e-03,3.433278e-02,8.380704e-02,3.162155e-03,8.132735e-04,2.521390e-02,2.771902e-01,4.596505e-02,2.319973e-01,7.325741e-02,1.309218e-01,2.623528e-02,4.385507e-02
4.313814e-03,1.101899e-02,7.595785e-03,2.853329e-02,6.099308e-02,3.240122e-03,6.355618e-04,1.893449e-02,2.801496e-01,6.417605e-02,2.296593e-01,7.104108e-02,1.431213e-01,3.422585e-02,4.236168e-02
4.100094e-03,1.085853e-02,6.823153e-03,2.688525e-02,4.377253e-02,3.059429e-03,4.776813e-04,1.492418e-02,2.777150e-01,6.433821e-02,2.500051e-01,7.633836e-02,1.503223e-01,3.216867e-02,3.821138e-02
4.903716e-03,1.662675e-02,8.310715e-03,3.035176e-02,3.167682e-02,3.631465e-03,4.723296e-04,1.268039e-02,2.961870e-01,5.666514e-02,2.406427e-01,7.368313e-02,1.382806e-01,5.046202e-02,3.542548e-02
7.268879e-03,2.742299e-02,1.167792e-02,4.868959e-02,2.418754e-02,4.401950e-03,6.848094e-04,1.035211e-02,3.054829e-01,6.557032e-02,2.197023e-01,6.565405e-02,1.177483e-01,5.423608e-02,3.692023e-02
1.745288e-02,2.663551e-02,2.134104e-02,5.629954e-02,3.236659e-02,4.313019e-03,6.407034e-04,9.935214e-03,2.949487e-01,7.751291e-02,2.394002e-01,5.110347e-02,9.621269e-02,4.425452e-02,2.758307e-02
3.094470e-02,2.165491e-02,1.836284e-02,6.109194e-02,3.626248e-02,4.231447e-03,7.359196e-04,1.170849e-02,2.828499e-01,9.749942e-02,2.372737e-01,4.317557e-02,9.571499e-02,3.634050e-02,2.215320e-02
6.051338e-02,1.851312e-02,1.901464e-02,6.366686e-02,4.007220e-02,3.931175e-03,1.011104e-03,1.610152e-02,2.232226e-01,8.415239e-02,2.652951e-01,6.121754e-02,8.711760e-02,3.428856e-02,2.188217e-02
5.788994e-02,1.360951e-02,1.992145e-02,5.991947e-02,3.313390e-02,1.345930e-02,1.537062e-03,8.038761e-02,1.617318e-01,6.018734e-02,3.208234e-01,5.538586e-02,7.440989e-02,3.098530e-02,1.661812e-02
5.911347e-02,1.093952e-02,1.904099e-02,4.598223e-02,2.734905e-02,4.367955e-02,1.573983e-03,6.066407e-02,1.235425e-01,4.895318e-02,4.182824e-01,4.309049e-02,5.435046e-02,3.010350e-02,1.333460e-02
7.310565e-02,8.194452e-03,2.759670e-02,4.834088e-02,2.230491e-02,3.475849e-02,1.474925e-03,4.659031e-02,9.091101e-02,3.804072e-02,4.970996e-01,3.774564e-02,4.010889e-02,2.375724e-02,9.970604e-03
6.938065e-02,6.419633e-03,2.355973e-02,4.030210e-02,1.776441e-02,2.711111e-02,1.167131e-03,3.779125e-02,7.529417e-02,2.828182e-02,5.798997e-01,3.727667e-02,2.957124e-02,1.858089e-02,7.599562e-03
5.069309e-02,4.719849e-03,1.992498e-02,2.966595e-02,1.288590e-02,1.914056e-02,8.315786e-04,2.972062e-02,6.161612e-02,2.015806e-02,6.681665e-01,3.737016e-02,2.273835e-02,1.678520e-02,5.583134e-03
3.675021e-02,3.558236e-03,2.367375e-02,2.476803e-02,9.737042e-03,1.354416e-02,5.992720e-04,2.342699e-02,1.352191e-01,1.470285e-02,6.436521e-01,3.303578e-02,1.728173e-02,1.584735e-02,4.203522e-03
2.650869e-02,2.831971e-03,3.270930e-02,2.382725e-02,7.550807e-03,9.812407e-03,4.324614e-04,1.707519e-02,2.474280e-01,1.099140e-02,5.593812e-01,2.632329e-02,1.286488e-02,1.891611e-02,3.347169e-03
2.075976e-02,3.112602e-03,8.319455e-02,2.563267e-02,6.460503e-03,7.232913e-03,3.427245e-04,1.291251e-02,2.670208e-01,8.705749e-03,4.974348e-01,2.070992e-02,1.041975e-02,3.309109e-02,2.969704e-03
1.688300e-02,3.126542e-03,9.857468e-02,2.731211e-02,5.502209e-03,5.694154e-03,2.678153e-04,9.840454e-03,2.647901e-01,8.063325e-03,4.738195e-01,1.736076e-02,8.689577e-03,5.727497e-02,2.800801e-03
1.375960e-02,2.729549e-03,7.229825e-02,2.168030e-02,4.508545e-03,4.787752e-03,2.021909e-04,8.503406e-03,2.174350e-01,6.915936e-03,4.092479e-01,1.388431e-02,7.348230e-03,2.133916e-01,3.307408e-03
1.358009e-02,2.375240e-03,5.224315e-02,1.761937e-02,4.658832e-03,4.141051e-03,1.630402e-04,6.529891e-03,1.923898e-01,6.553436e-03,3.259218e-01,1.104774e-02,6.457314e-03,3.520042e-01,4.314979e-03
1.142274e-02,1.913864e-03,3.775553e-02,1.812214e-02,4.203551e-03,3.983151e-03,1.521394e-04,7.329346e-03,2.588072e-01,6.374101e-03,2.621120e-01,9.062666e-03,6.861504e-03,3.664988e-01,5.401255e-03
8.822086e-03,1.579938e-03,2.764252e-02,1.544547e-02,3.264507e-03,4.191299e-03,1.223442e-04,1.116993e-02,2.539515e-01,5.123783e-03,2.058785e-01,7.299365e-03,7.886397e-03,4.426610e-01,4.961299e-03
7.301607e-03,1.415082e-03,2.088548e-02,1.505968e-02,4.335559e-03,3.383852e-03,9.840693e-05,3.052554e-02,2.298654e-01,4.923770e-03,1.674613e-01,5.647672e-03,6.554127e-03,4.984291e-01,4.113400e-03
5.371279e-03,1.176261e-03,1.488024e-02,1.218110e-02,3.494598e-03,2.717869e-03,7.599351e-05,2.528222e-02,3.176345e-01,3.728518e-03,1.209198e-01,4.009805e-03,5.040332e-03,4.799571e-01,3.530367e-03
4.031574e-03,8.917592e-04,1.058552e-02,1.019895e-02,2.658562e-03,2.238399e-03,5.931503e-05,1.809074e-02,4.406334e-01,2.773861e-03,9.054951e-02,2.901670e-03,4.828863e-03,4.054438e-01,4.114104e-03
3.149149e-03,7.033123e-04,8.373424e-03,1.059474e-02,2.362737e-03,1.784345e-03,5.593336e-05,1.320426e-02,5.251870e-01,2.179153e-03,7.237060e-02,2.331072e-03,7.037671e-03,3.454046e-01,5.262004e-03
2.586443e-03,6.006030e-04,6.345630e-03,8.247233e-03,1.926705e-03,1.472231e-03,5.140014e-05,9.616551e-03,4.342088e-01,1.911851e-03,8.472279e-02,2.298489e-03,1.103850e-02,4.206967e-01,1.427621e-02
1.988376e-03,5.282406e-04,4.686082e-03,6.786231e-03,1.980626e-03,1.305478e-03,4.993117e-05,6.858955e-03,4.628577e-01,1.864390e-03,9.067377e-02,1.919837e-03,1.493570e-02,3.846464e-01,1.891827e-02
2.174152e-03,5.659409e-04,6.485719e-03,5.189374e-03,2.016830e-03,4.841587e-03,1.973154e-04,5.243781e-03,4.677298e-01,1.602200e-03,1.460588e-01,2.359420e-03,2.280666e-02,3.069078e-01,2.582063e-02
2.161077e-03,4.525120e-04,4.948904e-03,4.110203e-03,1.973739e-03,4.700451e-03,1.498830e-04,3.745054e-03,4.061552e-01,1.749140e-03,2.474269e-01,3.517674e-03,1.907147e-02,2.789682e-01,2.086969e-02
2.767351e-03,6.306287e-04,4.473447e-03,3.459832e-03,3.016193e-03,4.086440e-03,1.234346e-04,2.688667e-03,3.381150e-01,1.735409e-03,3.080741e-01,3.681181e-03,1.501225e-02,2.959208e-01,1.621524e-02
2.749971e-03,1.215510e-03,5.033817e-03,6.441306e-03,2.925259e-03,3.928380e-03,1.098318e-04,1.960612e-03,3.159734e-01,3.288289e-03,3.587477e-01,4.095421e-03,1.224518e-02,2.666326e-01,1.465274e-02
2.775608e-03,1.188843e-03,4.317572e-03,5.064738e-03,2.795769e-03,3.177399e-03,9.266440e-05,1.467571e-03,2.295104e-01,4.770243e-03,3.614681e-01,4.758989e-03,1.044530e-02,3.535615e-01,1.460536e-02
2.896809e-03,1.122568e-03,4.096854e-03,3.718469e-03,2.753878e-03,2.518258e-03,7.490924e-05,1.052377e-03,1.663116e-01,1.341302e-02,3.687634e-01,4.074256e-03,8.739076e-03,3.959059e-01,2.455871e-02
3.208549e-03,1.335695e-03,6.989147e-03,3.096133e-03,2.465483e-03,2.311343e-03,7.932768e-05,8.544378e-04,1.212984e-01,1.997880e-02,3.549215e-01,3.628945e-03,7.159189e-03,4.421870e-01,3.048610e-02
3.565639e-03,1.674027e-03,6.721295e-03,2.501462e-03,2.299024e-03,2.405016e-03,8.662703e-05,7.022938e-04,8.857023e-02,2.901129e-02,3.181146e-01,2.878889e-03,6.047235e-03,4.927278e-01,4.269458e-02
3.392087e-03,3.061538e-03,7.546555e-03,2.008529e-03,2.654898e-03,2.408075e-03,7.667184e-05,5.770332e-04,7.379378e-02,4.912074e-02,2.709961e-01,2.234982e-03,5.582097e-03,4.494954e-01,1.270515e-01
2.568062e-03,3.202405e-03,7.837944e-03,1.652228e-03,2.739225e-03,2.246795e-03,6.417057e-05,4.324546e-04,8.291754e-02,5.710528e-02,2.412536e-01,2.064075e-03,5.304558e-03,4.846109e-01,1.060008e-01
2.421286e-03,6.816877e-03,9.837575e-03,2.541487e-03,3.771466e-03,3.300115e-03,8.630601e-05,6.530136e-04,9.818317e-02,5.760189e-02,2.128356e-01,1.857856e-03,5.740518e-03,4.973720e-01,9.698090e-02
2.078559e-03,6.855812e-03,8.805037e-03,2.060955e-03,3.005164e-03,3.036000e-03,7.106823e-05,4.941085e-04,8.656860e-02,4.201934e-02,1.840407e-01,1.686746e-03,5.576199e-03,5.764712e-01,7.723048e-02
1.734975e-03,7.512372e-03,9.056075e-03,1.739329e-03,2.505834e-03,2.448203e-03,5.655725e-05,3.574156e-04,8.781390e-02,3.001314e-02,1.584299e-01,1.341646e-03,4.575457e-03,6.320150e-01,6.040020e-02
2.005575e-03,7.616193e-03,2.560915e-02,1.953614e-03,2.337055e-03,2.593159e-03,1.008030e-04,5.968210e-04,1.216221e-01,2.144127e-02,1.188017e-01,1.058588e-03,3.716663e-03,6.451287e-01,4.541856e-02
2.055565e-03,5.909164e-03,1.861094e-02,1.452899e-03,1.854538e-03,2.849106e-03,7.703713e-05,4.481622e-04,1.203704e-01,1.538929e-02,8.551464e-02,7.886579e-04,2.767510e-03,7.071718e-01,3.474027e-02
2.913865e-03,6.708168e-03,1.719062e-02,1.322487e-03,1.794650e-03,2.953499e-03,9.648778e-05,6.881191e-04,1.127978e-01,1.094196e-02,6.207996e-02,6.335920e-04,2.151620e-03,7.500801e-01,2.764702e-02
5.418088e-03,5.711725e-03,1.345028e-02,1.009994e-03,1.674995e-03,2.411471e-03,8.241191e-05,6.260159e-04,1.002019e-01,7.817672e-03,4.578848e-02,5.226784e-04,1.568699e-03,7.922083e-01,2.150720e-02
7.005010e-03,4.566387e-03,1.104950e-02,7.661376e-04,1.641290e-03,1.986809e-03,7.280266e-05,6.563761e-04,9.559285e-02,5.657140e-03,3.373629e-02,4.148611e-04,1.205728e-03,8.166137e-01,1.903507e-02
1.489747e-02,6.819601e-03,1.418628e-02,1.056990e-03,2.148852e-03,2.446403e-03,1.008410e-04,1.309484e-03,9.166829e-02,4.534393e-03,2.625141e-02,3.686390e-04,1.228282e-03,7.946514e-01,3.833156e-02
1.857975e-02,5.871097e-03,1.189483e-02,1.151442e-03,2.864859e-03,3.351379e-03,1.054839e-04,1.211233e-03,1.085801e-01,4.108817e-03,2.038258e-02,4.358016e-04,1.152691e-03,7.352972e-01,8.501272e-02
1.840913e-02,4.401718e-03,8.920173e-03,8.634613e-04,2.304198e-03,3.392837e-03,8.492045e-05,9.196892e-04,8.751296e-02,3.565396e-03,1.559882e-02,3.508596e-04,1.053114e-03,7.273039e-01,1.253188e-01
1.839419e-02,3.755991e-03,6.819659e-03,7.415387e-04,1.749669e-03,4.042842e-03,9.974064e-05,8.455989e-04,7.966944e-02,3.527503e-03,1.158567e-02,3.493164e-04,1.278565e-03,6.385604e-01,2.285798e-01
1.787391e-02,4.175990e-03,5.322286e-03,6.781734e-04,1.420598e-03,4.735904e-03,1.242216e-04,8.431403e-04,8.361600e-02,3.718947e-03,8.752650e-03,3.445439e-04,1.315383e-03,5.834584e-01,2.836198e-01
1.757534e-02,6.837123e-03,3.997444e-03,5.453166e-04,1.180960e-03,4.419169e-03,1.606072e-04,1.385163e-03,7.417072e-02,7.401084e-03,7.444018e-03,6.784683e-04,2.472653e-03,5.541191e-01,3.176128e-01
2.029438e-02,8.085244e-03,3.268887e-03,8.625467e-04,1.064320e-03,4.005508e-03,2.514198e-04,2.875806e-03,6.903782e-02,8.740146e-03,7.938988e-03,1.214419e-03,4.506337e-03,5.950286e-01,2.728255e-01
2.427403e-02,1.174255e-02,3.970940e-03,1.066136e-03,9.985183e-04,5.092384e-03,2.572813e-04,3.406216e-03,8.496171e-02,2.030428e-02,1.411043e-02,2.105897e-03,9.930061e-03,5.538951e-01,2.638844e-01
4.887769e-02,1.823224e-02,5.997589e-03,1.214329e-03,8.942190e-04,4.608863e-03,2.752641e-04,3.963417e-03,1.039771e-01,2.810720e-02,2.576016e-02,3.999369e-03,2.343870e-02,4.726590e-01,2.579947e-01
4.410724e-02,1.740258e-02,8.085448e-03,1.472773e-03,9.210847e-04,3.903797e-03,2.717788e-04,4.764449e-03,1.086466e-01,3.489579e-02,9.993827e-02,4.885002e-03,3.299861e-02,4.282497e-01,2.094568e-01
3.572962e-02,1.304298e-02,7.120875e-03,1.716628e-03,1.618108e-03,3.161995e-03,2.555021e-04,5.925299e-03,8.793247e-02,9.036762e-02,1.267605e-01,5.065045e-03,2.933051e-02,3.678617e-01,2.241111e-01
2.803114e-02,1.249069e-02,6.374440e-03,2.202482e-03,3.190939e-03,4.687221e-03,9.571593e-04,5.588605e-03,8.651745e-02,1.237613e-01,1.399543e-01,1.030729e-02,5.751254e-02,2.993488e-01,2.190756e-01
2.036735e-02,1.017009e-02,4.873924e-03,4.425529e-03,5.197769e-03,6.719744e-03,1.719558e-03,4.343512e-03,7.110488e-02,1.146560e-01,1.602509e-01,4.374066e-02,1.349900e-01,2.273081e-01,1.901319e-01
1.533827e-02,8.151620e-03,3.616282e-03,3.835620e-03,4.246526e-03,2.498932e-02,1.875563e-03,3.442007e-03,5.272888e-02,1.033121e-01,1.566286e-01,9.243272e-02,2.184190e-01,1.684806e-01,1.425028e-01
1.150557e-02,6.357506e-03,2.976676e-03,3.507630e-03,3.762932e-03,1.272781e-01,2.385212e-03,3.841802e-03,3.927669e-02,8.136892e-02,1.452222e-01,1.088850e-01,2.281284e-01,1.269563e-01,1.085470e-01
8.850100e-03,5.517293e-03,2.668725e-03,3.713878e-03,3.531385e-03,1.155511e-01,1.779152e-03,3.299488e-03,3.743980e-02,5.932985e-02,1.212808e-01,1.437280e-01,3.131617e-01,9.672832e-02,8.342031e-02
6.683930e-03,4.070223e-03,1.979841e-03,3.891728e-03,9.940786e-03,8.427778e-02,1.495332e-03,3.301653e-03,8.346502e-02,4.602480e-02,1.027159e-01,1.615194e-01,3.575789e-01,7.184890e-02,6.120583e-02
5.630523e-03,3.273144e-03,1.654238e-03,4.592144e-03,1.051071e-02,6.825764e-02,1.278377e-03,3.118542e-03,1.010596e-01,3.572864e-02,9.688893e-02,1.989347e-01,3.687636e-01,5.533259e-02,4.497660e-02
4.401513e-03,2.613278e-03,1.357248e-03,5.497199e-03,1.063546e-02,5.297189e-02,1.039152e-03,2.506041e-03,1.062822e-01,2.572616e-02,9.224232e-02,2.296548e-01,3.934252e-01,3.942037e-02,3.222699e-02
3.205836e-03,1.932494e-03,1.070320e-03,4.511178e-03,9.449638e-03,3.856644e-02,8.758018e-04,2.653996e-03,1.251809e-01,1.843981e-02,8.395302e-02,2.192640e-01,4.402950e-01,2.769760e-02,2.290393e-02
2.846518e-03,1.530293e-03,1.622500e-03,3.770557e-03,1.941996e-02,2.873079e-02,1.894880e-03,6.202735e-03,1.463177e-01,1.397136e-02,9.882272e-02,2.017678e-01,4.364190e-01,1.956678e-02,1.711641e-02
2.980659e-03,1.266889e-03,1.640483e-03,3.304552e-03,2.625645e-02,2.188873e-02,3.806512e-03,1.060406e-02,1.451821e-01,1.058470e-02,8.383901e-02,2.774526e-01,3.842987e-01,1.389187e-02,1.300262e-02
9.152514e-03,1.417449e-03,3.925457e-03,3.296185e-03,2.863794e-02,6.269138e-02,7.741007e-03,1.295403e-02,1.098209e-01,8.362701e-03,6.305372e-02,2.706288e-01,3.977595e-01,1.018134e-02,1.037706e-02
1.304660e-02,1.189219e-03,3.402810e-03,2.729428e-03,2.798359e-02,5.732870e-02,8.274402e-03,1.228246e-02,8.126502e-02,6.356229e-03,4.816128e-02,3.832203e-01,3.391691e-01,7.255170e-03,8.335790e-03
1.574937e-02,1.073317e-03,2.648289e-03,2.090588e-03,5.345131e-02,4.253346e-02,2.336486e-02,1.236858e-02,7.498169e-02,4.730047e-03,3.727428e-02,4.300443e-01,2.869363e-01,5.147360e-03,7.606263e-03
1.491530e-02,1.157463e-03,4.541175e-03,1.817449e-03,5.978603e-02,3.213105e-02,1.873499e-02,3.415105e-02,5.654865e-02,3.514210e-03,3.038485e-02,4.916608e-01,2.410032e-01,3.801585e-03,5.852203e-03
2.647596e-02,2.613361e-03,9.844915e-03,4.323296e-03,8.349174e-02,2.858008e-02,1.782777e-02,3.754995e-02,5.028274e-02,3.119006e-03,2.689168e-02,4.774033e-01,2.234034e-01,3.168971e-03,5.023777e-03
2.792851e-02,3.452754e-03,8.799989e-03,3.880833e-03,9.765300e-02,2.403307e-02,2.795705e-02,3.576617e-02,4.665747e-02,2.810660e-03,2.432698e-02,4.301824e-01,2.590789e-01,2.681093e-03,4.791127e-03
3.381608e-02,4.291161e-03,1.294080e-02,4.230656e-03,8.260012e-02,2.327679e-02,2.429961e-02,8.817780e-02,3.969809e-02,3.073451e-03,2.370064e-02,3.955064e-01,2.575106e-01,2.426589e-03,4.451212e-03
3.250867e-02,3.912006e-03,1.149048e-02,3.895390e-03,7.692933e-02,2.219625e-02,2.721828e-02,7.426208e-02,3.147472e-02,2.555612e-03,1.933598e-02,3.935793e-01,2.945133e-01,2.419814e-03,3.708806e-03
3.096033e-02,3.367030e-03,1.031668e-02,3.131562e-03,6.111729e-02,2.324232e-02,2.323358e-02,6.150953e-02,2.362211e-02,2.029873e-03,1.462482e-02,3.801111e-01,3.574988e-01,2.257961e-03,2.977060e-03
2.897296e-02,3.399376e-03,1.015240e-02,2.548628e-03,6.428525e-02,1.818157e-02,2.598868e-02,5.757545e-02,2.434888e-02,1.910267e-03,1.198151e-02,3.935525e-01,3.516069e-01,2.957401e-03,2.538234e-03
3.185147e-02,3.554757e-03,1.149260e-02,2.176102e-03,5.164894e-02,1.414753e-02,2.324685e-02,1.731403e-01,1.964948e-02,1.490611e-03,9.591639e-03,3.686589e-01,2.848546e-01,2.580067e-03,1.916198e-03
3.656201e-02,6.077682e-03,4.456894e-02,6.608433e-03,5.456233e-02,1.276077e-02,2.370124e-02,2.718918e-01,2.138805e-02,1.308617e-03,7.311450e-03,2.830994e-01,2.262473e-01,2.247991e-03,1.663990e-03
5.440785e-02,6.585742e-03,4.693273e-02,4.039440e-02,6.505269e-02,1.360255e-02,2.265613e-02,3.081060e-01,2.096279e-02,1.347405e-03,6.287521e-03,2.433582e-01,1.664104e-01,2.058097e-03,1.837540e-03
4.471287e-02,4.887048e-03,3.810644e-02,2.906923e-02,4.743520e-02,1.065565e-02,1.986992e-02,4.839954e-01,1.520087e-02,9.887058e-04,4.642383e-03,1.723219e-01,1.252291e-01,1.477308e-03,1.408028e-03
3.630695e-02,3.800650e-03,3.305200e-02,2.064191e-02,4.327609e-02,8.444495e-03,1.715644e-02,6.040752e-01,1.138240e-02,7.231881e-04,3.697662e-03,1.235589e-01,9.164711e-02,1.081266e-03,1.155715e-03
2.718797e-02,2.752862e-03,2.439015e-02,1.451484e-02,3.204139e-02,6.290606e-03,1.257927e-02,7.162050e-01,8.041806e-03,5.143323e-04,2.641380e-03,8.657163e-02,6.466809e-02,7.607968e-04,8.398583e-04
2.067282e-02,2.045902e-03,1.731253e-02,1.025687e-02,2.380139e-02,5.291571e-03,9.236349e-03,7.960277e-01,5.724736e-03,3.832488e-04,1.889868e-03,6.067396e-02,4.553301e-02,5.406864e-04,6.093620e-04
1.626106e-02,1.503144e-03,1.242470e-02,7.396142e-03,1.803337e-02,5.023903e-03,6.844100e-03,8.511112e-01,4.072680e-03,2.914869e-04,1.366764e-03,4.257342e-02,3.225159e-02,3.921668e-04,4.542364e-04
1.553031e-02,1.116253e-03,8.784608e-03,5.327584e-03,1.440811e-02,4.822132e-03,4.990657e-03,8.872658e-01,2.933871e-03,2.177760e-04,1.001547e-03,2.989866e-02,2.307639e-02,2.878286e-04,3.384167e-04
1.871691e-02,8.520614e-04,6.248684e-03,3.953950e-03,1.217810e-02,4.583552e-03,3.712891e-03,9.087245e-01,2.173116e-03,1.626882e-04,7.793224e-04,2.104981e-02,1.638539e-02,2.199001e-04,2.590460e-04
3.157589e-02,7.261431e-04,4.602526e-03,3.060998e-03,1.175155e-02,5.742243e-03,3.201650e-03,9.094859e-01,1.621459e-03,1.212163e-04,7.567641e-04,1.490026e-02,1.203506e-02,1.793577e-04,2.388521e-04
3.430664e-02,9.601148e-04,3.422011e-03,2.442507e-03,1.519118e-02,5.353318e-03,3.216001e-03,9.125518e-01,1.386925e-03,9.613479e-05,8.241198e-04,1.061393e-02,9.261956e-03,1.491350e-04,2.240985e-04
3.366064e-02,7.993976e-04,2.534485e-03,1.945410e-03,1.814432e-02,4.236319e-03,2.791714e-03,9.194461e-01,1.138878e-03,7.209352e-05,7.569662e-04,7.507292e-03,6.670167e-03,1.151060e-04,1.810089e-04
3.106185e-02,6.514860e-04,1.980952e-03,1.747499e-03,1.718123e-02,3.505815e-03,2.586416e-03,9.289321e-01,9.305832e-04,5.911969e-05,7.990459e-04,5.366986e-03,4.944184e-03,9.119014e-05,1.615297e-04
2.853957e-02,5.366973e-04,1.488642e-03,1.591360e-03,1.614106e-02,2.808336e-03,2.250980e-03,9.374138e-01,7.343047e-04,4.901009e-05,7.351412e-04,3.840798e-03,3.665488e-03,6.852846e-05,1.362419e-04
2.268880e-02,4.388506e-04,1.240598e-03,1.421737e-03,1.326562e-02,2.215056e-03,2.171660e-03,9.491690e-01,5.644719e-04,5.267325e-05,6.471370e-04,2.869704e-03,3.053927e-03,6.064996e-05,1.400829e-04
1.705304e-02,3.345449e-04,9.495264e-04,1.185784e-03,1.135992e-02,1.693869e-03,1.783762e-03,9.600344e-01,4.303375e-04,4.324955e-05,5.260463e-04,2.080019e-03,2.360507e-03,4.867524e-05,1.163399e-04
1.493984e-02,2.780138e-04,7.369280e-04,1.020886e-03,1.162297e-02,1.443382e-03,1.356451e-03,9.640947e-01,3.687459e-04,4.374616e-05,4.719892e-04,1.565336e-03,1.902831e-03,4.036682e-05,1.138497e-04
1.695525e-02,2.858457e-04,6.012447e-04,8.469298e-04,1.339911e-02,1.416311e-03,1.155387e-03,9.613677e-01,3.846206e-04,4.880731e-05,4.922992e-04,1.245301e-03,1.549725e-03,4.564133e-05,2.058495e-04
1.887831e-02,2.975141e-04,5.191946e-04,7.332564e-04,1.251363e-02,1.292267e-03,9.480487e-04,9.612465e-01,3.318483e-04,5.054278e-05,4.874498e-04,1.050778e-03,1.299148e-03,4.981067e-05,3.017429e-04
2.173814e-02,2.750793e-04,5.307194e-04,6.531558e-04,1.198158e-02,1.126677e-03,8.145863e-04,9.596174e-01,3.018632e-04,6.889802e-05,4.679161e-04,9.236630e-04,1.062570e-03,6.286740e-05,3.749875e-04
2.179087e-02,8.961182e-04,6.679095e-04,9.497161e-04,9.577427e-03,1.230168e-03,6.826040e-04,8.318621e-01,2.069295e-03,1.454468e-02,3.560993e-02,1.541775e-02,1.763927e-02,4.354110e-02,3.521048e-03
1.591686e-02,8.131186e-04,5.376099e-04,1.005073e-03,7.095263e-03,1.115823e-03,4.994491e-04,7.030793e-01,5.182799e-03,1.134828e-02,9.194119e-02,1.656082e-02,1.514154e-02,1.269170e-01,2.845818e-03
1.150362e-02,7.009431e-04,4.115641e-04,1.762050e-03,5.464366e-03,9.180007e-04,3.808349e-04,4.959950e-01,6.032651e-03,8.332724e-03,3.329398e-01,2.019982e-02,1.150613e-02,1.015774e-01,2.275093e-03
8.457546e-03,5.778704e-04,3.108814e-04,1.905996e-03,4.163110e-03,7.378112e-04,2.995138e-04,3.493607e-01,6.244461e-03,6.337274e-03,5.059068e-01,2.766590e-02,8.557579e-03,7.771230e-02,1.762241e-03
5.950827e-03,4.199911e-04,2.208397e-04,1.382107e-03,3.044212e-03,5.296232e-04,2.137280e-04,2.446057e-01,4.761328e-03,4.601200e-03,6.382220e-01,3.225614e-02,6.440881e-03,5.611172e-02,1.239721e-03
4.183654e-03,3.165211e-04,1.588779e-04,9.896395e-04,2.276407e-03,3.780905e-04,1.537113e-04,1.712438e-01,3.594357e-03,4.111328e-03,6.695116e-01,8.633134e-02,4.728725e-03,5.114916e-02,8.728485e-04
2.933563e-03,2.382586e-04,1.147417e-04,7.016942e-04,1.737251e-03,2.799376e-04,1.098232e-04,1.198791e-01,2.788319e-03,4.861283e-03,7.417908e-01,8.023730e-02,3.425193e-03,4.028416e-02,6.186096e-04
2.061051e-03,2.149725e-04,8.335673e-05,4.982388e-04,1.297956e-03,2.541785e-04,8.067227e-05,8.392241e-02,2.871244e-03,5.213998e-03,8.055336e-01,6.479449e-02,2.678294e-03,3.001982e-02,4.756876e-04
1.447581e-03,3.059045e-04,6.429753e-05,3.585777e-04,1.020113e-03,2.696245e-04,6.529403e-05,5.875176e-02,3.608188e-03,5.686815e-03,8.483254e-01,5.429728e-02,2.290186e-03,2.311265e-02,3.963730e-04
