1.000000e+00,0.000000e+00,0.000000e+00,0.000000e+00,0.000000e+00,0.000000e+00,0.000000e+00,0.000000e+00,0.000000e+00,0.000000e+00,0.000000e+00,0.000000e+00,0.000000e+00,0.000000e+00,0.000000e+00
1.000000e+00,0.000000e+00,0.000000e+00,0.000000e+00,0.000000e+00,0.000000e+00,0.000000e+00,0.000000e+00,0.000000e+00,0.000000e+00,0.000000e+00,0.000000e+00,0.000000e+00,0.000000e+00,0.000000e+00
1.000000e+00,0.000000e+00,0.000000e+00,0.000000e+00,0.000000e+00,0.000000e+00,0.000000e+00,0.000000e+00,0.000000e+00,0.000000e+00,0.000000e+00,0.000000e+00,0.000000e+00,0.000000e+00,0.000000e+00
1.000000e+00,0.000000e+00,0.000000e+00,0.000000e+00,0.000000e+00,0.000000e+00,0.000000e+00,0.000000e+00,0.000000e+00,0.000000e+00,0.000000e+00,0.000000e+00,0.000000e+00,0.000000e+00,0.000000e+00
1.000000e+00,0.000000e+00,0.000000e+00,0.000000e+00,0.000000e+00,0.000000e+00,0.000000e+00,0.000000e+00,0.000000e+00,0.000000e+00,0.000000e+00,0.000000e+00,0.000000e+00,0.000000e+00,0.000000e+00
1.000000e+00,0.000000e+00,0.000000e+00,0.000000e+00,0.000000e+00,0.000000e+00,0.000000e+00,0.000000e+00,0.000000e+00,0.000000e+00,0.000000e+00,0.000000e+00,0.000000e+00,0.000000e+00,0.000000e+00
1.000000e+00,0.000000e+00,0.000000e+00,0.000000e+00,0.000000e+00,0.000000e+00,0.000000e+00,0.000000e+00,0.000000e+00,0.000000e+00,0.000000e+00,0.000000e+00,0.000000e+00,0.000000e+00,0.000000e+00
1.000000e+00,0.000000e+00,0.000000e+00,0.000000e+00,0.000000e+00,0.000000e+00,0.000000e+00,0.000000e+00,0.000000e+00,0.000000e+00,0.000000e+00,0.000000e+00,0.000000e+00,0.000000e+00,0.000000e+00
1.000000e+00,0.000000e+00,0.000000e+00,0.000000e+00,0.000000e+00,0.000000e+00,0.000000e+00,0.000000e+00,0.000000e+00,0.000000e+00,0.000000e+00,0.000000e+00,0.000000e+00,0.000000e+00,0.000000e+00
1.000000e+00,0.000000e+00,0.000000e+00,0.000000e+00,0.000000e+00,0.000000e+00,0.000000e+00,0.000000e+00,0.000000e+00,0.000000e+00,0.000000e+00,0.000000e+00,0.000000e+00,0.000000e+00,0.000000e+00
1.000000e+00,0.000000e+00,0.000000e+00,0.000000e+00,0.000000e+00,0.000000e+00,0.000000e+00,0.000000e+00,0.000000e+00,0.000000e+00,0.000000e+00,0.000000e+00,0.000000e+00,0.000000e+00,0.000000e+00
1.000000e+00,0.000000e+00,0.000000e+00,0.000000e+00,0.000000e+00,0.000000e+00,0.000000e+00,0.000000e+00,0.000000e+00,0.000000e+00,0.000000e+00,0.000000e+00,0.000000e+00,0.000000e+00,0.000000e+00
1.000000e+00,0.000000e+00,0.000000e+00,0.000000e+00,0.000000e+00,0.000000e+00,0.000000e+00,0.000000e+00,0.000000e+00,0.000000e+00,0.000000e+00,0.000000e+00,0.000000e+00,0.000000e+00,0.000000e+00
1.000000e+00,0.000000e+00,0.000000e+00,0.000000e+00,0.000000e+00,0.000000e+00,0.000000e+00,0.000000e+00,0.000000e+00,0.000000e+00,0.000000e+00,0.000000e+00,0.000000e+00,0.000000e+00,0.000000e+00
1.000000e+00,0.000000e+00,0.000000e+00,0.000000e+00,0.000000e+00,0.000000e+00,0.000000e+00,0.000000e+00,0.000000e+00,0.000000e+00,0.000000e+00,0.000000e+00,0.000000e+00,0.000000e+00,0.000000e+00
1.000000e+00,0.000000e+00,0.000000e+00,0.000000e+00,0.000000e+00,0.000000e+00,0.000000e+00,0.000000e+00,0.000000e+00,0.000000e+00,0.000000e+00,0.000000e+00,0.000000e+00,0.000000e+00,0.000000e+00
1.000000e+00,0.000000e+00,0.000000e+00,0.000000e+00,0.000000e+00,0.000000e+00,0.000000e+00,0.000000e+00,0.000000e+00,0.000000e+00,0.000000e+00,0.000000e+00,0.000000e+00,0.000000e+00,0.000000e+00
1.000000e+00,0.000000e+00,0.000000e+00,0.000000e+00,0.000000e+00,0.000000e+00,0.000000e+00,0.000000e+00,0.000000e+00,0.000000e+00,0.000000e+00,0.000000e+00,0.000000e+00,0.000000e+00,0.000000e+00
1.000000e+00,0.000000e+00,0.000000e+00,0.000000e+00,0.000000e+00,0.000000e+00,0.000000e+00,0.000000e+00,0.000000e+00,0.000000e+00,0.000000e+00,0.000000e+00,0.000000e+00,0.000000e+00,0.000000e+00
1.000000e+00,0.000000e+00,0.000000e+00,0.000000e+00,0.000000e+00,0.000000e+00,0.000000e+00,0.000000e+00,0.000000e+00,0.000000e+00,0.000000e+00,0.000000e+00,0.000000e+00,0.000000e+00,0.000000e+00
1.000000e+00,0.000000e+00,0.000000e+00,0.000000e+00,0.000000e+00,0.000000e+00,0.000000e+00,0.000000e+00,0.000000e+00,0.000000e+00,0.000000e+00,0.000000e+00,0.000000e+00,0.000000e+00,0.000000e+00
1.000000e+00,0.000000e+00,0.000000e+00,0.000000e+00,0.000000e+00,0.000000e+00,0.000000e+00,0.000000e+00,0.000000e+00,0.000000e+00,0.000000e+00,0.000000e+00,0.000000e+00,0.000000e+00,0.000000e+00
1.000000e+00,0.000000e+00,0.000000e+00,0.000000e+00,0.000000e+00,0.000000e+00,0.000000e+00,0.000000e+00,0.000000e+00,0.000000e+00,0.000000e+00,0.000000e+00,0.000000e+00,0.000000e+00,0.000000e+00
1.000000e+00,0.000000e+00,0.000000e+00,0.000000e+00,0.000000e+00,0.000000e+00,0.000000e+00,0.000000e+00,0.000000e+00,0.000000e+00,0.000000e+00,0.000000e+00,0.000000e+00,0.000000e+00,0.000000e+00
1.000000e+00,0.000000e+00,0.000000e+00,0.000000e+00,0.000000e+00,0.000000e+00,0.000000e+00,0.000000e+00,0.000000e+00,0.000000e+00,0.000000e+00,0.000000e+00,0.000000e+00,0.000000e+00,0.000000e+00
1.000000e+00,0.000000e+00,0.000000e+00,0.000000e+00,0.000000e+00,0.000000e+00,0.000000e+00,0.000000e+00,0.000000e+00,0.000000e+00,0.000000e+00,0.000000e+00,0.000000e+00,0.000000e+00,0.000000e+00
1.000000e+00,0.000000e+00,0.000000e+00,0.000000e+00,0.000000e+00,0.000000e+00,0.000000e+00,0.000000e+00,0.000000e+00,0.000000e+00,0.000000e+00,0.000000e+00,0.000000e+00,0.000000e+00,0.000000e+00
1.000000e+00,0.000000e+00,0.000000e+00,0.000000e+00,0.000000e+00,0.000000e+00,0.000000e+00,0.000000e+00,0.000000e+00,0.000000e+00,0.000000e+00,0.000000e+00,0.000000e+00,0.000000e+00,0.000000e+00
1.000000e+00,0.000000e+00,0.000000e+00,0.000000e+00,0.000000e+00,0.000000e+00,0.000000e+00,0.000000e+00,0.000000e+00,0.000000e+00,0.000000e+00,0.000000e+00,0.000000e+00,0.000000e+00,0.000000e+00
1.000000e+00,0.000000e+00,0.000000e+00,0.000000e+00,0.000000e+00,0.000000e+00,0.000000e+00,0.000000e+00,0.000000e+00,0.000000e+00,0.000000e+00,0.000000e+00,0.000000e+00,0.000000e+00,0.000000e+00
1.000000e+00,0.000000e+00,0.000000e+00,0.000000e+00,0.000000e+00,0.000000e+00,0.000000e+00,0.000000e+00,0.000000e+00,0.000000e+00,0.000000e+00,0.000000e+00,0.000000e+00,0.000000e+00,0.000000e+00
1.000000e+00,0.000000e+00,0.000000e+00,0.000000e+00,0.000000e+00,0.000000e+00,0.000000e+00,0.000000e+00,0.000000e+00,0.000000e+00,0.000000e+00,0.000000e+00,0.000000e+00,0.000000e+00,0.000000e+00
1.000000e+00,0.000000e+00,0.000000e+00,0.000000e+00,0.000000e+00,0.000000e+00,0.000000e+00,0.000000e+00,0.000000e+00,0.000000e+00,0.000000e+00,0.000000e+00,0.000000e+00,0.000000e+00,0.000000e+00
1.000000e+00,0.000000e+00,0.000000e+00,0.000000e+00,0.000000e+00,0.000000e+00,0.000000e+00,0.000000e+00,0.000000e+00,0.000000e+00,0.000000e+00,0.000000e+00,0.000000e+00,0.000000e+00,0.000000e+00
1.000000e+00,0.000000e+00,0.000000e+00,0.000000e+00,0.000000e+00,0.000000e+00,0.000000e+00,0.000000e+00,0.000000e+00,0.000000e+00,0.000000e+00,0.000000e+00,0.000000e+00,0.000000e+00,0.000000e+00
1.000000e+00,0.000000e+00,0.000000e+00,0.000000e+00,0.000000e+00,0.000000e+00,0.000000e+00,0.000000e+00,0.000000e+00,0.000000e+00,0.000000e+00,0.000000e+00,0.000000e+00,0.000000e+00,0.000000e+00
1.000000e+00,0.000000e+00,0.000000e+00,0.000000e+00,0.000000e+00,0.000000e+00,0.000000e+00,0.000000e+00,0.000000e+00,0.000000e+00,0.000000e+00,0.000000e+00,0.000000e+00,0.000000e+00,0.000000e+00
1.000000e+00,0.000000e+00,0.000000e+00,0.000000e+00,0.000000e+00,0.000000e+00,0.000000e+00,0.000000e+00,0.000000e+00,0.000000e+00,0.000000e+00,0.000000e+00,0.000000e+00,0.000000e+00,0.000000e+00
1.000000e+00,0.000000e+00,0.000000e+00,0.000000e+00,0.000000e+00,0.000000e+00,0.000000e+00,0.000000e+00,0.000000e+00,0.000000e+00,0.000000e+00,0.000000e+00,0.000000e+00,0.000000e+00,0.000000e+00
1.000000e+00,0.000000e+00,0.000000e+00,0.000000e+00,0.000000e+00,0.000000e+00,0.000000e+00,0.000000e+00,0.000000e+00,0.000000e+00,0.000000e+00,0.000000e+00,0.000000e+00,0.000000e+00,0.000000e+00
1.000000e+00,0.000000e+00,0.000000e+00,0.000000e+00,0.000000e+00,0.000000e+00,0.000000e+00,0.000000e+00,0.000000e+00,0.000000e+00,0.000000e+00,0.000000e+00,0.000000e+00,0.000000e+00,0.000000e+00
1.000000e+00,0.000000e+00,0.000000e+00,0.000000e+00,0.000000e+00,0.000000e+00,0.000000e+00,0.000000e+00,0.000000e+00,0.000000e+00,0.000000e+00,0.000000e+00,0.000000e+00,0.000000e+00,0.000000e+00
1.000000e+00,0.000000e+00,0.000000e+00,0.000000e+00,0.000000e+00,0.000000e+00,0.000000e+00,0.000000e+00,0.000000e+00,0.000000e+00,0.000000e+00,0.000000e+00,0.000000e+00,0.000000e+00,0.000000e+00
1.000000e+00,0.000000e+00,0.000000e+00,0.000000e+00,0.000000e+00,0.000000e+00,0.000000e+00,0.000000e+00,0.000000e+00,0.000000e+00,0.000000e+00,0.000000e+00,0.000000e+00,0.000000e+00,0.000000e+00
1.000000e+00,0.000000e+00,0.000000e+00,0.000000e+00,0.000000e+00,0.000000e+00,0.000000e+00,0.000000e+00,0.000000e+00,0.000000e+00,0.000000e+00,0.000000e+00,0.000000e+00,0.000000e+00,0.000000e+00
1.000000e+00,0.000000e+00,0.000000e+00,0.000000e+00,0.000000e+00,0.000000e+00,0.000000e+00,0.000000e+00,0.000000e+00,0.000000e+00,0.000000e+00,0.000000e+00,0.000000e+00,0.000000e+00,0.000000e+00
1.000000e+00,0.000000e+00,0.000000e+00,0.000000e+00,0.000000e+00,0.000000e+00,0.000000e+00,0.000000e+00,0.000000e+00,0.000000e+00,0.000000e+00,0.000000e+00,0.000000e+00,0.000000e+00,0.000000e+00
1.000000e+00,0.000000e+00,0.000000e+00,0.000000e+00,0.000000e+00,0.000000e+00,0.000000e+00,0.000000e+00,0.000000e+00,0.000000e+00,0.000000e+00,0.000000e+00,0.000000e+00,0.000000e+00,0.000000e+00
1.000000e+00,0.000000e+00,0.000000e+00,0.000000e+00,0.000000e+00,0.000000e+00,0.000000e+00,0.000000e+00,0.000000e+00,0.000000e+00,0.000000e+00,0.000000e+00,0.000000e+00,0.000000e+00,0.000000e+00
1.000000e+00,0.000000e+00,0.000000e+00,0.000000e+00,0.000000e+00,0.000000e+00,0.000000e+00,0.000000e+00,0.000000e+00,0.000000e+00,0.000000e+00,0.000000e+00,0.000000e+00,0.000000e+00,0.000000e+00
1.000000e+00,0.000000e+00,0.000000e+00,0.000000e+00,0.000000e+00,0.000000e+00,0.000000e+00,0.000000e+00,0.000000e+00,0.000000e+00,0.000000e+00,0.000000e+00,0.000000e+00,0.000000e+00,0.000000e+00
1.000000e+00,0.000000e+00,0.000000e+00,0.000000e+00,0.000000e+00,0.000000e+00,0.000000e+00,0.000000e+00,0.000000e+00,0.000000e+00,0.000000e+00,0.000000e+00,0.000000e+00,0.000000e+00,0.000000e+00
1.000000e+00,0.000000e+00,0.000000e+00,0.000000e+00,0.000000e+00,0.000000e+00,0.000000e+00,0.000000e+00,0.000000e+00,0.000000e+00,0.000000e+00,0.000000e+00,0.000000e+00,0.000000e+00,0.000000e+00
1.000000e+00,0.000000e+00,0.000000e+00,0.000000e+00,0.000000e+00,0.000000e+00,0.000000e+00,0.000000e+00,0.000000e+00,0.000000e+00,0.000000e+00,0.000000e+00,0.000000e+00,0.000000e+00,0.000000e+00
1.000000e+00,0.000000e+00,0.000000e+00,0.000000e+00,0.000000e+00,0.000000e+00,0.000000e+00,0.000000e+00,0.000000e+00,0.000000e+00,0.000000e+00,0.000000e+00,0.000000e+00,0.000000e+00,0.000000e+00
4.421127e-01,8.096476e-03,2.026996e-01,2.694173e-02,4.583491e-03,1.594068e-02,6.054631e-03,7.078391e-02,6.482710e-03,6.805228e-03,5.477137e-02,2.047303e-02,1.052595e-02,9.809956e-02,2.562902e-02
3.095094e-01,5.874030e-03,1.982383e-01,1.905360e-02,3.221972e-03,1.127311e-02,4.247878e-03,4.965293e-02,7.630645e-03,5.881905e-03,1.318645e-01,1.494063e-02,7.852782e-03,2.084400e-01,2.231848e-02
2.166615e-01,4.160000e-03,1.448539e-01,1.336461e-02,2.260685e-03,7.921637e-03,2.974149e-03,3.477410e-02,5.615668e-03,4.534861e-03,2.654500e-01,1.096755e-02,5.662489e-03,2.645540e-01,1.624495e-02
1.516674e-01,2.947946e-03,1.034187e-01,9.433888e-03,1.595785e-03,5.624727e-03,2.082870e-03,2.435771e-02,4.299134e-03,3.581236e-03,3.533389e-01,8.201910e-03,4.054022e-03,3.138196e-01,1.157621e-02
1.061837e-01,2.115775e-03,7.282042e-02,6.882457e-03,1.203359e-03,4.046220e-03,1.464315e-03,1.709176e-02,4.097639e-03,3.319259e-03,3.386829e-01,6.557554e-03,2.898158e-03,4.244039e-01,8.232587e-03
7.436319e-02,1.552346e-03,5.107781e-02,5.927361e-03,9.424739e-04,2.993739e-03,1.033840e-03,1.199999e-02,4.853606e-03,3.722765e-03,3.280579e-01,5.759547e-03,2.204810e-03,4.994913e-01,6.019369e-03
5.208017e-02,1.127738e-03,3.580013e-02,4.720663e-03,7.027592e-04,2.249651e-03,7.288386e-04,8.435404e-03,4.774343e-03,3.592082e-03,2.691491e-01,4.570111e-03,1.686181e-03,6.060612e-01,4.321665e-03
3.648230e-02,8.183885e-04,2.509890e-02,3.611304e-03,7.404484e-04,2.100118e-03,5.280493e-04,5.948705e-03,4.168044e-03,3.519028e-03,2.370510e-01,3.691875e-03,1.319149e-03,6.716159e-01,3.306844e-03
2.558231e-02,7.042569e-04,1.769812e-02,2.905379e-03,1.882774e-03,2.402912e-03,4.101344e-04,4.256343e-03,5.096012e-03,3.272630e-03,2.460287e-01,3.175496e-03,9.978351e-04,6.830394e-01,2.547799e-03
1.808328e-02,8.069130e-02,1.391539e-02,3.737709e-03,3.462525e-02,4.477773e-03,5.003609e-04,3.272237e-03,2.449038e-02,6.484724e-03,2.529350e-01,2.544394e-03,8.669373e-04,5.501814e-01,3.193812e-03
1.275284e-02,6.400041e-02,1.017013e-02,4.755262e-03,2.805781e-02,1.470690e-01,3.684973e-04,2.354204e-03,1.117474e-01,6.629536e-03,1.912479e-01,2.081660e-03,1.020975e-03,4.144789e-01,3.265541e-03
8.971472e-03,5.053403e-02,7.278358e-03,5.010056e-03,2.033309e-02,3.385928e-01,2.664208e-04,1.695785e-03,1.268664e-01,5.479538e-03,1.350721e-01,1.506132e-03,1.210329e-03,2.945744e-01,2.609173e-03
6.864189e-03,4.041612e-02,8.304014e-03,6.604874e-03,1.958296e-02,4.609524e-01,2.991756e-04,3.763206e-03,1.361322e-01,4.532927e-03,9.796717e-02,1.166828e-03,2.783448e-03,2.084371e-01,2.193331e-03
4.885494e-03,3.055250e-02,5.957082e-03,6.399362e-03,1.419329e-02,6.078148e-01,2.179133e-04,2.750354e-03,1.016289e-01,3.880010e-03,6.909738e-02,8.455557e-04,2.683465e-03,1.460508e-01,3.043165e-03
3.516122e-03,2.276237e-02,4.464277e-03,1.047764e-01,1.072032e-02,5.880616e-01,1.599701e-04,2.443660e-03,8.881450e-02,5.916740e-03,5.212299e-02,1.149306e-03,2.959992e-03,1.024106e-01,9.721339e-03
2.909902e-03,1.734146e-02,3.469059e-03,1.310494e-01,8.580973e-03,6.164075e-01,1.622502e-04,3.412325e-03,7.116364e-02,5.943063e-03,4.530587e-02,2.016227e-03,4.390202e-03,7.229730e-02,1.555085e-02
2.841771e-03,1.420835e-02,2.784784e-03,1.114038e-01,6.576545e-03,6.382234e-01,1.571154e-04,5.448082e-03,7.146050e-02,6.672870e-03,4.333805e-02,4.182094e-03,8.781623e-03,5.162840e-02,3.229270e-02
3.039810e-03,2.317591e-02,2.374739e-03,1.064896e-01,5.493425e-03,6.146558e-01,1.829840e-04,6.890580e-03,8.726890e-02,7.182376e-03,3.996791e-02,8.800728e-03,1.582229e-02,3.712619e-02,4.152891e-02
2.579625e-03,2.058994e-02,1.989431e-03,1.553078e-01,4.244265e-03,5.186791e-01,1.729902e-04,1.285169e-02,1.431221e-01,6.862179e-03,4.488639e-02,7.408962e-03,1.598174e-02,2.665249e-02,3.867140e-02
3.225454e-03,3.005721e-02,6.455790e-03,1.349899e-01,5.818815e-03,4.361673e-01,2.676603e-04,1.405648e-02,1.785420e-01,2.093971e-02,5.938854e-02,5.748075e-03,1.426858e-02,2.074686e-02,6.932761e-02
1.159668e-02,3.591033e-02,7.120963e-03,1.054485e-01,3.526416e-02,3.627407e-01,1.506585e-03,1.052063e-02,2.784159e-01,1.606985e-02,4.845855e-02,4.524292e-03,1.127934e-02,1.544349e-02,5.570000e-02
1.499500e-02,3.842714e-02,7.142704e-03,8.501485e-02,4.684936e-02,2.741343e-01,2.274022e-03,8.300612e-03,4.042787e-01,1.272570e-02,3.659286e-02,3.509876e-03,8.651343e-03,1.119549e-02,4.590802e-02
1.382218e-02,5.468028e-02,7.994071e-03,1.031104e-01,4.283355e-02,1.993088e-01,1.929705e-03,7.506826e-03,4.791563e-01,1.011065e-02,2.597471e-02,2.513877e-03,6.244829e-03,7.864269e-03,3.694963e-02
1.089833e-02,5.151392e-02,1.321184e-02,3.116141e-01,3.145692e-02,1.414125e-01,1.375792e-03,6.790305e-03,3.496395e-01,7.995596e-03,1.867991e-02,1.890759e-03,4.725185e-03,5.532535e-03,4.326280e-02
1.429029e-02,3.794668e-02,1.511484e-02,4.707417e-01,2.300906e-02,1.001411e-01,1.021131e-03,7.117522e-03,2.538846e-01,7.066332e-03,2.695745e-02,1.596957e-03,3.730838e-03,4.007965e-03,3.337353e-02
3.778390e-02,3.200387e-02,4.315130e-02,4.196700e-01,3.469587e-02,7.183950e-02,9.815097e-04,1.125538e-02,2.427076e-01,1.061498e-02,4.657661e-02,2.559692e-03,5.657976e-03,3.417694e-03,3.708425e-02
4.784901e-02,3.098175e-02,8.464396e-02,3.620072e-01,5.302565e-02,5.175271e-02,1.236792e-03,1.552574e-02,2.361016e-01,1.752221e-02,4.902297e-02,2.604125e-03,5.633215e-03,2.699282e-03,3.939386e-02
4.029339e-02,2.697662e-02,1.791117e-01,3.787372e-01,4.370176e-02,3.743980e-02,1.418796e-03,1.177945e-02,1.723315e-01,1.605112e-02,4.213321e-02,2.979728e-03,6.821061e-03,2.373976e-03,3.785075e-02
2.917215e-02,2.264112e-02,1.644143e-01,4.597385e-01,3.968845e-02,2.761520e-02,1.872737e-03,8.631191e-03,1.230950e-01,1.303538e-02,3.550690e-02,2.642492e-03,4.141072e-02,1.745511e-03,2.879041e-02
2.060050e-02,1.599562e-02,1.158494e-01,3.457925e-01,2.807635e-02,1.962171e-02,1.400719e-03,6.086625e-03,8.652839e-02,9.992417e-03,2.736278e-02,4.759140e-03,2.962230e-01,1.231061e-03,2.047972e-02
1.472513e-02,1.140307e-02,8.126380e-02,2.449260e-01,1.994989e-02,1.394397e-02,1.035237e-03,4.282278e-03,6.119950e-02,7.141508e-03,1.996823e-02,8.810651e-03,4.953783e-01,9.788685e-04,1.499352e-02
1.131477e-02,9.021397e-03,5.867585e-02,1.757127e-01,1.527189e-02,1.086811e-02,1.202705e-03,3.142359e-03,4.371622e-02,5.694797e-03,1.840154e-02,2.177039e-02,6.074098e-01,2.221546e-03,1.557590e-02
9.444882e-03,6.442915e-03,4.115654e-02,1.232309e-01,1.115331e-02,8.103730e-03,1.491919e-03,2.831543e-03,3.103471e-02,4.327091e-03,1.349753e-02,3.991070e-02,6.941808e-01,1.653831e-03,1.153949e-02
9.658847e-03,4.777967e-03,2.891443e-02,8.661847e-02,8.114955e-03,7.565530e-03,1.389346e-03,2.459057e-03,2.255360e-02,3.543974e-03,9.865539e-03,5.782735e-02,7.465611e-01,1.480849e-03,8.669063e-03
1.005049e-02,3.845698e-03,2.053845e-02,6.078668e-02,6.270267e-03,7.584123e-03,1.302232e-03,2.066570e-03,1.687763e-02,3.191652e-03,8.301418e-03,8.430175e-02,7.630912e-01,5.158507e-03,6.633385e-03
1.371797e-02,3.162237e-03,1.489695e-02,4.281779e-02,5.917728e-03,9.004008e-03,1.331177e-03,1.907362e-03,1.286726e-02,2.450573e-03,6.572756e-03,2.051263e-01,6.709852e-01,3.817170e-03,5.425546e-03
1.604168e-02,4.528127e-03,1.593769e-02,3.044798e-02,1.081072e-02,1.749042e-02,2.262047e-03,2.720605e-03,1.212022e-02,2.596141e-03,5.975353e-03,2.175867e-01,6.525725e-01,3.831062e-03,5.078761e-03
2.100799e-02,5.634313e-03,1.811203e-02,2.229388e-02,1.290092e-02,3.270043e-02,2.494384e-03,6.174751e-03,1.369360e-02,4.197112e-03,1.132823e-02,2.227564e-01,6.137024e-01,7.084846e-03,5.918683e-03
2.765539e-02,5.123044e-03,1.468057e-02,1.581839e-02,1.507748e-02,2.531218e-02,3.913574e-03,6.960942e-03,1.212476e-02,3.594738e-03,9.251756e-03,2.876796e-01,5.629454e-01,5.225336e-03,4.636864e-03
3.182858e-02,7.693692e-03,2.951114e-02,1.130674e-02,4.087172e-02,1.997309e-02,2.040610e-02,1.730320e-02,1.591266e-02,3.778757e-03,7.516319e-03,3.530633e-01,4.329554e-01,3.813629e-03,4.065634e-03
3.115834e-02,7.154425e-03,3.000721e-02,9.136751e-03,3.557552e-02,3.083853e-02,2.124286e-02,3.241768e-02,1.320659e-02,3.254951e-03,7.420775e-03,3.719248e-01,3.988090e-01,3.036057e-03,4.816588e-03
3.020013e-02,6.577516e-03,6.089679e-02,8.793774e-03,4.910929e-02,2.453757e-02,1.826991e-02,7.379661e-02,1.254502e-02,2.629281e-03,6.860879e-03,3.686692e-01,3.307375e-01,2.487669e-03,3.888921e-03
4.127564e-02,5.120116e-03,5.898499e-02,8.062483e-03,4.284089e-02,2.567930e-02,1.429227e-02,1.601560e-01,1.085804e-02,2.438923e-03,9.341096e-03,3.184362e-01,2.956280e-01,2.529945e-03,4.356205e-03
3.435344e-02,4.416408e-03,7.055234e-02,2.654043e-02,5.233755e-02,2.095428e-02,1.429355e-02,2.504878e-01,2.439645e-02,2.141745e-03,9.587308e-03,2.587039e-01,2.246280e-01,1.935410e-03,4.671490e-03
2.564977e-02,3.315727e-03,7.839658e-02,2.619729e-02,5.600468e-02,1.510624e-02,1.276033e-02,3.835980e-01,2.343923e-02,1.870121e-03,1.062687e-02,1.869185e-01,1.694860e-01,1.446090e-03,5.184516e-03
2.269251e-02,2.509268e-03,1.362404e-01,7.090316e-02,7.081205e-02,1.113039e-02,9.649827e-03,3.817138e-01,2.388892e-02,1.460086e-03,1.005200e-02,1.316853e-01,1.219610e-01,1.061787e-03,4.239403e-03
1.854648e-02,2.333113e-03,2.472517e-01,7.360020e-02,5.860294e-02,8.628202e-03,8.015782e-03,3.679131e-01,2.155402e-02,1.228275e-03,8.320790e-03,9.299736e-02,8.695335e-02,7.766701e-04,3.278013e-03
1.632727e-02,2.190625e-03,2.280935e-01,8.754330e-02,5.739869e-02,7.020954e-03,8.184079e-03,4.392147e-01,1.684622e-02,9.756068e-04,6.287712e-03,6.533998e-02,6.151702e-02,5.857547e-04,2.474628e-03
1.476865e-02,1.851644e-03,1.664068e-01,6.957307e-02,6.232607e-02,6.435396e-03,1.264941e-02,5.551924e-01,1.344685e-02,7.129322e-04,4.601166e-03,4.581106e-02,4.383902e-02,4.352041e-04,1.950408e-03
1.241034e-02,1.465166e-03,1.188327e-01,5.131120e-02,5.111056e-02,1.005805e-02,2.980524e-02,6.374185e-01,9.617569e-03,6.809238e-04,3.773945e-03,3.215738e-02,3.914683e-02,3.486997e-04,1.862977e-03
1.720781e-02,1.474790e-03,8.534499e-02,3.791219e-02,3.976316e-02,1.833916e-02,2.375890e-02,7.069648e-01,8.045918e-03,5.201583e-04,3.181767e-03,2.352349e-02,3.142005e-02,3.388797e-04,2.204004e-03
1.687721e-02,1.244307e-03,6.215893e-02,2.784315e-02,3.078716e-02,2.365652e-02,1.745323e-02,7.649918e-01,6.621254e-03,4.340269e-04,3.808169e-03,1.867200e-02,2.326862e-02,2.641717e-04,1.919598e-03
2.079560e-02,1.095038e-03,4.419502e-02,2.053828e-02,4.251257e-02,9.184973e-02,1.512580e-02,7.106042e-01,6.964025e-03,5.064037e-04,7.584434e-03,1.764654e-02,1.828754e-02,2.457036e-04,2.049117e-03
2.351113e-02,2.515683e-03,3.332685e-02,1.905996e-02,3.589308e-02,2.195762e-01,1.293468e-02,5.127841e-01,8.115857e-03,1.368950e-02,4.187221e-02,4.113600e-02,2.503241e-02,1.193949e-03,9.358343e-03
1.928155e-02,2.290162e-03,2.414839e-02,1.594338e-02,2.875414e-02,3.283632e-01,1.396034e-02,3.621857e-01,6.603368e-03,4.588050e-02,6.048665e-02,5.810750e-02,2.191014e-02,4.143500e-03,7.941562e-03
1.757906e-02,5.057555e-03,2.035101e-02,1.301848e-02,2.230537e-02,3.520020e-01,1.097735e-02,2.551746e-01,7.318509e-03,9.715057e-02,8.970554e-02,7.285039e-02,1.934518e-02,1.058929e-02,6.575190e-03
1.640338e-02,4.364316e-03,1.574592e-02,9.766289e-03,1.670265e-02,3.260234e-01,8.984839e-03,1.790301e-01,5.717126e-03,1.038815e-01,1.672409e-01,1.164480e-01,1.520726e-02,9.179542e-03,5.304903e-03
1.960544e-02,6.859577e-03,1.348913e-02,9.021261e-03,1.472759e-02,2.393122e-01,6.793962e-03,1.258838e-01,6.524805e-03,1.040862e-01,2.297833e-01,1.967073e-01,1.206661e-02,8.025136e-03,7.113665e-03
1.604291e-02,5.374877e-03,1.142505e-02,6.992647e-03,1.306384e-02,2.091758e-01,5.146202e-03,8.846469e-02,7.363280e-03,1.078443e-01,2.838004e-01,2.209523e-01,9.120631e-03,7.729955e-03,7.503311e-03
1.160236e-02,3.865910e-03,8.204505e-03,4.986781e-03,9.356802e-03,1.796079e-01,3.645511e-03,6.208919e-02,6.007462e-03,8.222446e-02,4.040992e-01,2.050785e-01,6.557981e-03,6.788198e-03,5.885241e-03
8.385224e-03,2.767588e-03,5.929762e-03,3.568169e-03,6.640636e-03,1.386002e-01,2.622099e-03,4.351252e-02,4.922661e-03,5.876059e-02,5.128218e-01,1.950502e-01,4.959364e-03,6.715031e-03,4.744248e-03
6.098563e-03,2.027387e-03,4.421003e-03,2.629924e-03,5.042179e-03,1.177811e-01,1.916329e-03,3.052803e-02,4.004568e-03,4.216905e-02,5.010132e-01,2.688719e-01,3.974116e-03,5.666369e-03,3.856379e-03
4.486439e-03,2.286548e-03,4.166460e-03,2.052857e-03,2.246983e-02,8.376712e-02,2.181960e-03,2.149260e-02,2.442148e-02,3.798679e-02,4.377024e-01,3.449065e-01,3.375282e-03,5.061510e-03,3.642310e-03
3.226871e-03,1.669680e-03,2.997116e-03,1.471265e-03,1.618305e-02,5.942577e-02,1.630702e-03,1.506691e-02,1.786521e-02,2.814309e-02,5.231386e-01,3.194420e-01,2.974947e-03,4.115006e-03,2.649825e-03
2.391597e-03,1.498308e-03,2.372172e-03,1.070684e-03,1.353883e-02,4.219990e-02,1.282085e-03,1.060833e-02,1.399964e-02,2.280006e-02,5.314558e-01,3.480466e-01,2.840087e-03,3.876342e-03,2.019673e-03
1.697090e-03,4.001857e-03,1.978686e-03,7.658795e-04,1.150612e-02,2.970843e-02,9.667863e-04,7.439284e-03,1.527031e-02,1.780990e-02,6.301501e-01,2.706909e-01,3.171930e-03,3.261293e-03,1.581362e-03
1.204457e-03,3.607666e-03,1.693827e-03,5.498324e-04,8.657493e-03,2.100446e-02,7.169232e-04,5.214475e-03,1.219830e-02,1.391740e-02,7.104428e-01,2.136851e-01,3.195121e-03,2.729860e-03,1.182358e-03
8.496867e-04,8.361693e-03,1.274081e-03,3.893462e-04,6.193588e-03,1.482278e-02,5.186535e-04,3.655225e-03,9.825599e-03,1.220007e-02,7.740434e-01,1.610520e-01,3.677981e-03,2.258862e-03,8.770903e-04
6.030511e-04,1.235680e-02,9.885948e-04,2.763451e-04,4.441004e-03,1.053453e-02,4.235873e-04,2.566095e-03,1.122208e-02,9.501564e-03,8.217890e-01,1.193679e-01,3.526895e-03,1.711186e-03,6.913767e-04
4.789708e-04,1.339158e-01,1.666781e-03,2.101909e-04,4.827525e-03,7.895716e-03,1.281912e-03,1.945793e-03,1.456210e-01,7.048666e-03,6.044488e-01,8.491456e-02,3.636483e-03,1.347156e-03,7.606441e-04
4.006785e-04,2.997469e-01,2.524117e-03,2.098833e-04,3.978653e-03,6.567815e-03,1.374316e-03,1.957999e-03,1.300439e-01,5.824677e-03,4.809806e-01,6.023632e-02,4.009414e-03,1.142973e-03,1.001838e-03
3.569026e-04,3.447767e-01,2.267240e-03,2.353378e-04,3.220059e-03,5.588709e-03,1.101696e-03,2.034652e-03,1.701864e-01,4.961770e-03,4.147575e-01,4.420589e-02,4.195767e-03,1.083762e-03,1.027557e-03
9.453450e-04,3.117876e-01,3.726958e-03,1.031102e-03,5.526536e-03,6.063150e-03,9.754983e-04,4.651569e-02,2.565713e-01,4.441023e-03,3.185467e-01,3.462316e-02,7.103314e-03,1.089982e-03,1.052597e-03
9.157674e-04,2.297578e-01,2.762134e-03,9.250086e-04,5.939872e-03,8.412763e-03,8.273192e-04,3.928273e-02,4.442219e-01,3.316526e-03,2.303617e-01,2.505123e-02,6.559025e-03,8.640012e-04,8.021760e-04
3.637615e-03,1.664217e-01,3.651601e-03,2.118719e-03,4.390652e-02,1.005927e-02,1.414753e-03,2.011553e-01,3.739768e-01,2.449900e-03,1.668381e-01,1.786639e-02,5.189994e-03,6.417008e-04,6.716023e-04
3.866229e-03,1.177442e-01,4.395484e-03,1.647878e-03,4.912482e-02,7.348407e-03,3.741076e-03,4.109879e-01,2.650920e-01,1.741403e-03,1.170842e-01,1.255168e-02,3.732457e-03,4.574610e-04,4.847038e-04
3.575115e-03,8.266994e-02,3.589787e-03,1.318822e-03,5.507609e-02,7.783971e-03,8.709731e-02,4.754251e-01,1.862572e-01,1.313215e-03,8.205933e-02,8.840552e-03,4.282903e-03,3.347129e-04,3.759344e-04
3.100996e-03,5.808905e-02,3.049616e-03,9.904151e-04,4.415718e-02,6.201708e-03,2.934158e-01,3.877538e-01,1.311033e-01,1.125640e-03,5.752678e-02,6.251211e-03,6.677758e-03,2.694240e-04,2.872574e-04
3.069011e-03,4.087736e-02,2.947146e-03,8.062976e-04,3.862092e-02,5.614160e-03,4.306767e-01,3.314416e-01,9.285726e-02,9.793063e-04,4.040018e-02,4.445550e-03,6.829438e-03,2.190085e-04,2.161124e-04
3.206373e-03,2.872066e-02,2.254096e-03,6.986327e-04,3.341167e-02,5.032989e-03,5.532480e-01,2.624498e-01,6.540707e-02,7.387169e-04,2.830032e-02,3.160440e-03,1.302047e-02,1.727449e-04,1.780368e-04
5.429223e-03,2.019681e-02,1.951448e-03,1.231073e-03,4.618693e-02,4.257303e-03,4.882501e-01,3.505764e-01,4.652556e-02,5.309825e-04,1.986597e-02,2.235129e-03,1.248532e-02,1.313105e-04,1.464191e-04
5.186778e-03,1.416644e-02,1.624997e-03,1.219137e-03,3.720324e-02,3.477583e-03,5.241415e-01,3.518777e-01,3.278789e-02,3.773084e-04,1.391729e-02,1.577910e-03,1.222933e-02,9.598724e-05,1.169038e-04
4.094894e-03,9.925274e-03,1.197184e-03,8.840095e-04,2.696264e-02,3.222946e-03,6.382871e-01,2.712390e-01,2.297910e-02,2.677456e-04,9.747253e-03,1.122147e-03,9.910871e-03,6.990986e-05,8.989947e-05
3.069252e-03,6.951589e-03,8.808057e-04,6.304342e-04,1.921840e-02,2.446772e-03,7.248120e-01,2.106647e-01,1.609983e-02,1.909993e-04,6.826791e-03,7.937962e-04,7.296348e-03,5.067070e-05,6.761734e-05
2.187498e-03,4.870237e-03,6.420313e-04,4.469302e-04,1.354906e-02,1.804779e-03,7.941866e-01,1.598842e-01,1.127808e-02,1.413794e-04,4.795448e-03,5.709508e-04,5.542058e-03,3.676001e-05,6.395463e-05
1.920621e-03,3.427254e-03,5.782550e-04,3.344001e-04,1.007206e-02,1.335987e-03,8.164390e-01,1.495863e-01,7.931014e-03,1.238519e-04,3.395115e-03,4.587150e-04,4.278498e-03,3.509149e-05,8.373205e-05
1.706919e-03,2.422198e-03,5.556864e-04,2.457555e-04,7.567781e-03,9.988566e-04,8.572512e-01,1.172335e-01,5.583005e-03,1.106524e-04,2.399097e-03,3.895666e-04,3.373673e-03,3.382494e-05,1.283925e-04
3.540452e-03,1.739494e-03,7.524131e-04,1.917015e-04,6.318589e-03,1.063173e-03,8.579198e-01,1.168445e-01,3.979508e-03,1.742100e-04,1.743607e-03,9.389254e-04,4.447144e-03,5.595275e-05,2.905650e-04
4.919240e-03,1.295465e-03,8.620174e-04,1.581353e-04,5.484081e-03,1.120372e-03,8.518864e-01,1.229808e-01,2.857801e-03,2.229414e-04,1.301777e-03,1.105745e-03,5.293516e-03,7.575275e-05,4.359542e-04
6.285815e-03,1.062802e-03,8.472462e-04,1.390475e-04,4.636263e-03,1.559256e-03,8.755287e-01,9.964684e-02,2.063759e-03,3.151927e-04,1.050171e-03,1.057676e-03,5.146180e-03,9.496933e-05,5.660981e-04
6.804884e-03,8.802688e-04,8.422459e-04,4.507363e-04,3.976927e-03,2.243076e-03,7.656030e-01,9.586097e-02,2.139828e-03,2.787898e-03,2.216965e-02,8.028696e-03,7.310837e-02,6.647709e-04,1.443871e-02
7.124395e-03,7.054569e-04,6.526129e-04,8.996502e-04,3.080010e-03,1.993545e-03,6.662961e-01,8.419757e-02,2.308233e-03,3.364118e-03,8.901689e-02,5.148099e-02,6.539371e-02,8.930169e-03,1.455662e-02
5.567681e-03,1.807061e-03,5.575269e-04,3.494743e-03,4.351028e-03,1.940816e-03,4.864413e-01,6.443145e-02,1.215952e-01,6.613994e-03,1.413070e-01,6.908816e-02,5.226394e-02,1.872027e-02,2.181979e-02
4.332101e-03,1.718015e-03,5.335397e-04,5.237275e-03,5.369626e-03,1.638712e-03,3.457159e-01,4.762368e-02,9.377973e-02,3.633974e-02,1.224618e-01,6.380042e-02,1.181508e-01,2.348431e-02,1.298144e-01
3.204778e-03,2.025283e-03,8.732983e-04,4.746990e-03,4.715982e-03,1.392159e-03,2.430106e-01,3.352212e-02,6.944820e-02,2.037722e-01,8.685532e-02,6.056287e-02,1.330674e-01,2.547125e-02,1.273316e-01
2.268429e-03,1.446879e-03,7.626560e-04,3.412480e-03,3.779899e-03,1.015818e-03,1.701638e-01,2.352564e-02,4.907816e-02,4.125243e-01,6.129103e-02,4.718319e-02,1.100970e-01,1.855486e-02,9.489588e-02
1.609953e-03,1.181591e-03,2.727462e-03,2.479820e-03,6.531750e-03,1.027522e-03,1.194034e-01,1.656797e-02,3.719069e-02,5.518816e-01,4.327675e-02,3.737274e-02,9.615453e-02,1.358921e-02,6.900505e-02
1.406528e-03,1.746689e-03,4.013234e-03,2.576913e-03,4.697089e-02,1.141981e-03,8.420406e-02,1.294419e-02,4.142876e-02,5.799000e-01,3.065120e-02,2.988056e-02,7.655891e-02,1.062412e-02,7.595199e-02
1.118836e-03,1.897963e-03,3.845960e-03,2.176608e-03,5.875533e-02,1.069398e-03,5.943874e-02,9.434775e-03,4.238384e-02,5.920097e-01,2.183500e-02,2.618306e-02,6.019625e-02,9.019299e-03,1.106353e-01
1.100226e-03,2.278909e-03,1.170600e-02,2.086530e-03,6.657754e-02,1.343867e-03,4.535738e-02,8.292167e-03,3.963609e-02,5.573694e-01,1.905823e-02,2.142087e-02,6.871290e-02,8.155262e-03,1.469046e-01
2.114811e-03,1.916716e-03,1.545901e-02,2.306992e-03,5.990744e-02,2.546944e-02,6.504499e-02,2.676550e-02,3.233491e-02,5.062263e-01,1.870975e-02,1.761674e-02,8.061913e-02,6.263211e-03,1.392451e-01
2.592769e-03,2.496783e-03,2.305080e-02,8.116925e-03,1.191894e-01,5.190340e-02,6.831640e-02,3.525057e-02,4.258193e-02,4.157752e-01,1.814927e-02,1.500535e-02,8.491118e-02,4.803925e-03,1.078561e-01
3.594010e-03,2.718696e-03,2.528345e-02,6.405056e-03,1.212412e-01,5.686871e-02,6.745683e-02,5.315745e-02,3.857433e-02,3.788355e-01,3.341582e-02,1.383312e-02,1.023718e-01,4.311809e-03,9.193224e-02
1.056235e-02,3.043255e-03,2.895689e-02,5.990050e-03,1.557474e-01,4.560670e-02,5.789670e-02,5.608796e-02,3.246567e-02,3.899984e-01,3.016357e-02,1.088605e-02,9.439200e-02,3.553481e-03,7.464952e-02
1.280727e-02,3.235897e-03,4.261895e-02,5.426252e-03,1.391087e-01,3.393896e-02,6.112292e-02,1.317757e-01,2.701984e-02,3.649771e-01,2.501627e-02,8.531405e-03,8.060624e-02,2.844830e-03,6.096965e-02
2.050386e-02,9.479165e-03,9.221532e-02,1.572513e-02,1.251376e-01,1.091949e-01,5.484689e-02,1.110218e-01,3.519884e-02,2.740212e-01,2.200964e-02,1.157649e-02,6.857301e-02,2.123555e-03,4.837244e-02
2.672709e-02,1.003727e-02,8.673985e-02,1.464708e-02,1.099695e-01,9.225329e-02,5.884046e-02,1.489975e-01,3.589195e-02,2.187789e-01,2.802775e-02,1.334268e-02,6.698504e-02,2.130877e-03,8.663081e-02
3.294719e-02,9.867571e-03,7.609889e-02,1.528917e-02,1.243951e-01,8.996131e-02,9.086697e-02,1.326610e-01,3.073236e-02,2.064276e-01,2.356630e-02,1.223191e-02,5.498574e-02,2.177496e-03,9.779137e-02
3.870228e-02,1.012853e-02,6.172141e-02,1.518122e-02,1.394915e-01,8.354226e-02,1.294431e-01,1.150886e-01,2.664884e-02,1.798905e-01,2.053572e-02,1.156713e-02,4.798548e-02,2.165153e-03,1.179083e-01
4.713863e-02,1.004585e-02,5.413306e-02,1.236637e-02,1.276038e-01,1.462869e-01,1.136826e-01,9.240230e-02,2.031093e-02,1.503681e-01,3.131564e-02,3.647796e-02,5.277102e-02,2.037779e-03,1.030592e-01
4.822696e-02,8.619142e-03,4.235414e-02,1.110671e-02,9.488989e-02,3.289081e-01,8.172807e-02,6.875904e-02,1.515893e-02,1.134292e-01,2.559940e-02,3.621179e-02,3.961449e-02,1.653004e-03,8.374113e-02
4.682965e-02,7.097573e-03,3.231195e-02,9.275611e-03,6.773212e-02,4.850799e-01,5.797579e-02,4.899712e-02,1.119223e-02,8.156789e-02,2.075677e-02,3.499024e-02,2.975202e-02,1.305945e-03,6.513515e-02
5.492581e-02,9.932540e-03,2.631983e-02,8.252736e-03,4.921648e-02,5.745811e-01,4.406025e-02,3.663037e-02,1.172960e-02,5.849202e-02,1.748594e-02,2.980061e-02,2.223807e-02,1.454703e-03,5.487985e-02
7.035269e-02,1.251474e-02,2.389841e-02,7.843004e-03,3.809549e-02,6.231476e-01,3.263229e-02,2.898054e-02,1.213672e-02,4.196944e-02,1.771033e-02,2.810408e-02,1.821053e-02,1.941121e-03,4.246292e-02
1.142020e-01,1.414437e-02,2.719445e-02,9.349073e-03,3.677179e-02,5.926527e-01,2.417460e-02,2.845784e-02,1.188858e-02,3.177075e-02,1.992845e-02,3.136284e-02,2.194554e-02,2.639273e-03,3.351760e-02
9.073973e-02,1.156747e-02,2.026813e-02,7.084351e-03,2.646733e-02,6.124452e-01,1.734542e-02,2.091893e-02,1.149027e-02,2.351685e-02,7.056877e-02,3.589185e-02,1.606268e-02,8.741259e-03,2.689173e-02
6.556854e-02,8.453615e-03,1.497190e-02,5.037040e-03,1.882079e-02,6.384057e-01,1.234165e-02,1.476252e-02,8.392034e-03,1.677633e-02,1.245946e-01,3.060073e-02,1.166524e-02,1.033000e-02,1.927932e-02
4.618563e-02,6.009008e-03,1.073606e-02,3.591037e-03,1.336743e-02,5.416993e-01,8.747325e-03,1.042283e-02,6.148995e-03,1.184704e-02,2.650476e-01,3.969428e-02,8.523910e-03,1.428505e-02,1.369442e-02
3.250291e-02,4.258275e-03,7.675143e-03,2.549282e-03,9.543866e-03,3.882284e-01,6.188805e-03,7.327107e-03,4.498050e-03,8.398971e-03,4.603638e-01,3.811730e-02,6.280457e-03,1.438664e-02,9.681094e-03
2.304380e-02,3.985524e-03,7.101876e-03,1.842178e-03,7.364639e-03,2.760302e-01,4.473355e-03,5.239339e-03,4.002814e-03,6.411879e-03,5.815414e-01,4.612283e-02,4.670759e-03,2.097266e-02,7.196723e-03
1.618977e-02,2.904134e-03,5.112627e-03,1.311522e-03,5.348820e-03,1.940203e-01,3.141002e-03,3.691990e-03,3.042181e-03,4.693742e-03,6.718507e-01,3.927628e-02,3.390779e-03,4.095930e-02,5.066860e-03
1.138627e-02,2.449832e-03,3.697434e-03,9.540611e-04,4.112561e-03,1.364087e-01,2.210960e-03,2.604592e-03,3.353025e-03,3.862727e-03,7.319637e-01,3.984816e-02,2.484551e-03,5.108364e-02,3.579777e-03
8.061398e-03,3.129349e-03,3.009011e-03,7.358129e-04,3.485241e-03,9.679187e-02,1.683235e-03,1.993061e-03,3.977787e-03,5.553418e-03,7.629046e-01,4.069190e-02,1.815060e-03,6.362445e-02,2.543823e-03
5.715935e-03,3.697119e-03,2.610182e-03,5.743127e-04,2.827813e-03,7.174806e-02,1.291965e-03,1.547704e-03,5.061671e-03,8.835246e-03,7.569349e-01,4.992642e-02,1.385319e-03,8.603480e-02,1.808535e-03
4.159506e-03,4.452534e-03,3.283138e-03,4.801762e-04,2.288614e-03,5.697603e-02,9.895383e-04,1.449215e-03,7.705463e-03,9.144383e-03,7.717065e-01,4.420234e-02,1.101494e-03,9.076701e-02,1.294055e-03
3.100334e-03,6.512840e-03,2.709712e-03,4.346264e-04,3.078914e-03,4.363244e-02,7.535736e-04,1.297954e-03,1.200267e-02,1.044260e-02,7.525319e-01,3.816402e-02,1.087222e-03,1.233081e-01,9.431015e-04
2.311005e-03,1.299421e-02,3.001379e-03,5.603742e-04,3.148458e-03,4.829808e-02,6.104726e-04,1.429013e-03,2.696847e-02,1.338142e-02,7.007655e-01,3.867870e-02,1.045782e-03,1.461014e-01,7.056359e-04
1.887538e-03,4.340371e-02,2.462812e-03,6.248649e-04,3.904435e-03,1.834602e-01,5.398842e-04,1.503774e-03,4.967668e-02,1.394051e-02,5.460116e-01,3.023181e-02,8.758263e-04,1.208999e-01,5.764544e-04
1.551439e-03,5.246336e-02,2.177067e-03,7.850090e-04,4.250600e-03,2.623034e-01,4.313719e-04,1.667399e-03,7.336251e-02,1.546260e-02,4.440573e-01,2.491452e-02,8.837138e-04,1.150563e-01,6.334377e-04
1.351003e-03,4.900418e-02,1.887622e-03,7.423157e-04,4.533953e-03,2.720106e-01,3.172996e-04,1.260594e-03,1.288858e-01,1.620533e-02,3.632660e-01,1.934358e-02,8.391158e-04,1.391462e-01,1.206440e-03
1.319926e-03,3.651891e-02,1.412059e-03,1.113849e-03,7.352471e-03,2.157947e-01,4.043875e-04,2.897882e-03,3.034688e-01,1.428645e-02,2.742288e-01,1.445915e-02,5.253136e-03,1.201854e-01,1.304117e-03
1.318781e-03,2.703080e-02,1.203247e-03,1.822592e-03,9.297580e-03,1.952863e-01,5.184481e-04,8.211054e-03,3.854769e-01,1.561040e-02,2.202688e-01,1.223432e-02,1.200698e-02,1.081807e-01,1.533025e-03
1.042860e-03,1.932655e-02,8.593065e-04,1.479748e-03,1.084337e-02,1.606274e-01,4.050723e-04,6.554421e-03,5.375791e-01,1.103610e-02,1.554180e-01,8.816773e-03,9.080029e-03,7.581893e-02,1.112334e-03
8.029856e-04,1.392883e-02,6.123272e-04,1.164500e-03,1.051451e-02,1.214115e-01,3.151818e-04,4.804901e-03,6.626989e-01,7.804789e-03,1.092661e-01,6.292013e-03,6.493038e-03,5.308467e-02,8.057052e-04
9.464625e-04,1.030886e-02,6.332364e-04,4.604798e-03,1.329149e-02,9.286751e-02,2.780686e-04,6.887685e-03,7.401214e-01,6.089236e-03,7.659370e-02,4.448274e-03,4.596368e-03,3.717129e-02,1.161612e-03
2.343251e-03,8.184071e-03,3.036690e-03,1.234676e-02,6.261363e-02,6.737439e-02,9.564703e-04,5.267970e-02,6.970460e-01,4.891635e-03,5.365452e-02,3.146416e-03,3.282100e-03,2.602926e-02,2.415048e-03
7.926632e-03,6.729405e-03,3.026512e-03,1.228143e-02,8.803917e-02,5.077187e-02,1.650238e-03,5.392768e-02,7.092501e-01,3.611247e-03,3.758988e-02,2.237692e-03,2.325210e-03,1.823935e-02,2.393581e-03
2.150580e-02,1.472508e-02,3.079604e-03,1.494536e-02,9.828416e-02,3.968486e-02,2.358164e-03,4.310397e-02,6.882596e-01,4.157515e-03,2.652754e-02,1.805334e-03,1.928110e-03,1.281427e-02,2.682073e-02
2.270539e-02,3.362802e-02,1.948518e-02,6.824926e-02,1.000237e-01,3.104308e-02,5.763121e-03,5.073150e-02,5.894676e-01,4.713581e-03,1.897370e-02,1.761531e-03,1.825754e-03,9.028342e-03,4.260031e-02
4.872674e-02,3.817552e-02,1.896255e-02,6.527913e-02,1.161251e-01,3.165466e-02,6.214281e-03,4.394985e-02,5.714560e-01,3.647282e-03,1.363803e-02,1.713952e-03,1.891975e-03,6.378974e-03,3.218602e-02
5.849530e-02,4.567881e-02,1.551979e-02,5.412587e-02,1.357780e-01,5.120235e-02,5.740774e-03,3.269059e-02,5.545405e-01,2.908090e-03,9.852843e-03,1.691015e-03,1.690756e-03,4.509517e-03,2.557577e-02
6.700535e-02,5.968295e-02,1.520432e-02,9.008542e-02,1.791324e-01,4.751153e-02,9.720768e-03,2.841643e-02,4.615116e-01,2.875919e-03,7.479544e-03,1.967545e-03,1.954843e-03,3.279657e-03,2.417174e-02
6.932768e-02,7.075790e-02,2.057442e-02,1.527902e-01,1.839126e-01,6.594399e-02,1.239454e-02,2.370992e-02,3.629376e-01,2.520814e-03,5.790448e-03,2.514276e-03,2.205657e-03,2.407925e-03,2.221201e-02
6.537712e-02,6.114754e-02,1.593319e-02,1.577287e-01,2.754802e-01,7.474691e-02,3.165101e-02,2.015405e-02,2.680077e-01,2.245798e-03,4.699792e-03,2.682102e-03,2.185059e-03,1.720682e-03,1.624016e-02
1.082615e-01,6.106332e-02,1.416266e-02,1.548861e-01,2.290518e-01,1.087667e-01,3.388211e-02,1.893511e-02,2.362167e-01,3.864356e-03,5.420365e-03,8.065557e-03,2.410678e-03,1.334779e-03,1.367829e-02
1.221080e-01,5.043718e-02,1.666833e-02,1.444858e-01,1.782245e-01,1.892921e-01,3.719343e-02,2.033861e-02,1.710485e-01,9.683885e-03,2.099425e-02,1.755817e-02,6.017319e-03,1.947271e-03,1.400267e-02
8.587871e-02,3.740751e-02,1.306877e-02,1.383571e-01,1.317671e-01,2.338259e-01,5.422857e-02,1.510513e-02,1.208670e-01,7.455619e-02,5.251091e-02,1.678038e-02,7.493475e-03,1.611359e-03,1.654198e-02
6.042594e-02,2.656697e-02,1.008032e-02,9.959646e-02,9.653787e-02,2.054663e-01,9.348971e-02,1.124701e-02,8.533720e-02,1.480516e-01,7.251026e-02,5.028140e-02,1.148880e-02,2.592177e-03,2.632811e-02
4.281929e-02,1.874898e-02,7.238225e-03,7.057893e-02,6.833614e-02,2.044152e-01,9.803687e-02,8.674677e-03,6.126396e-02,1.236041e-01,1.787422e-01,7.520472e-02,1.030759e-02,6.179540e-03,2.584953e-02
