1.000000e+00,0.000000e+00,0.000000e+00,0.000000e+00,0.000000e+00,0.000000e+00,0.000000e+00,0.000000e+00,0.000000e+00,0.000000e+00,0.000000e+00,0.000000e+00,0.000000e+00,0.000000e+00,0.000000e+00
1.000000e+00,0.000000e+00,0.000000e+00,0.000000e+00,0.000000e+00,0.000000e+00,0.000000e+00,0.000000e+00,0.000000e+00,0.000000e+00,0.000000e+00,0.000000e+00,0.000000e+00,0.000000e+00,0.000000e+00
1.000000e+00,0.000000e+00,0.000000e+00,0.000000e+00,0.000000e+00,0.000000e+00,0.000000e+00,0.000000e+00,0.000000e+00,0.000000e+00,0.000000e+00,0.000000e+00,0.000000e+00,0.000000e+00,0.000000e+00
1.000000e+00,0.000000e+00,0.000000e+00,0.000000e+00,0.000000e+00,0.000000e+00,0.000000e+00,0.000000e+00,0.000000e+00,0.000000e+00,0.000000e+00,0.000000e+00,0.000000e+00,0.000000e+00,0.000000e+00
1.000000e+00,0.000000e+00,0.000000e+00,0.000000e+00,0.000000e+00,0.000000e+00,0.000000e+00,0.000000e+00,0.000000e+00,0.000000e+00,0.000000e+00,0.000000e+00,0.000000e+00,0.000000e+00,0.000000e+00
1.000000e+00,0.000000e+00,0.000000e+00,0.000000e+00,0.000000e+00,0.000000e+00,0.000000e+00,0.000000e+00,0.000000e+00,0.000000e+00,0.000000e+00,0.000000e+00,0.000000e+00,0.000000e+00,0.000000e+00
1.000000e+00,0.000000e+00,0.000000e+00,0.000000e+00,0.000000e+00,0.000000e+00,0.000000e+00,0.000000e+00,0.000000e+00,0.000000e+00,0.000000e+00,0.000000e+00,0.000000e+00,0.000000e+00,0.000000e+00
1.000000e+00,0.000000e+00,0.000000e+00,0.000000e+00,0.000000e+00,0.000000e+00,0.000000e+00,0.000000e+00,0.000000e+00,0.000000e+00,0.000000e+00,0.000000e+00,0.000000e+00,0.000000e+00,0.000000e+00
1.000000e+00,0.000000e+00,0.000000e+00,0.000000e+00,0.000000e+00,0.000000e+00,0.000000e+00,0.000000e+00,0.000000e+00,0.000000e+00,0.000000e+00,0.000000e+00,0.000000e+00,0.000000e+00,0.000000e+00
1.000000e+00,0.000000e+00,0.000000e+00,0.000000e+00,0.000000e+00,0.000000e+00,0.000000e+00,0.000000e+00,0.000000e+00,0.000000e+00,0.000000e+00,0.000000e+00,0.000000e+00,0.000000e+00,0.000000e+00
1.000000e+00,0.000000e+00,0.000000e+00,0.000000e+00,0.000000e+00,0.000000e+00,0.000000e+00,0.000000e+00,0.000000e+00,0.000000e+00,0.000000e+00,0.000000e+00,0.000000e+00,0.000000e+00,0.000000e+00
1.000000e+00,0.000000e+00,0.000000e+00,0.000000e+00,0.000000e+00,0.000000e+00,0.000000e+00,0.000000e+00,0.000000e+00,0.000000e+00,0.000000e+00,0.000000e+00,0.000000e+00,0.000000e+00,0.000000e+00
1.000000e+00,0.000000e+00,0.000000e+00,0.000000e+00,0.000000e+00,0.000000e+00,0.000000e+00,0.000000e+00,0.000000e+00,0.000000e+00,0.000000e+00,0.000000e+00,0.000000e+00,0.000000e+00,0.000000e+00
1.000000e+00,0.000000e+00,0.000000e+00,0.000000e+00,0.000000e+00,0.000000e+00,0.000000e+00,0.000000e+00,0.000000e+00,0.000000e+00,0.000000e+00,0.000000e+00,0.000000e+00,0.000000e+00,0.000000e+00
1.000000e+00,0.000000e+00,0.000000e+00,0.000000e+00,0.000000e+00,0.000000e+00,0.000000e+00,0.000000e+00,0.000000e+00,0.000000e+00,0.000000e+00,0.000000e+00,0.000000e+00,0.000000e+00,0.000000e+00
1.000000e+00,0.000000e+00,0.000000e+00,0.000000e+00,0.000000e+00,0.000000e+00,0.000000e+00,0.000000e+00,0.000000e+00,0.000000e+00,0.000000e+00,0.000000e+00,0.000000e+00,0.000000e+00,0.000000e+00
1.000000e+00,0.000000e+00,0.000000e+00,0.000000e+00,0.000000e+00,0.000000e+00,0.000000e+00,0.000000e+00,0.000000e+00,0.000000e+00,0.000000e+00,0.000000e+00,0.000000e+00,0.000000e+00,0.000000e+00
1.000000e+00,0.000000e+00,0.000000e+00,0.000000e+00,0.000000e+00,0.000000e+00,0.000000e+00,0.000000e+00,0.000000e+00,0.000000e+00,0.000000e+00,0.000000e+00,0.000000e+00,0.000000e+00,0.000000e+00
1.000000e+00,0.000000e+00,0.000000e+00,0.000000e+00,0.000000e+00,0.000000e+00,0.000000e+00,0.000000e+00,0.000000e+00,0.000000e+00,0.000000e+00,0.000000e+00,0.000000e+00,0.000000e+00,0.000000e+00
1.000000e+00,0.000000e+00,0.000000e+00,0.000000e+00,0.000000e+00,0.000000e+00,0.000000e+00,0.000000e+00,0.000000e+00,0.000000e+00,0.000000e+00,0.000000e+00,0.000000e+00,0.000000e+00,0.000000e+00
1.000000e+00,0.000000e+00,0.000000e+00,0.000000e+00,0.000000e+00,0.000000e+00,0.000000e+00,0.000000e+00,0.000000e+00,0.000000e+00,0.000000e+00,0.000000e+00,0.000000e+00,0.000000e+00,0.000000e+00
1.000000e+00,0.000000e+00,0.000000e+00,0.000000e+00,0.000000e+00,0.000000e+00,0.000000e+00,0.000000e+00,0.000000e+00,0.000000e+00,0.000000e+00,0.000000e+00,0.000000e+00,0.000000e+00,0.000000e+00
1.000000e+00,0.000000e+00,0.000000e+00,0.000000e+00,0.000000e+00,0.000000e+00,0.000000e+00,0.000000e+00,0.000000e+00,0.000000e+00,0.000000e+00,0.000000e+00,0.000000e+00,0.000000e+00,0.000000e+00
1.000000e+00,0.000000e+00,0.000000e+00,0.000000e+00,0.000000e+00,0.000000e+00,0.000000e+00,0.000000e+00,0.000000e+00,0.000000e+00,0.000000e+00,0.000000e+00,0.000000e+00,0.000000e+00,0.000000e+00
1.000000e+00,0.000000e+00,0.000000e+00,0.000000e+00,0.000000e+00,0.000000e+00,0.000000e+00,0.000000e+00,0.000000e+00,0.000000e+00,0.000000e+00,0.000000e+00,0.000000e+00,0.000000e+00,0.000000e+00
1.000000e+00,0.000000e+00,0.000000e+00,0.000000e+00,0.000000e+00,0.000000e+00,0.000000e+00,0.000000e+00,0.000000e+00,0.000000e+00,0.000000e+00,0.000000e+00,0.000000e+00,0.000000e+00,0.000000e+00
1.000000e+00,0.000000e+00,0.000000e+00,0.000000e+00,0.000000e+00,0.000000e+00,0.000000e+00,0.000000e+00,0.000000e+00,0.000000e+00,0.000000e+00,0.000000e+00,0.000000e+00,0.000000e+00,0.000000e+00
1.000000e+00,0.000000e+00,0.000000e+00,0.000000e+00,0.000000e+00,0.000000e+00,0.000000e+00,0.000000e+00,0.000000e+00,0.000000e+00,0.000000e+00,0.000000e+00,0.000000e+00,0.000000e+00,0.000000e+00
1.000000e+00,0.000000e+00,0.000000e+00,0.000000e+00,0.000000e+00,0.000000e+00,0.000000e+00,0.000000e+00,0.000000e+00,0.000000e+00,0.000000e+00,0.000000e+00,0.000000e+00,0.000000e+00,0.000000e+00
1.000000e+00,0.000000e+00,0.000000e+00,0.000000e+00,0.000000e+00,0.000000e+00,0.000000e+00,0.000000e+00,0.000000e+00,0.000000e+00,0.000000e+00,0.000000e+00,0.000000e+00,0.000000e+00,0.000000e+00
1.000000e+00,0.000000e+00,0.000000e+00,0.000000e+00,0.000000e+00,0.000000e+00,0.000000e+00,0.000000e+00,0.000000e+00,0.000000e+00,0.000000e+00,0.000000e+00,0.000000e+00,0.000000e+00,0.000000e+00
1.000000e+00,0.000000e+00,0.000000e+00,0.000000e+00,0.000000e+00,0.000000e+00,0.000000e+00,0.000000e+00,0.000000e+00,0.000000e+00,0.000000e+00,0.000000e+00,0.000000e+00,0.000000e+00,0.000000e+00
1.000000e+00,0.000000e+00,0.000000e+00,0.000000e+00,0.000000e+00,0.000000e+00,0.000000e+00,0.000000e+00,0.000000e+00,0.000000e+00,0.000000e+00,0.000000e+00,0.000000e+00,0.000000e+00,0.000000e+00
1.000000e+00,0.000000e+00,0.000000e+00,0.000000e+00,0.000000e+00,0.000000e+00,0.000000e+00,0.000000e+00,0.000000e+00,0.000000e+00,0.000000e+00,0.000000e+00,0.000000e+00,0.000000e+00,0.000000e+00
1.000000e+00,0.000000e+00,0.000000e+00,0.000000e+00,0.000000e+00,0.000000e+00,0.000000e+00,0.000000e+00,0.000000e+00,0.000000e+00,0.000000e+00,0.000000e+00,0.000000e+00,0.000000e+00,0.000000e+00
1.000000e+00,0.000000e+00,0.000000e+00,0.000000e+00,0.000000e+00,0.000000e+00,0.000000e+00,0.000000e+00,0.000000e+00,0.000000e+00,0.000000e+00,0.000000e+00,0.000000e+00,0.000000e+00,0.000000e+00
1.000000e+00,0.000000e+00,0.000000e+00,0.000000e+00,0.000000e+00,0.000000e+00,0.000000e+00,0.000000e+00,0.000000e+00,0.000000e+00,0.000000e+00,0.000000e+00,0.000000e+00,0.000000e+00,0.000000e+00
1.000000e+00,0.000000e+00,0.000000e+00,0.000000e+00,0.000000e+00,0.000000e+00,0.000000e+00,0.000000e+00,0.000000e+00,0.000000e+00,0.000000e+00,0.000000e+00,0.000000e+00,0.000000e+00,0.000000e+00
1.000000e+00,0.000000e+00,0.000000e+00,0.000000e+00,0.000000e+00,0.000000e+00,0.000000e+00,0.000000e+00,0.000000e+00,0.000000e+00,0.000000e+00,0.000000e+00,0.000000e+00,0.000000e+00,0.000000e+00
1.000000e+00,0.000000e+00,0.000000e+00,0.000000e+00,0.000000e+00,0.000000e+00,0.000000e+00,0.000000e+00,0.000000e+00,0.000000e+00,0.000000e+00,0.000000e+00,0.000000e+00,0.000000e+00,0.000000e+00
1.000000e+00,0.000000e+00,0.000000e+00,0.000000e+00,0.000000e+00,0.000000e+00,0.000000e+00,0.000000e+00,0.000000e+00,0.000000e+00,0.000000e+00,0.000000e+00,0.000000e+00,0.000000e+00,0.000000e+00
1.000000e+00,0.000000e+00,0.000000e+00,0.000000e+00,0.000000e+00,0.000000e+00,0.000000e+00,0.000000e+00,0.000000e+00,0.000000e+00,0.000000e+00,0.000000e+00,0.000000e+00,0.000000e+00,0.000000e+00
1.000000e+00,0.000000e+00,0.000000e+00,0.000000e+00,0.000000e+00,0.000000e+00,0.000000e+00,0.000000e+00,0.000000e+00,0.000000e+00,0.000000e+00,0.000000e+00,0.000000e+00,0.000000e+00,0.000000e+00
1.000000e+00,0.000000e+00,0.000000e+00,0.000000e+00,0.000000e+00,0.000000e+00,0.000000e+00,0.000000e+00,0.000000e+00,0.000000e+00,0.000000e+00,0.000000e+00,0.000000e+00,0.000000e+00,0.000000e+00
1.000000e+00,0.000000e+00,0.000000e+00,0.000000e+00,0.000000e+00,0.000000e+00,0.000000e+00,0.000000e+00,0.000000e+00,0.000000e+00,0.000000e+00,0.000000e+00,0.000000e+00,0.000000e+00,0.000000e+00
1.000000e+00,0.000000e+00,0.000000e+00,0.000000e+00,0.000000e+00,0.000000e+00,0.000000e+00,0.000000e+00,0.000000e+00,0.000000e+00,0.000000e+00,0.000000e+00,0.000000e+00,0.000000e+00,0.000000e+00
1.000000e+00,0.000000e+00,0.000000e+00,0.000000e+00,0.000000e+00,0.000000e+00,0.000000e+00,0.000000e+00,0.000000e+00,0.000000e+00,0.000000e+00,0.000000e+00,0.000000e+00,0.000000e+00,0.000000e+00
4.327711e-01,1.811083e-02,3.584546e-02,3.022633e-02,1.624650e-01,1.298944e-01,6.669023e-02,4.759905e-02,3.646596e-03,3.028587e-02,1.203231e-02,1.392367e-02,6.899597e-03,2.046858e-03,7.562733e-03
3.141673e-01,1.918718e-02,3.256797e-02,2.830169e-02,2.112556e-01,1.512279e-01,1.015093e-01,4.661747e-02,3.498928e-03,5.662885e-02,9.750164e-03,1.158531e-02,6.033931e-03,1.917525e-03,5.750943e-03
2.276656e-01,1.678358e-02,2.757099e-02,2.281461e-02,2.130188e-01,1.170505e-01,8.300810e-02,3.457526e-02,3.223528e-03,2.236191e-01,8.540379e-03,1.020305e-02,5.130253e-03,1.722477e-03,5.073623e-03
2.378505e-01,2.116692e-02,2.276880e-02,2.713851e-02,2.358110e-01,1.047511e-01,6.968226e-02,2.627024e-02,1.240480e-02,1.992786e-01,1.153290e-02,1.293777e-02,9.207681e-03,2.402786e-03,6.796185e-03
2.158233e-01,2.180257e-02,2.143881e-02,3.293159e-02,2.134343e-01,1.227887e-01,6.198144e-02,2.189071e-02,1.347614e-02,1.700176e-01,3.784206e-02,4.004630e-02,1.241196e-02,4.231197e-03,9.883303e-03
2.599761e-01,2.112281e-02,1.742880e-02,3.152153e-02,1.604176e-01,1.130620e-01,4.564638e-02,1.639374e-02,1.326934e-02,1.241097e-01,4.418380e-02,1.070813e-01,2.555656e-02,5.362228e-03,1.486813e-02
3.211239e-01,2.168768e-02,1.401002e-02,3.116464e-02,1.257258e-01,9.797591e-02,3.428624e-02,1.264329e-02,1.301761e-02,9.321238e-02,4.868664e-02,1.272470e-01,3.109127e-02,6.091756e-03,2.203584e-02
4.065543e-01,1.935986e-02,1.077936e-02,2.591948e-02,9.532509e-02,8.185165e-02,2.673131e-02,1.006641e-02,1.290940e-02,6.842040e-02,5.644153e-02,1.316608e-01,2.651738e-02,5.642066e-03,2.182091e-02
1.000000e+00,0.000000e+00,0.000000e+00,0.000000e+00,0.000000e+00,0.000000e+00,0.000000e+00,0.000000e+00,0.000000e+00,0.000000e+00,0.000000e+00,0.000000e+00,0.000000e+00,0.000000e+00,0.000000e+00
1.000000e+00,0.000000e+00,0.000000e+00,0.000000e+00,0.000000e+00,0.000000e+00,0.000000e+00,0.000000e+00,0.000000e+00,0.000000e+00,0.000000e+00,0.000000e+00,0.000000e+00,0.000000e+00,0.000000e+00
4.032666e-01,1.329663e-02,6.112983e-03,1.373846e-02,3.749346e-02,7.999852e-02,1.203281e-02,4.992025e-03,8.984691e-03,4.027576e-02,2.376035e-01,8.339202e-02,1.464041e-02,2.210971e-02,2.206245e-02
2.828191e-01,9.677419e-03,4.803694e-03,9.708142e-03,2.662083e-02,1.170656e-01,8.625038e-03,3.639656e-03,7.806305e-03,2.901335e-02,3.616107e-01,6.636287e-02,1.033255e-02,4.530180e-02,1.661299e-02
1.982491e-01,6.991288e-03,3.531210e-03,6.983238e-03,1.872815e-02,8.782542e-02,6.096568e-03,2.594248e-03,7.020844e-03,2.187776e-02,5.064212e-01,5.462821e-02,7.335678e-03,5.890173e-02,1.281534e-02
1.388152e-01,5.140546e-03,2.529104e-03,4.998112e-03,1.323497e-02,6.194337e-02,4.324041e-03,1.836993e-03,8.155480e-03,1.592902e-02,5.814164e-01,6.497454e-02,5.205099e-03,8.238218e-02,9.114948e-03
9.723615e-02,3.904583e-03,1.839844e-03,3.567768e-03,9.511719e-03,4.598939e-02,3.060364e-03,1.324907e-03,7.835733e-03,1.159816e-02,6.359634e-01,7.291517e-02,3.776120e-03,9.483872e-02,6.637983e-03
6.813489e-02,5.635696e-02,1.782277e-03,2.518092e-03,7.203677e-03,5.319848e-02,2.221784e-03,1.148224e-03,2.477335e-02,8.785954e-03,6.025959e-01,6.878466e-02,2.847264e-03,9.390341e-02,5.745052e-03
4.776436e-02,8.982188e-02,1.558933e-03,1.783976e-03,5.353305e-03,1.040081e-01,1.666974e-03,1.272132e-03,3.698028e-02,6.653649e-03,5.056069e-01,6.014401e-02,2.142375e-03,1.304479e-01,4.795172e-03
3.379638e-02,8.580802e-02,2.368946e-03,1.419507e-03,4.126648e-03,1.452825e-01,1.314630e-03,1.151691e-03,9.741756e-02,6.341802e-03,4.309059e-01,6.401738e-02,1.631215e-03,1.207573e-01,3.660572e-03
2.399043e-02,6.624682e-02,3.843244e-03,1.335205e-03,3.562803e-03,1.541996e-01,1.198002e-03,2.066457e-03,1.145124e-01,5.449709e-03,4.284824e-01,7.600354e-02,1.433054e-03,1.145631e-01,3.113199e-03
1.708265e-02,9.257501e-02,7.224855e-03,1.347571e-03,1.784256e-02,1.246914e-01,2.769947e-03,4.774796e-03,2.249176e-01,4.296497e-03,3.453783e-01,6.892295e-02,1.232964e-03,8.459622e-02,2.346641e-03
1.243517e-02,7.213543e-02,7.549656e-03,1.706932e-03,2.075414e-02,2.292034e-01,3.944892e-03,2.718070e-02,2.484549e-01,4.723689e-03,2.536758e-01,5.038689e-02,1.012604e-03,6.489411e-02,1.941587e-03
8.868795e-03,6.332536e-02,9.312520e-03,1.972118e-03,4.500265e-02,1.802686e-01,3.003188e-03,2.099468e-02,3.923791e-01,5.414063e-03,1.809486e-01,3.611346e-02,1.107626e-03,4.839163e-02,2.897619e-03
7.729661e-03,4.794058e-02,7.865360e-03,8.144381e-03,1.491581e-01,1.341229e-01,2.254761e-03,1.683345e-02,3.751728e-01,1.014907e-02,1.327508e-01,2.608588e-02,3.373754e-03,3.769950e-02,4.071897e-02
7.552324e-03,4.213013e-02,7.053785e-03,8.900190e-03,1.513149e-01,1.002281e-01,1.684768e-03,1.246993e-02,4.232466e-01,1.073672e-02,1.064869e-01,1.926994e-02,7.977672e-03,3.228954e-02,6.865846e-02
6.350204e-03,4.408381e-02,6.996945e-03,1.313193e-02,1.251714e-01,7.511416e-02,1.304275e-03,1.019955e-02,4.242089e-01,1.301357e-02,1.124488e-01,1.900389e-02,1.969330e-02,2.759694e-02,1.016823e-01
6.697081e-03,6.677463e-02,5.684223e-03,1.521146e-02,9.903840e-02,5.875297e-02,1.076196e-03,9.669981e-03,4.318829e-01,1.252508e-02,8.819570e-02,1.438566e-02,1.966969e-02,5.792569e-02,1.125103e-01
5.708083e-03,7.498301e-02,5.230292e-03,4.341633e-02,7.406026e-02,4.806396e-02,8.684342e-04,1.479916e-02,4.583759e-01,1.029166e-02,6.925139e-02,1.068934e-02,1.794557e-02,6.002129e-02,1.062953e-01
4.757607e-03,9.052552e-02,4.835558e-03,1.119614e-01,5.283038e-02,3.387207e-02,6.185472e-04,1.039515e-02,4.498063e-01,8.007627e-03,5.643987e-02,7.592048e-03,1.284877e-02,4.386538e-02,1.116438e-01
3.629589e-02,1.157802e-01,8.558803e-03,1.028229e-01,4.130184e-02,2.757991e-02,5.822071e-04,8.669937e-03,3.750637e-01,9.010434e-03,4.881404e-02,8.817052e-03,1.162254e-02,5.599634e-02,1.490843e-01
7.601246e-02,1.431819e-01,1.420223e-02,8.281724e-02,5.241394e-02,2.254539e-02,7.489980e-04,9.484421e-03,3.112029e-01,9.873506e-03,3.991704e-02,7.519948e-03,9.768690e-03,5.401289e-02,1.662984e-01
1.309892e-01,1.341153e-01,1.898174e-02,6.537896e-02,5.460331e-02,1.964697e-02,1.042547e-03,2.408329e-02,3.006926e-01,1.057011e-02,3.195816e-02,6.795268e-03,7.992387e-03,5.274698e-02,1.404032e-01
2.218617e-01,1.298457e-01,1.731803e-02,5.365881e-02,5.096362e-02,1.744144e-02,2.188894e-03,3.603721e-02,2.506122e-01,9.422418e-03,2.532871e-02,6.430864e-03,7.408603e-03,6.553125e-02,1.059506e-01
3.279497e-01,1.240454e-01,1.517802e-02,5.014863e-02,3.973340e-02,1.611065e-02,3.410046e-03,5.714934e-02,1.859127e-01,8.971870e-03,1.941857e-02,6.277578e-03,6.472307e-03,5.229131e-02,8.693046e-02
4.064077e-01,9.367155e-02,1.792208e-02,4.303175e-02,3.556252e-02,1.526865e-02,4.619486e-03,8.649191e-02,1.484856e-01,8.157711e-03,1.658202e-02,7.621210e-03,8.164465e-03,4.119772e-02,6.681574e-02
4.387264e-01,7.777295e-02,2.105645e-02,3.557858e-02,3.661254e-02,2.614666e-02,5.289100e-03,8.306113e-02,1.468320e-01,8.009050e-03,1.453434e-02,7.710789e-03,1.640804e-02,3.150110e-02,5.076097e-02
4.124996e-01,6.562030e-02,3.157127e-02,2.813990e-02,3.442910e-02,3.556075e-02,8.524036e-03,1.227282e-01,1.450376e-01,7.828858e-03,1.274874e-02,7.272433e-03,2.137906e-02,2.428398e-02,4.237609e-02
3.669659e-01,5.301379e-02,4.888073e-02,2.385188e-02,3.736899e-02,2.933225e-02,8.695981e-03,1.832659e-01,1.119799e-01,3.501805e-02,1.198836e-02,6.498368e-03,2.070749e-02,1.893487e-02,4.349757e-02
2.933493e-01,4.336371e-02,5.678423e-02,1.962858e-02,3.405343e-02,4.997333e-02,7.030569e-03,1.749365e-01,8.249792e-02,1.522257e-01,1.135585e-02,5.261695e-03,1.557897e-02,1.409861e-02,3.986163e-02
2.982104e-01,3.340383e-02,5.182072e-02,1.490592e-02,3.008522e-02,5.379779e-02,6.377683e-03,2.011676e-01,6.339131e-02,1.765746e-01,9.583975e-03,4.534308e-03,1.140282e-02,1.093607e-02,3.380767e-02
3.290438e-01,2.729646e-02,4.359096e-02,1.202883e-02,2.777944e-02,4.456302e-02,5.552820e-03,2.381019e-01,4.964935e-02,1.645346e-01,7.757714e-03,3.931603e-03,8.282130e-03,8.433224e-03,2.945412e-02
3.329670e-01,2.881751e-02,3.699318e-02,1.131854e-02,3.089040e-02,3.607349e-02,5.692902e-03,2.169385e-01,3.887546e-02,2.034577e-01,6.790900e-03,3.671374e-03,6.356527e-03,7.313047e-03,3.384343e-02
2.582700e-01,2.640719e-02,3.073083e-02,9.577969e-03,3.076384e-02,3.693418e-02,4.774149e-03,1.593888e-01,3.226740e-02,3.503962e-01,6.278830e-03,2.947744e-03,5.282658e-03,5.982391e-03,3.999777e-02
1.812553e-01,2.026663e-02,2.296152e-02,8.840586e-03,2.181609e-02,2.747346e-02,3.424507e-03,1.117379e-01,3.197164e-02,4.992957e-01,9.830818e-03,2.293558e-03,5.232520e-03,4.936714e-03,4.866294e-02
1.270447e-01,1.599898e-02,1.746782e-02,8.542070e-03,1.571172e-02,2.004659e-02,2.486452e-03,7.829084e-02,7.029946e-02,5.054181e-01,1.108689e-02,5.445090e-03,9.945754e-03,5.538215e-03,1.066773e-01
8.924254e-02,1.238359e-02,1.359522e-02,6.807148e-03,1.134077e-02,1.460464e-02,1.834876e-03,5.487530e-02,7.342274e-02,5.167546e-01,1.387837e-02,1.083178e-02,1.740598e-02,1.553673e-02,1.474856e-01
6.268803e-02,8.970758e-03,9.747832e-03,4.910922e-03,8.150901e-03,1.062990e-02,1.301202e-03,3.845522e-02,6.034764e-02,4.917225e-01,2.280436e-02,8.688327e-03,2.218818e-02,3.328581e-02,2.161083e-01
4.399012e-02,6.454188e-03,6.961466e-03,3.616970e-03,5.835855e-03,7.616744e-03,9.226568e-04,2.695983e-02,5.418512e-02,3.620648e-01,2.149741e-02,6.887886e-03,2.000649e-02,5.397553e-02,3.790249e-01
3.098094e-02,4.743397e-03,5.353432e-03,2.704443e-03,4.418847e-03,5.592441e-03,6.643627e-04,1.891296e-02,3.976914e-02,2.617011e-01,1.710214e-02,5.170872e-03,1.492250e-02,4.715714e-02,5.408063e-01
2.211968e-02,1.092790e-02,7.400869e-03,2.973698e-03,3.880979e-03,4.531947e-03,5.347055e-04,1.353558e-02,5.412318e-02,1.968812e-01,1.629090e-02,4.886377e-03,1.258636e-02,5.050228e-02,5.988243e-01
1.689070e-02,1.078452e-02,1.753560e-02,8.058976e-03,4.725908e-03,3.968265e-03,6.427619e-04,1.405185e-02,7.743773e-02,1.477795e-01,1.952365e-02,5.779722e-03,1.595052e-02,5.729225e-02,5.995781e-01
1.289744e-02,2.039702e-02,6.604703e-02,1.431495e-02,3.830499e-03,3.805001e-03,5.454502e-04,1.025507e-02,9.683032e-02,1.165750e-01,2.061870e-02,9.759367e-03,3.162619e-02,4.545967e-02,5.470383e-01
9.930097e-03,2.321534e-02,4.887682e-02,1.297041e-02,4.082110e-03,4.747697e-03,4.616423e-04,7.943262e-03,2.403734e-01,8.481670e-02,1.901184e-02,7.639647e-03,3.016539e-02,3.640357e-02,4.693621e-01
7.460110e-03,4.380248e-02,3.509740e-02,1.155078e-02,3.411487e-03,5.831884e-03,3.498896e-04,5.710942e-03,4.095847e-01,6.191335e-02,1.430920e-02,7.254400e-03,2.633319e-02,2.633041e-02,3.410597e-01
6.078519e-03,4.376695e-02,2.537043e-02,1.048303e-02,3.628951e-03,1.300305e-02,3.147908e-04,4.407531e-03,4.752954e-01,4.498205e-02,1.350600e-02,8.824651e-03,3.544806e-02,2.302498e-02,2.918656e-01
4.741427e-03,3.841165e-02,1.805416e-02,1.077200e-02,6.495701e-03,1.485801e-02,3.375421e-04,3.268578e-03,5.621127e-01,3.257793e-02,1.430187e-02,8.512497e-03,4.516414e-02,1.632968e-02,2.240620e-01
3.510709e-03,3.522519e-02,1.291733e-02,9.691328e-03,1.699282e-02,1.919842e-02,3.780546e-04,2.573062e-03,6.513612e-01,2.329079e-02,1.080579e-02,6.250073e-03,3.750245e-02,1.157380e-02,1.587290e-01
3.585178e-03,3.322908e-02,9.343173e-03,7.322920e-03,4.843163e-02,2.284543e-02,9.794564e-04,2.041183e-03,6.890005e-01,1.661681e-02,8.127962e-03,4.550683e-03,3.248560e-02,8.242339e-03,1.131981e-01
4.449595e-03,4.536077e-02,7.059661e-03,1.499817e-02,5.796365e-02,3.112410e-02,9.096274e-04,2.079325e-03,6.927966e-01,1.337644e-02,7.574388e-03,3.501614e-03,2.630450e-02,6.467391e-03,8.603421e-02
5.497618e-03,4.670774e-02,5.261244e-03,3.284851e-02,6.149440e-02,2.953423e-02,7.817318e-04,1.828338e-03,6.879151e-01,1.008303e-02,1.266244e-02,3.814317e-03,2.506831e-02,4.862570e-03,7.164048e-02
1.091165e-02,4.581757e-02,4.505087e-03,1.068754e-01,5.934029e-02,2.376858e-02,6.605916e-04,1.871953e-03,6.142287e-01,8.008367e-03,2.312029e-02,4.396348e-03,2.672816e-02,4.303662e-03,6.546341e-02
1.731190e-02,5.206376e-02,6.890452e-03,1.009334e-01,5.023431e-02,2.183134e-02,7.321396e-04,2.573439e-03,5.511708e-01,8.525296e-03,4.168730e-02,7.327783e-03,5.128015e-02,1.060227e-02,7.683577e-02
2.013978e-02,4.153965e-02,6.271409e-03,7.653500e-02,4.938664e-02,2.240789e-02,1.081308e-03,3.450553e-03,5.319579e-01,6.476875e-03,6.897074e-02,1.853630e-02,8.863026e-02,8.024257e-03,5.659148e-02
2.429966e-02,3.286952e-02,1.878601e-02,8.392009e-02,7.655731e-02,1.943210e-02,2.200746e-03,4.285784e-03,5.464324e-01,5.330256e-03,5.513983e-02,1.460665e-02,6.815697e-02,5.915906e-03,4.206675e-02
2.572818e-02,3.152633e-02,8.356315e-02,1.688184e-01,7.983863e-02,1.978211e-02,3.511443e-03,5.414117e-03,4.320818e-01,6.370236e-03,4.019340e-02,1.085337e-02,4.885777e-02,4.796472e-03,3.866468e-02
3.596187e-02,3.573459e-02,1.576549e-01,1.593346e-01,6.777557e-02,2.091766e-02,3.443805e-03,4.631104e-03,3.420954e-01,3.955218e-02,2.981316e-02,8.365223e-03,3.504393e-02,4.019174e-03,5.565677e-02
6.777024e-02,4.097893e-02,1.905701e-01,1.468568e-01,6.520737e-02,2.280885e-02,3.438802e-03,4.357905e-03,2.754336e-01,5.848755e-02,2.304774e-02,6.688208e-03,2.573289e-02,3.218705e-03,6.540220e-02
1.045016e-01,6.680428e-02,1.644678e-01,1.170148e-01,1.134044e-01,3.148681e-02,8.805149e-03,4.221771e-03,2.342722e-01,4.921939e-02,1.838402e-02,5.511102e-03,1.994464e-02,2.586271e-03,5.937591e-02
1.331598e-01,1.048721e-01,1.416744e-01,9.245933e-02,1.306994e-01,4.413666e-02,1.720959e-02,4.300053e-03,1.876743e-01,4.350607e-02,1.343859e-02,4.172966e-03,1.534961e-02,2.506941e-03,6.484021e-02
1.143490e-01,1.400155e-01,2.167839e-01,1.100859e-01,1.041863e-01,3.375378e-02,1.397287e-02,3.965601e-03,1.336776e-01,3.703732e-02,9.744057e-03,3.242665e-03,1.122588e-02,1.857051e-03,6.610256e-02
1.569064e-01,1.493223e-01,1.746360e-01,1.025646e-01,1.300385e-01,4.733506e-02,1.746842e-02,5.301785e-03,1.012063e-01,2.950016e-02,7.205308e-03,2.628064e-03,1.116098e-02,1.714947e-03,6.301130e-02
1.280965e-01,1.687013e-01,1.356471e-01,2.217556e-01,1.265122e-01,3.762673e-02,1.568671e-02,6.909214e-03,7.234654e-02,2.140891e-02,5.626285e-03,2.187801e-03,8.354444e-03,1.335804e-03,4.780477e-02
1.457375e-01,1.600386e-01,1.112773e-01,2.904543e-01,1.011187e-01,2.926856e-02,1.219509e-02,6.631518e-03,5.570243e-02,1.918654e-02,6.521630e-03,3.360974e-03,7.584763e-03,1.528139e-03,4.939388e-02
2.226933e-01,1.784481e-01,8.482936e-02,2.272888e-01,1.140307e-01,2.875234e-02,1.193109e-02,1.178695e-02,4.285926e-02,1.420381e-02,6.775714e-03,4.862525e-03,9.119309e-03,2.779274e-03,3.963952e-02
2.344830e-01,1.780174e-01,9.571415e-02,1.919433e-01,1.097948e-01,4.475729e-02,1.077326e-02,1.290341e-02,3.415949e-02,1.101161e-02,1.006256e-02,5.721406e-03,8.329544e-03,1.482693e-02,3.750192e-02
2.478643e-01,1.469364e-01,1.538805e-01,1.670275e-01,9.398282e-02,5.157068e-02,9.427750e-03,1.380565e-02,2.745954e-02,1.109789e-02,9.573386e-03,6.072836e-03,7.293704e-03,1.488131e-02,3.912577e-02
2.476748e-01,1.413502e-01,1.304187e-01,1.289930e-01,7.237855e-02,3.957874e-02,7.375871e-03,1.051055e-02,2.657282e-02,1.710248e-02,1.168625e-02,5.499500e-03,8.854371e-03,2.188198e-02,1.301222e-01
1.814024e-01,1.113619e-01,1.023228e-01,9.342505e-02,5.177768e-02,2.950163e-02,5.502791e-03,7.527255e-03,3.389853e-02,4.122173e-02,1.030223e-02,4.428904e-03,9.580999e-03,3.171469e-02,2.860315e-01
1.297216e-01,7.889761e-02,7.192208e-02,6.598368e-02,3.705742e-02,2.284076e-02,3.983095e-03,5.511071e-03,3.541059e-02,4.319464e-02,1.024901e-02,3.416242e-03,1.407646e-02,9.081069e-02,3.869250e-01
9.228233e-02,5.634711e-02,5.104036e-02,4.869840e-02,2.628432e-02,1.641576e-02,2.859322e-03,4.019009e-03,3.332574e-02,4.207134e-02,7.921300e-03,2.843701e-03,1.047492e-02,9.115180e-02,5.142646e-01
6.843062e-02,4.034067e-02,3.612829e-02,3.495999e-02,1.865319e-02,1.185673e-02,2.050591e-03,2.984614e-03,3.296083e-02,3.803478e-02,6.594247e-03,2.123019e-03,8.242319e-03,1.325162e-01,5.641239e-01
4.902638e-02,3.150431e-02,2.641940e-02,2.682064e-02,1.316685e-02,8.620211e-03,1.494240e-03,2.244838e-03,5.247266e-02,2.906279e-02,5.210561e-03,2.215175e-03,6.063276e-03,1.122206e-01,6.334581e-01
4.163721e-02,2.317650e-02,1.885500e-02,1.990371e-02,9.378040e-03,6.627579e-03,1.130796e-03,1.676697e-03,4.795372e-02,2.260749e-02,4.277279e-03,1.997106e-03,4.947872e-03,1.291553e-01,6.666757e-01
3.232226e-02,1.682525e-02,1.386313e-02,1.437108e-02,6.657308e-03,4.886689e-03,8.565143e-04,1.199733e-03,3.953201e-02,1.763721e-02,4.116253e-03,2.341017e-03,3.685264e-03,1.240909e-01,7.176154e-01
2.362986e-02,1.185232e-02,9.755315e-03,1.006921e-02,4.671154e-03,3.473370e-03,6.033602e-04,8.420232e-04,2.869210e-02,2.055533e-02,3.552713e-03,1.825711e-03,2.647663e-03,3.007956e-01,5.770343e-01
1.787096e-02,8.513810e-03,6.900141e-03,7.098693e-03,3.292362e-03,2.599249e-03,4.362627e-04,5.933549e-04,2.393959e-02,2.345636e-02,5.160949e-03,3.804342e-03,2.841058e-03,3.418440e-01,5.516489e-01
1.293424e-02,6.026521e-03,4.870073e-03,4.982326e-03,2.320186e-03,1.854766e-03,3.126044e-04,4.164397e-04,1.896397e-02,3.606733e-02,1.132457e-02,3.192328e-03,2.096216e-03,4.091441e-01,4.854944e-01
9.371052e-03,4.253029e-03,3.441233e-03,3.496764e-03,1.642473e-03,1.335043e-03,2.224179e-04,2.925884e-04,1.485224e-02,5.528060e-02,1.393440e-02,2.635682e-03,1.723194e-03,4.990750e-01,3.884443e-01
7.449964e-03,3.048294e-03,2.892164e-03,2.457289e-03,1.183536e-03,1.019428e-03,1.711072e-04,2.118198e-04,1.186868e-02,7.355748e-02,1.409211e-02,2.097558e-03,1.481744e-03,5.568379e-01,3.216309e-01
5.259995e-03,2.153934e-03,2.546606e-03,1.743100e-03,8.795792e-04,8.176662e-04,1.274926e-04,1.604408e-04,9.636537e-03,1.498378e-01,1.637455e-02,1.890561e-03,1.511049e-03,4.496029e-01,3.574578e-01
3.745432e-03,1.529444e-03,1.956759e-03,1.266572e-03,6.414240e-04,6.517714e-04,9.291653e-05,1.276379e-04,8.194515e-03,1.392516e-01,1.530759e-02,2.359962e-03,2.804737e-03,3.629217e-01,4.591479e-01
2.760152e-03,1.198972e-03,1.685259e-03,9.742125e-04,7.311978e-04,6.849983e-04,9.479414e-05,1.448206e-04,8.313907e-03,1.384897e-01,1.732845e-02,1.916904e-03,3.278397e-03,2.608336e-01,5.615646e-01
2.062869e-03,9.159714e-04,1.322653e-03,1.053411e-03,1.397201e-03,9.754837e-04,1.192781e-04,2.122692e-04,7.956001e-03,1.099295e-01,2.637797e-02,1.912910e-03,6.302457e-03,1.970103e-01,6.424516e-01
1.563655e-03,7.560218e-04,1.573519e-03,1.194963e-03,5.686326e-03,1.893005e-03,1.650035e-04,2.293727e-04,8.678954e-03,8.358212e-02,2.793051e-02,2.439030e-03,8.623857e-03,1.825945e-01,6.730892e-01
1.483547e-03,6.493422e-04,1.600880e-03,2.064416e-03,3.633736e-02,2.359269e-03,2.418164e-03,2.532872e-02,8.777756e-03,6.401021e-02,3.082074e-02,2.083809e-03,1.146366e-02,1.966935e-01,6.139086e-01
1.902320e-03,1.408980e-03,4.088567e-03,7.896240e-03,1.004011e-01,4.549186e-03,6.828043e-03,1.059102e-01,1.364357e-02,5.108917e-02,3.345081e-02,2.277870e-03,1.523302e-02,2.063727e-01,4.449483e-01
3.616562e-03,2.763796e-03,1.099087e-02,1.694113e-02,2.043898e-01,1.692475e-02,6.152655e-02,8.184612e-02,4.020938e-02,3.746810e-02,2.485934e-02,2.581501e-03,3.560475e-02,1.471727e-01,3.131047e-01
8.353151e-03,5.161939e-03,1.055467e-02,1.571538e-02,2.266303e-01,9.364168e-02,5.965518e-02,6.108108e-02,9.887192e-02,2.781195e-02,2.071210e-02,2.371835e-03,4.029294e-02,1.059206e-01,2.232253e-01
9.095935e-03,1.627525e-02,1.333091e-02,2.669840e-02,2.221135e-01,1.579468e-01,4.857044e-02,4.541829e-02,1.372433e-01,2.496343e-02,1.670451e-02,2.037152e-03,3.737454e-02,7.433596e-02,1.678916e-01
1.222158e-02,2.433637e-02,4.907370e-02,7.964621e-02,2.250913e-01,1.417601e-01,4.591141e-02,3.585662e-02,1.374556e-01,2.099178e-02,1.571152e-02,1.832098e-03,3.263764e-02,5.220849e-02,1.252656e-01
2.764354e-02,2.985920e-02,6.023272e-02,7.614443e-02,2.496141e-01,1.374578e-01,3.971527e-02,3.054513e-02,1.454959e-01,1.971735e-02,1.627332e-02,1.941476e-03,2.624666e-02,3.727394e-02,1.018391e-01
2.782242e-02,2.871344e-02,1.148556e-01,2.017643e-01,2.107084e-01,9.914289e-02,2.941916e-02,3.416068e-02,1.059381e-01,1.487051e-02,1.262057e-02,1.759536e-03,1.941511e-02,2.613949e-02,7.266979e-02
4.005807e-02,2.313113e-02,8.895669e-02,2.031327e-01,1.934799e-01,7.374346e-02,2.547915e-02,1.595971e-01,8.172655e-02,1.147347e-02,1.092665e-02,1.851829e-03,1.624100e-02,1.840190e-02,5.180038e-02
3.506363e-02,1.650033e-02,6.427918e-02,1.483337e-01,1.543858e-01,5.213416e-02,2.059665e-02,3.682570e-01,6.049308e-02,8.083298e-03,8.152340e-03,1.478016e-03,1.289230e-02,1.294343e-02,3.640708e-02
2.624472e-02,1.162035e-02,4.526293e-02,1.043109e-01,1.116523e-01,3.672837e-02,1.466478e-02,5.506519e-01,4.242876e-02,5.683539e-03,5.850788e-03,1.066232e-03,9.258871e-03,9.065328e-03,2.551026e-02
2.147539e-02,8.322879e-03,3.181852e-02,7.333433e-02,8.031423e-02,2.613868e-02,1.053671e-02,6.780439e-01,2.978973e-02,4.021382e-03,4.297842e-03,8.617283e-04,6.769924e-03,6.360374e-03,1.791438e-02
2.070257e-02,6.095910e-03,2.335140e-02,5.207186e-02,6.058625e-02,1.886803e-02,8.022952e-03,7.597390e-01,2.099659e-02,2.863436e-03,3.359490e-03,1.028608e-03,5.114069e-03,4.484418e-03,1.271533e-02
2.169794e-02,4.412889e-03,1.690371e-02,3.703200e-02,4.483998e-02,1.358785e-02,5.955695e-03,8.189819e-01,1.481768e-02,2.030046e-03,2.617453e-03,1.062331e-03,3.876541e-03,3.169483e-03,9.014429e-03
2.120907e-02,3.516383e-03,1.346443e-02,2.868545e-02,3.365900e-02,1.103445e-02,4.536742e-03,8.492570e-01,1.154160e-02,1.833863e-03,5.050010e-03,2.500558e-03,4.365616e-03,2.577445e-03,6.768387e-03
3.964990e-02,3.258643e-03,1.503087e-02,2.406830e-02,2.815543e-02,9.657532e-03,3.651188e-03,8.379632e-01,9.803050e-03,1.891789e-03,6.777554e-03,6.627698e-03,6.011656e-03,2.104392e-03,5.348769e-03
5.813875e-02,3.203668e-03,1.506307e-02,1.997515e-02,2.329049e-02,9.282607e-03,2.922856e-03,8.188671e-01,1.117274e-02,1.869455e-03,9.874688e-03,9.804334e-03,1.012929e-02,1.907937e-03,4.497824e-03
9.632376e-02,3.907239e-03,1.749162e-02,1.748452e-02,2.011411e-02,1.088442e-02,2.930543e-03,7.409137e-01,1.905368e-02,1.952942e-03,1.145045e-02,1.448024e-02,3.718632e-02,1.673729e-03,4.152692e-03
1.180068e-01,4.698821e-03,1.392865e-02,1.372470e-02,1.988482e-02,9.381686e-03,2.709481e-03,6.976622e-01,2.365654e-02,1.776156e-03,1.134942e-02,1.494041e-02,6.297556e-02,1.385621e-03,3.919143e-03
1.077488e-01,5.486833e-03,1.248788e-02,1.195858e-02,1.609746e-02,1.106054e-02,2.558754e-03,5.418705e-01,4.913197e-02,3.943029e-03,1.197553e-02,1.671658e-02,2.024006e-01,1.504005e-03,5.058954e-03
9.128011e-02,2.542902e-02,1.562770e-02,1.740714e-02,1.365305e-02,1.168739e-02,2.162315e-03,3.853679e-01,1.181360e-01,9.629085e-03,1.025026e-02,2.152618e-02,2.676101e-01,2.495419e-03,7.738316e-03
1.077313e-01,2.297647e-02,2.611824e-02,1.619130e-02,1.623262e-02,1.619133e-02,2.689784e-03,2.820368e-01,1.001955e-01,7.932259e-03,1.123340e-02,2.030730e-02,3.596019e-01,2.784828e-03,7.776936e-03
1.099182e-01,4.455481e-02,7.499133e-02,4.512610e-02,2.598670e-02,1.768713e-02,2.509557e-03,1.994499e-01,1.455242e-01,9.849310e-03,1.240167e-02,1.787986e-02,2.802118e-01,2.850130e-03,1.105926e-02
1.307587e-01,5.428092e-02,9.138913e-02,4.094303e-02,2.521383e-02,1.899759e-02,2.950028e-03,1.467963e-01,1.639858e-01,1.041309e-02,1.321115e-02,1.694673e-02,2.604137e-01,3.546496e-03,2.015353e-02
1.693332e-01,4.630214e-02,7.306346e-02,3.271733e-02,3.044865e-02,1.736087e-02,2.945679e-03,1.053069e-01,1.707354e-01,1.137424e-02,1.203810e-02,1.445318e-02,2.609651e-01,5.796473e-03,4.715938e-02
1.834711e-01,4.484069e-02,6.023021e-02,2.615516e-02,4.173312e-02,1.968558e-02,4.965810e-03,7.847469e-02,1.949610e-01,8.701452e-03,9.879477e-03,1.129351e-02,2.660254e-01,5.297808e-03,4.428515e-02
1.688377e-01,5.043914e-02,1.194740e-01,4.398969e-02,4.788480e-02,2.090579e-02,5.567939e-03,5.814026e-02,1.593914e-01,8.697221e-03,2.721169e-02,4.156625e-02,2.033651e-01,5.121279e-03,3.940786e-02
1.631320e-01,5.116989e-02,1.179215e-01,4.183700e-02,4.235083e-02,7.741889e-02,5.605232e-03,4.690752e-02,1.408831e-01,1.005244e-02,3.264018e-02,4.557107e-02,1.781885e-01,5.949299e-03,4.037253e-02
1.497151e-01,6.830168e-02,9.521791e-02,3.520844e-02,4.158469e-02,6.170378e-02,5.870742e-03,3.569615e-02,1.532265e-01,2.053950e-02,2.672708e-02,3.560105e-02,1.497685e-01,5.489205e-03,1.153498e-01
1.436231e-01,7.166677e-02,7.792332e-02,2.988163e-02,4.470493e-02,5.460811e-02,6.488022e-03,3.040165e-02,1.847934e-01,3.058930e-02,2.170599e-02,2.650487e-02,1.422015e-01,5.289792e-03,1.296176e-01
1.283325e-01,9.278423e-02,5.951281e-02,2.263981e-02,4.576511e-02,6.560495e-02,6.780486e-03,2.331335e-02,2.343612e-01,2.443424e-02,1.668077e-02,1.959422e-02,1.457199e-01,5.111269e-03,1.093651e-01
1.313471e-01,1.016344e-01,5.024108e-02,1.843133e-02,5.552379e-02,5.752115e-02,8.779574e-03,1.957425e-02,2.588502e-01,1.960262e-02,1.244171e-02,1.449926e-02,1.398557e-01,5.197710e-03,1.065000e-01
1.276255e-01,1.049824e-01,3.764943e-02,1.630152e-02,1.084903e-01,4.621081e-02,1.280748e-02,2.144633e-02,2.803392e-01,1.412517e-02,9.568124e-03,1.060147e-02,1.097083e-01,4.832108e-03,9.531178e-02
1.413783e-01,9.026349e-02,2.935837e-02,4.195288e-02,1.809396e-01,3.760288e-02,1.267394e-02,2.972605e-02,2.510434e-01,1.096484e-02,8.828860e-03,8.839749e-03,8.063089e-02,4.255616e-03,7.154119e-02
2.242616e-01,6.915789e-02,4.724856e-02,5.177944e-02,1.490135e-01,3.321998e-02,1.169979e-02,4.623125e-02,1.988755e-01,1.024348e-02,1.134296e-02,2.363863e-02,6.397417e-02,4.186702e-03,5.512658e-02
2.804735e-01,5.014479e-02,3.828144e-02,3.928931e-02,1.223946e-01,2.576019e-02,1.195384e-02,1.525149e-01,1.472818e-01,8.536518e-03,9.881825e-03,1.931443e-02,5.132870e-02,3.230243e-03,3.961401e-02
2.784921e-01,3.576917e-02,2.909789e-02,2.907337e-02,9.895875e-02,2.021211e-02,1.114208e-02,2.929394e-01,1.073222e-01,6.421385e-03,7.847713e-03,1.495617e-02,3.735377e-02,2.317879e-03,2.809597e-02
2.168852e-01,2.552354e-02,2.268453e-02,2.156682e-02,7.607304e-02,1.668601e-02,1.830620e-02,4.560256e-01,7.555535e-02,4.688231e-03,5.836213e-03,1.105230e-02,2.730902e-02,1.676638e-03,2.013136e-02
1.726601e-01,1.808973e-02,1.678245e-02,1.572721e-02,5.640757e-02,1.350396e-02,2.687962e-02,5.753436e-01,5.344401e-02,3.366777e-03,4.165982e-03,7.881671e-03,2.021851e-02,1.195288e-03,1.433354e-02
1.642000e-01,1.300057e-02,1.255524e-02,1.239986e-02,4.222190e-02,1.630848e-02,2.385757e-02,6.342993e-01,3.795157e-02,2.690211e-03,4.246248e-03,9.258104e-03,1.551991e-02,1.110704e-03,1.038031e-02
1.331517e-01,9.831797e-03,1.061054e-02,1.926871e-02,3.811979e-02,2.614976e-02,1.963843e-02,6.258117e-01,3.274111e-02,3.925461e-03,1.936928e-02,1.369931e-02,3.711785e-02,1.207780e-03,9.356726e-03
1.261753e-01,9.523191e-03,8.581162e-03,1.875179e-02,3.064248e-02,2.424915e-02,1.578794e-02,6.088290e-01,3.644020e-02,4.320499e-03,3.929878e-02,1.883965e-02,4.764935e-02,1.379436e-03,9.532008e-03
1.064514e-01,1.354928e-02,2.197162e-02,4.979065e-02,2.422045e-02,2.535060e-02,1.510175e-02,5.114707e-01,6.419809e-02,1.589965e-02,3.746146e-02,2.660022e-02,7.010301e-02,3.760339e-03,1.407068e-02
9.469084e-02,1.687329e-02,1.837013e-02,5.108750e-02,1.800169e-02,2.319459e-02,1.376877e-02,3.708290e-01,6.172981e-02,1.384895e-02,5.928953e-02,3.933465e-02,1.890991e-01,4.309903e-03,2.557227e-02
8.276431e-02,1.409919e-02,1.454051e-02,4.695697e-02,1.332724e-02,2.604851e-02,1.285705e-02,2.653018e-01,5.090864e-02,1.046648e-02,5.322164e-02,3.880331e-02,3.439199e-01,3.524108e-03,2.326029e-02
1.170614e-01,1.388204e-02,1.508695e-02,4.082093e-02,1.060431e-02,2.844285e-02,1.072879e-02,1.877695e-01,5.942576e-02,8.731699e-03,4.481059e-02,3.470897e-02,3.889723e-01,1.245432e-02,2.649957e-02
1.024598e-01,1.171421e-02,1.151801e-02,3.351906e-02,8.461995e-03,2.432592e-02,8.427819e-03,1.322139e-01,5.096237e-02,6.979493e-03,3.964642e-02,4.334445e-02,4.816765e-01,2.068910e-02,2.406095e-02
7.558281e-02,9.074032e-03,8.834436e-03,2.407413e-02,7.002432e-03,2.040925e-02,6.128694e-03,9.290493e-02,4.129459e-02,5.641708e-03,3.431790e-02,1.504326e-01,4.878451e-01,1.534329e-02,2.111408e-02
5.391231e-02,7.066119e-03,7.007787e-03,1.705033e-02,5.401545e-03,1.531078e-02,4.657062e-03,6.528968e-02,3.331948e-02,4.712955e-03,2.642752e-02,1.690357e-01,5.495288e-01,1.126563e-02,3.001427e-02
3.851221e-02,7.506207e-03,8.361694e-03,1.211680e-02,4.521298e-03,1.263206e-02,4.839449e-03,4.596572e-02,2.705407e-02,4.433915e-03,2.052953e-02,1.806893e-01,5.558224e-01,8.229454e-03,6.878595e-02
2.788057e-02,5.899185e-03,6.906059e-03,8.715359e-03,7.275038e-03,1.101366e-02,4.127289e-03,3.248876e-02,2.862710e-02,4.497240e-03,1.637974e-02,1.653477e-01,6.149381e-01,6.758492e-03,5.914569e-02
2.028432e-02,4.698254e-03,5.404295e-03,6.383731e-03,7.256451e-03,1.084230e-02,3.458880e-03,2.310937e-02,2.444504e-02,4.116415e-03,1.476160e-02,1.926516e-01,6.244867e-01,5.356288e-03,5.274477e-02
1.516849e-02,1.545115e-02,3.673923e-02,5.387860e-03,1.347556e-02,8.133664e-03,2.863320e-03,1.758961e-02,2.444757e-02,5.066870e-03,1.419382e-02,2.620685e-01,5.303341e-01,4.071067e-03,4.500928e-02
1.106959e-02,2.571283e-02,8.199117e-02,4.459156e-03,1.233255e-02,6.419698e-03,3.377141e-03,1.580887e-02,2.314349e-02,1.235313e-02,1.300049e-02,2.215549e-01,5.274588e-01,3.171777e-03,3.814632e-02
8.800190e-03,1.872760e-02,1.268985e-01,4.348140e-03,1.184765e-02,5.764791e-03,3.863907e-03,1.846911e-02,1.849686e-02,3.682603e-02,1.150407e-02,1.758106e-01,5.182005e-01,2.955159e-03,3.748697e-02
6.706271e-03,1.337476e-02,9.220204e-02,4.433983e-03,9.408854e-03,6.370733e-03,3.178045e-03,1.421676e-02,1.616409e-02,1.588233e-01,1.144653e-02,1.368124e-01,4.766856e-01,2.603161e-03,4.757351e-02
5.014151e-03,9.697000e-03,7.016739e-02,4.330381e-03,7.938100e-03,5.180540e-03,3.363367e-03,1.227228e-02,1.341290e-02,2.816124e-01,1.171995e-02,1.177233e-01,3.859209e-01,2.120364e-03,6.952696e-02
3.834857e-03,7.091352e-03,6.467026e-02,4.829645e-03,7.559313e-03,4.012288e-03,3.063393e-03,9.051650e-02,1.266699e-02,2.780077e-01,9.998340e-03,1.036872e-01,3.341269e-01,1.957302e-03,7.397797e-02
2.867144e-03,5.327632e-03,4.811881e-02,4.864229e-03,6.763519e-03,3.246100e-03,2.698547e-03,7.903956e-02,1.223656e-02,3.951580e-01,8.222832e-03,7.835667e-02,2.696817e-01,1.563797e-03,8.185494e-02
2.282840e-03,4.084027e-03,3.881614e-02,4.387605e-03,7.091331e-03,2.827554e-03,2.602075e-03,8.926965e-02,1.427604e-02,4.919377e-01,8.126806e-03,5.922335e-02,2.041149e-01,1.220956e-03,6.973904e-02
2.003208e-03,3.505836e-03,3.098706e-02,5.959844e-03,8.778508e-03,2.559581e-03,4.049350e-03,1.594296e-01,2.070870e-02,4.964485e-01,7.237276e-03,4.256273e-02,1.467361e-01,9.055450e-04,6.812809e-02
2.254327e-03,3.034528e-03,2.358998e-02,8.887029e-03,8.900304e-03,3.177058e-03,3.852864e-03,1.824756e-01,2.393897e-02,5.308670e-01,7.114605e-03,3.143360e-02,1.048867e-01,7.260491e-04,6.486133e-02
5.389127e-03,3.853256e-03,1.937497e-02,1.139930e-02,1.728221e-02,6.447808e-03,6.076314e-03,2.425444e-01,4.424132e-02,4.758539e-01,6.489052e-03,2.380452e-02,8.024469e-02,6.218817e-04,5.637723e-02
1.031349e-02,4.389643e-03,1.776209e-02,1.804045e-02,1.930608e-02,6.960109e-03,6.531776e-03,3.130170e-01,4.041297e-02,4.178452e-01,5.812624e-03,1.880618e-02,5.962349e-02,5.925713e-04,6.058624e-02
