1.000000e+00,0.000000e+00,0.000000e+00,0.000000e+00,0.000000e+00,0.000000e+00,0.000000e+00,0.000000e+00,0.000000e+00,0.000000e+00,0.000000e+00,0.000000e+00,0.000000e+00,0.000000e+00,0.000000e+00
1.000000e+00,0.000000e+00,0.000000e+00,0.000000e+00,0.000000e+00,0.000000e+00,0.000000e+00,0.000000e+00,0.000000e+00,0.000000e+00,0.000000e+00,0.000000e+00,0.000000e+00,0.000000e+00,0.000000e+00
1.000000e+00,0.000000e+00,0.000000e+00,0.000000e+00,0.000000e+00,0.000000e+00,0.000000e+00,0.000000e+00,0.000000e+00,0.000000e+00,0.000000e+00,0.000000e+00,0.000000e+00,0.000000e+00,0.000000e+00
1.000000e+00,0.000000e+00,0.000000e+00,0.000000e+00,0.000000e+00,0.000000e+00,0.000000e+00,0.000000e+00,0.000000e+00,0.000000e+00,0.000000e+00,0.000000e+00,0.000000e+00,0.000000e+00,0.000000e+00
1.000000e+00,0.000000e+00,0.000000e+00,0.000000e+00,0.000000e+00,0.000000e+00,0.000000e+00,0.000000e+00,0.000000e+00,0.000000e+00,0.000000e+00,0.000000e+00,0.000000e+00,0.000000e+00,0.000000e+00
1.000000e+00,0.000000e+00,0.000000e+00,0.000000e+00,0.000000e+00,0.000000e+00,0.000000e+00,0.000000e+00,0.000000e+00,0.000000e+00,0.000000e+00,0.000000e+00,0.000000e+00,0.000000e+00,0.000000e+00
1.000000e+00,0.000000e+00,0.000000e+00,0.000000e+00,0.000000e+00,0.000000e+00,0.000000e+00,0.000000e+00,0.000000e+00,0.000000e+00,0.000000e+00,0.000000e+00,0.000000e+00,0.000000e+00,0.000000e+00
1.000000e+00,0.000000e+00,0.000000e+00,0.000000e+00,0.000000e+00,0.000000e+00,0.000000e+00,0.000000e+00,0.000000e+00,0.000000e+00,0.000000e+00,0.000000e+00,0.000000e+00,0.000000e+00,0.000000e+00
1.000000e+00,0.000000e+00,0.000000e+00,0.000000e+00,0.000000e+00,0.000000e+00,0.000000e+00,0.000000e+00,0.000000e+00,0.000000e+00,0.000000e+00,0.000000e+00,0.000000e+00,0.000000e+00,0.000000e+00
1.000000e+00,0.000000e+00,0.000000e+00,0.000000e+00,0.000000e+00,0.000000e+00,0.000000e+00,0.000000e+00,0.000000e+00,0.000000e+00,0.000000e+00,0.000000e+00,0.000000e+00,0.000000e+00,0.000000e+00
1.000000e+00,0.000000e+00,0.000000e+00,0.000000e+00,0.000000e+00,0.000000e+00,0.000000e+00,0.000000e+00,0.000000e+00,0.000000e+00,0.000000e+00,0.000000e+00,0.000000e+00,0.000000e+00,0.000000e+00
1.000000e+00,0.000000e+00,0.000000e+00,0.000000e+00,0.000000e+00,0.000000e+00,0.000000e+00,0.000000e+00,0.000000e+00,0.000000e+00,0.000000e+00,0.000000e+00,0.000000e+00,0.000000e+00,0.000000e+00
1.000000e+00,0.000000e+00,0.000000e+00,0.000000e+00,0.000000e+00,0.000000e+00,0.000000e+00,0.000000e+00,0.000000e+00,0.000000e+00,0.000000e+00,0.000000e+00,0.000000e+00,0.000000e+00,0.000000e+00
1.000000e+00,0.000000e+00,0.000000e+00,0.000000e+00,0.000000e+00,0.000000e+00,0.000000e+00,0.000000e+00,0.000000e+00,0.000000e+00,0.000000e+00,0.000000e+00,0.000000e+00,0.000000e+00,0.000000e+00
1.000000e+00,0.000000e+00,0.000000e+00,0.000000e+00,0.000000e+00,0.000000e+00,0.000000e+00,0.000000e+00,0.000000e+00,0.000000e+00,0.000000e+00,0.000000e+00,0.000000e+00,0.000000e+00,0.000000e+00
1.000000e+00,0.000000e+00,0.000000e+00,0.000000e+00,0.000000e+00,0.000000e+00,0.000000e+00,0.000000e+00,0.000000e+00,0.000000e+00,0.000000e+00,0.000000e+00,0.000000e+00,0.000000e+00,0.000000e+00
1.000000e+00,0.000000e+00,0.000000e+00,0.000000e+00,0.000000e+00,0.000000e+00,0.000000e+00,0.000000e+00,0.000000e+00,0.000000e+00,0.000000e+00,0.000000e+00,0.000000e+00,0.000000e+00,0.000000e+00
1.000000e+00,0.000000e+00,0.000000e+00,0.000000e+00,0.000000e+00,0.000000e+00,0.000000e+00,0.000000e+00,0.000000e+00,0.000000e+00,0.000000e+00,0.000000e+00,0.000000e+00,0.000000e+00,0.000000e+00
1.000000e+00,0.000000e+00,0.000000e+00,0.000000e+00,0.000000e+00,0.000000e+00,0.000000e+00,0.000000e+00,0.000000e+00,0.000000e+00,0.000000e+00,0.000000e+00,0.000000e+00,0.000000e+00,0.000000e+00
1.000000e+00,0.000000e+00,0.000000e+00,0.000000e+00,0.000000e+00,0.000000e+00,0.000000e+00,0.000000e+00,0.000000e+00,0.000000e+00,0.000000e+00,0.000000e+00,0.000000e+00,0.000000e+00,0.000000e+00
1.000000e+00,0.000000e+00,0.000000e+00,0.000000e+00,0.000000e+00,0.000000e+00,0.000000e+00,0.000000e+00,0.000000e+00,0.000000e+00,0.000000e+00,0.000000e+00,0.000000e+00,0.000000e+00,0.000000e+00
1.000000e+00,0.000000e+00,0.000000e+00,0.000000e+00,0.000000e+00,0.000000e+00,0.000000e+00,0.000000e+00,0.000000e+00,0.000000e+00,0.000000e+00,0.000000e+00,0.000000e+00,0.000000e+00,0.000000e+00
1.000000e+00,0.000000e+00,0.000000e+00,0.000000e+00,0.000000e+00,0.000000e+00,0.000000e+00,0.000000e+00,0.000000e+00,0.000000e+00,0.000000e+00,0.000000e+00,0.000000e+00,0.000000e+00,0.000000e+00
1.000000e+00,0.000000e+00,0.000000e+00,0.000000e+00,0.000000e+00,0.000000e+00,0.000000e+00,0.000000e+00,0.000000e+00,0.000000e+00,0.000000e+00,0.000000e+00,0.000000e+00,0.000000e+00,0.000000e+00
1.000000e+00,0.000000e+00,0.000000e+00,0.000000e+00,0.000000e+00,0.000000e+00,0.000000e+00,0.000000e+00,0.000000e+00,0.000000e+00,0.000000e+00,0.000000e+00,0.000000e+00,0.000000e+00,0.000000e+00
1.000000e+00,0.000000e+00,0.000000e+00,0.000000e+00,0.000000e+00,0.000000e+00,0.000000e+00,0.000000e+00,0.000000e+00,0.000000e+00,0.000000e+00,0.000000e+00,0.000000e+00,0.000000e+00,0.000000e+00
1.000000e+00,0.000000e+00,0.000000e+00,0.000000e+00,0.000000e+00,0.000000e+00,0.000000e+00,0.000000e+00,0.000000e+00,0.000000e+00,0.000000e+00,0.000000e+00,0.000000e+00,0.000000e+00,0.000000e+00
1.000000e+00,0.000000e+00,0.000000e+00,0.000000e+00,0.000000e+00,0.000000e+00,0.000000e+00,0.000000e+00,0.000000e+00,0.000000e+00,0.000000e+00,0.000000e+00,0.000000e+00,0.000000e+00,0.000000e+00
1.000000e+00,0.000000e+00,0.000000e+00,0.000000e+00,0.000000e+00,0.000000e+00,0.000000e+00,0.000000e+00,0.000000e+00,0.000000e+00,0.000000e+00,0.000000e+00,0.000000e+00,0.000000e+00,0.000000e+00
1.000000e+00,0.000000e+00,0.000000e+00,0.000000e+00,0.000000e+00,0.000000e+00,0.000000e+00,0.000000e+00,0.000000e+00,0.000000e+00,0.000000e+00,0.000000e+00,0.000000e+00,0.000000e+00,0.000000e+00
1.000000e+00,0.000000e+00,0.000000e+00,0.000000e+00,0.000000e+00,0.000000e+00,0.000000e+00,0.000000e+00,0.000000e+00,0.000000e+00,0.000000e+00,0.000000e+00,0.000000e+00,0.000000e+00,0.000000e+00
1.000000e+00,0.000000e+00,0.000000e+00,0.000000e+00,0.000000e+00,0.000000e+00,0.000000e+00,0.000000e+00,0.000000e+00,0.000000e+00,0.000000e+00,0.000000e+00,0.000000e+00,0.000000e+00,0.000000e+00
1.000000e+00,0.000000e+00,0.000000e+00,0.000000e+00,0.000000e+00,0.000000e+00,0.000000e+00,0.000000e+00,0.000000e+00,0.000000e+00,0.000000e+00,0.000000e+00,0.000000e+00,0.000000e+00,0.000000e+00
1.000000e+00,0.000000e+00,0.000000e+00,0.000000e+00,0.000000e+00,0.000000e+00,0.000000e+00,0.000000e+00,0.000000e+00,0.000000e+00,0.000000e+00,0.000000e+00,0.000000e+00,0.000000e+00,0.000000e+00
1.000000e+00,0.000000e+00,0.000000e+00,0.000000e+00,0.000000e+00,0.000000e+00,0.000000e+00,0.000000e+00,0.000000e+00,0.000000e+00,0.000000e+00,0.000000e+00,0.000000e+00,0.000000e+00,0.000000e+00
1.000000e+00,0.000000e+00,0.000000e+00,0.000000e+00,0.000000e+00,0.000000e+00,0.000000e+00,0.000000e+00,0.000000e+00,0.000000e+00,0.000000e+00,0.000000e+00,0.000000e+00,0.000000e+00,0.000000e+00
1.000000e+00,0.000000e+00,0.000000e+00,0.000000e+00,0.000000e+00,0.000000e+00,0.000000e+00,0.000000e+00,0.000000e+00,0.000000e+00,0.000000e+00,0.000000e+00,0.000000e+00,0.000000e+00,0.000000e+00
1.000000e+00,0.000000e+00,0.000000e+00,0.000000e+00,0.000000e+00,0.000000e+00,0.000000e+00,0.000000e+00,0.000000e+00,0.000000e+00,0.000000e+00,0.000000e+00,0.000000e+00,0.000000e+00,0.000000e+00
1.000000e+00,0.000000e+00,0.000000e+00,0.000000e+00,0.000000e+00,0.000000e+00,0.000000e+00,0.000000e+00,0.000000e+00,0.000000e+00,0.000000e+00,0.000000e+00,0.000000e+00,0.000000e+00,0.000000e+00
1.000000e+00,0.000000e+00,0.000000e+00,0.000000e+00,0.000000e+00,0.000000e+00,0.000000e+00,0.000000e+00,0.000000e+00,0.000000e+00,0.000000e+00,0.000000e+00,0.000000e+00,0.000000e+00,0.000000e+00
1.000000e+00,0.000000e+00,0.000000e+00,0.000000e+00,0.000000e+00,0.000000e+00,0.000000e+00,0.000000e+00,0.000000e+00,0.000000e+00,0.000000e+00,0.000000e+00,0.000000e+00,0.000000e+00,0.000000e+00
1.000000e+00,0.000000e+00,0.000000e+00,0.000000e+00,0.000000e+00,0.000000e+00,0.000000e+00,0.000000e+00,0.000000e+00,0.000000e+00,0.000000e+00,0.000000e+00,0.000000e+00,0.000000e+00,0.000000e+00
1.000000e+00,0.000000e+00,0.000000e+00,0.000000e+00,0.000000e+00,0.000000e+00,0.000000e+00,0.000000e+00,0.000000e+00,0.000000e+00,0.000000e+00,0.000000e+00,0.000000e+00,0.000000e+00,0.000000e+00
1.000000e+00,0.000000e+00,0.000000e+00,0.000000e+00,0.000000e+00,0.000000e+00,0.000000e+00,0.000000e+00,0.000000e+00,0.000000e+00,0.000000e+00,0.000000e+00,0.000000e+00,0.000000e+00,0.000000e+00
1.000000e+00,0.000000e+00,0.000000e+00,0.000000e+00,0.000000e+00,0.000000e+00,0.000000e+00,0.000000e+00,0.000000e+00,0.000000e+00,0.000000e+00,0.000000e+00,0.000000e+00,0.000000e+00,0.000000e+00
1.000000e+00,0.000000e+00,0.000000e+00,0.000000e+00,0.000000e+00,0.000000e+00,0.000000e+00,0.000000e+00,0.000000e+00,0.000000e+00,0.000000e+00,0.000000e+00,0.000000e+00,0.000000e+00,0.000000e+00
1.000000e+00,0.000000e+00,0.000000e+00,0.000000e+00,0.000000e+00,0.000000e+00,0.000000e+00,0.000000e+00,0.000000e+00,0.000000e+00,0.000000e+00,0.000000e+00,0.000000e+00,0.000000e+00,0.000000e+00
1.000000e+00,0.000000e+00,0.000000e+00,0.000000e+00,0.000000e+00,0.000000e+00,0.000000e+00,0.000000e+00,0.000000e+00,0.000000e+00,0.000000e+00,0.000000e+00,0.000000e+00,0.000000e+00,0.000000e+00
1.000000e+00,0.000000e+00,0.000000e+00,0.000000e+00,0.000000e+00,0.000000e+00,0.000000e+00,0.000000e+00,0.000000e+00,0.000000e+00,0.000000e+00,0.000000e+00,0.000000e+00,0.000000e+00,0.000000e+00
1.000000e+00,0.000000e+00,0.000000e+00,0.000000e+00,0.000000e+00,0.000000e+00,0.000000e+00,0.000000e+00,0.000000e+00,0.000000e+00,0.000000e+00,0.000000e+00,0.000000e+00,0.000000e+00,0.000000e+00
1.000000e+00,0.000000e+00,0.000000e+00,0.000000e+00,0.000000e+00,0.000000e+00,0.000000e+00,0.000000e+00,0.000000e+00,0.000000e+00,0.000000e+00,0.000000e+00,0.000000e+00,0.000000e+00,0.000000e+00
1.000000e+00,0.000000e+00,0.000000e+00,0.000000e+00,0.000000e+00,0.000000e+00,0.000000e+00,0.000000e+00,0.000000e+00,0.000000e+00,0.000000e+00,0.000000e+00,0.000000e+00,0.000000e+00,0.000000e+00
1.000000e+00,0.000000e+00,0.000000e+00,0.000000e+00,0.000000e+00,0.000000e+00,0.000000e+00,0.000000e+00,0.000000e+00,0.000000e+00,0.000000e+00,0.000000e+00,0.000000e+00,0.000000e+00,0.000000e+00
1.000000e+00,0.000000e+00,0.000000e+00,0.000000e+00,0.000000e+00,0.000000e+00,0.000000e+00,0.000000e+00,0.000000e+00,0.000000e+00,0.000000e+00,0.000000e+00,0.000000e+00,0.000000e+00,0.000000e+00
1.000000e+00,0.000000e+00,0.000000e+00,0.000000e+00,0.000000e+00,0.000000e+00,0.000000e+00,0.000000e+00,0.000000e+00,0.000000e+00,0.000000e+00,0.000000e+00,0.000000e+00,0.000000e+00,0.000000e+00
1.000000e+00,0.000000e+00,0.000000e+00,0.000000e+00,0.000000e+00,0.000000e+00,0.000000e+00,0.000000e+00,0.000000e+00,0.000000e+00,0.000000e+00,0.000000e+00,0.000000e+00,0.000000e+00,0.000000e+00
3.864622e-01,2.608550e-02,3.644782e-02,3.706115e-01,7.135531e-03,1.020489e-02,4.042634e-03,7.410647e-03,2.541629e-02,1.493038e-02,5.256628e-03,1.446002e-02,1.909274e-02,1.115658e-03,7.132760e-02
3.144515e-01,6.888142e-02,4.878005e-02,3.733103e-01,2.245821e-02,1.626565e-02,1.148311e-02,5.406803e-03,2.336977e-02,1.295744e-02,5.134143e-03,1.105976e-02,1.710848e-02,1.157992e-03,6.817532e-02
2.206316e-01,6.148750e-02,5.341248e-02,5.172805e-01,1.650282e-02,1.175534e-02,8.261681e-03,3.796075e-03,1.688350e-02,1.071702e-02,3.835519e-03,7.793245e-03,1.206950e-02,8.233329e-04,5.474990e-02
1.544604e-01,4.333288e-02,5.187289e-02,6.321384e-01,1.165693e-02,8.324360e-03,5.878247e-03,2.675663e-03,1.247243e-02,1.005440e-02,8.167173e-03,5.563917e-03,8.781751e-03,5.892938e-04,4.403127e-02
1.081536e-01,3.153159e-02,5.172923e-02,6.673295e-01,8.286381e-03,5.963624e-03,4.194801e-03,1.894675e-03,1.576216e-02,1.591487e-02,2.211904e-02,4.494768e-03,6.977261e-03,5.295539e-04,5.511901e-02
7.600988e-02,2.402380e-02,3.918619e-02,6.369468e-01,5.938143e-03,4.438655e-03,3.117649e-03,1.362471e-03,1.681825e-02,1.947703e-02,9.628884e-02,4.812049e-03,1.336511e-02,5.796949e-04,5.763543e-02
5.345311e-02,1.891211e-02,2.782751e-02,4.916592e-01,4.569796e-03,4.500665e-03,2.562579e-03,1.028138e-03,1.751764e-02,3.476477e-02,1.148249e-01,9.276988e-03,1.410182e-01,9.168942e-04,7.716747e-02
3.770772e-02,1.518999e-02,2.029147e-02,4.103098e-01,4.206305e-03,3.931471e-03,2.083599e-03,7.394217e-04,7.543051e-02,5.091878e-02,9.015425e-02,9.702140e-03,1.916215e-01,5.335551e-03,8.237760e-02
2.785096e-02,1.222117e-02,1.498288e-02,2.893679e-01,5.308304e-03,4.492832e-03,3.040143e-03,5.611168e-04,6.628907e-02,5.829267e-02,8.636241e-02,8.375316e-03,1.527855e-01,1.296846e-01,1.403851e-01
2.051948e-02,1.850039e-02,1.183959e-02,2.035076e-01,4.181938e-03,6.116217e-03,2.196518e-03,4.154040e-04,7.665278e-02,6.214444e-02,6.796645e-02,7.115978e-03,1.092601e-01,2.123550e-01,1.972281e-01
1.516289e-02,1.957907e-02,1.138513e-02,1.434426e-01,3.395432e-03,1.483435e-02,1.632999e-03,4.013458e-04,1.134763e-01,8.106574e-02,6.339390e-02,9.034799e-03,8.499308e-02,1.783531e-01,2.598493e-01
1.194538e-02,1.854550e-02,8.616838e-03,1.010962e-01,2.708445e-03,1.193526e-02,1.225170e-03,3.607899e-04,1.011945e-01,7.858726e-02,6.043239e-02,7.417169e-03,6.095961e-02,1.505379e-01,3.844376e-01
9.376912e-03,1.950696e-02,6.866367e-03,7.099550e-02,2.556303e-03,1.269278e-02,9.045996e-04,3.306477e-04,1.012040e-01,7.670890e-02,5.123354e-02,5.589573e-03,4.517745e-02,1.292131e-01,4.676434e-01
8.557612e-03,1.768939e-02,5.986527e-03,5.085644e-02,2.032936e-03,1.256132e-02,7.408237e-04,2.979896e-04,9.938405e-02,6.123110e-02,4.207219e-02,4.638505e-03,3.300139e-02,1.290510e-01,5.318987e-01
7.817931e-03,1.364865e-02,4.510160e-03,3.563511e-02,1.632295e-03,1.131949e-02,5.460143e-04,2.202166e-04,7.712758e-02,4.396551e-02,3.379803e-02,3.414753e-03,2.421092e-02,1.822887e-01,5.598646e-01
8.379295e-03,1.312634e-02,4.131749e-03,2.639679e-02,1.331564e-03,1.244168e-02,4.350272e-04,1.750551e-04,9.513204e-02,3.398405e-02,2.701584e-02,2.810616e-03,1.818035e-02,1.532867e-01,6.031729e-01
1.328685e-02,1.653334e-02,1.037155e-02,1.910781e-02,1.218696e-03,1.772565e-02,4.019683e-04,2.377901e-04,7.637814e-02,2.484060e-02,2.864259e-02,2.558631e-03,1.422308e-02,1.710239e-01,6.034493e-01
2.965895e-02,2.632194e-02,1.845134e-02,1.377940e-02,1.131069e-03,2.040200e-02,3.527278e-04,3.064828e-04,6.924013e-02,2.194325e-02,3.305022e-02,2.375828e-03,1.102508e-02,2.198583e-01,5.321033e-01
2.878352e-02,2.226261e-02,4.288963e-02,9.915953e-03,1.025480e-03,1.808266e-02,3.030150e-04,5.389057e-04,5.967625e-02,2.164521e-02,3.196200e-02,2.358668e-03,1.347151e-02,2.793025e-01,4.677821e-01
2.723241e-02,1.795728e-02,4.952036e-02,7.162467e-03,1.376459e-03,1.328243e-02,2.896793e-04,8.031887e-04,5.884370e-02,6.149625e-02,2.780137e-02,1.884501e-03,1.009582e-02,2.639275e-01,4.583267e-01
2.510956e-02,1.443408e-02,3.928142e-02,5.095736e-03,1.162694e-03,9.593335e-03,2.318163e-04,6.254149e-04,5.287462e-02,8.883253e-02,2.114291e-02,1.395933e-03,7.536620e-03,3.018724e-01,4.308110e-01
1.937865e-02,1.123247e-02,3.263256e-02,3.644057e-03,1.029217e-03,6.994965e-03,1.729313e-04,5.334788e-04,7.171077e-02,9.311985e-02,1.623574e-02,1.053784e-03,5.609440e-03,3.380031e-01,3.986491e-01
1.553399e-02,1.206294e-02,2.919955e-02,2.604767e-03,1.298612e-03,6.567038e-03,1.378707e-04,6.849766e-04,9.696425e-02,1.485752e-01,1.353524e-02,8.224230e-04,4.420054e-03,2.992592e-01,3.683339e-01
1.186544e-02,1.297019e-02,2.648621e-02,2.814317e-03,1.809614e-03,5.299595e-03,1.561245e-04,1.184762e-03,1.194737e-01,2.180580e-01,1.821512e-02,1.894067e-03,1.048824e-02,2.261783e-01,3.431064e-01
9.704983e-03,1.501280e-02,2.107871e-02,3.293815e-03,2.610412e-03,5.060796e-03,2.144024e-04,3.352519e-03,1.738063e-01,2.332655e-01,3.322834e-02,3.519366e-03,3.089645e-02,1.838223e-01,2.811334e-01
9.715524e-03,2.434249e-02,1.905844e-02,4.166263e-03,7.557232e-03,4.835913e-03,3.270934e-04,4.961168e-03,1.810164e-01,2.563564e-01,4.583587e-02,5.010508e-03,3.498296e-02,1.539830e-01,2.478508e-01
1.063338e-02,3.841454e-02,1.960597e-02,6.111825e-03,9.493323e-03,5.590146e-03,1.122555e-03,2.614610e-02,1.798060e-01,2.547396e-01,4.776388e-02,8.539431e-03,5.953369e-02,1.315733e-01,2.009263e-01
2.156732e-02,3.544514e-02,1.562954e-02,5.658067e-03,1.138488e-02,7.137438e-03,1.234171e-03,3.665055e-02,2.336017e-01,2.272123e-01,3.779227e-02,1.629421e-02,9.400530e-02,9.807239e-02,1.583147e-01
2.167547e-02,2.957893e-02,1.173218e-02,4.648144e-03,1.093850e-02,1.204024e-02,1.258043e-03,2.912375e-02,1.811222e-01,2.063576e-01,2.881804e-02,2.329772e-02,2.408995e-01,7.218000e-02,1.263295e-01
1.818200e-02,2.466408e-02,9.766540e-03,5.665300e-03,1.201596e-02,1.751061e-02,1.371892e-03,2.998178e-02,1.516394e-01,1.557817e-01,2.445160e-02,3.395238e-02,3.612625e-01,5.409713e-02,9.965704e-02
1.435947e-02,2.054594e-02,7.295562e-03,6.353643e-03,1.128034e-02,2.872653e-02,1.258266e-03,2.680879e-02,1.250753e-01,1.188349e-01,2.777869e-02,4.154142e-02,4.489392e-01,3.998537e-02,8.121660e-02
1.088913e-02,2.388105e-02,6.271243e-03,5.361177e-03,1.112595e-02,3.042431e-02,1.224044e-03,2.112559e-02,1.038286e-01,1.115121e-01,3.554957e-02,5.036472e-02,4.789828e-01,2.915905e-02,8.030073e-02
9.834824e-03,2.504367e-02,6.249826e-03,4.519083e-03,1.703230e-02,3.194378e-02,1.879127e-03,2.130538e-02,8.693168e-02,9.672476e-02,3.940232e-02,7.726769e-02,4.870746e-01,2.273180e-02,7.205926e-02
9.269204e-03,2.746380e-02,6.878722e-03,3.531238e-03,3.429117e-02,3.131864e-02,4.463373e-03,2.519554e-02,9.081879e-02,7.663839e-02,3.340593e-02,6.449908e-02,4.993024e-01,1.728275e-02,7.564097e-02
1.249827e-02,2.163533e-02,2.106926e-02,2.619822e-02,4.147594e-02,2.718941e-02,4.800180e-03,7.644789e-02,7.149699e-02,8.187522e-02,3.167340e-02,4.959121e-02,4.541593e-01,1.380046e-02,6.608894e-02
3.198177e-02,1.929484e-02,7.521468e-02,3.159910e-02,4.879392e-02,2.637540e-02,7.760954e-03,7.838769e-02,5.771538e-02,7.177758e-02,2.611383e-02,4.100217e-02,4.048014e-01,1.035241e-02,6.882886e-02
4.552739e-02,1.982132e-02,7.005864e-02,2.492303e-02,4.485876e-02,2.619283e-02,1.323613e-02,6.743034e-02,4.608684e-02,5.616877e-02,1.911992e-02,4.054839e-02,4.428754e-01,7.778062e-03,7.537410e-02
5.055997e-02,2.438511e-02,6.395574e-02,1.850748e-02,5.891040e-02,2.242030e-02,2.751752e-02,5.447284e-02,4.009387e-02,4.212861e-02,1.405549e-02,1.146058e-01,4.061399e-01,6.268536e-03,5.597840e-02
4.616792e-02,2.337401e-02,5.971676e-02,1.496269e-02,7.052227e-02,2.199186e-02,3.628511e-02,6.490286e-02,3.455753e-02,3.534311e-02,1.191039e-02,1.391052e-01,3.947281e-01,5.510013e-03,4.092218e-02
5.860417e-02,1.862233e-02,4.760950e-02,1.332934e-02,6.856549e-02,2.222566e-02,3.212646e-02,6.319471e-02,2.771111e-02,2.602965e-02,1.119721e-02,2.050068e-01,3.712835e-01,4.292497e-03,3.020157e-02
7.533716e-02,1.493846e-02,3.659976e-02,1.347176e-02,5.792518e-02,2.649372e-02,2.674969e-02,5.693011e-02,2.293445e-02,2.129193e-02,1.264432e-02,1.948963e-01,4.106908e-01,3.962395e-03,2.513402e-02
1.279027e-01,1.184192e-02,2.893514e-02,1.094262e-02,5.356457e-02,2.328751e-02,2.895623e-02,4.862396e-02,1.780028e-02,1.744858e-02,1.032226e-02,2.304568e-01,3.631136e-01,4.307481e-03,2.249629e-02
1.530784e-01,1.365646e-02,2.801227e-02,8.064006e-03,6.628646e-02,1.878922e-02,2.400470e-02,4.286069e-02,1.512850e-02,1.307612e-02,8.621188e-03,2.950975e-01,2.914934e-01,4.268420e-03,1.756255e-02
1.445154e-01,1.321868e-02,2.360105e-02,6.035489e-03,5.117246e-02,1.637147e-02,2.490782e-02,3.587189e-02,1.573154e-02,1.338291e-02,6.852974e-03,3.508896e-01,2.672540e-01,5.208028e-03,2.498673e-02
1.543034e-01,1.789943e-02,3.724518e-02,5.735454e-02,4.577708e-02,1.763878e-02,1.996264e-02,2.796950e-02,3.013328e-02,2.622945e-02,7.354102e-03,3.075805e-01,2.208682e-01,5.867363e-03,2.381651e-02
2.072883e-01,1.757696e-02,3.523386e-02,4.468982e-02,3.955517e-02,1.547136e-02,2.133278e-02,3.496521e-02,3.073741e-02,3.190055e-02,8.224990e-03,2.802567e-01,2.035078e-01,5.706382e-03,2.355270e-02
2.061411e-01,1.558311e-02,3.277338e-02,3.280823e-02,3.222055e-02,1.412235e-02,3.631809e-02,1.166492e-01,2.743025e-02,4.571178e-02,7.755007e-03,2.387484e-01,1.657966e-01,7.152102e-03,2.078977e-02
1.889272e-01,1.493807e-02,2.874688e-02,2.378133e-02,2.832044e-02,1.418347e-02,5.717912e-02,1.287183e-01,2.936411e-02,3.802515e-02,6.179377e-03,2.752792e-01,1.433306e-01,7.217075e-03,1.580962e-02
2.329616e-01,2.449763e-02,2.736679e-02,2.172308e-02,2.781243e-02,1.807053e-02,4.785440e-02,1.203527e-01,4.972332e-02,4.720587e-02,5.518229e-03,2.027802e-01,1.525451e-01,5.489175e-03,1.609891e-02
2.084981e-01,2.945347e-02,2.574191e-02,2.885127e-02,3.209329e-02,2.706830e-02,3.759825e-02,1.244052e-01,1.388186e-01,4.087586e-02,5.077456e-03,1.447919e-01,1.398903e-01,3.971097e-03,1.286496e-02
1.934876e-01,2.576500e-02,2.989745e-02,4.646460e-02,4.685001e-02,3.958759e-02,3.562099e-02,1.198666e-01,1.651766e-01,3.971379e-02,4.608374e-03,1.028140e-01,1.369699e-01,2.935439e-03,1.024208e-02
1.504076e-01,2.095824e-02,5.169821e-02,1.219324e-01,7.261992e-02,3.258349e-02,3.150255e-02,1.603008e-01,1.407087e-01,2.902477e-02,3.633584e-03,7.231692e-02,1.020400e-01,2.135652e-03,8.137219e-03
1.158140e-01,1.702969e-02,5.831940e-02,2.114460e-01,6.652612e-02,2.612849e-02,2.539203e-02,2.127855e-01,1.078249e-01,2.210134e-02,2.817312e-03,5.117285e-02,7.456323e-02,1.550482e-03,6.528723e-03
1.129532e-01,1.643312e-02,7.484286e-02,2.026661e-01,5.627250e-02,2.324453e-02,1.932072e-02,2.935821e-01,8.171088e-02,1.780391e-02,3.177102e-03,3.640530e-02,5.396621e-02,1.341175e-03,6.280289e-03
1.136174e-01,1.626534e-02,1.274295e-01,1.720874e-01,5.652498e-02,1.911750e-02,1.465086e-02,3.187324e-01,6.621359e-02,1.532319e-02,3.493131e-03,2.610620e-02,4.109725e-02,1.676505e-03,7.664749e-03
1.148462e-01,1.686608e-02,1.260011e-01,1.452785e-01,5.410838e-02,1.649452e-02,1.076569e-02,3.854899e-01,5.344038e-02,1.306849e-02,3.772536e-03,1.896391e-02,3.077197e-02,2.135832e-03,7.996440e-03
1.205792e-01,1.734401e-02,1.402848e-01,1.157705e-01,5.613082e-02,1.350100e-02,7.907199e-03,4.167868e-01,4.404490e-02,1.317569e-02,3.484519e-03,1.468759e-02,2.266006e-02,2.371446e-03,1.127148e-02
1.169087e-01,1.608303e-02,1.952156e-01,1.065230e-01,4.823422e-02,1.073142e-02,5.953915e-03,4.026383e-01,3.880162e-02,1.434212e-02,3.234717e-03,1.158689e-02,1.642537e-02,2.295025e-03,1.102609e-02
1.035302e-01,1.992849e-02,3.117844e-01,1.132951e-01,3.867835e-02,8.541310e-03,4.443929e-03,2.967195e-01,3.307940e-02,2.823097e-02,3.247391e-03,9.736009e-03,1.240111e-02,1.913062e-03,1.447082e-02
1.231952e-01,1.697620e-02,3.488764e-01,1.403586e-01,2.998374e-02,7.795181e-03,3.376493e-03,2.363865e-01,2.761413e-02,2.810843e-02,4.205496e-03,8.829128e-03,9.590006e-03,1.957132e-03,1.274750e-02
1.610936e-01,1.488285e-02,2.981641e-01,1.839894e-01,2.395568e-02,7.111328e-03,2.723536e-03,2.300190e-01,2.326465e-02,2.256528e-02,4.089165e-03,7.732557e-03,7.923519e-03,1.968240e-03,1.051715e-02
2.242454e-01,1.263343e-02,2.804846e-01,1.818593e-01,1.897183e-02,7.288194e-03,2.344046e-03,2.012516e-01,1.858639e-02,1.968796e-02,4.110964e-03,9.449210e-03,7.322036e-03,2.113379e-03,9.651742e-03
2.720056e-01,1.062099e-02,2.537555e-01,1.842219e-01,1.933713e-02,6.923853e-03,2.709113e-03,1.854663e-01,1.762095e-02,1.675442e-02,4.555756e-03,9.259525e-03,6.133361e-03,2.242361e-03,8.393196e-03
3.763735e-01,1.059226e-02,2.288247e-01,1.460335e-01,1.820350e-02,8.137960e-03,3.224063e-03,1.397513e-01,1.588079e-02,1.759725e-02,6.798982e-03,1.028981e-02,5.444637e-03,3.264067e-03,9.583696e-03
3.157252e-01,1.186420e-02,3.465460e-01,1.041120e-01,1.322447e-02,7.526077e-03,2.468304e-03,9.862046e-02,1.261538e-02,1.557051e-02,3.300523e-02,9.188262e-03,5.127045e-03,1.555704e-02,8.849780e-03
2.929022e-01,1.567405e-02,3.318825e-01,7.592934e-02,1.029199e-02,8.461736e-03,2.069862e-03,7.006481e-02,1.410859e-02,1.924726e-02,1.087530e-01,1.207608e-02,5.580373e-03,2.100272e-02,1.195540e-02
2.908930e-01,1.267442e-02,2.658993e-01,5.522585e-02,7.961348e-03,1.046825e-02,2.001159e-03,5.003997e-02,1.573833e-02,3.272626e-02,1.790747e-01,2.526348e-02,5.906479e-03,3.534760e-02,1.077989e-02
2.369280e-01,1.126622e-02,2.399794e-01,3.947178e-02,5.792016e-03,1.089137e-02,2.026911e-03,3.759594e-02,1.939940e-02,4.665459e-02,2.406596e-01,2.343177e-02,4.711672e-03,6.932815e-02,1.186320e-02
2.123189e-01,8.874412e-03,1.709570e-01,2.850708e-02,4.210782e-03,1.014175e-02,1.696252e-03,2.799310e-02,4.069883e-02,3.523949e-02,2.625126e-01,1.982909e-02,3.811958e-03,1.626419e-01,1.056670e-02
1.513918e-01,6.503244e-03,1.199278e-01,2.156167e-02,3.118396e-03,8.296325e-03,1.297886e-03,1.981651e-02,5.232291e-02,3.053014e-02,2.775896e-01,1.634945e-02,3.045998e-03,2.804136e-01,7.834570e-03
1.063200e-01,4.769414e-03,8.413687e-02,1.520428e-02,2.319721e-03,6.271251e-03,9.292381e-04,1.392587e-02,4.428597e-02,2.289836e-02,2.249903e-01,1.224356e-02,2.206421e-03,4.538543e-01,5.644351e-03
7.454967e-02,4.393502e-03,5.895596e-02,1.095074e-02,1.780200e-03,5.220160e-03,6.580222e-04,9.780058e-03,6.227425e-02,1.812665e-02,2.089524e-01,9.051529e-03,1.614417e-03,5.290135e-01,4.678915e-03
5.235239e-02,4.715225e-03,4.133902e-02,8.436060e-03,1.362037e-03,4.392612e-03,4.715198e-04,6.864803e-03,7.825024e-02,1.624301e-02,2.055996e-01,7.107612e-03,1.229043e-03,5.675768e-01,4.060090e-03
3.672395e-02,4.490772e-03,2.898646e-02,6.112361e-03,1.024706e-03,4.696469e-03,3.347750e-04,4.813953e-03,7.846162e-02,1.498688e-02,2.087992e-01,5.715727e-03,9.347574e-04,6.008319e-01,3.086518e-03
2.578648e-02,6.661911e-03,2.074930e-02,4.462990e-03,8.482370e-04,3.365036e-02,2.557435e-04,3.397818e-03,8.800089e-02,1.264327e-02,1.880739e-01,4.499187e-03,7.450841e-04,6.078460e-01,2.378819e-03
1.817341e-02,1.071960e-02,1.795971e-02,3.537809e-03,8.334988e-04,1.221154e-01,2.752648e-04,2.727983e-03,1.085081e-01,1.237255e-02,1.489123e-01,3.532984e-03,6.171127e-04,5.478668e-01,1.847537e-03
1.283390e-02,2.803837e-02,1.431019e-02,2.815572e-03,1.079833e-03,3.230661e-01,2.206969e-04,3.390726e-03,9.698433e-02,1.033497e-02,1.069235e-01,2.543529e-03,5.127387e-04,3.955524e-01,1.393139e-03
9.049123e-03,3.918236e-02,1.015982e-02,2.770343e-03,1.357132e-03,4.436319e-01,1.641621e-04,2.462021e-03,1.129837e-01,8.226360e-03,7.797825e-02,1.972159e-03,7.898726e-04,2.881563e-01,1.116502e-03
6.439796e-03,5.328025e-02,7.269521e-03,3.126413e-03,1.775542e-03,5.115535e-01,1.238875e-04,1.777107e-03,1.360015e-01,7.087606e-03,5.631568e-02,1.613899e-03,9.373315e-04,2.114733e-01,1.224790e-03
4.673511e-03,5.954381e-02,5.213694e-03,3.703693e-03,5.346079e-03,4.703635e-01,1.247255e-04,2.502906e-03,2.485789e-01,5.836329e-03,3.992731e-02,1.190599e-03,9.094197e-04,1.507712e-01,1.314366e-03
3.494869e-03,5.145919e-02,3.758183e-03,5.154280e-03,4.707208e-03,5.578897e-01,1.085759e-04,3.577870e-03,2.244710e-01,4.834194e-03,2.840940e-02,8.771044e-04,8.428765e-04,1.088502e-01,1.565350e-03
2.829140e-03,7.786566e-02,2.692314e-03,3.312882e-02,3.461052e-03,4.031670e-01,7.936208e-05,3.302478e-03,3.651226e-01,3.865679e-03,2.208977e-02,7.620890e-04,1.259422e-03,7.642816e-02,3.946512e-03
3.012661e-03,6.157286e-02,1.962628e-03,7.384343e-02,2.980823e-03,3.104688e-01,6.406615e-05,3.789540e-03,4.272520e-01,3.478573e-03,4.466628e-02,1.284112e-03,5.551684e-03,5.498078e-02,5.091783e-03
5.537123e-03,5.316751e-02,1.602291e-03,6.725008e-02,1.416407e-02,2.593938e-01,1.526978e-04,3.839705e-03,4.101496e-01,3.380629e-03,1.186606e-01,2.292530e-03,1.317031e-02,4.008922e-02,7.149837e-03
4.798910e-03,6.082857e-02,1.423070e-03,6.314129e-02,2.578628e-02,1.857202e-01,2.060709e-04,3.954967e-03,5.104219e-01,2.854740e-03,9.087051e-02,2.171315e-03,1.293964e-02,2.842069e-02,6.461793e-03
4.237445e-03,5.488538e-02,1.289760e-03,5.618891e-02,4.004236e-02,1.402998e-01,2.289093e-04,3.534673e-03,5.877237e-01,2.748370e-03,6.731583e-02,2.559020e-03,1.108652e-02,2.016827e-02,7.691061e-03
4.077999e-03,4.528584e-02,2.003170e-03,7.365683e-02,1.204176e-01,1.043911e-01,2.459211e-03,1.716947e-02,5.470706e-01,3.161896e-03,4.761455e-02,1.969500e-03,8.540515e-03,1.416117e-02,8.020472e-03
3.741346e-03,3.416680e-02,2.531240e-03,2.819906e-01,1.026395e-01,7.409817e-02,1.793997e-03,1.315642e-02,4.190038e-01,4.203740e-03,3.724735e-02,1.639208e-03,6.869889e-03,9.989138e-03,6.928797e-03
1.344303e-02,3.982778e-02,9.058807e-03,2.685416e-01,1.262015e-01,5.599295e-02,1.865045e-03,1.124480e-02,3.364105e-01,1.832806e-02,5.255630e-02,4.354091e-03,8.890867e-03,7.927301e-03,4.535733e-02
2.110019e-02,8.239971e-02,2.350427e-02,2.352397e-01,1.520712e-01,5.153961e-02,4.924671e-03,1.112270e-02,2.721964e-01,2.092437e-02,4.522419e-02,5.526577e-03,8.082520e-03,6.085669e-03,6.005827e-02
3.706407e-02,1.074814e-01,2.277399e-02,1.758658e-01,1.419213e-01,4.964132e-02,6.358212e-03,1.152917e-02,3.040810e-01,1.927045e-02,4.567493e-02,6.865669e-03,1.124394e-02,4.634061e-03,5.559463e-02
2.815521e-02,9.741421e-02,3.560879e-02,1.676867e-01,1.295640e-01,7.699002e-02,5.807188e-03,8.553213e-03,2.771428e-01,1.546387e-02,4.015575e-02,8.529396e-03,3.593357e-02,4.218038e-03,6.877723e-02
2.016771e-02,7.298953e-02,2.635270e-02,2.273904e-01,9.556005e-02,9.034936e-02,4.278285e-03,6.247337e-03,2.032227e-01,1.143903e-02,3.541126e-02,8.611408e-03,1.389500e-01,3.026255e-03,5.600405e-02
1.445445e-02,5.164510e-02,1.866108e-02,1.747752e-01,6.843507e-02,7.464806e-02,3.066280e-03,4.432023e-03,1.432984e-01,8.184302e-03,2.781287e-02,1.405709e-02,3.536134e-01,2.156183e-03,4.076044e-02
1.037817e-02,3.626703e-02,1.309877e-02,1.229504e-01,4.806716e-02,5.447590e-02,2.156078e-03,3.125361e-03,1.006995e-01,5.745039e-03,2.001691e-02,1.127079e-02,5.412924e-01,1.616814e-03,2.883966e-02
7.549161e-03,2.574411e-02,9.286138e-03,8.667741e-02,3.410606e-02,3.984287e-02,1.528001e-03,2.205048e-03,7.071612e-02,4.048978e-03,1.485861e-02,1.434079e-02,6.671957e-01,1.333410e-03,2.056765e-02
6.061975e-03,1.857339e-02,6.625113e-03,6.091322e-02,2.425440e-02,3.228340e-02,1.263257e-03,1.603744e-03,5.052257e-02,2.884226e-03,1.103560e-02,3.452929e-02,7.336210e-01,1.071675e-03,1.475716e-02
7.234131e-03,1.382744e-02,4.795750e-03,4.287107e-02,1.726708e-02,2.911281e-02,1.221651e-03,1.195355e-03,3.660404e-02,2.096441e-03,9.094235e-03,7.957993e-02,7.430966e-01,1.369317e-03,1.063415e-02
6.073376e-03,9.856597e-03,3.465147e-03,3.011366e-02,1.278294e-02,2.253636e-02,9.436393e-04,8.964235e-04,2.639543e-02,1.664777e-03,9.099773e-03,1.248775e-01,7.421116e-01,1.428362e-03,7.754383e-03
5.216968e-03,7.207059e-03,2.985694e-03,2.129478e-02,1.047238e-02,1.833843e-02,8.892645e-04,8.743020e-04,1.991861e-02,1.398080e-03,7.862659e-03,1.790899e-01,7.175529e-01,1.175564e-03,5.723428e-03
6.736253e-03,5.812596e-03,3.049784e-03,1.536026e-02,8.962709e-03,3.555542e-02,1.543635e-03,1.091176e-03,1.701399e-02,1.428196e-03,9.510721e-03,2.033200e-01,6.846452e-01,1.672030e-03,4.297996e-03
8.649513e-03,9.654483e-03,3.138232e-03,1.103492e-02,8.608343e-03,5.931265e-02,1.788347e-03,1.583090e-03,3.049733e-02,2.080663e-03,1.052801e-02,2.428900e-01,6.048374e-01,2.011716e-03,3.385272e-03
8.635530e-03,1.168138e-02,4.975297e-03,7.993491e-03,1.174695e-02,6.719925e-02,2.480090e-03,2.632051e-03,4.200746e-02,1.888267e-03,9.449949e-03,2.318697e-01,5.934179e-01,1.541889e-03,2.480689e-03
8.795771e-03,1.361684e-02,7.213045e-03,6.128190e-03,2.066287e-02,5.223313e-02,1.055708e-02,5.231382e-03,6.636597e-02,1.837532e-03,6.854788e-03,2.479838e-01,5.494119e-01,1.093051e-03,2.014623e-03
9.999683e-03,1.254170e-02,1.249804e-02,1.136518e-02,3.573221e-02,1.114164e-01,1.274909e-02,6.862632e-03,7.775687e-02,5.668242e-03,1.000028e-02,2.060014e-01,4.841332e-01,8.694859e-04,2.405560e-03
1.391408e-02,1.037638e-02,1.119506e-02,1.353486e-02,4.141183e-02,1.040687e-01,1.195164e-02,6.906390e-03,6.222025e-02,7.204919e-03,4.233433e-02,1.695116e-01,5.018148e-01,7.122669e-04,2.842923e-03
2.155910e-02,1.593861e-02,9.560812e-03,2.147098e-02,3.221324e-02,8.575914e-02,8.936663e-03,5.529526e-03,5.808816e-02,6.213374e-03,4.925457e-02,1.452844e-01,5.338312e-01,1.198587e-03,5.161702e-03
2.710171e-02,1.406833e-02,8.084206e-03,2.603982e-02,2.772744e-02,7.291891e-02,7.438327e-03,5.535430e-03,5.480218e-02,6.120701e-03,6.907903e-02,1.321070e-01,5.351142e-01,2.587289e-03,1.127538e-02
2.719785e-02,1.100719e-02,1.567671e-02,2.299374e-02,3.397302e-02,5.979268e-02,7.709967e-03,1.243912e-02,5.821713e-02,6.253386e-03,1.091995e-01,1.227015e-01,4.993522e-01,2.097253e-03,1.138869e-02
2.417198e-02,9.698588e-03,3.131143e-02,3.130163e-02,1.514516e-01,1.069757e-01,6.679803e-03,1.056033e-02,4.565216e-02,5.205650e-03,9.989679e-02,8.941476e-02,3.776827e-01,1.540048e-03,8.456759e-03
2.259337e-02,1.332789e-02,6.661102e-02,4.353286e-02,2.506363e-01,1.142590e-01,6.538167e-03,8.903879e-03,5.038504e-02,4.057857e-03,7.399157e-02,6.372146e-02,2.740752e-01,1.132921e-03,6.233336e-03
1.954742e-02,1.915415e-02,1.158724e-01,1.716593e-01,2.150761e-01,1.017769e-01,5.485209e-03,8.333305e-03,4.413379e-02,3.261062e-03,5.234499e-02,4.491296e-02,1.924398e-01,8.705381e-04,5.132051e-03
1.540751e-02,1.710141e-02,1.624536e-01,3.135256e-01,1.563498e-01,7.484470e-02,3.953834e-03,6.093607e-03,3.669528e-02,3.167092e-03,3.807715e-02,3.164731e-02,1.352720e-01,6.738210e-04,4.737338e-03
3.035105e-02,2.387885e-02,1.666166e-01,2.672326e-01,1.207516e-01,7.604410e-02,3.568313e-03,5.241997e-03,6.138704e-02,1.308653e-02,5.091974e-02,2.434114e-02,9.961905e-02,1.114523e-03,5.584690e-02
3.794511e-02,2.061390e-02,1.257439e-01,1.887973e-01,9.025419e-02,6.190940e-02,2.257418e-01,7.497076e-03,4.797673e-02,1.080903e-02,4.056978e-02,1.729764e-02,8.272605e-02,8.732967e-04,4.124479e-02
2.838139e-02,1.806452e-02,9.433622e-02,1.331167e-01,6.647686e-02,4.566577e-02,4.265660e-01,8.766522e-03,3.593967e-02,8.426365e-03,2.901913e-02,1.285548e-02,6.171648e-02,6.638162e-04,3.000513e-02
2.382321e-02,1.558940e-02,6.798162e-02,9.379274e-02,4.984740e-02,3.760955e-02,5.623846e-01,9.280086e-03,2.659852e-02,6.909344e-03,2.176882e-02,9.788011e-03,5.212114e-02,5.155900e-04,2.198996e-02
2.598197e-02,1.239999e-02,5.174980e-02,6.648325e-02,4.273962e-02,3.768863e-02,6.335147e-01,1.883088e-02,2.243226e-02,6.466865e-03,1.721213e-02,8.126153e-03,3.992288e-02,4.343956e-04,1.601653e-02
2.692859e-02,1.130991e-02,4.019515e-02,4.798195e-02,3.402211e-02,4.013295e-02,6.585513e-01,1.712932e-02,1.818436e-02,9.285755e-03,1.541875e-02,1.305130e-02,5.071025e-02,5.122162e-04,1.658611e-02
2.255337e-02,1.269060e-02,3.004795e-02,3.553549e-02,4.126473e-02,7.963821e-02,6.181878e-01,1.321268e-02,1.489320e-02,2.158216e-02,1.844615e-02,2.991947e-02,4.135805e-02,1.069410e-03,1.960084e-02
1.869144e-02,1.089713e-02,2.180007e-02,2.584909e-02,4.430722e-02,1.311248e-01,6.103537e-01,9.597278e-03,1.088473e-02,2.400027e-02,1.693732e-02,2.760934e-02,3.115486e-02,1.005485e-03,1.578736e-02
2.921043e-02,1.244276e-02,1.850584e-02,2.003936e-02,6.236228e-02,2.778209e-01,4.708649e-01,7.325376e-03,8.586041e-03,1.900934e-02,1.347786e-02,2.311484e-02,2.289751e-02,9.405616e-04,1.340208e-02
2.823507e-02,1.264191e-02,1.507800e-02,1.491174e-02,6.350148e-02,4.270744e-01,3.555630e-01,5.426673e-03,6.460735e-03,1.573578e-02,1.003547e-02,1.761797e-02,1.626896e-02,8.777803e-04,1.057098e-02
6.999929e-02,1.592148e-02,1.839152e-02,1.267477e-02,5.420151e-02,4.468138e-01,3.055799e-01,5.938325e-03,6.862065e-03,1.425347e-02,8.215122e-03,1.534248e-02,1.277746e-02,1.174149e-03,1.185468e-02
1.302953e-01,1.658056e-02,2.014706e-02,1.393363e-02,4.669912e-02,4.136177e-01,2.840977e-01,7.045824e-03,6.947337e-03,1.196434e-02,7.333015e-03,1.673004e-02,1.081337e-02,1.361032e-03,1.243399e-02
1.890667e-01,1.608199e-02,1.853921e-02,1.337510e-02,3.990550e-02,3.981745e-01,2.560374e-01,6.411660e-03,5.814623e-03,1.022658e-02,7.016749e-03,1.671019e-02,9.589505e-03,1.480642e-03,1.156966e-02
2.284301e-01,2.052410e-02,1.564198e-02,1.319665e-02,3.347354e-02,4.015852e-01,2.040853e-01,6.193750e-03,5.202326e-03,1.050265e-02,8.608110e-03,2.956038e-02,8.962646e-03,1.843342e-03,1.219001e-02
2.082688e-01,1.883924e-02,1.211510e-02,1.049978e-02,2.632205e-02,4.585416e-01,1.491283e-01,5.169865e-03,4.322703e-03,1.115131e-02,1.294630e-02,6.155775e-02,7.969808e-03,2.562337e-03,1.060513e-02
1.593132e-01,1.555100e-02,1.048209e-02,9.961203e-03,2.162245e-02,4.545023e-01,1.084091e-01,4.508317e-03,4.789143e-03,1.572137e-02,6.513113e-02,1.102760e-01,7.196393e-03,3.143282e-03,9.393078e-03
1.126269e-01,1.120647e-02,7.984712e-03,7.118466e-03,1.558632e-02,4.733446e-01,7.632030e-02,3.282171e-03,3.658338e-03,1.145280e-02,1.235065e-01,1.386417e-01,5.257571e-03,3.045133e-03,6.968089e-03
7.910443e-02,8.059557e-03,5.941662e-03,5.008396e-03,1.112250e-02,4.700282e-01,5.359626e-02,2.391576e-03,2.629144e-03,8.265938e-03,2.068047e-01,1.350423e-01,3.759850e-03,3.132419e-03,5.113098e-03
5.552619e-02,6.058456e-03,6.276139e-03,3.968303e-03,9.896941e-03,3.342894e-01,3.795096e-02,1.944129e-03,3.114085e-03,6.355537e-03,2.820228e-01,2.425144e-01,2.955368e-03,2.966680e-03,4.160653e-03
3.914611e-02,4.409949e-03,5.460616e-03,3.096534e-03,7.521607e-03,2.427487e-01,2.675221e-02,1.493138e-03,2.591911e-03,4.826898e-03,3.041877e-01,3.491755e-01,2.334054e-03,3.156155e-03,3.099130e-03
3.020660e-02,3.296344e-03,4.198073e-03,2.307506e-03,5.474197e-03,1.718778e-01,1.884865e-02,1.162005e-03,2.199028e-03,3.725742e-03,4.237577e-01,3.253725e-01,1.982710e-03,3.346961e-03,2.244197e-03
2.178961e-02,2.497331e-03,3.116289e-03,1.632534e-03,3.932418e-03,1.207525e-01,1.322981e-02,8.548038e-04,1.678698e-03,4.861266e-03,4.483395e-01,3.696993e-01,1.633130e-03,4.363379e-03,1.619469e-03
1.565594e-02,1.822430e-03,2.238728e-03,1.149413e-03,2.800854e-03,8.475301e-02,9.306019e-03,6.200523e-04,1.322048e-03,4.615113e-03,4.436567e-01,4.238209e-01,1.360058e-03,5.722177e-03,1.156608e-03
1.104402e-02,1.388479e-03,1.705314e-03,8.063457e-04,1.992805e-03,5.952274e-02,6.628622e-03,4.573973e-04,1.084707e-03,3.970467e-03,3.834132e-01,5.203118e-01,1.029067e-03,5.827762e-03,8.173110e-04
7.956793e-03,1.066987e-03,1.249052e-03,5.667866e-04,1.436593e-03,4.180576e-02,4.684276e-03,3.386704e-04,8.475335e-04,3.845459e-03,3.150128e-01,6.136730e-01,8.012404e-04,6.137190e-03,5.778863e-04
5.876975e-03,9.515721e-04,1.025798e-03,4.100812e-04,1.213451e-03,2.940922e-02,3.712922e-03,3.535426e-04,8.814899e-04,5.048661e-03,3.678694e-01,5.761605e-01,6.689884e-04,5.988032e-03,4.293415e-04
4.348159e-03,3.448617e-03,2.387343e-03,4.061616e-04,6.059492e-03,2.397843e-02,1.058558e-02,2.760807e-03,2.135702e-03,8.951139e-03,3.023138e-01,6.249743e-01,6.082759e-04,6.704672e-03,3.375195e-04
3.267542e-03,7.017913e-03,3.889431e-03,5.047605e-04,7.881045e-03,2.012348e-02,8.636834e-03,4.729326e-03,2.983462e-03,1.058658e-02,2.788240e-01,6.423407e-01,5.910540e-04,8.326397e-03,2.975299e-04
2.605058e-03,5.809760e-03,3.804442e-03,5.103227e-04,6.099233e-03,1.503384e-02,6.312945e-03,4.715946e-03,3.688623e-03,1.184779e-02,3.667876e-01,5.611864e-01,9.122450e-04,1.041879e-02,2.669422e-04
2.114221e-03,4.957733e-03,3.597590e-03,4.989003e-04,4.705090e-03,1.118229e-02,4.559542e-03,4.097240e-03,4.238273e-03,1.213477e-02,4.876640e-01,4.464880e-01,1.017589e-03,1.253008e-02,2.146487e-04
1.746504e-03,4.457739e-03,3.077498e-03,4.436916e-04,3.933753e-03,9.187225e-03,3.306453e-03,3.235709e-03,5.797107e-03,1.413662e-02,5.516246e-01,3.798240e-01,1.318380e-03,1.773028e-02,1.804816e-04
1.830432e-03,7.831590e-03,3.588825e-02,2.481981e-03,4.648263e-03,1.153282e-02,3.865273e-03,1.359728e-02,1.246521e-02,1.546349e-02,5.412279e-01,3.272326e-01,1.069931e-03,2.069107e-02,1.740136e-04
1.900198e-03,8.652125e-03,5.562123e-02,8.082215e-03,5.979855e-03,1.759399e-02,3.612987e-03,4.076334e-02,1.349558e-02,1.404499e-02,5.507503e-01,2.558787e-01,8.616111e-04,2.263294e-02,1.300087e-04
5.415577e-03,1.130163e-02,5.693530e-02,9.355792e-03,1.596450e-02,2.698429e-02,3.743982e-03,5.105830e-02,1.587869e-02,1.265439e-02,5.755164e-01,1.906451e-01,8.528327e-04,2.336374e-02,3.295695e-04
7.219526e-03,9.676050e-03,5.611519e-02,8.076398e-03,1.532015e-02,3.544616e-02,3.355829e-03,4.524662e-02,1.448986e-02,1.164963e-02,6.285412e-01,1.433265e-01,7.249978e-04,2.026306e-02,5.487827e-04
