1.000000e+00,0.000000e+00,0.000000e+00,0.000000e+00,0.000000e+00,0.000000e+00,0.000000e+00,0.000000e+00,0.000000e+00,0.000000e+00,0.000000e+00,0.000000e+00,0.000000e+00,0.000000e+00,0.000000e+00
1.000000e+00,0.000000e+00,0.000000e+00,0.000000e+00,0.000000e+00,0.000000e+00,0.000000e+00,0.000000e+00,0.000000e+00,0.000000e+00,0.000000e+00,0.000000e+00,0.000000e+00,0.000000e+00,0.000000e+00
1.000000e+00,0.000000e+00,0.000000e+00,0.000000e+00,0.000000e+00,0.000000e+00,0.000000e+00,0.000000e+00,0.000000e+00,0.000000e+00,0.000000e+00,0.000000e+00,0.000000e+00,0.000000e+00,0.000000e+00
1.000000e+00,0.000000e+00,0.000000e+00,0.000000e+00,0.000000e+00,0.000000e+00,0.000000e+00,0.000000e+00,0.000000e+00,0.000000e+00,0.000000e+00,0.000000e+00,0.000000e+00,0.000000e+00,0.000000e+00
1.000000e+00,0.000000e+00,0.000000e+00,0.000000e+00,0.000000e+00,0.000000e+00,0.000000e+00,0.000000e+00,0.000000e+00,0.000000e+00,0.000000e+00,0.000000e+00,0.000000e+00,0.000000e+00,0.000000e+00
1.000000e+00,0.000000e+00,0.000000e+00,0.000000e+00,0.000000e+00,0.000000e+00,0.000000e+00,0.000000e+00,0.000000e+00,0.000000e+00,0.000000e+00,0.000000e+00,0.000000e+00,0.000000e+00,0.000000e+00
1.000000e+00,0.000000e+00,0.000000e+00,0.000000e+00,0.000000e+00,0.000000e+00,0.000000e+00,0.000000e+00,0.000000e+00,0.000000e+00,0.000000e+00,0.000000e+00,0.000000e+00,0.000000e+00,0.000000e+00
1.000000e+00,0.000000e+00,0.000000e+00,0.000000e+00,0.000000e+00,0.000000e+00,0.000000e+00,0.000000e+00,0.000000e+00,0.000000e+00,0.000000e+00,0.000000e+00,0.000000e+00,0.000000e+00,0.000000e+00
1.000000e+00,0.000000e+00,0.000000e+00,0.000000e+00,0.000000e+00,0.000000e+00,0.000000e+00,0.000000e+00,0.000000e+00,0.000000e+00,0.000000e+00,0.000000e+00,0.000000e+00,0.000000e+00,0.000000e+00
1.000000e+00,0.000000e+00,0.000000e+00,0.000000e+00,0.000000e+00,0.000000e+00,0.000000e+00,0.000000e+00,0.000000e+00,0.000000e+00,0.000000e+00,0.000000e+00,0.000000e+00,0.000000e+00,0.000000e+00
1.000000e+00,0.000000e+00,0.000000e+00,0.000000e+00,0.000000e+00,0.000000e+00,0.000000e+00,0.000000e+00,0.000000e+00,0.000000e+00,0.000000e+00,0.000000e+00,0.000000e+00,0.000000e+00,0.000000e+00
1.000000e+00,0.000000e+00,0.000000e+00,0.000000e+00,0.000000e+00,0.000000e+00,0.000000e+00,0.000000e+00,0.000000e+00,0.000000e+00,0.000000e+00,0.000000e+00,0.000000e+00,0.000000e+00,0.000000e+00
1.000000e+00,0.000000e+00,0.000000e+00,0.000000e+00,0.000000e+00,0.000000e+00,0.000000e+00,0.000000e+00,0.000000e+00,0.000000e+00,0.000000e+00,0.000000e+00,0.000000e+00,0.000000e+00,0.000000e+00
1.000000e+00,0.000000e+00,0.000000e+00,0.000000e+00,0.000000e+00,0.000000e+00,0.000000e+00,0.000000e+00,0.000000e+00,0.000000e+00,0.000000e+00,0.000000e+00,0.000000e+00,0.000000e+00,0.000000e+00
1.000000e+00,0.000000e+00,0.000000e+00,0.000000e+00,0.000000e+00,0.000000e+00,0.000000e+00,0.000000e+00,0.000000e+00,0.000000e+00,0.000000e+00,0.000000e+00,0.000000e+00,0.000000e+00,0.000000e+00
1.000000e+00,0.000000e+00,0.000000e+00,0.000000e+00,0.000000e+00,0.000000e+00,0.000000e+00,0.000000e+00,0.000000e+00,0.000000e+00,0.000000e+00,0.000000e+00,0.000000e+00,0.000000e+00,0.000000e+00
1.000000e+00,0.000000e+00,0.000000e+00,0.000000e+00,0.000000e+00,0.000000e+00,0.000000e+00,0.000000e+00,0.000000e+00,0.000000e+00,0.000000e+00,0.000000e+00,0.000000e+00,0.000000e+00,0.000000e+00
1.000000e+00,0.000000e+00,0.000000e+00,0.000000e+00,0.000000e+00,0.000000e+00,0.000000e+00,0.000000e+00,0.000000e+00,0.000000e+00,0.000000e+00,0.000000e+00,0.000000e+00,0.000000e+00,0.000000e+00
1.000000e+00,0.000000e+00,0.000000e+00,0.000000e+00,0.000000e+00,0.000000e+00,0.000000e+00,0.000000e+00,0.000000e+00,0.000000e+00,0.000000e+00,0.000000e+00,0.000000e+00,0.000000e+00,0.000000e+00
1.000000e+00,0.000000e+00,0.000000e+00,0.000000e+00,0.000000e+00,0.000000e+00,0.000000e+00,0.000000e+00,0.000000e+00,0.000000e+00,0.000000e+00,0.000000e+00,0.000000e+00,0.000000e+00,0.000000e+00
1.000000e+00,0.000000e+00,0.000000e+00,0.000000e+00,0.000000e+00,0.000000e+00,0.000000e+00,0.000000e+00,0.000000e+00,0.000000e+00,0.000000e+00,0.000000e+00,0.000000e+00,0.000000e+00,0.000000e+00
1.000000e+00,0.000000e+00,0.000000e+00,0.000000e+00,0.000000e+00,0.000000e+00,0.000000e+00,0.000000e+00,0.000000e+00,0.000000e+00,0.000000e+00,0.000000e+00,0.000000e+00,0.000000e+00,0.000000e+00
1.000000e+00,0.000000e+00,0.000000e+00,0.000000e+00,0.000000e+00,0.000000e+00,0.000000e+00,0.000000e+00,0.000000e+00,0.000000e+00,0.000000e+00,0.000000e+00,0.000000e+00,0.000000e+00,0.000000e+00
1.000000e+00,0.000000e+00,0.000000e+00,0.000000e+00,0.000000e+00,0.000000e+00,0.000000e+00,0.000000e+00,0.000000e+00,0.000000e+00,0.000000e+00,0.000000e+00,0.000000e+00,0.000000e+00,0.000000e+00
1.000000e+00,0.000000e+00,0.000000e+00,0.000000e+00,0.000000e+00,0.000000e+00,0.000000e+00,0.000000e+00,0.000000e+00,0.000000e+00,0.000000e+00,0.000000e+00,0.000000e+00,0.000000e+00,0.000000e+00
1.000000e+00,0.000000e+00,0.000000e+00,0.000000e+00,0.000000e+00,0.000000e+00,0.000000e+00,0.000000e+00,0.000000e+00,0.000000e+00,0.000000e+00,0.000000e+00,0.000000e+00,0.000000e+00,0.000000e+00
1.000000e+00,0.000000e+00,0.000000e+00,0.000000e+00,0.000000e+00,0.000000e+00,0.000000e+00,0.000000e+00,0.000000e+00,0.000000e+00,0.000000e+00,0.000000e+00,0.000000e+00,0.000000e+00,0.000000e+00
1.000000e+00,0.000000e+00,0.000000e+00,0.000000e+00,0.000000e+00,0.000000e+00,0.000000e+00,0.000000e+00,0.000000e+00,0.000000e+00,0.000000e+00,0.000000e+00,0.000000e+00,0.000000e+00,0.000000e+00
1.000000e+00,0.000000e+00,0.000000e+00,0.000000e+00,0.000000e+00,0.000000e+00,0.000000e+00,0.000000e+00,0.000000e+00,0.000000e+00,0.000000e+00,0.000000e+00,0.000000e+00,0.000000e+00,0.000000e+00
1.000000e+00,0.000000e+00,0.000000e+00,0.000000e+00,0.000000e+00,0.000000e+00,0.000000e+00,0.000000e+00,0.000000e+00,0.000000e+00,0.000000e+00,0.000000e+00,0.000000e+00,0.000000e+00,0.000000e+00
1.000000e+00,0.000000e+00,0.000000e+00,0.000000e+00,0.000000e+00,0.000000e+00,0.000000e+00,0.000000e+00,0.000000e+00,0.000000e+00,0.000000e+00,0.000000e+00,0.000000e+00,0.000000e+00,0.000000e+00
1.000000e+00,0.000000e+00,0.000000e+00,0.000000e+00,0.000000e+00,0.000000e+00,0.000000e+00,0.000000e+00,0.000000e+00,0.000000e+00,0.000000e+00,0.000000e+00,0.000000e+00,0.000000e+00,0.000000e+00
1.000000e+00,0.000000e+00,0.000000e+00,0.000000e+00,0.000000e+00,0.000000e+00,0.000000e+00,0.000000e+00,0.000000e+00,0.000000e+00,0.000000e+00,0.000000e+00,0.000000e+00,0.000000e+00,0.000000e+00
1.000000e+00,0.000000e+00,0.000000e+00,0.000000e+00,0.000000e+00,0.000000e+00,0.000000e+00,0.000000e+00,0.000000e+00,0.000000e+00,0.000000e+00,0.000000e+00,0.000000e+00,0.000000e+00,0.000000e+00
1.000000e+00,0.000000e+00,0.000000e+00,0.000000e+00,0.000000e+00,0.000000e+00,0.000000e+00,0.000000e+00,0.000000e+00,0.000000e+00,0.000000e+00,0.000000e+00,0.000000e+00,0.000000e+00,0.000000e+00
1.000000e+00,0.000000e+00,0.000000e+00,0.000000e+00,0.000000e+00,0.000000e+00,0.000000e+00,0.000000e+00,0.000000e+00,0.000000e+00,0.000000e+00,0.000000e+00,0.000000e+00,0.000000e+00,0.000000e+00
1.000000e+00,0.000000e+00,0.000000e+00,0.000000e+00,0.000000e+00,0.000000e+00,0.000000e+00,0.000000e+00,0.000000e+00,0.000000e+00,0.000000e+00,0.000000e+00,0.000000e+00,0.000000e+00,0.000000e+00
1.000000e+00,0.000000e+00,0.000000e+00,0.000000e+00,0.000000e+00,0.000000e+00,0.000000e+00,0.000000e+00,0.000000e+00,0.000000e+00,0.000000e+00,0.000000e+00,0.000000e+00,0.000000e+00,0.000000e+00
1.000000e+00,0.000000e+00,0.000000e+00,0.000000e+00,0.000000e+00,0.000000e+00,0.000000e+00,0.000000e+00,0.000000e+00,0.000000e+00,0.000000e+00,0.000000e+00,0.000000e+00,0.000000e+00,0.000000e+00
1.000000e+00,0.000000e+00,0.000000e+00,0.000000e+00,0.000000e+00,0.000000e+00,0.000000e+00,0.000000e+00,0.000000e+00,0.000000e+00,0.000000e+00,0.000000e+00,0.000000e+00,0.000000e+00,0.000000e+00
1.000000e+00,0.000000e+00,0.000000e+00,0.000000e+00,0.000000e+00,0.000000e+00,0.000000e+00,0.000000e+00,0.000000e+00,0.000000e+00,0.000000e+00,0.000000e+00,0.000000e+00,0.000000e+00,0.000000e+00
1.000000e+00,0.000000e+00,0.000000e+00,0.000000e+00,0.000000e+00,0.000000e+00,0.000000e+00,0.000000e+00,0.000000e+00,0.000000e+00,0.000000e+00,0.000000e+00,0.000000e+00,0.000000e+00,0.000000e+00
1.000000e+00,0.000000e+00,0.000000e+00,0.000000e+00,0.000000e+00,0.000000e+00,0.000000e+00,0.000000e+00,0.000000e+00,0.000000e+00,0.000000e+00,0.000000e+00,0.000000e+00,0.000000e+00,0.000000e+00
1.000000e+00,0.000000e+00,0.000000e+00,0.000000e+00,0.000000e+00,0.000000e+00,0.000000e+00,0.000000e+00,0.000000e+00,0.000000e+00,0.000000e+00,0.000000e+00,0.000000e+00,0.000000e+00,0.000000e+00
1.000000e+00,0.000000e+00,0.000000e+00,0.000000e+00,0.000000e+00,0.000000e+00,0.000000e+00,0.000000e+00,0.000000e+00,0.000000e+00,0.000000e+00,0.000000e+00,0.000000e+00,0.000000e+00,0.000000e+00
4.917745e-01,6.516727e-03,2.033677e-02,1.136800e-02,4.109291e-03,5.461996e-02,1.909083e-01,1.645948e-01,2.624560e-03,1.261889e-03,7.977566e-03,1.466936e-02,1.646570e-02,2.806140e-03,9.966480e-03
3.620261e-01,4.756655e-03,1.761270e-02,1.039457e-02,3.698627e-03,4.473563e-02,1.694270e-01,3.433716e-01,2.008270e-03,9.912528e-04,6.306482e-03,1.164837e-02,1.313189e-02,2.304511e-03,7.586391e-03
2.544018e-01,3.416435e-03,1.342437e-02,7.846899e-03,3.511030e-03,3.262615e-02,1.372376e-01,5.045729e-01,1.640987e-03,9.079918e-04,8.209435e-03,9.373622e-03,1.457501e-02,2.197476e-03,6.058311e-03
1.781429e-01,2.409435e-03,9.644140e-03,5.961911e-03,2.639532e-03,2.292502e-02,9.714133e-02,4.295524e-01,1.170543e-03,1.782069e-03,1.124786e-01,9.647382e-02,1.358498e-02,2.174391e-02,4.349481e-03
1.247885e-01,1.701236e-03,6.880446e-03,4.858196e-03,2.289744e-03,1.619766e-02,6.958303e-02,3.100653e-01,1.832962e-03,1.746611e-03,2.590775e-01,1.480973e-01,1.310235e-02,3.653191e-02,3.247374e-03
8.735607e-02,1.194812e-03,4.819111e-03,4.049833e-03,1.825038e-03,1.139013e-02,4.881455e-02,2.171334e-01,1.704418e-03,4.197513e-03,2.966426e-01,1.968325e-01,1.419280e-02,1.071961e-01,2.651077e-03
6.118928e-02,9.248210e-04,3.415469e-03,6.766771e-03,4.345846e-03,8.118987e-03,3.436508e-02,1.526515e-01,3.177764e-03,4.608348e-03,3.246564e-01,2.887754e-01,1.197710e-02,9.285557e-02,2.171714e-03
4.284956e-02,6.715552e-04,2.421367e-03,8.347872e-03,4.414574e-03,5.733656e-03,2.413209e-02,1.069433e-01,3.124062e-03,7.793625e-03,4.044448e-01,2.763885e-01,9.515374e-03,1.014132e-01,1.806585e-03
3.002079e-02,5.122401e-04,1.722290e-03,8.600550e-03,4.482019e-03,4.073017e-03,1.696271e-02,7.498549e-02,3.648847e-03,1.560456e-02,4.160161e-01,2.636049e-01,7.952156e-03,1.502083e-01,1.606100e-03
2.167221e-02,8.464319e-04,1.564448e-03,2.751449e-02,8.087470e-03,3.133866e-03,1.207254e-02,5.469753e-02,7.000988e-03,2.367071e-02,3.761679e-01,2.283577e-01,1.010929e-02,2.217844e-01,3.320030e-03
1.553629e-02,1.196120e-03,1.321234e-03,2.328490e-02,8.455864e-03,2.503873e-03,8.570318e-03,3.873995e-02,2.427064e-02,2.141252e-02,2.735359e-01,2.240559e-01,8.976704e-03,3.454757e-01,2.664094e-03
1.109966e-02,1.167834e-03,1.041942e-03,1.808225e-02,7.884113e-03,2.069127e-03,6.023108e-03,2.725657e-02,5.118977e-02,1.913203e-02,2.052999e-01,2.837204e-01,7.547421e-03,3.564571e-01,2.028720e-03
8.086792e-03,9.561259e-04,9.559236e-04,1.342786e-02,7.467069e-03,1.841039e-03,4.240844e-03,1.966360e-02,1.028154e-01,1.450006e-02,1.508903e-01,2.247100e-01,6.254212e-03,4.425017e-01,1.689113e-03
6.017059e-03,1.749660e-03,2.168251e-03,1.033579e-02,6.364031e-03,1.976123e-03,2.983584e-03,1.481118e-02,1.766082e-01,1.051857e-02,1.110921e-01,1.623802e-01,4.598962e-03,4.868425e-01,1.553769e-03
5.141868e-03,3.872154e-03,6.978852e-03,8.903692e-03,9.078071e-03,2.101905e-03,2.184331e-03,1.185075e-02,3.000753e-01,7.933553e-03,9.093314e-02,1.147281e-01,3.764170e-03,4.309766e-01,1.477612e-03
5.222450e-03,3.498497e-03,1.271650e-02,8.677984e-03,1.817898e-02,2.036801e-03,1.663846e-03,9.919742e-03,3.648900e-01,8.235250e-03,6.953390e-02,8.192130e-02,6.402503e-03,4.055854e-01,1.516877e-03
4.860715e-03,5.006277e-03,1.354218e-02,6.392878e-03,3.256416e-02,1.795157e-03,1.186375e-03,7.235700e-03,4.124060e-01,6.824464e-03,5.450661e-02,5.795723e-02,5.748807e-03,3.880873e-01,1.886144e-03
7.937293e-03,7.059659e-03,2.573346e-02,5.870861e-03,2.895279e-02,2.355194e-03,9.593915e-04,6.735743e-03,3.785932e-01,5.459935e-03,4.317018e-02,4.128543e-02,5.734830e-03,4.374609e-01,2.691108e-03
1.332417e-02,5.719412e-03,2.026510e-02,6.348583e-03,2.254876e-02,2.597577e-03,7.419784e-04,5.657251e-03,4.498583e-01,5.144311e-03,3.943237e-02,3.394363e-02,8.921895e-03,3.828613e-01,2.635309e-03
1.168046e-02,7.510812e-03,1.598372e-02,1.653749e-02,1.668680e-02,2.621253e-03,5.530744e-04,7.351764e-03,4.718795e-01,5.514247e-03,6.229161e-02,4.290400e-02,2.759707e-02,3.082002e-01,2.687906e-03
8.473073e-03,6.144439e-03,1.179512e-02,1.416717e-02,1.204149e-02,2.410746e-03,4.147576e-04,4.264195e-02,5.527415e-01,4.186491e-03,5.708620e-02,3.364462e-02,2.444037e-02,2.278628e-01,1.949257e-03
6.129841e-03,5.185803e-03,8.562699e-03,1.078572e-02,8.594423e-03,2.201308e-03,2.945839e-04,3.765375e-02,6.596467e-01,3.366638e-03,5.051587e-02,2.588160e-02,1.942433e-02,1.603491e-01,1.407665e-03
6.731695e-03,7.028032e-03,6.601892e-03,1.142237e-02,1.105159e-02,3.274305e-03,2.806676e-04,3.500176e-02,7.185429e-01,3.553904e-03,4.539383e-02,1.835162e-02,1.458097e-02,1.169590e-01,1.225502e-03
7.040780e-03,7.675652e-03,5.533249e-03,2.071796e-02,1.668167e-02,3.376769e-03,2.877825e-04,6.024214e-02,7.224765e-01,3.973464e-03,4.151103e-02,1.330118e-02,1.153859e-02,8.417513e-02,1.468092e-03
8.319253e-03,1.056083e-02,1.376307e-02,4.339133e-02,2.369931e-02,4.175541e-03,2.674416e-04,7.086984e-02,7.055134e-01,4.547529e-03,3.213447e-02,9.436833e-03,8.414975e-03,6.025225e-02,4.653946e-03
1.105511e-02,1.758607e-02,2.233981e-02,4.767994e-02,3.365446e-02,4.436060e-03,2.786261e-04,7.542548e-02,6.953415e-01,4.265902e-03,2.465194e-02,6.738331e-03,6.098554e-03,4.368576e-02,6.762502e-03
1.654641e-02,3.725460e-02,2.204818e-02,3.985499e-02,6.669390e-02,7.688930e-03,3.887694e-04,8.155395e-02,6.519681e-01,4.475014e-03,1.955742e-02,4.882394e-03,4.557688e-03,3.455031e-02,7.979303e-03
2.283945e-02,5.227280e-02,2.111506e-02,3.459296e-02,1.177513e-01,1.015393e-02,7.157139e-04,7.500346e-02,6.050125e-01,4.455565e-03,1.590328e-02,3.585091e-03,3.498373e-03,2.636909e-02,6.731500e-03
2.981611e-02,5.353132e-02,2.226275e-02,2.893889e-02,1.307686e-01,1.264632e-02,2.737776e-03,9.267251e-02,5.771239e-01,4.618804e-03,1.282780e-02,2.781215e-03,2.877782e-03,2.052509e-02,5.871160e-03
4.040416e-02,5.743857e-02,2.232206e-02,2.426892e-02,1.146881e-01,1.287821e-02,3.445991e-03,1.361423e-01,5.457258e-01,4.152592e-03,1.019543e-02,2.205397e-03,2.629342e-03,1.821088e-02,5.292277e-03
7.308011e-02,6.372124e-02,2.001963e-02,1.930697e-02,9.047020e-02,1.856017e-02,4.207890e-03,1.269025e-01,5.352593e-01,6.224674e-03,9.352619e-03,2.405791e-03,2.808877e-03,2.179169e-02,5.888355e-03
8.879793e-02,6.922464e-02,1.984432e-02,1.631309e-02,7.635342e-02,4.104086e-02,4.588945e-03,1.151771e-01,4.870048e-01,1.118500e-02,1.147907e-02,7.159161e-03,8.226833e-03,3.503089e-02,8.574000e-03
1.379002e-01,6.640767e-02,2.834605e-02,1.831696e-02,6.610926e-02,3.908553e-02,8.456224e-03,1.146629e-01,3.731240e-01,3.283277e-02,1.367174e-02,1.441939e-02,1.327706e-02,3.899994e-02,3.439029e-02
1.212501e-01,6.532497e-02,2.913364e-02,2.728966e-02,5.183855e-02,3.184444e-02,7.411155e-03,8.287602e-02,2.823664e-01,9.978659e-02,2.804036e-02,1.617928e-02,2.173361e-02,3.086443e-02,1.040607e-01
9.901895e-02,5.804580e-02,2.354501e-02,4.841207e-02,3.796112e-02,2.540387e-02,5.679917e-03,5.882052e-02,2.299711e-01,1.220637e-01,7.689989e-02,3.321780e-02,3.613459e-02,2.540662e-02,1.194190e-01
1.142091e-01,5.160252e-02,1.784218e-02,4.713479e-02,2.927443e-02,2.350895e-02,4.698836e-03,4.310432e-02,2.573479e-01,1.122950e-01,7.212091e-02,3.179017e-02,4.243856e-02,2.856657e-02,1.240657e-01
8.898121e-02,3.907808e-02,1.369326e-02,3.881105e-02,2.161684e-02,1.996465e-02,3.517950e-03,3.083700e-02,2.543102e-01,8.953586e-02,1.126272e-01,3.207324e-02,5.200211e-02,8.552032e-02,1.174310e-01
6.676372e-02,2.969553e-02,1.152364e-02,2.961484e-02,1.597141e-02,1.548047e-02,2.653878e-03,2.193042e-02,2.161655e-01,6.598214e-02,9.285486e-02,2.655124e-02,4.151494e-02,1.914553e-01,1.718420e-01
4.805513e-02,2.232366e-02,8.977082e-03,2.105347e-02,1.196124e-02,1.367890e-02,1.930547e-03,1.545552e-02,1.806165e-01,4.746558e-02,7.962316e-02,1.905757e-02,3.016688e-02,3.494891e-01,1.501457e-01
3.735049e-02,2.054707e-02,1.157171e-02,1.799433e-02,8.859296e-03,1.166854e-02,1.626515e-03,1.115716e-02,2.751040e-01,3.445782e-02,6.092792e-02,1.392174e-02,2.200226e-02,3.166581e-01,1.561531e-01
3.945834e-02,2.470345e-02,1.012290e-02,1.480275e-02,7.700944e-03,1.046114e-02,1.700409e-03,8.210664e-03,2.530961e-01,2.550338e-02,4.586508e-02,1.193192e-02,1.746215e-02,3.306608e-01,1.983200e-01
3.120942e-02,2.493016e-02,8.757793e-03,1.109517e-02,6.277040e-03,8.568099e-03,1.470356e-03,5.943136e-03,2.135967e-01,1.857664e-02,3.386175e-02,9.155531e-03,1.301888e-02,3.796583e-01,2.338810e-01
2.518066e-02,4.249250e-02,7.688648e-03,8.431982e-03,5.922622e-03,7.436284e-03,1.267861e-03,4.597041e-03,2.018467e-01,1.372294e-02,2.497799e-02,6.792819e-03,9.919276e-03,3.869649e-01,2.527578e-01
2.480779e-02,1.077235e-01,6.607581e-03,6.464933e-03,5.708438e-03,6.448593e-03,1.060393e-03,3.479518e-03,1.849244e-01,1.066221e-02,1.925410e-02,5.104713e-03,8.402977e-03,3.726068e-01,2.367442e-01
2.149629e-02,1.086113e-01,5.790471e-03,5.267197e-03,5.050381e-03,6.906293e-03,9.587200e-04,3.075909e-03,1.917574e-01,9.468937e-03,1.440589e-02,4.004161e-03,7.213603e-03,3.413247e-01,2.746687e-01
1.695134e-02,7.825023e-02,4.331300e-03,3.774835e-03,3.969413e-03,5.646980e-03,7.005351e-04,2.247934e-03,1.874366e-01,8.611212e-03,1.091267e-02,2.939539e-03,5.644274e-03,3.445302e-01,3.240530e-01
1.880579e-02,6.072515e-02,3.827130e-03,3.805654e-03,4.042827e-03,5.780432e-03,7.160796e-04,2.581465e-03,1.812166e-01,7.066243e-03,1.046094e-02,2.308100e-03,1.028458e-02,4.326184e-01,2.557605e-01
1.993615e-02,5.332585e-02,7.679749e-03,7.469999e-03,3.586151e-03,4.839460e-03,7.988187e-04,2.126834e-03,2.834441e-01,1.334825e-02,1.379585e-02,2.874016e-03,1.132885e-02,3.230083e-01,2.524376e-01
2.725862e-02,4.007475e-02,6.986343e-03,6.141715e-03,2.908964e-03,4.642209e-03,6.736947e-04,1.888457e-03,2.519791e-01,1.652172e-02,1.786863e-02,2.830100e-03,1.149732e-02,2.511409e-01,3.575875e-01
4.282819e-02,3.023542e-02,8.315286e-03,5.229172e-03,2.936037e-03,4.297127e-03,5.618040e-04,1.943982e-03,2.276165e-01,2.168203e-02,1.574048e-02,2.540088e-03,1.095537e-02,2.062674e-01,4.188512e-01
5.788083e-02,2.677755e-02,2.670822e-02,7.290944e-03,6.461158e-03,5.088731e-03,9.271840e-04,5.844106e-03,1.888054e-01,2.383725e-02,1.501646e-02,2.571054e-03,1.163089e-02,1.782442e-01,4.429161e-01
7.735696e-02,2.755170e-02,1.237022e-01,1.229008e-02,1.108975e-02,5.711954e-03,1.591980e-03,1.035373e-02,1.542563e-01,2.771287e-02,1.590685e-02,2.707233e-03,1.146817e-02,1.580388e-01,3.602614e-01
9.806035e-02,2.305039e-02,1.124674e-01,1.023491e-02,1.017903e-02,5.348025e-03,1.318314e-03,1.126579e-02,1.665658e-01,4.192046e-02,1.417098e-02,2.298880e-03,9.251166e-03,1.887135e-01,3.051550e-01
1.260631e-01,2.012376e-02,1.039354e-01,8.796425e-03,1.532511e-02,6.063614e-03,1.248676e-03,1.879347e-02,1.629885e-01,4.724328e-02,1.253751e-02,2.231138e-03,7.454758e-03,1.710158e-01,2.961795e-01
1.441689e-01,2.976509e-02,1.138825e-01,3.406584e-02,3.339480e-02,1.028323e-02,2.507335e-03,3.629036e-02,1.270772e-01,3.906632e-02,1.100373e-02,2.714102e-03,6.471212e-03,1.395893e-01,2.697202e-01
1.534051e-01,2.891911e-02,8.900190e-02,2.688662e-02,3.676843e-02,2.176658e-02,2.921349e-03,3.078738e-02,1.187010e-01,4.198041e-02,9.084286e-03,3.092662e-03,8.952295e-03,1.207265e-01,3.070064e-01
1.905889e-01,4.011914e-02,7.538769e-02,6.488894e-02,5.066046e-02,2.647379e-02,3.220095e-03,3.011004e-02,1.048686e-01,3.718072e-02,7.506905e-03,3.296010e-03,7.486745e-03,9.179142e-02,2.664205e-01
2.552677e-01,3.592847e-02,5.989077e-02,4.911758e-02,4.747765e-02,2.568575e-02,2.382305e-03,2.314637e-02,1.302232e-01,3.907647e-02,7.570120e-03,3.330577e-03,6.919666e-03,8.083782e-02,2.331455e-01
3.092172e-01,4.368585e-02,4.624582e-02,8.008392e-02,5.188353e-02,2.787025e-02,2.475131e-03,2.045898e-02,1.286770e-01,2.998143e-02,7.484633e-03,5.675370e-03,6.379003e-03,6.432383e-02,1.755580e-01
2.216549e-01,1.097908e-01,4.849663e-02,2.091479e-01,4.115739e-02,2.017550e-02,1.806027e-03,1.469974e-02,1.031896e-01,2.371752e-02,1.708739e-02,4.642116e-03,5.368832e-03,4.618218e-02,1.328834e-01
1.651012e-01,1.134868e-01,8.737008e-02,1.542224e-01,3.052572e-02,1.518206e-02,1.326909e-03,1.115444e-02,8.811630e-02,5.513939e-02,1.280561e-01,5.146040e-03,5.615304e-03,3.712471e-02,1.024323e-01
1.254946e-01,9.135638e-02,7.688638e-02,1.092446e-01,2.158742e-02,1.133037e-02,9.687709e-04,8.179281e-03,6.388188e-02,1.330958e-01,2.378120e-01,9.738962e-03,4.863827e-03,3.293630e-02,7.262333e-02
9.215219e-02,7.587978e-02,5.591711e-02,7.718739e-02,1.554217e-02,8.720989e-03,7.647245e-04,5.771220e-03,4.552123e-02,3.067335e-01,2.206794e-01,9.290126e-03,4.716666e-03,2.531578e-02,5.580767e-02
6.772826e-02,5.652202e-02,3.968395e-02,5.411224e-02,1.100212e-02,6.776983e-03,5.531539e-04,4.053090e-03,3.241796e-02,4.519292e-01,2.037130e-01,9.096929e-03,3.859269e-03,1.888864e-02,3.966313e-02
4.927133e-02,4.357841e-02,2.968721e-02,3.811635e-02,8.022481e-03,3.148152e-02,4.191263e-04,3.172772e-03,2.823866e-02,5.465328e-01,1.632098e-01,8.978056e-03,4.528146e-03,1.589113e-02,2.887217e-02
3.729542e-02,3.223896e-02,2.107048e-02,2.715555e-02,6.297954e-03,3.607970e-02,4.017383e-04,2.631710e-03,2.672683e-02,6.090412e-01,1.434021e-01,1.377388e-02,4.514303e-03,1.723681e-02,2.213333e-02
2.775588e-02,2.305374e-02,1.488893e-02,1.925401e-02,5.057029e-03,2.878505e-02,3.737653e-04,2.423805e-03,2.253175e-02,7.016031e-01,1.063966e-01,1.144564e-02,3.840587e-03,1.564160e-02,1.694856e-02
1.987724e-02,1.971382e-02,1.213809e-02,1.426074e-02,2.572160e-02,2.293486e-02,5.244832e-04,1.852304e-03,9.115274e-02,6.643336e-01,8.119062e-02,9.102591e-03,4.416102e-03,1.479107e-02,1.799013e-02
1.428012e-02,1.483237e-02,8.999076e-03,1.095204e-02,2.551579e-02,1.630594e-02,6.341597e-04,2.357229e-03,2.136930e-01,5.958415e-01,5.816680e-02,7.374354e-03,3.533543e-03,1.416496e-02,1.334912e-02
1.083280e-02,1.635274e-02,7.059441e-03,1.197646e-02,2.788251e-02,1.634785e-02,7.110707e-04,2.554762e-03,3.463497e-01,4.836633e-01,4.371566e-02,6.174531e-03,3.545681e-03,1.290405e-02,9.929489e-03
8.067189e-03,1.588336e-02,5.381852e-03,8.591142e-03,2.152416e-02,1.910156e-02,6.003843e-04,1.991555e-03,3.113016e-01,5.474548e-01,3.498840e-02,4.827453e-03,3.420014e-03,9.434965e-03,7.431582e-03
6.430362e-03,2.140561e-02,4.725082e-03,7.987668e-03,1.738007e-02,1.445510e-02,7.532726e-04,2.771294e-03,3.595459e-01,5.050519e-01,3.261543e-02,6.680370e-03,6.550662e-03,7.639538e-03,6.007732e-03
4.825185e-03,3.884641e-02,3.787059e-03,6.063124e-03,1.249204e-02,1.095116e-02,6.402225e-04,2.230767e-03,3.606098e-01,5.049202e-01,2.866329e-02,7.698225e-03,7.954131e-03,5.579081e-03,4.739226e-03
3.584706e-03,4.268540e-02,3.106568e-03,4.693079e-03,9.084212e-03,8.254040e-03,5.117211e-04,1.661179e-03,3.552444e-01,5.283643e-01,2.142485e-02,5.800453e-03,7.769981e-03,3.975706e-03,3.839296e-03
2.806720e-03,6.714122e-02,2.579041e-03,4.651329e-03,7.203658e-03,6.314292e-03,5.223488e-04,1.348447e-03,3.410434e-01,5.328289e-01,1.618068e-02,4.409067e-03,6.752701e-03,2.898664e-03,3.319541e-03
3.352995e-03,9.403649e-02,4.095891e-03,3.973844e-03,6.596138e-03,5.104200e-03,7.327760e-04,5.246032e-03,3.359254e-01,5.123294e-01,1.242159e-02,3.631131e-03,6.708998e-03,2.907199e-03,2.937894e-03
6.762807e-03,8.728139e-02,4.216892e-03,3.089408e-03,7.074755e-03,4.539917e-03,1.090426e-03,5.137559e-03,2.821961e-01,5.759647e-01,9.075006e-03,2.703639e-03,5.500406e-03,2.540800e-03,2.826151e-03
1.840966e-02,8.651016e-02,1.454723e-02,1.861646e-02,3.684250e-02,1.311189e-02,4.703468e-03,2.482637e-02,2.479073e-01,5.066174e-01,9.292861e-03,3.341201e-03,8.490696e-03,3.723810e-03,3.058976e-03
2.650642e-02,7.928587e-02,1.945145e-02,2.667322e-02,4.983428e-02,1.446101e-02,6.796812e-03,2.455000e-02,1.875519e-01,5.361449e-01,7.847130e-03,3.674140e-03,8.590668e-03,4.762876e-03,3.869243e-03
3.560603e-02,6.204982e-02,3.746350e-02,6.792722e-02,5.042382e-02,1.841408e-02,8.128564e-03,2.904402e-02,1.361739e-01,5.249776e-01,7.577656e-03,4.227667e-03,9.867179e-03,3.531511e-03,4.587347e-03
3.123231e-02,4.706984e-02,4.507389e-02,6.809207e-02,4.018009e-02,1.641057e-02,6.851806e-03,2.348710e-02,1.008960e-01,5.883157e-01,9.519733e-03,5.085380e-03,1.061016e-02,2.903624e-03,4.271657e-03
2.867055e-02,3.472181e-02,3.789971e-02,5.124560e-02,3.949433e-02,1.279530e-02,6.628298e-03,2.253275e-02,8.042936e-02,6.561200e-01,8.835581e-03,4.599979e-03,9.841887e-03,2.510430e-03,3.674381e-03
2.167503e-02,2.470558e-02,3.321891e-02,3.612558e-02,4.208308e-02,9.520640e-03,9.103133e-03,1.275120e-01,6.126786e-02,6.051449e-01,8.969335e-03,3.762345e-03,1.099380e-02,2.117952e-03,3.799804e-03
1.704114e-02,1.748409e-02,2.453135e-02,2.560408e-02,5.384659e-02,6.975698e-03,9.672704e-03,1.225661e-01,5.717767e-02,6.419992e-01,6.887521e-03,2.862616e-03,8.797153e-03,1.627008e-03,2.927067e-03
1.961755e-02,1.259988e-02,1.786822e-02,1.862915e-02,4.930854e-02,9.384664e-03,7.822158e-03,9.768409e-02,7.529560e-02,6.742641e-01,5.303627e-03,2.258072e-03,6.597095e-03,1.178664e-03,2.188644e-03
2.381925e-02,9.465914e-03,1.302495e-02,1.457783e-02,4.486531e-02,9.713263e-03,7.725695e-03,1.131077e-01,6.892054e-02,6.801494e-01,4.174064e-03,2.007143e-03,5.839561e-03,8.589714e-04,1.750441e-03
2.363539e-02,7.706693e-03,1.017519e-02,1.254714e-02,4.169003e-02,1.055170e-02,9.448002e-03,1.269634e-01,6.995656e-02,6.696917e-01,4.082228e-03,2.981620e-03,7.941079e-03,6.454533e-04,1.983822e-03
2.747712e-02,6.051710e-03,7.950407e-03,1.124056e-02,3.445588e-02,1.255467e-02,7.306917e-03,9.560891e-02,5.417663e-02,7.142965e-01,5.836715e-03,6.076629e-03,1.239021e-02,1.120151e-03,3.457007e-03
2.503944e-02,4.608540e-03,5.823488e-03,8.590565e-03,2.569727e-02,1.093921e-02,5.317678e-03,6.808723e-02,3.950913e-02,7.767504e-01,5.754731e-03,6.132185e-03,1.389345e-02,9.512496e-04,2.905420e-03
2.737978e-02,3.998627e-03,4.536718e-03,7.658021e-03,1.881821e-02,1.145592e-02,4.003367e-03,4.897898e-02,3.002422e-02,8.069656e-01,5.763543e-03,6.128744e-03,1.966041e-02,9.355198e-04,3.692313e-03
4.181316e-02,3.708951e-03,3.863661e-03,7.137354e-03,1.351115e-02,1.137610e-02,2.974343e-03,3.630865e-02,2.340002e-02,8.237075e-01,4.976706e-03,5.468148e-03,1.605785e-02,1.117740e-03,4.578689e-03
4.140383e-02,2.904239e-03,2.865489e-03,5.462821e-03,9.599953e-03,9.654497e-03,2.127526e-03,2.644813e-02,1.808707e-02,8.560355e-01,3.860210e-03,4.201263e-03,1.214248e-02,8.860824e-04,4.320935e-03
3.484930e-02,3.796551e-03,3.333075e-03,4.034474e-03,8.419298e-03,6.951680e-03,1.539338e-03,1.922305e-02,1.458113e-02,8.547547e-01,7.764032e-03,4.140561e-03,1.726916e-02,1.072665e-03,1.827098e-02
2.917564e-02,3.836746e-03,1.079227e-02,3.094836e-03,1.488822e-02,5.080416e-03,1.604985e-03,2.764275e-02,2.198117e-02,7.871513e-01,9.337472e-03,3.865577e-03,2.661942e-02,1.737857e-03,5.319136e-02
3.110662e-02,5.248590e-02,1.078971e-01,2.577894e-03,1.735003e-02,5.832321e-03,1.164644e-03,2.059072e-02,1.771282e-02,6.270368e-01,2.103656e-02,3.209293e-03,2.848466e-02,1.834935e-03,6.167970e-02
2.602633e-02,4.159212e-02,3.477789e-01,2.353191e-03,1.507207e-02,4.364614e-03,8.475558e-04,1.461134e-02,1.360418e-02,4.490701e-01,1.490219e-02,2.273535e-03,2.015840e-02,1.289461e-03,4.605604e-02
2.370999e-02,3.966374e-02,4.221807e-01,2.134777e-03,1.575451e-02,3.388626e-03,6.747373e-04,1.118592e-02,1.798107e-02,3.819903e-01,1.089634e-02,1.626126e-03,1.442840e-02,9.412460e-04,5.344355e-02
2.617214e-02,7.773619e-02,4.057928e-01,2.752187e-03,9.634179e-02,7.310997e-03,2.234549e-03,8.185162e-03,1.419415e-02,2.918358e-01,9.780340e-03,1.330440e-03,1.044247e-02,9.158886e-04,4.497512e-02
2.249090e-02,1.334054e-01,3.815517e-01,7.586467e-03,1.608909e-01,6.684162e-03,3.198097e-03,6.596554e-03,1.055187e-02,2.121204e-01,7.352279e-03,1.033308e-03,7.499945e-03,6.660873e-04,3.837188e-02
2.973618e-02,1.301002e-01,3.120898e-01,5.920865e-03,2.889065e-01,1.087964e-02,6.721456e-03,5.232778e-03,7.621787e-03,1.612824e-01,5.221028e-03,7.675184e-04,5.478620e-03,4.931435e-04,2.954802e-02
2.651235e-02,1.300087e-01,2.437931e-01,1.455969e-02,3.771385e-01,1.344818e-02,2.330752e-02,4.173466e-03,6.086141e-03,1.270981e-01,3.809049e-03,6.133288e-04,4.138212e-03,3.682782e-04,2.494526e-02
2.715582e-02,1.476199e-01,2.237203e-01,2.446901e-02,3.826352e-01,1.404050e-02,3.099772e-02,4.323287e-03,4.589160e-03,1.033564e-01,2.856688e-03,5.673528e-04,3.224760e-03,3.284268e-04,3.011547e-02
5.170664e-02,1.588636e-01,2.385026e-01,2.138711e-02,3.478932e-01,1.843400e-02,3.361191e-02,4.971645e-03,3.417770e-03,8.236574e-02,2.407705e-03,7.804268e-04,2.709402e-03,3.851700e-04,3.256301e-02
6.476170e-02,1.379344e-01,2.684301e-01,2.820309e-02,3.258933e-01,2.517834e-02,2.954167e-02,1.907276e-02,2.621904e-03,6.189318e-02,2.255069e-03,1.184227e-03,2.425926e-03,3.680209e-04,3.023623e-02
8.806348e-02,1.213057e-01,2.741577e-01,3.030763e-02,2.846069e-01,3.569701e-02,3.020702e-02,2.314977e-02,2.495581e-03,5.875574e-02,2.758092e-03,2.372383e-03,3.029928e-03,5.330299e-04,4.256004e-02
7.180134e-02,9.826538e-02,3.939074e-01,2.938863e-02,2.091579e-01,2.634035e-02,2.141092e-02,1.693918e-02,5.128365e-03,5.405825e-02,1.655429e-02,2.847714e-03,4.144310e-03,5.288914e-03,4.476711e-02
5.325812e-02,1.275585e-01,4.052881e-01,4.964711e-02,1.601877e-01,2.044540e-02,1.540245e-02,1.313050e-02,9.471310e-03,4.128472e-02,4.513129e-02,3.661432e-03,6.467497e-03,8.860512e-03,4.020532e-02
4.224161e-02,1.445530e-01,3.766009e-01,3.804006e-02,1.147657e-01,1.500458e-02,1.111635e-02,9.739749e-03,1.263688e-02,3.185358e-02,1.366841e-01,4.703009e-03,7.268767e-03,2.447091e-02,3.032082e-02
3.338132e-02,1.145630e-01,3.395923e-01,2.916134e-02,8.139121e-02,1.098449e-02,7.973313e-03,7.267243e-03,1.774227e-02,2.444328e-02,2.518384e-01,5.003445e-03,5.882116e-03,4.626154e-02,2.451473e-02
2.475170e-02,8.303519e-02,2.427597e-01,2.223342e-02,5.714367e-02,9.237397e-03,5.633047e-03,5.199955e-03,1.980685e-02,1.853976e-02,4.466068e-01,5.437077e-03,4.900226e-03,3.624424e-02,1.847091e-02
1.749617e-02,5.896702e-02,1.708736e-01,1.640646e-02,4.028964e-02,6.889551e-03,4.020123e-03,3.712558e-03,1.466950e-02,1.346491e-02,5.918017e-01,7.668705e-03,3.735829e-03,3.693586e-02,1.306831e-02
1.235890e-02,4.219729e-02,1.200126e-01,1.185021e-02,2.889806e-02,5.136305e-03,2.902258e-03,2.672295e-03,1.123873e-02,1.011707e-02,6.801849e-01,1.103143e-02,2.987558e-03,4.908071e-02,9.331689e-03
8.723634e-03,3.038386e-02,8.435701e-02,8.626689e-03,2.093054e-02,3.718916e-03,2.061638e-03,1.986167e-03,1.400669e-02,7.691123e-03,7.245632e-01,1.768740e-02,2.332732e-03,6.622554e-02,6.704831e-03
6.219509e-03,2.179774e-02,5.927729e-02,6.374999e-03,1.741539e-02,2.725585e-03,1.484931e-03,1.533283e-03,1.806198e-02,6.203031e-03,7.139509e-01,2.011679e-02,1.991234e-03,1.178491e-01,4.998247e-03
4.402512e-03,1.645600e-02,4.188213e-02,4.599675e-03,2.165246e-02,2.077560e-03,1.069205e-03,1.110816e-03,1.462194e-02,5.157829e-03,6.795588e-01,1.653399e-02,1.639328e-03,1.852526e-01,3.985171e-03
3.170872e-03,1.180162e-02,2.952752e-02,3.268051e-03,1.594378e-02,1.612645e-03,7.550964e-04,8.007943e-04,1.105967e-02,4.407856e-03,7.005256e-01,1.319089e-02,1.269932e-03,1.997185e-01,2.947192e-03
2.273708e-03,8.597893e-03,2.092916e-02,2.379694e-03,1.214282e-02,1.358502e-03,5.454351e-04,5.774215e-04,8.186471e-03,6.113376e-03,7.467672e-01,1.068817e-02,1.170618e-03,1.758403e-01,2.429244e-03
1.744018e-03,6.154351e-03,1.470853e-02,1.741678e-03,9.929334e-03,1.228086e-03,4.119065e-04,4.402336e-04,5.977106e-03,9.943394e-03,7.874447e-01,9.674182e-03,1.387635e-03,1.474040e-01,1.810864e-03
1.470261e-03,4.643461e-03,1.043799e-02,1.428084e-03,1.367761e-02,2.273159e-03,5.537681e-04,4.644283e-04,6.772633e-03,1.522821e-02,8.056089e-01,1.138569e-02,1.773529e-03,1.228784e-01,1.403929e-03
1.101138e-03,3.662998e-03,7.470739e-03,1.363763e-03,2.033561e-02,2.284353e-03,8.567590e-04,4.840770e-04,7.728334e-03,1.917793e-02,8.237344e-01,1.102738e-02,2.239957e-03,9.738993e-02,1.142638e-03
9.600534e-04,3.184808e-03,6.147371e-03,2.751623e-03,2.618101e-02,3.298544e-03,8.041606e-04,1.811324e-03,1.185626e-02,5.297891e-02,7.505715e-01,1.925503e-02,5.040349e-03,1.117883e-01,3.370723e-03
1.105484e-03,3.913902e-03,7.254042e-03,6.317017e-03,3.266101e-02,3.650967e-03,6.776141e-04,2.722999e-02,3.100089e-02,6.593654e-02,6.631913e-01,2.841378e-02,8.980098e-03,1.134863e-01,6.181028e-03
2.243350e-03,1.141987e-02,1.003026e-02,1.392141e-02,3.632125e-02,5.090903e-03,5.462231e-04,4.213902e-02,9.601897e-02,6.748991e-02,5.726624e-01,2.989989e-02,1.195926e-02,9.149088e-02,8.766431e-03
5.560310e-03,2.419050e-02,1.358940e-02,1.500161e-02,4.439320e-02,7.693368e-03,6.933116e-04,8.059909e-02,1.884137e-01,6.495684e-02,4.469252e-01,2.330308e-02,1.105548e-02,6.586403e-02,7.760817e-03
1.084066e-02,1.381079e-01,1.726593e-02,1.788715e-02,4.865029e-02,6.919908e-03,5.987351e-04,6.063133e-02,1.972032e-01,6.863154e-02,3.473904e-01,1.697937e-02,8.595309e-03,4.768465e-02,1.261351e-02
1.534912e-02,1.336704e-01,4.623539e-02,7.162994e-02,5.602027e-02,6.698812e-03,1.019489e-03,1.316215e-01,1.732053e-01,5.107398e-02,2.514618e-01,1.212146e-02,6.588090e-03,3.363956e-02,9.664796e-03
2.276246e-02,1.648928e-01,5.144577e-02,9.038639e-02,5.488920e-02,5.584375e-03,8.965277e-04,1.869726e-01,1.522036e-01,3.919918e-02,1.842706e-01,8.903435e-03,5.074740e-03,2.398625e-02,8.532057e-03
2.269276e-02,1.855445e-01,4.646108e-02,6.955016e-02,4.896631e-02,4.285751e-03,7.836549e-04,2.963764e-01,1.317097e-01,2.800294e-02,1.317065e-01,6.465030e-03,3.851591e-03,1.712263e-02,6.480964e-03
2.255620e-02,1.914434e-01,3.985061e-02,5.261094e-02,4.865311e-02,3.562947e-03,6.258017e-04,3.912681e-01,1.100405e-01,2.000926e-02,9.419468e-02,4.634472e-03,2.923629e-03,1.266149e-02,4.964712e-03
3.581349e-02,1.898304e-01,5.636060e-02,4.306830e-02,6.513472e-02,3.850860e-03,6.103161e-04,3.978662e-01,9.753788e-02,1.445063e-02,7.232641e-02,3.811676e-03,2.455706e-03,1.221128e-02,4.671435e-03
2.549843e-02,1.345850e-01,4.068288e-02,2.011341e-01,9.649200e-02,3.225895e-03,5.365249e-04,2.840385e-01,7.091805e-02,1.248536e-02,8.904721e-02,2.174365e-02,6.957481e-03,8.953188e-03,3.701610e-03
1.844075e-02,9.469956e-02,2.939514e-02,2.064500e-01,8.403555e-02,2.985346e-03,4.256341e-04,1.998447e-01,5.024677e-02,2.632951e-02,2.172557e-01,4.177865e-02,1.749094e-02,7.415566e-03,3.206180e-03
1.502052e-02,6.691201e-02,2.147203e-02,1.576113e-01,8.864142e-02,2.776855e-03,4.178196e-04,1.405998e-01,3.653561e-02,2.130079e-02,3.280692e-01,7.627916e-02,2.113929e-02,2.052114e-02,2.702994e-03
1.329076e-02,4.804166e-02,1.623886e-02,1.163074e-01,9.019885e-02,2.928923e-03,4.867158e-04,9.938865e-02,2.740830e-02,1.724703e-02,3.897157e-01,1.109488e-01,2.253052e-02,4.291120e-02,2.356620e-03
1.111808e-02,3.433202e-02,1.227940e-02,8.626280e-02,8.042085e-02,4.373906e-03,4.722287e-04,7.021078e-02,2.035960e-02,1.875189e-02,4.053382e-01,1.975099e-01,1.723399e-02,3.903246e-02,2.303893e-03
9.146082e-03,2.483691e-02,9.149587e-03,6.142723e-02,6.186153e-02,4.361719e-03,3.699433e-04,4.941157e-02,1.569199e-02,2.158266e-02,4.534457e-01,2.323621e-01,1.342710e-02,4.036182e-02,2.564029e-03
8.382841e-03,1.944881e-02,7.133383e-03,4.354189e-02,4.960085e-02,4.319908e-03,2.834077e-04,3.480483e-02,1.239363e-02,2.237637e-02,5.133339e-01,2.264040e-01,1.101837e-02,4.370749e-02,3.250338e-03
7.794069e-03,1.518504e-02,5.779492e-03,3.080413e-02,4.275404e-02,3.773196e-03,2.269620e-04,2.465781e-02,1.033853e-02,2.600376e-02,5.801486e-01,1.860857e-01,8.540181e-03,5.433507e-02,3.573349e-03
8.388154e-03,1.139406e-02,4.969083e-03,2.247502e-02,5.224825e-02,3.956627e-03,3.648511e-04,1.821955e-02,1.206460e-02,3.457528e-02,5.925226e-01,1.705997e-01,8.388315e-03,5.514146e-02,4.692407e-03
6.887762e-03,8.348325e-03,3.696292e-03,1.611293e-02,4.249472e-02,3.444801e-03,3.053164e-04,1.293256e-02,9.980347e-03,2.983557e-02,6.649361e-01,1.384687e-01,7.814748e-03,4.989698e-02,4.844833e-03
5.764294e-03,8.759578e-03,4.141669e-03,1.267815e-02,5.021552e-02,5.931784e-03,1.412745e-03,9.489916e-03,2.411097e-02,3.383403e-02,6.314194e-01,1.408731e-01,8.091185e-03,5.659383e-02,6.683775e-03
5.104281e-03,7.081007e-03,5.009172e-03,1.128672e-02,5.992670e-02,7.914767e-03,2.956908e-03,9.383284e-03,2.720888e-02,2.776441e-02,6.252316e-01,1.332656e-01,8.619705e-03,6.313904e-02,6.107793e-03
6.401482e-03,7.489850e-03,1.162348e-02,1.182950e-02,5.418418e-02,8.967972e-03,2.703179e-03,1.369930e-02,3.662854e-02,3.777933e-02,6.093497e-01,1.180219e-01,1.271585e-02,6.200959e-02,6.596124e-03
6.522570e-03,6.546287e-03,1.403964e-02,1.126466e-02,5.015070e-02,9.109879e-03,2.410443e-03,2.262590e-02,4.109927e-02,4.893149e-02,6.109740e-01,9.801543e-02,1.410711e-02,5.816150e-02,6.041112e-03
1.976610e-02,8.964086e-03,8.786517e-02,1.149455e-02,4.231112e-02,1.682822e-02,2.173811e-03,4.812119e-02,5.881703e-02,4.704858e-02,5.139331e-01,7.283431e-02,1.337763e-02,5.040882e-02,6.056238e-03
3.094682e-02,1.218666e-02,1.667479e-01,2.341560e-02,4.711417e-02,1.535308e-02,2.969001e-03,6.152827e-02,1.030381e-01,3.895791e-02,3.876193e-01,5.211014e-02,1.230339e-02,4.031349e-02,5.396209e-03
3.333098e-02,1.131583e-02,2.938707e-01,3.578924e-02,4.650006e-02,1.280939e-02,2.690137e-03,7.367469e-02,8.579268e-02,3.160207e-02,2.904760e-01,3.712625e-02,9.820436e-03,3.108564e-02,4.115892e-03
3.080714e-02,1.470137e-02,4.500009e-01,2.944844e-02,3.767080e-02,9.632837e-03,2.464944e-03,5.896086e-02,6.914097e-02,2.476642e-02,2.081889e-01,2.619999e-02,7.225285e-03,2.774101e-02,3.050106e-03
3.519259e-02,2.485932e-02,5.265548e-01,2.592355e-02,3.134346e-02,7.342142e-03,2.051124e-03,6.131010e-02,5.780598e-02,2.268153e-02,1.497187e-01,1.857191e-02,5.572012e-03,2.867216e-02,2.400652e-03
3.853182e-02,2.422551e-02,5.262251e-01,2.387866e-02,3.033139e-02,5.528067e-03,1.693088e-03,1.312725e-01,4.462019e-02,2.203574e-02,1.066381e-01,1.308256e-02,4.316759e-03,2.583501e-02,1.785558e-03
4.076708e-02,2.131283e-02,4.046033e-01,2.047583e-02,2.923078e-02,4.551140e-03,1.314659e-03,3.127341e-01,3.295668e-02,1.925751e-02,7.619046e-02,9.217079e-03,3.372450e-03,2.263735e-02,1.378733e-03
3.533961e-02,1.759411e-02,3.278919e-01,1.604086e-02,2.464060e-02,3.908175e-03,1.032908e-03,4.526605e-01,2.376295e-02,1.572519e-02,5.385037e-02,6.516944e-03,2.554282e-03,1.739483e-02,1.086835e-03
2.969140e-02,1.546628e-02,2.390614e-01,1.216395e-02,2.217420e-02,4.648216e-03,8.828182e-04,5.863925e-01,1.763702e-02,1.335886e-02,3.820824e-02,4.709378e-03,1.964888e-03,1.265513e-02,9.856680e-04
2.621285e-02,1.300140e-02,1.729753e-01,9.156258e-03,2.070493e-02,4.500156e-03,7.713004e-04,6.845646e-01,1.333516e-02,1.167845e-02,2.737786e-02,3.478245e-03,1.556913e-03,9.724613e-03,9.619676e-04
2.367920e-02,1.268660e-02,1.244298e-01,7.102022e-03,2.024138e-02,4.756480e-03,1.218327e-03,7.535046e-01,1.104638e-02,8.705452e-03,1.960839e-02,2.602488e-03,1.882169e-03,7.431027e-03,1.105738e-03
3.354720e-02,2.523940e-02,9.125759e-02,6.118093e-03,2.794151e-02,6.078886e-03,1.778516e-03,7.606797e-01,1.369686e-02,6.567099e-03,1.444958e-02,2.192864e-03,2.113560e-03,6.841782e-03,1.497292e-03
5.401641e-02,3.253634e-02,6.862458e-02,5.647732e-03,2.689645e-02,6.215159e-03,2.531720e-03,7.555869e-01,1.779186e-02,5.547857e-03,1.064929e-02,2.097865e-03,2.160626e-03,7.594214e-03,2.102959e-03
1.211256e-01,4.054844e-02,5.418641e-02,5.753197e-03,2.866243e-02,9.130573e-03,4.895051e-03,6.760554e-01,2.534846e-02,5.829687e-03,8.436047e-03,3.340835e-03,2.648801e-03,1.014463e-02,3.894331e-03
1.801588e-01,4.036071e-02,4.192202e-02,6.091606e-03,2.760010e-02,1.104316e-02,6.052920e-03,6.159422e-01,3.382547e-02,5.830132e-03,7.115420e-03,5.081534e-03,3.171971e-03,9.952787e-03,5.851179e-03
