1.000000e+00,0.000000e+00,0.000000e+00,0.000000e+00,0.000000e+00,0.000000e+00,0.000000e+00,0.000000e+00,0.000000e+00,0.000000e+00,0.000000e+00,0.000000e+00,0.000000e+00,0.000000e+00,0.000000e+00
1.000000e+00,0.000000e+00,0.000000e+00,0.000000e+00,0.000000e+00,0.000000e+00,0.000000e+00,0.000000e+00,0.000000e+00,0.000000e+00,0.000000e+00,0.000000e+00,0.000000e+00,0.000000e+00,0.000000e+00
1.000000e+00,0.000000e+00,0.000000e+00,0.000000e+00,0.000000e+00,0.000000e+00,0.000000e+00,0.000000e+00,0.000000e+00,0.000000e+00,0.000000e+00,0.000000e+00,0.000000e+00,0.000000e+00,0.000000e+00
1.000000e+00,0.000000e+00,0.000000e+00,0.000000e+00,0.000000e+00,0.000000e+00,0.000000e+00,0.000000e+00,0.000000e+00,0.000000e+00,0.000000e+00,0.000000e+00,0.000000e+00,0.000000e+00,0.000000e+00
1.000000e+00,0.000000e+00,0.000000e+00,0.000000e+00,0.000000e+00,0.000000e+00,0.000000e+00,0.000000e+00,0.000000e+00,0.000000e+00,0.000000e+00,0.000000e+00,0.000000e+00,0.000000e+00,0.000000e+00
1.000000e+00,0.000000e+00,0.000000e+00,0.000000e+00,0.000000e+00,0.000000e+00,0.000000e+00,0.000000e+00,0.000000e+00,0.000000e+00,0.000000e+00,0.000000e+00,0.000000e+00,0.000000e+00,0.000000e+00
1.000000e+00,0.000000e+00,0.000000e+00,0.000000e+00,0.000000e+00,0.000000e+00,0.000000e+00,0.000000e+00,0.000000e+00,0.000000e+00,0.000000e+00,0.000000e+00,0.000000e+00,0.000000e+00,0.000000e+00
1.000000e+00,0.000000e+00,0.000000e+00,0.000000e+00,0.000000e+00,0.000000e+00,0.000000e+00,0.000000e+00,0.000000e+00,0.000000e+00,0.000000e+00,0.000000e+00,0.000000e+00,0.000000e+00,0.000000e+00
1.000000e+00,0.000000e+00,0.000000e+00,0.000000e+00,0.000000e+00,0.000000e+00,0.000000e+00,0.000000e+00,0.000000e+00,0.000000e+00,0.000000e+00,0.000000e+00,0.000000e+00,0.000000e+00,0.000000e+00
1.000000e+00,0.000000e+00,0.000000e+00,0.000000e+00,0.000000e+00,0.000000e+00,0.000000e+00,0.000000e+00,0.000000e+00,0.000000e+00,0.000000e+00,0.000000e+00,0.000000e+00,0.000000e+00,0.000000e+00
1.000000e+00,0.000000e+00,0.000000e+00,0.000000e+00,0.000000e+00,0.000000e+00,0.000000e+00,0.000000e+00,0.000000e+00,0.000000e+00,0.000000e+00,0.000000e+00,0.000000e+00,0.000000e+00,0.000000e+00
1.000000e+00,0.000000e+00,0.000000e+00,0.000000e+00,0.000000e+00,0.000000e+00,0.000000e+00,0.000000e+00,0.000000e+00,0.000000e+00,0.000000e+00,0.000000e+00,0.000000e+00,0.000000e+00,0.000000e+00
1.000000e+00,0.000000e+00,0.000000e+00,0.000000e+00,0.000000e+00,0.000000e+00,0.000000e+00,0.000000e+00,0.000000e+00,0.000000e+00,0.000000e+00,0.000000e+00,0.000000e+00,0.000000e+00,0.000000e+00
1.000000e+00,0.000000e+00,0.000000e+00,0.000000e+00,0.000000e+00,0.000000e+00,0.000000e+00,0.000000e+00,0.000000e+00,0.000000e+00,0.000000e+00,0.000000e+00,0.000000e+00,0.000000e+00,0.000000e+00
1.000000e+00,0.000000e+00,0.000000e+00,0.000000e+00,0.000000e+00,0.000000e+00,0.000000e+00,0.000000e+00,0.000000e+00,0.000000e+00,0.000000e+00,0.000000e+00,0.000000e+00,0.000000e+00,0.000000e+00
1.000000e+00,0.000000e+00,0.000000e+00,0.000000e+00,0.000000e+00,0.000000e+00,0.000000e+00,0.000000e+00,0.000000e+00,0.000000e+00,0.000000e+00,0.000000e+00,0.000000e+00,0.000000e+00,0.000000e+00
1.000000e+00,0.000000e+00,0.000000e+00,0.000000e+00,0.000000e+00,0.000000e+00,0.000000e+00,0.000000e+00,0.000000e+00,0.000000e+00,0.000000e+00,0.000000e+00,0.000000e+00,0.000000e+00,0.000000e+00
1.000000e+00,0.000000e+00,0.000000e+00,0.000000e+00,0.000000e+00,0.000000e+00,0.000000e+00,0.000000e+00,0.000000e+00,0.000000e+00,0.000000e+00,0.000000e+00,0.000000e+00,0.000000e+00,0.000000e+00
1.000000e+00,0.000000e+00,0.000000e+00,0.000000e+00,0.000000e+00,0.000000e+00,0.000000e+00,0.000000e+00,0.000000e+00,0.000000e+00,0.000000e+00,0.000000e+00,0.000000e+00,0.000000e+00,0.000000e+00
1.000000e+00,0.000000e+00,0.000000e+00,0.000000e+00,0.000000e+00,0.000000e+00,0.000000e+00,0.000000e+00,0.000000e+00,0.000000e+00,0.000000e+00,0.000000e+00,0.000000e+00,0.000000e+00,0.000000e+00
1.000000e+00,0.000000e+00,0.000000e+00,0.000000e+00,0.000000e+00,0.000000e+00,0.000000e+00,0.000000e+00,0.000000e+00,0.000000e+00,0.000000e+00,0.000000e+00,0.000000e+00,0.000000e+00,0.000000e+00
1.000000e+00,0.000000e+00,0.000000e+00,0.000000e+00,0.000000e+00,0.000000e+00,0.000000e+00,0.000000e+00,0.000000e+00,0.000000e+00,0.000000e+00,0.000000e+00,0.000000e+00,0.000000e+00,0.000000e+00
1.000000e+00,0.000000e+00,0.000000e+00,0.000000e+00,0.000000e+00,0.000000e+00,0.000000e+00,0.000000e+00,0.000000e+00,0.000000e+00,0.000000e+00,0.000000e+00,0.000000e+00,0.000000e+00,0.000000e+00
1.000000e+00,0.000000e+00,0.000000e+00,0.000000e+00,0.000000e+00,0.000000e+00,0.000000e+00,0.000000e+00,0.000000e+00,0.000000e+00,0.000000e+00,0.000000e+00,0.000000e+00,0.000000e+00,0.000000e+00
1.000000e+00,0.000000e+00,0.000000e+00,0.000000e+00,0.000000e+00,0.000000e+00,0.000000e+00,0.000000e+00,0.000000e+00,0.000000e+00,0.000000e+00,0.000000e+00,0.000000e+00,0.000000e+00,0.000000e+00
1.000000e+00,0.000000e+00,0.000000e+00,0.000000e+00,0.000000e+00,0.000000e+00,0.000000e+00,0.000000e+00,0.000000e+00,0.000000e+00,0.000000e+00,0.000000e+00,0.000000e+00,0.000000e+00,0.000000e+00
1.000000e+00,0.000000e+00,0.000000e+00,0.000000e+00,0.000000e+00,0.000000e+00,0.000000e+00,0.000000e+00,0.000000e+00,0.000000e+00,0.000000e+00,0.000000e+00,0.000000e+00,0.000000e+00,0.000000e+00
1.000000e+00,0.000000e+00,0.000000e+00,0.000000e+00,0.000000e+00,0.000000e+00,0.000000e+00,0.000000e+00,0.000000e+00,0.000000e+00,0.000000e+00,0.000000e+00,0.000000e+00,0.000000e+00,0.000000e+00
1.000000e+00,0.000000e+00,0.000000e+00,0.000000e+00,0.000000e+00,0.000000e+00,0.000000e+00,0.000000e+00,0.000000e+00,0.000000e+00,0.000000e+00,0.000000e+00,0.000000e+00,0.000000e+00,0.000000e+00
1.000000e+00,0.000000e+00,0.000000e+00,0.000000e+00,0.000000e+00,0.000000e+00,0.000000e+00,0.000000e+00,0.000000e+00,0.000000e+00,0.000000e+00,0.000000e+00,0.000000e+00,0.000000e+00,0.000000e+00
1.000000e+00,0.000000e+00,0.000000e+00,0.000000e+00,0.000000e+00,0.000000e+00,0.000000e+00,0.000000e+00,0.000000e+00,0.000000e+00,0.000000e+00,0.000000e+00,0.000000e+00,0.000000e+00,0.000000e+00
1.000000e+00,0.000000e+00,0.000000e+00,0.000000e+00,0.000000e+00,0.000000e+00,0.000000e+00,0.000000e+00,0.000000e+00,0.000000e+00,0.000000e+00,0.000000e+00,0.000000e+00,0.000000e+00,0.000000e+00
1.000000e+00,0.000000e+00,0.000000e+00,0.000000e+00,0.000000e+00,0.000000e+00,0.000000e+00,0.000000e+00,0.000000e+00,0.000000e+00,0.000000e+00,0.000000e+00,0.000000e+00,0.000000e+00,0.000000e+00
1.000000e+00,0.000000e+00,0.000000e+00,0.000000e+00,0.000000e+00,0.000000e+00,0.000000e+00,0.000000e+00,0.000000e+00,0.000000e+00,0.000000e+00,0.000000e+00,0.000000e+00,0.000000e+00,0.000000e+00
1.000000e+00,0.000000e+00,0.000000e+00,0.000000e+00,0.000000e+00,0.000000e+00,0.000000e+00,0.000000e+00,0.000000e+00,0.000000e+00,0.000000e+00,0.000000e+00,0.000000e+00,0.000000e+00,0.000000e+00
1.000000e+00,0.000000e+00,0.000000e+00,0.000000e+00,0.000000e+00,0.000000e+00,0.000000e+00,0.000000e+00,0.000000e+00,0.000000e+00,0.000000e+00,0.000000e+00,0.000000e+00,0.000000e+00,0.000000e+00
1.000000e+00,0.000000e+00,0.000000e+00,0.000000e+00,0.000000e+00,0.000000e+00,0.000000e+00,0.000000e+00,0.000000e+00,0.000000e+00,0.000000e+00,0.000000e+00,0.000000e+00,0.000000e+00,0.000000e+00
1.000000e+00,0.000000e+00,0.000000e+00,0.000000e+00,0.000000e+00,0.000000e+00,0.000000e+00,0.000000e+00,0.000000e+00,0.000000e+00,0.000000e+00,0.000000e+00,0.000000e+00,0.000000e+00,0.000000e+00
1.000000e+00,0.000000e+00,0.000000e+00,0.000000e+00,0.000000e+00,0.000000e+00,0.000000e+00,0.000000e+00,0.000000e+00,0.000000e+00,0.000000e+00,0.000000e+00,0.000000e+00,0.000000e+00,0.000000e+00
1.000000e+00,0.000000e+00,0.000000e+00,0.000000e+00,0.000000e+00,0.000000e+00,0.000000e+00,0.000000e+00,0.000000e+00,0.000000e+00,0.000000e+00,0.000000e+00,0.000000e+00,0.000000e+00,0.000000e+00
1.000000e+00,0.000000e+00,0.000000e+00,0.000000e+00,0.000000e+00,0.000000e+00,0.000000e+00,0.000000e+00,0.000000e+00,0.000000e+00,0.000000e+00,0.000000e+00,0.000000e+00,0.000000e+00,0.000000e+00
1.000000e+00,0.000000e+00,0.000000e+00,0.000000e+00,0.000000e+00,0.000000e+00,0.000000e+00,0.000000e+00,0.000000e+00,0.000000e+00,0.000000e+00,0.000000e+00,0.000000e+00,0.000000e+00,0.000000e+00
1.000000e+00,0.000000e+00,0.000000e+00,0.000000e+00,0.000000e+00,0.000000e+00,0.000000e+00,0.000000e+00,0.000000e+00,0.000000e+00,0.000000e+00,0.000000e+00,0.000000e+00,0.000000e+00,0.000000e+00
1.000000e+00,0.000000e+00,0.000000e+00,0.000000e+00,0.000000e+00,0.000000e+00,0.000000e+00,0.000000e+00,0.000000e+00,0.000000e+00,0.000000e+00,0.000000e+00,0.000000e+00,0.000000e+00,0.000000e+00
1.000000e+00,0.000000e+00,0.000000e+00,0.000000e+00,0.000000e+00,0.000000e+00,0.000000e+00,0.000000e+00,0.000000e+00,0.000000e+00,0.000000e+00,0.000000e+00,0.000000e+00,0.000000e+00,0.000000e+00
1.000000e+00,0.000000e+00,0.000000e+00,0.000000e+00,0.000000e+00,0.000000e+00,0.000000e+00,0.000000e+00,0.000000e+00,0.000000e+00,0.000000e+00,0.000000e+00,0.000000e+00,0.000000e+00,0.000000e+00
1.000000e+00,0.000000e+00,0.000000e+00,0.000000e+00,0.000000e+00,0.000000e+00,0.000000e+00,0.000000e+00,0.000000e+00,0.000000e+00,0.000000e+00,0.000000e+00,0.000000e+00,0.000000e+00,0.000000e+00
4.912202e-01,3.236448e-02,1.536977e-02,3.212085e-02,1.078181e-02,3.095773e-01,2.790476e-03,1.121412e-02,5.283696e-03,3.198236e-02,1.120214e-02,1.127713e-02,9.784285e-03,4.931093e-03,2.010030e-02
3.523438e-01,2.319516e-02,1.151708e-02,2.270086e-02,7.813901e-03,4.984460e-01,2.029757e-03,9.473030e-03,4.038687e-03,2.576071e-02,8.765299e-03,7.980460e-03,6.922304e-03,3.821294e-03,1.519168e-02
2.513296e-01,1.656798e-02,8.520388e-03,1.692916e-02,5.950305e-03,6.144701e-01,1.581642e-03,9.646358e-03,4.037188e-03,2.897188e-02,7.401690e-03,5.668295e-03,4.987891e-03,3.337072e-03,2.060054e-02
1.876366e-01,1.195224e-02,6.533246e-03,1.242939e-02,4.700236e-03,6.267827e-01,1.351836e-03,7.501141e-03,9.403590e-03,7.260741e-02,7.796182e-03,4.029082e-03,3.749358e-03,3.072049e-03,4.045506e-02
1.356336e-01,8.509715e-03,4.843136e-03,9.008952e-03,3.427637e-03,5.207632e-01,1.189021e-03,5.578116e-03,1.897260e-02,1.834682e-01,1.243981e-02,2.909170e-03,3.326524e-03,3.701070e-03,8.622944e-02
9.509500e-02,7.089075e-03,3.562617e-03,7.672468e-03,2.890820e-03,3.926855e-01,9.427466e-04,4.004929e-03,3.527112e-02,1.357288e-01,1.503492e-02,2.110154e-03,3.199987e-03,3.451702e-03,2.912602e-01
6.660865e-02,5.039276e-03,2.523093e-03,5.467946e-03,2.108961e-03,3.029161e-01,6.972788e-04,2.889403e-03,2.911378e-02,1.060970e-01,1.507195e-02,1.539485e-03,2.487679e-03,3.027711e-03,4.544117e-01
4.665296e-02,3.557333e-03,1.792604e-03,3.929086e-03,1.730436e-03,2.134546e-01,4.936722e-04,2.106267e-03,2.572274e-02,7.753088e-02,1.178361e-02,1.114854e-03,1.925245e-03,2.985616e-03,6.052201e-01
3.271475e-02,2.590009e-03,1.338433e-03,2.904787e-03,2.540014e-03,1.500550e-01,3.559942e-04,1.577700e-03,2.353697e-02,5.880871e-02,9.683191e-03,8.906240e-04,1.560341e-03,2.811570e-03,7.086319e-01
2.293233e-02,1.828245e-03,9.792696e-04,2.081018e-03,2.316055e-03,1.052027e-01,2.528263e-04,1.113310e-03,1.705642e-02,4.626024e-02,7.464701e-03,7.075423e-04,1.166825e-03,2.162329e-03,7.884762e-01
1.617679e-02,1.296413e-03,7.223961e-04,1.536379e-03,2.110852e-03,7.411359e-02,1.835547e-04,7.946761e-04,1.223391e-02,4.168055e-02,5.898057e-03,6.928276e-04,1.052963e-03,1.762897e-03,8.397441e-01
1.136363e-02,9.191220e-04,5.334510e-04,1.161420e-03,2.222132e-02,5.197252e-02,1.514611e-04,5.785298e-04,9.118299e-03,3.265031e-02,5.515513e-03,8.066916e-04,9.826788e-04,1.753893e-03,8.602711e-01
8.672084e-03,8.466262e-04,1.659269e-03,1.800928e-03,9.466119e-02,3.799713e-02,7.673224e-04,8.875842e-03,1.245306e-02,7.209668e-02,3.166611e-02,6.696808e-03,5.161235e-03,1.570416e-02,7.009416e-01
9.074110e-03,2.993101e-03,8.048050e-03,7.032242e-03,1.057205e-01,2.978908e-02,3.614819e-03,1.097370e-01,4.780148e-02,7.207412e-02,4.109440e-02,1.021962e-02,1.016528e-02,2.776101e-02,5.148752e-01
8.532184e-03,6.215653e-03,2.077523e-02,1.643402e-02,1.059275e-01,2.351953e-02,7.154981e-03,1.964292e-01,8.045484e-02,5.885194e-02,3.876973e-02,1.128769e-02,1.513013e-02,2.473715e-02,3.857802e-01
2.943563e-02,1.193176e-02,2.204074e-02,2.104055e-02,8.836579e-02,2.764934e-02,6.819748e-03,1.526749e-01,1.079131e-01,6.904860e-02,3.967055e-02,1.334116e-02,2.239591e-02,2.520422e-02,3.624680e-01
4.467667e-02,2.803814e-02,3.642692e-02,4.525309e-02,8.462465e-02,3.024146e-02,9.763203e-03,1.240696e-01,1.387824e-01,5.787082e-02,3.953625e-02,1.289844e-02,3.383139e-02,2.134236e-02,2.926446e-01
6.880355e-02,2.508929e-02,1.078439e-01,5.944999e-02,7.649212e-02,2.621455e-02,9.273397e-03,1.074024e-01,1.408311e-01,4.616270e-02,4.341552e-02,1.246179e-02,3.664197e-02,1.843959e-02,2.214782e-01
1.857749e-01,2.427423e-02,8.827457e-02,5.342833e-02,6.683114e-02,2.422155e-02,7.494265e-03,1.048654e-01,1.219313e-01,3.666842e-02,3.658765e-02,1.521334e-02,3.393706e-02,1.631768e-02,1.841802e-01
2.564587e-01,3.019737e-02,8.732061e-02,5.819466e-02,6.216557e-02,3.245103e-02,8.090908e-03,9.162218e-02,1.043809e-01,3.267485e-02,2.947727e-02,1.378227e-02,3.273532e-02,1.259632e-02,1.478522e-01
2.025402e-01,4.266919e-02,1.010713e-01,6.583351e-02,6.032886e-02,4.392155e-02,1.389224e-02,7.385586e-02,1.019842e-01,3.456311e-02,2.625547e-02,1.586282e-02,4.213788e-02,9.920844e-03,1.651629e-01
1.510739e-01,3.516993e-02,9.077706e-02,9.310864e-02,1.188534e-01,5.095595e-02,4.070251e-02,5.612188e-02,8.739482e-02,2.578025e-02,2.652567e-02,1.254546e-02,7.826982e-02,7.102722e-03,1.256179e-01
1.101132e-01,2.651990e-02,6.711973e-02,1.360025e-01,1.208080e-01,4.191028e-02,4.748106e-02,4.512343e-02,6.818251e-02,2.259760e-02,4.273869e-02,1.502016e-02,1.338517e-01,5.196759e-03,1.173345e-01
8.833028e-02,1.944236e-02,4.979164e-02,1.147775e-01,1.018309e-01,3.220501e-02,4.898724e-02,3.610407e-02,5.579213e-02,2.076629e-02,5.341340e-02,1.677349e-02,2.484719e-01,4.317726e-03,1.089960e-01
6.982355e-02,1.463493e-02,3.595306e-02,9.096074e-02,8.434741e-02,3.082629e-02,5.409307e-02,2.618263e-02,4.468849e-02,1.711954e-02,4.193779e-02,1.687901e-02,3.807673e-01,3.341299e-03,8.844488e-02
5.519102e-02,1.196125e-02,2.561774e-02,6.473630e-02,6.367809e-02,2.904851e-02,4.126370e-02,1.847262e-02,3.411569e-02,1.413382e-02,3.767169e-02,4.989520e-02,4.782563e-01,2.550485e-03,7.340756e-02
4.184317e-02,8.660965e-03,1.908817e-02,4.598833e-02,4.836962e-02,2.322826e-02,3.261708e-02,1.384120e-02,2.498581e-02,1.172788e-02,4.429910e-02,5.461343e-02,5.482821e-01,1.909748e-03,8.054508e-02
3.414930e-02,8.009466e-03,1.422382e-02,3.312129e-02,3.660217e-02,2.466489e-02,2.525059e-02,9.961382e-03,1.850127e-02,1.287473e-02,4.385452e-02,8.968297e-02,5.792291e-01,1.502946e-03,6.837149e-02
2.566053e-02,6.353677e-03,1.067209e-02,2.354465e-02,3.041656e-02,2.220822e-02,1.874655e-02,7.391429e-03,1.345185e-02,1.229432e-02,5.324114e-02,7.924739e-02,6.334522e-01,1.365707e-03,6.195371e-02
2.054456e-02,5.178750e-03,7.916136e-03,1.708148e-02,2.430727e-02,2.053310e-02,1.337479e-02,5.593223e-03,1.004170e-02,1.124726e-02,5.603930e-02,6.817318e-02,6.873410e-01,1.497699e-03,5.113053e-02
1.523583e-02,3.764016e-03,5.607040e-03,1.216741e-02,1.834961e-02,1.704059e-02,9.533377e-03,3.965581e-03,7.301393e-03,1.506641e-02,8.037792e-02,6.722865e-02,7.038646e-01,1.359848e-03,3.913765e-02
1.186164e-02,2.765262e-03,4.039871e-03,8.913746e-03,1.449474e-02,1.347722e-02,6.732443e-03,2.887353e-03,6.113734e-03,2.393694e-02,1.738292e-01,1.183272e-01,5.817742e-01,1.171351e-03,2.967504e-02
8.797400e-03,1.998843e-03,2.905492e-03,6.556922e-03,1.149269e-02,9.860335e-03,4.819490e-03,2.304089e-03,9.806216e-03,3.660829e-02,1.708902e-01,2.470747e-01,4.651131e-01,8.909860e-04,2.088121e-02
6.288416e-03,2.417904e-03,2.281457e-03,4.750759e-03,9.627031e-03,7.091656e-03,3.387712e-03,2.270889e-03,7.362040e-02,3.962052e-02,1.515615e-01,2.846688e-01,3.969800e-01,6.638441e-04,1.476915e-02
5.155599e-03,2.387870e-03,2.179081e-03,4.120533e-03,9.036039e-03,7.451828e-03,2.447192e-03,2.495110e-03,8.775941e-02,5.649064e-02,1.479444e-01,3.568412e-01,3.046105e-01,6.220780e-04,1.045842e-02
3.890431e-03,3.143683e-03,3.185560e-03,3.032564e-03,7.075602e-03,5.572778e-03,1.760322e-03,1.813284e-03,7.399029e-02,1.913360e-01,1.114520e-01,3.637445e-01,2.217678e-01,5.288848e-04,7.706224e-03
3.740182e-03,3.384224e-03,2.446198e-03,2.283842e-03,5.769043e-03,4.252009e-03,1.301373e-03,1.589855e-03,7.849474e-02,2.464156e-01,1.131706e-01,3.583576e-01,1.722680e-01,4.848788e-04,6.041846e-03
3.320782e-03,4.200178e-03,3.310265e-03,2.202786e-03,9.883786e-03,3.392404e-03,1.102654e-03,5.581197e-03,1.386974e-01,2.292500e-01,1.039705e-01,3.565066e-01,1.336785e-01,4.955730e-04,4.407339e-03
2.521170e-03,3.792252e-03,2.434365e-03,1.836557e-03,8.948533e-03,3.632396e-03,8.307403e-04,4.288279e-03,2.344701e-01,1.829557e-01,8.636392e-02,3.626025e-01,1.015078e-01,5.783436e-04,3.237306e-03
3.013120e-03,1.056605e-02,2.712450e-03,1.898288e-03,1.222026e-02,3.707981e-03,6.541417e-04,3.751602e-03,3.934682e-01,1.407554e-01,6.931247e-02,2.799017e-01,7.479951e-02,5.011359e-04,2.737666e-03
3.426059e-03,1.655614e-02,3.324430e-03,2.176060e-03,9.947602e-03,5.129455e-03,5.192442e-04,5.586230e-03,4.883142e-01,1.160666e-01,5.806039e-02,2.280769e-01,5.799808e-02,1.697342e-03,3.121333e-03
3.291397e-03,2.028449e-02,2.670769e-03,2.056336e-03,8.310339e-03,1.696436e-02,3.982967e-04,6.270889e-03,5.663979e-01,9.793226e-02,4.837944e-02,1.738070e-01,4.512550e-02,4.396368e-03,3.714761e-03
5.102485e-03,3.872572e-02,2.733567e-03,3.278396e-03,1.012148e-02,1.677977e-02,3.153358e-04,5.359972e-03,5.972496e-01,1.111459e-01,3.810284e-02,1.288701e-01,3.444659e-02,3.875094e-03,3.893146e-03
1.334149e-02,3.766323e-02,3.776773e-03,4.847826e-03,1.784437e-02,1.631904e-02,5.222918e-04,6.016299e-03,6.365373e-01,1.041781e-01,2.952835e-02,9.550247e-02,2.608634e-02,3.900884e-03,3.935187e-03
3.301340e-02,3.436023e-02,3.308296e-03,4.602599e-03,2.319299e-02,2.374127e-02,1.159157e-03,6.402234e-03,6.545057e-01,9.271413e-02,2.365490e-02,7.001471e-02,1.982563e-02,4.764878e-03,4.739882e-03
2.582218e-02,4.860982e-02,2.752700e-03,4.192270e-03,3.090487e-02,2.910801e-02,1.244545e-03,5.018199e-03,6.680218e-01,7.333320e-02,1.716669e-02,5.097362e-02,1.797381e-02,5.477364e-03,1.940097e-02
2.148859e-02,4.527025e-02,2.073861e-03,3.871265e-03,7.092962e-02,3.121410e-02,1.323501e-03,4.726190e-03,6.820469e-01,5.266359e-02,1.266704e-02,3.666406e-02,1.328558e-02,4.344875e-03,1.743058e-02
1.712954e-02,4.942418e-02,1.646968e-03,5.974886e-03,1.096808e-01,3.179397e-02,1.299348e-03,4.282326e-03,6.762069e-01,3.739395e-02,9.129031e-03,2.596162e-02,9.791214e-03,3.427067e-03,1.685810e-02
1.622516e-02,6.046979e-02,1.609143e-03,8.720374e-03,2.014803e-01,2.961983e-02,1.305207e-03,5.425080e-03,5.830590e-01,2.673703e-02,6.921278e-03,1.830431e-02,7.099329e-03,3.303086e-03,2.972107e-02
1.651946e-02,6.155860e-02,2.590708e-03,4.014536e-02,2.753055e-01,3.291699e-02,1.488893e-03,1.570734e-02,4.656390e-01,2.032932e-02,5.137790e-03,1.290570e-02,5.281534e-03,2.574351e-03,4.189941e-02
2.567354e-02,5.161237e-02,7.220538e-03,1.321807e-01,2.854724e-01,2.535603e-02,1.213507e-03,4.898946e-02,3.559691e-01,1.459667e-02,3.834819e-03,9.092703e-03,3.816869e-03,1.835134e-03,3.313609e-02
3.901672e-02,4.805907e-02,7.215429e-03,1.166872e-01,3.249196e-01,1.985046e-02,1.082594e-03,4.482040e-02,3.447430e-01,1.050639e-02,3.078435e-03,6.506582e-03,2.862131e-03,1.383166e-03,2.926882e-02
4.735211e-02,7.898133e-02,1.007985e-02,9.440736e-02,2.710256e-01,2.102983e-02,1.018324e-03,3.887010e-02,3.584440e-01,9.076905e-03,2.672412e-03,4.821366e-03,2.307544e-03,1.367226e-03,5.854600e-02
3.980811e-02,6.729031e-02,9.219824e-02,1.793016e-01,1.982670e-01,1.582039e-02,8.247181e-04,3.266499e-02,2.710468e-01,1.093373e-02,2.729883e-03,3.722074e-03,1.908397e-03,1.009433e-03,8.247419e-02
4.774141e-02,6.919090e-02,1.060383e-01,1.649208e-01,1.520711e-01,3.147545e-02,1.055082e-03,3.329264e-02,2.341164e-01,1.704846e-02,3.240211e-03,3.019482e-03,2.096336e-03,9.628286e-04,1.337306e-01
4.130371e-02,5.807914e-02,1.964808e-01,1.781102e-01,1.123735e-01,2.995477e-02,9.256297e-04,3.170893e-02,1.812771e-01,1.769677e-02,3.286644e-03,2.496670e-03,2.220289e-03,8.800327e-04,1.432058e-01
5.439023e-02,5.369833e-02,1.719932e-01,1.566865e-01,8.795296e-02,7.484946e-02,1.100071e-03,2.906876e-02,1.443424e-01,1.825284e-02,4.170068e-03,2.107526e-03,2.459943e-03,1.230572e-03,1.976972e-01
3.853410e-02,3.861491e-02,1.255220e-01,1.100105e-01,6.162980e-02,5.248607e-02,7.900242e-04,2.037844e-02,1.082771e-01,5.965235e-02,3.014505e-03,1.499776e-03,1.814596e-03,2.295693e-03,3.754802e-01
2.732391e-02,2.844113e-02,9.039218e-02,7.832231e-02,4.319483e-02,3.689359e-02,5.791611e-04,1.431135e-02,9.661034e-02,5.853670e-02,2.377891e-03,1.084064e-03,1.563518e-03,3.531430e-03,5.168376e-01
2.254957e-02,2.172303e-02,6.662408e-02,5.898939e-02,3.031091e-02,2.604679e-02,4.328844e-04,1.008743e-02,9.643112e-02,4.866750e-02,2.212698e-03,9.007385e-04,1.525954e-03,8.388773e-03,6.051092e-01
1.718879e-02,1.622098e-02,4.917486e-02,4.180196e-02,2.128868e-02,1.834131e-02,3.246477e-04,7.074967e-03,7.932614e-02,3.554020e-02,2.067090e-03,7.026306e-04,1.243061e-03,5.334076e-02,6.563640e-01
1.315643e-02,1.180481e-02,3.536706e-02,2.935529e-02,1.494089e-02,1.300248e-02,2.406321e-04,4.959723e-03,6.955485e-02,2.810670e-02,2.816721e-03,8.528625e-04,1.053387e-03,8.471736e-02,6.900708e-01
2.572108e-02,1.208949e-02,2.707536e-02,2.271863e-02,1.096920e-02,9.755569e-03,4.032682e-04,4.246111e-03,7.741955e-02,3.098338e-02,1.622851e-02,4.166966e-03,6.692616e-03,9.014352e-02,6.613867e-01
3.436339e-02,1.172892e-02,2.107302e-02,1.616596e-02,7.946357e-03,7.023687e-03,3.340492e-04,3.024261e-03,5.943608e-02,6.821383e-02,2.340012e-02,5.327308e-03,6.619257e-03,1.937749e-01,5.415689e-01
3.540852e-02,9.379830e-03,1.537035e-02,1.148932e-02,5.737128e-03,5.237818e-03,2.717285e-04,2.159863e-03,4.501794e-02,1.132357e-01,3.081951e-02,7.171812e-03,6.671541e-03,1.819354e-01,5.300936e-01
2.497496e-02,7.028070e-03,1.167178e-02,8.323286e-03,4.554288e-03,3.931530e-03,2.307499e-04,1.626335e-03,3.622343e-02,1.233269e-01,5.785518e-02,7.164015e-03,1.019807e-02,1.350886e-01,5.678028e-01
1.797902e-02,5.791655e-03,1.040967e-02,7.337103e-03,4.144347e-03,3.193517e-03,2.290425e-04,1.819137e-03,4.951493e-02,1.161417e-01,1.402186e-01,7.627650e-03,1.402559e-02,1.123686e-01,5.091994e-01
1.351675e-02,5.999172e-03,8.585435e-03,1.043611e-02,8.120755e-03,3.946174e-03,5.554623e-04,2.950647e-03,1.443965e-01,8.928998e-02,1.701227e-01,1.120340e-02,2.597957e-02,8.685458e-02,4.180427e-01
1.157434e-02,7.302279e-03,9.682843e-03,1.331065e-02,1.564852e-02,4.582552e-03,1.341841e-03,1.331384e-02,1.956649e-01,7.027970e-02,1.847494e-01,2.051193e-02,5.487998e-02,6.876896e-02,3.283883e-01
9.173584e-03,5.935315e-03,1.027710e-02,1.265051e-02,2.669404e-02,5.709802e-03,1.569576e-03,2.958656e-02,2.348159e-01,5.251550e-02,1.661057e-01,3.656128e-02,7.398358e-02,6.462593e-02,2.697956e-01
1.451215e-02,8.755031e-03,2.755756e-02,2.131448e-02,5.577663e-02,1.170761e-02,3.090729e-03,4.141549e-02,2.292013e-01,4.149322e-02,1.220984e-01,4.046519e-02,8.325025e-02,5.163585e-02,2.477261e-01
1.684748e-02,1.538573e-02,3.453488e-02,2.246816e-02,5.933360e-02,1.765971e-02,2.560138e-03,4.007683e-02,2.528019e-01,3.354434e-02,8.961517e-02,3.690854e-02,9.336066e-02,4.636672e-02,2.385361e-01
1.304773e-02,2.599915e-02,3.149002e-02,5.805609e-02,5.371056e-02,2.427580e-02,2.051456e-03,3.546819e-02,3.398288e-01,2.471794e-02,6.447320e-02,2.999148e-02,7.538046e-02,3.426361e-02,1.872455e-01
1.569692e-02,2.429029e-02,2.536310e-02,6.799337e-02,6.878375e-02,2.868199e-02,2.676088e-03,5.258410e-02,3.379770e-01,1.941012e-02,5.567665e-02,2.430312e-02,9.213240e-02,2.641648e-02,1.580147e-01
1.623702e-02,2.126392e-02,2.282038e-02,8.682658e-02,8.328211e-02,3.076823e-02,4.575430e-03,4.838295e-02,3.254628e-01,1.540032e-02,6.600848e-02,2.120119e-02,1.164269e-01,1.921424e-02,1.221294e-01
1.234926e-02,1.757384e-02,1.913408e-02,1.831117e-01,6.539615e-02,2.374573e-02,3.280499e-03,3.705016e-02,3.379921e-01,1.204728e-02,7.956915e-02,1.805068e-02,8.991633e-02,1.372891e-02,8.705416e-02
8.953855e-03,1.397692e-02,1.488677e-02,1.826849e-01,4.809987e-02,1.694218e-02,2.324067e-03,2.602024e-02,4.170709e-01,8.924970e-03,1.032046e-01,1.519853e-02,7.008126e-02,9.672853e-03,6.195803e-02
6.495941e-03,1.007840e-02,1.134723e-02,2.234475e-01,3.461114e-02,1.223545e-02,1.661031e-03,1.828347e-02,3.861184e-01,6.768194e-03,1.432899e-01,2.223310e-02,7.267024e-02,6.875406e-03,4.388468e-02
4.598151e-03,7.084266e-03,8.190789e-03,1.651485e-01,2.628354e-02,8.670987e-03,1.224088e-03,1.283519e-02,2.988831e-01,5.451210e-03,1.533920e-01,1.296707e-01,1.424834e-01,4.853397e-03,3.123077e-02
3.254375e-03,4.990686e-03,5.973583e-03,1.190736e-01,1.953642e-02,6.146543e-03,8.943849e-04,9.020178e-03,2.192191e-01,4.591109e-03,1.174560e-01,2.836433e-01,1.807208e-01,3.419764e-03,2.206013e-02
2.501049e-03,3.755382e-03,4.701647e-03,8.405671e-02,1.559676e-02,6.937536e-03,1.335696e-03,6.656298e-03,1.555699e-01,6.481064e-03,8.652554e-02,4.043723e-01,2.029435e-01,2.516357e-03,1.605029e-02
2.013850e-03,2.787411e-03,4.014272e-03,5.930456e-02,1.212431e-02,9.621096e-03,2.495696e-03,5.322364e-03,1.108305e-01,6.721066e-03,6.293482e-02,4.800669e-01,2.281144e-01,1.917030e-03,1.173177e-02
2.692059e-03,3.796848e-03,4.756131e-03,4.268839e-02,1.225961e-02,3.703285e-02,3.793294e-03,7.122236e-03,1.262054e-01,7.350054e-03,4.954692e-02,4.683682e-01,2.200235e-01,2.987858e-03,1.137655e-02
2.417540e-03,3.269213e-03,3.455630e-03,3.050395e-02,8.783672e-03,4.129351e-02,2.816523e-03,5.147540e-03,1.029073e-01,6.755825e-03,3.852898e-02,5.510980e-01,1.915680e-01,3.107770e-03,8.346539e-03
2.349814e-03,3.318356e-03,2.808300e-03,2.211151e-02,8.848977e-03,4.620350e-02,2.675585e-03,4.135770e-03,1.160054e-01,9.933481e-03,3.100756e-02,5.847046e-01,1.559540e-01,3.269405e-03,6.673622e-03
5.912708e-03,7.342765e-03,1.409513e-02,2.173366e-02,1.443786e-02,4.041640e-02,3.361701e-03,4.749006e-03,1.311771e-01,9.247658e-03,2.295481e-02,5.350986e-01,1.791275e-01,4.277147e-03,6.067907e-03
6.169178e-03,5.448217e-03,1.010345e-02,1.592027e-02,1.458593e-02,4.229732e-02,2.750552e-03,4.347648e-03,1.045356e-01,7.514179e-03,1.718692e-02,5.278606e-01,2.334158e-01,3.402966e-03,4.461340e-03
9.794706e-03,4.982199e-03,1.005096e-02,1.170778e-02,2.826117e-02,3.256565e-02,4.335367e-03,5.492587e-03,8.138864e-02,6.930269e-03,1.259932e-02,5.005960e-01,2.849346e-01,2.693309e-03,3.667349e-03
1.077845e-02,5.134437e-03,8.938641e-03,8.539647e-03,4.544834e-02,2.428178e-02,5.316508e-03,1.309295e-02,6.703849e-02,5.777578e-03,9.719326e-03,4.507339e-01,3.399985e-01,2.048800e-03,3.152744e-03
2.211871e-02,6.277842e-03,2.993865e-02,8.435747e-03,6.295626e-02,2.255079e-02,9.168853e-03,9.741464e-02,5.489907e-02,5.729930e-03,1.058719e-02,3.624112e-01,3.011496e-01,3.773268e-03,2.588303e-03
2.621346e-02,7.403876e-03,2.490951e-02,6.591238e-03,7.973982e-02,1.866674e-02,1.553861e-02,7.667452e-02,5.328752e-02,4.897963e-03,8.126764e-03,2.901773e-01,3.822819e-01,3.276952e-03,2.213834e-03
4.000038e-02,9.043807e-03,5.332889e-02,6.348594e-03,8.998094e-02,1.751427e-02,2.702238e-02,7.927482e-02,4.209448e-02,3.938922e-03,6.394536e-03,2.559794e-01,3.644385e-01,2.783418e-03,1.856677e-03
4.539480e-02,1.415030e-02,4.783597e-02,6.340323e-03,8.006629e-02,3.452772e-02,3.151600e-02,6.107907e-02,4.740433e-02,3.460261e-03,6.191009e-03,2.242772e-01,3.932725e-01,2.392659e-03,2.091514e-03
4.888295e-02,1.388560e-02,5.173451e-02,2.780057e-02,1.094726e-01,3.267900e-02,6.091693e-02,5.311057e-02,4.075765e-02,2.690299e-03,5.302581e-03,2.185964e-01,3.291599e-01,2.056112e-03,2.954386e-03
3.673029e-02,1.006463e-02,3.754088e-02,1.991275e-02,9.118393e-02,2.512943e-02,3.098376e-01,3.922947e-02,2.954674e-02,1.957645e-03,3.795962e-03,1.572060e-01,2.334875e-01,1.468013e-03,2.909171e-03
3.111602e-02,8.396683e-03,2.689831e-02,1.424064e-02,6.963510e-02,1.973793e-02,4.747002e-01,3.095578e-02,2.648079e-02,1.558098e-03,2.875535e-03,1.175055e-01,1.717496e-01,1.099701e-03,3.050210e-03
2.657714e-02,7.235105e-03,1.944000e-02,1.025064e-02,6.092788e-02,1.643031e-02,5.910001e-01,2.635221e-02,2.526365e-02,1.231232e-03,2.847840e-03,8.359066e-02,1.224682e-01,7.976911e-04,5.587418e-03
1.913021e-02,6.034230e-03,1.417709e-02,8.590709e-03,4.808575e-02,1.638335e-02,6.655964e-01,1.902418e-02,1.939401e-02,4.670158e-03,1.215727e-02,6.119454e-02,9.207527e-02,9.164427e-04,1.257048e-02
1.402692e-02,4.831628e-03,1.012251e-02,1.065920e-02,4.019272e-02,1.340866e-02,6.575508e-01,1.349162e-02,1.482509e-02,4.758705e-03,3.153994e-02,1.057068e-01,6.807792e-02,1.204669e-03,9.602878e-03
1.009790e-02,3.611873e-03,7.211079e-03,1.288571e-02,2.927559e-02,1.065322e-02,4.935298e-01,9.495258e-03,1.108273e-02,7.830675e-03,1.020011e-01,1.945210e-01,8.719541e-02,1.741188e-03,1.886744e-02
7.855803e-03,2.903254e-03,5.596880e-03,1.430707e-02,2.244419e-02,8.260287e-03,3.598793e-01,7.210542e-03,1.118043e-02,1.460686e-02,1.531235e-01,2.516591e-01,1.221433e-01,4.039830e-03,1.478956e-02
5.896524e-03,2.392542e-03,4.206687e-03,1.140459e-02,1.668145e-02,6.679852e-03,2.664499e-01,5.241292e-03,1.058422e-02,1.688568e-02,1.477700e-01,3.817401e-01,1.083297e-01,5.067580e-03,1.066984e-02
4.428968e-03,1.761955e-03,3.010312e-03,8.066841e-03,1.354199e-02,5.293067e-03,1.870202e-01,3.732909e-03,1.561233e-02,1.440701e-02,1.256318e-01,5.205661e-01,8.497493e-02,4.297774e-03,7.653846e-03
3.597429e-03,1.503694e-03,2.584693e-03,6.029990e-03,1.312526e-02,5.425166e-03,1.321233e-01,2.975580e-03,2.446683e-02,1.590031e-02,1.165612e-01,5.948330e-01,6.979496e-02,5.480199e-03,5.598365e-03
2.679955e-03,3.723666e-03,6.623435e-03,4.396939e-03,1.599479e-02,6.338657e-03,9.381237e-02,2.439387e-03,3.081787e-02,2.805221e-02,9.263712e-02,6.417456e-01,5.758660e-02,8.827911e-03,4.323478e-03
2.474990e-03,3.630288e-03,8.062592e-03,3.509679e-03,4.478887e-02,3.785598e-02,8.119388e-02,4.981539e-03,3.683429e-02,2.995887e-02,8.465089e-02,6.022943e-01,4.602626e-02,9.897256e-03,3.840279e-03
2.335717e-03,3.301168e-03,9.008150e-03,3.573573e-03,4.576658e-02,3.044726e-02,7.237243e-02,8.301954e-03,3.996627e-02,4.472002e-02,8.090530e-02,6.062182e-01,4.000074e-02,9.823819e-03,3.258812e-03
4.427764e-03,2.699384e-03,8.283851e-03,3.696920e-03,4.791996e-02,2.391527e-02,5.113668e-02,8.666356e-03,3.585695e-02,8.415930e-02,9.056209e-02,5.800295e-01,4.479614e-02,1.010640e-02,3.743412e-03
5.319914e-03,2.037602e-03,6.665808e-03,3.683175e-03,4.552690e-02,1.792441e-02,3.618348e-02,9.233047e-03,3.490631e-02,7.383028e-02,8.319724e-02,5.990542e-01,6.709255e-02,1.060093e-02,4.744139e-03
7.727453e-03,1.803166e-03,5.282111e-03,3.585353e-03,5.245177e-02,1.511695e-02,2.653928e-02,9.599069e-03,3.789304e-02,5.938694e-02,8.345733e-02,5.945287e-01,8.902633e-02,9.280654e-03,4.321906e-03
1.127821e-02,1.703490e-03,4.271601e-03,3.129269e-03,9.891055e-02,1.272479e-02,2.514964e-02,1.392144e-02,1.494514e-01,4.222441e-02,7.129370e-02,4.742167e-01,8.078817e-02,7.267761e-03,3.668912e-03
2.400317e-02,1.886300e-03,6.852761e-03,4.415637e-03,1.502457e-01,1.485401e-02,2.331630e-02,2.826084e-02,1.427936e-01,3.198830e-02,6.587537e-02,4.015265e-01,9.309949e-02,6.936700e-03,3.945380e-03
6.450526e-02,4.387560e-03,1.583074e-02,1.875417e-02,2.167352e-01,1.643526e-02,2.464901e-02,4.937392e-02,1.289872e-01,2.665186e-02,5.392566e-02,2.908411e-01,7.900263e-02,6.225064e-03,3.695427e-03
1.871474e-01,7.993503e-03,1.792112e-02,2.614857e-02,2.031299e-01,1.770682e-02,2.226868e-02,5.129999e-02,1.057521e-01,2.951524e-02,4.214767e-02,2.133520e-01,6.298458e-02,6.219883e-03,6.412562e-03
2.339831e-01,1.009622e-02,1.954719e-02,2.412213e-02,2.237095e-01,1.874120e-02,3.787576e-02,6.729139e-02,8.588215e-02,2.831384e-02,3.280348e-02,1.561511e-01,4.920574e-02,5.149796e-03,7.127406e-03
3.033429e-01,1.765418e-02,2.084688e-02,2.438693e-02,1.999176e-01,2.793832e-02,4.089816e-02,6.491623e-02,8.466416e-02,2.433987e-02,2.432150e-02,1.157131e-01,3.771917e-02,4.805348e-03,8.535718e-03
3.292713e-01,2.171793e-02,2.182506e-02,2.406349e-02,1.882197e-01,2.675759e-02,3.754679e-02,8.232523e-02,9.000982e-02,3.070555e-02,1.833433e-02,8.565671e-02,2.973244e-02,5.350375e-03,8.483665e-03
2.576821e-01,2.908369e-02,2.570124e-02,2.055371e-02,2.200205e-01,2.248215e-02,5.207925e-02,1.135212e-01,1.080933e-01,2.796977e-02,1.507640e-02,6.993171e-02,2.533349e-02,4.857572e-03,7.613984e-03
2.366531e-01,4.473792e-02,2.198553e-02,1.736363e-02,2.124810e-01,2.150252e-02,4.414069e-02,1.016129e-01,1.406324e-01,2.575995e-02,1.412354e-02,8.043770e-02,2.569614e-02,4.291181e-03,8.581829e-03
2.071982e-01,3.806172e-02,1.895457e-02,1.506375e-02,2.684802e-01,1.939001e-02,4.189179e-02,8.282669e-02,1.618419e-01,2.607545e-02,1.182537e-02,6.462857e-02,3.154848e-02,3.646870e-03,8.566338e-03
1.926622e-01,3.125454e-02,1.688443e-02,1.300259e-02,3.389518e-01,1.792367e-02,4.173410e-02,6.569937e-02,1.403149e-01,1.978427e-02,9.316314e-03,5.856840e-02,4.126490e-02,3.022255e-03,9.616267e-03
1.859740e-01,2.585769e-02,1.881045e-02,1.533929e-02,3.785169e-01,3.104602e-02,5.272427e-02,5.127151e-02,1.162721e-01,1.581199e-02,8.479701e-03,4.546678e-02,3.988067e-02,2.530270e-03,1.201832e-02
2.690206e-01,2.358914e-02,1.610935e-02,1.779545e-02,3.419229e-01,3.066576e-02,4.099246e-02,3.697702e-02,9.123914e-02,1.324701e-02,9.771706e-03,4.208520e-02,5.186442e-02,2.613074e-03,1.210667e-02
3.338446e-01,2.791267e-02,1.492510e-02,2.950866e-02,2.501104e-01,3.230026e-02,3.680229e-02,2.691198e-02,7.811344e-02,1.278825e-02,2.010806e-02,4.633376e-02,4.937323e-02,4.194150e-03,3.677307e-02
2.380740e-01,6.618490e-02,1.667506e-02,6.906646e-02,1.826420e-01,2.476748e-02,2.659422e-02,1.948057e-02,8.057728e-02,1.825050e-02,3.168689e-02,6.156912e-02,5.423501e-02,4.019896e-03,1.061766e-01
1.706907e-01,5.320965e-02,1.348702e-02,5.603178e-02,1.289146e-01,2.114013e-02,1.928629e-02,1.398204e-02,9.171657e-02,1.724008e-02,5.499014e-02,1.654849e-01,9.750953e-02,4.505210e-03,9.181125e-02
1.473903e-01,3.916335e-02,1.076637e-02,4.920325e-02,9.769238e-02,1.781020e-02,1.761701e-02,1.198438e-02,1.310280e-01,1.487599e-02,7.192674e-02,1.664334e-01,1.089190e-01,4.022785e-03,1.111669e-01
1.147430e-01,2.875450e-02,2.633682e-02,6.652943e-02,8.474047e-02,1.387145e-02,1.593938e-02,4.763415e-02,1.465782e-01,1.131872e-02,7.836071e-02,1.232170e-01,1.206373e-01,3.462972e-03,1.178759e-01
1.226636e-01,2.467850e-02,2.120308e-02,5.159482e-02,1.139769e-01,1.856408e-02,1.396726e-02,3.489446e-02,2.259575e-01,9.032179e-03,6.952269e-02,9.956318e-02,1.026214e-01,3.330318e-03,8.843002e-02
1.721594e-01,2.524596e-02,2.526956e-02,5.265872e-02,1.040660e-01,1.965272e-02,1.736959e-02,2.881308e-02,2.118594e-01,8.908832e-03,7.213792e-02,9.824477e-02,9.236720e-02,3.175724e-03,6.807108e-02
1.541564e-01,3.037544e-02,2.853782e-02,4.094975e-02,1.017924e-01,1.830714e-02,1.600946e-02,2.642890e-02,2.895245e-01,1.273424e-02,6.246839e-02,7.783551e-02,7.649296e-02,3.942580e-03,6.044444e-02
2.086425e-01,3.809046e-02,3.145402e-02,5.205764e-02,9.985584e-02,3.051874e-02,1.701834e-02,2.185054e-02,2.441129e-01,1.290724e-02,5.578119e-02,6.963065e-02,6.033343e-02,4.523775e-03,5.322269e-02
1.993249e-01,3.862078e-02,8.854451e-02,1.441537e-01,7.674709e-02,2.533213e-02,1.301488e-02,1.670339e-02,1.777911e-01,1.378760e-02,4.957473e-02,5.671767e-02,5.089542e-02,3.730693e-03,4.506134e-02
1.581078e-01,3.110874e-02,8.406125e-02,1.082387e-01,6.199598e-02,2.107310e-02,9.860569e-03,1.273507e-02,1.732336e-01,5.223305e-02,9.689771e-02,4.252242e-02,4.617385e-02,3.122329e-02,7.053493e-02
1.281348e-01,2.618250e-02,6.817589e-02,8.371603e-02,5.953254e-02,1.650757e-02,7.291383e-03,1.044195e-02,2.329833e-01,3.902350e-02,1.128320e-01,3.150455e-02,3.777337e-02,7.743611e-02,6.846455e-02
1.283104e-01,2.822116e-02,6.191929e-02,7.081032e-02,5.117224e-02,1.482470e-02,5.690206e-03,9.349847e-03,2.460768e-01,3.005410e-02,9.154864e-02,2.369277e-02,3.066831e-02,1.031298e-01,1.045315e-01
2.139960e-01,2.798020e-02,4.938387e-02,6.002725e-02,4.156022e-02,1.677112e-02,4.671169e-03,8.073415e-03,2.040697e-01,2.491286e-02,7.473861e-02,2.540908e-02,3.222333e-02,9.529626e-02,1.208870e-01
1.649329e-01,3.025078e-02,4.202963e-02,5.153339e-02,3.174832e-02,1.359029e-02,3.533081e-03,6.138326e-03,3.282586e-01,2.837724e-02,5.798656e-02,1.925245e-02,2.934355e-02,8.269800e-02,1.103269e-01
1.211158e-01,3.253448e-02,2.987606e-02,3.950929e-02,2.313243e-02,1.050278e-02,2.566996e-03,4.482246e-03,4.761486e-01,2.324572e-02,4.297901e-02,1.423507e-02,2.855327e-02,6.263890e-02,8.847935e-02
8.768067e-02,4.245573e-02,2.104773e-02,3.041052e-02,1.724602e-02,9.681889e-03,1.836001e-03,3.238763e-03,5.626684e-01,1.719488e-02,3.281254e-02,1.146522e-02,4.627585e-02,4.554650e-02,7.043935e-02
6.411636e-02,3.774499e-02,1.487793e-02,3.510891e-02,1.245480e-02,1.058031e-02,1.339666e-03,2.431636e-03,6.005034e-01,1.285102e-02,2.497481e-02,9.661613e-03,7.766499e-02,3.301819e-02,6.267142e-02
5.836836e-02,4.439790e-02,1.079329e-02,3.216706e-02,1.251169e-02,2.358955e-02,1.085296e-03,2.032452e-03,5.400720e-01,9.730106e-03,1.931749e-02,9.423029e-03,1.575729e-01,2.493531e-02,5.400361e-02
4.268089e-02,8.124188e-02,7.774750e-03,2.908181e-02,9.464111e-03,8.910095e-02,7.840908e-04,1.705982e-03,4.824548e-01,9.501598e-03,1.593513e-02,7.857978e-03,1.568145e-01,1.867090e-02,4.693065e-02
3.101224e-02,1.119487e-01,5.687132e-03,3.128586e-02,8.883891e-03,1.335306e-01,5.670749e-04,2.189356e-03,4.620271e-01,8.680617e-03,1.205787e-02,5.725803e-03,1.283108e-01,1.343277e-02,4.466024e-02
2.472241e-02,1.500668e-01,4.608525e-03,2.960774e-02,1.636359e-02,1.445623e-01,4.724063e-04,4.263804e-03,4.460455e-01,6.664236e-03,9.099637e-03,4.162137e-03,1.145816e-01,9.769134e-03,3.501030e-02
1.869588e-02,1.916576e-01,3.398643e-03,3.806467e-02,1.656899e-02,1.202029e-01,3.669229e-04,4.875948e-03,4.659504e-01,6.058899e-03,6.650394e-03,2.960739e-03,8.280155e-02,6.941724e-03,3.480475e-02
1.713511e-02,1.824225e-01,2.817543e-03,4.208674e-02,3.806953e-02,1.254600e-01,4.677252e-04,7.480672e-03,4.611467e-01,5.645948e-03,5.199002e-03,2.223704e-03,6.941207e-02,5.097609e-03,3.533523e-02
2.398965e-02,1.723589e-01,3.115070e-03,8.930953e-02,7.173590e-02,9.974383e-02,5.598855e-04,5.956779e-02,3.826617e-01,4.227759e-03,4.407806e-03,1.648454e-03,5.439896e-02,3.630616e-03,2.864418e-02
2.624713e-02,1.670436e-01,6.744374e-03,1.316065e-01,6.764022e-02,8.471924e-02,6.832734e-04,8.278026e-02,3.330945e-01,3.636405e-03,4.354251e-03,1.589195e-03,5.546329e-02,2.729059e-03,3.166883e-02
3.977431e-02,1.581232e-01,5.652679e-03,1.198003e-01,6.686451e-02,1.188353e-01,1.256343e-03,8.479755e-02,2.923676e-01,3.579823e-03,4.033031e-03,1.591206e-03,6.642974e-02,2.084303e-03,3.481016e-02
3.976008e-02,1.416399e-01,4.787365e-03,9.529163e-02,5.243558e-02,1.712923e-01,1.573073e-03,7.149426e-02,3.094369e-01,3.809901e-03,3.346218e-03,1.809370e-03,6.665017e-02,1.670956e-03,3.500231e-02
5.160887e-02,1.201476e-01,3.671607e-03,7.269702e-02,4.206587e-02,2.683865e-01,2.309210e-03,7.130316e-02,2.656191e-01,3.168224e-03,2.556490e-03,1.638184e-03,6.510636e-02,1.246023e-03,2.847583e-02
7.566667e-02,9.075515e-02,2.716732e-03,5.674665e-02,6.215531e-02,2.988341e-01,3.145749e-03,5.942722e-02,2.643841e-01,2.822982e-03,2.247031e-03,1.511746e-03,5.391313e-02,1.021835e-03,2.465162e-02
6.774408e-02,6.614979e-02,4.744554e-03,5.772562e-02,5.391233e-02,2.737537e-01,4.241626e-03,1.975258e-01,2.078145e-01,2.267528e-03,1.746750e-03,1.293207e-03,4.150406e-02,7.674798e-04,1.880891e-02
7.841065e-02,5.345148e-02,3.562524e-03,4.848310e-02,5.396186e-02,2.918246e-01,6.213856e-03,1.761676e-01,2.297259e-01,1.897493e-03,1.542764e-03,1.336204e-03,3.501192e-02,7.118945e-04,1.769803e-02
7.406566e-02,4.175951e-02,3.438942e-03,5.134509e-02,4.193565e-02,2.953554e-01,5.017944e-03,2.477189e-01,1.813518e-01,1.589833e-03,2.134647e-03,2.875516e-03,3.631913e-02,7.569474e-04,1.433495e-02
6.598626e-02,3.282998e-02,2.894432e-03,3.892440e-02,3.421312e-02,2.548909e-01,4.169500e-03,3.575768e-01,1.587810e-01,1.198668e-03,2.031253e-03,2.790986e-03,3.256501e-02,6.522132e-04,1.049548e-02
