1.000000e+00,0.000000e+00,0.000000e+00,0.000000e+00,0.000000e+00,0.000000e+00,0.000000e+00,0.000000e+00,0.000000e+00,0.000000e+00,0.000000e+00,0.000000e+00,0.000000e+00,0.000000e+00,0.000000e+00
1.000000e+00,0.000000e+00,0.000000e+00,0.000000e+00,0.000000e+00,0.000000e+00,0.000000e+00,0.000000e+00,0.000000e+00,0.000000e+00,0.000000e+00,0.000000e+00,0.000000e+00,0.000000e+00,0.000000e+00
1.000000e+00,0.000000e+00,0.000000e+00,0.000000e+00,0.000000e+00,0.000000e+00,0.000000e+00,0.000000e+00,0.000000e+00,0.000000e+00,0.000000e+00,0.000000e+00,0.000000e+00,0.000000e+00,0.000000e+00
1.000000e+00,0.000000e+00,0.000000e+00,0.000000e+00,0.000000e+00,0.000000e+00,0.000000e+00,0.000000e+00,0.000000e+00,0.000000e+00,0.000000e+00,0.000000e+00,0.000000e+00,0.000000e+00,0.000000e+00
1.000000e+00,0.000000e+00,0.000000e+00,0.000000e+00,0.000000e+00,0.000000e+00,0.000000e+00,0.000000e+00,0.000000e+00,0.000000e+00,0.000000e+00,0.000000e+00,0.000000e+00,0.000000e+00,0.000000e+00
1.000000e+00,0.000000e+00,0.000000e+00,0.000000e+00,0.000000e+00,0.000000e+00,0.000000e+00,0.000000e+00,0.000000e+00,0.000000e+00,0.000000e+00,0.000000e+00,0.000000e+00,0.000000e+00,0.000000e+00
1.000000e+00,0.000000e+00,0.000000e+00,0.000000e+00,0.000000e+00,0.000000e+00,0.000000e+00,0.000000e+00,0.000000e+00,0.000000e+00,0.000000e+00,0.000000e+00,0.000000e+00,0.000000e+00,0.000000e+00
1.000000e+00,0.000000e+00,0.000000e+00,0.000000e+00,0.000000e+00,0.000000e+00,0.000000e+00,0.000000e+00,0.000000e+00,0.000000e+00,0.000000e+00,0.000000e+00,0.000000e+00,0.000000e+00,0.000000e+00
1.000000e+00,0.000000e+00,0.000000e+00,0.000000e+00,0.000000e+00,0.000000e+00,0.000000e+00,0.000000e+00,0.000000e+00,0.000000e+00,0.000000e+00,0.000000e+00,0.000000e+00,0.000000e+00,0.000000e+00
1.000000e+00,0.000000e+00,0.000000e+00,0.000000e+00,0.000000e+00,0.000000e+00,0.000000e+00,0.000000e+00,0.000000e+00,0.000000e+00,0.000000e+00,0.000000e+00,0.000000e+00,0.000000e+00,0.000000e+00
1.000000e+00,0.000000e+00,0.000000e+00,0.000000e+00,0.000000e+00,0.000000e+00,0.000000e+00,0.000000e+00,0.000000e+00,0.000000e+00,0.000000e+00,0.000000e+00,0.000000e+00,0.000000e+00,0.000000e+00
1.000000e+00,0.000000e+00,0.000000e+00,0.000000e+00,0.000000e+00,0.000000e+00,0.000000e+00,0.000000e+00,0.000000e+00,0.000000e+00,0.000000e+00,0.000000e+00,0.000000e+00,0.000000e+00,0.000000e+00
1.000000e+00,0.000000e+00,0.000000e+00,0.000000e+00,0.000000e+00,0.000000e+00,0.000000e+00,0.000000e+00,0.000000e+00,0.000000e+00,0.000000e+00,0.000000e+00,0.000000e+00,0.000000e+00,0.000000e+00
1.000000e+00,0.000000e+00,0.000000e+00,0.000000e+00,0.000000e+00,0.000000e+00,0.000000e+00,0.000000e+00,0.000000e+00,0.000000e+00,0.000000e+00,0.000000e+00,0.000000e+00,0.000000e+00,0.000000e+00
1.000000e+00,0.000000e+00,0.000000e+00,0.000000e+00,0.000000e+00,0.000000e+00,0.000000e+00,0.000000e+00,0.000000e+00,0.000000e+00,0.000000e+00,0.000000e+00,0.000000e+00,0.000000e+00,0.000000e+00
1.000000e+00,0.000000e+00,0.000000e+00,0.000000e+00,0.000000e+00,0.000000e+00,0.000000e+00,0.000000e+00,0.000000e+00,0.000000e+00,0.000000e+00,0.000000e+00,0.000000e+00,0.000000e+00,0.000000e+00
1.000000e+00,0.000000e+00,0.000000e+00,0.000000e+00,0.000000e+00,0.000000e+00,0.000000e+00,0.000000e+00,0.000000e+00,0.000000e+00,0.000000e+00,0.000000e+00,0.000000e+00,0.000000e+00,0.000000e+00
1.000000e+00,0.000000e+00,0.000000e+00,0.000000e+00,0.000000e+00,0.000000e+00,0.000000e+00,0.000000e+00,0.000000e+00,0.000000e+00,0.000000e+00,0.000000e+00,0.000000e+00,0.000000e+00,0.000000e+00
1.000000e+00,0.000000e+00,0.000000e+00,0.000000e+00,0.000000e+00,0.000000e+00,0.000000e+00,0.000000e+00,0.000000e+00,0.000000e+00,0.000000e+00,0.000000e+00,0.000000e+00,0.000000e+00,0.000000e+00
1.000000e+00,0.000000e+00,0.000000e+00,0.000000e+00,0.000000e+00,0.000000e+00,0.000000e+00,0.000000e+00,0.000000e+00,0.000000e+00,0.000000e+00,0.000000e+00,0.000000e+00,0.000000e+00,0.000000e+00
1.000000e+00,0.000000e+00,0.000000e+00,0.000000e+00,0.000000e+00,0.000000e+00,0.000000e+00,0.000000e+00,0.000000e+00,0.000000e+00,0.000000e+00,0.000000e+00,0.000000e+00,0.000000e+00,0.000000e+00
1.000000e+00,0.000000e+00,0.000000e+00,0.000000e+00,0.000000e+00,0.000000e+00,0.000000e+00,0.000000e+00,0.000000e+00,0.000000e+00,0.000000e+00,0.000000e+00,0.000000e+00,0.000000e+00,0.000000e+00
1.000000e+00,0.000000e+00,0.000000e+00,0.000000e+00,0.000000e+00,0.000000e+00,0.000000e+00,0.000000e+00,0.000000e+00,0.000000e+00,0.000000e+00,0.000000e+00,0.000000e+00,0.000000e+00,0.000000e+00
1.000000e+00,0.000000e+00,0.000000e+00,0.000000e+00,0.000000e+00,0.000000e+00,0.000000e+00,0.000000e+00,0.000000e+00,0.000000e+00,0.000000e+00,0.000000e+00,0.000000e+00,0.000000e+00,0.000000e+00
1.000000e+00,0.000000e+00,0.000000e+00,0.000000e+00,0.000000e+00,0.000000e+00,0.000000e+00,0.000000e+00,0.000000e+00,0.000000e+00,0.000000e+00,0.000000e+00,0.000000e+00,0.000000e+00,0.000000e+00
1.000000e+00,0.000000e+00,0.000000e+00,0.000000e+00,0.000000e+00,0.000000e+00,0.000000e+00,0.000000e+00,0.000000e+00,0.000000e+00,0.000000e+00,0.000000e+00,0.000000e+00,0.000000e+00,0.000000e+00
1.000000e+00,0.000000e+00,0.000000e+00,0.000000e+00,0.000000e+00,0.000000e+00,0.000000e+00,0.000000e+00,0.000000e+00,0.000000e+00,0.000000e+00,0.000000e+00,0.000000e+00,0.000000e+00,0.000000e+00
1.000000e+00,0.000000e+00,0.000000e+00,0.000000e+00,0.000000e+00,0.000000e+00,0.000000e+00,0.000000e+00,0.000000e+00,0.000000e+00,0.000000e+00,0.000000e+00,0.000000e+00,0.000000e+00,0.000000e+00
1.000000e+00,0.000000e+00,0.000000e+00,0.000000e+00,0.000000e+00,0.000000e+00,0.000000e+00,0.000000e+00,0.000000e+00,0.000000e+00,0.000000e+00,0.000000e+00,0.000000e+00,0.000000e+00,0.000000e+00
1.000000e+00,0.000000e+00,0.000000e+00,0.000000e+00,0.000000e+00,0.000000e+00,0.000000e+00,0.000000e+00,0.000000e+00,0.000000e+00,0.000000e+00,0.000000e+00,0.000000e+00,0.000000e+00,0.000000e+00
1.000000e+00,0.000000e+00,0.000000e+00,0.000000e+00,0.000000e+00,0.000000e+00,0.000000e+00,0.000000e+00,0.000000e+00,0.000000e+00,0.000000e+00,0.000000e+00,0.000000e+00,0.000000e+00,0.000000e+00
1.000000e+00,0.000000e+00,0.000000e+00,0.000000e+00,0.000000e+00,0.000000e+00,0.000000e+00,0.000000e+00,0.000000e+00,0.000000e+00,0.000000e+00,0.000000e+00,0.000000e+00,0.000000e+00,0.000000e+00
1.000000e+00,0.000000e+00,0.000000e+00,0.000000e+00,0.000000e+00,0.000000e+00,0.000000e+00,0.000000e+00,0.000000e+00,0.000000e+00,0.000000e+00,0.000000e+00,0.000000e+00,0.000000e+00,0.000000e+00
1.000000e+00,0.000000e+00,0.000000e+00,0.000000e+00,0.000000e+00,0.000000e+00,0.000000e+00,0.000000e+00,0.000000e+00,0.000000e+00,0.000000e+00,0.000000e+00,0.000000e+00,0.000000e+00,0.000000e+00
1.000000e+00,0.000000e+00,0.000000e+00,0.000000e+00,0.000000e+00,0.000000e+00,0.000000e+00,0.000000e+00,0.000000e+00,0.000000e+00,0.000000e+00,0.000000e+00,0.000000e+00,0.000000e+00,0.000000e+00
1.000000e+00,0.000000e+00,0.000000e+00,0.000000e+00,0.000000e+00,0.000000e+00,0.000000e+00,0.000000e+00,0.000000e+00,0.000000e+00,0.000000e+00,0.000000e+00,0.000000e+00,0.000000e+00,0.000000e+00
1.000000e+00,0.000000e+00,0.000000e+00,0.000000e+00,0.000000e+00,0.000000e+00,0.000000e+00,0.000000e+00,0.000000e+00,0.000000e+00,0.000000e+00,0.000000e+00,0.000000e+00,0.000000e+00,0.000000e+00
1.000000e+00,0.000000e+00,0.000000e+00,0.000000e+00,0.000000e+00,0.000000e+00,0.000000e+00,0.000000e+00,0.000000e+00,0.000000e+00,0.000000e+00,0.000000e+00,0.000000e+00,0.000000e+00,0.000000e+00
1.000000e+00,0.000000e+00,0.000000e+00,0.000000e+00,0.000000e+00,0.000000e+00,0.000000e+00,0.000000e+00,0.000000e+00,0.000000e+00,0.000000e+00,0.000000e+00,0.000000e+00,0.000000e+00,0.000000e+00
1.000000e+00,0.000000e+00,0.000000e+00,0.000000e+00,0.000000e+00,0.000000e+00,0.000000e+00,0.000000e+00,0.000000e+00,0.000000e+00,0.000000e+00,0.000000e+00,0.000000e+00,0.000000e+00,0.000000e+00
1.000000e+00,0.000000e+00,0.000000e+00,0.000000e+00,0.000000e+00,0.000000e+00,0.000000e+00,0.000000e+00,0.000000e+00,0.000000e+00,0.000000e+00,0.000000e+00,0.000000e+00,0.000000e+00,0.000000e+00
1.000000e+00,0.000000e+00,0.000000e+00,0.000000e+00,0.000000e+00,0.000000e+00,0.000000e+00,0.000000e+00,0.000000e+00,0.000000e+00,0.000000e+00,0.000000e+00,0.000000e+00,0.000000e+00,0.000000e+00
1.000000e+00,0.000000e+00,0.000000e+00,0.000000e+00,0.000000e+00,0.000000e+00,0.000000e+00,0.000000e+00,0.000000e+00,0.000000e+00,0.000000e+00,0.000000e+00,0.000000e+00,0.000000e+00,0.000000e+00
1.000000e+00,0.000000e+00,0.000000e+00,0.000000e+00,0.000000e+00,0.000000e+00,0.000000e+00,0.000000e+00,0.000000e+00,0.000000e+00,0.000000e+00,0.000000e+00,0.000000e+00,0.000000e+00,0.000000e+00
1.000000e+00,0.000000e+00,0.000000e+00,0.000000e+00,0.000000e+00,0.000000e+00,0.000000e+00,0.000000e+00,0.000000e+00,0.000000e+00,0.000000e+00,0.000000e+00,0.000000e+00,0.000000e+00,0.000000e+00
1.000000e+00,0.000000e+00,0.000000e+00,0.000000e+00,0.000000e+00,0.000000e+00,0.000000e+00,0.000000e+00,0.000000e+00,0.000000e+00,0.000000e+00,0.000000e+00,0.000000e+00,0.000000e+00,0.000000e+00
1.000000e+00,0.000000e+00,0.000000e+00,0.000000e+00,0.000000e+00,0.000000e+00,0.000000e+00,0.000000e+00,0.000000e+00,0.000000e+00,0.000000e+00,0.000000e+00,0.000000e+00,0.000000e+00,0.000000e+00
1.000000e+00,0.000000e+00,0.000000e+00,0.000000e+00,0.000000e+00,0.000000e+00,0.000000e+00,0.000000e+00,0.000000e+00,0.000000e+00,0.000000e+00,0.000000e+00,0.000000e+00,0.000000e+00,0.000000e+00
1.000000e+00,0.000000e+00,0.000000e+00,0.000000e+00,0.000000e+00,0.000000e+00,0.000000e+00,0.000000e+00,0.000000e+00,0.000000e+00,0.000000e+00,0.000000e+00,0.000000e+00,0.000000e+00,0.000000e+00
1.000000e+00,0.000000e+00,0.000000e+00,0.000000e+00,0.000000e+00,0.000000e+00,0.000000e+00,0.000000e+00,0.000000e+00,0.000000e+00,0.000000e+00,0.000000e+00,0.000000e+00,0.000000e+00,0.000000e+00
1.000000e+00,0.000000e+00,0.000000e+00,0.000000e+00,0.000000e+00,0.000000e+00,0.000000e+00,0.000000e+00,0.000000e+00,0.000000e+00,0.000000e+00,0.000000e+00,0.000000e+00,0.000000e+00,0.000000e+00
1.000000e+00,0.000000e+00,0.000000e+00,0.000000e+00,0.000000e+00,0.000000e+00,0.000000e+00,0.000000e+00,0.000000e+00,0.000000e+00,0.000000e+00,0.000000e+00,0.000000e+00,0.000000e+00,0.000000e+00
1.000000e+00,0.000000e+00,0.000000e+00,0.000000e+00,0.000000e+00,0.000000e+00,0.000000e+00,0.000000e+00,0.000000e+00,0.000000e+00,0.000000e+00,0.000000e+00,0.000000e+00,0.000000e+00,0.000000e+00
1.000000e+00,0.000000e+00,0.000000e+00,0.000000e+00,0.000000e+00,0.000000e+00,0.000000e+00,0.000000e+00,0.000000e+00,0.000000e+00,0.000000e+00,0.000000e+00,0.000000e+00,0.000000e+00,0.000000e+00
4.675603e-01,1.944041e-02,2.208078e-02,1.597401e-02,7.340230e-03,2.629727e-01,1.962562e-03,7.252465e-03,6.377515e-03,1.142673e-01,1.115405e-02,7.620892e-03,7.700615e-03,1.396168e-02,3.433460e-02
4.457439e-01,1.683660e-02,1.793559e-02,1.783984e-02,6.616418e-03,2.288697e-01,1.867975e-03,6.143509e-03,1.067687e-02,1.442762e-01,1.149959e-02,8.463611e-03,8.712056e-03,2.389099e-02,5.062724e-02
3.130381e-01,1.865967e-01,1.469178e-02,1.128277e-01,6.074058e-03,1.630740e-01,1.601407e-03,4.354427e-03,1.149621e-02,1.089882e-01,9.311655e-03,6.340981e-03,6.581110e-03,1.682875e-02,3.819495e-02
2.197769e-01,2.152812e-01,1.216240e-02,1.345409e-01,5.880992e-03,1.219102e-01,1.386822e-03,3.084288e-03,1.975252e-02,8.588411e-02,1.378363e-02,5.412741e-03,5.410764e-03,1.604065e-02,1.396919e-01
1.634845e-01,1.866312e-01,9.546071e-03,9.869324e-02,5.208269e-03,9.079624e-02,1.459516e-03,2.417942e-03,2.020004e-02,7.098944e-02,2.821016e-02,6.576150e-03,1.308032e-02,8.545055e-02,2.172564e-01
1.195166e-01,1.434842e-01,7.783123e-03,7.229565e-02,4.229435e-03,6.495774e-02,1.177249e-03,1.897457e-03,3.969105e-02,8.894606e-02,3.099172e-02,6.480064e-03,1.399605e-02,1.767181e-01,2.278355e-01
8.948604e-02,1.753443e-01,6.827980e-03,5.217109e-02,4.339784e-03,4.727692e-02,1.028090e-03,1.495184e-03,6.283610e-02,7.878508e-02,2.346913e-02,6.282475e-03,1.866702e-02,1.749281e-01,2.570628e-01
7.207400e-02,1.627182e-01,5.332351e-03,3.718589e-02,4.322955e-03,3.583956e-02,9.164938e-04,1.167149e-03,5.779127e-02,6.445801e-02,1.772508e-02,6.639940e-03,1.971185e-02,1.970755e-01,3.170418e-01
5.548646e-02,1.629641e-01,4.250761e-03,2.797785e-02,3.463866e-03,2.916184e-02,8.379340e-04,1.084309e-03,8.180788e-02,4.643293e-02,1.334714e-02,1.170969e-02,1.372377e-01,1.539693e-01,2.702683e-01
4.715581e-02,1.491498e-01,3.472056e-03,2.442186e-02,2.989518e-03,2.478199e-02,8.746935e-04,1.013423e-03,9.381887e-02,3.501952e-02,1.120351e-02,2.102616e-02,2.106541e-01,1.294876e-01,2.449310e-01
3.485686e-02,1.164168e-01,2.999810e-03,1.927683e-02,2.225101e-03,2.089062e-02,7.258979e-04,7.643937e-04,2.075893e-01,2.858000e-02,9.292406e-03,2.113279e-02,1.559976e-01,1.216146e-01,2.576370e-01
2.540382e-02,1.110920e-01,8.416219e-03,1.559563e-02,2.314132e-03,1.662976e-02,6.046868e-04,9.575725e-04,3.074768e-01,2.392543e-02,1.388114e-02,1.972560e-02,1.378634e-01,9.460609e-02,2.215077e-01
1.903675e-02,1.128495e-01,1.115779e-02,1.541278e-02,3.032537e-03,1.276126e-02,5.369751e-04,1.747740e-03,4.041625e-01,2.303232e-02,1.172387e-02,1.572825e-02,1.116938e-01,7.284676e-02,1.842771e-01
1.375608e-02,9.232364e-02,9.421854e-03,1.290300e-02,2.598002e-03,1.068450e-02,4.388781e-04,1.532411e-03,4.949018e-01,1.904609e-02,1.367890e-02,1.350412e-02,1.078980e-01,6.071947e-02,1.465932e-01
1.064823e-02,7.443504e-02,8.270958e-03,1.370218e-02,2.555962e-03,1.255080e-02,4.189822e-04,2.274218e-03,5.853217e-01,1.425550e-02,1.108401e-02,1.534154e-02,9.503145e-02,4.721329e-02,1.068962e-01
1.422264e-02,7.894762e-02,7.459848e-03,1.749577e-02,1.156904e-02,4.486321e-02,5.591528e-04,1.931170e-03,5.696459e-01,1.105689e-02,9.394803e-03,1.571123e-02,8.157387e-02,3.547215e-02,1.000967e-01
2.753659e-02,9.464258e-02,2.586713e-02,6.443089e-02,2.832028e-02,5.757415e-02,1.242551e-03,9.490638e-03,4.934185e-01,9.196872e-03,7.907193e-03,1.324033e-02,6.170811e-02,2.693116e-02,7.849304e-02
3.403190e-02,9.034026e-02,3.929027e-02,4.986433e-02,5.226256e-02,8.993659e-02,3.431191e-03,7.869561e-02,4.113069e-01,7.246279e-03,6.042008e-03,1.191398e-02,4.859699e-02,2.013312e-02,5.690802e-02
3.121350e-02,1.060064e-01,3.356293e-02,3.536788e-02,4.535126e-02,1.547896e-01,4.447077e-03,7.777022e-02,3.602326e-01,5.821552e-03,4.489904e-03,1.484345e-02,6.746857e-02,1.435457e-02,4.428050e-02
2.741300e-02,1.240245e-01,4.347834e-02,2.540920e-02,4.410487e-02,1.901075e-01,8.650444e-03,1.088948e-01,3.028444e-01,4.606883e-03,3.309287e-03,1.945097e-02,5.459880e-02,1.028242e-02,3.282456e-02
3.025884e-02,1.404277e-01,4.096472e-02,1.865757e-02,4.821596e-02,2.153498e-01,9.235252e-03,9.978537e-02,2.827135e-01,4.279671e-03,2.477465e-03,1.789265e-02,5.326694e-02,7.894899e-03,2.857964e-02
3.639642e-02,1.805207e-01,3.359757e-02,1.446778e-02,5.444650e-02,1.959963e-01,7.094221e-03,8.096739e-02,2.621827e-01,3.318815e-03,1.983268e-03,1.638325e-02,7.995552e-02,8.185877e-03,2.450371e-02
4.671506e-02,1.819111e-01,3.667921e-02,1.551385e-02,7.067086e-02,1.827767e-01,6.835126e-03,7.856375e-02,2.518498e-01,3.183665e-03,1.682720e-03,1.292111e-02,8.190411e-02,6.792161e-03,2.200074e-02
6.485175e-02,2.249275e-01,3.236619e-02,1.298223e-02,6.405546e-02,1.358957e-01,5.484514e-03,7.790981e-02,2.472173e-01,3.354347e-03,2.317287e-03,1.184553e-02,6.394459e-02,1.220275e-02,4.064502e-02
8.058158e-02,2.652140e-01,3.514940e-02,1.296013e-02,6.252555e-02,1.029609e-01,4.496532e-03,9.063511e-02,2.214366e-01,4.241764e-03,2.301380e-03,1.079294e-02,4.852369e-02,1.489030e-02,4.329000e-02
1.299660e-01,2.731655e-01,2.974916e-02,1.120853e-02,5.214242e-02,7.824931e-02,3.995930e-03,7.086255e-02,1.908835e-01,7.045885e-03,2.960520e-03,9.169079e-03,3.842075e-02,2.062802e-02,8.155283e-02
1.957989e-01,2.453074e-01,3.839780e-02,1.273804e-02,3.979490e-02,6.154852e-02,3.483572e-03,5.464356e-02,1.512147e-01,5.757767e-02,5.432833e-03,9.923490e-03,3.456141e-02,1.583361e-02,7.374354e-02
1.691075e-01,2.015700e-01,8.084226e-02,3.318338e-02,2.915615e-02,4.843573e-02,2.648527e-03,4.005607e-02,1.114344e-01,1.489099e-01,1.150432e-02,1.432135e-02,3.148815e-02,1.137700e-02,6.596523e-02
1.375359e-01,1.478051e-01,6.130140e-02,8.257394e-02,2.104664e-02,3.541182e-02,2.043736e-03,3.067151e-02,8.795800e-02,2.422426e-01,2.596971e-02,1.687964e-02,4.681429e-02,8.323222e-03,5.342256e-02
1.027882e-01,1.043277e-01,4.431460e-02,1.192039e-01,1.556162e-02,2.614680e-02,1.772230e-03,2.559569e-02,7.280331e-02,2.077239e-01,9.056027e-02,2.334225e-02,1.168410e-01,6.295412e-03,4.272306e-02
8.287185e-02,7.424255e-02,3.165416e-02,1.895572e-01,1.234586e-02,1.903997e-02,1.361644e-03,1.902497e-02,8.718497e-02,1.514180e-01,1.218689e-01,1.850077e-02,1.509681e-01,5.346970e-03,3.461414e-02
5.890378e-02,5.220292e-02,2.320380e-02,1.554632e-01,9.148605e-03,1.545293e-02,1.156001e-03,1.419966e-02,6.431332e-02,1.082588e-01,2.066840e-01,1.833229e-02,2.334425e-01,4.678295e-03,3.455999e-02
4.263118e-02,3.676542e-02,1.773392e-02,1.189993e-01,1.623171e-02,1.130242e-02,1.104771e-03,1.110333e-02,6.983873e-02,7.669608e-02,3.289281e-01,1.833860e-02,2.212767e-01,3.686825e-03,2.536290e-02
4.146090e-02,2.748117e-02,1.824769e-02,9.890422e-02,8.656847e-02,1.200414e-02,4.918498e-03,1.092681e-02,1.059981e-01,5.517495e-02,3.271947e-01,1.535399e-02,1.731997e-01,2.917417e-03,1.964920e-02
4.627881e-02,2.323366e-02,1.491724e-02,9.253990e-02,9.979546e-02,1.447549e-02,8.994232e-03,1.644623e-02,2.189385e-01,3.922619e-02,2.565923e-01,1.209853e-02,1.310403e-01,2.900878e-03,2.252221e-02
8.210742e-02,1.947735e-02,3.216122e-02,1.344093e-01,1.130021e-01,1.688466e-02,1.022018e-02,1.619282e-02,2.044872e-01,2.865124e-02,2.027860e-01,1.348152e-02,1.060940e-01,2.636495e-03,1.740854e-02
5.985894e-02,1.870494e-02,1.032638e-01,2.731654e-01,9.386584e-02,1.267307e-02,8.326628e-03,1.178726e-02,1.518971e-01,2.099498e-02,1.447640e-01,1.002153e-02,7.552377e-02,1.990376e-03,1.316247e-02
5.876757e-02,1.680296e-02,1.105437e-01,3.693686e-01,8.169091e-02,1.138783e-02,7.248114e-03,9.082617e-03,1.161018e-01,2.023019e-02,1.159769e-01,1.050405e-02,5.987290e-02,1.613937e-03,1.080793e-02
4.128521e-02,1.232077e-02,9.199236e-02,4.630038e-01,6.295158e-02,8.563110e-03,5.293323e-03,6.498682e-03,8.167408e-02,4.729538e-02,1.087634e-01,8.702626e-03,5.253444e-02,1.240248e-03,7.881032e-03
2.897655e-02,9.004941e-03,6.783576e-02,5.125252e-01,6.067645e-02,6.364748e-03,4.060097e-03,4.672909e-03,5.827559e-02,5.287229e-02,1.319163e-01,8.640823e-03,4.723404e-02,1.301089e-03,5.643214e-03
2.035912e-02,6.456590e-03,4.919238e-02,4.885738e-01,4.500427e-02,4.744872e-03,3.072110e-03,3.412228e-03,4.169794e-02,5.163972e-02,1.796571e-01,5.694868e-02,4.218021e-02,3.055099e-03,4.005871e-03
1.430980e-02,4.621034e-03,3.462058e-02,3.619390e-01,3.646459e-02,3.909403e-03,2.211808e-03,2.450086e-03,3.053111e-02,3.897298e-02,2.693016e-01,1.518922e-01,4.188270e-02,4.028428e-03,2.864730e-03
1.005037e-02,3.258752e-03,2.436469e-02,2.652402e-01,3.115454e-02,3.367469e-03,1.594167e-03,1.738817e-03,2.301673e-02,3.042872e-02,3.460447e-01,2.194989e-01,3.451907e-02,3.674908e-03,2.048081e-03
7.109055e-03,2.320349e-03,1.722107e-02,1.924303e-01,3.587944e-02,5.854992e-03,1.162464e-03,1.280017e-03,1.891821e-02,2.485335e-02,3.778586e-01,2.853190e-01,2.515880e-02,3.096408e-03,1.538041e-03
5.024459e-03,1.677887e-03,1.210418e-02,1.401568e-01,3.877359e-02,4.747320e-03,8.199638e-04,9.208381e-04,1.638982e-02,1.885281e-02,3.880771e-01,3.507300e-01,1.819558e-02,2.412794e-03,1.116899e-03
3.561760e-03,1.202023e-03,8.516894e-03,9.868985e-02,1.053271e-01,3.574665e-03,5.852785e-04,6.590398e-04,1.320098e-02,1.401237e-02,4.135445e-01,3.216529e-01,1.289121e-02,1.753131e-03,8.284024e-04
3.364170e-03,1.343835e-03,6.137810e-03,6.995166e-02,1.476514e-01,3.173076e-03,4.350910e-04,5.736540e-04,1.406266e-02,1.258684e-02,3.593744e-01,3.692043e-01,9.709369e-03,1.678451e-03,7.532425e-04
3.285898e-03,1.028389e-03,4.348575e-03,4.920848e-02,1.705828e-01,3.173518e-03,3.747728e-04,8.958459e-04,1.219307e-02,9.846632e-03,3.520053e-01,3.839333e-01,7.170582e-03,1.376415e-03,5.764441e-04
5.657231e-03,2.137991e-03,3.428257e-03,3.524223e-02,2.168966e-01,4.381247e-03,3.402880e-04,9.908921e-04,1.007291e-02,9.561408e-03,3.507244e-01,3.507577e-01,5.652362e-03,3.240279e-03,9.162970e-04
6.185837e-03,2.016108e-03,2.541182e-03,2.524985e-02,1.779535e-01,5.398332e-03,3.301455e-04,1.563864e-03,7.798837e-03,7.843059e-03,3.161729e-01,4.387782e-01,4.708464e-03,2.752770e-03,7.068720e-04
1.309813e-02,2.436093e-03,2.504105e-03,1.815518e-02,1.401457e-01,7.654977e-03,7.156039e-04,3.695490e-03,5.833525e-03,1.279764e-02,2.560679e-01,5.299085e-01,3.658739e-03,2.726222e-03,6.022952e-04
1.745881e-02,2.348781e-03,2.479047e-03,1.393856e-02,1.703427e-01,6.961336e-03,1.495647e-03,1.352825e-02,5.384147e-03,1.530552e-02,2.295568e-01,5.136801e-01,3.458889e-03,3.577169e-03,4.843235e-04
2.000343e-02,2.426425e-03,2.545819e-03,1.062071e-02,2.119941e-01,9.359152e-03,2.436832e-03,1.477175e-02,4.512467e-03,1.260136e-02,2.018808e-01,5.002695e-01,2.771368e-03,3.342109e-03,4.642759e-04
3.257831e-02,2.180379e-03,3.439281e-03,1.132617e-02,1.713828e-01,1.578775e-02,1.627553e-02,4.287655e-02,5.221812e-03,1.740803e-02,1.551833e-01,5.199651e-01,2.634737e-03,3.295323e-03,4.449924e-04
3.722579e-02,1.972522e-03,3.649791e-03,1.095278e-02,1.591220e-01,1.765830e-02,3.798790e-02,9.440407e-02,6.249079e-03,2.909856e-02,1.247511e-01,4.707520e-01,2.481726e-03,3.321307e-03,3.730580e-04
3.291859e-02,2.168067e-03,5.097106e-03,1.297942e-02,1.264486e-01,5.501796e-02,7.239923e-02,1.535773e-01,6.502306e-03,3.926056e-02,1.048269e-01,3.819006e-01,2.818172e-03,3.726380e-03,3.589072e-04
3.738579e-02,2.106003e-03,1.312253e-02,1.786910e-02,1.027104e-01,6.906282e-02,8.335948e-02,2.114187e-01,6.090072e-03,3.724441e-02,8.758766e-02,3.249226e-01,3.052928e-03,3.741941e-03,3.256515e-04
4.474895e-02,2.732546e-03,1.457985e-02,1.686271e-02,9.365904e-02,5.971509e-02,7.212042e-02,1.971739e-01,8.192412e-03,6.321879e-02,8.724384e-02,3.282921e-01,4.127108e-03,6.861292e-03,4.719576e-04
8.208407e-02,3.007847e-03,1.277160e-02,1.461086e-02,1.182524e-01,5.636745e-02,5.827453e-02,1.697630e-01,1.087923e-02,5.657083e-02,1.092851e-01,2.948685e-01,4.979081e-03,7.762261e-03,5.232262e-04
1.149103e-01,3.821129e-03,1.172127e-02,1.227108e-02,1.512294e-01,6.219631e-02,4.406286e-02,1.359242e-01,1.471543e-02,4.929283e-02,1.106275e-01,2.748814e-01,5.653920e-03,7.868996e-03,8.235610e-04
1.470741e-01,5.417800e-03,1.631545e-02,1.294230e-02,1.724490e-01,6.066427e-02,3.405211e-02,1.281162e-01,1.253875e-02,4.517579e-02,1.076654e-01,2.415349e-01,5.668717e-03,8.968812e-03,1.416377e-03
1.334475e-01,8.085065e-03,2.196694e-02,1.313426e-02,1.864901e-01,6.934568e-02,2.763924e-02,1.233524e-01,9.914424e-03,3.436967e-02,8.520964e-02,2.733036e-01,5.423172e-03,7.115012e-03,1.203294e-03
1.182075e-01,7.959790e-03,1.801912e-02,1.094500e-02,2.273124e-01,5.886612e-02,1.996771e-02,1.056551e-01,1.037822e-02,2.523080e-02,6.954878e-02,3.152035e-01,6.261254e-03,5.399793e-03,1.045004e-03
1.052302e-01,7.262160e-03,2.829988e-02,1.387324e-02,2.541419e-01,4.425238e-02,1.495898e-02,1.557904e-01,1.559300e-02,1.876501e-02,5.195289e-02,2.787422e-01,6.104311e-03,4.108646e-03,9.247404e-04
9.414999e-02,6.004983e-03,2.420460e-02,1.101361e-02,3.674989e-01,3.445450e-02,1.242738e-02,1.350917e-01,2.909009e-02,1.447633e-02,4.150271e-02,2.205913e-01,5.520929e-03,3.188825e-03,7.841752e-04
9.849487e-02,5.642334e-03,2.308427e-02,1.010465e-02,4.487468e-01,2.744638e-02,9.556915e-03,1.109405e-01,2.710616e-02,1.740089e-02,4.064443e-02,1.709128e-01,5.301833e-03,3.566212e-03,1.050958e-03
1.351921e-01,5.682629e-03,2.467592e-02,1.364490e-02,4.454550e-01,2.354009e-02,8.237752e-03,1.129051e-01,2.687123e-02,1.452498e-02,3.830970e-02,1.412242e-01,5.423498e-03,2.915658e-03,1.397194e-03
1.605489e-01,5.960088e-03,2.274036e-02,1.684264e-02,4.480524e-01,1.871338e-02,6.937559e-03,1.138431e-01,3.555164e-02,1.219152e-02,3.503668e-02,1.145578e-01,4.815924e-03,2.437441e-03,1.770434e-03
1.752666e-01,6.611468e-03,2.188146e-02,1.724848e-02,4.243694e-01,1.518785e-02,6.179193e-03,9.390440e-02,6.682228e-02,1.733274e-02,4.565988e-02,9.787451e-02,4.275295e-03,4.220931e-03,3.165443e-03
1.812894e-01,6.392657e-03,1.693480e-02,1.525828e-02,4.002806e-01,1.178316e-02,5.741105e-03,7.584167e-02,1.155410e-01,2.931585e-02,4.037109e-02,8.981816e-02,3.760502e-03,4.234536e-03,3.437089e-03
2.376049e-01,7.917236e-03,1.489218e-02,1.634151e-02,3.637823e-01,1.046086e-02,5.203480e-03,6.712026e-02,1.030183e-01,5.844113e-02,3.352454e-02,6.768836e-02,3.849200e-03,5.678856e-03,4.476762e-03
3.086701e-01,8.547888e-03,1.398398e-02,2.125108e-02,3.347262e-01,9.347714e-03,4.743892e-03,6.317507e-02,8.790302e-02,4.725474e-02,2.937224e-02,5.614412e-02,4.054924e-03,5.556066e-03,5.268893e-03
3.716225e-01,9.684253e-03,1.348316e-02,1.870207e-02,2.941653e-01,8.064684e-03,4.053720e-03,5.775547e-02,8.844927e-02,3.864065e-02,2.958447e-02,4.969557e-02,4.993521e-03,5.772321e-03,5.333037e-03
4.719607e-01,9.177811e-03,1.304066e-02,1.681258e-02,2.287997e-01,8.112667e-03,4.123652e-03,5.335806e-02,7.138702e-02,3.176820e-02,2.795846e-02,4.628831e-02,5.694742e-03,5.247373e-03,6.270037e-03
1.000000e+00,0.000000e+00,0.000000e+00,0.000000e+00,0.000000e+00,0.000000e+00,0.000000e+00,0.000000e+00,0.000000e+00,0.000000e+00,0.000000e+00,0.000000e+00,0.000000e+00,0.000000e+00,0.000000e+00
1.000000e+00,0.000000e+00,0.000000e+00,0.000000e+00,0.000000e+00,0.000000e+00,0.000000e+00,0.000000e+00,0.000000e+00,0.000000e+00,0.000000e+00,0.000000e+00,0.000000e+00,0.000000e+00,0.000000e+00
1.000000e+00,0.000000e+00,0.000000e+00,0.000000e+00,0.000000e+00,0.000000e+00,0.000000e+00,0.000000e+00,0.000000e+00,0.000000e+00,0.000000e+00,0.000000e+00,0.000000e+00,0.000000e+00,0.000000e+00
1.000000e+00,0.000000e+00,0.000000e+00,0.000000e+00,0.000000e+00,0.000000e+00,0.000000e+00,0.000000e+00,0.000000e+00,0.000000e+00,0.000000e+00,0.000000e+00,0.000000e+00,0.000000e+00,0.000000e+00
1.000000e+00,0.000000e+00,0.000000e+00,0.000000e+00,0.000000e+00,0.000000e+00,0.000000e+00,0.000000e+00,0.000000e+00,0.000000e+00,0.000000e+00,0.000000e+00,0.000000e+00,0.000000e+00,0.000000e+00
1.000000e+00,0.000000e+00,0.000000e+00,0.000000e+00,0.000000e+00,0.000000e+00,0.000000e+00,0.000000e+00,0.000000e+00,0.000000e+00,0.000000e+00,0.000000e+00,0.000000e+00,0.000000e+00,0.000000e+00
1.000000e+00,0.000000e+00,0.000000e+00,0.000000e+00,0.000000e+00,0.000000e+00,0.000000e+00,0.000000e+00,0.000000e+00,0.000000e+00,0.000000e+00,0.000000e+00,0.000000e+00,0.000000e+00,0.000000e+00
1.000000e+00,0.000000e+00,0.000000e+00,0.000000e+00,0.000000e+00,0.000000e+00,0.000000e+00,0.000000e+00,0.000000e+00,0.000000e+00,0.000000e+00,0.000000e+00,0.000000e+00,0.000000e+00,0.000000e+00
4.495981e-01,3.862413e-02,1.337859e-02,1.456439e-01,2.104212e-02,2.135930e-02,2.267019e-03,1.403249e-02,1.915786e-02,2.355471e-02,1.160155e-01,7.828815e-02,1.931524e-02,1.194207e-02,2.578070e-02
3.763426e-01,3.372111e-02,1.113510e-02,1.108014e-01,1.645391e-02,1.631045e-02,1.635530e-03,1.066062e-02,1.700979e-02,1.004480e-01,1.876510e-01,6.009167e-02,1.723721e-02,1.943018e-02,2.107131e-02
2.887476e-01,2.543475e-02,8.301714e-03,8.044767e-02,1.331848e-02,1.260001e-02,1.191623e-03,7.852483e-03,1.474753e-02,3.014844e-01,1.504815e-01,4.890464e-02,1.337135e-02,1.738994e-02,1.572626e-02
2.078851e-01,1.848685e-02,5.948965e-03,5.745783e-02,1.006206e-02,1.092835e-02,8.819761e-04,5.645369e-03,1.331660e-02,3.891514e-01,1.465620e-01,9.449169e-02,1.075119e-02,1.682110e-02,1.160958e-02
1.467580e-01,1.319822e-02,4.269998e-03,4.061781e-02,7.839287e-03,9.093847e-03,6.940505e-04,4.057012e-03,1.088272e-02,4.994598e-01,1.243955e-01,1.064266e-01,8.938947e-03,1.466922e-02,8.699059e-03
1.056376e-01,9.543036e-03,3.193784e-03,2.940124e-02,7.844940e-03,6.969591e-03,6.450971e-04,3.278947e-03,8.650258e-03,5.860379e-01,1.065100e-01,1.025116e-01,8.787976e-03,1.388933e-02,7.098685e-03
7.413907e-02,7.116551e-03,2.333097e-03,2.072535e-02,6.456587e-03,5.015920e-03,4.742187e-04,2.351575e-03,6.921129e-03,6.822314e-01,8.246970e-02,8.122332e-02,7.473351e-03,1.540766e-02,5.661041e-03
5.230780e-02,5.196447e-03,1.700076e-03,1.470868e-02,4.951543e-03,3.784340e-03,3.587857e-04,1.726925e-03,5.618503e-03,7.370584e-01,6.747948e-02,7.888632e-02,6.050963e-03,1.557934e-02,4.592431e-03
3.805449e-02,4.088398e-03,1.340561e-03,1.046394e-02,3.707853e-03,4.087403e-03,3.143711e-04,1.645220e-03,6.209730e-03,7.670916e-01,6.103432e-02,6.054347e-02,4.631611e-03,3.325198e-02,3.535073e-03
2.942794e-02,3.481129e-03,1.229868e-03,7.844663e-03,2.977045e-03,3.269245e-03,2.542259e-04,1.888435e-03,1.141266e-02,7.546510e-01,6.480747e-02,4.851826e-02,3.694500e-03,6.354173e-02,3.001888e-03
2.303342e-02,3.244297e-03,1.764994e-03,6.530134e-03,4.501691e-03,2.807064e-03,2.235897e-04,1.617837e-03,1.480773e-02,7.646682e-01,6.379143e-02,4.364363e-02,3.084321e-03,6.308863e-02,3.193028e-03
1.945136e-02,4.460947e-03,5.802387e-03,6.275405e-03,1.522037e-02,2.892344e-03,3.060069e-04,1.542209e-03,2.729962e-02,7.362179e-01,6.328323e-02,4.181858e-02,2.776632e-03,6.852594e-02,4.127030e-03
2.933719e-02,1.050042e-02,1.802867e-02,6.140551e-03,6.428064e-02,4.584087e-03,7.319247e-04,2.756616e-03,3.159287e-02,6.310401e-01,7.999068e-02,3.589524e-02,2.938497e-03,7.753161e-02,4.650892e-03
6.485994e-02,1.752779e-02,7.153334e-02,9.760052e-03,6.495044e-02,5.521316e-03,2.816898e-03,2.628234e-02,3.354820e-02,5.091903e-01,8.595401e-02,3.249715e-02,3.665407e-03,6.732715e-02,4.565638e-03
9.710404e-02,2.634478e-02,1.754341e-01,1.207623e-02,5.907274e-02,1.948100e-02,3.089374e-03,2.458836e-02,2.780590e-02,3.923357e-01,7.106680e-02,2.808331e-02,3.265224e-03,5.539683e-02,4.855518e-03
1.037562e-01,4.034892e-02,2.684208e-01,1.982628e-02,5.850010e-02,2.830578e-02,2.580790e-03,1.884306e-02,2.864655e-02,2.931954e-01,5.802508e-02,2.251767e-02,4.121854e-03,4.422254e-02,8.688916e-03
8.405823e-02,1.217445e-01,2.423518e-01,2.045105e-02,5.467567e-02,2.228198e-02,2.187877e-03,1.388011e-02,8.159690e-02,2.132652e-01,7.191652e-02,2.150951e-02,6.525249e-03,3.339028e-02,1.016510e-02
6.910893e-02,2.045559e-01,2.035987e-01,2.290804e-02,4.819059e-02,1.977798e-02,1.873339e-03,1.081462e-02,1.082542e-01,1.620347e-01,7.121038e-02,2.003598e-02,1.106757e-02,2.467387e-02,2.189513e-02
5.956852e-02,2.005306e-01,1.801764e-01,2.863558e-02,4.432191e-02,1.808847e-02,1.631454e-03,8.561092e-03,1.166280e-01,1.378909e-01,7.605666e-02,3.363766e-02,4.008248e-02,1.902717e-02,3.516307e-02
4.730977e-02,1.525999e-01,1.380112e-01,2.712949e-02,3.577966e-02,1.817108e-02,1.392018e-03,7.008660e-03,1.018344e-01,1.249037e-01,9.442700e-02,9.641735e-02,1.124395e-01,1.405874e-02,2.851755e-02
3.714685e-02,1.199225e-01,1.104012e-01,5.420835e-02,3.170636e-02,1.876864e-02,1.177660e-03,5.742879e-03,9.789751e-02,1.074557e-01,1.274848e-01,9.871803e-02,1.508858e-01,1.054639e-02,2.793733e-02
2.966927e-02,1.108991e-01,7.994468e-02,1.020513e-01,2.497285e-02,1.517041e-02,1.139953e-03,4.401167e-03,1.622855e-01,7.824972e-02,1.082099e-01,9.710929e-02,1.475393e-01,8.489911e-03,2.986773e-02
2.415986e-02,8.806948e-02,5.672098e-02,7.821266e-02,2.004718e-02,1.279555e-02,1.469168e-03,4.109575e-03,2.624721e-01,5.690584e-02,1.031664e-01,1.134178e-01,1.467374e-01,6.660212e-03,2.505585e-02
1.873376e-02,6.849450e-02,4.008128e-02,6.099970e-02,1.460254e-02,1.239348e-02,1.330766e-03,3.061593e-03,3.774359e-01,4.109185e-02,7.803351e-02,8.855605e-02,1.663436e-01,4.785084e-03,2.405636e-02
1.613036e-02,6.507010e-02,3.008302e-02,9.292565e-02,1.499592e-02,1.529634e-02,1.538873e-03,4.247605e-03,4.181360e-01,3.229279e-02,5.669416e-02,6.644634e-02,1.604675e-01,3.701044e-03,2.197432e-02
1.944175e-02,6.087268e-02,3.016483e-02,1.418663e-01,1.646426e-02,3.423439e-02,1.466510e-03,5.317100e-03,3.798164e-01,2.684179e-02,4.943585e-02,5.299608e-02,1.482466e-01,4.787489e-03,2.804802e-02
2.737892e-02,4.772074e-02,2.541248e-02,1.016149e-01,1.618572e-02,1.134084e-01,2.747185e-03,9.371210e-03,3.638116e-01,1.984122e-02,4.098880e-02,5.161679e-02,1.510362e-01,4.132433e-03,2.473339e-02
2.428579e-02,3.645202e-02,1.887790e-02,7.201480e-02,1.445216e-02,1.051139e-01,2.402260e-03,8.061221e-03,3.249529e-01,1.452508e-02,3.200823e-02,6.363185e-02,2.610401e-01,3.215783e-03,1.896604e-02
1.885694e-02,2.844780e-02,1.392888e-02,5.074475e-02,1.182355e-02,1.171744e-01,1.937152e-03,6.150345e-03,2.522470e-01,1.041593e-02,2.471657e-02,8.609392e-02,3.609252e-01,2.384962e-03,1.415259e-02
2.587379e-02,2.663515e-02,1.674518e-02,4.798936e-02,1.309114e-02,1.043994e-01,2.109068e-03,9.898541e-03,2.249508e-01,8.880610e-03,1.883711e-02,7.273286e-02,4.131935e-01,2.219036e-03,1.244447e-02
3.614568e-02,2.819006e-02,1.265749e-02,3.654157e-02,1.963430e-02,1.086358e-01,2.162956e-03,8.596710e-03,1.996951e-01,6.752639e-03,1.759377e-02,8.852614e-02,4.211248e-01,2.215432e-03,1.152760e-02
3.455798e-02,2.505509e-02,1.077099e-02,2.874833e-02,3.154120e-02,1.146004e-01,4.313400e-03,1.484270e-02,1.793533e-01,5.494046e-03,1.297270e-02,6.723290e-02,4.599817e-01,1.758013e-03,8.777163e-03
4.171795e-02,2.454073e-02,8.582620e-03,2.475214e-02,4.733730e-02,1.402694e-01,4.410232e-03,1.248575e-02,1.689404e-01,4.664564e-03,9.805322e-03,5.077635e-02,4.505210e-01,1.454978e-03,9.741316e-03
4.252976e-02,2.470731e-02,3.013884e-02,9.341043e-02,5.519528e-02,1.863401e-01,8.088710e-03,1.989412e-02,1.345345e-01,5.678017e-03,7.518274e-03,3.712061e-02,3.451392e-01,1.079649e-03,8.625164e-03
8.391271e-02,2.923638e-02,2.545221e-02,7.994595e-02,4.399165e-02,1.748681e-01,1.278643e-02,2.436434e-02,1.216886e-01,6.675398e-03,8.741416e-03,3.120183e-02,3.453557e-01,1.057891e-03,1.072138e-02
1.128207e-01,2.691754e-02,2.080433e-02,6.556289e-02,5.068952e-02,1.651943e-01,6.209311e-02,2.988512e-02,1.333697e-01,5.922962e-03,8.626766e-03,3.025946e-02,2.760620e-01,1.029114e-03,1.076262e-02
1.682807e-01,2.464822e-02,1.590912e-02,6.056423e-02,4.238932e-02,1.553672e-01,5.474069e-02,2.779347e-02,1.353698e-01,8.126976e-03,1.283691e-02,3.079834e-02,2.347414e-01,2.229053e-03,2.620456e-02
1.798034e-01,2.265386e-02,1.203121e-02,4.531373e-02,3.372490e-02,2.494653e-01,4.233969e-02,3.197467e-02,1.237906e-01,8.101698e-03,1.367910e-02,3.143629e-02,1.804834e-01,2.138306e-03,2.306381e-02
2.848046e-01,2.240012e-02,9.711809e-03,4.013802e-02,2.529789e-02,2.011941e-01,3.200372e-02,2.528037e-02,1.137244e-01,1.941674e-02,1.499071e-02,3.291523e-02,1.472169e-01,3.358067e-03,2.754726e-02
3.265862e-01,1.938692e-02,7.622687e-03,3.738715e-02,2.138413e-02,1.560476e-01,2.437910e-02,2.077128e-02,1.361705e-01,2.140368e-02,2.186162e-02,2.629929e-02,1.344734e-01,4.309437e-03,4.191692e-02
3.376752e-01,1.932405e-02,5.903041e-03,4.492959e-02,1.693268e-02,1.303988e-01,1.817832e-02,1.540705e-02,1.252072e-01,2.751331e-02,3.102652e-02,2.993800e-02,1.370899e-01,5.906411e-03,5.456999e-02
2.662587e-01,2.361136e-02,5.124921e-03,6.355934e-02,1.596190e-02,9.858862e-02,1.347156e-02,1.189040e-02,1.851514e-01,2.585505e-02,5.299763e-02,3.624529e-02,1.467496e-01,7.387590e-03,4.714667e-02
2.071589e-01,2.089162e-02,4.524018e-03,6.687503e-02,1.506952e-02,7.531267e-02,1.037301e-02,8.990841e-03,2.050215e-01,3.658026e-02,6.732970e-02,4.900901e-02,1.656312e-01,8.799108e-03,5.843367e-02
1.918728e-01,1.726995e-02,4.570782e-03,6.306402e-02,1.390547e-02,5.643360e-02,1.022345e-02,6.640964e-03,1.708850e-01,4.152208e-02,9.433908e-02,6.235412e-02,1.660561e-01,8.153167e-03,9.270965e-02
1.881761e-01,1.433636e-02,5.228965e-03,4.840636e-02,1.474458e-02,4.661454e-02,8.201884e-03,5.769433e-03,1.355592e-01,4.118329e-02,1.170355e-01,5.834396e-02,2.263414e-01,9.232295e-03,8.082618e-02
1.512654e-01,1.284420e-02,9.637767e-03,3.945493e-02,1.335779e-02,3.459648e-02,7.188047e-03,4.715564e-03,1.081287e-01,1.387992e-01,9.787412e-02,6.303118e-02,2.214177e-01,7.935989e-03,8.975290e-02
2.120958e-01,1.343504e-02,1.204738e-02,5.028618e-02,1.425205e-02,3.002714e-02,5.728170e-03,5.049296e-03,8.980506e-02,1.918095e-01,7.794401e-02,5.193379e-02,1.702460e-01,7.043744e-03,6.829686e-02
2.487202e-01,1.595024e-02,1.238820e-02,4.414370e-02,1.323132e-02,2.599086e-02,5.407886e-03,5.154531e-03,8.099157e-02,1.877114e-01,7.128138e-02,4.500965e-02,1.389336e-01,8.824860e-03,9.626062e-02
1.778591e-01,1.369757e-02,1.198034e-02,3.118035e-02,1.250932e-02,1.920693e-02,3.913252e-03,3.852962e-03,6.827050e-02,1.423469e-01,5.290017e-02,3.224907e-02,1.015322e-01,1.568485e-02,3.128165e-01
1.259028e-01,1.244073e-02,9.578672e-03,2.214741e-02,9.457614e-03,1.417468e-02,2.773529e-03,2.878522e-03,5.570851e-02,1.016118e-01,3.824425e-02,2.284412e-02,7.251414e-02,1.301970e-02,4.967035e-01
8.950742e-02,9.883962e-03,7.016695e-03,1.557880e-02,7.234751e-03,1.059431e-02,1.957795e-03,2.094647e-03,4.803729e-02,7.337891e-02,2.780440e-02,1.615709e-02,5.179528e-02,1.117456e-02,6.277841e-01
7.665154e-02,9.749124e-03,5.542747e-03,1.127402e-02,5.350902e-03,8.172188e-03,1.426107e-03,1.639279e-03,4.769579e-02,5.229225e-02,2.014475e-02,1.174318e-02,3.802873e-02,1.057006e-02,6.997194e-01
5.778828e-02,1.446623e-02,4.777594e-03,8.010078e-03,3.980790e-03,6.387442e-03,1.038990e-03,1.263634e-03,5.606231e-02,3.755832e-02,1.489372e-02,8.400700e-03,2.855668e-02,1.223887e-02,7.445764e-01
4.734543e-02,1.668060e-02,6.247309e-03,5.764856e-03,2.868360e-03,5.346714e-03,7.629190e-04,9.898094e-04,5.167205e-02,2.724131e-02,1.075517e-02,6.054221e-03,2.109125e-02,1.447542e-02,7.827046e-01
4.450227e-02,1.326811e-02,6.874339e-03,4.713192e-03,2.286457e-03,5.011301e-03,5.611554e-04,8.764331e-04,7.386884e-02,1.988532e-02,8.491856e-03,5.093804e-03,1.559074e-02,1.440474e-02,7.845715e-01
6.172047e-02,2.292781e-02,7.008380e-03,3.893516e-03,2.667492e-03,3.910369e-03,4.789788e-04,8.055477e-04,6.064329e-02,1.456399e-02,6.874956e-03,3.986762e-03,1.186585e-02,1.826252e-02,7.803901e-01
7.601000e-02,2.175497e-02,6.400168e-03,2.922060e-03,2.636505e-03,3.300441e-03,3.655429e-04,6.967014e-04,6.345142e-02,1.109157e-02,5.819100e-03,2.904354e-03,9.127646e-03,3.445243e-02,7.590671e-01
7.322232e-02,1.840522e-02,5.323024e-03,2.202120e-03,2.552976e-03,3.051411e-03,3.124170e-04,1.417180e-03,6.109876e-02,8.598710e-03,6.083172e-03,2.217255e-03,7.358772e-03,7.088903e-02,7.372677e-01
7.383094e-02,1.579498e-02,7.314105e-03,3.812305e-03,2.090114e-03,3.718104e-03,2.947144e-04,1.648171e-03,6.216954e-02,6.844216e-03,5.769922e-03,1.943190e-03,5.729956e-03,7.881768e-02,7.302221e-01
8.534661e-02,1.289799e-02,1.415735e-02,6.163142e-03,2.228810e-03,5.913842e-03,4.541725e-04,3.228178e-03,5.927083e-02,5.179262e-03,4.660871e-03,1.882071e-03,4.887445e-03,7.417451e-02,7.195550e-01
1.247517e-01,1.281088e-02,1.137697e-02,7.415085e-03,3.469916e-03,6.053926e-03,4.268653e-04,2.827939e-03,7.287963e-02,4.386135e-03,4.409521e-03,2.693436e-03,6.525334e-03,7.783736e-02,6.621353e-01
1.131144e-01,1.151187e-02,1.236404e-02,5.840148e-03,3.425069e-03,7.693653e-03,3.689843e-04,2.129339e-03,1.034264e-01,4.107635e-03,8.386820e-03,2.828447e-03,6.404037e-03,1.881619e-01,5.302373e-01
1.299902e-01,1.357625e-02,1.302773e-02,9.651043e-03,4.444424e-03,7.531674e-03,5.221987e-04,2.330120e-03,1.055590e-01,4.824837e-03,1.907473e-02,5.497086e-03,9.732604e-03,1.700235e-01,5.042146e-01
1.426954e-01,1.459122e-02,1.656016e-02,2.122596e-02,5.305761e-03,7.396523e-03,5.655661e-04,2.641160e-03,9.878215e-02,6.611072e-03,1.441546e-02,6.280585e-03,8.405701e-03,1.420313e-01,5.124919e-01
1.722041e-01,2.710059e-02,1.510756e-02,2.192743e-02,4.875391e-03,7.859921e-03,7.595870e-04,2.436941e-03,9.139342e-02,7.424531e-03,1.128617e-02,6.241648e-03,7.795887e-03,1.114829e-01,5.121039e-01
2.066123e-01,3.205549e-02,1.568332e-02,2.178189e-02,5.204147e-03,7.690699e-03,9.805616e-04,2.075586e-03,1.067214e-01,8.515601e-03,9.452661e-03,6.225490e-03,6.702397e-03,1.047265e-01,4.655719e-01
2.484168e-01,3.840581e-02,3.278224e-02,7.179543e-02,8.035962e-03,9.939574e-03,1.345224e-03,2.695819e-03,1.030444e-01,9.105498e-03,9.965965e-03,8.536406e-03,6.466092e-03,8.743344e-02,3.620313e-01
3.349869e-01,3.807971e-02,3.553356e-02,9.362282e-02,1.237717e-02,1.098269e-02,1.794350e-03,4.655186e-03,9.583157e-02,8.813016e-03,1.078868e-02,1.061514e-02,7.034029e-03,6.698994e-02,2.678953e-01
