1.000000e+00,0.000000e+00,0.000000e+00,0.000000e+00,0.000000e+00,0.000000e+00,0.000000e+00,0.000000e+00,0.000000e+00,0.000000e+00,0.000000e+00,0.000000e+00,0.000000e+00,0.000000e+00,0.000000e+00
1.000000e+00,0.000000e+00,0.000000e+00,0.000000e+00,0.000000e+00,0.000000e+00,0.000000e+00,0.000000e+00,0.000000e+00,0.000000e+00,0.000000e+00,0.000000e+00,0.000000e+00,0.000000e+00,0.000000e+00
1.000000e+00,0.000000e+00,0.000000e+00,0.000000e+00,0.000000e+00,0.000000e+00,0.000000e+00,0.000000e+00,0.000000e+00,0.000000e+00,0.000000e+00,0.000000e+00,0.000000e+00,0.000000e+00,0.000000e+00
1.000000e+00,0.000000e+00,0.000000e+00,0.000000e+00,0.000000e+00,0.000000e+00,0.000000e+00,0.000000e+00,0.000000e+00,0.000000e+00,0.000000e+00,0.000000e+00,0.000000e+00,0.000000e+00,0.000000e+00
1.000000e+00,0.000000e+00,0.000000e+00,0.000000e+00,0.000000e+00,0.000000e+00,0.000000e+00,0.000000e+00,0.000000e+00,0.000000e+00,0.000000e+00,0.000000e+00,0.000000e+00,0.000000e+00,0.000000e+00
1.000000e+00,0.000000e+00,0.000000e+00,0.000000e+00,0.000000e+00,0.000000e+00,0.000000e+00,0.000000e+00,0.000000e+00,0.000000e+00,0.000000e+00,0.000000e+00,0.000000e+00,0.000000e+00,0.000000e+00
1.000000e+00,0.000000e+00,0.000000e+00,0.000000e+00,0.000000e+00,0.000000e+00,0.000000e+00,0.000000e+00,0.000000e+00,0.000000e+00,0.000000e+00,0.000000e+00,0.000000e+00,0.000000e+00,0.000000e+00
1.000000e+00,0.000000e+00,0.000000e+00,0.000000e+00,0.000000e+00,0.000000e+00,0.000000e+00,0.000000e+00,0.000000e+00,0.000000e+00,0.000000e+00,0.000000e+00,0.000000e+00,0.000000e+00,0.000000e+00
1.000000e+00,0.000000e+00,0.000000e+00,0.000000e+00,0.000000e+00,0.000000e+00,0.000000e+00,0.000000e+00,0.000000e+00,0.000000e+00,0.000000e+00,0.000000e+00,0.000000e+00,0.000000e+00,0.000000e+00
1.000000e+00,0.000000e+00,0.000000e+00,0.000000e+00,0.000000e+00,0.000000e+00,0.000000e+00,0.000000e+00,0.000000e+00,0.000000e+00,0.000000e+00,0.000000e+00,0.000000e+00,0.000000e+00,0.000000e+00
1.000000e+00,0.000000e+00,0.000000e+00,0.000000e+00,0.000000e+00,0.000000e+00,0.000000e+00,0.000000e+00,0.000000e+00,0.000000e+00,0.000000e+00,0.000000e+00,0.000000e+00,0.000000e+00,0.000000e+00
1.000000e+00,0.000000e+00,0.000000e+00,0.000000e+00,0.000000e+00,0.000000e+00,0.000000e+00,0.000000e+00,0.000000e+00,0.000000e+00,0.000000e+00,0.000000e+00,0.000000e+00,0.000000e+00,0.000000e+00
1.000000e+00,0.000000e+00,0.000000e+00,0.000000e+00,0.000000e+00,0.000000e+00,0.000000e+00,0.000000e+00,0.000000e+00,0.000000e+00,0.000000e+00,0.000000e+00,0.000000e+00,0.000000e+00,0.000000e+00
1.000000e+00,0.000000e+00,0.000000e+00,0.000000e+00,0.000000e+00,0.000000e+00,0.000000e+00,0.000000e+00,0.000000e+00,0.000000e+00,0.000000e+00,0.000000e+00,0.000000e+00,0.000000e+00,0.000000e+00
1.000000e+00,0.000000e+00,0.000000e+00,0.000000e+00,0.000000e+00,0.000000e+00,0.000000e+00,0.000000e+00,0.000000e+00,0.000000e+00,0.000000e+00,0.000000e+00,0.000000e+00,0.000000e+00,0.000000e+00
1.000000e+00,0.000000e+00,0.000000e+00,0.000000e+00,0.000000e+00,0.000000e+00,0.000000e+00,0.000000e+00,0.000000e+00,0.000000e+00,0.000000e+00,0.000000e+00,0.000000e+00,0.000000e+00,0.000000e+00
1.000000e+00,0.000000e+00,0.000000e+00,0.000000e+00,0.000000e+00,0.000000e+00,0.000000e+00,0.000000e+00,0.000000e+00,0.000000e+00,0.000000e+00,0.000000e+00,0.000000e+00,0.000000e+00,0.000000e+00
1.000000e+00,0.000000e+00,0.000000e+00,0.000000e+00,0.000000e+00,0.000000e+00,0.000000e+00,0.000000e+00,0.000000e+00,0.000000e+00,0.000000e+00,0.000000e+00,0.000000e+00,0.000000e+00,0.000000e+00
1.000000e+00,0.000000e+00,0.000000e+00,0.000000e+00,0.000000e+00,0.000000e+00,0.000000e+00,0.000000e+00,0.000000e+00,0.000000e+00,0.000000e+00,0.000000e+00,0.000000e+00,0.000000e+00,0.000000e+00
1.000000e+00,0.000000e+00,0.000000e+00,0.000000e+00,0.000000e+00,0.000000e+00,0.000000e+00,0.000000e+00,0.000000e+00,0.000000e+00,0.000000e+00,0.000000e+00,0.000000e+00,0.000000e+00,0.000000e+00
1.000000e+00,0.000000e+00,0.000000e+00,0.000000e+00,0.000000e+00,0.000000e+00,0.000000e+00,0.000000e+00,0.000000e+00,0.000000e+00,0.000000e+00,0.000000e+00,0.000000e+00,0.000000e+00,0.000000e+00
1.000000e+00,0.000000e+00,0.000000e+00,0.000000e+00,0.000000e+00,0.000000e+00,0.000000e+00,0.000000e+00,0.000000e+00,0.000000e+00,0.000000e+00,0.000000e+00,0.000000e+00,0.000000e+00,0.000000e+00
1.000000e+00,0.000000e+00,0.000000e+00,0.000000e+00,0.000000e+00,0.000000e+00,0.000000e+00,0.000000e+00,0.000000e+00,0.000000e+00,0.000000e+00,0.000000e+00,0.000000e+00,0.000000e+00,0.000000e+00
1.000000e+00,0.000000e+00,0.000000e+00,0.000000e+00,0.000000e+00,0.000000e+00,0.000000e+00,0.000000e+00,0.000000e+00,0.000000e+00,0.000000e+00,0.000000e+00,0.000000e+00,0.000000e+00,0.000000e+00
1.000000e+00,0.000000e+00,0.000000e+00,0.000000e+00,0.000000e+00,0.000000e+00,0.000000e+00,0.000000e+00,0.000000e+00,0.000000e+00,0.000000e+00,0.000000e+00,0.000000e+00,0.000000e+00,0.000000e+00
1.000000e+00,0.000000e+00,0.000000e+00,0.000000e+00,0.000000e+00,0.000000e+00,0.000000e+00,0.000000e+00,0.000000e+00,0.000000e+00,0.000000e+00,0.000000e+00,0.000000e+00,0.000000e+00,0.000000e+00
1.000000e+00,0.000000e+00,0.000000e+00,0.000000e+00,0.000000e+00,0.000000e+00,0.000000e+00,0.000000e+00,0.000000e+00,0.000000e+00,0.000000e+00,0.000000e+00,0.000000e+00,0.000000e+00,0.000000e+00
1.000000e+00,0.000000e+00,0.000000e+00,0.000000e+00,0.000000e+00,0.000000e+00,0.000000e+00,0.000000e+00,0.000000e+00,0.000000e+00,0.000000e+00,0.000000e+00,0.000000e+00,0.000000e+00,0.000000e+00
1.000000e+00,0.000000e+00,0.000000e+00,0.000000e+00,0.000000e+00,0.000000e+00,0.000000e+00,0.000000e+00,0.000000e+00,0.000000e+00,0.000000e+00,0.000000e+00,0.000000e+00,0.000000e+00,0.000000e+00
1.000000e+00,0.000000e+00,0.000000e+00,0.000000e+00,0.000000e+00,0.000000e+00,0.000000e+00,0.000000e+00,0.000000e+00,0.000000e+00,0.000000e+00,0.000000e+00,0.000000e+00,0.000000e+00,0.000000e+00
1.000000e+00,0.000000e+00,0.000000e+00,0.000000e+00,0.000000e+00,0.000000e+00,0.000000e+00,0.000000e+00,0.000000e+00,0.000000e+00,0.000000e+00,0.000000e+00,0.000000e+00,0.000000e+00,0.000000e+00
1.000000e+00,0.000000e+00,0.000000e+00,0.000000e+00,0.000000e+00,0.000000e+00,0.000000e+00,0.000000e+00,0.000000e+00,0.000000e+00,0.000000e+00,0.000000e+00,0.000000e+00,0.000000e+00,0.000000e+00
1.000000e+00,0.000000e+00,0.000000e+00,0.000000e+00,0.000000e+00,0.000000e+00,0.000000e+00,0.000000e+00,0.000000e+00,0.000000e+00,0.000000e+00,0.000000e+00,0.000000e+00,0.000000e+00,0.000000e+00
1.000000e+00,0.000000e+00,0.000000e+00,0.000000e+00,0.000000e+00,0.000000e+00,0.000000e+00,0.000000e+00,0.000000e+00,0.000000e+00,0.000000e+00,0.000000e+00,0.000000e+00,0.000000e+00,0.000000e+00
1.000000e+00,0.000000e+00,0.000000e+00,0.000000e+00,0.000000e+00,0.000000e+00,0.000000e+00,0.000000e+00,0.000000e+00,0.000000e+00,0.000000e+00,0.000000e+00,0.000000e+00,0.000000e+00,0.000000e+00
1.000000e+00,0.000000e+00,0.000000e+00,0.000000e+00,0.000000e+00,0.000000e+00,0.000000e+00,0.000000e+00,0.000000e+00,0.000000e+00,0.000000e+00,0.000000e+00,0.000000e+00,0.000000e+00,0.000000e+00
1.000000e+00,0.000000e+00,0.000000e+00,0.000000e+00,0.000000e+00,0.000000e+00,0.000000e+00,0.000000e+00,0.000000e+00,0.000000e+00,0.000000e+00,0.000000e+00,0.000000e+00,0.000000e+00,0.000000e+00
1.000000e+00,0.000000e+00,0.000000e+00,0.000000e+00,0.000000e+00,0.000000e+00,0.000000e+00,0.000000e+00,0.000000e+00,0.000000e+00,0.000000e+00,0.000000e+00,0.000000e+00,0.000000e+00,0.000000e+00
1.000000e+00,0.000000e+00,0.000000e+00,0.000000e+00,0.000000e+00,0.000000e+00,0.000000e+00,0.000000e+00,0.000000e+00,0.000000e+00,0.000000e+00,0.000000e+00,0.000000e+00,0.000000e+00,0.000000e+00
1.000000e+00,0.000000e+00,0.000000e+00,0.000000e+00,0.000000e+00,0.000000e+00,0.000000e+00,0.000000e+00,0.000000e+00,0.000000e+00,0.000000e+00,0.000000e+00,0.000000e+00,0.000000e+00,0.000000e+00
1.000000e+00,0.000000e+00,0.000000e+00,0.000000e+00,0.000000e+00,0.000000e+00,0.000000e+00,0.000000e+00,0.000000e+00,0.000000e+00,0.000000e+00,0.000000e+00,0.000000e+00,0.000000e+00,0.000000e+00
1.000000e+00,0.000000e+00,0.000000e+00,0.000000e+00,0.000000e+00,0.000000e+00,0.000000e+00,0.000000e+00,0.000000e+00,0.000000e+00,0.000000e+00,0.000000e+00,0.000000e+00,0.000000e+00,0.000000e+00
1.000000e+00,0.000000e+00,0.000000e+00,0.000000e+00,0.000000e+00,0.000000e+00,0.000000e+00,0.000000e+00,0.000000e+00,0.000000e+00,0.000000e+00,0.000000e+00,0.000000e+00,0.000000e+00,0.000000e+00
1.000000e+00,0.000000e+00,0.000000e+00,0.000000e+00,0.000000e+00,0.000000e+00,0.000000e+00,0.000000e+00,0.000000e+00,0.000000e+00,0.000000e+00,0.000000e+00,0.000000e+00,0.000000e+00,0.000000e+00
1.000000e+00,0.000000e+00,0.000000e+00,0.000000e+00,0.000000e+00,0.000000e+00,0.000000e+00,0.000000e+00,0.000000e+00,0.000000e+00,0.000000e+00,0.000000e+00,0.000000e+00,0.000000e+00,0.000000e+00
1.000000e+00,0.000000e+00,0.000000e+00,0.000000e+00,0.000000e+00,0.000000e+00,0.000000e+00,0.000000e+00,0.000000e+00,0.000000e+00,0.000000e+00,0.000000e+00,0.000000e+00,0.000000e+00,0.000000e+00
1.000000e+00,0.000000e+00,0.000000e+00,0.000000e+00,0.000000e+00,0.000000e+00,0.000000e+00,0.000000e+00,0.000000e+00,0.000000e+00,0.000000e+00,0.000000e+00,0.000000e+00,0.000000e+00,0.000000e+00
1.000000e+00,0.000000e+00,0.000000e+00,0.000000e+00,0.000000e+00,0.000000e+00,0.000000e+00,0.000000e+00,0.000000e+00,0.000000e+00,0.000000e+00,0.000000e+00,0.000000e+00,0.000000e+00,0.000000e+00
1.000000e+00,0.000000e+00,0.000000e+00,0.000000e+00,0.000000e+00,0.000000e+00,0.000000e+00,0.000000e+00,0.000000e+00,0.000000e+00,0.000000e+00,0.000000e+00,0.000000e+00,0.000000e+00,0.000000e+00
1.000000e+00,0.000000e+00,0.000000e+00,0.000000e+00,0.000000e+00,0.000000e+00,0.000000e+00,0.000000e+00,0.000000e+00,0.000000e+00,0.000000e+00,0.000000e+00,0.000000e+00,0.000000e+00,0.000000e+00
1.000000e+00,0.000000e+00,0.000000e+00,0.000000e+00,0.000000e+00,0.000000e+00,0.000000e+00,0.000000e+00,0.000000e+00,0.000000e+00,0.000000e+00,0.000000e+00,0.000000e+00,0.000000e+00,0.000000e+00
1.000000e+00,0.000000e+00,0.000000e+00,0.000000e+00,0.000000e+00,0.000000e+00,0.000000e+00,0.000000e+00,0.000000e+00,0.000000e+00,0.000000e+00,0.000000e+00,0.000000e+00,0.000000e+00,0.000000e+00
4.967374e-01,6.330597e-02,4.174105e-02,1.007696e-01,1.121259e-02,2.393128e-02,4.582158e-03,1.583915e-02,3.442070e-02,5.933130e-03,4.996458e-02,1.957010e-02,1.162878e-02,2.748993e-02,9.287366e-02
4.741215e-01,6.734583e-02,3.819247e-02,9.646493e-02,1.109998e-02,2.305935e-02,4.509923e-03,1.476196e-02,3.554033e-02,7.547371e-03,4.825837e-02,1.917272e-02,1.201300e-02,3.395219e-02,1.139601e-01
1.000000e+00,0.000000e+00,0.000000e+00,0.000000e+00,0.000000e+00,0.000000e+00,0.000000e+00,0.000000e+00,0.000000e+00,0.000000e+00,0.000000e+00,0.000000e+00,0.000000e+00,0.000000e+00,0.000000e+00
1.000000e+00,0.000000e+00,0.000000e+00,0.000000e+00,0.000000e+00,0.000000e+00,0.000000e+00,0.000000e+00,0.000000e+00,0.000000e+00,0.000000e+00,0.000000e+00,0.000000e+00,0.000000e+00,0.000000e+00
1.000000e+00,0.000000e+00,0.000000e+00,0.000000e+00,0.000000e+00,0.000000e+00,0.000000e+00,0.000000e+00,0.000000e+00,0.000000e+00,0.000000e+00,0.000000e+00,0.000000e+00,0.000000e+00,0.000000e+00
1.000000e+00,0.000000e+00,0.000000e+00,0.000000e+00,0.000000e+00,0.000000e+00,0.000000e+00,0.000000e+00,0.000000e+00,0.000000e+00,0.000000e+00,0.000000e+00,0.000000e+00,0.000000e+00,0.000000e+00
3.804072e-01,7.708281e-02,4.914296e-02,6.441966e-02,1.018626e-02,1.487349e-01,3.705443e-03,2.029253e-02,2.296848e-02,5.041630e-03,2.303868e-02,1.086564e-02,9.878061e-03,3.967957e-02,1.345561e-01
2.720967e-01,5.784896e-02,4.401005e-02,4.788833e-02,7.964164e-03,2.876931e-01,2.813937e-03,1.526734e-02,3.014704e-02,1.142429e-02,1.935476e-02,7.938028e-03,8.113436e-03,4.540503e-02,1.420348e-01
1.909026e-01,4.147796e-02,3.102285e-02,3.495713e-02,5.842451e-03,3.150388e-01,2.139885e-03,1.079286e-02,6.314261e-02,6.962669e-02,2.053817e-02,5.809980e-03,7.365659e-03,4.245083e-02,1.588916e-01
1.337084e-01,2.968459e-02,2.177019e-02,2.467330e-02,4.266024e-03,3.043262e-01,1.637749e-03,7.574603e-03,5.998520e-02,8.666461e-02,1.499122e-02,4.135298e-03,6.302191e-03,7.932611e-02,2.209544e-01
9.414630e-02,2.238981e-02,1.527864e-02,1.743315e-02,3.767529e-03,2.269049e-01,1.274529e-03,5.368395e-03,6.574170e-02,6.310524e-02,1.608810e-02,3.240614e-03,1.072179e-02,2.161682e-01,2.383711e-01
6.733956e-02,1.906491e-02,1.075705e-02,1.280155e-02,8.572367e-03,1.743190e-01,1.360342e-03,3.852508e-03,6.977191e-02,4.930918e-02,1.341534e-02,3.677833e-03,1.719959e-02,2.747790e-01,2.737800e-01
4.947230e-02,1.495784e-02,7.591112e-03,9.067382e-03,7.386518e-03,1.241943e-01,1.115383e-03,2.738998e-03,5.382812e-02,3.689432e-02,1.161076e-02,2.760578e-03,1.342051e-02,3.692675e-01,2.956945e-01
3.685952e-02,1.329528e-02,5.369457e-03,6.514063e-03,6.847790e-03,9.074934e-02,9.640702e-04,1.948645e-03,7.255217e-02,2.779783e-02,9.972255e-03,2.643148e-03,1.501720e-02,3.779969e-01,3.314724e-01
3.115382e-02,1.093154e-02,3.870624e-03,5.085529e-03,6.004071e-03,6.574684e-02,7.963809e-04,1.429528e-03,1.487514e-01,2.076052e-02,8.669957e-03,2.035640e-03,1.290778e-02,3.653548e-01,3.165016e-01
2.347350e-02,1.125963e-02,3.105863e-03,3.709086e-03,4.944375e-03,4.648070e-02,7.203575e-04,1.031152e-03,1.771356e-01,1.593631e-02,9.537017e-03,2.292637e-03,1.735619e-02,4.057024e-01,2.773152e-01
1.779543e-02,1.400253e-02,2.478731e-03,3.452062e-03,8.054738e-03,3.565440e-02,1.003142e-03,9.454407e-04,1.977029e-01,1.223296e-02,8.998251e-03,9.415306e-03,4.772549e-02,3.873826e-01,2.531560e-01
1.316726e-02,1.651360e-02,2.166571e-03,2.585430e-03,6.251341e-03,2.830039e-02,1.048802e-03,1.079605e-03,1.687527e-01,1.177360e-02,7.419844e-03,1.404984e-02,7.928999e-02,3.847412e-01,2.628598e-01
9.584844e-03,1.802341e-02,1.748431e-03,2.377148e-03,4.622334e-03,2.261540e-02,7.966704e-04,1.317099e-03,2.134669e-01,1.164777e-02,8.021358e-03,1.109561e-02,6.189765e-02,3.735090e-01,2.592763e-01
7.271659e-03,4.522008e-02,1.613792e-03,4.367438e-03,3.625636e-03,1.800339e-02,5.839457e-04,1.019172e-03,2.612029e-01,1.274592e-02,6.614540e-03,8.507431e-03,4.702244e-02,3.218237e-01,2.603779e-01
6.556454e-03,1.222337e-01,6.644371e-03,9.028860e-03,3.417528e-03,1.448347e-02,4.897605e-04,1.338545e-03,3.452858e-01,1.152887e-02,6.097309e-03,7.278012e-03,3.621927e-02,2.321227e-01,1.972753e-01
6.353308e-03,1.442893e-01,8.915761e-03,1.081428e-02,9.296676e-03,1.683727e-02,6.077386e-04,2.138618e-03,4.198331e-01,9.403380e-03,5.528609e-03,5.781350e-03,4.022929e-02,1.666062e-01,1.533650e-01
6.612635e-03,1.234138e-01,8.649906e-03,1.105876e-02,1.345264e-02,1.918120e-02,6.901309e-04,2.400347e-03,5.159243e-01,7.525137e-03,4.187073e-03,4.283754e-03,5.083089e-02,1.169831e-01,1.148062e-01
9.662991e-03,1.224064e-01,1.536474e-02,5.398652e-02,1.619592e-02,2.071422e-02,8.377694e-04,7.414311e-03,5.030158e-01,6.945943e-03,3.267408e-03,3.535508e-03,6.910431e-02,8.222904e-02,8.531903e-02
1.784967e-02,1.028553e-01,1.432510e-02,5.195806e-02,3.313103e-02,2.565997e-02,1.298853e-03,1.432880e-02,5.477464e-01,5.602332e-03,2.572478e-03,2.672533e-03,5.829656e-02,5.772561e-02,6.397735e-02
3.095802e-02,1.099188e-01,2.477413e-02,1.457278e-01,5.579834e-02,2.217508e-02,2.095005e-03,3.186803e-02,4.259190e-01,6.797206e-03,2.600238e-03,2.501283e-03,4.200311e-02,4.068258e-02,5.618137e-02
5.457640e-02,9.082427e-02,3.193394e-02,1.513016e-01,9.077305e-02,3.092470e-02,9.226013e-03,3.695572e-02,3.530366e-01,1.079505e-02,2.240374e-03,3.427298e-03,3.271446e-02,2.879540e-02,7.247506e-02
6.846360e-02,7.596750e-02,3.974239e-02,1.218949e-01,1.013193e-01,3.963792e-02,1.434488e-02,1.206430e-01,3.009270e-01,8.170151e-03,1.885399e-03,4.002733e-03,2.681369e-02,2.042133e-02,5.576623e-02
9.346752e-02,1.072343e-01,3.905522e-02,9.358051e-02,1.023433e-01,5.616108e-02,1.357021e-02,1.018696e-01,2.887057e-01,6.636713e-03,1.789188e-03,4.983142e-03,2.627320e-02,1.516184e-02,4.916842e-02
8.437953e-02,1.474003e-01,8.532903e-02,1.180402e-01,9.278721e-02,5.333778e-02,1.097445e-02,7.988925e-02,2.196061e-01,1.126907e-02,2.492230e-03,4.193993e-03,1.996134e-02,1.127804e-02,5.906144e-02
1.140158e-01,1.184082e-01,1.044135e-01,9.590194e-02,7.444675e-02,6.502889e-02,9.476528e-03,1.313337e-01,1.857563e-01,1.058465e-02,3.514516e-03,4.956485e-03,2.292109e-02,8.855002e-03,5.038654e-02
1.312580e-01,1.159770e-01,7.994593e-02,7.109378e-02,7.676811e-02,9.687629e-02,9.515661e-03,1.486039e-01,1.860560e-01,8.311608e-03,3.755392e-03,4.364865e-03,2.007857e-02,7.062368e-03,4.033250e-02
1.010366e-01,1.340778e-01,9.118363e-02,1.674028e-01,6.190556e-02,7.262283e-02,7.171756e-03,1.169232e-01,1.430699e-01,1.886326e-02,9.923635e-03,7.923232e-03,1.620952e-02,5.721156e-03,4.596498e-02
7.164216e-02,9.502190e-02,6.860147e-02,1.979972e-01,4.410170e-02,5.289875e-02,5.137886e-03,9.113236e-02,1.030884e-01,1.612956e-02,1.808176e-01,7.658603e-03,2.598776e-02,4.780664e-03,3.500396e-02
5.058198e-02,6.789429e-02,6.609242e-02,2.773852e-01,3.152803e-02,3.801088e-02,3.668358e-03,6.481270e-02,7.670303e-02,1.290412e-02,2.315331e-01,8.509276e-03,3.969047e-02,3.992058e-03,2.669406e-02
3.605110e-02,4.765141e-02,4.849933e-02,2.115405e-01,2.286562e-02,2.705904e-02,2.691415e-03,4.557795e-02,5.521909e-02,1.023718e-02,3.507327e-01,8.946553e-03,8.294162e-02,3.503843e-03,4.648257e-02
2.568780e-02,3.344612e-02,3.504958e-02,1.566799e-01,1.681237e-02,1.949755e-02,1.968674e-03,3.218516e-02,3.918102e-02,7.671315e-03,3.424588e-01,1.266582e-02,2.279558e-01,3.713620e-03,4.502637e-02
1.806190e-02,2.342806e-02,2.502169e-02,1.114425e-01,1.281352e-02,1.473435e-02,1.416412e-03,2.308290e-02,2.762216e-02,5.950171e-03,3.715250e-01,1.224220e-02,3.120467e-01,2.982701e-03,3.762963e-02
1.328354e-02,1.670604e-02,2.101427e-02,8.114469e-02,1.902013e-02,1.080991e-02,1.800719e-03,2.944754e-02,4.374114e-02,4.776455e-03,3.862679e-01,1.153697e-02,3.279370e-01,2.456984e-03,3.005671e-02
1.526210e-02,1.223188e-02,3.050513e-02,6.138022e-02,1.034273e-01,1.044223e-02,2.884795e-03,2.557053e-02,5.438621e-02,3.780439e-03,3.862014e-01,8.817874e-03,2.557733e-01,2.220928e-03,2.711562e-02
1.196456e-02,9.872592e-03,4.680342e-02,1.199168e-01,1.784216e-01,1.027552e-02,4.000570e-03,2.624441e-02,9.383487e-02,3.309154e-03,2.773430e-01,6.930128e-03,1.845452e-01,2.377163e-03,2.416100e-02
1.310574e-02,1.266075e-02,4.451440e-02,1.164859e-01,1.908231e-01,1.355464e-02,3.889506e-03,2.475124e-02,1.875108e-01,2.827690e-03,2.139401e-01,6.175488e-03,1.414255e-01,2.524343e-03,2.581092e-02
2.773886e-02,1.440499e-02,6.713995e-02,1.225116e-01,2.188887e-01,2.478140e-02,1.273425e-02,3.142857e-02,1.655318e-01,3.609119e-03,1.731383e-01,6.920630e-03,1.062979e-01,2.448815e-03,2.242519e-02
2.430354e-02,1.135610e-02,9.701342e-02,2.613263e-01,1.659094e-01,2.127670e-02,9.251851e-03,4.433507e-02,1.182926e-01,3.526363e-03,1.389306e-01,6.491994e-03,7.988477e-02,1.866943e-03,1.623438e-02
1.751979e-02,8.439733e-03,1.033907e-01,3.623648e-01,1.183579e-01,1.585773e-02,6.531890e-03,5.839498e-02,8.349616e-02,6.149097e-03,1.284677e-01,1.019325e-02,6.756527e-02,1.738569e-03,1.153244e-02
1.247512e-02,7.082990e-03,8.643473e-02,3.977663e-01,1.066901e-01,1.142643e-02,4.872159e-03,4.585701e-02,5.935939e-02,8.057679e-03,1.600278e-01,2.313674e-02,6.630562e-02,2.155945e-03,8.351967e-03
8.799694e-03,5.080204e-03,6.158982e-02,3.203981e-01,7.719825e-02,8.362642e-03,3.449856e-03,3.319031e-02,4.167334e-02,1.462597e-02,2.642925e-01,3.321461e-02,1.157001e-01,6.083064e-03,6.341522e-03
6.192943e-03,3.649440e-03,4.357114e-02,2.422174e-01,5.583416e-02,6.183545e-03,2.435977e-03,2.341911e-02,2.960464e-02,1.209898e-02,3.432099e-01,1.044245e-01,1.146563e-01,7.965742e-03,4.536328e-03
4.347038e-03,2.572634e-03,3.062524e-02,1.728232e-01,4.359598e-02,4.575572e-03,1.717248e-03,1.645301e-02,2.098037e-02,9.900128e-03,4.225394e-01,1.650904e-01,9.326186e-02,8.321457e-03,3.196483e-03
3.061712e-03,1.808984e-03,2.153972e-02,1.227256e-01,3.624093e-02,3.474566e-03,1.216788e-03,1.156140e-02,1.499661e-02,1.027890e-02,4.860260e-01,1.942585e-01,8.033514e-02,1.021669e-02,2.258375e-03
2.196436e-03,1.384620e-03,1.525262e-02,8.664303e-02,3.176080e-02,2.576788e-03,8.573848e-04,8.140523e-03,1.231242e-02,1.237011e-02,4.595217e-01,2.915190e-01,6.250969e-02,1.135457e-02,1.600305e-03
1.587006e-03,1.051823e-03,1.075290e-02,6.099942e-02,2.608284e-02,2.120695e-03,6.055083e-04,5.765888e-03,9.303366e-03,1.093135e-02,4.710865e-01,3.428836e-01,4.594830e-02,9.750456e-03,1.130353e-03
1.258467e-03,8.393532e-04,7.622688e-03,4.330373e-02,2.494556e-02,3.417027e-03,4.464188e-04,4.290972e-03,7.569394e-03,9.210574e-03,5.161141e-01,3.397148e-01,3.303505e-02,7.420285e-03,8.116269e-04
1.149177e-03,7.305038e-04,5.466564e-03,3.073529e-02,2.233458e-02,3.903593e-03,3.327587e-04,3.294815e-03,6.164591e-03,8.285478e-03,4.780983e-01,4.087000e-01,2.386898e-02,6.327052e-03,6.082668e-04
1.298155e-03,5.704354e-04,3.928403e-03,2.213038e-02,6.155096e-02,4.580684e-03,3.046236e-04,2.625685e-03,4.916904e-03,8.215246e-03,4.050159e-01,4.616366e-01,1.744257e-02,5.317270e-03,4.662340e-04
1.894315e-03,6.666394e-04,2.961842e-03,1.574524e-02,1.017642e-01,3.723327e-03,3.226812e-04,2.607431e-03,4.556793e-03,8.782234e-03,3.172247e-01,5.225301e-01,1.278279e-02,4.075457e-03,3.623091e-04
2.884827e-03,7.382358e-04,2.224956e-03,1.116879e-02,1.600335e-01,2.962576e-03,3.173498e-04,2.318365e-03,4.488626e-03,7.297791e-03,2.541443e-01,5.384752e-01,9.615376e-03,3.031172e-03,2.989917e-04
4.904156e-03,1.005831e-03,1.825609e-03,8.121570e-03,1.317339e-01,3.922079e-03,2.761022e-04,3.198666e-03,4.736933e-03,7.501065e-03,2.376573e-01,5.839704e-01,8.187969e-03,2.688016e-03,2.703828e-04
9.293148e-03,1.293830e-03,1.602063e-03,5.920207e-03,9.380925e-02,5.751645e-03,2.752688e-04,3.322668e-03,3.993701e-03,7.354788e-03,1.788736e-01,6.788103e-01,6.477353e-03,2.917392e-03,3.047883e-04
1.175556e-02,1.689171e-03,4.000375e-03,7.052527e-03,8.645155e-02,7.790661e-03,8.132916e-04,1.476868e-02,3.483150e-03,8.778286e-03,1.387997e-01,7.064081e-01,4.994529e-03,2.955751e-03,2.586765e-04
1.827707e-02,3.052824e-03,6.553647e-03,8.626915e-03,1.306977e-01,2.766778e-02,2.008844e-03,5.387075e-02,3.003371e-03,1.378725e-02,1.274154e-01,5.981832e-01,3.967423e-03,2.658800e-03,2.290235e-04
2.144751e-02,3.307555e-03,6.297088e-03,7.741169e-03,2.068444e-01,3.300513e-02,2.462001e-03,6.549817e-02,2.827866e-03,1.529610e-02,1.066325e-01,5.230288e-01,3.273323e-03,2.152809e-03,1.856057e-04
2.422417e-02,3.633361e-03,1.256742e-02,1.816624e-02,1.698889e-01,3.252250e-02,1.104675e-02,1.194376e-01,2.451620e-03,2.263563e-02,9.201051e-02,4.867837e-01,2.470476e-03,2.000992e-03,1.600914e-04
2.726553e-02,3.472929e-03,1.577606e-02,1.727609e-02,1.626136e-01,3.598930e-02,1.720556e-02,1.281676e-01,3.032546e-03,2.043441e-02,7.585722e-02,4.889410e-01,2.001393e-03,1.803573e-03,1.632048e-04
3.106764e-02,3.077059e-03,1.433980e-02,1.600589e-02,1.497982e-01,8.016833e-02,2.495180e-02,1.511647e-01,3.041791e-03,3.537500e-02,6.811950e-02,4.188761e-01,1.923598e-03,1.931931e-03,1.586046e-04
3.010188e-02,3.299876e-03,2.208753e-02,2.654519e-02,1.252029e-01,8.262716e-02,2.929664e-02,2.404247e-01,4.060503e-03,2.819907e-02,5.492232e-02,3.493451e-01,1.996877e-03,1.687066e-03,2.031195e-04
2.876393e-02,3.696352e-03,1.993611e-02,2.110980e-02,1.208181e-01,6.915561e-02,2.949461e-02,1.962854e-01,7.300175e-03,2.489464e-02,5.204270e-02,4.221415e-01,2.008853e-03,2.021388e-03,3.308697e-04
4.571301e-02,4.452288e-03,1.714781e-02,2.976472e-02,1.847262e-01,6.025439e-02,2.465365e-02,1.734653e-01,1.014569e-02,5.004367e-02,7.671785e-02,3.160000e-01,3.817933e-03,2.576918e-03,5.204892e-04
5.058649e-02,4.900150e-03,1.506175e-02,3.942872e-02,2.649790e-01,5.967657e-02,1.822385e-02,1.943379e-01,1.371888e-02,3.998877e-02,6.143803e-02,2.287104e-01,4.086270e-03,3.383138e-03,1.480024e-03
6.284913e-02,5.097991e-03,1.463035e-02,7.031929e-02,2.961817e-01,6.142230e-02,1.356616e-02,1.771772e-01,1.310673e-02,3.468846e-02,6.718937e-02,1.715378e-01,5.445232e-03,4.754874e-03,2.033473e-03
6.539220e-02,6.147952e-03,2.595687e-02,1.341814e-01,2.650729e-01,4.905332e-02,1.007207e-02,1.996783e-01,1.360254e-02,3.868207e-02,5.808350e-02,1.223378e-01,4.964024e-03,4.849402e-03,1.925722e-03
9.383341e-02,6.077023e-03,3.566405e-02,1.714854e-01,2.493353e-01,4.066722e-02,7.386529e-03,1.499206e-01,1.375724e-02,6.729963e-02,5.903509e-02,9.152270e-02,5.481060e-03,4.956787e-03,3.578037e-03
1.232829e-01,5.486929e-03,2.986984e-02,1.725262e-01,3.149728e-01,3.599166e-02,5.329772e-03,1.105140e-01,1.371967e-02,5.654920e-02,5.039661e-02,6.577135e-02,4.370800e-03,6.685283e-03,4.533021e-03
1.634787e-01,5.303141e-03,3.593579e-02,2.061115e-01,2.690666e-01,2.744368e-02,4.625808e-03,1.169176e-01,1.369257e-02,4.912302e-02,4.318371e-02,5.088079e-02,4.767910e-03,5.660049e-03,3.809151e-03
1.957811e-01,7.162094e-03,3.022591e-02,2.261841e-01,2.324863e-01,2.569273e-02,3.614903e-03,8.534691e-02,2.063196e-02,5.988581e-02,5.293328e-02,4.115681e-02,5.081677e-03,6.749626e-03,7.066825e-03
2.120386e-01,1.469639e-02,3.245697e-02,2.334115e-01,2.102577e-01,2.047283e-02,3.050448e-03,6.705244e-02,3.854516e-02,6.261012e-02,5.105092e-02,3.190827e-02,4.952726e-03,1.052714e-02,6.968750e-03
2.163493e-01,1.819033e-02,4.043052e-02,2.718385e-01,1.760980e-01,1.668345e-02,2.785031e-03,6.317937e-02,3.827311e-02,5.890005e-02,4.718867e-02,2.661961e-02,5.105783e-03,1.208357e-02,6.274658e-03
2.259117e-01,2.490905e-02,4.390063e-02,2.634371e-01,1.681141e-01,1.536797e-02,2.573440e-03,4.904000e-02,5.901080e-02,5.981707e-02,4.325374e-02,2.154413e-02,5.209583e-03,1.184984e-02,6.060794e-03
1.938398e-01,2.087863e-02,1.024990e-01,3.013399e-01,1.349332e-01,1.220264e-02,2.528764e-03,6.153541e-02,5.020337e-02,5.152206e-02,3.345665e-02,1.652201e-02,4.180894e-03,9.798318e-03,4.559285e-03
1.636335e-01,1.732850e-02,9.934595e-02,2.969704e-01,1.168575e-01,1.025091e-02,2.407207e-03,1.488312e-01,4.955895e-02,4.232170e-02,2.485911e-02,1.284049e-02,3.360349e-03,7.987831e-03,3.446319e-03
1.867666e-01,2.155459e-02,8.789670e-02,2.531470e-01,1.646610e-01,1.099842e-02,2.547759e-03,1.183019e-01,7.530448e-02,3.110012e-02,2.161770e-02,1.180923e-02,4.073168e-03,6.987101e-03,3.234135e-03
1.451698e-01,2.690568e-02,7.120814e-02,3.439229e-01,1.295011e-01,9.627037e-03,2.017462e-03,8.602491e-02,5.687078e-02,2.376572e-02,3.281789e-02,5.002989e-02,1.279822e-02,5.530307e-03,3.810193e-03
1.021752e-01,2.696291e-02,5.684457e-02,4.846994e-01,9.189858e-02,6.916031e-03,1.446260e-03,6.026940e-02,4.080609e-02,1.756806e-02,5.095112e-02,4.011044e-02,1.247648e-02,3.925694e-03,2.949651e-03
7.168739e-02,1.957947e-02,4.096743e-02,4.565349e-01,6.493596e-02,5.116438e-03,1.062500e-03,4.227710e-02,2.958499e-02,1.932712e-02,1.683377e-01,5.732618e-02,1.673949e-02,4.304374e-03,2.218987e-03
5.039763e-02,1.400500e-02,2.911926e-02,3.844381e-01,4.678635e-02,3.857902e-03,8.002590e-04,2.965904e-02,2.182676e-02,3.066055e-02,2.859747e-01,7.324430e-02,2.138652e-02,6.182432e-03,1.661185e-03
3.642403e-02,9.977570e-03,2.072162e-02,2.965514e-01,4.725474e-02,4.132139e-03,7.090545e-04,2.087330e-02,1.775013e-02,4.812604e-02,3.697710e-01,7.751748e-02,3.907643e-02,9.722428e-03,1.392596e-03
2.565704e-02,7.073007e-03,1.466775e-02,2.216012e-01,4.628433e-02,4.276956e-03,7.869817e-04,1.469946e-02,1.386586e-02,5.092637e-02,4.118427e-01,1.097210e-01,6.478433e-02,1.268579e-02,1.127201e-03
1.801616e-02,4.970367e-03,1.034723e-02,1.601138e-01,3.583245e-02,3.616912e-03,5.859724e-04,1.033018e-02,1.034754e-02,4.453810e-02,4.673769e-01,1.613420e-01,6.006198e-02,1.163092e-02,8.894988e-04
1.266010e-02,3.491475e-03,7.374099e-03,1.158928e-01,3.256441e-02,2.774509e-03,4.333978e-04,7.267988e-03,7.975620e-03,4.258991e-02,5.336724e-01,1.599992e-01,5.739979e-02,1.491706e-02,9.872513e-04
8.914283e-03,2.577932e-03,5.570015e-03,8.376955e-02,3.172505e-02,2.241539e-03,3.211228e-04,5.230633e-03,1.168028e-02,4.448657e-02,4.988946e-01,2.216250e-01,6.347485e-02,1.841477e-02,1.073831e-03
6.361893e-03,2.108293e-03,4.857417e-03,5.984659e-02,4.358465e-02,1.973575e-03,2.720538e-04,4.826079e-03,2.569801e-02,5.764756e-02,4.629255e-01,2.458825e-01,6.005439e-02,2.204481e-02,1.916764e-03
4.541748e-03,1.561610e-03,4.009630e-03,4.340183e-02,4.065469e-02,2.192220e-03,3.318568e-04,3.728042e-03,2.506471e-02,5.985224e-02,4.120373e-01,3.170967e-01,6.070362e-02,2.182562e-02,2.998261e-03
3.569247e-03,1.443726e-03,4.078648e-03,3.157992e-02,3.083944e-02,4.501950e-03,2.654124e-04,3.191428e-03,2.222861e-02,5.660342e-02,3.515601e-01,3.854478e-01,7.404453e-02,2.786534e-02,2.780554e-03
3.262658e-03,1.272607e-03,4.779496e-03,2.444659e-02,3.161314e-02,4.877758e-03,2.559700e-04,3.658846e-03,1.957859e-02,1.394382e-01,3.291174e-01,3.267308e-01,7.639327e-02,2.961425e-02,4.960535e-03
3.976600e-03,1.035439e-03,4.275104e-03,1.853718e-02,5.282051e-02,4.496794e-03,4.056637e-04,3.329875e-03,1.554845e-02,1.952533e-01,3.219556e-01,2.771520e-01,7.253684e-02,2.338205e-02,5.294723e-03
4.566596e-03,8.973922e-04,3.405595e-03,1.434342e-02,4.716239e-02,5.325474e-03,6.743377e-04,3.308451e-03,1.209254e-02,1.698686e-01,2.698574e-01,3.768650e-01,6.886709e-02,1.834474e-02,4.420954e-03
5.855789e-03,1.191058e-03,2.790063e-03,1.051598e-02,4.872753e-02,4.807256e-03,6.922372e-04,2.757821e-03,1.862095e-02,1.381715e-01,2.228640e-01,4.638072e-01,6.228809e-02,1.356356e-02,3.346974e-03
6.660440e-03,1.045079e-03,2.153054e-03,7.553303e-03,4.414450e-02,4.625247e-03,6.804647e-04,2.350563e-03,1.834922e-02,1.378203e-01,1.763212e-01,5.322019e-01,5.306559e-02,1.027751e-02,2.751653e-03
7.120947e-03,9.625998e-04,1.930162e-03,5.541955e-03,4.331774e-02,1.201341e-02,2.096265e-03,2.732989e-03,1.799236e-02,1.108650e-01,1.345578e-01,6.057311e-01,4.481751e-02,7.952852e-03,2.367477e-03
8.015388e-03,8.106375e-04,1.467415e-03,4.053509e-03,3.246183e-02,1.699966e-02,1.908731e-03,2.462052e-03,1.491749e-02,8.240405e-02,1.034748e-01,6.863419e-01,3.699778e-02,5.956276e-03,1.728532e-03
6.413730e-03,6.762277e-04,1.102071e-03,2.906910e-03,4.937486e-02,1.296042e-02,2.846746e-03,3.228470e-03,1.875645e-01,5.881160e-02,7.831368e-02,5.604332e-01,2.986078e-02,4.270791e-03,1.236061e-03
7.573624e-03,4.983637e-04,1.244369e-03,2.860936e-03,7.620804e-02,1.667014e-02,2.607039e-02,6.180710e-02,1.508126e-01,4.395726e-02,6.791098e-02,5.141920e-01,2.622782e-02,3.080890e-03,8.855499e-04
9.794910e-03,5.174355e-04,6.918236e-03,4.305166e-03,7.081512e-02,1.720027e-02,3.228264e-02,1.517019e-01,1.601945e-01,3.316702e-02,5.219777e-02,4.334385e-01,2.460428e-02,2.208688e-03,6.535593e-04
1.971556e-02,6.097684e-04,8.205192e-03,4.894816e-03,8.440880e-02,1.064668e-01,2.857830e-02,1.487279e-01,1.696282e-01,3.069426e-02,4.011960e-02,3.334739e-01,2.169594e-02,1.780486e-03,1.000601e-03
1.982855e-02,9.813999e-04,1.302307e-02,1.825744e-02,8.916454e-02,1.736775e-01,2.114809e-02,1.203011e-01,2.130441e-01,2.773875e-02,2.962910e-02,2.495582e-01,2.060868e-02,1.377565e-03,1.661904e-03
4.549263e-02,2.535742e-03,3.939203e-02,1.900129e-02,1.470740e-01,1.249266e-01,4.130800e-02,8.702376e-02,2.406712e-01,1.992318e-02,2.929685e-02,1.810774e-01,1.979329e-02,1.111426e-03,1.372645e-03
5.547117e-02,5.647458e-03,4.130512e-02,5.774182e-02,1.969389e-01,9.027245e-02,4.137557e-02,6.279850e-02,2.611684e-01,1.464463e-02,2.322319e-02,1.300152e-01,1.709902e-02,8.839979e-04,1.414490e-03
5.144648e-02,1.002553e-02,3.330486e-02,6.137162e-02,2.534960e-01,7.027566e-02,4.683930e-02,4.523639e-02,2.914409e-01,1.098937e-02,1.778213e-02,9.290864e-02,1.271034e-02,6.729236e-04,1.499872e-03
4.997794e-02,1.434908e-02,4.191364e-02,1.198473e-01,2.671717e-01,5.813877e-02,4.943106e-02,3.794040e-02,2.584165e-01,8.577378e-03,1.430430e-02,6.728641e-02,1.007870e-02,5.603773e-04,2.006431e-03
4.966398e-02,1.339974e-02,4.214570e-02,1.275267e-01,3.070783e-01,5.571784e-02,5.919558e-02,5.502625e-02,2.110793e-01,6.511444e-03,1.254354e-02,4.921591e-02,8.669445e-03,4.568832e-04,1.769369e-03
7.084781e-02,1.376258e-02,3.419459e-02,1.050709e-01,3.575535e-01,4.642981e-02,5.422876e-02,6.031774e-02,1.900855e-01,5.922732e-03,1.165935e-02,3.755059e-02,8.183751e-03,1.651783e-03,2.540512e-03
7.442631e-02,1.201543e-02,2.678401e-02,7.983568e-02,3.438734e-01,3.575124e-02,4.043799e-02,1.733619e-01,1.619442e-01,4.526426e-03,9.277295e-03,2.739546e-02,6.813845e-03,1.475864e-03,2.080844e-03
8.031742e-02,1.131303e-02,2.110123e-02,7.687491e-02,2.957357e-01,2.756382e-02,3.053582e-02,2.645863e-01,1.494120e-01,4.431972e-03,7.210350e-03,2.160371e-02,5.652592e-03,1.192249e-03,2.468756e-03
9.602903e-02,1.518226e-02,2.313353e-02,5.811230e-02,2.827258e-01,2.731454e-02,2.384135e-02,2.652446e-01,1.721344e-01,4.258379e-03,5.754142e-03,1.672874e-02,4.980715e-03,1.414205e-03,3.145935e-03
1.131207e-01,1.554858e-02,2.625930e-02,4.542556e-02,2.925918e-01,2.933556e-02,3.684024e-02,2.278849e-01,1.694262e-01,4.733783e-03,5.057686e-03,1.462760e-02,1.222510e-02,1.209271e-03,5.713649e-03
8.585557e-02,2.507542e-02,5.093646e-02,9.882509e-02,2.282666e-01,3.089495e-02,4.355869e-02,1.628249e-01,1.305706e-01,3.689599e-02,1.399614e-02,2.184762e-02,4.604620e-02,1.451900e-03,2.295386e-02
6.190474e-02,2.817038e-02,9.651455e-02,1.299665e-01,1.664063e-01,2.769068e-02,3.375698e-02,1.146133e-01,1.009350e-01,2.924250e-02,1.477487e-02,4.283468e-02,1.313015e-01,1.167059e-03,2.072095e-02
4.388409e-02,2.158044e-02,8.814275e-02,1.203533e-01,1.209542e-01,2.143497e-02,2.897839e-02,8.059043e-02,7.498647e-02,2.202237e-02,1.705258e-02,1.620248e-01,1.761909e-01,1.401461e-03,2.040291e-02
3.399631e-02,1.596115e-02,6.359352e-02,8.648077e-02,8.587532e-02,2.148672e-02,2.107474e-02,5.660635e-02,5.923541e-02,1.593894e-02,1.484274e-02,2.649631e-01,2.414899e-01,1.125221e-03,1.732977e-02
2.972703e-02,1.262758e-02,4.749448e-02,6.142467e-02,6.291088e-02,1.899272e-02,1.667556e-02,4.021680e-02,5.478982e-02,1.171185e-02,1.261829e-02,3.613313e-01,2.517468e-01,1.143694e-03,1.658854e-02
3.022005e-02,1.698153e-02,6.498748e-02,6.030216e-02,5.482144e-02,1.935432e-02,1.742507e-02,2.985451e-02,6.324375e-02,1.209472e-02,1.146773e-02,3.752146e-01,2.235493e-01,3.461218e-03,1.702219e-02
2.586381e-02,1.755500e-02,4.982946e-02,4.773863e-02,4.043394e-02,3.210736e-02,1.346128e-02,2.255149e-02,8.073677e-02,1.112052e-02,1.369546e-02,4.044450e-01,2.172863e-01,3.275316e-03,1.989963e-02
2.214170e-02,2.891001e-02,3.789768e-02,4.521677e-02,2.950570e-02,1.753268e-01,9.899615e-03,1.660314e-02,1.062946e-01,9.185809e-03,1.585459e-02,3.173635e-01,1.661320e-01,2.954627e-03,1.671349e-02
1.889020e-02,2.545812e-02,2.726710e-02,3.921197e-02,2.193033e-02,1.512671e-01,7.607455e-03,1.286452e-02,1.266126e-01,7.504098e-03,5.192827e-02,2.782140e-01,2.061728e-01,3.716106e-03,2.135530e-02
1.443578e-02,1.961976e-02,1.932784e-02,2.908595e-02,2.090171e-02,1.094048e-01,6.329476e-03,9.365675e-03,1.788651e-01,5.427970e-03,4.074886e-02,2.174230e-01,3.081469e-01,2.705524e-03,1.821165e-02
1.319556e-02,1.472514e-02,1.544308e-02,2.502507e-02,4.207998e-02,8.658954e-02,9.087531e-03,7.721169e-03,1.806294e-01,4.185571e-03,3.100710e-02,1.574808e-01,3.949306e-01,2.086249e-03,1.581313e-02
1.628722e-02,1.346917e-02,1.336140e-02,2.043921e-02,5.225782e-02,7.424782e-02,7.572982e-03,7.467640e-03,1.849325e-01,3.714366e-03,2.410669e-02,1.189370e-01,4.458503e-01,2.185389e-03,1.517043e-02
1.438012e-02,4.383048e-02,9.949782e-03,1.735413e-02,6.108579e-02,7.064628e-02,6.291177e-03,5.703541e-03,2.819675e-01,4.254031e-03,1.834059e-02,8.705050e-02,3.619138e-01,2.025771e-03,1.520650e-02
1.511679e-02,4.645894e-02,9.524350e-03,3.719810e-02,1.012716e-01,6.774059e-02,5.478852e-03,6.751004e-03,3.047895e-01,4.502364e-03,1.698028e-02,6.294312e-02,3.053815e-01,1.777892e-03,1.408512e-02
1.812706e-02,6.087741e-02,9.085091e-03,3.644337e-02,1.042441e-01,7.151911e-02,4.998593e-03,6.608132e-03,2.911413e-01,5.612313e-03,1.786957e-02,4.584293e-02,3.105583e-01,1.590114e-03,1.548254e-02
2.166108e-02,6.255251e-02,8.229765e-03,2.918344e-02,8.045479e-02,7.340346e-02,5.076888e-03,6.620537e-03,2.744496e-01,7.752124e-03,1.468285e-02,3.415225e-02,3.548558e-01,1.950277e-03,2.497459e-02
2.149030e-02,6.028811e-02,9.844264e-03,2.751064e-02,6.056948e-02,6.927422e-02,5.696336e-03,6.475949e-03,2.697331e-01,7.788100e-03,1.210344e-02,2.622614e-02,3.901578e-01,1.935839e-03,3.090628e-02
3.026103e-02,5.856874e-02,9.776090e-03,2.368820e-02,4.456639e-02,7.907736e-02,4.515869e-03,5.305487e-03,2.299566e-01,7.407076e-03,9.648507e-03,2.092456e-02,4.398157e-01,1.789375e-03,3.469897e-02
2.796790e-02,7.135423e-02,1.127690e-02,3.083151e-02,3.478269e-02,6.715655e-02,4.312347e-03,4.870559e-03,2.792208e-01,9.603020e-03,7.809168e-03,1.585370e-02,3.610630e-01,2.256877e-03,7.164069e-02
2.873229e-02,6.196338e-02,8.872326e-03,2.766636e-02,3.180771e-02,6.028496e-02,3.941312e-03,4.570924e-03,3.113206e-01,8.291761e-03,6.639265e-03,1.409866e-02,3.651952e-01,2.309453e-03,6.430578e-02
2.425081e-02,4.754818e-02,7.944804e-03,2.420270e-02,6.452850e-02,5.631585e-02,1.875558e-02,2.086444e-02,3.294637e-01,7.215156e-03,5.703929e-03,1.159245e-02,3.295465e-01,1.946130e-03,5.012120e-02
2.319907e-02,3.828556e-02,9.036213e-03,1.323238e-01,6.882722e-02,5.337008e-02,1.424001e-02,1.538748e-02,3.151175e-01,1.097739e-02,8.994177e-03,1.186059e-02,2.480526e-01,3.295643e-03,4.703259e-02
2.012010e-02,3.239080e-02,1.225291e-02,1.029885e-01,5.910136e-02,4.227870e-02,1.027540e-02,1.128625e-02,2.569057e-01,1.143374e-02,8.160111e-02,5.398716e-02,2.195450e-01,5.108721e-03,8.072452e-02
1.554955e-02,2.336332e-02,1.029789e-02,1.082507e-01,5.227559e-02,3.566440e-02,7.477636e-03,8.213352e-03,1.961255e-01,9.107755e-03,1.317063e-01,7.443940e-02,2.459092e-01,4.522379e-03,7.709704e-02
1.185996e-02,1.664732e-02,8.065040e-03,1.317966e-01,4.601213e-02,3.134855e-02,5.363144e-03,6.011535e-03,1.426250e-01,7.092603e-03,1.801671e-01,8.589622e-02,2.441225e-01,4.039999e-03,7.895228e-02
9.311710e-03,1.185358e-02,6.049686e-03,9.917232e-02,4.186273e-02,2.384565e-02,4.038929e-03,4.293255e-03,1.027832e-01,5.706222e-03,2.195820e-01,8.321006e-02,2.856161e-01,3.116088e-03,9.955849e-02
7.075480e-03,8.411545e-03,4.451414e-03,7.251535e-02,4.267428e-02,1.711969e-02,3.124584e-03,3.042668e-03,7.482637e-02,5.012574e-03,2.822718e-01,7.771611e-02,2.690708e-01,2.430017e-03,1.302572e-01
5.750088e-03,6.055696e-03,3.897119e-03,5.147523e-02,3.312135e-02,1.484482e-02,2.424200e-03,2.485065e-03,5.361660e-02,4.762372e-03,2.268398e-01,2.153891e-01,2.802715e-01,1.903951e-03,9.716312e-02
5.828477e-03,4.314938e-03,3.092386e-03,3.623446e-02,2.584473e-02,1.540682e-02,2.242220e-03,2.051781e-03,3.889016e-02,4.169494e-03,1.703751e-01,3.257332e-01,2.949828e-01,1.594489e-03,6.923893e-02
8.496593e-03,3.196212e-03,3.966874e-03,2.545972e-02,3.419149e-02,1.395201e-02,4.363435e-03,2.768908e-03,3.279118e-02,3.902560e-03,1.300716e-01,3.542027e-01,3.291338e-01,1.601449e-03,5.190138e-02
9.000007e-03,2.394647e-03,4.007760e-03,1.811598e-02,3.756454e-02,1.347723e-02,5.047425e-03,5.741679e-03,2.488120e-02,3.530438e-03,9.771161e-02,4.255819e-01,3.127994e-01,1.551535e-03,3.859462e-02
8.991019e-03,2.039024e-03,3.816962e-03,1.287655e-02,3.841621e-02,1.061027e-02,5.134006e-03,5.672820e-03,1.889532e-02,4.139895e-03,7.332761e-02,5.327644e-01,2.524717e-01,1.691666e-03,2.915257e-02
1.620704e-02,3.932501e-03,8.605099e-03,1.127855e-02,4.280235e-02,1.182273e-02,4.703274e-03,1.865425e-02,1.868617e-02,4.835584e-03,5.750680e-02,5.536395e-01,2.218039e-01,2.734143e-03,2.278814e-02
2.674435e-02,4.045641e-03,1.076750e-02,1.014344e-02,4.457476e-02,1.312046e-02,4.278983e-03,3.770708e-02,2.104610e-02,8.836102e-03,5.118644e-02,5.394402e-01,2.064839e-01,3.849150e-03,1.777600e-02
2.909544e-02,3.069223e-03,9.181214e-03,8.123566e-03,3.358653e-02,3.865162e-02,5.986515e-03,3.608919e-02,1.549540e-02,8.619471e-03,3.791824e-02,5.933679e-01,1.627655e-01,3.861912e-03,1.418826e-02
5.614134e-02,3.196365e-03,2.509767e-02,9.029491e-03,3.797315e-02,8.534792e-02,8.911654e-03,7.778341e-02,1.282900e-02,1.097285e-02,3.068107e-02,5.053868e-01,1.202323e-01,3.609394e-03,1.280758e-02
8.953080e-02,3.180678e-03,2.635577e-02,7.731247e-03,3.879932e-02,1.188902e-01,4.719422e-02,1.226849e-01,1.110449e-02,1.139688e-02,2.320359e-02,3.947531e-01,8.820987e-02,3.087835e-03,1.387708e-02
