1.000000e+00,0.000000e+00,0.000000e+00,0.000000e+00,0.000000e+00,0.000000e+00,0.000000e+00,0.000000e+00,0.000000e+00,0.000000e+00,0.000000e+00,0.000000e+00,0.000000e+00,0.000000e+00,0.000000e+00
1.000000e+00,0.000000e+00,0.000000e+00,0.000000e+00,0.000000e+00,0.000000e+00,0.000000e+00,0.000000e+00,0.000000e+00,0.000000e+00,0.000000e+00,0.000000e+00,0.000000e+00,0.000000e+00,0.000000e+00
1.000000e+00,0.000000e+00,0.000000e+00,0.000000e+00,0.000000e+00,0.000000e+00,0.000000e+00,0.000000e+00,0.000000e+00,0.000000e+00,0.000000e+00,0.000000e+00,0.000000e+00,0.000000e+00,0.000000e+00
1.000000e+00,0.000000e+00,0.000000e+00,0.000000e+00,0.000000e+00,0.000000e+00,0.000000e+00,0.000000e+00,0.000000e+00,0.000000e+00,0.000000e+00,0.000000e+00,0.000000e+00,0.000000e+00,0.000000e+00
1.000000e+00,0.000000e+00,0.000000e+00,0.000000e+00,0.000000e+00,0.000000e+00,0.000000e+00,0.000000e+00,0.000000e+00,0.000000e+00,0.000000e+00,0.000000e+00,0.000000e+00,0.000000e+00,0.000000e+00
1.000000e+00,0.000000e+00,0.000000e+00,0.000000e+00,0.000000e+00,0.000000e+00,0.000000e+00,0.000000e+00,0.000000e+00,0.000000e+00,0.000000e+00,0.000000e+00,0.000000e+00,0.000000e+00,0.000000e+00
1.000000e+00,0.000000e+00,0.000000e+00,0.000000e+00,0.000000e+00,0.000000e+00,0.000000e+00,0.000000e+00,0.000000e+00,0.000000e+00,0.000000e+00,0.000000e+00,0.000000e+00,0.000000e+00,0.000000e+00
1.000000e+00,0.000000e+00,0.000000e+00,0.000000e+00,0.000000e+00,0.000000e+00,0.000000e+00,0.000000e+00,0.000000e+00,0.000000e+00,0.000000e+00,0.000000e+00,0.000000e+00,0.000000e+00,0.000000e+00
1.000000e+00,0.000000e+00,0.000000e+00,0.000000e+00,0.000000e+00,0.000000e+00,0.000000e+00,0.000000e+00,0.000000e+00,0.000000e+00,0.000000e+00,0.000000e+00,0.000000e+00,0.000000e+00,0.000000e+00
1.000000e+00,0.000000e+00,0.000000e+00,0.000000e+00,0.000000e+00,0.000000e+00,0.000000e+00,0.000000e+00,0.000000e+00,0.000000e+00,0.000000e+00,0.000000e+00,0.000000e+00,0.000000e+00,0.000000e+00
1.000000e+00,0.000000e+00,0.000000e+00,0.000000e+00,0.000000e+00,0.000000e+00,0.000000e+00,0.000000e+00,0.000000e+00,0.000000e+00,0.000000e+00,0.000000e+00,0.000000e+00,0.000000e+00,0.000000e+00
1.000000e+00,0.000000e+00,0.000000e+00,0.000000e+00,0.000000e+00,0.000000e+00,0.000000e+00,0.000000e+00,0.000000e+00,0.000000e+00,0.000000e+00,0.000000e+00,0.000000e+00,0.000000e+00,0.000000e+00
1.000000e+00,0.000000e+00,0.000000e+00,0.000000e+00,0.000000e+00,0.000000e+00,0.000000e+00,0.000000e+00,0.000000e+00,0.000000e+00,0.000000e+00,0.000000e+00,0.000000e+00,0.000000e+00,0.000000e+00
1.000000e+00,0.000000e+00,0.000000e+00,0.000000e+00,0.000000e+00,0.000000e+00,0.000000e+00,0.000000e+00,0.000000e+00,0.000000e+00,0.000000e+00,0.000000e+00,0.000000e+00,0.000000e+00,0.000000e+00
1.000000e+00,0.000000e+00,0.000000e+00,0.000000e+00,0.000000e+00,0.000000e+00,0.000000e+00,0.000000e+00,0.000000e+00,0.000000e+00,0.000000e+00,0.000000e+00,0.000000e+00,0.000000e+00,0.000000e+00
1.000000e+00,0.000000e+00,0.000000e+00,0.000000e+00,0.000000e+00,0.000000e+00,0.000000e+00,0.000000e+00,0.000000e+00,0.000000e+00,0.000000e+00,0.000000e+00,0.000000e+00,0.000000e+00,0.000000e+00
1.000000e+00,0.000000e+00,0.000000e+00,0.000000e+00,0.000000e+00,0.000000e+00,0.000000e+00,0.000000e+00,0.000000e+00,0.000000e+00,0.000000e+00,0.000000e+00,0.000000e+00,0.000000e+00,0.000000e+00
1.000000e+00,0.000000e+00,0.000000e+00,0.000000e+00,0.000000e+00,0.000000e+00,0.000000e+00,0.000000e+00,0.000000e+00,0.000000e+00,0.000000e+00,0.000000e+00,0.000000e+00,0.000000e+00,0.000000e+00
1.000000e+00,0.000000e+00,0.000000e+00,0.000000e+00,0.000000e+00,0.000000e+00,0.000000e+00,0.000000e+00,0.000000e+00,0.000000e+00,0.000000e+00,0.000000e+00,0.000000e+00,0.000000e+00,0.000000e+00
1.000000e+00,0.000000e+00,0.000000e+00,0.000000e+00,0.000000e+00,0.000000e+00,0.000000e+00,0.000000e+00,0.000000e+00,0.000000e+00,0.000000e+00,0.000000e+00,0.000000e+00,0.000000e+00,0.000000e+00
1.000000e+00,0.000000e+00,0.000000e+00,0.000000e+00,0.000000e+00,0.000000e+00,0.000000e+00,0.000000e+00,0.000000e+00,0.000000e+00,0.000000e+00,0.000000e+00,0.000000e+00,0.000000e+00,0.000000e+00
1.000000e+00,0.000000e+00,0.000000e+00,0.000000e+00,0.000000e+00,0.000000e+00,0.000000e+00,0.000000e+00,0.000000e+00,0.000000e+00,0.000000e+00,0.000000e+00,0.000000e+00,0.000000e+00,0.000000e+00
1.000000e+00,0.000000e+00,0.000000e+00,0.000000e+00,0.000000e+00,0.000000e+00,0.000000e+00,0.000000e+00,0.000000e+00,0.000000e+00,0.000000e+00,0.000000e+00,0.000000e+00,0.000000e+00,0.000000e+00
1.000000e+00,0.000000e+00,0.000000e+00,0.000000e+00,0.000000e+00,0.000000e+00,0.000000e+00,0.000000e+00,0.000000e+00,0.000000e+00,0.000000e+00,0.000000e+00,0.000000e+00,0.000000e+00,0.000000e+00
1.000000e+00,0.000000e+00,0.000000e+00,0.000000e+00,0.000000e+00,0.000000e+00,0.000000e+00,0.000000e+00,0.000000e+00,0.000000e+00,0.000000e+00,0.000000e+00,0.000000e+00,0.000000e+00,0.000000e+00
1.000000e+00,0.000000e+00,0.000000e+00,0.000000e+00,0.000000e+00,0.000000e+00,0.000000e+00,0.000000e+00,0.000000e+00,0.000000e+00,0.000000e+00,0.000000e+00,0.000000e+00,0.000000e+00,0.000000e+00
1.000000e+00,0.000000e+00,0.000000e+00,0.000000e+00,0.000000e+00,0.000000e+00,0.000000e+00,0.000000e+00,0.000000e+00,0.000000e+00,0.000000e+00,0.000000e+00,0.000000e+00,0.000000e+00,0.000000e+00
1.000000e+00,0.000000e+00,0.000000e+00,0.000000e+00,0.000000e+00,0.000000e+00,0.000000e+00,0.000000e+00,0.000000e+00,0.000000e+00,0.000000e+00,0.000000e+00,0.000000e+00,0.000000e+00,0.000000e+00
1.000000e+00,0.000000e+00,0.000000e+00,0.000000e+00,0.000000e+00,0.000000e+00,0.000000e+00,0.000000e+00,0.000000e+00,0.000000e+00,0.000000e+00,0.000000e+00,0.000000e+00,0.000000e+00,0.000000e+00
1.000000e+00,0.000000e+00,0.000000e+00,0.000000e+00,0.000000e+00,0.000000e+00,0.000000e+00,0.000000e+00,0.000000e+00,0.000000e+00,0.000000e+00,0.000000e+00,0.000000e+00,0.000000e+00,0.000000e+00
1.000000e+00,0.000000e+00,0.000000e+00,0.000000e+00,0.000000e+00,0.000000e+00,0.000000e+00,0.000000e+00,0.000000e+00,0.000000e+00,0.000000e+00,0.000000e+00,0.000000e+00,0.000000e+00,0.000000e+00
1.000000e+00,0.000000e+00,0.000000e+00,0.000000e+00,0.000000e+00,0.000000e+00,0.000000e+00,0.000000e+00,0.000000e+00,0.000000e+00,0.000000e+00,0.000000e+00,0.000000e+00,0.000000e+00,0.000000e+00
1.000000e+00,0.000000e+00,0.000000e+00,0.000000e+00,0.000000e+00,0.000000e+00,0.000000e+00,0.000000e+00,0.000000e+00,0.000000e+00,0.000000e+00,0.000000e+00,0.000000e+00,0.000000e+00,0.000000e+00
1.000000e+00,0.000000e+00,0.000000e+00,0.000000e+00,0.000000e+00,0.000000e+00,0.000000e+00,0.000000e+00,0.000000e+00,0.000000e+00,0.000000e+00,0.000000e+00,0.000000e+00,0.000000e+00,0.000000e+00
1.000000e+00,0.000000e+00,0.000000e+00,0.000000e+00,0.000000e+00,0.000000e+00,0.000000e+00,0.000000e+00,0.000000e+00,0.000000e+00,0.000000e+00,0.000000e+00,0.000000e+00,0.000000e+00,0.000000e+00
1.000000e+00,0.000000e+00,0.000000e+00,0.000000e+00,0.000000e+00,0.000000e+00,0.000000e+00,0.000000e+00,0.000000e+00,0.000000e+00,0.000000e+00,0.000000e+00,0.000000e+00,0.000000e+00,0.000000e+00
1.000000e+00,0.000000e+00,0.000000e+00,0.000000e+00,0.000000e+00,0.000000e+00,0.000000e+00,0.000000e+00,0.000000e+00,0.000000e+00,0.000000e+00,0.000000e+00,0.000000e+00,0.000000e+00,0.000000e+00
1.000000e+00,0.000000e+00,0.000000e+00,0.000000e+00,0.000000e+00,0.000000e+00,0.000000e+00,0.000000e+00,0.000000e+00,0.000000e+00,0.000000e+00,0.000000e+00,0.000000e+00,0.000000e+00,0.000000e+00
1.000000e+00,0.000000e+00,0.000000e+00,0.000000e+00,0.000000e+00,0.000000e+00,0.000000e+00,0.000000e+00,0.000000e+00,0.000000e+00,0.000000e+00,0.000000e+00,0.000000e+00,0.000000e+00,0.000000e+00
1.000000e+00,0.000000e+00,0.000000e+00,0.000000e+00,0.000000e+00,0.000000e+00,0.000000e+00,0.000000e+00,0.000000e+00,0.000000e+00,0.000000e+00,0.000000e+00,0.000000e+00,0.000000e+00,0.000000e+00
1.000000e+00,0.000000e+00,0.000000e+00,0.000000e+00,0.000000e+00,0.000000e+00,0.000000e+00,0.000000e+00,0.000000e+00,0.000000e+00,0.000000e+00,0.000000e+00,0.000000e+00,0.000000e+00,0.000000e+00
1.000000e+00,0.000000e+00,0.000000e+00,0.000000e+00,0.000000e+00,0.000000e+00,0.000000e+00,0.000000e+00,0.000000e+00,0.000000e+00,0.000000e+00,0.000000e+00,0.000000e+00,0.000000e+00,0.000000e+00
1.000000e+00,0.000000e+00,0.000000e+00,0.000000e+00,0.000000e+00,0.000000e+00,0.000000e+00,0.000000e+00,0.000000e+00,0.000000e+00,0.000000e+00,0.000000e+00,0.000000e+00,0.000000e+00,0.000000e+00
1.000000e+00,0.000000e+00,0.000000e+00,0.000000e+00,0.000000e+00,0.000000e+00,0.000000e+00,0.000000e+00,0.000000e+00,0.000000e+00,0.000000e+00,0.000000e+00,0.000000e+00,0.000000e+00,0.000000e+00
1.000000e+00,0.000000e+00,0.000000e+00,0.000000e+00,0.000000e+00,0.000000e+00,0.000000e+00,0.000000e+00,0.000000e+00,0.000000e+00,0.000000e+00,0.000000e+00,0.000000e+00,0.000000e+00,0.000000e+00
1.000000e+00,0.000000e+00,0.000000e+00,0.000000e+00,0.000000e+00,0.000000e+00,0.000000e+00,0.000000e+00,0.000000e+00,0.000000e+00,0.000000e+00,0.000000e+00,0.000000e+00,0.000000e+00,0.000000e+00
1.000000e+00,0.000000e+00,0.000000e+00,0.000000e+00,0.000000e+00,0.000000e+00,0.000000e+00,0.000000e+00,0.000000e+00,0.000000e+00,0.000000e+00,0.000000e+00,0.000000e+00,0.000000e+00,0.000000e+00
1.000000e+00,0.000000e+00,0.000000e+00,0.000000e+00,0.000000e+00,0.000000e+00,0.000000e+00,0.000000e+00,0.000000e+00,0.000000e+00,0.000000e+00,0.000000e+00,0.000000e+00,0.000000e+00,0.000000e+00
1.000000e+00,0.000000e+00,0.000000e+00,0.000000e+00,0.000000e+00,0.000000e+00,0.000000e+00,0.000000e+00,0.000000e+00,0.000000e+00,0.000000e+00,0.000000e+00,0.000000e+00,0.000000e+00,0.000000e+00
1.000000e+00,0.000000e+00,0.000000e+00,0.000000e+00,0.000000e+00,0.000000e+00,0.000000e+00,0.000000e+00,0.000000e+00,0.000000e+00,0.000000e+00,0.000000e+00,0.000000e+00,0.000000e+00,0.000000e+00
1.000000e+00,0.000000e+00,0.000000e+00,0.000000e+00,0.000000e+00,0.000000e+00,0.000000e+00,0.000000e+00,0.000000e+00,0.000000e+00,0.000000e+00,0.000000e+00,0.000000e+00,0.000000e+00,0.000000e+00
1.000000e+00,0.000000e+00,0.000000e+00,0.000000e+00,0.000000e+00,0.000000e+00,0.000000e+00,0.000000e+00,0.000000e+00,0.000000e+00,0.000000e+00,0.000000e+00,0.000000e+00,0.000000e+00,0.000000e+00
1.000000e+00,0.000000e+00,0.000000e+00,0.000000e+00,0.000000e+00,0.000000e+00,0.000000e+00,0.000000e+00,0.000000e+00,0.000000e+00,0.000000e+00,0.000000e+00,0.000000e+00,0.000000e+00,0.000000e+00
1.000000e+00,0.000000e+00,0.000000e+00,0.000000e+00,0.000000e+00,0.000000e+00,0.000000e+00,0.000000e+00,0.000000e+00,0.000000e+00,0.000000e+00,0.000000e+00,0.000000e+00,0.000000e+00,0.000000e+00
1.000000e+00,0.000000e+00,0.000000e+00,0.000000e+00,0.000000e+00,0.000000e+00,0.000000e+00,0.000000e+00,0.000000e+00,0.000000e+00,0.000000e+00,0.000000e+00,0.000000e+00,0.000000e+00,0.000000e+00
3.987177e-01,1.315145e-02,6.360732e-02,6.488229e-02,7.934453e-03,8.380543e-03,2.805735e-03,4.018210e-01,2.593187e-03,1.402322e-03,8.347079e-03,7.915732e-03,8.847238e-03,1.582938e-03,8.011130e-03
2.794628e-01,9.478431e-03,4.555035e-02,1.212128e-01,5.629351e-03,6.116373e-03,2.082184e-03,3.141655e-01,2.126724e-03,4.474475e-03,1.652898e-01,1.735946e-02,1.524442e-02,5.869525e-03,5.937857e-03
1.957473e-01,6.850237e-03,3.200756e-02,1.692117e-01,4.477411e-03,4.350624e-03,1.530717e-03,2.268213e-01,2.361391e-03,4.546376e-03,2.304127e-01,5.840131e-02,2.487103e-02,3.401668e-02,4.393660e-03
1.371097e-01,4.943086e-03,2.247675e-02,1.848766e-01,3.674388e-03,3.133524e-03,1.307632e-03,1.623175e-01,3.208258e-03,6.206776e-03,2.667513e-01,8.951480e-02,5.376229e-02,5.678338e-02,3.934142e-03
9.629744e-02,4.149117e-03,1.601304e-02,1.966474e-01,5.212545e-03,2.384029e-03,1.343615e-03,1.176662e-01,9.248490e-03,6.147674e-03,2.734633e-01,1.436599e-01,6.126009e-02,6.340527e-02,3.101863e-03
6.757146e-02,3.074762e-03,1.146683e-02,1.473585e-01,6.540199e-03,1.879811e-03,1.090038e-03,8.245886e-02,1.235405e-02,1.837227e-02,3.835871e-01,1.475274e-01,4.680900e-02,6.660555e-02,3.304255e-03
4.738218e-02,2.175407e-03,8.093698e-03,1.107608e-01,1.030314e-02,1.732795e-03,8.601134e-04,5.778826e-02,1.098823e-02,2.882945e-02,4.597430e-01,1.477924e-01,3.630692e-02,7.407371e-02,3.169944e-03
3.320188e-02,1.535076e-03,5.720541e-03,8.133178e-02,1.242846e-02,1.310553e-03,6.531616e-04,4.047316e-02,9.102068e-03,2.951358e-02,5.630418e-01,1.263670e-01,2.848078e-02,6.295113e-02,3.888942e-03
2.332499e-02,1.116735e-03,4.202854e-03,7.247007e-02,1.608876e-02,1.485792e-03,5.160183e-04,2.839565e-02,8.187955e-03,3.161793e-02,5.737560e-01,1.613727e-01,2.250581e-02,5.157888e-02,3.379754e-03
1.640156e-02,1.020554e-03,3.528760e-03,5.288371e-02,8.663286e-02,1.264683e-03,4.860010e-04,1.990472e-02,6.745318e-03,2.549456e-02,5.910188e-01,1.333100e-01,1.669491e-02,4.207168e-02,2.541855e-03
1.151010e-02,8.353901e-04,3.354833e-03,3.760182e-02,1.199571e-01,9.497074e-04,3.449568e-04,1.398531e-02,5.270704e-03,2.921951e-02,5.271841e-01,1.437258e-01,1.350662e-02,9.058926e-02,1.964780e-03
8.088025e-03,6.374218e-04,2.883967e-03,2.652576e-02,1.453985e-01,7.386292e-04,2.461297e-04,9.955757e-03,4.620705e-03,2.670005e-02,4.982738e-01,1.702410e-01,1.269794e-02,9.109139e-02,1.900893e-03
5.691066e-03,4.716444e-04,2.453201e-03,1.866346e-02,1.748672e-01,7.202869e-04,2.563298e-04,7.040726e-03,4.433523e-03,2.820160e-02,4.918948e-01,1.702614e-01,1.186916e-02,7.701277e-02,6.162754e-03
4.026852e-03,3.720688e-04,2.104559e-03,1.315684e-02,1.760647e-01,1.015128e-03,3.019304e-04,5.116819e-03,5.035472e-03,3.759801e-02,4.854051e-01,1.761415e-01,1.128829e-02,7.094976e-02,1.142284e-02
3.043874e-03,4.607221e-04,3.205369e-03,9.323954e-03,2.595693e-01,3.797648e-03,2.224630e-03,5.191729e-03,9.006541e-03,3.289279e-02,4.427515e-01,1.478300e-01,9.207876e-03,5.320558e-02,1.828847e-02
2.631031e-03,1.511984e-02,3.036395e-02,6.787636e-03,2.189402e-01,4.015196e-03,6.919414e-03,6.265759e-03,2.510030e-02,6.883859e-02,3.428803e-01,1.702338e-01,1.026202e-02,7.730255e-02,1.433937e-02
2.600266e-03,1.325976e-02,2.697162e-02,5.013061e-03,1.746871e-01,8.034742e-03,1.044482e-02,6.085256e-03,3.024957e-02,9.434825e-02,2.848485e-01,2.403790e-01,2.243098e-02,6.408117e-02,1.656594e-02
4.831260e-03,1.510567e-02,2.558954e-02,4.601724e-03,1.423804e-01,1.462854e-02,1.015185e-02,1.925296e-02,7.730843e-02,8.049764e-02,2.140527e-01,2.988010e-01,2.409324e-02,5.599101e-02,1.271405e-02
5.192939e-03,1.194173e-02,2.014834e-02,4.586931e-03,1.262342e-01,4.964580e-02,8.016372e-03,2.353618e-02,9.654896e-02,6.560215e-02,1.632828e-01,3.516040e-01,2.221347e-02,4.179958e-02,9.646508e-03
8.914904e-03,8.424410e-03,1.662657e-02,3.636704e-03,1.576845e-01,3.704450e-02,9.396576e-02,1.088519e-01,7.084300e-02,5.496277e-02,1.210672e-01,2.545621e-01,2.435280e-02,3.126587e-02,7.796955e-03
2.027982e-02,6.455946e-03,1.289005e-02,4.250356e-03,2.917872e-01,4.957651e-02,8.648778e-02,8.380996e-02,6.979975e-02,4.443162e-02,9.363618e-02,1.873219e-01,2.101977e-02,2.241998e-02,5.833136e-03
2.411638e-02,5.119125e-03,9.504610e-03,5.039142e-03,4.009461e-01,4.797999e-02,6.393610e-02,7.362293e-02,7.833896e-02,3.403760e-02,7.111198e-02,1.420174e-01,2.098775e-02,1.668720e-02,6.554680e-03
3.468066e-02,5.010182e-03,1.010616e-02,1.146431e-02,3.614206e-01,7.450867e-02,5.236609e-02,1.426090e-01,7.033593e-02,2.676588e-02,6.047329e-02,1.131598e-01,1.913743e-02,1.250019e-02,5.461670e-03
3.962203e-02,6.720806e-03,1.403001e-02,2.133544e-02,3.514154e-01,1.013848e-01,4.782004e-02,1.653185e-01,6.363919e-02,2.216817e-02,4.923923e-02,8.776935e-02,1.533272e-02,9.379545e-03,4.824806e-03
4.626229e-02,1.006770e-02,1.690936e-02,2.642708e-02,3.493152e-01,1.325743e-01,4.325413e-02,1.493559e-01,6.060317e-02,1.942387e-02,4.249033e-02,7.542767e-02,1.496570e-02,7.339421e-03,5.583802e-03
5.038851e-02,9.388786e-03,1.871870e-02,3.307426e-02,2.993101e-01,1.396637e-01,3.366387e-02,1.951761e-01,4.934459e-02,5.969643e-02,3.154580e-02,5.616998e-02,1.162771e-02,6.173638e-03,6.057781e-03
5.302965e-02,7.633429e-03,1.884913e-02,2.975406e-02,2.515565e-01,1.729620e-01,2.577038e-02,2.563235e-01,3.971964e-02,5.794257e-02,2.359307e-02,4.249568e-02,9.645322e-03,5.615375e-03,5.109631e-03
6.233307e-02,7.081039e-03,3.431494e-02,2.937533e-02,1.975809e-01,1.471245e-01,1.963757e-02,2.314224e-01,4.418726e-02,1.517272e-01,1.970532e-02,3.243444e-02,8.593584e-03,7.027011e-03,7.455475e-03
5.383852e-02,1.150095e-02,4.531597e-02,6.783123e-02,1.471233e-01,1.386451e-01,1.443933e-02,1.725325e-01,3.586943e-02,1.578840e-01,9.259339e-02,2.769635e-02,8.655451e-03,1.595291e-02,1.012150e-02
3.912241e-02,1.107024e-02,3.731683e-02,5.846819e-02,1.049975e-01,1.194102e-01,1.039514e-02,1.263029e-01,3.619482e-02,1.897158e-01,2.016951e-01,2.324847e-02,7.107852e-03,2.626040e-02,8.694128e-03
2.834693e-02,9.113191e-03,2.840674e-02,4.322107e-02,7.420832e-02,8.810662e-02,7.349872e-03,8.869991e-02,2.724737e-02,1.477755e-01,3.543338e-01,2.017086e-02,6.055390e-03,7.014491e-02,6.819494e-03
2.127842e-02,7.368301e-03,2.110191e-02,3.190442e-02,5.343214e-02,6.761679e-02,5.196609e-03,6.224690e-02,2.174794e-02,1.090075e-01,4.826078e-01,1.653116e-02,5.959962e-03,8.894653e-02,5.053590e-03
1.715383e-02,6.861465e-03,2.398038e-02,2.390935e-02,4.048236e-02,5.225919e-02,3.707470e-03,4.401387e-02,2.212203e-02,7.952973e-02,5.571623e-01,1.592181e-02,5.945209e-03,1.024732e-01,4.477773e-03
1.315079e-02,7.430654e-03,2.079650e-02,1.738535e-02,2.909226e-02,3.792021e-02,2.642906e-03,3.100858e-02,2.849524e-02,5.854645e-02,5.703557e-01,1.857578e-02,5.464283e-03,1.546076e-01,4.527726e-03
1.064005e-02,7.829716e-03,1.757960e-02,1.362898e-02,2.176180e-02,2.849267e-02,2.010000e-03,2.314744e-02,5.412600e-02,4.549389e-02,5.224010e-01,1.587361e-02,4.200867e-03,2.283537e-01,4.460647e-03
8.575107e-03,9.116150e-03,1.490392e-02,9.769739e-03,1.584911e-02,2.212324e-02,1.437815e-03,1.654434e-02,4.950985e-02,3.518011e-02,5.356668e-01,1.368124e-02,3.329928e-03,2.601028e-01,4.209875e-03
7.651342e-03,1.361543e-02,1.787172e-02,7.286626e-03,1.274963e-02,1.992138e-02,1.064774e-03,1.277408e-02,8.295156e-02,2.695487e-02,4.861720e-01,1.342330e-02,2.833767e-03,2.909824e-01,3.747172e-03
1.185583e-02,1.619366e-02,1.494696e-01,7.925464e-03,1.371957e-02,2.618287e-02,1.157816e-03,2.594410e-02,1.085471e-01,2.031781e-02,3.713832e-01,1.070664e-02,2.767422e-03,2.308627e-01,2.966166e-03
1.439529e-02,1.668962e-02,1.165052e-01,6.150540e-03,1.112896e-02,2.716368e-02,9.092109e-04,2.048392e-02,1.417648e-01,1.560360e-02,3.353930e-01,8.250558e-03,2.357787e-03,2.807952e-01,2.408573e-03
1.228580e-02,1.123279e-01,1.030353e-01,5.793517e-03,3.097140e-02,2.338425e-02,6.711803e-04,1.490823e-02,1.498197e-01,1.188973e-02,2.689788e-01,6.313260e-03,2.106973e-03,2.551225e-01,2.391504e-03
1.518174e-02,8.151187e-02,1.703444e-01,9.754510e-03,3.676178e-02,2.116034e-02,5.875821e-04,1.159350e-02,1.660288e-01,9.690933e-03,2.279009e-01,4.981535e-03,2.373396e-03,2.393533e-01,2.775398e-03
1.808868e-02,6.649671e-02,1.852139e-01,1.180560e-02,3.992954e-02,2.120772e-02,5.402694e-04,1.112975e-02,1.918416e-01,8.020737e-03,1.930723e-01,3.951109e-03,2.071630e-03,2.435104e-01,3.120031e-03
2.331966e-02,5.102047e-02,3.604855e-01,2.118272e-02,4.239001e-02,2.119918e-02,5.145967e-04,1.114767e-02,1.421949e-01,5.950931e-03,1.390818e-01,2.844493e-03,1.951233e-03,1.738455e-01,2.871236e-03
2.769602e-02,4.590511e-02,3.637758e-01,1.973777e-02,3.859033e-02,2.603981e-02,4.365401e-04,8.503256e-03,1.339582e-01,5.574215e-03,1.392917e-01,2.499680e-03,3.202277e-03,1.809393e-01,3.849832e-03
2.520681e-02,3.606469e-02,3.526277e-01,1.722972e-02,3.026921e-02,2.282280e-02,3.236567e-04,6.509206e-03,1.355826e-01,4.756552e-03,1.303525e-01,2.149053e-03,2.511163e-03,2.301971e-01,3.397050e-03
2.836229e-02,2.973441e-02,3.152436e-01,1.697461e-02,3.215829e-02,1.800461e-02,3.227725e-04,6.003585e-03,1.320251e-01,3.990218e-03,1.401456e-01,2.074681e-03,2.133554e-03,2.699817e-01,2.844984e-03
3.065605e-02,2.937030e-02,2.606059e-01,1.613372e-02,3.532264e-02,1.476166e-02,5.076695e-04,5.607388e-03,1.252946e-01,4.068184e-03,1.697043e-01,2.280478e-03,2.001431e-03,3.011525e-01,2.533071e-03
2.963505e-02,2.245233e-02,1.911679e-01,1.247670e-02,2.792009e-02,1.104818e-02,3.923890e-04,4.143286e-03,9.856935e-02,3.822644e-03,2.225176e-01,2.467008e-03,1.692298e-03,3.696356e-01,2.059525e-03
3.135831e-02,1.698816e-02,1.381521e-01,9.091939e-03,2.126326e-02,8.520632e-03,3.058792e-04,3.147645e-03,7.767774e-02,4.646240e-03,2.663804e-01,3.258809e-03,1.593704e-03,4.158705e-01,1.744623e-03
2.693326e-02,1.303150e-02,1.022004e-01,6.952554e-03,1.590744e-02,6.695943e-03,2.753647e-04,2.629453e-03,6.478186e-02,5.034597e-03,3.258832e-01,4.635136e-03,1.379026e-03,4.220414e-01,1.618839e-03
2.729333e-02,1.158998e-02,7.700752e-02,5.302946e-03,1.219460e-02,8.816755e-03,6.426180e-04,2.133748e-03,5.223037e-02,9.365155e-03,4.314930e-01,3.885905e-03,1.236143e-03,3.548513e-01,1.956536e-03
2.625437e-02,8.516698e-02,9.224392e-02,4.087382e-03,1.105567e-02,1.270139e-02,1.806844e-03,1.747522e-03,4.809414e-02,1.431187e-02,4.053092e-01,3.354453e-03,1.161178e-03,2.871495e-01,5.555539e-03
2.501111e-02,6.089258e-02,6.840853e-02,3.163021e-03,8.257407e-03,1.130721e-02,1.361052e-03,1.867181e-03,4.434156e-02,1.954909e-02,4.309982e-01,2.761972e-03,1.087721e-03,3.161394e-01,4.853886e-03
2.234189e-02,4.366573e-02,4.986446e-02,2.450532e-03,6.054032e-03,1.024379e-02,1.115683e-03,1.897111e-03,3.687756e-02,2.895977e-02,4.111027e-01,2.275334e-03,9.754237e-04,3.778728e-01,4.303309e-03
1.960309e-02,3.108728e-02,5.045931e-02,4.524929e-03,4.681488e-03,1.194358e-02,1.105847e-03,5.504211e-03,3.369322e-02,3.905084e-02,3.859059e-01,2.001895e-03,1.131416e-03,4.054924e-01,3.814607e-03
1.973529e-02,2.364088e-02,6.427874e-02,7.258957e-03,4.423091e-03,1.733929e-02,1.043851e-03,1.680369e-02,4.395000e-02,4.332074e-02,3.417537e-01,1.722703e-03,1.639861e-03,4.098010e-01,3.288132e-03
1.973399e-02,2.003687e-02,5.888468e-02,7.149930e-03,4.748428e-03,2.253938e-02,1.029413e-03,1.641821e-02,5.837067e-02,3.491858e-02,3.073926e-01,1.589142e-03,1.441554e-03,4.429787e-01,2.767848e-03
2.244514e-02,3.769998e-02,6.005694e-02,7.432267e-03,4.681957e-03,2.447213e-02,9.306889e-04,1.452681e-02,1.360860e-01,2.745310e-02,2.346464e-01,1.216728e-03,1.232350e-03,4.193174e-01,7.802143e-03
3.074507e-02,4.701951e-02,1.372845e-01,1.259593e-02,5.417299e-03,2.371834e-02,8.669854e-04,2.081188e-02,1.764649e-01,2.237437e-02,1.782685e-01,9.508135e-04,1.275880e-03,3.301105e-01,1.209561e-02
3.588028e-02,5.855954e-02,2.119378e-01,1.128061e-02,5.726548e-03,2.267171e-02,7.690052e-04,2.307237e-02,1.876024e-01,1.886784e-02,1.323028e-01,7.463868e-04,1.091649e-03,2.719769e-01,1.751413e-02
3.586544e-02,8.187364e-02,2.132057e-01,1.119034e-02,1.080619e-02,2.964031e-02,8.939370e-04,4.758953e-02,1.933354e-01,1.446037e-02,1.016573e-01,6.588743e-04,9.176100e-04,2.435126e-01,1.439277e-02
3.995109e-02,1.094929e-01,1.768572e-01,1.061440e-02,1.292271e-02,3.890110e-02,8.962618e-04,4.607388e-02,2.048657e-01,1.156912e-02,8.004504e-02,5.456051e-04,7.962161e-04,2.525924e-01,1.387633e-02
4.550483e-02,1.030549e-01,1.487562e-01,1.076016e-02,1.393985e-02,3.764167e-02,7.330709e-04,4.077640e-02,2.147193e-01,9.546022e-03,7.782986e-02,4.700880e-04,7.424107e-04,2.821671e-01,1.335816e-02
5.052564e-02,9.426065e-02,1.192659e-01,9.348921e-03,1.429106e-02,4.221880e-02,5.559847e-04,3.356183e-02,2.612028e-01,8.393737e-03,7.813669e-02,4.267985e-04,6.377178e-04,2.730379e-01,1.413562e-02
6.125681e-02,7.769413e-02,8.990453e-02,8.983467e-03,1.472688e-02,3.406786e-02,5.879151e-04,3.942633e-02,3.215865e-01,6.284543e-03,8.375480e-02,1.956556e-03,1.029711e-03,2.465835e-01,1.215652e-02
7.730582e-02,6.227273e-02,7.064433e-02,8.478389e-03,1.375123e-02,3.089294e-02,5.403052e-04,3.728927e-02,3.288263e-01,6.252540e-03,1.482887e-01,4.081596e-03,1.166629e-03,1.960459e-01,1.416334e-02
1.039931e-01,6.106590e-02,8.622149e-02,5.733042e-02,2.243931e-02,2.537202e-02,1.434688e-03,3.789976e-02,3.040695e-01,5.170732e-03,1.244248e-01,5.686618e-03,1.548256e-03,1.450353e-01,1.830821e-02
1.635891e-01,4.892568e-02,1.210694e-01,7.001927e-02,2.599533e-02,3.183195e-02,1.948179e-03,2.979092e-02,2.399706e-01,4.331084e-03,1.176315e-01,1.177724e-02,3.070810e-03,1.135568e-01,1.649214e-02
2.043005e-01,4.393899e-02,9.417337e-02,5.880168e-02,3.186535e-02,4.443922e-02,1.675711e-03,2.307352e-02,2.344666e-01,3.903178e-03,1.169511e-01,1.243797e-02,2.942500e-03,1.135897e-01,1.344064e-02
2.757171e-01,4.104880e-02,7.035347e-02,5.972254e-02,4.407775e-02,4.722849e-02,1.949786e-03,2.107176e-02,2.147477e-01,4.528550e-03,9.043067e-02,1.707437e-02,6.253833e-03,8.976703e-02,1.602810e-02
3.315687e-01,7.980563e-02,5.239704e-02,4.801971e-02,4.396622e-02,4.466273e-02,4.026179e-03,4.337306e-02,1.691023e-01,4.830041e-03,6.685049e-02,1.277954e-02,5.773441e-03,7.856828e-02,1.427673e-02
3.775129e-01,1.320521e-01,3.837815e-02,3.808433e-02,3.809258e-02,3.856095e-02,3.973877e-03,4.279602e-02,1.418847e-01,5.195793e-03,5.068465e-02,1.008835e-02,5.207416e-03,6.315294e-02,1.433537e-02
3.848901e-01,1.028222e-01,3.112825e-02,3.770258e-02,5.753541e-02,5.599720e-02,1.179347e-02,6.805671e-02,1.241216e-01,5.723577e-03,3.769251e-02,1.193792e-02,1.191103e-02,4.495423e-02,1.373329e-02
3.814596e-01,8.933923e-02,2.735673e-02,3.437453e-02,5.051006e-02,8.002824e-02,2.156324e-02,9.953769e-02,1.044937e-01,6.365448e-03,2.881604e-02,1.343121e-02,1.804793e-02,3.191138e-02,1.276505e-02
3.384663e-01,6.777497e-02,2.419997e-02,2.615132e-02,4.178292e-02,6.158984e-02,2.063974e-02,2.555876e-01,7.703905e-02,6.654861e-03,2.084686e-02,1.110169e-02,1.535105e-02,2.259932e-02,1.021445e-02
3.037532e-01,5.119993e-02,4.788817e-02,2.183205e-02,3.330287e-02,5.163158e-02,2.585429e-02,3.320020e-01,5.482737e-02,7.927643e-03,1.511931e-02,1.167908e-02,1.726078e-02,1.641427e-02,9.307519e-03
3.548116e-01,3.758387e-02,5.394340e-02,1.740849e-02,2.694897e-02,4.486183e-02,2.564131e-02,3.241881e-01,4.017519e-02,9.327577e-03,1.180499e-02,1.437653e-02,1.762930e-02,1.199655e-02,9.302366e-03
3.921483e-01,3.033260e-02,4.964625e-02,1.386731e-02,2.141481e-02,4.414823e-02,3.421622e-02,2.610492e-01,3.139661e-02,1.159131e-02,3.197768e-02,2.178273e-02,2.128515e-02,1.509199e-02,2.005161e-02
2.762505e-01,2.160680e-02,3.598842e-02,1.076869e-02,1.542495e-02,3.228232e-02,2.937690e-02,2.212221e-01,2.316804e-02,1.201931e-02,1.597922e-01,4.258180e-02,2.164709e-02,8.132289e-02,1.654798e-02
1.972422e-01,1.538983e-02,2.571829e-02,9.283199e-03,1.462469e-02,2.883113e-02,4.788022e-02,1.907766e-01,2.155221e-02,1.078825e-02,2.525089e-01,6.523044e-02,2.241435e-02,8.492629e-02,1.283340e-02
1.385314e-01,1.080323e-02,1.803703e-02,6.752532e-03,1.043230e-02,2.038257e-02,3.433488e-02,1.362500e-01,1.546669e-02,1.008313e-02,4.194319e-01,6.888528e-02,1.728939e-02,8.316005e-02,1.015950e-02
9.728727e-02,7.608773e-03,1.267293e-02,5.087448e-03,7.661643e-03,1.452985e-02,2.444927e-02,9.640314e-02,1.186101e-02,1.131984e-02,5.424305e-01,6.279022e-02,1.281864e-02,8.502481e-02,8.054641e-03
6.844910e-02,6.036653e-03,9.159449e-03,4.218661e-03,7.447485e-03,1.044067e-02,1.764608e-02,6.797347e-02,1.342318e-02,1.776857e-02,5.802549e-01,6.477565e-02,1.004072e-02,1.160352e-01,6.330156e-03
4.829985e-02,4.532185e-03,6.531163e-03,3.451893e-03,6.452403e-03,7.615091e-03,1.249732e-02,4.790072e-02,1.217437e-02,2.491641e-02,6.434247e-01,5.313463e-02,8.586332e-03,1.154780e-01,5.004960e-03
3.391612e-02,3.367431e-03,4.594605e-03,2.719532e-03,4.932572e-03,5.543399e-03,8.772430e-03,3.356402e-02,1.059924e-02,2.062134e-02,7.326907e-01,4.173391e-02,6.906837e-03,8.567978e-02,4.358117e-03
2.466615e-02,3.705874e-03,3.488653e-03,2.018923e-03,4.284673e-03,4.423508e-03,6.221154e-03,2.369695e-02,8.554536e-03,3.288979e-02,6.924781e-01,4.424707e-02,5.610607e-03,1.403211e-01,3.392953e-03
1.770860e-02,3.001862e-03,2.648725e-03,1.580165e-03,4.642617e-03,3.415179e-03,4.503991e-03,1.686144e-02,9.310993e-03,4.197077e-02,7.279860e-01,4.025635e-02,4.785287e-03,1.177613e-01,3.566691e-03
1.298895e-02,1.222902e-02,3.707478e-03,1.842394e-03,1.991072e-02,2.974923e-03,4.566167e-03,1.215449e-02,5.563603e-02,3.343213e-02,6.906109e-01,4.098155e-02,3.975136e-03,1.009840e-01,4.006025e-03
9.504794e-03,1.057258e-02,4.047663e-03,2.610753e-03,3.230892e-02,3.478619e-03,5.476522e-03,9.105993e-03,1.203383e-01,2.785133e-02,6.393013e-01,3.868321e-02,3.729386e-03,8.784603e-02,5.144465e-03
6.919118e-03,1.015962e-02,3.073323e-03,1.933857e-03,3.420147e-02,4.652475e-03,4.697552e-03,7.213695e-03,3.413173e-01,1.971924e-02,4.689931e-01,2.780090e-02,2.792556e-03,6.269729e-02,3.828404e-03
5.520408e-03,1.034704e-02,1.465819e-02,9.796318e-03,9.488202e-02,5.537005e-03,4.436868e-03,2.641323e-02,3.958797e-01,1.512354e-02,3.422184e-01,2.156782e-02,4.746811e-03,4.574886e-02,3.123726e-03
5.203909e-03,1.021939e-02,2.984909e-02,1.210999e-02,1.051622e-01,7.475524e-03,4.245506e-03,2.718498e-02,4.626053e-01,1.232570e-02,2.622049e-01,1.737824e-02,7.790713e-03,3.362449e-02,2.620004e-03
7.110033e-03,1.010436e-02,2.467633e-02,1.254117e-02,1.178416e-01,7.375565e-03,6.273590e-03,3.393603e-02,5.329010e-01,1.032881e-02,1.898875e-01,1.248732e-02,6.906732e-03,2.538641e-02,2.243555e-03
1.088770e-02,1.166951e-02,1.952540e-02,1.257158e-02,1.044065e-01,7.999799e-03,5.111779e-03,2.879488e-02,6.187502e-01,8.384261e-03,1.354462e-01,8.901289e-03,5.315186e-03,1.926343e-02,2.972259e-03
2.730779e-02,1.270849e-02,1.822753e-02,2.463720e-02,9.610410e-02,7.747116e-03,4.871814e-03,4.779795e-02,6.231853e-01,8.771537e-03,9.804585e-02,7.019399e-03,4.457847e-03,1.477911e-02,4.339005e-03
3.670991e-02,1.739045e-02,1.803183e-02,2.035702e-02,7.564857e-02,1.000832e-02,4.583601e-03,4.098352e-02,6.640164e-01,9.075889e-03,7.148396e-02,5.741206e-03,3.420490e-03,1.317866e-02,9.370237e-03
4.187061e-02,1.486028e-02,1.458792e-02,1.557406e-02,6.463681e-02,8.864040e-03,4.661752e-03,7.091308e-02,6.810478e-01,7.132818e-03,5.188718e-02,4.273423e-03,2.508800e-03,1.009388e-02,7.087572e-03
4.697759e-02,1.989155e-02,1.229795e-02,1.247956e-02,6.975399e-02,1.048364e-02,4.477274e-03,5.922591e-02,6.951439e-01,6.579275e-03,3.755227e-02,3.515778e-03,2.324177e-03,9.047852e-03,1.024936e-02
5.118010e-02,2.669726e-02,1.094455e-02,1.102897e-02,9.407133e-02,1.305996e-02,4.128852e-03,5.192915e-02,6.714009e-01,8.295777e-03,2.717954e-02,3.044473e-03,2.206525e-03,7.647934e-03,1.718472e-02
7.275238e-02,3.051057e-02,1.551620e-02,1.713510e-02,9.713824e-02,1.378821e-02,3.807393e-03,4.433157e-02,5.964129e-01,2.994947e-02,2.268759e-02,5.554242e-03,3.597635e-03,6.110125e-03,4.070837e-02
1.120127e-01,3.814799e-02,2.093191e-02,1.728827e-02,1.048756e-01,1.611944e-02,4.532545e-03,4.270528e-02,4.815052e-01,5.882224e-02,2.555853e-02,1.961542e-02,1.408282e-02,5.718641e-03,3.808336e-02
1.012997e-01,3.818893e-02,2.672416e-02,2.155262e-02,9.940381e-02,1.935197e-02,5.220426e-03,3.974319e-02,3.540352e-01,8.233982e-02,4.771347e-02,5.139765e-02,6.324303e-02,5.155516e-03,4.463055e-02
7.690566e-02,2.950524e-02,2.086402e-02,2.230323e-02,7.356027e-02,1.925538e-02,4.231601e-03,2.903102e-02,2.638909e-01,7.035533e-02,7.208391e-02,1.373982e-01,1.356775e-01,4.692915e-03,4.024483e-02
6.416973e-02,2.151941e-02,1.592772e-02,1.803753e-02,5.428179e-02,1.703304e-02,3.559876e-03,2.140080e-02,2.020740e-01,7.272949e-02,9.980477e-02,1.684943e-01,2.033095e-01,4.685741e-03,3.297232e-02
7.025708e-02,2.770133e-02,2.704700e-02,1.096507e-01,5.245147e-02,1.655765e-02,3.228404e-03,1.629845e-02,2.020925e-01,5.646668e-02,8.774450e-02,1.407743e-01,1.563140e-01,4.132150e-03,2.928376e-02
6.200578e-02,2.196352e-02,2.194848e-02,9.311568e-02,4.494871e-02,1.796236e-02,3.235777e-03,1.336596e-02,1.787696e-01,4.609386e-02,1.189270e-01,1.974063e-01,1.509797e-01,6.052984e-03,2.322419e-02
4.781599e-02,1.587196e-02,1.584573e-02,7.015538e-02,3.262556e-02,1.494579e-02,2.671462e-03,9.971647e-03,1.358685e-01,5.077770e-02,1.329605e-01,2.832930e-01,1.637566e-01,6.032098e-03,1.740815e-02
3.648701e-02,1.170878e-02,1.185891e-02,5.107594e-02,3.399502e-02,1.132249e-02,3.394071e-03,1.435969e-02,2.522787e-01,3.784296e-02,1.299165e-01,2.457817e-01,1.430445e-01,4.431837e-03,1.250172e-02
3.246988e-02,9.089184e-03,1.078987e-02,4.080291e-02,3.203517e-02,1.034716e-02,3.157923e-03,8.847971e-02,2.551464e-01,2.808124e-02,1.073822e-01,2.447651e-01,1.249911e-01,3.283744e-03,9.178302e-03
1.329471e-01,1.110335e-02,1.243468e-02,3.703199e-02,4.300713e-02,1.394376e-02,5.502369e-03,7.355542e-02,2.711534e-01,2.361788e-02,8.017181e-02,1.877474e-01,9.102438e-02,2.788127e-03,1.397109e-02
2.355729e-01,1.890106e-02,1.242299e-02,7.333069e-02,4.289269e-02,3.441691e-02,6.056987e-03,5.653137e-02,2.145503e-01,1.826384e-02,5.809512e-02,1.387227e-01,6.919629e-02,2.196386e-03,1.884970e-02
3.216269e-01,2.755985e-02,1.499047e-02,7.881137e-02,4.071525e-02,3.289096e-02,6.661306e-03,4.197299e-02,1.778792e-01,1.664759e-02,4.282875e-02,1.047072e-01,5.660859e-02,2.033979e-03,3.406549e-02
3.582759e-01,4.307069e-02,3.203705e-02,7.780291e-02,4.020342e-02,2.789123e-02,7.309790e-03,3.269005e-02,1.672996e-01,1.539132e-02,3.323549e-02,7.630128e-02,4.129637e-02,1.927537e-03,4.526722e-02
3.847497e-01,4.604407e-02,3.357355e-02,7.285050e-02,4.283960e-02,2.619225e-02,8.850452e-03,2.469778e-02,1.765972e-01,1.293571e-02,2.793404e-02,5.917887e-02,3.462742e-02,2.298758e-03,4.662999e-02
3.196335e-01,7.207550e-02,7.768387e-02,6.409665e-02,5.867466e-02,2.001950e-02,6.526114e-03,1.884915e-02,1.881281e-01,1.013753e-02,4.845786e-02,4.299640e-02,2.677484e-02,9.756364e-03,3.618991e-02
2.247109e-01,5.873530e-02,7.668832e-02,1.076330e-01,4.616706e-02,1.449785e-02,4.664092e-03,1.346002e-02,1.393131e-01,1.014243e-02,1.614857e-01,3.912859e-02,6.450553e-02,1.112447e-02,2.774365e-02
1.575367e-01,4.382889e-02,5.822660e-02,1.101609e-01,9.690712e-02,1.184443e-02,3.401184e-03,9.868084e-03,1.042584e-01,7.609157e-03,2.300634e-01,3.647149e-02,7.733741e-02,3.166164e-02,2.082444e-02
1.112066e-01,3.209044e-02,4.272719e-02,9.335268e-02,1.134618e-01,9.377046e-03,2.804377e-03,8.246166e-03,8.613875e-02,6.706319e-03,3.035898e-01,4.673395e-02,7.743564e-02,5.012301e-02,1.600624e-02
7.827844e-02,2.273503e-02,3.049967e-02,7.013788e-02,8.324545e-02,6.930470e-03,2.011552e-03,5.961447e-03,6.417825e-02,7.757708e-03,4.176919e-01,4.710193e-02,5.799250e-02,9.342080e-02,1.205699e-02
5.524617e-02,1.613925e-02,2.179157e-02,5.191780e-02,5.937577e-02,5.096915e-03,1.444264e-03,4.272229e-03,4.607244e-02,7.748926e-03,5.384475e-01,3.647746e-02,4.133902e-02,1.050995e-01,9.531200e-03
3.911069e-02,1.142718e-02,1.568577e-02,3.738856e-02,4.250182e-02,3.730569e-03,1.024726e-03,3.110032e-03,3.499243e-02,7.826296e-03,6.011633e-01,2.771748e-02,2.972991e-02,1.371744e-01,7.416873e-03
2.830203e-02,8.226451e-03,1.139665e-02,3.601004e-02,3.177533e-02,3.003279e-03,7.506319e-04,2.333262e-03,3.131706e-02,9.292100e-03,6.687049e-01,2.148185e-02,2.193305e-02,1.189208e-01,6.552577e-03
2.338032e-02,6.083741e-03,8.645500e-03,3.121525e-02,2.399394e-02,2.916485e-03,5.623642e-04,2.039394e-03,2.405604e-02,1.326542e-02,7.199208e-01,1.713406e-02,1.653944e-02,1.038558e-01,6.391467e-03
1.713929e-02,4.341222e-03,6.331502e-03,2.348406e-02,2.031268e-02,2.162289e-03,4.100680e-04,1.785770e-03,1.716797e-02,1.269108e-02,7.621740e-01,1.337321e-02,1.216352e-02,9.877291e-02,7.690493e-03
1.255689e-02,6.159456e-03,5.803098e-03,1.716446e-02,1.177933e-01,1.908810e-03,3.498047e-04,1.311381e-03,1.624613e-02,1.499380e-02,6.942592e-01,1.042270e-02,9.199401e-03,7.908102e-02,1.275049e-02
1.013155e-02,7.221360e-03,2.925085e-02,1.512377e-02,1.536912e-01,2.740441e-03,3.895843e-04,7.102989e-03,1.929385e-02,1.233948e-02,6.205030e-01,8.896485e-03,7.767943e-03,9.410077e-02,1.144676e-02
1.148140e-02,1.085345e-02,4.552042e-02,1.807451e-02,2.104674e-01,4.303352e-03,4.386699e-04,1.413012e-02,2.146369e-02,1.225724e-02,5.178029e-01,7.295595e-03,6.664246e-03,1.096341e-01,9.612959e-03
2.679231e-02,1.257213e-02,5.416259e-02,2.362469e-02,1.627246e-01,8.217730e-03,5.656283e-04,1.262693e-02,5.074658e-02,2.007869e-02,4.942155e-01,1.092475e-02,1.329072e-02,9.866062e-02,1.079665e-02
2.157956e-02,9.876221e-03,4.701851e-02,1.897071e-02,1.199095e-01,6.560876e-03,4.803998e-04,9.499593e-03,4.117547e-02,2.137562e-02,5.767967e-01,9.962313e-03,1.513595e-02,9.189314e-02,9.765530e-03
1.758009e-02,7.639148e-03,3.750150e-02,1.442100e-02,8.720676e-02,5.288669e-03,3.812939e-04,6.920674e-03,3.621557e-02,2.586829e-02,6.242522e-01,8.191263e-03,1.386761e-02,1.017720e-01,1.289404e-02
2.334223e-02,6.411971e-03,2.803508e-02,1.122950e-02,6.349561e-02,5.038863e-03,3.417839e-04,5.073550e-03,2.974650e-02,3.601564e-02,6.348411e-01,8.576283e-03,1.259978e-02,1.191941e-01,1.605805e-02
2.872409e-02,7.588083e-03,2.903477e-02,8.661103e-03,4.852155e-02,4.149664e-03,3.681708e-04,3.900599e-03,2.506390e-02,3.939007e-02,6.253888e-01,7.336517e-03,1.046292e-02,1.440869e-01,1.732301e-02
2.632894e-02,9.136264e-03,2.201091e-02,6.326382e-03,3.757121e-02,3.884664e-03,2.862222e-04,2.895765e-03,4.089876e-02,5.509635e-02,5.957897e-01,5.308934e-03,7.832141e-03,1.688554e-01,1.777839e-02
2.764949e-02,9.778630e-03,1.927397e-02,5.174551e-03,2.849907e-02,3.903800e-03,2.710870e-04,3.063158e-03,3.847950e-02,1.182076e-01,5.303888e-01,4.457990e-03,6.179858e-03,1.830829e-01,2.158950e-02
4.950551e-02,1.028343e-02,2.187455e-02,5.767073e-03,2.327633e-02,6.292719e-03,3.075702e-04,3.375439e-03,4.132302e-02,1.479693e-01,4.708745e-01,6.390970e-03,6.964797e-03,1.834719e-01,2.232286e-02
3.978780e-02,8.140489e-03,1.904075e-02,4.904924e-03,1.916811e-02,5.289393e-03,2.636790e-04,2.740468e-03,3.686173e-02,1.185866e-01,5.615297e-01,7.354056e-03,8.822306e-03,1.475746e-01,1.993541e-02
3.517951e-02,6.705762e-03,2.257187e-02,4.982023e-03,1.708869e-02,4.665967e-03,3.020887e-04,2.879148e-03,3.098454e-02,1.157235e-01,5.984313e-01,8.099109e-03,9.661594e-03,1.236188e-01,1.910612e-02
3.525874e-02,8.530756e-03,2.260844e-02,1.658800e-02,1.858497e-02,6.894633e-03,3.445472e-04,3.859453e-03,3.756592e-02,1.201193e-01,5.821733e-01,7.248139e-03,1.121876e-02,1.053211e-01,2.368410e-02
4.524332e-02,1.380521e-02,2.062077e-02,1.345047e-02,2.235030e-02,1.051383e-02,3.359849e-04,3.728141e-03,3.924768e-02,1.274699e-01,5.622298e-01,6.410082e-03,9.034616e-03,1.029093e-01,2.265069e-02
6.638621e-02,2.250320e-02,2.086649e-02,1.679710e-02,1.930000e-02,9.974584e-03,6.043441e-04,6.860431e-03,5.902869e-02,1.394743e-01,5.147463e-01,1.004530e-02,7.830821e-03,8.794355e-02,1.763873e-02
6.469530e-02,3.168809e-02,1.989093e-02,1.536173e-02,1.510897e-02,8.663251e-03,6.382716e-04,7.563533e-03,6.577200e-02,1.468062e-01,5.041073e-01,8.584577e-03,5.830788e-03,9.116456e-02,1.412457e-02
6.356880e-02,3.500534e-02,1.744060e-02,1.224350e-02,1.150725e-02,6.899624e-03,4.976207e-04,6.969300e-03,6.319806e-02,1.328101e-01,5.114107e-01,6.731807e-03,4.289677e-03,1.169082e-01,1.051953e-02
7.833787e-02,3.005418e-02,2.897304e-02,5.970674e-02,1.418829e-02,7.372610e-03,7.729274e-04,1.813597e-02,7.193843e-02,1.160606e-01,4.295073e-01,5.816419e-03,3.822813e-03,1.264462e-01,8.866656e-03
1.033627e-01,2.609501e-02,2.934021e-02,4.630991e-02,1.392091e-02,8.931693e-03,1.032070e-03,1.825264e-02,6.781172e-02,1.041278e-01,4.251163e-01,5.434816e-03,3.297956e-03,1.391928e-01,7.773405e-03
1.026751e-01,2.306967e-02,3.433421e-02,5.774894e-02,2.524397e-02,8.204520e-03,1.108074e-03,3.463057e-02,8.516924e-02,8.688581e-02,3.566371e-01,5.296313e-03,3.995920e-03,1.688881e-01,6.112522e-03
1.017755e-01,1.941000e-02,2.608135e-02,4.700691e-02,2.138683e-02,8.619007e-03,8.603007e-04,2.787847e-02,9.325763e-02,7.575060e-02,3.413009e-01,5.314132e-03,3.444549e-03,2.207739e-01,7.139908e-03
1.186115e-01,2.366658e-02,2.821700e-02,9.320833e-02,2.634590e-02,1.376622e-02,1.024059e-03,3.808493e-02,9.514187e-02,5.885275e-02,2.967526e-01,6.232898e-03,3.494793e-03,1.901296e-01,6.470972e-03
1.547624e-01,3.452321e-02,2.592982e-02,7.567760e-02,2.241620e-02,1.401232e-02,8.404758e-04,2.923424e-02,1.185159e-01,4.574411e-02,2.848562e-01,7.383752e-03,3.818142e-03,1.722629e-01,1.002288e-02
2.439837e-01,3.104555e-02,2.480830e-02,6.861854e-02,2.025898e-02,1.196730e-02,8.083668e-04,2.380874e-02,1.352446e-01,3.623592e-02,2.335427e-01,1.083436e-02,4.140870e-03,1.435091e-01,1.119304e-02
