1.000000e+00,0.000000e+00,0.000000e+00,0.000000e+00,0.000000e+00,0.000000e+00,0.000000e+00,0.000000e+00,0.000000e+00,0.000000e+00,0.000000e+00,0.000000e+00,0.000000e+00,0.000000e+00,0.000000e+00
1.000000e+00,0.000000e+00,0.000000e+00,0.000000e+00,0.000000e+00,0.000000e+00,0.000000e+00,0.000000e+00,0.000000e+00,0.000000e+00,0.000000e+00,0.000000e+00,0.000000e+00,0.000000e+00,0.000000e+00
1.000000e+00,0.000000e+00,0.000000e+00,0.000000e+00,0.000000e+00,0.000000e+00,0.000000e+00,0.000000e+00,0.000000e+00,0.000000e+00,0.000000e+00,0.000000e+00,0.000000e+00,0.000000e+00,0.000000e+00
1.000000e+00,0.000000e+00,0.000000e+00,0.000000e+00,0.000000e+00,0.000000e+00,0.000000e+00,0.000000e+00,0.000000e+00,0.000000e+00,0.000000e+00,0.000000e+00,0.000000e+00,0.000000e+00,0.000000e+00
1.000000e+00,0.000000e+00,0.000000e+00,0.000000e+00,0.000000e+00,0.000000e+00,0.000000e+00,0.000000e+00,0.000000e+00,0.000000e+00,0.000000e+00,0.000000e+00,0.000000e+00,0.000000e+00,0.000000e+00
1.000000e+00,0.000000e+00,0.000000e+00,0.000000e+00,0.000000e+00,0.000000e+00,0.000000e+00,0.000000e+00,0.000000e+00,0.000000e+00,0.000000e+00,0.000000e+00,0.000000e+00,0.000000e+00,0.000000e+00
1.000000e+00,0.000000e+00,0.000000e+00,0.000000e+00,0.000000e+00,0.000000e+00,0.000000e+00,0.000000e+00,0.000000e+00,0.000000e+00,0.000000e+00,0.000000e+00,0.000000e+00,0.000000e+00,0.000000e+00
1.000000e+00,0.000000e+00,0.000000e+00,0.000000e+00,0.000000e+00,0.000000e+00,0.000000e+00,0.000000e+00,0.000000e+00,0.000000e+00,0.000000e+00,0.000000e+00,0.000000e+00,0.000000e+00,0.000000e+00
1.000000e+00,0.000000e+00,0.000000e+00,0.000000e+00,0.000000e+00,0.000000e+00,0.000000e+00,0.000000e+00,0.000000e+00,0.000000e+00,0.000000e+00,0.000000e+00,0.000000e+00,0.000000e+00,0.000000e+00
1.000000e+00,0.000000e+00,0.000000e+00,0.000000e+00,0.000000e+00,0.000000e+00,0.000000e+00,0.000000e+00,0.000000e+00,0.000000e+00,0.000000e+00,0.000000e+00,0.000000e+00,0.000000e+00,0.000000e+00
1.000000e+00,0.000000e+00,0.000000e+00,0.000000e+00,0.000000e+00,0.000000e+00,0.000000e+00,0.000000e+00,0.000000e+00,0.000000e+00,0.000000e+00,0.000000e+00,0.000000e+00,0.000000e+00,0.000000e+00
1.000000e+00,0.000000e+00,0.000000e+00,0.000000e+00,0.000000e+00,0.000000e+00,0.000000e+00,0.000000e+00,0.000000e+00,0.000000e+00,0.000000e+00,0.000000e+00,0.000000e+00,0.000000e+00,0.000000e+00
1.000000e+00,0.000000e+00,0.000000e+00,0.000000e+00,0.000000e+00,0.000000e+00,0.000000e+00,0.000000e+00,0.000000e+00,0.000000e+00,0.000000e+00,0.000000e+00,0.000000e+00,0.000000e+00,0.000000e+00
1.000000e+00,0.000000e+00,0.000000e+00,0.000000e+00,0.000000e+00,0.000000e+00,0.000000e+00,0.000000e+00,0.000000e+00,0.000000e+00,0.000000e+00,0.000000e+00,0.000000e+00,0.000000e+00,0.000000e+00
1.000000e+00,0.000000e+00,0.000000e+00,0.000000e+00,0.000000e+00,0.000000e+00,0.000000e+00,0.000000e+00,0.000000e+00,0.000000e+00,0.000000e+00,0.000000e+00,0.000000e+00,0.000000e+00,0.000000e+00
1.000000e+00,0.000000e+00,0.000000e+00,0.000000e+00,0.000000e+00,0.000000e+00,0.000000e+00,0.000000e+00,0.000000e+00,0.000000e+00,0.000000e+00,0.000000e+00,0.000000e+00,0.000000e+00,0.000000e+00
1.000000e+00,0.000000e+00,0.000000e+00,0.000000e+00,0.000000e+00,0.000000e+00,0.000000e+00,0.000000e+00,0.000000e+00,0.000000e+00,0.000000e+00,0.000000e+00,0.000000e+00,0.000000e+00,0.000000e+00
1.000000e+00,0.000000e+00,0.000000e+00,0.000000e+00,0.000000e+00,0.000000e+00,0.000000e+00,0.000000e+00,0.000000e+00,0.000000e+00,0.000000e+00,0.000000e+00,0.000000e+00,0.000000e+00,0.000000e+00
1.000000e+00,0.000000e+00,0.000000e+00,0.000000e+00,0.000000e+00,0.000000e+00,0.000000e+00,0.000000e+00,0.000000e+00,0.000000e+00,0.000000e+00,0.000000e+00,0.000000e+00,0.000000e+00,0.000000e+00
1.000000e+00,0.000000e+00,0.000000e+00,0.000000e+00,0.000000e+00,0.000000e+00,0.000000e+00,0.000000e+00,0.000000e+00,0.000000e+00,0.000000e+00,0.000000e+00,0.000000e+00,0.000000e+00,0.000000e+00
1.000000e+00,0.000000e+00,0.000000e+00,0.000000e+00,0.000000e+00,0.000000e+00,0.000000e+00,0.000000e+00,0.000000e+00,0.000000e+00,0.000000e+00,0.000000e+00,0.000000e+00,0.000000e+00,0.000000e+00
1.000000e+00,0.000000e+00,0.000000e+00,0.000000e+00,0.000000e+00,0.000000e+00,0.000000e+00,0.000000e+00,0.000000e+00,0.000000e+00,0.000000e+00,0.000000e+00,0.000000e+00,0.000000e+00,0.000000e+00
1.000000e+00,0.000000e+00,0.000000e+00,0.000000e+00,0.000000e+00,0.000000e+00,0.000000e+00,0.000000e+00,0.000000e+00,0.000000e+00,0.000000e+00,0.000000e+00,0.000000e+00,0.000000e+00,0.000000e+00
1.000000e+00,0.000000e+00,0.000000e+00,0.000000e+00,0.000000e+00,0.000000e+00,0.000000e+00,0.000000e+00,0.000000e+00,0.000000e+00,0.000000e+00,0.000000e+00,0.000000e+00,0.000000e+00,0.000000e+00
1.000000e+00,0.000000e+00,0.000000e+00,0.000000e+00,0.000000e+00,0.000000e+00,0.000000e+00,0.000000e+00,0.000000e+00,0.000000e+00,0.000000e+00,0.000000e+00,0.000000e+00,0.000000e+00,0.000000e+00
1.000000e+00,0.000000e+00,0.000000e+00,0.000000e+00,0.000000e+00,0.000000e+00,0.000000e+00,0.000000e+00,0.000000e+00,0.000000e+00,0.000000e+00,0.000000e+00,0.000000e+00,0.000000e+00,0.000000e+00
1.000000e+00,0.000000e+00,0.000000e+00,0.000000e+00,0.000000e+00,0.000000e+00,0.000000e+00,0.000000e+00,0.000000e+00,0.000000e+00,0.000000e+00,0.000000e+00,0.000000e+00,0.000000e+00,0.000000e+00
1.000000e+00,0.000000e+00,0.000000e+00,0.000000e+00,0.000000e+00,0.000000e+00,0.000000e+00,0.000000e+00,0.000000e+00,0.000000e+00,0.000000e+00,0.000000e+00,0.000000e+00,0.000000e+00,0.000000e+00
1.000000e+00,0.000000e+00,0.000000e+00,0.000000e+00,0.000000e+00,0.000000e+00,0.000000e+00,0.000000e+00,0.000000e+00,0.000000e+00,0.000000e+00,0.000000e+00,0.000000e+00,0.000000e+00,0.000000e+00
1.000000e+00,0.000000e+00,0.000000e+00,0.000000e+00,0.000000e+00,0.000000e+00,0.000000e+00,0.000000e+00,0.000000e+00,0.000000e+00,0.000000e+00,0.000000e+00,0.000000e+00,0.000000e+00,0.000000e+00
1.000000e+00,0.000000e+00,0.000000e+00,0.000000e+00,0.000000e+00,0.000000e+00,0.000000e+00,0.000000e+00,0.000000e+00,0.000000e+00,0.000000e+00,0.000000e+00,0.000000e+00,0.000000e+00,0.000000e+00
1.000000e+00,0.000000e+00,0.000000e+00,0.000000e+00,0.000000e+00,0.000000e+00,0.000000e+00,0.000000e+00,0.000000e+00,0.000000e+00,0.000000e+00,0.000000e+00,0.000000e+00,0.000000e+00,0.000000e+00
1.000000e+00,0.000000e+00,0.000000e+00,0.000000e+00,0.000000e+00,0.000000e+00,0.000000e+00,0.000000e+00,0.000000e+00,0.000000e+00,0.000000e+00,0.000000e+00,0.000000e+00,0.000000e+00,0.000000e+00
1.000000e+00,0.000000e+00,0.000000e+00,0.000000e+00,0.000000e+00,0.000000e+00,0.000000e+00,0.000000e+00,0.000000e+00,0.000000e+00,0.000000e+00,0.000000e+00,0.000000e+00,0.000000e+00,0.000000e+00
1.000000e+00,0.000000e+00,0.000000e+00,0.000000e+00,0.000000e+00,0.000000e+00,0.000000e+00,0.000000e+00,0.000000e+00,0.000000e+00,0.000000e+00,0.000000e+00,0.000000e+00,0.000000e+00,0.000000e+00
1.000000e+00,0.000000e+00,0.000000e+00,0.000000e+00,0.000000e+00,0.000000e+00,0.000000e+00,0.000000e+00,0.000000e+00,0.000000e+00,0.000000e+00,0.000000e+00,0.000000e+00,0.000000e+00,0.000000e+00
1.000000e+00,0.000000e+00,0.000000e+00,0.000000e+00,0.000000e+00,0.000000e+00,0.000000e+00,0.000000e+00,0.000000e+00,0.000000e+00,0.000000e+00,0.000000e+00,0.000000e+00,0.000000e+00,0.000000e+00
1.000000e+00,0.000000e+00,0.000000e+00,0.000000e+00,0.000000e+00,0.000000e+00,0.000000e+00,0.000000e+00,0.000000e+00,0.000000e+00,0.000000e+00,0.000000e+00,0.000000e+00,0.000000e+00,0.000000e+00
1.000000e+00,0.000000e+00,0.000000e+00,0.000000e+00,0.000000e+00,0.000000e+00,0.000000e+00,0.000000e+00,0.000000e+00,0.000000e+00,0.000000e+00,0.000000e+00,0.000000e+00,0.000000e+00,0.000000e+00
1.000000e+00,0.000000e+00,0.000000e+00,0.000000e+00,0.000000e+00,0.000000e+00,0.000000e+00,0.000000e+00,0.000000e+00,0.000000e+00,0.000000e+00,0.000000e+00,0.000000e+00,0.000000e+00,0.000000e+00
1.000000e+00,0.000000e+00,0.000000e+00,0.000000e+00,0.000000e+00,0.000000e+00,0.000000e+00,0.000000e+00,0.000000e+00,0.000000e+00,0.000000e+00,0.000000e+00,0.000000e+00,0.000000e+00,0.000000e+00
1.000000e+00,0.000000e+00,0.000000e+00,0.000000e+00,0.000000e+00,0.000000e+00,0.000000e+00,0.000000e+00,0.000000e+00,0.000000e+00,0.000000e+00,0.000000e+00,0.000000e+00,0.000000e+00,0.000000e+00
1.000000e+00,0.000000e+00,0.000000e+00,0.000000e+00,0.000000e+00,0.000000e+00,0.000000e+00,0.000000e+00,0.000000e+00,0.000000e+00,0.000000e+00,0.000000e+00,0.000000e+00,0.000000e+00,0.000000e+00
1.000000e+00,0.000000e+00,0.000000e+00,0.000000e+00,0.000000e+00,0.000000e+00,0.000000e+00,0.000000e+00,0.000000e+00,0.000000e+00,0.000000e+00,0.000000e+00,0.000000e+00,0.000000e+00,0.000000e+00
1.000000e+00,0.000000e+00,0.000000e+00,0.000000e+00,0.000000e+00,0.000000e+00,0.000000e+00,0.000000e+00,0.000000e+00,0.000000e+00,0.000000e+00,0.000000e+00,0.000000e+00,0.000000e+00,0.000000e+00
1.000000e+00,0.000000e+00,0.000000e+00,0.000000e+00,0.000000e+00,0.000000e+00,0.000000e+00,0.000000e+00,0.000000e+00,0.000000e+00,0.000000e+00,0.000000e+00,0.000000e+00,0.000000e+00,0.000000e+00
1.000000e+00,0.000000e+00,0.000000e+00,0.000000e+00,0.000000e+00,0.000000e+00,0.000000e+00,0.000000e+00,0.000000e+00,0.000000e+00,0.000000e+00,0.000000e+00,0.000000e+00,0.000000e+00,0.000000e+00
1.000000e+00,0.000000e+00,0.000000e+00,0.000000e+00,0.000000e+00,0.000000e+00,0.000000e+00,0.000000e+00,0.000000e+00,0.000000e+00,0.000000e+00,0.000000e+00,0.000000e+00,0.000000e+00,0.000000e+00
1.000000e+00,0.000000e+00,0.000000e+00,0.000000e+00,0.000000e+00,0.000000e+00,0.000000e+00,0.000000e+00,0.000000e+00,0.000000e+00,0.000000e+00,0.000000e+00,0.000000e+00,0.000000e+00,0.000000e+00
1.000000e+00,0.000000e+00,0.000000e+00,0.000000e+00,0.000000e+00,0.000000e+00,0.000000e+00,0.000000e+00,0.000000e+00,0.000000e+00,0.000000e+00,0.000000e+00,0.000000e+00,0.000000e+00,0.000000e+00
1.000000e+00,0.000000e+00,0.000000e+00,0.000000e+00,0.000000e+00,0.000000e+00,0.000000e+00,0.000000e+00,0.000000e+00,0.000000e+00,0.000000e+00,0.000000e+00,0.000000e+00,0.000000e+00,0.000000e+00
1.000000e+00,0.000000e+00,0.000000e+00,0.000000e+00,0.000000e+00,0.000000e+00,0.000000e+00,0.000000e+00,0.000000e+00,0.000000e+00,0.000000e+00,0.000000e+00,0.000000e+00,0.000000e+00,0.000000e+00
1.000000e+00,0.000000e+00,0.000000e+00,0.000000e+00,0.000000e+00,0.000000e+00,0.000000e+00,0.000000e+00,0.000000e+00,0.000000e+00,0.000000e+00,0.000000e+00,0.000000e+00,0.000000e+00,0.000000e+00
1.000000e+00,0.000000e+00,0.000000e+00,0.000000e+00,0.000000e+00,0.000000e+00,0.000000e+00,0.000000e+00,0.000000e+00,0.000000e+00,0.000000e+00,0.000000e+00,0.000000e+00,0.000000e+00,0.000000e+00
1.000000e+00,0.000000e+00,0.000000e+00,0.000000e+00,0.000000e+00,0.000000e+00,0.000000e+00,0.000000e+00,0.000000e+00,0.000000e+00,0.000000e+00,0.000000e+00,0.000000e+00,0.000000e+00,0.000000e+00
1.000000e+00,0.000000e+00,0.000000e+00,0.000000e+00,0.000000e+00,0.000000e+00,0.000000e+00,0.000000e+00,0.000000e+00,0.000000e+00,0.000000e+00,0.000000e+00,0.000000e+00,0.000000e+00,0.000000e+00
3.628726e-01,9.357475e-03,4.124259e-03,1.263184e-02,1.922043e-01,2.314676e-01,1.256815e-01,1.659351e-02,3.120163e-03,1.953313e-03,6.273993e-03,1.029544e-02,1.289134e-02,1.903289e-03,8.629494e-03
2.556399e-01,7.075793e-03,3.567184e-03,1.091327e-02,1.513752e-01,3.002988e-01,1.225879e-01,1.254820e-02,3.121304e-03,1.306995e-02,6.867430e-02,1.271256e-02,1.990557e-02,1.865056e-03,1.664514e-02
1.791382e-01,5.056905e-03,2.628939e-03,1.180222e-02,1.138844e-01,2.175903e-01,1.897428e-01,9.636133e-03,2.374834e-03,9.875214e-03,1.447808e-01,2.537935e-02,4.832033e-02,1.495955e-03,3.829379e-02
1.255184e-01,3.753732e-03,1.962114e-03,1.708627e-02,8.722404e-02,1.538057e-01,1.707056e-01,6.988180e-03,1.761536e-03,7.573857e-03,1.603882e-01,4.141533e-02,1.741847e-01,1.131401e-03,4.650093e-02
8.796346e-02,2.738761e-03,1.843376e-03,1.501975e-02,6.400070e-02,1.106071e-01,1.217061e-01,5.348318e-03,1.346497e-03,6.357331e-03,1.183130e-01,5.331618e-02,3.743492e-01,9.608616e-04,3.612935e-02
6.176001e-02,1.940099e-03,1.995425e-03,1.177992e-02,4.645260e-02,1.089550e-01,8.535863e-02,4.460812e-03,1.253692e-03,6.434422e-03,1.135703e-01,8.907293e-02,4.290202e-01,7.988611e-04,3.714713e-02
4.361820e-02,1.382176e-03,2.078494e-03,8.368745e-03,3.426486e-02,2.603623e-01,6.037574e-02,3.503725e-03,1.602454e-03,4.683641e-03,8.202247e-02,1.084043e-01,3.588673e-01,5.738745e-04,2.989167e-02
3.090212e-02,1.077311e-03,4.469776e-03,6.028335e-03,2.550156e-02,3.360518e-01,4.250423e-02,2.670919e-03,1.717725e-03,3.727301e-03,5.939072e-02,1.632807e-01,2.975743e-01,4.288849e-04,2.467430e-02
2.215718e-02,8.503080e-04,5.910082e-03,4.482413e-03,2.186126e-02,2.507001e-01,3.270673e-02,2.541863e-03,2.021985e-03,4.688621e-03,5.301319e-02,2.224734e-01,3.418319e-01,3.454451e-04,3.441561e-02
1.723536e-02,1.163290e-03,1.060354e-02,4.110436e-03,1.560525e-02,1.929079e-01,2.473179e-02,2.182001e-03,1.789385e-03,5.594285e-03,4.140053e-02,3.195131e-01,3.261559e-01,1.009832e-03,3.599745e-02
1.277142e-02,1.303270e-03,1.011067e-02,3.218440e-03,1.154551e-02,1.414808e-01,1.981779e-02,1.983252e-03,1.899842e-03,6.358199e-03,4.257755e-02,4.008134e-01,3.031852e-01,1.674615e-03,4.126015e-02
1.085704e-02,1.418997e-03,7.828209e-03,2.414159e-03,1.004357e-02,1.002177e-01,1.587225e-02,2.170692e-03,3.903300e-03,7.198219e-03,4.189734e-02,4.851020e-01,2.747519e-01,1.438026e-03,3.488665e-02
8.287817e-03,1.733609e-03,6.154186e-03,2.017914e-03,8.447389e-03,7.167075e-02,1.174389e-02,2.260180e-03,4.110299e-03,1.347393e-02,4.381362e-02,5.375282e-01,2.561212e-01,1.604667e-03,3.103237e-02
5.991372e-03,1.582310e-03,4.666790e-03,1.540258e-03,6.175131e-03,5.117594e-02,8.353814e-03,1.744554e-03,3.043922e-03,1.957330e-02,3.648892e-02,5.856587e-01,2.483579e-01,1.803665e-03,2.384329e-02
4.552927e-03,1.188399e-03,3.718842e-03,1.217370e-03,6.803253e-03,3.724321e-02,8.716421e-03,1.901031e-03,2.577844e-03,2.642042e-02,3.997991e-02,6.101487e-01,2.337348e-01,1.628464e-03,2.016831e-02
3.266897e-03,8.898463e-04,2.829009e-03,9.458066e-04,6.364478e-03,2.626560e-02,6.777451e-03,1.782064e-03,1.972511e-03,3.877206e-02,3.503154e-02,6.641951e-01,1.934952e-01,1.518656e-03,1.589380e-02
2.456500e-03,7.287227e-04,2.187741e-03,7.946859e-04,6.488998e-03,1.886902e-02,4.920898e-03,3.486003e-03,1.928447e-03,4.387243e-02,4.012424e-02,6.543614e-01,2.038373e-01,2.407476e-03,1.353618e-02
1.843650e-03,5.241012e-04,1.650134e-03,6.676336e-04,5.739029e-03,1.389273e-02,3.685982e-03,4.261060e-03,1.593194e-03,6.486844e-02,4.572295e-02,5.794743e-01,2.611014e-01,3.016464e-03,1.195900e-02
1.925172e-03,4.483857e-04,1.827075e-03,7.070513e-04,2.673967e-02,9.950726e-03,7.921811e-03,1.325496e-02,5.149498e-03,1.211962e-01,6.691635e-02,4.301704e-01,2.990918e-01,3.591732e-03,1.110924e-02
3.672361e-03,4.508105e-04,2.978122e-03,1.054936e-03,1.395719e-01,7.322710e-03,4.015131e-02,5.188673e-02,6.094861e-03,1.402955e-01,5.416733e-02,3.056167e-01,2.352321e-01,2.866825e-03,8.637850e-03
3.570597e-03,4.346276e-04,8.094502e-03,2.084074e-03,1.590676e-01,5.482401e-03,4.077871e-02,2.070763e-01,5.329210e-03,1.127905e-01,4.328190e-02,2.178955e-01,1.854121e-01,2.219100e-03,6.482835e-03
5.632216e-03,9.111217e-04,3.106538e-02,2.326421e-02,2.038515e-01,9.150749e-03,3.532757e-02,2.722892e-01,8.455079e-03,8.202470e-02,3.205874e-02,1.548686e-01,1.341520e-01,1.812321e-03,5.136696e-03
5.956220e-03,9.859368e-04,3.351308e-02,2.056137e-02,1.633498e-01,7.273171e-03,2.895424e-02,4.407786e-01,7.207884e-03,5.782707e-02,2.294509e-02,1.090431e-01,9.578482e-02,1.338688e-03,4.481008e-03
6.829860e-03,9.308310e-04,3.704976e-02,1.675167e-02,1.387454e-01,5.902607e-03,3.937868e-02,5.415879e-01,5.476290e-03,4.086357e-02,1.656723e-02,7.651417e-02,6.878756e-02,9.873071e-04,3.627141e-03
1.531939e-02,1.660116e-03,3.407433e-02,1.291785e-02,1.335671e-01,6.834667e-03,6.448279e-02,5.678369e-01,6.980634e-03,3.096573e-02,1.219882e-02,5.400645e-02,5.131092e-02,1.290094e-03,6.554182e-03
1.763282e-02,3.634340e-03,2.883861e-02,1.002592e-02,1.052371e-01,7.827804e-03,7.342938e-02,6.255149e-01,8.157017e-03,2.422684e-02,9.116459e-03,3.865435e-02,3.909685e-02,1.746363e-03,6.861251e-03
2.001416e-02,4.995027e-03,2.403880e-02,7.462580e-03,1.058092e-01,7.836969e-03,8.054937e-02,6.327368e-01,1.026605e-02,1.950505e-02,6.977878e-03,3.194128e-02,3.718515e-02,3.435781e-03,7.245907e-03
2.377055e-02,5.747493e-03,1.923481e-02,5.712065e-03,8.687133e-02,8.064877e-03,1.057565e-01,6.045484e-01,1.202738e-02,1.491340e-02,5.191621e-03,4.693996e-02,5.036829e-02,4.302124e-03,6.551281e-03
3.677717e-02,7.756081e-03,1.746768e-02,5.066900e-03,1.010686e-01,1.011645e-02,1.032448e-01,5.509359e-01,1.585104e-02,1.207895e-02,4.244488e-03,7.224758e-02,5.228275e-02,4.965859e-03,5.895745e-03
4.730949e-02,6.240811e-03,1.430897e-02,4.350427e-03,9.250673e-02,1.278241e-02,9.524086e-02,5.798560e-01,1.737247e-02,9.107567e-03,3.816073e-03,6.280988e-02,4.541166e-02,3.801882e-03,5.084729e-03
6.129976e-02,6.159031e-03,1.534433e-02,4.904942e-03,9.384415e-02,1.816100e-02,1.061095e-01,5.204007e-01,2.053685e-02,7.383326e-03,3.646676e-03,7.005776e-02,6.301757e-02,3.060236e-03,6.074101e-03
1.052730e-01,7.290725e-03,1.417936e-02,6.335165e-03,8.354837e-02,2.443095e-02,8.820459e-02,4.251970e-01,2.562463e-02,7.663697e-03,4.726200e-03,5.425409e-02,1.328770e-01,2.818378e-03,1.757678e-02
1.667911e-01,7.558059e-03,1.391935e-02,1.095209e-02,7.066413e-02,3.803858e-02,7.256834e-02,3.481052e-01,3.240149e-02,8.268130e-03,8.331609e-03,4.305939e-02,1.482075e-01,2.804896e-03,2.833008e-02
2.425288e-01,7.876435e-03,1.183912e-02,1.405674e-02,5.714505e-02,5.535691e-02,5.648071e-02,2.531778e-01,4.648765e-02,1.227319e-02,2.253298e-02,4.915598e-02,1.319930e-01,3.825251e-03,3.527032e-02
2.497104e-01,7.219643e-03,1.022174e-02,1.333182e-02,7.233573e-02,4.190076e-02,4.518044e-02,1.902604e-01,8.147107e-02,1.838183e-02,4.810423e-02,4.509570e-02,1.184537e-01,3.723393e-03,5.460916e-02
2.695298e-01,6.770087e-03,9.125934e-03,1.251986e-02,7.185448e-02,3.261359e-02,3.752421e-02,1.399183e-01,7.436997e-02,2.973921e-02,5.239375e-02,3.748092e-02,1.127065e-01,3.749523e-03,1.097039e-01
2.860118e-01,9.381926e-03,8.051096e-03,2.613587e-02,8.147585e-02,3.347206e-02,2.972041e-02,1.044200e-01,1.159503e-01,3.225763e-02,4.609361e-02,4.222647e-02,9.251990e-02,5.618860e-03,8.666410e-02
3.200605e-01,9.711301e-03,7.342455e-03,2.433620e-02,8.304563e-02,3.090101e-02,2.575194e-02,8.914578e-02,1.071419e-01,3.139010e-02,4.142312e-02,3.681912e-02,1.051939e-01,6.111882e-03,8.162521e-02
3.271940e-01,8.358292e-03,6.151571e-03,2.197449e-02,6.317499e-02,3.193463e-02,2.174365e-02,6.862009e-02,8.657833e-02,2.813750e-02,4.023178e-02,6.626470e-02,1.557449e-01,6.947002e-03,6.694406e-02
2.871124e-01,7.301066e-03,4.910907e-03,1.856885e-02,4.655017e-02,3.286801e-02,1.710634e-02,4.822205e-02,6.597149e-02,2.260550e-02,4.921839e-02,7.581408e-02,2.682814e-01,6.447510e-03,4.902188e-02
2.173310e-01,5.607701e-03,3.788998e-03,1.752921e-02,3.497379e-02,3.005667e-02,1.295292e-02,3.410210e-02,5.220235e-02,2.077324e-02,7.984738e-02,9.876776e-02,3.500450e-01,5.987736e-03,3.603415e-02
2.101817e-01,7.431034e-03,7.259275e-03,1.431554e-02,2.993831e-02,2.802542e-02,1.047596e-02,2.457888e-02,4.914646e-02,3.915020e-02,7.799090e-02,9.844507e-02,3.466538e-01,5.700826e-03,5.070660e-02
1.627131e-01,6.502446e-03,6.976821e-03,1.231662e-02,2.484410e-02,2.985284e-02,8.661247e-03,1.791923e-02,4.220606e-02,5.425037e-02,8.204057e-02,1.035104e-01,3.775274e-01,7.691004e-03,6.298783e-02
1.286013e-01,8.958478e-03,1.055092e-02,2.350134e-02,2.375868e-02,3.487669e-02,7.003292e-03,1.288984e-02,1.053769e-01,4.690313e-02,6.547732e-02,1.111187e-01,3.473400e-01,8.776144e-03,6.486733e-02
9.085253e-02,6.563595e-03,7.593584e-03,1.745629e-02,1.781428e-02,2.634913e-02,5.260060e-03,9.212820e-03,8.283707e-02,4.538672e-02,6.918683e-02,1.440508e-01,4.205140e-01,8.761130e-03,4.816118e-02
6.459486e-02,4.734237e-03,5.397829e-03,1.429523e-02,1.293428e-02,2.225879e-02,3.948016e-03,6.787464e-03,6.624714e-02,3.862575e-02,7.683123e-02,1.737537e-01,4.640287e-01,7.826775e-03,3.773596e-02
4.537988e-02,3.393769e-03,3.833245e-03,1.107060e-02,9.429694e-03,1.615809e-02,2.804669e-03,5.038539e-03,5.842995e-02,3.482713e-02,6.990083e-02,1.910123e-01,5.158943e-01,6.047232e-03,2.677979e-02
3.209493e-02,2.501151e-03,2.750924e-03,8.113650e-03,1.152506e-02,1.148842e-02,2.255161e-03,4.231327e-03,1.543962e-01,5.179912e-02,5.900113e-02,1.955039e-01,4.406135e-01,4.490639e-03,1.923487e-02
2.302726e-02,2.024272e-03,2.317505e-03,6.285637e-03,1.234501e-02,9.711172e-03,2.254874e-03,4.553749e-03,1.527655e-01,5.716940e-02,7.494212e-02,2.594685e-01,3.759570e-01,3.412049e-03,1.376599e-02
1.686456e-02,1.537839e-03,3.310105e-03,5.070057e-03,2.600609e-02,8.901424e-03,9.229201e-03,8.789837e-02,1.262872e-01,5.952071e-02,8.136333e-02,2.291589e-01,3.320555e-01,2.625606e-03,1.017113e-02
1.279767e-02,1.206925e-03,3.672577e-03,4.827462e-03,3.340413e-02,8.226441e-03,1.345097e-02,1.610650e-01,1.145744e-01,5.084819e-02,7.676074e-02,2.250614e-01,2.848060e-01,1.918341e-03,7.379696e-03
1.189596e-02,1.591922e-03,5.013959e-03,1.082313e-02,3.307062e-02,9.354181e-03,2.161456e-02,2.426139e-01,1.372396e-01,3.949614e-02,6.297524e-02,1.727643e-01,2.438199e-01,1.518729e-03,6.207828e-03
1.695082e-02,2.384869e-03,8.588692e-03,1.957312e-02,5.017355e-02,9.833409e-03,3.307688e-02,2.362893e-01,1.807763e-01,3.905348e-02,5.604044e-02,1.304543e-01,2.068452e-01,1.676624e-03,8.283045e-03
2.005588e-02,2.053734e-03,9.451420e-03,7.130674e-02,6.994300e-02,8.774723e-03,3.041121e-02,3.093209e-01,1.606457e-01,2.762819e-02,4.257138e-02,9.200077e-02,1.483799e-01,1.217628e-03,6.238771e-03
3.653558e-02,2.001329e-03,1.598632e-02,1.799687e-01,7.801246e-02,1.089076e-02,2.895611e-02,2.902657e-01,1.219843e-01,2.125687e-02,3.529933e-02,6.541723e-02,1.066880e-01,1.044386e-03,5.692860e-03
8.784847e-02,6.327348e-03,2.990032e-02,1.951620e-01,1.100654e-01,2.122639e-02,2.889509e-02,2.236874e-01,1.055313e-01,1.704419e-02,3.371798e-02,4.879361e-02,7.912358e-02,1.698494e-03,1.097837e-02
9.062276e-02,8.996698e-03,2.829784e-02,2.757412e-01,1.316979e-01,2.630373e-02,2.306942e-02,1.835054e-01,7.954993e-02,1.271318e-02,2.913875e-02,3.811957e-02,5.943800e-02,2.498899e-03,1.030677e-02
1.143644e-01,1.060671e-02,2.355536e-02,2.456267e-01,1.937667e-01,3.672582e-02,2.351543e-02,1.584821e-01,6.558730e-02,9.931262e-03,2.479479e-02,3.571576e-02,4.570160e-02,2.994567e-03,8.631488e-03
1.488417e-01,1.156761e-02,2.810461e-02,2.066617e-01,1.960198e-01,5.189005e-02,1.932741e-02,1.836379e-01,4.870335e-02,7.542901e-03,2.149124e-02,3.048358e-02,3.529556e-02,3.379816e-03,7.052898e-03
1.288224e-01,8.466428e-03,3.081242e-02,1.510157e-01,1.576851e-01,3.877191e-02,1.455246e-02,3.555496e-01,3.461713e-02,5.448781e-03,1.843237e-02,2.230469e-02,2.588758e-02,2.419707e-03,5.213736e-03
1.210140e-01,6.781035e-03,3.193768e-02,1.117338e-01,1.251993e-01,2.954562e-02,1.239713e-02,4.716927e-01,2.480792e-02,3.976554e-03,1.595395e-02,1.713455e-02,2.146268e-02,1.870665e-03,4.492418e-03
9.989701e-02,5.438015e-03,2.494825e-02,8.347267e-02,1.170789e-01,2.801130e-02,9.652290e-03,5.584437e-01,1.759200e-02,3.110262e-03,1.461239e-02,1.291051e-02,1.882515e-02,1.426656e-03,4.580959e-03
9.125978e-02,4.582001e-03,2.096299e-02,6.447499e-02,1.243861e-01,6.470533e-02,7.938190e-03,5.376932e-01,1.314721e-02,2.348536e-03,1.772295e-02,1.526488e-02,2.885069e-02,1.242399e-03,5.420781e-03
7.457837e-02,3.806766e-03,1.952655e-02,5.201111e-02,9.290664e-02,6.293707e-02,9.790140e-03,4.440025e-01,1.040789e-02,3.783939e-03,3.559259e-02,1.875979e-02,1.440843e-01,1.060788e-03,2.675159e-02
5.437930e-02,2.736852e-03,1.381406e-02,3.703186e-02,6.531772e-02,4.719186e-02,7.309088e-03,3.159939e-01,7.768002e-03,3.004117e-03,2.955245e-02,2.295319e-02,3.722563e-01,9.044679e-04,1.978678e-02
4.206526e-02,2.128300e-03,9.718192e-03,2.802149e-02,4.618651e-02,4.047000e-02,7.324683e-03,2.224218e-01,6.459637e-03,2.937065e-03,2.643114e-02,2.744362e-02,5.219835e-01,1.297399e-03,1.511141e-02
2.953427e-02,1.498795e-03,6.869054e-03,1.979579e-02,3.285971e-02,2.882219e-02,5.168944e-03,1.601065e-01,5.166045e-03,2.190949e-03,2.483584e-02,2.358533e-02,6.477300e-01,9.490539e-04,1.088759e-02
2.082288e-02,1.067940e-03,4.862363e-03,1.407123e-02,2.348957e-02,2.048317e-02,3.656272e-03,1.162197e-01,6.428696e-03,1.706813e-03,2.129718e-02,2.131577e-02,7.359754e-01,7.489782e-04,7.854117e-03
1.464961e-02,8.565701e-04,3.672357e-03,1.070001e-02,1.961518e-02,1.443663e-02,2.609292e-03,1.044734e-01,1.204857e-02,1.685564e-03,2.038173e-02,1.782361e-02,7.698604e-01,7.027369e-04,6.484300e-03
1.036636e-02,1.871622e-03,6.261954e-03,8.368209e-03,1.494577e-02,1.020544e-02,1.905109e-03,9.002475e-02,5.389699e-02,2.212131e-03,2.118682e-02,1.824541e-02,7.300256e-01,4.471798e-03,2.601203e-02
7.384531e-03,6.158235e-03,1.175286e-02,6.529161e-03,1.103127e-02,7.228306e-03,1.445806e-03,7.247267e-02,1.422570e-01,3.399807e-03,2.417404e-02,1.785603e-02,5.731089e-01,1.678299e-02,9.841848e-02
5.370449e-03,6.648133e-03,9.879134e-03,5.001273e-03,8.815914e-03,5.432258e-03,1.054906e-03,5.891564e-02,3.147206e-01,2.655901e-03,1.851292e-02,1.288790e-02,4.045991e-01,1.580429e-02,1.297016e-01
3.940255e-03,1.835746e-02,9.488986e-03,3.939989e-03,8.116343e-03,4.169851e-03,8.367804e-04,5.544484e-02,4.117925e-01,2.293533e-03,1.378421e-02,9.406134e-03,2.872028e-01,1.263160e-02,1.585948e-01
3.145814e-03,2.141599e-02,7.619732e-03,4.409252e-03,6.197030e-03,6.349382e-03,6.009853e-04,4.211168e-02,5.127949e-01,1.837326e-03,1.056331e-02,6.792369e-03,2.024166e-01,1.551397e-02,1.582318e-01
3.028808e-03,2.823073e-02,7.232335e-03,1.372413e-02,5.554537e-03,6.134123e-03,4.884361e-04,4.236739e-02,5.735135e-01,1.627970e-03,9.409221e-03,5.973945e-03,1.471169e-01,2.377420e-02,1.318237e-01
3.215599e-03,5.246101e-02,6.366237e-03,1.887711e-02,5.622409e-03,6.152447e-03,4.845964e-04,3.482097e-02,6.007196e-01,1.567164e-03,7.877072e-03,5.320632e-03,1.093657e-01,2.029615e-02,1.268534e-01
3.559188e-03,7.560289e-02,6.955360e-03,7.646201e-02,4.644960e-03,4.758925e-03,3.636471e-04,2.477483e-02,5.950089e-01,1.157437e-03,9.496939e-03,4.322738e-03,8.387251e-02,1.436584e-02,9.465388e-02
3.716938e-03,6.170345e-02,5.540058e-03,5.847368e-02,3.442213e-03,4.661891e-03,2.804672e-04,1.787024e-02,6.065387e-01,1.000675e-03,3.297006e-02,5.310347e-03,8.025549e-02,1.018834e-02,1.080475e-01
3.312874e-03,4.416083e-02,4.234669e-03,5.032665e-02,2.558751e-03,4.048523e-03,2.415377e-04,1.279049e-02,5.579482e-01,8.469630e-04,3.051578e-02,8.736281e-03,1.768051e-01,7.251184e-03,9.622207e-02
4.689838e-03,3.249195e-02,3.504361e-03,1.076177e-01,2.017661e-03,8.116125e-03,2.801447e-04,9.004515e-03,4.983370e-01,9.567350e-04,3.934437e-02,3.063235e-02,1.850865e-01,5.476680e-03,7.244416e-02
4.423114e-03,2.307294e-02,2.735424e-03,8.701144e-02,1.627100e-03,6.789627e-03,2.842686e-04,6.417008e-03,3.795677e-01,1.042848e-03,5.937896e-02,6.083398e-02,3.012126e-01,4.778825e-03,6.082425e-02
3.907437e-03,1.657579e-02,2.821728e-03,6.619121e-02,3.143837e-03,7.299739e-03,7.250268e-04,5.798287e-03,2.780173e-01,1.944488e-03,8.566287e-02,8.872601e-02,3.831742e-01,3.617177e-03,5.239492e-02
5.252802e-03,1.319980e-02,3.487474e-03,5.156098e-02,2.478281e-02,7.692236e-03,3.280502e-03,5.314952e-03,2.844016e-01,2.447743e-03,9.666086e-02,1.041944e-01,3.524289e-01,2.921873e-03,4.237310e-02
7.963650e-03,3.115509e-02,1.562353e-02,5.276442e-02,2.571957e-02,2.052567e-02,4.745444e-03,5.337261e-03,3.008142e-01,5.537570e-03,7.432403e-02,1.304303e-01,2.812300e-01,4.036990e-03,3.979246e-02
8.201011e-03,4.487957e-02,1.815432e-02,5.220866e-02,2.109945e-02,2.810963e-02,3.771871e-03,5.150265e-03,3.521483e-01,1.030296e-02,6.387722e-02,1.221695e-01,2.267013e-01,4.034363e-03,3.919164e-02
1.178071e-02,7.731494e-02,2.611847e-02,4.357138e-02,2.144306e-02,3.209076e-02,4.221982e-03,5.879516e-03,3.624638e-01,1.522112e-02,4.860983e-02,1.307650e-01,1.753446e-01,3.894784e-03,4.128011e-02
1.869958e-02,8.423840e-02,2.146237e-02,3.307794e-02,2.345605e-02,5.969315e-02,3.964573e-03,8.185422e-03,3.756414e-01,1.425547e-02,3.623965e-02,1.142725e-01,1.673863e-01,3.571248e-03,3.585600e-02
2.300294e-02,8.149400e-02,1.610192e-02,2.591037e-02,2.014851e-02,1.316627e-01,3.762236e-03,8.106824e-03,3.491247e-01,1.201461e-02,2.633449e-02,1.112122e-01,1.611111e-01,2.943481e-03,2.706997e-02
5.220867e-02,8.074920e-02,3.272352e-02,3.852766e-02,4.913711e-02,1.204389e-01,5.861960e-03,1.846350e-02,3.170220e-01,1.634162e-02,2.131371e-02,1.012685e-01,1.215612e-01,2.956032e-03,2.142650e-02
6.490034e-02,1.348533e-01,2.537720e-02,3.185125e-02,4.307111e-02,1.292340e-01,5.326855e-03,1.555678e-02,2.977327e-01,2.249972e-02,1.623024e-02,9.996599e-02,9.356294e-02,2.909769e-03,1.692789e-02
9.396166e-02,1.341596e-01,2.566501e-02,7.995504e-02,4.202360e-02,1.118024e-01,5.682264e-03,1.723441e-02,2.579130e-01,2.948131e-02,1.285039e-02,9.740126e-02,7.380408e-02,2.533330e-03,1.553266e-02
8.528975e-02,1.439658e-01,2.343775e-02,5.767582e-02,3.961817e-02,1.653618e-01,5.888447e-03,1.938394e-02,2.624793e-01,2.341030e-02,1.132107e-02,8.388854e-02,5.910002e-02,2.554804e-03,1.662449e-02
7.999425e-02,1.203400e-01,2.440665e-02,5.437493e-02,4.787925e-02,1.568875e-01,5.714885e-03,3.816633e-02,3.152091e-01,2.436318e-02,8.934285e-03,6.094829e-02,4.435726e-02,2.398903e-03,1.602522e-02
6.526663e-02,9.581923e-02,3.071145e-02,4.312045e-02,3.573365e-02,1.186682e-01,4.191732e-03,3.084162e-02,2.663798e-01,3.740730e-02,7.049082e-03,4.312529e-02,3.287579e-02,2.416462e-03,1.863933e-01
5.080098e-02,7.626486e-02,5.619054e-02,6.476954e-02,2.563753e-02,8.506590e-02,3.128665e-03,2.190338e-02,2.949688e-01,4.630966e-02,1.140167e-02,3.171010e-02,2.542324e-02,3.668804e-03,2.027563e-01
4.032201e-02,6.084002e-02,6.644014e-02,8.189194e-02,1.847607e-02,6.063867e-02,2.433938e-03,1.576132e-02,2.489307e-01,4.428790e-02,2.428210e-02,3.018627e-02,3.510959e-02,1.299079e-02,2.574085e-01
4.971725e-02,4.753118e-02,4.752044e-02,7.868058e-02,1.317497e-02,4.613243e-02,1.807608e-03,1.163918e-02,2.012483e-01,3.236750e-02,3.639740e-02,4.217637e-02,1.673991e-01,1.196522e-02,2.122425e-01
3.733670e-02,3.366518e-02,3.372582e-02,5.856492e-02,1.046581e-02,3.512515e-02,1.360711e-03,8.511652e-03,1.492478e-01,2.334187e-02,4.214827e-02,5.256705e-02,3.473039e-01,8.841272e-03,1.577939e-01
2.861997e-02,2.381470e-02,2.447194e-02,4.139739e-02,9.091543e-03,2.638369e-02,1.116956e-03,7.060700e-03,1.064752e-01,1.677372e-02,3.049495e-02,4.621328e-02,5.189588e-01,7.216318e-03,1.119107e-01
2.179169e-02,1.698910e-02,1.731207e-02,3.011597e-02,7.765732e-03,2.291105e-02,1.034540e-03,8.427871e-03,7.856256e-02,1.207347e-02,2.486583e-02,8.024696e-02,5.899652e-01,7.121897e-03,8.081609e-02
1.620814e-02,1.209719e-02,1.221258e-02,2.175990e-02,5.958498e-03,1.788775e-02,8.787415e-04,7.223434e-03,5.603894e-02,8.544041e-03,1.819324e-02,8.489266e-02,6.756929e-01,5.211510e-03,5.720044e-02
1.272037e-02,8.711973e-03,8.786888e-03,1.582562e-02,5.038728e-03,2.126174e-02,7.602460e-04,6.068620e-03,4.046422e-02,6.154829e-03,1.361616e-02,6.791735e-02,7.469325e-01,4.297761e-03,4.144300e-02
1.665909e-02,6.453116e-03,8.076860e-03,1.253571e-02,5.279677e-03,3.565932e-02,1.005232e-03,8.743234e-03,3.110996e-02,4.748209e-03,1.035317e-02,5.501161e-02,7.699432e-01,4.194804e-03,3.022674e-02
2.075983e-02,7.099872e-03,7.963819e-03,9.327649e-03,5.266147e-03,5.583361e-02,1.063969e-03,8.305139e-03,3.485789e-02,7.114584e-03,8.825650e-03,4.327805e-02,7.533335e-01,9.034513e-03,2.793575e-02
1.852274e-02,1.313613e-02,7.707481e-03,7.028496e-03,7.471123e-03,6.530345e-02,8.989343e-04,6.660194e-03,4.284711e-02,5.540079e-03,6.787555e-03,3.189149e-02,7.548352e-01,7.889316e-03,2.348067e-02
2.173030e-02,1.417856e-02,1.063364e-02,7.157452e-03,1.917692e-02,6.755909e-02,1.543957e-03,9.828693e-03,7.240812e-02,5.462452e-03,6.072786e-03,2.447840e-02,6.994780e-01,8.802204e-03,3.148945e-02
3.698716e-02,2.524140e-02,2.532027e-02,9.411708e-03,1.787287e-02,6.979270e-02,2.038409e-03,1.438481e-02,1.039352e-01,8.453404e-03,6.058923e-03,1.937548e-02,6.108640e-01,8.963816e-03,4.129989e-02
5.039091e-02,3.492922e-02,2.347828e-02,8.736245e-03,2.189257e-02,8.360875e-02,3.925689e-03,1.525671e-02,1.454935e-01,6.634541e-03,4.968192e-03,1.989530e-02,5.426608e-01,6.839633e-03,3.128966e-02
8.433461e-02,6.088388e-02,2.251694e-02,1.008453e-02,4.788774e-02,9.927905e-02,5.333083e-03,1.639758e-02,1.846646e-01,6.292254e-03,4.071761e-03,1.794403e-02,4.066052e-01,5.713107e-03,2.799166e-02
1.075301e-01,6.881727e-02,3.847323e-02,2.898381e-02,4.408448e-02,1.421246e-01,7.460376e-03,1.849249e-02,1.797013e-01,7.837605e-03,3.878061e-03,1.459536e-02,3.071952e-01,4.346428e-03,2.647966e-02
1.218299e-01,5.953828e-02,4.747218e-02,2.238643e-02,3.650012e-02,1.699842e-01,7.128911e-03,3.777360e-02,1.967918e-01,5.920397e-03,3.056976e-03,1.176770e-02,2.555223e-01,3.498806e-03,2.082844e-02
1.279302e-01,4.811341e-02,3.677796e-02,1.721244e-02,2.840920e-02,2.273679e-01,5.654716e-03,9.236173e-02,1.832928e-01,4.295154e-03,2.302216e-03,9.127535e-03,1.988433e-01,2.731031e-03,1.558048e-02
1.394783e-01,4.084624e-02,2.767657e-02,1.388860e-02,2.245750e-02,2.930094e-01,4.545131e-03,8.026794e-02,1.724728e-01,3.133338e-03,1.787585e-03,8.023771e-03,1.782837e-01,2.121737e-03,1.200735e-02
1.480299e-01,4.107882e-02,3.311552e-02,2.318694e-02,2.548635e-02,2.753805e-01,4.209221e-03,8.746760e-02,1.980335e-01,3.281820e-03,1.796962e-03,8.182538e-03,1.315999e-01,1.953747e-03,1.719678e-02
1.660045e-01,3.893731e-02,3.222849e-02,1.888236e-02,2.421998e-02,2.284796e-01,5.142044e-03,1.768952e-01,1.823381e-01,2.721478e-03,1.578119e-03,6.179879e-03,9.804293e-02,2.431099e-03,1.591893e-02
1.683900e-01,3.735733e-02,2.652522e-02,1.468475e-02,2.907934e-02,1.716229e-01,5.072678e-03,2.474414e-01,1.952163e-01,2.465443e-03,1.377483e-03,4.683600e-03,7.558136e-02,3.567931e-03,1.693431e-02
2.202516e-01,5.110503e-02,2.218527e-02,1.112639e-02,2.796031e-02,1.276843e-01,5.671183e-03,2.593232e-01,1.831890e-01,2.909467e-03,1.547053e-03,3.631643e-03,6.093693e-02,3.911744e-03,1.856687e-02
2.707354e-01,5.284790e-02,1.859900e-02,8.706680e-03,2.446261e-02,1.023369e-01,5.445951e-03,2.719735e-01,1.702626e-01,2.559050e-03,1.829745e-03,3.145240e-03,4.748720e-02,3.304073e-03,1.630420e-02
2.378012e-01,4.689362e-02,1.585018e-02,6.935297e-03,2.013602e-02,7.270885e-02,4.880163e-03,4.007445e-01,1.373970e-01,2.057715e-03,1.813117e-03,2.547179e-03,3.420812e-02,2.496441e-03,1.353062e-02
2.070537e-01,3.668528e-02,1.205154e-02,5.270372e-03,1.498623e-02,5.168378e-02,3.974569e-03,5.241700e-01,1.018253e-01,1.510677e-03,1.600305e-03,2.237121e-03,2.491042e-02,1.878303e-03,1.016238e-02
2.018827e-01,2.963286e-02,9.990806e-03,4.067503e-03,1.117942e-02,3.695933e-02,3.180322e-03,5.960733e-01,7.400503e-02,1.152321e-03,1.394516e-03,2.224301e-03,1.849672e-02,1.524727e-03,8.236164e-03
2.511988e-01,2.283720e-02,7.902822e-03,3.857776e-03,8.583535e-03,2.676917e-02,2.562876e-03,5.947724e-01,5.372223e-02,1.116388e-03,1.573310e-03,2.963131e-03,1.352147e-02,1.502550e-03,7.116319e-03
3.266996e-01,2.004803e-02,7.387946e-03,1.645555e-02,7.313192e-03,2.081179e-02,1.920568e-03,5.176071e-01,3.987711e-02,1.610934e-03,6.603057e-03,1.063098e-02,1.250071e-02,1.989133e-03,8.544334e-03
3.518727e-01,1.746560e-02,1.434569e-02,1.052342e-01,9.163637e-03,1.623353e-02,1.572741e-03,3.885555e-01,3.266128e-02,3.161948e-03,1.819803e-02,1.851880e-02,1.319644e-02,2.247212e-03,7.572859e-03
2.904199e-01,1.434049e-02,1.404306e-02,1.861345e-01,7.606251e-03,1.293984e-02,1.192278e-03,2.842744e-01,2.793074e-02,3.745127e-03,1.059719e-01,2.089271e-02,2.023832e-02,3.067454e-03,7.203172e-03
2.278786e-01,1.056284e-02,1.113704e-02,1.634421e-01,6.278143e-03,9.965163e-03,8.907626e-04,2.043385e-01,2.268369e-02,3.585383e-03,2.546245e-01,4.154739e-02,3.291358e-02,3.703227e-03,6.449073e-03
1.864228e-01,9.393625e-03,1.393913e-02,1.665572e-01,5.487643e-03,7.873629e-03,6.824307e-04,1.497599e-01,3.853507e-02,8.378572e-03,3.333964e-01,3.229844e-02,3.594407e-02,4.111870e-03,7.219172e-03
1.677528e-01,8.728578e-03,1.709560e-02,2.000233e-01,5.251391e-03,6.790625e-03,6.592524e-04,1.085545e-01,4.388280e-02,1.384511e-02,3.322813e-01,2.451960e-02,4.757450e-02,6.198623e-03,1.684211e-02
1.226041e-01,6.740242e-03,1.481883e-02,2.914638e-01,5.173240e-03,5.161519e-03,4.941002e-04,7.740364e-02,8.351608e-02,1.049927e-02,3.104012e-01,1.851532e-02,3.568543e-02,5.141350e-03,1.238192e-02
9.412124e-02,5.031674e-03,1.145852e-02,2.443573e-01,5.561599e-03,4.335536e-03,4.569242e-04,5.459465e-02,8.550571e-02,9.059962e-03,3.798534e-01,2.225312e-02,5.367313e-02,6.967969e-03,2.276923e-02
6.943112e-02,4.205255e-03,1.130054e-02,1.867407e-01,1.916338e-02,3.227674e-03,4.355182e-04,3.864546e-02,8.013158e-02,7.429746e-03,4.747884e-01,2.198040e-02,5.319950e-02,8.663042e-03,2.065774e-02
5.925478e-02,5.967238e-03,1.563243e-02,1.429330e-01,2.007749e-02,3.792223e-03,1.141385e-03,5.551402e-02,8.853702e-02,1.370517e-02,4.503372e-01,2.399179e-02,5.837944e-02,1.710424e-02,4.363270e-02
4.974570e-02,1.084335e-02,2.586513e-02,1.087824e-01,2.403486e-02,4.333575e-03,1.465744e-03,5.345948e-02,1.713964e-01,1.170652e-02,4.038411e-01,2.081596e-02,4.863266e-02,1.677741e-02,4.829977e-02
4.598493e-02,1.245598e-02,3.245381e-02,9.670018e-02,4.120411e-02,4.278700e-03,2.030584e-03,4.287424e-02,3.263191e-01,8.386044e-03,2.902458e-01,1.538006e-02,3.484245e-02,1.188702e-02,3.495706e-02
3.570883e-02,1.449456e-02,3.608996e-02,1.777344e-01,3.840807e-02,8.535118e-03,1.771525e-03,3.176343e-02,3.696716e-01,6.464646e-03,2.077423e-01,1.196045e-02,2.614369e-02,8.349220e-03,2.516216e-02
3.312647e-02,1.685874e-02,4.289098e-02,1.471482e-01,4.938331e-02,8.276845e-03,1.790056e-03,2.503563e-02,4.636353e-01,5.387064e-03,1.512240e-01,9.235311e-03,2.059983e-02,6.064934e-03,1.934329e-02
4.189043e-02,1.492326e-02,3.430112e-02,1.232691e-01,7.559446e-02,8.603228e-03,6.764881e-02,3.166734e-02,4.361498e-01,6.681497e-03,1.093640e-01,6.824172e-03,2.343526e-02,4.376379e-03,1.527107e-02
5.850641e-02,1.318533e-02,2.757045e-02,9.349804e-02,9.892885e-02,7.737970e-03,1.345926e-01,4.664673e-02,3.951614e-01,6.414494e-03,7.933152e-02,5.260144e-03,1.835464e-02,3.125630e-03,1.168585e-02
5.628555e-02,1.291472e-02,2.976824e-02,6.889191e-02,1.161505e-01,1.379851e-02,2.243823e-01,6.053875e-02,2.827138e-01,1.791297e-02,7.348281e-02,4.547751e-03,1.908662e-02,3.227796e-03,1.629774e-02
4.315880e-02,9.900418e-03,2.229181e-02,5.387396e-02,9.176927e-02,1.276899e-02,3.213268e-01,4.870809e-02,1.995180e-01,2.018772e-02,1.009635e-01,1.143047e-02,4.330336e-02,2.486321e-03,1.831243e-02
3.107196e-02,7.394109e-03,2.341251e-02,5.535044e-02,7.617446e-02,1.153583e-02,4.136053e-01,5.118123e-02,1.410940e-01,2.009091e-02,8.590274e-02,2.951605e-02,3.687403e-02,1.921157e-03,1.487530e-02
2.314892e-02,6.070052e-03,1.844268e-02,5.289306e-02,5.914822e-02,1.371109e-02,3.332608e-01,4.355552e-02,1.013436e-01,1.808714e-02,1.386503e-01,1.129262e-01,5.962316e-02,5.767330e-03,1.337196e-02
1.648649e-02,4.494093e-03,1.408109e-02,4.732034e-02,4.364456e-02,1.014760e-02,2.353958e-01,3.119927e-02,7.727428e-02,1.968399e-02,2.170222e-01,1.652211e-01,1.016403e-01,5.266981e-03,1.112191e-02
1.303224e-02,3.593505e-03,1.224367e-02,3.943678e-02,3.574213e-02,8.430300e-03,1.692982e-01,2.471699e-02,6.353385e-02,2.270351e-02,2.519645e-01,1.994847e-01,1.417157e-01,4.826065e-03,9.277872e-03
1.109475e-02,3.081543e-03,9.274562e-03,3.445653e-02,3.474027e-02,1.729774e-02,1.288514e-01,1.917605e-02,7.562455e-02,1.833130e-02,1.956207e-01,3.151716e-01,1.262295e-01,4.137036e-03,6.912400e-03
8.759399e-03,2.471564e-03,6.895872e-03,2.957745e-02,2.689442e-02,2.385361e-02,9.128981e-02,1.425847e-02,6.213554e-02,1.498833e-02,1.692491e-01,4.248268e-01,1.154710e-01,4.075935e-03,5.252740e-03
6.502579e-03,2.117805e-03,6.247996e-03,2.519261e-02,2.269523e-02,1.868897e-02,6.443178e-02,1.025669e-02,4.642384e-02,3.613422e-02,2.422598e-01,4.102996e-01,9.967265e-02,4.604239e-03,4.471974e-03
4.843229e-03,1.587284e-03,4.715359e-03,1.815120e-02,4.073872e-02,1.327622e-02,4.534213e-02,7.278092e-03,3.739924e-02,3.531337e-02,3.095813e-01,3.633700e-01,1.096274e-01,5.222674e-03,3.553746e-03
